branch_id_1	branch_id_2	dist_bl	dist_node_num	branch_num_fg_tube	branch_num_fg_pink	branch_num_fg_yellow	branch_num_fg_beakless	branch_num_mg_tube	branch_num_mg_pink	branch_num_mg_yellow	branch_num_mg_beakless	is_fg_tube	is_fg_pink	is_fg_yellow	is_fg_beakless	is_mf_tube	is_mf_pink	is_mf_yellow	is_mf_beakless	is_mg_tube	is_mg_pink	is_mg_yellow	is_mg_beakless	omegaCany2any	omegaCany2dif	omegaCany2spe	omegaCdif2any	omegaCdif2dif	omegaCdif2spe	omegaCspe2any	omegaCspe2dif	omegaCspe2spe	dNCany2any	dNCany2dif	dNCany2spe	dNCdif2any	dNCdif2dif	dNCdif2spe	dNCspe2any	dNCspe2dif	dNCspe2spe	dSCany2any	dSCany2dif	dSCany2spe	dSCdif2any	dSCdif2dif	dSCdif2spe	dSCspe2any	dSCspe2dif	dSCspe2spe	OCNCoD	OCSCoD	OCN_linreg_residual	OCS_linreg_residual	N_sub_1	N_sub_2	S_sub_1	S_sub_2	OCNany2any	OCNany2dif	OCNany2spe	OCNdif2any	OCNdif2dif	OCNdif2spe	OCNspe2any	OCNspe2dif	OCNspe2spe	OCSany2any	OCSany2dif	OCSany2spe	OCSdif2any	OCSdif2dif	OCSdif2spe	OCSspe2any	OCSspe2dif	OCSspe2spe	ECNany2any	ECNany2dif	ECNany2spe	ECNdif2any	ECNdif2dif	ECNdif2spe	ECNspe2any	ECNspe2dif	ECNspe2spe	ECSany2any	ECSany2dif	ECSany2spe	ECSdif2any	ECSdif2dif	ECSdif2spe	ECSspe2any	ECSspe2dif	ECSspe2spe	omegaCany2any_nocalib	omegaCany2dif_nocalib	omegaCany2spe_nocalib	omegaCdif2any_nocalib	omegaCdif2dif_nocalib	omegaCdif2spe_nocalib	omegaCspe2any_nocalib	omegaCspe2dif_nocalib	omegaCspe2spe_nocalib	dSCany2any_nocalib	dSCany2dif_nocalib	dSCany2spe_nocalib	dSCdif2any_nocalib	dSCdif2dif_nocalib	dSCdif2spe_nocalib	dSCspe2any_nocalib	dSCspe2dif_nocalib	dSCspe2spe_nocalib
0	1	0.0634	6	1	1	1	1	0	0	0	0	N	N	N	N	N	N	N	N	N	N	N	N	0.0004	0.0002	0.4978	0.0009	0.0008	231.0791	0.0053	0.0000	0.0367	0.0001	0.0001	0.0001	0.0007	0.0006	0.0024	0.0000	0.0000	0.0000	0.2404	0.3885	0.0001	0.7413	0.8053	0.0000	0.0001	0.0002	0.0001	0.1155	0.0002	-0.0000	-0.0365	1.9237	4.0334	5.6885	14.2895	0.0000	0.0000	0.0000	0.0000	0.0000	0.0000	0.0000	0.0000	0.0000	0.0672	0.0672	0.0000	0.0672	0.0672	0.0000	0.0000	0.0000	0.0000	0.0648	0.0561	0.0087	0.0081	0.0079	0.0002	0.0566	0.0482	0.0085	0.2795	0.1729	0.1066	0.0906	0.0834	0.0072	0.1889	0.0895	0.0994	0.0004	0.0002	0.4978	0.0009	0.0008	231.0791	0.0053	0.0000	0.0367	0.2404	0.3885	0.0001	0.7413	0.8053	0.0000	0.0001	0.0002	0.0001
0	2	0.0574	4	1	1	0	1	0	0	0	0	N	N	N	N	N	N	N	N	N	N	N	N	0.1538	0.1107	0.0000	0.4657	0.4351	0.0000	0.0000	0.0006	0.0007	0.0000	0.0059	0.0060	0.0000	0.0000	0.0000	0.0000	0.0038	0.0061	0.0000	0.0126	0.0138	0.0000	0.0000	0.0000	0.0000	0.0000	0.0038	-0.0000	-0.0001	1.9237	0.9989	5.6885	0.9778	0.0000	0.0000	0.0000	0.0000	0.0000	0.0000	0.0000	0.0000	0.0000	0.0001	0.0001	0.0000	0.0001	0.0001	0.0000	0.0000	0.0000	0.0000	0.0161	0.0138	0.0022	0.0016	0.0015	0.0000	0.0145	0.0123	0.0022	0.0307	0.0190	0.0117	0.0091	0.0083	0.0008	0.0216	0.0106	0.0109	0.1538	0.1107	0.0000	0.4657	0.4351	0.0000	0.0000	0.0000	0.0000	0.0038	0.0061	0.0000	0.0126	0.0138	0.0000	0.0000	0.0000	0.0000		
0	3	0.1965	16	2	1	1	0	0	0	0	0	Y	N	N	N	N	N	N	N	N	N	N	N	0.0000	0.0000	0.0000	0.0000	0.0000	0.0000	0.0000	0.0000	0.0000	0.0000	0.0000	0.0000	0.0000	0.0000	0.0000	0.0000	0.0000	0.0015	0.0000	0.0059	0.0017	0.0000	0.0680	0.0012	0.0000	0.0028	92.5988	0.0000	0.0001	1.9237	0.0000	5.6885	2.0052	0.0000	0.0000	0.0000	0.0000	0.0000	0.0000	0.0000	0.0000	0.0000	0.0001	0.0000	0.0001	0.0001	0.0000	0.0001	0.0001	0.0000	0.0001	0.0002	0.0002	0.0000	0.0001	0.0001	0.0000	0.0001	0.0001	0.0000	0.0826	0.0625	0.0201	0.0380	0.0370	0.0010	0.0446	0.0254	0.0192	0.0000	0.0000	0.0000	0.0000	0.0000	0.0000	0.0000	0.0000	0.0000	0.0015	0.0000	0.0059	0.0017	0.0000	0.0680	0.0012	0.0000	0.0028		
0	4	0.1248	7	1	2	0	0	0	0	0	0	N	Y	N	N	N	N	N	N	N	N	N	N	0.0016	0.0012	0.0000	0.0047	0.0044	0.0000	0.0000	0.0000	0.0000	0.0000	0.0000	0.0000	0.0000	0.0000	0.0000	0.0000	0.0000	0.0000	0.0046	0.0066	0.0000	0.0049	0.0055	0.0002	0.0044	0.0077	0.0000	0.0000	0.0024	-0.0000	-0.0002	1.9237	0.9835	5.6885	6.0524	0.0000	0.0000	0.0000	0.0000	0.0000	0.0000	0.0000	0.0000	0.0000	0.0005	0.0005	0.0000	0.0002	0.0002	0.0000	0.0003	0.0003	0.0000	0.0169	0.0150	0.0018	0.0054	0.0052	0.0002	0.0115	0.0099	0.0016	0.1001	0.0691	0.0310	0.0385	0.0342	0.0043	0.0617	0.0349	0.0268	0.0016	0.0012	0.0000	0.0047	0.0044	0.0000	0.0000	0.0000	0.0000	0.0046	0.0066	0.0000	0.0049	0.0055	0.0002	0.0044	0.0077	0.0000
0	5	0.0946	7	1	1	1	1	0	0	0	0	N	N	N	N	N	N	N	N	N	N	N	N	0.0000	0.0006	0.0000	0.0012	0.0021	0.0000	0.0000	0.0000	0.0000	0.0000	0.0000	0.0000	0.0000	0.0000	0.0000	0.0000	0.0000	4.6555	0.0004	12.7293	0.0014	0.0008	0.0064	6.9953	0.0000	14.1546	0.0000	19822.2541	-0.0000	0.4529	1.9237	8.9974	5.6885	7.9196	0.0000	0.0000	0.0000	0.0000	0.0000	0.0000	0.0000	0.0000	0.0000	0.9910	0.0000	0.9910	0.0001	0.0000	0.0001	0.9909	0.0000	0.9909	0.1368	0.1188	0.0180	0.0164	0.0159	0.0005	0.1204	0.1029	0.0175	0.2129	0.1350	0.0779	0.0712	0.0634	0.0078	0.1417	0.0717	0.0700	0.0000	0.0006	0.0000	0.0012	0.0021	0.0000	0.0000	0.0000	0.0000	4.6555	0.0004	12.7293	0.0014	0.0008	0.0064	6.9953	0.0000	14.1546	
0	6	0.1784	15	2	2	0	0	0	0	0	0	Y	Y	N	N	N	N	N	N	N	N	N	N	0.4323	0.9593	1.0098	2.2410	1.2839	13.6442	0.0000	0.0000	0.0000	0.0030	0.0005	0.0187	0.0087	0.0013	0.5257	0.0000	0.0000	0.0000	0.0070	0.0006	0.0185	0.0039	0.0010	0.0385	0.0088	0.0000	0.0168	5.5761	18.6210	0.0000	0.0003	1.9237	0.0167	5.6885	6.1901	0.0000	0.0000	0.0000	0.0000	0.0000	0.0000	0.0000	0.0000	0.0000	0.0007	0.0000	0.0006	0.0001	0.0000	0.0001	0.0005	0.0000	0.0005	0.0006	0.0005	0.0001	0.0002	0.0002	0.0000	0.0004	0.0003	0.0001	0.0975	0.0626	0.0349	0.0359	0.0332	0.0027	0.0616	0.0294	0.0322	0.4323	0.9593	1.0098	2.2410	1.2839	13.6442	0.0000	0.0000	0.0000	0.0070	0.0006	0.0185	0.0039	0.0010	0.0385	0.0088	0.0000	0.0168
0	7	0.2060	18	2	1	1	0	0	0	0	0	Y	N	N	N	N	N	N	N	N	N	N	N	0.0000	0.0000	0.0000	0.0000	0.0000	0.0000	0.0000	0.0000	0.0000	0.0000	0.0000	0.0000	0.0000	0.0000	0.0000	0.0000	0.0000	0.0000	0.0000	0.0000	0.0000	0.0000	0.0000	0.0000	0.0000	0.0000	5.5087	0.0000	0.0000	1.9237	0.9997	5.6885	1.8904	0.0000	0.0000	0.0000	0.0000	0.0000	0.0000	0.0000	0.0000	0.0000	0.0000	0.0000	0.0000	0.0000	0.0000	0.0000	0.0000	0.0000	0.0000	0.0152	0.0132	0.0019	0.0031	0.0030	0.0001	0.0121	0.0102	0.0018	0.0423	0.0282	0.0141	0.0179	0.0162	0.0016	0.0244	0.0119	0.0125	0.0000	0.0000	0.0000	0.0000	0.0000	0.0000	0.0000	0.0000	0.0000	0.0000	0.0000	0.0000	0.0000	0.0000	0.0000	0.0000	0.0000	0.0000		
0	8	0.1603	12	2	2	0	1	0	0	0	0	Y	Y	N	N	N	N	N	N	N	N	N	N	0.0000	0.0000	0.0000	0.0000	0.0000	0.0000	0.0000	0.0000	0.0000	0.0000	0.0000	0.0000	0.0000	0.0000	0.0000	0.0000	0.0000	0.0000	0.0000	0.0000	1.9237	0.0000	5.6885	0.0000	0.0000	0.0000	0.0000	0.0000	0.0000	0.0000	0.0000	0.0000	0.0000	0.0000	0.0000	0.0000	0.0000	0.0000	0.0000	0.0000	0.0000	0.0000	0.0000	0.0000	0.0000	0.0000	0.0000	0.0000	0.0000	0.0000	0.0000	0.0000	0.0000	0.0000	0.0000	0.0000	0.0000	0.0000	0.0000	0.0000	0.0000	0.0000	0.0000	0.0000	0.0000	0.0000	0.0000	0.0000	0.0000	0.0000	0.0000	0.0000	0.0000	0.0000	0.0000	0.0000	0.0000	0.0000											
0	9	0.2060	18	2	1	1	0	0	0	0	0	Y	N	N	N	N	N	N	N	N	N	N	N	0.0000	0.0000	0.0000	0.0000	0.0000	0.0000	0.0000	0.0000	0.0000	0.0000	0.0000	0.0000	0.0000	0.0000	0.0000	0.0000	0.0005	0.0002	0.0009	0.0004	0.0004	0.0000	0.0005	0.0000	0.0010	2.0281	0.0000	0.0000	1.9237	1.0003	5.6885	3.8877	0.0000	0.0000	0.0000	0.0000	0.0000	0.0000	0.0000	0.0000	0.0000	0.0000	0.0000	0.0000	0.0000	0.0000	0.0000	0.0000	0.0000	0.0000	0.0152	0.0132	0.0019	0.0031	0.0030	0.0001	0.0121	0.0102	0.0018	0.0662	0.0435	0.0227	0.0274	0.0248	0.0026	0.0388	0.0187	0.0201	0.0000	0.0000	0.0000	0.0000	0.0000	0.0000	0.0000	0.0000	0.0000	0.0005	0.0002	0.0009	0.0004	0.0004	0.0000	0.0005	0.0000	0.0010			
0	10	0.2033	17	2	1	1	0	0	0	0	0	Y	N	N	N	N	N	N	N	N	N	N	N	0.0000	0.0000	0.0000	0.0000	0.0000	0.0000	0.0000	0.0000	0.0000	0.0000	0.0000	0.0000	0.0000	0.0000	0.0000	0.0000	0.0000	0.0001	0.0001	0.0000	0.0001	0.0002	0.0000	0.0000	0.0000	0.0000	0.0738	0.0000	-0.0000	1.9237	0.0008	5.6885	1.2348	0.0000	0.0000	0.0000	0.0000	0.0000	0.0000	0.0000	0.0000	0.0000	0.0000	0.0000	0.0000	0.0000	0.0000	0.0000	0.0000	0.0000	0.0000	0.0000	0.0000	0.0000	0.0000	0.0000	0.0000	0.0000	0.0000	0.0000	0.0158	0.0102	0.0056	0.0064	0.0058	0.0006	0.0094	0.0044	0.0050	0.0000	0.0000	0.0000	0.0000	0.0000	0.0000	0.0000	0.0000	0.0000	0.0001	0.0001	0.0000	0.0001	0.0002	0.0000	0.0000	0.0000	0.0000		
0	11	0.0781	6	1	1	1	0	0	0	0	0	N	N	N	N	N	N	N	N	N	N	N	N	0.1381	0.1049	0.0009	0.6146	0.5157	0.0541	0.0000	0.0000	0.0002	0.0999	0.1151	0.0000	0.5113	0.5335	0.0004	0.0000	0.0000	0.0000	0.7235	1.0968	0.0379	0.8319	1.0345	0.0071	0.6052	1.2709	0.0506	0.0000	0.0188	-0.0026	-0.1717	1.9237	4.1301	5.6885	9.5352	0.0069	0.0069	0.0000	0.0069	0.0069	0.0000	0.0000	0.0000	0.0000	0.3274	0.3213	0.0060	0.1963	0.1960	0.0003	0.1311	0.1253	0.0057	0.0692	0.0600	0.0091	0.0135	0.0129	0.0006	0.0556	0.0471	0.0086	0.4525	0.2930	0.1595	0.2360	0.1895	0.0465	0.2165	0.1035	0.1130	0.1381	0.1049	0.0009	0.6146	0.5157	0.0541	0.0000	0.0000	0.0002	0.7235	1.0968	0.0379	0.8319	1.0345	0.0071	0.6052	1.2108	0.0506
0	12	0.1676	14	2	2	0	0	0	0	0	0	Y	Y	N	N	N	N	N	N	N	N	N	N	0.0000	0.0000	0.0000	0.0000	0.0000	0.0000	0.0000	0.0000	0.0000	0.0000	0.0000	0.0000	0.0000	0.0000	0.0000	0.0000	0.0000	0.0004	0.0000	0.0011	0.0009	0.0000	0.0082	0.0001	0.0000	0.0003	60.5889	0.0000	0.0000	1.9237	5.9431	5.6885	4.2945	0.0000	0.0000	0.0000	0.0000	0.0000	0.0000	0.0000	0.0000	0.0000	0.0001	0.0000	0.0001	0.0000	0.0000	0.0000	0.0000	0.0000	0.0000	0.0913	0.0795	0.0119	0.0153	0.0148	0.0005	0.0760	0.0646	0.0114	0.1272	0.0823	0.0450	0.0474	0.0425	0.0049	0.0799	0.0398	0.0401	0.0000	0.0000	0.0000	0.0000	0.0000	0.0000	0.0000	0.0000	0.0000	0.0004	0.0000	0.0011	0.0009	0.0000	0.0082	0.0001	0.0000	0.0003		
0	13	0.1475	12	1	1	1	1	0	0	0	0	N	N	N	N	N	N	N	N	N	N	N	N	0.0000	0.0000	0.0000	0.0000	0.0000	0.0000	0.0000	0.0000	0.0000	0.0000	0.0000	0.0000	0.0000	0.0005	0.0008	0.0000	0.0013	0.0015	0.0000	0.0000	0.0000	0.0000	0.0000	0.0000	-0.0000	1.9237	0.0000	5.6885	3.8697	0.0000	0.0000	0.0000	0.0000	0.0000	0.0000	0.0000	0.0000	0.0000	0.0000	0.0000	0.0000	0.0000	0.0000	0.0000	0.0000	0.0000	0.0000	0.0000	0.0000	0.0000	0.0000	0.0000	0.0000	0.0000	0.0000	0.0000	0.0527	0.0346	0.0182	0.0206	0.0183	0.0023	0.0321	0.0162	0.0159	0.0000	0.0000	0.0000	0.0000	0.0000	0.0000	0.0000	0.0000	0.0000	0.0005	0.0008	0.0000	0.0013	0.0015	0.0000	0.0000	0.0000	0.0000						
0	14	0.1898	16	1	2	0	0	0	0	0	0	N	Y	N	N	N	N	N	N	N	N	N	N	0.7873	0.5833	0.0000	1.6137	1.5114	0.0000	0.0020	inf	0.0000	0.0284	0.0327	0.0000	0.1587	0.1647	0.0000	0.0000	0.0000	0.0000	0.0361	0.0561	0.0007	0.0983	0.1090	0.0029	0.0002	0.0000	0.0004	0.0000	0.0066	-0.0008	-0.0032	1.9237	4.8103	5.6885	9.0653	0.0021	0.0021	0.0000	0.0021	0.0021	0.0000	0.0000	0.0000	0.0000	0.0059	0.0059	0.0000	0.0059	0.0059	0.0000	0.0000	0.0000	0.0000	0.0750	0.0651	0.0099	0.0134	0.0129	0.0005	0.0616	0.0522	0.0094	0.1647	0.1052	0.0594	0.0602	0.0542	0.0060	0.1045	0.0511	0.0534	0.7873	0.5833	0.0000	1.6137	1.5114	0.0000	0.0020	inf	0.0000	0.0361	0.0561	0.0007	0.0983	0.1090	0.0029	0.0002	0.0000	0.0004
0	15	0.1475	12	1	1	0	1	0	0	0	0	N	N	N	N	N	N	N	N	N	N	N	N	0.0000	0.0000	0.0000	0.0000	0.0000	0.0000	0.0000	0.0000	0.0000	0.0000	0.0000	0.0000	0.0000	0.0003	0.0004	0.0000	0.0007	0.0008	0.0000	0.0000	0.0000	0.0000	0.0000	0.0000	-0.0000	1.9237	1.0000	5.6885	3.8697	0.0000	0.0000	0.0000	0.0000	0.0000	0.0000	0.0000	0.0000	0.0000	0.0000	0.0000	0.0000	0.0000	0.0000	0.0000	0.0000	0.0000	0.0000	0.0154	0.0133	0.0021	0.0023	0.0022	0.0001	0.0131	0.0111	0.0020	0.0650	0.0426	0.0224	0.0253	0.0224	0.0028	0.0398	0.0202	0.0195	0.0000	0.0000	0.0000	0.0000	0.0000	0.0000	0.0000	0.0000	0.0000	0.0003	0.0004	0.0000	0.0007	0.0008	0.0000	0.0000	0.0000	0.0000						
0	16	0.1013	8	1	2	0	1	0	0	0	0	N	Y	N	N	N	N	N	N	N	N	N	N	0.0000	0.0000	0.0000	0.0000	0.0000	0.0000	0.0000	0.0000	0.0000	0.0000	0.0000	0.0000	0.0000	0.0000	0.0000	0.0000	0.0000	0.0009	0.0014	0.0000	0.0019	0.0021	0.0000	0.0003	0.0007	0.0000	0.0002	0.0000	-0.0000	1.9237	0.0040	5.6885	5.7722	0.0000	0.0000	0.0000	0.0000	0.0000	0.0000	0.0000	0.0000	0.0000	0.0001	0.0001	0.0000	0.0001	0.0001	0.0000	0.0000	0.0000	0.0000	0.0001	0.0001	0.0000	0.0000	0.0000	0.0000	0.0001	0.0001	0.0000	0.0809	0.0526	0.0284	0.0281	0.0252	0.0028	0.0529	0.0273	0.0255	0.0000	0.0000	0.0000	0.0000	0.0000	0.0000	0.0000	0.0000	0.0000	0.0009	0.0014	0.0000	0.0019	0.0021	0.0000	0.0003	0.0007	0.0000		
0	17	0.2050	18	1	2	0	0	0	0	0	0	N	Y	N	N	N	N	N	N	N	N	N	N	0.0000	0.0000	0.0000	0.0000	0.0000	0.0000	0.0000	0.0000	0.0000	0.0000	0.0000	0.0000	0.0000	0.0000	0.0000	0.0000	0.0000	0.0000	15.8836	11.3346	43.9612	19.8340	21.3808	0.0450	13.7307	0.0118	45.1328	1.1224	0.0000	-0.0261	1.9237	1.0133	5.6885	7.9669	0.0000	0.0000	0.0000	0.0000	0.0000	0.0000	0.0000	0.0000	0.0000	1.8511	0.8722	0.9790	0.8719	0.8717	0.0002	0.9792	0.0004	0.9788	0.0157	0.0136	0.0020	0.0031	0.0030	0.0001	0.0125	0.0106	0.0019	0.1165	0.0769	0.0396	0.0452	0.0408	0.0045	0.0713	0.0362	0.0351	0.0000	0.0000	0.0000	0.0000	0.0000	0.0000	0.0000	0.0000	0.0000	15.8836	11.3346	24.7236	19.2780	21.3808	0.0450	13.7307	0.0118	27.8544	
0	18	0.1543	13	1	2	0	1	0	0	0	0	N	Y	N	N	N	N	N	N	N	N	N	N	0.0000	0.0000	0.0000	0.0000	0.0000	0.0000	0.0000	0.0000	0.0000	0.0000	0.0000	0.0000	0.0000	0.0000	0.0000	0.0000	0.0000	0.0000	0.0000	0.0000	0.0000	0.0000	0.0000	0.0000	0.0000	0.0000	0.0000	0.7619	0.0000	-0.0000	1.9237	0.9988	5.6885	1.0036	0.0000	0.0000	0.0000	0.0000	0.0000	0.0000	0.0000	0.0000	0.0000	0.0000	0.0000	0.0000	0.0000	0.0000	0.0000	0.0000	0.0000	0.0000	0.0154	0.0134	0.0020	0.0023	0.0022	0.0001	0.0131	0.0111	0.0020	0.0260	0.0173	0.0087	0.0104	0.0091	0.0013	0.0156	0.0082	0.0074	0.0000	0.0000	0.0000	0.0000	0.0000	0.0000	0.0000	0.0000	0.0000	0.0000	0.0000	0.0000	0.0000	0.0000	0.0000	0.0000	0.0000	0.0000	
0	19	0.1366	9	2	2	0	0	0	0	0	0	Y	Y	N	N	N	N	N	N	N	N	N	N	0.0020	1.5422	0.0000	0.7655	1.5495	0.0000	0.0000	0.0000	0.0000	0.0004	0.0004	0.0000	0.0007	0.0008	0.0000	0.0000	0.0000	0.0000	0.1769	0.0003	0.5379	0.0010	0.0005	0.0056	0.2805	0.0000	0.5968	0.0000	1027.0700	-0.0000	0.0053	1.9237	0.0025	5.6885	5.0336	0.0000	0.0000	0.0000	0.0000	0.0000	0.0000	0.0000	0.0000	0.0000	0.0115	0.0000	0.0115	0.0000	0.0000	0.0000	0.0115	0.0000	0.0115	0.0001	0.0001	0.0000	0.0001	0.0001	0.0000	0.0001	0.0001	0.0000	0.0652	0.0438	0.0214	0.0242	0.0221	0.0021	0.0410	0.0218	0.0193	0.0020	1.5422	0.0000	0.7655	1.5495	0.0000	0.0000	0.0000	0.0000	0.1769	0.0003	0.5379	0.0010	0.0005	0.0056	0.2805	0.0000	0.5968
0	20	0.1449	12	1	2	0	0	0	0	0	0	N	Y	N	N	N	N	N	N	N	N	N	N	0.0000	0.0000	31.8058	0.0000	0.0000	0.0000	0.0136	0.0000	35.5169	0.0000	0.0000	0.0002	0.0000	0.0000	0.0000	0.0000	0.0000	0.0002	7.3391	11.0079	0.0000	16.3503	18.4882	0.0000	0.0023	0.0047	0.0000	inf	0.0000	0.0000	-0.4685	1.9237	1.9984	5.6885	3.0609	0.0000	0.0000	0.0000	0.0000	0.0000	0.0000	0.0000	0.0000	0.0000	0.8629	0.8629	0.0000	0.8627	0.8627	0.0000	0.0001	0.0001	0.0000	0.0423	0.0371	0.0051	0.0099	0.0097	0.0002	0.0324	0.0275	0.0049	0.1176	0.0784	0.0392	0.0541	0.0467	0.0074	0.0635	0.0317	0.0318	0.0000	0.0000	31.8058	0.0000	0.0000	0.0000	0.0136	0.0000	35.5169	7.3391	11.0079	0.0000	15.9485	18.4882	0.0000	0.0023	0.0047	0.0000
0	21	0.0946	7	1	1	0	1	0	0	0	0	N	N	N	N	N	N	N	N	N	N	N	N	76.6640	0.0000	291.7593	0.0000	0.0000	0.0000	79.2073	272.0561	0.0455	0.0000	0.3430	0.0000	0.0000	0.0000	0.0518	0.0000	0.3529	0.0006	0.0003	0.0012	0.0005	0.0005	0.0000	0.0007	0.0000	0.0013	inf	2.5376	0.0009	0.0000	1.9237	2.0028	5.6885	2.2704	0.0014	0.0000	0.0014	0.0000	0.0000	0.0000	0.0014	0.0000	0.0014	0.0000	0.0000	0.0000	0.0000	0.0000	0.0000	0.0000	0.0000	0.0000	0.0316	0.0274	0.0042	0.0038	0.0037	0.0001	0.0278	0.0237	0.0041	0.0614	0.0391	0.0222	0.0214	0.0193	0.0021	0.0400	0.0198	0.0202	76.6640	0.0000	291.7593	0.0000	0.0000	0.0000	79.2073	0.0000	272.0561	0.0006	0.0003	0.0012	0.0005	0.0005	0.0000	0.0007	0.0000	0.0013	
0	22	0.2069	18	2	1	1	0	0	0	0	0	Y	N	N	N	N	N	N	N	N	N	N	N	0.0000	0.0000	0.0000	0.0000	0.0000	0.0000	0.0000	0.0000	0.0000	0.0000	0.0000	0.0000	0.0000	0.0000	0.0000	0.0000	0.0000	0.0000	0.0000	0.0000	1.9237	0.0000	5.6885	2.0000	0.0000	0.0000	0.0000	0.0000	0.0000	0.0000	0.0000	0.0000	0.0000	0.0000	0.0000	0.0000	0.0000	0.0000	0.0000	0.0000	0.0000	0.0000	0.0000	0.0000	0.0000	0.0000	0.0000	0.0000	0.0000	0.0000	0.0000	0.0245	0.0159	0.0087	0.0091	0.0082	0.0009	0.0154	0.0077	0.0077	0.0000	0.0000	0.0000	0.0000	0.0000	0.0000	0.0000	0.0000	0.0000	0.0000	0.0000	0.0000	0.0000	0.0000	0.0000	0.0000	0.0000	0.0000											
0	23	0.1388	10	1	2	0	0	0	0	0	0	N	Y	N	N	N	N	N	N	N	N	N	N	0.0025	0.0006	0.0222	0.0055	0.0015	0.1097	0.0005	0.0005	0.0015	0.0000	0.0000	0.0002	0.0002	0.0000	0.0028	0.0000	0.0000	0.0000	0.0139	0.0163	0.0091	0.0308	0.0312	0.0259	0.0036	0.0001	0.0074	2.8357	0.2710	0.0000	-0.0009	1.9237	4.1010	5.6885	9.0979	0.0000	0.0000	0.0000	0.0000	0.0000	0.0000	0.0000	0.0000	0.0000	0.0029	0.0023	0.0006	0.0024	0.0023	0.0002	0.0005	0.0000	0.0005	0.0669	0.0582	0.0086	0.0134	0.0128	0.0006	0.0535	0.0454	0.0080	0.2064	0.1389	0.0675	0.0785	0.0723	0.0062	0.1279	0.0666	0.0613	0.0025	0.0006	0.0222	0.0055	0.0015	0.1097	0.0005	0.0005	0.0015	0.0139	0.0163	0.0091	0.0308	0.0312	0.0259	0.0036	0.0001	0.0074
0	24	0.1676	13	2	2	0	0	0	0	0	0	Y	Y	N	N	N	N	N	N	N	N	N	N	0.0000	0.0000	0.0000	0.0000	0.0000	0.0000	0.0000	0.0000	0.0000	0.0000	0.0000	0.0000	0.0000	0.0000	0.0000	0.0000	0.0000	0.0002	0.0003	0.0000	0.0005	0.0006	0.0000	0.0000	0.0000	0.0000	0.0187	0.0000	-0.0000	1.9237	7.0513	5.6885	11.7448	0.0000	0.0000	0.0000	0.0000	0.0000	0.0000	0.0000	0.0000	0.0000	0.0000	0.0000	0.0000	0.0000	0.0000	0.0000	0.0000	0.0000	0.0000	0.1074	0.0935	0.0140	0.0179	0.0173	0.0006	0.0895	0.0762	0.0134	0.2226	0.1440	0.0786	0.0823	0.0737	0.0086	0.1403	0.0703	0.0701	0.0000	0.0000	0.0000	0.0000	0.0000	0.0000	0.0000	0.0000	0.0000	0.0002	0.0003	0.0000	0.0005	0.0006	0.0000	0.0000	0.0000	0.0000		
0	25	0.2068	11	1	2	0	0	0	0	0	0	N	Y	N	N	N	N	N	N	N	N	N	N	3.4551	13.9530	0.0007	13.4249	47.4827	0.0040	0.0035	0.0180	0.0000	0.0247	0.0281	0.0000	0.1156	0.1194	0.0002	0.0000	0.0000	0.0000	0.0071	0.0020	0.0165	0.0086	0.0025	0.0529	0.0061	0.0014	0.0106	0.0001	4.5001	-0.0008	0.0003	1.9237	4.7974	5.6885	5.1989	0.0021	0.0021	0.0000	0.0021	0.0021	0.0000	0.0000	0.0000	0.0000	0.0010	0.0002	0.0008	0.0005	0.0001	0.0003	0.0005	0.0001	0.0004	0.0848	0.0745	0.0103	0.0181	0.0175	0.0006	0.0667	0.0570	0.0097	0.1350	0.0871	0.0479	0.0545	0.0479	0.0066	0.0805	0.0392	0.0413	3.4551	13.9530	0.0007	13.4249	47.4827	0.0040	0.0035	0.0180	0.0000	0.0071	0.0020	0.0165	0.0086	0.0025	0.0529	0.0061	0.0014	0.0106
0	26	0.0634	6	2	2	0	0	0	0	0	0	Y	Y	N	N	N	N	N	N	N	N	N	N	0.0000	0.0004	0.0000	0.0017	0.0014	0.2116	0.0000	0.0000	0.0000	0.0002	0.0002	0.0001	0.0012	0.0011	0.0047	0.0000	0.0000	0.0000	3.9492	0.3851	9.7262	0.7297	0.7895	0.0221	5.5141	0.0002	10.4204	0.1155	15.5802	-0.0000	0.4157	1.9237	2.0195	5.6885	15.0171	0.0000	0.0000	0.0000	0.0000	0.0000	0.0000	0.0000	0.0000	0.0000	1.0478	0.0632	0.9846	0.0633	0.0632	0.0001	0.9845	0.0000	0.9845	0.0336	0.0291	0.0045	0.0046	0.0044	0.0001	0.0291	0.0247	0.0044	0.2653	0.1641	0.1012	0.0868	0.0800	0.0068	0.1785	0.0841	0.0945	0.0000	0.0004	0.0000	0.0017	0.0014	0.2116	0.0000	0.0000	0.0000	3.9492	0.3851	9.7262	0.7297	0.7895	0.0221	5.5141	0.0002	10.4204
0	27	0.0547	5	1	1	0	0	0	0	0	0	N	N	N	N	N	N	N	N	N	N	N	N	0.0039	0.0029	0.0032	0.0066	0.0070	2.3450	0.0003	0.0000	0.0015	0.0061	0.0066	0.0019	0.0220	0.0218	0.0437	0.0001	0.0000	0.0009	1.5437	2.2488	0.5950	3.3636	3.1268	0.0186	0.4436	0.0146	0.6108	0.0369	0.1967	-0.0001	-0.1102	1.9237	1.6438	5.6885	3.3228	0.0003	0.0003	0.0000	0.0003	0.0003	0.0000	0.0000	0.0000	0.0000	0.2910	0.2431	0.0478	0.2427	0.2427	0.0000	0.0482	0.0004	0.0478	0.0454	0.0403	0.0051	0.0123	0.0122	0.0001	0.0331	0.0281	0.0050	0.1885	0.1081	0.0804	0.0798	0.0776	0.0021	0.1087	0.0305	0.0782	0.0039	0.0029	0.0032	0.0072	0.0070	2.3450	0.0003	0.0000	0.0015	1.5437	2.2488	0.5950	3.0434	3.1268	0.0186	0.4436	0.0146	0.6108
0	28	0.1809	15	1	2	0	0	0	0	0	0	N	Y	N	N	N	N	N	N	N	N	N	N	0.0000	0.0000	0.0000	0.0000	0.0000	0.0000	0.0000	0.0000	0.0000	0.0000	0.0000	0.0000	0.0000	0.0000	0.0000	0.0000	0.0000	0.0000	3.2510	5.0852	0.0024	4.2397	4.2844	0.0038	2.9381	5.9170	0.0023	0.0003	0.0000	-0.4146	1.9237	3.0409	5.6885	16.1393	0.0000	0.0000	0.0000	0.0000	0.0000	0.0000	0.0000	0.0000	0.0000	0.7640	0.7637	0.0002	0.3141	0.3140	0.0000	0.4499	0.4497	0.0002	0.0475	0.0415	0.0060	0.0100	0.0097	0.0003	0.0375	0.0318	0.0057	0.2350	0.1502	0.0848	0.0819	0.0742	0.0077	0.1531	0.0760	0.0771	0.0000	0.0000	0.0000	0.0000	0.0000	0.0000	0.0000	0.0000	0.0000	3.2510	5.0852	0.0024	3.8362	4.2330	0.0038	2.9381	5.9170	0.0023	
0	29	0.1760	15	1	2	0	0	0	0	0	0	N	Y	N	N	N	N	N	N	N	N	N	N	0.0000	0.0000	0.0000	0.0000	0.0000	0.0000	0.0000	0.0000	0.0000	0.0000	0.0000	0.0000	0.0000	0.0000	0.0000	0.0000	0.0000	0.0000	10.1030	7.5044	14.8503	14.2043	15.7798	0.0304	8.0438	0.0000	16.0327	1.1283	0.0000	-0.0237	1.9237	4.0695	5.6885	11.0027	0.0000	0.0000	0.0000	0.0000	0.0000	0.0000	0.0000	0.0000	0.0000	1.8509	0.8696	0.9812	0.8698	0.8696	0.0002	0.9810	0.0000	0.9810	0.0638	0.0556	0.0082	0.0117	0.0114	0.0004	0.0521	0.0442	0.0079	0.1832	0.1159	0.0673	0.0612	0.0551	0.0061	0.1220	0.0608	0.0612	0.0000	0.0000	0.0000	0.0000	0.0000	0.0000	0.0000	0.0000	0.0000	10.1030	7.5044	14.5765	14.2043	15.7798	0.0304	8.0438	0.0000	16.0327	
0	30	0.0574	4	1	2	1	1	0	0	0	0	N	Y	N	N	N	N	N	N	N	N	N	N	45.2621	31.5622	0.0000	38.5175	35.1104	0.0000	0.0000	0.0000	0.1084	0.1220	0.0000	0.3177	0.3185	0.0000	0.0000	0.0000	0.0000	0.0024	0.0039	0.0001	0.0082	0.0091	0.0004	0.0000	0.0000	0.0001	0.0000	0.0124	-0.0000	-0.0001	1.9237	0.0021	5.6885	3.0281	0.0000	0.0000	0.0000	0.0000	0.0000	0.0000	0.0000	0.0000	0.0000	0.0001	0.0001	0.0000	0.0001	0.0001	0.0000	0.0000	0.0000	0.0000	0.0001	0.0001	0.0000	0.0000	0.0000	0.0000	0.0001	0.0000	0.0000	0.0448	0.0274	0.0174	0.0129	0.0117	0.0012	0.0319	0.0157	0.0162	45.2621	31.5622	0.0000	38.5175	35.1104	0.0000	0.0000	0.0000	0.0000	0.0024	0.0039	0.0001	0.0082	0.0091	0.0004	0.0000	0.0000	0.0001	
0	31	0.0347	3	1	1	0	1	0	0	0	0	N	N	N	N	N	N	N	N	N	N	N	N	2.1630	1.7038	0.3175	2.6425	2.4708	0.0000	0.0494	0.0000	0.3032	0.8821	1.1821	0.0004	3.6479	3.6626	0.0000	0.0001	0.0000	0.0004	0.4078	0.6938	0.0013	1.3805	1.4824	0.0000	0.0027	0.0045	0.0013	0.0001	0.0013	-0.0281	-0.0396	1.9237	3.2874	5.6885	7.1999	0.0738	0.0738	0.0000	0.0738	0.0738	0.0000	0.0000	0.0000	0.0000	0.0732	0.0731	0.0001	0.0728	0.0728	0.0000	0.0003	0.0003	0.0001	0.0837	0.0625	0.0212	0.0202	0.0202	0.0001	0.0635	0.0423	0.0212	0.1794	0.1053	0.0741	0.0527	0.0491	0.0036	0.1266	0.0562	0.0704	2.1630	1.7038	0.3175	2.6425	2.4708	0.0000	0.0494	0.0000	0.3032	0.4078	0.6938	0.0013	1.3805	1.4824	0.0000	0.0027	0.0045	0.0013
0	32	0.1160	9	1	2	0	0	0	0	0	0	N	Y	N	N	N	N	N	N	N	N	N	N	0.0018	0.0000	0.0050	0.7879	0.0000	3186.8971	0.0000	0.0000	0.0000	0.0001	0.0000	0.0006	0.0004	0.0000	0.0220	0.0000	0.0000	0.0000	0.0411	0.0003	0.1148	0.0005	0.0006	0.0000	0.0623	0.0000	0.1256	inf	220.8258	0.0000	0.0054	1.9237	4.3545	5.6885	19.4857	0.0000	0.0000	0.0000	0.0000	0.0000	0.0000	0.0000	0.0000	0.0000	0.0118	0.0001	0.0118	0.0001	0.0001	0.0000	0.0118	0.0000	0.0118	0.0790	0.0689	0.0101	0.0136	0.0133	0.0003	0.0655	0.0556	0.0098	0.2881	0.1855	0.1026	0.0989	0.0902	0.0088	0.1892	0.0954	0.0938	0.0018	0.0000	0.0050	0.7879	0.0000	3186.8971	0.0000	0.0000	0.0000	0.0411	0.0003	0.1148	0.0005	0.0006	0.0000	0.0623	0.0000	0.1256
0	33	0.1604	13	2	2	0	0	0	0	0	0	Y	Y	N	N	N	N	N	N	N	N	N	N	0.0000	0.0000	0.0000	0.0000	0.0000	0.0000	0.0000	0.0000	0.0000	0.0000	0.0000	0.0000	0.0000	0.0000	0.0000	0.0000	0.0000	0.0000	0.0000	0.0000	1.9237	0.0000	5.6885	0.0000	0.0000	0.0000	0.0000	0.0000	0.0000	0.0000	0.0000	0.0000	0.0000	0.0000	0.0000	0.0000	0.0000	0.0000	0.0000	0.0000	0.0000	0.0000	0.0000	0.0000	0.0000	0.0000	0.0000	0.0000	0.0000	0.0000	0.0000	0.0000	0.0000	0.0000	0.0000	0.0000	0.0000	0.0000	0.0000	0.0000	0.0000	0.0000	0.0000	0.0000	0.0000	0.0000	0.0000	0.0000	0.0000	0.0000	0.0000	0.0000	0.0000	0.0000	0.0000	0.0000	0.0000	0.0000											
0	34	0.0547	5	1	2	0	1	0	0	0	0	N	Y	N	N	N	N	N	N	N	N	N	N	0.0482	76.9511	0.0192	75.9805	313.0662	0.3245	0.0047	0.0048	0.0185	0.0850	0.0852	0.0842	0.4571	0.4648	0.0245	0.0127	0.0000	0.0855	1.7630	0.0011	4.3920	0.0060	0.0015	0.0754	2.6899	0.0007	4.6325	0.1445	2659.8811	-0.0026	0.2787	1.9237	6.4588	5.6885	12.7561	0.0101	0.0088	0.0013	0.0088	0.0088	0.0000	0.0013	0.0000	0.0013	0.6103	0.0002	0.6100	0.0007	0.0002	0.0006	0.6095	0.0001	0.6095	0.1186	0.1035	0.0151	0.0193	0.0190	0.0003	0.0993	0.0846	0.0148	0.3462	0.2073	0.1389	0.1196	0.1122	0.0073	0.2266	0.0950	0.1316	0.0482	76.9511	0.0192	75.9805	313.0662	0.3245	0.0047	0.0048	0.0185	1.7630	0.0011	4.3920	0.0060	0.0015	0.0754	2.6899	0.0007	4.6325
0	35	0.0490	4	1	1	0	0	0	0	0	0	N	N	N	N	N	N	N	N	N	N	N	N	0.0038	0.0024	0.0136	0.0062	0.0062	0.0596	0.0030	0.0000	0.0141	0.0072	0.0041	0.0294	0.0144	0.0147	0.0038	0.0047	0.0000	0.0314	1.8943	1.6961	2.1596	2.3006	2.3683	0.0637	1.6002	0.0361	2.2219	0.9826	0.9507	0.0001	-0.0206	1.9237	2.5642	5.6885	2.5472	0.0004	0.0002	0.0002	0.0002	0.0002	0.0000	0.0002	0.0000	0.0002	0.3709	0.1901	0.1807	0.1891	0.1889	0.0002	0.1818	0.0012	0.1806	0.0624	0.0548	0.0076	0.0159	0.0154	0.0005	0.0465	0.0395	0.0070	0.1958	0.1121	0.0837	0.0822	0.0798	0.0024	0.1136	0.0323	0.0813	0.0038	0.0024	0.0136	0.0062	0.0062	0.0596	0.0030	0.0000	0.0141	1.8943	1.6961	2.1596	2.3006	2.3683	0.0637	1.6002	0.0361	2.2219
0	36	0.0757	7	1	1	1	0	0	0	0	0	N	N	N	N	N	N	N	N	N	N	N	N	0.0000	0.0000	0.0000	0.0000	0.0000	0.0000	0.0000	0.0000	0.0000	0.0000	0.0000	0.0000	0.0000	0.0000	0.0000	0.0000	0.0000	0.0002	0.0003	0.0000	0.0004	0.0005	0.0000	0.0001	0.0002	0.0000	0.0003	0.0000	-0.0000	1.9237	1.0000	5.6885	2.0003	0.0000	0.0000	0.0000	0.0000	0.0000	0.0000	0.0000	0.0000	0.0000	0.0000	0.0000	0.0000	0.0000	0.0000	0.0000	0.0000	0.0000	0.0000	0.0157	0.0136	0.0021	0.0023	0.0022	0.0001	0.0134	0.0114	0.0020	0.0377	0.0234	0.0143	0.0108	0.0096	0.0012	0.0269	0.0139	0.0131	0.0000	0.0000	0.0000	0.0000	0.0000	0.0000	0.0000	0.0000	0.0000	0.0002	0.0003	0.0000	0.0004	0.0005	0.0000	0.0001	0.0002	0.0000		
0	37	0.0579	6	1	2	0	0	0	0	0	0	N	Y	N	N	N	N	N	N	N	N	N	N	0.1569	0.1084	35.4105	0.3840	0.4093	8457.3694	0.2198	0.0000	3.5907	0.1922	0.2253	0.0038	1.3570	1.3843	0.1594	0.0001	0.0000	0.0004	1.2252	2.0785	0.0001	3.5336	3.3821	0.0000	0.0003	0.0006	0.0001	0.0029	0.0000	-0.0024	-0.1642	1.9237	1.9619	5.6885	8.3400	0.0064	0.0064	0.0000	0.0064	0.0064	0.0000	0.0000	0.0000	0.0000	0.3025	0.3025	0.0000	0.3025	0.3025	0.0000	0.0000	0.0000	0.0000	0.0332	0.0282	0.0050	0.0047	0.0046	0.0001	0.0285	0.0236	0.0048	0.2469	0.1455	0.1014	0.0937	0.0894	0.0043	0.1532	0.0561	0.0971	0.1569	0.1084	35.4105	0.4205	0.4093	8457.3694	0.2198	0.0000	3.5907	1.2252	2.0785	0.0001	3.2270	3.3821	0.0000	0.0003	0.0006	0.0001
0	38	0.1884	15	2	1	1	0	0	0	0	0	Y	N	N	N	N	N	N	N	N	N	N	N	0.0032	10.5019	0.0000	0.9166	13.4149	0.0000	0.0000	0.0000	0.0018	0.0021	0.0000	0.0045	0.0045	0.0000	0.0000	0.0000	0.0000	0.5573	0.0002	1.4452	0.0049	0.0003	0.0739	0.8957	0.0000	1.5343	0.0000	4623.4247	-0.0000	0.0221	1.9237	0.0095	5.6885	5.0631	0.0000	0.0000	0.0000	0.0000	0.0000	0.0000	0.0000	0.0000	0.0000	0.0485	0.0000	0.0485	0.0002	0.0000	0.0002	0.0483	0.0000	0.0483	0.0004	0.0003	0.0000	0.0002	0.0002	0.0000	0.0002	0.0002	0.0000	0.0870	0.0534	0.0335	0.0330	0.0310	0.0020	0.0539	0.0224	0.0315	0.0032	10.5019	0.0000	0.9166	13.4149	0.0000	0.0000	0.0000	0.0000	0.5573	0.0002	1.4452	0.0049	0.0003	0.0739	0.8957	0.0000	1.5343	
0	39	0.0347	3	1	2	0	0	0	0	0	0	N	Y	N	N	N	N	N	N	N	N	N	N	41.4680	0.0602	2621104.1629	0.0575	0.0517	320610.1824	14454.8413	0.0000	2523886.7707	16.5921	0.0410	49.5852	0.0801	0.0776	1.4560	25.5610	0.0000	49.6754	0.4001	0.6804	0.0000	1.3925	1.5015	0.0000	0.0018	0.0039	0.0000	607.2171	0.0000	0.5184	-0.0435	1.9237	1.1272	5.6885	11.0864	0.8398	0.0014	0.8384	0.0014	0.0014	0.0000	0.8384	0.0000	0.8384	0.0801	0.0801	0.0000	0.0798	0.0798	0.0000	0.0003	0.0003	0.0000	0.0506	0.0337	0.0169	0.0178	0.0178	0.0000	0.0328	0.0159	0.0169	0.2001	0.1177	0.0824	0.0573	0.0532	0.0042	0.1428	0.0645	0.0783	41.4680	0.0602	2621104.1629	0.0575	0.0517	320610.1824	14454.8413	0.0000	2523886.7707	0.4001	0.6804	0.0000	1.3925	1.5015	0.0000	0.0018	0.0039	0.0000
0	40	0.0347	2	1	1	0	0	0	0	0	0	N	N	N	N	N	N	N	N	N	N	N	N	1.3955	1.2871	1.5656	1.4793	1.4751	3.4467	1.3203	0.0000	1.5393	3.3424	2.7162	4.3443	3.9636	3.9671	0.3222	2.8894	0.0000	4.3485	2.3952	2.1104	2.7748	2.6793	2.6894	0.0935	2.1884	0.0598	2.8250	0.9997	0.9862	0.0161	-0.0062	1.9237	0.4765	5.6885	0.2778	0.1356	0.0678	0.0678	0.0678	0.0678	0.0000	0.0678	0.0000	0.0678	0.1339	0.0674	0.0665	0.0670	0.0670	0.0000	0.0669	0.0004	0.0664	0.0406	0.0250	0.0156	0.0171	0.0171	0.0000	0.0235	0.0079	0.0156	0.0559	0.0319	0.0240	0.0254	0.0249	0.0004	0.0306	0.0070	0.0235	1.3955	1.2871	1.5656	1.4989	1.4751	3.4467	1.3203	0.0000	1.5393	2.3952	2.1104	2.7748	2.6443	2.6894	0.0935	2.1884	0.0598	2.8250
0	41	0.0418	4	1	2	0	1	0	0	0	0	N	Y	N	N	N	N	N	N	N	N	N	N	0.0083	0.0179	0.0000	0.0911	0.0946	0.0002	0.0000	0.0000	0.0000	0.0543	0.0630	0.0000	0.5117	0.5227	0.0000	0.0000	0.0000	0.0000	6.5408	3.5133	11.0679	5.6156	5.5231	0.0225	7.1372	1.9349	11.7721	0.0000	2.1068	-0.0032	0.3927	1.9237	10.0333	5.6885	21.8674	0.0085	0.0085	0.0000	0.0085	0.0085	0.0000	0.0000	0.0000	0.0000	2.9052	0.9351	1.9701	0.6469	0.6467	0.0002	2.2583	0.2885	1.9698	0.1559	0.1343	0.0216	0.0165	0.0162	0.0003	0.1394	0.1181	0.0213	0.4442	0.2662	0.1780	0.1278	0.1171	0.0107	0.3164	0.1491	0.1673	0.0083	0.0179	0.0000	0.1011	0.0946	0.0002	0.0000	0.0000	0.0000	6.5408	3.5133	11.0679	5.0637	5.5231	0.0225	7.1372	1.9349	11.7721
0	42	0.1884	15	2	1	1	0	0	0	0	0	Y	N	N	N	N	N	N	N	N	N	N	N	0.0000	0.0000	0.0000	0.0000	0.0000	0.0000	0.0000	0.0000	0.0000	0.0000	0.0001	0.0000	0.0002	0.0002	0.0000	0.0000	0.0000	0.0000	13.1990	21.9205	0.0000	34.5867	34.4955	0.0000	0.0000	0.0000	0.0000	0.0000	0.0000	-0.0000	-0.4468	1.9237	0.9968	5.6885	1.9513	0.0000	0.0000	0.0000	0.0000	0.0000	0.0000	0.0000	0.0000	0.0000	0.8228	0.8228	0.0000	0.8228	0.8228	0.0000	0.0000	0.0000	0.0000	0.0151	0.0132	0.0019	0.0036	0.0035	0.0001	0.0116	0.0098	0.0018	0.0623	0.0375	0.0248	0.0251	0.0239	0.0012	0.0373	0.0137	0.0236	0.0000	0.0000	0.0000	0.0000	0.0000	0.0000	0.0000	0.0000	0.0000	13.1990	21.9205	0.0000	32.8029	34.4955	0.0000	0.0000	0.0000	0.0000
0	43	0.1752	14	2	1	1	0	0	0	0	0	Y	N	N	N	N	N	N	N	N	N	N	N	0.0385	0.0279	0.0000	0.0840	0.0790	0.0000	0.0000	0.0000	0.0000	0.0206	0.0237	0.0000	0.1298	0.1342	0.0000	0.0000	0.0000	0.0000	0.5342	0.8482	0.0099	1.5448	1.6991	0.0001	0.0056	0.0000	0.0108	0.0000	0.0070	-0.0006	-0.0262	1.9237	5.0018	5.6885	1.7716	0.0016	0.0016	0.0000	0.0016	0.0016	0.0000	0.0000	0.0000	0.0000	0.0488	0.0485	0.0003	0.0485	0.0485	0.0000	0.0003	0.0000	0.0003	0.0763	0.0663	0.0100	0.0121	0.0117	0.0004	0.0642	0.0546	0.0096	0.0913	0.0571	0.0342	0.0314	0.0285	0.0028	0.0600	0.0286	0.0314	0.0385	0.0279	0.0000	0.0840	0.0790	0.0000	0.0000	0.0000	0.0000	0.5342	0.8482	0.0099	1.5448	1.6991	0.0001	0.0056	0.0000	0.0108
0	44	0.1784	15	2	1	1	0	0	0	0	0	Y	N	N	N	N	N	N	N	N	N	N	N	1.0055	0.6195	1155.9842	1.9239	1.8321	0.0000	318.9130	1108.2134	0.1051	0.1010	0.1322	0.5517	0.5703	0.0000	0.0206	0.0000	0.1376	0.1045	0.1630	0.0001	0.2868	0.3113	0.0000	0.0001	0.0000	0.0001	0.1973	0.0004	-0.0017	-0.0063	1.9237	4.9860	5.6885	2.3663	0.0080	0.0067	0.0013	0.0067	0.0067	0.0000	0.0013	0.0000	0.0013	0.0116	0.0116	0.0000	0.0116	0.0116	0.0000	0.0000	0.0000	0.0000	0.0762	0.0662	0.0100	0.0121	0.0117	0.0004	0.0641	0.0545	0.0096	0.1114	0.0714	0.0400	0.0406	0.0374	0.0032	0.0708	0.0340	0.0368	1.0055	0.6195	1155.9842	1.9239	1.8321	0.0000	318.9130	0.0000	1108.2134	0.1045	0.1630	0.0001	0.2868	0.3113	0.0000	0.0001	0.0000	0.0001	
0	45	0.1752	14	2	1	0	0	0	0	0	0	Y	N	N	N	N	N	N	N	N	N	N	N	0.1171	0.1085	0.1925	0.2121	0.1976	19.9455	0.0477	0.0000	0.1792	0.0034	0.0031	0.0058	0.0102	0.0103	0.0060	0.0009	0.0000	0.0058	0.0294	0.0289	0.0302	0.0483	0.0521	0.0003	0.0186	0.0000	0.0324	0.2388	0.6686	-0.0000	-0.0001	1.9237	0.0225	5.6885	1.9333	0.0000	0.0000	0.0000	0.0000	0.0000	0.0000	0.0000	0.0000	0.0000	0.0009	0.0006	0.0004	0.0006	0.0005	0.0000	0.0004	0.0000	0.0004	0.0005	0.0005	0.0001	0.0001	0.0001	0.0000	0.0004	0.0003	0.0001	0.0312	0.0190	0.0122	0.0114	0.0105	0.0008	0.0198	0.0085	0.0113	0.1171	0.1085	0.1925	0.2121	0.1976	19.9455	0.0477	0.0000	0.1792	0.0294	0.0289	0.0302	0.0483	0.0521	0.0003	0.0186	0.0000	0.0324
0	46	0.1723	13	2	1	0	0	0	0	0	0	Y	N	N	N	N	N	N	N	N	N	N	N	0.0003	0.0002	0.0001	0.0006	0.0005	0.3329	0.0000	0.0000	0.0000	0.0000	0.0000	0.0000	0.0000	0.0000	0.0000	0.0000	0.0000	0.0223	0.0316	0.0065	0.0591	0.0653	0.0001	0.0036	0.0000	0.0071	0.0171	0.1207	-0.0000	-0.0002	1.9237	1.0095	5.6885	0.3555	0.0000	0.0000	0.0000	0.0000	0.0000	0.0000	0.0000	0.0000	0.0000	0.0004	0.0004	0.0000	0.0004	0.0004	0.0000	0.0000	0.0000	0.0000	0.0159	0.0138	0.0021	0.0025	0.0025	0.0001	0.0133	0.0113	0.0020	0.0182	0.0115	0.0067	0.0061	0.0055	0.0006	0.0121	0.0059	0.0061	0.0003	0.0002	0.0001	0.0006	0.0005	0.3329	0.0000	0.0000	0.0000	0.0223	0.0316	0.0065	0.0591	0.0653	0.0001	0.0036	0.0000	0.0071	
0	47	0.0579	6	1	1	1	0	0	0	0	0	N	N	N	N	N	N	N	N	N	N	N	N	0.0255	17.9153	0.0098	25.0726	73.1155	0.0214	0.0026	0.0000	0.0095	0.0491	0.0496	0.0462	0.3230	0.3307	0.0033	0.0077	0.0000	0.0471	1.9222	0.0028	4.7374	0.0129	0.0045	0.1522	2.9832	0.0005	4.9781	0.1576	1167.6410	-0.0006	0.2607	1.9237	3.0460	5.6885	11.9126	0.0024	0.0021	0.0003	0.0021	0.0021	0.0000	0.0003	0.0000	0.0003	0.5715	0.0005	0.5710	0.0014	0.0005	0.0009	0.5701	0.0000	0.5701	0.0498	0.0426	0.0072	0.0065	0.0064	0.0002	0.0433	0.0362	0.0070	0.2973	0.1768	0.1205	0.1062	0.1002	0.0060	0.1911	0.0766	0.1145	0.0255	17.9153	0.0098	25.0726	73.1155	0.0214	0.0026	0.0000	0.0095	1.9222	0.0028	4.7374	0.0129	0.0045	0.1522	2.9832	0.0005	4.9781
0	48	0.0445	5	1	1	0	0	0	0	0	0	N	N	N	N	N	N	N	N	N	N	N	N	0.0168	0.0121	0.0427	0.0472	0.0461	0.3310	0.0113	0.0000	0.0417	0.0327	0.0204	0.0978	0.1163	0.1179	0.0163	0.0182	0.0000	0.0990	1.9428	1.6877	2.2929	2.4631	2.5560	0.0491	1.6038	0.0264	2.3735	0.9051	0.9901	0.0001	-0.0180	1.9237	1.1082	5.6885	5.8288	0.0006	0.0003	0.0003	0.0003	0.0003	0.0000	0.0003	0.0000	0.0003	0.3965	0.1992	0.1973	0.1983	0.1982	0.0001	0.1982	0.0011	0.1971	0.0196	0.0165	0.0031	0.0029	0.0028	0.0000	0.0167	0.0136	0.0031	0.2041	0.1181	0.0860	0.0805	0.0775	0.0030	0.1236	0.0405	0.0830	0.0168	0.0121	0.0427	0.0472	0.0461	0.3310	0.0113	0.0000	0.0417	1.9428	1.6877	2.2929	2.4631	2.5560	0.0491	1.6038	0.0264	2.3735
0	49	0.0757	7	1	2	0	0	0	0	0	0	N	Y	N	N	N	N	N	N	N	N	N	N	0.0000	0.0000	0.0000	0.0000	0.0000	0.0000	0.0000	0.0000	0.0000	0.0000	0.0000	0.0000	0.0000	0.0000	0.0000	0.0000	0.0007	0.0011	0.0000	0.0020	0.0023	0.0000	0.0002	0.0003	0.0000	0.0001	0.0000	-0.0000	1.9237	0.0000	5.6885	2.0001	0.0000	0.0000	0.0000	0.0000	0.0000	0.0000	0.0000	0.0000	0.0000	0.0000	0.0000	0.0000	0.0000	0.0000	0.0000	0.0000	0.0000	0.0000	0.0000	0.0000	0.0000	0.0000	0.0000	0.0000	0.0000	0.0000	0.0000	0.0253	0.0157	0.0096	0.0072	0.0064	0.0008	0.0180	0.0093	0.0088	0.0000	0.0000	0.0000	0.0000	0.0000	0.0000	0.0000	0.0000	0.0000	0.0007	0.0011	0.0000	0.0020	0.0023	0.0000	0.0002	0.0003	0.0000			
0	50	0.2078	18	2	2	1	0	0	0	0	0	Y	Y	N	N	N	N	N	N	N	N	N	N	0.0000	0.0000	0.0000	0.0000	0.0000	0.0000	0.0000	0.0000	0.0000	0.0000	0.0000	0.0000	0.0000	0.0000	0.0000	0.0024	0.0000	0.0098	0.0054	0.0000	0.0879	0.0000	0.0000	0.0000	inf	0.0000	0.0000	1.9237	0.0000	5.6885	1.7047	0.0000	0.0000	0.0000	0.0000	0.0000	0.0000	0.0000	0.0000	0.0000	0.0001	0.0000	0.0001	0.0001	0.0000	0.0001	0.0000	0.0000	0.0000	0.0000	0.0000	0.0000	0.0000	0.0000	0.0000	0.0000	0.0000	0.0000	0.0357	0.0271	0.0086	0.0157	0.0148	0.0010	0.0199	0.0123	0.0076	0.0000	0.0000	0.0000	0.0000	0.0000	0.0000	0.0000	0.0000	0.0000	0.0024	0.0000	0.0098	0.0054	0.0000	0.0879	0.0000	0.0000	0.0000				
0	51	0.2078	18	2	2	1	0	0	0	0	0	Y	Y	N	N	N	N	N	N	N	N	N	N	0.0000	0.0000	0.0000	0.0000	0.0000	0.0000	0.0000	0.0000	0.0000	0.0000	0.0000	0.0000	0.0000	0.0000	0.0000	0.0019	0.0022	0.0000	0.0040	0.0041	0.0000	0.0000	0.0000	0.0000	0.0000	0.0000	-0.0000	1.9237	0.0000	5.6885	0.2953	0.0000	0.0000	0.0000	0.0000	0.0000	0.0000	0.0000	0.0000	0.0000	0.0000	0.0000	0.0000	0.0000	0.0000	0.0000	0.0000	0.0000	0.0000	0.0000	0.0000	0.0000	0.0000	0.0000	0.0000	0.0000	0.0000	0.0000	0.0185	0.0159	0.0026	0.0089	0.0087	0.0002	0.0096	0.0072	0.0024	0.0000	0.0000	0.0000	0.0000	0.0000	0.0000	0.0000	0.0000	0.0000	0.0019	0.0022	0.0000	0.0040	0.0041	0.0000	0.0000	0.0000	0.0000				
0	52	0.2049	17	2	2	1	0	0	0	0	0	Y	Y	N	N	N	N	N	N	N	N	N	N	0.0000	0.0000	0.0000	0.0000	0.0000	0.0000	0.0000	0.0000	0.0000	0.0000	0.0000	0.0000	0.0000	0.0000	0.0000	0.0000	0.0000	0.0000	0.0030	0.0045	0.0000	0.0073	0.0079	0.0003	0.0000	0.0000	0.0000	0.0036	0.0000	-0.0000	1.9237	0.0001	5.6885	1.7968	0.0000	0.0000	0.0000	0.0000	0.0000	0.0000	0.0000	0.0000	0.0000	0.0001	0.0001	0.0000	0.0001	0.0001	0.0000	0.0000	0.0000	0.0000	0.0000	0.0000	0.0000	0.0000	0.0000	0.0000	0.0000	0.0000	0.0000	0.0290	0.0196	0.0094	0.0120	0.0111	0.0009	0.0170	0.0085	0.0085	0.0000	0.0000	0.0000	0.0000	0.0000	0.0000	0.0000	0.0000	0.0000	0.0030	0.0045	0.0000	0.0073	0.0079	0.0003	0.0000	0.0000	0.0000	
0	53	0.1866	11	2	2	0	0	0	0	0	0	Y	Y	N	N	N	N	N	N	N	N	N	N	1.2236	1.3074	2.6018	2.0535	2.8929	0.0000	1.0193	2.0488	3.7395	0.0013	0.0008	0.0048	0.0034	0.0034	0.0000	0.0007	0.0000	0.0050	0.0010	0.0006	0.0018	0.0016	0.0012	0.0071	0.0007	0.0000	0.0013	0.7182	1.4642	0.0000	0.0000	1.9237	1.8240	5.6885	0.8872	0.0000	0.0000	0.0000	0.0000	0.0000	0.0000	0.0000	0.0000	0.0000	0.0000	0.0000	0.0000	0.0000	0.0000	0.0000	0.0000	0.0000	0.0000	0.0342	0.0304	0.0038	0.0076	0.0074	0.0002	0.0266	0.0230	0.0037	0.0424	0.0280	0.0143	0.0163	0.0151	0.0012	0.0261	0.0130	0.0131	1.2236	1.3074	2.6018	2.0535	2.8929	0.0000	1.0193	2.0488	3.7395	0.0010	0.0006	0.0018	0.0016	0.0012	0.0071	0.0007	0.0000	0.0013
0	54	0.1057	9	1	2	0	1	0	0	0	0	N	Y	N	N	N	N	N	N	N	N	N	N	0.0000	0.0000	0.0000	0.0000	0.0000	0.0000	0.0000	0.0000	0.0000	0.0000	0.0000	0.0000	0.0000	0.0000	0.0000	0.0000	0.0000	0.0000	10.4987	15.6722	0.8215	17.2622	19.1306	0.0035	6.7222	12.2197	0.9250	0.0280	0.0000	-0.3917	1.9237	0.0007	5.6885	4.7762	0.0000	0.0000	0.0000	0.0000	0.0000	0.0000	0.0000	0.0000	0.0000	0.7595	0.7388	0.0207	0.4506	0.4506	0.0000	0.3090	0.2883	0.0207	0.0000	0.0000	0.0000	0.0000	0.0000	0.0000	0.0000	0.0000	0.0000	0.0723	0.0471	0.0252	0.0264	0.0236	0.0028	0.0460	0.0236	0.0224	0.0000	0.0000	0.0000	0.0000	0.0000	0.0000	0.0000	0.0000	0.0000	10.4987	15.6722	0.8215	17.0781	19.1306	0.0035	6.7222	12.2197	0.9250	
0	55	0.1057	9	1	1	0	1	0	0	0	0	N	N	N	N	N	N	N	N	N	N	N	N	0.0000	0.0000	0.0000	0.0000	0.0000	0.0000	0.0000	0.0000	0.0000	0.0000	0.0000	0.0000	0.0000	0.0000	0.0000	0.0000	0.0000	0.0382	0.0576	0.0006	0.0429	0.0480	0.0000	0.0353	0.0677	0.0006	0.0050	0.0000	-0.0011	1.9237	0.0007	5.6885	3.2259	0.0000	0.0000	0.0000	0.0000	0.0000	0.0000	0.0000	0.0000	0.0000	0.0020	0.0020	0.0000	0.0009	0.0009	0.0000	0.0012	0.0011	0.0000	0.0000	0.0000	0.0000	0.0000	0.0000	0.0000	0.0000	0.0000	0.0000	0.0527	0.0347	0.0180	0.0198	0.0178	0.0021	0.0328	0.0169	0.0159	0.0000	0.0000	0.0000	0.0000	0.0000	0.0000	0.0000	0.0000	0.0000	0.0382	0.0576	0.0006	0.0429	0.0480	0.0000	0.0353	0.0677	0.0006		
0	56	0.1013	8	1	1	0	1	0	0	0	0	N	N	N	N	N	N	N	N	N	N	N	N	0.0000	0.0000	0.0000	0.0000	0.0000	0.0000	0.0000	0.0000	0.0000	0.0000	0.0000	0.0000	0.0000	0.0000	0.0000	0.0000	0.0000	0.0000	0.0532	0.0764	0.0061	0.0856	0.0938	0.0000	0.0348	0.0594	0.0067	0.0393	0.0000	-0.0010	1.9237	0.9953	5.6885	1.3904	0.0000	0.0000	0.0000	0.0000	0.0000	0.0000	0.0000	0.0000	0.0000	0.0020	0.0019	0.0001	0.0012	0.0012	0.0000	0.0008	0.0008	0.0001	0.0158	0.0137	0.0021	0.0019	0.0019	0.0001	0.0139	0.0119	0.0020	0.0378	0.0253	0.0125	0.0137	0.0125	0.0012	0.0241	0.0128	0.0113	0.0000	0.0000	0.0000	0.0000	0.0000	0.0000	0.0000	0.0000	0.0000	0.0532	0.0764	0.0061	0.0856	0.0938	0.0000	0.0348	0.0594	0.0067	
0	57	0.0946	7	1	1	0	1	0	0	0	0	N	N	N	N	N	N	N	N	N	N	N	N	671.9844	0.1870	4609.1988	0.7073	0.6526	0.0000	908.2046	0.0000	4293.8857	0.9396	0.0002	7.3882	0.0012	0.0012	0.0000	1.1444	0.0000	7.5753	0.0014	0.0013	0.0016	0.0017	0.0018	0.0000	0.0013	0.0007	0.0018	4487.8652	0.7064	0.0001	-0.0000	1.9237	0.0068	5.6885	3.2797	0.0001	0.0000	0.0001	0.0000	0.0000	0.0000	0.0001	0.0000	0.0001	0.0001	0.0000	0.0000	0.0000	0.0000	0.0000	0.0000	0.0000	0.0000	0.0001	0.0001	0.0000	0.0000	0.0000	0.0000	0.0001	0.0001	0.0000	0.0488	0.0312	0.0176	0.0172	0.0156	0.0016	0.0316	0.0156	0.0160	671.9844	0.1870	4609.1988	0.7073	0.6526	0.0000	908.2046	0.0000	4293.8857	0.0014	0.0013	0.0016	0.0017	0.0018	0.0000	0.0013	0.0007	0.0018
0	58	0.0535	6	1	1	0	1	0	0	0	0	N	N	N	N	N	N	N	N	N	N	N	N	28.4234	0.0042	95.1929	0.0755	0.0258	1.0871	24.2711	0.0000	92.1468	9.7327	0.0003	74.6734	0.0041	0.0014	0.0840	11.8746	0.0000	78.3336	0.3424	0.0648	0.7844	0.0550	0.0526	0.0773	0.4892	0.0768	0.8501	41157.1257	7.6056	0.6189	0.0355	1.9237	5.8573	5.6885	13.1443	1.0000	0.0000	1.0000	0.0001	0.0000	0.0001	0.9999	0.0000	0.9999	0.1042	0.0121	0.0921	0.0057	0.0049	0.0008	0.0986	0.0072	0.0914	0.1027	0.0894	0.0134	0.0185	0.0179	0.0006	0.0842	0.0714	0.0128	0.3044	0.1870	0.1175	0.1029	0.0930	0.0100	0.2015	0.0940	0.1075	28.4234	0.0042	95.1929	0.0755	0.0258	1.0871	24.2711	0.0000	92.1468	0.3424	0.0648	0.7844	0.0550	0.0526	0.0773	0.4892	0.0768	0.8501
0	59	0.2050	18	1	2	1	0	0	0	0	0	N	Y	N	N	N	N	N	N	N	N	N	N	0.0000	0.0000	0.0000	0.0000	0.0000	0.0000	0.0000	0.0000	0.0000	0.0000	0.0000	0.0000	0.0000	0.0000	0.0000	0.0000	0.0000	0.0000	0.1019	0.0621	0.1834	0.2393	0.1153	1.5856	0.0099	0.0000	0.0206	1.4423	0.0000	0.0004	1.9237	0.9979	5.6885	4.0614	0.0000	0.0000	0.0000	0.0000	0.0000	0.0000	0.0000	0.0000	0.0000	0.0074	0.0030	0.0043	0.0069	0.0030	0.0039	0.0004	0.0000	0.0004	0.0154	0.0134	0.0020	0.0031	0.0030	0.0001	0.0123	0.0105	0.0019	0.0723	0.0486	0.0237	0.0290	0.0261	0.0028	0.0433	0.0224	0.0209	0.0000	0.0000	0.0000	0.0000	0.0000	0.0000	0.0000	0.0000	0.0000	0.1019	0.0621	0.1834	0.2393	0.1153	1.3879	0.0099	0.0000	0.0206	
0	60	0.1966	17	1	2	0	0	0	0	0	0	N	Y	N	N	N	N	N	N	N	N	N	N	0.0000	0.0000	0.0000	0.0000	0.0000	0.0000	0.0000	0.0000	0.0000	0.0000	0.0000	0.0000	0.0000	0.0000	0.0000	0.0000	0.0000	0.0000	0.1195	0.1070	0.1448	0.1845	0.1986	0.0339	0.0778	0.0020	0.1573	0.6686	0.0000	-0.0010	1.9237	2.2356	5.6885	2.2044	0.0000	0.0000	0.0000	0.0000	0.0000	0.0000	0.0000	0.0000	0.0000	0.0074	0.0044	0.0030	0.0044	0.0044	0.0001	0.0029	0.0000	0.0029	0.0356	0.0310	0.0046	0.0069	0.0067	0.0002	0.0286	0.0243	0.0044	0.0617	0.0413	0.0204	0.0241	0.0221	0.0021	0.0376	0.0193	0.0183	0.0000	0.0000	0.0000	0.0000	0.0000	0.0000	0.0000	0.0000	0.0000	0.1195	0.1070	0.1448	0.1845	0.1986	0.0339	0.0778	0.0020	0.1573	
0	61	0.1760	15	2	1	1	0	0	0	0	0	Y	N	N	N	N	N	N	N	N	N	N	N	0.0000	0.0000	0.0000	0.0000	0.0000	0.0000	0.0000	0.0000	0.0000	0.0000	0.0000	0.0000	0.0000	0.0000	0.0000	0.0000	0.0000	0.0000	0.0713	0.0910	0.0376	0.1718	0.1898	0.0071	0.0205	0.0000	0.0406	0.2409	0.0000	-0.0028	1.9237	2.0703	5.6885	7.0012	0.0000	0.0000	0.0000	0.0000	0.0000	0.0000	0.0000	0.0000	0.0000	0.0081	0.0066	0.0016	0.0066	0.0066	0.0000	0.0016	0.0000	0.0016	0.0335	0.0292	0.0043	0.0064	0.0062	0.0002	0.0271	0.0230	0.0041	0.1140	0.0720	0.0420	0.0383	0.0345	0.0038	0.0757	0.0375	0.0382	0.0000	0.0000	0.0000	0.0000	0.0000	0.0000	0.0000	0.0000	0.0000	0.0713	0.0910	0.0376	0.1718	0.1898	0.0071	0.0205	0.0000	0.0406	
0	62	0.1744	14	1	1	0	0	0	0	0	0	N	N	N	N	N	N	N	N	N	N	N	N	0.0000	0.0000	0.0000	0.0000	0.0000	0.0000	0.0000	0.0000	0.0000	0.0000	0.0000	0.0000	0.0000	0.0000	0.0000	0.0000	0.0000	0.0000	0.1800	0.2009	0.1443	0.3691	0.4083	0.0005	0.0828	0.0048	0.1583	0.4193	0.0000	-0.0006	1.9237	0.9285	5.6885	0.0280	0.0000	0.0000	0.0000	0.0000	0.0000	0.0000	0.0000	0.0000	0.0000	0.0023	0.0016	0.0007	0.0016	0.0016	0.0000	0.0007	0.0000	0.0007	0.0147	0.0128	0.0019	0.0026	0.0026	0.0001	0.0121	0.0103	0.0018	0.0127	0.0080	0.0047	0.0043	0.0039	0.0004	0.0084	0.0041	0.0043	0.0000	0.0000	0.0000	0.0000	0.0000	0.0000	0.0000	0.0000	0.0000	0.1800	0.2009	0.1443	0.3691	0.4083	0.0005	0.0828	0.0048	0.1583	
0	63	0.1366	9	2	2	0	0	0	0	0	0	Y	Y	N	N	N	N	N	N	N	N	N	N	0.0005	0.0004	0.0000	0.0012	0.0012	0.0000	0.0000	0.0000	0.0000	0.0000	0.0000	0.0000	0.0000	0.0000	0.0000	0.0000	0.0000	0.0000	0.0056	0.0076	0.0015	0.0141	0.0150	0.0051	0.0005	0.0000	0.0011	0.0000	0.0962	-0.0000	-0.0001	1.9237	1.0023	5.6885	3.0135	0.0000	0.0000	0.0000	0.0000	0.0000	0.0000	0.0000	0.0000	0.0000	0.0003	0.0003	0.0000	0.0003	0.0003	0.0000	0.0000	0.0000	0.0000	0.0160	0.0139	0.0021	0.0026	0.0025	0.0001	0.0134	0.0114	0.0020	0.0533	0.0359	0.0174	0.0199	0.0182	0.0017	0.0334	0.0177	0.0157	0.0005	0.0004	0.0000	0.0012	0.0012	0.0000	0.0000	0.0000	0.0000	0.0056	0.0076	0.0015	0.0141	0.0150	0.0051	0.0005	0.0000	0.0011
0	64	0.1103	8	2	2	0	0	0	0	0	0	Y	Y	N	N	N	N	N	N	N	N	N	N	0.1961	0.2399	0.0003	0.5680	0.5289	0.8128	0.0000	0.0000	0.0000	0.0005	0.0006	0.0000	0.0027	0.0028	0.0000	0.0000	0.0000	0.0000	0.0027	0.0025	0.0030	0.0048	0.0052	0.0000	0.0016	0.0000	0.0033	0.0002	0.6493	-0.0000	-0.0001	1.9237	3.0820	5.6885	9.3392	0.0000	0.0000	0.0000	0.0000	0.0000	0.0000	0.0000	0.0000	0.0000	0.0004	0.0003	0.0002	0.0003	0.0003	0.0000	0.0002	0.0000	0.0002	0.0572	0.0500	0.0072	0.0111	0.0108	0.0002	0.0461	0.0392	0.0069	0.1564	0.1015	0.0549	0.0532	0.0484	0.0048	0.1033	0.0531	0.0501	0.1961	0.2399	0.0003	0.5680	0.5289	0.8128	0.0000	0.0000	0.0000	0.0027	0.0025	0.0030	0.0048	0.0052	0.0000	0.0016	0.0000	0.0033
0	65	0.1966	17	1	2	0	0	0	0	0	0	N	Y	N	N	N	N	N	N	N	N	N	N	0.0000	0.0000	0.0000	0.0000	0.0000	0.0000	0.0000	0.0000	0.0000	0.0000	0.0000	0.0000	0.0000	0.0000	0.0000	0.0000	0.0000	0.0000	0.0234	0.0340	0.0029	0.0086	0.0074	0.0198	0.0326	0.0638	0.0009	0.0436	0.0000	-0.0012	1.9237	1.7946	5.6885	5.9592	0.0000	0.0000	0.0000	0.0000	0.0000	0.0000	0.0000	0.0000	0.0000	0.0023	0.0022	0.0001	0.0003	0.0003	0.0001	0.0020	0.0020	0.0000	0.0290	0.0253	0.0037	0.0058	0.0056	0.0002	0.0232	0.0197	0.0035	0.1000	0.0659	0.0341	0.0384	0.0348	0.0035	0.0616	0.0310	0.0306	0.0000	0.0000	0.0000	0.0000	0.0000	0.0000	0.0000	0.0000	0.0000	0.0234	0.0340	0.0029	0.0086	0.0074	0.0198	0.0326	0.0638	0.0009	
0	66	0.1898	16	1	2	0	0	0	0	0	0	N	Y	N	N	N	N	N	N	N	N	N	N	0.0090	0.0000	0.0578	0.0220	0.0000	0.3378	0.0007	0.0000	0.0025	0.0000	0.0000	0.0003	0.0002	0.0000	0.0055	0.0000	0.0000	0.0000	0.0039	0.0035	0.0047	0.0074	0.0065	0.0162	0.0018	0.0001	0.0035	inf	0.7695	0.0000	-0.0000	1.9237	1.3569	5.6885	2.0560	0.0000	0.0000	0.0000	0.0000	0.0000	0.0000	0.0000	0.0000	0.0000	0.0002	0.0001	0.0001	0.0001	0.0001	0.0000	0.0001	0.0000	0.0001	0.0236	0.0206	0.0030	0.0049	0.0048	0.0001	0.0187	0.0158	0.0029	0.0447	0.0286	0.0161	0.0167	0.0151	0.0016	0.0280	0.0134	0.0146	0.0090	0.0000	0.0578	0.0220	0.0000	0.3378	0.0007	0.0000	0.0025	0.0039	0.0035	0.0047	0.0074	0.0065	0.0162	0.0018	0.0001	0.0035
0	67	0.1764	15	1	2	0	0	0	0	0	0	N	Y	N	N	N	N	N	N	N	N	N	N	0.0139	0.0151	0.0000	0.0341	0.0389	0.0000	0.0000	0.0000	0.0000	0.0000	0.0000	0.0000	0.0001	0.0001	0.0000	0.0000	0.0000	0.0000	0.0007	0.0008	0.0007	0.0016	0.0015	0.0029	0.0002	0.0000	0.0004	0.0000	0.4405	-0.0000	-0.0000	1.9237	4.9477	5.6885	2.0153	0.0000	0.0000	0.0000	0.0000	0.0000	0.0000	0.0000	0.0000	0.0000	0.0001	0.0000	0.0000	0.0001	0.0000	0.0000	0.0000	0.0000	0.0000	0.0804	0.0698	0.0106	0.0152	0.0145	0.0007	0.0651	0.0553	0.0098	0.0889	0.0581	0.0308	0.0345	0.0312	0.0033	0.0545	0.0269	0.0276	0.0139	0.0151	0.0000	0.0341	0.0389	0.0000	0.0000	0.0000	0.0000	0.0007	0.0008	0.0007	0.0016	0.0015	0.0029	0.0002	0.0000	0.0004
0	68	0.0757	7	1	1	1	0	0	0	0	0	N	N	N	N	N	N	N	N	N	N	N	N	0.0000	0.0000	0.0000	0.0000	0.0000	0.0000	0.0000	0.0000	0.0000	0.0000	0.0000	0.0000	0.0000	0.0000	0.0000	0.0005	0.0009	0.0000	0.0017	0.0019	0.0000	0.0001	0.0002	0.0000	0.0000	0.0000	-0.0000	1.9237	0.0000	5.6885	4.0001	0.0000	0.0000	0.0000	0.0000	0.0000	0.0000	0.0000	0.0000	0.0000	0.0000	0.0000	0.0000	0.0000	0.0000	0.0000	0.0000	0.0000	0.0000	0.0000	0.0000	0.0000	0.0000	0.0000	0.0000	0.0000	0.0000	0.0000	0.0500	0.0311	0.0189	0.0143	0.0127	0.0016	0.0358	0.0184	0.0173	0.0000	0.0000	0.0000	0.0000	0.0000	0.0000	0.0000	0.0000	0.0000	0.0005	0.0009	0.0000	0.0017	0.0019	0.0000	0.0001	0.0002	0.0000				
0	69	0.0535	6	1	1	0	0	0	0	0	0	N	N	N	N	N	N	N	N	N	N	N	N	0.0329	0.0259	0.0000	0.0793	0.0878	0.0006	0.0016	0.0011	0.0000	0.1193	0.1368	0.0000	0.5031	0.5211	0.0000	0.0042	0.0050	0.0000	3.6309	5.2834	1.0300	6.3476	5.9324	0.0733	2.6155	4.5115	1.1217	0.0000	0.1239	-0.0026	-0.3545	1.9237	2.8240	5.6885	8.9883	0.0069	0.0069	0.0000	0.0067	0.0067	0.0000	0.0002	0.0002	0.0000	0.8193	0.7290	0.0903	0.4452	0.4446	0.0006	0.3741	0.2843	0.0897	0.0580	0.0506	0.0074	0.0134	0.0129	0.0005	0.0446	0.0376	0.0069	0.2256	0.1380	0.0877	0.0826	0.0749	0.0077	0.1430	0.0630	0.0800	0.0329	0.0259	0.0000	0.0934	0.0878	0.0006	0.0016	0.0011	0.0000	3.6309	5.2834	1.0300	5.3887	5.9324	0.0733	2.6155	4.5115	1.1217
0	70	0.0445	5	1	1	0	0	0	0	0	0	N	N	N	N	N	N	N	N	N	N	N	N	0.0103	0.0254	0.0218	0.1265	0.1256	0.0749	0.0053	0.0006	0.0214	0.0313	0.0109	0.1432	0.0665	0.0674	0.0126	0.0256	0.0001	0.1453	3.0477	0.4305	6.5802	0.5253	0.5366	0.1680	4.8305	0.1843	6.7773	2.3782	11.3246	0.0003	0.2086	1.9237	1.4521	5.6885	3.5882	0.0008	0.0002	0.0005	0.0002	0.0002	0.0000	0.0006	0.0000	0.0005	0.5550	0.0450	0.5100	0.0396	0.0392	0.0004	0.5154	0.0058	0.5096	0.0250	0.0211	0.0038	0.0035	0.0034	0.0001	0.0215	0.0177	0.0038	0.1821	0.1046	0.0775	0.0754	0.0731	0.0023	0.1067	0.0315	0.0752	0.0103	0.0254	0.0218	0.1265	0.1256	0.0749	0.0053	0.0006	0.0214	3.0477	0.4305	6.5802	0.5253	0.5366	0.1680	4.8305	0.1843	6.7773
0	71	0.0418	4	1	1	0	0	0	0	0	0	N	N	N	N	N	N	N	N	N	N	N	N	0.0090	0.0081	0.0205	0.0301	0.0297	0.1444	0.0049	0.0000	0.0202	0.0271	0.0151	0.0938	0.0712	0.0718	0.0192	0.0174	0.0000	0.0947	3.0278	1.8641	4.5652	2.3634	2.4171	0.1331	3.5591	0.0903	4.6752	1.1147	1.8536	0.0001	0.0388	1.9237	1.1783	5.6885	0.9542	0.0006	0.0003	0.0003	0.0003	0.0003	0.0000	0.0003	0.0000	0.0003	0.3637	0.1274	0.2362	0.1261	0.1260	0.0002	0.2375	0.0015	0.2361	0.0236	0.0200	0.0036	0.0043	0.0042	0.0000	0.0194	0.0158	0.0036	0.1201	0.0684	0.0517	0.0534	0.0521	0.0013	0.0667	0.0162	0.0505	0.0090	0.0081	0.0205	0.0301	0.0297	0.1444	0.0049	0.0000	0.0202	3.0278	1.8641	4.5652	2.3634	2.4171	0.1331	3.5591	0.0903	4.6752
0	72	0.0372	3	1	1	0	0	0	0	0	0	N	N	N	N	N	N	N	N	N	N	N	N	0.0095	0.0077	0.0224	0.0407	0.0400	0.1731	0.0052	0.0000	0.0220	0.0214	0.0140	0.0632	0.1037	0.1048	0.0112	0.0108	0.0000	0.0636	2.2514	1.8233	2.8153	2.5454	2.6195	0.0644	2.0514	0.0406	2.8922	0.8014	1.1719	0.0000	-0.0010	1.9237	2.0762	5.6885	1.4610	0.0008	0.0004	0.0003	0.0004	0.0004	0.0000	0.0003	0.0000	0.0003	0.2860	0.1317	0.1543	0.1309	0.1308	0.0001	0.1551	0.0009	0.1542	0.0359	0.0305	0.0054	0.0041	0.0041	0.0000	0.0317	0.0264	0.0054	0.1270	0.0722	0.0548	0.0514	0.0499	0.0015	0.0756	0.0223	0.0533	0.0095	0.0077	0.0224	0.0407	0.0400	0.1731	0.0052	0.0000	0.0220	2.2514	1.8233	2.8153	2.5454	2.6195	0.0644	2.0514	0.0406	2.8922
0	73	0.1014	7	1	1	0	0	0	0	0	0	N	N	N	N	N	N	N	N	N	N	N	N	38.0134	40.4884	0.0000	93.5723	92.1319	0.0000	0.0008	0.8937	0.0000	0.0302	0.0346	0.0000	0.1697	0.1740	0.0000	0.0000	0.0000	0.0000	0.0008	0.0009	0.0007	0.0018	0.0019	0.0011	0.0003	0.0000	0.0006	0.0000	0.4547	-0.0008	-0.0000	1.9237	4.0673	5.6885	17.8409	0.0022	0.0022	0.0000	0.0022	0.0022	0.0000	0.0000	0.0000	0.0000	0.0002	0.0001	0.0001	0.0001	0.0001	0.0000	0.0001	0.0000	0.0001	0.0715	0.0624	0.0091	0.0127	0.0124	0.0003	0.0588	0.0500	0.0088	0.2547	0.1627	0.0920	0.0814	0.0736	0.0077	0.1734	0.0890	0.0843	38.0134	40.4884	0.0000	93.5723	92.1319	0.0000	0.0008	0.8937	0.0000	0.0008	0.0009	0.0007	0.0018	0.0019	0.0011	0.0003	0.0000	0.0006
0	75	0.2381	11	1	1	0	0	0	0	0	0	N	N	N	N	N	N	N	N	N	N	N	N	0.0119	0.0089	3.8541	0.0257	0.0212	33.1138	0.0004	0.0000	1.0698	0.0075	0.0081	0.0029	0.0208	0.0209	0.0184	0.0002	0.0000	0.0009	0.6354	0.9136	0.0008	0.8098	0.9886	0.0006	0.4147	0.8038	0.0009	0.0478	0.0004	-0.0002	-0.3604	1.9237	3.5843	5.6885	46.7516	0.0007	0.0006	0.0000	0.0006	0.0006	0.0000	0.0000	0.0000	0.0000	0.6642	0.6640	0.0002	0.4728	0.4727	0.0001	0.1915	0.1913	0.0002	0.0873	0.0771	0.0102	0.0311	0.0299	0.0012	0.0562	0.0472	0.0090	1.0454	0.7268	0.3186	0.5838	0.4782	0.1056	0.4617	0.2486	0.2130	0.0119	0.0089	3.8541	0.0257	0.0212	33.1138	0.0004	0.0000	1.0698	0.6354	0.9136	0.0008	0.8098	0.9886	0.0006	0.4147	0.7693	0.0009
0	76	0.2033	17	2	2	1	0	0	0	0	0	Y	Y	N	N	N	N	N	N	N	N	N	N	0.0000	0.0000	0.0000	0.0000	0.0000	0.0000	0.0000	0.0000	0.0000	0.0000	0.0000	0.0000	0.0000	0.0000	0.0000	0.0000	0.0001	0.0001	0.0000	0.0000	0.0000	0.0000	0.0000	0.0000	-0.0000	1.9237	1.0003	5.6885	1.0071	0.0000	0.0000	0.0000	0.0000	0.0000	0.0000	0.0000	0.0000	0.0000	0.0000	0.0000	0.0000	0.0000	0.0000	0.0000	0.0000	0.0000	0.0000	0.0152	0.0132	0.0019	0.0031	0.0030	0.0001	0.0121	0.0102	0.0018	0.0253	0.0163	0.0090	0.0102	0.0092	0.0010	0.0151	0.0071	0.0080	0.0000	0.0000	0.0000	0.0000	0.0000	0.0000	0.0000	0.0000	0.0000	0.0000	0.0000	0.0000	0.0001	0.0001	0.0000	0.0000	0.0000	0.0000						
0	77	0.1965	16	2	1	1	0	0	0	0	0	Y	N	N	N	N	N	N	N	N	N	N	N	0.0000	0.0000	0.0000	0.0000	0.0000	0.0000	0.0000	0.0000	0.0000	0.0000	0.0000	0.0000	0.0000	0.0000	0.0000	0.0000	0.0000	0.0000	0.0018	0.0018	0.0019	0.0040	0.0031	0.0291	0.0001	0.0000	0.0002	0.3694	0.0000	-0.0000	1.9237	0.9901	5.6885	2.2068	0.0000	0.0000	0.0000	0.0000	0.0000	0.0000	0.0000	0.0000	0.0000	0.0002	0.0001	0.0000	0.0002	0.0001	0.0000	0.0000	0.0000	0.0000	0.0153	0.0133	0.0020	0.0031	0.0030	0.0001	0.0121	0.0103	0.0018	0.0967	0.0714	0.0254	0.0431	0.0416	0.0015	0.0536	0.0298	0.0239	0.0000	0.0000	0.0000	0.0000	0.0000	0.0000	0.0000	0.0000	0.0000	0.0018	0.0018	0.0019	0.0040	0.0031	0.0291	0.0001	0.0000	0.0002	
0	78	0.1189	8	1	2	0	0	0	0	0	0	N	Y	N	N	N	N	N	N	N	N	N	N	0.0001	0.0001	0.0016	0.0001	0.0001	0.0028	0.0001	0.0000	0.0007	0.0002	0.0002	0.0000	0.0009	0.0009	0.0000	0.0000	0.0000	0.0000	2.7609	4.1072	0.0007	8.5584	8.4760	0.0054	0.0095	0.0176	0.0002	0.0007	0.0001	-0.0000	-0.4702	1.9237	8.4371	5.6885	15.3349	0.0000	0.0000	0.0000	0.0000	0.0000	0.0000	0.0000	0.0000	0.0000	0.8660	0.8660	0.0001	0.8642	0.8641	0.0001	0.0019	0.0019	0.0000	0.1468	0.1286	0.0182	0.0325	0.0313	0.0013	0.1143	0.0973	0.0170	0.3137	0.2108	0.1028	0.1149	0.1048	0.0101	0.1988	0.1061	0.0928	0.0001	0.0001	0.0016	0.0001	0.0001	0.0028	0.0001	0.0000	0.0007	2.7609	4.1072	0.0007	7.5222	8.2459	0.0054	0.0095	0.0176	0.0002
0	79	0.1965	16	2	1	1	0	0	0	0	0	Y	N	N	N	N	N	N	N	N	N	N	N	0.0000	0.0000	0.0000	0.0000	0.0000	0.0000	0.0000	0.0000	0.0000	0.0000	0.0000	0.0000	0.0000	0.0000	0.0000	0.0000	0.0000	5.5586	7.9936	0.0002	13.5092	14.3728	0.0000	0.0001	0.0000	0.0002	0.0000	0.0000	-0.4843	1.9237	3.0096	5.6885	5.7427	0.0000	0.0000	0.0000	0.0000	0.0000	0.0000	0.0000	0.0000	0.0000	0.8920	0.8920	0.0000	0.8920	0.8920	0.0000	0.0000	0.0000	0.0000	0.0455	0.0397	0.0058	0.0092	0.0089	0.0003	0.0362	0.0307	0.0055	0.1605	0.1116	0.0489	0.0660	0.0621	0.0040	0.0944	0.0495	0.0449	0.0000	0.0000	0.0000	0.0000	0.0000	0.0000	0.0000	0.0000	0.0000	5.5586	7.9936	0.0002	13.5092	14.3728	0.0000	0.0001	0.0000	0.0002		
0	80	0.1809	15	2	1	1	0	0	0	0	0	Y	N	N	N	N	N	N	N	N	N	N	N	0.0000	0.0000	0.0000	0.0000	0.0000	0.0000	0.0000	0.0000	0.0000	0.0000	0.0000	0.0000	0.0000	0.0000	0.0000	0.0000	0.0000	0.0000	0.1264	0.1937	0.0051	0.3404	0.3727	0.0030	0.0040	0.0027	0.0053	0.0146	0.0000	-0.0067	1.9237	1.0477	5.6885	6.1154	0.0000	0.0000	0.0000	0.0000	0.0000	0.0000	0.0000	0.0000	0.0000	0.0127	0.0125	0.0002	0.0124	0.0124	0.0000	0.0003	0.0001	0.0002	0.0178	0.0156	0.0022	0.0041	0.0040	0.0001	0.0136	0.0116	0.0020	0.1005	0.0646	0.0358	0.0365	0.0334	0.0032	0.0639	0.0313	0.0326	0.0000	0.0000	0.0000	0.0000	0.0000	0.0000	0.0000	0.0000	0.0000	0.1264	0.1937	0.0051	0.3404	0.3727	0.0030	0.0040	0.0027	0.0053	
0	81	0.1744	14	1	1	0	0	0	0	0	0	N	N	N	N	N	N	N	N	N	N	N	N	0.0000	0.0000	0.0000	0.0000	0.0000	0.0000	0.0000	0.0000	0.0000	0.0000	0.0000	0.0000	0.0000	0.0000	0.0000	0.0000	0.0000	0.0000	0.0291	0.0404	0.0097	0.0427	0.0446	0.0252	0.0222	0.0365	0.0082	0.1403	0.0000	-0.0005	1.9237	1.9794	5.6885	1.0196	0.0000	0.0000	0.0000	0.0000	0.0000	0.0000	0.0000	0.0000	0.0000	0.0011	0.0010	0.0001	0.0006	0.0005	0.0000	0.0006	0.0005	0.0001	0.0309	0.0269	0.0040	0.0055	0.0053	0.0002	0.0255	0.0217	0.0038	0.0386	0.0244	0.0142	0.0130	0.0117	0.0013	0.0256	0.0127	0.0129	0.0000	0.0000	0.0000	0.0000	0.0000	0.0000	0.0000	0.0000	0.0000	0.0291	0.0404	0.0097	0.0427	0.0446	0.0252	0.0222	0.0365	0.0082	
0	82	0.1723	13	1	1	0	0	0	0	0	0	N	N	N	N	N	N	N	N	N	N	N	N	0.0000	0.0000	0.0001	0.0001	0.0000	0.2508	0.0000	0.0000	0.0000	0.0000	0.0000	0.0000	0.0000	0.0000	0.0000	0.0000	0.0000	0.0071	0.0062	0.0084	0.0116	0.0128	0.0001	0.0047	0.0000	0.0092	inf	0.7921	0.0000	-0.0000	1.9237	1.0114	5.6885	0.0202	0.0000	0.0000	0.0000	0.0000	0.0000	0.0000	0.0000	0.0000	0.0000	0.0001	0.0001	0.0000	0.0001	0.0001	0.0000	0.0000	0.0000	0.0000	0.0159	0.0138	0.0021	0.0025	0.0025	0.0001	0.0133	0.0113	0.0020	0.0139	0.0087	0.0051	0.0047	0.0043	0.0004	0.0092	0.0045	0.0047	0.0000	0.0000	0.0001	0.0001	0.0000	0.2508	0.0000	0.0000	0.0000	0.0071	0.0062	0.0084	0.0116	0.0128	0.0001	0.0047	0.0000	0.0092	
0	83	0.1517	12	1	1	0	0	0	0	0	0	N	N	N	N	N	N	N	N	N	N	N	N	0.0000	0.0000	0.0000	0.0009	0.0000	0.0120	0.0000	0.0000	0.0000	0.0000	0.0000	0.0000	0.0000	0.0000	0.0001	0.0000	0.0000	0.0000	0.1591	0.0012	0.4369	0.0027	0.0023	0.0066	0.2441	0.0001	0.4777	26.8333	207.1465	0.0000	0.0093	1.9237	5.9223	5.6885	3.6882	0.0000	0.0000	0.0000	0.0000	0.0000	0.0000	0.0000	0.0000	0.0000	0.0206	0.0001	0.0205	0.0001	0.0001	0.0000	0.0205	0.0000	0.0205	0.0953	0.0831	0.0121	0.0171	0.0166	0.0005	0.0782	0.0665	0.0116	0.1296	0.0826	0.0470	0.0457	0.0416	0.0041	0.0839	0.0410	0.0429	0.0000	0.0000	0.0000	0.0009	0.0000	0.0120	0.0000	0.0000	0.0000	0.1591	0.0012	0.4369	0.0027	0.0023	0.0066	0.2441	0.0001	0.4777
0	84	0.1388	10	1	2	0	0	0	0	0	0	N	Y	N	N	N	N	N	N	N	N	N	N	0.0046	0.0069	0.0000	0.0143	0.0152	0.0000	0.0000	0.0084	0.0000	0.0210	0.0241	0.0000	0.1097	0.1145	0.0000	0.0000	0.0000	0.0000	4.5650	3.4739	6.6953	7.6888	7.5233	0.0247	3.5155	0.0001	7.4561	0.0000	0.9872	-0.0009	-0.0912	1.9237	7.1084	5.6885	28.8937	0.0024	0.0024	0.0000	0.0024	0.0024	0.0000	0.0000	0.0000	0.0000	1.9742	0.9935	0.9807	0.9938	0.9935	0.0004	0.9804	0.0000	0.9803	0.1121	0.0976	0.0145	0.0214	0.0205	0.0009	0.0907	0.0771	0.0136	0.4325	0.2860	0.1465	0.1536	0.1386	0.0150	0.2789	0.1474	0.1315	0.0046	0.0069	0.0000	0.0170	0.0160	0.0000	0.0000	0.0084	0.0000	4.5650	3.4739	6.6953	6.4706	7.1680	0.0247	3.5155	0.0001	7.4561
0	85	0.1313	9	1	2	0	0	0	0	0	0	N	Y	N	N	N	N	N	N	N	N	N	N	0.0051	0.0113	0.0021	0.0171	0.0177	0.0151	0.0000	0.0001	0.0001	0.0002	0.0002	0.0002	0.0005	0.0004	0.0009	0.0000	0.0000	0.0000	0.0319	0.0144	0.0736	0.0264	0.0242	0.0617	0.0357	0.0028	0.0746	0.1190	2.1406	-0.0000	0.0005	1.9237	2.2208	5.6885	3.9129	0.0000	0.0000	0.0000	0.0000	0.0000	0.0000	0.0000	0.0000	0.0000	0.0039	0.0012	0.0027	0.0013	0.0011	0.0002	0.0026	0.0001	0.0025	0.0550	0.0488	0.0062	0.0196	0.0186	0.0010	0.0354	0.0301	0.0052	0.1226	0.0863	0.0363	0.0500	0.0470	0.0030	0.0726	0.0394	0.0333	0.0051	0.0113	0.0021	0.0171	0.0177	0.0151	0.0000	0.0001	0.0001	0.0319	0.0144	0.0736	0.0264	0.0242	0.0617	0.0357	0.0028	0.0746
0	86	0.2068	11	1	1	1	0	0	0	0	0	N	N	N	N	N	N	N	N	N	N	N	N	0.0106	0.0000	0.3793	0.0205	0.0000	1.6358	0.0054	0.0000	0.0230	0.0005	0.0000	0.0042	0.0024	0.0000	0.0748	0.0000	0.0000	0.0001	0.0485	0.0691	0.0111	0.1164	0.1259	0.0457	0.0036	0.0013	0.0058	inf	0.0886	0.0000	-0.0036	1.9237	5.3425	5.6885	7.0749	0.0000	0.0000	0.0000	0.0000	0.0000	0.0000	0.0000	0.0000	0.0000	0.0079	0.0072	0.0006	0.0075	0.0072	0.0003	0.0004	0.0001	0.0003	0.0929	0.0816	0.0113	0.0194	0.0188	0.0006	0.0735	0.0628	0.0107	0.1619	0.1045	0.0575	0.0645	0.0568	0.0076	0.0975	0.0476	0.0498	0.0106	0.0000	0.3793	0.0205	0.0000	1.6358	0.0054	0.0000	0.0230	0.0485	0.0691	0.0111	0.1164	0.1259	0.0457	0.0036	0.0013	0.0058
0	87	0.1636	10	1	1	0	0	0	0	0	0	N	N	N	N	N	N	N	N	N	N	N	N	0.0089	0.0094	0.0192	0.0173	0.0281	0.0310	0.0025	0.0001	0.0187	0.0007	0.0004	0.0030	0.0025	0.0014	0.0323	0.0001	0.0000	0.0005	0.0792	0.0422	0.1589	0.1430	0.0491	1.0439	0.0301	0.0332	0.0267	1.0138	1.7523	0.0000	0.0025	1.9237	7.0719	5.6885	13.7350	0.0001	0.0000	0.0000	0.0001	0.0000	0.0000	0.0000	0.0000	0.0000	0.0272	0.0099	0.0173	0.0213	0.0065	0.0149	0.0058	0.0034	0.0025	0.1360	0.1201	0.0158	0.0356	0.0343	0.0013	0.1004	0.0858	0.0146	0.3432	0.2343	0.1089	0.1492	0.1320	0.0172	0.1940	0.1023	0.0917	0.0089	0.0094	0.0192	0.0173	0.0281	0.0374	0.0025	0.0001	0.0187	0.0792	0.0422	0.1589	0.1430	0.0491	0.8647	0.0301	0.0332	0.0267
0	88	0.2069	18	2	1	1	0	0	0	0	0	Y	N	N	N	N	N	N	N	N	N	N	N	0.0000	0.0000	0.0000	0.0000	0.0000	0.0000	0.0000	0.0000	0.0000	0.0000	0.0000	0.0000	0.0000	0.0000	0.0000	0.0000	0.0000	0.0000	0.0000	0.0000	1.9237	0.0000	5.6885	0.0000	0.0000	0.0000	0.0000	0.0000	0.0000	0.0000	0.0000	0.0000	0.0000	0.0000	0.0000	0.0000	0.0000	0.0000	0.0000	0.0000	0.0000	0.0000	0.0000	0.0000	0.0000	0.0000	0.0000	0.0000	0.0000	0.0000	0.0000	0.0000	0.0000	0.0000	0.0000	0.0000	0.0000	0.0000	0.0000	0.0000	0.0000	0.0000	0.0000	0.0000	0.0000	0.0000	0.0000	0.0000	0.0000	0.0000	0.0000	0.0000	0.0000	0.0000	0.0000	0.0000	0.0000	0.0000											
0	89	0.2049	17	2	1	1	0	0	0	0	0	Y	N	N	N	N	N	N	N	N	N	N	N	0.0000	0.0000	0.0000	0.0000	0.0000	0.0000	0.0000	0.0000	0.0000	0.0000	0.0000	0.0000	0.0000	0.0000	0.0000	0.0000	0.0000	0.0011	0.0001	0.0034	0.0015	0.0003	0.0219	0.0009	0.0000	0.0018	10.2169	0.0000	0.0000	1.9237	0.0001	5.6885	0.9161	0.0000	0.0000	0.0000	0.0000	0.0000	0.0000	0.0000	0.0000	0.0000	0.0000	0.0000	0.0000	0.0000	0.0000	0.0000	0.0000	0.0000	0.0000	0.0000	0.0000	0.0000	0.0000	0.0000	0.0000	0.0000	0.0000	0.0000	0.0183	0.0126	0.0056	0.0079	0.0074	0.0005	0.0104	0.0052	0.0052	0.0000	0.0000	0.0000	0.0000	0.0000	0.0000	0.0000	0.0000	0.0000	0.0011	0.0001	0.0034	0.0015	0.0003	0.0219	0.0009	0.0000	0.0018		
0	90	0.1801	16	2	1	1	0	0	0	0	0	Y	N	N	N	N	N	N	N	N	N	N	N	0.0000	0.0000	0.0000	0.0000	0.0000	0.0000	0.0000	0.0000	0.0000	0.0000	0.0000	0.0000	0.0000	0.0000	0.0000	0.0000	0.0000	0.0000	0.0793	0.1205	0.0008	0.2033	0.2237	0.0037	0.0002	0.0000	0.0005	0.0035	0.0000	-0.0063	1.9237	3.7876	5.6885	7.8440	0.0000	0.0000	0.0000	0.0000	0.0000	0.0000	0.0000	0.0000	0.0000	0.0117	0.0116	0.0000	0.0117	0.0116	0.0000	0.0000	0.0000	0.0000	0.0626	0.0547	0.0079	0.0135	0.0129	0.0006	0.0491	0.0417	0.0073	0.1475	0.0967	0.0508	0.0574	0.0521	0.0053	0.0901	0.0446	0.0455	0.0000	0.0000	0.0000	0.0000	0.0000	0.0000	0.0000	0.0000	0.0000	0.0793	0.1205	0.0008	0.2033	0.2237	0.0037	0.0002	0.0000	0.0005	
0	91	0.0909	6	1	2	0	1	0	0	0	0	N	Y	N	N	N	N	N	N	N	N	N	N	0.0001	0.0001	0.0000	0.0003	0.0003	0.2583	0.0000	0.0000	0.0000	0.0007	0.0007	0.0002	0.0031	0.0030	0.0071	0.0000	0.0000	0.0000	7.5041	5.5761	10.8349	10.6869	11.5557	0.0274	6.0652	0.1445	12.0062	0.0449	1.1247	-0.0000	-0.0252	1.9237	1.8247	5.6885	16.3284	0.0000	0.0000	0.0000	0.0000	0.0000	0.0000	0.0000	0.0000	0.0000	1.8479	0.8697	0.9782	0.8582	0.8579	0.0002	0.9898	0.0118	0.9780	0.0372	0.0326	0.0045	0.0081	0.0080	0.0001	0.0290	0.0246	0.0044	0.2463	0.1560	0.0903	0.0831	0.0742	0.0088	0.1632	0.0817	0.0815	0.0001	0.0001	0.0000	0.0003	0.0003	0.2583	0.0000	0.0000	0.0000	7.5041	5.5761	10.8349	10.3306	11.5557	0.0274	6.0652	0.1445	12.0062
0	92	0.1014	7	1	2	0	0	0	0	0	0	N	Y	N	N	N	N	N	N	N	N	N	N	0.0058	0.0000	1.2125	0.0647	0.0000	1422.0109	0.0000	0.0000	0.0029	0.0000	0.0000	0.0003	0.0003	0.0000	0.0087	0.0000	0.0000	0.0000	0.0070	0.0109	0.0003	0.0041	0.0045	0.0000	0.0084	0.0161	0.0003	inf	0.0134	0.0000	-0.0011	1.9237	9.1310	5.6885	16.1726	0.0000	0.0000	0.0000	0.0000	0.0000	0.0000	0.0000	0.0000	0.0000	0.0020	0.0020	0.0000	0.0004	0.0004	0.0000	0.0017	0.0016	0.0000	0.1460	0.1270	0.0191	0.0226	0.0219	0.0007	0.1235	0.1051	0.0184	0.2889	0.1846	0.1043	0.0920	0.0832	0.0088	0.1970	0.1014	0.0955	0.0058	0.0000	1.2125	0.0647	0.0000	1422.0109	0.0000	0.0000	0.0029	0.0070	0.0109	0.0003	0.0041	0.0045	0.0000	0.0084	0.0161	0.0003
0	98	0.1801	16	1	2	0	0	0	0	0	0	N	Y	N	N	N	N	N	N	N	N	N	N	0.0000	0.0000	0.0000	0.0000	0.0000	0.0000	0.0000	0.0000	0.0000	0.0000	0.0000	0.0000	0.0000	0.0000	0.0000	0.0000	0.0000	0.0005	0.0003	0.0010	0.0006	0.0005	0.0014	0.0005	0.0000	0.0009	1.8088	0.0000	0.0000	1.9237	1.3608	5.6885	12.1483	0.0000	0.0000	0.0000	0.0000	0.0000	0.0000	0.0000	0.0000	0.0000	0.0001	0.0000	0.0001	0.0000	0.0000	0.0000	0.0000	0.0000	0.0000	0.0256	0.0225	0.0031	0.0075	0.0071	0.0004	0.0180	0.0154	0.0027	0.1679	0.1100	0.0580	0.0651	0.0590	0.0061	0.1028	0.0510	0.0518	0.0000	0.0000	0.0000	0.0000	0.0000	0.0000	0.0000	0.0000	0.0000	0.0005	0.0003	0.0010	0.0006	0.0005	0.0014	0.0005	0.0000	0.0009		
0	99	0.1764	15	1	1	0	0	0	0	0	0	N	N	N	N	N	N	N	N	N	N	N	N	0.0000	0.0000	0.0000	0.0000	0.0000	0.0000	0.0000	0.0000	0.0000	0.0000	0.0000	0.0000	0.0000	0.0000	0.0000	0.0000	0.0000	0.0000	0.0019	0.0027	0.0003	0.0046	0.0049	0.0006	0.0001	0.0000	0.0002	0.0485	0.0000	-0.0000	1.9237	1.5300	5.6885	0.7696	0.0000	0.0000	0.0000	0.0000	0.0000	0.0000	0.0000	0.0000	0.0000	0.0001	0.0001	0.0000	0.0001	0.0001	0.0000	0.0000	0.0000	0.0000	0.0287	0.0249	0.0038	0.0069	0.0065	0.0004	0.0218	0.0184	0.0034	0.0340	0.0226	0.0114	0.0137	0.0126	0.0011	0.0204	0.0100	0.0103	0.0000	0.0000	0.0000	0.0000	0.0000	0.0000	0.0000	0.0000	0.0000	0.0019	0.0027	0.0003	0.0046	0.0049	0.0006	0.0001	0.0000	0.0002	
0	100	0.1676	14	1	1	0	0	0	0	0	0	N	N	N	N	N	N	N	N	N	N	N	N	0.0000	0.0000	0.0000	0.0000	0.0000	0.0000	0.0000	0.0000	0.0000	0.0000	0.0000	0.0000	0.0000	0.0000	0.0000	0.0000	0.0000	0.0000	0.0002	0.0001	0.0005	0.0005	0.0001	0.0041	0.0000	0.0000	0.0001	5.0005	0.0000	0.0000	1.9237	3.6906	5.6885	1.4800	0.0000	0.0000	0.0000	0.0000	0.0000	0.0000	0.0000	0.0000	0.0000	0.0000	0.0000	0.0000	0.0000	0.0000	0.0000	0.0000	0.0000	0.0000	0.0580	0.0505	0.0075	0.0099	0.0096	0.0003	0.0480	0.0408	0.0072	0.0670	0.0434	0.0236	0.0252	0.0226	0.0026	0.0418	0.0207	0.0210	0.0000	0.0000	0.0000	0.0000	0.0000	0.0000	0.0000	0.0000	0.0000	0.0002	0.0001	0.0005	0.0005	0.0001	0.0041	0.0000	0.0000	0.0001	
0	101	0.1676	13	1	1	0	0	0	0	0	0	N	N	N	N	N	N	N	N	N	N	N	N	0.0000	0.0000	0.0000	0.0000	0.0000	0.0000	0.0000	0.0000	0.0000	0.0000	0.0000	0.0000	0.0000	0.0000	0.0000	0.0000	0.0000	0.0003	0.0003	0.0005	0.0005	0.0005	0.0007	0.0002	0.0000	0.0005	0.9405	0.0000	-0.0000	1.9237	0.1361	5.6885	0.4500	0.0000	0.0000	0.0000	0.0000	0.0000	0.0000	0.0000	0.0000	0.0000	0.0000	0.0000	0.0000	0.0000	0.0000	0.0000	0.0000	0.0000	0.0000	0.0038	0.0034	0.0004	0.0012	0.0012	0.0000	0.0026	0.0022	0.0004	0.0100	0.0066	0.0033	0.0042	0.0038	0.0004	0.0058	0.0029	0.0029	0.0000	0.0000	0.0000	0.0000	0.0000	0.0000	0.0000	0.0000	0.0000	0.0003	0.0003	0.0005	0.0005	0.0005	0.0007	0.0002	0.0000	0.0005		
0	102	0.1517	12	1	1	0	0	0	0	0	0	N	N	N	N	N	N	N	N	N	N	N	N	0.0001	0.0000	0.0013	0.0003	0.0000	0.0164	0.0000	0.0000	0.0000	0.0000	0.0000	0.0000	0.0000	0.0000	0.0001	0.0000	0.0000	0.0000	0.0060	0.0071	0.0042	0.0133	0.0138	0.0077	0.0021	0.0001	0.0039	inf	0.3418	0.0000	-0.0002	1.9237	3.5591	5.6885	4.5341	0.0000	0.0000	0.0000	0.0000	0.0000	0.0000	0.0000	0.0000	0.0000	0.0007	0.0005	0.0002	0.0005	0.0005	0.0000	0.0001	0.0000	0.0001	0.0603	0.0527	0.0076	0.0117	0.0113	0.0003	0.0486	0.0414	0.0072	0.1117	0.0712	0.0405	0.0396	0.0362	0.0035	0.0720	0.0350	0.0370	0.0001	0.0000	0.0013	0.0003	0.0000	0.0164	0.0000	0.0000	0.0000	0.0060	0.0071	0.0042	0.0133	0.0138	0.0077	0.0021	0.0001	0.0039
0	103	0.1300	11	1	1	0	0	0	0	0	0	N	N	N	N	N	N	N	N	N	N	N	N	0.0013	0.0007	0.0039	0.0073	0.0017	0.7499	0.0000	0.0000	0.0000	0.0002	0.0000	0.0009	0.0008	0.0002	0.0330	0.0000	0.0000	0.0000	0.1198	0.0571	0.2312	0.1090	0.1155	0.0440	0.1255	0.0008	0.2489	3.0813	2.2776	0.0000	0.0027	1.9237	2.8937	5.6885	8.0733	0.0000	0.0000	0.0000	0.0000	0.0000	0.0000	0.0000	0.0000	0.0000	0.0176	0.0054	0.0122	0.0055	0.0053	0.0002	0.0120	0.0000	0.0120	0.0540	0.0471	0.0069	0.0102	0.0100	0.0002	0.0438	0.0371	0.0067	0.1465	0.0937	0.0528	0.0506	0.0460	0.0046	0.0959	0.0477	0.0482	0.0013	0.0007	0.0039	0.0073	0.0017	0.7499	0.0000	0.0000	0.0000	0.1198	0.0571	0.2312	0.1090	0.1155	0.0440	0.1255	0.0008	0.2489
0	104	0.1248	7	1	2	0	0	0	0	0	0	N	Y	N	N	N	N	N	N	N	N	N	N	0.0035	0.0103	0.0000	0.0118	0.0303	0.0000	0.0000	0.0000	0.0000	0.0002	0.0002	0.0000	0.0004	0.0004	0.0000	0.0000	0.0000	0.0000	0.0459	0.0180	0.1351	0.0356	0.0141	0.3336	0.0542	0.0225	0.1083	0.0000	2.3535	-0.0000	0.0002	1.9237	0.0277	5.6885	1.3445	0.0000	0.0000	0.0000	0.0000	0.0000	0.0000	0.0000	0.0000	0.0000	0.0016	0.0005	0.0011	0.0005	0.0002	0.0003	0.0010	0.0003	0.0008	0.0008	0.0007	0.0001	0.0003	0.0003	0.0000	0.0005	0.0004	0.0001	0.0340	0.0259	0.0081	0.0151	0.0140	0.0011	0.0190	0.0120	0.0070	0.0035	0.0103	0.0000	0.0118	0.0303	0.0000	0.0000	0.0000	0.0000	0.0459	0.0180	0.1351	0.0356	0.0141	0.3015	0.0542	0.0225	0.1083
0	105	0.0781	6	1	2	0	0	0	0	0	0	N	Y	N	N	N	N	N	N	N	N	N	N	12.9803	9.7719	0.0741	0.0234	0.0199	0.0297	13.8890	8.2009	0.0620	10.8016	12.4379	0.0024	0.0162	0.0169	0.0002	13.3327	15.7376	0.0025	0.8322	1.2728	0.0325	0.6935	0.8510	0.0070	0.9599	1.9190	0.0411	0.0000	0.0141	-0.3471	-0.2285	1.9237	5.1414	5.6885	16.4151	0.9110	0.9110	0.0000	0.0003	0.0003	0.0000	0.9108	0.9107	0.0000	0.4320	0.4260	0.0060	0.1726	0.1723	0.0003	0.2593	0.2537	0.0057	0.0843	0.0732	0.0111	0.0160	0.0154	0.0007	0.0683	0.0579	0.0104	0.5191	0.3347	0.1844	0.2489	0.2025	0.0465	0.2702	0.1322	0.1380	12.9803	9.7719	0.0741	0.0234	0.0199	0.0297	13.8890	8.2009	0.0620	0.8322	1.2728	0.0325	0.6935	0.8510	0.0070	0.9599	1.9190	0.0411
0	106	0.0699	5	1	1	0	0	0	0	0	0	N	N	N	N	N	N	N	N	N	N	N	N	0.0306	0.0242	0.0056	0.2312	0.1908	0.5934	0.0010	0.0006	0.0009	0.0309	0.0356	0.0010	0.1955	0.2020	0.0187	0.0012	0.0014	0.0002	1.0118	1.4708	0.1718	0.8457	1.0589	0.0315	1.2403	2.4773	0.2441	0.0042	0.0638	-0.0007	-0.1901	1.9237	3.8974	5.6885	1.6364	0.0020	0.0020	0.0000	0.0019	0.0019	0.0000	0.0001	0.0001	0.0000	0.3937	0.3700	0.0236	0.1905	0.1890	0.0015	0.2031	0.1810	0.0222	0.0640	0.0554	0.0086	0.0098	0.0094	0.0003	0.0542	0.0460	0.0082	0.3891	0.2516	0.1375	0.2253	0.1785	0.0468	0.1638	0.0731	0.0907	0.0306	0.0242	0.0056	0.2312	0.1908	0.5934	0.0010	0.0006	0.0009	1.0118	1.4708	0.1718	0.8457	1.0589	0.0315	1.2403	2.4773	0.2441
0	109	0.1603	12	2	2	0	1	0	0	0	0	Y	Y	N	N	N	N	N	N	N	N	N	N	0.0000	0.0000	0.0000	0.0000	0.0000	0.0000	0.0000	0.0000	0.0000	0.0000	0.0000	0.0000	0.0000	0.0000	0.0000	0.0000	0.0000	0.0000	0.0000	0.0000	1.9237	0.0000	5.6885	0.0000	0.0000	0.0000	0.0000	0.0000	0.0000	0.0000	0.0000	0.0000	0.0000	0.0000	0.0000	0.0000	0.0000	0.0000	0.0000	0.0000	0.0000	0.0000	0.0000	0.0000	0.0000	0.0000	0.0000	0.0000	0.0000	0.0000	0.0000	0.0000	0.0000	0.0000	0.0000	0.0000	0.0000	0.0000	0.0000	0.0000	0.0000	0.0000	0.0000	0.0000	0.0000	0.0000	0.0000	0.0000	0.0000	0.0000	0.0000	0.0000	0.0000	0.0000	0.0000	0.0000	0.0000	0.0000											
0	110	0.1454	11	2	2	0	1	0	0	0	0	Y	Y	N	N	N	N	N	N	N	N	N	N	0.0000	0.0000	0.0000	0.0000	0.0000	0.0000	0.0000	0.0000	0.0000	0.0000	0.0000	0.0000	0.0000	0.0000	0.0000	0.0000	0.0000	0.0014	0.0002	0.0039	0.0039	0.0003	0.0333	0.0000	0.0000	0.0000	12.2879	0.0000	0.0001	1.9237	0.0000	5.6885	7.1240	0.0000	0.0000	0.0000	0.0000	0.0000	0.0000	0.0000	0.0000	0.0000	0.0001	0.0000	0.0001	0.0001	0.0000	0.0001	0.0000	0.0000	0.0000	0.0000	0.0000	0.0000	0.0000	0.0000	0.0000	0.0000	0.0000	0.0000	0.0919	0.0601	0.0318	0.0341	0.0304	0.0036	0.0578	0.0297	0.0281	0.0000	0.0000	0.0000	0.0000	0.0000	0.0000	0.0000	0.0000	0.0000	0.0014	0.0002	0.0039	0.0039	0.0003	0.0333	0.0000	0.0000	0.0000		
0	111	0.1543	13	1	2	0	1	0	0	0	0	N	Y	N	N	N	N	N	N	N	N	N	N	0.0000	0.0000	0.0000	0.0000	0.0000	0.0000	0.0000	0.0000	0.0000	0.0000	0.0000	0.0000	0.0000	0.0000	0.0000	0.0000	0.0000	0.0000	0.0000	0.0000	0.0000	0.0000	0.0000	0.0000	0.0000	0.0000	0.0000	0.7619	0.0000	-0.0000	1.9237	0.0016	5.6885	5.0076	0.0000	0.0000	0.0000	0.0000	0.0000	0.0000	0.0000	0.0000	0.0000	0.0000	0.0000	0.0000	0.0000	0.0000	0.0000	0.0000	0.0000	0.0000	0.0001	0.0001	0.0000	0.0000	0.0000	0.0000	0.0000	0.0000	0.0000	0.0634	0.0419	0.0215	0.0252	0.0220	0.0032	0.0383	0.0200	0.0183	0.0000	0.0000	0.0000	0.0000	0.0000	0.0000	0.0000	0.0000	0.0000	0.0000	0.0000	0.0000	0.0000	0.0000	0.0000	0.0000	0.0000	0.0000	
0	112	0.1475	12	1	2	0	1	0	0	0	0	N	Y	N	N	N	N	N	N	N	N	N	N	0.0000	0.0000	0.0000	0.0000	0.0000	0.0000	0.0000	0.0000	0.0000	0.0000	0.0000	0.0000	0.0000	0.0000	0.0000	0.0000	0.0000	0.0003	0.0003	0.0002	0.0007	0.0007	0.0007	0.0000	0.0000	0.0001	0.2606	0.0000	-0.0000	1.9237	1.0012	5.6885	2.1373	0.0000	0.0000	0.0000	0.0000	0.0000	0.0000	0.0000	0.0000	0.0000	0.0000	0.0000	0.0000	0.0000	0.0000	0.0000	0.0000	0.0000	0.0000	0.0154	0.0133	0.0021	0.0023	0.0022	0.0001	0.0131	0.0111	0.0020	0.0437	0.0286	0.0151	0.0172	0.0153	0.0018	0.0265	0.0133	0.0132	0.0000	0.0000	0.0000	0.0000	0.0000	0.0000	0.0000	0.0000	0.0000	0.0003	0.0003	0.0002	0.0007	0.0007	0.0007	0.0000	0.0000	0.0001		
0	113	0.1558	12	1	2	0	0	0	0	0	0	N	Y	N	N	N	N	N	N	N	N	N	N	0.0000	0.0000	0.0000	0.0000	0.0000	0.0000	0.0000	0.0000	0.0000	0.0000	0.0000	0.0000	0.0000	0.0000	0.0000	0.0000	0.0000	0.0000	0.0004	0.0006	0.0000	0.0011	0.0012	0.0001	0.0000	0.0000	0.0000	0.0225	0.0000	-0.0000	1.9237	0.9705	5.6885	5.0371	0.0000	0.0000	0.0000	0.0000	0.0000	0.0000	0.0000	0.0000	0.0000	0.0000	0.0000	0.0000	0.0000	0.0000	0.0000	0.0000	0.0000	0.0000	0.0173	0.0151	0.0022	0.0037	0.0036	0.0001	0.0136	0.0115	0.0020	0.0769	0.0509	0.0260	0.0289	0.0258	0.0031	0.0480	0.0251	0.0229	0.0000	0.0000	0.0000	0.0000	0.0000	0.0000	0.0000	0.0000	0.0000	0.0004	0.0006	0.0000	0.0011	0.0012	0.0001	0.0000	0.0000	0.0000	
0	114	0.1475	12	1	1	1	1	0	0	0	0	N	N	N	N	N	N	N	N	N	N	N	N	0.0000	0.0000	0.0000	0.0000	0.0000	0.0000	0.0000	0.0000	0.0000	0.0000	0.0000	0.0000	0.0000	0.0000	0.0000	0.0001	0.0000	0.0004	0.0002	0.0000	0.0019	0.0001	0.0000	0.0002	inf	0.0000	0.0000	1.9237	0.0000	5.6885	1.1303	0.0000	0.0000	0.0000	0.0000	0.0000	0.0000	0.0000	0.0000	0.0000	0.0000	0.0000	0.0000	0.0000	0.0000	0.0000	0.0000	0.0000	0.0000	0.0000	0.0000	0.0000	0.0000	0.0000	0.0000	0.0000	0.0000	0.0000	0.0185	0.0121	0.0065	0.0076	0.0069	0.0007	0.0110	0.0052	0.0058	0.0000	0.0000	0.0000	0.0000	0.0000	0.0000	0.0000	0.0000	0.0000	0.0001	0.0000	0.0004	0.0002	0.0000	0.0019	0.0001	0.0000	0.0002				
0	115	0.1454	11	1	1	0	1	0	0	0	0	N	N	N	N	N	N	N	N	N	N	N	N	0.0000	0.0000	0.0000	0.0000	0.0000	0.0000	0.0000	0.0000	0.0000	0.0000	0.0000	0.0000	0.0000	0.0000	0.0000	0.0000	0.0000	0.0000	0.0012	0.0017	0.0003	0.0030	0.0031	0.0017	0.0001	0.0000	0.0002	0.1031	0.0000	-0.0000	1.9237	0.0000	5.6885	1.2340	0.0000	0.0000	0.0000	0.0000	0.0000	0.0000	0.0000	0.0000	0.0000	0.0000	0.0000	0.0000	0.0000	0.0000	0.0000	0.0000	0.0000	0.0000	0.0000	0.0000	0.0000	0.0000	0.0000	0.0000	0.0000	0.0000	0.0000	0.0200	0.0131	0.0070	0.0079	0.0073	0.0007	0.0121	0.0058	0.0063	0.0000	0.0000	0.0000	0.0000	0.0000	0.0000	0.0000	0.0000	0.0000	0.0012	0.0017	0.0003	0.0030	0.0031	0.0017	0.0001	0.0000	0.0002	
0	116	0.1529	12	1	1	1	1	0	0	0	0	N	N	N	N	N	N	N	N	N	N	N	N	56002.8001	71996.5187	0.0000	164481.6932	166214.7175	0.0000	0.0000	0.0000	0.1251	0.1434	0.0000	0.6231	0.6503	0.0000	0.0000	0.0000	0.0000	0.0000	0.0000	0.0000	0.0000	0.0000	0.0000	0.0000	0.0000	0.0000	0.0000	0.6813	-0.0008	-0.0000	1.9237	0.9725	5.6885	0.9874	0.0021	0.0021	0.0000	0.0021	0.0021	0.0000	0.0000	0.0000	0.0000	0.0000	0.0000	0.0000	0.0000	0.0000	0.0000	0.0000	0.0000	0.0000	0.0166	0.0144	0.0021	0.0033	0.0032	0.0001	0.0132	0.0113	0.0020	0.0257	0.0172	0.0086	0.0098	0.0087	0.0011	0.0159	0.0084	0.0075	56002.8001	71996.5187	0.0000	164481.6932	166214.7175	0.0000	0.0000	0.0000	0.0000	0.0000	0.0000	0.0000	0.0000	0.0000	0.0000	0.0000	0.0000	0.0000	
0	117	0.1529	12	1	1	1	1	0	0	0	0	N	N	N	N	N	N	N	N	N	N	N	N	178.4820	4.1946	240350.6972	135.5312	4.5369	537890.3674	10373.2969	37099.4946	0.0349	0.0012	0.3116	0.0699	0.0026	0.9519	0.0063	0.0000	0.0455	0.0002	0.0003	0.0000	0.0005	0.0006	0.0000	0.0000	0.0000	0.0000	30.6820	0.0022	0.0000	-0.0000	1.9237	0.0285	5.6885	4.0215	0.0001	0.0000	0.0001	0.0001	0.0000	0.0001	0.0000	0.0000	0.0000	0.0000	0.0000	0.0000	0.0000	0.0000	0.0000	0.0000	0.0000	0.0000	0.0018	0.0016	0.0002	0.0008	0.0007	0.0001	0.0010	0.0008	0.0001	0.0514	0.0341	0.0174	0.0194	0.0172	0.0022	0.0320	0.0168	0.0152	178.4820	4.1946	240350.6972	135.5312	4.5369	537890.3674	10373.2969	0.0000	37099.4946	0.0002	0.0003	0.0000	0.0005	0.0006	0.0000	0.0000	0.0000	0.0000	
0	118	0.1454	11	1	1	1	1	0	0	0	0	N	N	N	N	N	N	N	N	N	N	N	N	799.0185	760.1930	0.0000	2245.7531	2356.4099	0.0000	0.0000	0.0000	0.0000	0.1471	0.1696	0.0000	0.9923	1.0282	0.0000	0.0000	0.0000	0.0000	0.0002	0.0002	0.0001	0.0004	0.0004	0.0005	0.0000	0.0000	0.0001	0.0000	0.2611	-0.0026	-0.0000	1.9237	3.0275	5.6885	2.1573	0.0068	0.0068	0.0000	0.0068	0.0068	0.0000	0.0000	0.0000	0.0000	0.0000	0.0000	0.0000	0.0000	0.0000	0.0000	0.0000	0.0000	0.0000	0.0461	0.0400	0.0061	0.0068	0.0066	0.0002	0.0393	0.0334	0.0059	0.0687	0.0449	0.0238	0.0256	0.0230	0.0027	0.0430	0.0220	0.0211	799.0185	760.1930	0.0000	2245.7531	2356.4099	0.0000	0.0000	0.0000	0.0000	0.0002	0.0002	0.0001	0.0004	0.0004	0.0005	0.0000	0.0000	0.0001
0	119	0.1866	11	2	2	0	0	0	0	0	0	Y	Y	N	N	N	N	N	N	N	N	N	N	0.4427	0.7966	1.3412	0.8125	1.7717	2.8334	0.3496	0.0000	1.2608	0.0006	0.0000	0.0051	0.0006	0.0000	0.0241	0.0006	0.0000	0.0042	0.0013	0.0000	0.0038	0.0008	0.0000	0.0085	0.0017	0.0000	0.0033	173.9380	426.5379	0.0000	0.0000	1.9237	2.1883	5.6885	3.1271	0.0000	0.0000	0.0000	0.0000	0.0000	0.0000	0.0000	0.0000	0.0000	0.0001	0.0000	0.0001	0.0000	0.0000	0.0000	0.0001	0.0000	0.0001	0.0396	0.0351	0.0045	0.0084	0.0081	0.0002	0.0312	0.0269	0.0043	0.0721	0.0470	0.0251	0.0266	0.0242	0.0024	0.0456	0.0228	0.0227	0.4427	0.7966	1.3412	0.8125	1.7717	2.8334	0.3496	0.0000	1.2608	0.0013	0.0000	0.0038	0.0008	0.0000	0.0085	0.0017	0.0000	0.0033
0	120	0.1197	10	2	2	0	0	0	0	0	0	Y	Y	N	N	N	N	N	N	N	N	N	N	12866.0129	85.9500	181856.8222	271.4974	251.6470	2402.1419	51770.7190	0.0000	173578.9577	4.2354	0.0355	32.6017	0.2187	0.2227	0.0686	4.9026	0.0000	33.5638	0.0003	0.0004	0.0002	0.0008	0.0009	0.0000	0.0001	0.0000	0.0002	136.0543	0.2421	0.5612	-0.0000	1.9237	13.6104	5.6885	16.0982	0.9176	0.0067	0.9109	0.0067	0.0067	0.0001	0.9108	0.0000	0.9108	0.0001	0.0001	0.0000	0.0001	0.0001	0.0000	0.0000	0.0000	0.0000	0.2166	0.1887	0.0279	0.0309	0.0301	0.0008	0.1858	0.1586	0.0271	0.3490	0.2241	0.1249	0.1151	0.1044	0.0107	0.2339	0.1196	0.1143	12866.0129	85.9500	181856.8222	271.4974	251.6470	2402.1419	51770.7190	0.0000	173578.9577	0.0003	0.0004	0.0002	0.0008	0.0009	0.0000	0.0001	0.0000	0.0002
0	121	0.1449	12	1	2	0	0	0	0	0	0	N	Y	N	N	N	N	N	N	N	N	N	N	0.0084	0.4253	0.0028	0.0092	0.6332	0.0000	0.0277	0.0227	0.0883	0.0006	0.0006	0.0006	0.0015	0.0015	0.0000	0.0001	0.0000	0.0006	0.0752	0.0015	0.2227	0.1585	0.0023	1.2504	0.0038	0.0003	0.0073	0.1071	74.7646	-0.0000	0.0039	1.9237	0.3548	5.6885	4.6068	0.0000	0.0000	0.0000	0.0000	0.0000	0.0000	0.0000	0.0000	0.0000	0.0088	0.0001	0.0086	0.0085	0.0001	0.0084	0.0002	0.0000	0.0002	0.0172	0.0155	0.0017	0.0067	0.0067	0.0001	0.0105	0.0089	0.0016	0.1164	0.0776	0.0388	0.0537	0.0463	0.0074	0.0627	0.0313	0.0314	0.0084	0.4253	0.0028	0.0092	0.6332	0.0000	0.0277	0.0227	0.0883	0.0752	0.0015	0.2227	0.1585	0.0023	1.1365	0.0038	0.0003	0.0073
0	122	0.1300	11	1	2	0	0	0	0	0	0	N	Y	N	N	N	N	N	N	N	N	N	N	0.4225	0.0039	37.6692	0.0093	0.0079	0.2610	16.6243	0.0000	125.9387	0.0372	0.0005	0.2999	0.0023	0.0021	0.0173	0.0473	0.0000	0.3073	0.0881	0.1336	0.0080	0.2450	0.2624	0.0664	0.0028	0.0033	0.0024	80.4525	0.0338	0.0008	-0.0047	1.9237	1.6911	5.6885	5.7022	0.0013	0.0000	0.0013	0.0000	0.0000	0.0000	0.0013	0.0000	0.0013	0.0091	0.0088	0.0003	0.0089	0.0087	0.0002	0.0002	0.0001	0.0001	0.0359	0.0315	0.0044	0.0080	0.0079	0.0001	0.0278	0.0235	0.0043	0.1037	0.0662	0.0375	0.0365	0.0333	0.0032	0.0672	0.0329	0.0343	0.4225	0.0039	37.6692	0.0093	0.0079	0.2610	16.6243	0.0000	125.9387	0.0881	0.1336	0.0080	0.2450	0.2624	0.0664	0.0028	0.0033	0.0024
0	123	0.1197	10	1	1	0	0	0	0	0	0	N	N	N	N	N	N	N	N	N	N	N	N	0.0081	0.0025	0.4221	0.0419	0.0197	65.5420	0.0015	0.0000	0.1172	0.0002	0.0001	0.0012	0.0007	0.0004	0.0349	0.0001	0.0000	0.0004	0.0280	0.0425	0.0029	0.0177	0.0191	0.0005	0.0336	0.0667	0.0031	1.3840	0.0393	0.0000	-0.0011	1.9237	2.0929	5.6885	3.1856	0.0000	0.0000	0.0000	0.0000	0.0000	0.0000	0.0000	0.0000	0.0000	0.0021	0.0021	0.0001	0.0005	0.0005	0.0000	0.0017	0.0016	0.0001	0.0515	0.0460	0.0056	0.0131	0.0130	0.0001	0.0384	0.0330	0.0054	0.0768	0.0486	0.0281	0.0269	0.0248	0.0021	0.0499	0.0239	0.0260	0.0081	0.0025	0.4221	0.0419	0.0197	65.5420	0.0015	0.0000	0.1172	0.0280	0.0425	0.0029	0.0177	0.0191	0.0005	0.0336	0.0667	0.0031
0	124	0.1604	13	2	2	0	0	0	0	0	0	Y	Y	N	N	N	N	N	N	N	N	N	N	0.0000	0.0000	0.0000	0.0000	0.0000	0.0000	0.0000	0.0000	0.0000	0.0000	0.0000	0.0000	0.0000	0.0000	0.0000	0.0000	0.0000	0.0000	0.0000	0.0000	1.9237	0.0000	5.6885	0.0000	0.0000	0.0000	0.0000	0.0000	0.0000	0.0000	0.0000	0.0000	0.0000	0.0000	0.0000	0.0000	0.0000	0.0000	0.0000	0.0000	0.0000	0.0000	0.0000	0.0000	0.0000	0.0000	0.0000	0.0000	0.0000	0.0000	0.0000	0.0000	0.0000	0.0000	0.0000	0.0000	0.0000	0.0000	0.0000	0.0000	0.0000	0.0000	0.0000	0.0000	0.0000	0.0000	0.0000	0.0000	0.0000	0.0000	0.0000	0.0000	0.0000	0.0000	0.0000	0.0000	0.0000	0.0000											
0	125	0.1558	12	2	2	0	0	0	0	0	0	Y	Y	N	N	N	N	N	N	N	N	N	N	0.0000	0.0000	0.0000	0.0000	0.0000	0.0000	0.0000	0.0000	0.0000	0.0000	0.0000	0.0000	0.0000	0.0000	0.0000	0.0000	0.0000	0.0000	0.0010	0.0015	0.0000	0.0026	0.0029	0.0000	0.0000	0.0000	0.0000	0.0055	0.0000	-0.0000	1.9237	0.1434	5.6885	1.9839	0.0000	0.0000	0.0000	0.0000	0.0000	0.0000	0.0000	0.0000	0.0000	0.0000	0.0000	0.0000	0.0000	0.0000	0.0000	0.0000	0.0000	0.0000	0.0046	0.0041	0.0005	0.0018	0.0017	0.0001	0.0028	0.0024	0.0004	0.0295	0.0197	0.0098	0.0113	0.0102	0.0011	0.0182	0.0095	0.0087	0.0000	0.0000	0.0000	0.0000	0.0000	0.0000	0.0000	0.0000	0.0000	0.0010	0.0015	0.0000	0.0026	0.0029	0.0000	0.0000	0.0000	0.0000	
0	126	0.1454	11	1	2	0	0	0	0	0	0	N	Y	N	N	N	N	N	N	N	N	N	N	0.0000	0.0000	0.0000	0.0000	0.0000	0.0000	0.0000	0.0000	0.0000	0.0000	0.0000	0.0000	0.0000	0.0000	0.0000	0.0000	0.0000	0.0000	0.0003	0.0004	0.0000	0.0008	0.0008	0.0000	0.0000	0.0000	0.0000	0.0021	0.0000	-0.0000	1.9237	1.8882	5.6885	2.9115	0.0000	0.0000	0.0000	0.0000	0.0000	0.0000	0.0000	0.0000	0.0000	0.0000	0.0000	0.0000	0.0000	0.0000	0.0000	0.0000	0.0000	0.0000	0.0289	0.0251	0.0039	0.0043	0.0041	0.0001	0.0246	0.0209	0.0037	0.0640	0.0419	0.0221	0.0239	0.0215	0.0025	0.0401	0.0204	0.0197	0.0000	0.0000	0.0000	0.0000	0.0000	0.0000	0.0000	0.0000	0.0000	0.0003	0.0004	0.0000	0.0008	0.0008	0.0000	0.0000	0.0000	0.0000	
0	127	0.1197	10	1	1	0	0	0	0	0	0	N	N	N	N	N	N	N	N	N	N	N	N	0.2713	0.2149	0.0000	0.4551	0.4414	0.0000	0.0005	0.0343	0.0000	0.0003	0.0004	0.0000	0.0015	0.0016	0.0000	0.0000	0.0000	0.0000	0.0012	0.0017	0.0003	0.0034	0.0036	0.0017	0.0001	0.0000	0.0002	0.0000	0.0951	-0.0000	-0.0001	1.9237	3.5543	5.6885	9.0319	0.0000	0.0000	0.0000	0.0000	0.0000	0.0000	0.0000	0.0000	0.0000	0.0002	0.0002	0.0000	0.0002	0.0002	0.0000	0.0000	0.0000	0.0000	0.0736	0.0650	0.0086	0.0155	0.0153	0.0002	0.0581	0.0497	0.0084	0.1649	0.1053	0.0595	0.0557	0.0508	0.0049	0.1092	0.0545	0.0547	0.2713	0.2149	0.0000	0.4551	0.4414	0.0000	0.0005	0.0343	0.0000	0.0012	0.0017	0.0003	0.0034	0.0036	0.0017	0.0001	0.0000	0.0002
0	128	0.1160	9	1	1	0	0	0	0	0	0	N	N	N	N	N	N	N	N	N	N	N	N	0.1175	0.0604	0.6135	0.3127	0.1555	87.6786	0.0003	0.0019	0.0009	0.0002	0.0001	0.0007	0.0009	0.0005	0.0277	0.0000	0.0000	0.0000	0.0015	0.0017	0.0012	0.0028	0.0030	0.0003	0.0007	0.0000	0.0012	0.9413	0.3790	0.0000	-0.0000	1.9237	2.6246	5.6885	0.7212	0.0000	0.0000	0.0000	0.0000	0.0000	0.0000	0.0000	0.0000	0.0000	0.0001	0.0001	0.0000	0.0001	0.0001	0.0000	0.0000	0.0000	0.0000	0.0529	0.0464	0.0065	0.0107	0.0105	0.0002	0.0422	0.0358	0.0064	0.0617	0.0392	0.0225	0.0241	0.0227	0.0014	0.0376	0.0164	0.0212	0.1175	0.0604	0.6135	0.3127	0.1555	87.6786	0.0003	0.0019	0.0009	0.0015	0.0017	0.0012	0.0028	0.0030	0.0003	0.0007	0.0000	0.0012
0	129	0.1103	8	1	1	0	0	0	0	0	0	N	N	N	N	N	N	N	N	N	N	N	N	0.0722	0.0332	0.5179	0.1652	0.0776	64.4810	0.0015	0.1422	0.0039	0.0002	0.0001	0.0006	0.0008	0.0004	0.0176	0.0000	0.0000	0.0000	0.0021	0.0026	0.0012	0.0049	0.0053	0.0003	0.0006	0.0000	0.0013	1.0222	0.2352	0.0000	-0.0001	1.9237	3.3474	5.6885	1.3769	0.0000	0.0000	0.0000	0.0000	0.0000	0.0000	0.0000	0.0000	0.0000	0.0001	0.0001	0.0000	0.0001	0.0001	0.0000	0.0000	0.0000	0.0000	0.0612	0.0535	0.0077	0.0116	0.0113	0.0003	0.0496	0.0422	0.0075	0.0672	0.0443	0.0229	0.0238	0.0219	0.0019	0.0434	0.0224	0.0210	0.0722	0.0332	0.5179	0.1652	0.0776	64.4810	0.0015	0.1422	0.0039	0.0021	0.0026	0.0012	0.0049	0.0053	0.0003	0.0006	0.0000	0.0013
0	130	0.1014	7	1	1	0	0	0	0	0	0	N	N	N	N	N	N	N	N	N	N	N	N	0.0051	0.0018	1.8530	0.0052	0.0024	153.9695	0.0017	inf	0.0046	0.0006	0.0003	0.0029	0.0018	0.0009	0.1103	0.0000	0.0000	0.0000	0.1155	0.1797	0.0016	0.3414	0.3720	0.0007	0.0008	0.0000	0.0016	1.0002	0.0049	0.0000	-0.0038	1.9237	0.4686	5.6885	4.0374	0.0000	0.0000	0.0000	0.0000	0.0000	0.0000	0.0000	0.0000	0.0000	0.0071	0.0071	0.0000	0.0071	0.0071	0.0000	0.0000	0.0000	0.0000	0.0161	0.0145	0.0016	0.0054	0.0053	0.0000	0.0108	0.0092	0.0016	0.0618	0.0395	0.0223	0.0208	0.0191	0.0017	0.0410	0.0204	0.0205	0.0051	0.0018	1.8530	0.0052	0.0024	153.9695	0.0017	inf	0.0046	0.1155	0.1797	0.0016	0.3414	0.3720	0.0007	0.0008	0.0000	0.0016
1	2	0.0909	7	0	0	1	2	0	0	0	0	N	N	N	Y	N	N	N	N	N	N	N	N	0.0000	0.0000	0.0000	0.0000	0.0000	0.0000	0.0000	0.0000	0.0000	0.0000	0.0000	0.0000	0.0000	0.0000	0.0000	0.0000	0.0000	0.0000	0.0078	0.0116	0.0024	0.0061	0.0064	0.0013	0.0083	0.0148	0.0024	0.1445	-0.0000	-0.0002	4.0334	0.9989	14.2895	0.9778	0.0000	0.0000	0.0000	0.0000	0.0000	0.0000	0.0000	0.0000	0.0000	0.0004	0.0004	0.0001	0.0001	0.0001	0.0000	0.0003	0.0003	0.0001	0.0298	0.0257	0.0040	0.0021	0.0020	0.0001	0.0276	0.0237	0.0039	0.0543	0.0319	0.0224	0.0130	0.0121	0.0009	0.0413	0.0197	0.0215	0.0000	0.0000	0.0000	0.0000	0.0000	0.0000	0.0000	0.0000	0.0000	0.0078	0.0116	0.0024	0.0061	0.0064	0.0013	0.0083	0.0148	0.0024	
1	3	0.2014	15	1	0	2	1	0	0	0	0	N	N	Y	N	N	N	N	N	N	N	N	N	0.0000	0.0000	0.0000	0.0000	0.0000	0.0000	0.0000	0.0000	0.0000	0.0000	0.0000	0.0000	0.0000	0.0000	0.0000	0.0000	0.0000	0.8572	1.1154	0.0000	1.4179	1.5686	0.0000	0.0004	0.0007	0.0000	0.0000	0.0000	-0.0940	4.0334	0.0000	14.2895	2.0052	0.0000	0.0000	0.0000	0.0000	0.0000	0.0000	0.0000	0.0000	0.0000	0.1731	0.1731	0.0000	0.1731	0.1731	0.0000	0.0000	0.0000	0.0000	0.0004	0.0004	0.0000	0.0002	0.0002	0.0000	0.0002	0.0002	0.0000	0.2020	0.1552	0.0467	0.1221	0.1104	0.0117	0.0799	0.0449	0.0350	0.0000	0.0000	0.0000	0.0000	0.0000	0.0000	0.0000	0.0000	0.0000	0.8572	1.1154	0.0000	1.4179	1.5686	0.0000	0.0004	0.0007	0.0000		
1	4	0.1297	6	0	1	1	1	0	0	0	0	N	N	N	N	N	N	N	N	N	N	N	N	4.9823	0.0067	149.2296	0.0121	0.0126	0.0000	183.0718	0.0000	3996.1055	0.0003	0.0000	0.0027	0.0000	0.0000	0.0000	0.0004	0.0000	0.0029	0.0001	0.0001	0.0000	0.0002	0.0002	0.0002	0.0000	0.0000	0.0000	611.9387	0.1024	0.0000	-0.0000	4.0334	0.9835	14.2895	6.0524	0.0000	0.0000	0.0000	0.0000	0.0000	0.0000	0.0000	0.0000	0.0000	0.0000	0.0000	0.0000	0.0000	0.0000	0.0000	0.0000	0.0000	0.0000	0.0297	0.0260	0.0037	0.0059	0.0057	0.0003	0.0237	0.0203	0.0034	0.1781	0.1156	0.0625	0.0518	0.0467	0.0051	0.1263	0.0689	0.0574	4.9823	0.0067	149.2296	0.0121	0.0126	0.0000	183.0718	0.0000	3996.1055	0.0001	0.0001	0.0000	0.0002	0.0002	0.0002	0.0000	0.0000	0.0000
1	5	0.1232	8	0	0	2	2	0	0	0	0	N	N	Y	Y	N	N	N	N	N	N	N	N	96.3412	71.4291	0.0000	1.6375	1.5882	172.3569	116.6863	0.0000	0.0328	0.0376	0.0000	0.0011	0.0012	0.0000	0.0379	0.0440	0.0000	0.0003	0.0005	0.0001	0.0007	0.0008	0.0000	0.0002	0.0004	0.0001	0.0000	0.0846	-0.0031	-0.0001	4.0334	8.9974	14.2895	7.9196	0.0083	0.0083	0.0000	0.0000	0.0000	0.0000	0.0082	0.0082	0.0000	0.0001	0.0001	0.0000	0.0001	0.0001	0.0000	0.0001	0.0000	0.0000	0.2517	0.2199	0.0318	0.0350	0.0331	0.0019	0.2167	0.1868	0.0299	0.3620	0.2162	0.1458	0.0913	0.0837	0.0076	0.2707	0.1325	0.1382	96.3412	71.4291	0.0000	1.6375	1.5882	0.0000	172.3569	116.6863	0.0000	0.0003	0.0005	0.0001	0.0007	0.0008	0.0000	0.0002	0.0004	0.0001	
1	6	0.1833	14	1	1	1	1	0	0	0	0	N	N	N	N	N	N	N	N	N	N	N	N	0.0008	0.0000	0.0037	0.0010	0.0000	0.0112	0.0000	0.0000	0.0000	0.0000	0.0000	0.0000	0.0000	0.0000	0.0010	0.0000	0.0000	0.0000	0.0048	0.0029	0.0082	0.0115	0.0059	0.0925	0.0016	0.0000	0.0031	inf	1.6773	0.0000	0.0001	4.0334	0.0167	14.2895	6.1901	0.0000	0.0000	0.0000	0.0000	0.0000	0.0000	0.0000	0.0000	0.0000	0.0008	0.0003	0.0005	0.0006	0.0003	0.0003	0.0002	0.0000	0.0002	0.0011	0.0010	0.0001	0.0004	0.0004	0.0000	0.0007	0.0006	0.0001	0.1726	0.1084	0.0642	0.0565	0.0528	0.0037	0.1161	0.0556	0.0605	0.0008	0.0000	0.0037	0.0010	0.0000	0.0112	0.0000	0.0000	0.0000	0.0048	0.0029	0.0082	0.0115	0.0059	0.0925	0.0016	0.0000	0.0031
1	7	0.2110	17	1	0	2	1	0	0	0	0	N	N	Y	N	N	N	N	N	N	N	N	N	0.0000	0.0000	0.0000	0.0000	0.0000	0.0000	0.0000	0.0000	0.0000	0.0000	0.0000	0.0000	0.0000	0.0000	0.0000	0.0000	0.0000	0.0000	0.0004	0.0006	0.0000	0.0000	0.0000	0.0000	0.0007	0.0014	0.0000	0.0005	0.0000	-0.0000	4.0334	0.9997	14.2895	1.8904	0.0000	0.0000	0.0000	0.0000	0.0000	0.0000	0.0000	0.0000	0.0000	0.0000	0.0000	0.0000	0.0000	0.0000	0.0000	0.0000	0.0000	0.0000	0.0280	0.0245	0.0035	0.0064	0.0061	0.0003	0.0216	0.0184	0.0031	0.0735	0.0483	0.0251	0.0288	0.0263	0.0025	0.0447	0.0220	0.0226	0.0000	0.0000	0.0000	0.0000	0.0000	0.0000	0.0000	0.0000	0.0000	0.0004	0.0006	0.0000	0.0000	0.0000	0.0000	0.0007	0.0014	0.0000	
1	8	0.1653	11	1	1	1	2	0	0	0	0	N	N	N	Y	N	N	N	N	N	N	N	N	0.0000	0.0000	0.0000	0.0000	0.0000	0.0000	0.0000	0.0000	0.0000	0.0000	0.0000	0.0000	0.0000	0.0000	0.0000	0.0000	0.0000	0.0000	0.0000	0.0000	4.0334	0.0000	14.2895	0.0000	0.0000	0.0000	0.0000	0.0000	0.0000	0.0000	0.0000	0.0000	0.0000	0.0000	0.0000	0.0000	0.0000	0.0000	0.0000	0.0000	0.0000	0.0000	0.0000	0.0000	0.0000	0.0000	0.0000	0.0000	0.0000	0.0000	0.0000	0.0000	0.0000	0.0000	0.0000	0.0000	0.0000	0.0000	0.0000	0.0000	0.0000	0.0000	0.0000	0.0000	0.0000	0.0000	0.0000	0.0000	0.0000	0.0000	0.0000	0.0000	0.0000	0.0000	0.0000	0.0000	0.0000	0.0000											
1	9	0.2110	17	1	0	2	1	0	0	0	0	N	N	Y	N	N	N	N	N	N	N	N	N	0.0000	0.0000	0.0000	0.0000	0.0000	0.0000	0.0000	0.0000	0.0000	0.0000	0.0000	0.0000	0.0000	0.0000	0.0000	0.0000	0.0000	0.0006	0.0006	0.0007	0.0002	0.0003	0.0000	0.0009	0.0009	0.0008	0.7495	0.0000	-0.0000	4.0334	1.0003	14.2895	3.8877	0.0000	0.0000	0.0000	0.0000	0.0000	0.0000	0.0000	0.0000	0.0000	0.0001	0.0000	0.0000	0.0000	0.0000	0.0000	0.0001	0.0000	0.0000	0.0280	0.0245	0.0035	0.0064	0.0061	0.0003	0.0216	0.0184	0.0031	0.1124	0.0724	0.0401	0.0425	0.0386	0.0039	0.0699	0.0338	0.0361	0.0000	0.0000	0.0000	0.0000	0.0000	0.0000	0.0000	0.0000	0.0000	0.0006	0.0006	0.0007	0.0002	0.0003	0.0000	0.0009	0.0009	0.0008		
1	10	0.2082	16	1	0	2	1	0	0	0	0	N	N	Y	N	N	N	N	N	N	N	N	N	0.0000	0.0000	0.0000	0.0000	0.0000	0.0000	0.0000	0.0000	0.0000	0.0000	0.0000	0.0000	0.0000	0.0000	0.0000	0.0000	0.0000	0.0534	0.0852	0.0000	0.0032	0.0035	0.0000	0.0821	0.1750	0.0000	0.0000	0.0000	-0.0008	4.0334	0.0008	14.2895	1.2348	0.0000	0.0000	0.0000	0.0000	0.0000	0.0000	0.0000	0.0000	0.0000	0.0014	0.0014	0.0000	0.0000	0.0000	0.0000	0.0014	0.0014	0.0000	0.0000	0.0000	0.0000	0.0000	0.0000	0.0000	0.0000	0.0000	0.0000	0.0262	0.0164	0.0098	0.0095	0.0086	0.0009	0.0167	0.0078	0.0089	0.0000	0.0000	0.0000	0.0000	0.0000	0.0000	0.0000	0.0000	0.0000	0.0534	0.0852	0.0000	0.0032	0.0035	0.0000	0.0821	0.1750	0.0000		
1	11	0.0830	5	0	0	2	1	0	0	0	0	N	N	Y	N	N	N	N	N	N	N	N	N	102.6224	0.1745	8572.3460	0.2184	0.2169	0.1423	3000.1643	195.8951	10034.7975	0.2055	0.0006	1.5496	0.0020	0.0021	0.0001	0.2452	0.0002	1.6401	0.0020	0.0032	0.0002	0.0093	0.0098	0.0008	0.0001	0.0000	0.0002	418.3521	0.0378	0.0162	-0.0003	4.0334	4.1301	14.2895	9.5352	0.0263	0.0001	0.0263	0.0000	0.0000	0.0000	0.0263	0.0000	0.0263	0.0006	0.0006	0.0000	0.0006	0.0006	0.0000	0.0000	0.0000	0.0000	0.1282	0.1112	0.0170	0.0209	0.0200	0.0009	0.1072	0.0912	0.0160	0.3219	0.1919	0.1300	0.0672	0.0636	0.0036	0.2548	0.1283	0.1265	102.6224	0.1745	8572.3460	0.2184	0.2169	0.1423	3000.1643	195.8951	10034.7975	0.0020	0.0032	0.0002	0.0093	0.0098	0.0008	0.0001	0.0000	0.0002
1	12	0.1725	13	1	1	1	1	0	0	0	0	N	N	N	N	N	N	N	N	N	N	N	N	92.9184	115.4286	0.0000	96.3056	146.6709	0.0000	373.2010	1972010.3015	0.0000	0.0907	0.1044	0.0000	0.2780	0.3002	0.0000	0.0521	0.0608	0.0000	0.0010	0.0009	0.0011	0.0029	0.0020	0.0099	0.0001	0.0000	0.0003	0.0000	0.7544	-0.0060	-0.0000	4.0334	5.9431	14.2895	4.2945	0.0156	0.0156	0.0000	0.0082	0.0082	0.0000	0.0075	0.0075	0.0000	0.0002	0.0001	0.0001	0.0002	0.0001	0.0001	0.0000	0.0000	0.0000	0.1724	0.1498	0.0226	0.0294	0.0272	0.0022	0.1430	0.1225	0.0204	0.2171	0.1335	0.0835	0.0661	0.0590	0.0071	0.1510	0.0746	0.0764	92.9184	115.4286	0.0000	96.3056	146.6709	0.0000	373.2010	1972010.3015	0.0000	0.0010	0.0009	0.0011	0.0029	0.0020	0.0099	0.0001	0.0000	0.0003
1	13	0.1524	11	0	0	2	2	0	0	0	0	N	N	Y	Y	N	N	N	N	N	N	N	N	0.0000	0.0000	0.0000	0.0000	0.0000	0.0000	0.0000	0.0000	0.0000	0.0000	0.0000	0.0000	0.0000	0.0004	0.0006	0.0000	0.0012	0.0013	0.0000	0.0000	0.0000	0.0000	0.0000	0.0000	-0.0000	4.0334	0.0000	14.2895	3.8697	0.0000	0.0000	0.0000	0.0000	0.0000	0.0000	0.0000	0.0000	0.0000	0.0000	0.0000	0.0000	0.0000	0.0000	0.0000	0.0000	0.0000	0.0000	0.0000	0.0000	0.0000	0.0000	0.0000	0.0000	0.0000	0.0000	0.0000	0.0997	0.0588	0.0409	0.0302	0.0273	0.0029	0.0695	0.0316	0.0379	0.0000	0.0000	0.0000	0.0000	0.0000	0.0000	0.0000	0.0000	0.0000	0.0004	0.0006	0.0000	0.0012	0.0013	0.0000	0.0000	0.0000	0.0000						
1	14	0.1947	15	0	1	1	1	0	0	0	0	N	N	N	N	N	N	N	N	N	N	N	N	0.2635	0.1261	725.9601	0.3806	0.3570	122.7862	258.2369	0.2965	1015.0535	0.0022	0.0017	0.0055	0.0104	0.0107	0.0043	0.0008	0.0000	0.0056	0.0084	0.0136	0.0000	0.0274	0.0301	0.0000	0.0000	0.0000	0.0000	0.4889	0.0003	-0.0000	-0.0014	4.0334	4.8103	14.2895	9.0653	0.0003	0.0002	0.0001	0.0002	0.0002	0.0000	0.0001	0.0000	0.0001	0.0026	0.0026	0.0000	0.0026	0.0026	0.0000	0.0000	0.0000	0.0000	0.1407	0.1221	0.0186	0.0205	0.0196	0.0010	0.1202	0.1025	0.0176	0.3045	0.1882	0.1163	0.0937	0.0853	0.0083	0.2108	0.1029	0.1079	0.2635	0.1261	725.9601	0.3806	0.3570	122.7862	258.2369	0.2965	1015.0535	0.0084	0.0136	0.0000	0.0274	0.0301	0.0000	0.0000	0.0000	0.0000
1	15	0.1524	11	0	0	1	2	0	0	0	0	N	N	N	Y	N	N	N	N	N	N	N	N	0.0000	0.0000	0.0000	0.0000	0.0000	0.0000	0.0000	0.0000	0.0000	0.0000	0.0000	0.0000	0.0000	0.0000	0.0000	8.1416	13.8101	0.0000	0.0010	0.0011	0.0000	11.6133	25.4025	0.0000	0.0000	0.0000	-0.5415	4.0334	1.0000	14.2895	3.8697	0.0000	0.0000	0.0000	0.0000	0.0000	0.0000	0.0000	0.0000	0.0000	0.9973	0.9973	0.0000	0.0000	0.0000	0.0000	0.9972	0.9972	0.0000	0.0283	0.0246	0.0038	0.0034	0.0032	0.0002	0.0249	0.0214	0.0036	0.1225	0.0722	0.0503	0.0366	0.0330	0.0037	0.0859	0.0393	0.0466	0.0000	0.0000	0.0000	0.0000	0.0000	0.0000	0.0000	0.0000	0.0000	8.1416	13.8101	0.0000	0.0010	0.0011	0.0000	11.6133	25.4025	0.0000				
1	16	0.1300	9	0	1	1	2	0	0	0	0	N	N	N	Y	N	N	N	N	N	N	N	N	0.0000	0.0000	0.0000	0.0000	0.0000	0.0000	0.0000	0.0000	0.0000	0.0000	0.0000	0.0000	0.0000	0.0000	0.0000	0.0000	0.0000	0.0000	0.0000	0.0000	0.0000	0.0000	0.0000	0.0000	0.0000	0.0310	0.0000	-0.0000	4.0334	0.0040	14.2895	5.7722	0.0000	0.0000	0.0000	0.0000	0.0000	0.0000	0.0000	0.0000	0.0000	0.0000	0.0000	0.0000	0.0000	0.0000	0.0000	0.0000	0.0000	0.0000	0.0002	0.0002	0.0000	0.0000	0.0000	0.0000	0.0001	0.0001	0.0000	0.1398	0.0867	0.0531	0.0384	0.0356	0.0028	0.1014	0.0511	0.0503	0.0000	0.0000	0.0000	0.0000	0.0000	0.0000	0.0000	0.0000	0.0000	0.0000	0.0000	0.0000	0.0000	0.0000	0.0000	0.0000	0.0000	0.0000			
1	17	0.2100	17	0	1	1	1	0	0	0	0	N	N	N	N	N	N	N	N	N	N	N	N	0.0000	0.0000	0.0000	0.0000	0.0000	0.0000	0.0000	0.0000	0.0000	0.0000	0.0000	0.0000	0.0000	0.0000	0.0000	0.0000	0.0000	0.0000	9.3006	14.4018	0.0001	0.0108	0.0118	0.0006	13.9581	27.4004	0.0000	0.0000	0.0000	-1.0829	4.0334	1.0133	14.2895	7.9669	0.0000	0.0000	0.0000	0.0000	0.0000	0.0000	0.0000	0.0000	0.0000	1.9944	1.9944	0.0000	0.0008	0.0008	0.0000	1.9936	1.9936	0.0000	0.0292	0.0254	0.0037	0.0049	0.0046	0.0002	0.0243	0.0208	0.0035	0.2144	0.1385	0.0760	0.0716	0.0657	0.0059	0.1428	0.0728	0.0701	0.0000	0.0000	0.0000	0.0000	0.0000	0.0000	0.0000	0.0000	0.0000	9.3006	14.4018	0.0001	0.0108	0.0118	0.0006	13.9581	27.4004	0.0000	
1	18	0.1592	12	0	1	1	2	0	0	0	0	N	N	N	Y	N	N	N	N	N	N	N	N	863.2759	26739.6415	0.0000	78976.4320	96313.7780	0.0000	0.0000	0.0000	0.0000	0.0288	0.0332	0.0000	0.2336	0.2455	0.0000	0.0000	0.0000	0.0000	0.0000	0.0000	0.0001	0.0000	0.0000	0.0000	0.0000	0.0000	0.0001	0.0000	44.1727	-0.0003	0.0000	4.0334	0.9988	14.2895	1.0036	0.0008	0.0008	0.0000	0.0008	0.0008	0.0000	0.0000	0.0000	0.0000	0.0000	0.0000	0.0000	0.0000	0.0000	0.0000	0.0000	0.0000	0.0000	0.0284	0.0247	0.0038	0.0035	0.0033	0.0002	0.0249	0.0213	0.0036	0.0486	0.0289	0.0197	0.0149	0.0131	0.0018	0.0337	0.0158	0.0179	863.2759	26739.6415	0.0000	78976.4320	96313.7780	0.0000	0.0000	0.0000	0.0000	0.0000	0.0000	0.0001	0.0000	0.0000	0.0000	0.0000	0.0000	0.0001
1	19	0.1416	8	1	1	1	1	0	0	0	0	N	N	N	N	N	N	N	N	N	N	N	N	0.4541	0.0002	4428.0805	0.0003	0.0002	0.4636	8479.2124	0.0000	27382.0823	0.0778	0.0001	0.7709	0.0002	0.0001	0.0010	0.1385	0.0000	0.9040	0.1714	0.2704	0.0002	0.5716	0.6200	0.0022	0.0000	0.0000	0.0000	1385.3014	0.0004	0.0000	-0.0109	4.0334	0.0025	14.2895	5.0336	0.0000	0.0000	0.0000	0.0000	0.0000	0.0000	0.0000	0.0000	0.0000	0.0200	0.0200	0.0000	0.0200	0.0200	0.0000	0.0000	0.0000	0.0000	0.0003	0.0002	0.0000	0.0001	0.0001	0.0000	0.0001	0.0001	0.0000	0.1168	0.0740	0.0428	0.0350	0.0323	0.0027	0.0818	0.0418	0.0400	0.4541	0.0002	4428.0805	0.0003	0.0002	0.4636	8479.2124	0.0000	27382.0823	0.1714	0.2704	0.0002	0.5716	0.6200	0.0022	0.0000	0.0000	0.0000
1	20	0.1498	11	0	1	1	1	0	0	0	0	N	N	N	N	N	N	N	N	N	N	N	N	0.0387	0.0295	0.0000	10.1613	9.3137	0.0000	0.0000	0.0000	0.0000	0.0101	0.0115	0.0000	0.0448	0.0458	0.0000	0.0000	0.0000	0.0000	0.2611	0.3904	0.0000	0.0044	0.0049	0.0000	0.4555	0.9545	0.0000	0.0000	0.0000	-0.0003	-0.0390	4.0334	1.9984	14.2895	3.0609	0.0008	0.0008	0.0000	0.0008	0.0008	0.0000	0.0000	0.0000	0.0000	0.0718	0.0718	0.0000	0.0005	0.0005	0.0000	0.0713	0.0713	0.0000	0.0811	0.0712	0.0099	0.0183	0.0179	0.0004	0.0628	0.0534	0.0095	0.2750	0.1839	0.0911	0.1185	0.1063	0.0123	0.1565	0.0777	0.0788	0.0387	0.0295	0.0000	10.1613	9.3137	0.0000	0.0000	0.0000	0.0000	0.2611	0.3904	0.0000	0.0044	0.0049	0.0000	0.4555	0.9179	0.0000
1	21	0.1232	8	0	0	1	2	0	0	0	0	N	N	N	Y	N	N	N	N	N	N	N	N	0.0000	0.0000	0.0000	0.0000	0.0000	0.0000	0.0000	0.0000	0.0000	0.0000	0.0000	0.0000	0.0000	0.0000	0.0000	0.0000	0.0000	0.0005	0.0008	0.0000	0.0001	0.0001	0.0000	0.0006	0.0014	0.0000	0.0004	-0.0000	-0.0000	4.0334	2.0028	14.2895	2.2704	0.0000	0.0000	0.0000	0.0000	0.0000	0.0000	0.0000	0.0000	0.0000	0.0001	0.0001	0.0000	0.0000	0.0000	0.0000	0.0000	0.0000	0.0000	0.0581	0.0507	0.0074	0.0081	0.0077	0.0004	0.0500	0.0430	0.0070	0.1068	0.0647	0.0422	0.0298	0.0278	0.0020	0.0770	0.0368	0.0401	0.0000	0.0000	0.0000	0.0000	0.0000	0.0000	0.0000	0.0000	0.0000	0.0005	0.0008	0.0000	0.0001	0.0001	0.0000	0.0006	0.0014	0.0000		
1	22	0.2118	17	1	0	2	1	0	0	0	0	N	N	Y	N	N	N	N	N	N	N	N	N	0.0000	0.0000	0.0000	0.0000	0.0000	0.0000	0.0000	0.0000	0.0000	0.0000	0.0000	0.0000	0.0000	0.0000	0.0000	0.0000	0.0000	0.0000	0.0000	0.0000	4.0334	0.0000	14.2895	2.0000	0.0000	0.0000	0.0000	0.0000	0.0000	0.0000	0.0000	0.0000	0.0000	0.0000	0.0000	0.0000	0.0000	0.0000	0.0000	0.0000	0.0000	0.0000	0.0000	0.0000	0.0000	0.0000	0.0000	0.0000	0.0000	0.0000	0.0000	0.0416	0.0254	0.0162	0.0122	0.0109	0.0013	0.0294	0.0145	0.0149	0.0000	0.0000	0.0000	0.0000	0.0000	0.0000	0.0000	0.0000	0.0000	0.0000	0.0000	0.0000	0.0000	0.0000	0.0000	0.0000	0.0000	0.0000											
1	23	0.1437	9	0	1	1	1	0	0	0	0	N	N	N	N	N	N	N	N	N	N	N	N	21.0588	18.3694	0.0219	36.9691	39.2082	0.0064	0.0150	4.8171	0.0262	0.0813	0.0932	0.0000	0.4351	0.4628	0.0001	0.0000	0.0000	0.0000	0.0039	0.0051	0.0017	0.0118	0.0118	0.0111	0.0006	0.0000	0.0013	0.0001	0.1882	-0.0039	-0.0006	4.0334	4.1010	14.2895	9.0979	0.0102	0.0102	0.0000	0.0102	0.0102	0.0000	0.0000	0.0000	0.0000	0.0015	0.0013	0.0002	0.0014	0.0013	0.0001	0.0002	0.0000	0.0002	0.1251	0.1091	0.0160	0.0234	0.0220	0.0014	0.1017	0.0871	0.0146	0.3987	0.2553	0.1434	0.1155	0.1097	0.0058	0.2832	0.1455	0.1376	21.0588	18.3694	0.0219	36.9691	39.2082	0.0064	0.0150	4.8171	0.0262	0.0039	0.0051	0.0017	0.0118	0.0118	0.0111	0.0006	0.0000	0.0013
1	24	0.1725	12	1	1	1	1	0	0	0	0	N	N	N	N	N	N	N	N	N	N	N	N	0.0010	0.0005	603.0719	2.8400	2.7222	543.3180	0.0002	0.0000	606.6631	0.0025	0.0022	0.0045	0.0116	0.0125	0.0002	0.0007	0.0000	0.0050	2.6273	4.2735	0.0000	0.0041	0.0046	0.0000	3.7554	7.5766	0.0000	0.3092	0.0000	-0.0001	-0.5426	4.0334	7.0513	14.2895	11.7448	0.0005	0.0004	0.0001	0.0004	0.0004	0.0000	0.0001	0.0000	0.0001	0.9994	0.9994	0.0000	0.0005	0.0005	0.0000	0.9989	0.9989	0.0000	0.2019	0.1755	0.0264	0.0335	0.0311	0.0024	0.1684	0.1444	0.0240	0.3804	0.2339	0.1465	0.1144	0.1020	0.0124	0.2660	0.1318	0.1342	0.0010	0.0005	603.0719	2.8400	2.7222	543.3180	0.0002	0.0000	606.6631	2.6273	4.2735	0.0000	0.0041	0.0046	0.0000	3.7554	7.5766	0.0000
1	25	0.2118	10	0	1	1	1	0	0	0	0	N	N	N	N	N	N	N	N	N	N	N	N	0.0765	0.5428	0.1013	1.9014	1.2907	15.1508	0.0024	0.0635	0.0086	0.0021	0.0015	0.0068	0.0104	0.0069	0.0963	0.0001	0.0000	0.0006	0.0277	0.0027	0.0671	0.0055	0.0054	0.0064	0.0396	0.0001	0.0740	0.6188	15.5268	0.0000	0.0027	4.0334	4.7974	14.2895	5.1989	0.0003	0.0002	0.0001	0.0003	0.0002	0.0001	0.0000	0.0000	0.0000	0.0069	0.0004	0.0065	0.0005	0.0004	0.0001	0.0064	0.0000	0.0064	0.1597	0.1406	0.0190	0.0314	0.0301	0.0012	0.1283	0.1105	0.0178	0.2495	0.1527	0.0969	0.0868	0.0768	0.0100	0.1627	0.0759	0.0869	0.0765	0.5428	0.1013	1.9014	1.2907	15.1508	0.0024	0.0635	0.0086	0.0277	0.0027	0.0671	0.0055	0.0054	0.0064	0.0396	0.0001	0.0740
1	28	0.1858	14	0	1	1	1	0	0	0	0	N	N	N	N	N	N	N	N	N	N	N	N	0.0000	0.0000	0.0000	0.0000	0.0000	0.0000	0.0000	0.0000	0.0000	0.0000	0.0000	0.0000	0.0000	0.0000	0.0000	0.0000	0.0000	0.0000	2.6357	0.1559	6.6830	0.3340	0.3659	0.0030	3.5730	0.0002	7.1629	26.2715	0.0000	0.4360	4.0334	3.0409	14.2895	16.1393	0.0000	0.0000	0.0000	0.0000	0.0000	0.0000	0.0000	0.0000	0.0000	1.0372	0.0380	0.9992	0.0380	0.0380	0.0000	0.9992	0.0000	0.9991	0.0881	0.0774	0.0107	0.0207	0.0197	0.0009	0.0674	0.0577	0.0097	0.3935	0.2440	0.1495	0.1139	0.1039	0.0100	0.2796	0.1402	0.1395	0.0000	0.0000	0.0000	0.0000	0.0000	0.0000	0.0000	0.0000	0.0000	2.6357	0.1559	6.6830	0.3340	0.3659	0.0030	3.5730	0.0002	7.1629	
1	29	0.1809	14	0	1	1	1	0	0	0	0	N	N	N	N	N	N	N	N	N	N	N	N	0.0000	0.0000	0.0000	0.0000	0.0000	0.0000	0.0000	0.0000	0.0000	0.0000	0.0000	0.0000	0.0000	0.0000	0.0000	0.0000	0.0000	0.2476	0.0142	0.6146	0.0425	0.0361	0.1015	0.3226	0.0000	0.6522	27.4359	0.0000	0.0318	4.0334	4.0695	14.2895	11.0027	0.0000	0.0000	0.0000	0.0000	0.0000	0.0000	0.0000	0.0000	0.0000	0.0753	0.0026	0.0727	0.0035	0.0026	0.0008	0.0719	0.0000	0.0719	0.1184	0.1036	0.0147	0.0241	0.0230	0.0011	0.0943	0.0806	0.0136	0.3043	0.1860	0.1183	0.0816	0.0735	0.0081	0.2228	0.1126	0.1102	0.0000	0.0000	0.0000	0.0000	0.0000	0.0000	0.0000	0.0000	0.0000	0.2476	0.0142	0.6146	0.0425	0.0361	0.1015	0.3226	0.0000	0.6522		
1	30	0.0909	7	0	1	2	2	0	0	0	0	N	N	Y	Y	N	N	N	N	N	N	N	N	0.0000	0.0000	0.0000	0.0000	0.0000	0.0000	0.0000	0.0000	0.0000	0.0000	0.0000	0.0000	0.0000	0.0000	0.0000	0.0000	0.0000	0.0000	0.0968	0.1674	0.0003	0.4160	0.4496	0.0004	0.0049	0.0101	0.0003	0.0012	-0.0000	-0.0041	4.0334	0.0021	14.2895	3.0281	0.0000	0.0000	0.0000	0.0000	0.0000	0.0000	0.0000	0.0000	0.0000	0.0076	0.0075	0.0000	0.0073	0.0073	0.0000	0.0003	0.0003	0.0000	0.0002	0.0001	0.0000	0.0001	0.0001	0.0000	0.0001	0.0001	0.0000	0.0781	0.0451	0.0330	0.0174	0.0161	0.0013	0.0606	0.0289	0.0317	0.0000	0.0000	0.0000	0.0000	0.0000	0.0000	0.0000	0.0000	0.0000	0.0968	0.1674	0.0003	0.4160	0.4496	0.0004	0.0049	0.0101	0.0003	
1	31	0.0683	6	0	0	1	2	0	0	0	0	N	N	N	Y	N	N	N	N	N	N	N	N	0.0000	0.0000	0.0019	0.0001	0.0001	0.0000	0.0000	0.0000	0.0019	0.0001	0.0000	0.0001	0.0004	0.0004	0.0000	0.0000	0.0000	0.0001	6.8064	11.8373	0.0510	3.6599	3.4606	0.0208	7.6263	15.7969	0.0515	0.3409	0.0032	-0.0000	-1.0197	4.0334	3.2874	14.2895	7.1999	0.0000	0.0000	0.0000	0.0000	0.0000	0.0000	0.0000	0.0000	0.0000	1.8891	1.8830	0.0060	0.1767	0.1767	0.0000	1.7124	1.7064	0.0060	0.1074	0.0927	0.0147	0.0109	0.0107	0.0003	0.0964	0.0820	0.0145	0.2775	0.1591	0.1185	0.0530	0.0511	0.0020	0.2245	0.1080	0.1165	0.0000	0.0000	0.0019	0.0001	0.0001	0.0000	0.0000	0.0000	0.0019	6.8064	11.8373	0.0510	3.3337	3.4606	0.0208	7.6263	15.7969	0.0515
1	32	0.1209	8	0	1	1	1	0	0	0	0	N	N	N	N	N	N	N	N	N	N	N	N	2.5881	0.0001	4805676.4775	0.0564	0.0002	78108.6968	2788145.6620	10697592.2068	0.4576	0.0000	3.4827	0.0347	0.0001	0.6943	0.5406	0.0000	3.6678	0.1768	0.3035	0.0000	0.6164	0.6592	0.0000	0.0000	0.0000	0.0000	24318.0240	0.0000	0.0432	-0.0562	4.0334	4.3545	14.2895	19.4857	0.0699	0.0000	0.0699	0.0009	0.0000	0.0009	0.0690	0.0000	0.0690	0.1034	0.1034	0.0000	0.1034	0.1034	0.0000	0.0000	0.0000	0.0000	0.1527	0.1326	0.0201	0.0250	0.0238	0.0012	0.1276	0.1088	0.0188	0.5851	0.3408	0.2442	0.1678	0.1569	0.0109	0.4172	0.1839	0.2333	2.5881	0.0001	4805676.4775	0.0564	0.0002	78108.6968	2788145.6620	0.0000	10697592.2068	0.1768	0.3035	0.0000	0.6164	0.6592	0.0000	0.0000	0.0000	0.0000	
1	33	0.1653	12	1	1	1	1	0	0	0	0	N	N	N	N	N	N	N	N	N	N	N	N	0.0000	0.0000	0.0000	0.0000	0.0000	0.0000	0.0000	0.0000	0.0000	0.0000	0.0000	0.0000	0.0000	0.0000	0.0000	0.0000	0.0000	0.0000	0.0000	0.0000	4.0334	0.0000	14.2895	0.0000	0.0000	0.0000	0.0000	0.0000	0.0000	0.0000	0.0000	0.0000	0.0000	0.0000	0.0000	0.0000	0.0000	0.0000	0.0000	0.0000	0.0000	0.0000	0.0000	0.0000	0.0000	0.0000	0.0000	0.0000	0.0000	0.0000	0.0000	0.0000	0.0000	0.0000	0.0000	0.0000	0.0000	0.0000	0.0000	0.0000	0.0000	0.0000	0.0000	0.0000	0.0000	0.0000	0.0000	0.0000	0.0000	0.0000	0.0000	0.0000	0.0000	0.0000	0.0000	0.0000	0.0000	0.0000											
1	34	0.0484	2	0	1	1	2	0	0	0	0	N	N	N	Y	N	N	N	N	N	N	N	N	0.1999	0.1737	0.0507	0.5403	0.5368	132.1244	0.0136	0.0000	0.0498	0.0418	0.0475	0.0066	0.3618	0.3642	0.0197	0.0010	0.0000	0.0065	0.2090	0.2737	0.1294	0.6697	0.6785	0.0001	0.0755	0.0015	0.1303	0.0226	0.3845	-0.0035	-0.0363	4.0334	6.4588	14.2895	12.7561	0.0096	0.0094	0.0002	0.0094	0.0094	0.0000	0.0002	0.0000	0.0002	0.1369	0.0989	0.0380	0.0986	0.0986	0.0000	0.0384	0.0003	0.0380	0.2303	0.1980	0.0324	0.0260	0.0258	0.0002	0.2043	0.1721	0.0322	0.6553	0.3614	0.2939	0.1472	0.1453	0.0019	0.5081	0.2161	0.2920	0.1999	0.1737	0.0507	0.5403	0.5368	132.1244	0.0136	0.0000	0.0498	0.2090	0.2737	0.1294	0.6697	0.6785	0.0001	0.0755	0.0015	0.1303
1	36	0.1044	8	0	0	2	1	0	0	0	0	N	N	Y	N	N	N	N	N	N	N	N	N	0.0000	0.0000	0.0000	0.0000	0.0000	0.0000	0.0000	0.0000	0.0000	0.0000	0.0000	0.0000	0.0000	0.0000	0.0000	0.0000	0.0000	0.0000	0.0000	0.0000	0.0000	0.0000	0.0000	0.0000	0.0000	0.0000	0.0000	0.3529	0.0000	-0.0000	4.0334	1.0000	14.2895	2.0003	0.0000	0.0000	0.0000	0.0000	0.0000	0.0000	0.0000	0.0000	0.0000	0.0000	0.0000	0.0000	0.0000	0.0000	0.0000	0.0000	0.0000	0.0000	0.0289	0.0252	0.0037	0.0034	0.0033	0.0002	0.0255	0.0219	0.0035	0.0678	0.0404	0.0274	0.0157	0.0143	0.0015	0.0520	0.0262	0.0259	0.0000	0.0000	0.0000	0.0000	0.0000	0.0000	0.0000	0.0000	0.0000	0.0000	0.0000	0.0000	0.0000	0.0000	0.0000	0.0000	0.0000	0.0000	
1	37	0.0865	7	0	1	1	1	0	0	0	0	N	N	N	N	N	N	N	N	N	N	N	N	0.0001	0.0018	0.0000	0.0361	0.0379	0.0034	0.0000	0.0000	0.0000	0.0004	0.0004	0.0002	0.0031	0.0032	0.0004	0.0000	0.0000	0.0002	3.0840	0.2072	7.3518	0.0863	0.0850	0.1158	4.2691	0.3212	7.5718	0.0966	23.9156	-0.0000	0.4444	4.0334	1.9619	14.2895	8.3400	0.0000	0.0000	0.0000	0.0000	0.0000	0.0000	0.0000	0.0000	0.0000	1.0659	0.0428	1.0231	0.0085	0.0080	0.0005	1.0575	0.0348	1.0227	0.0592	0.0514	0.0078	0.0061	0.0059	0.0002	0.0531	0.0455	0.0076	0.3456	0.2065	0.1392	0.0979	0.0938	0.0041	0.2477	0.1126	0.1351	0.0001	0.0018	0.0000	0.0361	0.0379	0.0034	0.0000	0.0000	0.0000	3.0840	0.2072	7.3518	0.0863	0.0850	0.1158	4.2691	0.3090	7.5718
1	38	0.1933	14	1	0	2	1	0	0	0	0	N	N	Y	N	N	N	N	N	N	N	N	N	0.0068	0.0002	0.0256	0.0002	0.0002	0.0000	0.0094	0.0000	0.0253	0.0019	0.0000	0.0158	0.0000	0.0000	0.0000	0.0032	0.0000	0.0164	0.2838	0.0775	0.6175	0.1556	0.1654	0.0158	0.3394	0.0035	0.6504	132.6509	4.9281	0.0000	0.0105	4.0334	0.0095	14.2895	5.0631	0.0000	0.0000	0.0000	0.0000	0.0000	0.0000	0.0000	0.0000	0.0000	0.0363	0.0061	0.0302	0.0060	0.0060	0.0000	0.0303	0.0001	0.0302	0.0007	0.0006	0.0001	0.0003	0.0003	0.0000	0.0004	0.0004	0.0001	0.1280	0.0791	0.0489	0.0387	0.0361	0.0025	0.0893	0.0429	0.0464	0.0068	0.0002	0.0256	0.0002	0.0002	0.0000	0.0094	0.0000	0.0253	0.2838	0.0775	0.6175	0.1556	0.1654	0.0158	0.3394	0.0035	0.6504
1	39	0.0683	6	0	1	1	1	0	0	0	0	N	N	N	N	N	N	N	N	N	N	N	N	0.0063	0.2183	0.0050	0.2485	0.3556	0.0000	0.0016	0.0000	0.0050	0.0001	0.0001	0.0002	0.0005	0.0006	0.0000	0.0000	0.0000	0.0002	0.0195	0.0005	0.0448	0.0022	0.0016	0.0180	0.0234	0.0000	0.0452	0.3408	68.4854	-0.0000	0.0027	4.0334	1.1272	14.2895	11.0864	0.0000	0.0000	0.0000	0.0000	0.0000	0.0000	0.0000	0.0000	0.0000	0.0061	0.0001	0.0060	0.0001	0.0001	0.0000	0.0060	0.0000	0.0060	0.0448	0.0385	0.0063	0.0076	0.0075	0.0001	0.0372	0.0310	0.0062	0.3140	0.1794	0.1346	0.0578	0.0555	0.0023	0.2562	0.1239	0.1323	0.0063	0.2183	0.0050	0.2485	0.3556	0.0000	0.0016	0.0000	0.0050	0.0195	0.0005	0.0448	0.0022	0.0016	0.0180	0.0234	0.0000	0.0452
1	40	0.0683	5	0	0	1	1	0	0	0	0	N	N	N	N	N	N	N	N	N	N	N	N	0.0019	0.0014	0.0049	0.0050	0.0030	0.2871	0.0005	0.0000	0.0015	0.0004	0.0002	0.0013	0.0012	0.0007	0.0802	0.0001	0.0000	0.0004	0.1903	0.1500	0.2604	0.2423	0.2420	0.2792	0.1561	0.0007	0.2602	0.9874	0.9977	0.0000	-0.0005	4.0334	0.4765	14.2895	0.2778	0.0000	0.0000	0.0000	0.0000	0.0000	0.0000	0.0000	0.0000	0.0000	0.0116	0.0058	0.0058	0.0059	0.0058	0.0001	0.0058	0.0000	0.0057	0.0257	0.0220	0.0037	0.0066	0.0065	0.0000	0.0191	0.0155	0.0036	0.0611	0.0388	0.0223	0.0242	0.0240	0.0002	0.0369	0.0148	0.0221	0.0019	0.0014	0.0049	0.0050	0.0030	0.2924	0.0005	0.0000	0.0015	0.1903	0.1500	0.2604	0.2423	0.2420	0.2741	0.1561	0.0007	0.2602
1	41	0.0704	5	0	1	1	2	0	0	0	0	N	N	N	Y	N	N	N	N	N	N	N	N	2.4461	5.0549	7.8818	15.6274	16.3069	1.0103	2.2115	0.3957	7.9733	7.0351	0.0558	52.6643	0.6358	0.6638	0.0406	7.5643	0.0000	54.0613	2.8760	0.0110	6.6817	0.0407	0.0407	0.0402	3.4204	0.0000	6.7803	144.2707	455.3855	1.2348	0.9328	4.0334	10.0333	14.2895	21.8674	2.0175	0.0139	2.0036	0.0139	0.0139	0.0000	2.0035	0.0000	2.0035	2.0508	0.0045	2.0463	0.0047	0.0045	0.0002	2.0461	0.0000	2.0461	0.2868	0.2487	0.0380	0.0219	0.0209	0.0010	0.2649	0.2278	0.0371	0.7131	0.4068	0.3062	0.1149	0.1104	0.0045	0.5982	0.2964	0.3018	2.4461	5.0549	7.8818	15.6274	16.3069	1.0103	2.2115	0.3957	7.9733	2.8760	0.0110	6.6817	0.0407	0.0407	0.0402	3.4204	0.0000	6.7803
1	42	0.1933	14	1	0	2	1	0	0	0	0	N	N	Y	N	N	N	N	N	N	N	N	N	0.0001	0.0006	0.0002	0.0001	0.0012	0.0000	0.0001	0.0000	0.0002	0.0001	0.0000	0.0004	0.0000	0.0000	0.0000	0.0001	0.0000	0.0004	0.8048	0.0008	2.1037	0.0181	0.0015	0.3410	1.1859	0.0000	2.1921	132.6509	1685.7591	0.0000	0.0313	4.0334	0.9968	14.2895	1.9513	0.0000	0.0000	0.0000	0.0000	0.0000	0.0000	0.0000	0.0000	0.0000	0.0685	0.0000	0.0684	0.0005	0.0000	0.0005	0.0680	0.0000	0.0680	0.0281	0.0246	0.0035	0.0061	0.0058	0.0003	0.0220	0.0188	0.0032	0.0851	0.0526	0.0325	0.0278	0.0263	0.0015	0.0573	0.0263	0.0310	0.0001	0.0006	0.0002	0.0001	0.0012	0.0000	0.0001	0.0000	0.0002	0.8048	0.0008	2.1037	0.0181	0.0015	0.3040	1.1859	0.0000	2.1921
1	43	0.1801	13	1	0	2	1	0	0	0	0	N	N	Y	N	N	N	N	N	N	N	N	N	0.8438	0.0354	2.7681	0.0775	0.0846	0.0000	0.7704	0.0000	2.8165	0.0232	0.0001	0.1824	0.0004	0.0004	0.0000	0.0281	0.0000	0.1963	0.0275	0.0023	0.0659	0.0052	0.0050	0.0072	0.0364	0.0002	0.0697	327.2857	18.9411	0.0020	0.0017	4.0334	5.0018	14.2895	1.7716	0.0033	0.0000	0.0033	0.0000	0.0000	0.0000	0.0033	0.0000	0.0033	0.0043	0.0002	0.0041	0.0002	0.0002	0.0000	0.0040	0.0000	0.0040	0.1413	0.1233	0.0179	0.0248	0.0236	0.0013	0.1164	0.0998	0.0167	0.1552	0.0937	0.0615	0.0444	0.0407	0.0037	0.1109	0.0530	0.0578	0.8438	0.0354	2.7681	0.0775	0.0846	0.0000	0.7704	0.0000	2.8165	0.0275	0.0023	0.0659	0.0052	0.0050	0.0072	0.0364	0.0002	0.0697
1	44	0.1833	14	1	0	2	1	0	0	0	0	N	N	Y	N	N	N	N	N	N	N	N	N	0.3258	7.9043	0.0000	19.9894	19.6186	0.0000	0.0000	0.0001	0.0002	0.0000	0.0008	0.0008	0.0000	0.0000	0.0000	0.0000	0.0004	0.0000	0.0011	0.0000	0.0000	0.0000	0.0006	0.0000	0.0012	0.0000	32.8179	-0.0000	0.0000	4.0334	4.9860	14.2895	2.3663	0.0000	0.0000	0.0000	0.0000	0.0000	0.0000	0.0000	0.0000	0.0000	0.0001	0.0000	0.0001	0.0000	0.0000	0.0000	0.0001	0.0000	0.0001	0.1411	0.1232	0.0179	0.0249	0.0236	0.0013	0.1162	0.0996	0.0167	0.1957	0.1226	0.0731	0.0626	0.0583	0.0043	0.1330	0.0642	0.0688	0.3258	7.9043	0.0000	19.9894	19.6186	0.0000	0.0000	0.0000	0.0000	0.0004	0.0000	0.0011	0.0000	0.0000	0.0000	0.0006	0.0000	0.0012		
1	45	0.1801	13	1	0	1	1	0	0	0	0	N	N	N	N	N	N	N	N	N	N	N	N	0.0325	0.0354	0.0061	0.0998	0.0960	0.2575	0.0000	0.0000	0.0000	0.0002	0.0002	0.0000	0.0006	0.0006	0.0006	0.0000	0.0000	0.0000	0.0052	0.0052	0.0051	0.0058	0.0060	0.0023	0.0049	0.0044	0.0052	0.0208	0.6826	-0.0000	-0.0000	4.0334	0.0225	14.2895	1.9333	0.0000	0.0000	0.0000	0.0000	0.0000	0.0000	0.0000	0.0000	0.0000	0.0003	0.0002	0.0001	0.0001	0.0001	0.0000	0.0002	0.0001	0.0001	0.0010	0.0009	0.0001	0.0003	0.0003	0.0000	0.0007	0.0006	0.0001	0.0554	0.0325	0.0228	0.0179	0.0168	0.0011	0.0375	0.0157	0.0217	0.0325	0.0354	0.0061	0.0998	0.0960	0.2575	0.0000	0.0000	0.0000	0.0052	0.0052	0.0051	0.0058	0.0060	0.0023	0.0049	0.0044	0.0052
1	46	0.1772	12	1	0	1	1	0	0	0	0	N	N	N	N	N	N	N	N	N	N	N	N	0.0029	0.0014	0.0156	0.0031	0.0030	0.0000	0.0046	0.0162	0.0000	0.0000	0.0000	0.0000	0.0000	0.0000	0.0000	0.0000	0.0000	0.0039	0.0047	0.0028	0.0106	0.0115	0.0017	0.0015	0.0000	0.0029	0.9733	0.3884	0.0000	-0.0000	4.0334	1.0095	14.2895	0.3555	0.0000	0.0000	0.0000	0.0000	0.0000	0.0000	0.0000	0.0000	0.0000	0.0001	0.0001	0.0000	0.0001	0.0001	0.0000	0.0000	0.0000	0.0000	0.0293	0.0256	0.0037	0.0052	0.0050	0.0003	0.0241	0.0207	0.0035	0.0303	0.0185	0.0118	0.0083	0.0075	0.0008	0.0220	0.0110	0.0111	0.0029	0.0014	0.0156	0.0031	0.0030	0.0000	0.0046	0.0000	0.0162	0.0039	0.0047	0.0028	0.0106	0.0115	0.0017	0.0015	0.0000	0.0029	
1	47	0.0865	7	0	0	2	1	0	0	0	0	N	N	Y	N	N	N	N	N	N	N	N	N	0.0005	0.0004	0.4139	0.0117	0.0116	2.8731	0.0000	0.0000	0.0000	0.0023	0.0027	0.0001	0.0239	0.0248	0.0027	0.0000	0.0000	0.0000	4.5018	7.6124	0.0002	2.0347	2.1351	0.0009	5.3380	11.3866	0.0002	0.0048	0.0000	-0.0001	-1.0656	4.0334	3.0460	14.2895	11.9126	0.0002	0.0002	0.0000	0.0002	0.0002	0.0000	0.0000	0.0000	0.0000	1.9626	1.9626	0.0000	0.2246	0.2246	0.0000	1.7381	1.7380	0.0000	0.0900	0.0781	0.0119	0.0088	0.0084	0.0004	0.0812	0.0697	0.0115	0.4360	0.2578	0.1782	0.1104	0.1052	0.0052	0.3256	0.1526	0.1730	0.0005	0.0004	0.4139	0.0117	0.0116	2.8731	0.0000	0.0000	0.0000	4.5018	7.6124	0.0002	2.0347	2.1351	0.0009	5.3380	11.3866	0.0002
1	48	0.0732	6	0	0	1	1	0	0	0	0	N	N	N	N	N	N	N	N	N	N	N	N	0.0000	0.0000	0.0012	0.0029	0.0022	0.0738	0.0000	0.0000	0.0001	0.0001	0.0001	0.0002	0.0011	0.0008	0.0072	0.0000	0.0000	0.0000	3.9080	6.4808	0.1810	0.3733	0.3781	0.0979	5.3044	11.9030	0.1819	0.3396	0.0193	-0.0000	-0.5270	4.0334	1.1082	14.2895	5.8288	0.0000	0.0000	0.0000	0.0000	0.0000	0.0000	0.0000	0.0000	0.0000	1.0055	0.9865	0.0190	0.0272	0.0271	0.0001	0.9783	0.9595	0.0189	0.0342	0.0297	0.0046	0.0035	0.0034	0.0001	0.0307	0.0263	0.0044	0.2573	0.1522	0.1051	0.0729	0.0716	0.0012	0.1844	0.0806	0.1038	0.0000	0.0000	0.0012	0.0029	0.0022	0.0738	0.0000	0.0000	0.0001	3.9080	6.4808	0.1810	0.3733	0.3781	0.0979	5.3044	11.9030	0.1819
1	49	0.1044	8	0	1	1	1	0	0	0	0	N	N	N	N	N	N	N	N	N	N	N	N	0.0000	0.0000	0.0000	0.0000	0.0000	0.0000	0.0000	0.0000	0.0000	0.0000	0.0000	0.0000	0.0000	0.0000	0.0000	0.0000	0.0000	0.0000	0.0002	0.0004	0.0000	0.0009	0.0010	0.0000	0.0000	0.0000	0.0000	0.0003	0.0000	-0.0000	4.0334	0.0000	14.2895	2.0001	0.0000	0.0000	0.0000	0.0000	0.0000	0.0000	0.0000	0.0000	0.0000	0.0000	0.0000	0.0000	0.0000	0.0000	0.0000	0.0000	0.0000	0.0000	0.0000	0.0000	0.0000	0.0000	0.0000	0.0000	0.0000	0.0000	0.0000	0.0454	0.0271	0.0183	0.0106	0.0096	0.0010	0.0348	0.0175	0.0173	0.0000	0.0000	0.0000	0.0000	0.0000	0.0000	0.0000	0.0000	0.0000	0.0002	0.0004	0.0000	0.0009	0.0010	0.0000	0.0000	0.0000	0.0000	
1	50	0.2127	17	1	1	2	1	0	0	0	0	N	N	Y	N	N	N	N	N	N	N	N	N	0.0000	0.0000	0.0000	0.0000	0.0000	0.0000	0.0000	0.0000	0.0000	0.0000	0.0000	0.0000	0.0000	0.0000	0.0000	0.0023	0.0000	0.0096	0.0054	0.0000	0.1042	0.0002	0.0000	0.0005	inf	0.0000	0.0001	4.0334	0.0000	14.2895	1.7047	0.0000	0.0000	0.0000	0.0000	0.0000	0.0000	0.0000	0.0000	0.0000	0.0002	0.0000	0.0002	0.0002	0.0000	0.0002	0.0000	0.0000	0.0000	0.0000	0.0000	0.0000	0.0000	0.0000	0.0000	0.0000	0.0000	0.0000	0.0693	0.0525	0.0168	0.0285	0.0271	0.0015	0.0408	0.0254	0.0153	0.0000	0.0000	0.0000	0.0000	0.0000	0.0000	0.0000	0.0000	0.0000	0.0023	0.0000	0.0096	0.0054	0.0000	0.1042	0.0002	0.0000	0.0005				
1	51	0.2127	17	1	1	2	1	0	0	0	0	N	N	Y	N	N	N	N	N	N	N	N	N	0.0000	0.0000	0.0000	0.0000	0.0000	0.0000	0.0000	0.0000	0.0000	0.0000	0.0000	0.0000	0.0000	0.0000	0.0000	0.0017	0.0020	0.0000	0.0036	0.0036	0.0000	0.0000	0.0000	0.0000	0.0000	0.0000	-0.0000	4.0334	0.0000	14.2895	0.2953	0.0000	0.0000	0.0000	0.0000	0.0000	0.0000	0.0000	0.0000	0.0000	0.0001	0.0001	0.0000	0.0001	0.0001	0.0000	0.0000	0.0000	0.0000	0.0000	0.0000	0.0000	0.0000	0.0000	0.0000	0.0000	0.0000	0.0000	0.0402	0.0347	0.0055	0.0191	0.0188	0.0003	0.0211	0.0159	0.0052	0.0000	0.0000	0.0000	0.0000	0.0000	0.0000	0.0000	0.0000	0.0000	0.0017	0.0020	0.0000	0.0036	0.0036	0.0000	0.0000	0.0000	0.0000				
1	52	0.2098	16	1	1	2	1	0	0	0	0	N	N	Y	N	N	N	N	N	N	N	N	N	0.0000	0.0000	0.0000	0.0000	0.0000	0.0000	0.0000	0.0000	0.0000	0.0000	0.0000	0.0000	0.0000	0.0000	0.0000	0.0000	0.0000	0.0000	0.0065	0.0098	0.0000	0.0095	0.0101	0.0004	0.0047	0.0095	0.0000	0.0018	0.0000	-0.0002	4.0334	0.0001	14.2895	1.7968	0.0000	0.0000	0.0000	0.0000	0.0000	0.0000	0.0000	0.0000	0.0000	0.0003	0.0003	0.0000	0.0002	0.0002	0.0000	0.0002	0.0002	0.0000	0.0000	0.0000	0.0000	0.0000	0.0000	0.0000	0.0000	0.0000	0.0000	0.0533	0.0350	0.0182	0.0196	0.0183	0.0013	0.0337	0.0168	0.0169	0.0000	0.0000	0.0000	0.0000	0.0000	0.0000	0.0000	0.0000	0.0000	0.0065	0.0098	0.0000	0.0095	0.0101	0.0004	0.0047	0.0095	0.0000	
1	53	0.1915	10	1	1	1	1	0	0	0	0	N	N	N	N	N	N	N	N	N	N	N	N	0.0888	1.5371	0.0000	1.6855	1.6973	0.0000	0.0358	1968.7346	0.0000	0.0010	0.0011	0.0000	0.0022	0.0023	0.0000	0.0006	0.0007	0.0000	0.0112	0.0007	0.0300	0.0013	0.0014	0.0008	0.0168	0.0000	0.0319	0.0000	23.0482	-0.0000	0.0004	4.0334	1.8240	14.2895	0.8872	0.0001	0.0001	0.0000	0.0000	0.0000	0.0000	0.0000	0.0000	0.0000	0.0009	0.0000	0.0008	0.0000	0.0000	0.0000	0.0008	0.0000	0.0008	0.0654	0.0583	0.0071	0.0156	0.0151	0.0005	0.0498	0.0432	0.0066	0.0791	0.0508	0.0284	0.0287	0.0269	0.0018	0.0504	0.0238	0.0266	0.0888	1.5371	0.0000	1.6855	1.6973	0.0000	0.0358	1968.7346	0.0000	0.0112	0.0007	0.0300	0.0013	0.0014	0.0008	0.0168	0.0000	0.0319
1	54	0.1343	10	0	1	1	2	0	0	0	0	N	N	N	Y	N	N	N	N	N	N	N	N	0.0000	0.0000	0.0000	0.0000	0.0000	0.0000	0.0000	0.0000	0.0000	0.0000	0.0000	0.0000	0.0000	0.0000	0.0000	0.0000	0.0000	0.0007	0.0009	0.0003	0.0024	0.0022	0.0043	0.0000	0.0000	0.0000	0.1590	0.0000	-0.0000	4.0334	0.0007	14.2895	4.7762	0.0000	0.0000	0.0000	0.0000	0.0000	0.0000	0.0000	0.0000	0.0000	0.0001	0.0001	0.0000	0.0001	0.0001	0.0000	0.0000	0.0000	0.0000	0.0000	0.0000	0.0000	0.0000	0.0000	0.0000	0.0000	0.0000	0.0000	0.1204	0.0753	0.0451	0.0342	0.0318	0.0023	0.0863	0.0435	0.0428	0.0000	0.0000	0.0000	0.0000	0.0000	0.0000	0.0000	0.0000	0.0000	0.0007	0.0009	0.0003	0.0024	0.0022	0.0043	0.0000	0.0000	0.0000		
1	55	0.1343	10	0	0	1	2	0	0	0	0	N	N	N	Y	N	N	N	N	N	N	N	N	0.0000	0.0000	0.0000	0.0000	0.0000	0.0000	0.0000	0.0000	0.0000	0.0000	0.0000	0.0000	0.0000	0.0000	0.0000	0.0000	0.0000	0.0022	0.0027	0.0013	0.0062	0.0062	0.0064	0.0005	0.0000	0.0010	0.2670	0.0000	-0.0001	4.0334	0.0007	14.2895	3.2259	0.0000	0.0000	0.0000	0.0000	0.0000	0.0000	0.0000	0.0000	0.0000	0.0002	0.0002	0.0000	0.0002	0.0002	0.0000	0.0000	0.0000	0.0000	0.0000	0.0000	0.0000	0.0000	0.0000	0.0000	0.0000	0.0000	0.0000	0.0873	0.0557	0.0317	0.0260	0.0244	0.0016	0.0614	0.0313	0.0301	0.0000	0.0000	0.0000	0.0000	0.0000	0.0000	0.0000	0.0000	0.0000	0.0022	0.0027	0.0013	0.0062	0.0062	0.0064	0.0005	0.0000	0.0010		
1	56	0.1300	9	0	0	1	2	0	0	0	0	N	N	N	Y	N	N	N	N	N	N	N	N	0.0000	0.0000	0.0000	0.0000	0.0000	0.0000	0.0000	0.0000	0.0000	0.0000	0.0000	0.0000	0.0000	0.0000	0.0000	0.0000	0.0000	0.0001	0.0001	0.0001	0.0002	0.0002	0.0000	0.0000	0.0000	0.0001	0.5494	0.0000	-0.0000	4.0334	0.9953	14.2895	1.3904	0.0000	0.0000	0.0000	0.0000	0.0000	0.0000	0.0000	0.0000	0.0000	0.0000	0.0000	0.0000	0.0000	0.0000	0.0000	0.0000	0.0000	0.0000	0.0291	0.0254	0.0037	0.0041	0.0039	0.0002	0.0250	0.0215	0.0035	0.0674	0.0438	0.0236	0.0206	0.0194	0.0012	0.0468	0.0244	0.0224	0.0000	0.0000	0.0000	0.0000	0.0000	0.0000	0.0000	0.0000	0.0000	0.0001	0.0001	0.0001	0.0002	0.0002	0.0000	0.0000	0.0000	0.0001		
1	57	0.1232	8	0	0	1	2	0	0	0	0	N	N	N	Y	N	N	N	N	N	N	N	N	0.0000	0.0000	0.0000	0.0000	0.0000	0.0000	0.0000	0.0000	0.0000	0.0000	0.0000	0.0000	0.0000	0.0000	0.0000	0.0000	0.0000	0.0000	0.0007	0.0010	0.0000	0.0002	0.0002	0.0000	0.0008	0.0017	0.0000	0.0291	-0.0000	-0.0000	4.0334	0.0068	14.2895	3.2797	0.0000	0.0000	0.0000	0.0000	0.0000	0.0000	0.0000	0.0000	0.0000	0.0001	0.0001	0.0000	0.0000	0.0000	0.0000	0.0001	0.0000	0.0000	0.0002	0.0002	0.0000	0.0000	0.0000	0.0000	0.0002	0.0002	0.0000	0.0857	0.0521	0.0336	0.0247	0.0231	0.0016	0.0610	0.0290	0.0320	0.0000	0.0000	0.0000	0.0000	0.0000	0.0000	0.0000	0.0000	0.0000	0.0007	0.0010	0.0000	0.0002	0.0002	0.0000	0.0008	0.0017	0.0000	
1	58	0.0821	7	0	0	1	2	0	0	0	0	N	N	N	Y	N	N	N	N	N	N	N	N	0.0081	0.0054	0.4620	0.9650	0.9646	0.7406	0.0000	0.0000	0.0023	0.0172	0.0196	0.0000	0.1062	0.1110	0.0005	0.0000	0.0000	0.0000	2.1112	3.6113	0.0001	0.1100	0.1151	0.0007	2.6786	5.5862	0.0000	0.0002	0.0000	-0.0012	-0.5478	4.0334	5.8573	14.2895	13.1443	0.0033	0.0033	0.0000	0.0033	0.0033	0.0000	0.0000	0.0000	0.0000	1.0089	1.0089	0.0000	0.0116	0.0116	0.0000	0.9973	0.9973	0.0000	0.1910	0.1674	0.0236	0.0309	0.0295	0.0014	0.1601	0.1379	0.0222	0.4779	0.2794	0.1985	0.1056	0.1008	0.0047	0.3723	0.1785	0.1938	0.0081	0.0054	0.4620	0.9650	0.9646	0.7406	0.0000	0.0000	0.0023	2.1112	3.6113	0.0001	0.1100	0.1151	0.0007	2.6786	5.5862	0.0000
1	59	0.2100	17	0	1	2	1	0	0	0	0	N	N	Y	N	N	N	N	N	N	N	N	N	0.0000	0.0000	0.0000	0.0000	0.0000	0.0000	0.0000	0.0000	0.0000	0.0000	0.0000	0.0000	0.0000	0.0000	0.0000	0.0000	0.0000	0.0000	0.5610	0.8482	0.0000	1.6015	1.7372	0.0000	0.0000	0.0001	0.0000	0.0000	0.0000	-0.0407	4.0334	0.9979	14.2895	4.0614	0.0000	0.0000	0.0000	0.0000	0.0000	0.0000	0.0000	0.0000	0.0000	0.0749	0.0749	0.0000	0.0749	0.0749	0.0000	0.0000	0.0000	0.0000	0.0287	0.0251	0.0037	0.0048	0.0046	0.0002	0.0239	0.0205	0.0034	0.1336	0.0884	0.0452	0.0468	0.0431	0.0037	0.0868	0.0452	0.0416	0.0000	0.0000	0.0000	0.0000	0.0000	0.0000	0.0000	0.0000	0.0000	0.5610	0.8482	0.0000	1.6015	1.7372	0.0000	0.0000	0.0001	0.0000	
1	60	0.2016	16	0	1	1	1	0	0	0	0	N	N	N	N	N	N	N	N	N	N	N	N	0.0000	0.0000	0.1011	0.0000	0.0000	0.2382	0.0000	0.0000	0.0987	0.0000	0.0000	0.0001	0.0000	0.0000	0.0000	0.0000	0.0000	0.0002	1.1716	1.7772	0.0014	1.6630	1.7922	0.0001	0.9110	1.7629	0.0015	inf	0.0004	0.0000	-0.0741	4.0334	2.2356	14.2895	2.2044	0.0000	0.0000	0.0000	0.0000	0.0000	0.0000	0.0000	0.0000	0.0000	0.1366	0.1366	0.0001	0.0672	0.0672	0.0000	0.0694	0.0694	0.0001	0.0666	0.0581	0.0085	0.0109	0.0104	0.0005	0.0557	0.0477	0.0081	0.1166	0.0769	0.0398	0.0404	0.0375	0.0029	0.0762	0.0394	0.0369	0.0000	0.0000	0.1011	0.0000	0.0000	0.2382	0.0000	0.0000	0.0987	1.1716	1.7772	0.0014	1.6630	1.7922	0.0001	0.9110	1.7629	0.0015
1	61	0.1809	14	1	0	2	1	0	0	0	0	N	N	Y	N	N	N	N	N	N	N	N	N	0.0000	0.0000	0.0000	0.0000	0.0000	0.0000	0.0000	0.0000	0.0000	0.0000	0.0000	0.0000	0.0000	0.0000	0.0000	0.0000	0.0000	0.0000	0.0010	0.0016	0.0000	0.0036	0.0040	0.0000	0.0000	0.0000	0.0000	0.0042	0.0000	-0.0001	4.0334	2.0703	14.2895	7.0012	0.0000	0.0000	0.0000	0.0000	0.0000	0.0000	0.0000	0.0000	0.0000	0.0002	0.0002	0.0000	0.0002	0.0002	0.0000	0.0000	0.0000	0.0000	0.0623	0.0546	0.0077	0.0132	0.0126	0.0006	0.0492	0.0420	0.0072	0.1886	0.1152	0.0733	0.0508	0.0458	0.0050	0.1377	0.0694	0.0684	0.0000	0.0000	0.0000	0.0000	0.0000	0.0000	0.0000	0.0000	0.0000	0.0010	0.0016	0.0000	0.0036	0.0040	0.0000	0.0000	0.0000	0.0000	
1	62	0.1793	13	0	0	1	1	0	0	0	0	N	N	N	N	N	N	N	N	N	N	N	N	0.0000	0.0000	0.0000	0.0000	0.0000	0.0000	0.0000	0.0000	0.0000	0.0000	0.0000	0.0000	0.0000	0.0000	0.0000	0.0000	0.0000	0.0000	0.0066	0.0007	0.0159	0.0014	0.0012	0.0035	0.0086	0.0003	0.0168	15.3114	0.0000	0.0001	4.0334	0.9285	14.2895	0.0280	0.0000	0.0000	0.0000	0.0000	0.0000	0.0000	0.0000	0.0000	0.0000	0.0001	0.0000	0.0001	0.0000	0.0000	0.0000	0.0001	0.0000	0.0001	0.0273	0.0239	0.0034	0.0054	0.0052	0.0003	0.0219	0.0187	0.0032	0.0210	0.0128	0.0082	0.0058	0.0053	0.0005	0.0152	0.0076	0.0076	0.0000	0.0000	0.0000	0.0000	0.0000	0.0000	0.0000	0.0000	0.0000	0.0066	0.0007	0.0159	0.0014	0.0012	0.0035	0.0086	0.0003	0.0168	
1	63	0.1416	8	1	1	1	1	0	0	0	0	N	N	N	N	N	N	N	N	N	N	N	N	0.0001	0.0001	0.0001	0.0005	0.0004	0.0018	0.0001	0.0000	0.0001	0.0007	0.0000	0.0051	0.0000	0.0000	0.0000	0.0008	0.0000	0.0055	10.2845	0.0039	54.7477	0.0089	0.0088	0.0102	14.7878	0.0000	56.1406	1385.3014	4131.0178	0.0000	0.4498	4.0334	1.0023	14.2895	3.0135	0.0000	0.0000	0.0000	0.0000	0.0000	0.0000	0.0000	0.0000	0.0000	0.9847	0.0002	0.9845	0.0003	0.0002	0.0000	0.9844	0.0000	0.9844	0.0297	0.0258	0.0039	0.0040	0.0038	0.0002	0.0257	0.0220	0.0037	0.0957	0.0610	0.0347	0.0292	0.0270	0.0022	0.0666	0.0341	0.0325	0.0001	0.0001	0.0002	0.0005	0.0004	0.0018	0.0001	0.0000	0.0002	10.2845	0.0039	28.3704	0.0089	0.0088	0.0102	14.7878	0.0000	30.2914
1	64	0.1152	7	1	1	1	1	0	0	0	0	N	N	N	N	N	N	N	N	N	N	N	N	11.7557	0.4865	37.7888	1.0541	0.9953	14.1052	10.9403	0.0271	37.5720	0.5615	0.0012	4.4621	0.0056	0.0058	0.0012	0.6850	0.0000	4.6910	0.0478	0.0024	0.1181	0.0053	0.0058	0.0001	0.0626	0.0002	0.1249	551.5026	31.8940	0.0376	0.0057	4.0334	3.0820	14.2895	9.3392	0.0610	0.0001	0.0609	0.0001	0.0001	0.0000	0.0609	0.0000	0.0609	0.0133	0.0004	0.0129	0.0004	0.0004	0.0000	0.0129	0.0000	0.0129	0.1086	0.0950	0.0136	0.0197	0.0191	0.0007	0.0889	0.0759	0.0130	0.2776	0.1687	0.1089	0.0719	0.0660	0.0059	0.2057	0.1027	0.1030	11.7557	0.4865	37.7888	1.0541	0.9953	14.1052	10.9403	0.0271	37.5720	0.0478	0.0024	0.1181	0.0053	0.0058	0.0001	0.0626	0.0002	0.1249
1	65	0.2016	16	0	1	1	1	0	0	0	0	N	N	N	N	N	N	N	N	N	N	N	N	0.0000	0.0000	55.1921	0.0003	0.0000	1.5402	0.0000	0.0000	116.4338	0.0000	0.0000	0.0002	0.0000	0.0000	0.0000	0.0000	0.0000	0.0002	4.9673	7.7056	0.0000	0.0043	0.0047	0.0000	7.4557	14.7198	0.0000	inf	0.0000	0.0000	-0.5033	4.0334	1.7946	14.2895	5.9592	0.0000	0.0000	0.0000	0.0000	0.0000	0.0000	0.0000	0.0000	0.0000	0.9269	0.9269	0.0000	0.0003	0.0003	0.0000	0.9266	0.9266	0.0000	0.0544	0.0475	0.0069	0.0092	0.0088	0.0004	0.0453	0.0387	0.0066	0.1866	0.1203	0.0663	0.0623	0.0573	0.0050	0.1243	0.0629	0.0613	0.0000	0.0000	55.1921	0.0003	0.0000	1.5402	0.0000	0.0000	116.4338	4.9673	7.7056	0.0000	0.0043	0.0047	0.0000	7.4557	14.7198	0.0000
1	66	0.1947	15	0	1	1	1	0	0	0	0	N	N	N	N	N	N	N	N	N	N	N	N	0.0026	0.0000	12.1842	0.0071	0.0015	100.8664	0.0021	0.0000	11.5542	0.0023	0.0000	0.0174	0.0007	0.0002	0.0143	0.0027	0.0000	0.0176	0.8869	1.4310	0.0014	0.0918	0.0996	0.0001	1.2667	2.6646	0.0015	84.1330	0.0006	0.0001	-0.0406	4.0334	1.3569	14.2895	2.0560	0.0001	0.0000	0.0001	0.0000	0.0000	0.0000	0.0001	0.0000	0.0001	0.0748	0.0748	0.0000	0.0025	0.0025	0.0000	0.0723	0.0723	0.0000	0.0450	0.0391	0.0059	0.0083	0.0080	0.0003	0.0367	0.0311	0.0056	0.0844	0.0523	0.0321	0.0273	0.0251	0.0021	0.0571	0.0271	0.0300	0.0026	0.0000	12.1842	0.0071	0.0015	100.8664	0.0021	0.0000	11.5542	0.8869	1.4310	0.0014	0.0918	0.0996	0.0001	1.2667	2.6646	0.0015
1	67	0.1814	14	0	1	1	1	0	0	0	0	N	N	N	N	N	N	N	N	N	N	N	N	2.4814	0.0009	871.8027	0.6897	0.0012	158.2959	6.9587	0.0010	1307.7903	0.1111	0.0001	0.7812	0.0700	0.0001	0.6447	0.1252	0.0000	0.8143	0.0448	0.0711	0.0009	0.1015	0.1115	0.0041	0.0180	0.0359	0.0006	2045.9288	0.0076	0.0123	-0.0037	4.0334	4.9477	14.2895	2.0153	0.0199	0.0000	0.0199	0.0032	0.0000	0.0032	0.0167	0.0000	0.0167	0.0070	0.0069	0.0001	0.0051	0.0050	0.0000	0.0019	0.0019	0.0000	0.1791	0.1537	0.0255	0.0458	0.0408	0.0050	0.1333	0.1128	0.0205	0.1555	0.0972	0.0583	0.0498	0.0452	0.0046	0.1057	0.0520	0.0537	2.4814	0.0009	871.8027	0.6897	0.0012	158.2959	6.9587	0.0010	1307.7903	0.0448	0.0711	0.0009	0.1015	0.1115	0.0041	0.0180	0.0359	0.0006
1	68	0.1044	8	0	0	2	1	0	0	0	0	N	N	Y	N	N	N	N	N	N	N	N	N	0.0000	0.0000	0.0000	0.0000	0.0000	0.0000	0.0000	0.0000	0.0000	0.0000	0.0000	0.0000	0.0000	0.0000	0.0000	0.0004	0.0007	0.0000	0.0019	0.0021	0.0000	0.0000	0.0000	0.0000	0.0000	0.0000	-0.0000	4.0334	0.0000	14.2895	4.0001	0.0000	0.0000	0.0000	0.0000	0.0000	0.0000	0.0000	0.0000	0.0000	0.0000	0.0000	0.0000	0.0000	0.0000	0.0000	0.0000	0.0000	0.0000	0.0000	0.0000	0.0000	0.0000	0.0000	0.0000	0.0000	0.0000	0.0000	0.0899	0.0536	0.0363	0.0208	0.0189	0.0020	0.0691	0.0347	0.0343	0.0000	0.0000	0.0000	0.0000	0.0000	0.0000	0.0000	0.0000	0.0000	0.0004	0.0007	0.0000	0.0019	0.0021	0.0000	0.0000	0.0000	0.0000				
1	69	0.0821	7	0	0	1	1	0	0	0	0	N	N	N	N	N	N	N	N	N	N	N	N	0.0071	0.0044	2.3876	0.0077	0.0077	0.0000	1.1011	0.0039	5.8237	0.0003	0.0003	0.0001	0.0012	0.0012	0.0000	0.0000	0.0000	0.0002	0.0390	0.0663	0.0001	0.1561	0.1625	0.0014	0.0000	0.0000	0.0000	0.0641	0.0006	-0.0000	-0.0072	4.0334	2.8240	14.2895	8.9883	0.0000	0.0000	0.0000	0.0000	0.0000	0.0000	0.0000	0.0000	0.0000	0.0132	0.0132	0.0000	0.0132	0.0132	0.0000	0.0000	0.0000	0.0000	0.1083	0.0955	0.0129	0.0234	0.0225	0.0009	0.0849	0.0730	0.0119	0.3388	0.1994	0.1394	0.0846	0.0813	0.0034	0.2541	0.1181	0.1360	0.0071	0.0044	2.3876	0.0077	0.0077	0.0000	1.1011	0.0039	5.8237	0.0390	0.0663	0.0001	0.1561	0.1625	0.0014	0.0000	0.0000	0.0000
1	70	0.0732	6	0	0	1	1	0	0	0	0	N	N	N	N	N	N	N	N	N	N	N	N	0.0004	0.0002	0.0054	0.0012	0.0011	0.2407	0.0000	0.0000	0.0003	0.0002	0.0002	0.0002	0.0017	0.0015	0.0056	0.0000	0.0000	0.0000	0.4526	0.7372	0.0308	1.3819	1.4010	0.0233	0.0299	0.0285	0.0309	0.1566	0.0282	-0.0000	-0.0508	4.0334	1.4521	14.2895	3.5882	0.0000	0.0000	0.0000	0.0000	0.0000	0.0000	0.0000	0.0000	0.0000	0.0986	0.0959	0.0027	0.0941	0.0941	0.0000	0.0045	0.0018	0.0027	0.0442	0.0383	0.0059	0.0043	0.0041	0.0002	0.0399	0.0342	0.0057	0.2178	0.1301	0.0878	0.0681	0.0672	0.0009	0.1497	0.0629	0.0868	0.0004	0.0002	0.0054	0.0012	0.0011	0.2407	0.0000	0.0000	0.0003	0.4526	0.7372	0.0308	1.3819	1.4010	0.0233	0.0299	0.0285	0.0309
1	71	0.0704	5	0	0	1	1	0	0	0	0	N	N	N	N	N	N	N	N	N	N	N	N	0.0102	0.0103	0.0023	0.0408	0.0410	0.0468	0.0003	0.0000	0.0014	0.0025	0.0028	0.0005	0.0176	0.0178	0.0086	0.0000	0.0000	0.0003	0.2475	0.2765	0.2026	0.4322	0.4344	0.1837	0.1417	0.0448	0.2027	0.0245	0.4744	-0.0000	-0.0073	4.0334	1.1783	14.2895	0.9542	0.0001	0.0001	0.0000	0.0001	0.0001	0.0000	0.0000	0.0000	0.0000	0.0329	0.0223	0.0106	0.0209	0.0208	0.0001	0.0120	0.0015	0.0105	0.0417	0.0362	0.0055	0.0059	0.0058	0.0001	0.0358	0.0304	0.0053	0.1329	0.0806	0.0522	0.0484	0.0480	0.0004	0.0845	0.0327	0.0518	0.0102	0.0103	0.0023	0.0408	0.0410	0.0468	0.0003	0.0000	0.0014	0.2475	0.2765	0.2026	0.4322	0.4344	0.1837	0.1417	0.0448	0.2027
1	72	0.0658	4	0	0	1	1	0	0	0	0	N	N	N	N	N	N	N	N	N	N	N	N	0.0133	0.0042	0.0667	0.0268	0.0267	0.0557	0.0162	0.0001	0.0670	0.0022	0.0006	0.0121	0.0079	0.0080	0.0072	0.0017	0.0000	0.0122	0.1642	0.1521	0.1814	0.2969	0.2990	0.1296	0.1075	0.0027	0.1819	2.9905	0.8411	0.0001	-0.0022	4.0334	2.0762	14.2895	1.4610	0.0001	0.0000	0.0001	0.0000	0.0000	0.0000	0.0001	0.0000	0.0001	0.0254	0.0138	0.0116	0.0137	0.0137	0.0001	0.0116	0.0001	0.0115	0.0638	0.0552	0.0086	0.0045	0.0044	0.0002	0.0593	0.0508	0.0085	0.1545	0.0906	0.0639	0.0463	0.0457	0.0006	0.1083	0.0449	0.0633	0.0133	0.0042	0.0667	0.0268	0.0267	0.0557	0.0162	0.0001	0.0670	0.1642	0.1521	0.1814	0.2969	0.2990	0.1296	0.1075	0.0027	0.1819
1	73	0.1063	6	0	0	1	1	0	0	0	0	N	N	N	N	N	N	N	N	N	N	N	N	0.2066	0.0005	3745.4208	3.0777	2.9722	0.8759	0.1893	0.0000	3912.2443	0.4576	0.0019	3.5821	0.0101	0.0104	0.0008	0.5442	0.0000	3.7484	2.2150	3.7430	0.0010	0.0033	0.0035	0.0009	2.8748	5.7919	0.0010	279.4798	0.0002	0.0380	-0.5407	4.0334	4.0673	14.2895	17.8409	0.0617	0.0002	0.0615	0.0002	0.0002	0.0000	0.0615	0.0000	0.0615	0.9961	0.9959	0.0002	0.0003	0.0003	0.0000	0.9958	0.9956	0.0002	0.1348	0.1177	0.0172	0.0219	0.0211	0.0008	0.1130	0.0966	0.0164	0.4497	0.2661	0.1836	0.1033	0.0942	0.0092	0.3464	0.1719	0.1745	0.2066	0.0005	3745.4208	3.0777	2.9722	0.8759	0.1893	0.0000	3912.2443	2.2150	3.7430	0.0010	0.0033	0.0035	0.0009	2.8748	5.7919	0.0010
1	75	0.2430	10	0	0	1	1	0	0	0	0	N	N	N	N	N	N	N	N	N	N	N	N	1.8469	4.4609	0.2064	0.8853	1.2130	0.3271	2.2248	13.9815	0.1668	0.5450	0.5994	0.1305	0.2280	0.2234	0.3303	0.7272	0.8451	0.0994	0.2951	0.1344	0.6324	0.2575	0.1841	1.0097	0.3268	0.0604	0.5959	0.0286	2.2423	-0.0350	0.0719	4.0334	3.5843	14.2895	46.7516	0.0991	0.0963	0.0028	0.0151	0.0142	0.0009	0.0839	0.0821	0.0018	0.4837	0.1492	0.3345	0.1931	0.1222	0.0710	0.2905	0.0270	0.2635	0.1818	0.1607	0.0211	0.0663	0.0635	0.0028	0.1154	0.0972	0.0183	1.6390	1.1101	0.5289	0.7501	0.6634	0.0867	0.8889	0.4466	0.4422	1.8469	4.4609	0.2064	0.8853	1.2130	0.4035	2.2248	13.9815	0.1668	0.2951	0.1344	0.6324	0.2575	0.1841	0.8186	0.3268	0.0604	0.5959
1	76	0.2082	16	1	1	2	1	0	0	0	0	N	N	Y	N	N	N	N	N	N	N	N	N	0.0000	0.0000	0.0000	0.0000	0.0000	0.0000	0.0000	0.0000	0.0000	0.0000	0.0000	0.0000	0.0000	0.0000	0.0000	0.0329	0.0528	0.0000	0.0000	0.0000	0.0000	0.0513	0.1099	0.0000	0.0000	0.0000	-0.0007	4.0334	1.0003	14.2895	1.0071	0.0000	0.0000	0.0000	0.0000	0.0000	0.0000	0.0000	0.0000	0.0000	0.0014	0.0014	0.0000	0.0000	0.0000	0.0000	0.0014	0.0014	0.0000	0.0280	0.0245	0.0035	0.0064	0.0061	0.0003	0.0216	0.0184	0.0031	0.0416	0.0259	0.0157	0.0149	0.0134	0.0015	0.0267	0.0125	0.0142	0.0000	0.0000	0.0000	0.0000	0.0000	0.0000	0.0000	0.0000	0.0000	0.0329	0.0528	0.0000	0.0000	0.0000	0.0000	0.0513	0.1099	0.0000				
1	77	0.2014	15	1	0	2	1	0	0	0	0	N	N	Y	N	N	N	N	N	N	N	N	N	0.0000	0.0000	0.0000	0.0000	0.0000	0.0000	0.0000	0.0000	0.0000	0.0000	0.0000	0.0000	0.0000	0.0000	0.0000	0.0000	0.0000	3.6747	4.8899	0.0000	0.0034	0.0037	0.0000	8.5735	15.6244	0.0000	0.0000	0.0000	-0.4481	4.0334	0.9901	14.2895	2.2068	0.0000	0.0000	0.0000	0.0000	0.0000	0.0000	0.0000	0.0000	0.0000	0.8252	0.8252	0.0000	0.0004	0.0004	0.0000	0.8248	0.8248	0.0000	0.0282	0.0247	0.0035	0.0065	0.0062	0.0003	0.0217	0.0185	0.0032	0.2246	0.1688	0.0558	0.1284	0.1160	0.0124	0.0962	0.0528	0.0434	0.0000	0.0000	0.0000	0.0000	0.0000	0.0000	0.0000	0.0000	0.0000	3.6747	4.8899	0.0000	0.0034	0.0037	0.0000	8.5735	15.6244	0.0000		
1	78	0.1239	7	0	1	1	1	0	0	0	0	N	N	N	N	N	N	N	N	N	N	N	N	9.4460	140.9857	0.6509	200.5507	228.5954	0.0000	0.3732	29399.0267	0.6805	1.2557	1.4019	0.2250	5.6331	5.9159	0.0000	0.0634	0.0326	0.2452	0.1329	0.0099	0.3457	0.0281	0.0259	0.0583	0.1700	0.0000	0.3603	0.0228	20.0969	-0.1258	0.0310	4.0334	8.4371	14.2895	15.3349	0.3506	0.3428	0.0078	0.3367	0.3367	0.0000	0.0139	0.0061	0.0078	0.0756	0.0036	0.0720	0.0042	0.0036	0.0006	0.0715	0.0000	0.0715	0.2792	0.2445	0.0347	0.0598	0.0569	0.0029	0.2194	0.1876	0.0318	0.5690	0.3605	0.2084	0.1486	0.1385	0.0101	0.4203	0.2220	0.1983	9.4460	140.9857	0.6509	200.5507	228.5954	0.0000	0.3732	29399.0267	0.6805	0.1329	0.0099	0.3457	0.0281	0.0259	0.0583	0.1700	0.0000	0.3603
1	79	0.2014	15	1	0	2	1	0	0	0	0	N	N	Y	N	N	N	N	N	N	N	N	N	4.3283	0.0000	234818.5202	0.0000	0.0000	2.9160	0.0000	216714.9084	11.8906	0.0000	96.2947	0.0000	0.0000	0.0000	15.3766	0.0000	105.7196	2.7472	3.9025	0.0004	0.0040	0.0044	0.0000	5.2733	10.1028	0.0005	inf	0.0000	0.6177	-0.4879	4.0334	3.0096	14.2895	5.7427	0.9981	0.0000	0.9981	0.0000	0.0000	0.0000	0.9981	0.0000	0.9981	0.8986	0.8986	0.0000	0.0006	0.0006	0.0000	0.8980	0.8979	0.0000	0.0839	0.0736	0.0104	0.0190	0.0181	0.0009	0.0649	0.0555	0.0094	0.3271	0.2303	0.0968	0.1568	0.1414	0.0154	0.1703	0.0889	0.0814	4.3283	0.0000	234818.5202	0.0000	0.0000	0.0000	2.9160	0.0000	216714.9084	2.7472	3.9025	0.0004	0.0040	0.0044	0.0000	5.2733	10.1028	0.0005	
1	80	0.1858	14	1	0	2	1	0	0	0	0	N	N	Y	N	N	N	N	N	N	N	N	N	0.0000	0.0000	0.0000	0.0000	0.0000	0.0000	0.0000	0.0000	0.0000	0.0000	0.0000	0.0000	0.0000	0.0000	0.0000	0.0000	0.0000	0.0000	1.0274	1.6333	0.0039	0.0214	0.0232	0.0002	1.4855	3.0002	0.0041	0.0014	0.0000	-0.0944	4.0334	1.0477	14.2895	6.1154	0.0000	0.0000	0.0000	0.0000	0.0000	0.0000	0.0000	0.0000	0.0000	0.1743	0.1741	0.0002	0.0011	0.0011	0.0000	0.1732	0.1729	0.0002	0.0332	0.0293	0.0039	0.0085	0.0082	0.0003	0.0247	0.0211	0.0035	0.1697	0.1066	0.0631	0.0531	0.0489	0.0042	0.1166	0.0576	0.0589	0.0000	0.0000	0.0000	0.0000	0.0000	0.0000	0.0000	0.0000	0.0000	1.0274	1.6333	0.0039	0.0214	0.0232	0.0002	1.4855	3.0002	0.0041	
1	81	0.1793	13	0	0	1	1	0	0	0	0	N	N	N	N	N	N	N	N	N	N	N	N	0.0000	0.0000	0.0000	0.0000	0.0000	0.0000	0.0000	0.0000	0.0000	0.0000	0.0000	0.0000	0.0000	0.0000	0.0000	0.0000	0.0000	0.0000	0.0217	0.0303	0.0083	0.0065	0.0072	0.0001	0.0274	0.0457	0.0089	0.1751	0.0000	-0.0005	4.0334	1.9794	14.2895	1.0196	0.0000	0.0000	0.0000	0.0000	0.0000	0.0000	0.0000	0.0000	0.0000	0.0014	0.0012	0.0002	0.0001	0.0001	0.0000	0.0013	0.0011	0.0002	0.0573	0.0501	0.0072	0.0112	0.0107	0.0005	0.0461	0.0394	0.0066	0.0639	0.0390	0.0249	0.0173	0.0156	0.0017	0.0467	0.0234	0.0232	0.0000	0.0000	0.0000	0.0000	0.0000	0.0000	0.0000	0.0000	0.0000	0.0217	0.0303	0.0083	0.0065	0.0072	0.0001	0.0274	0.0457	0.0089	
1	82	0.1772	12	0	0	1	1	0	0	0	0	N	N	N	N	N	N	N	N	N	N	N	N	0.0109	0.0193	0.0000	0.0367	0.0410	0.0000	0.0000	0.0000	0.0000	0.0000	0.0000	0.0000	0.0000	0.0000	0.0000	0.0000	0.0000	0.0005	0.0003	0.0008	0.0009	0.0008	0.0014	0.0004	0.0000	0.0008	0.0030	1.5470	-0.0000	0.0000	4.0334	1.0114	14.2895	0.0202	0.0000	0.0000	0.0000	0.0000	0.0000	0.0000	0.0000	0.0000	0.0000	0.0000	0.0000	0.0000	0.0000	0.0000	0.0000	0.0000	0.0000	0.0000	0.0294	0.0257	0.0037	0.0052	0.0050	0.0003	0.0242	0.0207	0.0035	0.0232	0.0141	0.0091	0.0064	0.0058	0.0006	0.0168	0.0083	0.0085	0.0109	0.0193	0.0000	0.0367	0.0410	0.0000	0.0000	0.0000	0.0000	0.0005	0.0003	0.0008	0.0009	0.0008	0.0014	0.0004	0.0000	0.0008	
1	83	0.1566	11	0	0	1	1	0	0	0	0	N	N	N	N	N	N	N	N	N	N	N	N	7.6767	16.8802	0.0001	34.5855	32.9504	0.0358	0.0000	0.0465	0.0000	0.0448	0.0510	0.0000	0.2255	0.2340	0.0000	0.0000	0.0000	0.0000	0.0058	0.0030	0.0102	0.0065	0.0071	0.0003	0.0056	0.0000	0.0108	0.0000	2.1862	-0.0033	0.0002	4.0334	5.9223	14.2895	3.6882	0.0086	0.0086	0.0000	0.0086	0.0086	0.0000	0.0000	0.0000	0.0000	0.0013	0.0004	0.0009	0.0004	0.0004	0.0000	0.0009	0.0000	0.0009	0.1914	0.1681	0.0233	0.0380	0.0367	0.0014	0.1534	0.1315	0.0219	0.2253	0.1366	0.0887	0.0635	0.0581	0.0054	0.1618	0.0785	0.0833	7.6767	16.8802	0.0001	34.5855	32.9504	0.0358	0.0000	0.0465	0.0000	0.0058	0.0030	0.0102	0.0065	0.0071	0.0003	0.0056	0.0000	0.0108
1	84	0.1437	9	0	1	1	1	0	0	0	0	N	N	N	N	N	N	N	N	N	N	N	N	0.4294	0.7579	0.0000	1.4568	1.4429	0.0000	0.0000	0.0577	0.0000	0.0535	0.0614	0.0000	0.3050	0.3246	0.0000	0.0000	0.0000	0.0000	0.1246	0.0810	0.1955	0.2094	0.2250	0.0099	0.0978	0.0001	0.2044	0.0000	1.4843	-0.0043	0.0055	4.0334	7.1084	14.2895	28.8937	0.0112	0.0112	0.0000	0.0112	0.0112	0.0000	0.0000	0.0000	0.0000	0.1008	0.0406	0.0602	0.0407	0.0406	0.0001	0.0601	0.0000	0.0601	0.2093	0.1824	0.0269	0.0367	0.0345	0.0022	0.1726	0.1479	0.0247	0.8089	0.5009	0.3081	0.1944	0.1803	0.0141	0.6146	0.3206	0.2940	0.4294	0.7579	0.0000	1.4568	1.4429	0.0000	0.0000	0.0577	0.0000	0.1246	0.0810	0.1955	0.2094	0.2250	0.0099	0.0978	0.0001	0.2044
1	85	0.1363	8	0	1	1	1	0	0	0	0	N	N	N	N	N	N	N	N	N	N	N	N	287.1918	379.5442	36.2276	477.6028	499.2427	0.6866	13.2160	0.7292	43.4440	3.0556	3.3867	0.5236	8.0147	8.4757	0.0074	0.0972	0.0009	0.6338	0.0106	0.0089	0.0145	0.0168	0.0170	0.0108	0.0074	0.0012	0.0146	0.0202	0.7290	-0.1219	-0.0003	4.0334	2.2208	14.2895	3.9129	0.3376	0.3309	0.0067	0.3308	0.3308	0.0000	0.0067	0.0001	0.0067	0.0027	0.0016	0.0011	0.0015	0.0015	0.0000	0.0012	0.0001	0.0011	0.1105	0.0977	0.0128	0.0413	0.0390	0.0022	0.0692	0.0587	0.0105	0.2540	0.1751	0.0788	0.0885	0.0857	0.0028	0.1654	0.0894	0.0760	287.1918	379.5442	36.2276	477.6028	499.2427	0.6866	13.2160	0.7292	43.4440	0.0106	0.0089	0.0145	0.0168	0.0170	0.0108	0.0074	0.0012	0.0146
1	86	0.2118	10	0	0	2	1	0	0	0	0	N	N	Y	N	N	N	N	N	N	N	N	N	0.0825	0.1082	0.1150	0.0886	0.0001	16.2806	0.0847	14.0013	0.0100	0.0029	0.0025	0.0064	0.0037	0.0000	0.0921	0.0028	0.0031	0.0006	0.0355	0.0227	0.0556	0.0413	0.0458	0.0057	0.0325	0.0002	0.0609	0.3553	1.5630	-0.0001	0.0007	4.0334	5.3425	14.2895	7.0749	0.0005	0.0004	0.0001	0.0001	0.0000	0.0001	0.0004	0.0004	0.0000	0.0106	0.0041	0.0065	0.0042	0.0041	0.0001	0.0064	0.0000	0.0064	0.1746	0.1536	0.0210	0.0334	0.0320	0.0013	0.1412	0.1216	0.0197	0.2979	0.1818	0.1161	0.1009	0.0897	0.0112	0.1970	0.0921	0.1048	0.0825	0.1082	0.1150	0.0886	0.0001	16.2806	0.0847	14.0013	0.0100	0.0355	0.0227	0.0556	0.0413	0.0458	0.0057	0.0325	0.0002	0.0609
1	87	0.1686	9	0	0	1	1	0	0	0	0	N	N	N	N	N	N	N	N	N	N	N	N	0.0592	0.3688	0.1689	6.5584	0.8313	122.0388	0.0163	0.0025	0.0620	0.0847	0.0078	0.6727	0.2177	0.0279	3.6323	0.0374	0.0000	0.2710	1.4315	0.0213	3.9838	0.0332	0.0335	0.0298	2.2897	0.0068	4.3716	11.2175	103.5285	0.0119	0.4404	4.0334	7.0719	14.2895	13.7350	0.0222	0.0018	0.0204	0.0150	0.0018	0.0132	0.0072	0.0000	0.0072	0.9842	0.0094	0.9748	0.0087	0.0080	0.0007	0.9756	0.0014	0.9742	0.2623	0.2320	0.0303	0.0688	0.0652	0.0036	0.1935	0.1668	0.0267	0.6876	0.4429	0.2447	0.2615	0.2397	0.0219	0.4261	0.2032	0.2228	0.0592	0.3688	0.1689	6.5584	0.8313	122.0388	0.0163	0.0025	0.0620	1.4315	0.0213	3.9838	0.0332	0.0335	0.0298	2.2897	0.0068	4.3716
1	88	0.2118	17	1	0	2	1	0	0	0	0	N	N	Y	N	N	N	N	N	N	N	N	N	0.0000	0.0000	0.0000	0.0000	0.0000	0.0000	0.0000	0.0000	0.0000	0.0000	0.0000	0.0000	0.0000	0.0000	0.0000	0.0000	0.0000	0.0000	0.0000	0.0000	4.0334	0.0000	14.2895	0.0000	0.0000	0.0000	0.0000	0.0000	0.0000	0.0000	0.0000	0.0000	0.0000	0.0000	0.0000	0.0000	0.0000	0.0000	0.0000	0.0000	0.0000	0.0000	0.0000	0.0000	0.0000	0.0000	0.0000	0.0000	0.0000	0.0000	0.0000	0.0000	0.0000	0.0000	0.0000	0.0000	0.0000	0.0000	0.0000	0.0000	0.0000	0.0000	0.0000	0.0000	0.0000	0.0000	0.0000	0.0000	0.0000	0.0000	0.0000	0.0000	0.0000	0.0000	0.0000	0.0000	0.0000	0.0000											
1	89	0.2098	16	1	0	2	1	0	0	0	0	N	N	Y	N	N	N	N	N	N	N	N	N	0.0000	0.0000	0.0000	0.0000	0.0000	0.0000	0.0000	0.0000	0.0000	0.0000	0.0000	0.0000	0.0000	0.0000	0.0000	0.0000	0.0000	0.0000	0.0062	0.0075	0.0034	0.0029	0.0015	0.0296	0.0083	0.0149	0.0017	0.2138	0.0000	-0.0001	4.0334	0.0001	14.2895	0.9161	0.0000	0.0000	0.0000	0.0000	0.0000	0.0000	0.0000	0.0000	0.0000	0.0002	0.0002	0.0000	0.0000	0.0000	0.0000	0.0002	0.0002	0.0000	0.0000	0.0000	0.0000	0.0000	0.0000	0.0000	0.0000	0.0000	0.0000	0.0351	0.0239	0.0112	0.0140	0.0133	0.0007	0.0212	0.0106	0.0106	0.0000	0.0000	0.0000	0.0000	0.0000	0.0000	0.0000	0.0000	0.0000	0.0062	0.0075	0.0034	0.0029	0.0015	0.0296	0.0083	0.0149	0.0017	
1	90	0.1851	15	1	0	2	1	0	0	0	0	N	N	Y	N	N	N	N	N	N	N	N	N	0.0003	0.0002	2.4411	0.0430	0.0420	0.0000	0.0002	0.0001	3.4786	0.0012	0.0012	0.0013	0.0025	0.0026	0.0000	0.0009	0.0008	0.0015	3.8418	6.1200	0.0005	0.0575	0.0630	0.0019	5.6587	11.4913	0.0004	0.1607	0.0001	-0.0000	-0.5388	4.0334	3.7876	14.2895	7.8440	0.0001	0.0001	0.0000	0.0001	0.0001	0.0000	0.0001	0.0001	0.0000	0.9925	0.9924	0.0001	0.0048	0.0048	0.0000	0.9876	0.9876	0.0000	0.1185	0.1035	0.0150	0.0247	0.0231	0.0016	0.0938	0.0804	0.0134	0.2583	0.1622	0.0962	0.0838	0.0762	0.0076	0.1745	0.0859	0.0886	0.0003	0.0002	2.4411	0.0430	0.0420	0.0000	0.0002	0.0001	3.4786	3.8418	6.1200	0.0005	0.0575	0.0630	0.0019	5.6587	11.4913	0.0004
1	91	0.0959	5	0	1	1	2	0	0	0	0	N	N	N	Y	N	N	N	N	N	N	N	N	3.2641	0.0053	9569.7706	0.2910	0.2807	0.1661	3.2495	0.0000	58164.3735	0.5691	0.0016	4.6676	0.0066	0.0068	0.0014	0.7178	0.0000	4.8651	0.1743	0.2957	0.0005	0.0228	0.0241	0.0086	0.2209	0.4714	0.0001	410.5761	0.0012	0.0249	-0.0394	4.0334	1.8247	14.2895	16.3284	0.0404	0.0001	0.0403	0.0001	0.0001	0.0000	0.0403	0.0000	0.0403	0.0727	0.0727	0.0001	0.0022	0.0022	0.0001	0.0705	0.0705	0.0000	0.0710	0.0623	0.0086	0.0148	0.0145	0.0004	0.0561	0.0478	0.0083	0.4172	0.2457	0.1715	0.0981	0.0900	0.0081	0.3192	0.1558	0.1634	3.2641	0.0053	9569.7706	0.2910	0.2807	0.1661	3.2495	0.0000	58164.3735	0.1743	0.2957	0.0005	0.0228	0.0241	0.0086	0.2209	0.4526	0.0001
1	92	0.1063	6	0	1	1	1	0	0	0	0	N	N	N	N	N	N	N	N	N	N	N	N	12132.2906	4000.7032	13551316.1852	10047.2394	9581.3442	246.1693	1541714.9142	0.0000	15303221.1607	7.0846	3.9426	28.0855	25.5893	26.8006	0.0012	4.2207	0.0000	29.4565	0.0006	0.0010	0.0000	0.0025	0.0028	0.0000	0.0000	0.0000	0.0000	1.0658	0.0015	0.2609	-0.0002	4.0334	9.1310	14.2895	16.1726	1.9346	0.9365	0.9981	0.9365	0.9365	0.0000	0.9981	0.0000	0.9981	0.0003	0.0003	0.0000	0.0003	0.0003	0.0000	0.0000	0.0000	0.0000	0.2731	0.2375	0.0355	0.0366	0.0349	0.0017	0.2365	0.2026	0.0339	0.5105	0.3021	0.2084	0.1166	0.1062	0.0105	0.3939	0.1959	0.1980	12132.2906	4000.7032	13551316.1852	10047.2394	9581.3442	246.1693	1541714.9142	0.0000	15303221.1607	0.0006	0.0010	0.0000	0.0025	0.0028	0.0000	0.0000	0.0000	0.0000
1	93	0.0866	6	0	1	1	1	0	0	0	0	N	N	N	N	N	N	N	N	N	N	N	N	0.0651	0.8250	0.0001	2.7275	3.0897	0.0233	0.0000	0.4093	0.0000	0.0017	0.0019	0.0000	0.0167	0.0173	0.0003	0.0000	0.0000	0.0000	0.0258	0.0023	0.0616	0.0061	0.0056	0.0122	0.0333	0.0000	0.0644	0.0006	17.1841	-0.0001	0.0040	4.0334	4.0959	14.2895	8.7137	0.0002	0.0002	0.0000	0.0002	0.0002	0.0000	0.0000	0.0000	0.0000	0.0100	0.0005	0.0094	0.0006	0.0005	0.0001	0.0093	0.0000	0.0093	0.1279	0.1107	0.0171	0.0129	0.0124	0.0005	0.1150	0.0983	0.0167	0.3863	0.2333	0.1530	0.1062	0.0978	0.0083	0.2802	0.1355	0.1446	0.0651	0.8250	0.0001	2.7275	3.0897	0.0233	0.0000	0.4093	0.0000	0.0258	0.0023	0.0616	0.0061	0.0056	0.0122	0.0333	0.0000	0.0644
1	94	0.0683	5	0	1	1	1	0	0	0	0	N	N	N	N	N	N	N	N	N	N	N	N	0.5775	0.6107	0.0230	1.7068	1.6844	2.8084	0.0000	0.0000	0.0000	0.0336	0.0388	0.0012	0.3148	0.3205	0.0678	0.0000	0.0000	0.0000	0.0582	0.0635	0.0511	0.1845	0.1903	0.0241	0.0270	0.0003	0.0515	0.0048	0.5942	-0.0012	-0.0025	4.0334	2.9443	14.2895	6.1524	0.0033	0.0033	0.0000	0.0033	0.0033	0.0000	0.0000	0.0000	0.0000	0.0144	0.0090	0.0054	0.0091	0.0090	0.0000	0.0054	0.0000	0.0053	0.0976	0.0842	0.0134	0.0104	0.0102	0.0002	0.0872	0.0740	0.0132	0.2478	0.1425	0.1053	0.0491	0.0474	0.0017	0.1987	0.0951	0.1036	0.5775	0.6107	0.0230	1.7068	1.6844	2.8084	0.0000	0.0000	0.0000	0.0582	0.0635	0.0511	0.1845	0.1903	0.0241	0.0270	0.0003	0.0515
1	95	0.0658	4	0	0	1	1	0	0	0	0	N	N	N	N	N	N	N	N	N	N	N	N	0.0096	0.0145	0.0017	0.0765	0.0780	0.0157	0.0004	0.0037	0.0015	0.0018	0.0020	0.0004	0.0183	0.0187	0.0035	0.0001	0.0000	0.0004	0.1880	0.1390	0.2602	0.2392	0.2394	0.2233	0.1605	0.0002	0.2605	0.0347	1.2696	-0.0000	0.0004	4.0334	0.8596	14.2895	1.2300	0.0001	0.0000	0.0000	0.0000	0.0000	0.0000	0.0000	0.0000	0.0000	0.0229	0.0101	0.0128	0.0102	0.0101	0.0001	0.0127	0.0000	0.0127	0.0282	0.0244	0.0038	0.0027	0.0026	0.0001	0.0255	0.0217	0.0037	0.1217	0.0725	0.0492	0.0424	0.0421	0.0004	0.0792	0.0304	0.0488	0.0096	0.0145	0.0017	0.0765	0.0780	0.0157	0.0004	0.0037	0.0015	0.1880	0.1390	0.2602	0.2392	0.2394	0.2233	0.1605	0.0002	0.2605
1	96	0.0540	3	0	0	1	1	0	0	0	0	N	N	N	N	N	N	N	N	N	N	N	N	0.1898	0.1400	0.2648	0.4105	0.4074	2.1351	0.0815	28.8248	0.2272	0.0488	0.0516	0.0318	0.2340	0.2337	0.2549	0.0068	0.0027	0.0272	0.2571	0.3682	0.1199	0.5702	0.5737	0.1194	0.0830	0.0001	0.1199	0.0994	0.2638	-0.0023	-0.0336	4.0334	3.7737	14.2895	2.5241	0.0078	0.0071	0.0007	0.0069	0.0068	0.0001	0.0009	0.0003	0.0006	0.1005	0.0795	0.0210	0.0796	0.0795	0.0001	0.0209	0.0000	0.0208	0.1599	0.1377	0.0222	0.0296	0.0291	0.0004	0.1303	0.1085	0.0218	0.3907	0.2159	0.1749	0.1396	0.1385	0.0011	0.2511	0.0773	0.1738	0.1898	0.1400	0.2648	0.4105	0.4074	2.1351	0.0815	28.8248	0.2272	0.2571	0.3682	0.1199	0.5702	0.5737	0.1194	0.0830	0.0001	0.1199
1	98	0.1851	15	0	1	1	1	0	0	0	0	N	N	N	N	N	N	N	N	N	N	N	N	0.0004	0.0005	0.0004	0.0296	0.0288	0.0000	0.0002	0.0002	0.0004	0.0029	0.0028	0.0033	0.0041	0.0044	0.0000	0.0024	0.0021	0.0040	6.8202	5.5010	9.0285	0.1372	0.1512	0.0000	9.9877	10.1713	9.8095	0.1607	0.9804	-0.0000	-0.0959	4.0334	1.3608	14.2895	12.1483	0.0001	0.0001	0.0000	0.0001	0.0001	0.0000	0.0001	0.0001	0.0000	2.0014	1.0106	0.9908	0.0129	0.0129	0.0000	1.9884	0.9976	0.9908	0.0498	0.0438	0.0060	0.0150	0.0140	0.0010	0.0347	0.0297	0.0050	0.2935	0.1837	0.1097	0.0944	0.0856	0.0087	0.1991	0.0981	0.1010	0.0004	0.0005	0.0004	0.0296	0.0288	0.0000	0.0002	0.0002	0.0004	6.8202	5.5010	9.0285	0.1372	0.1512	0.0000	9.9877	10.1713	9.8095
1	99	0.1814	14	0	0	1	1	0	0	0	0	N	N	N	N	N	N	N	N	N	N	N	N	0.4968	0.4865	0.4401	2.1794	2.3005	5.7046	0.3551	0.2592	0.5931	0.0655	0.0680	0.0516	0.0643	0.0731	0.0048	0.0663	0.0644	0.0749	0.1317	0.1398	0.1172	0.0295	0.0318	0.0008	0.1866	0.2486	0.1263	0.1396	0.4637	-0.0014	-0.0018	4.0334	1.5300	14.2895	0.7696	0.0055	0.0048	0.0007	0.0022	0.0021	0.0000	0.0033	0.0027	0.0007	0.0081	0.0056	0.0026	0.0006	0.0006	0.0000	0.0075	0.0049	0.0026	0.0843	0.0712	0.0131	0.0337	0.0294	0.0044	0.0505	0.0418	0.0087	0.0617	0.0398	0.0220	0.0215	0.0200	0.0016	0.0402	0.0198	0.0204	0.4968	0.4865	0.4401	2.1794	2.3005	5.7046	0.3551	0.2592	0.5931	0.1317	0.1398	0.1172	0.0295	0.0318	0.0008	0.1866	0.2486	0.1263
1	100	0.1725	13	0	0	1	1	0	0	0	0	N	N	N	N	N	N	N	N	N	N	N	N	1447.2684	11.2710	28708.8246	6.1071	5.1935	19.0100	1522.6633	9.3506	33400.4114	9.0731	0.0979	67.7628	0.0240	0.0210	0.0572	11.1493	0.1168	76.7946	0.0063	0.0087	0.0024	0.0039	0.0040	0.0030	0.0073	0.0125	0.0023	105.8113	0.1682	0.6150	-0.0003	4.0334	3.6906	14.2895	1.4800	1.0090	0.0094	0.9995	0.0005	0.0004	0.0001	1.0085	0.0090	0.9994	0.0007	0.0006	0.0001	0.0001	0.0001	0.0000	0.0006	0.0005	0.0001	0.1112	0.0965	0.0148	0.0208	0.0190	0.0017	0.0905	0.0774	0.0130	0.1147	0.0709	0.0439	0.0357	0.0319	0.0038	0.0790	0.0389	0.0401	1447.2684	11.2710	28708.8246	6.1071	5.1935	19.0100	1522.6633	9.3506	33400.4114	0.0063	0.0087	0.0024	0.0039	0.0040	0.0030	0.0073	0.0125	0.0023
1	101	0.1725	12	0	0	1	1	0	0	0	0	N	N	N	N	N	N	N	N	N	N	N	N	6.7487	4.3926	272.9106	4.6054	4.9203	1.6631	9.4819	3.8176	679.7272	0.0825	0.0819	0.0859	0.0737	0.0869	0.0012	0.0936	0.0754	0.1823	0.0122	0.0186	0.0003	0.0160	0.0177	0.0007	0.0099	0.0197	0.0003	0.2021	0.0091	-0.0002	-0.0001	4.0334	0.1361	14.2895	0.4500	0.0010	0.0008	0.0002	0.0005	0.0005	0.0000	0.0005	0.0003	0.0002	0.0002	0.0002	0.0000	0.0001	0.0001	0.0000	0.0001	0.0001	0.0000	0.0117	0.0098	0.0019	0.0065	0.0055	0.0010	0.0052	0.0043	0.0009	0.0183	0.0119	0.0064	0.0070	0.0064	0.0007	0.0113	0.0056	0.0057	6.7487	4.3926	272.9106	4.6054	4.9203	1.6631	9.4819	3.8176	679.7272	0.0122	0.0186	0.0003	0.0160	0.0177	0.0007	0.0099	0.0197	0.0003
1	102	0.1566	11	0	0	1	1	0	0	0	0	N	N	N	N	N	N	N	N	N	N	N	N	1.5303	5.0929	1.0130	12.8155	13.0921	0.5502	0.7220	2.4324	1.0170	0.0086	0.0081	0.0120	0.0197	0.0203	0.0008	0.0052	0.0040	0.0127	0.0056	0.0016	0.0118	0.0015	0.0015	0.0014	0.0073	0.0016	0.0125	0.1957	4.7836	-0.0002	0.0003	4.0334	3.5591	14.2895	4.5341	0.0011	0.0009	0.0002	0.0006	0.0006	0.0000	0.0005	0.0003	0.0002	0.0011	0.0002	0.0009	0.0001	0.0001	0.0000	0.0010	0.0001	0.0009	0.1273	0.1123	0.0149	0.0296	0.0287	0.0009	0.0977	0.0837	0.0140	0.1947	0.1182	0.0765	0.0557	0.0512	0.0046	0.1390	0.0671	0.0719	1.5303	5.0929	1.0130	12.8155	13.0921	0.5502	0.7220	2.4324	1.0170	0.0056	0.0016	0.0118	0.0015	0.0015	0.0014	0.0073	0.0016	0.0125
1	103	0.1350	10	0	0	1	1	0	0	0	0	N	N	N	N	N	N	N	N	N	N	N	N	0.6830	27.5011	0.0029	58.8700	65.7179	0.2156	0.0007	0.0701	0.0025	0.1258	0.1447	0.0013	0.7194	0.7349	0.0059	0.0002	0.0000	0.0011	0.1842	0.0053	0.4279	0.0122	0.0112	0.0271	0.2521	0.0002	0.4461	0.0013	59.7462	-0.0049	0.0240	4.0334	2.8937	14.2895	8.0733	0.0130	0.0130	0.0000	0.0130	0.0130	0.0000	0.0000	0.0000	0.0000	0.0544	0.0009	0.0535	0.0010	0.0009	0.0001	0.0533	0.0000	0.0533	0.1034	0.0898	0.0136	0.0181	0.0177	0.0004	0.0853	0.0721	0.0132	0.2951	0.1701	0.1250	0.0835	0.0781	0.0054	0.2116	0.0921	0.1195	0.6830	27.5011	0.0029	58.8700	65.7179	0.2156	0.0007	0.0701	0.0025	0.1842	0.0053	0.4279	0.0122	0.0112	0.0271	0.2521	0.0002	0.4461
1	104	0.1297	6	0	1	1	1	0	0	0	0	N	N	N	N	N	N	N	N	N	N	N	N	1.2650	0.0018	1297.7910	0.0026	0.0025	0.0000	66.0280	0.0000	1428.5351	0.0070	0.0000	0.0518	0.0000	0.0000	0.0000	0.0103	0.0000	0.0542	0.0055	0.0073	0.0000	0.0136	0.0144	0.0001	0.0002	0.0002	0.0000	611.9387	0.0018	0.0000	-0.0002	4.0334	0.0277	14.2895	1.3445	0.0000	0.0000	0.0000	0.0000	0.0000	0.0000	0.0000	0.0000	0.0000	0.0004	0.0004	0.0000	0.0004	0.0004	0.0000	0.0000	0.0000	0.0000	0.0014	0.0012	0.0002	0.0005	0.0005	0.0000	0.0010	0.0008	0.0002	0.0659	0.0498	0.0162	0.0261	0.0248	0.0014	0.0398	0.0250	0.0148	1.2650	0.0018	1297.7910	0.0026	0.0025	0.0000	66.0280	0.0000	1428.5351	0.0055	0.0073	0.0000	0.0136	0.0144	0.0001	0.0002	0.0002	0.0000
1	105	0.0830	5	0	1	1	1	0	0	0	0	N	N	N	N	N	N	N	N	N	N	N	N	41.4996	0.0728	1528.0153	0.0996	0.0984	0.0552	204.5793	0.1609	1657.5884	0.1684	0.0005	1.2744	0.0017	0.0018	0.0001	0.1997	0.0002	1.3494	0.0041	0.0063	0.0008	0.0171	0.0182	0.0015	0.0010	0.0011	0.0008	420.2878	0.0926	0.0162	-0.0009	4.0334	5.1414	14.2895	16.4151	0.0263	0.0001	0.0263	0.0000	0.0000	0.0000	0.0263	0.0000	0.0263	0.0019	0.0017	0.0002	0.0015	0.0015	0.0000	0.0004	0.0002	0.0002	0.1564	0.1357	0.0206	0.0247	0.0235	0.0011	0.1317	0.1122	0.0195	0.4649	0.2732	0.1917	0.0887	0.0833	0.0054	0.3763	0.1899	0.1863	41.4996	0.0728	1528.0153	0.0996	0.0984	0.0552	204.5793	0.1609	1657.5884	0.0041	0.0063	0.0008	0.0171	0.0182	0.0015	0.0010	0.0011	0.0008
1	106	0.0748	4	0	0	1	1	0	0	0	0	N	N	N	N	N	N	N	N	N	N	N	N	485.4234	3.2759	6793.4443	1.9678	1.9682	6.4859	1822.9766	64.7642	7030.9387	8.4203	0.0740	62.2098	0.1000	0.1033	0.0304	9.6795	0.0690	65.1650	0.0173	0.0226	0.0092	0.0508	0.0525	0.0047	0.0053	0.0011	0.0093	130.4941	0.2592	0.6147	-0.0010	4.0334	3.8974	14.2895	1.6364	1.0056	0.0076	0.9979	0.0016	0.0015	0.0000	1.0040	0.0061	0.9979	0.0030	0.0024	0.0006	0.0023	0.0023	0.0000	0.0007	0.0001	0.0006	0.1194	0.1034	0.0160	0.0157	0.0150	0.0007	0.1037	0.0884	0.0153	0.1747	0.1066	0.0681	0.0462	0.0446	0.0017	0.1285	0.0620	0.0665	485.4234	3.2759	6793.4443	1.9678	1.9682	6.4859	1822.9766	64.7642	7030.9387	0.0173	0.0226	0.0092	0.0508	0.0525	0.0047	0.0053	0.0011	0.0093
1	109	0.1653	11	1	1	1	2	0	0	0	0	N	N	N	Y	N	N	N	N	N	N	N	N	0.0000	0.0000	0.0000	0.0000	0.0000	0.0000	0.0000	0.0000	0.0000	0.0000	0.0000	0.0000	0.0000	0.0000	0.0000	0.0000	0.0000	0.0000	0.0000	0.0000	4.0334	0.0000	14.2895	0.0000	0.0000	0.0000	0.0000	0.0000	0.0000	0.0000	0.0000	0.0000	0.0000	0.0000	0.0000	0.0000	0.0000	0.0000	0.0000	0.0000	0.0000	0.0000	0.0000	0.0000	0.0000	0.0000	0.0000	0.0000	0.0000	0.0000	0.0000	0.0000	0.0000	0.0000	0.0000	0.0000	0.0000	0.0000	0.0000	0.0000	0.0000	0.0000	0.0000	0.0000	0.0000	0.0000	0.0000	0.0000	0.0000	0.0000	0.0000	0.0000	0.0000	0.0000	0.0000	0.0000	0.0000	0.0000											
1	110	0.1503	10	1	1	1	2	0	0	0	0	N	N	N	Y	N	N	N	N	N	N	N	N	0.0000	0.0000	0.0000	0.0000	0.0000	0.0000	0.0000	0.0000	0.0000	0.0000	0.0000	0.0000	0.0000	0.0000	0.0000	0.0000	0.0000	0.0015	0.0002	0.0033	0.0047	0.0004	0.0417	0.0001	0.0000	0.0002	11.7072	0.0000	0.0001	4.0334	0.0000	14.2895	7.1240	0.0000	0.0000	0.0000	0.0000	0.0000	0.0000	0.0000	0.0000	0.0000	0.0003	0.0000	0.0002	0.0002	0.0000	0.0002	0.0000	0.0000	0.0000	0.0000	0.0000	0.0000	0.0000	0.0000	0.0000	0.0000	0.0000	0.0000	0.1738	0.1025	0.0713	0.0512	0.0459	0.0053	0.1226	0.0566	0.0659	0.0000	0.0000	0.0000	0.0000	0.0000	0.0000	0.0000	0.0000	0.0000	0.0015	0.0002	0.0033	0.0047	0.0004	0.0417	0.0001	0.0000	0.0002		
1	111	0.1592	12	0	1	1	2	0	0	0	0	N	N	N	Y	N	N	N	N	N	N	N	N	523.4500	0.0000	2426.8784	0.0000	0.0000	0.0000	617.5628	0.0000	2260.8410	0.0072	0.0000	0.0798	0.0000	0.0000	0.0000	0.0118	0.0000	0.0813	0.0000	0.0000	0.0000	0.0000	0.0000	0.0000	0.0000	0.0000	0.0000	inf	44.1866	0.0000	0.0000	4.0334	0.0016	14.2895	5.0076	0.0000	0.0000	0.0000	0.0000	0.0000	0.0000	0.0000	0.0000	0.0000	0.0000	0.0000	0.0000	0.0000	0.0000	0.0000	0.0000	0.0000	0.0000	0.0002	0.0001	0.0000	0.0001	0.0001	0.0000	0.0001	0.0001	0.0000	0.1182	0.0699	0.0483	0.0359	0.0314	0.0045	0.0823	0.0385	0.0438	523.4500	0.0000	2426.8784	0.0000	0.0000	0.0000	617.5628	0.0000	2260.8410	0.0000	0.0000	0.0000	0.0000	0.0000	0.0000	0.0000	0.0000	0.0000
1	112	0.1524	11	0	1	1	2	0	0	0	0	N	N	N	Y	N	N	N	N	N	N	N	N	0.2200	0.2004	0.0000	0.6766	0.7175	0.0000	0.0000	0.0000	0.0000	0.0000	0.0000	0.0003	0.0004	0.0000	0.0000	0.0000	0.0000	0.0002	0.0002	0.0001	0.0005	0.0005	0.0005	0.0000	0.0000	0.0001	0.0000	0.3379	-0.0000	-0.0000	4.0334	1.0012	14.2895	2.1373	0.0000	0.0000	0.0000	0.0000	0.0000	0.0000	0.0000	0.0000	0.0000	0.0000	0.0000	0.0000	0.0000	0.0000	0.0000	0.0000	0.0000	0.0000	0.0284	0.0246	0.0038	0.0034	0.0032	0.0002	0.0250	0.0214	0.0036	0.0829	0.0490	0.0339	0.0255	0.0231	0.0024	0.0574	0.0259	0.0315	0.2200	0.2004	0.0000	0.6766	0.7175	0.0000	0.0000	0.0000	0.0000	0.0002	0.0002	0.0001	0.0005	0.0005	0.0005	0.0000	0.0000	0.0001	
1	113	0.1607	11	0	1	1	1	0	0	0	0	N	N	N	N	N	N	N	N	N	N	N	N	0.0000	0.0000	0.0000	0.0000	0.0000	0.0000	0.0000	0.0000	0.0000	0.0000	0.0000	0.0000	0.0000	0.0000	0.0000	0.0000	0.0000	0.0000	0.0001	0.0001	0.0000	0.0002	0.0003	0.0001	0.0000	0.0000	0.0000	0.2738	0.0000	-0.0000	4.0334	0.9705	14.2895	5.0371	0.0000	0.0000	0.0000	0.0000	0.0000	0.0000	0.0000	0.0000	0.0000	0.0000	0.0000	0.0000	0.0000	0.0000	0.0000	0.0000	0.0000	0.0000	0.0324	0.0284	0.0040	0.0064	0.0061	0.0003	0.0260	0.0223	0.0037	0.1443	0.0862	0.0582	0.0431	0.0385	0.0046	0.1013	0.0477	0.0536	0.0000	0.0000	0.0000	0.0000	0.0000	0.0000	0.0000	0.0000	0.0000	0.0001	0.0001	0.0000	0.0002	0.0003	0.0001	0.0000	0.0000	0.0000	
1	114	0.1524	11	0	0	2	2	0	0	0	0	N	N	Y	Y	N	N	N	N	N	N	N	N	0.0000	0.0000	0.0000	0.0000	0.0000	0.0000	0.0000	0.0000	0.0000	0.0000	0.0000	0.0000	0.0000	0.0000	0.0000	0.0001	0.0000	0.0003	0.0001	0.0000	0.0015	0.0001	0.0000	0.0002	inf	0.0000	0.0000	4.0334	0.0000	14.2895	1.1303	0.0000	0.0000	0.0000	0.0000	0.0000	0.0000	0.0000	0.0000	0.0000	0.0000	0.0000	0.0000	0.0000	0.0000	0.0000	0.0000	0.0000	0.0000	0.0000	0.0000	0.0000	0.0000	0.0000	0.0000	0.0000	0.0000	0.0000	0.0362	0.0216	0.0146	0.0123	0.0114	0.0009	0.0239	0.0102	0.0137	0.0000	0.0000	0.0000	0.0000	0.0000	0.0000	0.0000	0.0000	0.0000	0.0001	0.0000	0.0003	0.0001	0.0000	0.0015	0.0001	0.0000	0.0002				
1	115	0.1503	10	0	0	1	2	0	0	0	0	N	N	N	Y	N	N	N	N	N	N	N	N	0.0000	0.0000	0.0000	0.0000	0.0000	0.0000	0.0000	0.0000	0.0000	0.0000	0.0000	0.0000	0.0000	0.0000	0.0000	0.0000	0.0000	0.0000	0.0002	0.0001	0.0002	0.0003	0.0003	0.0012	0.0001	0.0000	0.0002	0.9893	0.0000	-0.0000	4.0334	0.0000	14.2895	1.2340	0.0000	0.0000	0.0000	0.0000	0.0000	0.0000	0.0000	0.0000	0.0000	0.0000	0.0000	0.0000	0.0000	0.0000	0.0000	0.0000	0.0000	0.0000	0.0000	0.0000	0.0000	0.0000	0.0000	0.0000	0.0000	0.0000	0.0000	0.0393	0.0236	0.0157	0.0133	0.0124	0.0009	0.0260	0.0112	0.0148	0.0000	0.0000	0.0000	0.0000	0.0000	0.0000	0.0000	0.0000	0.0000	0.0002	0.0001	0.0002	0.0003	0.0003	0.0012	0.0001	0.0000	0.0002	
1	116	0.1578	11	0	0	2	2	0	0	0	0	N	N	Y	Y	N	N	N	N	N	N	N	N	0.0469	0.0326	0.0000	0.0872	0.0806	0.0000	0.0000	0.0000	0.0000	0.0067	0.0077	0.0000	0.0393	0.0406	0.0000	0.0000	0.0000	0.0000	0.1431	0.2353	0.0000	0.4504	0.5041	0.0000	0.0000	0.0000	0.0000	0.0000	0.0000	-0.0001	-0.0038	4.0334	0.9725	14.2895	0.9874	0.0002	0.0002	0.0000	0.0002	0.0002	0.0000	0.0000	0.0000	0.0000	0.0071	0.0071	0.0000	0.0071	0.0071	0.0000	0.0000	0.0000	0.0000	0.0304	0.0266	0.0038	0.0052	0.0050	0.0002	0.0252	0.0216	0.0036	0.0494	0.0300	0.0193	0.0157	0.0140	0.0017	0.0337	0.0160	0.0177	0.0469	0.0326	0.0000	0.0872	0.0806	0.0000	0.0000	0.0000	0.0000	0.1431	0.2353	0.0000	0.4504	0.5041	0.0000	0.0000	0.0000	0.0000
1	117	0.1578	11	0	0	2	2	0	0	0	0	N	N	Y	Y	N	N	N	N	N	N	N	N	0.7359	0.0017	5.4486	0.5111	0.0160	39.6655	0.8623	0.0000	4.9740	0.0019	0.0000	0.0228	0.0002	0.0000	0.0414	0.0031	0.0000	0.0222	0.0026	0.0015	0.0042	0.0004	0.0004	0.0010	0.0035	0.0025	0.0045	784.5600	1.8021	0.0000	0.0000	4.0334	0.0285	14.2895	4.0215	0.0000	0.0000	0.0000	0.0000	0.0000	0.0000	0.0000	0.0000	0.0000	0.0003	0.0001	0.0002	0.0000	0.0000	0.0000	0.0002	0.0001	0.0002	0.0031	0.0028	0.0003	0.0013	0.0013	0.0000	0.0018	0.0016	0.0003	0.0974	0.0586	0.0388	0.0301	0.0267	0.0034	0.0673	0.0319	0.0354	0.7359	0.0017	5.4486	0.5111	0.0160	39.6655	0.8623	0.0000	4.9740	0.0026	0.0015	0.0042	0.0004	0.0004	0.0010	0.0035	0.0025	0.0045
1	118	0.1503	10	0	0	2	2	0	0	0	0	N	N	Y	Y	N	N	N	N	N	N	N	N	0.3125	0.2175	0.0000	0.7920	0.7551	0.0000	0.0000	0.0000	0.0000	0.0004	0.0005	0.0000	0.0035	0.0037	0.0000	0.0000	0.0000	0.0000	0.0014	0.0022	0.0001	0.0044	0.0049	0.0003	0.0000	0.0000	0.0001	0.0000	0.0228	-0.0000	-0.0001	4.0334	3.0275	14.2895	2.1573	0.0000	0.0000	0.0000	0.0000	0.0000	0.0000	0.0000	0.0000	0.0000	0.0002	0.0002	0.0000	0.0002	0.0002	0.0000	0.0000	0.0000	0.0000	0.0849	0.0737	0.0112	0.0102	0.0097	0.0005	0.0748	0.0640	0.0107	0.1303	0.0770	0.0534	0.0390	0.0351	0.0039	0.0913	0.0419	0.0494	0.3125	0.2175	0.0000	0.7920	0.7551	0.0000	0.0000	0.0000	0.0000	0.0014	0.0022	0.0001	0.0044	0.0049	0.0003	0.0000	0.0000	0.0001
1	119	0.1915	10	1	1	1	1	0	0	0	0	N	N	N	N	N	N	N	N	N	N	N	N	0.0028	0.0019	1.4583	0.0020	0.0018	3.1950	12.5498	9393.1810	0.0040	0.0008	0.0008	0.0002	0.0016	0.0016	0.0029	0.0005	0.0006	0.0000	0.2766	0.4395	0.0001	0.8254	0.8962	0.0009	0.0000	0.0000	0.0001	0.0298	0.0002	-0.0000	-0.0193	4.0334	2.1883	14.2895	3.1271	0.0001	0.0001	0.0000	0.0000	0.0000	0.0000	0.0000	0.0000	0.0000	0.0355	0.0355	0.0000	0.0355	0.0355	0.0000	0.0000	0.0000	0.0000	0.0755	0.0671	0.0084	0.0172	0.0167	0.0006	0.0582	0.0504	0.0078	0.1282	0.0807	0.0475	0.0430	0.0396	0.0034	0.0853	0.0411	0.0441	0.0028	0.0019	1.4583	0.0020	0.0018	3.1950	12.5498	9393.1810	0.0040	0.2766	0.4395	0.0001	0.8254	0.8962	0.0009	0.0000	0.0000	0.0001
1	120	0.1246	9	1	1	1	1	0	0	0	0	N	N	N	N	N	N	N	N	N	N	N	N	468.5650	316.1739	0.2577	34.2728	32.7307	88.5436	35645.8813	1025860.2441	0.0203	2.5107	2.8829	0.0000	0.7134	0.7396	0.0010	2.7495	3.2030	0.0000	0.0054	0.0091	0.0001	0.0208	0.0226	0.0000	0.0001	0.0000	0.0001	0.0000	0.0107	-0.3884	-0.0019	4.0334	13.6104	14.2895	16.0982	1.0192	1.0191	0.0000	0.0340	0.0340	0.0000	0.9852	0.9852	0.0000	0.0036	0.0035	0.0000	0.0035	0.0035	0.0000	0.0000	0.0000	0.0000	0.4059	0.3535	0.0524	0.0476	0.0459	0.0017	0.3583	0.3076	0.0507	0.6677	0.3882	0.2795	0.1700	0.1566	0.0134	0.4977	0.2316	0.2661	468.5650	316.1739	0.2577	34.2728	32.7307	88.5436	35645.8813	1025860.2441	0.0203	0.0054	0.0091	0.0001	0.0208	0.0226	0.0000	0.0001	0.0000	0.0001
1	121	0.1498	11	0	1	1	1	0	0	0	0	N	N	N	N	N	N	N	N	N	N	N	N	0.0821	0.0156	0.9180	0.0264	0.0217	13.2547	0.2309	0.0001	0.8104	0.0063	0.0014	0.0488	0.0035	0.0032	0.0315	0.0082	0.0000	0.0495	0.0770	0.0888	0.0531	0.1316	0.1466	0.0024	0.0354	0.0094	0.0611	4.1096	0.2953	0.0001	-0.0066	4.0334	0.3548	14.2895	4.6068	0.0002	0.0000	0.0002	0.0000	0.0000	0.0000	0.0002	0.0000	0.0002	0.0210	0.0162	0.0048	0.0155	0.0155	0.0000	0.0055	0.0007	0.0048	0.0349	0.0313	0.0036	0.0138	0.0136	0.0001	0.0212	0.0177	0.0035	0.2729	0.1827	0.0902	0.1180	0.1058	0.0122	0.1549	0.0769	0.0780	0.0821	0.0156	0.9180	0.0264	0.0217	13.2547	0.2309	0.0001	0.8104	0.0770	0.0888	0.0531	0.1316	0.1466	0.0024	0.0354	0.0094	0.0611
1	122	0.1350	10	0	1	1	1	0	0	0	0	N	N	N	N	N	N	N	N	N	N	N	N	0.0490	0.0146	0.4548	0.0322	0.0301	1.1300	0.1101	0.0002	0.4455	0.0102	0.0041	0.0518	0.0167	0.0165	0.0286	0.0084	0.0000	0.0524	0.2087	0.2792	0.1138	0.5187	0.5489	0.0253	0.0766	0.0193	0.1176	1.8897	0.3027	0.0002	-0.0141	4.0334	1.6911	14.2895	5.7022	0.0007	0.0002	0.0005	0.0003	0.0002	0.0000	0.0005	0.0000	0.0005	0.0455	0.0349	0.0106	0.0338	0.0337	0.0001	0.0117	0.0012	0.0105	0.0699	0.0609	0.0090	0.0152	0.0150	0.0002	0.0547	0.0459	0.0088	0.2178	0.1250	0.0928	0.0651	0.0613	0.0038	0.1527	0.0637	0.0890	0.0490	0.0146	0.4548	0.0322	0.0301	1.1300	0.1101	0.0002	0.4455	0.2087	0.2792	0.1138	0.5187	0.5489	0.0253	0.0766	0.0193	0.1176
1	123	0.1246	9	0	0	1	1	0	0	0	0	N	N	N	N	N	N	N	N	N	N	N	N	1.0455	1.4746	0.2108	2.9533	2.8458	43.2697	0.0477	0.0008	0.2048	0.1347	0.1470	0.0351	0.5251	0.5309	0.0272	0.0051	0.0000	0.0353	0.1288	0.0997	0.1666	0.1778	0.1865	0.0006	0.1062	0.0008	0.1725	0.0297	1.2858	-0.0048	0.0004	4.0334	2.0929	14.2895	3.1856	0.0135	0.0132	0.0004	0.0132	0.0132	0.0000	0.0004	0.0000	0.0004	0.0225	0.0098	0.0127	0.0098	0.0098	0.0000	0.0127	0.0000	0.0127	0.1006	0.0895	0.0111	0.0251	0.0248	0.0003	0.0755	0.0647	0.0108	0.1747	0.0988	0.0760	0.0552	0.0526	0.0026	0.1195	0.0462	0.0734	1.0455	1.4746	0.2108	2.9533	2.8458	43.2697	0.0477	0.0008	0.2048	0.1288	0.0997	0.1666	0.1778	0.1865	0.0006	0.1062	0.0008	0.1725
1	124	0.1653	12	1	1	1	1	0	0	0	0	N	N	N	N	N	N	N	N	N	N	N	N	0.0000	0.0000	0.0000	0.0000	0.0000	0.0000	0.0000	0.0000	0.0000	0.0000	0.0000	0.0000	0.0000	0.0000	0.0000	0.0000	0.0000	0.0000	0.0000	0.0000	4.0334	0.0000	14.2895	0.0000	0.0000	0.0000	0.0000	0.0000	0.0000	0.0000	0.0000	0.0000	0.0000	0.0000	0.0000	0.0000	0.0000	0.0000	0.0000	0.0000	0.0000	0.0000	0.0000	0.0000	0.0000	0.0000	0.0000	0.0000	0.0000	0.0000	0.0000	0.0000	0.0000	0.0000	0.0000	0.0000	0.0000	0.0000	0.0000	0.0000	0.0000	0.0000	0.0000	0.0000	0.0000	0.0000	0.0000	0.0000	0.0000	0.0000	0.0000	0.0000	0.0000	0.0000	0.0000	0.0000	0.0000	0.0000											
1	125	0.1607	11	1	1	1	1	0	0	0	0	N	N	N	N	N	N	N	N	N	N	N	N	0.0000	0.0000	0.0000	0.0000	0.0000	0.0000	0.0000	0.0000	0.0000	0.0000	0.0000	0.0000	0.0000	0.0000	0.0000	0.0000	0.0000	0.0009	0.0015	0.0001	0.0028	0.0031	0.0000	0.0000	0.0000	0.0001	0.0327	0.0000	-0.0000	4.0334	0.1434	14.2895	1.9839	0.0000	0.0000	0.0000	0.0000	0.0000	0.0000	0.0000	0.0000	0.0000	0.0001	0.0000	0.0000	0.0000	0.0000	0.0000	0.0000	0.0000	0.0000	0.0090	0.0080	0.0009	0.0035	0.0034	0.0001	0.0055	0.0047	0.0008	0.0556	0.0337	0.0219	0.0174	0.0157	0.0017	0.0383	0.0180	0.0202	0.0000	0.0000	0.0000	0.0000	0.0000	0.0000	0.0000	0.0000	0.0000	0.0009	0.0015	0.0001	0.0028	0.0031	0.0000	0.0000	0.0000	0.0001		
1	126	0.1503	10	0	1	1	1	0	0	0	0	N	N	N	N	N	N	N	N	N	N	N	N	0.0000	0.0000	0.0000	0.0000	0.0000	0.0000	0.0000	0.0000	0.0000	0.0000	0.0000	0.0000	0.0000	0.0000	0.0000	0.0000	0.0000	0.0000	0.0002	0.0004	0.0000	0.0008	0.0009	0.0000	0.0000	0.0000	0.0000	0.0015	0.0000	-0.0000	4.0334	1.8882	14.2895	2.9115	0.0000	0.0000	0.0000	0.0000	0.0000	0.0000	0.0000	0.0000	0.0000	0.0000	0.0000	0.0000	0.0000	0.0000	0.0000	0.0000	0.0000	0.0000	0.0533	0.0462	0.0071	0.0064	0.0061	0.0003	0.0469	0.0401	0.0067	0.1216	0.0718	0.0498	0.0365	0.0329	0.0036	0.0851	0.0389	0.0461	0.0000	0.0000	0.0000	0.0000	0.0000	0.0000	0.0000	0.0000	0.0000	0.0002	0.0004	0.0000	0.0008	0.0009	0.0000	0.0000	0.0000	0.0000	
1	127	0.1246	9	0	0	1	1	0	0	0	0	N	N	N	N	N	N	N	N	N	N	N	N	169.3749	67.6358	615.5593	140.7115	137.6822	9.4019	154.1690	0.1907	607.0363	7.1552	0.1022	59.8076	0.4534	0.4610	0.0133	8.8181	0.0000	61.5503	0.0422	0.0015	0.0972	0.0032	0.0033	0.0014	0.0572	0.0000	0.1014	78.4159	47.7113	0.6131	0.0062	4.0334	3.5543	14.2895	9.0319	1.0111	0.0127	0.9984	0.0127	0.0127	0.0000	0.9984	0.0000	0.9984	0.0141	0.0003	0.0138	0.0003	0.0003	0.0000	0.0138	0.0000	0.0138	0.1413	0.1246	0.0167	0.0281	0.0276	0.0005	0.1132	0.0970	0.0162	0.3338	0.1916	0.1421	0.0925	0.0864	0.0060	0.2413	0.1052	0.1361	169.3749	67.6358	615.5593	140.7115	137.6822	9.4019	154.1690	0.1907	607.0363	0.0422	0.0015	0.0972	0.0032	0.0033	0.0014	0.0572	0.0000	0.1014
1	128	0.1209	8	0	0	1	1	0	0	0	0	N	N	N	N	N	N	N	N	N	N	N	N	34.6697	125.0659	0.2842	381.0269	392.1745	737.5707	0.0495	18.7559	0.1704	8.8151	10.1031	0.1354	42.9397	45.1465	0.7496	0.0173	0.0058	0.0828	0.2543	0.0808	0.4762	0.1127	0.1151	0.0010	0.3494	0.0003	0.4856	0.0020	4.6078	-0.3488	0.0137	4.0334	2.6246	14.2895	0.7212	0.9202	0.9184	0.0018	0.9188	0.9180	0.0008	0.0014	0.0004	0.0010	0.0491	0.0088	0.0403	0.0087	0.0087	0.0000	0.0403	0.0000	0.0403	0.1044	0.0909	0.0135	0.0214	0.0203	0.0011	0.0830	0.0706	0.0124	0.1931	0.1084	0.0847	0.0776	0.0760	0.0016	0.1155	0.0324	0.0831	34.6697	125.0659	0.2842	381.0269	392.1745	737.5707	0.0495	18.7559	0.1704	0.2543	0.0808	0.4762	0.1127	0.1151	0.0010	0.3494	0.0003	0.4856
1	129	0.1152	7	0	0	1	1	0	0	0	0	N	N	N	N	N	N	N	N	N	N	N	N	280.8946	375.6560	579.1604	1081.4012	882.6635	47893.7559	135.7537	0.3853	474.0774	1.1524	0.6395	4.7055	3.7668	3.2717	17.5100	0.5904	0.0001	4.0491	0.0041	0.0017	0.0081	0.0035	0.0037	0.0004	0.0043	0.0002	0.0085	1.0622	2.8482	0.0179	0.0001	4.0334	3.3474	14.2895	1.3769	0.1338	0.0649	0.0689	0.0774	0.0649	0.0125	0.0564	0.0000	0.0564	0.0005	0.0001	0.0004	0.0001	0.0001	0.0000	0.0004	0.0000	0.0004	0.1161	0.1015	0.0146	0.0205	0.0198	0.0007	0.0956	0.0816	0.0139	0.1215	0.0761	0.0454	0.0346	0.0323	0.0023	0.0869	0.0438	0.0431	280.8946	375.6560	579.1604	1081.4012	882.6635	47893.7559	135.7537	0.3853	474.0774	0.0041	0.0017	0.0081	0.0035	0.0037	0.0004	0.0043	0.0002	0.0085
1	130	0.1063	6	0	0	1	1	0	0	0	0	N	N	N	N	N	N	N	N	N	N	N	N	8621.6026	4152.3566	53192.6774	4514.6388	4516.7111	798.9458	18199.7170	inf	61327.6687	3.5639	1.9730	17.0918	5.2850	5.3247	0.8477	2.6987	0.0000	17.5627	0.0004	0.0005	0.0003	0.0012	0.0012	0.0011	0.0001	0.0000	0.0003	1.0187	0.4539	0.0142	-0.0000	4.0334	0.4686	14.2895	4.0374	0.1146	0.0568	0.0578	0.0569	0.0568	0.0001	0.0578	0.0000	0.0578	0.0000	0.0000	0.0000	0.0000	0.0000	0.0000	0.0000	0.0000	0.0000	0.0322	0.0288	0.0034	0.0108	0.0107	0.0001	0.0214	0.0181	0.0033	0.1108	0.0663	0.0445	0.0287	0.0267	0.0020	0.0820	0.0396	0.0425	8621.6026	4152.3566	53192.6774	4514.6388	4516.7111	798.9458	18199.7170	inf	61327.6687	0.0004	0.0005	0.0003	0.0012	0.0012	0.0011	0.0001	0.0000	0.0003
2	3	0.1868	17	1	0	1	1	0	0	0	0	N	N	N	N	N	N	N	N	N	N	N	N	0.0000	0.0000	0.0000	0.0000	0.0000	0.0000	0.0000	0.0000	0.0000	0.0000	0.0000	0.0000	0.0000	0.0251	0.0339	0.0000	0.0546	0.0555	0.0000	0.0000	0.0000	0.0000	0.0000	0.0000	-0.0003	0.9989	0.0000	0.9778	2.0052	0.0000	0.0000	0.0000	0.0000	0.0000	0.0000	0.0000	0.0000	0.0000	0.0005	0.0005	0.0000	0.0005	0.0005	0.0000	0.0000	0.0000	0.0000	0.0001	0.0001	0.0000	0.0001	0.0001	0.0000	0.0001	0.0000	0.0000	0.0205	0.0152	0.0053	0.0094	0.0093	0.0002	0.0111	0.0059	0.0052	0.0000	0.0000	0.0000	0.0000	0.0000	0.0000	0.0000	0.0000	0.0000	0.0251	0.0339	0.0000	0.0546	0.0555	0.0000	0.0000	0.0000	0.0000						
2	4	0.1151	8	0	1	0	1	0	0	0	0	N	N	N	N	N	N	N	N	N	N	N	N	inf	inf	inf	inf	0.0093	0.0000	0.0740	0.0000	0.0000	0.0000	0.0119	0.0000	0.0807	0.0000	0.0000	0.0000	0.0000	0.0000	0.0000	0.0000	0.0000	0.0000	inf	0.0000	0.0000	0.9989	0.9835	0.9778	6.0524	0.0001	0.0000	0.0001	0.0000	0.0000	0.0000	0.0001	0.0000	0.0001	0.0000	0.0000	0.0000	0.0000	0.0000	0.0000	0.0000	0.0000	0.0000	0.0074	0.0065	0.0009	0.0016	0.0015	0.0001	0.0058	0.0049	0.0008	0.0207	0.0138	0.0070	0.0063	0.0058	0.0005	0.0144	0.0080	0.0064	inf	0.0000	inf	0.0000	0.0000	0.0000	inf	0.0000	inf	0.0000	0.0000	0.0000	0.0000	0.0000	0.0000	0.0000	0.0000	0.0000						
2	5	0.0849	8	0	0	1	2	0	0	0	0	N	N	N	Y	N	N	N	N	N	N	N	N	0.0000	0.0000	0.0000	0.0000	0.0000	0.0000	0.0000	0.0000	0.0000	0.0000	0.0000	0.0000	0.0000	0.0000	0.0000	0.0000	0.0000	0.0000	0.0000	0.0000	0.0000	0.0000	0.0168	0.0000	-0.0000	0.9989	8.9974	0.9778	7.9196	0.0000	0.0000	0.0000	0.0000	0.0000	0.0000	0.0000	0.0000	0.0000	0.0000	0.0000	0.0000	0.0000	0.0000	0.0000	0.0000	0.0000	0.0000	0.0622	0.0541	0.0082	0.0067	0.0063	0.0004	0.0555	0.0478	0.0078	0.0433	0.0258	0.0175	0.0121	0.0110	0.0010	0.0312	0.0147	0.0165	0.0000	0.0000	0.0000	0.0000	0.0000	0.0000	0.0000	0.0000	0.0000	0.0000	0.0000	0.0000	0.0000	0.0000	0.0000	0.0000	0.0000	0.0000						
2	6	0.1687	16	1	1	0	1	0	0	0	0	N	N	N	N	N	N	N	N	N	N	N	N	1.6401	3.5564	0.0000	5.0618	4.8093	0.0000	0.0000	0.0000	0.0000	0.0000	0.0001	0.0001	0.0000	0.0000	0.0000	0.0000	0.0000	0.0000	0.0000	0.0000	0.0000	0.0000	0.0000	0.0000	0.0000	0.0000	1.9310	-0.0000	0.0000	0.9989	0.0167	0.9778	6.1901	0.0000	0.0000	0.0000	0.0000	0.0000	0.0000	0.0000	0.0000	0.0000	0.0000	0.0000	0.0000	0.0000	0.0000	0.0000	0.0000	0.0000	0.0000	0.0003	0.0002	0.0000	0.0001	0.0001	0.0000	0.0002	0.0001	0.0000	0.0212	0.0135	0.0076	0.0078	0.0073	0.0005	0.0133	0.0062	0.0072	1.6401	3.5564	0.0000	5.0618	4.8093	0.0000	0.0000	0.0000	0.0000	0.0000	0.0000	0.0000	0.0000	0.0000	0.0000	0.0000	0.0000	0.0000		
2	7	0.1963	19	1	0	1	1	0	0	0	0	N	N	N	N	N	N	N	N	N	N	N	N	0.0000	0.0000	0.0000	0.0000	0.0000	0.0000	0.0000	0.0000	0.0000	0.0000	0.0000	0.0000	0.0000	0.0000	0.0000	0.0000	0.0000	0.0001	0.0000	0.0000	0.0000	0.0000	0.0000	0.0001	inf	0.0000	0.0000	0.9989	0.9997	0.9778	1.8904	0.0000	0.0000	0.0000	0.0000	0.0000	0.0000	0.0000	0.0000	0.0000	0.0000	0.0000	0.0000	0.0000	0.0000	0.0000	0.0000	0.0000	0.0000	0.0068	0.0060	0.0009	0.0013	0.0013	0.0001	0.0055	0.0047	0.0008	0.0090	0.0059	0.0032	0.0034	0.0031	0.0003	0.0057	0.0027	0.0029	0.0000	0.0000	0.0000	0.0000	0.0000	0.0000	0.0000	0.0000	0.0000	0.0000	0.0000	0.0001	0.0000	0.0000	0.0000	0.0000	0.0000	0.0001				
2	8	0.1506	13	1	1	0	2	0	0	0	0	N	N	N	Y	N	N	N	N	N	N	N	N	0.0000	0.0000	0.0000	0.0000	0.0000	0.0000	0.0000	0.0000	0.0000	0.0000	0.0000	0.0000	0.0000	0.0000	0.0000	0.0000	0.0000	0.0000	0.0000	0.0000	0.9989	0.0000	0.9778	0.0000	0.0000	0.0000	0.0000	0.0000	0.0000	0.0000	0.0000	0.0000	0.0000	0.0000	0.0000	0.0000	0.0000	0.0000	0.0000	0.0000	0.0000	0.0000	0.0000	0.0000	0.0000	0.0000	0.0000	0.0000	0.0000	0.0000	0.0000	0.0000	0.0000	0.0000	0.0000	0.0000	0.0000	0.0000	0.0000	0.0000	0.0000	0.0000	0.0000	0.0000	0.0000	0.0000	0.0000	0.0000	0.0000	0.0000	0.0000	0.0000	0.0000	0.0000	0.0000	0.0000	0.0000	0.0000											
2	9	0.1963	19	1	0	1	1	0	0	0	0	N	N	N	N	N	N	N	N	N	N	N	N	0.0000	0.0000	0.0000	0.0000	0.0000	0.0000	0.0000	0.0000	0.0000	0.0000	0.0000	0.0000	0.0000	0.0000	0.0000	0.0000	0.0000	0.0000	0.0000	0.0000	0.0000	0.0000	0.0000	0.0001	inf	0.0000	0.0000	0.9989	1.0003	0.9778	3.8877	0.0000	0.0000	0.0000	0.0000	0.0000	0.0000	0.0000	0.0000	0.0000	0.0000	0.0000	0.0000	0.0000	0.0000	0.0000	0.0000	0.0000	0.0000	0.0068	0.0060	0.0009	0.0013	0.0013	0.0001	0.0055	0.0047	0.0008	0.0139	0.0088	0.0051	0.0050	0.0046	0.0004	0.0089	0.0042	0.0047	0.0000	0.0000	0.0000	0.0000	0.0000	0.0000	0.0000	0.0000	0.0000	0.0000	0.0000	0.0000	0.0000	0.0000	0.0000	0.0000	0.0000	0.0001				
2	10	0.1936	18	1	0	1	1	0	0	0	0	N	N	N	N	N	N	N	N	N	N	N	N	0.0000	0.0000	0.0000	0.0000	0.0000	0.0000	0.0000	0.0000	0.0000	0.0000	0.0000	0.0000	0.0000	0.0000	0.0000	0.0000	0.0000	0.0013	0.0001	0.0032	0.0003	0.0002	0.0008	0.0018	0.0000	0.0034	16.2052	0.0000	0.0000	0.9989	0.0008	0.9778	1.2348	0.0000	0.0000	0.0000	0.0000	0.0000	0.0000	0.0000	0.0000	0.0000	0.0000	0.0000	0.0000	0.0000	0.0000	0.0000	0.0000	0.0000	0.0000	0.0000	0.0000	0.0000	0.0000	0.0000	0.0000	0.0000	0.0000	0.0000	0.0033	0.0020	0.0012	0.0011	0.0010	0.0001	0.0021	0.0010	0.0012	0.0000	0.0000	0.0000	0.0000	0.0000	0.0000	0.0000	0.0000	0.0000	0.0013	0.0001	0.0032	0.0003	0.0002	0.0008	0.0018	0.0000	0.0034		
2	11	0.0684	7	0	0	1	1	0	0	0	0	N	N	N	N	N	N	N	N	N	N	N	N	59644.2355	42349.7620	762.3383	0.8235	0.8234	0.0000	14212862.7021	inf	1430.4478	31.7751	36.5178	0.0073	0.0018	0.0019	0.0000	38.5111	45.2085	0.0078	0.0005	0.0009	0.0000	0.0022	0.0023	0.0001	0.0000	0.0000	0.0000	0.0000	0.0070	-0.3794	-0.0000	0.9989	4.1301	0.9778	9.5352	0.9957	0.9957	0.0000	0.0000	0.0000	0.0000	0.9957	0.9956	0.0000	0.0000	0.0000	0.0000	0.0000	0.0000	0.0000	0.0000	0.0000	0.0000	0.0313	0.0273	0.0041	0.0055	0.0052	0.0002	0.0259	0.0220	0.0038	0.0375	0.0230	0.0145	0.0090	0.0086	0.0004	0.0285	0.0144	0.0141	59644.2355	42349.7620	762.3383	0.8235	0.8234	0.0000	14212862.7021	inf	1430.4478	0.0005	0.0009	0.0000	0.0022	0.0023	0.0001	0.0000	0.0000	0.0000
2	12	0.1579	15	1	1	0	1	0	0	0	0	N	N	N	N	N	N	N	N	N	N	N	N	0.0091	63.4804	0.0000	0.5346	200.3106	0.0000	0.0000	0.0000	0.0002	0.0003	0.0000	0.0016	0.0017	0.0000	0.0000	0.0000	0.0000	0.0266	0.0000	0.0735	0.0030	0.0000	0.0310	0.0400	0.0000	0.0781	0.0000	9532.6233	-0.0000	0.0003	0.9989	5.9431	0.9778	4.2945	0.0000	0.0000	0.0000	0.0000	0.0000	0.0000	0.0000	0.0000	0.0000	0.0007	0.0000	0.0007	0.0000	0.0000	0.0000	0.0007	0.0000	0.0007	0.0414	0.0361	0.0054	0.0062	0.0059	0.0003	0.0352	0.0302	0.0050	0.0262	0.0167	0.0095	0.0095	0.0086	0.0009	0.0167	0.0081	0.0085	0.0091	63.4804	0.0000	0.5346	200.3106	0.0000	0.0000	0.0000	0.0000	0.0266	0.0000	0.0735	0.0030	0.0000	0.0310	0.0400	0.0000	0.0781	
2	13	0.1378	13	0	0	1	2	0	0	0	0	N	N	N	Y	N	N	N	N	N	N	N	N	0.0000	0.0000	0.0000	0.0000	0.0000	0.0000	0.0000	0.0000	0.0000	0.0000	0.0000	0.0000	0.0000	0.0158	0.0000	0.0438	0.0000	0.0000	0.0000	0.0259	0.0000	0.0493	inf	0.0000	0.0001	0.9989	0.0000	0.9778	3.8697	0.0000	0.0000	0.0000	0.0000	0.0000	0.0000	0.0000	0.0000	0.0000	0.0002	0.0000	0.0002	0.0000	0.0000	0.0000	0.0002	0.0000	0.0002	0.0000	0.0000	0.0000	0.0000	0.0000	0.0000	0.0000	0.0000	0.0000	0.0114	0.0073	0.0041	0.0045	0.0040	0.0005	0.0069	0.0033	0.0037	0.0000	0.0000	0.0000	0.0000	0.0000	0.0000	0.0000	0.0000	0.0000	0.0158	0.0000	0.0438	0.0000	0.0000	0.0000	0.0259	0.0000	0.0493						
2	14	0.1801	17	0	1	0	1	0	0	0	0	N	N	N	N	N	N	N	N	N	N	N	N	0.0000	0.0000	0.0000	0.0000	0.0000	0.0000	0.0000	0.0000	0.0000	0.0000	0.0000	0.0000	0.0000	0.0000	0.0000	0.0000	0.0000	0.0003	0.0000	0.0007	0.0009	0.0000	0.0099	0.0000	0.0000	0.0000	2173.7727	0.0000	0.0000	0.9989	4.8103	0.9778	9.0653	0.0000	0.0000	0.0000	0.0000	0.0000	0.0000	0.0000	0.0000	0.0000	0.0000	0.0000	0.0000	0.0000	0.0000	0.0000	0.0000	0.0000	0.0000	0.0340	0.0296	0.0045	0.0055	0.0052	0.0003	0.0285	0.0243	0.0042	0.0335	0.0207	0.0128	0.0105	0.0095	0.0010	0.0230	0.0112	0.0119	0.0000	0.0000	0.0000	0.0000	0.0000	0.0000	0.0000	0.0000	0.0000	0.0003	0.0000	0.0007	0.0009	0.0000	0.0099	0.0000	0.0000	0.0000		
2	15	0.1378	13	0	0	0	2	0	0	0	0	N	N	N	Y	N	N	N	N	N	N	N	N	0.0000	0.0000	0.0000	0.0000	0.0000	0.0000	0.0000	0.0000	0.0000	0.0000	0.0000	0.0000	0.0000	0.0000	0.0000	0.0000	0.0000	0.0000	0.0000	0.0000	0.9989	1.0000	0.9778	3.8697	0.0000	0.0000	0.0000	0.0000	0.0000	0.0000	0.0000	0.0000	0.0000	0.0000	0.0000	0.0000	0.0000	0.0000	0.0000	0.0000	0.0000	0.0000	0.0069	0.0060	0.0009	0.0009	0.0008	0.0001	0.0061	0.0052	0.0009	0.0140	0.0090	0.0050	0.0055	0.0049	0.0006	0.0086	0.0041	0.0045	0.0000	0.0000	0.0000	0.0000	0.0000	0.0000	0.0000	0.0000	0.0000	0.0000	0.0000	0.0000	0.0000	0.0000	0.0000	0.0000	0.0000	0.0000											
2	16	0.0916	9	0	1	0	2	0	0	0	0	N	N	N	Y	N	N	N	N	N	N	N	N	0.0000	0.0000	0.0000	0.0000	0.0000	0.0000	0.0000	0.0000	0.0000	0.0000	0.0000	0.0000	0.0000	0.0000	0.0000	0.0000	0.0000	0.0000	0.0000	0.0000	0.0000	0.0000	0.0137	0.0000	-0.0000	0.9989	0.0040	0.9778	5.7722	0.0000	0.0000	0.0000	0.0000	0.0000	0.0000	0.0000	0.0000	0.0000	0.0000	0.0000	0.0000	0.0000	0.0000	0.0000	0.0000	0.0000	0.0000	0.0000	0.0000	0.0000	0.0000	0.0000	0.0000	0.0000	0.0000	0.0000	0.0167	0.0103	0.0064	0.0050	0.0046	0.0004	0.0117	0.0057	0.0060	0.0000	0.0000	0.0000	0.0000	0.0000	0.0000	0.0000	0.0000	0.0000	0.0000	0.0000	0.0000	0.0000	0.0000	0.0000	0.0000	0.0000	0.0000						
2	17	0.1953	19	0	1	0	1	0	0	0	0	N	N	N	N	N	N	N	N	N	N	N	N	11.9809	0.0000	53.4355	18.7352	0.0000	28.4680	9.8158	0.0000	54.8949	0.1468	0.0000	1.1458	0.0226	0.0000	0.4173	0.1753	0.0000	1.2084	0.0122	0.0072	0.0214	0.0012	0.0000	0.0147	0.0179	0.0138	0.0220	inf	1.6385	0.0006	0.0000	0.9989	1.0133	0.9778	7.9669	0.0010	0.0000	0.0010	0.0000	0.0000	0.0000	0.0010	0.0000	0.0010	0.0003	0.0001	0.0002	0.0000	0.0000	0.0000	0.0003	0.0001	0.0002	0.0071	0.0062	0.0009	0.0013	0.0013	0.0001	0.0058	0.0049	0.0008	0.0236	0.0152	0.0084	0.0079	0.0073	0.0007	0.0156	0.0079	0.0077	11.9809	0.0000	53.4355	18.7352	0.0000	28.4680	9.8158	0.0000	54.8949	0.0122	0.0072	0.0214	0.0012	0.0000	0.0147	0.0179	0.0138	0.0220
2	18	0.1446	14	0	1	0	2	0	0	0	0	N	N	N	Y	N	N	N	N	N	N	N	N	0.0000	0.0000	0.0000	0.0000	0.0000	0.0000	0.0000	0.0000	0.0000	0.0000	0.0000	0.0000	0.0000	0.0000	0.0000	0.0000	0.0000	0.0000	0.0000	0.0000	0.9989	0.9988	0.9778	1.0036	0.0000	0.0000	0.0000	0.0000	0.0000	0.0000	0.0000	0.0000	0.0000	0.0000	0.0000	0.0000	0.0000	0.0000	0.0000	0.0000	0.0000	0.0000	0.0070	0.0060	0.0009	0.0009	0.0009	0.0001	0.0061	0.0052	0.0009	0.0056	0.0036	0.0019	0.0022	0.0020	0.0003	0.0033	0.0016	0.0017	0.0000	0.0000	0.0000	0.0000	0.0000	0.0000	0.0000	0.0000	0.0000	0.0000	0.0000	0.0000	0.0000	0.0000	0.0000	0.0000	0.0000	0.0000											
2	19	0.1269	10	1	1	0	1	0	0	0	0	N	N	N	N	N	N	N	N	N	N	N	N	0.0000	0.0000	0.0000	0.0000	0.0000	0.0000	0.0000	0.0000	0.0000	0.0000	0.0000	0.0000	0.0000	0.0000	0.0000	0.0000	0.4395	0.6786	0.0001	1.3329	1.4314	0.0000	0.0001	0.0000	0.0002	0.0001	0.0000	-0.0034	0.9989	0.0025	0.9778	5.0336	0.0000	0.0000	0.0000	0.0000	0.0000	0.0000	0.0000	0.0000	0.0000	0.0062	0.0062	0.0000	0.0062	0.0062	0.0000	0.0000	0.0000	0.0000	0.0001	0.0001	0.0000	0.0000	0.0000	0.0000	0.0000	0.0000	0.0000	0.0141	0.0091	0.0050	0.0046	0.0043	0.0003	0.0094	0.0048	0.0046	0.0000	0.0000	0.0000	0.0000	0.0000	0.0000	0.0000	0.0000	0.0000	0.4395	0.6786	0.0001	1.3329	1.4314	0.0000	0.0001	0.0000	0.0002			
2	20	0.1352	13	0	1	0	1	0	0	0	0	N	N	N	N	N	N	N	N	N	N	N	N	0.0000	0.0000	0.0000	0.0000	0.0000	0.0000	0.0000	0.0000	0.0000	0.0000	0.0000	0.0000	0.0000	0.0000	0.0000	0.0000	0.0000	0.0046	0.0071	0.0000	0.0013	0.0015	0.0000	0.0075	0.0160	0.0000	0.0000	0.0000	-0.0001	0.9989	1.9984	0.9778	3.0609	0.0000	0.0000	0.0000	0.0000	0.0000	0.0000	0.0000	0.0000	0.0000	0.0001	0.0001	0.0000	0.0000	0.0000	0.0000	0.0001	0.0001	0.0000	0.0199	0.0175	0.0024	0.0046	0.0045	0.0001	0.0153	0.0131	0.0023	0.0270	0.0177	0.0093	0.0124	0.0109	0.0016	0.0146	0.0068	0.0078	0.0000	0.0000	0.0000	0.0000	0.0000	0.0000	0.0000	0.0000	0.0000	0.0046	0.0071	0.0000	0.0013	0.0015	0.0000	0.0075	0.0160	0.0000		
2	21	0.0849	8	0	0	0	2	0	0	0	0	N	N	N	Y	N	N	N	N	N	N	N	N	14584.2674	10304.3139	0.0000	0.0000	inf	inf	0.0209	0.0241	0.0000	0.0000	0.0000	0.0000	0.0234	0.0273	0.0000	0.0000	0.0000	0.0000	0.0000	0.0000	0.0000	0.0000	0.0000	0.0000	0.0000	0.0168	-0.0001	-0.0000	0.9989	2.0028	0.9778	2.2704	0.0003	0.0003	0.0000	0.0000	0.0000	0.0000	0.0003	0.0003	0.0000	0.0000	0.0000	0.0000	0.0000	0.0000	0.0000	0.0000	0.0000	0.0000	0.0144	0.0125	0.0019	0.0016	0.0015	0.0001	0.0128	0.0110	0.0018	0.0127	0.0077	0.0050	0.0038	0.0035	0.0003	0.0089	0.0041	0.0048	14584.2674	10304.3139	0.0000	0.0000	0.0000	0.0000	inf	inf	0.0000	0.0000	0.0000	0.0000	0.0000	0.0000	0.0000	0.0000	0.0000	0.0000			
2	22	0.1971	19	1	0	1	1	0	0	0	0	N	N	N	N	N	N	N	N	N	N	N	N	0.0000	0.0000	0.0000	0.0000	0.0000	0.0000	0.0000	0.0000	0.0000	0.0000	0.0000	0.0000	0.0000	0.0000	0.0000	0.0000	0.0000	0.0000	0.0000	0.0000	0.9989	0.0000	0.9778	2.0000	0.0000	0.0000	0.0000	0.0000	0.0000	0.0000	0.0000	0.0000	0.0000	0.0000	0.0000	0.0000	0.0000	0.0000	0.0000	0.0000	0.0000	0.0000	0.0000	0.0000	0.0000	0.0000	0.0000	0.0000	0.0000	0.0000	0.0000	0.0049	0.0031	0.0018	0.0016	0.0014	0.0002	0.0034	0.0017	0.0017	0.0000	0.0000	0.0000	0.0000	0.0000	0.0000	0.0000	0.0000	0.0000	0.0000	0.0000	0.0000	0.0000	0.0000	0.0000	0.0000	0.0000	0.0000											
2	23	0.1291	11	0	1	0	1	0	0	0	0	N	N	N	N	N	N	N	N	N	N	N	N	0.0000	0.0000	0.0000	0.0000	0.0000	0.0000	0.0000	0.0000	0.0000	0.0000	0.0000	0.0000	0.0000	0.0000	0.0000	0.0000	0.0000	0.0000	2.0937	3.4294	0.0066	5.5785	5.2264	0.0000	0.0044	0.0000	0.0069	0.0012	0.0000	-0.0781	0.9989	4.1010	0.9778	9.0979	0.0000	0.0000	0.0000	0.0000	0.0000	0.0000	0.0000	0.0000	0.0000	0.1442	0.1440	0.0002	0.1440	0.1440	0.0000	0.0002	0.0000	0.0002	0.0305	0.0266	0.0039	0.0057	0.0054	0.0003	0.0248	0.0212	0.0036	0.0689	0.0420	0.0269	0.0287	0.0276	0.0012	0.0402	0.0144	0.0257	0.0000	0.0000	0.0000	0.0000	0.0000	0.0000	0.0000	0.0000	0.0000	2.0937	3.4294	0.0066	5.0162	5.2264	0.0000	0.0044	0.0000	0.0069	
2	24	0.1579	14	1	1	0	1	0	0	0	0	N	N	N	N	N	N	N	N	N	N	N	N	1328.9365	9415916.6750	0.0000	0.0000	0.0000	0.0000	1040.9476	inf	0.0000	20.4935	23.5427	0.0000	0.0000	0.0000	0.0000	24.0663	28.0851	0.0000	0.0154	0.0000	0.0426	0.0017	0.0000	0.0177	0.0231	0.0000	0.0453	0.0000	9663.1945	-0.3805	0.0003	0.9989	7.0513	0.9778	11.7448	0.9984	0.9984	0.0000	0.0000	0.0000	0.0000	0.9984	0.9984	0.0000	0.0007	0.0000	0.0007	0.0000	0.0000	0.0000	0.0007	0.0000	0.0007	0.0487	0.0424	0.0063	0.0072	0.0069	0.0004	0.0415	0.0355	0.0059	0.0457	0.0292	0.0166	0.0165	0.0149	0.0016	0.0293	0.0143	0.0149	1328.9365	9415916.6750	0.0000	0.0000	0.0000	0.0000	1040.9476	inf	0.0000	0.0154	0.0000	0.0426	0.0017	0.0000	0.0177	0.0231	0.0000	0.0453
2	25	0.1971	12	0	1	0	1	0	0	0	0	N	N	N	N	N	N	N	N	N	N	N	N	0.0000	0.0000	0.0000	0.0000	0.0000	0.0000	0.0000	0.0000	0.0000	0.0000	0.0000	0.0000	0.0000	0.0000	0.0000	0.0000	0.0000	0.0000	0.3621	0.0001	0.9514	0.0648	0.0002	0.8291	0.5371	0.0000	0.9975	6953.1481	0.0000	0.0050	0.9989	4.7974	0.9778	5.1989	0.0000	0.0000	0.0000	0.0000	0.0000	0.0000	0.0000	0.0000	0.0000	0.0108	0.0000	0.0108	0.0007	0.0000	0.0007	0.0101	0.0000	0.0101	0.0391	0.0344	0.0047	0.0079	0.0076	0.0003	0.0312	0.0268	0.0043	0.0299	0.0186	0.0114	0.0111	0.0099	0.0012	0.0188	0.0087	0.0101	0.0000	0.0000	0.0000	0.0000	0.0000	0.0000	0.0000	0.0000	0.0000	0.3621	0.0001	0.9514	0.0648	0.0002	0.5762	0.5371	0.0000	0.9975	
2	26	0.0537	7	1	1	0	1	0	0	0	0	N	N	N	N	N	N	N	N	N	N	N	N	0.0000	0.0000	0.0000	0.0000	0.0000	0.0000	0.0000	0.0000	0.0000	0.0000	0.0000	0.0000	0.0000	0.0000	0.0000	0.0000	0.0000	0.0000	0.1300	0.2074	0.0199	0.5048	0.5371	0.0508	0.0098	0.0000	0.0187	0.0674	-0.0000	-0.0032	0.9989	2.0195	0.9778	15.0171	0.0000	0.0000	0.0000	0.0000	0.0000	0.0000	0.0000	0.0000	0.0000	0.0067	0.0062	0.0004	0.0063	0.0062	0.0000	0.0004	0.0000	0.0004	0.0155	0.0134	0.0021	0.0013	0.0012	0.0001	0.0142	0.0122	0.0020	0.0513	0.0301	0.0211	0.0125	0.0116	0.0008	0.0388	0.0185	0.0203	0.0000	0.0000	0.0000	0.0000	0.0000	0.0000	0.0000	0.0000	0.0000	0.1300	0.2074	0.0199	0.5048	0.5371	0.0508	0.0098	0.0000	0.0187	
2	27	0.0449	6	0	0	0	1	0	0	0	0	N	N	N	N	N	N	N	N	N	N	N	N	0.3368	0.4401	0.0000	1.7034	1.6886	0.0000	0.0000	0.0000	0.0000	0.0026	0.0029	0.0000	0.0114	0.0115	0.0000	0.0000	0.0000	0.0000	0.0076	0.0065	0.0093	0.0067	0.0068	0.0005	0.0080	0.0061	0.0095	0.0000	0.9332	-0.0000	-0.0000	0.9989	1.6438	0.9778	3.3228	0.0000	0.0000	0.0000	0.0000	0.0000	0.0000	0.0000	0.0000	0.0000	0.0002	0.0001	0.0001	0.0001	0.0001	0.0000	0.0001	0.0000	0.0001	0.0195	0.0175	0.0020	0.0044	0.0043	0.0001	0.0151	0.0132	0.0020	0.0244	0.0148	0.0096	0.0080	0.0079	0.0002	0.0164	0.0069	0.0094	0.3368	0.4401	0.0000	1.7034	1.6886	0.0000	0.0000	0.0000	0.0000	0.0076	0.0065	0.0093	0.0067	0.0068	0.0005	0.0080	0.0061	0.0095
2	28	0.1712	16	0	1	0	1	0	0	0	0	N	N	N	N	N	N	N	N	N	N	N	N	0.0000	0.0000	0.0000	0.0000	0.0000	0.0000	0.0000	0.0000	0.0000	0.0000	0.0000	0.0000	0.0000	0.0000	0.0000	0.0000	0.0000	0.0008	0.0012	0.0000	0.0023	0.0025	0.0000	0.0000	0.0000	0.0000	0.0000	0.0000	-0.0000	0.9989	3.0409	0.9778	16.1393	0.0000	0.0000	0.0000	0.0000	0.0000	0.0000	0.0000	0.0000	0.0000	0.0000	0.0000	0.0000	0.0000	0.0000	0.0000	0.0000	0.0000	0.0000	0.0215	0.0188	0.0027	0.0043	0.0041	0.0002	0.0172	0.0147	0.0025	0.0486	0.0307	0.0179	0.0166	0.0153	0.0013	0.0320	0.0154	0.0166	0.0000	0.0000	0.0000	0.0000	0.0000	0.0000	0.0000	0.0000	0.0000	0.0008	0.0012	0.0000	0.0023	0.0025	0.0000	0.0000	0.0000	0.0000		
2	29	0.1663	16	0	1	0	1	0	0	0	0	N	N	N	N	N	N	N	N	N	N	N	N	0.0000	0.0000	0.0000	0.0000	0.0000	0.0000	0.0000	0.0000	0.0000	0.0000	0.0000	0.0000	0.0000	0.0000	0.0000	0.0000	0.0000	0.0000	0.0582	0.0886	0.0077	0.1687	0.1848	0.0000	0.0043	0.0000	0.0083	0.0521	0.0000	-0.0011	0.9989	4.0695	0.9778	11.0027	0.0000	0.0000	0.0000	0.0000	0.0000	0.0000	0.0000	0.0000	0.0000	0.0022	0.0021	0.0001	0.0021	0.0021	0.0000	0.0001	0.0000	0.0001	0.0289	0.0252	0.0037	0.0049	0.0047	0.0002	0.0241	0.0206	0.0035	0.0381	0.0238	0.0143	0.0125	0.0114	0.0011	0.0256	0.0124	0.0132	0.0000	0.0000	0.0000	0.0000	0.0000	0.0000	0.0000	0.0000	0.0000	0.0582	0.0886	0.0077	0.1687	0.1848	0.0000	0.0043	0.0000	0.0083	
2	32	0.1063	10	0	1	0	1	0	0	0	0	N	N	N	N	N	N	N	N	N	N	N	N	0.0000	0.0000	0.0000	0.0000	0.0000	0.0000	0.0000	0.0000	0.0000	0.0000	0.0000	0.0000	0.0000	0.0000	0.0000	0.0000	0.0000	0.0027	0.0043	0.0003	0.0078	0.0084	0.0000	0.0006	0.0010	0.0003	0.0390	0.0000	-0.0001	0.9989	4.3545	0.9778	19.4857	0.0000	0.0000	0.0000	0.0000	0.0000	0.0000	0.0000	0.0000	0.0000	0.0002	0.0002	0.0000	0.0001	0.0001	0.0000	0.0000	0.0000	0.0000	0.0366	0.0320	0.0047	0.0058	0.0056	0.0002	0.0309	0.0264	0.0045	0.0617	0.0379	0.0238	0.0182	0.0169	0.0013	0.0435	0.0210	0.0225	0.0000	0.0000	0.0000	0.0000	0.0000	0.0000	0.0000	0.0000	0.0000	0.0027	0.0043	0.0003	0.0078	0.0084	0.0000	0.0006	0.0010	0.0003		
2	33	0.1507	14	1	1	0	1	0	0	0	0	N	N	N	N	N	N	N	N	N	N	N	N	0.0000	0.0000	0.0000	0.0000	0.0000	0.0000	0.0000	0.0000	0.0000	0.0000	0.0000	0.0000	0.0000	0.0000	0.0000	0.0000	0.0000	0.0000	0.0000	0.0000	0.9989	0.0000	0.9778	0.0000	0.0000	0.0000	0.0000	0.0000	0.0000	0.0000	0.0000	0.0000	0.0000	0.0000	0.0000	0.0000	0.0000	0.0000	0.0000	0.0000	0.0000	0.0000	0.0000	0.0000	0.0000	0.0000	0.0000	0.0000	0.0000	0.0000	0.0000	0.0000	0.0000	0.0000	0.0000	0.0000	0.0000	0.0000	0.0000	0.0000	0.0000	0.0000	0.0000	0.0000	0.0000	0.0000	0.0000	0.0000	0.0000	0.0000	0.0000	0.0000	0.0000	0.0000	0.0000	0.0000	0.0000	0.0000											
2	34	0.0449	6	0	1	0	2	0	0	0	0	N	N	N	Y	N	N	N	N	N	N	N	N	13681.1152	0.2800	4119382.4293	0.0000	0.0000	0.0000	1076599.2027	inf	4122248.2262	18.7591	0.0006	149.2220	0.0000	0.0000	0.0000	21.0874	0.0007	153.0518	0.0014	0.0023	0.0000	0.0056	0.0059	0.0000	0.0000	0.0000	0.0000	33289.3211	0.0110	0.6179	-0.0000	0.9989	6.4588	0.9778	12.7561	0.9984	0.0000	0.9983	0.0000	0.0000	0.0000	0.9984	0.0000	0.9983	0.0001	0.0001	0.0000	0.0001	0.0001	0.0000	0.0000	0.0000	0.0000	0.0532	0.0465	0.0067	0.0059	0.0057	0.0002	0.0473	0.0408	0.0065	0.0592	0.0349	0.0243	0.0144	0.0137	0.0007	0.0449	0.0212	0.0237	13681.1152	0.2800	4119382.4293	0.0000	0.0000	0.0000	1076599.2027	inf	4122248.2262	0.0014	0.0023	0.0000	0.0056	0.0059	0.0000	0.0000	0.0000	0.0000
2	35	0.0393	5	0	0	0	1	0	0	0	0	N	N	N	N	N	N	N	N	N	N	N	N	0.8390	0.0013	6.2781	0.0024	0.0025	0.0000	1.5632	0.0108	6.7772	0.0018	0.0000	0.0155	0.0000	0.0000	0.0000	0.0023	0.0000	0.0170	0.0022	0.0020	0.0025	0.0036	0.0037	0.0001	0.0015	0.0001	0.0025	807.8151	0.8431	0.0000	-0.0000	0.9989	2.5642	0.9778	2.5472	0.0000	0.0000	0.0000	0.0000	0.0000	0.0000	0.0000	0.0000	0.0000	0.0001	0.0000	0.0000	0.0000	0.0000	0.0000	0.0000	0.0000	0.0000	0.0275	0.0243	0.0032	0.0058	0.0056	0.0003	0.0217	0.0187	0.0029	0.0253	0.0152	0.0101	0.0081	0.0079	0.0001	0.0172	0.0073	0.0100	0.8390	0.0013	6.2781	0.0024	0.0025	0.0000	1.5632	0.0108	6.7772	0.0022	0.0020	0.0025	0.0036	0.0037	0.0001	0.0015	0.0001	0.0025
2	36	0.0660	8	0	0	1	1	0	0	0	0	N	N	N	N	N	N	N	N	N	N	N	N	0.0000	0.0000	0.0000	0.0000	0.0000	0.0000	0.0000	0.0000	0.0000	0.0000	0.0000	0.0000	0.0000	0.0000	0.0000	0.0000	0.0000	0.0000	0.0000	0.0000	0.9989	1.0000	0.9778	2.0003	0.0000	0.0000	0.0000	0.0000	0.0000	0.0000	0.0000	0.0000	0.0000	0.0000	0.0000	0.0000	0.0000	0.0000	0.0000	0.0000	0.0000	0.0000	0.0072	0.0062	0.0010	0.0006	0.0006	0.0000	0.0065	0.0056	0.0009	0.0081	0.0048	0.0033	0.0021	0.0019	0.0002	0.0060	0.0029	0.0031	0.0000	0.0000	0.0000	0.0000	0.0000	0.0000	0.0000	0.0000	0.0000	0.0000	0.0000	0.0000	0.0000	0.0000	0.0000	0.0000	0.0000	0.0000											
2	37	0.0482	7	0	1	0	1	0	0	0	0	N	N	N	N	N	N	N	N	N	N	N	N	8.6434	86.9834	0.6970	425.9760	424.1950	0.0000	0.1913	0.6915	0.0750	0.0846	0.0142	0.9654	1.0043	0.0000	0.0021	0.0000	0.0145	0.0087	0.0010	0.0204	0.0023	0.0024	0.0001	0.0109	0.0000	0.0210	0.0264	13.7945	-0.0004	0.0001	0.9989	1.9619	0.9778	8.3400	0.0011	0.0011	0.0000	0.0011	0.0011	0.0000	0.0000	0.0000	0.0000	0.0003	0.0000	0.0003	0.0000	0.0000	0.0000	0.0003	0.0000	0.0003	0.0148	0.0128	0.0020	0.0011	0.0011	0.0000	0.0136	0.0117	0.0020	0.0355	0.0214	0.0141	0.0092	0.0088	0.0004	0.0263	0.0126	0.0137	8.6434	86.9834	0.6970	425.9760	424.1950	0.0000	0.1913	0.0000	0.6915	0.0087	0.0010	0.0204	0.0023	0.0024	0.0001	0.0109	0.0000	0.0210	
2	38	0.1787	16	1	0	1	1	0	0	0	0	N	N	N	N	N	N	N	N	N	N	N	N	0.0000	0.0000	0.0000	0.0000	0.0000	0.0000	0.0000	0.0000	0.0000	0.0000	0.0000	0.0000	0.0000	0.0000	0.0000	0.0121	0.0189	0.0000	0.0359	0.0386	0.0000	0.0000	0.0000	0.0000	0.0000	0.0000	-0.0001	0.9989	0.0095	0.9778	5.0631	0.0000	0.0000	0.0000	0.0000	0.0000	0.0000	0.0000	0.0000	0.0000	0.0002	0.0002	0.0000	0.0002	0.0002	0.0000	0.0000	0.0000	0.0000	0.0002	0.0002	0.0000	0.0001	0.0001	0.0000	0.0001	0.0001	0.0000	0.0145	0.0093	0.0052	0.0049	0.0046	0.0003	0.0096	0.0047	0.0049	0.0000	0.0000	0.0000	0.0000	0.0000	0.0000	0.0000	0.0000	0.0000	0.0121	0.0189	0.0000	0.0359	0.0386	0.0000	0.0000	0.0000	0.0000				
2	39	0.0250	2	0	1	0	1	0	0	0	0	N	N	N	N	N	N	N	N	N	N	N	N	5.0393	42.8940	6.6173	68.9075	66.7879	0.0000	2.1031	6.5654	0.0013	0.0009	0.0039	0.0053	0.0053	0.0000	0.0006	0.0000	0.0039	0.0003	0.0000	0.0006	0.0001	0.0001	0.0000	0.0003	0.0000	0.0006	0.6723	20.7440	0.0000	0.0000	0.9989	1.1272	0.9778	11.0864	0.0000	0.0000	0.0000	0.0000	0.0000	0.0000	0.0000	0.0000	0.0000	0.0000	0.0000	0.0000	0.0000	0.0000	0.0000	0.0000	0.0000	0.0000	0.0114	0.0098	0.0016	0.0017	0.0017	0.0000	0.0097	0.0081	0.0016	0.0362	0.0204	0.0158	0.0058	0.0056	0.0002	0.0304	0.0148	0.0156	5.0393	42.8940	6.6173	68.9075	66.7879	0.0000	2.1031	0.0000	6.5654	0.0003	0.0000	0.0006	0.0001	0.0001	0.0000	0.0003	0.0000	0.0006	
2	41	0.0321	5	0	1	0	2	0	0	0	0	N	N	N	Y	N	N	N	N	N	N	N	N	1.3039	0.0000	4.3198	0.0000	0.0000	0.0000	1.1897	4.2952	0.0004	0.0000	0.0029	0.0000	0.0000	0.0000	0.0004	0.0000	0.0030	0.0003	0.0000	0.0007	0.0001	0.0001	0.0000	0.0004	0.0000	0.0007	inf	18.8396	0.0000	0.0000	0.9989	10.0333	0.9778	21.8674	0.0000	0.0000	0.0000	0.0000	0.0000	0.0000	0.0000	0.0000	0.0000	0.0000	0.0000	0.0000	0.0000	0.0000	0.0000	0.0000	0.0000	0.0000	0.0712	0.0615	0.0097	0.0033	0.0032	0.0002	0.0679	0.0583	0.0096	0.0828	0.0471	0.0356	0.0144	0.0136	0.0008	0.0683	0.0335	0.0348	1.3039	0.0000	4.3198	0.0000	0.0000	0.0000	1.1897	0.0000	4.2952	0.0003	0.0000	0.0007	0.0001	0.0001	0.0000	0.0004	0.0000	0.0007	
2	42	0.1787	16	1	0	1	1	0	0	0	0	N	N	N	N	N	N	N	N	N	N	N	N	0.0000	0.0000	0.0000	0.0000	0.0000	0.0000	0.0000	0.0000	0.0000	0.0000	0.0000	0.0000	0.0000	0.0000	0.0000	0.0000	0.0000	0.0000	0.0114	0.0001	0.0320	0.0001	0.0002	0.0001	0.0175	0.0000	0.0342	217.0384	0.0000	0.0000	0.9989	0.9968	0.9778	1.9513	0.0000	0.0000	0.0000	0.0000	0.0000	0.0000	0.0000	0.0000	0.0000	0.0001	0.0000	0.0001	0.0000	0.0000	0.0000	0.0001	0.0000	0.0001	0.0069	0.0060	0.0009	0.0013	0.0012	0.0001	0.0056	0.0048	0.0008	0.0091	0.0059	0.0032	0.0032	0.0030	0.0002	0.0059	0.0029	0.0030	0.0000	0.0000	0.0000	0.0000	0.0000	0.0000	0.0000	0.0000	0.0000	0.0114	0.0001	0.0320	0.0001	0.0002	0.0001	0.0175	0.0000	0.0342	
2	43	0.1655	15	1	0	1	1	0	0	0	0	N	N	N	N	N	N	N	N	N	N	N	N	0.0000	0.0000	0.0000	0.0000	0.0000	0.0000	0.0000	0.0000	0.0000	0.0000	0.0000	0.0000	0.0000	0.0000	0.0000	0.0000	0.0000	0.0000	0.0003	0.0000	0.0008	0.0001	0.0001	0.0000	0.0005	0.0000	0.0009	11.7515	0.0000	0.0000	0.9989	5.0018	0.9778	1.7716	0.0000	0.0000	0.0000	0.0000	0.0000	0.0000	0.0000	0.0000	0.0000	0.0000	0.0000	0.0000	0.0000	0.0000	0.0000	0.0000	0.0000	0.0000	0.0345	0.0300	0.0045	0.0048	0.0046	0.0003	0.0297	0.0255	0.0043	0.0191	0.0118	0.0073	0.0065	0.0060	0.0005	0.0127	0.0058	0.0068	0.0000	0.0000	0.0000	0.0000	0.0000	0.0000	0.0000	0.0000	0.0000	0.0003	0.0000	0.0008	0.0001	0.0001	0.0000	0.0005	0.0000	0.0009	
2	44	0.1687	16	1	0	1	1	0	0	0	0	N	N	N	N	N	N	N	N	N	N	N	N	701.5766	525.1430	0.0000	0.0000	inf	inf	0.0009	0.0010	0.0000	0.0000	0.0000	0.0000	0.0010	0.0012	0.0000	0.0000	0.0000	0.0000	0.0000	0.0000	0.0000	0.0000	0.0000	0.0000	0.0000	0.0205	-0.0000	-0.0000	0.9989	4.9860	0.9778	2.3663	0.0000	0.0000	0.0000	0.0000	0.0000	0.0000	0.0000	0.0000	0.0000	0.0000	0.0000	0.0000	0.0000	0.0000	0.0000	0.0000	0.0000	0.0000	0.0345	0.0300	0.0045	0.0048	0.0046	0.0003	0.0297	0.0254	0.0043	0.0240	0.0153	0.0087	0.0088	0.0082	0.0006	0.0153	0.0071	0.0081	701.5766	525.1430	0.0000	0.0000	0.0000	0.0000	inf	inf	0.0000	0.0000	0.0000	0.0000	0.0000	0.0000	0.0000	0.0000	0.0000	0.0000			
2	45	0.1655	15	1	0	0	1	0	0	0	0	N	N	N	N	N	N	N	N	N	N	N	N	0.5039	0.4280	0.0000	0.0000	0.0000	1.4788	2.2235	0.0000	0.0000	0.0000	0.0000	0.0000	0.0000	0.0000	0.0000	0.0000	0.0000	0.0001	0.0001	0.0000	0.0001	0.0001	0.0000	0.0000	0.0000	0.0000	0.0000	0.2557	-0.0000	-0.0000	0.9989	0.0225	0.9778	1.9333	0.0000	0.0000	0.0000	0.0000	0.0000	0.0000	0.0000	0.0000	0.0000	0.0000	0.0000	0.0000	0.0000	0.0000	0.0000	0.0000	0.0000	0.0000	0.0003	0.0002	0.0000	0.0001	0.0001	0.0000	0.0002	0.0002	0.0000	0.0067	0.0040	0.0027	0.0025	0.0023	0.0001	0.0043	0.0017	0.0025	0.5039	0.4280	0.0000	0.0000	0.0000	0.0000	1.4788	2.2235	0.0000	0.0001	0.0001	0.0000	0.0001	0.0001	0.0000	0.0000	0.0000	0.0000	
2	46	0.1626	14	1	0	0	1	0	0	0	0	N	N	N	N	N	N	N	N	N	N	N	N	2.1945	1.5764	0.0000	0.0000	0.0000	1082.8212	inf	0.0000	0.0167	0.0192	0.0000	0.0000	0.0000	0.0000	0.0195	0.0227	0.0000	0.0076	0.0122	0.0000	0.0230	0.0251	0.0000	0.0000	0.0000	0.0000	0.0000	0.0016	-0.0000	-0.0000	0.9989	1.0095	0.9778	0.3555	0.0001	0.0001	0.0000	0.0000	0.0000	0.0000	0.0001	0.0001	0.0000	0.0000	0.0000	0.0000	0.0000	0.0000	0.0000	0.0000	0.0000	0.0000	0.0072	0.0062	0.0009	0.0010	0.0010	0.0001	0.0062	0.0053	0.0009	0.0038	0.0023	0.0014	0.0012	0.0011	0.0001	0.0025	0.0012	0.0013	2.1945	1.5764	0.0000	0.0000	0.0000	0.0000	1082.8212	inf	0.0000	0.0076	0.0122	0.0000	0.0230	0.0251	0.0000	0.0000	0.0000	0.0000	
2	47	0.0482	7	0	0	1	1	0	0	0	0	N	N	N	N	N	N	N	N	N	N	N	N	5756.6595	3959.0308	0.0000	0.9095	0.9015	6321.5416	3560.3177	0.0000	44.5753	51.5985	0.0000	0.0076	0.0079	0.0000	47.8196	55.7894	0.0000	0.0077	0.0130	0.0000	0.0083	0.0088	0.0000	0.0076	0.0157	0.0000	0.0000	0.0002	-0.3800	-0.0002	0.9989	3.0460	0.9778	11.9126	0.9973	0.9973	0.0000	0.0000	0.0000	0.0000	0.9973	0.9973	0.0000	0.0004	0.0004	0.0000	0.0001	0.0001	0.0000	0.0003	0.0003	0.0000	0.0224	0.0193	0.0030	0.0015	0.0015	0.0001	0.0209	0.0179	0.0030	0.0467	0.0277	0.0190	0.0112	0.0106	0.0006	0.0355	0.0171	0.0184	5756.6595	3959.0308	0.0000	0.9095	0.9015	0.0000	6321.5416	3560.3177	0.0000	0.0077	0.0130	0.0000	0.0083	0.0088	0.0000	0.0076	0.0157	0.0000	
2	48	0.0348	6	0	0	0	1	0	0	0	0	N	N	N	N	N	N	N	N	N	N	N	N	44.0889	61.8016	0.3350	0.5311	0.5321	0.0000	54.4909	131.0394	0.3345	0.1263	0.1460	0.0012	0.0021	0.0022	0.0000	0.1365	0.1595	0.0012	0.0029	0.0024	0.0036	0.0039	0.0041	0.0000	0.0025	0.0012	0.0037	0.0013	1.0039	-0.0004	-0.0000	0.9989	1.1082	0.9778	5.8288	0.0011	0.0011	0.0000	0.0000	0.0000	0.0000	0.0011	0.0011	0.0000	0.0001	0.0000	0.0000	0.0000	0.0000	0.0000	0.0000	0.0000	0.0000	0.0086	0.0074	0.0012	0.0007	0.0006	0.0000	0.0079	0.0068	0.0011	0.0253	0.0153	0.0100	0.0064	0.0062	0.0002	0.0189	0.0091	0.0098	44.0889	61.8016	0.3350	0.5311	0.5321	0.0000	54.4909	131.0394	0.3345	0.0029	0.0024	0.0036	0.0039	0.0041	0.0000	0.0025	0.0012	0.0037
2	49	0.0660	8	0	1	0	1	0	0	0	0	N	N	N	N	N	N	N	N	N	N	N	N	0.0000	0.0000	0.0000	0.0000	0.0000	0.0000	0.0000	0.0000	0.0000	0.0000	0.0000	0.0000	0.0000	0.0000	0.0000	0.0000	0.0000	0.0000	0.0000	0.0000	0.9989	0.0000	0.9778	2.0001	0.0000	0.0000	0.0000	0.0000	0.0000	0.0000	0.0000	0.0000	0.0000	0.0000	0.0000	0.0000	0.0000	0.0000	0.0000	0.0000	0.0000	0.0000	0.0000	0.0000	0.0000	0.0000	0.0000	0.0000	0.0000	0.0000	0.0000	0.0054	0.0032	0.0022	0.0014	0.0013	0.0001	0.0040	0.0020	0.0021	0.0000	0.0000	0.0000	0.0000	0.0000	0.0000	0.0000	0.0000	0.0000	0.0000	0.0000	0.0000	0.0000	0.0000	0.0000	0.0000	0.0000	0.0000											
2	50	0.1980	19	1	1	1	1	0	0	0	0	N	N	N	N	N	N	N	N	N	N	N	N	0.0000	0.0000	0.0000	0.0000	0.0000	0.0000	0.0000	0.0000	0.0000	0.0000	0.0000	0.0000	0.0000	0.0000	0.0000	0.0000	0.0000	0.0000	0.0000	0.0000	0.9989	0.0000	0.9778	1.7047	0.0000	0.0000	0.0000	0.0000	0.0000	0.0000	0.0000	0.0000	0.0000	0.0000	0.0000	0.0000	0.0000	0.0000	0.0000	0.0000	0.0000	0.0000	0.0000	0.0000	0.0000	0.0000	0.0000	0.0000	0.0000	0.0000	0.0000	0.0081	0.0062	0.0019	0.0034	0.0033	0.0002	0.0047	0.0030	0.0017	0.0000	0.0000	0.0000	0.0000	0.0000	0.0000	0.0000	0.0000	0.0000	0.0000	0.0000	0.0000	0.0000	0.0000	0.0000	0.0000	0.0000	0.0000											
2	51	0.1980	19	1	1	1	1	0	0	0	0	N	N	N	N	N	N	N	N	N	N	N	N	0.0000	0.0000	0.0000	0.0000	0.0000	0.0000	0.0000	0.0000	0.0000	0.0000	0.0000	0.0000	0.0000	0.0000	0.0000	0.0000	0.0000	0.0000	0.0000	0.0000	0.9989	0.0000	0.9778	0.2953	0.0000	0.0000	0.0000	0.0000	0.0000	0.0000	0.0000	0.0000	0.0000	0.0000	0.0000	0.0000	0.0000	0.0000	0.0000	0.0000	0.0000	0.0000	0.0000	0.0000	0.0000	0.0000	0.0000	0.0000	0.0000	0.0000	0.0000	0.0047	0.0041	0.0006	0.0022	0.0022	0.0000	0.0024	0.0019	0.0006	0.0000	0.0000	0.0000	0.0000	0.0000	0.0000	0.0000	0.0000	0.0000	0.0000	0.0000	0.0000	0.0000	0.0000	0.0000	0.0000	0.0000	0.0000											
2	52	0.1952	18	1	1	1	1	0	0	0	0	N	N	N	N	N	N	N	N	N	N	N	N	0.0000	0.0000	0.0000	0.0000	0.0000	0.0000	0.0000	0.0000	0.0000	0.0000	0.0000	0.0000	0.0000	0.0000	0.0000	0.0000	0.0000	0.0000	0.0000	0.0000	0.9989	0.0001	0.9778	1.7968	0.0000	0.0000	0.0000	0.0000	0.0000	0.0000	0.0000	0.0000	0.0000	0.0000	0.0000	0.0000	0.0000	0.0000	0.0000	0.0000	0.0000	0.0000	0.0000	0.0000	0.0000	0.0000	0.0000	0.0000	0.0000	0.0000	0.0000	0.0063	0.0042	0.0021	0.0024	0.0023	0.0001	0.0039	0.0019	0.0019	0.0000	0.0000	0.0000	0.0000	0.0000	0.0000	0.0000	0.0000	0.0000	0.0000	0.0000	0.0000	0.0000	0.0000	0.0000	0.0000	0.0000	0.0000											
2	53	0.1769	12	1	1	0	1	0	0	0	0	N	N	N	N	N	N	N	N	N	N	N	N	0.0000	0.0000	0.0000	0.0000	0.0000	0.0000	0.0000	0.0000	0.0000	0.0000	0.0000	0.0000	0.0000	0.0000	0.0000	0.0000	0.0000	0.0000	0.0000	0.0000	0.0000	0.0000	0.0000	0.0000	0.0000	0.4848	-0.0000	-0.0000	0.9989	1.8240	0.9778	0.8872	0.0000	0.0000	0.0000	0.0000	0.0000	0.0000	0.0000	0.0000	0.0000	0.0000	0.0000	0.0000	0.0000	0.0000	0.0000	0.0000	0.0000	0.0000	0.0161	0.0144	0.0018	0.0035	0.0034	0.0001	0.0127	0.0110	0.0017	0.0094	0.0061	0.0033	0.0033	0.0031	0.0002	0.0061	0.0029	0.0031	0.0000	0.0000	0.0000	0.0000	0.0000	0.0000	0.0000	0.0000	0.0000	0.0000	0.0000	0.0000	0.0000	0.0000	0.0000	0.0000	0.0000	0.0000			
2	54	0.0960	10	0	1	0	2	0	0	0	0	N	N	N	Y	N	N	N	N	N	N	N	N	0.0000	0.0000	0.0000	0.0000	0.0000	0.0000	0.0000	0.0000	0.0000	0.0000	0.0000	0.0000	0.0000	0.0000	0.0000	0.0000	0.0000	0.0000	0.0000	0.0000	0.9989	0.0007	0.9778	4.7762	0.0000	0.0000	0.0000	0.0000	0.0000	0.0000	0.0000	0.0000	0.0000	0.0000	0.0000	0.0000	0.0000	0.0000	0.0000	0.0000	0.0000	0.0000	0.0000	0.0000	0.0000	0.0000	0.0000	0.0000	0.0000	0.0000	0.0000	0.0143	0.0089	0.0054	0.0044	0.0041	0.0003	0.0100	0.0049	0.0051	0.0000	0.0000	0.0000	0.0000	0.0000	0.0000	0.0000	0.0000	0.0000	0.0000	0.0000	0.0000	0.0000	0.0000	0.0000	0.0000	0.0000	0.0000											
2	55	0.0960	10	0	0	0	2	0	0	0	0	N	N	N	Y	N	N	N	N	N	N	N	N	0.0000	0.0000	0.0000	0.0000	0.0000	0.0000	0.0000	0.0000	0.0000	0.0000	0.0000	0.0000	0.0000	0.0000	0.0000	0.0000	0.0000	0.0000	0.0000	0.0000	0.9989	0.0007	0.9778	3.2259	0.0000	0.0000	0.0000	0.0000	0.0000	0.0000	0.0000	0.0000	0.0000	0.0000	0.0000	0.0000	0.0000	0.0000	0.0000	0.0000	0.0000	0.0000	0.0000	0.0000	0.0000	0.0000	0.0000	0.0000	0.0000	0.0000	0.0000	0.0104	0.0066	0.0038	0.0033	0.0031	0.0002	0.0071	0.0035	0.0036	0.0000	0.0000	0.0000	0.0000	0.0000	0.0000	0.0000	0.0000	0.0000	0.0000	0.0000	0.0000	0.0000	0.0000	0.0000	0.0000	0.0000	0.0000											
2	56	0.0916	9	0	0	0	2	0	0	0	0	N	N	N	Y	N	N	N	N	N	N	N	N	0.0000	0.0000	0.0000	0.0000	0.0000	0.0000	0.0000	0.0000	0.0000	0.0000	0.0000	0.0000	0.0000	0.0000	0.0000	0.0000	0.0000	0.0000	0.0000	0.0000	0.0000	0.0000	0.0135	0.0000	-0.0000	0.9989	0.9953	0.9778	1.3904	0.0000	0.0000	0.0000	0.0000	0.0000	0.0000	0.0000	0.0000	0.0000	0.0000	0.0000	0.0000	0.0000	0.0000	0.0000	0.0000	0.0000	0.0000	0.0072	0.0062	0.0009	0.0008	0.0007	0.0000	0.0064	0.0055	0.0009	0.0080	0.0052	0.0028	0.0026	0.0024	0.0002	0.0054	0.0027	0.0027	0.0000	0.0000	0.0000	0.0000	0.0000	0.0000	0.0000	0.0000	0.0000	0.0000	0.0000	0.0000	0.0000	0.0000	0.0000	0.0000	0.0000	0.0000						
2	57	0.0849	8	0	0	0	2	0	0	0	0	N	N	N	Y	N	N	N	N	N	N	N	N	0.0000	0.0000	0.0000	0.0000	0.0000	0.0000	0.0000	0.0000	0.0000	0.0000	0.0000	0.0000	0.0000	0.0000	0.0000	0.0000	0.0000	0.0000	0.0000	0.0000	0.0000	0.0000	0.0000	0.0000	0.0000	0.8232	0.0000	-0.0000	0.9989	0.0068	0.9778	3.2797	0.0000	0.0000	0.0000	0.0000	0.0000	0.0000	0.0000	0.0000	0.0000	0.0000	0.0000	0.0000	0.0000	0.0000	0.0000	0.0000	0.0000	0.0000	0.0001	0.0001	0.0000	0.0000	0.0000	0.0000	0.0000	0.0000	0.0000	0.0102	0.0062	0.0040	0.0031	0.0029	0.0002	0.0070	0.0032	0.0038	0.0000	0.0000	0.0000	0.0000	0.0000	0.0000	0.0000	0.0000	0.0000	0.0000	0.0000	0.0000	0.0000	0.0000	0.0000	0.0000	0.0000	0.0000			
2	58	0.0438	7	0	0	0	2	0	0	0	0	N	N	N	Y	N	N	N	N	N	N	N	N	0.0364	0.0246	0.0000	0.0615	0.0608	0.0000	0.0000	0.0000	0.0000	0.0000	0.0002	0.0002	0.0000	0.0000	0.0000	0.0000	0.0006	0.0010	0.0000	0.0026	0.0027	0.0000	0.0000	0.0000	0.0000	0.0000	0.0028	-0.0000	-0.0000	0.9989	5.8573	0.9778	13.1443	0.0000	0.0000	0.0000	0.0000	0.0000	0.0000	0.0000	0.0000	0.0000	0.0000	0.0000	0.0000	0.0000	0.0000	0.0000	0.0000	0.0000	0.0000	0.0475	0.0414	0.0061	0.0065	0.0062	0.0003	0.0410	0.0352	0.0058	0.0541	0.0317	0.0224	0.0124	0.0117	0.0007	0.0417	0.0200	0.0217	0.0364	0.0246	0.0000	0.0615	0.0608	0.0000	0.0000	0.0000	0.0000	0.0006	0.0010	0.0000	0.0026	0.0027	0.0000	0.0000	0.0000	0.0000		
2	59	0.1953	19	0	1	1	1	0	0	0	0	N	N	N	N	N	N	N	N	N	N	N	N	212.0468	0.0000	602.3018	11.5982	0.0000	17.4753	19626.8449	65129.1075	0.1489	0.0000	1.1630	0.0230	0.0000	0.4237	0.1780	0.0000	1.2266	0.0007	0.0001	0.0019	0.0020	0.0001	0.0242	0.0000	0.0000	0.0000	inf	13.5269	0.0006	0.0000	0.9989	0.9979	0.9778	4.0614	0.0010	0.0000	0.0010	0.0000	0.0000	0.0000	0.0010	0.0000	0.0010	0.0000	0.0000	0.0000	0.0000	0.0000	0.0000	0.0000	0.0000	0.0000	0.0070	0.0061	0.0009	0.0013	0.0012	0.0001	0.0057	0.0048	0.0008	0.0147	0.0097	0.0050	0.0052	0.0048	0.0004	0.0095	0.0049	0.0046	212.0468	0.0000	602.3018	11.5982	0.0000	17.4753	19626.8449	0.0000	65129.1075	0.0007	0.0001	0.0019	0.0020	0.0001	0.0242	0.0000	0.0000	0.0000	
2	60	0.1869	18	0	1	0	1	0	0	0	0	N	N	N	N	N	N	N	N	N	N	N	N	40293.4201	1.8310	216708.7251	0.0336	0.0656	0.0000	878852.3784	23.2068	9303297.3934	61.6904	0.0022	480.5840	0.0001	0.0001	0.0000	75.3846	0.0027	516.9150	0.0015	0.0012	0.0022	0.0042	0.0023	0.0288	0.0001	0.0001	0.0001	32842.3986	0.9719	0.6170	-0.0000	0.9989	2.2356	0.9778	2.2044	0.9970	0.0000	0.9969	0.0000	0.0000	0.0000	0.9970	0.0000	0.9969	0.0000	0.0000	0.0000	0.0000	0.0000	0.0000	0.0000	0.0000	0.0000	0.0162	0.0141	0.0021	0.0029	0.0028	0.0001	0.0132	0.0113	0.0019	0.0129	0.0085	0.0044	0.0045	0.0042	0.0003	0.0084	0.0043	0.0041	40293.4201	1.8310	216708.7251	0.0336	0.0656	0.0000	878852.3784	23.2068	9303297.3934	0.0015	0.0012	0.0022	0.0042	0.0023	0.0288	0.0001	0.0001	0.0001
2	61	0.1663	16	1	0	1	1	0	0	0	0	N	N	N	N	N	N	N	N	N	N	N	N	0.0000	0.0000	0.0000	0.0000	0.0000	0.0000	0.0000	0.0000	0.0000	0.0000	0.0000	0.0000	0.0000	0.0000	0.0000	0.0000	0.0000	40.0450	0.0000	240.4822	0.0176	0.0000	0.2054	59.8046	0.0000	257.1908	3495412.0624	0.0000	0.4347	0.9989	2.0703	0.9778	7.0012	0.0000	0.0000	0.0000	0.0000	0.0000	0.0000	0.0000	0.0000	0.0000	0.9511	0.0000	0.9511	0.0001	0.0000	0.0001	0.9510	0.0000	0.9510	0.0152	0.0133	0.0019	0.0027	0.0026	0.0001	0.0125	0.0107	0.0018	0.0238	0.0148	0.0089	0.0078	0.0072	0.0007	0.0159	0.0076	0.0083	0.0000	0.0000	0.0000	0.0000	0.0000	0.0000	0.0000	0.0000	0.0000	40.0450	0.0000	106.3776	0.0176	0.0000	0.2054	59.8046	0.0000	114.9978		
2	62	0.1647	15	0	0	0	1	0	0	0	0	N	N	N	N	N	N	N	N	N	N	N	N	0.0000	0.0000	0.0000	0.0000	0.0000	0.0000	0.0000	0.0000	0.0000	0.0000	0.0000	0.0000	0.0000	0.0000	0.0000	0.0000	0.0000	0.0000	0.8190	0.0466	2.1061	0.0439	0.0476	0.0030	1.2072	0.0457	2.2741	27.1274	0.0000	0.0009	0.9989	0.9285	0.9778	0.0280	0.0000	0.0000	0.0000	0.0000	0.0000	0.0000	0.0000	0.0000	0.0000	0.0021	0.0001	0.0021	0.0000	0.0000	0.0000	0.0021	0.0000	0.0021	0.0067	0.0058	0.0009	0.0011	0.0010	0.0001	0.0056	0.0048	0.0008	0.0026	0.0016	0.0010	0.0009	0.0008	0.0001	0.0017	0.0008	0.0009	0.0000	0.0000	0.0000	0.0000	0.0000	0.0000	0.0000	0.0000	0.0000	0.8190	0.0466	2.1061	0.0439	0.0476	0.0030	1.2072	0.0457	2.2741	
2	63	0.1269	10	1	1	0	1	0	0	0	0	N	N	N	N	N	N	N	N	N	N	N	N	0.0000	0.0000	0.0000	0.0000	0.0000	0.0000	0.0000	0.0000	0.0000	0.0000	0.0000	0.0000	0.0000	0.0000	0.0000	0.0000	0.0000	0.0074	0.0000	0.0212	0.0002	0.0000	0.0030	0.0110	0.0000	0.0224	1161.4473	0.0000	0.0000	0.9989	1.0023	0.9778	3.0135	0.0000	0.0000	0.0000	0.0000	0.0000	0.0000	0.0000	0.0000	0.0000	0.0001	0.0000	0.0001	0.0000	0.0000	0.0000	0.0001	0.0000	0.0001	0.0073	0.0063	0.0010	0.0010	0.0010	0.0001	0.0062	0.0053	0.0009	0.0116	0.0075	0.0041	0.0039	0.0036	0.0003	0.0077	0.0039	0.0038	0.0000	0.0000	0.0000	0.0000	0.0000	0.0000	0.0000	0.0000	0.0000	0.0074	0.0000	0.0212	0.0002	0.0000	0.0030	0.0110	0.0000	0.0224		
2	64	0.1005	9	1	1	0	1	0	0	0	0	N	N	N	N	N	N	N	N	N	N	N	N	0.0000	0.0000	0.0000	0.0000	0.0000	0.0000	0.0000	0.0000	0.0000	0.0000	0.0000	0.0000	0.0000	0.0000	0.0000	0.0000	0.0000	0.0095	0.0051	0.0167	0.0108	0.0116	0.0000	0.0089	0.0000	0.0176	2.0289	0.0000	0.0000	0.9989	3.0820	0.9778	9.3392	0.0000	0.0000	0.0000	0.0000	0.0000	0.0000	0.0000	0.0000	0.0000	0.0003	0.0001	0.0002	0.0001	0.0001	0.0000	0.0002	0.0000	0.0002	0.0265	0.0232	0.0033	0.0048	0.0047	0.0002	0.0217	0.0186	0.0031	0.0336	0.0208	0.0128	0.0098	0.0091	0.0007	0.0239	0.0118	0.0121	0.0000	0.0000	0.0000	0.0000	0.0000	0.0000	0.0000	0.0000	0.0000	0.0095	0.0051	0.0167	0.0108	0.0116	0.0000	0.0089	0.0000	0.0176		
2	65	0.1869	18	0	1	0	1	0	0	0	0	N	N	N	N	N	N	N	N	N	N	N	N	65.3209	38087.9364	0.0000	118.5874	90194.8703	0.0000	0.0000	0.0000	0.0302	0.0347	0.0000	0.1619	0.1700	0.0000	0.0000	0.0000	0.0000	0.0005	0.0000	0.0013	0.0014	0.0000	0.0167	0.0000	0.0000	0.0000	0.0000	788.0496	-0.0002	0.0000	0.9989	1.7946	0.9778	5.9592	0.0004	0.0004	0.0000	0.0004	0.0004	0.0000	0.0000	0.0000	0.0000	0.0000	0.0000	0.0000	0.0000	0.0000	0.0000	0.0000	0.0000	0.0000	0.0132	0.0115	0.0017	0.0025	0.0023	0.0001	0.0107	0.0092	0.0016	0.0206	0.0133	0.0073	0.0070	0.0064	0.0006	0.0136	0.0069	0.0068	65.3209	38087.9364	0.0000	118.5874	90194.8703	0.0000	0.0000	0.0000	0.0000	0.0005	0.0000	0.0013	0.0014	0.0000	0.0167	0.0000	0.0000	0.0000	
2	66	0.1801	17	0	1	0	1	0	0	0	0	N	N	N	N	N	N	N	N	N	N	N	N	17.6646	0.0000	104.7240	0.0000	0.0000	0.0000	6097.2998	0.0000	26273.6473	0.0368	0.0000	0.2869	0.0000	0.0000	0.0000	0.0459	0.0000	0.3067	0.0021	0.0017	0.0027	0.0064	0.0035	0.0386	0.0000	0.0000	0.0000	inf	1.0022	0.0002	-0.0000	0.9989	1.3569	0.9778	2.0560	0.0004	0.0000	0.0004	0.0000	0.0000	0.0000	0.0004	0.0000	0.0004	0.0000	0.0000	0.0000	0.0000	0.0000	0.0000	0.0000	0.0000	0.0000	0.0109	0.0095	0.0014	0.0022	0.0021	0.0001	0.0087	0.0074	0.0013	0.0092	0.0057	0.0035	0.0030	0.0027	0.0002	0.0062	0.0030	0.0032	17.6646	0.0000	104.7240	0.0000	0.0000	0.0000	6097.2998	0.0000	26273.6473	0.0021	0.0017	0.0027	0.0064	0.0035	0.0386	0.0000	0.0000	0.0000
2	67	0.1667	16	0	1	0	1	0	0	0	0	N	N	N	N	N	N	N	N	N	N	N	N	0.0000	0.0000	0.0000	0.0000	0.0000	0.0000	0.0000	0.0000	0.0000	0.0000	0.0000	0.0000	0.0000	0.0000	0.0000	0.0000	0.0000	0.0000	0.0011	0.0008	0.0015	0.0015	0.0017	0.0000	0.0008	0.0000	0.0016	1.0396	0.0000	-0.0000	0.9989	4.9477	0.9778	2.0153	0.0000	0.0000	0.0000	0.0000	0.0000	0.0000	0.0000	0.0000	0.0000	0.0000	0.0000	0.0000	0.0000	0.0000	0.0000	0.0000	0.0000	0.0000	0.0367	0.0319	0.0048	0.0064	0.0060	0.0004	0.0303	0.0259	0.0044	0.0183	0.0117	0.0066	0.0063	0.0057	0.0005	0.0120	0.0059	0.0061	0.0000	0.0000	0.0000	0.0000	0.0000	0.0000	0.0000	0.0000	0.0000	0.0011	0.0008	0.0015	0.0015	0.0017	0.0000	0.0008	0.0000	0.0016	
2	68	0.0660	8	0	0	1	1	0	0	0	0	N	N	N	N	N	N	N	N	N	N	N	N	0.0000	0.0000	0.0000	0.0000	0.0000	0.0000	0.0000	0.0000	0.0000	0.0000	0.0000	0.0000	0.0000	0.0000	0.0000	0.0000	0.0000	0.0000	0.0000	0.0000	0.9989	0.0000	0.9778	4.0001	0.0000	0.0000	0.0000	0.0000	0.0000	0.0000	0.0000	0.0000	0.0000	0.0000	0.0000	0.0000	0.0000	0.0000	0.0000	0.0000	0.0000	0.0000	0.0000	0.0000	0.0000	0.0000	0.0000	0.0000	0.0000	0.0000	0.0000	0.0108	0.0064	0.0044	0.0028	0.0025	0.0003	0.0080	0.0039	0.0041	0.0000	0.0000	0.0000	0.0000	0.0000	0.0000	0.0000	0.0000	0.0000	0.0000	0.0000	0.0000	0.0000	0.0000	0.0000	0.0000	0.0000	0.0000											
2	69	0.0438	7	0	0	0	1	0	0	0	0	N	N	N	N	N	N	N	N	N	N	N	N	0.1957	0.9007	0.0000	0.0479	0.0473	0.0000	0.2081	inf	0.0000	0.0011	0.0013	0.0000	0.0002	0.0002	0.0000	0.0013	0.0016	0.0000	0.0056	0.0014	0.0118	0.0033	0.0035	0.0000	0.0064	0.0000	0.0122	0.0000	5.8134	-0.0000	0.0001	0.9989	2.8240	0.9778	8.9883	0.0000	0.0000	0.0000	0.0000	0.0000	0.0000	0.0000	0.0000	0.0000	0.0002	0.0000	0.0002	0.0000	0.0000	0.0000	0.0002	0.0000	0.0002	0.0270	0.0237	0.0033	0.0053	0.0051	0.0002	0.0217	0.0186	0.0031	0.0372	0.0220	0.0151	0.0093	0.0088	0.0005	0.0279	0.0133	0.0146	0.1957	0.9007	0.0000	0.0479	0.0473	0.0000	0.2081	inf	0.0000	0.0056	0.0014	0.0118	0.0033	0.0035	0.0000	0.0064	0.0000	0.0122
2	70	0.0348	6	0	0	0	1	0	0	0	0	N	N	N	N	N	N	N	N	N	N	N	N	0.0491	0.0280	0.2774	0.1578	0.1594	0.0000	0.0573	0.0151	0.2774	0.0002	0.0002	0.0005	0.0018	0.0019	0.0000	0.0001	0.0000	0.0005	0.0044	0.0059	0.0019	0.0115	0.0118	0.0000	0.0017	0.0014	0.0019	0.5055	0.2004	-0.0000	-0.0000	0.9989	1.4521	0.9778	3.5882	0.0000	0.0000	0.0000	0.0000	0.0000	0.0000	0.0000	0.0000	0.0000	0.0001	0.0001	0.0000	0.0001	0.0001	0.0000	0.0000	0.0000	0.0000	0.0110	0.0095	0.0015	0.0008	0.0007	0.0000	0.0103	0.0088	0.0015	0.0204	0.0126	0.0078	0.0056	0.0055	0.0001	0.0148	0.0071	0.0077	0.0491	0.0280	0.2774	0.1578	0.1594	0.0000	0.0573	0.0151	0.2774	0.0044	0.0059	0.0019	0.0115	0.0118	0.0000	0.0017	0.0014	0.0019
2	71	0.0321	5	0	0	0	1	0	0	0	0	N	N	N	N	N	N	N	N	N	N	N	N	0.0673	0.0400	0.2518	0.1402	0.1400	0.0000	0.0717	0.0000	0.2517	0.0003	0.0002	0.0010	0.0012	0.0012	0.0000	0.0001	0.0000	0.0010	0.0040	0.0041	0.0039	0.0083	0.0084	0.0001	0.0020	0.0000	0.0039	0.8968	0.5267	0.0000	-0.0000	0.9989	1.1783	0.9778	0.9542	0.0000	0.0000	0.0000	0.0000	0.0000	0.0000	0.0000	0.0000	0.0000	0.0000	0.0000	0.0000	0.0000	0.0000	0.0000	0.0000	0.0000	0.0000	0.0105	0.0092	0.0014	0.0013	0.0013	0.0000	0.0092	0.0079	0.0014	0.0113	0.0072	0.0041	0.0036	0.0036	0.0001	0.0077	0.0037	0.0040	0.0673	0.0400	0.2518	0.1402	0.1400	0.0000	0.0717	0.0000	0.2517	0.0040	0.0041	0.0039	0.0083	0.0084	0.0001	0.0020	0.0000	0.0039
2	72	0.0275	4	0	0	0	1	0	0	0	0	N	N	N	N	N	N	N	N	N	N	N	N	0.0753	0.0488	0.2356	0.3845	0.3844	0.0000	0.0639	0.0000	0.2337	0.0002	0.0001	0.0007	0.0021	0.0021	0.0000	0.0001	0.0000	0.0007	0.0025	0.0023	0.0029	0.0054	0.0055	0.0000	0.0015	0.0000	0.0029	0.9793	0.8322	0.0000	-0.0000	0.9989	2.0762	0.9778	1.4610	0.0000	0.0000	0.0000	0.0000	0.0000	0.0000	0.0000	0.0000	0.0000	0.0000	0.0000	0.0000	0.0000	0.0000	0.0000	0.0000	0.0000	0.0000	0.0160	0.0138	0.0022	0.0007	0.0007	0.0000	0.0153	0.0131	0.0022	0.0144	0.0087	0.0057	0.0037	0.0036	0.0001	0.0107	0.0051	0.0056	0.0753	0.0488	0.2356	0.3845	0.3844	0.0000	0.0639	0.0000	0.2337	0.0025	0.0023	0.0029	0.0054	0.0055	0.0000	0.0015	0.0000	0.0029
2	73	0.0917	8	0	0	0	1	0	0	0	0	N	N	N	N	N	N	N	N	N	N	N	N	0.0000	0.0000	0.0000	0.0000	0.0000	0.0000	0.0000	0.0000	0.0000	0.0000	0.0000	0.0000	0.0000	0.0000	0.0000	0.0000	0.0000	0.1327	0.2184	0.0000	0.5121	0.5553	0.0000	0.0000	0.0000	0.0000	0.0000	0.0000	-0.0038	0.9989	4.0673	0.9778	17.8409	0.0000	0.0000	0.0000	0.0000	0.0000	0.0000	0.0000	0.0000	0.0000	0.0071	0.0071	0.0000	0.0071	0.0071	0.0000	0.0000	0.0000	0.0000	0.0330	0.0288	0.0042	0.0054	0.0052	0.0002	0.0276	0.0236	0.0040	0.0534	0.0324	0.0210	0.0138	0.0128	0.0011	0.0396	0.0197	0.0199	0.0000	0.0000	0.0000	0.0000	0.0000	0.0000	0.0000	0.0000	0.0000	0.1327	0.2184	0.0000	0.5121	0.5553	0.0000	0.0000	0.0000	0.0000		
2	75	0.2284	12	0	0	0	1	0	0	0	0	N	N	N	N	N	N	N	N	N	N	N	N	0.1495	0.1141	0.0024	0.1969	0.1819	inf	0.0004	0.0003	0.0011	0.0703	0.0791	0.0000	0.1961	0.2044	0.0000	0.0000	0.0000	0.0000	0.4705	0.6929	0.0002	0.9959	1.1239	0.0000	0.0006	0.0010	0.0003	0.0000	0.0002	-0.0011	-0.0479	0.9989	3.5843	0.9778	46.7516	0.0029	0.0029	0.0000	0.0029	0.0029	0.0000	0.0000	0.0000	0.0000	0.0882	0.0882	0.0000	0.0882	0.0882	0.0000	0.0001	0.0000	0.0000	0.0410	0.0365	0.0045	0.0147	0.0141	0.0006	0.0263	0.0224	0.0039	0.1875	0.1273	0.0602	0.0885	0.0784	0.0101	0.0990	0.0489	0.0501	0.1495	0.1141	0.0024	0.1969	0.1819	inf	0.0004	0.0003	0.0011	0.4705	0.6929	0.0002	0.9959	1.1239	0.0000	0.0006	0.0010	0.0003
2	76	0.1936	18	1	1	1	1	0	0	0	0	N	N	N	N	N	N	N	N	N	N	N	N	0.0000	0.0000	0.0000	0.0000	0.0000	0.0000	0.0000	0.0000	0.0000	0.0000	0.0000	0.0000	0.0000	0.0000	0.0000	0.0008	0.0000	0.0020	0.0000	0.0000	0.0005	0.0011	0.0000	0.0021	inf	0.0000	0.0000	0.9989	1.0003	0.9778	1.0071	0.0000	0.0000	0.0000	0.0000	0.0000	0.0000	0.0000	0.0000	0.0000	0.0000	0.0000	0.0000	0.0000	0.0000	0.0000	0.0000	0.0000	0.0000	0.0068	0.0060	0.0009	0.0013	0.0013	0.0001	0.0055	0.0047	0.0008	0.0052	0.0032	0.0020	0.0017	0.0016	0.0001	0.0034	0.0016	0.0019	0.0000	0.0000	0.0000	0.0000	0.0000	0.0000	0.0000	0.0000	0.0000	0.0008	0.0000	0.0020	0.0000	0.0000	0.0005	0.0011	0.0000	0.0021				
2	77	0.1868	17	1	0	1	1	0	0	0	0	N	N	N	N	N	N	N	N	N	N	N	N	0.0000	0.0000	0.0000	0.0000	0.0000	0.0000	0.0000	0.0000	0.0000	0.0000	0.0000	0.0000	0.0000	0.0000	0.0000	0.0000	0.0000	0.0000	0.0403	0.0001	0.1461	0.0014	0.0001	0.0522	0.0714	0.0000	0.1499	657.4853	0.0000	0.0004	0.9989	0.9901	0.9778	2.2068	0.0000	0.0000	0.0000	0.0000	0.0000	0.0000	0.0000	0.0000	0.0000	0.0009	0.0000	0.0009	0.0000	0.0000	0.0000	0.0009	0.0000	0.0009	0.0069	0.0060	0.0009	0.0013	0.0013	0.0001	0.0055	0.0047	0.0008	0.0234	0.0169	0.0064	0.0104	0.0101	0.0002	0.0130	0.0068	0.0062	0.0000	0.0000	0.0000	0.0000	0.0000	0.0000	0.0000	0.0000	0.0000	0.0403	0.0001	0.1461	0.0014	0.0001	0.0522	0.0714	0.0000	0.1499	
2	78	0.1092	9	0	1	0	1	0	0	0	0	N	N	N	N	N	N	N	N	N	N	N	N	0.0005	0.3231	0.0000	0.5146	0.8062	0.0000	0.0000	0.0000	0.0000	0.0044	0.0050	0.0000	0.0207	0.0219	0.0000	0.0000	0.0000	0.0000	9.1712	0.0156	38.7058	0.0403	0.0271	0.3154	14.6683	0.0000	34.1475	0.0000	946.9962	-0.0001	0.3706	0.9989	8.4371	0.9778	15.3349	0.0003	0.0003	0.0000	0.0003	0.0003	0.0000	0.0000	0.0000	0.0000	0.8128	0.0009	0.8119	0.0013	0.0009	0.0005	0.8115	0.0000	0.8115	0.0679	0.0595	0.0084	0.0145	0.0137	0.0007	0.0534	0.0458	0.0076	0.0886	0.0550	0.0336	0.0333	0.0316	0.0017	0.0553	0.0234	0.0320	0.0005	0.3231	0.0000	0.5146	0.8062	0.0000	0.0000	0.0000	0.0000	9.1712	0.0156	24.1336	0.0403	0.0271	0.2886	14.6683	0.0000	25.3886
2	79	0.1868	17	1	0	1	1	0	0	0	0	N	N	N	N	N	N	N	N	N	N	N	N	0.0000	0.0000	0.0000	0.0000	0.0000	0.0000	0.0000	0.0000	0.0000	0.0000	0.0000	0.0000	0.0000	0.0000	0.0000	0.0000	0.0000	0.0291	0.0044	0.0827	0.0009	0.0000	0.0198	0.0481	0.0101	0.0865	8.5872	0.0000	0.0004	0.9989	3.0096	0.9778	5.7427	0.0000	0.0000	0.0000	0.0000	0.0000	0.0000	0.0000	0.0000	0.0000	0.0011	0.0001	0.0009	0.0000	0.0000	0.0000	0.0010	0.0001	0.0009	0.0205	0.0179	0.0026	0.0039	0.0037	0.0002	0.0166	0.0142	0.0024	0.0363	0.0249	0.0114	0.0146	0.0140	0.0007	0.0217	0.0109	0.0108	0.0000	0.0000	0.0000	0.0000	0.0000	0.0000	0.0000	0.0000	0.0000	0.0291	0.0044	0.0827	0.0009	0.0000	0.0198	0.0481	0.0101	0.0865		
2	80	0.1712	16	1	0	1	1	0	0	0	0	N	N	N	N	N	N	N	N	N	N	N	N	0.0000	0.0000	0.0000	0.0000	0.0000	0.0000	0.0000	0.0000	0.0000	0.0000	0.0000	0.0000	0.0000	0.0000	0.0000	0.0000	0.0000	0.0000	0.0255	0.0016	0.0675	0.0039	0.0032	0.0136	0.0375	0.0000	0.0715	23.2965	0.0000	0.0002	0.9989	1.0477	0.9778	6.1154	0.0000	0.0000	0.0000	0.0000	0.0000	0.0000	0.0000	0.0000	0.0000	0.0005	0.0000	0.0005	0.0000	0.0000	0.0000	0.0005	0.0000	0.0005	0.0081	0.0072	0.0010	0.0018	0.0018	0.0001	0.0063	0.0054	0.0009	0.0208	0.0133	0.0075	0.0074	0.0069	0.0005	0.0134	0.0064	0.0070	0.0000	0.0000	0.0000	0.0000	0.0000	0.0000	0.0000	0.0000	0.0000	0.0255	0.0016	0.0675	0.0039	0.0032	0.0136	0.0375	0.0000	0.0715	
2	81	0.1647	15	0	0	0	1	0	0	0	0	N	N	N	N	N	N	N	N	N	N	N	N	0.0000	0.0000	0.0000	0.0000	0.0000	0.0000	0.0000	0.0000	0.0000	0.0000	0.0000	0.0000	0.0000	0.0000	0.0000	0.0000	0.0000	0.0000	0.0084	0.0077	0.0094	0.0147	0.0160	0.0011	0.0053	0.0001	0.0101	0.7312	0.0000	-0.0000	0.9989	1.9794	0.9778	1.0196	0.0000	0.0000	0.0000	0.0000	0.0000	0.0000	0.0000	0.0000	0.0000	0.0001	0.0000	0.0000	0.0000	0.0000	0.0000	0.0000	0.0000	0.0000	0.0140	0.0122	0.0018	0.0022	0.0021	0.0001	0.0118	0.0101	0.0017	0.0080	0.0050	0.0030	0.0026	0.0024	0.0002	0.0053	0.0026	0.0028	0.0000	0.0000	0.0000	0.0000	0.0000	0.0000	0.0000	0.0000	0.0000	0.0084	0.0077	0.0094	0.0147	0.0160	0.0011	0.0053	0.0001	0.0101	
2	82	0.1626	14	0	0	0	1	0	0	0	0	N	N	N	N	N	N	N	N	N	N	N	N	0.7186	1.2025	0.0000	0.0000	0.0000	0.0000	0.9778	inf	0.0000	0.0167	0.0192	0.0000	0.0000	0.0000	0.0000	0.0194	0.0227	0.0000	0.0232	0.0159	0.0352	0.0299	0.0325	0.0001	0.0199	0.0000	0.0379	0.0000	1.3347	-0.0000	0.0000	0.9989	1.0114	0.9778	0.0202	0.0001	0.0001	0.0000	0.0000	0.0000	0.0000	0.0001	0.0001	0.0000	0.0001	0.0000	0.0000	0.0000	0.0000	0.0000	0.0000	0.0000	0.0000	0.0072	0.0062	0.0009	0.0010	0.0010	0.0001	0.0062	0.0053	0.0009	0.0029	0.0018	0.0011	0.0010	0.0009	0.0001	0.0019	0.0009	0.0010	0.7186	1.2025	0.0000	0.0000	0.0000	0.0000	0.9778	inf	0.0000	0.0232	0.0159	0.0352	0.0299	0.0325	0.0001	0.0199	0.0000	0.0379
2	83	0.1420	13	0	0	0	1	0	0	0	0	N	N	N	N	N	N	N	N	N	N	N	N	32.4359	22.7899	0.0000	0.0007	0.0007	0.0000	4994.5763	15090883.2417	0.0000	22.8856	26.2113	0.0000	0.0014	0.0015	0.0000	27.3761	31.9399	0.0000	0.7056	1.1501	0.0090	1.9534	2.0940	0.0001	0.0055	0.0000	0.0096	0.0000	0.0050	-0.3794	-0.0117	0.9989	5.9223	0.9778	3.6882	0.9957	0.9957	0.0000	0.0000	0.0000	0.0000	0.9957	0.9957	0.0000	0.0217	0.0216	0.0001	0.0216	0.0216	0.0000	0.0001	0.0000	0.0001	0.0435	0.0380	0.0055	0.0071	0.0068	0.0003	0.0364	0.0312	0.0052	0.0307	0.0188	0.0120	0.0110	0.0103	0.0007	0.0197	0.0085	0.0112	32.4359	22.7899	0.0000	0.0007	0.0007	0.0000	4994.5763	15090883.2417	0.0000	0.7056	1.1501	0.0090	1.9534	2.0940	0.0001	0.0055	0.0000	0.0096
2	84	0.1291	11	0	1	0	1	0	0	0	0	N	N	N	N	N	N	N	N	N	N	N	N	0.0000	0.0000	0.0000	0.0000	0.0000	0.0000	0.0000	0.0000	0.0000	0.0000	0.0000	0.0000	0.0000	0.0000	0.0000	0.0000	0.0000	0.0000	7.2271	0.0001	26.0827	0.0133	0.0001	0.2010	11.4491	0.0000	24.8127	216658.4522	0.0000	0.3729	0.9989	7.1084	0.9778	28.8937	0.0000	0.0000	0.0000	0.0000	0.0000	0.0000	0.0000	0.0000	0.0000	0.8159	0.0000	0.8159	0.0006	0.0000	0.0006	0.8153	0.0000	0.8153	0.0511	0.0445	0.0066	0.0091	0.0085	0.0005	0.0421	0.0360	0.0060	0.1129	0.0701	0.0428	0.0417	0.0389	0.0027	0.0712	0.0311	0.0401	0.0000	0.0000	0.0000	0.0000	0.0000	0.0000	0.0000	0.0000	0.0000	7.2271	0.0001	19.0590	0.0133	0.0001	0.2010	11.4491	0.0000	20.3492	
2	85	0.1216	10	0	1	0	1	0	0	0	0	N	N	N	N	N	N	N	N	N	N	N	N	0.0000	0.0000	0.0000	0.0000	0.0000	0.0000	0.0000	0.0000	0.0000	0.0000	0.0000	0.0000	0.0000	0.0000	0.0000	0.0000	0.0000	0.0000	4.6843	3.8930	5.9089	6.1788	5.4946	0.0961	4.1819	0.0418	6.0613	0.9807	0.0000	-0.0118	0.9989	2.2208	0.9778	3.9129	0.0000	0.0000	0.0000	0.0000	0.0000	0.0000	0.0000	0.0000	0.0000	0.2460	0.1242	0.1218	0.1239	0.1238	0.0001	0.1221	0.0004	0.1217	0.0263	0.0234	0.0029	0.0095	0.0090	0.0005	0.0167	0.0144	0.0024	0.0525	0.0319	0.0206	0.0233	0.0228	0.0005	0.0292	0.0091	0.0201	0.0000	0.0000	0.0000	0.0000	0.0000	0.0000	0.0000	0.0000	0.0000	4.6843	3.8930	5.9089	5.3136	5.4343	0.0961	4.1819	0.0418	6.0613	
2	86	0.1971	12	0	0	1	1	0	0	0	0	N	N	N	N	N	N	N	N	N	N	N	N	0.0000	0.0000	0.0000	0.0000	0.0000	0.0000	0.0000	0.0000	0.0000	0.0000	0.0000	0.0000	0.0000	0.0000	0.0000	0.0000	0.0000	0.0000	0.3067	0.0001	0.8064	0.0564	0.0001	0.7514	0.4481	0.0000	0.8404	6953.1837	0.0000	0.0050	0.9989	5.3425	0.9778	7.0749	0.0000	0.0000	0.0000	0.0000	0.0000	0.0000	0.0000	0.0000	0.0000	0.0108	0.0000	0.0108	0.0007	0.0000	0.0007	0.0101	0.0000	0.0101	0.0428	0.0376	0.0051	0.0084	0.0081	0.0004	0.0343	0.0295	0.0048	0.0353	0.0219	0.0134	0.0128	0.0114	0.0014	0.0226	0.0105	0.0120	0.0000	0.0000	0.0000	0.0000	0.0000	0.0000	0.0000	0.0000	0.0000	0.3067	0.0001	0.8064	0.0564	0.0001	0.5135	0.4481	0.0000	0.8404	
2	87	0.1539	11	0	0	0	1	0	0	0	0	N	N	N	N	N	N	N	N	N	N	N	N	0.0000	0.0037	0.0000	0.0046	0.0103	0.0000	0.0000	0.0000	0.0000	0.0002	0.0002	0.0000	0.0006	0.0006	0.0000	0.0000	0.0000	0.0000	7.4993	0.0483	28.0977	0.1338	0.0617	1.2550	12.9491	0.0248	26.8687	0.0000	247.9511	-0.0000	0.3414	0.9989	7.0719	0.9778	13.7350	0.0000	0.0000	0.0000	0.0000	0.0000	0.0000	0.0000	0.0000	0.0000	0.7536	0.0030	0.7506	0.0057	0.0025	0.0033	0.7479	0.0006	0.7474	0.0635	0.0563	0.0073	0.0164	0.0157	0.0007	0.0471	0.0406	0.0066	0.1005	0.0626	0.0379	0.0427	0.0399	0.0028	0.0578	0.0227	0.0350	0.0000	0.0037	0.0000	0.0046	0.0103	0.0000	0.0000	0.0000	0.0000	7.4993	0.0483	19.8241	0.1338	0.0617	1.1534	12.9491	0.0248	21.3277
2	88	0.1971	19	1	0	1	1	0	0	0	0	N	N	N	N	N	N	N	N	N	N	N	N	0.0000	0.0000	0.0000	0.0000	0.0000	0.0000	0.0000	0.0000	0.0000	0.0000	0.0000	0.0000	0.0000	0.0000	0.0000	0.0000	0.0000	0.0000	0.0000	0.0000	0.9989	0.0000	0.9778	0.0000	0.0000	0.0000	0.0000	0.0000	0.0000	0.0000	0.0000	0.0000	0.0000	0.0000	0.0000	0.0000	0.0000	0.0000	0.0000	0.0000	0.0000	0.0000	0.0000	0.0000	0.0000	0.0000	0.0000	0.0000	0.0000	0.0000	0.0000	0.0000	0.0000	0.0000	0.0000	0.0000	0.0000	0.0000	0.0000	0.0000	0.0000	0.0000	0.0000	0.0000	0.0000	0.0000	0.0000	0.0000	0.0000	0.0000	0.0000	0.0000	0.0000	0.0000	0.0000	0.0000	0.0000	0.0000											
2	89	0.1952	18	1	0	1	1	0	0	0	0	N	N	N	N	N	N	N	N	N	N	N	N	0.0000	0.0000	0.0000	0.0000	0.0000	0.0000	0.0000	0.0000	0.0000	0.0000	0.0000	0.0000	0.0000	0.0000	0.0000	0.0000	0.0000	0.0000	0.0000	0.0000	0.9989	0.0001	0.9778	0.9161	0.0000	0.0000	0.0000	0.0000	0.0000	0.0000	0.0000	0.0000	0.0000	0.0000	0.0000	0.0000	0.0000	0.0000	0.0000	0.0000	0.0000	0.0000	0.0000	0.0000	0.0000	0.0000	0.0000	0.0000	0.0000	0.0000	0.0000	0.0041	0.0028	0.0013	0.0017	0.0016	0.0001	0.0024	0.0012	0.0012	0.0000	0.0000	0.0000	0.0000	0.0000	0.0000	0.0000	0.0000	0.0000	0.0000	0.0000	0.0000	0.0000	0.0000	0.0000	0.0000	0.0000	0.0000											
2	90	0.1704	17	1	0	1	1	0	0	0	0	N	N	N	N	N	N	N	N	N	N	N	N	0.0000	0.0000	0.0000	0.0000	0.0000	0.0000	0.0000	0.0000	0.0000	0.0000	0.0000	0.0000	0.0000	0.0000	0.0000	0.0000	0.0000	0.0008	0.0000	0.0022	0.0009	0.0000	0.0112	0.0007	0.0000	0.0014	7220.9697	0.0000	0.0000	0.9989	3.7876	0.9778	7.8440	0.0000	0.0000	0.0000	0.0000	0.0000	0.0000	0.0000	0.0000	0.0000	0.0000	0.0000	0.0000	0.0000	0.0000	0.0000	0.0000	0.0000	0.0000	0.0286	0.0250	0.0036	0.0059	0.0056	0.0003	0.0227	0.0195	0.0033	0.0305	0.0195	0.0110	0.0106	0.0097	0.0009	0.0199	0.0098	0.0101	0.0000	0.0000	0.0000	0.0000	0.0000	0.0000	0.0000	0.0000	0.0000	0.0008	0.0000	0.0022	0.0009	0.0000	0.0112	0.0007	0.0000	0.0014		
2	91	0.0812	7	0	1	0	2	0	0	0	0	N	N	N	Y	N	N	N	N	N	N	N	N	0.0000	0.0000	0.0000	0.0000	0.0000	0.0000	0.0000	0.0000	0.0000	0.0000	0.0000	0.0000	0.0000	0.0000	0.0000	0.0000	0.0000	0.0031	0.0052	0.0000	0.0035	0.0038	0.0000	0.0030	0.0061	0.0000	0.0049	0.0000	-0.0001	0.9989	1.8247	0.9778	16.3284	0.0000	0.0000	0.0000	0.0000	0.0000	0.0000	0.0000	0.0000	0.0000	0.0002	0.0002	0.0000	0.0000	0.0000	0.0000	0.0001	0.0001	0.0000	0.0174	0.0153	0.0021	0.0037	0.0036	0.0001	0.0137	0.0117	0.0020	0.0490	0.0296	0.0194	0.0129	0.0119	0.0009	0.0361	0.0177	0.0184	0.0000	0.0000	0.0000	0.0000	0.0000	0.0000	0.0000	0.0000	0.0000	0.0031	0.0052	0.0000	0.0035	0.0038	0.0000	0.0030	0.0061	0.0000		
2	92	0.0917	8	0	1	0	1	0	0	0	0	N	N	N	N	N	N	N	N	N	N	N	N	0.0003	22604.4588	0.0000	5.1590	138666.1069	0.0000	0.0000	0.0000	0.0000	0.0045	0.0052	0.0000	0.0331	0.0347	0.0000	0.0000	0.0000	0.0000	15.7356	0.0000	80.2460	0.0064	0.0000	0.0813	21.1960	0.0000	80.6741	0.0000	113425990.7758	-0.0001	0.4355	0.9989	9.1310	0.9778	16.1726	0.0003	0.0003	0.0000	0.0003	0.0003	0.0000	0.0000	0.0000	0.0000	0.9528	0.0000	0.9528	0.0001	0.0000	0.0001	0.9527	0.0000	0.9527	0.0668	0.0581	0.0087	0.0091	0.0086	0.0004	0.0578	0.0495	0.0083	0.0605	0.0368	0.0238	0.0156	0.0144	0.0012	0.0449	0.0224	0.0225	0.0003	22604.4588	0.0000	5.1590	138666.1069	0.0000	0.0000	0.0000	0.0000	15.7356	0.0000	40.0797	0.0064	0.0000	0.0813	21.1960	0.0000	42.2602
2	93	0.0433	4	0	1	0	1	0	0	0	0	N	N	N	N	N	N	N	N	N	N	N	N	0.0346	0.0067	0.2441	0.0338	0.0321	0.0000	0.0682	0.2366	0.0000	0.0000	0.0002	0.0001	0.0001	0.0000	0.0000	0.0000	0.0002	0.0010	0.0011	0.0008	0.0026	0.0029	0.0001	0.0004	0.0000	0.0009	4.4429	0.5058	0.0000	-0.0000	0.9989	4.0959	0.9778	8.7137	0.0000	0.0000	0.0000	0.0000	0.0000	0.0000	0.0000	0.0000	0.0000	0.0000	0.0000	0.0000	0.0000	0.0000	0.0000	0.0000	0.0000	0.0000	0.0317	0.0273	0.0044	0.0023	0.0022	0.0001	0.0294	0.0251	0.0043	0.0438	0.0262	0.0176	0.0110	0.0101	0.0009	0.0328	0.0162	0.0167	0.0346	0.0067	0.2441	0.0338	0.0321	0.0000	0.0682	0.0000	0.2366	0.0010	0.0011	0.0008	0.0026	0.0029	0.0001	0.0004	0.0000	0.0009	
2	94	0.0250	3	0	1	0	1	0	0	0	0	N	N	N	N	N	N	N	N	N	N	N	N	0.6764	0.7722	0.1445	4.1112	4.0204	0.0000	0.0280	0.0000	0.1436	0.0010	0.0012	0.0002	0.0123	0.0125	0.0000	0.0000	0.0000	0.0002	0.0015	0.0015	0.0015	0.0030	0.0031	0.0001	0.0012	0.0008	0.0016	0.0314	0.7830	-0.0000	-0.0000	0.9989	2.9443	0.9778	6.1524	0.0000	0.0000	0.0000	0.0000	0.0000	0.0000	0.0000	0.0000	0.0000	0.0000	0.0000	0.0000	0.0000	0.0000	0.0000	0.0000	0.0000	0.0000	0.0245	0.0211	0.0034	0.0020	0.0020	0.0000	0.0225	0.0191	0.0034	0.0281	0.0159	0.0121	0.0048	0.0046	0.0002	0.0233	0.0113	0.0120	0.6764	0.7722	0.1445	4.1112	4.0204	0.0000	0.0280	0.0000	0.1436	0.0015	0.0015	0.0015	0.0030	0.0031	0.0001	0.0012	0.0008	0.0016
2	98	0.1704	17	0	1	0	1	0	0	0	0	N	N	N	N	N	N	N	N	N	N	N	N	0.0000	0.0000	0.0000	0.0000	0.0000	0.0000	0.0000	0.0000	0.0000	0.0000	0.0000	0.0000	0.0000	0.0000	0.0000	0.0000	0.0000	0.1810	0.2828	0.0008	0.5256	0.5734	0.0094	0.0000	0.0000	0.0000	0.0015	0.0000	-0.0034	0.9989	1.3608	0.9778	12.1483	0.0000	0.0000	0.0000	0.0000	0.0000	0.0000	0.0000	0.0000	0.0000	0.0063	0.0063	0.0000	0.0063	0.0063	0.0000	0.0000	0.0000	0.0000	0.0119	0.0105	0.0014	0.0035	0.0033	0.0002	0.0084	0.0072	0.0012	0.0346	0.0221	0.0125	0.0119	0.0109	0.0010	0.0227	0.0112	0.0115	0.0000	0.0000	0.0000	0.0000	0.0000	0.0000	0.0000	0.0000	0.0000	0.1810	0.2828	0.0008	0.5256	0.5734	0.0094	0.0000	0.0000	0.0000		
2	99	0.1667	16	0	0	0	1	0	0	0	0	N	N	N	N	N	N	N	N	N	N	N	N	0.0000	0.0000	0.0000	0.0000	0.0000	0.0000	0.0000	0.0000	0.0000	0.0000	0.0000	0.0000	0.0000	0.0000	0.0000	0.0000	0.0000	0.0000	0.0047	0.0050	0.0040	0.0090	0.0096	0.0000	0.0022	0.0000	0.0043	0.4159	0.0000	-0.0000	0.9989	1.5300	0.9778	0.7696	0.0000	0.0000	0.0000	0.0000	0.0000	0.0000	0.0000	0.0000	0.0000	0.0000	0.0000	0.0000	0.0000	0.0000	0.0000	0.0000	0.0000	0.0000	0.0133	0.0116	0.0018	0.0031	0.0029	0.0002	0.0102	0.0087	0.0015	0.0072	0.0047	0.0025	0.0027	0.0025	0.0002	0.0046	0.0023	0.0023	0.0000	0.0000	0.0000	0.0000	0.0000	0.0000	0.0000	0.0000	0.0000	0.0047	0.0050	0.0040	0.0090	0.0096	0.0000	0.0022	0.0000	0.0043	
2	100	0.1579	15	0	0	0	1	0	0	0	0	N	N	N	N	N	N	N	N	N	N	N	N	0.0075	0.3916	0.0000	0.3286	1.2171	0.0000	0.0000	0.0000	0.0004	0.0004	0.0000	0.0025	0.0026	0.0000	0.0000	0.0000	0.0000	0.0507	0.0011	0.1390	0.0075	0.0021	0.0582	0.0762	0.0000	0.1478	0.0000	70.2778	-0.0000	0.0003	0.9989	3.6906	0.9778	1.4800	0.0000	0.0000	0.0000	0.0000	0.0000	0.0000	0.0000	0.0000	0.0000	0.0007	0.0000	0.0007	0.0000	0.0000	0.0000	0.0007	0.0000	0.0007	0.0263	0.0229	0.0034	0.0041	0.0039	0.0002	0.0223	0.0191	0.0032	0.0139	0.0089	0.0050	0.0052	0.0047	0.0005	0.0088	0.0042	0.0045	0.0075	0.3916	0.0000	0.3286	1.2171	0.0000	0.0000	0.0000	0.0000	0.0507	0.0011	0.1390	0.0075	0.0021	0.0582	0.0762	0.0000	0.1478	
2	101	0.1579	14	0	0	0	1	0	0	0	0	N	N	N	N	N	N	N	N	N	N	N	N	0.0182	0.0267	0.0000	0.0242	0.0232	0.0000	0.0156	89.7152	0.0000	0.0110	0.0122	0.0000	0.0176	0.0179	0.0000	0.0080	0.0093	0.0000	0.6061	0.4581	0.8900	0.7295	0.7687	0.3849	0.5132	0.0001	0.9603	0.0000	1.0135	-0.0000	-0.0001	0.9989	0.1361	0.9778	0.4500	0.0000	0.0000	0.0000	0.0000	0.0000	0.0000	0.0000	0.0000	0.0000	0.0014	0.0007	0.0007	0.0007	0.0007	0.0000	0.0007	0.0000	0.0007	0.0018	0.0016	0.0002	0.0006	0.0006	0.0000	0.0012	0.0011	0.0002	0.0023	0.0015	0.0008	0.0010	0.0009	0.0001	0.0013	0.0006	0.0007	0.0182	0.0267	0.0000	0.0242	0.0232	0.0000	0.0156	89.7152	0.0000	0.6061	0.4581	0.8900	0.7295	0.7687	0.3261	0.5132	0.0001	0.9603
2	102	0.1420	13	0	0	0	1	0	0	0	0	N	N	N	N	N	N	N	N	N	N	N	N	0.0027	40.0129	0.0000	11.4431	306.0587	0.0000	0.0000	0.1325	0.0000	0.0942	0.1076	0.0000	0.5181	0.5400	0.0000	0.0004	0.0005	0.0000	34.4024	0.0027	191.8936	0.0453	0.0018	0.9114	54.1513	0.0039	211.6529	0.0000	21019.2216	-0.0010	0.4256	0.9989	3.5591	0.9778	4.5341	0.0026	0.0026	0.0000	0.0026	0.0026	0.0000	0.0000	0.0000	0.0000	0.9314	0.0000	0.9313	0.0004	0.0000	0.0004	0.9309	0.0000	0.9309	0.0277	0.0242	0.0034	0.0050	0.0048	0.0002	0.0227	0.0194	0.0032	0.0271	0.0165	0.0106	0.0099	0.0093	0.0006	0.0172	0.0072	0.0100	0.0027	40.0129	0.0000	11.4431	306.0587	0.0000	0.0000	0.1325	0.0000	34.4024	0.0027	87.9558	0.0453	0.0018	0.6825	54.1513	0.0039	93.4924
2	103	0.1203	12	0	0	0	1	0	0	0	0	N	N	N	N	N	N	N	N	N	N	N	N	0.1156	4.1809	0.0000	0.1039	0.1007	0.0000	0.0940	4.3537	0.0000	0.1039	0.1189	0.0000	0.0023	0.0023	0.0000	0.1256	0.1473	0.0000	0.8983	0.0284	2.3221	0.0217	0.0230	0.0044	1.3361	0.0338	2.4760	0.0000	49.8876	-0.0010	0.0124	0.9989	2.8937	0.9778	8.0733	0.0026	0.0026	0.0000	0.0000	0.0000	0.0000	0.0026	0.0026	0.0000	0.0284	0.0006	0.0279	0.0002	0.0002	0.0000	0.0282	0.0003	0.0279	0.0251	0.0219	0.0032	0.0044	0.0043	0.0001	0.0207	0.0176	0.0030	0.0317	0.0197	0.0120	0.0105	0.0098	0.0007	0.0211	0.0099	0.0113	0.1156	4.1809	0.0000	0.1039	0.1007	0.0000	0.0940	4.3537	0.0000	0.8983	0.0284	2.3221	0.0217	0.0230	0.0044	1.3361	0.0338	2.4760
2	104	0.1151	8	0	1	0	1	0	0	0	0	N	N	N	N	N	N	N	N	N	N	N	N	34.2817	133.9108	0.0000	157.6779	152.9115	0.0000	0.0000	0.0000	0.0032	0.0038	0.0000	0.0085	0.0086	0.0000	0.0000	0.0000	0.0000	0.0001	0.0000	0.0003	0.0001	0.0001	0.0000	0.0001	0.0000	0.0003	0.0000	3.3425	-0.0000	0.0000	0.9989	0.0277	0.9778	1.3445	0.0000	0.0000	0.0000	0.0000	0.0000	0.0000	0.0000	0.0000	0.0000	0.0000	0.0000	0.0000	0.0000	0.0000	0.0000	0.0000	0.0000	0.0000	0.0005	0.0004	0.0001	0.0002	0.0002	0.0000	0.0003	0.0002	0.0001	0.0076	0.0058	0.0018	0.0030	0.0029	0.0001	0.0045	0.0029	0.0016	34.2817	133.9108	0.0000	157.6779	152.9115	0.0000	0.0000	0.0000	0.0000	0.0001	0.0000	0.0003	0.0001	0.0001	0.0000	0.0001	0.0000	0.0003	
2	105	0.0684	7	0	1	0	1	0	0	0	0	N	N	N	N	N	N	N	N	N	N	N	N	187.8104	132.1422	28.0113	250.6984	249.5569	0.0000	8.7701	0.0797	39.4153	0.0716	0.0822	0.0003	0.4217	0.4418	0.0000	0.0000	0.0000	0.0003	0.0004	0.0006	0.0000	0.0017	0.0018	0.0001	0.0000	0.0000	0.0000	0.0006	0.0115	-0.0010	-0.0000	0.9989	5.1414	0.9778	16.4151	0.0027	0.0027	0.0000	0.0027	0.0027	0.0000	0.0000	0.0000	0.0000	0.0000	0.0000	0.0000	0.0000	0.0000	0.0000	0.0000	0.0000	0.0000	0.0382	0.0333	0.0050	0.0065	0.0062	0.0003	0.0317	0.0271	0.0047	0.0542	0.0328	0.0214	0.0121	0.0115	0.0006	0.0420	0.0213	0.0207	187.8104	132.1422	28.0113	250.6984	249.5569	0.0000	8.7701	0.0797	39.4153	0.0004	0.0006	0.0000	0.0017	0.0018	0.0001	0.0000	0.0000	0.0000
2	106	0.0602	6	0	0	0	1	0	0	0	0	N	N	N	N	N	N	N	N	N	N	N	N	81.8718	106.6112	0.0224	13.6504	13.8701	0.0000	78.1193	93.6287	0.0230	0.0947	0.1093	0.0000	0.0078	0.0082	0.0000	0.1078	0.1263	0.0000	0.0012	0.0010	0.0014	0.0006	0.0006	0.0000	0.0014	0.0013	0.0014	0.0000	0.8045	-0.0011	-0.0000	0.9989	3.8974	0.9778	1.6364	0.0028	0.0028	0.0000	0.0000	0.0000	0.0000	0.0027	0.0027	0.0000	0.0000	0.0000	0.0000	0.0000	0.0000	0.0000	0.0000	0.0000	0.0000	0.0291	0.0252	0.0039	0.0038	0.0036	0.0002	0.0253	0.0216	0.0037	0.0199	0.0124	0.0074	0.0055	0.0053	0.0002	0.0144	0.0071	0.0073	81.8718	106.6112	0.0224	13.6504	13.8701	0.0000	78.1193	93.6287	0.0230	0.0012	0.0010	0.0014	0.0006	0.0006	0.0000	0.0014	0.0013	0.0014
2	109	0.1506	13	1	1	0	2	0	0	0	0	N	N	N	Y	N	N	N	N	N	N	N	N	0.0000	0.0000	0.0000	0.0000	0.0000	0.0000	0.0000	0.0000	0.0000	0.0000	0.0000	0.0000	0.0000	0.0000	0.0000	0.0000	0.0000	0.0000	0.0000	0.0000	0.9989	0.0000	0.9778	0.0000	0.0000	0.0000	0.0000	0.0000	0.0000	0.0000	0.0000	0.0000	0.0000	0.0000	0.0000	0.0000	0.0000	0.0000	0.0000	0.0000	0.0000	0.0000	0.0000	0.0000	0.0000	0.0000	0.0000	0.0000	0.0000	0.0000	0.0000	0.0000	0.0000	0.0000	0.0000	0.0000	0.0000	0.0000	0.0000	0.0000	0.0000	0.0000	0.0000	0.0000	0.0000	0.0000	0.0000	0.0000	0.0000	0.0000	0.0000	0.0000	0.0000	0.0000	0.0000	0.0000	0.0000	0.0000											
2	110	0.1357	12	1	1	0	2	0	0	0	0	N	N	N	Y	N	N	N	N	N	N	N	N	0.0000	0.0000	0.0000	0.0000	0.0000	0.0000	0.0000	0.0000	0.0000	0.0000	0.0000	0.0000	0.0000	0.0000	0.0000	0.0000	0.0000	0.0000	0.0000	0.0000	0.9989	0.0000	0.9778	7.1240	0.0000	0.0000	0.0000	0.0000	0.0000	0.0000	0.0000	0.0000	0.0000	0.0000	0.0000	0.0000	0.0000	0.0000	0.0000	0.0000	0.0000	0.0000	0.0000	0.0000	0.0000	0.0000	0.0000	0.0000	0.0000	0.0000	0.0000	0.0197	0.0126	0.0071	0.0072	0.0065	0.0007	0.0125	0.0060	0.0064	0.0000	0.0000	0.0000	0.0000	0.0000	0.0000	0.0000	0.0000	0.0000	0.0000	0.0000	0.0000	0.0000	0.0000	0.0000	0.0000	0.0000	0.0000											
2	111	0.1446	14	0	1	0	2	0	0	0	0	N	N	N	Y	N	N	N	N	N	N	N	N	0.0000	0.0000	0.0000	0.0000	0.0000	0.0000	0.0000	0.0000	0.0000	0.0000	0.0000	0.0000	0.0000	0.0000	0.0000	0.0000	0.0000	0.0000	0.0000	0.0000	0.9989	0.0016	0.9778	5.0076	0.0000	0.0000	0.0000	0.0000	0.0000	0.0000	0.0000	0.0000	0.0000	0.0000	0.0000	0.0000	0.0000	0.0000	0.0000	0.0000	0.0000	0.0000	0.0000	0.0000	0.0000	0.0000	0.0000	0.0000	0.0000	0.0000	0.0000	0.0135	0.0087	0.0048	0.0054	0.0047	0.0007	0.0081	0.0040	0.0041	0.0000	0.0000	0.0000	0.0000	0.0000	0.0000	0.0000	0.0000	0.0000	0.0000	0.0000	0.0000	0.0000	0.0000	0.0000	0.0000	0.0000	0.0000											
2	112	0.1378	13	0	1	0	2	0	0	0	0	N	N	N	Y	N	N	N	N	N	N	N	N	0.0000	0.0000	0.0000	0.0000	0.0000	0.0000	0.0000	0.0000	0.0000	0.0000	0.0000	0.0000	0.0000	0.0000	0.0000	0.0000	0.0000	0.0000	0.0000	-0.0000	0.9989	1.0012	0.9778	2.1373	0.0000	0.0000	0.0000	0.0000	0.0000	0.0000	0.0000	0.0000	0.0000	0.0000	0.0000	0.0000	0.0000	0.0000	0.0000	0.0000	0.0000	0.0000	0.0070	0.0060	0.0009	0.0009	0.0008	0.0001	0.0061	0.0052	0.0009	0.0095	0.0061	0.0034	0.0038	0.0034	0.0004	0.0058	0.0027	0.0031	0.0000	0.0000	0.0000	0.0000	0.0000	0.0000	0.0000	0.0000	0.0000	0.0000	0.0000	0.0000	0.0000	0.0000	0.0000	0.0000	0.0000	0.0000											
2	113	0.1461	13	0	1	0	1	0	0	0	0	N	N	N	N	N	N	N	N	N	N	N	N	21.0689	15.8899	39.3464	37.2101	0.0000	0.0000	0.0000	0.0001	0.0001	0.0000	0.0000	0.0000	0.0000	0.0000	0.0000	0.0000	0.0000	0.0000	0.0000	0.0000	0.0000	0.0000	0.0000	0.0204	-0.0000	-0.0000	0.9989	0.9705	0.9778	5.0371	0.0000	0.0000	0.0000	0.0000	0.0000	0.0000	0.0000	0.0000	0.0000	0.0000	0.0000	0.0000	0.0000	0.0000	0.0000	0.0000	0.0000	0.0000	0.0080	0.0070	0.0010	0.0016	0.0015	0.0001	0.0063	0.0054	0.0009	0.0164	0.0106	0.0058	0.0061	0.0055	0.0006	0.0103	0.0051	0.0052	21.0689	15.8899	0.0000	39.3464	37.2101	0.0000	0.0000	0.0000	0.0000	0.0000	0.0000	0.0000	0.0000	0.0000	0.0000	0.0000	0.0000	0.0000					
2	114	0.1378	13	0	0	1	2	0	0	0	0	N	N	N	Y	N	N	N	N	N	N	N	N	0.0000	0.0000	0.0000	0.0000	0.0000	0.0000	0.0000	0.0000	0.0000	0.0000	0.0000	0.0000	0.0000	0.0000	0.0000	0.0000	0.0000	0.0000	0.0000	0.0000	0.9989	0.0000	0.9778	1.1303	0.0000	0.0000	0.0000	0.0000	0.0000	0.0000	0.0000	0.0000	0.0000	0.0000	0.0000	0.0000	0.0000	0.0000	0.0000	0.0000	0.0000	0.0000	0.0000	0.0000	0.0000	0.0000	0.0000	0.0000	0.0000	0.0000	0.0000	0.0042	0.0027	0.0015	0.0017	0.0016	0.0001	0.0024	0.0011	0.0014	0.0000	0.0000	0.0000	0.0000	0.0000	0.0000	0.0000	0.0000	0.0000	0.0000	0.0000	0.0000	0.0000	0.0000	0.0000	0.0000	0.0000	0.0000											
2	115	0.1357	12	0	0	0	2	0	0	0	0	N	N	N	Y	N	N	N	N	N	N	N	N	0.0000	0.0000	0.0000	0.0000	0.0000	0.0000	0.0000	0.0000	0.0000	0.0000	0.0000	0.0000	0.0000	0.0000	0.0000	0.0000	0.0000	0.0000	0.0000	0.0000	0.9989	0.0000	0.9778	1.2340	0.0000	0.0000	0.0000	0.0000	0.0000	0.0000	0.0000	0.0000	0.0000	0.0000	0.0000	0.0000	0.0000	0.0000	0.0000	0.0000	0.0000	0.0000	0.0000	0.0000	0.0000	0.0000	0.0000	0.0000	0.0000	0.0000	0.0000	0.0045	0.0029	0.0016	0.0018	0.0017	0.0001	0.0027	0.0012	0.0015	0.0000	0.0000	0.0000	0.0000	0.0000	0.0000	0.0000	0.0000	0.0000	0.0000	0.0000	0.0000	0.0000	0.0000	0.0000	0.0000	0.0000	0.0000											
2	116	0.1432	13	0	0	1	2	0	0	0	0	N	N	N	Y	N	N	N	N	N	N	N	N	0.0000	0.0000	0.0000	0.0000	inf	inf	0.0000	0.0000	0.0000	0.0000	0.0000	0.0000	0.0000	0.0000	0.0000	1.0084	1.5716	0.0000	2.5598	2.8060	0.0000	0.0000	0.0000	0.0000	0.0000	0.0000	-0.0000	-0.0033	0.9989	0.9725	0.9778	0.9874	0.0000	0.0000	0.0000	0.0000	0.0000	0.0000	0.0000	0.0000	0.0000	0.0061	0.0061	0.0000	0.0061	0.0061	0.0000	0.0000	0.0000	0.0000	0.0075	0.0065	0.0009	0.0013	0.0013	0.0001	0.0061	0.0053	0.0009	0.0061	0.0039	0.0022	0.0024	0.0022	0.0002	0.0037	0.0017	0.0020	0.0000	0.0000	0.0000	0.0000	0.0000	0.0000	inf	inf	0.0000	1.0084	1.5716	0.0000	2.5598	2.8060	0.0000	0.0000	0.0000	0.0000			
2	117	0.1432	13	0	0	1	2	0	0	0	0	N	N	N	Y	N	N	N	N	N	N	N	N	0.0009	inf	0.0000	0.0000	0.0000	0.0010	inf	0.0000	0.0000	0.0000	0.0000	0.0000	0.0000	0.0000	0.0000	0.0000	0.0000	0.0122	0.0000	0.0340	0.0001	0.0000	0.0013	0.0197	0.0000	0.0378	0.0000	inf	-0.0000	0.0001	0.9989	0.0285	0.9778	4.0215	0.0000	0.0000	0.0000	0.0000	0.0000	0.0000	0.0000	0.0000	0.0000	0.0001	0.0000	0.0001	0.0000	0.0000	0.0000	0.0001	0.0000	0.0001	0.0008	0.0007	0.0001	0.0003	0.0003	0.0000	0.0005	0.0004	0.0001	0.0115	0.0074	0.0041	0.0044	0.0040	0.0004	0.0071	0.0034	0.0037	0.0009	inf	0.0000	0.0000	0.0000	0.0000	0.0010	inf	0.0000	0.0122	0.0000	0.0340	0.0001	0.0000	0.0013	0.0197	0.0000	0.0378	
2	118	0.1357	12	0	0	1	2	0	0	0	0	N	N	N	Y	N	N	N	N	N	N	N	N	0.1517	0.1117	0.0000	0.0000	inf	inf	0.0014	0.0017	0.0000	0.0000	0.0000	0.0000	0.0017	0.0019	0.0000	0.0095	0.0149	0.0000	0.0256	0.0283	0.0000	0.0000	0.0000	0.0000	0.0000	0.0000	-0.0000	-0.0001	0.9989	3.0275	0.9778	2.1573	0.0000	0.0000	0.0000	0.0000	0.0000	0.0000	0.0000	0.0000	0.0000	0.0001	0.0001	0.0000	0.0001	0.0001	0.0000	0.0000	0.0000	0.0000	0.0208	0.0180	0.0028	0.0026	0.0025	0.0002	0.0182	0.0156	0.0026	0.0148	0.0094	0.0053	0.0055	0.0050	0.0005	0.0093	0.0045	0.0048	0.1517	0.1117	0.0000	0.0000	0.0000	0.0000	inf	inf	0.0000	0.0095	0.0149	0.0000	0.0256	0.0283	0.0000	0.0000	0.0000	0.0000			
2	119	0.1769	12	1	1	0	1	0	0	0	0	N	N	N	N	N	N	N	N	N	N	N	N	0.0000	0.0000	0.0000	0.0000	0.0000	0.0000	0.0000	0.0000	0.0000	0.0000	0.0000	0.0000	0.0000	0.0000	0.0000	0.0000	0.0000	0.0000	0.0000	0.0000	0.0000	0.0000	0.0000	0.0000	0.0000	3.5758	-0.0000	0.0000	0.9989	2.1883	0.9778	3.1271	0.0000	0.0000	0.0000	0.0000	0.0000	0.0000	0.0000	0.0000	0.0000	0.0000	0.0000	0.0000	0.0000	0.0000	0.0000	0.0000	0.0000	0.0000	0.0186	0.0165	0.0021	0.0038	0.0037	0.0001	0.0148	0.0128	0.0020	0.0156	0.0098	0.0057	0.0051	0.0047	0.0004	0.0105	0.0051	0.0054	0.0000	0.0000	0.0000	0.0000	0.0000	0.0000	0.0000	0.0000	0.0000	0.0000	0.0000	0.0000	0.0000	0.0000	0.0000	0.0000	0.0000	0.0000			
2	120	0.1100	11	1	1	0	1	0	0	0	0	N	N	N	N	N	N	N	N	N	N	N	N	1.4568	1.0444	0.0000	0.9333	0.8995	221.0899	7655.0554	0.0000	0.0004	0.0005	0.0000	0.0008	0.0009	0.0000	0.0003	0.0004	0.0000	0.0003	0.0004	0.0000	0.0009	0.0010	0.0000	0.0000	0.0000	0.0000	0.0000	0.0038	-0.0000	-0.0000	0.9989	13.6104	0.9778	16.0982	0.0000	0.0000	0.0000	0.0000	0.0000	0.0000	0.0000	0.0000	0.0000	0.0000	0.0000	0.0000	0.0000	0.0000	0.0000	0.0000	0.0000	0.0000	0.0995	0.0867	0.0128	0.0122	0.0116	0.0005	0.0873	0.0750	0.0123	0.0744	0.0463	0.0281	0.0232	0.0214	0.0018	0.0512	0.0249	0.0263	1.4568	1.0444	0.0000	0.9333	0.8995	0.0000	221.0899	7655.0554	0.0000	0.0003	0.0004	0.0000	0.0009	0.0010	0.0000	0.0000	0.0000	0.0000	
2	121	0.1352	13	0	1	0	1	0	0	0	0	N	N	N	N	N	N	N	N	N	N	N	N	0.0775	0.0562	0.0000	0.0903	0.0799	0.0000	0.0000	0.0000	0.0012	0.0013	0.0000	0.0029	0.0030	0.0000	0.0000	0.0000	0.0000	0.0150	0.0229	0.0000	0.0325	0.0371	0.0000	0.0000	0.0000	0.0000	0.0000	0.0000	-0.0000	-0.0002	0.9989	0.3548	0.9778	4.6068	0.0000	0.0000	0.0000	0.0000	0.0000	0.0000	0.0000	0.0000	0.0000	0.0004	0.0004	0.0000	0.0004	0.0004	0.0000	0.0000	0.0000	0.0000	0.0086	0.0078	0.0008	0.0034	0.0034	0.0000	0.0052	0.0044	0.0008	0.0268	0.0175	0.0092	0.0124	0.0108	0.0015	0.0144	0.0067	0.0077	0.0775	0.0562	0.0000	0.0903	0.0799	0.0000	0.0000	0.0000	0.0000	0.0150	0.0229	0.0000	0.0325	0.0371	0.0000	0.0000	0.0000	0.0000	
2	122	0.1203	12	0	1	0	1	0	0	0	0	N	N	N	N	N	N	N	N	N	N	N	N	0.0039	0.0028	0.0000	0.0033	0.0031	0.0000	0.0293	0.0369	0.0000	0.0012	0.0013	0.0000	0.0027	0.0028	0.0000	0.0008	0.0009	0.0000	0.3019	0.4720	0.0256	0.8343	0.8941	0.0001	0.0258	0.0241	0.0272	0.0000	0.0334	-0.0000	-0.0035	0.9989	1.6911	0.9778	5.7022	0.0000	0.0000	0.0000	0.0000	0.0000	0.0000	0.0000	0.0000	0.0000	0.0068	0.0066	0.0002	0.0065	0.0065	0.0000	0.0004	0.0002	0.0002	0.0169	0.0148	0.0020	0.0037	0.0036	0.0001	0.0132	0.0112	0.0020	0.0227	0.0140	0.0086	0.0077	0.0072	0.0005	0.0149	0.0068	0.0081	0.0039	0.0028	0.0000	0.0033	0.0031	0.0000	0.0293	0.0369	0.0000	0.3019	0.4720	0.0256	0.8343	0.8941	0.0001	0.0258	0.0241	0.0272
2	123	0.1100	11	0	0	0	1	0	0	0	0	N	N	N	N	N	N	N	N	N	N	N	N	0.0184	0.0458	0.0000	0.0000	0.0000	0.0000	0.0217	0.3235	0.0000	0.0004	0.0005	0.0000	0.0000	0.0000	0.0000	0.0005	0.0006	0.0000	0.0220	0.0099	0.0414	0.0162	0.0173	0.0001	0.0250	0.0019	0.0438	0.0000	2.6141	-0.0000	0.0001	0.9989	2.0929	0.9778	3.1856	0.0000	0.0000	0.0000	0.0000	0.0000	0.0000	0.0000	0.0000	0.0000	0.0004	0.0001	0.0003	0.0001	0.0001	0.0000	0.0003	0.0000	0.0003	0.0246	0.0220	0.0026	0.0062	0.0061	0.0001	0.0184	0.0159	0.0025	0.0168	0.0103	0.0064	0.0057	0.0053	0.0004	0.0111	0.0050	0.0061	0.0184	0.0458	0.0000	0.0000	0.0000	0.0000	0.0217	0.3235	0.0000	0.0220	0.0099	0.0414	0.0162	0.0173	0.0001	0.0250	0.0019	0.0438
2	124	0.1507	14	1	1	0	1	0	0	0	0	N	N	N	N	N	N	N	N	N	N	N	N	0.0000	0.0000	0.0000	0.0000	0.0000	0.0000	0.0000	0.0000	0.0000	0.0000	0.0000	0.0000	0.0000	0.0000	0.0000	0.0000	0.0000	0.0000	0.0000	0.0000	0.9989	0.0000	0.9778	0.0000	0.0000	0.0000	0.0000	0.0000	0.0000	0.0000	0.0000	0.0000	0.0000	0.0000	0.0000	0.0000	0.0000	0.0000	0.0000	0.0000	0.0000	0.0000	0.0000	0.0000	0.0000	0.0000	0.0000	0.0000	0.0000	0.0000	0.0000	0.0000	0.0000	0.0000	0.0000	0.0000	0.0000	0.0000	0.0000	0.0000	0.0000	0.0000	0.0000	0.0000	0.0000	0.0000	0.0000	0.0000	0.0000	0.0000	0.0000	0.0000	0.0000	0.0000	0.0000	0.0000	0.0000	0.0000											
2	125	0.1461	13	1	1	0	1	0	0	0	0	N	N	N	N	N	N	N	N	N	N	N	N	29.4128	21.8896	29.2073	27.6342	0.0001	0.0001	0.0000	0.0002	0.0002	0.0000	0.0000	0.0000	0.0000	0.0000	0.0000	0.0000	0.0000	0.0000	0.0000	0.0000	0.0000	0.0000	0.0000	0.0204	-0.0000	-0.0000	0.9989	0.1434	0.9778	1.9839	0.0000	0.0000	0.0000	0.0000	0.0000	0.0000	0.0000	0.0000	0.0000	0.0000	0.0000	0.0000	0.0000	0.0000	0.0000	0.0000	0.0000	0.0000	0.0022	0.0020	0.0002	0.0009	0.0008	0.0000	0.0013	0.0011	0.0002	0.0064	0.0042	0.0022	0.0025	0.0022	0.0002	0.0039	0.0019	0.0020	29.4128	21.8896	0.0000	29.2073	27.6342	0.0000	0.0000	0.0000	0.0000	0.0000	0.0000	0.0000	0.0000	0.0000	0.0000	0.0000	0.0000	0.0000					
2	126	0.1357	12	0	1	0	1	0	0	0	0	N	N	N	N	N	N	N	N	N	N	N	N	21134.3253	inf	0.0000	inf	inf	0.0000	0.0000	0.0230	0.0265	0.0000	0.1810	0.1922	0.0000	0.0000	0.0000	0.0000	0.0000	0.0000	0.0000	0.0000	0.0000	0.0000	0.0000	0.0000	0.0000	0.0000	inf	-0.0001	0.0000	0.9989	1.8882	0.9778	2.9115	0.0003	0.0003	0.0000	0.0003	0.0003	0.0000	0.0000	0.0000	0.0000	0.0000	0.0000	0.0000	0.0000	0.0000	0.0000	0.0000	0.0000	0.0000	0.0131	0.0113	0.0017	0.0017	0.0016	0.0001	0.0114	0.0098	0.0016	0.0138	0.0088	0.0050	0.0051	0.0047	0.0005	0.0087	0.0042	0.0045	21134.3253	inf	0.0000	inf	inf	0.0000	0.0000	0.0000	0.0000	0.0000	0.0000	0.0000	0.0000	0.0000	0.0000	0.0000	0.0000	0.0000		
2	127	0.1100	11	0	0	0	1	0	0	0	0	N	N	N	N	N	N	N	N	N	N	N	N	0.0000	0.0000	0.0000	0.0000	0.0000	0.0000	0.0000	0.0000	0.0000	0.0000	0.0000	0.0000	0.0000	0.0000	0.0000	0.0000	0.0006	0.0010	0.0000	0.0019	0.0020	0.0000	0.0000	0.0000	0.0000	0.0035	0.0000	-0.0000	0.9989	3.5543	0.9778	9.0319	0.0000	0.0000	0.0000	0.0000	0.0000	0.0000	0.0000	0.0000	0.0000	0.0000	0.0000	0.0000	0.0000	0.0000	0.0000	0.0000	0.0000	0.0000	0.0346	0.0306	0.0040	0.0070	0.0069	0.0002	0.0276	0.0238	0.0038	0.0353	0.0219	0.0134	0.0114	0.0106	0.0008	0.0239	0.0113	0.0126	0.0000	0.0000	0.0000	0.0000	0.0000	0.0000	0.0000	0.0000	0.0000	0.0006	0.0010	0.0000	0.0019	0.0020	0.0000	0.0000	0.0000	0.0000			
2	128	0.1063	10	0	0	0	1	0	0	0	0	N	N	N	N	N	N	N	N	N	N	N	N	0.0000	0.0000	0.0000	0.0000	0.0000	0.0000	0.0000	0.0000	0.0000	0.0000	0.0000	0.0000	0.0000	0.0000	0.0000	0.0000	0.0000	0.0113	0.0163	0.0036	0.0269	0.0279	0.0000	0.0022	0.0000	0.0037	0.1426	0.0000	-0.0001	0.9989	2.6246	0.9778	0.7212	0.0000	0.0000	0.0000	0.0000	0.0000	0.0000	0.0000	0.0000	0.0000	0.0002	0.0001	0.0000	0.0001	0.0001	0.0000	0.0000	0.0000	0.0000	0.0248	0.0218	0.0030	0.0048	0.0047	0.0001	0.0200	0.0171	0.0029	0.0146	0.0089	0.0057	0.0054	0.0052	0.0002	0.0092	0.0037	0.0055	0.0000	0.0000	0.0000	0.0000	0.0000	0.0000	0.0000	0.0000	0.0000	0.0113	0.0163	0.0036	0.0269	0.0279	0.0000	0.0022	0.0000	0.0037		
2	129	0.1005	9	0	0	0	1	0	0	0	0	N	N	N	N	N	N	N	N	N	N	N	N	0.0000	0.0000	0.0000	0.0000	0.0000	0.0000	0.0000	0.0000	0.0000	0.0000	0.0000	0.0000	0.0000	0.0000	0.0000	0.0000	0.0000	0.4205	0.6659	0.0009	1.3222	1.4010	0.0000	0.0005	0.0000	0.0009	0.0008	0.0000	-0.0035	0.9989	3.3474	0.9778	1.3769	0.0000	0.0000	0.0000	0.0000	0.0000	0.0000	0.0000	0.0000	0.0000	0.0064	0.0064	0.0000	0.0064	0.0064	0.0000	0.0000	0.0000	0.0000	0.0284	0.0248	0.0036	0.0050	0.0049	0.0002	0.0233	0.0200	0.0034	0.0151	0.0095	0.0056	0.0048	0.0045	0.0003	0.0103	0.0050	0.0053	0.0000	0.0000	0.0000	0.0000	0.0000	0.0000	0.0000	0.0000	0.0000	0.4205	0.6659	0.0009	1.3222	1.4010	0.0000	0.0005	0.0000	0.0009		
2	130	0.0917	8	0	0	0	1	0	0	0	0	N	N	N	N	N	N	N	N	N	N	N	N	0.0000	0.0000	0.0000	0.0000	0.0000	0.0000	0.0000	0.0000	0.0000	0.0000	0.0000	0.0000	0.0000	0.0000	0.0000	0.0000	0.0000	0.0000	0.0470	0.0745	0.0035	0.1590	0.1695	0.0000	0.0019	0.0000	0.0036	0.0296	0.0000	-0.0003	0.9989	0.4686	0.9778	4.0374	0.0000	0.0000	0.0000	0.0000	0.0000	0.0000	0.0000	0.0000	0.0000	0.0006	0.0006	0.0000	0.0006	0.0006	0.0000	0.0000	0.0000	0.0000	0.0079	0.0071	0.0008	0.0027	0.0026	0.0000	0.0052	0.0045	0.0008	0.0132	0.0081	0.0051	0.0038	0.0036	0.0002	0.0094	0.0045	0.0049	0.0000	0.0000	0.0000	0.0000	0.0000	0.0000	0.0000	0.0000	0.0000	0.0470	0.0745	0.0035	0.1590	0.1695	0.0000	0.0019	0.0000	0.0036	
3	4	0.1865	14	1	1	1	0	0	0	0	0	N	N	N	N	N	N	N	N	N	N	N	N	0.0000	0.0000	0.0000	0.0000	0.0000	0.0000	0.0000	0.0000	0.0000	0.0000	0.0000	0.0000	0.0000	0.0000	0.0000	0.0000	0.0000	0.0000	0.0000	0.0000	0.0000	0.0000	0.0000	0.0000	0.0000	5.4762	0.0000	0.0000	0.0000	0.9835	2.0052	6.0524	0.0000	0.0000	0.0000	0.0000	0.0000	0.0000	0.0000	0.0000	0.0000	0.0000	0.0000	0.0000	0.0000	0.0000	0.0000	0.0000	0.0000	0.0000	0.0001	0.0001	0.0000	0.0001	0.0001	0.0000	0.0001	0.0000	0.0000	0.0472	0.0368	0.0104	0.0207	0.0199	0.0008	0.0265	0.0169	0.0096	0.0000	0.0000	0.0000	0.0000	0.0000	0.0000	0.0000	0.0000	0.0000	0.0000	0.0000	0.0000	0.0000	0.0000	0.0000	0.0000	0.0000	0.0000			
3	5	0.2217	18	1	0	2	1	0	0	0	0	N	N	Y	N	N	N	N	N	N	N	N	N	0.0000	0.0000	0.0000	0.0000	0.0000	0.0000	0.0000	0.0000	0.0000	0.0000	0.0000	0.0000	0.0000	0.0000	0.0000	0.0000	0.0000	0.0001	0.0001	0.0001	0.0001	0.0001	0.0000	0.0000	0.0000	0.0001	0.4078	0.0000	-0.0000	0.0000	8.9974	2.0052	7.9196	0.0000	0.0000	0.0000	0.0000	0.0000	0.0000	0.0000	0.0000	0.0000	0.0000	0.0000	0.0000	0.0000	0.0000	0.0000	0.0000	0.0000	0.0000	0.0010	0.0009	0.0001	0.0005	0.0005	0.0000	0.0005	0.0004	0.0001	0.1402	0.1056	0.0346	0.0614	0.0604	0.0010	0.0788	0.0453	0.0335	0.0000	0.0000	0.0000	0.0000	0.0000	0.0000	0.0000	0.0000	0.0000	0.0001	0.0001	0.0001	0.0001	0.0001	0.0000	0.0000	0.0000	0.0001		
3	6	0.0353	6	2	1	1	0	0	0	0	0	Y	N	N	N	N	N	N	N	N	N	N	N	7.4995	62733.3191	0.0000	181.7016	59842.7783	0.0000	0.0000	0.0000	0.0243	0.0279	0.0000	0.0473	0.0485	0.0000	0.0000	0.0000	0.0000	0.0032	0.0000	0.0117	0.0003	0.0000	0.0502	0.0052	0.0000	0.0114	0.0000	10058.0138	-0.0000	0.0001	0.0000	0.0167	2.0052	6.1901	0.0000	0.0000	0.0000	0.0000	0.0000	0.0000	0.0000	0.0000	0.0000	0.0002	0.0000	0.0002	0.0000	0.0000	0.0000	0.0002	0.0000	0.0002	0.0000	0.0000	0.0000	0.0000	0.0000	0.0000	0.0000	0.0000	0.0000	0.0678	0.0490	0.0188	0.0271	0.0269	0.0001	0.0408	0.0221	0.0187	7.4995	62733.3191	0.0000	181.7016	59842.7783	0.0000	0.0000	0.0000	0.0000	0.0032	0.0000	0.0117	0.0003	0.0000	0.0502	0.0052	0.0000	0.0114	
3	7	0.0144	3	2	0	2	0	0	0	0	0	Y	N	Y	N	N	N	N	N	N	N	N	N	0.0000	0.0000	0.0000	0.0000	0.0000	0.0000	0.0000	0.0000	0.0000	0.0000	0.0000	0.0000	0.0000	0.0000	0.0000	0.0000	37.4257	0.0037	285.3527	0.0068	0.0069	0.0000	60.0931	0.0000	276.2518	14490.4484	0.0000	0.4567	0.0000	0.9997	2.0052	1.8904	0.0000	0.0000	0.0000	0.0000	0.0000	0.0000	0.0000	0.0000	0.0000	0.9993	0.0001	0.9993	0.0001	0.0001	0.0000	0.9993	0.0000	0.9993	0.0001	0.0001	0.0000	0.0000	0.0000	0.0000	0.0000	0.0000	0.0000	0.0267	0.0188	0.0079	0.0101	0.0100	0.0001	0.0166	0.0088	0.0078	0.0000	0.0000	0.0000	0.0000	0.0000	0.0000	0.0000	0.0000	0.0000	37.4257	0.0037	126.4169	0.0068	0.0069	0.0000	60.0931	0.0000	128.0438			
3	8	0.1224	9	2	1	1	1	0	0	0	0	Y	N	N	N	N	N	N	N	N	N	N	N	0.0000	0.0000	0.0000	0.0000	0.0000	0.0000	0.0000	0.0000	0.0000	0.0000	0.0000	0.0000	0.0000	0.0000	0.0000	0.0000	0.0000	0.0000	0.0000	0.0000	0.0000	0.0000	2.0052	0.0000	0.0000	0.0000	0.0000	0.0000	0.0000	0.0000	0.0000	0.0000	0.0000	0.0000	0.0000	0.0000	0.0000	0.0000	0.0000	0.0000	0.0000	0.0000	0.0000	0.0000	0.0000	0.0000	0.0000	0.0000	0.0000	0.0000	0.0000	0.0000	0.0000	0.0000	0.0000	0.0000	0.0000	0.0000	0.0000	0.0000	0.0000	0.0000	0.0000	0.0000	0.0000	0.0000	0.0000	0.0000	0.0000	0.0000	0.0000	0.0000	0.0000	0.0000	0.0000	0.0000	0.0000	0.0000											
3	9	0.0144	3	2	0	2	0	0	0	0	0	Y	N	Y	N	N	N	N	N	N	N	N	N	0.0000	0.0000	0.0000	0.0000	0.0000	0.0000	0.0000	0.0000	0.0000	0.0000	0.0000	0.0000	0.0000	0.0180	0.0256	0.0000	0.0483	0.0487	0.0000	0.0000	0.0000	0.0000	0.0000	0.0000	-0.0004	0.0000	1.0003	2.0052	3.8877	0.0000	0.0000	0.0000	0.0000	0.0000	0.0000	0.0000	0.0000	0.0000	0.0008	0.0008	0.0000	0.0008	0.0008	0.0000	0.0000	0.0000	0.0000	0.0001	0.0001	0.0000	0.0000	0.0000	0.0000	0.0000	0.0000	0.0000	0.0433	0.0304	0.0129	0.0161	0.0160	0.0001	0.0272	0.0144	0.0128	0.0000	0.0000	0.0000	0.0000	0.0000	0.0000	0.0000	0.0000	0.0000	0.0180	0.0256	0.0000	0.0483	0.0487	0.0000	0.0000	0.0000	0.0000						
3	10	0.0117	2	2	0	2	0	0	0	0	0	Y	N	Y	N	N	N	N	N	N	N	N	N	0.0000	0.0000	0.0000	0.0000	0.0000	0.0000	0.0000	0.0000	0.0000	0.0000	0.0000	0.0000	0.0000	0.0000	0.0000	0.0000	0.0000	0.1562	0.1581	0.1528	0.2538	0.2549	0.0004	0.0905	0.0000	0.1535	0.5303	0.0000	-0.0005	0.0000	0.0008	2.0052	1.2348	0.0000	0.0000	0.0000	0.0000	0.0000	0.0000	0.0000	0.0000	0.0000	0.0023	0.0015	0.0008	0.0015	0.0015	0.0000	0.0008	0.0000	0.0008	0.0000	0.0000	0.0000	0.0000	0.0000	0.0000	0.0000	0.0000	0.0000	0.0147	0.0095	0.0052	0.0059	0.0059	0.0000	0.0088	0.0036	0.0052	0.0000	0.0000	0.0000	0.0000	0.0000	0.0000	0.0000	0.0000	0.0000	0.1562	0.1581	0.1528	0.2538	0.2549	0.0004	0.0905	0.0000	0.1535		
3	11	0.1398	13	1	0	2	0	0	0	0	0	N	N	Y	N	N	N	N	N	N	N	N	N	0.0000	0.0000	0.0000	0.0000	0.0000	0.0000	0.0000	0.0000	0.0000	0.0000	0.0000	0.0000	0.0000	0.0000	0.0000	0.0000	0.0000	0.0001	0.0001	0.0001	0.0003	0.0002	0.0006	0.0000	0.0000	0.0001	0.1942	0.0000	-0.0000	0.0000	4.1301	2.0052	9.5352	0.0000	0.0000	0.0000	0.0000	0.0000	0.0000	0.0000	0.0000	0.0000	0.0000	0.0000	0.0000	0.0000	0.0000	0.0000	0.0000	0.0000	0.0000	0.0004	0.0004	0.0000	0.0002	0.0002	0.0000	0.0002	0.0002	0.0000	0.0862	0.0656	0.0206	0.0347	0.0341	0.0006	0.0515	0.0315	0.0200	0.0000	0.0000	0.0000	0.0000	0.0000	0.0000	0.0000	0.0000	0.0000	0.0001	0.0001	0.0001	0.0003	0.0002	0.0006	0.0000	0.0000	0.0001		
3	12	0.0656	7	2	1	1	0	0	0	0	0	Y	N	N	N	N	N	N	N	N	N	N	N	0.0000	0.0000	0.0000	0.0000	0.0000	0.0000	0.0000	0.0000	0.0000	0.0000	0.0000	0.0000	0.0000	0.0000	0.0000	0.0000	0.0000	0.0004	0.0000	0.0013	0.0002	0.0000	0.0456	0.0004	0.0000	0.0009	8740.8571	-0.0000	0.0000	0.0000	5.9431	2.0052	4.2945	0.0000	0.0000	0.0000	0.0000	0.0000	0.0000	0.0000	0.0000	0.0000	0.0000	0.0000	0.0000	0.0000	0.0000	0.0000	0.0000	0.0000	0.0000	0.0006	0.0006	0.0001	0.0003	0.0003	0.0000	0.0003	0.0003	0.0001	0.1049	0.0768	0.0281	0.0431	0.0428	0.0002	0.0618	0.0339	0.0279	0.0000	0.0000	0.0000	0.0000	0.0000	0.0000	0.0000	0.0000	0.0000	0.0004	0.0000	0.0013	0.0002	0.0000	0.0456	0.0004	0.0000	0.0009		
3	13	0.1096	9	1	0	2	1	0	0	0	0	N	N	Y	N	N	N	N	N	N	N	N	N	0.0000	0.0000	0.0000	0.0000	0.0000	0.0000	0.0000	0.0000	0.0000	0.0000	0.0000	0.0000	0.0000	0.0000	0.0000	0.0000	0.0000	0.0000	0.0000	0.0000	0.0000	0.0000	2.0052	3.8697	0.0000	0.0000	0.0000	0.0000	0.0000	0.0000	0.0000	0.0000	0.0000	0.0000	0.0000	0.0000	0.0000	0.0000	0.0000	0.0000	0.0000	0.0000	0.0000	0.0000	0.0000	0.0000	0.0000	0.0000	0.0000	0.0000	0.0000	0.0395	0.0296	0.0099	0.0170	0.0167	0.0003	0.0224	0.0128	0.0096	0.0000	0.0000	0.0000	0.0000	0.0000	0.0000	0.0000	0.0000	0.0000	0.0000	0.0000	0.0000	0.0000	0.0000	0.0000	0.0000	0.0000	0.0000											
3	14	0.0878	9	1	1	1	0	0	0	0	0	N	N	N	N	N	N	N	N	N	N	N	N	0.0000	0.0000	0.0000	0.0000	0.0000	0.0000	0.0000	0.0000	0.0000	0.0000	0.0000	0.0000	0.0000	0.0000	0.0000	0.0000	0.0000	0.0035	0.0000	0.0133	0.0000	0.0000	0.0000	0.0054	0.0000	0.0135	141892.7619	-0.0000	0.0001	0.0000	4.8103	2.0052	9.0653	0.0000	0.0000	0.0000	0.0000	0.0000	0.0000	0.0000	0.0000	0.0000	0.0003	0.0000	0.0003	0.0000	0.0000	0.0000	0.0003	0.0000	0.0003	0.0005	0.0005	0.0001	0.0003	0.0003	0.0000	0.0003	0.0002	0.0001	0.0863	0.0639	0.0224	0.0316	0.0312	0.0003	0.0548	0.0327	0.0221	0.0000	0.0000	0.0000	0.0000	0.0000	0.0000	0.0000	0.0000	0.0000	0.0035	0.0000	0.0133	0.0000	0.0000	0.0000	0.0054	0.0000	0.0135		
3	15	0.1096	9	1	0	1	1	0	0	0	0	N	N	N	N	N	N	N	N	N	N	N	N	0.0000	0.0000	0.0000	0.0000	0.0000	0.0000	0.0000	0.0000	0.0000	0.0000	0.0000	0.0000	0.0000	0.0000	0.0000	0.0000	0.0000	0.0000	0.0000	0.0000	0.0000	1.0000	2.0052	3.8697	0.0000	0.0000	0.0000	0.0000	0.0000	0.0000	0.0000	0.0000	0.0000	0.0000	0.0000	0.0000	0.0000	0.0000	0.0000	0.0000	0.0000	0.0000	0.0001	0.0001	0.0000	0.0001	0.0001	0.0000	0.0001	0.0000	0.0000	0.0491	0.0368	0.0123	0.0212	0.0208	0.0004	0.0280	0.0161	0.0119	0.0000	0.0000	0.0000	0.0000	0.0000	0.0000	0.0000	0.0000	0.0000	0.0000	0.0000	0.0000	0.0000	0.0000	0.0000	0.0000	0.0000	0.0000											
3	16	0.2284	19	1	1	1	1	0	0	0	0	N	N	N	N	N	N	N	N	N	N	N	N	0.0000	0.0000	0.0000	0.0000	0.0000	0.0000	0.0000	0.0000	0.0000	0.0000	0.0000	0.0000	0.0000	0.0000	0.0000	0.0000	0.0001	0.0000	0.0003	0.0000	0.0000	0.0000	0.0001	0.0000	0.0003	168.1476	0.0000	0.0000	0.0000	0.0040	2.0052	5.7722	0.0000	0.0000	0.0000	0.0000	0.0000	0.0000	0.0000	0.0000	0.0000	0.0000	0.0000	0.0000	0.0000	0.0000	0.0000	0.0000	0.0000	0.0000	0.0000	0.0000	0.0000	0.0000	0.0000	0.0000	0.0000	0.0000	0.0000	0.0518	0.0391	0.0126	0.0228	0.0224	0.0004	0.0290	0.0167	0.0123	0.0000	0.0000	0.0000	0.0000	0.0000	0.0000	0.0000	0.0000	0.0000	0.0001	0.0000	0.0003	0.0000	0.0000	0.0000	0.0001	0.0000	0.0003			
3	17	0.1031	11	1	1	1	0	0	0	0	0	N	N	N	N	N	N	N	N	N	N	N	N	0.0004	0.0000	inf	0.0002	0.0000	inf	4747.3407	0.0000	inf	0.0008	0.0000	0.0073	0.0008	0.0000	0.9908	0.0008	0.0000	0.0036	1.7302	2.6395	0.0000	4.5285	4.1340	0.0000	0.0000	0.0000	0.0000	inf	0.0000	0.0000	-0.0872	0.0000	1.0133	2.0052	7.9669	0.0000	0.0000	0.0000	0.0000	0.0000	0.0000	0.0000	0.0000	0.0000	0.1607	0.1607	0.0000	0.1607	0.1607	0.0000	0.0000	0.0000	0.0000	0.0001	0.0001	0.0000	0.0001	0.0001	0.0000	0.0001	0.0000	0.0000	0.0929	0.0609	0.0320	0.0391	0.0389	0.0003	0.0537	0.0220	0.0317	0.0004	0.0000	inf	0.0002	0.0000	inf	4747.3407	0.0000	inf	1.7302	2.6395	0.0000	4.1061	4.1340	0.0000	0.0000	0.0000	0.0000
3	18	0.1164	10	1	1	1	1	0	0	0	0	N	N	N	N	N	N	N	N	N	N	N	N	0.0000	0.0000	0.0000	0.0000	0.0000	0.0000	0.0000	0.0000	0.0000	0.0000	0.0000	0.0000	0.0000	0.0000	0.0000	0.0000	0.0000	0.0000	0.0000	0.0000	0.0000	0.9988	2.0052	1.0036	0.0000	0.0000	0.0000	0.0000	0.0000	0.0000	0.0000	0.0000	0.0000	0.0000	0.0000	0.0000	0.0000	0.0000	0.0000	0.0000	0.0000	0.0000	0.0001	0.0001	0.0000	0.0001	0.0001	0.0000	0.0001	0.0000	0.0000	0.0202	0.0152	0.0050	0.0088	0.0086	0.0002	0.0114	0.0066	0.0048	0.0000	0.0000	0.0000	0.0000	0.0000	0.0000	0.0000	0.0000	0.0000	0.0000	0.0000	0.0000	0.0000	0.0000	0.0000	0.0000	0.0000	0.0000											
3	19	0.1176	10	2	1	1	0	0	0	0	0	Y	N	N	N	N	N	N	N	N	N	N	N	0.0000	0.0000	0.0000	0.0000	0.0000	0.0000	0.0000	0.0000	0.0000	0.0000	0.0000	0.0000	0.0000	0.0000	0.0000	0.0000	0.0000	0.0006	0.0008	0.0000	0.0016	0.0016	0.0000	0.0000	0.0000	0.0000	0.0001	0.0000	-0.0000	0.0000	0.0025	2.0052	5.0336	0.0000	0.0000	0.0000	0.0000	0.0000	0.0000	0.0000	0.0000	0.0000	0.0000	0.0000	0.0000	0.0000	0.0000	0.0000	0.0000	0.0000	0.0000	0.0000	0.0000	0.0000	0.0000	0.0000	0.0000	0.0000	0.0000	0.0000	0.0328	0.0249	0.0079	0.0124	0.0123	0.0001	0.0204	0.0126	0.0078	0.0000	0.0000	0.0000	0.0000	0.0000	0.0000	0.0000	0.0000	0.0000	0.0006	0.0008	0.0000	0.0016	0.0016	0.0000	0.0000	0.0000	0.0000		
3	20	0.0863	7	1	1	1	0	0	0	0	0	N	N	N	N	N	N	N	N	N	N	N	N	0.0000	0.0000	0.0000	0.0000	0.0000	0.0000	0.0000	0.0000	0.0000	0.0000	0.0000	0.0000	0.0000	0.0000	0.0000	0.0000	0.0009	0.0012	0.0000	0.0021	0.0021	0.0000	0.0000	0.0000	0.0000	0.0000	0.0000	-0.0000	0.0000	1.9984	2.0052	3.0609	0.0000	0.0000	0.0000	0.0000	0.0000	0.0000	0.0000	0.0000	0.0000	0.0001	0.0001	0.0000	0.0001	0.0001	0.0000	0.0000	0.0000	0.0000	0.0002	0.0002	0.0000	0.0001	0.0001	0.0000	0.0001	0.0001	0.0000	0.0649	0.0484	0.0164	0.0287	0.0283	0.0005	0.0362	0.0202	0.0160	0.0000	0.0000	0.0000	0.0000	0.0000	0.0000	0.0000	0.0000	0.0000	0.0009	0.0012	0.0000	0.0021	0.0021	0.0000	0.0000	0.0000	0.0000			
3	21	0.2217	18	1	0	1	1	0	0	0	0	N	N	N	N	N	N	N	N	N	N	N	N	0.0000	0.0000	0.0000	0.0000	0.0000	0.0000	0.0000	0.0000	0.0000	0.0000	0.0000	0.0000	0.0000	0.0000	0.0000	0.0000	0.0000	0.0003	0.0003	0.0004	0.0005	0.0005	0.0000	0.0002	0.0000	0.0004	0.4078	0.0000	-0.0000	0.0000	2.0028	2.0052	2.2704	0.0000	0.0000	0.0000	0.0000	0.0000	0.0000	0.0000	0.0000	0.0000	0.0000	0.0000	0.0000	0.0000	0.0000	0.0000	0.0000	0.0000	0.0000	0.0002	0.0002	0.0000	0.0001	0.0001	0.0000	0.0001	0.0001	0.0000	0.0389	0.0292	0.0097	0.0171	0.0169	0.0003	0.0218	0.0123	0.0095	0.0000	0.0000	0.0000	0.0000	0.0000	0.0000	0.0000	0.0000	0.0000	0.0003	0.0003	0.0004	0.0005	0.0005	0.0000	0.0002	0.0000	0.0004		
3	22	0.1049	11	2	0	2	0	0	0	0	0	Y	N	Y	N	N	N	N	N	N	N	N	N	0.0000	0.0000	0.0000	0.0000	0.0000	0.0000	0.0000	0.0000	0.0000	0.0000	0.0000	0.0000	0.0000	0.0000	0.0000	0.0000	0.0000	0.0000	0.0000	0.0000	0.0000	0.0000	2.0052	2.0000	0.0000	0.0000	0.0000	0.0000	0.0000	0.0000	0.0000	0.0000	0.0000	0.0000	0.0000	0.0000	0.0000	0.0000	0.0000	0.0000	0.0000	0.0000	0.0000	0.0000	0.0000	0.0000	0.0000	0.0000	0.0000	0.0000	0.0000	0.0130	0.0097	0.0032	0.0050	0.0050	0.0001	0.0079	0.0048	0.0032	0.0000	0.0000	0.0000	0.0000	0.0000	0.0000	0.0000	0.0000	0.0000	0.0000	0.0000	0.0000	0.0000	0.0000	0.0000	0.0000	0.0000	0.0000											
3	23	0.1374	13	1	1	1	0	0	0	0	0	N	N	N	N	N	N	N	N	N	N	N	N	0.0000	0.0000	0.0000	0.0000	0.0000	0.0000	0.0000	0.0000	0.0000	0.0000	0.0000	0.0000	0.0000	0.0000	0.0000	0.0000	0.0000	0.0000	0.0107	0.0099	0.0131	0.0036	0.0005	0.0324	0.0207	0.0313	0.0071	0.4164	0.0000	-0.0004	0.0000	4.1010	2.0052	9.0979	0.0000	0.0000	0.0000	0.0000	0.0000	0.0000	0.0000	0.0000	0.0000	0.0017	0.0012	0.0005	0.0003	0.0000	0.0003	0.0014	0.0012	0.0002	0.0005	0.0004	0.0001	0.0002	0.0002	0.0000	0.0002	0.0002	0.0000	0.1635	0.1245	0.0390	0.0960	0.0867	0.0093	0.0675	0.0378	0.0297	0.0000	0.0000	0.0000	0.0000	0.0000	0.0000	0.0000	0.0000	0.0000	0.0107	0.0099	0.0131	0.0036	0.0005	0.0324	0.0207	0.0313	0.0071	
3	24	0.0656	6	2	1	1	0	0	0	0	0	Y	N	N	N	N	N	N	N	N	N	N	N	0.0272	0.0000	668.7974	0.0111	0.0000	2846.0472	396.0163	830.2315	0.0263	0.0000	0.2519	0.0263	0.0000	74.2631	0.0263	0.0000	0.1262	0.9666	1.3088	0.0004	2.3729	2.3860	0.0261	0.0001	0.0000	0.0002	inf	0.0001	0.0000	-0.0940	0.0000	7.0513	2.0052	11.7448	0.0000	0.0000	0.0000	0.0000	0.0000	0.0000	0.0000	0.0000	0.0000	0.1732	0.1732	0.0000	0.1732	0.1732	0.0000	0.0000	0.0000	0.0000	0.0008	0.0007	0.0001	0.0004	0.0004	0.0000	0.0004	0.0003	0.0001	0.1792	0.1324	0.0469	0.0730	0.0726	0.0004	0.1062	0.0598	0.0465	0.0272	0.0000	668.7974	0.0111	0.0000	2846.0472	396.0163	0.0000	830.2315	0.9666	1.3088	0.0004	2.3729	2.3860	0.0261	0.0001	0.0000	0.0002	
3	25	0.2054	14	1	1	1	0	0	0	0	0	N	N	N	N	N	N	N	N	N	N	N	N	0.0000	0.0000	0.0000	0.0000	0.0000	0.0000	0.0000	0.0000	0.0000	0.0000	0.0000	0.0000	0.0000	0.0000	0.0000	0.0000	0.0000	0.0026	0.0034	0.0000	0.0062	0.0064	0.0000	0.0000	0.0000	0.0000	0.0002	0.0000	-0.0001	0.0000	4.7974	2.0052	5.1989	0.0000	0.0000	0.0000	0.0000	0.0000	0.0000	0.0000	0.0000	0.0000	0.0002	0.0002	0.0000	0.0002	0.0002	0.0000	0.0000	0.0000	0.0000	0.0005	0.0005	0.0001	0.0003	0.0003	0.0000	0.0003	0.0002	0.0001	0.0669	0.0509	0.0160	0.0282	0.0274	0.0008	0.0387	0.0235	0.0152	0.0000	0.0000	0.0000	0.0000	0.0000	0.0000	0.0000	0.0000	0.0000	0.0026	0.0034	0.0000	0.0062	0.0064	0.0000	0.0000	0.0000	0.0000		
3	26	0.1667	15	2	1	1	0	0	0	0	0	Y	N	N	N	N	N	N	N	N	N	N	N	0.0000	0.0000	0.0000	0.0000	0.0000	0.0000	0.0000	0.0000	0.0000	0.0000	0.0000	0.0000	0.0000	0.0000	0.0000	0.0000	0.0000	0.0000	0.0022	0.0002	0.0087	0.0025	0.0000	0.0260	0.0017	0.0007	0.0029	11.0393	0.0000	0.0002	0.0000	2.0195	2.0052	15.0171	0.0000	0.0000	0.0000	0.0000	0.0000	0.0000	0.0000	0.0000	0.0000	0.0004	0.0000	0.0004	0.0003	0.0000	0.0003	0.0001	0.0000	0.0001	0.0002	0.0002	0.0000	0.0001	0.0001	0.0000	0.0001	0.0001	0.0000	0.1896	0.1457	0.0439	0.1146	0.1036	0.0110	0.0750	0.0421	0.0329	0.0000	0.0000	0.0000	0.0000	0.0000	0.0000	0.0000	0.0000	0.0000	0.0022	0.0002	0.0087	0.0025	0.0000	0.0260	0.0017	0.0007	0.0029	
3	27	0.1580	14	1	0	1	0	0	0	0	0	N	N	N	N	N	N	N	N	N	N	N	N	0.0000	0.0000	0.0000	0.0000	0.0000	0.0000	0.0000	0.0000	0.0000	0.0000	0.0000	0.0000	0.0000	0.0000	0.0000	0.0000	0.0000	0.0000	0.0340	0.0439	0.0029	0.0118	0.0126	0.0053	0.0670	0.1198	0.0020	0.0211	0.0000	-0.0013	0.0000	1.6438	2.0052	3.3228	0.0000	0.0000	0.0000	0.0000	0.0000	0.0000	0.0000	0.0000	0.0000	0.0024	0.0023	0.0000	0.0005	0.0005	0.0000	0.0019	0.0019	0.0000	0.0002	0.0002	0.0000	0.0001	0.0001	0.0000	0.0001	0.0001	0.0000	0.0705	0.0534	0.0171	0.0423	0.0378	0.0045	0.0283	0.0156	0.0127	0.0000	0.0000	0.0000	0.0000	0.0000	0.0000	0.0000	0.0000	0.0000	0.0340	0.0439	0.0029	0.0118	0.0126	0.0053	0.0670	0.1198	0.0020	
3	28	0.0205	2	1	1	1	0	0	0	0	0	N	N	N	N	N	N	N	N	N	N	N	N	0.0138	0.0000	0.0291	0.0113	0.0000	4.7508	0.0160	0.0147	0.0006	0.0000	0.0023	0.0006	0.0000	1.0440	0.0006	0.0000	0.0011	0.0440	0.0294	0.0789	0.0534	0.0528	0.2198	0.0379	0.0000	0.0782	inf	1.1236	0.0000	-0.0001	0.0000	3.0409	2.0052	16.1393	0.0000	0.0000	0.0000	0.0000	0.0000	0.0000	0.0000	0.0000	0.0000	0.0090	0.0042	0.0048	0.0043	0.0042	0.0001	0.0047	0.0000	0.0047	0.0006	0.0004	0.0001	0.0003	0.0003	0.0000	0.0003	0.0001	0.0001	0.2043	0.1440	0.0603	0.0805	0.0802	0.0003	0.1238	0.0638	0.0599	0.0138	0.0000	0.0291	0.0113	0.0000	4.7508	0.0160	0.0000	0.0147	0.0440	0.0294	0.0789	0.0534	0.0528	0.2198	0.0379	0.0000	0.0782	
3	29	0.0286	4	1	1	1	0	0	0	0	0	N	N	N	N	N	N	N	N	N	N	N	N	0.0035	0.0062	0.0000	0.0034	0.0036	0.0000	0.0000	0.0000	0.0000	0.0000	0.0000	0.0000	0.0000	0.0000	0.0000	0.0000	0.0000	0.0005	0.0005	0.0004	0.0009	0.0009	0.0133	0.0002	0.0000	0.0004	0.0000	0.3524	-0.0000	-0.0000	0.0000	4.0695	2.0052	11.0027	0.0000	0.0000	0.0000	0.0000	0.0000	0.0000	0.0000	0.0000	0.0000	0.0001	0.0001	0.0000	0.0001	0.0001	0.0000	0.0000	0.0000	0.0000	0.0027	0.0015	0.0012	0.0014	0.0014	0.0000	0.0014	0.0001	0.0012	0.1460	0.1062	0.0398	0.0566	0.0563	0.0003	0.0894	0.0499	0.0395	0.0035	0.0062	0.0000	0.0034	0.0036	0.0000	0.0000	0.0000	0.0000	0.0005	0.0005	0.0004	0.0009	0.0009	0.0133	0.0002	0.0000	0.0004	
3	30	0.1894	17	1	1	2	1	0	0	0	0	N	N	Y	N	N	N	N	N	N	N	N	N	0.0000	0.0000	0.0000	0.0000	0.0000	0.0000	0.0000	0.0000	0.0000	0.0000	0.0000	0.0000	0.0000	0.0171	0.0230	0.0000	0.0374	0.0380	0.0000	0.0000	0.0000	0.0000	0.0000	0.0000	-0.0003	0.0000	0.0021	2.0052	3.0281	0.0000	0.0000	0.0000	0.0000	0.0000	0.0000	0.0000	0.0000	0.0000	0.0005	0.0005	0.0000	0.0005	0.0005	0.0000	0.0000	0.0000	0.0000	0.0000	0.0000	0.0000	0.0000	0.0000	0.0000	0.0000	0.0000	0.0000	0.0301	0.0224	0.0077	0.0138	0.0136	0.0002	0.0163	0.0089	0.0074	0.0000	0.0000	0.0000	0.0000	0.0000	0.0000	0.0000	0.0000	0.0000	0.0171	0.0230	0.0000	0.0374	0.0380	0.0000	0.0000	0.0000	0.0000						
3	31	0.1667	16	1	0	1	1	0	0	0	0	N	N	N	N	N	N	N	N	N	N	N	N	0.0000	0.0000	0.0000	0.0000	0.0000	0.0000	0.0000	0.0000	0.0000	0.0000	0.0000	0.0000	0.0000	0.0000	0.0000	0.0000	0.0000	0.0000	3.4416	4.5243	0.0000	8.7239	8.0673	0.0000	0.0000	0.0000	0.0000	0.0000	0.0000	-0.1914	0.0000	3.2874	2.0052	7.1999	0.0000	0.0000	0.0000	0.0000	0.0000	0.0000	0.0000	0.0000	0.0000	0.3525	0.3525	0.0000	0.3525	0.3525	0.0000	0.0000	0.0000	0.0000	0.0004	0.0003	0.0000	0.0002	0.0002	0.0000	0.0002	0.0001	0.0000	0.1024	0.0779	0.0245	0.0461	0.0454	0.0007	0.0563	0.0325	0.0238	0.0000	0.0000	0.0000	0.0000	0.0000	0.0000	0.0000	0.0000	0.0000	3.4416	4.5243	0.0000	7.6415	7.7559	0.0000	0.0000	0.0000	0.0000	
3	32	0.0854	8	1	1	1	0	0	0	0	0	N	N	N	N	N	N	N	N	N	N	N	N	0.0000	0.0000	0.0000	0.0000	0.0000	0.0000	0.0000	0.0000	0.0000	0.0000	0.0000	0.0000	0.0000	0.0000	0.0001	0.0002	0.0000	0.0004	0.0004	0.0000	0.0000	0.0000	0.0000	0.0001	0.0000	-0.0000	0.0000	4.3545	2.0052	19.4857	0.0000	0.0000	0.0000	0.0000	0.0000	0.0000	0.0000	0.0000	0.0000	0.0000	0.0000	0.0000	0.0000	0.0000	0.0000	0.0000	0.0000	0.0000	0.0005	0.0004	0.0000	0.0002	0.0002	0.0000	0.0002	0.0002	0.0000	0.1409	0.1055	0.0354	0.0520	0.0515	0.0005	0.0889	0.0540	0.0349	0.0000	0.0000	0.0000	0.0000	0.0000	0.0000	0.0000	0.0000	0.0000	0.0001	0.0002	0.0000	0.0004	0.0004	0.0000	0.0000	0.0000	0.0000					
3	33	0.1225	10	2	1	1	0	0	0	0	0	Y	N	N	N	N	N	N	N	N	N	N	N	0.0000	0.0000	0.0000	0.0000	0.0000	0.0000	0.0000	0.0000	0.0000	0.0000	0.0000	0.0000	0.0000	0.0000	0.0000	0.0000	0.0000	0.0000	0.0000	0.0000	0.0000	0.0000	2.0052	0.0000	0.0000	0.0000	0.0000	0.0000	0.0000	0.0000	0.0000	0.0000	0.0000	0.0000	0.0000	0.0000	0.0000	0.0000	0.0000	0.0000	0.0000	0.0000	0.0000	0.0000	0.0000	0.0000	0.0000	0.0000	0.0000	0.0000	0.0000	0.0000	0.0000	0.0000	0.0000	0.0000	0.0000	0.0000	0.0000	0.0000	0.0000	0.0000	0.0000	0.0000	0.0000	0.0000	0.0000	0.0000	0.0000	0.0000	0.0000	0.0000	0.0000	0.0000	0.0000	0.0000	0.0000	0.0000											
3	34	0.1580	14	1	1	1	1	0	0	0	0	N	N	N	N	N	N	N	N	N	N	N	N	0.0000	0.0000	0.0000	0.0000	0.0000	0.0000	0.0000	0.0000	0.0000	0.0000	0.0000	0.0000	0.0000	0.0000	0.0000	0.0000	0.0000	0.0000	0.0093	0.0116	0.0016	0.0008	0.0004	0.0044	0.0219	0.0385	0.0007	0.0421	0.0000	-0.0010	0.0000	6.4588	2.0052	12.7561	0.0000	0.0000	0.0000	0.0000	0.0000	0.0000	0.0000	0.0000	0.0000	0.0020	0.0019	0.0001	0.0001	0.0001	0.0001	0.0019	0.0019	0.0000	0.0007	0.0006	0.0001	0.0003	0.0003	0.0000	0.0003	0.0003	0.0001	0.2163	0.1653	0.0510	0.1297	0.1168	0.0129	0.0866	0.0485	0.0381	0.0000	0.0000	0.0000	0.0000	0.0000	0.0000	0.0000	0.0000	0.0000	0.0093	0.0116	0.0016	0.0008	0.0004	0.0044	0.0219	0.0385	0.0007	
3	35	0.1524	13	1	0	1	0	0	0	0	0	N	N	N	N	N	N	N	N	N	N	N	N	0.0000	0.0000	0.0000	0.0000	0.0000	0.0000	0.0000	0.0000	0.0000	0.0000	0.0000	0.0000	0.0000	0.0000	0.0000	0.0000	0.0000	0.0000	4.8403	6.4556	0.0040	0.0068	0.0067	0.0078	10.0832	16.6916	0.0028	0.0002	0.0000	-0.1981	0.0000	2.5642	2.0052	2.5472	0.0000	0.0000	0.0000	0.0000	0.0000	0.0000	0.0000	0.0000	0.0000	0.3650	0.3649	0.0001	0.0003	0.0002	0.0000	0.3647	0.3647	0.0000	0.0003	0.0003	0.0000	0.0001	0.0001	0.0000	0.0001	0.0001	0.0000	0.0754	0.0565	0.0189	0.0392	0.0347	0.0046	0.0362	0.0218	0.0143	0.0000	0.0000	0.0000	0.0000	0.0000	0.0000	0.0000	0.0000	0.0000	4.8403	6.4556	0.0040	0.0068	0.0067	0.0078	10.0832	16.6916	0.0028	
3	36	0.2028	18	1	0	2	0	0	0	0	0	N	N	Y	N	N	N	N	N	N	N	N	N	0.0000	0.0000	0.0000	0.0000	0.0000	0.0000	0.0000	0.0000	0.0000	0.0000	0.0000	0.0000	0.0000	0.0000	0.0000	0.0000	0.0000	0.0000	0.0000	0.0000	0.0000	1.0000	2.0052	2.0003	0.0000	0.0000	0.0000	0.0000	0.0000	0.0000	0.0000	0.0000	0.0000	0.0000	0.0000	0.0000	0.0000	0.0000	0.0000	0.0000	0.0000	0.0000	0.0001	0.0001	0.0000	0.0001	0.0001	0.0000	0.0001	0.0000	0.0000	0.0295	0.0226	0.0070	0.0132	0.0130	0.0002	0.0163	0.0096	0.0067	0.0000	0.0000	0.0000	0.0000	0.0000	0.0000	0.0000	0.0000	0.0000	0.0000	0.0000	0.0000	0.0000	0.0000	0.0000	0.0000	0.0000	0.0000											
3	37	0.1850	17	1	1	1	0	0	0	0	0	N	N	N	N	N	N	N	N	N	N	N	N	0.0000	0.0000	0.0000	0.0000	0.0000	0.0000	0.0000	0.0000	0.0000	0.0000	0.0000	0.0000	0.0000	0.0000	0.0000	0.0000	0.0000	0.0000	0.0028	0.0003	0.0109	0.0051	0.0005	0.2509	0.0009	0.0000	0.0021	12.7385	0.0000	0.0001	0.0000	1.9619	2.0052	8.3400	0.0000	0.0000	0.0000	0.0000	0.0000	0.0000	0.0000	0.0000	0.0000	0.0003	0.0000	0.0003	0.0003	0.0000	0.0002	0.0001	0.0000	0.0001	0.0002	0.0002	0.0000	0.0001	0.0001	0.0000	0.0001	0.0001	0.0000	0.1075	0.0816	0.0259	0.0489	0.0480	0.0009	0.0586	0.0336	0.0250	0.0000	0.0000	0.0000	0.0000	0.0000	0.0000	0.0000	0.0000	0.0000	0.0028	0.0003	0.0109	0.0051	0.0005	0.2509	0.0009	0.0000	0.0021	
3	38	0.0453	6	2	0	2	0	0	0	0	0	Y	N	Y	N	N	N	N	N	N	N	N	N	78.9836	0.0000	223.3701	56.7460	0.0000	35.6633	106.0753	208.4481	0.0116	0.0000	0.0985	0.0115	0.0000	0.9980	0.0117	0.0000	0.0518	0.0001	0.0000	0.0004	0.0002	0.0001	0.0280	0.0001	0.0000	0.0002	inf	4.3223	0.0000	0.0000	0.0000	0.0095	2.0052	5.0631	0.0000	0.0000	0.0000	0.0000	0.0000	0.0000	0.0000	0.0000	0.0000	0.0000	0.0000	0.0000	0.0000	0.0000	0.0000	0.0000	0.0000	0.0000	0.0000	0.0000	0.0000	0.0000	0.0000	0.0000	0.0000	0.0000	0.0000	0.0530	0.0387	0.0143	0.0210	0.0209	0.0001	0.0320	0.0178	0.0142	78.9836	0.0000	223.3701	56.7460	0.0000	35.6633	106.0753	0.0000	208.4481	0.0001	0.0000	0.0004	0.0002	0.0001	0.0280	0.0001	0.0000	0.0002	
3	39	0.1667	16	1	1	1	0	0	0	0	0	N	N	N	N	N	N	N	N	N	N	N	N	0.0000	0.0000	0.0000	0.0000	0.0000	0.0000	0.0000	0.0000	0.0000	0.0000	0.0000	0.0000	0.0000	0.0000	0.0000	0.0000	0.0000	0.0009	0.0000	0.0038	0.0001	0.0001	0.0000	0.0016	0.0000	0.0039	25.2945	0.0000	0.0000	0.0000	1.1272	2.0052	11.0864	0.0000	0.0000	0.0000	0.0000	0.0000	0.0000	0.0000	0.0000	0.0000	0.0001	0.0000	0.0001	0.0000	0.0000	0.0000	0.0001	0.0000	0.0001	0.0001	0.0001	0.0000	0.0001	0.0001	0.0000	0.0001	0.0000	0.0000	0.1176	0.0895	0.0281	0.0529	0.0521	0.0008	0.0647	0.0374	0.0273	0.0000	0.0000	0.0000	0.0000	0.0000	0.0000	0.0000	0.0000	0.0000	0.0009	0.0000	0.0038	0.0001	0.0001	0.0000	0.0016	0.0000	0.0039		
3	40	0.1667	15	1	0	1	0	0	0	0	0	N	N	N	N	N	N	N	N	N	N	N	N	0.0000	0.0000	0.0000	0.0000	0.0000	0.0000	0.0000	0.0000	0.0000	0.0000	0.0000	0.0000	0.0000	0.0000	0.0000	0.0000	0.0000	0.0195	0.0128	0.0408	0.0216	0.0211	0.0692	0.0176	0.0000	0.0402	0.9999	0.0000	-0.0000	0.0000	0.4765	2.0052	0.2778	0.0000	0.0000	0.0000	0.0000	0.0000	0.0000	0.0000	0.0000	0.0000	0.0002	0.0001	0.0001	0.0001	0.0001	0.0000	0.0001	0.0000	0.0001	0.0001	0.0000	0.0000	0.0000	0.0000	0.0000	0.0000	0.0000	0.0000	0.0113	0.0086	0.0027	0.0053	0.0052	0.0001	0.0060	0.0034	0.0026	0.0000	0.0000	0.0000	0.0000	0.0000	0.0000	0.0000	0.0000	0.0000	0.0195	0.0128	0.0408	0.0216	0.0211	0.0692	0.0176	0.0000	0.0402		
3	41	0.1688	15	1	1	1	1	0	0	0	0	N	N	N	N	N	N	N	N	N	N	N	N	9.8832	8.4080	0.0000	8.7298	8.6114	0.0000	0.0000	0.0004	0.0004	0.0000	0.0008	0.0008	0.0000	0.0000	0.0000	0.0000	0.0000	0.0001	0.0000	0.0001	0.0001	0.0000	0.0000	0.0000	0.0000	0.0000	0.0002	-0.0000	-0.0000	0.0000	10.0333	2.0052	21.8674	0.0000	0.0000	0.0000	0.0000	0.0000	0.0000	0.0000	0.0000	0.0000	0.0000	0.0000	0.0000	0.0000	0.0000	0.0000	0.0000	0.0000	0.0000	0.0011	0.0010	0.0001	0.0005	0.0005	0.0000	0.0005	0.0004	0.0001	0.2748	0.2093	0.0655	0.1215	0.1198	0.0017	0.1533	0.0895	0.0638	9.8832	8.4080	0.0000	8.7298	8.6114	0.0000	0.0000	0.0000	0.0000	0.0000	0.0001	0.0000	0.0001	0.0001	0.0000	0.0000	0.0000	0.0000		
3	42	0.0453	6	2	0	2	0	0	0	0	0	Y	N	Y	N	N	N	N	N	N	N	N	N	0.0735	0.0000	2.7172	0.0315	0.0000	inf	0.6344	0.0000	1.3502	0.0001	0.0000	0.0011	0.0001	0.0000	0.9233	0.0001	0.0000	0.0006	0.0016	0.0020	0.0004	0.0037	0.0037	0.0000	0.0002	0.0000	0.0004	inf	0.0748	0.0000	-0.0000	0.0000	0.9968	2.0052	1.9513	0.0000	0.0000	0.0000	0.0000	0.0000	0.0000	0.0000	0.0000	0.0000	0.0001	0.0000	0.0000	0.0000	0.0000	0.0000	0.0000	0.0000	0.0000	0.0001	0.0001	0.0000	0.0001	0.0001	0.0000	0.0001	0.0000	0.0000	0.0319	0.0233	0.0086	0.0127	0.0127	0.0001	0.0192	0.0106	0.0086	0.0735	0.0000	2.7172	0.0315	0.0000	inf	0.6344	0.0000	1.3502	0.0016	0.0020	0.0004	0.0037	0.0037	0.0000	0.0002	0.0000	0.0004
3	43	0.0321	5	2	0	2	0	0	0	0	0	Y	N	Y	N	N	N	N	N	N	N	N	N	268.5100	0.0000	4631.3566	123.9384	0.0000	508143.3812	1075.2383	2336.9247	0.0367	0.0000	0.3505	0.0367	0.0000	80.4445	0.0367	0.0000	0.1756	0.0001	0.0002	0.0001	0.0003	0.0003	0.0002	0.0000	0.0000	0.0001	inf	0.1821	0.0000	-0.0000	0.0000	5.0018	2.0052	1.7716	0.0000	0.0000	0.0000	0.0000	0.0000	0.0000	0.0000	0.0000	0.0000	0.0000	0.0000	0.0000	0.0000	0.0000	0.0000	0.0000	0.0000	0.0000	0.0005	0.0005	0.0001	0.0003	0.0003	0.0000	0.0003	0.0002	0.0001	0.0697	0.0503	0.0194	0.0273	0.0272	0.0001	0.0424	0.0231	0.0193	268.5100	0.0000	4631.3566	123.9384	0.0000	508143.3812	1075.2383	0.0000	2336.9247	0.0001	0.0002	0.0001	0.0003	0.0003	0.0002	0.0000	0.0000	0.0001	
3	44	0.0353	6	2	0	2	0	0	0	0	0	Y	N	Y	N	N	N	N	N	N	N	N	N	0.0000	0.0000	0.0000	0.0000	0.0000	0.0000	0.0000	0.0000	0.0000	0.0000	0.0000	0.0000	0.0000	0.0000	0.0000	0.0003	0.0000	0.0012	0.0001	0.0000	0.0216	0.0005	0.0000	0.0011	inf	0.0000	0.0000	0.0000	4.9860	2.0052	2.3663	0.0000	0.0000	0.0000	0.0000	0.0000	0.0000	0.0000	0.0000	0.0000	0.0000	0.0000	0.0000	0.0000	0.0000	0.0000	0.0000	0.0000	0.0000	0.0005	0.0005	0.0001	0.0003	0.0003	0.0000	0.0003	0.0002	0.0001	0.0789	0.0571	0.0218	0.0314	0.0312	0.0002	0.0475	0.0259	0.0217	0.0000	0.0000	0.0000	0.0000	0.0000	0.0000	0.0000	0.0000	0.0000	0.0003	0.0000	0.0012	0.0001	0.0000	0.0216	0.0005	0.0000	0.0011				
3	45	0.0321	5	2	0	1	0	0	0	0	0	Y	N	N	N	N	N	N	N	N	N	N	N	26.0830	28.6078	44.3697	38.0562	27.7576	1403.2856	12.3028	24.1943	0.0403	0.0257	0.1392	0.0612	0.0447	0.7970	0.0185	0.0000	0.0763	0.0015	0.0009	0.0031	0.0016	0.0016	0.0006	0.0015	0.0000	0.0032	0.8028	1.4241	0.0000	0.0000	0.0000	0.0225	2.0052	1.9333	0.0000	0.0000	0.0000	0.0000	0.0000	0.0000	0.0000	0.0000	0.0000	0.0000	0.0000	0.0000	0.0000	0.0000	0.0000	0.0000	0.0000	0.0000	0.0000	0.0000	0.0000	0.0000	0.0000	0.0000	0.0000	0.0000	0.0000	0.0218	0.0155	0.0063	0.0086	0.0086	0.0000	0.0131	0.0068	0.0063	26.0830	28.6078	44.3697	38.0562	27.7576	1403.2856	12.3028	0.0000	24.1943	0.0015	0.0009	0.0031	0.0016	0.0016	0.0006	0.0015	0.0000	0.0032	
3	46	0.0292	4	2	0	1	0	0	0	0	0	Y	N	N	N	N	N	N	N	N	N	N	N	2.2177	7.2528	3.6765	11.7566	6.9483	7353.5193	0.8774	1.8337	0.0009	0.0004	0.0050	0.0013	0.0008	0.7292	0.0005	0.0000	0.0025	0.0004	0.0001	0.0014	0.0001	0.0001	0.0001	0.0006	0.0000	0.0014	1.3847	8.6134	0.0000	0.0000	0.0000	1.0095	2.0052	0.3555	0.0000	0.0000	0.0000	0.0000	0.0000	0.0000	0.0000	0.0000	0.0000	0.0000	0.0000	0.0000	0.0000	0.0000	0.0000	0.0000	0.0000	0.0000	0.0001	0.0001	0.0000	0.0001	0.0001	0.0000	0.0001	0.0000	0.0000	0.0143	0.0103	0.0039	0.0056	0.0056	0.0000	0.0087	0.0048	0.0039	2.2177	7.2528	3.6765	11.7566	6.9483	7353.5193	0.8774	0.0000	1.8337	0.0004	0.0001	0.0014	0.0001	0.0001	0.0001	0.0006	0.0000	0.0014	
3	47	0.1850	17	1	0	2	0	0	0	0	0	N	N	Y	N	N	N	N	N	N	N	N	N	0.0000	0.0000	0.0000	0.0000	0.0000	0.0000	0.0000	0.0000	0.0000	0.0000	0.0000	0.0000	0.0000	0.0000	0.0000	0.0000	0.0000	0.0000	1.1721	1.5405	0.0030	2.6188	2.6347	0.0475	0.0007	0.0001	0.0014	0.0006	0.0000	-0.0939	0.0000	3.0460	2.0052	11.9126	0.0000	0.0000	0.0000	0.0000	0.0000	0.0000	0.0000	0.0000	0.0000	0.1732	0.1731	0.0001	0.1731	0.1731	0.0001	0.0001	0.0000	0.0000	0.0003	0.0003	0.0000	0.0002	0.0002	0.0000	0.0002	0.0001	0.0000	0.1477	0.1124	0.0354	0.0669	0.0657	0.0012	0.0809	0.0467	0.0342	0.0000	0.0000	0.0000	0.0000	0.0000	0.0000	0.0000	0.0000	0.0000	1.1721	1.5405	0.0030	2.5880	2.6347	0.0475	0.0007	0.0001	0.0014	
3	48	0.1716	16	1	0	1	0	0	0	0	0	N	N	N	N	N	N	N	N	N	N	N	N	0.1233	0.0000	5.5452	0.0570	0.0000	36.7995	2.5504	0.0000	9.4144	0.0005	0.0000	0.0049	0.0005	0.0000	0.9754	0.0005	0.0000	0.0025	0.0042	0.0053	0.0009	0.0091	0.0089	0.0265	0.0002	0.0002	0.0003	inf	0.0535	0.0000	-0.0002	0.0000	1.1082	2.0052	5.8288	0.0000	0.0000	0.0000	0.0000	0.0000	0.0000	0.0000	0.0000	0.0000	0.0003	0.0003	0.0000	0.0003	0.0003	0.0000	0.0000	0.0000	0.0000	0.0001	0.0001	0.0000	0.0001	0.0001	0.0000	0.0001	0.0000	0.0000	0.0745	0.0565	0.0180	0.0334	0.0330	0.0004	0.0411	0.0235	0.0176	0.1233	0.0000	5.5452	0.0570	0.0000	36.7995	2.5504	0.0000	9.4144	0.0042	0.0053	0.0009	0.0091	0.0089	0.0265	0.0002	0.0002	0.0003
3	49	0.2028	18	1	1	1	0	0	0	0	0	N	N	N	N	N	N	N	N	N	N	N	N	0.0000	0.0000	0.0000	0.0000	0.0000	0.0000	0.0000	0.0000	0.0000	0.0000	0.0000	0.0000	0.0000	0.0000	0.0000	0.0000	0.0000	0.0000	0.0000	0.0000	0.0000	0.0000	2.0052	2.0001	0.0000	0.0000	0.0000	0.0000	0.0000	0.0000	0.0000	0.0000	0.0000	0.0000	0.0000	0.0000	0.0000	0.0000	0.0000	0.0000	0.0000	0.0000	0.0000	0.0000	0.0000	0.0000	0.0000	0.0000	0.0000	0.0000	0.0000	0.0198	0.0151	0.0047	0.0089	0.0087	0.0002	0.0109	0.0064	0.0045	0.0000	0.0000	0.0000	0.0000	0.0000	0.0000	0.0000	0.0000	0.0000	0.0000	0.0000	0.0000	0.0000	0.0000	0.0000	0.0000	0.0000	0.0000											
3	50	0.1058	11	2	1	2	0	0	0	0	0	Y	N	Y	N	N	N	N	N	N	N	N	N	0.0000	0.0000	0.0000	0.0000	0.0000	0.0000	0.0000	0.0000	0.0000	0.0000	0.0000	0.0000	0.0000	0.0000	0.0000	0.0000	0.0000	0.0000	0.0000	0.0000	0.0000	0.0000	2.0052	1.7047	0.0000	0.0000	0.0000	0.0000	0.0000	0.0000	0.0000	0.0000	0.0000	0.0000	0.0000	0.0000	0.0000	0.0000	0.0000	0.0000	0.0000	0.0000	0.0000	0.0000	0.0000	0.0000	0.0000	0.0000	0.0000	0.0000	0.0000	0.0150	0.0119	0.0031	0.0063	0.0062	0.0001	0.0088	0.0057	0.0030	0.0000	0.0000	0.0000	0.0000	0.0000	0.0000	0.0000	0.0000	0.0000	0.0000	0.0000	0.0000	0.0000	0.0000	0.0000	0.0000	0.0000	0.0000											
3	51	0.1058	11	2	1	2	0	0	0	0	0	Y	N	Y	N	N	N	N	N	N	N	N	N	0.0000	0.0000	0.0000	0.0000	0.0000	0.0000	0.0000	0.0000	0.0000	0.0000	0.0000	0.0000	0.0000	0.0000	0.0000	0.0000	0.0000	0.0000	0.0000	0.0000	0.0000	0.0000	2.0052	0.2953	0.0000	0.0000	0.0000	0.0000	0.0000	0.0000	0.0000	0.0000	0.0000	0.0000	0.0000	0.0000	0.0000	0.0000	0.0000	0.0000	0.0000	0.0000	0.0000	0.0000	0.0000	0.0000	0.0000	0.0000	0.0000	0.0000	0.0000	0.0059	0.0051	0.0008	0.0027	0.0027	0.0000	0.0032	0.0024	0.0008	0.0000	0.0000	0.0000	0.0000	0.0000	0.0000	0.0000	0.0000	0.0000	0.0000	0.0000	0.0000	0.0000	0.0000	0.0000	0.0000	0.0000	0.0000											
3	52	0.1029	10	2	1	2	0	0	0	0	0	Y	N	Y	N	N	N	N	N	N	N	N	N	0.0000	0.0000	0.0000	0.0000	0.0000	0.0000	0.0000	0.0000	0.0000	0.0000	0.0000	0.0000	0.0000	0.0000	0.0000	0.0000	0.0000	0.0000	0.0000	0.0000	0.0000	0.0000	0.0000	0.0000	0.0000	0.2783	0.0000	-0.0000	0.0000	0.0001	2.0052	1.7968	0.0000	0.0000	0.0000	0.0000	0.0000	0.0000	0.0000	0.0000	0.0000	0.0000	0.0000	0.0000	0.0000	0.0000	0.0000	0.0000	0.0000	0.0000	0.0000	0.0000	0.0000	0.0000	0.0000	0.0000	0.0000	0.0000	0.0000	0.0134	0.0102	0.0033	0.0053	0.0053	0.0001	0.0081	0.0049	0.0032	0.0000	0.0000	0.0000	0.0000	0.0000	0.0000	0.0000	0.0000	0.0000	0.0000	0.0000	0.0000	0.0000	0.0000	0.0000	0.0000	0.0000	0.0000			
3	53	0.1487	8	2	1	1	0	0	0	0	0	Y	N	N	N	N	N	N	N	N	N	N	N	0.0000	0.0000	0.0000	0.0000	0.0000	0.0000	0.0000	0.0000	0.0000	0.0000	0.0000	0.0000	0.0000	0.0000	0.0000	0.0000	0.0000	0.0000	0.0000	0.0000	0.0000	0.0000	0.0000	0.0000	0.0000	0.3881	0.0000	-0.0000	0.0000	1.8240	2.0052	0.8872	0.0000	0.0000	0.0000	0.0000	0.0000	0.0000	0.0000	0.0000	0.0000	0.0000	0.0000	0.0000	0.0000	0.0000	0.0000	0.0000	0.0000	0.0000	0.0002	0.0002	0.0000	0.0001	0.0001	0.0000	0.0001	0.0001	0.0000	0.0199	0.0151	0.0047	0.0083	0.0082	0.0001	0.0116	0.0070	0.0046	0.0000	0.0000	0.0000	0.0000	0.0000	0.0000	0.0000	0.0000	0.0000	0.0000	0.0000	0.0000	0.0000	0.0000	0.0000	0.0000	0.0000	0.0000			
3	54	0.2327	20	1	1	1	1	0	0	0	0	N	N	N	N	N	N	N	N	N	N	N	N	0.0000	0.0000	0.0000	0.0000	0.0000	0.0000	0.0000	0.0000	0.0000	0.0000	0.0000	0.0000	0.0000	0.0048	0.0000	0.0197	0.0000	0.0000	0.0000	0.0086	0.0000	0.0202	inf	0.0000	0.0001	0.0000	0.0007	2.0052	4.7762	0.0000	0.0000	0.0000	0.0000	0.0000	0.0000	0.0000	0.0000	0.0000	0.0002	0.0000	0.0002	0.0000	0.0000	0.0000	0.0002	0.0000	0.0002	0.0000	0.0000	0.0000	0.0000	0.0000	0.0000	0.0000	0.0000	0.0000	0.0435	0.0329	0.0106	0.0192	0.0189	0.0003	0.0243	0.0140	0.0103	0.0000	0.0000	0.0000	0.0000	0.0000	0.0000	0.0000	0.0000	0.0000	0.0048	0.0000	0.0197	0.0000	0.0000	0.0000	0.0086	0.0000	0.0202						
3	55	0.2327	20	1	0	1	1	0	0	0	0	N	N	N	N	N	N	N	N	N	N	N	N	0.0000	0.0000	0.0000	0.0000	0.0000	0.0000	0.0000	0.0000	0.0000	0.0000	0.0000	0.0000	0.0000	0.0000	0.0000	0.0000	0.0001	0.0001	0.0000	0.0000	0.0000	0.0000	0.0001	0.0000	-0.0000	0.0000	0.0007	2.0052	3.2259	0.0000	0.0000	0.0000	0.0000	0.0000	0.0000	0.0000	0.0000	0.0000	0.0000	0.0000	0.0000	0.0000	0.0000	0.0000	0.0000	0.0000	0.0000	0.0000	0.0000	0.0000	0.0000	0.0000	0.0000	0.0000	0.0000	0.0000	0.0303	0.0229	0.0074	0.0134	0.0132	0.0002	0.0169	0.0097	0.0072	0.0000	0.0000	0.0000	0.0000	0.0000	0.0000	0.0000	0.0000	0.0000	0.0000	0.0000	0.0000	0.0001	0.0001	0.0000	0.0000	0.0000	0.0000						
3	56	0.2284	19	1	0	1	1	0	0	0	0	N	N	N	N	N	N	N	N	N	N	N	N	0.0000	0.0000	0.0000	0.0000	0.0000	0.0000	0.0000	0.0000	0.0000	0.0000	0.0000	0.0000	0.0000	0.0000	0.0000	0.0000	0.0002	0.0000	0.0008	0.0000	0.0000	0.0000	0.0003	0.0000	0.0008	204.5169	0.0000	0.0000	0.0000	0.9953	2.0052	1.3904	0.0000	0.0000	0.0000	0.0000	0.0000	0.0000	0.0000	0.0000	0.0000	0.0000	0.0000	0.0000	0.0000	0.0000	0.0000	0.0000	0.0000	0.0000	0.0001	0.0001	0.0000	0.0001	0.0001	0.0000	0.0001	0.0000	0.0000	0.0228	0.0173	0.0055	0.0101	0.0099	0.0002	0.0127	0.0074	0.0053	0.0000	0.0000	0.0000	0.0000	0.0000	0.0000	0.0000	0.0000	0.0000	0.0002	0.0000	0.0008	0.0000	0.0000	0.0000	0.0003	0.0000	0.0008			
3	57	0.2217	18	1	0	1	1	0	0	0	0	N	N	N	N	N	N	N	N	N	N	N	N	0.0000	0.0000	0.0000	0.0000	0.0000	0.0000	0.0000	0.0000	0.0000	0.0000	0.0000	0.0000	0.0000	0.0000	0.0000	0.0000	0.0000	0.0005	0.0005	0.0005	0.0009	0.0009	0.0000	0.0002	0.0000	0.0005	0.2914	0.0000	-0.0000	0.0000	0.0068	2.0052	3.2797	0.0000	0.0000	0.0000	0.0000	0.0000	0.0000	0.0000	0.0000	0.0000	0.0000	0.0000	0.0000	0.0000	0.0000	0.0000	0.0000	0.0000	0.0000	0.0000	0.0000	0.0000	0.0000	0.0000	0.0000	0.0000	0.0000	0.0000	0.0304	0.0228	0.0077	0.0134	0.0132	0.0002	0.0170	0.0096	0.0074	0.0000	0.0000	0.0000	0.0000	0.0000	0.0000	0.0000	0.0000	0.0000	0.0005	0.0005	0.0005	0.0009	0.0009	0.0000	0.0002	0.0000	0.0005		
3	58	0.1805	17	1	0	1	1	0	0	0	0	N	N	N	N	N	N	N	N	N	N	N	N	0.0000	0.0000	0.0000	0.0000	0.0000	0.0000	0.0000	0.0000	0.0000	0.0000	0.0000	0.0000	0.0000	0.0000	0.0000	0.0000	0.0000	0.9631	1.2728	0.0018	2.1876	2.2180	0.0272	0.0005	0.0000	0.0012	0.0005	0.0000	-0.0939	0.0000	5.8573	2.0052	13.1443	0.0000	0.0000	0.0000	0.0000	0.0000	0.0000	0.0000	0.0000	0.0000	0.1730	0.1730	0.0001	0.1730	0.1730	0.0000	0.0000	0.0000	0.0000	0.0006	0.0006	0.0001	0.0003	0.0003	0.0000	0.0003	0.0003	0.0001	0.1797	0.1359	0.0438	0.0791	0.0780	0.0011	0.1006	0.0579	0.0427	0.0000	0.0000	0.0000	0.0000	0.0000	0.0000	0.0000	0.0000	0.0000	0.9631	1.2728	0.0018	2.1876	2.2180	0.0272	0.0005	0.0000	0.0012		
3	59	0.1031	11	1	1	2	0	0	0	0	0	N	N	Y	N	N	N	N	N	N	N	N	N	0.0044	0.0156	3.3880	21.2084	0.0024	0.0078	0.0008	0.0000	0.0074	0.0008	0.0000	0.9910	0.0008	0.0000	0.0037	0.1786	0.0000	0.4740	0.0002	0.0000	0.0467	0.3192	0.0000	0.4764	inf	inf	0.0000	0.0058	0.0000	0.9979	2.0052	4.0614	0.0000	0.0000	0.0000	0.0000	0.0000	0.0000	0.0000	0.0000	0.0000	0.0126	0.0000	0.0126	0.0000	0.0000	0.0000	0.0126	0.0000	0.0126	0.0001	0.0001	0.0000	0.0001	0.0001	0.0000	0.0001	0.0000	0.0000	0.0706	0.0440	0.0266	0.0311	0.0310	0.0002	0.0395	0.0130	0.0265	0.0044	0.0000	0.0156	3.3880	0.0000	21.2084	0.0024	0.0000	0.0078	0.1786	0.0000	0.4740	0.0002	0.0000	0.0467	0.3192	0.0000	0.4764			
3	60	0.0946	10	1	1	1	0	0	0	0	0	N	N	N	N	N	N	N	N	N	N	N	N	0.2301	0.0000	1.6957	0.2036	0.0000	4793.8962	0.2569	0.0000	0.8466	0.0810	0.0000	0.7710	0.0810	0.0000	128.7639	0.0811	0.0000	0.3867	0.3522	0.2876	0.4547	0.3976	0.3992	0.0269	0.3158	0.0000	0.4567	inf	0.9948	0.0000	-0.0010	0.0000	2.2356	2.0052	2.2044	0.0000	0.0000	0.0000	0.0000	0.0000	0.0000	0.0000	0.0000	0.0000	0.0233	0.0117	0.0116	0.0117	0.0117	0.0000	0.0116	0.0000	0.0116	0.0002	0.0002	0.0000	0.0001	0.0001	0.0000	0.0001	0.0001	0.0000	0.0663	0.0407	0.0256	0.0294	0.0293	0.0001	0.0368	0.0114	0.0255	0.2301	0.0000	1.6957	0.2036	0.0000	4793.8962	0.2569	0.0000	0.8466	0.3522	0.2876	0.4547	0.3976	0.3992	0.0269	0.3158	0.0000	0.4567
3	61	0.0286	4	2	0	2	0	0	0	0	0	Y	N	Y	N	N	N	N	N	N	N	N	N	0.0085	1.0098	0.0000	0.0310	0.5654	0.0000	0.0000	0.0000	0.0000	0.0000	0.0000	0.0000	0.0000	0.0000	0.0000	0.0000	0.0000	0.0002	0.0000	0.0007	0.0001	0.0000	0.0220	0.0003	0.0000	0.0006	0.0000	84.8184	-0.0000	0.0000	0.0000	2.0703	2.0052	7.0012	0.0000	0.0000	0.0000	0.0000	0.0000	0.0000	0.0000	0.0000	0.0000	0.0000	0.0000	0.0000	0.0000	0.0000	0.0000	0.0000	0.0000	0.0000	0.0026	0.0014	0.0012	0.0013	0.0013	0.0000	0.0013	0.0001	0.0012	0.0908	0.0660	0.0248	0.0352	0.0351	0.0002	0.0556	0.0309	0.0247	0.0085	1.0098	0.0000	0.0310	0.5654	0.0000	0.0000	0.0000	0.0000	0.0002	0.0000	0.0007	0.0001	0.0000	0.0220	0.0003	0.0000	0.0006	
3	62	0.0270	3	1	0	1	0	0	0	0	0	N	N	N	N	N	N	N	N	N	N	N	N	0.0434	0.0814	0.0063	0.0564	0.0536	189.7176	0.0054	0.0031	0.0001	0.0002	0.0000	0.0003	0.0003	0.0534	0.0000	0.0000	0.0000	0.0033	0.0026	0.0051	0.0049	0.0049	0.0003	0.0023	0.0000	0.0052	0.0946	0.7461	-0.0000	-0.0000	0.0000	0.9285	2.0052	0.0280	0.0000	0.0000	0.0000	0.0000	0.0000	0.0000	0.0000	0.0000	0.0000	0.0000	0.0000	0.0000	0.0000	0.0000	0.0000	0.0000	0.0000	0.0000	0.0004	0.0002	0.0001	0.0002	0.0002	0.0000	0.0002	0.0000	0.0001	0.0101	0.0073	0.0028	0.0039	0.0039	0.0000	0.0062	0.0034	0.0028	0.0434	0.0814	0.0063	0.0564	0.0536	189.7176	0.0054	0.0000	0.0031	0.0033	0.0026	0.0051	0.0049	0.0049	0.0003	0.0023	0.0000	0.0052	
3	63	0.1176	10	2	1	1	0	0	0	0	0	Y	N	N	N	N	N	N	N	N	N	N	N	0.0000	0.0000	0.0000	0.0000	0.0000	0.0000	0.0000	0.0000	0.0000	0.0000	0.0000	0.0000	0.0000	0.0000	0.0000	0.0000	0.0000	0.0000	0.0000	0.0000	0.0000	0.0000	0.0000	0.0000	0.0000	0.0000	58.1087	0.0000	0.0000	0.0000	1.0023	2.0052	3.0135	0.0000	0.0000	0.0000	0.0000	0.0000	0.0000	0.0000	0.0000	0.0000	0.0000	0.0000	0.0000	0.0000	0.0000	0.0000	0.0000	0.0000	0.0000	0.0001	0.0001	0.0000	0.0001	0.0001	0.0000	0.0001	0.0000	0.0000	0.0265	0.0201	0.0064	0.0101	0.0100	0.0001	0.0164	0.0101	0.0063	0.0000	0.0000	0.0000	0.0000	0.0000	0.0000	0.0000	0.0000	0.0000	0.0000	0.0000	0.0000	0.0000	0.0000	0.0000	0.0000	0.0000	0.0000		
3	64	0.0912	9	2	1	1	0	0	0	0	0	Y	N	N	N	N	N	N	N	N	N	N	N	0.0000	0.0000	0.0000	0.0000	0.0000	0.0000	0.0000	0.0000	0.0000	0.0000	0.0000	0.0000	0.0000	0.0000	0.0000	0.0000	0.0000	0.0000	0.0000	0.0000	0.0000	0.0000	0.0000	0.0000	0.0000	0.0618	0.0000	-0.0000	0.0000	3.0820	2.0052	9.3392	0.0000	0.0000	0.0000	0.0000	0.0000	0.0000	0.0000	0.0000	0.0000	0.0000	0.0000	0.0000	0.0000	0.0000	0.0000	0.0000	0.0000	0.0000	0.0003	0.0003	0.0000	0.0002	0.0002	0.0000	0.0002	0.0001	0.0000	0.0779	0.0585	0.0194	0.0290	0.0287	0.0003	0.0489	0.0298	0.0191	0.0000	0.0000	0.0000	0.0000	0.0000	0.0000	0.0000	0.0000	0.0000	0.0000	0.0000	0.0000	0.0000	0.0000	0.0000	0.0000	0.0000	0.0000			
3	65	0.0946	10	1	1	1	0	0	0	0	0	N	N	N	N	N	N	N	N	N	N	N	N	0.0002	0.0001	0.0000	0.0001	0.0001	0.0000	0.0000	0.0000	0.0003	0.0004	0.0000	0.0007	0.0007	0.0000	0.0000	0.0000	0.0000	1.8855	2.9192	0.0000	5.1663	4.4605	0.0000	0.0000	0.0000	0.0000	0.0000	0.0000	-0.0000	-0.0872	0.0000	1.7946	2.0052	5.9592	0.0000	0.0000	0.0000	0.0000	0.0000	0.0000	0.0000	0.0000	0.0000	0.1607	0.1607	0.0000	0.1607	0.1607	0.0000	0.0000	0.0000	0.0000	0.0002	0.0002	0.0000	0.0001	0.0001	0.0000	0.0001	0.0001	0.0000	0.0852	0.0550	0.0302	0.0362	0.0360	0.0002	0.0490	0.0190	0.0300	0.0002	0.0001	0.0000	0.0002	0.0001	0.0000	0.0000	0.0000	0.0000	1.8855	2.9192	0.0000	4.4353	4.4605	0.0000	0.0000	0.0000	0.0000	
3	66	0.0878	9	1	1	1	0	0	0	0	0	N	N	N	N	N	N	N	N	N	N	N	N	0.0008	0.0000	0.0957	0.0003	0.0000	66142.4418	0.0236	0.0000	0.0473	0.0004	0.0000	0.0042	0.0005	0.0000	1.1710	0.0004	0.0000	0.0021	0.5448	0.7283	0.0439	1.4286	1.4425	0.0000	0.0188	0.0000	0.0445	inf	0.0221	0.0000	-0.0067	0.0000	1.3569	2.0052	2.0560	0.0000	0.0000	0.0000	0.0000	0.0000	0.0000	0.0000	0.0000	0.0000	0.0128	0.0125	0.0003	0.0125	0.0125	0.0000	0.0003	0.0000	0.0003	0.0001	0.0001	0.0000	0.0001	0.0001	0.0000	0.0001	0.0001	0.0000	0.0235	0.0172	0.0063	0.0088	0.0087	0.0001	0.0147	0.0085	0.0062	0.0008	0.0000	0.0957	0.0003	0.0000	66142.4418	0.0236	0.0000	0.0473	0.5448	0.7283	0.0439	1.4286	1.4425	0.0000	0.0188	0.0000	0.0445
3	67	0.0744	8	1	1	1	0	0	0	0	0	N	N	N	N	N	N	N	N	N	N	N	N	0.0000	0.0000	0.0000	0.0000	0.0000	0.0000	0.0000	0.0000	0.0000	0.0000	0.0000	0.0000	0.0000	0.0000	0.0000	0.0000	0.0075	0.0085	0.0048	0.0164	0.0165	0.0000	0.0021	0.0000	0.0049	0.2153	0.0000	-0.0001	0.0000	4.9477	2.0052	2.0153	0.0000	0.0000	0.0000	0.0000	0.0000	0.0000	0.0000	0.0000	0.0000	0.0004	0.0003	0.0001	0.0003	0.0003	0.0000	0.0001	0.0000	0.0001	0.0005	0.0005	0.0001	0.0003	0.0003	0.0000	0.0003	0.0002	0.0001	0.0494	0.0357	0.0137	0.0187	0.0185	0.0001	0.0307	0.0172	0.0135	0.0000	0.0000	0.0000	0.0000	0.0000	0.0000	0.0000	0.0000	0.0000	0.0075	0.0085	0.0048	0.0164	0.0165	0.0000	0.0021	0.0000	0.0049			
3	68	0.2028	18	1	0	2	0	0	0	0	0	N	N	Y	N	N	N	N	N	N	N	N	N	0.0000	0.0000	0.0000	0.0000	0.0000	0.0000	0.0000	0.0000	0.0000	0.0000	0.0000	0.0000	0.0000	0.0000	0.0000	0.0000	0.0000	0.0000	0.0000	0.0000	0.0000	0.0000	2.0052	4.0001	0.0000	0.0000	0.0000	0.0000	0.0000	0.0000	0.0000	0.0000	0.0000	0.0000	0.0000	0.0000	0.0000	0.0000	0.0000	0.0000	0.0000	0.0000	0.0000	0.0000	0.0000	0.0000	0.0000	0.0000	0.0000	0.0000	0.0000	0.0392	0.0299	0.0092	0.0176	0.0172	0.0003	0.0216	0.0127	0.0089	0.0000	0.0000	0.0000	0.0000	0.0000	0.0000	0.0000	0.0000	0.0000	0.0000	0.0000	0.0000	0.0000	0.0000	0.0000	0.0000	0.0000	0.0000											
3	69	0.1805	17	1	0	1	0	0	0	0	0	N	N	N	N	N	N	N	N	N	N	N	N	0.0000	0.0000	0.0000	0.0000	0.0000	0.0000	0.0000	0.0000	0.0000	0.0000	0.0000	0.0000	0.0000	0.0000	0.0000	0.0000	0.0000	0.0031	0.0001	0.0123	0.0008	0.0001	0.0493	0.0049	0.0000	0.0114	75.5509	0.0000	0.0002	0.0000	2.8240	2.0052	8.9883	0.0000	0.0000	0.0000	0.0000	0.0000	0.0000	0.0000	0.0000	0.0000	0.0004	0.0000	0.0004	0.0000	0.0000	0.0000	0.0003	0.0000	0.0003	0.0003	0.0003	0.0000	0.0002	0.0002	0.0000	0.0002	0.0001	0.0000	0.1189	0.0896	0.0293	0.0526	0.0519	0.0007	0.0663	0.0377	0.0286	0.0000	0.0000	0.0000	0.0000	0.0000	0.0000	0.0000	0.0000	0.0000	0.0031	0.0001	0.0123	0.0008	0.0001	0.0493	0.0049	0.0000	0.0114		
3	70	0.1716	16	1	0	1	0	0	0	0	0	N	N	N	N	N	N	N	N	N	N	N	N	0.0570	0.0000	1.5241	0.0264	0.0000	10.4559	1.4813	0.0000	5.5084	0.0004	0.0000	0.0038	0.0004	0.0000	0.9675	0.0004	0.0000	0.0019	0.0070	0.0084	0.0025	0.0151	0.0142	0.0925	0.0003	0.0002	0.0003	inf	0.0935	0.0000	-0.0002	0.0000	1.4521	2.0052	3.5882	0.0000	0.0000	0.0000	0.0000	0.0000	0.0000	0.0000	0.0000	0.0000	0.0004	0.0004	0.0000	0.0004	0.0004	0.0000	0.0000	0.0000	0.0000	0.0002	0.0001	0.0000	0.0001	0.0001	0.0000	0.0001	0.0001	0.0000	0.0568	0.0431	0.0138	0.0256	0.0253	0.0003	0.0312	0.0178	0.0134	0.0570	0.0000	1.5241	0.0264	0.0000	10.4559	1.4813	0.0000	5.5084	0.0070	0.0084	0.0025	0.0151	0.0142	0.0925	0.0003	0.0002	0.0003
3	71	0.1688	15	1	0	1	0	0	0	0	0	N	N	N	N	N	N	N	N	N	N	N	N	116.3657	0.0220	376.4301	66.3898	0.0233	350.7984	312.9892	640.1902	0.1490	0.0000	1.3756	0.1484	0.0000	42.8321	0.1496	0.0000	0.6990	0.0013	0.0005	0.0037	0.0022	0.0009	0.1221	0.0005	0.0000	0.0011	14681.8090	2.2626	0.0000	0.0000	0.0000	1.1783	2.0052	0.9542	0.0000	0.0000	0.0000	0.0000	0.0000	0.0000	0.0000	0.0000	0.0000	0.0000	0.0000	0.0000	0.0000	0.0000	0.0000	0.0000	0.0000	0.0000	0.0001	0.0001	0.0000	0.0001	0.0001	0.0000	0.0001	0.0001	0.0000	0.0272	0.0206	0.0066	0.0124	0.0123	0.0001	0.0148	0.0083	0.0065	116.3657	0.0220	376.4301	66.3898	0.0233	350.7984	312.9892	0.0000	640.1902	0.0013	0.0005	0.0037	0.0022	0.0009	0.1221	0.0005	0.0000	0.0011	
3	72	0.1643	14	1	0	1	0	0	0	0	0	N	N	N	N	N	N	N	N	N	N	N	N	1.7963	0.0000	8.7969	1.0889	0.0000	123.0800	3.8419	7.9022	0.0019	0.0000	0.0177	0.0019	0.0000	4.9171	0.0019	0.0000	0.0089	0.0010	0.0007	0.0020	0.0017	0.0012	0.0400	0.0005	0.0000	0.0011	inf	0.8925	0.0000	-0.0000	0.0000	2.0762	2.0052	1.4610	0.0000	0.0000	0.0000	0.0000	0.0000	0.0000	0.0000	0.0000	0.0000	0.0000	0.0000	0.0000	0.0000	0.0000	0.0000	0.0000	0.0000	0.0000	0.0002	0.0002	0.0000	0.0001	0.0001	0.0000	0.0001	0.0001	0.0000	0.0398	0.0302	0.0097	0.0179	0.0177	0.0002	0.0219	0.0124	0.0094	1.7963	0.0000	8.7969	1.0889	0.0000	123.0800	3.8419	0.0000	7.9022	0.0010	0.0007	0.0020	0.0017	0.0012	0.0400	0.0005	0.0000	0.0011	
3	73	0.1000	10	1	0	1	0	0	0	0	0	N	N	N	N	N	N	N	N	N	N	N	N	0.0000	0.0000	0.0000	0.0000	0.0000	0.0000	0.0000	0.0000	0.0000	0.0000	0.0000	0.0000	0.0000	0.0000	0.0000	0.0000	0.0000	0.0000	0.0000	0.0000	0.0000	0.0000	0.0000	0.0000	0.2174	0.0000	-0.0000	0.0000	4.0673	2.0052	17.8409	0.0000	0.0000	0.0000	0.0000	0.0000	0.0000	0.0000	0.0000	0.0000	0.0000	0.0000	0.0000	0.0000	0.0000	0.0000	0.0000	0.0000	0.0000	0.0004	0.0004	0.0000	0.0002	0.0002	0.0000	0.0002	0.0002	0.0000	0.1302	0.0977	0.0325	0.0492	0.0486	0.0006	0.0810	0.0491	0.0319	0.0000	0.0000	0.0000	0.0000	0.0000	0.0000	0.0000	0.0000	0.0000	0.0000	0.0000	0.0000	0.0000	0.0000	0.0000	0.0000	0.0000	0.0000				
3	75	0.2367	14	1	0	1	0	0	0	0	0	N	N	N	N	N	N	N	N	N	N	N	N	0.0011	0.0018	0.0000	0.0023	0.0022	0.0000	0.0000	0.0023	0.0000	0.0003	0.0003	0.0000	0.0005	0.0005	0.0000	0.0000	0.0000	0.0000	0.2498	0.1742	0.4609	0.2418	0.2466	0.2078	0.2613	0.0034	0.5573	0.0000	0.9474	-0.0000	-0.0069	0.0000	3.5843	2.0052	46.7516	0.0000	0.0000	0.0000	0.0000	0.0000	0.0000	0.0000	0.0000	0.0000	0.1215	0.0624	0.0591	0.0694	0.0620	0.0073	0.0521	0.0004	0.0518	0.0004	0.0004	0.0000	0.0002	0.0002	0.0000	0.0002	0.0002	0.0000	0.4864	0.3581	0.1282	0.2869	0.2515	0.0354	0.1995	0.1066	0.0929	0.0011	0.0018	0.0000	0.0023	0.0022	0.0000	0.0000	0.0023	0.0000	0.2498	0.1742	0.4609	0.2418	0.2466	0.2078	0.2613	0.0034	0.5573
3	76	0.0117	2	2	1	2	0	0	0	0	0	Y	N	Y	N	N	N	N	N	N	N	N	N	0.0000	0.0000	0.0000	0.0000	0.0000	0.0000	0.0000	0.0000	0.0000	0.0000	0.0000	0.0000	0.0000	0.0000	0.0000	0.0000	0.0715	0.1067	0.0025	0.1810	0.1819	0.0000	0.0014	0.0000	0.0025	0.0119	0.0000	-0.0008	0.0000	1.0003	2.0052	1.0071	0.0000	0.0000	0.0000	0.0000	0.0000	0.0000	0.0000	0.0000	0.0000	0.0015	0.0015	0.0000	0.0015	0.0015	0.0000	0.0000	0.0000	0.0000	0.0001	0.0001	0.0000	0.0000	0.0000	0.0000	0.0000	0.0000	0.0000	0.0213	0.0141	0.0072	0.0083	0.0083	0.0000	0.0130	0.0058	0.0071	0.0000	0.0000	0.0000	0.0000	0.0000	0.0000	0.0000	0.0000	0.0000	0.0715	0.1067	0.0025	0.1810	0.1819	0.0000	0.0014	0.0000	0.0025			
3	78	0.1176	11	1	1	1	0	0	0	0	0	N	N	N	N	N	N	N	N	N	N	N	N	0.0000	0.0000	0.0000	0.0000	0.0000	0.0000	0.0000	0.0000	0.0000	0.0000	0.0000	0.0000	0.0000	0.0000	0.0000	0.0000	0.0000	0.0000	0.1459	0.1915	0.0033	0.0020	0.0014	0.0046	0.3833	0.6689	0.0022	0.0055	-0.0000	-0.0230	0.0000	8.4371	2.0052	15.3349	0.0000	0.0000	0.0000	0.0000	0.0000	0.0000	0.0000	0.0000	0.0000	0.0429	0.0426	0.0002	0.0004	0.0002	0.0001	0.0425	0.0424	0.0001	0.0009	0.0008	0.0001	0.0005	0.0005	0.0000	0.0005	0.0004	0.0001	0.2936	0.2226	0.0711	0.1828	0.1502	0.0326	0.1109	0.0724	0.0385	0.0000	0.0000	0.0000	0.0000	0.0000	0.0000	0.0000	0.0000	0.0000	0.1459	0.1915	0.0033	0.0020	0.0014	0.0046	0.3833	0.5859	0.0022	
3	84	0.1374	13	1	1	1	0	0	0	0	0	N	N	N	N	N	N	N	N	N	N	N	N	0.0000	0.0000	0.0000	0.0000	0.0000	0.0000	0.0000	0.0000	0.0000	0.0000	0.0000	0.0000	0.0000	0.0000	0.0000	0.0000	0.0000	0.0000	0.0047	0.0044	0.0059	0.0016	0.0002	0.0142	0.0092	0.0137	0.0032	0.4164	0.0000	-0.0004	0.0000	7.1084	2.0052	28.8937	0.0000	0.0000	0.0000	0.0000	0.0000	0.0000	0.0000	0.0000	0.0000	0.0017	0.0012	0.0005	0.0003	0.0000	0.0003	0.0014	0.0012	0.0002	0.0008	0.0007	0.0001	0.0004	0.0004	0.0000	0.0004	0.0003	0.0001	0.3677	0.2811	0.0866	0.2158	0.1946	0.0212	0.1519	0.0865	0.0654	0.0000	0.0000	0.0000	0.0000	0.0000	0.0000	0.0000	0.0000	0.0000	0.0047	0.0044	0.0059	0.0016	0.0002	0.0142	0.0092	0.0137	0.0032	
3	85	0.1300	12	1	1	1	0	0	0	0	0	N	N	N	N	N	N	N	N	N	N	N	N	0.0000	0.0000	0.0000	0.0000	0.0000	0.0000	0.0000	0.0000	0.0000	0.0000	0.0000	0.0000	0.0000	0.0000	0.0000	0.0000	0.0000	0.0000	0.2719	0.3586	0.0038	0.0151	0.0189	0.0035	0.8006	1.1402	0.0045	0.0034	0.0000	-0.0232	0.0000	2.2208	2.0052	3.9129	0.0000	0.0000	0.0000	0.0000	0.0000	0.0000	0.0000	0.0000	0.0000	0.0430	0.0428	0.0001	0.0016	0.0015	0.0001	0.0414	0.0413	0.0001	0.0002	0.0002	0.0000	0.0001	0.0001	0.0000	0.0001	0.0001	0.0000	0.1581	0.1195	0.0387	0.1064	0.0807	0.0257	0.0517	0.0388	0.0129	0.0000	0.0000	0.0000	0.0000	0.0000	0.0000	0.0000	0.0000	0.0000	0.2719	0.3586	0.0038	0.0151	0.0189	0.0035	0.8006	1.0659	0.0045	
3	86	0.2054	14	1	0	2	0	0	0	0	0	N	N	Y	N	N	N	N	N	N	N	N	N	0.0000	0.0000	0.0000	0.0000	0.0000	0.0000	0.0000	0.0000	0.0000	0.0000	0.0000	0.0000	0.0000	0.0000	0.0000	0.0000	0.0000	0.0022	0.0028	0.0000	0.0051	0.0053	0.0000	0.0000	0.0000	0.0000	0.0005	0.0000	-0.0001	0.0000	5.3425	2.0052	7.0749	0.0000	0.0000	0.0000	0.0000	0.0000	0.0000	0.0000	0.0000	0.0000	0.0002	0.0002	0.0000	0.0002	0.0002	0.0000	0.0000	0.0000	0.0000	0.0006	0.0005	0.0001	0.0003	0.0003	0.0000	0.0003	0.0002	0.0001	0.0811	0.0617	0.0194	0.0340	0.0331	0.0009	0.0470	0.0286	0.0184	0.0000	0.0000	0.0000	0.0000	0.0000	0.0000	0.0000	0.0000	0.0000	0.0022	0.0028	0.0000	0.0051	0.0053	0.0000	0.0000	0.0000	0.0000		
3	87	0.1623	13	1	0	1	0	0	0	0	0	N	N	N	N	N	N	N	N	N	N	N	N	0.0000	0.0000	0.0000	0.0000	0.0000	0.0000	0.0000	0.0000	0.0000	0.0000	0.0000	0.0000	0.0000	0.0000	0.0000	0.0000	0.0000	0.0000	0.1157	0.1518	0.0088	0.2283	0.2590	0.0294	0.0019	0.0023	0.0013	0.0196	-0.0000	-0.0115	0.0000	7.0719	2.0052	13.7350	0.0000	0.0000	0.0000	0.0000	0.0000	0.0000	0.0000	0.0000	0.0000	0.0220	0.0216	0.0004	0.0218	0.0215	0.0004	0.0002	0.0001	0.0000	0.0008	0.0007	0.0001	0.0004	0.0004	0.0000	0.0004	0.0003	0.0001	0.1902	0.1422	0.0480	0.0956	0.0828	0.0128	0.0946	0.0593	0.0353	0.0000	0.0000	0.0000	0.0000	0.0000	0.0000	0.0000	0.0000	0.0000	0.1157	0.1518	0.0088	0.2283	0.2590	0.0294	0.0019	0.0023	0.0013	
3	88	0.1049	11	2	0	2	0	0	0	0	0	Y	N	Y	N	N	N	N	N	N	N	N	N	0.0000	0.0000	0.0000	0.0000	0.0000	0.0000	0.0000	0.0000	0.0000	0.0000	0.0000	0.0000	0.0000	0.0000	0.0000	0.0000	0.0000	0.0000	0.0000	0.0000	0.0000	0.0000	2.0052	0.0000	0.0000	0.0000	0.0000	0.0000	0.0000	0.0000	0.0000	0.0000	0.0000	0.0000	0.0000	0.0000	0.0000	0.0000	0.0000	0.0000	0.0000	0.0000	0.0000	0.0000	0.0000	0.0000	0.0000	0.0000	0.0000	0.0000	0.0000	0.0000	0.0000	0.0000	0.0000	0.0000	0.0000	0.0000	0.0000	0.0000	0.0000	0.0000	0.0000	0.0000	0.0000	0.0000	0.0000	0.0000	0.0000	0.0000	0.0000	0.0000	0.0000	0.0000	0.0000	0.0000	0.0000	0.0000											
3	89	0.1029	10	2	0	2	0	0	0	0	0	Y	N	Y	N	N	N	N	N	N	N	N	N	0.0000	0.0000	0.0000	0.0000	0.0000	0.0000	0.0000	0.0000	0.0000	0.0000	0.0000	0.0000	0.0000	0.0000	0.0000	0.0000	0.0000	0.0000	0.0000	0.0000	0.0000	0.0000	0.0000	0.0000	0.0000	0.2783	0.0000	-0.0000	0.0000	0.0001	2.0052	0.9161	0.0000	0.0000	0.0000	0.0000	0.0000	0.0000	0.0000	0.0000	0.0000	0.0000	0.0000	0.0000	0.0000	0.0000	0.0000	0.0000	0.0000	0.0000	0.0000	0.0000	0.0000	0.0000	0.0000	0.0000	0.0000	0.0000	0.0000	0.0078	0.0059	0.0018	0.0032	0.0031	0.0000	0.0046	0.0028	0.0018	0.0000	0.0000	0.0000	0.0000	0.0000	0.0000	0.0000	0.0000	0.0000	0.0000	0.0000	0.0000	0.0000	0.0000	0.0000	0.0000	0.0000	0.0000			
3	90	0.0781	9	2	0	2	0	0	0	0	0	Y	N	Y	N	N	N	N	N	N	N	N	N	0.0000	0.0000	0.0000	0.0000	0.0000	0.0000	0.0000	0.0000	0.0000	0.0000	0.0000	0.0000	0.0000	0.0000	0.0000	0.0000	0.0000	0.0066	0.0044	0.0125	0.0088	0.0087	0.0152	0.0052	0.0000	0.0125	1.0336	0.0000	-0.0000	0.0000	3.7876	2.0052	7.8440	0.0000	0.0000	0.0000	0.0000	0.0000	0.0000	0.0000	0.0000	0.0000	0.0005	0.0002	0.0003	0.0003	0.0002	0.0000	0.0003	0.0000	0.0003	0.0004	0.0004	0.0000	0.0002	0.0002	0.0000	0.0002	0.0002	0.0000	0.0767	0.0563	0.0204	0.0286	0.0284	0.0002	0.0481	0.0279	0.0202	0.0000	0.0000	0.0000	0.0000	0.0000	0.0000	0.0000	0.0000	0.0000	0.0066	0.0044	0.0125	0.0088	0.0087	0.0152	0.0052	0.0000	0.0125		
3	91	0.1105	11	1	1	1	1	0	0	0	0	N	N	N	N	N	N	N	N	N	N	N	N	0.0000	0.0000	0.0000	0.0000	0.0000	0.0000	0.0000	0.0000	0.0000	0.0000	0.0000	0.0000	0.0000	0.0000	0.0000	0.0000	0.0000	0.0005	0.0006	0.0000	0.0012	0.0012	0.0000	0.0000	0.0000	0.0000	0.0001	-0.0000	-0.0000	0.0000	1.8247	2.0052	16.3284	0.0000	0.0000	0.0000	0.0000	0.0000	0.0000	0.0000	0.0000	0.0000	0.0001	0.0001	0.0000	0.0001	0.0001	0.0000	0.0000	0.0000	0.0000	0.0002	0.0002	0.0000	0.0001	0.0001	0.0000	0.0001	0.0001	0.0000	0.1139	0.0855	0.0284	0.0446	0.0439	0.0006	0.0693	0.0416	0.0278	0.0000	0.0000	0.0000	0.0000	0.0000	0.0000	0.0000	0.0000	0.0000	0.0005	0.0006	0.0000	0.0012	0.0012	0.0000	0.0000	0.0000	0.0000		
3	92	0.1000	10	1	1	1	0	0	0	0	0	N	N	N	N	N	N	N	N	N	N	N	N	0.0000	0.0000	0.0000	0.0000	0.0000	0.0000	0.0000	0.0000	0.0000	0.0000	0.0000	0.0000	0.0000	0.0000	0.0000	0.0000	0.0000	0.7083	0.0000	2.8415	0.0000	0.0000	0.0000	1.1386	0.0000	2.8962	15179710.3581	0.0000	0.0479	0.0000	9.1310	2.0052	16.1726	0.0000	0.0000	0.0000	0.0000	0.0000	0.0000	0.0000	0.0000	0.0000	0.1047	0.0000	0.1047	0.0000	0.0000	0.0000	0.1047	0.0000	0.1047	0.0010	0.0009	0.0001	0.0005	0.0005	0.0000	0.0005	0.0004	0.0001	0.1479	0.1110	0.0369	0.0559	0.0552	0.0007	0.0920	0.0558	0.0362	0.0000	0.0000	0.0000	0.0000	0.0000	0.0000	0.0000	0.0000	0.0000	0.7083	0.0000	2.8415	0.0000	0.0000	0.0000	1.1386	0.0000	2.8962		
3	93	0.1850	16	1	1	1	0	0	0	0	0	N	N	N	N	N	N	N	N	N	N	N	N	0.0000	0.0000	0.0000	0.0000	0.0000	0.0000	0.0000	0.0000	0.0000	0.0000	0.0000	0.0000	0.0000	0.0000	0.0000	0.0000	0.0000	0.0000	0.0006	0.0001	0.0024	0.0005	0.0001	0.0167	0.0008	0.0000	0.0018	9.6794	0.0000	0.0000	0.0000	4.0959	2.0052	8.7137	0.0000	0.0000	0.0000	0.0000	0.0000	0.0000	0.0000	0.0000	0.0000	0.0001	0.0000	0.0001	0.0000	0.0000	0.0000	0.0001	0.0000	0.0001	0.0004	0.0004	0.0000	0.0002	0.0002	0.0000	0.0002	0.0002	0.0000	0.1288	0.0976	0.0312	0.0585	0.0573	0.0013	0.0703	0.0403	0.0299	0.0000	0.0000	0.0000	0.0000	0.0000	0.0000	0.0000	0.0000	0.0000	0.0006	0.0001	0.0024	0.0005	0.0001	0.0167	0.0008	0.0000	0.0018	
3	94	0.1667	15	1	1	1	0	0	0	0	0	N	N	N	N	N	N	N	N	N	N	N	N	0.0000	0.0000	0.0000	0.0000	0.0000	0.0000	0.0000	0.0000	0.0000	0.0000	0.0000	0.0000	0.0000	0.0000	0.0000	0.0000	0.0000	0.0000	0.0046	0.0014	0.0148	0.0025	0.0024	0.0100	0.0063	0.0000	0.0149	3.3863	0.0000	0.0001	0.0000	2.9443	2.0052	6.1524	0.0000	0.0000	0.0000	0.0000	0.0000	0.0000	0.0000	0.0000	0.0000	0.0004	0.0001	0.0003	0.0001	0.0001	0.0000	0.0003	0.0000	0.0003	0.0003	0.0003	0.0000	0.0002	0.0002	0.0000	0.0002	0.0001	0.0000	0.0900	0.0684	0.0215	0.0406	0.0400	0.0006	0.0494	0.0285	0.0209	0.0000	0.0000	0.0000	0.0000	0.0000	0.0000	0.0000	0.0000	0.0000	0.0046	0.0014	0.0148	0.0025	0.0024	0.0100	0.0063	0.0000	0.0149	
3	95	0.1643	14	1	0	1	0	0	0	0	0	N	N	N	N	N	N	N	N	N	N	N	N	0.0000	0.0000	0.0000	0.0000	0.0000	0.0000	0.0000	0.0000	0.0000	0.0000	0.0000	0.0000	0.0000	0.0000	0.0000	0.0000	0.0000	0.0051	0.0060	0.0022	0.0103	0.0102	0.0249	0.0008	0.0000	0.0017	0.1182	-0.0000	-0.0001	0.0000	0.8596	2.0052	1.2300	0.0000	0.0000	0.0000	0.0000	0.0000	0.0000	0.0000	0.0000	0.0000	0.0001	0.0001	0.0000	0.0001	0.0001	0.0000	0.0000	0.0000	0.0000	0.0001	0.0001	0.0000	0.0000	0.0000	0.0000	0.0000	0.0000	0.0000	0.0259	0.0196	0.0063	0.0118	0.0116	0.0001	0.0141	0.0080	0.0062	0.0000	0.0000	0.0000	0.0000	0.0000	0.0000	0.0000	0.0000	0.0000	0.0051	0.0060	0.0022	0.0103	0.0102	0.0249	0.0008	0.0000	0.0017		
3	96	0.1524	13	1	0	1	0	0	0	0	0	N	N	N	N	N	N	N	N	N	N	N	N	0.0000	0.0000	0.0000	0.0000	0.0000	0.0000	0.0000	0.0000	0.0000	0.0000	0.0000	0.0000	0.0000	0.0000	0.0000	0.0000	0.0000	0.0000	0.0833	0.1102	0.0023	0.1628	0.1811	0.0068	0.0005	0.0001	0.0010	0.0069	0.0000	-0.0039	0.0000	3.7737	2.0052	2.5241	0.0000	0.0000	0.0000	0.0000	0.0000	0.0000	0.0000	0.0000	0.0000	0.0072	0.0071	0.0000	0.0072	0.0071	0.0000	0.0000	0.0000	0.0000	0.0004	0.0004	0.0000	0.0002	0.0002	0.0000	0.0002	0.0002	0.0000	0.0863	0.0648	0.0215	0.0440	0.0394	0.0046	0.0423	0.0254	0.0169	0.0000	0.0000	0.0000	0.0000	0.0000	0.0000	0.0000	0.0000	0.0000	0.0833	0.1102	0.0023	0.1628	0.1811	0.0068	0.0005	0.0001	0.0010	
3	97	0.1315	12	1	0	1	0	0	0	0	0	N	N	N	N	N	N	N	N	N	N	N	N	0.0000	0.0000	0.0000	0.0000	0.0000	0.0000	0.0000	0.0000	0.0000	0.0000	0.0000	0.0000	0.0000	0.0000	0.0000	0.0000	0.0000	0.0000	0.0988	0.1298	0.0042	0.0028	0.0025	0.0161	0.1619	0.2666	0.0039	0.0106	0.0000	-0.0038	0.0000	6.4922	2.0052	4.5502	0.0000	0.0000	0.0000	0.0000	0.0000	0.0000	0.0000	0.0000	0.0000	0.0072	0.0071	0.0001	0.0001	0.0001	0.0000	0.0071	0.0071	0.0001	0.0007	0.0006	0.0001	0.0004	0.0004	0.0000	0.0004	0.0003	0.0001	0.0729	0.0549	0.0180	0.0289	0.0284	0.0005	0.0440	0.0265	0.0175	0.0000	0.0000	0.0000	0.0000	0.0000	0.0000	0.0000	0.0000	0.0000	0.0988	0.1298	0.0042	0.0028	0.0025	0.0161	0.1619	0.2666	0.0039	
3	98	0.0781	9	1	1	1	0	0	0	0	0	N	N	N	N	N	N	N	N	N	N	N	N	0.0000	0.0000	0.0000	0.0000	0.0000	0.0000	0.0000	0.0000	0.0000	0.0000	0.0000	0.0000	0.0000	0.0000	0.0000	0.0000	0.0000	3.1697	2.6874	4.5096	6.2615	5.3586	0.0080	1.8998	0.0000	4.5611	0.6040	0.0000	-0.0462	0.0000	1.3608	2.0052	12.1483	0.0000	0.0000	0.0000	0.0000	0.0000	0.0000	0.0000	0.0000	0.0000	0.2775	0.1730	0.1045	0.1730	0.1730	0.0000	0.1045	0.0000	0.1045	0.0001	0.0001	0.0000	0.0001	0.0001	0.0000	0.0001	0.0001	0.0000	0.0875	0.0644	0.0232	0.0325	0.0323	0.0003	0.0550	0.0321	0.0229	0.0000	0.0000	0.0000	0.0000	0.0000	0.0000	0.0000	0.0000	0.0000	3.1697	2.6874	4.5096	5.3155	5.3586	0.0080	1.8998	0.0000	4.5611		
3	99	0.0744	8	1	0	1	0	0	0	0	0	N	N	N	N	N	N	N	N	N	N	N	N	0.0000	0.0000	0.0000	0.0000	0.0000	0.0000	0.0000	0.0000	0.0000	0.0000	0.0000	0.0000	0.0000	0.0000	0.0000	0.0000	0.0000	0.0272	0.0173	0.0497	0.0296	0.0298	0.0000	0.0255	0.0003	0.0501	1.2692	0.0000	0.0000	0.0000	1.5300	2.0052	0.7696	0.0000	0.0000	0.0000	0.0000	0.0000	0.0000	0.0000	0.0000	0.0000	0.0006	0.0002	0.0003	0.0002	0.0002	0.0000	0.0003	0.0000	0.0003	0.0002	0.0002	0.0000	0.0001	0.0001	0.0000	0.0001	0.0001	0.0000	0.0204	0.0142	0.0063	0.0082	0.0082	0.0000	0.0122	0.0060	0.0062	0.0000	0.0000	0.0000	0.0000	0.0000	0.0000	0.0000	0.0000	0.0000	0.0272	0.0173	0.0497	0.0296	0.0298	0.0000	0.0255	0.0003	0.0501		
3	100	0.0656	7	1	0	1	0	0	0	0	0	N	N	N	N	N	N	N	N	N	N	N	N	0.0000	0.0000	0.0000	0.0000	0.0000	0.0000	0.0000	0.0000	0.0000	0.0000	0.0000	0.0000	0.0000	0.0000	0.0000	0.0000	0.0000	0.0016	0.0016	0.0016	0.0028	0.0028	0.0001	0.0008	0.0000	0.0017	0.4009	-0.0000	-0.0000	0.0000	3.6906	2.0052	1.4800	0.0000	0.0000	0.0000	0.0000	0.0000	0.0000	0.0000	0.0000	0.0000	0.0001	0.0001	0.0000	0.0001	0.0001	0.0000	0.0000	0.0000	0.0000	0.0004	0.0004	0.0000	0.0002	0.0002	0.0000	0.0002	0.0002	0.0000	0.0575	0.0415	0.0161	0.0239	0.0238	0.0001	0.0336	0.0176	0.0160	0.0000	0.0000	0.0000	0.0000	0.0000	0.0000	0.0000	0.0000	0.0000	0.0016	0.0016	0.0016	0.0028	0.0028	0.0001	0.0008	0.0000	0.0017		
3	101	0.0656	6	1	0	1	0	0	0	0	0	N	N	N	N	N	N	N	N	N	N	N	N	0.0000	0.0000	0.0000	0.0000	0.0000	0.0000	0.0000	0.0000	0.0000	0.0000	0.0000	0.0000	0.0000	0.0000	0.0000	0.0000	0.0000	0.0059	0.0047	0.0080	0.0083	0.0065	0.7292	0.0039	0.0000	0.0057	1.0000	0.0000	-0.0000	0.0000	0.1361	2.0052	0.4500	0.0000	0.0000	0.0000	0.0000	0.0000	0.0000	0.0000	0.0000	0.0000	0.0001	0.0000	0.0000	0.0000	0.0000	0.0000	0.0000	0.0000	0.0000	0.0000	0.0000	0.0000	0.0000	0.0000	0.0000	0.0000	0.0000	0.0000	0.0125	0.0079	0.0046	0.0057	0.0057	0.0000	0.0068	0.0022	0.0046	0.0000	0.0000	0.0000	0.0000	0.0000	0.0000	0.0000	0.0000	0.0000	0.0059	0.0047	0.0080	0.0083	0.0065	0.5023	0.0039	0.0000	0.0057		
3	102	0.0497	5	1	0	1	0	0	0	0	0	N	N	N	N	N	N	N	N	N	N	N	N	0.0000	0.0000	0.0000	0.0000	0.0000	0.0000	0.0000	0.0000	0.0000	0.0000	0.0000	0.0000	0.0000	0.0000	0.0000	0.0000	0.0000	0.0000	0.0012	0.0007	0.0027	0.0018	0.0012	0.1376	0.0008	0.0000	0.0017	1.5916	0.0000	0.0000	0.0000	3.5591	2.0052	4.5341	0.0000	0.0000	0.0000	0.0000	0.0000	0.0000	0.0000	0.0000	0.0000	0.0001	0.0000	0.0001	0.0001	0.0000	0.0000	0.0000	0.0000	0.0000	0.0004	0.0003	0.0000	0.0002	0.0002	0.0000	0.0002	0.0002	0.0000	0.0886	0.0639	0.0247	0.0365	0.0363	0.0002	0.0521	0.0276	0.0245	0.0000	0.0000	0.0000	0.0000	0.0000	0.0000	0.0000	0.0000	0.0000	0.0012	0.0007	0.0027	0.0018	0.0012	0.1376	0.0008	0.0000	0.0017	
3	104	0.1865	14	1	1	1	0	0	0	0	0	N	N	N	N	N	N	N	N	N	N	N	N	0.0000	0.0000	0.0000	0.0000	0.0000	0.0000	0.0000	0.0000	0.0000	0.0000	0.0000	0.0000	0.0000	0.0000	0.0000	0.0000	0.0000	0.0016	0.0000	0.0083	0.0023	0.0000	0.0703	0.0010	0.0000	0.0030	9934.9048	-0.0000	0.0000	0.0000	0.0277	2.0052	1.3445	0.0000	0.0000	0.0000	0.0000	0.0000	0.0000	0.0000	0.0000	0.0000	0.0000	0.0000	0.0000	0.0000	0.0000	0.0000	0.0000	0.0000	0.0000	0.0000	0.0000	0.0000	0.0000	0.0000	0.0000	0.0000	0.0000	0.0000	0.0130	0.0105	0.0025	0.0060	0.0058	0.0002	0.0070	0.0047	0.0023	0.0000	0.0000	0.0000	0.0000	0.0000	0.0000	0.0000	0.0000	0.0000	0.0016	0.0000	0.0083	0.0023	0.0000	0.0703	0.0010	0.0000	0.0030		
3	105	0.1398	13	1	1	1	0	0	0	0	0	N	N	N	N	N	N	N	N	N	N	N	N	0.0000	0.0000	0.0000	0.0000	0.0000	0.0000	0.0000	0.0000	0.0000	0.0000	0.0000	0.0000	0.0000	0.0000	0.0000	0.0000	0.0000	0.0002	0.0003	0.0001	0.0006	0.0006	0.0004	0.0000	0.0000	0.0000	0.0564	-0.0000	-0.0000	0.0000	5.1414	2.0052	16.4151	0.0000	0.0000	0.0000	0.0000	0.0000	0.0000	0.0000	0.0000	0.0000	0.0000	0.0000	0.0000	0.0000	0.0000	0.0000	0.0000	0.0000	0.0000	0.0006	0.0005	0.0001	0.0003	0.0003	0.0000	0.0003	0.0002	0.0001	0.1286	0.0980	0.0306	0.0515	0.0506	0.0009	0.0771	0.0474	0.0297	0.0000	0.0000	0.0000	0.0000	0.0000	0.0000	0.0000	0.0000	0.0000	0.0002	0.0003	0.0001	0.0006	0.0006	0.0004	0.0000	0.0000	0.0000		
3	106	0.1315	12	1	0	1	0	0	0	0	0	N	N	N	N	N	N	N	N	N	N	N	N	0.0000	0.0000	0.0000	0.0000	0.0000	0.0000	0.0000	0.0000	0.0000	0.0000	0.0000	0.0000	0.0000	0.0000	0.0000	0.0000	0.0000	0.0000	0.0013	0.0015	0.0007	0.0025	0.0024	0.0054	0.0005	0.0005	0.0006	0.1465	0.0000	-0.0000	0.0000	3.8974	2.0052	1.6364	0.0000	0.0000	0.0000	0.0000	0.0000	0.0000	0.0000	0.0000	0.0000	0.0001	0.0000	0.0000	0.0000	0.0000	0.0000	0.0000	0.0000	0.0000	0.0004	0.0004	0.0000	0.0002	0.0002	0.0000	0.0002	0.0002	0.0000	0.0400	0.0301	0.0099	0.0162	0.0159	0.0003	0.0239	0.0142	0.0097	0.0000	0.0000	0.0000	0.0000	0.0000	0.0000	0.0000	0.0000	0.0000	0.0013	0.0015	0.0007	0.0025	0.0024	0.0054	0.0005	0.0005	0.0006	
3	107	0.1105	11	1	0	1	0	0	0	0	0	N	N	N	N	N	N	N	N	N	N	N	N	0.0000	0.0000	0.0000	0.0000	0.0000	0.0000	0.0000	0.0000	0.0000	0.0000	0.0000	0.0000	0.0000	0.0000	0.0000	0.0000	0.0000	0.0000	0.0034	0.0008	0.0111	0.0003	0.0003	0.0031	0.0055	0.0014	0.0113	4.6689	-0.0000	0.0001	0.0000	0.3701	2.0052	9.6236	0.0000	0.0000	0.0000	0.0000	0.0000	0.0000	0.0000	0.0000	0.0000	0.0002	0.0000	0.0002	0.0000	0.0000	0.0000	0.0002	0.0000	0.0002	0.0000	0.0000	0.0000	0.0000	0.0000	0.0000	0.0000	0.0000	0.0000	0.0679	0.0507	0.0172	0.0269	0.0265	0.0004	0.0410	0.0242	0.0168	0.0000	0.0000	0.0000	0.0000	0.0000	0.0000	0.0000	0.0000	0.0000	0.0034	0.0008	0.0111	0.0003	0.0003	0.0031	0.0055	0.0014	0.0113	
3	108	0.1000	10	1	0	1	0	0	0	0	0	N	N	N	N	N	N	N	N	N	N	N	N	0.0000	0.0000	0.0000	0.0000	0.0000	0.0000	0.0000	0.0000	0.0000	0.0000	0.0000	0.0000	0.0000	0.0000	0.0000	0.0000	0.0000	0.0000	0.0012	0.0002	0.0041	0.0001	0.0001	0.0000	0.0019	0.0003	0.0042	7.1131	-0.0000	0.0000	0.0000	0.4415	2.0052	4.8853	0.0000	0.0000	0.0000	0.0000	0.0000	0.0000	0.0000	0.0000	0.0000	0.0000	0.0000	0.0000	0.0000	0.0000	0.0000	0.0000	0.0000	0.0000	0.0000	0.0000	0.0000	0.0000	0.0000	0.0000	0.0000	0.0000	0.0000	0.0354	0.0265	0.0090	0.0136	0.0134	0.0002	0.0218	0.0130	0.0088	0.0000	0.0000	0.0000	0.0000	0.0000	0.0000	0.0000	0.0000	0.0000	0.0012	0.0002	0.0041	0.0001	0.0001	0.0000	0.0019	0.0003	0.0042	
3	109	0.1224	9	2	1	1	1	0	0	0	0	Y	N	N	N	N	N	N	N	N	N	N	N	0.0000	0.0000	0.0000	0.0000	0.0000	0.0000	0.0000	0.0000	0.0000	0.0000	0.0000	0.0000	0.0000	0.0000	0.0000	0.0000	0.0000	0.0000	0.0000	0.0000	0.0000	0.0000	2.0052	0.0000	0.0000	0.0000	0.0000	0.0000	0.0000	0.0000	0.0000	0.0000	0.0000	0.0000	0.0000	0.0000	0.0000	0.0000	0.0000	0.0000	0.0000	0.0000	0.0000	0.0000	0.0000	0.0000	0.0000	0.0000	0.0000	0.0000	0.0000	0.0000	0.0000	0.0000	0.0000	0.0000	0.0000	0.0000	0.0000	0.0000	0.0000	0.0000	0.0000	0.0000	0.0000	0.0000	0.0000	0.0000	0.0000	0.0000	0.0000	0.0000	0.0000	0.0000	0.0000	0.0000	0.0000	0.0000											
3	110	0.1075	8	2	1	1	1	0	0	0	0	Y	N	N	N	N	N	N	N	N	N	N	N	0.0000	0.0000	0.0000	0.0000	0.0000	0.0000	0.0000	0.0000	0.0000	0.0000	0.0000	0.0000	0.0000	0.0000	0.0000	0.0000	0.0000	0.0000	0.0000	0.0000	0.0000	0.0000	2.0052	7.1240	0.0000	0.0000	0.0000	0.0000	0.0000	0.0000	0.0000	0.0000	0.0000	0.0000	0.0000	0.0000	0.0000	0.0000	0.0000	0.0000	0.0000	0.0000	0.0000	0.0000	0.0000	0.0000	0.0000	0.0000	0.0000	0.0000	0.0000	0.0704	0.0528	0.0176	0.0299	0.0295	0.0004	0.0405	0.0234	0.0171	0.0000	0.0000	0.0000	0.0000	0.0000	0.0000	0.0000	0.0000	0.0000	0.0000	0.0000	0.0000	0.0000	0.0000	0.0000	0.0000	0.0000	0.0000											
3	111	0.1164	10	1	1	1	1	0	0	0	0	N	N	N	N	N	N	N	N	N	N	N	N	0.0000	0.0000	0.0000	0.0000	0.0000	0.0000	0.0000	0.0000	0.0000	0.0000	0.0000	0.0000	0.0000	0.0000	0.0000	0.0000	0.0000	0.0000	0.0000	0.0000	0.0000	0.0016	2.0052	5.0076	0.0000	0.0000	0.0000	0.0000	0.0000	0.0000	0.0000	0.0000	0.0000	0.0000	0.0000	0.0000	0.0000	0.0000	0.0000	0.0000	0.0000	0.0000	0.0000	0.0000	0.0000	0.0000	0.0000	0.0000	0.0000	0.0000	0.0000	0.0496	0.0373	0.0122	0.0215	0.0211	0.0005	0.0280	0.0163	0.0117	0.0000	0.0000	0.0000	0.0000	0.0000	0.0000	0.0000	0.0000	0.0000	0.0000	0.0000	0.0000	0.0000	0.0000	0.0000	0.0000	0.0000	0.0000											
3	112	0.1096	9	1	1	1	1	0	0	0	0	N	N	N	N	N	N	N	N	N	N	N	N	0.0000	0.0000	0.0000	0.0000	0.0000	0.0000	0.0000	0.0000	0.0000	0.0000	0.0000	0.0000	0.0000	0.0000	0.0000	0.0000	0.0000	0.0000	0.0000	-0.0000	0.0000	1.0012	2.0052	2.1373	0.0000	0.0000	0.0000	0.0000	0.0000	0.0000	0.0000	0.0000	0.0000	0.0000	0.0000	0.0000	0.0000	0.0000	0.0000	0.0000	0.0000	0.0000	0.0001	0.0001	0.0000	0.0001	0.0001	0.0000	0.0001	0.0000	0.0000	0.0323	0.0242	0.0081	0.0140	0.0137	0.0002	0.0184	0.0105	0.0079	0.0000	0.0000	0.0000	0.0000	0.0000	0.0000	0.0000	0.0000	0.0000	0.0000	0.0000	0.0000	0.0000	0.0000	0.0000	0.0000	0.0000	0.0000											
3	113	0.1179	9	1	1	1	0	0	0	0	0	N	N	N	N	N	N	N	N	N	N	N	N	0.0000	0.0000	0.0000	0.0000	0.0000	0.0000	0.0000	0.0000	0.0000	0.0000	0.0000	0.0000	0.0000	0.0001	0.0000	0.0002	0.0000	0.0000	0.0000	0.0001	0.0000	0.0003	inf	0.0000	0.0000	0.0000	0.9705	2.0052	5.0371	0.0000	0.0000	0.0000	0.0000	0.0000	0.0000	0.0000	0.0000	0.0000	0.0000	0.0000	0.0000	0.0000	0.0000	0.0000	0.0000	0.0000	0.0000	0.0001	0.0001	0.0000	0.0001	0.0001	0.0000	0.0001	0.0000	0.0000	0.0587	0.0443	0.0143	0.0254	0.0250	0.0004	0.0333	0.0194	0.0140	0.0000	0.0000	0.0000	0.0000	0.0000	0.0000	0.0000	0.0000	0.0000	0.0001	0.0000	0.0002	0.0000	0.0000	0.0000	0.0001	0.0000	0.0003						
3	114	0.1096	9	1	0	2	1	0	0	0	0	N	N	Y	N	N	N	N	N	N	N	N	N	0.0000	0.0000	0.0000	0.0000	0.0000	0.0000	0.0000	0.0000	0.0000	0.0000	0.0000	0.0000	0.0000	0.0000	0.0000	0.0000	0.0000	0.0000	0.0000	0.0000	0.0000	0.0000	2.0052	1.1303	0.0000	0.0000	0.0000	0.0000	0.0000	0.0000	0.0000	0.0000	0.0000	0.0000	0.0000	0.0000	0.0000	0.0000	0.0000	0.0000	0.0000	0.0000	0.0000	0.0000	0.0000	0.0000	0.0000	0.0000	0.0000	0.0000	0.0000	0.0125	0.0093	0.0032	0.0054	0.0054	0.0001	0.0070	0.0039	0.0031	0.0000	0.0000	0.0000	0.0000	0.0000	0.0000	0.0000	0.0000	0.0000	0.0000	0.0000	0.0000	0.0000	0.0000	0.0000	0.0000	0.0000	0.0000											
3	115	0.1075	8	1	0	1	1	0	0	0	0	N	N	N	N	N	N	N	N	N	N	N	N	0.0000	0.0000	0.0000	0.0000	0.0000	0.0000	0.0000	0.0000	0.0000	0.0000	0.0000	0.0000	0.0000	0.0000	0.0000	0.0000	0.0000	0.0000	0.0000	0.0000	0.0000	0.0000	2.0052	1.2340	0.0000	0.0000	0.0000	0.0000	0.0000	0.0000	0.0000	0.0000	0.0000	0.0000	0.0000	0.0000	0.0000	0.0000	0.0000	0.0000	0.0000	0.0000	0.0000	0.0000	0.0000	0.0000	0.0000	0.0000	0.0000	0.0000	0.0000	0.0136	0.0101	0.0035	0.0058	0.0058	0.0001	0.0077	0.0043	0.0034	0.0000	0.0000	0.0000	0.0000	0.0000	0.0000	0.0000	0.0000	0.0000	0.0000	0.0000	0.0000	0.0000	0.0000	0.0000	0.0000	0.0000	0.0000											
3	116	0.1150	9	1	0	2	1	0	0	0	0	N	N	Y	N	N	N	N	N	N	N	N	N	0.0000	0.0000	0.0000	0.0000	0.0000	0.0000	0.0000	0.0000	0.0000	0.0000	0.0000	0.0000	0.0000	0.0214	0.0288	0.0000	0.0493	0.0501	0.0000	0.0000	0.0000	0.0000	0.0000	0.0000	-0.0002	0.0000	0.9725	2.0052	0.9874	0.0000	0.0000	0.0000	0.0000	0.0000	0.0000	0.0000	0.0000	0.0000	0.0004	0.0004	0.0000	0.0004	0.0004	0.0000	0.0000	0.0000	0.0000	0.0001	0.0001	0.0000	0.0001	0.0001	0.0000	0.0001	0.0000	0.0000	0.0210	0.0156	0.0054	0.0091	0.0090	0.0001	0.0119	0.0066	0.0053	0.0000	0.0000	0.0000	0.0000	0.0000	0.0000	0.0000	0.0000	0.0000	0.0214	0.0288	0.0000	0.0493	0.0501	0.0000	0.0000	0.0000	0.0000						
3	117	0.1150	9	1	0	2	1	0	0	0	0	N	N	Y	N	N	N	N	N	N	N	N	N	0.0000	0.0000	0.0000	0.0000	0.0000	0.0000	0.0000	0.0000	0.0000	0.0000	0.0000	0.0000	0.0000	0.0000	0.0000	9.0302	0.0000	78.3964	0.0006	0.0000	0.0363	15.8781	0.0000	72.6364	inf	0.0000	0.1706	0.0000	0.0285	2.0052	4.0215	0.0000	0.0000	0.0000	0.0000	0.0000	0.0000	0.0000	0.0000	0.0000	0.3732	0.0000	0.3732	0.0000	0.0000	0.0000	0.3732	0.0000	0.3732	0.0000	0.0000	0.0000	0.0000	0.0000	0.0000	0.0000	0.0000	0.0000	0.0413	0.0309	0.0104	0.0178	0.0175	0.0003	0.0235	0.0134	0.0101	0.0000	0.0000	0.0000	0.0000	0.0000	0.0000	0.0000	0.0000	0.0000	9.0302	0.0000	35.9391	0.0006	0.0000	0.0363	15.8781	0.0000	36.9154				
3	118	0.1075	8	1	0	2	1	0	0	0	0	N	N	Y	N	N	N	N	N	N	N	N	N	0.0000	0.0000	0.0000	0.0000	0.0000	0.0000	0.0000	0.0000	0.0000	0.0000	0.0000	0.0000	0.0000	0.0000	0.0000	0.0086	0.0000	0.0344	0.0000	0.0000	0.0000	0.0150	0.0000	0.0352	inf	0.0000	0.0002	0.0000	3.0275	2.0052	2.1573	0.0000	0.0000	0.0000	0.0000	0.0000	0.0000	0.0000	0.0000	0.0000	0.0004	0.0000	0.0004	0.0000	0.0000	0.0000	0.0004	0.0000	0.0004	0.0003	0.0003	0.0000	0.0002	0.0002	0.0000	0.0002	0.0001	0.0000	0.0521	0.0390	0.0130	0.0222	0.0218	0.0003	0.0299	0.0172	0.0127	0.0000	0.0000	0.0000	0.0000	0.0000	0.0000	0.0000	0.0000	0.0000	0.0086	0.0000	0.0344	0.0000	0.0000	0.0000	0.0150	0.0000	0.0352				
3	119	0.1487	8	2	1	1	0	0	0	0	0	Y	N	N	N	N	N	N	N	N	N	N	N	0.0000	0.0000	0.0000	0.0000	0.0000	0.0000	0.0000	0.0000	0.0000	0.0000	0.0000	0.0000	0.0000	0.0000	0.0000	0.0000	0.0000	0.0000	0.0000	0.0000	0.0000	0.0000	0.0000	0.0000	0.0000	0.3881	0.0000	-0.0000	0.0000	2.1883	2.0052	3.1271	0.0000	0.0000	0.0000	0.0000	0.0000	0.0000	0.0000	0.0000	0.0000	0.0000	0.0000	0.0000	0.0000	0.0000	0.0000	0.0000	0.0000	0.0000	0.0002	0.0002	0.0000	0.0001	0.0001	0.0000	0.0001	0.0001	0.0000	0.0359	0.0274	0.0086	0.0147	0.0145	0.0002	0.0212	0.0129	0.0083	0.0000	0.0000	0.0000	0.0000	0.0000	0.0000	0.0000	0.0000	0.0000	0.0000	0.0000	0.0000	0.0000	0.0000	0.0000	0.0000	0.0000	0.0000			
3	120	0.0818	7	2	1	1	0	0	0	0	0	Y	N	N	N	N	N	N	N	N	N	N	N	0.0000	0.0000	0.0000	0.0000	0.0000	0.0000	0.0000	0.0000	0.0000	0.0000	0.0000	0.0000	0.0000	0.0000	0.0000	0.0000	0.0000	0.0000	0.0000	0.0000	0.0000	0.0000	0.0000	0.0000	0.0000	0.4055	0.0000	-0.0000	0.0000	13.6104	2.0052	16.0982	0.0000	0.0000	0.0000	0.0000	0.0000	0.0000	0.0000	0.0000	0.0000	0.0000	0.0000	0.0000	0.0000	0.0000	0.0000	0.0000	0.0000	0.0000	0.0014	0.0013	0.0001	0.0007	0.0007	0.0000	0.0007	0.0006	0.0001	0.2573	0.1932	0.0641	0.1055	0.1047	0.0008	0.1519	0.0885	0.0633	0.0000	0.0000	0.0000	0.0000	0.0000	0.0000	0.0000	0.0000	0.0000	0.0000	0.0000	0.0000	0.0000	0.0000	0.0000	0.0000	0.0000	0.0000			
3	121	0.0863	7	1	1	1	0	0	0	0	0	N	N	N	N	N	N	N	N	N	N	N	N	0.0000	0.0000	0.0000	0.0000	0.0000	0.0000	0.0000	0.0000	0.0000	0.0000	0.0000	0.0000	0.0000	0.0000	0.0000	0.0000	0.0000	0.0123	0.0017	0.0437	0.0100	0.0029	0.6363	0.0142	0.0000	0.0322	8.6547	0.0000	0.0003	0.0000	0.3548	2.0052	4.6068	0.0000	0.0000	0.0000	0.0000	0.0000	0.0000	0.0000	0.0000	0.0000	0.0008	0.0001	0.0007	0.0003	0.0001	0.0002	0.0005	0.0000	0.0005	0.0000	0.0000	0.0000	0.0000	0.0000	0.0000	0.0000	0.0000	0.0000	0.0640	0.0478	0.0162	0.0283	0.0279	0.0005	0.0356	0.0199	0.0157	0.0000	0.0000	0.0000	0.0000	0.0000	0.0000	0.0000	0.0000	0.0000	0.0123	0.0017	0.0437	0.0100	0.0029	0.4343	0.0142	0.0000	0.0322		
3	122	0.0714	6	1	1	1	0	0	0	0	0	N	N	N	N	N	N	N	N	N	N	N	N	0.0000	0.0000	0.0000	0.0000	0.0000	0.0000	0.0000	0.0000	0.0000	0.0000	0.0000	0.0000	0.0000	0.0000	0.0000	0.0000	0.0000	0.0000	0.0086	0.0098	0.0052	0.0168	0.0162	0.0932	0.0029	0.0020	0.0041	0.1809	0.0000	-0.0002	0.0000	1.6911	2.0052	5.7022	0.0000	0.0000	0.0000	0.0000	0.0000	0.0000	0.0000	0.0000	0.0000	0.0006	0.0005	0.0001	0.0005	0.0005	0.0000	0.0001	0.0001	0.0001	0.0002	0.0002	0.0000	0.0001	0.0001	0.0000	0.0001	0.0001	0.0000	0.0739	0.0551	0.0188	0.0305	0.0303	0.0002	0.0434	0.0248	0.0186	0.0000	0.0000	0.0000	0.0000	0.0000	0.0000	0.0000	0.0000	0.0000	0.0086	0.0098	0.0052	0.0168	0.0162	0.0932	0.0029	0.0020	0.0041	
3	124	0.1225	10	2	1	1	0	0	0	0	0	Y	N	N	N	N	N	N	N	N	N	N	N	0.0000	0.0000	0.0000	0.0000	0.0000	0.0000	0.0000	0.0000	0.0000	0.0000	0.0000	0.0000	0.0000	0.0000	0.0000	0.0000	0.0000	0.0000	0.0000	0.0000	0.0000	0.0000	2.0052	0.0000	0.0000	0.0000	0.0000	0.0000	0.0000	0.0000	0.0000	0.0000	0.0000	0.0000	0.0000	0.0000	0.0000	0.0000	0.0000	0.0000	0.0000	0.0000	0.0000	0.0000	0.0000	0.0000	0.0000	0.0000	0.0000	0.0000	0.0000	0.0000	0.0000	0.0000	0.0000	0.0000	0.0000	0.0000	0.0000	0.0000	0.0000	0.0000	0.0000	0.0000	0.0000	0.0000	0.0000	0.0000	0.0000	0.0000	0.0000	0.0000	0.0000	0.0000	0.0000	0.0000	0.0000	0.0000											
3	125	0.1179	9	2	1	1	0	0	0	0	0	Y	N	N	N	N	N	N	N	N	N	N	N	0.0000	0.0000	0.0000	0.0000	0.0000	0.0000	0.0000	0.0000	0.0000	0.0000	0.0000	0.0000	0.0000	0.0002	0.0000	0.0007	0.0000	0.0000	0.0000	0.0003	0.0000	0.0007	inf	0.0000	0.0000	0.0000	0.1434	2.0052	1.9839	0.0000	0.0000	0.0000	0.0000	0.0000	0.0000	0.0000	0.0000	0.0000	0.0000	0.0000	0.0000	0.0000	0.0000	0.0000	0.0000	0.0000	0.0000	0.0000	0.0000	0.0000	0.0000	0.0000	0.0000	0.0000	0.0000	0.0000	0.0217	0.0164	0.0053	0.0094	0.0093	0.0001	0.0123	0.0071	0.0052	0.0000	0.0000	0.0000	0.0000	0.0000	0.0000	0.0000	0.0000	0.0000	0.0002	0.0000	0.0007	0.0000	0.0000	0.0000	0.0003	0.0000	0.0007						
3	126	0.1075	8	1	1	1	0	0	0	0	0	N	N	N	N	N	N	N	N	N	N	N	N	0.0000	0.0000	0.0000	0.0000	0.0000	0.0000	0.0000	0.0000	0.0000	0.0000	0.0000	0.0000	0.0000	0.0001	0.0001	0.0000	0.0002	0.0002	0.0000	0.0000	0.0000	0.0000	0.0000	0.0000	-0.0000	0.0000	1.8882	2.0052	2.9115	0.0000	0.0000	0.0000	0.0000	0.0000	0.0000	0.0000	0.0000	0.0000	0.0000	0.0000	0.0000	0.0000	0.0000	0.0000	0.0000	0.0000	0.0000	0.0002	0.0002	0.0000	0.0001	0.0001	0.0000	0.0001	0.0001	0.0000	0.0484	0.0363	0.0121	0.0206	0.0203	0.0003	0.0278	0.0160	0.0118	0.0000	0.0000	0.0000	0.0000	0.0000	0.0000	0.0000	0.0000	0.0000	0.0001	0.0001	0.0000	0.0002	0.0002	0.0000	0.0000	0.0000	0.0000						
3	127	0.0818	7	1	0	1	0	0	0	0	0	N	N	N	N	N	N	N	N	N	N	N	N	0.0000	0.0000	0.0000	0.0000	0.0000	0.0000	0.0000	0.0000	0.0000	0.0000	0.0000	0.0000	0.0000	0.0000	0.0000	0.0002	0.0000	0.0009	0.0004	0.0000	0.0574	0.0001	0.0000	0.0002	inf	0.0000	0.0000	0.0000	3.5543	2.0052	9.0319	0.0000	0.0000	0.0000	0.0000	0.0000	0.0000	0.0000	0.0000	0.0000	0.0000	0.0000	0.0000	0.0000	0.0000	0.0000	0.0000	0.0000	0.0000	0.0004	0.0003	0.0000	0.0002	0.0002	0.0000	0.0002	0.0002	0.0000	0.1196	0.0896	0.0300	0.0492	0.0489	0.0004	0.0703	0.0407	0.0296	0.0000	0.0000	0.0000	0.0000	0.0000	0.0000	0.0000	0.0000	0.0000	0.0002	0.0000	0.0009	0.0004	0.0000	0.0574	0.0001	0.0000	0.0002				
4	5	0.1649	9	0	1	1	1	0	0	0	0	N	N	N	N	N	N	N	N	N	N	N	N	0.0002	0.0000	inf	0.0000	0.0000	0.8485	0.0000	inf	0.0000	0.0000	0.0000	0.0000	0.0000	0.0000	0.0000	0.0000	0.0000	0.0005	0.0008	0.0000	0.0018	0.0020	0.0000	0.0000	0.0000	0.0000	inf	0.0000	0.0000	-0.0000	0.9835	8.9974	6.0524	7.9196	0.0000	0.0000	0.0000	0.0000	0.0000	0.0000	0.0000	0.0000	0.0000	0.0001	0.0001	0.0000	0.0001	0.0001	0.0000	0.0000	0.0000	0.0000	0.0619	0.0544	0.0075	0.0120	0.0114	0.0006	0.0499	0.0430	0.0069	0.1449	0.0921	0.0528	0.0428	0.0381	0.0047	0.1021	0.0540	0.0481	0.0002	0.0000	inf	0.0000	0.0000	0.0000	0.8485	0.0000	inf	0.0005	0.0008	0.0000	0.0018	0.0020	0.0000	0.0000	0.0000	0.0000	
4	6	0.1833	13	1	2	0	0	0	0	0	0	N	Y	N	N	N	N	N	N	N	N	N	N	0.0017	0.0039	0.0000	0.0049	0.0045	0.0000	0.0000	0.0000	0.0000	0.0000	0.0000	0.0001	0.0001	0.0000	0.0000	0.0000	0.0000	0.0125	0.0062	0.0247	0.0113	0.0124	0.0000	0.0133	0.0000	0.0272	0.0000	2.0705	-0.0000	0.0001	0.9835	0.0167	6.0524	6.1901	0.0000	0.0000	0.0000	0.0000	0.0000	0.0000	0.0000	0.0000	0.0000	0.0009	0.0003	0.0006	0.0003	0.0003	0.0000	0.0006	0.0000	0.0006	0.0003	0.0002	0.0000	0.0001	0.0001	0.0000	0.0002	0.0001	0.0000	0.0755	0.0496	0.0258	0.0273	0.0249	0.0024	0.0481	0.0247	0.0234	0.0017	0.0039	0.0000	0.0049	0.0045	0.0000	0.0000	0.0000	0.0000	0.0125	0.0062	0.0247	0.0113	0.0124	0.0000	0.0133	0.0000	0.0272	
4	7	0.2109	16	1	1	1	0	0	0	0	0	N	N	N	N	N	N	N	N	N	N	N	N	0.0000	0.0000	0.0000	0.0000	0.0000	0.0000	0.0000	0.0000	0.0000	0.0000	0.0000	0.0000	0.0000	0.0000	0.0000	0.0000	0.0000	0.0021	0.0000	0.0066	0.0003	0.0000	0.0030	0.0032	0.0000	0.0071	3716.2069	0.0000	0.0000	0.9835	0.9997	6.0524	1.8904	0.0000	0.0000	0.0000	0.0000	0.0000	0.0000	0.0000	0.0000	0.0000	0.0001	0.0000	0.0001	0.0000	0.0000	0.0000	0.0001	0.0000	0.0001	0.0070	0.0062	0.0008	0.0019	0.0018	0.0001	0.0051	0.0044	0.0007	0.0314	0.0216	0.0098	0.0122	0.0109	0.0013	0.0192	0.0107	0.0085	0.0000	0.0000	0.0000	0.0000	0.0000	0.0000	0.0000	0.0000	0.0000	0.0021	0.0000	0.0066	0.0003	0.0000	0.0030	0.0032	0.0000	0.0071		
4	8	0.1652	10	1	2	0	1	0	0	0	0	N	Y	N	N	N	N	N	N	N	N	N	N	0.0000	0.0000	0.0000	0.0000	0.0000	0.0000	0.0000	0.0000	0.0000	0.0000	0.0000	0.0000	0.0000	0.0000	0.0000	0.0000	0.0000	0.0000	0.0000	0.0000	0.9835	0.0000	6.0524	0.0000	0.0000	0.0000	0.0000	0.0000	0.0000	0.0000	0.0000	0.0000	0.0000	0.0000	0.0000	0.0000	0.0000	0.0000	0.0000	0.0000	0.0000	0.0000	0.0000	0.0000	0.0000	0.0000	0.0000	0.0000	0.0000	0.0000	0.0000	0.0000	0.0000	0.0000	0.0000	0.0000	0.0000	0.0000	0.0000	0.0000	0.0000	0.0000	0.0000	0.0000	0.0000	0.0000	0.0000	0.0000	0.0000	0.0000	0.0000	0.0000	0.0000	0.0000	0.0000	0.0000	0.0000	0.0000											
4	9	0.2109	16	1	1	1	0	0	0	0	0	N	N	N	N	N	N	N	N	N	N	N	N	0.0000	0.0000	0.0000	0.0000	0.0000	0.0000	0.0000	0.0000	0.0000	0.0000	0.0000	0.0000	0.0000	0.0000	0.0000	0.0000	0.0000	2.2346	3.2992	0.0006	6.8905	7.1643	0.0000	0.0003	0.0000	0.0007	0.0001	0.0000	-0.0585	0.9835	1.0003	6.0524	3.8877	0.0000	0.0000	0.0000	0.0000	0.0000	0.0000	0.0000	0.0000	0.0000	0.1077	0.1077	0.0000	0.1077	0.1077	0.0000	0.0000	0.0000	0.0000	0.0070	0.0062	0.0008	0.0019	0.0018	0.0001	0.0051	0.0044	0.0007	0.0482	0.0326	0.0156	0.0181	0.0160	0.0020	0.0301	0.0166	0.0135	0.0000	0.0000	0.0000	0.0000	0.0000	0.0000	0.0000	0.0000	0.0000	2.2346	3.2992	0.0006	5.9582	6.7159	0.0000	0.0003	0.0000	0.0007		
4	10	0.2081	15	1	1	1	0	0	0	0	0	N	N	N	N	N	N	N	N	N	N	N	N	0.0000	0.0000	0.0000	0.0000	0.0000	0.0000	0.0000	0.0000	0.0000	0.0000	0.0000	0.0000	0.0000	0.0000	0.0000	0.0000	0.0059	0.0089	0.0000	0.0168	0.0192	0.0000	0.0000	0.0000	0.0000	0.0003	0.0000	-0.0000	0.9835	0.0008	6.0524	1.2348	0.0000	0.0000	0.0000	0.0000	0.0000	0.0000	0.0000	0.0000	0.0000	0.0001	0.0001	0.0000	0.0001	0.0001	0.0000	0.0000	0.0000	0.0000	0.0000	0.0000	0.0000	0.0000	0.0000	0.0000	0.0000	0.0000	0.0000	0.0109	0.0072	0.0037	0.0039	0.0034	0.0005	0.0071	0.0039	0.0032	0.0000	0.0000	0.0000	0.0000	0.0000	0.0000	0.0000	0.0000	0.0000	0.0059	0.0089	0.0000	0.0168	0.0192	0.0000	0.0000	0.0000	0.0000			
4	11	0.0665	2	0	1	1	0	0	0	0	0	N	N	N	N	N	N	N	N	N	N	N	N	0.2918	0.1737	2.4927	0.5399	0.5180	0.0492	0.6613	0.0000	3.0756	0.0007	0.0007	0.0010	0.0055	0.0056	0.0001	0.0002	0.0000	0.0010	0.0025	0.0039	0.0004	0.0101	0.0108	0.0019	0.0002	0.0001	0.0003	0.2383	0.0726	-0.0000	-0.0002	0.9835	4.1301	6.0524	9.5352	0.0000	0.0000	0.0000	0.0000	0.0000	0.0000	0.0000	0.0000	0.0000	0.0004	0.0004	0.0000	0.0004	0.0004	0.0000	0.0000	0.0000	0.0000	0.0324	0.0281	0.0044	0.0034	0.0034	0.0001	0.0290	0.0247	0.0043	0.1593	0.0947	0.0646	0.0359	0.0330	0.0029	0.1234	0.0617	0.0617	0.2918	0.1737	2.4927	0.5399	0.5180	0.0492	0.6613	0.0000	3.0756	0.0025	0.0039	0.0004	0.0101	0.0108	0.0019	0.0002	0.0001	0.0003
4	12	0.1725	12	1	2	0	0	0	0	0	0	N	Y	N	N	N	N	N	N	N	N	N	N	0.0000	0.0000	0.0000	0.0000	0.0000	0.0000	0.0000	0.0000	0.0000	0.0000	0.0000	0.0000	0.0000	0.0000	0.0000	0.0000	0.0000	0.0001	0.0000	0.0003	0.0003	0.0000	0.0026	0.0000	0.0000	0.0000	285.6314	0.0000	0.0000	0.9835	5.9431	6.0524	4.2945	0.0000	0.0000	0.0000	0.0000	0.0000	0.0000	0.0000	0.0000	0.0000	0.0000	0.0000	0.0000	0.0000	0.0000	0.0000	0.0000	0.0000	0.0000	0.0421	0.0370	0.0051	0.0082	0.0078	0.0004	0.0339	0.0292	0.0047	0.0924	0.0619	0.0305	0.0321	0.0283	0.0038	0.0603	0.0336	0.0267	0.0000	0.0000	0.0000	0.0000	0.0000	0.0000	0.0000	0.0000	0.0000	0.0001	0.0000	0.0003	0.0003	0.0000	0.0026	0.0000	0.0000	0.0000		
4	13	0.1524	10	0	1	1	1	0	0	0	0	N	N	N	N	N	N	N	N	N	N	N	N	0.0000	0.0000	0.0000	0.0000	0.0000	0.0000	0.0000	0.0000	0.0000	0.0000	0.0000	0.0000	0.0000	0.0000	0.0000	0.0000	0.0000	0.0000	0.0000	0.0000	0.9835	0.0000	6.0524	3.8697	0.0000	0.0000	0.0000	0.0000	0.0000	0.0000	0.0000	0.0000	0.0000	0.0000	0.0000	0.0000	0.0000	0.0000	0.0000	0.0000	0.0000	0.0000	0.0000	0.0000	0.0000	0.0000	0.0000	0.0000	0.0000	0.0000	0.0000	0.0392	0.0248	0.0144	0.0113	0.0102	0.0011	0.0278	0.0146	0.0133	0.0000	0.0000	0.0000	0.0000	0.0000	0.0000	0.0000	0.0000	0.0000	0.0000	0.0000	0.0000	0.0000	0.0000	0.0000	0.0000	0.0000	0.0000											
4	14	0.1947	14	0	2	0	0	0	0	0	0	N	Y	N	N	N	N	N	N	N	N	N	N	17.5046	13.2804	0.0000	0.0053	0.0050	1479.3601	997.0289	0.0000	0.0014	0.0016	0.0000	0.0000	0.0000	0.0000	0.0018	0.0021	0.0000	0.0001	0.0001	0.0000	0.0003	0.0003	0.0000	0.0000	0.0000	0.0000	0.0000	0.0003	-0.0000	-0.0000	0.9835	4.8103	6.0524	9.0653	0.0000	0.0000	0.0000	0.0000	0.0000	0.0000	0.0000	0.0000	0.0000	0.0000	0.0000	0.0000	0.0000	0.0000	0.0000	0.0000	0.0000	0.0000	0.0348	0.0305	0.0043	0.0075	0.0071	0.0004	0.0273	0.0234	0.0039	0.1251	0.0833	0.0418	0.0404	0.0358	0.0046	0.0847	0.0475	0.0372	17.5046	13.2804	0.0000	0.0053	0.0050	0.0000	1479.3601	997.0289	0.0000	0.0001	0.0001	0.0000	0.0003	0.0003	0.0000	0.0000	0.0000	0.0000	
4	15	0.1524	10	0	1	0	1	0	0	0	0	N	N	N	N	N	N	N	N	N	N	N	N	0.0000	0.0000	0.0000	0.0000	0.0000	0.0000	0.0000	0.0000	0.0000	0.0000	0.0000	0.0000	0.0000	0.0000	0.0000	0.0000	0.0000	0.0000	0.0000	0.0000	0.9835	1.0000	6.0524	3.8697	0.0000	0.0000	0.0000	0.0000	0.0000	0.0000	0.0000	0.0000	0.0000	0.0000	0.0000	0.0000	0.0000	0.0000	0.0000	0.0000	0.0000	0.0000	0.0071	0.0062	0.0009	0.0012	0.0012	0.0001	0.0059	0.0050	0.0008	0.0481	0.0304	0.0177	0.0137	0.0123	0.0014	0.0344	0.0181	0.0163	0.0000	0.0000	0.0000	0.0000	0.0000	0.0000	0.0000	0.0000	0.0000	0.0000	0.0000	0.0000	0.0000	0.0000	0.0000	0.0000	0.0000	0.0000											
4	16	0.1716	10	0	2	0	1	0	0	0	0	N	Y	N	N	N	N	N	N	N	N	N	N	0.0000	0.0000	0.0000	0.0000	0.0000	0.0000	0.0000	0.0000	0.0000	0.0000	0.0000	0.0000	0.0000	0.0000	0.0000	0.0000	0.0000	0.0000	0.0000	0.0000	0.0000	0.0000	inf	0.0000	0.0000	0.9835	0.0040	6.0524	5.7722	0.0000	0.0000	0.0000	0.0000	0.0000	0.0000	0.0000	0.0000	0.0000	0.0000	0.0000	0.0000	0.0000	0.0000	0.0000	0.0000	0.0000	0.0000	0.0000	0.0000	0.0000	0.0000	0.0000	0.0000	0.0000	0.0000	0.0000	0.0557	0.0366	0.0192	0.0175	0.0157	0.0017	0.0383	0.0208	0.0174	0.0000	0.0000	0.0000	0.0000	0.0000	0.0000	0.0000	0.0000	0.0000	0.0000	0.0000	0.0000	0.0000	0.0000	0.0000	0.0000	0.0000	0.0000						
4	17	0.2099	16	0	2	0	0	0	0	0	0	N	Y	N	N	N	N	N	N	N	N	N	N	0.0000	0.0000	0.0000	0.0000	0.0000	0.0000	0.0000	0.0000	0.0000	0.0000	0.0000	0.0000	0.0000	0.0000	0.0000	0.0007	0.0010	0.0000	0.0014	0.0016	0.0000	0.0003	0.0004	0.0000	0.0000	0.0000	-0.0000	0.9835	1.0133	6.0524	7.9669	0.0000	0.0000	0.0000	0.0000	0.0000	0.0000	0.0000	0.0000	0.0000	0.0001	0.0001	0.0000	0.0000	0.0000	0.0000	0.0000	0.0000	0.0000	0.0072	0.0064	0.0009	0.0017	0.0016	0.0001	0.0055	0.0047	0.0008	0.0881	0.0607	0.0274	0.0307	0.0274	0.0033	0.0574	0.0333	0.0241	0.0000	0.0000	0.0000	0.0000	0.0000	0.0000	0.0000	0.0000	0.0000	0.0007	0.0010	0.0000	0.0014	0.0016	0.0000	0.0003	0.0004	0.0000				
4	18	0.1592	11	0	2	0	1	0	0	0	0	N	Y	N	N	N	N	N	N	N	N	N	N	0.0000	0.0000	0.0000	0.0000	0.0000	0.0000	0.0000	0.0000	0.0000	0.0000	0.0000	0.0000	0.0000	0.0000	0.0000	0.0000	0.0000	0.0000	0.0163	0.0252	0.0000	0.0531	0.0598	0.0000	0.0000	0.0000	0.0000	0.0002	0.0000	-0.0002	0.9835	0.9988	6.0524	1.0036	0.0000	0.0000	0.0000	0.0000	0.0000	0.0000	0.0000	0.0000	0.0000	0.0003	0.0003	0.0000	0.0003	0.0003	0.0000	0.0000	0.0000	0.0000	0.0071	0.0062	0.0009	0.0013	0.0012	0.0001	0.0059	0.0050	0.0008	0.0207	0.0134	0.0074	0.0064	0.0056	0.0007	0.0144	0.0077	0.0066	0.0000	0.0000	0.0000	0.0000	0.0000	0.0000	0.0000	0.0000	0.0000	0.0163	0.0252	0.0000	0.0531	0.0598	0.0000	0.0000	0.0000	0.0000	
4	19	0.1415	7	1	2	0	0	0	0	0	0	N	Y	N	N	N	N	N	N	N	N	N	N	0.0059	0.0000	2158.4089	0.0006	0.0000	inf	26.5371	0.0000	1657.8814	0.0112	0.0000	0.0921	0.0042	0.0000	0.6561	0.0159	0.0000	0.0799	1.8916	2.9263	0.0000	6.6710	6.9734	0.0000	0.0006	0.0011	0.0000	inf	0.0000	0.0000	-0.0583	0.9835	0.0025	6.0524	5.0336	0.0000	0.0000	0.0000	0.0000	0.0000	0.0000	0.0000	0.0000	0.0000	0.1074	0.1074	0.0000	0.1073	0.1073	0.0000	0.0000	0.0000	0.0000	0.0001	0.0001	0.0000	0.0000	0.0000	0.0000	0.0000	0.0000	0.0000	0.0568	0.0367	0.0201	0.0186	0.0163	0.0023	0.0381	0.0204	0.0178	0.0059	0.0000	2158.4089	0.0007	0.0000	inf	26.5371	0.0000	1657.8814	1.8916	2.9263	0.0000	5.7686	6.5841	0.0000	0.0006	0.0011	0.0000
4	20	0.1498	10	0	2	0	0	0	0	0	0	N	Y	N	N	N	N	N	N	N	N	N	N	0.0000	0.0000	0.0000	0.0000	0.0000	0.0000	0.0000	0.0000	0.0000	0.0000	0.0000	0.0000	0.0000	0.0000	0.0000	0.0000	0.0000	0.0000	0.0000	0.0000	0.0001	0.0001	0.0000	0.0000	0.0000	0.0000	0.0007	0.0000	-0.0000	0.9835	1.9984	6.0524	3.0609	0.0000	0.0000	0.0000	0.0000	0.0000	0.0000	0.0000	0.0000	0.0000	0.0000	0.0000	0.0000	0.0000	0.0000	0.0000	0.0000	0.0000	0.0000	0.0219	0.0187	0.0032	0.0096	0.0081	0.0015	0.0123	0.0106	0.0017	0.0922	0.0647	0.0275	0.0363	0.0343	0.0020	0.0559	0.0304	0.0255	0.0000	0.0000	0.0000	0.0000	0.0000	0.0000	0.0000	0.0000	0.0000	0.0000	0.0000	0.0000	0.0001	0.0001	0.0000	0.0000	0.0000	0.0000		
4	21	0.1649	9	0	1	0	1	0	0	0	0	N	N	N	N	N	N	N	N	N	N	N	N	0.0003	0.0000	20.5298	0.0000	0.0000	0.9336	0.0000	20.4450	0.0000	0.0000	0.0000	0.0000	0.0000	0.0000	0.0000	0.0000	0.0000	0.0016	0.0024	0.0000	0.0049	0.0054	0.0000	0.0000	0.0000	0.0000	inf	0.0000	0.0000	-0.0000	0.9835	2.0028	6.0524	2.2704	0.0000	0.0000	0.0000	0.0000	0.0000	0.0000	0.0000	0.0000	0.0000	0.0001	0.0001	0.0000	0.0001	0.0001	0.0000	0.0000	0.0000	0.0000	0.0143	0.0125	0.0017	0.0028	0.0026	0.0001	0.0115	0.0099	0.0016	0.0425	0.0272	0.0153	0.0135	0.0122	0.0013	0.0290	0.0150	0.0140	0.0003	0.0000	20.5298	0.0000	0.0000	0.0000	0.9336	0.0000	20.4450	0.0016	0.0024	0.0000	0.0049	0.0054	0.0000	0.0000	0.0000	0.0000	
4	22	0.2117	16	1	1	1	0	0	0	0	0	N	N	N	N	N	N	N	N	N	N	N	N	0.0000	0.0000	0.0000	0.0000	0.0000	0.0000	0.0000	0.0000	0.0000	0.0000	0.0000	0.0000	0.0000	0.0005	0.0008	0.0000	0.0017	0.0020	0.0000	0.0000	0.0000	0.0000	0.0000	0.0000	-0.0000	0.9835	0.0000	6.0524	2.0000	0.0000	0.0000	0.0000	0.0000	0.0000	0.0000	0.0000	0.0000	0.0000	0.0000	0.0000	0.0000	0.0000	0.0000	0.0000	0.0000	0.0000	0.0000	0.0000	0.0000	0.0000	0.0000	0.0000	0.0000	0.0000	0.0000	0.0000	0.0186	0.0123	0.0063	0.0058	0.0051	0.0007	0.0129	0.0072	0.0056	0.0000	0.0000	0.0000	0.0000	0.0000	0.0000	0.0000	0.0000	0.0000	0.0005	0.0008	0.0000	0.0017	0.0020	0.0000	0.0000	0.0000	0.0000						
4	23	0.1437	8	0	2	0	0	0	0	0	0	N	Y	N	N	N	N	N	N	N	N	N	N	0.4234	2.3462	0.1427	0.0854	0.2832	0.0000	0.5553	68.5100	0.2151	0.0004	0.0004	0.0004	0.0001	0.0001	0.0000	0.0005	0.0005	0.0004	0.0010	0.0002	0.0026	0.0012	0.0004	0.0108	0.0009	0.0000	0.0019	0.1262	7.1895	-0.0000	0.0001	0.9835	4.1010	6.0524	9.0979	0.0000	0.0000	0.0000	0.0000	0.0000	0.0000	0.0000	0.0000	0.0000	0.0002	0.0000	0.0001	0.0001	0.0000	0.0000	0.0001	0.0000	0.0001	0.0313	0.0274	0.0040	0.0062	0.0058	0.0004	0.0251	0.0215	0.0036	0.1663	0.1107	0.0556	0.0566	0.0522	0.0044	0.1097	0.0585	0.0512	0.4234	2.3462	0.1427	0.0854	0.2832	0.0000	0.5553	68.5100	0.2151	0.0010	0.0002	0.0026	0.0012	0.0004	0.0108	0.0009	0.0000	0.0019
4	24	0.1725	11	1	2	0	0	0	0	0	0	N	Y	N	N	N	N	N	N	N	N	N	N	0.0000	0.0000	0.0000	0.0000	0.0000	0.0000	0.0000	0.0000	0.0000	0.0000	0.0000	0.0000	0.0000	0.0000	0.0000	0.0020	0.0029	0.0000	0.0004	0.0004	0.0000	0.0028	0.0050	0.0000	0.0000	0.0000	-0.0002	0.9835	7.0513	6.0524	11.7448	0.0000	0.0000	0.0000	0.0000	0.0000	0.0000	0.0000	0.0000	0.0000	0.0003	0.0003	0.0000	0.0000	0.0000	0.0000	0.0003	0.0003	0.0000	0.0496	0.0435	0.0060	0.0096	0.0091	0.0005	0.0400	0.0344	0.0055	0.1623	0.1086	0.0537	0.0558	0.0492	0.0066	0.1065	0.0594	0.0471	0.0000	0.0000	0.0000	0.0000	0.0000	0.0000	0.0000	0.0000	0.0000	0.0020	0.0029	0.0000	0.0004	0.0004	0.0000	0.0028	0.0050	0.0000				
4	25	0.2117	9	0	2	0	0	0	0	0	0	N	Y	N	N	N	N	N	N	N	N	N	N	0.0052	0.0039	0.0000	0.0055	0.0049	0.0000	1.2955	0.8420	0.0000	0.0050	0.0056	0.0000	0.0141	0.0149	0.0000	0.0017	0.0020	0.0000	0.9605	1.4513	0.0000	2.5632	3.0545	0.0000	0.0013	0.0023	0.0000	0.0000	0.0000	-0.0001	-0.0575	0.9835	4.7974	6.0524	5.1989	0.0002	0.0002	0.0000	0.0001	0.0001	0.0000	0.0000	0.0000	0.0000	0.1059	0.1059	0.0000	0.1058	0.1058	0.0000	0.0001	0.0001	0.0000	0.0395	0.0349	0.0046	0.0105	0.0099	0.0006	0.0290	0.0250	0.0040	0.1103	0.0730	0.0373	0.0413	0.0347	0.0066	0.0690	0.0383	0.0307	0.0052	0.0039	0.0000	0.0055	0.0049	0.0000	1.2955	0.8420	0.0000	0.9605	1.4513	0.0000	2.5632	3.0545	0.0000	0.0013	0.0023	0.0000
4	26	0.1099	6	1	2	0	0	0	0	0	0	N	Y	N	N	N	N	N	N	N	N	N	N	0.0376	0.0308	0.0000	0.0523	0.0547	0.0000	0.0000	0.0000	0.0000	0.0000	0.0000	0.0000	0.0000	0.0000	0.0000	0.0000	0.0000	0.0000	0.0001	0.0001	0.0000	0.0002	0.0002	0.0002	0.0000	0.0000	0.0000	0.0000	0.1033	-0.0000	-0.0000	0.9835	2.0195	6.0524	15.0171	0.0000	0.0000	0.0000	0.0000	0.0000	0.0000	0.0000	0.0000	0.0000	0.0000	0.0000	0.0000	0.0000	0.0000	0.0000	0.0000	0.0000	0.0000	0.0155	0.0135	0.0019	0.0033	0.0032	0.0002	0.0121	0.0103	0.0018	0.1679	0.1091	0.0588	0.0492	0.0444	0.0048	0.1187	0.0647	0.0540	0.0376	0.0308	0.0000	0.0523	0.0547	0.0000	0.0000	0.0000	0.0000	0.0001	0.0001	0.0000	0.0002	0.0002	0.0002	0.0000	0.0000	0.0000
4	27	0.1012	5	0	1	0	0	0	0	0	0	N	N	N	N	N	N	N	N	N	N	N	N	0.0489	0.1118	0.0303	0.1579	0.1530	0.0000	0.0132	0.1297	0.0304	0.0000	0.0000	0.0000	0.0000	0.0000	0.0000	0.0000	0.0000	0.0000	0.0002	0.0001	0.0004	0.0001	0.0001	0.0000	0.0002	0.0000	0.0004	0.1468	2.5917	-0.0000	0.0000	0.9835	1.6438	6.0524	3.3228	0.0000	0.0000	0.0000	0.0000	0.0000	0.0000	0.0000	0.0000	0.0000	0.0000	0.0000	0.0000	0.0000	0.0000	0.0000	0.0000	0.0000	0.0000	0.0218	0.0196	0.0021	0.0072	0.0071	0.0001	0.0146	0.0125	0.0020	0.0759	0.0500	0.0259	0.0270	0.0255	0.0014	0.0489	0.0245	0.0245	0.0489	0.1118	0.0303	0.1579	0.1530	0.0000	0.0132	0.1297	0.0304	0.0002	0.0001	0.0004	0.0001	0.0001	0.0000	0.0002	0.0000	0.0004
4	28	0.1858	13	0	2	0	0	0	0	0	0	N	Y	N	N	N	N	N	N	N	N	N	N	0.0000	0.0000	0.0000	0.0000	0.0000	0.0000	0.0000	0.0000	0.0000	0.0000	0.0000	0.0000	0.0000	0.0000	0.0000	0.0000	0.0000	0.0000	0.0192	0.0055	0.0463	0.0360	0.0002	0.3506	0.0111	0.0095	0.0131	4.2190	0.0000	0.0008	0.9835	3.0409	6.0524	16.1393	0.0000	0.0000	0.0000	0.0000	0.0000	0.0000	0.0000	0.0000	0.0000	0.0032	0.0006	0.0026	0.0019	0.0000	0.0019	0.0012	0.0006	0.0007	0.0221	0.0196	0.0025	0.0061	0.0058	0.0003	0.0160	0.0138	0.0023	0.1663	0.1106	0.0557	0.0539	0.0476	0.0062	0.1125	0.0630	0.0495	0.0000	0.0000	0.0000	0.0000	0.0000	0.0000	0.0000	0.0000	0.0000	0.0192	0.0055	0.0463	0.0360	0.0002	0.3101	0.0111	0.0095	0.0131	
4	29	0.1809	13	0	2	0	0	0	0	0	0	N	Y	N	N	N	N	N	N	N	N	N	N	6.3753	4.7703	8.1252	7.4269	0.0000	0.0000	0.0152	0.0172	0.0000	0.0624	0.0654	0.0000	0.0000	0.0000	0.0000	0.0024	0.0036	0.0000	0.0077	0.0088	0.0000	0.0000	0.0000	0.0000	0.0000	0.0000	-0.0002	-0.0002	0.9835	4.0695	6.0524	11.0027	0.0004	0.0004	0.0000	0.0004	0.0004	0.0000	0.0000	0.0000	0.0000	0.0003	0.0003	0.0000	0.0003	0.0003	0.0000	0.0000	0.0000	0.0000	0.0297	0.0262	0.0035	0.0072	0.0069	0.0003	0.0225	0.0193	0.0032	0.1301	0.0858	0.0443	0.0402	0.0351	0.0051	0.0898	0.0507	0.0391	6.3753	4.7703	0.0000	8.1252	7.4269	0.0000	0.0000	0.0000	0.0000	0.0024	0.0036	0.0000	0.0077	0.0088	0.0000	0.0000	0.0000	0.0000			
4	30	0.1326	8	0	2	1	1	0	0	0	0	N	Y	N	N	N	N	N	N	N	N	N	N	inf	inf	inf	inf	1.5827	0.0000	10.6119	0.0000	0.0000	0.0000	2.7900	0.0000	11.4003	0.0000	0.0000	0.0000	0.0000	0.0000	0.0000	0.0000	0.0000	0.0000	inf	0.0000	0.0000	0.9835	0.0021	6.0524	3.0281	0.0001	0.0000	0.0001	0.0000	0.0000	0.0000	0.0001	0.0000	0.0001	0.0000	0.0000	0.0000	0.0000	0.0000	0.0000	0.0000	0.0000	0.0000	0.0000	0.0000	0.0000	0.0000	0.0000	0.0000	0.0000	0.0000	0.0000	0.0299	0.0197	0.0102	0.0088	0.0079	0.0008	0.0211	0.0118	0.0093	inf	0.0000	inf	0.0000	0.0000	0.0000	inf	0.0000	inf	0.0000	0.0000	0.0000	0.0000	0.0000	0.0000	0.0000	0.0000	0.0000						
4	31	0.1099	7	0	1	0	1	0	0	0	0	N	N	N	N	N	N	N	N	N	N	N	N	10323123.4711	30600770.3312	0.0000	0.0000	10796151.5675	31617014.1057	36.1328	0.0000	307.4631	0.0000	0.0000	0.0000	50.9933	0.0000	337.5362	0.0000	0.0000	0.0000	0.0000	0.0000	0.0000	0.0000	0.0000	0.0000	inf	inf	0.6054	0.0000	0.9835	3.2874	6.0524	7.1999	0.9781	0.0000	0.9781	0.0000	0.0000	0.0000	0.9781	0.0000	0.9781	0.0000	0.0000	0.0000	0.0000	0.0000	0.0000	0.0000	0.0000	0.0000	0.0271	0.0239	0.0032	0.0079	0.0076	0.0003	0.0192	0.0163	0.0029	0.0980	0.0639	0.0341	0.0266	0.0240	0.0025	0.0714	0.0398	0.0316	10323123.4711	0.0000	30600770.3312	0.0000	0.0000	0.0000	10796151.5675	0.0000	31617014.1057	0.0000	0.0000	0.0000	0.0000	0.0000	0.0000	0.0000	0.0000	0.0000			
4	32	0.1209	7	0	2	0	0	0	0	0	0	N	Y	N	N	N	N	N	N	N	N	N	N	547.4668	408.4718	0.0000	755.3052	753.5126	0.0000	0.0000	0.0000	0.0029	0.0033	0.0000	0.0106	0.0119	0.0000	0.0000	0.0000	0.0000	0.0000	0.0000	0.0000	0.0000	0.0000	0.0000	0.0000	0.0000	0.0000	0.0000	0.0082	-0.0000	-0.0000	0.9835	4.3545	6.0524	19.4857	0.0001	0.0001	0.0000	0.0001	0.0001	0.0000	0.0000	0.0000	0.0000	0.0000	0.0000	0.0000	0.0000	0.0000	0.0000	0.0000	0.0000	0.0000	0.0387	0.0336	0.0051	0.0105	0.0093	0.0011	0.0282	0.0242	0.0040	0.2183	0.1402	0.0781	0.0603	0.0536	0.0067	0.1580	0.0866	0.0714	547.4668	408.4718	0.0000	755.3052	753.5126	0.0000	0.0000	0.0000	0.0000	0.0000	0.0000	0.0000	0.0000	0.0000	0.0000	0.0000	0.0000	0.0000	
4	33	0.1653	11	1	2	0	0	0	0	0	0	N	Y	N	N	N	N	N	N	N	N	N	N	0.0000	0.0000	0.0000	0.0000	0.0000	0.0000	0.0000	0.0000	0.0000	0.0000	0.0000	0.0000	0.0000	0.0000	0.0000	0.0000	0.0000	0.0000	0.0000	0.0000	0.9835	0.0000	6.0524	0.0000	0.0000	0.0000	0.0000	0.0000	0.0000	0.0000	0.0000	0.0000	0.0000	0.0000	0.0000	0.0000	0.0000	0.0000	0.0000	0.0000	0.0000	0.0000	0.0000	0.0000	0.0000	0.0000	0.0000	0.0000	0.0000	0.0000	0.0000	0.0000	0.0000	0.0000	0.0000	0.0000	0.0000	0.0000	0.0000	0.0000	0.0000	0.0000	0.0000	0.0000	0.0000	0.0000	0.0000	0.0000	0.0000	0.0000	0.0000	0.0000	0.0000	0.0000	0.0000	0.0000	0.0000	0.0000											
4	34	0.1012	5	0	2	0	1	0	0	0	0	N	Y	N	N	N	N	N	N	N	N	N	N	1.1642	0.4059	4.0856	0.0019	0.0018	0.0000	1.1032	0.3392	4.0702	0.0091	0.0010	0.0706	0.0000	0.0000	0.0000	0.0120	0.0014	0.0757	0.0078	0.0025	0.0173	0.0002	0.0002	0.0000	0.0108	0.0041	0.0186	9.0107	3.7999	0.0003	0.0004	0.9835	6.4588	6.0524	12.7561	0.0005	0.0000	0.0004	0.0000	0.0000	0.0000	0.0005	0.0000	0.0004	0.0015	0.0003	0.0012	0.0000	0.0000	0.0000	0.0015	0.0003	0.0012	0.0551	0.0488	0.0064	0.0133	0.0129	0.0004	0.0418	0.0359	0.0059	0.1911	0.1229	0.0682	0.0547	0.0498	0.0049	0.1364	0.0731	0.0633	1.1642	0.4059	4.0856	0.0019	0.0018	0.0000	1.1032	0.3392	4.0702	0.0078	0.0025	0.0173	0.0002	0.0002	0.0000	0.0108	0.0041	0.0186
4	35	0.0956	4	0	1	0	0	0	0	0	0	N	N	N	N	N	N	N	N	N	N	N	N	0.1120	0.2099	0.2290	0.0994	0.1015	0.0000	0.1093	0.3811	0.2337	0.0000	0.0000	0.0000	0.0000	0.0000	0.0000	0.0000	0.0000	0.0000	0.0001	0.0000	0.0001	0.0000	0.0000	0.0000	0.0001	0.0000	0.0001	0.9981	4.1012	0.0000	0.0000	0.9835	2.5642	6.0524	2.5472	0.0000	0.0000	0.0000	0.0000	0.0000	0.0000	0.0000	0.0000	0.0000	0.0000	0.0000	0.0000	0.0000	0.0000	0.0000	0.0000	0.0000	0.0000	0.0300	0.0269	0.0031	0.0092	0.0090	0.0002	0.0208	0.0179	0.0029	0.0781	0.0513	0.0267	0.0270	0.0257	0.0013	0.0511	0.0257	0.0254	0.1120	0.2099	0.2290	0.0994	0.1015	0.0000	0.1093	0.3811	0.2337	0.0001	0.0000	0.0001	0.0000	0.0000	0.0000	0.0001	0.0000	0.0001
4	36	0.1460	9	0	1	1	0	0	0	0	0	N	N	N	N	N	N	N	N	N	N	N	N	0.0000	0.0000	0.0000	0.0000	0.0000	0.0000	0.0000	0.0000	0.0000	0.0000	0.0000	0.0000	0.0000	0.0000	0.0000	0.0000	0.0000	0.0000	0.0000	0.0000	0.0000	0.0000	0.0001	0.0000	0.0000	0.0000	16.5806	0.0000	0.0000	0.9835	1.0000	6.0524	2.0003	0.0000	0.0000	0.0000	0.0000	0.0000	0.0000	0.0000	0.0000	0.0000	0.0000	0.0000	0.0000	0.0000	0.0000	0.0000	0.0000	0.0000	0.0000	0.0071	0.0062	0.0008	0.0018	0.0017	0.0001	0.0053	0.0045	0.0007	0.0268	0.0167	0.0100	0.0070	0.0060	0.0010	0.0197	0.0107	0.0090	0.0000	0.0000	0.0000	0.0000	0.0000	0.0000	0.0000	0.0000	0.0000	0.0000	0.0000	0.0000	0.0000	0.0000	0.0001	0.0000	0.0000	0.0000		
4	37	0.1282	8	0	2	0	0	0	0	0	0	N	Y	N	N	N	N	N	N	N	N	N	N	0.0010	7.1154	0.0000	4.2127	20.1246	0.0000	0.0000	0.0000	0.0000	0.0000	0.0000	0.0000	0.0001	0.0001	0.0000	0.0000	0.0000	0.0000	0.0307	0.0000	0.0937	0.0000	0.0000	0.0002	0.0482	0.0000	0.1058	0.0000	8971.4346	-0.0000	0.0018	0.9835	1.9619	6.0524	8.3400	0.0000	0.0000	0.0000	0.0000	0.0000	0.0000	0.0000	0.0000	0.0000	0.0039	0.0000	0.0039	0.0000	0.0000	0.0000	0.0039	0.0000	0.0039	0.0145	0.0127	0.0018	0.0038	0.0036	0.0002	0.0107	0.0091	0.0016	0.1272	0.0855	0.0417	0.0461	0.0414	0.0048	0.0811	0.0442	0.0369	0.0010	7.1154	0.0000	4.2127	20.1246	0.0000	0.0000	0.0000	0.0000	0.0307	0.0000	0.0937	0.0000	0.0000	0.0002	0.0482	0.0000	0.1058
4	38	0.1933	13	1	1	1	0	0	0	0	0	N	N	N	N	N	N	N	N	N	N	N	N	81.3002	350.6897	0.0000	14.3320	13.9069	129.0643	8793.3989	0.0000	0.0031	0.0036	0.0000	0.0003	0.0003	0.0000	0.0061	0.0075	0.0000	0.0000	0.0000	0.0001	0.0000	0.0000	0.0000	0.0000	0.0000	0.0001	0.0000	4.6226	-0.0000	0.0000	0.9835	0.0095	6.0524	5.0631	0.0000	0.0000	0.0000	0.0000	0.0000	0.0000	0.0000	0.0000	0.0000	0.0000	0.0000	0.0000	0.0000	0.0000	0.0000	0.0000	0.0000	0.0000	0.0002	0.0002	0.0000	0.0001	0.0001	0.0000	0.0001	0.0001	0.0000	0.0508	0.0337	0.0170	0.0164	0.0147	0.0017	0.0343	0.0190	0.0153	81.3002	350.6897	0.0000	14.3320	13.9069	0.0000	129.0643	8793.3989	0.0000	0.0000	0.0000	0.0001	0.0000	0.0000	0.0000	0.0000	0.0000	0.0001	
4	39	0.1099	7	0	2	0	0	0	0	0	0	N	Y	N	N	N	N	N	N	N	N	N	N	0.0000	0.0000	0.0000	0.0000	0.0000	0.0000	0.0000	0.0000	0.0000	0.0000	0.0000	0.0000	0.0000	0.0000	0.0000	0.0000	0.0000	0.0000	0.0000	0.0000	0.0000	0.0000	0.0000	0.0000	inf	0.0000	0.0000	0.9835	1.1272	6.0524	11.0864	0.0000	0.0000	0.0000	0.0000	0.0000	0.0000	0.0000	0.0000	0.0000	0.0000	0.0000	0.0000	0.0000	0.0000	0.0000	0.0000	0.0000	0.0000	0.0118	0.0105	0.0013	0.0047	0.0046	0.0001	0.0071	0.0059	0.0012	0.1120	0.0729	0.0391	0.0300	0.0271	0.0029	0.0820	0.0458	0.0362	0.0000	0.0000	0.0000	0.0000	0.0000	0.0000	0.0000	0.0000	0.0000	0.0000	0.0000	0.0000	0.0000	0.0000	0.0000	0.0000	0.0000	0.0000				
4	40	0.1099	6	0	1	0	0	0	0	0	0	N	N	N	N	N	N	N	N	N	N	N	N	0.0000	0.0000	0.0000	0.0000	0.0000	0.0000	0.0000	0.0000	0.0000	0.0000	0.0000	0.0000	0.0000	0.0000	0.0000	0.0000	0.0000	0.0001	0.0001	0.0001	0.0001	0.0001	0.0000	0.0001	0.0000	0.0001	0.9956	0.0000	-0.0000	0.9835	0.4765	6.0524	0.2778	0.0000	0.0000	0.0000	0.0000	0.0000	0.0000	0.0000	0.0000	0.0000	0.0000	0.0000	0.0000	0.0000	0.0000	0.0000	0.0000	0.0000	0.0000	0.0072	0.0065	0.0007	0.0038	0.0037	0.0001	0.0034	0.0027	0.0006	0.0156	0.0109	0.0047	0.0062	0.0059	0.0002	0.0094	0.0049	0.0045	0.0000	0.0000	0.0000	0.0000	0.0000	0.0000	0.0000	0.0000	0.0000	0.0001	0.0001	0.0001	0.0001	0.0001	0.0000	0.0001	0.0000	0.0001		
4	41	0.1120	6	0	2	0	1	0	0	0	0	N	Y	N	N	N	N	N	N	N	N	N	N	0.0042	0.0002	10.4270	0.0000	0.0000	0.0000	3.8330	2011.3471	11.1265	0.0092	0.0008	0.0660	0.0000	0.0000	0.0000	0.0119	0.0011	0.0719	2.1919	3.4508	0.0063	8.6185	8.4324	0.0043	0.0031	0.0000	0.0065	12.0638	0.0011	0.0004	-0.3544	0.9835	10.0333	6.0524	21.8674	0.0007	0.0001	0.0006	0.0000	0.0000	0.0000	0.0007	0.0000	0.0006	0.6540	0.6533	0.0007	0.6534	0.6533	0.0000	0.0007	0.0000	0.0007	0.0710	0.0619	0.0092	0.0162	0.0155	0.0008	0.0548	0.0464	0.0084	0.2984	0.1893	0.1090	0.0864	0.0794	0.0070	0.2120	0.1099	0.1021	0.0042	0.0002	10.4270	0.0000	0.0000	0.0000	3.8330	2011.3471	11.1265	2.1919	3.4508	0.0063	7.5634	8.2282	0.0043	0.0031	0.0000	0.0065
4	42	0.1933	13	1	1	1	0	0	0	0	0	N	N	N	N	N	N	N	N	N	N	N	N	1.7375	74.8115	0.0000	12.5540	12.0467	1.5499	98.6799	0.0000	0.0001	0.0001	0.0000	0.0000	0.0000	0.0000	0.0001	0.0001	0.0000	0.0001	0.0000	0.0001	0.0000	0.0000	0.0000	0.0001	0.0000	0.0002	0.0000	55.5833	-0.0000	0.0000	0.9835	0.9968	6.0524	1.9513	0.0000	0.0000	0.0000	0.0000	0.0000	0.0000	0.0000	0.0000	0.0000	0.0000	0.0000	0.0000	0.0000	0.0000	0.0000	0.0000	0.0000	0.0000	0.0070	0.0062	0.0008	0.0020	0.0019	0.0001	0.0050	0.0043	0.0007	0.0324	0.0217	0.0107	0.0110	0.0100	0.0010	0.0214	0.0117	0.0097	1.7375	74.8115	0.0000	12.5540	12.0467	0.0000	1.5499	98.6799	0.0000	0.0001	0.0000	0.0001	0.0000	0.0000	0.0000	0.0001	0.0000	0.0002	
4	43	0.1801	12	1	1	1	0	0	0	0	0	N	N	N	N	N	N	N	N	N	N	N	N	1.9105	425.6021	0.0001	0.0190	0.0179	1.6390	583.4757	0.0001	0.0163	0.0186	0.0000	0.0000	0.0000	0.0000	0.0209	0.0243	0.0000	0.0086	0.0000	0.0238	0.0000	0.0000	0.0000	0.0127	0.0000	0.0264	0.0000	304.3842	-0.0002	0.0003	0.9835	5.0018	6.0524	1.7716	0.0006	0.0006	0.0000	0.0000	0.0000	0.0000	0.0006	0.0006	0.0000	0.0006	0.0000	0.0006	0.0000	0.0000	0.0000	0.0006	0.0000	0.0006	0.0354	0.0312	0.0043	0.0077	0.0073	0.0004	0.0278	0.0239	0.0039	0.0685	0.0440	0.0246	0.0225	0.0201	0.0024	0.0460	0.0239	0.0221	1.9105	425.6021	0.0001	0.0190	0.0179	0.0000	1.6390	583.4757	0.0001	0.0086	0.0000	0.0238	0.0000	0.0000	0.0000	0.0127	0.0000	0.0264	
4	44	0.1833	13	1	1	1	0	0	0	0	0	N	N	N	N	N	N	N	N	N	N	N	N	0.0000	0.0000	0.0001	0.0001	0.0000	0.0000	0.0000	0.0000	0.0000	0.0000	0.0000	0.0000	0.0000	0.0000	0.0000	0.0034	0.0052	0.0000	0.0095	0.0104	0.0000	0.0000	0.0001	0.0000	0.0000	0.0000	-0.0000	-0.0002	0.9835	4.9860	6.0524	2.3663	0.0000	0.0000	0.0000	0.0000	0.0000	0.0000	0.0000	0.0000	0.0000	0.0003	0.0003	0.0000	0.0003	0.0003	0.0000	0.0000	0.0000	0.0000	0.0354	0.0311	0.0043	0.0077	0.0073	0.0004	0.0277	0.0238	0.0039	0.0853	0.0561	0.0292	0.0304	0.0275	0.0028	0.0550	0.0286	0.0264	0.0000	0.0000	0.0000	0.0001	0.0001	0.0000	0.0000	0.0000	0.0000	0.0034	0.0052	0.0000	0.0095	0.0104	0.0000	0.0000	0.0001	0.0000			
4	45	0.1801	12	1	1	0	0	0	0	0	0	N	N	N	N	N	N	N	N	N	N	N	N	0.0537	0.0745	0.0000	0.1143	0.1101	0.0028	0.2867	0.0000	0.0008	0.0009	0.0000	0.0023	0.0024	0.0000	0.0000	0.0000	0.0000	0.0151	0.0122	0.0196	0.0201	0.0219	0.0000	0.0121	0.0001	0.0212	0.0000	1.0173	-0.0000	-0.0000	0.9835	0.0225	6.0524	1.9333	0.0000	0.0000	0.0000	0.0000	0.0000	0.0000	0.0000	0.0000	0.0000	0.0004	0.0002	0.0002	0.0002	0.0002	0.0000	0.0002	0.0000	0.0002	0.0003	0.0002	0.0000	0.0001	0.0001	0.0000	0.0002	0.0001	0.0000	0.0260	0.0159	0.0101	0.0096	0.0088	0.0008	0.0164	0.0071	0.0093	0.0537	0.0745	0.0000	0.1143	0.1101	0.0000	0.0028	0.2867	0.0000	0.0151	0.0122	0.0196	0.0201	0.0219	0.0000	0.0121	0.0001	0.0212	
4	46	0.1771	11	1	1	0	0	0	0	0	0	N	N	N	N	N	N	N	N	N	N	N	N	0.0014	0.0573	0.0001	0.0186	0.0169	0.0011	0.1710	0.0001	0.0000	0.0000	0.0000	0.0000	0.0000	0.0000	0.0000	0.0000	0.0000	0.0222	0.0006	0.0633	0.0010	0.0011	0.0000	0.0323	0.0002	0.0727	0.0256	54.7114	-0.0000	0.0001	0.9835	1.0095	6.0524	0.3555	0.0000	0.0000	0.0000	0.0000	0.0000	0.0000	0.0000	0.0000	0.0000	0.0003	0.0000	0.0003	0.0000	0.0000	0.0000	0.0003	0.0000	0.0003	0.0074	0.0065	0.0009	0.0016	0.0015	0.0001	0.0058	0.0049	0.0008	0.0130	0.0085	0.0045	0.0042	0.0036	0.0006	0.0088	0.0049	0.0039	0.0014	0.0573	0.0001	0.0186	0.0169	0.0000	0.0011	0.1710	0.0001	0.0222	0.0006	0.0633	0.0010	0.0011	0.0000	0.0323	0.0002	0.0727	
4	47	0.1282	8	0	1	1	0	0	0	0	0	N	N	N	N	N	N	N	N	N	N	N	N	0.0942	640.7086	0.0000	0.1864	0.8890	0.0000	0.0835	1232.7403	0.0000	0.0023	0.0026	0.0000	0.0000	0.0000	0.0000	0.0030	0.0035	0.0000	0.0239	0.0000	0.0715	0.0000	0.0000	0.0002	0.0361	0.0000	0.0798	0.0000	8971.6100	-0.0000	0.0018	0.9835	3.0460	6.0524	11.9126	0.0000	0.0000	0.0000	0.0000	0.0000	0.0000	0.0000	0.0000	0.0000	0.0039	0.0000	0.0039	0.0000	0.0000	0.0000	0.0039	0.0000	0.0039	0.0220	0.0193	0.0027	0.0055	0.0053	0.0003	0.0164	0.0140	0.0024	0.1633	0.1086	0.0547	0.0550	0.0493	0.0057	0.1082	0.0593	0.0490	0.0942	640.7086	0.0000	0.1864	0.8890	0.0000	0.0835	1232.7403	0.0000	0.0239	0.0000	0.0715	0.0000	0.0000	0.0002	0.0361	0.0000	0.0798
4	48	0.1148	7	0	1	0	0	0	0	0	0	N	N	N	N	N	N	N	N	N	N	N	N	0.0003	0.0031	0.0006	0.0038	0.0037	0.0000	0.0002	8.9839	0.0006	0.0004	0.0001	0.0018	0.0003	0.0003	0.0000	0.0004	0.0001	0.0020	1.2166	0.0460	3.2941	0.0767	0.0815	0.0000	1.9249	0.0000	3.5106	1.8232	40.3636	0.0000	0.0599	0.9835	1.1082	6.0524	5.8288	0.0000	0.0000	0.0000	0.0000	0.0000	0.0000	0.0000	0.0000	0.0000	0.1384	0.0033	0.1351	0.0033	0.0033	0.0000	0.1351	0.0000	0.1351	0.0084	0.0073	0.0010	0.0021	0.0020	0.0001	0.0063	0.0053	0.0009	0.1138	0.0728	0.0410	0.0436	0.0411	0.0025	0.0702	0.0317	0.0385	0.0003	0.0031	0.0006	0.0038	0.0037	0.0000	0.0002	8.9839	0.0006	1.2166	0.0460	3.2941	0.0767	0.0815	0.0000	1.9249	0.0000	3.5106
4	49	0.1460	9	0	2	0	0	0	0	0	0	N	Y	N	N	N	N	N	N	N	N	N	N	0.0000	0.0000	0.0000	0.0000	0.0000	0.0000	0.0000	0.0000	0.0000	0.0000	0.0000	0.0000	0.0000	0.0000	0.0000	0.0000	0.0000	0.0000	0.0000	0.0000	0.0000	0.0000	0.0001	0.0000	0.0000	0.0000	16.5806	0.0000	0.0000	0.9835	0.0000	6.0524	2.0001	0.0000	0.0000	0.0000	0.0000	0.0000	0.0000	0.0000	0.0000	0.0000	0.0000	0.0000	0.0000	0.0000	0.0000	0.0000	0.0000	0.0000	0.0000	0.0000	0.0000	0.0000	0.0000	0.0000	0.0000	0.0000	0.0000	0.0000	0.0179	0.0112	0.0067	0.0047	0.0040	0.0007	0.0132	0.0072	0.0060	0.0000	0.0000	0.0000	0.0000	0.0000	0.0000	0.0000	0.0000	0.0000	0.0000	0.0000	0.0000	0.0000	0.0000	0.0001	0.0000	0.0000	0.0000		
4	50	0.2126	16	1	2	1	0	0	0	0	0	N	Y	N	N	N	N	N	N	N	N	N	N	0.0000	0.0000	0.0000	0.0000	0.0000	0.0000	0.0000	0.0000	0.0000	0.0000	0.0000	0.0000	0.0000	0.0000	0.0000	0.0505	0.0627	0.0000	0.1185	0.1258	0.0000	0.0000	0.0000	0.0000	0.0000	0.0000	-0.0010	0.9835	0.0000	6.0524	1.7047	0.0000	0.0000	0.0000	0.0000	0.0000	0.0000	0.0000	0.0000	0.0000	0.0018	0.0018	0.0000	0.0018	0.0018	0.0000	0.0000	0.0000	0.0000	0.0000	0.0000	0.0000	0.0000	0.0000	0.0000	0.0000	0.0000	0.0000	0.0359	0.0289	0.0070	0.0153	0.0144	0.0009	0.0206	0.0145	0.0061	0.0000	0.0000	0.0000	0.0000	0.0000	0.0000	0.0000	0.0000	0.0000	0.0505	0.0627	0.0000	0.1185	0.1258	0.0000	0.0000	0.0000	0.0000				
4	51	0.2126	16	1	2	1	0	0	0	0	0	N	Y	N	N	N	N	N	N	N	N	N	N	0.0000	0.0000	0.0000	0.0000	0.0000	0.0000	0.0000	0.0000	0.0000	0.0000	0.0000	0.0000	0.0000	0.0000	0.0000	0.0331	0.0000	0.2921	0.0504	0.0000	1.3841	0.0163	0.0000	0.0889	inf	0.0000	0.0003	0.9835	0.0000	6.0524	0.2953	0.0000	0.0000	0.0000	0.0000	0.0000	0.0000	0.0000	0.0000	0.0000	0.0008	0.0000	0.0008	0.0006	0.0000	0.0006	0.0002	0.0000	0.0002	0.0000	0.0000	0.0000	0.0000	0.0000	0.0000	0.0000	0.0000	0.0000	0.0229	0.0203	0.0026	0.0113	0.0108	0.0005	0.0116	0.0095	0.0021	0.0000	0.0000	0.0000	0.0000	0.0000	0.0000	0.0000	0.0000	0.0000	0.0331	0.0000	0.2921	0.0504	0.0000	1.2095	0.0163	0.0000	0.0889				
4	52	0.2098	15	1	2	1	0	0	0	0	0	N	Y	N	N	N	N	N	N	N	N	N	N	0.0000	0.0000	0.0000	0.0000	0.0000	0.0000	0.0000	0.0000	0.0000	0.0000	0.0000	0.0000	0.0000	0.0000	0.0000	0.0000	0.0000	0.0000	0.0771	0.0004	0.2514	0.1534	0.0008	3.2482	0.0308	0.0000	0.0692	262.1784	0.0000	0.0008	0.9835	0.0001	6.0524	1.7968	0.0000	0.0000	0.0000	0.0000	0.0000	0.0000	0.0000	0.0000	0.0000	0.0018	0.0000	0.0018	0.0014	0.0000	0.0013	0.0004	0.0000	0.0004	0.0000	0.0000	0.0000	0.0000	0.0000	0.0000	0.0000	0.0000	0.0000	0.0234	0.0163	0.0071	0.0088	0.0082	0.0007	0.0146	0.0081	0.0065	0.0000	0.0000	0.0000	0.0000	0.0000	0.0000	0.0000	0.0000	0.0000	0.0771	0.0004	0.2514	0.1534	0.0008	1.9879	0.0308	0.0000	0.0692	
4	53	0.1915	9	1	2	0	0	0	0	0	0	N	Y	N	N	N	N	N	N	N	N	N	N	1.5404	5653.4645	0.0000	147.4231	148.9026	1.5548	10137.9859	0.0000	0.0279	0.0320	0.0000	0.0008	0.0009	0.0000	0.0451	0.0525	0.0000	0.0181	0.0000	0.0551	0.0000	0.0000	0.0000	0.0290	0.0000	0.0623	0.0000	4769.9236	-0.0002	0.0003	0.9835	1.8240	6.0524	0.8872	0.0005	0.0005	0.0000	0.0000	0.0000	0.0000	0.0005	0.0005	0.0000	0.0006	0.0000	0.0006	0.0000	0.0000	0.0000	0.0006	0.0000	0.0006	0.0175	0.0153	0.0022	0.0068	0.0061	0.0007	0.0107	0.0092	0.0015	0.0341	0.0229	0.0112	0.0128	0.0115	0.0013	0.0213	0.0114	0.0099	1.5404	5653.4645	0.0000	147.4231	148.9026	0.0000	1.5548	10137.9859	0.0000	0.0181	0.0000	0.0551	0.0000	0.0000	0.0000	0.0290	0.0000	0.0623	
4	54	0.1759	11	0	2	0	1	0	0	0	0	N	Y	N	N	N	N	N	N	N	N	N	N	0.0000	0.0000	0.0000	0.0000	0.0000	0.0000	0.0000	0.0000	0.0000	0.0000	0.0000	0.0000	0.0000	0.0129	0.0195	0.0000	0.0401	0.0442	0.0000	0.0000	0.0000	0.0000	0.0000	0.0000	-0.0003	0.9835	0.0007	6.0524	4.7762	0.0000	0.0000	0.0000	0.0000	0.0000	0.0000	0.0000	0.0000	0.0000	0.0006	0.0006	0.0000	0.0006	0.0006	0.0000	0.0000	0.0000	0.0000	0.0000	0.0000	0.0000	0.0000	0.0000	0.0000	0.0000	0.0000	0.0000	0.0481	0.0317	0.0164	0.0154	0.0140	0.0014	0.0326	0.0177	0.0149	0.0000	0.0000	0.0000	0.0000	0.0000	0.0000	0.0000	0.0000	0.0000	0.0129	0.0195	0.0000	0.0401	0.0442	0.0000	0.0000	0.0000	0.0000						
4	55	0.1759	11	0	1	0	1	0	0	0	0	N	N	N	N	N	N	N	N	N	N	N	N	0.0000	0.0000	0.0000	0.0000	0.0000	0.0000	0.0000	0.0000	0.0000	0.0000	0.0000	0.0000	0.0000	0.0000	0.0000	0.0000	0.0000	0.0001	0.0000	0.0000	0.0000	0.0001	0.0000	0.0001	inf	0.0000	0.0000	0.9835	0.0007	6.0524	3.2259	0.0000	0.0000	0.0000	0.0000	0.0000	0.0000	0.0000	0.0000	0.0000	0.0000	0.0000	0.0000	0.0000	0.0000	0.0000	0.0000	0.0000	0.0000	0.0000	0.0000	0.0000	0.0000	0.0000	0.0000	0.0000	0.0000	0.0000	0.0349	0.0234	0.0115	0.0116	0.0106	0.0010	0.0233	0.0127	0.0106	0.0000	0.0000	0.0000	0.0000	0.0000	0.0000	0.0000	0.0000	0.0000	0.0000	0.0000	0.0001	0.0000	0.0000	0.0000	0.0001	0.0000	0.0001				
4	56	0.1716	10	0	1	0	1	0	0	0	0	N	N	N	N	N	N	N	N	N	N	N	N	0.0000	0.0000	0.0000	0.0000	0.0000	0.0000	0.0000	0.0000	0.0000	0.0000	0.0000	0.0000	0.0000	0.0000	0.0000	0.0000	0.0001	0.0001	0.0000	0.0002	0.0002	0.0000	0.0000	0.0000	0.0000	0.0163	0.0000	-0.0000	0.9835	0.9953	6.0524	1.3904	0.0000	0.0000	0.0000	0.0000	0.0000	0.0000	0.0000	0.0000	0.0000	0.0000	0.0000	0.0000	0.0000	0.0000	0.0000	0.0000	0.0000	0.0000	0.0071	0.0063	0.0009	0.0014	0.0013	0.0001	0.0057	0.0049	0.0008	0.0269	0.0183	0.0086	0.0091	0.0084	0.0007	0.0178	0.0100	0.0078	0.0000	0.0000	0.0000	0.0000	0.0000	0.0000	0.0000	0.0000	0.0000	0.0001	0.0001	0.0000	0.0002	0.0002	0.0000	0.0000	0.0000	0.0000			
4	57	0.1649	9	0	1	0	1	0	0	0	0	N	N	N	N	N	N	N	N	N	N	N	N	0.0510	0.0000	4236.6432	0.0000	0.0000	193.2035	0.0000	4188.4081	0.0001	0.0000	0.0009	0.0000	0.0000	0.0000	0.0001	0.0000	0.0009	0.0019	0.0030	0.0000	0.0060	0.0066	0.0000	0.0000	0.0000	0.0000	inf	0.0000	0.0000	-0.0000	0.9835	0.0068	6.0524	3.2797	0.0000	0.0000	0.0000	0.0000	0.0000	0.0000	0.0000	0.0000	0.0000	0.0001	0.0001	0.0000	0.0001	0.0001	0.0000	0.0000	0.0000	0.0000	0.0001	0.0001	0.0000	0.0000	0.0000	0.0000	0.0000	0.0000	0.0000	0.0341	0.0219	0.0122	0.0110	0.0100	0.0010	0.0231	0.0118	0.0112	0.0510	0.0000	4236.6432	0.0000	0.0000	0.0000	193.2035	0.0000	4188.4081	0.0019	0.0030	0.0000	0.0060	0.0066	0.0000	0.0000	0.0000	0.0000	
4	58	0.1237	8	0	1	0	1	0	0	0	0	N	N	N	N	N	N	N	N	N	N	N	N	0.0025	0.0000	22.2039	0.0006	0.0000	440.7365	5.6093	0.0000	19.6383	0.0096	0.0000	0.0770	0.0068	0.0000	0.0904	0.0109	0.0000	0.0738	3.8727	6.1703	0.0035	12.2249	13.4667	0.0002	0.0020	0.0001	0.0038	175651.3298	0.0003	0.0003	-0.4396	0.9835	5.8573	6.0524	13.1443	0.0005	0.0000	0.0005	0.0001	0.0000	0.0001	0.0004	0.0000	0.0004	0.8101	0.8098	0.0003	0.8098	0.8098	0.0000	0.0003	0.0000	0.0003	0.0487	0.0427	0.0061	0.0156	0.0144	0.0012	0.0332	0.0282	0.0049	0.2092	0.1312	0.0779	0.0665	0.0601	0.0064	0.1427	0.0711	0.0716	0.0025	0.0000	22.2039	0.0006	0.0000	440.7365	5.6093	0.0000	19.6383	3.8727	6.1703	0.0035	12.1805	13.4667	0.0002	0.0020	0.0001	0.0038
4	59	0.2099	16	0	2	1	0	0	0	0	0	N	Y	N	N	N	N	N	N	N	N	N	N	0.0000	0.0000	0.0000	0.0000	0.0000	0.0000	0.0000	0.0000	0.0000	0.0000	0.0000	0.0000	0.0000	0.0000	0.0000	0.0458	0.0653	0.0000	0.0932	0.1040	0.0000	0.0181	0.0308	0.0000	0.0000	0.0000	-0.0014	0.9835	0.9979	6.0524	4.0614	0.0000	0.0000	0.0000	0.0000	0.0000	0.0000	0.0000	0.0000	0.0000	0.0025	0.0025	0.0000	0.0019	0.0019	0.0000	0.0006	0.0006	0.0000	0.0071	0.0063	0.0008	0.0017	0.0016	0.0001	0.0054	0.0047	0.0008	0.0548	0.0385	0.0163	0.0202	0.0181	0.0021	0.0346	0.0204	0.0142	0.0000	0.0000	0.0000	0.0000	0.0000	0.0000	0.0000	0.0000	0.0000	0.0458	0.0653	0.0000	0.0932	0.1040	0.0000	0.0181	0.0308	0.0000				
4	60	0.2015	15	0	2	0	0	0	0	0	0	N	Y	N	N	N	N	N	N	N	N	N	N	0.0000	0.0000	0.0000	0.0000	0.0000	0.0000	0.0000	0.0000	0.0000	0.0000	0.0000	0.0000	0.0000	0.0000	0.0000	0.0000	0.0000	0.0000	0.0013	0.0018	0.0000	0.0027	0.0029	0.0001	0.0005	0.0008	0.0000	0.0052	0.0000	-0.0000	0.9835	2.2356	6.0524	2.2044	0.0000	0.0000	0.0000	0.0000	0.0000	0.0000	0.0000	0.0000	0.0000	0.0001	0.0001	0.0000	0.0000	0.0000	0.0000	0.0000	0.0000	0.0000	0.0165	0.0145	0.0020	0.0038	0.0036	0.0002	0.0127	0.0109	0.0018	0.0478	0.0335	0.0144	0.0169	0.0153	0.0015	0.0310	0.0181	0.0128	0.0000	0.0000	0.0000	0.0000	0.0000	0.0000	0.0000	0.0000	0.0000	0.0013	0.0018	0.0000	0.0027	0.0029	0.0001	0.0005	0.0008	0.0000	
4	61	0.1809	13	1	1	1	0	0	0	0	0	N	N	N	N	N	N	N	N	N	N	N	N	0.7834	0.0000	inf	0.0000	0.0000	0.8002	0.0000	inf	0.0000	0.0000	0.0001	0.0000	0.0000	0.0000	0.0000	0.0000	0.0001	0.0000	0.0000	0.0000	0.0000	0.0000	0.0000	0.0000	0.0000	0.0000	inf	0.0007	0.0000	-0.0000	0.9835	2.0703	6.0524	7.0012	0.0000	0.0000	0.0000	0.0000	0.0000	0.0000	0.0000	0.0000	0.0000	0.0000	0.0000	0.0000	0.0000	0.0000	0.0000	0.0000	0.0000	0.0000	0.0156	0.0138	0.0018	0.0039	0.0037	0.0002	0.0117	0.0100	0.0017	0.0804	0.0531	0.0274	0.0250	0.0218	0.0032	0.0554	0.0313	0.0242	0.7834	0.0000	inf	0.0000	0.0000	0.0000	0.8002	0.0000	inf	0.0000	0.0000	0.0000	0.0000	0.0000	0.0000	0.0000	0.0000	0.0000	
4	62	0.1793	12	0	1	0	0	0	0	0	0	N	N	N	N	N	N	N	N	N	N	N	N	0.1098	0.0848	0.0000	0.2526	0.2283	0.0000	0.0000	0.0000	0.0000	0.0000	0.0000	0.0001	0.0001	0.0000	0.0000	0.0000	0.0000	0.0002	0.0003	0.0000	0.0004	0.0005	0.0000	0.0001	0.0002	0.0000	0.0000	0.0337	-0.0000	-0.0000	0.9835	0.9285	6.0524	0.0280	0.0000	0.0000	0.0000	0.0000	0.0000	0.0000	0.0000	0.0000	0.0000	0.0000	0.0000	0.0000	0.0000	0.0000	0.0000	0.0000	0.0000	0.0000	0.0068	0.0060	0.0008	0.0016	0.0016	0.0001	0.0052	0.0045	0.0007	0.0090	0.0059	0.0031	0.0029	0.0025	0.0004	0.0061	0.0034	0.0027	0.1098	0.0848	0.0000	0.2526	0.2283	0.0000	0.0000	0.0000	0.0000	0.0002	0.0003	0.0000	0.0004	0.0005	0.0000	0.0001	0.0002	0.0000	
4	63	0.1415	7	1	2	0	0	0	0	0	0	N	Y	N	N	N	N	N	N	N	N	N	N	0.0017	0.0000	0.0046	0.0012	0.0000	0.0042	0.0051	0.0167	0.0001	0.0000	0.0009	0.0002	0.0000	0.0060	0.0001	0.0000	0.0007	0.0653	0.0000	0.1871	0.1532	0.0000	1.4116	0.0207	0.0000	0.0448	inf	3062933.9990	0.0000	0.0014	0.9835	1.0023	6.0524	3.0135	0.0000	0.0000	0.0000	0.0000	0.0000	0.0000	0.0000	0.0000	0.0000	0.0031	0.0000	0.0031	0.0024	0.0000	0.0024	0.0006	0.0000	0.0006	0.0074	0.0065	0.0010	0.0007	0.0007	0.0000	0.0068	0.0058	0.0010	0.0469	0.0305	0.0164	0.0158	0.0138	0.0020	0.0311	0.0167	0.0144	0.0017	0.0000	0.0046	0.0012	0.0000	0.0049	0.0051	0.0000	0.0167	0.0653	0.0000	0.1871	0.1532	0.0000	1.2155	0.0207	0.0000	0.0448	
4	64	0.1151	6	1	2	0	0	0	0	0	0	N	Y	N	N	N	N	N	N	N	N	N	N	2.1495	0.0014	11.0462	0.8198	0.0012	8.4394	3.5394	0.0443	12.0488	0.0204	0.0000	0.1460	0.0144	0.0000	0.1075	0.0227	0.0000	0.1597	0.0095	0.0073	0.0132	0.0176	0.0182	0.0127	0.0064	0.0001	0.0133	2355.2049	1.0891	0.0004	-0.0000	0.9835	3.0820	6.0524	9.3392	0.0006	0.0000	0.0006	0.0001	0.0000	0.0001	0.0005	0.0000	0.0005	0.0012	0.0006	0.0006	0.0006	0.0006	0.0000	0.0006	0.0000	0.0006	0.0283	0.0243	0.0039	0.0077	0.0067	0.0010	0.0205	0.0176	0.0029	0.1275	0.0798	0.0478	0.0352	0.0315	0.0036	0.0924	0.0483	0.0441	2.1495	0.0014	11.0462	0.8198	0.0012	8.4394	3.5394	0.0443	12.0488	0.0095	0.0073	0.0132	0.0176	0.0182	0.0127	0.0064	0.0001	0.0133
4	65	0.2015	15	0	2	0	0	0	0	0	0	N	Y	N	N	N	N	N	N	N	N	N	N	0.0000	0.0000	0.0000	0.0000	0.0000	0.0000	0.0000	0.0000	0.0000	0.0000	0.0000	0.0000	0.0000	0.0000	0.0000	0.0000	0.0000	0.0000	0.0000	0.0000	0.0000	0.0001	0.0000	0.0000	0.0000	0.0000	0.0013	0.0000	-0.0000	0.9835	1.7946	6.0524	5.9592	0.0000	0.0000	0.0000	0.0000	0.0000	0.0000	0.0000	0.0000	0.0000	0.0000	0.0000	0.0000	0.0000	0.0000	0.0000	0.0000	0.0000	0.0000	0.0135	0.0119	0.0016	0.0032	0.0030	0.0001	0.0103	0.0089	0.0015	0.0766	0.0527	0.0239	0.0261	0.0234	0.0026	0.0505	0.0292	0.0213	0.0000	0.0000	0.0000	0.0000	0.0000	0.0000	0.0000	0.0000	0.0000	0.0000	0.0000	0.0000	0.0000	0.0001	0.0000	0.0000	0.0000	0.0000		
4	66	0.1947	14	0	2	0	0	0	0	0	0	N	Y	N	N	N	N	N	N	N	N	N	N	0.0288	0.0226	0.0000	0.0532	0.0504	0.0000	0.0000	0.0000	0.0000	0.0000	0.0000	0.0000	0.0000	0.0000	0.0000	0.0000	0.0000	0.0000	0.0001	0.0001	0.0000	0.0001	0.0001	0.0000	0.0000	0.0000	0.0000	0.0000	0.0351	-0.0000	-0.0000	0.9835	1.3569	6.0524	2.0560	0.0000	0.0000	0.0000	0.0000	0.0000	0.0000	0.0000	0.0000	0.0000	0.0000	0.0000	0.0000	0.0000	0.0000	0.0000	0.0000	0.0000	0.0000	0.0111	0.0098	0.0013	0.0028	0.0027	0.0001	0.0083	0.0071	0.0012	0.0344	0.0230	0.0114	0.0115	0.0104	0.0012	0.0228	0.0126	0.0102	0.0288	0.0226	0.0000	0.0532	0.0504	0.0000	0.0000	0.0000	0.0000	0.0001	0.0001	0.0000	0.0001	0.0001	0.0000	0.0000	0.0000	0.0000
4	67	0.1813	13	0	2	0	0	0	0	0	0	N	Y	N	N	N	N	N	N	N	N	N	N	0.0933	0.0646	inf	0.0000	0.0000	0.3230	0.1895	inf	0.0000	0.0000	0.0000	0.0000	0.0000	0.0000	0.0000	0.0000	0.0000	0.0000	0.0000	0.0000	0.0000	0.0000	0.0000	0.0000	0.0000	0.0000	0.1143	0.0021	-0.0000	-0.0000	0.9835	4.9477	6.0524	2.0153	0.0000	0.0000	0.0000	0.0000	0.0000	0.0000	0.0000	0.0000	0.0000	0.0000	0.0000	0.0000	0.0000	0.0000	0.0000	0.0000	0.0000	0.0000	0.0374	0.0328	0.0047	0.0076	0.0072	0.0005	0.0298	0.0256	0.0042	0.0685	0.0461	0.0224	0.0237	0.0212	0.0025	0.0448	0.0249	0.0199	0.0933	0.0646	inf	0.0000	0.0000	0.0000	0.3230	0.1895	inf	0.0000	0.0000	0.0000	0.0000	0.0000	0.0000	0.0000	0.0000	0.0000	
4	68	0.1460	9	0	1	1	0	0	0	0	0	N	N	N	N	N	N	N	N	N	N	N	N	0.0000	0.0000	0.0000	0.0000	0.0000	0.0000	0.0000	0.0000	0.0000	0.0000	0.0000	0.0000	0.0000	0.0000	0.0000	0.0000	0.0000	0.0000	0.0000	0.0000	0.0000	0.0000	0.0000	0.0000	0.0000	0.0000	16.5806	0.0000	0.0000	0.9835	0.0000	6.0524	4.0001	0.0000	0.0000	0.0000	0.0000	0.0000	0.0000	0.0000	0.0000	0.0000	0.0000	0.0000	0.0000	0.0000	0.0000	0.0000	0.0000	0.0000	0.0000	0.0000	0.0000	0.0000	0.0000	0.0000	0.0000	0.0000	0.0000	0.0000	0.0355	0.0222	0.0133	0.0094	0.0080	0.0014	0.0262	0.0142	0.0120	0.0000	0.0000	0.0000	0.0000	0.0000	0.0000	0.0000	0.0000	0.0000	0.0000	0.0000	0.0000	0.0000	0.0000	0.0000	0.0000	0.0000	0.0000		
4	69	0.1237	8	0	1	0	0	0	0	0	0	N	N	N	N	N	N	N	N	N	N	N	N	0.0185	3.0316	0.0000	0.2228	0.9130	0.0000	0.0151	44018.8800	0.0000	0.0166	0.0190	0.0001	0.0102	0.0112	0.0000	0.0205	0.0243	0.0001	0.8974	0.0063	2.3936	0.0460	0.0123	0.4798	1.3617	0.0000	2.5885	0.0006	227.0129	-0.0002	0.0630	0.9835	2.8240	6.0524	8.9883	0.0005	0.0005	0.0000	0.0001	0.0001	0.0000	0.0004	0.0004	0.0000	0.1392	0.0006	0.1386	0.0025	0.0006	0.0019	0.1367	0.0000	0.1367	0.0287	0.0250	0.0037	0.0110	0.0100	0.0010	0.0177	0.0149	0.0027	0.1552	0.0972	0.0579	0.0548	0.0497	0.0051	0.1004	0.0476	0.0528	0.0185	3.0316	0.0000	0.2228	0.9130	0.0000	0.0151	44018.8800	0.0000	0.8974	0.0063	2.3936	0.0460	0.0123	0.3745	1.3617	0.0000	2.5885
4	70	0.1148	7	0	1	0	0	0	0	0	0	N	N	N	N	N	N	N	N	N	N	N	N	0.0086	0.0061	0.0259	0.0001	0.0001	0.0324	0.0136	67.5978	0.0269	0.0204	0.0113	0.0848	0.0003	0.0003	0.0003	0.0269	0.0153	0.0934	2.3618	1.8497	3.2702	2.9681	3.0829	0.0090	1.9812	0.0002	3.4754	1.0516	0.9968	0.0000	-0.0102	0.9835	1.4521	6.0524	3.5882	0.0002	0.0001	0.0001	0.0000	0.0000	0.0000	0.0002	0.0001	0.0001	0.2327	0.1165	0.1162	0.1165	0.1165	0.0000	0.1161	0.0000	0.1161	0.0108	0.0095	0.0013	0.0026	0.0025	0.0001	0.0081	0.0069	0.0012	0.0985	0.0630	0.0355	0.0399	0.0378	0.0021	0.0586	0.0252	0.0334	0.0086	0.0061	0.0259	0.0001	0.0001	0.0324	0.0136	67.5978	0.0269	2.3618	1.8497	3.2702	2.9208	3.0829	0.0090	1.9812	0.0002	3.4754
4	71	0.1120	6	0	1	0	0	0	0	0	0	N	N	N	N	N	N	N	N	N	N	N	N	0.0079	0.0001	0.0280	0.0002	0.0002	0.0000	0.0093	2.4692	0.0287	0.0299	0.0002	0.1815	0.0005	0.0006	0.0000	0.0420	0.0000	0.1914	3.8065	2.1014	6.4908	2.9884	2.9880	0.0001	4.5020	0.0000	6.6597	168.3060	1.9622	0.0002	0.0331	0.9835	1.1783	6.0524	0.9542	0.0003	0.0000	0.0003	0.0000	0.0000	0.0000	0.0003	0.0000	0.0003	0.2773	0.0936	0.1837	0.0936	0.0936	0.0000	0.1837	0.0000	0.1837	0.0112	0.0094	0.0018	0.0033	0.0032	0.0001	0.0080	0.0062	0.0017	0.0728	0.0445	0.0283	0.0320	0.0313	0.0007	0.0408	0.0132	0.0276	0.0079	0.0001	0.0280	0.0002	0.0002	0.0000	0.0093	2.4692	0.0287	3.8065	2.1014	6.4908	2.9211	2.9880	0.0001	4.5020	0.0000	6.6597
4	72	0.1075	5	0	1	0	0	0	0	0	0	N	N	N	N	N	N	N	N	N	N	N	N	66.2623	0.0086	227.9677	0.0147	0.0146	0.0000	74.4828	0.8544	232.9822	0.2360	0.0000	1.8967	0.0000	0.0000	0.0000	0.3028	0.0000	2.0586	0.0036	0.0013	0.0083	0.0026	0.0027	0.0000	0.0041	0.0000	0.0088	24540.0869	3.1081	0.0023	0.0000	0.9835	2.0762	6.0524	1.4610	0.0037	0.0000	0.0037	0.0000	0.0000	0.0000	0.0037	0.0000	0.0037	0.0002	0.0000	0.0001	0.0000	0.0000	0.0000	0.0001	0.0000	0.0001	0.0156	0.0136	0.0019	0.0034	0.0033	0.0002	0.0121	0.0104	0.0018	0.0487	0.0329	0.0158	0.0164	0.0155	0.0009	0.0323	0.0174	0.0148	66.2623	0.0086	227.9677	0.0147	0.0146	0.0000	74.4828	0.8544	232.9822	0.0036	0.0013	0.0083	0.0026	0.0027	0.0000	0.0041	0.0000	0.0088
4	73	0.1063	5	0	1	0	0	0	0	0	0	N	N	N	N	N	N	N	N	N	N	N	N	1.2033	1.0495	0.0000	0.3813	0.3884	2.4930	2.8750	0.0000	0.0181	0.0210	0.0000	0.0139	0.0159	0.0000	0.0194	0.0226	0.0000	0.0150	0.0200	0.0071	0.0364	0.0410	0.0000	0.0078	0.0079	0.0077	0.0000	0.2242	-0.0002	-0.0011	0.9835	4.0673	6.0524	17.8409	0.0006	0.0006	0.0000	0.0001	0.0001	0.0000	0.0005	0.0005	0.0000	0.0031	0.0025	0.0006	0.0019	0.0019	0.0000	0.0012	0.0006	0.0006	0.0349	0.0300	0.0048	0.0083	0.0072	0.0011	0.0266	0.0228	0.0038	0.2072	0.1272	0.0800	0.0525	0.0466	0.0059	0.1547	0.0806	0.0741	1.2033	1.0495	0.0000	0.3813	0.3884	0.0000	2.4930	2.8750	0.0000	0.0150	0.0200	0.0071	0.0364	0.0410	0.0000	0.0078	0.0079	0.0077	
4	75	0.2430	9	0	1	0	0	0	0	0	0	N	N	N	N	N	N	N	N	N	N	N	N	0.1363	0.1263	0.0549	0.1003	0.1118	0.0019	0.8017	6.8273	0.2049	0.0034	0.0038	0.0008	0.0052	0.0057	0.0001	0.0021	0.0022	0.0010	0.0248	0.0297	0.0139	0.0521	0.0512	0.0590	0.0026	0.0003	0.0051	0.0286	0.2090	-0.0001	-0.0062	0.9835	3.5843	6.0524	46.7516	0.0001	0.0001	0.0000	0.0001	0.0001	0.0000	0.0001	0.0000	0.0000	0.0167	0.0138	0.0029	0.0158	0.0138	0.0020	0.0010	0.0001	0.0009	0.0427	0.0374	0.0052	0.0179	0.0163	0.0016	0.0248	0.0211	0.0037	0.6737	0.4656	0.2081	0.3030	0.2691	0.0340	0.3707	0.1966	0.1741	0.1363	0.1263	0.0549	0.1003	0.1118	0.0019	0.8017	6.8273	0.2049	0.0248	0.0297	0.0139	0.0521	0.0512	0.0590	0.0026	0.0003	0.0051
4	76	0.2081	15	1	2	1	0	0	0	0	0	N	Y	N	N	N	N	N	N	N	N	N	N	0.0000	0.0000	0.0000	0.0000	0.0000	0.0000	0.0000	0.0000	0.0000	0.0000	0.0000	0.0000	0.0000	0.0000	0.0000	0.0000	0.0000	0.0000	0.0000	-0.0000	0.9835	1.0003	6.0524	1.0071	0.0000	0.0000	0.0000	0.0000	0.0000	0.0000	0.0000	0.0000	0.0000	0.0000	0.0000	0.0000	0.0000	0.0000	0.0000	0.0000	0.0000	0.0000	0.0070	0.0062	0.0008	0.0019	0.0018	0.0001	0.0051	0.0044	0.0007	0.0176	0.0116	0.0060	0.0062	0.0054	0.0008	0.0114	0.0062	0.0052	0.0000	0.0000	0.0000	0.0000	0.0000	0.0000	0.0000	0.0000	0.0000	0.0000	0.0000	0.0000	0.0000	0.0000	0.0000	0.0000	0.0000	0.0000											
4	77	0.2014	14	1	1	1	0	0	0	0	0	N	N	N	N	N	N	N	N	N	N	N	N	0.0000	0.0000	0.0000	0.0000	0.0000	0.0000	0.0000	0.0000	0.0000	0.0000	0.0000	0.0000	0.0000	0.0000	0.0000	0.0000	0.0000	0.0000	0.0000	0.0000	0.0000	0.0000	0.0000	0.0000	0.0000	5.5714	0.0000	0.0000	0.9835	0.9901	6.0524	2.2068	0.0000	0.0000	0.0000	0.0000	0.0000	0.0000	0.0000	0.0000	0.0000	0.0000	0.0000	0.0000	0.0000	0.0000	0.0000	0.0000	0.0000	0.0000	0.0071	0.0062	0.0008	0.0019	0.0018	0.0001	0.0052	0.0044	0.0007	0.0573	0.0434	0.0139	0.0240	0.0228	0.0012	0.0333	0.0206	0.0127	0.0000	0.0000	0.0000	0.0000	0.0000	0.0000	0.0000	0.0000	0.0000	0.0000	0.0000	0.0000	0.0000	0.0000	0.0000	0.0000	0.0000	0.0000			
4	78	0.1238	6	0	2	0	0	0	0	0	0	N	Y	N	N	N	N	N	N	N	N	N	N	81.2245	97.3541	18.1404	65.5725	111.4049	0.0039	696.7987	538.6271	716.5115	0.0083	0.0092	0.0021	0.0208	0.0230	0.0000	0.0043	0.0046	0.0026	0.0001	0.0001	0.0001	0.0003	0.0002	0.0014	0.0000	0.0000	0.0000	0.0340	0.6749	-0.0002	-0.0000	0.9835	8.4371	6.0524	15.3349	0.0006	0.0006	0.0000	0.0004	0.0004	0.0000	0.0002	0.0002	0.0000	0.0000	0.0000	0.0000	0.0000	0.0000	0.0000	0.0000	0.0000	0.0000	0.0710	0.0617	0.0092	0.0172	0.0155	0.0017	0.0537	0.0462	0.0075	0.2516	0.1620	0.0897	0.0779	0.0705	0.0073	0.1738	0.0914	0.0823	81.2245	97.3541	18.1404	65.5725	111.4049	0.0039	696.7987	538.6271	716.5115	0.0001	0.0001	0.0001	0.0003	0.0002	0.0014	0.0000	0.0000	0.0000
4	79	0.2014	14	1	1	1	0	0	0	0	0	N	N	N	N	N	N	N	N	N	N	N	N	0.0000	0.0000	0.0000	0.0000	0.0000	0.0000	0.0000	0.0000	0.0000	0.0000	0.0000	0.0000	0.0000	0.0001	0.0000	0.0003	0.0000	0.0000	0.0000	0.0002	0.0000	0.0004	inf	0.0000	0.0000	0.9835	3.0096	6.0524	5.7427	0.0000	0.0000	0.0000	0.0000	0.0000	0.0000	0.0000	0.0000	0.0000	0.0000	0.0000	0.0000	0.0000	0.0000	0.0000	0.0000	0.0000	0.0000	0.0211	0.0186	0.0025	0.0056	0.0054	0.0003	0.0154	0.0132	0.0022	0.1033	0.0737	0.0296	0.0391	0.0359	0.0032	0.0642	0.0377	0.0265	0.0000	0.0000	0.0000	0.0000	0.0000	0.0000	0.0000	0.0000	0.0000	0.0001	0.0000	0.0003	0.0000	0.0000	0.0000	0.0002	0.0000	0.0004						
4	80	0.1858	13	1	1	1	0	0	0	0	0	N	N	N	N	N	N	N	N	N	N	N	N	0.0000	0.0000	0.0000	0.0000	0.0000	0.0000	0.0000	0.0000	0.0000	0.0000	0.0000	0.0000	0.0000	0.0000	0.0000	0.0000	0.0000	0.0008	0.0002	0.0021	0.0003	0.0003	0.0000	0.0011	0.0001	0.0024	5.5975	0.0000	0.0000	0.9835	1.0477	6.0524	6.1154	0.0000	0.0000	0.0000	0.0000	0.0000	0.0000	0.0000	0.0000	0.0000	0.0001	0.0000	0.0000	0.0000	0.0000	0.0000	0.0001	0.0000	0.0000	0.0083	0.0074	0.0009	0.0024	0.0023	0.0001	0.0059	0.0051	0.0008	0.0699	0.0468	0.0231	0.0237	0.0211	0.0025	0.0463	0.0257	0.0206	0.0000	0.0000	0.0000	0.0000	0.0000	0.0000	0.0000	0.0000	0.0000	0.0008	0.0002	0.0021	0.0003	0.0003	0.0000	0.0011	0.0001	0.0024		
4	81	0.1793	12	0	1	0	0	0	0	0	0	N	N	N	N	N	N	N	N	N	N	N	N	0.0000	0.0000	0.0000	0.0000	0.0000	0.0000	0.0000	0.0000	0.0000	0.0000	0.0000	0.0000	0.0000	0.0000	0.0000	0.0000	0.0000	0.0000	0.0004	0.0004	0.0004	0.0007	0.0006	0.0018	0.0002	0.0002	0.0003	0.6119	0.0000	-0.0000	0.9835	1.9794	6.0524	1.0196	0.0000	0.0000	0.0000	0.0000	0.0000	0.0000	0.0000	0.0000	0.0000	0.0000	0.0000	0.0000	0.0000	0.0000	0.0000	0.0000	0.0000	0.0000	0.0144	0.0127	0.0017	0.0034	0.0032	0.0002	0.0110	0.0094	0.0015	0.0273	0.0180	0.0093	0.0085	0.0074	0.0011	0.0187	0.0106	0.0082	0.0000	0.0000	0.0000	0.0000	0.0000	0.0000	0.0000	0.0000	0.0000	0.0004	0.0004	0.0004	0.0007	0.0006	0.0018	0.0002	0.0002	0.0003	
4	82	0.1771	11	0	1	0	0	0	0	0	0	N	N	N	N	N	N	N	N	N	N	N	N	0.0060	0.0046	0.0000	0.0112	0.0101	0.0000	0.0000	0.0000	0.0000	0.0000	0.0000	0.0000	0.0000	0.0000	0.0000	0.0000	0.0000	0.0007	0.0010	0.0000	0.0016	0.0019	0.0000	0.0002	0.0003	0.0000	0.0000	0.0220	-0.0000	-0.0000	0.9835	1.0114	6.0524	0.0202	0.0000	0.0000	0.0000	0.0000	0.0000	0.0000	0.0000	0.0000	0.0000	0.0000	0.0000	0.0000	0.0000	0.0000	0.0000	0.0000	0.0000	0.0000	0.0074	0.0065	0.0009	0.0016	0.0015	0.0001	0.0058	0.0050	0.0008	0.0100	0.0065	0.0035	0.0032	0.0028	0.0005	0.0067	0.0037	0.0030	0.0060	0.0046	0.0000	0.0112	0.0101	0.0000	0.0000	0.0000	0.0000	0.0007	0.0010	0.0000	0.0016	0.0019	0.0000	0.0002	0.0003	0.0000	
4	83	0.1566	10	0	1	0	0	0	0	0	0	N	N	N	N	N	N	N	N	N	N	N	N	0.0052	0.0038	0.0268	0.1704	0.1801	0.0000	0.0004	0.0001	0.0304	0.0000	0.0000	0.0000	0.0001	0.0001	0.0000	0.0000	0.0000	0.0000	0.0034	0.0051	0.0003	0.0004	0.0004	0.0004	0.0049	0.0087	0.0003	0.0614	0.0361	-0.0000	-0.0002	0.9835	5.9223	6.0524	3.6882	0.0000	0.0000	0.0000	0.0000	0.0000	0.0000	0.0000	0.0000	0.0000	0.0003	0.0003	0.0000	0.0000	0.0000	0.0000	0.0003	0.0003	0.0000	0.0475	0.0423	0.0053	0.0117	0.0111	0.0005	0.0359	0.0311	0.0048	0.0946	0.0621	0.0325	0.0306	0.0272	0.0034	0.0640	0.0349	0.0291	0.0052	0.0038	0.0268	0.1704	0.1801	0.0000	0.0004	0.0001	0.0304	0.0034	0.0051	0.0003	0.0004	0.0004	0.0004	0.0049	0.0087	0.0003
4	84	0.1437	8	0	2	0	0	0	0	0	0	N	Y	N	N	N	N	N	N	N	N	N	N	0.0038	0.0028	0.0393	0.0001	0.0001	0.0000	0.5284	296.8896	0.0410	0.0012	0.0014	0.0002	0.0001	0.0001	0.0000	0.0015	0.0017	0.0002	0.3159	0.4832	0.0058	1.0302	1.1460	0.0028	0.0028	0.0000	0.0060	0.0242	0.0064	-0.0000	-0.0582	0.9835	7.1084	6.0524	28.8937	0.0001	0.0001	0.0000	0.0000	0.0000	0.0000	0.0001	0.0001	0.0000	0.1084	0.1077	0.0007	0.1078	0.1077	0.0000	0.0007	0.0000	0.0007	0.0524	0.0458	0.0066	0.0098	0.0092	0.0006	0.0426	0.0366	0.0060	0.3432	0.2229	0.1203	0.1046	0.0940	0.0106	0.2386	0.1289	0.1097	0.0038	0.0028	0.0393	0.0001	0.0001	0.0000	0.5284	296.8896	0.0410	0.3159	0.4832	0.0058	1.0302	1.1460	0.0028	0.0028	0.0000	0.0060
4	85	0.1362	7	0	2	0	0	0	0	0	0	N	Y	N	N	N	N	N	N	N	N	N	N	3.0760	2.7503	3.6017	0.2821	0.3099	0.0333	19.2580	412.9432	6.2586	0.0052	0.0054	0.0038	0.0011	0.0012	0.0001	0.0080	0.0084	0.0056	0.0017	0.0020	0.0011	0.0038	0.0039	0.0032	0.0004	0.0000	0.0009	0.1046	0.2306	-0.0000	-0.0001	0.9835	2.2208	6.0524	3.9129	0.0001	0.0001	0.0000	0.0000	0.0000	0.0000	0.0001	0.0001	0.0000	0.0002	0.0001	0.0000	0.0001	0.0001	0.0000	0.0000	0.0000	0.0000	0.0278	0.0242	0.0036	0.0112	0.0100	0.0012	0.0166	0.0142	0.0024	0.1018	0.0710	0.0307	0.0379	0.0359	0.0020	0.0638	0.0352	0.0287	3.0760	2.7503	3.6017	0.2821	0.3099	0.0333	19.2580	412.9432	6.2586	0.0017	0.0020	0.0011	0.0038	0.0039	0.0032	0.0004	0.0000	0.0009
4	86	0.2117	9	0	1	1	0	0	0	0	0	N	N	N	N	N	N	N	N	N	N	N	N	0.4698	38.0825	0.0000	0.0966	9.2661	0.0000	8.3525	861.3885	0.0000	0.0082	0.0093	0.0000	0.0045	0.0047	0.0000	0.0095	0.0111	0.0000	0.0175	0.0002	0.0510	0.0462	0.0005	0.3283	0.0011	0.0000	0.0025	0.0000	107.2941	-0.0001	0.0010	0.9835	5.3425	6.0524	7.0749	0.0004	0.0004	0.0000	0.0001	0.0001	0.0000	0.0003	0.0003	0.0000	0.0023	0.0000	0.0023	0.0022	0.0000	0.0022	0.0001	0.0000	0.0001	0.0432	0.0381	0.0051	0.0112	0.0106	0.0007	0.0320	0.0276	0.0044	0.1307	0.0863	0.0444	0.0474	0.0401	0.0073	0.0833	0.0462	0.0371	0.4698	38.0825	0.0000	0.0966	9.2661	0.0000	8.3525	861.3885	0.0000	0.0175	0.0002	0.0510	0.0462	0.0005	0.2965	0.0011	0.0000	0.0025
4	87	0.1685	8	0	1	0	0	0	0	0	0	N	N	N	N	N	N	N	N	N	N	N	N	1.1494	1.0654	0.0502	1.4902	1.6380	0.0044	0.1231	2.3838	0.1100	0.0128	0.0146	0.0003	0.0407	0.0448	0.0001	0.0002	0.0002	0.0003	0.0111	0.0137	0.0059	0.0273	0.0274	0.0266	0.0015	0.0001	0.0032	0.0029	0.2073	-0.0003	-0.0011	0.9835	7.0719	6.0524	13.7350	0.0008	0.0008	0.0000	0.0008	0.0008	0.0000	0.0000	0.0000	0.0000	0.0030	0.0025	0.0005	0.0028	0.0025	0.0003	0.0003	0.0000	0.0002	0.0655	0.0574	0.0081	0.0204	0.0185	0.0019	0.0451	0.0389	0.0062	0.2729	0.1840	0.0888	0.1020	0.0917	0.0102	0.1709	0.0923	0.0786	1.1494	1.0654	0.0502	1.4902	1.6380	0.0044	0.1231	2.3838	0.1100	0.0111	0.0137	0.0059	0.0273	0.0274	0.0266	0.0015	0.0001	0.0032
4	88	0.2117	16	1	1	1	0	0	0	0	0	N	N	N	N	N	N	N	N	N	N	N	N	0.0000	0.0000	0.0000	0.0000	0.0000	0.0000	0.0000	0.0000	0.0000	0.0000	0.0000	0.0000	0.0000	0.0000	0.0000	0.0000	0.0000	0.0000	0.0000	0.0000	0.9835	0.0000	6.0524	0.0000	0.0000	0.0000	0.0000	0.0000	0.0000	0.0000	0.0000	0.0000	0.0000	0.0000	0.0000	0.0000	0.0000	0.0000	0.0000	0.0000	0.0000	0.0000	0.0000	0.0000	0.0000	0.0000	0.0000	0.0000	0.0000	0.0000	0.0000	0.0000	0.0000	0.0000	0.0000	0.0000	0.0000	0.0000	0.0000	0.0000	0.0000	0.0000	0.0000	0.0000	0.0000	0.0000	0.0000	0.0000	0.0000	0.0000	0.0000	0.0000	0.0000	0.0000	0.0000	0.0000	0.0000	0.0000											
4	89	0.2098	15	1	1	1	0	0	0	0	0	N	N	N	N	N	N	N	N	N	N	N	N	0.0000	0.0000	0.0000	0.0000	0.0000	0.0000	0.0000	0.0000	0.0000	0.0000	0.0000	0.0000	0.0000	0.0000	0.0000	0.0015	0.0021	0.0000	0.0035	0.0037	0.0000	0.0001	0.0002	0.0000	0.0000	0.0000	-0.0000	0.9835	0.0001	6.0524	0.9161	0.0000	0.0000	0.0000	0.0000	0.0000	0.0000	0.0000	0.0000	0.0000	0.0000	0.0000	0.0000	0.0000	0.0000	0.0000	0.0000	0.0000	0.0000	0.0000	0.0000	0.0000	0.0000	0.0000	0.0000	0.0000	0.0000	0.0000	0.0153	0.0108	0.0044	0.0062	0.0058	0.0004	0.0091	0.0050	0.0041	0.0000	0.0000	0.0000	0.0000	0.0000	0.0000	0.0000	0.0000	0.0000	0.0015	0.0021	0.0000	0.0035	0.0037	0.0000	0.0001	0.0002	0.0000				
4	90	0.1850	14	1	1	1	0	0	0	0	0	N	N	N	N	N	N	N	N	N	N	N	N	0.0000	0.0000	0.0000	0.0000	0.0000	0.0000	0.0000	0.0000	0.0000	0.0000	0.0000	0.0000	0.0000	0.0000	0.0000	0.0000	0.0000	0.0000	0.0002	0.0000	0.0005	0.0004	0.0001	0.0036	0.0001	0.0000	0.0002	6.3571	0.0000	0.0000	0.9835	3.7876	6.0524	7.8440	0.0000	0.0000	0.0000	0.0000	0.0000	0.0000	0.0000	0.0000	0.0000	0.0000	0.0000	0.0000	0.0000	0.0000	0.0000	0.0000	0.0000	0.0000	0.0292	0.0257	0.0035	0.0067	0.0064	0.0004	0.0224	0.0193	0.0031	0.1139	0.0769	0.0370	0.0397	0.0356	0.0041	0.0742	0.0413	0.0329	0.0000	0.0000	0.0000	0.0000	0.0000	0.0000	0.0000	0.0000	0.0000	0.0002	0.0000	0.0005	0.0004	0.0001	0.0036	0.0001	0.0000	0.0002	
4	91	0.0958	4	0	2	0	1	0	0	0	0	N	Y	N	N	N	N	N	N	N	N	N	N	1.8382	1.3174	0.0000	0.0036	0.0038	0.0000	8.4981	5.0866	0.0000	0.0246	0.0288	0.0000	0.0001	0.0002	0.0000	0.0379	0.0442	0.0000	0.0134	0.0218	0.0000	0.0393	0.0438	0.0004	0.0045	0.0087	0.0000	0.0000	0.0012	-0.0002	-0.0014	0.9835	1.8247	6.0524	16.3284	0.0005	0.0005	0.0000	0.0000	0.0000	0.0000	0.0005	0.0005	0.0000	0.0025	0.0025	0.0000	0.0019	0.0019	0.0000	0.0006	0.0006	0.0000	0.0190	0.0162	0.0028	0.0067	0.0057	0.0010	0.0122	0.0105	0.0017	0.1893	0.1157	0.0737	0.0483	0.0434	0.0049	0.1410	0.0723	0.0687	1.8382	1.3174	0.0000	0.0036	0.0038	0.0000	8.4981	5.0866	0.0000	0.0134	0.0218	0.0000	0.0393	0.0438	0.0004	0.0045	0.0087	0.0000
4	92	0.1063	5	0	2	0	0	0	0	0	0	N	Y	N	N	N	N	N	N	N	N	N	N	0.1518	2103.5083	0.0000	0.3024	4365.7208	0.0000	0.0000	0.0000	0.0017	0.0019	0.0000	0.0098	0.0109	0.0000	0.0000	0.0000	0.0000	0.0109	0.0000	0.0283	0.0325	0.0000	0.3083	0.0036	0.0000	0.0076	0.0000	19539.4312	-0.0000	0.0012	0.9835	9.1310	6.0524	16.1726	0.0001	0.0001	0.0000	0.0001	0.0001	0.0000	0.0000	0.0000	0.0000	0.0026	0.0000	0.0026	0.0019	0.0000	0.0019	0.0006	0.0000	0.0006	0.0693	0.0601	0.0093	0.0117	0.0105	0.0012	0.0576	0.0495	0.0081	0.2352	0.1445	0.0907	0.0593	0.0526	0.0067	0.1759	0.0919	0.0840	0.1518	2103.5083	0.0000	0.3024	4365.7208	0.0000	0.0000	0.0000	0.0000	0.0109	0.0000	0.0283	0.0325	0.0000	0.2869	0.0036	0.0000	0.0076	
4	93	0.1282	7	0	2	0	0	0	0	0	0	N	Y	N	N	N	N	N	N	N	N	N	N	0.2139	0.4985	0.0000	0.0005	0.0005	0.0000	0.2911	773.7521	0.0000	0.0015	0.0017	0.0000	0.0000	0.0000	0.0000	0.0021	0.0024	0.0000	0.0072	0.0035	0.0150	0.0075	0.0077	0.0056	0.0071	0.0000	0.0163	0.0000	2.0390	-0.0000	0.0001	0.9835	4.0959	6.0524	8.7137	0.0000	0.0000	0.0000	0.0000	0.0000	0.0000	0.0000	0.0000	0.0000	0.0010	0.0003	0.0007	0.0004	0.0003	0.0000	0.0007	0.0000	0.0007	0.0323	0.0286	0.0038	0.0081	0.0078	0.0003	0.0242	0.0208	0.0034	0.1420	0.0962	0.0457	0.0493	0.0437	0.0056	0.0927	0.0525	0.0402	0.2139	0.4985	0.0000	0.0005	0.0005	0.0000	0.2911	773.7521	0.0000	0.0072	0.0035	0.0150	0.0075	0.0077	0.0056	0.0071	0.0000	0.0163
4	94	0.1099	6	0	2	0	0	0	0	0	0	N	Y	N	N	N	N	N	N	N	N	N	N	0.0010	0.0007	0.0196	0.0000	0.0000	0.0000	0.1197	0.9027	0.0209	0.0000	0.0000	0.0000	0.0000	0.0000	0.0000	0.0000	0.0000	0.0000	0.0052	0.0079	0.0001	0.0188	0.0207	0.0001	0.0001	0.0000	0.0001	0.0581	0.0081	-0.0000	-0.0002	0.9835	2.9443	6.0524	6.1524	0.0000	0.0000	0.0000	0.0000	0.0000	0.0000	0.0000	0.0000	0.0000	0.0005	0.0004	0.0000	0.0004	0.0004	0.0000	0.0000	0.0000	0.0000	0.0247	0.0218	0.0029	0.0074	0.0071	0.0003	0.0173	0.0147	0.0026	0.0866	0.0565	0.0301	0.0238	0.0216	0.0022	0.0629	0.0350	0.0279	0.0010	0.0007	0.0196	0.0000	0.0000	0.0000	0.1197	0.9027	0.0209	0.0052	0.0079	0.0001	0.0188	0.0207	0.0001	0.0001	0.0000	0.0001
4	95	0.1075	5	0	1	0	0	0	0	0	0	N	N	N	N	N	N	N	N	N	N	N	N	3.0934	2.8617	0.0000	5.6755	5.6695	0.0000	0.0000	0.0000	0.0002	0.0003	0.0000	0.0010	0.0010	0.0000	0.0000	0.0000	0.0000	0.0001	0.0001	0.0000	0.0002	0.0002	0.0000	0.0000	0.0000	0.0000	0.0000	0.1746	-0.0000	-0.0000	0.9835	0.8596	6.0524	1.2300	0.0000	0.0000	0.0000	0.0000	0.0000	0.0000	0.0000	0.0000	0.0000	0.0000	0.0000	0.0000	0.0000	0.0000	0.0000	0.0000	0.0000	0.0000	0.0069	0.0060	0.0009	0.0016	0.0016	0.0001	0.0052	0.0045	0.0008	0.0362	0.0250	0.0112	0.0134	0.0128	0.0006	0.0228	0.0121	0.0107	3.0934	2.8617	0.0000	5.6755	5.6695	0.0000	0.0000	0.0000	0.0000	0.0001	0.0001	0.0000	0.0002	0.0002	0.0000	0.0000	0.0000	0.0000	
4	96	0.0956	4	0	1	0	0	0	0	0	0	N	N	N	N	N	N	N	N	N	N	N	N	1.5862	0.0370	8.1715	0.0632	0.0634	0.0000	2.3181	0.0000	8.4379	0.0000	0.0000	0.0004	0.0000	0.0000	0.0000	0.0001	0.0000	0.0004	0.0000	0.0000	0.0000	0.0000	0.0000	0.0000	0.0000	0.0000	0.0000	78.9849	1.5420	0.0000	0.0000	0.9835	3.7737	6.0524	2.5241	0.0000	0.0000	0.0000	0.0000	0.0000	0.0000	0.0000	0.0000	0.0000	0.0000	0.0000	0.0000	0.0000	0.0000	0.0000	0.0000	0.0000	0.0000	0.0384	0.0342	0.0042	0.0107	0.0104	0.0003	0.0277	0.0238	0.0039	0.0881	0.0576	0.0305	0.0292	0.0276	0.0016	0.0589	0.0300	0.0289	1.5862	0.0370	8.1715	0.0632	0.0634	0.0000	2.3181	0.0000	8.4379	0.0000	0.0000	0.0000	0.0000	0.0000	0.0000	0.0000	0.0000	0.0000
4	97	0.0748	3	0	1	0	0	0	0	0	0	N	N	N	N	N	N	N	N	N	N	N	N	0.0433	0.8716	0.0003	1.8631	3.0732	0.0000	0.0001	0.0024	0.0003	0.0001	0.0001	0.0000	0.0010	0.0010	0.0000	0.0000	0.0000	0.0000	0.0028	0.0002	0.0070	0.0005	0.0003	0.0029	0.0035	0.0001	0.0072	0.0024	27.6600	-0.0000	0.0002	0.9835	6.4922	6.0524	4.5502	0.0000	0.0000	0.0000	0.0000	0.0000	0.0000	0.0000	0.0000	0.0000	0.0004	0.0000	0.0003	0.0000	0.0000	0.0000	0.0003	0.0000	0.0003	0.0480	0.0417	0.0062	0.0058	0.0056	0.0002	0.0421	0.0361	0.0060	0.1279	0.0784	0.0495	0.0304	0.0281	0.0023	0.0975	0.0503	0.0472	0.0433	0.8716	0.0003	1.8631	3.0732	0.0000	0.0001	0.0024	0.0003	0.0028	0.0002	0.0070	0.0005	0.0003	0.0029	0.0035	0.0001	0.0072
4	98	0.1850	14	0	2	0	0	0	0	0	0	N	Y	N	N	N	N	N	N	N	N	N	N	0.0000	0.0000	0.0000	0.0000	0.0000	0.0000	0.0000	0.0000	0.0000	0.0000	0.0000	0.0000	0.0000	0.0000	0.0000	0.0000	0.0000	0.0001	0.0001	0.0000	0.0002	0.0003	0.0000	0.0000	0.0000	0.0000	0.0002	0.0000	-0.0000	0.9835	1.3608	6.0524	12.1483	0.0000	0.0000	0.0000	0.0000	0.0000	0.0000	0.0000	0.0000	0.0000	0.0000	0.0000	0.0000	0.0000	0.0000	0.0000	0.0000	0.0000	0.0000	0.0120	0.0107	0.0014	0.0038	0.0036	0.0002	0.0083	0.0071	0.0012	0.1297	0.0874	0.0423	0.0449	0.0402	0.0047	0.0848	0.0472	0.0376	0.0000	0.0000	0.0000	0.0000	0.0000	0.0000	0.0000	0.0000	0.0000	0.0001	0.0001	0.0000	0.0002	0.0003	0.0000	0.0000	0.0000	0.0000		
4	99	0.1813	13	0	1	0	0	0	0	0	0	N	N	N	N	N	N	N	N	N	N	N	N	0.0000	0.0000	0.0000	0.0000	0.0000	0.0000	0.0000	0.0000	0.0000	0.0000	0.0000	0.0000	0.0000	0.0000	0.0000	0.0000	0.0000	0.0000	0.0000	0.0000	0.0000	0.0000	0.0000	0.0001	0.0000	0.0000	0.0000	0.2595	0.0000	-0.0000	0.9835	1.5300	6.0524	0.7696	0.0000	0.0000	0.0000	0.0000	0.0000	0.0000	0.0000	0.0000	0.0000	0.0000	0.0000	0.0000	0.0000	0.0000	0.0000	0.0000	0.0000	0.0000	0.0135	0.0118	0.0017	0.0036	0.0033	0.0003	0.0100	0.0085	0.0014	0.0267	0.0183	0.0085	0.0098	0.0090	0.0009	0.0169	0.0093	0.0076	0.0000	0.0000	0.0000	0.0000	0.0000	0.0000	0.0000	0.0000	0.0000	0.0000	0.0000	0.0000	0.0000	0.0000	0.0001	0.0000	0.0000	0.0000	
4	100	0.1725	12	0	1	0	0	0	0	0	0	N	N	N	N	N	N	N	N	N	N	N	N	0.0000	0.0000	0.0000	0.0000	0.0000	0.0000	0.0000	0.0000	0.0000	0.0000	0.0000	0.0000	0.0000	0.0000	0.0000	0.0000	0.0000	0.0000	0.0000	0.0000	0.0000	0.0000	0.0000	0.0000	0.0000	0.0000	0.0794	0.0000	-0.0000	0.9835	3.6906	6.0524	1.4800	0.0000	0.0000	0.0000	0.0000	0.0000	0.0000	0.0000	0.0000	0.0000	0.0000	0.0000	0.0000	0.0000	0.0000	0.0000	0.0000	0.0000	0.0000	0.0268	0.0236	0.0032	0.0053	0.0051	0.0002	0.0215	0.0185	0.0030	0.0487	0.0327	0.0160	0.0172	0.0152	0.0020	0.0315	0.0175	0.0140	0.0000	0.0000	0.0000	0.0000	0.0000	0.0000	0.0000	0.0000	0.0000	0.0000	0.0000	0.0000	0.0000	0.0000	0.0000	0.0000	0.0000	0.0000		
4	101	0.1725	11	0	1	0	0	0	0	0	0	N	N	N	N	N	N	N	N	N	N	N	N	0.0000	0.0000	0.0000	0.0000	0.0000	0.0000	0.0000	0.0000	0.0000	0.0000	0.0000	0.0000	0.0000	0.0000	0.0000	0.0000	0.0000	0.0000	0.0000	0.0000	0.0000	0.0000	0.0000	0.0000	0.0000	0.0000	0.1029	0.0000	-0.0000	0.9835	0.1361	6.0524	0.4500	0.0000	0.0000	0.0000	0.0000	0.0000	0.0000	0.0000	0.0000	0.0000	0.0000	0.0000	0.0000	0.0000	0.0000	0.0000	0.0000	0.0000	0.0000	0.0018	0.0017	0.0002	0.0006	0.0006	0.0000	0.0012	0.0011	0.0002	0.0077	0.0053	0.0024	0.0032	0.0028	0.0003	0.0045	0.0025	0.0020	0.0000	0.0000	0.0000	0.0000	0.0000	0.0000	0.0000	0.0000	0.0000	0.0000	0.0000	0.0000	0.0000	0.0000	0.0000	0.0000	0.0000	0.0000		
4	102	0.1566	10	0	1	0	0	0	0	0	0	N	N	N	N	N	N	N	N	N	N	N	N	0.1752	0.2873	0.0592	0.3656	0.4376	0.0000	0.0207	0.0000	0.0750	0.0000	0.0000	0.0000	0.0001	0.0001	0.0000	0.0000	0.0000	0.0000	0.0002	0.0001	0.0003	0.0002	0.0002	0.0005	0.0001	0.0000	0.0002	0.0637	1.3774	-0.0000	0.0000	0.9835	3.5591	6.0524	4.5341	0.0000	0.0000	0.0000	0.0000	0.0000	0.0000	0.0000	0.0000	0.0000	0.0000	0.0000	0.0000	0.0000	0.0000	0.0000	0.0000	0.0000	0.0000	0.0315	0.0282	0.0033	0.0088	0.0085	0.0004	0.0226	0.0197	0.0029	0.0815	0.0536	0.0280	0.0267	0.0238	0.0030	0.0548	0.0298	0.0250	0.1752	0.2873	0.0592	0.3656	0.4376	0.0000	0.0207	0.0000	0.0750	0.0002	0.0001	0.0003	0.0002	0.0002	0.0005	0.0001	0.0000	0.0002
4	103	0.1349	9	0	1	0	0	0	0	0	0	N	N	N	N	N	N	N	N	N	N	N	N	0.7258	49.1426	0.1278	12.2752	191.7632	0.0008	0.0593	0.3226	0.1803	0.0048	0.0051	0.0023	0.0129	0.0149	0.0000	0.0005	0.0000	0.0034	0.0065	0.0001	0.0181	0.0011	0.0001	0.0091	0.0088	0.0001	0.0189	0.0722	96.4761	-0.0000	0.0003	0.9835	2.8937	6.0524	8.0733	0.0001	0.0001	0.0000	0.0001	0.0001	0.0000	0.0000	0.0000	0.0000	0.0007	0.0000	0.0007	0.0000	0.0000	0.0000	0.0007	0.0000	0.0007	0.0268	0.0231	0.0037	0.0091	0.0079	0.0012	0.0177	0.0152	0.0025	0.1054	0.0676	0.0378	0.0302	0.0269	0.0033	0.0752	0.0407	0.0345	0.7258	49.1426	0.1278	12.2752	191.7632	0.0008	0.0593	0.3226	0.1803	0.0065	0.0001	0.0181	0.0011	0.0001	0.0091	0.0088	0.0001	0.0189
4	109	0.1652	10	1	2	0	1	0	0	0	0	N	Y	N	N	N	N	N	N	N	N	N	N	0.0000	0.0000	0.0000	0.0000	0.0000	0.0000	0.0000	0.0000	0.0000	0.0000	0.0000	0.0000	0.0000	0.0000	0.0000	0.0000	0.0000	0.0000	0.0000	0.0000	0.9835	0.0000	6.0524	0.0000	0.0000	0.0000	0.0000	0.0000	0.0000	0.0000	0.0000	0.0000	0.0000	0.0000	0.0000	0.0000	0.0000	0.0000	0.0000	0.0000	0.0000	0.0000	0.0000	0.0000	0.0000	0.0000	0.0000	0.0000	0.0000	0.0000	0.0000	0.0000	0.0000	0.0000	0.0000	0.0000	0.0000	0.0000	0.0000	0.0000	0.0000	0.0000	0.0000	0.0000	0.0000	0.0000	0.0000	0.0000	0.0000	0.0000	0.0000	0.0000	0.0000	0.0000	0.0000	0.0000	0.0000	0.0000											
4	110	0.1502	9	1	2	0	1	0	0	0	0	N	Y	N	N	N	N	N	N	N	N	N	N	0.0000	0.0000	0.0000	0.0000	0.0000	0.0000	0.0000	0.0000	0.0000	0.0000	0.0000	0.0000	0.0000	0.0000	0.0000	1.5926	2.5090	0.0000	6.3600	6.4248	0.0000	0.0000	0.0000	0.0000	0.0000	0.0000	-0.0598	0.9835	0.0000	6.0524	7.1240	0.0000	0.0000	0.0000	0.0000	0.0000	0.0000	0.0000	0.0000	0.0000	0.1101	0.1101	0.0000	0.1101	0.1101	0.0000	0.0000	0.0000	0.0000	0.0000	0.0000	0.0000	0.0000	0.0000	0.0000	0.0000	0.0000	0.0000	0.0691	0.0439	0.0252	0.0198	0.0175	0.0023	0.0493	0.0264	0.0230	0.0000	0.0000	0.0000	0.0000	0.0000	0.0000	0.0000	0.0000	0.0000	1.5926	2.5090	0.0000	5.5674	6.2885	0.0000	0.0000	0.0000	0.0000				
4	111	0.1592	11	0	2	0	1	0	0	0	0	N	Y	N	N	N	N	N	N	N	N	N	N	0.0000	0.0000	0.0000	0.0000	0.0000	0.0000	0.0000	0.0000	0.0000	0.0000	0.0000	0.0000	0.0000	0.0000	0.0000	0.0000	0.0000	0.0000	0.0069	0.0107	0.0000	0.0233	0.0264	0.0000	0.0000	0.0000	0.0000	0.0002	0.0000	-0.0002	0.9835	0.0016	6.0524	5.0076	0.0000	0.0000	0.0000	0.0000	0.0000	0.0000	0.0000	0.0000	0.0000	0.0003	0.0003	0.0000	0.0003	0.0003	0.0000	0.0000	0.0000	0.0000	0.0000	0.0000	0.0000	0.0000	0.0000	0.0000	0.0000	0.0000	0.0000	0.0489	0.0316	0.0173	0.0145	0.0128	0.0017	0.0344	0.0188	0.0155	0.0000	0.0000	0.0000	0.0000	0.0000	0.0000	0.0000	0.0000	0.0000	0.0069	0.0107	0.0000	0.0233	0.0264	0.0000	0.0000	0.0000	0.0000	
4	112	0.1524	10	0	2	0	1	0	0	0	0	N	Y	N	N	N	N	N	N	N	N	N	N	0.0000	0.0000	0.0000	0.0000	0.0000	0.0000	0.0000	0.0000	0.0000	0.0000	0.0000	0.0000	0.0000	3.2943	5.2116	0.0000	11.1951	12.3860	0.0000	0.0000	0.0000	0.0000	0.0000	0.0000	-0.0583	0.9835	1.0012	6.0524	2.1373	0.0000	0.0000	0.0000	0.0000	0.0000	0.0000	0.0000	0.0000	0.0000	0.1074	0.1074	0.0000	0.1074	0.1074	0.0000	0.0000	0.0000	0.0000	0.0071	0.0062	0.0009	0.0012	0.0012	0.0001	0.0059	0.0051	0.0008	0.0326	0.0206	0.0120	0.0096	0.0087	0.0009	0.0230	0.0119	0.0111	0.0000	0.0000	0.0000	0.0000	0.0000	0.0000	0.0000	0.0000	0.0000	3.2943	5.2116	0.0000	11.1951	12.3860	0.0000	0.0000	0.0000	0.0000						
4	113	0.1607	10	0	2	0	0	0	0	0	0	N	Y	N	N	N	N	N	N	N	N	N	N	0.0000	0.0000	0.0000	0.0000	0.0000	0.0000	0.0000	0.0000	0.0000	0.0000	0.0000	0.0000	0.0000	0.0000	0.0000	0.0000	0.0000	0.0001	0.0001	0.0000	0.0006	0.0000	0.0000	0.0000	inf	0.0000	0.0000	0.9835	0.9705	6.0524	5.0371	0.0000	0.0000	0.0000	0.0000	0.0000	0.0000	0.0000	0.0000	0.0000	0.0000	0.0000	0.0000	0.0000	0.0000	0.0000	0.0000	0.0000	0.0000	0.0081	0.0071	0.0010	0.0020	0.0019	0.0001	0.0061	0.0053	0.0009	0.0542	0.0349	0.0193	0.0161	0.0143	0.0018	0.0381	0.0205	0.0175	0.0000	0.0000	0.0000	0.0000	0.0000	0.0000	0.0000	0.0000	0.0000	0.0000	0.0000	0.0001	0.0001	0.0000	0.0006	0.0000	0.0000	0.0000				
4	114	0.1524	10	0	1	1	1	0	0	0	0	N	N	N	N	N	N	N	N	N	N	N	N	0.0000	0.0000	0.0000	0.0000	0.0000	0.0000	0.0000	0.0000	0.0000	0.0000	0.0000	0.0000	0.0000	0.0000	0.0000	0.0000	0.0000	0.0000	0.0000	0.0000	0.9835	0.0000	6.0524	1.1303	0.0000	0.0000	0.0000	0.0000	0.0000	0.0000	0.0000	0.0000	0.0000	0.0000	0.0000	0.0000	0.0000	0.0000	0.0000	0.0000	0.0000	0.0000	0.0000	0.0000	0.0000	0.0000	0.0000	0.0000	0.0000	0.0000	0.0000	0.0144	0.0091	0.0053	0.0047	0.0044	0.0003	0.0096	0.0047	0.0050	0.0000	0.0000	0.0000	0.0000	0.0000	0.0000	0.0000	0.0000	0.0000	0.0000	0.0000	0.0000	0.0000	0.0000	0.0000	0.0000	0.0000	0.0000											
4	115	0.1502	9	0	1	0	1	0	0	0	0	N	N	N	N	N	N	N	N	N	N	N	N	0.0000	0.0000	0.0000	0.0000	0.0000	0.0000	0.0000	0.0000	0.0000	0.0000	0.0000	0.0000	0.0000	0.0000	0.0000	0.0156	0.0000	0.0435	0.0440	0.0000	0.6193	0.0002	0.0000	0.0004	inf	0.0000	0.0001	0.9835	0.0000	6.0524	1.2340	0.0000	0.0000	0.0000	0.0000	0.0000	0.0000	0.0000	0.0000	0.0000	0.0003	0.0000	0.0003	0.0003	0.0000	0.0003	0.0000	0.0000	0.0000	0.0000	0.0000	0.0000	0.0000	0.0000	0.0000	0.0000	0.0000	0.0000	0.0165	0.0105	0.0059	0.0058	0.0052	0.0006	0.0107	0.0053	0.0053	0.0000	0.0000	0.0000	0.0000	0.0000	0.0000	0.0000	0.0000	0.0000	0.0156	0.0000	0.0435	0.0440	0.0000	0.4316	0.0002	0.0000	0.0004				
4	116	0.1577	10	0	1	1	1	0	0	0	0	N	N	N	N	N	N	N	N	N	N	N	N	0.3577	0.2643	0.0000	0.0010	0.0009	0.0000	6645.9090	20730.6592	0.0000	0.0062	0.0071	0.0000	0.0000	0.0001	0.0000	0.0086	0.0100	0.0000	0.0175	0.0270	0.0000	0.0477	0.0582	0.0000	0.0000	0.0000	0.0000	0.0000	0.0001	-0.0000	-0.0002	0.9835	0.9725	6.0524	0.9874	0.0000	0.0000	0.0000	0.0000	0.0000	0.0000	0.0000	0.0000	0.0000	0.0004	0.0004	0.0000	0.0004	0.0004	0.0000	0.0000	0.0000	0.0000	0.0078	0.0068	0.0010	0.0021	0.0020	0.0002	0.0057	0.0049	0.0008	0.0204	0.0132	0.0072	0.0075	0.0061	0.0014	0.0129	0.0071	0.0058	0.3577	0.2643	0.0000	0.0010	0.0009	0.0000	6645.9090	20730.6592	0.0000	0.0175	0.0270	0.0000	0.0477	0.0582	0.0000	0.0000	0.0000	0.0000
4	117	0.1577	10	0	1	1	1	0	0	0	0	N	N	N	N	N	N	N	N	N	N	N	N	0.1846	0.1378	0.0000	0.0797	0.0767	0.0000	0.0000	0.0000	0.0000	0.0017	0.0020	0.0000	0.0021	0.0024	0.0000	0.0000	0.0000	0.0000	0.0091	0.0142	0.0000	0.0259	0.0315	0.0000	0.0000	0.0000	0.0000	0.0000	0.0001	-0.0000	-0.0002	0.9835	0.0285	6.0524	4.0215	0.0000	0.0000	0.0000	0.0000	0.0000	0.0000	0.0000	0.0000	0.0000	0.0004	0.0004	0.0000	0.0004	0.0004	0.0000	0.0000	0.0000	0.0000	0.0009	0.0008	0.0001	0.0007	0.0006	0.0001	0.0002	0.0001	0.0000	0.0393	0.0251	0.0142	0.0137	0.0113	0.0024	0.0256	0.0138	0.0118	0.1846	0.1378	0.0000	0.0797	0.0767	0.0000	0.0000	0.0000	0.0000	0.0091	0.0142	0.0000	0.0259	0.0315	0.0000	0.0000	0.0000	0.0000
4	118	0.1502	9	0	1	1	1	0	0	0	0	N	N	N	N	N	N	N	N	N	N	N	N	0.0132	0.0096	0.0000	0.0192	0.0198	0.0000	11.0611	inf	0.0000	0.0273	0.0312	0.0000	0.1567	0.1646	0.0000	0.0001	0.0001	0.0000	2.0588	3.2406	0.0001	8.1840	8.3063	0.0008	0.0000	0.0000	0.0000	0.0000	0.0000	-0.0002	-0.0582	0.9835	3.0275	6.0524	2.1573	0.0006	0.0006	0.0000	0.0006	0.0006	0.0000	0.0000	0.0000	0.0000	0.1072	0.1072	0.0000	0.1072	0.1072	0.0000	0.0000	0.0000	0.0000	0.0213	0.0186	0.0027	0.0037	0.0035	0.0002	0.0176	0.0151	0.0025	0.0521	0.0331	0.0190	0.0152	0.0135	0.0017	0.0368	0.0195	0.0173	0.0132	0.0096	0.0000	0.0223	0.0208	0.0000	11.0611	inf	0.0000	2.0588	3.2406	0.0001	7.0290	7.9254	0.0008	0.0000	0.0000	0.0000
4	119	0.1915	9	1	2	0	0	0	0	0	0	N	Y	N	N	N	N	N	N	N	N	N	N	0.4500	1627.8350	0.0000	3845.7720	3778.9791	0.0000	0.0000	0.0000	0.0049	0.0056	0.0000	0.0135	0.0151	0.0000	0.0000	0.0000	0.0000	0.0109	0.0000	0.0321	0.0000	0.0000	0.0000	0.0168	0.0000	0.0368	0.0000	4769.9236	-0.0000	0.0003	0.9835	2.1883	6.0524	3.1271	0.0001	0.0001	0.0000	0.0001	0.0001	0.0000	0.0000	0.0000	0.0000	0.0006	0.0000	0.0006	0.0000	0.0000	0.0000	0.0006	0.0000	0.0006	0.0200	0.0175	0.0025	0.0072	0.0065	0.0007	0.0128	0.0110	0.0018	0.0569	0.0377	0.0192	0.0202	0.0177	0.0025	0.0367	0.0200	0.0168	0.4500	1627.8350	0.0000	3845.7720	3778.9791	0.0000	0.0000	0.0000	0.0000	0.0109	0.0000	0.0321	0.0000	0.0000	0.0000	0.0168	0.0000	0.0368	
4	120	0.1245	8	1	2	0	0	0	0	0	0	N	Y	N	N	N	N	N	N	N	N	N	N	0.0005	249.2738	0.0000	395.5902	371.8672	inf	0.0002	279.3126	0.0000	0.0019	0.0022	0.0000	0.0056	0.0060	0.0001	0.0010	0.0011	0.0000	3.8109	0.0000	10.6383	0.0000	0.0000	0.0000	5.3278	0.0000	11.8469	0.0033	685446.6859	-0.0001	0.4551	0.9835	13.6104	6.0524	16.0982	0.0002	0.0002	0.0000	0.0001	0.0001	0.0000	0.0001	0.0001	0.0000	0.9957	0.0000	0.9957	0.0000	0.0000	0.0000	0.9957	0.0000	0.9957	0.1024	0.0897	0.0128	0.0209	0.0193	0.0015	0.0816	0.0703	0.0113	0.2613	0.1677	0.0936	0.0744	0.0648	0.0095	0.1869	0.1028	0.0840	0.0005	249.2738	0.0000	395.5902	371.8672	inf	0.0002	279.3126	0.0000	3.8109	0.0000	10.6383	0.0000	0.0000	0.0000	5.3278	0.0000	11.8469
4	121	0.1498	10	0	2	0	0	0	0	0	0	N	Y	N	N	N	N	N	N	N	N	N	N	11.6074	14.9702	1.0148	0.2667	0.3195	0.0061	88.7755	44608.7321	5.2670	0.0185	0.0220	0.0019	0.0007	0.0009	0.0000	0.0770	0.0880	0.0100	0.0016	0.0015	0.0019	0.0027	0.0028	0.0021	0.0009	0.0000	0.0019	0.0181	0.5512	-0.0001	-0.0000	0.9835	0.3548	6.0524	4.6068	0.0002	0.0002	0.0000	0.0000	0.0000	0.0000	0.0002	0.0002	0.0000	0.0001	0.0001	0.0001	0.0001	0.0001	0.0000	0.0000	0.0000	0.0000	0.0104	0.0086	0.0018	0.0080	0.0065	0.0014	0.0024	0.0021	0.0003	0.0913	0.0641	0.0272	0.0360	0.0341	0.0019	0.0553	0.0300	0.0252	11.6074	14.9702	1.0148	0.2667	0.3195	0.0061	88.7755	44608.7321	5.2670	0.0016	0.0015	0.0019	0.0027	0.0028	0.0021	0.0009	0.0000	0.0019
4	122	0.1349	9	0	2	0	0	0	0	0	0	N	Y	N	N	N	N	N	N	N	N	N	N	13.6276	117.5218	1.0630	7.7185	13.4286	0.1350	17.4132	4078.5592	1.7675	0.0198	0.0225	0.0040	0.0053	0.0061	0.0004	0.0308	0.0348	0.0068	0.0015	0.0002	0.0037	0.0007	0.0005	0.0026	0.0018	0.0000	0.0038	0.0296	10.8335	-0.0001	0.0000	0.9835	1.6911	6.0524	5.7022	0.0004	0.0004	0.0000	0.0000	0.0000	0.0000	0.0003	0.0003	0.0000	0.0001	0.0000	0.0001	0.0000	0.0000	0.0000	0.0001	0.0000	0.0001	0.0185	0.0158	0.0027	0.0080	0.0068	0.0012	0.0105	0.0090	0.0015	0.0737	0.0473	0.0264	0.0215	0.0192	0.0023	0.0522	0.0281	0.0241	13.6276	117.5218	1.0630	7.7185	13.4286	0.1350	17.4132	4078.5592	1.7675	0.0015	0.0002	0.0037	0.0007	0.0005	0.0026	0.0018	0.0000	0.0038
4	123	0.1245	8	0	1	0	0	0	0	0	0	N	N	N	N	N	N	N	N	N	N	N	N	97.6067	25.7781	1167.8303	15.1462	14.3097	0.5005	464.4718	258.3772	1665.9813	0.0240	0.0081	0.1391	0.0088	0.0099	0.0000	0.0343	0.0069	0.2190	0.0002	0.0003	0.0001	0.0006	0.0007	0.0001	0.0001	0.0000	0.0001	2.3532	0.2081	0.0002	-0.0000	0.9835	2.0929	6.0524	3.1856	0.0006	0.0002	0.0004	0.0001	0.0001	0.0000	0.0005	0.0001	0.0004	0.0000	0.0000	0.0000	0.0000	0.0000	0.0000	0.0000	0.0000	0.0000	0.0262	0.0230	0.0032	0.0106	0.0094	0.0012	0.0156	0.0136	0.0020	0.0579	0.0373	0.0206	0.0196	0.0163	0.0034	0.0383	0.0210	0.0172	97.6067	25.7781	1167.8303	15.1462	14.3097	0.5005	464.4718	258.3772	1665.9813	0.0002	0.0003	0.0001	0.0006	0.0007	0.0001	0.0001	0.0000	0.0001
4	124	0.1653	11	1	2	0	0	0	0	0	0	N	Y	N	N	N	N	N	N	N	N	N	N	0.0000	0.0000	0.0000	0.0000	0.0000	0.0000	0.0000	0.0000	0.0000	0.0000	0.0000	0.0000	0.0000	0.0000	0.0000	0.0000	0.0000	0.0000	0.0000	0.0000	0.9835	0.0000	6.0524	0.0000	0.0000	0.0000	0.0000	0.0000	0.0000	0.0000	0.0000	0.0000	0.0000	0.0000	0.0000	0.0000	0.0000	0.0000	0.0000	0.0000	0.0000	0.0000	0.0000	0.0000	0.0000	0.0000	0.0000	0.0000	0.0000	0.0000	0.0000	0.0000	0.0000	0.0000	0.0000	0.0000	0.0000	0.0000	0.0000	0.0000	0.0000	0.0000	0.0000	0.0000	0.0000	0.0000	0.0000	0.0000	0.0000	0.0000	0.0000	0.0000	0.0000	0.0000	0.0000	0.0000	0.0000	0.0000											
4	125	0.1607	10	1	2	0	0	0	0	0	0	N	Y	N	N	N	N	N	N	N	N	N	N	0.0000	0.0000	0.0000	0.0000	0.0000	0.0000	0.0000	0.0000	0.0000	0.0000	0.0000	0.0000	0.0000	0.0000	0.0000	0.0001	0.0000	0.0002	0.0002	0.0000	0.0018	0.0000	0.0000	0.0000	inf	0.0000	0.0000	0.9835	0.1434	6.0524	1.9839	0.0000	0.0000	0.0000	0.0000	0.0000	0.0000	0.0000	0.0000	0.0000	0.0000	0.0000	0.0000	0.0000	0.0000	0.0000	0.0000	0.0000	0.0000	0.0022	0.0020	0.0002	0.0009	0.0009	0.0000	0.0013	0.0011	0.0002	0.0210	0.0136	0.0073	0.0065	0.0059	0.0006	0.0144	0.0077	0.0067	0.0000	0.0000	0.0000	0.0000	0.0000	0.0000	0.0000	0.0000	0.0000	0.0001	0.0000	0.0002	0.0002	0.0000	0.0018	0.0000	0.0000	0.0000				
4	126	0.1502	9	0	2	0	0	0	0	0	0	N	Y	N	N	N	N	N	N	N	N	N	N	0.0000	0.0000	0.0000	0.0000	0.0000	0.0000	0.0000	0.0000	0.0000	0.0000	0.0000	0.0000	0.0000	0.0000	0.0000	0.0000	0.0000	0.0053	0.0000	0.0145	0.0179	0.0001	0.1579	0.0001	0.0000	0.0001	218.4882	0.0000	0.0001	0.9835	1.8882	6.0524	2.9115	0.0000	0.0000	0.0000	0.0000	0.0000	0.0000	0.0000	0.0000	0.0000	0.0003	0.0000	0.0003	0.0003	0.0000	0.0003	0.0000	0.0000	0.0000	0.0134	0.0117	0.0017	0.0023	0.0022	0.0001	0.0110	0.0095	0.0016	0.0486	0.0309	0.0177	0.0143	0.0127	0.0016	0.0343	0.0182	0.0161	0.0000	0.0000	0.0000	0.0000	0.0000	0.0000	0.0000	0.0000	0.0000	0.0053	0.0000	0.0145	0.0179	0.0001	0.1579	0.0001	0.0000	0.0001		
4	127	0.1245	8	0	1	0	0	0	0	0	0	N	N	N	N	N	N	N	N	N	N	N	N	0.5498	4.1413	0.0000	0.0002	0.0017	0.0000	2.5416	20128.7231	0.0000	0.0127	0.0145	0.0000	0.0000	0.0000	0.0000	0.0190	0.0219	0.0000	0.0232	0.0035	0.0584	0.0593	0.0087	0.4464	0.0075	0.0000	0.0166	0.0000	9.2851	-0.0002	0.0010	0.9835	3.5543	6.0524	9.0319	0.0005	0.0005	0.0000	0.0000	0.0000	0.0000	0.0005	0.0005	0.0000	0.0028	0.0003	0.0026	0.0022	0.0003	0.0019	0.0006	0.0000	0.0006	0.0364	0.0319	0.0045	0.0120	0.0108	0.0012	0.0244	0.0211	0.0033	0.1229	0.0789	0.0440	0.0372	0.0318	0.0054	0.0857	0.0471	0.0386	0.5498	4.1413	0.0000	0.0002	0.0017	0.0000	2.5416	20128.7231	0.0000	0.0232	0.0035	0.0584	0.0593	0.0087	0.3595	0.0075	0.0000	0.0166
4	128	0.1209	7	0	1	0	0	0	0	0	0	N	N	N	N	N	N	N	N	N	N	N	N	21.9639	99.0603	0.0535	67.6953	81.2710	0.1134	13.6760	174.4729	0.0588	0.0069	0.0080	0.0000	0.0100	0.0113	0.0000	0.0053	0.0062	0.0000	0.0003	0.0001	0.0008	0.0001	0.0001	0.0002	0.0004	0.0000	0.0008	0.0008	4.8639	-0.0001	0.0000	0.9835	2.6246	6.0524	0.7212	0.0002	0.0002	0.0000	0.0001	0.0001	0.0000	0.0001	0.0001	0.0000	0.0000	0.0000	0.0000	0.0000	0.0000	0.0000	0.0000	0.0000	0.0000	0.0266	0.0231	0.0036	0.0090	0.0079	0.0011	0.0177	0.0152	0.0025	0.0396	0.0264	0.0132	0.0125	0.0114	0.0011	0.0271	0.0150	0.0121	21.9639	99.0603	0.0535	67.6953	81.2710	0.1134	13.6760	174.4729	0.0588	0.0003	0.0001	0.0008	0.0001	0.0001	0.0002	0.0004	0.0000	0.0008
4	129	0.1151	6	0	1	0	0	0	0	0	0	N	N	N	N	N	N	N	N	N	N	N	N	42.2854	36.3668	2.1571	34.7564	37.4958	0.8812	66.6493	68.0917	2.4923	0.0061	0.0070	0.0001	0.0117	0.0135	0.0001	0.0040	0.0047	0.0001	0.0001	0.0002	0.0001	0.0003	0.0004	0.0001	0.0001	0.0001	0.0001	0.0028	0.1630	-0.0001	-0.0000	0.9835	3.3474	6.0524	1.3769	0.0002	0.0002	0.0000	0.0001	0.0001	0.0000	0.0001	0.0001	0.0000	0.0000	0.0000	0.0000	0.0000	0.0000	0.0000	0.0000	0.0000	0.0000	0.0301	0.0259	0.0042	0.0079	0.0069	0.0010	0.0222	0.0191	0.0032	0.0555	0.0354	0.0201	0.0166	0.0151	0.0015	0.0390	0.0203	0.0186	42.2854	36.3668	2.1571	34.7564	37.4958	0.8812	66.6493	68.0917	2.4923	0.0001	0.0002	0.0001	0.0003	0.0004	0.0001	0.0001	0.0001	0.0001
4	130	0.1063	5	0	1	0	0	0	0	0	0	N	N	N	N	N	N	N	N	N	N	N	N	3.5734	21.8817	0.1388	8.9915	9.9107	1.5472	3.7016	67.8661	0.3247	0.0200	0.0234	0.0018	0.0161	0.0195	0.0005	0.0263	0.0297	0.0045	0.0056	0.0011	0.0129	0.0018	0.0020	0.0003	0.0071	0.0004	0.0139	0.0145	7.4588	-0.0001	0.0001	0.9835	0.4686	6.0524	4.0374	0.0002	0.0002	0.0000	0.0001	0.0001	0.0000	0.0001	0.0001	0.0000	0.0003	0.0000	0.0003	0.0000	0.0000	0.0000	0.0003	0.0000	0.0003	0.0092	0.0078	0.0015	0.0058	0.0048	0.0010	0.0035	0.0030	0.0005	0.0509	0.0314	0.0195	0.0145	0.0130	0.0015	0.0363	0.0184	0.0180	3.5734	21.8817	0.1388	8.9915	9.9107	1.5472	3.7016	67.8661	0.3247	0.0056	0.0011	0.0129	0.0018	0.0020	0.0003	0.0071	0.0004	0.0139
5	6	0.2436	17	1	1	1	1	0	0	0	0	N	N	N	N	N	N	N	N	N	N	N	N	0.0166	0.0000	40.3092	0.0000	0.0000	0.0000	0.0311	0.0000	39.9303	0.0000	0.0000	0.0000	0.0000	0.0000	0.0000	0.0000	0.0000	0.0000	0.0001	0.0002	0.0000	0.0001	0.0002	0.0000	0.0001	0.0002	0.0000	inf	0.0011	0.0000	-0.0000	8.9974	0.0167	7.9196	6.1901	0.0000	0.0000	0.0000	0.0000	0.0000	0.0000	0.0000	0.0000	0.0000	0.0000	0.0000	0.0000	0.0000	0.0000	0.0000	0.0000	0.0000	0.0000	0.0024	0.0021	0.0003	0.0008	0.0008	0.0000	0.0016	0.0012	0.0003	0.1668	0.1006	0.0662	0.0685	0.0539	0.0146	0.0983	0.0467	0.0517	0.0166	0.0000	40.3092	0.0000	0.0000	0.0000	0.0311	0.0000	39.9303	0.0001	0.0002	0.0000	0.0001	0.0002	0.0000	0.0001	0.0002	0.0000
5	7	0.2712	20	1	0	2	1	0	0	0	0	N	N	Y	N	N	N	N	N	N	N	N	N	0.0000	0.0000	0.0000	0.0000	0.0000	0.0000	0.0000	0.0000	0.0000	0.0000	0.0000	0.0000	0.0000	0.0000	0.0000	0.0000	0.0000	0.0000	0.0000	0.0000	0.0000	0.0000	0.0000	0.0000	0.0000	1.0000	0.0000	-0.0000	8.9974	0.9997	7.9196	1.8904	0.0000	0.0000	0.0000	0.0000	0.0000	0.0000	0.0000	0.0000	0.0000	0.0000	0.0000	0.0000	0.0000	0.0000	0.0000	0.0000	0.0000	0.0000	0.0586	0.0512	0.0074	0.0092	0.0087	0.0005	0.0494	0.0425	0.0070	0.0645	0.0417	0.0228	0.0207	0.0190	0.0017	0.0438	0.0227	0.0211	0.0000	0.0000	0.0000	0.0000	0.0000	0.0000	0.0000	0.0000	0.0000	0.0000	0.0000	0.0000	0.0000	0.0000	0.0000	0.0000	0.0000	0.0000			
5	8	0.2255	14	1	1	1	2	0	0	0	0	N	N	N	Y	N	N	N	N	N	N	N	N	0.0000	0.0000	0.0000	0.0000	0.0000	0.0000	0.0000	0.0000	0.0000	0.0000	0.0000	0.0000	0.0000	0.0000	0.0000	0.0000	0.0000	0.0000	0.0000	0.0000	8.9974	0.0000	7.9196	0.0000	0.0000	0.0000	0.0000	0.0000	0.0000	0.0000	0.0000	0.0000	0.0000	0.0000	0.0000	0.0000	0.0000	0.0000	0.0000	0.0000	0.0000	0.0000	0.0000	0.0000	0.0000	0.0000	0.0000	0.0000	0.0000	0.0000	0.0000	0.0000	0.0000	0.0000	0.0000	0.0000	0.0000	0.0000	0.0000	0.0000	0.0000	0.0000	0.0000	0.0000	0.0000	0.0000	0.0000	0.0000	0.0000	0.0000	0.0000	0.0000	0.0000	0.0000	0.0000	0.0000	0.0000	0.0000											
5	9	0.2712	20	1	0	2	1	0	0	0	0	N	N	Y	N	N	N	N	N	N	N	N	N	0.0000	0.0000	0.0000	0.0000	0.0000	0.0000	0.0000	0.0000	0.0000	0.0000	0.0000	0.0000	0.0000	0.0000	0.0000	0.0000	0.0000	0.0000	0.0000	0.0000	0.0000	0.0000	0.0000	0.0000	0.0000	1.0000	0.0000	-0.0000	8.9974	1.0003	7.9196	3.8877	0.0000	0.0000	0.0000	0.0000	0.0000	0.0000	0.0000	0.0000	0.0000	0.0000	0.0000	0.0000	0.0000	0.0000	0.0000	0.0000	0.0000	0.0000	0.0587	0.0512	0.0074	0.0092	0.0087	0.0005	0.0495	0.0425	0.0070	0.0981	0.0618	0.0363	0.0293	0.0267	0.0026	0.0688	0.0351	0.0337	0.0000	0.0000	0.0000	0.0000	0.0000	0.0000	0.0000	0.0000	0.0000	0.0000	0.0000	0.0000	0.0000	0.0000	0.0000	0.0000	0.0000	0.0000			
5	10	0.2685	19	1	0	2	1	0	0	0	0	N	N	Y	N	N	N	N	N	N	N	N	N	0.0000	0.0000	0.0000	0.0000	0.0000	0.0000	0.0000	0.0000	0.0000	0.0000	0.0000	0.0000	0.0000	0.0000	0.0000	0.0000	0.0000	0.0000	0.0000	0.0000	0.0000	0.0000	0.0000	0.0000	0.0000	2.4044	0.0000	0.0000	8.9974	0.0008	7.9196	1.2348	0.0000	0.0000	0.0000	0.0000	0.0000	0.0000	0.0000	0.0000	0.0000	0.0000	0.0000	0.0000	0.0000	0.0000	0.0000	0.0000	0.0000	0.0000	0.0001	0.0001	0.0000	0.0000	0.0000	0.0000	0.0001	0.0000	0.0000	0.0225	0.0136	0.0088	0.0060	0.0054	0.0006	0.0165	0.0082	0.0083	0.0000	0.0000	0.0000	0.0000	0.0000	0.0000	0.0000	0.0000	0.0000	0.0000	0.0000	0.0000	0.0000	0.0000	0.0000	0.0000	0.0000	0.0000			
5	11	0.1433	8	0	0	2	1	0	0	0	0	N	N	Y	N	N	N	N	N	N	N	N	N	0.1329	0.1053	0.0000	0.0015	0.0014	0.0000	0.9441	inf	0.0000	0.0000	0.0000	0.0000	0.0000	0.0000	0.0000	0.0000	0.0001	0.0000	0.0003	0.0004	0.0001	0.0012	0.0013	0.0000	0.0001	0.0000	0.0001	0.0000	0.1654	-0.0000	-0.0000	8.9974	4.1301	7.9196	9.5352	0.0000	0.0000	0.0000	0.0000	0.0000	0.0000	0.0000	0.0000	0.0000	0.0001	0.0001	0.0000	0.0001	0.0001	0.0000	0.0000	0.0000	0.0000	0.2672	0.2344	0.0328	0.0563	0.0537	0.0027	0.2109	0.1807	0.0301	0.2457	0.1466	0.0992	0.0498	0.0465	0.0033	0.1959	0.1001	0.0959	0.1329	0.1053	0.0000	0.0015	0.0014	0.0000	0.9441	inf	0.0000	0.0003	0.0004	0.0001	0.0012	0.0013	0.0000	0.0001	0.0000	0.0001
5	12	0.2328	16	1	1	1	1	0	0	0	0	N	N	N	N	N	N	N	N	N	N	N	N	76196038.7029	61626656.2680	0.0000	152481559.7309	149729860.7706	2.7757	3.1751	0.0000	19.5043	20.5310	0.0000	0.0000	0.0000	0.0000	0.0000	0.0000	0.0000	0.0000	0.0000	0.0000	0.0000	0.0000	0.0000	0.0000	0.1818	-0.3755	-0.0000	8.9974	5.9431	7.9196	4.2945	0.9855	0.9855	0.0000	0.9855	0.9855	0.0000	0.0000	0.0000	0.0000	0.0000	0.0000	0.0000	0.0000	0.0000	0.0000	0.0000	0.0000	0.0000	0.3550	0.3104	0.0447	0.0505	0.0480	0.0025	0.3045	0.2624	0.0421	0.1784	0.1068	0.0717	0.0453	0.0401	0.0052	0.1331	0.0666	0.0664	76196038.7029	61626656.2680	0.0000	152481559.7309	149729860.7706	0.0000	0.0000	0.0000	0.0000	0.0000	0.0000	0.0000	0.0000	0.0000	0.0000	0.0000	0.0000	0.0000				
5	13	0.2127	14	0	0	2	2	0	0	0	0	N	N	Y	Y	N	N	N	N	N	N	N	N	0.0000	0.0000	0.0000	0.0000	0.0000	0.0000	0.0000	0.0000	0.0000	0.0000	0.0000	0.0000	0.0000	12.3142	20.6791	0.0000	49.4470	49.1265	0.0000	0.0000	0.0000	0.0000	0.0000	0.0000	-0.5214	8.9974	0.0000	7.9196	3.8697	0.0000	0.0000	0.0000	0.0000	0.0000	0.0000	0.0000	0.0000	0.0000	0.9602	0.9602	0.0000	0.9602	0.9602	0.0000	0.0000	0.0000	0.0000	0.0000	0.0000	0.0000	0.0000	0.0000	0.0000	0.0000	0.0000	0.0000	0.0780	0.0464	0.0315	0.0223	0.0195	0.0028	0.0557	0.0269	0.0288	0.0000	0.0000	0.0000	0.0000	0.0000	0.0000	0.0000	0.0000	0.0000	12.3142	20.6791	0.0000	43.0108	49.1265	0.0000	0.0000	0.0000	0.0000						
5	14	0.2550	18	0	1	1	1	0	0	0	0	N	N	N	N	N	N	N	N	N	N	N	N	4293.7999	0.0000	59470191.6615	0.0000	0.0000	0.0000	17324130.9645	62203922.0020	3.4796	0.0000	27.3335	0.0000	0.0000	0.0000	4.1978	0.0000	29.5457	0.0008	0.0014	0.0000	0.0033	0.0037	0.0000	0.0000	0.0000	0.0000	inf	0.0002	0.6188	-0.0001	8.9974	4.8103	7.9196	9.0653	0.9997	0.0000	0.9997	0.0000	0.0000	0.0000	0.9997	0.0000	0.9997	0.0002	0.0002	0.0000	0.0002	0.0002	0.0000	0.0000	0.0000	0.0000	0.2873	0.2507	0.0366	0.0492	0.0464	0.0027	0.2382	0.2043	0.0338	0.2222	0.1306	0.0916	0.0543	0.0484	0.0059	0.1680	0.0823	0.0857	4293.7999	0.0000	59470191.6615	0.0000	0.0000	0.0000	17324130.9645	0.0000	62203922.0020	0.0008	0.0014	0.0000	0.0033	0.0037	0.0000	0.0000	0.0000	0.0000	
5	15	0.2127	14	0	0	1	2	0	0	0	0	N	N	N	Y	N	N	N	N	N	N	N	N	0.0000	0.0000	0.0000	0.0000	0.0000	0.0000	0.0000	0.0000	0.0000	0.0000	0.0000	0.0000	0.0000	0.0000	0.0000	0.0000	0.0000	0.0000	0.0000	0.0000	8.9974	1.0000	7.9196	3.8697	0.0000	0.0000	0.0000	0.0000	0.0000	0.0000	0.0000	0.0000	0.0000	0.0000	0.0000	0.0000	0.0000	0.0000	0.0000	0.0000	0.0000	0.0000	0.0598	0.0521	0.0077	0.0075	0.0070	0.0005	0.0523	0.0451	0.0072	0.0955	0.0568	0.0387	0.0268	0.0234	0.0035	0.0686	0.0334	0.0352	0.0000	0.0000	0.0000	0.0000	0.0000	0.0000	0.0000	0.0000	0.0000	0.0000	0.0000	0.0000	0.0000	0.0000	0.0000	0.0000	0.0000	0.0000											
5	16	0.0517	2	0	1	1	2	0	0	0	0	N	N	N	Y	N	N	N	N	N	N	N	N	2.4717	1476.8798	0.0000	1731.5083	2427.9757	0.0000	0.0000	0.0000	9.6410	11.4023	0.0000	49.0677	49.0678	0.0000	0.0000	0.0000	0.0000	3.9006	0.0077	8.2056	0.0283	0.0202	4.9644	4.8764	0.0000	8.2135	0.0000	961.0937	-0.0015	0.3182	8.9974	0.0040	7.9196	5.7722	0.0040	0.0040	0.0000	0.0040	0.0040	0.0000	0.0000	0.0000	0.0000	0.6978	0.0007	0.6971	0.0010	0.0007	0.0003	0.6968	0.0000	0.6968	0.0004	0.0003	0.0001	0.0001	0.0001	0.0000	0.0003	0.0003	0.0001	0.1789	0.0939	0.0849	0.0360	0.0359	0.0001	0.1429	0.0581	0.0848	2.4717	1476.8798	0.0000	1731.5083	2427.9757	0.0000	0.0000	0.0000	0.0000	3.9006	0.0077	8.2056	0.0283	0.0202	2.4983	4.8764	0.0000	8.2135	
5	17	0.2702	20	0	1	1	1	0	0	0	0	N	N	N	N	N	N	N	N	N	N	N	N	0.0000	0.0000	0.0000	0.0000	0.0000	0.0000	0.0000	0.0000	0.0000	0.0000	0.0000	0.0000	0.0000	0.0000	0.0000	0.0000	0.0000	0.0000	0.0005	0.0003	0.0008	0.0007	0.0008	0.0001	0.0004	0.0000	0.0008	1.5599	0.0000	0.0000	8.9974	1.0133	7.9196	7.9669	0.0000	0.0000	0.0000	0.0000	0.0000	0.0000	0.0000	0.0000	0.0000	0.0001	0.0000	0.0000	0.0000	0.0000	0.0000	0.0000	0.0000	0.0000	0.0600	0.0524	0.0076	0.0102	0.0096	0.0006	0.0497	0.0428	0.0070	0.1548	0.0959	0.0590	0.0429	0.0387	0.0043	0.1119	0.0572	0.0547	0.0000	0.0000	0.0000	0.0000	0.0000	0.0000	0.0000	0.0000	0.0000	0.0005	0.0003	0.0008	0.0007	0.0008	0.0001	0.0004	0.0000	0.0008	
5	18	0.2195	15	0	1	1	2	0	0	0	0	N	N	N	Y	N	N	N	N	N	N	N	N	0.0000	0.0000	0.0000	0.0000	0.0000	0.0000	0.0000	0.0000	0.0000	0.0000	0.0000	0.0000	0.0000	0.0000	0.0000	0.0104	0.0173	0.0000	0.0358	0.0425	0.0000	0.0000	0.0000	0.0000	0.0000	0.0000	-0.0002	8.9974	0.9988	7.9196	1.0036	0.0000	0.0000	0.0000	0.0000	0.0000	0.0000	0.0000	0.0000	0.0000	0.0004	0.0004	0.0000	0.0004	0.0004	0.0000	0.0000	0.0000	0.0000	0.0600	0.0523	0.0077	0.0077	0.0073	0.0005	0.0523	0.0450	0.0072	0.0376	0.0226	0.0150	0.0109	0.0092	0.0017	0.0267	0.0134	0.0132	0.0000	0.0000	0.0000	0.0000	0.0000	0.0000	0.0000	0.0000	0.0000	0.0104	0.0173	0.0000	0.0358	0.0425	0.0000	0.0000	0.0000	0.0000				
5	19	0.2018	11	1	1	1	1	0	0	0	0	N	N	N	N	N	N	N	N	N	N	N	N	0.2141	0.0000	23.7116	0.0164	0.0000	1.3968	44.5281	125.5979	0.0000	0.0000	0.0002	0.0000	0.0000	0.0002	0.0000	0.0000	0.0002	0.0001	0.0002	0.0000	0.0005	0.0005	0.0001	0.0000	0.0000	0.0000	inf	0.0326	0.0000	-0.0000	8.9974	0.0025	7.9196	5.0336	0.0000	0.0000	0.0000	0.0000	0.0000	0.0000	0.0000	0.0000	0.0000	0.0000	0.0000	0.0000	0.0000	0.0000	0.0000	0.0000	0.0000	0.0000	0.0006	0.0005	0.0001	0.0003	0.0003	0.0000	0.0003	0.0003	0.0001	0.0916	0.0550	0.0366	0.0205	0.0187	0.0018	0.0711	0.0363	0.0348	0.2141	0.0000	23.7116	0.0164	0.0000	1.3968	44.5281	0.0000	125.5979	0.0001	0.0002	0.0000	0.0005	0.0005	0.0001	0.0000	0.0000	0.0000	
5	20	0.2101	14	0	1	1	1	0	0	0	0	N	N	N	N	N	N	N	N	N	N	N	N	0.0006	0.0004	0.0000	0.0006	0.0006	0.0000	0.0000	0.0000	0.0000	0.0000	0.0000	0.0000	0.0000	0.0000	0.0000	0.0000	0.0000	0.0002	0.0002	0.0000	0.0004	0.0004	0.0000	0.0000	0.0000	0.0000	0.0000	0.0001	-0.0000	-0.0000	8.9974	1.9984	7.9196	3.0609	0.0000	0.0000	0.0000	0.0000	0.0000	0.0000	0.0000	0.0000	0.0000	0.0000	0.0000	0.0000	0.0000	0.0000	0.0000	0.0000	0.0000	0.0000	0.1809	0.1543	0.0266	0.0721	0.0609	0.0112	0.1088	0.0934	0.0154	0.1960	0.1253	0.0707	0.0797	0.0691	0.0105	0.1163	0.0562	0.0602	0.0006	0.0004	0.0000	0.0006	0.0006	0.0000	0.0000	0.0000	0.0000	0.0002	0.0002	0.0000	0.0004	0.0004	0.0000	0.0000	0.0000	0.0000	
5	22	0.2720	20	1	0	2	1	0	0	0	0	N	N	Y	N	N	N	N	N	N	N	N	N	0.0000	0.0000	0.0000	0.0000	0.0000	0.0000	0.0000	0.0000	0.0000	0.0000	0.0000	0.0000	0.0000	0.0000	0.0000	0.0000	0.0000	0.0000	0.0000	0.0000	8.9974	0.0000	7.9196	2.0000	0.0000	0.0000	0.0000	0.0000	0.0000	0.0000	0.0000	0.0000	0.0000	0.0000	0.0000	0.0000	0.0000	0.0000	0.0000	0.0000	0.0000	0.0000	0.0000	0.0000	0.0000	0.0000	0.0000	0.0000	0.0000	0.0000	0.0000	0.0325	0.0194	0.0132	0.0080	0.0071	0.0010	0.0245	0.0123	0.0122	0.0000	0.0000	0.0000	0.0000	0.0000	0.0000	0.0000	0.0000	0.0000	0.0000	0.0000	0.0000	0.0000	0.0000	0.0000	0.0000	0.0000	0.0000											
5	23	0.2040	12	0	1	1	1	0	0	0	0	N	N	N	N	N	N	N	N	N	N	N	N	0.5161	0.3997	0.0000	1.1024	1.0185	0.0000	0.0094	0.0699	0.0000	0.0004	0.0005	0.0000	0.0022	0.0024	0.0000	0.0000	0.0000	0.0000	0.0008	0.0012	0.0002	0.0020	0.0024	0.0000	0.0001	0.0000	0.0002	0.0000	0.0743	-0.0000	-0.0001	8.9974	4.1010	7.9196	9.0979	0.0001	0.0001	0.0000	0.0001	0.0001	0.0000	0.0000	0.0000	0.0000	0.0003	0.0003	0.0000	0.0003	0.0003	0.0000	0.0000	0.0000	0.0000	0.2603	0.2272	0.0330	0.0490	0.0453	0.0037	0.2113	0.1819	0.0293	0.3398	0.2138	0.1260	0.1267	0.1082	0.0185	0.2131	0.1057	0.1075	0.5161	0.3997	0.0000	1.1024	1.0185	0.0000	0.0094	0.0699	0.0000	0.0008	0.0012	0.0002	0.0020	0.0024	0.0000	0.0001	0.0000	0.0002
5	24	0.2328	15	1	1	1	1	0	0	0	0	N	N	N	N	N	N	N	N	N	N	N	N	15186.8827	inf	0.0000	13270.7013	inf	0.0000	2.4295	2.7793	0.0000	0.0000	0.0000	0.0000	2.8284	3.2821	0.0000	0.0002	0.0000	0.0004	0.0000	0.0000	0.0000	0.0002	0.0000	0.0004	0.0000	inf	-0.3866	0.0000	8.9974	7.0513	7.9196	11.7448	1.0145	1.0145	0.0000	0.0000	0.0000	0.0000	1.0145	1.0145	0.0000	0.0000	0.0000	0.0000	0.0000	0.0000	0.0000	0.0000	0.0000	0.0000	0.4176	0.3650	0.0526	0.0589	0.0559	0.0030	0.3587	0.3091	0.0496	0.3125	0.1866	0.1259	0.0780	0.0689	0.0091	0.2346	0.1177	0.1168	15186.8827	inf	0.0000	0.0000	0.0000	0.0000	13270.7013	inf	0.0000	0.0002	0.0000	0.0004	0.0000	0.0000	0.0000	0.0002	0.0000	0.0004			
5	25	0.2720	13	0	1	1	1	0	0	0	0	N	N	N	N	N	N	N	N	N	N	N	N	0.1691	0.1203	0.0000	6.2265	5.5298	0.0000	0.0000	0.0000	0.0000	0.0011	0.0013	0.0000	0.0057	0.0059	0.0000	0.0000	0.0000	0.0000	0.0067	0.0106	0.0007	0.0009	0.0011	0.0000	0.0097	0.0196	0.0009	0.0000	0.0469	-0.0001	-0.0006	8.9974	4.7974	7.9196	5.1989	0.0004	0.0004	0.0000	0.0004	0.0004	0.0000	0.0000	0.0000	0.0000	0.0013	0.0012	0.0001	0.0001	0.0001	0.0000	0.0012	0.0012	0.0001	0.3362	0.2972	0.0390	0.0668	0.0640	0.0028	0.2694	0.2332	0.0362	0.1927	0.1157	0.0770	0.0659	0.0560	0.0098	0.1268	0.0597	0.0671	0.1691	0.1203	0.0000	6.2265	5.5298	0.0000	0.0000	0.0000	0.0000	0.0067	0.0106	0.0007	0.0009	0.0011	0.0000	0.0097	0.0196	0.0009
5	26	0.1286	8	1	1	1	1	0	0	0	0	N	N	N	N	N	N	N	N	N	N	N	N	177.3483	131.8263	0.0000	1.5947	1.5418	0.0000	1956.4700	inf	0.0000	0.0630	0.0721	0.0000	0.0020	0.0021	0.0000	0.0738	0.0857	0.0000	0.0004	0.0005	0.0001	0.0013	0.0014	0.0000	0.0000	0.0000	0.0001	0.0000	0.0857	-0.0031	-0.0001	8.9974	2.0195	7.9196	15.0171	0.0083	0.0083	0.0000	0.0000	0.0000	0.0000	0.0082	0.0082	0.0000	0.0001	0.0001	0.0000	0.0001	0.0001	0.0000	0.0000	0.0000	0.0000	0.1311	0.1146	0.0165	0.0196	0.0186	0.0010	0.1115	0.0960	0.0155	0.3429	0.2052	0.1376	0.0878	0.0807	0.0071	0.2551	0.1246	0.1305	177.3483	131.8263	0.0000	1.5947	1.5418	0.0000	1956.4700	inf	0.0000	0.0004	0.0005	0.0001	0.0013	0.0014	0.0000	0.0000	0.0000	0.0001
5	27	0.1198	7	0	0	1	1	0	0	0	0	N	N	N	N	N	N	N	N	N	N	N	N	2768.7738	9018.5330	0.0000	191.7377	188.8865	0.0000	3188.0602	2974302.9481	0.0000	2.2163	2.4574	0.0000	0.0939	0.0955	0.0000	3.0673	3.5288	0.0000	0.0008	0.0003	0.0017	0.0005	0.0005	0.0000	0.0010	0.0000	0.0017	0.0000	3.7629	-0.1547	0.0000	8.9974	1.6438	7.9196	3.3228	0.4059	0.4059	0.0000	0.0049	0.0049	0.0000	0.4010	0.4010	0.0000	0.0001	0.0000	0.0001	0.0000	0.0000	0.0000	0.0001	0.0000	0.0001	0.1832	0.1652	0.0180	0.0524	0.0515	0.0009	0.1307	0.1136	0.0171	0.1782	0.1099	0.0683	0.0610	0.0591	0.0019	0.1172	0.0508	0.0664	2768.7738	9018.5330	0.0000	191.7377	188.8865	0.0000	3188.0602	2974302.9481	0.0000	0.0008	0.0003	0.0017	0.0005	0.0005	0.0000	0.0010	0.0000	0.0017
5	28	0.2461	17	0	1	1	1	0	0	0	0	N	N	N	N	N	N	N	N	N	N	N	N	0.0000	0.0000	0.0000	0.0000	0.0000	0.0000	0.0000	0.0000	0.0000	0.0000	0.0000	0.0000	0.0000	0.0000	0.0000	0.0000	0.0000	0.0000	0.0002	0.0003	0.0000	0.0007	0.0008	0.0000	0.0000	0.0000	0.0000	0.0022	0.0000	-0.0000	8.9974	3.0409	7.9196	16.1393	0.0000	0.0000	0.0000	0.0000	0.0000	0.0000	0.0000	0.0000	0.0000	0.0001	0.0001	0.0000	0.0001	0.0001	0.0000	0.0000	0.0000	0.0000	0.1846	0.1616	0.0230	0.0305	0.0291	0.0014	0.1541	0.1325	0.0216	0.3372	0.2032	0.1340	0.0824	0.0743	0.0080	0.2549	0.1289	0.1260	0.0000	0.0000	0.0000	0.0000	0.0000	0.0000	0.0000	0.0000	0.0000	0.0002	0.0003	0.0000	0.0007	0.0008	0.0000	0.0000	0.0000	0.0000	
5	29	0.2412	17	0	1	1	1	0	0	0	0	N	N	N	N	N	N	N	N	N	N	N	N	0.0000	0.0000	0.0000	0.0000	0.0000	0.0000	0.0000	0.0000	0.0000	0.0000	0.0000	0.0000	0.0000	0.0000	0.0000	0.0000	0.0002	0.0003	0.0000	0.0008	0.0008	0.0000	0.0000	0.0000	0.0000	0.0001	0.0000	-0.0000	8.9974	4.0695	7.9196	11.0027	0.0000	0.0000	0.0000	0.0000	0.0000	0.0000	0.0000	0.0000	0.0000	0.0000	0.0000	0.0000	0.0000	0.0000	0.0000	0.0000	0.0000	0.0000	0.2484	0.2175	0.0309	0.0400	0.0382	0.0018	0.2084	0.1793	0.0291	0.2556	0.1506	0.1050	0.0530	0.0472	0.0057	0.2026	0.1034	0.0992	0.0000	0.0000	0.0000	0.0000	0.0000	0.0000	0.0000	0.0000	0.0000	0.0002	0.0003	0.0000	0.0008	0.0008	0.0000	0.0000	0.0000	0.0000			
5	30	0.1275	8	0	1	2	2	0	0	0	0	N	N	Y	Y	N	N	N	N	N	N	N	N	0.0000	0.0000	0.0000	0.0000	0.0000	0.0000	0.0000	0.0000	0.0000	0.0000	0.0000	0.0000	0.0000	0.0000	0.0000	0.0000	0.0000	0.0000	0.0000	0.0000	0.0000	0.0000	0.0168	0.0000	-0.0000	8.9974	0.0021	7.9196	3.0281	0.0000	0.0000	0.0000	0.0000	0.0000	0.0000	0.0000	0.0000	0.0000	0.0000	0.0000	0.0000	0.0000	0.0000	0.0000	0.0000	0.0000	0.0000	0.0004	0.0003	0.0000	0.0001	0.0001	0.0000	0.0002	0.0002	0.0000	0.0618	0.0361	0.0257	0.0163	0.0147	0.0016	0.0456	0.0215	0.0241	0.0000	0.0000	0.0000	0.0000	0.0000	0.0000	0.0000	0.0000	0.0000	0.0000	0.0000	0.0000	0.0000	0.0000	0.0000	0.0000	0.0000	0.0000						
5	31	0.1048	7	0	0	1	2	0	0	0	0	N	N	N	Y	N	N	N	N	N	N	N	N	0.0000	0.0000	0.0000	0.0000	0.0000	0.0000	0.0000	0.0000	0.0000	0.0000	0.0000	0.0000	0.0000	0.0000	0.0000	0.0000	0.0003	0.0005	0.0000	0.0015	0.0017	0.0000	0.0000	0.0000	0.0000	0.0001	0.0000	-0.0000	8.9974	3.2874	7.9196	7.1999	0.0000	0.0000	0.0000	0.0000	0.0000	0.0000	0.0000	0.0000	0.0000	0.0001	0.0001	0.0000	0.0001	0.0001	0.0000	0.0000	0.0000	0.0000	0.2255	0.1954	0.0301	0.0304	0.0294	0.0011	0.1951	0.1660	0.0291	0.2080	0.1193	0.0887	0.0416	0.0378	0.0038	0.1664	0.0815	0.0849	0.0000	0.0000	0.0000	0.0000	0.0000	0.0000	0.0000	0.0000	0.0000	0.0003	0.0005	0.0000	0.0015	0.0017	0.0000	0.0000	0.0000	0.0000			
5	32	0.1812	11	0	1	1	1	0	0	0	0	N	N	N	N	N	N	N	N	N	N	N	N	0.0000	0.1637	0.0000	0.2073	0.2139	0.0000	0.0000	0.0000	0.0000	0.0000	0.0000	0.0000	0.0000	0.0000	0.0000	0.0000	0.0000	2.4944	0.0000	6.0264	0.0001	0.0001	0.0000	3.1790	0.0000	6.3071	0.0000	100013.6368	-0.0000	0.4570	8.9974	4.3545	7.9196	19.4857	0.0000	0.0000	0.0000	0.0000	0.0000	0.0000	0.0000	0.0000	0.0000	1.0000	0.0000	1.0000	0.0000	0.0000	0.0000	1.0000	0.0000	1.0000	0.3188	0.2764	0.0424	0.0802	0.0711	0.0091	0.2387	0.2054	0.0333	0.4009	0.2350	0.1659	0.0863	0.0790	0.0074	0.3146	0.1560	0.1585	0.0000	0.1637	0.0000	0.2073	0.2139	0.0000	0.0000	0.0000	0.0000	2.4944	0.0000	6.0264	0.0001	0.0001	0.0000	3.1790	0.0000	6.3071	
5	33	0.2256	15	1	1	1	1	0	0	0	0	N	N	N	N	N	N	N	N	N	N	N	N	0.0000	0.0000	0.0000	0.0000	0.0000	0.0000	0.0000	0.0000	0.0000	0.0000	0.0000	0.0000	0.0000	0.0000	0.0000	0.0000	0.0000	0.0000	0.0000	0.0000	8.9974	0.0000	7.9196	0.0000	0.0000	0.0000	0.0000	0.0000	0.0000	0.0000	0.0000	0.0000	0.0000	0.0000	0.0000	0.0000	0.0000	0.0000	0.0000	0.0000	0.0000	0.0000	0.0000	0.0000	0.0000	0.0000	0.0000	0.0000	0.0000	0.0000	0.0000	0.0000	0.0000	0.0000	0.0000	0.0000	0.0000	0.0000	0.0000	0.0000	0.0000	0.0000	0.0000	0.0000	0.0000	0.0000	0.0000	0.0000	0.0000	0.0000	0.0000	0.0000	0.0000	0.0000	0.0000	0.0000	0.0000	0.0000											
5	34	0.1198	7	0	1	1	2	0	0	0	0	N	N	N	Y	N	N	N	N	N	N	N	N	15255.4450	27478.9204	0.0000	56235.3960	54121.5202	0.0000	0.0000	0.0000	1.2758	1.4457	0.0000	7.2544	7.5226	0.0000	0.0000	0.0000	0.0000	0.0001	0.0001	0.0001	0.0001	0.0001	0.0000	0.0001	0.0000	0.0001	0.0000	1.7075	-0.2270	0.0000	8.9974	6.4588	7.9196	12.7561	0.5957	0.5957	0.0000	0.5957	0.5957	0.0000	0.0000	0.0000	0.0000	0.0000	0.0000	0.0000	0.0000	0.0000	0.0000	0.0000	0.0000	0.0000	0.4669	0.4120	0.0549	0.0821	0.0792	0.0029	0.3848	0.3328	0.0519	0.3983	0.2339	0.1645	0.0954	0.0885	0.0069	0.3029	0.1453	0.1576	15255.4450	27478.9204	0.0000	56235.3960	54121.5202	0.0000	0.0000	0.0000	0.0000	0.0001	0.0001	0.0001	0.0001	0.0001	0.0000	0.0001	0.0000	0.0001	
5	35	0.1142	6	0	0	1	1	0	0	0	0	N	N	N	N	N	N	N	N	N	N	N	N	9081.6149	10974.0006	0.0000	9662.9374	9843.5529	0.0000	9683.7581	8450272.9165	0.0000	1.9207	2.1567	0.0000	3.5161	3.6791	0.0000	1.3223	1.5266	0.0000	0.0002	0.0002	0.0002	0.0004	0.0004	0.0000	0.0001	0.0000	0.0002	0.0000	0.7625	-0.1836	-0.0000	8.9974	2.5642	7.9196	2.5472	0.4818	0.4818	0.0000	0.2406	0.2406	0.0000	0.2412	0.2412	0.0000	0.0000	0.0000	0.0000	0.0000	0.0000	0.0000	0.0000	0.0000	0.0000	0.2509	0.2234	0.0274	0.0684	0.0654	0.0030	0.1824	0.1580	0.0244	0.1844	0.1126	0.0718	0.0608	0.0592	0.0016	0.1236	0.0534	0.0702	9081.6149	10974.0006	0.0000	9662.9374	9843.5529	0.0000	9683.7581	8450272.9165	0.0000	0.0002	0.0002	0.0002	0.0004	0.0004	0.0000	0.0001	0.0000	0.0002
5	36	0.1084	3	0	0	2	1	0	0	0	0	N	N	Y	N	N	N	N	N	N	N	N	N	0.0000	0.0000	0.0000	0.0000	0.0000	0.0000	0.0000	0.0000	0.0000	0.0000	0.0000	0.0000	0.0000	0.0005	0.0009	0.0000	0.0028	0.0033	0.0000	0.0000	0.0000	0.0000	0.0000	0.0000	-0.0000	8.9974	1.0000	7.9196	2.0003	0.0000	0.0000	0.0000	0.0000	0.0000	0.0000	0.0000	0.0000	0.0000	0.0000	0.0000	0.0000	0.0000	0.0000	0.0000	0.0000	0.0000	0.0000	0.0615	0.0533	0.0082	0.0039	0.0037	0.0003	0.0576	0.0496	0.0080	0.0565	0.0309	0.0256	0.0096	0.0082	0.0015	0.0469	0.0228	0.0241	0.0000	0.0000	0.0000	0.0000	0.0000	0.0000	0.0000	0.0000	0.0000	0.0005	0.0009	0.0000	0.0028	0.0033	0.0000	0.0000	0.0000	0.0000						
5	37	0.1084	4	0	1	1	1	0	0	0	0	N	N	N	N	N	N	N	N	N	N	N	N	0.0000	0.0000	0.0000	0.0000	0.0000	0.0000	0.0000	0.0000	0.0000	0.0000	0.0000	0.0000	0.0000	0.0000	0.0000	0.0000	0.0000	0.0015	0.0004	0.0030	0.0011	0.0011	0.0023	0.0016	0.0000	0.0031	4.7753	-0.0000	0.0001	8.9974	1.9619	7.9196	8.3400	0.0000	0.0000	0.0000	0.0000	0.0000	0.0000	0.0000	0.0000	0.0000	0.0004	0.0001	0.0003	0.0001	0.0001	0.0000	0.0003	0.0000	0.0003	0.1247	0.1081	0.0166	0.0109	0.0104	0.0005	0.1138	0.0977	0.0161	0.2546	0.1531	0.1015	0.0643	0.0603	0.0040	0.1904	0.0929	0.0975	0.0000	0.0000	0.0000	0.0000	0.0000	0.0000	0.0000	0.0000	0.0000	0.0015	0.0004	0.0030	0.0011	0.0011	0.0023	0.0016	0.0000	0.0031		
5	38	0.2536	17	1	0	2	1	0	0	0	0	N	N	Y	N	N	N	N	N	N	N	N	N	0.0000	0.0000	0.0000	0.0000	0.0000	0.0000	0.0030	inf	0.0000	0.0000	0.0000	0.0000	0.0000	0.0000	0.0000	0.0000	0.0000	0.0000	9.2604	15.1198	0.0073	38.2583	39.5395	0.0000	0.0038	0.0000	0.0077	0.0000	0.0003	-0.0000	-0.5189	8.9974	0.0095	7.9196	5.0631	0.0000	0.0000	0.0000	0.0000	0.0000	0.0000	0.0000	0.0000	0.0000	0.9562	0.9559	0.0003	0.9559	0.9559	0.0000	0.0003	0.0000	0.0003	0.0017	0.0014	0.0002	0.0008	0.0007	0.0001	0.0009	0.0007	0.0002	0.1033	0.0632	0.0400	0.0263	0.0242	0.0021	0.0770	0.0390	0.0379	0.0000	0.0000	0.0000	0.0000	0.0000	0.0000	0.0030	inf	0.0000	9.2604	15.1198	0.0073	36.3708	39.5395	0.0000	0.0038	0.0000	0.0077
5	39	0.1048	7	0	1	1	1	0	0	0	0	N	N	N	N	N	N	N	N	N	N	N	N	0.0000	0.0000	0.0000	0.0000	0.0000	0.0000	0.0000	0.0000	0.0000	0.0000	0.0000	0.0000	0.0000	0.0000	0.0000	0.0000	0.0000	4.2308	0.0001	9.8398	0.0001	0.0001	0.0000	5.2516	0.0001	10.2784	80023.6905	0.0000	0.4570	8.9974	1.1272	7.9196	11.0864	0.0000	0.0000	0.0000	0.0000	0.0000	0.0000	0.0000	0.0000	0.0000	0.9999	0.0000	0.9999	0.0000	0.0000	0.0000	0.9999	0.0000	0.9999	0.0947	0.0817	0.0129	0.0188	0.0184	0.0004	0.0758	0.0633	0.0126	0.2363	0.1347	0.1016	0.0459	0.0416	0.0043	0.1904	0.0931	0.0973	0.0000	0.0000	0.0000	0.0000	0.0000	0.0000	0.0000	0.0000	0.0000	4.2308	0.0001	9.8398	0.0001	0.0001	0.0000	5.2516	0.0001	10.2784		
5	40	0.1048	6	0	0	1	1	0	0	0	0	N	N	N	N	N	N	N	N	N	N	N	N	0.0000	0.0000	0.0000	0.0000	0.0000	0.0000	0.0000	0.0000	0.0000	0.0000	0.0000	0.0000	0.0000	0.0000	0.0000	0.0000	0.0026	0.0018	0.0043	0.0033	0.0034	0.0000	0.0021	0.0000	0.0045	0.9999	0.0000	-0.0000	8.9974	0.4765	7.9196	0.2778	0.0000	0.0000	0.0000	0.0000	0.0000	0.0000	0.0000	0.0000	0.0000	0.0001	0.0001	0.0001	0.0001	0.0001	0.0000	0.0001	0.0000	0.0001	0.0548	0.0471	0.0077	0.0153	0.0151	0.0002	0.0395	0.0320	0.0075	0.0407	0.0286	0.0120	0.0157	0.0154	0.0003	0.0250	0.0132	0.0117	0.0000	0.0000	0.0000	0.0000	0.0000	0.0000	0.0000	0.0000	0.0000	0.0026	0.0018	0.0043	0.0033	0.0034	0.0000	0.0021	0.0000	0.0045			
5	41	0.0978	4	0	1	1	2	0	0	0	0	N	N	N	Y	N	N	N	N	N	N	N	N	0.9685	0.6186	0.0000	0.0000	0.0000	0.0000	2566.9607	inf	0.0000	1.6512	1.9009	0.0000	0.0000	0.0000	0.0000	1.8035	2.0944	0.0000	1.7050	3.0728	0.0014	10.7018	11.6069	0.0011	0.0007	0.0000	0.0014	0.0000	0.0004	-0.3800	-0.5210	8.9974	10.0333	7.9196	21.8674	0.9973	0.9973	0.0000	0.0000	0.0000	0.0000	0.9973	0.9973	0.0000	0.9601	0.9598	0.0003	0.9598	0.9598	0.0000	0.0003	0.0000	0.0003	0.6040	0.5246	0.0793	0.0510	0.0485	0.0026	0.5530	0.4762	0.0768	0.5631	0.3123	0.2508	0.0915	0.0827	0.0088	0.4716	0.2296	0.2419	0.9685	0.6186	0.0000	0.0000	0.0000	0.0000	2566.9607	inf	0.0000	1.7050	3.0728	0.0014	10.4848	11.6069	0.0011	0.0007	0.0000	0.0014
5	42	0.2536	17	1	0	2	1	0	0	0	0	N	N	Y	N	N	N	N	N	N	N	N	N	0.0000	0.0003	0.0000	0.0000	0.0000	0.0000	inf	0.0000	0.0000	0.0000	0.0000	0.0000	0.0000	0.0000	0.0000	0.0000	0.0000	0.0645	0.0007	0.1699	0.0016	0.0017	0.0000	0.0887	0.0000	0.1789	0.0000	145.5008	-0.0000	0.0019	8.9974	0.9968	7.9196	1.9513	0.0000	0.0000	0.0000	0.0000	0.0000	0.0000	0.0000	0.0000	0.0000	0.0043	0.0000	0.0043	0.0000	0.0000	0.0000	0.0043	0.0000	0.0043	0.0587	0.0512	0.0076	0.0102	0.0096	0.0006	0.0485	0.0416	0.0070	0.0665	0.0414	0.0251	0.0184	0.0172	0.0013	0.0481	0.0243	0.0238	0.0000	0.0003	0.0000	0.0000	0.0000	0.0000	0.0000	inf	0.0000	0.0645	0.0007	0.1699	0.0016	0.0017	0.0000	0.0887	0.0000	0.1789	
5	43	0.2404	16	1	0	2	1	0	0	0	0	N	N	Y	N	N	N	N	N	N	N	N	N	0.0010	0.0007	0.0000	0.0000	0.0000	4.0029	inf	0.0000	0.0000	0.0000	0.0000	0.0000	0.0000	0.0000	0.0000	0.0000	0.0000	0.0324	0.0556	0.0000	0.1388	0.1524	0.0000	0.0000	0.0000	0.0000	0.0000	0.0002	-0.0000	-0.0023	8.9974	5.0018	7.9196	1.7716	0.0000	0.0000	0.0000	0.0000	0.0000	0.0000	0.0000	0.0000	0.0000	0.0043	0.0043	0.0000	0.0043	0.0043	0.0000	0.0000	0.0000	0.0000	0.2962	0.2586	0.0376	0.0389	0.0369	0.0020	0.2573	0.2218	0.0355	0.1316	0.0767	0.0548	0.0307	0.0280	0.0027	0.1008	0.0487	0.0521	0.0010	0.0007	0.0000	0.0000	0.0000	0.0000	4.0029	inf	0.0000	0.0324	0.0556	0.0000	0.1388	0.1524	0.0000	0.0000	0.0000	0.0000	
5	44	0.2436	17	1	0	2	1	0	0	0	0	N	N	Y	N	N	N	N	N	N	N	N	N	inf	inf	inf	inf	0.0001	0.0001	0.0000	0.0005	0.0005	0.0000	0.0000	0.0000	0.0000	0.0000	0.0000	0.0000	0.0000	0.0000	0.0000	0.0000	0.0000	0.0000	0.0000	-0.0000	0.0000	8.9974	4.9860	7.9196	2.3663	0.0000	0.0000	0.0000	0.0000	0.0000	0.0000	0.0000	0.0000	0.0000	0.0000	0.0000	0.0000	0.0000	0.0000	0.0000	0.0000	0.0000	0.0000	0.2959	0.2583	0.0376	0.0391	0.0371	0.0020	0.2568	0.2213	0.0356	0.1860	0.1119	0.0741	0.0722	0.0572	0.0149	0.1138	0.0547	0.0592	inf	inf	0.0000	inf	inf	0.0000	0.0000	0.0000	0.0000	0.0000	0.0000	0.0000	0.0000	0.0000	0.0000	0.0000	0.0000	0.0000						
5	45	0.2404	16	1	0	1	1	0	0	0	0	N	N	N	N	N	N	N	N	N	N	N	N	0.0152	0.0099	0.0000	4.0344	3.9813	0.0000	0.0000	0.0000	0.0000	0.0000	0.0000	0.0000	0.0000	0.0000	0.0000	0.0000	0.0000	0.0002	0.0004	0.0000	0.0000	0.0000	0.0000	0.0003	0.0008	0.0000	0.0000	0.0023	-0.0000	-0.0000	8.9974	0.0225	7.9196	1.9333	0.0000	0.0000	0.0000	0.0000	0.0000	0.0000	0.0000	0.0000	0.0000	0.0000	0.0000	0.0000	0.0000	0.0000	0.0000	0.0000	0.0000	0.0000	0.0022	0.0019	0.0003	0.0006	0.0006	0.0000	0.0015	0.0013	0.0002	0.0477	0.0272	0.0205	0.0137	0.0128	0.0009	0.0340	0.0144	0.0196	0.0152	0.0099	0.0000	4.0344	3.9813	0.0000	0.0000	0.0000	0.0000	0.0002	0.0004	0.0000	0.0000	0.0000	0.0000	0.0003	0.0008	0.0000	
5	46	0.2375	15	1	0	1	1	0	0	0	0	N	N	N	N	N	N	N	N	N	N	N	N	208.6255	158.6823	0.0000	917.8111	870.3182	0.0522	0.0361	0.0000	0.0003	0.0004	0.0000	0.0024	0.0026	0.0000	0.0000	0.0000	0.0000	0.0000	0.0000	0.0000	0.0000	0.0000	0.0000	0.0000	0.0000	0.0000	0.0000	0.1275	-0.0000	-0.0000	8.9974	1.0095	7.9196	0.3555	0.0000	0.0000	0.0000	0.0000	0.0000	0.0000	0.0000	0.0000	0.0000	0.0000	0.0000	0.0000	0.0000	0.0000	0.0000	0.0000	0.0000	0.0000	0.0615	0.0537	0.0078	0.0082	0.0078	0.0004	0.0533	0.0459	0.0074	0.0255	0.0150	0.0105	0.0055	0.0050	0.0005	0.0200	0.0101	0.0100	208.6255	158.6823	0.0000	917.8111	870.3182	0.0000	0.0522	0.0361	0.0000	0.0000	0.0000	0.0000	0.0000	0.0000	0.0000	0.0000	0.0000	0.0000	
5	47	0.1084	4	0	0	2	1	0	0	0	0	N	N	Y	N	N	N	N	N	N	N	N	N	0.0000	0.0000	0.0000	0.0000	0.0000	0.0000	0.0000	0.0000	0.0000	0.0000	0.0000	0.0000	0.0000	0.0000	0.0000	0.0000	0.0000	0.0000	0.0005	0.0006	0.0003	0.0009	0.0009	0.0000	0.0003	0.0004	0.0003	0.3370	-0.0000	-0.0000	8.9974	3.0460	7.9196	11.9126	0.0000	0.0000	0.0000	0.0000	0.0000	0.0000	0.0000	0.0000	0.0000	0.0002	0.0001	0.0000	0.0001	0.0001	0.0000	0.0001	0.0000	0.0000	0.1895	0.1642	0.0253	0.0153	0.0145	0.0008	0.1742	0.1497	0.0245	0.3298	0.1938	0.1360	0.0748	0.0692	0.0056	0.2550	0.1246	0.1304	0.0000	0.0000	0.0000	0.0000	0.0000	0.0000	0.0000	0.0000	0.0000	0.0005	0.0006	0.0003	0.0009	0.0009	0.0000	0.0003	0.0004	0.0003	
5	48	0.0950	3	0	0	1	1	0	0	0	0	N	N	N	N	N	N	N	N	N	N	N	N	0.0460	0.1031	0.0000	0.4372	0.4393	0.0000	0.0000	0.0000	0.0000	0.0001	0.0002	0.0000	0.0016	0.0017	0.0000	0.0000	0.0000	0.0000	0.0030	0.0016	0.0052	0.0037	0.0038	0.0003	0.0028	0.0000	0.0054	0.0000	2.2131	-0.0000	0.0001	8.9974	1.1082	7.9196	5.8288	0.0000	0.0000	0.0000	0.0000	0.0000	0.0000	0.0000	0.0000	0.0000	0.0006	0.0002	0.0004	0.0002	0.0002	0.0000	0.0004	0.0000	0.0004	0.0721	0.0624	0.0097	0.0063	0.0060	0.0003	0.0658	0.0564	0.0095	0.1917	0.1155	0.0761	0.0494	0.0472	0.0021	0.1423	0.0683	0.0740	0.0460	0.1031	0.0000	0.4372	0.4393	0.0000	0.0000	0.0000	0.0000	0.0030	0.0016	0.0052	0.0037	0.0038	0.0003	0.0028	0.0000	0.0054
5	49	0.1084	3	0	1	1	1	0	0	0	0	N	N	N	N	N	N	N	N	N	N	N	N	0.0000	0.0000	0.0000	0.0000	0.0000	0.0000	0.0000	0.0000	0.0000	0.0000	0.0000	0.0000	0.0000	0.0000	0.0000	24.0199	0.0000	114.0104	0.0279	0.0000	0.1825	28.9568	0.0000	115.9249	inf	0.0000	0.4153	8.9974	0.0000	7.9196	2.0001	0.0000	0.0000	0.0000	0.0000	0.0000	0.0000	0.0000	0.0000	0.0000	0.9088	0.0000	0.9088	0.0002	0.0000	0.0002	0.9086	0.0000	0.9086	0.0000	0.0000	0.0000	0.0000	0.0000	0.0000	0.0000	0.0000	0.0000	0.0378	0.0207	0.0171	0.0065	0.0055	0.0010	0.0314	0.0152	0.0161	0.0000	0.0000	0.0000	0.0000	0.0000	0.0000	0.0000	0.0000	0.0000	24.0199	0.0000	53.0441	0.0279	0.0000	0.1825	28.9568	0.0000	56.2740				
5	50	0.2729	20	1	1	2	1	0	0	0	0	N	N	Y	N	N	N	N	N	N	N	N	N	0.0000	0.0000	0.0000	0.0000	0.0000	0.0000	0.0000	0.0000	0.0000	0.0000	0.0000	0.0000	0.0000	0.0001	0.0000	0.0005	0.0003	0.0000	0.0064	0.0000	0.0000	0.0000	inf	0.0000	0.0000	8.9974	0.0000	7.9196	1.7047	0.0000	0.0000	0.0000	0.0000	0.0000	0.0000	0.0000	0.0000	0.0000	0.0000	0.0000	0.0000	0.0000	0.0000	0.0000	0.0000	0.0000	0.0000	0.0000	0.0000	0.0000	0.0000	0.0000	0.0000	0.0000	0.0000	0.0000	0.0590	0.0451	0.0139	0.0236	0.0225	0.0011	0.0354	0.0226	0.0128	0.0000	0.0000	0.0000	0.0000	0.0000	0.0000	0.0000	0.0000	0.0000	0.0001	0.0000	0.0005	0.0003	0.0000	0.0064	0.0000	0.0000	0.0000						
5	51	0.2729	20	1	1	2	1	0	0	0	0	N	N	Y	N	N	N	N	N	N	N	N	N	0.0000	0.0000	0.0000	0.0000	0.0000	0.0000	0.0000	0.0000	0.0000	0.0000	0.0000	0.0000	0.0000	0.0001	0.0001	0.0000	0.0002	0.0002	0.0000	0.0000	0.0000	0.0000	0.0000	0.0000	-0.0000	8.9974	0.0000	7.9196	0.2953	0.0000	0.0000	0.0000	0.0000	0.0000	0.0000	0.0000	0.0000	0.0000	0.0000	0.0000	0.0000	0.0000	0.0000	0.0000	0.0000	0.0000	0.0000	0.0000	0.0000	0.0000	0.0000	0.0000	0.0000	0.0000	0.0000	0.0000	0.0363	0.0315	0.0048	0.0171	0.0169	0.0002	0.0192	0.0146	0.0046	0.0000	0.0000	0.0000	0.0000	0.0000	0.0000	0.0000	0.0000	0.0000	0.0001	0.0001	0.0000	0.0002	0.0002	0.0000	0.0000	0.0000	0.0000						
5	52	0.2701	19	1	1	2	1	0	0	0	0	N	N	Y	N	N	N	N	N	N	N	N	N	0.0000	0.0000	0.0000	0.0000	0.0000	0.0000	0.0000	0.0000	0.0000	0.0000	0.0000	0.0000	0.0000	0.0000	0.0000	0.0000	0.0000	0.0000	0.0002	0.0002	0.0000	0.0005	0.0005	0.0000	0.0000	0.0000	0.0000	0.0037	0.0000	-0.0000	8.9974	0.0001	7.9196	1.7968	0.0000	0.0000	0.0000	0.0000	0.0000	0.0000	0.0000	0.0000	0.0000	0.0000	0.0000	0.0000	0.0000	0.0000	0.0000	0.0000	0.0000	0.0000	0.0000	0.0000	0.0000	0.0000	0.0000	0.0000	0.0000	0.0000	0.0000	0.0439	0.0287	0.0152	0.0152	0.0143	0.0009	0.0288	0.0145	0.0143	0.0000	0.0000	0.0000	0.0000	0.0000	0.0000	0.0000	0.0000	0.0000	0.0002	0.0002	0.0000	0.0005	0.0005	0.0000	0.0000	0.0000	0.0000	
5	53	0.2518	13	1	1	1	1	0	0	0	0	N	N	N	N	N	N	N	N	N	N	N	N	0.2117	0.1543	0.0000	8276.8522	8917.7174	0.0148	0.0083	0.0000	0.0019	0.0022	0.0000	0.0048	0.0053	0.0000	0.0002	0.0002	0.0000	0.0091	0.0143	0.0000	0.0000	0.0000	0.0000	0.0138	0.0284	0.0000	0.0000	0.0000	-0.0001	-0.0003	8.9974	1.8240	7.9196	0.8872	0.0003	0.0003	0.0000	0.0003	0.0003	0.0000	0.0000	0.0000	0.0000	0.0006	0.0006	0.0000	0.0000	0.0000	0.0000	0.0006	0.0006	0.0000	0.1439	0.1262	0.0178	0.0545	0.0490	0.0055	0.0895	0.0772	0.0123	0.0635	0.0406	0.0229	0.0215	0.0202	0.0013	0.0420	0.0204	0.0216	0.2117	0.1543	0.0000	8276.8522	8917.7174	0.0000	0.0148	0.0083	0.0000	0.0091	0.0143	0.0000	0.0000	0.0000	0.0000	0.0138	0.0284	0.0000	
5	54	0.0560	3	0	1	1	2	0	0	0	0	N	N	N	Y	N	N	N	N	N	N	N	N	2.2246	0.0000	6.7758	0.0000	0.0000	0.0000	2.1484	0.0000	6.7684	9.6280	0.0000	62.3255	0.0000	0.0000	0.0000	11.9923	0.0000	62.3324	4.3279	0.0005	9.1983	0.0092	0.0012	4.1207	5.5819	0.0000	9.2093	inf	16441.9340	0.0004	0.3186	8.9974	0.0007	7.9196	4.7762	0.0007	0.0000	0.0007	0.0000	0.0000	0.0000	0.0007	0.0000	0.0007	0.6972	0.0000	0.6972	0.0003	0.0000	0.0003	0.6969	0.0000	0.6969	0.0001	0.0001	0.0000	0.0000	0.0000	0.0000	0.0001	0.0000	0.0000	0.1611	0.0853	0.0758	0.0363	0.0361	0.0001	0.1248	0.0492	0.0757	2.2246	0.0000	6.7758	0.0000	0.0000	0.0000	2.1484	0.0000	6.7684	4.3279	0.0005	9.1983	0.0092	0.0012	2.3941	5.5819	0.0000	9.2093
5	55	0.0560	3	0	0	1	2	0	0	0	0	N	N	N	Y	N	N	N	N	N	N	N	N	5.9917	0.0000	86797365.0163	0.0000	0.0000	16418721.2276	0.0000	86668708.5751	9.6280	0.0000	62.3255	0.0000	0.0000	0.0000	11.9923	0.0000	62.3324	1.6069	2.9932	0.0000	6.7796	5.9258	0.0000	0.0000	0.0000	0.0000	inf	0.0000	0.0004	-0.1152	8.9974	0.0007	7.9196	3.2259	0.0007	0.0000	0.0007	0.0000	0.0000	0.0000	0.0007	0.0000	0.0007	0.2121	0.2121	0.0000	0.2121	0.2121	0.0000	0.0000	0.0000	0.0000	0.0001	0.0001	0.0000	0.0000	0.0000	0.0000	0.0001	0.0000	0.0000	0.1320	0.0709	0.0611	0.0359	0.0358	0.0001	0.0961	0.0351	0.0610	5.9917	0.0000	86797365.0163	0.0000	0.0000	0.0000	16418721.2276	0.0000	86668708.5751	1.6069	2.9932	0.0000	5.9098	5.9258	0.0000	0.0000	0.0000	0.0000	
5	56	0.0517	2	0	0	1	2	0	0	0	0	N	N	N	Y	N	N	N	N	N	N	N	N	5.6137	0.0000	38.2229	0.0061	0.0069	0.0000	7.8539	0.0000	38.1838	15.9211	0.0001	117.3524	0.0324	0.0324	0.0000	15.9430	0.0000	117.3527	2.8361	2.6376	3.0702	5.3518	4.6739	1.0793	2.0299	0.0044	3.0734	357255.1421	0.9868	0.6144	-0.0151	8.9974	0.9953	7.9196	1.3904	0.9927	0.0000	0.9927	0.0000	0.0000	0.0000	0.9927	0.0000	0.9927	0.3269	0.1645	0.1623	0.1645	0.1644	0.0001	0.1624	0.0001	0.1623	0.0623	0.0539	0.0085	0.0001	0.0001	0.0000	0.0623	0.0538	0.0085	0.1153	0.0624	0.0529	0.0352	0.0352	0.0001	0.0800	0.0272	0.0528	5.6137	0.0000	38.2229	0.0069	0.0069	0.0000	7.8539	0.0000	38.1838	2.8361	2.6376	3.0702	4.6657	4.6739	0.8920	2.0299	0.0044	3.0734
5	59	0.2702	20	0	1	2	1	0	0	0	0	N	N	Y	N	N	N	N	N	N	N	N	N	0.0000	0.0000	0.0000	0.0000	0.0000	0.0000	0.0000	0.0000	0.0000	0.0000	0.0000	0.0000	0.0000	0.0000	0.0000	0.0000	0.0000	0.0000	0.0001	0.0002	0.0000	0.0005	0.0005	0.0001	0.0000	0.0000	0.0000	0.0113	0.0000	-0.0000	8.9974	0.9979	7.9196	4.0614	0.0000	0.0000	0.0000	0.0000	0.0000	0.0000	0.0000	0.0000	0.0000	0.0000	0.0000	0.0000	0.0000	0.0000	0.0000	0.0000	0.0000	0.0000	0.0591	0.0516	0.0074	0.0101	0.0095	0.0006	0.0490	0.0421	0.0069	0.0948	0.0602	0.0345	0.0277	0.0252	0.0024	0.0671	0.0350	0.0321	0.0000	0.0000	0.0000	0.0000	0.0000	0.0000	0.0000	0.0000	0.0000	0.0001	0.0002	0.0000	0.0005	0.0005	0.0001	0.0000	0.0000	0.0000	
5	60	0.2618	19	0	1	1	1	0	0	0	0	N	N	N	N	N	N	N	N	N	N	N	N	0.0000	0.0000	0.0000	0.0000	0.0000	0.0000	0.0000	0.0000	0.0000	0.0000	0.0000	0.0000	0.0000	0.0000	0.0000	0.0000	0.0000	0.0000	0.0001	0.0001	0.0001	0.0002	0.0002	0.0000	0.0001	0.0000	0.0001	0.9057	0.0000	-0.0000	8.9974	2.2356	7.9196	2.2044	0.0000	0.0000	0.0000	0.0000	0.0000	0.0000	0.0000	0.0000	0.0000	0.0000	0.0000	0.0000	0.0000	0.0000	0.0000	0.0000	0.0000	0.0000	0.1357	0.1187	0.0170	0.0256	0.0243	0.0013	0.1101	0.0944	0.0157	0.0805	0.0503	0.0302	0.0223	0.0203	0.0020	0.0582	0.0300	0.0283	0.0000	0.0000	0.0000	0.0000	0.0000	0.0000	0.0000	0.0000	0.0000	0.0001	0.0001	0.0001	0.0002	0.0002	0.0000	0.0001	0.0000	0.0001	
5	61	0.2412	17	1	0	2	1	0	0	0	0	N	N	Y	N	N	N	N	N	N	N	N	N	0.0000	0.0000	0.0000	0.0000	0.0000	0.0000	0.0000	0.0000	0.0000	0.0000	0.0000	0.0000	0.0000	0.0000	0.0000	0.0000	0.0000	0.0000	0.0001	0.0002	0.0000	0.0003	0.0003	0.0000	0.0001	0.0002	0.0000	0.0028	0.0000	-0.0000	8.9974	2.0703	7.9196	7.0012	0.0000	0.0000	0.0000	0.0000	0.0000	0.0000	0.0000	0.0000	0.0000	0.0000	0.0000	0.0000	0.0000	0.0000	0.0000	0.0000	0.0000	0.0000	0.1309	0.1146	0.0163	0.0222	0.0213	0.0009	0.1087	0.0934	0.0153	0.1583	0.0933	0.0650	0.0332	0.0296	0.0036	0.1251	0.0637	0.0614	0.0000	0.0000	0.0000	0.0000	0.0000	0.0000	0.0000	0.0000	0.0000	0.0001	0.0002	0.0000	0.0003	0.0003	0.0000	0.0001	0.0002	0.0000	
5	62	0.2396	16	0	0	1	1	0	0	0	0	N	N	N	N	N	N	N	N	N	N	N	N	0.0000	0.0000	0.0000	0.0000	0.0000	0.0000	0.0000	0.0000	0.0000	0.0000	0.0000	0.0000	0.0000	0.0000	0.0000	0.0000	0.0000	0.0006	0.0000	0.0014	0.0000	0.0000	0.0000	0.0007	0.0000	0.0015	121.9932	0.0000	0.0000	8.9974	0.9285	7.9196	0.0280	0.0000	0.0000	0.0000	0.0000	0.0000	0.0000	0.0000	0.0000	0.0000	0.0000	0.0000	0.0000	0.0000	0.0000	0.0000	0.0000	0.0000	0.0000	0.0572	0.0501	0.0072	0.0089	0.0085	0.0004	0.0483	0.0416	0.0067	0.0177	0.0104	0.0073	0.0039	0.0035	0.0004	0.0138	0.0070	0.0069	0.0000	0.0000	0.0000	0.0000	0.0000	0.0000	0.0000	0.0000	0.0000	0.0006	0.0000	0.0014	0.0000	0.0000	0.0000	0.0007	0.0000	0.0015		
5	63	0.2018	11	1	1	1	1	0	0	0	0	N	N	N	N	N	N	N	N	N	N	N	N	0.0009	0.0000	13.2367	0.0002	0.0000	inf	0.2244	0.0000	12.2460	0.0000	0.0000	0.0000	0.0000	0.0000	0.0000	0.0000	0.0000	0.0000	0.0003	0.0004	0.0000	0.0011	0.0012	0.0000	0.0000	0.0000	0.0000	inf	0.0002	0.0000	-0.0000	8.9974	1.0023	7.9196	3.0135	0.0000	0.0000	0.0000	0.0000	0.0000	0.0000	0.0000	0.0000	0.0000	0.0000	0.0000	0.0000	0.0000	0.0000	0.0000	0.0000	0.0000	0.0000	0.0619	0.0540	0.0080	0.0078	0.0073	0.0005	0.0542	0.0467	0.0075	0.0751	0.0454	0.0296	0.0173	0.0158	0.0015	0.0578	0.0296	0.0281	0.0009	0.0000	13.2367	0.0002	0.0000	inf	0.2244	0.0000	12.2460	0.0003	0.0004	0.0000	0.0011	0.0012	0.0000	0.0000	0.0000	0.0000
5	64	0.1754	10	1	1	1	1	0	0	0	0	N	N	N	N	N	N	N	N	N	N	N	N	0.4444	0.0003	2.6673	0.1177	0.0002	49.0004	0.8166	inf	2.8612	0.0000	0.0000	0.0003	0.0000	0.0000	0.0002	0.0000	0.0000	0.0004	0.0001	0.0001	0.0001	0.0002	0.0003	0.0000	0.0001	0.0000	0.0001	2355.2049	0.9955	0.0000	-0.0000	8.9974	3.0820	7.9196	9.3392	0.0000	0.0000	0.0000	0.0000	0.0000	0.0000	0.0000	0.0000	0.0000	0.0000	0.0000	0.0000	0.0000	0.0000	0.0000	0.0000	0.0000	0.0000	0.2334	0.2017	0.0316	0.0702	0.0613	0.0089	0.1631	0.1404	0.0227	0.2148	0.1277	0.0872	0.0444	0.0404	0.0040	0.1704	0.0873	0.0831	0.4444	0.0003	2.6673	0.1177	0.0002	49.0004	0.8166	inf	2.8612	0.0001	0.0001	0.0001	0.0002	0.0003	0.0000	0.0001	0.0000	0.0001
5	65	0.2618	19	0	1	1	1	0	0	0	0	N	N	N	N	N	N	N	N	N	N	N	N	0.0000	0.0000	0.0000	0.0000	0.0000	0.0000	0.0000	0.0000	0.0000	0.0000	0.0000	0.0000	0.0000	0.0000	0.0000	0.0004	0.0000	0.0009	0.0000	0.0000	0.0000	0.0005	0.0000	0.0010	inf	0.0000	0.0000	8.9974	1.7946	7.9196	5.9592	0.0000	0.0000	0.0000	0.0000	0.0000	0.0000	0.0000	0.0000	0.0000	0.0000	0.0000	0.0000	0.0000	0.0000	0.0000	0.0000	0.0000	0.0000	0.1106	0.0968	0.0138	0.0213	0.0203	0.0011	0.0893	0.0765	0.0127	0.1314	0.0803	0.0511	0.0347	0.0313	0.0034	0.0967	0.0490	0.0477	0.0000	0.0000	0.0000	0.0000	0.0000	0.0000	0.0000	0.0000	0.0000	0.0004	0.0000	0.0009	0.0000	0.0000	0.0000	0.0005	0.0000	0.0010				
5	66	0.2550	18	0	1	1	1	0	0	0	0	N	N	N	N	N	N	N	N	N	N	N	N	37.4576	91.3216	0.0000	175.6080	166.5253	0.0000	0.0000	0.0000	0.0031	0.0035	0.0000	0.0153	0.0161	0.0000	0.0000	0.0000	0.0000	0.0001	0.0000	0.0001	0.0001	0.0001	0.0000	0.0001	0.0000	0.0002	0.0000	2.5947	-0.0001	0.0000	8.9974	1.3569	7.9196	2.0560	0.0003	0.0003	0.0000	0.0003	0.0003	0.0000	0.0000	0.0000	0.0000	0.0000	0.0000	0.0000	0.0000	0.0000	0.0000	0.0000	0.0000	0.0000	0.0906	0.0791	0.0114	0.0183	0.0174	0.0008	0.0723	0.0617	0.0106	0.0613	0.0363	0.0250	0.0161	0.0146	0.0015	0.0452	0.0217	0.0235	37.4576	91.3216	0.0000	175.6080	166.5253	0.0000	0.0000	0.0000	0.0000	0.0001	0.0000	0.0001	0.0001	0.0001	0.0000	0.0001	0.0000	0.0002	
5	67	0.2416	17	0	1	1	1	0	0	0	0	N	N	N	N	N	N	N	N	N	N	N	N	0.6322	0.2751	1.9793	0.0000	0.0000	0.5558	0.1998	2.0373	0.0009	0.0000	0.0071	0.0000	0.0000	0.0000	0.0011	0.0000	0.0079	0.0015	0.0001	0.0036	0.0000	0.0000	0.0000	0.0021	0.0002	0.0039	28.0000	16.9684	0.0002	0.0001	8.9974	4.9477	7.9196	2.0153	0.0003	0.0000	0.0003	0.0000	0.0000	0.0000	0.0003	0.0000	0.0003	0.0002	0.0000	0.0002	0.0000	0.0000	0.0000	0.0002	0.0000	0.0002	0.3120	0.2726	0.0394	0.0582	0.0543	0.0038	0.2539	0.2183	0.0355	0.1225	0.0752	0.0473	0.0349	0.0315	0.0033	0.0876	0.0436	0.0440	0.6322	0.2751	1.9793	0.0000	0.0000	0.0000	0.5558	0.1998	2.0373	0.0015	0.0001	0.0036	0.0000	0.0000	0.0000	0.0021	0.0002	0.0039	
5	68	0.1084	3	0	0	2	1	0	0	0	0	N	N	Y	N	N	N	N	N	N	N	N	N	0.0000	0.0000	0.0000	0.0000	0.0000	0.0000	0.0000	0.0000	0.0000	0.0000	0.0000	0.0000	0.0000	0.0004	0.0007	0.0000	0.0021	0.0025	0.0000	0.0000	0.0000	0.0000	0.0000	0.0000	-0.0000	8.9974	0.0000	7.9196	4.0001	0.0000	0.0000	0.0000	0.0000	0.0000	0.0000	0.0000	0.0000	0.0000	0.0000	0.0000	0.0000	0.0000	0.0000	0.0000	0.0000	0.0000	0.0000	0.0000	0.0000	0.0000	0.0000	0.0000	0.0000	0.0000	0.0000	0.0000	0.0750	0.0410	0.0339	0.0128	0.0108	0.0019	0.0622	0.0302	0.0320	0.0000	0.0000	0.0000	0.0000	0.0000	0.0000	0.0000	0.0000	0.0000	0.0004	0.0007	0.0000	0.0021	0.0025	0.0000	0.0000	0.0000	0.0000						
5	69	0.0861	2	0	0	1	1	0	0	0	0	N	N	N	N	N	N	N	N	N	N	N	N	0.0006	0.0403	0.0000	0.0146	0.0156	0.0000	0.0004	54.4951	0.0000	0.0000	0.0000	0.0000	0.0000	0.0000	0.0000	0.0000	0.0000	0.0000	0.0581	0.0010	0.1276	0.0023	0.0024	0.0014	0.0763	0.0000	0.1341	0.0000	107.9464	-0.0000	0.0083	8.9974	2.8240	7.9196	8.9883	0.0000	0.0000	0.0000	0.0000	0.0000	0.0000	0.0000	0.0000	0.0000	0.0185	0.0002	0.0183	0.0002	0.0002	0.0000	0.0183	0.0000	0.0183	0.2421	0.2097	0.0325	0.0583	0.0524	0.0059	0.1838	0.1573	0.0266	0.3183	0.1747	0.1435	0.0783	0.0713	0.0070	0.2400	0.1035	0.1366	0.0006	0.0403	0.0000	0.0146	0.0156	0.0000	0.0004	54.4951	0.0000	0.0581	0.0010	0.1276	0.0023	0.0024	0.0014	0.0763	0.0000	0.1341
5	73	0.1666	9	0	0	1	1	0	0	0	0	N	N	N	N	N	N	N	N	N	N	N	N	1.2053	0.8073	0.1830	0.1877	2492.1510	1831.3361	0.0000	0.0000	0.0000	0.0000	0.0000	0.0000	0.0000	0.0000	0.0000	0.0000	0.0000	0.0000	0.0001	0.0002	0.0000	0.0000	0.0000	0.0000	0.0000	0.0001	-0.0000	-0.0000	8.9974	4.0673	7.9196	17.8409	0.0000	0.0000	0.0000	0.0000	0.0000	0.0000	0.0000	0.0000	0.0000	0.0000	0.0000	0.0000	0.0000	0.0000	0.0000	0.0000	0.0000	0.0000	0.2884	0.2496	0.0387	0.0772	0.0677	0.0094	0.2112	0.1819	0.0293	0.3468	0.2011	0.1457	0.0711	0.0639	0.0071	0.2757	0.1371	0.1386	1.2053	0.8073	0.0000	0.1830	0.1877	0.0000	2492.1510	1831.3361	0.0000	0.0000	0.0000	0.0000	0.0001	0.0002	0.0000	0.0000	0.0000	0.0000			
5	75	0.3033	13	0	0	1	1	0	0	0	0	N	N	N	N	N	N	N	N	N	N	N	N	0.0051	0.0079	0.0000	0.0137	0.0132	0.0000	0.0000	0.0000	0.0000	0.0066	0.0074	0.0000	0.0184	0.0196	0.0000	0.0000	0.0000	0.0000	1.2890	0.9364	2.0357	1.3443	1.4785	0.3970	1.2404	0.0950	2.3854	0.0000	1.0267	-0.0009	-0.0618	8.9974	3.5843	7.9196	46.7516	0.0023	0.0023	0.0000	0.0023	0.0023	0.0000	0.0000	0.0000	0.0000	1.6982	0.8379	0.8603	0.8281	0.8046	0.0235	0.8701	0.0333	0.8368	0.3474	0.3078	0.0396	0.1239	0.1165	0.0074	0.2234	0.1912	0.0322	1.3175	0.8948	0.4226	0.6160	0.5442	0.0718	0.7015	0.3507	0.3508	0.0051	0.0079	0.0000	0.0137	0.0132	0.0000	0.0000	0.0000	0.0000	1.2890	0.9364	2.0357	1.3443	1.4785	0.3272	1.2404	0.0950	2.3854
5	76	0.2685	19	1	1	2	1	0	0	0	0	N	N	Y	N	N	N	N	N	N	N	N	N	0.0000	0.0000	0.0000	0.0000	0.0000	0.0000	0.0000	0.0000	0.0000	0.0000	0.0000	0.0000	0.0000	0.0000	0.0000	0.0000	0.0000	0.0000	0.0000	0.0000	0.0000	0.0000	0.0000	0.0000	0.0000	2.4909	0.0000	0.0000	8.9974	1.0003	7.9196	1.0071	0.0000	0.0000	0.0000	0.0000	0.0000	0.0000	0.0000	0.0000	0.0000	0.0000	0.0000	0.0000	0.0000	0.0000	0.0000	0.0000	0.0000	0.0000	0.0587	0.0512	0.0074	0.0092	0.0087	0.0005	0.0495	0.0425	0.0070	0.0358	0.0216	0.0142	0.0094	0.0085	0.0009	0.0264	0.0131	0.0132	0.0000	0.0000	0.0000	0.0000	0.0000	0.0000	0.0000	0.0000	0.0000	0.0000	0.0000	0.0000	0.0000	0.0000	0.0000	0.0000	0.0000	0.0000			
5	77	0.2617	18	1	0	2	1	0	0	0	0	N	N	Y	N	N	N	N	N	N	N	N	N	0.0000	0.0000	0.0000	0.0000	0.0000	0.0000	0.0000	0.0000	0.0000	0.0000	0.0000	0.0000	0.0000	0.0000	0.0000	0.0000	0.0000	0.0003	0.0001	0.0010	0.0001	0.0001	0.0000	0.0004	0.0000	0.0010	6.3884	0.0000	0.0000	8.9974	0.9901	7.9196	2.2068	0.0000	0.0000	0.0000	0.0000	0.0000	0.0000	0.0000	0.0000	0.0000	0.0000	0.0000	0.0000	0.0000	0.0000	0.0000	0.0000	0.0000	0.0000	0.0591	0.0516	0.0075	0.0094	0.0089	0.0005	0.0497	0.0427	0.0070	0.1598	0.1171	0.0427	0.0661	0.0645	0.0016	0.0937	0.0526	0.0411	0.0000	0.0000	0.0000	0.0000	0.0000	0.0000	0.0000	0.0000	0.0000	0.0003	0.0001	0.0010	0.0001	0.0001	0.0000	0.0004	0.0000	0.0010		
5	78	0.1841	10	0	1	1	1	0	0	0	0	N	N	N	N	N	N	N	N	N	N	N	N	0.1021	0.0843	0.0000	0.0792	0.0808	0.0000	0.2901	inf	0.0000	0.0000	0.0000	0.0000	0.0000	0.0000	0.0000	0.0000	0.0000	0.0000	0.0002	0.0002	0.0001	0.0005	0.0006	0.0000	0.0000	0.0000	0.0001	0.0000	0.1464	-0.0000	-0.0000	8.9974	8.4371	7.9196	15.3349	0.0000	0.0000	0.0000	0.0000	0.0000	0.0000	0.0000	0.0000	0.0000	0.0001	0.0001	0.0000	0.0001	0.0001	0.0000	0.0000	0.0000	0.0000	0.5877	0.5120	0.0757	0.1535	0.1377	0.0158	0.4342	0.3743	0.0599	0.4604	0.2888	0.1716	0.1297	0.1187	0.0110	0.3307	0.1701	0.1606	0.1021	0.0843	0.0000	0.0792	0.0808	0.0000	0.2901	inf	0.0000	0.0002	0.0002	0.0001	0.0005	0.0006	0.0000	0.0000	0.0000	0.0001
5	79	0.2617	18	1	0	2	1	0	0	0	0	N	N	Y	N	N	N	N	N	N	N	N	N	0.0000	0.0000	0.0000	0.0000	0.0000	0.0000	0.0000	0.0000	0.0000	0.0000	0.0000	0.0000	0.0000	0.0000	0.0000	0.0000	0.0003	0.0002	0.0005	0.0004	0.0004	0.0000	0.0003	0.0000	0.0005	1.1335	0.0000	-0.0000	8.9974	3.0096	7.9196	5.7427	0.0000	0.0000	0.0000	0.0000	0.0000	0.0000	0.0000	0.0000	0.0000	0.0001	0.0000	0.0000	0.0000	0.0000	0.0000	0.0000	0.0000	0.0000	0.1760	0.1537	0.0223	0.0272	0.0259	0.0014	0.1487	0.1278	0.0209	0.2487	0.1692	0.0795	0.0873	0.0830	0.0043	0.1614	0.0862	0.0752	0.0000	0.0000	0.0000	0.0000	0.0000	0.0000	0.0000	0.0000	0.0000	0.0003	0.0002	0.0005	0.0004	0.0004	0.0000	0.0003	0.0000	0.0005			
5	80	0.2461	17	1	0	2	1	0	0	0	0	N	N	Y	N	N	N	N	N	N	N	N	N	0.0000	0.0000	0.0000	0.0000	0.0000	0.0000	0.0000	0.0000	0.0000	0.0000	0.0000	0.0000	0.0000	0.0000	0.0000	0.0000	0.0000	0.0003	0.0004	0.0002	0.0009	0.0009	0.0000	0.0001	0.0000	0.0002	0.2666	0.0000	-0.0000	8.9974	1.0477	7.9196	6.1154	0.0000	0.0000	0.0000	0.0000	0.0000	0.0000	0.0000	0.0000	0.0000	0.0000	0.0000	0.0000	0.0000	0.0000	0.0000	0.0000	0.0000	0.0000	0.0695	0.0611	0.0084	0.0133	0.0128	0.0005	0.0562	0.0483	0.0079	0.1457	0.0893	0.0564	0.0392	0.0360	0.0032	0.1064	0.0533	0.0532	0.0000	0.0000	0.0000	0.0000	0.0000	0.0000	0.0000	0.0000	0.0000	0.0003	0.0004	0.0002	0.0009	0.0009	0.0000	0.0001	0.0000	0.0002		
5	81	0.2396	16	0	0	1	1	0	0	0	0	N	N	N	N	N	N	N	N	N	N	N	N	0.0000	0.0000	0.0000	0.0000	0.0000	0.0000	0.0000	0.0000	0.0000	0.0000	0.0000	0.0000	0.0000	0.0000	0.0000	0.0000	0.0000	0.0006	0.0000	0.0014	0.0000	0.0000	0.0000	0.0007	0.0000	0.0014	89.8706	0.0000	0.0000	8.9974	1.9794	7.9196	1.0196	0.0000	0.0000	0.0000	0.0000	0.0000	0.0000	0.0000	0.0000	0.0000	0.0000	0.0000	0.0000	0.0000	0.0000	0.0000	0.0000	0.0000	0.0000	0.1201	0.1051	0.0150	0.0183	0.0174	0.0009	0.1019	0.0877	0.0142	0.0537	0.0316	0.0221	0.0113	0.0101	0.0012	0.0424	0.0215	0.0209	0.0000	0.0000	0.0000	0.0000	0.0000	0.0000	0.0000	0.0000	0.0000	0.0006	0.0000	0.0014	0.0000	0.0000	0.0000	0.0007	0.0000	0.0014		
5	82	0.2375	15	0	0	1	1	0	0	0	0	N	N	N	N	N	N	N	N	N	N	N	N	712.9315	578.4621	0.0000	1928.7808	1832.7715	0.0000	0.0000	0.0000	0.0003	0.0004	0.0000	0.0024	0.0026	0.0000	0.0000	0.0000	0.0000	0.0000	0.0000	0.0000	0.0000	0.0000	0.0000	0.0000	0.0000	0.0000	0.0000	0.2027	-0.0000	-0.0000	8.9974	1.0114	7.9196	0.0202	0.0000	0.0000	0.0000	0.0000	0.0000	0.0000	0.0000	0.0000	0.0000	0.0000	0.0000	0.0000	0.0000	0.0000	0.0000	0.0000	0.0000	0.0000	0.0617	0.0538	0.0078	0.0082	0.0078	0.0004	0.0534	0.0460	0.0074	0.0196	0.0115	0.0080	0.0043	0.0039	0.0004	0.0153	0.0077	0.0076	712.9315	578.4621	0.0000	1928.7808	1832.7715	0.0000	0.0000	0.0000	0.0000	0.0000	0.0000	0.0000	0.0000	0.0000	0.0000	0.0000	0.0000	0.0000	
5	83	0.2169	14	0	0	1	1	0	0	0	0	N	N	N	N	N	N	N	N	N	N	N	N	1159.3167	802.3042	0.0000	1744.3293	1665.1118	0.0000	0.0156	41.0912	0.0000	2.6343	3.0048	0.0000	16.7110	17.4875	0.0000	0.0000	0.0000	0.0000	0.0023	0.0037	0.0001	0.0096	0.0105	0.0000	0.0001	0.0000	0.0001	0.0000	0.0234	-0.3747	-0.0002	8.9974	5.9223	7.9196	3.6882	0.9834	0.9834	0.0000	0.9834	0.9834	0.0000	0.0000	0.0000	0.0000	0.0004	0.0004	0.0000	0.0004	0.0004	0.0000	0.0000	0.0000	0.0000	0.3733	0.3273	0.0460	0.0588	0.0562	0.0026	0.3145	0.2710	0.0434	0.1846	0.1095	0.0752	0.0428	0.0390	0.0038	0.1419	0.0704	0.0714	1159.3167	802.3042	0.0000	1744.3293	1665.1118	0.0000	0.0156	41.0912	0.0000	0.0023	0.0037	0.0001	0.0096	0.0105	0.0000	0.0001	0.0000	0.0001
5	84	0.2040	12	0	1	1	1	0	0	0	0	N	N	N	N	N	N	N	N	N	N	N	N	16.0743	6344.3212	0.0000	0.1589	0.1454	0.0000	13.6818	463836.4105	0.0000	2.2986	2.6319	0.0000	0.0001	0.0001	0.0000	2.7801	3.2269	0.0000	0.1430	0.0004	0.3616	0.0008	0.0010	0.0000	0.2032	0.0000	0.4076	0.0000	568.5196	-0.3810	0.0428	8.9974	7.1084	7.9196	28.8937	0.9999	0.9999	0.0000	0.0000	0.0000	0.0000	0.9999	0.9999	0.0000	0.0941	0.0002	0.0939	0.0002	0.0002	0.0000	0.0939	0.0000	0.0939	0.4350	0.3799	0.0551	0.0754	0.0701	0.0053	0.3597	0.3099	0.0498	0.6577	0.3981	0.2596	0.1957	0.1664	0.0293	0.4620	0.2317	0.2303	16.0743	6344.3212	0.0000	0.1589	0.1454	0.0000	13.6818	463836.4105	0.0000	0.1430	0.0004	0.3616	0.0008	0.0010	0.0000	0.2032	0.0000	0.4076
5	85	0.1965	11	0	1	1	1	0	0	0	0	N	N	N	N	N	N	N	N	N	N	N	N	0.1383	0.1670	0.0000	0.0003	0.0003	0.0327	0.3865	2.3645	0.0000	0.0005	0.0006	0.0000	0.0000	0.0000	0.0000	0.0009	0.0010	0.0000	0.0035	0.0033	0.0039	0.0053	0.0058	0.0000	0.0023	0.0004	0.0044	0.0000	0.5454	-0.0000	-0.0001	8.9974	2.2208	7.9196	3.9129	0.0001	0.0001	0.0000	0.0000	0.0000	0.0000	0.0001	0.0001	0.0000	0.0007	0.0005	0.0003	0.0004	0.0004	0.0000	0.0003	0.0000	0.0003	0.2324	0.2028	0.0296	0.1060	0.0936	0.0124	0.1264	0.1091	0.0173	0.2081	0.1418	0.0662	0.0839	0.0763	0.0076	0.1242	0.0656	0.0586	0.1383	0.1670	0.0000	0.0003	0.0003	0.0327	0.3865	2.3645	0.0000	0.0035	0.0033	0.0039	0.0053	0.0058	0.0000	0.0023	0.0004	0.0044
5	86	0.2720	13	0	0	2	1	0	0	0	0	N	N	Y	N	N	N	N	N	N	N	N	N	118.1825	80.9366	0.0000	0.0027	0.0024	0.0000	420.8907	240.5602	0.0000	2.7196	3.0799	0.0000	0.0001	0.0001	0.0000	3.3711	3.8962	0.0000	0.0230	0.0381	0.0006	0.0533	0.0624	0.0000	0.0080	0.0162	0.0007	0.0000	0.0111	-0.3809	-0.0028	8.9974	5.3425	7.9196	7.0749	0.9996	0.9996	0.0000	0.0000	0.0000	0.0000	0.9996	0.9996	0.0000	0.0053	0.0052	0.0001	0.0040	0.0040	0.0000	0.0012	0.0012	0.0001	0.3676	0.3246	0.0430	0.0710	0.0680	0.0030	0.2965	0.2566	0.0400	0.2293	0.1372	0.0922	0.0760	0.0649	0.0111	0.1533	0.0722	0.0811	118.1825	80.9366	0.0000	0.0027	0.0024	0.0000	420.8907	240.5602	0.0000	0.0230	0.0381	0.0006	0.0533	0.0624	0.0000	0.0080	0.0162	0.0007
5	87	0.2288	12	0	0	1	1	0	0	0	0	N	N	N	N	N	N	N	N	N	N	N	N	0.0036	0.0029	0.0000	0.0156	0.0153	0.0001	0.0029	0.0016	0.0000	0.0008	0.0009	0.0000	0.0004	0.0004	0.0000	0.0010	0.0011	0.0000	0.2196	0.3147	0.0395	0.0228	0.0253	0.0018	0.3434	0.7079	0.0446	0.0000	0.0662	-0.0002	-0.0550	8.9974	7.0719	7.9196	13.7350	0.0004	0.0004	0.0000	0.0001	0.0001	0.0000	0.0004	0.0004	0.0000	0.1144	0.1073	0.0071	0.0046	0.0045	0.0000	0.1098	0.1028	0.0071	0.5491	0.4836	0.0655	0.1628	0.1491	0.0137	0.3863	0.3345	0.0517	0.5210	0.3410	0.1800	0.2011	0.1797	0.0214	0.3198	0.1613	0.1586	0.0036	0.0029	0.0000	0.0156	0.0153	0.0001	0.0029	0.0018	0.0000	0.2196	0.3147	0.0395	0.0228	0.0253	0.0018	0.3434	0.6372	0.0446
5	88	0.2720	20	1	0	2	1	0	0	0	0	N	N	Y	N	N	N	N	N	N	N	N	N	0.0000	0.0000	0.0000	0.0000	0.0000	0.0000	0.0000	0.0000	0.0000	0.0000	0.0000	0.0000	0.0000	0.0000	0.0000	0.0000	0.0000	0.0000	0.0000	0.0000	8.9974	0.0000	7.9196	0.0000	0.0000	0.0000	0.0000	0.0000	0.0000	0.0000	0.0000	0.0000	0.0000	0.0000	0.0000	0.0000	0.0000	0.0000	0.0000	0.0000	0.0000	0.0000	0.0000	0.0000	0.0000	0.0000	0.0000	0.0000	0.0000	0.0000	0.0000	0.0000	0.0000	0.0000	0.0000	0.0000	0.0000	0.0000	0.0000	0.0000	0.0000	0.0000	0.0000	0.0000	0.0000	0.0000	0.0000	0.0000	0.0000	0.0000	0.0000	0.0000	0.0000	0.0000	0.0000	0.0000	0.0000	0.0000											
5	89	0.2701	19	1	0	2	1	0	0	0	0	N	N	Y	N	N	N	N	N	N	N	N	N	0.0000	0.0000	0.0000	0.0000	0.0000	0.0000	0.0000	0.0000	0.0000	0.0000	0.0000	0.0000	0.0000	0.0000	0.0000	0.0000	0.0000	0.0000	0.0000	0.0000	0.0002	0.0000	0.0000	0.0000	inf	0.0000	0.0000	8.9974	0.0001	7.9196	0.9161	0.0000	0.0000	0.0000	0.0000	0.0000	0.0000	0.0000	0.0000	0.0000	0.0000	0.0000	0.0000	0.0000	0.0000	0.0000	0.0000	0.0000	0.0000	0.0000	0.0000	0.0000	0.0000	0.0000	0.0000	0.0000	0.0000	0.0000	0.0298	0.0203	0.0095	0.0114	0.0109	0.0005	0.0184	0.0093	0.0091	0.0000	0.0000	0.0000	0.0000	0.0000	0.0000	0.0000	0.0000	0.0000	0.0000	0.0000	0.0000	0.0000	0.0000	0.0002	0.0000	0.0000	0.0000				
5	90	0.2453	18	1	0	2	1	0	0	0	0	N	N	Y	N	N	N	N	N	N	N	N	N	0.0000	0.0000	0.0000	0.0000	0.0000	0.0000	0.0000	0.0000	0.0000	0.0000	0.0000	0.0000	0.0000	0.0000	0.0000	0.0000	0.0001	0.0002	0.0000	0.0003	0.0004	0.0000	0.0000	0.0000	0.0000	0.0002	0.0000	-0.0000	8.9974	3.7876	7.9196	7.8440	0.0000	0.0000	0.0000	0.0000	0.0000	0.0000	0.0000	0.0000	0.0000	0.0000	0.0000	0.0000	0.0000	0.0000	0.0000	0.0000	0.0000	0.0000	0.2434	0.2141	0.0294	0.0530	0.0499	0.0031	0.1905	0.1642	0.0263	0.2049	0.1266	0.0784	0.0594	0.0539	0.0055	0.1455	0.0726	0.0729	0.0000	0.0000	0.0000	0.0000	0.0000	0.0000	0.0000	0.0000	0.0000	0.0001	0.0002	0.0000	0.0003	0.0004	0.0000	0.0000	0.0000	0.0000			
5	91	0.1561	8	0	1	1	2	0	0	0	0	N	N	N	Y	N	N	N	N	N	N	N	N	0.0000	0.1250	0.0000	0.0002	0.0002	0.0000	0.0000	35.8171	0.0000	0.0001	0.0001	0.0000	0.0000	0.0000	0.0000	0.0001	0.0001	0.0000	3.0990	0.0005	7.3501	0.0016	0.0015	0.0038	3.9070	0.0000	7.6486	0.0000	11167.7453	-0.0000	0.4568	8.9974	1.8247	7.9196	16.3284	0.0000	0.0000	0.0000	0.0000	0.0000	0.0000	0.0000	0.0000	0.0000	0.9997	0.0001	0.9996	0.0001	0.0001	0.0000	0.9996	0.0000	0.9996	0.1559	0.1338	0.0221	0.0589	0.0504	0.0085	0.0970	0.0834	0.0136	0.3226	0.1866	0.1360	0.0667	0.0614	0.0053	0.2559	0.1252	0.1307	0.0000	0.1250	0.0000	0.0002	0.0002	0.0000	0.0000	35.8171	0.0000	3.0990	0.0005	7.3501	0.0016	0.0015	0.0038	3.9070	0.0000	7.6486
5	92	0.1666	9	0	1	1	1	0	0	0	0	N	N	N	N	N	N	N	N	N	N	N	N	0.1344	0.0896	0.1352	0.1347	0.0000	0.0000	0.0000	0.0000	0.0000	0.0000	0.0000	0.0000	0.0000	0.0000	0.0000	0.0000	0.0000	0.0000	0.0001	0.0001	0.0000	0.0000	0.0000	0.0000	0.0000	0.0001	-0.0000	-0.0000	8.9974	9.1310	7.9196	16.1726	0.0000	0.0000	0.0000	0.0000	0.0000	0.0000	0.0000	0.0000	0.0000	0.0000	0.0000	0.0000	0.0000	0.0000	0.0000	0.0000	0.0000	0.0000	0.5758	0.5009	0.0749	0.1164	0.1049	0.0115	0.4594	0.3960	0.0634	0.3935	0.2281	0.1655	0.0800	0.0718	0.0081	0.3136	0.1562	0.1573	0.1344	0.0896	0.0000	0.1352	0.1347	0.0000	0.0000	0.0000	0.0000	0.0000	0.0000	0.0000	0.0001	0.0001	0.0000	0.0000	0.0000	0.0000			
5	93	0.1231	7	0	1	1	1	0	0	0	0	N	N	N	N	N	N	N	N	N	N	N	N	0.0000	0.0000	0.0000	0.0000	0.0000	0.0000	0.0000	0.0000	0.0000	0.0000	0.0000	0.0000	0.0000	0.0000	0.0000	0.0000	0.0308	0.0504	0.0001	0.1075	0.1213	0.0000	0.0000	0.0000	0.0001	0.0000	0.0010	-0.0000	-0.0050	8.9974	4.0959	7.9196	8.7137	0.0000	0.0000	0.0000	0.0000	0.0000	0.0000	0.0000	0.0000	0.0000	0.0092	0.0092	0.0000	0.0092	0.0092	0.0000	0.0000	0.0000	0.0000	0.2694	0.2340	0.0355	0.0252	0.0241	0.0011	0.2443	0.2099	0.0344	0.2976	0.1815	0.1161	0.0851	0.0755	0.0097	0.2125	0.1060	0.1064	0.0000	0.0000	0.0000	0.0000	0.0000	0.0000	0.0000	0.0000	0.0000	0.0308	0.0504	0.0001	0.1075	0.1213	0.0000	0.0000	0.0000	0.0001		
5	94	0.1048	6	0	1	1	1	0	0	0	0	N	N	N	N	N	N	N	N	N	N	N	N	0.0020	0.1075	0.0000	0.4291	0.4060	0.0000	0.0000	0.0000	0.0001	0.0001	0.0000	0.0007	0.0007	0.0000	0.0000	0.0000	0.0000	0.0498	0.0010	0.1165	0.0016	0.0018	0.0000	0.0623	0.0007	0.1216	0.0000	81.4230	-0.0000	0.0041	8.9974	2.9443	7.9196	6.1524	0.0000	0.0000	0.0000	0.0000	0.0000	0.0000	0.0000	0.0000	0.0000	0.0092	0.0001	0.0091	0.0001	0.0001	0.0000	0.0092	0.0001	0.0091	0.2051	0.1776	0.0275	0.0287	0.0277	0.0010	0.1764	0.1499	0.0265	0.1850	0.1068	0.0782	0.0381	0.0348	0.0033	0.1469	0.0720	0.0749	0.0020	0.1075	0.0000	0.4291	0.4060	0.0000	0.0000	0.0000	0.0000	0.0498	0.0010	0.1165	0.0016	0.0018	0.0000	0.0623	0.0007	0.1216	
5	95	0.1024	5	0	0	1	1	0	0	0	0	N	N	N	N	N	N	N	N	N	N	N	N	61.9882	495.2034	0.0000	1580.0489	1595.9667	0.0000	0.0000	0.0000	0.0456	0.0523	0.0000	0.3367	0.3488	0.0000	0.0000	0.0000	0.0000	0.0007	0.0001	0.0019	0.0002	0.0002	0.0000	0.0010	0.0000	0.0020	0.0000	9.7129	-0.0010	0.0000	8.9974	0.8596	7.9196	1.2300	0.0027	0.0027	0.0000	0.0027	0.0027	0.0000	0.0000	0.0000	0.0000	0.0001	0.0000	0.0001	0.0000	0.0000	0.0000	0.0001	0.0000	0.0001	0.0601	0.0524	0.0077	0.0081	0.0079	0.0003	0.0520	0.0446	0.0074	0.0781	0.0508	0.0273	0.0252	0.0245	0.0007	0.0529	0.0263	0.0266	61.9882	495.2034	0.0000	1580.0489	1595.9667	0.0000	0.0000	0.0000	0.0000	0.0007	0.0001	0.0019	0.0002	0.0002	0.0000	0.0010	0.0000	0.0020	
5	98	0.2453	18	0	1	1	1	0	0	0	0	N	N	N	N	N	N	N	N	N	N	N	N	0.0000	0.0000	0.0000	0.0000	0.0000	0.0000	0.0000	0.0000	0.0000	0.0000	0.0000	0.0000	0.0000	0.0000	0.0000	0.0000	0.0000	0.0003	0.0001	0.0006	0.0003	0.0003	0.0000	0.0003	0.0000	0.0006	2.4973	0.0000	0.0000	8.9974	1.3608	7.9196	12.1483	0.0000	0.0000	0.0000	0.0000	0.0000	0.0000	0.0000	0.0000	0.0000	0.0001	0.0000	0.0000	0.0000	0.0000	0.0000	0.0000	0.0000	0.0000	0.1011	0.0896	0.0115	0.0309	0.0291	0.0018	0.0702	0.0605	0.0097	0.2324	0.1430	0.0894	0.0665	0.0601	0.0063	0.1659	0.0828	0.0831	0.0000	0.0000	0.0000	0.0000	0.0000	0.0000	0.0000	0.0000	0.0000	0.0003	0.0001	0.0006	0.0003	0.0003	0.0000	0.0003	0.0000	0.0006		
5	99	0.2416	17	0	0	1	1	0	0	0	0	N	N	N	N	N	N	N	N	N	N	N	N	0.2178	131.0103	0.0000	0.0000	0.0000	0.1960	inf	0.0000	0.0001	0.0001	0.0000	0.0000	0.0000	0.0000	0.0001	0.0001	0.0000	0.0004	0.0000	0.0011	0.0000	0.0000	0.0000	0.0006	0.0000	0.0012	0.0000	823.0224	-0.0000	0.0000	8.9974	1.5300	7.9196	0.7696	0.0000	0.0000	0.0000	0.0000	0.0000	0.0000	0.0000	0.0000	0.0000	0.0000	0.0000	0.0000	0.0000	0.0000	0.0000	0.0000	0.0000	0.0000	0.1136	0.0991	0.0145	0.0280	0.0259	0.0021	0.0856	0.0732	0.0124	0.0497	0.0316	0.0180	0.0160	0.0149	0.0011	0.0337	0.0168	0.0169	0.2178	131.0103	0.0000	0.0000	0.0000	0.0000	0.1960	inf	0.0000	0.0004	0.0000	0.0011	0.0000	0.0000	0.0000	0.0006	0.0000	0.0012	
5	100	0.2328	16	0	0	1	1	0	0	0	0	N	N	N	N	N	N	N	N	N	N	N	N	237361.0193	676969.5561	0.0000	3612.3781	3363.3595	269648.6633	inf	0.0000	0.0646	0.0738	0.0000	0.0009	0.0009	0.0000	0.0755	0.0877	0.0000	0.0000	0.0000	0.0000	0.0000	0.0000	0.0000	0.0000	0.0000	0.0000	0.0000	3.1468	-0.0056	0.0000	8.9974	3.6906	7.9196	1.4800	0.0146	0.0146	0.0000	0.0000	0.0000	0.0000	0.0145	0.0145	0.0000	0.0000	0.0000	0.0000	0.0000	0.0000	0.0000	0.0000	0.0000	0.0000	0.2257	0.1974	0.0283	0.0331	0.0316	0.0016	0.1926	0.1659	0.0267	0.0945	0.0569	0.0377	0.0249	0.0220	0.0028	0.0697	0.0348	0.0348	237361.0193	676969.5561	0.0000	3612.3781	3363.3595	0.0000	269648.6633	inf	0.0000	0.0000	0.0000	0.0000	0.0000	0.0000	0.0000	0.0000	0.0000	0.0000	
5	101	0.2328	15	0	0	1	1	0	0	0	0	N	N	N	N	N	N	N	N	N	N	N	N	2210528.9978	3134481.3410	0.0000	2435985.1705	2319484.6727	2159098.0335	inf	0.0000	1.8448	2.0402	0.0000	2.9854	3.0240	0.0000	1.3348	1.5394	0.0000	0.0000	0.0000	0.0000	0.0000	0.0000	0.0000	0.0000	0.0000	0.0000	0.0000	1.0000	-0.0109	-0.0000	8.9974	0.1361	7.9196	0.4500	0.0287	0.0287	0.0000	0.0143	0.0143	0.0000	0.0143	0.0143	0.0000	0.0000	0.0000	0.0000	0.0000	0.0000	0.0000	0.0000	0.0000	0.0000	0.0156	0.0141	0.0015	0.0048	0.0047	0.0001	0.0107	0.0093	0.0014	0.0156	0.0100	0.0056	0.0055	0.0050	0.0006	0.0100	0.0050	0.0050	2210528.9978	3134481.3410	0.0000	2435985.1705	2319484.6727	0.0000	2159098.0335	inf	0.0000	0.0000	0.0000	0.0000	0.0000	0.0000	0.0000	0.0000	0.0000	0.0000	
5	102	0.2169	14	0	0	1	1	0	0	0	0	N	N	N	N	N	N	N	N	N	N	N	N	49.0944	33.9792	0.0000	31.6979	30.2299	0.0000	1057.0197	inf	0.0000	0.1291	0.1468	0.0000	0.3435	0.3577	0.0000	0.0835	0.0969	0.0000	0.0026	0.0043	0.0001	0.0108	0.0118	0.0000	0.0001	0.0000	0.0002	0.0000	0.0235	-0.0117	-0.0002	8.9974	3.5591	7.9196	4.5341	0.0307	0.0307	0.0000	0.0143	0.0143	0.0000	0.0164	0.0164	0.0000	0.0004	0.0004	0.0000	0.0004	0.0004	0.0000	0.0000	0.0000	0.0000	0.2376	0.2088	0.0287	0.0417	0.0400	0.0017	0.1959	0.1688	0.0271	0.1596	0.0949	0.0647	0.0378	0.0346	0.0032	0.1217	0.0602	0.0615	49.0944	33.9792	0.0000	31.6979	30.2299	0.0000	1057.0197	inf	0.0000	0.0026	0.0043	0.0001	0.0108	0.0118	0.0000	0.0001	0.0000	0.0002
5	103	0.1952	13	0	0	1	1	0	0	0	0	N	N	N	N	N	N	N	N	N	N	N	N	1.1000	0.7655	0.0002	0.8502	0.8973	0.0000	0.0760	inf	0.0003	0.0748	0.0870	0.0000	0.2577	0.2985	0.0000	0.0002	0.0002	0.0000	0.0680	0.1136	0.0046	0.3031	0.3326	0.0000	0.0025	0.0000	0.0048	0.0000	0.0292	-0.0063	-0.0073	8.9974	2.8937	7.9196	8.0733	0.0166	0.0166	0.0000	0.0166	0.0166	0.0000	0.0000	0.0000	0.0000	0.0143	0.0139	0.0004	0.0139	0.0139	0.0000	0.0004	0.0000	0.0004	0.2223	0.1911	0.0312	0.0644	0.0556	0.0088	0.1579	0.1355	0.0224	0.2100	0.1221	0.0880	0.0458	0.0417	0.0041	0.1643	0.0804	0.0839	1.1000	0.7655	0.0002	0.8502	0.8973	0.0000	0.0760	inf	0.0003	0.0680	0.1136	0.0046	0.3031	0.3326	0.0000	0.0025	0.0000	0.0048
5	104	0.1900	9	0	1	1	1	0	0	0	0	N	N	N	N	N	N	N	N	N	N	N	N	0.0017	0.0000	0.0601	0.0000	0.0000	0.0000	0.0279	0.0000	0.0578	0.0000	0.0000	0.0000	0.0000	0.0000	0.0000	0.0000	0.0000	0.0000	0.0012	0.0015	0.0002	0.0027	0.0028	0.0000	0.0001	0.0000	0.0003	inf	0.0549	0.0000	-0.0000	8.9974	0.0277	7.9196	1.3445	0.0000	0.0000	0.0000	0.0000	0.0000	0.0000	0.0000	0.0000	0.0000	0.0001	0.0001	0.0000	0.0001	0.0001	0.0000	0.0000	0.0000	0.0000	0.0030	0.0026	0.0004	0.0010	0.0010	0.0000	0.0020	0.0017	0.0004	0.0589	0.0440	0.0149	0.0241	0.0228	0.0012	0.0348	0.0212	0.0137	0.0017	0.0000	0.0601	0.0000	0.0000	0.0000	0.0279	0.0000	0.0578	0.0012	0.0015	0.0002	0.0027	0.0028	0.0000	0.0001	0.0000	0.0003
5	105	0.1433	8	0	1	1	1	0	0	0	0	N	N	N	N	N	N	N	N	N	N	N	N	0.1490	0.0623	1.2561	0.0002	0.0000	1.8872	0.2980	0.1457	1.3200	0.0001	0.0000	0.0002	0.0000	0.0000	0.0000	0.0001	0.0000	0.0003	0.0004	0.0006	0.0002	0.0011	0.0012	0.0000	0.0003	0.0003	0.0002	0.9912	0.2505	0.0000	-0.0000	8.9974	5.1414	7.9196	16.4151	0.0000	0.0000	0.0000	0.0000	0.0000	0.0000	0.0000	0.0000	0.0000	0.0001	0.0001	0.0000	0.0001	0.0001	0.0000	0.0001	0.0000	0.0000	0.3258	0.2860	0.0399	0.0671	0.0638	0.0033	0.2587	0.2222	0.0366	0.3519	0.2058	0.1461	0.0636	0.0586	0.0051	0.2883	0.1472	0.1410	0.1490	0.0623	1.2561	0.0002	0.0000	1.8872	0.2980	0.1457	1.3200	0.0004	0.0006	0.0002	0.0011	0.0012	0.0000	0.0003	0.0003	0.0002
5	106	0.1351	7	0	0	1	1	0	0	0	0	N	N	N	N	N	N	N	N	N	N	N	N	2.6067	5.4304	0.0022	0.2656	0.2706	0.0000	3.4564	inf	0.0023	0.0018	0.0020	0.0000	0.0002	0.0003	0.0000	0.0021	0.0024	0.0000	0.0007	0.0004	0.0012	0.0009	0.0009	0.0001	0.0006	0.0000	0.0012	0.0002	1.9510	-0.0002	0.0000	8.9974	3.8974	7.9196	1.6364	0.0004	0.0004	0.0000	0.0000	0.0000	0.0000	0.0004	0.0004	0.0000	0.0001	0.0000	0.0001	0.0000	0.0000	0.0000	0.0001	0.0000	0.0001	0.2484	0.2169	0.0314	0.0418	0.0396	0.0022	0.2066	0.1774	0.0292	0.1354	0.0835	0.0519	0.0346	0.0332	0.0013	0.1009	0.0503	0.0506	2.6067	5.4304	0.0022	0.2656	0.2706	0.0000	3.4564	inf	0.0023	0.0007	0.0004	0.0012	0.0009	0.0009	0.0001	0.0006	0.0000	0.0012
5	109	0.2255	14	1	1	1	2	0	0	0	0	N	N	N	Y	N	N	N	N	N	N	N	N	0.0000	0.0000	0.0000	0.0000	0.0000	0.0000	0.0000	0.0000	0.0000	0.0000	0.0000	0.0000	0.0000	0.0000	0.0000	0.0000	0.0000	0.0000	0.0000	0.0000	8.9974	0.0000	7.9196	0.0000	0.0000	0.0000	0.0000	0.0000	0.0000	0.0000	0.0000	0.0000	0.0000	0.0000	0.0000	0.0000	0.0000	0.0000	0.0000	0.0000	0.0000	0.0000	0.0000	0.0000	0.0000	0.0000	0.0000	0.0000	0.0000	0.0000	0.0000	0.0000	0.0000	0.0000	0.0000	0.0000	0.0000	0.0000	0.0000	0.0000	0.0000	0.0000	0.0000	0.0000	0.0000	0.0000	0.0000	0.0000	0.0000	0.0000	0.0000	0.0000	0.0000	0.0000	0.0000	0.0000	0.0000	0.0000											
5	110	0.2106	13	1	1	1	2	0	0	0	0	N	N	N	Y	N	N	N	N	N	N	N	N	0.0000	0.0000	0.0000	0.0000	0.0000	0.0000	0.0000	0.0000	0.0000	0.0000	0.0000	0.0000	0.0000	0.0001	0.0000	0.0002	0.0003	0.0000	0.0025	0.0000	0.0000	0.0000	inf	0.0000	0.0000	8.9974	0.0000	7.9196	7.1240	0.0000	0.0000	0.0000	0.0000	0.0000	0.0000	0.0000	0.0000	0.0000	0.0000	0.0000	0.0000	0.0000	0.0000	0.0000	0.0000	0.0000	0.0000	0.0000	0.0000	0.0000	0.0000	0.0000	0.0000	0.0000	0.0000	0.0000	0.1336	0.0789	0.0547	0.0336	0.0295	0.0041	0.1000	0.0494	0.0507	0.0000	0.0000	0.0000	0.0000	0.0000	0.0000	0.0000	0.0000	0.0000	0.0001	0.0000	0.0002	0.0003	0.0000	0.0025	0.0000	0.0000	0.0000						
5	111	0.2195	15	0	1	1	2	0	0	0	0	N	N	N	Y	N	N	N	N	N	N	N	N	0.0000	0.0000	0.0000	0.0000	0.0000	0.0000	0.0000	0.0000	0.0000	0.0000	0.0000	0.0000	0.0000	0.0000	0.0000	9.9699	0.0000	44.2799	0.0080	0.0000	0.0492	13.9450	0.0000	45.8180	inf	0.0000	0.4152	8.9974	0.0016	7.9196	5.0076	0.0000	0.0000	0.0000	0.0000	0.0000	0.0000	0.0000	0.0000	0.0000	0.9084	0.0000	0.9084	0.0002	0.0000	0.0002	0.9082	0.0000	0.9082	0.0003	0.0003	0.0000	0.0001	0.0001	0.0000	0.0002	0.0002	0.0000	0.0911	0.0545	0.0367	0.0260	0.0218	0.0042	0.0651	0.0327	0.0324	0.0000	0.0000	0.0000	0.0000	0.0000	0.0000	0.0000	0.0000	0.0000	9.9699	0.0000	24.7776	0.0080	0.0000	0.0492	13.9450	0.0000	27.9892				
5	112	0.2127	14	0	1	1	2	0	0	0	0	N	N	N	Y	N	N	N	N	N	N	N	N	0.0000	0.0000	0.0000	0.0000	0.0000	0.0000	0.0000	0.0000	0.0000	0.0000	0.0000	0.0000	0.0000	0.0000	0.0000	0.0000	0.0000	0.0000	0.0060	0.0007	0.0138	0.0000	0.0000	0.0000	0.0085	0.0012	0.0151	13.3331	0.0000	0.0002	8.9974	1.0012	7.9196	2.1373	0.0000	0.0000	0.0000	0.0000	0.0000	0.0000	0.0000	0.0000	0.0000	0.0004	0.0000	0.0004	0.0000	0.0000	0.0000	0.0004	0.0000	0.0004	0.0599	0.0522	0.0077	0.0075	0.0071	0.0005	0.0524	0.0451	0.0073	0.0651	0.0388	0.0263	0.0190	0.0167	0.0023	0.0461	0.0221	0.0240	0.0000	0.0000	0.0000	0.0000	0.0000	0.0000	0.0000	0.0000	0.0000	0.0060	0.0007	0.0138	0.0000	0.0000	0.0000	0.0085	0.0012	0.0151	
5	113	0.2210	14	0	1	1	1	0	0	0	0	N	N	N	N	N	N	N	N	N	N	N	N	0.0000	0.0000	0.0000	0.0000	0.0000	0.0000	0.0000	0.0000	0.0000	0.0000	0.0000	0.0000	0.0000	0.0000	0.0000	0.0000	0.0000	0.0000	0.0000	0.0000	-0.0000	8.9974	0.9705	7.9196	5.0371	0.0000	0.0000	0.0000	0.0000	0.0000	0.0000	0.0000	0.0000	0.0000	0.0000	0.0000	0.0000	0.0000	0.0000	0.0000	0.0000	0.0000	0.0000	0.0688	0.0605	0.0083	0.0140	0.0133	0.0007	0.0547	0.0471	0.0076	0.1111	0.0667	0.0444	0.0285	0.0250	0.0035	0.0826	0.0417	0.0409	0.0000	0.0000	0.0000	0.0000	0.0000	0.0000	0.0000	0.0000	0.0000	0.0000	0.0000	0.0000	0.0000	0.0000	0.0000	0.0000	0.0000	0.0000										
5	114	0.2127	14	0	0	2	2	0	0	0	0	N	N	Y	Y	N	N	N	N	N	N	N	N	0.0000	0.0000	0.0000	0.0000	0.0000	0.0000	0.0000	0.0000	0.0000	0.0000	0.0000	0.0000	0.0000	0.0000	0.0000	0.0000	0.0000	0.0000	0.0000	0.0000	8.9974	0.0000	7.9196	1.1303	0.0000	0.0000	0.0000	0.0000	0.0000	0.0000	0.0000	0.0000	0.0000	0.0000	0.0000	0.0000	0.0000	0.0000	0.0000	0.0000	0.0000	0.0000	0.0000	0.0000	0.0000	0.0000	0.0000	0.0000	0.0000	0.0000	0.0000	0.0292	0.0176	0.0116	0.0097	0.0089	0.0008	0.0195	0.0087	0.0108	0.0000	0.0000	0.0000	0.0000	0.0000	0.0000	0.0000	0.0000	0.0000	0.0000	0.0000	0.0000	0.0000	0.0000	0.0000	0.0000	0.0000	0.0000											
5	115	0.2106	13	0	0	1	2	0	0	0	0	N	N	N	Y	N	N	N	N	N	N	N	N	0.0000	0.0000	0.0000	0.0000	0.0000	0.0000	0.0000	0.0000	0.0000	0.0000	0.0000	0.0000	0.0000	0.0000	0.0000	0.0000	0.0000	0.0000	0.0000	0.0000	0.0000	0.0000	0.0000	0.0000	-0.0000	8.9974	0.0000	7.9196	1.2340	0.0000	0.0000	0.0000	0.0000	0.0000	0.0000	0.0000	0.0000	0.0000	0.0000	0.0000	0.0000	0.0000	0.0000	0.0000	0.0000	0.0000	0.0000	0.0000	0.0000	0.0000	0.0000	0.0000	0.0000	0.0000	0.0000	0.0000	0.0315	0.0190	0.0125	0.0099	0.0092	0.0007	0.0216	0.0098	0.0118	0.0000	0.0000	0.0000	0.0000	0.0000	0.0000	0.0000	0.0000	0.0000	0.0000	0.0000	0.0000	0.0000	0.0000	0.0000	0.0000	0.0000	0.0000						
5	116	0.2181	14	0	0	2	2	0	0	0	0	N	N	Y	Y	N	N	N	N	N	N	N	N	0.0000	inf	0.0000	inf	inf	0.0000	0.0000	0.0000	0.0000	0.0000	0.0000	0.0000	0.0000	0.0000	0.0000	0.0000	0.0397	0.0000	0.1029	0.0000	0.0000	0.0000	0.0546	0.0000	0.1127	0.0000	inf	-0.0000	0.0007	8.9974	0.9725	7.9196	0.9874	0.0000	0.0000	0.0000	0.0000	0.0000	0.0000	0.0000	0.0000	0.0000	0.0015	0.0000	0.0015	0.0000	0.0000	0.0000	0.0015	0.0000	0.0015	0.0645	0.0568	0.0078	0.0116	0.0112	0.0005	0.0529	0.0456	0.0073	0.0375	0.0230	0.0145	0.0103	0.0090	0.0013	0.0272	0.0140	0.0132	0.0000	inf	0.0000	inf	inf	0.0000	0.0000	0.0000	0.0000	0.0397	0.0000	0.1029	0.0000	0.0000	0.0000	0.0546	0.0000	0.1127		
5	117	0.2181	14	0	0	2	2	0	0	0	0	N	N	Y	Y	N	N	N	N	N	N	N	N	0.0000	0.0000	0.0000	0.0000	0.0000	0.0000	0.0000	0.0000	0.0000	0.0000	0.0000	0.0000	0.0000	12.9735	21.4233	0.0000	53.4631	56.5669	0.0000	0.0000	0.0000	0.0000	0.0000	0.0000	-0.0000	-0.5206	8.9974	0.0285	7.9196	4.0215	0.0000	0.0000	0.0000	0.0000	0.0000	0.0000	0.0000	0.0000	0.0000	0.9587	0.9587	0.0000	0.9587	0.9587	0.0000	0.0000	0.0000	0.0000	0.0066	0.0061	0.0005	0.0027	0.0027	0.0000	0.0039	0.0034	0.0005	0.0739	0.0448	0.0291	0.0195	0.0169	0.0026	0.0544	0.0278	0.0266	0.0000	0.0000	0.0000	0.0000	0.0000	0.0000	0.0000	0.0000	0.0000	12.9735	21.4233	0.0000	49.1033	56.5669	0.0000	0.0000	0.0000	0.0000					
5	118	0.2106	13	0	0	2	2	0	0	0	0	N	N	Y	Y	N	N	N	N	N	N	N	N	0.0038	0.0026	0.0078	0.0073	0.0001	0.0001	0.0000	0.0004	0.0005	0.0000	0.0000	0.0000	0.0000	0.0148	0.0250	0.0000	0.0574	0.0648	0.0000	0.0000	0.0000	0.0000	0.0000	0.0000	-0.0000	-0.0008	8.9974	3.0275	7.9196	2.1573	0.0000	0.0000	0.0000	0.0000	0.0000	0.0000	0.0000	0.0000	0.0000	0.0015	0.0015	0.0000	0.0015	0.0015	0.0000	0.0000	0.0000	0.0000	0.1792	0.1562	0.0230	0.0225	0.0211	0.0014	0.1568	0.1351	0.0217	0.1006	0.0595	0.0411	0.0259	0.0230	0.0030	0.0746	0.0365	0.0381	0.0038	0.0026	0.0000	0.0078	0.0073	0.0000	0.0000	0.0000	0.0000	0.0148	0.0250	0.0000	0.0574	0.0648	0.0000	0.0000	0.0000	0.0000					
5	119	0.2518	13	1	1	1	1	0	0	0	0	N	N	N	N	N	N	N	N	N	N	N	N	1068.6835	754.3691	0.0000	2247.3810	2361.1521	1143.9298	646.5381	0.0000	6.0613	6.9154	0.0000	0.0009	0.0010	0.0000	9.3382	10.8256	0.0000	0.0057	0.0092	0.0000	0.0000	0.0000	0.0000	0.0082	0.0167	0.0000	0.0000	0.0000	-0.3810	-0.0003	8.9974	2.1883	7.9196	3.1271	0.9999	0.9999	0.0000	0.0001	0.0001	0.0000	0.9998	0.9998	0.0000	0.0006	0.0006	0.0000	0.0000	0.0000	0.0000	0.0006	0.0006	0.0000	0.1650	0.1446	0.0204	0.0579	0.0522	0.0057	0.1071	0.0924	0.0147	0.1023	0.0633	0.0390	0.0312	0.0286	0.0026	0.0711	0.0346	0.0364	1068.6835	754.3691	0.0000	2247.3810	2361.1521	0.0000	1143.9298	646.5381	0.0000	0.0057	0.0092	0.0000	0.0000	0.0000	0.0000	0.0082	0.0167	0.0000	
5	120	0.1849	12	1	1	1	1	0	0	0	0	N	N	N	N	N	N	N	N	N	N	N	N	1.1877	0.7945	3.7826	24353.4932	24216.7640	0.5532	0.5682	0.3319	7.3149	2.4124	2.7712	0.0000	7.6213	8.3709	0.0000	1.4331	1.6606	0.0000	2.0311	3.4880	0.0000	0.0003	0.0003	0.0000	2.5224	5.0030	0.0000	0.0000	0.0000	-0.7622	-0.5427	8.9974	13.6104	7.9196	16.0982	2.0001	2.0001	0.0000	0.9999	0.9999	0.0000	1.0002	1.0002	0.0000	0.9995	0.9994	0.0000	0.0000	0.0000	0.0000	0.9994	0.9994	0.0000	0.8291	0.7218	0.1074	0.1312	0.1195	0.0117	0.6979	0.6023	0.0956	0.4921	0.2865	0.2055	0.0959	0.0868	0.0091	0.3962	0.1998	0.1965	1.1877	0.7945	3.7826	24353.4932	24216.7640	0.5532	0.5682	0.3319	7.3149	2.0311	3.4880	0.0000	0.0003	0.0003	0.0000	2.5224	5.0030	0.0000
5	121	0.2101	14	0	1	1	1	0	0	0	0	N	N	N	N	N	N	N	N	N	N	N	N	0.0057	8.8368	0.0000	1.4193	6.5427	0.0000	0.0002	inf	0.0000	0.0115	0.0138	0.0000	0.0153	0.0185	0.0000	0.0006	0.0007	0.0000	2.0330	0.0016	5.6391	0.0108	0.0028	0.0627	3.4288	0.0000	6.6247	0.0000	2032.8109	-0.0004	0.1804	8.9974	0.3548	7.9196	4.6068	0.0010	0.0010	0.0000	0.0010	0.0010	0.0000	0.0000	0.0000	0.0000	0.3952	0.0002	0.3950	0.0009	0.0002	0.0007	0.3943	0.0000	0.3943	0.0838	0.0698	0.0140	0.0622	0.0515	0.0107	0.0216	0.0183	0.0033	0.1944	0.1243	0.0700	0.0794	0.0689	0.0105	0.1150	0.0555	0.0595	0.0057	8.8368	0.0000	1.4193	6.5427	0.0000	0.0002	inf	0.0000	2.0330	0.0016	5.6391	0.0108	0.0028	0.0627	3.4288	0.0000	6.6247
5	122	0.1952	13	0	1	1	1	0	0	0	0	N	N	N	N	N	N	N	N	N	N	N	N	0.0017	0.0952	0.0006	0.0033	0.0035	0.0004	0.0020	0.8836	0.0009	0.0067	0.0069	0.0054	0.0005	0.0006	0.0000	0.0104	0.0107	0.0088	4.0201	0.0725	9.5094	0.1630	0.1780	0.0020	5.1817	0.0121	9.9812	0.1340	94.3589	-0.0003	0.2692	8.9974	1.6911	7.9196	5.7022	0.0010	0.0009	0.0001	0.0000	0.0000	0.0000	0.0010	0.0009	0.0001	0.6029	0.0063	0.5966	0.0057	0.0057	0.0000	0.5973	0.0007	0.5966	0.1519	0.1298	0.0221	0.0572	0.0488	0.0084	0.0947	0.0810	0.0137	0.1500	0.0872	0.0627	0.0347	0.0317	0.0030	0.1153	0.0555	0.0598	0.0017	0.0952	0.0006	0.0033	0.0035	0.0004	0.0020	0.8836	0.0009	4.0201	0.0725	9.5094	0.1630	0.1780	0.0020	5.1817	0.0121	9.9812
5	123	0.1849	12	0	0	1	1	0	0	0	0	N	N	N	N	N	N	N	N	N	N	N	N	0.0018	0.3419	0.0000	0.3175	0.3404	0.0000	0.0006	0.4392	0.0000	0.0002	0.0003	0.0000	0.0005	0.0006	0.0000	0.0001	0.0001	0.0000	0.1249	0.0008	0.2970	0.0015	0.0016	0.0000	0.1635	0.0003	0.3087	0.0001	275.7396	-0.0000	0.0063	8.9974	2.0929	7.9196	3.1856	0.0000	0.0000	0.0000	0.0000	0.0000	0.0000	0.0000	0.0000	0.0000	0.0139	0.0001	0.0139	0.0000	0.0000	0.0000	0.0139	0.0000	0.0139	0.1884	0.1630	0.0254	0.0658	0.0573	0.0085	0.1226	0.1057	0.0169	0.1114	0.0647	0.0467	0.0266	0.0248	0.0018	0.0848	0.0399	0.0449	0.0018	0.3419	0.0000	0.3175	0.3404	0.0000	0.0006	0.4392	0.0000	0.1249	0.0008	0.2970	0.0015	0.0016	0.0000	0.1635	0.0003	0.3087
5	124	0.2256	15	1	1	1	1	0	0	0	0	N	N	N	N	N	N	N	N	N	N	N	N	0.0000	0.0000	0.0000	0.0000	0.0000	0.0000	0.0000	0.0000	0.0000	0.0000	0.0000	0.0000	0.0000	0.0000	0.0000	0.0000	0.0000	0.0000	0.0000	0.0000	8.9974	0.0000	7.9196	0.0000	0.0000	0.0000	0.0000	0.0000	0.0000	0.0000	0.0000	0.0000	0.0000	0.0000	0.0000	0.0000	0.0000	0.0000	0.0000	0.0000	0.0000	0.0000	0.0000	0.0000	0.0000	0.0000	0.0000	0.0000	0.0000	0.0000	0.0000	0.0000	0.0000	0.0000	0.0000	0.0000	0.0000	0.0000	0.0000	0.0000	0.0000	0.0000	0.0000	0.0000	0.0000	0.0000	0.0000	0.0000	0.0000	0.0000	0.0000	0.0000	0.0000	0.0000	0.0000	0.0000	0.0000	0.0000											
5	125	0.2210	14	1	1	1	1	0	0	0	0	N	N	N	N	N	N	N	N	N	N	N	N	0.0000	0.0000	0.0000	0.0000	0.0000	0.0000	0.0000	0.0000	0.0000	0.0000	0.0000	0.0000	0.0000	0.0000	0.0000	0.0000	0.0000	0.0000	0.0000	0.0000	-0.0000	8.9974	0.1434	7.9196	1.9839	0.0000	0.0000	0.0000	0.0000	0.0000	0.0000	0.0000	0.0000	0.0000	0.0000	0.0000	0.0000	0.0000	0.0000	0.0000	0.0000	0.0000	0.0000	0.0193	0.0174	0.0019	0.0077	0.0074	0.0003	0.0117	0.0100	0.0017	0.0438	0.0269	0.0170	0.0122	0.0109	0.0013	0.0316	0.0159	0.0157	0.0000	0.0000	0.0000	0.0000	0.0000	0.0000	0.0000	0.0000	0.0000	0.0000	0.0000	0.0000	0.0000	0.0000	0.0000	0.0000	0.0000	0.0000										
5	126	0.2106	13	0	1	1	1	0	0	0	0	N	N	N	N	N	N	N	N	N	N	N	N	0.0000	0.0000	0.0000	0.0000	0.0000	0.0000	0.0000	0.0000	0.0000	0.0000	0.0000	0.0000	0.0000	0.0000	0.0000	0.0000	0.0000	0.0000	0.0000	0.0000	0.0000	0.0000	0.0233	0.0000	-0.0000	8.9974	1.8882	7.9196	2.9115	0.0000	0.0000	0.0000	0.0000	0.0000	0.0000	0.0000	0.0000	0.0000	0.0000	0.0000	0.0000	0.0000	0.0000	0.0000	0.0000	0.0000	0.0000	0.1124	0.0980	0.0145	0.0141	0.0132	0.0009	0.0983	0.0847	0.0136	0.0939	0.0556	0.0383	0.0244	0.0216	0.0028	0.0695	0.0340	0.0355	0.0000	0.0000	0.0000	0.0000	0.0000	0.0000	0.0000	0.0000	0.0000	0.0000	0.0000	0.0000	0.0000	0.0000	0.0000	0.0000	0.0000	0.0000						
5	127	0.1849	12	0	0	1	1	0	0	0	0	N	N	N	N	N	N	N	N	N	N	N	N	0.3014	0.2023	0.0000	0.0000	0.0000	6931.5999	4756.0468	0.0001	0.0001	0.0000	0.0000	0.0000	0.0000	0.0001	0.0001	0.0000	0.0002	0.0004	0.0000	0.0010	0.0011	0.0000	0.0000	0.0000	0.0000	0.0000	0.0000	-0.0000	-0.0000	8.9974	3.5543	7.9196	9.0319	0.0000	0.0000	0.0000	0.0000	0.0000	0.0000	0.0000	0.0000	0.0000	0.0001	0.0001	0.0000	0.0001	0.0001	0.0000	0.0000	0.0000	0.0000	0.2738	0.2373	0.0364	0.0745	0.0656	0.0089	0.1992	0.1717	0.0275	0.2334	0.1358	0.0976	0.0491	0.0450	0.0041	0.1843	0.0908	0.0935	0.3014	0.2023	0.0000	0.0000	0.0000	0.0000	6931.5999	4756.0468	0.0000	0.0002	0.0004	0.0000	0.0010	0.0011	0.0000	0.0000	0.0000	0.0000		
5	128	0.1812	11	0	0	1	1	0	0	0	0	N	N	N	N	N	N	N	N	N	N	N	N	0.0690	0.0933	0.0001	0.1193	0.1311	0.0000	0.0174	inf	0.0001	0.0001	0.0001	0.0000	0.0002	0.0002	0.0000	0.0000	0.0000	0.0000	0.0009	0.0007	0.0011	0.0014	0.0015	0.0000	0.0006	0.0000	0.0011	0.0002	0.9521	-0.0000	-0.0000	8.9974	2.6246	7.9196	0.7212	0.0000	0.0000	0.0000	0.0000	0.0000	0.0000	0.0000	0.0000	0.0000	0.0001	0.0000	0.0000	0.0000	0.0000	0.0000	0.0000	0.0000	0.0000	0.2182	0.1887	0.0295	0.0689	0.0604	0.0085	0.1493	0.1283	0.0209	0.0951	0.0570	0.0381	0.0304	0.0292	0.0011	0.0648	0.0277	0.0370	0.0690	0.0933	0.0001	0.1193	0.1311	0.0000	0.0174	inf	0.0001	0.0009	0.0007	0.0011	0.0014	0.0015	0.0000	0.0006	0.0000	0.0011
5	129	0.1754	10	0	0	1	1	0	0	0	0	N	N	N	N	N	N	N	N	N	N	N	N	0.0238	0.0852	0.0002	0.0502	0.0534	0.0161	0.0157	inf	0.0002	0.0000	0.0000	0.0000	0.0000	0.0000	0.0000	0.0000	0.0000	0.0000	0.0005	0.0002	0.0011	0.0004	0.0005	0.0000	0.0006	0.0000	0.0012	0.0028	4.0154	-0.0000	0.0000	8.9974	3.3474	7.9196	1.3769	0.0000	0.0000	0.0000	0.0000	0.0000	0.0000	0.0000	0.0000	0.0000	0.0001	0.0000	0.0000	0.0000	0.0000	0.0000	0.0000	0.0000	0.0000	0.2489	0.2153	0.0336	0.0723	0.0633	0.0090	0.1766	0.1520	0.0246	0.0949	0.0586	0.0362	0.0228	0.0212	0.0016	0.0721	0.0374	0.0346	0.0238	0.0852	0.0002	0.0502	0.0534	0.0161	0.0157	inf	0.0002	0.0005	0.0002	0.0011	0.0004	0.0005	0.0000	0.0006	0.0000	0.0012
5	130	0.1666	9	0	0	1	1	0	0	0	0	N	N	N	N	N	N	N	N	N	N	N	N	0.0928	113.7704	0.0035	5.4183	36.8887	0.0162	0.0967	1743.8241	0.0085	0.0000	0.0000	0.0000	0.0000	0.0000	0.0000	0.0001	0.0001	0.0000	0.0005	0.0000	0.0011	0.0000	0.0000	0.0001	0.0006	0.0000	0.0012	0.0145	1779.0691	-0.0000	0.0000	8.9974	0.4686	7.9196	4.0374	0.0000	0.0000	0.0000	0.0000	0.0000	0.0000	0.0000	0.0000	0.0000	0.0000	0.0000	0.0000	0.0000	0.0000	0.0000	0.0000	0.0000	0.0000	0.0750	0.0634	0.0116	0.0479	0.0399	0.0079	0.0271	0.0234	0.0037	0.0870	0.0513	0.0356	0.0211	0.0195	0.0016	0.0659	0.0318	0.0341	0.0928	113.7704	0.0035	5.4183	36.8887	0.0162	0.0967	1743.8241	0.0085	0.0005	0.0000	0.0011	0.0000	0.0000	0.0001	0.0006	0.0000	0.0012
6	7	0.0534	8	2	1	1	0	0	0	0	0	Y	N	N	N	N	N	N	N	N	N	N	N	0.0000	0.0000	0.0000	0.0000	0.0000	0.0000	0.0000	0.0000	0.0000	0.0000	0.0000	0.0000	0.0000	0.0498	0.0867	0.0000	0.1961	0.2060	0.0000	0.0000	0.0000	0.0000	0.0000	0.0000	-0.0009	0.0167	0.9997	6.1901	1.8904	0.0000	0.0000	0.0000	0.0000	0.0000	0.0000	0.0000	0.0000	0.0000	0.0017	0.0017	0.0000	0.0017	0.0017	0.0000	0.0000	0.0000	0.0000	0.0003	0.0002	0.0000	0.0001	0.0001	0.0000	0.0002	0.0001	0.0000	0.0348	0.0200	0.0148	0.0088	0.0084	0.0004	0.0259	0.0116	0.0144	0.0000	0.0000	0.0000	0.0000	0.0000	0.0000	0.0000	0.0000	0.0000	0.0498	0.0867	0.0000	0.1961	0.2060	0.0000	0.0000	0.0000	0.0000						
6	8	0.1129	8	2	2	0	1	0	0	0	0	Y	Y	N	N	N	N	N	N	N	N	N	N	0.0000	0.0000	0.0000	0.0000	0.0000	0.0000	0.0000	0.0000	0.0000	0.0000	0.0000	0.0000	0.0000	0.0000	0.0000	0.0000	0.0000	0.0000	0.0000	0.0000	0.0167	0.0000	6.1901	0.0000	0.0000	0.0000	0.0000	0.0000	0.0000	0.0000	0.0000	0.0000	0.0000	0.0000	0.0000	0.0000	0.0000	0.0000	0.0000	0.0000	0.0000	0.0000	0.0000	0.0000	0.0000	0.0000	0.0000	0.0000	0.0000	0.0000	0.0000	0.0000	0.0000	0.0000	0.0000	0.0000	0.0000	0.0000	0.0000	0.0000	0.0000	0.0000	0.0000	0.0000	0.0000	0.0000	0.0000	0.0000	0.0000	0.0000	0.0000	0.0000	0.0000	0.0000	0.0000	0.0000	0.0000	0.0000											
6	9	0.0534	8	2	1	1	0	0	0	0	0	Y	N	N	N	N	N	N	N	N	N	N	N	0.0000	0.0000	0.0000	0.0000	0.0000	0.0000	0.0000	0.0000	0.0000	0.0000	0.0000	0.0000	0.0000	0.0000	0.0000	0.0000	18.2580	0.0000	83.7450	0.0000	0.0000	0.0000	23.8329	0.0000	80.9754	230934687.4402	0.0000	0.4538	0.0167	1.0003	6.1901	3.8877	0.0000	0.0000	0.0000	0.0000	0.0000	0.0000	0.0000	0.0000	0.0000	0.9930	0.0000	0.9930	0.0000	0.0000	0.0000	0.9930	0.0000	0.9930	0.0003	0.0002	0.0000	0.0001	0.0001	0.0000	0.0002	0.0001	0.0000	0.0544	0.0303	0.0240	0.0127	0.0121	0.0006	0.0417	0.0182	0.0234	0.0000	0.0000	0.0000	0.0000	0.0000	0.0000	0.0000	0.0000	0.0000	18.2580	0.0000	41.3016	0.0000	0.0000	0.0000	23.8329	0.0000	42.3897			
6	10	0.0506	7	2	1	1	0	0	0	0	0	Y	N	N	N	N	N	N	N	N	N	N	N	0.0000	0.0000	0.0000	0.0000	0.0000	0.0000	0.0000	0.0000	0.0000	0.0000	0.0000	0.0000	0.0000	0.0000	0.0000	0.0000	0.0000	0.1346	0.0029	0.2882	0.0073	0.0077	0.0000	0.1683	0.0000	0.2942	86.7279	0.0000	0.0008	0.0167	0.0008	6.1901	1.2348	0.0000	0.0000	0.0000	0.0000	0.0000	0.0000	0.0000	0.0000	0.0000	0.0018	0.0000	0.0017	0.0000	0.0000	0.0000	0.0017	0.0000	0.0017	0.0000	0.0000	0.0000	0.0000	0.0000	0.0000	0.0000	0.0000	0.0000	0.0130	0.0070	0.0060	0.0027	0.0026	0.0001	0.0103	0.0044	0.0059	0.0000	0.0000	0.0000	0.0000	0.0000	0.0000	0.0000	0.0000	0.0000	0.1346	0.0029	0.2882	0.0073	0.0077	0.0000	0.1683	0.0000	0.2942		
6	11	0.1302	12	1	1	1	0	0	0	0	0	N	N	N	N	N	N	N	N	N	N	N	N	1.6352	4.7662	0.0028	2.0642	5.2158	0.0020	0.0004	0.0000	0.0010	0.1857	0.2142	0.0006	0.5152	0.5213	0.0159	0.0000	0.0000	0.0001	0.1136	0.0449	0.2236	0.2496	0.0999	8.0801	0.0579	0.0000	0.1108	0.0005	3.1036	-0.0001	0.0033	0.0167	4.1301	6.1901	9.5352	0.0002	0.0002	0.0000	0.0002	0.0002	0.0000	0.0000	0.0000	0.0000	0.0153	0.0037	0.0116	0.0098	0.0037	0.0061	0.0055	0.0000	0.0055	0.0012	0.0010	0.0002	0.0004	0.0004	0.0000	0.0008	0.0006	0.0002	0.1350	0.0831	0.0518	0.0392	0.0374	0.0018	0.0957	0.0457	0.0500	1.6352	4.7662	0.0028	2.0642	5.2158	0.0048	0.0004	0.0000	0.0010	0.1136	0.0449	0.2236	0.2496	0.0999	3.2864	0.0579	0.0000	0.1108
6	12	0.0560	6	2	2	0	0	0	0	0	0	Y	Y	N	N	N	N	N	N	N	N	N	N	0.7577	0.5936	0.5469	0.6491	0.6356	0.0000	0.1775	0.0000	0.5446	0.0003	0.0003	0.0001	0.0009	0.0009	0.0000	0.0000	0.0000	0.0001	0.0004	0.0006	0.0002	0.0015	0.0015	0.0001	0.0001	0.0000	0.0002	0.0458	0.2699	-0.0000	-0.0000	0.0167	5.9431	6.1901	4.2945	0.0000	0.0000	0.0000	0.0000	0.0000	0.0000	0.0000	0.0000	0.0000	0.0000	0.0000	0.0000	0.0000	0.0000	0.0000	0.0000	0.0000	0.0000	0.0018	0.0015	0.0002	0.0006	0.0006	0.0000	0.0012	0.0010	0.0002	0.1122	0.0634	0.0488	0.0257	0.0250	0.0007	0.0866	0.0384	0.0482	0.7577	0.5936	0.5469	0.6491	0.6356	0.0000	0.1775	0.0000	0.5446	0.0004	0.0006	0.0002	0.0015	0.0015	0.0001	0.0001	0.0000	0.0002
6	13	0.1000	8	1	1	1	1	0	0	0	0	N	N	N	N	N	N	N	N	N	N	N	N	0.0000	0.0000	0.0000	0.0000	0.0000	0.0000	0.0000	0.0000	0.0000	0.0000	0.0000	0.0000	0.0000	0.0015	0.0026	0.0000	0.0062	0.0067	0.0000	0.0000	0.0000	0.0000	0.0000	0.0000	-0.0000	0.0167	0.0000	6.1901	3.8697	0.0000	0.0000	0.0000	0.0000	0.0000	0.0000	0.0000	0.0000	0.0000	0.0001	0.0001	0.0000	0.0001	0.0001	0.0000	0.0000	0.0000	0.0000	0.0000	0.0000	0.0000	0.0000	0.0000	0.0000	0.0000	0.0000	0.0000	0.0394	0.0234	0.0160	0.0099	0.0091	0.0008	0.0295	0.0144	0.0151	0.0000	0.0000	0.0000	0.0000	0.0000	0.0000	0.0000	0.0000	0.0000	0.0015	0.0026	0.0000	0.0062	0.0067	0.0000	0.0000	0.0000	0.0000						
6	14	0.0783	8	1	2	0	0	0	0	0	0	N	Y	N	N	N	N	N	N	N	N	N	N	0.0101	0.0000	32.7188	0.0000	0.0000	0.0000	12.3138	0.0000	34.4335	0.0001	0.0000	0.0006	0.0000	0.0000	0.0000	0.0001	0.0000	0.0006	0.0068	0.0118	0.0000	0.0337	0.0353	0.0000	0.0000	0.0000	0.0000	inf	0.0011	0.0000	-0.0004	0.0167	4.8103	6.1901	9.0653	0.0000	0.0000	0.0000	0.0000	0.0000	0.0000	0.0000	0.0000	0.0000	0.0008	0.0008	0.0000	0.0008	0.0008	0.0000	0.0000	0.0000	0.0000	0.0014	0.0013	0.0002	0.0005	0.0005	0.0000	0.0009	0.0008	0.0002	0.1187	0.0688	0.0499	0.0240	0.0229	0.0011	0.0947	0.0459	0.0488	0.0101	0.0000	32.7188	0.0000	0.0000	0.0000	12.3138	0.0000	34.4335	0.0068	0.0118	0.0000	0.0337	0.0353	0.0000	0.0000	0.0000	0.0000
6	15	0.1000	8	1	1	0	1	0	0	0	0	N	N	N	N	N	N	N	N	N	N	N	N	0.0000	0.0000	0.0000	0.0000	0.0000	0.0000	0.0000	0.0000	0.0000	0.0000	0.0000	0.0000	0.0000	0.0023	0.0038	0.0000	0.0093	0.0102	0.0000	0.0000	0.0000	0.0000	0.0000	0.0000	-0.0001	0.0167	1.0000	6.1901	3.8697	0.0000	0.0000	0.0000	0.0000	0.0000	0.0000	0.0000	0.0000	0.0000	0.0001	0.0001	0.0000	0.0001	0.0001	0.0000	0.0000	0.0000	0.0000	0.0003	0.0003	0.0000	0.0001	0.0001	0.0000	0.0002	0.0002	0.0000	0.0485	0.0288	0.0197	0.0120	0.0109	0.0010	0.0366	0.0179	0.0186	0.0000	0.0000	0.0000	0.0000	0.0000	0.0000	0.0000	0.0000	0.0000	0.0023	0.0038	0.0000	0.0093	0.0102	0.0000	0.0000	0.0000	0.0000						
6	16	0.2188	18	1	2	0	1	0	0	0	0	N	Y	N	N	N	N	N	N	N	N	N	N	0.0000	0.0000	0.0000	0.0000	0.0000	0.0000	0.0000	0.0000	0.0000	0.0000	0.0000	0.0000	0.0000	0.0000	0.0000	0.0004	0.0007	0.0000	0.0007	0.0008	0.0000	0.0002	0.0004	0.0000	0.0000	0.0000	-0.0000	0.0167	0.0040	6.1901	5.7722	0.0000	0.0000	0.0000	0.0000	0.0000	0.0000	0.0000	0.0000	0.0000	0.0000	0.0000	0.0000	0.0000	0.0000	0.0000	0.0000	0.0000	0.0000	0.0000	0.0000	0.0000	0.0000	0.0000	0.0000	0.0000	0.0000	0.0000	0.0635	0.0394	0.0241	0.0267	0.0213	0.0053	0.0368	0.0181	0.0187	0.0000	0.0000	0.0000	0.0000	0.0000	0.0000	0.0000	0.0000	0.0000	0.0004	0.0007	0.0000	0.0007	0.0008	0.0000	0.0002	0.0004	0.0000				
6	17	0.0935	10	1	2	0	0	0	0	0	0	N	Y	N	N	N	N	N	N	N	N	N	N	3.9418	2.9017	0.0000	2.5102	2.4231	0.0000	0.0000	0.0000	0.0000	0.0310	0.0374	0.0000	0.0823	0.0829	0.0000	0.0000	0.0000	0.0000	0.0079	0.0129	0.0000	0.0328	0.0342	0.0003	0.0000	0.0000	0.0000	0.0000	0.0004	-0.0000	-0.0004	0.0167	1.0133	6.1901	7.9669	0.0000	0.0000	0.0000	0.0000	0.0000	0.0000	0.0000	0.0000	0.0000	0.0007	0.0007	0.0000	0.0007	0.0007	0.0000	0.0000	0.0000	0.0000	0.0003	0.0003	0.0001	0.0001	0.0001	0.0000	0.0002	0.0002	0.0001	0.0834	0.0508	0.0326	0.0200	0.0191	0.0008	0.0635	0.0317	0.0318	3.9418	2.9017	0.0000	2.5102	2.4231	0.0000	0.0000	0.0000	0.0000	0.0079	0.0129	0.0000	0.0328	0.0342	0.0003	0.0000	0.0000	0.0000
6	18	0.1069	9	1	2	0	1	0	0	0	0	N	Y	N	N	N	N	N	N	N	N	N	N	0.0000	0.0000	0.0000	0.0000	0.0000	0.0000	0.0000	0.0000	0.0000	0.0000	0.0000	0.0000	0.0000	0.0000	0.0000	0.0000	0.0000	0.0000	0.0000	0.0000	0.0001	0.0000	0.0000	0.0000	inf	0.0000	0.0000	0.0167	0.9988	6.1901	1.0036	0.0000	0.0000	0.0000	0.0000	0.0000	0.0000	0.0000	0.0000	0.0000	0.0000	0.0000	0.0000	0.0000	0.0000	0.0000	0.0000	0.0000	0.0000	0.0003	0.0003	0.0000	0.0001	0.0001	0.0000	0.0002	0.0002	0.0000	0.0193	0.0116	0.0077	0.0048	0.0043	0.0005	0.0145	0.0073	0.0072	0.0000	0.0000	0.0000	0.0000	0.0000	0.0000	0.0000	0.0000	0.0000	0.0000	0.0000	0.0000	0.0000	0.0000	0.0001	0.0000	0.0000	0.0000				
6	19	0.1080	9	2	2	0	0	0	0	0	0	Y	Y	N	N	N	N	N	N	N	N	N	N	0.4369	11.8726	0.0000	6.2843	6.7120	0.0000	0.1057	inf	0.0000	0.0097	0.0111	0.0000	0.0164	0.0176	0.0000	0.0029	0.0036	0.0000	0.0222	0.0009	0.0545	0.0026	0.0026	0.0023	0.0277	0.0000	0.0552	0.0000	38.4501	-0.0000	0.0005	0.0167	0.0025	6.1901	5.0336	0.0000	0.0000	0.0000	0.0000	0.0000	0.0000	0.0000	0.0000	0.0000	0.0011	0.0000	0.0011	0.0000	0.0000	0.0000	0.0011	0.0000	0.0011	0.0000	0.0000	0.0000	0.0000	0.0000	0.0000	0.0000	0.0000	0.0000	0.0498	0.0300	0.0197	0.0109	0.0107	0.0002	0.0388	0.0193	0.0195	0.4369	11.8726	0.0000	6.2843	6.7120	0.0000	0.1057	inf	0.0000	0.0222	0.0009	0.0545	0.0026	0.0026	0.0023	0.0277	0.0000	0.0552
6	20	0.0767	6	1	2	0	0	0	0	0	0	N	Y	N	N	N	N	N	N	N	N	N	N	0.0011	0.0004	358.8192	0.0006	0.0006	0.0000	86.5490	0.0000	368.8733	0.0004	0.0003	0.0015	0.0006	0.0006	0.0000	0.0003	0.0000	0.0016	0.3856	0.6069	0.0000	1.0673	1.0879	0.0000	0.0000	0.0000	0.0000	0.8641	0.0000	0.0000	-0.0215	0.0167	1.9984	6.1901	3.0609	0.0000	0.0000	0.0000	0.0000	0.0000	0.0000	0.0000	0.0000	0.0000	0.0397	0.0397	0.0000	0.0397	0.0397	0.0000	0.0000	0.0000	0.0000	0.0007	0.0006	0.0001	0.0002	0.0002	0.0000	0.0004	0.0003	0.0001	0.1029	0.0654	0.0375	0.0372	0.0365	0.0007	0.0657	0.0289	0.0368	0.0011	0.0004	358.8192	0.0006	0.0006	0.0000	86.5490	0.0000	368.8733	0.3856	0.6069	0.0000	1.0673	1.0879	0.0000	0.0000	0.0000	0.0000
6	21	0.2121	17	1	1	0	1	0	0	0	0	N	N	N	N	N	N	N	N	N	N	N	N	1949.0336	1541.0909	0.0000	22433.6307	432576.2563	0.0000	0.0000	0.0000	0.0000	0.3649	0.4249	0.0000	1.0586	1.0687	0.0000	0.0000	0.0000	0.0000	0.0002	0.0003	0.0000	0.0000	0.0000	0.0002	0.0003	0.0006	0.0000	0.0000	0.1154	-0.0001	-0.0000	0.0167	2.0028	6.1901	2.2704	0.0002	0.0002	0.0000	0.0002	0.0002	0.0000	0.0000	0.0000	0.0000	0.0000	0.0000	0.0000	0.0000	0.0000	0.0000	0.0000	0.0000	0.0000	0.0005	0.0005	0.0001	0.0002	0.0002	0.0000	0.0004	0.0003	0.0001	0.0482	0.0293	0.0189	0.0203	0.0163	0.0040	0.0279	0.0130	0.0149	1949.0336	1541.0909	0.0000	22433.6307	432576.2563	0.0000	0.0000	0.0000	0.0000	0.0002	0.0003	0.0000	0.0000	0.0000	0.0002	0.0003	0.0006	0.0000
6	22	0.0953	10	2	1	1	0	0	0	0	0	Y	N	N	N	N	N	N	N	N	N	N	N	0.0000	0.0000	0.0000	0.0000	0.0000	0.0000	0.0000	0.0000	0.0000	0.0000	0.0000	0.0000	0.0000	0.0000	0.0000	0.0000	0.0000	0.0000	0.0000	0.0000	0.0167	0.0000	6.1901	2.0000	0.0000	0.0000	0.0000	0.0000	0.0000	0.0000	0.0000	0.0000	0.0000	0.0000	0.0000	0.0000	0.0000	0.0000	0.0000	0.0000	0.0000	0.0000	0.0000	0.0000	0.0000	0.0000	0.0000	0.0000	0.0000	0.0000	0.0000	0.0191	0.0111	0.0080	0.0044	0.0043	0.0002	0.0147	0.0069	0.0078	0.0000	0.0000	0.0000	0.0000	0.0000	0.0000	0.0000	0.0000	0.0000	0.0000	0.0000	0.0000	0.0000	0.0000	0.0000	0.0000	0.0000	0.0000											
6	23	0.1279	12	1	2	0	0	0	0	0	0	N	Y	N	N	N	N	N	N	N	N	N	N	0.0001	0.0035	0.0000	0.0129	0.0369	0.0000	0.0000	0.0000	0.0000	0.0002	0.0002	0.0000	0.0005	0.0005	0.0000	0.0000	0.0000	0.0000	1.7130	0.0583	4.1803	0.0403	0.0143	0.9631	2.7614	0.1302	4.3058	0.0127	48.0969	-0.0000	0.1846	0.0167	4.1010	6.1901	9.0979	0.0000	0.0000	0.0000	0.0000	0.0000	0.0000	0.0000	0.0000	0.0000	0.4228	0.0086	0.4142	0.0038	0.0013	0.0025	0.4190	0.0073	0.4117	0.0012	0.0010	0.0002	0.0004	0.0004	0.0000	0.0008	0.0006	0.0002	0.2468	0.1477	0.0991	0.0951	0.0916	0.0035	0.1517	0.0561	0.0956	0.0001	0.0035	0.0000	0.0129	0.0369	0.0000	0.0000	0.0000	0.0000	1.7130	0.0583	4.1803	0.0403	0.0143	0.7267	2.7614	0.1302	4.3058
6	24	0.0560	5	2	2	0	0	0	0	0	0	Y	Y	N	N	N	N	N	N	N	N	N	N	1247.6745	946.3546	0.0000	1711.1386	1668.3166	0.0000	0.0000	0.0000	0.0000	1.1846	1.3524	0.0000	3.6591	3.6702	0.0000	0.0000	0.0000	0.0000	0.0009	0.0014	0.0003	0.0021	0.0022	0.0001	0.0006	0.0010	0.0003	0.0000	0.1679	-0.0009	-0.0001	0.0167	7.0513	6.1901	11.7448	0.0025	0.0025	0.0000	0.0025	0.0025	0.0000	0.0000	0.0000	0.0000	0.0002	0.0001	0.0000	0.0001	0.0001	0.0000	0.0001	0.0001	0.0000	0.0021	0.0018	0.0003	0.0007	0.0007	0.0000	0.0014	0.0012	0.0003	0.1837	0.1045	0.0792	0.0379	0.0367	0.0011	0.1459	0.0678	0.0781	1247.6745	946.3546	0.0000	1711.1386	1668.3166	0.0000	0.0000	0.0000	0.0000	0.0009	0.0014	0.0003	0.0021	0.0022	0.0001	0.0006	0.0010	0.0003
6	25	0.1959	13	1	2	0	0	0	0	0	0	N	Y	N	N	N	N	N	N	N	N	N	N	0.0023	0.0000	0.2224	0.0003	0.0000	0.1778	0.0124	0.0000	0.2582	0.0000	0.0000	0.0002	0.0000	0.0000	0.0009	0.0000	0.0000	0.0002	0.0127	0.0199	0.0010	0.0331	0.0350	0.0048	0.0032	0.0059	0.0008	inf	0.0314	0.0000	-0.0007	0.0167	4.7974	6.1901	5.1989	0.0000	0.0000	0.0000	0.0000	0.0000	0.0000	0.0000	0.0000	0.0000	0.0013	0.0013	0.0000	0.0011	0.0011	0.0000	0.0002	0.0002	0.0000	0.0014	0.0012	0.0002	0.0005	0.0005	0.0000	0.0009	0.0007	0.0002	0.1038	0.0644	0.0394	0.0330	0.0309	0.0021	0.0708	0.0335	0.0373	0.0023	0.0000	0.2224	0.0003	0.0000	0.1778	0.0124	0.0000	0.2582	0.0127	0.0199	0.0010	0.0331	0.0350	0.0048	0.0032	0.0059	0.0008
6	26	0.1572	14	2	2	0	0	0	0	0	0	Y	Y	N	N	N	N	N	N	N	N	N	N	0.0015	0.0000	0.0068	0.0018	0.0000	0.0206	0.0000	0.0000	0.0000	0.0000	0.0000	0.0001	0.0000	0.0000	0.0020	0.0000	0.0000	0.0000	0.0052	0.0031	0.0086	0.0123	0.0064	0.0985	0.0017	0.0000	0.0032	inf	1.6382	0.0000	0.0001	0.0167	2.0195	6.1901	15.0171	0.0000	0.0000	0.0000	0.0000	0.0000	0.0000	0.0000	0.0000	0.0000	0.0008	0.0003	0.0005	0.0007	0.0003	0.0003	0.0002	0.0000	0.0002	0.0006	0.0005	0.0001	0.0002	0.0002	0.0000	0.0004	0.0003	0.0001	0.1627	0.1023	0.0603	0.0535	0.0501	0.0034	0.1092	0.0523	0.0569	0.0015	0.0000	0.0068	0.0018	0.0000	0.0206	0.0000	0.0000	0.0000	0.0052	0.0031	0.0086	0.0123	0.0064	0.0985	0.0017	0.0000	0.0032
6	27	0.1484	13	1	1	0	0	0	0	0	0	N	N	N	N	N	N	N	N	N	N	N	N	0.0026	0.0002	0.0137	0.0027	0.0003	0.0129	0.0000	0.0000	0.0000	0.0001	0.0000	0.0012	0.0004	0.0000	0.0408	0.0000	0.0000	0.0000	0.0551	0.0379	0.0855	0.1349	0.0670	3.1633	0.0078	0.0008	0.0135	18.5836	1.2740	0.0000	0.0001	0.0167	1.6438	6.1901	3.3228	0.0000	0.0000	0.0000	0.0000	0.0000	0.0000	0.0000	0.0000	0.0000	0.0040	0.0018	0.0023	0.0037	0.0018	0.0019	0.0004	0.0000	0.0003	0.0006	0.0005	0.0001	0.0002	0.0002	0.0000	0.0004	0.0003	0.0001	0.0734	0.0469	0.0265	0.0273	0.0263	0.0010	0.0461	0.0206	0.0255	0.0026	0.0002	0.0137	0.0027	0.0003	0.0212	0.0000	0.0000	0.0000	0.0551	0.0379	0.0855	0.1349	0.0670	1.9253	0.0078	0.0008	0.0135
6	28	0.0282	5	1	2	0	0	0	0	0	0	N	Y	N	N	N	N	N	N	N	N	N	N	0.3642	0.2405	0.0000	0.1814	0.1793	0.0000	0.0000	0.0000	0.0000	0.0415	0.0518	0.0000	0.1213	0.1217	0.0000	0.0000	0.0000	0.0000	0.1139	0.2153	0.0001	0.6687	0.6789	0.0004	0.0001	0.0000	0.0001	0.0000	0.0005	-0.0000	-0.0125	0.0167	3.0409	6.1901	16.1393	0.0000	0.0000	0.0000	0.0000	0.0000	0.0000	0.0000	0.0000	0.0000	0.0230	0.0230	0.0000	0.0230	0.0230	0.0000	0.0000	0.0000	0.0000	0.0010	0.0008	0.0002	0.0003	0.0003	0.0000	0.0007	0.0005	0.0002	0.2017	0.1067	0.0950	0.0344	0.0338	0.0005	0.1673	0.0729	0.0945	0.3642	0.2405	0.0000	0.1814	0.1793	0.0000	0.0000	0.0000	0.0000	0.1139	0.2153	0.0001	0.6687	0.6789	0.0004	0.0001	0.0000	0.0001
6	29	0.0234	5	1	2	0	0	0	0	0	0	N	Y	N	N	N	N	N	N	N	N	N	N	0.0001	0.0000	0.0003	0.0001	0.0000	136.6159	0.0001	0.0000	0.0003	0.0005	0.0000	0.0035	0.0000	0.0000	0.0092	0.0007	0.0000	0.0034	6.4610	0.0422	13.4296	0.1600	0.1613	0.0001	7.4633	0.0000	13.4627	inf	293.2906	0.0000	0.4508	0.0167	4.0695	6.1901	11.0027	0.0000	0.0000	0.0000	0.0000	0.0000	0.0000	0.0000	0.0000	0.0000	0.9937	0.0034	0.9903	0.0034	0.0034	0.0000	0.9903	0.0000	0.9903	0.0011	0.0010	0.0002	0.0003	0.0003	0.0000	0.0008	0.0006	0.0002	0.1538	0.0801	0.0737	0.0211	0.0209	0.0002	0.1327	0.0591	0.0736	0.0001	0.0000	0.0003	0.0001	0.0000	136.6159	0.0001	0.0000	0.0003	6.4610	0.0422	13.4296	0.1600	0.1613	0.0001	7.4633	0.0000	13.4627
6	30	0.1798	16	1	2	1	1	0	0	0	0	N	Y	N	N	N	N	N	N	N	N	N	N	7.6536	5.5550	5.0363	5.0402	0.0075	0.0086	0.0000	0.0135	0.0145	0.0000	0.0000	0.0000	0.0000	0.0010	0.0015	0.0000	0.0027	0.0029	0.0000	0.0000	0.0000	0.0000	0.0000	0.0000	-0.0000	-0.0000	0.0167	0.0021	6.1901	3.0281	0.0000	0.0000	0.0000	0.0000	0.0000	0.0000	0.0000	0.0000	0.0000	0.0000	0.0000	0.0000	0.0000	0.0000	0.0000	0.0000	0.0000	0.0000	0.0000	0.0000	0.0000	0.0000	0.0000	0.0000	0.0000	0.0000	0.0000	0.0307	0.0194	0.0113	0.0111	0.0104	0.0007	0.0196	0.0090	0.0105	7.6536	5.5550	0.0000	5.0363	5.0402	0.0000	0.0000	0.0000	0.0000	0.0010	0.0015	0.0000	0.0027	0.0029	0.0000	0.0000	0.0000	0.0000					
6	31	0.1571	15	1	1	0	1	0	0	0	0	N	N	N	N	N	N	N	N	N	N	N	N	34.1371	25.1416	18.9562	26.5242	27.3869	20.9267	0.0000	0.0000	0.0415	0.0489	0.0000	0.1018	0.1116	0.0001	0.0000	0.0000	0.0000	0.0012	0.0019	0.0000	0.0038	0.0041	0.0000	0.0000	0.0000	0.0000	0.0001	0.0005	-0.0000	-0.0001	0.0167	3.2874	6.1901	7.1999	0.0000	0.0000	0.0000	0.0000	0.0000	0.0000	0.0000	0.0000	0.0000	0.0001	0.0001	0.0000	0.0001	0.0001	0.0000	0.0000	0.0000	0.0000	0.0011	0.0009	0.0002	0.0004	0.0004	0.0000	0.0006	0.0005	0.0001	0.1030	0.0644	0.0387	0.0326	0.0307	0.0019	0.0704	0.0337	0.0368	34.1371	25.1416	18.9562	26.5242	27.3869	20.9267	0.0000	0.0000	0.0000	0.0012	0.0019	0.0000	0.0038	0.0041	0.0000	0.0000	0.0000	0.0000	
6	32	0.0759	7	1	2	0	0	0	0	0	0	N	Y	N	N	N	N	N	N	N	N	N	N	0.0004	0.0000	0.0012	0.0003	0.0000	0.0003	0.0005	0.0012	0.0015	0.0000	0.0110	0.0000	0.0000	0.0012	0.0023	0.0000	0.0114	3.8411	0.0006	9.1282	0.0550	0.0020	3.7822	4.7610	0.0000	9.2101	inf	10244.4556	0.0000	0.3702	0.0167	4.3545	6.1901	19.4857	0.0000	0.0000	0.0000	0.0000	0.0000	0.0000	0.0000	0.0000	0.0000	0.8101	0.0001	0.8101	0.0023	0.0001	0.0022	0.8079	0.0000	0.8079	0.0013	0.0011	0.0002	0.0005	0.0005	0.0000	0.0008	0.0007	0.0002	0.2109	0.1222	0.0887	0.0412	0.0402	0.0010	0.1697	0.0820	0.0877	0.0004	0.0000	0.0012	0.0003	0.0000	0.0006	0.0005	0.0000	0.0012	3.8411	0.0006	9.1282	0.0550	0.0020	2.1316	4.7610	0.0000	9.2101	
6	33	0.1129	9	2	2	0	0	0	0	0	0	Y	Y	N	N	N	N	N	N	N	N	N	N	0.0000	0.0000	0.0000	0.0000	0.0000	0.0000	0.0000	0.0000	0.0000	0.0000	0.0000	0.0000	0.0000	0.0000	0.0000	0.0000	0.0000	0.0000	0.0000	0.0000	0.0167	0.0000	6.1901	0.0000	0.0000	0.0000	0.0000	0.0000	0.0000	0.0000	0.0000	0.0000	0.0000	0.0000	0.0000	0.0000	0.0000	0.0000	0.0000	0.0000	0.0000	0.0000	0.0000	0.0000	0.0000	0.0000	0.0000	0.0000	0.0000	0.0000	0.0000	0.0000	0.0000	0.0000	0.0000	0.0000	0.0000	0.0000	0.0000	0.0000	0.0000	0.0000	0.0000	0.0000	0.0000	0.0000	0.0000	0.0000	0.0000	0.0000	0.0000	0.0000	0.0000	0.0000	0.0000	0.0000	0.0000	0.0000											
6	34	0.1484	13	1	2	0	1	0	0	0	0	N	Y	N	N	N	N	N	N	N	N	N	N	0.0131	0.0156	0.0000	0.0186	0.0183	0.0000	0.0000	0.0000	0.0000	0.1148	0.1317	0.0000	0.3159	0.3190	0.0000	0.0000	0.0000	0.0000	8.7617	8.4466	9.2750	16.9447	17.4742	0.0244	5.1705	0.0003	9.7402	0.0000	0.6741	-0.0001	-0.2331	0.0167	6.4588	6.1901	12.7561	0.0002	0.0002	0.0000	0.0002	0.0002	0.0000	0.0000	0.0000	0.0000	1.6618	0.9926	0.6692	0.9927	0.9926	0.0001	0.6691	0.0000	0.6691	0.0019	0.0017	0.0002	0.0007	0.0007	0.0000	0.0012	0.0010	0.0002	0.1897	0.1175	0.0721	0.0603	0.0568	0.0035	0.1294	0.0607	0.0687	0.0131	0.0156	0.0000	0.0192	0.0183	0.0000	0.0000	0.0000	0.0000	8.7617	8.4466	9.2750	16.4738	17.4742	0.0244	5.1705	0.0003	9.7402
6	35	0.1428	12	1	1	0	0	0	0	0	0	N	N	N	N	N	N	N	N	N	N	N	N	0.0025	0.0022	0.0057	0.0038	0.0027	0.0115	0.0000	0.0000	0.0000	0.0001	0.0001	0.0004	0.0004	0.0002	0.0071	0.0000	0.0000	0.0000	0.0591	0.0487	0.0776	0.0992	0.0885	0.6141	0.0365	0.0014	0.0661	0.5800	0.8888	-0.0000	-0.0003	0.0167	2.5642	6.1901	2.5472	0.0000	0.0000	0.0000	0.0000	0.0000	0.0000	0.0000	0.0000	0.0000	0.0044	0.0023	0.0021	0.0026	0.0023	0.0004	0.0017	0.0000	0.0017	0.0009	0.0008	0.0001	0.0004	0.0003	0.0000	0.0005	0.0004	0.0001	0.0740	0.0475	0.0265	0.0267	0.0258	0.0009	0.0473	0.0217	0.0257	0.0025	0.0022	0.0057	0.0038	0.0027	0.0168	0.0000	0.0000	0.0000	0.0591	0.0487	0.0776	0.0992	0.0885	0.4220	0.0365	0.0014	0.0661
6	36	0.1932	17	1	1	1	0	0	0	0	0	N	N	N	N	N	N	N	N	N	N	N	N	0.0000	0.0000	0.0000	0.0000	0.0000	0.0000	0.0000	0.0000	0.0000	0.0000	0.0000	0.0000	0.0000	0.0000	0.0000	0.0000	0.0000	0.0000	0.0000	0.0000	0.0000	0.0000	0.1500	0.0000	-0.0000	0.0167	1.0000	6.1901	2.0003	0.0000	0.0000	0.0000	0.0000	0.0000	0.0000	0.0000	0.0000	0.0000	0.0000	0.0000	0.0000	0.0000	0.0000	0.0000	0.0000	0.0000	0.0000	0.0003	0.0002	0.0000	0.0001	0.0001	0.0000	0.0002	0.0001	0.0000	0.0274	0.0170	0.0104	0.0078	0.0072	0.0006	0.0196	0.0097	0.0098	0.0000	0.0000	0.0000	0.0000	0.0000	0.0000	0.0000	0.0000	0.0000	0.0000	0.0000	0.0000	0.0000	0.0000	0.0000	0.0000	0.0000	0.0000						
6	37	0.1754	16	1	2	0	0	0	0	0	0	N	Y	N	N	N	N	N	N	N	N	N	N	71.3722	84.2760	0.0000	90.2650	100.2077	0.0000	0.0000	0.0000	0.0000	0.3581	0.4211	0.0000	0.9390	0.9926	0.0000	0.0000	0.0000	0.0000	0.0050	0.0050	0.0051	0.0104	0.0099	0.0212	0.0023	0.0000	0.0044	0.0000	0.5696	-0.0001	-0.0001	0.0167	1.9619	6.1901	8.3400	0.0002	0.0002	0.0000	0.0002	0.0002	0.0000	0.0000	0.0000	0.0000	0.0006	0.0004	0.0002	0.0004	0.0004	0.0000	0.0002	0.0000	0.0002	0.0006	0.0005	0.0001	0.0002	0.0002	0.0000	0.0004	0.0003	0.0001	0.1190	0.0761	0.0429	0.0401	0.0384	0.0018	0.0788	0.0377	0.0411	71.3722	84.2760	0.0000	90.2650	100.2077	0.0000	0.0000	0.0000	0.0000	0.0050	0.0050	0.0051	0.0104	0.0099	0.0212	0.0023	0.0000	0.0044
6	38	0.0299	3	2	1	1	0	0	0	0	0	Y	N	N	N	N	N	N	N	N	N	N	N	2.2414	0.0531	11.3644	0.0194	0.0193	0.0000	19.7212	11.3962	0.2516	0.0091	0.4990	0.0092	0.0092	0.0000	0.4927	0.0000	0.4990	0.1122	0.1705	0.0439	0.4720	0.4745	0.0878	0.0250	0.0000	0.0438	53.9573	0.2197	0.0001	-0.0026	0.0167	0.0095	6.1901	5.0631	0.0001	0.0000	0.0001	0.0000	0.0000	0.0000	0.0001	0.0000	0.0001	0.0070	0.0058	0.0013	0.0058	0.0058	0.0000	0.0013	0.0000	0.0013	0.0003	0.0002	0.0002	0.0002	0.0002	0.0000	0.0002	0.0000	0.0002	0.0626	0.0338	0.0288	0.0122	0.0121	0.0001	0.0504	0.0216	0.0288	2.2414	0.0531	11.3644	0.0194	0.0193	0.0000	19.7212	0.0000	11.3962	0.1122	0.1705	0.0439	0.4720	0.4745	0.0878	0.0250	0.0000	0.0438	
6	39	0.1571	15	1	2	0	0	0	0	0	0	N	Y	N	N	N	N	N	N	N	N	N	N	0.0131	87.3202	0.0000	2.2405	85.0953	0.0000	0.0000	0.0000	0.0900	0.1084	0.0000	0.1885	0.2228	0.0000	0.0000	0.0000	0.0000	6.8811	0.0012	24.9420	0.0841	0.0026	1.5689	9.9883	0.0000	22.4651	0.0000	8902.2891	-0.0000	0.3693	0.0167	1.1272	6.1901	11.0864	0.0000	0.0000	0.0000	0.0000	0.0000	0.0000	0.0000	0.0000	0.0000	0.8082	0.0001	0.8081	0.0031	0.0001	0.0030	0.8051	0.0000	0.8051	0.0005	0.0004	0.0001	0.0002	0.0002	0.0000	0.0003	0.0002	0.0000	0.1175	0.0731	0.0443	0.0368	0.0347	0.0022	0.0806	0.0385	0.0421	0.0131	87.3202	0.0000	2.2405	85.0953	0.0000	0.0000	0.0000	0.0000	6.8811	0.0012	18.2355	0.0841	0.0026	1.3780	9.9883	0.0000	19.1095	
6	40	0.1571	14	1	1	0	0	0	0	0	0	N	N	N	N	N	N	N	N	N	N	N	N	27.6538	24.4875	41.7513	37.4595	26.3238	16.0784	0.0000	0.0000	0.0000	0.2218	0.1380	0.5808	0.4034	0.2561	0.9741	0.0000	0.0000	0.0000	0.0080	0.0056	0.0139	0.0108	0.0097	0.0606	0.0060	0.0000	0.0125	0.9821	0.9990	0.0000	-0.0000	0.0167	0.4765	6.1901	0.2778	0.0001	0.0000	0.0000	0.0001	0.0000	0.0000	0.0000	0.0000	0.0000	0.0001	0.0001	0.0001	0.0001	0.0001	0.0000	0.0001	0.0000	0.0001	0.0003	0.0003	0.0001	0.0002	0.0001	0.0000	0.0001	0.0001	0.0000	0.0177	0.0126	0.0051	0.0074	0.0073	0.0002	0.0102	0.0053	0.0049	27.6538	24.4875	41.7513	37.4595	26.3238	16.0784	0.0000	0.0000	0.0000	0.0080	0.0056	0.0139	0.0108	0.0097	0.0606	0.0060	0.0000	0.0125
6	41	0.1593	14	1	2	0	1	0	0	0	0	N	Y	N	N	N	N	N	N	N	N	N	N	1.3967	0.8228	101.8663	48.4240	52.2683	3.2427	0.3134	0.0000	148.0907	0.0894	0.0850	0.1123	0.1991	0.2021	0.0259	0.0277	0.0000	0.1159	0.0640	0.1033	0.0011	0.0041	0.0039	0.0080	0.0883	0.1821	0.0008	0.2501	0.0067	-0.0000	-0.0094	0.0167	10.0333	6.1901	21.8674	0.0003	0.0002	0.0001	0.0002	0.0002	0.0000	0.0001	0.0000	0.0001	0.0176	0.0175	0.0001	0.0003	0.0003	0.0000	0.0172	0.0172	0.0001	0.0029	0.0025	0.0005	0.0010	0.0010	0.0000	0.0019	0.0014	0.0004	0.2747	0.1690	0.1057	0.0794	0.0747	0.0047	0.1953	0.0943	0.1010	1.3967	0.8228	101.8663	48.4240	52.2683	3.2427	0.3134	0.0000	148.0907	0.0640	0.1033	0.0011	0.0041	0.0039	0.0080	0.0883	0.1821	0.0008
6	42	0.0299	3	2	1	1	0	0	0	0	0	Y	N	N	N	N	N	N	N	N	N	N	N	483.0439	1236.1653	0.0000	785.3095	782.8525	0.0000	0.0000	0.0000	21.7827	33.0800	0.0000	51.5953	51.7054	0.0000	0.0000	0.0000	0.0000	0.0451	0.0268	0.0674	0.0657	0.0660	0.0000	0.0392	0.0000	0.0676	0.0000	2.0700	-0.0051	0.0002	0.0167	0.9968	6.1901	1.9513	0.0134	0.0134	0.0000	0.0134	0.0134	0.0000	0.0000	0.0000	0.0000	0.0018	0.0006	0.0012	0.0006	0.0006	0.0000	0.0012	0.0000	0.0012	0.0006	0.0004	0.0002	0.0003	0.0003	0.0000	0.0004	0.0001	0.0002	0.0405	0.0222	0.0183	0.0091	0.0090	0.0000	0.0315	0.0132	0.0182	483.0439	1236.1653	0.0000	785.3095	782.8525	0.0000	0.0000	0.0000	0.0000	0.0451	0.0268	0.0674	0.0657	0.0660	0.0000	0.0392	0.0000	0.0676	
6	43	0.0167	2	2	1	1	0	0	0	0	0	Y	N	N	N	N	N	N	N	N	N	N	N	0.9548	20.2983	0.0303	43.4488	43.4192	0.0000	0.0090	0.0000	0.0303	1.7071	2.0358	0.1065	5.5144	5.5153	0.0000	0.0262	0.0000	0.1065	1.7880	0.1003	3.5121	0.1269	0.1270	0.0009	2.8923	0.0000	3.5145	0.0107	34.2769	-0.0010	0.2009	0.0167	5.0018	6.1901	1.7716	0.0026	0.0026	0.0000	0.0026	0.0026	0.0000	0.0000	0.0000	0.0000	0.4685	0.0133	0.4552	0.0133	0.0133	0.0000	0.4552	0.0000	0.4552	0.0015	0.0013	0.0003	0.0005	0.0005	0.0000	0.0011	0.0008	0.0003	0.2620	0.1324	0.1296	0.1046	0.1046	0.0001	0.1574	0.0279	0.1295	0.9548	20.2983	0.0303	43.4488	43.4192	0.0000	0.0090	0.0000	0.0303	1.7880	0.1003	3.5121	0.1269	0.1270	0.0009	2.8923	0.0000	3.5145
6	47	0.1754	16	1	1	1	0	0	0	0	0	N	N	N	N	N	N	N	N	N	N	N	N	2.7994	0.0175	9.5445	6.9319	0.0228	26.2846	0.0000	0.0000	0.0000	0.0126	0.0000	0.0852	0.0338	0.0001	0.8482	0.0000	0.0000	0.0000	0.0045	0.0019	0.0089	0.0049	0.0035	0.0323	0.0043	0.0004	0.0079	443.0445	2.7479	0.0000	0.0001	0.0167	3.0460	6.1901	11.9126	0.0000	0.0000	0.0000	0.0000	0.0000	0.0000	0.0000	0.0000	0.0000	0.0007	0.0002	0.0005	0.0002	0.0002	0.0001	0.0005	0.0000	0.0004	0.0009	0.0007	0.0001	0.0003	0.0003	0.0000	0.0005	0.0004	0.0001	0.1562	0.0987	0.0575	0.0505	0.0480	0.0025	0.1057	0.0507	0.0550	2.7994	0.0175	9.5445	6.9319	0.0228	26.2846	0.0000	0.0000	0.0000	0.0045	0.0019	0.0089	0.0049	0.0035	0.0323	0.0043	0.0004	0.0079
6	48	0.1620	15	1	1	0	0	0	0	0	0	N	N	N	N	N	N	N	N	N	N	N	N	11.8338	9.3019	23.1918	14.4005	10.5497	29.4465	0.0396	0.0000	0.0874	0.0741	0.0585	0.1443	0.1831	0.1273	0.9114	0.0001	0.0000	0.0005	0.0063	0.0063	0.0062	0.0127	0.0121	0.0309	0.0031	0.0006	0.0054	0.5501	0.5501	-0.0000	-0.0001	0.0167	1.1082	6.1901	5.8288	0.0000	0.0000	0.0000	0.0000	0.0000	0.0000	0.0000	0.0000	0.0000	0.0005	0.0003	0.0002	0.0004	0.0003	0.0000	0.0002	0.0000	0.0002	0.0004	0.0003	0.0001	0.0002	0.0001	0.0000	0.0002	0.0002	0.0001	0.0855	0.0549	0.0305	0.0283	0.0273	0.0010	0.0572	0.0277	0.0296	11.8338	9.3019	23.1918	14.4005	10.5497	29.4465	0.0396	0.0000	0.0874	0.0063	0.0063	0.0062	0.0127	0.0121	0.0309	0.0031	0.0006	0.0054
6	49	0.1932	17	1	2	0	0	0	0	0	0	N	Y	N	N	N	N	N	N	N	N	N	N	0.0000	0.0000	0.0000	0.0000	0.0000	0.0000	0.0000	0.0000	0.0000	0.0000	0.0000	0.0000	0.0000	0.0005	0.0009	0.0000	0.0019	0.0021	0.0000	0.0000	0.0000	0.0000	0.0000	0.0000	-0.0000	0.0167	0.0000	6.1901	2.0001	0.0000	0.0000	0.0000	0.0000	0.0000	0.0000	0.0000	0.0000	0.0000	0.0000	0.0000	0.0000	0.0000	0.0000	0.0000	0.0000	0.0000	0.0000	0.0000	0.0000	0.0000	0.0000	0.0000	0.0000	0.0000	0.0000	0.0000	0.0183	0.0114	0.0070	0.0052	0.0048	0.0004	0.0131	0.0065	0.0066	0.0000	0.0000	0.0000	0.0000	0.0000	0.0000	0.0000	0.0000	0.0000	0.0005	0.0009	0.0000	0.0019	0.0021	0.0000	0.0000	0.0000	0.0000						
6	50	0.0962	10	2	2	1	0	0	0	0	0	Y	Y	N	N	N	N	N	N	N	N	N	N	0.0000	0.0000	0.0000	0.0000	0.0000	0.0000	0.0000	0.0000	0.0000	0.0000	0.0000	0.0000	0.0000	0.0002	0.0000	0.0009	0.0007	0.0000	0.0334	0.0000	0.0000	0.0000	inf	0.0000	0.0000	0.0167	0.0000	6.1901	1.7047	0.0000	0.0000	0.0000	0.0000	0.0000	0.0000	0.0000	0.0000	0.0000	0.0000	0.0000	0.0000	0.0000	0.0000	0.0000	0.0000	0.0000	0.0000	0.0000	0.0000	0.0000	0.0000	0.0000	0.0000	0.0000	0.0000	0.0000	0.0284	0.0204	0.0079	0.0098	0.0096	0.0002	0.0186	0.0109	0.0077	0.0000	0.0000	0.0000	0.0000	0.0000	0.0000	0.0000	0.0000	0.0000	0.0002	0.0000	0.0009	0.0007	0.0000	0.0334	0.0000	0.0000	0.0000						
6	51	0.0962	10	2	2	1	0	0	0	0	0	Y	Y	N	N	N	N	N	N	N	N	N	N	0.0000	0.0000	0.0000	0.0000	0.0000	0.0000	0.0000	0.0000	0.0000	0.0000	0.0000	0.0000	0.0000	0.0002	0.0002	0.0000	0.0004	0.0004	0.0000	0.0000	0.0000	0.0000	0.0000	0.0000	-0.0000	0.0167	0.0000	6.1901	0.2953	0.0000	0.0000	0.0000	0.0000	0.0000	0.0000	0.0000	0.0000	0.0000	0.0000	0.0000	0.0000	0.0000	0.0000	0.0000	0.0000	0.0000	0.0000	0.0000	0.0000	0.0000	0.0000	0.0000	0.0000	0.0000	0.0000	0.0000	0.0150	0.0127	0.0022	0.0067	0.0067	0.0000	0.0082	0.0061	0.0022	0.0000	0.0000	0.0000	0.0000	0.0000	0.0000	0.0000	0.0000	0.0000	0.0002	0.0002	0.0000	0.0004	0.0004	0.0000	0.0000	0.0000	0.0000						
6	52	0.0934	9	2	2	1	0	0	0	0	0	Y	Y	N	N	N	N	N	N	N	N	N	N	103.4359	0.0000	4123.5243	0.0000	0.0000	0.0000	415500.7363	0.0000	308113.3764	0.2440	0.0000	0.5026	0.0000	0.0000	0.0000	0.4850	0.0000	0.5027	0.0024	0.0037	0.0001	0.0082	0.0083	0.0069	0.0000	0.0000	0.0000	inf	0.0194	0.0000	-0.0000	0.0167	0.0001	6.1901	1.7968	0.0000	0.0000	0.0000	0.0000	0.0000	0.0000	0.0000	0.0000	0.0000	0.0001	0.0001	0.0000	0.0001	0.0001	0.0000	0.0000	0.0000	0.0000	0.0000	0.0000	0.0000	0.0000	0.0000	0.0000	0.0000	0.0000	0.0000	0.0226	0.0143	0.0083	0.0065	0.0063	0.0001	0.0161	0.0080	0.0082	103.4359	0.0000	4123.5243	0.0000	0.0000	0.0000	415500.7363	0.0000	308113.3764	0.0024	0.0037	0.0001	0.0082	0.0083	0.0069	0.0000	0.0000	0.0000
6	53	0.1391	7	2	2	0	0	0	0	0	0	Y	Y	N	N	N	N	N	N	N	N	N	N	0.4585	12.7239	0.0000	11.2043	14.4630	0.0000	0.0046	808.4455	0.0000	0.0147	0.0168	0.0000	0.0391	0.0398	0.0000	0.0002	0.0003	0.0000	0.0321	0.0013	0.0868	0.0035	0.0028	0.0297	0.0453	0.0000	0.0882	0.0000	36.9231	-0.0000	0.0005	0.0167	1.8240	6.1901	0.8872	0.0000	0.0000	0.0000	0.0000	0.0000	0.0000	0.0000	0.0000	0.0000	0.0011	0.0000	0.0010	0.0000	0.0000	0.0000	0.0010	0.0000	0.0010	0.0006	0.0005	0.0001	0.0002	0.0002	0.0000	0.0004	0.0003	0.0001	0.0331	0.0212	0.0119	0.0105	0.0102	0.0003	0.0226	0.0110	0.0116	0.4585	12.7239	0.0000	11.2043	14.4630	0.0000	0.0046	808.4455	0.0000	0.0321	0.0013	0.0868	0.0035	0.0028	0.0297	0.0453	0.0000	0.0882
6	54	0.2232	19	1	2	0	1	0	0	0	0	N	Y	N	N	N	N	N	N	N	N	N	N	0.0000	0.0000	0.0000	0.0000	0.0000	0.0000	0.0000	0.0000	0.0000	0.0000	0.0000	0.0000	0.0000	0.0000	0.0000	0.0273	0.0435	0.0000	0.0006	0.0007	0.0000	0.0473	0.0957	0.0000	0.0000	0.0000	-0.0008	0.0167	0.0007	6.1901	4.7762	0.0000	0.0000	0.0000	0.0000	0.0000	0.0000	0.0000	0.0000	0.0000	0.0015	0.0015	0.0000	0.0000	0.0000	0.0000	0.0015	0.0015	0.0000	0.0000	0.0000	0.0000	0.0000	0.0000	0.0000	0.0000	0.0000	0.0000	0.0554	0.0347	0.0207	0.0238	0.0191	0.0047	0.0316	0.0156	0.0160	0.0000	0.0000	0.0000	0.0000	0.0000	0.0000	0.0000	0.0000	0.0000	0.0273	0.0435	0.0000	0.0006	0.0007	0.0000	0.0473	0.0957	0.0000				
6	55	0.2232	19	1	1	0	1	0	0	0	0	N	N	N	N	N	N	N	N	N	N	N	N	0.0000	0.0000	0.0000	0.0000	0.0000	0.0000	0.0000	0.0000	0.0000	0.0000	0.0000	0.0000	0.0000	0.0000	0.0000	0.0000	0.0000	0.0000	20.1603	31.6467	0.0070	50.1042	56.9997	0.0007	0.0216	0.0343	0.0088	0.0001	0.0000	-0.4379	0.0167	0.0007	6.1901	3.2259	0.0000	0.0000	0.0000	0.0000	0.0000	0.0000	0.0000	0.0000	0.0000	0.8067	0.8066	0.0001	0.8063	0.8062	0.0000	0.0005	0.0004	0.0001	0.0000	0.0000	0.0000	0.0000	0.0000	0.0000	0.0000	0.0000	0.0000	0.0400	0.0255	0.0145	0.0174	0.0141	0.0033	0.0226	0.0113	0.0112	0.0000	0.0000	0.0000	0.0000	0.0000	0.0000	0.0000	0.0000	0.0000	20.1603	31.6467	0.0070	46.2077	56.9997	0.0007	0.0216	0.0343	0.0088	
6	56	0.2188	18	1	1	0	1	0	0	0	0	N	N	N	N	N	N	N	N	N	N	N	N	0.0000	0.0000	0.0000	0.0000	0.0000	0.0000	0.0000	0.0000	0.0000	0.0000	0.0000	0.0000	0.0000	0.0000	0.0000	0.0000	0.0000	0.0000	0.0509	0.0788	0.0002	0.1178	0.1428	0.0008	0.0006	0.0010	0.0001	0.0017	0.0000	-0.0008	0.0167	0.9953	6.1901	1.3904	0.0000	0.0000	0.0000	0.0000	0.0000	0.0000	0.0000	0.0000	0.0000	0.0015	0.0015	0.0000	0.0015	0.0015	0.0000	0.0000	0.0000	0.0000	0.0003	0.0002	0.0000	0.0001	0.0001	0.0000	0.0002	0.0001	0.0000	0.0298	0.0192	0.0106	0.0128	0.0105	0.0023	0.0170	0.0087	0.0083	0.0000	0.0000	0.0000	0.0000	0.0000	0.0000	0.0000	0.0000	0.0000	0.0509	0.0788	0.0002	0.1178	0.1428	0.0008	0.0006	0.0010	0.0001	
6	57	0.2121	17	1	1	0	1	0	0	0	0	N	N	N	N	N	N	N	N	N	N	N	N	4.0346	0.0000	279.5522	0.0000	0.0000	0.0000	8.3178	0.0000	3803.4859	0.0020	0.0000	0.0140	0.0000	0.0000	0.0000	0.0030	0.0000	0.0143	0.0005	0.0008	0.0001	0.0007	0.0008	0.0002	0.0004	0.0008	0.0000	inf	0.0409	0.0000	-0.0000	0.0167	0.0068	6.1901	3.2797	0.0000	0.0000	0.0000	0.0000	0.0000	0.0000	0.0000	0.0000	0.0000	0.0000	0.0000	0.0000	0.0000	0.0000	0.0000	0.0000	0.0000	0.0000	0.0000	0.0000	0.0000	0.0000	0.0000	0.0000	0.0000	0.0000	0.0000	0.0384	0.0234	0.0149	0.0162	0.0132	0.0031	0.0221	0.0103	0.0118	4.0346	0.0000	279.5522	0.0000	0.0000	0.0000	8.3178	0.0000	3803.4859	0.0005	0.0008	0.0001	0.0007	0.0008	0.0002	0.0004	0.0008	0.0000
6	58	0.1710	16	1	1	0	1	0	0	0	0	N	N	N	N	N	N	N	N	N	N	N	N	0.0021	0.0008	10.3998	0.3708	0.1653	33.6161	0.0003	0.0002	0.0104	0.0091	0.0055	0.0311	0.0219	0.0103	0.4839	0.0017	0.0021	0.0000	4.2958	6.9724	0.0030	0.0589	0.0620	0.0144	6.0420	12.4661	0.0024	0.9231	0.0003	0.0000	-0.4351	0.0167	5.8573	6.1901	13.1443	0.0000	0.0000	0.0000	0.0000	0.0000	0.0000	0.0000	0.0000	0.0000	0.8017	0.8015	0.0002	0.0032	0.0032	0.0001	0.7985	0.7983	0.0002	0.0017	0.0015	0.0002	0.0006	0.0006	0.0000	0.0011	0.0009	0.0002	0.1866	0.1150	0.0717	0.0545	0.0509	0.0036	0.1322	0.0640	0.0681	0.0021	0.0008	10.3998	0.3708	0.1653	33.6161	0.0003	0.0002	0.0104	4.2958	6.9724	0.0030	0.0589	0.0620	0.0144	6.0420	12.4661	0.0024
6	59	0.0935	10	1	2	1	0	0	0	0	0	N	Y	N	N	N	N	N	N	N	N	N	N	107.2991	125.0149	0.0000	79.8433	109.8633	0.0000	0.0000	0.0000	0.0000	0.0314	0.0379	0.0000	0.0833	0.0840	0.0000	0.0000	0.0000	0.0000	0.0003	0.0003	0.0003	0.0010	0.0008	0.0084	0.0000	0.0000	0.0001	0.0000	0.5369	-0.0000	-0.0000	0.0167	0.9979	6.1901	4.0614	0.0000	0.0000	0.0000	0.0000	0.0000	0.0000	0.0000	0.0000	0.0000	0.0000	0.0000	0.0000	0.0000	0.0000	0.0000	0.0000	0.0000	0.0000	0.0003	0.0003	0.0001	0.0001	0.0001	0.0000	0.0002	0.0002	0.0001	0.0515	0.0323	0.0192	0.0133	0.0128	0.0005	0.0382	0.0195	0.0187	107.2991	125.0149	0.0000	79.8433	109.8633	0.0000	0.0000	0.0000	0.0000	0.0003	0.0003	0.0003	0.0010	0.0008	0.0084	0.0000	0.0000	0.0001
6	60	0.0851	9	1	2	0	0	0	0	0	0	N	Y	N	N	N	N	N	N	N	N	N	N	19744.1783	19497.7412	2.8547	14937.5855	18088.0739	0.0000	3.6392	8.3915	3.4606	4.0148	0.0004	9.5363	9.6041	0.0000	0.0001	0.0000	0.0004	0.0002	0.0002	0.0001	0.0006	0.0005	0.0037	0.0000	0.0000	0.0000	0.0000	0.3688	-0.0009	-0.0000	0.0167	2.2356	6.1901	2.2044	0.0025	0.0025	0.0000	0.0025	0.0025	0.0000	0.0000	0.0000	0.0000	0.0000	0.0000	0.0000	0.0000	0.0000	0.0000	0.0000	0.0000	0.0000	0.0007	0.0006	0.0001	0.0003	0.0003	0.0000	0.0005	0.0004	0.0001	0.0450	0.0280	0.0170	0.0112	0.0109	0.0004	0.0338	0.0171	0.0166	19744.1783	19497.7412	2.8547	14937.5855	18088.0739	0.0000	3.6392	0.0000	8.3915	0.0002	0.0002	0.0001	0.0006	0.0005	0.0037	0.0000	0.0000	0.0000	
6	61	0.0234	5	2	1	1	0	0	0	0	0	Y	N	N	N	N	N	N	N	N	N	N	N	0.0001	0.0000	0.0003	0.0000	0.0000	0.0001	0.0001	0.0003	0.0009	0.0000	0.0066	0.0000	0.0000	0.0178	0.0013	0.0000	0.0066	8.4288	0.0765	23.1009	0.5083	0.2851	207.6375	9.7259	0.0000	19.1104	inf	210.9492	0.0000	0.3664	0.0167	2.0703	6.1901	7.0012	0.0000	0.0000	0.0000	0.0000	0.0000	0.0000	0.0000	0.0000	0.0000	0.8101	0.0038	0.8063	0.0069	0.0038	0.0031	0.8032	0.0000	0.8032	0.0006	0.0005	0.0001	0.0002	0.0002	0.0000	0.0004	0.0003	0.0001	0.0961	0.0499	0.0462	0.0135	0.0134	0.0001	0.0826	0.0365	0.0461	0.0001	0.0000	0.0004	0.0000	0.0000	0.0007	0.0001	0.0000	0.0004	8.4288	0.0765	17.4640	0.5083	0.2851	26.0497	9.7259	0.0000	17.4421	
6	62	0.0218	4	1	1	0	0	0	0	0	0	N	N	N	N	N	N	N	N	N	N	N	N	0.0252	0.0032	0.1169	0.0029	0.0027	0.3905	0.0482	0.0000	0.1162	0.0220	0.0023	0.1208	0.0066	0.0061	0.3379	0.0290	0.0000	0.1201	0.8722	0.7218	1.0333	2.2383	2.2483	0.8655	0.6019	0.0121	1.0342	10.5677	1.3363	0.0000	0.0003	0.0167	0.9285	6.1901	0.0280	0.0000	0.0000	0.0000	0.0000	0.0000	0.0000	0.0000	0.0000	0.0000	0.0099	0.0042	0.0057	0.0042	0.0042	0.0000	0.0057	0.0000	0.0056	0.0003	0.0002	0.0000	0.0001	0.0001	0.0000	0.0002	0.0001	0.0000	0.0113	0.0059	0.0055	0.0019	0.0019	0.0000	0.0095	0.0040	0.0055	0.0252	0.0032	0.1169	0.0029	0.0027	0.5528	0.0482	0.0000	0.1162	0.8722	0.7218	1.0333	2.2383	2.2483	0.6113	0.6019	0.0121	1.0342
6	63	0.1080	9	2	2	0	0	0	0	0	0	Y	Y	N	N	N	N	N	N	N	N	N	N	0.0229	0.0160	0.0000	0.0124	0.0123	0.0000	4.9499	3.9561	0.0000	0.0001	0.0001	0.0000	0.0001	0.0001	0.0000	0.0000	0.0000	0.0000	0.0023	0.0037	0.0000	0.0101	0.0103	0.0001	0.0000	0.0000	0.0000	0.0000	0.0003	-0.0000	-0.0000	0.0167	1.0023	6.1901	3.0135	0.0000	0.0000	0.0000	0.0000	0.0000	0.0000	0.0000	0.0000	0.0000	0.0001	0.0001	0.0000	0.0001	0.0001	0.0000	0.0000	0.0000	0.0000	0.0003	0.0002	0.0000	0.0001	0.0001	0.0000	0.0002	0.0001	0.0000	0.0405	0.0246	0.0159	0.0091	0.0089	0.0002	0.0315	0.0157	0.0157	0.0229	0.0160	0.0000	0.0124	0.0123	0.0000	4.9499	3.9561	0.0000	0.0023	0.0037	0.0000	0.0101	0.0103	0.0001	0.0000	0.0000	0.0000
6	64	0.0816	8	2	2	0	0	0	0	0	0	Y	Y	N	N	N	N	N	N	N	N	N	N	11.8154	16.2017	0.0178	9.2950	10.9478	0.0000	6.8518	inf	0.0218	0.0106	0.0122	0.0000	0.0241	0.0243	0.0000	0.0032	0.0040	0.0000	0.0009	0.0008	0.0011	0.0026	0.0022	0.0180	0.0005	0.0000	0.0009	0.0002	1.0291	-0.0000	-0.0000	0.0167	3.0820	6.1901	9.3392	0.0000	0.0000	0.0000	0.0000	0.0000	0.0000	0.0000	0.0000	0.0000	0.0001	0.0001	0.0001	0.0001	0.0001	0.0000	0.0000	0.0000	0.0000	0.0009	0.0008	0.0001	0.0003	0.0003	0.0000	0.0006	0.0005	0.0001	0.1173	0.0687	0.0486	0.0239	0.0233	0.0006	0.0934	0.0454	0.0480	11.8154	16.2017	0.0178	9.2950	10.9478	0.0000	6.8518	inf	0.0218	0.0009	0.0008	0.0011	0.0026	0.0022	0.0180	0.0005	0.0000	0.0009
6	65	0.0851	9	1	2	0	0	0	0	0	0	N	Y	N	N	N	N	N	N	N	N	N	N	26.5182	0.0000	31812.7115	0.1873	0.0000	704.3655	38344.1334	88593.3441	0.0140	0.0000	0.0990	0.0004	0.0000	0.0609	0.0218	0.0000	0.0997	0.0005	0.0009	0.0000	0.0023	0.0024	0.0001	0.0000	0.0000	0.0000	inf	0.0023	0.0000	-0.0000	0.0167	1.7946	6.1901	5.9592	0.0000	0.0000	0.0000	0.0000	0.0000	0.0000	0.0000	0.0000	0.0000	0.0000	0.0000	0.0000	0.0000	0.0000	0.0000	0.0000	0.0000	0.0000	0.0006	0.0005	0.0001	0.0002	0.0002	0.0000	0.0004	0.0003	0.0001	0.0725	0.0439	0.0286	0.0168	0.0162	0.0007	0.0556	0.0277	0.0279	26.5182	0.0000	31812.7115	0.1873	0.0000	704.3655	38344.1334	0.0000	88593.3441	0.0005	0.0009	0.0000	0.0023	0.0024	0.0001	0.0000	0.0000	0.0000	
6	66	0.0783	8	1	2	0	0	0	0	0	0	N	Y	N	N	N	N	N	N	N	N	N	N	14.5608	9.8193	24.6412	8.9715	8.6875	0.0000	9.2272	0.0000	25.8216	0.0192	0.0216	0.0019	0.0532	0.0536	0.0000	0.0004	0.0000	0.0019	0.0013	0.0022	0.0001	0.0059	0.0062	0.0002	0.0000	0.0000	0.0001	0.0121	0.0247	-0.0000	-0.0000	0.0167	1.3569	6.1901	2.0560	0.0000	0.0000	0.0000	0.0000	0.0000	0.0000	0.0000	0.0000	0.0000	0.0000	0.0000	0.0000	0.0000	0.0000	0.0000	0.0000	0.0000	0.0000	0.0004	0.0004	0.0001	0.0002	0.0002	0.0000	0.0003	0.0002	0.0001	0.0321	0.0188	0.0133	0.0070	0.0067	0.0003	0.0251	0.0121	0.0130	14.5608	9.8193	24.6412	8.9715	8.6875	0.0000	9.2272	0.0000	25.8216	0.0013	0.0022	0.0001	0.0059	0.0062	0.0002	0.0000	0.0000	0.0001
6	67	0.0649	7	1	2	0	0	0	0	0	0	N	Y	N	N	N	N	N	N	N	N	N	N	1.1504	1.3746	0.0000	1.5839	1.5656	0.0000	0.0000	0.0000	0.0000	0.0003	0.0004	0.0000	0.0010	0.0010	0.0000	0.0000	0.0000	0.0000	0.0003	0.0003	0.0003	0.0006	0.0006	0.0001	0.0002	0.0000	0.0003	0.0000	0.8135	-0.0000	-0.0000	0.0167	4.9477	6.1901	2.0153	0.0000	0.0000	0.0000	0.0000	0.0000	0.0000	0.0000	0.0000	0.0000	0.0000	0.0000	0.0000	0.0000	0.0000	0.0000	0.0000	0.0000	0.0000	0.0015	0.0013	0.0002	0.0005	0.0005	0.0000	0.0010	0.0008	0.0002	0.0775	0.0447	0.0328	0.0199	0.0195	0.0004	0.0576	0.0253	0.0324	1.1504	1.3746	0.0000	1.5839	1.5656	0.0000	0.0000	0.0000	0.0000	0.0003	0.0003	0.0003	0.0006	0.0006	0.0001	0.0002	0.0000	0.0003
6	68	0.1932	17	1	1	1	0	0	0	0	0	N	N	N	N	N	N	N	N	N	N	N	N	0.0000	0.0000	0.0000	0.0000	0.0000	0.0000	0.0000	0.0000	0.0000	0.0000	0.0000	0.0000	0.0000	0.0000	0.0000	0.0003	0.0000	0.0007	0.0010	0.0000	0.0130	0.0000	0.0000	0.0000	7692.0000	0.0000	0.0000	0.0167	0.0000	6.1901	4.0001	0.0000	0.0000	0.0000	0.0000	0.0000	0.0000	0.0000	0.0000	0.0000	0.0000	0.0000	0.0000	0.0000	0.0000	0.0000	0.0000	0.0000	0.0000	0.0000	0.0000	0.0000	0.0000	0.0000	0.0000	0.0000	0.0000	0.0000	0.0363	0.0225	0.0138	0.0103	0.0096	0.0008	0.0260	0.0129	0.0130	0.0000	0.0000	0.0000	0.0000	0.0000	0.0000	0.0000	0.0000	0.0000	0.0003	0.0000	0.0007	0.0010	0.0000	0.0130	0.0000	0.0000	0.0000				
6	69	0.1710	16	1	1	0	0	0	0	0	0	N	N	N	N	N	N	N	N	N	N	N	N	4.4721	3.3203	0.0028	3.6612	3.5410	0.0000	0.0054	0.1209	0.0029	0.2471	0.2876	0.0000	0.6327	0.6570	0.0000	0.0000	0.0000	0.0000	0.0553	0.0866	0.0036	0.1728	0.1855	0.0045	0.0019	0.0001	0.0035	0.0000	0.0251	-0.0001	-0.0037	0.0167	2.8240	6.1901	8.9883	0.0002	0.0002	0.0000	0.0002	0.0002	0.0000	0.0000	0.0000	0.0000	0.0072	0.0070	0.0002	0.0070	0.0070	0.0000	0.0002	0.0000	0.0002	0.0009	0.0008	0.0001	0.0004	0.0003	0.0000	0.0006	0.0004	0.0001	0.1294	0.0805	0.0489	0.0404	0.0376	0.0028	0.0890	0.0430	0.0460	4.4721	3.3203	0.0028	3.6612	3.5410	0.0000	0.0054	0.1209	0.0029	0.0553	0.0866	0.0036	0.1728	0.1855	0.0045	0.0019	0.0001	0.0035
6	70	0.1620	15	1	1	0	0	0	0	0	0	N	N	N	N	N	N	N	N	N	N	N	N	0.5654	0.3072	6.8955	10.7634	9.1323	8.9498	0.0011	0.0000	0.0465	0.0611	0.0479	0.1236	0.1553	0.1072	0.9040	0.0002	0.0000	0.0007	0.1081	0.1561	0.0179	0.0144	0.0117	0.1010	0.1579	0.3225	0.0153	0.5439	0.0610	-0.0000	-0.0036	0.0167	1.4521	6.1901	3.5882	0.0000	0.0000	0.0000	0.0000	0.0000	0.0000	0.0000	0.0000	0.0000	0.0075	0.0071	0.0004	0.0003	0.0003	0.0001	0.0071	0.0068	0.0004	0.0005	0.0004	0.0001	0.0002	0.0002	0.0000	0.0003	0.0002	0.0001	0.0693	0.0452	0.0241	0.0241	0.0233	0.0007	0.0452	0.0219	0.0233	0.5654	0.3072	6.8955	10.7634	9.1323	8.9498	0.0011	0.0000	0.0465	0.1081	0.1561	0.0179	0.0144	0.0117	0.1010	0.1579	0.3097	0.0153
6	71	0.1593	14	1	1	0	0	0	0	0	0	N	N	N	N	N	N	N	N	N	N	N	N	424.5763	751.0118	4.9884	910.6532	1202.9759	9.7544	0.0529	0.0000	0.0946	4.0574	5.4920	0.0709	9.3051	9.7260	0.8906	0.0005	0.0000	0.0011	0.0096	0.0073	0.0142	0.0102	0.0081	0.0913	0.0091	0.0063	0.0118	0.0046	0.9355	-0.0009	-0.0000	0.0167	1.1783	6.1901	0.9542	0.0024	0.0024	0.0000	0.0024	0.0024	0.0000	0.0000	0.0000	0.0000	0.0004	0.0002	0.0002	0.0002	0.0001	0.0000	0.0002	0.0001	0.0001	0.0006	0.0004	0.0002	0.0003	0.0002	0.0000	0.0003	0.0002	0.0001	0.0385	0.0260	0.0125	0.0149	0.0145	0.0004	0.0236	0.0115	0.0121	424.5763	751.0118	4.9884	910.6532	1202.9759	9.7544	0.0529	0.0000	0.0946	0.0096	0.0073	0.0142	0.0102	0.0081	0.0913	0.0091	0.0063	0.0118
6	72	0.1547	13	1	1	0	0	0	0	0	0	N	N	N	N	N	N	N	N	N	N	N	N	24.9673	31.2062	19.0329	42.2780	45.1620	22.0104	0.0371	0.0000	0.1157	0.1182	0.1171	0.1250	0.3121	0.2801	0.8679	0.0001	0.0000	0.0006	0.0047	0.0038	0.0066	0.0074	0.0062	0.0394	0.0033	0.0011	0.0054	0.1790	0.9387	-0.0000	-0.0000	0.0167	2.0762	6.1901	1.4610	0.0001	0.0001	0.0000	0.0001	0.0001	0.0000	0.0000	0.0000	0.0000	0.0002	0.0001	0.0001	0.0001	0.0001	0.0000	0.0001	0.0000	0.0001	0.0006	0.0005	0.0001	0.0002	0.0002	0.0000	0.0004	0.0003	0.0001	0.0483	0.0314	0.0169	0.0169	0.0163	0.0006	0.0314	0.0151	0.0163	24.9673	31.2062	19.0329	42.2780	45.1620	22.0104	0.0371	0.0000	0.1157	0.0047	0.0038	0.0066	0.0074	0.0062	0.0394	0.0033	0.0011	0.0054
6	73	0.0905	9	1	1	0	0	0	0	0	0	N	N	N	N	N	N	N	N	N	N	N	N	1.9879	1.4386	0.0000	1.0264	1.0257	0.0000	9.1516	69537.0962	0.0000	0.0083	0.0096	0.0000	0.0191	0.0193	0.0000	0.0025	0.0031	0.0000	0.0042	0.0067	0.0007	0.0186	0.0188	0.0131	0.0003	0.0000	0.0005	0.0000	0.0780	-0.0000	-0.0004	0.0167	4.0673	6.1901	17.8409	0.0000	0.0000	0.0000	0.0000	0.0000	0.0000	0.0000	0.0000	0.0000	0.0008	0.0008	0.0001	0.0008	0.0008	0.0000	0.0000	0.0000	0.0000	0.0012	0.0010	0.0002	0.0004	0.0004	0.0000	0.0008	0.0006	0.0002	0.1942	0.1130	0.0812	0.0413	0.0401	0.0013	0.1529	0.0729	0.0800	1.9879	1.4386	0.0000	1.0264	1.0257	0.0000	9.1516	69537.0962	0.0000	0.0042	0.0067	0.0007	0.0186	0.0188	0.0131	0.0003	0.0000	0.0005
6	75	0.2272	13	1	1	0	0	0	0	0	0	N	N	N	N	N	N	N	N	N	N	N	N	0.0138	0.0036	0.0361	0.0055	0.0051	0.0011	0.0394	0.0000	0.1038	0.0195	0.0008	0.1283	0.0129	0.0016	0.3970	0.0242	0.0000	0.1052	1.4155	0.2132	3.5568	2.3595	0.3196	351.1680	0.6139	0.0002	1.0140	28.9166	9.3679	0.0000	0.4034	0.0167	3.5843	6.1901	46.7516	0.0000	0.0000	0.0000	0.0000	0.0000	0.0000	0.0000	0.0000	0.0000	1.1187	0.1079	1.0108	0.8563	0.1079	0.7484	0.2624	0.0000	0.2624	0.0014	0.0012	0.0002	0.0006	0.0005	0.0000	0.0008	0.0006	0.0002	0.7903	0.5061	0.2842	0.3629	0.3375	0.0254	0.4274	0.1687	0.2587	0.0138	0.0036	0.0361	0.0055	0.0051	0.0135	0.0394	0.0000	0.1038	1.4155	0.2132	3.5568	2.3595	0.3196	29.4156	0.6139	0.0002	1.0140
6	76	0.0506	7	2	2	1	0	0	0	0	0	Y	Y	N	N	N	N	N	N	N	N	N	N	0.0000	0.0000	0.0000	0.0000	0.0000	0.0000	0.0000	0.0000	0.0000	0.0000	0.0000	0.0000	0.0000	0.0010	0.0018	0.0000	0.0047	0.0049	0.0000	0.0000	0.0000	0.0000	0.0000	0.0000	-0.0000	0.0167	1.0003	6.1901	1.0071	0.0000	0.0000	0.0000	0.0000	0.0000	0.0000	0.0000	0.0000	0.0000	0.0000	0.0000	0.0000	0.0000	0.0000	0.0000	0.0000	0.0000	0.0000	0.0003	0.0002	0.0000	0.0001	0.0001	0.0000	0.0002	0.0001	0.0000	0.0208	0.0111	0.0097	0.0043	0.0041	0.0002	0.0165	0.0070	0.0095	0.0000	0.0000	0.0000	0.0000	0.0000	0.0000	0.0000	0.0000	0.0000	0.0010	0.0018	0.0000	0.0047	0.0049	0.0000	0.0000	0.0000	0.0000						
6	77	0.0439	6	2	1	1	0	0	0	0	0	Y	N	N	N	N	N	N	N	N	N	N	N	0.0541	0.3077	0.0000	0.4436	0.4423	0.0000	0.0000	0.0000	0.0002	0.0002	0.0000	0.0006	0.0006	0.0000	0.0000	0.0000	0.0000	0.0033	0.0007	0.0093	0.0013	0.0013	0.0002	0.0045	0.0000	0.0094	0.0000	6.0203	-0.0000	0.0001	0.0167	0.9901	6.1901	2.2068	0.0000	0.0000	0.0000	0.0000	0.0000	0.0000	0.0000	0.0000	0.0000	0.0003	0.0000	0.0002	0.0000	0.0000	0.0000	0.0002	0.0000	0.0002	0.0003	0.0002	0.0000	0.0001	0.0001	0.0000	0.0002	0.0001	0.0000	0.0794	0.0550	0.0244	0.0288	0.0286	0.0002	0.0506	0.0264	0.0242	0.0541	0.3077	0.0000	0.4436	0.4423	0.0000	0.0000	0.0000	0.0000	0.0033	0.0007	0.0093	0.0013	0.0013	0.0002	0.0045	0.0000	0.0094	
6	78	0.1080	10	1	2	0	0	0	0	0	0	N	Y	N	N	N	N	N	N	N	N	N	N	0.1226	0.0884	0.0842	0.0398	0.0378	0.3477	12.2597	1861.9765	0.0000	0.0040	0.0046	0.0001	0.0046	0.0046	0.0028	0.0037	0.0046	0.0000	0.0327	0.0521	0.0009	0.1145	0.1208	0.0079	0.0003	0.0000	0.0006	0.0025	0.0106	-0.0000	-0.0044	0.0167	8.4371	6.1901	15.3349	0.0000	0.0000	0.0000	0.0000	0.0000	0.0000	0.0000	0.0000	0.0000	0.0082	0.0081	0.0001	0.0082	0.0081	0.0000	0.0001	0.0000	0.0001	0.0025	0.0021	0.0003	0.0008	0.0008	0.0000	0.0016	0.0013	0.0003	0.2514	0.1561	0.0952	0.0714	0.0674	0.0040	0.1800	0.0888	0.0913	0.1226	0.0884	0.0842	0.0398	0.0378	0.3477	12.2597	1861.9765	0.0000	0.0327	0.0521	0.0009	0.1145	0.1208	0.0079	0.0003	0.0000	0.0006
6	79	0.0439	6	2	1	1	0	0	0	0	0	Y	N	N	N	N	N	N	N	N	N	N	N	463.7306	445.5775	0.0000	4.4793	4.4252	1982.3916	inf	0.0000	3.0070	3.5141	0.0000	0.0786	0.0789	0.0000	4.3243	5.4573	0.0000	0.0065	0.0079	0.0042	0.0175	0.0178	0.0000	0.0022	0.0000	0.0042	0.0000	0.3195	-0.0009	-0.0003	0.0167	3.0096	6.1901	5.7427	0.0025	0.0025	0.0000	0.0000	0.0000	0.0000	0.0024	0.0024	0.0000	0.0009	0.0006	0.0002	0.0006	0.0006	0.0000	0.0002	0.0000	0.0002	0.0008	0.0007	0.0001	0.0003	0.0003	0.0000	0.0006	0.0004	0.0001	0.1318	0.0821	0.0497	0.0369	0.0364	0.0006	0.0949	0.0458	0.0491	463.7306	445.5775	0.0000	4.4793	4.4252	0.0000	1982.3916	inf	0.0000	0.0065	0.0079	0.0042	0.0175	0.0178	0.0000	0.0022	0.0000	0.0042	
6	80	0.0282	5	2	1	1	0	0	0	0	0	Y	N	N	N	N	N	N	N	N	N	N	N	0.0091	4.3015	0.0000	3.1922	3.1672	0.0000	0.0000	331.1919	0.0000	0.0895	0.1215	0.0002	0.2338	0.2347	0.0000	0.0002	0.0001	0.0002	9.8099	0.0282	29.7894	0.0732	0.0741	0.0008	12.3491	0.0000	26.5919	0.0006	646.5542	-0.0000	0.4001	0.0167	1.0477	6.1901	6.1154	0.0000	0.0000	0.0000	0.0000	0.0000	0.0000	0.0000	0.0000	0.0000	0.8784	0.0014	0.8770	0.0014	0.0014	0.0000	0.8770	0.0000	0.8770	0.0005	0.0003	0.0001	0.0002	0.0002	0.0000	0.0003	0.0002	0.0001	0.0895	0.0480	0.0415	0.0185	0.0183	0.0002	0.0710	0.0297	0.0413	0.0091	4.3015	0.0000	3.1922	3.1672	0.0000	0.0000	331.1919	0.0000	9.8099	0.0282	21.1296	0.0732	0.0741	0.0008	12.3491	0.0000	21.2390
6	81	0.0218	4	1	1	0	0	0	0	0	0	N	N	N	N	N	N	N	N	N	N	N	N	5.1000	19.7515	0.0008	15.2223	15.1316	0.0000	0.0003	0.0000	0.0008	4.1945	4.9446	0.0011	13.7862	13.8050	0.0000	0.0002	0.0000	0.0011	0.8225	0.2503	1.4342	0.9057	0.9123	0.0021	0.8086	0.0007	1.4373	0.0000	5.3576	-0.0009	0.0081	0.0167	1.9794	6.1901	1.0196	0.0024	0.0024	0.0000	0.0024	0.0024	0.0000	0.0000	0.0000	0.0000	0.0271	0.0043	0.0228	0.0043	0.0043	0.0000	0.0228	0.0000	0.0228	0.0006	0.0005	0.0001	0.0002	0.0002	0.0000	0.0004	0.0003	0.0001	0.0330	0.0170	0.0159	0.0047	0.0047	0.0000	0.0283	0.0124	0.0159	5.1000	19.7515	0.0008	15.2223	15.1316	0.0000	0.0003	0.0000	0.0008	0.8225	0.2503	1.4342	0.9057	0.9123	0.0021	0.8086	0.0007	1.4373
6	82	0.0196	3	1	1	0	0	0	0	0	0	N	N	N	N	N	N	N	N	N	N	N	N	0.0708	0.0189	0.4090	0.0236	0.0234	13.1890	0.1810	0.4075	0.0578	0.0210	0.2081	0.0526	0.0523	0.6887	0.0602	0.0000	0.2076	0.8163	1.1086	0.5088	2.2318	2.2381	0.0522	0.3326	0.0000	0.5095	2.4292	0.4363	0.0000	-0.0033	0.0167	1.0114	6.1901	0.0202	0.0000	0.0000	0.0000	0.0000	0.0000	0.0000	0.0000	0.0000	0.0000	0.0137	0.0096	0.0042	0.0096	0.0096	0.0000	0.0042	0.0000	0.0042	0.0003	0.0003	0.0001	0.0001	0.0001	0.0000	0.0002	0.0002	0.0001	0.0168	0.0086	0.0082	0.0043	0.0043	0.0000	0.0125	0.0044	0.0082	0.0708	0.0189	0.4090	0.0236	0.0234	13.1890	0.1810	0.0000	0.4075	0.8163	1.1086	0.5088	2.2318	2.2381	0.0522	0.3326	0.0000	0.5095	
6	84	0.1279	12	1	2	0	0	0	0	0	0	N	Y	N	N	N	N	N	N	N	N	N	N	0.0001	0.0035	0.0000	0.0109	0.0298	0.0000	0.0000	0.0000	0.0000	0.0001	0.0001	0.0000	0.0003	0.0003	0.0000	0.0000	0.0000	0.0000	1.0149	0.0344	2.5148	0.0285	0.0105	0.4276	1.4948	0.0595	2.6143	0.0127	47.8315	-0.0000	0.1846	0.0167	7.1084	6.1901	28.8937	0.0000	0.0000	0.0000	0.0000	0.0000	0.0000	0.0000	0.0000	0.0000	0.4229	0.0087	0.4142	0.0039	0.0014	0.0025	0.4190	0.0073	0.4117	0.0020	0.0017	0.0003	0.0007	0.0007	0.0000	0.0013	0.0011	0.0003	0.4167	0.2520	0.1647	0.1364	0.1291	0.0072	0.2803	0.1228	0.1575	0.0001	0.0035	0.0000	0.0109	0.0298	0.0000	0.0000	0.0000	0.0000	1.0149	0.0344	2.5148	0.0285	0.0105	0.3491	1.4948	0.0595	2.6143
6	85	0.1204	11	1	2	0	0	0	0	0	0	N	Y	N	N	N	N	N	N	N	N	N	N	0.0003	0.0035	0.0000	0.0087	0.0095	0.0000	0.0000	0.0000	0.0000	0.0028	0.0030	0.0015	0.0064	0.0066	0.0000	0.0003	0.0000	0.0017	10.7543	0.8469	54.2213	0.7324	0.6866	3.6330	17.3256	1.1529	48.0330	0.0736	19.0670	-0.0000	0.5630	0.0167	2.2208	6.1901	3.9129	0.0000	0.0000	0.0000	0.0000	0.0000	0.0000	0.0000	0.0000	0.0000	1.3826	0.0689	1.3137	0.0373	0.0338	0.0035	1.3453	0.0351	1.3102	0.0008	0.0007	0.0001	0.0003	0.0003	0.0000	0.0005	0.0004	0.0001	0.1286	0.0814	0.0472	0.0509	0.0492	0.0017	0.0777	0.0322	0.0455	0.0003	0.0035	0.0001	0.0087	0.0095	0.0000	0.0000	0.0000	0.0001	10.7543	0.8469	27.8281	0.7324	0.6866	2.0343	17.3256	1.0920	28.8086
6	86	0.1959	13	1	1	1	0	0	0	0	0	N	N	N	N	N	N	N	N	N	N	N	N	0.0025	0.0000	0.2405	0.0003	0.0000	0.2008	0.0136	0.0000	0.2800	0.0000	0.0000	0.0002	0.0000	0.0000	0.0008	0.0000	0.0000	0.0002	0.0105	0.0165	0.0009	0.0278	0.0295	0.0041	0.0027	0.0049	0.0007	inf	0.0320	0.0000	-0.0007	0.0167	5.3425	6.1901	7.0749	0.0000	0.0000	0.0000	0.0000	0.0000	0.0000	0.0000	0.0000	0.0000	0.0013	0.0013	0.0000	0.0011	0.0011	0.0000	0.0002	0.0002	0.0000	0.0015	0.0013	0.0002	0.0005	0.0005	0.0000	0.0010	0.0008	0.0002	0.1244	0.0768	0.0476	0.0389	0.0364	0.0026	0.0855	0.0404	0.0451	0.0025	0.0000	0.2405	0.0003	0.0000	0.2008	0.0136	0.0000	0.2800	0.0105	0.0165	0.0009	0.0278	0.0295	0.0041	0.0027	0.0049	0.0007
6	87	0.1527	12	1	1	0	0	0	0	0	0	N	N	N	N	N	N	N	N	N	N	N	N	0.0143	0.0000	1.9266	0.0004	0.0000	0.1963	0.0544	0.0000	2.2619	0.0037	0.0000	0.0282	0.0002	0.0000	0.0070	0.0058	0.0000	0.0298	0.2592	0.3988	0.0146	0.5214	0.5548	0.0357	0.1068	0.2155	0.0132	606.0095	0.0210	0.0000	-0.0377	0.0167	7.0719	6.1901	13.7350	0.0000	0.0000	0.0000	0.0000	0.0000	0.0000	0.0000	0.0000	0.0000	0.0721	0.0706	0.0015	0.0533	0.0531	0.0002	0.0188	0.0176	0.0012	0.0022	0.0019	0.0003	0.0008	0.0008	0.0000	0.0014	0.0011	0.0003	0.2783	0.1771	0.1011	0.1023	0.0957	0.0066	0.1760	0.0814	0.0945	0.0143	0.0000	1.9266	0.0004	0.0000	0.1963	0.0544	0.0000	2.2619	0.2592	0.3988	0.0146	0.5214	0.5548	0.0357	0.1068	0.2155	0.0132
6	88	0.0953	10	2	1	1	0	0	0	0	0	Y	N	N	N	N	N	N	N	N	N	N	N	0.0000	0.0000	0.0000	0.0000	0.0000	0.0000	0.0000	0.0000	0.0000	0.0000	0.0000	0.0000	0.0000	0.0000	0.0000	0.0000	0.0000	0.0000	0.0000	0.0000	0.0167	0.0000	6.1901	0.0000	0.0000	0.0000	0.0000	0.0000	0.0000	0.0000	0.0000	0.0000	0.0000	0.0000	0.0000	0.0000	0.0000	0.0000	0.0000	0.0000	0.0000	0.0000	0.0000	0.0000	0.0000	0.0000	0.0000	0.0000	0.0000	0.0000	0.0000	0.0000	0.0000	0.0000	0.0000	0.0000	0.0000	0.0000	0.0000	0.0000	0.0000	0.0000	0.0000	0.0000	0.0000	0.0000	0.0000	0.0000	0.0000	0.0000	0.0000	0.0000	0.0000	0.0000	0.0000	0.0000	0.0000	0.0000											
6	89	0.0934	9	2	1	1	0	0	0	0	0	Y	N	N	N	N	N	N	N	N	N	N	N	63.7646	0.0000	22980.2495	0.0000	0.0000	0.0000	246897.1147	0.0000	133690.5757	0.2440	0.0000	0.5026	0.0000	0.0000	0.0000	0.4850	0.0000	0.5027	0.0038	0.0057	0.0000	0.0117	0.0119	0.0012	0.0000	0.0000	0.0000	inf	0.0019	0.0000	-0.0000	0.0167	0.0001	6.1901	0.9161	0.0000	0.0000	0.0000	0.0000	0.0000	0.0000	0.0000	0.0000	0.0000	0.0001	0.0001	0.0000	0.0001	0.0001	0.0000	0.0000	0.0000	0.0000	0.0000	0.0000	0.0000	0.0000	0.0000	0.0000	0.0000	0.0000	0.0000	0.0142	0.0095	0.0048	0.0046	0.0046	0.0001	0.0096	0.0049	0.0047	63.7646	0.0000	22980.2495	0.0000	0.0000	0.0000	246897.1147	0.0000	133690.5757	0.0038	0.0057	0.0000	0.0117	0.0119	0.0012	0.0000	0.0000	0.0000
6	90	0.0686	8	2	1	1	0	0	0	0	0	Y	N	N	N	N	N	N	N	N	N	N	N	582.0622	0.0000	36497.5397	0.0000	0.0000	0.0000	22209.2390	58155.7133	11.2179	0.0000	84.1518	0.0000	0.0000	0.0000	17.3485	0.0000	86.2554	0.0193	0.0310	0.0023	0.0793	0.0800	0.0538	0.0008	0.0000	0.0015	inf	0.0514	0.0083	-0.0011	0.0167	3.7876	6.1901	7.8440	0.0135	0.0000	0.0135	0.0000	0.0000	0.0000	0.0135	0.0000	0.0135	0.0022	0.0021	0.0001	0.0022	0.0021	0.0000	0.0001	0.0000	0.0001	0.0012	0.0010	0.0002	0.0004	0.0004	0.0000	0.0008	0.0006	0.0002	0.1154	0.0682	0.0472	0.0272	0.0265	0.0007	0.0882	0.0418	0.0465	582.0622	0.0000	36497.5397	0.0000	0.0000	0.0000	22209.2390	0.0000	58155.7133	0.0193	0.0310	0.0023	0.0793	0.0800	0.0538	0.0008	0.0000	0.0015	
6	91	0.1009	10	1	2	0	1	0	0	0	0	N	Y	N	N	N	N	N	N	N	N	N	N	18.2561	2316.8238	0.0000	1614.3168	1654.3640	0.5978	0.0000	0.0000	0.0000	8.4370	13.2126	0.0000	18.8435	18.8929	0.0133	0.0000	0.0000	0.0000	0.4621	0.0057	1.0926	0.0117	0.0114	0.0223	0.6500	0.0001	1.1103	0.0000	138.7105	-0.0050	0.0443	0.0167	1.8247	6.1901	16.3284	0.0132	0.0132	0.0000	0.0132	0.0132	0.0000	0.0000	0.0000	0.0000	0.0985	0.0007	0.0978	0.0007	0.0007	0.0000	0.0978	0.0000	0.0978	0.0016	0.0010	0.0006	0.0007	0.0007	0.0000	0.0009	0.0003	0.0006	0.2131	0.1236	0.0895	0.0627	0.0613	0.0015	0.1504	0.0624	0.0880	18.2561	2316.8238	0.0000	1614.3168	1654.3640	0.5978	0.0000	0.0000	0.0000	0.4621	0.0057	1.0926	0.0117	0.0114	0.0223	0.6500	0.0001	1.1103
6	92	0.0905	9	1	2	0	0	0	0	0	0	N	Y	N	N	N	N	N	N	N	N	N	N	0.2840	0.0000	17.8822	0.0014	0.0000	0.2780	10.2180	0.0000	26.8088	0.0008	0.0000	0.0058	0.0000	0.0000	0.0019	0.0012	0.0000	0.0059	0.0027	0.0045	0.0003	0.0125	0.0127	0.0068	0.0001	0.0000	0.0002	inf	0.0523	0.0000	-0.0003	0.0167	9.1310	6.1901	16.1726	0.0000	0.0000	0.0000	0.0000	0.0000	0.0000	0.0000	0.0000	0.0000	0.0006	0.0006	0.0000	0.0006	0.0006	0.0000	0.0000	0.0000	0.0000	0.0025	0.0022	0.0003	0.0009	0.0009	0.0000	0.0017	0.0013	0.0003	0.2205	0.1283	0.0922	0.0467	0.0452	0.0015	0.1738	0.0830	0.0908	0.2840	0.0000	17.8822	0.0014	0.0000	0.2780	10.2180	0.0000	26.8088	0.0027	0.0045	0.0003	0.0125	0.0127	0.0068	0.0001	0.0000	0.0002
6	93	0.1754	15	1	2	0	0	0	0	0	0	N	Y	N	N	N	N	N	N	N	N	N	N	0.8146	0.1626	4.2317	1.4756	0.2098	270155.3296	0.0000	0.0000	0.0000	0.0015	0.0003	0.0093	0.0044	0.0007	0.3445	0.0000	0.0000	0.0000	0.0018	0.0016	0.0022	0.0030	0.0032	0.0000	0.0012	0.0000	0.0024	5.5761	0.8034	0.0000	-0.0000	0.0167	4.0959	6.1901	8.7137	0.0000	0.0000	0.0000	0.0000	0.0000	0.0000	0.0000	0.0000	0.0000	0.0003	0.0001	0.0001	0.0001	0.0001	0.0000	0.0001	0.0000	0.0001	0.0012	0.0010	0.0002	0.0004	0.0004	0.0000	0.0008	0.0006	0.0002	0.1409	0.0886	0.0523	0.0482	0.0446	0.0036	0.0927	0.0440	0.0487	0.8146	0.1626	4.2317	1.4756	0.2098	270155.3296	0.0000	0.0000	0.0000	0.0018	0.0016	0.0022	0.0030	0.0032	0.0000	0.0012	0.0000	0.0024
6	94	0.1571	14	1	2	0	0	0	0	0	0	N	Y	N	N	N	N	N	N	N	N	N	N	24.4793	63.9493	32.6196	133.2426	80.2576	513.6275	0.0000	0.0000	0.0000	0.3718	0.2355	1.1263	0.8992	0.5327	4.4167	0.0000	0.0000	0.0000	0.0152	0.0037	0.0345	0.0067	0.0066	0.0086	0.0191	0.0010	0.0358	0.8638	5.5774	0.0000	0.0004	0.0167	2.9443	6.1901	6.1524	0.0004	0.0002	0.0002	0.0004	0.0002	0.0002	0.0000	0.0000	0.0000	0.0014	0.0002	0.0012	0.0002	0.0002	0.0000	0.0012	0.0000	0.0012	0.0010	0.0008	0.0002	0.0004	0.0004	0.0000	0.0006	0.0005	0.0001	0.0913	0.0572	0.0341	0.0292	0.0275	0.0016	0.0621	0.0297	0.0324	24.4793	63.9493	32.6196	133.2426	80.2576	513.6275	0.0000	0.0000	0.0000	0.0152	0.0037	0.0345	0.0067	0.0066	0.0086	0.0191	0.0010	0.0358
6	95	0.1547	13	1	1	0	0	0	0	0	0	N	N	N	N	N	N	N	N	N	N	N	N	115.2971	144.2718	10.0027	156.2700	178.5588	9.2129	0.1090	0.0000	0.2919	0.5669	0.6591	0.0563	1.3585	1.4834	0.2067	0.0003	0.0000	0.0015	0.0049	0.0046	0.0056	0.0087	0.0083	0.0224	0.0026	0.0000	0.0051	0.0154	0.6072	-0.0001	-0.0000	0.0167	0.8596	6.1901	1.2300	0.0002	0.0002	0.0000	0.0002	0.0002	0.0000	0.0000	0.0000	0.0000	0.0002	0.0001	0.0001	0.0001	0.0001	0.0000	0.0001	0.0000	0.0001	0.0003	0.0002	0.0000	0.0001	0.0001	0.0000	0.0002	0.0001	0.0000	0.0353	0.0236	0.0116	0.0133	0.0130	0.0004	0.0219	0.0106	0.0113	115.2971	144.2718	10.0027	156.2700	178.5588	9.2129	0.1090	0.0000	0.2919	0.0049	0.0046	0.0056	0.0087	0.0083	0.0224	0.0026	0.0000	0.0051
6	96	0.1428	12	1	1	0	0	0	0	0	0	N	N	N	N	N	N	N	N	N	N	N	N	0.9025	2.1652	0.0142	1.2019	2.6775	0.0139	0.0000	0.0000	0.0000	0.0098	0.0112	0.0003	0.0258	0.0261	0.0058	0.0000	0.0000	0.0000	0.0109	0.0052	0.0209	0.0214	0.0098	0.4160	0.0052	0.0000	0.0096	0.0038	2.3031	-0.0000	0.0001	0.0167	3.7737	6.1901	2.5241	0.0000	0.0000	0.0000	0.0000	0.0000	0.0000	0.0000	0.0000	0.0000	0.0009	0.0003	0.0006	0.0006	0.0003	0.0004	0.0003	0.0000	0.0003	0.0012	0.0011	0.0002	0.0005	0.0005	0.0000	0.0008	0.0006	0.0001	0.0841	0.0536	0.0305	0.0294	0.0284	0.0010	0.0547	0.0252	0.0295	0.9025	2.1652	0.0142	1.2019	2.6775	0.0170	0.0000	0.0000	0.0000	0.0109	0.0052	0.0209	0.0214	0.0098	0.3393	0.0052	0.0000	0.0096
6	97	0.1220	11	1	1	0	0	0	0	0	0	N	N	N	N	N	N	N	N	N	N	N	N	0.0021	0.0014	0.0062	0.0030	0.0017	0.0189	0.0021	0.0000	0.0057	0.0004	0.0000	0.0026	0.0002	0.0001	0.0125	0.0005	0.0000	0.0024	0.1778	0.0216	0.4211	0.0639	0.0477	0.6586	0.2236	0.0000	0.4199	13.1565	12.5298	0.0000	0.0081	0.0167	6.4922	6.1901	4.5502	0.0000	0.0000	0.0000	0.0000	0.0000	0.0000	0.0000	0.0000	0.0000	0.0211	0.0016	0.0196	0.0022	0.0016	0.0006	0.0190	0.0000	0.0190	0.0018	0.0016	0.0002	0.0006	0.0006	0.0000	0.0012	0.0010	0.0002	0.1188	0.0724	0.0465	0.0341	0.0327	0.0013	0.0847	0.0396	0.0451	0.0021	0.0014	0.0062	0.0030	0.0017	0.0271	0.0021	0.0000	0.0057	0.1778	0.0216	0.4211	0.0639	0.0477	0.4597	0.2236	0.0000	0.4199
6	98	0.0686	8	1	2	0	0	0	0	0	0	N	Y	N	N	N	N	N	N	N	N	N	N	53.8431	40.8959	0.0000	34.6315	34.5831	0.0000	0.0000	0.0000	0.0000	0.0195	0.0229	0.0000	0.0502	0.0509	0.0000	0.0000	0.0000	0.0000	0.0004	0.0006	0.0001	0.0014	0.0015	0.0007	0.0000	0.0000	0.0001	0.0000	0.0977	-0.0000	-0.0000	0.0167	1.3608	6.1901	12.1483	0.0000	0.0000	0.0000	0.0000	0.0000	0.0000	0.0000	0.0000	0.0000	0.0000	0.0000	0.0000	0.0000	0.0000	0.0000	0.0000	0.0000	0.0000	0.0005	0.0004	0.0001	0.0002	0.0002	0.0000	0.0003	0.0002	0.0001	0.1306	0.0770	0.0536	0.0301	0.0293	0.0009	0.1004	0.0477	0.0527	53.8431	40.8959	0.0000	34.6315	34.5831	0.0000	0.0000	0.0000	0.0000	0.0004	0.0006	0.0001	0.0014	0.0015	0.0007	0.0000	0.0000	0.0001
6	99	0.0649	7	1	1	0	0	0	0	0	0	N	N	N	N	N	N	N	N	N	N	N	N	33.2763	2.3193	174.7206	2.8866	3.3089	0.0000	59.2742	0.0000	200.0126	0.0196	0.0009	0.1483	0.0023	0.0023	0.0000	0.0290	0.0000	0.1562	0.0006	0.0004	0.0008	0.0008	0.0007	0.0076	0.0005	0.0000	0.0008	23.3487	1.5683	0.0000	0.0000	0.0167	1.5300	6.1901	0.7696	0.0000	0.0000	0.0000	0.0000	0.0000	0.0000	0.0000	0.0000	0.0000	0.0000	0.0000	0.0000	0.0000	0.0000	0.0000	0.0000	0.0000	0.0000	0.0005	0.0004	0.0001	0.0002	0.0002	0.0000	0.0003	0.0003	0.0001	0.0375	0.0216	0.0158	0.0124	0.0122	0.0002	0.0251	0.0094	0.0157	33.2763	2.3193	174.7206	2.8866	3.3089	0.0000	59.2742	0.0000	200.0126	0.0006	0.0004	0.0008	0.0008	0.0007	0.0076	0.0005	0.0000	0.0008
6	100	0.0560	6	1	1	0	0	0	0	0	0	N	N	N	N	N	N	N	N	N	N	N	N	2.8012	2.9182	6.6739	3.5261	3.7334	0.0000	2.1179	0.0000	6.9165	0.0009	0.0006	0.0031	0.0015	0.0015	0.0000	0.0006	0.0000	0.0031	0.0003	0.0002	0.0005	0.0004	0.0004	0.0014	0.0003	0.0000	0.0005	0.7958	1.9290	0.0000	0.0000	0.0167	3.6906	6.1901	1.4800	0.0000	0.0000	0.0000	0.0000	0.0000	0.0000	0.0000	0.0000	0.0000	0.0000	0.0000	0.0000	0.0000	0.0000	0.0000	0.0000	0.0000	0.0000	0.0011	0.0010	0.0001	0.0004	0.0004	0.0000	0.0008	0.0006	0.0001	0.0673	0.0376	0.0296	0.0180	0.0176	0.0004	0.0493	0.0200	0.0293	2.8012	2.9182	6.6739	3.5261	3.7334	0.0000	2.1179	0.0000	6.9165	0.0003	0.0002	0.0005	0.0004	0.0004	0.0014	0.0003	0.0000	0.0005
6	101	0.0560	5	1	1	0	0	0	0	0	0	N	N	N	N	N	N	N	N	N	N	N	N	9.3341	5.5911	35.7960	10.4784	10.6529	0.0000	8.7399	0.0000	36.6311	0.0196	0.0112	0.0791	0.0263	0.0263	0.0000	0.0156	0.0000	0.0796	0.0021	0.0020	0.0022	0.0025	0.0025	0.0054	0.0018	0.0001	0.0022	1.0000	0.9584	0.0000	-0.0000	0.0167	0.1361	6.1901	0.4500	0.0000	0.0000	0.0000	0.0000	0.0000	0.0000	0.0000	0.0000	0.0000	0.0001	0.0000	0.0000	0.0000	0.0000	0.0000	0.0000	0.0000	0.0000	0.0001	0.0001	0.0000	0.0000	0.0000	0.0000	0.0000	0.0000	0.0000	0.0248	0.0133	0.0115	0.0107	0.0106	0.0001	0.0141	0.0027	0.0114	9.3341	5.5911	35.7960	10.4784	10.6529	0.0000	8.7399	0.0000	36.6311	0.0021	0.0020	0.0022	0.0025	0.0025	0.0054	0.0018	0.0001	0.0022
6	102	0.0402	4	1	1	0	0	0	0	0	0	N	N	N	N	N	N	N	N	N	N	N	N	70.2830	3103.4519	0.0005	2383.1272	2887.5834	0.0000	0.0003	0.0000	0.0005	9.7839	12.0904	0.0002	24.9853	25.0814	0.0000	0.0000	0.0000	0.0002	0.1392	0.0039	0.3041	0.0105	0.0087	0.4115	0.1816	0.0000	0.3040	0.0000	64.0530	-0.0051	0.0068	0.0167	3.5591	6.1901	4.5341	0.0134	0.0134	0.0000	0.0134	0.0134	0.0000	0.0000	0.0000	0.0000	0.0153	0.0002	0.0151	0.0003	0.0002	0.0001	0.0150	0.0000	0.0150	0.0014	0.0011	0.0003	0.0005	0.0005	0.0000	0.0008	0.0006	0.0003	0.1101	0.0605	0.0496	0.0273	0.0271	0.0001	0.0828	0.0334	0.0495	70.2830	3103.4519	0.0005	2383.1272	2887.5834	0.0000	0.0003	0.0000	0.0005	0.1392	0.0039	0.3041	0.0105	0.0087	0.3373	0.1816	0.0000	0.3040
6	104	0.1769	13	1	2	0	0	0	0	0	0	N	Y	N	N	N	N	N	N	N	N	N	N	0.2368	0.0250	0.7259	0.5301	0.0288	1178.5571	0.0193	0.0000	0.0359	0.0101	0.0006	0.0687	0.0230	0.0013	0.6843	0.0008	0.0000	0.0037	0.0428	0.0250	0.0947	0.0433	0.0458	0.0006	0.0424	0.0000	0.1043	17.8448	1.2978	0.0000	0.0000	0.0167	0.0277	6.1901	1.3445	0.0000	0.0000	0.0000	0.0000	0.0000	0.0000	0.0000	0.0000	0.0000	0.0011	0.0005	0.0006	0.0005	0.0005	0.0000	0.0006	0.0000	0.0006	0.0000	0.0000	0.0000	0.0000	0.0000	0.0000	0.0000	0.0000	0.0000	0.0264	0.0197	0.0067	0.0114	0.0107	0.0006	0.0151	0.0089	0.0061	0.2368	0.0250	0.7259	0.5301	0.0288	1178.5571	0.0193	0.0000	0.0359	0.0428	0.0250	0.0947	0.0433	0.0458	0.0006	0.0424	0.0000	0.1043
6	105	0.1302	12	1	2	0	0	0	0	0	0	N	Y	N	N	N	N	N	N	N	N	N	N	0.0009	0.0010	0.0005	0.0011	0.0010	117.1263	0.0000	0.0084	0.0000	0.0075	0.0080	0.0045	0.0208	0.0194	0.1422	0.0000	0.0000	0.0000	8.5223	8.2827	8.9010	18.8476	19.2651	0.0012	4.7729	0.0027	9.2333	0.0874	0.6797	-0.0000	-0.2293	0.0167	5.1414	6.1901	16.4151	0.0000	0.0000	0.0000	0.0000	0.0000	0.0000	0.0000	0.0000	0.0000	1.6582	0.9872	0.6710	0.9870	0.9870	0.0000	0.6712	0.0002	0.6710	0.0015	0.0013	0.0002	0.0005	0.0005	0.0000	0.0009	0.0007	0.0002	0.1946	0.1192	0.0754	0.0539	0.0512	0.0027	0.1406	0.0680	0.0727	0.0009	0.0010	0.0005	0.0011	0.0010	117.1263	0.0000	0.0084	0.0000	8.5223	8.2827	8.9010	18.2960	19.2651	0.0012	4.7729	0.0027	9.2333
6	106	0.1220	11	1	1	0	0	0	0	0	0	N	N	N	N	N	N	N	N	N	N	N	N	0.0030	0.0038	0.0051	0.0051	0.0049	0.0187	0.0017	0.0000	0.0046	0.0015	0.0010	0.0042	0.0028	0.0026	0.0197	0.0008	0.0000	0.0039	0.4836	0.2650	0.8377	0.5391	0.5284	1.0532	0.4575	0.0007	0.8366	0.6541	1.9510	0.0000	0.0041	0.0167	3.8974	6.1901	1.6364	0.0000	0.0000	0.0000	0.0000	0.0000	0.0000	0.0000	0.0000	0.0000	0.0348	0.0118	0.0230	0.0124	0.0118	0.0006	0.0224	0.0000	0.0224	0.0011	0.0010	0.0002	0.0004	0.0004	0.0000	0.0007	0.0006	0.0001	0.0719	0.0444	0.0274	0.0230	0.0223	0.0007	0.0489	0.0222	0.0267	0.0030	0.0038	0.0051	0.0051	0.0049	0.0224	0.0017	0.0000	0.0046	0.4836	0.2650	0.8377	0.5391	0.5284	0.8774	0.4575	0.0007	0.8366
6	107	0.1009	10	1	1	0	0	0	0	0	0	N	N	N	N	N	N	N	N	N	N	N	N	0.0393	0.0164	0.0380	0.0139	0.0107	9.8295	0.0512	0.0463	0.0375	0.2201	0.0009	0.4986	0.0014	0.0011	0.3299	0.4268	0.0001	0.4988	5.6007	0.0577	13.1230	0.0994	0.1005	0.0336	8.3319	0.0018	13.3011	413.8237	167.4960	0.0002	0.3746	0.0167	0.3701	6.1901	9.6236	0.0003	0.0000	0.0003	0.0000	0.0000	0.0000	0.0003	0.0000	0.0003	0.8303	0.0049	0.8254	0.0049	0.0049	0.0000	0.8254	0.0001	0.8254	0.0012	0.0007	0.0005	0.0006	0.0006	0.0000	0.0006	0.0001	0.0005	0.1483	0.0854	0.0629	0.0492	0.0483	0.0008	0.0991	0.0370	0.0621	0.0393	0.0164	0.0380	0.0139	0.0107	9.8295	0.0512	0.0463	0.0375	5.6007	0.0577	13.1230	0.0994	0.1005	0.0336	8.3319	0.0018	13.3011
6	108	0.0905	9	1	1	0	0	0	0	0	0	N	N	N	N	N	N	N	N	N	N	N	N	0.0660	338.8922	0.0006	298.4346	331.9128	0.5742	0.0005	0.0346	0.0006	1.2542	1.4227	0.0622	3.0914	3.1075	0.0276	0.0128	0.0000	0.0628	18.9973	0.0042	102.2203	0.0104	0.0094	0.0481	24.7961	0.0009	97.4242	0.0062	7711.4654	-0.0001	0.4743	0.0167	0.4415	6.1901	4.8853	0.0003	0.0003	0.0000	0.0003	0.0003	0.0000	0.0000	0.0000	0.0000	1.0380	0.0001	1.0379	0.0001	0.0001	0.0000	1.0379	0.0000	1.0378	0.0002	0.0002	0.0000	0.0001	0.0001	0.0000	0.0001	0.0001	0.0000	0.0546	0.0321	0.0226	0.0128	0.0125	0.0003	0.0419	0.0196	0.0223	0.0660	338.8922	0.0014	298.4346	331.9128	0.5742	0.0005	0.0346	0.0013	18.9973	0.0042	45.9652	0.0104	0.0094	0.0481	24.7961	0.0009	46.6435
6	109	0.1129	8	2	2	0	1	0	0	0	0	Y	Y	N	N	N	N	N	N	N	N	N	N	0.0000	0.0000	0.0000	0.0000	0.0000	0.0000	0.0000	0.0000	0.0000	0.0000	0.0000	0.0000	0.0000	0.0000	0.0000	0.0000	0.0000	0.0000	0.0000	0.0000	0.0167	0.0000	6.1901	0.0000	0.0000	0.0000	0.0000	0.0000	0.0000	0.0000	0.0000	0.0000	0.0000	0.0000	0.0000	0.0000	0.0000	0.0000	0.0000	0.0000	0.0000	0.0000	0.0000	0.0000	0.0000	0.0000	0.0000	0.0000	0.0000	0.0000	0.0000	0.0000	0.0000	0.0000	0.0000	0.0000	0.0000	0.0000	0.0000	0.0000	0.0000	0.0000	0.0000	0.0000	0.0000	0.0000	0.0000	0.0000	0.0000	0.0000	0.0000	0.0000	0.0000	0.0000	0.0000	0.0000	0.0000	0.0000											
6	110	0.0979	7	2	2	0	1	0	0	0	0	Y	Y	N	N	N	N	N	N	N	N	N	N	0.0000	0.0000	0.0000	0.0000	0.0000	0.0000	0.0000	0.0000	0.0000	0.0000	0.0000	0.0000	0.0000	0.0000	0.0000	0.0000	0.0000	0.0007	0.0007	0.0007	0.0029	0.0022	0.0127	0.0001	0.0000	0.0002	0.6434	0.0000	-0.0000	0.0167	0.0000	6.1901	7.1240	0.0000	0.0000	0.0000	0.0000	0.0000	0.0000	0.0000	0.0000	0.0000	0.0000	0.0000	0.0000	0.0000	0.0000	0.0000	0.0000	0.0000	0.0000	0.0000	0.0000	0.0000	0.0000	0.0000	0.0000	0.0000	0.0000	0.0000	0.0681	0.0402	0.0280	0.0148	0.0138	0.0010	0.0534	0.0264	0.0270	0.0000	0.0000	0.0000	0.0000	0.0000	0.0000	0.0000	0.0000	0.0000	0.0007	0.0007	0.0007	0.0029	0.0022	0.0127	0.0001	0.0000	0.0002		
6	111	0.1069	9	1	2	0	1	0	0	0	0	N	Y	N	N	N	N	N	N	N	N	N	N	0.0000	0.0000	0.0000	0.0000	0.0000	0.0000	0.0000	0.0000	0.0000	0.0000	0.0000	0.0000	0.0000	0.0000	0.0000	0.0000	0.0000	0.0009	0.0014	0.0000	0.0034	0.0039	0.0000	0.0000	0.0000	0.0000	0.0019	0.0000	-0.0000	0.0167	0.0016	6.1901	5.0076	0.0000	0.0000	0.0000	0.0000	0.0000	0.0000	0.0000	0.0000	0.0000	0.0000	0.0000	0.0000	0.0000	0.0000	0.0000	0.0000	0.0000	0.0000	0.0000	0.0000	0.0000	0.0000	0.0000	0.0000	0.0000	0.0000	0.0000	0.0470	0.0281	0.0190	0.0116	0.0103	0.0013	0.0354	0.0178	0.0177	0.0000	0.0000	0.0000	0.0000	0.0000	0.0000	0.0000	0.0000	0.0000	0.0009	0.0014	0.0000	0.0034	0.0039	0.0000	0.0000	0.0000	0.0000		
6	112	0.1000	8	1	2	0	1	0	0	0	0	N	Y	N	N	N	N	N	N	N	N	N	N	0.0000	0.0000	0.0000	0.0000	0.0000	0.0000	0.0000	0.0000	0.0000	0.0000	0.0000	0.0000	0.0000	0.0000	0.0000	0.0000	0.0000	0.0003	0.0000	0.0007	0.0003	0.0000	0.0038	0.0003	0.0000	0.0005	95.8866	0.0000	0.0000	0.0167	1.0012	6.1901	2.1373	0.0000	0.0000	0.0000	0.0000	0.0000	0.0000	0.0000	0.0000	0.0000	0.0000	0.0000	0.0000	0.0000	0.0000	0.0000	0.0000	0.0000	0.0000	0.0003	0.0003	0.0000	0.0001	0.0001	0.0000	0.0002	0.0002	0.0000	0.0327	0.0195	0.0132	0.0084	0.0077	0.0007	0.0243	0.0118	0.0126	0.0000	0.0000	0.0000	0.0000	0.0000	0.0000	0.0000	0.0000	0.0000	0.0003	0.0000	0.0007	0.0003	0.0000	0.0038	0.0003	0.0000	0.0005		
6	113	0.1083	8	1	2	0	0	0	0	0	0	N	Y	N	N	N	N	N	N	N	N	N	N	0.0000	0.0000	0.0000	0.0000	0.0000	0.0000	0.0000	0.0000	0.0000	0.0000	0.0000	0.0000	0.0000	0.0000	0.0000	0.0000	0.0000	0.0000	18.0041	0.0003	98.9717	0.0048	0.0009	0.0573	23.3573	0.0000	97.0384	92837.2074	0.0000	0.4512	0.0167	0.9705	6.1901	5.0371	0.0000	0.0000	0.0000	0.0000	0.0000	0.0000	0.0000	0.0000	0.0000	0.9873	0.0000	0.9872	0.0001	0.0000	0.0000	0.9872	0.0000	0.9872	0.0003	0.0003	0.0000	0.0001	0.0001	0.0000	0.0002	0.0002	0.0000	0.0548	0.0328	0.0221	0.0126	0.0117	0.0009	0.0423	0.0211	0.0212	0.0000	0.0000	0.0000	0.0000	0.0000	0.0000	0.0000	0.0000	0.0000	18.0041	0.0003	44.7145	0.0048	0.0009	0.0573	23.3573	0.0000	46.5483	
6	114	0.1000	8	1	1	1	1	0	0	0	0	N	N	N	N	N	N	N	N	N	N	N	N	0.0000	0.0000	0.0000	0.0000	0.0000	0.0000	0.0000	0.0000	0.0000	0.0000	0.0000	0.0000	0.0000	0.0000	0.0000	0.0006	0.0000	0.0016	0.0006	0.0000	0.0105	0.0007	0.0000	0.0012	inf	0.0000	0.0000	0.0167	0.0000	6.1901	1.1303	0.0000	0.0000	0.0000	0.0000	0.0000	0.0000	0.0000	0.0000	0.0000	0.0000	0.0000	0.0000	0.0000	0.0000	0.0000	0.0000	0.0000	0.0000	0.0000	0.0000	0.0000	0.0000	0.0000	0.0000	0.0000	0.0000	0.0000	0.0141	0.0084	0.0056	0.0041	0.0039	0.0002	0.0099	0.0046	0.0054	0.0000	0.0000	0.0000	0.0000	0.0000	0.0000	0.0000	0.0000	0.0000	0.0006	0.0000	0.0016	0.0006	0.0000	0.0105	0.0007	0.0000	0.0012				
6	115	0.0979	7	1	1	0	1	0	0	0	0	N	N	N	N	N	N	N	N	N	N	N	N	0.0000	0.0000	0.0000	0.0000	0.0000	0.0000	0.0000	0.0000	0.0000	0.0000	0.0000	0.0000	0.0000	0.0000	0.0000	0.0000	0.0000	0.0000	65.5330	109.3538	0.0013	0.0073	0.0070	0.0126	90.2685	194.3735	0.0010	0.0000	0.0000	-0.5389	0.0167	0.0000	6.1901	1.2340	0.0000	0.0000	0.0000	0.0000	0.0000	0.0000	0.0000	0.0000	0.0000	0.9926	0.9926	0.0000	0.0000	0.0000	0.0000	0.9925	0.9925	0.0000	0.0000	0.0000	0.0000	0.0000	0.0000	0.0000	0.0000	0.0000	0.0000	0.0151	0.0091	0.0061	0.0042	0.0040	0.0002	0.0110	0.0051	0.0059	0.0000	0.0000	0.0000	0.0000	0.0000	0.0000	0.0000	0.0000	0.0000	65.5330	109.3538	0.0013	0.0073	0.0070	0.0126	90.2685	194.3735	0.0010	
6	116	0.1054	8	1	1	1	1	0	0	0	0	N	N	N	N	N	N	N	N	N	N	N	N	149.0341	inf	0.0000	316.4441	inf	0.0000	6.6268	inf	0.0000	0.0002	0.0002	0.0000	0.0006	0.0006	0.0000	0.0000	0.0000	0.0000	0.0000	0.0000	0.0000	0.0000	0.0000	0.0000	0.0000	0.0000	0.0000	0.0000	inf	-0.0000	0.0000	0.0167	0.9725	6.1901	0.9874	0.0000	0.0000	0.0000	0.0000	0.0000	0.0000	0.0000	0.0000	0.0000	0.0000	0.0000	0.0000	0.0000	0.0000	0.0000	0.0000	0.0000	0.0000	0.0003	0.0003	0.0000	0.0001	0.0001	0.0000	0.0002	0.0002	0.0000	0.0190	0.0116	0.0075	0.0044	0.0041	0.0003	0.0146	0.0075	0.0072	149.0341	inf	0.0000	316.4441	inf	0.0000	6.6268	inf	0.0000	0.0000	0.0000	0.0000	0.0000	0.0000	0.0000	0.0000	0.0000	0.0000
6	117	0.1054	8	1	1	1	1	0	0	0	0	N	N	N	N	N	N	N	N	N	N	N	N	4753.6141	inf	0.0000	8549.5080	inf	0.0000	236.0454	inf	0.0000	0.0035	0.0039	0.0000	0.0078	0.0079	0.0000	0.0002	0.0002	0.0000	0.0000	0.0000	0.0000	0.0000	0.0000	0.0000	0.0000	0.0000	0.0000	0.0000	inf	-0.0000	0.0000	0.0167	0.0285	6.1901	4.0215	0.0000	0.0000	0.0000	0.0000	0.0000	0.0000	0.0000	0.0000	0.0000	0.0000	0.0000	0.0000	0.0000	0.0000	0.0000	0.0000	0.0000	0.0000	0.0000	0.0000	0.0000	0.0000	0.0000	0.0000	0.0000	0.0000	0.0000	0.0380	0.0228	0.0152	0.0085	0.0078	0.0007	0.0295	0.0150	0.0145	4753.6141	inf	0.0000	8549.5080	inf	0.0000	236.0454	inf	0.0000	0.0000	0.0000	0.0000	0.0000	0.0000	0.0000	0.0000	0.0000	0.0000
6	118	0.0979	7	1	1	1	1	0	0	0	0	N	N	N	N	N	N	N	N	N	N	N	N	333.1096	292.6585	0.0000	236.6045	242.7450	0.0000	104.7955	inf	0.0000	0.2545	0.2898	0.0000	0.6768	0.6822	0.0000	0.0173	0.0212	0.0000	0.0008	0.0010	0.0004	0.0029	0.0028	0.0036	0.0002	0.0000	0.0003	0.0000	0.3072	-0.0001	-0.0000	0.0167	3.0275	6.1901	2.1573	0.0002	0.0002	0.0000	0.0002	0.0002	0.0000	0.0000	0.0000	0.0000	0.0000	0.0000	0.0000	0.0000	0.0000	0.0000	0.0000	0.0000	0.0000	0.0009	0.0008	0.0001	0.0003	0.0003	0.0000	0.0006	0.0005	0.0001	0.0510	0.0301	0.0209	0.0113	0.0106	0.0007	0.0397	0.0195	0.0202	333.1096	292.6585	0.0000	236.6045	242.7450	0.0000	104.7955	inf	0.0000	0.0008	0.0010	0.0004	0.0029	0.0028	0.0036	0.0002	0.0000	0.0003
6	119	0.1391	7	2	2	0	0	0	0	0	0	Y	Y	N	N	N	N	N	N	N	N	N	N	0.1345	0.0089	0.4115	3.6063	0.0097	24543.5409	0.0069	0.0000	0.0187	0.0025	0.0000	0.0198	0.0065	0.0000	0.3803	0.0002	0.0000	0.0009	0.0187	0.0008	0.0480	0.0018	0.0019	0.0000	0.0256	0.0000	0.0493	382.9773	34.7395	0.0000	0.0005	0.0167	2.1883	6.1901	3.1271	0.0000	0.0000	0.0000	0.0000	0.0000	0.0000	0.0000	0.0000	0.0000	0.0011	0.0000	0.0010	0.0000	0.0000	0.0000	0.0010	0.0000	0.0010	0.0007	0.0006	0.0001	0.0002	0.0002	0.0000	0.0004	0.0003	0.0001	0.0564	0.0350	0.0213	0.0164	0.0158	0.0005	0.0400	0.0192	0.0208	0.1345	0.0089	0.4115	3.6063	0.0097	24543.5409	0.0069	0.0000	0.0187	0.0187	0.0008	0.0480	0.0018	0.0019	0.0000	0.0256	0.0000	0.0493
6	120	0.0722	6	2	2	0	0	0	0	0	0	Y	Y	N	N	N	N	N	N	N	N	N	N	0.0161	50.4162	0.0004	41.0846	40.6207	0.1953	0.0002	2913.1890	0.0005	0.0604	0.0691	0.0040	0.1764	0.1777	0.0002	0.0009	0.0002	0.0040	3.7564	0.0014	8.8365	0.0043	0.0044	0.0012	4.6073	0.0000	8.9358	0.0088	4766.9015	-0.0001	0.4541	0.0167	13.6104	6.1901	16.0982	0.0002	0.0002	0.0000	0.0002	0.0002	0.0000	0.0000	0.0000	0.0000	0.9939	0.0002	0.9937	0.0002	0.0002	0.0000	0.9937	0.0000	0.9937	0.0037	0.0032	0.0005	0.0013	0.0012	0.0000	0.0024	0.0020	0.0005	0.2646	0.1521	0.1125	0.0489	0.0477	0.0013	0.2157	0.1045	0.1112	0.0161	50.4162	0.0004	41.0846	40.6207	0.1953	0.0002	2913.1890	0.0005	3.7564	0.0014	8.8365	0.0043	0.0044	0.0012	4.6073	0.0000	8.9358
6	121	0.0767	6	1	2	0	0	0	0	0	0	N	Y	N	N	N	N	N	N	N	N	N	N	0.0020	1.6465	0.0001	1.7724	1.8843	0.0000	0.0001	0.0000	0.0002	0.0170	0.0187	0.0051	0.0379	0.0382	0.0000	0.0011	0.0000	0.0052	8.4473	0.0114	35.1754	0.0214	0.0203	0.0785	13.2447	0.0000	32.6380	0.0393	1169.0644	-0.0000	0.3931	0.0167	0.3548	6.1901	4.6068	0.0000	0.0000	0.0000	0.0000	0.0000	0.0000	0.0000	0.0000	0.0000	0.8618	0.0007	0.8610	0.0008	0.0007	0.0001	0.8610	0.0000	0.8610	0.0002	0.0002	0.0000	0.0001	0.0001	0.0000	0.0001	0.0001	0.0000	0.1020	0.0649	0.0371	0.0370	0.0363	0.0007	0.0650	0.0286	0.0364	0.0020	1.6465	0.0002	1.7724	1.8843	0.0000	0.0001	0.0000	0.0002	8.4473	0.0114	23.1833	0.0214	0.0203	0.0785	13.2447	0.0000	23.6257
6	122	0.0619	5	1	2	0	0	0	0	0	0	N	Y	N	N	N	N	N	N	N	N	N	N	0.6476	4.1711	0.0131	3.6424	3.5865	0.9574	0.0052	0.0174	0.0132	0.3678	0.4229	0.0157	1.0191	1.0250	0.0011	0.0034	0.0001	0.0159	0.5680	0.1014	1.1921	0.2798	0.2858	0.0012	0.6409	0.0041	1.2041	0.0058	8.7911	-0.0001	0.0157	0.0167	1.6911	6.1901	5.7022	0.0002	0.0002	0.0000	0.0002	0.0002	0.0000	0.0000	0.0000	0.0000	0.0442	0.0045	0.0397	0.0044	0.0044	0.0000	0.0398	0.0001	0.0397	0.0006	0.0005	0.0001	0.0002	0.0002	0.0000	0.0004	0.0003	0.0001	0.0778	0.0445	0.0333	0.0157	0.0154	0.0003	0.0621	0.0292	0.0330	0.6476	4.1711	0.0131	3.6424	3.5865	0.9574	0.0052	0.0174	0.0132	0.5680	0.1014	1.1921	0.2798	0.2858	0.0012	0.6409	0.0041	1.2041
6	124	0.1129	9	2	2	0	0	0	0	0	0	Y	Y	N	N	N	N	N	N	N	N	N	N	0.0000	0.0000	0.0000	0.0000	0.0000	0.0000	0.0000	0.0000	0.0000	0.0000	0.0000	0.0000	0.0000	0.0000	0.0000	0.0000	0.0000	0.0000	0.0000	0.0000	0.0167	0.0000	6.1901	0.0000	0.0000	0.0000	0.0000	0.0000	0.0000	0.0000	0.0000	0.0000	0.0000	0.0000	0.0000	0.0000	0.0000	0.0000	0.0000	0.0000	0.0000	0.0000	0.0000	0.0000	0.0000	0.0000	0.0000	0.0000	0.0000	0.0000	0.0000	0.0000	0.0000	0.0000	0.0000	0.0000	0.0000	0.0000	0.0000	0.0000	0.0000	0.0000	0.0000	0.0000	0.0000	0.0000	0.0000	0.0000	0.0000	0.0000	0.0000	0.0000	0.0000	0.0000	0.0000	0.0000	0.0000	0.0000											
6	125	0.1083	8	2	2	0	0	0	0	0	0	Y	Y	N	N	N	N	N	N	N	N	N	N	0.0000	0.0000	0.0000	0.0000	0.0000	0.0000	0.0000	0.0000	0.0000	0.0000	0.0000	0.0000	0.0000	0.0000	0.0000	0.0000	0.0000	0.0000	0.2544	0.4172	0.0012	1.0214	1.0846	0.0306	0.0000	0.0000	0.0000	0.0018	0.0000	-0.0029	0.0167	0.1434	6.1901	1.9839	0.0000	0.0000	0.0000	0.0000	0.0000	0.0000	0.0000	0.0000	0.0000	0.0054	0.0054	0.0000	0.0054	0.0054	0.0000	0.0000	0.0000	0.0000	0.0001	0.0001	0.0000	0.0000	0.0000	0.0000	0.0000	0.0000	0.0000	0.0213	0.0129	0.0083	0.0053	0.0050	0.0003	0.0160	0.0080	0.0080	0.0000	0.0000	0.0000	0.0000	0.0000	0.0000	0.0000	0.0000	0.0000	0.2544	0.4172	0.0012	1.0214	1.0846	0.0306	0.0000	0.0000	0.0000	
6	126	0.0979	7	1	2	0	0	0	0	0	0	N	Y	N	N	N	N	N	N	N	N	N	N	0.0000	0.0000	0.0000	0.0000	0.0000	0.0000	0.0000	0.0000	0.0000	0.0000	0.0000	0.0000	0.0000	0.0000	0.0000	0.0000	0.0000	0.0000	0.1153	0.0046	0.2749	0.0095	0.0101	0.0008	0.1458	0.0016	0.2848	41.1091	0.0000	0.0024	0.0167	1.8882	6.1901	2.9115	0.0000	0.0000	0.0000	0.0000	0.0000	0.0000	0.0000	0.0000	0.0000	0.0055	0.0001	0.0054	0.0001	0.0001	0.0000	0.0054	0.0000	0.0053	0.0006	0.0005	0.0001	0.0002	0.0002	0.0000	0.0004	0.0003	0.0001	0.0475	0.0281	0.0195	0.0106	0.0100	0.0007	0.0369	0.0181	0.0188	0.0000	0.0000	0.0000	0.0000	0.0000	0.0000	0.0000	0.0000	0.0000	0.1153	0.0046	0.2749	0.0095	0.0101	0.0008	0.1458	0.0016	0.2848	
6	127	0.0722	6	1	1	0	0	0	0	0	0	N	N	N	N	N	N	N	N	N	N	N	N	7258.1372	6731.0368	0.0000	5989.6738	6724.3876	0.0000	0.0000	0.0000	0.0000	12.3473	14.2230	0.0000	35.1976	35.4351	0.0000	0.0000	0.0000	0.0000	0.0017	0.0021	0.0011	0.0059	0.0053	0.0304	0.0007	0.0006	0.0008	0.0000	0.3993	-0.0051	-0.0001	0.0167	3.5543	6.1901	9.0319	0.0135	0.0135	0.0000	0.0135	0.0135	0.0000	0.0000	0.0000	0.0000	0.0002	0.0001	0.0001	0.0001	0.0001	0.0000	0.0001	0.0000	0.0000	0.0011	0.0009	0.0001	0.0004	0.0004	0.0000	0.0007	0.0006	0.0001	0.1221	0.0703	0.0519	0.0231	0.0225	0.0006	0.0991	0.0477	0.0513	7258.1372	6731.0368	0.0000	5989.6738	6724.3876	0.0000	0.0000	0.0000	0.0000	0.0017	0.0021	0.0011	0.0059	0.0053	0.0304	0.0007	0.0006	0.0008
7	8	0.1335	11	2	1	1	1	0	0	0	0	Y	N	N	N	N	N	N	N	N	N	N	N	0.0000	0.0000	0.0000	0.0000	0.0000	0.0000	0.0000	0.0000	0.0000	0.0000	0.0000	0.0000	0.0000	0.0000	0.0000	0.0000	0.0000	0.0000	0.0000	0.0000	0.9997	0.0000	1.8904	0.0000	0.0000	0.0000	0.0000	0.0000	0.0000	0.0000	0.0000	0.0000	0.0000	0.0000	0.0000	0.0000	0.0000	0.0000	0.0000	0.0000	0.0000	0.0000	0.0000	0.0000	0.0000	0.0000	0.0000	0.0000	0.0000	0.0000	0.0000	0.0000	0.0000	0.0000	0.0000	0.0000	0.0000	0.0000	0.0000	0.0000	0.0000	0.0000	0.0000	0.0000	0.0000	0.0000	0.0000	0.0000	0.0000	0.0000	0.0000	0.0000	0.0000	0.0000	0.0000	0.0000	0.0000	0.0000											
7	11	0.1508	15	1	0	2	0	0	0	0	0	N	N	Y	N	N	N	N	N	N	N	N	N	0.0000	0.0000	0.0000	0.0000	0.0000	0.0000	0.0000	0.0000	0.0000	0.0000	0.0000	0.0000	0.0000	0.0000	0.0000	0.0000	0.0000	0.0000	0.0000	0.0000	0.0000	0.0000	0.0000	0.0000	0.0000	0.0000	0.2561	0.0000	-0.0000	0.9997	4.1301	1.8904	9.5352	0.0000	0.0000	0.0000	0.0000	0.0000	0.0000	0.0000	0.0000	0.0000	0.0000	0.0000	0.0000	0.0000	0.0000	0.0000	0.0000	0.0000	0.0000	0.0303	0.0266	0.0037	0.0071	0.0067	0.0003	0.0233	0.0198	0.0034	0.0552	0.0354	0.0198	0.0169	0.0157	0.0013	0.0382	0.0197	0.0185	0.0000	0.0000	0.0000	0.0000	0.0000	0.0000	0.0000	0.0000	0.0000	0.0000	0.0000	0.0000	0.0000	0.0000	0.0000	0.0000	0.0000	0.0000		
7	12	0.0767	9	2	1	1	0	0	0	0	0	Y	N	N	N	N	N	N	N	N	N	N	N	0.0000	0.0000	0.0000	0.0000	0.0000	0.0000	0.0000	0.0000	0.0000	0.0000	0.0000	0.0000	0.0000	0.0000	0.0000	0.0000	0.0000	0.0000	0.0000	0.0000	0.0000	0.0000	0.0339	0.0000	-0.0000	0.9997	5.9431	1.8904	4.2945	0.0000	0.0000	0.0000	0.0000	0.0000	0.0000	0.0000	0.0000	0.0000	0.0000	0.0000	0.0000	0.0000	0.0000	0.0000	0.0000	0.0000	0.0000	0.0401	0.0348	0.0053	0.0040	0.0038	0.0002	0.0361	0.0310	0.0051	0.0497	0.0289	0.0208	0.0134	0.0127	0.0007	0.0363	0.0162	0.0201	0.0000	0.0000	0.0000	0.0000	0.0000	0.0000	0.0000	0.0000	0.0000	0.0000	0.0000	0.0000	0.0000	0.0000	0.0000	0.0000	0.0000	0.0000						
7	13	0.1207	11	1	0	2	1	0	0	0	0	N	N	Y	N	N	N	N	N	N	N	N	N	0.0000	0.0000	0.0000	0.0000	0.0000	0.0000	0.0000	0.0000	0.0000	0.0000	0.0000	0.0000	0.0000	0.0000	0.0000	0.0000	0.0000	0.0000	0.0000	0.0000	0.9997	0.0000	1.8904	3.8697	0.0000	0.0000	0.0000	0.0000	0.0000	0.0000	0.0000	0.0000	0.0000	0.0000	0.0000	0.0000	0.0000	0.0000	0.0000	0.0000	0.0000	0.0000	0.0000	0.0000	0.0000	0.0000	0.0000	0.0000	0.0000	0.0000	0.0000	0.0172	0.0107	0.0065	0.0055	0.0049	0.0006	0.0117	0.0057	0.0060	0.0000	0.0000	0.0000	0.0000	0.0000	0.0000	0.0000	0.0000	0.0000	0.0000	0.0000	0.0000	0.0000	0.0000	0.0000	0.0000	0.0000	0.0000											
7	14	0.0989	11	1	1	1	0	0	0	0	0	N	N	N	N	N	N	N	N	N	N	N	N	0.0000	0.0000	0.0000	0.0000	0.0000	0.0000	0.0000	0.0000	0.0000	0.0000	0.0000	0.0000	0.0000	0.0000	0.0000	0.0000	0.0000	0.0000	0.0000	0.0000	0.0000	0.0000	0.0000	0.0000	0.0000	0.3527	0.0000	-0.0000	0.9997	4.8103	1.8904	9.0653	0.0000	0.0000	0.0000	0.0000	0.0000	0.0000	0.0000	0.0000	0.0000	0.0000	0.0000	0.0000	0.0000	0.0000	0.0000	0.0000	0.0000	0.0000	0.0334	0.0291	0.0043	0.0048	0.0046	0.0002	0.0286	0.0245	0.0040	0.0532	0.0316	0.0216	0.0114	0.0105	0.0009	0.0418	0.0211	0.0208	0.0000	0.0000	0.0000	0.0000	0.0000	0.0000	0.0000	0.0000	0.0000	0.0000	0.0000	0.0000	0.0000	0.0000	0.0000	0.0000	0.0000	0.0000			
7	15	0.1207	11	1	0	1	1	0	0	0	0	N	N	N	N	N	N	N	N	N	N	N	N	0.0000	0.0000	0.0000	0.0000	0.0000	0.0000	0.0000	0.0000	0.0000	0.0000	0.0000	0.0000	0.0000	0.0000	0.0000	0.0000	0.0000	0.0000	0.0000	0.0000	0.9997	1.0000	1.8904	3.8697	0.0000	0.0000	0.0000	0.0000	0.0000	0.0000	0.0000	0.0000	0.0000	0.0000	0.0000	0.0000	0.0000	0.0000	0.0000	0.0000	0.0000	0.0000	0.0068	0.0059	0.0008	0.0013	0.0012	0.0001	0.0055	0.0047	0.0008	0.0211	0.0131	0.0080	0.0067	0.0060	0.0007	0.0144	0.0071	0.0073	0.0000	0.0000	0.0000	0.0000	0.0000	0.0000	0.0000	0.0000	0.0000	0.0000	0.0000	0.0000	0.0000	0.0000	0.0000	0.0000	0.0000	0.0000											
7	16	0.2394	21	1	1	1	1	0	0	0	0	N	N	N	N	N	N	N	N	N	N	N	N	0.0000	0.0000	0.0000	0.0000	0.0000	0.0000	0.0000	0.0000	0.0000	0.0000	0.0000	0.0000	0.0000	0.0000	0.0000	0.0000	0.0000	0.0000	0.0000	0.0000	0.0000	0.0000	0.0588	0.0000	-0.0000	0.9997	0.0040	1.8904	5.7722	0.0000	0.0000	0.0000	0.0000	0.0000	0.0000	0.0000	0.0000	0.0000	0.0000	0.0000	0.0000	0.0000	0.0000	0.0000	0.0000	0.0000	0.0000	0.0000	0.0000	0.0000	0.0000	0.0000	0.0000	0.0000	0.0000	0.0000	0.0247	0.0164	0.0083	0.0083	0.0077	0.0006	0.0164	0.0088	0.0077	0.0000	0.0000	0.0000	0.0000	0.0000	0.0000	0.0000	0.0000	0.0000	0.0000	0.0000	0.0000	0.0000	0.0000	0.0000	0.0000	0.0000	0.0000						
7	17	0.1141	13	1	1	1	0	0	0	0	0	N	N	N	N	N	N	N	N	N	N	N	N	0.0000	0.0000	0.0000	0.0000	0.0000	0.0000	0.0000	0.0000	0.0000	0.0000	0.0000	0.0000	0.0000	0.0000	0.0000	0.0008	0.0000	0.0020	0.0000	0.0000	0.0000	0.0010	0.0000	0.0021	inf	0.0000	0.0000	0.9997	1.0133	1.8904	7.9669	0.0000	0.0000	0.0000	0.0000	0.0000	0.0000	0.0000	0.0000	0.0000	0.0000	0.0000	0.0000	0.0000	0.0000	0.0000	0.0000	0.0000	0.0000	0.0069	0.0061	0.0009	0.0010	0.0009	0.0000	0.0060	0.0052	0.0008	0.0367	0.0226	0.0141	0.0087	0.0081	0.0006	0.0280	0.0145	0.0135	0.0000	0.0000	0.0000	0.0000	0.0000	0.0000	0.0000	0.0000	0.0000	0.0008	0.0000	0.0020	0.0000	0.0000	0.0000	0.0010	0.0000	0.0021				
7	18	0.1275	12	1	1	1	1	0	0	0	0	N	N	N	N	N	N	N	N	N	N	N	N	0.0000	0.0000	0.0000	0.0000	0.0000	0.0000	0.0000	0.0000	0.0000	0.0000	0.0000	0.0000	0.0000	0.0000	0.0000	0.0002	0.0004	0.0000	0.0007	0.0008	0.0000	0.0000	0.0000	0.0000	0.0001	0.0000	-0.0000	0.9997	0.9988	1.8904	1.0036	0.0000	0.0000	0.0000	0.0000	0.0000	0.0000	0.0000	0.0000	0.0000	0.0000	0.0000	0.0000	0.0000	0.0000	0.0000	0.0000	0.0000	0.0000	0.0068	0.0060	0.0008	0.0013	0.0013	0.0001	0.0055	0.0047	0.0008	0.0084	0.0053	0.0031	0.0027	0.0024	0.0004	0.0057	0.0029	0.0028	0.0000	0.0000	0.0000	0.0000	0.0000	0.0000	0.0000	0.0000	0.0000	0.0002	0.0004	0.0000	0.0007	0.0008	0.0000	0.0000	0.0000	0.0000				
7	19	0.1286	12	2	1	1	0	0	0	0	0	Y	N	N	N	N	N	N	N	N	N	N	N	0.0000	0.0000	0.0000	0.0000	0.0000	0.0000	0.0000	0.0000	0.0000	0.0000	0.0000	0.0000	0.0000	0.0000	0.0000	0.0288	0.0454	0.0000	0.1144	0.1222	0.0000	0.0000	0.0000	0.0000	0.0000	0.0000	-0.0003	0.9997	0.0025	1.8904	5.0336	0.0000	0.0000	0.0000	0.0000	0.0000	0.0000	0.0000	0.0000	0.0000	0.0006	0.0006	0.0000	0.0006	0.0006	0.0000	0.0000	0.0000	0.0000	0.0001	0.0001	0.0000	0.0000	0.0000	0.0000	0.0000	0.0000	0.0000	0.0208	0.0132	0.0076	0.0052	0.0049	0.0003	0.0155	0.0083	0.0073	0.0000	0.0000	0.0000	0.0000	0.0000	0.0000	0.0000	0.0000	0.0000	0.0288	0.0454	0.0000	0.1144	0.1222	0.0000	0.0000	0.0000	0.0000				
7	20	0.0974	9	1	1	1	0	0	0	0	0	N	N	N	N	N	N	N	N	N	N	N	N	0.0000	0.0000	0.0000	0.0000	0.0000	0.0000	0.0000	0.0000	0.0000	0.0000	0.0000	0.0000	0.0000	0.0000	0.0000	0.0000	0.0000	0.0000	0.0000	0.0000	0.0000	0.0000	inf	0.0000	0.0000	0.9997	1.9984	1.8904	3.0609	0.0000	0.0000	0.0000	0.0000	0.0000	0.0000	0.0000	0.0000	0.0000	0.0000	0.0000	0.0000	0.0000	0.0000	0.0000	0.0000	0.0000	0.0000	0.0195	0.0173	0.0022	0.0053	0.0052	0.0001	0.0142	0.0121	0.0021	0.0398	0.0270	0.0128	0.0154	0.0148	0.0006	0.0244	0.0122	0.0122	0.0000	0.0000	0.0000	0.0000	0.0000	0.0000	0.0000	0.0000	0.0000	0.0000	0.0000	0.0000	0.0000	0.0000	0.0000	0.0000	0.0000	0.0000						
7	21	0.2327	20	1	0	1	1	0	0	0	0	N	N	N	N	N	N	N	N	N	N	N	N	0.0000	0.0000	0.0000	0.0000	0.0000	0.0000	0.0000	0.0000	0.0000	0.0000	0.0000	0.0000	0.0000	0.0000	0.0000	0.0000	0.0000	0.0000	0.0000	0.0000	0.0000	0.0000	0.0000	0.0000	0.0000	1.0000	0.0000	-0.0000	0.9997	2.0028	1.8904	2.2704	0.0000	0.0000	0.0000	0.0000	0.0000	0.0000	0.0000	0.0000	0.0000	0.0000	0.0000	0.0000	0.0000	0.0000	0.0000	0.0000	0.0000	0.0000	0.0135	0.0118	0.0017	0.0021	0.0020	0.0001	0.0114	0.0098	0.0016	0.0188	0.0122	0.0066	0.0064	0.0059	0.0004	0.0125	0.0063	0.0062	0.0000	0.0000	0.0000	0.0000	0.0000	0.0000	0.0000	0.0000	0.0000	0.0000	0.0000	0.0000	0.0000	0.0000	0.0000	0.0000	0.0000	0.0000			
7	22	0.1159	13	2	0	2	0	0	0	0	0	Y	N	Y	N	N	N	N	N	N	N	N	N	0.0000	0.0000	0.0000	0.0000	0.0000	0.0000	0.0000	0.0000	0.0000	0.0000	0.0000	0.0000	0.0000	0.0000	0.0000	110.3894	181.3025	0.0000	59.9392	58.1590	0.0000	131.1726	264.5026	0.0000	0.0000	0.0000	-0.4803	0.9997	0.0000	1.8904	2.0000	0.0000	0.0000	0.0000	0.0000	0.0000	0.0000	0.0000	0.0000	0.0000	0.8845	0.8845	0.0000	0.1144	0.1144	0.0000	0.7701	0.7701	0.0000	0.0000	0.0000	0.0000	0.0000	0.0000	0.0000	0.0000	0.0000	0.0000	0.0080	0.0049	0.0031	0.0021	0.0020	0.0002	0.0059	0.0029	0.0030	0.0000	0.0000	0.0000	0.0000	0.0000	0.0000	0.0000	0.0000	0.0000	110.3894	181.3025	0.0000	53.4179	58.1590	0.0000	131.1726	264.5026	0.0000				
7	23	0.1485	15	1	1	1	0	0	0	0	0	N	N	N	N	N	N	N	N	N	N	N	N	0.0000	0.0000	0.0000	0.0000	0.0000	0.0000	0.0000	0.0000	0.0000	0.0000	0.0000	0.0000	0.0000	0.0000	0.0000	0.0000	0.0000	0.0069	0.0104	0.0000	0.0182	0.0195	0.0001	0.0000	0.0000	0.0000	0.0015	0.0000	-0.0003	0.9997	4.1010	1.8904	9.0979	0.0000	0.0000	0.0000	0.0000	0.0000	0.0000	0.0000	0.0000	0.0000	0.0005	0.0005	0.0000	0.0005	0.0005	0.0000	0.0000	0.0000	0.0000	0.0296	0.0259	0.0037	0.0054	0.0050	0.0003	0.0243	0.0208	0.0034	0.0718	0.0475	0.0243	0.0271	0.0253	0.0017	0.0447	0.0221	0.0226	0.0000	0.0000	0.0000	0.0000	0.0000	0.0000	0.0000	0.0000	0.0000	0.0069	0.0104	0.0000	0.0182	0.0195	0.0001	0.0000	0.0000	0.0000		
7	24	0.0767	8	2	1	1	0	0	0	0	0	Y	N	N	N	N	N	N	N	N	N	N	N	0.0000	0.0000	0.0000	0.0000	0.0000	0.0000	0.0000	0.0000	0.0000	0.0000	0.0000	0.0000	0.0000	0.0000	0.0000	0.0000	0.0004	0.0000	0.0009	0.0000	0.0000	0.0000	0.0005	0.0000	0.0009	3529.0706	0.0000	0.0000	0.9997	7.0513	1.8904	11.7448	0.0000	0.0000	0.0000	0.0000	0.0000	0.0000	0.0000	0.0000	0.0000	0.0000	0.0000	0.0000	0.0000	0.0000	0.0000	0.0000	0.0000	0.0000	0.0472	0.0410	0.0062	0.0046	0.0044	0.0002	0.0425	0.0366	0.0060	0.0809	0.0475	0.0334	0.0202	0.0190	0.0012	0.0607	0.0285	0.0322	0.0000	0.0000	0.0000	0.0000	0.0000	0.0000	0.0000	0.0000	0.0000	0.0004	0.0000	0.0009	0.0000	0.0000	0.0000	0.0005	0.0000	0.0009			
7	25	0.2165	16	1	1	1	0	0	0	0	0	N	N	N	N	N	N	N	N	N	N	N	N	0.0000	0.0000	0.0000	0.0000	0.0000	0.0000	0.0000	0.0000	0.0000	0.0000	0.0000	0.0000	0.0000	0.0000	0.0000	0.0000	0.0000	0.0000	0.0133	0.0204	0.0000	0.0378	0.0413	0.0000	0.0000	0.0000	0.0000	0.0009	0.0000	-0.0003	0.9997	4.7974	1.8904	5.1989	0.0000	0.0000	0.0000	0.0000	0.0000	0.0000	0.0000	0.0000	0.0000	0.0006	0.0006	0.0000	0.0006	0.0006	0.0000	0.0000	0.0000	0.0000	0.0375	0.0330	0.0045	0.0067	0.0063	0.0003	0.0308	0.0266	0.0042	0.0445	0.0289	0.0155	0.0156	0.0143	0.0013	0.0289	0.0147	0.0142	0.0000	0.0000	0.0000	0.0000	0.0000	0.0000	0.0000	0.0000	0.0000	0.0133	0.0204	0.0000	0.0378	0.0413	0.0000	0.0000	0.0000	0.0000	
7	26	0.1778	17	2	1	1	0	0	0	0	0	Y	N	N	N	N	N	N	N	N	N	N	N	0.0000	0.0000	0.0000	0.0000	0.0000	0.0000	0.0000	0.0000	0.0000	0.0000	0.0000	0.0000	0.0000	0.0000	0.0000	0.0000	0.0000	0.0000	0.0000	0.0000	0.0000	0.0000	0.0000	0.0000	0.0000	0.0000	0.0775	0.0000	-0.0000	0.9997	2.0195	1.8904	15.0171	0.0000	0.0000	0.0000	0.0000	0.0000	0.0000	0.0000	0.0000	0.0000	0.0000	0.0000	0.0000	0.0000	0.0000	0.0000	0.0000	0.0000	0.0000	0.0146	0.0128	0.0018	0.0035	0.0033	0.0002	0.0111	0.0095	0.0016	0.0693	0.0456	0.0236	0.0273	0.0249	0.0023	0.0420	0.0207	0.0213	0.0000	0.0000	0.0000	0.0000	0.0000	0.0000	0.0000	0.0000	0.0000	0.0000	0.0000	0.0000	0.0000	0.0000	0.0000	0.0000	0.0000	0.0000		
7	27	0.1691	16	1	0	1	0	0	0	0	0	N	N	N	N	N	N	N	N	N	N	N	N	0.0000	0.0000	0.0000	0.0000	0.0000	0.0000	0.0000	0.0000	0.0000	0.0000	0.0000	0.0000	0.0000	0.0000	0.0000	0.0000	0.0000	0.0000	0.0000	0.0000	0.0000	0.0000	0.0000	0.0000	0.0000	0.0000	0.5247	0.0000	-0.0000	0.9997	1.6438	1.8904	3.3228	0.0000	0.0000	0.0000	0.0000	0.0000	0.0000	0.0000	0.0000	0.0000	0.0000	0.0000	0.0000	0.0000	0.0000	0.0000	0.0000	0.0000	0.0000	0.0209	0.0189	0.0020	0.0071	0.0070	0.0001	0.0137	0.0119	0.0019	0.0315	0.0208	0.0106	0.0131	0.0124	0.0007	0.0184	0.0085	0.0099	0.0000	0.0000	0.0000	0.0000	0.0000	0.0000	0.0000	0.0000	0.0000	0.0000	0.0000	0.0000	0.0000	0.0000	0.0000	0.0000	0.0000	0.0000		
7	28	0.0316	4	1	1	1	0	0	0	0	0	N	N	N	N	N	N	N	N	N	N	N	N	0.0000	0.0000	0.0000	0.0000	0.0000	0.0000	0.0000	0.0000	0.0000	0.0000	0.0000	0.0000	0.0000	0.0000	0.0000	0.0000	0.0001	0.0003	0.0000	0.0008	0.0008	0.0000	0.0000	0.0000	0.0000	0.0075	0.0000	-0.0000	0.9997	3.0409	1.8904	16.1393	0.0000	0.0000	0.0000	0.0000	0.0000	0.0000	0.0000	0.0000	0.0000	0.0000	0.0000	0.0000	0.0000	0.0000	0.0000	0.0000	0.0000	0.0000	0.0214	0.0184	0.0030	0.0004	0.0004	0.0000	0.0210	0.0180	0.0030	0.0857	0.0476	0.0381	0.0153	0.0143	0.0010	0.0704	0.0333	0.0371	0.0000	0.0000	0.0000	0.0000	0.0000	0.0000	0.0000	0.0000	0.0000	0.0001	0.0003	0.0000	0.0008	0.0008	0.0000	0.0000	0.0000	0.0000			
7	29	0.0397	6	1	1	1	0	0	0	0	0	N	N	N	N	N	N	N	N	N	N	N	N	29118.9489	20672.6798	0.0000	164534.8974	157858.3477	0.0000	0.0000	0.0042	0.0049	0.0000	0.1169	0.1214	0.0000	0.0000	0.0000	0.0000	0.0000	0.0000	0.0000	0.0000	0.0000	0.0000	0.0000	0.0000	0.0000	0.0000	0.1176	-0.0000	-0.0000	0.9997	4.0695	1.8904	11.0027	0.0001	0.0001	0.0000	0.0001	0.0001	0.0000	0.0000	0.0000	0.0000	0.0000	0.0000	0.0000	0.0000	0.0000	0.0000	0.0000	0.0000	0.0000	0.0284	0.0245	0.0039	0.0010	0.0010	0.0000	0.0274	0.0235	0.0039	0.0656	0.0359	0.0297	0.0120	0.0111	0.0009	0.0536	0.0249	0.0288	29118.9489	20672.6798	0.0000	164534.8974	157858.3477	0.0000	0.0000	0.0000	0.0000	0.0000	0.0000	0.0000	0.0000	0.0000	0.0000	0.0000	0.0000	0.0000		
7	30	0.2004	19	1	1	2	1	0	0	0	0	N	N	Y	N	N	N	N	N	N	N	N	N	0.0000	0.0000	0.0000	0.0000	0.0000	0.0000	0.0000	0.0000	0.0000	0.0000	0.0000	0.0000	0.0000	0.0000	0.0000	0.0000	0.0000	0.0001	0.0000	0.0000	0.0000	0.0000	0.0000	0.0001	inf	0.0000	0.0000	0.9997	0.0021	1.8904	3.0281	0.0000	0.0000	0.0000	0.0000	0.0000	0.0000	0.0000	0.0000	0.0000	0.0000	0.0000	0.0000	0.0000	0.0000	0.0000	0.0000	0.0000	0.0000	0.0000	0.0000	0.0000	0.0000	0.0000	0.0000	0.0000	0.0000	0.0000	0.0130	0.0084	0.0046	0.0048	0.0044	0.0004	0.0083	0.0040	0.0042	0.0000	0.0000	0.0000	0.0000	0.0000	0.0000	0.0000	0.0000	0.0000	0.0000	0.0000	0.0001	0.0000	0.0000	0.0000	0.0000	0.0000	0.0001				
7	31	0.1778	18	1	0	1	1	0	0	0	0	N	N	N	N	N	N	N	N	N	N	N	N	0.0000	0.0000	0.0000	0.0000	0.0000	0.0000	0.0000	0.0000	0.0000	0.0000	0.0000	0.0000	0.0000	0.0000	0.0000	0.0039	0.0000	0.0112	0.0000	0.0000	0.0000	0.0063	0.0000	0.0123	46196.4153	0.0000	0.0001	0.9997	3.2874	1.8904	7.1999	0.0000	0.0000	0.0000	0.0000	0.0000	0.0000	0.0000	0.0000	0.0000	0.0002	0.0000	0.0002	0.0000	0.0000	0.0000	0.0002	0.0000	0.0002	0.0249	0.0217	0.0032	0.0056	0.0054	0.0002	0.0193	0.0163	0.0030	0.0437	0.0285	0.0151	0.0166	0.0152	0.0013	0.0271	0.0133	0.0138	0.0000	0.0000	0.0000	0.0000	0.0000	0.0000	0.0000	0.0000	0.0000	0.0039	0.0000	0.0112	0.0000	0.0000	0.0000	0.0063	0.0000	0.0123				
7	32	0.0965	10	1	1	1	0	0	0	0	0	N	N	N	N	N	N	N	N	N	N	N	N	0.0000	0.0000	0.0000	0.0000	0.0000	0.0000	0.0000	0.0000	0.0000	0.0000	0.0000	0.0000	0.0000	0.0000	0.0000	0.0000	0.0000	0.0000	0.0000	0.0000	0.0000	0.0000	inf	0.0000	0.0000	0.9997	4.3545	1.8904	19.4857	0.0000	0.0000	0.0000	0.0000	0.0000	0.0000	0.0000	0.0000	0.0000	0.0000	0.0000	0.0000	0.0000	0.0000	0.0000	0.0000	0.0000	0.0000	0.0353	0.0310	0.0044	0.0085	0.0080	0.0005	0.0269	0.0230	0.0039	0.0880	0.0535	0.0345	0.0199	0.0185	0.0014	0.0681	0.0350	0.0331	0.0000	0.0000	0.0000	0.0000	0.0000	0.0000	0.0000	0.0000	0.0000	0.0000	0.0000	0.0000	0.0000	0.0000	0.0000	0.0000	0.0000	0.0000						
7	33	0.1336	12	2	1	1	0	0	0	0	0	Y	N	N	N	N	N	N	N	N	N	N	N	0.0000	0.0000	0.0000	0.0000	0.0000	0.0000	0.0000	0.0000	0.0000	0.0000	0.0000	0.0000	0.0000	0.0000	0.0000	0.0000	0.0000	0.0000	0.0000	0.0000	0.9997	0.0000	1.8904	0.0000	0.0000	0.0000	0.0000	0.0000	0.0000	0.0000	0.0000	0.0000	0.0000	0.0000	0.0000	0.0000	0.0000	0.0000	0.0000	0.0000	0.0000	0.0000	0.0000	0.0000	0.0000	0.0000	0.0000	0.0000	0.0000	0.0000	0.0000	0.0000	0.0000	0.0000	0.0000	0.0000	0.0000	0.0000	0.0000	0.0000	0.0000	0.0000	0.0000	0.0000	0.0000	0.0000	0.0000	0.0000	0.0000	0.0000	0.0000	0.0000	0.0000	0.0000	0.0000	0.0000	0.0000	0.0000											
7	34	0.1691	16	1	1	1	1	0	0	0	0	N	N	N	N	N	N	N	N	N	N	N	N	0.0000	0.0000	0.0000	0.0000	0.0000	0.0000	0.0000	0.0000	0.0000	0.0000	0.0000	0.0000	0.0000	0.0000	0.0000	0.0000	0.0000	0.0000	0.0000	0.0000	0.0000	0.0000	0.0000	0.0099	0.0000	-0.0000	0.9997	6.4588	1.8904	12.7561	0.0000	0.0000	0.0000	0.0000	0.0000	0.0000	0.0000	0.0000	0.0000	0.0000	0.0000	0.0000	0.0000	0.0000	0.0000	0.0000	0.0000	0.0000	0.0524	0.0464	0.0060	0.0133	0.0129	0.0005	0.0391	0.0336	0.0055	0.0802	0.0519	0.0283	0.0302	0.0277	0.0024	0.0500	0.0242	0.0258	0.0000	0.0000	0.0000	0.0000	0.0000	0.0000	0.0000	0.0000	0.0000	0.0000	0.0000	0.0000	0.0000	0.0000	0.0000	0.0000	0.0000	0.0000					
7	35	0.1635	15	1	0	1	0	0	0	0	0	N	N	N	N	N	N	N	N	N	N	N	N	0.0000	0.0000	0.0000	0.0000	0.0000	0.0000	0.0000	0.0000	0.0000	0.0000	0.0000	0.0000	0.0000	0.0000	0.0000	0.0000	0.0000	0.0003	0.0005	0.0000	0.0007	0.0008	0.0000	0.0000	0.0000	0.0000	0.0032	0.0000	-0.0000	0.9997	2.5642	1.8904	2.5472	0.0000	0.0000	0.0000	0.0000	0.0000	0.0000	0.0000	0.0000	0.0000	0.0000	0.0000	0.0000	0.0000	0.0000	0.0000	0.0000	0.0000	0.0000	0.0284	0.0253	0.0031	0.0096	0.0091	0.0004	0.0188	0.0162	0.0026	0.0322	0.0214	0.0109	0.0131	0.0125	0.0006	0.0192	0.0089	0.0102	0.0000	0.0000	0.0000	0.0000	0.0000	0.0000	0.0000	0.0000	0.0000	0.0003	0.0005	0.0000	0.0007	0.0008	0.0000	0.0000	0.0000	0.0000		
7	36	0.2138	20	1	0	2	0	0	0	0	0	N	N	Y	N	N	N	N	N	N	N	N	N	0.0000	0.0000	0.0000	0.0000	0.0000	0.0000	0.0000	0.0000	0.0000	0.0000	0.0000	0.0000	0.0000	0.0000	0.0000	0.0000	0.0000	0.0000	0.0000	0.0000	0.9997	1.0000	1.8904	2.0003	0.0000	0.0000	0.0000	0.0000	0.0000	0.0000	0.0000	0.0000	0.0000	0.0000	0.0000	0.0000	0.0000	0.0000	0.0000	0.0000	0.0000	0.0000	0.0067	0.0058	0.0009	0.0012	0.0012	0.0001	0.0054	0.0047	0.0008	0.0116	0.0076	0.0040	0.0043	0.0038	0.0005	0.0074	0.0038	0.0036	0.0000	0.0000	0.0000	0.0000	0.0000	0.0000	0.0000	0.0000	0.0000	0.0000	0.0000	0.0000	0.0000	0.0000	0.0000	0.0000	0.0000	0.0000											
7	37	0.1960	19	1	1	1	0	0	0	0	0	N	N	N	N	N	N	N	N	N	N	N	N	0.0000	0.0000	0.0000	0.0000	0.0000	0.0000	0.0000	0.0000	0.0000	0.0000	0.0000	0.0000	0.0000	0.0000	0.0000	0.0000	0.0000	0.0000	0.0000	0.0001	0.0000	0.0000	0.0000	0.0001	0.0000	0.0001	16.2207	0.0000	0.0000	0.9997	1.9619	1.8904	8.3400	0.0000	0.0000	0.0000	0.0000	0.0000	0.0000	0.0000	0.0000	0.0000	0.0000	0.0000	0.0000	0.0000	0.0000	0.0000	0.0000	0.0000	0.0000	0.0136	0.0118	0.0018	0.0025	0.0024	0.0001	0.0111	0.0094	0.0017	0.0518	0.0345	0.0173	0.0207	0.0193	0.0014	0.0311	0.0152	0.0158	0.0000	0.0000	0.0000	0.0000	0.0000	0.0000	0.0000	0.0000	0.0000	0.0000	0.0000	0.0001	0.0000	0.0000	0.0000	0.0001	0.0000	0.0001		
7	38	0.0564	8	2	0	2	0	0	0	0	0	Y	N	Y	N	N	N	N	N	N	N	N	N	0.0000	0.0000	0.0000	0.0000	0.0000	0.0000	0.0000	0.0000	0.0000	0.0000	0.0000	0.0000	0.0000	0.0000	0.0000	0.0000	0.0000	0.0000	0.0000	0.0000	0.0000	0.0000	0.1176	0.0000	-0.0000	0.9997	0.0095	1.8904	5.0631	0.0000	0.0000	0.0000	0.0000	0.0000	0.0000	0.0000	0.0000	0.0000	0.0000	0.0000	0.0000	0.0000	0.0000	0.0000	0.0000	0.0000	0.0000	0.0002	0.0002	0.0000	0.0001	0.0001	0.0000	0.0001	0.0001	0.0000	0.0247	0.0142	0.0105	0.0055	0.0052	0.0003	0.0192	0.0090	0.0102	0.0000	0.0000	0.0000	0.0000	0.0000	0.0000	0.0000	0.0000	0.0000	0.0000	0.0000	0.0000	0.0000	0.0000	0.0000	0.0000	0.0000	0.0000						
7	39	0.1778	18	1	1	1	0	0	0	0	0	N	N	N	N	N	N	N	N	N	N	N	N	0.0000	0.0000	0.0000	0.0000	0.0000	0.0000	0.0000	0.0000	0.0000	0.0000	0.0000	0.0000	0.0000	0.0000	0.0000	0.0000	0.0000	0.0000	0.0000	0.0000	0.0000	0.0000	0.0078	0.0000	-0.0000	0.9997	1.1272	1.8904	11.0864	0.0000	0.0000	0.0000	0.0000	0.0000	0.0000	0.0000	0.0000	0.0000	0.0000	0.0000	0.0000	0.0000	0.0000	0.0000	0.0000	0.0000	0.0000	0.0105	0.0091	0.0014	0.0029	0.0028	0.0001	0.0076	0.0063	0.0013	0.0497	0.0324	0.0173	0.0188	0.0172	0.0016	0.0309	0.0152	0.0158	0.0000	0.0000	0.0000	0.0000	0.0000	0.0000	0.0000	0.0000	0.0000	0.0000	0.0000	0.0000	0.0000	0.0000	0.0000	0.0000	0.0000	0.0000						
7	40	0.1778	17	1	0	1	0	0	0	0	0	N	N	N	N	N	N	N	N	N	N	N	N	0.0000	0.0000	0.0000	0.0000	0.0000	0.0000	0.0000	0.0000	0.0000	0.0000	0.0000	0.0000	0.0000	0.0000	0.0000	0.0000	0.0000	0.0000	0.0000	0.0000	0.0000	0.0000	0.0000	0.0000	0.0000	1.0000	0.0000	-0.0000	0.9997	0.4765	1.8904	0.2778	0.0000	0.0000	0.0000	0.0000	0.0000	0.0000	0.0000	0.0000	0.0000	0.0000	0.0000	0.0000	0.0000	0.0000	0.0000	0.0000	0.0000	0.0000	0.0062	0.0053	0.0009	0.0021	0.0020	0.0000	0.0041	0.0033	0.0008	0.0079	0.0058	0.0021	0.0036	0.0035	0.0001	0.0043	0.0023	0.0020	0.0000	0.0000	0.0000	0.0000	0.0000	0.0000	0.0000	0.0000	0.0000	0.0000	0.0000	0.0000	0.0000	0.0000	0.0000	0.0000	0.0000	0.0000			
7	41	0.1799	17	1	1	1	1	0	0	0	0	N	N	N	N	N	N	N	N	N	N	N	N	0.0000	0.0000	0.0000	0.0000	0.0000	0.0000	0.0000	0.0000	0.0000	0.0000	0.0000	0.0000	0.0000	0.0000	0.0000	0.0000	0.0000	0.0000	0.0000	0.0000	0.9997	10.0333	1.8904	21.8674	0.0000	0.0000	0.0000	0.0000	0.0000	0.0000	0.0000	0.0000	0.0000	0.0000	0.0000	0.0000	0.0000	0.0000	0.0000	0.0000	0.0000	0.0000	0.0658	0.0574	0.0084	0.0120	0.0114	0.0006	0.0538	0.0460	0.0078	0.1162	0.0749	0.0413	0.0407	0.0372	0.0035	0.0755	0.0376	0.0378	0.0000	0.0000	0.0000	0.0000	0.0000	0.0000	0.0000	0.0000	0.0000	0.0000	0.0000	0.0000	0.0000	0.0000	0.0000	0.0000	0.0000	0.0000											
7	42	0.0564	8	2	0	2	0	0	0	0	0	Y	N	Y	N	N	N	N	N	N	N	N	N	0.0000	0.0000	0.0000	0.0000	0.0000	0.0000	0.0000	0.0000	0.0000	0.0000	0.0000	0.0000	0.0000	0.0000	0.0000	0.0000	0.0000	0.0000	0.0000	0.0000	0.0000	0.0000	0.1176	0.0000	-0.0000	0.9997	0.9968	1.8904	1.9513	0.0000	0.0000	0.0000	0.0000	0.0000	0.0000	0.0000	0.0000	0.0000	0.0000	0.0000	0.0000	0.0000	0.0000	0.0000	0.0000	0.0000	0.0000	0.0069	0.0060	0.0009	0.0006	0.0006	0.0000	0.0062	0.0053	0.0009	0.0156	0.0091	0.0065	0.0038	0.0036	0.0002	0.0118	0.0055	0.0063	0.0000	0.0000	0.0000	0.0000	0.0000	0.0000	0.0000	0.0000	0.0000	0.0000	0.0000	0.0000	0.0000	0.0000	0.0000	0.0000	0.0000	0.0000						
7	43	0.0432	7	2	0	2	0	0	0	0	0	Y	N	Y	N	N	N	N	N	N	N	N	N	0.0000	0.0000	0.0000	0.0000	0.0000	0.0000	0.0000	0.0000	0.0000	0.0000	0.0000	0.0000	0.0000	0.0000	0.0000	0.0000	0.0000	0.0000	0.0000	0.0000	0.0000	0.0000	inf	0.0000	0.0000	0.9997	5.0018	1.8904	1.7716	0.0000	0.0000	0.0000	0.0000	0.0000	0.0000	0.0000	0.0000	0.0000	0.0000	0.0000	0.0000	0.0000	0.0000	0.0000	0.0000	0.0000	0.0000	0.0342	0.0295	0.0046	0.0018	0.0018	0.0001	0.0323	0.0278	0.0045	0.0321	0.0175	0.0146	0.0066	0.0062	0.0004	0.0255	0.0113	0.0142	0.0000	0.0000	0.0000	0.0000	0.0000	0.0000	0.0000	0.0000	0.0000	0.0000	0.0000	0.0000	0.0000	0.0000	0.0000	0.0000	0.0000	0.0000						
7	44	0.0464	8	2	0	2	0	0	0	0	0	Y	N	Y	N	N	N	N	N	N	N	N	N	0.0000	0.0000	0.0000	0.0000	0.0000	0.0000	0.0000	0.0000	0.0000	0.0000	0.0000	0.0000	0.0000	0.0000	0.0000	0.0000	0.0002	0.0000	0.0005	0.0000	0.0000	0.0000	0.0003	0.0000	0.0006	2686.9412	0.0000	0.0000	0.9997	4.9860	1.8904	2.3663	0.0000	0.0000	0.0000	0.0000	0.0000	0.0000	0.0000	0.0000	0.0000	0.0000	0.0000	0.0000	0.0000	0.0000	0.0000	0.0000	0.0000	0.0000	0.0341	0.0295	0.0046	0.0019	0.0018	0.0001	0.0322	0.0277	0.0045	0.0396	0.0226	0.0170	0.0097	0.0092	0.0005	0.0299	0.0134	0.0165	0.0000	0.0000	0.0000	0.0000	0.0000	0.0000	0.0000	0.0000	0.0000	0.0002	0.0000	0.0005	0.0000	0.0000	0.0000	0.0003	0.0000	0.0006			
7	45	0.0432	7	2	0	1	0	0	0	0	0	Y	N	N	N	N	N	N	N	N	N	N	N	0.0000	0.0000	0.0000	0.0000	0.0000	0.0000	0.0000	0.0000	0.0000	0.0000	0.0000	0.0000	0.0000	0.0000	0.0000	0.0000	0.0000	0.0008	0.0015	0.0000	0.0033	0.0035	0.0000	0.0000	0.0000	0.0000	0.0135	0.0000	-0.0000	0.9997	0.0225	1.8904	1.9333	0.0000	0.0000	0.0000	0.0000	0.0000	0.0000	0.0000	0.0000	0.0000	0.0000	0.0000	0.0000	0.0000	0.0000	0.0000	0.0000	0.0000	0.0000	0.0002	0.0002	0.0000	0.0001	0.0001	0.0000	0.0002	0.0002	0.0000	0.0111	0.0060	0.0051	0.0027	0.0026	0.0001	0.0083	0.0033	0.0050	0.0000	0.0000	0.0000	0.0000	0.0000	0.0000	0.0000	0.0000	0.0000	0.0008	0.0015	0.0000	0.0033	0.0035	0.0000	0.0000	0.0000	0.0000		
7	46	0.0402	6	2	0	1	0	0	0	0	0	Y	N	N	N	N	N	N	N	N	N	N	N	0.0000	0.0000	0.0000	0.0000	0.0000	0.0000	0.0000	0.0000	0.0000	0.0000	0.0000	0.0000	0.0000	0.0000	0.0000	0.0000	0.0001	0.0001	0.0000	0.0000	0.0000	0.0000	0.0016	0.0000	-0.0000	0.9997	1.0095	1.8904	0.3555	0.0000	0.0000	0.0000	0.0000	0.0000	0.0000	0.0000	0.0000	0.0000	0.0000	0.0000	0.0000	0.0000	0.0000	0.0000	0.0000	0.0000	0.0000	0.0071	0.0061	0.0010	0.0004	0.0004	0.0000	0.0067	0.0058	0.0009	0.0064	0.0035	0.0029	0.0012	0.0011	0.0001	0.0051	0.0023	0.0028	0.0000	0.0000	0.0000	0.0000	0.0000	0.0000	0.0000	0.0000	0.0000	0.0000	0.0000	0.0000	0.0001	0.0001	0.0000	0.0000	0.0000	0.0000						
7	47	0.1960	19	1	0	2	0	0	0	0	0	N	N	Y	N	N	N	N	N	N	N	N	N	0.0000	0.0000	0.0000	0.0000	0.0000	0.0000	0.0000	0.0000	0.0000	0.0000	0.0000	0.0000	0.0000	0.0000	0.0000	0.0000	0.0000	0.0000	0.0085	0.0129	0.0000	0.0208	0.0225	0.0000	0.0007	0.0015	0.0000	0.0000	0.0000	-0.0003	0.9997	3.0460	1.8904	11.9126	0.0000	0.0000	0.0000	0.0000	0.0000	0.0000	0.0000	0.0000	0.0000	0.0006	0.0006	0.0000	0.0005	0.0005	0.0000	0.0000	0.0000	0.0000	0.0206	0.0179	0.0027	0.0037	0.0035	0.0002	0.0169	0.0144	0.0025	0.0677	0.0447	0.0230	0.0264	0.0244	0.0020	0.0413	0.0203	0.0209	0.0000	0.0000	0.0000	0.0000	0.0000	0.0000	0.0000	0.0000	0.0000	0.0085	0.0129	0.0000	0.0208	0.0225	0.0000	0.0007	0.0015	0.0000	
7	48	0.1826	18	1	0	1	0	0	0	0	0	N	N	N	N	N	N	N	N	N	N	N	N	0.0000	0.0000	0.0000	0.0000	0.0000	0.0000	0.0000	0.0000	0.0000	0.0000	0.0000	0.0000	0.0000	0.0000	0.0000	0.0000	0.0000	0.0000	0.0001	0.0000	0.0001	0.0001	0.0000	0.0000	0.0000	0.0000	0.0339	0.0000	-0.0000	0.9997	1.1082	1.8904	5.8288	0.0000	0.0000	0.0000	0.0000	0.0000	0.0000	0.0000	0.0000	0.0000	0.0000	0.0000	0.0000	0.0000	0.0000	0.0000	0.0000	0.0000	0.0000	0.0079	0.0068	0.0010	0.0014	0.0014	0.0001	0.0064	0.0055	0.0010	0.0373	0.0250	0.0124	0.0145	0.0137	0.0009	0.0228	0.0113	0.0115	0.0000	0.0000	0.0000	0.0000	0.0000	0.0000	0.0000	0.0000	0.0000	0.0000	0.0001	0.0000	0.0001	0.0001	0.0000	0.0000	0.0000	0.0000		
7	49	0.2138	20	1	1	1	0	0	0	0	0	N	N	N	N	N	N	N	N	N	N	N	N	0.0000	0.0000	0.0000	0.0000	0.0000	0.0000	0.0000	0.0000	0.0000	0.0000	0.0000	0.0000	0.0000	0.0000	0.0000	0.0000	0.0000	0.0000	0.0000	0.0000	0.9997	0.0000	1.8904	2.0001	0.0000	0.0000	0.0000	0.0000	0.0000	0.0000	0.0000	0.0000	0.0000	0.0000	0.0000	0.0000	0.0000	0.0000	0.0000	0.0000	0.0000	0.0000	0.0000	0.0000	0.0000	0.0000	0.0000	0.0000	0.0000	0.0000	0.0000	0.0078	0.0051	0.0027	0.0028	0.0025	0.0003	0.0050	0.0026	0.0024	0.0000	0.0000	0.0000	0.0000	0.0000	0.0000	0.0000	0.0000	0.0000	0.0000	0.0000	0.0000	0.0000	0.0000	0.0000	0.0000	0.0000	0.0000											
7	50	0.1168	13	2	1	2	0	0	0	0	0	Y	N	Y	N	N	N	N	N	N	N	N	N	0.0000	0.0000	0.0000	0.0000	0.0000	0.0000	0.0000	0.0000	0.0000	0.0000	0.0000	0.0000	0.0000	0.0000	0.0000	0.0000	0.0000	0.0000	0.0000	0.0000	0.9997	0.0000	1.8904	1.7047	0.0000	0.0000	0.0000	0.0000	0.0000	0.0000	0.0000	0.0000	0.0000	0.0000	0.0000	0.0000	0.0000	0.0000	0.0000	0.0000	0.0000	0.0000	0.0000	0.0000	0.0000	0.0000	0.0000	0.0000	0.0000	0.0000	0.0000	0.0125	0.0093	0.0032	0.0047	0.0045	0.0002	0.0079	0.0049	0.0030	0.0000	0.0000	0.0000	0.0000	0.0000	0.0000	0.0000	0.0000	0.0000	0.0000	0.0000	0.0000	0.0000	0.0000	0.0000	0.0000	0.0000	0.0000											
7	51	0.1168	13	2	1	2	0	0	0	0	0	Y	N	Y	N	N	N	N	N	N	N	N	N	0.0000	0.0000	0.0000	0.0000	0.0000	0.0000	0.0000	0.0000	0.0000	0.0000	0.0000	0.0000	0.0000	0.0000	0.0000	0.0000	0.0000	0.0000	0.0000	0.0000	0.9997	0.0000	1.8904	0.2953	0.0000	0.0000	0.0000	0.0000	0.0000	0.0000	0.0000	0.0000	0.0000	0.0000	0.0000	0.0000	0.0000	0.0000	0.0000	0.0000	0.0000	0.0000	0.0000	0.0000	0.0000	0.0000	0.0000	0.0000	0.0000	0.0000	0.0000	0.0069	0.0060	0.0009	0.0032	0.0031	0.0000	0.0037	0.0028	0.0009	0.0000	0.0000	0.0000	0.0000	0.0000	0.0000	0.0000	0.0000	0.0000	0.0000	0.0000	0.0000	0.0000	0.0000	0.0000	0.0000	0.0000	0.0000											
7	52	0.1140	12	2	1	2	0	0	0	0	0	Y	N	Y	N	N	N	N	N	N	N	N	N	0.0000	0.0000	0.0000	0.0000	0.0000	0.0000	0.0000	0.0000	0.0000	0.0000	0.0000	0.0000	0.0000	0.0000	0.0000	0.0000	0.0000	0.0000	0.0000	0.0000	0.9997	0.0001	1.8904	1.7968	0.0000	0.0000	0.0000	0.0000	0.0000	0.0000	0.0000	0.0000	0.0000	0.0000	0.0000	0.0000	0.0000	0.0000	0.0000	0.0000	0.0000	0.0000	0.0000	0.0000	0.0000	0.0000	0.0000	0.0000	0.0000	0.0000	0.0000	0.0097	0.0064	0.0033	0.0031	0.0029	0.0001	0.0066	0.0035	0.0032	0.0000	0.0000	0.0000	0.0000	0.0000	0.0000	0.0000	0.0000	0.0000	0.0000	0.0000	0.0000	0.0000	0.0000	0.0000	0.0000	0.0000	0.0000											
7	53	0.1598	10	2	1	1	0	0	0	0	0	Y	N	N	N	N	N	N	N	N	N	N	N	0.0000	0.0000	0.0000	0.0000	0.0000	0.0000	0.0000	0.0000	0.0000	0.0000	0.0000	0.0000	0.0000	0.0000	0.0000	0.0000	0.0001	0.0002	0.0000	0.0004	0.0004	0.0000	0.0000	0.0000	0.0000	0.0006	0.0000	-0.0000	0.9997	1.8240	1.8904	0.8872	0.0000	0.0000	0.0000	0.0000	0.0000	0.0000	0.0000	0.0000	0.0000	0.0000	0.0000	0.0000	0.0000	0.0000	0.0000	0.0000	0.0000	0.0000	0.0157	0.0141	0.0017	0.0040	0.0039	0.0001	0.0117	0.0102	0.0015	0.0142	0.0095	0.0047	0.0050	0.0047	0.0003	0.0092	0.0047	0.0045	0.0000	0.0000	0.0000	0.0000	0.0000	0.0000	0.0000	0.0000	0.0000	0.0001	0.0002	0.0000	0.0004	0.0004	0.0000	0.0000	0.0000	0.0000			
7	54	0.2438	22	1	1	1	1	0	0	0	0	N	N	N	N	N	N	N	N	N	N	N	N	0.0000	0.0000	0.0000	0.0000	0.0000	0.0000	0.0000	0.0000	0.0000	0.0000	0.0000	0.0000	0.0000	0.0000	0.0000	0.0000	0.0000	0.0000	0.0000	0.0000	0.9997	0.0007	1.8904	4.7762	0.0000	0.0000	0.0000	0.0000	0.0000	0.0000	0.0000	0.0000	0.0000	0.0000	0.0000	0.0000	0.0000	0.0000	0.0000	0.0000	0.0000	0.0000	0.0000	0.0000	0.0000	0.0000	0.0000	0.0000	0.0000	0.0000	0.0000	0.0213	0.0142	0.0071	0.0073	0.0068	0.0005	0.0140	0.0074	0.0066	0.0000	0.0000	0.0000	0.0000	0.0000	0.0000	0.0000	0.0000	0.0000	0.0000	0.0000	0.0000	0.0000	0.0000	0.0000	0.0000	0.0000	0.0000											
7	55	0.2438	22	1	0	1	1	0	0	0	0	N	N	N	N	N	N	N	N	N	N	N	N	0.0000	0.0000	0.0000	0.0000	0.0000	0.0000	0.0000	0.0000	0.0000	0.0000	0.0000	0.0000	0.0000	0.0000	0.0000	0.0000	0.0000	0.0000	0.0000	0.0000	0.9997	0.0007	1.8904	3.2259	0.0000	0.0000	0.0000	0.0000	0.0000	0.0000	0.0000	0.0000	0.0000	0.0000	0.0000	0.0000	0.0000	0.0000	0.0000	0.0000	0.0000	0.0000	0.0000	0.0000	0.0000	0.0000	0.0000	0.0000	0.0000	0.0000	0.0000	0.0154	0.0104	0.0050	0.0054	0.0051	0.0003	0.0100	0.0054	0.0046	0.0000	0.0000	0.0000	0.0000	0.0000	0.0000	0.0000	0.0000	0.0000	0.0000	0.0000	0.0000	0.0000	0.0000	0.0000	0.0000	0.0000	0.0000											
7	56	0.2394	21	1	0	1	1	0	0	0	0	N	N	N	N	N	N	N	N	N	N	N	N	0.0000	0.0000	0.0000	0.0000	0.0000	0.0000	0.0000	0.0000	0.0000	0.0000	0.0000	0.0000	0.0000	0.0000	0.0000	0.0000	0.0000	0.0000	0.0000	0.0000	0.0000	0.0000	0.0556	0.0000	-0.0000	0.9997	0.9953	1.8904	1.3904	0.0000	0.0000	0.0000	0.0000	0.0000	0.0000	0.0000	0.0000	0.0000	0.0000	0.0000	0.0000	0.0000	0.0000	0.0000	0.0000	0.0000	0.0000	0.0068	0.0059	0.0009	0.0011	0.0010	0.0001	0.0057	0.0049	0.0008	0.0118	0.0081	0.0037	0.0042	0.0040	0.0003	0.0076	0.0042	0.0034	0.0000	0.0000	0.0000	0.0000	0.0000	0.0000	0.0000	0.0000	0.0000	0.0000	0.0000	0.0000	0.0000	0.0000	0.0000	0.0000	0.0000	0.0000						
7	57	0.2327	20	1	0	1	1	0	0	0	0	N	N	N	N	N	N	N	N	N	N	N	N	0.0000	0.0000	0.0000	0.0000	0.0000	0.0000	0.0000	0.0000	0.0000	0.0000	0.0000	0.0000	0.0000	0.0000	0.0000	0.0000	0.0000	0.0000	0.0000	0.0000	0.0000	0.0000	0.0000	0.0000	0.0000	1.8889	0.0000	0.0000	0.9997	0.0068	1.8904	3.2797	0.0000	0.0000	0.0000	0.0000	0.0000	0.0000	0.0000	0.0000	0.0000	0.0000	0.0000	0.0000	0.0000	0.0000	0.0000	0.0000	0.0000	0.0000	0.0001	0.0000	0.0000	0.0000	0.0000	0.0000	0.0000	0.0000	0.0000	0.0151	0.0098	0.0053	0.0052	0.0048	0.0003	0.0099	0.0050	0.0049	0.0000	0.0000	0.0000	0.0000	0.0000	0.0000	0.0000	0.0000	0.0000	0.0000	0.0000	0.0000	0.0000	0.0000	0.0000	0.0000	0.0000	0.0000			
7	58	0.1916	19	1	0	1	1	0	0	0	0	N	N	N	N	N	N	N	N	N	N	N	N	0.0000	0.0000	0.0000	0.0000	0.0000	0.0000	0.0000	0.0000	0.0000	0.0000	0.0000	0.0000	0.0000	0.0000	0.0000	0.0000	0.0000	0.0004	0.0000	0.0011	0.0000	0.0000	0.0000	0.0006	0.0000	0.0012	423.7658	0.0000	0.0000	0.9997	5.8573	1.8904	13.1443	0.0000	0.0000	0.0000	0.0000	0.0000	0.0000	0.0000	0.0000	0.0000	0.0000	0.0000	0.0000	0.0000	0.0000	0.0000	0.0000	0.0000	0.0000	0.0446	0.0391	0.0055	0.0098	0.0094	0.0004	0.0347	0.0297	0.0050	0.0786	0.0505	0.0281	0.0274	0.0252	0.0022	0.0513	0.0253	0.0259	0.0000	0.0000	0.0000	0.0000	0.0000	0.0000	0.0000	0.0000	0.0000	0.0004	0.0000	0.0011	0.0000	0.0000	0.0000	0.0006	0.0000	0.0012		
7	59	0.1141	13	1	1	2	0	0	0	0	0	N	N	Y	N	N	N	N	N	N	N	N	N	0.0000	0.0000	0.0000	0.0000	0.0000	0.0000	0.0000	0.0000	0.0000	0.0000	0.0000	0.0000	0.0000	0.0000	0.0000	0.0000	0.0001	0.0002	0.0000	0.0004	0.0004	0.0000	0.0000	0.0000	0.0000	0.0005	0.0000	-0.0000	0.9997	0.9979	1.8904	4.0614	0.0000	0.0000	0.0000	0.0000	0.0000	0.0000	0.0000	0.0000	0.0000	0.0000	0.0000	0.0000	0.0000	0.0000	0.0000	0.0000	0.0000	0.0000	0.0068	0.0060	0.0009	0.0009	0.0009	0.0000	0.0059	0.0051	0.0008	0.0221	0.0139	0.0082	0.0055	0.0052	0.0004	0.0166	0.0087	0.0079	0.0000	0.0000	0.0000	0.0000	0.0000	0.0000	0.0000	0.0000	0.0000	0.0001	0.0002	0.0000	0.0004	0.0004	0.0000	0.0000	0.0000	0.0000			
7	60	0.1057	12	1	1	1	0	0	0	0	0	N	N	N	N	N	N	N	N	N	N	N	N	0.0000	0.0000	0.0000	0.0000	0.0000	0.0000	0.0000	0.0000	0.0000	0.0000	0.0000	0.0000	0.0000	0.0000	0.0000	0.0000	0.0000	0.0002	0.0002	0.0003	0.0004	0.0005	0.0000	0.0001	0.0000	0.0003	1.0039	0.0000	-0.0000	0.9997	2.2356	1.8904	2.2044	0.0000	0.0000	0.0000	0.0000	0.0000	0.0000	0.0000	0.0000	0.0000	0.0000	0.0000	0.0000	0.0000	0.0000	0.0000	0.0000	0.0000	0.0000	0.0159	0.0139	0.0020	0.0026	0.0025	0.0001	0.0133	0.0114	0.0019	0.0189	0.0118	0.0072	0.0046	0.0043	0.0003	0.0144	0.0075	0.0069	0.0000	0.0000	0.0000	0.0000	0.0000	0.0000	0.0000	0.0000	0.0000	0.0002	0.0002	0.0003	0.0004	0.0005	0.0000	0.0001	0.0000	0.0003		
7	61	0.0397	6	2	0	2	0	0	0	0	0	Y	N	Y	N	N	N	N	N	N	N	N	N	287869779.6175	203683609.1524	0.0000	0.0000	0.0000	2336204718.6525	inf	0.0000	67.1776	77.8162	0.0000	0.0000	0.0000	0.0000	70.2825	81.8813	0.0000	0.0000	0.0000	0.0000	0.0000	0.0000	0.0000	0.0000	0.0000	0.0000	0.0000	0.1176	-0.3809	-0.0000	0.9997	2.0703	1.8904	7.0012	0.9995	0.9995	0.0000	0.0000	0.0000	0.0000	0.9995	0.9995	0.0000	0.0000	0.0000	0.0000	0.0000	0.0000	0.0000	0.0000	0.0000	0.0000	0.0149	0.0128	0.0020	0.0007	0.0006	0.0000	0.0142	0.0122	0.0020	0.0407	0.0222	0.0185	0.0075	0.0069	0.0006	0.0332	0.0153	0.0179	287869779.6175	203683609.1524	0.0000	0.0000	0.0000	0.0000	2336204718.6525	inf	0.0000	0.0000	0.0000	0.0000	0.0000	0.0000	0.0000	0.0000	0.0000	0.0000	
7	62	0.0381	5	1	0	1	0	0	0	0	0	N	N	N	N	N	N	N	N	N	N	N	N	4889.9092	5498.5465	0.0000	0.0000	0.0000	7688.3347	21787.0897	0.0000	0.0182	0.0212	0.0000	0.0000	0.0000	0.0000	0.0189	0.0221	0.0000	0.0000	0.0000	0.0000	0.0000	0.0000	0.0000	0.0000	0.0000	0.0000	0.0000	0.7684	-0.0000	-0.0000	0.9997	0.9285	1.8904	0.0280	0.0001	0.0001	0.0000	0.0000	0.0000	0.0000	0.0001	0.0001	0.0000	0.0000	0.0000	0.0000	0.0000	0.0000	0.0000	0.0000	0.0000	0.0000	0.0066	0.0057	0.0009	0.0002	0.0002	0.0000	0.0063	0.0054	0.0009	0.0045	0.0025	0.0020	0.0009	0.0008	0.0001	0.0037	0.0017	0.0020	4889.9092	5498.5465	0.0000	0.0000	0.0000	0.0000	7688.3347	21787.0897	0.0000	0.0000	0.0000	0.0000	0.0000	0.0000	0.0000	0.0000	0.0000	0.0000	
7	63	0.1286	12	2	1	1	0	0	0	0	0	Y	N	N	N	N	N	N	N	N	N	N	N	0.0000	0.0000	0.0000	0.0000	0.0000	0.0000	0.0000	0.0000	0.0000	0.0000	0.0000	0.0000	0.0000	0.0000	0.0000	0.0002	0.0000	0.0005	0.0007	0.0000	0.0111	0.0000	0.0000	0.0000	inf	0.0000	0.0000	0.9997	1.0023	1.8904	3.0135	0.0000	0.0000	0.0000	0.0000	0.0000	0.0000	0.0000	0.0000	0.0000	0.0000	0.0000	0.0000	0.0000	0.0000	0.0000	0.0000	0.0000	0.0000	0.0070	0.0061	0.0009	0.0014	0.0013	0.0001	0.0056	0.0048	0.0008	0.0169	0.0108	0.0061	0.0043	0.0041	0.0003	0.0126	0.0067	0.0059	0.0000	0.0000	0.0000	0.0000	0.0000	0.0000	0.0000	0.0000	0.0000	0.0002	0.0000	0.0005	0.0007	0.0000	0.0111	0.0000	0.0000	0.0000				
7	64	0.1022	11	2	1	1	0	0	0	0	0	Y	N	N	N	N	N	N	N	N	N	N	N	0.0000	0.0000	0.0000	0.0000	0.0000	0.0000	0.0000	0.0000	0.0000	0.0000	0.0000	0.0000	0.0000	0.0000	0.0000	0.0000	0.0001	0.0001	0.0000	0.0003	0.0003	0.0000	0.0000	0.0000	0.0000	0.0058	0.0000	-0.0000	0.9997	3.0820	1.8904	9.3392	0.0000	0.0000	0.0000	0.0000	0.0000	0.0000	0.0000	0.0000	0.0000	0.0000	0.0000	0.0000	0.0000	0.0000	0.0000	0.0000	0.0000	0.0000	0.0258	0.0227	0.0031	0.0061	0.0058	0.0002	0.0197	0.0168	0.0028	0.0490	0.0301	0.0189	0.0115	0.0107	0.0008	0.0375	0.0194	0.0181	0.0000	0.0000	0.0000	0.0000	0.0000	0.0000	0.0000	0.0000	0.0000	0.0001	0.0001	0.0000	0.0003	0.0003	0.0000	0.0000	0.0000	0.0000			
7	65	0.1057	12	1	1	1	0	0	0	0	0	N	N	N	N	N	N	N	N	N	N	N	N	0.0000	0.0000	0.0000	0.0000	0.0000	0.0000	0.0000	0.0000	0.0000	0.0000	0.0000	0.0000	0.0000	0.0009	0.0000	0.0023	0.0000	0.0000	0.0000	0.0012	0.0000	0.0024	inf	0.0000	0.0000	0.9997	1.7946	1.8904	5.9592	0.0000	0.0000	0.0000	0.0000	0.0000	0.0000	0.0000	0.0000	0.0000	0.0000	0.0000	0.0000	0.0000	0.0000	0.0000	0.0000	0.0000	0.0000	0.0130	0.0114	0.0016	0.0022	0.0021	0.0001	0.0108	0.0093	0.0015	0.0313	0.0191	0.0122	0.0072	0.0067	0.0005	0.0241	0.0124	0.0117	0.0000	0.0000	0.0000	0.0000	0.0000	0.0000	0.0000	0.0000	0.0000	0.0009	0.0000	0.0023	0.0000	0.0000	0.0000	0.0012	0.0000	0.0024						
7	66	0.0989	11	1	1	1	0	0	0	0	0	N	N	N	N	N	N	N	N	N	N	N	N	0.0000	0.0000	0.0000	0.0000	0.0000	0.0000	0.0000	0.0000	0.0000	0.0000	0.0000	0.0000	0.0000	0.0000	0.0000	0.0000	0.0002	0.0000	0.0004	0.0000	0.0000	0.0000	0.0002	0.0000	0.0004	44.3381	0.0000	0.0000	0.9997	1.3569	1.8904	2.0560	0.0000	0.0000	0.0000	0.0000	0.0000	0.0000	0.0000	0.0000	0.0000	0.0000	0.0000	0.0000	0.0000	0.0000	0.0000	0.0000	0.0000	0.0000	0.0106	0.0093	0.0013	0.0019	0.0018	0.0001	0.0087	0.0074	0.0013	0.0144	0.0086	0.0058	0.0033	0.0031	0.0002	0.0111	0.0055	0.0056	0.0000	0.0000	0.0000	0.0000	0.0000	0.0000	0.0000	0.0000	0.0000	0.0002	0.0000	0.0004	0.0000	0.0000	0.0000	0.0002	0.0000	0.0004			
7	67	0.0855	10	1	1	1	0	0	0	0	0	N	N	N	N	N	N	N	N	N	N	N	N	0.0000	0.0000	0.0000	0.0000	0.0000	0.0000	0.0000	0.0000	0.0000	0.0000	0.0000	0.0000	0.0000	0.0000	0.0000	0.0000	0.0000	0.0000	0.0000	0.0000	0.0000	0.0000	0.0000	0.0000	0.0000	1.6920	0.0000	0.0000	0.9997	4.9477	1.8904	2.0153	0.0000	0.0000	0.0000	0.0000	0.0000	0.0000	0.0000	0.0000	0.0000	0.0000	0.0000	0.0000	0.0000	0.0000	0.0000	0.0000	0.0000	0.0000	0.0352	0.0305	0.0046	0.0051	0.0048	0.0004	0.0300	0.0258	0.0043	0.0344	0.0202	0.0143	0.0093	0.0089	0.0004	0.0251	0.0112	0.0139	0.0000	0.0000	0.0000	0.0000	0.0000	0.0000	0.0000	0.0000	0.0000	0.0000	0.0000	0.0000	0.0000	0.0000	0.0000	0.0000	0.0000	0.0000			
7	68	0.2138	20	1	0	2	0	0	0	0	0	N	N	Y	N	N	N	N	N	N	N	N	N	0.0000	0.0000	0.0000	0.0000	0.0000	0.0000	0.0000	0.0000	0.0000	0.0000	0.0000	0.0000	0.0000	0.0000	0.0000	0.0000	0.0000	0.0000	0.0000	0.0000	0.9997	0.0000	1.8904	4.0001	0.0000	0.0000	0.0000	0.0000	0.0000	0.0000	0.0000	0.0000	0.0000	0.0000	0.0000	0.0000	0.0000	0.0000	0.0000	0.0000	0.0000	0.0000	0.0000	0.0000	0.0000	0.0000	0.0000	0.0000	0.0000	0.0000	0.0000	0.0155	0.0101	0.0054	0.0056	0.0050	0.0006	0.0098	0.0051	0.0048	0.0000	0.0000	0.0000	0.0000	0.0000	0.0000	0.0000	0.0000	0.0000	0.0000	0.0000	0.0000	0.0000	0.0000	0.0000	0.0000	0.0000	0.0000											
7	69	0.1916	19	1	0	1	0	0	0	0	0	N	N	N	N	N	N	N	N	N	N	N	N	0.0000	0.0000	0.0000	0.0000	0.0000	0.0000	0.0000	0.0000	0.0000	0.0000	0.0000	0.0000	0.0000	0.0000	0.0000	0.0000	0.0000	0.0000	0.0000	0.0000	0.0000	0.0000	0.0000	0.0000	0.0000	0.0000	0.0745	0.0000	-0.0000	0.9997	2.8240	1.8904	8.9883	0.0000	0.0000	0.0000	0.0000	0.0000	0.0000	0.0000	0.0000	0.0000	0.0000	0.0000	0.0000	0.0000	0.0000	0.0000	0.0000	0.0000	0.0000	0.0255	0.0225	0.0030	0.0069	0.0066	0.0003	0.0186	0.0159	0.0027	0.0541	0.0349	0.0192	0.0195	0.0180	0.0015	0.0346	0.0169	0.0177	0.0000	0.0000	0.0000	0.0000	0.0000	0.0000	0.0000	0.0000	0.0000	0.0000	0.0000	0.0000	0.0000	0.0000	0.0000	0.0000	0.0000	0.0000		
7	70	0.1826	18	1	0	1	0	0	0	0	0	N	N	N	N	N	N	N	N	N	N	N	N	0.0000	0.0000	0.0000	0.0000	0.0000	0.0000	0.0000	0.0000	0.0000	0.0000	0.0000	0.0000	0.0000	0.0000	0.0000	0.0000	0.0000	0.0000	0.0000	0.0000	0.0000	0.0000	0.0000	0.0000	0.0000	0.0000	3.1145	0.0000	0.0000	0.9997	1.4521	1.8904	3.5882	0.0000	0.0000	0.0000	0.0000	0.0000	0.0000	0.0000	0.0000	0.0000	0.0000	0.0000	0.0000	0.0000	0.0000	0.0000	0.0000	0.0000	0.0000	0.0101	0.0088	0.0013	0.0018	0.0017	0.0001	0.0083	0.0071	0.0012	0.0304	0.0206	0.0098	0.0122	0.0116	0.0006	0.0182	0.0090	0.0092	0.0000	0.0000	0.0000	0.0000	0.0000	0.0000	0.0000	0.0000	0.0000	0.0000	0.0000	0.0000	0.0000	0.0000	0.0000	0.0000	0.0000	0.0000		
7	71	0.1799	17	1	0	1	0	0	0	0	0	N	N	N	N	N	N	N	N	N	N	N	N	0.0000	0.0000	0.0000	0.0000	0.0000	0.0000	0.0000	0.0000	0.0000	0.0000	0.0000	0.0000	0.0000	0.0000	0.0000	0.0000	0.0000	0.0000	0.0000	0.0000	0.0000	0.0000	0.0000	0.0000	0.0000	0.4193	0.0000	-0.0000	0.9997	1.1783	1.8904	0.9542	0.0000	0.0000	0.0000	0.0000	0.0000	0.0000	0.0000	0.0000	0.0000	0.0000	0.0000	0.0000	0.0000	0.0000	0.0000	0.0000	0.0000	0.0000	0.0096	0.0084	0.0012	0.0024	0.0023	0.0001	0.0073	0.0061	0.0012	0.0170	0.0118	0.0052	0.0072	0.0070	0.0003	0.0098	0.0048	0.0049	0.0000	0.0000	0.0000	0.0000	0.0000	0.0000	0.0000	0.0000	0.0000	0.0000	0.0000	0.0000	0.0000	0.0000	0.0000	0.0000	0.0000	0.0000			
7	72	0.1753	16	1	0	1	0	0	0	0	0	N	N	N	N	N	N	N	N	N	N	N	N	0.0000	0.0000	0.0000	0.0000	0.0000	0.0000	0.0000	0.0000	0.0000	0.0000	0.0000	0.0000	0.0000	0.0000	0.0000	0.0000	0.0000	0.0000	0.0000	0.0000	0.0000	0.0000	0.0000	0.0000	0.0000	0.0000	0.4805	0.0000	-0.0000	0.9997	2.0762	1.8904	1.4610	0.0000	0.0000	0.0000	0.0000	0.0000	0.0000	0.0000	0.0000	0.0000	0.0000	0.0000	0.0000	0.0000	0.0000	0.0000	0.0000	0.0000	0.0000	0.0147	0.0128	0.0019	0.0030	0.0029	0.0001	0.0117	0.0099	0.0017	0.0210	0.0141	0.0068	0.0084	0.0079	0.0004	0.0126	0.0062	0.0064	0.0000	0.0000	0.0000	0.0000	0.0000	0.0000	0.0000	0.0000	0.0000	0.0000	0.0000	0.0000	0.0000	0.0000	0.0000	0.0000	0.0000	0.0000		
7	73	0.1111	12	1	0	1	0	0	0	0	0	N	N	N	N	N	N	N	N	N	N	N	N	0.0000	0.0000	0.0000	0.0000	0.0000	0.0000	0.0000	0.0000	0.0000	0.0000	0.0000	0.0000	0.0000	0.0000	0.0000	0.0000	0.0000	0.0000	0.0000	0.0000	0.0000	0.0000	inf	0.0000	0.0000	0.9997	4.0673	1.8904	17.8409	0.0000	0.0000	0.0000	0.0000	0.0000	0.0000	0.0000	0.0000	0.0000	0.0000	0.0000	0.0000	0.0000	0.0000	0.0000	0.0000	0.0000	0.0000	0.0320	0.0282	0.0039	0.0070	0.0067	0.0003	0.0251	0.0215	0.0036	0.0809	0.0494	0.0315	0.0199	0.0184	0.0015	0.0610	0.0310	0.0300	0.0000	0.0000	0.0000	0.0000	0.0000	0.0000	0.0000	0.0000	0.0000	0.0000	0.0000	0.0000	0.0000	0.0000	0.0000	0.0000	0.0000	0.0000						
7	75	0.2478	16	1	0	1	0	0	0	0	0	N	N	N	N	N	N	N	N	N	N	N	N	12.9100	10.7226	0.0000	19.3609	18.5772	0.0000	0.0000	0.0000	0.0000	0.0608	0.0682	0.0000	0.1741	0.1821	0.0000	0.0000	0.0000	0.0000	0.0047	0.0064	0.0010	0.0090	0.0098	0.0010	0.0012	0.0014	0.0010	0.0000	0.0676	-0.0009	-0.0006	0.9997	3.5843	1.8904	46.7516	0.0025	0.0025	0.0000	0.0025	0.0025	0.0000	0.0000	0.0000	0.0000	0.0012	0.0012	0.0001	0.0011	0.0010	0.0000	0.0002	0.0001	0.0001	0.0405	0.0361	0.0044	0.0141	0.0135	0.0006	0.0263	0.0226	0.0038	0.2611	0.1810	0.0801	0.1178	0.1069	0.0109	0.1433	0.0741	0.0692	12.9100	10.7226	0.0000	19.3609	18.5772	0.0000	0.0000	0.0000	0.0000	0.0047	0.0064	0.0010	0.0090	0.0098	0.0010	0.0012	0.0014	0.0010
7	76	0.0092	2	2	1	2	0	0	0	0	0	Y	N	Y	N	N	N	N	N	N	N	N	N	0.0000	0.0000	0.0000	0.0000	0.0000	0.0000	0.0000	0.0000	0.0000	0.0000	0.0000	0.0000	0.0000	0.0000	0.0000	0.0000	0.0000	0.0000	0.0804	0.1509	0.0001	0.4940	0.5432	0.0000	0.0075	0.0159	0.0001	0.0007	0.0000	-0.0004	0.9997	1.0003	1.8904	1.0071	0.0000	0.0000	0.0000	0.0000	0.0000	0.0000	0.0000	0.0000	0.0000	0.0008	0.0008	0.0000	0.0007	0.0007	0.0000	0.0001	0.0001	0.0000	0.0069	0.0060	0.0010	0.0000	0.0000	0.0000	0.0069	0.0060	0.0010	0.0101	0.0054	0.0047	0.0015	0.0014	0.0001	0.0086	0.0040	0.0046	0.0000	0.0000	0.0000	0.0000	0.0000	0.0000	0.0000	0.0000	0.0000	0.0804	0.1509	0.0001	0.4940	0.5432	0.0000	0.0075	0.0159	0.0001	
7	78	0.1286	13	1	1	1	0	0	0	0	0	N	N	N	N	N	N	N	N	N	N	N	N	0.0000	0.0000	0.0000	0.0000	0.0000	0.0000	0.0000	0.0000	0.0000	0.0000	0.0000	0.0000	0.0000	0.0000	0.0000	0.0000	0.0000	0.0000	0.0001	0.0000	0.0002	0.0000	0.0000	0.0000	0.0001	0.0000	0.0002	6.5997	0.0000	0.0000	0.9997	8.4371	1.8904	15.3349	0.0000	0.0000	0.0000	0.0000	0.0000	0.0000	0.0000	0.0000	0.0000	0.0000	0.0000	0.0000	0.0000	0.0000	0.0000	0.0000	0.0000	0.0000	0.0659	0.0580	0.0079	0.0136	0.0130	0.0006	0.0523	0.0450	0.0073	0.1026	0.0668	0.0358	0.0326	0.0303	0.0023	0.0700	0.0365	0.0335	0.0000	0.0000	0.0000	0.0000	0.0000	0.0000	0.0000	0.0000	0.0000	0.0001	0.0000	0.0002	0.0000	0.0000	0.0000	0.0001	0.0000	0.0002	
7	79	0.0160	3	2	0	2	0	0	0	0	0	Y	N	Y	N	N	N	N	N	N	N	N	N	0.0000	0.0000	0.0000	0.0000	0.0000	0.0000	0.0000	0.0000	0.0000	0.0000	0.0000	0.0000	0.0000	0.0000	0.0000	0.0000	0.0000	0.0028	0.0007	0.0063	0.0017	0.0018	0.0000	0.0032	0.0000	0.0064	5.6818	0.0000	0.0000	0.9997	3.0096	1.8904	5.7427	0.0000	0.0000	0.0000	0.0000	0.0000	0.0000	0.0000	0.0000	0.0000	0.0002	0.0000	0.0001	0.0000	0.0000	0.0000	0.0001	0.0000	0.0001	0.0207	0.0178	0.0029	0.0001	0.0001	0.0000	0.0206	0.0177	0.0029	0.0557	0.0341	0.0215	0.0140	0.0135	0.0004	0.0417	0.0206	0.0211	0.0000	0.0000	0.0000	0.0000	0.0000	0.0000	0.0000	0.0000	0.0000	0.0028	0.0007	0.0063	0.0017	0.0018	0.0000	0.0032	0.0000	0.0064		
7	84	0.1485	15	1	1	1	0	0	0	0	0	N	N	N	N	N	N	N	N	N	N	N	N	0.0000	0.0000	0.0000	0.0000	0.0000	0.0000	0.0000	0.0000	0.0000	0.0000	0.0000	0.0000	0.0000	0.0000	0.0000	0.0075	0.0116	0.0000	0.0218	0.0238	0.0000	0.0000	0.0000	0.0000	0.0000	0.0000	-0.0006	0.9997	7.1084	1.8904	28.8937	0.0000	0.0000	0.0000	0.0000	0.0000	0.0000	0.0000	0.0000	0.0000	0.0011	0.0011	0.0000	0.0011	0.0011	0.0000	0.0000	0.0000	0.0000	0.0496	0.0433	0.0063	0.0084	0.0079	0.0005	0.0412	0.0354	0.0058	0.1452	0.0944	0.0508	0.0502	0.0460	0.0042	0.0950	0.0484	0.0466	0.0000	0.0000	0.0000	0.0000	0.0000	0.0000	0.0000	0.0000	0.0000	0.0075	0.0116	0.0000	0.0218	0.0238	0.0000	0.0000	0.0000	0.0000				
7	85	0.1410	14	1	1	1	0	0	0	0	0	N	N	N	N	N	N	N	N	N	N	N	N	0.0000	0.0000	0.0000	0.0000	0.0000	0.0000	0.0000	0.0000	0.0000	0.0000	0.0000	0.0000	0.0000	0.0000	0.0000	0.0000	0.0000	0.0000	0.0284	0.0401	0.0022	0.0715	0.0749	0.0001	0.0011	0.0000	0.0023	0.0239	0.0000	-0.0006	0.9997	2.2208	1.8904	3.9129	0.0000	0.0000	0.0000	0.0000	0.0000	0.0000	0.0000	0.0000	0.0000	0.0012	0.0012	0.0000	0.0012	0.0012	0.0000	0.0000	0.0000	0.0000	0.0257	0.0228	0.0029	0.0094	0.0088	0.0006	0.0163	0.0140	0.0023	0.0424	0.0294	0.0131	0.0165	0.0157	0.0008	0.0260	0.0136	0.0123	0.0000	0.0000	0.0000	0.0000	0.0000	0.0000	0.0000	0.0000	0.0000	0.0284	0.0401	0.0022	0.0715	0.0749	0.0001	0.0011	0.0000	0.0023	
7	86	0.2165	16	1	0	2	0	0	0	0	0	N	N	Y	N	N	N	N	N	N	N	N	N	0.0000	0.0000	0.0000	0.0000	0.0000	0.0000	0.0000	0.0000	0.0000	0.0000	0.0000	0.0000	0.0000	0.0000	0.0000	0.0002	0.0000	0.0007	0.0006	0.0000	0.0074	0.0000	0.0000	0.0001	inf	0.0000	0.0000	0.9997	5.3425	1.8904	7.0749	0.0000	0.0000	0.0000	0.0000	0.0000	0.0000	0.0000	0.0000	0.0000	0.0000	0.0000	0.0000	0.0000	0.0000	0.0000	0.0000	0.0000	0.0000	0.0411	0.0361	0.0050	0.0071	0.0067	0.0004	0.0340	0.0294	0.0046	0.0532	0.0345	0.0187	0.0184	0.0168	0.0016	0.0348	0.0177	0.0171	0.0000	0.0000	0.0000	0.0000	0.0000	0.0000	0.0000	0.0000	0.0000	0.0002	0.0000	0.0007	0.0006	0.0000	0.0074	0.0000	0.0000	0.0001				
7	87	0.1733	15	1	0	1	0	0	0	0	0	N	N	N	N	N	N	N	N	N	N	N	N	0.2659	0.4114	0.0000	0.7167	0.7612	0.0000	0.0000	0.0000	0.0000	0.0002	0.0002	0.0000	0.0006	0.0006	0.0000	0.0000	0.0000	0.0000	0.0006	0.0004	0.0009	0.0008	0.0008	0.0007	0.0005	0.0001	0.0009	0.0000	1.0751	-0.0000	-0.0000	0.9997	7.0719	1.8904	13.7350	0.0000	0.0000	0.0000	0.0000	0.0000	0.0000	0.0000	0.0000	0.0000	0.0001	0.0000	0.0000	0.0000	0.0000	0.0000	0.0000	0.0000	0.0000	0.0618	0.0545	0.0073	0.0175	0.0163	0.0013	0.0442	0.0382	0.0060	0.1054	0.0693	0.0361	0.0385	0.0354	0.0030	0.0670	0.0339	0.0331	0.2659	0.4114	0.0000	0.7167	0.7612	0.0000	0.0000	0.0000	0.0000	0.0006	0.0004	0.0009	0.0008	0.0008	0.0007	0.0005	0.0001	0.0009
7	88	0.1159	13	2	0	2	0	0	0	0	0	Y	N	Y	N	N	N	N	N	N	N	N	N	0.0000	0.0000	0.0000	0.0000	0.0000	0.0000	0.0000	0.0000	0.0000	0.0000	0.0000	0.0000	0.0000	0.0000	0.0000	0.0000	0.0000	0.0000	0.0000	0.0000	0.9997	0.0000	1.8904	0.0000	0.0000	0.0000	0.0000	0.0000	0.0000	0.0000	0.0000	0.0000	0.0000	0.0000	0.0000	0.0000	0.0000	0.0000	0.0000	0.0000	0.0000	0.0000	0.0000	0.0000	0.0000	0.0000	0.0000	0.0000	0.0000	0.0000	0.0000	0.0000	0.0000	0.0000	0.0000	0.0000	0.0000	0.0000	0.0000	0.0000	0.0000	0.0000	0.0000	0.0000	0.0000	0.0000	0.0000	0.0000	0.0000	0.0000	0.0000	0.0000	0.0000	0.0000	0.0000	0.0000	0.0000	0.0000											
7	89	0.1140	12	2	0	2	0	0	0	0	0	Y	N	Y	N	N	N	N	N	N	N	N	N	0.0000	0.0000	0.0000	0.0000	0.0000	0.0000	0.0000	0.0000	0.0000	0.0000	0.0000	0.0000	0.0000	0.0000	0.0000	0.0000	0.0000	0.0000	0.0000	0.0000	0.9997	0.0001	1.8904	0.9161	0.0000	0.0000	0.0000	0.0000	0.0000	0.0000	0.0000	0.0000	0.0000	0.0000	0.0000	0.0000	0.0000	0.0000	0.0000	0.0000	0.0000	0.0000	0.0000	0.0000	0.0000	0.0000	0.0000	0.0000	0.0000	0.0000	0.0000	0.0062	0.0043	0.0019	0.0022	0.0021	0.0001	0.0040	0.0022	0.0019	0.0000	0.0000	0.0000	0.0000	0.0000	0.0000	0.0000	0.0000	0.0000	0.0000	0.0000	0.0000	0.0000	0.0000	0.0000	0.0000	0.0000	0.0000											
7	90	0.0892	11	2	0	2	0	0	0	0	0	Y	N	Y	N	N	N	N	N	N	N	N	N	0.0000	0.0000	0.0000	0.0000	0.0000	0.0000	0.0000	0.0000	0.0000	0.0000	0.0000	0.0000	0.0000	0.0000	0.0000	0.0000	0.0000	0.0000	0.0000	0.0000	0.0000	0.0000	0.0000	0.0000	0.0000	0.4730	0.0000	-0.0000	0.9997	3.7876	1.8904	7.8440	0.0000	0.0000	0.0000	0.0000	0.0000	0.0000	0.0000	0.0000	0.0000	0.0000	0.0000	0.0000	0.0000	0.0000	0.0000	0.0000	0.0000	0.0000	0.0275	0.0240	0.0035	0.0049	0.0046	0.0003	0.0226	0.0194	0.0032	0.0490	0.0292	0.0198	0.0117	0.0111	0.0007	0.0373	0.0182	0.0191	0.0000	0.0000	0.0000	0.0000	0.0000	0.0000	0.0000	0.0000	0.0000	0.0000	0.0000	0.0000	0.0000	0.0000	0.0000	0.0000	0.0000	0.0000			
7	91	0.1216	13	1	1	1	1	0	0	0	0	N	N	N	N	N	N	N	N	N	N	N	N	0.0000	0.0000	0.0000	0.0000	0.0000	0.0000	0.0000	0.0000	0.0000	0.0000	0.0000	0.0000	0.0000	0.0000	0.0000	0.0000	0.0000	0.0023	0.0037	0.0000	0.0080	0.0086	0.0000	0.0000	0.0000	0.0000	0.0001	0.0000	-0.0001	0.9997	1.8247	1.8904	16.3284	0.0000	0.0000	0.0000	0.0000	0.0000	0.0000	0.0000	0.0000	0.0000	0.0002	0.0002	0.0000	0.0002	0.0002	0.0000	0.0000	0.0000	0.0000	0.0170	0.0150	0.0020	0.0044	0.0043	0.0001	0.0126	0.0108	0.0018	0.0745	0.0463	0.0282	0.0213	0.0199	0.0014	0.0532	0.0264	0.0267	0.0000	0.0000	0.0000	0.0000	0.0000	0.0000	0.0000	0.0000	0.0000	0.0023	0.0037	0.0000	0.0080	0.0086	0.0000	0.0000	0.0000	0.0000		
7	92	0.1111	12	1	1	1	0	0	0	0	0	N	N	N	N	N	N	N	N	N	N	N	N	0.0000	0.0000	0.0000	0.0000	0.0000	0.0000	0.0000	0.0000	0.0000	0.0000	0.0000	0.0000	0.0000	0.0000	0.0000	0.0000	0.0000	0.0000	0.0000	0.0000	0.0000	0.0000	inf	0.0000	0.0000	0.9997	9.1310	1.8904	16.1726	0.0000	0.0000	0.0000	0.0000	0.0000	0.0000	0.0000	0.0000	0.0000	0.0000	0.0000	0.0000	0.0000	0.0000	0.0000	0.0000	0.0000	0.0000	0.0647	0.0567	0.0080	0.0125	0.0119	0.0006	0.0523	0.0448	0.0074	0.0919	0.0561	0.0357	0.0225	0.0208	0.0017	0.0694	0.0353	0.0340	0.0000	0.0000	0.0000	0.0000	0.0000	0.0000	0.0000	0.0000	0.0000	0.0000	0.0000	0.0000	0.0000	0.0000	0.0000	0.0000	0.0000	0.0000						
7	93	0.1960	18	1	1	1	0	0	0	0	0	N	N	N	N	N	N	N	N	N	N	N	N	0.0000	0.0000	0.0000	0.0000	0.0000	0.0000	0.0000	0.0000	0.0000	0.0000	0.0000	0.0000	0.0000	0.0000	0.0000	0.0002	0.0002	0.0000	0.0004	0.0004	0.0000	0.0000	0.0000	0.0000	0.0006	0.0000	-0.0000	0.9997	4.0959	1.8904	8.7137	0.0000	0.0000	0.0000	0.0000	0.0000	0.0000	0.0000	0.0000	0.0000	0.0000	0.0000	0.0000	0.0000	0.0000	0.0000	0.0000	0.0000	0.0000	0.0298	0.0260	0.0038	0.0055	0.0052	0.0002	0.0243	0.0207	0.0036	0.0604	0.0397	0.0208	0.0242	0.0220	0.0023	0.0362	0.0177	0.0185	0.0000	0.0000	0.0000	0.0000	0.0000	0.0000	0.0000	0.0000	0.0000	0.0002	0.0002	0.0000	0.0004	0.0004	0.0000	0.0000	0.0000	0.0000				
7	94	0.1778	17	1	1	1	0	0	0	0	0	N	N	N	N	N	N	N	N	N	N	N	N	0.0000	0.0000	0.0000	0.0000	0.0000	0.0000	0.0000	0.0000	0.0000	0.0000	0.0000	0.0000	0.0000	0.0000	0.0000	0.0000	0.0000	0.0000	0.0000	0.0000	0.0000	0.0000	0.0000	0.0000	0.0000	0.0000	0.1340	0.0000	-0.0000	0.9997	2.9443	1.8904	6.1524	0.0000	0.0000	0.0000	0.0000	0.0000	0.0000	0.0000	0.0000	0.0000	0.0000	0.0000	0.0000	0.0000	0.0000	0.0000	0.0000	0.0000	0.0000	0.0227	0.0197	0.0030	0.0052	0.0050	0.0002	0.0175	0.0147	0.0028	0.0387	0.0254	0.0133	0.0148	0.0136	0.0012	0.0239	0.0118	0.0122	0.0000	0.0000	0.0000	0.0000	0.0000	0.0000	0.0000	0.0000	0.0000	0.0000	0.0000	0.0000	0.0000	0.0000	0.0000	0.0000	0.0000	0.0000		
7	95	0.1753	16	1	0	1	0	0	0	0	0	N	N	N	N	N	N	N	N	N	N	N	N	0.0000	0.0000	0.0000	0.0000	0.0000	0.0000	0.0000	0.0000	0.0000	0.0000	0.0000	0.0000	0.0000	0.0000	0.0000	0.0000	0.0000	0.0000	0.0000	0.0000	0.0000	0.0000	0.0000	0.0000	0.0000	9.3295	0.0000	0.0000	0.9997	0.8596	1.8904	1.2300	0.0000	0.0000	0.0000	0.0000	0.0000	0.0000	0.0000	0.0000	0.0000	0.0000	0.0000	0.0000	0.0000	0.0000	0.0000	0.0000	0.0000	0.0000	0.0065	0.0057	0.0008	0.0015	0.0014	0.0001	0.0050	0.0042	0.0008	0.0155	0.0107	0.0048	0.0065	0.0062	0.0003	0.0090	0.0045	0.0045	0.0000	0.0000	0.0000	0.0000	0.0000	0.0000	0.0000	0.0000	0.0000	0.0000	0.0000	0.0000	0.0000	0.0000	0.0000	0.0000	0.0000	0.0000			
7	96	0.1635	15	1	0	1	0	0	0	0	0	N	N	N	N	N	N	N	N	N	N	N	N	0.0000	0.0000	0.0000	0.0000	0.0000	0.0000	0.0000	0.0000	0.0000	0.0000	0.0000	0.0000	0.0000	0.0000	0.0000	0.0000	0.0000	0.0000	0.0000	0.0000	0.0000	0.0000	0.0002	0.0000	0.0000	0.0000	5.1733	0.0000	0.0000	0.9997	3.7737	1.8904	2.5241	0.0000	0.0000	0.0000	0.0000	0.0000	0.0000	0.0000	0.0000	0.0000	0.0000	0.0000	0.0000	0.0000	0.0000	0.0000	0.0000	0.0000	0.0000	0.0363	0.0323	0.0041	0.0111	0.0106	0.0005	0.0252	0.0217	0.0036	0.0365	0.0240	0.0124	0.0145	0.0137	0.0008	0.0220	0.0103	0.0117	0.0000	0.0000	0.0000	0.0000	0.0000	0.0000	0.0000	0.0000	0.0000	0.0000	0.0000	0.0000	0.0000	0.0000	0.0002	0.0000	0.0000	0.0000		
7	97	0.1426	14	1	0	1	0	0	0	0	0	N	N	N	N	N	N	N	N	N	N	N	N	0.0000	0.0000	0.0000	0.0000	0.0000	0.0000	0.0000	0.0000	0.0000	0.0000	0.0000	0.0000	0.0000	0.0000	0.0000	0.0000	0.0000	0.0001	0.0001	0.0000	0.0002	0.0002	0.0000	0.0000	0.0000	0.0000	0.0150	0.0000	-0.0000	0.9997	6.4922	1.8904	4.5502	0.0000	0.0000	0.0000	0.0000	0.0000	0.0000	0.0000	0.0000	0.0000	0.0000	0.0000	0.0000	0.0000	0.0000	0.0000	0.0000	0.0000	0.0000	0.0452	0.0395	0.0058	0.0082	0.0078	0.0004	0.0371	0.0317	0.0053	0.0483	0.0305	0.0178	0.0144	0.0134	0.0010	0.0339	0.0171	0.0168	0.0000	0.0000	0.0000	0.0000	0.0000	0.0000	0.0000	0.0000	0.0000	0.0001	0.0001	0.0000	0.0002	0.0002	0.0000	0.0000	0.0000	0.0000		
7	98	0.0892	11	1	1	1	0	0	0	0	0	N	N	N	N	N	N	N	N	N	N	N	N	0.0000	0.0000	0.0000	0.0000	0.0000	0.0000	0.0000	0.0000	0.0000	0.0000	0.0000	0.0000	0.0000	0.0005	0.0000	0.0013	0.0000	0.0000	0.0000	0.0007	0.0000	0.0014	inf	0.0000	0.0000	0.9997	1.3608	1.8904	12.1483	0.0000	0.0000	0.0000	0.0000	0.0000	0.0000	0.0000	0.0000	0.0000	0.0000	0.0000	0.0000	0.0000	0.0000	0.0000	0.0000	0.0000	0.0000	0.0113	0.0100	0.0013	0.0031	0.0029	0.0002	0.0083	0.0071	0.0012	0.0557	0.0332	0.0225	0.0131	0.0124	0.0008	0.0426	0.0208	0.0217	0.0000	0.0000	0.0000	0.0000	0.0000	0.0000	0.0000	0.0000	0.0000	0.0005	0.0000	0.0013	0.0000	0.0000	0.0000	0.0007	0.0000	0.0014						
7	99	0.0855	10	1	0	1	0	0	0	0	0	N	N	N	N	N	N	N	N	N	N	N	N	0.0000	0.0000	0.0000	0.0000	0.0000	0.0000	0.0000	0.0000	0.0000	0.0000	0.0000	0.0000	0.0000	0.0000	0.0000	0.0000	0.0000	0.0000	0.0000	0.0000	0.0000	0.0000	0.0000	0.0000	0.0000	1.3005	0.0000	0.0000	0.9997	1.5300	1.8904	0.7696	0.0000	0.0000	0.0000	0.0000	0.0000	0.0000	0.0000	0.0000	0.0000	0.0000	0.0000	0.0000	0.0000	0.0000	0.0000	0.0000	0.0000	0.0000	0.0126	0.0109	0.0017	0.0026	0.0024	0.0002	0.0100	0.0085	0.0015	0.0168	0.0097	0.0070	0.0057	0.0056	0.0001	0.0110	0.0041	0.0069	0.0000	0.0000	0.0000	0.0000	0.0000	0.0000	0.0000	0.0000	0.0000	0.0000	0.0000	0.0000	0.0000	0.0000	0.0000	0.0000	0.0000	0.0000			
7	100	0.0767	9	1	0	1	0	0	0	0	0	N	N	N	N	N	N	N	N	N	N	N	N	0.0000	0.0000	0.0000	0.0000	0.0000	0.0000	0.0000	0.0000	0.0000	0.0000	0.0000	0.0000	0.0000	0.0000	0.0000	0.0000	0.0000	0.0000	0.0000	0.0000	0.0000	0.0000	0.0000	0.0000	0.0000	3.1016	0.0000	0.0000	0.9997	3.6906	1.8904	1.4800	0.0000	0.0000	0.0000	0.0000	0.0000	0.0000	0.0000	0.0000	0.0000	0.0000	0.0000	0.0000	0.0000	0.0000	0.0000	0.0000	0.0000	0.0000	0.0254	0.0221	0.0033	0.0026	0.0025	0.0001	0.0228	0.0196	0.0032	0.0301	0.0172	0.0128	0.0092	0.0088	0.0004	0.0209	0.0084	0.0125	0.0000	0.0000	0.0000	0.0000	0.0000	0.0000	0.0000	0.0000	0.0000	0.0000	0.0000	0.0000	0.0000	0.0000	0.0000	0.0000	0.0000	0.0000			
7	101	0.0767	8	1	0	1	0	0	0	0	0	N	N	N	N	N	N	N	N	N	N	N	N	0.0000	0.0000	0.0000	0.0000	0.0000	0.0000	0.0000	0.0000	0.0000	0.0000	0.0000	0.0000	0.0000	0.0000	0.0000	0.0000	0.0000	0.0000	0.0000	0.0000	0.0000	0.0000	0.0000	0.0000	0.0000	0.0000	0.4104	0.0000	-0.0000	0.9997	0.1361	1.8904	0.4500	0.0000	0.0000	0.0000	0.0000	0.0000	0.0000	0.0000	0.0000	0.0000	0.0000	0.0000	0.0000	0.0000	0.0000	0.0000	0.0000	0.0000	0.0000	0.0016	0.0014	0.0002	0.0004	0.0004	0.0000	0.0012	0.0010	0.0002	0.0116	0.0063	0.0053	0.0051	0.0051	0.0000	0.0065	0.0012	0.0053	0.0000	0.0000	0.0000	0.0000	0.0000	0.0000	0.0000	0.0000	0.0000	0.0000	0.0000	0.0000	0.0000	0.0000	0.0000	0.0000	0.0000	0.0000		
7	102	0.0608	7	1	0	1	0	0	0	0	0	N	N	N	N	N	N	N	N	N	N	N	N	0.0000	0.0000	0.0000	0.0000	0.0000	0.0000	0.0000	0.0000	0.0000	0.0000	0.0000	0.0000	0.0000	0.0000	0.0000	0.0000	0.0000	0.0000	0.0000	0.0000	0.0000	0.0000	0.0000	0.0000	0.0000	0.0000	0.0000	0.9498	0.0000	-0.0000	0.9997	3.5591	1.8904	4.5341	0.0000	0.0000	0.0000	0.0000	0.0000	0.0000	0.0000	0.0000	0.0000	0.0000	0.0000	0.0000	0.0000	0.0000	0.0000	0.0000	0.0000	0.0000	0.0326	0.0292	0.0034	0.0090	0.0088	0.0002	0.0236	0.0204	0.0033	0.0463	0.0266	0.0197	0.0136	0.0130	0.0005	0.0327	0.0136	0.0191	0.0000	0.0000	0.0000	0.0000	0.0000	0.0000	0.0000	0.0000	0.0000	0.0000	0.0000	0.0000	0.0000	0.0000	0.0000	0.0000	0.0000	0.0000	
7	104	0.1975	16	1	1	1	0	0	0	0	0	N	N	N	N	N	N	N	N	N	N	N	N	0.0000	0.0000	0.0000	0.0000	0.0000	0.0000	0.0000	0.0000	0.0000	0.0000	0.0000	0.0000	0.0000	0.0000	0.0000	0.0000	0.0000	0.0469	0.0608	0.0000	0.1047	0.1115	0.0000	0.0000	0.0000	0.0000	0.0000	0.0000	-0.0003	0.9997	0.0277	1.8904	1.3445	0.0000	0.0000	0.0000	0.0000	0.0000	0.0000	0.0000	0.0000	0.0000	0.0005	0.0005	0.0000	0.0005	0.0005	0.0000	0.0000	0.0000	0.0000	0.0003	0.0003	0.0000	0.0001	0.0001	0.0000	0.0002	0.0002	0.0000	0.0114	0.0088	0.0026	0.0051	0.0048	0.0003	0.0063	0.0040	0.0023	0.0000	0.0000	0.0000	0.0000	0.0000	0.0000	0.0000	0.0000	0.0000	0.0469	0.0608	0.0000	0.1047	0.1115	0.0000	0.0000	0.0000	0.0000		
7	105	0.1508	15	1	1	1	0	0	0	0	0	N	N	N	N	N	N	N	N	N	N	N	N	0.0000	0.0000	0.0000	0.0000	0.0000	0.0000	0.0000	0.0000	0.0000	0.0000	0.0000	0.0000	0.0000	0.0000	0.0000	0.0000	0.0000	0.0000	0.0008	0.0013	0.0000	0.0027	0.0030	0.0000	0.0000	0.0000	0.0000	0.0023	0.0000	-0.0000	0.9997	5.1414	1.8904	16.4151	0.0000	0.0000	0.0000	0.0000	0.0000	0.0000	0.0000	0.0000	0.0000	0.0001	0.0001	0.0000	0.0001	0.0001	0.0000	0.0000	0.0000	0.0000	0.0370	0.0324	0.0045	0.0084	0.0081	0.0004	0.0285	0.0244	0.0042	0.0805	0.0513	0.0292	0.0239	0.0220	0.0019	0.0566	0.0293	0.0274	0.0000	0.0000	0.0000	0.0000	0.0000	0.0000	0.0000	0.0000	0.0000	0.0008	0.0013	0.0000	0.0027	0.0030	0.0000	0.0000	0.0000	0.0000	
7	106	0.1426	14	1	0	1	0	0	0	0	0	N	N	N	N	N	N	N	N	N	N	N	N	0.0000	0.0000	0.0000	0.0000	0.0000	0.0000	0.0000	0.0000	0.0000	0.0000	0.0000	0.0000	0.0000	0.0000	0.0000	0.0000	0.0000	0.0001	0.0002	0.0001	0.0003	0.0003	0.0000	0.0000	0.0000	0.0001	0.2179	0.0000	-0.0000	0.9997	3.8974	1.8904	1.6364	0.0000	0.0000	0.0000	0.0000	0.0000	0.0000	0.0000	0.0000	0.0000	0.0000	0.0000	0.0000	0.0000	0.0000	0.0000	0.0000	0.0000	0.0000	0.0282	0.0246	0.0036	0.0053	0.0051	0.0003	0.0228	0.0195	0.0033	0.0284	0.0183	0.0101	0.0092	0.0087	0.0005	0.0192	0.0096	0.0096	0.0000	0.0000	0.0000	0.0000	0.0000	0.0000	0.0000	0.0000	0.0000	0.0001	0.0002	0.0001	0.0003	0.0003	0.0000	0.0000	0.0000	0.0001		
7	107	0.1216	13	1	0	1	0	0	0	0	0	N	N	N	N	N	N	N	N	N	N	N	N	0.0000	0.0000	0.0000	0.0000	0.0000	0.0000	0.0000	0.0000	0.0000	0.0000	0.0000	0.0000	0.0000	0.0000	0.0000	0.0000	0.0000	0.0037	0.0059	0.0001	0.0120	0.0127	0.0000	0.0001	0.0000	0.0001	0.0139	0.0000	-0.0001	0.9997	0.3701	1.8904	9.6236	0.0000	0.0000	0.0000	0.0000	0.0000	0.0000	0.0000	0.0000	0.0000	0.0002	0.0002	0.0000	0.0002	0.0002	0.0000	0.0000	0.0000	0.0000	0.0071	0.0064	0.0007	0.0027	0.0027	0.0000	0.0044	0.0037	0.0006	0.0466	0.0291	0.0175	0.0142	0.0134	0.0008	0.0323	0.0157	0.0167	0.0000	0.0000	0.0000	0.0000	0.0000	0.0000	0.0000	0.0000	0.0000	0.0037	0.0059	0.0001	0.0120	0.0127	0.0000	0.0001	0.0000	0.0001		
7	108	0.1111	12	1	0	1	0	0	0	0	0	N	N	N	N	N	N	N	N	N	N	N	N	0.0000	0.0000	0.0000	0.0000	0.0000	0.0000	0.0000	0.0000	0.0000	0.0000	0.0000	0.0000	0.0000	0.0000	0.0000	0.0000	0.0684	0.1114	0.0000	0.2561	0.2732	0.0000	0.0000	0.0000	0.0000	0.0001	0.0000	-0.0009	0.9997	0.4415	1.8904	4.8853	0.0000	0.0000	0.0000	0.0000	0.0000	0.0000	0.0000	0.0000	0.0000	0.0016	0.0016	0.0000	0.0016	0.0016	0.0000	0.0000	0.0000	0.0000	0.0076	0.0069	0.0007	0.0028	0.0028	0.0000	0.0048	0.0041	0.0007	0.0229	0.0141	0.0089	0.0061	0.0057	0.0004	0.0168	0.0083	0.0085	0.0000	0.0000	0.0000	0.0000	0.0000	0.0000	0.0000	0.0000	0.0000	0.0684	0.1114	0.0000	0.2561	0.2732	0.0000	0.0000	0.0000	0.0000			
7	109	0.1335	11	2	1	1	1	0	0	0	0	Y	N	N	N	N	N	N	N	N	N	N	N	0.0000	0.0000	0.0000	0.0000	0.0000	0.0000	0.0000	0.0000	0.0000	0.0000	0.0000	0.0000	0.0000	0.0000	0.0000	0.0000	0.0000	0.0000	0.0000	0.0000	0.9997	0.0000	1.8904	0.0000	0.0000	0.0000	0.0000	0.0000	0.0000	0.0000	0.0000	0.0000	0.0000	0.0000	0.0000	0.0000	0.0000	0.0000	0.0000	0.0000	0.0000	0.0000	0.0000	0.0000	0.0000	0.0000	0.0000	0.0000	0.0000	0.0000	0.0000	0.0000	0.0000	0.0000	0.0000	0.0000	0.0000	0.0000	0.0000	0.0000	0.0000	0.0000	0.0000	0.0000	0.0000	0.0000	0.0000	0.0000	0.0000	0.0000	0.0000	0.0000	0.0000	0.0000	0.0000	0.0000	0.0000	0.0000											
7	110	0.1185	10	2	1	1	1	0	0	0	0	Y	N	N	N	N	N	N	N	N	N	N	N	0.0000	0.0000	0.0000	0.0000	0.0000	0.0000	0.0000	0.0000	0.0000	0.0000	0.0000	0.0000	0.0000	0.0201	0.0326	0.0000	0.0685	0.0762	0.0000	0.0000	0.0000	0.0000	0.0000	0.0000	-0.0003	0.9997	0.0000	1.8904	7.1240	0.0000	0.0000	0.0000	0.0000	0.0000	0.0000	0.0000	0.0000	0.0000	0.0006	0.0006	0.0000	0.0006	0.0006	0.0000	0.0000	0.0000	0.0000	0.0000	0.0000	0.0000	0.0000	0.0000	0.0000	0.0000	0.0000	0.0000	0.0298	0.0184	0.0114	0.0087	0.0079	0.0009	0.0210	0.0105	0.0105	0.0000	0.0000	0.0000	0.0000	0.0000	0.0000	0.0000	0.0000	0.0000	0.0201	0.0326	0.0000	0.0685	0.0762	0.0000	0.0000	0.0000	0.0000						
7	111	0.1275	12	1	1	1	1	0	0	0	0	N	N	N	N	N	N	N	N	N	N	N	N	0.0000	0.0000	0.0000	0.0000	0.0000	0.0000	0.0000	0.0000	0.0000	0.0000	0.0000	0.0000	0.0000	0.0000	0.0000	0.0001	0.0001	0.0000	0.0003	0.0003	0.0000	0.0000	0.0000	0.0000	0.0001	0.0000	-0.0000	0.9997	0.0016	1.8904	5.0076	0.0000	0.0000	0.0000	0.0000	0.0000	0.0000	0.0000	0.0000	0.0000	0.0000	0.0000	0.0000	0.0000	0.0000	0.0000	0.0000	0.0000	0.0000	0.0000	0.0000	0.0000	0.0000	0.0000	0.0000	0.0000	0.0000	0.0000	0.0204	0.0127	0.0077	0.0066	0.0057	0.0009	0.0138	0.0070	0.0068	0.0000	0.0000	0.0000	0.0000	0.0000	0.0000	0.0000	0.0000	0.0000	0.0001	0.0001	0.0000	0.0003	0.0003	0.0000	0.0000	0.0000	0.0000				
7	112	0.1207	11	1	1	1	1	0	0	0	0	N	N	N	N	N	N	N	N	N	N	N	N	0.0000	0.0000	0.0000	0.0000	0.0000	0.0000	0.0000	0.0000	0.0000	0.0000	0.0000	0.0000	0.0000	0.0419	0.0675	0.0000	0.1290	0.1437	0.0000	0.0000	0.0000	0.0000	0.0000	0.0000	-0.0003	0.9997	1.0012	1.8904	2.1373	0.0000	0.0000	0.0000	0.0000	0.0000	0.0000	0.0000	0.0000	0.0000	0.0006	0.0006	0.0000	0.0006	0.0006	0.0000	0.0000	0.0000	0.0000	0.0068	0.0059	0.0008	0.0013	0.0013	0.0001	0.0055	0.0047	0.0008	0.0143	0.0089	0.0054	0.0046	0.0042	0.0005	0.0097	0.0047	0.0050	0.0000	0.0000	0.0000	0.0000	0.0000	0.0000	0.0000	0.0000	0.0000	0.0419	0.0675	0.0000	0.1290	0.1437	0.0000	0.0000	0.0000	0.0000						
7	113	0.1290	11	1	1	1	0	0	0	0	0	N	N	N	N	N	N	N	N	N	N	N	N	0.0000	0.0000	0.0000	0.0000	0.0000	0.0000	0.0000	0.0000	0.0000	0.0000	0.0000	0.0000	0.0000	0.0000	0.0000	0.0000	0.0000	0.0000	0.0000	0.0000	0.0000	0.0000	0.0000	0.0000	3.6471	0.0000	0.0000	0.9997	0.9705	1.8904	5.0371	0.0000	0.0000	0.0000	0.0000	0.0000	0.0000	0.0000	0.0000	0.0000	0.0000	0.0000	0.0000	0.0000	0.0000	0.0000	0.0000	0.0000	0.0000	0.0078	0.0069	0.0009	0.0021	0.0020	0.0001	0.0057	0.0049	0.0008	0.0237	0.0149	0.0088	0.0074	0.0066	0.0008	0.0164	0.0083	0.0081	0.0000	0.0000	0.0000	0.0000	0.0000	0.0000	0.0000	0.0000	0.0000	0.0000	0.0000	0.0000	0.0000	0.0000	0.0000	0.0000	0.0000	0.0000				
7	114	0.1207	11	1	0	2	1	0	0	0	0	N	N	Y	N	N	N	N	N	N	N	N	N	0.0000	0.0000	0.0000	0.0000	0.0000	0.0000	0.0000	0.0000	0.0000	0.0000	0.0000	0.0000	0.0000	0.0000	0.0000	0.0000	0.0000	0.0000	0.0000	0.0000	0.9997	0.0000	1.8904	1.1303	0.0000	0.0000	0.0000	0.0000	0.0000	0.0000	0.0000	0.0000	0.0000	0.0000	0.0000	0.0000	0.0000	0.0000	0.0000	0.0000	0.0000	0.0000	0.0000	0.0000	0.0000	0.0000	0.0000	0.0000	0.0000	0.0000	0.0000	0.0062	0.0039	0.0024	0.0022	0.0020	0.0002	0.0040	0.0018	0.0022	0.0000	0.0000	0.0000	0.0000	0.0000	0.0000	0.0000	0.0000	0.0000	0.0000	0.0000	0.0000	0.0000	0.0000	0.0000	0.0000	0.0000	0.0000											
7	115	0.1185	10	1	0	1	1	0	0	0	0	N	N	N	N	N	N	N	N	N	N	N	N	0.0000	0.0000	0.0000	0.0000	0.0000	0.0000	0.0000	0.0000	0.0000	0.0000	0.0000	0.0000	0.0000	0.0000	0.0000	0.0002	0.0000	0.0006	0.0006	0.0000	0.0087	0.0000	0.0000	0.0000	inf	0.0000	0.0000	0.9997	0.0000	1.8904	1.2340	0.0000	0.0000	0.0000	0.0000	0.0000	0.0000	0.0000	0.0000	0.0000	0.0000	0.0000	0.0000	0.0000	0.0000	0.0000	0.0000	0.0000	0.0000	0.0000	0.0000	0.0000	0.0000	0.0000	0.0000	0.0000	0.0000	0.0000	0.0067	0.0042	0.0025	0.0023	0.0021	0.0002	0.0044	0.0021	0.0024	0.0000	0.0000	0.0000	0.0000	0.0000	0.0000	0.0000	0.0000	0.0000	0.0002	0.0000	0.0006	0.0006	0.0000	0.0087	0.0000	0.0000	0.0000				
7	116	0.1260	11	1	0	2	1	0	0	0	0	N	N	Y	N	N	N	N	N	N	N	N	N	0.0000	0.0000	0.0000	0.0000	0.0000	0.0000	0.0000	0.0000	0.0000	0.0000	0.0000	0.0000	0.0000	0.0000	0.0000	0.0000	0.0002	0.0004	0.0000	0.0008	0.0009	0.0000	0.0000	0.0000	0.0000	0.0061	0.0000	-0.0000	0.9997	0.9725	1.8904	0.9874	0.0000	0.0000	0.0000	0.0000	0.0000	0.0000	0.0000	0.0000	0.0000	0.0000	0.0000	0.0000	0.0000	0.0000	0.0000	0.0000	0.0000	0.0000	0.0073	0.0065	0.0009	0.0018	0.0017	0.0001	0.0056	0.0048	0.0008	0.0083	0.0053	0.0030	0.0026	0.0023	0.0003	0.0057	0.0030	0.0028	0.0000	0.0000	0.0000	0.0000	0.0000	0.0000	0.0000	0.0000	0.0000	0.0002	0.0004	0.0000	0.0008	0.0009	0.0000	0.0000	0.0000	0.0000			
7	117	0.1260	11	1	0	2	1	0	0	0	0	N	N	Y	N	N	N	N	N	N	N	N	N	0.0000	0.0000	0.0000	0.0000	0.0000	0.0000	0.0000	0.0000	0.0000	0.0000	0.0000	0.0000	0.0000	0.0007	0.0011	0.0000	0.0024	0.0027	0.0000	0.0000	0.0000	0.0000	0.0000	0.0000	-0.0000	0.9997	0.0285	1.8904	4.0215	0.0000	0.0000	0.0000	0.0000	0.0000	0.0000	0.0000	0.0000	0.0000	0.0000	0.0000	0.0000	0.0000	0.0000	0.0000	0.0000	0.0000	0.0000	0.0008	0.0007	0.0001	0.0003	0.0003	0.0000	0.0004	0.0004	0.0001	0.0165	0.0104	0.0061	0.0051	0.0045	0.0006	0.0115	0.0059	0.0056	0.0000	0.0000	0.0000	0.0000	0.0000	0.0000	0.0000	0.0000	0.0000	0.0007	0.0011	0.0000	0.0024	0.0027	0.0000	0.0000	0.0000	0.0000						
7	118	0.1185	10	1	0	2	1	0	0	0	0	N	N	Y	N	N	N	N	N	N	N	N	N	0.0000	0.0000	0.0000	0.0000	0.0000	0.0000	0.0000	0.0000	0.0000	0.0000	0.0000	0.0000	0.0000	0.0000	0.0000	0.0268	0.0433	0.0000	0.0897	0.0994	0.0000	0.0000	0.0000	0.0000	0.0000	0.0000	-0.0003	0.9997	3.0275	1.8904	2.1573	0.0000	0.0000	0.0000	0.0000	0.0000	0.0000	0.0000	0.0000	0.0000	0.0006	0.0006	0.0000	0.0006	0.0006	0.0000	0.0000	0.0000	0.0000	0.0203	0.0178	0.0025	0.0039	0.0037	0.0002	0.0164	0.0141	0.0023	0.0223	0.0138	0.0085	0.0066	0.0060	0.0006	0.0157	0.0078	0.0079	0.0000	0.0000	0.0000	0.0000	0.0000	0.0000	0.0000	0.0000	0.0000	0.0268	0.0433	0.0000	0.0897	0.0994	0.0000	0.0000	0.0000	0.0000				
7	119	0.1598	10	2	1	1	0	0	0	0	0	Y	N	N	N	N	N	N	N	N	N	N	N	0.0000	0.0000	0.0000	0.0000	0.0000	0.0000	0.0000	0.0000	0.0000	0.0000	0.0000	0.0000	0.0000	0.0000	0.0000	0.0000	0.0001	0.0001	0.0000	0.0002	0.0002	0.0000	0.0000	0.0000	0.0000	0.0063	0.0000	-0.0000	0.9997	2.1883	1.8904	3.1271	0.0000	0.0000	0.0000	0.0000	0.0000	0.0000	0.0000	0.0000	0.0000	0.0000	0.0000	0.0000	0.0000	0.0000	0.0000	0.0000	0.0000	0.0000	0.0181	0.0162	0.0020	0.0045	0.0043	0.0002	0.0137	0.0119	0.0018	0.0238	0.0155	0.0083	0.0078	0.0074	0.0005	0.0160	0.0082	0.0078	0.0000	0.0000	0.0000	0.0000	0.0000	0.0000	0.0000	0.0000	0.0000	0.0001	0.0001	0.0000	0.0002	0.0002	0.0000	0.0000	0.0000	0.0000			
7	120	0.0928	9	2	1	1	0	0	0	0	0	Y	N	N	N	N	N	N	N	N	N	N	N	0.0000	0.0000	0.0000	0.0000	0.0000	0.0000	0.0000	0.0000	0.0000	0.0000	0.0000	0.0000	0.0000	0.0158	0.0258	0.0000	0.0642	0.0696	0.0000	0.0000	0.0000	0.0000	0.0000	0.0000	-0.0009	0.9997	13.6104	1.8904	16.0982	0.0000	0.0000	0.0000	0.0000	0.0000	0.0000	0.0000	0.0000	0.0000	0.0017	0.0017	0.0000	0.0017	0.0017	0.0000	0.0000	0.0000	0.0000	0.0935	0.0820	0.0116	0.0167	0.0160	0.0007	0.0768	0.0660	0.0108	0.1102	0.0673	0.0429	0.0271	0.0250	0.0021	0.0831	0.0423	0.0408	0.0000	0.0000	0.0000	0.0000	0.0000	0.0000	0.0000	0.0000	0.0000	0.0158	0.0258	0.0000	0.0642	0.0696	0.0000	0.0000	0.0000	0.0000						
7	121	0.0974	9	1	1	1	0	0	0	0	0	N	N	N	N	N	N	N	N	N	N	N	N	0.0000	0.0000	0.0000	0.0000	0.0000	0.0000	0.0000	0.0000	0.0000	0.0000	0.0000	0.0000	0.0000	0.0000	0.0000	0.0000	0.0000	0.0000	0.0000	0.0000	0.0000	0.0000	0.0000	0.0000	0.0000	0.0000	1.5601	0.0000	0.0000	0.9997	0.3548	1.8904	4.6068	0.0000	0.0000	0.0000	0.0000	0.0000	0.0000	0.0000	0.0000	0.0000	0.0000	0.0000	0.0000	0.0000	0.0000	0.0000	0.0000	0.0000	0.0000	0.0084	0.0076	0.0008	0.0035	0.0035	0.0000	0.0049	0.0042	0.0008	0.0395	0.0268	0.0127	0.0153	0.0147	0.0006	0.0242	0.0121	0.0121	0.0000	0.0000	0.0000	0.0000	0.0000	0.0000	0.0000	0.0000	0.0000	0.0000	0.0000	0.0000	0.0000	0.0000	0.0000	0.0000	0.0000	0.0000		
7	122	0.0825	8	1	1	1	0	0	0	0	0	N	N	N	N	N	N	N	N	N	N	N	N	0.0000	0.0000	0.0000	0.0000	0.0000	0.0000	0.0000	0.0000	0.0000	0.0000	0.0000	0.0000	0.0000	0.0000	0.0000	0.0000	0.0000	0.0000	0.0000	0.0000	0.0001	0.0001	0.0000	0.0000	0.0000	0.0000	0.2627	0.0000	-0.0000	0.9997	1.6911	1.8904	5.7022	0.0000	0.0000	0.0000	0.0000	0.0000	0.0000	0.0000	0.0000	0.0000	0.0000	0.0000	0.0000	0.0000	0.0000	0.0000	0.0000	0.0000	0.0000	0.0164	0.0145	0.0019	0.0042	0.0041	0.0001	0.0122	0.0104	0.0018	0.0320	0.0194	0.0126	0.0082	0.0077	0.0006	0.0237	0.0117	0.0120	0.0000	0.0000	0.0000	0.0000	0.0000	0.0000	0.0000	0.0000	0.0000	0.0000	0.0000	0.0000	0.0001	0.0001	0.0000	0.0000	0.0000	0.0000		
7	124	0.1336	12	2	1	1	0	0	0	0	0	Y	N	N	N	N	N	N	N	N	N	N	N	0.0000	0.0000	0.0000	0.0000	0.0000	0.0000	0.0000	0.0000	0.0000	0.0000	0.0000	0.0000	0.0000	0.0000	0.0000	0.0000	0.0000	0.0000	0.0000	0.0000	0.9997	0.0000	1.8904	0.0000	0.0000	0.0000	0.0000	0.0000	0.0000	0.0000	0.0000	0.0000	0.0000	0.0000	0.0000	0.0000	0.0000	0.0000	0.0000	0.0000	0.0000	0.0000	0.0000	0.0000	0.0000	0.0000	0.0000	0.0000	0.0000	0.0000	0.0000	0.0000	0.0000	0.0000	0.0000	0.0000	0.0000	0.0000	0.0000	0.0000	0.0000	0.0000	0.0000	0.0000	0.0000	0.0000	0.0000	0.0000	0.0000	0.0000	0.0000	0.0000	0.0000	0.0000	0.0000	0.0000	0.0000	0.0000											
7	125	0.1290	11	2	1	1	0	0	0	0	0	Y	N	N	N	N	N	N	N	N	N	N	N	0.0000	0.0000	0.0000	0.0000	0.0000	0.0000	0.0000	0.0000	0.0000	0.0000	0.0000	0.0000	0.0000	0.0000	0.0000	0.0000	0.0000	0.0000	0.0000	0.0000	0.0000	0.0000	0.0000	0.0000	3.6471	0.0000	0.0000	0.9997	0.1434	1.8904	1.9839	0.0000	0.0000	0.0000	0.0000	0.0000	0.0000	0.0000	0.0000	0.0000	0.0000	0.0000	0.0000	0.0000	0.0000	0.0000	0.0000	0.0000	0.0000	0.0022	0.0020	0.0002	0.0009	0.0009	0.0000	0.0013	0.0011	0.0002	0.0092	0.0059	0.0033	0.0030	0.0027	0.0003	0.0062	0.0031	0.0031	0.0000	0.0000	0.0000	0.0000	0.0000	0.0000	0.0000	0.0000	0.0000	0.0000	0.0000	0.0000	0.0000	0.0000	0.0000	0.0000	0.0000	0.0000				
7	126	0.1185	10	1	1	1	0	0	0	0	0	N	N	N	N	N	N	N	N	N	N	N	N	0.0000	0.0000	0.0000	0.0000	0.0000	0.0000	0.0000	0.0000	0.0000	0.0000	0.0000	0.0000	0.0000	0.0000	0.0000	0.0000	0.0000	0.0001	0.0000	0.0002	0.0002	0.0000	0.0023	0.0000	0.0000	0.0000	231.1268	0.0000	0.0000	0.9997	1.8882	1.8904	2.9115	0.0000	0.0000	0.0000	0.0000	0.0000	0.0000	0.0000	0.0000	0.0000	0.0000	0.0000	0.0000	0.0000	0.0000	0.0000	0.0000	0.0000	0.0000	0.0128	0.0112	0.0016	0.0025	0.0023	0.0001	0.0103	0.0088	0.0015	0.0208	0.0128	0.0080	0.0062	0.0056	0.0006	0.0146	0.0072	0.0074	0.0000	0.0000	0.0000	0.0000	0.0000	0.0000	0.0000	0.0000	0.0000	0.0001	0.0000	0.0002	0.0002	0.0000	0.0023	0.0000	0.0000	0.0000		
7	127	0.0928	9	1	0	1	0	0	0	0	0	N	N	N	N	N	N	N	N	N	N	N	N	0.0000	0.0000	0.0000	0.0000	0.0000	0.0000	0.0000	0.0000	0.0000	0.0000	0.0000	0.0000	0.0000	0.0000	0.0000	0.0000	0.0000	0.0000	0.0000	0.0001	0.0001	0.0000	0.0000	0.0000	0.0000	0.0242	0.0000	-0.0000	0.9997	3.5543	1.8904	9.0319	0.0000	0.0000	0.0000	0.0000	0.0000	0.0000	0.0000	0.0000	0.0000	0.0000	0.0000	0.0000	0.0000	0.0000	0.0000	0.0000	0.0000	0.0000	0.0303	0.0268	0.0035	0.0070	0.0068	0.0002	0.0234	0.0200	0.0033	0.0509	0.0310	0.0198	0.0128	0.0118	0.0010	0.0381	0.0192	0.0189	0.0000	0.0000	0.0000	0.0000	0.0000	0.0000	0.0000	0.0000	0.0000	0.0000	0.0000	0.0000	0.0001	0.0001	0.0000	0.0000	0.0000	0.0000			
8	9	0.1270	11	2	1	1	1	0	0	0	0	Y	N	N	N	N	N	N	N	N	N	N	N	0.0000	0.0000	0.0000	0.0000	0.0000	0.0000	0.0000	0.0000	0.0000	0.0000	0.0000	0.0000	0.0000	0.0000	0.0000	0.0000	0.0000	0.0000	0.0000	0.0000	0.0000	1.0003	0.0000	3.8877	0.0000	0.0000	0.0000	0.0000	0.0000	0.0000	0.0000	0.0000	0.0000	0.0000	0.0000	0.0000	0.0000	0.0000	0.0000	0.0000	0.0000	0.0000	0.0000	0.0000	0.0000	0.0000	0.0000	0.0000	0.0000	0.0000	0.0000	0.0000	0.0000	0.0000	0.0000	0.0000	0.0000	0.0000	0.0000	0.0000	0.0000	0.0000	0.0000	0.0000	0.0000	0.0000	0.0000	0.0000	0.0000	0.0000	0.0000	0.0000	0.0000	0.0000	0.0000	0.0000	0.0000	0.0000											
8	10	0.1243	10	2	1	1	1	0	0	0	0	Y	N	N	N	N	N	N	N	N	N	N	N	0.0000	0.0000	0.0000	0.0000	0.0000	0.0000	0.0000	0.0000	0.0000	0.0000	0.0000	0.0000	0.0000	0.0000	0.0000	0.0000	0.0000	0.0000	0.0000	0.0000	0.0000	0.0008	0.0000	1.2348	0.0000	0.0000	0.0000	0.0000	0.0000	0.0000	0.0000	0.0000	0.0000	0.0000	0.0000	0.0000	0.0000	0.0000	0.0000	0.0000	0.0000	0.0000	0.0000	0.0000	0.0000	0.0000	0.0000	0.0000	0.0000	0.0000	0.0000	0.0000	0.0000	0.0000	0.0000	0.0000	0.0000	0.0000	0.0000	0.0000	0.0000	0.0000	0.0000	0.0000	0.0000	0.0000	0.0000	0.0000	0.0000	0.0000	0.0000	0.0000	0.0000	0.0000	0.0000	0.0000	0.0000	0.0000											
8	11	0.0986	9	1	1	1	1	0	0	0	0	N	N	N	N	N	N	N	N	N	N	N	N	0.0000	0.0000	0.0000	0.0000	0.0000	0.0000	0.0000	0.0000	0.0000	0.0000	0.0000	0.0000	0.0000	0.0000	0.0000	0.0000	0.0000	0.0000	0.0000	0.0000	0.0000	4.1301	0.0000	9.5352	0.0000	0.0000	0.0000	0.0000	0.0000	0.0000	0.0000	0.0000	0.0000	0.0000	0.0000	0.0000	0.0000	0.0000	0.0000	0.0000	0.0000	0.0000	0.0000	0.0000	0.0000	0.0000	0.0000	0.0000	0.0000	0.0000	0.0000	0.0000	0.0000	0.0000	0.0000	0.0000	0.0000	0.0000	0.0000	0.0000	0.0000	0.0000	0.0000	0.0000	0.0000	0.0000	0.0000	0.0000	0.0000	0.0000	0.0000	0.0000	0.0000	0.0000	0.0000	0.0000	0.0000	0.0000											
8	12	0.0886	7	2	2	0	1	0	0	0	0	Y	Y	N	N	N	N	N	N	N	N	N	N	0.0000	0.0000	0.0000	0.0000	0.0000	0.0000	0.0000	0.0000	0.0000	0.0000	0.0000	0.0000	0.0000	0.0000	0.0000	0.0000	0.0000	0.0000	0.0000	0.0000	0.0000	5.9431	0.0000	4.2945	0.0000	0.0000	0.0000	0.0000	0.0000	0.0000	0.0000	0.0000	0.0000	0.0000	0.0000	0.0000	0.0000	0.0000	0.0000	0.0000	0.0000	0.0000	0.0000	0.0000	0.0000	0.0000	0.0000	0.0000	0.0000	0.0000	0.0000	0.0000	0.0000	0.0000	0.0000	0.0000	0.0000	0.0000	0.0000	0.0000	0.0000	0.0000	0.0000	0.0000	0.0000	0.0000	0.0000	0.0000	0.0000	0.0000	0.0000	0.0000	0.0000	0.0000	0.0000	0.0000	0.0000	0.0000											
8	13	0.0171	3	1	1	1	2	0	0	0	0	N	N	N	Y	N	N	N	N	N	N	N	N	0.0000	0.0000	0.0000	0.0000	0.0000	0.0000	0.0000	0.0000	0.0000	0.0000	0.0000	0.0000	0.0000	0.0000	0.0000	0.0000	0.0000	0.0000	0.0000	0.0000	0.0000	0.0000	0.0000	3.8697	0.0000	0.0000	0.0000	0.0000	0.0000	0.0000	0.0000	0.0000	0.0000	0.0000	0.0000	0.0000	0.0000	0.0000	0.0000	0.0000	0.0000	0.0000	0.0000	0.0000	0.0000	0.0000	0.0000	0.0000	0.0000	0.0000	0.0000	0.0000	0.0000	0.0000	0.0000	0.0000	0.0000	0.0000	0.0000	0.0000	0.0000	0.0000	0.0000	0.0000	0.0000	0.0000	0.0000	0.0000	0.0000	0.0000	0.0000	0.0000	0.0000	0.0000	0.0000	0.0000	0.0000	0.0000											
8	14	0.1108	9	1	2	0	1	0	0	0	0	N	Y	N	N	N	N	N	N	N	N	N	N	0.0000	0.0000	0.0000	0.0000	0.0000	0.0000	0.0000	0.0000	0.0000	0.0000	0.0000	0.0000	0.0000	0.0000	0.0000	0.0000	0.0000	0.0000	0.0000	0.0000	0.0000	4.8103	0.0000	9.0653	0.0000	0.0000	0.0000	0.0000	0.0000	0.0000	0.0000	0.0000	0.0000	0.0000	0.0000	0.0000	0.0000	0.0000	0.0000	0.0000	0.0000	0.0000	0.0000	0.0000	0.0000	0.0000	0.0000	0.0000	0.0000	0.0000	0.0000	0.0000	0.0000	0.0000	0.0000	0.0000	0.0000	0.0000	0.0000	0.0000	0.0000	0.0000	0.0000	0.0000	0.0000	0.0000	0.0000	0.0000	0.0000	0.0000	0.0000	0.0000	0.0000	0.0000	0.0000	0.0000	0.0000	0.0000											
8	15	0.0171	3	1	1	0	2	0	0	0	0	N	N	N	Y	N	N	N	N	N	N	N	N	0.0000	0.0000	0.0000	0.0000	0.0000	0.0000	0.0000	0.0000	0.0000	0.0000	0.0000	0.0000	0.0000	0.0000	0.0000	0.0000	0.0000	0.0000	0.0000	0.0000	0.0000	1.0000	0.0000	3.8697	0.0000	0.0000	0.0000	0.0000	0.0000	0.0000	0.0000	0.0000	0.0000	0.0000	0.0000	0.0000	0.0000	0.0000	0.0000	0.0000	0.0000	0.0000	0.0000	0.0000	0.0000	0.0000	0.0000	0.0000	0.0000	0.0000	0.0000	0.0000	0.0000	0.0000	0.0000	0.0000	0.0000	0.0000	0.0000	0.0000	0.0000	0.0000	0.0000	0.0000	0.0000	0.0000	0.0000	0.0000	0.0000	0.0000	0.0000	0.0000	0.0000	0.0000	0.0000	0.0000	0.0000	0.0000											
8	16	0.1873	15	1	2	0	2	0	0	0	0	N	Y	N	Y	N	N	N	N	N	N	N	N	0.0000	0.0000	0.0000	0.0000	0.0000	0.0000	0.0000	0.0000	0.0000	0.0000	0.0000	0.0000	0.0000	0.0000	0.0000	0.0000	0.0000	0.0000	0.0000	0.0000	0.0000	0.0040	0.0000	5.7722	0.0000	0.0000	0.0000	0.0000	0.0000	0.0000	0.0000	0.0000	0.0000	0.0000	0.0000	0.0000	0.0000	0.0000	0.0000	0.0000	0.0000	0.0000	0.0000	0.0000	0.0000	0.0000	0.0000	0.0000	0.0000	0.0000	0.0000	0.0000	0.0000	0.0000	0.0000	0.0000	0.0000	0.0000	0.0000	0.0000	0.0000	0.0000	0.0000	0.0000	0.0000	0.0000	0.0000	0.0000	0.0000	0.0000	0.0000	0.0000	0.0000	0.0000	0.0000	0.0000	0.0000	0.0000											
8	17	0.1260	11	1	2	0	1	0	0	0	0	N	Y	N	N	N	N	N	N	N	N	N	N	0.0000	0.0000	0.0000	0.0000	0.0000	0.0000	0.0000	0.0000	0.0000	0.0000	0.0000	0.0000	0.0000	0.0000	0.0000	0.0000	0.0000	0.0000	0.0000	0.0000	0.0000	1.0133	0.0000	7.9669	0.0000	0.0000	0.0000	0.0000	0.0000	0.0000	0.0000	0.0000	0.0000	0.0000	0.0000	0.0000	0.0000	0.0000	0.0000	0.0000	0.0000	0.0000	0.0000	0.0000	0.0000	0.0000	0.0000	0.0000	0.0000	0.0000	0.0000	0.0000	0.0000	0.0000	0.0000	0.0000	0.0000	0.0000	0.0000	0.0000	0.0000	0.0000	0.0000	0.0000	0.0000	0.0000	0.0000	0.0000	0.0000	0.0000	0.0000	0.0000	0.0000	0.0000	0.0000	0.0000	0.0000	0.0000											
8	18	0.0239	4	1	2	0	2	0	0	0	0	N	Y	N	Y	N	N	N	N	N	N	N	N	0.0000	0.0000	0.0000	0.0000	0.0000	0.0000	0.0000	0.0000	0.0000	0.0000	0.0000	0.0000	0.0000	0.0000	0.0000	0.0000	0.0000	0.0000	0.0000	0.0000	0.0000	0.9988	0.0000	1.0036	0.0000	0.0000	0.0000	0.0000	0.0000	0.0000	0.0000	0.0000	0.0000	0.0000	0.0000	0.0000	0.0000	0.0000	0.0000	0.0000	0.0000	0.0000	0.0000	0.0000	0.0000	0.0000	0.0000	0.0000	0.0000	0.0000	0.0000	0.0000	0.0000	0.0000	0.0000	0.0000	0.0000	0.0000	0.0000	0.0000	0.0000	0.0000	0.0000	0.0000	0.0000	0.0000	0.0000	0.0000	0.0000	0.0000	0.0000	0.0000	0.0000	0.0000	0.0000	0.0000	0.0000	0.0000											
8	19	0.0765	6	2	2	0	1	0	0	0	0	Y	Y	N	N	N	N	N	N	N	N	N	N	0.0000	0.0000	0.0000	0.0000	0.0000	0.0000	0.0000	0.0000	0.0000	0.0000	0.0000	0.0000	0.0000	0.0000	0.0000	0.0000	0.0000	0.0000	0.0000	0.0000	0.0000	0.0025	0.0000	5.0336	0.0000	0.0000	0.0000	0.0000	0.0000	0.0000	0.0000	0.0000	0.0000	0.0000	0.0000	0.0000	0.0000	0.0000	0.0000	0.0000	0.0000	0.0000	0.0000	0.0000	0.0000	0.0000	0.0000	0.0000	0.0000	0.0000	0.0000	0.0000	0.0000	0.0000	0.0000	0.0000	0.0000	0.0000	0.0000	0.0000	0.0000	0.0000	0.0000	0.0000	0.0000	0.0000	0.0000	0.0000	0.0000	0.0000	0.0000	0.0000	0.0000	0.0000	0.0000	0.0000	0.0000	0.0000											
8	20	0.0659	5	1	2	0	1	0	0	0	0	N	Y	N	N	N	N	N	N	N	N	N	N	0.0000	0.0000	0.0000	0.0000	0.0000	0.0000	0.0000	0.0000	0.0000	0.0000	0.0000	0.0000	0.0000	0.0000	0.0000	0.0000	0.0000	0.0000	0.0000	0.0000	0.0000	1.9984	0.0000	3.0609	0.0000	0.0000	0.0000	0.0000	0.0000	0.0000	0.0000	0.0000	0.0000	0.0000	0.0000	0.0000	0.0000	0.0000	0.0000	0.0000	0.0000	0.0000	0.0000	0.0000	0.0000	0.0000	0.0000	0.0000	0.0000	0.0000	0.0000	0.0000	0.0000	0.0000	0.0000	0.0000	0.0000	0.0000	0.0000	0.0000	0.0000	0.0000	0.0000	0.0000	0.0000	0.0000	0.0000	0.0000	0.0000	0.0000	0.0000	0.0000	0.0000	0.0000	0.0000	0.0000	0.0000	0.0000											
8	21	0.1806	14	1	1	0	2	0	0	0	0	N	N	N	Y	N	N	N	N	N	N	N	N	0.0000	0.0000	0.0000	0.0000	0.0000	0.0000	0.0000	0.0000	0.0000	0.0000	0.0000	0.0000	0.0000	0.0000	0.0000	0.0000	0.0000	0.0000	0.0000	0.0000	0.0000	2.0028	0.0000	2.2704	0.0000	0.0000	0.0000	0.0000	0.0000	0.0000	0.0000	0.0000	0.0000	0.0000	0.0000	0.0000	0.0000	0.0000	0.0000	0.0000	0.0000	0.0000	0.0000	0.0000	0.0000	0.0000	0.0000	0.0000	0.0000	0.0000	0.0000	0.0000	0.0000	0.0000	0.0000	0.0000	0.0000	0.0000	0.0000	0.0000	0.0000	0.0000	0.0000	0.0000	0.0000	0.0000	0.0000	0.0000	0.0000	0.0000	0.0000	0.0000	0.0000	0.0000	0.0000	0.0000	0.0000	0.0000											
8	22	0.1278	11	2	1	1	1	0	0	0	0	Y	N	N	N	N	N	N	N	N	N	N	N	0.0000	0.0000	0.0000	0.0000	0.0000	0.0000	0.0000	0.0000	0.0000	0.0000	0.0000	0.0000	0.0000	0.0000	0.0000	0.0000	0.0000	0.0000	0.0000	0.0000	0.0000	0.0000	0.0000	2.0000	0.0000	0.0000	0.0000	0.0000	0.0000	0.0000	0.0000	0.0000	0.0000	0.0000	0.0000	0.0000	0.0000	0.0000	0.0000	0.0000	0.0000	0.0000	0.0000	0.0000	0.0000	0.0000	0.0000	0.0000	0.0000	0.0000	0.0000	0.0000	0.0000	0.0000	0.0000	0.0000	0.0000	0.0000	0.0000	0.0000	0.0000	0.0000	0.0000	0.0000	0.0000	0.0000	0.0000	0.0000	0.0000	0.0000	0.0000	0.0000	0.0000	0.0000	0.0000	0.0000	0.0000	0.0000											
8	23	0.0963	9	1	2	0	1	0	0	0	0	N	Y	N	N	N	N	N	N	N	N	N	N	0.0000	0.0000	0.0000	0.0000	0.0000	0.0000	0.0000	0.0000	0.0000	0.0000	0.0000	0.0000	0.0000	0.0000	0.0000	0.0000	0.0000	0.0000	0.0000	0.0000	0.0000	4.1010	0.0000	9.0979	0.0000	0.0000	0.0000	0.0000	0.0000	0.0000	0.0000	0.0000	0.0000	0.0000	0.0000	0.0000	0.0000	0.0000	0.0000	0.0000	0.0000	0.0000	0.0000	0.0000	0.0000	0.0000	0.0000	0.0000	0.0000	0.0000	0.0000	0.0000	0.0000	0.0000	0.0000	0.0000	0.0000	0.0000	0.0000	0.0000	0.0000	0.0000	0.0000	0.0000	0.0000	0.0000	0.0000	0.0000	0.0000	0.0000	0.0000	0.0000	0.0000	0.0000	0.0000	0.0000	0.0000	0.0000											
8	24	0.0886	6	2	2	0	1	0	0	0	0	Y	Y	N	N	N	N	N	N	N	N	N	N	0.0000	0.0000	0.0000	0.0000	0.0000	0.0000	0.0000	0.0000	0.0000	0.0000	0.0000	0.0000	0.0000	0.0000	0.0000	0.0000	0.0000	0.0000	0.0000	0.0000	0.0000	7.0513	0.0000	11.7448	0.0000	0.0000	0.0000	0.0000	0.0000	0.0000	0.0000	0.0000	0.0000	0.0000	0.0000	0.0000	0.0000	0.0000	0.0000	0.0000	0.0000	0.0000	0.0000	0.0000	0.0000	0.0000	0.0000	0.0000	0.0000	0.0000	0.0000	0.0000	0.0000	0.0000	0.0000	0.0000	0.0000	0.0000	0.0000	0.0000	0.0000	0.0000	0.0000	0.0000	0.0000	0.0000	0.0000	0.0000	0.0000	0.0000	0.0000	0.0000	0.0000	0.0000	0.0000	0.0000	0.0000	0.0000											
8	25	0.1643	10	1	2	0	1	0	0	0	0	N	Y	N	N	N	N	N	N	N	N	N	N	0.0000	0.0000	0.0000	0.0000	0.0000	0.0000	0.0000	0.0000	0.0000	0.0000	0.0000	0.0000	0.0000	0.0000	0.0000	0.0000	0.0000	0.0000	0.0000	0.0000	0.0000	4.7974	0.0000	5.1989	0.0000	0.0000	0.0000	0.0000	0.0000	0.0000	0.0000	0.0000	0.0000	0.0000	0.0000	0.0000	0.0000	0.0000	0.0000	0.0000	0.0000	0.0000	0.0000	0.0000	0.0000	0.0000	0.0000	0.0000	0.0000	0.0000	0.0000	0.0000	0.0000	0.0000	0.0000	0.0000	0.0000	0.0000	0.0000	0.0000	0.0000	0.0000	0.0000	0.0000	0.0000	0.0000	0.0000	0.0000	0.0000	0.0000	0.0000	0.0000	0.0000	0.0000	0.0000	0.0000	0.0000	0.0000											
8	26	0.1256	11	2	2	0	1	0	0	0	0	Y	Y	N	N	N	N	N	N	N	N	N	N	0.0000	0.0000	0.0000	0.0000	0.0000	0.0000	0.0000	0.0000	0.0000	0.0000	0.0000	0.0000	0.0000	0.0000	0.0000	0.0000	0.0000	0.0000	0.0000	0.0000	0.0000	2.0195	0.0000	15.0171	0.0000	0.0000	0.0000	0.0000	0.0000	0.0000	0.0000	0.0000	0.0000	0.0000	0.0000	0.0000	0.0000	0.0000	0.0000	0.0000	0.0000	0.0000	0.0000	0.0000	0.0000	0.0000	0.0000	0.0000	0.0000	0.0000	0.0000	0.0000	0.0000	0.0000	0.0000	0.0000	0.0000	0.0000	0.0000	0.0000	0.0000	0.0000	0.0000	0.0000	0.0000	0.0000	0.0000	0.0000	0.0000	0.0000	0.0000	0.0000	0.0000	0.0000	0.0000	0.0000	0.0000	0.0000											
8	27	0.1169	10	1	1	0	1	0	0	0	0	N	N	N	N	N	N	N	N	N	N	N	N	0.0000	0.0000	0.0000	0.0000	0.0000	0.0000	0.0000	0.0000	0.0000	0.0000	0.0000	0.0000	0.0000	0.0000	0.0000	0.0000	0.0000	0.0000	0.0000	0.0000	0.0000	1.6438	0.0000	3.3228	0.0000	0.0000	0.0000	0.0000	0.0000	0.0000	0.0000	0.0000	0.0000	0.0000	0.0000	0.0000	0.0000	0.0000	0.0000	0.0000	0.0000	0.0000	0.0000	0.0000	0.0000	0.0000	0.0000	0.0000	0.0000	0.0000	0.0000	0.0000	0.0000	0.0000	0.0000	0.0000	0.0000	0.0000	0.0000	0.0000	0.0000	0.0000	0.0000	0.0000	0.0000	0.0000	0.0000	0.0000	0.0000	0.0000	0.0000	0.0000	0.0000	0.0000	0.0000	0.0000	0.0000	0.0000											
8	28	0.1019	8	1	2	0	1	0	0	0	0	N	Y	N	N	N	N	N	N	N	N	N	N	0.0000	0.0000	0.0000	0.0000	0.0000	0.0000	0.0000	0.0000	0.0000	0.0000	0.0000	0.0000	0.0000	0.0000	0.0000	0.0000	0.0000	0.0000	0.0000	0.0000	0.0000	3.0409	0.0000	16.1393	0.0000	0.0000	0.0000	0.0000	0.0000	0.0000	0.0000	0.0000	0.0000	0.0000	0.0000	0.0000	0.0000	0.0000	0.0000	0.0000	0.0000	0.0000	0.0000	0.0000	0.0000	0.0000	0.0000	0.0000	0.0000	0.0000	0.0000	0.0000	0.0000	0.0000	0.0000	0.0000	0.0000	0.0000	0.0000	0.0000	0.0000	0.0000	0.0000	0.0000	0.0000	0.0000	0.0000	0.0000	0.0000	0.0000	0.0000	0.0000	0.0000	0.0000	0.0000	0.0000	0.0000	0.0000											
8	29	0.0970	8	1	2	0	1	0	0	0	0	N	Y	N	N	N	N	N	N	N	N	N	N	0.0000	0.0000	0.0000	0.0000	0.0000	0.0000	0.0000	0.0000	0.0000	0.0000	0.0000	0.0000	0.0000	0.0000	0.0000	0.0000	0.0000	0.0000	0.0000	0.0000	0.0000	4.0695	0.0000	11.0027	0.0000	0.0000	0.0000	0.0000	0.0000	0.0000	0.0000	0.0000	0.0000	0.0000	0.0000	0.0000	0.0000	0.0000	0.0000	0.0000	0.0000	0.0000	0.0000	0.0000	0.0000	0.0000	0.0000	0.0000	0.0000	0.0000	0.0000	0.0000	0.0000	0.0000	0.0000	0.0000	0.0000	0.0000	0.0000	0.0000	0.0000	0.0000	0.0000	0.0000	0.0000	0.0000	0.0000	0.0000	0.0000	0.0000	0.0000	0.0000	0.0000	0.0000	0.0000	0.0000	0.0000	0.0000											
8	30	0.1482	13	1	2	1	2	0	0	0	0	N	Y	N	Y	N	N	N	N	N	N	N	N	0.0000	0.0000	0.0000	0.0000	0.0000	0.0000	0.0000	0.0000	0.0000	0.0000	0.0000	0.0000	0.0000	0.0000	0.0000	0.0000	0.0000	0.0000	0.0000	0.0000	0.0000	0.0021	0.0000	3.0281	0.0000	0.0000	0.0000	0.0000	0.0000	0.0000	0.0000	0.0000	0.0000	0.0000	0.0000	0.0000	0.0000	0.0000	0.0000	0.0000	0.0000	0.0000	0.0000	0.0000	0.0000	0.0000	0.0000	0.0000	0.0000	0.0000	0.0000	0.0000	0.0000	0.0000	0.0000	0.0000	0.0000	0.0000	0.0000	0.0000	0.0000	0.0000	0.0000	0.0000	0.0000	0.0000	0.0000	0.0000	0.0000	0.0000	0.0000	0.0000	0.0000	0.0000	0.0000	0.0000	0.0000	0.0000											
8	31	0.1256	12	1	1	0	2	0	0	0	0	N	N	N	Y	N	N	N	N	N	N	N	N	0.0000	0.0000	0.0000	0.0000	0.0000	0.0000	0.0000	0.0000	0.0000	0.0000	0.0000	0.0000	0.0000	0.0000	0.0000	0.0000	0.0000	0.0000	0.0000	0.0000	0.0000	3.2874	0.0000	7.1999	0.0000	0.0000	0.0000	0.0000	0.0000	0.0000	0.0000	0.0000	0.0000	0.0000	0.0000	0.0000	0.0000	0.0000	0.0000	0.0000	0.0000	0.0000	0.0000	0.0000	0.0000	0.0000	0.0000	0.0000	0.0000	0.0000	0.0000	0.0000	0.0000	0.0000	0.0000	0.0000	0.0000	0.0000	0.0000	0.0000	0.0000	0.0000	0.0000	0.0000	0.0000	0.0000	0.0000	0.0000	0.0000	0.0000	0.0000	0.0000	0.0000	0.0000	0.0000	0.0000	0.0000	0.0000											
8	32	0.0443	4	1	2	0	1	0	0	0	0	N	Y	N	N	N	N	N	N	N	N	N	N	0.0000	0.0000	0.0000	0.0000	0.0000	0.0000	0.0000	0.0000	0.0000	0.0000	0.0000	0.0000	0.0000	0.0000	0.0000	0.0000	0.0000	0.0000	0.0000	0.0000	0.0000	4.3545	0.0000	19.4857	0.0000	0.0000	0.0000	0.0000	0.0000	0.0000	0.0000	0.0000	0.0000	0.0000	0.0000	0.0000	0.0000	0.0000	0.0000	0.0000	0.0000	0.0000	0.0000	0.0000	0.0000	0.0000	0.0000	0.0000	0.0000	0.0000	0.0000	0.0000	0.0000	0.0000	0.0000	0.0000	0.0000	0.0000	0.0000	0.0000	0.0000	0.0000	0.0000	0.0000	0.0000	0.0000	0.0000	0.0000	0.0000	0.0000	0.0000	0.0000	0.0000	0.0000	0.0000	0.0000	0.0000	0.0000											
8	33	0.0300	4	2	2	0	1	0	0	0	0	Y	Y	N	N	N	N	N	N	N	N	N	N	0.0000	0.0000	0.0000	0.0000	0.0000	0.0000	0.0000	0.0000	0.0000	0.0000	0.0000	0.0000	0.0000	0.0000	0.0000	0.0000	0.0000	0.0000	0.0000	0.0000	0.0000	0.0000	0.0000	0.0000	0.0000	0.0000	0.0000	0.0000	0.0000	0.0000	0.0000	0.0000	0.0000	0.0000	0.0000	0.0000	0.0000	0.0000	0.0000	0.0000	0.0000	0.0000	0.0000	0.0000	0.0000	0.0000	0.0000	0.0000	0.0000	0.0000	0.0000	0.0000	0.0000	0.0000	0.0000	0.0000	0.0000	0.0000	0.0000	0.0000	0.0000	0.0000	0.0000	0.0000	0.0000	0.0000	0.0000	0.0000	0.0000	0.0000	0.0000	0.0000	0.0000	0.0000	0.0000	0.0000	0.0000	0.0000											
8	34	0.1169	10	1	2	0	2	0	0	0	0	N	Y	N	Y	N	N	N	N	N	N	N	N	0.0000	0.0000	0.0000	0.0000	0.0000	0.0000	0.0000	0.0000	0.0000	0.0000	0.0000	0.0000	0.0000	0.0000	0.0000	0.0000	0.0000	0.0000	0.0000	0.0000	0.0000	6.4588	0.0000	12.7561	0.0000	0.0000	0.0000	0.0000	0.0000	0.0000	0.0000	0.0000	0.0000	0.0000	0.0000	0.0000	0.0000	0.0000	0.0000	0.0000	0.0000	0.0000	0.0000	0.0000	0.0000	0.0000	0.0000	0.0000	0.0000	0.0000	0.0000	0.0000	0.0000	0.0000	0.0000	0.0000	0.0000	0.0000	0.0000	0.0000	0.0000	0.0000	0.0000	0.0000	0.0000	0.0000	0.0000	0.0000	0.0000	0.0000	0.0000	0.0000	0.0000	0.0000	0.0000	0.0000	0.0000	0.0000											
8	35	0.1113	9	1	1	0	1	0	0	0	0	N	N	N	N	N	N	N	N	N	N	N	N	0.0000	0.0000	0.0000	0.0000	0.0000	0.0000	0.0000	0.0000	0.0000	0.0000	0.0000	0.0000	0.0000	0.0000	0.0000	0.0000	0.0000	0.0000	0.0000	0.0000	0.0000	2.5642	0.0000	2.5472	0.0000	0.0000	0.0000	0.0000	0.0000	0.0000	0.0000	0.0000	0.0000	0.0000	0.0000	0.0000	0.0000	0.0000	0.0000	0.0000	0.0000	0.0000	0.0000	0.0000	0.0000	0.0000	0.0000	0.0000	0.0000	0.0000	0.0000	0.0000	0.0000	0.0000	0.0000	0.0000	0.0000	0.0000	0.0000	0.0000	0.0000	0.0000	0.0000	0.0000	0.0000	0.0000	0.0000	0.0000	0.0000	0.0000	0.0000	0.0000	0.0000	0.0000	0.0000	0.0000	0.0000	0.0000											
8	36	0.1617	14	1	1	1	1	0	0	0	0	N	N	N	N	N	N	N	N	N	N	N	N	0.0000	0.0000	0.0000	0.0000	0.0000	0.0000	0.0000	0.0000	0.0000	0.0000	0.0000	0.0000	0.0000	0.0000	0.0000	0.0000	0.0000	0.0000	0.0000	0.0000	0.0000	1.0000	0.0000	2.0003	0.0000	0.0000	0.0000	0.0000	0.0000	0.0000	0.0000	0.0000	0.0000	0.0000	0.0000	0.0000	0.0000	0.0000	0.0000	0.0000	0.0000	0.0000	0.0000	0.0000	0.0000	0.0000	0.0000	0.0000	0.0000	0.0000	0.0000	0.0000	0.0000	0.0000	0.0000	0.0000	0.0000	0.0000	0.0000	0.0000	0.0000	0.0000	0.0000	0.0000	0.0000	0.0000	0.0000	0.0000	0.0000	0.0000	0.0000	0.0000	0.0000	0.0000	0.0000	0.0000	0.0000	0.0000											
8	37	0.1438	13	1	2	0	1	0	0	0	0	N	Y	N	N	N	N	N	N	N	N	N	N	0.0000	0.0000	0.0000	0.0000	0.0000	0.0000	0.0000	0.0000	0.0000	0.0000	0.0000	0.0000	0.0000	0.0000	0.0000	0.0000	0.0000	0.0000	0.0000	0.0000	0.0000	1.9619	0.0000	8.3400	0.0000	0.0000	0.0000	0.0000	0.0000	0.0000	0.0000	0.0000	0.0000	0.0000	0.0000	0.0000	0.0000	0.0000	0.0000	0.0000	0.0000	0.0000	0.0000	0.0000	0.0000	0.0000	0.0000	0.0000	0.0000	0.0000	0.0000	0.0000	0.0000	0.0000	0.0000	0.0000	0.0000	0.0000	0.0000	0.0000	0.0000	0.0000	0.0000	0.0000	0.0000	0.0000	0.0000	0.0000	0.0000	0.0000	0.0000	0.0000	0.0000	0.0000	0.0000	0.0000	0.0000	0.0000											
8	38	0.1094	8	2	1	1	1	0	0	0	0	Y	N	N	N	N	N	N	N	N	N	N	N	0.0000	0.0000	0.0000	0.0000	0.0000	0.0000	0.0000	0.0000	0.0000	0.0000	0.0000	0.0000	0.0000	0.0000	0.0000	0.0000	0.0000	0.0000	0.0000	0.0000	0.0000	0.0095	0.0000	5.0631	0.0000	0.0000	0.0000	0.0000	0.0000	0.0000	0.0000	0.0000	0.0000	0.0000	0.0000	0.0000	0.0000	0.0000	0.0000	0.0000	0.0000	0.0000	0.0000	0.0000	0.0000	0.0000	0.0000	0.0000	0.0000	0.0000	0.0000	0.0000	0.0000	0.0000	0.0000	0.0000	0.0000	0.0000	0.0000	0.0000	0.0000	0.0000	0.0000	0.0000	0.0000	0.0000	0.0000	0.0000	0.0000	0.0000	0.0000	0.0000	0.0000	0.0000	0.0000	0.0000	0.0000	0.0000											
8	39	0.1256	12	1	2	0	1	0	0	0	0	N	Y	N	N	N	N	N	N	N	N	N	N	0.0000	0.0000	0.0000	0.0000	0.0000	0.0000	0.0000	0.0000	0.0000	0.0000	0.0000	0.0000	0.0000	0.0000	0.0000	0.0000	0.0000	0.0000	0.0000	0.0000	0.0000	1.1272	0.0000	11.0864	0.0000	0.0000	0.0000	0.0000	0.0000	0.0000	0.0000	0.0000	0.0000	0.0000	0.0000	0.0000	0.0000	0.0000	0.0000	0.0000	0.0000	0.0000	0.0000	0.0000	0.0000	0.0000	0.0000	0.0000	0.0000	0.0000	0.0000	0.0000	0.0000	0.0000	0.0000	0.0000	0.0000	0.0000	0.0000	0.0000	0.0000	0.0000	0.0000	0.0000	0.0000	0.0000	0.0000	0.0000	0.0000	0.0000	0.0000	0.0000	0.0000	0.0000	0.0000	0.0000	0.0000	0.0000											
8	40	0.1256	11	1	1	0	1	0	0	0	0	N	N	N	N	N	N	N	N	N	N	N	N	0.0000	0.0000	0.0000	0.0000	0.0000	0.0000	0.0000	0.0000	0.0000	0.0000	0.0000	0.0000	0.0000	0.0000	0.0000	0.0000	0.0000	0.0000	0.0000	0.0000	0.0000	0.4765	0.0000	0.2778	0.0000	0.0000	0.0000	0.0000	0.0000	0.0000	0.0000	0.0000	0.0000	0.0000	0.0000	0.0000	0.0000	0.0000	0.0000	0.0000	0.0000	0.0000	0.0000	0.0000	0.0000	0.0000	0.0000	0.0000	0.0000	0.0000	0.0000	0.0000	0.0000	0.0000	0.0000	0.0000	0.0000	0.0000	0.0000	0.0000	0.0000	0.0000	0.0000	0.0000	0.0000	0.0000	0.0000	0.0000	0.0000	0.0000	0.0000	0.0000	0.0000	0.0000	0.0000	0.0000	0.0000	0.0000											
8	41	0.1277	11	1	2	0	2	0	0	0	0	N	Y	N	Y	N	N	N	N	N	N	N	N	0.0000	0.0000	0.0000	0.0000	0.0000	0.0000	0.0000	0.0000	0.0000	0.0000	0.0000	0.0000	0.0000	0.0000	0.0000	0.0000	0.0000	0.0000	0.0000	0.0000	0.0000	10.0333	0.0000	21.8674	0.0000	0.0000	0.0000	0.0000	0.0000	0.0000	0.0000	0.0000	0.0000	0.0000	0.0000	0.0000	0.0000	0.0000	0.0000	0.0000	0.0000	0.0000	0.0000	0.0000	0.0000	0.0000	0.0000	0.0000	0.0000	0.0000	0.0000	0.0000	0.0000	0.0000	0.0000	0.0000	0.0000	0.0000	0.0000	0.0000	0.0000	0.0000	0.0000	0.0000	0.0000	0.0000	0.0000	0.0000	0.0000	0.0000	0.0000	0.0000	0.0000	0.0000	0.0000	0.0000	0.0000	0.0000											
8	42	0.1094	8	2	1	1	1	0	0	0	0	Y	N	N	N	N	N	N	N	N	N	N	N	0.0000	0.0000	0.0000	0.0000	0.0000	0.0000	0.0000	0.0000	0.0000	0.0000	0.0000	0.0000	0.0000	0.0000	0.0000	0.0000	0.0000	0.0000	0.0000	0.0000	0.0000	0.9968	0.0000	1.9513	0.0000	0.0000	0.0000	0.0000	0.0000	0.0000	0.0000	0.0000	0.0000	0.0000	0.0000	0.0000	0.0000	0.0000	0.0000	0.0000	0.0000	0.0000	0.0000	0.0000	0.0000	0.0000	0.0000	0.0000	0.0000	0.0000	0.0000	0.0000	0.0000	0.0000	0.0000	0.0000	0.0000	0.0000	0.0000	0.0000	0.0000	0.0000	0.0000	0.0000	0.0000	0.0000	0.0000	0.0000	0.0000	0.0000	0.0000	0.0000	0.0000	0.0000	0.0000	0.0000	0.0000	0.0000											
8	43	0.0962	7	2	1	1	1	0	0	0	0	Y	N	N	N	N	N	N	N	N	N	N	N	0.0000	0.0000	0.0000	0.0000	0.0000	0.0000	0.0000	0.0000	0.0000	0.0000	0.0000	0.0000	0.0000	0.0000	0.0000	0.0000	0.0000	0.0000	0.0000	0.0000	0.0000	5.0018	0.0000	1.7716	0.0000	0.0000	0.0000	0.0000	0.0000	0.0000	0.0000	0.0000	0.0000	0.0000	0.0000	0.0000	0.0000	0.0000	0.0000	0.0000	0.0000	0.0000	0.0000	0.0000	0.0000	0.0000	0.0000	0.0000	0.0000	0.0000	0.0000	0.0000	0.0000	0.0000	0.0000	0.0000	0.0000	0.0000	0.0000	0.0000	0.0000	0.0000	0.0000	0.0000	0.0000	0.0000	0.0000	0.0000	0.0000	0.0000	0.0000	0.0000	0.0000	0.0000	0.0000	0.0000	0.0000	0.0000											
8	44	0.0994	8	2	1	1	1	0	0	0	0	Y	N	N	N	N	N	N	N	N	N	N	N	0.0000	0.0000	0.0000	0.0000	0.0000	0.0000	0.0000	0.0000	0.0000	0.0000	0.0000	0.0000	0.0000	0.0000	0.0000	0.0000	0.0000	0.0000	0.0000	0.0000	0.0000	4.9860	0.0000	2.3663	0.0000	0.0000	0.0000	0.0000	0.0000	0.0000	0.0000	0.0000	0.0000	0.0000	0.0000	0.0000	0.0000	0.0000	0.0000	0.0000	0.0000	0.0000	0.0000	0.0000	0.0000	0.0000	0.0000	0.0000	0.0000	0.0000	0.0000	0.0000	0.0000	0.0000	0.0000	0.0000	0.0000	0.0000	0.0000	0.0000	0.0000	0.0000	0.0000	0.0000	0.0000	0.0000	0.0000	0.0000	0.0000	0.0000	0.0000	0.0000	0.0000	0.0000	0.0000	0.0000	0.0000	0.0000											
8	45	0.0962	7	2	1	0	1	0	0	0	0	Y	N	N	N	N	N	N	N	N	N	N	N	0.0000	0.0000	0.0000	0.0000	0.0000	0.0000	0.0000	0.0000	0.0000	0.0000	0.0000	0.0000	0.0000	0.0000	0.0000	0.0000	0.0000	0.0000	0.0000	0.0000	0.0000	0.0225	0.0000	1.9333	0.0000	0.0000	0.0000	0.0000	0.0000	0.0000	0.0000	0.0000	0.0000	0.0000	0.0000	0.0000	0.0000	0.0000	0.0000	0.0000	0.0000	0.0000	0.0000	0.0000	0.0000	0.0000	0.0000	0.0000	0.0000	0.0000	0.0000	0.0000	0.0000	0.0000	0.0000	0.0000	0.0000	0.0000	0.0000	0.0000	0.0000	0.0000	0.0000	0.0000	0.0000	0.0000	0.0000	0.0000	0.0000	0.0000	0.0000	0.0000	0.0000	0.0000	0.0000	0.0000	0.0000	0.0000											
8	46	0.0933	6	2	1	0	1	0	0	0	0	Y	N	N	N	N	N	N	N	N	N	N	N	0.0000	0.0000	0.0000	0.0000	0.0000	0.0000	0.0000	0.0000	0.0000	0.0000	0.0000	0.0000	0.0000	0.0000	0.0000	0.0000	0.0000	0.0000	0.0000	0.0000	0.0000	1.0095	0.0000	0.3555	0.0000	0.0000	0.0000	0.0000	0.0000	0.0000	0.0000	0.0000	0.0000	0.0000	0.0000	0.0000	0.0000	0.0000	0.0000	0.0000	0.0000	0.0000	0.0000	0.0000	0.0000	0.0000	0.0000	0.0000	0.0000	0.0000	0.0000	0.0000	0.0000	0.0000	0.0000	0.0000	0.0000	0.0000	0.0000	0.0000	0.0000	0.0000	0.0000	0.0000	0.0000	0.0000	0.0000	0.0000	0.0000	0.0000	0.0000	0.0000	0.0000	0.0000	0.0000	0.0000	0.0000	0.0000											
8	47	0.1438	13	1	1	1	1	0	0	0	0	N	N	N	N	N	N	N	N	N	N	N	N	0.0000	0.0000	0.0000	0.0000	0.0000	0.0000	0.0000	0.0000	0.0000	0.0000	0.0000	0.0000	0.0000	0.0000	0.0000	0.0000	0.0000	0.0000	0.0000	0.0000	0.0000	3.0460	0.0000	11.9126	0.0000	0.0000	0.0000	0.0000	0.0000	0.0000	0.0000	0.0000	0.0000	0.0000	0.0000	0.0000	0.0000	0.0000	0.0000	0.0000	0.0000	0.0000	0.0000	0.0000	0.0000	0.0000	0.0000	0.0000	0.0000	0.0000	0.0000	0.0000	0.0000	0.0000	0.0000	0.0000	0.0000	0.0000	0.0000	0.0000	0.0000	0.0000	0.0000	0.0000	0.0000	0.0000	0.0000	0.0000	0.0000	0.0000	0.0000	0.0000	0.0000	0.0000	0.0000	0.0000	0.0000	0.0000											
8	48	0.1305	12	1	1	0	1	0	0	0	0	N	N	N	N	N	N	N	N	N	N	N	N	0.0000	0.0000	0.0000	0.0000	0.0000	0.0000	0.0000	0.0000	0.0000	0.0000	0.0000	0.0000	0.0000	0.0000	0.0000	0.0000	0.0000	0.0000	0.0000	0.0000	0.0000	1.1082	0.0000	5.8288	0.0000	0.0000	0.0000	0.0000	0.0000	0.0000	0.0000	0.0000	0.0000	0.0000	0.0000	0.0000	0.0000	0.0000	0.0000	0.0000	0.0000	0.0000	0.0000	0.0000	0.0000	0.0000	0.0000	0.0000	0.0000	0.0000	0.0000	0.0000	0.0000	0.0000	0.0000	0.0000	0.0000	0.0000	0.0000	0.0000	0.0000	0.0000	0.0000	0.0000	0.0000	0.0000	0.0000	0.0000	0.0000	0.0000	0.0000	0.0000	0.0000	0.0000	0.0000	0.0000	0.0000	0.0000											
8	49	0.1617	14	1	2	0	1	0	0	0	0	N	Y	N	N	N	N	N	N	N	N	N	N	0.0000	0.0000	0.0000	0.0000	0.0000	0.0000	0.0000	0.0000	0.0000	0.0000	0.0000	0.0000	0.0000	0.0000	0.0000	0.0000	0.0000	0.0000	0.0000	0.0000	0.0000	0.0000	0.0000	2.0001	0.0000	0.0000	0.0000	0.0000	0.0000	0.0000	0.0000	0.0000	0.0000	0.0000	0.0000	0.0000	0.0000	0.0000	0.0000	0.0000	0.0000	0.0000	0.0000	0.0000	0.0000	0.0000	0.0000	0.0000	0.0000	0.0000	0.0000	0.0000	0.0000	0.0000	0.0000	0.0000	0.0000	0.0000	0.0000	0.0000	0.0000	0.0000	0.0000	0.0000	0.0000	0.0000	0.0000	0.0000	0.0000	0.0000	0.0000	0.0000	0.0000	0.0000	0.0000	0.0000	0.0000	0.0000											
8	50	0.1287	11	2	2	1	1	0	0	0	0	Y	Y	N	N	N	N	N	N	N	N	N	N	0.0000	0.0000	0.0000	0.0000	0.0000	0.0000	0.0000	0.0000	0.0000	0.0000	0.0000	0.0000	0.0000	0.0000	0.0000	0.0000	0.0000	0.0000	0.0000	0.0000	0.0000	0.0000	0.0000	1.7047	0.0000	0.0000	0.0000	0.0000	0.0000	0.0000	0.0000	0.0000	0.0000	0.0000	0.0000	0.0000	0.0000	0.0000	0.0000	0.0000	0.0000	0.0000	0.0000	0.0000	0.0000	0.0000	0.0000	0.0000	0.0000	0.0000	0.0000	0.0000	0.0000	0.0000	0.0000	0.0000	0.0000	0.0000	0.0000	0.0000	0.0000	0.0000	0.0000	0.0000	0.0000	0.0000	0.0000	0.0000	0.0000	0.0000	0.0000	0.0000	0.0000	0.0000	0.0000	0.0000	0.0000	0.0000											
8	51	0.1287	11	2	2	1	1	0	0	0	0	Y	Y	N	N	N	N	N	N	N	N	N	N	0.0000	0.0000	0.0000	0.0000	0.0000	0.0000	0.0000	0.0000	0.0000	0.0000	0.0000	0.0000	0.0000	0.0000	0.0000	0.0000	0.0000	0.0000	0.0000	0.0000	0.0000	0.0000	0.0000	0.2953	0.0000	0.0000	0.0000	0.0000	0.0000	0.0000	0.0000	0.0000	0.0000	0.0000	0.0000	0.0000	0.0000	0.0000	0.0000	0.0000	0.0000	0.0000	0.0000	0.0000	0.0000	0.0000	0.0000	0.0000	0.0000	0.0000	0.0000	0.0000	0.0000	0.0000	0.0000	0.0000	0.0000	0.0000	0.0000	0.0000	0.0000	0.0000	0.0000	0.0000	0.0000	0.0000	0.0000	0.0000	0.0000	0.0000	0.0000	0.0000	0.0000	0.0000	0.0000	0.0000	0.0000	0.0000											
8	52	0.1259	10	2	2	1	1	0	0	0	0	Y	Y	N	N	N	N	N	N	N	N	N	N	0.0000	0.0000	0.0000	0.0000	0.0000	0.0000	0.0000	0.0000	0.0000	0.0000	0.0000	0.0000	0.0000	0.0000	0.0000	0.0000	0.0000	0.0000	0.0000	0.0000	0.0000	0.0001	0.0000	1.7968	0.0000	0.0000	0.0000	0.0000	0.0000	0.0000	0.0000	0.0000	0.0000	0.0000	0.0000	0.0000	0.0000	0.0000	0.0000	0.0000	0.0000	0.0000	0.0000	0.0000	0.0000	0.0000	0.0000	0.0000	0.0000	0.0000	0.0000	0.0000	0.0000	0.0000	0.0000	0.0000	0.0000	0.0000	0.0000	0.0000	0.0000	0.0000	0.0000	0.0000	0.0000	0.0000	0.0000	0.0000	0.0000	0.0000	0.0000	0.0000	0.0000	0.0000	0.0000	0.0000	0.0000	0.0000											
8	53	0.1076	4	2	2	0	1	0	0	0	0	Y	Y	N	N	N	N	N	N	N	N	N	N	0.0000	0.0000	0.0000	0.0000	0.0000	0.0000	0.0000	0.0000	0.0000	0.0000	0.0000	0.0000	0.0000	0.0000	0.0000	0.0000	0.0000	0.0000	0.0000	0.0000	0.0000	1.8240	0.0000	0.8872	0.0000	0.0000	0.0000	0.0000	0.0000	0.0000	0.0000	0.0000	0.0000	0.0000	0.0000	0.0000	0.0000	0.0000	0.0000	0.0000	0.0000	0.0000	0.0000	0.0000	0.0000	0.0000	0.0000	0.0000	0.0000	0.0000	0.0000	0.0000	0.0000	0.0000	0.0000	0.0000	0.0000	0.0000	0.0000	0.0000	0.0000	0.0000	0.0000	0.0000	0.0000	0.0000	0.0000	0.0000	0.0000	0.0000	0.0000	0.0000	0.0000	0.0000	0.0000	0.0000	0.0000	0.0000											
8	54	0.1916	16	1	2	0	2	0	0	0	0	N	Y	N	Y	N	N	N	N	N	N	N	N	0.0000	0.0000	0.0000	0.0000	0.0000	0.0000	0.0000	0.0000	0.0000	0.0000	0.0000	0.0000	0.0000	0.0000	0.0000	0.0000	0.0000	0.0000	0.0000	0.0000	0.0000	0.0007	0.0000	4.7762	0.0000	0.0000	0.0000	0.0000	0.0000	0.0000	0.0000	0.0000	0.0000	0.0000	0.0000	0.0000	0.0000	0.0000	0.0000	0.0000	0.0000	0.0000	0.0000	0.0000	0.0000	0.0000	0.0000	0.0000	0.0000	0.0000	0.0000	0.0000	0.0000	0.0000	0.0000	0.0000	0.0000	0.0000	0.0000	0.0000	0.0000	0.0000	0.0000	0.0000	0.0000	0.0000	0.0000	0.0000	0.0000	0.0000	0.0000	0.0000	0.0000	0.0000	0.0000	0.0000	0.0000	0.0000											
8	55	0.1916	16	1	1	0	2	0	0	0	0	N	N	N	Y	N	N	N	N	N	N	N	N	0.0000	0.0000	0.0000	0.0000	0.0000	0.0000	0.0000	0.0000	0.0000	0.0000	0.0000	0.0000	0.0000	0.0000	0.0000	0.0000	0.0000	0.0000	0.0000	0.0000	0.0000	0.0007	0.0000	3.2259	0.0000	0.0000	0.0000	0.0000	0.0000	0.0000	0.0000	0.0000	0.0000	0.0000	0.0000	0.0000	0.0000	0.0000	0.0000	0.0000	0.0000	0.0000	0.0000	0.0000	0.0000	0.0000	0.0000	0.0000	0.0000	0.0000	0.0000	0.0000	0.0000	0.0000	0.0000	0.0000	0.0000	0.0000	0.0000	0.0000	0.0000	0.0000	0.0000	0.0000	0.0000	0.0000	0.0000	0.0000	0.0000	0.0000	0.0000	0.0000	0.0000	0.0000	0.0000	0.0000	0.0000	0.0000											
8	56	0.1873	15	1	1	0	2	0	0	0	0	N	N	N	Y	N	N	N	N	N	N	N	N	0.0000	0.0000	0.0000	0.0000	0.0000	0.0000	0.0000	0.0000	0.0000	0.0000	0.0000	0.0000	0.0000	0.0000	0.0000	0.0000	0.0000	0.0000	0.0000	0.0000	0.0000	0.9953	0.0000	1.3904	0.0000	0.0000	0.0000	0.0000	0.0000	0.0000	0.0000	0.0000	0.0000	0.0000	0.0000	0.0000	0.0000	0.0000	0.0000	0.0000	0.0000	0.0000	0.0000	0.0000	0.0000	0.0000	0.0000	0.0000	0.0000	0.0000	0.0000	0.0000	0.0000	0.0000	0.0000	0.0000	0.0000	0.0000	0.0000	0.0000	0.0000	0.0000	0.0000	0.0000	0.0000	0.0000	0.0000	0.0000	0.0000	0.0000	0.0000	0.0000	0.0000	0.0000	0.0000	0.0000	0.0000	0.0000											
8	57	0.1806	14	1	1	0	2	0	0	0	0	N	N	N	Y	N	N	N	N	N	N	N	N	0.0000	0.0000	0.0000	0.0000	0.0000	0.0000	0.0000	0.0000	0.0000	0.0000	0.0000	0.0000	0.0000	0.0000	0.0000	0.0000	0.0000	0.0000	0.0000	0.0000	0.0000	0.0068	0.0000	3.2797	0.0000	0.0000	0.0000	0.0000	0.0000	0.0000	0.0000	0.0000	0.0000	0.0000	0.0000	0.0000	0.0000	0.0000	0.0000	0.0000	0.0000	0.0000	0.0000	0.0000	0.0000	0.0000	0.0000	0.0000	0.0000	0.0000	0.0000	0.0000	0.0000	0.0000	0.0000	0.0000	0.0000	0.0000	0.0000	0.0000	0.0000	0.0000	0.0000	0.0000	0.0000	0.0000	0.0000	0.0000	0.0000	0.0000	0.0000	0.0000	0.0000	0.0000	0.0000	0.0000	0.0000	0.0000											
8	58	0.1394	13	1	1	0	2	0	0	0	0	N	N	N	Y	N	N	N	N	N	N	N	N	0.0000	0.0000	0.0000	0.0000	0.0000	0.0000	0.0000	0.0000	0.0000	0.0000	0.0000	0.0000	0.0000	0.0000	0.0000	0.0000	0.0000	0.0000	0.0000	0.0000	0.0000	5.8573	0.0000	13.1443	0.0000	0.0000	0.0000	0.0000	0.0000	0.0000	0.0000	0.0000	0.0000	0.0000	0.0000	0.0000	0.0000	0.0000	0.0000	0.0000	0.0000	0.0000	0.0000	0.0000	0.0000	0.0000	0.0000	0.0000	0.0000	0.0000	0.0000	0.0000	0.0000	0.0000	0.0000	0.0000	0.0000	0.0000	0.0000	0.0000	0.0000	0.0000	0.0000	0.0000	0.0000	0.0000	0.0000	0.0000	0.0000	0.0000	0.0000	0.0000	0.0000	0.0000	0.0000	0.0000	0.0000	0.0000											
8	59	0.1260	11	1	2	1	1	0	0	0	0	N	Y	N	N	N	N	N	N	N	N	N	N	0.0000	0.0000	0.0000	0.0000	0.0000	0.0000	0.0000	0.0000	0.0000	0.0000	0.0000	0.0000	0.0000	0.0000	0.0000	0.0000	0.0000	0.0000	0.0000	0.0000	0.0000	0.9979	0.0000	4.0614	0.0000	0.0000	0.0000	0.0000	0.0000	0.0000	0.0000	0.0000	0.0000	0.0000	0.0000	0.0000	0.0000	0.0000	0.0000	0.0000	0.0000	0.0000	0.0000	0.0000	0.0000	0.0000	0.0000	0.0000	0.0000	0.0000	0.0000	0.0000	0.0000	0.0000	0.0000	0.0000	0.0000	0.0000	0.0000	0.0000	0.0000	0.0000	0.0000	0.0000	0.0000	0.0000	0.0000	0.0000	0.0000	0.0000	0.0000	0.0000	0.0000	0.0000	0.0000	0.0000	0.0000	0.0000											
8	60	0.1176	10	1	2	0	1	0	0	0	0	N	Y	N	N	N	N	N	N	N	N	N	N	0.0000	0.0000	0.0000	0.0000	0.0000	0.0000	0.0000	0.0000	0.0000	0.0000	0.0000	0.0000	0.0000	0.0000	0.0000	0.0000	0.0000	0.0000	0.0000	0.0000	0.0000	2.2356	0.0000	2.2044	0.0000	0.0000	0.0000	0.0000	0.0000	0.0000	0.0000	0.0000	0.0000	0.0000	0.0000	0.0000	0.0000	0.0000	0.0000	0.0000	0.0000	0.0000	0.0000	0.0000	0.0000	0.0000	0.0000	0.0000	0.0000	0.0000	0.0000	0.0000	0.0000	0.0000	0.0000	0.0000	0.0000	0.0000	0.0000	0.0000	0.0000	0.0000	0.0000	0.0000	0.0000	0.0000	0.0000	0.0000	0.0000	0.0000	0.0000	0.0000	0.0000	0.0000	0.0000	0.0000	0.0000	0.0000											
8	61	0.0970	8	2	1	1	1	0	0	0	0	Y	N	N	N	N	N	N	N	N	N	N	N	0.0000	0.0000	0.0000	0.0000	0.0000	0.0000	0.0000	0.0000	0.0000	0.0000	0.0000	0.0000	0.0000	0.0000	0.0000	0.0000	0.0000	0.0000	0.0000	0.0000	0.0000	2.0703	0.0000	7.0012	0.0000	0.0000	0.0000	0.0000	0.0000	0.0000	0.0000	0.0000	0.0000	0.0000	0.0000	0.0000	0.0000	0.0000	0.0000	0.0000	0.0000	0.0000	0.0000	0.0000	0.0000	0.0000	0.0000	0.0000	0.0000	0.0000	0.0000	0.0000	0.0000	0.0000	0.0000	0.0000	0.0000	0.0000	0.0000	0.0000	0.0000	0.0000	0.0000	0.0000	0.0000	0.0000	0.0000	0.0000	0.0000	0.0000	0.0000	0.0000	0.0000	0.0000	0.0000	0.0000	0.0000	0.0000											
8	62	0.0954	7	1	1	0	1	0	0	0	0	N	N	N	N	N	N	N	N	N	N	N	N	0.0000	0.0000	0.0000	0.0000	0.0000	0.0000	0.0000	0.0000	0.0000	0.0000	0.0000	0.0000	0.0000	0.0000	0.0000	0.0000	0.0000	0.0000	0.0000	0.0000	0.0000	0.9285	0.0000	0.0280	0.0000	0.0000	0.0000	0.0000	0.0000	0.0000	0.0000	0.0000	0.0000	0.0000	0.0000	0.0000	0.0000	0.0000	0.0000	0.0000	0.0000	0.0000	0.0000	0.0000	0.0000	0.0000	0.0000	0.0000	0.0000	0.0000	0.0000	0.0000	0.0000	0.0000	0.0000	0.0000	0.0000	0.0000	0.0000	0.0000	0.0000	0.0000	0.0000	0.0000	0.0000	0.0000	0.0000	0.0000	0.0000	0.0000	0.0000	0.0000	0.0000	0.0000	0.0000	0.0000	0.0000	0.0000											
8	63	0.0765	6	2	2	0	1	0	0	0	0	Y	Y	N	N	N	N	N	N	N	N	N	N	0.0000	0.0000	0.0000	0.0000	0.0000	0.0000	0.0000	0.0000	0.0000	0.0000	0.0000	0.0000	0.0000	0.0000	0.0000	0.0000	0.0000	0.0000	0.0000	0.0000	0.0000	1.0023	0.0000	3.0135	0.0000	0.0000	0.0000	0.0000	0.0000	0.0000	0.0000	0.0000	0.0000	0.0000	0.0000	0.0000	0.0000	0.0000	0.0000	0.0000	0.0000	0.0000	0.0000	0.0000	0.0000	0.0000	0.0000	0.0000	0.0000	0.0000	0.0000	0.0000	0.0000	0.0000	0.0000	0.0000	0.0000	0.0000	0.0000	0.0000	0.0000	0.0000	0.0000	0.0000	0.0000	0.0000	0.0000	0.0000	0.0000	0.0000	0.0000	0.0000	0.0000	0.0000	0.0000	0.0000	0.0000	0.0000											
8	64	0.0501	5	2	2	0	1	0	0	0	0	Y	Y	N	N	N	N	N	N	N	N	N	N	0.0000	0.0000	0.0000	0.0000	0.0000	0.0000	0.0000	0.0000	0.0000	0.0000	0.0000	0.0000	0.0000	0.0000	0.0000	0.0000	0.0000	0.0000	0.0000	0.0000	0.0000	3.0820	0.0000	9.3392	0.0000	0.0000	0.0000	0.0000	0.0000	0.0000	0.0000	0.0000	0.0000	0.0000	0.0000	0.0000	0.0000	0.0000	0.0000	0.0000	0.0000	0.0000	0.0000	0.0000	0.0000	0.0000	0.0000	0.0000	0.0000	0.0000	0.0000	0.0000	0.0000	0.0000	0.0000	0.0000	0.0000	0.0000	0.0000	0.0000	0.0000	0.0000	0.0000	0.0000	0.0000	0.0000	0.0000	0.0000	0.0000	0.0000	0.0000	0.0000	0.0000	0.0000	0.0000	0.0000	0.0000	0.0000											
8	65	0.1176	10	1	2	0	1	0	0	0	0	N	Y	N	N	N	N	N	N	N	N	N	N	0.0000	0.0000	0.0000	0.0000	0.0000	0.0000	0.0000	0.0000	0.0000	0.0000	0.0000	0.0000	0.0000	0.0000	0.0000	0.0000	0.0000	0.0000	0.0000	0.0000	0.0000	1.7946	0.0000	5.9592	0.0000	0.0000	0.0000	0.0000	0.0000	0.0000	0.0000	0.0000	0.0000	0.0000	0.0000	0.0000	0.0000	0.0000	0.0000	0.0000	0.0000	0.0000	0.0000	0.0000	0.0000	0.0000	0.0000	0.0000	0.0000	0.0000	0.0000	0.0000	0.0000	0.0000	0.0000	0.0000	0.0000	0.0000	0.0000	0.0000	0.0000	0.0000	0.0000	0.0000	0.0000	0.0000	0.0000	0.0000	0.0000	0.0000	0.0000	0.0000	0.0000	0.0000	0.0000	0.0000	0.0000	0.0000											
8	66	0.1108	9	1	2	0	1	0	0	0	0	N	Y	N	N	N	N	N	N	N	N	N	N	0.0000	0.0000	0.0000	0.0000	0.0000	0.0000	0.0000	0.0000	0.0000	0.0000	0.0000	0.0000	0.0000	0.0000	0.0000	0.0000	0.0000	0.0000	0.0000	0.0000	0.0000	1.3569	0.0000	2.0560	0.0000	0.0000	0.0000	0.0000	0.0000	0.0000	0.0000	0.0000	0.0000	0.0000	0.0000	0.0000	0.0000	0.0000	0.0000	0.0000	0.0000	0.0000	0.0000	0.0000	0.0000	0.0000	0.0000	0.0000	0.0000	0.0000	0.0000	0.0000	0.0000	0.0000	0.0000	0.0000	0.0000	0.0000	0.0000	0.0000	0.0000	0.0000	0.0000	0.0000	0.0000	0.0000	0.0000	0.0000	0.0000	0.0000	0.0000	0.0000	0.0000	0.0000	0.0000	0.0000	0.0000	0.0000											
8	67	0.0974	8	1	2	0	1	0	0	0	0	N	Y	N	N	N	N	N	N	N	N	N	N	0.0000	0.0000	0.0000	0.0000	0.0000	0.0000	0.0000	0.0000	0.0000	0.0000	0.0000	0.0000	0.0000	0.0000	0.0000	0.0000	0.0000	0.0000	0.0000	0.0000	0.0000	4.9477	0.0000	2.0153	0.0000	0.0000	0.0000	0.0000	0.0000	0.0000	0.0000	0.0000	0.0000	0.0000	0.0000	0.0000	0.0000	0.0000	0.0000	0.0000	0.0000	0.0000	0.0000	0.0000	0.0000	0.0000	0.0000	0.0000	0.0000	0.0000	0.0000	0.0000	0.0000	0.0000	0.0000	0.0000	0.0000	0.0000	0.0000	0.0000	0.0000	0.0000	0.0000	0.0000	0.0000	0.0000	0.0000	0.0000	0.0000	0.0000	0.0000	0.0000	0.0000	0.0000	0.0000	0.0000	0.0000	0.0000											
8	68	0.1617	14	1	1	1	1	0	0	0	0	N	N	N	N	N	N	N	N	N	N	N	N	0.0000	0.0000	0.0000	0.0000	0.0000	0.0000	0.0000	0.0000	0.0000	0.0000	0.0000	0.0000	0.0000	0.0000	0.0000	0.0000	0.0000	0.0000	0.0000	0.0000	0.0000	0.0000	0.0000	4.0001	0.0000	0.0000	0.0000	0.0000	0.0000	0.0000	0.0000	0.0000	0.0000	0.0000	0.0000	0.0000	0.0000	0.0000	0.0000	0.0000	0.0000	0.0000	0.0000	0.0000	0.0000	0.0000	0.0000	0.0000	0.0000	0.0000	0.0000	0.0000	0.0000	0.0000	0.0000	0.0000	0.0000	0.0000	0.0000	0.0000	0.0000	0.0000	0.0000	0.0000	0.0000	0.0000	0.0000	0.0000	0.0000	0.0000	0.0000	0.0000	0.0000	0.0000	0.0000	0.0000	0.0000	0.0000											
8	69	0.1394	13	1	1	0	1	0	0	0	0	N	N	N	N	N	N	N	N	N	N	N	N	0.0000	0.0000	0.0000	0.0000	0.0000	0.0000	0.0000	0.0000	0.0000	0.0000	0.0000	0.0000	0.0000	0.0000	0.0000	0.0000	0.0000	0.0000	0.0000	0.0000	0.0000	2.8240	0.0000	8.9883	0.0000	0.0000	0.0000	0.0000	0.0000	0.0000	0.0000	0.0000	0.0000	0.0000	0.0000	0.0000	0.0000	0.0000	0.0000	0.0000	0.0000	0.0000	0.0000	0.0000	0.0000	0.0000	0.0000	0.0000	0.0000	0.0000	0.0000	0.0000	0.0000	0.0000	0.0000	0.0000	0.0000	0.0000	0.0000	0.0000	0.0000	0.0000	0.0000	0.0000	0.0000	0.0000	0.0000	0.0000	0.0000	0.0000	0.0000	0.0000	0.0000	0.0000	0.0000	0.0000	0.0000	0.0000											
8	70	0.1305	12	1	1	0	1	0	0	0	0	N	N	N	N	N	N	N	N	N	N	N	N	0.0000	0.0000	0.0000	0.0000	0.0000	0.0000	0.0000	0.0000	0.0000	0.0000	0.0000	0.0000	0.0000	0.0000	0.0000	0.0000	0.0000	0.0000	0.0000	0.0000	0.0000	1.4521	0.0000	3.5882	0.0000	0.0000	0.0000	0.0000	0.0000	0.0000	0.0000	0.0000	0.0000	0.0000	0.0000	0.0000	0.0000	0.0000	0.0000	0.0000	0.0000	0.0000	0.0000	0.0000	0.0000	0.0000	0.0000	0.0000	0.0000	0.0000	0.0000	0.0000	0.0000	0.0000	0.0000	0.0000	0.0000	0.0000	0.0000	0.0000	0.0000	0.0000	0.0000	0.0000	0.0000	0.0000	0.0000	0.0000	0.0000	0.0000	0.0000	0.0000	0.0000	0.0000	0.0000	0.0000	0.0000	0.0000											
8	71	0.1277	11	1	1	0	1	0	0	0	0	N	N	N	N	N	N	N	N	N	N	N	N	0.0000	0.0000	0.0000	0.0000	0.0000	0.0000	0.0000	0.0000	0.0000	0.0000	0.0000	0.0000	0.0000	0.0000	0.0000	0.0000	0.0000	0.0000	0.0000	0.0000	0.0000	1.1783	0.0000	0.9542	0.0000	0.0000	0.0000	0.0000	0.0000	0.0000	0.0000	0.0000	0.0000	0.0000	0.0000	0.0000	0.0000	0.0000	0.0000	0.0000	0.0000	0.0000	0.0000	0.0000	0.0000	0.0000	0.0000	0.0000	0.0000	0.0000	0.0000	0.0000	0.0000	0.0000	0.0000	0.0000	0.0000	0.0000	0.0000	0.0000	0.0000	0.0000	0.0000	0.0000	0.0000	0.0000	0.0000	0.0000	0.0000	0.0000	0.0000	0.0000	0.0000	0.0000	0.0000	0.0000	0.0000	0.0000											
8	72	0.1231	10	1	1	0	1	0	0	0	0	N	N	N	N	N	N	N	N	N	N	N	N	0.0000	0.0000	0.0000	0.0000	0.0000	0.0000	0.0000	0.0000	0.0000	0.0000	0.0000	0.0000	0.0000	0.0000	0.0000	0.0000	0.0000	0.0000	0.0000	0.0000	0.0000	2.0762	0.0000	1.4610	0.0000	0.0000	0.0000	0.0000	0.0000	0.0000	0.0000	0.0000	0.0000	0.0000	0.0000	0.0000	0.0000	0.0000	0.0000	0.0000	0.0000	0.0000	0.0000	0.0000	0.0000	0.0000	0.0000	0.0000	0.0000	0.0000	0.0000	0.0000	0.0000	0.0000	0.0000	0.0000	0.0000	0.0000	0.0000	0.0000	0.0000	0.0000	0.0000	0.0000	0.0000	0.0000	0.0000	0.0000	0.0000	0.0000	0.0000	0.0000	0.0000	0.0000	0.0000	0.0000	0.0000	0.0000											
8	73	0.0589	6	1	1	0	1	0	0	0	0	N	N	N	N	N	N	N	N	N	N	N	N	0.0000	0.0000	0.0000	0.0000	0.0000	0.0000	0.0000	0.0000	0.0000	0.0000	0.0000	0.0000	0.0000	0.0000	0.0000	0.0000	0.0000	0.0000	0.0000	0.0000	0.0000	4.0673	0.0000	17.8409	0.0000	0.0000	0.0000	0.0000	0.0000	0.0000	0.0000	0.0000	0.0000	0.0000	0.0000	0.0000	0.0000	0.0000	0.0000	0.0000	0.0000	0.0000	0.0000	0.0000	0.0000	0.0000	0.0000	0.0000	0.0000	0.0000	0.0000	0.0000	0.0000	0.0000	0.0000	0.0000	0.0000	0.0000	0.0000	0.0000	0.0000	0.0000	0.0000	0.0000	0.0000	0.0000	0.0000	0.0000	0.0000	0.0000	0.0000	0.0000	0.0000	0.0000	0.0000	0.0000	0.0000	0.0000											
8	75	0.1956	10	1	1	0	1	0	0	0	0	N	N	N	N	N	N	N	N	N	N	N	N	0.0000	0.0000	0.0000	0.0000	0.0000	0.0000	0.0000	0.0000	0.0000	0.0000	0.0000	0.0000	0.0000	0.0000	0.0000	0.0000	0.0000	0.0000	0.0000	0.0000	0.0000	3.5843	0.0000	46.7516	0.0000	0.0000	0.0000	0.0000	0.0000	0.0000	0.0000	0.0000	0.0000	0.0000	0.0000	0.0000	0.0000	0.0000	0.0000	0.0000	0.0000	0.0000	0.0000	0.0000	0.0000	0.0000	0.0000	0.0000	0.0000	0.0000	0.0000	0.0000	0.0000	0.0000	0.0000	0.0000	0.0000	0.0000	0.0000	0.0000	0.0000	0.0000	0.0000	0.0000	0.0000	0.0000	0.0000	0.0000	0.0000	0.0000	0.0000	0.0000	0.0000	0.0000	0.0000	0.0000	0.0000	0.0000											
8	76	0.1243	10	2	2	1	1	0	0	0	0	Y	Y	N	N	N	N	N	N	N	N	N	N	0.0000	0.0000	0.0000	0.0000	0.0000	0.0000	0.0000	0.0000	0.0000	0.0000	0.0000	0.0000	0.0000	0.0000	0.0000	0.0000	0.0000	0.0000	0.0000	0.0000	0.0000	1.0003	0.0000	1.0071	0.0000	0.0000	0.0000	0.0000	0.0000	0.0000	0.0000	0.0000	0.0000	0.0000	0.0000	0.0000	0.0000	0.0000	0.0000	0.0000	0.0000	0.0000	0.0000	0.0000	0.0000	0.0000	0.0000	0.0000	0.0000	0.0000	0.0000	0.0000	0.0000	0.0000	0.0000	0.0000	0.0000	0.0000	0.0000	0.0000	0.0000	0.0000	0.0000	0.0000	0.0000	0.0000	0.0000	0.0000	0.0000	0.0000	0.0000	0.0000	0.0000	0.0000	0.0000	0.0000	0.0000	0.0000											
8	77	0.1175	9	2	1	1	1	0	0	0	0	Y	N	N	N	N	N	N	N	N	N	N	N	0.0000	0.0000	0.0000	0.0000	0.0000	0.0000	0.0000	0.0000	0.0000	0.0000	0.0000	0.0000	0.0000	0.0000	0.0000	0.0000	0.0000	0.0000	0.0000	0.0000	0.0000	0.9901	0.0000	2.2068	0.0000	0.0000	0.0000	0.0000	0.0000	0.0000	0.0000	0.0000	0.0000	0.0000	0.0000	0.0000	0.0000	0.0000	0.0000	0.0000	0.0000	0.0000	0.0000	0.0000	0.0000	0.0000	0.0000	0.0000	0.0000	0.0000	0.0000	0.0000	0.0000	0.0000	0.0000	0.0000	0.0000	0.0000	0.0000	0.0000	0.0000	0.0000	0.0000	0.0000	0.0000	0.0000	0.0000	0.0000	0.0000	0.0000	0.0000	0.0000	0.0000	0.0000	0.0000	0.0000	0.0000	0.0000											
8	78	0.0765	7	1	2	0	1	0	0	0	0	N	Y	N	N	N	N	N	N	N	N	N	N	0.0000	0.0000	0.0000	0.0000	0.0000	0.0000	0.0000	0.0000	0.0000	0.0000	0.0000	0.0000	0.0000	0.0000	0.0000	0.0000	0.0000	0.0000	0.0000	0.0000	0.0000	8.4371	0.0000	15.3349	0.0000	0.0000	0.0000	0.0000	0.0000	0.0000	0.0000	0.0000	0.0000	0.0000	0.0000	0.0000	0.0000	0.0000	0.0000	0.0000	0.0000	0.0000	0.0000	0.0000	0.0000	0.0000	0.0000	0.0000	0.0000	0.0000	0.0000	0.0000	0.0000	0.0000	0.0000	0.0000	0.0000	0.0000	0.0000	0.0000	0.0000	0.0000	0.0000	0.0000	0.0000	0.0000	0.0000	0.0000	0.0000	0.0000	0.0000	0.0000	0.0000	0.0000	0.0000	0.0000	0.0000	0.0000											
8	79	0.1175	9	2	1	1	1	0	0	0	0	Y	N	N	N	N	N	N	N	N	N	N	N	0.0000	0.0000	0.0000	0.0000	0.0000	0.0000	0.0000	0.0000	0.0000	0.0000	0.0000	0.0000	0.0000	0.0000	0.0000	0.0000	0.0000	0.0000	0.0000	0.0000	0.0000	3.0096	0.0000	5.7427	0.0000	0.0000	0.0000	0.0000	0.0000	0.0000	0.0000	0.0000	0.0000	0.0000	0.0000	0.0000	0.0000	0.0000	0.0000	0.0000	0.0000	0.0000	0.0000	0.0000	0.0000	0.0000	0.0000	0.0000	0.0000	0.0000	0.0000	0.0000	0.0000	0.0000	0.0000	0.0000	0.0000	0.0000	0.0000	0.0000	0.0000	0.0000	0.0000	0.0000	0.0000	0.0000	0.0000	0.0000	0.0000	0.0000	0.0000	0.0000	0.0000	0.0000	0.0000	0.0000	0.0000	0.0000											
8	80	0.1019	8	2	1	1	1	0	0	0	0	Y	N	N	N	N	N	N	N	N	N	N	N	0.0000	0.0000	0.0000	0.0000	0.0000	0.0000	0.0000	0.0000	0.0000	0.0000	0.0000	0.0000	0.0000	0.0000	0.0000	0.0000	0.0000	0.0000	0.0000	0.0000	0.0000	1.0477	0.0000	6.1154	0.0000	0.0000	0.0000	0.0000	0.0000	0.0000	0.0000	0.0000	0.0000	0.0000	0.0000	0.0000	0.0000	0.0000	0.0000	0.0000	0.0000	0.0000	0.0000	0.0000	0.0000	0.0000	0.0000	0.0000	0.0000	0.0000	0.0000	0.0000	0.0000	0.0000	0.0000	0.0000	0.0000	0.0000	0.0000	0.0000	0.0000	0.0000	0.0000	0.0000	0.0000	0.0000	0.0000	0.0000	0.0000	0.0000	0.0000	0.0000	0.0000	0.0000	0.0000	0.0000	0.0000	0.0000											
8	81	0.0954	7	1	1	0	1	0	0	0	0	N	N	N	N	N	N	N	N	N	N	N	N	0.0000	0.0000	0.0000	0.0000	0.0000	0.0000	0.0000	0.0000	0.0000	0.0000	0.0000	0.0000	0.0000	0.0000	0.0000	0.0000	0.0000	0.0000	0.0000	0.0000	0.0000	1.9794	0.0000	1.0196	0.0000	0.0000	0.0000	0.0000	0.0000	0.0000	0.0000	0.0000	0.0000	0.0000	0.0000	0.0000	0.0000	0.0000	0.0000	0.0000	0.0000	0.0000	0.0000	0.0000	0.0000	0.0000	0.0000	0.0000	0.0000	0.0000	0.0000	0.0000	0.0000	0.0000	0.0000	0.0000	0.0000	0.0000	0.0000	0.0000	0.0000	0.0000	0.0000	0.0000	0.0000	0.0000	0.0000	0.0000	0.0000	0.0000	0.0000	0.0000	0.0000	0.0000	0.0000	0.0000	0.0000	0.0000											
8	82	0.0933	6	1	1	0	1	0	0	0	0	N	N	N	N	N	N	N	N	N	N	N	N	0.0000	0.0000	0.0000	0.0000	0.0000	0.0000	0.0000	0.0000	0.0000	0.0000	0.0000	0.0000	0.0000	0.0000	0.0000	0.0000	0.0000	0.0000	0.0000	0.0000	0.0000	1.0114	0.0000	0.0202	0.0000	0.0000	0.0000	0.0000	0.0000	0.0000	0.0000	0.0000	0.0000	0.0000	0.0000	0.0000	0.0000	0.0000	0.0000	0.0000	0.0000	0.0000	0.0000	0.0000	0.0000	0.0000	0.0000	0.0000	0.0000	0.0000	0.0000	0.0000	0.0000	0.0000	0.0000	0.0000	0.0000	0.0000	0.0000	0.0000	0.0000	0.0000	0.0000	0.0000	0.0000	0.0000	0.0000	0.0000	0.0000	0.0000	0.0000	0.0000	0.0000	0.0000	0.0000	0.0000	0.0000	0.0000											
8	83	0.0727	5	1	1	0	1	0	0	0	0	N	N	N	N	N	N	N	N	N	N	N	N	0.0000	0.0000	0.0000	0.0000	0.0000	0.0000	0.0000	0.0000	0.0000	0.0000	0.0000	0.0000	0.0000	0.0000	0.0000	0.0000	0.0000	0.0000	0.0000	0.0000	0.0000	5.9223	0.0000	3.6882	0.0000	0.0000	0.0000	0.0000	0.0000	0.0000	0.0000	0.0000	0.0000	0.0000	0.0000	0.0000	0.0000	0.0000	0.0000	0.0000	0.0000	0.0000	0.0000	0.0000	0.0000	0.0000	0.0000	0.0000	0.0000	0.0000	0.0000	0.0000	0.0000	0.0000	0.0000	0.0000	0.0000	0.0000	0.0000	0.0000	0.0000	0.0000	0.0000	0.0000	0.0000	0.0000	0.0000	0.0000	0.0000	0.0000	0.0000	0.0000	0.0000	0.0000	0.0000	0.0000	0.0000	0.0000											
8	84	0.0963	9	1	2	0	1	0	0	0	0	N	Y	N	N	N	N	N	N	N	N	N	N	0.0000	0.0000	0.0000	0.0000	0.0000	0.0000	0.0000	0.0000	0.0000	0.0000	0.0000	0.0000	0.0000	0.0000	0.0000	0.0000	0.0000	0.0000	0.0000	0.0000	0.0000	7.1084	0.0000	28.8937	0.0000	0.0000	0.0000	0.0000	0.0000	0.0000	0.0000	0.0000	0.0000	0.0000	0.0000	0.0000	0.0000	0.0000	0.0000	0.0000	0.0000	0.0000	0.0000	0.0000	0.0000	0.0000	0.0000	0.0000	0.0000	0.0000	0.0000	0.0000	0.0000	0.0000	0.0000	0.0000	0.0000	0.0000	0.0000	0.0000	0.0000	0.0000	0.0000	0.0000	0.0000	0.0000	0.0000	0.0000	0.0000	0.0000	0.0000	0.0000	0.0000	0.0000	0.0000	0.0000	0.0000	0.0000											
8	85	0.0888	8	1	2	0	1	0	0	0	0	N	Y	N	N	N	N	N	N	N	N	N	N	0.0000	0.0000	0.0000	0.0000	0.0000	0.0000	0.0000	0.0000	0.0000	0.0000	0.0000	0.0000	0.0000	0.0000	0.0000	0.0000	0.0000	0.0000	0.0000	0.0000	0.0000	2.2208	0.0000	3.9129	0.0000	0.0000	0.0000	0.0000	0.0000	0.0000	0.0000	0.0000	0.0000	0.0000	0.0000	0.0000	0.0000	0.0000	0.0000	0.0000	0.0000	0.0000	0.0000	0.0000	0.0000	0.0000	0.0000	0.0000	0.0000	0.0000	0.0000	0.0000	0.0000	0.0000	0.0000	0.0000	0.0000	0.0000	0.0000	0.0000	0.0000	0.0000	0.0000	0.0000	0.0000	0.0000	0.0000	0.0000	0.0000	0.0000	0.0000	0.0000	0.0000	0.0000	0.0000	0.0000	0.0000	0.0000											
8	86	0.1643	10	1	1	1	1	0	0	0	0	N	N	N	N	N	N	N	N	N	N	N	N	0.0000	0.0000	0.0000	0.0000	0.0000	0.0000	0.0000	0.0000	0.0000	0.0000	0.0000	0.0000	0.0000	0.0000	0.0000	0.0000	0.0000	0.0000	0.0000	0.0000	0.0000	5.3425	0.0000	7.0749	0.0000	0.0000	0.0000	0.0000	0.0000	0.0000	0.0000	0.0000	0.0000	0.0000	0.0000	0.0000	0.0000	0.0000	0.0000	0.0000	0.0000	0.0000	0.0000	0.0000	0.0000	0.0000	0.0000	0.0000	0.0000	0.0000	0.0000	0.0000	0.0000	0.0000	0.0000	0.0000	0.0000	0.0000	0.0000	0.0000	0.0000	0.0000	0.0000	0.0000	0.0000	0.0000	0.0000	0.0000	0.0000	0.0000	0.0000	0.0000	0.0000	0.0000	0.0000	0.0000	0.0000	0.0000											
8	87	0.1212	9	1	1	0	1	0	0	0	0	N	N	N	N	N	N	N	N	N	N	N	N	0.0000	0.0000	0.0000	0.0000	0.0000	0.0000	0.0000	0.0000	0.0000	0.0000	0.0000	0.0000	0.0000	0.0000	0.0000	0.0000	0.0000	0.0000	0.0000	0.0000	0.0000	7.0719	0.0000	13.7350	0.0000	0.0000	0.0000	0.0000	0.0000	0.0000	0.0000	0.0000	0.0000	0.0000	0.0000	0.0000	0.0000	0.0000	0.0000	0.0000	0.0000	0.0000	0.0000	0.0000	0.0000	0.0000	0.0000	0.0000	0.0000	0.0000	0.0000	0.0000	0.0000	0.0000	0.0000	0.0000	0.0000	0.0000	0.0000	0.0000	0.0000	0.0000	0.0000	0.0000	0.0000	0.0000	0.0000	0.0000	0.0000	0.0000	0.0000	0.0000	0.0000	0.0000	0.0000	0.0000	0.0000	0.0000											
8	88	0.1278	11	2	1	1	1	0	0	0	0	Y	N	N	N	N	N	N	N	N	N	N	N	0.0000	0.0000	0.0000	0.0000	0.0000	0.0000	0.0000	0.0000	0.0000	0.0000	0.0000	0.0000	0.0000	0.0000	0.0000	0.0000	0.0000	0.0000	0.0000	0.0000	0.0000	0.0000	0.0000	0.0000	0.0000	0.0000	0.0000	0.0000	0.0000	0.0000	0.0000	0.0000	0.0000	0.0000	0.0000	0.0000	0.0000	0.0000	0.0000	0.0000	0.0000	0.0000	0.0000	0.0000	0.0000	0.0000	0.0000	0.0000	0.0000	0.0000	0.0000	0.0000	0.0000	0.0000	0.0000	0.0000	0.0000	0.0000	0.0000	0.0000	0.0000	0.0000	0.0000	0.0000	0.0000	0.0000	0.0000	0.0000	0.0000	0.0000	0.0000	0.0000	0.0000	0.0000	0.0000	0.0000	0.0000	0.0000											
8	89	0.1259	10	2	1	1	1	0	0	0	0	Y	N	N	N	N	N	N	N	N	N	N	N	0.0000	0.0000	0.0000	0.0000	0.0000	0.0000	0.0000	0.0000	0.0000	0.0000	0.0000	0.0000	0.0000	0.0000	0.0000	0.0000	0.0000	0.0000	0.0000	0.0000	0.0000	0.0001	0.0000	0.9161	0.0000	0.0000	0.0000	0.0000	0.0000	0.0000	0.0000	0.0000	0.0000	0.0000	0.0000	0.0000	0.0000	0.0000	0.0000	0.0000	0.0000	0.0000	0.0000	0.0000	0.0000	0.0000	0.0000	0.0000	0.0000	0.0000	0.0000	0.0000	0.0000	0.0000	0.0000	0.0000	0.0000	0.0000	0.0000	0.0000	0.0000	0.0000	0.0000	0.0000	0.0000	0.0000	0.0000	0.0000	0.0000	0.0000	0.0000	0.0000	0.0000	0.0000	0.0000	0.0000	0.0000	0.0000											
8	90	0.1011	9	2	1	1	1	0	0	0	0	Y	N	N	N	N	N	N	N	N	N	N	N	0.0000	0.0000	0.0000	0.0000	0.0000	0.0000	0.0000	0.0000	0.0000	0.0000	0.0000	0.0000	0.0000	0.0000	0.0000	0.0000	0.0000	0.0000	0.0000	0.0000	0.0000	3.7876	0.0000	7.8440	0.0000	0.0000	0.0000	0.0000	0.0000	0.0000	0.0000	0.0000	0.0000	0.0000	0.0000	0.0000	0.0000	0.0000	0.0000	0.0000	0.0000	0.0000	0.0000	0.0000	0.0000	0.0000	0.0000	0.0000	0.0000	0.0000	0.0000	0.0000	0.0000	0.0000	0.0000	0.0000	0.0000	0.0000	0.0000	0.0000	0.0000	0.0000	0.0000	0.0000	0.0000	0.0000	0.0000	0.0000	0.0000	0.0000	0.0000	0.0000	0.0000	0.0000	0.0000	0.0000	0.0000	0.0000											
8	91	0.0694	7	1	2	0	2	0	0	0	0	N	Y	N	Y	N	N	N	N	N	N	N	N	0.0000	0.0000	0.0000	0.0000	0.0000	0.0000	0.0000	0.0000	0.0000	0.0000	0.0000	0.0000	0.0000	0.0000	0.0000	0.0000	0.0000	0.0000	0.0000	0.0000	0.0000	1.8247	0.0000	16.3284	0.0000	0.0000	0.0000	0.0000	0.0000	0.0000	0.0000	0.0000	0.0000	0.0000	0.0000	0.0000	0.0000	0.0000	0.0000	0.0000	0.0000	0.0000	0.0000	0.0000	0.0000	0.0000	0.0000	0.0000	0.0000	0.0000	0.0000	0.0000	0.0000	0.0000	0.0000	0.0000	0.0000	0.0000	0.0000	0.0000	0.0000	0.0000	0.0000	0.0000	0.0000	0.0000	0.0000	0.0000	0.0000	0.0000	0.0000	0.0000	0.0000	0.0000	0.0000	0.0000	0.0000	0.0000											
8	92	0.0589	6	1	2	0	1	0	0	0	0	N	Y	N	N	N	N	N	N	N	N	N	N	0.0000	0.0000	0.0000	0.0000	0.0000	0.0000	0.0000	0.0000	0.0000	0.0000	0.0000	0.0000	0.0000	0.0000	0.0000	0.0000	0.0000	0.0000	0.0000	0.0000	0.0000	9.1310	0.0000	16.1726	0.0000	0.0000	0.0000	0.0000	0.0000	0.0000	0.0000	0.0000	0.0000	0.0000	0.0000	0.0000	0.0000	0.0000	0.0000	0.0000	0.0000	0.0000	0.0000	0.0000	0.0000	0.0000	0.0000	0.0000	0.0000	0.0000	0.0000	0.0000	0.0000	0.0000	0.0000	0.0000	0.0000	0.0000	0.0000	0.0000	0.0000	0.0000	0.0000	0.0000	0.0000	0.0000	0.0000	0.0000	0.0000	0.0000	0.0000	0.0000	0.0000	0.0000	0.0000	0.0000	0.0000	0.0000											
8	93	0.1439	12	1	2	0	1	0	0	0	0	N	Y	N	N	N	N	N	N	N	N	N	N	0.0000	0.0000	0.0000	0.0000	0.0000	0.0000	0.0000	0.0000	0.0000	0.0000	0.0000	0.0000	0.0000	0.0000	0.0000	0.0000	0.0000	0.0000	0.0000	0.0000	0.0000	4.0959	0.0000	8.7137	0.0000	0.0000	0.0000	0.0000	0.0000	0.0000	0.0000	0.0000	0.0000	0.0000	0.0000	0.0000	0.0000	0.0000	0.0000	0.0000	0.0000	0.0000	0.0000	0.0000	0.0000	0.0000	0.0000	0.0000	0.0000	0.0000	0.0000	0.0000	0.0000	0.0000	0.0000	0.0000	0.0000	0.0000	0.0000	0.0000	0.0000	0.0000	0.0000	0.0000	0.0000	0.0000	0.0000	0.0000	0.0000	0.0000	0.0000	0.0000	0.0000	0.0000	0.0000	0.0000	0.0000	0.0000											
8	94	0.1256	11	1	2	0	1	0	0	0	0	N	Y	N	N	N	N	N	N	N	N	N	N	0.0000	0.0000	0.0000	0.0000	0.0000	0.0000	0.0000	0.0000	0.0000	0.0000	0.0000	0.0000	0.0000	0.0000	0.0000	0.0000	0.0000	0.0000	0.0000	0.0000	0.0000	2.9443	0.0000	6.1524	0.0000	0.0000	0.0000	0.0000	0.0000	0.0000	0.0000	0.0000	0.0000	0.0000	0.0000	0.0000	0.0000	0.0000	0.0000	0.0000	0.0000	0.0000	0.0000	0.0000	0.0000	0.0000	0.0000	0.0000	0.0000	0.0000	0.0000	0.0000	0.0000	0.0000	0.0000	0.0000	0.0000	0.0000	0.0000	0.0000	0.0000	0.0000	0.0000	0.0000	0.0000	0.0000	0.0000	0.0000	0.0000	0.0000	0.0000	0.0000	0.0000	0.0000	0.0000	0.0000	0.0000	0.0000											
8	95	0.1231	10	1	1	0	1	0	0	0	0	N	N	N	N	N	N	N	N	N	N	N	N	0.0000	0.0000	0.0000	0.0000	0.0000	0.0000	0.0000	0.0000	0.0000	0.0000	0.0000	0.0000	0.0000	0.0000	0.0000	0.0000	0.0000	0.0000	0.0000	0.0000	0.0000	0.8596	0.0000	1.2300	0.0000	0.0000	0.0000	0.0000	0.0000	0.0000	0.0000	0.0000	0.0000	0.0000	0.0000	0.0000	0.0000	0.0000	0.0000	0.0000	0.0000	0.0000	0.0000	0.0000	0.0000	0.0000	0.0000	0.0000	0.0000	0.0000	0.0000	0.0000	0.0000	0.0000	0.0000	0.0000	0.0000	0.0000	0.0000	0.0000	0.0000	0.0000	0.0000	0.0000	0.0000	0.0000	0.0000	0.0000	0.0000	0.0000	0.0000	0.0000	0.0000	0.0000	0.0000	0.0000	0.0000	0.0000											
8	96	0.1113	9	1	1	0	1	0	0	0	0	N	N	N	N	N	N	N	N	N	N	N	N	0.0000	0.0000	0.0000	0.0000	0.0000	0.0000	0.0000	0.0000	0.0000	0.0000	0.0000	0.0000	0.0000	0.0000	0.0000	0.0000	0.0000	0.0000	0.0000	0.0000	0.0000	3.7737	0.0000	2.5241	0.0000	0.0000	0.0000	0.0000	0.0000	0.0000	0.0000	0.0000	0.0000	0.0000	0.0000	0.0000	0.0000	0.0000	0.0000	0.0000	0.0000	0.0000	0.0000	0.0000	0.0000	0.0000	0.0000	0.0000	0.0000	0.0000	0.0000	0.0000	0.0000	0.0000	0.0000	0.0000	0.0000	0.0000	0.0000	0.0000	0.0000	0.0000	0.0000	0.0000	0.0000	0.0000	0.0000	0.0000	0.0000	0.0000	0.0000	0.0000	0.0000	0.0000	0.0000	0.0000	0.0000	0.0000											
8	97	0.0904	8	1	1	0	1	0	0	0	0	N	N	N	N	N	N	N	N	N	N	N	N	0.0000	0.0000	0.0000	0.0000	0.0000	0.0000	0.0000	0.0000	0.0000	0.0000	0.0000	0.0000	0.0000	0.0000	0.0000	0.0000	0.0000	0.0000	0.0000	0.0000	0.0000	6.4922	0.0000	4.5502	0.0000	0.0000	0.0000	0.0000	0.0000	0.0000	0.0000	0.0000	0.0000	0.0000	0.0000	0.0000	0.0000	0.0000	0.0000	0.0000	0.0000	0.0000	0.0000	0.0000	0.0000	0.0000	0.0000	0.0000	0.0000	0.0000	0.0000	0.0000	0.0000	0.0000	0.0000	0.0000	0.0000	0.0000	0.0000	0.0000	0.0000	0.0000	0.0000	0.0000	0.0000	0.0000	0.0000	0.0000	0.0000	0.0000	0.0000	0.0000	0.0000	0.0000	0.0000	0.0000	0.0000	0.0000											
8	98	0.1011	9	1	2	0	1	0	0	0	0	N	Y	N	N	N	N	N	N	N	N	N	N	0.0000	0.0000	0.0000	0.0000	0.0000	0.0000	0.0000	0.0000	0.0000	0.0000	0.0000	0.0000	0.0000	0.0000	0.0000	0.0000	0.0000	0.0000	0.0000	0.0000	0.0000	1.3608	0.0000	12.1483	0.0000	0.0000	0.0000	0.0000	0.0000	0.0000	0.0000	0.0000	0.0000	0.0000	0.0000	0.0000	0.0000	0.0000	0.0000	0.0000	0.0000	0.0000	0.0000	0.0000	0.0000	0.0000	0.0000	0.0000	0.0000	0.0000	0.0000	0.0000	0.0000	0.0000	0.0000	0.0000	0.0000	0.0000	0.0000	0.0000	0.0000	0.0000	0.0000	0.0000	0.0000	0.0000	0.0000	0.0000	0.0000	0.0000	0.0000	0.0000	0.0000	0.0000	0.0000	0.0000	0.0000	0.0000											
8	99	0.0974	8	1	1	0	1	0	0	0	0	N	N	N	N	N	N	N	N	N	N	N	N	0.0000	0.0000	0.0000	0.0000	0.0000	0.0000	0.0000	0.0000	0.0000	0.0000	0.0000	0.0000	0.0000	0.0000	0.0000	0.0000	0.0000	0.0000	0.0000	0.0000	0.0000	1.5300	0.0000	0.7696	0.0000	0.0000	0.0000	0.0000	0.0000	0.0000	0.0000	0.0000	0.0000	0.0000	0.0000	0.0000	0.0000	0.0000	0.0000	0.0000	0.0000	0.0000	0.0000	0.0000	0.0000	0.0000	0.0000	0.0000	0.0000	0.0000	0.0000	0.0000	0.0000	0.0000	0.0000	0.0000	0.0000	0.0000	0.0000	0.0000	0.0000	0.0000	0.0000	0.0000	0.0000	0.0000	0.0000	0.0000	0.0000	0.0000	0.0000	0.0000	0.0000	0.0000	0.0000	0.0000	0.0000	0.0000											
8	100	0.0886	7	1	1	0	1	0	0	0	0	N	N	N	N	N	N	N	N	N	N	N	N	0.0000	0.0000	0.0000	0.0000	0.0000	0.0000	0.0000	0.0000	0.0000	0.0000	0.0000	0.0000	0.0000	0.0000	0.0000	0.0000	0.0000	0.0000	0.0000	0.0000	0.0000	3.6906	0.0000	1.4800	0.0000	0.0000	0.0000	0.0000	0.0000	0.0000	0.0000	0.0000	0.0000	0.0000	0.0000	0.0000	0.0000	0.0000	0.0000	0.0000	0.0000	0.0000	0.0000	0.0000	0.0000	0.0000	0.0000	0.0000	0.0000	0.0000	0.0000	0.0000	0.0000	0.0000	0.0000	0.0000	0.0000	0.0000	0.0000	0.0000	0.0000	0.0000	0.0000	0.0000	0.0000	0.0000	0.0000	0.0000	0.0000	0.0000	0.0000	0.0000	0.0000	0.0000	0.0000	0.0000	0.0000	0.0000											
8	101	0.0886	6	1	1	0	1	0	0	0	0	N	N	N	N	N	N	N	N	N	N	N	N	0.0000	0.0000	0.0000	0.0000	0.0000	0.0000	0.0000	0.0000	0.0000	0.0000	0.0000	0.0000	0.0000	0.0000	0.0000	0.0000	0.0000	0.0000	0.0000	0.0000	0.0000	0.1361	0.0000	0.4500	0.0000	0.0000	0.0000	0.0000	0.0000	0.0000	0.0000	0.0000	0.0000	0.0000	0.0000	0.0000	0.0000	0.0000	0.0000	0.0000	0.0000	0.0000	0.0000	0.0000	0.0000	0.0000	0.0000	0.0000	0.0000	0.0000	0.0000	0.0000	0.0000	0.0000	0.0000	0.0000	0.0000	0.0000	0.0000	0.0000	0.0000	0.0000	0.0000	0.0000	0.0000	0.0000	0.0000	0.0000	0.0000	0.0000	0.0000	0.0000	0.0000	0.0000	0.0000	0.0000	0.0000	0.0000											
8	102	0.0727	5	1	1	0	1	0	0	0	0	N	N	N	N	N	N	N	N	N	N	N	N	0.0000	0.0000	0.0000	0.0000	0.0000	0.0000	0.0000	0.0000	0.0000	0.0000	0.0000	0.0000	0.0000	0.0000	0.0000	0.0000	0.0000	0.0000	0.0000	0.0000	0.0000	3.5591	0.0000	4.5341	0.0000	0.0000	0.0000	0.0000	0.0000	0.0000	0.0000	0.0000	0.0000	0.0000	0.0000	0.0000	0.0000	0.0000	0.0000	0.0000	0.0000	0.0000	0.0000	0.0000	0.0000	0.0000	0.0000	0.0000	0.0000	0.0000	0.0000	0.0000	0.0000	0.0000	0.0000	0.0000	0.0000	0.0000	0.0000	0.0000	0.0000	0.0000	0.0000	0.0000	0.0000	0.0000	0.0000	0.0000	0.0000	0.0000	0.0000	0.0000	0.0000	0.0000	0.0000	0.0000	0.0000	0.0000											
8	103	0.0510	4	1	1	0	1	0	0	0	0	N	N	N	N	N	N	N	N	N	N	N	N	0.0000	0.0000	0.0000	0.0000	0.0000	0.0000	0.0000	0.0000	0.0000	0.0000	0.0000	0.0000	0.0000	0.0000	0.0000	0.0000	0.0000	0.0000	0.0000	0.0000	0.0000	2.8937	0.0000	8.0733	0.0000	0.0000	0.0000	0.0000	0.0000	0.0000	0.0000	0.0000	0.0000	0.0000	0.0000	0.0000	0.0000	0.0000	0.0000	0.0000	0.0000	0.0000	0.0000	0.0000	0.0000	0.0000	0.0000	0.0000	0.0000	0.0000	0.0000	0.0000	0.0000	0.0000	0.0000	0.0000	0.0000	0.0000	0.0000	0.0000	0.0000	0.0000	0.0000	0.0000	0.0000	0.0000	0.0000	0.0000	0.0000	0.0000	0.0000	0.0000	0.0000	0.0000	0.0000	0.0000	0.0000	0.0000											
8	104	0.1453	10	1	2	0	1	0	0	0	0	N	Y	N	N	N	N	N	N	N	N	N	N	0.0000	0.0000	0.0000	0.0000	0.0000	0.0000	0.0000	0.0000	0.0000	0.0000	0.0000	0.0000	0.0000	0.0000	0.0000	0.0000	0.0000	0.0000	0.0000	0.0000	0.0000	0.0277	0.0000	1.3445	0.0000	0.0000	0.0000	0.0000	0.0000	0.0000	0.0000	0.0000	0.0000	0.0000	0.0000	0.0000	0.0000	0.0000	0.0000	0.0000	0.0000	0.0000	0.0000	0.0000	0.0000	0.0000	0.0000	0.0000	0.0000	0.0000	0.0000	0.0000	0.0000	0.0000	0.0000	0.0000	0.0000	0.0000	0.0000	0.0000	0.0000	0.0000	0.0000	0.0000	0.0000	0.0000	0.0000	0.0000	0.0000	0.0000	0.0000	0.0000	0.0000	0.0000	0.0000	0.0000	0.0000	0.0000											
8	105	0.0986	9	1	2	0	1	0	0	0	0	N	Y	N	N	N	N	N	N	N	N	N	N	0.0000	0.0000	0.0000	0.0000	0.0000	0.0000	0.0000	0.0000	0.0000	0.0000	0.0000	0.0000	0.0000	0.0000	0.0000	0.0000	0.0000	0.0000	0.0000	0.0000	0.0000	5.1414	0.0000	16.4151	0.0000	0.0000	0.0000	0.0000	0.0000	0.0000	0.0000	0.0000	0.0000	0.0000	0.0000	0.0000	0.0000	0.0000	0.0000	0.0000	0.0000	0.0000	0.0000	0.0000	0.0000	0.0000	0.0000	0.0000	0.0000	0.0000	0.0000	0.0000	0.0000	0.0000	0.0000	0.0000	0.0000	0.0000	0.0000	0.0000	0.0000	0.0000	0.0000	0.0000	0.0000	0.0000	0.0000	0.0000	0.0000	0.0000	0.0000	0.0000	0.0000	0.0000	0.0000	0.0000	0.0000	0.0000											
8	106	0.0904	8	1	1	0	1	0	0	0	0	N	N	N	N	N	N	N	N	N	N	N	N	0.0000	0.0000	0.0000	0.0000	0.0000	0.0000	0.0000	0.0000	0.0000	0.0000	0.0000	0.0000	0.0000	0.0000	0.0000	0.0000	0.0000	0.0000	0.0000	0.0000	0.0000	3.8974	0.0000	1.6364	0.0000	0.0000	0.0000	0.0000	0.0000	0.0000	0.0000	0.0000	0.0000	0.0000	0.0000	0.0000	0.0000	0.0000	0.0000	0.0000	0.0000	0.0000	0.0000	0.0000	0.0000	0.0000	0.0000	0.0000	0.0000	0.0000	0.0000	0.0000	0.0000	0.0000	0.0000	0.0000	0.0000	0.0000	0.0000	0.0000	0.0000	0.0000	0.0000	0.0000	0.0000	0.0000	0.0000	0.0000	0.0000	0.0000	0.0000	0.0000	0.0000	0.0000	0.0000	0.0000	0.0000	0.0000											
8	107	0.0694	7	1	1	0	1	0	0	0	0	N	N	N	N	N	N	N	N	N	N	N	N	0.0000	0.0000	0.0000	0.0000	0.0000	0.0000	0.0000	0.0000	0.0000	0.0000	0.0000	0.0000	0.0000	0.0000	0.0000	0.0000	0.0000	0.0000	0.0000	0.0000	0.0000	0.3701	0.0000	9.6236	0.0000	0.0000	0.0000	0.0000	0.0000	0.0000	0.0000	0.0000	0.0000	0.0000	0.0000	0.0000	0.0000	0.0000	0.0000	0.0000	0.0000	0.0000	0.0000	0.0000	0.0000	0.0000	0.0000	0.0000	0.0000	0.0000	0.0000	0.0000	0.0000	0.0000	0.0000	0.0000	0.0000	0.0000	0.0000	0.0000	0.0000	0.0000	0.0000	0.0000	0.0000	0.0000	0.0000	0.0000	0.0000	0.0000	0.0000	0.0000	0.0000	0.0000	0.0000	0.0000	0.0000	0.0000											
8	108	0.0589	6	1	1	0	1	0	0	0	0	N	N	N	N	N	N	N	N	N	N	N	N	0.0000	0.0000	0.0000	0.0000	0.0000	0.0000	0.0000	0.0000	0.0000	0.0000	0.0000	0.0000	0.0000	0.0000	0.0000	0.0000	0.0000	0.0000	0.0000	0.0000	0.0000	0.4415	0.0000	4.8853	0.0000	0.0000	0.0000	0.0000	0.0000	0.0000	0.0000	0.0000	0.0000	0.0000	0.0000	0.0000	0.0000	0.0000	0.0000	0.0000	0.0000	0.0000	0.0000	0.0000	0.0000	0.0000	0.0000	0.0000	0.0000	0.0000	0.0000	0.0000	0.0000	0.0000	0.0000	0.0000	0.0000	0.0000	0.0000	0.0000	0.0000	0.0000	0.0000	0.0000	0.0000	0.0000	0.0000	0.0000	0.0000	0.0000	0.0000	0.0000	0.0000	0.0000	0.0000	0.0000	0.0000	0.0000											
8	111	0.0239	4	1	2	0	2	0	0	0	0	N	Y	N	Y	N	N	N	N	N	N	N	N	0.0000	0.0000	0.0000	0.0000	0.0000	0.0000	0.0000	0.0000	0.0000	0.0000	0.0000	0.0000	0.0000	0.0000	0.0000	0.0000	0.0000	0.0000	0.0000	0.0000	0.0000	0.0016	0.0000	5.0076	0.0000	0.0000	0.0000	0.0000	0.0000	0.0000	0.0000	0.0000	0.0000	0.0000	0.0000	0.0000	0.0000	0.0000	0.0000	0.0000	0.0000	0.0000	0.0000	0.0000	0.0000	0.0000	0.0000	0.0000	0.0000	0.0000	0.0000	0.0000	0.0000	0.0000	0.0000	0.0000	0.0000	0.0000	0.0000	0.0000	0.0000	0.0000	0.0000	0.0000	0.0000	0.0000	0.0000	0.0000	0.0000	0.0000	0.0000	0.0000	0.0000	0.0000	0.0000	0.0000	0.0000	0.0000											
8	112	0.0171	3	1	2	0	2	0	0	0	0	N	Y	N	Y	N	N	N	N	N	N	N	N	0.0000	0.0000	0.0000	0.0000	0.0000	0.0000	0.0000	0.0000	0.0000	0.0000	0.0000	0.0000	0.0000	0.0000	0.0000	0.0000	0.0000	0.0000	0.0000	0.0000	0.0000	1.0012	0.0000	2.1373	0.0000	0.0000	0.0000	0.0000	0.0000	0.0000	0.0000	0.0000	0.0000	0.0000	0.0000	0.0000	0.0000	0.0000	0.0000	0.0000	0.0000	0.0000	0.0000	0.0000	0.0000	0.0000	0.0000	0.0000	0.0000	0.0000	0.0000	0.0000	0.0000	0.0000	0.0000	0.0000	0.0000	0.0000	0.0000	0.0000	0.0000	0.0000	0.0000	0.0000	0.0000	0.0000	0.0000	0.0000	0.0000	0.0000	0.0000	0.0000	0.0000	0.0000	0.0000	0.0000	0.0000	0.0000											
8	113	0.0254	3	1	2	0	1	0	0	0	0	N	Y	N	N	N	N	N	N	N	N	N	N	0.0000	0.0000	0.0000	0.0000	0.0000	0.0000	0.0000	0.0000	0.0000	0.0000	0.0000	0.0000	0.0000	0.0000	0.0000	0.0000	0.0000	0.0000	0.0000	0.0000	0.0000	0.9705	0.0000	5.0371	0.0000	0.0000	0.0000	0.0000	0.0000	0.0000	0.0000	0.0000	0.0000	0.0000	0.0000	0.0000	0.0000	0.0000	0.0000	0.0000	0.0000	0.0000	0.0000	0.0000	0.0000	0.0000	0.0000	0.0000	0.0000	0.0000	0.0000	0.0000	0.0000	0.0000	0.0000	0.0000	0.0000	0.0000	0.0000	0.0000	0.0000	0.0000	0.0000	0.0000	0.0000	0.0000	0.0000	0.0000	0.0000	0.0000	0.0000	0.0000	0.0000	0.0000	0.0000	0.0000	0.0000	0.0000											
8	114	0.0171	3	1	1	1	2	0	0	0	0	N	N	N	Y	N	N	N	N	N	N	N	N	0.0000	0.0000	0.0000	0.0000	0.0000	0.0000	0.0000	0.0000	0.0000	0.0000	0.0000	0.0000	0.0000	0.0000	0.0000	0.0000	0.0000	0.0000	0.0000	0.0000	0.0000	0.0000	0.0000	1.1303	0.0000	0.0000	0.0000	0.0000	0.0000	0.0000	0.0000	0.0000	0.0000	0.0000	0.0000	0.0000	0.0000	0.0000	0.0000	0.0000	0.0000	0.0000	0.0000	0.0000	0.0000	0.0000	0.0000	0.0000	0.0000	0.0000	0.0000	0.0000	0.0000	0.0000	0.0000	0.0000	0.0000	0.0000	0.0000	0.0000	0.0000	0.0000	0.0000	0.0000	0.0000	0.0000	0.0000	0.0000	0.0000	0.0000	0.0000	0.0000	0.0000	0.0000	0.0000	0.0000	0.0000	0.0000											
8	115	0.0150	2	1	1	0	2	0	0	0	0	N	N	N	Y	N	N	N	N	N	N	N	N	0.0000	0.0000	0.0000	0.0000	0.0000	0.0000	0.0000	0.0000	0.0000	0.0000	0.0000	0.0000	0.0000	0.0000	0.0000	0.0000	0.0000	0.0000	0.0000	0.0000	0.0000	0.0000	0.0000	1.2340	0.0000	0.0000	0.0000	0.0000	0.0000	0.0000	0.0000	0.0000	0.0000	0.0000	0.0000	0.0000	0.0000	0.0000	0.0000	0.0000	0.0000	0.0000	0.0000	0.0000	0.0000	0.0000	0.0000	0.0000	0.0000	0.0000	0.0000	0.0000	0.0000	0.0000	0.0000	0.0000	0.0000	0.0000	0.0000	0.0000	0.0000	0.0000	0.0000	0.0000	0.0000	0.0000	0.0000	0.0000	0.0000	0.0000	0.0000	0.0000	0.0000	0.0000	0.0000	0.0000	0.0000	0.0000											
8	116	0.0225	3	1	1	1	2	0	0	0	0	N	N	N	Y	N	N	N	N	N	N	N	N	0.0000	0.0000	0.0000	0.0000	0.0000	0.0000	0.0000	0.0000	0.0000	0.0000	0.0000	0.0000	0.0000	0.0000	0.0000	0.0000	0.0000	0.0000	0.0000	0.0000	0.0000	0.9725	0.0000	0.9874	0.0000	0.0000	0.0000	0.0000	0.0000	0.0000	0.0000	0.0000	0.0000	0.0000	0.0000	0.0000	0.0000	0.0000	0.0000	0.0000	0.0000	0.0000	0.0000	0.0000	0.0000	0.0000	0.0000	0.0000	0.0000	0.0000	0.0000	0.0000	0.0000	0.0000	0.0000	0.0000	0.0000	0.0000	0.0000	0.0000	0.0000	0.0000	0.0000	0.0000	0.0000	0.0000	0.0000	0.0000	0.0000	0.0000	0.0000	0.0000	0.0000	0.0000	0.0000	0.0000	0.0000	0.0000											
8	117	0.0225	3	1	1	1	2	0	0	0	0	N	N	N	Y	N	N	N	N	N	N	N	N	0.0000	0.0000	0.0000	0.0000	0.0000	0.0000	0.0000	0.0000	0.0000	0.0000	0.0000	0.0000	0.0000	0.0000	0.0000	0.0000	0.0000	0.0000	0.0000	0.0000	0.0000	0.0285	0.0000	4.0215	0.0000	0.0000	0.0000	0.0000	0.0000	0.0000	0.0000	0.0000	0.0000	0.0000	0.0000	0.0000	0.0000	0.0000	0.0000	0.0000	0.0000	0.0000	0.0000	0.0000	0.0000	0.0000	0.0000	0.0000	0.0000	0.0000	0.0000	0.0000	0.0000	0.0000	0.0000	0.0000	0.0000	0.0000	0.0000	0.0000	0.0000	0.0000	0.0000	0.0000	0.0000	0.0000	0.0000	0.0000	0.0000	0.0000	0.0000	0.0000	0.0000	0.0000	0.0000	0.0000	0.0000	0.0000											
8	118	0.0150	2	1	1	1	2	0	0	0	0	N	N	N	Y	N	N	N	N	N	N	N	N	0.0000	0.0000	0.0000	0.0000	0.0000	0.0000	0.0000	0.0000	0.0000	0.0000	0.0000	0.0000	0.0000	0.0000	0.0000	0.0000	0.0000	0.0000	0.0000	0.0000	0.0000	3.0275	0.0000	2.1573	0.0000	0.0000	0.0000	0.0000	0.0000	0.0000	0.0000	0.0000	0.0000	0.0000	0.0000	0.0000	0.0000	0.0000	0.0000	0.0000	0.0000	0.0000	0.0000	0.0000	0.0000	0.0000	0.0000	0.0000	0.0000	0.0000	0.0000	0.0000	0.0000	0.0000	0.0000	0.0000	0.0000	0.0000	0.0000	0.0000	0.0000	0.0000	0.0000	0.0000	0.0000	0.0000	0.0000	0.0000	0.0000	0.0000	0.0000	0.0000	0.0000	0.0000	0.0000	0.0000	0.0000	0.0000											
8	119	0.1076	4	2	2	0	1	0	0	0	0	Y	Y	N	N	N	N	N	N	N	N	N	N	0.0000	0.0000	0.0000	0.0000	0.0000	0.0000	0.0000	0.0000	0.0000	0.0000	0.0000	0.0000	0.0000	0.0000	0.0000	0.0000	0.0000	0.0000	0.0000	0.0000	0.0000	2.1883	0.0000	3.1271	0.0000	0.0000	0.0000	0.0000	0.0000	0.0000	0.0000	0.0000	0.0000	0.0000	0.0000	0.0000	0.0000	0.0000	0.0000	0.0000	0.0000	0.0000	0.0000	0.0000	0.0000	0.0000	0.0000	0.0000	0.0000	0.0000	0.0000	0.0000	0.0000	0.0000	0.0000	0.0000	0.0000	0.0000	0.0000	0.0000	0.0000	0.0000	0.0000	0.0000	0.0000	0.0000	0.0000	0.0000	0.0000	0.0000	0.0000	0.0000	0.0000	0.0000	0.0000	0.0000	0.0000	0.0000											
8	120	0.0407	3	2	2	0	1	0	0	0	0	Y	Y	N	N	N	N	N	N	N	N	N	N	0.0000	0.0000	0.0000	0.0000	0.0000	0.0000	0.0000	0.0000	0.0000	0.0000	0.0000	0.0000	0.0000	0.0000	0.0000	0.0000	0.0000	0.0000	0.0000	0.0000	0.0000	13.6104	0.0000	16.0982	0.0000	0.0000	0.0000	0.0000	0.0000	0.0000	0.0000	0.0000	0.0000	0.0000	0.0000	0.0000	0.0000	0.0000	0.0000	0.0000	0.0000	0.0000	0.0000	0.0000	0.0000	0.0000	0.0000	0.0000	0.0000	0.0000	0.0000	0.0000	0.0000	0.0000	0.0000	0.0000	0.0000	0.0000	0.0000	0.0000	0.0000	0.0000	0.0000	0.0000	0.0000	0.0000	0.0000	0.0000	0.0000	0.0000	0.0000	0.0000	0.0000	0.0000	0.0000	0.0000	0.0000	0.0000											
8	121	0.0659	5	1	2	0	1	0	0	0	0	N	Y	N	N	N	N	N	N	N	N	N	N	0.0000	0.0000	0.0000	0.0000	0.0000	0.0000	0.0000	0.0000	0.0000	0.0000	0.0000	0.0000	0.0000	0.0000	0.0000	0.0000	0.0000	0.0000	0.0000	0.0000	0.0000	0.3548	0.0000	4.6068	0.0000	0.0000	0.0000	0.0000	0.0000	0.0000	0.0000	0.0000	0.0000	0.0000	0.0000	0.0000	0.0000	0.0000	0.0000	0.0000	0.0000	0.0000	0.0000	0.0000	0.0000	0.0000	0.0000	0.0000	0.0000	0.0000	0.0000	0.0000	0.0000	0.0000	0.0000	0.0000	0.0000	0.0000	0.0000	0.0000	0.0000	0.0000	0.0000	0.0000	0.0000	0.0000	0.0000	0.0000	0.0000	0.0000	0.0000	0.0000	0.0000	0.0000	0.0000	0.0000	0.0000	0.0000											
8	122	0.0510	4	1	2	0	1	0	0	0	0	N	Y	N	N	N	N	N	N	N	N	N	N	0.0000	0.0000	0.0000	0.0000	0.0000	0.0000	0.0000	0.0000	0.0000	0.0000	0.0000	0.0000	0.0000	0.0000	0.0000	0.0000	0.0000	0.0000	0.0000	0.0000	0.0000	1.6911	0.0000	5.7022	0.0000	0.0000	0.0000	0.0000	0.0000	0.0000	0.0000	0.0000	0.0000	0.0000	0.0000	0.0000	0.0000	0.0000	0.0000	0.0000	0.0000	0.0000	0.0000	0.0000	0.0000	0.0000	0.0000	0.0000	0.0000	0.0000	0.0000	0.0000	0.0000	0.0000	0.0000	0.0000	0.0000	0.0000	0.0000	0.0000	0.0000	0.0000	0.0000	0.0000	0.0000	0.0000	0.0000	0.0000	0.0000	0.0000	0.0000	0.0000	0.0000	0.0000	0.0000	0.0000	0.0000	0.0000											
8	123	0.0407	3	1	1	0	1	0	0	0	0	N	N	N	N	N	N	N	N	N	N	N	N	0.0000	0.0000	0.0000	0.0000	0.0000	0.0000	0.0000	0.0000	0.0000	0.0000	0.0000	0.0000	0.0000	0.0000	0.0000	0.0000	0.0000	0.0000	0.0000	0.0000	0.0000	2.0929	0.0000	3.1856	0.0000	0.0000	0.0000	0.0000	0.0000	0.0000	0.0000	0.0000	0.0000	0.0000	0.0000	0.0000	0.0000	0.0000	0.0000	0.0000	0.0000	0.0000	0.0000	0.0000	0.0000	0.0000	0.0000	0.0000	0.0000	0.0000	0.0000	0.0000	0.0000	0.0000	0.0000	0.0000	0.0000	0.0000	0.0000	0.0000	0.0000	0.0000	0.0000	0.0000	0.0000	0.0000	0.0000	0.0000	0.0000	0.0000	0.0000	0.0000	0.0000	0.0000	0.0000	0.0000	0.0000	0.0000											
8	124	0.0300	4	2	2	0	1	0	0	0	0	Y	Y	N	N	N	N	N	N	N	N	N	N	0.0000	0.0000	0.0000	0.0000	0.0000	0.0000	0.0000	0.0000	0.0000	0.0000	0.0000	0.0000	0.0000	0.0000	0.0000	0.0000	0.0000	0.0000	0.0000	0.0000	0.0000	0.0000	0.0000	0.0000	0.0000	0.0000	0.0000	0.0000	0.0000	0.0000	0.0000	0.0000	0.0000	0.0000	0.0000	0.0000	0.0000	0.0000	0.0000	0.0000	0.0000	0.0000	0.0000	0.0000	0.0000	0.0000	0.0000	0.0000	0.0000	0.0000	0.0000	0.0000	0.0000	0.0000	0.0000	0.0000	0.0000	0.0000	0.0000	0.0000	0.0000	0.0000	0.0000	0.0000	0.0000	0.0000	0.0000	0.0000	0.0000	0.0000	0.0000	0.0000	0.0000	0.0000	0.0000	0.0000	0.0000	0.0000											
8	125	0.0254	3	2	2	0	1	0	0	0	0	Y	Y	N	N	N	N	N	N	N	N	N	N	0.0000	0.0000	0.0000	0.0000	0.0000	0.0000	0.0000	0.0000	0.0000	0.0000	0.0000	0.0000	0.0000	0.0000	0.0000	0.0000	0.0000	0.0000	0.0000	0.0000	0.0000	0.1434	0.0000	1.9839	0.0000	0.0000	0.0000	0.0000	0.0000	0.0000	0.0000	0.0000	0.0000	0.0000	0.0000	0.0000	0.0000	0.0000	0.0000	0.0000	0.0000	0.0000	0.0000	0.0000	0.0000	0.0000	0.0000	0.0000	0.0000	0.0000	0.0000	0.0000	0.0000	0.0000	0.0000	0.0000	0.0000	0.0000	0.0000	0.0000	0.0000	0.0000	0.0000	0.0000	0.0000	0.0000	0.0000	0.0000	0.0000	0.0000	0.0000	0.0000	0.0000	0.0000	0.0000	0.0000	0.0000	0.0000											
8	126	0.0150	2	1	2	0	1	0	0	0	0	N	Y	N	N	N	N	N	N	N	N	N	N	0.0000	0.0000	0.0000	0.0000	0.0000	0.0000	0.0000	0.0000	0.0000	0.0000	0.0000	0.0000	0.0000	0.0000	0.0000	0.0000	0.0000	0.0000	0.0000	0.0000	0.0000	1.8882	0.0000	2.9115	0.0000	0.0000	0.0000	0.0000	0.0000	0.0000	0.0000	0.0000	0.0000	0.0000	0.0000	0.0000	0.0000	0.0000	0.0000	0.0000	0.0000	0.0000	0.0000	0.0000	0.0000	0.0000	0.0000	0.0000	0.0000	0.0000	0.0000	0.0000	0.0000	0.0000	0.0000	0.0000	0.0000	0.0000	0.0000	0.0000	0.0000	0.0000	0.0000	0.0000	0.0000	0.0000	0.0000	0.0000	0.0000	0.0000	0.0000	0.0000	0.0000	0.0000	0.0000	0.0000	0.0000	0.0000											
9	11	0.1553	15	1	0	2	0	0	0	0	0	N	N	Y	N	N	N	N	N	N	N	N	N	0.0000	0.0000	0.0000	0.0000	0.0000	0.0000	0.0000	0.0000	0.0000	0.0000	0.0000	0.0000	0.0000	0.0000	0.0000	0.0000	0.0069	0.0045	0.0107	0.0100	0.0108	0.0000	0.0056	0.0000	0.0114	1.4150	0.0000	0.0000	1.0003	4.1301	3.8877	9.5352	0.0000	0.0000	0.0000	0.0000	0.0000	0.0000	0.0000	0.0000	0.0000	0.0006	0.0002	0.0003	0.0002	0.0002	0.0000	0.0003	0.0000	0.0003	0.0303	0.0266	0.0037	0.0071	0.0068	0.0003	0.0233	0.0199	0.0034	0.0844	0.0528	0.0316	0.0240	0.0221	0.0019	0.0603	0.0306	0.0297	0.0000	0.0000	0.0000	0.0000	0.0000	0.0000	0.0000	0.0000	0.0000	0.0069	0.0045	0.0107	0.0100	0.0108	0.0000	0.0056	0.0000	0.0114			
9	12	0.0812	9	2	1	1	0	0	0	0	0	Y	N	N	N	N	N	N	N	N	N	N	N	0.0000	0.0000	0.0000	0.0000	0.0000	0.0000	0.0000	0.0000	0.0000	0.0000	0.0000	0.0000	0.0000	0.0000	0.0000	0.0000	0.0000	0.0000	0.0000	0.0000	0.0000	0.0000	0.0339	0.0000	-0.0000	1.0003	5.9431	3.8877	4.2945	0.0000	0.0000	0.0000	0.0000	0.0000	0.0000	0.0000	0.0000	0.0000	0.0000	0.0000	0.0000	0.0000	0.0000	0.0000	0.0000	0.0000	0.0000	0.0401	0.0348	0.0053	0.0040	0.0038	0.0002	0.0361	0.0310	0.0051	0.0769	0.0433	0.0335	0.0191	0.0181	0.0010	0.0578	0.0253	0.0325	0.0000	0.0000	0.0000	0.0000	0.0000	0.0000	0.0000	0.0000	0.0000	0.0000	0.0000	0.0000	0.0000	0.0000	0.0000	0.0000	0.0000	0.0000						
9	13	0.1252	11	1	0	2	1	0	0	0	0	N	N	Y	N	N	N	N	N	N	N	N	N	0.0000	0.0000	0.0000	0.0000	0.0000	0.0000	0.0000	0.0000	0.0000	0.0000	0.0000	0.0000	0.0000	0.0000	0.0000	0.0000	0.0000	0.0000	0.0000	0.0000	1.0003	0.0000	3.8877	3.8697	0.0000	0.0000	0.0000	0.0000	0.0000	0.0000	0.0000	0.0000	0.0000	0.0000	0.0000	0.0000	0.0000	0.0000	0.0000	0.0000	0.0000	0.0000	0.0000	0.0000	0.0000	0.0000	0.0000	0.0000	0.0000	0.0000	0.0000	0.0264	0.0159	0.0105	0.0079	0.0070	0.0009	0.0185	0.0089	0.0096	0.0000	0.0000	0.0000	0.0000	0.0000	0.0000	0.0000	0.0000	0.0000	0.0000	0.0000	0.0000	0.0000	0.0000	0.0000	0.0000	0.0000	0.0000											
9	14	0.1034	11	1	1	1	0	0	0	0	0	N	N	N	N	N	N	N	N	N	N	N	N	0.0000	0.0000	0.0000	0.0000	0.0000	0.0000	0.0000	0.0000	0.0000	0.0000	0.0000	0.0000	0.0000	0.0001	0.0002	0.0000	0.0007	0.0007	0.0000	0.0000	0.0000	0.0000	0.0001	0.0000	-0.0000	1.0003	4.8103	3.8877	9.0653	0.0000	0.0000	0.0000	0.0000	0.0000	0.0000	0.0000	0.0000	0.0000	0.0000	0.0000	0.0000	0.0000	0.0000	0.0000	0.0000	0.0000	0.0000	0.0334	0.0291	0.0043	0.0048	0.0046	0.0002	0.0286	0.0246	0.0040	0.0809	0.0463	0.0346	0.0147	0.0134	0.0012	0.0663	0.0329	0.0334	0.0000	0.0000	0.0000	0.0000	0.0000	0.0000	0.0000	0.0000	0.0000	0.0001	0.0002	0.0000	0.0007	0.0007	0.0000	0.0000	0.0000	0.0000						
9	15	0.1252	11	1	0	1	1	0	0	0	0	N	N	N	N	N	N	N	N	N	N	N	N	0.0000	0.0000	0.0000	0.0000	0.0000	0.0000	0.0000	0.0000	0.0000	0.0000	0.0000	0.0000	0.0000	0.0000	0.0000	0.0000	0.0000	0.0000	0.0000	0.0000	1.0003	1.0000	3.8877	3.8697	0.0000	0.0000	0.0000	0.0000	0.0000	0.0000	0.0000	0.0000	0.0000	0.0000	0.0000	0.0000	0.0000	0.0000	0.0000	0.0000	0.0000	0.0000	0.0068	0.0059	0.0008	0.0013	0.0012	0.0001	0.0055	0.0047	0.0008	0.0324	0.0195	0.0129	0.0096	0.0085	0.0011	0.0228	0.0111	0.0117	0.0000	0.0000	0.0000	0.0000	0.0000	0.0000	0.0000	0.0000	0.0000	0.0000	0.0000	0.0000	0.0000	0.0000	0.0000	0.0000	0.0000	0.0000											
9	16	0.2440	21	1	1	1	1	0	0	0	0	N	N	N	N	N	N	N	N	N	N	N	N	0.0000	0.0000	0.0000	0.0000	0.0000	0.0000	0.0000	0.0000	0.0000	0.0000	0.0000	0.0000	0.0000	0.0000	0.0000	0.0000	0.0000	0.0000	0.0000	0.0000	0.0000	0.0000	0.0588	0.0000	-0.0000	1.0003	0.0040	3.8877	5.7722	0.0000	0.0000	0.0000	0.0000	0.0000	0.0000	0.0000	0.0000	0.0000	0.0000	0.0000	0.0000	0.0000	0.0000	0.0000	0.0000	0.0000	0.0000	0.0000	0.0000	0.0000	0.0000	0.0000	0.0000	0.0000	0.0000	0.0000	0.0379	0.0247	0.0132	0.0120	0.0110	0.0009	0.0259	0.0136	0.0123	0.0000	0.0000	0.0000	0.0000	0.0000	0.0000	0.0000	0.0000	0.0000	0.0000	0.0000	0.0000	0.0000	0.0000	0.0000	0.0000	0.0000	0.0000						
9	17	0.1186	13	1	1	1	0	0	0	0	0	N	N	N	N	N	N	N	N	N	N	N	N	0.0000	0.0000	0.0000	0.0000	0.0000	0.0000	0.0000	0.0000	0.0000	0.0000	0.0000	0.0000	0.0000	0.0000	0.0000	0.0005	0.0000	0.0012	0.0000	0.0000	0.0000	0.0006	0.0000	0.0013	inf	0.0000	0.0000	1.0003	1.0133	3.8877	7.9669	0.0000	0.0000	0.0000	0.0000	0.0000	0.0000	0.0000	0.0000	0.0000	0.0000	0.0000	0.0000	0.0000	0.0000	0.0000	0.0000	0.0000	0.0000	0.0069	0.0061	0.0009	0.0010	0.0009	0.0000	0.0060	0.0052	0.0008	0.0560	0.0334	0.0226	0.0116	0.0107	0.0009	0.0444	0.0227	0.0217	0.0000	0.0000	0.0000	0.0000	0.0000	0.0000	0.0000	0.0000	0.0000	0.0005	0.0000	0.0012	0.0000	0.0000	0.0000	0.0006	0.0000	0.0013				
9	18	0.1320	12	1	1	1	1	0	0	0	0	N	N	N	N	N	N	N	N	N	N	N	N	0.0000	0.0000	0.0000	0.0000	0.0000	0.0000	0.0000	0.0000	0.0000	0.0000	0.0000	0.0000	0.0000	0.0000	0.0000	0.2447	0.0000	0.6268	0.0283	0.0000	0.1976	0.3393	0.0000	0.6807	inf	0.0000	0.0014	1.0003	0.9988	3.8877	1.0036	0.0000	0.0000	0.0000	0.0000	0.0000	0.0000	0.0000	0.0000	0.0000	0.0031	0.0000	0.0031	0.0001	0.0000	0.0001	0.0030	0.0000	0.0030	0.0068	0.0060	0.0008	0.0013	0.0013	0.0001	0.0055	0.0047	0.0008	0.0128	0.0078	0.0050	0.0039	0.0033	0.0006	0.0089	0.0045	0.0044	0.0000	0.0000	0.0000	0.0000	0.0000	0.0000	0.0000	0.0000	0.0000	0.2447	0.0000	0.6268	0.0283	0.0000	0.1976	0.3393	0.0000	0.6807				
9	19	0.1331	12	2	1	1	0	0	0	0	0	Y	N	N	N	N	N	N	N	N	N	N	N	0.0000	0.0000	0.0000	0.0000	0.0000	0.0000	0.0000	0.0000	0.0000	0.0000	0.0000	0.0000	0.0000	0.0000	0.0000	31.4186	50.9406	0.0000	0.0862	0.0924	0.0000	40.4328	76.8580	0.0000	0.0000	0.0000	-0.5402	1.0003	0.0025	3.8877	5.0336	0.0000	0.0000	0.0000	0.0000	0.0000	0.0000	0.0000	0.0000	0.0000	0.9949	0.9949	0.0000	0.0006	0.0006	0.0000	0.9943	0.9943	0.0000	0.0001	0.0001	0.0000	0.0000	0.0000	0.0000	0.0000	0.0000	0.0000	0.0317	0.0195	0.0121	0.0071	0.0066	0.0005	0.0246	0.0129	0.0117	0.0000	0.0000	0.0000	0.0000	0.0000	0.0000	0.0000	0.0000	0.0000	31.4186	50.9406	0.0000	0.0862	0.0924	0.0000	40.4328	76.8580	0.0000				
9	20	0.1019	9	1	1	1	0	0	0	0	0	N	N	N	N	N	N	N	N	N	N	N	N	0.0000	0.0000	0.0000	0.0000	0.0000	0.0000	0.0000	0.0000	0.0000	0.0000	0.0000	0.0000	0.0000	0.0000	0.0000	0.0000	0.0000	0.0000	0.0000	0.0000	0.0000	0.0000	inf	0.0000	0.0000	1.0003	1.9984	3.8877	3.0609	0.0000	0.0000	0.0000	0.0000	0.0000	0.0000	0.0000	0.0000	0.0000	0.0000	0.0000	0.0000	0.0000	0.0000	0.0000	0.0000	0.0000	0.0000	0.0195	0.0173	0.0022	0.0053	0.0052	0.0001	0.0142	0.0121	0.0021	0.0636	0.0427	0.0209	0.0241	0.0231	0.0010	0.0395	0.0196	0.0199	0.0000	0.0000	0.0000	0.0000	0.0000	0.0000	0.0000	0.0000	0.0000	0.0000	0.0000	0.0000	0.0000	0.0000	0.0000	0.0000	0.0000	0.0000						
9	21	0.2372	20	1	0	1	1	0	0	0	0	N	N	N	N	N	N	N	N	N	N	N	N	0.0000	0.0000	0.0000	0.0000	0.0000	0.0000	0.0000	0.0000	0.0000	0.0000	0.0000	0.0000	0.0000	0.0000	0.0000	0.0000	0.0000	0.0000	0.0000	0.0000	0.0000	0.0000	0.0000	0.0000	0.0000	1.0000	0.0000	-0.0000	1.0003	2.0028	3.8877	2.2704	0.0000	0.0000	0.0000	0.0000	0.0000	0.0000	0.0000	0.0000	0.0000	0.0000	0.0000	0.0000	0.0000	0.0000	0.0000	0.0000	0.0000	0.0000	0.0135	0.0118	0.0017	0.0021	0.0020	0.0001	0.0114	0.0098	0.0016	0.0289	0.0184	0.0106	0.0092	0.0086	0.0007	0.0197	0.0098	0.0099	0.0000	0.0000	0.0000	0.0000	0.0000	0.0000	0.0000	0.0000	0.0000	0.0000	0.0000	0.0000	0.0000	0.0000	0.0000	0.0000	0.0000	0.0000			
9	22	0.1204	13	2	0	2	0	0	0	0	0	Y	N	Y	N	N	N	N	N	N	N	N	N	0.0000	0.0000	0.0000	0.0000	0.0000	0.0000	0.0000	0.0000	0.0000	0.0000	0.0000	0.0000	0.0000	0.0000	0.0000	72.8057	123.6843	0.0000	47.4602	43.7600	0.0000	83.1814	170.6121	0.0000	0.0000	0.0000	-0.4811	1.0003	0.0000	3.8877	2.0000	0.0000	0.0000	0.0000	0.0000	0.0000	0.0000	0.0000	0.0000	0.0000	0.8861	0.8861	0.0000	0.1160	0.1160	0.0000	0.7701	0.7701	0.0000	0.0000	0.0000	0.0000	0.0000	0.0000	0.0000	0.0000	0.0000	0.0000	0.0122	0.0072	0.0050	0.0029	0.0027	0.0003	0.0093	0.0045	0.0047	0.0000	0.0000	0.0000	0.0000	0.0000	0.0000	0.0000	0.0000	0.0000	72.8057	123.6843	0.0000	39.8223	43.7600	0.0000	83.1814	170.6121	0.0000				
9	23	0.1530	15	1	1	1	0	0	0	0	0	N	N	N	N	N	N	N	N	N	N	N	N	0.0000	0.0000	0.0000	0.0000	0.0000	0.0000	0.0000	0.0000	0.0000	0.0000	0.0000	0.0000	0.0000	0.0000	0.0000	0.0000	0.0000	2.5474	0.0170	7.2905	0.0304	0.0326	0.0000	3.9934	0.0000	7.8377	228.2915	0.0000	0.1287	1.0003	4.1010	3.8877	9.0979	0.0000	0.0000	0.0000	0.0000	0.0000	0.0000	0.0000	0.0000	0.0000	0.2842	0.0012	0.2830	0.0012	0.0012	0.0000	0.2830	0.0000	0.2830	0.0296	0.0259	0.0037	0.0054	0.0050	0.0003	0.0243	0.0209	0.0034	0.1116	0.0728	0.0388	0.0407	0.0380	0.0027	0.0709	0.0348	0.0361	0.0000	0.0000	0.0000	0.0000	0.0000	0.0000	0.0000	0.0000	0.0000	2.5474	0.0170	7.2905	0.0304	0.0326	0.0000	3.9934	0.0000	7.8377		
9	24	0.0812	8	2	1	1	0	0	0	0	0	Y	N	N	N	N	N	N	N	N	N	N	N	0.0000	0.0000	0.0000	0.0000	0.0000	0.0000	0.0000	0.0000	0.0000	0.0000	0.0000	0.0000	0.0000	0.0000	0.0000	0.0000	0.0002	0.0000	0.0006	0.0000	0.0000	0.0000	0.0003	0.0000	0.0006	3529.0706	0.0000	0.0000	1.0003	7.0513	3.8877	11.7448	0.0000	0.0000	0.0000	0.0000	0.0000	0.0000	0.0000	0.0000	0.0000	0.0000	0.0000	0.0000	0.0000	0.0000	0.0000	0.0000	0.0000	0.0000	0.0472	0.0410	0.0062	0.0046	0.0044	0.0002	0.0426	0.0366	0.0060	0.1244	0.0707	0.0537	0.0278	0.0261	0.0018	0.0965	0.0446	0.0519	0.0000	0.0000	0.0000	0.0000	0.0000	0.0000	0.0000	0.0000	0.0000	0.0002	0.0000	0.0006	0.0000	0.0000	0.0000	0.0003	0.0000	0.0006			
9	25	0.2210	16	1	1	1	0	0	0	0	0	N	N	N	N	N	N	N	N	N	N	N	N	0.0000	0.0000	0.0000	0.0000	0.0000	0.0000	0.0000	0.0000	0.0000	0.0000	0.0000	0.0000	0.0000	0.0000	0.0000	0.0000	0.0000	0.0000	14.3577	22.5283	0.0000	0.1810	0.1989	0.0000	21.4637	42.8874	0.0000	0.0000	0.0000	-0.5335	1.0003	4.7974	3.8877	5.1989	0.0000	0.0000	0.0000	0.0000	0.0000	0.0000	0.0000	0.0000	0.0000	0.9826	0.9826	0.0000	0.0041	0.0041	0.0000	0.9784	0.9784	0.0000	0.0375	0.0330	0.0045	0.0067	0.0063	0.0003	0.0309	0.0267	0.0042	0.0684	0.0436	0.0248	0.0228	0.0208	0.0020	0.0456	0.0228	0.0228	0.0000	0.0000	0.0000	0.0000	0.0000	0.0000	0.0000	0.0000	0.0000	14.3577	22.5283	0.0000	0.1810	0.1989	0.0000	21.4637	42.8874	0.0000	
9	26	0.1823	17	2	1	1	0	0	0	0	0	Y	N	N	N	N	N	N	N	N	N	N	N	0.0000	0.0000	0.0000	0.0000	0.0000	0.0000	0.0000	0.0000	0.0000	0.0000	0.0000	0.0000	0.0000	0.0000	0.0000	0.0000	0.0004	0.0001	0.0008	0.0003	0.0003	0.0000	0.0005	0.0000	0.0009	2.9585	0.0000	0.0000	1.0003	2.0195	3.8877	15.0171	0.0000	0.0000	0.0000	0.0000	0.0000	0.0000	0.0000	0.0000	0.0000	0.0000	0.0000	0.0000	0.0000	0.0000	0.0000	0.0000	0.0000	0.0000	0.0146	0.0128	0.0018	0.0035	0.0033	0.0002	0.0111	0.0095	0.0016	0.1061	0.0684	0.0377	0.0403	0.0366	0.0037	0.0658	0.0318	0.0340	0.0000	0.0000	0.0000	0.0000	0.0000	0.0000	0.0000	0.0000	0.0000	0.0004	0.0001	0.0008	0.0003	0.0003	0.0000	0.0005	0.0000	0.0009			
9	27	0.1736	16	1	0	1	0	0	0	0	0	N	N	N	N	N	N	N	N	N	N	N	N	0.0000	0.0000	0.0000	0.0000	0.0000	0.0000	0.0000	0.0000	0.0000	0.0000	0.0000	0.0000	0.0000	0.0000	0.0000	0.0000	0.0000	0.0010	0.0012	0.0006	0.0015	0.0016	0.0000	0.0007	0.0008	0.0006	0.2501	0.0000	-0.0000	1.0003	1.6438	3.8877	3.3228	0.0000	0.0000	0.0000	0.0000	0.0000	0.0000	0.0000	0.0000	0.0000	0.0001	0.0000	0.0000	0.0000	0.0000	0.0000	0.0000	0.0000	0.0000	0.0209	0.0189	0.0020	0.0071	0.0070	0.0001	0.0138	0.0119	0.0019	0.0496	0.0324	0.0172	0.0202	0.0191	0.0011	0.0294	0.0133	0.0161	0.0000	0.0000	0.0000	0.0000	0.0000	0.0000	0.0000	0.0000	0.0000	0.0010	0.0012	0.0006	0.0015	0.0016	0.0000	0.0007	0.0008	0.0006		
9	28	0.0361	4	1	1	1	0	0	0	0	0	N	N	N	N	N	N	N	N	N	N	N	N	0.0000	0.0000	0.0000	0.0000	0.0000	0.0000	0.0000	0.0000	0.0000	0.0000	0.0000	0.0000	0.0000	0.0000	0.0000	0.0000	0.0002	0.0003	0.0000	0.0011	0.0012	0.0000	0.0000	0.0000	0.0000	0.0033	0.0000	-0.0000	1.0003	3.0409	3.8877	16.1393	0.0000	0.0000	0.0000	0.0000	0.0000	0.0000	0.0000	0.0000	0.0000	0.0000	0.0000	0.0000	0.0000	0.0000	0.0000	0.0000	0.0000	0.0000	0.0214	0.0184	0.0030	0.0004	0.0004	0.0000	0.0210	0.0180	0.0030	0.1323	0.0707	0.0616	0.0196	0.0182	0.0014	0.1127	0.0525	0.0601	0.0000	0.0000	0.0000	0.0000	0.0000	0.0000	0.0000	0.0000	0.0000	0.0002	0.0003	0.0000	0.0011	0.0012	0.0000	0.0000	0.0000	0.0000			
9	29	0.0442	6	1	1	1	0	0	0	0	0	N	N	N	N	N	N	N	N	N	N	N	N	17.0137	0.0000	557.6489	79.5143	0.0000	inf	0.0000	0.0000	0.0000	0.0000	0.0000	0.0000	0.0000	0.0012	0.0000	0.0000	0.0000	0.0000	0.0000	0.0000	0.0000	0.0000	0.0000	0.0000	0.0000	0.0000	inf	0.1176	0.0000	-0.0000	1.0003	4.0695	3.8877	11.0027	0.0000	0.0000	0.0000	0.0000	0.0000	0.0000	0.0000	0.0000	0.0000	0.0000	0.0000	0.0000	0.0000	0.0000	0.0000	0.0000	0.0000	0.0000	0.0285	0.0245	0.0039	0.0010	0.0010	0.0000	0.0274	0.0236	0.0039	0.1009	0.0530	0.0479	0.0152	0.0139	0.0013	0.0857	0.0391	0.0466	17.0137	0.0000	557.6489	79.5143	0.0000	inf	0.0000	0.0000	0.0000	0.0000	0.0000	0.0000	0.0000	0.0000	0.0000	0.0000	0.0000	0.0000	
9	30	0.2049	19	1	1	2	1	0	0	0	0	N	N	Y	N	N	N	N	N	N	N	N	N	0.0000	0.0000	0.0000	0.0000	0.0000	0.0000	0.0000	0.0000	0.0000	0.0000	0.0000	0.0000	0.0000	0.0000	0.0000	0.0000	0.0000	0.0000	0.0000	0.0000	0.0000	0.0000	0.0000	0.0000	inf	0.0000	0.0000	1.0003	0.0021	3.8877	3.0281	0.0000	0.0000	0.0000	0.0000	0.0000	0.0000	0.0000	0.0000	0.0000	0.0000	0.0000	0.0000	0.0000	0.0000	0.0000	0.0000	0.0000	0.0000	0.0000	0.0000	0.0000	0.0000	0.0000	0.0000	0.0000	0.0000	0.0000	0.0199	0.0125	0.0074	0.0070	0.0063	0.0006	0.0130	0.0062	0.0068	0.0000	0.0000	0.0000	0.0000	0.0000	0.0000	0.0000	0.0000	0.0000	0.0000	0.0000	0.0000	0.0000	0.0000	0.0000	0.0000	0.0000	0.0000				
9	31	0.1823	18	1	0	1	1	0	0	0	0	N	N	N	N	N	N	N	N	N	N	N	N	0.0000	0.0000	0.0000	0.0000	0.0000	0.0000	0.0000	0.0000	0.0000	0.0000	0.0000	0.0000	0.0000	0.0000	0.0000	0.0025	0.0000	0.0070	0.0000	0.0000	0.0000	0.0040	0.0000	0.0077	46196.4153	0.0000	0.0001	1.0003	3.2874	3.8877	7.1999	0.0000	0.0000	0.0000	0.0000	0.0000	0.0000	0.0000	0.0000	0.0000	0.0002	0.0000	0.0002	0.0000	0.0000	0.0000	0.0002	0.0000	0.0002	0.0249	0.0217	0.0032	0.0056	0.0054	0.0002	0.0194	0.0163	0.0030	0.0668	0.0427	0.0241	0.0244	0.0222	0.0021	0.0424	0.0204	0.0220	0.0000	0.0000	0.0000	0.0000	0.0000	0.0000	0.0000	0.0000	0.0000	0.0025	0.0000	0.0070	0.0000	0.0000	0.0000	0.0040	0.0000	0.0077				
9	32	0.1010	10	1	1	1	0	0	0	0	0	N	N	N	N	N	N	N	N	N	N	N	N	0.0000	0.0000	0.0000	0.0000	0.0000	0.0000	0.0000	0.0000	0.0000	0.0000	0.0000	0.0000	0.0000	0.0000	0.0000	0.0000	0.0001	0.0001	0.0000	0.0004	0.0004	0.0000	0.0000	0.0000	0.0000	0.0001	0.0000	-0.0000	1.0003	4.3545	3.8877	19.4857	0.0000	0.0000	0.0000	0.0000	0.0000	0.0000	0.0000	0.0000	0.0000	0.0000	0.0000	0.0000	0.0000	0.0000	0.0000	0.0000	0.0000	0.0000	0.0354	0.0310	0.0044	0.0085	0.0080	0.0005	0.0269	0.0230	0.0039	0.1338	0.0786	0.0552	0.0260	0.0239	0.0021	0.1078	0.0547	0.0531	0.0000	0.0000	0.0000	0.0000	0.0000	0.0000	0.0000	0.0000	0.0000	0.0001	0.0001	0.0000	0.0004	0.0004	0.0000	0.0000	0.0000	0.0000			
9	33	0.1381	12	2	1	1	0	0	0	0	0	Y	N	N	N	N	N	N	N	N	N	N	N	0.0000	0.0000	0.0000	0.0000	0.0000	0.0000	0.0000	0.0000	0.0000	0.0000	0.0000	0.0000	0.0000	0.0000	0.0000	0.0000	0.0000	0.0000	0.0000	0.0000	1.0003	0.0000	3.8877	0.0000	0.0000	0.0000	0.0000	0.0000	0.0000	0.0000	0.0000	0.0000	0.0000	0.0000	0.0000	0.0000	0.0000	0.0000	0.0000	0.0000	0.0000	0.0000	0.0000	0.0000	0.0000	0.0000	0.0000	0.0000	0.0000	0.0000	0.0000	0.0000	0.0000	0.0000	0.0000	0.0000	0.0000	0.0000	0.0000	0.0000	0.0000	0.0000	0.0000	0.0000	0.0000	0.0000	0.0000	0.0000	0.0000	0.0000	0.0000	0.0000	0.0000	0.0000	0.0000	0.0000	0.0000	0.0000											
9	34	0.1736	16	1	1	1	1	0	0	0	0	N	N	N	N	N	N	N	N	N	N	N	N	0.0000	0.0000	0.0000	0.0000	0.0000	0.0000	0.0000	0.0000	0.0000	0.0000	0.0000	0.0000	0.0000	0.0000	0.0000	0.0000	0.0001	0.0000	0.0002	0.0000	0.0000	0.0000	0.0001	0.0000	0.0002	135.8299	0.0000	0.0000	1.0003	6.4588	3.8877	12.7561	0.0000	0.0000	0.0000	0.0000	0.0000	0.0000	0.0000	0.0000	0.0000	0.0000	0.0000	0.0000	0.0000	0.0000	0.0000	0.0000	0.0000	0.0000	0.0525	0.0464	0.0060	0.0134	0.0129	0.0005	0.0391	0.0336	0.0055	0.1231	0.0779	0.0452	0.0445	0.0407	0.0038	0.0786	0.0372	0.0414	0.0000	0.0000	0.0000	0.0000	0.0000	0.0000	0.0000	0.0000	0.0000	0.0001	0.0000	0.0002	0.0000	0.0000	0.0000	0.0001	0.0000	0.0002			
9	35	0.1680	15	1	0	1	0	0	0	0	0	N	N	N	N	N	N	N	N	N	N	N	N	0.0000	0.0000	0.0000	0.0000	0.0000	0.0000	0.0000	0.0000	0.0000	0.0000	0.0000	0.0000	0.0000	0.0000	0.0000	0.0000	0.0000	0.0006	0.0006	0.0006	0.0010	0.0010	0.0000	0.0003	0.0000	0.0006	0.5054	0.0000	-0.0000	1.0003	2.5642	3.8877	2.5472	0.0000	0.0000	0.0000	0.0000	0.0000	0.0000	0.0000	0.0000	0.0000	0.0000	0.0000	0.0000	0.0000	0.0000	0.0000	0.0000	0.0000	0.0000	0.0284	0.0253	0.0031	0.0096	0.0091	0.0004	0.0188	0.0162	0.0026	0.0508	0.0332	0.0176	0.0202	0.0192	0.0010	0.0306	0.0140	0.0166	0.0000	0.0000	0.0000	0.0000	0.0000	0.0000	0.0000	0.0000	0.0000	0.0006	0.0006	0.0006	0.0010	0.0010	0.0000	0.0003	0.0000	0.0006		
9	36	0.2184	20	1	0	2	0	0	0	0	0	N	N	Y	N	N	N	N	N	N	N	N	N	0.0000	0.0000	0.0000	0.0000	0.0000	0.0000	0.0000	0.0000	0.0000	0.0000	0.0000	0.0000	0.0000	0.0000	0.0000	0.0000	0.0000	0.0000	0.0000	0.0000	1.0003	1.0000	3.8877	2.0003	0.0000	0.0000	0.0000	0.0000	0.0000	0.0000	0.0000	0.0000	0.0000	0.0000	0.0000	0.0000	0.0000	0.0000	0.0000	0.0000	0.0000	0.0000	0.0067	0.0058	0.0009	0.0012	0.0012	0.0001	0.0054	0.0047	0.0008	0.0177	0.0112	0.0064	0.0061	0.0054	0.0007	0.0115	0.0059	0.0057	0.0000	0.0000	0.0000	0.0000	0.0000	0.0000	0.0000	0.0000	0.0000	0.0000	0.0000	0.0000	0.0000	0.0000	0.0000	0.0000	0.0000	0.0000											
9	37	0.2005	19	1	1	1	0	0	0	0	0	N	N	N	N	N	N	N	N	N	N	N	N	0.0000	0.0000	0.0000	0.0000	0.0000	0.0000	0.0000	0.0000	0.0000	0.0000	0.0000	0.0000	0.0000	0.0000	0.0000	0.0000	0.0391	0.0592	0.0007	0.0997	0.1074	0.0000	0.0004	0.0000	0.0008	0.0064	0.0000	-0.0017	1.0003	1.9619	3.8877	8.3400	0.0000	0.0000	0.0000	0.0000	0.0000	0.0000	0.0000	0.0000	0.0000	0.0031	0.0031	0.0000	0.0031	0.0031	0.0000	0.0000	0.0000	0.0000	0.0136	0.0118	0.0018	0.0025	0.0024	0.0001	0.0111	0.0094	0.0017	0.0805	0.0528	0.0277	0.0314	0.0291	0.0022	0.0492	0.0237	0.0255	0.0000	0.0000	0.0000	0.0000	0.0000	0.0000	0.0000	0.0000	0.0000	0.0391	0.0592	0.0007	0.0997	0.1074	0.0000	0.0004	0.0000	0.0008			
9	38	0.0609	8	2	0	2	0	0	0	0	0	Y	N	Y	N	N	N	N	N	N	N	N	N	0.0000	0.0000	0.0000	0.0000	0.0000	0.0000	0.0000	0.0000	0.0000	0.0000	0.0000	0.0000	0.0000	0.0000	0.0000	0.0000	0.0000	0.0000	0.0000	0.0000	0.0000	0.0000	0.1176	0.0000	-0.0000	1.0003	0.0095	3.8877	5.0631	0.0000	0.0000	0.0000	0.0000	0.0000	0.0000	0.0000	0.0000	0.0000	0.0000	0.0000	0.0000	0.0000	0.0000	0.0000	0.0000	0.0000	0.0000	0.0002	0.0002	0.0000	0.0001	0.0001	0.0000	0.0001	0.0001	0.0000	0.0382	0.0212	0.0170	0.0075	0.0070	0.0005	0.0307	0.0141	0.0166	0.0000	0.0000	0.0000	0.0000	0.0000	0.0000	0.0000	0.0000	0.0000	0.0000	0.0000	0.0000	0.0000	0.0000	0.0000	0.0000	0.0000	0.0000						
9	39	0.1823	18	1	1	1	0	0	0	0	0	N	N	N	N	N	N	N	N	N	N	N	N	0.0000	0.0000	0.0000	0.0000	0.0000	0.0000	0.0000	0.0000	0.0000	0.0000	0.0000	0.0000	0.0000	0.0000	0.0000	0.0000	0.0000	0.0000	0.0000	0.0000	0.0000	0.0000	0.0078	0.0000	-0.0000	1.0003	1.1272	3.8877	11.0864	0.0000	0.0000	0.0000	0.0000	0.0000	0.0000	0.0000	0.0000	0.0000	0.0000	0.0000	0.0000	0.0000	0.0000	0.0000	0.0000	0.0000	0.0000	0.0105	0.0091	0.0014	0.0029	0.0028	0.0001	0.0077	0.0063	0.0013	0.0759	0.0483	0.0276	0.0275	0.0250	0.0024	0.0485	0.0233	0.0252	0.0000	0.0000	0.0000	0.0000	0.0000	0.0000	0.0000	0.0000	0.0000	0.0000	0.0000	0.0000	0.0000	0.0000	0.0000	0.0000	0.0000	0.0000						
9	40	0.1823	17	1	0	1	0	0	0	0	0	N	N	N	N	N	N	N	N	N	N	N	N	0.0000	0.0000	0.0000	0.0000	0.0000	0.0000	0.0000	0.0000	0.0000	0.0000	0.0000	0.0000	0.0000	0.0000	0.0000	0.0000	0.0000	0.0000	0.0000	0.0000	0.0000	0.0000	0.0000	0.0000	0.0000	1.0000	0.0000	-0.0000	1.0003	0.4765	3.8877	0.2778	0.0000	0.0000	0.0000	0.0000	0.0000	0.0000	0.0000	0.0000	0.0000	0.0000	0.0000	0.0000	0.0000	0.0000	0.0000	0.0000	0.0000	0.0000	0.0062	0.0053	0.0009	0.0021	0.0020	0.0000	0.0041	0.0033	0.0008	0.0128	0.0093	0.0035	0.0057	0.0056	0.0002	0.0070	0.0037	0.0033	0.0000	0.0000	0.0000	0.0000	0.0000	0.0000	0.0000	0.0000	0.0000	0.0000	0.0000	0.0000	0.0000	0.0000	0.0000	0.0000	0.0000	0.0000			
9	41	0.1844	17	1	1	1	1	0	0	0	0	N	N	N	N	N	N	N	N	N	N	N	N	0.0000	0.0000	0.0000	0.0000	0.0000	0.0000	0.0000	0.0000	0.0000	0.0000	0.0000	0.0000	0.0000	0.0000	0.0000	0.0000	0.0000	0.0000	0.0000	0.0000	1.0003	10.0333	3.8877	21.8674	0.0000	0.0000	0.0000	0.0000	0.0000	0.0000	0.0000	0.0000	0.0000	0.0000	0.0000	0.0000	0.0000	0.0000	0.0000	0.0000	0.0000	0.0000	0.0658	0.0574	0.0084	0.0120	0.0114	0.0006	0.0539	0.0460	0.0079	0.1770	0.1111	0.0659	0.0587	0.0533	0.0054	0.1183	0.0578	0.0605	0.0000	0.0000	0.0000	0.0000	0.0000	0.0000	0.0000	0.0000	0.0000	0.0000	0.0000	0.0000	0.0000	0.0000	0.0000	0.0000	0.0000	0.0000											
9	42	0.0609	8	2	0	2	0	0	0	0	0	Y	N	Y	N	N	N	N	N	N	N	N	N	0.0000	0.0000	0.0000	0.0000	0.0000	0.0000	0.0000	0.0000	0.0000	0.0000	0.0000	0.0000	0.0000	0.0000	0.0000	0.0000	0.0000	0.0000	0.0000	0.0000	0.0000	0.0000	0.1176	0.0000	-0.0000	1.0003	0.9968	3.8877	1.9513	0.0000	0.0000	0.0000	0.0000	0.0000	0.0000	0.0000	0.0000	0.0000	0.0000	0.0000	0.0000	0.0000	0.0000	0.0000	0.0000	0.0000	0.0000	0.0069	0.0060	0.0009	0.0006	0.0006	0.0000	0.0063	0.0054	0.0009	0.0242	0.0137	0.0105	0.0053	0.0050	0.0003	0.0189	0.0087	0.0102	0.0000	0.0000	0.0000	0.0000	0.0000	0.0000	0.0000	0.0000	0.0000	0.0000	0.0000	0.0000	0.0000	0.0000	0.0000	0.0000	0.0000	0.0000						
9	43	0.0477	7	2	0	2	0	0	0	0	0	Y	N	Y	N	N	N	N	N	N	N	N	N	0.0000	0.0000	0.0000	0.0000	0.0000	0.0000	0.0000	0.0000	0.0000	0.0000	0.0000	0.0000	0.0000	0.0000	0.0000	0.0000	0.0014	0.0027	0.0000	0.0079	0.0085	0.0000	0.0000	0.0000	0.0000	0.0000	0.0000	-0.0000	1.0003	5.0018	3.8877	1.7716	0.0000	0.0000	0.0000	0.0000	0.0000	0.0000	0.0000	0.0000	0.0000	0.0001	0.0001	0.0000	0.0001	0.0001	0.0000	0.0000	0.0000	0.0000	0.0342	0.0295	0.0046	0.0018	0.0018	0.0001	0.0323	0.0278	0.0045	0.0496	0.0259	0.0237	0.0088	0.0082	0.0006	0.0408	0.0177	0.0231	0.0000	0.0000	0.0000	0.0000	0.0000	0.0000	0.0000	0.0000	0.0000	0.0014	0.0027	0.0000	0.0079	0.0085	0.0000	0.0000	0.0000	0.0000			
9	44	0.0509	8	2	0	2	0	0	0	0	0	Y	N	Y	N	N	N	N	N	N	N	N	N	0.0000	0.0000	0.0000	0.0000	0.0000	0.0000	0.0000	0.0000	0.0000	0.0000	0.0000	0.0000	0.0000	0.0848	0.1530	0.0000	0.3781	0.3989	0.0000	0.0000	0.0000	0.0000	0.0000	0.0000	-0.0028	1.0003	4.9860	3.8877	2.3663	0.0000	0.0000	0.0000	0.0000	0.0000	0.0000	0.0000	0.0000	0.0000	0.0052	0.0052	0.0000	0.0052	0.0052	0.0000	0.0000	0.0000	0.0000	0.0341	0.0295	0.0046	0.0019	0.0018	0.0001	0.0323	0.0277	0.0045	0.0618	0.0342	0.0276	0.0139	0.0131	0.0007	0.0480	0.0211	0.0269	0.0000	0.0000	0.0000	0.0000	0.0000	0.0000	0.0000	0.0000	0.0000	0.0848	0.1530	0.0000	0.3781	0.3989	0.0000	0.0000	0.0000	0.0000						
9	45	0.0477	7	2	0	1	0	0	0	0	0	Y	N	N	N	N	N	N	N	N	N	N	N	0.0000	0.0000	0.0000	0.0000	0.0000	0.0000	0.0000	0.0000	0.0000	0.0000	0.0000	0.0000	0.0000	0.0000	0.0000	0.0000	0.0000	0.3069	0.0077	0.6306	0.0176	0.0185	0.0000	0.3921	0.0000	0.6446	75.3874	0.0000	0.0024	1.0003	0.0225	3.8877	1.9333	0.0000	0.0000	0.0000	0.0000	0.0000	0.0000	0.0000	0.0000	0.0000	0.0053	0.0001	0.0052	0.0001	0.0001	0.0000	0.0052	0.0000	0.0052	0.0002	0.0002	0.0000	0.0001	0.0001	0.0000	0.0002	0.0002	0.0000	0.0173	0.0090	0.0083	0.0039	0.0038	0.0002	0.0134	0.0052	0.0081	0.0000	0.0000	0.0000	0.0000	0.0000	0.0000	0.0000	0.0000	0.0000	0.3069	0.0077	0.6306	0.0176	0.0185	0.0000	0.3921	0.0000	0.6446		
9	46	0.0448	6	2	0	1	0	0	0	0	0	Y	N	N	N	N	N	N	N	N	N	N	N	0.0000	0.0000	0.0000	0.0000	0.0000	0.0000	0.0000	0.0000	0.0000	0.0000	0.0000	0.0000	0.0000	0.0000	0.0000	0.0000	0.0071	0.0000	0.0149	0.0000	0.0000	0.0000	0.0085	0.0000	0.0153	33275.7296	0.0000	0.0000	1.0003	1.0095	3.8877	0.3555	0.0000	0.0000	0.0000	0.0000	0.0000	0.0000	0.0000	0.0000	0.0000	0.0001	0.0000	0.0001	0.0000	0.0000	0.0000	0.0001	0.0000	0.0001	0.0071	0.0061	0.0010	0.0004	0.0004	0.0000	0.0067	0.0058	0.0009	0.0098	0.0051	0.0047	0.0016	0.0015	0.0001	0.0082	0.0036	0.0046	0.0000	0.0000	0.0000	0.0000	0.0000	0.0000	0.0000	0.0000	0.0000	0.0071	0.0000	0.0149	0.0000	0.0000	0.0000	0.0085	0.0000	0.0153			
9	47	0.2005	19	1	0	2	0	0	0	0	0	N	N	Y	N	N	N	N	N	N	N	N	N	0.0000	0.0000	0.0000	0.0000	0.0000	0.0000	0.0000	0.0000	0.0000	0.0000	0.0000	0.0000	0.0000	0.0000	0.0000	0.0000	0.0000	9.5379	0.0006	52.6830	0.0003	0.0003	0.0000	15.3229	0.0010	52.5876	24908.5430	0.0000	0.4553	1.0003	3.0460	3.8877	11.9126	0.0000	0.0000	0.0000	0.0000	0.0000	0.0000	0.0000	0.0000	0.0000	0.9964	0.0000	0.9964	0.0000	0.0000	0.0000	0.9964	0.0000	0.9964	0.0206	0.0180	0.0027	0.0037	0.0035	0.0002	0.0169	0.0144	0.0025	0.1045	0.0677	0.0368	0.0394	0.0363	0.0032	0.0650	0.0314	0.0336	0.0000	0.0000	0.0000	0.0000	0.0000	0.0000	0.0000	0.0000	0.0000	9.5379	0.0006	27.1111	0.0003	0.0003	0.0000	15.3229	0.0010	29.6634		
9	48	0.1872	18	1	0	1	0	0	0	0	0	N	N	N	N	N	N	N	N	N	N	N	N	0.0000	0.0000	0.0000	0.0000	0.0000	0.0000	0.0000	0.0000	0.0000	0.0000	0.0000	0.0000	0.0000	0.0000	0.0000	0.0000	0.0000	0.0541	0.0008	0.1570	0.0009	0.0010	0.0000	0.0864	0.0006	0.1682	103.8948	0.0000	0.0014	1.0003	1.1082	3.8877	5.8288	0.0000	0.0000	0.0000	0.0000	0.0000	0.0000	0.0000	0.0000	0.0000	0.0031	0.0000	0.0031	0.0000	0.0000	0.0000	0.0031	0.0000	0.0031	0.0079	0.0068	0.0010	0.0014	0.0014	0.0001	0.0064	0.0055	0.0010	0.0582	0.0384	0.0199	0.0220	0.0207	0.0013	0.0362	0.0177	0.0185	0.0000	0.0000	0.0000	0.0000	0.0000	0.0000	0.0000	0.0000	0.0000	0.0541	0.0008	0.1570	0.0009	0.0010	0.0000	0.0864	0.0006	0.1682		
9	49	0.2184	20	1	1	1	0	0	0	0	0	N	N	N	N	N	N	N	N	N	N	N	N	0.0000	0.0000	0.0000	0.0000	0.0000	0.0000	0.0000	0.0000	0.0000	0.0000	0.0000	0.0000	0.0000	0.0000	0.0000	0.0000	0.0000	0.0000	0.0000	0.0000	1.0003	0.0000	3.8877	2.0001	0.0000	0.0000	0.0000	0.0000	0.0000	0.0000	0.0000	0.0000	0.0000	0.0000	0.0000	0.0000	0.0000	0.0000	0.0000	0.0000	0.0000	0.0000	0.0000	0.0000	0.0000	0.0000	0.0000	0.0000	0.0000	0.0000	0.0000	0.0118	0.0075	0.0043	0.0041	0.0036	0.0005	0.0077	0.0039	0.0038	0.0000	0.0000	0.0000	0.0000	0.0000	0.0000	0.0000	0.0000	0.0000	0.0000	0.0000	0.0000	0.0000	0.0000	0.0000	0.0000	0.0000	0.0000											
9	50	0.1213	13	2	1	2	0	0	0	0	0	Y	N	Y	N	N	N	N	N	N	N	N	N	0.0000	0.0000	0.0000	0.0000	0.0000	0.0000	0.0000	0.0000	0.0000	0.0000	0.0000	0.0000	0.0000	0.0000	0.0000	0.0000	0.0000	0.0000	0.0000	0.0000	1.0003	0.0000	3.8877	1.7047	0.0000	0.0000	0.0000	0.0000	0.0000	0.0000	0.0000	0.0000	0.0000	0.0000	0.0000	0.0000	0.0000	0.0000	0.0000	0.0000	0.0000	0.0000	0.0000	0.0000	0.0000	0.0000	0.0000	0.0000	0.0000	0.0000	0.0000	0.0199	0.0148	0.0051	0.0072	0.0070	0.0003	0.0127	0.0078	0.0049	0.0000	0.0000	0.0000	0.0000	0.0000	0.0000	0.0000	0.0000	0.0000	0.0000	0.0000	0.0000	0.0000	0.0000	0.0000	0.0000	0.0000	0.0000											
9	51	0.1213	13	2	1	2	0	0	0	0	0	Y	N	Y	N	N	N	N	N	N	N	N	N	0.0000	0.0000	0.0000	0.0000	0.0000	0.0000	0.0000	0.0000	0.0000	0.0000	0.0000	0.0000	0.0000	0.0000	0.0000	0.0000	0.0000	0.0000	0.0000	0.0000	1.0003	0.0000	3.8877	0.2953	0.0000	0.0000	0.0000	0.0000	0.0000	0.0000	0.0000	0.0000	0.0000	0.0000	0.0000	0.0000	0.0000	0.0000	0.0000	0.0000	0.0000	0.0000	0.0000	0.0000	0.0000	0.0000	0.0000	0.0000	0.0000	0.0000	0.0000	0.0114	0.0098	0.0016	0.0052	0.0052	0.0000	0.0062	0.0047	0.0015	0.0000	0.0000	0.0000	0.0000	0.0000	0.0000	0.0000	0.0000	0.0000	0.0000	0.0000	0.0000	0.0000	0.0000	0.0000	0.0000	0.0000	0.0000											
9	52	0.1185	12	2	1	2	0	0	0	0	0	Y	N	Y	N	N	N	N	N	N	N	N	N	0.0000	0.0000	0.0000	0.0000	0.0000	0.0000	0.0000	0.0000	0.0000	0.0000	0.0000	0.0000	0.0000	0.0000	0.0000	0.0000	0.0000	0.0000	0.0000	0.0000	1.0003	0.0001	3.8877	1.7968	0.0000	0.0000	0.0000	0.0000	0.0000	0.0000	0.0000	0.0000	0.0000	0.0000	0.0000	0.0000	0.0000	0.0000	0.0000	0.0000	0.0000	0.0000	0.0000	0.0000	0.0000	0.0000	0.0000	0.0000	0.0000	0.0000	0.0000	0.0152	0.0098	0.0054	0.0046	0.0043	0.0002	0.0106	0.0055	0.0051	0.0000	0.0000	0.0000	0.0000	0.0000	0.0000	0.0000	0.0000	0.0000	0.0000	0.0000	0.0000	0.0000	0.0000	0.0000	0.0000	0.0000	0.0000											
9	53	0.1643	10	2	1	1	0	0	0	0	0	Y	N	N	N	N	N	N	N	N	N	N	N	0.0000	0.0000	0.0000	0.0000	0.0000	0.0000	0.0000	0.0000	0.0000	0.0000	0.0000	0.0000	0.0000	0.0467	0.0000	0.1362	0.0000	0.0000	0.0000	0.0706	0.0000	0.1434	inf	0.0000	0.0005	1.0003	1.8240	3.8877	0.8872	0.0000	0.0000	0.0000	0.0000	0.0000	0.0000	0.0000	0.0000	0.0000	0.0010	0.0000	0.0010	0.0000	0.0000	0.0000	0.0010	0.0000	0.0010	0.0158	0.0141	0.0017	0.0040	0.0039	0.0001	0.0117	0.0102	0.0015	0.0220	0.0145	0.0076	0.0075	0.0071	0.0004	0.0146	0.0074	0.0072	0.0000	0.0000	0.0000	0.0000	0.0000	0.0000	0.0000	0.0000	0.0000	0.0467	0.0000	0.1362	0.0000	0.0000	0.0000	0.0706	0.0000	0.1434						
9	54	0.2483	22	1	1	1	1	0	0	0	0	N	N	N	N	N	N	N	N	N	N	N	N	0.0000	0.0000	0.0000	0.0000	0.0000	0.0000	0.0000	0.0000	0.0000	0.0000	0.0000	0.0000	0.0000	0.0000	0.0000	0.0000	0.0000	0.0000	0.0000	0.0000	1.0003	0.0007	3.8877	4.7762	0.0000	0.0000	0.0000	0.0000	0.0000	0.0000	0.0000	0.0000	0.0000	0.0000	0.0000	0.0000	0.0000	0.0000	0.0000	0.0000	0.0000	0.0000	0.0000	0.0000	0.0000	0.0000	0.0000	0.0000	0.0000	0.0000	0.0000	0.0328	0.0214	0.0113	0.0106	0.0098	0.0008	0.0221	0.0116	0.0105	0.0000	0.0000	0.0000	0.0000	0.0000	0.0000	0.0000	0.0000	0.0000	0.0000	0.0000	0.0000	0.0000	0.0000	0.0000	0.0000	0.0000	0.0000											
9	55	0.2483	22	1	0	1	1	0	0	0	0	N	N	N	N	N	N	N	N	N	N	N	N	0.0000	0.0000	0.0000	0.0000	0.0000	0.0000	0.0000	0.0000	0.0000	0.0000	0.0000	0.0000	0.0000	0.0000	0.0000	0.0000	0.0000	0.0000	0.0000	0.0000	1.0003	0.0007	3.8877	3.2259	0.0000	0.0000	0.0000	0.0000	0.0000	0.0000	0.0000	0.0000	0.0000	0.0000	0.0000	0.0000	0.0000	0.0000	0.0000	0.0000	0.0000	0.0000	0.0000	0.0000	0.0000	0.0000	0.0000	0.0000	0.0000	0.0000	0.0000	0.0238	0.0159	0.0080	0.0080	0.0075	0.0005	0.0158	0.0084	0.0074	0.0000	0.0000	0.0000	0.0000	0.0000	0.0000	0.0000	0.0000	0.0000	0.0000	0.0000	0.0000	0.0000	0.0000	0.0000	0.0000	0.0000	0.0000											
9	56	0.2440	21	1	0	1	1	0	0	0	0	N	N	N	N	N	N	N	N	N	N	N	N	0.0000	0.0000	0.0000	0.0000	0.0000	0.0000	0.0000	0.0000	0.0000	0.0000	0.0000	0.0000	0.0000	0.0000	0.0000	0.0000	0.0000	0.0000	0.0000	0.0000	0.0000	0.0000	0.0556	0.0000	-0.0000	1.0003	0.9953	3.8877	1.3904	0.0000	0.0000	0.0000	0.0000	0.0000	0.0000	0.0000	0.0000	0.0000	0.0000	0.0000	0.0000	0.0000	0.0000	0.0000	0.0000	0.0000	0.0000	0.0068	0.0059	0.0009	0.0011	0.0010	0.0001	0.0057	0.0049	0.0008	0.0183	0.0124	0.0059	0.0063	0.0059	0.0004	0.0121	0.0066	0.0055	0.0000	0.0000	0.0000	0.0000	0.0000	0.0000	0.0000	0.0000	0.0000	0.0000	0.0000	0.0000	0.0000	0.0000	0.0000	0.0000	0.0000	0.0000						
9	57	0.2372	20	1	0	1	1	0	0	0	0	N	N	N	N	N	N	N	N	N	N	N	N	0.0000	0.0000	0.0000	0.0000	0.0000	0.0000	0.0000	0.0000	0.0000	0.0000	0.0000	0.0000	0.0000	0.0000	0.0000	0.0000	0.0000	0.0000	0.0000	0.0000	0.0000	0.0000	0.0000	0.0000	0.0000	1.8889	0.0000	0.0000	1.0003	0.0068	3.8877	3.2797	0.0000	0.0000	0.0000	0.0000	0.0000	0.0000	0.0000	0.0000	0.0000	0.0000	0.0000	0.0000	0.0000	0.0000	0.0000	0.0000	0.0000	0.0000	0.0001	0.0000	0.0000	0.0000	0.0000	0.0000	0.0000	0.0000	0.0000	0.0232	0.0148	0.0084	0.0076	0.0071	0.0005	0.0156	0.0077	0.0079	0.0000	0.0000	0.0000	0.0000	0.0000	0.0000	0.0000	0.0000	0.0000	0.0000	0.0000	0.0000	0.0000	0.0000	0.0000	0.0000	0.0000	0.0000			
9	58	0.1961	19	1	0	1	1	0	0	0	0	N	N	N	N	N	N	N	N	N	N	N	N	0.0000	0.0000	0.0000	0.0000	0.0000	0.0000	0.0000	0.0000	0.0000	0.0000	0.0000	0.0000	0.0000	0.0000	0.0000	0.0000	0.0000	0.0005	0.0001	0.0011	0.0003	0.0003	0.0000	0.0006	0.0000	0.0012	4.9769	0.0000	0.0000	1.0003	5.8573	3.8877	13.1443	0.0000	0.0000	0.0000	0.0000	0.0000	0.0000	0.0000	0.0000	0.0000	0.0001	0.0000	0.0000	0.0000	0.0000	0.0000	0.0000	0.0000	0.0000	0.0446	0.0391	0.0055	0.0098	0.0094	0.0004	0.0348	0.0297	0.0050	0.1207	0.0757	0.0450	0.0399	0.0365	0.0034	0.0808	0.0392	0.0416	0.0000	0.0000	0.0000	0.0000	0.0000	0.0000	0.0000	0.0000	0.0000	0.0005	0.0001	0.0011	0.0003	0.0003	0.0000	0.0006	0.0000	0.0012		
9	59	0.1186	13	1	1	2	0	0	0	0	0	N	N	Y	N	N	N	N	N	N	N	N	N	0.0000	0.0000	0.0000	0.0000	0.0000	0.0000	0.0000	0.0000	0.0000	0.0000	0.0000	0.0000	0.0000	0.0000	0.0000	0.0000	0.0001	0.0001	0.0000	0.0003	0.0003	0.0000	0.0000	0.0000	0.0000	0.0005	0.0000	-0.0000	1.0003	0.9979	3.8877	4.0614	0.0000	0.0000	0.0000	0.0000	0.0000	0.0000	0.0000	0.0000	0.0000	0.0000	0.0000	0.0000	0.0000	0.0000	0.0000	0.0000	0.0000	0.0000	0.0068	0.0060	0.0009	0.0009	0.0009	0.0000	0.0059	0.0051	0.0008	0.0339	0.0208	0.0132	0.0076	0.0071	0.0005	0.0263	0.0137	0.0127	0.0000	0.0000	0.0000	0.0000	0.0000	0.0000	0.0000	0.0000	0.0000	0.0001	0.0001	0.0000	0.0003	0.0003	0.0000	0.0000	0.0000	0.0000			
9	60	0.1102	12	1	1	1	0	0	0	0	0	N	N	N	N	N	N	N	N	N	N	N	N	0.0000	0.0000	0.0000	0.0000	0.0000	0.0000	0.0000	0.0000	0.0000	0.0000	0.0000	0.0000	0.0000	0.0000	0.0000	0.0000	0.0000	0.0001	0.0001	0.0002	0.0003	0.0003	0.0000	0.0001	0.0000	0.0002	1.0039	0.0000	-0.0000	1.0003	2.2356	3.8877	2.2044	0.0000	0.0000	0.0000	0.0000	0.0000	0.0000	0.0000	0.0000	0.0000	0.0000	0.0000	0.0000	0.0000	0.0000	0.0000	0.0000	0.0000	0.0000	0.0159	0.0139	0.0020	0.0026	0.0025	0.0001	0.0133	0.0114	0.0019	0.0290	0.0175	0.0115	0.0062	0.0058	0.0004	0.0228	0.0117	0.0111	0.0000	0.0000	0.0000	0.0000	0.0000	0.0000	0.0000	0.0000	0.0000	0.0001	0.0001	0.0002	0.0003	0.0003	0.0000	0.0001	0.0000	0.0002		
9	61	0.0442	6	2	0	2	0	0	0	0	0	Y	N	Y	N	N	N	N	N	N	N	N	N	168279.8306	114152.4967	0.0000	648245.2775	611358.0901	0.0000	0.0000	0.0255	0.0296	0.0000	0.5777	0.5955	0.0000	0.0000	0.0000	0.0000	0.0000	0.0000	0.0000	0.0000	0.0000	0.0000	0.0000	0.0000	0.0000	0.0000	0.1176	-0.0001	-0.0000	1.0003	2.0703	3.8877	7.0012	0.0004	0.0004	0.0000	0.0004	0.0004	0.0000	0.0000	0.0000	0.0000	0.0000	0.0000	0.0000	0.0000	0.0000	0.0000	0.0000	0.0000	0.0000	0.0149	0.0129	0.0020	0.0007	0.0006	0.0000	0.0142	0.0122	0.0020	0.0626	0.0328	0.0298	0.0095	0.0087	0.0008	0.0531	0.0241	0.0290	168279.8306	114152.4967	0.0000	648245.2775	611358.0901	0.0000	0.0000	0.0000	0.0000	0.0000	0.0000	0.0000	0.0000	0.0000	0.0000	0.0000	0.0000	0.0000		
9	62	0.0426	5	1	0	1	0	0	0	0	0	N	N	N	N	N	N	N	N	N	N	N	N	2.8622	3.0898	0.0000	26.0703	24.9703	0.0000	0.0000	0.0000	0.0000	0.0000	0.0000	0.0002	0.0002	0.0000	0.0000	0.0000	0.0000	0.0000	0.0000	0.0000	0.0000	0.0000	0.0000	0.0000	0.0000	0.0000	0.0000	0.7684	-0.0000	-0.0000	1.0003	0.9285	3.8877	0.0280	0.0000	0.0000	0.0000	0.0000	0.0000	0.0000	0.0000	0.0000	0.0000	0.0000	0.0000	0.0000	0.0000	0.0000	0.0000	0.0000	0.0000	0.0000	0.0066	0.0057	0.0009	0.0002	0.0002	0.0000	0.0063	0.0054	0.0009	0.0069	0.0037	0.0033	0.0011	0.0010	0.0001	0.0058	0.0026	0.0032	2.8622	3.0898	0.0000	26.0703	24.9703	0.0000	0.0000	0.0000	0.0000	0.0000	0.0000	0.0000	0.0000	0.0000	0.0000	0.0000	0.0000	0.0000	
9	63	0.1331	12	2	1	1	0	0	0	0	0	Y	N	N	N	N	N	N	N	N	N	N	N	0.0000	0.0000	0.0000	0.0000	0.0000	0.0000	0.0000	0.0000	0.0000	0.0000	0.0000	0.0000	0.0000	0.0000	0.0000	0.1985	0.3195	0.0000	0.8660	0.9263	0.0000	0.0000	0.0000	0.0000	0.0000	0.0000	-0.0028	1.0003	1.0023	3.8877	3.0135	0.0000	0.0000	0.0000	0.0000	0.0000	0.0000	0.0000	0.0000	0.0000	0.0051	0.0051	0.0000	0.0051	0.0051	0.0000	0.0000	0.0000	0.0000	0.0070	0.0061	0.0009	0.0014	0.0013	0.0001	0.0056	0.0048	0.0008	0.0259	0.0161	0.0098	0.0059	0.0055	0.0004	0.0200	0.0105	0.0094	0.0000	0.0000	0.0000	0.0000	0.0000	0.0000	0.0000	0.0000	0.0000	0.1985	0.3195	0.0000	0.8660	0.9263	0.0000	0.0000	0.0000	0.0000				
9	64	0.1068	11	2	1	1	0	0	0	0	0	Y	N	N	N	N	N	N	N	N	N	N	N	0.0000	0.0000	0.0000	0.0000	0.0000	0.0000	0.0000	0.0000	0.0000	0.0000	0.0000	0.0000	0.0000	0.0000	0.0000	0.0000	0.0000	0.0000	0.0690	0.1131	0.0040	0.0007	0.0007	0.0000	0.0865	0.1656	0.0041	0.0239	0.0000	-0.0027	1.0003	3.0820	3.8877	9.3392	0.0000	0.0000	0.0000	0.0000	0.0000	0.0000	0.0000	0.0000	0.0000	0.0051	0.0050	0.0001	0.0000	0.0000	0.0000	0.0051	0.0050	0.0001	0.0258	0.0227	0.0031	0.0061	0.0058	0.0003	0.0197	0.0168	0.0028	0.0746	0.0444	0.0302	0.0153	0.0141	0.0011	0.0594	0.0303	0.0291	0.0000	0.0000	0.0000	0.0000	0.0000	0.0000	0.0000	0.0000	0.0000	0.0690	0.1131	0.0040	0.0007	0.0007	0.0000	0.0865	0.1656	0.0041	
9	65	0.1102	12	1	1	1	0	0	0	0	0	N	N	N	N	N	N	N	N	N	N	N	N	0.0000	0.0000	0.0000	0.0000	0.0000	0.0000	0.0000	0.0000	0.0000	0.0000	0.0000	0.0000	0.0000	0.0006	0.0000	0.0014	0.0000	0.0000	0.0000	0.0007	0.0000	0.0015	inf	0.0000	0.0000	1.0003	1.7946	3.8877	5.9592	0.0000	0.0000	0.0000	0.0000	0.0000	0.0000	0.0000	0.0000	0.0000	0.0000	0.0000	0.0000	0.0000	0.0000	0.0000	0.0000	0.0000	0.0000	0.0130	0.0114	0.0016	0.0022	0.0021	0.0001	0.0108	0.0093	0.0015	0.0477	0.0282	0.0195	0.0096	0.0088	0.0007	0.0381	0.0194	0.0188	0.0000	0.0000	0.0000	0.0000	0.0000	0.0000	0.0000	0.0000	0.0000	0.0006	0.0000	0.0014	0.0000	0.0000	0.0000	0.0007	0.0000	0.0015						
9	66	0.1034	11	1	1	1	0	0	0	0	0	N	N	N	N	N	N	N	N	N	N	N	N	0.0000	0.0000	0.0000	0.0000	0.0000	0.0000	0.0000	0.0000	0.0000	0.0000	0.0000	0.0000	0.0000	0.0000	0.0000	0.0000	0.0006	0.0008	0.0002	0.0023	0.0025	0.0000	0.0001	0.0000	0.0002	0.2164	0.0000	-0.0000	1.0003	1.3569	3.8877	2.0560	0.0000	0.0000	0.0000	0.0000	0.0000	0.0000	0.0000	0.0000	0.0000	0.0000	0.0000	0.0000	0.0000	0.0000	0.0000	0.0000	0.0000	0.0000	0.0106	0.0093	0.0013	0.0019	0.0018	0.0001	0.0087	0.0075	0.0013	0.0220	0.0127	0.0093	0.0044	0.0040	0.0003	0.0176	0.0087	0.0090	0.0000	0.0000	0.0000	0.0000	0.0000	0.0000	0.0000	0.0000	0.0000	0.0006	0.0008	0.0002	0.0023	0.0025	0.0000	0.0001	0.0000	0.0002			
9	67	0.0900	10	1	1	1	0	0	0	0	0	N	N	N	N	N	N	N	N	N	N	N	N	0.0000	0.0000	0.0000	0.0000	0.0000	0.0000	0.0000	0.0000	0.0000	0.0000	0.0000	0.0000	0.0000	0.0000	0.0000	0.0000	0.0002	0.0000	0.0004	0.0000	0.0000	0.0000	0.0003	0.0000	0.0004	749.9570	0.0000	0.0000	1.0003	4.9477	3.8877	2.0153	0.0000	0.0000	0.0000	0.0000	0.0000	0.0000	0.0000	0.0000	0.0000	0.0000	0.0000	0.0000	0.0000	0.0000	0.0000	0.0000	0.0000	0.0000	0.0352	0.0305	0.0046	0.0051	0.0048	0.0004	0.0301	0.0258	0.0043	0.0533	0.0303	0.0230	0.0133	0.0127	0.0006	0.0400	0.0176	0.0224	0.0000	0.0000	0.0000	0.0000	0.0000	0.0000	0.0000	0.0000	0.0000	0.0002	0.0000	0.0004	0.0000	0.0000	0.0000	0.0003	0.0000	0.0004			
9	68	0.2184	20	1	0	2	0	0	0	0	0	N	N	Y	N	N	N	N	N	N	N	N	N	0.0000	0.0000	0.0000	0.0000	0.0000	0.0000	0.0000	0.0000	0.0000	0.0000	0.0000	0.0000	0.0000	0.0000	0.0000	0.0000	0.0000	0.0000	0.0000	0.0000	1.0003	0.0000	3.8877	4.0001	0.0000	0.0000	0.0000	0.0000	0.0000	0.0000	0.0000	0.0000	0.0000	0.0000	0.0000	0.0000	0.0000	0.0000	0.0000	0.0000	0.0000	0.0000	0.0000	0.0000	0.0000	0.0000	0.0000	0.0000	0.0000	0.0000	0.0000	0.0234	0.0149	0.0085	0.0081	0.0072	0.0010	0.0153	0.0078	0.0075	0.0000	0.0000	0.0000	0.0000	0.0000	0.0000	0.0000	0.0000	0.0000	0.0000	0.0000	0.0000	0.0000	0.0000	0.0000	0.0000	0.0000	0.0000											
9	69	0.1961	19	1	0	1	0	0	0	0	0	N	N	N	N	N	N	N	N	N	N	N	N	0.0000	0.0000	0.0000	0.0000	0.0000	0.0000	0.0000	0.0000	0.0000	0.0000	0.0000	0.0000	0.0000	0.0000	0.0000	0.0000	0.0004	0.0002	0.0006	0.0003	0.0004	0.0000	0.0004	0.0000	0.0007	1.9812	0.0000	0.0000	1.0003	2.8240	3.8877	8.9883	0.0000	0.0000	0.0000	0.0000	0.0000	0.0000	0.0000	0.0000	0.0000	0.0000	0.0000	0.0000	0.0000	0.0000	0.0000	0.0000	0.0000	0.0000	0.0255	0.0225	0.0030	0.0069	0.0066	0.0003	0.0186	0.0159	0.0027	0.0835	0.0528	0.0308	0.0288	0.0266	0.0023	0.0547	0.0262	0.0285	0.0000	0.0000	0.0000	0.0000	0.0000	0.0000	0.0000	0.0000	0.0000	0.0004	0.0002	0.0006	0.0003	0.0004	0.0000	0.0004	0.0000	0.0007			
9	70	0.1872	18	1	0	1	0	0	0	0	0	N	N	N	N	N	N	N	N	N	N	N	N	0.0000	0.0000	0.0000	0.0000	0.0000	0.0000	0.0000	0.0000	0.0000	0.0000	0.0000	0.0000	0.0000	0.0000	0.0000	0.0000	0.0000	0.0006	0.0009	0.0000	0.0011	0.0011	0.0000	0.0003	0.0007	0.0000	0.0024	0.0000	-0.0000	1.0003	1.4521	3.8877	3.5882	0.0000	0.0000	0.0000	0.0000	0.0000	0.0000	0.0000	0.0000	0.0000	0.0000	0.0000	0.0000	0.0000	0.0000	0.0000	0.0000	0.0000	0.0000	0.0101	0.0088	0.0013	0.0018	0.0017	0.0001	0.0083	0.0071	0.0012	0.0478	0.0320	0.0158	0.0187	0.0177	0.0010	0.0291	0.0142	0.0149	0.0000	0.0000	0.0000	0.0000	0.0000	0.0000	0.0000	0.0000	0.0000	0.0006	0.0009	0.0000	0.0011	0.0011	0.0000	0.0003	0.0007	0.0000		
9	71	0.1844	17	1	0	1	0	0	0	0	0	N	N	N	N	N	N	N	N	N	N	N	N	0.0000	0.0000	0.0000	0.0000	0.0000	0.0000	0.0000	0.0000	0.0000	0.0000	0.0000	0.0000	0.0000	0.0000	0.0000	0.0000	0.0000	0.0000	0.0000	0.0000	0.0000	0.0000	0.0000	0.0000	0.0000	0.4193	0.0000	-0.0000	1.0003	1.1783	3.8877	0.9542	0.0000	0.0000	0.0000	0.0000	0.0000	0.0000	0.0000	0.0000	0.0000	0.0000	0.0000	0.0000	0.0000	0.0000	0.0000	0.0000	0.0000	0.0000	0.0096	0.0084	0.0012	0.0024	0.0023	0.0001	0.0073	0.0061	0.0012	0.0271	0.0187	0.0084	0.0114	0.0110	0.0004	0.0157	0.0077	0.0080	0.0000	0.0000	0.0000	0.0000	0.0000	0.0000	0.0000	0.0000	0.0000	0.0000	0.0000	0.0000	0.0000	0.0000	0.0000	0.0000	0.0000	0.0000			
9	72	0.1798	16	1	0	1	0	0	0	0	0	N	N	N	N	N	N	N	N	N	N	N	N	0.0000	0.0000	0.0000	0.0000	0.0000	0.0000	0.0000	0.0000	0.0000	0.0000	0.0000	0.0000	0.0000	0.0000	0.0000	0.0000	0.0000	0.0000	0.0000	0.0000	0.0000	0.0000	0.0000	0.0000	0.0000	0.0000	0.4805	0.0000	-0.0000	1.0003	2.0762	3.8877	1.4610	0.0000	0.0000	0.0000	0.0000	0.0000	0.0000	0.0000	0.0000	0.0000	0.0000	0.0000	0.0000	0.0000	0.0000	0.0000	0.0000	0.0000	0.0000	0.0147	0.0128	0.0019	0.0030	0.0029	0.0001	0.0117	0.0099	0.0017	0.0329	0.0219	0.0110	0.0128	0.0121	0.0007	0.0201	0.0098	0.0103	0.0000	0.0000	0.0000	0.0000	0.0000	0.0000	0.0000	0.0000	0.0000	0.0000	0.0000	0.0000	0.0000	0.0000	0.0000	0.0000	0.0000	0.0000		
9	73	0.1156	12	1	0	1	0	0	0	0	0	N	N	N	N	N	N	N	N	N	N	N	N	0.0000	0.0000	0.0000	0.0000	0.0000	0.0000	0.0000	0.0000	0.0000	0.0000	0.0000	0.0000	0.0000	0.0041	0.0069	0.0000	0.0188	0.0205	0.0000	0.0000	0.0000	0.0000	0.0000	0.0000	-0.0003	1.0003	4.0673	3.8877	17.8409	0.0000	0.0000	0.0000	0.0000	0.0000	0.0000	0.0000	0.0000	0.0000	0.0005	0.0005	0.0000	0.0005	0.0005	0.0000	0.0000	0.0000	0.0000	0.0321	0.0282	0.0039	0.0070	0.0067	0.0003	0.0251	0.0215	0.0036	0.1230	0.0726	0.0503	0.0266	0.0244	0.0022	0.0964	0.0483	0.0482	0.0000	0.0000	0.0000	0.0000	0.0000	0.0000	0.0000	0.0000	0.0000	0.0041	0.0069	0.0000	0.0188	0.0205	0.0000	0.0000	0.0000	0.0000						
9	75	0.2523	16	1	0	1	0	0	0	0	0	N	N	N	N	N	N	N	N	N	N	N	N	0.0002	0.0000	107.4310	0.0002	0.0000	153.9476	0.0036	0.0000	5.1650	0.0000	0.0000	0.0002	0.0001	0.0000	0.0015	0.0000	0.0000	0.0000	0.1458	0.2127	0.0000	0.3271	0.3618	0.0000	0.0002	0.0003	0.0000	inf	0.0000	0.0000	-0.0326	1.0003	3.5843	3.8877	46.7516	0.0000	0.0000	0.0000	0.0000	0.0000	0.0000	0.0000	0.0000	0.0000	0.0600	0.0600	0.0000	0.0600	0.0600	0.0000	0.0000	0.0000	0.0000	0.0405	0.0361	0.0044	0.0141	0.0135	0.0006	0.0264	0.0226	0.0038	0.4115	0.2822	0.1293	0.1834	0.1658	0.0176	0.2282	0.1164	0.1117	0.0002	0.0000	107.4310	0.0002	0.0000	153.9476	0.0036	0.0000	5.1650	0.1458	0.2127	0.0000	0.3271	0.3618	0.0000	0.0002	0.0003	0.0000
9	76	0.0137	2	2	1	2	0	0	0	0	0	Y	N	Y	N	N	N	N	N	N	N	N	N	0.0000	0.0000	0.0000	0.0000	0.0000	0.0000	0.0000	0.0000	0.0000	0.0000	0.0000	0.0000	0.0000	0.0000	0.0000	0.0000	0.0000	0.0000	0.0543	0.1068	0.0001	0.5020	0.5504	0.0000	0.0029	0.0063	0.0001	0.0006	0.0000	-0.0004	1.0003	1.0003	3.8877	1.0071	0.0000	0.0000	0.0000	0.0000	0.0000	0.0000	0.0000	0.0000	0.0000	0.0008	0.0008	0.0000	0.0008	0.0008	0.0000	0.0000	0.0000	0.0000	0.0069	0.0060	0.0010	0.0000	0.0000	0.0000	0.0069	0.0060	0.0010	0.0152	0.0077	0.0075	0.0016	0.0014	0.0001	0.0136	0.0063	0.0073	0.0000	0.0000	0.0000	0.0000	0.0000	0.0000	0.0000	0.0000	0.0000	0.0543	0.1068	0.0001	0.5020	0.5504	0.0000	0.0029	0.0063	0.0001	
9	78	0.1331	13	1	1	1	0	0	0	0	0	N	N	N	N	N	N	N	N	N	N	N	N	0.0000	0.0000	0.0000	0.0000	0.0000	0.0000	0.0000	0.0000	0.0000	0.0000	0.0000	0.0000	0.0000	0.0000	0.0000	0.0000	0.0000	0.0300	0.0470	0.0000	0.1003	0.1085	0.0000	0.0000	0.0000	0.0000	0.0000	0.0000	-0.0026	1.0003	8.4371	3.8877	15.3349	0.0000	0.0000	0.0000	0.0000	0.0000	0.0000	0.0000	0.0000	0.0000	0.0047	0.0047	0.0000	0.0047	0.0047	0.0000	0.0000	0.0000	0.0000	0.0659	0.0580	0.0079	0.0136	0.0130	0.0006	0.0523	0.0450	0.0073	0.1583	0.1009	0.0574	0.0473	0.0437	0.0035	0.1110	0.0571	0.0539	0.0000	0.0000	0.0000	0.0000	0.0000	0.0000	0.0000	0.0000	0.0000	0.0300	0.0470	0.0000	0.1003	0.1085	0.0000	0.0000	0.0000	0.0000		
9	79	0.0205	3	2	0	2	0	0	0	0	0	Y	N	Y	N	N	N	N	N	N	N	N	N	0.0000	0.0000	0.0000	0.0000	0.0000	0.0000	0.0000	0.0000	0.0000	0.0000	0.0000	0.0000	0.0000	0.0000	0.0000	0.0000	0.0000	0.0016	0.0001	0.0039	0.0002	0.0002	0.0000	0.0020	0.0000	0.0039	36.0771	0.0000	0.0001	1.0003	3.0096	3.8877	5.7427	0.0000	0.0000	0.0000	0.0000	0.0000	0.0000	0.0000	0.0000	0.0000	0.0001	0.0000	0.0001	0.0000	0.0000	0.0000	0.0001	0.0000	0.0001	0.0207	0.0178	0.0029	0.0001	0.0001	0.0000	0.0206	0.0177	0.0029	0.0878	0.0529	0.0349	0.0205	0.0199	0.0006	0.0673	0.0330	0.0344	0.0000	0.0000	0.0000	0.0000	0.0000	0.0000	0.0000	0.0000	0.0000	0.0016	0.0001	0.0039	0.0002	0.0002	0.0000	0.0020	0.0000	0.0039		
9	84	0.1530	15	1	1	1	0	0	0	0	0	N	N	N	N	N	N	N	N	N	N	N	N	0.0000	0.0000	0.0000	0.0000	0.0000	0.0000	0.0000	0.0000	0.0000	0.0000	0.0000	0.0000	0.0000	0.0000	0.0000	0.0000	0.0000	5.7484	0.0000	17.8777	0.0052	0.0000	0.0579	8.5521	0.0000	17.6373	4588389.6997	0.0000	0.5857	1.0003	7.1084	3.8877	28.8937	0.0000	0.0000	0.0000	0.0000	0.0000	0.0000	0.0000	0.0000	0.0000	1.2815	0.0000	1.2815	0.0004	0.0000	0.0004	1.2812	0.0000	1.2812	0.0496	0.0433	0.0063	0.0084	0.0079	0.0005	0.0412	0.0354	0.0058	0.2229	0.1419	0.0811	0.0731	0.0666	0.0066	0.1498	0.0753	0.0745	0.0000	0.0000	0.0000	0.0000	0.0000	0.0000	0.0000	0.0000	0.0000	5.7484	0.0000	15.8048	0.0052	0.0000	0.0579	8.5521	0.0000	17.1917		
9	85	0.1455	14	1	1	1	0	0	0	0	0	N	N	N	N	N	N	N	N	N	N	N	N	0.0000	0.0000	0.0000	0.0000	0.0000	0.0000	0.0000	0.0000	0.0000	0.0000	0.0000	0.0000	0.0000	0.0000	0.0000	0.0000	0.0000	0.0000	10.3060	0.3584	65.5427	0.6338	0.6649	0.0001	16.2259	0.0161	63.5523	40.9179	0.0000	0.2998	1.0003	2.2208	3.8877	3.9129	0.0000	0.0000	0.0000	0.0000	0.0000	0.0000	0.0000	0.0000	0.0000	0.6921	0.0165	0.6756	0.0162	0.0162	0.0000	0.6759	0.0003	0.6756	0.0257	0.0229	0.0029	0.0094	0.0088	0.0006	0.0163	0.0140	0.0023	0.0672	0.0461	0.0211	0.0255	0.0243	0.0012	0.0417	0.0218	0.0199	0.0000	0.0000	0.0000	0.0000	0.0000	0.0000	0.0000	0.0000	0.0000	10.3060	0.3584	32.0337	0.6338	0.6649	0.0001	16.2259	0.0161	33.9516	
9	86	0.2210	16	1	0	2	0	0	0	0	0	N	N	Y	N	N	N	N	N	N	N	N	N	0.0000	0.0000	0.0000	0.0000	0.0000	0.0000	0.0000	0.0000	0.0000	0.0000	0.0000	0.0000	0.0000	0.0000	0.0000	0.0000	0.0000	0.0000	0.2604	0.4109	0.0000	0.7924	0.8738	0.0000	0.0000	0.0000	0.0000	0.0000	0.0000	-0.0116	1.0003	5.3425	3.8877	7.0749	0.0000	0.0000	0.0000	0.0000	0.0000	0.0000	0.0000	0.0000	0.0000	0.0213	0.0213	0.0000	0.0213	0.0213	0.0000	0.0000	0.0000	0.0000	0.0411	0.0361	0.0050	0.0071	0.0067	0.0004	0.0341	0.0294	0.0046	0.0817	0.0518	0.0299	0.0269	0.0244	0.0025	0.0549	0.0274	0.0274	0.0000	0.0000	0.0000	0.0000	0.0000	0.0000	0.0000	0.0000	0.0000	0.2604	0.4109	0.0000	0.7924	0.8738	0.0000	0.0000	0.0000	0.0000	
9	87	0.1778	15	1	0	1	0	0	0	0	0	N	N	N	N	N	N	N	N	N	N	N	N	0.0000	0.0000	0.0000	0.0000	0.0000	0.0056	0.0000	0.0000	0.0000	0.0000	0.0000	0.0000	0.0000	0.0000	0.0000	0.0000	0.0000	0.0000	0.2527	0.3807	0.0188	0.3514	0.3831	0.0005	0.1990	0.3820	0.0204	inf	0.0270	0.0000	-0.0215	1.0003	7.0719	3.8877	13.7350	0.0000	0.0000	0.0000	0.0000	0.0000	0.0000	0.0000	0.0000	0.0000	0.0416	0.0405	0.0011	0.0204	0.0204	0.0000	0.0212	0.0201	0.0011	0.0618	0.0545	0.0073	0.0175	0.0163	0.0013	0.0443	0.0382	0.0060	0.1646	0.1064	0.0582	0.0580	0.0532	0.0048	0.1066	0.0532	0.0534	0.0000	0.0000	0.0000	0.0000	0.0000	0.0056	0.0000	0.0000	0.0000	0.2527	0.3807	0.0188	0.3514	0.3831	0.0005	0.1990	0.3783	0.0204
9	88	0.1204	13	2	0	2	0	0	0	0	0	Y	N	Y	N	N	N	N	N	N	N	N	N	0.0000	0.0000	0.0000	0.0000	0.0000	0.0000	0.0000	0.0000	0.0000	0.0000	0.0000	0.0000	0.0000	0.0000	0.0000	0.0000	0.0000	0.0000	0.0000	0.0000	1.0003	0.0000	3.8877	0.0000	0.0000	0.0000	0.0000	0.0000	0.0000	0.0000	0.0000	0.0000	0.0000	0.0000	0.0000	0.0000	0.0000	0.0000	0.0000	0.0000	0.0000	0.0000	0.0000	0.0000	0.0000	0.0000	0.0000	0.0000	0.0000	0.0000	0.0000	0.0000	0.0000	0.0000	0.0000	0.0000	0.0000	0.0000	0.0000	0.0000	0.0000	0.0000	0.0000	0.0000	0.0000	0.0000	0.0000	0.0000	0.0000	0.0000	0.0000	0.0000	0.0000	0.0000	0.0000	0.0000	0.0000	0.0000											
9	89	0.1185	12	2	0	2	0	0	0	0	0	Y	N	Y	N	N	N	N	N	N	N	N	N	0.0000	0.0000	0.0000	0.0000	0.0000	0.0000	0.0000	0.0000	0.0000	0.0000	0.0000	0.0000	0.0000	0.0000	0.0000	0.0000	0.0000	0.0000	0.0000	0.0000	1.0003	0.0001	3.8877	0.9161	0.0000	0.0000	0.0000	0.0000	0.0000	0.0000	0.0000	0.0000	0.0000	0.0000	0.0000	0.0000	0.0000	0.0000	0.0000	0.0000	0.0000	0.0000	0.0000	0.0000	0.0000	0.0000	0.0000	0.0000	0.0000	0.0000	0.0000	0.0099	0.0067	0.0031	0.0034	0.0033	0.0001	0.0065	0.0034	0.0030	0.0000	0.0000	0.0000	0.0000	0.0000	0.0000	0.0000	0.0000	0.0000	0.0000	0.0000	0.0000	0.0000	0.0000	0.0000	0.0000	0.0000	0.0000											
9	90	0.0937	11	2	0	2	0	0	0	0	0	Y	N	Y	N	N	N	N	N	N	N	N	N	0.0000	0.0000	0.0000	0.0000	0.0000	0.0000	0.0000	0.0000	0.0000	0.0000	0.0000	0.0000	0.0000	0.0000	0.0000	0.0000	0.0001	0.0002	0.0000	0.0006	0.0007	0.0000	0.0000	0.0000	0.0000	0.0002	0.0000	-0.0000	1.0003	3.7876	3.8877	7.8440	0.0000	0.0000	0.0000	0.0000	0.0000	0.0000	0.0000	0.0000	0.0000	0.0000	0.0000	0.0000	0.0000	0.0000	0.0000	0.0000	0.0000	0.0000	0.0275	0.0240	0.0035	0.0049	0.0046	0.0003	0.0226	0.0194	0.0032	0.0751	0.0433	0.0318	0.0159	0.0150	0.0009	0.0592	0.0284	0.0308	0.0000	0.0000	0.0000	0.0000	0.0000	0.0000	0.0000	0.0000	0.0000	0.0001	0.0002	0.0000	0.0006	0.0007	0.0000	0.0000	0.0000	0.0000			
9	91	0.1261	13	1	1	1	1	0	0	0	0	N	N	N	N	N	N	N	N	N	N	N	N	0.0000	0.0000	0.0000	0.0000	0.0000	0.0000	0.0000	0.0000	0.0000	0.0000	0.0000	0.0000	0.0000	0.0000	0.0000	0.0000	0.8614	0.0001	2.1816	0.0003	0.0004	0.0000	1.1671	0.0000	2.2893	9814.3993	0.0000	0.0448	1.0003	1.8247	3.8877	16.3284	0.0000	0.0000	0.0000	0.0000	0.0000	0.0000	0.0000	0.0000	0.0000	0.0981	0.0000	0.0981	0.0000	0.0000	0.0000	0.0981	0.0000	0.0981	0.0170	0.0150	0.0020	0.0044	0.0043	0.0001	0.0126	0.0108	0.0018	0.1139	0.0689	0.0450	0.0298	0.0277	0.0021	0.0840	0.0412	0.0428	0.0000	0.0000	0.0000	0.0000	0.0000	0.0000	0.0000	0.0000	0.0000	0.8614	0.0001	2.1816	0.0003	0.0004	0.0000	1.1671	0.0000	2.2893			
9	92	0.1156	12	1	1	1	0	0	0	0	0	N	N	N	N	N	N	N	N	N	N	N	N	0.0000	0.0000	0.0000	0.0000	0.0000	0.0000	0.0000	0.0000	0.0000	0.0000	0.0000	0.0000	0.0000	0.0036	0.0061	0.0000	0.0167	0.0182	0.0000	0.0000	0.0000	0.0000	0.0000	0.0000	-0.0003	1.0003	9.1310	3.8877	16.1726	0.0000	0.0000	0.0000	0.0000	0.0000	0.0000	0.0000	0.0000	0.0000	0.0005	0.0005	0.0000	0.0005	0.0005	0.0000	0.0000	0.0000	0.0000	0.0648	0.0567	0.0080	0.0125	0.0119	0.0006	0.0523	0.0449	0.0074	0.1395	0.0824	0.0571	0.0300	0.0275	0.0025	0.1096	0.0550	0.0546	0.0000	0.0000	0.0000	0.0000	0.0000	0.0000	0.0000	0.0000	0.0000	0.0036	0.0061	0.0000	0.0167	0.0182	0.0000	0.0000	0.0000	0.0000						
9	93	0.2006	18	1	1	1	0	0	0	0	0	N	N	N	N	N	N	N	N	N	N	N	N	0.0000	0.0000	0.0000	0.0000	0.0000	0.0000	0.0000	0.0000	0.0000	0.0000	0.0000	0.0000	0.0000	0.0000	0.0000	0.0000	0.0004	0.0003	0.0006	0.0005	0.0006	0.0000	0.0003	0.0000	0.0007	1.0155	0.0000	-0.0000	1.0003	4.0959	3.8877	8.7137	0.0000	0.0000	0.0000	0.0000	0.0000	0.0000	0.0000	0.0000	0.0000	0.0000	0.0000	0.0000	0.0000	0.0000	0.0000	0.0000	0.0000	0.0000	0.0298	0.0260	0.0038	0.0055	0.0052	0.0002	0.0243	0.0207	0.0036	0.0936	0.0602	0.0333	0.0365	0.0329	0.0036	0.0571	0.0274	0.0297	0.0000	0.0000	0.0000	0.0000	0.0000	0.0000	0.0000	0.0000	0.0000	0.0004	0.0003	0.0006	0.0005	0.0006	0.0000	0.0003	0.0000	0.0007			
9	94	0.1823	17	1	1	1	0	0	0	0	0	N	N	N	N	N	N	N	N	N	N	N	N	0.0000	0.0000	0.0000	0.0000	0.0000	0.0000	0.0000	0.0000	0.0000	0.0000	0.0000	0.0000	0.0000	0.0000	0.0000	0.0000	0.0000	0.0005	0.0008	0.0000	0.0009	0.0010	0.0000	0.0003	0.0006	0.0000	0.0008	0.0000	-0.0000	1.0003	2.9443	3.8877	6.1524	0.0000	0.0000	0.0000	0.0000	0.0000	0.0000	0.0000	0.0000	0.0000	0.0000	0.0000	0.0000	0.0000	0.0000	0.0000	0.0000	0.0000	0.0000	0.0227	0.0197	0.0030	0.0052	0.0050	0.0002	0.0175	0.0147	0.0028	0.0594	0.0381	0.0213	0.0218	0.0200	0.0018	0.0376	0.0181	0.0195	0.0000	0.0000	0.0000	0.0000	0.0000	0.0000	0.0000	0.0000	0.0000	0.0005	0.0008	0.0000	0.0009	0.0010	0.0000	0.0003	0.0006	0.0000		
9	95	0.1798	16	1	0	1	0	0	0	0	0	N	N	N	N	N	N	N	N	N	N	N	N	0.0000	0.0000	0.0000	0.0000	0.0000	0.0000	0.0000	0.0000	0.0000	0.0000	0.0000	0.0000	0.0000	0.0000	0.0000	0.0000	0.0000	0.0000	0.0000	0.0000	0.0000	0.0000	0.0000	0.0000	0.0000	9.3295	0.0000	0.0000	1.0003	0.8596	3.8877	1.2300	0.0000	0.0000	0.0000	0.0000	0.0000	0.0000	0.0000	0.0000	0.0000	0.0000	0.0000	0.0000	0.0000	0.0000	0.0000	0.0000	0.0000	0.0000	0.0065	0.0057	0.0008	0.0015	0.0014	0.0001	0.0050	0.0042	0.0008	0.0246	0.0169	0.0078	0.0102	0.0098	0.0004	0.0145	0.0071	0.0074	0.0000	0.0000	0.0000	0.0000	0.0000	0.0000	0.0000	0.0000	0.0000	0.0000	0.0000	0.0000	0.0000	0.0000	0.0000	0.0000	0.0000	0.0000			
9	96	0.1680	15	1	0	1	0	0	0	0	0	N	N	N	N	N	N	N	N	N	N	N	N	0.0000	0.0000	0.0000	0.0000	0.0000	0.0000	0.0000	0.0000	0.0000	0.0000	0.0000	0.0000	0.0000	0.0000	0.0000	0.0000	0.0000	0.0002	0.0000	0.0005	0.0000	0.0000	0.0002	0.0003	0.0000	0.0005	491.8372	0.0000	0.0000	1.0003	3.7737	3.8877	2.5241	0.0000	0.0000	0.0000	0.0000	0.0000	0.0000	0.0000	0.0000	0.0000	0.0000	0.0000	0.0000	0.0000	0.0000	0.0000	0.0000	0.0000	0.0000	0.0364	0.0323	0.0041	0.0111	0.0106	0.0005	0.0253	0.0217	0.0036	0.0572	0.0371	0.0200	0.0222	0.0210	0.0012	0.0350	0.0161	0.0188	0.0000	0.0000	0.0000	0.0000	0.0000	0.0000	0.0000	0.0000	0.0000	0.0002	0.0000	0.0005	0.0000	0.0000	0.0002	0.0003	0.0000	0.0005		
9	97	0.1471	14	1	0	1	0	0	0	0	0	N	N	N	N	N	N	N	N	N	N	N	N	0.0000	0.0000	0.0000	0.0000	0.0000	0.0000	0.0000	0.0000	0.0000	0.0000	0.0000	0.0000	0.0000	0.0000	0.0000	0.0000	0.0204	0.0004	0.0526	0.0010	0.0011	0.0000	0.0279	0.0000	0.0554	74.2771	0.0000	0.0007	1.0003	6.4922	3.8877	4.5502	0.0000	0.0000	0.0000	0.0000	0.0000	0.0000	0.0000	0.0000	0.0000	0.0015	0.0000	0.0015	0.0000	0.0000	0.0000	0.0015	0.0000	0.0015	0.0453	0.0395	0.0058	0.0082	0.0078	0.0004	0.0371	0.0317	0.0053	0.0742	0.0457	0.0285	0.0205	0.0191	0.0014	0.0537	0.0266	0.0270	0.0000	0.0000	0.0000	0.0000	0.0000	0.0000	0.0000	0.0000	0.0000	0.0204	0.0004	0.0526	0.0010	0.0011	0.0000	0.0279	0.0000	0.0554			
9	98	0.0937	11	1	1	1	0	0	0	0	0	N	N	N	N	N	N	N	N	N	N	N	N	0.0000	0.0000	0.0000	0.0000	0.0000	0.0000	0.0000	0.0000	0.0000	0.0000	0.0000	0.0000	0.0000	0.0000	0.0000	0.0000	0.0005	0.0002	0.0008	0.0006	0.0006	0.0000	0.0004	0.0000	0.0009	3.0014	0.0000	0.0000	1.0003	1.3608	3.8877	12.1483	0.0000	0.0000	0.0000	0.0000	0.0000	0.0000	0.0000	0.0000	0.0000	0.0000	0.0000	0.0000	0.0000	0.0000	0.0000	0.0000	0.0000	0.0000	0.0113	0.0100	0.0013	0.0031	0.0029	0.0002	0.0083	0.0071	0.0012	0.0852	0.0491	0.0361	0.0176	0.0166	0.0011	0.0676	0.0326	0.0350	0.0000	0.0000	0.0000	0.0000	0.0000	0.0000	0.0000	0.0000	0.0000	0.0005	0.0002	0.0008	0.0006	0.0006	0.0000	0.0004	0.0000	0.0009			
9	99	0.0900	10	1	0	1	0	0	0	0	0	N	N	N	N	N	N	N	N	N	N	N	N	0.0000	0.0000	0.0000	0.0000	0.0000	0.0000	0.0000	0.0000	0.0000	0.0000	0.0000	0.0000	0.0000	0.0000	0.0000	0.0000	0.0004	0.0000	0.0009	0.0000	0.0000	0.0000	0.0006	0.0000	0.0009	721.9074	0.0000	0.0000	1.0003	1.5300	3.8877	0.7696	0.0000	0.0000	0.0000	0.0000	0.0000	0.0000	0.0000	0.0000	0.0000	0.0000	0.0000	0.0000	0.0000	0.0000	0.0000	0.0000	0.0000	0.0000	0.0127	0.0110	0.0017	0.0026	0.0024	0.0002	0.0100	0.0085	0.0015	0.0266	0.0151	0.0114	0.0088	0.0086	0.0002	0.0178	0.0065	0.0113	0.0000	0.0000	0.0000	0.0000	0.0000	0.0000	0.0000	0.0000	0.0000	0.0004	0.0000	0.0009	0.0000	0.0000	0.0000	0.0006	0.0000	0.0009			
9	100	0.0812	9	1	0	1	0	0	0	0	0	N	N	N	N	N	N	N	N	N	N	N	N	0.0000	0.0000	0.0000	0.0000	0.0000	0.0000	0.0000	0.0000	0.0000	0.0000	0.0000	0.0000	0.0000	0.0000	0.0000	0.0000	0.0000	0.0000	0.0000	0.0000	0.0000	0.0000	0.0000	0.0000	0.0000	3.1016	0.0000	0.0000	1.0003	3.6906	3.8877	1.4800	0.0000	0.0000	0.0000	0.0000	0.0000	0.0000	0.0000	0.0000	0.0000	0.0000	0.0000	0.0000	0.0000	0.0000	0.0000	0.0000	0.0000	0.0000	0.0254	0.0221	0.0033	0.0026	0.0025	0.0001	0.0228	0.0196	0.0032	0.0470	0.0262	0.0208	0.0135	0.0130	0.0005	0.0335	0.0132	0.0203	0.0000	0.0000	0.0000	0.0000	0.0000	0.0000	0.0000	0.0000	0.0000	0.0000	0.0000	0.0000	0.0000	0.0000	0.0000	0.0000	0.0000	0.0000			
9	101	0.0812	8	1	0	1	0	0	0	0	0	N	N	N	N	N	N	N	N	N	N	N	N	0.0000	0.0000	0.0000	0.0000	0.0000	0.0000	0.0000	0.0000	0.0000	0.0000	0.0000	0.0000	0.0000	0.0000	0.0000	0.0000	0.0000	0.0000	0.0000	0.0000	0.0000	0.0000	0.0000	0.0000	0.0000	0.0000	0.4104	0.0000	-0.0000	1.0003	0.1361	3.8877	0.4500	0.0000	0.0000	0.0000	0.0000	0.0000	0.0000	0.0000	0.0000	0.0000	0.0000	0.0000	0.0000	0.0000	0.0000	0.0000	0.0000	0.0000	0.0000	0.0016	0.0014	0.0002	0.0004	0.0004	0.0000	0.0012	0.0010	0.0002	0.0189	0.0101	0.0088	0.0083	0.0082	0.0001	0.0106	0.0019	0.0087	0.0000	0.0000	0.0000	0.0000	0.0000	0.0000	0.0000	0.0000	0.0000	0.0000	0.0000	0.0000	0.0000	0.0000	0.0000	0.0000	0.0000	0.0000		
9	102	0.0653	7	1	0	1	0	0	0	0	0	N	N	N	N	N	N	N	N	N	N	N	N	0.0000	0.0000	0.0000	0.0000	0.0000	0.0000	0.0000	0.0000	0.0000	0.0000	0.0000	0.0000	0.0000	0.0000	0.0000	0.0000	0.0000	0.0003	0.0005	0.0000	0.0010	0.0010	0.0000	0.0000	0.0000	0.0000	0.0006	0.0000	-0.0000	1.0003	3.5591	3.8877	4.5341	0.0000	0.0000	0.0000	0.0000	0.0000	0.0000	0.0000	0.0000	0.0000	0.0000	0.0000	0.0000	0.0000	0.0000	0.0000	0.0000	0.0000	0.0000	0.0327	0.0292	0.0034	0.0090	0.0088	0.0002	0.0237	0.0204	0.0033	0.0723	0.0405	0.0319	0.0200	0.0192	0.0008	0.0524	0.0213	0.0311	0.0000	0.0000	0.0000	0.0000	0.0000	0.0000	0.0000	0.0000	0.0000	0.0003	0.0005	0.0000	0.0010	0.0010	0.0000	0.0000	0.0000	0.0000		
9	104	0.2020	16	1	1	1	0	0	0	0	0	N	N	N	N	N	N	N	N	N	N	N	N	0.0000	0.0000	0.0000	0.0000	0.0000	0.0000	0.0000	0.0000	0.0000	0.0000	0.0000	0.0000	0.0000	0.0000	0.0000	0.0000	0.0000	49.1247	0.0007	413.7295	0.1548	0.0013	4.8741	88.0665	0.0000	516.9205	89311.9349	0.0000	0.4081	1.0003	0.0277	3.8877	1.3445	0.0000	0.0000	0.0000	0.0000	0.0000	0.0000	0.0000	0.0000	0.0000	0.8930	0.0000	0.8929	0.0012	0.0000	0.0012	0.8917	0.0000	0.8917	0.0003	0.0003	0.0000	0.0001	0.0001	0.0000	0.0002	0.0002	0.0000	0.0182	0.0140	0.0042	0.0081	0.0075	0.0005	0.0101	0.0065	0.0037	0.0000	0.0000	0.0000	0.0000	0.0000	0.0000	0.0000	0.0000	0.0000	49.1247	0.0007	214.3464	0.1548	0.0013	2.4601	88.0665	0.0000	243.4070		
9	105	0.1553	15	1	1	1	0	0	0	0	0	N	N	N	N	N	N	N	N	N	N	N	N	0.0000	0.0000	0.0000	0.0000	0.0000	0.0000	0.0000	0.0000	0.0000	0.0000	0.0000	0.0000	0.0000	0.0000	0.0000	0.0000	0.0000	0.0000	0.8831	0.0189	2.2908	0.0070	0.0073	0.0030	1.2116	0.0266	2.4395	74.5349	0.0000	0.0480	1.0003	5.1414	3.8877	16.4151	0.0000	0.0000	0.0000	0.0000	0.0000	0.0000	0.0000	0.0000	0.0000	0.1083	0.0014	0.1068	0.0002	0.0002	0.0000	0.1080	0.0012	0.1068	0.0370	0.0325	0.0045	0.0084	0.0081	0.0004	0.0286	0.0244	0.0042	0.1226	0.0760	0.0466	0.0334	0.0306	0.0028	0.0892	0.0454	0.0438	0.0000	0.0000	0.0000	0.0000	0.0000	0.0000	0.0000	0.0000	0.0000	0.8831	0.0189	2.2908	0.0070	0.0073	0.0030	1.2116	0.0266	2.4395	
9	106	0.1471	14	1	0	1	0	0	0	0	0	N	N	N	N	N	N	N	N	N	N	N	N	0.0000	0.0000	0.0000	0.0000	0.0000	0.0000	0.0000	0.0000	0.0000	0.0000	0.0000	0.0000	0.0000	0.0000	0.0000	0.0000	0.0000	0.0000	0.0473	0.0143	0.1041	0.0257	0.0272	0.0000	0.0569	0.0033	0.1092	4.2289	0.0000	0.0006	1.0003	3.8974	3.8877	1.6364	0.0000	0.0000	0.0000	0.0000	0.0000	0.0000	0.0000	0.0000	0.0000	0.0021	0.0004	0.0017	0.0003	0.0003	0.0000	0.0017	0.0000	0.0017	0.0282	0.0246	0.0036	0.0053	0.0051	0.0003	0.0228	0.0195	0.0033	0.0441	0.0279	0.0162	0.0136	0.0128	0.0007	0.0305	0.0151	0.0155	0.0000	0.0000	0.0000	0.0000	0.0000	0.0000	0.0000	0.0000	0.0000	0.0473	0.0143	0.1041	0.0257	0.0272	0.0000	0.0569	0.0033	0.1092	
9	107	0.1261	13	1	0	1	0	0	0	0	0	N	N	N	N	N	N	N	N	N	N	N	N	0.0000	0.0000	0.0000	0.0000	0.0000	0.0000	0.0000	0.0000	0.0000	0.0000	0.0000	0.0000	0.0000	0.0000	0.0000	0.0000	0.0000	1.3862	0.0313	3.5101	0.0666	0.0708	0.0000	1.9124	0.0004	3.6700	71.4767	0.0000	0.0440	1.0003	0.3701	3.8877	9.6236	0.0000	0.0000	0.0000	0.0000	0.0000	0.0000	0.0000	0.0000	0.0000	0.0993	0.0014	0.0979	0.0014	0.0014	0.0000	0.0980	0.0000	0.0979	0.0071	0.0064	0.0007	0.0027	0.0027	0.0000	0.0044	0.0037	0.0006	0.0716	0.0437	0.0279	0.0204	0.0192	0.0012	0.0512	0.0245	0.0267	0.0000	0.0000	0.0000	0.0000	0.0000	0.0000	0.0000	0.0000	0.0000	1.3862	0.0313	3.5101	0.0666	0.0708	0.0000	1.9124	0.0004	3.6700		
9	108	0.1156	12	1	0	1	0	0	0	0	0	N	N	N	N	N	N	N	N	N	N	N	N	0.0000	0.0000	0.0000	0.0000	0.0000	0.0000	0.0000	0.0000	0.0000	0.0000	0.0000	0.0000	0.0000	0.0000	0.0000	0.0000	0.0000	25.5983	0.0028	149.2223	0.0058	0.0062	0.0000	33.7538	0.0008	149.6420	15237.2426	0.0000	0.4112	1.0003	0.4415	3.8877	4.8853	0.0000	0.0000	0.0000	0.0000	0.0000	0.0000	0.0000	0.0000	0.0000	0.8998	0.0001	0.8997	0.0000	0.0000	0.0000	0.8997	0.0000	0.8997	0.0076	0.0069	0.0007	0.0028	0.0028	0.0000	0.0048	0.0041	0.0007	0.0351	0.0209	0.0142	0.0085	0.0079	0.0006	0.0267	0.0130	0.0137	0.0000	0.0000	0.0000	0.0000	0.0000	0.0000	0.0000	0.0000	0.0000	25.5983	0.0028	63.2744	0.0058	0.0062	0.0000	33.7538	0.0008	65.8816		
9	109	0.1380	11	2	1	1	1	0	0	0	0	Y	N	N	N	N	N	N	N	N	N	N	N	0.0000	0.0000	0.0000	0.0000	0.0000	0.0000	0.0000	0.0000	0.0000	0.0000	0.0000	0.0000	0.0000	0.0000	0.0000	0.0000	0.0000	0.0000	0.0000	0.0000	1.0003	0.0000	3.8877	0.0000	0.0000	0.0000	0.0000	0.0000	0.0000	0.0000	0.0000	0.0000	0.0000	0.0000	0.0000	0.0000	0.0000	0.0000	0.0000	0.0000	0.0000	0.0000	0.0000	0.0000	0.0000	0.0000	0.0000	0.0000	0.0000	0.0000	0.0000	0.0000	0.0000	0.0000	0.0000	0.0000	0.0000	0.0000	0.0000	0.0000	0.0000	0.0000	0.0000	0.0000	0.0000	0.0000	0.0000	0.0000	0.0000	0.0000	0.0000	0.0000	0.0000	0.0000	0.0000	0.0000	0.0000	0.0000											
9	110	0.1230	10	2	1	1	1	0	0	0	0	Y	N	N	N	N	N	N	N	N	N	N	N	0.0000	0.0000	0.0000	0.0000	0.0000	0.0000	0.0000	0.0000	0.0000	0.0000	0.0000	0.0000	0.0000	0.0000	0.0000	21.9170	36.6020	0.0000	0.0024	0.0027	0.0000	30.0202	61.0820	0.0000	0.0000	0.0000	-0.5414	1.0003	0.0000	3.8877	7.1240	0.0000	0.0000	0.0000	0.0000	0.0000	0.0000	0.0000	0.0000	0.0000	0.9971	0.9971	0.0000	0.0000	0.0000	0.0000	0.9970	0.9970	0.0000	0.0000	0.0000	0.0000	0.0000	0.0000	0.0000	0.0000	0.0000	0.0000	0.0455	0.0272	0.0183	0.0123	0.0109	0.0014	0.0332	0.0163	0.0169	0.0000	0.0000	0.0000	0.0000	0.0000	0.0000	0.0000	0.0000	0.0000	21.9170	36.6020	0.0000	0.0024	0.0027	0.0000	30.0202	61.0820	0.0000				
9	111	0.1320	12	1	1	1	1	0	0	0	0	N	N	N	N	N	N	N	N	N	N	N	N	0.0000	0.0000	0.0000	0.0000	0.0000	0.0000	0.0000	0.0000	0.0000	0.0000	0.0000	0.0000	0.0000	0.0000	0.0000	0.1006	0.0000	0.2551	0.0118	0.0000	0.0804	0.1387	0.0000	0.2770	inf	0.0000	0.0014	1.0003	0.0016	3.8877	5.0076	0.0000	0.0000	0.0000	0.0000	0.0000	0.0000	0.0000	0.0000	0.0000	0.0031	0.0000	0.0031	0.0001	0.0000	0.0001	0.0030	0.0000	0.0030	0.0000	0.0000	0.0000	0.0000	0.0000	0.0000	0.0000	0.0000	0.0000	0.0311	0.0188	0.0123	0.0093	0.0080	0.0014	0.0218	0.0109	0.0109	0.0000	0.0000	0.0000	0.0000	0.0000	0.0000	0.0000	0.0000	0.0000	0.1006	0.0000	0.2551	0.0118	0.0000	0.0804	0.1387	0.0000	0.2770				
9	112	0.1252	11	1	1	1	1	0	0	0	0	N	N	N	N	N	N	N	N	N	N	N	N	0.0000	0.0000	0.0000	0.0000	0.0000	0.0000	0.0000	0.0000	0.0000	0.0000	0.0000	0.0000	0.0000	0.0000	0.0000	0.0000	0.0000	0.0000	45.3242	0.0083	243.1207	0.0045	0.0000	0.0401	65.2472	0.0151	266.9338	9062.4463	0.0000	0.4553	1.0003	1.0012	3.8877	2.1373	0.0000	0.0000	0.0000	0.0000	0.0000	0.0000	0.0000	0.0000	0.0000	0.9964	0.0001	0.9963	0.0000	0.0000	0.0000	0.9964	0.0001	0.9963	0.0068	0.0059	0.0008	0.0013	0.0013	0.0001	0.0055	0.0047	0.0008	0.0220	0.0133	0.0087	0.0067	0.0060	0.0007	0.0153	0.0073	0.0080	0.0000	0.0000	0.0000	0.0000	0.0000	0.0000	0.0000	0.0000	0.0000	45.3242	0.0083	114.2620	0.0045	0.0000	0.0401	65.2472	0.0151	124.9364	
9	113	0.1335	11	1	1	1	0	0	0	0	0	N	N	N	N	N	N	N	N	N	N	N	N	0.0000	0.0000	0.0000	0.0000	0.0000	0.0000	0.0000	0.0000	0.0000	0.0000	0.0000	0.0000	0.0000	0.0003	0.0005	0.0000	0.0010	0.0011	0.0000	0.0000	0.0000	0.0000	0.0000	0.0000	-0.0000	1.0003	0.9705	3.8877	5.0371	0.0000	0.0000	0.0000	0.0000	0.0000	0.0000	0.0000	0.0000	0.0000	0.0000	0.0000	0.0000	0.0000	0.0000	0.0000	0.0000	0.0000	0.0000	0.0078	0.0069	0.0009	0.0021	0.0020	0.0001	0.0057	0.0049	0.0008	0.0361	0.0220	0.0141	0.0104	0.0092	0.0012	0.0257	0.0128	0.0129	0.0000	0.0000	0.0000	0.0000	0.0000	0.0000	0.0000	0.0000	0.0000	0.0003	0.0005	0.0000	0.0010	0.0011	0.0000	0.0000	0.0000	0.0000						
9	114	0.1252	11	1	0	2	1	0	0	0	0	N	N	Y	N	N	N	N	N	N	N	N	N	0.0000	0.0000	0.0000	0.0000	0.0000	0.0000	0.0000	0.0000	0.0000	0.0000	0.0000	0.0000	0.0000	0.0000	0.0000	0.0000	0.0000	0.0000	0.0000	0.0000	1.0003	0.0000	3.8877	1.1303	0.0000	0.0000	0.0000	0.0000	0.0000	0.0000	0.0000	0.0000	0.0000	0.0000	0.0000	0.0000	0.0000	0.0000	0.0000	0.0000	0.0000	0.0000	0.0000	0.0000	0.0000	0.0000	0.0000	0.0000	0.0000	0.0000	0.0000	0.0097	0.0059	0.0038	0.0033	0.0030	0.0003	0.0064	0.0029	0.0035	0.0000	0.0000	0.0000	0.0000	0.0000	0.0000	0.0000	0.0000	0.0000	0.0000	0.0000	0.0000	0.0000	0.0000	0.0000	0.0000	0.0000	0.0000											
9	115	0.1230	10	1	0	1	1	0	0	0	0	N	N	N	N	N	N	N	N	N	N	N	N	0.0000	0.0000	0.0000	0.0000	0.0000	0.0000	0.0000	0.0000	0.0000	0.0000	0.0000	0.0000	0.0000	0.0000	0.0000	0.2271	0.3736	0.0000	0.7021	0.7569	0.0000	0.0000	0.0000	0.0000	0.0000	0.0000	-0.0013	1.0003	0.0000	3.8877	1.2340	0.0000	0.0000	0.0000	0.0000	0.0000	0.0000	0.0000	0.0000	0.0000	0.0024	0.0024	0.0000	0.0024	0.0024	0.0000	0.0000	0.0000	0.0000	0.0000	0.0000	0.0000	0.0000	0.0000	0.0000	0.0000	0.0000	0.0000	0.0105	0.0064	0.0041	0.0034	0.0031	0.0002	0.0071	0.0032	0.0039	0.0000	0.0000	0.0000	0.0000	0.0000	0.0000	0.0000	0.0000	0.0000	0.2271	0.3736	0.0000	0.7021	0.7569	0.0000	0.0000	0.0000	0.0000				
9	116	0.1306	11	1	0	2	1	0	0	0	0	N	N	Y	N	N	N	N	N	N	N	N	N	0.0000	0.0000	0.0000	0.0000	0.0000	0.0000	0.0000	0.0000	0.0000	0.0000	0.0000	0.0000	0.0000	0.0000	0.0000	0.0000	0.0000	0.2597	0.4187	0.0000	0.0027	0.0031	0.0000	0.3641	0.7392	0.0000	0.0000	0.0000	-0.0018	1.0003	0.9725	3.8877	0.9874	0.0000	0.0000	0.0000	0.0000	0.0000	0.0000	0.0000	0.0000	0.0000	0.0033	0.0033	0.0000	0.0000	0.0000	0.0000	0.0033	0.0033	0.0000	0.0073	0.0065	0.0009	0.0018	0.0017	0.0001	0.0056	0.0048	0.0008	0.0127	0.0079	0.0048	0.0037	0.0032	0.0004	0.0090	0.0046	0.0044	0.0000	0.0000	0.0000	0.0000	0.0000	0.0000	0.0000	0.0000	0.0000	0.2597	0.4187	0.0000	0.0027	0.0031	0.0000	0.3641	0.7105	0.0000		
9	117	0.1306	11	1	0	2	1	0	0	0	0	N	N	Y	N	N	N	N	N	N	N	N	N	0.0000	0.0000	0.0000	0.0000	0.0000	0.0000	0.0000	0.0000	0.0000	0.0000	0.0000	0.0000	0.0000	0.0000	0.0000	0.1313	0.2144	0.0000	0.0028	0.0032	0.0000	0.1817	0.3691	0.0000	0.0000	0.0000	-0.0018	1.0003	0.0285	3.8877	4.0215	0.0000	0.0000	0.0000	0.0000	0.0000	0.0000	0.0000	0.0000	0.0000	0.0033	0.0033	0.0000	0.0000	0.0000	0.0000	0.0033	0.0033	0.0000	0.0008	0.0007	0.0001	0.0003	0.0003	0.0000	0.0004	0.0004	0.0001	0.0252	0.0154	0.0098	0.0071	0.0062	0.0009	0.0181	0.0092	0.0089	0.0000	0.0000	0.0000	0.0000	0.0000	0.0000	0.0000	0.0000	0.0000	0.1313	0.2144	0.0000	0.0028	0.0032	0.0000	0.1817	0.3576	0.0000				
9	118	0.1230	10	1	0	2	1	0	0	0	0	N	N	Y	N	N	N	N	N	N	N	N	N	0.0000	0.0000	0.0000	0.0000	0.0000	0.0000	0.0000	0.0000	0.0000	0.0000	0.0000	0.0000	0.0000	0.0000	0.0000	29.0985	48.5295	0.0000	0.0040	0.0045	0.0000	40.1607	82.3152	0.0000	0.0000	0.0000	-0.5396	1.0003	3.0275	3.8877	2.1573	0.0000	0.0000	0.0000	0.0000	0.0000	0.0000	0.0000	0.0000	0.0000	0.9938	0.9938	0.0000	0.0000	0.0000	0.0000	0.9938	0.9938	0.0000	0.0204	0.0178	0.0025	0.0039	0.0037	0.0002	0.0164	0.0141	0.0023	0.0342	0.0205	0.0137	0.0094	0.0084	0.0010	0.0247	0.0121	0.0127	0.0000	0.0000	0.0000	0.0000	0.0000	0.0000	0.0000	0.0000	0.0000	29.0985	48.5295	0.0000	0.0040	0.0045	0.0000	40.1607	82.3152	0.0000				
9	119	0.1643	10	2	1	1	0	0	0	0	0	Y	N	N	N	N	N	N	N	N	N	N	N	0.0000	0.0000	0.0000	0.0000	0.0000	0.0000	0.0000	0.0000	0.0000	0.0000	0.0000	0.0000	0.0000	0.0281	0.0000	0.0775	0.0000	0.0000	0.0000	0.0408	0.0000	0.0821	inf	0.0000	0.0005	1.0003	2.1883	3.8877	3.1271	0.0000	0.0000	0.0000	0.0000	0.0000	0.0000	0.0000	0.0000	0.0000	0.0010	0.0000	0.0010	0.0000	0.0000	0.0000	0.0010	0.0000	0.0010	0.0181	0.0162	0.0020	0.0045	0.0043	0.0002	0.0137	0.0119	0.0018	0.0366	0.0233	0.0133	0.0114	0.0106	0.0007	0.0252	0.0127	0.0125	0.0000	0.0000	0.0000	0.0000	0.0000	0.0000	0.0000	0.0000	0.0000	0.0281	0.0000	0.0775	0.0000	0.0000	0.0000	0.0408	0.0000	0.0821						
9	120	0.0973	9	2	1	1	0	0	0	0	0	Y	N	N	N	N	N	N	N	N	N	N	N	0.0000	0.0000	0.0000	0.0000	0.0000	0.0000	0.0000	0.0000	0.0000	0.0000	0.0000	0.0000	0.0000	0.0000	0.0000	0.0000	5.9349	0.0000	14.5049	0.0000	0.0000	0.0000	7.5771	0.0000	15.1971	33458478.2728	0.0000	0.4558	1.0003	13.6104	3.8877	16.0982	0.0000	0.0000	0.0000	0.0000	0.0000	0.0000	0.0000	0.0000	0.0000	0.9972	0.0000	0.9972	0.0000	0.0000	0.0000	0.9972	0.0000	0.9972	0.0936	0.0820	0.0116	0.0167	0.0160	0.0007	0.0769	0.0660	0.0108	0.1680	0.0993	0.0688	0.0364	0.0333	0.0031	0.1316	0.0660	0.0656	0.0000	0.0000	0.0000	0.0000	0.0000	0.0000	0.0000	0.0000	0.0000	5.9349	0.0000	14.5049	0.0000	0.0000	0.0000	7.5771	0.0000	15.1971			
9	121	0.1019	9	1	1	1	0	0	0	0	0	N	N	N	N	N	N	N	N	N	N	N	N	0.0000	0.0000	0.0000	0.0000	0.0000	0.0000	0.0000	0.0000	0.0000	0.0000	0.0000	0.0000	0.0000	0.0000	0.0000	0.0000	0.0000	0.0038	0.0057	0.0000	0.0100	0.0104	0.0000	0.0000	0.0000	0.0000	0.0000	0.0000	-0.0001	1.0003	0.3548	3.8877	4.6068	0.0000	0.0000	0.0000	0.0000	0.0000	0.0000	0.0000	0.0000	0.0000	0.0002	0.0002	0.0000	0.0002	0.0002	0.0000	0.0000	0.0000	0.0000	0.0084	0.0076	0.0008	0.0035	0.0035	0.0000	0.0049	0.0042	0.0008	0.0630	0.0424	0.0207	0.0240	0.0230	0.0010	0.0391	0.0194	0.0197	0.0000	0.0000	0.0000	0.0000	0.0000	0.0000	0.0000	0.0000	0.0000	0.0038	0.0057	0.0000	0.0100	0.0104	0.0000	0.0000	0.0000	0.0000		
9	122	0.0870	8	1	1	1	0	0	0	0	0	N	N	N	N	N	N	N	N	N	N	N	N	0.0000	0.0000	0.0000	0.0000	0.0000	0.0000	0.0000	0.0000	0.0000	0.0000	0.0000	0.0000	0.0000	0.0000	0.0000	0.0000	0.0000	0.0051	0.0004	0.0119	0.0009	0.0010	0.0000	0.0064	0.0000	0.0124	23.5868	0.0000	0.0001	1.0003	1.6911	3.8877	5.7022	0.0000	0.0000	0.0000	0.0000	0.0000	0.0000	0.0000	0.0000	0.0000	0.0002	0.0000	0.0002	0.0000	0.0000	0.0000	0.0002	0.0000	0.0002	0.0164	0.0145	0.0019	0.0042	0.0041	0.0001	0.0122	0.0104	0.0018	0.0490	0.0288	0.0202	0.0114	0.0105	0.0009	0.0377	0.0183	0.0193	0.0000	0.0000	0.0000	0.0000	0.0000	0.0000	0.0000	0.0000	0.0000	0.0051	0.0004	0.0119	0.0009	0.0010	0.0000	0.0064	0.0000	0.0124		
9	124	0.1381	12	2	1	1	0	0	0	0	0	Y	N	N	N	N	N	N	N	N	N	N	N	0.0000	0.0000	0.0000	0.0000	0.0000	0.0000	0.0000	0.0000	0.0000	0.0000	0.0000	0.0000	0.0000	0.0000	0.0000	0.0000	0.0000	0.0000	0.0000	0.0000	1.0003	0.0000	3.8877	0.0000	0.0000	0.0000	0.0000	0.0000	0.0000	0.0000	0.0000	0.0000	0.0000	0.0000	0.0000	0.0000	0.0000	0.0000	0.0000	0.0000	0.0000	0.0000	0.0000	0.0000	0.0000	0.0000	0.0000	0.0000	0.0000	0.0000	0.0000	0.0000	0.0000	0.0000	0.0000	0.0000	0.0000	0.0000	0.0000	0.0000	0.0000	0.0000	0.0000	0.0000	0.0000	0.0000	0.0000	0.0000	0.0000	0.0000	0.0000	0.0000	0.0000	0.0000	0.0000	0.0000	0.0000	0.0000											
9	125	0.1335	11	2	1	1	0	0	0	0	0	Y	N	N	N	N	N	N	N	N	N	N	N	0.0000	0.0000	0.0000	0.0000	0.0000	0.0000	0.0000	0.0000	0.0000	0.0000	0.0000	0.0000	0.0000	0.0007	0.0011	0.0000	0.0023	0.0026	0.0000	0.0000	0.0000	0.0000	0.0000	0.0000	-0.0000	1.0003	0.1434	3.8877	1.9839	0.0000	0.0000	0.0000	0.0000	0.0000	0.0000	0.0000	0.0000	0.0000	0.0000	0.0000	0.0000	0.0000	0.0000	0.0000	0.0000	0.0000	0.0000	0.0022	0.0020	0.0002	0.0009	0.0009	0.0000	0.0013	0.0011	0.0002	0.0141	0.0087	0.0053	0.0043	0.0039	0.0004	0.0098	0.0049	0.0049	0.0000	0.0000	0.0000	0.0000	0.0000	0.0000	0.0000	0.0000	0.0000	0.0007	0.0011	0.0000	0.0023	0.0026	0.0000	0.0000	0.0000	0.0000						
9	126	0.1230	10	1	1	1	0	0	0	0	0	N	N	N	N	N	N	N	N	N	N	N	N	0.0000	0.0000	0.0000	0.0000	0.0000	0.0000	0.0000	0.0000	0.0000	0.0000	0.0000	0.0000	0.0000	0.0000	0.0000	0.0000	0.0000	0.0749	0.1249	0.0000	0.2693	0.3010	0.0000	0.0004	0.0009	0.0000	0.0000	0.0000	-0.0013	1.0003	1.8882	3.8877	2.9115	0.0000	0.0000	0.0000	0.0000	0.0000	0.0000	0.0000	0.0000	0.0000	0.0024	0.0024	0.0000	0.0024	0.0024	0.0000	0.0000	0.0000	0.0000	0.0128	0.0112	0.0016	0.0025	0.0023	0.0001	0.0103	0.0088	0.0015	0.0319	0.0191	0.0128	0.0088	0.0079	0.0009	0.0230	0.0112	0.0118	0.0000	0.0000	0.0000	0.0000	0.0000	0.0000	0.0000	0.0000	0.0000	0.0749	0.1249	0.0000	0.2693	0.3010	0.0000	0.0004	0.0009	0.0000		
9	127	0.0973	9	1	0	1	0	0	0	0	0	N	N	N	N	N	N	N	N	N	N	N	N	0.0000	0.0000	0.0000	0.0000	0.0000	0.0000	0.0000	0.0000	0.0000	0.0000	0.0000	0.0000	0.0000	0.0000	0.0000	0.0309	0.0522	0.0000	0.0012	0.0013	0.0000	0.0394	0.0792	0.0000	0.0000	0.0000	-0.0013	1.0003	3.5543	3.8877	9.0319	0.0000	0.0000	0.0000	0.0000	0.0000	0.0000	0.0000	0.0000	0.0000	0.0024	0.0024	0.0000	0.0000	0.0000	0.0000	0.0024	0.0024	0.0000	0.0304	0.0268	0.0035	0.0070	0.0068	0.0002	0.0234	0.0200	0.0033	0.0777	0.0459	0.0318	0.0173	0.0159	0.0014	0.0604	0.0300	0.0303	0.0000	0.0000	0.0000	0.0000	0.0000	0.0000	0.0000	0.0000	0.0000	0.0309	0.0522	0.0000	0.0012	0.0013	0.0000	0.0394	0.0792	0.0000				
10	11	0.1443	14	1	0	2	0	0	0	0	0	N	N	Y	N	N	N	N	N	N	N	N	N	0.0000	0.0000	0.0000	0.0000	0.0000	0.0000	0.0000	0.0000	0.0000	0.0000	0.0000	0.0000	0.0000	0.0000	0.0000	0.0000	0.0000	0.0006	0.0009	0.0001	0.0021	0.0023	0.0000	0.0000	0.0000	0.0001	0.0600	0.0000	-0.0000	0.0008	4.1301	1.2348	9.5352	0.0000	0.0000	0.0000	0.0000	0.0000	0.0000	0.0000	0.0000	0.0000	0.0000	0.0000	0.0000	0.0000	0.0000	0.0000	0.0000	0.0000	0.0000	0.0000	0.0000	0.0000	0.0000	0.0000	0.0000	0.0000	0.0000	0.0000	0.0190	0.0114	0.0076	0.0047	0.0043	0.0004	0.0143	0.0071	0.0072	0.0000	0.0000	0.0000	0.0000	0.0000	0.0000	0.0000	0.0000	0.0000	0.0006	0.0009	0.0001	0.0021	0.0023	0.0000	0.0000	0.0000	0.0001		
10	12	0.0702	8	2	1	1	0	0	0	0	0	Y	N	N	N	N	N	N	N	N	N	N	N	0.0000	0.0000	0.0000	0.0000	0.0000	0.0000	0.0000	0.0000	0.0000	0.0000	0.0000	0.0000	0.0000	0.0000	0.0000	0.0000	0.0000	0.0000	0.0000	0.0000	0.0001	0.0001	0.0000	0.0000	0.0000	0.0000	0.0408	0.0000	-0.0000	0.0008	5.9431	1.2348	4.2945	0.0000	0.0000	0.0000	0.0000	0.0000	0.0000	0.0000	0.0000	0.0000	0.0000	0.0000	0.0000	0.0000	0.0000	0.0000	0.0000	0.0000	0.0000	0.0001	0.0000	0.0000	0.0000	0.0000	0.0000	0.0000	0.0000	0.0000	0.0183	0.0099	0.0084	0.0041	0.0039	0.0002	0.0142	0.0060	0.0082	0.0000	0.0000	0.0000	0.0000	0.0000	0.0000	0.0000	0.0000	0.0000	0.0000	0.0000	0.0000	0.0001	0.0001	0.0000	0.0000	0.0000	0.0000		
10	13	0.1142	10	1	0	2	1	0	0	0	0	N	N	Y	N	N	N	N	N	N	N	N	N	0.0000	0.0000	0.0000	0.0000	0.0000	0.0000	0.0000	0.0000	0.0000	0.0000	0.0000	0.0000	0.0000	0.0000	0.0000	0.0000	0.0000	0.0000	0.0000	0.0000	0.0008	0.0000	1.2348	3.8697	0.0000	0.0000	0.0000	0.0000	0.0000	0.0000	0.0000	0.0000	0.0000	0.0000	0.0000	0.0000	0.0000	0.0000	0.0000	0.0000	0.0000	0.0000	0.0000	0.0000	0.0000	0.0000	0.0000	0.0000	0.0000	0.0000	0.0000	0.0062	0.0036	0.0026	0.0017	0.0015	0.0002	0.0045	0.0021	0.0024	0.0000	0.0000	0.0000	0.0000	0.0000	0.0000	0.0000	0.0000	0.0000	0.0000	0.0000	0.0000	0.0000	0.0000	0.0000	0.0000	0.0000	0.0000											
10	14	0.0924	10	1	1	1	0	0	0	0	0	N	N	N	N	N	N	N	N	N	N	N	N	0.0000	0.0000	0.0000	0.0000	0.0000	0.0000	0.0000	0.0000	0.0000	0.0000	0.0000	0.0000	0.0000	0.0000	0.0000	0.0000	0.0001	0.0002	0.0000	0.0010	0.0011	0.0000	0.0000	0.0000	0.0000	0.0218	0.0000	-0.0000	0.0008	4.8103	1.2348	9.0653	0.0000	0.0000	0.0000	0.0000	0.0000	0.0000	0.0000	0.0000	0.0000	0.0000	0.0000	0.0000	0.0000	0.0000	0.0000	0.0000	0.0000	0.0000	0.0000	0.0000	0.0000	0.0000	0.0000	0.0000	0.0000	0.0000	0.0000	0.0181	0.0098	0.0084	0.0023	0.0021	0.0002	0.0158	0.0077	0.0081	0.0000	0.0000	0.0000	0.0000	0.0000	0.0000	0.0000	0.0000	0.0000	0.0001	0.0002	0.0000	0.0010	0.0011	0.0000	0.0000	0.0000	0.0000			
10	15	0.1142	10	1	0	1	1	0	0	0	0	N	N	N	N	N	N	N	N	N	N	N	N	0.0000	0.0000	0.0000	0.0000	0.0000	0.0000	0.0000	0.0000	0.0000	0.0000	0.0000	0.0000	0.0000	0.0000	0.0000	0.0000	0.0000	0.0000	0.0000	0.0000	0.0008	1.0000	1.2348	3.8697	0.0000	0.0000	0.0000	0.0000	0.0000	0.0000	0.0000	0.0000	0.0000	0.0000	0.0000	0.0000	0.0000	0.0000	0.0000	0.0000	0.0000	0.0000	0.0000	0.0000	0.0000	0.0000	0.0000	0.0000	0.0000	0.0000	0.0000	0.0076	0.0044	0.0032	0.0020	0.0018	0.0003	0.0055	0.0026	0.0029	0.0000	0.0000	0.0000	0.0000	0.0000	0.0000	0.0000	0.0000	0.0000	0.0000	0.0000	0.0000	0.0000	0.0000	0.0000	0.0000	0.0000	0.0000											
10	16	0.2330	20	1	1	1	1	0	0	0	0	N	N	N	N	N	N	N	N	N	N	N	N	0.0000	0.0000	0.0000	0.0000	0.0000	0.0000	0.0000	0.0000	0.0000	0.0000	0.0000	0.0000	0.0000	0.0000	0.0000	0.0000	0.0000	0.0000	0.0000	0.0000	0.0000	0.0000	0.0000	0.0000	0.0000	0.0614	0.0000	-0.0000	0.0008	0.0040	1.2348	5.7722	0.0000	0.0000	0.0000	0.0000	0.0000	0.0000	0.0000	0.0000	0.0000	0.0000	0.0000	0.0000	0.0000	0.0000	0.0000	0.0000	0.0000	0.0000	0.0000	0.0000	0.0000	0.0000	0.0000	0.0000	0.0000	0.0000	0.0000	0.0088	0.0056	0.0032	0.0025	0.0023	0.0002	0.0062	0.0032	0.0030	0.0000	0.0000	0.0000	0.0000	0.0000	0.0000	0.0000	0.0000	0.0000	0.0000	0.0000	0.0000	0.0000	0.0000	0.0000	0.0000	0.0000	0.0000			
10	17	0.1076	12	1	1	1	0	0	0	0	0	N	N	N	N	N	N	N	N	N	N	N	N	0.0000	0.0000	0.0000	0.0000	0.0000	0.0000	0.0000	0.0000	0.0000	0.0000	0.0000	0.0000	0.0000	0.0000	0.0000	0.0000	0.0000	0.1002	0.0038	0.2261	0.0127	0.0138	0.0003	0.1180	0.0000	0.2334	45.7264	0.0000	0.0006	0.0008	1.0133	1.2348	7.9669	0.0000	0.0000	0.0000	0.0000	0.0000	0.0000	0.0000	0.0000	0.0000	0.0013	0.0000	0.0013	0.0000	0.0000	0.0000	0.0013	0.0000	0.0013	0.0000	0.0000	0.0000	0.0000	0.0000	0.0000	0.0000	0.0000	0.0000	0.0130	0.0073	0.0056	0.0022	0.0020	0.0002	0.0108	0.0053	0.0054	0.0000	0.0000	0.0000	0.0000	0.0000	0.0000	0.0000	0.0000	0.0000	0.1002	0.0038	0.2261	0.0127	0.0138	0.0003	0.1180	0.0000	0.2334		
10	18	0.1210	11	1	1	1	1	0	0	0	0	N	N	N	N	N	N	N	N	N	N	N	N	0.0000	0.0000	0.0000	0.0000	0.0000	0.0000	0.0000	0.0000	0.0000	0.0000	0.0000	0.0000	0.0000	0.0000	0.0000	0.0000	0.0000	0.0000	0.0006	0.0001	0.0015	0.0001	0.0000	0.0005	0.0008	0.0001	0.0016	18.9798	0.0000	0.0000	0.0008	0.9988	1.2348	1.0036	0.0000	0.0000	0.0000	0.0000	0.0000	0.0000	0.0000	0.0000	0.0000	0.0000	0.0000	0.0000	0.0000	0.0000	0.0000	0.0000	0.0000	0.0000	0.0000	0.0000	0.0000	0.0000	0.0000	0.0000	0.0000	0.0000	0.0000	0.0030	0.0017	0.0012	0.0008	0.0007	0.0001	0.0021	0.0011	0.0011	0.0000	0.0000	0.0000	0.0000	0.0000	0.0000	0.0000	0.0000	0.0000	0.0006	0.0001	0.0015	0.0001	0.0000	0.0005	0.0008	0.0001	0.0016	
10	19	0.1222	11	2	1	1	0	0	0	0	0	Y	N	N	N	N	N	N	N	N	N	N	N	0.0000	0.0000	0.0000	0.0000	0.0000	0.0000	0.0000	0.0000	0.0000	0.0000	0.0000	0.0000	0.0000	0.0000	0.0000	0.0000	0.0000	0.0000	0.0838	0.1394	0.0034	0.0003	0.0003	0.0001	0.1018	0.1932	0.0035	0.0169	0.0000	-0.0003	0.0008	0.0025	1.2348	5.0336	0.0000	0.0000	0.0000	0.0000	0.0000	0.0000	0.0000	0.0000	0.0000	0.0006	0.0006	0.0000	0.0000	0.0000	0.0000	0.0006	0.0006	0.0000	0.0000	0.0000	0.0000	0.0000	0.0000	0.0000	0.0000	0.0000	0.0000	0.0071	0.0042	0.0029	0.0013	0.0012	0.0001	0.0059	0.0030	0.0028	0.0000	0.0000	0.0000	0.0000	0.0000	0.0000	0.0000	0.0000	0.0000	0.0838	0.1394	0.0034	0.0003	0.0003	0.0001	0.1018	0.1932	0.0035	
10	20	0.0909	8	1	1	1	0	0	0	0	0	N	N	N	N	N	N	N	N	N	N	N	N	0.0000	0.0000	0.0000	0.0000	0.0000	0.0000	0.0000	0.0000	0.0000	0.0000	0.0000	0.0000	0.0000	0.0000	0.0000	0.0000	0.0000	0.0000	0.0000	0.0000	0.0000	0.0000	0.0000	0.0000	-0.0000	0.0008	1.9984	1.2348	3.0609	0.0000	0.0000	0.0000	0.0000	0.0000	0.0000	0.0000	0.0000	0.0000	0.0000	0.0000	0.0000	0.0000	0.0000	0.0000	0.0000	0.0000	0.0000	0.0000	0.0000	0.0000	0.0000	0.0000	0.0000	0.0000	0.0000	0.0000	0.0156	0.0103	0.0052	0.0058	0.0055	0.0002	0.0098	0.0048	0.0050	0.0000	0.0000	0.0000	0.0000	0.0000	0.0000	0.0000	0.0000	0.0000	0.0000	0.0000	0.0000	0.0000	0.0000	0.0000	0.0000	0.0000	0.0000						
10	21	0.2263	19	1	0	1	1	0	0	0	0	N	N	N	N	N	N	N	N	N	N	N	N	0.0000	0.0000	0.0000	0.0000	0.0000	0.0000	0.0000	0.0000	0.0000	0.0000	0.0000	0.0000	0.0000	0.0000	0.0000	0.0000	0.0000	0.0000	0.0000	0.0000	0.0000	0.0000	0.0000	0.0000	0.0000	2.4044	0.0000	0.0000	0.0008	2.0028	1.2348	2.2704	0.0000	0.0000	0.0000	0.0000	0.0000	0.0000	0.0000	0.0000	0.0000	0.0000	0.0000	0.0000	0.0000	0.0000	0.0000	0.0000	0.0000	0.0000	0.0000	0.0000	0.0000	0.0000	0.0000	0.0000	0.0000	0.0000	0.0000	0.0067	0.0041	0.0026	0.0020	0.0018	0.0002	0.0047	0.0023	0.0024	0.0000	0.0000	0.0000	0.0000	0.0000	0.0000	0.0000	0.0000	0.0000	0.0000	0.0000	0.0000	0.0000	0.0000	0.0000	0.0000	0.0000	0.0000			
10	22	0.1095	12	2	0	2	0	0	0	0	0	Y	N	Y	N	N	N	N	N	N	N	N	N	0.0000	0.0000	0.0000	0.0000	0.0000	0.0000	0.0000	0.0000	0.0000	0.0000	0.0000	0.0000	0.0000	0.0000	0.0000	0.0000	0.0000	0.0000	84.4883	151.2079	0.4308	1.5021	1.6750	0.0085	104.5273	219.2381	0.4510	0.0023	0.0000	-0.1246	0.0008	0.0000	1.2348	2.0000	0.0000	0.0000	0.0000	0.0000	0.0000	0.0000	0.0000	0.0000	0.0000	0.2305	0.2299	0.0005	0.0008	0.0008	0.0000	0.2297	0.2291	0.0005	0.0000	0.0000	0.0000	0.0000	0.0000	0.0000	0.0000	0.0000	0.0000	0.0027	0.0015	0.0012	0.0005	0.0005	0.0001	0.0022	0.0010	0.0012	0.0000	0.0000	0.0000	0.0000	0.0000	0.0000	0.0000	0.0000	0.0000	84.4883	151.2079	0.4308	1.5021	1.6750	0.0085	104.5273	219.2381	0.4510	
10	23	0.1420	14	1	1	1	0	0	0	0	0	N	N	N	N	N	N	N	N	N	N	N	N	0.3461	9.8864	0.0000	14.9218	14.6386	0.0000	0.0000	0.0000	0.0000	0.0066	0.0075	0.0000	0.0209	0.0218	0.0000	0.0000	0.0000	0.0000	0.0192	0.0008	0.0522	0.0014	0.0015	0.0002	0.0288	0.0000	0.0560	0.0000	38.1566	-0.0000	0.0002	0.0008	4.1010	1.2348	9.0979	0.0000	0.0000	0.0000	0.0000	0.0000	0.0000	0.0000	0.0000	0.0000	0.0005	0.0000	0.0005	0.0000	0.0000	0.0000	0.0005	0.0000	0.0005	0.0000	0.0000	0.0000	0.0000	0.0000	0.0000	0.0000	0.0000	0.0000	0.0264	0.0169	0.0095	0.0093	0.0086	0.0006	0.0171	0.0083	0.0088	0.3461	9.8864	0.0000	14.9218	14.6386	0.0000	0.0000	0.0000	0.0000	0.0192	0.0008	0.0522	0.0014	0.0015	0.0002	0.0288	0.0000	0.0560
10	24	0.0702	7	2	1	1	0	0	0	0	0	Y	N	N	N	N	N	N	N	N	N	N	N	0.0000	0.0000	0.0000	0.0000	0.0000	0.0000	0.0000	0.0000	0.0000	0.0000	0.0000	0.0000	0.0000	0.0000	0.0000	0.0000	0.0000	0.0479	0.0019	0.1028	0.0054	0.0057	0.0000	0.0581	0.0000	0.1056	45.5192	0.0000	0.0006	0.0008	7.0513	1.2348	11.7448	0.0000	0.0000	0.0000	0.0000	0.0000	0.0000	0.0000	0.0000	0.0000	0.0014	0.0000	0.0014	0.0000	0.0000	0.0000	0.0014	0.0000	0.0014	0.0001	0.0001	0.0000	0.0000	0.0000	0.0000	0.0000	0.0000	0.0000	0.0292	0.0159	0.0133	0.0056	0.0053	0.0004	0.0236	0.0106	0.0130	0.0000	0.0000	0.0000	0.0000	0.0000	0.0000	0.0000	0.0000	0.0000	0.0479	0.0019	0.1028	0.0054	0.0057	0.0000	0.0581	0.0000	0.1056		
10	25	0.2100	15	1	1	1	0	0	0	0	0	N	N	N	N	N	N	N	N	N	N	N	N	0.0000	0.0000	0.0000	0.0000	0.0000	0.0000	0.0000	0.0000	0.0000	0.0000	0.0000	0.0000	0.0000	0.0000	0.0000	0.0000	0.0000	0.0000	0.0378	0.0603	0.0017	0.0007	0.0007	0.0007	0.0542	0.1089	0.0018	0.0175	0.0000	-0.0003	0.0008	4.7974	1.2348	5.1989	0.0000	0.0000	0.0000	0.0000	0.0000	0.0000	0.0000	0.0000	0.0000	0.0006	0.0006	0.0000	0.0000	0.0000	0.0000	0.0006	0.0006	0.0000	0.0000	0.0000	0.0000	0.0000	0.0000	0.0000	0.0000	0.0000	0.0000	0.0156	0.0096	0.0060	0.0048	0.0043	0.0005	0.0108	0.0053	0.0055	0.0000	0.0000	0.0000	0.0000	0.0000	0.0000	0.0000	0.0000	0.0000	0.0378	0.0603	0.0017	0.0007	0.0007	0.0007	0.0542	0.1089	0.0018	
10	26	0.1713	16	2	1	1	0	0	0	0	0	Y	N	N	N	N	N	N	N	N	N	N	N	0.0000	0.0000	0.0000	0.0000	0.0000	0.0000	0.0000	0.0000	0.0000	0.0000	0.0000	0.0000	0.0000	0.0000	0.0000	0.0000	0.0000	0.0000	0.0001	0.0002	0.0000	0.0003	0.0004	0.0001	0.0000	0.0000	0.0000	0.0594	0.0000	-0.0000	0.0008	2.0195	1.2348	15.0171	0.0000	0.0000	0.0000	0.0000	0.0000	0.0000	0.0000	0.0000	0.0000	0.0000	0.0000	0.0000	0.0000	0.0000	0.0000	0.0000	0.0000	0.0000	0.0000	0.0000	0.0000	0.0000	0.0000	0.0000	0.0000	0.0000	0.0000	0.0248	0.0155	0.0092	0.0091	0.0082	0.0009	0.0157	0.0074	0.0083	0.0000	0.0000	0.0000	0.0000	0.0000	0.0000	0.0000	0.0000	0.0000	0.0001	0.0002	0.0000	0.0003	0.0004	0.0001	0.0000	0.0000	0.0000	
10	27	0.1626	15	1	0	1	0	0	0	0	0	N	N	N	N	N	N	N	N	N	N	N	N	0.0000	0.0000	0.0000	0.0000	0.0000	0.0000	0.0000	0.0000	0.0000	0.0000	0.0000	0.0000	0.0000	0.0000	0.0000	0.0000	0.0000	0.0000	0.0006	0.0009	0.0002	0.0009	0.0010	0.0003	0.0004	0.0007	0.0002	0.1267	0.0000	-0.0000	0.0008	1.6438	1.2348	3.3228	0.0000	0.0000	0.0000	0.0000	0.0000	0.0000	0.0000	0.0000	0.0000	0.0000	0.0000	0.0000	0.0000	0.0000	0.0000	0.0000	0.0000	0.0000	0.0000	0.0000	0.0000	0.0000	0.0000	0.0000	0.0000	0.0000	0.0000	0.0120	0.0077	0.0043	0.0048	0.0046	0.0003	0.0072	0.0032	0.0040	0.0000	0.0000	0.0000	0.0000	0.0000	0.0000	0.0000	0.0000	0.0000	0.0006	0.0009	0.0002	0.0009	0.0010	0.0003	0.0004	0.0007	0.0002	
10	28	0.0251	3	1	1	1	0	0	0	0	0	N	N	N	N	N	N	N	N	N	N	N	N	28.9722	26.7143	0.0000	17.3329	16.0813	0.0000	0.0000	0.0000	0.0000	0.0527	0.0660	0.0000	0.1948	0.1950	0.0000	0.0000	0.0000	0.0000	0.0018	0.0025	0.0011	0.0112	0.0121	0.0003	0.0006	0.0000	0.0012	0.0000	0.4497	-0.0000	-0.0000	0.0008	3.0409	1.2348	16.1393	0.0000	0.0000	0.0000	0.0000	0.0000	0.0000	0.0000	0.0000	0.0000	0.0001	0.0000	0.0000	0.0000	0.0000	0.0000	0.0000	0.0000	0.0000	0.0000	0.0000	0.0000	0.0000	0.0000	0.0000	0.0000	0.0000	0.0000	0.0313	0.0159	0.0154	0.0035	0.0032	0.0003	0.0278	0.0126	0.0151	28.9722	26.7143	0.0000	17.3329	16.0813	0.0000	0.0000	0.0000	0.0000	0.0018	0.0025	0.0011	0.0112	0.0121	0.0003	0.0006	0.0000	0.0012
10	29	0.0332	5	1	1	1	0	0	0	0	0	N	N	N	N	N	N	N	N	N	N	N	N	31242.4253	56.4182	705816.8487	21.3694	17.2425	25555.0024	1012942.4552	864231.7740	0.1941	0.0007	0.5021	0.0011	0.0010	0.1732	0.3267	0.0000	0.5024	0.0000	0.0000	0.0000	0.0001	0.0001	0.0000	0.0000	0.0000	0.0000	473.7697	0.0612	0.0000	-0.0000	0.0008	4.0695	1.2348	11.0027	0.0000	0.0000	0.0000	0.0000	0.0000	0.0000	0.0000	0.0000	0.0000	0.0000	0.0000	0.0000	0.0000	0.0000	0.0000	0.0000	0.0000	0.0000	0.0001	0.0001	0.0000	0.0000	0.0000	0.0000	0.0001	0.0000	0.0000	0.0237	0.0117	0.0119	0.0026	0.0024	0.0003	0.0210	0.0094	0.0117	31242.4253	56.4182	705816.8487	21.3694	17.2425	25555.0024	1012942.4552	0.0000	864231.7740	0.0000	0.0000	0.0000	0.0001	0.0001	0.0000	0.0000	0.0000	0.0000	
10	30	0.1939	18	1	1	2	1	0	0	0	0	N	N	Y	N	N	N	N	N	N	N	N	N	0.0000	0.0000	0.0000	0.0000	0.0000	0.0000	0.0000	0.0000	0.0000	0.0000	0.0000	0.0000	0.0000	0.0000	0.0000	0.0000	0.0000	0.0009	0.0001	0.0022	0.0002	0.0002	0.0005	0.0013	0.0000	0.0023	16.2052	0.0000	0.0000	0.0008	0.0021	1.2348	3.0281	0.0000	0.0000	0.0000	0.0000	0.0000	0.0000	0.0000	0.0000	0.0000	0.0000	0.0000	0.0000	0.0000	0.0000	0.0000	0.0000	0.0000	0.0000	0.0000	0.0000	0.0000	0.0000	0.0000	0.0000	0.0000	0.0000	0.0000	0.0046	0.0028	0.0018	0.0015	0.0014	0.0001	0.0031	0.0014	0.0017	0.0000	0.0000	0.0000	0.0000	0.0000	0.0000	0.0000	0.0000	0.0000	0.0009	0.0001	0.0022	0.0002	0.0002	0.0005	0.0013	0.0000	0.0023		
10	31	0.1713	17	1	0	1	1	0	0	0	0	N	N	N	N	N	N	N	N	N	N	N	N	0.0000	0.0000	0.0000	0.0000	0.0000	0.0000	0.0000	0.0000	0.0000	0.0000	0.0000	0.0000	0.0000	0.0000	0.0000	0.0000	0.0000	0.0000	0.1874	0.0175	0.4650	0.0334	0.0347	0.0208	0.2683	0.0000	0.5043	16.2126	0.0000	0.0012	0.0008	3.2874	1.2348	7.1999	0.0000	0.0000	0.0000	0.0000	0.0000	0.0000	0.0000	0.0000	0.0000	0.0029	0.0002	0.0027	0.0002	0.0002	0.0000	0.0027	0.0000	0.0027	0.0000	0.0000	0.0000	0.0000	0.0000	0.0000	0.0000	0.0000	0.0000	0.0156	0.0097	0.0059	0.0054	0.0049	0.0005	0.0102	0.0048	0.0054	0.0000	0.0000	0.0000	0.0000	0.0000	0.0000	0.0000	0.0000	0.0000	0.1874	0.0175	0.4650	0.0334	0.0347	0.0208	0.2683	0.0000	0.5043	
10	32	0.0900	9	1	1	1	0	0	0	0	0	N	N	N	N	N	N	N	N	N	N	N	N	0.0000	0.0000	0.0000	0.0000	0.0000	0.0000	0.0000	0.0000	0.0000	0.0000	0.0000	0.0000	0.0000	0.0003	0.0006	0.0000	0.0023	0.0026	0.0000	0.0000	0.0000	0.0000	0.0000	0.0000	-0.0000	0.0008	4.3545	1.2348	19.4857	0.0000	0.0000	0.0000	0.0000	0.0000	0.0000	0.0000	0.0000	0.0000	0.0000	0.0000	0.0000	0.0000	0.0000	0.0000	0.0000	0.0000	0.0000	0.0000	0.0000	0.0000	0.0000	0.0000	0.0000	0.0000	0.0000	0.0000	0.0300	0.0166	0.0133	0.0043	0.0039	0.0004	0.0257	0.0128	0.0129	0.0000	0.0000	0.0000	0.0000	0.0000	0.0000	0.0000	0.0000	0.0000	0.0003	0.0006	0.0000	0.0023	0.0026	0.0000	0.0000	0.0000	0.0000						
10	33	0.1271	11	2	1	1	0	0	0	0	0	Y	N	N	N	N	N	N	N	N	N	N	N	0.0000	0.0000	0.0000	0.0000	0.0000	0.0000	0.0000	0.0000	0.0000	0.0000	0.0000	0.0000	0.0000	0.0000	0.0000	0.0000	0.0000	0.0000	0.0000	0.0000	0.0008	0.0000	1.2348	0.0000	0.0000	0.0000	0.0000	0.0000	0.0000	0.0000	0.0000	0.0000	0.0000	0.0000	0.0000	0.0000	0.0000	0.0000	0.0000	0.0000	0.0000	0.0000	0.0000	0.0000	0.0000	0.0000	0.0000	0.0000	0.0000	0.0000	0.0000	0.0000	0.0000	0.0000	0.0000	0.0000	0.0000	0.0000	0.0000	0.0000	0.0000	0.0000	0.0000	0.0000	0.0000	0.0000	0.0000	0.0000	0.0000	0.0000	0.0000	0.0000	0.0000	0.0000	0.0000	0.0000	0.0000	0.0000											
10	34	0.1626	15	1	1	1	1	0	0	0	0	N	N	N	N	N	N	N	N	N	N	N	N	0.0000	0.0000	0.0000	0.0000	0.0000	0.0000	0.0000	0.0000	0.0000	0.0000	0.0000	0.0000	0.0000	0.0000	0.0000	0.0000	0.0000	0.0000	0.0005	0.0008	0.0000	0.0014	0.0016	0.0000	0.0000	0.0000	0.0000	0.0028	0.0000	-0.0000	0.0008	6.4588	1.2348	12.7561	0.0000	0.0000	0.0000	0.0000	0.0000	0.0000	0.0000	0.0000	0.0000	0.0000	0.0000	0.0000	0.0000	0.0000	0.0000	0.0000	0.0000	0.0000	0.0001	0.0001	0.0000	0.0000	0.0000	0.0000	0.0000	0.0000	0.0000	0.0289	0.0178	0.0111	0.0100	0.0091	0.0009	0.0189	0.0087	0.0102	0.0000	0.0000	0.0000	0.0000	0.0000	0.0000	0.0000	0.0000	0.0000	0.0005	0.0008	0.0000	0.0014	0.0016	0.0000	0.0000	0.0000	0.0000	
10	35	0.1570	14	1	0	1	0	0	0	0	0	N	N	N	N	N	N	N	N	N	N	N	N	0.0000	0.0000	0.0000	0.0000	0.0000	0.0000	0.0000	0.0000	0.0000	0.0000	0.0000	0.0000	0.0000	0.0000	0.0000	0.0000	0.0000	0.0000	0.0610	0.0947	0.0001	0.1548	0.1627	0.0004	0.0014	0.0030	0.0001	0.0004	0.0000	-0.0004	0.0008	2.5642	1.2348	2.5472	0.0000	0.0000	0.0000	0.0000	0.0000	0.0000	0.0000	0.0000	0.0000	0.0008	0.0008	0.0000	0.0007	0.0007	0.0000	0.0000	0.0000	0.0000	0.0000	0.0000	0.0000	0.0000	0.0000	0.0000	0.0000	0.0000	0.0000	0.0123	0.0079	0.0044	0.0048	0.0046	0.0002	0.0075	0.0034	0.0042	0.0000	0.0000	0.0000	0.0000	0.0000	0.0000	0.0000	0.0000	0.0000	0.0610	0.0947	0.0001	0.1548	0.1627	0.0004	0.0014	0.0030	0.0001	
10	36	0.2074	19	1	0	2	0	0	0	0	0	N	N	Y	N	N	N	N	N	N	N	N	N	0.0000	0.0000	0.0000	0.0000	0.0000	0.0000	0.0000	0.0000	0.0000	0.0000	0.0000	0.0000	0.0000	0.0000	0.0000	0.0000	0.0000	0.0000	0.0000	0.0000	0.0008	1.0000	1.2348	2.0003	0.0000	0.0000	0.0000	0.0000	0.0000	0.0000	0.0000	0.0000	0.0000	0.0000	0.0000	0.0000	0.0000	0.0000	0.0000	0.0000	0.0000	0.0000	0.0000	0.0000	0.0000	0.0000	0.0000	0.0000	0.0000	0.0000	0.0000	0.0041	0.0025	0.0016	0.0013	0.0011	0.0002	0.0028	0.0014	0.0014	0.0000	0.0000	0.0000	0.0000	0.0000	0.0000	0.0000	0.0000	0.0000	0.0000	0.0000	0.0000	0.0000	0.0000	0.0000	0.0000	0.0000	0.0000											
10	37	0.1896	18	1	1	1	0	0	0	0	0	N	N	N	N	N	N	N	N	N	N	N	N	0.0000	0.0000	0.0000	0.0000	0.0000	0.0000	0.0000	0.0000	0.0000	0.0000	0.0000	0.0000	0.0000	0.0000	0.0000	0.0000	0.0000	0.0002	0.0003	0.0000	0.0006	0.0006	0.0001	0.0000	0.0000	0.0000	0.0288	0.0000	-0.0000	0.0008	1.9619	1.2348	8.3400	0.0000	0.0000	0.0000	0.0000	0.0000	0.0000	0.0000	0.0000	0.0000	0.0000	0.0000	0.0000	0.0000	0.0000	0.0000	0.0000	0.0000	0.0000	0.0000	0.0000	0.0000	0.0000	0.0000	0.0000	0.0000	0.0000	0.0000	0.0191	0.0123	0.0068	0.0072	0.0067	0.0005	0.0119	0.0056	0.0063	0.0000	0.0000	0.0000	0.0000	0.0000	0.0000	0.0000	0.0000	0.0000	0.0002	0.0003	0.0000	0.0006	0.0006	0.0001	0.0000	0.0000	0.0000		
10	38	0.0499	7	2	0	2	0	0	0	0	0	Y	N	Y	N	N	N	N	N	N	N	N	N	0.0000	0.0000	0.0000	0.0000	0.0000	0.0000	0.0000	0.0000	0.0000	0.0000	0.0000	0.0000	0.0000	0.0000	0.0000	0.0000	0.0000	0.0000	0.0000	0.0000	0.0000	0.0000	0.0000	0.0000	0.0000	0.0612	0.0000	-0.0000	0.0008	0.0095	1.2348	5.0631	0.0000	0.0000	0.0000	0.0000	0.0000	0.0000	0.0000	0.0000	0.0000	0.0000	0.0000	0.0000	0.0000	0.0000	0.0000	0.0000	0.0000	0.0000	0.0000	0.0000	0.0000	0.0000	0.0000	0.0000	0.0000	0.0000	0.0000	0.0090	0.0048	0.0042	0.0015	0.0014	0.0001	0.0075	0.0034	0.0041	0.0000	0.0000	0.0000	0.0000	0.0000	0.0000	0.0000	0.0000	0.0000	0.0000	0.0000	0.0000	0.0000	0.0000	0.0000	0.0000	0.0000	0.0000			
10	39	0.1713	17	1	1	1	0	0	0	0	0	N	N	N	N	N	N	N	N	N	N	N	N	0.0000	0.0000	0.0000	0.0000	0.0000	0.0000	0.0000	0.0000	0.0000	0.0000	0.0000	0.0000	0.0000	0.0000	0.0000	0.0000	0.0000	0.0001	0.0000	0.0001	0.0002	0.0000	0.0000	0.0000	0.0000	0.0616	0.0000	-0.0000	0.0008	1.1272	1.2348	11.0864	0.0000	0.0000	0.0000	0.0000	0.0000	0.0000	0.0000	0.0000	0.0000	0.0000	0.0000	0.0000	0.0000	0.0000	0.0000	0.0000	0.0000	0.0000	0.0000	0.0000	0.0000	0.0000	0.0000	0.0000	0.0000	0.0000	0.0000	0.0176	0.0109	0.0067	0.0060	0.0055	0.0006	0.0116	0.0054	0.0062	0.0000	0.0000	0.0000	0.0000	0.0000	0.0000	0.0000	0.0000	0.0000	0.0000	0.0001	0.0000	0.0001	0.0002	0.0000	0.0000	0.0000	0.0000			
10	40	0.1713	16	1	0	1	0	0	0	0	0	N	N	N	N	N	N	N	N	N	N	N	N	0.0000	0.0000	0.0000	0.0000	0.0000	0.0000	0.0000	0.0000	0.0000	0.0000	0.0000	0.0000	0.0000	0.0000	0.0000	0.0000	0.0000	0.0006	0.0004	0.0010	0.0006	0.0006	0.0001	0.0005	0.0000	0.0010	1.0000	0.0000	-0.0000	0.0008	0.4765	1.2348	0.2778	0.0000	0.0000	0.0000	0.0000	0.0000	0.0000	0.0000	0.0000	0.0000	0.0000	0.0000	0.0000	0.0000	0.0000	0.0000	0.0000	0.0000	0.0000	0.0000	0.0000	0.0000	0.0000	0.0000	0.0000	0.0000	0.0000	0.0000	0.0032	0.0023	0.0009	0.0014	0.0014	0.0000	0.0018	0.0009	0.0008	0.0000	0.0000	0.0000	0.0000	0.0000	0.0000	0.0000	0.0000	0.0000	0.0006	0.0004	0.0010	0.0006	0.0006	0.0001	0.0005	0.0000	0.0010		
10	41	0.1734	16	1	1	1	1	0	0	0	0	N	N	N	N	N	N	N	N	N	N	N	N	0.0000	0.0000	0.0000	0.0000	0.0000	0.0000	0.0000	0.0000	0.0000	0.0000	0.0000	0.0000	0.0000	0.0000	0.0000	0.0000	0.0000	0.0000	0.0000	-0.0000	0.0008	10.0333	1.2348	21.8674	0.0000	0.0000	0.0000	0.0000	0.0000	0.0000	0.0000	0.0000	0.0000	0.0000	0.0000	0.0000	0.0000	0.0000	0.0000	0.0000	0.0000	0.0000	0.0001	0.0001	0.0000	0.0000	0.0000	0.0000	0.0001	0.0001	0.0000	0.0409	0.0248	0.0161	0.0125	0.0113	0.0012	0.0283	0.0135	0.0149	0.0000	0.0000	0.0000	0.0000	0.0000	0.0000	0.0000	0.0000	0.0000	0.0000	0.0000	0.0000	0.0000	0.0000	0.0000	0.0000	0.0000	0.0000											
10	42	0.0499	7	2	0	2	0	0	0	0	0	Y	N	Y	N	N	N	N	N	N	N	N	N	0.0000	0.0000	0.0000	0.0000	0.0000	0.0000	0.0000	0.0000	0.0000	0.0000	0.0000	0.0000	0.0000	0.0000	0.0000	0.0000	0.0000	0.0000	0.0000	0.0000	0.0000	0.0000	0.0000	0.0000	0.0000	0.0612	0.0000	-0.0000	0.0008	0.9968	1.2348	1.9513	0.0000	0.0000	0.0000	0.0000	0.0000	0.0000	0.0000	0.0000	0.0000	0.0000	0.0000	0.0000	0.0000	0.0000	0.0000	0.0000	0.0000	0.0000	0.0000	0.0000	0.0000	0.0000	0.0000	0.0000	0.0000	0.0000	0.0000	0.0058	0.0032	0.0026	0.0011	0.0011	0.0001	0.0047	0.0021	0.0026	0.0000	0.0000	0.0000	0.0000	0.0000	0.0000	0.0000	0.0000	0.0000	0.0000	0.0000	0.0000	0.0000	0.0000	0.0000	0.0000	0.0000	0.0000			
10	43	0.0367	6	2	0	2	0	0	0	0	0	Y	N	Y	N	N	N	N	N	N	N	N	N	0.0000	0.0000	0.0000	0.0000	0.0000	0.0000	0.0000	0.0000	0.0000	0.0000	0.0000	0.0000	0.0000	0.0000	0.0000	0.0000	0.0000	0.0000	0.0000	0.0001	0.0001	0.0000	0.0000	0.0000	0.0000	0.2354	0.0000	-0.0000	0.0008	5.0018	1.2348	1.7716	0.0000	0.0000	0.0000	0.0000	0.0000	0.0000	0.0000	0.0000	0.0000	0.0000	0.0000	0.0000	0.0000	0.0000	0.0000	0.0000	0.0000	0.0000	0.0000	0.0000	0.0000	0.0000	0.0000	0.0000	0.0000	0.0000	0.0000	0.0117	0.0058	0.0059	0.0017	0.0016	0.0001	0.0100	0.0042	0.0058	0.0000	0.0000	0.0000	0.0000	0.0000	0.0000	0.0000	0.0000	0.0000	0.0000	0.0000	0.0000	0.0001	0.0001	0.0000	0.0000	0.0000	0.0000			
10	44	0.0399	7	2	0	2	0	0	0	0	0	Y	N	Y	N	N	N	N	N	N	N	N	N	0.0000	0.0000	0.0000	0.0000	0.0000	0.0000	0.0000	0.0000	0.0000	0.0000	0.0000	0.0000	0.0000	0.0000	0.0000	0.0000	0.0000	0.0006	0.0012	0.0000	0.0032	0.0033	0.0000	0.0000	0.0000	0.0000	0.0118	0.0000	-0.0000	0.0008	4.9860	1.2348	2.3663	0.0000	0.0000	0.0000	0.0000	0.0000	0.0000	0.0000	0.0000	0.0000	0.0000	0.0000	0.0000	0.0000	0.0000	0.0000	0.0000	0.0000	0.0000	0.0000	0.0000	0.0000	0.0000	0.0000	0.0000	0.0000	0.0000	0.0000	0.0147	0.0079	0.0069	0.0029	0.0028	0.0001	0.0118	0.0051	0.0067	0.0000	0.0000	0.0000	0.0000	0.0000	0.0000	0.0000	0.0000	0.0000	0.0006	0.0012	0.0000	0.0032	0.0033	0.0000	0.0000	0.0000	0.0000		
10	45	0.0367	6	2	0	1	0	0	0	0	0	Y	N	N	N	N	N	N	N	N	N	N	N	0.0000	0.0000	0.0000	0.0000	0.0000	0.0000	0.0000	0.0000	0.0000	0.0000	0.0000	0.0000	0.0000	0.0000	0.0000	0.0000	0.0000	0.0023	0.0001	0.0044	0.0003	0.0003	0.0000	0.0028	0.0000	0.0045	32.1165	0.0000	0.0000	0.0008	0.0225	1.2348	1.9333	0.0000	0.0000	0.0000	0.0000	0.0000	0.0000	0.0000	0.0000	0.0000	0.0000	0.0000	0.0000	0.0000	0.0000	0.0000	0.0000	0.0000	0.0000	0.0000	0.0000	0.0000	0.0000	0.0000	0.0000	0.0000	0.0000	0.0000	0.0041	0.0021	0.0021	0.0008	0.0008	0.0000	0.0033	0.0013	0.0020	0.0000	0.0000	0.0000	0.0000	0.0000	0.0000	0.0000	0.0000	0.0000	0.0023	0.0001	0.0044	0.0003	0.0003	0.0000	0.0028	0.0000	0.0045		
10	46	0.0338	5	2	0	1	0	0	0	0	0	Y	N	N	N	N	N	N	N	N	N	N	N	10.0347	29.7029	0.0000	28.1613	25.9591	0.0000	0.0000	0.0007	0.0008	0.0000	0.0028	0.0028	0.0000	0.0000	0.0000	0.0000	0.0001	0.0000	0.0001	0.0001	0.0001	0.0000	0.0001	0.0000	0.0001	0.0000	4.2585	-0.0000	0.0000	0.0008	1.0095	1.2348	0.3555	0.0000	0.0000	0.0000	0.0000	0.0000	0.0000	0.0000	0.0000	0.0000	0.0000	0.0000	0.0000	0.0000	0.0000	0.0000	0.0000	0.0000	0.0000	0.0000	0.0000	0.0000	0.0000	0.0000	0.0000	0.0000	0.0000	0.0000	0.0023	0.0011	0.0012	0.0003	0.0003	0.0000	0.0020	0.0009	0.0011	10.0347	29.7029	0.0000	28.1613	25.9591	0.0000	0.0000	0.0000	0.0000	0.0001	0.0000	0.0001	0.0001	0.0001	0.0000	0.0001	0.0000	0.0001		
10	47	0.1896	18	1	0	2	0	0	0	0	0	N	N	Y	N	N	N	N	N	N	N	N	N	0.0000	0.0000	0.0000	0.0000	0.0000	0.0000	0.0000	0.0000	0.0000	0.0000	0.0000	0.0000	0.0000	0.0000	0.0000	0.0000	0.0000	0.0000	0.0792	0.0899	0.0607	0.0035	0.0038	0.0000	0.1220	0.1848	0.0661	0.3919	0.0000	-0.0005	0.0008	3.0460	1.2348	11.9126	0.0000	0.0000	0.0000	0.0000	0.0000	0.0000	0.0000	0.0000	0.0000	0.0019	0.0014	0.0005	0.0000	0.0000	0.0000	0.0019	0.0014	0.0005	0.0000	0.0000	0.0000	0.0000	0.0000	0.0000	0.0000	0.0000	0.0000	0.0246	0.0156	0.0090	0.0089	0.0082	0.0007	0.0157	0.0074	0.0083	0.0000	0.0000	0.0000	0.0000	0.0000	0.0000	0.0000	0.0000	0.0000	0.0792	0.0899	0.0607	0.0035	0.0038	0.0000	0.1220	0.1848	0.0661	
10	48	0.1762	17	1	0	1	0	0	0	0	0	N	N	N	N	N	N	N	N	N	N	N	N	0.0000	0.0000	0.0000	0.0000	0.0000	0.0000	0.0000	0.0000	0.0000	0.0000	0.0000	0.0000	0.0000	0.0000	0.0000	0.0000	0.0000	0.0000	0.0003	0.0002	0.0004	0.0000	0.0000	0.0000	0.0004	0.0004	0.0005	1.0921	0.0000	-0.0000	0.0008	1.1082	1.2348	5.8288	0.0000	0.0000	0.0000	0.0000	0.0000	0.0000	0.0000	0.0000	0.0000	0.0000	0.0000	0.0000	0.0000	0.0000	0.0000	0.0000	0.0000	0.0000	0.0000	0.0000	0.0000	0.0000	0.0000	0.0000	0.0000	0.0000	0.0000	0.0139	0.0090	0.0049	0.0051	0.0048	0.0003	0.0088	0.0042	0.0046	0.0000	0.0000	0.0000	0.0000	0.0000	0.0000	0.0000	0.0000	0.0000	0.0003	0.0002	0.0004	0.0000	0.0000	0.0000	0.0004	0.0004	0.0005	
10	49	0.2074	19	1	1	1	0	0	0	0	0	N	N	N	N	N	N	N	N	N	N	N	N	0.0000	0.0000	0.0000	0.0000	0.0000	0.0000	0.0000	0.0000	0.0000	0.0000	0.0000	0.0000	0.0000	0.0000	0.0000	0.0000	0.0000	0.0000	0.0000	0.0000	0.0008	0.0000	1.2348	2.0001	0.0000	0.0000	0.0000	0.0000	0.0000	0.0000	0.0000	0.0000	0.0000	0.0000	0.0000	0.0000	0.0000	0.0000	0.0000	0.0000	0.0000	0.0000	0.0000	0.0000	0.0000	0.0000	0.0000	0.0000	0.0000	0.0000	0.0000	0.0027	0.0017	0.0010	0.0009	0.0008	0.0001	0.0018	0.0009	0.0009	0.0000	0.0000	0.0000	0.0000	0.0000	0.0000	0.0000	0.0000	0.0000	0.0000	0.0000	0.0000	0.0000	0.0000	0.0000	0.0000	0.0000	0.0000											
10	50	0.1104	12	2	1	2	0	0	0	0	0	Y	N	Y	N	N	N	N	N	N	N	N	N	0.0000	0.0000	0.0000	0.0000	0.0000	0.0000	0.0000	0.0000	0.0000	0.0000	0.0000	0.0000	0.0000	0.0000	0.0000	0.0000	0.0000	0.0000	0.0000	0.0000	0.0008	0.0000	1.2348	1.7047	0.0000	0.0000	0.0000	0.0000	0.0000	0.0000	0.0000	0.0000	0.0000	0.0000	0.0000	0.0000	0.0000	0.0000	0.0000	0.0000	0.0000	0.0000	0.0000	0.0000	0.0000	0.0000	0.0000	0.0000	0.0000	0.0000	0.0000	0.0048	0.0035	0.0012	0.0017	0.0016	0.0001	0.0031	0.0019	0.0012	0.0000	0.0000	0.0000	0.0000	0.0000	0.0000	0.0000	0.0000	0.0000	0.0000	0.0000	0.0000	0.0000	0.0000	0.0000	0.0000	0.0000	0.0000											
10	51	0.1104	12	2	1	2	0	0	0	0	0	Y	N	Y	N	N	N	N	N	N	N	N	N	0.0000	0.0000	0.0000	0.0000	0.0000	0.0000	0.0000	0.0000	0.0000	0.0000	0.0000	0.0000	0.0000	0.0000	0.0000	0.0000	0.0000	0.0000	0.0000	0.0000	0.0008	0.0000	1.2348	0.2953	0.0000	0.0000	0.0000	0.0000	0.0000	0.0000	0.0000	0.0000	0.0000	0.0000	0.0000	0.0000	0.0000	0.0000	0.0000	0.0000	0.0000	0.0000	0.0000	0.0000	0.0000	0.0000	0.0000	0.0000	0.0000	0.0000	0.0000	0.0029	0.0025	0.0004	0.0013	0.0013	0.0000	0.0016	0.0012	0.0004	0.0000	0.0000	0.0000	0.0000	0.0000	0.0000	0.0000	0.0000	0.0000	0.0000	0.0000	0.0000	0.0000	0.0000	0.0000	0.0000	0.0000	0.0000											
10	52	0.1075	11	2	1	2	0	0	0	0	0	Y	N	Y	N	N	N	N	N	N	N	N	N	0.0000	0.0000	0.0000	0.0000	0.0000	0.0000	0.0000	0.0000	0.0000	0.0000	0.0000	0.0000	0.0000	0.0000	0.0000	0.0000	0.0000	0.0000	0.0000	0.0000	0.0008	0.0001	1.2348	1.7968	0.0000	0.0000	0.0000	0.0000	0.0000	0.0000	0.0000	0.0000	0.0000	0.0000	0.0000	0.0000	0.0000	0.0000	0.0000	0.0000	0.0000	0.0000	0.0000	0.0000	0.0000	0.0000	0.0000	0.0000	0.0000	0.0000	0.0000	0.0035	0.0022	0.0013	0.0010	0.0009	0.0000	0.0026	0.0013	0.0013	0.0000	0.0000	0.0000	0.0000	0.0000	0.0000	0.0000	0.0000	0.0000	0.0000	0.0000	0.0000	0.0000	0.0000	0.0000	0.0000	0.0000	0.0000											
10	53	0.1533	9	2	1	1	0	0	0	0	0	Y	N	N	N	N	N	N	N	N	N	N	N	0.0000	0.0000	0.0000	0.0000	0.0000	0.0000	0.0000	0.0000	0.0000	0.0000	0.0000	0.0000	0.0000	0.0000	0.0000	0.0000	0.0004	0.0000	0.0010	0.0000	0.0000	0.0000	0.0005	0.0000	0.0010	82.7249	0.0000	0.0000	0.0008	1.8240	1.2348	0.8872	0.0000	0.0000	0.0000	0.0000	0.0000	0.0000	0.0000	0.0000	0.0000	0.0000	0.0000	0.0000	0.0000	0.0000	0.0000	0.0000	0.0000	0.0000	0.0000	0.0000	0.0000	0.0000	0.0000	0.0000	0.0000	0.0000	0.0000	0.0051	0.0033	0.0018	0.0016	0.0015	0.0001	0.0035	0.0017	0.0018	0.0000	0.0000	0.0000	0.0000	0.0000	0.0000	0.0000	0.0000	0.0000	0.0004	0.0000	0.0010	0.0000	0.0000	0.0000	0.0005	0.0000	0.0010			
10	54	0.2373	21	1	1	1	1	0	0	0	0	N	N	N	N	N	N	N	N	N	N	N	N	0.0000	0.0000	0.0000	0.0000	0.0000	0.0000	0.0000	0.0000	0.0000	0.0000	0.0000	0.0000	0.0000	0.0000	0.0000	0.0000	0.0000	0.0000	0.0000	-0.0000	0.0008	0.0007	1.2348	4.7762	0.0000	0.0000	0.0000	0.0000	0.0000	0.0000	0.0000	0.0000	0.0000	0.0000	0.0000	0.0000	0.0000	0.0000	0.0000	0.0000	0.0000	0.0000	0.0000	0.0000	0.0000	0.0000	0.0000	0.0000	0.0000	0.0000	0.0000	0.0076	0.0049	0.0028	0.0023	0.0021	0.0002	0.0053	0.0027	0.0026	0.0000	0.0000	0.0000	0.0000	0.0000	0.0000	0.0000	0.0000	0.0000	0.0000	0.0000	0.0000	0.0000	0.0000	0.0000	0.0000	0.0000	0.0000											
10	55	0.2373	21	1	0	1	1	0	0	0	0	N	N	N	N	N	N	N	N	N	N	N	N	0.0000	0.0000	0.0000	0.0000	0.0000	0.0000	0.0000	0.0000	0.0000	0.0000	0.0000	0.0000	0.0000	0.0000	0.0000	0.0000	0.0000	0.0000	0.0000	-0.0000	0.0008	0.0007	1.2348	3.2259	0.0000	0.0000	0.0000	0.0000	0.0000	0.0000	0.0000	0.0000	0.0000	0.0000	0.0000	0.0000	0.0000	0.0000	0.0000	0.0000	0.0000	0.0000	0.0000	0.0000	0.0000	0.0000	0.0000	0.0000	0.0000	0.0000	0.0000	0.0056	0.0036	0.0019	0.0018	0.0016	0.0001	0.0038	0.0020	0.0018	0.0000	0.0000	0.0000	0.0000	0.0000	0.0000	0.0000	0.0000	0.0000	0.0000	0.0000	0.0000	0.0000	0.0000	0.0000	0.0000	0.0000	0.0000											
10	56	0.2330	20	1	0	1	1	0	0	0	0	N	N	N	N	N	N	N	N	N	N	N	N	0.0000	0.0000	0.0000	0.0000	0.0000	0.0000	0.0000	0.0000	0.0000	0.0000	0.0000	0.0000	0.0000	0.0000	0.0000	0.0000	0.0000	0.0000	0.0000	0.0000	0.0000	0.0000	0.0000	0.0000	0.0000	0.0651	0.0000	-0.0000	0.0008	0.9953	1.2348	1.3904	0.0000	0.0000	0.0000	0.0000	0.0000	0.0000	0.0000	0.0000	0.0000	0.0000	0.0000	0.0000	0.0000	0.0000	0.0000	0.0000	0.0000	0.0000	0.0000	0.0000	0.0000	0.0000	0.0000	0.0000	0.0000	0.0000	0.0000	0.0043	0.0029	0.0014	0.0014	0.0013	0.0001	0.0029	0.0016	0.0014	0.0000	0.0000	0.0000	0.0000	0.0000	0.0000	0.0000	0.0000	0.0000	0.0000	0.0000	0.0000	0.0000	0.0000	0.0000	0.0000	0.0000	0.0000			
10	57	0.2263	19	1	0	1	1	0	0	0	0	N	N	N	N	N	N	N	N	N	N	N	N	0.0000	0.0000	0.0000	0.0000	0.0000	0.0000	0.0000	0.0000	0.0000	0.0000	0.0000	0.0000	0.0000	0.0000	0.0000	0.0000	0.0000	0.0000	0.0000	0.0000	0.0000	0.0000	0.0000	0.0000	0.0001	3.1659	0.0000	0.0000	0.0008	0.0068	1.2348	3.2797	0.0000	0.0000	0.0000	0.0000	0.0000	0.0000	0.0000	0.0000	0.0000	0.0000	0.0000	0.0000	0.0000	0.0000	0.0000	0.0000	0.0000	0.0000	0.0000	0.0000	0.0000	0.0000	0.0000	0.0000	0.0000	0.0000	0.0000	0.0054	0.0033	0.0021	0.0016	0.0015	0.0001	0.0038	0.0018	0.0019	0.0000	0.0000	0.0000	0.0000	0.0000	0.0000	0.0000	0.0000	0.0000	0.0000	0.0000	0.0000	0.0000	0.0000	0.0000	0.0000	0.0000	0.0001			
10	58	0.1851	18	1	0	1	1	0	0	0	0	N	N	N	N	N	N	N	N	N	N	N	N	0.0000	0.0000	0.0000	0.0000	0.0000	0.0000	0.0000	0.0000	0.0000	0.0000	0.0000	0.0000	0.0000	0.0000	0.0000	0.0000	0.0000	0.0497	0.0018	0.1239	0.0035	0.0039	0.0001	0.0702	0.0000	0.1332	44.8470	0.0000	0.0006	0.0008	5.8573	1.2348	13.1443	0.0000	0.0000	0.0000	0.0000	0.0000	0.0000	0.0000	0.0000	0.0000	0.0014	0.0000	0.0014	0.0000	0.0000	0.0000	0.0014	0.0000	0.0014	0.0001	0.0000	0.0000	0.0000	0.0000	0.0000	0.0000	0.0000	0.0000	0.0281	0.0171	0.0110	0.0087	0.0079	0.0008	0.0195	0.0092	0.0103	0.0000	0.0000	0.0000	0.0000	0.0000	0.0000	0.0000	0.0000	0.0000	0.0497	0.0018	0.1239	0.0035	0.0039	0.0001	0.0702	0.0000	0.1332		
10	59	0.1076	12	1	1	2	0	0	0	0	0	N	N	Y	N	N	N	N	N	N	N	N	N	0.0000	0.0000	0.0000	0.0000	0.0000	0.0000	0.0000	0.0000	0.0000	0.0000	0.0000	0.0000	0.0000	0.0000	0.0000	0.0000	0.0000	0.0126	0.0212	0.0006	0.0634	0.0677	0.0000	0.0003	0.0000	0.0007	0.0219	0.0000	-0.0001	0.0008	0.9979	1.2348	4.0614	0.0000	0.0000	0.0000	0.0000	0.0000	0.0000	0.0000	0.0000	0.0000	0.0001	0.0001	0.0000	0.0001	0.0001	0.0000	0.0000	0.0000	0.0000	0.0000	0.0000	0.0000	0.0000	0.0000	0.0000	0.0000	0.0000	0.0000	0.0081	0.0047	0.0034	0.0016	0.0015	0.0001	0.0065	0.0032	0.0033	0.0000	0.0000	0.0000	0.0000	0.0000	0.0000	0.0000	0.0000	0.0000	0.0126	0.0212	0.0006	0.0634	0.0677	0.0000	0.0003	0.0000	0.0007		
10	60	0.0992	11	1	1	1	0	0	0	0	0	N	N	N	N	N	N	N	N	N	N	N	N	0.0000	0.0000	0.0000	0.0000	0.0000	0.0000	0.0000	0.0000	0.0000	0.0000	0.0000	0.0000	0.0000	0.0000	0.0000	0.0000	0.0000	0.0000	0.0273	0.0238	0.0320	0.0736	0.0786	0.0000	0.0168	0.0000	0.0329	1.0039	0.0000	-0.0000	0.0008	2.2356	1.2348	2.2044	0.0000	0.0000	0.0000	0.0000	0.0000	0.0000	0.0000	0.0000	0.0000	0.0002	0.0001	0.0001	0.0001	0.0001	0.0000	0.0001	0.0000	0.0001	0.0000	0.0000	0.0000	0.0000	0.0000	0.0000	0.0000	0.0000	0.0000	0.0069	0.0040	0.0030	0.0013	0.0012	0.0001	0.0056	0.0028	0.0029	0.0000	0.0000	0.0000	0.0000	0.0000	0.0000	0.0000	0.0000	0.0000	0.0273	0.0238	0.0320	0.0736	0.0786	0.0000	0.0168	0.0000	0.0329	
10	61	0.0332	5	2	0	2	0	0	0	0	0	Y	N	Y	N	N	N	N	N	N	N	N	N	416062.1638	364010.8221	453880.3160	1.7113	0.0000	26402.8610	14408062.3974	inf	555631.3497	4.1584	6.9203	0.5186	0.0001	0.0000	0.2888	7.4923	31.7794	0.5187	0.0000	0.0000	0.0000	0.0001	0.0001	0.0000	0.0000	0.0000	0.0000	0.0569	0.0612	-0.0001	-0.0000	0.0008	2.0703	1.2348	7.0012	0.0004	0.0004	0.0000	0.0000	0.0000	0.0000	0.0004	0.0004	0.0000	0.0000	0.0000	0.0000	0.0000	0.0000	0.0000	0.0000	0.0000	0.0000	0.0001	0.0001	0.0000	0.0000	0.0000	0.0000	0.0001	0.0000	0.0000	0.0147	0.0073	0.0074	0.0017	0.0015	0.0002	0.0130	0.0058	0.0073	416062.1638	364010.8221	453880.3160	1.7113	0.0000	26402.8610	14408062.3974	inf	555631.3497	0.0000	0.0000	0.0000	0.0001	0.0001	0.0000	0.0000	0.0000	0.0000
10	62	0.0316	4	1	0	1	0	0	0	0	0	N	N	N	N	N	N	N	N	N	N	N	N	105581.2525	92.5357	389846.2558	39.4435	36.2477	264762.5951	212.5229	383656.4601	17.1761	0.0168	55.9909	0.0240	0.0240	0.0000	26.6996	0.0092	56.0754	0.0002	0.0002	0.0001	0.0006	0.0007	0.0000	0.0001	0.0000	0.0001	1470.8316	0.7949	0.0002	-0.0000	0.0008	0.9285	1.2348	0.0280	0.0003	0.0000	0.0003	0.0000	0.0000	0.0000	0.0003	0.0000	0.0003	0.0000	0.0000	0.0000	0.0000	0.0000	0.0000	0.0000	0.0000	0.0000	0.0000	0.0000	0.0000	0.0000	0.0000	0.0000	0.0000	0.0000	0.0000	0.0016	0.0008	0.0008	0.0002	0.0002	0.0000	0.0014	0.0006	0.0008	105581.2525	92.5357	389846.2558	39.4435	36.2477	0.0000	264762.5951	212.5229	383656.4601	0.0002	0.0002	0.0001	0.0006	0.0007	0.0000	0.0001	0.0000	0.0001	
10	63	0.1222	11	2	1	1	0	0	0	0	0	Y	N	N	N	N	N	N	N	N	N	N	N	0.0000	0.0000	0.0000	0.0000	0.0000	0.0000	0.0000	0.0000	0.0000	0.0000	0.0000	0.0000	0.0000	0.0005	0.0009	0.0000	0.0028	0.0031	0.0000	0.0000	0.0000	0.0000	0.0000	0.0000	-0.0000	0.0008	1.0023	1.2348	3.0135	0.0000	0.0000	0.0000	0.0000	0.0000	0.0000	0.0000	0.0000	0.0000	0.0000	0.0000	0.0000	0.0000	0.0000	0.0000	0.0000	0.0000	0.0000	0.0000	0.0000	0.0000	0.0000	0.0000	0.0000	0.0000	0.0000	0.0000	0.0058	0.0035	0.0024	0.0011	0.0010	0.0001	0.0048	0.0025	0.0023	0.0000	0.0000	0.0000	0.0000	0.0000	0.0000	0.0000	0.0000	0.0000	0.0005	0.0009	0.0000	0.0028	0.0031	0.0000	0.0000	0.0000	0.0000						
10	64	0.0958	10	2	1	1	0	0	0	0	0	Y	N	N	N	N	N	N	N	N	N	N	N	0.0000	0.0000	0.0000	0.0000	0.0000	0.0000	0.0000	0.0000	0.0000	0.0000	0.0000	0.0000	0.0000	0.0000	0.0000	0.0000	0.0000	0.0002	0.0003	0.0000	0.0000	0.0000	0.0000	0.0002	0.0004	0.0000	0.0417	0.0000	-0.0000	0.0008	3.0820	1.2348	9.3392	0.0000	0.0000	0.0000	0.0000	0.0000	0.0000	0.0000	0.0000	0.0000	0.0000	0.0000	0.0000	0.0000	0.0000	0.0000	0.0000	0.0000	0.0000	0.0000	0.0000	0.0000	0.0000	0.0000	0.0000	0.0000	0.0000	0.0000	0.0168	0.0095	0.0073	0.0026	0.0024	0.0002	0.0142	0.0071	0.0071	0.0000	0.0000	0.0000	0.0000	0.0000	0.0000	0.0000	0.0000	0.0000	0.0002	0.0003	0.0000	0.0000	0.0000	0.0000	0.0002	0.0004	0.0000		
10	65	0.0992	11	1	1	1	0	0	0	0	0	N	N	N	N	N	N	N	N	N	N	N	N	0.0000	0.0000	0.0000	0.0000	0.0000	0.0000	0.0000	0.0000	0.0000	0.0000	0.0000	0.0000	0.0000	0.0000	0.0000	0.0000	0.0000	0.1174	0.0045	0.2608	0.0156	0.0169	0.0002	0.1370	0.0000	0.2685	45.7269	0.0000	0.0006	0.0008	1.7946	1.2348	5.9592	0.0000	0.0000	0.0000	0.0000	0.0000	0.0000	0.0000	0.0000	0.0000	0.0013	0.0000	0.0013	0.0000	0.0000	0.0000	0.0013	0.0000	0.0013	0.0000	0.0000	0.0000	0.0000	0.0000	0.0000	0.0000	0.0000	0.0000	0.0111	0.0062	0.0049	0.0018	0.0016	0.0001	0.0093	0.0045	0.0047	0.0000	0.0000	0.0000	0.0000	0.0000	0.0000	0.0000	0.0000	0.0000	0.1174	0.0045	0.2608	0.0156	0.0169	0.0002	0.1370	0.0000	0.2685		
10	66	0.0924	10	1	1	1	0	0	0	0	0	N	N	N	N	N	N	N	N	N	N	N	N	0.0000	0.0000	0.0000	0.0000	0.0000	0.0000	0.0000	0.0000	0.0000	0.0000	0.0000	0.0000	0.0000	0.0000	0.0000	0.0000	0.0000	0.0208	0.0016	0.0439	0.0058	0.0063	0.0000	0.0235	0.0000	0.0452	22.5280	0.0000	0.0000	0.0008	1.3569	1.2348	2.0560	0.0000	0.0000	0.0000	0.0000	0.0000	0.0000	0.0000	0.0000	0.0000	0.0001	0.0000	0.0001	0.0000	0.0000	0.0000	0.0001	0.0000	0.0001	0.0000	0.0000	0.0000	0.0000	0.0000	0.0000	0.0000	0.0000	0.0000	0.0050	0.0027	0.0023	0.0008	0.0007	0.0001	0.0042	0.0020	0.0022	0.0000	0.0000	0.0000	0.0000	0.0000	0.0000	0.0000	0.0000	0.0000	0.0208	0.0016	0.0439	0.0058	0.0063	0.0000	0.0235	0.0000	0.0452		
10	67	0.0790	9	1	1	1	0	0	0	0	0	N	N	N	N	N	N	N	N	N	N	N	N	0.0000	0.0000	0.0000	0.0000	0.0000	0.0000	0.0000	0.0000	0.0000	0.0000	0.0000	0.0000	0.0000	0.0000	0.0000	0.0000	0.0002	0.0001	0.0004	0.0002	0.0002	0.0000	0.0002	0.0000	0.0004	4.0874	0.0000	0.0000	0.0008	4.9477	1.2348	2.0153	0.0000	0.0000	0.0000	0.0000	0.0000	0.0000	0.0000	0.0000	0.0000	0.0000	0.0000	0.0000	0.0000	0.0000	0.0000	0.0000	0.0000	0.0000	0.0000	0.0000	0.0000	0.0000	0.0000	0.0000	0.0000	0.0000	0.0000	0.0124	0.0067	0.0057	0.0027	0.0026	0.0001	0.0097	0.0041	0.0056	0.0000	0.0000	0.0000	0.0000	0.0000	0.0000	0.0000	0.0000	0.0000	0.0002	0.0001	0.0004	0.0002	0.0002	0.0000	0.0002	0.0000	0.0004			
10	68	0.2074	19	1	0	2	0	0	0	0	0	N	N	Y	N	N	N	N	N	N	N	N	N	0.0000	0.0000	0.0000	0.0000	0.0000	0.0000	0.0000	0.0000	0.0000	0.0000	0.0000	0.0000	0.0000	0.0000	0.0000	0.0000	0.0000	0.0000	0.0000	0.0000	0.0008	0.0000	1.2348	4.0001	0.0000	0.0000	0.0000	0.0000	0.0000	0.0000	0.0000	0.0000	0.0000	0.0000	0.0000	0.0000	0.0000	0.0000	0.0000	0.0000	0.0000	0.0000	0.0000	0.0000	0.0000	0.0000	0.0000	0.0000	0.0000	0.0000	0.0000	0.0054	0.0033	0.0021	0.0017	0.0015	0.0002	0.0037	0.0018	0.0018	0.0000	0.0000	0.0000	0.0000	0.0000	0.0000	0.0000	0.0000	0.0000	0.0000	0.0000	0.0000	0.0000	0.0000	0.0000	0.0000	0.0000	0.0000											
10	69	0.1851	18	1	0	1	0	0	0	0	0	N	N	N	N	N	N	N	N	N	N	N	N	0.0000	0.0000	0.0000	0.0000	0.0000	0.0000	0.0000	0.0000	0.0000	0.0000	0.0000	0.0000	0.0000	0.0000	0.0000	0.0000	0.0000	0.0002	0.0002	0.0000	0.0004	0.0005	0.0000	0.0000	0.0000	0.0000	0.0450	0.0000	-0.0000	0.0008	2.8240	1.2348	8.9883	0.0000	0.0000	0.0000	0.0000	0.0000	0.0000	0.0000	0.0000	0.0000	0.0000	0.0000	0.0000	0.0000	0.0000	0.0000	0.0000	0.0000	0.0000	0.0000	0.0000	0.0000	0.0000	0.0000	0.0000	0.0000	0.0000	0.0000	0.0197	0.0121	0.0076	0.0064	0.0059	0.0005	0.0133	0.0062	0.0071	0.0000	0.0000	0.0000	0.0000	0.0000	0.0000	0.0000	0.0000	0.0000	0.0002	0.0002	0.0000	0.0004	0.0005	0.0000	0.0000	0.0000	0.0000		
10	70	0.1762	17	1	0	1	0	0	0	0	0	N	N	N	N	N	N	N	N	N	N	N	N	0.0000	0.0000	0.0000	0.0000	0.0000	0.0000	0.0000	0.0000	0.0000	0.0000	0.0000	0.0000	0.0000	0.0000	0.0000	0.0000	0.0000	0.0000	0.0003	0.0001	0.0007	0.0000	0.0000	0.0000	0.0004	0.0001	0.0007	6.3207	0.0000	0.0000	0.0008	1.4521	1.2348	3.5882	0.0000	0.0000	0.0000	0.0000	0.0000	0.0000	0.0000	0.0000	0.0000	0.0000	0.0000	0.0000	0.0000	0.0000	0.0000	0.0000	0.0000	0.0000	0.0000	0.0000	0.0000	0.0000	0.0000	0.0000	0.0000	0.0000	0.0000	0.0115	0.0076	0.0039	0.0044	0.0042	0.0002	0.0071	0.0034	0.0037	0.0000	0.0000	0.0000	0.0000	0.0000	0.0000	0.0000	0.0000	0.0000	0.0003	0.0001	0.0007	0.0000	0.0000	0.0000	0.0004	0.0001	0.0007	
10	71	0.1734	16	1	0	1	0	0	0	0	0	N	N	N	N	N	N	N	N	N	N	N	N	0.0000	0.0000	0.0000	0.0000	0.0000	0.0000	0.0000	0.0000	0.0000	0.0000	0.0000	0.0000	0.0000	0.0000	0.0000	0.0000	0.0000	0.0000	0.0000	0.0000	0.0000	0.0000	0.0000	0.0000	0.0000	0.0000	0.3959	0.0000	-0.0000	0.0008	1.1783	1.2348	0.9542	0.0000	0.0000	0.0000	0.0000	0.0000	0.0000	0.0000	0.0000	0.0000	0.0000	0.0000	0.0000	0.0000	0.0000	0.0000	0.0000	0.0000	0.0000	0.0000	0.0000	0.0000	0.0000	0.0000	0.0000	0.0000	0.0000	0.0000	0.0066	0.0045	0.0021	0.0027	0.0027	0.0001	0.0039	0.0019	0.0020	0.0000	0.0000	0.0000	0.0000	0.0000	0.0000	0.0000	0.0000	0.0000	0.0000	0.0000	0.0000	0.0000	0.0000	0.0000	0.0000	0.0000	0.0000		
10	72	0.1688	15	1	0	1	0	0	0	0	0	N	N	N	N	N	N	N	N	N	N	N	N	0.0000	0.0000	0.0000	0.0000	0.0000	0.0000	0.0000	0.0000	0.0000	0.0000	0.0000	0.0000	0.0000	0.0000	0.0000	0.0000	0.0000	0.0000	0.0000	0.0000	0.0000	0.0000	0.0000	0.0001	0.0000	0.0000	0.0000	0.5944	0.0000	-0.0000	0.0008	2.0762	1.2348	1.4610	0.0000	0.0000	0.0000	0.0000	0.0000	0.0000	0.0000	0.0000	0.0000	0.0000	0.0000	0.0000	0.0000	0.0000	0.0000	0.0000	0.0000	0.0000	0.0000	0.0000	0.0000	0.0000	0.0000	0.0000	0.0000	0.0000	0.0000	0.0079	0.0052	0.0027	0.0030	0.0028	0.0002	0.0049	0.0023	0.0026	0.0000	0.0000	0.0000	0.0000	0.0000	0.0000	0.0000	0.0000	0.0000	0.0000	0.0000	0.0000	0.0000	0.0000	0.0001	0.0000	0.0000	0.0000	
10	73	0.1046	11	1	0	1	0	0	0	0	0	N	N	N	N	N	N	N	N	N	N	N	N	0.0000	0.0000	0.0000	0.0000	0.0000	0.0000	0.0000	0.0000	0.0000	0.0000	0.0000	0.0000	0.0000	0.0000	0.0000	0.0000	0.0000	0.0001	0.0000	0.0002	0.0002	0.0000	0.0000	0.0000	0.0000	0.0115	0.0000	-0.0000	0.0008	4.0673	1.2348	17.8409	0.0000	0.0000	0.0000	0.0000	0.0000	0.0000	0.0000	0.0000	0.0000	0.0000	0.0000	0.0000	0.0000	0.0000	0.0000	0.0000	0.0000	0.0000	0.0000	0.0000	0.0000	0.0000	0.0000	0.0000	0.0000	0.0000	0.0000	0.0275	0.0154	0.0121	0.0046	0.0042	0.0004	0.0229	0.0112	0.0117	0.0000	0.0000	0.0000	0.0000	0.0000	0.0000	0.0000	0.0000	0.0000	0.0000	0.0001	0.0000	0.0002	0.0002	0.0000	0.0000	0.0000	0.0000			
10	75	0.2413	15	1	0	1	0	0	0	0	0	N	N	N	N	N	N	N	N	N	N	N	N	2.1356	1.8287	0.0000	4.2252	4.0857	0.0000	0.0000	0.0000	0.0000	0.0214	0.0240	0.0000	0.0544	0.0560	0.0000	0.0000	0.0000	0.0000	0.0100	0.0131	0.0036	0.0129	0.0137	0.0057	0.0078	0.0123	0.0032	0.0000	0.1300	-0.0000	-0.0004	0.0008	3.5843	1.2348	46.7516	0.0000	0.0000	0.0000	0.0000	0.0000	0.0000	0.0000	0.0000	0.0000	0.0010	0.0009	0.0001	0.0006	0.0005	0.0000	0.0004	0.0003	0.0001	0.0000	0.0000	0.0000	0.0000	0.0000	0.0000	0.0000	0.0000	0.0000	0.0977	0.0661	0.0316	0.0431	0.0387	0.0044	0.0546	0.0274	0.0272	2.1356	1.8287	0.0000	4.2252	4.0857	0.0000	0.0000	0.0000	0.0000	0.0100	0.0131	0.0036	0.0129	0.0137	0.0057	0.0078	0.0123	0.0032
10	78	0.1222	12	1	1	1	0	0	0	0	0	N	N	N	N	N	N	N	N	N	N	N	N	0.0000	0.0000	0.0000	0.0000	0.0000	0.0000	0.0000	0.0000	0.0000	0.0000	0.0000	0.0000	0.0000	0.0000	0.0000	0.0000	0.0000	0.0000	0.0026	0.0043	0.0000	0.0094	0.0103	0.0001	0.0001	0.0001	0.0000	0.0021	0.0000	-0.0001	0.0008	8.4371	1.2348	15.3349	0.0000	0.0000	0.0000	0.0000	0.0000	0.0000	0.0000	0.0000	0.0000	0.0001	0.0001	0.0000	0.0001	0.0001	0.0000	0.0000	0.0000	0.0000	0.0001	0.0001	0.0000	0.0000	0.0000	0.0000	0.0001	0.0000	0.0000	0.0370	0.0229	0.0141	0.0103	0.0094	0.0009	0.0267	0.0135	0.0132	0.0000	0.0000	0.0000	0.0000	0.0000	0.0000	0.0000	0.0000	0.0000	0.0026	0.0043	0.0000	0.0094	0.0103	0.0001	0.0001	0.0001	0.0000	
10	79	0.0095	2	2	0	2	0	0	0	0	0	Y	N	Y	N	N	N	N	N	N	N	N	N	0.5471	2.5170	0.0000	2.8632	2.8517	0.0000	0.0000	0.0000	0.0768	0.1007	0.0000	0.2621	0.2621	0.0000	0.0000	0.0000	0.0000	0.1404	0.0400	0.2761	0.0915	0.0919	0.0668	0.1571	0.0000	0.2781	0.0000	5.1088	-0.0000	0.0010	0.0008	3.0096	1.2348	5.7427	0.0000	0.0000	0.0000	0.0000	0.0000	0.0000	0.0000	0.0000	0.0000	0.0035	0.0006	0.0029	0.0006	0.0006	0.0000	0.0029	0.0000	0.0029	0.0000	0.0000	0.0000	0.0000	0.0000	0.0000	0.0000	0.0000	0.0000	0.0248	0.0143	0.0106	0.0063	0.0062	0.0001	0.0185	0.0081	0.0105	0.5471	2.5170	0.0000	2.8632	2.8517	0.0000	0.0000	0.0000	0.0000	0.1404	0.0400	0.2761	0.0915	0.0919	0.0668	0.1571	0.0000	0.2781	
10	84	0.1420	14	1	1	1	0	0	0	0	0	N	N	N	N	N	N	N	N	N	N	N	N	222.2006	4097.7077	0.0000	0.1974	0.1893	0.0000	224.6502	4787.8898	0.0000	4.7210	5.3569	0.0000	0.0002	0.0002	0.0000	6.8245	8.0976	0.0000	0.0212	0.0013	0.0538	0.0008	0.0008	0.0002	0.0304	0.0017	0.0584	0.0000	25.2178	-0.0001	0.0005	0.0008	7.1084	1.2348	28.8937	0.0003	0.0003	0.0000	0.0000	0.0000	0.0000	0.0003	0.0003	0.0000	0.0011	0.0000	0.0011	0.0000	0.0000	0.0000	0.0011	0.0000	0.0011	0.0001	0.0001	0.0000	0.0000	0.0000	0.0000	0.0000	0.0000	0.0000	0.0520	0.0322	0.0198	0.0160	0.0145	0.0016	0.0360	0.0178	0.0182	222.2006	4097.7077	0.0000	0.1974	0.1893	0.0000	224.6502	4787.8898	0.0000	0.0212	0.0013	0.0538	0.0008	0.0008	0.0002	0.0304	0.0017	0.0584
10	85	0.1345	13	1	1	1	0	0	0	0	0	N	N	N	N	N	N	N	N	N	N	N	N	0.1241	0.9440	0.0045	0.0894	0.0896	0.0000	0.1337	32.1408	0.0049	0.0099	0.0110	0.0010	0.0019	0.0020	0.0000	0.0155	0.0181	0.0012	0.0800	0.0117	0.2254	0.0210	0.0219	0.0062	0.1156	0.0006	0.2411	0.0111	9.0801	-0.0000	0.0005	0.0008	2.2208	1.2348	3.9129	0.0000	0.0000	0.0000	0.0000	0.0000	0.0000	0.0000	0.0000	0.0000	0.0013	0.0001	0.0012	0.0001	0.0001	0.0000	0.0012	0.0000	0.0012	0.0000	0.0000	0.0000	0.0000	0.0000	0.0000	0.0000	0.0000	0.0000	0.0164	0.0111	0.0052	0.0062	0.0058	0.0004	0.0102	0.0053	0.0049	0.1241	0.9440	0.0045	0.0894	0.0896	0.0000	0.1337	32.1408	0.0049	0.0800	0.0117	0.2254	0.0210	0.0219	0.0062	0.1156	0.0006	0.2411
10	86	0.2100	15	1	0	2	0	0	0	0	0	N	N	Y	N	N	N	N	N	N	N	N	N	0.0000	0.0000	0.0000	0.0000	0.0000	0.0000	0.0000	0.0000	0.0000	0.0000	0.0000	0.0000	0.0000	0.0000	0.0000	0.0000	0.0000	0.0007	0.0012	0.0000	0.0024	0.0026	0.0005	0.0000	0.0000	0.0000	0.0252	0.0000	-0.0000	0.0008	5.3425	1.2348	7.0749	0.0000	0.0000	0.0000	0.0000	0.0000	0.0000	0.0000	0.0000	0.0000	0.0000	0.0000	0.0000	0.0000	0.0000	0.0000	0.0000	0.0000	0.0000	0.0001	0.0000	0.0000	0.0000	0.0000	0.0000	0.0000	0.0000	0.0000	0.0186	0.0114	0.0072	0.0056	0.0050	0.0006	0.0130	0.0064	0.0067	0.0000	0.0000	0.0000	0.0000	0.0000	0.0000	0.0000	0.0000	0.0000	0.0007	0.0012	0.0000	0.0024	0.0026	0.0005	0.0000	0.0000	0.0000		
10	87	0.1669	14	1	0	1	0	0	0	0	0	N	N	N	N	N	N	N	N	N	N	N	N	0.0201	0.0258	0.0000	0.0222	0.0409	0.0000	0.0000	0.0000	0.0000	0.0001	0.0001	0.0000	0.0001	0.0001	0.0000	0.0000	0.0000	0.0000	0.0026	0.0022	0.0031	0.0064	0.0036	0.0350	0.0006	0.0009	0.0003	0.0000	0.8050	-0.0000	-0.0000	0.0008	7.0719	1.2348	13.7350	0.0000	0.0000	0.0000	0.0000	0.0000	0.0000	0.0000	0.0000	0.0000	0.0001	0.0001	0.0000	0.0001	0.0000	0.0000	0.0000	0.0000	0.0000	0.0001	0.0001	0.0000	0.0000	0.0000	0.0000	0.0000	0.0000	0.0000	0.0385	0.0243	0.0142	0.0128	0.0117	0.0011	0.0256	0.0126	0.0131	0.0201	0.0258	0.0000	0.0222	0.0409	0.0000	0.0000	0.0000	0.0000	0.0026	0.0022	0.0031	0.0064	0.0036	0.0350	0.0006	0.0009	0.0003
10	88	0.1095	12	2	0	2	0	0	0	0	0	Y	N	Y	N	N	N	N	N	N	N	N	N	0.0000	0.0000	0.0000	0.0000	0.0000	0.0000	0.0000	0.0000	0.0000	0.0000	0.0000	0.0000	0.0000	0.0000	0.0000	0.0000	0.0000	0.0000	0.0000	0.0000	0.0008	0.0000	1.2348	0.0000	0.0000	0.0000	0.0000	0.0000	0.0000	0.0000	0.0000	0.0000	0.0000	0.0000	0.0000	0.0000	0.0000	0.0000	0.0000	0.0000	0.0000	0.0000	0.0000	0.0000	0.0000	0.0000	0.0000	0.0000	0.0000	0.0000	0.0000	0.0000	0.0000	0.0000	0.0000	0.0000	0.0000	0.0000	0.0000	0.0000	0.0000	0.0000	0.0000	0.0000	0.0000	0.0000	0.0000	0.0000	0.0000	0.0000	0.0000	0.0000	0.0000	0.0000	0.0000	0.0000	0.0000	0.0000											
10	89	0.1075	11	2	0	2	0	0	0	0	0	Y	N	Y	N	N	N	N	N	N	N	N	N	0.0000	0.0000	0.0000	0.0000	0.0000	0.0000	0.0000	0.0000	0.0000	0.0000	0.0000	0.0000	0.0000	0.0000	0.0000	0.0000	0.0000	0.0000	0.0000	0.0000	0.0008	0.0001	1.2348	0.9161	0.0000	0.0000	0.0000	0.0000	0.0000	0.0000	0.0000	0.0000	0.0000	0.0000	0.0000	0.0000	0.0000	0.0000	0.0000	0.0000	0.0000	0.0000	0.0000	0.0000	0.0000	0.0000	0.0000	0.0000	0.0000	0.0000	0.0000	0.0024	0.0016	0.0008	0.0008	0.0007	0.0000	0.0016	0.0008	0.0007	0.0000	0.0000	0.0000	0.0000	0.0000	0.0000	0.0000	0.0000	0.0000	0.0000	0.0000	0.0000	0.0000	0.0000	0.0000	0.0000	0.0000	0.0000											
10	90	0.0827	10	2	0	2	0	0	0	0	0	Y	N	Y	N	N	N	N	N	N	N	N	N	0.0000	0.0000	0.0000	0.0000	0.0000	0.0000	0.0000	0.0000	0.0000	0.0000	0.0000	0.0000	0.0000	0.0000	0.0000	0.0000	0.0001	0.0002	0.0000	0.0008	0.0008	0.0000	0.0000	0.0000	0.0000	0.0179	0.0000	-0.0000	0.0008	3.7876	1.2348	7.8440	0.0000	0.0000	0.0000	0.0000	0.0000	0.0000	0.0000	0.0000	0.0000	0.0000	0.0000	0.0000	0.0000	0.0000	0.0000	0.0000	0.0000	0.0000	0.0000	0.0000	0.0000	0.0000	0.0000	0.0000	0.0000	0.0000	0.0000	0.0171	0.0093	0.0077	0.0029	0.0027	0.0002	0.0142	0.0066	0.0076	0.0000	0.0000	0.0000	0.0000	0.0000	0.0000	0.0000	0.0000	0.0000	0.0001	0.0002	0.0000	0.0008	0.0008	0.0000	0.0000	0.0000	0.0000			
10	91	0.1151	12	1	1	1	1	0	0	0	0	N	N	N	N	N	N	N	N	N	N	N	N	0.0000	0.0000	0.0000	0.0000	0.0000	0.0000	0.0000	0.0000	0.0000	0.0000	0.0000	0.0000	0.0000	0.0000	0.0000	0.0000	0.0000	0.0067	0.0001	0.0158	0.0003	0.0004	0.0000	0.0086	0.0000	0.0165	86.6239	0.0000	0.0001	0.0008	1.8247	1.2348	16.3284	0.0000	0.0000	0.0000	0.0000	0.0000	0.0000	0.0000	0.0000	0.0000	0.0002	0.0000	0.0002	0.0000	0.0000	0.0000	0.0002	0.0000	0.0002	0.0000	0.0000	0.0000	0.0000	0.0000	0.0000	0.0000	0.0000	0.0000	0.0257	0.0149	0.0108	0.0057	0.0053	0.0004	0.0200	0.0096	0.0104	0.0000	0.0000	0.0000	0.0000	0.0000	0.0000	0.0000	0.0000	0.0000	0.0067	0.0001	0.0158	0.0003	0.0004	0.0000	0.0086	0.0000	0.0165		
10	92	0.1046	11	1	1	1	0	0	0	0	0	N	N	N	N	N	N	N	N	N	N	N	N	0.0000	0.0000	0.0000	0.0000	0.0000	0.0000	0.0000	0.0000	0.0000	0.0000	0.0000	0.0000	0.0000	0.0000	0.0000	0.0000	0.0055	0.0000	0.0124	0.0002	0.0002	0.0000	0.0065	0.0000	0.0128	195.3952	0.0000	0.0001	0.0008	9.1310	1.2348	16.1726	0.0000	0.0000	0.0000	0.0000	0.0000	0.0000	0.0000	0.0000	0.0000	0.0002	0.0000	0.0002	0.0000	0.0000	0.0000	0.0002	0.0000	0.0002	0.0001	0.0001	0.0000	0.0000	0.0000	0.0000	0.0001	0.0000	0.0000	0.0312	0.0174	0.0138	0.0052	0.0047	0.0005	0.0260	0.0128	0.0133	0.0000	0.0000	0.0000	0.0000	0.0000	0.0000	0.0000	0.0000	0.0000	0.0055	0.0000	0.0124	0.0002	0.0002	0.0000	0.0065	0.0000	0.0128			
10	93	0.1896	17	1	1	1	0	0	0	0	0	N	N	N	N	N	N	N	N	N	N	N	N	0.0000	0.0000	0.0000	0.0000	0.0000	0.0000	0.0000	0.0000	0.0000	0.0000	0.0000	0.0000	0.0000	0.0000	0.0000	0.0000	0.0000	0.0005	0.0000	0.0012	0.0001	0.0001	0.0000	0.0007	0.0000	0.0013	17.3839	0.0000	0.0000	0.0008	4.0959	1.2348	8.7137	0.0000	0.0000	0.0000	0.0000	0.0000	0.0000	0.0000	0.0000	0.0000	0.0000	0.0000	0.0000	0.0000	0.0000	0.0000	0.0000	0.0000	0.0000	0.0000	0.0000	0.0000	0.0000	0.0000	0.0000	0.0000	0.0000	0.0000	0.0221	0.0139	0.0082	0.0083	0.0074	0.0008	0.0138	0.0064	0.0074	0.0000	0.0000	0.0000	0.0000	0.0000	0.0000	0.0000	0.0000	0.0000	0.0005	0.0000	0.0012	0.0001	0.0001	0.0000	0.0007	0.0000	0.0013		
10	94	0.1713	16	1	1	1	0	0	0	0	0	N	N	N	N	N	N	N	N	N	N	N	N	0.0000	0.0000	0.0000	0.0000	0.0000	0.0000	0.0000	0.0000	0.0000	0.0000	0.0000	0.0000	0.0000	0.0000	0.0000	0.0000	0.0000	0.0000	0.0001	0.0001	0.0002	0.0002	0.0002	0.0000	0.0001	0.0000	0.0002	0.7618	0.0000	-0.0000	0.0008	2.9443	1.2348	6.1524	0.0000	0.0000	0.0000	0.0000	0.0000	0.0000	0.0000	0.0000	0.0000	0.0000	0.0000	0.0000	0.0000	0.0000	0.0000	0.0000	0.0000	0.0000	0.0000	0.0000	0.0000	0.0000	0.0000	0.0000	0.0000	0.0000	0.0000	0.0139	0.0086	0.0052	0.0048	0.0044	0.0004	0.0090	0.0042	0.0048	0.0000	0.0000	0.0000	0.0000	0.0000	0.0000	0.0000	0.0000	0.0000	0.0001	0.0001	0.0002	0.0002	0.0002	0.0000	0.0001	0.0000	0.0002	
10	95	0.1688	15	1	0	1	0	0	0	0	0	N	N	N	N	N	N	N	N	N	N	N	N	0.0000	0.0000	0.0000	0.0000	0.0000	0.0000	0.0000	0.0000	0.0000	0.0000	0.0000	0.0000	0.0000	0.0000	0.0000	0.0000	0.0000	0.0002	0.0000	0.0004	0.0001	0.0001	0.0001	0.0002	0.0000	0.0004	6.2709	0.0000	0.0000	0.0008	0.8596	1.2348	1.2300	0.0000	0.0000	0.0000	0.0000	0.0000	0.0000	0.0000	0.0000	0.0000	0.0000	0.0000	0.0000	0.0000	0.0000	0.0000	0.0000	0.0000	0.0000	0.0000	0.0000	0.0000	0.0000	0.0000	0.0000	0.0000	0.0000	0.0000	0.0060	0.0041	0.0019	0.0024	0.0023	0.0001	0.0036	0.0017	0.0019	0.0000	0.0000	0.0000	0.0000	0.0000	0.0000	0.0000	0.0000	0.0000	0.0002	0.0000	0.0004	0.0001	0.0001	0.0001	0.0002	0.0000	0.0004		
10	96	0.1570	14	1	0	1	0	0	0	0	0	N	N	N	N	N	N	N	N	N	N	N	N	0.0000	0.0000	0.0000	0.0000	0.0000	0.0000	0.0000	0.0000	0.0000	0.0000	0.0000	0.0000	0.0000	0.0000	0.0000	0.0000	0.0000	0.0011	0.0001	0.0029	0.0029	0.0001	0.0512	0.0000	0.0000	0.0000	27.2915	0.0000	0.0000	0.0008	3.7737	1.2348	2.5241	0.0000	0.0000	0.0000	0.0000	0.0000	0.0000	0.0000	0.0000	0.0000	0.0000	0.0000	0.0000	0.0000	0.0000	0.0000	0.0000	0.0000	0.0000	0.0000	0.0000	0.0000	0.0000	0.0000	0.0000	0.0000	0.0000	0.0000	0.0138	0.0088	0.0050	0.0052	0.0049	0.0003	0.0086	0.0039	0.0047	0.0000	0.0000	0.0000	0.0000	0.0000	0.0000	0.0000	0.0000	0.0000	0.0011	0.0001	0.0029	0.0029	0.0001	0.0512	0.0000	0.0000	0.0000		
10	97	0.1361	13	1	0	1	0	0	0	0	0	N	N	N	N	N	N	N	N	N	N	N	N	0.0000	0.0000	0.0000	0.0000	0.0000	0.0000	0.0000	0.0000	0.0000	0.0000	0.0000	0.0000	0.0000	0.0000	0.0000	0.0000	0.0000	0.0000	0.0010	0.0015	0.0004	0.0036	0.0038	0.0002	0.0002	0.0000	0.0004	0.1822	0.0000	-0.0000	0.0008	6.4922	1.2348	4.5502	0.0000	0.0000	0.0000	0.0000	0.0000	0.0000	0.0000	0.0000	0.0000	0.0000	0.0000	0.0000	0.0000	0.0000	0.0000	0.0000	0.0000	0.0000	0.0001	0.0001	0.0000	0.0000	0.0000	0.0000	0.0000	0.0000	0.0000	0.0169	0.0100	0.0069	0.0041	0.0038	0.0003	0.0128	0.0062	0.0066	0.0000	0.0000	0.0000	0.0000	0.0000	0.0000	0.0000	0.0000	0.0000	0.0010	0.0015	0.0004	0.0036	0.0038	0.0002	0.0002	0.0000	0.0004	
10	98	0.0827	10	1	1	1	0	0	0	0	0	N	N	N	N	N	N	N	N	N	N	N	N	0.0000	0.0000	0.0000	0.0000	0.0000	0.0000	0.0000	0.0000	0.0000	0.0000	0.0000	0.0000	0.0000	0.0000	0.0000	0.0000	0.0000	0.0810	0.0028	0.1750	0.0095	0.0102	0.0002	0.0949	0.0000	0.1790	51.3640	0.0000	0.0007	0.0008	1.3608	1.2348	12.1483	0.0000	0.0000	0.0000	0.0000	0.0000	0.0000	0.0000	0.0000	0.0000	0.0016	0.0000	0.0015	0.0000	0.0000	0.0000	0.0015	0.0000	0.0015	0.0000	0.0000	0.0000	0.0000	0.0000	0.0000	0.0000	0.0000	0.0000	0.0194	0.0106	0.0088	0.0031	0.0029	0.0002	0.0162	0.0076	0.0086	0.0000	0.0000	0.0000	0.0000	0.0000	0.0000	0.0000	0.0000	0.0000	0.0810	0.0028	0.1750	0.0095	0.0102	0.0002	0.0949	0.0000	0.1790		
10	99	0.0790	9	1	0	1	0	0	0	0	0	N	N	N	N	N	N	N	N	N	N	N	N	0.0000	0.0000	0.0000	0.0000	0.0000	0.0000	0.0000	0.0000	0.0000	0.0000	0.0000	0.0000	0.0000	0.0000	0.0000	0.0000	0.0000	0.0004	0.0002	0.0008	0.0003	0.0003	0.0000	0.0005	0.0000	0.0008	3.7476	0.0000	0.0000	0.0008	1.5300	1.2348	0.7696	0.0000	0.0000	0.0000	0.0000	0.0000	0.0000	0.0000	0.0000	0.0000	0.0000	0.0000	0.0000	0.0000	0.0000	0.0000	0.0000	0.0000	0.0000	0.0000	0.0000	0.0000	0.0000	0.0000	0.0000	0.0000	0.0000	0.0000	0.0064	0.0035	0.0029	0.0020	0.0020	0.0000	0.0044	0.0015	0.0028	0.0000	0.0000	0.0000	0.0000	0.0000	0.0000	0.0000	0.0000	0.0000	0.0004	0.0002	0.0008	0.0003	0.0003	0.0000	0.0005	0.0000	0.0008		
10	100	0.0702	8	1	0	1	0	0	0	0	0	N	N	N	N	N	N	N	N	N	N	N	N	0.0000	0.0000	0.0000	0.0000	0.0000	0.0000	0.0000	0.0000	0.0000	0.0000	0.0000	0.0000	0.0000	0.0000	0.0000	0.0000	0.0001	0.0000	0.0001	0.0001	0.0001	0.0000	0.0001	0.0000	0.0001	3.2997	0.0000	0.0000	0.0008	3.6906	1.2348	1.4800	0.0000	0.0000	0.0000	0.0000	0.0000	0.0000	0.0000	0.0000	0.0000	0.0000	0.0000	0.0000	0.0000	0.0000	0.0000	0.0000	0.0000	0.0000	0.0000	0.0000	0.0000	0.0000	0.0000	0.0000	0.0000	0.0000	0.0000	0.0114	0.0061	0.0052	0.0031	0.0030	0.0001	0.0083	0.0032	0.0051	0.0000	0.0000	0.0000	0.0000	0.0000	0.0000	0.0000	0.0000	0.0000	0.0001	0.0000	0.0001	0.0001	0.0001	0.0000	0.0001	0.0000	0.0001			
10	101	0.0702	7	1	0	1	0	0	0	0	0	N	N	N	N	N	N	N	N	N	N	N	N	0.0000	0.0000	0.0000	0.0000	0.0000	0.0000	0.0000	0.0000	0.0000	0.0000	0.0000	0.0000	0.0000	0.0000	0.0000	0.0000	0.0000	0.0000	0.0001	0.0001	0.0001	0.0001	0.0001	0.0004	0.0001	0.0002	0.0001	0.5691	0.0000	-0.0000	0.0008	0.1361	1.2348	0.4500	0.0000	0.0000	0.0000	0.0000	0.0000	0.0000	0.0000	0.0000	0.0000	0.0000	0.0000	0.0000	0.0000	0.0000	0.0000	0.0000	0.0000	0.0000	0.0000	0.0000	0.0000	0.0000	0.0000	0.0000	0.0000	0.0000	0.0000	0.0048	0.0026	0.0023	0.0021	0.0021	0.0000	0.0027	0.0005	0.0023	0.0000	0.0000	0.0000	0.0000	0.0000	0.0000	0.0000	0.0000	0.0000	0.0001	0.0001	0.0001	0.0001	0.0001	0.0004	0.0001	0.0002	0.0001	
10	102	0.0543	6	1	0	1	0	0	0	0	0	N	N	N	N	N	N	N	N	N	N	N	N	0.0000	0.0000	0.0000	0.0000	0.0000	0.0000	0.0000	0.0000	0.0000	0.0000	0.0000	0.0000	0.0000	0.0000	0.0000	0.0000	0.0000	0.0000	0.0001	0.0001	0.0000	0.0001	0.0001	0.0001	0.0000	0.0000	0.0000	0.3683	0.0000	-0.0000	0.0008	3.5591	1.2348	4.5341	0.0000	0.0000	0.0000	0.0000	0.0000	0.0000	0.0000	0.0000	0.0000	0.0000	0.0000	0.0000	0.0000	0.0000	0.0000	0.0000	0.0000	0.0000	0.0000	0.0000	0.0000	0.0000	0.0000	0.0000	0.0000	0.0000	0.0000	0.0174	0.0094	0.0080	0.0045	0.0043	0.0002	0.0130	0.0051	0.0079	0.0000	0.0000	0.0000	0.0000	0.0000	0.0000	0.0000	0.0000	0.0000	0.0001	0.0001	0.0000	0.0001	0.0001	0.0001	0.0000	0.0000	0.0000	
10	104	0.1910	15	1	1	1	0	0	0	0	0	N	N	N	N	N	N	N	N	N	N	N	N	0.0000	0.0000	0.0000	0.0000	0.0000	0.0000	0.0000	0.0000	0.0000	0.0000	0.0000	0.0000	0.0000	0.0000	0.0000	0.0000	0.0000	0.0000	0.1239	0.0081	0.5169	0.0005	0.0001	0.0058	0.2191	0.0170	0.5876	18.8811	0.0000	0.0002	0.0008	0.0277	1.2348	1.3445	0.0000	0.0000	0.0000	0.0000	0.0000	0.0000	0.0000	0.0000	0.0000	0.0005	0.0000	0.0005	0.0000	0.0000	0.0000	0.0005	0.0000	0.0005	0.0000	0.0000	0.0000	0.0000	0.0000	0.0000	0.0000	0.0000	0.0000	0.0043	0.0033	0.0010	0.0019	0.0018	0.0001	0.0024	0.0016	0.0009	0.0000	0.0000	0.0000	0.0000	0.0000	0.0000	0.0000	0.0000	0.0000	0.1239	0.0081	0.5169	0.0005	0.0001	0.0058	0.2191	0.0170	0.5876	
10	105	0.1443	14	1	1	1	0	0	0	0	0	N	N	N	N	N	N	N	N	N	N	N	N	0.0000	0.0000	0.0000	0.0000	0.0000	0.0000	0.0000	0.0000	0.0000	0.0000	0.0000	0.0000	0.0000	0.0000	0.0000	0.0000	0.0000	0.0000	0.0024	0.0003	0.0055	0.0000	0.0000	0.0001	0.0031	0.0004	0.0058	14.7299	0.0000	0.0000	0.0008	5.1414	1.2348	16.4151	0.0000	0.0000	0.0000	0.0000	0.0000	0.0000	0.0000	0.0000	0.0000	0.0001	0.0000	0.0001	0.0000	0.0000	0.0000	0.0001	0.0000	0.0001	0.0000	0.0000	0.0000	0.0000	0.0000	0.0000	0.0000	0.0000	0.0000	0.0275	0.0163	0.0112	0.0064	0.0058	0.0006	0.0211	0.0105	0.0106	0.0000	0.0000	0.0000	0.0000	0.0000	0.0000	0.0000	0.0000	0.0000	0.0024	0.0003	0.0055	0.0000	0.0000	0.0001	0.0031	0.0004	0.0058	
10	106	0.1361	13	1	0	1	0	0	0	0	0	N	N	N	N	N	N	N	N	N	N	N	N	0.0000	0.0000	0.0000	0.0000	0.0000	0.0000	0.0000	0.0000	0.0000	0.0000	0.0000	0.0000	0.0000	0.0000	0.0000	0.0000	0.0000	0.0000	0.0003	0.0001	0.0007	0.0003	0.0003	0.0004	0.0004	0.0000	0.0007	3.8156	0.0000	0.0000	0.0008	3.8974	1.2348	1.6364	0.0000	0.0000	0.0000	0.0000	0.0000	0.0000	0.0000	0.0000	0.0000	0.0000	0.0000	0.0000	0.0000	0.0000	0.0000	0.0000	0.0000	0.0000	0.0000	0.0000	0.0000	0.0000	0.0000	0.0000	0.0000	0.0000	0.0000	0.0102	0.0063	0.0039	0.0029	0.0027	0.0002	0.0074	0.0036	0.0038	0.0000	0.0000	0.0000	0.0000	0.0000	0.0000	0.0000	0.0000	0.0000	0.0003	0.0001	0.0007	0.0003	0.0003	0.0004	0.0004	0.0000	0.0007	
10	107	0.1151	12	1	0	1	0	0	0	0	0	N	N	N	N	N	N	N	N	N	N	N	N	0.0000	0.0000	0.0000	0.0000	0.0000	0.0000	0.0000	0.0000	0.0000	0.0000	0.0000	0.0000	0.0000	0.0000	0.0000	0.0000	0.0000	0.0000	0.0107	0.0005	0.0254	0.0011	0.0011	0.0000	0.0140	0.0000	0.0264	38.6503	0.0000	0.0001	0.0008	0.3701	1.2348	9.6236	0.0000	0.0000	0.0000	0.0000	0.0000	0.0000	0.0000	0.0000	0.0000	0.0002	0.0000	0.0002	0.0000	0.0000	0.0000	0.0002	0.0000	0.0002	0.0000	0.0000	0.0000	0.0000	0.0000	0.0000	0.0000	0.0000	0.0000	0.0163	0.0096	0.0067	0.0041	0.0039	0.0003	0.0122	0.0057	0.0065	0.0000	0.0000	0.0000	0.0000	0.0000	0.0000	0.0000	0.0000	0.0000	0.0107	0.0005	0.0254	0.0011	0.0011	0.0000	0.0140	0.0000	0.0264	
10	108	0.1046	11	1	0	1	0	0	0	0	0	N	N	N	N	N	N	N	N	N	N	N	N	0.0000	0.0000	0.0000	0.0000	0.0000	0.0000	0.0000	0.0000	0.0000	0.0000	0.0000	0.0000	0.0000	0.0000	0.0000	0.0000	0.0000	0.1989	0.0040	0.4552	0.0113	0.0121	0.0000	0.2461	0.0000	0.4706	86.6643	0.0000	0.0007	0.0008	0.4415	1.2348	4.8853	0.0000	0.0000	0.0000	0.0000	0.0000	0.0000	0.0000	0.0000	0.0000	0.0016	0.0000	0.0016	0.0000	0.0000	0.0000	0.0016	0.0000	0.0016	0.0000	0.0000	0.0000	0.0000	0.0000	0.0000	0.0000	0.0000	0.0000	0.0080	0.0045	0.0034	0.0016	0.0015	0.0001	0.0064	0.0030	0.0033	0.0000	0.0000	0.0000	0.0000	0.0000	0.0000	0.0000	0.0000	0.0000	0.1989	0.0040	0.4552	0.0113	0.0121	0.0000	0.2461	0.0000	0.4706		
10	109	0.1270	10	2	1	1	1	0	0	0	0	Y	N	N	N	N	N	N	N	N	N	N	N	0.0000	0.0000	0.0000	0.0000	0.0000	0.0000	0.0000	0.0000	0.0000	0.0000	0.0000	0.0000	0.0000	0.0000	0.0000	0.0000	0.0000	0.0000	0.0000	0.0000	0.0008	0.0000	1.2348	0.0000	0.0000	0.0000	0.0000	0.0000	0.0000	0.0000	0.0000	0.0000	0.0000	0.0000	0.0000	0.0000	0.0000	0.0000	0.0000	0.0000	0.0000	0.0000	0.0000	0.0000	0.0000	0.0000	0.0000	0.0000	0.0000	0.0000	0.0000	0.0000	0.0000	0.0000	0.0000	0.0000	0.0000	0.0000	0.0000	0.0000	0.0000	0.0000	0.0000	0.0000	0.0000	0.0000	0.0000	0.0000	0.0000	0.0000	0.0000	0.0000	0.0000	0.0000	0.0000	0.0000	0.0000	0.0000											
10	110	0.1121	9	2	1	1	1	0	0	0	0	Y	N	N	N	N	N	N	N	N	N	N	N	0.0000	0.0000	0.0000	0.0000	0.0000	0.0000	0.0000	0.0000	0.0000	0.0000	0.0000	0.0000	0.0000	0.0000	0.0000	0.0566	0.0950	0.0045	0.0000	0.0000	0.0000	0.0745	0.1497	0.0048	0.0345	0.0000	-0.0003	0.0008	0.0000	1.2348	7.1240	0.0000	0.0000	0.0000	0.0000	0.0000	0.0000	0.0000	0.0000	0.0000	0.0006	0.0006	0.0000	0.0000	0.0000	0.0000	0.0006	0.0006	0.0000	0.0000	0.0000	0.0000	0.0000	0.0000	0.0000	0.0000	0.0000	0.0000	0.0106	0.0061	0.0045	0.0025	0.0022	0.0003	0.0080	0.0039	0.0042	0.0000	0.0000	0.0000	0.0000	0.0000	0.0000	0.0000	0.0000	0.0000	0.0566	0.0950	0.0045	0.0000	0.0000	0.0000	0.0745	0.1497	0.0048				
10	111	0.1210	11	1	1	1	1	0	0	0	0	N	N	N	N	N	N	N	N	N	N	N	N	0.0000	0.0000	0.0000	0.0000	0.0000	0.0000	0.0000	0.0000	0.0000	0.0000	0.0000	0.0000	0.0000	0.0000	0.0000	0.0000	0.0000	0.0000	0.0003	0.0000	0.0006	0.0000	0.0000	0.0002	0.0003	0.0000	0.0006	18.9798	0.0000	0.0000	0.0008	0.0016	1.2348	5.0076	0.0000	0.0000	0.0000	0.0000	0.0000	0.0000	0.0000	0.0000	0.0000	0.0000	0.0000	0.0000	0.0000	0.0000	0.0000	0.0000	0.0000	0.0000	0.0000	0.0000	0.0000	0.0000	0.0000	0.0000	0.0000	0.0000	0.0000	0.0072	0.0042	0.0030	0.0020	0.0016	0.0003	0.0052	0.0026	0.0027	0.0000	0.0000	0.0000	0.0000	0.0000	0.0000	0.0000	0.0000	0.0000	0.0003	0.0000	0.0006	0.0000	0.0000	0.0002	0.0003	0.0000	0.0006	
10	112	0.1142	10	1	1	1	1	0	0	0	0	N	N	N	N	N	N	N	N	N	N	N	N	0.0000	0.0000	0.0000	0.0000	0.0000	0.0000	0.0000	0.0000	0.0000	0.0000	0.0000	0.0000	0.0000	0.0000	0.0000	0.1161	0.0100	0.2648	0.0000	0.0000	0.0000	0.1616	0.0173	0.2879	18.9591	0.0000	0.0002	0.0008	1.0012	1.2348	2.1373	0.0000	0.0000	0.0000	0.0000	0.0000	0.0000	0.0000	0.0000	0.0000	0.0006	0.0000	0.0006	0.0000	0.0000	0.0000	0.0006	0.0000	0.0006	0.0000	0.0000	0.0000	0.0000	0.0000	0.0000	0.0000	0.0000	0.0000	0.0052	0.0030	0.0021	0.0014	0.0013	0.0002	0.0037	0.0017	0.0020	0.0000	0.0000	0.0000	0.0000	0.0000	0.0000	0.0000	0.0000	0.0000	0.1161	0.0100	0.2648	0.0000	0.0000	0.0000	0.1616	0.0173	0.2879				
10	113	0.1225	10	1	1	1	0	0	0	0	0	N	N	N	N	N	N	N	N	N	N	N	N	0.0000	0.0000	0.0000	0.0000	0.0000	0.0000	0.0000	0.0000	0.0000	0.0000	0.0000	0.0000	0.0000	0.0000	0.0000	0.0000	0.0000	0.0000	0.0000	0.0000	0.0000	0.0000	0.0000	0.0000	0.0000	0.0503	0.0000	-0.0000	0.0008	0.9705	1.2348	5.0371	0.0000	0.0000	0.0000	0.0000	0.0000	0.0000	0.0000	0.0000	0.0000	0.0000	0.0000	0.0000	0.0000	0.0000	0.0000	0.0000	0.0000	0.0000	0.0000	0.0000	0.0000	0.0000	0.0000	0.0000	0.0000	0.0000	0.0000	0.0083	0.0049	0.0034	0.0021	0.0019	0.0003	0.0062	0.0030	0.0032	0.0000	0.0000	0.0000	0.0000	0.0000	0.0000	0.0000	0.0000	0.0000	0.0000	0.0000	0.0000	0.0000	0.0000	0.0000	0.0000	0.0000	0.0000			
10	114	0.1142	10	1	0	2	1	0	0	0	0	N	N	Y	N	N	N	N	N	N	N	N	N	0.0000	0.0000	0.0000	0.0000	0.0000	0.0000	0.0000	0.0000	0.0000	0.0000	0.0000	0.0000	0.0000	0.0000	0.0000	0.0000	0.0000	0.0000	0.0000	0.0000	0.0008	0.0000	1.2348	1.1303	0.0000	0.0000	0.0000	0.0000	0.0000	0.0000	0.0000	0.0000	0.0000	0.0000	0.0000	0.0000	0.0000	0.0000	0.0000	0.0000	0.0000	0.0000	0.0000	0.0000	0.0000	0.0000	0.0000	0.0000	0.0000	0.0000	0.0000	0.0023	0.0014	0.0009	0.0007	0.0007	0.0001	0.0016	0.0007	0.0009	0.0000	0.0000	0.0000	0.0000	0.0000	0.0000	0.0000	0.0000	0.0000	0.0000	0.0000	0.0000	0.0000	0.0000	0.0000	0.0000	0.0000	0.0000											
10	115	0.1121	9	1	0	1	1	0	0	0	0	N	N	N	N	N	N	N	N	N	N	N	N	0.0000	0.0000	0.0000	0.0000	0.0000	0.0000	0.0000	0.0000	0.0000	0.0000	0.0000	0.0000	0.0000	0.0006	0.0010	0.0000	0.0019	0.0020	0.0000	0.0000	0.0000	0.0000	0.0000	0.0000	-0.0000	0.0008	0.0000	1.2348	1.2340	0.0000	0.0000	0.0000	0.0000	0.0000	0.0000	0.0000	0.0000	0.0000	0.0000	0.0000	0.0000	0.0000	0.0000	0.0000	0.0000	0.0000	0.0000	0.0000	0.0000	0.0000	0.0000	0.0000	0.0000	0.0000	0.0000	0.0000	0.0025	0.0015	0.0010	0.0008	0.0007	0.0001	0.0017	0.0008	0.0010	0.0000	0.0000	0.0000	0.0000	0.0000	0.0000	0.0000	0.0000	0.0000	0.0006	0.0010	0.0000	0.0019	0.0020	0.0000	0.0000	0.0000	0.0000						
10	116	0.1196	10	1	0	2	1	0	0	0	0	N	N	Y	N	N	N	N	N	N	N	N	N	0.0000	0.0000	0.0000	0.0000	0.0000	0.0000	0.0000	0.0000	0.0000	0.0000	0.0000	0.0000	0.0000	0.0000	0.0000	0.0000	0.0000	0.0010	0.0011	0.0008	0.0000	0.0000	0.0000	0.0013	0.0017	0.0009	0.5078	0.0000	-0.0000	0.0008	0.9725	1.2348	0.9874	0.0000	0.0000	0.0000	0.0000	0.0000	0.0000	0.0000	0.0000	0.0000	0.0000	0.0000	0.0000	0.0000	0.0000	0.0000	0.0000	0.0000	0.0000	0.0000	0.0000	0.0000	0.0000	0.0000	0.0000	0.0000	0.0000	0.0000	0.0030	0.0018	0.0012	0.0008	0.0007	0.0001	0.0022	0.0011	0.0011	0.0000	0.0000	0.0000	0.0000	0.0000	0.0000	0.0000	0.0000	0.0000	0.0010	0.0011	0.0008	0.0000	0.0000	0.0000	0.0013	0.0017	0.0009		
10	117	0.1196	10	1	0	2	1	0	0	0	0	N	N	Y	N	N	N	N	N	N	N	N	N	0.0000	0.0000	0.0000	0.0000	0.0000	0.0000	0.0000	0.0000	0.0000	0.0000	0.0000	0.0000	0.0000	0.0000	0.0000	0.0000	0.0000	0.1322	0.2210	0.0042	0.5190	0.5989	0.0000	0.0027	0.0009	0.0046	0.0132	0.0000	-0.0004	0.0008	0.0285	1.2348	4.0215	0.0000	0.0000	0.0000	0.0000	0.0000	0.0000	0.0000	0.0000	0.0000	0.0008	0.0008	0.0000	0.0008	0.0008	0.0000	0.0000	0.0000	0.0000	0.0000	0.0000	0.0000	0.0000	0.0000	0.0000	0.0000	0.0000	0.0000	0.0058	0.0034	0.0024	0.0015	0.0013	0.0002	0.0044	0.0022	0.0022	0.0000	0.0000	0.0000	0.0000	0.0000	0.0000	0.0000	0.0000	0.0000	0.1322	0.2210	0.0042	0.5190	0.5989	0.0000	0.0027	0.0009	0.0046		
10	118	0.1121	9	1	0	2	1	0	0	0	0	N	N	Y	N	N	N	N	N	N	N	N	N	0.0000	0.0000	0.0000	0.0000	0.0000	0.0000	0.0000	0.0000	0.0000	0.0000	0.0000	0.0000	0.0000	0.0000	0.0000	0.0000	0.0000	0.0751	0.1257	0.0059	0.0005	0.0005	0.0000	0.0995	0.2015	0.0064	0.0344	0.0000	-0.0003	0.0008	3.0275	1.2348	2.1573	0.0000	0.0000	0.0000	0.0000	0.0000	0.0000	0.0000	0.0000	0.0000	0.0006	0.0006	0.0000	0.0000	0.0000	0.0000	0.0006	0.0006	0.0000	0.0000	0.0000	0.0000	0.0000	0.0000	0.0000	0.0000	0.0000	0.0000	0.0080	0.0046	0.0034	0.0020	0.0017	0.0002	0.0060	0.0029	0.0031	0.0000	0.0000	0.0000	0.0000	0.0000	0.0000	0.0000	0.0000	0.0000	0.0751	0.1257	0.0059	0.0005	0.0005	0.0000	0.0995	0.2015	0.0064		
10	119	0.1533	9	2	1	1	0	0	0	0	0	Y	N	N	N	N	N	N	N	N	N	N	N	0.0000	0.0000	0.0000	0.0000	0.0000	0.0000	0.0000	0.0000	0.0000	0.0000	0.0000	0.0000	0.0000	0.0000	0.0000	0.0000	0.0002	0.0000	0.0006	0.0000	0.0000	0.0000	0.0003	0.0000	0.0006	56.2439	0.0000	0.0000	0.0008	2.1883	1.2348	3.1271	0.0000	0.0000	0.0000	0.0000	0.0000	0.0000	0.0000	0.0000	0.0000	0.0000	0.0000	0.0000	0.0000	0.0000	0.0000	0.0000	0.0000	0.0000	0.0000	0.0000	0.0000	0.0000	0.0000	0.0000	0.0000	0.0000	0.0000	0.0084	0.0052	0.0032	0.0024	0.0022	0.0002	0.0060	0.0030	0.0030	0.0000	0.0000	0.0000	0.0000	0.0000	0.0000	0.0000	0.0000	0.0000	0.0002	0.0000	0.0006	0.0000	0.0000	0.0000	0.0003	0.0000	0.0006			
10	120	0.0864	8	2	1	1	0	0	0	0	0	Y	N	N	N	N	N	N	N	N	N	N	N	0.0000	0.0000	0.0000	0.0000	0.0000	0.0000	0.0000	0.0000	0.0000	0.0000	0.0000	0.0000	0.0000	0.0000	0.0000	0.0000	0.0453	0.0009	0.1032	0.0029	0.0032	0.0000	0.0545	0.0000	0.1073	87.1483	0.0000	0.0008	0.0008	13.6104	1.2348	16.0982	0.0000	0.0000	0.0000	0.0000	0.0000	0.0000	0.0000	0.0000	0.0000	0.0018	0.0000	0.0017	0.0000	0.0000	0.0000	0.0017	0.0000	0.0017	0.0001	0.0001	0.0000	0.0000	0.0000	0.0000	0.0001	0.0001	0.0000	0.0388	0.0220	0.0169	0.0069	0.0063	0.0006	0.0319	0.0157	0.0162	0.0000	0.0000	0.0000	0.0000	0.0000	0.0000	0.0000	0.0000	0.0000	0.0453	0.0009	0.1032	0.0029	0.0032	0.0000	0.0545	0.0000	0.1073			
10	121	0.0909	8	1	1	1	0	0	0	0	0	N	N	N	N	N	N	N	N	N	N	N	N	0.0000	0.0000	0.0000	0.0000	0.0000	0.0000	0.0000	0.0000	0.0000	0.0000	0.0000	0.0000	0.0000	0.0000	0.0000	0.0000	0.0000	0.0000	0.0009	0.0014	0.0001	0.0025	0.0026	0.0008	0.0000	0.0000	0.0000	0.0257	0.0000	-0.0000	0.0008	0.3548	1.2348	4.6068	0.0000	0.0000	0.0000	0.0000	0.0000	0.0000	0.0000	0.0000	0.0000	0.0000	0.0000	0.0000	0.0000	0.0000	0.0000	0.0000	0.0000	0.0000	0.0000	0.0000	0.0000	0.0000	0.0000	0.0000	0.0000	0.0000	0.0000	0.0154	0.0103	0.0052	0.0057	0.0055	0.0002	0.0097	0.0047	0.0050	0.0000	0.0000	0.0000	0.0000	0.0000	0.0000	0.0000	0.0000	0.0000	0.0009	0.0014	0.0001	0.0025	0.0026	0.0008	0.0000	0.0000	0.0000	
10	122	0.0760	7	1	1	1	0	0	0	0	0	N	N	N	N	N	N	N	N	N	N	N	N	0.0000	0.0000	0.0000	0.0000	0.0000	0.0000	0.0000	0.0000	0.0000	0.0000	0.0000	0.0000	0.0000	0.0000	0.0000	0.0000	0.0000	0.0000	0.0013	0.0019	0.0005	0.0004	0.0004	0.0001	0.0016	0.0026	0.0006	0.2197	0.0000	-0.0000	0.0008	1.6911	1.2348	5.7022	0.0000	0.0000	0.0000	0.0000	0.0000	0.0000	0.0000	0.0000	0.0000	0.0000	0.0000	0.0000	0.0000	0.0000	0.0000	0.0000	0.0000	0.0000	0.0000	0.0000	0.0000	0.0000	0.0000	0.0000	0.0000	0.0000	0.0000	0.0114	0.0065	0.0050	0.0023	0.0021	0.0002	0.0092	0.0044	0.0048	0.0000	0.0000	0.0000	0.0000	0.0000	0.0000	0.0000	0.0000	0.0000	0.0013	0.0019	0.0005	0.0004	0.0004	0.0001	0.0016	0.0026	0.0006	
10	124	0.1271	11	2	1	1	0	0	0	0	0	Y	N	N	N	N	N	N	N	N	N	N	N	0.0000	0.0000	0.0000	0.0000	0.0000	0.0000	0.0000	0.0000	0.0000	0.0000	0.0000	0.0000	0.0000	0.0000	0.0000	0.0000	0.0000	0.0000	0.0000	0.0000	0.0008	0.0000	1.2348	0.0000	0.0000	0.0000	0.0000	0.0000	0.0000	0.0000	0.0000	0.0000	0.0000	0.0000	0.0000	0.0000	0.0000	0.0000	0.0000	0.0000	0.0000	0.0000	0.0000	0.0000	0.0000	0.0000	0.0000	0.0000	0.0000	0.0000	0.0000	0.0000	0.0000	0.0000	0.0000	0.0000	0.0000	0.0000	0.0000	0.0000	0.0000	0.0000	0.0000	0.0000	0.0000	0.0000	0.0000	0.0000	0.0000	0.0000	0.0000	0.0000	0.0000	0.0000	0.0000	0.0000	0.0000	0.0000											
10	125	0.1225	10	2	1	1	0	0	0	0	0	Y	N	N	N	N	N	N	N	N	N	N	N	0.0000	0.0000	0.0000	0.0000	0.0000	0.0000	0.0000	0.0000	0.0000	0.0000	0.0000	0.0000	0.0000	0.0000	0.0000	0.0000	0.0000	0.0000	0.0000	0.0000	0.0000	0.0000	0.0000	0.0000	0.0000	0.0503	0.0000	-0.0000	0.0008	0.1434	1.2348	1.9839	0.0000	0.0000	0.0000	0.0000	0.0000	0.0000	0.0000	0.0000	0.0000	0.0000	0.0000	0.0000	0.0000	0.0000	0.0000	0.0000	0.0000	0.0000	0.0000	0.0000	0.0000	0.0000	0.0000	0.0000	0.0000	0.0000	0.0000	0.0033	0.0020	0.0013	0.0009	0.0008	0.0001	0.0024	0.0012	0.0012	0.0000	0.0000	0.0000	0.0000	0.0000	0.0000	0.0000	0.0000	0.0000	0.0000	0.0000	0.0000	0.0000	0.0000	0.0000	0.0000	0.0000	0.0000			
10	126	0.1121	9	1	1	1	0	0	0	0	0	N	N	N	N	N	N	N	N	N	N	N	N	0.0000	0.0000	0.0000	0.0000	0.0000	0.0000	0.0000	0.0000	0.0000	0.0000	0.0000	0.0000	0.0000	0.0000	0.0000	0.0000	0.0000	0.0002	0.0003	0.0000	0.0008	0.0009	0.0000	0.0000	0.0000	0.0000	0.0194	0.0000	-0.0000	0.0008	1.8882	1.2348	2.9115	0.0000	0.0000	0.0000	0.0000	0.0000	0.0000	0.0000	0.0000	0.0000	0.0000	0.0000	0.0000	0.0000	0.0000	0.0000	0.0000	0.0000	0.0000	0.0000	0.0000	0.0000	0.0000	0.0000	0.0000	0.0000	0.0000	0.0000	0.0074	0.0043	0.0031	0.0018	0.0016	0.0002	0.0056	0.0027	0.0029	0.0000	0.0000	0.0000	0.0000	0.0000	0.0000	0.0000	0.0000	0.0000	0.0002	0.0003	0.0000	0.0008	0.0009	0.0000	0.0000	0.0000	0.0000		
10	127	0.0864	8	1	0	1	0	0	0	0	0	N	N	N	N	N	N	N	N	N	N	N	N	0.0000	0.0000	0.0000	0.0000	0.0000	0.0000	0.0000	0.0000	0.0000	0.0000	0.0000	0.0000	0.0000	0.0000	0.0000	0.0000	0.0000	0.0000	0.0001	0.0002	0.0000	0.0001	0.0001	0.0000	0.0001	0.0002	0.0000	0.0376	0.0000	-0.0000	0.0008	3.5543	1.2348	9.0319	0.0000	0.0000	0.0000	0.0000	0.0000	0.0000	0.0000	0.0000	0.0000	0.0000	0.0000	0.0000	0.0000	0.0000	0.0000	0.0000	0.0000	0.0000	0.0000	0.0000	0.0000	0.0000	0.0000	0.0000	0.0000	0.0000	0.0000	0.0180	0.0102	0.0078	0.0034	0.0031	0.0003	0.0146	0.0071	0.0075	0.0000	0.0000	0.0000	0.0000	0.0000	0.0000	0.0000	0.0000	0.0000	0.0001	0.0002	0.0000	0.0001	0.0001	0.0000	0.0001	0.0002	0.0000	
11	12	0.1351	11	1	1	1	0	0	0	0	0	N	N	N	N	N	N	N	N	N	N	N	N	0.0000	0.0000	0.0000	0.2931	2.2850	0.0000	0.0000	0.0000	0.0000	0.0001	0.0001	0.0000	0.0007	0.0007	0.0000	0.0000	0.0000	0.0000	6.1979	10.2046	0.0044	0.0023	0.0003	0.0217	8.1906	16.0218	0.0034	0.0000	0.0003	-0.0000	-0.5419	4.1301	5.9431	9.5352	4.2945	0.0000	0.0000	0.0000	0.0000	0.0000	0.0000	0.0000	0.0000	0.0000	0.9985	0.9982	0.0003	0.0001	0.0000	0.0001	0.9984	0.9982	0.0002	0.1816	0.1587	0.0230	0.0293	0.0281	0.0012	0.1523	0.1306	0.0218	0.1611	0.0978	0.0633	0.0392	0.0355	0.0037	0.1219	0.0623	0.0596	0.0000	0.0000	0.0000	0.2931	2.2850	0.0000	0.0000	0.0000	0.0000	6.1979	10.2046	0.0044	0.0023	0.0003	0.0217	8.1906	16.0218	0.0034
11	13	0.1150	9	0	0	2	1	0	0	0	0	N	N	Y	N	N	N	N	N	N	N	N	N	0.0000	0.0000	0.0000	0.0000	0.0000	0.0000	0.0000	0.0000	0.0000	0.0000	0.0000	0.0000	0.0000	0.0023	0.0039	0.0000	0.0097	0.0108	0.0000	0.0000	0.0000	0.0000	0.0000	0.0000	-0.0001	4.1301	0.0000	9.5352	3.8697	0.0000	0.0000	0.0000	0.0000	0.0000	0.0000	0.0000	0.0000	0.0000	0.0002	0.0002	0.0000	0.0002	0.0002	0.0000	0.0000	0.0000	0.0000	0.0000	0.0000	0.0000	0.0000	0.0000	0.0000	0.0000	0.0000	0.0000	0.0687	0.0407	0.0280	0.0162	0.0146	0.0017	0.0524	0.0261	0.0263	0.0000	0.0000	0.0000	0.0000	0.0000	0.0000	0.0000	0.0000	0.0000	0.0023	0.0039	0.0000	0.0097	0.0108	0.0000	0.0000	0.0000	0.0000						
11	14	0.1573	13	0	1	1	0	0	0	0	0	N	N	N	N	N	N	N	N	N	N	N	N	81.7224	49.6900	20964.1271	0.2202	0.2014	26.9085	108784.4998	12898428.2916	43855.6893	0.6409	0.6468	0.6008	0.0077	0.0076	0.0087	0.7807	0.8052	0.6386	0.0078	0.0130	0.0000	0.0348	0.0378	0.0003	0.0000	0.0000	0.0000	0.1362	0.0015	-0.0251	-0.0009	4.1301	4.8103	9.5352	9.0653	0.0960	0.0845	0.0115	0.0002	0.0002	0.0000	0.0958	0.0843	0.0115	0.0018	0.0017	0.0000	0.0017	0.0017	0.0000	0.0000	0.0000	0.0000	0.1499	0.1307	0.0192	0.0271	0.0259	0.0012	0.1228	0.1047	0.0180	0.2233	0.1343	0.0889	0.0503	0.0462	0.0041	0.1730	0.0881	0.0849	81.7224	49.6900	20964.1271	0.2202	0.2014	26.9085	108784.4998	12898428.2916	43855.6893	0.0078	0.0130	0.0000	0.0348	0.0378	0.0003	0.0000	0.0000	0.0000
11	15	0.1150	9	0	0	1	1	0	0	0	0	N	N	N	N	N	N	N	N	N	N	N	N	213.5882	145.1584	0.2718	0.2535	inf	inf	0.3750	0.4307	0.0000	0.0021	0.0022	0.0000	0.4446	0.5203	0.0000	0.0018	0.0030	0.0000	0.0076	0.0085	0.0000	0.0000	0.0000	0.0000	0.0000	0.0000	-0.0044	-0.0001	4.1301	1.0000	9.5352	3.8697	0.0115	0.0115	0.0000	0.0000	0.0000	0.0000	0.0115	0.0115	0.0000	0.0001	0.0001	0.0000	0.0001	0.0001	0.0000	0.0000	0.0000	0.0000	0.0307	0.0267	0.0040	0.0048	0.0046	0.0002	0.0259	0.0221	0.0038	0.0842	0.0498	0.0344	0.0194	0.0173	0.0021	0.0648	0.0325	0.0323	213.5882	145.1584	0.0000	0.2718	0.2535	0.0000	inf	inf	0.0000	0.0018	0.0030	0.0000	0.0076	0.0085	0.0000	0.0000	0.0000	0.0000			
11	16	0.1342	9	0	1	1	1	0	0	0	0	N	N	N	N	N	N	N	N	N	N	N	N	0.0000	0.0000	0.0000	0.0000	0.0000	0.0000	0.0000	0.0000	0.0000	0.0000	0.0000	0.0000	0.0000	0.0000	0.0000	0.0000	0.0078	0.0126	0.0000	0.0341	0.0361	0.0000	0.0000	0.0000	0.0000	0.0000	0.0000	-0.0004	4.1301	0.0040	9.5352	5.7722	0.0000	0.0000	0.0000	0.0000	0.0000	0.0000	0.0000	0.0000	0.0000	0.0007	0.0007	0.0000	0.0007	0.0007	0.0000	0.0000	0.0000	0.0000	0.0002	0.0002	0.0000	0.0001	0.0001	0.0000	0.0001	0.0001	0.0000	0.0953	0.0593	0.0359	0.0219	0.0207	0.0012	0.0733	0.0386	0.0347	0.0000	0.0000	0.0000	0.0000	0.0000	0.0000	0.0000	0.0000	0.0000	0.0078	0.0126	0.0000	0.0341	0.0361	0.0000	0.0000	0.0000	0.0000			
11	17	0.1725	15	0	1	1	0	0	0	0	0	N	N	N	N	N	N	N	N	N	N	N	N	0.7252	0.5464	0.0000	0.0258	0.0257	0.0000	48.2829	933.2570	0.0000	0.0333	0.0380	0.0000	0.0048	0.0050	0.0000	0.0404	0.0473	0.0000	0.0459	0.0695	0.0046	0.1851	0.1936	0.0658	0.0008	0.0001	0.0018	0.0000	0.0381	-0.0004	-0.0036	4.1301	1.0133	9.5352	7.9669	0.0010	0.0010	0.0000	0.0000	0.0000	0.0000	0.0010	0.0010	0.0000	0.0071	0.0069	0.0003	0.0070	0.0069	0.0002	0.0001	0.0000	0.0001	0.0312	0.0273	0.0039	0.0063	0.0060	0.0003	0.0249	0.0213	0.0036	0.1553	0.0987	0.0566	0.0379	0.0354	0.0025	0.1173	0.0632	0.0541	0.7252	0.5464	0.0000	0.0258	0.0257	0.0000	48.2829	933.2570	0.0000	0.0459	0.0695	0.0046	0.1851	0.1936	0.0658	0.0008	0.0001	0.0018
11	18	0.1218	10	0	1	1	1	0	0	0	0	N	N	N	N	N	N	N	N	N	N	N	N	0.0000	0.0000	0.0000	0.0000	0.0000	0.0000	0.0000	0.0000	0.0000	0.0000	0.0000	0.0000	0.0000	0.0000	0.0000	0.0000	0.0000	0.0000	0.0000	0.0000	0.0000	0.0001	0.0001	0.0000	0.0000	0.0000	0.0000	0.1865	0.0000	-0.0000	4.1301	0.9988	9.5352	1.0036	0.0000	0.0000	0.0000	0.0000	0.0000	0.0000	0.0000	0.0000	0.0000	0.0000	0.0000	0.0000	0.0000	0.0000	0.0000	0.0000	0.0000	0.0000	0.0308	0.0268	0.0040	0.0049	0.0047	0.0002	0.0259	0.0221	0.0038	0.0331	0.0198	0.0133	0.0078	0.0067	0.0011	0.0254	0.0131	0.0122	0.0000	0.0000	0.0000	0.0000	0.0000	0.0000	0.0000	0.0000	0.0000	0.0000	0.0000	0.0000	0.0001	0.0001	0.0000	0.0000	0.0000	0.0000	
11	19	0.1041	6	1	1	1	0	0	0	0	0	N	N	N	N	N	N	N	N	N	N	N	N	6.6596	10.3661	0.0183	6.8378	12.9621	0.0000	0.2786	0.4459	0.0357	0.0767	0.0908	0.0003	0.1677	0.1773	0.0000	0.0022	0.0028	0.0003	0.0115	0.0088	0.0156	0.0245	0.0137	0.1700	0.0078	0.0062	0.0095	0.0006	1.1951	-0.0000	0.0000	4.1301	0.0025	9.5352	5.0336	0.0000	0.0000	0.0000	0.0000	0.0000	0.0000	0.0000	0.0000	0.0000	0.0011	0.0005	0.0006	0.0005	0.0003	0.0002	0.0006	0.0002	0.0003	0.0003	0.0003	0.0000	0.0001	0.0001	0.0000	0.0002	0.0001	0.0000	0.0945	0.0566	0.0379	0.0209	0.0195	0.0015	0.0736	0.0371	0.0365	6.6596	10.3661	0.0183	6.8378	12.9621	0.0000	0.2786	0.4459	0.0357	0.0115	0.0088	0.0156	0.0245	0.0137	0.1700	0.0078	0.0062	0.0095
11	20	0.1124	9	0	1	1	0	0	0	0	0	N	N	N	N	N	N	N	N	N	N	N	N	0.0000	0.0000	0.0000	0.0000	0.0000	0.0000	0.0000	0.0000	0.0000	0.0000	0.0000	0.0000	0.0000	0.0000	0.0000	0.0000	0.0000	0.0000	0.0424	0.0626	0.0000	0.1220	0.1262	0.0002	0.0000	0.0000	0.0000	0.0001	0.0000	-0.0039	4.1301	1.9984	9.5352	3.0609	0.0000	0.0000	0.0000	0.0000	0.0000	0.0000	0.0000	0.0000	0.0000	0.0071	0.0071	0.0000	0.0071	0.0071	0.0000	0.0000	0.0000	0.0000	0.0939	0.0816	0.0123	0.0275	0.0253	0.0022	0.0664	0.0563	0.0101	0.1674	0.1132	0.0542	0.0581	0.0562	0.0019	0.1093	0.0570	0.0523	0.0000	0.0000	0.0000	0.0000	0.0000	0.0000	0.0000	0.0000	0.0000	0.0424	0.0626	0.0000	0.1220	0.1262	0.0002	0.0000	0.0000	0.0000	
11	21	0.1275	8	0	0	1	1	0	0	0	0	N	N	N	N	N	N	N	N	N	N	N	N	30.2749	40.8809	0.0000	0.2690	0.3225	0.0000	76.2007	inf	0.0000	0.0003	0.0004	0.0000	0.0000	0.0000	0.0000	0.0004	0.0005	0.0000	0.0000	0.0000	0.0000	0.0000	0.0000	0.0001	0.0000	0.0000	0.0000	0.0000	0.9525	-0.0000	-0.0000	4.1301	2.0028	9.5352	2.2704	0.0000	0.0000	0.0000	0.0000	0.0000	0.0000	0.0000	0.0000	0.0000	0.0000	0.0000	0.0000	0.0000	0.0000	0.0000	0.0000	0.0000	0.0000	0.0617	0.0540	0.0076	0.0131	0.0125	0.0006	0.0486	0.0416	0.0070	0.0728	0.0442	0.0287	0.0172	0.0163	0.0009	0.0557	0.0278	0.0278	30.2749	40.8809	0.0000	0.2690	0.3225	0.0000	76.2007	inf	0.0000	0.0000	0.0000	0.0000	0.0000	0.0000	0.0001	0.0000	0.0000	0.0000
11	22	0.1743	15	1	0	2	0	0	0	0	0	N	N	Y	N	N	N	N	N	N	N	N	N	0.0000	0.0000	0.0000	0.0000	0.0000	0.0000	0.0000	0.0000	0.0000	0.0000	0.0000	0.0000	0.0000	0.0025	0.0041	0.0000	0.0121	0.0132	0.0000	0.0000	0.0000	0.0000	0.0000	0.0000	-0.0000	4.1301	0.0000	9.5352	2.0000	0.0000	0.0000	0.0000	0.0000	0.0000	0.0000	0.0000	0.0000	0.0000	0.0001	0.0001	0.0000	0.0001	0.0001	0.0000	0.0000	0.0000	0.0000	0.0000	0.0000	0.0000	0.0000	0.0000	0.0000	0.0000	0.0000	0.0000	0.0326	0.0195	0.0131	0.0066	0.0061	0.0006	0.0260	0.0134	0.0125	0.0000	0.0000	0.0000	0.0000	0.0000	0.0000	0.0000	0.0000	0.0000	0.0025	0.0041	0.0000	0.0121	0.0132	0.0000	0.0000	0.0000	0.0000						
11	23	0.1063	7	0	1	1	0	0	0	0	0	N	N	N	N	N	N	N	N	N	N	N	N	2.6401	0.1344	7.6852	0.4215	0.2794	1.3578	2.3610	191.4195	8.0037	7.3688	0.0024	57.1034	0.0197	0.0121	0.1643	8.9884	0.0000	61.3755	2.7911	0.0179	7.4303	0.0467	0.0433	0.1210	3.8071	0.0000	7.6684	3517.7412	248.2931	0.6158	0.3767	4.1301	4.1010	9.5352	9.0979	0.9954	0.0003	0.9952	0.0005	0.0003	0.0002	0.9950	0.0000	0.9950	0.8314	0.0033	0.8281	0.0038	0.0033	0.0004	0.8277	0.0000	0.8277	0.1351	0.1177	0.0174	0.0244	0.0232	0.0012	0.1107	0.0945	0.0162	0.2979	0.1864	0.1114	0.0805	0.0770	0.0035	0.2174	0.1095	0.1079	2.6401	0.1344	7.6852	0.4215	0.2794	1.3578	2.3610	191.4195	8.0037	2.7911	0.0179	7.4303	0.0467	0.0433	0.1210	3.8071	0.0000	7.6684
11	24	0.1351	10	1	1	1	0	0	0	0	0	N	N	N	N	N	N	N	N	N	N	N	N	418.5773	0.0001	21609188.9424	0.0064	0.0001	353.9683	121192.5201	0.0042	66269540.0841	4.6679	0.0000	36.9310	0.0003	0.0000	0.0071	5.5575	0.0000	38.9644	0.0112	0.0184	0.0000	0.0465	0.0513	0.0000	0.0000	0.0001	0.0000	4733033.5680	0.0001	0.6172	-0.0017	4.1301	7.0513	9.5352	11.7448	0.9973	0.0000	0.9973	0.0000	0.0000	0.0000	0.9972	0.0000	0.9972	0.0032	0.0031	0.0000	0.0031	0.0031	0.0000	0.0000	0.0000	0.0000	0.2136	0.1866	0.0270	0.0342	0.0328	0.0014	0.1794	0.1538	0.0256	0.2825	0.1713	0.1112	0.0676	0.0612	0.0064	0.2149	0.1101	0.1048	418.5773	0.0001	21609188.9424	0.0064	0.0001	353.9683	121192.5201	0.0042	66269540.0841	0.0112	0.0184	0.0000	0.0465	0.0513	0.0000	0.0000	0.0001	0.0000
11	25	0.1743	8	0	1	1	0	0	0	0	0	N	N	N	N	N	N	N	N	N	N	N	N	6.3356	127.9296	2.5635	0.7293	1.3153	0.5336	6.6057	8309.9735	2.8341	0.5311	0.5323	0.5231	0.0179	0.0140	0.0670	0.6935	0.7094	0.5976	0.0838	0.0042	0.2040	0.0246	0.0107	0.1255	0.1050	0.0001	0.2109	0.1407	32.5017	-0.0244	0.0066	4.1301	4.7974	9.5352	5.1989	0.0947	0.0830	0.0117	0.0008	0.0006	0.0002	0.0940	0.0825	0.0115	0.0154	0.0005	0.0149	0.0012	0.0005	0.0007	0.0142	0.0000	0.0142	0.1783	0.1560	0.0223	0.0429	0.0397	0.0031	0.1355	0.1163	0.0192	0.1831	0.1101	0.0730	0.0482	0.0424	0.0058	0.1349	0.0678	0.0672	6.3356	127.9296	2.5635	0.7293	1.3153	0.5336	6.6057	8309.9735	2.8341	0.0838	0.0042	0.2040	0.0246	0.0107	0.1255	0.1050	0.0001	0.2109
11	26	0.0725	5	1	1	1	0	0	0	0	0	N	N	N	N	N	N	N	N	N	N	N	N	0.7108	0.9794	0.0032	0.9922	0.9891	0.2752	0.5530	1527.3811	0.0015	0.0037	0.0042	0.0000	0.0122	0.0127	0.0002	0.0018	0.0021	0.0000	0.0052	0.0043	0.0064	0.0122	0.0129	0.0006	0.0033	0.0000	0.0066	0.0007	1.0029	-0.0001	-0.0001	4.1301	2.0195	9.5352	15.0171	0.0002	0.0002	0.0000	0.0001	0.0001	0.0000	0.0001	0.0001	0.0000	0.0016	0.0008	0.0008	0.0008	0.0008	0.0000	0.0008	0.0000	0.0008	0.0668	0.0580	0.0088	0.0121	0.0115	0.0006	0.0548	0.0465	0.0083	0.3038	0.1815	0.1223	0.0644	0.0610	0.0034	0.2395	0.1205	0.1190	0.7108	0.9794	0.0032	0.9922	0.9891	0.2752	0.5530	1527.3811	0.0015	0.0052	0.0043	0.0064	0.0122	0.0129	0.0006	0.0033	0.0000	0.0066
11	27	0.0638	4	0	0	1	0	0	0	0	0	N	N	N	N	N	N	N	N	N	N	N	N	2.2202	1.8397	0.7599	0.5562	0.5591	0.0012	9.5600	76.3805	0.8191	0.0467	0.0512	0.0076	0.0313	0.0318	0.0000	0.0536	0.0611	0.0080	0.0210	0.0278	0.0100	0.0562	0.0569	0.0241	0.0056	0.0008	0.0097	0.0169	0.2195	-0.0016	-0.0011	4.1301	1.6438	9.5352	3.3228	0.0043	0.0042	0.0001	0.0009	0.0009	0.0000	0.0034	0.0034	0.0001	0.0030	0.0024	0.0005	0.0024	0.0024	0.0000	0.0006	0.0000	0.0005	0.0923	0.0829	0.0094	0.0284	0.0280	0.0005	0.0639	0.0549	0.0090	0.1418	0.0880	0.0538	0.0433	0.0424	0.0009	0.0985	0.0456	0.0530	2.2202	1.8397	0.7599	0.5562	0.5591	0.0012	9.5600	76.3805	0.8191	0.0210	0.0278	0.0100	0.0562	0.0569	0.0241	0.0056	0.0008	0.0097
11	28	0.1484	12	0	1	1	0	0	0	0	0	N	N	N	N	N	N	N	N	N	N	N	N	0.0000	0.0000	0.0000	0.0000	0.0000	0.0000	0.0000	0.0000	0.0000	0.0000	0.0000	0.0000	0.0000	0.0000	0.0000	0.0000	0.0000	0.0000	4.9466	8.1275	0.0005	24.4136	23.6382	0.0043	0.0010	0.0015	0.0004	0.0000	0.0000	-0.7824	4.1301	3.0409	9.5352	16.1393	0.0000	0.0000	0.0000	0.0000	0.0000	0.0000	0.0000	0.0000	0.0000	1.4411	1.4411	0.0001	1.4409	1.4409	0.0000	0.0002	0.0002	0.0000	0.0952	0.0837	0.0115	0.0226	0.0217	0.0009	0.0726	0.0620	0.0106	0.2913	0.1773	0.1140	0.0657	0.0610	0.0047	0.2256	0.1164	0.1093	0.0000	0.0000	0.0000	0.0000	0.0000	0.0000	0.0000	0.0000	0.0000	4.9466	8.1275	0.0005	21.9366	23.6382	0.0043	0.0010	0.0015	0.0004	
11	29	0.1435	12	0	1	1	0	0	0	0	0	N	N	N	N	N	N	N	N	N	N	N	N	0.1032	0.0000	0.7060	0.0000	0.0000	0.0000	19.2799	0.0000	63.5650	0.0059	0.0000	0.0479	0.0000	0.0000	0.0000	0.0075	0.0000	0.0515	0.0576	0.0508	0.0679	0.2787	0.1620	2.3975	0.0004	0.0000	0.0008	inf	0.8885	0.0005	-0.0009	4.1301	4.0695	9.5352	11.0027	0.0008	0.0000	0.0008	0.0000	0.0000	0.0000	0.0008	0.0000	0.0008	0.0131	0.0069	0.0061	0.0130	0.0069	0.0061	0.0001	0.0000	0.0001	0.1278	0.1120	0.0158	0.0266	0.0255	0.0011	0.1012	0.0865	0.0148	0.2266	0.1362	0.0905	0.0466	0.0427	0.0039	0.1800	0.0935	0.0865	0.1032	0.0000	0.7060	0.0000	0.0000	0.0000	19.2799	0.0000	63.5650	0.0576	0.0508	0.0679	0.2787	0.1620	1.5507	0.0004	0.0000	0.0008
11	30	0.0952	7	0	1	2	1	0	0	0	0	N	N	Y	N	N	N	N	N	N	N	N	N	23403.6807	16377.5207	34389.0125	12170.4636	12795.2614	0.0000	26527.8290	inf	94879.0582	9.3705	10.3642	1.5312	21.2881	23.1122	0.0000	0.3034	0.0001	2.1972	0.0004	0.0006	0.0000	0.0017	0.0018	0.0007	0.0000	0.0000	0.0000	0.0187	0.0460	-0.0006	-0.0000	4.1301	0.0021	9.5352	3.0281	0.0016	0.0016	0.0000	0.0016	0.0016	0.0000	0.0000	0.0000	0.0000	0.0000	0.0000	0.0000	0.0000	0.0000	0.0000	0.0000	0.0000	0.0000	0.0002	0.0002	0.0000	0.0001	0.0001	0.0000	0.0001	0.0001	0.0000	0.0539	0.0326	0.0213	0.0121	0.0114	0.0006	0.0418	0.0212	0.0207	23403.6807	16377.5207	34389.0125	12170.4636	12795.2614	0.0000	26527.8290	inf	94879.0582	0.0004	0.0006	0.0000	0.0017	0.0018	0.0007	0.0000	0.0000	0.0000
11	31	0.0725	6	0	0	1	1	0	0	0	0	N	N	N	N	N	N	N	N	N	N	N	N	386.1314	2.1580	1249896.0243	0.0719	0.0610	291.1606	454751.4747	58464.9806	1356208.5543	1.7960	0.0166	12.7356	0.0016	0.0014	0.0075	2.2760	0.0214	13.3504	0.0047	0.0077	0.0000	0.0225	0.0235	0.0000	0.0000	0.0000	0.0000	124.5756	0.0009	0.1265	-0.0005	4.1301	3.2874	9.5352	7.1999	0.2071	0.0016	0.2055	0.0000	0.0000	0.0000	0.2071	0.0016	0.2055	0.0008	0.0008	0.0000	0.0008	0.0008	0.0000	0.0000	0.0000	0.0000	0.1153	0.0992	0.0161	0.0243	0.0236	0.0007	0.0910	0.0756	0.0154	0.1824	0.1100	0.0724	0.0377	0.0361	0.0016	0.1447	0.0739	0.0708	386.1314	2.1580	1249896.0243	0.0719	0.0610	291.1606	454751.4747	58464.9806	1356208.5543	0.0047	0.0077	0.0000	0.0225	0.0235	0.0000	0.0000	0.0000	0.0000
11	32	0.0835	6	0	1	1	0	0	0	0	0	N	N	N	N	N	N	N	N	N	N	N	N	0.0158	0.0002	0.0545	4.4436	0.0286	44.9028	0.0127	0.0000	0.0453	0.0442	0.0001	0.3409	0.0502	0.0003	0.8986	0.0428	0.0000	0.2913	2.7971	0.3262	6.2514	0.0113	0.0107	0.0200	3.3695	0.4664	6.4281	806.0551	13.7081	0.0045	0.4151	4.1301	4.3545	9.5352	19.4857	0.0073	0.0000	0.0073	0.0016	0.0000	0.0016	0.0058	0.0000	0.0058	1.0669	0.0725	0.9944	0.0007	0.0006	0.0001	1.0662	0.0719	0.9943	0.1660	0.1445	0.0215	0.0317	0.0299	0.0018	0.1344	0.1146	0.0198	0.3814	0.2224	0.1591	0.0650	0.0606	0.0044	0.3164	0.1617	0.1547	0.0158	0.0002	0.0545	4.4436	0.0286	44.9028	0.0127	0.0000	0.0453	2.7971	0.3262	6.2514	0.0113	0.0107	0.0200	3.3695	0.4445	6.4281
11	33	0.1279	10	1	1	1	0	0	0	0	0	N	N	N	N	N	N	N	N	N	N	N	N	0.0000	0.0000	0.0000	0.0000	0.0000	0.0000	0.0000	0.0000	0.0000	0.0000	0.0000	0.0000	0.0000	0.0000	0.0000	0.0000	0.0000	0.0000	0.0000	0.0000	4.1301	0.0000	9.5352	0.0000	0.0000	0.0000	0.0000	0.0000	0.0000	0.0000	0.0000	0.0000	0.0000	0.0000	0.0000	0.0000	0.0000	0.0000	0.0000	0.0000	0.0000	0.0000	0.0000	0.0000	0.0000	0.0000	0.0000	0.0000	0.0000	0.0000	0.0000	0.0000	0.0000	0.0000	0.0000	0.0000	0.0000	0.0000	0.0000	0.0000	0.0000	0.0000	0.0000	0.0000	0.0000	0.0000	0.0000	0.0000	0.0000	0.0000	0.0000	0.0000	0.0000	0.0000	0.0000	0.0000	0.0000	0.0000											
11	34	0.0638	4	0	1	1	1	0	0	0	0	N	N	N	N	N	N	N	N	N	N	N	N	3.0057	2.0271	0.0085	0.0953	0.0957	0.0000	3.0556	1.7738	0.0093	8.7947	10.0021	0.0003	0.0205	0.0211	0.0000	11.0990	12.9811	0.0003	2.9261	4.9341	0.0340	0.2155	0.2209	0.0890	3.6324	7.3184	0.0328	0.0000	0.0048	-0.7919	-0.5458	4.1301	6.4588	9.5352	12.7561	2.0781	2.0781	0.0000	0.0010	0.0010	0.0000	2.0771	2.0771	0.0000	1.0141	1.0093	0.0048	0.0154	0.0152	0.0003	0.9987	0.9941	0.0046	0.2363	0.2078	0.0285	0.0491	0.0478	0.0014	0.1871	0.1600	0.0271	0.3466	0.2045	0.1420	0.0716	0.0687	0.0029	0.2749	0.1358	0.1391	3.0057	2.0271	0.0085	0.0953	0.0957	0.0000	3.0556	1.7738	0.0093	2.9261	4.9341	0.0340	0.2155	0.2209	0.0890	3.6324	7.3184	0.0328
11	35	0.0582	3	0	0	1	0	0	0	0	0	N	N	N	N	N	N	N	N	N	N	N	N	0.2069	0.2080	0.1352	0.1184	0.1221	0.0006	0.3356	0.9432	0.1463	0.0065	0.0068	0.0039	0.0073	0.0075	0.0001	0.0062	0.0065	0.0041	0.0313	0.0326	0.0292	0.0620	0.0610	0.1275	0.0183	0.0069	0.0281	0.0706	0.5543	-0.0003	-0.0009	4.1301	2.5642	9.5352	2.5472	0.0008	0.0008	0.0001	0.0003	0.0003	0.0000	0.0006	0.0005	0.0001	0.0046	0.0030	0.0016	0.0027	0.0026	0.0001	0.0019	0.0003	0.0016	0.1272	0.1134	0.0138	0.0354	0.0348	0.0006	0.0918	0.0786	0.0132	0.1476	0.0911	0.0564	0.0439	0.0433	0.0006	0.1036	0.0478	0.0558	0.2069	0.2080	0.1352	0.1184	0.1221	0.0006	0.3356	0.9432	0.1463	0.0313	0.0326	0.0292	0.0620	0.0610	0.1275	0.0183	0.0069	0.0281
11	36	0.1086	8	0	0	2	0	0	0	0	0	N	N	Y	N	N	N	N	N	N	N	N	N	0.0000	0.0000	0.0000	0.0000	0.0000	0.0000	0.0000	0.0000	0.0000	0.0000	0.0000	0.0000	0.0000	0.0000	0.0000	0.0000	0.0000	0.0000	0.0001	0.0000	0.0002	0.0000	0.0000	0.0000	0.0001	0.0000	0.0003	8.9333	0.0000	0.0000	4.1301	1.0000	9.5352	2.0003	0.0000	0.0000	0.0000	0.0000	0.0000	0.0000	0.0000	0.0000	0.0000	0.0000	0.0000	0.0000	0.0000	0.0000	0.0000	0.0000	0.0000	0.0000	0.0305	0.0268	0.0038	0.0074	0.0070	0.0004	0.0232	0.0198	0.0034	0.0436	0.0256	0.0179	0.0073	0.0065	0.0008	0.0363	0.0192	0.0171	0.0000	0.0000	0.0000	0.0000	0.0000	0.0000	0.0000	0.0000	0.0000	0.0001	0.0000	0.0002	0.0000	0.0000	0.0000	0.0001	0.0000	0.0003	
11	37	0.0908	7	0	1	1	0	0	0	0	0	N	N	N	N	N	N	N	N	N	N	N	N	342.2721	0.6068	4302.1507	0.8533	0.9227	0.0010	1679.0078	3.1394	5367.0405	14.4423	0.0320	105.7479	0.1127	0.1224	0.0001	19.1033	0.0000	123.3934	0.0422	0.0528	0.0246	0.1321	0.1327	0.1101	0.0114	0.0000	0.0230	521.1040	0.2798	0.5851	-0.0029	4.1301	1.9619	9.5352	8.3400	0.9483	0.0018	0.9464	0.0018	0.0018	0.0000	0.9464	0.0000	0.9464	0.0089	0.0070	0.0020	0.0072	0.0070	0.0002	0.0018	0.0000	0.0018	0.0657	0.0567	0.0090	0.0161	0.0148	0.0013	0.0495	0.0419	0.0077	0.2120	0.1325	0.0796	0.0541	0.0527	0.0015	0.1579	0.0798	0.0781	342.2721	0.6068	4302.1507	0.8533	0.9227	0.0010	1679.0078	3.1394	5367.0405	0.0422	0.0528	0.0246	0.1321	0.1327	0.1101	0.0114	0.0000	0.0230
11	38	0.1559	12	1	0	2	0	0	0	0	0	N	N	Y	N	N	N	N	N	N	N	N	N	1.9382	9.3072	0.0000	7.1386	9.2695	0.0000	0.0241	0.3842	0.0000	0.0127	0.0145	0.0000	0.0290	0.0300	0.0000	0.0002	0.0002	0.0000	0.0065	0.0016	0.0148	0.0041	0.0032	0.0185	0.0073	0.0006	0.0147	0.0000	5.7253	-0.0000	0.0002	4.1301	0.0095	9.5352	5.0631	0.0000	0.0000	0.0000	0.0000	0.0000	0.0000	0.0000	0.0000	0.0000	0.0006	0.0001	0.0005	0.0001	0.0001	0.0000	0.0005	0.0000	0.0005	0.0008	0.0007	0.0001	0.0004	0.0003	0.0000	0.0005	0.0004	0.0001	0.0887	0.0555	0.0333	0.0216	0.0204	0.0012	0.0671	0.0350	0.0321	1.9382	9.3072	0.0000	7.1386	9.2695	0.0000	0.0241	0.3842	0.0000	0.0065	0.0016	0.0148	0.0041	0.0032	0.0185	0.0073	0.0006	0.0147
11	39	0.0725	6	0	1	1	0	0	0	0	0	N	N	N	N	N	N	N	N	N	N	N	N	995.3824	0.2214	60296229.7677	0.2357	0.2300	23697874.2620	0.0000	61908765.8770	4.1627	0.0015	27.0248	0.0049	0.0050	0.0000	5.6718	0.0000	27.9874	0.0042	0.0070	0.0000	0.0208	0.0217	0.0000	0.0000	0.0000	0.0000	3188.7419	0.0000	0.1271	-0.0005	4.1301	1.1272	9.5352	11.0864	0.2055	0.0001	0.2055	0.0001	0.0001	0.0000	0.2055	0.0000	0.2055	0.0009	0.0009	0.0000	0.0009	0.0009	0.0000	0.0000	0.0000	0.0000	0.0494	0.0418	0.0076	0.0131	0.0129	0.0003	0.0362	0.0289	0.0073	0.2071	0.1243	0.0828	0.0417	0.0398	0.0018	0.1655	0.0845	0.0810	995.3824	0.2214	60296229.7677	0.2357	0.2300	0.0000	23697874.2620	0.0000	61908765.8770	0.0042	0.0070	0.0000	0.0208	0.0217	0.0000	0.0000	0.0000	0.0000	
11	40	0.0725	5	0	0	1	0	0	0	0	0	N	N	N	N	N	N	N	N	N	N	N	N	261.5179	218.9457	462.0834	291.7768	304.7771	0.2036	251.8489	0.0000	487.4432	11.1886	6.6870	33.0189	16.6417	16.8375	0.0450	8.4644	0.0000	33.7856	0.0428	0.0305	0.0715	0.0570	0.0552	0.2211	0.0336	0.0000	0.0693	1.0182	0.9988	0.0405	-0.0001	4.1301	0.4765	9.5352	0.2778	0.3279	0.1625	0.1654	0.1625	0.1625	0.0000	0.1654	0.0000	0.1654	0.0016	0.0008	0.0008	0.0008	0.0008	0.0000	0.0007	0.0000	0.0007	0.0293	0.0243	0.0050	0.0098	0.0096	0.0001	0.0195	0.0146	0.0049	0.0364	0.0255	0.0109	0.0142	0.0141	0.0002	0.0221	0.0114	0.0107	261.5179	218.9457	462.0834	291.7768	304.7771	0.2036	251.8489	0.0000	487.4432	0.0428	0.0305	0.0715	0.0570	0.0552	0.2211	0.0336	0.0000	0.0693
11	41	0.0746	5	0	1	1	1	0	0	0	0	N	N	N	N	N	N	N	N	N	N	N	N	3.7603	21.7877	11.0386	0.4520	0.4884	0.0011	3.8879	4007579.9539	11.5842	3.4839	0.3254	24.9402	0.0254	0.0265	0.0001	4.2969	0.4045	26.5904	0.9265	0.0149	2.2594	0.0561	0.0542	0.1033	1.1052	0.0000	2.2954	11.2819	103.4569	0.5674	0.1967	4.1301	10.0333	9.5352	21.8674	1.0556	0.0859	0.9697	0.0015	0.0015	0.0000	1.0541	0.0845	0.9697	0.4395	0.0042	0.4353	0.0045	0.0042	0.0003	0.4350	0.0000	0.4350	0.3030	0.2641	0.0389	0.0577	0.0553	0.0024	0.2453	0.2089	0.0365	0.4744	0.2817	0.1927	0.0808	0.0776	0.0032	0.3936	0.2041	0.1895	3.7603	21.7877	11.0386	0.4520	0.4884	0.0011	3.8879	4007579.9539	11.5842	0.9265	0.0149	2.2594	0.0561	0.0542	0.1033	1.1052	0.0000	2.2954
11	42	0.1559	12	1	0	2	0	0	0	0	0	N	N	Y	N	N	N	N	N	N	N	N	N	0.0030	0.0022	0.0000	0.0030	0.0030	0.0000	1.0440	3.1308	0.0000	0.0003	0.0004	0.0000	0.0013	0.0013	0.0000	0.0000	0.0000	0.0000	0.1137	0.1795	0.0000	0.4244	0.4450	0.0001	0.0000	0.0000	0.0000	0.0000	0.0000	-0.0000	-0.0035	4.1301	0.9968	9.5352	1.9513	0.0000	0.0000	0.0000	0.0000	0.0000	0.0000	0.0000	0.0000	0.0000	0.0065	0.0065	0.0000	0.0065	0.0065	0.0000	0.0000	0.0000	0.0000	0.0304	0.0267	0.0037	0.0082	0.0078	0.0004	0.0222	0.0188	0.0033	0.0573	0.0363	0.0210	0.0154	0.0146	0.0007	0.0420	0.0217	0.0203	0.0030	0.0022	0.0000	0.0030	0.0030	0.0000	1.0440	3.1308	0.0000	0.1137	0.1795	0.0000	0.4244	0.4450	0.0001	0.0000	0.0000	0.0000
11	43	0.1427	11	1	0	2	0	0	0	0	0	N	N	Y	N	N	N	N	N	N	N	N	N	1.8762	1.2811	0.0002	2.4860	2.4373	0.0169	0.0014	0.6120	0.0000	0.0648	0.0741	0.0000	0.3556	0.3721	0.0000	0.0000	0.0000	0.0000	0.0345	0.0579	0.0009	0.1430	0.1527	0.0001	0.0005	0.0000	0.0009	0.0000	0.0102	-0.0038	-0.0022	4.1301	5.0018	9.5352	1.7716	0.0099	0.0099	0.0000	0.0099	0.0099	0.0000	0.0000	0.0000	0.0000	0.0041	0.0041	0.0000	0.0041	0.0041	0.0000	0.0000	0.0000	0.0000	0.1528	0.1335	0.0193	0.0278	0.0266	0.0012	0.1249	0.1069	0.0180	0.1201	0.0710	0.0492	0.0287	0.0269	0.0018	0.0914	0.0441	0.0473	1.8762	1.2811	0.0002	2.4860	2.4373	0.0169	0.0014	0.6120	0.0000	0.0345	0.0579	0.0009	0.1430	0.1527	0.0001	0.0005	0.0000	0.0009
11	44	0.1459	12	1	0	2	0	0	0	0	0	N	N	Y	N	N	N	N	N	N	N	N	N	538.4878	16114.9305	0.0002	0.0029	0.0000	2.1411	485.3158	inf	0.0000	6.5263	7.4689	0.0000	0.0000	0.0000	0.0001	7.9856	9.3348	0.0000	0.0121	0.0005	0.0307	0.0010	0.0011	0.0000	0.0165	0.0000	0.0319	0.0000	41.5717	-0.3795	0.0008	4.1301	4.9860	9.5352	2.3663	0.9958	0.9958	0.0000	0.0000	0.0000	0.0000	0.9958	0.9958	0.0000	0.0018	0.0000	0.0018	0.0000	0.0000	0.0000	0.0018	0.0000	0.0018	0.1526	0.1333	0.0193	0.0279	0.0266	0.0012	0.1247	0.1067	0.0180	0.1521	0.0934	0.0587	0.0427	0.0405	0.0022	0.1094	0.0529	0.0565	538.4878	16114.9305	0.0002	0.0029	0.0000	2.1411	485.3158	inf	0.0000	0.0121	0.0005	0.0307	0.0010	0.0011	0.0000	0.0165	0.0000	0.0319
11	45	0.1427	11	1	0	1	0	0	0	0	0	N	N	N	N	N	N	N	N	N	N	N	N	3.0414	4.5237	0.3146	0.0921	0.0032	3.5929	5.2930	146.7151	0.0634	0.2037	0.2259	0.0282	0.0089	0.0003	0.3362	0.2865	0.3357	0.0057	0.0670	0.0499	0.0898	0.0971	0.0973	0.0936	0.0541	0.0023	0.0897	0.0158	1.3440	-0.0001	0.0001	4.1301	0.0225	9.5352	1.9333	0.0002	0.0002	0.0000	0.0000	0.0000	0.0000	0.0002	0.0002	0.0000	0.0031	0.0013	0.0018	0.0013	0.0013	0.0001	0.0017	0.0000	0.0017	0.0011	0.0010	0.0001	0.0003	0.0003	0.0000	0.0008	0.0007	0.0001	0.0458	0.0262	0.0196	0.0137	0.0132	0.0005	0.0321	0.0131	0.0191	3.0414	4.5237	0.3146	0.0921	0.0032	3.5929	5.2930	146.7151	0.0634	0.0670	0.0499	0.0898	0.0971	0.0973	0.0936	0.0541	0.0023	0.0897
11	46	0.1397	10	1	0	1	0	0	0	0	0	N	N	N	N	N	N	N	N	N	N	N	N	0.0468	0.0334	0.0138	0.0018	0.0016	0.0330	1.3173	5952.3609	0.0031	0.0039	0.0044	0.0001	0.0007	0.0006	0.0016	0.0046	0.0054	0.0000	0.0833	0.1329	0.0090	0.3722	0.3999	0.0496	0.0035	0.0000	0.0072	0.0040	0.0451	-0.0000	-0.0009	4.1301	1.0095	9.5352	0.3555	0.0001	0.0001	0.0000	0.0000	0.0000	0.0000	0.0001	0.0001	0.0000	0.0019	0.0018	0.0001	0.0018	0.0018	0.0000	0.0001	0.0000	0.0001	0.0317	0.0277	0.0040	0.0058	0.0056	0.0003	0.0259	0.0221	0.0038	0.0228	0.0137	0.0091	0.0049	0.0045	0.0004	0.0179	0.0091	0.0087	0.0468	0.0334	0.0138	0.0018	0.0016	0.0330	1.3173	5952.3609	0.0031	0.0833	0.1329	0.0090	0.3722	0.3999	0.0496	0.0035	0.0000	0.0072
11	47	0.0908	7	0	0	2	0	0	0	0	0	N	N	Y	N	N	N	N	N	N	N	N	N	658.2044	17557.1986	0.0007	261.0333	1127.7623	0.0004	708.8269	5551575.7179	0.0006	11.5194	13.2845	0.0000	2.1968	2.3597	0.0001	14.3186	16.8858	0.0000	0.0175	0.0008	0.0443	0.0084	0.0021	0.2060	0.0202	0.0000	0.0412	0.0000	36.5897	-0.4304	0.0021	4.1301	3.0460	9.5352	11.9126	1.1295	1.1295	0.0000	0.0497	0.0497	0.0000	1.0798	1.0798	0.0000	0.0048	0.0001	0.0047	0.0005	0.0001	0.0004	0.0043	0.0000	0.0043	0.0981	0.0850	0.0130	0.0226	0.0211	0.0016	0.0754	0.0639	0.0115	0.2739	0.1685	0.1053	0.0627	0.0608	0.0019	0.2111	0.1077	0.1034	658.2044	17557.1986	0.0007	261.0333	1127.7623	0.0004	708.8269	5551575.7179	0.0006	0.0175	0.0008	0.0443	0.0084	0.0021	0.2060	0.0202	0.0000	0.0412
11	48	0.0774	6	0	0	1	0	0	0	0	0	N	N	N	N	N	N	N	N	N	N	N	N	94.6457	57.6101	321.7647	88.2773	95.1223	0.0815	125.1506	681.4951	369.5313	2.5614	1.4781	9.4843	5.6150	5.8365	0.0143	1.7058	0.0753	10.1053	0.0271	0.0257	0.0295	0.0636	0.0614	0.1756	0.0136	0.0001	0.0273	1.0041	0.6697	0.0113	-0.0006	4.1301	1.1082	9.5352	5.8288	0.0942	0.0470	0.0472	0.0452	0.0452	0.0000	0.0490	0.0018	0.0472	0.0043	0.0026	0.0017	0.0027	0.0026	0.0001	0.0016	0.0000	0.0016	0.0368	0.0318	0.0050	0.0080	0.0077	0.0003	0.0287	0.0241	0.0047	0.1581	0.0999	0.0582	0.0425	0.0416	0.0008	0.1156	0.0582	0.0574	94.6457	57.6101	321.7647	88.2773	95.1223	0.0815	125.1506	681.4951	369.5313	0.0271	0.0257	0.0295	0.0636	0.0614	0.1756	0.0136	0.0001	0.0273
11	49	0.1086	8	0	1	1	0	0	0	0	0	N	N	N	N	N	N	N	N	N	N	N	N	0.0000	0.0000	0.0000	0.0000	0.0000	0.0000	0.0000	0.0000	0.0000	0.0000	0.0000	0.0000	0.0000	0.0000	0.0000	0.0000	0.0000	0.0000	0.0005	0.0006	0.0004	0.0021	0.0024	0.0000	0.0002	0.0000	0.0004	0.4140	0.0000	-0.0000	4.1301	0.0000	9.5352	2.0001	0.0000	0.0000	0.0000	0.0000	0.0000	0.0000	0.0000	0.0000	0.0000	0.0000	0.0000	0.0000	0.0000	0.0000	0.0000	0.0000	0.0000	0.0000	0.0000	0.0000	0.0000	0.0000	0.0000	0.0000	0.0000	0.0000	0.0000	0.0292	0.0172	0.0120	0.0049	0.0043	0.0006	0.0243	0.0128	0.0114	0.0000	0.0000	0.0000	0.0000	0.0000	0.0000	0.0000	0.0000	0.0000	0.0005	0.0006	0.0004	0.0021	0.0024	0.0000	0.0002	0.0000	0.0004	
11	50	0.1752	15	1	1	2	0	0	0	0	0	N	N	Y	N	N	N	N	N	N	N	N	N	0.0000	0.0000	0.0000	0.0000	0.0000	0.0000	0.0000	0.0000	0.0000	0.0000	0.0000	0.0000	0.0000	0.0000	0.0000	0.1257	0.0000	0.4832	0.2235	0.0000	4.9175	0.0587	0.0000	0.1558	inf	0.0000	0.0035	4.1301	0.0000	9.5352	1.7047	0.0000	0.0000	0.0000	0.0000	0.0000	0.0000	0.0000	0.0000	0.0000	0.0077	0.0000	0.0077	0.0056	0.0000	0.0056	0.0021	0.0000	0.0021	0.0000	0.0000	0.0000	0.0000	0.0000	0.0000	0.0000	0.0000	0.0000	0.0615	0.0455	0.0160	0.0250	0.0228	0.0022	0.0365	0.0227	0.0138	0.0000	0.0000	0.0000	0.0000	0.0000	0.0000	0.0000	0.0000	0.0000	0.1257	0.0000	0.4832	0.2235	0.0000	2.4912	0.0587	0.0000	0.1558				
11	51	0.1752	15	1	1	2	0	0	0	0	0	N	N	Y	N	N	N	N	N	N	N	N	N	0.0000	0.0000	0.0000	0.0000	0.0000	0.0000	0.0000	0.0000	0.0000	0.0000	0.0000	0.0000	0.0000	0.0000	0.0000	0.0835	0.1016	0.0000	0.1645	0.1796	0.0000	0.0000	0.0000	0.0000	0.0000	0.0000	-0.0018	4.1301	0.0000	9.5352	0.2953	0.0000	0.0000	0.0000	0.0000	0.0000	0.0000	0.0000	0.0000	0.0000	0.0032	0.0032	0.0000	0.0032	0.0032	0.0000	0.0000	0.0000	0.0000	0.0000	0.0000	0.0000	0.0000	0.0000	0.0000	0.0000	0.0000	0.0000	0.0388	0.0319	0.0069	0.0197	0.0180	0.0017	0.0191	0.0138	0.0052	0.0000	0.0000	0.0000	0.0000	0.0000	0.0000	0.0000	0.0000	0.0000	0.0835	0.1016	0.0000	0.1645	0.1796	0.0000	0.0000	0.0000	0.0000				
11	52	0.1724	14	1	1	2	0	0	0	0	0	N	N	Y	N	N	N	N	N	N	N	N	N	0.0000	0.0000	0.0000	0.0000	0.0000	0.0000	0.0000	0.0000	0.0000	0.0000	0.0000	0.0000	0.0000	0.0000	0.0000	0.0000	0.0000	0.0000	0.1847	0.2838	0.0020	0.6052	0.6353	0.0323	0.0004	0.0002	0.0006	0.0037	0.0000	-0.0042	4.1301	0.0001	9.5352	1.7968	0.0000	0.0000	0.0000	0.0000	0.0000	0.0000	0.0000	0.0000	0.0000	0.0077	0.0077	0.0000	0.0077	0.0077	0.0000	0.0000	0.0000	0.0000	0.0000	0.0000	0.0000	0.0000	0.0000	0.0000	0.0000	0.0000	0.0000	0.0417	0.0270	0.0147	0.0127	0.0121	0.0006	0.0290	0.0150	0.0140	0.0000	0.0000	0.0000	0.0000	0.0000	0.0000	0.0000	0.0000	0.0000	0.1847	0.2838	0.0020	0.6052	0.6353	0.0323	0.0004	0.0002	0.0006	
11	53	0.1541	8	1	1	1	0	0	0	0	0	N	N	N	N	N	N	N	N	N	N	N	N	140.9778	130.6008	0.0000	193.5868	203.5421	0.0000	3.1284	96.7730	0.0000	0.1113	0.1265	0.0000	0.4101	0.4489	0.0000	0.0008	0.0009	0.0000	0.0008	0.0010	0.0005	0.0021	0.0022	0.0005	0.0002	0.0000	0.0005	0.0000	0.2856	-0.0032	-0.0000	4.1301	1.8240	9.5352	0.8872	0.0083	0.0083	0.0000	0.0083	0.0083	0.0000	0.0000	0.0000	0.0000	0.0000	0.0000	0.0000	0.0000	0.0000	0.0000	0.0000	0.0000	0.0000	0.0750	0.0660	0.0090	0.0203	0.0185	0.0018	0.0547	0.0475	0.0073	0.0599	0.0380	0.0219	0.0175	0.0166	0.0009	0.0424	0.0214	0.0210	140.9778	130.6008	0.0000	193.5868	203.5421	0.0000	3.1284	96.7730	0.0000	0.0008	0.0010	0.0005	0.0021	0.0022	0.0005	0.0002	0.0000	0.0005
11	54	0.1385	10	0	1	1	1	0	0	0	0	N	N	N	N	N	N	N	N	N	N	N	N	0.0000	0.0000	0.0000	0.0000	0.0000	0.0000	0.0000	0.0000	0.0000	0.0000	0.0000	0.0000	0.0000	0.0000	0.0000	0.0000	0.0000	5.1120	0.0007	13.6088	0.0100	0.0018	0.1691	6.7993	0.0000	14.0581	12000.6727	0.0000	0.1977	4.1301	0.0007	9.5352	4.7762	0.0000	0.0000	0.0000	0.0000	0.0000	0.0000	0.0000	0.0000	0.0000	0.4327	0.0000	0.4327	0.0002	0.0000	0.0002	0.4325	0.0000	0.4325	0.0000	0.0000	0.0000	0.0000	0.0000	0.0000	0.0000	0.0000	0.0000	0.0847	0.0529	0.0318	0.0210	0.0200	0.0010	0.0636	0.0328	0.0308	0.0000	0.0000	0.0000	0.0000	0.0000	0.0000	0.0000	0.0000	0.0000	5.1120	0.0007	13.6088	0.0100	0.0018	0.1691	6.7993	0.0000	14.0581		
11	55	0.1385	10	0	0	1	1	0	0	0	0	N	N	N	N	N	N	N	N	N	N	N	N	0.0000	0.0000	0.0000	0.0000	0.0000	0.0000	0.0000	0.0000	0.0000	0.0000	0.0000	0.0000	0.0000	0.0000	0.0000	0.0000	0.0000	0.0463	0.0281	0.0780	0.0671	0.0694	0.0143	0.0386	0.0000	0.0801	1.5911	0.0000	0.0002	4.1301	0.0007	9.5352	3.2259	0.0000	0.0000	0.0000	0.0000	0.0000	0.0000	0.0000	0.0000	0.0000	0.0029	0.0011	0.0018	0.0011	0.0011	0.0000	0.0018	0.0000	0.0018	0.0000	0.0000	0.0000	0.0000	0.0000	0.0000	0.0000	0.0000	0.0000	0.0624	0.0397	0.0227	0.0168	0.0161	0.0007	0.0457	0.0236	0.0220	0.0000	0.0000	0.0000	0.0000	0.0000	0.0000	0.0000	0.0000	0.0000	0.0463	0.0281	0.0780	0.0671	0.0694	0.0143	0.0386	0.0000	0.0801		
11	56	0.1342	9	0	0	1	1	0	0	0	0	N	N	N	N	N	N	N	N	N	N	N	N	0.0000	0.0000	0.0000	0.0000	0.0000	0.0000	0.0000	0.0000	0.0000	0.0000	0.0000	0.0000	0.0000	0.0000	0.0000	0.0000	0.0000	0.0000	0.0247	0.0007	0.0703	0.0015	0.0015	0.0009	0.0333	0.0002	0.0726	50.8271	0.0000	0.0005	4.1301	0.9953	9.5352	1.3904	0.0000	0.0000	0.0000	0.0000	0.0000	0.0000	0.0000	0.0000	0.0000	0.0012	0.0000	0.0011	0.0000	0.0000	0.0000	0.0011	0.0000	0.0011	0.0308	0.0270	0.0038	0.0066	0.0062	0.0003	0.0243	0.0208	0.0035	0.0466	0.0305	0.0160	0.0126	0.0120	0.0005	0.0340	0.0185	0.0155	0.0000	0.0000	0.0000	0.0000	0.0000	0.0000	0.0000	0.0000	0.0000	0.0247	0.0007	0.0703	0.0015	0.0015	0.0009	0.0333	0.0002	0.0726	
11	57	0.1275	8	0	0	1	1	0	0	0	0	N	N	N	N	N	N	N	N	N	N	N	N	1.1607	9.3611	0.0000	12.2645	12.7114	0.0000	0.0000	0.0000	0.0004	0.0004	0.0000	0.0015	0.0016	0.0000	0.0000	0.0000	0.0000	0.0003	0.0000	0.0008	0.0001	0.0001	0.0001	0.0004	0.0000	0.0008	0.0000	10.6861	-0.0000	0.0000	4.1301	0.0068	9.5352	3.2797	0.0000	0.0000	0.0000	0.0000	0.0000	0.0000	0.0000	0.0000	0.0000	0.0000	0.0000	0.0000	0.0000	0.0000	0.0000	0.0000	0.0000	0.0000	0.0003	0.0002	0.0000	0.0001	0.0001	0.0000	0.0002	0.0002	0.0000	0.0586	0.0357	0.0229	0.0145	0.0138	0.0007	0.0442	0.0219	0.0222	1.1607	9.3611	0.0000	12.2645	12.7114	0.0000	0.0000	0.0000	0.0000	0.0003	0.0000	0.0008	0.0001	0.0001	0.0001	0.0004	0.0000	0.0008	
11	58	0.0863	7	0	0	1	1	0	0	0	0	N	N	N	N	N	N	N	N	N	N	N	N	5.8179	4.4862	0.0357	4.3071	4.6535	0.0000	0.6036	22731.1257	0.0621	0.2000	0.2298	0.0004	0.7106	0.7568	0.0000	0.0021	0.0024	0.0004	0.0344	0.0512	0.0103	0.1650	0.1626	0.2338	0.0034	0.0000	0.0068	0.0002	0.1405	-0.0160	-0.0047	4.1301	5.8573	9.5352	13.1443	0.0420	0.0420	0.0000	0.0417	0.0417	0.0000	0.0003	0.0003	0.0000	0.0111	0.0098	0.0014	0.0102	0.0098	0.0005	0.0009	0.0000	0.0009	0.2102	0.1829	0.0274	0.0587	0.0551	0.0036	0.1515	0.1277	0.0238	0.3238	0.1905	0.1333	0.0621	0.0600	0.0021	0.2617	0.1305	0.1313	5.8179	4.4862	0.0357	4.3071	4.6535	0.0000	0.6036	22731.1257	0.0621	0.0344	0.0512	0.0103	0.1650	0.1626	0.2338	0.0034	0.0000	0.0068
11	59	0.1725	15	0	1	2	0	0	0	0	0	N	N	Y	N	N	N	N	N	N	N	N	N	0.3042	0.2280	0.0000	0.0117	0.0115	0.0000	160.9681	524.1423	0.0000	0.0338	0.0386	0.0000	0.0048	0.0051	0.0000	0.0410	0.0480	0.0000	0.1110	0.1691	0.0013	0.4153	0.4399	0.0197	0.0003	0.0001	0.0005	0.0000	0.0041	-0.0004	-0.0058	4.1301	0.9979	9.5352	4.0614	0.0010	0.0010	0.0000	0.0000	0.0000	0.0000	0.0010	0.0010	0.0000	0.0108	0.0107	0.0000	0.0108	0.0107	0.0000	0.0000	0.0000	0.0000	0.0307	0.0269	0.0038	0.0062	0.0059	0.0003	0.0245	0.0210	0.0036	0.0971	0.0634	0.0336	0.0259	0.0244	0.0015	0.0712	0.0391	0.0321	0.3042	0.2280	0.0000	0.0117	0.0115	0.0000	160.9681	524.1423	0.0000	0.1110	0.1691	0.0013	0.4153	0.4399	0.0197	0.0003	0.0001	0.0005
11	60	0.1641	14	0	1	1	0	0	0	0	0	N	N	N	N	N	N	N	N	N	N	N	N	1242.3662	3045.8673	0.0000	0.0579	0.0587	0.0000	1634.6838	67262978.0840	0.0000	14.0172	16.0185	0.0000	0.0008	0.0008	0.0000	17.4196	20.4028	0.0000	0.0113	0.0053	0.0223	0.0130	0.0133	0.0077	0.0107	0.0000	0.0230	0.0000	2.3199	-0.3795	0.0002	4.1301	2.2356	9.5352	2.2044	0.9958	0.9958	0.0000	0.0000	0.0000	0.0000	0.9958	0.9958	0.0000	0.0010	0.0003	0.0007	0.0003	0.0003	0.0000	0.0007	0.0000	0.0007	0.0710	0.0622	0.0089	0.0139	0.0134	0.0005	0.0572	0.0488	0.0084	0.0869	0.0562	0.0307	0.0236	0.0222	0.0014	0.0633	0.0339	0.0294	1242.3662	3045.8673	0.0000	0.0579	0.0587	0.0000	1634.6838	67262978.0840	0.0000	0.0113	0.0053	0.0223	0.0130	0.0133	0.0077	0.0107	0.0000	0.0230
11	61	0.1435	12	1	0	2	0	0	0	0	0	N	N	Y	N	N	N	N	N	N	N	N	N	0.0066	0.0053	0.0000	0.0074	0.0071	0.0000	0.0000	0.0000	0.0000	0.0000	0.0000	0.0000	0.0000	0.0000	0.0000	0.0000	0.0000	0.0006	0.0009	0.0002	0.0026	0.0028	0.0005	0.0001	0.0000	0.0002	0.0000	0.1766	-0.0000	-0.0000	4.1301	2.0703	9.5352	7.0012	0.0000	0.0000	0.0000	0.0000	0.0000	0.0000	0.0000	0.0000	0.0000	0.0001	0.0001	0.0000	0.0001	0.0001	0.0000	0.0000	0.0000	0.0000	0.0672	0.0589	0.0083	0.0145	0.0139	0.0006	0.0528	0.0450	0.0078	0.1403	0.0843	0.0560	0.0291	0.0266	0.0024	0.1113	0.0577	0.0536	0.0066	0.0053	0.0000	0.0074	0.0071	0.0000	0.0000	0.0000	0.0000	0.0006	0.0009	0.0002	0.0026	0.0028	0.0005	0.0001	0.0000	0.0002	
11	62	0.1419	11	0	0	1	0	0	0	0	0	N	N	N	N	N	N	N	N	N	N	N	N	0.0023	0.0000	0.0192	0.0000	0.0000	0.0000	0.0235	0.0786	0.0000	0.0000	0.0001	0.0000	0.0000	0.0000	0.0000	0.0000	0.0001	0.0040	0.0040	0.0039	0.0165	0.0121	0.0670	0.0005	0.0000	0.0010	inf	0.6398	0.0000	-0.0000	4.1301	0.9285	9.5352	0.0280	0.0000	0.0000	0.0000	0.0000	0.0000	0.0000	0.0000	0.0000	0.0000	0.0001	0.0000	0.0000	0.0001	0.0000	0.0000	0.0000	0.0000	0.0000	0.0295	0.0258	0.0037	0.0060	0.0058	0.0002	0.0235	0.0201	0.0034	0.0157	0.0095	0.0063	0.0034	0.0031	0.0003	0.0123	0.0063	0.0060	0.0023	0.0000	0.0192	0.0000	0.0000	0.0000	0.0235	0.0000	0.0786	0.0040	0.0040	0.0039	0.0165	0.0121	0.0670	0.0005	0.0000	0.0010	
11	63	0.1041	6	1	1	1	0	0	0	0	0	N	N	N	N	N	N	N	N	N	N	N	N	0.0054	0.0038	0.0608	0.0115	0.0111	0.0000	0.0030	0.0017	0.3302	0.0008	0.0009	0.0000	0.0070	0.0072	0.0000	0.0000	0.0000	0.0000	0.1414	0.2344	0.0001	0.6031	0.6471	0.0011	0.0044	0.0087	0.0000	0.0006	0.0002	-0.0000	-0.0060	4.1301	1.0023	9.5352	3.0135	0.0000	0.0000	0.0000	0.0000	0.0000	0.0000	0.0000	0.0000	0.0000	0.0110	0.0110	0.0000	0.0107	0.0107	0.0000	0.0003	0.0003	0.0000	0.0321	0.0278	0.0043	0.0035	0.0033	0.0001	0.0286	0.0244	0.0042	0.0775	0.0468	0.0308	0.0177	0.0165	0.0012	0.0598	0.0302	0.0296	0.0054	0.0038	0.0608	0.0115	0.0111	0.0000	0.0030	0.0017	0.3302	0.1414	0.2344	0.0001	0.6031	0.6471	0.0011	0.0044	0.0087	0.0000
11	64	0.0777	5	1	1	1	0	0	0	0	0	N	N	N	N	N	N	N	N	N	N	N	N	0.0471	0.0310	8.7442	9.6695	9.7504	0.2782	0.0007	0.0003	14.0104	0.2101	0.2421	0.0035	1.1806	1.2622	0.0016	0.0037	0.0038	0.0036	4.4573	7.8224	0.0004	0.1221	0.1295	0.0058	5.3959	11.0221	0.0003	0.0022	0.0000	-0.0097	-0.5429	4.1301	3.0820	9.5352	9.3392	0.0255	0.0254	0.0001	0.0251	0.0251	0.0000	0.0004	0.0003	0.0001	0.9999	0.9998	0.0000	0.0049	0.0049	0.0000	0.9950	0.9950	0.0000	0.1214	0.1051	0.0163	0.0213	0.0199	0.0014	0.1001	0.0852	0.0149	0.2243	0.1278	0.0965	0.0399	0.0375	0.0024	0.1844	0.0903	0.0941	0.0471	0.0310	8.7442	9.6695	9.7504	0.2782	0.0007	0.0003	14.0104	4.4573	7.8224	0.0004	0.1221	0.1295	0.0058	5.3959	11.0221	0.0003
11	65	0.1641	14	0	1	1	0	0	0	0	0	N	N	N	N	N	N	N	N	N	N	N	N	1.3571	66.9510	0.0000	57.1582	112.4833	0.0000	0.0000	0.0000	0.0069	0.0079	0.0000	0.0344	0.0357	0.0000	0.0000	0.0000	0.0000	0.0051	0.0001	0.0136	0.0006	0.0003	0.0045	0.0066	0.0000	0.0140	0.0000	67.4044	-0.0002	0.0003	4.1301	1.7946	9.5352	5.9592	0.0004	0.0004	0.0000	0.0004	0.0004	0.0000	0.0000	0.0000	0.0000	0.0007	0.0000	0.0007	0.0000	0.0000	0.0000	0.0007	0.0000	0.0007	0.0580	0.0508	0.0072	0.0116	0.0112	0.0004	0.0464	0.0396	0.0068	0.1373	0.0867	0.0506	0.0344	0.0320	0.0023	0.1029	0.0546	0.0482	1.3571	66.9510	0.0000	57.1582	112.4833	0.0000	0.0000	0.0000	0.0000	0.0051	0.0001	0.0136	0.0006	0.0003	0.0045	0.0066	0.0000	0.0140	
11	66	0.1573	13	0	1	1	0	0	0	0	0	N	N	N	N	N	N	N	N	N	N	N	N	0.0087	11.4688	0.0000	0.1924	1.8640	0.0000	0.0075	139.4600	0.0000	0.0092	0.0105	0.0000	0.0038	0.0040	0.0000	0.0107	0.0126	0.0000	1.0608	0.0009	2.6605	0.0198	0.0021	0.3224	1.4266	0.0001	2.7594	0.0000	1919.4067	-0.0002	0.0317	4.1301	1.3569	9.5352	2.0560	0.0004	0.0004	0.0000	0.0000	0.0000	0.0000	0.0004	0.0004	0.0000	0.0695	0.0000	0.0695	0.0003	0.0000	0.0003	0.0692	0.0000	0.0692	0.0476	0.0417	0.0060	0.0105	0.0101	0.0004	0.0371	0.0316	0.0055	0.0656	0.0394	0.0261	0.0170	0.0160	0.0010	0.0485	0.0234	0.0251	0.0087	11.4688	0.0000	0.1924	1.8640	0.0000	0.0075	139.4600	0.0000	1.0608	0.0009	2.6605	0.0198	0.0021	0.2905	1.4266	0.0001	2.7594
11	67	0.1439	12	0	1	1	0	0	0	0	0	N	N	N	N	N	N	N	N	N	N	N	N	0.0667	2.0888	0.0127	2.1022	3.5863	0.0007	0.0161	4.4006	0.0132	0.0010	0.0011	0.0005	0.0043	0.0045	0.0000	0.0003	0.0003	0.0005	0.0149	0.0005	0.0379	0.0020	0.0013	0.0112	0.0192	0.0001	0.0393	0.0671	46.2971	-0.0001	0.0008	4.1301	4.9477	9.5352	2.0153	0.0002	0.0001	0.0000	0.0001	0.0001	0.0000	0.0000	0.0000	0.0000	0.0018	0.0000	0.0018	0.0001	0.0000	0.0000	0.0017	0.0000	0.0017	0.1608	0.1400	0.0209	0.0277	0.0262	0.0015	0.1331	0.1138	0.0193	0.1202	0.0740	0.0463	0.0300	0.0277	0.0023	0.0902	0.0463	0.0439	0.0667	2.0888	0.0127	2.1022	3.5863	0.0007	0.0161	4.4006	0.0132	0.0149	0.0005	0.0379	0.0020	0.0013	0.0112	0.0192	0.0001	0.0393
11	68	0.1086	8	0	0	2	0	0	0	0	0	N	N	Y	N	N	N	N	N	N	N	N	N	0.0000	0.0000	0.0000	0.0000	0.0000	0.0000	0.0000	0.0000	0.0000	0.0000	0.0000	0.0000	0.0000	0.0000	0.0000	0.0000	0.0000	0.0000	0.0008	0.0012	0.0002	0.0042	0.0047	0.0000	0.0001	0.0000	0.0002	0.1072	0.0000	-0.0000	4.1301	0.0000	9.5352	4.0001	0.0000	0.0000	0.0000	0.0000	0.0000	0.0000	0.0000	0.0000	0.0000	0.0000	0.0000	0.0000	0.0000	0.0000	0.0000	0.0000	0.0000	0.0000	0.0000	0.0000	0.0000	0.0000	0.0000	0.0000	0.0000	0.0000	0.0000	0.0578	0.0341	0.0238	0.0097	0.0086	0.0011	0.0482	0.0255	0.0227	0.0000	0.0000	0.0000	0.0000	0.0000	0.0000	0.0000	0.0000	0.0000	0.0008	0.0012	0.0002	0.0042	0.0047	0.0000	0.0001	0.0000	0.0002	
11	69	0.0863	7	0	0	1	0	0	0	0	0	N	N	N	N	N	N	N	N	N	N	N	N	4.2083	82.8474	0.0000	2.8085	2.9643	0.0000	4.8701	34234.8540	0.0000	8.0857	9.3485	0.0000	0.8472	0.9089	0.0000	11.6513	14.0063	0.0000	1.9214	0.1128	4.5668	0.3016	0.3066	0.1511	2.3924	0.0004	4.6468	0.0000	27.6683	-0.3803	0.1870	4.1301	2.8240	9.5352	8.9883	0.9980	0.9980	0.0000	0.0345	0.0345	0.0000	0.9635	0.9635	0.0000	0.4430	0.0155	0.4276	0.0157	0.0154	0.0003	0.4274	0.0000	0.4273	0.1234	0.1068	0.0167	0.0407	0.0380	0.0028	0.0827	0.0688	0.0139	0.2306	0.1370	0.0936	0.0519	0.0503	0.0017	0.1786	0.0867	0.0920	4.2083	82.8474	0.0000	2.8085	2.9643	0.0000	4.8701	34234.8540	0.0000	1.9214	0.1128	4.5668	0.3016	0.3066	0.1511	2.3924	0.0004	4.6468
11	70	0.0774	6	0	0	1	0	0	0	0	0	N	N	N	N	N	N	N	N	N	N	N	N	17.2270	79.4276	16.6106	114.8017	141.1965	0.0107	6.9405	162.1694	17.9040	1.7424	1.3659	4.1896	4.9448	5.1466	0.0068	0.8721	0.1922	4.4703	0.1011	0.0172	0.2522	0.0431	0.0364	0.6356	0.1257	0.0012	0.2497	0.4720	8.1501	-0.0050	0.0046	4.1301	1.4521	9.5352	3.5882	0.0823	0.0559	0.0264	0.0499	0.0499	0.0000	0.0324	0.0060	0.0264	0.0133	0.0015	0.0118	0.0017	0.0014	0.0003	0.0116	0.0001	0.0116	0.0473	0.0410	0.0063	0.0101	0.0097	0.0004	0.0372	0.0313	0.0059	0.1314	0.0845	0.0469	0.0390	0.0383	0.0007	0.0924	0.0461	0.0463	17.2270	79.4276	16.6106	114.8017	141.1965	0.0158	6.9405	162.1694	17.9040	0.1011	0.0172	0.2522	0.0431	0.0364	0.4326	0.1257	0.0012	0.2497
11	71	0.0746	5	0	0	1	0	0	0	0	0	N	N	N	N	N	N	N	N	N	N	N	N	35.9051	34.6938	73.3182	61.6048	66.5412	0.0018	26.1455	31.4635	79.9420	2.1356	1.3012	7.5261	4.6271	4.7640	0.0009	1.3339	0.0007	7.9403	0.0595	0.0375	0.1026	0.0751	0.0716	0.4743	0.0510	0.0000	0.0993	0.8953	1.3930	0.0087	0.0002	4.1301	1.1783	9.5352	0.9542	0.0953	0.0503	0.0450	0.0503	0.0503	0.0000	0.0450	0.0000	0.0450	0.0046	0.0019	0.0027	0.0020	0.0019	0.0001	0.0026	0.0000	0.0026	0.0446	0.0386	0.0060	0.0109	0.0106	0.0003	0.0338	0.0281	0.0057	0.0776	0.0514	0.0262	0.0272	0.0269	0.0003	0.0503	0.0245	0.0259	35.9051	34.6938	73.3182	61.6048	66.5412	0.0023	26.1455	31.4635	79.9420	0.0595	0.0375	0.1026	0.0751	0.0716	0.3735	0.0510	0.0000	0.0993
11	72	0.0701	4	0	0	1	0	0	0	0	0	N	N	N	N	N	N	N	N	N	N	N	N	40.2685	39.1082	87.4566	77.3436	83.5712	0.0001	29.3010	22.2419	94.3638	1.4945	0.8773	5.4851	4.1011	4.2567	0.0000	0.9020	0.0003	5.7771	0.0371	0.0224	0.0627	0.0530	0.0509	0.1748	0.0308	0.0000	0.0612	0.9670	1.6030	0.0112	0.0002	4.1301	2.0762	9.5352	1.4610	0.1014	0.0516	0.0499	0.0515	0.0515	0.0000	0.0499	0.0000	0.0499	0.0034	0.0013	0.0021	0.0014	0.0013	0.0001	0.0020	0.0000	0.0020	0.0679	0.0588	0.0091	0.0126	0.0121	0.0005	0.0553	0.0467	0.0086	0.0923	0.0587	0.0336	0.0263	0.0258	0.0004	0.0660	0.0328	0.0332	40.2685	39.1082	87.4566	77.3436	83.5712	0.0001	29.3010	22.2419	94.3638	0.0371	0.0224	0.0627	0.0530	0.0509	0.1748	0.0308	0.0000	0.0612
11	73	0.0689	4	0	0	1	0	0	0	0	0	N	N	N	N	N	N	N	N	N	N	N	N	14.4242	9.3099	2.4455	2.1666	2.1645	0.0000	1505.4924	57219.1038	2.7379	0.6687	0.7723	0.0022	0.6798	0.7254	0.0000	0.6667	0.7815	0.0023	0.0464	0.0830	0.0009	0.3138	0.3351	0.0025	0.0004	0.0000	0.0009	0.0004	0.0086	-0.0381	-0.0090	4.1301	4.0673	9.5352	17.8409	0.1002	0.1002	0.0000	0.0155	0.0155	0.0000	0.0848	0.0847	0.0000	0.0168	0.0167	0.0001	0.0167	0.0167	0.0000	0.0001	0.0000	0.0001	0.1499	0.1297	0.0202	0.0227	0.0213	0.0014	0.1271	0.1084	0.0187	0.3626	0.2009	0.1617	0.0531	0.0497	0.0034	0.3094	0.1512	0.1583	14.4242	9.3099	2.4455	2.1666	2.1645	0.0000	1505.4924	57219.1038	2.7379	0.0464	0.0830	0.0009	0.3138	0.3351	0.0025	0.0004	0.0000	0.0009
11	75	0.2056	8	0	0	1	0	0	0	0	0	N	N	N	N	N	N	N	N	N	N	N	N	0.2476	0.6150	0.0001	0.2484	0.3037	0.0002	0.2551	216.6287	0.0000	0.1115	0.1302	0.0001	0.0921	0.1090	0.0002	0.1296	0.1495	0.0000	0.4504	0.2117	0.9016	0.3710	0.3589	0.7393	0.5079	0.0007	0.9459	0.0001	2.2530	-0.0099	0.0911	4.1301	3.5843	9.5352	46.7516	0.0259	0.0259	0.0000	0.0103	0.0103	0.0000	0.0156	0.0156	0.0000	0.6090	0.1872	0.4218	0.2107	0.1870	0.0237	0.3983	0.0003	0.3981	0.2326	0.1992	0.0334	0.1122	0.0948	0.0174	0.1204	0.1043	0.0160	1.3521	0.8842	0.4678	0.5679	0.5209	0.0470	0.7842	0.3633	0.4208	0.2476	0.6150	0.0001	0.2484	0.3037	0.0003	0.2551	216.6287	0.0000	0.4504	0.2117	0.9016	0.3710	0.3589	0.5053	0.5079	0.0007	0.9459
11	76	0.1707	14	1	1	2	0	0	0	0	0	N	N	Y	N	N	N	N	N	N	N	N	N	0.0000	0.0000	0.0000	0.0000	0.0000	0.0000	0.0000	0.0000	0.0000	0.0000	0.0000	0.0000	0.0000	0.0000	0.0000	0.0000	0.0000	0.0000	0.0000	0.0000	0.0000	0.0000	0.0000	0.0000	1.7882	0.0000	0.0000	4.1301	1.0003	9.5352	1.0071	0.0000	0.0000	0.0000	0.0000	0.0000	0.0000	0.0000	0.0000	0.0000	0.0000	0.0000	0.0000	0.0000	0.0000	0.0000	0.0000	0.0000	0.0000	0.0303	0.0266	0.0037	0.0071	0.0068	0.0003	0.0233	0.0199	0.0034	0.0306	0.0183	0.0123	0.0075	0.0069	0.0007	0.0230	0.0114	0.0116	0.0000	0.0000	0.0000	0.0000	0.0000	0.0000	0.0000	0.0000	0.0000	0.0000	0.0000	0.0000	0.0000	0.0000	0.0000	0.0000	0.0000	0.0000				
11	77	0.1640	13	1	0	2	0	0	0	0	0	N	N	Y	N	N	N	N	N	N	N	N	N	0.0000	0.0000	0.0000	0.0000	0.0000	0.0000	0.0000	0.0000	0.0000	0.0000	0.0000	0.0000	0.0000	0.0000	0.0000	0.0000	0.0000	0.0000	0.0002	0.0001	0.0005	0.0004	0.0000	0.0134	0.0002	0.0003	0.0000	1.2897	0.0000	0.0000	4.1301	0.9901	9.5352	2.2068	0.0000	0.0000	0.0000	0.0000	0.0000	0.0000	0.0000	0.0000	0.0000	0.0000	0.0000	0.0000	0.0000	0.0000	0.0000	0.0000	0.0000	0.0000	0.0305	0.0268	0.0038	0.0071	0.0068	0.0003	0.0234	0.0199	0.0034	0.1038	0.0761	0.0277	0.0386	0.0377	0.0010	0.0652	0.0384	0.0268	0.0000	0.0000	0.0000	0.0000	0.0000	0.0000	0.0000	0.0000	0.0000	0.0002	0.0001	0.0005	0.0004	0.0000	0.0134	0.0002	0.0003	0.0000	
11	78	0.0864	5	0	1	1	0	0	0	0	0	N	N	N	N	N	N	N	N	N	N	N	N	196.3842	0.7178	10101.2632	1.1371	1.0995	4.9064	3633.5761	5349.5173	12484.0732	6.5570	0.0377	50.7650	0.1613	0.1640	0.1136	8.0494	0.0050	55.1742	0.0334	0.0525	0.0050	0.1418	0.1492	0.0232	0.0022	0.0000	0.0044	198.7564	0.0644	1.2294	-0.0071	4.1301	8.4371	9.5352	15.3349	2.0025	0.0100	1.9925	0.0093	0.0090	0.0004	1.9932	0.0011	1.9921	0.0147	0.0138	0.0009	0.0140	0.0138	0.0001	0.0008	0.0000	0.0008	0.3054	0.2662	0.0392	0.0578	0.0546	0.0031	0.2476	0.2115	0.0361	0.4414	0.2639	0.1776	0.0986	0.0928	0.0057	0.3429	0.1710	0.1718	196.3842	0.7178	10101.2632	1.1371	1.0995	4.9064	3633.5761	5349.5173	12484.0732	0.0334	0.0525	0.0050	0.1418	0.1492	0.0232	0.0022	0.0000	0.0044
11	79	0.1640	13	1	0	2	0	0	0	0	0	N	N	Y	N	N	N	N	N	N	N	N	N	0.0000	0.0000	0.0000	0.0000	0.0000	0.0000	0.0000	0.0000	0.0000	0.0000	0.0000	0.0000	0.0000	0.0000	0.0000	0.0000	0.0377	0.0558	0.0005	0.1226	0.1284	0.0000	0.0002	0.0000	0.0005	0.0044	0.0000	-0.0037	4.1301	3.0096	9.5352	5.7427	0.0000	0.0000	0.0000	0.0000	0.0000	0.0000	0.0000	0.0000	0.0000	0.0069	0.0069	0.0000	0.0069	0.0069	0.0000	0.0000	0.0000	0.0000	0.0909	0.0797	0.0112	0.0209	0.0200	0.0009	0.0700	0.0597	0.0103	0.1836	0.1235	0.0601	0.0563	0.0537	0.0026	0.1273	0.0698	0.0575	0.0000	0.0000	0.0000	0.0000	0.0000	0.0000	0.0000	0.0000	0.0000	0.0377	0.0558	0.0005	0.1226	0.1284	0.0000	0.0002	0.0000	0.0005			
11	80	0.1484	12	1	0	2	0	0	0	0	0	N	N	Y	N	N	N	N	N	N	N	N	N	0.0000	0.0000	0.0000	0.0000	0.0000	0.0000	0.0000	0.0000	0.0000	0.0000	0.0000	0.0000	0.0000	0.0000	0.0000	0.0000	0.0000	0.0000	0.0506	0.0025	0.1278	0.0138	0.0012	0.1957	0.0628	0.0033	0.1248	31.3469	0.0000	0.0027	4.1301	1.0477	9.5352	6.1154	0.0000	0.0000	0.0000	0.0000	0.0000	0.0000	0.0000	0.0000	0.0000	0.0063	0.0002	0.0061	0.0004	0.0000	0.0004	0.0059	0.0002	0.0057	0.0357	0.0316	0.0042	0.0092	0.0089	0.0003	0.0265	0.0227	0.0038	0.1242	0.0766	0.0476	0.0310	0.0290	0.0020	0.0932	0.0476	0.0456	0.0000	0.0000	0.0000	0.0000	0.0000	0.0000	0.0000	0.0000	0.0000	0.0506	0.0025	0.1278	0.0138	0.0012	0.1957	0.0628	0.0033	0.1248	
11	81	0.1419	11	0	0	1	0	0	0	0	0	N	N	N	N	N	N	N	N	N	N	N	N	0.0000	0.0000	0.0000	0.0000	0.0000	0.0000	0.0000	0.0000	0.0000	0.0000	0.0000	0.0000	0.0000	0.0000	0.0000	0.0000	0.0000	0.0000	0.0186	0.0256	0.0081	0.0748	0.0803	0.0138	0.0038	0.0000	0.0079	0.2120	0.0000	-0.0003	4.1301	1.9794	9.5352	1.0196	0.0000	0.0000	0.0000	0.0000	0.0000	0.0000	0.0000	0.0000	0.0000	0.0009	0.0007	0.0002	0.0007	0.0007	0.0000	0.0001	0.0000	0.0001	0.0619	0.0542	0.0077	0.0125	0.0119	0.0005	0.0495	0.0423	0.0072	0.0477	0.0286	0.0191	0.0099	0.0091	0.0008	0.0377	0.0195	0.0182	0.0000	0.0000	0.0000	0.0000	0.0000	0.0000	0.0000	0.0000	0.0000	0.0186	0.0256	0.0081	0.0748	0.0803	0.0138	0.0038	0.0000	0.0079	
11	82	0.1397	10	0	0	1	0	0	0	0	0	N	N	N	N	N	N	N	N	N	N	N	N	0.7246	1.1676	0.0165	0.0052	0.0000	0.0354	1.6264	inf	0.0039	0.0038	0.0043	0.0001	0.0001	0.0000	0.0016	0.0046	0.0054	0.0000	0.0052	0.0037	0.0075	0.0136	0.0109	0.0462	0.0028	0.0000	0.0058	0.0041	1.3589	-0.0000	0.0000	4.1301	1.0114	9.5352	0.0202	0.0001	0.0001	0.0000	0.0000	0.0000	0.0000	0.0001	0.0001	0.0000	0.0001	0.0000	0.0001	0.0001	0.0000	0.0000	0.0000	0.0000	0.0000	0.0318	0.0278	0.0040	0.0059	0.0056	0.0003	0.0260	0.0222	0.0038	0.0175	0.0105	0.0070	0.0039	0.0036	0.0003	0.0136	0.0069	0.0067	0.7246	1.1676	0.0165	0.0052	0.0000	0.0354	1.6264	inf	0.0039	0.0052	0.0037	0.0075	0.0136	0.0109	0.0462	0.0028	0.0000	0.0058
11	83	0.1192	9	0	0	1	0	0	0	0	0	N	N	N	N	N	N	N	N	N	N	N	N	104.3090	75.8386	0.0716	0.0059	0.0043	7.5055	505.2170	438.4033	0.0138	4.8774	5.5183	0.0006	0.0010	0.0008	0.0063	6.2014	7.1860	0.0001	0.0468	0.0728	0.0078	0.1655	0.1778	0.0008	0.0123	0.0164	0.0081	0.0000	0.0718	-0.3790	-0.0037	4.1301	5.9223	9.5352	3.6882	0.9946	0.9946	0.0000	0.0000	0.0000	0.0000	0.9946	0.9946	0.0000	0.0078	0.0073	0.0005	0.0062	0.0062	0.0000	0.0016	0.0011	0.0005	0.2039	0.1802	0.0237	0.0435	0.0418	0.0017	0.1604	0.1384	0.0220	0.1667	0.1000	0.0668	0.0375	0.0349	0.0026	0.1292	0.0650	0.0642	104.3090	75.8386	0.0716	0.0059	0.0043	7.5055	505.2170	438.4033	0.0138	0.0468	0.0728	0.0078	0.1655	0.1778	0.0008	0.0123	0.0164	0.0081
11	84	0.1063	7	0	1	1	0	0	0	0	0	N	N	N	N	N	N	N	N	N	N	N	N	0.2051	0.9701	0.0000	0.0962	0.0946	0.0000	0.2153	495675.8749	0.0000	0.3951	0.4535	0.0000	0.1262	0.1327	0.0000	0.4509	0.5276	0.0000	1.9262	0.4675	4.1274	1.3113	1.4028	0.0030	2.0940	0.0000	4.2778	0.0000	5.8505	-0.0340	0.3603	4.1301	7.1084	9.5352	28.8937	0.0892	0.0892	0.0000	0.0049	0.0049	0.0000	0.0843	0.0843	0.0000	1.1584	0.1691	0.9893	0.1691	0.1691	0.0000	0.9893	0.0000	0.9893	0.2257	0.1967	0.0291	0.0388	0.0369	0.0019	0.1870	0.1598	0.0272	0.6014	0.3617	0.2397	0.1290	0.1205	0.0084	0.4724	0.2412	0.2313	0.2051	0.9701	0.0000	0.0962	0.0946	0.0000	0.2153	495675.8749	0.0000	1.9262	0.4675	4.1274	1.3113	1.4028	0.0030	2.0940	0.0000	4.2778
11	85	0.0988	6	0	1	1	0	0	0	0	0	N	N	N	N	N	N	N	N	N	N	N	N	0.0534	0.0444	0.1319	0.0587	0.0588	1.5532	0.0494	1.0397	0.1446	0.0781	0.0467	0.3011	0.1278	0.1314	0.0638	0.0555	0.0036	0.3384	1.4632	1.0534	2.2818	2.1758	2.2337	0.0411	1.1243	0.0035	2.3404	0.9072	1.0843	0.0009	-0.0062	4.1301	2.2208	9.5352	3.9129	0.0093	0.0049	0.0044	0.0048	0.0046	0.0001	0.0045	0.0002	0.0043	0.2738	0.1314	0.1425	0.1312	0.1312	0.0001	0.1426	0.0002	0.1424	0.1191	0.1044	0.0147	0.0372	0.0352	0.0020	0.0819	0.0692	0.0127	0.1872	0.1247	0.0624	0.0603	0.0587	0.0016	0.1268	0.0660	0.0608	0.0534	0.0444	0.1319	0.0587	0.0588	1.5532	0.0494	1.0397	0.1446	1.4632	1.0534	2.2818	2.1758	2.2337	0.0411	1.1243	0.0035	2.3404
11	86	0.1743	8	0	0	2	0	0	0	0	0	N	N	Y	N	N	N	N	N	N	N	N	N	5.2273	4.3310	1.3864	10.2212	10.3080	3.1201	0.3558	0.2782	0.3680	0.0137	0.0154	0.0017	0.0567	0.0603	0.0102	0.0006	0.0006	0.0004	0.0026	0.0036	0.0012	0.0056	0.0059	0.0033	0.0016	0.0022	0.0011	0.0156	0.2279	-0.0010	-0.0002	4.1301	5.3425	9.5352	7.0749	0.0027	0.0026	0.0000	0.0026	0.0025	0.0000	0.0001	0.0001	0.0000	0.0006	0.0005	0.0001	0.0003	0.0003	0.0000	0.0003	0.0002	0.0001	0.1944	0.1701	0.0244	0.0454	0.0421	0.0032	0.1491	0.1279	0.0211	0.2189	0.1312	0.0877	0.0552	0.0488	0.0064	0.1637	0.0824	0.0813	5.2273	4.3310	1.3864	10.2212	10.3080	3.1201	0.3558	0.2782	0.3680	0.0026	0.0036	0.0012	0.0056	0.0059	0.0033	0.0016	0.0022	0.0011
11	87	0.1311	7	0	0	1	0	0	0	0	0	N	N	N	N	N	N	N	N	N	N	N	N	0.1154	0.1877	0.2770	0.6670	0.1179	10.3514	0.0427	6.9974	0.0730	0.0405	0.0131	0.2344	0.0991	0.0179	1.1371	0.0189	0.0111	0.0656	0.3509	0.0696	0.8462	0.1485	0.1517	0.1099	0.4430	0.0016	0.8986	2.5399	6.9091	0.0039	0.0573	4.1301	7.0719	9.5352	13.7350	0.0115	0.0033	0.0083	0.0076	0.0013	0.0063	0.0039	0.0020	0.0019	0.1735	0.0219	0.1515	0.0230	0.0217	0.0013	0.1505	0.0003	0.1502	0.2841	0.2489	0.0352	0.0765	0.0710	0.0055	0.2076	0.1779	0.0297	0.4944	0.3153	0.1791	0.1547	0.1428	0.0119	0.3397	0.1725	0.1672	0.1154	0.1877	0.2770	0.6670	0.1179	10.3514	0.0427	6.9974	0.0730	0.3509	0.0696	0.8462	0.1485	0.1517	0.1099	0.4430	0.0016	0.8986
11	88	0.1743	15	1	0	2	0	0	0	0	0	N	N	Y	N	N	N	N	N	N	N	N	N	0.0000	0.0000	0.0000	0.0000	0.0000	0.0000	0.0000	0.0000	0.0000	0.0000	0.0000	0.0000	0.0000	0.0000	0.0000	0.0000	0.0000	0.0000	0.0000	0.0000	4.1301	0.0000	9.5352	0.0000	0.0000	0.0000	0.0000	0.0000	0.0000	0.0000	0.0000	0.0000	0.0000	0.0000	0.0000	0.0000	0.0000	0.0000	0.0000	0.0000	0.0000	0.0000	0.0000	0.0000	0.0000	0.0000	0.0000	0.0000	0.0000	0.0000	0.0000	0.0000	0.0000	0.0000	0.0000	0.0000	0.0000	0.0000	0.0000	0.0000	0.0000	0.0000	0.0000	0.0000	0.0000	0.0000	0.0000	0.0000	0.0000	0.0000	0.0000	0.0000	0.0000	0.0000	0.0000	0.0000	0.0000	0.0000											
11	89	0.1724	14	1	0	2	0	0	0	0	0	N	N	Y	N	N	N	N	N	N	N	N	N	0.0000	0.0000	0.0000	0.0000	0.0000	0.0000	0.0000	0.0000	0.0000	0.0000	0.0000	0.0000	0.0000	0.0000	0.0000	0.0000	0.0000	0.0049	0.0000	0.0148	0.0091	0.0000	0.2433	0.0026	0.0000	0.0053	464.5429	0.0000	0.0001	4.1301	0.0001	9.5352	0.9161	0.0000	0.0000	0.0000	0.0000	0.0000	0.0000	0.0000	0.0000	0.0000	0.0001	0.0000	0.0001	0.0001	0.0000	0.0001	0.0000	0.0000	0.0000	0.0000	0.0000	0.0000	0.0000	0.0000	0.0000	0.0000	0.0000	0.0000	0.0275	0.0185	0.0090	0.0096	0.0093	0.0004	0.0179	0.0092	0.0086	0.0000	0.0000	0.0000	0.0000	0.0000	0.0000	0.0000	0.0000	0.0000	0.0049	0.0000	0.0148	0.0091	0.0000	0.2433	0.0026	0.0000	0.0053		
11	90	0.1476	13	1	0	2	0	0	0	0	0	N	N	Y	N	N	N	N	N	N	N	N	N	0.0001	0.0001	0.0027	0.0000	0.0000	0.0000	0.0108	10.9016	0.0057	0.0000	0.0000	0.0000	0.0000	0.0000	0.0000	0.0000	0.0000	0.0000	0.0083	0.0132	0.0003	0.0324	0.0348	0.0033	0.0001	0.0000	0.0002	0.1399	0.0154	-0.0000	-0.0009	4.1301	3.7876	9.5352	7.8440	0.0000	0.0000	0.0000	0.0000	0.0000	0.0000	0.0000	0.0000	0.0000	0.0017	0.0016	0.0000	0.0016	0.0016	0.0000	0.0000	0.0000	0.0000	0.1253	0.1097	0.0156	0.0249	0.0237	0.0012	0.1004	0.0860	0.0144	0.2001	0.1238	0.0764	0.0509	0.0471	0.0038	0.1492	0.0767	0.0725	0.0001	0.0001	0.0027	0.0000	0.0000	0.0000	0.0108	10.9016	0.0057	0.0083	0.0132	0.0003	0.0324	0.0348	0.0033	0.0001	0.0000	0.0002
11	91	0.0584	3	0	1	1	1	0	0	0	0	N	N	N	N	N	N	N	N	N	N	N	N	1.5928	1.2376	0.1036	1.4613	1.5142	0.0001	0.0468	0.3802	0.1171	0.1004	0.1157	0.0026	0.4590	0.4963	0.0000	0.0006	0.0002	0.0030	0.0630	0.0935	0.0251	0.3141	0.3277	0.0161	0.0135	0.0006	0.0253	0.0035	0.2162	-0.0031	-0.0079	4.1301	1.8247	9.5352	16.3284	0.0082	0.0081	0.0000	0.0081	0.0081	0.0000	0.0000	0.0000	0.0000	0.0216	0.0178	0.0038	0.0177	0.0177	0.0000	0.0039	0.0001	0.0038	0.0814	0.0703	0.0110	0.0177	0.0164	0.0013	0.0636	0.0540	0.0097	0.3425	0.1899	0.1526	0.0564	0.0539	0.0025	0.2861	0.1360	0.1501	1.5928	1.2376	0.1036	1.4613	1.5142	0.0001	0.0468	0.3802	0.1171	0.0630	0.0935	0.0251	0.3141	0.3277	0.0161	0.0135	0.0006	0.0253
11	92	0.0689	4	0	1	1	0	0	0	0	0	N	N	N	N	N	N	N	N	N	N	N	N	1.3618	0.0531	4.5695	0.3687	0.1092	27.2982	1.3227	0.0000	4.6576	3.3353	0.0027	24.8263	0.0690	0.0216	0.9847	3.7476	0.0000	25.8486	2.4492	0.0500	5.4330	0.1872	0.1977	0.0361	2.8334	0.0022	5.5498	1449.4600	87.2893	0.6154	0.4489	4.1301	9.1310	9.5352	16.1726	0.9954	0.0007	0.9947	0.0023	0.0007	0.0016	0.9931	0.0000	0.9931	1.0071	0.0114	0.9957	0.0112	0.0110	0.0001	0.9960	0.0004	0.9956	0.2984	0.2584	0.0401	0.0334	0.0318	0.0016	0.2650	0.2266	0.0384	0.4112	0.2279	0.1833	0.0597	0.0558	0.0039	0.3515	0.1721	0.1794	1.3618	0.0531	4.5695	0.3687	0.1092	27.2982	1.3227	0.0000	4.6576	2.4492	0.0500	5.4330	0.1872	0.1977	0.0361	2.8334	0.0022	5.5498
11	93	0.0908	6	0	1	1	0	0	0	0	0	N	N	N	N	N	N	N	N	N	N	N	N	1.4189	62.6882	0.0003	0.6058	14.8805	0.0014	1.6289	477901.1749	0.0000	0.6699	0.7708	0.0004	0.2951	0.3076	0.0066	0.7475	0.8787	0.0000	0.4721	0.0123	1.2836	0.4871	0.0207	4.8149	0.4589	0.0000	0.8965	0.0001	59.1602	-0.0347	0.1072	4.1301	4.0959	9.5352	8.7137	0.0911	0.0911	0.0000	0.0069	0.0069	0.0000	0.0842	0.0842	0.0000	0.2434	0.0040	0.2394	0.1180	0.0040	0.1140	0.1254	0.0000	0.1254	0.1359	0.1181	0.0178	0.0233	0.0223	0.0010	0.1126	0.0958	0.0168	0.5155	0.3290	0.1865	0.2424	0.1957	0.0467	0.2732	0.1334	0.1398	1.4189	62.6882	0.0003	0.6058	14.8805	0.0027	1.6289	477901.1749	0.0000	0.4721	0.0123	1.2836	0.4871	0.0207	2.4432	0.4589	0.0000	0.8965
11	94	0.0725	5	0	1	1	0	0	0	0	0	N	N	N	N	N	N	N	N	N	N	N	N	3.9095	7.4405	0.0312	1365.0543	1559.4481	0.0894	0.0079	0.0015	0.0318	7.4639	8.6742	0.0951	34.5864	35.6380	0.0076	0.0192	0.0026	0.0992	1.9092	1.1658	3.0527	0.0253	0.0229	0.0851	2.4180	1.7465	3.1180	0.0018	1.7022	-0.2973	0.0269	4.1301	2.9443	9.5352	6.1524	0.7839	0.7825	0.0014	0.7823	0.7823	0.0000	0.0016	0.0002	0.0014	0.3097	0.1146	0.1951	0.0009	0.0008	0.0001	0.3089	0.1139	0.1950	0.1050	0.0902	0.0148	0.0226	0.0220	0.0007	0.0824	0.0683	0.0141	0.1622	0.0983	0.0639	0.0345	0.0331	0.0014	0.1277	0.0652	0.0625	3.9095	7.4405	0.0312	1365.0543	1559.4481	0.0894	0.0079	0.0015	0.0318	1.9092	1.1658	3.0527	0.0253	0.0229	0.0851	2.4180	1.7465	3.1180
11	95	0.0701	4	0	0	1	0	0	0	0	0	N	N	N	N	N	N	N	N	N	N	N	N	742.1495	12.0299	6034.8143	24.9751	25.8346	0.0004	2125.3426	0.0000	6478.4321	24.9440	0.4312	177.1253	1.7968	1.8535	0.0000	30.9748	0.0000	185.5797	0.0336	0.0358	0.0294	0.0719	0.0717	0.0880	0.0146	0.0000	0.0286	66.1651	0.4294	0.4568	-0.0006	4.1301	0.8596	9.5352	1.2300	0.7563	0.0113	0.7451	0.0113	0.0113	0.0000	0.7451	0.0000	0.7451	0.0024	0.0016	0.0007	0.0017	0.0016	0.0000	0.0007	0.0000	0.0007	0.0303	0.0261	0.0042	0.0063	0.0061	0.0002	0.0241	0.0200	0.0040	0.0701	0.0460	0.0241	0.0233	0.0230	0.0003	0.0468	0.0230	0.0238	742.1495	12.0299	6034.8143	24.9751	25.8346	0.0004	2125.3426	0.0000	6478.4321	0.0336	0.0358	0.0294	0.0719	0.0717	0.0880	0.0146	0.0000	0.0286
11	96	0.0582	3	0	0	1	0	0	0	0	0	N	N	N	N	N	N	N	N	N	N	N	N	12.8807	0.0578	155.7174	0.0926	0.0941	0.0196	45.6946	6.8102	168.0031	0.3305	0.0017	2.8887	0.0062	0.0063	0.0014	0.4368	0.0000	3.0165	0.0257	0.0302	0.0186	0.0674	0.0673	0.0707	0.0096	0.0000	0.0180	212.9097	0.3907	0.0332	-0.0011	4.1301	3.7737	9.5352	2.5241	0.0540	0.0003	0.0538	0.0003	0.0003	0.0000	0.0538	0.0000	0.0538	0.0042	0.0031	0.0012	0.0031	0.0031	0.0001	0.0011	0.0000	0.0011	0.1635	0.1449	0.0186	0.0404	0.0396	0.0008	0.1231	0.1053	0.0178	0.1654	0.1011	0.0642	0.0460	0.0453	0.0007	0.1193	0.0558	0.0635	12.8807	0.0578	155.7174	0.0926	0.0941	0.0196	45.6946	6.8102	168.0031	0.0257	0.0302	0.0186	0.0674	0.0673	0.0707	0.0096	0.0000	0.0180
11	97	0.0374	2	0	0	1	0	0	0	0	0	N	N	N	N	N	N	N	N	N	N	N	N	0.0381	0.0226	2.5309	0.1051	0.1056	0.9692	0.6587	1.3656	2.4152	0.0227	0.0253	0.0084	0.1979	0.1994	0.0920	0.0014	0.0002	0.0076	0.5951	1.1160	0.0033	1.8828	1.8882	0.0949	0.0022	0.0001	0.0031	0.0602	0.0026	-0.0016	-0.1380	4.1301	6.4922	9.5352	4.5502	0.0049	0.0047	0.0003	0.0047	0.0046	0.0000	0.0003	0.0000	0.0002	0.2555	0.2548	0.0007	0.2548	0.2548	0.0000	0.0006	0.0000	0.0006	0.2174	0.1841	0.0333	0.0235	0.0232	0.0003	0.1939	0.1609	0.0330	0.4293	0.2283	0.2009	0.1353	0.1349	0.0004	0.2939	0.0934	0.2005	0.0381	0.0226	2.5309	0.1051	0.1056	0.9692	0.6587	1.3656	2.4152	0.5951	1.1160	0.0033	1.8828	1.8882	0.0949	0.0022	0.0001	0.0031
11	98	0.1476	13	0	1	1	0	0	0	0	0	N	N	N	N	N	N	N	N	N	N	N	N	0.0000	0.0059	0.0000	0.0018	0.0018	0.0000	0.0000	141.4580	0.0000	0.0000	0.0000	0.0000	0.0000	0.0000	0.0000	0.0000	0.0000	0.0000	4.3602	0.0004	11.3744	0.0010	0.0010	0.0002	5.8209	0.0000	11.9811	0.1399	18639.0532	-0.0000	0.4532	4.1301	1.3608	9.5352	12.1483	0.0000	0.0000	0.0000	0.0000	0.0000	0.0000	0.0000	0.0000	0.0000	0.9917	0.0001	0.9916	0.0001	0.0001	0.0000	0.9916	0.0000	0.9916	0.0515	0.0455	0.0061	0.0146	0.0138	0.0008	0.0369	0.0316	0.0053	0.2274	0.1403	0.0872	0.0571	0.0527	0.0044	0.1704	0.0876	0.0828	0.0000	0.0059	0.0000	0.0018	0.0018	0.0000	0.0000	141.4580	0.0000	4.3602	0.0004	11.3744	0.0010	0.0010	0.0002	5.8209	0.0000	11.9811
11	99	0.1439	12	0	0	1	0	0	0	0	0	N	N	N	N	N	N	N	N	N	N	N	N	0.0016	0.0390	0.0007	0.0129	0.0135	0.0000	0.0013	154.8316	0.0007	0.0001	0.0001	0.0001	0.0000	0.0000	0.0000	0.0001	0.0001	0.0001	0.0330	0.0013	0.0879	0.0031	0.0032	0.0017	0.0450	0.0000	0.0921	0.1688	37.4697	-0.0000	0.0007	4.1301	1.5300	9.5352	0.7696	0.0000	0.0000	0.0000	0.0000	0.0000	0.0000	0.0000	0.0000	0.0000	0.0016	0.0000	0.0015	0.0000	0.0000	0.0000	0.0015	0.0000	0.0015	0.0579	0.0504	0.0076	0.0136	0.0126	0.0010	0.0443	0.0377	0.0066	0.0475	0.0301	0.0173	0.0136	0.0128	0.0008	0.0338	0.0173	0.0165	0.0016	0.0390	0.0007	0.0129	0.0135	0.0000	0.0013	154.8316	0.0007	0.0330	0.0013	0.0879	0.0031	0.0032	0.0017	0.0450	0.0000	0.0921
11	100	0.1351	11	0	0	1	0	0	0	0	0	N	N	N	N	N	N	N	N	N	N	N	N	7.9788	166.4274	4.1109	8.9236	31.7120	0.0000	7.3793	68901.2955	4.4273	0.0380	0.0365	0.0488	0.0178	0.0186	0.0000	0.0420	0.0404	0.0515	0.0048	0.0002	0.0119	0.0020	0.0006	0.0157	0.0057	0.0000	0.0116	0.1929	34.6561	-0.0010	0.0002	4.1301	3.6906	9.5352	1.4800	0.0044	0.0037	0.0007	0.0003	0.0003	0.0000	0.0040	0.0033	0.0007	0.0004	0.0000	0.0004	0.0000	0.0000	0.0000	0.0004	0.0000	0.0004	0.1154	0.1009	0.0145	0.0191	0.0184	0.0008	0.0963	0.0825	0.0138	0.0852	0.0519	0.0332	0.0214	0.0194	0.0020	0.0637	0.0325	0.0312	7.9788	166.4274	4.1109	8.9236	31.7120	0.0000	7.3793	68901.2955	4.4273	0.0048	0.0002	0.0119	0.0020	0.0006	0.0157	0.0057	0.0000	0.0116
11	101	0.1351	10	0	0	1	0	0	0	0	0	N	N	N	N	N	N	N	N	N	N	N	N	1.5880	0.6151	48.0571	1.6149	1.5681	0.0000	1.6224	0.0158	83.7322	0.0027	0.0015	0.0133	0.0042	0.0042	0.0000	0.0019	0.0000	0.0140	0.0017	0.0024	0.0003	0.0026	0.0027	0.0014	0.0012	0.0022	0.0002	0.9627	0.0625	0.0000	-0.0000	4.1301	0.1361	9.5352	0.4500	0.0000	0.0000	0.0000	0.0000	0.0000	0.0000	0.0000	0.0000	0.0000	0.0000	0.0000	0.0000	0.0000	0.0000	0.0000	0.0000	0.0000	0.0000	0.0078	0.0070	0.0008	0.0025	0.0024	0.0000	0.0053	0.0046	0.0007	0.0137	0.0088	0.0048	0.0047	0.0042	0.0004	0.0090	0.0046	0.0044	1.5880	0.6151	48.0571	1.6149	1.5681	0.0000	1.6224	0.0158	83.7322	0.0017	0.0024	0.0003	0.0026	0.0027	0.0014	0.0012	0.0022	0.0002
11	102	0.1192	9	0	0	1	0	0	0	0	0	N	N	N	N	N	N	N	N	N	N	N	N	2.1748	1.5836	0.8694	12.7078	22.8255	0.2039	0.0156	0.0017	4.6427	0.0195	0.0217	0.0016	0.0776	0.0803	0.0086	0.0002	0.0000	0.0009	0.0090	0.0137	0.0018	0.0061	0.0035	0.0422	0.0098	0.0194	0.0002	0.0090	0.0884	-0.0010	-0.0006	4.1301	3.5591	9.5352	4.5341	0.0026	0.0026	0.0000	0.0026	0.0026	0.0000	0.0000	0.0000	0.0000	0.0013	0.0012	0.0001	0.0002	0.0001	0.0001	0.0011	0.0011	0.0000	0.1345	0.1198	0.0148	0.0336	0.0323	0.0013	0.1010	0.0875	0.0135	0.1439	0.0865	0.0574	0.0331	0.0309	0.0022	0.1108	0.0556	0.0552	2.1748	1.5836	0.8694	12.7078	22.8255	0.2039	0.0156	0.0017	4.6427	0.0090	0.0137	0.0018	0.0061	0.0035	0.0422	0.0098	0.0194	0.0002
11	103	0.0975	8	0	0	1	0	0	0	0	0	N	N	N	N	N	N	N	N	N	N	N	N	0.0076	0.0029	38.8806	0.5867	0.0247	112.9786	0.0052	0.0027	8.0264	0.0413	0.0273	0.1348	0.0642	0.0029	0.8655	0.0342	0.0355	0.0269	5.4145	9.2771	0.0035	0.1095	0.1165	0.0077	6.5942	13.0513	0.0033	0.7431	0.0003	0.0002	-0.5405	4.1301	2.8937	9.5352	8.0733	0.0048	0.0027	0.0020	0.0017	0.0001	0.0017	0.0030	0.0027	0.0004	0.9959	0.9956	0.0003	0.0037	0.0036	0.0000	0.9922	0.9920	0.0002	0.1152	0.1001	0.0151	0.0272	0.0253	0.0019	0.0879	0.0748	0.0131	0.1839	0.1073	0.0766	0.0335	0.0313	0.0021	0.1505	0.0760	0.0745	0.0076	0.0029	38.8806	0.5867	0.0247	112.9786	0.0052	0.0027	8.0264	5.4145	9.2771	0.0035	0.1095	0.1165	0.0077	6.5942	13.0513	0.0033
11	104	0.0758	2	0	1	1	0	0	0	0	0	N	N	N	N	N	N	N	N	N	N	N	N	2.3013	2.1372	1.0306	3.3736	3.2868	0.1138	0.4757	0.0000	1.0515	0.0973	0.1110	0.0199	0.3476	0.3506	0.0024	0.0041	0.0000	0.0202	0.0423	0.0519	0.0193	0.1030	0.1067	0.0215	0.0086	0.0004	0.0192	0.0316	0.1556	-0.0001	-0.0010	4.1301	0.0277	9.5352	1.3445	0.0002	0.0001	0.0000	0.0001	0.0001	0.0000	0.0000	0.0000	0.0000	0.0024	0.0021	0.0003	0.0021	0.0021	0.0000	0.0003	0.0000	0.0003	0.0016	0.0013	0.0002	0.0004	0.0004	0.0000	0.0011	0.0009	0.0002	0.0578	0.0408	0.0171	0.0206	0.0198	0.0009	0.0372	0.0210	0.0162	2.3013	2.1372	1.0306	3.3736	3.2868	0.1138	0.4757	0.0000	1.0515	0.0423	0.0519	0.0193	0.1030	0.1067	0.0215	0.0086	0.0004	0.0192
11	109	0.1278	9	1	1	1	1	0	0	0	0	N	N	N	N	N	N	N	N	N	N	N	N	0.0000	0.0000	0.0000	0.0000	0.0000	0.0000	0.0000	0.0000	0.0000	0.0000	0.0000	0.0000	0.0000	0.0000	0.0000	0.0000	0.0000	0.0000	0.0000	0.0000	4.1301	0.0000	9.5352	0.0000	0.0000	0.0000	0.0000	0.0000	0.0000	0.0000	0.0000	0.0000	0.0000	0.0000	0.0000	0.0000	0.0000	0.0000	0.0000	0.0000	0.0000	0.0000	0.0000	0.0000	0.0000	0.0000	0.0000	0.0000	0.0000	0.0000	0.0000	0.0000	0.0000	0.0000	0.0000	0.0000	0.0000	0.0000	0.0000	0.0000	0.0000	0.0000	0.0000	0.0000	0.0000	0.0000	0.0000	0.0000	0.0000	0.0000	0.0000	0.0000	0.0000	0.0000	0.0000	0.0000	0.0000	0.0000											
11	110	0.1128	8	1	1	1	1	0	0	0	0	N	N	N	N	N	N	N	N	N	N	N	N	0.0000	0.0000	0.0000	0.0000	0.0000	0.0000	0.0000	0.0000	0.0000	0.0000	0.0000	0.0000	0.0000	0.0000	0.0000	0.0000	0.0000	0.0942	0.0035	0.2256	0.3055	0.0105	5.5375	0.0331	0.0000	0.0670	44.0582	0.0000	0.0049	4.1301	0.0000	9.5352	7.1240	0.0000	0.0000	0.0000	0.0000	0.0000	0.0000	0.0000	0.0000	0.0000	0.0112	0.0002	0.0110	0.0082	0.0002	0.0079	0.0031	0.0000	0.0031	0.0000	0.0000	0.0000	0.0000	0.0000	0.0000	0.0000	0.0000	0.0000	0.1193	0.0706	0.0487	0.0268	0.0238	0.0030	0.0926	0.0469	0.0457	0.0000	0.0000	0.0000	0.0000	0.0000	0.0000	0.0000	0.0000	0.0000	0.0942	0.0035	0.2256	0.3055	0.0105	2.6315	0.0331	0.0000	0.0670		
11	111	0.1218	10	0	1	1	1	0	0	0	0	N	N	N	N	N	N	N	N	N	N	N	N	0.0000	0.0000	0.0000	0.0000	0.0000	0.0000	0.0000	0.0000	0.0000	0.0000	0.0000	0.0000	0.0000	0.0000	0.0000	0.0000	0.0000	0.0000	0.0000	0.0000	0.0000	0.0000	0.0001	0.0000	0.0000	0.0000	0.0000	0.1865	0.0000	-0.0000	4.1301	0.0016	9.5352	5.0076	0.0000	0.0000	0.0000	0.0000	0.0000	0.0000	0.0000	0.0000	0.0000	0.0000	0.0000	0.0000	0.0000	0.0000	0.0000	0.0000	0.0000	0.0000	0.0002	0.0002	0.0000	0.0001	0.0001	0.0000	0.0001	0.0001	0.0000	0.0806	0.0479	0.0327	0.0186	0.0159	0.0027	0.0621	0.0320	0.0300	0.0000	0.0000	0.0000	0.0000	0.0000	0.0000	0.0000	0.0000	0.0000	0.0000	0.0000	0.0000	0.0000	0.0001	0.0000	0.0000	0.0000	0.0000	
11	112	0.1150	9	0	1	1	1	0	0	0	0	N	N	N	N	N	N	N	N	N	N	N	N	0.0000	0.0000	0.0000	0.0000	0.0000	0.0000	0.0000	0.0000	0.0000	0.0000	0.0000	0.0000	0.0000	0.0000	0.0000	0.0000	0.0000	0.0000	0.0046	0.0071	0.0010	0.0173	0.0191	0.0010	0.0005	0.0000	0.0010	0.0923	0.0000	-0.0001	4.1301	1.0012	9.5352	2.1373	0.0000	0.0000	0.0000	0.0000	0.0000	0.0000	0.0000	0.0000	0.0000	0.0003	0.0002	0.0000	0.0002	0.0002	0.0000	0.0000	0.0000	0.0000	0.0308	0.0268	0.0040	0.0048	0.0046	0.0002	0.0259	0.0221	0.0038	0.0572	0.0339	0.0233	0.0139	0.0125	0.0014	0.0433	0.0214	0.0219	0.0000	0.0000	0.0000	0.0000	0.0000	0.0000	0.0000	0.0000	0.0000	0.0046	0.0071	0.0010	0.0173	0.0191	0.0010	0.0005	0.0000	0.0010	
11	113	0.1233	9	0	1	1	0	0	0	0	0	N	N	N	N	N	N	N	N	N	N	N	N	0.0022	0.0017	0.0000	0.0025	0.0024	0.0000	0.0000	0.0000	0.0000	0.0000	0.0000	0.0000	0.0000	0.0000	0.0000	0.0000	0.0000	0.0000	0.0001	0.0002	0.0000	0.0005	0.0006	0.0003	0.0000	0.0000	0.0000	0.0000	0.1085	-0.0000	-0.0000	4.1301	0.9705	9.5352	5.0371	0.0000	0.0000	0.0000	0.0000	0.0000	0.0000	0.0000	0.0000	0.0000	0.0000	0.0000	0.0000	0.0000	0.0000	0.0000	0.0000	0.0000	0.0000	0.0348	0.0305	0.0042	0.0079	0.0076	0.0003	0.0269	0.0230	0.0039	0.0943	0.0566	0.0377	0.0226	0.0199	0.0026	0.0718	0.0367	0.0351	0.0022	0.0017	0.0000	0.0025	0.0024	0.0000	0.0000	0.0000	0.0000	0.0001	0.0002	0.0000	0.0005	0.0006	0.0003	0.0000	0.0000	0.0000
11	114	0.1150	9	0	0	2	1	0	0	0	0	N	N	Y	N	N	N	N	N	N	N	N	N	0.0000	0.0000	0.0000	0.0000	0.0000	0.0000	0.0000	0.0000	0.0000	0.0000	0.0000	0.0000	0.0000	0.0000	0.0000	0.0009	0.0000	0.0022	0.0002	0.0000	0.0026	0.0012	0.0000	0.0022	inf	0.0000	0.0000	4.1301	0.0000	9.5352	1.1303	0.0000	0.0000	0.0000	0.0000	0.0000	0.0000	0.0000	0.0000	0.0000	0.0000	0.0000	0.0000	0.0000	0.0000	0.0000	0.0000	0.0000	0.0000	0.0000	0.0000	0.0000	0.0000	0.0000	0.0000	0.0000	0.0000	0.0000	0.0254	0.0152	0.0102	0.0074	0.0069	0.0005	0.0180	0.0084	0.0097	0.0000	0.0000	0.0000	0.0000	0.0000	0.0000	0.0000	0.0000	0.0000	0.0009	0.0000	0.0022	0.0002	0.0000	0.0026	0.0012	0.0000	0.0022				
11	115	0.1128	8	0	0	1	1	0	0	0	0	N	N	N	N	N	N	N	N	N	N	N	N	0.0000	0.0000	0.0000	0.0000	0.0000	0.0000	0.0000	0.0000	0.0000	0.0000	0.0000	0.0000	0.0000	0.0000	0.0000	0.0000	0.0000	0.0000	0.0016	0.0014	0.0018	0.0030	0.0030	0.0030	0.0009	0.0000	0.0018	0.8668	0.0000	-0.0000	4.1301	0.0000	9.5352	1.2340	0.0000	0.0000	0.0000	0.0000	0.0000	0.0000	0.0000	0.0000	0.0000	0.0000	0.0000	0.0000	0.0000	0.0000	0.0000	0.0000	0.0000	0.0000	0.0000	0.0000	0.0000	0.0000	0.0000	0.0000	0.0000	0.0000	0.0000	0.0276	0.0166	0.0110	0.0080	0.0075	0.0005	0.0196	0.0092	0.0104	0.0000	0.0000	0.0000	0.0000	0.0000	0.0000	0.0000	0.0000	0.0000	0.0016	0.0014	0.0018	0.0030	0.0030	0.0030	0.0009	0.0000	0.0018	
11	116	0.1203	9	0	0	2	1	0	0	0	0	N	N	Y	N	N	N	N	N	N	N	N	N	6169.8992	4496.0303	0.0000	9.4222	10.1735	0.0000	637658.8295	1099671.0912	0.0000	1.9987	2.3508	0.0000	0.0125	0.0152	0.0000	3.0440	3.5150	0.0000	0.0003	0.0005	0.0000	0.0013	0.0015	0.0000	0.0000	0.0000	0.0000	0.0000	0.0099	-0.0314	-0.0000	4.1301	0.9725	9.5352	0.9874	0.0825	0.0825	0.0000	0.0002	0.0002	0.0000	0.0823	0.0823	0.0000	0.0000	0.0000	0.0000	0.0000	0.0000	0.0000	0.0000	0.0000	0.0000	0.0413	0.0351	0.0062	0.0142	0.0117	0.0026	0.0270	0.0234	0.0036	0.0333	0.0204	0.0129	0.0081	0.0071	0.0009	0.0252	0.0133	0.0119	6169.8992	4496.0303	0.0000	9.4222	10.1735	0.0000	637658.8295	1099671.0912	0.0000	0.0003	0.0005	0.0000	0.0013	0.0015	0.0000	0.0000	0.0000	0.0000
11	117	0.1203	9	0	0	2	1	0	0	0	0	N	N	Y	N	N	N	N	N	N	N	N	N	486.3512	378.9552	0.0000	134.2986	162.7805	0.0000	49503.7206	66733.8676	0.0000	0.2295	0.2927	0.0000	0.2705	0.3719	0.0000	0.1026	0.1069	0.0000	0.0005	0.0008	0.0000	0.0020	0.0023	0.0001	0.0000	0.0000	0.0000	0.0000	0.0094	-0.0010	-0.0000	4.1301	0.0285	9.5352	4.0215	0.0027	0.0027	0.0000	0.0024	0.0024	0.0000	0.0003	0.0003	0.0000	0.0000	0.0000	0.0000	0.0000	0.0000	0.0000	0.0000	0.0000	0.0000	0.0116	0.0091	0.0025	0.0088	0.0064	0.0024	0.0028	0.0027	0.0001	0.0660	0.0400	0.0261	0.0154	0.0135	0.0019	0.0506	0.0265	0.0241	486.3512	378.9552	0.0000	134.2986	162.7805	0.0000	49503.7206	66733.8676	0.0000	0.0005	0.0008	0.0000	0.0020	0.0023	0.0001	0.0000	0.0000	0.0000
11	118	0.1128	8	0	0	2	1	0	0	0	0	N	N	Y	N	N	N	N	N	N	N	N	N	3703.2399	2751.5752	0.1169	48.3935	45.3812	0.0049	41714.2098	1458071.9517	0.1228	10.9524	12.5739	0.0001	0.5700	0.5954	0.0000	12.8854	15.0709	0.0001	0.0030	0.0046	0.0006	0.0118	0.0131	0.0006	0.0003	0.0000	0.0006	0.0000	0.0916	-0.3841	-0.0001	4.1301	3.0275	9.5352	2.1573	1.0080	1.0080	0.0000	0.0082	0.0082	0.0000	0.9998	0.9998	0.0000	0.0003	0.0002	0.0000	0.0002	0.0002	0.0000	0.0000	0.0000	0.0000	0.0920	0.0802	0.0119	0.0144	0.0138	0.0006	0.0776	0.0663	0.0113	0.0896	0.0531	0.0365	0.0207	0.0185	0.0022	0.0689	0.0347	0.0343	3703.2399	2751.5752	0.1169	48.3935	45.3812	0.0049	41714.2098	1458071.9517	0.1228	0.0030	0.0046	0.0006	0.0118	0.0131	0.0006	0.0003	0.0000	0.0006
11	119	0.1541	8	1	1	1	0	0	0	0	0	N	N	N	N	N	N	N	N	N	N	N	N	4.8387	0.0411	761.6253	4.7479	0.0001	440.1090	10.6083	72.7276	21.6176	0.0197	0.0003	0.1602	0.0748	0.0000	0.8951	0.0007	0.0004	0.0027	0.0041	0.0064	0.0002	0.0158	0.0167	0.0020	0.0001	0.0000	0.0001	83.3591	0.0202	0.0010	-0.0002	4.1301	2.1883	9.5352	3.1271	0.0017	0.0000	0.0017	0.0016	0.0000	0.0016	0.0000	0.0000	0.0000	0.0004	0.0004	0.0000	0.0004	0.0004	0.0000	0.0000	0.0000	0.0000	0.0859	0.0755	0.0104	0.0220	0.0202	0.0018	0.0639	0.0553	0.0086	0.0988	0.0610	0.0378	0.0252	0.0235	0.0017	0.0736	0.0375	0.0361	4.8387	0.0411	761.6253	4.7479	0.0001	440.1090	10.6083	72.7276	21.6176	0.0041	0.0064	0.0002	0.0158	0.0167	0.0020	0.0001	0.0000	0.0001
11	120	0.0871	7	1	1	1	0	0	0	0	0	N	N	N	N	N	N	N	N	N	N	N	N	147.5576	103.0757	16.2050	0.5154	0.2789	645.0887	2878.7334	59014.3064	2.8544	2.2992	2.6288	0.0298	0.0457	0.0267	0.4462	2.7125	3.1595	0.0053	0.0156	0.0255	0.0018	0.0887	0.0957	0.0007	0.0009	0.0001	0.0019	0.0016	0.0520	-0.3839	-0.0035	4.1301	13.6104	9.5352	16.0982	1.0117	1.0101	0.0017	0.0031	0.0017	0.0014	1.0086	1.0083	0.0003	0.0070	0.0066	0.0003	0.0066	0.0066	0.0000	0.0004	0.0000	0.0003	0.4400	0.3842	0.0558	0.0682	0.0651	0.0031	0.3718	0.3191	0.0527	0.4487	0.2606	0.1881	0.0749	0.0694	0.0055	0.3739	0.1912	0.1826	147.5576	103.0757	16.2050	0.5154	0.2789	645.0887	2878.7334	59014.3064	2.8544	0.0156	0.0255	0.0018	0.0887	0.0957	0.0007	0.0009	0.0001	0.0019
11	121	0.1124	9	0	1	1	0	0	0	0	0	N	N	N	N	N	N	N	N	N	N	N	N	2.0587	30.1372	0.0000	21.7419	30.7966	0.0000	0.0240	10.4465	0.0000	0.0738	0.0850	0.0000	0.1539	0.1700	0.0000	0.0012	0.0015	0.0000	0.0359	0.0028	0.1052	0.0071	0.0055	0.0527	0.0513	0.0001	0.1071	0.0000	17.7864	-0.0012	0.0024	4.1301	0.3548	9.5352	4.6068	0.0033	0.0033	0.0000	0.0032	0.0032	0.0000	0.0000	0.0000	0.0000	0.0060	0.0003	0.0056	0.0004	0.0003	0.0001	0.0055	0.0000	0.0055	0.0441	0.0383	0.0058	0.0210	0.0190	0.0020	0.0231	0.0193	0.0038	0.1659	0.1124	0.0536	0.0579	0.0560	0.0019	0.1081	0.0564	0.0517	2.0587	30.1372	0.0000	21.7419	30.7966	0.0000	0.0240	10.4465	0.0000	0.0359	0.0028	0.1052	0.0071	0.0055	0.0527	0.0513	0.0001	0.1071
11	122	0.0975	8	0	1	1	0	0	0	0	0	N	N	N	N	N	N	N	N	N	N	N	N	2.5332	1.7637	6.2997	1.8606	1.7550	8.0207	0.4771	0.5632	1.4631	0.0770	0.0791	0.0628	0.2592	0.2560	0.2972	0.0023	0.0003	0.0135	0.0304	0.0448	0.0100	0.1393	0.1459	0.0371	0.0049	0.0006	0.0092	0.1189	0.1574	-0.0017	-0.0016	4.1301	1.6911	9.5352	5.7022	0.0061	0.0054	0.0006	0.0060	0.0054	0.0005	0.0001	0.0000	0.0001	0.0039	0.0034	0.0005	0.0034	0.0034	0.0001	0.0005	0.0000	0.0005	0.0791	0.0688	0.0103	0.0230	0.0212	0.0018	0.0561	0.0476	0.0085	0.1289	0.0755	0.0535	0.0245	0.0230	0.0015	0.1045	0.0525	0.0520	2.5332	1.7637	6.2997	1.8606	1.7550	8.0207	0.4771	0.5632	1.4631	0.0304	0.0448	0.0100	0.1393	0.1459	0.0371	0.0049	0.0006	0.0092
11	123	0.0871	7	0	0	1	0	0	0	0	0	N	N	N	N	N	N	N	N	N	N	N	N	1.0609	0.4425	29.8312	12.8659	21.7034	8.8690	0.0917	0.0025	13.4317	0.0357	0.0242	0.1263	0.1113	0.0755	0.7492	0.0036	0.0002	0.0249	0.0337	0.0546	0.0042	0.0086	0.0035	0.0845	0.0395	0.0766	0.0019	0.6666	0.0551	0.0001	-0.0015	4.1301	2.0929	9.5352	3.1856	0.0040	0.0024	0.0016	0.0037	0.0024	0.0013	0.0003	0.0000	0.0003	0.0031	0.0030	0.0002	0.0002	0.0001	0.0001	0.0030	0.0029	0.0001	0.1113	0.0987	0.0126	0.0332	0.0314	0.0018	0.0781	0.0672	0.0108	0.0935	0.0546	0.0389	0.0175	0.0164	0.0011	0.0760	0.0382	0.0378	1.0609	0.4425	29.8312	12.8659	21.7034	8.8690	0.0917	0.0025	13.4317	0.0337	0.0546	0.0042	0.0086	0.0035	0.0845	0.0395	0.0766	0.0019
11	124	0.1279	10	1	1	1	0	0	0	0	0	N	N	N	N	N	N	N	N	N	N	N	N	0.0000	0.0000	0.0000	0.0000	0.0000	0.0000	0.0000	0.0000	0.0000	0.0000	0.0000	0.0000	0.0000	0.0000	0.0000	0.0000	0.0000	0.0000	0.0000	0.0000	4.1301	0.0000	9.5352	0.0000	0.0000	0.0000	0.0000	0.0000	0.0000	0.0000	0.0000	0.0000	0.0000	0.0000	0.0000	0.0000	0.0000	0.0000	0.0000	0.0000	0.0000	0.0000	0.0000	0.0000	0.0000	0.0000	0.0000	0.0000	0.0000	0.0000	0.0000	0.0000	0.0000	0.0000	0.0000	0.0000	0.0000	0.0000	0.0000	0.0000	0.0000	0.0000	0.0000	0.0000	0.0000	0.0000	0.0000	0.0000	0.0000	0.0000	0.0000	0.0000	0.0000	0.0000	0.0000	0.0000	0.0000	0.0000											
11	125	0.1233	9	1	1	1	0	0	0	0	0	N	N	N	N	N	N	N	N	N	N	N	N	0.0008	0.0005	0.0000	0.0005	0.0005	0.0000	0.0000	0.0000	0.0000	0.0000	0.0000	0.0000	0.0000	0.0000	0.0000	0.0000	0.0000	0.0000	0.0014	0.0022	0.0000	0.0052	0.0058	0.0000	0.0000	0.0000	0.0000	0.0000	0.0009	-0.0000	-0.0000	4.1301	0.1434	9.5352	1.9839	0.0000	0.0000	0.0000	0.0000	0.0000	0.0000	0.0000	0.0000	0.0000	0.0001	0.0001	0.0000	0.0000	0.0000	0.0000	0.0000	0.0000	0.0000	0.0094	0.0084	0.0010	0.0037	0.0036	0.0001	0.0057	0.0048	0.0008	0.0367	0.0224	0.0143	0.0095	0.0086	0.0009	0.0272	0.0139	0.0133	0.0008	0.0005	0.0000	0.0005	0.0005	0.0000	0.0000	0.0000	0.0000	0.0014	0.0022	0.0000	0.0052	0.0058	0.0000	0.0000	0.0000	0.0000
11	126	0.1128	8	0	1	1	0	0	0	0	0	N	N	N	N	N	N	N	N	N	N	N	N	0.1891	0.1294	0.0000	0.2813	0.2636	0.0000	0.0000	0.0000	0.0000	0.0003	0.0004	0.0000	0.0022	0.0023	0.0000	0.0000	0.0000	0.0000	0.0018	0.0031	0.0000	0.0078	0.0087	0.0002	0.0000	0.0000	0.0000	0.0000	0.0044	-0.0000	-0.0001	4.1301	1.8882	9.5352	2.9115	0.0000	0.0000	0.0000	0.0000	0.0000	0.0000	0.0000	0.0000	0.0000	0.0002	0.0002	0.0000	0.0002	0.0002	0.0000	0.0000	0.0000	0.0000	0.0577	0.0503	0.0075	0.0091	0.0087	0.0004	0.0487	0.0416	0.0071	0.0837	0.0496	0.0340	0.0195	0.0174	0.0021	0.0642	0.0322	0.0320	0.1891	0.1294	0.0000	0.2813	0.2636	0.0000	0.0000	0.0000	0.0000	0.0018	0.0031	0.0000	0.0078	0.0087	0.0002	0.0000	0.0000	0.0000
11	127	0.0871	7	0	0	1	0	0	0	0	0	N	N	N	N	N	N	N	N	N	N	N	N	0.6710	0.4465	0.0003	0.4798	0.4708	0.0000	0.0217	1.0075	0.0003	0.0510	0.0579	0.0000	0.2088	0.2201	0.0000	0.0000	0.0000	0.0000	0.0760	0.1297	0.0017	0.4351	0.4674	0.0034	0.0008	0.0000	0.0016	0.0000	0.0092	-0.0030	-0.0084	4.1301	3.5543	9.5352	9.0319	0.0079	0.0079	0.0000	0.0079	0.0079	0.0000	0.0000	0.0000	0.0000	0.0158	0.0156	0.0001	0.0156	0.0156	0.0000	0.0001	0.0000	0.0001	0.1552	0.1367	0.0184	0.0379	0.0360	0.0019	0.1173	0.1008	0.0165	0.2073	0.1204	0.0869	0.0359	0.0334	0.0025	0.1714	0.0870	0.0844	0.6710	0.4465	0.0003	0.4798	0.4708	0.0000	0.0217	1.0075	0.0003	0.0760	0.1297	0.0017	0.4351	0.4674	0.0034	0.0008	0.0000	0.0016
11	128	0.0835	6	0	0	1	0	0	0	0	0	N	N	N	N	N	N	N	N	N	N	N	N	17.3377	3.2323	737.5649	7.1205	4.8116	64.0608	121.2394	0.0627	1273.1781	0.0807	0.0230	0.4733	0.1336	0.0916	0.7899	0.0646	0.0000	0.4344	0.0047	0.0071	0.0006	0.0188	0.0190	0.0123	0.0005	0.0007	0.0003	3.0137	0.0556	0.0034	-0.0002	4.1301	2.6246	9.5352	0.7212	0.0092	0.0023	0.0069	0.0035	0.0023	0.0013	0.0056	0.0000	0.0056	0.0003	0.0003	0.0000	0.0003	0.0003	0.0000	0.0000	0.0000	0.0000	0.1140	0.0994	0.0146	0.0266	0.0250	0.0016	0.0874	0.0745	0.0130	0.0699	0.0432	0.0267	0.0158	0.0151	0.0007	0.0541	0.0281	0.0260	17.3377	3.2323	737.5649	7.1205	4.8116	64.0608	121.2394	0.0627	1273.1781	0.0047	0.0071	0.0006	0.0188	0.0190	0.0123	0.0005	0.0007	0.0003
11	129	0.0777	5	0	0	1	0	0	0	0	0	N	N	N	N	N	N	N	N	N	N	N	N	689.1101	1.0579	12262.1734	3.3708	2.0512	58.9167	3450.9825	0.0923	14120.7364	7.5785	0.0164	56.3297	0.1423	0.0891	0.9245	9.0902	0.0001	61.1483	0.0110	0.0155	0.0046	0.0422	0.0435	0.0157	0.0026	0.0009	0.0043	534.2683	0.2070	0.6053	-0.0004	4.1301	3.3474	9.5352	1.3769	0.9810	0.0018	0.9792	0.0031	0.0018	0.0013	0.9779	0.0000	0.9779	0.0011	0.0009	0.0002	0.0009	0.0009	0.0000	0.0002	0.0000	0.0002	0.1294	0.1121	0.0174	0.0219	0.0205	0.0014	0.1076	0.0916	0.0160	0.0984	0.0580	0.0404	0.0208	0.0199	0.0009	0.0776	0.0381	0.0395	689.1101	1.0579	12262.1734	3.3708	2.0512	58.9167	3450.9825	0.0923	14120.7364	0.0110	0.0155	0.0046	0.0422	0.0435	0.0157	0.0026	0.0009	0.0043
11	130	0.0689	4	0	0	1	0	0	0	0	0	N	N	N	N	N	N	N	N	N	N	N	N	15.0872	3.0193	941.9869	3.4042	3.0928	10.0657	53.7600	0.0079	2792.9043	0.6184	0.2117	3.3141	0.5804	0.5381	1.0309	0.6411	0.0002	4.0531	0.0410	0.0701	0.0035	0.1705	0.1740	0.1024	0.0119	0.0235	0.0015	2.3622	0.0390	0.0078	-0.0019	4.1301	0.4686	9.5352	4.0374	0.0244	0.0072	0.0171	0.0085	0.0072	0.0013	0.0158	0.0000	0.0158	0.0037	0.0035	0.0001	0.0028	0.0027	0.0001	0.0009	0.0008	0.0001	0.0394	0.0342	0.0052	0.0147	0.0135	0.0013	0.0247	0.0208	0.0039	0.0896	0.0504	0.0392	0.0164	0.0156	0.0008	0.0732	0.0348	0.0384	15.0872	3.0193	941.9869	3.4042	3.0928	10.0657	53.7600	0.0079	2792.9043	0.0410	0.0701	0.0035	0.1705	0.1740	0.1024	0.0119	0.0235	0.0015
12	13	0.0986	7	1	1	1	1	0	0	0	0	N	N	N	N	N	N	N	N	N	N	N	N	0.0000	0.0000	0.0000	0.0000	0.0000	0.0000	0.0000	0.0000	0.0000	0.0000	0.0000	0.0000	0.0000	0.0002	0.0003	0.0000	0.0008	0.0010	0.0000	0.0000	0.0000	0.0000	0.0000	0.0000	-0.0000	5.9431	0.0000	4.2945	3.8697	0.0000	0.0000	0.0000	0.0000	0.0000	0.0000	0.0000	0.0000	0.0000	0.0000	0.0000	0.0000	0.0000	0.0000	0.0000	0.0000	0.0000	0.0000	0.0000	0.0000	0.0000	0.0000	0.0000	0.0000	0.0000	0.0000	0.0000	0.0512	0.0290	0.0222	0.0104	0.0090	0.0014	0.0409	0.0201	0.0208	0.0000	0.0000	0.0000	0.0000	0.0000	0.0000	0.0000	0.0000	0.0000	0.0002	0.0003	0.0000	0.0008	0.0010	0.0000	0.0000	0.0000	0.0000						
12	14	0.0450	3	1	2	0	0	0	0	0	0	N	Y	N	N	N	N	N	N	N	N	N	N	0.0988	0.0583	0.0000	0.0046	0.0051	0.0000	710.1553	712323.9056	0.0000	0.0172	0.0199	0.0000	0.0189	0.0205	0.0000	0.0171	0.0198	0.0000	0.1745	0.3414	0.0001	4.1256	4.0028	0.0026	0.0000	0.0000	0.0000	0.0000	0.0002	-0.0013	-0.0146	5.9431	4.8103	4.2945	9.0653	0.0035	0.0035	0.0000	0.0004	0.0004	0.0000	0.0031	0.0031	0.0000	0.0268	0.0268	0.0000	0.0268	0.0268	0.0000	0.0000	0.0000	0.0000	0.2007	0.1740	0.0267	0.0205	0.0190	0.0015	0.1802	0.1551	0.0252	0.1537	0.0786	0.0751	0.0072	0.0067	0.0005	0.1465	0.0719	0.0746	0.0988	0.0583	0.0000	0.0051	0.0051	0.0000	710.1553	712323.9056	0.0000	0.1745	0.3414	0.0001	3.7199	4.0028	0.0026	0.0000	0.0000	0.0000
12	15	0.0986	7	1	1	0	1	0	0	0	0	N	N	N	N	N	N	N	N	N	N	N	N	0.0000	0.0000	0.0000	0.0000	0.0000	0.0000	0.0000	0.0000	0.0000	0.0000	0.0000	0.0000	0.0000	0.0001	0.0002	0.0000	0.0007	0.0008	0.0000	0.0000	0.0000	0.0000	0.0000	0.0000	-0.0000	5.9431	1.0000	4.2945	3.8697	0.0000	0.0000	0.0000	0.0000	0.0000	0.0000	0.0000	0.0000	0.0000	0.0000	0.0000	0.0000	0.0000	0.0000	0.0000	0.0000	0.0000	0.0000	0.0408	0.0355	0.0053	0.0043	0.0041	0.0002	0.0365	0.0314	0.0051	0.0628	0.0355	0.0273	0.0123	0.0105	0.0018	0.0505	0.0250	0.0255	0.0000	0.0000	0.0000	0.0000	0.0000	0.0000	0.0000	0.0000	0.0000	0.0001	0.0002	0.0000	0.0007	0.0008	0.0000	0.0000	0.0000	0.0000						
12	16	0.2174	17	1	2	0	1	0	0	0	0	N	Y	N	N	N	N	N	N	N	N	N	N	0.0000	0.0000	0.0000	0.0000	0.0000	0.0000	0.0000	0.0000	0.0000	0.0000	0.0000	0.0000	0.0000	0.0000	0.0000	0.0000	0.0000	0.0000	0.0000	0.0000	0.0000	0.0000	inf	0.0000	0.0000	5.9431	0.0040	4.2945	5.7722	0.0000	0.0000	0.0000	0.0000	0.0000	0.0000	0.0000	0.0000	0.0000	0.0000	0.0000	0.0000	0.0000	0.0000	0.0000	0.0000	0.0000	0.0000	0.0002	0.0002	0.0000	0.0001	0.0001	0.0000	0.0002	0.0002	0.0000	0.0696	0.0435	0.0261	0.0193	0.0174	0.0019	0.0503	0.0261	0.0242	0.0000	0.0000	0.0000	0.0000	0.0000	0.0000	0.0000	0.0000	0.0000	0.0000	0.0000	0.0000	0.0000	0.0000	0.0000	0.0000	0.0000	0.0000						
12	17	0.0603	5	1	2	0	0	0	0	0	0	N	Y	N	N	N	N	N	N	N	N	N	N	0.0003	0.0009	0.0000	0.0011	0.0012	0.0000	0.0000	0.0000	0.0000	0.0000	0.0000	0.0000	0.0000	0.0000	0.0000	0.0000	0.0000	0.0051	0.0017	0.0092	0.0091	0.0095	0.0007	0.0046	0.0000	0.0093	0.0000	4.4114	-0.0000	0.0002	5.9431	1.0133	4.2945	7.9669	0.0000	0.0000	0.0000	0.0000	0.0000	0.0000	0.0000	0.0000	0.0000	0.0006	0.0001	0.0005	0.0001	0.0001	0.0000	0.0004	0.0000	0.0004	0.0417	0.0363	0.0054	0.0052	0.0048	0.0004	0.0365	0.0315	0.0050	0.1092	0.0604	0.0489	0.0113	0.0107	0.0006	0.0980	0.0497	0.0483	0.0003	0.0009	0.0000	0.0011	0.0012	0.0000	0.0000	0.0000	0.0000	0.0051	0.0017	0.0092	0.0091	0.0095	0.0007	0.0046	0.0000	0.0093	
12	18	0.1054	8	1	2	0	1	0	0	0	0	N	Y	N	N	N	N	N	N	N	N	N	N	10525.7574	inf	0.0000	9566.1144	inf	0.0000	0.0046	0.0053	0.0000	0.0000	0.0000	0.0000	0.0052	0.0061	0.0000	0.0000	0.0000	0.0000	0.0000	0.0000	0.0000	0.0000	0.0000	0.0000	0.0000	inf	-0.0001	0.0000	5.9431	0.9988	4.2945	1.0036	0.0002	0.0002	0.0000	0.0000	0.0000	0.0000	0.0002	0.0002	0.0000	0.0000	0.0000	0.0000	0.0000	0.0000	0.0000	0.0000	0.0000	0.0000	0.0409	0.0356	0.0053	0.0045	0.0043	0.0002	0.0364	0.0314	0.0051	0.0247	0.0141	0.0106	0.0049	0.0040	0.0009	0.0198	0.0101	0.0097	10525.7574	inf	0.0000	0.0000	0.0000	0.0000	9566.1144	inf	0.0000	0.0000	0.0000	0.0000	0.0000	0.0000	0.0000	0.0000	0.0000	0.0000			
12	19	0.1066	8	2	2	0	0	0	0	0	0	Y	Y	N	N	N	N	N	N	N	N	N	N	3.7704	0.0000	13.6991	0.4558	0.0000	0.3876	9.3923	29.5494	0.0000	0.0000	0.0003	0.0000	0.0000	0.0002	0.0001	0.0000	0.0004	0.0000	0.0000	0.0000	0.0000	0.0000	0.0005	0.0000	0.0000	0.0000	inf	170.7941	0.0000	0.0000	5.9431	0.0025	4.2945	5.0336	0.0000	0.0000	0.0000	0.0000	0.0000	0.0000	0.0000	0.0000	0.0000	0.0000	0.0000	0.0000	0.0000	0.0000	0.0000	0.0000	0.0000	0.0000	0.0004	0.0003	0.0000	0.0002	0.0002	0.0000	0.0002	0.0002	0.0000	0.0608	0.0354	0.0254	0.0085	0.0079	0.0006	0.0523	0.0275	0.0248	3.7704	0.0000	13.6991	0.4558	0.0000	0.3876	9.3923	0.0000	29.5494	0.0000	0.0000	0.0000	0.0000	0.0000	0.0005	0.0000	0.0000	0.0000	
12	20	0.0753	5	1	2	0	0	0	0	0	0	N	Y	N	N	N	N	N	N	N	N	N	N	0.0000	0.0000	0.0000	0.0000	0.0000	0.0000	0.0000	0.0000	0.0000	0.0000	0.0000	0.0000	0.0000	0.0000	0.0000	0.0000	0.0000	0.0000	0.0000	0.0000	0.0000	0.0000	0.0000	0.0000	0.0000	0.0023	-0.0000	-0.0000	5.9431	1.9984	4.2945	3.0609	0.0000	0.0000	0.0000	0.0000	0.0000	0.0000	0.0000	0.0000	0.0000	0.0000	0.0000	0.0000	0.0000	0.0000	0.0000	0.0000	0.0000	0.0000	0.1155	0.1019	0.0135	0.0244	0.0239	0.0005	0.0911	0.0780	0.0130	0.1247	0.0817	0.0430	0.0406	0.0392	0.0014	0.0841	0.0426	0.0416	0.0000	0.0000	0.0000	0.0000	0.0000	0.0000	0.0000	0.0000	0.0000	0.0000	0.0000	0.0000	0.0000	0.0000	0.0000	0.0000	0.0000	0.0000			
12	21	0.2107	16	1	1	0	1	0	0	0	0	N	N	N	N	N	N	N	N	N	N	N	N	0.0000	0.0000	0.0000	0.0000	0.0000	0.0000	0.0000	0.0000	0.0000	0.0000	0.0000	0.0000	0.0000	0.0000	0.0000	0.0002	0.0000	0.0005	0.0007	0.0000	0.0072	0.0000	0.0000	0.0000	1817.8000	0.0000	0.0000	5.9431	2.0028	4.2945	2.2704	0.0000	0.0000	0.0000	0.0000	0.0000	0.0000	0.0000	0.0000	0.0000	0.0000	0.0000	0.0000	0.0000	0.0000	0.0000	0.0000	0.0000	0.0000	0.0819	0.0715	0.0104	0.0117	0.0112	0.0006	0.0702	0.0604	0.0098	0.0533	0.0324	0.0209	0.0150	0.0136	0.0014	0.0383	0.0187	0.0195	0.0000	0.0000	0.0000	0.0000	0.0000	0.0000	0.0000	0.0000	0.0000	0.0002	0.0000	0.0005	0.0007	0.0000	0.0072	0.0000	0.0000	0.0000				
12	22	0.0621	5	2	1	1	0	0	0	0	0	Y	N	N	N	N	N	N	N	N	N	N	N	0.0000	0.0000	0.0000	0.0000	0.0000	0.0000	0.0000	0.0000	0.0000	0.0000	0.0000	0.0000	0.0000	0.0000	0.0000	0.0000	0.0000	0.0000	0.0000	0.0000	5.9431	0.0000	4.2945	2.0000	0.0000	0.0000	0.0000	0.0000	0.0000	0.0000	0.0000	0.0000	0.0000	0.0000	0.0000	0.0000	0.0000	0.0000	0.0000	0.0000	0.0000	0.0000	0.0000	0.0000	0.0000	0.0000	0.0000	0.0000	0.0000	0.0000	0.0000	0.0261	0.0134	0.0127	0.0035	0.0032	0.0003	0.0226	0.0102	0.0124	0.0000	0.0000	0.0000	0.0000	0.0000	0.0000	0.0000	0.0000	0.0000	0.0000	0.0000	0.0000	0.0000	0.0000	0.0000	0.0000	0.0000	0.0000											
12	23	0.1264	11	1	2	0	0	0	0	0	0	N	Y	N	N	N	N	N	N	N	N	N	N	0.0000	0.0310	0.0000	0.0049	0.0913	0.0000	0.0000	26.4788	0.0000	0.0000	0.0000	0.0000	0.0002	0.0002	0.0000	0.0000	0.0000	0.0000	4.0953	0.0009	11.0800	0.0360	0.0020	0.6703	5.7933	0.0000	11.7265	0.0476	7298.7876	-0.0000	0.4042	5.9431	4.1010	4.2945	9.0979	0.0000	0.0000	0.0000	0.0000	0.0000	0.0000	0.0000	0.0000	0.0000	0.8846	0.0001	0.8845	0.0023	0.0001	0.0022	0.8823	0.0000	0.8823	0.1773	0.1544	0.0229	0.0195	0.0182	0.0012	0.1579	0.1362	0.0217	0.2160	0.1362	0.0798	0.0637	0.0591	0.0046	0.1523	0.0771	0.0752	0.0000	0.0310	0.0000	0.0049	0.0913	0.0000	0.0000	26.4788	0.0000	4.0953	0.0009	11.0800	0.0360	0.0020	0.4730	5.7933	0.0000	11.7265
12	24	0.0228	2	2	2	0	0	0	0	0	0	Y	Y	N	N	N	N	N	N	N	N	N	N	5.9153	3.4800	0.0241	2.0370	2.2939	0.0000	2740.0809	1664.0891	0.0242	3.5588	4.1569	0.0000	6.8902	7.0309	0.0000	3.4460	4.0450	0.0000	0.6016	1.1945	0.0005	3.3825	3.0650	0.0021	0.0013	0.0024	0.0005	0.0000	0.0004	-0.3999	-0.1129	5.9431	7.0513	4.2945	11.7448	1.0494	1.0494	0.0000	0.0665	0.0665	0.0000	0.9829	0.9829	0.0000	0.2081	0.2080	0.0001	0.2078	0.2078	0.0000	0.0003	0.0003	0.0001	0.2949	0.2525	0.0424	0.0097	0.0095	0.0002	0.2852	0.2430	0.0422	0.3460	0.1742	0.1718	0.0680	0.0678	0.0002	0.2780	0.1064	0.1716	5.9153	3.4800	0.0241	2.2549	2.2939	0.0000	2740.0809	1664.0891	0.0242	0.6016	1.1945	0.0005	3.0557	3.0650	0.0021	0.0013	0.0024	0.0005
12	25	0.1944	12	1	2	0	0	0	0	0	0	N	Y	N	N	N	N	N	N	N	N	N	N	0.0008	0.0003	13.6078	0.0003	0.0003	0.0000	7.4069	4859.7170	15.1211	0.0006	0.0004	0.0022	0.0008	0.0008	0.0000	0.0006	0.0003	0.0024	0.7416	1.2259	0.0002	3.1440	3.2932	0.0003	0.0001	0.0000	0.0002	0.7986	0.0001	0.0000	-0.0518	5.9431	4.7974	4.2945	5.1989	0.0001	0.0001	0.0001	0.0000	0.0000	0.0000	0.0001	0.0000	0.0001	0.0954	0.0954	0.0000	0.0954	0.0954	0.0000	0.0000	0.0000	0.0000	0.2243	0.1973	0.0270	0.0327	0.0312	0.0016	0.1916	0.1661	0.0254	0.1286	0.0778	0.0508	0.0321	0.0290	0.0031	0.0965	0.0488	0.0477	0.0008	0.0003	13.6078	0.0003	0.0003	0.0000	7.4069	4859.7170	15.1211	0.7416	1.2259	0.0002	2.9742	3.2932	0.0003	0.0001	0.0000	0.0002
12	26	0.1557	13	2	2	0	0	0	0	0	0	Y	Y	N	N	N	N	N	N	N	N	N	N	111.2396	844.8247	15.3901	306.6771	996.1877	0.0081	67.7180	inf	20.4999	0.1803	0.1988	0.0592	0.4871	0.5269	0.0001	0.1107	0.1183	0.0662	0.0016	0.0002	0.0038	0.0016	0.0005	0.0106	0.0016	0.0000	0.0032	0.0455	10.1697	-0.0055	0.0001	5.9431	2.0195	4.2945	15.0171	0.0163	0.0156	0.0007	0.0081	0.0081	0.0000	0.0082	0.0075	0.0007	0.0003	0.0000	0.0003	0.0001	0.0000	0.0001	0.0002	0.0000	0.0002	0.0905	0.0785	0.0120	0.0167	0.0155	0.0013	0.0738	0.0630	0.0107	0.2050	0.1264	0.0786	0.0629	0.0562	0.0066	0.1421	0.0702	0.0719	111.2396	844.8247	15.3901	306.6771	996.1877	0.0081	67.7180	inf	20.4999	0.0016	0.0002	0.0038	0.0016	0.0005	0.0106	0.0016	0.0000	0.0032
12	27	0.1470	12	1	1	0	0	0	0	0	0	N	N	N	N	N	N	N	N	N	N	N	N	2360.2463	2330.0873	266.8904	2614.6546	3137.2196	0.0043	1479.4805	22976.7496	758.2853	3.0128	3.4658	0.2414	8.3300	8.6543	0.0000	0.2868	0.2919	0.2654	0.0013	0.0015	0.0009	0.0032	0.0028	0.0109	0.0002	0.0000	0.0003	0.0114	0.3448	-0.1589	-0.0000	5.9431	1.6438	4.2945	3.3228	0.4296	0.4247	0.0048	0.4025	0.4025	0.0000	0.0270	0.0222	0.0048	0.0001	0.0001	0.0000	0.0001	0.0001	0.0000	0.0000	0.0000	0.0000	0.1426	0.1225	0.0200	0.0483	0.0465	0.0018	0.0943	0.0760	0.0182	0.0968	0.0618	0.0350	0.0350	0.0332	0.0018	0.0618	0.0286	0.0332	2360.2463	2330.0873	266.8904	2614.6546	3137.2196	0.0043	1479.4805	22976.7496	758.2853	0.0013	0.0015	0.0009	0.0032	0.0028	0.0109	0.0002	0.0000	0.0003
12	28	0.0679	6	1	2	0	0	0	0	0	0	N	Y	N	N	N	N	N	N	N	N	N	N	3.1002	2.2940	0.0000	0.0399	0.0421	0.0000	22.6740	954294.9912	0.0000	0.1321	0.1517	0.0000	0.0092	0.0095	0.0000	0.1476	0.1719	0.0000	0.0426	0.0661	0.0154	0.2295	0.2263	0.3891	0.0065	0.0000	0.0119	0.0000	0.2010	-0.0064	-0.0043	5.9431	3.0409	4.2945	16.1393	0.0167	0.0167	0.0000	0.0001	0.0001	0.0000	0.0166	0.0166	0.0000	0.0115	0.0095	0.0019	0.0100	0.0095	0.0005	0.0015	0.0000	0.0015	0.1267	0.1103	0.0164	0.0142	0.0137	0.0005	0.1125	0.0966	0.0159	0.2692	0.1444	0.1248	0.0436	0.0422	0.0014	0.2256	0.1022	0.1234	3.1002	2.2940	0.0000	0.0399	0.0421	0.0000	22.6740	954294.9912	0.0000	0.0426	0.0661	0.0154	0.2295	0.2263	0.3265	0.0065	0.0000	0.0119
12	29	0.0630	6	1	2	0	0	0	0	0	0	N	Y	N	N	N	N	N	N	N	N	N	N	0.0001	0.0000	0.0009	0.0000	0.0000	0.0000	0.0002	0.0010	0.0000	0.0000	0.0000	0.0000	0.0000	0.0000	0.0000	0.0000	0.0000	0.0002	0.0003	0.0001	0.0009	0.0009	0.0001	0.0001	0.0000	0.0001	inf	0.3506	0.0000	-0.0000	5.9431	4.0695	4.2945	11.0027	0.0000	0.0000	0.0000	0.0000	0.0000	0.0000	0.0000	0.0000	0.0000	0.0000	0.0000	0.0000	0.0000	0.0000	0.0000	0.0000	0.0000	0.0000	0.1705	0.1481	0.0224	0.0141	0.0136	0.0005	0.1563	0.1344	0.0219	0.2071	0.1101	0.0970	0.0323	0.0309	0.0013	0.1749	0.0792	0.0957	0.0001	0.0000	0.0009	0.0000	0.0000	0.0000	0.0002	0.0000	0.0010	0.0002	0.0003	0.0001	0.0009	0.0009	0.0001	0.0001	0.0000	0.0001	
12	30	0.1783	15	1	2	1	1	0	0	0	0	N	Y	N	N	N	N	N	N	N	N	N	N	0.0626	0.0000	inf	0.0564	0.0000	inf	0.0000	0.0000	0.0001	0.0000	0.0008	0.0002	0.0000	0.0069	0.0000	0.0000	0.0000	0.0012	0.0019	0.0000	0.0033	0.0037	0.0000	0.0000	0.0000	0.0000	inf	0.0000	0.0000	-0.0000	5.9431	0.0021	4.2945	3.0281	0.0000	0.0000	0.0000	0.0000	0.0000	0.0000	0.0000	0.0000	0.0000	0.0000	0.0000	0.0000	0.0000	0.0000	0.0000	0.0000	0.0000	0.0000	0.0002	0.0002	0.0000	0.0001	0.0001	0.0000	0.0001	0.0001	0.0000	0.0375	0.0235	0.0139	0.0133	0.0119	0.0014	0.0242	0.0117	0.0125	0.0626	0.0000	inf	0.0564	0.0000	inf	0.0000	0.0000	0.0000	0.0012	0.0019	0.0000	0.0033	0.0037	0.0000	0.0000	0.0000	0.0000	
12	31	0.1557	14	1	1	0	1	0	0	0	0	N	N	N	N	N	N	N	N	N	N	N	N	0.0002	0.0002	0.0000	0.0004	0.0004	0.0000	0.0000	0.0000	0.0000	0.0000	0.0000	0.0000	0.0000	0.0000	0.0000	0.0000	0.0000	0.0000	0.0007	0.0006	0.0007	0.0014	0.0015	0.0004	0.0004	0.0000	0.0007	0.0000	0.6831	-0.0000	-0.0000	5.9431	3.2874	4.2945	7.1999	0.0000	0.0000	0.0000	0.0000	0.0000	0.0000	0.0000	0.0000	0.0000	0.0001	0.0001	0.0000	0.0001	0.0000	0.0000	0.0000	0.0000	0.0000	0.1504	0.1306	0.0198	0.0277	0.0267	0.0010	0.1227	0.1038	0.0188	0.1261	0.0774	0.0487	0.0372	0.0335	0.0037	0.0889	0.0439	0.0450	0.0002	0.0002	0.0000	0.0004	0.0004	0.0000	0.0000	0.0000	0.0000	0.0007	0.0006	0.0007	0.0014	0.0015	0.0004	0.0004	0.0000	0.0007
12	32	0.0744	6	1	2	0	0	0	0	0	0	N	Y	N	N	N	N	N	N	N	N	N	N	0.0266	0.2743	0.0000	0.2793	0.2759	0.0000	0.0000	0.0000	0.0000	0.0011	0.0012	0.0000	0.0063	0.0067	0.0000	0.0000	0.0000	0.0000	0.0399	0.0044	0.0836	0.0224	0.0242	0.0070	0.0421	0.0000	0.0856	0.0000	15.2883	-0.0001	0.0040	5.9431	4.3545	4.2945	19.4857	0.0002	0.0002	0.0000	0.0002	0.0002	0.0000	0.0000	0.0000	0.0000	0.0101	0.0006	0.0095	0.0006	0.0006	0.0000	0.0095	0.0000	0.0095	0.2108	0.1840	0.0267	0.0357	0.0336	0.0021	0.1751	0.1505	0.0246	0.2535	0.1400	0.1135	0.0285	0.0257	0.0029	0.2249	0.1143	0.1106	0.0266	0.2743	0.0000	0.2793	0.2759	0.0000	0.0000	0.0000	0.0000	0.0399	0.0044	0.0836	0.0224	0.0242	0.0070	0.0421	0.0000	0.0856
12	33	0.1115	8	2	2	0	0	0	0	0	0	Y	Y	N	N	N	N	N	N	N	N	N	N	0.0000	0.0000	0.0000	0.0000	0.0000	0.0000	0.0000	0.0000	0.0000	0.0000	0.0000	0.0000	0.0000	0.0000	0.0000	0.0000	0.0000	0.0000	0.0000	0.0000	5.9431	0.0000	4.2945	0.0000	0.0000	0.0000	0.0000	0.0000	0.0000	0.0000	0.0000	0.0000	0.0000	0.0000	0.0000	0.0000	0.0000	0.0000	0.0000	0.0000	0.0000	0.0000	0.0000	0.0000	0.0000	0.0000	0.0000	0.0000	0.0000	0.0000	0.0000	0.0000	0.0000	0.0000	0.0000	0.0000	0.0000	0.0000	0.0000	0.0000	0.0000	0.0000	0.0000	0.0000	0.0000	0.0000	0.0000	0.0000	0.0000	0.0000	0.0000	0.0000	0.0000	0.0000	0.0000	0.0000	0.0000	0.0000											
12	34	0.1470	12	1	2	0	1	0	0	0	0	N	Y	N	N	N	N	N	N	N	N	N	N	8450.4413	369.8613	57652.5779	1.2050	1.6263	0.8407	438287.4672	5937127.2776	1368048.4634	1.8234	0.0774	13.0099	0.0009	0.0008	0.0025	2.3544	0.1026	14.2620	0.0002	0.0002	0.0002	0.0007	0.0005	0.0030	0.0000	0.0000	0.0000	26.2205	0.6971	0.3549	-0.0000	5.9431	6.4588	4.2945	12.7561	0.6095	0.0224	0.5871	0.0001	0.0001	0.0000	0.6095	0.0223	0.5871	0.0001	0.0000	0.0000	0.0000	0.0000	0.0000	0.0000	0.0000	0.0000	0.3343	0.2892	0.0451	0.0754	0.0715	0.0040	0.2589	0.2177	0.0412	0.2357	0.1432	0.0926	0.0689	0.0621	0.0067	0.1669	0.0810	0.0858	8450.4413	369.8613	57652.5779	1.2050	1.6263	0.8407	438287.4672	5937127.2776	1368048.4634	0.0002	0.0002	0.0002	0.0007	0.0005	0.0030	0.0000	0.0000	0.0000
12	35	0.1414	11	1	1	0	0	0	0	0	0	N	N	N	N	N	N	N	N	N	N	N	N	18058.5096	22270.1129	15899.8205	4740.9688	6986.3227	0.2628	53761.2813	inf	32233.0992	7.6225	7.3540	9.2877	4.2053	4.4040	0.0016	9.1583	8.8997	10.3289	0.0004	0.0003	0.0006	0.0009	0.0006	0.0059	0.0002	0.0000	0.0003	0.2036	1.0030	-0.2970	-0.0000	5.9431	2.5642	4.2945	2.5472	1.4016	1.1645	0.2371	0.2398	0.2398	0.0000	1.1618	0.9247	0.2371	0.0000	0.0000	0.0000	0.0000	0.0000	0.0000	0.0000	0.0000	0.0000	0.1839	0.1583	0.0255	0.0570	0.0544	0.0026	0.1269	0.1039	0.0230	0.0992	0.0633	0.0359	0.0348	0.0332	0.0017	0.0643	0.0301	0.0342	18058.5096	22270.1129	15899.8205	4740.9688	6986.3227	0.2628	53761.2813	inf	32233.0992	0.0004	0.0003	0.0006	0.0009	0.0006	0.0059	0.0002	0.0000	0.0003
12	36	0.1918	16	1	1	1	0	0	0	0	0	N	N	N	N	N	N	N	N	N	N	N	N	0.0000	0.0000	0.0000	0.0000	0.0000	0.0000	0.0000	0.0000	0.0000	0.0000	0.0000	0.0000	0.0000	0.0000	0.0000	0.0000	0.0001	0.0001	0.0000	0.0000	0.0000	0.0000	0.0000	0.0000	-0.0000	5.9431	1.0000	4.2945	2.0003	0.0000	0.0000	0.0000	0.0000	0.0000	0.0000	0.0000	0.0000	0.0000	0.0000	0.0000	0.0000	0.0000	0.0000	0.0000	0.0000	0.0000	0.0000	0.0405	0.0354	0.0051	0.0068	0.0065	0.0003	0.0337	0.0289	0.0048	0.0324	0.0196	0.0128	0.0081	0.0069	0.0011	0.0243	0.0126	0.0116	0.0000	0.0000	0.0000	0.0000	0.0000	0.0000	0.0000	0.0000	0.0000	0.0000	0.0000	0.0000	0.0001	0.0001	0.0000	0.0000	0.0000	0.0000						
12	37	0.1739	15	1	2	0	0	0	0	0	0	N	Y	N	N	N	N	N	N	N	N	N	N	0.0004	0.0000	0.0011	0.0009	0.0000	0.0016	0.0000	0.0000	0.0000	0.0000	0.0000	0.0000	0.0000	0.0000	0.0000	0.0000	0.0000	0.0003	0.0000	0.0009	0.0008	0.0000	0.0115	0.0001	0.0000	0.0002	inf	79.1575	0.0000	0.0000	5.9431	1.9619	4.2945	8.3400	0.0000	0.0000	0.0000	0.0000	0.0000	0.0000	0.0000	0.0000	0.0000	0.0001	0.0000	0.0001	0.0000	0.0000	0.0000	0.0000	0.0000	0.0000	0.0823	0.0717	0.0106	0.0139	0.0133	0.0006	0.0684	0.0584	0.0100	0.1519	0.0964	0.0554	0.0493	0.0458	0.0035	0.1025	0.0506	0.0519	0.0004	0.0000	0.0011	0.0009	0.0000	0.0016	0.0000	0.0000	0.0000	0.0003	0.0000	0.0009	0.0008	0.0000	0.0115	0.0001	0.0000	0.0002	
12	38	0.0754	6	2	1	1	0	0	0	0	0	Y	N	N	N	N	N	N	N	N	N	N	N	13192.1362	8321.3327	0.0000	56.6927	55.9013	inf	inf	0.4079	0.4598	0.0000	0.0088	0.0089	0.0000	0.6603	0.7997	0.0000	0.0000	0.0001	0.0000	0.0002	0.0002	0.0000	0.0000	0.0000	0.0000	0.0000	0.0004	-0.0002	-0.0000	5.9431	0.0095	4.2945	5.0631	0.0005	0.0005	0.0000	0.0000	0.0000	0.0000	0.0005	0.0005	0.0000	0.0000	0.0000	0.0000	0.0000	0.0000	0.0000	0.0000	0.0000	0.0000	0.0012	0.0010	0.0001	0.0005	0.0004	0.0000	0.0007	0.0006	0.0001	0.0799	0.0447	0.0352	0.0160	0.0155	0.0005	0.0639	0.0292	0.0347	13192.1362	8321.3327	0.0000	56.6927	55.9013	0.0000	inf	inf	0.0000	0.0000	0.0001	0.0000	0.0002	0.0002	0.0000	0.0000	0.0000	0.0000		
12	39	0.1557	14	1	2	0	0	0	0	0	0	N	Y	N	N	N	N	N	N	N	N	N	N	0.0000	0.0000	0.0000	0.0000	0.0000	0.0000	0.0000	0.0000	0.0000	0.0000	0.0000	0.0000	0.0000	0.0000	0.0000	0.0000	0.0000	0.0000	0.0000	0.0000	0.0000	0.0000	0.0000	0.0000	inf	0.0000	0.0000	5.9431	1.1272	4.2945	11.0864	0.0000	0.0000	0.0000	0.0000	0.0000	0.0000	0.0000	0.0000	0.0000	0.0000	0.0000	0.0000	0.0000	0.0000	0.0000	0.0000	0.0000	0.0000	0.0631	0.0546	0.0085	0.0151	0.0148	0.0003	0.0480	0.0398	0.0082	0.1431	0.0874	0.0557	0.0417	0.0374	0.0043	0.1014	0.0500	0.0514	0.0000	0.0000	0.0000	0.0000	0.0000	0.0000	0.0000	0.0000	0.0000	0.0000	0.0000	0.0000	0.0000	0.0000	0.0000	0.0000	0.0000	0.0000				
12	40	0.1557	13	1	1	0	0	0	0	0	0	N	N	N	N	N	N	N	N	N	N	N	N	0.0000	0.0000	0.0000	0.0000	0.0000	0.0000	0.0000	0.0000	0.0000	0.0000	0.0000	0.0000	0.0000	0.0000	0.0000	0.0000	0.0000	0.0000	0.0000	0.0000	0.0000	0.0000	0.0000	0.0000	0.0000	0.0000	1.0000	0.0000	-0.0000	5.9431	0.4765	4.2945	0.2778	0.0000	0.0000	0.0000	0.0000	0.0000	0.0000	0.0000	0.0000	0.0000	0.0000	0.0000	0.0000	0.0000	0.0000	0.0000	0.0000	0.0000	0.0000	0.0366	0.0315	0.0051	0.0113	0.0112	0.0001	0.0253	0.0203	0.0050	0.0252	0.0182	0.0070	0.0107	0.0104	0.0003	0.0145	0.0078	0.0068	0.0000	0.0000	0.0000	0.0000	0.0000	0.0000	0.0000	0.0000	0.0000	0.0000	0.0000	0.0000	0.0000	0.0000	0.0000	0.0000	0.0000	0.0000		
12	41	0.1578	13	1	2	0	1	0	0	0	0	N	Y	N	N	N	N	N	N	N	N	N	N	25294.0162	56424.4438	102.0301	75632.1099	140824.0432	62.4769	41.7298	146.0411	2.4666	2.8307	0.0172	17.6629	18.5113	0.0653	0.0021	0.0000	0.0147	0.0001	0.0001	0.0002	0.0002	0.0001	0.0010	0.0001	0.0000	0.0001	0.0009	2.2403	-0.3740	0.0000	5.9431	10.0333	4.2945	21.8674	0.9837	0.9828	0.0009	0.9830	0.9828	0.0002	0.0007	0.0000	0.0007	0.0000	0.0000	0.0000	0.0000	0.0000	0.0000	0.0000	0.0000	0.0000	0.3988	0.3472	0.0516	0.0557	0.0531	0.0026	0.3432	0.2941	0.0491	0.3322	0.1993	0.1329	0.0856	0.0761	0.0096	0.2466	0.1232	0.1234	25294.0162	56424.4438	102.0301	75632.1099	140824.0432	62.4769	41.7298	0.0000	146.0411	0.0001	0.0001	0.0002	0.0002	0.0001	0.0010	0.0001	0.0000	0.0001	
12	42	0.0754	6	2	1	1	0	0	0	0	0	Y	N	N	N	N	N	N	N	N	N	N	N	244.5602	160.7027	814.9857	3.0611	3.1467	2912.4587	inf	851.8372	0.0129	0.0137	0.0076	0.0007	0.0007	0.0000	0.0149	0.0160	0.0080	0.0001	0.0001	0.0000	0.0002	0.0002	0.0000	0.0000	0.0000	0.0000	0.0829	0.0815	-0.0002	-0.0000	5.9431	0.9968	4.2945	1.9513	0.0005	0.0005	0.0000	0.0000	0.0000	0.0000	0.0005	0.0005	0.0000	0.0000	0.0000	0.0000	0.0000	0.0000	0.0000	0.0000	0.0000	0.0000	0.0402	0.0349	0.0052	0.0055	0.0053	0.0003	0.0346	0.0297	0.0050	0.0505	0.0289	0.0216	0.0112	0.0109	0.0003	0.0393	0.0180	0.0213	244.5602	160.7027	814.9857	3.0611	3.1467	0.0000	2912.4587	inf	851.8372	0.0001	0.0001	0.0000	0.0002	0.0002	0.0000	0.0000	0.0000	0.0000	
12	43	0.0622	5	2	1	1	0	0	0	0	0	Y	N	N	N	N	N	N	N	N	N	N	N	60742.1630	52378.2433	0.1870	2311.0162	2349.7626	179186.7440	inf	0.1882	4.9105	5.6687	0.0000	0.7344	0.7712	0.0000	5.1398	5.9660	0.0000	0.0001	0.0001	0.0000	0.0003	0.0003	0.0000	0.0000	0.0000	0.0001	0.0000	0.4101	-0.3805	-0.0000	5.9431	5.0018	4.2945	1.7716	0.9986	0.9986	0.0000	0.0078	0.0078	0.0000	0.9908	0.9908	0.0000	0.0000	0.0000	0.0000	0.0000	0.0000	0.0000	0.0000	0.0000	0.0000	0.2034	0.1762	0.0272	0.0106	0.0101	0.0005	0.1928	0.1661	0.0267	0.1051	0.0557	0.0494	0.0190	0.0184	0.0006	0.0862	0.0373	0.0488	60742.1630	52378.2433	0.1870	2311.0162	2349.7626	0.0000	179186.7440	inf	0.1882	0.0001	0.0001	0.0000	0.0003	0.0003	0.0000	0.0000	0.0000	0.0001	
12	44	0.0654	6	2	1	1	0	0	0	0	0	Y	N	N	N	N	N	N	N	N	N	N	N	4.5828	0.0000	475.0486	0.0000	0.0000	0.0000	269.1810	1076.7820	0.0002	0.0000	0.0015	0.0000	0.0000	0.0000	0.0002	0.0000	0.0015	0.0000	0.0001	0.0000	0.0002	0.0002	0.0001	0.0000	0.0000	0.0000	inf	0.0327	0.0000	-0.0000	5.9431	4.9860	4.2945	2.3663	0.0000	0.0000	0.0000	0.0000	0.0000	0.0000	0.0000	0.0000	0.0000	0.0000	0.0000	0.0000	0.0000	0.0000	0.0000	0.0000	0.0000	0.0000	0.2032	0.1760	0.0272	0.0108	0.0103	0.0005	0.1924	0.1657	0.0267	0.1280	0.0718	0.0562	0.0281	0.0273	0.0008	0.0999	0.0445	0.0554	4.5828	0.0000	475.0486	0.0000	0.0000	0.0000	269.1810	0.0000	1076.7820	0.0000	0.0001	0.0000	0.0002	0.0002	0.0001	0.0000	0.0000	0.0000	
12	45	0.0622	5	2	1	0	0	0	0	0	0	Y	N	N	N	N	N	N	N	N	N	N	N	87.5564	246.2203	2.1933	447.8099	467.2545	0.0000	0.5127	0.0207	2.2436	0.0805	0.0903	0.0034	0.3639	0.3675	0.0000	0.0005	0.0000	0.0034	0.0009	0.0004	0.0015	0.0008	0.0008	0.0020	0.0010	0.0001	0.0015	0.0047	3.7557	-0.0000	0.0000	5.9431	0.0225	4.2945	1.9333	0.0001	0.0001	0.0000	0.0001	0.0001	0.0000	0.0000	0.0000	0.0000	0.0000	0.0000	0.0000	0.0000	0.0000	0.0000	0.0000	0.0000	0.0000	0.0015	0.0013	0.0002	0.0003	0.0003	0.0000	0.0012	0.0010	0.0002	0.0365	0.0192	0.0172	0.0083	0.0081	0.0002	0.0281	0.0111	0.0171	87.5564	246.2203	2.1933	447.8099	467.2545	0.0000	0.5127	0.0207	2.2436	0.0009	0.0004	0.0015	0.0008	0.0008	0.0020	0.0010	0.0001	0.0015
12	46	0.0593	4	2	1	0	0	0	0	0	0	Y	N	N	N	N	N	N	N	N	N	N	N	5.7756	3.6724	5.6026	17.3508	17.5245	0.0000	10.2217	inf	5.8682	0.0345	0.0393	0.0035	0.5743	0.5998	0.0000	0.0035	0.0035	0.0036	0.0060	0.0107	0.0006	0.0331	0.0342	0.0020	0.0003	0.0000	0.0006	0.0138	0.0516	-0.0005	-0.0001	5.9431	1.0095	4.2945	0.3555	0.0015	0.0014	0.0000	0.0013	0.0013	0.0000	0.0001	0.0001	0.0000	0.0001	0.0001	0.0000	0.0001	0.0001	0.0000	0.0000	0.0000	0.0000	0.0423	0.0366	0.0057	0.0023	0.0022	0.0001	0.0400	0.0344	0.0056	0.0212	0.0113	0.0099	0.0036	0.0035	0.0001	0.0175	0.0077	0.0098	5.7756	3.6724	5.6026	17.3508	17.5245	0.0000	10.2217	inf	5.8682	0.0060	0.0107	0.0006	0.0331	0.0342	0.0020	0.0003	0.0000	0.0006
12	47	0.1739	15	1	1	1	0	0	0	0	0	N	N	N	N	N	N	N	N	N	N	N	N	0.0973	0.1012	0.0000	0.1948	0.2547	0.0000	0.0000	0.0000	0.0000	0.0001	0.0001	0.0000	0.0005	0.0005	0.0000	0.0000	0.0000	0.0000	0.0008	0.0009	0.0007	0.0025	0.0020	0.0081	0.0001	0.0000	0.0001	0.0000	0.4526	-0.0000	-0.0000	5.9431	3.0460	4.2945	11.9126	0.0000	0.0000	0.0000	0.0000	0.0000	0.0000	0.0000	0.0000	0.0000	0.0002	0.0001	0.0001	0.0002	0.0001	0.0000	0.0000	0.0000	0.0000	0.1250	0.1089	0.0160	0.0203	0.0194	0.0009	0.1046	0.0895	0.0151	0.1954	0.1220	0.0735	0.0597	0.0548	0.0049	0.1357	0.0672	0.0685	0.0973	0.1012	0.0000	0.1948	0.2547	0.0000	0.0000	0.0000	0.0000	0.0008	0.0009	0.0007	0.0025	0.0020	0.0081	0.0001	0.0000	0.0001
12	48	0.1606	14	1	1	0	0	0	0	0	0	N	N	N	N	N	N	N	N	N	N	N	N	0.4508	0.0023	136.4607	0.0060	0.0059	0.0000	27.5172	0.0000	154.2543	0.0002	0.0000	0.0016	0.0000	0.0000	0.0000	0.0002	0.0000	0.0017	0.0005	0.0007	0.0000	0.0014	0.0015	0.0000	0.0000	0.0000	0.0000	142.6157	0.0092	0.0000	-0.0000	5.9431	1.1082	4.2945	5.8288	0.0000	0.0000	0.0000	0.0000	0.0000	0.0000	0.0000	0.0000	0.0000	0.0001	0.0001	0.0000	0.0001	0.0001	0.0000	0.0000	0.0000	0.0000	0.0476	0.0414	0.0062	0.0079	0.0076	0.0003	0.0397	0.0338	0.0059	0.1102	0.0704	0.0397	0.0348	0.0328	0.0020	0.0754	0.0376	0.0378	0.4508	0.0023	136.4607	0.0060	0.0059	0.0000	27.5172	0.0000	154.2543	0.0005	0.0007	0.0000	0.0014	0.0015	0.0000	0.0000	0.0000	0.0000
12	49	0.1918	16	1	2	0	0	0	0	0	0	N	Y	N	N	N	N	N	N	N	N	N	N	0.0000	0.0000	0.0000	0.0000	0.0000	0.0000	0.0000	0.0000	0.0000	0.0000	0.0000	0.0000	0.0000	0.0000	0.0001	0.0000	0.0001	0.0001	0.0000	0.0000	0.0000	0.0000	0.0000	0.0000	-0.0000	5.9431	0.0000	4.2945	2.0001	0.0000	0.0000	0.0000	0.0000	0.0000	0.0000	0.0000	0.0000	0.0000	0.0000	0.0000	0.0000	0.0000	0.0000	0.0000	0.0000	0.0000	0.0000	0.0000	0.0000	0.0000	0.0000	0.0000	0.0000	0.0000	0.0000	0.0000	0.0217	0.0131	0.0086	0.0054	0.0047	0.0008	0.0162	0.0085	0.0078	0.0000	0.0000	0.0000	0.0000	0.0000	0.0000	0.0000	0.0000	0.0000	0.0000	0.0001	0.0000	0.0001	0.0001	0.0000	0.0000	0.0000	0.0000						
12	50	0.0630	5	2	2	1	0	0	0	0	0	Y	Y	N	N	N	N	N	N	N	N	N	N	0.0000	0.0000	0.0000	0.0000	0.0000	0.0000	0.0000	0.0000	0.0000	0.0000	0.0000	0.0000	0.0000	0.0002	0.0000	0.0006	0.0006	0.0000	0.0234	0.0000	0.0000	0.0000	inf	0.0000	0.0000	5.9431	0.0000	4.2945	1.7047	0.0000	0.0000	0.0000	0.0000	0.0000	0.0000	0.0000	0.0000	0.0000	0.0000	0.0000	0.0000	0.0000	0.0000	0.0000	0.0000	0.0000	0.0000	0.0000	0.0000	0.0000	0.0000	0.0000	0.0000	0.0000	0.0000	0.0000	0.0418	0.0291	0.0126	0.0127	0.0124	0.0003	0.0291	0.0168	0.0123	0.0000	0.0000	0.0000	0.0000	0.0000	0.0000	0.0000	0.0000	0.0000	0.0002	0.0000	0.0006	0.0006	0.0000	0.0234	0.0000	0.0000	0.0000						
12	51	0.0630	5	2	2	1	0	0	0	0	0	Y	Y	N	N	N	N	N	N	N	N	N	N	0.0000	0.0000	0.0000	0.0000	0.0000	0.0000	0.0000	0.0000	0.0000	0.0000	0.0000	0.0000	0.0000	0.0001	0.0001	0.0000	0.0003	0.0003	0.0000	0.0000	0.0000	0.0000	0.0000	0.0000	-0.0000	5.9431	0.0000	4.2945	0.2953	0.0000	0.0000	0.0000	0.0000	0.0000	0.0000	0.0000	0.0000	0.0000	0.0000	0.0000	0.0000	0.0000	0.0000	0.0000	0.0000	0.0000	0.0000	0.0000	0.0000	0.0000	0.0000	0.0000	0.0000	0.0000	0.0000	0.0000	0.0235	0.0199	0.0036	0.0103	0.0103	0.0001	0.0132	0.0096	0.0036	0.0000	0.0000	0.0000	0.0000	0.0000	0.0000	0.0000	0.0000	0.0000	0.0001	0.0001	0.0000	0.0003	0.0003	0.0000	0.0000	0.0000	0.0000						
12	52	0.0601	4	2	2	1	0	0	0	0	0	Y	Y	N	N	N	N	N	N	N	N	N	N	0.0040	0.2468	0.0000	0.1957	0.2556	0.0000	0.0000	0.0000	0.0000	0.0001	0.0001	0.0000	0.0003	0.0003	0.0000	0.0000	0.0000	0.0000	0.0270	0.0005	0.0639	0.0015	0.0012	0.0170	0.0352	0.0000	0.0646	0.0000	94.1616	-0.0000	0.0004	5.9431	0.0001	4.2945	1.7968	0.0000	0.0000	0.0000	0.0000	0.0000	0.0000	0.0000	0.0000	0.0000	0.0009	0.0000	0.0009	0.0000	0.0000	0.0000	0.0009	0.0000	0.0009	0.0000	0.0000	0.0000	0.0000	0.0000	0.0000	0.0000	0.0000	0.0000	0.0351	0.0205	0.0147	0.0086	0.0084	0.0002	0.0265	0.0120	0.0145	0.0040	0.2468	0.0000	0.1957	0.2556	0.0000	0.0000	0.0000	0.0000	0.0270	0.0005	0.0639	0.0015	0.0012	0.0170	0.0352	0.0000	0.0646
12	53	0.1377	6	2	2	0	0	0	0	0	0	Y	Y	N	N	N	N	N	N	N	N	N	N	0.0033	inf	0.0118	0.0004	inf	0.0003	0.0028	inf	0.0121	0.0005	0.0000	0.0048	0.0000	0.0000	0.0000	0.0007	0.0000	0.0051	0.1629	0.0000	0.4116	0.0015	0.0000	0.0380	0.2365	0.0000	0.4237	4636.0561	inf	0.0000	0.0037	5.9431	1.8240	4.2945	0.8872	0.0000	0.0000	0.0000	0.0000	0.0000	0.0000	0.0000	0.0000	0.0000	0.0081	0.0000	0.0081	0.0000	0.0000	0.0000	0.0081	0.0000	0.0081	0.0935	0.0832	0.0102	0.0192	0.0186	0.0006	0.0743	0.0646	0.0097	0.0500	0.0302	0.0198	0.0157	0.0150	0.0006	0.0343	0.0152	0.0192	0.0033	inf	0.0118	0.0004	inf	0.0003	0.0028	inf	0.0121	0.1629	0.0000	0.4116	0.0015	0.0000	0.0380	0.2365	0.0000	0.4237
12	54	0.2217	18	1	2	0	1	0	0	0	0	N	Y	N	N	N	N	N	N	N	N	N	N	0.0000	0.0000	0.0000	0.0000	0.0000	0.0000	0.0000	0.0000	0.0000	0.0000	0.0000	0.0000	0.0000	0.0003	0.0005	0.0000	0.0011	0.0013	0.0000	0.0000	0.0000	0.0000	0.0000	0.0000	-0.0000	5.9431	0.0007	4.2945	4.7762	0.0000	0.0000	0.0000	0.0000	0.0000	0.0000	0.0000	0.0000	0.0000	0.0000	0.0000	0.0000	0.0000	0.0000	0.0000	0.0000	0.0000	0.0000	0.0000	0.0000	0.0000	0.0000	0.0000	0.0000	0.0000	0.0000	0.0000	0.0604	0.0380	0.0223	0.0173	0.0158	0.0016	0.0430	0.0223	0.0208	0.0000	0.0000	0.0000	0.0000	0.0000	0.0000	0.0000	0.0000	0.0000	0.0003	0.0005	0.0000	0.0011	0.0013	0.0000	0.0000	0.0000	0.0000						
12	55	0.2217	18	1	1	0	1	0	0	0	0	N	N	N	N	N	N	N	N	N	N	N	N	0.0000	0.0000	0.0000	0.0000	0.0000	0.0000	0.0000	0.0000	0.0000	0.0000	0.0000	0.0000	0.0000	0.0000	0.0000	0.0000	0.0000	0.0000	0.0000	0.0000	0.0000	0.0000	inf	0.0000	0.0000	5.9431	0.0007	4.2945	3.2259	0.0000	0.0000	0.0000	0.0000	0.0000	0.0000	0.0000	0.0000	0.0000	0.0000	0.0000	0.0000	0.0000	0.0000	0.0000	0.0000	0.0000	0.0000	0.0000	0.0000	0.0000	0.0000	0.0000	0.0000	0.0000	0.0000	0.0000	0.0442	0.0285	0.0158	0.0134	0.0123	0.0011	0.0308	0.0161	0.0147	0.0000	0.0000	0.0000	0.0000	0.0000	0.0000	0.0000	0.0000	0.0000	0.0000	0.0000	0.0000	0.0000	0.0000	0.0000	0.0000	0.0000	0.0000						
12	56	0.2174	17	1	1	0	1	0	0	0	0	N	N	N	N	N	N	N	N	N	N	N	N	0.0000	0.0000	0.0000	0.0000	0.0000	0.0000	0.0000	0.0000	0.0000	0.0000	0.0000	0.0000	0.0000	0.0000	0.0000	0.0000	0.0000	0.0000	0.0000	0.0000	0.0000	0.0000	0.0000	0.0000	0.0000	0.0367	0.0000	-0.0000	5.9431	0.9953	4.2945	1.3904	0.0000	0.0000	0.0000	0.0000	0.0000	0.0000	0.0000	0.0000	0.0000	0.0000	0.0000	0.0000	0.0000	0.0000	0.0000	0.0000	0.0000	0.0000	0.0410	0.0358	0.0052	0.0059	0.0056	0.0003	0.0351	0.0302	0.0049	0.0342	0.0225	0.0117	0.0106	0.0098	0.0008	0.0236	0.0127	0.0109	0.0000	0.0000	0.0000	0.0000	0.0000	0.0000	0.0000	0.0000	0.0000	0.0000	0.0000	0.0000	0.0000	0.0000	0.0000	0.0000	0.0000	0.0000			
12	57	0.2107	16	1	1	0	1	0	0	0	0	N	N	N	N	N	N	N	N	N	N	N	N	0.0000	0.0000	0.0000	0.0000	0.0000	0.0000	0.0000	0.0000	0.0000	0.0000	0.0000	0.0000	0.0000	0.0000	0.0000	0.0002	0.0000	0.0006	0.0008	0.0000	0.0094	0.0000	0.0000	0.0000	1219.2574	0.0000	0.0000	5.9431	0.0068	4.2945	3.2797	0.0000	0.0000	0.0000	0.0000	0.0000	0.0000	0.0000	0.0000	0.0000	0.0000	0.0000	0.0000	0.0000	0.0000	0.0000	0.0000	0.0000	0.0000	0.0003	0.0003	0.0000	0.0001	0.0001	0.0000	0.0003	0.0002	0.0000	0.0430	0.0263	0.0167	0.0125	0.0114	0.0011	0.0305	0.0148	0.0157	0.0000	0.0000	0.0000	0.0000	0.0000	0.0000	0.0000	0.0000	0.0000	0.0002	0.0000	0.0006	0.0008	0.0000	0.0094	0.0000	0.0000	0.0000				
12	58	0.1695	15	1	1	0	1	0	0	0	0	N	N	N	N	N	N	N	N	N	N	N	N	0.0069	0.0000	0.0777	0.0000	0.0000	0.0001	0.1108	0.3933	0.0000	0.0000	0.0000	0.0000	0.0000	0.0000	0.0000	0.0000	0.0000	0.0008	0.0009	0.0006	0.0029	0.0024	0.0078	0.0001	0.0000	0.0001	inf	0.4123	0.0000	-0.0000	5.9431	5.8573	4.2945	13.1443	0.0000	0.0000	0.0000	0.0000	0.0000	0.0000	0.0000	0.0000	0.0000	0.0002	0.0001	0.0001	0.0002	0.0001	0.0000	0.0000	0.0000	0.0000	0.2681	0.2354	0.0327	0.0547	0.0523	0.0024	0.2134	0.1830	0.0303	0.2244	0.1343	0.0901	0.0558	0.0507	0.0051	0.1686	0.0836	0.0850	0.0069	0.0000	0.0777	0.0000	0.0000	0.0001	0.1108	0.0000	0.3933	0.0008	0.0009	0.0006	0.0029	0.0024	0.0078	0.0001	0.0000	0.0001	
12	59	0.0603	5	1	2	1	0	0	0	0	0	N	Y	N	N	N	N	N	N	N	N	N	N	0.0002	0.0060	0.0000	0.0098	0.0104	0.0000	0.0000	0.0000	0.0000	0.0000	0.0000	0.0000	0.0000	0.0000	0.0000	0.0000	0.0000	0.0000	0.0068	0.0002	0.0159	0.0011	0.0011	0.0005	0.0078	0.0000	0.0161	0.0000	46.3940	-0.0000	0.0002	5.9431	0.9979	4.2945	4.0614	0.0000	0.0000	0.0000	0.0000	0.0000	0.0000	0.0000	0.0000	0.0000	0.0005	0.0000	0.0005	0.0000	0.0000	0.0000	0.0005	0.0000	0.0005	0.0411	0.0358	0.0053	0.0051	0.0047	0.0004	0.0360	0.0310	0.0049	0.0685	0.0397	0.0288	0.0094	0.0091	0.0003	0.0591	0.0306	0.0285	0.0002	0.0060	0.0000	0.0098	0.0104	0.0000	0.0000	0.0000	0.0000	0.0068	0.0002	0.0159	0.0011	0.0011	0.0005	0.0078	0.0000	0.0161
12	60	0.0519	4	1	2	0	0	0	0	0	0	N	Y	N	N	N	N	N	N	N	N	N	N	0.0011	0.0273	0.0000	0.0290	0.0300	0.0000	0.0004	inf	0.0000	0.0003	0.0004	0.0000	0.0017	0.0019	0.0000	0.0001	0.0001	0.0000	0.2872	0.0132	0.6538	0.0598	0.0616	0.0003	0.3201	0.0000	0.6595	0.0000	36.9677	-0.0000	0.0074	5.9431	2.2356	4.2945	2.2044	0.0000	0.0000	0.0000	0.0000	0.0000	0.0000	0.0000	0.0000	0.0000	0.0172	0.0005	0.0167	0.0005	0.0005	0.0000	0.0167	0.0000	0.0167	0.0953	0.0829	0.0123	0.0116	0.0108	0.0007	0.0837	0.0721	0.0116	0.0599	0.0343	0.0256	0.0076	0.0073	0.0002	0.0523	0.0269	0.0254	0.0011	0.0273	0.0000	0.0290	0.0300	0.0000	0.0004	inf	0.0000	0.2872	0.0132	0.6538	0.0598	0.0616	0.0003	0.3201	0.0000	0.6595
12	61	0.0630	6	2	1	1	0	0	0	0	0	Y	N	N	N	N	N	N	N	N	N	N	N	0.0000	0.0000	0.0000	0.0000	0.0000	0.0000	0.0000	0.0000	0.0000	0.0000	0.0000	0.0000	0.0000	0.0000	0.0000	0.0000	0.0000	0.0059	0.0005	0.0120	0.0031	0.0017	0.0374	0.0064	0.0000	0.0117	inf	21.0877	0.0000	0.0003	5.9431	2.0703	4.2945	7.0012	0.0000	0.0000	0.0000	0.0000	0.0000	0.0000	0.0000	0.0000	0.0000	0.0008	0.0000	0.0007	0.0001	0.0000	0.0000	0.0007	0.0000	0.0007	0.0898	0.0780	0.0118	0.0084	0.0081	0.0003	0.0814	0.0699	0.0115	0.1294	0.0688	0.0606	0.0206	0.0198	0.0008	0.1087	0.0489	0.0598	0.0000	0.0000	0.0000	0.0000	0.0000	0.0000	0.0000	0.0000	0.0000	0.0059	0.0005	0.0120	0.0031	0.0017	0.0374	0.0064	0.0000	0.0117	
12	62	0.0614	5	1	1	0	0	0	0	0	0	N	N	N	N	N	N	N	N	N	N	N	N	0.4214	0.3169	1.0242	1.0274	1.1454	0.0000	0.3089	0.1917	1.2268	0.0018	0.0015	0.0039	0.0163	0.0170	0.0000	0.0006	0.0000	0.0040	0.0042	0.0046	0.0038	0.0159	0.0148	0.0433	0.0018	0.0001	0.0032	0.4008	0.7181	-0.0000	-0.0000	5.9431	0.9285	4.2945	0.0280	0.0001	0.0000	0.0000	0.0000	0.0000	0.0000	0.0000	0.0000	0.0000	0.0001	0.0000	0.0000	0.0000	0.0000	0.0000	0.0000	0.0000	0.0000	0.0393	0.0341	0.0052	0.0030	0.0029	0.0001	0.0363	0.0312	0.0051	0.0146	0.0078	0.0068	0.0025	0.0024	0.0001	0.0121	0.0054	0.0067	0.4214	0.3169	1.0242	1.0274	1.1454	0.0000	0.3089	0.1917	1.2268	0.0042	0.0046	0.0038	0.0159	0.0148	0.0433	0.0018	0.0001	0.0032
12	63	0.1066	8	2	2	0	0	0	0	0	0	Y	Y	N	N	N	N	N	N	N	N	N	N	0.0015	0.0000	0.1821	0.0004	0.0000	2.0047	0.0386	0.0000	0.1581	0.0000	0.0000	0.0000	0.0000	0.0000	0.0000	0.0000	0.0000	0.0000	0.0002	0.0003	0.0000	0.0013	0.0014	0.0000	0.0000	0.0000	0.0000	inf	0.0265	0.0000	-0.0000	5.9431	1.0023	4.2945	3.0135	0.0000	0.0000	0.0000	0.0000	0.0000	0.0000	0.0000	0.0000	0.0000	0.0000	0.0000	0.0000	0.0000	0.0000	0.0000	0.0000	0.0000	0.0000	0.0421	0.0366	0.0055	0.0051	0.0048	0.0003	0.0370	0.0318	0.0052	0.0498	0.0292	0.0205	0.0074	0.0069	0.0005	0.0424	0.0224	0.0201	0.0015	0.0000	0.1821	0.0004	0.0000	2.0047	0.0386	0.0000	0.1581	0.0002	0.0003	0.0000	0.0013	0.0014	0.0000	0.0000	0.0000	0.0000
12	64	0.0802	7	2	2	0	0	0	0	0	0	Y	Y	N	N	N	N	N	N	N	N	N	N	0.2145	0.0269	1.2351	0.0630	0.0071	1016.0164	0.3293	1461.9549	1.0552	0.0004	0.0000	0.0032	0.0004	0.0001	0.0109	0.0004	0.0000	0.0028	0.0020	0.0015	0.0026	0.0068	0.0075	0.0000	0.0013	0.0000	0.0027	10.8698	1.3167	0.0000	0.0000	5.9431	3.0820	4.2945	9.3392	0.0001	0.0000	0.0001	0.0000	0.0000	0.0000	0.0001	0.0000	0.0000	0.0003	0.0001	0.0002	0.0001	0.0001	0.0000	0.0002	0.0000	0.0002	0.1535	0.1347	0.0188	0.0263	0.0254	0.0009	0.1272	0.1093	0.0178	0.1414	0.0797	0.0618	0.0178	0.0162	0.0016	0.1237	0.0634	0.0602	0.2145	0.0269	1.2351	0.0630	0.0071	1016.0164	0.3293	1461.9549	1.0552	0.0020	0.0015	0.0026	0.0068	0.0075	0.0000	0.0013	0.0000	0.0027
12	65	0.0519	4	1	2	0	0	0	0	0	0	N	Y	N	N	N	N	N	N	N	N	N	N	0.0007	0.0737	0.0000	0.0013	0.0013	0.0414	0.0008	inf	0.0000	0.0001	0.0001	0.0000	0.0000	0.0000	0.0000	0.0001	0.0002	0.0000	0.1773	0.0020	0.3904	0.0117	0.0122	0.0002	0.1946	0.0000	0.3939	0.0037	159.8161	-0.0000	0.0076	5.9431	1.7946	4.2945	5.9592	0.0000	0.0000	0.0000	0.0000	0.0000	0.0000	0.0000	0.0000	0.0000	0.0169	0.0001	0.0167	0.0001	0.0001	0.0000	0.0167	0.0000	0.0167	0.0779	0.0679	0.0100	0.0099	0.0093	0.0006	0.0680	0.0585	0.0094	0.0950	0.0521	0.0429	0.0090	0.0086	0.0004	0.0860	0.0435	0.0425	0.0007	0.0737	0.0000	0.0013	0.0013	0.0414	0.0008	inf	0.0000	0.1773	0.0020	0.3904	0.0117	0.0122	0.0002	0.1946	0.0000	0.3939
12	66	0.0450	3	1	2	0	0	0	0	0	0	N	Y	N	N	N	N	N	N	N	N	N	N	0.0024	2.3595	0.0000	0.2460	0.2494	0.0000	0.0023	12940.6827	0.0000	0.0542	0.0623	0.0000	0.0435	0.0459	0.0000	0.0560	0.0653	0.0000	22.5741	0.0264	105.3784	0.1767	0.1839	0.0099	24.4708	0.0000	101.4706	0.0000	1638.5787	-0.0013	0.4370	5.9431	1.3569	4.2945	2.0560	0.0035	0.0035	0.0000	0.0004	0.0004	0.0000	0.0031	0.0031	0.0000	0.9574	0.0006	0.9568	0.0006	0.0006	0.0000	0.9568	0.0000	0.9568	0.0641	0.0557	0.0083	0.0092	0.0087	0.0005	0.0549	0.0470	0.0079	0.0424	0.0221	0.0203	0.0033	0.0032	0.0001	0.0391	0.0189	0.0202	0.0024	2.3595	0.0000	0.2460	0.2494	0.0000	0.0023	12940.6827	0.0000	22.5741	0.0264	47.1314	0.1767	0.1839	0.0099	24.4708	0.0000	47.4509
12	67	0.0317	2	1	2	0	0	0	0	0	0	N	Y	N	N	N	N	N	N	N	N	N	N	31.9101	75.9680	0.0155	43.4228	53.1431	0.0189	28.9855	2444823.0906	0.0110	6.3013	7.6638	0.0046	7.5779	9.2384	0.0103	6.0050	7.2994	0.0033	0.1975	0.1009	0.2981	0.1745	0.1738	0.5447	0.2072	0.0000	0.2979	0.0001	2.8357	-0.6468	0.0072	5.9431	4.9477	4.2945	2.0153	1.6980	1.6978	0.0002	0.3847	0.3846	0.0001	1.3133	1.3132	0.0001	0.0367	0.0096	0.0271	0.0096	0.0096	0.0001	0.0270	0.0000	0.0270	0.2695	0.2215	0.0479	0.0508	0.0416	0.0091	0.2187	0.1799	0.0388	0.1857	0.0948	0.0909	0.0552	0.0550	0.0002	0.1306	0.0398	0.0908	31.9101	75.9680	0.0155	43.4228	53.1431	0.0259	28.9855	2444823.0906	0.0110	0.1975	0.1009	0.2981	0.1745	0.1738	0.3983	0.2072	0.0000	0.2979
12	68	0.1918	16	1	1	1	0	0	0	0	0	N	N	N	N	N	N	N	N	N	N	N	N	0.0000	0.0000	0.0000	0.0000	0.0000	0.0000	0.0000	0.0000	0.0000	0.0000	0.0000	0.0000	0.0000	0.0000	0.0000	0.2251	0.0000	0.5699	0.0019	0.0000	0.0132	0.2996	0.0000	0.6247	inf	0.0000	0.0044	5.9431	0.0000	4.2945	4.0001	0.0000	0.0000	0.0000	0.0000	0.0000	0.0000	0.0000	0.0000	0.0000	0.0097	0.0000	0.0097	0.0000	0.0000	0.0000	0.0096	0.0000	0.0096	0.0000	0.0000	0.0000	0.0000	0.0000	0.0000	0.0000	0.0000	0.0000	0.0429	0.0260	0.0170	0.0107	0.0092	0.0015	0.0322	0.0168	0.0154	0.0000	0.0000	0.0000	0.0000	0.0000	0.0000	0.0000	0.0000	0.0000	0.2251	0.0000	0.5699	0.0019	0.0000	0.0132	0.2996	0.0000	0.6247				
12	69	0.1695	15	1	1	0	0	0	0	0	0	N	N	N	N	N	N	N	N	N	N	N	N	0.0232	0.0000	0.0961	0.0000	0.0000	0.0001	0.1302	0.0000	0.4648	0.0000	0.0000	0.0001	0.0000	0.0000	0.0000	0.0000	0.0000	0.0001	0.0004	0.0001	0.0008	0.0012	0.0003	0.0116	0.0001	0.0000	0.0002	inf	4.2922	0.0000	0.0000	5.9431	2.8240	4.2945	8.9883	0.0000	0.0000	0.0000	0.0000	0.0000	0.0000	0.0000	0.0000	0.0000	0.0001	0.0000	0.0001	0.0001	0.0000	0.0000	0.0000	0.0000	0.0000	0.1522	0.1343	0.0179	0.0386	0.0371	0.0016	0.1136	0.0973	0.0163	0.1566	0.0949	0.0617	0.0424	0.0390	0.0034	0.1142	0.0559	0.0583	0.0232	0.0000	0.0961	0.0000	0.0000	0.0001	0.1302	0.0000	0.4648	0.0004	0.0001	0.0008	0.0012	0.0003	0.0116	0.0001	0.0000	0.0002
12	70	0.1606	14	1	1	0	0	0	0	0	0	N	N	N	N	N	N	N	N	N	N	N	N	2.9546	0.0006	1682.8730	0.0016	0.0016	0.0000	298.8809	0.0033	2019.0538	0.0023	0.0000	0.0174	0.0000	0.0000	0.0000	0.0027	0.0000	0.0184	0.0008	0.0012	0.0000	0.0022	0.0024	0.0000	0.0000	0.0000	0.0000	3796.9704	0.0047	0.0001	-0.0000	5.9431	1.4521	4.2945	3.5882	0.0001	0.0000	0.0001	0.0000	0.0000	0.0000	0.0001	0.0000	0.0001	0.0001	0.0001	0.0000	0.0001	0.0001	0.0000	0.0000	0.0000	0.0000	0.0614	0.0535	0.0080	0.0099	0.0095	0.0004	0.0515	0.0439	0.0075	0.0912	0.0595	0.0317	0.0308	0.0293	0.0014	0.0604	0.0302	0.0303	2.9546	0.0006	1682.8730	0.0016	0.0016	0.0000	298.8809	0.0033	2019.0538	0.0008	0.0012	0.0000	0.0022	0.0024	0.0000	0.0000	0.0000	0.0000
12	71	0.1578	13	1	1	0	0	0	0	0	0	N	N	N	N	N	N	N	N	N	N	N	N	239.4652	105.5317	602.5569	3.8637	258.7369	0.0007	31175.5294	101671.7737	0.0461	0.0004	0.3564	0.0019	0.0020	0.0000	0.0572	0.0000	0.3729	0.0002	0.0000	0.0006	0.0005	0.0000	0.0138	0.0000	0.0000	0.0000	119.0233	66.8729	0.0016	0.0000	5.9431	1.1783	4.2945	0.9542	0.0027	0.0000	0.0027	0.0000	0.0000	0.0000	0.0027	0.0000	0.0027	0.0000	0.0000	0.0000	0.0000	0.0000	0.0000	0.0000	0.0000	0.0000	0.0584	0.0509	0.0075	0.0117	0.0114	0.0003	0.0467	0.0395	0.0072	0.0530	0.0360	0.0170	0.0205	0.0198	0.0007	0.0325	0.0163	0.0163	239.4652	105.5317	602.5569	3.8637	258.7369	0.0007	31175.5294	0.0000	101671.7737	0.0002	0.0000	0.0006	0.0005	0.0000	0.0138	0.0000	0.0000	0.0000	
12	72	0.1532	12	1	1	0	0	0	0	0	0	N	N	N	N	N	N	N	N	N	N	N	N	377.6043	140.8866	116414.7619	405.9606	400.9479	inf	34480.5566	118719.5334	0.0601	0.0344	0.2328	0.1884	0.1968	0.0044	0.0359	0.0000	0.2457	0.0002	0.0002	0.0000	0.0005	0.0005	0.0000	0.0000	0.0000	0.0000	1.0110	0.0044	0.0007	-0.0000	5.9431	2.0762	4.2945	1.4610	0.0054	0.0027	0.0027	0.0027	0.0027	0.0000	0.0027	0.0000	0.0027	0.0000	0.0000	0.0000	0.0000	0.0000	0.0000	0.0000	0.0000	0.0000	0.0891	0.0776	0.0116	0.0142	0.0135	0.0006	0.0750	0.0640	0.0110	0.0634	0.0412	0.0222	0.0217	0.0205	0.0012	0.0417	0.0207	0.0210	377.6043	140.8866	116414.7619	405.9606	400.9479	inf	34480.5566	0.0000	118719.5334	0.0002	0.0002	0.0000	0.0005	0.0005	0.0000	0.0000	0.0000	0.0000	
12	73	0.0890	8	1	1	0	0	0	0	0	0	N	N	N	N	N	N	N	N	N	N	N	N	0.0001	0.0001	0.0000	0.0001	0.0002	0.0000	0.0000	0.0000	0.0000	0.0000	0.0000	0.0000	0.0000	0.0000	0.0000	0.0000	0.0000	0.0000	0.1232	0.0577	0.2054	0.3988	0.2640	2.4036	0.0800	0.0000	0.1611	0.0000	2.8357	-0.0000	0.0056	5.9431	4.0673	4.2945	17.8409	0.0000	0.0000	0.0000	0.0000	0.0000	0.0000	0.0000	0.0000	0.0000	0.0286	0.0075	0.0211	0.0125	0.0075	0.0051	0.0161	0.0000	0.0161	0.1913	0.1676	0.0237	0.0289	0.0279	0.0010	0.1624	0.1397	0.0227	0.2322	0.1293	0.1029	0.0314	0.0282	0.0032	0.2008	0.1010	0.0998	0.0001	0.0001	0.0000	0.0001	0.0002	0.0000	0.0000	0.0000	0.0000	0.1232	0.0577	0.2054	0.3988	0.2640	1.5915	0.0800	0.0000	0.1611
12	75	0.2257	12	1	1	0	0	0	0	0	0	N	N	N	N	N	N	N	N	N	N	N	N	0.7128	0.5621	0.0008	0.2451	0.2436	0.0084	0.6950	0.4169	0.0002	0.6164	0.7040	0.0000	0.0882	0.0977	0.0001	0.8876	1.0301	0.0000	0.8647	1.2525	0.0282	0.3598	0.4011	0.0084	1.2772	2.4712	0.0317	0.0000	0.0104	-0.0620	-0.3873	5.9431	3.5843	4.2945	46.7516	0.1626	0.1626	0.0000	0.0079	0.0079	0.0000	0.1547	0.1547	0.0000	0.7270	0.7195	0.0075	0.1360	0.1357	0.0003	0.5911	0.5839	0.0072	0.2639	0.2310	0.0328	0.0895	0.0808	0.0087	0.1744	0.1502	0.0241	0.8408	0.5745	0.2663	0.3780	0.3382	0.0398	0.4628	0.2363	0.2265	0.7128	0.5621	0.0008	0.2451	0.2436	0.0084	0.6950	0.4169	0.0002	0.8647	1.2525	0.0282	0.3598	0.4011	0.0084	1.2772	2.4712	0.0317
12	76	0.0903	8	2	2	1	0	0	0	0	0	Y	Y	N	N	N	N	N	N	N	N	N	N	0.0000	0.0000	0.0000	0.0000	0.0000	0.0000	0.0000	0.0000	0.0000	0.0000	0.0000	0.0000	0.0000	0.0000	0.0000	0.0000	0.0000	0.0000	0.0000	0.0000	0.0000	0.0000	0.0000	0.0000	-0.0000	5.9431	1.0003	4.2945	1.0071	0.0000	0.0000	0.0000	0.0000	0.0000	0.0000	0.0000	0.0000	0.0000	0.0000	0.0000	0.0000	0.0000	0.0000	0.0000	0.0000	0.0000	0.0000	0.0401	0.0349	0.0053	0.0040	0.0038	0.0002	0.0361	0.0310	0.0051	0.0291	0.0156	0.0134	0.0063	0.0060	0.0003	0.0227	0.0096	0.0131	0.0000	0.0000	0.0000	0.0000	0.0000	0.0000	0.0000	0.0000	0.0000	0.0000	0.0000	0.0000	0.0000	0.0000	0.0000	0.0000	0.0000	0.0000						
12	77	0.0835	7	2	1	1	0	0	0	0	0	Y	N	N	N	N	N	N	N	N	N	N	N	0.0000	0.0000	0.0000	0.0000	0.0000	0.0000	0.0000	0.0000	0.0000	0.0000	0.0000	0.0000	0.0000	0.0000	0.0000	0.0000	0.0000	0.0010	0.0014	0.0000	0.0027	0.0027	0.0001	0.0000	0.0000	0.0000	0.0006	-0.0000	-0.0001	5.9431	0.9901	4.2945	2.2068	0.0000	0.0000	0.0000	0.0000	0.0000	0.0000	0.0000	0.0000	0.0000	0.0001	0.0001	0.0000	0.0001	0.0001	0.0000	0.0000	0.0000	0.0000	0.0404	0.0351	0.0053	0.0041	0.0040	0.0002	0.0363	0.0311	0.0051	0.1209	0.0851	0.0359	0.0456	0.0452	0.0004	0.0753	0.0398	0.0355	0.0000	0.0000	0.0000	0.0000	0.0000	0.0000	0.0000	0.0000	0.0000	0.0010	0.0014	0.0000	0.0027	0.0027	0.0001	0.0000	0.0000	0.0000		
12	78	0.1066	9	1	2	0	0	0	0	0	0	N	Y	N	N	N	N	N	N	N	N	N	N	0.8293	854.2260	0.0000	1.1504	3.8016	0.0000	0.7514	272055769.8490	0.0000	2.4320	2.7717	0.0001	0.0352	0.0367	0.0000	2.8272	3.2722	0.0001	2.9326	0.0032	7.5176	0.0306	0.0097	0.2830	3.7627	0.0000	7.8563	0.0000	1480.2458	-0.3643	0.4120	5.9431	8.4371	4.2945	15.3349	0.9559	0.9559	0.0000	0.0020	0.0020	0.0000	0.9540	0.9540	0.0000	0.9027	0.0006	0.9021	0.0021	0.0006	0.0015	0.9006	0.0000	0.9006	0.3931	0.3449	0.0482	0.0556	0.0533	0.0023	0.3374	0.2915	0.0459	0.3078	0.1878	0.1200	0.0685	0.0631	0.0054	0.2393	0.1247	0.1146	0.8293	854.2260	0.0000	1.1504	3.8016	0.0000	0.7514	272055769.8490	0.0000	2.9326	0.0032	7.5176	0.0306	0.0097	0.2770	3.7627	0.0000	7.8563
12	79	0.0835	7	2	1	1	0	0	0	0	0	Y	N	N	N	N	N	N	N	N	N	N	N	0.1120	0.0949	0.0000	0.0000	0.0000	0.6281	inf	0.0000	0.0001	0.0001	0.0000	0.0000	0.0000	0.0000	0.0001	0.0001	0.0000	0.0007	0.0010	0.0003	0.0022	0.0022	0.0000	0.0001	0.0000	0.0003	0.0000	0.1622	-0.0000	-0.0001	5.9431	3.0096	4.2945	5.7427	0.0000	0.0000	0.0000	0.0000	0.0000	0.0000	0.0000	0.0000	0.0000	0.0001	0.0001	0.0000	0.0001	0.0001	0.0000	0.0000	0.0000	0.0000	0.1203	0.1045	0.0158	0.0118	0.0113	0.0005	0.1085	0.0932	0.0152	0.1929	0.1222	0.0707	0.0567	0.0557	0.0010	0.1362	0.0665	0.0697	0.1120	0.0949	0.0000	0.0000	0.0000	0.0000	0.6281	inf	0.0000	0.0007	0.0010	0.0003	0.0022	0.0022	0.0000	0.0001	0.0000	0.0003	
12	80	0.0679	6	2	1	1	0	0	0	0	0	Y	N	N	N	N	N	N	N	N	N	N	N	21.3050	365.5689	0.0000	0.8531	6.2338	0.0000	27.0505	inf	0.0000	0.3477	0.3983	0.0000	0.0187	0.0192	0.0000	0.4034	0.4712	0.0000	0.0163	0.0011	0.0350	0.0219	0.0031	0.8460	0.0149	0.0000	0.0269	0.0000	26.2183	-0.0064	0.0008	5.9431	1.0477	4.2945	6.1154	0.0167	0.0167	0.0000	0.0001	0.0001	0.0000	0.0166	0.0166	0.0000	0.0019	0.0001	0.0019	0.0005	0.0001	0.0005	0.0014	0.0000	0.0014	0.0481	0.0420	0.0061	0.0070	0.0068	0.0002	0.0412	0.0352	0.0059	0.1188	0.0654	0.0534	0.0239	0.0231	0.0008	0.0950	0.0423	0.0527	21.3050	365.5689	0.0000	0.8531	6.2338	0.0000	27.0505	inf	0.0000	0.0163	0.0011	0.0350	0.0219	0.0031	0.5808	0.0149	0.0000	0.0269
12	81	0.0614	5	1	1	0	0	0	0	0	0	N	N	N	N	N	N	N	N	N	N	N	N	27.2926	5296.4375	0.0020	1.9651	232.0227	0.0000	32.2399	11556.7256	0.0026	11.9077	13.7195	0.0018	1.2728	1.3267	0.0000	12.7434	14.8049	0.0019	0.4363	0.0026	0.9248	0.6477	0.0057	135.7866	0.3953	0.0013	0.7123	0.0000	316.9802	-0.3743	0.0088	5.9431	1.9794	4.2945	1.0196	0.9824	0.9824	0.0000	0.0077	0.0077	0.0000	0.9748	0.9747	0.0000	0.0194	0.0001	0.0193	0.0047	0.0000	0.0046	0.0147	0.0000	0.0147	0.0825	0.0716	0.0109	0.0060	0.0058	0.0002	0.0765	0.0658	0.0107	0.0444	0.0235	0.0209	0.0072	0.0069	0.0003	0.0372	0.0166	0.0206	27.2926	5296.4375	0.0020	1.9651	232.0227	0.0000	32.2399	11556.7256	0.0026	0.4363	0.0026	0.9248	0.6477	0.0057	16.7636	0.3953	0.0013	0.7123
12	82	0.0593	4	1	1	0	0	0	0	0	0	N	N	N	N	N	N	N	N	N	N	N	N	2456.6105	0.0976	38082.8242	0.0048	0.0052	0.0000	12104.1371	52.5773	49162.9689	23.5829	0.0014	176.1987	0.0002	0.0002	0.0000	24.9398	0.0014	179.2918	0.0096	0.0140	0.0046	0.0448	0.0435	0.0803	0.0021	0.0000	0.0036	19945.6911	0.2917	0.6181	-0.0000	5.9431	1.0114	4.2945	0.0202	0.9987	0.0001	0.9987	0.0000	0.0000	0.0000	0.9987	0.0000	0.9987	0.0002	0.0001	0.0000	0.0001	0.0001	0.0000	0.0000	0.0000	0.0000	0.0423	0.0367	0.0057	0.0023	0.0022	0.0001	0.0400	0.0345	0.0056	0.0163	0.0086	0.0076	0.0029	0.0028	0.0001	0.0134	0.0059	0.0075	2456.6105	0.0976	38082.8242	0.0048	0.0052	0.0000	12104.1371	52.5773	49162.9689	0.0096	0.0140	0.0046	0.0448	0.0435	0.0803	0.0021	0.0000	0.0036
12	83	0.0387	3	1	1	0	0	0	0	0	0	N	N	N	N	N	N	N	N	N	N	N	N	7.9509	0.0057	11845.0205	0.0577	0.0574	4.4617	2392.1329	0.0457	12244.8607	3.7945	0.0053	28.6452	0.0850	0.0853	0.0561	4.0074	0.0000	28.7951	0.4772	0.9222	0.0024	1.4729	1.4873	0.0126	0.0017	0.0000	0.0024	828.5838	0.0025	0.6002	-0.0733	5.9431	5.9223	4.2945	3.6882	0.9716	0.0012	0.9704	0.0012	0.0012	0.0000	0.9704	0.0000	0.9704	0.1355	0.1352	0.0003	0.1352	0.1352	0.0000	0.0003	0.0000	0.0003	0.2561	0.2222	0.0339	0.0139	0.0137	0.0002	0.2422	0.2085	0.0337	0.2840	0.1466	0.1374	0.0918	0.0909	0.0009	0.1922	0.0557	0.1365	7.9509	0.0057	11845.0205	0.0577	0.0574	4.4617	2392.1329	0.0457	12244.8607	0.4772	0.9222	0.0024	1.4729	1.4873	0.0126	0.0017	0.0000	0.0024
12	84	0.1264	11	1	2	0	0	0	0	0	0	N	Y	N	N	N	N	N	N	N	N	N	N	0.0001	0.0000	0.0014	0.0001	0.0001	0.0004	0.0021	77.9829	0.0014	0.0000	0.0000	0.0000	0.0001	0.0001	0.0000	0.0000	0.0000	0.0000	0.2756	0.4531	0.0038	1.1374	1.2742	0.0023	0.0019	0.0000	0.0039	0.0476	0.0055	-0.0000	-0.0634	5.9431	7.1084	4.2945	28.8937	0.0000	0.0000	0.0000	0.0000	0.0000	0.0000	0.0000	0.0000	0.0000	0.1180	0.1174	0.0006	0.1174	0.1174	0.0000	0.0006	0.0000	0.0006	0.2970	0.2585	0.0385	0.0291	0.0273	0.0018	0.2678	0.2312	0.0366	0.4282	0.2591	0.1691	0.1032	0.0921	0.0111	0.3250	0.1669	0.1580	0.0001	0.0000	0.0014	0.0001	0.0001	0.0004	0.0021	77.9829	0.0014	0.2756	0.4531	0.0038	1.1374	1.2742	0.0023	0.0019	0.0000	0.0039
12	85	0.1189	10	1	2	0	0	0	0	0	0	N	Y	N	N	N	N	N	N	N	N	N	N	0.0003	0.0005	0.0002	0.0007	0.0007	0.0000	0.0001	0.0016	0.0002	0.0005	0.0005	0.0004	0.0014	0.0014	0.0000	0.0001	0.0001	0.0005	1.4596	1.0098	2.3941	1.9643	2.0561	0.1238	1.1988	0.0416	2.5131	0.0949	1.1410	-0.0000	-0.0020	5.9431	2.2208	4.2945	3.9129	0.0001	0.0001	0.0000	0.0001	0.0001	0.0000	0.0000	0.0000	0.0000	0.1951	0.0911	0.1040	0.0894	0.0892	0.0003	0.1057	0.0020	0.1037	0.1510	0.1346	0.0164	0.0470	0.0448	0.0023	0.1039	0.0898	0.0141	0.1337	0.0902	0.0434	0.0455	0.0434	0.0022	0.0881	0.0469	0.0413	0.0003	0.0005	0.0002	0.0007	0.0007	0.0000	0.0001	0.0016	0.0002	1.4596	1.0098	2.3941	1.9643	2.0561	0.1238	1.1988	0.0416	2.5131
12	86	0.1944	12	1	1	1	0	0	0	0	0	N	N	N	N	N	N	N	N	N	N	N	N	0.0001	0.0000	14.6859	0.0006	0.0006	0.0000	0.0000	0.0000	16.2230	0.0003	0.0001	0.0020	0.0005	0.0005	0.0000	0.0003	0.0000	0.0021	6.0917	10.1569	0.0001	0.7771	0.8661	0.0002	7.7801	15.3977	0.0001	3.6770	0.0000	0.0000	-0.5066	5.9431	5.3425	4.2945	7.0749	0.0001	0.0000	0.0001	0.0000	0.0000	0.0000	0.0001	0.0000	0.0001	0.9330	0.9330	0.0000	0.0287	0.0287	0.0000	0.9043	0.9043	0.0000	0.2458	0.2160	0.0298	0.0343	0.0326	0.0016	0.2116	0.1834	0.0282	0.1532	0.0919	0.0613	0.0369	0.0331	0.0038	0.1162	0.0587	0.0575	0.0001	0.0000	14.6859	0.0006	0.0006	0.0000	0.0000	0.0000	16.2230	6.0917	10.1569	0.0001	0.7771	0.8661	0.0002	7.7801	15.3977	0.0001
12	87	0.1512	11	1	1	0	0	0	0	0	0	N	N	N	N	N	N	N	N	N	N	N	N	4.9723	0.0137	120.3396	0.0616	0.0480	2.0505	8.9762	0.0001	126.7022	2.7227	0.0102	23.2265	0.0545	0.0465	0.1935	3.4027	0.0001	25.6515	0.5476	0.7428	0.1930	0.8862	0.9678	0.0944	0.3791	0.5767	0.2025	302.6532	0.1430	0.6148	-0.0778	5.9431	7.0719	4.2945	13.7350	0.9987	0.0033	0.9954	0.0041	0.0033	0.0008	0.9946	0.0000	0.9946	0.1862	0.1629	0.0233	0.1001	0.0991	0.0010	0.0861	0.0638	0.0223	0.3668	0.3239	0.0429	0.0745	0.0704	0.0041	0.2923	0.2535	0.0388	0.3401	0.2193	0.1207	0.1130	0.1024	0.0106	0.2271	0.1169	0.1102	4.9723	0.0137	120.3396	0.0616	0.0480	2.0505	8.9762	0.0001	126.7022	0.5476	0.7428	0.1930	0.8862	0.9678	0.0944	0.3791	0.5456	0.2025
12	88	0.0621	5	2	1	1	0	0	0	0	0	Y	N	N	N	N	N	N	N	N	N	N	N	0.0000	0.0000	0.0000	0.0000	0.0000	0.0000	0.0000	0.0000	0.0000	0.0000	0.0000	0.0000	0.0000	0.0000	0.0000	0.0000	0.0000	0.0000	0.0000	0.0000	5.9431	0.0000	4.2945	0.0000	0.0000	0.0000	0.0000	0.0000	0.0000	0.0000	0.0000	0.0000	0.0000	0.0000	0.0000	0.0000	0.0000	0.0000	0.0000	0.0000	0.0000	0.0000	0.0000	0.0000	0.0000	0.0000	0.0000	0.0000	0.0000	0.0000	0.0000	0.0000	0.0000	0.0000	0.0000	0.0000	0.0000	0.0000	0.0000	0.0000	0.0000	0.0000	0.0000	0.0000	0.0000	0.0000	0.0000	0.0000	0.0000	0.0000	0.0000	0.0000	0.0000	0.0000	0.0000	0.0000	0.0000	0.0000											
12	89	0.0601	4	2	1	1	0	0	0	0	0	Y	N	N	N	N	N	N	N	N	N	N	N	0.0003	0.0002	0.0000	0.0003	0.0003	0.0000	0.0000	0.0000	0.0000	0.0001	0.0001	0.0000	0.0003	0.0003	0.0000	0.0000	0.0000	0.0000	0.3620	0.5845	0.0016	1.1749	1.1914	0.0008	0.0009	0.0000	0.0017	0.0000	0.0017	-0.0000	-0.0047	5.9431	0.0001	4.2945	0.9161	0.0000	0.0000	0.0000	0.0000	0.0000	0.0000	0.0000	0.0000	0.0000	0.0086	0.0086	0.0000	0.0086	0.0086	0.0000	0.0000	0.0000	0.0000	0.0000	0.0000	0.0000	0.0000	0.0000	0.0000	0.0000	0.0000	0.0000	0.0238	0.0147	0.0091	0.0073	0.0072	0.0001	0.0165	0.0075	0.0090	0.0003	0.0002	0.0000	0.0003	0.0003	0.0000	0.0000	0.0000	0.0000	0.3620	0.5845	0.0016	1.1749	1.1914	0.0008	0.0009	0.0000	0.0017
12	90	0.0354	3	2	1	1	0	0	0	0	0	Y	N	N	N	N	N	N	N	N	N	N	N	0.6847	0.2520	3.6912	1.9679	1.1032	1238.2033	0.4779	2.9376	2.0604	0.1307	0.0517	0.6487	1.0519	0.5935	8.3537	0.0505	0.0001	0.3630	0.1909	0.2051	0.1757	0.5345	0.5380	0.0067	0.1056	0.0000	0.1762	1.9157	0.7960	0.0060	-0.0039	5.9431	3.7876	4.2945	7.8440	0.0218	0.0075	0.0143	0.0140	0.0075	0.0066	0.0077	0.0000	0.0077	0.0391	0.0218	0.0173	0.0218	0.0218	0.0000	0.0173	0.0000	0.0173	0.1665	0.1444	0.0220	0.0133	0.0126	0.0008	0.1531	0.1319	0.0213	0.2046	0.1061	0.0985	0.0407	0.0404	0.0003	0.1639	0.0657	0.0983	0.6847	0.2520	3.6912	1.9679	1.1032	1238.2033	0.4779	2.9376	2.0604	0.1909	0.2051	0.1757	0.5345	0.5380	0.0067	0.1056	0.0000	0.1762
12	91	0.0995	9	1	2	0	1	0	0	0	0	N	Y	N	N	N	N	N	N	N	N	N	N	0.0009	0.1095	0.0031	0.0012	0.1466	0.0000	0.0009	0.6198	0.0031	0.0004	0.0000	0.0033	0.0000	0.0000	0.0000	0.0005	0.0000	0.0034	0.4537	0.0001	1.0785	0.0335	0.0003	0.5735	0.5517	0.0000	1.1040	47.7630	9309.1240	0.0000	0.0442	5.9431	1.8247	4.2945	16.3284	0.0000	0.0000	0.0000	0.0000	0.0000	0.0000	0.0000	0.0000	0.0000	0.0968	0.0000	0.0968	0.0014	0.0000	0.0013	0.0955	0.0000	0.0955	0.1011	0.0892	0.0119	0.0203	0.0198	0.0005	0.0808	0.0694	0.0114	0.2134	0.1236	0.0898	0.0404	0.0371	0.0033	0.1731	0.0866	0.0865	0.0009	0.1095	0.0031	0.0012	0.1466	0.0000	0.0009	0.6198	0.0031	0.4537	0.0001	1.0785	0.0335	0.0003	0.4076	0.5517	0.0000	1.1040
12	92	0.0890	8	1	2	0	0	0	0	0	0	N	Y	N	N	N	N	N	N	N	N	N	N	0.0015	0.0000	0.0610	0.0000	0.0000	0.0000	0.0180	0.0000	0.0644	0.0000	0.0000	0.0004	0.0000	0.0000	0.0000	0.0001	0.0000	0.0004	0.0334	0.0550	0.0062	0.2298	0.2554	0.0082	0.0031	0.0000	0.0062	inf	0.0905	0.0000	-0.0040	5.9431	9.1310	4.2945	16.1726	0.0000	0.0000	0.0000	0.0000	0.0000	0.0000	0.0000	0.0000	0.0000	0.0088	0.0081	0.0007	0.0081	0.0081	0.0000	0.0007	0.0000	0.0007	0.3875	0.3382	0.0493	0.0474	0.0453	0.0022	0.3401	0.2930	0.0471	0.2633	0.1466	0.1168	0.0352	0.0316	0.0036	0.2281	0.1150	0.1131	0.0015	0.0000	0.0610	0.0000	0.0000	0.0000	0.0180	0.0000	0.0644	0.0334	0.0550	0.0062	0.2298	0.2554	0.0082	0.0031	0.0000	0.0062
12	93	0.1740	14	1	2	0	0	0	0	0	0	N	Y	N	N	N	N	N	N	N	N	N	N	0.0000	0.0000	0.0000	0.0000	0.0000	0.0000	0.0000	0.0000	0.0000	0.0000	0.0000	0.0000	0.0000	0.0000	0.0000	0.0000	0.0000	0.0004	0.0002	0.0008	0.0010	0.0004	0.0060	0.0001	0.0000	0.0002	2.4879	0.0000	0.0000	5.9431	4.0959	4.2945	8.7137	0.0000	0.0000	0.0000	0.0000	0.0000	0.0000	0.0000	0.0000	0.0000	0.0001	0.0000	0.0001	0.0001	0.0000	0.0000	0.0000	0.0000	0.0000	0.1797	0.1564	0.0233	0.0259	0.0249	0.0010	0.1538	0.1316	0.0223	0.1782	0.1123	0.0659	0.0605	0.0538	0.0067	0.1177	0.0585	0.0592	0.0000	0.0000	0.0000	0.0000	0.0000	0.0000	0.0000	0.0000	0.0000	0.0004	0.0002	0.0008	0.0010	0.0004	0.0060	0.0001	0.0000	0.0002		
12	94	0.1557	13	1	2	0	0	0	0	0	0	N	Y	N	N	N	N	N	N	N	N	N	N	0.0000	0.0000	0.0000	0.0000	0.0000	0.0000	0.0000	0.0000	0.0000	0.0000	0.0000	0.0000	0.0000	0.0000	0.0000	0.0000	0.0000	0.0000	0.0006	0.0010	0.0000	0.0021	0.0023	0.0000	0.0000	0.0000	0.0000	0.0017	0.0000	-0.0000	5.9431	2.9443	4.2945	6.1524	0.0000	0.0000	0.0000	0.0000	0.0000	0.0000	0.0000	0.0000	0.0000	0.0001	0.0001	0.0000	0.0001	0.0001	0.0000	0.0000	0.0000	0.0000	0.1367	0.1187	0.0181	0.0258	0.0249	0.0009	0.1109	0.0938	0.0172	0.1122	0.0692	0.0430	0.0336	0.0303	0.0033	0.0786	0.0389	0.0397	0.0000	0.0000	0.0000	0.0000	0.0000	0.0000	0.0000	0.0000	0.0000	0.0006	0.0010	0.0000	0.0021	0.0023	0.0000	0.0000	0.0000	0.0000	
12	95	0.1532	12	1	1	0	0	0	0	0	0	N	N	N	N	N	N	N	N	N	N	N	N	51746.1881	137.7414	185488.7641	355.4820	371.4300	57287.6103	190495.8434	0.0684	0.0001	0.5256	0.0004	0.0004	0.0000	0.0833	0.0000	0.5537	0.0000	0.0000	0.0000	0.0000	0.0000	0.0000	0.0000	0.0000	0.0000	970.2687	2.3422	0.0017	0.0000	5.9431	0.8596	4.2945	1.2300	0.0027	0.0000	0.0027	0.0000	0.0000	0.0000	0.0027	0.0000	0.0027	0.0000	0.0000	0.0000	0.0000	0.0000	0.0000	0.0000	0.0000	0.0000	0.0395	0.0344	0.0051	0.0071	0.0068	0.0003	0.0324	0.0275	0.0049	0.0480	0.0323	0.0157	0.0180	0.0173	0.0007	0.0300	0.0150	0.0150	51746.1881	137.7414	185488.7641	355.4820	371.4300	0.0000	57287.6103	0.0000	190495.8434	0.0000	0.0000	0.0000	0.0000	0.0000	0.0000	0.0000	0.0000	0.0000		
12	96	0.1414	11	1	1	0	0	0	0	0	0	N	N	N	N	N	N	N	N	N	N	N	N	13580.9093	64838.6085	36047.5723	532.5677	109065.3446	0.6991	23318.9045	inf	72091.3207	2.5648	0.0448	18.4409	0.1427	0.1494	0.0034	3.4653	0.0001	20.2970	0.0002	0.0000	0.0005	0.0003	0.0000	0.0048	0.0001	0.0000	0.0003	65.2864	431.3614	0.3585	0.0000	5.9431	3.7737	4.2945	2.5241	0.5937	0.0090	0.5848	0.0090	0.0089	0.0000	0.5848	0.0000	0.5848	0.0000	0.0000	0.0000	0.0000	0.0000	0.0000	0.0000	0.0000	0.0000	0.2315	0.1998	0.0317	0.0627	0.0598	0.0029	0.1688	0.1399	0.0288	0.1112	0.0703	0.0410	0.0375	0.0355	0.0021	0.0737	0.0348	0.0389	13580.9093	64838.6085	36047.5723	532.5677	109065.3446	0.6991	23318.9045	inf	72091.3207	0.0002	0.0000	0.0005	0.0003	0.0000	0.0048	0.0001	0.0000	0.0003
12	97	0.1205	10	1	1	0	0	0	0	0	0	N	N	N	N	N	N	N	N	N	N	N	N	178.0761	72.9887	554.6585	8.5576	25.5231	0.0089	170.6922	179201.3845	596.4806	1.5020	0.0368	11.2592	0.0335	0.0353	0.0003	1.6815	0.0370	11.7612	0.0084	0.0005	0.0203	0.0039	0.0014	0.0312	0.0099	0.0000	0.0197	45.9902	26.9389	0.2436	0.0005	5.9431	6.4922	4.2945	4.5502	0.4076	0.0087	0.3989	0.0010	0.0010	0.0000	0.4066	0.0077	0.3989	0.0012	0.0000	0.0012	0.0001	0.0000	0.0001	0.0011	0.0000	0.0011	0.2714	0.2359	0.0354	0.0296	0.0280	0.0015	0.2418	0.2079	0.0339	0.1425	0.0854	0.0571	0.0340	0.0311	0.0029	0.1085	0.0543	0.0542	178.0761	72.9887	554.6585	8.5576	25.5231	0.0089	170.6922	179201.3845	596.4806	0.0084	0.0005	0.0203	0.0039	0.0014	0.0312	0.0099	0.0000	0.0197
12	98	0.0354	3	1	2	0	0	0	0	0	0	N	Y	N	N	N	N	N	N	N	N	N	N	187.5665	0.1523	700.4172	251.5655	0.3427	81.5847	178.8168	0.6736	739.6984	14.9099	0.0002	114.0076	1.6389	0.0015	27.5845	17.1688	0.0000	120.1171	0.0795	0.0016	0.1628	0.0065	0.0044	0.3381	0.0960	0.0000	0.1624	72401.1217	97.8962	0.6238	0.0080	5.9431	1.3608	4.2945	12.1483	1.0079	0.0000	1.0079	0.0161	0.0000	0.0161	0.9918	0.0000	0.9918	0.0179	0.0002	0.0177	0.0003	0.0002	0.0001	0.0176	0.0000	0.0176	0.0676	0.0588	0.0088	0.0098	0.0092	0.0006	0.0578	0.0495	0.0083	0.2251	0.1163	0.1088	0.0416	0.0413	0.0003	0.1836	0.0750	0.1085	187.5665	0.1523	700.4172	251.5655	0.3427	90.7854	178.8168	0.6736	739.6984	0.0795	0.0016	0.1628	0.0065	0.0044	0.3038	0.0960	0.0000	0.1624
12	99	0.0317	2	1	1	0	0	0	0	0	0	N	N	N	N	N	N	N	N	N	N	N	N	11.3569	0.9311	33.1786	19.6631	1.5920	29.7347	8.2910	235.7375	27.5121	4.4940	0.2047	19.3477	5.5239	0.4461	26.9803	3.9295	0.0635	16.0394	0.3957	0.2198	0.5831	0.2809	0.2802	0.9074	0.4739	0.0003	0.5830	27.2964	2.4892	0.3503	0.0090	5.9431	1.5300	4.2945	0.7696	0.6003	0.0212	0.5791	0.2612	0.0171	0.2442	0.3390	0.0042	0.3349	0.0529	0.0152	0.0378	0.0152	0.0152	0.0001	0.0377	0.0000	0.0377	0.1336	0.1036	0.0299	0.0473	0.0382	0.0090	0.0863	0.0654	0.0209	0.1338	0.0690	0.0648	0.0542	0.0541	0.0001	0.0795	0.0149	0.0647	11.3569	0.9311	33.1786	19.6631	1.5920	39.8174	8.2910	235.7375	27.5121	0.3957	0.2198	0.5831	0.2809	0.2802	0.6776	0.4739	0.0003	0.5830
12	104	0.1754	12	1	2	0	0	0	0	0	0	N	Y	N	N	N	N	N	N	N	N	N	N	0.0000	0.0000	0.0000	0.0000	0.0000	0.0000	0.0000	0.0000	0.0000	0.0000	0.0000	0.0000	0.0000	0.0000	0.0000	0.0000	0.0000	0.0000	0.0024	0.0027	0.0012	0.0055	0.0052	0.0106	0.0000	0.0000	0.0000	0.1345	0.0000	-0.0000	5.9431	0.0277	4.2945	1.3445	0.0000	0.0000	0.0000	0.0000	0.0000	0.0000	0.0000	0.0000	0.0000	0.0001	0.0001	0.0000	0.0001	0.0001	0.0000	0.0000	0.0000	0.0000	0.0021	0.0018	0.0003	0.0007	0.0007	0.0000	0.0014	0.0011	0.0003	0.0357	0.0276	0.0081	0.0154	0.0144	0.0009	0.0203	0.0132	0.0072	0.0000	0.0000	0.0000	0.0000	0.0000	0.0000	0.0000	0.0000	0.0000	0.0024	0.0027	0.0012	0.0055	0.0052	0.0106	0.0000	0.0000	0.0000	
12	105	0.1287	11	1	2	0	0	0	0	0	0	N	Y	N	N	N	N	N	N	N	N	N	N	0.0049	0.0040	0.0003	0.0082	0.0080	0.0000	0.0003	0.0183	0.0003	0.0000	0.0001	0.0000	0.0003	0.0003	0.0000	0.0000	0.0000	0.0000	0.0093	0.0130	0.0038	0.0355	0.0380	0.0144	0.0015	0.0000	0.0031	0.0027	0.1941	-0.0000	-0.0008	5.9431	5.1414	4.2945	16.4151	0.0000	0.0000	0.0000	0.0000	0.0000	0.0000	0.0000	0.0000	0.0000	0.0022	0.0018	0.0004	0.0019	0.0018	0.0001	0.0003	0.0000	0.0003	0.2216	0.1937	0.0279	0.0346	0.0331	0.0015	0.1870	0.1606	0.0265	0.2332	0.1397	0.0934	0.0533	0.0477	0.0056	0.1799	0.0921	0.0878	0.0049	0.0040	0.0003	0.0082	0.0080	0.0000	0.0003	0.0183	0.0003	0.0093	0.0130	0.0038	0.0355	0.0380	0.0144	0.0015	0.0000	0.0031
12	106	0.1205	10	1	1	0	0	0	0	0	0	N	N	N	N	N	N	N	N	N	N	N	N	0.0751	0.0819	0.0126	1.3989	1.7850	0.0000	0.0017	0.0002	0.0137	0.0028	0.0032	0.0004	0.0233	0.0244	0.0000	0.0001	0.0000	0.0005	0.0375	0.0387	0.0355	0.0166	0.0137	0.0607	0.0455	0.0567	0.0342	0.0212	0.5600	-0.0002	-0.0006	5.9431	3.8974	4.2945	1.6364	0.0005	0.0005	0.0000	0.0005	0.0005	0.0000	0.0000	0.0000	0.0000	0.0032	0.0021	0.0012	0.0004	0.0003	0.0001	0.0028	0.0018	0.0011	0.1688	0.1468	0.0220	0.0199	0.0190	0.0009	0.1489	0.1278	0.0211	0.0855	0.0530	0.0324	0.0236	0.0221	0.0015	0.0618	0.0309	0.0310	0.0751	0.0819	0.0126	1.3989	1.7850	0.0000	0.0017	0.0002	0.0137	0.0375	0.0387	0.0355	0.0166	0.0137	0.0607	0.0455	0.0567	0.0342
12	107	0.0995	9	1	1	0	0	0	0	0	0	N	N	N	N	N	N	N	N	N	N	N	N	0.0159	0.0155	0.0665	0.0021	0.0034	0.0000	0.0197	0.7726	0.0668	0.0105	0.0003	0.1058	0.0002	0.0002	0.0000	0.0161	0.0004	0.1085	0.6650	0.0218	1.5922	0.1034	0.0622	0.9376	0.8215	0.0005	1.6242	33.5502	50.5969	0.0003	0.0389	5.9431	0.3701	4.2945	9.6236	0.0004	0.0000	0.0004	0.0000	0.0000	0.0000	0.0004	0.0000	0.0004	0.0890	0.0017	0.0873	0.0030	0.0017	0.0013	0.0860	0.0000	0.0859	0.0415	0.0374	0.0040	0.0146	0.0145	0.0001	0.0269	0.0230	0.0039	0.1338	0.0790	0.0548	0.0292	0.0273	0.0019	0.1047	0.0517	0.0529	0.0159	0.0155	0.0665	0.0021	0.0034	0.0000	0.0197	0.7726	0.0668	0.6650	0.0218	1.5922	0.1034	0.0622	0.6975	0.8215	0.0005	1.6242
12	108	0.0890	8	1	1	0	0	0	0	0	0	N	N	N	N	N	N	N	N	N	N	N	N	0.0000	0.0006	0.0000	0.0014	0.0013	0.0000	0.0000	0.0000	0.0000	0.0001	0.0000	0.0003	0.0001	0.0001	0.0000	0.0001	0.0000	0.0004	13.5622	0.0520	62.3674	0.0576	0.0620	0.0003	16.3377	0.0481	60.2651	1.2653	459.9710	0.0000	0.4128	5.9431	0.4415	4.2945	4.8853	0.0000	0.0000	0.0000	0.0000	0.0000	0.0000	0.0000	0.0000	0.0000	0.9076	0.0020	0.9056	0.0007	0.0007	0.0000	0.9069	0.0013	0.9056	0.0445	0.0401	0.0043	0.0149	0.0148	0.0001	0.0296	0.0254	0.0042	0.0669	0.0379	0.0291	0.0114	0.0106	0.0008	0.0555	0.0273	0.0282	0.0000	0.0006	0.0000	0.0014	0.0013	0.0000	0.0000	0.0000	0.0000	13.5622	0.0520	31.1613	0.0576	0.0620	0.0003	16.3377	0.0481	32.0637
12	109	0.1114	7	2	2	0	1	0	0	0	0	Y	Y	N	N	N	N	N	N	N	N	N	N	0.0000	0.0000	0.0000	0.0000	0.0000	0.0000	0.0000	0.0000	0.0000	0.0000	0.0000	0.0000	0.0000	0.0000	0.0000	0.0000	0.0000	0.0000	0.0000	0.0000	5.9431	0.0000	4.2945	0.0000	0.0000	0.0000	0.0000	0.0000	0.0000	0.0000	0.0000	0.0000	0.0000	0.0000	0.0000	0.0000	0.0000	0.0000	0.0000	0.0000	0.0000	0.0000	0.0000	0.0000	0.0000	0.0000	0.0000	0.0000	0.0000	0.0000	0.0000	0.0000	0.0000	0.0000	0.0000	0.0000	0.0000	0.0000	0.0000	0.0000	0.0000	0.0000	0.0000	0.0000	0.0000	0.0000	0.0000	0.0000	0.0000	0.0000	0.0000	0.0000	0.0000	0.0000	0.0000	0.0000	0.0000	0.0000											
12	110	0.0965	6	2	2	0	1	0	0	0	0	Y	Y	N	N	N	N	N	N	N	N	N	N	0.0000	0.0000	0.0000	0.0000	0.0000	0.0000	0.0000	0.0000	0.0000	0.0000	0.0000	0.0000	0.0000	0.0000	0.0000	0.0001	0.0000	0.0003	0.0007	0.0000	0.0051	0.0000	0.0000	0.0000	inf	0.0000	0.0000	5.9431	0.0000	4.2945	7.1240	0.0000	0.0000	0.0000	0.0000	0.0000	0.0000	0.0000	0.0000	0.0000	0.0000	0.0000	0.0000	0.0000	0.0000	0.0000	0.0000	0.0000	0.0000	0.0000	0.0000	0.0000	0.0000	0.0000	0.0000	0.0000	0.0000	0.0000	0.0880	0.0493	0.0387	0.0145	0.0125	0.0020	0.0735	0.0368	0.0367	0.0000	0.0000	0.0000	0.0000	0.0000	0.0000	0.0000	0.0000	0.0000	0.0001	0.0000	0.0003	0.0007	0.0000	0.0051	0.0000	0.0000	0.0000				
12	111	0.1054	8	1	2	0	1	0	0	0	0	N	Y	N	N	N	N	N	N	N	N	N	N	4567166.2847	inf	0.0000	6070424.1145	inf	0.0000	0.8290	0.8984	0.0000	0.0000	0.0000	0.0000	1.3528	1.5432	0.0000	0.0000	0.0000	0.0000	0.0000	0.0000	0.0000	0.0000	0.0000	0.0000	0.0000	inf	-0.0001	0.0000	5.9431	0.0016	4.2945	5.0076	0.0002	0.0002	0.0000	0.0000	0.0000	0.0000	0.0002	0.0002	0.0000	0.0000	0.0000	0.0000	0.0000	0.0000	0.0000	0.0000	0.0000	0.0000	0.0002	0.0002	0.0000	0.0001	0.0001	0.0000	0.0001	0.0001	0.0000	0.0600	0.0340	0.0260	0.0116	0.0094	0.0022	0.0485	0.0246	0.0238	4567166.2847	inf	0.0000	0.0000	0.0000	0.0000	6070424.1145	inf	0.0000	0.0000	0.0000	0.0000	0.0000	0.0000	0.0000	0.0000	0.0000	0.0000			
12	112	0.0986	7	1	2	0	1	0	0	0	0	N	Y	N	N	N	N	N	N	N	N	N	N	797422.7630	71618690.2240	0.0000	0.0000	0.0000	710329.9566	inf	0.0000	24.4791	28.1274	0.0000	0.0000	0.0000	0.0000	27.3954	31.8286	0.0000	0.0000	0.0000	0.0001	0.0000	0.0000	0.0000	0.0000	0.0000	0.0001	0.0000	136.5561	-0.3810	0.0000	5.9431	1.0012	4.2945	2.1373	0.9998	0.9998	0.0000	0.0000	0.0000	0.0000	0.9998	0.9998	0.0000	0.0000	0.0000	0.0000	0.0000	0.0000	0.0000	0.0000	0.0000	0.0000	0.0408	0.0355	0.0053	0.0043	0.0041	0.0002	0.0365	0.0314	0.0051	0.0427	0.0243	0.0184	0.0090	0.0078	0.0012	0.0337	0.0165	0.0173	797422.7630	71618690.2240	0.0000	0.0000	0.0000	0.0000	710329.9566	inf	0.0000	0.0000	0.0000	0.0001	0.0000	0.0000	0.0000	0.0000	0.0000	0.0001	
12	113	0.1069	7	1	2	0	0	0	0	0	0	N	Y	N	N	N	N	N	N	N	N	N	N	0.0000	0.0000	0.0000	0.0000	0.0000	0.0000	0.0000	0.0000	0.0000	0.0000	0.0000	0.0000	0.0000	0.0000	0.0000	0.0038	0.0067	0.0000	0.0212	0.0245	0.0000	0.0000	0.0000	0.0000	0.0000	0.0000	-0.0001	5.9431	0.9705	4.2945	5.0371	0.0000	0.0000	0.0000	0.0000	0.0000	0.0000	0.0000	0.0000	0.0000	0.0003	0.0003	0.0000	0.0003	0.0003	0.0000	0.0000	0.0000	0.0000	0.0467	0.0410	0.0057	0.0088	0.0084	0.0004	0.0379	0.0326	0.0053	0.0707	0.0401	0.0305	0.0128	0.0111	0.0017	0.0579	0.0291	0.0288	0.0000	0.0000	0.0000	0.0000	0.0000	0.0000	0.0000	0.0000	0.0000	0.0038	0.0067	0.0000	0.0212	0.0245	0.0000	0.0000	0.0000	0.0000				
12	114	0.0986	7	1	1	1	1	0	0	0	0	N	N	N	N	N	N	N	N	N	N	N	N	0.0000	0.0000	0.0000	0.0000	0.0000	0.0000	0.0000	0.0000	0.0000	0.0000	0.0000	0.0000	0.0000	0.0001	0.0000	0.0002	0.0000	0.0000	0.0000	0.0001	0.0000	0.0002	inf	0.0000	0.0000	5.9431	0.0000	4.2945	1.1303	0.0000	0.0000	0.0000	0.0000	0.0000	0.0000	0.0000	0.0000	0.0000	0.0000	0.0000	0.0000	0.0000	0.0000	0.0000	0.0000	0.0000	0.0000	0.0000	0.0000	0.0000	0.0000	0.0000	0.0000	0.0000	0.0000	0.0000	0.0190	0.0110	0.0080	0.0050	0.0046	0.0004	0.0140	0.0064	0.0076	0.0000	0.0000	0.0000	0.0000	0.0000	0.0000	0.0000	0.0000	0.0000	0.0001	0.0000	0.0002	0.0000	0.0000	0.0000	0.0001	0.0000	0.0002						
12	115	0.0965	6	1	1	0	1	0	0	0	0	N	N	N	N	N	N	N	N	N	N	N	N	0.0000	0.0000	0.0000	0.0000	0.0000	0.0000	0.0000	0.0000	0.0000	0.0000	0.0000	0.0000	0.0000	0.0000	0.0000	0.0000	0.0006	0.0009	0.0001	0.0022	0.0024	0.0000	0.0001	0.0000	0.0001	0.1022	0.0000	-0.0000	5.9431	0.0000	4.2945	1.2340	0.0000	0.0000	0.0000	0.0000	0.0000	0.0000	0.0000	0.0000	0.0000	0.0000	0.0000	0.0000	0.0000	0.0000	0.0000	0.0000	0.0000	0.0000	0.0000	0.0000	0.0000	0.0000	0.0000	0.0000	0.0000	0.0000	0.0000	0.0205	0.0119	0.0086	0.0050	0.0047	0.0004	0.0155	0.0072	0.0083	0.0000	0.0000	0.0000	0.0000	0.0000	0.0000	0.0000	0.0000	0.0000	0.0006	0.0009	0.0001	0.0022	0.0024	0.0000	0.0001	0.0000	0.0001			
12	116	0.1040	7	1	1	1	1	0	0	0	0	N	N	N	N	N	N	N	N	N	N	N	N	0.0000	0.0000	0.0000	0.0000	0.0000	0.0000	0.0000	0.0000	0.0000	0.0000	0.0000	0.0000	0.0000	0.0000	0.0000	0.0000	0.0000	0.0000	0.0000	0.0000	0.0000	0.0000	inf	0.0000	0.0000	5.9431	0.9725	4.2945	0.9874	0.0000	0.0000	0.0000	0.0000	0.0000	0.0000	0.0000	0.0000	0.0000	0.0000	0.0000	0.0000	0.0000	0.0000	0.0000	0.0000	0.0000	0.0000	0.0438	0.0385	0.0053	0.0070	0.0067	0.0002	0.0368	0.0317	0.0051	0.0246	0.0143	0.0102	0.0045	0.0039	0.0006	0.0201	0.0104	0.0096	0.0000	0.0000	0.0000	0.0000	0.0000	0.0000	0.0000	0.0000	0.0000	0.0000	0.0000	0.0000	0.0000	0.0000	0.0000	0.0000	0.0000	0.0000						
12	117	0.1040	7	1	1	1	1	0	0	0	0	N	N	N	N	N	N	N	N	N	N	N	N	0.0000	0.0000	0.0000	0.0000	0.0000	0.0000	0.0000	0.0000	0.0000	0.0000	0.0000	0.0000	0.0000	0.0000	0.0000	0.0000	0.0000	0.0000	0.0000	0.0000	0.0000	0.0000	inf	0.0000	0.0000	5.9431	0.0285	4.2945	4.0215	0.0000	0.0000	0.0000	0.0000	0.0000	0.0000	0.0000	0.0000	0.0000	0.0000	0.0000	0.0000	0.0000	0.0000	0.0000	0.0000	0.0000	0.0000	0.0045	0.0041	0.0004	0.0018	0.0018	0.0000	0.0027	0.0023	0.0003	0.0486	0.0279	0.0207	0.0084	0.0071	0.0013	0.0403	0.0208	0.0195	0.0000	0.0000	0.0000	0.0000	0.0000	0.0000	0.0000	0.0000	0.0000	0.0000	0.0000	0.0000	0.0000	0.0000	0.0000	0.0000	0.0000	0.0000						
12	118	0.0965	6	1	1	1	1	0	0	0	0	N	N	N	N	N	N	N	N	N	N	N	N	0.0000	0.0000	0.0000	0.0000	0.0000	0.0000	0.0000	0.0000	0.0000	0.0000	0.0000	0.0000	0.0000	0.0000	0.0000	0.0000	0.0000	0.0000	0.0000	0.0000	0.0000	0.0000	0.0000	0.0000	0.0000	174.7083	0.0000	0.0000	5.9431	3.0275	4.2945	2.1573	0.0000	0.0000	0.0000	0.0000	0.0000	0.0000	0.0000	0.0000	0.0000	0.0000	0.0000	0.0000	0.0000	0.0000	0.0000	0.0000	0.0000	0.0000	0.1222	0.1064	0.0158	0.0130	0.0123	0.0006	0.1093	0.0941	0.0152	0.0662	0.0372	0.0290	0.0115	0.0100	0.0015	0.0547	0.0272	0.0275	0.0000	0.0000	0.0000	0.0000	0.0000	0.0000	0.0000	0.0000	0.0000	0.0000	0.0000	0.0000	0.0000	0.0000	0.0000	0.0000	0.0000	0.0000			
12	119	0.1377	6	2	2	0	0	0	0	0	0	Y	Y	N	N	N	N	N	N	N	N	N	N	0.0243	0.0000	1.9070	0.0000	0.0000	inf	0.4636	0.3353	1.9509	0.0005	0.0000	0.0041	0.0000	0.0000	0.0000	0.0006	0.0000	0.0043	0.0189	0.0308	0.0021	0.0659	0.0696	0.0000	0.0012	0.0000	0.0022	4636.0561	0.0497	0.0000	-0.0007	5.9431	2.1883	4.2945	3.1271	0.0000	0.0000	0.0000	0.0000	0.0000	0.0000	0.0000	0.0000	0.0000	0.0015	0.0014	0.0001	0.0014	0.0014	0.0000	0.0001	0.0000	0.0001	0.1078	0.0957	0.0121	0.0209	0.0202	0.0007	0.0869	0.0755	0.0114	0.0801	0.0467	0.0333	0.0219	0.0207	0.0012	0.0582	0.0260	0.0321	0.0243	0.0000	1.9070	0.0000	0.0000	inf	0.4636	0.3353	1.9509	0.0189	0.0308	0.0021	0.0659	0.0696	0.0000	0.0012	0.0000	0.0022
12	120	0.0708	5	2	2	0	0	0	0	0	0	Y	Y	N	N	N	N	N	N	N	N	N	N	229.4929	1.1212	827.9129	1.0970	1.1144	0.0764	233.3031	2.6472	834.5949	1.7610	0.0002	13.8292	0.0011	0.0012	0.0001	1.9654	0.0001	14.2662	0.0077	0.0002	0.0167	0.0010	0.0011	0.0009	0.0084	0.0000	0.0171	8447.5671	64.7753	0.6103	0.0011	5.9431	13.6104	4.2945	16.0982	0.9863	0.0001	0.9861	0.0001	0.0001	0.0000	0.9862	0.0001	0.9861	0.0025	0.0000	0.0024	0.0000	0.0000	0.0000	0.0024	0.0000	0.0024	0.5601	0.4888	0.0713	0.0583	0.0561	0.0022	0.5018	0.4327	0.0691	0.3213	0.1759	0.1453	0.0327	0.0292	0.0035	0.2886	0.1467	0.1419	229.4929	1.1212	827.9129	1.0970	1.1144	0.0764	233.3031	2.6472	834.5949	0.0077	0.0002	0.0167	0.0010	0.0011	0.0009	0.0084	0.0000	0.0171
12	121	0.0753	5	1	2	0	0	0	0	0	0	N	Y	N	N	N	N	N	N	N	N	N	N	0.0001	1.6340	0.0000	0.0064	1.8561	0.0000	0.0000	0.0000	0.0000	0.0004	0.0004	0.0000	0.0010	0.0010	0.0000	0.0000	0.0000	0.0000	3.2293	0.0003	9.3986	0.1589	0.0006	13.2216	4.7229	0.0000	9.5613	0.0122	18538.7141	-0.0000	0.1824	5.9431	0.3548	4.2945	4.6068	0.0000	0.0000	0.0000	0.0000	0.0000	0.0000	0.0000	0.0000	0.0000	0.3992	0.0000	0.3992	0.0064	0.0000	0.0064	0.3928	0.0000	0.3928	0.0490	0.0443	0.0047	0.0190	0.0188	0.0002	0.0300	0.0255	0.0045	0.1236	0.0812	0.0425	0.0405	0.0391	0.0014	0.0832	0.0421	0.0411	0.0001	1.6340	0.0000	0.0064	1.8561	0.0000	0.0000	0.0000	0.0000	3.2293	0.0003	9.3986	0.1589	0.0006	4.5998	4.7229	0.0000	9.5613
12	122	0.0604	4	1	2	0	0	0	0	0	0	N	Y	N	N	N	N	N	N	N	N	N	N	0.0001	0.0033	0.0001	0.0091	0.0088	0.0000	0.0000	0.0000	0.0001	0.0007	0.0006	0.0017	0.0028	0.0028	0.0000	0.0002	0.0000	0.0017	6.4000	0.1887	13.9190	0.3019	0.3169	0.1286	7.2599	0.1551	14.2267	0.3679	60.9409	-0.0000	0.2669	5.9431	1.6911	4.2945	5.7022	0.0001	0.0001	0.0000	0.0001	0.0001	0.0000	0.0000	0.0000	0.0000	0.6054	0.0098	0.5956	0.0035	0.0034	0.0001	0.6019	0.0064	0.5955	0.0971	0.0854	0.0117	0.0190	0.0187	0.0003	0.0781	0.0667	0.0114	0.0946	0.0518	0.0428	0.0117	0.0108	0.0009	0.0829	0.0410	0.0419	0.0001	0.0033	0.0001	0.0091	0.0088	0.0000	0.0000	0.0000	0.0001	6.4000	0.1887	13.9190	0.3019	0.3169	0.1286	7.2599	0.1551	14.2267
12	124	0.1115	8	2	2	0	0	0	0	0	0	Y	Y	N	N	N	N	N	N	N	N	N	N	0.0000	0.0000	0.0000	0.0000	0.0000	0.0000	0.0000	0.0000	0.0000	0.0000	0.0000	0.0000	0.0000	0.0000	0.0000	0.0000	0.0000	0.0000	0.0000	0.0000	5.9431	0.0000	4.2945	0.0000	0.0000	0.0000	0.0000	0.0000	0.0000	0.0000	0.0000	0.0000	0.0000	0.0000	0.0000	0.0000	0.0000	0.0000	0.0000	0.0000	0.0000	0.0000	0.0000	0.0000	0.0000	0.0000	0.0000	0.0000	0.0000	0.0000	0.0000	0.0000	0.0000	0.0000	0.0000	0.0000	0.0000	0.0000	0.0000	0.0000	0.0000	0.0000	0.0000	0.0000	0.0000	0.0000	0.0000	0.0000	0.0000	0.0000	0.0000	0.0000	0.0000	0.0000	0.0000	0.0000	0.0000	0.0000											
12	125	0.1069	7	2	2	0	0	0	0	0	0	Y	Y	N	N	N	N	N	N	N	N	N	N	0.0000	0.0000	0.0000	0.0000	0.0000	0.0000	0.0000	0.0000	0.0000	0.0000	0.0000	0.0000	0.0000	0.0000	0.0000	0.0000	0.0000	0.3260	0.0000	0.7815	0.0034	0.0000	0.0331	0.4141	0.0000	0.8235	187649.0426	0.0000	0.0042	5.9431	0.1434	4.2945	1.9839	0.0000	0.0000	0.0000	0.0000	0.0000	0.0000	0.0000	0.0000	0.0000	0.0093	0.0000	0.0093	0.0000	0.0000	0.0000	0.0092	0.0000	0.0092	0.0130	0.0117	0.0013	0.0050	0.0048	0.0002	0.0080	0.0069	0.0011	0.0284	0.0165	0.0118	0.0061	0.0055	0.0006	0.0223	0.0111	0.0112	0.0000	0.0000	0.0000	0.0000	0.0000	0.0000	0.0000	0.0000	0.0000	0.3260	0.0000	0.7815	0.0034	0.0000	0.0331	0.4141	0.0000	0.8235		
12	126	0.0965	6	1	2	0	0	0	0	0	0	N	Y	N	N	N	N	N	N	N	N	N	N	0.0000	0.0000	0.0000	0.0000	0.0000	0.0000	0.0000	0.0000	0.0000	0.0000	0.0000	0.0000	0.0000	0.0000	0.0000	0.0000	0.0000	0.0000	0.0044	0.0003	0.0096	0.0009	0.0009	0.0004	0.0051	0.0001	0.0101	25.8003	0.0000	0.0001	5.9431	1.8882	4.2945	2.9115	0.0000	0.0000	0.0000	0.0000	0.0000	0.0000	0.0000	0.0000	0.0000	0.0003	0.0000	0.0003	0.0000	0.0000	0.0000	0.0003	0.0000	0.0003	0.0767	0.0667	0.0099	0.0081	0.0077	0.0004	0.0685	0.0590	0.0095	0.0618	0.0348	0.0270	0.0108	0.0095	0.0013	0.0509	0.0253	0.0257	0.0000	0.0000	0.0000	0.0000	0.0000	0.0000	0.0000	0.0000	0.0000	0.0044	0.0003	0.0096	0.0009	0.0009	0.0004	0.0051	0.0001	0.0101	
12	127	0.0708	5	1	1	0	0	0	0	0	0	N	N	N	N	N	N	N	N	N	N	N	N	2.5846	0.3275	48.6289	0.3485	0.3216	11.7882	13.8407	0.0000	48.8937	0.0009	0.0002	0.0061	0.0009	0.0009	0.0000	0.0009	0.0000	0.0063	0.0003	0.0005	0.0001	0.0026	0.0029	0.0000	0.0001	0.0000	0.0001	4.8984	0.1981	0.0001	-0.0000	5.9431	3.5543	4.2945	9.0319	0.0002	0.0000	0.0001	0.0000	0.0000	0.0000	0.0001	0.0000	0.0001	0.0001	0.0000	0.0000	0.0000	0.0000	0.0000	0.0000	0.0000	0.0000	0.1808	0.1590	0.0218	0.0297	0.0291	0.0006	0.1511	0.1299	0.0212	0.1490	0.0817	0.0673	0.0162	0.0147	0.0016	0.1327	0.0671	0.0657	2.5846	0.3275	48.6289	0.3485	0.3216	11.7882	13.8407	0.0000	48.8937	0.0003	0.0005	0.0001	0.0026	0.0029	0.0000	0.0001	0.0000	0.0001
13	14	0.1064	9	0	1	1	1	0	0	0	0	N	N	N	N	N	N	N	N	N	N	N	N	0.0000	0.0000	0.0000	0.0000	0.0000	0.0000	0.0000	0.0000	0.0000	0.0000	0.0000	0.0000	0.0000	0.0000	0.0000	0.0000	0.0000	0.0000	0.0000	0.0000	0.0000	4.8103	3.8697	9.0653	0.0000	0.0000	0.0000	0.0000	0.0000	0.0000	0.0000	0.0000	0.0000	0.0000	0.0000	0.0000	0.0000	0.0000	0.0000	0.0000	0.0000	0.0000	0.0000	0.0000	0.0000	0.0000	0.0000	0.0000	0.0000	0.0000	0.0000	0.0643	0.0367	0.0276	0.0126	0.0113	0.0013	0.0517	0.0254	0.0263	0.0000	0.0000	0.0000	0.0000	0.0000	0.0000	0.0000	0.0000	0.0000	0.0000	0.0000	0.0000	0.0000	0.0000	0.0000	0.0000	0.0000	0.0000											
13	16	0.1829	15	0	1	1	2	0	0	0	0	N	N	N	Y	N	N	N	N	N	N	N	N	0.0000	0.0000	0.0000	0.0000	0.0000	0.0000	0.0000	0.0000	0.0000	0.0000	0.0000	0.0000	0.0000	0.0113	0.0000	0.0297	0.0000	0.0000	0.0000	0.0162	0.0000	0.0325	inf	0.0000	0.0002	0.0000	0.0040	3.8697	5.7722	0.0000	0.0000	0.0000	0.0000	0.0000	0.0000	0.0000	0.0000	0.0000	0.0003	0.0000	0.0003	0.0000	0.0000	0.0000	0.0003	0.0000	0.0003	0.0000	0.0000	0.0000	0.0000	0.0000	0.0000	0.0000	0.0000	0.0000	0.0302	0.0188	0.0115	0.0093	0.0083	0.0010	0.0210	0.0105	0.0105	0.0000	0.0000	0.0000	0.0000	0.0000	0.0000	0.0000	0.0000	0.0000	0.0113	0.0000	0.0297	0.0000	0.0000	0.0000	0.0162	0.0000	0.0325						
13	17	0.1216	11	0	1	1	1	0	0	0	0	N	N	N	N	N	N	N	N	N	N	N	N	0.0000	0.0000	0.0000	0.0000	0.0000	0.0000	0.0000	0.0000	0.0000	0.0000	0.0000	0.0000	0.0000	0.0000	0.0000	0.0000	0.0000	0.0000	0.0000	0.0000	0.0000	1.0133	3.8697	7.9669	0.0000	0.0000	0.0000	0.0000	0.0000	0.0000	0.0000	0.0000	0.0000	0.0000	0.0000	0.0000	0.0000	0.0000	0.0000	0.0000	0.0000	0.0000	0.0000	0.0000	0.0000	0.0000	0.0000	0.0000	0.0000	0.0000	0.0000	0.0458	0.0277	0.0180	0.0115	0.0103	0.0012	0.0343	0.0174	0.0169	0.0000	0.0000	0.0000	0.0000	0.0000	0.0000	0.0000	0.0000	0.0000	0.0000	0.0000	0.0000	0.0000	0.0000	0.0000	0.0000	0.0000	0.0000											
13	18	0.0152	2	0	1	1	2	0	0	0	0	N	N	N	Y	N	N	N	N	N	N	N	N	0.0000	0.0000	0.0000	0.0000	0.0000	0.0000	0.0000	0.0000	0.0000	0.0000	0.0000	0.0000	0.0000	0.0744	0.1505	0.0000	0.8097	0.8572	0.0000	0.0000	0.0000	0.0000	0.0000	0.0000	-0.0005	0.0000	0.9988	3.8697	1.0036	0.0000	0.0000	0.0000	0.0000	0.0000	0.0000	0.0000	0.0000	0.0000	0.0009	0.0009	0.0000	0.0009	0.0009	0.0000	0.0000	0.0000	0.0000	0.0000	0.0000	0.0000	0.0000	0.0000	0.0000	0.0000	0.0000	0.0000	0.0123	0.0061	0.0062	0.0011	0.0011	0.0001	0.0111	0.0050	0.0061	0.0000	0.0000	0.0000	0.0000	0.0000	0.0000	0.0000	0.0000	0.0000	0.0744	0.1505	0.0000	0.8097	0.8572	0.0000	0.0000	0.0000	0.0000						
13	19	0.0720	6	1	1	1	1	0	0	0	0	N	N	N	N	N	N	N	N	N	N	N	N	0.0000	0.0000	0.0000	0.0000	0.0000	0.0000	0.0000	0.0000	0.0000	0.0000	0.0000	0.0000	0.0000	0.0023	0.0000	0.0053	0.0000	0.0000	0.0000	0.0028	0.0000	0.0057	inf	0.0000	0.0000	0.0000	0.0025	3.8697	5.0336	0.0000	0.0000	0.0000	0.0000	0.0000	0.0000	0.0000	0.0000	0.0000	0.0001	0.0000	0.0001	0.0000	0.0000	0.0000	0.0001	0.0000	0.0001	0.0000	0.0000	0.0000	0.0000	0.0000	0.0000	0.0000	0.0000	0.0000	0.0269	0.0155	0.0114	0.0055	0.0048	0.0006	0.0214	0.0107	0.0108	0.0000	0.0000	0.0000	0.0000	0.0000	0.0000	0.0000	0.0000	0.0000	0.0023	0.0000	0.0053	0.0000	0.0000	0.0000	0.0028	0.0000	0.0057						
13	20	0.0615	5	0	1	1	1	0	0	0	0	N	N	N	N	N	N	N	N	N	N	N	N	0.0000	0.0000	0.0000	0.0000	0.0000	0.0000	0.0000	0.0000	0.0000	0.0000	0.0000	0.0000	0.0000	0.0066	0.0000	0.0174	0.0000	0.0000	0.0000	0.0097	0.0000	0.0181	inf	0.0000	0.0002	0.0000	1.9984	3.8697	3.0609	0.0000	0.0000	0.0000	0.0000	0.0000	0.0000	0.0000	0.0000	0.0000	0.0004	0.0000	0.0004	0.0000	0.0000	0.0000	0.0004	0.0000	0.0004	0.0000	0.0000	0.0000	0.0000	0.0000	0.0000	0.0000	0.0000	0.0000	0.0542	0.0337	0.0205	0.0176	0.0168	0.0008	0.0366	0.0169	0.0197	0.0000	0.0000	0.0000	0.0000	0.0000	0.0000	0.0000	0.0000	0.0000	0.0066	0.0000	0.0174	0.0000	0.0000	0.0000	0.0097	0.0000	0.0181						
13	21	0.1761	14	0	0	1	2	0	0	0	0	N	N	N	Y	N	N	N	N	N	N	N	N	0.0000	0.0000	0.0000	0.0000	0.0000	0.0000	0.0000	0.0000	0.0000	0.0000	0.0000	0.0000	0.0000	1.7239	0.0000	4.3648	0.0000	0.0000	0.0000	2.4998	0.0000	4.7532	inf	0.0000	0.0182	0.0000	2.0028	3.8697	2.2704	0.0000	0.0000	0.0000	0.0000	0.0000	0.0000	0.0000	0.0000	0.0000	0.0398	0.0000	0.0398	0.0000	0.0000	0.0000	0.0398	0.0000	0.0398	0.0000	0.0000	0.0000	0.0000	0.0000	0.0000	0.0000	0.0000	0.0000	0.0231	0.0140	0.0091	0.0072	0.0064	0.0007	0.0159	0.0075	0.0084	0.0000	0.0000	0.0000	0.0000	0.0000	0.0000	0.0000	0.0000	0.0000	1.7239	0.0000	4.3648	0.0000	0.0000	0.0000	2.4998	0.0000	4.7532						
13	22	0.1234	11	1	0	2	1	0	0	0	0	N	N	Y	N	N	N	N	N	N	N	N	N	0.0000	0.0000	0.0000	0.0000	0.0000	0.0000	0.0000	0.0000	0.0000	0.0000	0.0000	0.0000	0.0000	0.0000	0.0000	0.0000	0.0000	0.0000	0.0000	0.0000	0.0000	0.0000	3.8697	2.0000	0.0000	0.0000	0.0000	0.0000	0.0000	0.0000	0.0000	0.0000	0.0000	0.0000	0.0000	0.0000	0.0000	0.0000	0.0000	0.0000	0.0000	0.0000	0.0000	0.0000	0.0000	0.0000	0.0000	0.0000	0.0000	0.0000	0.0000	0.0093	0.0052	0.0041	0.0016	0.0014	0.0002	0.0077	0.0038	0.0039	0.0000	0.0000	0.0000	0.0000	0.0000	0.0000	0.0000	0.0000	0.0000	0.0000	0.0000	0.0000	0.0000	0.0000	0.0000	0.0000	0.0000	0.0000											
13	23	0.0919	9	0	1	1	1	0	0	0	0	N	N	N	N	N	N	N	N	N	N	N	N	0.0000	0.0000	0.0000	0.0000	0.0000	0.0000	0.0000	0.0000	0.0000	0.0000	0.0000	0.0000	0.0000	0.0000	0.0000	0.0000	0.0000	10.6213	0.0005	50.2127	0.0048	0.0012	0.0469	15.0155	0.0000	44.9298	33074.3233	0.0000	0.4535	0.0000	4.1010	3.8697	9.0979	0.0000	0.0000	0.0000	0.0000	0.0000	0.0000	0.0000	0.0000	0.0000	0.9923	0.0000	0.9922	0.0001	0.0000	0.0001	0.9921	0.0000	0.9921	0.0000	0.0000	0.0000	0.0000	0.0000	0.0000	0.0000	0.0000	0.0000	0.0934	0.0555	0.0379	0.0273	0.0252	0.0021	0.0661	0.0303	0.0358	0.0000	0.0000	0.0000	0.0000	0.0000	0.0000	0.0000	0.0000	0.0000	10.6213	0.0005	26.1643	0.0048	0.0012	0.0469	15.0155	0.0000	27.7218		
13	24	0.0842	6	1	1	1	1	0	0	0	0	N	N	N	N	N	N	N	N	N	N	N	N	0.0000	0.0000	0.0000	0.0000	0.0000	0.0000	0.0000	0.0000	0.0000	0.0000	0.0000	0.0000	0.0000	0.0001	0.0002	0.0000	0.0005	0.0006	0.0000	0.0000	0.0000	0.0000	0.0000	0.0000	-0.0000	0.0000	7.0513	3.8697	11.7448	0.0000	0.0000	0.0000	0.0000	0.0000	0.0000	0.0000	0.0000	0.0000	0.0000	0.0000	0.0000	0.0000	0.0000	0.0000	0.0000	0.0000	0.0000	0.0000	0.0000	0.0000	0.0000	0.0000	0.0000	0.0000	0.0000	0.0000	0.0897	0.0507	0.0390	0.0177	0.0153	0.0025	0.0719	0.0354	0.0365	0.0000	0.0000	0.0000	0.0000	0.0000	0.0000	0.0000	0.0000	0.0000	0.0001	0.0002	0.0000	0.0005	0.0006	0.0000	0.0000	0.0000	0.0000						
13	25	0.1599	10	0	1	1	1	0	0	0	0	N	N	N	N	N	N	N	N	N	N	N	N	0.0000	0.0000	0.0000	0.0000	0.0000	0.0000	0.0000	0.0000	0.0000	0.0000	0.0000	0.0000	0.0000	0.0000	0.0000	0.0000	0.1816	0.3031	0.0016	0.6308	0.6992	0.0000	0.0009	0.0000	0.0017	0.0035	0.0000	-0.0054	0.0000	4.7974	3.8697	5.1989	0.0000	0.0000	0.0000	0.0000	0.0000	0.0000	0.0000	0.0000	0.0000	0.0100	0.0100	0.0000	0.0100	0.0100	0.0000	0.0000	0.0000	0.0000	0.0000	0.0000	0.0000	0.0000	0.0000	0.0000	0.0000	0.0000	0.0000	0.0550	0.0328	0.0221	0.0158	0.0142	0.0015	0.0392	0.0186	0.0206	0.0000	0.0000	0.0000	0.0000	0.0000	0.0000	0.0000	0.0000	0.0000	0.1816	0.3031	0.0016	0.6308	0.6992	0.0000	0.0009	0.0000	0.0017			
13	26	0.1212	11	1	1	1	1	0	0	0	0	N	N	N	N	N	N	N	N	N	N	N	N	0.0000	0.0000	0.0000	0.0000	0.0000	0.0000	0.0000	0.0000	0.0000	0.0000	0.0000	0.0000	0.0000	0.0004	0.0006	0.0000	0.0012	0.0014	0.0000	0.0000	0.0000	0.0000	0.0000	0.0000	-0.0000	0.0000	2.0195	3.8697	15.0171	0.0000	0.0000	0.0000	0.0000	0.0000	0.0000	0.0000	0.0000	0.0000	0.0000	0.0000	0.0000	0.0000	0.0000	0.0000	0.0000	0.0000	0.0000	0.0000	0.0000	0.0000	0.0000	0.0000	0.0000	0.0000	0.0000	0.0000	0.0945	0.0558	0.0386	0.0289	0.0262	0.0027	0.0656	0.0297	0.0359	0.0000	0.0000	0.0000	0.0000	0.0000	0.0000	0.0000	0.0000	0.0000	0.0004	0.0006	0.0000	0.0012	0.0014	0.0000	0.0000	0.0000	0.0000						
13	27	0.1125	10	0	0	1	1	0	0	0	0	N	N	N	N	N	N	N	N	N	N	N	N	0.0000	0.0000	0.0000	0.0000	0.0000	0.0000	0.0000	0.0000	0.0000	0.0000	0.0000	0.0000	0.0000	0.0000	0.0000	0.0007	0.0003	0.0014	0.0000	0.0000	0.0000	0.0012	0.0007	0.0015	3.1498	0.0000	0.0000	0.0000	1.6438	3.8697	3.3228	0.0000	0.0000	0.0000	0.0000	0.0000	0.0000	0.0000	0.0000	0.0000	0.0000	0.0000	0.0000	0.0000	0.0000	0.0000	0.0000	0.0000	0.0000	0.0000	0.0000	0.0000	0.0000	0.0000	0.0000	0.0000	0.0000	0.0000	0.0498	0.0301	0.0197	0.0193	0.0184	0.0010	0.0305	0.0117	0.0188	0.0000	0.0000	0.0000	0.0000	0.0000	0.0000	0.0000	0.0000	0.0000	0.0007	0.0003	0.0014	0.0000	0.0000	0.0000	0.0012	0.0007	0.0015				
13	28	0.0975	8	0	1	1	1	0	0	0	0	N	N	N	N	N	N	N	N	N	N	N	N	0.0000	0.0000	0.0000	0.0000	0.0000	0.0000	0.0000	0.0000	0.0000	0.0000	0.0000	0.0000	0.0000	0.0001	0.0002	0.0000	0.0005	0.0005	0.0000	0.0000	0.0000	0.0000	0.0000	0.0000	-0.0000	0.0000	3.0409	3.8697	16.1393	0.0000	0.0000	0.0000	0.0000	0.0000	0.0000	0.0000	0.0000	0.0000	0.0000	0.0000	0.0000	0.0000	0.0000	0.0000	0.0000	0.0000	0.0000	0.0000	0.0000	0.0000	0.0000	0.0000	0.0000	0.0000	0.0000	0.0000	0.0918	0.0526	0.0392	0.0185	0.0162	0.0023	0.0733	0.0363	0.0370	0.0000	0.0000	0.0000	0.0000	0.0000	0.0000	0.0000	0.0000	0.0000	0.0001	0.0002	0.0000	0.0005	0.0005	0.0000	0.0000	0.0000	0.0000						
13	29	0.0926	8	0	1	1	1	0	0	0	0	N	N	N	N	N	N	N	N	N	N	N	N	0.0000	0.0000	0.0000	0.0000	0.0000	0.0000	0.0000	0.0000	0.0000	0.0000	0.0000	0.0000	0.0000	0.0000	0.0000	0.0000	0.0000	0.0000	0.0000	0.0000	0.0000	4.0695	3.8697	11.0027	0.0000	0.0000	0.0000	0.0000	0.0000	0.0000	0.0000	0.0000	0.0000	0.0000	0.0000	0.0000	0.0000	0.0000	0.0000	0.0000	0.0000	0.0000	0.0000	0.0000	0.0000	0.0000	0.0000	0.0000	0.0000	0.0000	0.0000	0.0712	0.0400	0.0311	0.0121	0.0104	0.0016	0.0591	0.0296	0.0295	0.0000	0.0000	0.0000	0.0000	0.0000	0.0000	0.0000	0.0000	0.0000	0.0000	0.0000	0.0000	0.0000	0.0000	0.0000	0.0000	0.0000	0.0000											
13	30	0.1438	13	0	1	2	2	0	0	0	0	N	N	Y	Y	N	N	N	N	N	N	N	N	0.0000	0.0000	0.0000	0.0000	0.0000	0.0000	0.0000	0.0000	0.0000	0.0000	0.0000	0.0000	0.0000	0.0110	0.0000	0.0299	0.0000	0.0000	0.0000	0.0178	0.0000	0.0338	inf	0.0000	0.0001	0.0000	0.0021	3.8697	3.0281	0.0000	0.0000	0.0000	0.0000	0.0000	0.0000	0.0000	0.0000	0.0000	0.0002	0.0000	0.0002	0.0000	0.0000	0.0000	0.0002	0.0000	0.0002	0.0000	0.0000	0.0000	0.0000	0.0000	0.0000	0.0000	0.0000	0.0000	0.0164	0.0104	0.0060	0.0063	0.0056	0.0007	0.0101	0.0048	0.0053	0.0000	0.0000	0.0000	0.0000	0.0000	0.0000	0.0000	0.0000	0.0000	0.0110	0.0000	0.0299	0.0000	0.0000	0.0000	0.0178	0.0000	0.0338						
13	31	0.1212	12	0	0	1	2	0	0	0	0	N	N	N	Y	N	N	N	N	N	N	N	N	0.0000	0.0000	0.0000	0.0000	0.0000	0.0000	0.0000	0.0000	0.0000	0.0000	0.0000	0.0000	0.0000	0.0000	0.0000	0.0000	18.2236	0.0000	110.8065	0.0000	0.0000	0.0000	27.1193	0.0000	107.6391	555449989.3015	0.0000	0.4570	0.0000	3.2874	3.8697	7.1999	0.0000	0.0000	0.0000	0.0000	0.0000	0.0000	0.0000	0.0000	0.0000	0.9998	0.0000	0.9998	0.0000	0.0000	0.0000	0.9998	0.0000	0.9998	0.0000	0.0000	0.0000	0.0000	0.0000	0.0000	0.0000	0.0000	0.0000	0.0549	0.0342	0.0207	0.0180	0.0161	0.0019	0.0369	0.0181	0.0188	0.0000	0.0000	0.0000	0.0000	0.0000	0.0000	0.0000	0.0000	0.0000	18.2236	0.0000	48.3393	0.0000	0.0000	0.0000	27.1193	0.0000	53.2644			
13	32	0.0399	4	0	1	1	1	0	0	0	0	N	N	N	N	N	N	N	N	N	N	N	N	0.0000	0.0000	0.0000	0.0000	0.0000	0.0000	0.0000	0.0000	0.0000	0.0000	0.0000	0.0000	0.0000	0.0000	0.0000	8.0064	15.0217	0.3062	0.0000	0.0000	0.0000	9.7378	21.7354	0.3170	0.0186	0.0000	-0.5343	0.0000	4.3545	3.8697	19.4857	0.0000	0.0000	0.0000	0.0000	0.0000	0.0000	0.0000	0.0000	0.0000	1.0183	0.9998	0.0186	0.0000	0.0000	0.0000	1.0183	0.9998	0.0186	0.0000	0.0000	0.0000	0.0000	0.0000	0.0000	0.0000	0.0000	0.0000	0.1272	0.0666	0.0606	0.0226	0.0206	0.0021	0.1046	0.0460	0.0586	0.0000	0.0000	0.0000	0.0000	0.0000	0.0000	0.0000	0.0000	0.0000	8.0064	15.0217	0.3062	0.0000	0.0000	0.0000	9.7378	21.7354	0.3170				
13	33	0.0256	4	1	1	1	1	0	0	0	0	N	N	N	N	N	N	N	N	N	N	N	N	0.0000	0.0000	0.0000	0.0000	0.0000	0.0000	0.0000	0.0000	0.0000	0.0000	0.0000	0.0000	0.0000	0.0000	0.0000	0.0000	0.0000	0.0000	0.0000	0.0000	0.0000	0.0000	3.8697	0.0000	0.0000	0.0000	0.0000	0.0000	0.0000	0.0000	0.0000	0.0000	0.0000	0.0000	0.0000	0.0000	0.0000	0.0000	0.0000	0.0000	0.0000	0.0000	0.0000	0.0000	0.0000	0.0000	0.0000	0.0000	0.0000	0.0000	0.0000	0.0000	0.0000	0.0000	0.0000	0.0000	0.0000	0.0000	0.0000	0.0000	0.0000	0.0000	0.0000	0.0000	0.0000	0.0000	0.0000	0.0000	0.0000	0.0000	0.0000	0.0000	0.0000	0.0000	0.0000	0.0000	0.0000	0.0000											
13	34	0.1125	10	0	1	1	2	0	0	0	0	N	N	N	Y	N	N	N	N	N	N	N	N	0.0000	0.0000	0.0000	0.0000	0.0000	0.0000	0.0000	0.0000	0.0000	0.0000	0.0000	0.0000	0.0000	0.0000	0.0000	0.0000	0.0000	0.0000	0.0000	0.0000	0.0000	6.4588	3.8697	12.7561	0.0000	0.0000	0.0000	0.0000	0.0000	0.0000	0.0000	0.0000	0.0000	0.0000	0.0000	0.0000	0.0000	0.0000	0.0000	0.0000	0.0000	0.0000	0.0000	0.0000	0.0000	0.0000	0.0000	0.0000	0.0000	0.0000	0.0000	0.1101	0.0647	0.0453	0.0347	0.0313	0.0034	0.0754	0.0335	0.0419	0.0000	0.0000	0.0000	0.0000	0.0000	0.0000	0.0000	0.0000	0.0000	0.0000	0.0000	0.0000	0.0000	0.0000	0.0000	0.0000	0.0000	0.0000											
13	35	0.1069	9	0	0	1	1	0	0	0	0	N	N	N	N	N	N	N	N	N	N	N	N	0.0000	0.0000	0.0000	0.0000	0.0000	0.0000	0.0000	0.0000	0.0000	0.0000	0.0000	0.0000	0.0000	0.0002	0.0003	0.0000	0.0004	0.0005	0.0000	0.0000	0.0000	0.0000	0.0000	0.0000	-0.0000	0.0000	2.5642	3.8697	2.5472	0.0000	0.0000	0.0000	0.0000	0.0000	0.0000	0.0000	0.0000	0.0000	0.0000	0.0000	0.0000	0.0000	0.0000	0.0000	0.0000	0.0000	0.0000	0.0000	0.0000	0.0000	0.0000	0.0000	0.0000	0.0000	0.0000	0.0000	0.0517	0.0315	0.0202	0.0201	0.0192	0.0009	0.0316	0.0123	0.0193	0.0000	0.0000	0.0000	0.0000	0.0000	0.0000	0.0000	0.0000	0.0000	0.0002	0.0003	0.0000	0.0004	0.0005	0.0000	0.0000	0.0000	0.0000						
13	36	0.1573	14	0	0	2	1	0	0	0	0	N	N	Y	N	N	N	N	N	N	N	N	N	0.0000	0.0000	0.0000	0.0000	0.0000	0.0000	0.0000	0.0000	0.0000	0.0000	0.0000	0.0000	0.0000	0.0000	0.0000	0.0000	0.0000	0.0000	0.0000	0.0000	0.0000	1.0000	3.8697	2.0003	0.0000	0.0000	0.0000	0.0000	0.0000	0.0000	0.0000	0.0000	0.0000	0.0000	0.0000	0.0000	0.0000	0.0000	0.0000	0.0000	0.0000	0.0000	0.0000	0.0000	0.0000	0.0000	0.0000	0.0000	0.0000	0.0000	0.0000	0.0148	0.0084	0.0064	0.0030	0.0027	0.0003	0.0118	0.0056	0.0061	0.0000	0.0000	0.0000	0.0000	0.0000	0.0000	0.0000	0.0000	0.0000	0.0000	0.0000	0.0000	0.0000	0.0000	0.0000	0.0000	0.0000	0.0000											
13	37	0.1394	13	0	1	1	1	0	0	0	0	N	N	N	N	N	N	N	N	N	N	N	N	0.0000	0.0000	0.0000	0.0000	0.0000	0.0000	0.0000	0.0000	0.0000	0.0000	0.0000	0.0000	0.0000	0.0006	0.0009	0.0000	0.0016	0.0018	0.0000	0.0000	0.0000	0.0000	0.0000	0.0000	-0.0000	0.0000	1.9619	3.8697	8.3400	0.0000	0.0000	0.0000	0.0000	0.0000	0.0000	0.0000	0.0000	0.0000	0.0000	0.0000	0.0000	0.0000	0.0000	0.0000	0.0000	0.0000	0.0000	0.0000	0.0000	0.0000	0.0000	0.0000	0.0000	0.0000	0.0000	0.0000	0.0637	0.0409	0.0227	0.0230	0.0208	0.0021	0.0407	0.0201	0.0206	0.0000	0.0000	0.0000	0.0000	0.0000	0.0000	0.0000	0.0000	0.0000	0.0006	0.0009	0.0000	0.0016	0.0018	0.0000	0.0000	0.0000	0.0000						
13	38	0.1050	8	1	0	2	1	0	0	0	0	N	N	Y	N	N	N	N	N	N	N	N	N	0.0000	0.0000	0.0000	0.0000	0.0000	0.0000	0.0000	0.0000	0.0000	0.0000	0.0000	0.0000	0.0000	34.6818	0.0000	181.3501	0.0000	0.0000	0.0000	43.7125	0.0000	193.8557	inf	0.0000	0.4550	0.0000	0.0095	3.8697	5.0631	0.0000	0.0000	0.0000	0.0000	0.0000	0.0000	0.0000	0.0000	0.0000	0.9956	0.0000	0.9956	0.0000	0.0000	0.0000	0.9956	0.0000	0.9956	0.0000	0.0000	0.0000	0.0000	0.0000	0.0000	0.0000	0.0000	0.0000	0.0287	0.0163	0.0124	0.0059	0.0053	0.0006	0.0228	0.0109	0.0118	0.0000	0.0000	0.0000	0.0000	0.0000	0.0000	0.0000	0.0000	0.0000	34.6818	0.0000	80.1040	0.0000	0.0000	0.0000	43.7125	0.0000	84.1018						
13	39	0.1212	12	0	1	1	1	0	0	0	0	N	N	N	N	N	N	N	N	N	N	N	N	0.0000	0.0000	0.0000	0.0000	0.0000	0.0000	0.0000	0.0000	0.0000	0.0000	0.0000	0.0000	0.0000	0.0002	0.0003	0.0000	0.0005	0.0006	0.0000	0.0000	0.0000	0.0000	0.0000	0.0000	-0.0000	0.0000	1.1272	3.8697	11.0864	0.0000	0.0000	0.0000	0.0000	0.0000	0.0000	0.0000	0.0000	0.0000	0.0000	0.0000	0.0000	0.0000	0.0000	0.0000	0.0000	0.0000	0.0000	0.0000	0.0000	0.0000	0.0000	0.0000	0.0000	0.0000	0.0000	0.0000	0.0624	0.0387	0.0237	0.0202	0.0180	0.0022	0.0421	0.0206	0.0215	0.0000	0.0000	0.0000	0.0000	0.0000	0.0000	0.0000	0.0000	0.0000	0.0002	0.0003	0.0000	0.0005	0.0006	0.0000	0.0000	0.0000	0.0000						
13	40	0.1212	11	0	0	1	1	0	0	0	0	N	N	N	N	N	N	N	N	N	N	N	N	0.0000	0.0000	0.0000	0.0000	0.0000	0.0000	0.0000	0.0000	0.0000	0.0000	0.0000	0.0000	0.0000	0.0000	0.0000	0.0000	0.0019	0.0013	0.0035	0.0022	0.0023	0.0000	0.0017	0.0000	0.0036	1.0000	0.0000	-0.0000	0.0000	0.4765	3.8697	0.2778	0.0000	0.0000	0.0000	0.0000	0.0000	0.0000	0.0000	0.0000	0.0000	0.0000	0.0000	0.0000	0.0000	0.0000	0.0000	0.0000	0.0000	0.0000	0.0000	0.0000	0.0000	0.0000	0.0000	0.0000	0.0000	0.0000	0.0000	0.0103	0.0074	0.0029	0.0045	0.0043	0.0001	0.0058	0.0031	0.0027	0.0000	0.0000	0.0000	0.0000	0.0000	0.0000	0.0000	0.0000	0.0000	0.0019	0.0013	0.0035	0.0022	0.0023	0.0000	0.0017	0.0000	0.0036			
13	41	0.1233	11	0	1	1	2	0	0	0	0	N	N	N	Y	N	N	N	N	N	N	N	N	0.0000	0.0000	0.0000	0.0000	0.0000	0.0000	0.0000	0.0000	0.0000	0.0000	0.0000	0.0000	0.0000	13.1481	0.0000	69.6974	0.0000	0.0000	0.0000	18.7120	0.0000	72.7413	inf	0.0000	0.8542	0.0000	10.0333	3.8697	21.8674	0.0000	0.0000	0.0000	0.0000	0.0000	0.0000	0.0000	0.0000	0.0000	1.8690	0.0000	1.8690	0.0000	0.0000	0.0000	1.8690	0.0000	1.8690	0.0000	0.0000	0.0000	0.0000	0.0000	0.0000	0.0000	0.0000	0.0000	0.1422	0.0870	0.0551	0.0423	0.0374	0.0049	0.0999	0.0497	0.0502	0.0000	0.0000	0.0000	0.0000	0.0000	0.0000	0.0000	0.0000	0.0000	13.1481	0.0000	33.9152	0.0000	0.0000	0.0000	18.7120	0.0000	37.2254						
13	42	0.1050	8	1	0	2	1	0	0	0	0	N	N	Y	N	N	N	N	N	N	N	N	N	0.0000	0.0000	0.0000	0.0000	0.0000	0.0000	0.0000	0.0000	0.0000	0.0000	0.0000	0.0000	0.0000	0.2433	0.4194	0.0000	1.0619	1.1581	0.0000	0.0000	0.0000	0.0000	0.0000	0.0000	-0.0024	0.0000	0.9968	3.8697	1.9513	0.0000	0.0000	0.0000	0.0000	0.0000	0.0000	0.0000	0.0000	0.0000	0.0044	0.0044	0.0000	0.0044	0.0044	0.0000	0.0000	0.0000	0.0000	0.0000	0.0000	0.0000	0.0000	0.0000	0.0000	0.0000	0.0000	0.0000	0.0182	0.0106	0.0077	0.0042	0.0038	0.0003	0.0141	0.0068	0.0073	0.0000	0.0000	0.0000	0.0000	0.0000	0.0000	0.0000	0.0000	0.0000	0.2433	0.4194	0.0000	1.0619	1.1581	0.0000	0.0000	0.0000	0.0000						
13	43	0.0918	7	1	0	2	1	0	0	0	0	N	N	Y	N	N	N	N	N	N	N	N	N	0.0000	0.0000	0.0000	0.0000	0.0000	0.0000	0.0000	0.0000	0.0000	0.0000	0.0000	0.0000	0.0000	0.1229	0.0000	0.2786	0.0000	0.0000	0.0000	0.1524	0.0000	0.2927	inf	0.0000	0.0020	0.0000	5.0018	3.8697	1.7716	0.0000	0.0000	0.0000	0.0000	0.0000	0.0000	0.0000	0.0000	0.0000	0.0044	0.0000	0.0044	0.0000	0.0000	0.0000	0.0044	0.0000	0.0044	0.0000	0.0000	0.0000	0.0000	0.0000	0.0000	0.0000	0.0000	0.0000	0.0361	0.0202	0.0159	0.0070	0.0062	0.0008	0.0291	0.0140	0.0152	0.0000	0.0000	0.0000	0.0000	0.0000	0.0000	0.0000	0.0000	0.0000	0.1229	0.0000	0.2786	0.0000	0.0000	0.0000	0.1524	0.0000	0.2927						
13	44	0.0950	8	1	0	2	1	0	0	0	0	N	N	Y	N	N	N	N	N	N	N	N	N	0.0000	0.0000	0.0000	0.0000	0.0000	0.0000	0.0000	0.0000	0.0000	0.0000	0.0000	0.0000	0.0000	0.0000	0.0000	0.0000	0.0000	0.0000	0.0000	0.0000	0.0000	4.9860	3.8697	2.3663	0.0000	0.0000	0.0000	0.0000	0.0000	0.0000	0.0000	0.0000	0.0000	0.0000	0.0000	0.0000	0.0000	0.0000	0.0000	0.0000	0.0000	0.0000	0.0000	0.0000	0.0000	0.0000	0.0000	0.0000	0.0000	0.0000	0.0000	0.0448	0.0265	0.0183	0.0108	0.0098	0.0010	0.0340	0.0166	0.0174	0.0000	0.0000	0.0000	0.0000	0.0000	0.0000	0.0000	0.0000	0.0000	0.0000	0.0000	0.0000	0.0000	0.0000	0.0000	0.0000	0.0000	0.0000											
13	45	0.0918	7	1	0	1	1	0	0	0	0	N	N	N	N	N	N	N	N	N	N	N	N	0.0000	0.0000	0.0000	0.0000	0.0000	0.0000	0.0000	0.0000	0.0000	0.0000	0.0000	0.0000	0.0000	0.0000	0.0000	0.0048	0.0025	0.0076	0.0000	0.0000	0.0000	0.0063	0.0042	0.0080	2.5000	0.0000	0.0000	0.0000	0.0225	3.8697	1.9333	0.0000	0.0000	0.0000	0.0000	0.0000	0.0000	0.0000	0.0000	0.0000	0.0001	0.0000	0.0000	0.0000	0.0000	0.0000	0.0001	0.0000	0.0000	0.0000	0.0000	0.0000	0.0000	0.0000	0.0000	0.0000	0.0000	0.0000	0.0127	0.0070	0.0057	0.0031	0.0029	0.0002	0.0096	0.0041	0.0055	0.0000	0.0000	0.0000	0.0000	0.0000	0.0000	0.0000	0.0000	0.0000	0.0048	0.0025	0.0076	0.0000	0.0000	0.0000	0.0063	0.0042	0.0080				
13	46	0.0888	6	1	0	1	1	0	0	0	0	N	N	N	N	N	N	N	N	N	N	N	N	0.0000	0.0000	0.0000	0.0000	0.0000	0.0000	0.0000	0.0000	0.0000	0.0000	0.0000	0.0000	0.0000	0.0012	0.0022	0.0000	0.0070	0.0080	0.0000	0.0000	0.0000	0.0000	0.0000	0.0000	-0.0000	0.0000	1.0095	3.8697	0.3555	0.0000	0.0000	0.0000	0.0000	0.0000	0.0000	0.0000	0.0000	0.0000	0.0000	0.0000	0.0000	0.0000	0.0000	0.0000	0.0000	0.0000	0.0000	0.0000	0.0000	0.0000	0.0000	0.0000	0.0000	0.0000	0.0000	0.0000	0.0071	0.0040	0.0031	0.0012	0.0011	0.0002	0.0058	0.0029	0.0029	0.0000	0.0000	0.0000	0.0000	0.0000	0.0000	0.0000	0.0000	0.0000	0.0012	0.0022	0.0000	0.0070	0.0080	0.0000	0.0000	0.0000	0.0000						
13	47	0.1394	13	0	0	2	1	0	0	0	0	N	N	Y	N	N	N	N	N	N	N	N	N	0.0000	0.0000	0.0000	0.0000	0.0000	0.0000	0.0000	0.0000	0.0000	0.0000	0.0000	0.0000	0.0000	0.0005	0.0007	0.0000	0.0013	0.0015	0.0000	0.0000	0.0000	0.0000	0.0000	0.0000	-0.0000	0.0000	3.0460	3.8697	11.9126	0.0000	0.0000	0.0000	0.0000	0.0000	0.0000	0.0000	0.0000	0.0000	0.0000	0.0000	0.0000	0.0000	0.0000	0.0000	0.0000	0.0000	0.0000	0.0000	0.0000	0.0000	0.0000	0.0000	0.0000	0.0000	0.0000	0.0000	0.0825	0.0523	0.0302	0.0283	0.0255	0.0029	0.0542	0.0268	0.0274	0.0000	0.0000	0.0000	0.0000	0.0000	0.0000	0.0000	0.0000	0.0000	0.0005	0.0007	0.0000	0.0013	0.0015	0.0000	0.0000	0.0000	0.0000						
13	48	0.1261	12	0	0	1	1	0	0	0	0	N	N	N	N	N	N	N	N	N	N	N	N	0.0000	0.0000	0.0000	0.0000	0.0000	0.0000	0.0000	0.0000	0.0000	0.0000	0.0000	0.0000	0.0000	0.0000	0.0000	0.0000	0.0000	0.0088	0.0126	0.0018	0.0228	0.0247	0.0000	0.0012	0.0006	0.0019	0.0760	0.0000	-0.0002	0.0000	1.1082	3.8697	5.8288	0.0000	0.0000	0.0000	0.0000	0.0000	0.0000	0.0000	0.0000	0.0000	0.0004	0.0004	0.0000	0.0004	0.0004	0.0000	0.0000	0.0000	0.0000	0.0000	0.0000	0.0000	0.0000	0.0000	0.0000	0.0000	0.0000	0.0000	0.0462	0.0299	0.0163	0.0161	0.0149	0.0012	0.0301	0.0150	0.0151	0.0000	0.0000	0.0000	0.0000	0.0000	0.0000	0.0000	0.0000	0.0000	0.0088	0.0126	0.0018	0.0228	0.0247	0.0000	0.0012	0.0006	0.0019		
13	49	0.1573	14	0	1	1	1	0	0	0	0	N	N	N	N	N	N	N	N	N	N	N	N	0.0000	0.0000	0.0000	0.0000	0.0000	0.0000	0.0000	0.0000	0.0000	0.0000	0.0000	0.0000	0.0000	0.0000	0.0000	0.0000	0.0000	0.0000	0.0000	0.0000	0.0000	0.0000	3.8697	2.0001	0.0000	0.0000	0.0000	0.0000	0.0000	0.0000	0.0000	0.0000	0.0000	0.0000	0.0000	0.0000	0.0000	0.0000	0.0000	0.0000	0.0000	0.0000	0.0000	0.0000	0.0000	0.0000	0.0000	0.0000	0.0000	0.0000	0.0000	0.0099	0.0056	0.0043	0.0020	0.0018	0.0002	0.0079	0.0038	0.0041	0.0000	0.0000	0.0000	0.0000	0.0000	0.0000	0.0000	0.0000	0.0000	0.0000	0.0000	0.0000	0.0000	0.0000	0.0000	0.0000	0.0000	0.0000											
13	50	0.1243	11	1	1	2	1	0	0	0	0	N	N	Y	N	N	N	N	N	N	N	N	N	0.0000	0.0000	0.0000	0.0000	0.0000	0.0000	0.0000	0.0000	0.0000	0.0000	0.0000	0.0000	0.0000	0.0000	0.0000	0.0000	0.0000	0.0000	0.0000	0.0000	0.0000	0.0000	3.8697	1.7047	0.0000	0.0000	0.0000	0.0000	0.0000	0.0000	0.0000	0.0000	0.0000	0.0000	0.0000	0.0000	0.0000	0.0000	0.0000	0.0000	0.0000	0.0000	0.0000	0.0000	0.0000	0.0000	0.0000	0.0000	0.0000	0.0000	0.0000	0.0180	0.0140	0.0041	0.0064	0.0062	0.0002	0.0117	0.0077	0.0039	0.0000	0.0000	0.0000	0.0000	0.0000	0.0000	0.0000	0.0000	0.0000	0.0000	0.0000	0.0000	0.0000	0.0000	0.0000	0.0000	0.0000	0.0000											
13	51	0.1243	11	1	1	2	1	0	0	0	0	N	N	Y	N	N	N	N	N	N	N	N	N	0.0000	0.0000	0.0000	0.0000	0.0000	0.0000	0.0000	0.0000	0.0000	0.0000	0.0000	0.0000	0.0000	0.0000	0.0000	0.0000	0.0000	0.0000	0.0000	0.0000	0.0000	0.0000	3.8697	0.2953	0.0000	0.0000	0.0000	0.0000	0.0000	0.0000	0.0000	0.0000	0.0000	0.0000	0.0000	0.0000	0.0000	0.0000	0.0000	0.0000	0.0000	0.0000	0.0000	0.0000	0.0000	0.0000	0.0000	0.0000	0.0000	0.0000	0.0000	0.0116	0.0104	0.0012	0.0053	0.0053	0.0000	0.0062	0.0051	0.0012	0.0000	0.0000	0.0000	0.0000	0.0000	0.0000	0.0000	0.0000	0.0000	0.0000	0.0000	0.0000	0.0000	0.0000	0.0000	0.0000	0.0000	0.0000											
13	52	0.1215	10	1	1	2	1	0	0	0	0	N	N	Y	N	N	N	N	N	N	N	N	N	0.0000	0.0000	0.0000	0.0000	0.0000	0.0000	0.0000	0.0000	0.0000	0.0000	0.0000	0.0000	0.0000	0.0058	0.0093	0.0000	0.0000	0.0000	0.0000	0.0081	0.0163	0.0000	0.0000	0.0000	-0.0000	0.0000	0.0001	3.8697	1.7968	0.0000	0.0000	0.0000	0.0000	0.0000	0.0000	0.0000	0.0000	0.0000	0.0001	0.0001	0.0000	0.0000	0.0000	0.0000	0.0001	0.0001	0.0000	0.0000	0.0000	0.0000	0.0000	0.0000	0.0000	0.0000	0.0000	0.0000	0.0120	0.0075	0.0045	0.0034	0.0032	0.0002	0.0086	0.0043	0.0043	0.0000	0.0000	0.0000	0.0000	0.0000	0.0000	0.0000	0.0000	0.0000	0.0058	0.0093	0.0000	0.0000	0.0000	0.0000	0.0081	0.0163	0.0000						
13	53	0.1032	4	1	1	1	1	0	0	0	0	N	N	N	N	N	N	N	N	N	N	N	N	0.0000	0.0000	0.0000	0.0000	0.0000	0.0000	0.0000	0.0000	0.0000	0.0000	0.0000	0.0000	0.0000	0.0010	0.0000	0.0025	0.0000	0.0000	0.0000	0.0014	0.0000	0.0026	inf	0.0000	0.0000	0.0000	1.8240	3.8697	0.8872	0.0000	0.0000	0.0000	0.0000	0.0000	0.0000	0.0000	0.0000	0.0000	0.0000	0.0000	0.0000	0.0000	0.0000	0.0000	0.0000	0.0000	0.0000	0.0000	0.0000	0.0000	0.0000	0.0000	0.0000	0.0000	0.0000	0.0000	0.0175	0.0105	0.0070	0.0048	0.0045	0.0003	0.0128	0.0060	0.0067	0.0000	0.0000	0.0000	0.0000	0.0000	0.0000	0.0000	0.0000	0.0000	0.0010	0.0000	0.0025	0.0000	0.0000	0.0000	0.0014	0.0000	0.0026						
13	54	0.1872	16	0	1	1	2	0	0	0	0	N	N	N	Y	N	N	N	N	N	N	N	N	0.0000	0.0000	0.0000	0.0000	0.0000	0.0000	0.0000	0.0000	0.0000	0.0000	0.0000	0.0000	0.0000	0.0004	0.0000	0.0010	0.0000	0.0000	0.0000	0.0006	0.0000	0.0011	inf	0.0000	0.0000	0.0000	0.0007	3.8697	4.7762	0.0000	0.0000	0.0000	0.0000	0.0000	0.0000	0.0000	0.0000	0.0000	0.0000	0.0000	0.0000	0.0000	0.0000	0.0000	0.0000	0.0000	0.0000	0.0000	0.0000	0.0000	0.0000	0.0000	0.0000	0.0000	0.0000	0.0000	0.0261	0.0163	0.0098	0.0082	0.0074	0.0008	0.0179	0.0089	0.0089	0.0000	0.0000	0.0000	0.0000	0.0000	0.0000	0.0000	0.0000	0.0000	0.0004	0.0000	0.0010	0.0000	0.0000	0.0000	0.0006	0.0000	0.0011						
13	55	0.1872	16	0	0	1	2	0	0	0	0	N	N	N	Y	N	N	N	N	N	N	N	N	0.0000	0.0000	0.0000	0.0000	0.0000	0.0000	0.0000	0.0000	0.0000	0.0000	0.0000	0.0000	0.0000	0.0005	0.0000	0.0015	0.0000	0.0000	0.0000	0.0008	0.0000	0.0016	inf	0.0000	0.0000	0.0000	0.0007	3.8697	3.2259	0.0000	0.0000	0.0000	0.0000	0.0000	0.0000	0.0000	0.0000	0.0000	0.0000	0.0000	0.0000	0.0000	0.0000	0.0000	0.0000	0.0000	0.0000	0.0000	0.0000	0.0000	0.0000	0.0000	0.0000	0.0000	0.0000	0.0000	0.0190	0.0121	0.0069	0.0062	0.0056	0.0006	0.0128	0.0065	0.0063	0.0000	0.0000	0.0000	0.0000	0.0000	0.0000	0.0000	0.0000	0.0000	0.0005	0.0000	0.0015	0.0000	0.0000	0.0000	0.0008	0.0000	0.0016						
13	56	0.1829	15	0	0	1	2	0	0	0	0	N	N	N	Y	N	N	N	N	N	N	N	N	0.0000	0.0000	0.0000	0.0000	0.0000	0.0000	0.0000	0.0000	0.0000	0.0000	0.0000	0.0000	0.0000	0.0000	0.0000	0.0000	0.0239	0.0010	0.0667	0.0020	0.0022	0.0000	0.0348	0.0000	0.0728	34.0112	0.0000	0.0001	0.0000	0.9953	3.8697	1.3904	0.0000	0.0000	0.0000	0.0000	0.0000	0.0000	0.0000	0.0000	0.0000	0.0003	0.0000	0.0003	0.0000	0.0000	0.0000	0.0003	0.0000	0.0003	0.0000	0.0000	0.0000	0.0000	0.0000	0.0000	0.0000	0.0000	0.0000	0.0146	0.0095	0.0051	0.0049	0.0045	0.0004	0.0098	0.0051	0.0047	0.0000	0.0000	0.0000	0.0000	0.0000	0.0000	0.0000	0.0000	0.0000	0.0239	0.0010	0.0667	0.0020	0.0022	0.0000	0.0348	0.0000	0.0728			
13	57	0.1761	14	0	0	1	2	0	0	0	0	N	N	N	Y	N	N	N	N	N	N	N	N	0.0000	0.0000	0.0000	0.0000	0.0000	0.0000	0.0000	0.0000	0.0000	0.0000	0.0000	0.0000	0.0000	0.0000	0.0000	0.0000	2.1640	0.0290	5.4793	0.0554	0.0614	0.0000	3.1463	0.0000	5.9514	121.8375	0.0000	0.0180	0.0000	0.0068	3.8697	3.2797	0.0000	0.0000	0.0000	0.0000	0.0000	0.0000	0.0000	0.0000	0.0000	0.0401	0.0003	0.0398	0.0003	0.0003	0.0000	0.0398	0.0000	0.0398	0.0000	0.0000	0.0000	0.0000	0.0000	0.0000	0.0000	0.0000	0.0000	0.0185	0.0113	0.0073	0.0059	0.0053	0.0006	0.0126	0.0060	0.0067	0.0000	0.0000	0.0000	0.0000	0.0000	0.0000	0.0000	0.0000	0.0000	2.1640	0.0290	5.4793	0.0554	0.0614	0.0000	3.1463	0.0000	5.9514			
13	58	0.1350	13	0	0	1	2	0	0	0	0	N	N	N	Y	N	N	N	N	N	N	N	N	0.0000	0.0000	0.0000	0.0000	0.0000	0.0000	0.0000	0.0000	0.0000	0.0000	0.0000	0.0000	0.0000	0.0000	0.0000	0.0000	0.0000	9.9159	0.1189	41.3893	0.2500	0.2814	0.0031	13.7575	0.0000	40.3972	138.6599	0.0000	0.4333	0.0000	5.8573	3.8697	13.1443	0.0000	0.0000	0.0000	0.0000	0.0000	0.0000	0.0000	0.0000	0.0000	0.9631	0.0069	0.9562	0.0069	0.0069	0.0000	0.9561	0.0000	0.9561	0.0000	0.0000	0.0000	0.0000	0.0000	0.0000	0.0000	0.0000	0.0000	0.0971	0.0580	0.0391	0.0276	0.0245	0.0031	0.0695	0.0335	0.0360	0.0000	0.0000	0.0000	0.0000	0.0000	0.0000	0.0000	0.0000	0.0000	9.9159	0.1189	24.4259	0.2500	0.2814	0.0031	13.7575	0.0000	26.5369		
13	59	0.1216	11	0	1	2	1	0	0	0	0	N	N	Y	N	N	N	N	N	N	N	N	N	0.0000	0.0000	0.0000	0.0000	0.0000	0.0000	0.0000	0.0000	0.0000	0.0000	0.0000	0.0000	0.0000	0.0000	0.0000	0.0000	0.0000	0.0000	0.0000	0.0000	0.0000	0.9979	3.8697	4.0614	0.0000	0.0000	0.0000	0.0000	0.0000	0.0000	0.0000	0.0000	0.0000	0.0000	0.0000	0.0000	0.0000	0.0000	0.0000	0.0000	0.0000	0.0000	0.0000	0.0000	0.0000	0.0000	0.0000	0.0000	0.0000	0.0000	0.0000	0.0287	0.0179	0.0107	0.0080	0.0073	0.0008	0.0206	0.0107	0.0099	0.0000	0.0000	0.0000	0.0000	0.0000	0.0000	0.0000	0.0000	0.0000	0.0000	0.0000	0.0000	0.0000	0.0000	0.0000	0.0000	0.0000	0.0000											
13	60	0.1132	10	0	1	1	1	0	0	0	0	N	N	N	N	N	N	N	N	N	N	N	N	0.0000	0.0000	0.0000	0.0000	0.0000	0.0000	0.0000	0.0000	0.0000	0.0000	0.0000	0.0000	0.0000	0.0000	0.0000	0.0000	0.0000	0.0000	0.0000	0.0000	0.0000	2.2356	3.8697	2.2044	0.0000	0.0000	0.0000	0.0000	0.0000	0.0000	0.0000	0.0000	0.0000	0.0000	0.0000	0.0000	0.0000	0.0000	0.0000	0.0000	0.0000	0.0000	0.0000	0.0000	0.0000	0.0000	0.0000	0.0000	0.0000	0.0000	0.0000	0.0248	0.0154	0.0094	0.0063	0.0058	0.0005	0.0186	0.0096	0.0089	0.0000	0.0000	0.0000	0.0000	0.0000	0.0000	0.0000	0.0000	0.0000	0.0000	0.0000	0.0000	0.0000	0.0000	0.0000	0.0000	0.0000	0.0000											
13	61	0.0926	8	1	0	2	1	0	0	0	0	N	N	Y	N	N	N	N	N	N	N	N	N	0.0000	0.0000	0.0000	0.0000	0.0000	0.0000	0.0000	0.0000	0.0000	0.0000	0.0000	0.0000	0.0000	0.0000	0.0000	0.0000	0.0000	0.0000	0.0000	0.0000	0.0000	2.0703	3.8697	7.0012	0.0000	0.0000	0.0000	0.0000	0.0000	0.0000	0.0000	0.0000	0.0000	0.0000	0.0000	0.0000	0.0000	0.0000	0.0000	0.0000	0.0000	0.0000	0.0000	0.0000	0.0000	0.0000	0.0000	0.0000	0.0000	0.0000	0.0000	0.0441	0.0248	0.0193	0.0076	0.0066	0.0010	0.0366	0.0183	0.0183	0.0000	0.0000	0.0000	0.0000	0.0000	0.0000	0.0000	0.0000	0.0000	0.0000	0.0000	0.0000	0.0000	0.0000	0.0000	0.0000	0.0000	0.0000											
13	62	0.0910	7	0	0	1	1	0	0	0	0	N	N	N	N	N	N	N	N	N	N	N	N	0.0000	0.0000	0.0000	0.0000	0.0000	0.0000	0.0000	0.0000	0.0000	0.0000	0.0000	0.0000	0.0000	0.0000	0.0000	0.0000	0.0000	0.0000	0.0000	0.0000	0.0000	0.9285	3.8697	0.0280	0.0000	0.0000	0.0000	0.0000	0.0000	0.0000	0.0000	0.0000	0.0000	0.0000	0.0000	0.0000	0.0000	0.0000	0.0000	0.0000	0.0000	0.0000	0.0000	0.0000	0.0000	0.0000	0.0000	0.0000	0.0000	0.0000	0.0000	0.0049	0.0028	0.0021	0.0009	0.0008	0.0001	0.0040	0.0020	0.0020	0.0000	0.0000	0.0000	0.0000	0.0000	0.0000	0.0000	0.0000	0.0000	0.0000	0.0000	0.0000	0.0000	0.0000	0.0000	0.0000	0.0000	0.0000											
13	63	0.0720	6	1	1	1	1	0	0	0	0	N	N	N	N	N	N	N	N	N	N	N	N	0.0000	0.0000	0.0000	0.0000	0.0000	0.0000	0.0000	0.0000	0.0000	0.0000	0.0000	0.0000	0.0000	0.0028	0.0000	0.0066	0.0000	0.0000	0.0000	0.0035	0.0000	0.0070	inf	0.0000	0.0000	0.0000	1.0023	3.8697	3.0135	0.0000	0.0000	0.0000	0.0000	0.0000	0.0000	0.0000	0.0000	0.0000	0.0001	0.0000	0.0001	0.0000	0.0000	0.0000	0.0001	0.0000	0.0001	0.0000	0.0000	0.0000	0.0000	0.0000	0.0000	0.0000	0.0000	0.0000	0.0221	0.0129	0.0092	0.0047	0.0042	0.0005	0.0174	0.0087	0.0087	0.0000	0.0000	0.0000	0.0000	0.0000	0.0000	0.0000	0.0000	0.0000	0.0028	0.0000	0.0066	0.0000	0.0000	0.0000	0.0035	0.0000	0.0070						
13	64	0.0457	5	1	1	1	1	0	0	0	0	N	N	N	N	N	N	N	N	N	N	N	N	0.0000	0.0000	0.0000	0.0000	0.0000	0.0000	0.0000	0.0000	0.0000	0.0000	0.0000	0.0000	0.0000	0.0000	0.0000	0.0000	0.2847	0.0018	0.6149	0.0050	0.0054	0.0000	0.3529	0.0000	0.6373	290.4389	0.0000	0.0092	0.0000	3.0820	3.8697	9.3392	0.0000	0.0000	0.0000	0.0000	0.0000	0.0000	0.0000	0.0000	0.0000	0.0202	0.0001	0.0202	0.0001	0.0001	0.0000	0.0202	0.0000	0.0202	0.0000	0.0000	0.0000	0.0000	0.0000	0.0000	0.0000	0.0000	0.0000	0.0711	0.0383	0.0328	0.0139	0.0128	0.0012	0.0572	0.0255	0.0317	0.0000	0.0000	0.0000	0.0000	0.0000	0.0000	0.0000	0.0000	0.0000	0.2847	0.0018	0.6149	0.0050	0.0054	0.0000	0.3529	0.0000	0.6373			
13	65	0.1132	10	0	1	1	1	0	0	0	0	N	N	N	N	N	N	N	N	N	N	N	N	0.0000	0.0000	0.0000	0.0000	0.0000	0.0000	0.0000	0.0000	0.0000	0.0000	0.0000	0.0000	0.0000	0.0000	0.0000	0.0000	0.0000	0.0000	0.0000	0.0000	0.0000	1.7946	3.8697	5.9592	0.0000	0.0000	0.0000	0.0000	0.0000	0.0000	0.0000	0.0000	0.0000	0.0000	0.0000	0.0000	0.0000	0.0000	0.0000	0.0000	0.0000	0.0000	0.0000	0.0000	0.0000	0.0000	0.0000	0.0000	0.0000	0.0000	0.0000	0.0396	0.0239	0.0157	0.0092	0.0084	0.0008	0.0304	0.0155	0.0150	0.0000	0.0000	0.0000	0.0000	0.0000	0.0000	0.0000	0.0000	0.0000	0.0000	0.0000	0.0000	0.0000	0.0000	0.0000	0.0000	0.0000	0.0000											
13	66	0.1064	9	0	1	1	1	0	0	0	0	N	N	N	N	N	N	N	N	N	N	N	N	0.0000	0.0000	0.0000	0.0000	0.0000	0.0000	0.0000	0.0000	0.0000	0.0000	0.0000	0.0000	0.0000	0.0000	0.0000	0.0000	0.0000	0.0000	0.0000	0.0000	0.0000	1.3569	3.8697	2.0560	0.0000	0.0000	0.0000	0.0000	0.0000	0.0000	0.0000	0.0000	0.0000	0.0000	0.0000	0.0000	0.0000	0.0000	0.0000	0.0000	0.0000	0.0000	0.0000	0.0000	0.0000	0.0000	0.0000	0.0000	0.0000	0.0000	0.0000	0.0177	0.0102	0.0075	0.0039	0.0035	0.0003	0.0138	0.0067	0.0072	0.0000	0.0000	0.0000	0.0000	0.0000	0.0000	0.0000	0.0000	0.0000	0.0000	0.0000	0.0000	0.0000	0.0000	0.0000	0.0000	0.0000	0.0000											
13	67	0.0930	8	0	1	1	1	0	0	0	0	N	N	N	N	N	N	N	N	N	N	N	N	0.0000	0.0000	0.0000	0.0000	0.0000	0.0000	0.0000	0.0000	0.0000	0.0000	0.0000	0.0000	0.0000	0.0006	0.0010	0.0000	0.0027	0.0030	0.0000	0.0000	0.0000	0.0000	0.0000	0.0000	-0.0000	0.0000	4.9477	3.8697	2.0153	0.0000	0.0000	0.0000	0.0000	0.0000	0.0000	0.0000	0.0000	0.0000	0.0000	0.0000	0.0000	0.0000	0.0000	0.0000	0.0000	0.0000	0.0000	0.0000	0.0000	0.0000	0.0000	0.0000	0.0000	0.0000	0.0000	0.0000	0.0348	0.0201	0.0148	0.0074	0.0067	0.0007	0.0274	0.0134	0.0140	0.0000	0.0000	0.0000	0.0000	0.0000	0.0000	0.0000	0.0000	0.0000	0.0006	0.0010	0.0000	0.0027	0.0030	0.0000	0.0000	0.0000	0.0000						
13	68	0.1573	14	0	0	2	1	0	0	0	0	N	N	Y	N	N	N	N	N	N	N	N	N	0.0000	0.0000	0.0000	0.0000	0.0000	0.0000	0.0000	0.0000	0.0000	0.0000	0.0000	0.0000	0.0000	0.0000	0.0000	0.0000	0.0000	0.0000	0.0000	0.0000	0.0000	0.0000	3.8697	4.0001	0.0000	0.0000	0.0000	0.0000	0.0000	0.0000	0.0000	0.0000	0.0000	0.0000	0.0000	0.0000	0.0000	0.0000	0.0000	0.0000	0.0000	0.0000	0.0000	0.0000	0.0000	0.0000	0.0000	0.0000	0.0000	0.0000	0.0000	0.0196	0.0111	0.0085	0.0040	0.0036	0.0004	0.0156	0.0075	0.0081	0.0000	0.0000	0.0000	0.0000	0.0000	0.0000	0.0000	0.0000	0.0000	0.0000	0.0000	0.0000	0.0000	0.0000	0.0000	0.0000	0.0000	0.0000											
13	69	0.1350	13	0	0	1	1	0	0	0	0	N	N	N	N	N	N	N	N	N	N	N	N	0.0000	0.0000	0.0000	0.0000	0.0000	0.0000	0.0000	0.0000	0.0000	0.0000	0.0000	0.0000	0.0000	0.0000	0.0000	0.0000	0.0000	14.7562	0.1041	79.2426	0.2080	0.2293	0.0313	21.2038	0.0000	80.5601	233.8775	0.0000	0.4517	0.0000	2.8240	3.8697	8.9883	0.0000	0.0000	0.0000	0.0000	0.0000	0.0000	0.0000	0.0000	0.0000	0.9976	0.0042	0.9934	0.0043	0.0042	0.0001	0.9933	0.0000	0.9933	0.0000	0.0000	0.0000	0.0000	0.0000	0.0000	0.0000	0.0000	0.0000	0.0676	0.0408	0.0268	0.0208	0.0185	0.0022	0.0468	0.0223	0.0246	0.0000	0.0000	0.0000	0.0000	0.0000	0.0000	0.0000	0.0000	0.0000	14.7562	0.1041	37.0674	0.2080	0.2293	0.0313	21.2038	0.0000	40.4367		
13	70	0.1261	12	0	0	1	1	0	0	0	0	N	N	N	N	N	N	N	N	N	N	N	N	0.0000	0.0000	0.0000	0.0000	0.0000	0.0000	0.0000	0.0000	0.0000	0.0000	0.0000	0.0000	0.0000	0.0000	0.0000	0.0000	0.0000	0.2979	0.0182	0.8369	0.0263	0.0282	0.0000	0.4554	0.0074	0.9002	23.8407	0.0000	0.0047	0.0000	1.4521	3.8697	3.5882	0.0000	0.0000	0.0000	0.0000	0.0000	0.0000	0.0000	0.0000	0.0000	0.0113	0.0005	0.0109	0.0004	0.0004	0.0000	0.0110	0.0001	0.0109	0.0000	0.0000	0.0000	0.0000	0.0000	0.0000	0.0000	0.0000	0.0000	0.0380	0.0250	0.0130	0.0140	0.0130	0.0009	0.0241	0.0120	0.0121	0.0000	0.0000	0.0000	0.0000	0.0000	0.0000	0.0000	0.0000	0.0000	0.2979	0.0182	0.8369	0.0263	0.0282	0.0000	0.4554	0.0074	0.9002		
13	71	0.1233	11	0	0	1	1	0	0	0	0	N	N	N	N	N	N	N	N	N	N	N	N	0.0000	0.0000	0.0000	0.0000	0.0000	0.0000	0.0000	0.0000	0.0000	0.0000	0.0000	0.0000	0.0000	0.0000	0.0000	0.0000	0.0474	0.0448	0.0527	0.0753	0.0789	0.0000	0.0282	0.0000	0.0559	0.5491	0.0000	-0.0002	0.0000	1.1783	3.8697	0.9542	0.0000	0.0000	0.0000	0.0000	0.0000	0.0000	0.0000	0.0000	0.0000	0.0010	0.0007	0.0004	0.0007	0.0007	0.0000	0.0004	0.0000	0.0004	0.0000	0.0000	0.0000	0.0000	0.0000	0.0000	0.0000	0.0000	0.0000	0.0220	0.0150	0.0070	0.0089	0.0085	0.0004	0.0130	0.0065	0.0066	0.0000	0.0000	0.0000	0.0000	0.0000	0.0000	0.0000	0.0000	0.0000	0.0474	0.0448	0.0527	0.0753	0.0789	0.0000	0.0282	0.0000	0.0559			
13	72	0.1187	10	0	0	1	1	0	0	0	0	N	N	N	N	N	N	N	N	N	N	N	N	0.0000	0.0000	0.0000	0.0000	0.0000	0.0000	0.0000	0.0000	0.0000	0.0000	0.0000	0.0000	0.0000	0.0249	0.0000	0.0719	0.0000	0.0000	0.0000	0.0392	0.0000	0.0771	inf	0.0000	0.0003	0.0000	2.0762	3.8697	1.4610	0.0000	0.0000	0.0000	0.0000	0.0000	0.0000	0.0000	0.0000	0.0000	0.0007	0.0000	0.0007	0.0000	0.0000	0.0000	0.0007	0.0000	0.0007	0.0000	0.0000	0.0000	0.0000	0.0000	0.0000	0.0000	0.0000	0.0000	0.0269	0.0176	0.0093	0.0098	0.0092	0.0006	0.0171	0.0084	0.0087	0.0000	0.0000	0.0000	0.0000	0.0000	0.0000	0.0000	0.0000	0.0000	0.0249	0.0000	0.0719	0.0000	0.0000	0.0000	0.0392	0.0000	0.0771						
13	73	0.0545	6	0	0	1	1	0	0	0	0	N	N	N	N	N	N	N	N	N	N	N	N	0.0000	0.0000	0.0000	0.0000	0.0000	0.0000	0.0000	0.0000	0.0000	0.0000	0.0000	0.0000	0.0000	4.8238	9.1739	0.0000	17.8013	18.7604	0.0000	0.0000	0.0000	0.0000	0.0000	0.0000	-0.3968	0.0000	4.0673	3.8697	17.8409	0.0000	0.0000	0.0000	0.0000	0.0000	0.0000	0.0000	0.0000	0.0000	0.7308	0.7308	0.0000	0.7308	0.7308	0.0000	0.0000	0.0000	0.0000	0.0000	0.0000	0.0000	0.0000	0.0000	0.0000	0.0000	0.0000	0.0000	0.1515	0.0797	0.0718	0.0412	0.0390	0.0022	0.1103	0.0407	0.0696	0.0000	0.0000	0.0000	0.0000	0.0000	0.0000	0.0000	0.0000	0.0000	4.8238	9.1739	0.0000	17.7535	18.7604	0.0000	0.0000	0.0000	0.0000						
13	75	0.1912	10	0	0	1	1	0	0	0	0	N	N	N	N	N	N	N	N	N	N	N	N	0.0000	0.0000	0.0000	0.0000	0.0000	0.0000	0.0000	0.0000	0.0000	0.0000	0.0000	0.0000	0.0000	0.0000	0.0000	0.0000	0.0000	2.3626	0.0133	6.7264	0.0335	0.0225	0.1156	4.1547	0.0000	7.8569	272.2570	0.0000	0.3717	0.0000	3.5843	3.8697	46.7516	0.0000	0.0000	0.0000	0.0000	0.0000	0.0000	0.0000	0.0000	0.0000	0.8198	0.0030	0.8168	0.0051	0.0030	0.0021	0.8147	0.0000	0.8147	0.0000	0.0000	0.0000	0.0000	0.0000	0.0000	0.0000	0.0000	0.0000	0.3470	0.2256	0.1214	0.1509	0.1332	0.0177	0.1961	0.0924	0.1037	0.0000	0.0000	0.0000	0.0000	0.0000	0.0000	0.0000	0.0000	0.0000	2.3626	0.0133	6.7264	0.0335	0.0225	0.1156	4.1547	0.0000	7.8569		
13	76	0.1198	10	1	1	2	1	0	0	0	0	N	N	Y	N	N	N	N	N	N	N	N	N	0.0000	0.0000	0.0000	0.0000	0.0000	0.0000	0.0000	0.0000	0.0000	0.0000	0.0000	0.0000	0.0000	0.0000	0.0000	0.0000	0.0000	0.0000	0.0000	0.0000	0.0000	1.0003	3.8697	1.0071	0.0000	0.0000	0.0000	0.0000	0.0000	0.0000	0.0000	0.0000	0.0000	0.0000	0.0000	0.0000	0.0000	0.0000	0.0000	0.0000	0.0000	0.0000	0.0000	0.0000	0.0000	0.0000	0.0000	0.0000	0.0000	0.0000	0.0000	0.0098	0.0057	0.0041	0.0027	0.0023	0.0003	0.0072	0.0034	0.0038	0.0000	0.0000	0.0000	0.0000	0.0000	0.0000	0.0000	0.0000	0.0000	0.0000	0.0000	0.0000	0.0000	0.0000	0.0000	0.0000	0.0000	0.0000											
13	77	0.1131	9	1	0	2	1	0	0	0	0	N	N	Y	N	N	N	N	N	N	N	N	N	0.0000	0.0000	0.0000	0.0000	0.0000	0.0000	0.0000	0.0000	0.0000	0.0000	0.0000	0.0000	0.0000	0.0000	0.0000	0.0000	0.0000	0.0000	0.0000	0.0000	0.0000	0.9901	3.8697	2.2068	0.0000	0.0000	0.0000	0.0000	0.0000	0.0000	0.0000	0.0000	0.0000	0.0000	0.0000	0.0000	0.0000	0.0000	0.0000	0.0000	0.0000	0.0000	0.0000	0.0000	0.0000	0.0000	0.0000	0.0000	0.0000	0.0000	0.0000	0.0449	0.0326	0.0123	0.0181	0.0176	0.0005	0.0267	0.0149	0.0118	0.0000	0.0000	0.0000	0.0000	0.0000	0.0000	0.0000	0.0000	0.0000	0.0000	0.0000	0.0000	0.0000	0.0000	0.0000	0.0000	0.0000	0.0000											
13	78	0.0720	7	0	1	1	1	0	0	0	0	N	N	N	N	N	N	N	N	N	N	N	N	0.0000	0.0000	0.0000	0.0000	0.0000	0.0000	0.0000	0.0000	0.0000	0.0000	0.0000	0.0000	0.0000	4.0648	7.3196	0.0000	12.1521	13.7369	0.0000	0.0000	0.0000	0.0000	0.0000	0.0000	-0.4010	0.0000	8.4371	3.8697	15.3349	0.0000	0.0000	0.0000	0.0000	0.0000	0.0000	0.0000	0.0000	0.0000	0.7385	0.7385	0.0000	0.7385	0.7385	0.0000	0.0000	0.0000	0.0000	0.0000	0.0000	0.0000	0.0000	0.0000	0.0000	0.0000	0.0000	0.0000	0.1817	0.1009	0.0808	0.0608	0.0538	0.0070	0.1209	0.0471	0.0738	0.0000	0.0000	0.0000	0.0000	0.0000	0.0000	0.0000	0.0000	0.0000	4.0648	7.3196	0.0000	12.1521	13.7369	0.0000	0.0000	0.0000	0.0000						
13	79	0.1131	9	1	0	2	1	0	0	0	0	N	N	Y	N	N	N	N	N	N	N	N	N	0.0000	0.0000	0.0000	0.0000	0.0000	0.0000	0.0000	0.0000	0.0000	0.0000	0.0000	0.0000	0.0000	0.0000	0.0000	0.0000	0.0000	0.0000	0.0000	0.0000	0.0000	3.0096	3.8697	5.7427	0.0000	0.0000	0.0000	0.0000	0.0000	0.0000	0.0000	0.0000	0.0000	0.0000	0.0000	0.0000	0.0000	0.0000	0.0000	0.0000	0.0000	0.0000	0.0000	0.0000	0.0000	0.0000	0.0000	0.0000	0.0000	0.0000	0.0000	0.0693	0.0461	0.0232	0.0231	0.0218	0.0013	0.0462	0.0243	0.0219	0.0000	0.0000	0.0000	0.0000	0.0000	0.0000	0.0000	0.0000	0.0000	0.0000	0.0000	0.0000	0.0000	0.0000	0.0000	0.0000	0.0000	0.0000											
13	80	0.0975	8	1	0	2	1	0	0	0	0	N	N	Y	N	N	N	N	N	N	N	N	N	0.0000	0.0000	0.0000	0.0000	0.0000	0.0000	0.0000	0.0000	0.0000	0.0000	0.0000	0.0000	0.0000	0.0002	0.0004	0.0000	0.0010	0.0011	0.0000	0.0000	0.0000	0.0000	0.0000	0.0000	-0.0000	0.0000	1.0477	3.8697	6.1154	0.0000	0.0000	0.0000	0.0000	0.0000	0.0000	0.0000	0.0000	0.0000	0.0000	0.0000	0.0000	0.0000	0.0000	0.0000	0.0000	0.0000	0.0000	0.0000	0.0000	0.0000	0.0000	0.0000	0.0000	0.0000	0.0000	0.0000	0.0392	0.0229	0.0163	0.0089	0.0080	0.0009	0.0303	0.0149	0.0154	0.0000	0.0000	0.0000	0.0000	0.0000	0.0000	0.0000	0.0000	0.0000	0.0002	0.0004	0.0000	0.0010	0.0011	0.0000	0.0000	0.0000	0.0000						
13	81	0.0910	7	0	0	1	1	0	0	0	0	N	N	N	N	N	N	N	N	N	N	N	N	0.0000	0.0000	0.0000	0.0000	0.0000	0.0000	0.0000	0.0000	0.0000	0.0000	0.0000	0.0000	0.0000	0.0006	0.0000	0.0013	0.0000	0.0000	0.0000	0.0007	0.0000	0.0014	inf	0.0000	0.0000	0.0000	1.9794	3.8697	1.0196	0.0000	0.0000	0.0000	0.0000	0.0000	0.0000	0.0000	0.0000	0.0000	0.0000	0.0000	0.0000	0.0000	0.0000	0.0000	0.0000	0.0000	0.0000	0.0000	0.0000	0.0000	0.0000	0.0000	0.0000	0.0000	0.0000	0.0000	0.0150	0.0084	0.0066	0.0026	0.0022	0.0003	0.0124	0.0062	0.0062	0.0000	0.0000	0.0000	0.0000	0.0000	0.0000	0.0000	0.0000	0.0000	0.0006	0.0000	0.0013	0.0000	0.0000	0.0000	0.0007	0.0000	0.0014						
13	82	0.0888	6	0	0	1	1	0	0	0	0	N	N	N	N	N	N	N	N	N	N	N	N	0.0000	0.0000	0.0000	0.0000	0.0000	0.0000	0.0000	0.0000	0.0000	0.0000	0.0000	0.0000	0.0000	0.0016	0.0029	0.0000	0.0090	0.0103	0.0000	0.0000	0.0000	0.0000	0.0000	0.0000	-0.0000	0.0000	1.0114	3.8697	0.0202	0.0000	0.0000	0.0000	0.0000	0.0000	0.0000	0.0000	0.0000	0.0000	0.0000	0.0000	0.0000	0.0000	0.0000	0.0000	0.0000	0.0000	0.0000	0.0000	0.0000	0.0000	0.0000	0.0000	0.0000	0.0000	0.0000	0.0000	0.0054	0.0030	0.0024	0.0010	0.0008	0.0001	0.0044	0.0022	0.0022	0.0000	0.0000	0.0000	0.0000	0.0000	0.0000	0.0000	0.0000	0.0000	0.0016	0.0029	0.0000	0.0090	0.0103	0.0000	0.0000	0.0000	0.0000						
13	83	0.0683	5	0	0	1	1	0	0	0	0	N	N	N	N	N	N	N	N	N	N	N	N	0.0000	0.0000	0.0000	0.0000	0.0000	0.0000	0.0000	0.0000	0.0000	0.0000	0.0000	0.0000	0.0000	0.0000	0.0000	0.0000	0.2470	0.4463	0.0003	1.1353	1.2390	0.0000	0.0002	0.0000	0.0003	0.0006	0.0000	-0.0079	0.0000	5.9223	3.8697	3.6882	0.0000	0.0000	0.0000	0.0000	0.0000	0.0000	0.0000	0.0000	0.0000	0.0145	0.0145	0.0000	0.0145	0.0145	0.0000	0.0000	0.0000	0.0000	0.0000	0.0000	0.0000	0.0000	0.0000	0.0000	0.0000	0.0000	0.0000	0.0587	0.0325	0.0262	0.0128	0.0117	0.0011	0.0459	0.0208	0.0252	0.0000	0.0000	0.0000	0.0000	0.0000	0.0000	0.0000	0.0000	0.0000	0.2470	0.4463	0.0003	1.1353	1.2390	0.0000	0.0002	0.0000	0.0003			
13	84	0.0919	9	0	1	1	1	0	0	0	0	N	N	N	N	N	N	N	N	N	N	N	N	0.0000	0.0000	0.0000	0.0000	0.0000	0.0000	0.0000	0.0000	0.0000	0.0000	0.0000	0.0000	0.0000	0.0000	0.0000	0.0000	0.0517	0.0826	0.0109	0.1967	0.2206	0.0000	0.0061	0.0000	0.0116	0.0994	0.0000	-0.0044	0.0000	7.1084	3.8697	28.8937	0.0000	0.0000	0.0000	0.0000	0.0000	0.0000	0.0000	0.0000	0.0000	0.0096	0.0087	0.0009	0.0087	0.0087	0.0000	0.0009	0.0000	0.0009	0.0000	0.0000	0.0000	0.0000	0.0000	0.0000	0.0000	0.0000	0.0000	0.1859	0.1059	0.0800	0.0445	0.0397	0.0048	0.1415	0.0663	0.0752	0.0000	0.0000	0.0000	0.0000	0.0000	0.0000	0.0000	0.0000	0.0000	0.0517	0.0826	0.0109	0.1967	0.2206	0.0000	0.0061	0.0000	0.0116			
13	85	0.0844	8	0	1	1	1	0	0	0	0	N	N	N	N	N	N	N	N	N	N	N	N	0.0000	0.0000	0.0000	0.0000	0.0000	0.0000	0.0000	0.0000	0.0000	0.0000	0.0000	0.0000	0.0000	0.0000	0.0000	0.0000	0.0000	0.0000	0.2278	0.0342	0.5627	0.0552	0.0601	0.0000	0.3246	0.0061	0.6116	9.5044	0.0000	0.0049	0.0000	2.2208	3.8697	3.9129	0.0000	0.0000	0.0000	0.0000	0.0000	0.0000	0.0000	0.0000	0.0000	0.0135	0.0013	0.0122	0.0012	0.0012	0.0000	0.0123	0.0001	0.0122	0.0000	0.0000	0.0000	0.0000	0.0000	0.0000	0.0000	0.0000	0.0000	0.0592	0.0375	0.0217	0.0213	0.0195	0.0017	0.0379	0.0180	0.0199	0.0000	0.0000	0.0000	0.0000	0.0000	0.0000	0.0000	0.0000	0.0000	0.2278	0.0342	0.5627	0.0552	0.0601	0.0000	0.3246	0.0061	0.6116	
13	86	0.1599	10	0	0	2	1	0	0	0	0	N	N	Y	N	N	N	N	N	N	N	N	N	0.0000	0.0000	0.0000	0.0000	0.0000	0.0000	0.0000	0.0000	0.0000	0.0000	0.0000	0.0000	0.0000	0.0000	0.0000	0.0000	0.0000	15.0944	25.4954	0.0013	0.0337	0.0376	0.0000	20.9499	44.2724	0.0014	0.0000	0.0000	-0.5379	0.0000	5.3425	3.8697	7.0749	0.0000	0.0000	0.0000	0.0000	0.0000	0.0000	0.0000	0.0000	0.0000	0.9908	0.9908	0.0000	0.0006	0.0006	0.0000	0.9902	0.9901	0.0000	0.0000	0.0000	0.0000	0.0000	0.0000	0.0000	0.0000	0.0000	0.0000	0.0656	0.0389	0.0268	0.0184	0.0165	0.0019	0.0473	0.0224	0.0249	0.0000	0.0000	0.0000	0.0000	0.0000	0.0000	0.0000	0.0000	0.0000	15.0944	25.4954	0.0013	0.0337	0.0376	0.0000	20.9499	44.2724	0.0014		
13	87	0.1167	9	0	0	1	1	0	0	0	0	N	N	N	N	N	N	N	N	N	N	N	N	0.0000	0.0000	0.0000	0.0000	0.0000	0.0000	0.0000	0.0000	0.0000	0.0000	0.0000	0.0000	0.0000	0.0000	0.0000	0.0000	0.0000	0.0000	0.1004	0.1542	0.0156	0.0809	0.0899	0.0018	0.1098	0.2133	0.0169	0.0645	0.0000	-0.0070	0.0000	7.0719	3.8697	13.7350	0.0000	0.0000	0.0000	0.0000	0.0000	0.0000	0.0000	0.0000	0.0000	0.0144	0.0136	0.0009	0.0038	0.0038	0.0000	0.0106	0.0098	0.0009	0.0000	0.0000	0.0000	0.0000	0.0000	0.0000	0.0000	0.0000	0.0000	0.1438	0.0879	0.0559	0.0469	0.0421	0.0048	0.0969	0.0458	0.0511	0.0000	0.0000	0.0000	0.0000	0.0000	0.0000	0.0000	0.0000	0.0000	0.1004	0.1542	0.0156	0.0809	0.0899	0.0018	0.1098	0.2133	0.0169	
13	88	0.1234	11	1	0	2	1	0	0	0	0	N	N	Y	N	N	N	N	N	N	N	N	N	0.0000	0.0000	0.0000	0.0000	0.0000	0.0000	0.0000	0.0000	0.0000	0.0000	0.0000	0.0000	0.0000	0.0000	0.0000	0.0000	0.0000	0.0000	0.0000	0.0000	0.0000	0.0000	3.8697	0.0000	0.0000	0.0000	0.0000	0.0000	0.0000	0.0000	0.0000	0.0000	0.0000	0.0000	0.0000	0.0000	0.0000	0.0000	0.0000	0.0000	0.0000	0.0000	0.0000	0.0000	0.0000	0.0000	0.0000	0.0000	0.0000	0.0000	0.0000	0.0000	0.0000	0.0000	0.0000	0.0000	0.0000	0.0000	0.0000	0.0000	0.0000	0.0000	0.0000	0.0000	0.0000	0.0000	0.0000	0.0000	0.0000	0.0000	0.0000	0.0000	0.0000	0.0000	0.0000	0.0000	0.0000	0.0000											
13	89	0.1215	10	1	0	2	1	0	0	0	0	N	N	Y	N	N	N	N	N	N	N	N	N	0.0000	0.0000	0.0000	0.0000	0.0000	0.0000	0.0000	0.0000	0.0000	0.0000	0.0000	0.0000	0.0000	0.0088	0.0134	0.0000	0.0000	0.0000	0.0000	0.0132	0.0261	0.0000	0.0000	0.0000	-0.0000	0.0000	0.0001	3.8697	0.9161	0.0000	0.0000	0.0000	0.0000	0.0000	0.0000	0.0000	0.0000	0.0000	0.0001	0.0001	0.0000	0.0000	0.0000	0.0000	0.0001	0.0001	0.0000	0.0000	0.0000	0.0000	0.0000	0.0000	0.0000	0.0000	0.0000	0.0000	0.0080	0.0052	0.0028	0.0027	0.0026	0.0001	0.0053	0.0027	0.0026	0.0000	0.0000	0.0000	0.0000	0.0000	0.0000	0.0000	0.0000	0.0000	0.0088	0.0134	0.0000	0.0000	0.0000	0.0000	0.0132	0.0261	0.0000						
13	90	0.0967	9	1	0	2	1	0	0	0	0	N	N	Y	N	N	N	N	N	N	N	N	N	0.0000	0.0000	0.0000	0.0000	0.0000	0.0000	0.0000	0.0000	0.0000	0.0000	0.0000	0.0000	0.0000	0.0000	0.0000	17.1995	29.6365	0.0000	0.0047	0.0052	0.0000	22.0138	44.9662	0.0000	0.0000	0.0000	-0.5422	0.0000	3.7876	3.8697	7.8440	0.0000	0.0000	0.0000	0.0000	0.0000	0.0000	0.0000	0.0000	0.0000	0.9986	0.9986	0.0000	0.0001	0.0001	0.0000	0.9985	0.9985	0.0000	0.0000	0.0000	0.0000	0.0000	0.0000	0.0000	0.0000	0.0000	0.0000	0.0581	0.0337	0.0244	0.0127	0.0115	0.0012	0.0454	0.0222	0.0232	0.0000	0.0000	0.0000	0.0000	0.0000	0.0000	0.0000	0.0000	0.0000	17.1995	29.6365	0.0000	0.0047	0.0052	0.0000	22.0138	44.9662	0.0000				
13	91	0.0650	7	0	1	1	2	0	0	0	0	N	N	N	Y	N	N	N	N	N	N	N	N	0.0000	0.0000	0.0000	0.0000	0.0000	0.0000	0.0000	0.0000	0.0000	0.0000	0.0000	0.0000	0.0000	0.5173	0.9353	0.0000	1.9108	2.0552	0.0000	0.0000	0.0000	0.0000	0.0000	0.0000	-0.0329	0.0000	1.8247	3.8697	16.3284	0.0000	0.0000	0.0000	0.0000	0.0000	0.0000	0.0000	0.0000	0.0000	0.0606	0.0606	0.0000	0.0606	0.0606	0.0000	0.0000	0.0000	0.0000	0.0000	0.0000	0.0000	0.0000	0.0000	0.0000	0.0000	0.0000	0.0000	0.1171	0.0648	0.0523	0.0317	0.0295	0.0022	0.0854	0.0353	0.0501	0.0000	0.0000	0.0000	0.0000	0.0000	0.0000	0.0000	0.0000	0.0000	0.5173	0.9353	0.0000	1.9108	2.0552	0.0000	0.0000	0.0000	0.0000						
13	92	0.0545	6	0	1	1	1	0	0	0	0	N	N	N	N	N	N	N	N	N	N	N	N	0.0000	0.0000	0.0000	0.0000	0.0000	0.0000	0.0000	0.0000	0.0000	0.0000	0.0000	0.0000	0.0000	0.8480	0.0000	1.7925	0.0000	0.0000	0.0000	1.1445	0.0000	1.8520	inf	0.0000	0.0635	0.0000	9.1310	3.8697	16.1726	0.0000	0.0000	0.0000	0.0000	0.0000	0.0000	0.0000	0.0000	0.0000	0.1389	0.0000	0.1389	0.0000	0.0000	0.0000	0.1389	0.0000	0.1389	0.0000	0.0000	0.0000	0.0000	0.0000	0.0000	0.0000	0.0000	0.0000	0.1638	0.0863	0.0775	0.0424	0.0400	0.0025	0.1214	0.0464	0.0750	0.0000	0.0000	0.0000	0.0000	0.0000	0.0000	0.0000	0.0000	0.0000	0.8480	0.0000	1.7925	0.0000	0.0000	0.0000	1.1445	0.0000	1.8520						
13	93	0.1395	12	0	1	1	1	0	0	0	0	N	N	N	N	N	N	N	N	N	N	N	N	0.0000	0.0000	0.0000	0.0000	0.0000	0.0000	0.0000	0.0000	0.0000	0.0000	0.0000	0.0000	0.0000	0.0004	0.0006	0.0000	0.0010	0.0011	0.0000	0.0000	0.0000	0.0000	0.0000	0.0000	-0.0000	0.0000	4.0959	3.8697	8.7137	0.0000	0.0000	0.0000	0.0000	0.0000	0.0000	0.0000	0.0000	0.0000	0.0000	0.0000	0.0000	0.0000	0.0000	0.0000	0.0000	0.0000	0.0000	0.0000	0.0000	0.0000	0.0000	0.0000	0.0000	0.0000	0.0000	0.0000	0.0754	0.0482	0.0271	0.0274	0.0242	0.0032	0.0480	0.0240	0.0240	0.0000	0.0000	0.0000	0.0000	0.0000	0.0000	0.0000	0.0000	0.0000	0.0004	0.0006	0.0000	0.0010	0.0011	0.0000	0.0000	0.0000	0.0000						
13	94	0.1212	11	0	1	1	1	0	0	0	0	N	N	N	N	N	N	N	N	N	N	N	N	0.0000	0.0000	0.0000	0.0000	0.0000	0.0000	0.0000	0.0000	0.0000	0.0000	0.0000	0.0000	0.0000	0.0000	0.0000	0.0000	0.0000	0.0008	0.0006	0.0010	0.0006	0.0007	0.0000	0.0008	0.0005	0.0011	1.0000	0.0000	-0.0000	0.0000	2.9443	3.8697	6.1524	0.0000	0.0000	0.0000	0.0000	0.0000	0.0000	0.0000	0.0000	0.0000	0.0000	0.0000	0.0000	0.0000	0.0000	0.0000	0.0000	0.0000	0.0000	0.0000	0.0000	0.0000	0.0000	0.0000	0.0000	0.0000	0.0000	0.0000	0.0487	0.0305	0.0182	0.0162	0.0145	0.0017	0.0326	0.0160	0.0166	0.0000	0.0000	0.0000	0.0000	0.0000	0.0000	0.0000	0.0000	0.0000	0.0008	0.0006	0.0010	0.0006	0.0007	0.0000	0.0008	0.0005	0.0011		
13	95	0.1187	10	0	0	1	1	0	0	0	0	N	N	N	N	N	N	N	N	N	N	N	N	0.0000	0.0000	0.0000	0.0000	0.0000	0.0000	0.0000	0.0000	0.0000	0.0000	0.0000	0.0000	0.0000	0.0005	0.0000	0.0015	0.0000	0.0000	0.0000	0.0008	0.0000	0.0016	inf	0.0000	0.0000	0.0000	0.8596	3.8697	1.2300	0.0000	0.0000	0.0000	0.0000	0.0000	0.0000	0.0000	0.0000	0.0000	0.0000	0.0000	0.0000	0.0000	0.0000	0.0000	0.0000	0.0000	0.0000	0.0000	0.0000	0.0000	0.0000	0.0000	0.0000	0.0000	0.0000	0.0000	0.0201	0.0136	0.0066	0.0079	0.0075	0.0004	0.0122	0.0060	0.0062	0.0000	0.0000	0.0000	0.0000	0.0000	0.0000	0.0000	0.0000	0.0000	0.0005	0.0000	0.0015	0.0000	0.0000	0.0000	0.0008	0.0000	0.0016						
13	96	0.1069	9	0	0	1	1	0	0	0	0	N	N	N	N	N	N	N	N	N	N	N	N	0.0000	0.0000	0.0000	0.0000	0.0000	0.0000	0.0000	0.0000	0.0000	0.0000	0.0000	0.0000	0.0000	0.0002	0.0003	0.0000	0.0004	0.0004	0.0000	0.0000	0.0000	0.0000	0.0000	0.0000	-0.0000	0.0000	3.7737	3.8697	2.5241	0.0000	0.0000	0.0000	0.0000	0.0000	0.0000	0.0000	0.0000	0.0000	0.0000	0.0000	0.0000	0.0000	0.0000	0.0000	0.0000	0.0000	0.0000	0.0000	0.0000	0.0000	0.0000	0.0000	0.0000	0.0000	0.0000	0.0000	0.0569	0.0346	0.0224	0.0214	0.0203	0.0011	0.0355	0.0142	0.0213	0.0000	0.0000	0.0000	0.0000	0.0000	0.0000	0.0000	0.0000	0.0000	0.0002	0.0003	0.0000	0.0004	0.0004	0.0000	0.0000	0.0000	0.0000						
13	97	0.0860	8	0	0	1	1	0	0	0	0	N	N	N	N	N	N	N	N	N	N	N	N	0.0000	0.0000	0.0000	0.0000	0.0000	0.0000	0.0000	0.0000	0.0000	0.0000	0.0000	0.0000	0.0000	0.0000	0.0000	0.0000	0.0119	0.0200	0.0003	0.0466	0.0521	0.0000	0.0002	0.0000	0.0004	0.0120	0.0000	-0.0004	0.0000	6.4922	3.8697	4.5502	0.0000	0.0000	0.0000	0.0000	0.0000	0.0000	0.0000	0.0000	0.0000	0.0007	0.0007	0.0000	0.0007	0.0007	0.0000	0.0000	0.0000	0.0000	0.0000	0.0000	0.0000	0.0000	0.0000	0.0000	0.0000	0.0000	0.0000	0.0612	0.0361	0.0251	0.0155	0.0139	0.0016	0.0457	0.0222	0.0235	0.0000	0.0000	0.0000	0.0000	0.0000	0.0000	0.0000	0.0000	0.0000	0.0119	0.0200	0.0003	0.0466	0.0521	0.0000	0.0002	0.0000	0.0004			
13	98	0.0967	9	0	1	1	1	0	0	0	0	N	N	N	N	N	N	N	N	N	N	N	N	0.0000	0.0000	0.0000	0.0000	0.0000	0.0000	0.0000	0.0000	0.0000	0.0000	0.0000	0.0000	0.0000	0.0209	0.0362	0.0000	0.0976	0.1083	0.0000	0.0000	0.0000	0.0000	0.0000	0.0000	-0.0007	0.0000	1.3608	3.8697	12.1483	0.0000	0.0000	0.0000	0.0000	0.0000	0.0000	0.0000	0.0000	0.0000	0.0014	0.0014	0.0000	0.0014	0.0014	0.0000	0.0000	0.0000	0.0000	0.0000	0.0000	0.0000	0.0000	0.0000	0.0000	0.0000	0.0000	0.0000	0.0659	0.0381	0.0278	0.0141	0.0127	0.0014	0.0518	0.0254	0.0264	0.0000	0.0000	0.0000	0.0000	0.0000	0.0000	0.0000	0.0000	0.0000	0.0209	0.0362	0.0000	0.0976	0.1083	0.0000	0.0000	0.0000	0.0000						
13	99	0.0930	8	0	0	1	1	0	0	0	0	N	N	N	N	N	N	N	N	N	N	N	N	0.0000	0.0000	0.0000	0.0000	0.0000	0.0000	0.0000	0.0000	0.0000	0.0000	0.0000	0.0000	0.0000	0.0000	0.0000	0.0000	0.0000	0.1015	0.1675	0.0018	0.0056	0.0061	0.0000	0.1346	0.2731	0.0019	0.0072	0.0000	-0.0008	0.0000	1.5300	3.8697	0.7696	0.0000	0.0000	0.0000	0.0000	0.0000	0.0000	0.0000	0.0000	0.0000	0.0014	0.0014	0.0000	0.0000	0.0000	0.0000	0.0014	0.0014	0.0000	0.0000	0.0000	0.0000	0.0000	0.0000	0.0000	0.0000	0.0000	0.0000	0.0138	0.0083	0.0055	0.0035	0.0033	0.0003	0.0103	0.0050	0.0052	0.0000	0.0000	0.0000	0.0000	0.0000	0.0000	0.0000	0.0000	0.0000	0.1015	0.1675	0.0018	0.0056	0.0061	0.0000	0.1346	0.2731	0.0019		
13	100	0.0842	7	0	0	1	1	0	0	0	0	N	N	N	N	N	N	N	N	N	N	N	N	0.0000	0.0000	0.0000	0.0000	0.0000	0.0000	0.0000	0.0000	0.0000	0.0000	0.0000	0.0000	0.0000	0.0000	0.0000	0.0011	0.0019	0.0000	0.0015	0.0018	0.0000	0.0009	0.0019	0.0000	0.0000	0.0000	-0.0000	0.0000	3.6906	3.8697	1.4800	0.0000	0.0000	0.0000	0.0000	0.0000	0.0000	0.0000	0.0000	0.0000	0.0000	0.0000	0.0000	0.0000	0.0000	0.0000	0.0000	0.0000	0.0000	0.0000	0.0000	0.0000	0.0000	0.0000	0.0000	0.0000	0.0000	0.0000	0.0271	0.0154	0.0116	0.0057	0.0050	0.0008	0.0213	0.0105	0.0109	0.0000	0.0000	0.0000	0.0000	0.0000	0.0000	0.0000	0.0000	0.0000	0.0011	0.0019	0.0000	0.0015	0.0018	0.0000	0.0009	0.0019	0.0000				
13	101	0.0842	6	0	0	1	1	0	0	0	0	N	N	N	N	N	N	N	N	N	N	N	N	0.0000	0.0000	0.0000	0.0000	0.0000	0.0000	0.0000	0.0000	0.0000	0.0000	0.0000	0.0000	0.0000	0.0000	0.0000	0.0000	0.0041	0.0033	0.0053	0.0066	0.0074	0.0000	0.0029	0.0000	0.0058	1.0000	0.0000	-0.0000	0.0000	0.1361	3.8697	0.4500	0.0000	0.0000	0.0000	0.0000	0.0000	0.0000	0.0000	0.0000	0.0000	0.0000	0.0000	0.0000	0.0000	0.0000	0.0000	0.0000	0.0000	0.0000	0.0000	0.0000	0.0000	0.0000	0.0000	0.0000	0.0000	0.0000	0.0000	0.0043	0.0026	0.0016	0.0013	0.0012	0.0001	0.0030	0.0015	0.0015	0.0000	0.0000	0.0000	0.0000	0.0000	0.0000	0.0000	0.0000	0.0000	0.0041	0.0033	0.0053	0.0066	0.0074	0.0000	0.0029	0.0000	0.0058			
13	102	0.0683	5	0	0	1	1	0	0	0	0	N	N	N	N	N	N	N	N	N	N	N	N	0.0000	0.0000	0.0000	0.0000	0.0000	0.0000	0.0000	0.0000	0.0000	0.0000	0.0000	0.0000	0.0000	0.0000	0.0000	0.0000	0.2810	0.5070	0.0004	1.2331	1.3366	0.0000	0.0002	0.0000	0.0004	0.0006	0.0000	-0.0079	0.0000	3.5591	3.8697	4.5341	0.0000	0.0000	0.0000	0.0000	0.0000	0.0000	0.0000	0.0000	0.0000	0.0145	0.0145	0.0000	0.0145	0.0145	0.0000	0.0000	0.0000	0.0000	0.0000	0.0000	0.0000	0.0000	0.0000	0.0000	0.0000	0.0000	0.0000	0.0516	0.0286	0.0230	0.0118	0.0108	0.0009	0.0398	0.0177	0.0221	0.0000	0.0000	0.0000	0.0000	0.0000	0.0000	0.0000	0.0000	0.0000	0.2810	0.5070	0.0004	1.2331	1.3366	0.0000	0.0002	0.0000	0.0004			
13	103	0.0466	4	0	0	1	1	0	0	0	0	N	N	N	N	N	N	N	N	N	N	N	N	0.0000	0.0000	0.0000	0.0000	0.0000	0.0000	0.0000	0.0000	0.0000	0.0000	0.0000	0.0000	0.0000	0.0000	0.0000	0.0000	0.0000	0.0000	11.0971	21.5705	0.0128	58.7841	56.6366	0.0001	0.0079	0.0001	0.0131	0.0006	0.0000	-0.4496	0.0000	2.8937	3.8697	8.0733	0.0000	0.0000	0.0000	0.0000	0.0000	0.0000	0.0000	0.0000	0.0000	0.8289	0.8284	0.0005	0.8284	0.8284	0.0000	0.0005	0.0000	0.0005	0.0000	0.0000	0.0000	0.0000	0.0000	0.0000	0.0000	0.0000	0.0000	0.0747	0.0384	0.0363	0.0156	0.0146	0.0010	0.0591	0.0238	0.0353	0.0000	0.0000	0.0000	0.0000	0.0000	0.0000	0.0000	0.0000	0.0000	11.0971	21.5705	0.0128	52.9574	56.6366	0.0001	0.0079	0.0001	0.0131	
13	104	0.1409	10	0	1	1	1	0	0	0	0	N	N	N	N	N	N	N	N	N	N	N	N	0.0000	0.0000	0.0000	0.0000	0.0000	0.0000	0.0000	0.0000	0.0000	0.0000	0.0000	0.0000	0.0000	0.0134	0.0185	0.0000	0.0310	0.0345	0.0000	0.0000	0.0000	0.0000	0.0000	0.0000	-0.0001	0.0000	0.0277	3.8697	1.3445	0.0000	0.0000	0.0000	0.0000	0.0000	0.0000	0.0000	0.0000	0.0000	0.0002	0.0002	0.0000	0.0002	0.0002	0.0000	0.0000	0.0000	0.0000	0.0000	0.0000	0.0000	0.0000	0.0000	0.0000	0.0000	0.0000	0.0000	0.0143	0.0103	0.0040	0.0062	0.0055	0.0006	0.0082	0.0048	0.0034	0.0000	0.0000	0.0000	0.0000	0.0000	0.0000	0.0000	0.0000	0.0000	0.0134	0.0185	0.0000	0.0310	0.0345	0.0000	0.0000	0.0000	0.0000						
13	105	0.0942	9	0	1	1	1	0	0	0	0	N	N	N	N	N	N	N	N	N	N	N	N	0.0000	0.0000	0.0000	0.0000	0.0000	0.0000	0.0000	0.0000	0.0000	0.0000	0.0000	0.0000	0.0000	0.0000	0.0000	0.0000	0.0000	0.0000	0.0035	0.0036	0.0034	0.0072	0.0081	0.0000	0.0025	0.0013	0.0036	0.6626	0.0000	-0.0001	0.0000	5.1414	3.8697	16.4151	0.0000	0.0000	0.0000	0.0000	0.0000	0.0000	0.0000	0.0000	0.0000	0.0003	0.0002	0.0001	0.0002	0.0002	0.0000	0.0002	0.0001	0.0001	0.0000	0.0000	0.0000	0.0000	0.0000	0.0000	0.0000	0.0000	0.0000	0.0998	0.0583	0.0415	0.0220	0.0196	0.0024	0.0777	0.0387	0.0390	0.0000	0.0000	0.0000	0.0000	0.0000	0.0000	0.0000	0.0000	0.0000	0.0035	0.0036	0.0034	0.0072	0.0081	0.0000	0.0025	0.0013	0.0036	
13	106	0.0860	8	0	0	1	1	0	0	0	0	N	N	N	N	N	N	N	N	N	N	N	N	0.0000	0.0000	0.0000	0.0000	0.0000	0.0000	0.0000	0.0000	0.0000	0.0000	0.0000	0.0000	0.0000	0.0000	0.0000	0.0000	0.0000	0.0000	0.0241	0.0329	0.0105	0.0684	0.0747	0.0000	0.0061	0.0007	0.0112	0.2040	0.0000	-0.0003	0.0000	3.8974	3.8697	1.6364	0.0000	0.0000	0.0000	0.0000	0.0000	0.0000	0.0000	0.0000	0.0000	0.0009	0.0007	0.0001	0.0007	0.0007	0.0000	0.0002	0.0000	0.0001	0.0000	0.0000	0.0000	0.0000	0.0000	0.0000	0.0000	0.0000	0.0000	0.0365	0.0222	0.0142	0.0105	0.0097	0.0009	0.0259	0.0126	0.0134	0.0000	0.0000	0.0000	0.0000	0.0000	0.0000	0.0000	0.0000	0.0000	0.0241	0.0329	0.0105	0.0684	0.0747	0.0000	0.0061	0.0007	0.0112	
13	107	0.0650	7	0	0	1	1	0	0	0	0	N	N	N	N	N	N	N	N	N	N	N	N	0.0000	0.0000	0.0000	0.0000	0.0000	0.0000	0.0000	0.0000	0.0000	0.0000	0.0000	0.0000	0.0000	0.0000	0.0000	0.0000	0.0000	0.0000	0.7298	1.3036	0.0177	2.2504	2.3734	0.0001	0.0118	0.0004	0.0184	0.0110	0.0000	-0.0326	0.0000	0.3701	3.8697	9.6236	0.0000	0.0000	0.0000	0.0000	0.0000	0.0000	0.0000	0.0000	0.0000	0.0612	0.0605	0.0007	0.0605	0.0605	0.0000	0.0007	0.0000	0.0007	0.0000	0.0000	0.0000	0.0000	0.0000	0.0000	0.0000	0.0000	0.0000	0.0838	0.0464	0.0374	0.0269	0.0255	0.0014	0.0569	0.0209	0.0360	0.0000	0.0000	0.0000	0.0000	0.0000	0.0000	0.0000	0.0000	0.0000	0.7298	1.3036	0.0177	2.2504	2.3734	0.0001	0.0118	0.0004	0.0184	
13	108	0.0545	6	0	0	1	1	0	0	0	0	N	N	N	N	N	N	N	N	N	N	N	N	0.0000	0.0000	0.0000	0.0000	0.0000	0.0000	0.0000	0.0000	0.0000	0.0000	0.0000	0.0000	0.0000	0.0000	0.0000	0.0000	0.0000	8.0352	15.3468	0.2328	21.2891	20.3236	0.0000	0.1873	0.0015	0.2367	0.0142	0.0000	-0.3648	0.0000	0.4415	3.8697	4.8853	0.0000	0.0000	0.0000	0.0000	0.0000	0.0000	0.0000	0.0000	0.0000	0.6897	0.6800	0.0097	0.6800	0.6800	0.0000	0.0097	0.0000	0.0097	0.0000	0.0000	0.0000	0.0000	0.0000	0.0000	0.0000	0.0000	0.0000	0.0858	0.0443	0.0415	0.0341	0.0335	0.0007	0.0517	0.0109	0.0408	0.0000	0.0000	0.0000	0.0000	0.0000	0.0000	0.0000	0.0000	0.0000	8.0352	15.3468	0.2328	19.9190	20.3236	0.0000	0.1873	0.0015	0.2367		
13	109	0.0255	3	1	1	1	2	0	0	0	0	N	N	N	Y	N	N	N	N	N	N	N	N	0.0000	0.0000	0.0000	0.0000	0.0000	0.0000	0.0000	0.0000	0.0000	0.0000	0.0000	0.0000	0.0000	0.0000	0.0000	0.0000	0.0000	0.0000	0.0000	0.0000	0.0000	0.0000	3.8697	0.0000	0.0000	0.0000	0.0000	0.0000	0.0000	0.0000	0.0000	0.0000	0.0000	0.0000	0.0000	0.0000	0.0000	0.0000	0.0000	0.0000	0.0000	0.0000	0.0000	0.0000	0.0000	0.0000	0.0000	0.0000	0.0000	0.0000	0.0000	0.0000	0.0000	0.0000	0.0000	0.0000	0.0000	0.0000	0.0000	0.0000	0.0000	0.0000	0.0000	0.0000	0.0000	0.0000	0.0000	0.0000	0.0000	0.0000	0.0000	0.0000	0.0000	0.0000	0.0000	0.0000	0.0000	0.0000											
13	110	0.0105	2	1	1	1	2	0	0	0	0	N	N	N	Y	N	N	N	N	N	N	N	N	0.0000	0.0000	0.0000	0.0000	0.0000	0.0000	0.0000	0.0000	0.0000	0.0000	0.0000	0.0000	0.0000	1.2794	2.5720	0.0000	4.5546	4.1553	0.0000	0.0000	0.0000	0.0000	0.0000	0.0000	-0.0618	0.0000	0.0000	3.8697	7.1240	0.0000	0.0000	0.0000	0.0000	0.0000	0.0000	0.0000	0.0000	0.0000	0.1138	0.1138	0.0000	0.1138	0.1138	0.0000	0.0000	0.0000	0.0000	0.0000	0.0000	0.0000	0.0000	0.0000	0.0000	0.0000	0.0000	0.0000	0.0890	0.0443	0.0447	0.0276	0.0274	0.0002	0.0613	0.0169	0.0445	0.0000	0.0000	0.0000	0.0000	0.0000	0.0000	0.0000	0.0000	0.0000	1.2794	2.5720	0.0000	4.1194	4.1553	0.0000	0.0000	0.0000	0.0000						
13	111	0.0152	2	0	1	1	2	0	0	0	0	N	N	N	Y	N	N	N	N	N	N	N	N	0.0000	0.0000	0.0000	0.0000	0.0000	0.0000	0.0000	0.0000	0.0000	0.0000	0.0000	0.0000	0.0000	0.0313	0.0638	0.0000	0.4055	0.4350	0.0000	0.0000	0.0000	0.0000	0.0000	0.0000	-0.0005	0.0000	0.0016	3.8697	5.0076	0.0000	0.0000	0.0000	0.0000	0.0000	0.0000	0.0000	0.0000	0.0000	0.0009	0.0009	0.0000	0.0009	0.0009	0.0000	0.0000	0.0000	0.0000	0.0000	0.0000	0.0000	0.0000	0.0000	0.0000	0.0000	0.0000	0.0000	0.0292	0.0143	0.0149	0.0023	0.0021	0.0002	0.0269	0.0122	0.0147	0.0000	0.0000	0.0000	0.0000	0.0000	0.0000	0.0000	0.0000	0.0000	0.0313	0.0638	0.0000	0.4055	0.4350	0.0000	0.0000	0.0000	0.0000						
13	113	0.0210	3	0	1	1	1	0	0	0	0	N	N	N	N	N	N	N	N	N	N	N	N	0.0000	0.0000	0.0000	0.0000	0.0000	0.0000	0.0000	0.0000	0.0000	0.0000	0.0000	0.0000	0.0000	0.1143	0.0000	0.2248	0.0000	0.0000	0.0000	0.1312	0.0000	0.2284	inf	0.0000	0.0019	0.0000	0.9705	3.8697	5.0371	0.0000	0.0000	0.0000	0.0000	0.0000	0.0000	0.0000	0.0000	0.0000	0.0041	0.0000	0.0041	0.0000	0.0000	0.0000	0.0041	0.0000	0.0041	0.0000	0.0000	0.0000	0.0000	0.0000	0.0000	0.0000	0.0000	0.0000	0.0355	0.0175	0.0181	0.0046	0.0043	0.0003	0.0310	0.0132	0.0178	0.0000	0.0000	0.0000	0.0000	0.0000	0.0000	0.0000	0.0000	0.0000	0.1143	0.0000	0.2248	0.0000	0.0000	0.0000	0.1312	0.0000	0.2284						
13	116	0.0181	3	0	0	2	2	0	0	0	0	N	N	Y	Y	N	N	N	N	N	N	N	N	0.0000	0.0000	0.0000	0.0000	0.0000	0.0000	0.0000	0.0000	0.0000	0.0000	0.0000	0.0000	0.0000	0.1642	0.3113	0.0000	1.3848	1.4866	0.0000	0.0000	0.0000	0.0000	0.0000	0.0000	-0.0010	0.0000	0.9725	3.8697	0.9874	0.0000	0.0000	0.0000	0.0000	0.0000	0.0000	0.0000	0.0000	0.0000	0.0019	0.0019	0.0000	0.0019	0.0019	0.0000	0.0000	0.0000	0.0000	0.0000	0.0000	0.0000	0.0000	0.0000	0.0000	0.0000	0.0000	0.0000	0.0115	0.0061	0.0054	0.0014	0.0013	0.0001	0.0101	0.0048	0.0053	0.0000	0.0000	0.0000	0.0000	0.0000	0.0000	0.0000	0.0000	0.0000	0.1642	0.3113	0.0000	1.3848	1.4866	0.0000	0.0000	0.0000	0.0000						
13	117	0.0181	3	0	0	2	2	0	0	0	0	N	N	Y	Y	N	N	N	N	N	N	N	N	0.0000	0.0000	0.0000	0.0000	0.0000	0.0000	0.0000	0.0000	0.0000	0.0000	0.0000	0.0000	0.0000	0.0000	0.0000	0.0000	44.0311	0.0288	217.1019	0.1437	0.1563	0.0000	49.1295	0.0000	197.4071	2943.6912	0.0000	0.4561	0.0000	0.0285	3.8697	4.0215	0.0000	0.0000	0.0000	0.0000	0.0000	0.0000	0.0000	0.0000	0.0000	0.9988	0.0003	0.9984	0.0003	0.0003	0.0000	0.9984	0.0000	0.9984	0.0000	0.0000	0.0000	0.0000	0.0000	0.0000	0.0000	0.0000	0.0000	0.0227	0.0118	0.0109	0.0024	0.0022	0.0002	0.0203	0.0096	0.0107	0.0000	0.0000	0.0000	0.0000	0.0000	0.0000	0.0000	0.0000	0.0000	44.0311	0.0288	91.4546	0.1437	0.1563	0.0000	49.1295	0.0000	93.0836			
13	118	0.0105	2	0	0	2	2	0	0	0	0	N	N	Y	Y	N	N	N	N	N	N	N	N	0.0000	0.0000	0.0000	0.0000	0.0000	0.0000	0.0000	0.0000	0.0000	0.0000	0.0000	0.0000	0.0000	0.0000	0.0000	0.0000	1.4587	2.8783	0.0464	4.7589	4.2577	0.0000	0.0355	0.0000	0.0466	0.0162	0.0000	-0.0609	0.0000	3.0275	3.8697	2.1573	0.0000	0.0000	0.0000	0.0000	0.0000	0.0000	0.0000	0.0000	0.0000	0.1156	0.1138	0.0018	0.1138	0.1138	0.0000	0.0018	0.0000	0.0018	0.0000	0.0000	0.0000	0.0000	0.0000	0.0000	0.0000	0.0000	0.0000	0.0793	0.0395	0.0397	0.0273	0.0271	0.0002	0.0520	0.0125	0.0396	0.0000	0.0000	0.0000	0.0000	0.0000	0.0000	0.0000	0.0000	0.0000	1.4587	2.8783	0.0464	4.1749	4.2018	0.0000	0.0355	0.0000	0.0466			
13	119	0.1032	4	1	1	1	1	0	0	0	0	N	N	N	N	N	N	N	N	N	N	N	N	0.0000	0.0000	0.0000	0.0000	0.0000	0.0000	0.0000	0.0000	0.0000	0.0000	0.0000	0.0000	0.0000	0.0006	0.0000	0.0014	0.0000	0.0000	0.0000	0.0008	0.0000	0.0015	inf	0.0000	0.0000	0.0000	2.1883	3.8697	3.1271	0.0000	0.0000	0.0000	0.0000	0.0000	0.0000	0.0000	0.0000	0.0000	0.0000	0.0000	0.0000	0.0000	0.0000	0.0000	0.0000	0.0000	0.0000	0.0000	0.0000	0.0000	0.0000	0.0000	0.0000	0.0000	0.0000	0.0000	0.0289	0.0167	0.0122	0.0067	0.0061	0.0005	0.0223	0.0106	0.0117	0.0000	0.0000	0.0000	0.0000	0.0000	0.0000	0.0000	0.0000	0.0000	0.0006	0.0000	0.0014	0.0000	0.0000	0.0000	0.0008	0.0000	0.0015						
13	120	0.0362	3	1	1	1	1	0	0	0	0	N	N	N	N	N	N	N	N	N	N	N	N	0.0000	0.0000	0.0000	0.0000	0.0000	0.0000	0.0000	0.0000	0.0000	0.0000	0.0000	0.0000	0.0000	0.0000	0.0000	0.0000	0.1438	0.0002	0.2968	0.0007	0.0008	0.0000	0.1689	0.0000	0.3069	1305.7047	0.0000	0.0101	0.0000	13.6104	3.8697	16.0982	0.0000	0.0000	0.0000	0.0000	0.0000	0.0000	0.0000	0.0000	0.0000	0.0222	0.0000	0.0221	0.0000	0.0000	0.0000	0.0221	0.0000	0.0221	0.0000	0.0000	0.0000	0.0000	0.0000	0.0000	0.0000	0.0000	0.0000	0.1540	0.0794	0.0746	0.0229	0.0205	0.0025	0.1311	0.0589	0.0721	0.0000	0.0000	0.0000	0.0000	0.0000	0.0000	0.0000	0.0000	0.0000	0.1438	0.0002	0.2968	0.0007	0.0008	0.0000	0.1689	0.0000	0.3069			
13	121	0.0615	5	0	1	1	1	0	0	0	0	N	N	N	N	N	N	N	N	N	N	N	N	0.0000	0.0000	0.0000	0.0000	0.0000	0.0000	0.0000	0.0000	0.0000	0.0000	0.0000	0.0000	0.0000	0.0000	0.0000	0.0000	0.0106	0.0063	0.0176	0.0120	0.0125	0.0000	0.0099	0.0000	0.0183	1.6980	0.0000	0.0000	0.0000	0.3548	3.8697	4.6068	0.0000	0.0000	0.0000	0.0000	0.0000	0.0000	0.0000	0.0000	0.0000	0.0006	0.0002	0.0004	0.0002	0.0002	0.0000	0.0004	0.0000	0.0004	0.0000	0.0000	0.0000	0.0000	0.0000	0.0000	0.0000	0.0000	0.0000	0.0537	0.0334	0.0202	0.0175	0.0168	0.0008	0.0361	0.0167	0.0195	0.0000	0.0000	0.0000	0.0000	0.0000	0.0000	0.0000	0.0000	0.0000	0.0106	0.0063	0.0176	0.0120	0.0125	0.0000	0.0099	0.0000	0.0183			
13	122	0.0466	4	0	1	1	1	0	0	0	0	N	N	N	N	N	N	N	N	N	N	N	N	0.0000	0.0000	0.0000	0.0000	0.0000	0.0000	0.0000	0.0000	0.0000	0.0000	0.0000	0.0000	0.0000	0.0000	0.0000	0.0000	0.0000	0.0000	0.4857	0.0134	0.9871	0.0257	0.0264	0.0124	0.6315	0.0030	1.0123	69.3989	0.0000	0.0123	0.0000	1.6911	3.8697	5.7022	0.0000	0.0000	0.0000	0.0000	0.0000	0.0000	0.0000	0.0000	0.0000	0.0278	0.0004	0.0274	0.0004	0.0003	0.0000	0.0275	0.0000	0.0274	0.0000	0.0000	0.0000	0.0000	0.0000	0.0000	0.0000	0.0000	0.0000	0.0573	0.0295	0.0278	0.0138	0.0131	0.0007	0.0435	0.0164	0.0271	0.0000	0.0000	0.0000	0.0000	0.0000	0.0000	0.0000	0.0000	0.0000	0.4857	0.0134	0.9871	0.0257	0.0264	0.0124	0.6315	0.0030	1.0123	
13	123	0.0362	3	0	0	1	1	0	0	0	0	N	N	N	N	N	N	N	N	N	N	N	N	0.0000	0.0000	0.0000	0.0000	0.0000	0.0000	0.0000	0.0000	0.0000	0.0000	0.0000	0.0000	0.0000	0.0000	0.0000	0.0000	0.0000	1.0915	1.1772	1.0011	2.3443	2.4532	0.0000	0.6564	0.0000	1.0252	0.8061	0.0000	-0.0046	0.0000	2.0929	3.8697	3.1856	0.0000	0.0000	0.0000	0.0000	0.0000	0.0000	0.0000	0.0000	0.0000	0.0480	0.0266	0.0214	0.0266	0.0266	0.0000	0.0214	0.0000	0.0214	0.0000	0.0000	0.0000	0.0000	0.0000	0.0000	0.0000	0.0000	0.0000	0.0440	0.0226	0.0214	0.0113	0.0108	0.0005	0.0327	0.0118	0.0209	0.0000	0.0000	0.0000	0.0000	0.0000	0.0000	0.0000	0.0000	0.0000	1.0915	1.1772	1.0011	2.3443	2.4532	0.0000	0.6564	0.0000	1.0252		
13	124	0.0256	4	1	1	1	1	0	0	0	0	N	N	N	N	N	N	N	N	N	N	N	N	0.0000	0.0000	0.0000	0.0000	0.0000	0.0000	0.0000	0.0000	0.0000	0.0000	0.0000	0.0000	0.0000	0.0000	0.0000	0.0000	0.0000	0.0000	0.0000	0.0000	0.0000	0.0000	3.8697	0.0000	0.0000	0.0000	0.0000	0.0000	0.0000	0.0000	0.0000	0.0000	0.0000	0.0000	0.0000	0.0000	0.0000	0.0000	0.0000	0.0000	0.0000	0.0000	0.0000	0.0000	0.0000	0.0000	0.0000	0.0000	0.0000	0.0000	0.0000	0.0000	0.0000	0.0000	0.0000	0.0000	0.0000	0.0000	0.0000	0.0000	0.0000	0.0000	0.0000	0.0000	0.0000	0.0000	0.0000	0.0000	0.0000	0.0000	0.0000	0.0000	0.0000	0.0000	0.0000	0.0000	0.0000	0.0000											
13	125	0.0210	3	1	1	1	1	0	0	0	0	N	N	N	N	N	N	N	N	N	N	N	N	0.0000	0.0000	0.0000	0.0000	0.0000	0.0000	0.0000	0.0000	0.0000	0.0000	0.0000	0.0000	0.0000	0.2681	0.0000	0.5457	0.0000	0.0000	0.0000	0.3318	0.0000	0.5563	inf	0.0000	0.0019	0.0000	0.1434	3.8697	1.9839	0.0000	0.0000	0.0000	0.0000	0.0000	0.0000	0.0000	0.0000	0.0000	0.0041	0.0000	0.0041	0.0000	0.0000	0.0000	0.0041	0.0000	0.0041	0.0000	0.0000	0.0000	0.0000	0.0000	0.0000	0.0000	0.0000	0.0000	0.0151	0.0077	0.0074	0.0029	0.0028	0.0001	0.0122	0.0049	0.0073	0.0000	0.0000	0.0000	0.0000	0.0000	0.0000	0.0000	0.0000	0.0000	0.2681	0.0000	0.5457	0.0000	0.0000	0.0000	0.3318	0.0000	0.5563						
13	126	0.0105	2	0	1	1	1	0	0	0	0	N	N	N	N	N	N	N	N	N	N	N	N	0.0000	0.0000	0.0000	0.0000	0.0000	0.0000	0.0000	0.0000	0.0000	0.0000	0.0000	0.0000	0.0000	0.0000	0.0000	0.0000	9.7380	0.0138	27.3164	0.0196	0.0197	0.0000	15.0055	0.0000	22.8980	1415.4510	0.0000	0.3436	0.0000	1.8882	3.8697	2.9115	0.0000	0.0000	0.0000	0.0000	0.0000	0.0000	0.0000	0.0000	0.0000	0.7529	0.0005	0.7524	0.0005	0.0005	0.0000	0.7524	0.0000	0.7524	0.0000	0.0000	0.0000	0.0000	0.0000	0.0000	0.0000	0.0000	0.0000	0.0773	0.0386	0.0387	0.0272	0.0270	0.0002	0.0501	0.0116	0.0386	0.0000	0.0000	0.0000	0.0000	0.0000	0.0000	0.0000	0.0000	0.0000	9.7380	0.0138	19.4235	0.0196	0.0197	0.0000	15.0055	0.0000	19.5052			
14	15	0.1274	9	0	1	0	1	0	0	0	0	N	N	N	N	N	N	N	N	N	N	N	N	inf	inf	inf	inf	30.1409	34.6554	0.0000	0.0000	0.0000	0.0000	34.9445	40.7354	0.0000	0.0000	0.0000	0.0000	0.0000	0.0000	0.0000	0.0000	0.0000	0.0000	0.0000	-0.3809	0.0000	4.8103	1.0000	9.0653	3.8697	0.9994	0.9994	0.0000	0.0000	0.0000	0.0000	0.9994	0.9994	0.0000	0.0000	0.0000	0.0000	0.0000	0.0000	0.0000	0.0000	0.0000	0.0000	0.0332	0.0288	0.0043	0.0046	0.0043	0.0003	0.0286	0.0245	0.0041	0.0787	0.0448	0.0339	0.0148	0.0132	0.0016	0.0639	0.0316	0.0323	inf	inf	0.0000	0.0000	0.0000	0.0000	inf	inf	0.0000	0.0000	0.0000	0.0000	0.0000	0.0000	0.0000	0.0000	0.0000	0.0000						
14	16	0.2462	19	0	2	0	1	0	0	0	0	N	Y	N	N	N	N	N	N	N	N	N	N	0.0000	0.0000	0.0000	0.0000	0.0000	0.0000	0.0000	0.0000	0.0000	0.0000	0.0000	0.0000	0.0000	0.0000	0.0000	0.0000	0.0006	0.0009	0.0000	0.0021	0.0023	0.0000	0.0000	0.0000	0.0000	0.0007	0.0000	-0.0000	4.8103	0.0040	9.0653	5.7722	0.0000	0.0000	0.0000	0.0000	0.0000	0.0000	0.0000	0.0000	0.0000	0.0000	0.0000	0.0000	0.0000	0.0000	0.0000	0.0000	0.0000	0.0000	0.0002	0.0002	0.0000	0.0001	0.0001	0.0000	0.0001	0.0001	0.0000	0.0871	0.0537	0.0334	0.0235	0.0214	0.0021	0.0636	0.0324	0.0313	0.0000	0.0000	0.0000	0.0000	0.0000	0.0000	0.0000	0.0000	0.0000	0.0006	0.0009	0.0000	0.0021	0.0023	0.0000	0.0000	0.0000	0.0000			
14	17	0.0447	3	0	2	0	0	0	0	0	0	N	Y	N	N	N	N	N	N	N	N	N	N	0.6746	0.3174	302.0276	0.6223	0.6163	0.6949	126.3711	0.0000	435.7360	0.0071	0.0062	0.0132	0.0853	0.0868	0.0020	0.0019	0.0000	0.0133	0.0106	0.0195	0.0000	0.1370	0.1409	0.0028	0.0000	0.0000	0.0000	0.3358	0.0019	-0.0000	-0.0009	4.8103	1.0133	9.0653	7.9669	0.0003	0.0002	0.0001	0.0002	0.0002	0.0000	0.0001	0.0000	0.0001	0.0017	0.0017	0.0000	0.0017	0.0017	0.0000	0.0000	0.0000	0.0000	0.0352	0.0304	0.0048	0.0022	0.0022	0.0000	0.0330	0.0283	0.0048	0.1575	0.0854	0.0722	0.0121	0.0118	0.0003	0.1454	0.0736	0.0718	0.6746	0.3174	302.0276	0.6223	0.6163	0.6949	126.3711	0.0000	435.7360	0.0106	0.0195	0.0000	0.1370	0.1409	0.0028	0.0000	0.0000	0.0000
14	18	0.1343	10	0	2	0	1	0	0	0	0	N	Y	N	N	N	N	N	N	N	N	N	N	0.0000	0.0000	0.0000	0.0000	0.0000	0.0000	0.0000	0.0000	0.0000	0.0000	0.0000	0.0000	0.0000	0.0000	0.0000	0.0042	0.0073	0.0000	0.0219	0.0258	0.0000	0.0000	0.0000	0.0000	0.0000	0.0000	-0.0001	4.8103	0.9988	9.0653	1.0036	0.0000	0.0000	0.0000	0.0000	0.0000	0.0000	0.0000	0.0000	0.0000	0.0001	0.0001	0.0000	0.0001	0.0001	0.0000	0.0000	0.0000	0.0000	0.0333	0.0289	0.0043	0.0047	0.0044	0.0003	0.0286	0.0245	0.0041	0.0309	0.0178	0.0131	0.0059	0.0050	0.0009	0.0250	0.0128	0.0122	0.0000	0.0000	0.0000	0.0000	0.0000	0.0000	0.0000	0.0000	0.0000	0.0042	0.0073	0.0000	0.0219	0.0258	0.0000	0.0000	0.0000	0.0000				
14	19	0.1354	10	1	2	0	0	0	0	0	0	N	Y	N	N	N	N	N	N	N	N	N	N	28.1534	inf	0.0000	7.4532	inf	0.0000	0.0000	0.0000	0.0014	0.0015	0.0000	0.0027	0.0029	0.0000	0.0000	0.0000	0.0000	0.0000	0.0000	0.0001	0.0004	0.0000	0.0059	0.0000	0.0000	0.0000	0.0000	inf	-0.0000	0.0000	4.8103	0.0025	9.0653	5.0336	0.0000	0.0000	0.0000	0.0000	0.0000	0.0000	0.0000	0.0000	0.0000	0.0000	0.0000	0.0000	0.0000	0.0000	0.0000	0.0000	0.0000	0.0000	0.0003	0.0003	0.0000	0.0002	0.0001	0.0000	0.0001	0.0001	0.0000	0.0802	0.0463	0.0339	0.0096	0.0090	0.0006	0.0706	0.0373	0.0333	28.1534	inf	0.0000	7.4532	inf	0.0000	0.0000	0.0000	0.0000	0.0000	0.0000	0.0001	0.0004	0.0000	0.0059	0.0000	0.0000	0.0000	
14	20	0.1042	7	0	2	0	0	0	0	0	0	N	Y	N	N	N	N	N	N	N	N	N	N	0.0000	0.0000	0.0000	0.0000	0.0000	0.0000	0.0000	0.0000	0.0000	0.0000	0.0000	0.0000	0.0000	0.0000	0.0000	0.0000	0.0000	0.0000	0.0003	0.0005	0.0000	0.0009	0.0009	0.0001	0.0000	0.0000	0.0000	0.0356	0.0000	-0.0000	4.8103	1.9984	9.0653	3.0609	0.0000	0.0000	0.0000	0.0000	0.0000	0.0000	0.0000	0.0000	0.0000	0.0001	0.0000	0.0000	0.0000	0.0000	0.0000	0.0000	0.0000	0.0000	0.0947	0.0835	0.0112	0.0223	0.0217	0.0006	0.0724	0.0617	0.0106	0.1635	0.1078	0.0557	0.0553	0.0537	0.0017	0.1082	0.0541	0.0541	0.0000	0.0000	0.0000	0.0000	0.0000	0.0000	0.0000	0.0000	0.0000	0.0003	0.0005	0.0000	0.0009	0.0009	0.0001	0.0000	0.0000	0.0000	
14	21	0.2395	18	0	1	0	1	0	0	0	0	N	N	N	N	N	N	N	N	N	N	N	N	0.0000	0.0000	0.0000	0.0000	0.0000	0.0000	0.0000	0.0000	0.0000	0.0000	0.0000	0.0000	0.0000	0.0000	0.0000	0.0000	0.0000	0.0000	0.0000	0.0000	0.0000	0.0000	0.0000	0.0000	0.0000	0.0000	0.8244	0.0000	-0.0000	4.8103	2.0028	9.0653	2.2704	0.0000	0.0000	0.0000	0.0000	0.0000	0.0000	0.0000	0.0000	0.0000	0.0000	0.0000	0.0000	0.0000	0.0000	0.0000	0.0000	0.0000	0.0000	0.0662	0.0577	0.0085	0.0114	0.0107	0.0006	0.0548	0.0470	0.0079	0.0669	0.0400	0.0269	0.0184	0.0168	0.0016	0.0485	0.0232	0.0253	0.0000	0.0000	0.0000	0.0000	0.0000	0.0000	0.0000	0.0000	0.0000	0.0000	0.0000	0.0000	0.0000	0.0000	0.0000	0.0000	0.0000	0.0000		
14	22	0.0733	5	1	1	1	0	0	0	0	0	N	N	N	N	N	N	N	N	N	N	N	N	0.0000	0.0000	0.0000	0.0000	0.0000	0.0000	0.0000	0.0000	0.0000	0.0000	0.0000	0.0000	0.0000	0.0003	0.0006	0.0000	0.0065	0.0075	0.0000	0.0000	0.0000	0.0000	0.0000	0.0000	-0.0000	4.8103	0.0000	9.0653	2.0000	0.0000	0.0000	0.0000	0.0000	0.0000	0.0000	0.0000	0.0000	0.0000	0.0000	0.0000	0.0000	0.0000	0.0000	0.0000	0.0000	0.0000	0.0000	0.0000	0.0000	0.0000	0.0000	0.0000	0.0000	0.0000	0.0000	0.0000	0.0305	0.0157	0.0148	0.0015	0.0013	0.0002	0.0289	0.0144	0.0146	0.0000	0.0000	0.0000	0.0000	0.0000	0.0000	0.0000	0.0000	0.0000	0.0003	0.0006	0.0000	0.0065	0.0075	0.0000	0.0000	0.0000	0.0000						
14	23	0.1553	13	0	2	0	0	0	0	0	0	N	Y	N	N	N	N	N	N	N	N	N	N	0.0093	0.0067	0.0000	0.0181	0.0181	0.0000	0.0974	12.2501	0.0000	0.0058	0.0067	0.0000	0.0397	0.0423	0.0000	0.0000	0.0000	0.0000	0.6236	0.9949	0.0000	2.1930	2.3379	0.0002	0.0000	0.0000	0.0000	0.0000	0.0000	-0.0003	-0.0941	4.8103	4.1010	9.0653	9.0979	0.0009	0.0009	0.0000	0.0009	0.0009	0.0000	0.0000	0.0000	0.0000	0.1734	0.1734	0.0000	0.1734	0.1734	0.0000	0.0000	0.0000	0.0000	0.1462	0.1275	0.0187	0.0214	0.0201	0.0013	0.1248	0.1074	0.0174	0.2780	0.1743	0.1038	0.0791	0.0742	0.0049	0.1990	0.1001	0.0989	0.0093	0.0067	0.0000	0.0181	0.0181	0.0000	0.0974	12.2501	0.0000	0.6236	0.9949	0.0000	2.1930	2.3379	0.0002	0.0000	0.0000	0.0000
14	24	0.0517	4	1	2	0	0	0	0	0	0	N	Y	N	N	N	N	N	N	N	N	N	N	1.3140	0.0314	1708.9606	0.0191	0.0184	4.1967	325.5579	3.4912	1873.6310	0.0102	0.0005	0.0739	0.0036	0.0038	0.0012	0.0109	0.0001	0.0779	0.0078	0.0152	0.0000	0.1889	0.2057	0.0003	0.0000	0.0000	0.0000	23.6826	0.0027	0.0014	-0.0011	4.8103	7.0513	9.0653	11.7448	0.0024	0.0001	0.0023	0.0001	0.0001	0.0000	0.0023	0.0000	0.0023	0.0021	0.0021	0.0000	0.0021	0.0021	0.0000	0.0000	0.0000	0.0000	0.2356	0.2043	0.0313	0.0231	0.0215	0.0016	0.2125	0.1828	0.0296	0.2689	0.1370	0.1319	0.0110	0.0101	0.0009	0.2578	0.1269	0.1310	1.3140	0.0314	1708.9606	0.0191	0.0184	4.1967	325.5579	3.4912	1873.6310	0.0078	0.0152	0.0000	0.1889	0.2057	0.0003	0.0000	0.0000	0.0000
14	25	0.2233	14	0	2	0	0	0	0	0	0	N	Y	N	N	N	N	N	N	N	N	N	N	1344.5151	6343.5471	2424.9283	266.1643	258.0537	170.9180	1336.3492	inf	2481.4070	10.8384	6.1916	44.7678	0.6958	0.7283	0.0597	12.8809	7.4016	48.0079	0.0081	0.0010	0.0185	0.0026	0.0028	0.0003	0.0096	0.0000	0.0193	0.9903	12.8856	0.2315	0.0005	4.8103	4.7974	9.0653	5.1989	1.9874	0.9985	0.9888	0.0214	0.0213	0.0001	1.9660	0.9772	0.9887	0.0014	0.0001	0.0013	0.0001	0.0001	0.0000	0.0013	0.0000	0.0013	0.1834	0.1613	0.0221	0.0307	0.0292	0.0015	0.1526	0.1320	0.0206	0.1702	0.1013	0.0690	0.0382	0.0350	0.0032	0.1320	0.0662	0.0658	1344.5151	6343.5471	2424.9283	266.1643	258.0537	170.9180	1336.3492	inf	2481.4070	0.0081	0.0010	0.0185	0.0026	0.0028	0.0003	0.0096	0.0000	0.0193
14	26	0.1846	15	1	2	0	0	0	0	0	0	N	Y	N	N	N	N	N	N	N	N	N	N	505.7741	456.1208	9.1817	1026.0469	1197.9117	4.8333	11.5734	8.7411	39.7633	0.0948	0.1091	0.0009	0.5988	0.6255	0.0059	0.0001	0.0000	0.0007	0.0002	0.0002	0.0001	0.0006	0.0005	0.0012	0.0000	0.0000	0.0000	0.0013	0.2651	-0.0026	-0.0000	4.8103	2.0195	9.0653	15.0171	0.0070	0.0070	0.0000	0.0070	0.0070	0.0000	0.0000	0.0000	0.0000	0.0001	0.0000	0.0000	0.0001	0.0000	0.0000	0.0000	0.0000	0.0000	0.0735	0.0638	0.0097	0.0116	0.0111	0.0005	0.0619	0.0527	0.0092	0.2887	0.1788	0.1099	0.0897	0.0819	0.0078	0.1990	0.0969	0.1021	505.7741	456.1208	9.1817	1026.0469	1197.9117	4.8333	11.5734	8.7411	39.7633	0.0002	0.0002	0.0001	0.0006	0.0005	0.0012	0.0000	0.0000	0.0000
14	27	0.1758	14	0	1	0	0	0	0	0	0	N	N	N	N	N	N	N	N	N	N	N	N	2.4074	2.7214	0.4992	4.2824	4.1976	7.7473	0.7218	10666.1459	0.3788	0.0173	0.0188	0.0038	0.0490	0.0495	0.0195	0.0033	0.0034	0.0030	0.0072	0.0069	0.0077	0.0114	0.0118	0.0025	0.0046	0.0000	0.0079	0.0227	0.6623	-0.0007	-0.0002	4.8103	1.6438	9.0653	3.3228	0.0018	0.0018	0.0000	0.0016	0.0016	0.0000	0.0002	0.0002	0.0000	0.0011	0.0006	0.0004	0.0007	0.0006	0.0000	0.0004	0.0000	0.0004	0.1047	0.0941	0.0105	0.0321	0.0316	0.0005	0.0725	0.0626	0.0100	0.1495	0.0935	0.0560	0.0570	0.0549	0.0022	0.0925	0.0387	0.0538	2.4074	2.7214	0.4992	4.2824	4.1976	7.7473	0.7218	10666.1459	0.3788	0.0072	0.0069	0.0077	0.0114	0.0118	0.0025	0.0046	0.0000	0.0079
14	28	0.0968	8	0	2	0	0	0	0	0	0	N	Y	N	N	N	N	N	N	N	N	N	N	2.6228	0.0086	9.4436	0.0033	0.0092	0.0000	2.7656	0.0000	9.7786	9.6623	0.0000	76.4993	0.0000	0.0000	0.0000	11.3397	0.0000	80.5995	3.6839	0.0009	8.1006	0.0133	0.0050	0.1120	4.1002	0.0000	8.2424	1483620.3370	7801.2256	0.6178	0.4628	4.8103	3.0409	9.0653	16.1393	0.9982	0.0000	0.9982	0.0000	0.0000	0.0000	0.9982	0.0000	0.9982	1.0130	0.0001	1.0129	0.0004	0.0001	0.0002	1.0126	0.0000	1.0126	0.1033	0.0903	0.0130	0.0153	0.0146	0.0007	0.0880	0.0756	0.0124	0.2750	0.1499	0.1250	0.0280	0.0258	0.0022	0.2470	0.1241	0.1229	2.6228	0.0086	9.4436	0.0033	0.0092	0.0000	2.7656	0.0000	9.7786	3.6839	0.0009	8.1006	0.0133	0.0050	0.1120	4.1002	0.0000	8.2424
14	29	0.0919	8	0	2	0	0	0	0	0	0	N	Y	N	N	N	N	N	N	N	N	N	N	1289.6129	0.0000	81363116.7089	0.0000	0.0000	0.0000	24296139.5420	0.0000	87484298.1513	7.2068	0.0000	56.2847	0.0000	0.0000	0.0000	8.4505	0.0000	59.3897	0.0056	0.0103	0.0000	0.0539	0.0598	0.0000	0.0000	0.0000	0.0000	inf	0.0001	0.6179	-0.0006	4.8103	4.0695	9.0653	11.0027	0.9984	0.0000	0.9984	0.0000	0.0000	0.0000	0.9984	0.0000	0.9984	0.0012	0.0012	0.0000	0.0012	0.0012	0.0000	0.0000	0.0000	0.0000	0.1385	0.1208	0.0177	0.0204	0.0195	0.0009	0.1181	0.1013	0.0168	0.2091	0.1132	0.0960	0.0217	0.0195	0.0022	0.1875	0.0936	0.0938	1289.6129	0.0000	81363116.7089	0.0000	0.0000	0.0000	24296139.5420	0.0000	87484298.1513	0.0056	0.0103	0.0000	0.0539	0.0598	0.0000	0.0000	0.0000	0.0000
14	30	0.2072	17	0	2	1	1	0	0	0	0	N	Y	N	N	N	N	N	N	N	N	N	N	0.0000	0.0000	0.0000	0.0000	0.0000	0.0000	0.0000	0.0000	0.0000	0.0000	0.0000	0.0000	0.0000	0.0000	0.0000	0.0000	0.0000	0.0000	0.0000	0.0000	0.0000	0.0000	0.0000	0.0000	0.0000	0.0722	0.0000	-0.0000	4.8103	0.0021	9.0653	3.0281	0.0000	0.0000	0.0000	0.0000	0.0000	0.0000	0.0000	0.0000	0.0000	0.0000	0.0000	0.0000	0.0000	0.0000	0.0000	0.0000	0.0000	0.0000	0.0002	0.0002	0.0000	0.0001	0.0001	0.0000	0.0001	0.0001	0.0000	0.0480	0.0290	0.0189	0.0144	0.0129	0.0015	0.0336	0.0161	0.0175	0.0000	0.0000	0.0000	0.0000	0.0000	0.0000	0.0000	0.0000	0.0000	0.0000	0.0000	0.0000	0.0000	0.0000	0.0000	0.0000	0.0000	0.0000			
14	31	0.1845	16	0	1	0	1	0	0	0	0	N	N	N	N	N	N	N	N	N	N	N	N	0.0000	0.0000	0.0000	0.0000	0.0000	0.0000	0.0000	0.0000	0.0000	0.0000	0.0000	0.0000	0.0000	0.0000	0.0000	0.0000	0.0000	0.0000	0.0000	0.0000	0.0001	0.0001	0.0001	0.0000	0.0000	0.0000	0.2469	0.0000	-0.0000	4.8103	3.2874	9.0653	7.1999	0.0000	0.0000	0.0000	0.0000	0.0000	0.0000	0.0000	0.0000	0.0000	0.0000	0.0000	0.0000	0.0000	0.0000	0.0000	0.0000	0.0000	0.0000	0.1235	0.1070	0.0165	0.0242	0.0232	0.0009	0.0993	0.0837	0.0156	0.1615	0.0972	0.0643	0.0456	0.0413	0.0043	0.1158	0.0559	0.0600	0.0000	0.0000	0.0000	0.0000	0.0000	0.0000	0.0000	0.0000	0.0000	0.0000	0.0000	0.0000	0.0001	0.0001	0.0001	0.0000	0.0000	0.0000		
14	32	0.1033	8	0	2	0	0	0	0	0	0	N	Y	N	N	N	N	N	N	N	N	N	N	1.9496	1.2307	1.7614	39.1026	38.0149	25730.6268	0.0002	0.0000	0.3140	5.6728	6.4844	0.0224	33.2704	34.6445	0.3410	0.0006	0.0000	0.0041	2.9097	5.2687	0.0127	0.8508	0.9113	0.0000	3.1995	6.4199	0.0129	0.0005	0.0020	-0.3803	-0.5613	4.8103	4.3545	9.0653	19.4857	0.9992	0.9987	0.0005	0.9991	0.9987	0.0004	0.0001	0.0000	0.0001	1.0376	1.0355	0.0020	0.0374	0.0374	0.0000	1.0001	0.9981	0.0020	0.1761	0.1540	0.0221	0.0300	0.0288	0.0012	0.1461	0.1252	0.0209	0.3566	0.1965	0.1600	0.0440	0.0411	0.0029	0.3126	0.1555	0.1571	1.9496	1.2307	1.7614	39.1026	38.0149	25730.6268	0.0002	0.0000	0.3140	2.9097	5.2687	0.0127	0.8508	0.9113	0.0000	3.1995	6.4199	0.0129
14	33	0.1403	10	1	2	0	0	0	0	0	0	N	Y	N	N	N	N	N	N	N	N	N	N	0.0000	0.0000	0.0000	0.0000	0.0000	0.0000	0.0000	0.0000	0.0000	0.0000	0.0000	0.0000	0.0000	0.0000	0.0000	0.0000	0.0000	0.0000	0.0000	0.0000	4.8103	0.0000	9.0653	0.0000	0.0000	0.0000	0.0000	0.0000	0.0000	0.0000	0.0000	0.0000	0.0000	0.0000	0.0000	0.0000	0.0000	0.0000	0.0000	0.0000	0.0000	0.0000	0.0000	0.0000	0.0000	0.0000	0.0000	0.0000	0.0000	0.0000	0.0000	0.0000	0.0000	0.0000	0.0000	0.0000	0.0000	0.0000	0.0000	0.0000	0.0000	0.0000	0.0000	0.0000	0.0000	0.0000	0.0000	0.0000	0.0000	0.0000	0.0000	0.0000	0.0000	0.0000	0.0000	0.0000	0.0000	0.0000											
14	34	0.1758	14	0	2	0	1	0	0	0	0	N	Y	N	N	N	N	N	N	N	N	N	N	1574.5541	1135.2165	4.9662	0.6249	0.5851	2.4888	74348.7395	inf	8.2857	3.8131	4.3340	0.0013	0.0049	0.0049	0.0059	4.7703	5.5592	0.0010	0.0024	0.0038	0.0003	0.0079	0.0084	0.0024	0.0001	0.0000	0.0001	0.0000	0.0439	-0.3804	-0.0004	4.8103	6.4588	9.0653	12.7561	0.9984	0.9984	0.0000	0.0003	0.0002	0.0000	0.9982	0.9982	0.0000	0.0008	0.0008	0.0000	0.0008	0.0008	0.0000	0.0000	0.0000	0.0000	0.2618	0.2304	0.0315	0.0526	0.0508	0.0018	0.2092	0.1796	0.0297	0.3272	0.1988	0.1284	0.0982	0.0904	0.0078	0.2290	0.1084	0.1205	1574.5541	1135.2165	4.9662	0.6249	0.5851	2.4888	74348.7395	inf	8.2857	0.0024	0.0038	0.0003	0.0079	0.0084	0.0024	0.0001	0.0000	0.0001
14	35	0.1702	13	0	1	0	0	0	0	0	0	N	N	N	N	N	N	N	N	N	N	N	N	1.5861	0.7294	19.7423	0.5205	0.2017	105.7586	9.7361	170576.8428	14.2592	0.0209	0.0138	0.0768	0.0164	0.0066	0.2313	0.0228	0.0173	0.0563	0.0132	0.0190	0.0039	0.0315	0.0325	0.0022	0.0023	0.0000	0.0039	0.6985	0.1286	0.0001	-0.0009	4.8103	2.5642	9.0653	2.5472	0.0029	0.0017	0.0012	0.0007	0.0003	0.0004	0.0022	0.0015	0.0008	0.0020	0.0018	0.0002	0.0018	0.0018	0.0000	0.0002	0.0000	0.0002	0.1403	0.1246	0.0157	0.0419	0.0401	0.0018	0.0983	0.0845	0.0138	0.1511	0.0929	0.0582	0.0560	0.0541	0.0019	0.0951	0.0388	0.0563	1.5861	0.7294	19.7423	0.5205	0.2017	105.7586	9.7361	170576.8428	14.2592	0.0132	0.0190	0.0039	0.0315	0.0325	0.0022	0.0023	0.0000	0.0039
14	36	0.2206	18	0	1	1	0	0	0	0	0	N	N	N	N	N	N	N	N	N	N	N	N	0.0000	0.0000	0.0000	0.0000	0.0000	0.0000	0.0000	0.0000	0.0000	0.0000	0.0000	0.0000	0.0000	0.0000	0.0000	0.0000	0.0000	0.0000	0.0003	0.0000	0.0007	0.0000	0.0000	0.0000	0.0004	0.0000	0.0007	2224.8163	0.0000	0.0000	4.8103	1.0000	9.0653	2.0003	0.0000	0.0000	0.0000	0.0000	0.0000	0.0000	0.0000	0.0000	0.0000	0.0000	0.0000	0.0000	0.0000	0.0000	0.0000	0.0000	0.0000	0.0000	0.0329	0.0287	0.0042	0.0066	0.0062	0.0004	0.0263	0.0225	0.0038	0.0402	0.0239	0.0163	0.0097	0.0083	0.0013	0.0305	0.0155	0.0150	0.0000	0.0000	0.0000	0.0000	0.0000	0.0000	0.0000	0.0000	0.0000	0.0003	0.0000	0.0007	0.0000	0.0000	0.0000	0.0004	0.0000	0.0007	
14	37	0.2028	17	0	2	0	0	0	0	0	0	N	Y	N	N	N	N	N	N	N	N	N	N	90.1202	61.6376	543.5898	160.8298	144.8022	2727.6867	2.4618	77.1346	7.7685	0.1421	0.1490	0.0961	0.7836	0.7497	1.4839	0.0002	0.0000	0.0012	0.0016	0.0024	0.0002	0.0049	0.0052	0.0005	0.0001	0.0000	0.0002	0.0969	0.0439	-0.0028	-0.0002	4.8103	1.9619	9.0653	8.3400	0.0096	0.0088	0.0008	0.0096	0.0088	0.0008	0.0000	0.0000	0.0000	0.0003	0.0003	0.0000	0.0003	0.0003	0.0000	0.0000	0.0000	0.0000	0.0676	0.0588	0.0088	0.0122	0.0117	0.0006	0.0554	0.0471	0.0083	0.1946	0.1216	0.0730	0.0608	0.0568	0.0040	0.1339	0.0648	0.0690	90.1202	61.6376	543.5898	160.8298	144.8022	2727.6867	2.4618	77.1346	7.7685	0.0016	0.0024	0.0002	0.0049	0.0052	0.0005	0.0001	0.0000	0.0002
14	38	0.1042	8	1	1	1	0	0	0	0	0	N	N	N	N	N	N	N	N	N	N	N	N	46.7408	inf	0.0000	0.8382	inf	0.0000	128.3913	inf	0.0000	0.0013	0.0014	0.0000	0.0001	0.0001	0.0000	0.0021	0.0025	0.0000	0.0000	0.0000	0.0001	0.0001	0.0000	0.0014	0.0000	0.0000	0.0000	0.0000	inf	-0.0000	0.0000	4.8103	0.0095	9.0653	5.0631	0.0000	0.0000	0.0000	0.0000	0.0000	0.0000	0.0000	0.0000	0.0000	0.0000	0.0000	0.0000	0.0000	0.0000	0.0000	0.0000	0.0000	0.0000	0.0009	0.0008	0.0001	0.0004	0.0004	0.0000	0.0005	0.0004	0.0001	0.0819	0.0472	0.0347	0.0132	0.0124	0.0008	0.0687	0.0348	0.0339	46.7408	inf	0.0000	0.8382	inf	0.0000	128.3913	inf	0.0000	0.0000	0.0000	0.0001	0.0001	0.0000	0.0014	0.0000	0.0000	0.0000
14	39	0.1845	16	0	2	0	0	0	0	0	0	N	Y	N	N	N	N	N	N	N	N	N	N	0.0000	0.0000	0.0000	0.0000	0.0000	0.0000	0.0000	0.0000	0.0000	0.0000	0.0000	0.0000	0.0000	0.0000	0.0000	0.0000	0.0000	5.4535	0.0000	13.5880	0.0005	0.0001	0.0040	7.5567	0.0000	14.5789	300342.7688	0.0000	0.4567	4.8103	1.1272	9.0653	11.0864	0.0000	0.0000	0.0000	0.0000	0.0000	0.0000	0.0000	0.0000	0.0000	0.9992	0.0000	0.9992	0.0000	0.0000	0.0000	0.9992	0.0000	0.9992	0.0518	0.0447	0.0071	0.0129	0.0125	0.0003	0.0389	0.0321	0.0068	0.1832	0.1097	0.0735	0.0510	0.0460	0.0050	0.1322	0.0637	0.0685	0.0000	0.0000	0.0000	0.0000	0.0000	0.0000	0.0000	0.0000	0.0000	5.4535	0.0000	13.5880	0.0005	0.0001	0.0040	7.5567	0.0000	14.5789		
14	40	0.1845	15	0	1	0	0	0	0	0	0	N	N	N	N	N	N	N	N	N	N	N	N	0.0000	0.0000	0.0000	0.0000	0.0000	0.0000	0.0000	0.0000	0.0000	0.0000	0.0000	0.0000	0.0000	0.0000	0.0000	0.0000	0.0000	0.0002	0.0002	0.0004	0.0004	0.0003	0.0046	0.0001	0.0000	0.0002	0.9980	0.0000	-0.0000	4.8103	0.4765	9.0653	0.2778	0.0000	0.0000	0.0000	0.0000	0.0000	0.0000	0.0000	0.0000	0.0000	0.0000	0.0000	0.0000	0.0000	0.0000	0.0000	0.0000	0.0000	0.0000	0.0299	0.0257	0.0042	0.0094	0.0093	0.0001	0.0205	0.0164	0.0041	0.0330	0.0237	0.0093	0.0139	0.0136	0.0003	0.0191	0.0101	0.0090	0.0000	0.0000	0.0000	0.0000	0.0000	0.0000	0.0000	0.0000	0.0000	0.0002	0.0002	0.0004	0.0004	0.0003	0.0046	0.0001	0.0000	0.0002		
14	41	0.1867	15	0	2	0	1	0	0	0	0	N	Y	N	N	N	N	N	N	N	N	N	N	1.3190	101150.6854	0.0051	1979.4718	1589.5594	886015.3499	1.1681	inf	0.0000	3.0740	3.5342	0.0290	0.1675	0.1502	0.4978	3.5964	4.2110	0.0003	2.3305	0.0000	5.6614	0.0001	0.0001	0.0000	3.0789	0.0000	6.0356	0.0012	113367.5465	-0.3828	0.4532	4.8103	10.0333	9.0653	21.8674	1.0078	1.0066	0.0012	0.0084	0.0071	0.0012	0.9995	0.9995	0.0000	0.9916	0.0000	0.9916	0.0000	0.0000	0.0000	0.9916	0.0000	0.9916	0.3279	0.2848	0.0430	0.0500	0.0475	0.0025	0.2779	0.2373	0.0406	0.4255	0.2503	0.1751	0.1034	0.0926	0.0109	0.3220	0.1578	0.1643	1.3190	101150.6854	0.0051	1979.4718	1589.5594	886015.3499	1.1681	inf	0.0000	2.3305	0.0000	5.6614	0.0001	0.0001	0.0000	3.0789	0.0000	6.0356
14	42	0.1042	8	1	1	1	0	0	0	0	0	N	N	N	N	N	N	N	N	N	N	N	N	0.0479	0.0325	0.0000	0.0011	0.0011	87.4778	737.2345	0.0000	0.0000	0.0000	0.0000	0.0000	0.0000	0.0000	0.0000	0.0000	0.0000	0.0007	0.0012	0.0000	0.0037	0.0039	0.0000	0.0000	0.0000	0.0000	0.0000	0.0005	-0.0000	-0.0000	4.8103	0.9968	9.0653	1.9513	0.0000	0.0000	0.0000	0.0000	0.0000	0.0000	0.0000	0.0000	0.0000	0.0000	0.0000	0.0000	0.0000	0.0000	0.0000	0.0000	0.0000	0.0000	0.0333	0.0291	0.0042	0.0061	0.0057	0.0003	0.0272	0.0233	0.0039	0.0527	0.0312	0.0215	0.0101	0.0097	0.0005	0.0426	0.0215	0.0211	0.0479	0.0325	0.0000	0.0011	0.0011	0.0000	87.4778	737.2345	0.0000	0.0007	0.0012	0.0000	0.0037	0.0039	0.0000	0.0000	0.0000	0.0000	
14	43	0.0910	7	1	1	1	0	0	0	0	0	N	N	N	N	N	N	N	N	N	N	N	N	683.7489	425.9785	0.0000	13.3858	13.2192	0.0000	173105.1855	inf	0.0000	0.0143	0.0165	0.0000	0.0020	0.0022	0.0000	0.0160	0.0186	0.0000	0.0000	0.0000	0.0000	0.0002	0.0002	0.0000	0.0000	0.0000	0.0000	0.0000	0.0073	-0.0009	-0.0000	4.8103	5.0018	9.0653	1.7716	0.0024	0.0024	0.0000	0.0000	0.0000	0.0000	0.0023	0.0023	0.0000	0.0000	0.0000	0.0000	0.0000	0.0000	0.0000	0.0000	0.0000	0.0000	0.1653	0.1437	0.0216	0.0195	0.0184	0.0010	0.1458	0.1253	0.0205	0.1075	0.0578	0.0497	0.0147	0.0137	0.0010	0.0928	0.0441	0.0487	683.7489	425.9785	0.0000	13.3858	13.2192	0.0000	173105.1855	inf	0.0000	0.0000	0.0000	0.0000	0.0002	0.0002	0.0000	0.0000	0.0000	0.0000
14	44	0.0943	8	1	1	1	0	0	0	0	0	N	N	N	N	N	N	N	N	N	N	N	N	0.0000	0.0000	0.0000	0.0000	0.0000	0.0000	0.0000	0.0000	0.0000	0.0000	0.0000	0.0000	0.0000	0.0000	0.0000	0.0000	7.4141	0.0000	22.2085	0.0000	0.0000	0.0000	9.1577	0.0000	20.3130	6336894.9939	0.0000	0.4562	4.8103	4.9860	9.0653	2.3663	0.0000	0.0000	0.0000	0.0000	0.0000	0.0000	0.0000	0.0000	0.0000	0.9981	0.0000	0.9981	0.0000	0.0000	0.0000	0.9981	0.0000	0.9981	0.1652	0.1437	0.0216	0.0196	0.0186	0.0010	0.1456	0.1251	0.0205	0.1346	0.0774	0.0572	0.0256	0.0244	0.0012	0.1090	0.0530	0.0560	0.0000	0.0000	0.0000	0.0000	0.0000	0.0000	0.0000	0.0000	0.0000	7.4141	0.0000	17.4435	0.0000	0.0000	0.0000	9.1577	0.0000	17.8321			
14	45	0.0910	7	1	1	0	0	0	0	0	0	N	N	N	N	N	N	N	N	N	N	N	N	0.0201	0.6606	0.0206	10.1579	10.0616	0.0000	0.0053	0.0000	0.0212	0.0004	0.0004	0.0009	0.0012	0.0012	0.0000	0.0001	0.0000	0.0009	0.0207	0.0005	0.0437	0.0001	0.0001	0.0000	0.0259	0.0008	0.0444	0.3198	71.3484	-0.0000	0.0004	4.8103	0.0225	9.0653	1.9333	0.0000	0.0000	0.0000	0.0000	0.0000	0.0000	0.0000	0.0000	0.0000	0.0008	0.0000	0.0008	0.0000	0.0000	0.0000	0.0008	0.0000	0.0008	0.0012	0.0011	0.0001	0.0003	0.0003	0.0000	0.0009	0.0008	0.0001	0.0387	0.0206	0.0181	0.0078	0.0075	0.0003	0.0309	0.0131	0.0178	0.0201	0.6606	0.0206	10.1579	10.0616	0.0000	0.0053	0.0000	0.0212	0.0207	0.0005	0.0437	0.0001	0.0001	0.0000	0.0259	0.0008	0.0444
14	46	0.0881	6	1	1	0	0	0	0	0	0	N	N	N	N	N	N	N	N	N	N	N	N	0.5832	0.3058	13.8298	0.1385	0.1335	0.0000	19.2037	inf	16.3687	0.0000	0.0000	0.0000	0.0000	0.0000	0.0000	0.0000	0.0000	0.0000	0.0000	0.0000	0.0000	0.0002	0.0002	0.0000	0.0000	0.0000	0.0000	0.2180	0.0273	-0.0000	-0.0000	4.8103	1.0095	9.0653	0.3555	0.0000	0.0000	0.0000	0.0000	0.0000	0.0000	0.0000	0.0000	0.0000	0.0000	0.0000	0.0000	0.0000	0.0000	0.0000	0.0000	0.0000	0.0000	0.0343	0.0299	0.0045	0.0041	0.0039	0.0002	0.0302	0.0260	0.0043	0.0208	0.0113	0.0096	0.0023	0.0021	0.0002	0.0185	0.0091	0.0094	0.5832	0.3058	13.8298	0.1385	0.1335	0.0000	19.2037	inf	16.3687	0.0000	0.0000	0.0000	0.0002	0.0002	0.0000	0.0000	0.0000	0.0000
14	47	0.2028	17	0	1	1	0	0	0	0	0	N	N	N	N	N	N	N	N	N	N	N	N	2401.0856	1714.6089	0.0000	2015.9498	1966.8327	0.0000	142966.6133	24898324.3880	0.0000	19.3655	22.2729	0.0000	55.4392	58.2441	0.0000	11.6981	13.7308	0.0000	0.0081	0.0130	0.0003	0.0275	0.0296	0.0023	0.0001	0.0000	0.0002	0.0000	0.0139	-0.7579	-0.0011	4.8103	3.0460	9.0653	11.9126	1.9890	1.9890	0.0000	0.9981	0.9981	0.0000	0.9909	0.9909	0.0000	0.0020	0.0020	0.0000	0.0020	0.0020	0.0000	0.0000	0.0000	0.0000	0.1027	0.0893	0.0134	0.0180	0.0171	0.0009	0.0847	0.0722	0.0125	0.2500	0.1531	0.0969	0.0728	0.0672	0.0056	0.1772	0.0860	0.0913	2401.0856	1714.6089	0.0000	2015.9498	1966.8327	0.0000	142966.6133	24898324.3880	0.0000	0.0081	0.0130	0.0003	0.0275	0.0296	0.0023	0.0001	0.0000	0.0002
14	48	0.1894	16	0	1	0	0	0	0	0	0	N	N	N	N	N	N	N	N	N	N	N	N	8.7348	6.3095	26.6590	2.5860	1.4628	1128.6740	98.2882	1965404.9478	0.0000	0.2671	0.2862	0.1412	0.2414	0.1436	2.3452	0.2726	0.3211	0.0000	0.0306	0.0454	0.0053	0.0933	0.0981	0.0021	0.0028	0.0000	0.0054	0.0750	0.0683	-0.0033	-0.0021	4.8103	1.1082	9.0653	5.8288	0.0104	0.0097	0.0007	0.0017	0.0010	0.0007	0.0088	0.0088	0.0000	0.0044	0.0041	0.0003	0.0041	0.0041	0.0000	0.0003	0.0000	0.0003	0.0391	0.0339	0.0052	0.0070	0.0067	0.0003	0.0321	0.0273	0.0048	0.1423	0.0898	0.0525	0.0437	0.0415	0.0022	0.0986	0.0483	0.0503	8.7348	6.3095	26.6590	2.5860	1.4628	1128.6740	98.2882	1965404.9478	0.0000	0.0306	0.0454	0.0053	0.0933	0.0981	0.0021	0.0028	0.0000	0.0054
14	49	0.2206	18	0	2	0	0	0	0	0	0	N	Y	N	N	N	N	N	N	N	N	N	N	0.0000	0.0000	0.0000	0.0000	0.0000	0.0000	0.0000	0.0000	0.0000	0.0000	0.0000	0.0000	0.0000	0.0000	0.0000	0.0000	0.0000	0.0000	0.0004	0.0000	0.0010	0.0000	0.0000	0.0000	0.0005	0.0000	0.0011	2224.8163	0.0000	0.0000	4.8103	0.0000	9.0653	2.0001	0.0000	0.0000	0.0000	0.0000	0.0000	0.0000	0.0000	0.0000	0.0000	0.0000	0.0000	0.0000	0.0000	0.0000	0.0000	0.0000	0.0000	0.0000	0.0000	0.0000	0.0000	0.0000	0.0000	0.0000	0.0000	0.0000	0.0000	0.0269	0.0160	0.0109	0.0065	0.0056	0.0009	0.0204	0.0104	0.0101	0.0000	0.0000	0.0000	0.0000	0.0000	0.0000	0.0000	0.0000	0.0000	0.0004	0.0000	0.0010	0.0000	0.0000	0.0000	0.0005	0.0000	0.0011	
14	50	0.0742	5	1	2	1	0	0	0	0	0	N	Y	N	N	N	N	N	N	N	N	N	N	0.0000	0.0000	0.0000	0.0000	0.0000	0.0000	0.0000	0.0000	0.0000	0.0000	0.0000	0.0000	0.0000	0.0000	0.0000	0.0016	0.0000	0.0057	0.0055	0.0000	0.1980	0.0000	0.0000	0.0000	inf	0.0000	0.0000	4.8103	0.0000	9.0653	1.7047	0.0000	0.0000	0.0000	0.0000	0.0000	0.0000	0.0000	0.0000	0.0000	0.0001	0.0000	0.0001	0.0001	0.0000	0.0001	0.0000	0.0000	0.0000	0.0000	0.0000	0.0000	0.0000	0.0000	0.0000	0.0000	0.0000	0.0000	0.0520	0.0372	0.0148	0.0153	0.0148	0.0004	0.0368	0.0224	0.0144	0.0000	0.0000	0.0000	0.0000	0.0000	0.0000	0.0000	0.0000	0.0000	0.0016	0.0000	0.0057	0.0055	0.0000	0.1980	0.0000	0.0000	0.0000				
14	51	0.0742	5	1	2	1	0	0	0	0	0	N	Y	N	N	N	N	N	N	N	N	N	N	0.0000	0.0000	0.0000	0.0000	0.0000	0.0000	0.0000	0.0000	0.0000	0.0000	0.0000	0.0000	0.0000	0.0000	0.0000	0.0012	0.0013	0.0000	0.0026	0.0026	0.0000	0.0000	0.0000	0.0000	0.0000	0.0000	-0.0000	4.8103	0.0000	9.0653	0.2953	0.0000	0.0000	0.0000	0.0000	0.0000	0.0000	0.0000	0.0000	0.0000	0.0000	0.0000	0.0000	0.0000	0.0000	0.0000	0.0000	0.0000	0.0000	0.0000	0.0000	0.0000	0.0000	0.0000	0.0000	0.0000	0.0000	0.0000	0.0308	0.0263	0.0045	0.0135	0.0134	0.0001	0.0172	0.0128	0.0044	0.0000	0.0000	0.0000	0.0000	0.0000	0.0000	0.0000	0.0000	0.0000	0.0012	0.0013	0.0000	0.0026	0.0026	0.0000	0.0000	0.0000	0.0000				
14	52	0.0713	4	1	2	1	0	0	0	0	0	N	Y	N	N	N	N	N	N	N	N	N	N	76.9612	0.0000	1391686.2102	0.0000	0.0000	0.0000	1882376.2962	0.0000	26481705.1106	2.4546	0.0000	24.1329	0.0000	0.0000	0.0000	3.9133	0.0000	24.5489	0.0319	0.0544	0.0000	0.1387	0.1425	0.0011	0.0000	0.0000	0.0000	inf	0.0002	0.0000	-0.0008	4.8103	0.0001	9.0653	1.7968	0.0000	0.0000	0.0000	0.0000	0.0000	0.0000	0.0000	0.0000	0.0000	0.0014	0.0014	0.0000	0.0014	0.0014	0.0000	0.0000	0.0000	0.0000	0.0000	0.0000	0.0000	0.0000	0.0000	0.0000	0.0000	0.0000	0.0000	0.0437	0.0256	0.0181	0.0100	0.0098	0.0003	0.0337	0.0158	0.0178	76.9612	0.0000	1391686.2102	0.0000	0.0000	0.0000	1882376.2962	0.0000	26481705.1106	0.0319	0.0544	0.0000	0.1387	0.1425	0.0011	0.0000	0.0000	0.0000
14	53	0.1666	8	1	2	0	0	0	0	0	0	N	Y	N	N	N	N	N	N	N	N	N	N	0.0010	0.0007	0.0000	0.0004	0.0004	0.0000	103.2967	58.0338	0.0000	0.0002	0.0002	0.0000	0.0002	0.0002	0.0000	0.0002	0.0002	0.0000	0.1876	0.3089	0.0000	0.6408	0.6680	0.0000	0.0000	0.0000	0.0000	0.0000	0.0000	-0.0000	-0.0062	4.8103	1.8240	9.0653	0.8872	0.0000	0.0000	0.0000	0.0000	0.0000	0.0000	0.0000	0.0000	0.0000	0.0115	0.0115	0.0000	0.0115	0.0115	0.0000	0.0000	0.0000	0.0000	0.0763	0.0681	0.0082	0.0185	0.0178	0.0006	0.0578	0.0502	0.0076	0.0612	0.0372	0.0241	0.0179	0.0172	0.0007	0.0433	0.0200	0.0233	0.0010	0.0007	0.0000	0.0004	0.0004	0.0000	103.2967	58.0338	0.0000	0.1876	0.3089	0.0000	0.6408	0.6680	0.0000	0.0000	0.0000	0.0000
14	54	0.2506	20	0	2	0	1	0	0	0	0	N	Y	N	N	N	N	N	N	N	N	N	N	0.0000	0.0000	0.0000	0.0000	0.0000	0.0000	0.0000	0.0000	0.0000	0.0000	0.0000	0.0000	0.0000	0.0000	0.0000	0.0000	0.0001	0.0002	0.0000	0.0005	0.0005	0.0000	0.0000	0.0000	0.0000	0.0032	0.0000	-0.0000	4.8103	0.0007	9.0653	4.7762	0.0000	0.0000	0.0000	0.0000	0.0000	0.0000	0.0000	0.0000	0.0000	0.0000	0.0000	0.0000	0.0000	0.0000	0.0000	0.0000	0.0000	0.0000	0.0000	0.0000	0.0000	0.0000	0.0000	0.0000	0.0000	0.0000	0.0000	0.0758	0.0471	0.0286	0.0213	0.0195	0.0018	0.0545	0.0277	0.0269	0.0000	0.0000	0.0000	0.0000	0.0000	0.0000	0.0000	0.0000	0.0000	0.0001	0.0002	0.0000	0.0005	0.0005	0.0000	0.0000	0.0000	0.0000			
14	55	0.2506	20	0	1	0	1	0	0	0	0	N	N	N	N	N	N	N	N	N	N	N	N	0.0000	0.0000	0.0000	0.0000	0.0000	0.0000	0.0000	0.0000	0.0000	0.0000	0.0000	0.0000	0.0000	0.0002	0.0000	0.0005	0.0000	0.0000	0.0000	0.0003	0.0000	0.0005	inf	0.0000	0.0000	4.8103	0.0007	9.0653	3.2259	0.0000	0.0000	0.0000	0.0000	0.0000	0.0000	0.0000	0.0000	0.0000	0.0000	0.0000	0.0000	0.0000	0.0000	0.0000	0.0000	0.0000	0.0000	0.0000	0.0000	0.0000	0.0000	0.0000	0.0000	0.0000	0.0000	0.0000	0.0558	0.0355	0.0203	0.0166	0.0154	0.0012	0.0392	0.0201	0.0190	0.0000	0.0000	0.0000	0.0000	0.0000	0.0000	0.0000	0.0000	0.0000	0.0002	0.0000	0.0005	0.0000	0.0000	0.0000	0.0003	0.0000	0.0005						
14	56	0.2462	19	0	1	0	1	0	0	0	0	N	N	N	N	N	N	N	N	N	N	N	N	0.0000	0.0000	0.0000	0.0000	0.0000	0.0000	0.0000	0.0000	0.0000	0.0000	0.0000	0.0000	0.0000	0.0000	0.0000	0.0000	0.0000	0.0000	0.0000	0.0000	0.0000	0.0000	0.0000	0.0000	0.0000	2.4532	0.0000	0.0000	4.8103	0.9953	9.0653	1.3904	0.0000	0.0000	0.0000	0.0000	0.0000	0.0000	0.0000	0.0000	0.0000	0.0000	0.0000	0.0000	0.0000	0.0000	0.0000	0.0000	0.0000	0.0000	0.0331	0.0289	0.0042	0.0057	0.0054	0.0003	0.0274	0.0235	0.0039	0.0433	0.0283	0.0150	0.0133	0.0124	0.0009	0.0300	0.0159	0.0141	0.0000	0.0000	0.0000	0.0000	0.0000	0.0000	0.0000	0.0000	0.0000	0.0000	0.0000	0.0000	0.0000	0.0000	0.0000	0.0000	0.0000	0.0000			
14	57	0.2395	18	0	1	0	1	0	0	0	0	N	N	N	N	N	N	N	N	N	N	N	N	0.0000	0.0000	0.0000	0.0000	0.0000	0.0000	0.0000	0.0000	0.0000	0.0000	0.0000	0.0000	0.0000	0.0000	0.0000	0.0000	0.0000	0.0000	0.0000	0.0000	0.0000	0.0000	0.0000	0.0000	0.0000	0.0000	0.4308	0.0000	-0.0000	4.8103	0.0068	9.0653	3.2797	0.0000	0.0000	0.0000	0.0000	0.0000	0.0000	0.0000	0.0000	0.0000	0.0000	0.0000	0.0000	0.0000	0.0000	0.0000	0.0000	0.0000	0.0000	0.0003	0.0002	0.0000	0.0001	0.0001	0.0000	0.0002	0.0002	0.0000	0.0541	0.0325	0.0215	0.0154	0.0142	0.0012	0.0387	0.0183	0.0203	0.0000	0.0000	0.0000	0.0000	0.0000	0.0000	0.0000	0.0000	0.0000	0.0000	0.0000	0.0000	0.0000	0.0000	0.0000	0.0000	0.0000	0.0000		
14	58	0.1984	17	0	1	0	1	0	0	0	0	N	N	N	N	N	N	N	N	N	N	N	N	0.9755	0.0003	3.3623	0.0005	0.0005	0.0000	0.9921	inf	3.5129	3.5475	0.0001	28.9830	0.0002	0.0002	0.0000	4.6218	0.0000	31.8316	3.6365	0.1651	8.6200	0.4069	0.4416	0.0254	4.6588	0.0000	9.0613	77760.6667	36.3634	0.4812	0.4417	4.8103	5.8573	9.0653	13.1443	0.7775	0.0000	0.7775	0.0000	0.0000	0.0000	0.7775	0.0000	0.7775	1.0265	0.0275	0.9990	0.0276	0.0275	0.0001	0.9989	0.0000	0.9989	0.2192	0.1924	0.0268	0.0509	0.0485	0.0024	0.1682	0.1438	0.0244	0.2823	0.1664	0.1159	0.0679	0.0622	0.0057	0.2144	0.1042	0.1102	0.9755	0.0003	3.3623	0.0005	0.0005	0.0000	0.9921	inf	3.5129	3.6365	0.1651	8.6200	0.4069	0.4416	0.0254	4.6588	0.0000	9.0613
14	59	0.0447	3	0	2	1	0	0	0	0	0	N	Y	N	N	N	N	N	N	N	N	N	N	84.2357	103.5950	0.0000	280.1834	280.7866	0.0000	0.0000	0.0000	0.0000	0.2312	0.2676	0.0000	3.6780	3.7464	0.0000	0.0000	0.0000	0.0000	0.0027	0.0026	0.0030	0.0131	0.0133	0.0011	0.0014	0.0000	0.0030	0.0000	0.8736	-0.0031	-0.0000	4.8103	0.9979	9.0653	4.0614	0.0080	0.0080	0.0000	0.0080	0.0080	0.0000	0.0000	0.0000	0.0000	0.0003	0.0001	0.0001	0.0001	0.0001	0.0000	0.0001	0.0000	0.0001	0.0347	0.0300	0.0047	0.0022	0.0021	0.0000	0.0325	0.0278	0.0047	0.0983	0.0558	0.0426	0.0110	0.0108	0.0002	0.0873	0.0450	0.0424	84.2357	103.5950	0.0000	280.1834	280.7866	0.0000	0.0000	0.0000	0.0000	0.0027	0.0026	0.0030	0.0131	0.0133	0.0011	0.0014	0.0000	0.0030
14	60	0.0363	2	0	2	0	0	0	0	0	0	N	Y	N	N	N	N	N	N	N	N	N	N	54.0298	51.9087	0.7428	20.9625	20.8020	0.5780	0.7788	0.0000	0.7427	0.8766	1.3526	0.0028	2.7177	2.7191	0.0018	0.0015	0.0000	0.0028	0.0162	0.0261	0.0038	0.1296	0.1307	0.0032	0.0019	0.0000	0.0038	0.0011	0.1141	-0.0658	-0.0006	4.8103	2.2356	9.0653	2.2044	0.1733	0.1731	0.0002	0.1731	0.1731	0.0000	0.0002	0.0000	0.0002	0.0014	0.0013	0.0001	0.0013	0.0013	0.0000	0.0001	0.0000	0.0001	0.1977	0.1279	0.0697	0.0637	0.0636	0.0000	0.1340	0.0643	0.0697	0.0885	0.0494	0.0390	0.0099	0.0099	0.0001	0.0785	0.0396	0.0389	54.0298	51.9087	0.7428	20.9625	20.8020	0.5780	0.7788	0.0000	0.7427	0.0162	0.0261	0.0038	0.1296	0.1307	0.0032	0.0019	0.0000	0.0038
14	61	0.0919	8	1	1	1	0	0	0	0	0	N	N	N	N	N	N	N	N	N	N	N	N	0.0006	6.7714	0.0000	6.1652	6.9677	0.0000	0.0000	0.0000	0.0042	0.0049	0.0000	0.0273	0.0284	0.0000	0.0000	0.0000	0.0000	7.6978	0.0007	20.6758	0.0044	0.0041	0.0076	8.6045	0.0000	17.5644	0.0000	19796.3444	-0.0001	0.4559	4.8103	2.0703	9.0653	7.0012	0.0003	0.0003	0.0000	0.0003	0.0003	0.0000	0.0000	0.0000	0.0000	0.9976	0.0001	0.9976	0.0001	0.0001	0.0000	0.9976	0.0000	0.9976	0.0729	0.0636	0.0093	0.0114	0.0109	0.0005	0.0616	0.0527	0.0088	0.1296	0.0701	0.0595	0.0137	0.0123	0.0013	0.1159	0.0578	0.0582	0.0006	6.7714	0.0000	6.1652	6.9677	0.0000	0.0000	0.0000	0.0000	7.6978	0.0007	16.7728	0.0044	0.0041	0.0076	8.6045	0.0000	17.1540	
14	62	0.0903	7	0	1	0	0	0	0	0	0	N	N	N	N	N	N	N	N	N	N	N	N	0.1702	3.1350	0.4419	4.0194	3.8559	0.0000	0.1281	0.0000	0.4557	0.0135	0.0043	0.0755	0.0265	0.0278	0.0000	0.0113	0.0000	0.0796	0.0791	0.0014	0.1709	0.0066	0.0072	0.0003	0.0882	0.0000	0.1747	2.5819	105.1904	0.0001	0.0005	4.8103	0.9285	9.0653	0.0280	0.0004	0.0001	0.0003	0.0001	0.0001	0.0000	0.0003	0.0000	0.0003	0.0011	0.0000	0.0011	0.0000	0.0000	0.0000	0.0011	0.0000	0.0011	0.0319	0.0278	0.0041	0.0045	0.0043	0.0002	0.0274	0.0235	0.0039	0.0144	0.0078	0.0066	0.0016	0.0015	0.0001	0.0128	0.0063	0.0065	0.1702	3.1350	0.4419	4.0194	3.8559	0.0000	0.1281	0.0000	0.4557	0.0791	0.0014	0.1709	0.0066	0.0072	0.0003	0.0882	0.0000	0.1747
14	63	0.1354	10	1	2	0	0	0	0	0	0	N	Y	N	N	N	N	N	N	N	N	N	N	0.0066	0.0044	0.0000	0.0054	0.0054	0.0000	0.0000	0.0000	0.0000	0.0000	0.0000	0.0001	0.0001	0.0000	0.0000	0.0000	0.0000	0.0018	0.0031	0.0000	0.0139	0.0147	0.0000	0.0000	0.0000	0.0000	0.0000	0.0000	-0.0000	-0.0001	4.8103	1.0023	9.0653	3.0135	0.0000	0.0000	0.0000	0.0000	0.0000	0.0000	0.0000	0.0000	0.0000	0.0001	0.0001	0.0000	0.0001	0.0001	0.0000	0.0000	0.0000	0.0000	0.0347	0.0302	0.0045	0.0054	0.0051	0.0003	0.0293	0.0251	0.0042	0.0657	0.0383	0.0274	0.0084	0.0079	0.0005	0.0573	0.0304	0.0269	0.0066	0.0044	0.0000	0.0054	0.0054	0.0000	0.0000	0.0000	0.0000	0.0018	0.0031	0.0000	0.0139	0.0147	0.0000	0.0000	0.0000	0.0000	
14	64	0.1090	9	1	2	0	0	0	0	0	0	N	Y	N	N	N	N	N	N	N	N	N	N	189.3893	134.6637	0.0000	115.8131	111.7080	0.0000	0.2316	55.4828	0.0000	0.0156	0.0177	0.0000	0.0792	0.0820	0.0000	0.0000	0.0000	0.0000	0.0001	0.0001	0.0000	0.0007	0.0007	0.0001	0.0000	0.0000	0.0000	0.0000	0.1142	-0.0008	-0.0000	4.8103	3.0820	9.0653	9.3392	0.0020	0.0020	0.0000	0.0020	0.0020	0.0000	0.0000	0.0000	0.0000	0.0000	0.0000	0.0000	0.0000	0.0000	0.0000	0.0000	0.0000	0.0000	0.1265	0.1112	0.0153	0.0249	0.0240	0.0009	0.1017	0.0872	0.0145	0.1873	0.1051	0.0823	0.0204	0.0188	0.0016	0.1669	0.0863	0.0807	189.3893	134.6637	0.0000	115.8131	111.7080	0.0000	0.2316	55.4828	0.0000	0.0001	0.0001	0.0000	0.0007	0.0007	0.0001	0.0000	0.0000	0.0000
14	65	0.0363	2	0	2	0	0	0	0	0	0	N	Y	N	N	N	N	N	N	N	N	N	N	160.8563	0.0267	80950.8123	0.0069	0.0069	1.4293	94426.4954	83504.4902	3.3022	0.0010	8.9235	0.0019	0.0019	0.0023	5.0456	0.0000	8.9271	0.0205	0.0381	0.0001	0.2670	0.2706	0.0016	0.0001	0.0000	0.0001	5153.5545	0.0025	0.3743	-0.0015	4.8103	1.7946	9.0653	5.9592	0.6050	0.0001	0.6049	0.0001	0.0001	0.0000	0.6049	0.0000	0.6049	0.0029	0.0029	0.0000	0.0029	0.0029	0.0000	0.0000	0.0000	0.0000	0.1832	0.1154	0.0678	0.0633	0.0633	0.0000	0.1199	0.0521	0.0678	0.1395	0.0750	0.0645	0.0107	0.0106	0.0001	0.1288	0.0644	0.0644	160.8563	0.0267	80950.8123	0.0069	0.0069	1.4293	94426.4954	0.0000	83504.4902	0.0205	0.0381	0.0001	0.2670	0.2706	0.0016	0.0001	0.0000	0.0001	
14	68	0.2206	18	0	1	1	0	0	0	0	0	N	N	N	N	N	N	N	N	N	N	N	N	0.0000	0.0000	0.0000	0.0000	0.0000	0.0000	0.0000	0.0000	0.0000	0.0000	0.0000	0.0000	0.0000	0.0000	0.0000	0.0000	0.0000	0.2533	0.4263	0.0005	1.0545	1.2230	0.0000	0.0002	0.0000	0.0005	0.0007	0.0000	-0.0073	4.8103	0.0000	9.0653	4.0001	0.0000	0.0000	0.0000	0.0000	0.0000	0.0000	0.0000	0.0000	0.0000	0.0135	0.0135	0.0000	0.0135	0.0135	0.0000	0.0000	0.0000	0.0000	0.0000	0.0000	0.0000	0.0000	0.0000	0.0000	0.0000	0.0000	0.0000	0.0534	0.0317	0.0217	0.0128	0.0110	0.0018	0.0406	0.0206	0.0199	0.0000	0.0000	0.0000	0.0000	0.0000	0.0000	0.0000	0.0000	0.0000	0.2533	0.4263	0.0005	1.0545	1.2230	0.0000	0.0002	0.0000	0.0005		
14	69	0.1984	17	0	1	0	0	0	0	0	0	N	N	N	N	N	N	N	N	N	N	N	N	0.0003	0.2403	0.0000	0.3354	0.3256	0.0000	0.0000	0.0022	0.0000	0.0015	0.0016	0.0000	0.0052	0.0054	0.0000	0.0000	0.0000	0.0000	4.9022	0.0068	12.1731	0.0155	0.0167	0.0006	6.6597	0.0000	12.7914	0.0000	1198.1079	-0.0001	0.4428	4.8103	2.8240	9.0653	8.9883	0.0002	0.0002	0.0000	0.0002	0.0002	0.0000	0.0000	0.0000	0.0000	0.9706	0.0008	0.9698	0.0008	0.0008	0.0000	0.9698	0.0000	0.9698	0.1249	0.1102	0.0147	0.0349	0.0334	0.0015	0.0900	0.0768	0.0132	0.1980	0.1183	0.0797	0.0524	0.0485	0.0039	0.1456	0.0698	0.0758	0.0003	0.2403	0.0000	0.3354	0.3256	0.0000	0.0000	0.0022	0.0000	4.9022	0.0068	12.1731	0.0155	0.0167	0.0006	6.6597	0.0000	12.7914
14	70	0.1894	16	0	1	0	0	0	0	0	0	N	N	N	N	N	N	N	N	N	N	N	N	0.0791	0.0532	0.2162	0.9681	0.1281	245.3443	0.0131	0.1221	0.0421	0.0202	0.0027	0.1355	0.0957	0.0132	1.8046	0.0043	0.0003	0.0274	0.2556	0.0515	0.6269	0.0988	0.1027	0.0074	0.3327	0.0023	0.6516	7.4949	6.6860	0.0005	0.0099	4.8103	1.4521	9.0653	3.5882	0.0010	0.0001	0.0009	0.0008	0.0001	0.0007	0.0002	0.0000	0.0002	0.0302	0.0039	0.0263	0.0039	0.0038	0.0000	0.0263	0.0001	0.0263	0.0504	0.0438	0.0066	0.0088	0.0084	0.0004	0.0417	0.0354	0.0062	0.1182	0.0763	0.0419	0.0390	0.0374	0.0016	0.0792	0.0389	0.0403	0.0791	0.0532	0.2162	0.9681	0.1281	245.3443	0.0131	0.1221	0.0421	0.2556	0.0515	0.6269	0.0988	0.1027	0.0074	0.3327	0.0023	0.6516
14	71	0.1867	15	0	1	0	0	0	0	0	0	N	N	N	N	N	N	N	N	N	N	N	N	0.4164	0.2890	1.1613	1.4162	0.6076	595.0492	0.0349	42565.7805	0.0101	0.0478	0.0249	0.2021	0.2157	0.0954	3.8995	0.0032	0.0034	0.0018	0.1148	0.0862	0.1740	0.1523	0.1570	0.0066	0.0916	0.0000	0.1804	1.2035	0.9750	0.0004	-0.0004	4.8103	1.1783	9.0653	0.9542	0.0023	0.0010	0.0012	0.0022	0.0009	0.0012	0.0001	0.0001	0.0000	0.0080	0.0040	0.0039	0.0040	0.0040	0.0000	0.0039	0.0000	0.0039	0.0478	0.0416	0.0062	0.0100	0.0097	0.0003	0.0378	0.0319	0.0059	0.0694	0.0468	0.0226	0.0265	0.0257	0.0008	0.0428	0.0211	0.0218	0.4164	0.2890	1.1613	1.4162	0.6076	595.0492	0.0349	42565.7805	0.0101	0.1148	0.0862	0.1740	0.1523	0.1570	0.0066	0.0916	0.0000	0.1804
14	72	0.1821	14	0	1	0	0	0	0	0	0	N	N	N	N	N	N	N	N	N	N	N	N	273.5963	2.8446	754.3006	40924.1522	0.5117	644067.6178	0.0357	68218.0230	0.0000	13.6433	0.0027	103.8567	79.8192	0.0010	1686.8723	0.0026	0.0031	0.0000	0.0499	0.0009	0.1377	0.0020	0.0019	0.0026	0.0740	0.0000	0.1442	5811.7897	80.7405	0.6172	0.0018	4.8103	2.0762	9.0653	1.4610	0.9975	0.0002	0.9974	0.9974	0.0000	0.9974	0.0002	0.0002	0.0000	0.0041	0.0001	0.0041	0.0001	0.0001	0.0000	0.0041	0.0000	0.0041	0.0731	0.0635	0.0096	0.0125	0.0119	0.0006	0.0606	0.0516	0.0090	0.0823	0.0529	0.0295	0.0276	0.0262	0.0014	0.0548	0.0267	0.0281	273.5963	2.8446	754.3006	40924.1522	0.5117	644067.6178	0.0357	68218.0230	0.0000	0.0499	0.0009	0.1377	0.0020	0.0019	0.0026	0.0740	0.0000	0.1442
14	73	0.1179	10	0	1	0	0	0	0	0	0	N	N	N	N	N	N	N	N	N	N	N	N	1.9558	1.2364	0.0000	1.6258	1.7510	0.0000	2.1004	1.2412	0.0000	6.3504	7.2417	0.0000	0.0071	0.0074	0.0000	7.7328	9.0098	0.0000	3.2469	5.8572	0.0016	0.0044	0.0042	0.0059	3.6815	7.2587	0.0015	0.0000	0.0002	-0.3810	-0.5420	4.8103	4.0673	9.0653	17.8409	0.9998	0.9998	0.0000	0.0002	0.0002	0.0000	0.9996	0.9996	0.0000	0.9986	0.9984	0.0002	0.0002	0.0001	0.0000	0.9984	0.9982	0.0002	0.1574	0.1381	0.0194	0.0282	0.0271	0.0011	0.1293	0.1109	0.0183	0.3075	0.1705	0.1371	0.0363	0.0329	0.0034	0.2712	0.1375	0.1337	1.9558	1.2364	0.0000	1.6258	1.7510	0.0000	2.1004	1.2412	0.0000	3.2469	5.8572	0.0016	0.0044	0.0042	0.0059	3.6815	7.2587	0.0015
14	75	0.2546	14	0	1	0	0	0	0	0	0	N	N	N	N	N	N	N	N	N	N	N	N	4.3949	0.5684	320.7831	3.4201	3.0039	1185.4041	3.7372	0.3383	313.3199	5.3467	0.9777	41.6330	0.3779	0.3657	0.7053	7.6488	1.2958	46.4842	1.2166	1.7200	0.1298	0.1105	0.1217	0.0006	2.0467	3.8308	0.1484	5.1271	0.0350	0.5099	-0.6968	4.8103	3.5843	9.0653	46.7516	1.1189	0.1826	0.9363	0.0250	0.0234	0.0017	1.0939	0.1593	0.9346	1.3684	1.3221	0.0462	0.0533	0.0533	0.0000	1.3151	1.2689	0.0462	0.2093	0.1868	0.0225	0.0663	0.0639	0.0024	0.1430	0.1229	0.0201	1.1248	0.7687	0.3561	0.4822	0.4375	0.0448	0.6425	0.3312	0.3113	4.3949	0.5684	320.7831	3.4201	3.0039	1185.4041	3.7372	0.3383	313.3199	1.2166	1.7200	0.1298	0.1105	0.1217	0.0006	2.0467	3.8308	0.1484
14	76	0.1191	10	1	2	1	0	0	0	0	0	N	Y	N	N	N	N	N	N	N	N	N	N	0.0000	0.0000	0.0000	0.0000	0.0000	0.0000	0.0000	0.0000	0.0000	0.0000	0.0000	0.0000	0.0000	0.0001	0.0002	0.0000	0.0007	0.0007	0.0000	0.0000	0.0000	0.0000	0.0001	0.0000	-0.0000	4.8103	1.0003	9.0653	1.0071	0.0000	0.0000	0.0000	0.0000	0.0000	0.0000	0.0000	0.0000	0.0000	0.0000	0.0000	0.0000	0.0000	0.0000	0.0000	0.0000	0.0000	0.0000	0.0334	0.0291	0.0043	0.0048	0.0046	0.0002	0.0286	0.0246	0.0040	0.0291	0.0156	0.0135	0.0036	0.0032	0.0004	0.0255	0.0124	0.0131	0.0000	0.0000	0.0000	0.0000	0.0000	0.0000	0.0000	0.0000	0.0000	0.0001	0.0002	0.0000	0.0007	0.0007	0.0000	0.0000	0.0000	0.0000						
14	77	0.1124	9	1	1	1	0	0	0	0	0	N	N	N	N	N	N	N	N	N	N	N	N	0.0000	0.0000	0.0000	0.0000	0.0000	0.0000	0.0000	0.0000	0.0000	0.0000	0.0000	0.0000	0.0000	0.0000	0.0000	0.0000	0.0000	0.0138	0.0195	0.0000	0.0429	0.0436	0.0000	0.0000	0.0000	0.0000	0.0003	-0.0000	-0.0008	4.8103	0.9901	9.0653	2.2068	0.0000	0.0000	0.0000	0.0000	0.0000	0.0000	0.0000	0.0000	0.0000	0.0014	0.0014	0.0000	0.0014	0.0014	0.0000	0.0000	0.0000	0.0000	0.0336	0.0293	0.0043	0.0049	0.0047	0.0002	0.0287	0.0246	0.0041	0.1030	0.0727	0.0303	0.0331	0.0326	0.0005	0.0699	0.0401	0.0298	0.0000	0.0000	0.0000	0.0000	0.0000	0.0000	0.0000	0.0000	0.0000	0.0138	0.0195	0.0000	0.0429	0.0436	0.0000	0.0000	0.0000	0.0000		
14	78	0.1354	11	0	2	0	0	0	0	0	0	N	Y	N	N	N	N	N	N	N	N	N	N	0.9466	0.8212	0.7939	1.3711	1.2977	85.1530	0.1598	58.4070	0.5568	0.0530	0.0563	0.0297	0.2896	0.2970	0.1407	0.0030	0.0000	0.0216	0.0560	0.0685	0.0375	0.2112	0.2289	0.0017	0.0187	0.0000	0.0389	0.0735	0.3679	-0.0054	-0.0059	4.8103	8.4371	9.0653	15.3349	0.0172	0.0161	0.0012	0.0164	0.0161	0.0004	0.0008	0.0000	0.0008	0.0214	0.0156	0.0057	0.0156	0.0156	0.0000	0.0057	0.0000	0.0057	0.3249	0.2852	0.0396	0.0567	0.0540	0.0027	0.2681	0.2312	0.0370	0.3811	0.2278	0.1533	0.0740	0.0682	0.0057	0.3071	0.1596	0.1476	0.9466	0.8212	0.7939	1.3711	1.2977	85.1530	0.1598	58.4070	0.5568	0.0560	0.0685	0.0375	0.2112	0.2289	0.0017	0.0187	0.0000	0.0389
14	79	0.1124	9	1	1	1	0	0	0	0	0	N	N	N	N	N	N	N	N	N	N	N	N	0.0485	0.0353	0.0000	0.0000	0.0000	6.4608	inf	0.0000	0.0004	0.0005	0.0000	0.0000	0.0000	0.0000	0.0005	0.0005	0.0000	0.0082	0.0130	0.0002	0.0364	0.0377	0.0000	0.0001	0.0000	0.0002	0.0000	0.0068	-0.0000	-0.0008	4.8103	3.0096	9.0653	5.7427	0.0000	0.0000	0.0000	0.0000	0.0000	0.0000	0.0000	0.0000	0.0000	0.0015	0.0015	0.0000	0.0015	0.0015	0.0000	0.0000	0.0000	0.0000	0.1001	0.0874	0.0127	0.0143	0.0136	0.0007	0.0858	0.0738	0.0121	0.1788	0.1128	0.0660	0.0402	0.0388	0.0014	0.1386	0.0740	0.0646	0.0485	0.0353	0.0000	0.0000	0.0000	0.0000	6.4608	inf	0.0000	0.0082	0.0130	0.0002	0.0364	0.0377	0.0000	0.0001	0.0000	0.0002	
14	80	0.0968	8	1	1	1	0	0	0	0	0	N	N	N	N	N	N	N	N	N	N	N	N	2.7593	1.7059	19.9782	2.1203	2.0859	0.0000	6.5837	0.0000	23.1192	0.0161	0.0172	0.0083	0.0911	0.0946	0.0000	0.0012	0.0000	0.0087	0.0058	0.0101	0.0004	0.0430	0.0453	0.0026	0.0002	0.0000	0.0004	0.0685	0.0322	-0.0002	-0.0003	4.8103	1.0477	9.0653	6.1154	0.0006	0.0006	0.0000	0.0006	0.0006	0.0000	0.0000	0.0000	0.0000	0.0007	0.0007	0.0000	0.0007	0.0007	0.0000	0.0000	0.0000	0.0000	0.0378	0.0331	0.0047	0.0063	0.0060	0.0002	0.0316	0.0271	0.0045	0.1167	0.0654	0.0513	0.0154	0.0146	0.0009	0.1013	0.0508	0.0505	2.7593	1.7059	19.9782	2.1203	2.0859	0.0000	6.5837	0.0000	23.1192	0.0058	0.0101	0.0004	0.0430	0.0453	0.0026	0.0002	0.0000	0.0004
14	81	0.0903	7	0	1	0	0	0	0	0	0	N	N	N	N	N	N	N	N	N	N	N	N	3.4422	1.4218	12.6900	2.5263	6.0299	0.0000	3.5825	0.0000	13.5681	0.0450	0.0027	0.3315	0.0172	0.0181	0.0000	0.0495	0.0000	0.3495	0.0131	0.0019	0.0261	0.0068	0.0030	0.0423	0.0138	0.0017	0.0258	17.9862	11.6865	0.0017	0.0002	4.8103	1.9794	9.0653	1.0196	0.0030	0.0002	0.0029	0.0002	0.0002	0.0000	0.0029	0.0000	0.0029	0.0006	0.0000	0.0005	0.0000	0.0000	0.0000	0.0005	0.0000	0.0005	0.0670	0.0584	0.0086	0.0093	0.0088	0.0004	0.0578	0.0496	0.0082	0.0440	0.0237	0.0203	0.0046	0.0041	0.0004	0.0394	0.0195	0.0198	3.4422	1.4218	12.6900	2.5263	6.0299	0.0000	3.5825	0.0000	13.5681	0.0131	0.0019	0.0261	0.0068	0.0030	0.0423	0.0138	0.0017	0.0258
14	82	0.0881	6	0	1	0	0	0	0	0	0	N	N	N	N	N	N	N	N	N	N	N	N	5.0801	0.0555	18.6673	0.0809	0.0836	0.0000	5.3491	0.0000	19.2145	0.0035	0.0000	0.0268	0.0000	0.0000	0.0000	0.0040	0.0000	0.0280	0.0007	0.0001	0.0014	0.0003	0.0003	0.0002	0.0007	0.0000	0.0015	1296.4718	21.7826	0.0001	0.0000	4.8103	1.0114	9.0653	0.0202	0.0001	0.0000	0.0001	0.0000	0.0000	0.0000	0.0001	0.0000	0.0001	0.0000	0.0000	0.0000	0.0000	0.0000	0.0000	0.0000	0.0000	0.0000	0.0344	0.0299	0.0045	0.0041	0.0039	0.0002	0.0303	0.0260	0.0043	0.0159	0.0086	0.0073	0.0018	0.0017	0.0002	0.0141	0.0069	0.0071	5.0801	0.0555	18.6673	0.0809	0.0836	0.0000	5.3491	0.0000	19.2145	0.0007	0.0001	0.0014	0.0003	0.0003	0.0002	0.0007	0.0000	0.0015
14	83	0.0676	5	0	1	0	0	0	0	0	0	N	N	N	N	N	N	N	N	N	N	N	N	1.2430	0.7727	0.0000	1.3065	1.2619	0.0000	7.8828	55.4905	0.0000	0.0033	0.0037	0.0000	0.0276	0.0287	0.0000	0.0001	0.0001	0.0000	0.0026	0.0048	0.0000	0.0212	0.0227	0.0000	0.0000	0.0000	0.0000	0.0000	0.0021	-0.0003	-0.0002	4.8103	5.9223	9.0653	3.6882	0.0007	0.0007	0.0000	0.0007	0.0007	0.0000	0.0000	0.0000	0.0000	0.0004	0.0004	0.0000	0.0004	0.0004	0.0000	0.0000	0.0000	0.0000	0.2089	0.1819	0.0269	0.0243	0.0234	0.0009	0.1846	0.1585	0.0260	0.1558	0.0842	0.0716	0.0193	0.0179	0.0014	0.1365	0.0663	0.0703	1.2430	0.7727	0.0000	1.3065	1.2619	0.0000	7.8828	55.4905	0.0000	0.0026	0.0048	0.0000	0.0212	0.0227	0.0000	0.0000	0.0000	0.0000
14	84	0.1553	13	0	2	0	0	0	0	0	0	N	Y	N	N	N	N	N	N	N	N	N	N	1.2303	0.0001	8.4387	2.9091	0.1280	552.0113	1.1015	0.0000	8.5096	4.0829	0.0002	31.7422	0.0269	0.0013	0.4262	4.7161	0.0000	33.8587	3.3187	3.0240	3.7615	0.0093	0.0102	0.0008	4.2815	4.5695	3.9789	24728.8774	0.8277	0.6187	-0.1636	4.8103	7.1084	9.0653	28.8937	0.9997	0.0000	0.9997	0.0009	0.0000	0.0008	0.9988	0.0000	0.9988	1.8156	0.9934	0.8223	0.0011	0.0011	0.0000	1.8145	0.9922	0.8222	0.2448	0.2134	0.0315	0.0331	0.0311	0.0020	0.2118	0.1823	0.0295	0.5471	0.3285	0.2186	0.1233	0.1113	0.0119	0.4238	0.2171	0.2067	1.2303	0.0001	8.4387	2.9091	0.1280	552.0113	1.1015	0.0000	8.5096	3.3187	3.0240	3.7615	0.0093	0.0102	0.0008	4.2815	4.5695	3.9789
14	85	0.1478	12	0	2	0	0	0	0	0	0	N	Y	N	N	N	N	N	N	N	N	N	N	0.0068	0.0089	0.0049	0.0057	0.0057	4.3985	0.0078	0.2758	0.0054	0.0113	0.0112	0.0122	0.0144	0.0150	0.0034	0.0097	0.0090	0.0141	1.6667	1.2525	2.5052	2.5364	2.6383	0.0008	1.2461	0.0326	2.6044	0.1333	0.9881	-0.0004	-0.0133	4.8103	2.2208	9.0653	3.9129	0.0014	0.0013	0.0002	0.0006	0.0006	0.0000	0.0008	0.0006	0.0002	0.2890	0.1454	0.1436	0.1433	0.1433	0.0000	0.1456	0.0020	0.1436	0.1267	0.1129	0.0138	0.0431	0.0407	0.0024	0.0836	0.0722	0.0114	0.1734	0.1161	0.0573	0.0565	0.0543	0.0022	0.1169	0.0617	0.0551	0.0068	0.0089	0.0049	0.0057	0.0057	4.3985	0.0078	0.2758	0.0054	1.6667	1.2525	2.5052	2.5364	2.6383	0.0008	1.2461	0.0326	2.6044
14	86	0.2233	14	0	1	1	0	0	0	0	0	N	N	N	N	N	N	N	N	N	N	N	N	25.2629	446.9382	0.2953	872.8356	851.7542	229.6086	0.0017	inf	0.0041	0.1653	0.1874	0.0045	1.0243	1.0731	0.0690	0.0000	0.0000	0.0001	0.0065	0.0004	0.0153	0.0012	0.0013	0.0003	0.0080	0.0000	0.0161	0.0033	25.4603	-0.0125	0.0006	4.8103	5.3425	9.0653	7.0749	0.0332	0.0331	0.0001	0.0332	0.0331	0.0001	0.0000	0.0000	0.0000	0.0013	0.0001	0.0013	0.0001	0.0001	0.0000	0.0013	0.0000	0.0013	0.2009	0.1765	0.0244	0.0324	0.0308	0.0016	0.1685	0.1457	0.0228	0.2026	0.1195	0.0832	0.0437	0.0398	0.0039	0.1590	0.0797	0.0793	25.2629	446.9382	0.2953	872.8356	851.7542	229.6086	0.0017	inf	0.0041	0.0065	0.0004	0.0153	0.0012	0.0013	0.0003	0.0080	0.0000	0.0161
14	87	0.1801	13	0	1	0	0	0	0	0	0	N	N	N	N	N	N	N	N	N	N	N	N	0.6948	6.5384	0.7553	6.8673	4.3901	852.2837	0.4126	864.5025	0.4822	0.1692	0.1282	0.4858	0.2776	0.1929	2.0641	0.1384	0.1078	0.3346	0.2436	0.0196	0.6431	0.0404	0.0439	0.0024	0.3354	0.0001	0.6939	0.4917	18.3900	-0.0027	0.0446	4.8103	7.0719	9.0653	13.7350	0.0516	0.0346	0.0170	0.0188	0.0124	0.0063	0.0328	0.0221	0.0107	0.1100	0.0057	0.1043	0.0057	0.0057	0.0000	0.1043	0.0000	0.1043	0.3047	0.2697	0.0350	0.0676	0.0645	0.0031	0.2371	0.2052	0.0319	0.4516	0.2893	0.1622	0.1405	0.1286	0.0119	0.3110	0.1607	0.1503	0.6948	6.5384	0.7553	6.8673	4.3901	852.2837	0.4126	864.5025	0.4822	0.2436	0.0196	0.6431	0.0404	0.0439	0.0024	0.3354	0.0001	0.6939
14	88	0.0733	5	1	1	1	0	0	0	0	0	N	N	N	N	N	N	N	N	N	N	N	N	0.0000	0.0000	0.0000	0.0000	0.0000	0.0000	0.0000	0.0000	0.0000	0.0000	0.0000	0.0000	0.0000	0.0000	0.0000	0.0000	0.0000	0.0000	0.0000	0.0000	4.8103	0.0000	9.0653	0.0000	0.0000	0.0000	0.0000	0.0000	0.0000	0.0000	0.0000	0.0000	0.0000	0.0000	0.0000	0.0000	0.0000	0.0000	0.0000	0.0000	0.0000	0.0000	0.0000	0.0000	0.0000	0.0000	0.0000	0.0000	0.0000	0.0000	0.0000	0.0000	0.0000	0.0000	0.0000	0.0000	0.0000	0.0000	0.0000	0.0000	0.0000	0.0000	0.0000	0.0000	0.0000	0.0000	0.0000	0.0000	0.0000	0.0000	0.0000	0.0000	0.0000	0.0000	0.0000	0.0000	0.0000	0.0000											
14	89	0.0713	4	1	1	1	0	0	0	0	0	N	N	N	N	N	N	N	N	N	N	N	N	6.1312	0.0000	23.1998	0.0000	0.0000	0.0000	6.9252	23.6552	2.4546	0.0000	24.1329	0.0000	0.0000	0.0000	3.9133	0.0000	24.5489	0.4003	0.0000	1.0402	0.0199	0.0000	1.4560	0.5651	0.0000	1.0378	inf	396197.7240	0.0000	0.0056	4.8103	0.0001	9.0653	0.9161	0.0000	0.0000	0.0000	0.0000	0.0000	0.0000	0.0000	0.0000	0.0000	0.0122	0.0000	0.0122	0.0002	0.0000	0.0002	0.0120	0.0000	0.0120	0.0000	0.0000	0.0000	0.0000	0.0000	0.0000	0.0000	0.0000	0.0000	0.0305	0.0187	0.0117	0.0092	0.0091	0.0001	0.0213	0.0097	0.0116	6.1312	0.0000	23.1998	0.0000	0.0000	0.0000	6.9252	0.0000	23.6552	0.4003	0.0000	1.0402	0.0199	0.0000	1.2297	0.5651	0.0000	1.0378	
14	90	0.0465	3	1	1	1	0	0	0	0	0	N	N	N	N	N	N	N	N	N	N	N	N	427.4172	0.0163	4059.1284	0.0125	0.0127	0.0000	1172.5353	2.9692	4263.3579	7.3888	0.0003	56.8312	0.0022	0.0024	0.0000	8.2760	0.0001	59.0879	0.0173	0.0203	0.0140	0.1789	0.1844	0.0430	0.0071	0.0000	0.0139	25633.4812	0.6373	0.6171	-0.0005	4.8103	3.7876	9.0653	7.8440	0.9971	0.0000	0.9971	0.0000	0.0000	0.0000	0.9971	0.0000	0.9971	0.0032	0.0019	0.0012	0.0020	0.0019	0.0000	0.0012	0.0000	0.0012	0.1350	0.1174	0.0175	0.0145	0.0138	0.0007	0.1205	0.1036	0.0169	0.1840	0.0956	0.0884	0.0110	0.0105	0.0004	0.1731	0.0851	0.0880	427.4172	0.0163	4059.1284	0.0125	0.0127	0.0000	1172.5353	2.9692	4263.3579	0.0173	0.0203	0.0140	0.1789	0.1844	0.0430	0.0071	0.0000	0.0139
14	91	0.1283	11	0	2	0	1	0	0	0	0	N	Y	N	N	N	N	N	N	N	N	N	N	0.1325	0.0867	0.0000	0.1027	0.0975	0.0000	0.0141	0.1477	0.0000	0.0064	0.0072	0.0000	0.0284	0.0292	0.0000	0.0000	0.0000	0.0000	0.0481	0.0833	0.0000	0.2767	0.2991	0.0001	0.0000	0.0000	0.0000	0.0000	0.0004	-0.0002	-0.0074	4.8103	1.8247	9.0653	16.3284	0.0005	0.0005	0.0000	0.0005	0.0005	0.0000	0.0000	0.0000	0.0000	0.0136	0.0136	0.0000	0.0136	0.0136	0.0000	0.0000	0.0000	0.0000	0.0831	0.0734	0.0097	0.0186	0.0182	0.0005	0.0645	0.0552	0.0092	0.2830	0.1634	0.1196	0.0492	0.0455	0.0037	0.2338	0.1179	0.1159	0.1325	0.0867	0.0000	0.1027	0.0975	0.0000	0.0141	0.1477	0.0000	0.0481	0.0833	0.0000	0.2767	0.2991	0.0001	0.0000	0.0000	0.0000
14	92	0.1179	10	0	2	0	0	0	0	0	0	N	Y	N	N	N	N	N	N	N	N	N	N	107.3771	72.9894	0.0000	95.3988	98.0862	0.0000	0.0000	0.0000	0.0000	0.0462	0.0529	0.0000	0.3031	0.3181	0.0000	0.0000	0.0000	0.0000	0.0004	0.0007	0.0001	0.0032	0.0032	0.0026	0.0001	0.0001	0.0000	0.0000	0.0715	-0.0056	-0.0001	4.8103	9.1310	9.0653	16.1726	0.0147	0.0147	0.0000	0.0147	0.0147	0.0000	0.0000	0.0000	0.0000	0.0001	0.0001	0.0000	0.0001	0.0001	0.0000	0.0000	0.0000	0.0000	0.3191	0.2787	0.0404	0.0486	0.0463	0.0023	0.2705	0.2324	0.0381	0.3488	0.1933	0.1555	0.0406	0.0367	0.0039	0.3082	0.1566	0.1516	107.3771	72.9894	0.0000	95.3988	98.0862	0.0000	0.0000	0.0000	0.0000	0.0004	0.0007	0.0001	0.0032	0.0032	0.0026	0.0001	0.0001	0.0000
14	93	0.2028	16	0	2	0	0	0	0	0	0	N	Y	N	N	N	N	N	N	N	N	N	N	1.5628	1.1179	0.0000	13.0997	12.2624	0.0000	1.2403	0.7085	0.0000	6.7569	7.7808	0.0000	0.0212	0.0221	0.0000	8.0074	9.3962	0.0000	4.3236	6.9604	0.0000	0.0016	0.0018	0.0000	6.4559	13.2625	0.0000	0.0000	0.0000	-0.3803	-0.5391	4.8103	4.0959	9.0653	8.7137	0.9980	0.9980	0.0000	0.0005	0.0005	0.0000	0.9975	0.9975	0.0000	0.9929	0.9929	0.0000	0.0001	0.0001	0.0000	0.9928	0.9928	0.0000	0.1477	0.1283	0.0194	0.0231	0.0221	0.0010	0.1246	0.1062	0.0184	0.2296	0.1427	0.0870	0.0759	0.0678	0.0081	0.1538	0.0749	0.0789	1.5628	1.1179	0.0000	13.0997	12.2624	0.0000	1.2403	0.7085	0.0000	4.3236	6.9604	0.0000	0.0016	0.0018	0.0000	6.4559	13.2625	0.0000
14	94	0.1845	15	0	2	0	0	0	0	0	0	N	Y	N	N	N	N	N	N	N	N	N	N	0.4603	0.3242	0.0000	0.0372	0.0396	0.0000	0.4115	0.2378	0.0000	0.0190	0.0219	0.0000	0.0000	0.0000	0.0000	0.0237	0.0282	0.0000	0.0412	0.0676	0.0008	0.0005	0.0005	0.0006	0.0576	0.1184	0.0008	0.0000	0.0076	-0.0008	-0.0032	4.8103	2.9443	9.0653	6.1524	0.0021	0.0021	0.0000	0.0000	0.0000	0.0000	0.0021	0.0021	0.0000	0.0059	0.0059	0.0000	0.0000	0.0000	0.0000	0.0059	0.0059	0.0000	0.1123	0.0972	0.0150	0.0224	0.0216	0.0009	0.0898	0.0756	0.0142	0.1438	0.0870	0.0568	0.0413	0.0375	0.0038	0.1025	0.0495	0.0530	0.4603	0.3242	0.0000	0.0372	0.0396	0.0000	0.4115	0.2378	0.0000	0.0412	0.0676	0.0008	0.0005	0.0005	0.0006	0.0576	0.1184	0.0008
14	95	0.1821	14	0	1	0	0	0	0	0	0	N	N	N	N	N	N	N	N	N	N	N	N	3.3112	3.0314	0.0000	7.5108	7.7631	0.0000	0.0000	0.0000	0.0031	0.0036	0.0000	0.0163	0.0170	0.0000	0.0000	0.0000	0.0000	0.0009	0.0012	0.0005	0.0022	0.0022	0.0017	0.0002	0.0000	0.0004	0.0000	0.1931	-0.0000	-0.0000	4.8103	0.8596	9.0653	1.2300	0.0001	0.0001	0.0000	0.0001	0.0001	0.0000	0.0000	0.0000	0.0000	0.0001	0.0000	0.0000	0.0001	0.0000	0.0000	0.0000	0.0000	0.0000	0.0323	0.0281	0.0042	0.0061	0.0059	0.0002	0.0262	0.0222	0.0040	0.0627	0.0418	0.0209	0.0233	0.0225	0.0008	0.0394	0.0194	0.0201	3.3112	3.0314	0.0000	7.5108	7.7631	0.0000	0.0000	0.0000	0.0000	0.0009	0.0012	0.0005	0.0022	0.0022	0.0017	0.0002	0.0000	0.0004	
14	96	0.1702	13	0	1	0	0	0	0	0	0	N	N	N	N	N	N	N	N	N	N	N	N	0.4043	11.5152	0.4909	29.5188	22.6428	60.3342	0.0031	4.7540	0.0125	0.0023	0.0017	0.0072	0.0088	0.0060	0.0679	0.0000	0.0000	0.0002	0.0058	0.0001	0.0146	0.0003	0.0003	0.0011	0.0088	0.0000	0.0151	0.5565	63.1165	-0.0000	0.0004	4.8103	3.7737	9.0653	2.5241	0.0004	0.0003	0.0001	0.0004	0.0003	0.0001	0.0000	0.0000	0.0000	0.0010	0.0000	0.0009	0.0000	0.0000	0.0000	0.0009	0.0000	0.0009	0.1795	0.1586	0.0209	0.0473	0.0451	0.0022	0.1323	0.1135	0.0187	0.1660	0.1014	0.0646	0.0590	0.0567	0.0023	0.1070	0.0447	0.0622	0.4043	11.5152	0.4909	29.5188	22.6428	60.3342	0.0031	4.7540	0.0125	0.0058	0.0001	0.0146	0.0003	0.0003	0.0011	0.0088	0.0000	0.0151
14	97	0.1494	12	0	1	0	0	0	0	0	0	N	N	N	N	N	N	N	N	N	N	N	N	81.0898	531.9927	36.3581	1334.7630	1189.8842	5137.3861	0.3911	9042.7004	0.0893	0.2316	0.2313	0.2336	1.6510	1.5115	4.2351	0.0013	0.0014	0.0006	0.0029	0.0004	0.0064	0.0012	0.0013	0.0008	0.0033	0.0000	0.0067	0.1509	10.0242	-0.0129	0.0002	4.8103	6.4922	9.0653	4.5502	0.0517	0.0450	0.0068	0.0515	0.0447	0.0068	0.0002	0.0002	0.0000	0.0005	0.0000	0.0005	0.0001	0.0000	0.0000	0.0005	0.0000	0.0005	0.2234	0.1944	0.0290	0.0312	0.0296	0.0016	0.1923	0.1648	0.0274	0.1906	0.1136	0.0770	0.0420	0.0389	0.0031	0.1486	0.0747	0.0739	81.0898	531.9927	36.3581	1334.7630	1189.8842	5137.3861	0.3911	9042.7004	0.0893	0.0029	0.0004	0.0064	0.0012	0.0013	0.0008	0.0033	0.0000	0.0067
14	98	0.0465	3	0	2	0	0	0	0	0	0	N	Y	N	N	N	N	N	N	N	N	N	N	0.0154	0.0091	0.0000	0.8316	0.8359	0.0000	0.0103	0.0059	0.0000	0.0732	0.0836	0.0000	0.1822	0.1912	0.0000	0.0518	0.0602	0.0000	4.7594	9.1895	0.0000	0.2191	0.2287	0.0008	5.0254	10.2111	0.0000	0.0000	0.0000	-0.0015	-0.5428	4.8103	1.3608	9.0653	12.1483	0.0039	0.0039	0.0000	0.0016	0.0016	0.0000	0.0023	0.0023	0.0000	0.9998	0.9997	0.0000	0.0025	0.0025	0.0000	0.9972	0.9972	0.0000	0.0536	0.0469	0.0067	0.0088	0.0084	0.0004	0.0448	0.0385	0.0063	0.2101	0.1088	0.1013	0.0116	0.0111	0.0005	0.1984	0.0977	0.1008	0.0154	0.0091	0.0000	0.8316	0.8359	0.0000	0.0103	0.0059	0.0000	4.7594	9.1895	0.0000	0.2191	0.2287	0.0008	5.0254	10.2111	0.0000
14	99	0.0429	2	0	1	0	0	0	0	0	0	N	N	N	N	N	N	N	N	N	N	N	N	0.6365	0.2840	3.4873	0.3436	0.3830	0.0091	0.7255	0.1132	4.6790	0.0350	0.0197	0.1296	0.0421	0.0470	0.0010	0.0315	0.0057	0.1723	0.0550	0.0693	0.0372	0.1226	0.1228	0.1086	0.0435	0.0507	0.0368	1.0644	0.4323	0.0004	-0.0006	4.8103	1.5300	9.0653	0.7696	0.0031	0.0015	0.0016	0.0012	0.0012	0.0000	0.0019	0.0003	0.0016	0.0026	0.0018	0.0008	0.0008	0.0008	0.0000	0.0017	0.0010	0.0008	0.0887	0.0764	0.0124	0.0289	0.0258	0.0031	0.0598	0.0506	0.0093	0.0471	0.0261	0.0210	0.0068	0.0067	0.0001	0.0402	0.0193	0.0209	0.6365	0.2840	3.4873	0.3436	0.3830	0.0091	0.7255	0.1132	4.6790	0.0550	0.0693	0.0372	0.1226	0.1228	0.1086	0.0435	0.0507	0.0368
14	104	0.2043	14	0	2	0	0	0	0	0	0	N	Y	N	N	N	N	N	N	N	N	N	N	12.8170	11.4765	0.0378	6.0670	5.8261	1.0714	602.4270	8482.1942	0.0000	0.0474	0.0546	0.0000	0.0531	0.0541	0.0002	0.0446	0.0549	0.0000	0.0037	0.0048	0.0002	0.0088	0.0093	0.0001	0.0001	0.0000	0.0002	0.0000	0.0121	-0.0000	-0.0001	4.8103	0.0277	9.0653	1.3445	0.0001	0.0001	0.0000	0.0000	0.0000	0.0000	0.0000	0.0000	0.0000	0.0002	0.0002	0.0000	0.0002	0.0002	0.0000	0.0000	0.0000	0.0000	0.0017	0.0015	0.0002	0.0006	0.0006	0.0000	0.0011	0.0009	0.0002	0.0483	0.0371	0.0112	0.0202	0.0190	0.0012	0.0282	0.0181	0.0100	12.8170	11.4765	0.0378	6.0670	5.8261	1.0714	602.4270	8482.1942	0.0000	0.0037	0.0048	0.0002	0.0088	0.0093	0.0001	0.0001	0.0000	0.0002
14	105	0.1576	13	0	2	0	0	0	0	0	0	N	Y	N	N	N	N	N	N	N	N	N	N	82.1524	52.4833	513.4720	0.3112	0.2850	71.0467	955.0016	1901.7989	522.8547	0.5255	0.5302	0.4937	0.0088	0.0089	0.0071	0.6357	0.6545	0.5251	0.0064	0.0101	0.0010	0.0283	0.0312	0.0001	0.0007	0.0003	0.0010	0.1361	0.0649	-0.0251	-0.0010	4.8103	5.1414	9.0653	16.4151	0.0961	0.0846	0.0115	0.0003	0.0003	0.0000	0.0958	0.0843	0.0115	0.0021	0.0019	0.0001	0.0019	0.0019	0.0000	0.0002	0.0000	0.0001	0.1829	0.1596	0.0233	0.0322	0.0307	0.0014	0.1508	0.1288	0.0219	0.3207	0.1907	0.1300	0.0665	0.0603	0.0062	0.2543	0.1304	0.1239	82.1524	52.4833	513.4720	0.3112	0.2850	71.0467	955.0016	1901.7989	522.8547	0.0064	0.0101	0.0010	0.0283	0.0312	0.0001	0.0007	0.0003	0.0010
14	106	0.1494	12	0	1	0	0	0	0	0	0	N	N	N	N	N	N	N	N	N	N	N	N	70.7588	23.9073	35218.4572	0.2286	0.2266	15.4227	17340.7537	36384.8312	36484.7919	13.4169	7.3270	54.2208	0.1644	0.1722	0.0106	15.7231	8.7121	57.3577	0.1896	0.3065	0.0015	0.7193	0.7599	0.0007	0.0009	0.0002	0.0016	1.1045	0.0031	0.2681	-0.0118	4.8103	3.8974	9.0653	1.6364	1.8650	0.8862	0.9788	0.0034	0.0034	0.0000	1.8616	0.8828	0.9787	0.0218	0.0218	0.0001	0.0218	0.0218	0.0000	0.0001	0.0000	0.0001	0.1390	0.1209	0.0181	0.0206	0.0196	0.0010	0.1184	0.1013	0.0171	0.1151	0.0710	0.0441	0.0302	0.0286	0.0016	0.0849	0.0424	0.0425	70.7588	23.9073	35218.4572	0.2286	0.2266	15.4227	17340.7537	36384.8312	36484.7919	0.1896	0.3065	0.0015	0.7193	0.7599	0.0007	0.0009	0.0002	0.0016
14	107	0.1283	11	0	1	0	0	0	0	0	0	N	N	N	N	N	N	N	N	N	N	N	N	368.7308	231.9144	1833.9626	2.9421	2.7548	47.3650	2703.6121	12933749.9408	1932.1772	1.3281	1.1673	2.8461	0.0431	0.0425	0.1253	2.0609	1.9118	2.9354	0.0036	0.0050	0.0016	0.0147	0.0154	0.0026	0.0008	0.0000	0.0015	0.2583	0.2153	-0.0080	-0.0002	4.8103	0.3701	9.0653	9.6236	0.0452	0.0359	0.0093	0.0005	0.0005	0.0000	0.0447	0.0354	0.0093	0.0006	0.0005	0.0001	0.0005	0.0005	0.0000	0.0001	0.0000	0.0001	0.0341	0.0308	0.0033	0.0124	0.0123	0.0001	0.0217	0.0185	0.0032	0.1775	0.1045	0.0730	0.0362	0.0341	0.0021	0.1412	0.0704	0.0709	368.7308	231.9144	1833.9626	2.9421	2.7548	47.3650	2703.6121	12933749.9408	1932.1772	0.0036	0.0050	0.0016	0.0147	0.0154	0.0026	0.0008	0.0000	0.0015
14	108	0.1179	10	0	1	0	0	0	0	0	0	N	N	N	N	N	N	N	N	N	N	N	N	11.2214	8.1216	15.4156	0.0027	0.0018	1.0261	79.2541	95949.4606	15.9282	0.0145	0.0151	0.0085	0.0000	0.0000	0.0006	0.0222	0.0244	0.0088	0.0013	0.0019	0.0006	0.0068	0.0072	0.0005	0.0003	0.0000	0.0006	0.0601	0.2309	-0.0002	-0.0000	4.8103	0.4415	9.0653	4.8853	0.0005	0.0005	0.0000	0.0000	0.0000	0.0000	0.0005	0.0005	0.0000	0.0001	0.0001	0.0000	0.0001	0.0001	0.0000	0.0000	0.0000	0.0000	0.0366	0.0331	0.0035	0.0127	0.0126	0.0001	0.0239	0.0205	0.0034	0.0886	0.0499	0.0387	0.0137	0.0128	0.0009	0.0749	0.0371	0.0378	11.2214	8.1216	15.4156	0.0027	0.0018	1.0261	79.2541	95949.4606	15.9282	0.0013	0.0019	0.0006	0.0068	0.0072	0.0005	0.0003	0.0000	0.0006
14	109	0.1403	9	1	2	0	1	0	0	0	0	N	Y	N	N	N	N	N	N	N	N	N	N	0.0000	0.0000	0.0000	0.0000	0.0000	0.0000	0.0000	0.0000	0.0000	0.0000	0.0000	0.0000	0.0000	0.0000	0.0000	0.0000	0.0000	0.0000	0.0000	0.0000	4.8103	0.0000	9.0653	0.0000	0.0000	0.0000	0.0000	0.0000	0.0000	0.0000	0.0000	0.0000	0.0000	0.0000	0.0000	0.0000	0.0000	0.0000	0.0000	0.0000	0.0000	0.0000	0.0000	0.0000	0.0000	0.0000	0.0000	0.0000	0.0000	0.0000	0.0000	0.0000	0.0000	0.0000	0.0000	0.0000	0.0000	0.0000	0.0000	0.0000	0.0000	0.0000	0.0000	0.0000	0.0000	0.0000	0.0000	0.0000	0.0000	0.0000	0.0000	0.0000	0.0000	0.0000	0.0000	0.0000	0.0000	0.0000											
14	110	0.1253	8	1	2	0	1	0	0	0	0	N	Y	N	N	N	N	N	N	N	N	N	N	0.0000	0.0000	0.0000	0.0000	0.0000	0.0000	0.0000	0.0000	0.0000	0.0000	0.0000	0.0000	0.0000	0.0000	0.0000	0.0011	0.0000	0.0025	0.0060	0.0000	0.0514	0.0000	0.0000	0.0000	inf	0.0000	0.0001	4.8103	0.0000	9.0653	7.1240	0.0000	0.0000	0.0000	0.0000	0.0000	0.0000	0.0000	0.0000	0.0000	0.0001	0.0000	0.0001	0.0001	0.0000	0.0001	0.0000	0.0000	0.0000	0.0000	0.0000	0.0000	0.0000	0.0000	0.0000	0.0000	0.0000	0.0000	0.1113	0.0633	0.0480	0.0201	0.0177	0.0023	0.0912	0.0455	0.0457	0.0000	0.0000	0.0000	0.0000	0.0000	0.0000	0.0000	0.0000	0.0000	0.0011	0.0000	0.0025	0.0060	0.0000	0.0514	0.0000	0.0000	0.0000				
14	111	0.1343	10	0	2	0	1	0	0	0	0	N	Y	N	N	N	N	N	N	N	N	N	N	0.0000	0.0000	0.0000	0.0000	0.0000	0.0000	0.0000	0.0000	0.0000	0.0000	0.0000	0.0000	0.0000	0.0000	0.0000	0.0000	0.0000	0.0000	0.0000	0.0000	0.0000	0.0000	0.0000	0.0000	0.0000	0.0000	0.0000	23.4377	0.0000	0.0000	4.8103	0.0016	9.0653	5.0076	0.0000	0.0000	0.0000	0.0000	0.0000	0.0000	0.0000	0.0000	0.0000	0.0000	0.0000	0.0000	0.0000	0.0000	0.0000	0.0000	0.0000	0.0000	0.0002	0.0002	0.0000	0.0001	0.0001	0.0000	0.0001	0.0001	0.0000	0.0749	0.0427	0.0322	0.0139	0.0117	0.0022	0.0611	0.0310	0.0300	0.0000	0.0000	0.0000	0.0000	0.0000	0.0000	0.0000	0.0000	0.0000	0.0000	0.0000	0.0000	0.0000	0.0000	0.0000	0.0000	0.0000	0.0000	
14	112	0.1274	9	0	2	0	1	0	0	0	0	N	Y	N	N	N	N	N	N	N	N	N	N	0.0000	0.0000	0.0000	0.0000	0.0000	0.0000	0.0000	0.0000	0.0000	0.0000	0.0000	0.0000	0.0000	0.0000	0.0000	0.0000	0.0000	0.0000	0.0000	0.0001	0.0001	0.0000	0.0000	0.0000	0.0000	0.0396	0.0000	-0.0000	4.8103	1.0012	9.0653	2.1373	0.0000	0.0000	0.0000	0.0000	0.0000	0.0000	0.0000	0.0000	0.0000	0.0000	0.0000	0.0000	0.0000	0.0000	0.0000	0.0000	0.0000	0.0000	0.0332	0.0289	0.0043	0.0046	0.0043	0.0003	0.0286	0.0246	0.0041	0.0537	0.0307	0.0230	0.0109	0.0099	0.0010	0.0427	0.0208	0.0219	0.0000	0.0000	0.0000	0.0000	0.0000	0.0000	0.0000	0.0000	0.0000	0.0000	0.0000	0.0000	0.0001	0.0001	0.0000	0.0000	0.0000	0.0000			
14	113	0.1358	9	0	2	0	0	0	0	0	0	N	Y	N	N	N	N	N	N	N	N	N	N	0.0000	0.0000	0.0000	0.0000	0.0000	0.0000	0.0000	0.0000	0.0000	0.0000	0.0000	0.0000	0.0000	0.0000	0.0000	0.0000	0.0000	0.0000	0.0042	0.0000	0.0098	0.0004	0.0000	0.0036	0.0051	0.0000	0.0102	9970.4528	0.0000	0.0002	4.8103	0.9705	9.0653	5.0371	0.0000	0.0000	0.0000	0.0000	0.0000	0.0000	0.0000	0.0000	0.0000	0.0004	0.0000	0.0004	0.0000	0.0000	0.0000	0.0004	0.0000	0.0004	0.0380	0.0333	0.0046	0.0081	0.0077	0.0004	0.0298	0.0256	0.0043	0.0885	0.0508	0.0377	0.0174	0.0154	0.0021	0.0711	0.0355	0.0356	0.0000	0.0000	0.0000	0.0000	0.0000	0.0000	0.0000	0.0000	0.0000	0.0042	0.0000	0.0098	0.0004	0.0000	0.0036	0.0051	0.0000	0.0102	
14	114	0.1274	9	0	1	1	1	0	0	0	0	N	N	N	N	N	N	N	N	N	N	N	N	0.0000	0.0000	0.0000	0.0000	0.0000	0.0000	0.0000	0.0000	0.0000	0.0000	0.0000	0.0000	0.0000	0.0000	0.0000	0.0000	0.0000	0.0000	0.0000	0.0000	4.8103	0.0000	9.0653	1.1303	0.0000	0.0000	0.0000	0.0000	0.0000	0.0000	0.0000	0.0000	0.0000	0.0000	0.0000	0.0000	0.0000	0.0000	0.0000	0.0000	0.0000	0.0000	0.0000	0.0000	0.0000	0.0000	0.0000	0.0000	0.0000	0.0000	0.0000	0.0242	0.0141	0.0101	0.0063	0.0059	0.0004	0.0179	0.0081	0.0097	0.0000	0.0000	0.0000	0.0000	0.0000	0.0000	0.0000	0.0000	0.0000	0.0000	0.0000	0.0000	0.0000	0.0000	0.0000	0.0000	0.0000	0.0000											
14	115	0.1253	8	0	1	0	1	0	0	0	0	N	N	N	N	N	N	N	N	N	N	N	N	0.0000	0.0000	0.0000	0.0000	0.0000	0.0000	0.0000	0.0000	0.0000	0.0000	0.0000	0.0000	0.0000	0.0000	0.0000	0.0000	0.0000	0.0000	0.0000	0.0000	0.0000	0.0000	0.0000	0.0000	0.0000	0.0000	-0.0000	4.8103	0.0000	9.0653	1.2340	0.0000	0.0000	0.0000	0.0000	0.0000	0.0000	0.0000	0.0000	0.0000	0.0000	0.0000	0.0000	0.0000	0.0000	0.0000	0.0000	0.0000	0.0000	0.0000	0.0000	0.0000	0.0000	0.0000	0.0000	0.0000	0.0000	0.0000	0.0262	0.0154	0.0109	0.0068	0.0064	0.0004	0.0194	0.0090	0.0104	0.0000	0.0000	0.0000	0.0000	0.0000	0.0000	0.0000	0.0000	0.0000	0.0000	0.0000	0.0000	0.0000	0.0000	0.0000	0.0000	0.0000	0.0000				
14	116	0.1328	9	0	1	1	1	0	0	0	0	N	N	N	N	N	N	N	N	N	N	N	N	706051710.1006	476536976.3467	inf	145396.5190	inf	inf	27.2734	31.0699	0.0000	0.0306	0.0318	0.0000	33.5641	39.0876	0.0000	0.0000	0.0000	0.0000	0.0000	0.0000	0.0000	0.0000	0.0000	0.0000	0.0000	0.0000	-0.3703	-0.0000	4.8103	0.9725	9.0653	0.9874	0.9718	0.9718	0.0000	0.0002	0.0002	0.0000	0.9716	0.9716	0.0000	0.0000	0.0000	0.0000	0.0000	0.0000	0.0000	0.0000	0.0000	0.0000	0.0356	0.0313	0.0044	0.0067	0.0064	0.0003	0.0289	0.0249	0.0041	0.0311	0.0184	0.0127	0.0062	0.0055	0.0008	0.0248	0.0129	0.0119	706051710.1006	476536976.3467	0.0000	inf	145396.5190	0.0000	inf	inf	0.0000	0.0000	0.0000	0.0000	0.0000	0.0000	0.0000	0.0000	0.0000	0.0000			
14	117	0.1328	9	0	1	1	1	0	0	0	0	N	N	N	N	N	N	N	N	N	N	N	N	390133506.6824	247759526.8317	inf	155965111.8497	inf	inf	7.6260	8.3111	0.0000	18.3578	18.5608	0.0000	0.0014	0.0017	0.0000	0.0000	0.0000	0.0000	0.0000	0.0000	0.0000	0.0000	0.0000	0.0000	0.0000	0.0000	-0.0107	-0.0000	4.8103	0.0285	9.0653	4.0215	0.0280	0.0280	0.0000	0.0280	0.0280	0.0000	0.0000	0.0000	0.0000	0.0000	0.0000	0.0000	0.0000	0.0000	0.0000	0.0000	0.0000	0.0000	0.0037	0.0034	0.0003	0.0015	0.0015	0.0000	0.0021	0.0019	0.0003	0.0614	0.0358	0.0256	0.0116	0.0101	0.0015	0.0498	0.0257	0.0241	390133506.6824	247759526.8317	0.0000	inf	155965111.8497	0.0000	inf	inf	0.0000	0.0000	0.0000	0.0000	0.0000	0.0000	0.0000	0.0000	0.0000	0.0000			
14	118	0.1253	8	0	1	1	1	0	0	0	0	N	N	N	N	N	N	N	N	N	N	N	N	562136.4409	368412.7637	171.0010	161.4133	5548572.1927	3203383.8607	0.2818	0.3240	0.0000	0.0004	0.0004	0.0000	0.3266	0.3805	0.0000	0.0000	0.0000	0.0000	0.0000	0.0000	0.0000	0.0000	0.0000	0.0000	0.0000	0.0000	-0.0107	-0.0000	4.8103	3.0275	9.0653	2.1573	0.0280	0.0280	0.0000	0.0000	0.0000	0.0000	0.0280	0.0280	0.0000	0.0000	0.0000	0.0000	0.0000	0.0000	0.0000	0.0000	0.0000	0.0000	0.0994	0.0865	0.0129	0.0136	0.0129	0.0008	0.0858	0.0736	0.0122	0.0838	0.0478	0.0360	0.0158	0.0141	0.0017	0.0680	0.0337	0.0343	562136.4409	368412.7637	0.0000	171.0010	161.4133	0.0000	5548572.1927	3203383.8607	0.0000	0.0000	0.0000	0.0000	0.0000	0.0000	0.0000	0.0000	0.0000	0.0000			
14	119	0.1666	8	1	2	0	0	0	0	0	0	N	Y	N	N	N	N	N	N	N	N	N	N	0.0075	1.0328	0.0000	0.0987	0.4755	0.0000	0.0053	inf	0.0000	0.0002	0.0002	0.0000	0.0002	0.0002	0.0000	0.0001	0.0002	0.0000	0.0216	0.0002	0.0524	0.0021	0.0005	0.0285	0.0277	0.0000	0.0533	0.0000	205.2976	-0.0000	0.0009	4.8103	2.1883	9.0653	3.1271	0.0000	0.0000	0.0000	0.0000	0.0000	0.0000	0.0000	0.0000	0.0000	0.0021	0.0000	0.0020	0.0000	0.0000	0.0000	0.0020	0.0000	0.0020	0.0880	0.0783	0.0097	0.0204	0.0197	0.0007	0.0676	0.0586	0.0089	0.0955	0.0564	0.0391	0.0231	0.0217	0.0014	0.0724	0.0347	0.0377	0.0075	1.0328	0.0000	0.0987	0.4755	0.0000	0.0053	inf	0.0000	0.0216	0.0002	0.0524	0.0021	0.0005	0.0285	0.0277	0.0000	0.0533
14	120	0.0996	7	1	2	0	0	0	0	0	0	N	Y	N	N	N	N	N	N	N	N	N	N	758.8318	483.8782	0.0062	7.2881	7.0345	0.0000	48657.6088	46613499.3247	0.0064	4.2591	4.8728	0.0000	0.3600	0.3761	0.0000	4.8754	5.6631	0.0000	0.0056	0.0101	0.0002	0.0494	0.0535	0.0001	0.0001	0.0000	0.0002	0.0000	0.0163	-0.7707	-0.0012	4.8103	13.6104	9.0653	16.0982	2.0225	2.0225	0.0000	0.0233	0.0233	0.0000	1.9991	1.9991	0.0000	0.0023	0.0023	0.0000	0.0023	0.0023	0.0000	0.0000	0.0000	0.0000	0.4749	0.4151	0.0598	0.0648	0.0620	0.0028	0.4100	0.3530	0.0570	0.4167	0.2285	0.1882	0.0466	0.0430	0.0036	0.3701	0.1855	0.1846	758.8318	483.8782	0.0062	7.2881	7.0345	0.0000	48657.6088	46613499.3247	0.0064	0.0056	0.0101	0.0002	0.0494	0.0535	0.0001	0.0001	0.0000	0.0002
14	121	0.1042	7	0	2	0	0	0	0	0	0	N	Y	N	N	N	N	N	N	N	N	N	N	1.3552	0.0995	572.9815	0.1328	0.1137	28.2016	227.6310	33.3577	727.8508	0.0025	0.0003	0.0228	0.0007	0.0006	0.0079	0.0037	0.0000	0.0235	0.0018	0.0028	0.0000	0.0054	0.0055	0.0003	0.0000	0.0000	0.0000	9.0526	0.0074	0.0001	-0.0002	4.8103	0.3548	9.0653	4.6068	0.0001	0.0000	0.0001	0.0000	0.0000	0.0000	0.0001	0.0000	0.0001	0.0003	0.0003	0.0000	0.0003	0.0003	0.0000	0.0000	0.0000	0.0000	0.0406	0.0366	0.0040	0.0162	0.0160	0.0002	0.0245	0.0206	0.0038	0.1621	0.1070	0.0551	0.0552	0.0535	0.0016	0.1070	0.0535	0.0535	1.3552	0.0995	572.9815	0.1328	0.1137	28.2016	227.6310	33.3577	727.8508	0.0018	0.0028	0.0000	0.0054	0.0055	0.0003	0.0000	0.0000	0.0000
14	122	0.0893	6	0	2	0	0	0	0	0	0	N	Y	N	N	N	N	N	N	N	N	N	N	1.1981	0.7669	4.2776	0.3645	0.3550	0.6105	2.0633	3.6550	4.4061	0.0065	0.0044	0.0217	0.0066	0.0067	0.0026	0.0064	0.0036	0.0224	0.0054	0.0057	0.0051	0.0181	0.0188	0.0042	0.0031	0.0010	0.0051	0.6934	0.7297	0.0000	-0.0001	4.8103	1.6911	9.0653	5.7022	0.0005	0.0003	0.0002	0.0001	0.0001	0.0000	0.0004	0.0002	0.0002	0.0007	0.0004	0.0003	0.0003	0.0003	0.0000	0.0003	0.0000	0.0003	0.0807	0.0708	0.0099	0.0181	0.0177	0.0004	0.0626	0.0530	0.0095	0.1260	0.0693	0.0567	0.0192	0.0183	0.0009	0.1068	0.0510	0.0558	1.1981	0.7669	4.2776	0.3645	0.3550	0.6105	2.0633	3.6550	4.4061	0.0054	0.0057	0.0051	0.0181	0.0188	0.0042	0.0031	0.0010	0.0051
14	124	0.1403	10	1	2	0	0	0	0	0	0	N	Y	N	N	N	N	N	N	N	N	N	N	0.0000	0.0000	0.0000	0.0000	0.0000	0.0000	0.0000	0.0000	0.0000	0.0000	0.0000	0.0000	0.0000	0.0000	0.0000	0.0000	0.0000	0.0000	0.0000	0.0000	4.8103	0.0000	9.0653	0.0000	0.0000	0.0000	0.0000	0.0000	0.0000	0.0000	0.0000	0.0000	0.0000	0.0000	0.0000	0.0000	0.0000	0.0000	0.0000	0.0000	0.0000	0.0000	0.0000	0.0000	0.0000	0.0000	0.0000	0.0000	0.0000	0.0000	0.0000	0.0000	0.0000	0.0000	0.0000	0.0000	0.0000	0.0000	0.0000	0.0000	0.0000	0.0000	0.0000	0.0000	0.0000	0.0000	0.0000	0.0000	0.0000	0.0000	0.0000	0.0000	0.0000	0.0000	0.0000	0.0000	0.0000	0.0000											
14	125	0.1358	9	1	2	0	0	0	0	0	0	N	Y	N	N	N	N	N	N	N	N	N	N	0.0000	0.0000	0.0000	0.0000	0.0000	0.0000	0.0000	0.0000	0.0000	0.0000	0.0000	0.0000	0.0000	0.0000	0.0000	0.3715	0.6345	0.0000	1.6287	1.7951	0.0000	0.0000	0.0000	0.0000	0.0000	0.0000	-0.0071	4.8103	0.1434	9.0653	1.9839	0.0000	0.0000	0.0000	0.0000	0.0000	0.0000	0.0000	0.0000	0.0000	0.0131	0.0131	0.0000	0.0131	0.0131	0.0000	0.0000	0.0000	0.0000	0.0105	0.0095	0.0011	0.0042	0.0040	0.0002	0.0064	0.0054	0.0009	0.0354	0.0207	0.0147	0.0081	0.0073	0.0007	0.0273	0.0134	0.0139	0.0000	0.0000	0.0000	0.0000	0.0000	0.0000	0.0000	0.0000	0.0000	0.3715	0.6345	0.0000	1.6287	1.7951	0.0000	0.0000	0.0000	0.0000				
14	126	0.1253	8	0	2	0	0	0	0	0	0	N	Y	N	N	N	N	N	N	N	N	N	N	0.0000	0.0000	0.0000	0.0000	0.0000	0.0000	0.0000	0.0000	0.0000	0.0000	0.0000	0.0000	0.0000	0.0000	0.0000	0.0000	0.0000	0.0047	0.0083	0.0000	0.0248	0.0277	0.0000	0.0000	0.0000	0.0000	0.0001	0.0000	-0.0002	4.8103	1.8882	9.0653	2.9115	0.0000	0.0000	0.0000	0.0000	0.0000	0.0000	0.0000	0.0000	0.0000	0.0004	0.0004	0.0000	0.0004	0.0004	0.0000	0.0000	0.0000	0.0000	0.0623	0.0542	0.0081	0.0086	0.0081	0.0005	0.0538	0.0461	0.0076	0.0782	0.0447	0.0336	0.0150	0.0134	0.0016	0.0633	0.0313	0.0320	0.0000	0.0000	0.0000	0.0000	0.0000	0.0000	0.0000	0.0000	0.0000	0.0047	0.0083	0.0000	0.0248	0.0277	0.0000	0.0000	0.0000	0.0000		
14	127	0.0996	7	0	1	0	0	0	0	0	0	N	N	N	N	N	N	N	N	N	N	N	N	0.0002	0.0000	0.0008	0.0022	0.0000	6.8195	0.0002	0.0000	0.0008	0.0010	0.0000	0.0088	0.0000	0.0000	0.0021	0.0013	0.0000	0.0091	5.0207	0.0049	11.1229	0.0207	0.0220	0.0003	5.7725	0.0000	11.3226	inf	1857.9861	0.0001	0.4546	4.8103	3.5543	9.0653	9.0319	0.0002	0.0000	0.0002	0.0000	0.0000	0.0000	0.0002	0.0000	0.0002	0.9959	0.0005	0.9954	0.0005	0.0005	0.0000	0.9954	0.0000	0.9954	0.1650	0.1462	0.0188	0.0353	0.0345	0.0008	0.1297	0.1117	0.0180	0.1984	0.1089	0.0895	0.0259	0.0243	0.0016	0.1724	0.0845	0.0879	0.0002	0.0000	0.0008	0.0022	0.0000	6.8195	0.0002	0.0000	0.0008	5.0207	0.0049	11.1229	0.0207	0.0220	0.0003	5.7725	0.0000	11.3226
15	16	0.1849	15	0	1	0	2	0	0	0	0	N	N	N	Y	N	N	N	N	N	N	N	N	0.0000	0.0000	0.0000	0.0000	0.0000	0.0000	0.0000	0.0000	0.0000	0.0000	0.0000	0.0000	0.0000	0.0000	0.0000	0.0000	0.0000	0.0000	0.0000	0.0000	1.0000	0.0040	3.8697	5.7722	0.0000	0.0000	0.0000	0.0000	0.0000	0.0000	0.0000	0.0000	0.0000	0.0000	0.0000	0.0000	0.0000	0.0000	0.0000	0.0000	0.0000	0.0000	0.0000	0.0000	0.0000	0.0000	0.0000	0.0000	0.0000	0.0000	0.0000	0.0371	0.0230	0.0141	0.0112	0.0099	0.0013	0.0259	0.0131	0.0128	0.0000	0.0000	0.0000	0.0000	0.0000	0.0000	0.0000	0.0000	0.0000	0.0000	0.0000	0.0000	0.0000	0.0000	0.0000	0.0000	0.0000	0.0000											
15	17	0.1237	11	0	1	0	1	0	0	0	0	N	N	N	N	N	N	N	N	N	N	N	N	0.0000	0.0000	0.0000	0.0000	0.0000	0.0000	0.0000	0.0000	0.0000	0.0000	0.0000	0.0000	0.0000	0.0000	0.0000	17.7959	0.0000	101.6184	0.0007	0.0000	0.0068	23.5680	0.0000	102.8971	inf	0.0000	0.4563	1.0000	1.0133	3.8697	7.9669	0.0000	0.0000	0.0000	0.0000	0.0000	0.0000	0.0000	0.0000	0.0000	0.9984	0.0000	0.9984	0.0000	0.0000	0.0000	0.9984	0.0000	0.9984	0.0069	0.0060	0.0009	0.0011	0.0010	0.0001	0.0058	0.0050	0.0008	0.0561	0.0340	0.0222	0.0137	0.0123	0.0015	0.0424	0.0217	0.0207	0.0000	0.0000	0.0000	0.0000	0.0000	0.0000	0.0000	0.0000	0.0000	17.7959	0.0000	45.0693	0.0007	0.0000	0.0068	23.5680	0.0000	48.2620				
15	18	0.0173	2	0	1	0	2	0	0	0	0	N	N	N	Y	N	N	N	N	N	N	N	N	0.0000	0.0000	0.0000	0.0000	0.0000	0.0000	0.0000	0.0000	0.0000	0.0000	0.0000	0.0000	0.0000	0.1192	0.2421	0.0000	1.4718	1.5737	0.0000	0.0000	0.0000	0.0000	0.0000	0.0000	-0.0010	1.0000	0.9988	3.8697	1.0036	0.0000	0.0000	0.0000	0.0000	0.0000	0.0000	0.0000	0.0000	0.0000	0.0018	0.0018	0.0000	0.0018	0.0018	0.0000	0.0000	0.0000	0.0000	0.0070	0.0060	0.0010	0.0000	0.0000	0.0000	0.0069	0.0059	0.0010	0.0150	0.0074	0.0076	0.0012	0.0011	0.0001	0.0137	0.0062	0.0075	0.0000	0.0000	0.0000	0.0000	0.0000	0.0000	0.0000	0.0000	0.0000	0.1192	0.2421	0.0000	1.4718	1.5737	0.0000	0.0000	0.0000	0.0000						
15	19	0.0741	6	1	1	0	1	0	0	0	0	N	N	N	N	N	N	N	N	N	N	N	N	0.0000	0.0000	0.0000	0.0000	0.0000	0.0000	0.0000	0.0000	0.0000	0.0000	0.0000	0.0000	0.0000	0.0000	0.0000	0.0000	0.3926	0.6762	0.0044	1.9855	2.2614	0.0000	0.0023	0.0000	0.0046	0.0047	0.0000	-0.0070	1.0000	0.0025	3.8697	5.0336	0.0000	0.0000	0.0000	0.0000	0.0000	0.0000	0.0000	0.0000	0.0000	0.0130	0.0129	0.0001	0.0129	0.0129	0.0000	0.0001	0.0000	0.0001	0.0001	0.0001	0.0000	0.0000	0.0000	0.0000	0.0000	0.0000	0.0000	0.0330	0.0191	0.0139	0.0065	0.0057	0.0008	0.0265	0.0134	0.0131	0.0000	0.0000	0.0000	0.0000	0.0000	0.0000	0.0000	0.0000	0.0000	0.3926	0.6762	0.0044	1.9855	2.2614	0.0000	0.0023	0.0000	0.0046			
15	20	0.0636	5	0	1	0	1	0	0	0	0	N	N	N	N	N	N	N	N	N	N	N	N	0.0000	0.0000	0.0000	0.0000	0.0000	0.0000	0.0000	0.0000	0.0000	0.0000	0.0000	0.0000	0.0000	0.0053	0.0000	0.0141	0.0000	0.0000	0.0000	0.0079	0.0000	0.0147	inf	0.0000	0.0002	1.0000	1.9984	3.8697	3.0609	0.0000	0.0000	0.0000	0.0000	0.0000	0.0000	0.0000	0.0000	0.0000	0.0004	0.0000	0.0004	0.0000	0.0000	0.0000	0.0004	0.0000	0.0004	0.0205	0.0181	0.0024	0.0038	0.0037	0.0000	0.0168	0.0144	0.0024	0.0671	0.0418	0.0253	0.0216	0.0207	0.0010	0.0454	0.0211	0.0243	0.0000	0.0000	0.0000	0.0000	0.0000	0.0000	0.0000	0.0000	0.0000	0.0053	0.0000	0.0141	0.0000	0.0000	0.0000	0.0079	0.0000	0.0147						
15	21	0.1782	14	0	0	0	2	0	0	0	0	N	N	N	Y	N	N	N	N	N	N	N	N	0.0000	0.0000	0.0000	0.0000	0.0000	0.0000	0.0000	0.0000	0.0000	0.0000	0.0000	0.0000	0.0000	0.0000	0.0000	0.0000	0.0000	0.0000	0.0000	0.0000	1.0000	2.0028	3.8697	2.2704	0.0000	0.0000	0.0000	0.0000	0.0000	0.0000	0.0000	0.0000	0.0000	0.0000	0.0000	0.0000	0.0000	0.0000	0.0000	0.0000	0.0000	0.0000	0.0138	0.0120	0.0018	0.0017	0.0016	0.0001	0.0121	0.0104	0.0017	0.0283	0.0171	0.0112	0.0087	0.0077	0.0009	0.0197	0.0094	0.0103	0.0000	0.0000	0.0000	0.0000	0.0000	0.0000	0.0000	0.0000	0.0000	0.0000	0.0000	0.0000	0.0000	0.0000	0.0000	0.0000	0.0000	0.0000											
15	22	0.1255	11	1	0	1	1	0	0	0	0	N	N	N	N	N	N	N	N	N	N	N	N	0.0000	0.0000	0.0000	0.0000	0.0000	0.0000	0.0000	0.0000	0.0000	0.0000	0.0000	0.0000	0.0000	0.0000	0.0000	0.0000	0.0000	0.0000	0.0000	0.0000	1.0000	0.0000	3.8697	2.0000	0.0000	0.0000	0.0000	0.0000	0.0000	0.0000	0.0000	0.0000	0.0000	0.0000	0.0000	0.0000	0.0000	0.0000	0.0000	0.0000	0.0000	0.0000	0.0000	0.0000	0.0000	0.0000	0.0000	0.0000	0.0000	0.0000	0.0000	0.0114	0.0063	0.0051	0.0018	0.0016	0.0003	0.0096	0.0047	0.0048	0.0000	0.0000	0.0000	0.0000	0.0000	0.0000	0.0000	0.0000	0.0000	0.0000	0.0000	0.0000	0.0000	0.0000	0.0000	0.0000	0.0000	0.0000											
15	23	0.0940	9	0	1	0	1	0	0	0	0	N	N	N	N	N	N	N	N	N	N	N	N	0.0000	0.0000	0.0000	0.0000	0.0000	0.0000	0.0000	0.0000	0.0000	0.0000	0.0000	0.0000	0.0000	0.0000	0.0000	0.0000	0.0077	0.0003	0.0187	0.0006	0.0007	0.0000	0.0106	0.0000	0.0198	43.4850	0.0000	0.0004	1.0000	4.1010	3.8697	9.0979	0.0000	0.0000	0.0000	0.0000	0.0000	0.0000	0.0000	0.0000	0.0000	0.0009	0.0000	0.0009	0.0000	0.0000	0.0000	0.0009	0.0000	0.0009	0.0300	0.0261	0.0039	0.0036	0.0034	0.0002	0.0264	0.0227	0.0037	0.1151	0.0685	0.0466	0.0333	0.0306	0.0027	0.0818	0.0379	0.0439	0.0000	0.0000	0.0000	0.0000	0.0000	0.0000	0.0000	0.0000	0.0000	0.0077	0.0003	0.0187	0.0006	0.0007	0.0000	0.0106	0.0000	0.0198			
15	24	0.0863	6	1	1	0	1	0	0	0	0	N	N	N	N	N	N	N	N	N	N	N	N	0.0000	0.0000	0.0000	0.0000	0.0000	0.0000	0.0000	0.0000	0.0000	0.0000	0.0000	0.0000	0.0000	0.0001	0.0001	0.0000	0.0004	0.0005	0.0000	0.0000	0.0000	0.0000	0.0000	0.0000	-0.0000	1.0000	7.0513	3.8697	11.7448	0.0000	0.0000	0.0000	0.0000	0.0000	0.0000	0.0000	0.0000	0.0000	0.0000	0.0000	0.0000	0.0000	0.0000	0.0000	0.0000	0.0000	0.0000	0.0480	0.0417	0.0062	0.0050	0.0048	0.0003	0.0429	0.0370	0.0060	0.1099	0.0620	0.0479	0.0210	0.0179	0.0031	0.0889	0.0441	0.0448	0.0000	0.0000	0.0000	0.0000	0.0000	0.0000	0.0000	0.0000	0.0000	0.0001	0.0001	0.0000	0.0004	0.0005	0.0000	0.0000	0.0000	0.0000						
15	25	0.1620	10	0	1	0	1	0	0	0	0	N	N	N	N	N	N	N	N	N	N	N	N	518.5549	inf	0.0000	0.2839	inf	0.0000	493.1056	inf	0.0000	25.5488	29.0272	0.0000	0.0046	0.0048	0.0000	30.6967	35.5740	0.0000	0.0493	0.0000	0.1226	0.0163	0.0000	0.1605	0.0623	0.0000	0.1197	0.0000	inf	-0.3770	0.0015	1.0000	4.7974	3.8697	5.1989	0.9893	0.9893	0.0000	0.0000	0.0000	0.0000	0.9893	0.9893	0.0000	0.0033	0.0000	0.0033	0.0003	0.0000	0.0003	0.0030	0.0000	0.0030	0.0387	0.0341	0.0046	0.0065	0.0063	0.0002	0.0322	0.0278	0.0044	0.0675	0.0404	0.0271	0.0191	0.0171	0.0019	0.0484	0.0232	0.0252	518.5549	inf	0.0000	0.2839	inf	0.0000	493.1056	inf	0.0000	0.0493	0.0000	0.1226	0.0163	0.0000	0.1605	0.0623	0.0000	0.1197
15	26	0.1233	11	1	1	0	1	0	0	0	0	N	N	N	N	N	N	N	N	N	N	N	N	0.0000	0.0000	0.0000	0.0000	0.0000	0.0000	0.0000	0.0000	0.0000	0.0000	0.0000	0.0000	0.0000	0.0241	0.0408	0.0000	0.0797	0.0884	0.0000	0.0000	0.0000	0.0000	0.0000	0.0000	-0.0015	1.0000	2.0195	3.8697	15.0171	0.0000	0.0000	0.0000	0.0000	0.0000	0.0000	0.0000	0.0000	0.0000	0.0028	0.0028	0.0000	0.0028	0.0028	0.0000	0.0000	0.0000	0.0000	0.0148	0.0128	0.0019	0.0019	0.0019	0.0001	0.0128	0.0110	0.0019	0.1161	0.0686	0.0475	0.0351	0.0316	0.0034	0.0810	0.0369	0.0441	0.0000	0.0000	0.0000	0.0000	0.0000	0.0000	0.0000	0.0000	0.0000	0.0241	0.0408	0.0000	0.0797	0.0884	0.0000	0.0000	0.0000	0.0000						
15	27	0.1146	10	0	0	0	1	0	0	0	0	N	N	N	N	N	N	N	N	N	N	N	N	0.0000	0.0000	0.0000	0.0000	0.0000	0.0000	0.0000	0.0000	0.0000	0.0000	0.0000	0.0000	0.0000	0.0000	0.0000	0.0000	0.0000	0.0459	0.0752	0.0011	0.0013	0.0013	0.0000	0.0741	0.1903	0.0012	0.0098	0.0000	-0.0015	1.0000	1.6438	3.8697	3.3228	0.0000	0.0000	0.0000	0.0000	0.0000	0.0000	0.0000	0.0000	0.0000	0.0028	0.0028	0.0000	0.0000	0.0000	0.0000	0.0028	0.0028	0.0000	0.0214	0.0192	0.0022	0.0062	0.0061	0.0001	0.0152	0.0131	0.0021	0.0616	0.0372	0.0244	0.0238	0.0226	0.0012	0.0377	0.0145	0.0232	0.0000	0.0000	0.0000	0.0000	0.0000	0.0000	0.0000	0.0000	0.0000	0.0459	0.0752	0.0011	0.0013	0.0013	0.0000	0.0741	0.1903	0.0012		
15	28	0.0996	8	0	1	0	1	0	0	0	0	N	N	N	N	N	N	N	N	N	N	N	N	0.0000	0.0000	0.0000	0.0000	0.0000	0.0000	0.0000	0.0000	0.0000	0.0000	0.0000	0.0000	0.0000	0.0001	0.0001	0.0000	0.0004	0.0005	0.0000	0.0000	0.0000	0.0000	0.0000	0.0000	-0.0000	1.0000	3.0409	3.8697	16.1393	0.0000	0.0000	0.0000	0.0000	0.0000	0.0000	0.0000	0.0000	0.0000	0.0000	0.0000	0.0000	0.0000	0.0000	0.0000	0.0000	0.0000	0.0000	0.0214	0.0188	0.0026	0.0043	0.0041	0.0002	0.0171	0.0147	0.0024	0.1125	0.0643	0.0482	0.0219	0.0191	0.0028	0.0906	0.0452	0.0454	0.0000	0.0000	0.0000	0.0000	0.0000	0.0000	0.0000	0.0000	0.0000	0.0001	0.0001	0.0000	0.0004	0.0005	0.0000	0.0000	0.0000	0.0000						
15	29	0.0947	8	0	1	0	1	0	0	0	0	N	N	N	N	N	N	N	N	N	N	N	N	0.0000	0.0000	0.0000	0.0000	0.0000	0.0000	0.0000	0.0000	0.0000	0.0000	0.0000	0.0000	0.0000	0.0000	0.0000	0.0000	0.0000	0.0000	0.0000	0.0000	1.0000	4.0695	3.8697	11.0027	0.0000	0.0000	0.0000	0.0000	0.0000	0.0000	0.0000	0.0000	0.0000	0.0000	0.0000	0.0000	0.0000	0.0000	0.0000	0.0000	0.0000	0.0000	0.0288	0.0251	0.0036	0.0049	0.0046	0.0002	0.0239	0.0205	0.0034	0.0872	0.0489	0.0383	0.0141	0.0121	0.0021	0.0730	0.0368	0.0362	0.0000	0.0000	0.0000	0.0000	0.0000	0.0000	0.0000	0.0000	0.0000	0.0000	0.0000	0.0000	0.0000	0.0000	0.0000	0.0000	0.0000	0.0000											
15	30	0.1459	13	0	1	1	2	0	0	0	0	N	N	N	Y	N	N	N	N	N	N	N	N	0.0000	0.0000	0.0000	0.0000	0.0000	0.0000	0.0000	0.0000	0.0000	0.0000	0.0000	0.0000	0.0000	0.0000	0.0000	0.0000	0.0000	0.0000	0.0000	0.0000	1.0000	0.0021	3.8697	3.0281	0.0000	0.0000	0.0000	0.0000	0.0000	0.0000	0.0000	0.0000	0.0000	0.0000	0.0000	0.0000	0.0000	0.0000	0.0000	0.0000	0.0000	0.0000	0.0000	0.0000	0.0000	0.0000	0.0000	0.0000	0.0000	0.0000	0.0000	0.0201	0.0127	0.0074	0.0077	0.0068	0.0009	0.0124	0.0059	0.0065	0.0000	0.0000	0.0000	0.0000	0.0000	0.0000	0.0000	0.0000	0.0000	0.0000	0.0000	0.0000	0.0000	0.0000	0.0000	0.0000	0.0000	0.0000											
15	31	0.1233	12	0	0	0	2	0	0	0	0	N	N	N	Y	N	N	N	N	N	N	N	N	0.0000	0.0000	0.0000	0.0000	0.0000	0.0000	0.0000	0.0000	0.0000	0.0000	0.0000	0.0000	0.0000	0.0000	0.0000	0.0000	0.0000	0.0000	0.0000	0.0000	1.0000	3.2874	3.8697	7.1999	0.0000	0.0000	0.0000	0.0000	0.0000	0.0000	0.0000	0.0000	0.0000	0.0000	0.0000	0.0000	0.0000	0.0000	0.0000	0.0000	0.0000	0.0000	0.0253	0.0219	0.0034	0.0042	0.0040	0.0002	0.0211	0.0178	0.0033	0.0673	0.0419	0.0254	0.0218	0.0194	0.0024	0.0455	0.0225	0.0230	0.0000	0.0000	0.0000	0.0000	0.0000	0.0000	0.0000	0.0000	0.0000	0.0000	0.0000	0.0000	0.0000	0.0000	0.0000	0.0000	0.0000	0.0000											
15	32	0.0420	4	0	1	0	1	0	0	0	0	N	N	N	N	N	N	N	N	N	N	N	N	0.0000	0.0000	0.0000	0.0000	0.0000	0.0000	0.0000	0.0000	0.0000	0.0000	0.0000	0.0000	0.0000	0.1204	0.0000	0.2526	0.0000	0.0000	0.0000	0.1445	0.0000	0.2617	inf	0.0000	0.0085	1.0000	4.3545	3.8697	19.4857	0.0000	0.0000	0.0000	0.0000	0.0000	0.0000	0.0000	0.0000	0.0000	0.0186	0.0000	0.0186	0.0000	0.0000	0.0000	0.0186	0.0000	0.0186	0.0365	0.0319	0.0046	0.0048	0.0047	0.0001	0.0317	0.0272	0.0045	0.1542	0.0807	0.0735	0.0257	0.0232	0.0026	0.1285	0.0575	0.0710	0.0000	0.0000	0.0000	0.0000	0.0000	0.0000	0.0000	0.0000	0.0000	0.1204	0.0000	0.2526	0.0000	0.0000	0.0000	0.1445	0.0000	0.2617						
15	33	0.0277	4	1	1	0	1	0	0	0	0	N	N	N	N	N	N	N	N	N	N	N	N	0.0000	0.0000	0.0000	0.0000	0.0000	0.0000	0.0000	0.0000	0.0000	0.0000	0.0000	0.0000	0.0000	0.0000	0.0000	0.0000	0.0000	0.0000	0.0000	0.0000	1.0000	0.0000	3.8697	0.0000	0.0000	0.0000	0.0000	0.0000	0.0000	0.0000	0.0000	0.0000	0.0000	0.0000	0.0000	0.0000	0.0000	0.0000	0.0000	0.0000	0.0000	0.0000	0.0000	0.0000	0.0000	0.0000	0.0000	0.0000	0.0000	0.0000	0.0000	0.0000	0.0000	0.0000	0.0000	0.0000	0.0000	0.0000	0.0000	0.0000	0.0000	0.0000	0.0000	0.0000	0.0000	0.0000	0.0000	0.0000	0.0000	0.0000	0.0000	0.0000	0.0000	0.0000	0.0000	0.0000	0.0000	0.0000											
15	34	0.1146	10	0	1	0	2	0	0	0	0	N	N	N	Y	N	N	N	N	N	N	N	N	0.0000	0.0000	0.0000	0.0000	0.0000	0.0000	0.0000	0.0000	0.0000	0.0000	0.0000	0.0000	0.0000	0.0002	0.0004	0.0000	0.0007	0.0008	0.0000	0.0000	0.0000	0.0000	0.0000	0.0000	-0.0000	1.0000	6.4588	3.8697	12.7561	0.0000	0.0000	0.0000	0.0000	0.0000	0.0000	0.0000	0.0000	0.0000	0.0000	0.0000	0.0000	0.0000	0.0000	0.0000	0.0000	0.0000	0.0000	0.0533	0.0468	0.0065	0.0092	0.0089	0.0003	0.0441	0.0378	0.0062	0.1353	0.0795	0.0558	0.0421	0.0379	0.0043	0.0932	0.0417	0.0516	0.0000	0.0000	0.0000	0.0000	0.0000	0.0000	0.0000	0.0000	0.0000	0.0002	0.0004	0.0000	0.0007	0.0008	0.0000	0.0000	0.0000	0.0000						
15	35	0.1090	9	0	0	0	1	0	0	0	0	N	N	N	N	N	N	N	N	N	N	N	N	0.5699	0.3916	3.5895	3.5757	0.0000	0.0000	0.0003	0.0004	0.0000	0.0013	0.0013	0.0000	0.0000	0.0000	0.0000	0.0006	0.0010	0.0000	0.0004	0.0004	0.0000	0.0008	0.0020	0.0000	0.0000	0.0000	-0.0000	-0.0000	1.0000	2.5642	3.8697	2.5472	0.0000	0.0000	0.0000	0.0000	0.0000	0.0000	0.0000	0.0000	0.0000	0.0000	0.0000	0.0000	0.0000	0.0000	0.0000	0.0000	0.0000	0.0000	0.0290	0.0257	0.0033	0.0079	0.0076	0.0003	0.0211	0.0181	0.0030	0.0640	0.0390	0.0250	0.0248	0.0237	0.0011	0.0392	0.0153	0.0239	0.5699	0.3916	0.0000	3.5895	3.5757	0.0000	0.0000	0.0000	0.0000	0.0006	0.0010	0.0000	0.0004	0.0004	0.0000	0.0008	0.0020	0.0000			
15	36	0.1593	14	0	0	1	1	0	0	0	0	N	N	N	N	N	N	N	N	N	N	N	N	0.0000	0.0000	0.0000	0.0000	0.0000	0.0000	0.0000	0.0000	0.0000	0.0000	0.0000	0.0000	0.0000	0.0000	0.0000	0.0000	0.0000	0.0000	0.0000	0.0000	1.0000	1.0000	3.8697	2.0003	0.0000	0.0000	0.0000	0.0000	0.0000	0.0000	0.0000	0.0000	0.0000	0.0000	0.0000	0.0000	0.0000	0.0000	0.0000	0.0000	0.0000	0.0000	0.0068	0.0059	0.0009	0.0008	0.0008	0.0000	0.0060	0.0051	0.0009	0.0181	0.0102	0.0079	0.0036	0.0032	0.0004	0.0146	0.0070	0.0075	0.0000	0.0000	0.0000	0.0000	0.0000	0.0000	0.0000	0.0000	0.0000	0.0000	0.0000	0.0000	0.0000	0.0000	0.0000	0.0000	0.0000	0.0000											
15	37	0.1415	13	0	1	0	1	0	0	0	0	N	N	N	N	N	N	N	N	N	N	N	N	6.5045	4.8064	13.4122	12.7680	0.0014	0.0017	0.0000	0.0083	0.0088	0.0000	0.0000	0.0000	0.0000	0.0002	0.0003	0.0000	0.0006	0.0007	0.0000	0.0000	0.0000	0.0000	0.0000	0.0000	-0.0000	-0.0000	1.0000	1.9619	3.8697	8.3400	0.0000	0.0000	0.0000	0.0000	0.0000	0.0000	0.0000	0.0000	0.0000	0.0000	0.0000	0.0000	0.0000	0.0000	0.0000	0.0000	0.0000	0.0000	0.0138	0.0121	0.0018	0.0024	0.0023	0.0001	0.0114	0.0098	0.0017	0.0783	0.0504	0.0279	0.0280	0.0254	0.0027	0.0503	0.0250	0.0253	6.5045	4.8064	0.0000	13.4122	12.7680	0.0000	0.0000	0.0000	0.0000	0.0002	0.0003	0.0000	0.0006	0.0007	0.0000	0.0000	0.0000	0.0000					
15	38	0.1071	8	1	0	1	1	0	0	0	0	N	N	N	N	N	N	N	N	N	N	N	N	0.0000	0.0000	0.0000	0.0000	0.0000	0.0000	0.0000	0.0000	0.0000	0.0000	0.0000	0.0000	0.0000	0.0000	0.0000	0.0000	0.0000	0.0000	0.0000	0.0000	1.0000	0.0095	3.8697	5.0631	0.0000	0.0000	0.0000	0.0000	0.0000	0.0000	0.0000	0.0000	0.0000	0.0000	0.0000	0.0000	0.0000	0.0000	0.0000	0.0000	0.0000	0.0000	0.0002	0.0002	0.0000	0.0001	0.0001	0.0000	0.0001	0.0001	0.0000	0.0352	0.0199	0.0153	0.0071	0.0063	0.0007	0.0282	0.0136	0.0146	0.0000	0.0000	0.0000	0.0000	0.0000	0.0000	0.0000	0.0000	0.0000	0.0000	0.0000	0.0000	0.0000	0.0000	0.0000	0.0000	0.0000	0.0000											
15	39	0.1233	12	0	1	0	1	0	0	0	0	N	N	N	N	N	N	N	N	N	N	N	N	0.0000	0.0000	0.0000	0.0000	0.0000	0.0000	0.0000	0.0000	0.0000	0.0000	0.0000	0.0000	0.0000	0.0000	0.0000	0.0000	0.0000	0.0000	0.0000	0.0000	1.0000	1.1272	3.8697	11.0864	0.0000	0.0000	0.0000	0.0000	0.0000	0.0000	0.0000	0.0000	0.0000	0.0000	0.0000	0.0000	0.0000	0.0000	0.0000	0.0000	0.0000	0.0000	0.0107	0.0092	0.0015	0.0024	0.0023	0.0001	0.0083	0.0068	0.0014	0.0765	0.0474	0.0291	0.0245	0.0218	0.0028	0.0520	0.0257	0.0263	0.0000	0.0000	0.0000	0.0000	0.0000	0.0000	0.0000	0.0000	0.0000	0.0000	0.0000	0.0000	0.0000	0.0000	0.0000	0.0000	0.0000	0.0000											
15	40	0.1233	11	0	0	0	1	0	0	0	0	N	N	N	N	N	N	N	N	N	N	N	N	0.0000	0.0000	0.0000	0.0000	0.0000	0.0000	0.0000	0.0000	0.0000	0.0000	0.0000	0.0000	0.0000	0.0000	0.0000	0.0000	0.0000	0.0000	0.0000	0.0000	1.0000	0.4765	3.8697	0.2778	0.0000	0.0000	0.0000	0.0000	0.0000	0.0000	0.0000	0.0000	0.0000	0.0000	0.0000	0.0000	0.0000	0.0000	0.0000	0.0000	0.0000	0.0000	0.0062	0.0053	0.0009	0.0019	0.0018	0.0000	0.0043	0.0035	0.0009	0.0128	0.0092	0.0036	0.0055	0.0053	0.0002	0.0073	0.0039	0.0034	0.0000	0.0000	0.0000	0.0000	0.0000	0.0000	0.0000	0.0000	0.0000	0.0000	0.0000	0.0000	0.0000	0.0000	0.0000	0.0000	0.0000	0.0000											
15	41	0.1254	11	0	1	0	2	0	0	0	0	N	N	N	Y	N	N	N	N	N	N	N	N	0.0000	0.0000	0.0000	0.0000	0.0000	0.0000	0.0000	0.0000	0.0000	0.0000	0.0000	0.0000	0.0000	4.9909	0.0000	12.8613	0.0000	0.0000	0.0000	7.0541	0.0000	14.1450	inf	0.0000	0.3974	1.0000	10.0333	3.8697	21.8674	0.0000	0.0000	0.0000	0.0000	0.0000	0.0000	0.0000	0.0000	0.0000	0.8695	0.0000	0.8695	0.0000	0.0000	0.0000	0.8695	0.0000	0.8695	0.0671	0.0583	0.0088	0.0096	0.0091	0.0005	0.0574	0.0492	0.0082	0.1742	0.1066	0.0676	0.0510	0.0448	0.0061	0.1233	0.0618	0.0615	0.0000	0.0000	0.0000	0.0000	0.0000	0.0000	0.0000	0.0000	0.0000	4.9909	0.0000	12.8613	0.0000	0.0000	0.0000	7.0541	0.0000	14.1450						
15	42	0.1071	8	1	0	1	1	0	0	0	0	N	N	N	N	N	N	N	N	N	N	N	N	0.0000	0.0000	0.0000	0.0000	0.0000	0.0000	0.0000	0.0000	0.0000	0.0000	0.0000	0.0000	0.0000	0.0000	0.0000	0.0000	0.0000	0.0000	0.0000	0.0000	1.0000	0.9968	3.8697	1.9513	0.0000	0.0000	0.0000	0.0000	0.0000	0.0000	0.0000	0.0000	0.0000	0.0000	0.0000	0.0000	0.0000	0.0000	0.0000	0.0000	0.0000	0.0000	0.0068	0.0059	0.0009	0.0012	0.0012	0.0001	0.0056	0.0048	0.0008	0.0224	0.0130	0.0094	0.0050	0.0046	0.0004	0.0174	0.0084	0.0090	0.0000	0.0000	0.0000	0.0000	0.0000	0.0000	0.0000	0.0000	0.0000	0.0000	0.0000	0.0000	0.0000	0.0000	0.0000	0.0000	0.0000	0.0000											
15	43	0.0939	7	1	0	1	1	0	0	0	0	N	N	N	N	N	N	N	N	N	N	N	N	0.0000	0.0000	0.0000	0.0000	0.0000	0.0000	0.0000	0.0000	0.0000	0.0000	0.0000	0.0000	0.0000	0.0000	0.0000	0.0000	0.0000	0.0000	0.0000	0.0000	1.0000	5.0018	3.8697	1.7716	0.0000	0.0000	0.0000	0.0000	0.0000	0.0000	0.0000	0.0000	0.0000	0.0000	0.0000	0.0000	0.0000	0.0000	0.0000	0.0000	0.0000	0.0000	0.0343	0.0299	0.0044	0.0048	0.0045	0.0003	0.0295	0.0254	0.0041	0.0443	0.0247	0.0196	0.0083	0.0073	0.0010	0.0360	0.0174	0.0187	0.0000	0.0000	0.0000	0.0000	0.0000	0.0000	0.0000	0.0000	0.0000	0.0000	0.0000	0.0000	0.0000	0.0000	0.0000	0.0000	0.0000	0.0000											
15	44	0.0971	8	1	0	1	1	0	0	0	0	N	N	N	N	N	N	N	N	N	N	N	N	0.0000	0.0000	0.0000	0.0000	0.0000	0.0000	0.0000	0.0000	0.0000	0.0000	0.0000	0.0000	0.0000	0.0000	0.0000	0.0000	0.0000	0.0000	0.0000	0.0000	1.0000	4.9860	3.8697	2.3663	0.0000	0.0000	0.0000	0.0000	0.0000	0.0000	0.0000	0.0000	0.0000	0.0000	0.0000	0.0000	0.0000	0.0000	0.0000	0.0000	0.0000	0.0000	0.0343	0.0299	0.0044	0.0048	0.0045	0.0003	0.0295	0.0253	0.0041	0.0551	0.0325	0.0226	0.0130	0.0118	0.0012	0.0421	0.0207	0.0214	0.0000	0.0000	0.0000	0.0000	0.0000	0.0000	0.0000	0.0000	0.0000	0.0000	0.0000	0.0000	0.0000	0.0000	0.0000	0.0000	0.0000	0.0000											
15	45	0.0939	7	1	0	0	1	0	0	0	0	N	N	N	N	N	N	N	N	N	N	N	N	0.0000	0.0000	0.0000	0.0000	0.0000	0.0000	0.0000	0.0000	0.0000	0.0000	0.0000	0.0000	0.0000	0.0000	0.0000	0.0071	0.0067	0.0076	0.0000	0.0000	0.0000	0.0093	0.0111	0.0079	0.9319	0.0000	-0.0000	1.0000	0.0225	3.8697	1.9333	0.0000	0.0000	0.0000	0.0000	0.0000	0.0000	0.0000	0.0000	0.0000	0.0001	0.0001	0.0001	0.0000	0.0000	0.0000	0.0001	0.0001	0.0001	0.0003	0.0002	0.0000	0.0001	0.0001	0.0000	0.0002	0.0002	0.0000	0.0156	0.0086	0.0070	0.0037	0.0034	0.0003	0.0119	0.0052	0.0067	0.0000	0.0000	0.0000	0.0000	0.0000	0.0000	0.0000	0.0000	0.0000	0.0071	0.0067	0.0076	0.0000	0.0000	0.0000	0.0093	0.0111	0.0079				
15	46	0.0909	6	1	0	0	1	0	0	0	0	N	N	N	N	N	N	N	N	N	N	N	N	0.0000	0.0000	0.0000	0.0000	0.0000	0.0000	0.0000	0.0000	0.0000	0.0000	0.0000	0.0000	0.0000	0.0010	0.0018	0.0000	0.0059	0.0069	0.0000	0.0000	0.0000	0.0000	0.0000	0.0000	-0.0000	1.0000	1.0095	3.8697	0.3555	0.0000	0.0000	0.0000	0.0000	0.0000	0.0000	0.0000	0.0000	0.0000	0.0000	0.0000	0.0000	0.0000	0.0000	0.0000	0.0000	0.0000	0.0000	0.0071	0.0062	0.0009	0.0010	0.0010	0.0001	0.0061	0.0053	0.0009	0.0087	0.0049	0.0038	0.0015	0.0013	0.0002	0.0072	0.0036	0.0036	0.0000	0.0000	0.0000	0.0000	0.0000	0.0000	0.0000	0.0000	0.0000	0.0010	0.0018	0.0000	0.0059	0.0069	0.0000	0.0000	0.0000	0.0000						
15	47	0.1415	13	0	0	1	1	0	0	0	0	N	N	N	N	N	N	N	N	N	N	N	N	5.5452	4.0373	11.2313	10.6187	0.0010	0.0011	0.0000	0.0057	0.0060	0.0000	0.0000	0.0000	0.0000	0.0002	0.0003	0.0000	0.0005	0.0006	0.0000	0.0000	0.0000	0.0000	0.0000	0.0000	-0.0000	-0.0000	1.0000	3.0460	3.8697	11.9126	0.0000	0.0000	0.0000	0.0000	0.0000	0.0000	0.0000	0.0000	0.0000	0.0000	0.0000	0.0000	0.0000	0.0000	0.0000	0.0000	0.0000	0.0000	0.0210	0.0183	0.0027	0.0035	0.0033	0.0002	0.0175	0.0150	0.0025	0.1014	0.0643	0.0371	0.0344	0.0309	0.0036	0.0669	0.0334	0.0336	5.5452	4.0373	0.0000	11.2313	10.6187	0.0000	0.0000	0.0000	0.0000	0.0002	0.0003	0.0000	0.0005	0.0006	0.0000	0.0000	0.0000	0.0000					
15	48	0.1281	12	0	0	0	1	0	0	0	0	N	N	N	N	N	N	N	N	N	N	N	N	5.4464	6.0872	0.0000	0.0000	0.0000	6.4503	7.5873	0.0000	0.0025	0.0029	0.0000	0.0000	0.0000	0.0000	0.0030	0.0035	0.0000	0.0005	0.0005	0.0004	0.0004	0.0005	0.0000	0.0005	0.0005	0.0005	0.0000	0.5000	-0.0000	-0.0000	1.0000	1.1082	3.8697	5.8288	0.0000	0.0000	0.0000	0.0000	0.0000	0.0000	0.0000	0.0000	0.0000	0.0000	0.0000	0.0000	0.0000	0.0000	0.0000	0.0000	0.0000	0.0000	0.0080	0.0070	0.0010	0.0014	0.0013	0.0001	0.0066	0.0057	0.0010	0.0569	0.0369	0.0201	0.0197	0.0182	0.0015	0.0372	0.0187	0.0186	5.4464	6.0872	0.0000	0.0000	0.0000	0.0000	6.4503	7.5873	0.0000	0.0005	0.0005	0.0004	0.0004	0.0005	0.0000	0.0005	0.0005	0.0005	
15	49	0.1593	14	0	1	0	1	0	0	0	0	N	N	N	N	N	N	N	N	N	N	N	N	0.0000	0.0000	0.0000	0.0000	0.0000	0.0000	0.0000	0.0000	0.0000	0.0000	0.0000	0.0000	0.0000	0.0000	0.0000	0.0000	0.0000	0.0000	0.0000	0.0000	1.0000	0.0000	3.8697	2.0001	0.0000	0.0000	0.0000	0.0000	0.0000	0.0000	0.0000	0.0000	0.0000	0.0000	0.0000	0.0000	0.0000	0.0000	0.0000	0.0000	0.0000	0.0000	0.0000	0.0000	0.0000	0.0000	0.0000	0.0000	0.0000	0.0000	0.0000	0.0121	0.0069	0.0053	0.0024	0.0022	0.0002	0.0097	0.0047	0.0050	0.0000	0.0000	0.0000	0.0000	0.0000	0.0000	0.0000	0.0000	0.0000	0.0000	0.0000	0.0000	0.0000	0.0000	0.0000	0.0000	0.0000	0.0000											
15	50	0.1264	11	1	1	1	1	0	0	0	0	N	N	N	N	N	N	N	N	N	N	N	N	0.0000	0.0000	0.0000	0.0000	0.0000	0.0000	0.0000	0.0000	0.0000	0.0000	0.0000	0.0000	0.0000	0.0000	0.0000	0.0000	0.0000	0.0000	0.0000	0.0000	1.0000	0.0000	3.8697	1.7047	0.0000	0.0000	0.0000	0.0000	0.0000	0.0000	0.0000	0.0000	0.0000	0.0000	0.0000	0.0000	0.0000	0.0000	0.0000	0.0000	0.0000	0.0000	0.0000	0.0000	0.0000	0.0000	0.0000	0.0000	0.0000	0.0000	0.0000	0.0223	0.0173	0.0050	0.0079	0.0077	0.0002	0.0145	0.0096	0.0048	0.0000	0.0000	0.0000	0.0000	0.0000	0.0000	0.0000	0.0000	0.0000	0.0000	0.0000	0.0000	0.0000	0.0000	0.0000	0.0000	0.0000	0.0000											
15	51	0.1264	11	1	1	1	1	0	0	0	0	N	N	N	N	N	N	N	N	N	N	N	N	0.0000	0.0000	0.0000	0.0000	0.0000	0.0000	0.0000	0.0000	0.0000	0.0000	0.0000	0.0000	0.0000	0.0000	0.0000	0.0000	0.0000	0.0000	0.0000	0.0000	1.0000	0.0000	3.8697	0.2953	0.0000	0.0000	0.0000	0.0000	0.0000	0.0000	0.0000	0.0000	0.0000	0.0000	0.0000	0.0000	0.0000	0.0000	0.0000	0.0000	0.0000	0.0000	0.0000	0.0000	0.0000	0.0000	0.0000	0.0000	0.0000	0.0000	0.0000	0.0144	0.0130	0.0015	0.0066	0.0066	0.0000	0.0078	0.0064	0.0014	0.0000	0.0000	0.0000	0.0000	0.0000	0.0000	0.0000	0.0000	0.0000	0.0000	0.0000	0.0000	0.0000	0.0000	0.0000	0.0000	0.0000	0.0000											
15	52	0.1236	10	1	1	1	1	0	0	0	0	N	N	N	N	N	N	N	N	N	N	N	N	0.0000	0.0000	0.0000	0.0000	0.0000	0.0000	0.0000	0.0000	0.0000	0.0000	0.0000	0.0000	0.0000	0.0000	0.0000	0.0000	0.0000	0.0000	0.0000	0.0000	1.0000	0.0001	3.8697	1.7968	0.0000	0.0000	0.0000	0.0000	0.0000	0.0000	0.0000	0.0000	0.0000	0.0000	0.0000	0.0000	0.0000	0.0000	0.0000	0.0000	0.0000	0.0000	0.0000	0.0000	0.0000	0.0000	0.0000	0.0000	0.0000	0.0000	0.0000	0.0148	0.0092	0.0056	0.0042	0.0039	0.0003	0.0107	0.0054	0.0053	0.0000	0.0000	0.0000	0.0000	0.0000	0.0000	0.0000	0.0000	0.0000	0.0000	0.0000	0.0000	0.0000	0.0000	0.0000	0.0000	0.0000	0.0000											
15	53	0.1053	4	1	1	0	1	0	0	0	0	N	N	N	N	N	N	N	N	N	N	N	N	0.0000	0.0000	0.0000	0.0000	0.0000	0.0000	0.0000	0.0000	0.0000	0.0000	0.0000	0.0000	0.0000	0.0008	0.0000	0.0020	0.0000	0.0000	0.0000	0.0011	0.0000	0.0021	inf	0.0000	0.0000	1.0000	1.8240	3.8697	0.8872	0.0000	0.0000	0.0000	0.0000	0.0000	0.0000	0.0000	0.0000	0.0000	0.0000	0.0000	0.0000	0.0000	0.0000	0.0000	0.0000	0.0000	0.0000	0.0164	0.0145	0.0019	0.0057	0.0052	0.0004	0.0107	0.0092	0.0015	0.0216	0.0130	0.0086	0.0058	0.0054	0.0004	0.0158	0.0076	0.0083	0.0000	0.0000	0.0000	0.0000	0.0000	0.0000	0.0000	0.0000	0.0000	0.0008	0.0000	0.0020	0.0000	0.0000	0.0000	0.0011	0.0000	0.0021						
15	54	0.1893	16	0	1	0	2	0	0	0	0	N	N	N	Y	N	N	N	N	N	N	N	N	0.0000	0.0000	0.0000	0.0000	0.0000	0.0000	0.0000	0.0000	0.0000	0.0000	0.0000	0.0000	0.0000	0.0000	0.0000	0.0000	0.0000	0.0000	0.0000	0.0000	1.0000	0.0007	3.8697	4.7762	0.0000	0.0000	0.0000	0.0000	0.0000	0.0000	0.0000	0.0000	0.0000	0.0000	0.0000	0.0000	0.0000	0.0000	0.0000	0.0000	0.0000	0.0000	0.0000	0.0000	0.0000	0.0000	0.0000	0.0000	0.0000	0.0000	0.0000	0.0320	0.0200	0.0120	0.0100	0.0089	0.0011	0.0221	0.0111	0.0109	0.0000	0.0000	0.0000	0.0000	0.0000	0.0000	0.0000	0.0000	0.0000	0.0000	0.0000	0.0000	0.0000	0.0000	0.0000	0.0000	0.0000	0.0000											
15	55	0.1893	16	0	0	0	2	0	0	0	0	N	N	N	Y	N	N	N	N	N	N	N	N	0.0000	0.0000	0.0000	0.0000	0.0000	0.0000	0.0000	0.0000	0.0000	0.0000	0.0000	0.0000	0.0000	0.0000	0.0000	0.0000	0.0000	0.0000	0.0000	0.0000	1.0000	0.0007	3.8697	3.2259	0.0000	0.0000	0.0000	0.0000	0.0000	0.0000	0.0000	0.0000	0.0000	0.0000	0.0000	0.0000	0.0000	0.0000	0.0000	0.0000	0.0000	0.0000	0.0000	0.0000	0.0000	0.0000	0.0000	0.0000	0.0000	0.0000	0.0000	0.0233	0.0149	0.0084	0.0075	0.0068	0.0007	0.0158	0.0081	0.0077	0.0000	0.0000	0.0000	0.0000	0.0000	0.0000	0.0000	0.0000	0.0000	0.0000	0.0000	0.0000	0.0000	0.0000	0.0000	0.0000	0.0000	0.0000											
15	56	0.1849	15	0	0	0	2	0	0	0	0	N	N	N	Y	N	N	N	N	N	N	N	N	0.0000	0.0000	0.0000	0.0000	0.0000	0.0000	0.0000	0.0000	0.0000	0.0000	0.0000	0.0000	0.0000	0.0000	0.0000	0.0000	0.0000	0.0000	0.0000	0.0000	1.0000	0.9953	3.8697	1.3904	0.0000	0.0000	0.0000	0.0000	0.0000	0.0000	0.0000	0.0000	0.0000	0.0000	0.0000	0.0000	0.0000	0.0000	0.0000	0.0000	0.0000	0.0000	0.0069	0.0060	0.0009	0.0009	0.0008	0.0001	0.0060	0.0052	0.0008	0.0180	0.0117	0.0063	0.0059	0.0054	0.0005	0.0121	0.0063	0.0057	0.0000	0.0000	0.0000	0.0000	0.0000	0.0000	0.0000	0.0000	0.0000	0.0000	0.0000	0.0000	0.0000	0.0000	0.0000	0.0000	0.0000	0.0000											
15	57	0.1782	14	0	0	0	2	0	0	0	0	N	N	N	Y	N	N	N	N	N	N	N	N	0.0000	0.0000	0.0000	0.0000	0.0000	0.0000	0.0000	0.0000	0.0000	0.0000	0.0000	0.0000	0.0000	0.0000	0.0000	0.0000	0.0000	0.0000	0.0000	0.0000	1.0000	0.0068	3.8697	3.2797	0.0000	0.0000	0.0000	0.0000	0.0000	0.0000	0.0000	0.0000	0.0000	0.0000	0.0000	0.0000	0.0000	0.0000	0.0000	0.0000	0.0000	0.0000	0.0001	0.0001	0.0000	0.0000	0.0000	0.0000	0.0000	0.0000	0.0000	0.0228	0.0138	0.0089	0.0071	0.0064	0.0007	0.0156	0.0074	0.0082	0.0000	0.0000	0.0000	0.0000	0.0000	0.0000	0.0000	0.0000	0.0000	0.0000	0.0000	0.0000	0.0000	0.0000	0.0000	0.0000	0.0000	0.0000											
15	58	0.1371	13	0	0	0	2	0	0	0	0	N	N	N	Y	N	N	N	N	N	N	N	N	0.0000	0.0000	0.0000	0.0000	0.0000	0.0000	0.0000	0.0000	0.0000	0.0000	0.0000	0.0000	0.0000	0.0001	0.0002	0.0000	0.0005	0.0006	0.0000	0.0000	0.0000	0.0000	0.0000	0.0000	-0.0000	1.0000	5.8573	3.8697	13.1443	0.0000	0.0000	0.0000	0.0000	0.0000	0.0000	0.0000	0.0000	0.0000	0.0000	0.0000	0.0000	0.0000	0.0000	0.0000	0.0000	0.0000	0.0000	0.0462	0.0405	0.0057	0.0107	0.0100	0.0007	0.0356	0.0305	0.0050	0.1192	0.0711	0.0481	0.0333	0.0294	0.0039	0.0859	0.0416	0.0442	0.0000	0.0000	0.0000	0.0000	0.0000	0.0000	0.0000	0.0000	0.0000	0.0001	0.0002	0.0000	0.0005	0.0006	0.0000	0.0000	0.0000	0.0000						
15	59	0.1237	11	0	1	1	1	0	0	0	0	N	N	N	N	N	N	N	N	N	N	N	N	0.0000	0.0000	0.0000	0.0000	0.0000	0.0000	0.0000	0.0000	0.0000	0.0000	0.0000	0.0000	0.0000	0.0443	0.0708	0.0000	0.1607	0.1787	0.0000	0.0000	0.0000	0.0000	0.0000	0.0000	-0.0008	1.0000	0.9979	3.8697	4.0614	0.0000	0.0000	0.0000	0.0000	0.0000	0.0000	0.0000	0.0000	0.0000	0.0016	0.0016	0.0000	0.0016	0.0016	0.0000	0.0000	0.0000	0.0000	0.0068	0.0059	0.0009	0.0011	0.0010	0.0001	0.0057	0.0049	0.0008	0.0352	0.0220	0.0132	0.0097	0.0087	0.0010	0.0255	0.0133	0.0122	0.0000	0.0000	0.0000	0.0000	0.0000	0.0000	0.0000	0.0000	0.0000	0.0443	0.0708	0.0000	0.1607	0.1787	0.0000	0.0000	0.0000	0.0000						
15	60	0.1153	10	0	1	0	1	0	0	0	0	N	N	N	N	N	N	N	N	N	N	N	N	0.0000	0.0000	0.0000	0.0000	0.0000	0.0000	0.0000	0.0000	0.0000	0.0000	0.0000	0.0000	0.0000	0.0000	0.0000	0.0000	0.0000	0.0515	0.0011	0.1341	0.0013	0.0014	0.0000	0.0680	0.0008	0.1412	77.5597	0.0000	0.0007	1.0000	2.2356	3.8697	2.2044	0.0000	0.0000	0.0000	0.0000	0.0000	0.0000	0.0000	0.0000	0.0000	0.0016	0.0000	0.0015	0.0000	0.0000	0.0000	0.0016	0.0000	0.0015	0.0157	0.0137	0.0020	0.0025	0.0024	0.0001	0.0133	0.0114	0.0019	0.0305	0.0189	0.0116	0.0075	0.0070	0.0006	0.0230	0.0120	0.0110	0.0000	0.0000	0.0000	0.0000	0.0000	0.0000	0.0000	0.0000	0.0000	0.0515	0.0011	0.1341	0.0013	0.0014	0.0000	0.0680	0.0008	0.1412		
15	61	0.0947	8	1	0	1	1	0	0	0	0	N	N	N	N	N	N	N	N	N	N	N	N	0.0000	0.0000	0.0000	0.0000	0.0000	0.0000	0.0000	0.0000	0.0000	0.0000	0.0000	0.0000	0.0000	0.0000	0.0000	0.0000	0.0000	0.0000	0.0000	0.0000	1.0000	2.0703	3.8697	7.0012	0.0000	0.0000	0.0000	0.0000	0.0000	0.0000	0.0000	0.0000	0.0000	0.0000	0.0000	0.0000	0.0000	0.0000	0.0000	0.0000	0.0000	0.0000	0.0152	0.0133	0.0019	0.0027	0.0026	0.0001	0.0125	0.0107	0.0018	0.0540	0.0303	0.0237	0.0089	0.0076	0.0013	0.0452	0.0228	0.0224	0.0000	0.0000	0.0000	0.0000	0.0000	0.0000	0.0000	0.0000	0.0000	0.0000	0.0000	0.0000	0.0000	0.0000	0.0000	0.0000	0.0000	0.0000											
15	62	0.0931	7	0	0	0	1	0	0	0	0	N	N	N	N	N	N	N	N	N	N	N	N	0.0000	0.0000	0.0000	0.0000	0.0000	0.0000	0.0000	0.0000	0.0000	0.0000	0.0000	0.0000	0.0000	0.0000	0.0000	0.0000	0.0000	0.0000	0.0000	0.0000	1.0000	0.9285	3.8697	0.0280	0.0000	0.0000	0.0000	0.0000	0.0000	0.0000	0.0000	0.0000	0.0000	0.0000	0.0000	0.0000	0.0000	0.0000	0.0000	0.0000	0.0000	0.0000	0.0066	0.0058	0.0008	0.0011	0.0010	0.0001	0.0055	0.0048	0.0008	0.0060	0.0034	0.0026	0.0010	0.0009	0.0001	0.0050	0.0025	0.0025	0.0000	0.0000	0.0000	0.0000	0.0000	0.0000	0.0000	0.0000	0.0000	0.0000	0.0000	0.0000	0.0000	0.0000	0.0000	0.0000	0.0000	0.0000											
15	63	0.0741	6	1	1	0	1	0	0	0	0	N	N	N	N	N	N	N	N	N	N	N	N	0.0000	0.0000	0.0000	0.0000	0.0000	0.0000	0.0000	0.0000	0.0000	0.0000	0.0000	0.0000	0.0000	0.0000	0.0000	0.0000	0.0000	36.3826	62.2903	0.0054	0.0018	0.0020	0.0000	45.8497	90.4928	0.0057	0.0001	0.0000	-0.5359	1.0000	1.0023	3.8697	3.0135	0.0000	0.0000	0.0000	0.0000	0.0000	0.0000	0.0000	0.0000	0.0000	0.9872	0.9871	0.0001	0.0000	0.0000	0.0000	0.9872	0.9871	0.0001	0.0071	0.0062	0.0010	0.0007	0.0007	0.0000	0.0064	0.0055	0.0009	0.0271	0.0158	0.0113	0.0056	0.0049	0.0007	0.0215	0.0109	0.0106	0.0000	0.0000	0.0000	0.0000	0.0000	0.0000	0.0000	0.0000	0.0000	36.3826	62.2903	0.0054	0.0018	0.0020	0.0000	45.8497	90.4928	0.0057		
15	64	0.0477	5	1	1	0	1	0	0	0	0	N	N	N	N	N	N	N	N	N	N	N	N	0.0000	0.0000	0.0000	0.0000	0.0000	0.0000	0.0000	0.0000	0.0000	0.0000	0.0000	0.0000	0.0000	0.0000	0.0000	0.0000	0.0000	0.3898	0.2824	0.5155	0.0045	0.0050	0.0000	0.4752	0.4070	0.5353	1.5576	0.0000	0.0022	1.0000	3.0820	3.8697	9.3392	0.0000	0.0000	0.0000	0.0000	0.0000	0.0000	0.0000	0.0000	0.0000	0.0331	0.0130	0.0202	0.0001	0.0001	0.0000	0.0331	0.0129	0.0202	0.0266	0.0234	0.0032	0.0044	0.0043	0.0001	0.0222	0.0191	0.0031	0.0850	0.0459	0.0392	0.0154	0.0140	0.0014	0.0696	0.0319	0.0377	0.0000	0.0000	0.0000	0.0000	0.0000	0.0000	0.0000	0.0000	0.0000	0.3898	0.2824	0.5155	0.0045	0.0050	0.0000	0.4752	0.4040	0.5353		
15	65	0.1153	10	0	1	0	1	0	0	0	0	N	N	N	N	N	N	N	N	N	N	N	N	0.0000	0.0000	0.0000	0.0000	0.0000	0.0000	0.0000	0.0000	0.0000	0.0000	0.0000	0.0000	0.0000	0.0002	0.0003	0.0000	0.0009	0.0010	0.0000	0.0000	0.0000	0.0000	0.0000	0.0000	-0.0000	1.0000	1.7946	3.8697	5.9592	0.0000	0.0000	0.0000	0.0000	0.0000	0.0000	0.0000	0.0000	0.0000	0.0000	0.0000	0.0000	0.0000	0.0000	0.0000	0.0000	0.0000	0.0000	0.0129	0.0113	0.0016	0.0021	0.0020	0.0001	0.0108	0.0093	0.0015	0.0486	0.0292	0.0193	0.0110	0.0100	0.0010	0.0376	0.0193	0.0183	0.0000	0.0000	0.0000	0.0000	0.0000	0.0000	0.0000	0.0000	0.0000	0.0002	0.0003	0.0000	0.0009	0.0010	0.0000	0.0000	0.0000	0.0000						
15	66	0.1085	9	0	1	0	1	0	0	0	0	N	N	N	N	N	N	N	N	N	N	N	N	110.5158	inf	0.0000	inf	inf	0.0000	0.0000	0.0509	0.0583	0.0000	0.2877	0.2999	0.0000	0.0000	0.0000	0.0000	0.0005	0.0000	0.0011	0.0000	0.0000	0.0000	0.0006	0.0000	0.0011	0.0000	inf	-0.0002	0.0000	1.0000	1.3569	3.8697	2.0560	0.0005	0.0005	0.0000	0.0005	0.0005	0.0000	0.0000	0.0000	0.0000	0.0000	0.0000	0.0000	0.0000	0.0000	0.0000	0.0000	0.0000	0.0000	0.0106	0.0093	0.0013	0.0019	0.0018	0.0001	0.0087	0.0075	0.0013	0.0217	0.0125	0.0092	0.0046	0.0042	0.0004	0.0171	0.0083	0.0088	110.5158	inf	0.0000	inf	inf	0.0000	0.0000	0.0000	0.0000	0.0005	0.0000	0.0011	0.0000	0.0000	0.0000	0.0006	0.0000	0.0011		
15	67	0.0951	8	0	1	0	1	0	0	0	0	N	N	N	N	N	N	N	N	N	N	N	N	inf	inf	inf	inf	0.0151	0.0173	0.0000	0.0000	0.0000	0.0000	0.0178	0.0207	0.0000	0.0000	0.0000	0.0000	0.0000	0.0000	0.0000	0.0000	0.0000	0.0000	0.0000	-0.0002	0.0000	1.0000	4.9477	3.8697	2.0153	0.0005	0.0005	0.0000	0.0000	0.0000	0.0000	0.0005	0.0005	0.0000	0.0000	0.0000	0.0000	0.0000	0.0000	0.0000	0.0000	0.0000	0.0000	0.0358	0.0312	0.0047	0.0054	0.0051	0.0004	0.0304	0.0261	0.0043	0.0427	0.0245	0.0181	0.0088	0.0079	0.0009	0.0339	0.0167	0.0172	inf	inf	0.0000	0.0000	0.0000	0.0000	inf	inf	0.0000	0.0000	0.0000	0.0000	0.0000	0.0000	0.0000	0.0000	0.0000	0.0000						
15	68	0.1593	14	0	0	1	1	0	0	0	0	N	N	N	N	N	N	N	N	N	N	N	N	0.0000	0.0000	0.0000	0.0000	0.0000	0.0000	0.0000	0.0000	0.0000	0.0000	0.0000	0.0000	0.0000	0.0000	0.0000	0.0000	0.0000	0.0000	0.0000	0.0000	1.0000	0.0000	3.8697	4.0001	0.0000	0.0000	0.0000	0.0000	0.0000	0.0000	0.0000	0.0000	0.0000	0.0000	0.0000	0.0000	0.0000	0.0000	0.0000	0.0000	0.0000	0.0000	0.0000	0.0000	0.0000	0.0000	0.0000	0.0000	0.0000	0.0000	0.0000	0.0240	0.0136	0.0105	0.0047	0.0043	0.0005	0.0193	0.0093	0.0100	0.0000	0.0000	0.0000	0.0000	0.0000	0.0000	0.0000	0.0000	0.0000	0.0000	0.0000	0.0000	0.0000	0.0000	0.0000	0.0000	0.0000	0.0000											
15	69	0.1371	13	0	0	0	1	0	0	0	0	N	N	N	N	N	N	N	N	N	N	N	N	0.0000	0.0000	0.0000	0.0000	0.0000	0.0000	0.0000	0.0000	0.0000	0.0000	0.0000	0.0000	0.0000	0.0002	0.0003	0.0000	0.0007	0.0008	0.0000	0.0000	0.0000	0.0000	0.0000	0.0000	-0.0000	1.0000	2.8240	3.8697	8.9883	0.0000	0.0000	0.0000	0.0000	0.0000	0.0000	0.0000	0.0000	0.0000	0.0000	0.0000	0.0000	0.0000	0.0000	0.0000	0.0000	0.0000	0.0000	0.0268	0.0236	0.0032	0.0082	0.0076	0.0006	0.0186	0.0160	0.0026	0.0831	0.0501	0.0330	0.0252	0.0224	0.0028	0.0579	0.0277	0.0302	0.0000	0.0000	0.0000	0.0000	0.0000	0.0000	0.0000	0.0000	0.0000	0.0002	0.0003	0.0000	0.0007	0.0008	0.0000	0.0000	0.0000	0.0000						
15	70	0.1281	12	0	0	0	1	0	0	0	0	N	N	N	N	N	N	N	N	N	N	N	N	0.0000	0.0000	0.0000	0.0000	0.0000	0.0000	0.0000	0.0000	0.0000	0.0000	0.0000	0.0000	0.0000	0.0000	0.0000	0.0000	0.0000	0.0006	0.0006	0.0005	0.0005	0.0005	0.0000	0.0006	0.0006	0.0006	0.5000	0.0000	-0.0000	1.0000	1.4521	3.8697	3.5882	0.0000	0.0000	0.0000	0.0000	0.0000	0.0000	0.0000	0.0000	0.0000	0.0000	0.0000	0.0000	0.0000	0.0000	0.0000	0.0000	0.0000	0.0000	0.0103	0.0090	0.0014	0.0017	0.0016	0.0001	0.0086	0.0073	0.0013	0.0469	0.0309	0.0160	0.0171	0.0160	0.0011	0.0298	0.0149	0.0149	0.0000	0.0000	0.0000	0.0000	0.0000	0.0000	0.0000	0.0000	0.0000	0.0006	0.0006	0.0005	0.0005	0.0005	0.0000	0.0006	0.0006	0.0006		
15	71	0.1254	11	0	0	0	1	0	0	0	0	N	N	N	N	N	N	N	N	N	N	N	N	0.0000	0.0000	0.0000	0.0000	0.0000	0.0000	0.0000	0.0000	0.0000	0.0000	0.0000	0.0000	0.0000	0.0000	0.0000	0.0000	0.0074	0.0103	0.0010	0.0174	0.0182	0.0000	0.0005	0.0000	0.0011	0.0454	0.0000	-0.0001	1.0000	1.1783	3.8697	0.9542	0.0000	0.0000	0.0000	0.0000	0.0000	0.0000	0.0000	0.0000	0.0000	0.0002	0.0002	0.0000	0.0002	0.0002	0.0000	0.0000	0.0000	0.0000	0.0098	0.0086	0.0013	0.0020	0.0019	0.0001	0.0078	0.0066	0.0012	0.0272	0.0185	0.0086	0.0110	0.0105	0.0005	0.0162	0.0080	0.0081	0.0000	0.0000	0.0000	0.0000	0.0000	0.0000	0.0000	0.0000	0.0000	0.0074	0.0103	0.0010	0.0174	0.0182	0.0000	0.0005	0.0000	0.0011			
15	72	0.1208	10	0	0	0	1	0	0	0	0	N	N	N	N	N	N	N	N	N	N	N	N	0.0000	0.0000	0.0000	0.0000	0.0000	0.0000	0.0000	0.0000	0.0000	0.0000	0.0000	0.0000	0.0000	0.0058	0.0000	0.0166	0.0000	0.0000	0.0000	0.0090	0.0000	0.0179	inf	0.0000	0.0001	1.0000	2.0762	3.8697	1.4610	0.0000	0.0000	0.0000	0.0000	0.0000	0.0000	0.0000	0.0000	0.0000	0.0002	0.0000	0.0002	0.0000	0.0000	0.0000	0.0002	0.0000	0.0002	0.0149	0.0129	0.0020	0.0020	0.0019	0.0001	0.0129	0.0110	0.0019	0.0332	0.0217	0.0115	0.0120	0.0112	0.0008	0.0212	0.0105	0.0107	0.0000	0.0000	0.0000	0.0000	0.0000	0.0000	0.0000	0.0000	0.0000	0.0058	0.0000	0.0166	0.0000	0.0000	0.0000	0.0090	0.0000	0.0179						
15	73	0.0566	6	0	0	0	1	0	0	0	0	N	N	N	N	N	N	N	N	N	N	N	N	0.0000	0.0000	0.0000	0.0000	0.0000	0.0000	0.0000	0.0000	0.0000	0.0000	0.0000	0.0000	0.0000	0.0000	0.0000	9.9506	18.8729	0.0000	17.2563	17.8899	0.0000	7.6732	19.6624	0.0000	0.0000	0.0000	-0.9398	1.0000	4.0673	3.8697	17.8409	0.0000	0.0000	0.0000	0.0000	0.0000	0.0000	0.0000	0.0000	0.0000	1.7308	1.7308	0.0000	0.7308	0.7308	0.0000	1.0000	1.0000	0.0000	0.0329	0.0288	0.0041	0.0047	0.0045	0.0001	0.0283	0.0243	0.0040	0.1739	0.0917	0.0822	0.0436	0.0408	0.0028	0.1303	0.0509	0.0795	0.0000	0.0000	0.0000	0.0000	0.0000	0.0000	0.0000	0.0000	0.0000	9.9506	18.8729	0.0000	16.7563	17.8899	0.0000	7.6732	19.6624	0.0000				
15	75	0.1933	10	0	0	0	1	0	0	0	0	N	N	N	N	N	N	N	N	N	N	N	N	0.0521	0.0414	0.0000	0.0786	0.0718	0.0000	0.0000	0.0000	0.0062	0.0069	0.0000	0.0198	0.0205	0.0000	0.0000	0.0000	0.0000	0.1183	0.1675	0.0263	0.2523	0.2857	0.0059	0.0157	0.0000	0.0299	0.0000	0.0840	-0.0001	-0.0236	1.0000	3.5843	3.8697	46.7516	0.0003	0.0003	0.0000	0.0003	0.0003	0.0000	0.0000	0.0000	0.0000	0.0507	0.0468	0.0039	0.0469	0.0468	0.0001	0.0038	0.0000	0.0038	0.0405	0.0360	0.0045	0.0126	0.0122	0.0004	0.0279	0.0239	0.0041	0.4288	0.2794	0.1494	0.1860	0.1638	0.0222	0.2428	0.1156	0.1272	0.0521	0.0414	0.0000	0.0786	0.0718	0.0000	0.0000	0.0000	0.0000	0.1183	0.1675	0.0263	0.2523	0.2857	0.0059	0.0157	0.0000	0.0299	
15	76	0.1219	10	1	1	1	1	0	0	0	0	N	N	N	N	N	N	N	N	N	N	N	N	0.0000	0.0000	0.0000	0.0000	0.0000	0.0000	0.0000	0.0000	0.0000	0.0000	0.0000	0.0000	0.0000	0.0000	0.0000	0.0000	0.0000	0.0000	0.0000	0.0000	1.0000	1.0003	3.8697	1.0071	0.0000	0.0000	0.0000	0.0000	0.0000	0.0000	0.0000	0.0000	0.0000	0.0000	0.0000	0.0000	0.0000	0.0000	0.0000	0.0000	0.0000	0.0000	0.0068	0.0059	0.0008	0.0013	0.0013	0.0001	0.0055	0.0047	0.0008	0.0120	0.0069	0.0051	0.0032	0.0028	0.0004	0.0088	0.0042	0.0046	0.0000	0.0000	0.0000	0.0000	0.0000	0.0000	0.0000	0.0000	0.0000	0.0000	0.0000	0.0000	0.0000	0.0000	0.0000	0.0000	0.0000	0.0000											
15	77	0.1152	9	1	0	1	1	0	0	0	0	N	N	N	N	N	N	N	N	N	N	N	N	0.0000	0.0000	0.0000	0.0000	0.0000	0.0000	0.0000	0.0000	0.0000	0.0000	0.0000	0.0000	0.0000	0.0000	0.0000	0.0000	0.0000	0.0000	0.0000	0.0000	1.0000	0.9901	3.8697	2.2068	0.0000	0.0000	0.0000	0.0000	0.0000	0.0000	0.0000	0.0000	0.0000	0.0000	0.0000	0.0000	0.0000	0.0000	0.0000	0.0000	0.0000	0.0000	0.0068	0.0060	0.0009	0.0013	0.0013	0.0001	0.0055	0.0047	0.0008	0.0557	0.0405	0.0152	0.0225	0.0219	0.0006	0.0332	0.0186	0.0146	0.0000	0.0000	0.0000	0.0000	0.0000	0.0000	0.0000	0.0000	0.0000	0.0000	0.0000	0.0000	0.0000	0.0000	0.0000	0.0000	0.0000	0.0000											
15	78	0.0741	7	0	1	0	1	0	0	0	0	N	N	N	N	N	N	N	N	N	N	N	N	0.0000	0.0000	0.0000	0.0000	0.0000	0.0000	0.0000	0.0000	0.0000	0.0000	0.0000	0.0000	0.0000	3.4789	6.2284	0.0000	10.8365	12.3769	0.0000	0.0000	0.0000	0.0000	0.0000	0.0000	-0.4010	1.0000	8.4371	3.8697	15.3349	0.0000	0.0000	0.0000	0.0000	0.0000	0.0000	0.0000	0.0000	0.0000	0.7385	0.7385	0.0000	0.7385	0.7385	0.0000	0.0000	0.0000	0.0000	0.0674	0.0592	0.0083	0.0116	0.0110	0.0005	0.0559	0.0481	0.0078	0.2123	0.1186	0.0937	0.0684	0.0597	0.0088	0.1439	0.0589	0.0850	0.0000	0.0000	0.0000	0.0000	0.0000	0.0000	0.0000	0.0000	0.0000	3.4789	6.2284	0.0000	10.7917	12.3769	0.0000	0.0000	0.0000	0.0000						
15	79	0.1152	9	1	0	1	1	0	0	0	0	N	N	N	N	N	N	N	N	N	N	N	N	0.0000	0.0000	0.0000	0.0000	0.0000	0.0000	0.0000	0.0000	0.0000	0.0000	0.0000	0.0000	0.0000	0.0000	0.0000	0.0000	0.0000	0.0000	0.0000	0.0000	1.0000	3.0096	3.8697	5.7427	0.0000	0.0000	0.0000	0.0000	0.0000	0.0000	0.0000	0.0000	0.0000	0.0000	0.0000	0.0000	0.0000	0.0000	0.0000	0.0000	0.0000	0.0000	0.0204	0.0178	0.0025	0.0039	0.0037	0.0002	0.0165	0.0141	0.0023	0.0856	0.0570	0.0286	0.0283	0.0267	0.0016	0.0573	0.0303	0.0270	0.0000	0.0000	0.0000	0.0000	0.0000	0.0000	0.0000	0.0000	0.0000	0.0000	0.0000	0.0000	0.0000	0.0000	0.0000	0.0000	0.0000	0.0000											
15	80	0.0996	8	1	0	1	1	0	0	0	0	N	N	N	N	N	N	N	N	N	N	N	N	0.0000	0.0000	0.0000	0.0000	0.0000	0.0000	0.0000	0.0000	0.0000	0.0000	0.0000	0.0000	0.0000	0.0002	0.0003	0.0000	0.0008	0.0009	0.0000	0.0000	0.0000	0.0000	0.0000	0.0000	-0.0000	1.0000	1.0477	3.8697	6.1154	0.0000	0.0000	0.0000	0.0000	0.0000	0.0000	0.0000	0.0000	0.0000	0.0000	0.0000	0.0000	0.0000	0.0000	0.0000	0.0000	0.0000	0.0000	0.0081	0.0071	0.0009	0.0018	0.0018	0.0001	0.0063	0.0054	0.0009	0.0481	0.0281	0.0200	0.0107	0.0095	0.0012	0.0375	0.0186	0.0189	0.0000	0.0000	0.0000	0.0000	0.0000	0.0000	0.0000	0.0000	0.0000	0.0002	0.0003	0.0000	0.0008	0.0009	0.0000	0.0000	0.0000	0.0000						
15	81	0.0931	7	0	0	0	1	0	0	0	0	N	N	N	N	N	N	N	N	N	N	N	N	0.0000	0.0000	0.0000	0.0000	0.0000	0.0000	0.0000	0.0000	0.0000	0.0000	0.0000	0.0000	0.0000	0.0005	0.0000	0.0011	0.0000	0.0000	0.0000	0.0006	0.0000	0.0011	inf	0.0000	0.0000	1.0000	1.9794	3.8697	1.0196	0.0000	0.0000	0.0000	0.0000	0.0000	0.0000	0.0000	0.0000	0.0000	0.0000	0.0000	0.0000	0.0000	0.0000	0.0000	0.0000	0.0000	0.0000	0.0139	0.0122	0.0018	0.0022	0.0021	0.0001	0.0117	0.0100	0.0017	0.0183	0.0103	0.0081	0.0030	0.0026	0.0004	0.0153	0.0077	0.0076	0.0000	0.0000	0.0000	0.0000	0.0000	0.0000	0.0000	0.0000	0.0000	0.0005	0.0000	0.0011	0.0000	0.0000	0.0000	0.0006	0.0000	0.0011						
15	82	0.0909	6	0	0	0	1	0	0	0	0	N	N	N	N	N	N	N	N	N	N	N	N	0.0000	0.0000	0.0000	0.0000	0.0000	0.0000	0.0000	0.0000	0.0000	0.0000	0.0000	0.0000	0.0000	0.0013	0.0023	0.0000	0.0077	0.0088	0.0000	0.0000	0.0000	0.0000	0.0000	0.0000	-0.0000	1.0000	1.0114	3.8697	0.0202	0.0000	0.0000	0.0000	0.0000	0.0000	0.0000	0.0000	0.0000	0.0000	0.0000	0.0000	0.0000	0.0000	0.0000	0.0000	0.0000	0.0000	0.0000	0.0071	0.0062	0.0009	0.0010	0.0010	0.0001	0.0061	0.0053	0.0009	0.0066	0.0037	0.0029	0.0011	0.0010	0.0002	0.0055	0.0027	0.0028	0.0000	0.0000	0.0000	0.0000	0.0000	0.0000	0.0000	0.0000	0.0000	0.0013	0.0023	0.0000	0.0077	0.0088	0.0000	0.0000	0.0000	0.0000						
15	83	0.0704	5	0	0	0	1	0	0	0	0	N	N	N	N	N	N	N	N	N	N	N	N	0.0000	0.0000	0.0000	0.0000	0.0000	0.0000	0.0000	0.0000	0.0000	0.0000	0.0000	0.0000	0.0000	0.0000	0.0000	0.0000	0.2056	0.3714	0.0003	1.0017	1.1036	0.0000	0.0002	0.0000	0.0003	0.0006	0.0000	-0.0079	1.0000	5.9223	3.8697	3.6882	0.0000	0.0000	0.0000	0.0000	0.0000	0.0000	0.0000	0.0000	0.0000	0.0145	0.0145	0.0000	0.0145	0.0145	0.0000	0.0000	0.0000	0.0000	0.0462	0.0407	0.0055	0.0076	0.0073	0.0003	0.0386	0.0334	0.0052	0.0705	0.0390	0.0315	0.0145	0.0131	0.0013	0.0560	0.0259	0.0302	0.0000	0.0000	0.0000	0.0000	0.0000	0.0000	0.0000	0.0000	0.0000	0.2056	0.3714	0.0003	1.0017	1.1036	0.0000	0.0002	0.0000	0.0003			
15	84	0.0940	9	0	1	0	1	0	0	0	0	N	N	N	N	N	N	N	N	N	N	N	N	0.0000	0.0000	0.0000	0.0000	0.0000	0.0000	0.0000	0.0000	0.0000	0.0000	0.0000	0.0000	0.0000	0.0000	0.0000	0.0000	0.0039	0.0002	0.0089	0.0004	0.0004	0.0000	0.0050	0.0000	0.0094	43.4850	0.0000	0.0004	1.0000	7.1084	3.8697	28.8937	0.0000	0.0000	0.0000	0.0000	0.0000	0.0000	0.0000	0.0000	0.0000	0.0009	0.0000	0.0009	0.0000	0.0000	0.0000	0.0009	0.0000	0.0009	0.0501	0.0435	0.0066	0.0054	0.0051	0.0003	0.0447	0.0384	0.0063	0.2285	0.1303	0.0982	0.0535	0.0474	0.0060	0.1750	0.0829	0.0921	0.0000	0.0000	0.0000	0.0000	0.0000	0.0000	0.0000	0.0000	0.0000	0.0039	0.0002	0.0089	0.0004	0.0004	0.0000	0.0050	0.0000	0.0094			
15	85	0.0865	8	0	1	0	1	0	0	0	0	N	N	N	N	N	N	N	N	N	N	N	N	0.0000	0.0000	0.0000	0.0000	0.0000	0.0000	0.0000	0.0000	0.0000	0.0000	0.0000	0.0000	0.0000	0.0000	0.0000	0.0000	0.0000	0.0623	0.0209	0.1346	0.0368	0.0401	0.0000	0.0764	0.0004	0.1466	3.6975	0.0000	0.0011	1.0000	2.2208	3.8697	3.9129	0.0000	0.0000	0.0000	0.0000	0.0000	0.0000	0.0000	0.0000	0.0000	0.0045	0.0010	0.0036	0.0010	0.0010	0.0000	0.0036	0.0000	0.0036	0.0266	0.0237	0.0029	0.0088	0.0083	0.0005	0.0178	0.0153	0.0024	0.0729	0.0463	0.0265	0.0260	0.0238	0.0022	0.0469	0.0225	0.0244	0.0000	0.0000	0.0000	0.0000	0.0000	0.0000	0.0000	0.0000	0.0000	0.0623	0.0209	0.1346	0.0368	0.0401	0.0000	0.0764	0.0004	0.1466		
15	86	0.1620	10	0	0	1	1	0	0	0	0	N	N	N	N	N	N	N	N	N	N	N	N	6.1209	inf	0.0000	111.4161	inf	0.0000	0.0000	0.0000	0.2527	0.2874	0.0000	1.5592	1.6159	0.0000	0.0000	0.0000	0.0000	0.0413	0.0000	0.1014	0.0140	0.0000	0.1316	0.0516	0.0000	0.0991	0.0000	inf	-0.0041	0.0015	1.0000	5.3425	3.8697	7.0749	0.0107	0.0107	0.0000	0.0107	0.0107	0.0000	0.0000	0.0000	0.0000	0.0033	0.0000	0.0033	0.0003	0.0000	0.0003	0.0030	0.0000	0.0030	0.0423	0.0372	0.0051	0.0069	0.0066	0.0002	0.0355	0.0306	0.0049	0.0805	0.0478	0.0328	0.0222	0.0198	0.0024	0.0584	0.0280	0.0304	6.1209	inf	0.0000	111.4161	inf	0.0000	0.0000	0.0000	0.0000	0.0413	0.0000	0.1014	0.0140	0.0000	0.1316	0.0516	0.0000	0.0991	
15	87	0.1188	9	0	0	0	1	0	0	0	0	N	N	N	N	N	N	N	N	N	N	N	N	0.0320	39.6045	0.0000	0.0796	2.2818	0.0000	0.0275	48.8408	0.0000	0.1719	0.1942	0.0000	0.0102	0.0106	0.0000	0.2160	0.2501	0.0000	5.3666	0.0049	13.8396	0.1285	0.0047	1.3610	7.8669	0.0051	15.0491	0.0000	1786.1546	-0.0041	0.4345	1.0000	7.0719	3.8697	13.7350	0.0108	0.0108	0.0000	0.0001	0.0001	0.0000	0.0107	0.0107	0.0000	0.9519	0.0005	0.9514	0.0074	0.0002	0.0071	0.9446	0.0003	0.9443	0.0631	0.0558	0.0072	0.0135	0.0130	0.0005	0.0495	0.0428	0.0067	0.1774	0.1086	0.0687	0.0573	0.0513	0.0060	0.1201	0.0573	0.0627	0.0320	39.6045	0.0000	0.0796	2.2818	0.0000	0.0275	48.8408	0.0000	5.3666	0.0049	13.8396	0.1285	0.0047	1.1879	7.8669	0.0051	15.0491
15	88	0.1255	11	1	0	1	1	0	0	0	0	N	N	N	N	N	N	N	N	N	N	N	N	0.0000	0.0000	0.0000	0.0000	0.0000	0.0000	0.0000	0.0000	0.0000	0.0000	0.0000	0.0000	0.0000	0.0000	0.0000	0.0000	0.0000	0.0000	0.0000	0.0000	1.0000	0.0000	3.8697	0.0000	0.0000	0.0000	0.0000	0.0000	0.0000	0.0000	0.0000	0.0000	0.0000	0.0000	0.0000	0.0000	0.0000	0.0000	0.0000	0.0000	0.0000	0.0000	0.0000	0.0000	0.0000	0.0000	0.0000	0.0000	0.0000	0.0000	0.0000	0.0000	0.0000	0.0000	0.0000	0.0000	0.0000	0.0000	0.0000	0.0000	0.0000	0.0000	0.0000	0.0000	0.0000	0.0000	0.0000	0.0000	0.0000	0.0000	0.0000	0.0000	0.0000	0.0000	0.0000	0.0000	0.0000	0.0000											
15	89	0.1236	10	1	0	1	1	0	0	0	0	N	N	N	N	N	N	N	N	N	N	N	N	0.0000	0.0000	0.0000	0.0000	0.0000	0.0000	0.0000	0.0000	0.0000	0.0000	0.0000	0.0000	0.0000	0.0000	0.0000	0.0000	0.0000	0.0000	0.0000	0.0000	1.0000	0.0001	3.8697	0.9161	0.0000	0.0000	0.0000	0.0000	0.0000	0.0000	0.0000	0.0000	0.0000	0.0000	0.0000	0.0000	0.0000	0.0000	0.0000	0.0000	0.0000	0.0000	0.0000	0.0000	0.0000	0.0000	0.0000	0.0000	0.0000	0.0000	0.0000	0.0099	0.0065	0.0034	0.0033	0.0031	0.0002	0.0066	0.0033	0.0032	0.0000	0.0000	0.0000	0.0000	0.0000	0.0000	0.0000	0.0000	0.0000	0.0000	0.0000	0.0000	0.0000	0.0000	0.0000	0.0000	0.0000	0.0000											
15	90	0.0988	9	1	0	1	1	0	0	0	0	N	N	N	N	N	N	N	N	N	N	N	N	0.0000	0.0000	0.0000	0.0000	0.0000	0.0000	0.0000	0.0000	0.0000	0.0000	0.0000	0.0000	0.0000	0.0000	0.0000	0.0000	0.0000	0.0000	0.0000	0.0000	1.0000	3.7876	3.8697	7.8440	0.0000	0.0000	0.0000	0.0000	0.0000	0.0000	0.0000	0.0000	0.0000	0.0000	0.0000	0.0000	0.0000	0.0000	0.0000	0.0000	0.0000	0.0000	0.0279	0.0245	0.0035	0.0051	0.0048	0.0003	0.0228	0.0197	0.0032	0.0712	0.0412	0.0299	0.0151	0.0136	0.0015	0.0561	0.0276	0.0284	0.0000	0.0000	0.0000	0.0000	0.0000	0.0000	0.0000	0.0000	0.0000	0.0000	0.0000	0.0000	0.0000	0.0000	0.0000	0.0000	0.0000	0.0000											
15	91	0.0671	7	0	1	0	2	0	0	0	0	N	N	N	Y	N	N	N	N	N	N	N	N	0.0038	0.0024	0.0049	0.0046	0.0017	0.0019	0.0000	0.0085	0.0086	0.0000	0.0000	0.0000	0.0000	0.4392	0.7923	0.0000	1.7166	1.8637	0.0000	0.0000	0.0000	0.0000	0.0000	0.0000	-0.0000	-0.0329	1.0000	1.8247	3.8697	16.3284	0.0000	0.0000	0.0000	0.0000	0.0000	0.0000	0.0000	0.0000	0.0000	0.0606	0.0606	0.0000	0.0606	0.0606	0.0000	0.0000	0.0000	0.0000	0.0178	0.0157	0.0021	0.0035	0.0035	0.0001	0.0142	0.0122	0.0020	0.1379	0.0764	0.0614	0.0353	0.0325	0.0028	0.1026	0.0439	0.0587	0.0038	0.0024	0.0000	0.0049	0.0046	0.0000	0.0000	0.0000	0.0000	0.4392	0.7923	0.0000	1.7166	1.8637	0.0000	0.0000	0.0000	0.0000					
15	92	0.0566	6	0	1	0	1	0	0	0	0	N	N	N	N	N	N	N	N	N	N	N	N	0.0000	0.0000	0.0000	0.0000	0.0000	0.0000	0.0000	0.0000	0.0000	0.0000	0.0000	0.0000	0.0000	0.7337	0.0000	1.5552	0.0000	0.0000	0.0000	0.9638	0.0000	1.6114	inf	0.0000	0.0635	1.0000	9.1310	3.8697	16.1726	0.0000	0.0000	0.0000	0.0000	0.0000	0.0000	0.0000	0.0000	0.0000	0.1389	0.0000	0.1389	0.0000	0.0000	0.0000	0.1389	0.0000	0.1389	0.0660	0.0574	0.0085	0.0071	0.0068	0.0003	0.0589	0.0506	0.0082	0.1893	0.1000	0.0893	0.0452	0.0421	0.0031	0.1441	0.0579	0.0862	0.0000	0.0000	0.0000	0.0000	0.0000	0.0000	0.0000	0.0000	0.0000	0.7337	0.0000	1.5552	0.0000	0.0000	0.0000	0.9638	0.0000	1.6114						
15	93	0.1415	12	0	1	0	1	0	0	0	0	N	N	N	N	N	N	N	N	N	N	N	N	0.0000	0.0000	0.0000	0.0000	0.0000	0.0000	0.0000	0.0000	0.0000	0.0000	0.0000	0.0000	0.0000	0.0002	0.0003	0.0000	0.0005	0.0006	0.0000	0.0000	0.0000	0.0000	0.0000	0.0000	-0.0000	1.0000	4.0959	3.8697	8.7137	0.0000	0.0000	0.0000	0.0000	0.0000	0.0000	0.0000	0.0000	0.0000	0.0000	0.0000	0.0000	0.0000	0.0000	0.0000	0.0000	0.0000	0.0000	0.0302	0.0262	0.0040	0.0037	0.0035	0.0002	0.0265	0.0226	0.0039	0.0927	0.0593	0.0334	0.0334	0.0295	0.0040	0.0592	0.0299	0.0294	0.0000	0.0000	0.0000	0.0000	0.0000	0.0000	0.0000	0.0000	0.0000	0.0002	0.0003	0.0000	0.0005	0.0006	0.0000	0.0000	0.0000	0.0000						
15	94	0.1233	11	0	1	0	1	0	0	0	0	N	N	N	N	N	N	N	N	N	N	N	N	0.0000	0.0000	0.0000	0.0000	0.0000	0.0000	0.0000	0.0000	0.0000	0.0000	0.0000	0.0000	0.0000	0.0000	0.0000	0.0003	0.0002	0.0004	0.0000	0.0000	0.0000	0.0004	0.0004	0.0004	1.0000	0.0000	-0.0000	1.0000	2.9443	3.8697	6.1524	0.0000	0.0000	0.0000	0.0000	0.0000	0.0000	0.0000	0.0000	0.0000	0.0000	0.0000	0.0000	0.0000	0.0000	0.0000	0.0000	0.0000	0.0000	0.0230	0.0199	0.0031	0.0039	0.0038	0.0001	0.0191	0.0161	0.0030	0.0598	0.0374	0.0224	0.0196	0.0175	0.0021	0.0402	0.0199	0.0203	0.0000	0.0000	0.0000	0.0000	0.0000	0.0000	0.0000	0.0000	0.0000	0.0003	0.0002	0.0004	0.0000	0.0000	0.0000	0.0004	0.0004	0.0004				
15	95	0.1208	10	0	0	0	1	0	0	0	0	N	N	N	N	N	N	N	N	N	N	N	N	0.0000	0.0000	0.0000	0.0000	0.0000	0.0000	0.0000	0.0000	0.0000	0.0000	0.0000	0.0000	0.0000	0.0000	0.0000	0.0000	0.0000	0.0000	0.0000	0.0000	1.0000	0.8596	3.8697	1.2300	0.0000	0.0000	0.0000	0.0000	0.0000	0.0000	0.0000	0.0000	0.0000	0.0000	0.0000	0.0000	0.0000	0.0000	0.0000	0.0000	0.0000	0.0000	0.0066	0.0057	0.0009	0.0010	0.0010	0.0000	0.0056	0.0047	0.0008	0.0249	0.0168	0.0081	0.0097	0.0093	0.0005	0.0152	0.0075	0.0076	0.0000	0.0000	0.0000	0.0000	0.0000	0.0000	0.0000	0.0000	0.0000	0.0000	0.0000	0.0000	0.0000	0.0000	0.0000	0.0000	0.0000	0.0000											
15	96	0.1090	9	0	0	0	1	0	0	0	0	N	N	N	N	N	N	N	N	N	N	N	N	2.1820	1.5020	3.4949	3.4631	0.0003	0.0003	0.0000	0.0012	0.0012	0.0000	0.0000	0.0000	0.0000	0.0001	0.0002	0.0000	0.0003	0.0003	0.0000	0.0000	0.0000	0.0000	0.0000	0.0000	-0.0000	-0.0000	1.0000	3.7737	3.8697	2.5241	0.0000	0.0000	0.0000	0.0000	0.0000	0.0000	0.0000	0.0000	0.0000	0.0000	0.0000	0.0000	0.0000	0.0000	0.0000	0.0000	0.0000	0.0000	0.0371	0.0327	0.0044	0.0087	0.0083	0.0004	0.0284	0.0244	0.0040	0.0703	0.0427	0.0276	0.0263	0.0250	0.0014	0.0440	0.0177	0.0263	2.1820	1.5020	0.0000	3.4949	3.4631	0.0000	0.0000	0.0000	0.0000	0.0001	0.0002	0.0000	0.0003	0.0003	0.0000	0.0000	0.0000	0.0000					
15	97	0.0881	8	0	0	0	1	0	0	0	0	N	N	N	N	N	N	N	N	N	N	N	N	20.8816	14.3600	0.0000	52.3406	48.9407	1.5628	inf	0.0000	0.2030	0.2342	0.0000	2.0287	2.1328	0.0000	0.0002	0.0003	0.0000	0.0097	0.0163	0.0003	0.0388	0.0436	0.0000	0.0002	0.0000	0.0003	0.0000	0.0120	-0.0035	-0.0004	1.0000	6.4922	3.8697	4.5502	0.0093	0.0093	0.0000	0.0093	0.0093	0.0000	0.0000	0.0000	0.0000	0.0007	0.0007	0.0000	0.0007	0.0007	0.0000	0.0000	0.0000	0.0000	0.0458	0.0397	0.0061	0.0046	0.0044	0.0002	0.0412	0.0353	0.0059	0.0751	0.0443	0.0309	0.0186	0.0166	0.0021	0.0565	0.0277	0.0288	20.8816	14.3600	0.0000	52.3406	48.9407	0.0000	1.5628	inf	0.0000	0.0097	0.0163	0.0003	0.0388	0.0436	0.0000	0.0002	0.0000	0.0003	
15	98	0.0988	9	0	1	0	1	0	0	0	0	N	N	N	N	N	N	N	N	N	N	N	N	0.0000	0.0000	0.0000	0.0000	0.0000	0.0000	0.0000	0.0000	0.0000	0.0000	0.0000	0.0000	0.0000	0.0000	0.0000	0.0000	0.0000	0.0000	0.0000	0.0000	1.0000	1.3608	3.8697	12.1483	0.0000	0.0000	0.0000	0.0000	0.0000	0.0000	0.0000	0.0000	0.0000	0.0000	0.0000	0.0000	0.0000	0.0000	0.0000	0.0000	0.0000	0.0000	0.0116	0.0103	0.0014	0.0032	0.0030	0.0002	0.0084	0.0072	0.0012	0.0808	0.0466	0.0342	0.0168	0.0151	0.0017	0.0640	0.0316	0.0325	0.0000	0.0000	0.0000	0.0000	0.0000	0.0000	0.0000	0.0000	0.0000	0.0000	0.0000	0.0000	0.0000	0.0000	0.0000	0.0000	0.0000	0.0000											
15	99	0.0951	8	0	0	0	1	0	0	0	0	N	N	N	N	N	N	N	N	N	N	N	N	0.0000	0.0000	0.0000	0.0000	0.0000	0.0000	0.0000	0.0000	0.0000	0.0000	0.0000	0.0000	0.0000	0.0000	0.0000	0.0000	0.0000	0.0000	0.0000	0.0000	1.0000	1.5300	3.8697	0.7696	0.0000	0.0000	0.0000	0.0000	0.0000	0.0000	0.0000	0.0000	0.0000	0.0000	0.0000	0.0000	0.0000	0.0000	0.0000	0.0000	0.0000	0.0000	0.0130	0.0113	0.0017	0.0028	0.0026	0.0002	0.0102	0.0087	0.0015	0.0170	0.0102	0.0068	0.0043	0.0039	0.0003	0.0127	0.0062	0.0064	0.0000	0.0000	0.0000	0.0000	0.0000	0.0000	0.0000	0.0000	0.0000	0.0000	0.0000	0.0000	0.0000	0.0000	0.0000	0.0000	0.0000	0.0000											
15	100	0.0863	7	0	0	0	1	0	0	0	0	N	N	N	N	N	N	N	N	N	N	N	N	0.0000	0.0000	0.0000	0.0000	0.0000	0.0000	0.0000	0.0000	0.0000	0.0000	0.0000	0.0000	0.0000	0.0003	0.0005	0.0000	0.0013	0.0015	0.0000	0.0000	0.0000	0.0000	0.0000	0.0000	-0.0000	1.0000	3.6906	3.8697	1.4800	0.0000	0.0000	0.0000	0.0000	0.0000	0.0000	0.0000	0.0000	0.0000	0.0000	0.0000	0.0000	0.0000	0.0000	0.0000	0.0000	0.0000	0.0000	0.0259	0.0226	0.0034	0.0029	0.0028	0.0001	0.0230	0.0198	0.0032	0.0332	0.0189	0.0143	0.0068	0.0059	0.0010	0.0264	0.0130	0.0133	0.0000	0.0000	0.0000	0.0000	0.0000	0.0000	0.0000	0.0000	0.0000	0.0003	0.0005	0.0000	0.0013	0.0015	0.0000	0.0000	0.0000	0.0000						
15	101	0.0863	6	0	0	0	1	0	0	0	0	N	N	N	N	N	N	N	N	N	N	N	N	0.0000	0.0000	0.0000	0.0000	0.0000	0.0000	0.0000	0.0000	0.0000	0.0000	0.0000	0.0000	0.0000	0.0000	0.0000	0.0000	0.0033	0.0027	0.0043	0.0054	0.0061	0.0000	0.0024	0.0000	0.0047	1.0000	0.0000	-0.0000	1.0000	0.1361	3.8697	0.4500	0.0000	0.0000	0.0000	0.0000	0.0000	0.0000	0.0000	0.0000	0.0000	0.0000	0.0000	0.0000	0.0000	0.0000	0.0000	0.0000	0.0000	0.0000	0.0018	0.0016	0.0002	0.0005	0.0005	0.0000	0.0013	0.0011	0.0002	0.0053	0.0032	0.0020	0.0016	0.0014	0.0002	0.0037	0.0018	0.0018	0.0000	0.0000	0.0000	0.0000	0.0000	0.0000	0.0000	0.0000	0.0000	0.0033	0.0027	0.0043	0.0054	0.0061	0.0000	0.0024	0.0000	0.0047			
15	102	0.0704	5	0	0	0	1	0	0	0	0	N	N	N	N	N	N	N	N	N	N	N	N	0.0000	0.0000	0.0000	0.0000	0.0000	0.0000	0.0000	0.0000	0.0000	0.0000	0.0000	0.0000	0.0000	0.0000	0.0000	0.0000	0.2346	0.4230	0.0003	1.0906	1.1927	0.0000	0.0002	0.0000	0.0003	0.0006	0.0000	-0.0079	1.0000	3.5591	3.8697	4.5341	0.0000	0.0000	0.0000	0.0000	0.0000	0.0000	0.0000	0.0000	0.0000	0.0145	0.0145	0.0000	0.0145	0.0145	0.0000	0.0000	0.0000	0.0000	0.0306	0.0272	0.0034	0.0061	0.0059	0.0002	0.0245	0.0213	0.0032	0.0618	0.0342	0.0275	0.0133	0.0121	0.0011	0.0485	0.0221	0.0264	0.0000	0.0000	0.0000	0.0000	0.0000	0.0000	0.0000	0.0000	0.0000	0.2346	0.4230	0.0003	1.0906	1.1927	0.0000	0.0002	0.0000	0.0003			
15	103	0.0487	4	0	0	0	1	0	0	0	0	N	N	N	N	N	N	N	N	N	N	N	N	0.0000	0.0000	0.0000	0.0000	0.0000	0.0000	0.0000	0.0000	0.0000	0.0000	0.0000	0.0000	0.0000	0.0000	0.0000	0.0000	0.0000	0.0000	9.3326	18.1381	0.0105	53.0239	51.9601	0.0001	0.0063	0.0001	0.0108	0.0005	0.0000	-0.4496	1.0000	2.8937	3.8697	8.0733	0.0000	0.0000	0.0000	0.0000	0.0000	0.0000	0.0000	0.0000	0.0000	0.8289	0.8284	0.0005	0.8284	0.8284	0.0000	0.0005	0.0000	0.0005	0.0254	0.0222	0.0032	0.0035	0.0035	0.0000	0.0219	0.0187	0.0031	0.0888	0.0457	0.0431	0.0172	0.0159	0.0013	0.0716	0.0297	0.0419	0.0000	0.0000	0.0000	0.0000	0.0000	0.0000	0.0000	0.0000	0.0000	9.3326	18.1381	0.0105	48.1256	51.9601	0.0001	0.0063	0.0001	0.0108	
15	104	0.1430	10	0	1	0	1	0	0	0	0	N	N	N	N	N	N	N	N	N	N	N	N	0.0000	0.0000	0.0000	0.0000	0.0000	0.0000	0.0000	0.0000	0.0000	0.0000	0.0000	0.0000	0.0000	0.0193	0.0266	0.0000	0.0448	0.0499	0.0000	0.0000	0.0000	0.0000	0.0000	0.0000	-0.0002	1.0000	0.0277	3.8697	1.3445	0.0000	0.0000	0.0000	0.0000	0.0000	0.0000	0.0000	0.0000	0.0000	0.0003	0.0003	0.0000	0.0003	0.0003	0.0000	0.0000	0.0000	0.0000	0.0004	0.0003	0.0000	0.0001	0.0001	0.0000	0.0002	0.0002	0.0000	0.0177	0.0128	0.0049	0.0076	0.0068	0.0008	0.0101	0.0060	0.0041	0.0000	0.0000	0.0000	0.0000	0.0000	0.0000	0.0000	0.0000	0.0000	0.0193	0.0266	0.0000	0.0448	0.0499	0.0000	0.0000	0.0000	0.0000						
15	105	0.0963	9	0	1	0	1	0	0	0	0	N	N	N	N	N	N	N	N	N	N	N	N	76.8772	78.7091	0.0000	0.3135	0.2896	0.0000	101.8586	118.3368	0.0000	0.3076	0.3531	0.0000	0.0018	0.0018	0.0000	0.3619	0.4229	0.0000	0.0040	0.0045	0.0033	0.0056	0.0064	0.0000	0.0036	0.0036	0.0035	0.0000	0.5285	-0.0044	-0.0001	1.0000	5.1414	3.8697	16.4151	0.0115	0.0115	0.0000	0.0000	0.0000	0.0000	0.0115	0.0115	0.0000	0.0005	0.0003	0.0002	0.0001	0.0001	0.0000	0.0003	0.0002	0.0002	0.0375	0.0326	0.0048	0.0057	0.0054	0.0002	0.0318	0.0272	0.0046	0.1223	0.0713	0.0509	0.0262	0.0231	0.0031	0.0960	0.0482	0.0479	76.8772	78.7091	0.0000	0.3135	0.2896	0.0000	101.8586	118.3368	0.0000	0.0040	0.0045	0.0033	0.0056	0.0064	0.0000	0.0036	0.0036	0.0035
15	106	0.0881	8	0	0	0	1	0	0	0	0	N	N	N	N	N	N	N	N	N	N	N	N	1770.0195	1481.9367	0.0000	0.6574	0.6293	0.0000	8371.0304	81194.2344	0.0000	34.3371	39.6132	0.0000	0.0371	0.0389	0.0000	38.5922	45.0899	0.0000	0.0194	0.0267	0.0079	0.0565	0.0618	0.0000	0.0046	0.0006	0.0085	0.0000	0.1904	-0.3732	-0.0003	1.0000	3.8974	3.8697	1.6364	0.9794	0.9794	0.0000	0.0001	0.0001	0.0000	0.9793	0.9793	0.0000	0.0009	0.0007	0.0001	0.0007	0.0007	0.0000	0.0001	0.0000	0.0001	0.0285	0.0247	0.0038	0.0031	0.0030	0.0001	0.0254	0.0217	0.0037	0.0448	0.0273	0.0175	0.0128	0.0117	0.0011	0.0320	0.0156	0.0164	1770.0195	1481.9367	0.0000	0.6574	0.6293	0.0000	8371.0304	81194.2344	0.0000	0.0194	0.0267	0.0079	0.0565	0.0618	0.0000	0.0046	0.0006	0.0085
15	107	0.0671	7	0	0	0	1	0	0	0	0	N	N	N	N	N	N	N	N	N	N	N	N	1.9098	1.1813	0.0000	0.0052	0.0049	0.0000	188.4510	7031.0558	0.0000	1.2071	1.3266	0.0000	0.0107	0.0107	0.0000	1.8822	2.1822	0.0000	0.6320	1.1230	0.0155	2.0470	2.1752	0.0000	0.0100	0.0003	0.0161	0.0000	0.0110	-0.0036	-0.0326	1.0000	0.3701	3.8697	9.6236	0.0093	0.0093	0.0000	0.0000	0.0000	0.0000	0.0093	0.0093	0.0000	0.0612	0.0605	0.0007	0.0605	0.0605	0.0000	0.0007	0.0000	0.0007	0.0077	0.0070	0.0007	0.0028	0.0028	0.0000	0.0049	0.0043	0.0007	0.0968	0.0539	0.0429	0.0296	0.0278	0.0017	0.0672	0.0261	0.0412	1.9098	1.1813	0.0000	0.0052	0.0049	0.0000	188.4510	7031.0558	0.0000	0.6320	1.1230	0.0155	2.0470	2.1752	0.0000	0.0100	0.0003	0.0161
15	108	0.0566	6	0	0	0	1	0	0	0	0	N	N	N	N	N	N	N	N	N	N	N	N	0.0005	0.0003	0.0000	0.0000	0.0000	0.0327	5.2276	0.0000	0.0036	0.0040	0.0000	0.0000	0.0000	0.0000	0.0056	0.0064	0.0000	7.4959	14.2539	0.2180	20.6146	19.9128	0.0000	0.1697	0.0012	0.2223	0.0000	0.0142	-0.0000	-0.3648	1.0000	0.4415	3.8697	4.8853	0.0000	0.0000	0.0000	0.0000	0.0000	0.0000	0.0000	0.0000	0.0000	0.6896	0.6800	0.0097	0.6800	0.6800	0.0000	0.0097	0.0000	0.0097	0.0082	0.0075	0.0008	0.0028	0.0028	0.0000	0.0054	0.0047	0.0007	0.0920	0.0477	0.0443	0.0350	0.0341	0.0009	0.0570	0.0136	0.0434	0.0005	0.0003	0.0000	0.0000	0.0000	0.0000	0.0327	5.2276	0.0000	7.4959	14.2539	0.2180	19.4290	19.9128	0.0000	0.1697	0.0012	0.2223	
15	109	0.0276	3	1	1	0	2	0	0	0	0	N	N	N	Y	N	N	N	N	N	N	N	N	0.0000	0.0000	0.0000	0.0000	0.0000	0.0000	0.0000	0.0000	0.0000	0.0000	0.0000	0.0000	0.0000	0.0000	0.0000	0.0000	0.0000	0.0000	0.0000	0.0000	1.0000	0.0000	3.8697	0.0000	0.0000	0.0000	0.0000	0.0000	0.0000	0.0000	0.0000	0.0000	0.0000	0.0000	0.0000	0.0000	0.0000	0.0000	0.0000	0.0000	0.0000	0.0000	0.0000	0.0000	0.0000	0.0000	0.0000	0.0000	0.0000	0.0000	0.0000	0.0000	0.0000	0.0000	0.0000	0.0000	0.0000	0.0000	0.0000	0.0000	0.0000	0.0000	0.0000	0.0000	0.0000	0.0000	0.0000	0.0000	0.0000	0.0000	0.0000	0.0000	0.0000	0.0000	0.0000	0.0000	0.0000	0.0000											
15	110	0.0126	2	1	1	0	2	0	0	0	0	N	N	N	Y	N	N	N	N	N	N	N	N	0.0000	0.0000	0.0000	0.0000	0.0000	0.0000	0.0000	0.0000	0.0000	0.0000	0.0000	0.0000	0.0000	1.1602	2.3389	0.0000	4.4805	4.1170	0.0000	0.0000	0.0000	0.0000	0.0000	0.0000	-0.0618	1.0000	0.0000	3.8697	7.1240	0.0000	0.0000	0.0000	0.0000	0.0000	0.0000	0.0000	0.0000	0.0000	0.1138	0.1138	0.0000	0.1138	0.1138	0.0000	0.0000	0.0000	0.0000	0.0000	0.0000	0.0000	0.0000	0.0000	0.0000	0.0000	0.0000	0.0000	0.0981	0.0487	0.0494	0.0279	0.0276	0.0003	0.0702	0.0210	0.0491	0.0000	0.0000	0.0000	0.0000	0.0000	0.0000	0.0000	0.0000	0.0000	1.1602	2.3389	0.0000	4.0731	4.1170	0.0000	0.0000	0.0000	0.0000						
15	111	0.0173	2	0	1	0	2	0	0	0	0	N	N	N	Y	N	N	N	N	N	N	N	N	0.0000	0.0000	0.0000	0.0000	0.0000	0.0000	0.0000	0.0000	0.0000	0.0000	0.0000	0.0000	0.0000	0.0000	0.0000	0.0000	0.0000	27.9907	0.0524	124.8387	0.3909	0.4111	0.1567	29.9895	0.0000	107.7597	1094.1485	0.0000	0.4562	1.0000	0.0016	3.8697	5.0076	0.0000	0.0000	0.0000	0.0000	0.0000	0.0000	0.0000	0.0000	0.0000	1.0001	0.0009	0.9992	0.0009	0.0009	0.0000	0.9991	0.0000	0.9991	0.0000	0.0000	0.0000	0.0000	0.0000	0.0000	0.0000	0.0000	0.0000	0.0357	0.0174	0.0183	0.0024	0.0022	0.0002	0.0333	0.0152	0.0181	0.0000	0.0000	0.0000	0.0000	0.0000	0.0000	0.0000	0.0000	0.0000	27.9907	0.0524	54.6251	0.3909	0.4111	0.1567	29.9895	0.0000	55.2013		
15	113	0.0231	3	0	1	0	1	0	0	0	0	N	N	N	N	N	N	N	N	N	N	N	N	0.0000	0.0000	0.0000	0.0000	0.0000	0.0000	0.0000	0.0000	0.0000	0.0000	0.0000	0.0000	0.0000	0.0942	0.0000	0.1849	0.0000	0.0000	0.0000	0.1066	0.0000	0.1879	inf	0.0000	0.0019	1.0000	0.9705	3.8697	5.0371	0.0000	0.0000	0.0000	0.0000	0.0000	0.0000	0.0000	0.0000	0.0000	0.0041	0.0000	0.0041	0.0000	0.0000	0.0000	0.0041	0.0000	0.0041	0.0079	0.0069	0.0011	0.0008	0.0007	0.0000	0.0072	0.0061	0.0010	0.0431	0.0211	0.0220	0.0050	0.0047	0.0004	0.0381	0.0165	0.0216	0.0000	0.0000	0.0000	0.0000	0.0000	0.0000	0.0000	0.0000	0.0000	0.0942	0.0000	0.1849	0.0000	0.0000	0.0000	0.1066	0.0000	0.1879						
15	116	0.0201	3	0	0	1	2	0	0	0	0	N	N	N	Y	N	N	N	N	N	N	N	N	0.0000	0.0000	0.0000	0.0000	0.0000	0.0000	0.0000	0.0000	0.0000	0.0000	0.0000	0.0000	0.0000	0.0241	0.0458	0.0000	0.2192	0.2372	0.0000	0.0000	0.0000	0.0000	0.0000	0.0000	-0.0002	1.0000	0.9725	3.8697	0.9874	0.0000	0.0000	0.0000	0.0000	0.0000	0.0000	0.0000	0.0000	0.0000	0.0003	0.0003	0.0000	0.0003	0.0003	0.0000	0.0000	0.0000	0.0000	0.0075	0.0065	0.0010	0.0007	0.0007	0.0000	0.0068	0.0058	0.0010	0.0141	0.0074	0.0067	0.0015	0.0014	0.0001	0.0125	0.0060	0.0066	0.0000	0.0000	0.0000	0.0000	0.0000	0.0000	0.0000	0.0000	0.0000	0.0241	0.0458	0.0000	0.2192	0.2372	0.0000	0.0000	0.0000	0.0000						
15	117	0.0201	3	0	0	1	2	0	0	0	0	N	N	N	Y	N	N	N	N	N	N	N	N	0.0000	0.0000	0.0000	0.0000	0.0000	0.0000	0.0000	0.0000	0.0000	0.0000	0.0000	0.0000	0.0000	0.0122	0.0236	0.0000	0.1280	0.1407	0.0000	0.0000	0.0000	0.0000	0.0000	0.0000	-0.0002	1.0000	0.0285	3.8697	4.0215	0.0000	0.0000	0.0000	0.0000	0.0000	0.0000	0.0000	0.0000	0.0000	0.0003	0.0003	0.0000	0.0003	0.0003	0.0000	0.0000	0.0000	0.0000	0.0008	0.0007	0.0001	0.0003	0.0003	0.0000	0.0005	0.0004	0.0001	0.0278	0.0144	0.0134	0.0026	0.0024	0.0002	0.0252	0.0120	0.0132	0.0000	0.0000	0.0000	0.0000	0.0000	0.0000	0.0000	0.0000	0.0000	0.0122	0.0236	0.0000	0.1280	0.1407	0.0000	0.0000	0.0000	0.0000						
15	118	0.0126	2	0	0	1	2	0	0	0	0	N	N	N	Y	N	N	N	N	N	N	N	N	0.0000	0.0000	0.0000	0.0000	0.0000	0.0000	0.0000	0.0000	0.0000	0.0000	0.0000	0.0000	0.0000	0.0000	0.0000	0.0000	1.3259	2.6576	0.0068	4.6403	4.2047	0.0000	0.0050	0.0000	0.0069	0.0026	0.0000	-0.0616	1.0000	3.0275	3.8697	2.1573	0.0000	0.0000	0.0000	0.0000	0.0000	0.0000	0.0000	0.0000	0.0000	0.1141	0.1138	0.0003	0.1138	0.1138	0.0000	0.0003	0.0000	0.0003	0.0208	0.0178	0.0030	0.0000	0.0000	0.0000	0.0208	0.0178	0.0030	0.0860	0.0428	0.0432	0.0275	0.0273	0.0002	0.0585	0.0155	0.0430	0.0000	0.0000	0.0000	0.0000	0.0000	0.0000	0.0000	0.0000	0.0000	1.3259	2.6576	0.0068	4.1356	4.1688	0.0000	0.0050	0.0000	0.0069			
15	119	0.1053	4	1	1	0	1	0	0	0	0	N	N	N	N	N	N	N	N	N	N	N	N	0.0000	0.0000	0.0000	0.0000	0.0000	0.0000	0.0000	0.0000	0.0000	0.0000	0.0000	0.0000	0.0000	0.0005	0.0000	0.0012	0.0000	0.0000	0.0000	0.0006	0.0000	0.0012	inf	0.0000	0.0000	1.0000	2.1883	3.8697	3.1271	0.0000	0.0000	0.0000	0.0000	0.0000	0.0000	0.0000	0.0000	0.0000	0.0000	0.0000	0.0000	0.0000	0.0000	0.0000	0.0000	0.0000	0.0000	0.0188	0.0166	0.0022	0.0060	0.0056	0.0004	0.0128	0.0110	0.0018	0.0355	0.0205	0.0150	0.0080	0.0073	0.0007	0.0275	0.0132	0.0143	0.0000	0.0000	0.0000	0.0000	0.0000	0.0000	0.0000	0.0000	0.0000	0.0005	0.0000	0.0012	0.0000	0.0000	0.0000	0.0006	0.0000	0.0012						
15	120	0.0383	3	1	1	0	1	0	0	0	0	N	N	N	N	N	N	N	N	N	N	N	N	88.7254	0.0000	325.7282	0.0000	0.0000	82.1762	319.9999	10.5170	0.0000	79.6114	0.0000	0.0000	0.0000	11.2844	0.0000	80.9550	0.1185	0.0002	0.2444	0.0007	0.0007	0.0000	0.1373	0.0000	0.2530	inf	1305.7047	0.6189	0.0101	1.0000	13.6104	3.8697	16.0982	1.0000	0.0000	1.0000	0.0000	0.0000	0.0000	1.0000	0.0000	1.0000	0.0222	0.0000	0.0221	0.0000	0.0000	0.0000	0.0221	0.0000	0.0221	0.0951	0.0825	0.0126	0.0065	0.0063	0.0002	0.0886	0.0763	0.0124	0.1869	0.0963	0.0906	0.0257	0.0226	0.0031	0.1612	0.0737	0.0875	88.7254	0.0000	325.7282	0.0000	0.0000	0.0000	82.1762	0.0000	319.9999	0.1185	0.0002	0.2444	0.0007	0.0007	0.0000	0.1373	0.0000	0.2530		
15	121	0.0636	5	0	1	0	1	0	0	0	0	N	N	N	N	N	N	N	N	N	N	N	N	0.1988	inf	0.0000	inf	inf	0.0000	0.0000	0.0011	0.0012	0.0000	0.0028	0.0028	0.0000	0.0000	0.0000	0.0000	0.0054	0.0000	0.0143	0.0000	0.0000	0.0000	0.0079	0.0000	0.0148	0.0000	inf	-0.0000	0.0002	1.0000	0.3548	3.8697	4.6068	0.0000	0.0000	0.0000	0.0000	0.0000	0.0000	0.0000	0.0000	0.0000	0.0004	0.0000	0.0004	0.0000	0.0000	0.0000	0.0004	0.0000	0.0004	0.0094	0.0085	0.0008	0.0036	0.0035	0.0000	0.0058	0.0050	0.0008	0.0665	0.0415	0.0250	0.0216	0.0206	0.0010	0.0449	0.0209	0.0240	0.1988	inf	0.0000	inf	inf	0.0000	0.0000	0.0000	0.0000	0.0054	0.0000	0.0143	0.0000	0.0000	0.0000	0.0079	0.0000	0.0148		
15	122	0.0487	4	0	1	0	1	0	0	0	0	N	N	N	N	N	N	N	N	N	N	N	N	0.0014	0.0659	0.0000	0.0000	0.0000	0.0000	0.0014	inf	0.0000	0.0006	0.0007	0.0000	0.0000	0.0000	0.0000	0.0007	0.0008	0.0000	0.4097	0.0099	0.8347	0.0235	0.0243	0.0099	0.5211	0.0000	0.8574	0.0000	78.9821	-0.0000	0.0123	1.0000	1.6911	3.8697	5.7022	0.0000	0.0000	0.0000	0.0000	0.0000	0.0000	0.0000	0.0000	0.0000	0.0276	0.0003	0.0273	0.0004	0.0003	0.0000	0.0273	0.0000	0.0273	0.0173	0.0153	0.0021	0.0033	0.0032	0.0000	0.0141	0.0120	0.0020	0.0674	0.0347	0.0327	0.0151	0.0142	0.0009	0.0523	0.0205	0.0318	0.0014	0.0659	0.0000	0.0000	0.0000	0.0000	0.0014	inf	0.0000	0.4097	0.0099	0.8347	0.0235	0.0243	0.0099	0.5211	0.0000	0.8574
15	123	0.0383	3	0	0	0	1	0	0	0	0	N	N	N	N	N	N	N	N	N	N	N	N	0.0000	0.0000	0.0000	0.0000	0.0000	0.0000	0.0000	0.0000	0.0000	0.0000	0.0000	0.0000	0.0000	0.0000	0.0000	0.0000	0.0000	0.9307	1.0032	0.8542	2.1363	2.2501	0.0000	0.5475	0.0000	0.8762	0.8061	0.0000	-0.0046	1.0000	2.0929	3.8697	3.1856	0.0000	0.0000	0.0000	0.0000	0.0000	0.0000	0.0000	0.0000	0.0000	0.0480	0.0266	0.0214	0.0266	0.0266	0.0000	0.0214	0.0000	0.0214	0.0215	0.0190	0.0025	0.0041	0.0040	0.0000	0.0174	0.0150	0.0024	0.0516	0.0265	0.0251	0.0125	0.0118	0.0006	0.0392	0.0147	0.0245	0.0000	0.0000	0.0000	0.0000	0.0000	0.0000	0.0000	0.0000	0.0000	0.9307	1.0032	0.8542	2.1363	2.2501	0.0000	0.5475	0.0000	0.8762		
15	124	0.0277	4	1	1	0	1	0	0	0	0	N	N	N	N	N	N	N	N	N	N	N	N	0.0000	0.0000	0.0000	0.0000	0.0000	0.0000	0.0000	0.0000	0.0000	0.0000	0.0000	0.0000	0.0000	0.0000	0.0000	0.0000	0.0000	0.0000	0.0000	0.0000	1.0000	0.0000	3.8697	0.0000	0.0000	0.0000	0.0000	0.0000	0.0000	0.0000	0.0000	0.0000	0.0000	0.0000	0.0000	0.0000	0.0000	0.0000	0.0000	0.0000	0.0000	0.0000	0.0000	0.0000	0.0000	0.0000	0.0000	0.0000	0.0000	0.0000	0.0000	0.0000	0.0000	0.0000	0.0000	0.0000	0.0000	0.0000	0.0000	0.0000	0.0000	0.0000	0.0000	0.0000	0.0000	0.0000	0.0000	0.0000	0.0000	0.0000	0.0000	0.0000	0.0000	0.0000	0.0000	0.0000	0.0000	0.0000											
15	125	0.0231	3	1	1	0	1	0	0	0	0	N	N	N	N	N	N	N	N	N	N	N	N	0.0000	0.0000	0.0000	0.0000	0.0000	0.0000	0.0000	0.0000	0.0000	0.0000	0.0000	0.0000	0.0000	0.2239	0.0000	0.4557	0.0000	0.0000	0.0000	0.2724	0.0000	0.4649	inf	0.0000	0.0019	1.0000	0.1434	3.8697	1.9839	0.0000	0.0000	0.0000	0.0000	0.0000	0.0000	0.0000	0.0000	0.0000	0.0041	0.0000	0.0041	0.0000	0.0000	0.0000	0.0041	0.0000	0.0041	0.0022	0.0020	0.0002	0.0007	0.0007	0.0000	0.0015	0.0013	0.0002	0.0181	0.0092	0.0089	0.0032	0.0030	0.0002	0.0149	0.0062	0.0087	0.0000	0.0000	0.0000	0.0000	0.0000	0.0000	0.0000	0.0000	0.0000	0.2239	0.0000	0.4557	0.0000	0.0000	0.0000	0.2724	0.0000	0.4649						
15	126	0.0126	2	0	1	0	1	0	0	0	0	N	N	N	N	N	N	N	N	N	N	N	N	0.0000	0.0000	0.0000	0.0000	0.0000	0.0000	0.0000	0.0000	0.0000	0.0000	0.0000	0.0000	0.0000	0.0000	0.0000	0.0000	9.0054	0.0128	23.2317	0.0194	0.0195	0.0000	13.3916	0.0000	20.9698	1415.4510	0.0000	0.3436	1.0000	1.8882	3.8697	2.9115	0.0000	0.0000	0.0000	0.0000	0.0000	0.0000	0.0000	0.0000	0.0000	0.7529	0.0005	0.7524	0.0005	0.0005	0.0000	0.7524	0.0000	0.7524	0.0130	0.0112	0.0019	0.0000	0.0000	0.0000	0.0130	0.0112	0.0019	0.0836	0.0416	0.0420	0.0274	0.0272	0.0002	0.0562	0.0144	0.0418	0.0000	0.0000	0.0000	0.0000	0.0000	0.0000	0.0000	0.0000	0.0000	9.0054	0.0128	17.9273	0.0194	0.0195	0.0000	13.3916	0.0000	18.0144			
16	17	0.2444	21	0	2	0	1	0	0	0	0	N	Y	N	N	N	N	N	N	N	N	N	N	0.0000	0.0000	0.0000	0.0000	0.0000	0.0000	0.0000	0.0000	0.0000	0.0000	0.0000	0.0000	0.0000	0.0000	0.0000	0.0000	0.0003	0.0005	0.0000	0.0011	0.0012	0.0000	0.0000	0.0000	0.0000	0.0001	0.0000	-0.0000	0.0040	1.0133	5.7722	7.9669	0.0000	0.0000	0.0000	0.0000	0.0000	0.0000	0.0000	0.0000	0.0000	0.0000	0.0000	0.0000	0.0000	0.0000	0.0000	0.0000	0.0000	0.0000	0.0000	0.0000	0.0000	0.0000	0.0000	0.0000	0.0000	0.0000	0.0000	0.0604	0.0389	0.0215	0.0180	0.0165	0.0015	0.0424	0.0224	0.0200	0.0000	0.0000	0.0000	0.0000	0.0000	0.0000	0.0000	0.0000	0.0000	0.0003	0.0005	0.0000	0.0011	0.0012	0.0000	0.0000	0.0000	0.0000			
16	18	0.1937	16	0	2	0	2	0	0	0	0	N	Y	N	Y	N	N	N	N	N	N	N	N	0.0000	0.0000	0.0000	0.0000	0.0000	0.0000	0.0000	0.0000	0.0000	0.0000	0.0000	0.0000	0.0000	0.0000	0.0000	0.0221	0.0353	0.0000	0.0703	0.0811	0.0000	0.0000	0.0000	0.0000	0.0000	0.0000	-0.0002	0.0040	0.9988	5.7722	1.0036	0.0000	0.0000	0.0000	0.0000	0.0000	0.0000	0.0000	0.0000	0.0000	0.0003	0.0003	0.0000	0.0003	0.0003	0.0000	0.0000	0.0000	0.0000	0.0000	0.0000	0.0000	0.0000	0.0000	0.0000	0.0000	0.0000	0.0000	0.0149	0.0093	0.0056	0.0047	0.0041	0.0006	0.0102	0.0053	0.0049	0.0000	0.0000	0.0000	0.0000	0.0000	0.0000	0.0000	0.0000	0.0000	0.0221	0.0353	0.0000	0.0703	0.0811	0.0000	0.0000	0.0000	0.0000				
16	19	0.1760	12	1	2	0	1	0	0	0	0	N	Y	N	N	N	N	N	N	N	N	N	N	0.0000	0.0000	0.0000	0.0000	0.0000	0.0000	0.0000	0.0000	0.0000	0.0000	0.0000	0.0000	0.0000	0.0000	0.0000	0.0000	0.0000	0.0000	0.0000	0.0000	0.0000	0.0000	inf	0.0000	0.0000	0.0040	0.0025	5.7722	5.0336	0.0000	0.0000	0.0000	0.0000	0.0000	0.0000	0.0000	0.0000	0.0000	0.0000	0.0000	0.0000	0.0000	0.0000	0.0000	0.0000	0.0000	0.0000	0.0000	0.0000	0.0000	0.0000	0.0000	0.0000	0.0000	0.0000	0.0000	0.0357	0.0223	0.0133	0.0089	0.0082	0.0007	0.0268	0.0141	0.0127	0.0000	0.0000	0.0000	0.0000	0.0000	0.0000	0.0000	0.0000	0.0000	0.0000	0.0000	0.0000	0.0000	0.0000	0.0000	0.0000	0.0000	0.0000						
16	20	0.1843	15	0	2	0	1	0	0	0	0	N	Y	N	N	N	N	N	N	N	N	N	N	0.0000	0.0000	0.0000	0.0000	0.0000	0.0000	0.0000	0.0000	0.0000	0.0000	0.0000	0.0000	0.0000	0.0000	0.0000	0.0000	0.0000	0.0000	0.0000	0.0000	0.0000	0.0000	0.0000	0.0000	0.0000	0.8077	0.0000	-0.0000	0.0040	1.9984	5.7722	3.0609	0.0000	0.0000	0.0000	0.0000	0.0000	0.0000	0.0000	0.0000	0.0000	0.0000	0.0000	0.0000	0.0000	0.0000	0.0000	0.0000	0.0000	0.0000	0.0001	0.0001	0.0000	0.0000	0.0000	0.0000	0.0001	0.0001	0.0000	0.0727	0.0467	0.0260	0.0299	0.0261	0.0038	0.0428	0.0206	0.0222	0.0000	0.0000	0.0000	0.0000	0.0000	0.0000	0.0000	0.0000	0.0000	0.0000	0.0000	0.0000	0.0000	0.0000	0.0000	0.0000	0.0000	0.0000			
16	21	0.0192	2	0	1	0	2	0	0	0	0	N	N	N	Y	N	N	N	N	N	N	N	N	0.1066	0.0000	773.3749	0.0000	0.0000	343.6259	0.0000	772.2380	0.0834	0.0000	0.3423	0.0000	0.0000	0.0000	0.1145	0.0000	0.3423	0.7822	1.5046	0.0004	2.2436	2.2481	0.0000	0.0003	0.0000	0.0004	inf	0.0003	0.0000	-0.0399	0.0040	2.0028	5.7722	2.2704	0.0000	0.0000	0.0000	0.0000	0.0000	0.0000	0.0000	0.0000	0.0000	0.0735	0.0735	0.0000	0.0735	0.0735	0.0000	0.0000	0.0000	0.0000	0.0001	0.0001	0.0000	0.0000	0.0000	0.0000	0.0001	0.0001	0.0000	0.0940	0.0489	0.0451	0.0328	0.0327	0.0001	0.0612	0.0162	0.0451	0.1066	0.0000	773.3749	0.0000	0.0000	0.0000	343.6259	0.0000	772.2380	0.7822	1.5046	0.0004	2.2436	2.2481	0.0000	0.0003	0.0000	0.0004	
16	22	0.2463	21	1	1	1	1	0	0	0	0	N	N	N	N	N	N	N	N	N	N	N	N	0.0000	0.0000	0.0000	0.0000	0.0000	0.0000	0.0000	0.0000	0.0000	0.0000	0.0000	0.0000	0.0000	0.0000	0.0000	0.0000	0.0000	0.0000	0.0000	0.0000	0.0040	0.0000	5.7722	2.0000	0.0000	0.0000	0.0000	0.0000	0.0000	0.0000	0.0000	0.0000	0.0000	0.0000	0.0000	0.0000	0.0000	0.0000	0.0000	0.0000	0.0000	0.0000	0.0000	0.0000	0.0000	0.0000	0.0000	0.0000	0.0000	0.0000	0.0000	0.0128	0.0080	0.0048	0.0035	0.0032	0.0003	0.0093	0.0048	0.0044	0.0000	0.0000	0.0000	0.0000	0.0000	0.0000	0.0000	0.0000	0.0000	0.0000	0.0000	0.0000	0.0000	0.0000	0.0000	0.0000	0.0000	0.0000											
16	23	0.1782	13	0	2	0	1	0	0	0	0	N	Y	N	N	N	N	N	N	N	N	N	N	0.0000	0.0000	0.0000	0.0000	0.0000	0.0000	0.0000	0.0000	0.0000	0.0000	0.0000	0.0000	0.0000	0.0000	0.0000	0.0000	0.0000	0.0000	7.8738	12.1953	0.0001	0.3423	0.3966	0.0000	12.5546	24.5928	0.0001	0.0000	0.0000	-0.5514	0.0040	4.1010	5.7722	9.0979	0.0000	0.0000	0.0000	0.0000	0.0000	0.0000	0.0000	0.0000	0.0000	1.0156	1.0156	0.0000	0.0169	0.0169	0.0000	0.9987	0.9987	0.0000	0.0002	0.0002	0.0000	0.0001	0.0000	0.0000	0.0001	0.0001	0.0000	0.1290	0.0833	0.0457	0.0494	0.0427	0.0068	0.0795	0.0406	0.0389	0.0000	0.0000	0.0000	0.0000	0.0000	0.0000	0.0000	0.0000	0.0000	7.8738	12.1953	0.0001	0.3423	0.3966	0.0000	12.5546	24.5928	0.0001	
16	24	0.2070	16	1	2	0	1	0	0	0	0	N	Y	N	N	N	N	N	N	N	N	N	N	0.0000	0.0000	0.0000	0.0000	0.0000	0.0000	0.0000	0.0000	0.0000	0.0000	0.0000	0.0000	0.0000	0.0000	0.0000	0.0000	0.0000	0.0000	0.0000	0.0000	0.0000	0.0000	inf	0.0000	0.0000	0.0040	7.0513	5.7722	11.7448	0.0000	0.0000	0.0000	0.0000	0.0000	0.0000	0.0000	0.0000	0.0000	0.0000	0.0000	0.0000	0.0000	0.0000	0.0000	0.0000	0.0000	0.0000	0.0003	0.0003	0.0000	0.0001	0.0001	0.0000	0.0002	0.0002	0.0000	0.1220	0.0761	0.0458	0.0333	0.0300	0.0033	0.0887	0.0461	0.0426	0.0000	0.0000	0.0000	0.0000	0.0000	0.0000	0.0000	0.0000	0.0000	0.0000	0.0000	0.0000	0.0000	0.0000	0.0000	0.0000	0.0000	0.0000						
16	25	0.2462	14	0	2	0	1	0	0	0	0	N	Y	N	N	N	N	N	N	N	N	N	N	0.0000	0.0000	0.0000	0.0000	0.0000	0.0000	0.0000	0.0000	0.0000	0.0000	0.0000	0.0000	0.0000	0.0000	0.0000	0.0000	0.0000	13.0497	0.0036	76.5363	0.0142	0.0073	0.0591	20.2638	0.0000	78.9548	5815.7755	0.0000	0.4449	0.0040	4.7974	5.7722	5.1989	0.0000	0.0000	0.0000	0.0000	0.0000	0.0000	0.0000	0.0000	0.0000	0.9739	0.0002	0.9737	0.0004	0.0002	0.0002	0.9735	0.0000	0.9735	0.0002	0.0002	0.0000	0.0001	0.0001	0.0000	0.0002	0.0001	0.0000	0.0746	0.0465	0.0281	0.0266	0.0230	0.0036	0.0480	0.0235	0.0245	0.0000	0.0000	0.0000	0.0000	0.0000	0.0000	0.0000	0.0000	0.0000	13.0497	0.0036	34.6673	0.0142	0.0073	0.0591	20.2638	0.0000	39.6744		
16	26	0.1028	9	1	2	0	1	0	0	0	0	N	Y	N	N	N	N	N	N	N	N	N	N	0.0000	0.0000	0.0000	0.0000	0.0000	0.0000	0.0000	0.0000	0.0000	0.0000	0.0000	0.0000	0.0000	0.0000	0.0000	0.0000	0.0000	0.0000	0.0000	0.0000	0.0000	0.0000	0.0000	0.0000	0.0000	0.0000	7.3108	0.0000	0.0000	0.0040	2.0195	5.7722	15.0171	0.0000	0.0000	0.0000	0.0000	0.0000	0.0000	0.0000	0.0000	0.0000	0.0000	0.0000	0.0000	0.0000	0.0000	0.0000	0.0000	0.0000	0.0000	0.0001	0.0001	0.0000	0.0000	0.0000	0.0000	0.0001	0.0001	0.0000	0.1324	0.0822	0.0501	0.0368	0.0342	0.0026	0.0956	0.0480	0.0475	0.0000	0.0000	0.0000	0.0000	0.0000	0.0000	0.0000	0.0000	0.0000	0.0000	0.0000	0.0000	0.0000	0.0000	0.0000	0.0000	0.0000	0.0000		
16	27	0.0940	8	0	1	0	1	0	0	0	0	N	N	N	N	N	N	N	N	N	N	N	N	0.0000	0.0000	0.0000	0.0000	0.0000	0.0000	0.0000	0.0000	0.0000	0.0000	0.0000	0.0000	0.0000	0.0000	0.0000	0.0000	0.0000	0.0000	0.0001	0.0001	0.0001	0.0000	0.0000	0.0000	0.0001	0.6743	0.0000	-0.0000	0.0040	1.6438	5.7722	3.3228	0.0000	0.0000	0.0000	0.0000	0.0000	0.0000	0.0000	0.0000	0.0000	0.0000	0.0000	0.0000	0.0000	0.0000	0.0000	0.0000	0.0000	0.0000	0.0001	0.0001	0.0000	0.0000	0.0000	0.0000	0.0001	0.0001	0.0000	0.0678	0.0427	0.0252	0.0240	0.0233	0.0007	0.0438	0.0193	0.0245	0.0000	0.0000	0.0000	0.0000	0.0000	0.0000	0.0000	0.0000	0.0000	0.0000	0.0000	0.0001	0.0001	0.0001	0.0000	0.0000	0.0000	0.0001			
16	28	0.2203	18	0	2	0	1	0	0	0	0	N	Y	N	N	N	N	N	N	N	N	N	N	0.0000	0.0000	0.0000	0.0000	0.0000	0.0000	0.0000	0.0000	0.0000	0.0000	0.0000	0.0000	0.0000	0.0000	0.0000	0.0000	0.0000	0.0000	0.0011	0.0006	0.0020	0.0003	0.0003	0.0000	0.0015	0.0008	0.0022	2.0022	0.0000	0.0000	0.0040	3.0409	5.7722	16.1393	0.0000	0.0000	0.0000	0.0000	0.0000	0.0000	0.0000	0.0000	0.0000	0.0001	0.0000	0.0001	0.0000	0.0000	0.0000	0.0001	0.0000	0.0001	0.0001	0.0001	0.0000	0.0000	0.0000	0.0000	0.0001	0.0001	0.0000	0.1311	0.0823	0.0488	0.0351	0.0321	0.0029	0.0960	0.0502	0.0459	0.0000	0.0000	0.0000	0.0000	0.0000	0.0000	0.0000	0.0000	0.0000	0.0011	0.0006	0.0020	0.0003	0.0003	0.0000	0.0015	0.0008	0.0022	
16	29	0.2154	18	0	2	0	1	0	0	0	0	N	Y	N	N	N	N	N	N	N	N	N	N	0.0000	0.0000	0.0000	0.0000	0.0000	0.0000	0.0000	0.0000	0.0000	0.0000	0.0000	0.0000	0.0000	0.0000	0.0000	0.0000	0.0116	0.0188	0.0000	0.0496	0.0545	0.0000	0.0000	0.0000	0.0000	0.0000	0.0000	-0.0006	0.0040	4.0695	5.7722	11.0027	0.0000	0.0000	0.0000	0.0000	0.0000	0.0000	0.0000	0.0000	0.0000	0.0012	0.0012	0.0000	0.0012	0.0012	0.0000	0.0000	0.0000	0.0000	0.0002	0.0002	0.0000	0.0000	0.0000	0.0000	0.0001	0.0001	0.0000	0.0997	0.0615	0.0382	0.0234	0.0213	0.0021	0.0763	0.0402	0.0361	0.0000	0.0000	0.0000	0.0000	0.0000	0.0000	0.0000	0.0000	0.0000	0.0116	0.0188	0.0000	0.0496	0.0545	0.0000	0.0000	0.0000	0.0000			
16	30	0.1017	9	0	2	1	2	0	0	0	0	N	Y	N	Y	N	N	N	N	N	N	N	N	0.0000	0.0000	0.0000	0.0000	0.0000	0.0000	0.0000	0.0000	0.0000	0.0000	0.0000	0.0000	0.0000	0.0000	0.0000	0.0000	0.0000	0.0000	0.0000	0.0000	0.0000	0.0000	0.0137	0.0000	-0.0000	0.0040	0.0021	5.7722	3.0281	0.0000	0.0000	0.0000	0.0000	0.0000	0.0000	0.0000	0.0000	0.0000	0.0000	0.0000	0.0000	0.0000	0.0000	0.0000	0.0000	0.0000	0.0000	0.0000	0.0000	0.0000	0.0000	0.0000	0.0000	0.0000	0.0000	0.0000	0.0239	0.0146	0.0093	0.0068	0.0062	0.0006	0.0171	0.0083	0.0088	0.0000	0.0000	0.0000	0.0000	0.0000	0.0000	0.0000	0.0000	0.0000	0.0000	0.0000	0.0000	0.0000	0.0000	0.0000	0.0000	0.0000	0.0000						
16	31	0.0790	8	0	1	0	2	0	0	0	0	N	N	N	Y	N	N	N	N	N	N	N	N	0.0000	0.0000	0.0000	0.0000	0.0000	0.0000	0.0000	0.0000	0.0000	0.0000	0.0000	0.0000	0.0000	0.0000	0.0000	0.0000	0.0001	0.0002	0.0000	0.0005	0.0006	0.0000	0.0000	0.0000	0.0000	0.0040	0.0000	-0.0000	0.0040	3.2874	5.7722	7.1999	0.0000	0.0000	0.0000	0.0000	0.0000	0.0000	0.0000	0.0000	0.0000	0.0000	0.0000	0.0000	0.0000	0.0000	0.0000	0.0000	0.0000	0.0000	0.0001	0.0001	0.0000	0.0000	0.0000	0.0000	0.0001	0.0001	0.0000	0.0805	0.0482	0.0323	0.0182	0.0168	0.0014	0.0623	0.0314	0.0309	0.0000	0.0000	0.0000	0.0000	0.0000	0.0000	0.0000	0.0000	0.0000	0.0001	0.0002	0.0000	0.0005	0.0006	0.0000	0.0000	0.0000	0.0000			
16	32	0.1554	12	0	2	0	1	0	0	0	0	N	Y	N	N	N	N	N	N	N	N	N	N	0.0000	0.0000	0.0000	0.0000	0.0000	0.0000	0.0000	0.0000	0.0000	0.0000	0.0000	0.0000	0.0000	0.0000	0.0000	0.0001	0.0000	0.0000	0.0000	0.0001	0.0000	0.0001	inf	0.0000	0.0000	0.0040	4.3545	5.7722	19.4857	0.0000	0.0000	0.0000	0.0000	0.0000	0.0000	0.0000	0.0000	0.0000	0.0000	0.0000	0.0000	0.0000	0.0000	0.0000	0.0000	0.0000	0.0000	0.0002	0.0002	0.0000	0.0001	0.0001	0.0000	0.0001	0.0001	0.0000	0.1564	0.0959	0.0606	0.0380	0.0353	0.0027	0.1184	0.0606	0.0579	0.0000	0.0000	0.0000	0.0000	0.0000	0.0000	0.0000	0.0000	0.0000	0.0000	0.0000	0.0001	0.0000	0.0000	0.0000	0.0001	0.0000	0.0001						
16	33	0.1998	16	1	2	0	1	0	0	0	0	N	Y	N	N	N	N	N	N	N	N	N	N	0.0000	0.0000	0.0000	0.0000	0.0000	0.0000	0.0000	0.0000	0.0000	0.0000	0.0000	0.0000	0.0000	0.0000	0.0000	0.0000	0.0000	0.0000	0.0000	0.0000	0.0040	0.0000	5.7722	0.0000	0.0000	0.0000	0.0000	0.0000	0.0000	0.0000	0.0000	0.0000	0.0000	0.0000	0.0000	0.0000	0.0000	0.0000	0.0000	0.0000	0.0000	0.0000	0.0000	0.0000	0.0000	0.0000	0.0000	0.0000	0.0000	0.0000	0.0000	0.0000	0.0000	0.0000	0.0000	0.0000	0.0000	0.0000	0.0000	0.0000	0.0000	0.0000	0.0000	0.0000	0.0000	0.0000	0.0000	0.0000	0.0000	0.0000	0.0000	0.0000	0.0000	0.0000	0.0000	0.0000	0.0000	0.0000											
16	34	0.0940	8	0	2	0	2	0	0	0	0	N	Y	N	Y	N	N	N	N	N	N	N	N	0.0000	0.0000	0.0000	0.0000	0.0000	0.0000	0.0000	0.0000	0.0000	0.0000	0.0000	0.0000	0.0000	0.0000	0.0000	0.0000	0.0001	0.0001	0.0000	0.0003	0.0003	0.0000	0.0000	0.0000	0.0000	0.0125	0.0000	-0.0000	0.0040	6.4588	5.7722	12.7561	0.0000	0.0000	0.0000	0.0000	0.0000	0.0000	0.0000	0.0000	0.0000	0.0000	0.0000	0.0000	0.0000	0.0000	0.0000	0.0000	0.0000	0.0000	0.0003	0.0003	0.0000	0.0001	0.0001	0.0000	0.0002	0.0002	0.0000	0.1539	0.0939	0.0600	0.0404	0.0379	0.0025	0.1135	0.0560	0.0575	0.0000	0.0000	0.0000	0.0000	0.0000	0.0000	0.0000	0.0000	0.0000	0.0001	0.0001	0.0000	0.0003	0.0003	0.0000	0.0000	0.0000	0.0000			
16	35	0.0884	7	0	1	0	1	0	0	0	0	N	N	N	N	N	N	N	N	N	N	N	N	0.0000	0.0000	0.0000	0.0000	0.0000	0.0000	0.0000	0.0000	0.0000	0.0000	0.0000	0.0000	0.0000	0.0000	0.0000	0.0000	0.0000	0.0000	0.0005	0.0007	0.0001	0.0011	0.0012	0.0000	0.0001	0.0001	0.0001	0.0712	0.0000	-0.0000	0.0040	2.5642	5.7722	2.5472	0.0000	0.0000	0.0000	0.0000	0.0000	0.0000	0.0000	0.0000	0.0000	0.0000	0.0000	0.0000	0.0000	0.0000	0.0000	0.0000	0.0000	0.0000	0.0002	0.0001	0.0000	0.0000	0.0000	0.0000	0.0001	0.0001	0.0000	0.0702	0.0437	0.0265	0.0240	0.0234	0.0006	0.0462	0.0203	0.0259	0.0000	0.0000	0.0000	0.0000	0.0000	0.0000	0.0000	0.0000	0.0000	0.0005	0.0007	0.0001	0.0011	0.0012	0.0000	0.0001	0.0001	0.0001	
16	36	0.0826	4	0	1	1	1	0	0	0	0	N	N	N	N	N	N	N	N	N	N	N	N	0.0000	0.0000	0.0000	0.0000	0.0000	0.0000	0.0000	0.0000	0.0000	0.0000	0.0000	0.0000	0.0000	0.0010	0.0018	0.0000	0.0052	0.0059	0.0000	0.0000	0.0000	0.0000	0.0000	0.0000	-0.0000	0.0040	1.0000	5.7722	2.0003	0.0000	0.0000	0.0000	0.0000	0.0000	0.0000	0.0000	0.0000	0.0000	0.0000	0.0000	0.0000	0.0000	0.0000	0.0000	0.0000	0.0000	0.0000	0.0000	0.0000	0.0000	0.0000	0.0000	0.0000	0.0000	0.0000	0.0000	0.0220	0.0127	0.0093	0.0044	0.0039	0.0005	0.0176	0.0088	0.0088	0.0000	0.0000	0.0000	0.0000	0.0000	0.0000	0.0000	0.0000	0.0000	0.0010	0.0018	0.0000	0.0052	0.0059	0.0000	0.0000	0.0000	0.0000						
16	37	0.0826	5	0	2	0	1	0	0	0	0	N	Y	N	N	N	N	N	N	N	N	N	N	0.0000	0.0000	0.0000	0.0000	0.0000	0.0000	0.0000	0.0000	0.0000	0.0000	0.0000	0.0000	0.0000	0.0000	0.0000	0.0000	0.0000	0.0060	0.0042	0.0089	0.0096	0.0102	0.0000	0.0046	0.0000	0.0092	1.2970	0.0000	0.0000	0.0040	1.9619	5.7722	8.3400	0.0000	0.0000	0.0000	0.0000	0.0000	0.0000	0.0000	0.0000	0.0000	0.0006	0.0003	0.0003	0.0003	0.0003	0.0000	0.0003	0.0000	0.0003	0.0001	0.0001	0.0000	0.0000	0.0000	0.0000	0.0001	0.0001	0.0000	0.0974	0.0604	0.0370	0.0264	0.0249	0.0015	0.0710	0.0355	0.0355	0.0000	0.0000	0.0000	0.0000	0.0000	0.0000	0.0000	0.0000	0.0000	0.0060	0.0042	0.0089	0.0096	0.0102	0.0000	0.0046	0.0000	0.0092		
16	38	0.2278	18	1	1	1	1	0	0	0	0	N	N	N	N	N	N	N	N	N	N	N	N	0.0000	0.0000	0.0000	0.0000	0.0000	0.0000	0.0000	0.0000	0.0000	0.0000	0.0000	0.0000	0.0000	0.0170	0.0000	0.0467	0.0000	0.0000	0.0000	0.0235	0.0000	0.0493	inf	0.0000	0.0003	0.0040	0.0095	5.7722	5.0631	0.0000	0.0000	0.0000	0.0000	0.0000	0.0000	0.0000	0.0000	0.0000	0.0007	0.0000	0.0007	0.0000	0.0000	0.0000	0.0007	0.0000	0.0007	0.0000	0.0000	0.0000	0.0000	0.0000	0.0000	0.0000	0.0000	0.0000	0.0398	0.0253	0.0145	0.0109	0.0101	0.0008	0.0289	0.0151	0.0137	0.0000	0.0000	0.0000	0.0000	0.0000	0.0000	0.0000	0.0000	0.0000	0.0170	0.0000	0.0467	0.0000	0.0000	0.0000	0.0235	0.0000	0.0493						
16	39	0.0790	8	0	2	0	1	0	0	0	0	N	Y	N	N	N	N	N	N	N	N	N	N	0.0000	0.0000	0.0000	0.0000	0.0000	0.0000	0.0000	0.0000	0.0000	0.0000	0.0000	0.0000	0.0000	0.0000	0.0000	0.0001	0.0002	0.0000	0.0000	0.0000	0.0000	0.0001	0.0003	0.0000	0.0043	0.0000	-0.0000	0.0040	1.1272	5.7722	11.0864	0.0000	0.0000	0.0000	0.0000	0.0000	0.0000	0.0000	0.0000	0.0000	0.0000	0.0000	0.0000	0.0000	0.0000	0.0000	0.0000	0.0000	0.0000	0.0001	0.0001	0.0000	0.0000	0.0000	0.0000	0.0000	0.0000	0.0000	0.0916	0.0545	0.0370	0.0202	0.0186	0.0016	0.0713	0.0359	0.0354	0.0000	0.0000	0.0000	0.0000	0.0000	0.0000	0.0000	0.0000	0.0000	0.0001	0.0002	0.0000	0.0000	0.0000	0.0000	0.0001	0.0003	0.0000				
16	40	0.0790	7	0	1	0	1	0	0	0	0	N	N	N	N	N	N	N	N	N	N	N	N	0.0000	0.0000	0.0000	0.0000	0.0000	0.0000	0.0000	0.0000	0.0000	0.0000	0.0000	0.0000	0.0000	0.0000	0.0000	0.0000	0.0000	0.0000	0.0000	0.0000	0.0000	0.0000	0.0000	0.0000	0.0000	0.9863	0.0000	-0.0000	0.0040	0.4765	5.7722	0.2778	0.0000	0.0000	0.0000	0.0000	0.0000	0.0000	0.0000	0.0000	0.0000	0.0000	0.0000	0.0000	0.0000	0.0000	0.0000	0.0000	0.0000	0.0000	0.0000	0.0000	0.0000	0.0000	0.0000	0.0000	0.0000	0.0000	0.0000	0.0152	0.0108	0.0044	0.0059	0.0058	0.0001	0.0092	0.0049	0.0043	0.0000	0.0000	0.0000	0.0000	0.0000	0.0000	0.0000	0.0000	0.0000	0.0000	0.0000	0.0000	0.0000	0.0000	0.0000	0.0000	0.0000	0.0000			
16	41	0.0720	5	0	2	0	2	0	0	0	0	N	Y	N	Y	N	N	N	N	N	N	N	N	0.0000	0.0000	0.0000	0.0000	0.0000	0.0000	0.0000	0.0000	0.0000	0.0000	0.0000	0.0000	0.0000	0.0000	0.0000	0.0000	0.0000	4.5925	7.8919	0.0074	0.0072	0.0078	0.0000	5.6779	11.3267	0.0076	0.0007	0.0000	-0.5428	0.0040	10.0333	5.7722	21.8674	0.0000	0.0000	0.0000	0.0000	0.0000	0.0000	0.0000	0.0000	0.0000	1.0009	1.0002	0.0007	0.0003	0.0003	0.0000	1.0006	0.9999	0.0007	0.0004	0.0004	0.0000	0.0001	0.0001	0.0000	0.0003	0.0003	0.0000	0.2179	0.1267	0.0912	0.0417	0.0385	0.0033	0.1762	0.0883	0.0879	0.0000	0.0000	0.0000	0.0000	0.0000	0.0000	0.0000	0.0000	0.0000	4.5925	7.8919	0.0074	0.0072	0.0078	0.0000	5.6779	11.3267	0.0076		
16	42	0.2278	18	1	1	1	1	0	0	0	0	N	N	N	N	N	N	N	N	N	N	N	N	0.0000	0.0000	0.0000	0.0000	0.0000	0.0000	0.0000	0.0000	0.0000	0.0000	0.0000	0.0000	0.0000	0.0001	0.0002	0.0000	0.0004	0.0004	0.0000	0.0000	0.0000	0.0000	0.0001	0.0000	-0.0000	0.0040	0.9968	5.7722	1.9513	0.0000	0.0000	0.0000	0.0000	0.0000	0.0000	0.0000	0.0000	0.0000	0.0000	0.0000	0.0000	0.0000	0.0000	0.0000	0.0000	0.0000	0.0000	0.0000	0.0000	0.0000	0.0000	0.0000	0.0000	0.0000	0.0000	0.0000	0.0254	0.0164	0.0091	0.0075	0.0070	0.0005	0.0180	0.0094	0.0086	0.0000	0.0000	0.0000	0.0000	0.0000	0.0000	0.0000	0.0000	0.0000	0.0001	0.0002	0.0000	0.0004	0.0004	0.0000	0.0000	0.0000	0.0000						
16	43	0.2146	17	1	1	1	1	0	0	0	0	N	N	N	N	N	N	N	N	N	N	N	N	0.0000	0.0000	0.0000	0.0000	0.0000	0.0000	0.0000	0.0000	0.0000	0.0000	0.0000	0.0000	0.0000	0.0000	0.0000	0.0000	0.0001	0.0000	0.0001	0.0000	0.0000	0.0000	0.0001	0.0000	0.0001	103.2461	0.0000	0.0000	0.0040	5.0018	5.7722	1.7716	0.0000	0.0000	0.0000	0.0000	0.0000	0.0000	0.0000	0.0000	0.0000	0.0000	0.0000	0.0000	0.0000	0.0000	0.0000	0.0000	0.0000	0.0000	0.0002	0.0002	0.0000	0.0001	0.0001	0.0000	0.0002	0.0001	0.0000	0.0509	0.0310	0.0199	0.0130	0.0121	0.0010	0.0379	0.0190	0.0189	0.0000	0.0000	0.0000	0.0000	0.0000	0.0000	0.0000	0.0000	0.0000	0.0001	0.0000	0.0001	0.0000	0.0000	0.0000	0.0001	0.0000	0.0001			
16	44	0.2178	18	1	1	1	1	0	0	0	0	N	N	N	N	N	N	N	N	N	N	N	N	0.0000	0.0000	0.0000	0.0000	0.0000	0.0000	0.0000	0.0000	0.0000	0.0000	0.0000	0.0000	0.0000	0.0000	0.0000	0.0000	0.0000	0.0000	0.0000	0.0000	0.0040	4.9860	5.7722	2.3663	0.0000	0.0000	0.0000	0.0000	0.0000	0.0000	0.0000	0.0000	0.0000	0.0000	0.0000	0.0000	0.0000	0.0000	0.0000	0.0000	0.0000	0.0000	0.0002	0.0002	0.0000	0.0001	0.0001	0.0000	0.0002	0.0001	0.0000	0.0710	0.0440	0.0270	0.0283	0.0229	0.0055	0.0427	0.0212	0.0215	0.0000	0.0000	0.0000	0.0000	0.0000	0.0000	0.0000	0.0000	0.0000	0.0000	0.0000	0.0000	0.0000	0.0000	0.0000	0.0000	0.0000	0.0000											
16	45	0.2146	17	1	1	0	1	0	0	0	0	N	N	N	N	N	N	N	N	N	N	N	N	0.0000	0.0000	0.0000	0.0000	0.0000	0.0000	0.0000	0.0000	0.0000	0.0000	0.0000	0.0000	0.0000	0.0000	0.0000	0.0000	0.0000	0.0011	0.0018	0.0000	0.0000	0.0000	0.0000	0.0015	0.0035	0.0000	0.0017	0.0000	-0.0000	0.0040	0.0225	5.7722	1.9333	0.0000	0.0000	0.0000	0.0000	0.0000	0.0000	0.0000	0.0000	0.0000	0.0000	0.0000	0.0000	0.0000	0.0000	0.0000	0.0000	0.0000	0.0000	0.0000	0.0000	0.0000	0.0000	0.0000	0.0000	0.0000	0.0000	0.0000	0.0182	0.0108	0.0074	0.0055	0.0052	0.0003	0.0127	0.0056	0.0071	0.0000	0.0000	0.0000	0.0000	0.0000	0.0000	0.0000	0.0000	0.0000	0.0011	0.0018	0.0000	0.0000	0.0000	0.0000	0.0015	0.0035	0.0000		
16	46	0.2117	16	1	1	0	1	0	0	0	0	N	N	N	N	N	N	N	N	N	N	N	N	0.0000	0.0000	0.0000	0.0000	0.0000	0.0000	0.0000	0.0000	0.0000	0.0000	0.0000	0.0000	0.0000	0.0000	0.0000	0.0000	0.0000	0.0000	0.0000	0.0000	0.0000	0.0000	0.0000	0.0000	0.0000	0.0000	0.0785	0.0000	-0.0000	0.0040	1.0095	5.7722	0.3555	0.0000	0.0000	0.0000	0.0000	0.0000	0.0000	0.0000	0.0000	0.0000	0.0000	0.0000	0.0000	0.0000	0.0000	0.0000	0.0000	0.0000	0.0000	0.0000	0.0000	0.0000	0.0000	0.0000	0.0000	0.0000	0.0000	0.0000	0.0099	0.0061	0.0038	0.0024	0.0022	0.0002	0.0075	0.0039	0.0036	0.0000	0.0000	0.0000	0.0000	0.0000	0.0000	0.0000	0.0000	0.0000	0.0000	0.0000	0.0000	0.0000	0.0000	0.0000	0.0000	0.0000	0.0000		
16	47	0.0826	5	0	1	1	1	0	0	0	0	N	N	N	N	N	N	N	N	N	N	N	N	0.0000	0.0000	0.0000	0.0000	0.0000	0.0000	0.0000	0.0000	0.0000	0.0000	0.0000	0.0000	0.0000	0.0000	0.0000	0.0000	0.0000	0.0002	0.0002	0.0001	0.0004	0.0004	0.0000	0.0001	0.0000	0.0002	0.5989	0.0000	-0.0000	0.0040	3.0460	5.7722	11.9126	0.0000	0.0000	0.0000	0.0000	0.0000	0.0000	0.0000	0.0000	0.0000	0.0000	0.0000	0.0000	0.0000	0.0000	0.0000	0.0000	0.0000	0.0000	0.0001	0.0001	0.0000	0.0000	0.0000	0.0000	0.0001	0.0001	0.0000	0.1267	0.0772	0.0495	0.0315	0.0294	0.0021	0.0953	0.0478	0.0475	0.0000	0.0000	0.0000	0.0000	0.0000	0.0000	0.0000	0.0000	0.0000	0.0002	0.0002	0.0001	0.0004	0.0004	0.0000	0.0001	0.0000	0.0002		
16	48	0.0693	4	0	1	0	1	0	0	0	0	N	N	N	N	N	N	N	N	N	N	N	N	0.0000	0.0000	0.0000	0.0000	0.0000	0.0000	0.0000	0.0000	0.0000	0.0000	0.0000	0.0000	0.0000	0.0000	0.0000	0.0000	0.0004	0.0003	0.0006	0.0008	0.0008	0.0000	0.0003	0.0000	0.0006	1.0715	0.0000	-0.0000	0.0040	1.1082	5.7722	5.8288	0.0000	0.0000	0.0000	0.0000	0.0000	0.0000	0.0000	0.0000	0.0000	0.0000	0.0000	0.0000	0.0000	0.0000	0.0000	0.0000	0.0000	0.0000	0.0000	0.0000	0.0000	0.0000	0.0000	0.0000	0.0000	0.0000	0.0000	0.0728	0.0452	0.0277	0.0199	0.0192	0.0008	0.0529	0.0260	0.0269	0.0000	0.0000	0.0000	0.0000	0.0000	0.0000	0.0000	0.0000	0.0000	0.0004	0.0003	0.0006	0.0008	0.0008	0.0000	0.0003	0.0000	0.0006			
16	49	0.0826	4	0	2	0	1	0	0	0	0	N	Y	N	N	N	N	N	N	N	N	N	N	0.0000	0.0000	0.0000	0.0000	0.0000	0.0000	0.0000	0.0000	0.0000	0.0000	0.0000	0.0000	0.0000	0.0000	0.0000	51.9740	0.0000	258.0962	0.0574	0.0000	0.6641	65.0193	0.0000	305.2759	inf	0.0000	0.3505	0.0040	0.0000	5.7722	2.0001	0.0000	0.0000	0.0000	0.0000	0.0000	0.0000	0.0000	0.0000	0.0000	0.7670	0.0000	0.7670	0.0002	0.0000	0.0002	0.7668	0.0000	0.7668	0.0000	0.0000	0.0000	0.0000	0.0000	0.0000	0.0000	0.0000	0.0000	0.0148	0.0085	0.0063	0.0030	0.0026	0.0004	0.0118	0.0059	0.0059	0.0000	0.0000	0.0000	0.0000	0.0000	0.0000	0.0000	0.0000	0.0000	51.9740	0.0000	122.6800	0.0574	0.0000	0.4706	65.0193	0.0000	130.1750				
16	50	0.2471	21	1	2	1	1	0	0	0	0	N	Y	N	N	N	N	N	N	N	N	N	N	0.0000	0.0000	0.0000	0.0000	0.0000	0.0000	0.0000	0.0000	0.0000	0.0000	0.0000	0.0000	0.0000	0.0000	0.0000	0.0000	0.0000	0.0000	0.0000	0.0000	0.0040	0.0000	5.7722	1.7047	0.0000	0.0000	0.0000	0.0000	0.0000	0.0000	0.0000	0.0000	0.0000	0.0000	0.0000	0.0000	0.0000	0.0000	0.0000	0.0000	0.0000	0.0000	0.0000	0.0000	0.0000	0.0000	0.0000	0.0000	0.0000	0.0000	0.0000	0.0221	0.0171	0.0050	0.0090	0.0086	0.0004	0.0131	0.0085	0.0046	0.0000	0.0000	0.0000	0.0000	0.0000	0.0000	0.0000	0.0000	0.0000	0.0000	0.0000	0.0000	0.0000	0.0000	0.0000	0.0000	0.0000	0.0000											
16	51	0.2471	21	1	2	1	1	0	0	0	0	N	Y	N	N	N	N	N	N	N	N	N	N	0.0000	0.0000	0.0000	0.0000	0.0000	0.0000	0.0000	0.0000	0.0000	0.0000	0.0000	0.0000	0.0000	0.0000	0.0000	0.0000	0.0000	0.0000	0.0000	0.0000	0.0040	0.0000	5.7722	0.2953	0.0000	0.0000	0.0000	0.0000	0.0000	0.0000	0.0000	0.0000	0.0000	0.0000	0.0000	0.0000	0.0000	0.0000	0.0000	0.0000	0.0000	0.0000	0.0000	0.0000	0.0000	0.0000	0.0000	0.0000	0.0000	0.0000	0.0000	0.0132	0.0115	0.0017	0.0062	0.0062	0.0001	0.0070	0.0054	0.0016	0.0000	0.0000	0.0000	0.0000	0.0000	0.0000	0.0000	0.0000	0.0000	0.0000	0.0000	0.0000	0.0000	0.0000	0.0000	0.0000	0.0000	0.0000											
16	52	0.2443	20	1	2	1	1	0	0	0	0	N	Y	N	N	N	N	N	N	N	N	N	N	0.0000	0.0000	0.0000	0.0000	0.0000	0.0000	0.0000	0.0000	0.0000	0.0000	0.0000	0.0000	0.0000	0.0000	0.0000	0.0000	0.0000	0.0000	0.0000	0.0000	0.0040	0.0001	5.7722	1.7968	0.0000	0.0000	0.0000	0.0000	0.0000	0.0000	0.0000	0.0000	0.0000	0.0000	0.0000	0.0000	0.0000	0.0000	0.0000	0.0000	0.0000	0.0000	0.0000	0.0000	0.0000	0.0000	0.0000	0.0000	0.0000	0.0000	0.0000	0.0168	0.0113	0.0055	0.0060	0.0057	0.0003	0.0108	0.0056	0.0052	0.0000	0.0000	0.0000	0.0000	0.0000	0.0000	0.0000	0.0000	0.0000	0.0000	0.0000	0.0000	0.0000	0.0000	0.0000	0.0000	0.0000	0.0000											
16	53	0.2260	14	1	2	0	1	0	0	0	0	N	Y	N	N	N	N	N	N	N	N	N	N	0.0000	0.0000	0.0000	0.0000	0.0000	0.0000	0.0000	0.0000	0.0000	0.0000	0.0000	0.0000	0.0000	0.0000	0.0000	0.0000	0.0000	0.0000	0.0000	0.0000	0.0000	0.0000	0.0000	0.0000	0.0000	0.1000	0.0000	-0.0000	0.0040	1.8240	5.7722	0.8872	0.0000	0.0000	0.0000	0.0000	0.0000	0.0000	0.0000	0.0000	0.0000	0.0000	0.0000	0.0000	0.0000	0.0000	0.0000	0.0000	0.0000	0.0000	0.0001	0.0001	0.0000	0.0000	0.0000	0.0000	0.0001	0.0000	0.0000	0.0243	0.0160	0.0083	0.0085	0.0081	0.0005	0.0157	0.0079	0.0078	0.0000	0.0000	0.0000	0.0000	0.0000	0.0000	0.0000	0.0000	0.0000	0.0000	0.0000	0.0000	0.0000	0.0000	0.0000	0.0000	0.0000	0.0000			
16	54	0.0168	2	0	2	0	2	0	0	0	0	N	Y	N	Y	N	N	N	N	N	N	N	N	0.0691	188.9656	0.0000	67.8774	147.4049	0.0000	0.0000	0.0000	0.0000	0.2503	0.4991	0.0000	0.5014	0.5014	0.0000	0.0000	0.0000	0.0000	3.6229	0.0026	7.5055	0.0074	0.0034	7.7582	6.0559	0.0000	7.5099	0.0000	2649.7673	-0.0000	0.2688	0.0040	0.0007	5.7722	4.7762	0.0000	0.0000	0.0000	0.0000	0.0000	0.0000	0.0000	0.0000	0.0000	0.5886	0.0002	0.5884	0.0005	0.0002	0.0003	0.5881	0.0000	0.5881	0.0000	0.0000	0.0000	0.0000	0.0000	0.0000	0.0000	0.0000	0.0000	0.1625	0.0841	0.0784	0.0654	0.0653	0.0001	0.0971	0.0188	0.0783	0.0691	188.9656	0.0000	67.8774	147.4049	0.0000	0.0000	0.0000	0.0000	3.6229	0.0026	7.5055	0.0074	0.0034	3.2296	6.0559	0.0000	7.5099
16	55	0.0168	2	0	1	0	2	0	0	0	0	N	N	N	Y	N	N	N	N	N	N	N	N	0.2120	0.2185	0.0000	0.1823	0.1821	0.0000	0.0000	0.0000	0.2503	0.4991	0.0000	0.5014	0.5014	0.0000	0.0000	0.0000	0.0000	1.1803	2.2843	0.0000	2.7509	2.7540	0.0000	0.0000	0.0000	0.0000	0.0000	0.0000	-0.0000	-0.0974	0.0040	0.0007	5.7722	3.2259	0.0000	0.0000	0.0000	0.0000	0.0000	0.0000	0.0000	0.0000	0.0000	0.1794	0.1794	0.0000	0.1794	0.1794	0.0000	0.0000	0.0000	0.0000	0.0000	0.0000	0.0000	0.0000	0.0000	0.0000	0.0000	0.0000	0.0000	0.1520	0.0785	0.0735	0.0652	0.0651	0.0001	0.0868	0.0134	0.0734	0.2120	0.2185	0.0000	0.1823	0.1821	0.0000	0.0000	0.0000	0.0000	1.1803	2.2843	0.0000	2.7509	2.7540	0.0000	0.0000	0.0000	0.0000	
16	59	0.2444	21	0	2	1	1	0	0	0	0	N	Y	N	N	N	N	N	N	N	N	N	N	0.0000	0.0000	0.0000	0.0000	0.0000	0.0000	0.0000	0.0000	0.0000	0.0000	0.0000	0.0000	0.0000	0.0000	0.0000	0.0000	0.0005	0.0008	0.0000	0.0017	0.0019	0.0000	0.0000	0.0000	0.0000	0.0001	0.0000	-0.0000	0.0040	0.9979	5.7722	4.0614	0.0000	0.0000	0.0000	0.0000	0.0000	0.0000	0.0000	0.0000	0.0000	0.0000	0.0000	0.0000	0.0000	0.0000	0.0000	0.0000	0.0000	0.0000	0.0000	0.0000	0.0000	0.0000	0.0000	0.0000	0.0000	0.0000	0.0000	0.0368	0.0242	0.0126	0.0114	0.0106	0.0009	0.0254	0.0136	0.0117	0.0000	0.0000	0.0000	0.0000	0.0000	0.0000	0.0000	0.0000	0.0000	0.0005	0.0008	0.0000	0.0017	0.0019	0.0000	0.0000	0.0000	0.0000			
16	60	0.2360	20	0	2	0	1	0	0	0	0	N	Y	N	N	N	N	N	N	N	N	N	N	0.0000	0.0000	0.0000	0.0000	0.0000	0.0000	0.0000	0.0000	0.0000	0.0000	0.0000	0.0000	0.0000	0.0000	0.0000	0.0000	0.0484	0.0738	0.0018	0.1606	0.1740	0.0000	0.0009	0.0000	0.0019	0.0133	0.0000	-0.0008	0.0040	2.2356	5.7722	2.2044	0.0000	0.0000	0.0000	0.0000	0.0000	0.0000	0.0000	0.0000	0.0000	0.0015	0.0015	0.0000	0.0015	0.0015	0.0000	0.0000	0.0000	0.0000	0.0001	0.0001	0.0000	0.0000	0.0000	0.0000	0.0001	0.0001	0.0000	0.0313	0.0203	0.0110	0.0093	0.0086	0.0007	0.0220	0.0117	0.0103	0.0000	0.0000	0.0000	0.0000	0.0000	0.0000	0.0000	0.0000	0.0000	0.0484	0.0738	0.0018	0.1606	0.1740	0.0000	0.0009	0.0000	0.0019			
16	61	0.2154	18	1	1	1	1	0	0	0	0	N	N	N	N	N	N	N	N	N	N	N	N	0.0000	0.0000	0.0000	0.0000	0.0000	0.0000	0.0000	0.0000	0.0000	0.0000	0.0000	0.0000	0.0000	0.0000	0.0000	0.0000	0.0000	0.0000	16.1575	0.0003	89.7716	0.0007	0.0000	0.0076	21.1598	0.0004	87.1713	99983.0846	0.0000	0.4560	0.0040	2.0703	5.7722	7.0012	0.0000	0.0000	0.0000	0.0000	0.0000	0.0000	0.0000	0.0000	0.0000	0.9978	0.0000	0.9978	0.0000	0.0000	0.0000	0.9978	0.0000	0.9978	0.0001	0.0001	0.0000	0.0000	0.0000	0.0000	0.0001	0.0001	0.0000	0.0618	0.0381	0.0237	0.0146	0.0133	0.0013	0.0472	0.0248	0.0223	0.0000	0.0000	0.0000	0.0000	0.0000	0.0000	0.0000	0.0000	0.0000	16.1575	0.0003	42.1872	0.0007	0.0000	0.0076	21.1598	0.0004	44.6592	
16	62	0.2138	17	0	1	0	1	0	0	0	0	N	N	N	N	N	N	N	N	N	N	N	N	0.0000	0.0000	0.0000	0.0000	0.0000	0.0000	0.0000	0.0000	0.0000	0.0000	0.0000	0.0000	0.0000	0.0000	0.0000	0.0000	0.0000	0.1695	0.0047	0.4352	0.0060	0.0065	0.0000	0.2220	0.0037	0.4597	57.4303	0.0000	0.0005	0.0040	0.9285	5.7722	0.0280	0.0000	0.0000	0.0000	0.0000	0.0000	0.0000	0.0000	0.0000	0.0000	0.0012	0.0000	0.0011	0.0000	0.0000	0.0000	0.0012	0.0000	0.0011	0.0000	0.0000	0.0000	0.0000	0.0000	0.0000	0.0000	0.0000	0.0000	0.0069	0.0043	0.0026	0.0017	0.0015	0.0001	0.0052	0.0027	0.0025	0.0000	0.0000	0.0000	0.0000	0.0000	0.0000	0.0000	0.0000	0.0000	0.1695	0.0047	0.4352	0.0060	0.0065	0.0000	0.2220	0.0037	0.4597		
16	63	0.1760	12	1	2	0	1	0	0	0	0	N	Y	N	N	N	N	N	N	N	N	N	N	0.0000	0.0000	0.0000	0.0000	0.0000	0.0000	0.0000	0.0000	0.0000	0.0000	0.0000	0.0000	0.0000	0.0000	0.0000	0.0000	0.0000	0.0000	0.0000	0.0000	0.0000	0.0000	inf	0.0000	0.0000	0.0040	1.0023	5.7722	3.0135	0.0000	0.0000	0.0000	0.0000	0.0000	0.0000	0.0000	0.0000	0.0000	0.0000	0.0000	0.0000	0.0000	0.0000	0.0000	0.0000	0.0000	0.0000	0.0000	0.0000	0.0000	0.0000	0.0000	0.0000	0.0000	0.0000	0.0000	0.0292	0.0184	0.0108	0.0074	0.0069	0.0005	0.0217	0.0115	0.0103	0.0000	0.0000	0.0000	0.0000	0.0000	0.0000	0.0000	0.0000	0.0000	0.0000	0.0000	0.0000	0.0000	0.0000	0.0000	0.0000	0.0000	0.0000						
16	64	0.1496	11	1	2	0	1	0	0	0	0	N	Y	N	N	N	N	N	N	N	N	N	N	0.0000	0.0000	0.0000	0.0000	0.0000	0.0000	0.0000	0.0000	0.0000	0.0000	0.0000	0.0000	0.0000	0.0000	0.0000	0.0000	0.0000	0.0000	0.0000	0.0000	0.0000	0.0000	0.0000	0.0000	0.0000	0.0000	184.9343	0.0000	0.0000	0.0040	3.0820	5.7722	9.3392	0.0000	0.0000	0.0000	0.0000	0.0000	0.0000	0.0000	0.0000	0.0000	0.0000	0.0000	0.0000	0.0000	0.0000	0.0000	0.0000	0.0000	0.0000	0.0002	0.0001	0.0000	0.0001	0.0000	0.0000	0.0001	0.0001	0.0000	0.0836	0.0519	0.0317	0.0195	0.0181	0.0015	0.0640	0.0338	0.0302	0.0000	0.0000	0.0000	0.0000	0.0000	0.0000	0.0000	0.0000	0.0000	0.0000	0.0000	0.0000	0.0000	0.0000	0.0000	0.0000	0.0000	0.0000		
16	65	0.2360	20	0	2	0	1	0	0	0	0	N	Y	N	N	N	N	N	N	N	N	N	N	0.0000	0.0000	0.0000	0.0000	0.0000	0.0000	0.0000	0.0000	0.0000	0.0000	0.0000	0.0000	0.0000	0.0000	0.0000	19.4102	0.0000	117.3665	0.0014	0.0000	0.0162	27.2265	0.0000	120.0926	inf	0.0000	0.4559	0.0040	1.7946	5.7722	5.9592	0.0000	0.0000	0.0000	0.0000	0.0000	0.0000	0.0000	0.0000	0.0000	0.9975	0.0000	0.9975	0.0000	0.0000	0.0000	0.9975	0.0000	0.9975	0.0001	0.0001	0.0000	0.0000	0.0000	0.0000	0.0001	0.0000	0.0000	0.0514	0.0327	0.0187	0.0148	0.0135	0.0012	0.0366	0.0192	0.0174	0.0000	0.0000	0.0000	0.0000	0.0000	0.0000	0.0000	0.0000	0.0000	19.4102	0.0000	53.4769	0.0014	0.0000	0.0162	27.2265	0.0000	57.2621				
16	66	0.2292	19	0	2	0	1	0	0	0	0	N	Y	N	N	N	N	N	N	N	N	N	N	0.0000	0.0000	0.0000	0.0000	0.0000	0.0000	0.0000	0.0000	0.0000	0.0000	0.0000	0.0000	0.0000	0.0000	0.0000	0.0000	0.0000	0.0648	0.0047	0.1623	0.0073	0.0080	0.0000	0.0877	0.0023	0.1726	21.1630	0.0000	0.0006	0.0040	1.3569	5.7722	2.0560	0.0000	0.0000	0.0000	0.0000	0.0000	0.0000	0.0000	0.0000	0.0000	0.0015	0.0001	0.0015	0.0000	0.0000	0.0000	0.0015	0.0000	0.0015	0.0001	0.0001	0.0000	0.0000	0.0000	0.0000	0.0000	0.0000	0.0000	0.0239	0.0148	0.0091	0.0068	0.0063	0.0005	0.0171	0.0085	0.0086	0.0000	0.0000	0.0000	0.0000	0.0000	0.0000	0.0000	0.0000	0.0000	0.0648	0.0047	0.1623	0.0073	0.0080	0.0000	0.0877	0.0023	0.1726		
16	67	0.2158	18	0	2	0	1	0	0	0	0	N	Y	N	N	N	N	N	N	N	N	N	N	0.0000	0.0000	0.0000	0.0000	0.0000	0.0000	0.0000	0.0000	0.0000	0.0000	0.0000	0.0000	0.0000	0.0000	0.0000	0.0000	0.0010	0.0000	0.0029	0.0000	0.0000	0.0000	0.0015	0.0000	0.0031	20773.3915	0.0000	0.0000	0.0040	4.9477	5.7722	2.0153	0.0000	0.0000	0.0000	0.0000	0.0000	0.0000	0.0000	0.0000	0.0000	0.0000	0.0000	0.0000	0.0000	0.0000	0.0000	0.0000	0.0000	0.0000	0.0002	0.0002	0.0000	0.0001	0.0001	0.0000	0.0002	0.0001	0.0000	0.0477	0.0305	0.0172	0.0146	0.0134	0.0012	0.0331	0.0171	0.0160	0.0000	0.0000	0.0000	0.0000	0.0000	0.0000	0.0000	0.0000	0.0000	0.0010	0.0000	0.0029	0.0000	0.0000	0.0000	0.0015	0.0000	0.0031			
16	68	0.0826	4	0	1	1	1	0	0	0	0	N	N	N	N	N	N	N	N	N	N	N	N	0.0000	0.0000	0.0000	0.0000	0.0000	0.0000	0.0000	0.0000	0.0000	0.0000	0.0000	0.0000	0.0000	0.0008	0.0014	0.0000	0.0039	0.0045	0.0000	0.0000	0.0000	0.0000	0.0000	0.0000	-0.0000	0.0040	0.0000	5.7722	4.0001	0.0000	0.0000	0.0000	0.0000	0.0000	0.0000	0.0000	0.0000	0.0000	0.0000	0.0000	0.0000	0.0000	0.0000	0.0000	0.0000	0.0000	0.0000	0.0000	0.0000	0.0000	0.0000	0.0000	0.0000	0.0000	0.0000	0.0000	0.0292	0.0169	0.0124	0.0059	0.0051	0.0007	0.0234	0.0117	0.0117	0.0000	0.0000	0.0000	0.0000	0.0000	0.0000	0.0000	0.0000	0.0000	0.0008	0.0014	0.0000	0.0039	0.0045	0.0000	0.0000	0.0000	0.0000						
16	69	0.0603	3	0	1	0	1	0	0	0	0	N	N	N	N	N	N	N	N	N	N	N	N	0.0000	0.0000	0.0000	0.0000	0.0000	0.0000	0.0000	0.0000	0.0000	0.0000	0.0000	0.0000	0.0000	0.0000	0.0000	0.0000	0.0000	0.0000	0.0050	0.0083	0.0005	0.0204	0.0226	0.0000	0.0003	0.0000	0.0005	0.0445	0.0000	-0.0003	0.0040	2.8240	5.7722	8.9883	0.0000	0.0000	0.0000	0.0000	0.0000	0.0000	0.0000	0.0000	0.0000	0.0005	0.0005	0.0000	0.0005	0.0005	0.0000	0.0000	0.0000	0.0000	0.0002	0.0001	0.0000	0.0000	0.0000	0.0000	0.0001	0.0001	0.0000	0.1084	0.0625	0.0459	0.0255	0.0230	0.0025	0.0830	0.0396	0.0434	0.0000	0.0000	0.0000	0.0000	0.0000	0.0000	0.0000	0.0000	0.0000	0.0050	0.0083	0.0005	0.0204	0.0226	0.0000	0.0003	0.0000	0.0005	
16	73	0.1408	10	0	1	0	1	0	0	0	0	N	N	N	N	N	N	N	N	N	N	N	N	0.0000	0.0000	0.0000	0.0000	0.0000	0.0000	0.0000	0.0000	0.0000	0.0000	0.0000	0.0000	0.0000	0.0000	0.0000	0.0000	0.0021	0.0000	0.0053	0.0000	0.0000	0.0000	0.0027	0.0000	0.0056	3368.9747	0.0000	0.0001	0.0040	4.0673	5.7722	17.8409	0.0000	0.0000	0.0000	0.0000	0.0000	0.0000	0.0000	0.0000	0.0000	0.0003	0.0000	0.0003	0.0000	0.0000	0.0000	0.0003	0.0000	0.0003	0.0002	0.0002	0.0000	0.0001	0.0001	0.0000	0.0001	0.0001	0.0000	0.1356	0.0826	0.0530	0.0317	0.0291	0.0026	0.1039	0.0535	0.0504	0.0000	0.0000	0.0000	0.0000	0.0000	0.0000	0.0000	0.0000	0.0000	0.0021	0.0000	0.0053	0.0000	0.0000	0.0000	0.0027	0.0000	0.0056			
16	75	0.2775	14	0	1	0	1	0	0	0	0	N	N	N	N	N	N	N	N	N	N	N	N	0.0008	0.0000	0.0024	0.0141	0.0000	0.0688	0.0000	0.0000	0.0000	0.0011	0.0000	0.0106	0.0029	0.0000	0.0635	0.0000	0.0000	0.0000	1.4573	0.0883	4.4402	0.2060	0.1428	0.9233	2.6071	0.0000	5.2367	inf	23.0869	0.0000	0.3149	0.0040	3.5843	5.7722	46.7516	0.0000	0.0000	0.0000	0.0000	0.0000	0.0000	0.0000	0.0000	0.0000	0.7577	0.0315	0.7263	0.0513	0.0315	0.0198	0.7064	0.0000	0.7064	0.0002	0.0002	0.0000	0.0001	0.0001	0.0000	0.0001	0.0001	0.0000	0.5200	0.3564	0.1636	0.2490	0.2203	0.0287	0.2710	0.1361	0.1349	0.0008	0.0000	0.0024	0.0141	0.0000	0.0918	0.0000	0.0000	0.0000	1.4573	0.0883	4.4402	0.2060	0.1428	0.6922	2.6071	0.0000	5.2367
16	76	0.2427	20	1	2	1	1	0	0	0	0	N	Y	N	N	N	N	N	N	N	N	N	N	0.0000	0.0000	0.0000	0.0000	0.0000	0.0000	0.0000	0.0000	0.0000	0.0000	0.0000	0.0000	0.0000	0.0000	0.0000	0.0000	0.0000	0.0000	0.0000	0.0000	0.0000	0.0000	0.0000	0.0000	-0.0000	0.0040	1.0003	5.7722	1.0071	0.0000	0.0000	0.0000	0.0000	0.0000	0.0000	0.0000	0.0000	0.0000	0.0000	0.0000	0.0000	0.0000	0.0000	0.0000	0.0000	0.0000	0.0000	0.0000	0.0000	0.0000	0.0000	0.0000	0.0000	0.0000	0.0000	0.0000	0.0140	0.0088	0.0052	0.0040	0.0037	0.0003	0.0100	0.0051	0.0048	0.0000	0.0000	0.0000	0.0000	0.0000	0.0000	0.0000	0.0000	0.0000	0.0000	0.0000	0.0000	0.0000	0.0000	0.0000	0.0000	0.0000	0.0000						
16	77	0.2359	19	1	1	1	1	0	0	0	0	N	N	N	N	N	N	N	N	N	N	N	N	0.0000	0.0000	0.0000	0.0000	0.0000	0.0000	0.0000	0.0000	0.0000	0.0000	0.0000	0.0000	0.0000	0.0000	0.0000	0.0000	0.0001	0.0001	0.0000	0.0003	0.0003	0.0000	0.0000	0.0000	0.0000	0.0020	0.0000	-0.0000	0.0040	0.9901	5.7722	2.2068	0.0000	0.0000	0.0000	0.0000	0.0000	0.0000	0.0000	0.0000	0.0000	0.0000	0.0000	0.0000	0.0000	0.0000	0.0000	0.0000	0.0000	0.0000	0.0000	0.0000	0.0000	0.0000	0.0000	0.0000	0.0000	0.0000	0.0000	0.0594	0.0439	0.0156	0.0248	0.0243	0.0006	0.0346	0.0196	0.0150	0.0000	0.0000	0.0000	0.0000	0.0000	0.0000	0.0000	0.0000	0.0000	0.0001	0.0001	0.0000	0.0003	0.0003	0.0000	0.0000	0.0000	0.0000			
16	78	0.1583	11	0	2	0	1	0	0	0	0	N	Y	N	N	N	N	N	N	N	N	N	N	0.0000	0.0000	0.0000	0.0000	0.0000	0.0000	0.0000	0.0000	0.0000	0.0000	0.0000	0.0000	0.0000	0.0000	0.0000	0.0000	0.0000	0.1982	0.0000	0.5637	0.0000	0.0000	0.0000	0.2834	0.0000	0.6023	583536.8077	0.0000	0.0161	0.0040	8.4371	5.7722	15.3349	0.0000	0.0000	0.0000	0.0000	0.0000	0.0000	0.0000	0.0000	0.0000	0.0352	0.0000	0.0352	0.0000	0.0000	0.0000	0.0352	0.0000	0.0352	0.0004	0.0003	0.0000	0.0001	0.0001	0.0000	0.0003	0.0002	0.0000	0.1775	0.1151	0.0624	0.0533	0.0493	0.0040	0.1242	0.0657	0.0584	0.0000	0.0000	0.0000	0.0000	0.0000	0.0000	0.0000	0.0000	0.0000	0.1982	0.0000	0.5637	0.0000	0.0000	0.0000	0.2834	0.0000	0.6023		
16	79	0.2359	19	1	1	1	1	0	0	0	0	N	N	N	N	N	N	N	N	N	N	N	N	0.0000	0.0000	0.0000	0.0000	0.0000	0.0000	0.0000	0.0000	0.0000	0.0000	0.0000	0.0000	0.0000	0.0000	0.0000	0.0000	0.0012	0.0001	0.0038	0.0002	0.0002	0.0000	0.0018	0.0000	0.0040	16.9969	0.0000	0.0000	0.0040	3.0096	5.7722	5.7427	0.0000	0.0000	0.0000	0.0000	0.0000	0.0000	0.0000	0.0000	0.0000	0.0001	0.0000	0.0001	0.0000	0.0000	0.0000	0.0001	0.0000	0.0001	0.0001	0.0001	0.0000	0.0000	0.0000	0.0000	0.0001	0.0001	0.0000	0.0943	0.0653	0.0290	0.0341	0.0325	0.0016	0.0602	0.0328	0.0274	0.0000	0.0000	0.0000	0.0000	0.0000	0.0000	0.0000	0.0000	0.0000	0.0012	0.0001	0.0038	0.0002	0.0002	0.0000	0.0018	0.0000	0.0040			
16	80	0.2203	18	1	1	1	1	0	0	0	0	N	N	N	N	N	N	N	N	N	N	N	N	0.0000	0.0000	0.0000	0.0000	0.0000	0.0000	0.0000	0.0000	0.0000	0.0000	0.0000	0.0000	0.0000	0.0000	0.0000	0.0000	0.0000	0.0002	0.0004	0.0000	0.0008	0.0009	0.0000	0.0000	0.0000	0.0000	0.0138	0.0000	-0.0000	0.0040	1.0477	5.7722	6.1154	0.0000	0.0000	0.0000	0.0000	0.0000	0.0000	0.0000	0.0000	0.0000	0.0000	0.0000	0.0000	0.0000	0.0000	0.0000	0.0000	0.0000	0.0000	0.0000	0.0000	0.0000	0.0000	0.0000	0.0000	0.0000	0.0000	0.0000	0.0563	0.0358	0.0205	0.0163	0.0151	0.0012	0.0400	0.0207	0.0194	0.0000	0.0000	0.0000	0.0000	0.0000	0.0000	0.0000	0.0000	0.0000	0.0002	0.0004	0.0000	0.0008	0.0009	0.0000	0.0000	0.0000	0.0000		
16	81	0.2138	17	0	1	0	1	0	0	0	0	N	N	N	N	N	N	N	N	N	N	N	N	0.0000	0.0000	0.0000	0.0000	0.0000	0.0000	0.0000	0.0000	0.0000	0.0000	0.0000	0.0000	0.0000	0.0000	0.0000	0.0000	0.0000	0.0005	0.0008	0.0000	0.0021	0.0023	0.0000	0.0000	0.0000	0.0000	0.0251	0.0000	-0.0000	0.0040	1.9794	5.7722	1.0196	0.0000	0.0000	0.0000	0.0000	0.0000	0.0000	0.0000	0.0000	0.0000	0.0000	0.0000	0.0000	0.0000	0.0000	0.0000	0.0000	0.0000	0.0000	0.0001	0.0001	0.0000	0.0000	0.0000	0.0000	0.0001	0.0001	0.0000	0.0210	0.0129	0.0080	0.0050	0.0045	0.0004	0.0160	0.0084	0.0076	0.0000	0.0000	0.0000	0.0000	0.0000	0.0000	0.0000	0.0000	0.0000	0.0005	0.0008	0.0000	0.0021	0.0023	0.0000	0.0000	0.0000	0.0000		
16	82	0.2117	16	0	1	0	1	0	0	0	0	N	N	N	N	N	N	N	N	N	N	N	N	0.0000	0.0000	0.0000	0.0000	0.0000	0.0000	0.0000	0.0000	0.0000	0.0000	0.0000	0.0000	0.0000	0.0000	0.0000	0.0000	0.0000	0.0013	0.0000	0.0034	0.0000	0.0000	0.0000	0.0017	0.0000	0.0036	238.0927	0.0000	0.0000	0.0040	1.0114	5.7722	0.0202	0.0000	0.0000	0.0000	0.0000	0.0000	0.0000	0.0000	0.0000	0.0000	0.0000	0.0000	0.0000	0.0000	0.0000	0.0000	0.0000	0.0000	0.0000	0.0000	0.0000	0.0000	0.0000	0.0000	0.0000	0.0000	0.0000	0.0000	0.0076	0.0047	0.0029	0.0019	0.0017	0.0002	0.0058	0.0030	0.0028	0.0000	0.0000	0.0000	0.0000	0.0000	0.0000	0.0000	0.0000	0.0000	0.0013	0.0000	0.0034	0.0000	0.0000	0.0000	0.0017	0.0000	0.0036		
16	83	0.1911	15	0	1	0	1	0	0	0	0	N	N	N	N	N	N	N	N	N	N	N	N	0.0000	0.0000	0.0000	0.0000	0.0000	0.0000	0.0000	0.0000	0.0000	0.0000	0.0000	0.0000	0.0000	0.0000	0.0000	0.0000	0.0000	0.0014	0.0022	0.0000	0.0054	0.0058	0.0000	0.0000	0.0000	0.0000	0.0001	0.0000	-0.0001	0.0040	5.9223	5.7722	3.6882	0.0000	0.0000	0.0000	0.0000	0.0000	0.0000	0.0000	0.0000	0.0000	0.0001	0.0001	0.0000	0.0001	0.0001	0.0000	0.0000	0.0000	0.0000	0.0003	0.0002	0.0000	0.0001	0.0001	0.0000	0.0002	0.0002	0.0000	0.0715	0.0442	0.0273	0.0182	0.0168	0.0014	0.0533	0.0273	0.0260	0.0000	0.0000	0.0000	0.0000	0.0000	0.0000	0.0000	0.0000	0.0000	0.0014	0.0022	0.0000	0.0054	0.0058	0.0000	0.0000	0.0000	0.0000		
16	84	0.1782	13	0	2	0	1	0	0	0	0	N	Y	N	N	N	N	N	N	N	N	N	N	0.0000	0.0000	0.0000	0.0000	0.0000	0.0000	0.0000	0.0000	0.0000	0.0000	0.0000	0.0000	0.0000	0.0000	0.0000	0.0000	0.0000	0.0000	3.9596	0.0257	10.5874	0.0522	0.0591	0.0075	5.7598	0.0000	11.9411	244.2693	0.0000	0.4542	0.0040	7.1084	5.7722	28.8937	0.0000	0.0000	0.0000	0.0000	0.0000	0.0000	0.0000	0.0000	0.0000	1.0028	0.0041	0.9987	0.0042	0.0041	0.0001	0.9986	0.0000	0.9986	0.0003	0.0003	0.0000	0.0001	0.0001	0.0000	0.0002	0.0002	0.0000	0.2533	0.1589	0.0943	0.0799	0.0692	0.0107	0.1734	0.0897	0.0836	0.0000	0.0000	0.0000	0.0000	0.0000	0.0000	0.0000	0.0000	0.0000	3.9596	0.0257	10.5874	0.0522	0.0591	0.0075	5.7598	0.0000	11.9411	
16	85	0.1707	12	0	2	0	1	0	0	0	0	N	Y	N	N	N	N	N	N	N	N	N	N	0.0000	0.0000	0.0000	0.0000	0.0000	0.0000	0.0000	0.0000	0.0000	0.0000	0.0000	0.0000	0.0000	0.0000	0.0000	0.0000	0.0000	0.0000	0.7020	0.7146	0.6738	1.1635	1.2736	0.0000	0.3813	0.0544	0.7614	0.4202	0.0000	-0.0136	0.0040	2.2208	5.7722	3.9129	0.0000	0.0000	0.0000	0.0000	0.0000	0.0000	0.0000	0.0000	0.0000	0.0548	0.0386	0.0162	0.0373	0.0373	0.0000	0.0176	0.0013	0.0162	0.0001	0.0001	0.0000	0.0001	0.0001	0.0000	0.0001	0.0001	0.0000	0.0781	0.0540	0.0241	0.0320	0.0293	0.0028	0.0461	0.0248	0.0213	0.0000	0.0000	0.0000	0.0000	0.0000	0.0000	0.0000	0.0000	0.0000	0.7020	0.7146	0.6738	1.1635	1.2736	0.0000	0.3813	0.0544	0.7614	
16	86	0.2462	14	0	1	1	1	0	0	0	0	N	N	N	N	N	N	N	N	N	N	N	N	0.0000	0.0000	0.0000	0.0000	0.0000	0.0000	0.0000	0.0000	0.0000	0.0000	0.0000	0.0000	0.0000	0.0000	0.0000	0.0000	0.2880	0.4627	0.0001	0.8295	0.9532	0.0000	0.0001	0.0000	0.0001	0.0002	0.0000	-0.0139	0.0040	5.3425	5.7722	7.0749	0.0000	0.0000	0.0000	0.0000	0.0000	0.0000	0.0000	0.0000	0.0000	0.0256	0.0256	0.0000	0.0256	0.0256	0.0000	0.0000	0.0000	0.0000	0.0002	0.0002	0.0000	0.0001	0.0001	0.0000	0.0002	0.0001	0.0000	0.0890	0.0554	0.0336	0.0309	0.0269	0.0040	0.0581	0.0285	0.0296	0.0000	0.0000	0.0000	0.0000	0.0000	0.0000	0.0000	0.0000	0.0000	0.2880	0.4627	0.0001	0.8295	0.9532	0.0000	0.0001	0.0000	0.0001			
16	87	0.2030	13	0	1	0	1	0	0	0	0	N	N	N	N	N	N	N	N	N	N	N	N	0.0000	0.0000	0.0000	0.0000	0.0000	0.0000	0.0000	0.0000	0.0000	0.0000	0.0000	0.0000	0.0000	0.0000	0.0000	0.0000	0.0000	0.0000	0.2161	0.1286	0.3933	0.2155	0.2391	0.0002	0.2165	0.0035	0.4461	1.5097	0.0000	0.0025	0.0040	7.0719	5.7722	13.7350	0.0000	0.0000	0.0000	0.0000	0.0000	0.0000	0.0000	0.0000	0.0000	0.0426	0.0170	0.0256	0.0168	0.0168	0.0000	0.0258	0.0002	0.0256	0.0003	0.0003	0.0000	0.0001	0.0001	0.0000	0.0002	0.0002	0.0000	0.1971	0.1320	0.0651	0.0778	0.0701	0.0077	0.1193	0.0619	0.0574	0.0000	0.0000	0.0000	0.0000	0.0000	0.0000	0.0000	0.0000	0.0000	0.2161	0.1286	0.3933	0.2155	0.2391	0.0002	0.2165	0.0035	0.4461	
16	88	0.2463	21	1	1	1	1	0	0	0	0	N	N	N	N	N	N	N	N	N	N	N	N	0.0000	0.0000	0.0000	0.0000	0.0000	0.0000	0.0000	0.0000	0.0000	0.0000	0.0000	0.0000	0.0000	0.0000	0.0000	0.0000	0.0000	0.0000	0.0000	0.0000	0.0040	0.0000	5.7722	0.0000	0.0000	0.0000	0.0000	0.0000	0.0000	0.0000	0.0000	0.0000	0.0000	0.0000	0.0000	0.0000	0.0000	0.0000	0.0000	0.0000	0.0000	0.0000	0.0000	0.0000	0.0000	0.0000	0.0000	0.0000	0.0000	0.0000	0.0000	0.0000	0.0000	0.0000	0.0000	0.0000	0.0000	0.0000	0.0000	0.0000	0.0000	0.0000	0.0000	0.0000	0.0000	0.0000	0.0000	0.0000	0.0000	0.0000	0.0000	0.0000	0.0000	0.0000	0.0000	0.0000	0.0000	0.0000											
16	89	0.2443	20	1	1	1	1	0	0	0	0	N	N	N	N	N	N	N	N	N	N	N	N	0.0000	0.0000	0.0000	0.0000	0.0000	0.0000	0.0000	0.0000	0.0000	0.0000	0.0000	0.0000	0.0000	0.0000	0.0000	0.0000	0.0000	0.0000	0.0000	0.0000	0.0040	0.0001	5.7722	0.9161	0.0000	0.0000	0.0000	0.0000	0.0000	0.0000	0.0000	0.0000	0.0000	0.0000	0.0000	0.0000	0.0000	0.0000	0.0000	0.0000	0.0000	0.0000	0.0000	0.0000	0.0000	0.0000	0.0000	0.0000	0.0000	0.0000	0.0000	0.0112	0.0078	0.0035	0.0044	0.0042	0.0002	0.0068	0.0035	0.0033	0.0000	0.0000	0.0000	0.0000	0.0000	0.0000	0.0000	0.0000	0.0000	0.0000	0.0000	0.0000	0.0000	0.0000	0.0000	0.0000	0.0000	0.0000											
16	90	0.2195	19	1	1	1	1	0	0	0	0	N	N	N	N	N	N	N	N	N	N	N	N	0.0000	0.0000	0.0000	0.0000	0.0000	0.0000	0.0000	0.0000	0.0000	0.0000	0.0000	0.0000	0.0000	0.0000	0.0000	0.0000	0.0000	0.0000	0.0000	0.0000	0.0000	0.0000	0.0000	0.0000	0.0000	0.8077	0.0000	-0.0000	0.0040	3.7876	5.7722	7.8440	0.0000	0.0000	0.0000	0.0000	0.0000	0.0000	0.0000	0.0000	0.0000	0.0000	0.0000	0.0000	0.0000	0.0000	0.0000	0.0000	0.0000	0.0000	0.0002	0.0001	0.0000	0.0000	0.0000	0.0000	0.0001	0.0001	0.0000	0.0797	0.0512	0.0285	0.0247	0.0227	0.0020	0.0550	0.0285	0.0265	0.0000	0.0000	0.0000	0.0000	0.0000	0.0000	0.0000	0.0000	0.0000	0.0000	0.0000	0.0000	0.0000	0.0000	0.0000	0.0000	0.0000	0.0000			
16	91	0.1303	9	0	2	0	2	0	0	0	0	N	Y	N	Y	N	N	N	N	N	N	N	N	0.0000	0.0000	0.0000	0.0000	0.0000	0.0000	0.0000	0.0000	0.0000	0.0000	0.0000	0.0000	0.0000	0.0000	0.0000	0.0000	0.0000	0.0000	8.0487	13.1654	0.1982	0.0034	0.0037	0.0000	10.4966	20.5582	0.2063	0.0098	0.0000	-0.5373	0.0040	1.8247	5.7722	16.3284	0.0000	0.0000	0.0000	0.0000	0.0000	0.0000	0.0000	0.0000	0.0000	1.0077	0.9979	0.0098	0.0001	0.0001	0.0000	1.0076	0.9978	0.0098	0.0001	0.0001	0.0000	0.0000	0.0000	0.0000	0.0001	0.0000	0.0000	0.1252	0.0758	0.0494	0.0292	0.0273	0.0019	0.0960	0.0485	0.0475	0.0000	0.0000	0.0000	0.0000	0.0000	0.0000	0.0000	0.0000	0.0000	8.0487	13.1654	0.1982	0.0034	0.0037	0.0000	10.4966	20.5582	0.2063	
16	92	0.1408	10	0	2	0	1	0	0	0	0	N	Y	N	N	N	N	N	N	N	N	N	N	0.0000	0.0000	0.0000	0.0000	0.0000	0.0000	0.0000	0.0000	0.0000	0.0000	0.0000	0.0000	0.0000	0.0000	0.0000	0.0000	0.0001	0.0000	0.0003	0.0000	0.0000	0.0000	0.0002	0.0000	0.0003	232.9568	0.0000	0.0000	0.0040	9.1310	5.7722	16.1726	0.0000	0.0000	0.0000	0.0000	0.0000	0.0000	0.0000	0.0000	0.0000	0.0000	0.0000	0.0000	0.0000	0.0000	0.0000	0.0000	0.0000	0.0000	0.0004	0.0003	0.0000	0.0001	0.0001	0.0000	0.0003	0.0002	0.0000	0.1539	0.0937	0.0601	0.0358	0.0328	0.0030	0.1181	0.0609	0.0572	0.0000	0.0000	0.0000	0.0000	0.0000	0.0000	0.0000	0.0000	0.0000	0.0001	0.0000	0.0003	0.0000	0.0000	0.0000	0.0002	0.0000	0.0003			
16	93	0.0973	8	0	2	0	1	0	0	0	0	N	Y	N	N	N	N	N	N	N	N	N	N	0.0000	0.0000	0.0000	0.0000	0.0000	0.0000	0.0000	0.0000	0.0000	0.0000	0.0000	0.0000	0.0000	0.0000	0.0000	0.0000	0.0006	0.0009	0.0000	0.0019	0.0021	0.0000	0.0000	0.0000	0.0000	0.0001	0.0000	-0.0000	0.0040	4.0959	5.7722	8.7137	0.0000	0.0000	0.0000	0.0000	0.0000	0.0000	0.0000	0.0000	0.0000	0.0001	0.0001	0.0000	0.0001	0.0001	0.0000	0.0000	0.0000	0.0000	0.0002	0.0002	0.0000	0.0000	0.0000	0.0000	0.0001	0.0001	0.0000	0.1140	0.0717	0.0423	0.0346	0.0310	0.0035	0.0795	0.0407	0.0388	0.0000	0.0000	0.0000	0.0000	0.0000	0.0000	0.0000	0.0000	0.0000	0.0006	0.0009	0.0000	0.0019	0.0021	0.0000	0.0000	0.0000	0.0000			
16	94	0.0790	7	0	2	0	1	0	0	0	0	N	Y	N	N	N	N	N	N	N	N	N	N	0.0000	0.0000	0.0000	0.0000	0.0000	0.0000	0.0000	0.0000	0.0000	0.0000	0.0000	0.0000	0.0000	0.0000	0.0000	0.0000	0.0000	0.0018	0.0029	0.0000	0.0077	0.0083	0.0000	0.0000	0.0000	0.0000	0.0001	0.0000	-0.0001	0.0040	2.9443	5.7722	6.1524	0.0000	0.0000	0.0000	0.0000	0.0000	0.0000	0.0000	0.0000	0.0000	0.0001	0.0001	0.0000	0.0001	0.0001	0.0000	0.0000	0.0000	0.0000	0.0001	0.0001	0.0000	0.0000	0.0000	0.0000	0.0001	0.0001	0.0000	0.0715	0.0430	0.0285	0.0165	0.0153	0.0012	0.0550	0.0277	0.0273	0.0000	0.0000	0.0000	0.0000	0.0000	0.0000	0.0000	0.0000	0.0000	0.0018	0.0029	0.0000	0.0077	0.0083	0.0000	0.0000	0.0000	0.0000		
16	95	0.0766	6	0	1	0	1	0	0	0	0	N	N	N	N	N	N	N	N	N	N	N	N	0.0000	0.0000	0.0000	0.0000	0.0000	0.0000	0.0000	0.0000	0.0000	0.0000	0.0000	0.0000	0.0000	0.0000	0.0000	0.0000	0.0000	0.0000	0.0000	0.0000	0.0000	0.0000	0.0000	0.0000	0.0000	1.0814	0.0000	-0.0000	0.0040	0.8596	5.7722	1.2300	0.0000	0.0000	0.0000	0.0000	0.0000	0.0000	0.0000	0.0000	0.0000	0.0000	0.0000	0.0000	0.0000	0.0000	0.0000	0.0000	0.0000	0.0000	0.0000	0.0000	0.0000	0.0000	0.0000	0.0000	0.0000	0.0000	0.0000	0.0295	0.0195	0.0100	0.0098	0.0096	0.0002	0.0197	0.0099	0.0097	0.0000	0.0000	0.0000	0.0000	0.0000	0.0000	0.0000	0.0000	0.0000	0.0000	0.0000	0.0000	0.0000	0.0000	0.0000	0.0000	0.0000	0.0000			
16	98	0.2195	19	0	2	0	1	0	0	0	0	N	Y	N	N	N	N	N	N	N	N	N	N	0.0000	0.0000	0.0000	0.0000	0.0000	0.0000	0.0000	0.0000	0.0000	0.0000	0.0000	0.0000	0.0000	0.0000	0.0000	0.0000	0.0000	0.0000	0.0000	0.0000	0.0000	0.0000	0.0000	0.0000	0.0000	0.8077	0.0000	-0.0000	0.0040	1.3608	5.7722	12.1483	0.0000	0.0000	0.0000	0.0000	0.0000	0.0000	0.0000	0.0000	0.0000	0.0000	0.0000	0.0000	0.0000	0.0000	0.0000	0.0000	0.0000	0.0000	0.0001	0.0001	0.0000	0.0000	0.0000	0.0000	0.0000	0.0000	0.0000	0.0905	0.0580	0.0325	0.0278	0.0255	0.0023	0.0627	0.0325	0.0302	0.0000	0.0000	0.0000	0.0000	0.0000	0.0000	0.0000	0.0000	0.0000	0.0000	0.0000	0.0000	0.0000	0.0000	0.0000	0.0000	0.0000	0.0000			
16	99	0.2158	18	0	1	0	1	0	0	0	0	N	N	N	N	N	N	N	N	N	N	N	N	0.0000	0.0000	0.0000	0.0000	0.0000	0.0000	0.0000	0.0000	0.0000	0.0000	0.0000	0.0000	0.0000	0.0000	0.0000	0.0000	0.0000	0.0000	0.0000	0.0000	0.0000	0.0000	0.0000	0.0000	0.0000	1.3789	0.0000	0.0000	0.0040	1.5300	5.7722	0.7696	0.0000	0.0000	0.0000	0.0000	0.0000	0.0000	0.0000	0.0000	0.0000	0.0000	0.0000	0.0000	0.0000	0.0000	0.0000	0.0000	0.0000	0.0000	0.0001	0.0001	0.0000	0.0000	0.0000	0.0000	0.0000	0.0000	0.0000	0.0191	0.0126	0.0066	0.0065	0.0060	0.0004	0.0127	0.0065	0.0061	0.0000	0.0000	0.0000	0.0000	0.0000	0.0000	0.0000	0.0000	0.0000	0.0000	0.0000	0.0000	0.0000	0.0000	0.0000	0.0000	0.0000	0.0000			
16	100	0.2070	17	0	1	0	1	0	0	0	0	N	N	N	N	N	N	N	N	N	N	N	N	0.0000	0.0000	0.0000	0.0000	0.0000	0.0000	0.0000	0.0000	0.0000	0.0000	0.0000	0.0000	0.0000	0.0000	0.0000	0.0000	0.0000	0.0000	0.0000	0.0000	0.0000	0.0000	inf	0.0000	0.0000	0.0040	3.6906	5.7722	1.4800	0.0000	0.0000	0.0000	0.0000	0.0000	0.0000	0.0000	0.0000	0.0000	0.0000	0.0000	0.0000	0.0000	0.0000	0.0000	0.0000	0.0000	0.0000	0.0002	0.0001	0.0000	0.0000	0.0000	0.0000	0.0001	0.0001	0.0000	0.0368	0.0231	0.0137	0.0105	0.0095	0.0010	0.0263	0.0136	0.0127	0.0000	0.0000	0.0000	0.0000	0.0000	0.0000	0.0000	0.0000	0.0000	0.0000	0.0000	0.0000	0.0000	0.0000	0.0000	0.0000	0.0000	0.0000						
16	101	0.2070	16	0	1	0	1	0	0	0	0	N	N	N	N	N	N	N	N	N	N	N	N	0.0000	0.0000	0.0000	0.0000	0.0000	0.0000	0.0000	0.0000	0.0000	0.0000	0.0000	0.0000	0.0000	0.0000	0.0000	0.0000	0.0000	0.0000	0.0000	0.0000	0.0000	0.0000	0.0000	0.0000	0.0000	1.0000	0.0000	-0.0000	0.0040	0.1361	5.7722	0.4500	0.0000	0.0000	0.0000	0.0000	0.0000	0.0000	0.0000	0.0000	0.0000	0.0000	0.0000	0.0000	0.0000	0.0000	0.0000	0.0000	0.0000	0.0000	0.0000	0.0000	0.0000	0.0000	0.0000	0.0000	0.0000	0.0000	0.0000	0.0059	0.0039	0.0020	0.0022	0.0020	0.0002	0.0038	0.0019	0.0018	0.0000	0.0000	0.0000	0.0000	0.0000	0.0000	0.0000	0.0000	0.0000	0.0000	0.0000	0.0000	0.0000	0.0000	0.0000	0.0000	0.0000	0.0000			
16	102	0.1911	15	0	1	0	1	0	0	0	0	N	N	N	N	N	N	N	N	N	N	N	N	0.0000	0.0000	0.0000	0.0000	0.0000	0.0000	0.0000	0.0000	0.0000	0.0000	0.0000	0.0000	0.0000	0.0000	0.0000	0.0000	0.0000	0.0000	0.0001	0.0000	0.0000	0.0000	0.0000	0.0000	0.0001	218.7311	0.0000	0.0000	0.0040	3.5591	5.7722	4.5341	0.0000	0.0000	0.0000	0.0000	0.0000	0.0000	0.0000	0.0000	0.0000	0.0000	0.0000	0.0000	0.0000	0.0000	0.0000	0.0000	0.0000	0.0000	0.0002	0.0001	0.0000	0.0000	0.0000	0.0000	0.0001	0.0001	0.0000	0.0617	0.0382	0.0235	0.0160	0.0148	0.0012	0.0457	0.0233	0.0224	0.0000	0.0000	0.0000	0.0000	0.0000	0.0000	0.0000	0.0000	0.0000	0.0000	0.0000	0.0001	0.0000	0.0000	0.0000	0.0000	0.0000	0.0001			
16	103	0.1694	14	0	1	0	1	0	0	0	0	N	N	N	N	N	N	N	N	N	N	N	N	0.0000	0.0000	0.0000	0.0000	0.0000	0.0000	0.0000	0.0000	0.0000	0.0000	0.0000	0.0000	0.0000	0.0000	0.0000	0.0000	0.0000	0.0001	0.0000	0.0001	0.0001	0.0000	0.0000	0.0000	0.0000	0.0320	0.0000	-0.0000	0.0040	2.8937	5.7722	8.0733	0.0000	0.0000	0.0000	0.0000	0.0000	0.0000	0.0000	0.0000	0.0000	0.0000	0.0000	0.0000	0.0000	0.0000	0.0000	0.0000	0.0000	0.0000	0.0001	0.0001	0.0000	0.0000	0.0000	0.0000	0.0001	0.0001	0.0000	0.0817	0.0496	0.0321	0.0199	0.0184	0.0015	0.0618	0.0312	0.0306	0.0000	0.0000	0.0000	0.0000	0.0000	0.0000	0.0000	0.0000	0.0000	0.0000	0.0001	0.0000	0.0001	0.0001	0.0000	0.0000	0.0000	0.0000			
16	104	0.1642	10	0	2	0	1	0	0	0	0	N	Y	N	N	N	N	N	N	N	N	N	N	0.0000	0.0000	0.0000	0.0000	0.0000	0.0000	0.0000	0.0000	0.0000	0.0000	0.0000	0.0000	0.0000	0.0000	0.0000	0.0000	0.0000	0.0049	0.0065	0.0000	0.0118	0.0124	0.0000	0.0000	0.0000	0.0000	0.0002	0.0000	-0.0001	0.0040	0.0277	5.7722	1.3445	0.0000	0.0000	0.0000	0.0000	0.0000	0.0000	0.0000	0.0000	0.0000	0.0001	0.0001	0.0000	0.0001	0.0001	0.0000	0.0000	0.0000	0.0000	0.0000	0.0000	0.0000	0.0000	0.0000	0.0000	0.0000	0.0000	0.0000	0.0218	0.0164	0.0054	0.0090	0.0086	0.0005	0.0128	0.0079	0.0049	0.0000	0.0000	0.0000	0.0000	0.0000	0.0000	0.0000	0.0000	0.0000	0.0049	0.0065	0.0000	0.0118	0.0124	0.0000	0.0000	0.0000	0.0000		
16	105	0.1175	9	0	2	0	1	0	0	0	0	N	Y	N	N	N	N	N	N	N	N	N	N	0.0000	0.0000	0.0000	0.0000	0.0000	0.0000	0.0000	0.0000	0.0000	0.0000	0.0000	0.0000	0.0000	0.0000	0.0000	0.0000	0.0000	0.0000	0.0063	0.0097	0.0008	0.0252	0.0269	0.0000	0.0012	0.0015	0.0008	0.0494	0.0000	-0.0004	0.0040	5.1414	5.7722	16.4151	0.0000	0.0000	0.0000	0.0000	0.0000	0.0000	0.0000	0.0000	0.0000	0.0009	0.0008	0.0000	0.0007	0.0007	0.0000	0.0001	0.0001	0.0000	0.0002	0.0002	0.0000	0.0001	0.0001	0.0000	0.0002	0.0001	0.0000	0.1370	0.0841	0.0529	0.0290	0.0271	0.0019	0.1080	0.0570	0.0510	0.0000	0.0000	0.0000	0.0000	0.0000	0.0000	0.0000	0.0000	0.0000	0.0063	0.0097	0.0008	0.0252	0.0269	0.0000	0.0012	0.0015	0.0008	
16	106	0.1093	8	0	1	0	1	0	0	0	0	N	N	N	N	N	N	N	N	N	N	N	N	0.0000	0.0000	0.0000	0.0000	0.0000	0.0000	0.0000	0.0000	0.0000	0.0000	0.0000	0.0000	0.0000	0.0000	0.0000	0.0000	0.0000	0.0000	0.1417	0.2008	0.0389	0.4662	0.4831	0.0000	0.0195	0.0000	0.0399	0.1111	0.0000	-0.0033	0.0040	3.8974	5.7722	1.6364	0.0000	0.0000	0.0000	0.0000	0.0000	0.0000	0.0000	0.0000	0.0000	0.0073	0.0066	0.0007	0.0066	0.0066	0.0000	0.0007	0.0000	0.0007	0.0002	0.0001	0.0000	0.0000	0.0000	0.0000	0.0001	0.0001	0.0000	0.0518	0.0329	0.0189	0.0142	0.0137	0.0005	0.0376	0.0192	0.0184	0.0000	0.0000	0.0000	0.0000	0.0000	0.0000	0.0000	0.0000	0.0000	0.1417	0.2008	0.0389	0.4662	0.4831	0.0000	0.0195	0.0000	0.0399	
16	109	0.1997	15	1	2	0	2	0	0	0	0	N	Y	N	Y	N	N	N	N	N	N	N	N	0.0000	0.0000	0.0000	0.0000	0.0000	0.0000	0.0000	0.0000	0.0000	0.0000	0.0000	0.0000	0.0000	0.0000	0.0000	0.0000	0.0000	0.0000	0.0000	0.0000	0.0040	0.0000	5.7722	0.0000	0.0000	0.0000	0.0000	0.0000	0.0000	0.0000	0.0000	0.0000	0.0000	0.0000	0.0000	0.0000	0.0000	0.0000	0.0000	0.0000	0.0000	0.0000	0.0000	0.0000	0.0000	0.0000	0.0000	0.0000	0.0000	0.0000	0.0000	0.0000	0.0000	0.0000	0.0000	0.0000	0.0000	0.0000	0.0000	0.0000	0.0000	0.0000	0.0000	0.0000	0.0000	0.0000	0.0000	0.0000	0.0000	0.0000	0.0000	0.0000	0.0000	0.0000	0.0000	0.0000	0.0000	0.0000											
16	110	0.1848	14	1	2	0	2	0	0	0	0	N	Y	N	Y	N	N	N	N	N	N	N	N	0.0000	0.0000	0.0000	0.0000	0.0000	0.0000	0.0000	0.0000	0.0000	0.0000	0.0000	0.0000	0.0000	0.0000	0.0000	0.0000	0.0000	0.0000	0.0000	0.0000	0.0040	0.0000	5.7722	7.1240	0.0000	0.0000	0.0000	0.0000	0.0000	0.0000	0.0000	0.0000	0.0000	0.0000	0.0000	0.0000	0.0000	0.0000	0.0000	0.0000	0.0000	0.0000	0.0000	0.0000	0.0000	0.0000	0.0000	0.0000	0.0000	0.0000	0.0000	0.0520	0.0321	0.0199	0.0143	0.0128	0.0015	0.0377	0.0193	0.0184	0.0000	0.0000	0.0000	0.0000	0.0000	0.0000	0.0000	0.0000	0.0000	0.0000	0.0000	0.0000	0.0000	0.0000	0.0000	0.0000	0.0000	0.0000											
16	111	0.1937	16	0	2	0	2	0	0	0	0	N	Y	N	Y	N	N	N	N	N	N	N	N	0.0000	0.0000	0.0000	0.0000	0.0000	0.0000	0.0000	0.0000	0.0000	0.0000	0.0000	0.0000	0.0000	0.0000	0.0000	21.4275	0.0000	126.9163	0.0175	0.0000	0.1260	30.9888	0.0000	128.8867	inf	0.0000	0.3504	0.0040	0.0016	5.7722	5.0076	0.0000	0.0000	0.0000	0.0000	0.0000	0.0000	0.0000	0.0000	0.0000	0.7667	0.0000	0.7667	0.0002	0.0000	0.0002	0.7665	0.0000	0.7665	0.0000	0.0000	0.0000	0.0000	0.0000	0.0000	0.0000	0.0000	0.0000	0.0358	0.0223	0.0134	0.0110	0.0095	0.0015	0.0247	0.0128	0.0119	0.0000	0.0000	0.0000	0.0000	0.0000	0.0000	0.0000	0.0000	0.0000	21.4275	0.0000	57.0258	0.0175	0.0000	0.1260	30.9888	0.0000	64.3386				
16	112	0.1869	15	0	2	0	2	0	0	0	0	N	Y	N	Y	N	N	N	N	N	N	N	N	0.0000	0.0000	0.0000	0.0000	0.0000	0.0000	0.0000	0.0000	0.0000	0.0000	0.0000	0.0000	0.0000	0.0000	0.0000	0.0000	0.0000	0.0000	0.0131	0.0015	0.0321	0.0000	0.0000	0.0001	0.0190	0.0027	0.0352	13.3333	0.0000	0.0001	0.0040	1.0012	5.7722	2.1373	0.0000	0.0000	0.0000	0.0000	0.0000	0.0000	0.0000	0.0000	0.0000	0.0003	0.0000	0.0003	0.0000	0.0000	0.0000	0.0003	0.0000	0.0003	0.0000	0.0000	0.0000	0.0000	0.0000	0.0000	0.0000	0.0000	0.0000	0.0252	0.0156	0.0095	0.0078	0.0070	0.0008	0.0173	0.0086	0.0087	0.0000	0.0000	0.0000	0.0000	0.0000	0.0000	0.0000	0.0000	0.0000	0.0131	0.0015	0.0321	0.0000	0.0000	0.0001	0.0190	0.0027	0.0352	
16	113	0.1952	15	0	2	0	1	0	0	0	0	N	Y	N	N	N	N	N	N	N	N	N	N	0.0000	0.0000	0.0000	0.0000	0.0000	0.0000	0.0000	0.0000	0.0000	0.0000	0.0000	0.0000	0.0000	0.0000	0.0000	0.0000	0.0000	0.0000	0.0000	0.0000	0.0040	0.9705	5.7722	5.0371	0.0000	0.0000	0.0000	0.0000	0.0000	0.0000	0.0000	0.0000	0.0000	0.0000	0.0000	0.0000	0.0000	0.0000	0.0000	0.0000	0.0000	0.0000	0.0000	0.0000	0.0000	0.0000	0.0000	0.0000	0.0000	0.0000	0.0000	0.0433	0.0271	0.0162	0.0121	0.0108	0.0013	0.0311	0.0163	0.0149	0.0000	0.0000	0.0000	0.0000	0.0000	0.0000	0.0000	0.0000	0.0000	0.0000	0.0000	0.0000	0.0000	0.0000	0.0000	0.0000	0.0000	0.0000											
16	114	0.1869	15	0	1	1	2	0	0	0	0	N	N	N	Y	N	N	N	N	N	N	N	N	0.0000	0.0000	0.0000	0.0000	0.0000	0.0000	0.0000	0.0000	0.0000	0.0000	0.0000	0.0000	0.0000	0.0000	0.0000	0.0000	0.0000	0.0000	0.0000	0.0000	0.0040	0.0000	5.7722	1.1303	0.0000	0.0000	0.0000	0.0000	0.0000	0.0000	0.0000	0.0000	0.0000	0.0000	0.0000	0.0000	0.0000	0.0000	0.0000	0.0000	0.0000	0.0000	0.0000	0.0000	0.0000	0.0000	0.0000	0.0000	0.0000	0.0000	0.0000	0.0112	0.0070	0.0042	0.0039	0.0036	0.0003	0.0073	0.0034	0.0039	0.0000	0.0000	0.0000	0.0000	0.0000	0.0000	0.0000	0.0000	0.0000	0.0000	0.0000	0.0000	0.0000	0.0000	0.0000	0.0000	0.0000	0.0000											
16	115	0.1848	14	0	1	0	2	0	0	0	0	N	N	N	Y	N	N	N	N	N	N	N	N	0.0000	0.0000	0.0000	0.0000	0.0000	0.0000	0.0000	0.0000	0.0000	0.0000	0.0000	0.0000	0.0000	0.0000	0.0000	0.0000	0.0000	0.0000	0.0000	0.0000	0.0040	0.0000	5.7722	1.2340	0.0000	0.0000	0.0000	0.0000	0.0000	0.0000	0.0000	0.0000	0.0000	0.0000	0.0000	0.0000	0.0000	0.0000	0.0000	0.0000	0.0000	0.0000	0.0000	0.0000	0.0000	0.0000	0.0000	0.0000	0.0000	0.0000	0.0000	0.0120	0.0075	0.0045	0.0040	0.0037	0.0003	0.0081	0.0038	0.0043	0.0000	0.0000	0.0000	0.0000	0.0000	0.0000	0.0000	0.0000	0.0000	0.0000	0.0000	0.0000	0.0000	0.0000	0.0000	0.0000	0.0000	0.0000											
16	116	0.1923	15	0	1	1	2	0	0	0	0	N	N	N	Y	N	N	N	N	N	N	N	N	0.0000	0.0000	0.0000	0.0000	0.0000	0.0000	0.0000	0.0000	0.0000	0.0000	0.0000	0.0000	0.0000	0.0000	0.0001	0.0000	0.0001	0.0001	0.0000	0.0000	0.0000	0.0000	0.0000	0.0000	-0.0000	0.0040	0.9725	5.7722	0.9874	0.0000	0.0000	0.0000	0.0000	0.0000	0.0000	0.0000	0.0000	0.0000	0.0000	0.0000	0.0000	0.0000	0.0000	0.0000	0.0000	0.0000	0.0000	0.0000	0.0000	0.0000	0.0000	0.0000	0.0000	0.0000	0.0000	0.0000	0.0145	0.0093	0.0052	0.0043	0.0038	0.0005	0.0102	0.0055	0.0048	0.0000	0.0000	0.0000	0.0000	0.0000	0.0000	0.0000	0.0000	0.0000	0.0000	0.0001	0.0000	0.0001	0.0001	0.0000	0.0000	0.0000	0.0000						
16	117	0.1923	15	0	1	1	2	0	0	0	0	N	N	N	Y	N	N	N	N	N	N	N	N	0.0000	0.0000	0.0000	0.0000	0.0000	0.0000	0.0000	0.0000	0.0000	0.0000	0.0000	0.0000	0.0000	0.0118	0.0000	0.0321	0.0000	0.0000	0.0000	0.0166	0.0000	0.0353	inf	0.0000	0.0002	0.0040	0.0285	5.7722	4.0215	0.0000	0.0000	0.0000	0.0000	0.0000	0.0000	0.0000	0.0000	0.0000	0.0003	0.0000	0.0003	0.0000	0.0000	0.0000	0.0003	0.0000	0.0003	0.0000	0.0000	0.0000	0.0000	0.0000	0.0000	0.0000	0.0000	0.0000	0.0288	0.0182	0.0106	0.0083	0.0073	0.0009	0.0205	0.0109	0.0096	0.0000	0.0000	0.0000	0.0000	0.0000	0.0000	0.0000	0.0000	0.0000	0.0118	0.0000	0.0321	0.0000	0.0000	0.0000	0.0166	0.0000	0.0353						
16	118	0.1848	14	0	1	1	2	0	0	0	0	N	N	N	Y	N	N	N	N	N	N	N	N	0.0000	0.0000	0.0000	0.0000	0.0000	0.0000	0.0000	0.0000	0.0000	0.0000	0.0000	0.0000	0.0000	0.0000	0.0000	0.0000	0.0000	0.0000	0.0000	0.0000	0.0000	0.0000	inf	0.0000	0.0000	0.0040	3.0275	5.7722	2.1573	0.0000	0.0000	0.0000	0.0000	0.0000	0.0000	0.0000	0.0000	0.0000	0.0000	0.0000	0.0000	0.0000	0.0000	0.0000	0.0000	0.0000	0.0000	0.0001	0.0001	0.0000	0.0000	0.0000	0.0000	0.0001	0.0001	0.0000	0.0390	0.0241	0.0149	0.0110	0.0099	0.0011	0.0281	0.0142	0.0138	0.0000	0.0000	0.0000	0.0000	0.0000	0.0000	0.0000	0.0000	0.0000	0.0000	0.0000	0.0000	0.0000	0.0000	0.0000	0.0000	0.0000	0.0000						
16	119	0.2260	14	1	2	0	1	0	0	0	0	N	Y	N	N	N	N	N	N	N	N	N	N	0.0000	0.0000	0.0000	0.0000	0.0000	0.0000	0.0000	0.0000	0.0000	0.0000	0.0000	0.0000	0.0000	0.0000	0.0000	0.0000	0.0000	0.0000	0.0000	0.0000	0.0000	0.0000	0.0000	0.0000	0.0000	0.1000	0.0000	-0.0000	0.0040	2.1883	5.7722	3.1271	0.0000	0.0000	0.0000	0.0000	0.0000	0.0000	0.0000	0.0000	0.0000	0.0000	0.0000	0.0000	0.0000	0.0000	0.0000	0.0000	0.0000	0.0000	0.0001	0.0001	0.0000	0.0000	0.0000	0.0000	0.0001	0.0001	0.0000	0.0396	0.0254	0.0142	0.0128	0.0119	0.0009	0.0268	0.0136	0.0132	0.0000	0.0000	0.0000	0.0000	0.0000	0.0000	0.0000	0.0000	0.0000	0.0000	0.0000	0.0000	0.0000	0.0000	0.0000	0.0000	0.0000	0.0000			
16	120	0.1591	13	1	2	0	1	0	0	0	0	N	Y	N	N	N	N	N	N	N	N	N	N	0.0000	0.0000	0.0000	0.0000	0.0000	0.0000	0.0000	0.0000	0.0000	0.0000	0.0000	0.0000	0.0000	0.0000	0.0000	0.0000	0.0003	0.0004	0.0000	0.0012	0.0013	0.0000	0.0000	0.0000	0.0000	0.0001	0.0000	-0.0000	0.0040	13.6104	5.7722	16.0982	0.0000	0.0000	0.0000	0.0000	0.0000	0.0000	0.0000	0.0000	0.0000	0.0000	0.0000	0.0000	0.0000	0.0000	0.0000	0.0000	0.0000	0.0000	0.0006	0.0005	0.0001	0.0002	0.0001	0.0000	0.0004	0.0004	0.0001	0.1918	0.1169	0.0748	0.0429	0.0396	0.0033	0.1489	0.0774	0.0715	0.0000	0.0000	0.0000	0.0000	0.0000	0.0000	0.0000	0.0000	0.0000	0.0003	0.0004	0.0000	0.0012	0.0013	0.0000	0.0000	0.0000	0.0000			
16	121	0.1843	15	0	2	0	1	0	0	0	0	N	Y	N	N	N	N	N	N	N	N	N	N	0.0000	0.0000	0.0000	0.0000	0.0000	0.0000	0.0000	0.0000	0.0000	0.0000	0.0000	0.0000	0.0000	0.0000	0.0000	0.0000	0.0000	0.0051	0.0002	0.0138	0.0004	0.0004	0.0005	0.0084	0.0000	0.0161	34.3875	0.0000	0.0002	0.0040	0.3548	5.7722	4.6068	0.0000	0.0000	0.0000	0.0000	0.0000	0.0000	0.0000	0.0000	0.0000	0.0004	0.0000	0.0004	0.0000	0.0000	0.0000	0.0004	0.0000	0.0004	0.0000	0.0000	0.0000	0.0000	0.0000	0.0000	0.0000	0.0000	0.0000	0.0721	0.0463	0.0258	0.0298	0.0260	0.0038	0.0423	0.0203	0.0220	0.0000	0.0000	0.0000	0.0000	0.0000	0.0000	0.0000	0.0000	0.0000	0.0051	0.0002	0.0138	0.0004	0.0004	0.0005	0.0084	0.0000	0.0161		
16	122	0.1694	14	0	2	0	1	0	0	0	0	N	Y	N	N	N	N	N	N	N	N	N	N	0.0000	0.0000	0.0000	0.0000	0.0000	0.0000	0.0000	0.0000	0.0000	0.0000	0.0000	0.0000	0.0000	0.0000	0.0000	0.0000	0.0000	0.0000	0.0089	0.0018	0.0198	0.0041	0.0044	0.0000	0.0105	0.0001	0.0208	7.2399	0.0000	0.0002	0.0040	1.6911	5.7722	5.7022	0.0000	0.0000	0.0000	0.0000	0.0000	0.0000	0.0000	0.0000	0.0000	0.0005	0.0001	0.0005	0.0001	0.0001	0.0000	0.0005	0.0000	0.0005	0.0001	0.0001	0.0000	0.0000	0.0000	0.0000	0.0001	0.0000	0.0000	0.0582	0.0353	0.0229	0.0149	0.0138	0.0011	0.0433	0.0215	0.0218	0.0000	0.0000	0.0000	0.0000	0.0000	0.0000	0.0000	0.0000	0.0000	0.0089	0.0018	0.0198	0.0041	0.0044	0.0000	0.0105	0.0001	0.0208	
16	123	0.1591	13	0	1	0	1	0	0	0	0	N	N	N	N	N	N	N	N	N	N	N	N	0.0000	0.0000	0.0000	0.0000	0.0000	0.0000	0.0000	0.0000	0.0000	0.0000	0.0000	0.0000	0.0000	0.0000	0.0000	0.0000	0.0000	0.0000	0.0000	0.0001	0.0001	0.0001	0.0000	0.0000	0.0000	0.0001	1.2713	0.0000	0.0000	0.0040	2.0929	5.7722	3.1856	0.0000	0.0000	0.0000	0.0000	0.0000	0.0000	0.0000	0.0000	0.0000	0.0000	0.0000	0.0000	0.0000	0.0000	0.0000	0.0000	0.0000	0.0000	0.0001	0.0001	0.0000	0.0000	0.0000	0.0000	0.0001	0.0001	0.0000	0.0433	0.0262	0.0171	0.0113	0.0107	0.0006	0.0319	0.0155	0.0164	0.0000	0.0000	0.0000	0.0000	0.0000	0.0000	0.0000	0.0000	0.0000	0.0000	0.0000	0.0001	0.0001	0.0001	0.0000	0.0000	0.0000	0.0001		
16	124	0.1998	16	1	2	0	1	0	0	0	0	N	Y	N	N	N	N	N	N	N	N	N	N	0.0000	0.0000	0.0000	0.0000	0.0000	0.0000	0.0000	0.0000	0.0000	0.0000	0.0000	0.0000	0.0000	0.0000	0.0000	0.0000	0.0000	0.0000	0.0000	0.0000	0.0040	0.0000	5.7722	0.0000	0.0000	0.0000	0.0000	0.0000	0.0000	0.0000	0.0000	0.0000	0.0000	0.0000	0.0000	0.0000	0.0000	0.0000	0.0000	0.0000	0.0000	0.0000	0.0000	0.0000	0.0000	0.0000	0.0000	0.0000	0.0000	0.0000	0.0000	0.0000	0.0000	0.0000	0.0000	0.0000	0.0000	0.0000	0.0000	0.0000	0.0000	0.0000	0.0000	0.0000	0.0000	0.0000	0.0000	0.0000	0.0000	0.0000	0.0000	0.0000	0.0000	0.0000	0.0000	0.0000	0.0000	0.0000											
16	125	0.1952	15	1	2	0	1	0	0	0	0	N	Y	N	N	N	N	N	N	N	N	N	N	0.0000	0.0000	0.0000	0.0000	0.0000	0.0000	0.0000	0.0000	0.0000	0.0000	0.0000	0.0000	0.0000	0.0000	0.0000	0.0000	0.0000	0.0000	0.0000	0.0000	0.0040	0.1434	5.7722	1.9839	0.0000	0.0000	0.0000	0.0000	0.0000	0.0000	0.0000	0.0000	0.0000	0.0000	0.0000	0.0000	0.0000	0.0000	0.0000	0.0000	0.0000	0.0000	0.0000	0.0000	0.0000	0.0000	0.0000	0.0000	0.0000	0.0000	0.0000	0.0169	0.0108	0.0062	0.0051	0.0046	0.0005	0.0119	0.0062	0.0057	0.0000	0.0000	0.0000	0.0000	0.0000	0.0000	0.0000	0.0000	0.0000	0.0000	0.0000	0.0000	0.0000	0.0000	0.0000	0.0000	0.0000	0.0000											
16	126	0.1848	14	0	2	0	1	0	0	0	0	N	Y	N	N	N	N	N	N	N	N	N	N	0.0000	0.0000	0.0000	0.0000	0.0000	0.0000	0.0000	0.0000	0.0000	0.0000	0.0000	0.0000	0.0000	0.0000	0.0000	0.0000	0.0000	0.0000	0.0000	-0.0000	0.0040	1.8882	5.7722	2.9115	0.0000	0.0000	0.0000	0.0000	0.0000	0.0000	0.0000	0.0000	0.0000	0.0000	0.0000	0.0000	0.0000	0.0000	0.0000	0.0000	0.0000	0.0000	0.0001	0.0001	0.0000	0.0000	0.0000	0.0000	0.0001	0.0000	0.0000	0.0365	0.0225	0.0139	0.0103	0.0093	0.0010	0.0262	0.0132	0.0129	0.0000	0.0000	0.0000	0.0000	0.0000	0.0000	0.0000	0.0000	0.0000	0.0000	0.0000	0.0000	0.0000	0.0000	0.0000	0.0000	0.0000	0.0000											
16	127	0.1591	13	0	1	0	1	0	0	0	0	N	N	N	N	N	N	N	N	N	N	N	N	0.0000	0.0000	0.0000	0.0000	0.0000	0.0000	0.0000	0.0000	0.0000	0.0000	0.0000	0.0000	0.0000	0.0000	0.0000	0.0000	0.0000	0.0000	0.0000	0.0000	0.0000	0.0000	0.0000	0.0013	0.0000	-0.0000	0.0040	3.5543	5.7722	9.0319	0.0000	0.0000	0.0000	0.0000	0.0000	0.0000	0.0000	0.0000	0.0000	0.0000	0.0000	0.0000	0.0000	0.0000	0.0000	0.0000	0.0000	0.0000	0.0002	0.0002	0.0000	0.0001	0.0001	0.0000	0.0001	0.0001	0.0000	0.0909	0.0553	0.0356	0.0216	0.0201	0.0015	0.0693	0.0352	0.0341	0.0000	0.0000	0.0000	0.0000	0.0000	0.0000	0.0000	0.0000	0.0000	0.0000	0.0000	0.0000	0.0000	0.0000	0.0000	0.0000	0.0000	0.0000					
16	128	0.1554	12	0	1	0	1	0	0	0	0	N	N	N	N	N	N	N	N	N	N	N	N	0.0000	0.0000	0.0000	0.0000	0.0000	0.0000	0.0000	0.0000	0.0000	0.0000	0.0000	0.0000	0.0000	0.0000	0.0000	0.0000	0.0001	0.0001	0.0000	0.0002	0.0002	0.0000	0.0000	0.0000	0.0000	0.2186	0.0000	-0.0000	0.0040	2.6246	5.7722	0.7212	0.0000	0.0000	0.0000	0.0000	0.0000	0.0000	0.0000	0.0000	0.0000	0.0000	0.0000	0.0000	0.0000	0.0000	0.0000	0.0000	0.0000	0.0000	0.0001	0.0001	0.0000	0.0001	0.0000	0.0000	0.0001	0.0001	0.0000	0.0366	0.0225	0.0142	0.0123	0.0118	0.0004	0.0244	0.0106	0.0138	0.0000	0.0000	0.0000	0.0000	0.0000	0.0000	0.0000	0.0000	0.0000	0.0001	0.0001	0.0000	0.0002	0.0002	0.0000	0.0000	0.0000	0.0000			
16	129	0.1496	11	0	1	0	1	0	0	0	0	N	N	N	N	N	N	N	N	N	N	N	N	0.0000	0.0000	0.0000	0.0000	0.0000	0.0000	0.0000	0.0000	0.0000	0.0000	0.0000	0.0000	0.0000	0.0000	0.0000	0.0000	0.0000	0.0000	0.0000	0.0000	0.0000	0.0000	0.0000	0.0000	0.0000	0.0000	9.2070	0.0000	0.0000	0.0040	3.3474	5.7722	1.3769	0.0000	0.0000	0.0000	0.0000	0.0000	0.0000	0.0000	0.0000	0.0000	0.0000	0.0000	0.0000	0.0000	0.0000	0.0000	0.0000	0.0000	0.0000	0.0002	0.0001	0.0000	0.0001	0.0001	0.0000	0.0001	0.0001	0.0000	0.0365	0.0234	0.0131	0.0095	0.0090	0.0006	0.0270	0.0144	0.0126	0.0000	0.0000	0.0000	0.0000	0.0000	0.0000	0.0000	0.0000	0.0000	0.0000	0.0000	0.0000	0.0000	0.0000	0.0000	0.0000	0.0000	0.0000		
16	130	0.1408	10	0	1	0	1	0	0	0	0	N	N	N	N	N	N	N	N	N	N	N	N	0.0000	0.0000	0.0000	0.0000	0.0000	0.0000	0.0000	0.0000	0.0000	0.0000	0.0000	0.0000	0.0000	0.0000	0.0000	0.0000	0.0000	0.0015	0.0000	0.0038	0.0000	0.0000	0.0000	0.0020	0.0000	0.0040	9900.6607	0.0000	0.0000	0.0040	0.4686	5.7722	4.0374	0.0000	0.0000	0.0000	0.0000	0.0000	0.0000	0.0000	0.0000	0.0000	0.0000	0.0000	0.0000	0.0000	0.0000	0.0000	0.0000	0.0000	0.0000	0.0000	0.0000	0.0000	0.0000	0.0000	0.0000	0.0000	0.0000	0.0000	0.0337	0.0208	0.0129	0.0090	0.0084	0.0006	0.0248	0.0124	0.0124	0.0000	0.0000	0.0000	0.0000	0.0000	0.0000	0.0000	0.0000	0.0000	0.0015	0.0000	0.0038	0.0000	0.0000	0.0000	0.0020	0.0000	0.0040		
17	18	0.1405	12	0	2	0	1	0	0	0	0	N	Y	N	N	N	N	N	N	N	N	N	N	0.0000	0.0000	0.0000	0.0000	0.0000	0.0000	0.0000	0.0000	0.0000	0.0000	0.0000	0.0000	0.0000	0.0000	0.0000	0.0000	0.0000	0.0000	0.0728	0.0000	0.1883	0.0018	0.0000	0.0132	0.0968	0.0000	0.2051	3534.5728	0.0000	0.0007	1.0133	0.9988	7.9669	1.0036	0.0000	0.0000	0.0000	0.0000	0.0000	0.0000	0.0000	0.0000	0.0000	0.0016	0.0000	0.0016	0.0000	0.0000	0.0000	0.0016	0.0000	0.0016	0.0069	0.0060	0.0009	0.0011	0.0011	0.0001	0.0058	0.0050	0.0008	0.0223	0.0136	0.0086	0.0056	0.0049	0.0008	0.0166	0.0088	0.0078	0.0000	0.0000	0.0000	0.0000	0.0000	0.0000	0.0000	0.0000	0.0000	0.0728	0.0000	0.1883	0.0018	0.0000	0.0132	0.0968	0.0000	0.2051	
17	19	0.1416	12	1	2	0	0	0	0	0	0	N	Y	N	N	N	N	N	N	N	N	N	N	0.0000	0.0000	0.0000	0.0000	0.0000	0.0000	0.0000	0.0000	0.0000	0.0000	0.0000	0.0000	0.0000	0.0000	0.0000	0.0000	0.0000	0.0000	0.2292	0.3507	0.0324	1.1728	1.2340	0.8504	0.0013	0.0000	0.0030	0.0571	0.0000	-0.0067	1.0133	0.0025	7.9669	5.0336	0.0000	0.0000	0.0000	0.0000	0.0000	0.0000	0.0000	0.0000	0.0000	0.0136	0.0129	0.0007	0.0136	0.0129	0.0007	0.0001	0.0000	0.0001	0.0001	0.0001	0.0000	0.0000	0.0000	0.0000	0.0000	0.0000	0.0000	0.0595	0.0368	0.0227	0.0116	0.0105	0.0011	0.0480	0.0264	0.0216	0.0000	0.0000	0.0000	0.0000	0.0000	0.0000	0.0000	0.0000	0.0000	0.2292	0.3507	0.0324	1.1728	1.2340	0.6004	0.0013	0.0000	0.0030	
17	20	0.1104	9	0	2	0	0	0	0	0	0	N	Y	N	N	N	N	N	N	N	N	N	N	0.0000	0.0000	0.0000	0.0000	0.0000	0.0000	0.0000	0.0000	0.0000	0.0000	0.0000	0.0000	0.0000	0.0000	0.0000	0.0000	0.0000	0.0000	10.4187	15.2193	0.0000	0.0294	0.0306	0.0007	15.4084	27.8867	0.0000	0.0000	0.0000	-0.5355	1.0133	1.9984	7.9669	3.0609	0.0000	0.0000	0.0000	0.0000	0.0000	0.0000	0.0000	0.0000	0.0000	0.9862	0.9862	0.0000	0.0009	0.0009	0.0000	0.9853	0.9853	0.0000	0.0198	0.0176	0.0023	0.0050	0.0049	0.0001	0.0148	0.0127	0.0021	0.0947	0.0648	0.0299	0.0307	0.0295	0.0012	0.0639	0.0353	0.0286	0.0000	0.0000	0.0000	0.0000	0.0000	0.0000	0.0000	0.0000	0.0000	10.4187	15.2193	0.0000	0.0294	0.0306	0.0007	15.4084	27.8867	0.0000	
17	21	0.2457	20	0	1	0	1	0	0	0	0	N	N	N	N	N	N	N	N	N	N	N	N	0.0000	0.0000	0.0000	0.0000	0.0000	0.0000	0.0000	0.0000	0.0000	0.0000	0.0000	0.0000	0.0000	0.0000	0.0000	0.0000	0.0000	0.0000	0.0017	0.0010	0.0027	0.0021	0.0023	0.0002	0.0014	0.0000	0.0029	1.5599	0.0000	0.0000	1.0133	2.0028	7.9669	2.2704	0.0000	0.0000	0.0000	0.0000	0.0000	0.0000	0.0000	0.0000	0.0000	0.0001	0.0000	0.0000	0.0000	0.0000	0.0000	0.0000	0.0000	0.0000	0.0138	0.0121	0.0018	0.0024	0.0022	0.0001	0.0115	0.0098	0.0016	0.0463	0.0290	0.0173	0.0140	0.0129	0.0011	0.0323	0.0161	0.0162	0.0000	0.0000	0.0000	0.0000	0.0000	0.0000	0.0000	0.0000	0.0000	0.0017	0.0010	0.0027	0.0021	0.0023	0.0002	0.0014	0.0000	0.0029	
17	22	0.0795	7	1	1	1	0	0	0	0	0	N	N	N	N	N	N	N	N	N	N	N	N	0.0000	0.0000	0.0000	0.0000	0.0000	0.0000	0.0000	0.0000	0.0000	0.0000	0.0000	0.0000	0.0000	0.0005	0.0008	0.0000	0.0042	0.0046	0.0000	0.0000	0.0000	0.0000	0.0000	0.0000	-0.0000	1.0133	0.0000	7.9669	2.0000	0.0000	0.0000	0.0000	0.0000	0.0000	0.0000	0.0000	0.0000	0.0000	0.0000	0.0000	0.0000	0.0000	0.0000	0.0000	0.0000	0.0000	0.0000	0.0000	0.0000	0.0000	0.0000	0.0000	0.0000	0.0000	0.0000	0.0000	0.0218	0.0121	0.0096	0.0024	0.0022	0.0002	0.0194	0.0100	0.0094	0.0000	0.0000	0.0000	0.0000	0.0000	0.0000	0.0000	0.0000	0.0000	0.0005	0.0008	0.0000	0.0042	0.0046	0.0000	0.0000	0.0000	0.0000						
17	23	0.1615	15	0	2	0	0	0	0	0	0	N	Y	N	N	N	N	N	N	N	N	N	N	0.0000	0.0000	0.0000	0.0000	0.0000	0.0000	0.0000	0.0000	0.0000	0.0000	0.0000	0.0000	0.0000	0.0000	0.0000	0.0000	0.0000	0.0000	0.0128	0.0196	0.0002	0.0424	0.0446	0.0022	0.0000	0.0000	0.0001	0.0049	0.0000	-0.0013	1.0133	4.1010	7.9669	9.0979	0.0000	0.0000	0.0000	0.0000	0.0000	0.0000	0.0000	0.0000	0.0000	0.0025	0.0024	0.0000	0.0024	0.0024	0.0000	0.0000	0.0000	0.0000	0.0304	0.0266	0.0038	0.0050	0.0047	0.0003	0.0254	0.0219	0.0035	0.1914	0.1245	0.0669	0.0578	0.0547	0.0031	0.1336	0.0698	0.0639	0.0000	0.0000	0.0000	0.0000	0.0000	0.0000	0.0000	0.0000	0.0000	0.0128	0.0196	0.0002	0.0424	0.0446	0.0022	0.0000	0.0000	0.0001	
17	24	0.0579	6	1	2	0	0	0	0	0	0	N	Y	N	N	N	N	N	N	N	N	N	N	0.0225	128.7527	0.0630	1.6011	4.8968	0.0000	0.0229	inf	0.0664	0.1089	0.0244	0.6799	0.0051	0.0055	0.0000	0.1230	0.0272	0.7257	4.8461	0.0002	10.7957	0.0032	0.0011	0.0396	5.3749	0.0000	10.9244	4.1250	46404.2805	0.0023	0.4237	1.0133	7.0513	7.9669	11.7448	0.0053	0.0010	0.0043	0.0000	0.0000	0.0000	0.0053	0.0010	0.0043	0.9272	0.0000	0.9271	0.0001	0.0000	0.0000	0.9271	0.0000	0.9271	0.0489	0.0426	0.0063	0.0059	0.0055	0.0004	0.0431	0.0372	0.0059	0.1913	0.1054	0.0859	0.0188	0.0178	0.0010	0.1725	0.0876	0.0849	0.0225	128.7527	0.0630	1.6011	4.8968	0.0000	0.0229	inf	0.0664	4.8461	0.0002	10.7957	0.0032	0.0011	0.0396	5.3749	0.0000	10.9244
17	25	0.2295	16	0	2	0	0	0	0	0	0	N	Y	N	N	N	N	N	N	N	N	N	N	0.4817	0.3463	0.0000	0.2177	0.2160	0.0000	57.2161	752.6768	0.0000	0.0031	0.0036	0.0000	0.0056	0.0059	0.0000	0.0026	0.0030	0.0000	0.0065	0.0103	0.0003	0.0259	0.0274	0.0046	0.0000	0.0000	0.0001	0.0000	0.0169	-0.0000	-0.0004	1.0133	4.7974	7.9669	5.1989	0.0001	0.0001	0.0000	0.0000	0.0000	0.0000	0.0001	0.0001	0.0000	0.0008	0.0008	0.0000	0.0008	0.0008	0.0000	0.0000	0.0000	0.0000	0.0381	0.0336	0.0045	0.0071	0.0067	0.0003	0.0310	0.0269	0.0041	0.1196	0.0746	0.0449	0.0300	0.0280	0.0020	0.0896	0.0466	0.0430	0.4817	0.3463	0.0000	0.2177	0.2160	0.0000	57.2161	752.6768	0.0000	0.0065	0.0103	0.0003	0.0259	0.0274	0.0046	0.0000	0.0000	0.0001
17	26	0.1908	17	1	2	0	0	0	0	0	0	N	Y	N	N	N	N	N	N	N	N	N	N	0.0000	0.0000	0.0000	0.0000	0.0000	0.0000	0.0000	0.0000	0.0000	0.0000	0.0000	0.0000	0.0000	0.0000	0.0000	0.0000	0.0000	0.0000	0.3734	0.5774	0.0001	0.0619	0.0672	0.0007	0.5315	1.1212	0.0000	0.0001	0.0000	-0.0412	1.0133	2.0195	7.9669	15.0171	0.0000	0.0000	0.0000	0.0000	0.0000	0.0000	0.0000	0.0000	0.0000	0.0759	0.0759	0.0000	0.0042	0.0042	0.0000	0.0716	0.0716	0.0000	0.0152	0.0133	0.0019	0.0027	0.0026	0.0001	0.0125	0.0107	0.0018	0.2032	0.1314	0.0718	0.0684	0.0629	0.0055	0.1348	0.0685	0.0663	0.0000	0.0000	0.0000	0.0000	0.0000	0.0000	0.0000	0.0000	0.0000	0.3734	0.5774	0.0001	0.0619	0.0672	0.0007	0.5315	1.0455	0.0000	
17	27	0.1821	16	0	1	0	0	0	0	0	0	N	N	N	N	N	N	N	N	N	N	N	N	0.0000	0.0000	0.0000	0.0000	0.0000	0.0000	0.0000	0.0000	0.0000	0.0000	0.0000	0.0000	0.0000	0.0000	0.0000	0.0000	0.0000	0.0000	3.1318	4.8468	0.0124	1.1886	1.2474	0.1331	4.4531	10.1170	0.0047	0.0000	0.0014	-0.0000	-0.1795	1.0133	1.6438	7.9669	3.3228	0.0000	0.0000	0.0000	0.0000	0.0000	0.0000	0.0000	0.0000	0.0000	0.3315	0.3310	0.0005	0.0509	0.0506	0.0003	0.2805	0.2804	0.0002	0.0221	0.0200	0.0022	0.0071	0.0070	0.0001	0.0150	0.0130	0.0020	0.1058	0.0683	0.0375	0.0428	0.0406	0.0023	0.0630	0.0277	0.0353	0.0000	0.0000	0.0000	0.0000	0.0000	0.0000	0.0000	0.0000	0.0000	3.1318	4.8468	0.0124	1.1886	1.2474	0.1331	4.4531	10.1170	0.0047
17	28	0.1030	10	0	2	0	0	0	0	0	0	N	Y	N	N	N	N	N	N	N	N	N	N	0.0276	0.0000	193.6086	0.0000	0.0000	0.6732	27.1360	0.0000	216.1215	0.0033	0.0000	0.0254	0.0000	0.0000	0.0003	0.0039	0.0000	0.0267	0.1204	0.2061	0.0001	0.7824	0.8347	0.0005	0.0001	0.0002	0.0001	inf	0.0005	0.0000	-0.0130	1.0133	3.0409	7.9669	16.1393	0.0001	0.0000	0.0001	0.0000	0.0000	0.0000	0.0001	0.0000	0.0001	0.0240	0.0240	0.0000	0.0239	0.0239	0.0000	0.0000	0.0000	0.0000	0.0217	0.0189	0.0028	0.0031	0.0030	0.0001	0.0186	0.0159	0.0027	0.1990	0.1162	0.0828	0.0306	0.0287	0.0019	0.1684	0.0875	0.0809	0.0276	0.0000	193.6086	0.0000	0.0000	0.6732	27.1360	0.0000	216.1215	0.1204	0.2061	0.0001	0.7824	0.8347	0.0005	0.0001	0.0002	0.0001
17	29	0.0981	10	0	2	0	0	0	0	0	0	N	Y	N	N	N	N	N	N	N	N	N	N	0.0000	0.0000	0.0000	0.0064	0.0067	0.0000	0.0000	0.0000	0.0000	0.0000	0.0000	0.0000	0.0002	0.0002	0.0000	0.0000	0.0000	0.0000	13.2901	11.4085	18.4452	0.0309	0.0307	0.0341	15.8087	15.2844	16.3684	0.0000	1.0026	-0.0000	-0.0842	1.0133	4.0695	7.9669	11.0027	0.0000	0.0000	0.0000	0.0000	0.0000	0.0000	0.0000	0.0000	0.0000	1.9904	0.9939	0.9965	0.0007	0.0007	0.0001	1.9896	0.9932	0.9964	0.0288	0.0252	0.0036	0.0048	0.0046	0.0002	0.0240	0.0206	0.0034	0.1498	0.0871	0.0626	0.0239	0.0221	0.0018	0.1259	0.0650	0.0609	0.0000	0.0000	0.0000	0.0064	0.0067	0.0000	0.0000	0.0000	0.0000	13.2901	11.4085	15.9067	0.0309	0.0307	0.0341	15.8087	15.2844	16.3684
17	30	0.2134	19	0	2	1	1	0	0	0	0	N	Y	N	N	N	N	N	N	N	N	N	N	4.6794	8.8179	0.0000	1869.7441	1749.1660	0.0000	0.0000	0.0000	0.0386	0.0450	0.0000	0.0911	0.0936	0.0000	0.0000	0.0000	0.0000	0.0082	0.0051	0.0137	0.0000	0.0001	0.0000	0.0122	0.0095	0.0149	0.0000	1.5441	-0.0000	0.0000	1.0133	0.0021	7.9669	3.0281	0.0000	0.0000	0.0000	0.0000	0.0000	0.0000	0.0000	0.0000	0.0000	0.0003	0.0001	0.0002	0.0000	0.0000	0.0000	0.0003	0.0001	0.0002	0.0000	0.0000	0.0000	0.0000	0.0000	0.0000	0.0000	0.0000	0.0000	0.0339	0.0216	0.0124	0.0111	0.0101	0.0010	0.0228	0.0115	0.0114	4.6794	8.8179	0.0000	1869.7441	1749.1660	0.0000	0.0000	0.0000	0.0000	0.0082	0.0051	0.0137	0.0000	0.0001	0.0000	0.0122	0.0095	0.0149	
17	31	0.1908	18	0	1	0	1	0	0	0	0	N	N	N	N	N	N	N	N	N	N	N	N	0.0000	0.0000	0.0000	0.0018	0.0000	1.4430	0.0000	0.0000	0.0000	0.0001	0.0000	0.0005	0.0000	0.0000	0.0002	0.0001	0.0000	0.0005	9.3742	1.1343	37.7341	0.0048	0.0053	0.0001	13.6858	2.0729	35.4249	inf	12.0475	0.0000	0.4115	1.0133	3.2874	7.9669	7.1999	0.0000	0.0000	0.0000	0.0000	0.0000	0.0000	0.0000	0.0000	0.0000	1.0818	0.0829	0.9989	0.0002	0.0002	0.0000	1.0816	0.0827	0.9989	0.0257	0.0224	0.0034	0.0056	0.0054	0.0002	0.0201	0.0170	0.0031	0.1154	0.0731	0.0423	0.0364	0.0332	0.0032	0.0790	0.0399	0.0391	0.0000	0.0000	0.0000	0.0018	0.0000	1.4430	0.0000	0.0000	0.0000	9.3742	1.1343	23.6092	0.0048	0.0053	0.0001	13.6858	2.0729	25.5349
17	32	0.1095	10	0	2	0	0	0	0	0	0	N	Y	N	N	N	N	N	N	N	N	N	N	0.0000	0.0000	0.0000	0.0000	0.0000	0.0000	0.0000	0.0000	0.0000	0.0000	0.0000	0.0000	0.0000	0.0000	0.0000	0.0000	0.0000	0.0000	3.9611	6.7385	0.0005	0.0013	0.0012	0.0018	4.7789	9.2887	0.0005	0.0001	0.0000	-0.5421	1.0133	4.3545	7.9669	19.4857	0.0000	0.0000	0.0000	0.0000	0.0000	0.0000	0.0000	0.0000	0.0000	0.9986	0.9985	0.0001	0.0001	0.0000	0.0000	0.9985	0.9985	0.0000	0.0365	0.0321	0.0044	0.0068	0.0066	0.0002	0.0297	0.0255	0.0042	0.2521	0.1482	0.1039	0.0431	0.0407	0.0025	0.2089	0.1075	0.1015	0.0000	0.0000	0.0000	0.0000	0.0000	0.0000	0.0000	0.0000	0.0000	3.9611	6.7385	0.0005	0.0013	0.0012	0.0018	4.7789	9.2887	0.0005	
17	33	0.1466	12	1	2	0	0	0	0	0	0	N	Y	N	N	N	N	N	N	N	N	N	N	0.0000	0.0000	0.0000	0.0000	0.0000	0.0000	0.0000	0.0000	0.0000	0.0000	0.0000	0.0000	0.0000	0.0000	0.0000	0.0000	0.0000	0.0000	0.0000	0.0000	1.0133	0.0000	7.9669	0.0000	0.0000	0.0000	0.0000	0.0000	0.0000	0.0000	0.0000	0.0000	0.0000	0.0000	0.0000	0.0000	0.0000	0.0000	0.0000	0.0000	0.0000	0.0000	0.0000	0.0000	0.0000	0.0000	0.0000	0.0000	0.0000	0.0000	0.0000	0.0000	0.0000	0.0000	0.0000	0.0000	0.0000	0.0000	0.0000	0.0000	0.0000	0.0000	0.0000	0.0000	0.0000	0.0000	0.0000	0.0000	0.0000	0.0000	0.0000	0.0000	0.0000	0.0000	0.0000	0.0000	0.0000	0.0000											
17	34	0.1821	16	0	2	0	1	0	0	0	0	N	Y	N	N	N	N	N	N	N	N	N	N	0.0063	0.0000	9792.8675	0.0003	0.0000	457.4984	10.7371	0.0000	26754.0996	0.0190	0.0000	0.1626	0.0025	0.0000	0.0704	0.0237	0.0000	0.1692	3.0049	4.7223	0.0000	9.5492	9.8870	0.0002	0.0022	0.0044	0.0000	inf	0.0000	0.0006	-0.3786	1.0133	6.4588	7.9669	12.7561	0.0010	0.0000	0.0010	0.0000	0.0000	0.0000	0.0010	0.0000	0.0010	0.6972	0.6972	0.0000	0.6969	0.6969	0.0000	0.0003	0.0003	0.0000	0.0547	0.0483	0.0064	0.0121	0.0117	0.0004	0.0426	0.0367	0.0060	0.2320	0.1476	0.0844	0.0764	0.0705	0.0059	0.1557	0.0772	0.0785	0.0063	0.0000	9792.8675	0.0003	0.0000	457.4984	10.7371	0.0000	26754.0996	3.0049	4.7223	0.0000	9.1258	9.8870	0.0002	0.0022	0.0044	0.0000
17	35	0.1765	15	0	1	0	0	0	0	0	0	N	N	N	N	N	N	N	N	N	N	N	N	0.0000	0.0000	0.0036	0.0000	0.0000	0.0001	0.0000	0.0000	0.0116	0.0000	0.0000	0.0000	0.0000	0.0000	0.0000	0.0000	0.0000	0.0000	3.9405	6.2005	0.0045	5.4855	5.1524	0.0558	3.3169	7.7095	0.0016	inf	0.0004	0.0000	-0.2288	1.0133	2.5642	7.9669	2.5472	0.0000	0.0000	0.0000	0.0000	0.0000	0.0000	0.0000	0.0000	0.0000	0.4217	0.4215	0.0002	0.2068	0.2067	0.0001	0.2149	0.2148	0.0001	0.0295	0.0263	0.0032	0.0093	0.0089	0.0004	0.0202	0.0174	0.0028	0.1070	0.0680	0.0390	0.0422	0.0401	0.0021	0.0648	0.0279	0.0369	0.0000	0.0000	0.0036	0.0000	0.0000	0.0001	0.0000	0.0000	0.0116	3.9405	6.2005	0.0045	4.8972	5.1524	0.0558	3.3169	7.7095	0.0016
17	36	0.2268	20	0	1	1	0	0	0	0	0	N	N	N	N	N	N	N	N	N	N	N	N	0.0000	0.0000	0.0000	0.0000	0.0000	0.0000	0.0000	0.0000	0.0000	0.0000	0.0000	0.0000	0.0000	0.0000	0.0000	0.0000	0.0000	0.0000	0.0001	0.0001	0.0000	0.0000	0.0000	0.0000	0.0008	0.0000	-0.0000	1.0133	1.0000	7.9669	2.0003	0.0000	0.0000	0.0000	0.0000	0.0000	0.0000	0.0000	0.0000	0.0000	0.0000	0.0000	0.0000	0.0000	0.0000	0.0000	0.0000	0.0000	0.0000	0.0068	0.0060	0.0009	0.0014	0.0013	0.0001	0.0055	0.0047	0.0008	0.0296	0.0188	0.0108	0.0090	0.0078	0.0012	0.0206	0.0110	0.0096	0.0000	0.0000	0.0000	0.0000	0.0000	0.0000	0.0000	0.0000	0.0000	0.0000	0.0000	0.0000	0.0001	0.0001	0.0000	0.0000	0.0000	0.0000				
17	37	0.2090	19	0	2	0	0	0	0	0	0	N	Y	N	N	N	N	N	N	N	N	N	N	0.0000	0.0000	0.3116	0.0138	0.0133	0.0000	0.0000	0.0000	1.1144	0.0001	0.0001	0.0000	0.0005	0.0005	0.0000	0.0000	0.0000	0.0000	2.4357	3.7343	0.0001	0.0346	0.0377	0.0006	3.7580	7.4231	0.0000	0.0357	0.0000	-0.0000	-0.1883	1.0133	1.9619	7.9669	8.3400	0.0000	0.0000	0.0000	0.0000	0.0000	0.0000	0.0000	0.0000	0.0000	0.3467	0.3467	0.0000	0.0017	0.0017	0.0000	0.3450	0.3450	0.0000	0.0140	0.0122	0.0018	0.0025	0.0024	0.0001	0.0115	0.0098	0.0017	0.1423	0.0928	0.0495	0.0506	0.0464	0.0042	0.0918	0.0465	0.0453	0.0000	0.0000	0.3116	0.0138	0.0133	0.0000	0.0000	0.0000	1.1144	2.4357	3.7343	0.0001	0.0346	0.0377	0.0006	3.7580	7.4231	0.0000
17	38	0.1105	10	1	1	1	0	0	0	0	0	N	N	N	N	N	N	N	N	N	N	N	N	0.0148	0.0000	9882.0318	0.0000	0.0000	0.0000	39.9537	0.0000	239521.7353	0.0137	0.0000	0.0984	0.0000	0.0000	0.0000	0.0231	0.0000	0.1030	0.9246	1.5080	0.0000	4.9685	4.6262	0.0003	0.0006	0.0011	0.0000	inf	0.0000	0.0000	-0.0301	1.0133	0.0095	7.9669	5.0631	0.0000	0.0000	0.0000	0.0000	0.0000	0.0000	0.0000	0.0000	0.0000	0.0554	0.0554	0.0000	0.0554	0.0554	0.0000	0.0000	0.0000	0.0000	0.0002	0.0002	0.0000	0.0001	0.0001	0.0000	0.0001	0.0001	0.0000	0.0599	0.0367	0.0232	0.0128	0.0120	0.0008	0.0471	0.0248	0.0223	0.0148	0.0000	9882.0318	0.0000	0.0000	0.0000	39.9537	0.0000	239521.7353	0.9246	1.5080	0.0000	4.3206	4.6262	0.0003	0.0006	0.0011	0.0000
17	39	0.1908	18	0	2	0	0	0	0	0	0	N	Y	N	N	N	N	N	N	N	N	N	N	0.0000	0.0000	0.0000	0.0000	0.0000	0.0000	0.0000	0.0000	0.0000	0.0000	0.0000	0.0000	0.0000	0.0000	0.0000	0.0000	0.0000	8.2631	13.1002	0.0000	0.0023	0.0025	0.0000	11.9921	23.7718	0.0000	0.0000	0.0000	-0.5871	1.0133	1.1272	7.9669	11.0864	0.0000	0.0000	0.0000	0.0000	0.0000	0.0000	0.0000	0.0000	0.0000	1.0814	1.0814	0.0000	0.0001	0.0001	0.0000	1.0813	1.0813	0.0000	0.0108	0.0094	0.0015	0.0029	0.0028	0.0001	0.0079	0.0065	0.0014	0.1309	0.0825	0.0483	0.0407	0.0371	0.0036	0.0902	0.0455	0.0447	0.0000	0.0000	0.0000	0.0000	0.0000	0.0000	0.0000	0.0000	0.0000	8.2631	13.1002	0.0000	0.0023	0.0025	0.0000	11.9921	23.7718	0.0000		
17	40	0.1908	17	0	1	0	0	0	0	0	0	N	N	N	N	N	N	N	N	N	N	N	N	0.0000	0.0000	0.0000	0.0000	0.0000	0.0000	0.0000	0.0000	0.0000	0.0000	0.0000	0.0000	0.0000	0.0000	0.0000	0.0000	0.0000	0.0000	6.3766	8.7819	0.0015	8.2994	7.8627	0.0168	5.7626	10.5481	0.0002	0.0001	0.0000	-0.0825	1.0133	0.4765	7.9669	0.2778	0.0000	0.0000	0.0000	0.0000	0.0000	0.0000	0.0000	0.0000	0.0000	0.1519	0.1519	0.0000	0.0759	0.0759	0.0000	0.0760	0.0760	0.0000	0.0063	0.0054	0.0009	0.0021	0.0021	0.0000	0.0042	0.0034	0.0008	0.0238	0.0173	0.0065	0.0106	0.0101	0.0005	0.0132	0.0072	0.0060	0.0000	0.0000	0.0000	0.0000	0.0000	0.0000	0.0000	0.0000	0.0000	6.3766	8.7819	0.0015	7.1379	7.5212	0.0168	5.7626	10.5481	0.0002	
17	41	0.1929	17	0	2	0	1	0	0	0	0	N	Y	N	N	N	N	N	N	N	N	N	N	0.0003	0.0013	0.0000	2.4079	2.7264	0.0000	0.0000	0.0000	0.0000	0.0013	0.0015	0.0000	0.0075	0.0079	0.0000	0.0000	0.0000	0.0000	4.0016	1.1531	8.6880	0.0031	0.0029	0.0053	5.5441	1.9401	9.3210	0.0000	4.5799	-0.0000	0.3375	1.0133	10.0333	7.9669	21.8674	0.0001	0.0001	0.0000	0.0001	0.0001	0.0000	0.0000	0.0000	0.0000	1.2147	0.2177	0.9970	0.0003	0.0002	0.0000	1.2144	0.2175	0.9969	0.0684	0.0595	0.0089	0.0121	0.0115	0.0006	0.0563	0.0480	0.0083	0.3035	0.1888	0.1148	0.0845	0.0767	0.0078	0.2190	0.1121	0.1070	0.0003	0.0013	0.0000	2.4079	2.7264	0.0000	0.0000	0.0000	0.0000	4.0016	1.1531	8.6880	0.0031	0.0029	0.0053	5.5441	1.9401	9.3210
17	42	0.1105	10	1	1	1	0	0	0	0	0	N	N	N	N	N	N	N	N	N	N	N	N	0.0000	0.0000	188.4411	0.0000	0.0000	0.0000	0.0000	0.0000	2506.1112	0.0004	0.0000	0.0031	0.0000	0.0000	0.0000	0.0005	0.0000	0.0034	24.3240	38.9275	0.0000	0.0803	0.0857	0.0004	32.0895	61.1481	0.0000	inf	0.0000	0.0000	-0.5106	1.0133	0.9968	7.9669	1.9513	0.0000	0.0000	0.0000	0.0000	0.0000	0.0000	0.0000	0.0000	0.0000	0.9404	0.9404	0.0000	0.0008	0.0008	0.0000	0.9397	0.9397	0.0000	0.0069	0.0060	0.0009	0.0012	0.0012	0.0001	0.0057	0.0049	0.0008	0.0387	0.0242	0.0145	0.0094	0.0088	0.0006	0.0293	0.0154	0.0139	0.0000	0.0000	188.4411	0.0000	0.0000	0.0000	0.0000	0.0000	2506.1112	24.3240	38.9275	0.0000	0.0803	0.0857	0.0004	32.0895	61.1481	0.0000
17	43	0.0973	9	1	1	1	0	0	0	0	0	N	N	N	N	N	N	N	N	N	N	N	N	0.1705	0.0000	353.4102	0.0001	0.0001	0.0000	0.1622	0.0000	365.9724	0.1244	0.0000	0.9755	0.0000	0.0000	0.0000	0.1441	0.0000	1.0351	0.7292	1.2652	0.0028	0.0298	0.0316	0.0001	0.8883	1.8029	0.0028	513779.8812	0.0016	0.0026	-0.0302	1.0133	5.0018	7.9669	1.7716	0.0043	0.0000	0.0043	0.0000	0.0000	0.0000	0.0043	0.0000	0.0043	0.0558	0.0557	0.0001	0.0004	0.0004	0.0000	0.0553	0.0552	0.0001	0.0344	0.0300	0.0044	0.0047	0.0044	0.0003	0.0297	0.0255	0.0041	0.0765	0.0440	0.0325	0.0142	0.0134	0.0008	0.0623	0.0306	0.0317	0.1705	0.0000	353.4102	0.0001	0.0001	0.0000	0.1622	0.0000	365.9724	0.7292	1.2652	0.0028	0.0298	0.0316	0.0001	0.8883	1.8029	0.0028
17	44	0.1005	10	1	1	1	0	0	0	0	0	N	N	N	N	N	N	N	N	N	N	N	N	0.0000	0.0000	0.0000	0.0000	0.0000	0.0000	0.0000	0.0000	0.0000	0.0000	0.0000	0.0000	0.0000	0.0000	0.0000	0.0000	0.0000	0.0000	0.0000	0.0000	0.0000	0.0000	0.0002	0.0000	0.0000	0.0000	20.5752	0.0000	0.0000	1.0133	4.9860	7.9669	2.3663	0.0000	0.0000	0.0000	0.0000	0.0000	0.0000	0.0000	0.0000	0.0000	0.0000	0.0000	0.0000	0.0000	0.0000	0.0000	0.0000	0.0000	0.0000	0.0343	0.0300	0.0044	0.0047	0.0045	0.0003	0.0296	0.0255	0.0041	0.0948	0.0574	0.0374	0.0218	0.0208	0.0010	0.0731	0.0366	0.0364	0.0000	0.0000	0.0000	0.0000	0.0000	0.0000	0.0000	0.0000	0.0000	0.0000	0.0000	0.0000	0.0000	0.0000	0.0002	0.0000	0.0000	0.0000		
17	45	0.0973	9	1	1	0	0	0	0	0	0	N	N	N	N	N	N	N	N	N	N	N	N	2.0033	0.8136	38.1248	2.2141	2.1623	0.0000	1.6112	0.0085	38.2680	0.0784	0.0532	0.1905	0.1392	0.1411	0.0000	0.0510	0.0006	0.1950	0.0391	0.0654	0.0050	0.0628	0.0652	0.0002	0.0317	0.0655	0.0051	0.8028	0.0589	0.0000	-0.0005	1.0133	0.0225	7.9669	1.9333	0.0000	0.0000	0.0000	0.0000	0.0000	0.0000	0.0000	0.0000	0.0000	0.0011	0.0010	0.0001	0.0004	0.0004	0.0000	0.0007	0.0006	0.0001	0.0003	0.0002	0.0001	0.0001	0.0001	0.0000	0.0002	0.0002	0.0001	0.0272	0.0153	0.0118	0.0065	0.0063	0.0002	0.0207	0.0091	0.0116	2.0033	0.8136	38.1248	2.2141	2.1623	0.0000	1.6112	0.0085	38.2680	0.0391	0.0654	0.0050	0.0628	0.0652	0.0002	0.0317	0.0655	0.0051
17	46	0.0943	8	1	1	0	0	0	0	0	0	N	N	N	N	N	N	N	N	N	N	N	N	0.1042	0.0293	51543.4599	0.5745	0.5644	0.0647	0.0004	75183.6549	0.0031	0.0015	0.0140	0.0093	0.0098	0.0000	0.0021	0.0000	0.0148	0.0301	0.0518	0.0000	0.0162	0.0174	0.0000	0.0328	0.0643	0.0000	1.3665	0.0000	0.0000	-0.0002	1.0133	1.0095	7.9669	0.3555	0.0000	0.0000	0.0000	0.0000	0.0000	0.0000	0.0000	0.0000	0.0000	0.0004	0.0004	0.0000	0.0000	0.0000	0.0000	0.0004	0.0004	0.0000	0.0072	0.0062	0.0009	0.0010	0.0010	0.0001	0.0062	0.0053	0.0009	0.0149	0.0086	0.0062	0.0025	0.0023	0.0002	0.0124	0.0063	0.0061	0.1042	0.0293	51543.4599	0.5745	0.5644	0.0000	0.0647	0.0004	75183.6549	0.0301	0.0518	0.0000	0.0162	0.0174	0.0000	0.0328	0.0643	0.0000	
17	47	0.2090	19	0	1	1	0	0	0	0	0	N	N	N	N	N	N	N	N	N	N	N	N	0.0056	0.0042	0.2693	0.0008	0.0007	0.0000	0.0075	0.0045	0.9542	0.0487	0.0560	0.0000	0.0081	0.0086	0.0000	0.0572	0.0671	0.0000	8.6350	13.4265	0.0001	10.7255	11.6366	0.0005	7.6338	15.0519	0.0000	0.0000	0.0000	-0.0004	-0.8562	1.0133	3.0460	7.9669	11.9126	0.0010	0.0010	0.0000	0.0000	0.0000	0.0000	0.0010	0.0010	0.0000	1.5768	1.5768	0.0000	0.6504	0.6504	0.0000	0.9264	0.9264	0.0000	0.0213	0.0185	0.0028	0.0037	0.0035	0.0002	0.0176	0.0150	0.0026	0.1826	0.1174	0.0652	0.0613	0.0559	0.0054	0.1214	0.0615	0.0598	0.0056	0.0042	0.2693	0.0008	0.0007	0.0000	0.0075	0.0045	0.9542	8.6350	13.4265	0.0001	10.6188	11.6366	0.0005	7.6338	15.0519	0.0000
17	48	0.1956	18	0	1	0	0	0	0	0	0	N	N	N	N	N	N	N	N	N	N	N	N	0.0004	0.0000	1.2481	0.0000	0.0000	0.0000	0.0006	0.0000	3.2368	0.0018	0.0002	0.0123	0.0001	0.0001	0.0000	0.0022	0.0002	0.0131	4.3481	6.6048	0.0098	7.2279	7.0320	0.0825	3.3713	6.5883	0.0040	10.8466	0.0008	0.0000	-0.2462	1.0133	1.1082	7.9669	5.8288	0.0000	0.0000	0.0000	0.0000	0.0000	0.0000	0.0000	0.0000	0.0000	0.4542	0.4538	0.0004	0.2258	0.2256	0.0002	0.2284	0.2283	0.0001	0.0082	0.0071	0.0011	0.0015	0.0014	0.0001	0.0067	0.0057	0.0010	0.1045	0.0687	0.0357	0.0367	0.0341	0.0026	0.0677	0.0346	0.0331	0.0004	0.0000	1.2481	0.0000	0.0000	0.0000	0.0006	0.0000	3.2368	4.3481	6.6048	0.0098	6.1507	6.6216	0.0825	3.3713	6.5883	0.0040
17	49	0.2268	20	0	2	0	0	0	0	0	0	N	Y	N	N	N	N	N	N	N	N	N	N	0.0000	0.0000	0.0000	0.0000	0.0000	0.0000	0.0000	0.0000	0.0000	0.0000	0.0000	0.0000	0.0000	0.0000	0.0000	0.0000	0.0001	0.0000	0.0001	0.0001	0.0000	0.0000	0.0000	0.0000	0.0008	0.0000	-0.0000	1.0133	0.0000	7.9669	2.0001	0.0000	0.0000	0.0000	0.0000	0.0000	0.0000	0.0000	0.0000	0.0000	0.0000	0.0000	0.0000	0.0000	0.0000	0.0000	0.0000	0.0000	0.0000	0.0000	0.0000	0.0000	0.0000	0.0000	0.0000	0.0000	0.0000	0.0000	0.0198	0.0126	0.0072	0.0060	0.0053	0.0008	0.0138	0.0073	0.0065	0.0000	0.0000	0.0000	0.0000	0.0000	0.0000	0.0000	0.0000	0.0000	0.0000	0.0001	0.0000	0.0001	0.0001	0.0000	0.0000	0.0000	0.0000				
17	50	0.0804	7	1	2	1	0	0	0	0	0	N	Y	N	N	N	N	N	N	N	N	N	N	0.0000	0.0000	0.0000	0.0000	0.0000	0.0000	0.0000	0.0000	0.0000	0.0000	0.0000	0.0000	0.0000	0.0000	0.0000	0.3042	0.0000	1.1410	0.6556	0.0000	8.2290	0.0030	0.0000	0.0090	inf	0.0000	0.0074	1.0133	0.0000	7.9669	1.7047	0.0000	0.0000	0.0000	0.0000	0.0000	0.0000	0.0000	0.0000	0.0000	0.0161	0.0000	0.0161	0.0160	0.0000	0.0160	0.0001	0.0000	0.0001	0.0000	0.0000	0.0000	0.0000	0.0000	0.0000	0.0000	0.0000	0.0000	0.0530	0.0389	0.0141	0.0245	0.0197	0.0048	0.0285	0.0192	0.0094	0.0000	0.0000	0.0000	0.0000	0.0000	0.0000	0.0000	0.0000	0.0000	0.3042	0.0000	1.1410	0.6556	0.0000	3.3754	0.0030	0.0000	0.0090				
17	51	0.0804	7	1	2	1	0	0	0	0	0	N	Y	N	N	N	N	N	N	N	N	N	N	0.0000	0.0000	0.0000	0.0000	0.0000	0.0000	0.0000	0.0000	0.0000	0.0000	0.0000	0.0000	0.0000	0.0000	0.0000	0.1782	0.2216	0.0000	0.3023	0.3781	0.0000	0.0000	0.0000	0.0000	0.0000	0.0000	-0.0037	1.0133	0.0000	7.9669	0.2953	0.0000	0.0000	0.0000	0.0000	0.0000	0.0000	0.0000	0.0000	0.0000	0.0068	0.0068	0.0000	0.0068	0.0068	0.0000	0.0000	0.0000	0.0000	0.0000	0.0000	0.0000	0.0000	0.0000	0.0000	0.0000	0.0000	0.0000	0.0379	0.0305	0.0074	0.0224	0.0179	0.0045	0.0156	0.0126	0.0030	0.0000	0.0000	0.0000	0.0000	0.0000	0.0000	0.0000	0.0000	0.0000	0.1782	0.2216	0.0000	0.3023	0.3781	0.0000	0.0000	0.0000	0.0000				
17	52	0.0775	6	1	2	1	0	0	0	0	0	N	Y	N	N	N	N	N	N	N	N	N	N	0.0000	0.0000	0.0000	0.0000	0.0000	0.0000	0.0000	0.0000	0.0000	0.0000	0.0000	0.0000	0.0000	0.0000	0.0000	0.0000	0.0000	0.0000	0.5657	0.9050	0.0056	2.2770	2.4002	0.1488	0.0004	0.0005	0.0002	0.0037	0.0000	-0.0087	1.0133	0.0001	7.9669	1.7968	0.0000	0.0000	0.0000	0.0000	0.0000	0.0000	0.0000	0.0000	0.0000	0.0161	0.0160	0.0001	0.0161	0.0160	0.0001	0.0000	0.0000	0.0000	0.0000	0.0000	0.0000	0.0000	0.0000	0.0000	0.0000	0.0000	0.0000	0.0284	0.0177	0.0107	0.0070	0.0067	0.0004	0.0213	0.0110	0.0103	0.0000	0.0000	0.0000	0.0000	0.0000	0.0000	0.0000	0.0000	0.0000	0.5657	0.9050	0.0056	2.2770	2.4002	0.1488	0.0004	0.0005	0.0002	
17	53	0.1728	10	1	2	0	0	0	0	0	0	N	Y	N	N	N	N	N	N	N	N	N	N	0.0003	0.0002	0.0000	0.0000	0.0000	0.0000	0.0403	0.5568	0.0000	0.0000	0.0000	0.0000	0.0000	0.0000	0.0000	0.0000	0.0000	0.0000	0.0010	0.0015	0.0001	0.0034	0.0034	0.0017	0.0000	0.0000	0.0000	0.0000	0.0300	-0.0000	-0.0000	1.0133	1.8240	7.9669	0.8872	0.0000	0.0000	0.0000	0.0000	0.0000	0.0000	0.0000	0.0000	0.0000	0.0000	0.0000	0.0000	0.0000	0.0000	0.0000	0.0000	0.0000	0.0000	0.0162	0.0145	0.0017	0.0041	0.0039	0.0001	0.0121	0.0106	0.0016	0.0392	0.0251	0.0141	0.0117	0.0112	0.0005	0.0275	0.0140	0.0136	0.0003	0.0002	0.0000	0.0000	0.0000	0.0000	0.0403	0.5568	0.0000	0.0010	0.0015	0.0001	0.0034	0.0034	0.0017	0.0000	0.0000	0.0000
17	54	0.2568	22	0	2	0	1	0	0	0	0	N	Y	N	N	N	N	N	N	N	N	N	N	0.0000	0.0000	0.0000	0.0000	0.0000	0.0000	0.0000	0.0000	0.0000	0.0000	0.0000	0.0000	0.0000	0.0000	0.0000	0.0000	0.0000	0.0000	0.0000	0.0000	0.0000	0.0000	inf	0.0000	0.0000	1.0133	0.0007	7.9669	4.7762	0.0000	0.0000	0.0000	0.0000	0.0000	0.0000	0.0000	0.0000	0.0000	0.0000	0.0000	0.0000	0.0000	0.0000	0.0000	0.0000	0.0000	0.0000	0.0000	0.0000	0.0000	0.0000	0.0000	0.0000	0.0000	0.0000	0.0000	0.0524	0.0340	0.0185	0.0161	0.0149	0.0013	0.0363	0.0191	0.0172	0.0000	0.0000	0.0000	0.0000	0.0000	0.0000	0.0000	0.0000	0.0000	0.0000	0.0000	0.0000	0.0000	0.0000	0.0000	0.0000	0.0000	0.0000						
17	55	0.2568	22	0	1	0	1	0	0	0	0	N	N	N	N	N	N	N	N	N	N	N	N	0.0000	0.0000	0.0000	0.0000	0.0000	0.0000	0.0000	0.0000	0.0000	0.0000	0.0000	0.0000	0.0000	0.0000	0.0000	0.0000	0.0000	0.0000	0.0000	0.0000	0.0000	0.0000	inf	0.0000	0.0000	1.0133	0.0007	7.9669	3.2259	0.0000	0.0000	0.0000	0.0000	0.0000	0.0000	0.0000	0.0000	0.0000	0.0000	0.0000	0.0000	0.0000	0.0000	0.0000	0.0000	0.0000	0.0000	0.0000	0.0000	0.0000	0.0000	0.0000	0.0000	0.0000	0.0000	0.0000	0.0384	0.0254	0.0131	0.0124	0.0115	0.0009	0.0261	0.0139	0.0122	0.0000	0.0000	0.0000	0.0000	0.0000	0.0000	0.0000	0.0000	0.0000	0.0000	0.0000	0.0000	0.0000	0.0000	0.0000	0.0000	0.0000	0.0000						
17	56	0.2524	21	0	1	0	1	0	0	0	0	N	N	N	N	N	N	N	N	N	N	N	N	0.0000	0.0000	0.0000	0.0000	0.0000	0.0000	0.0000	0.0000	0.0000	0.0000	0.0000	0.0000	0.0000	0.0000	0.0000	0.0000	0.0000	0.0000	0.0000	0.0000	0.0000	0.0000	0.0000	0.0000	0.0000	13.7518	0.0000	0.0000	1.0133	0.9953	7.9669	1.3904	0.0000	0.0000	0.0000	0.0000	0.0000	0.0000	0.0000	0.0000	0.0000	0.0000	0.0000	0.0000	0.0000	0.0000	0.0000	0.0000	0.0000	0.0000	0.0069	0.0060	0.0009	0.0012	0.0011	0.0001	0.0057	0.0049	0.0008	0.0298	0.0201	0.0097	0.0098	0.0092	0.0006	0.0200	0.0109	0.0090	0.0000	0.0000	0.0000	0.0000	0.0000	0.0000	0.0000	0.0000	0.0000	0.0000	0.0000	0.0000	0.0000	0.0000	0.0000	0.0000	0.0000	0.0000			
17	57	0.2457	20	0	1	0	1	0	0	0	0	N	N	N	N	N	N	N	N	N	N	N	N	0.0000	0.0000	0.0000	0.0000	0.0000	0.0000	0.0000	0.0000	0.0000	0.0000	0.0000	0.0000	0.0000	0.0000	0.0000	0.0000	0.0000	0.0000	0.0020	0.0013	0.0034	0.0026	0.0028	0.0003	0.0018	0.0000	0.0036	1.5587	0.0000	0.0000	1.0133	0.0068	7.9669	3.2797	0.0000	0.0000	0.0000	0.0000	0.0000	0.0000	0.0000	0.0000	0.0000	0.0001	0.0000	0.0000	0.0000	0.0000	0.0000	0.0000	0.0000	0.0000	0.0001	0.0001	0.0000	0.0000	0.0000	0.0000	0.0000	0.0000	0.0000	0.0373	0.0235	0.0139	0.0116	0.0108	0.0009	0.0257	0.0127	0.0130	0.0000	0.0000	0.0000	0.0000	0.0000	0.0000	0.0000	0.0000	0.0000	0.0020	0.0013	0.0034	0.0026	0.0028	0.0003	0.0018	0.0000	0.0036	
17	58	0.2046	19	0	1	0	1	0	0	0	0	N	N	N	N	N	N	N	N	N	N	N	N	0.0011	0.0075	0.0000	0.0130	0.0125	0.0000	0.0000	0.0000	0.0000	0.0053	0.0060	0.0000	0.0226	0.0238	0.0000	0.0000	0.0000	0.0000	5.0013	0.8010	12.0335	1.7446	1.8949	0.0883	6.3215	0.0010	12.8526	0.0004	8.9729	-0.0001	0.3672	1.0133	5.8573	7.9669	13.1443	0.0002	0.0002	0.0000	0.0002	0.0002	0.0000	0.0000	0.0000	0.0000	1.0294	0.1032	0.9261	0.1036	0.1031	0.0004	0.9258	0.0001	0.9257	0.0457	0.0401	0.0056	0.0106	0.0101	0.0005	0.0351	0.0300	0.0050	0.2058	0.1289	0.0770	0.0594	0.0544	0.0049	0.1464	0.0744	0.0720	0.0011	0.0075	0.0000	0.0130	0.0125	0.0000	0.0000	0.0000	0.0000	5.0013	0.8010	12.0335	1.7446	1.8949	0.0883	6.3215	0.0010	12.8526
17	61	0.0981	10	1	1	1	0	0	0	0	0	N	N	N	N	N	N	N	N	N	N	N	N	0.0023	0.0016	0.0000	0.0021	0.0021	0.0000	0.0000	0.0000	0.0000	0.0001	0.0001	0.0000	0.0004	0.0004	0.0000	0.0000	0.0000	0.0000	0.0267	0.0457	0.0003	0.1656	0.1778	0.0096	0.0000	0.0000	0.0000	0.0000	0.0043	-0.0000	-0.0013	1.0133	2.0703	7.9669	7.0012	0.0000	0.0000	0.0000	0.0000	0.0000	0.0000	0.0000	0.0000	0.0000	0.0025	0.0025	0.0000	0.0025	0.0025	0.0000	0.0000	0.0000	0.0000	0.0152	0.0133	0.0019	0.0027	0.0025	0.0001	0.0125	0.0108	0.0018	0.0928	0.0540	0.0388	0.0150	0.0139	0.0011	0.0779	0.0401	0.0377	0.0023	0.0016	0.0000	0.0021	0.0021	0.0000	0.0000	0.0000	0.0000	0.0267	0.0457	0.0003	0.1656	0.1778	0.0096	0.0000	0.0000	0.0000
17	62	0.0965	9	0	1	0	0	0	0	0	0	N	N	N	N	N	N	N	N	N	N	N	N	0.0067	0.0055	0.0074	0.2548	0.2503	0.0000	0.0006	0.0000	0.0076	0.0016	0.0017	0.0011	0.0092	0.0096	0.0000	0.0002	0.0000	0.0012	0.2434	0.3103	0.1503	0.0360	0.0384	0.0025	0.2848	0.4118	0.1545	0.0946	0.3481	-0.0000	-0.0007	1.0133	0.9285	7.9669	0.0280	0.0000	0.0000	0.0000	0.0000	0.0000	0.0000	0.0000	0.0000	0.0000	0.0025	0.0019	0.0006	0.0001	0.0001	0.0000	0.0024	0.0018	0.0006	0.0067	0.0058	0.0008	0.0011	0.0010	0.0001	0.0056	0.0048	0.0008	0.0103	0.0060	0.0043	0.0017	0.0016	0.0001	0.0086	0.0044	0.0042	0.0067	0.0055	0.0074	0.2548	0.2503	0.0000	0.0006	0.0000	0.0076	0.2434	0.3103	0.1503	0.0360	0.0384	0.0025	0.2848	0.4091	0.1545
17	63	0.1416	12	1	2	0	0	0	0	0	0	N	Y	N	N	N	N	N	N	N	N	N	N	0.0000	0.0000	0.0000	0.0000	0.0000	0.0000	0.0000	0.0000	0.0000	0.0000	0.0000	0.0000	0.0000	0.0000	0.0000	0.0000	0.0000	20.4895	32.8629	0.0000	2.1966	2.4424	0.0000	25.2512	45.7715	0.0000	0.0000	0.0000	-0.5473	1.0133	1.0023	7.9669	3.0135	0.0000	0.0000	0.0000	0.0000	0.0000	0.0000	0.0000	0.0000	0.0000	1.0079	1.0079	0.0000	0.0223	0.0223	0.0000	0.9856	0.9856	0.0000	0.0072	0.0063	0.0009	0.0013	0.0012	0.0001	0.0059	0.0051	0.0008	0.0492	0.0307	0.0185	0.0102	0.0091	0.0010	0.0390	0.0215	0.0175	0.0000	0.0000	0.0000	0.0000	0.0000	0.0000	0.0000	0.0000	0.0000	20.4895	32.8629	0.0000	2.1966	2.4424	0.0000	25.2512	45.7715	0.0000		
17	64	0.1152	11	1	2	0	0	0	0	0	0	N	Y	N	N	N	N	N	N	N	N	N	N	0.0000	0.0000	0.0000	0.0000	0.0000	0.0000	0.0000	0.0000	0.0000	0.0000	0.0000	0.0000	0.0000	0.0000	0.0000	0.0000	0.0000	0.0000	0.1029	0.1714	0.0010	0.0363	0.0381	0.0088	0.1157	0.2162	0.0008	0.0039	0.0000	-0.0074	1.0133	3.0820	7.9669	9.3392	0.0000	0.0000	0.0000	0.0000	0.0000	0.0000	0.0000	0.0000	0.0000	0.0137	0.0137	0.0001	0.0008	0.0008	0.0000	0.0129	0.0129	0.0000	0.0264	0.0233	0.0031	0.0057	0.0055	0.0002	0.0208	0.0178	0.0029	0.1333	0.0797	0.0536	0.0214	0.0201	0.0013	0.1119	0.0597	0.0522	0.0000	0.0000	0.0000	0.0000	0.0000	0.0000	0.0000	0.0000	0.0000	0.1029	0.1714	0.0010	0.0363	0.0381	0.0088	0.1157	0.2162	0.0008	
17	65	0.0289	2	0	2	0	0	0	0	0	0	N	Y	N	N	N	N	N	N	N	N	N	N	0.0024	2.8300	0.0012	7.9202	9.1476	0.0000	0.0004	0.0000	0.0015	0.0179	0.0167	0.0251	0.1882	0.1900	0.0000	0.0038	0.0000	0.0252	7.5707	0.0059	21.0758	0.0238	0.0208	0.3755	9.0004	0.0000	17.2798	0.2464	2310.5247	-0.0000	0.3929	1.0133	1.7946	7.9669	5.9592	0.0003	0.0002	0.0000	0.0002	0.0002	0.0000	0.0000	0.0000	0.0000	0.8605	0.0004	0.8601	0.0004	0.0004	0.0001	0.8600	0.0000	0.8600	0.0140	0.0120	0.0020	0.0011	0.0011	0.0000	0.0129	0.0110	0.0020	0.1137	0.0629	0.0507	0.0181	0.0179	0.0002	0.0956	0.0450	0.0505	0.0024	2.8300	0.0015	7.9202	9.1476	0.0000	0.0004	0.0000	0.0015	7.5707	0.0059	16.9604	0.0238	0.0208	0.3216	9.0004	0.0000	17.0197
17	68	0.2268	20	0	1	1	0	0	0	0	0	N	N	N	N	N	N	N	N	N	N	N	N	0.0000	0.0000	0.0000	0.0000	0.0000	0.0000	0.0000	0.0000	0.0000	0.0000	0.0000	0.0000	0.0000	0.0000	0.0000	0.0003	0.0004	0.0000	0.0009	0.0010	0.0000	0.0000	0.0000	0.0000	0.0000	0.0000	-0.0000	1.0133	0.0000	7.9669	4.0001	0.0000	0.0000	0.0000	0.0000	0.0000	0.0000	0.0000	0.0000	0.0000	0.0000	0.0000	0.0000	0.0000	0.0000	0.0000	0.0000	0.0000	0.0000	0.0000	0.0000	0.0000	0.0000	0.0000	0.0000	0.0000	0.0000	0.0000	0.0393	0.0250	0.0143	0.0119	0.0104	0.0015	0.0274	0.0146	0.0128	0.0000	0.0000	0.0000	0.0000	0.0000	0.0000	0.0000	0.0000	0.0000	0.0003	0.0004	0.0000	0.0009	0.0010	0.0000	0.0000	0.0000	0.0000				
17	69	0.2046	19	0	1	0	0	0	0	0	0	N	N	N	N	N	N	N	N	N	N	N	N	0.0000	0.0000	49.7021	0.0000	0.0000	0.0000	0.0066	0.0000	53.0804	0.0000	0.0000	0.0000	0.0000	0.0000	0.0000	0.0000	0.0000	0.0001	0.8815	1.3959	0.0000	2.8436	3.0851	0.0000	0.0011	0.0022	0.0000	inf	0.0000	0.0000	-0.0692	1.0133	2.8240	7.9669	8.9883	0.0000	0.0000	0.0000	0.0000	0.0000	0.0000	0.0000	0.0000	0.0000	0.1274	0.1274	0.0000	0.1273	0.1273	0.0000	0.0001	0.0001	0.0000	0.0262	0.0231	0.0031	0.0073	0.0070	0.0003	0.0188	0.0161	0.0027	0.1445	0.0912	0.0532	0.0448	0.0412	0.0036	0.0997	0.0500	0.0497	0.0000	0.0000	49.7021	0.0000	0.0000	0.0000	0.0066	0.0000	53.0804	0.8815	1.3959	0.0000	2.8395	3.0851	0.0000	0.0011	0.0022	0.0000
17	70	0.1956	18	0	1	0	0	0	0	0	0	N	N	N	N	N	N	N	N	N	N	N	N	0.0002	0.0000	0.1488	0.0000	0.0000	0.0000	0.0023	0.0000	0.1694	0.0013	0.0000	0.0096	0.0001	0.0001	0.0000	0.0016	0.0000	0.0102	7.1467	10.6545	0.0645	18.7908	19.3388	0.1139	0.6892	1.3574	0.0604	97.6876	0.0030	0.0000	-0.3353	1.0133	1.4521	7.9669	3.5882	0.0000	0.0000	0.0000	0.0000	0.0000	0.0000	0.0000	0.0000	0.0000	0.6209	0.6191	0.0019	0.5833	0.5831	0.0003	0.0376	0.0360	0.0016	0.0105	0.0091	0.0014	0.0018	0.0017	0.0001	0.0087	0.0074	0.0013	0.0869	0.0581	0.0288	0.0324	0.0302	0.0022	0.0545	0.0280	0.0266	0.0002	0.0000	0.1488	0.0000	0.0000	0.0000	0.0023	0.0000	0.1694	7.1467	10.6545	0.0645	18.0314	19.3388	0.1139	0.6892	1.2870	0.0604
17	71	0.1929	17	0	1	0	0	0	0	0	0	N	N	N	N	N	N	N	N	N	N	N	N	0.0499	0.0000	639.2308	0.0000	0.0000	0.0254	0.1115	0.0000	2822.9843	0.4068	0.0000	2.9017	0.0002	0.0001	0.0011	0.5347	0.0000	3.0633	8.1548	11.8224	0.0045	12.9097	13.7325	0.0442	4.7967	9.3506	0.0011	14681.8090	0.0002	0.0026	-0.2238	1.0133	1.1783	7.9669	0.9542	0.0042	0.0000	0.0042	0.0000	0.0000	0.0000	0.0042	0.0000	0.0042	0.4123	0.4122	0.0001	0.2702	0.2701	0.0001	0.1421	0.1421	0.0000	0.0103	0.0088	0.0014	0.0025	0.0024	0.0001	0.0078	0.0065	0.0014	0.0506	0.0349	0.0157	0.0209	0.0197	0.0013	0.0296	0.0152	0.0144	0.0499	0.0000	639.2308	0.0000	0.0000	0.0254	0.1115	0.0000	2822.9843	8.1548	11.8224	0.0045	12.9097	13.7325	0.0442	4.7967	9.3506	0.0011
17	72	0.1883	16	0	1	0	0	0	0	0	0	N	N	N	N	N	N	N	N	N	N	N	N	0.0011	0.0000	5.2051	0.0000	0.0000	0.0000	0.0019	0.0000	7.0990	0.0060	0.0000	0.0466	0.0000	0.0000	0.0000	0.0074	0.0000	0.0502	5.4226	8.1547	0.0089	9.0304	8.6543	0.0317	3.9296	7.7195	0.0071	532.6085	0.0006	0.0001	-0.1760	1.0133	2.0762	7.9669	1.4610	0.0001	0.0000	0.0001	0.0000	0.0000	0.0000	0.0001	0.0000	0.0001	0.3245	0.3244	0.0002	0.1762	0.1762	0.0000	0.1483	0.1482	0.0001	0.0152	0.0133	0.0019	0.0030	0.0028	0.0001	0.0122	0.0104	0.0018	0.0598	0.0398	0.0201	0.0221	0.0206	0.0015	0.0377	0.0192	0.0185	0.0011	0.0000	5.2051	0.0000	0.0000	0.0000	0.0019	0.0000	7.0990	5.4226	8.1547	0.0089	7.9715	8.5606	0.0317	3.9296	7.7195	0.0071
17	73	0.1241	12	0	1	0	0	0	0	0	0	N	N	N	N	N	N	N	N	N	N	N	N	0.0000	0.0000	0.0000	0.0000	0.0000	0.0000	0.0000	0.0000	0.0000	0.0000	0.0000	0.0000	0.0000	0.0000	0.0000	0.0000	0.0000	0.1031	0.1740	0.0001	0.6016	0.6488	0.0036	0.0000	0.0000	0.0000	0.0004	0.0000	-0.0123	1.0133	4.0673	7.9669	17.8409	0.0000	0.0000	0.0000	0.0000	0.0000	0.0000	0.0000	0.0000	0.0000	0.0227	0.0227	0.0000	0.0227	0.0227	0.0000	0.0000	0.0000	0.0000	0.0329	0.0289	0.0039	0.0065	0.0063	0.0002	0.0264	0.0227	0.0037	0.2198	0.1303	0.0895	0.0377	0.0349	0.0028	0.1821	0.0953	0.0868	0.0000	0.0000	0.0000	0.0000	0.0000	0.0000	0.0000	0.0000	0.0000	0.1031	0.1740	0.0001	0.6016	0.6488	0.0036	0.0000	0.0000	0.0000		
17	75	0.2608	16	0	1	0	0	0	0	0	0	N	N	N	N	N	N	N	N	N	N	N	N	1.3302	1.0459	0.0003	9.3112	8.6565	0.0005	0.0215	0.0134	0.0002	2.2799	2.5435	0.0000	6.7793	7.0138	0.0000	0.0555	0.0644	0.0000	1.7139	2.4318	0.0076	0.7281	0.8102	0.0297	2.5766	4.7967	0.0033	0.0000	0.0013	-0.0381	-0.7402	1.0133	3.5843	7.9669	46.7516	0.1000	0.1000	0.0000	0.0984	0.0984	0.0000	0.0016	0.0016	0.0000	1.3666	1.3648	0.0018	0.2709	0.2698	0.0012	1.0957	1.0951	0.0006	0.0439	0.0393	0.0045	0.0145	0.0140	0.0005	0.0294	0.0253	0.0041	0.7974	0.5612	0.2361	0.3721	0.3329	0.0392	0.4253	0.2283	0.1970	1.3302	1.0459	0.0003	9.3112	8.6565	0.0005	0.0215	0.0134	0.0002	1.7139	2.4318	0.0076	0.7281	0.8102	0.0297	2.5766	4.7967	0.0033
17	76	0.1253	12	1	2	1	0	0	0	0	0	N	Y	N	N	N	N	N	N	N	N	N	N	0.0000	0.0000	0.0000	0.0000	0.0000	0.0000	0.0000	0.0000	0.0000	0.0000	0.0000	0.0000	0.0000	0.0000	0.0000	0.0617	0.0000	0.1417	0.0000	0.0000	0.0002	0.0737	0.0000	0.1464	inf	0.0000	0.0006	1.0133	1.0003	7.9669	1.0071	0.0000	0.0000	0.0000	0.0000	0.0000	0.0000	0.0000	0.0000	0.0000	0.0013	0.0000	0.0013	0.0000	0.0000	0.0000	0.0013	0.0000	0.0013	0.0069	0.0061	0.0009	0.0010	0.0009	0.0000	0.0060	0.0052	0.0008	0.0206	0.0116	0.0090	0.0034	0.0031	0.0003	0.0172	0.0086	0.0087	0.0000	0.0000	0.0000	0.0000	0.0000	0.0000	0.0000	0.0000	0.0000	0.0617	0.0000	0.1417	0.0000	0.0000	0.0002	0.0737	0.0000	0.1464				
17	77	0.1186	11	1	1	1	0	0	0	0	0	N	N	N	N	N	N	N	N	N	N	N	N	0.0000	0.0000	0.0000	0.0059	0.0000	0.0114	0.0000	0.0000	0.0000	0.0000	0.0000	0.0001	0.0000	0.0000	0.0009	0.0000	0.0000	0.0001	7.3206	0.0040	29.3855	0.0074	0.0067	0.0794	11.9814	0.0000	25.0383	inf	2836.8697	0.0000	0.3497	1.0133	0.9901	7.9669	2.2068	0.0000	0.0000	0.0000	0.0000	0.0000	0.0000	0.0000	0.0000	0.0000	0.7658	0.0003	0.7655	0.0003	0.0003	0.0000	0.7655	0.0000	0.7655	0.0070	0.0061	0.0009	0.0010	0.0009	0.0000	0.0060	0.0052	0.0008	0.1046	0.0676	0.0370	0.0407	0.0403	0.0004	0.0639	0.0273	0.0366	0.0000	0.0000	0.0000	0.0059	0.0000	0.0114	0.0000	0.0000	0.0000	7.3206	0.0040	20.6771	0.0074	0.0067	0.0794	11.9814	0.0000	20.9111
17	78	0.1416	13	0	2	0	0	0	0	0	0	N	Y	N	N	N	N	N	N	N	N	N	N	0.0003	0.0000	30.3578	0.0002	0.0002	0.0000	0.0003	0.0000	59.1723	0.0012	0.0000	0.0099	0.0000	0.0000	0.0000	0.0015	0.0000	0.0107	3.7173	5.9288	0.0003	0.0158	0.0167	0.0035	4.8310	9.0145	0.0002	1862.7506	0.0000	0.0000	-0.5361	1.0133	8.4371	7.9669	15.3349	0.0001	0.0000	0.0001	0.0000	0.0000	0.0000	0.0001	0.0000	0.0001	0.9874	0.9874	0.0000	0.0010	0.0010	0.0000	0.9865	0.9865	0.0000	0.0677	0.0596	0.0081	0.0129	0.0123	0.0006	0.0547	0.0473	0.0074	0.2656	0.1665	0.0991	0.0614	0.0571	0.0043	0.2042	0.1094	0.0948	0.0003	0.0000	30.3578	0.0002	0.0002	0.0000	0.0003	0.0000	59.1723	3.7173	5.9288	0.0003	0.0158	0.0167	0.0035	4.8310	9.0145	0.0002
17	79	0.1186	11	1	1	1	0	0	0	0	0	N	N	N	N	N	N	N	N	N	N	N	N	0.0185	0.0232	0.0000	106.7200	115.4006	0.0000	0.0000	0.0000	0.0000	0.2061	0.2361	0.0000	1.5219	1.6031	0.0000	0.0000	0.0000	0.0000	11.1694	10.1579	12.8287	0.0143	0.0139	0.0298	16.0323	19.4231	13.0707	0.0000	0.7700	-0.0016	-0.1902	1.0133	3.0096	7.9669	5.7427	0.0043	0.0043	0.0000	0.0043	0.0043	0.0000	0.0000	0.0000	0.0000	1.7622	0.9956	0.7666	0.0007	0.0006	0.0000	1.7615	0.9950	0.7666	0.0208	0.0182	0.0026	0.0028	0.0027	0.0001	0.0180	0.0155	0.0025	0.1578	0.0980	0.0598	0.0479	0.0468	0.0011	0.1099	0.0512	0.0586	0.0185	0.0232	0.0000	106.7200	115.4006	0.0000	0.0000	0.0000	0.0000	11.1694	10.1579	12.8287	0.0143	0.0139	0.0298	16.0323	19.4231	13.0707
17	80	0.1030	10	1	1	1	0	0	0	0	0	N	N	N	N	N	N	N	N	N	N	N	N	0.0047	0.0007	0.0138	0.0015	0.0011	0.0102	0.0046	0.0000	0.0141	0.0089	0.0000	0.0648	0.0001	0.0001	0.0009	0.0107	0.0000	0.0677	1.9153	0.0182	4.7084	0.0614	0.0601	0.0859	2.3212	0.0014	4.8170	848.1500	175.9965	0.0000	0.0729	1.0133	1.0477	7.9669	6.1154	0.0001	0.0000	0.0001	0.0000	0.0000	0.0000	0.0001	0.0000	0.0001	0.1615	0.0009	0.1605	0.0009	0.0009	0.0001	0.1605	0.0000	0.1605	0.0081	0.0070	0.0011	0.0014	0.0013	0.0000	0.0067	0.0057	0.0011	0.0843	0.0502	0.0341	0.0151	0.0144	0.0008	0.0692	0.0358	0.0333	0.0047	0.0007	0.0138	0.0015	0.0011	0.0102	0.0046	0.0000	0.0141	1.9153	0.0182	4.7084	0.0614	0.0601	0.0859	2.3212	0.0014	4.8170
17	81	0.0965	9	0	1	0	0	0	0	0	0	N	N	N	N	N	N	N	N	N	N	N	N	8.0970	0.0016	32.4725	0.0027	0.0029	0.0000	9.1711	0.0008	33.9784	0.3014	0.0000	2.3879	0.0001	0.0001	0.0000	0.3581	0.0000	2.5446	0.0372	0.0109	0.0735	0.0277	0.0279	0.0258	0.0390	0.0050	0.0749	20018.0634	4.8895	0.0026	0.0003	1.0133	1.9794	7.9669	1.0196	0.0042	0.0000	0.0042	0.0000	0.0000	0.0000	0.0042	0.0000	0.0042	0.0012	0.0002	0.0010	0.0001	0.0001	0.0000	0.0010	0.0001	0.0010	0.0140	0.0122	0.0018	0.0022	0.0021	0.0001	0.0118	0.0101	0.0017	0.0315	0.0183	0.0132	0.0051	0.0047	0.0004	0.0264	0.0136	0.0129	8.0970	0.0016	32.4725	0.0027	0.0029	0.0000	9.1711	0.0008	33.9784	0.0372	0.0109	0.0735	0.0277	0.0279	0.0258	0.0390	0.0050	0.0749
17	82	0.0943	8	0	1	0	0	0	0	0	0	N	N	N	N	N	N	N	N	N	N	N	N	0.3083	0.1005	2991.9843	0.4460	0.4391	0.0000	0.2577	0.0018	40520.0430	0.0027	0.0015	0.0107	0.0093	0.0098	0.0000	0.0016	0.0000	0.0113	0.0088	0.0151	0.0000	0.0209	0.0224	0.0001	0.0063	0.0124	0.0000	1.0456	0.0002	0.0000	-0.0001	1.0133	1.0114	7.9669	0.0202	0.0000	0.0000	0.0000	0.0000	0.0000	0.0000	0.0000	0.0000	0.0000	0.0001	0.0001	0.0000	0.0000	0.0000	0.0000	0.0001	0.0001	0.0000	0.0072	0.0063	0.0009	0.0010	0.0010	0.0001	0.0062	0.0053	0.0009	0.0114	0.0066	0.0048	0.0019	0.0018	0.0001	0.0095	0.0048	0.0046	0.3083	0.1005	2991.9843	0.4460	0.4391	0.0000	0.2577	0.0018	40520.0430	0.0088	0.0151	0.0000	0.0209	0.0224	0.0001	0.0063	0.0124	0.0000
17	83	0.0738	7	0	1	0	0	0	0	0	0	N	N	N	N	N	N	N	N	N	N	N	N	21.5342	14.3938	29.0482	1.1421	1.1470	0.0000	60.9542	35.9147	108.2243	0.0242	0.0273	0.0018	0.0051	0.0053	0.0000	0.0272	0.0312	0.0018	0.0011	0.0019	0.0001	0.0044	0.0046	0.0018	0.0004	0.0009	0.0000	0.0091	0.0232	-0.0004	-0.0001	1.0133	5.9223	7.9669	3.6882	0.0010	0.0010	0.0000	0.0000	0.0000	0.0000	0.0010	0.0010	0.0000	0.0001	0.0001	0.0000	0.0001	0.0001	0.0000	0.0000	0.0000	0.0000	0.0433	0.0380	0.0054	0.0059	0.0057	0.0002	0.0374	0.0323	0.0051	0.1096	0.0633	0.0463	0.0186	0.0175	0.0011	0.0910	0.0458	0.0452	21.5342	14.3938	29.0482	1.1421	1.1470	0.0000	60.9542	35.9147	108.2243	0.0011	0.0019	0.0001	0.0044	0.0046	0.0018	0.0004	0.0009	0.0000
17	84	0.1615	15	0	2	0	0	0	0	0	0	N	Y	N	N	N	N	N	N	N	N	N	N	0.0000	0.0000	0.0000	0.0000	0.0000	0.0000	0.0000	0.0000	0.0000	0.0000	0.0000	0.0000	0.0000	0.0000	0.0000	0.0000	0.0000	0.0000	2.6031	0.0027	7.0323	0.0082	0.0074	0.0179	3.4771	0.0000	7.4268	1518.5422	0.0000	0.4546	1.0133	7.1084	7.9669	28.8937	0.0000	0.0000	0.0000	0.0000	0.0000	0.0000	0.0000	0.0000	0.0000	0.9960	0.0007	0.9954	0.0008	0.0007	0.0001	0.9952	0.0000	0.9952	0.0508	0.0445	0.0064	0.0078	0.0074	0.0004	0.0430	0.0371	0.0059	0.3826	0.2411	0.1415	0.0964	0.0889	0.0075	0.2862	0.1522	0.1340	0.0000	0.0000	0.0000	0.0000	0.0000	0.0000	0.0000	0.0000	0.0000	2.6031	0.0027	7.0323	0.0082	0.0074	0.0179	3.4771	0.0000	7.4268	
17	85	0.1540	14	0	2	0	0	0	0	0	0	N	Y	N	N	N	N	N	N	N	N	N	N	0.0490	0.0739	0.0000	0.1467	0.1505	0.0000	0.0000	0.0000	0.0000	0.0015	0.0017	0.0000	0.0043	0.0046	0.0000	0.0000	0.0000	0.0000	0.0309	0.0229	0.0484	0.0295	0.0304	0.0039	0.0316	0.0163	0.0501	0.0000	0.9624	-0.0000	-0.0002	1.0133	2.2208	7.9669	3.9129	0.0000	0.0000	0.0000	0.0000	0.0000	0.0000	0.0000	0.0000	0.0000	0.0036	0.0018	0.0018	0.0012	0.0011	0.0000	0.0024	0.0007	0.0018	0.0264	0.0236	0.0028	0.0092	0.0087	0.0005	0.0172	0.0149	0.0023	0.1164	0.0800	0.0365	0.0391	0.0377	0.0013	0.0774	0.0422	0.0351	0.0490	0.0739	0.0000	0.1467	0.1505	0.0000	0.0000	0.0000	0.0000	0.0309	0.0229	0.0484	0.0295	0.0304	0.0039	0.0316	0.0163	0.0501
17	86	0.2295	16	0	1	1	0	0	0	0	0	N	N	N	N	N	N	N	N	N	N	N	N	0.1806	0.1293	0.0000	0.2453	0.2425	0.0000	0.0000	0.0000	0.0000	0.0010	0.0011	0.0000	0.0054	0.0056	0.0000	0.0000	0.0000	0.0000	0.0053	0.0085	0.0003	0.0218	0.0232	0.0038	0.0000	0.0000	0.0001	0.0000	0.0186	-0.0000	-0.0004	1.0133	5.3425	7.9669	7.0749	0.0000	0.0000	0.0000	0.0000	0.0000	0.0000	0.0000	0.0000	0.0000	0.0008	0.0007	0.0000	0.0008	0.0007	0.0000	0.0000	0.0000	0.0000	0.0417	0.0368	0.0049	0.0075	0.0072	0.0004	0.0342	0.0296	0.0046	0.1426	0.0884	0.0542	0.0347	0.0322	0.0024	0.1079	0.0562	0.0518	0.1806	0.1293	0.0000	0.2453	0.2425	0.0000	0.0000	0.0000	0.0000	0.0053	0.0085	0.0003	0.0218	0.0232	0.0038	0.0000	0.0000	0.0001
17	87	0.1863	15	0	1	0	0	0	0	0	0	N	N	N	N	N	N	N	N	N	N	N	N	33.8988	25.3631	0.0004	31.3992	30.3285	0.0000	484.5336	339.2826	0.0008	3.7146	4.1792	0.0000	10.2372	10.6722	0.0000	1.6788	1.9367	0.0000	0.1096	0.1648	0.0017	0.3260	0.3519	0.0112	0.0035	0.0057	0.0009	0.0000	0.0052	-0.0899	-0.0184	1.0133	7.0719	7.9669	13.7350	0.2360	0.2360	0.0000	0.1547	0.1547	0.0000	0.0813	0.0813	0.0000	0.0343	0.0341	0.0002	0.0336	0.0335	0.0001	0.0007	0.0006	0.0001	0.0635	0.0565	0.0071	0.0151	0.0145	0.0006	0.0484	0.0420	0.0064	0.3129	0.2070	0.1059	0.1029	0.0951	0.0078	0.2100	0.1119	0.0981	33.8988	25.3631	0.0004	31.3992	30.3285	0.0000	484.5336	339.2826	0.0008	0.1096	0.1648	0.0017	0.3260	0.3519	0.0112	0.0035	0.0057	0.0009
17	88	0.0795	7	1	1	1	0	0	0	0	0	N	N	N	N	N	N	N	N	N	N	N	N	0.0000	0.0000	0.0000	0.0000	0.0000	0.0000	0.0000	0.0000	0.0000	0.0000	0.0000	0.0000	0.0000	0.0000	0.0000	0.0000	0.0000	0.0000	0.0000	0.0000	1.0133	0.0000	7.9669	0.0000	0.0000	0.0000	0.0000	0.0000	0.0000	0.0000	0.0000	0.0000	0.0000	0.0000	0.0000	0.0000	0.0000	0.0000	0.0000	0.0000	0.0000	0.0000	0.0000	0.0000	0.0000	0.0000	0.0000	0.0000	0.0000	0.0000	0.0000	0.0000	0.0000	0.0000	0.0000	0.0000	0.0000	0.0000	0.0000	0.0000	0.0000	0.0000	0.0000	0.0000	0.0000	0.0000	0.0000	0.0000	0.0000	0.0000	0.0000	0.0000	0.0000	0.0000	0.0000	0.0000	0.0000	0.0000											
17	89	0.0775	6	1	1	1	0	0	0	0	0	N	N	N	N	N	N	N	N	N	N	N	N	0.0000	0.0000	0.0000	0.0000	0.0000	0.0000	0.0000	0.0000	0.0000	0.0000	0.0000	0.0000	0.0000	0.0000	0.0000	0.0000	0.0000	0.0112	0.0000	0.0323	0.0330	0.0000	0.9041	0.0013	0.0000	0.0028	66171.4062	0.0000	0.0001	1.0133	0.0001	7.9669	0.9161	0.0000	0.0000	0.0000	0.0000	0.0000	0.0000	0.0000	0.0000	0.0000	0.0002	0.0000	0.0002	0.0002	0.0000	0.0002	0.0000	0.0000	0.0000	0.0000	0.0000	0.0000	0.0000	0.0000	0.0000	0.0000	0.0000	0.0000	0.0189	0.0124	0.0065	0.0059	0.0056	0.0003	0.0130	0.0068	0.0063	0.0000	0.0000	0.0000	0.0000	0.0000	0.0000	0.0000	0.0000	0.0000	0.0112	0.0000	0.0323	0.0330	0.0000	0.6758	0.0013	0.0000	0.0028		
17	90	0.0528	5	1	1	1	0	0	0	0	0	N	N	N	N	N	N	N	N	N	N	N	N	0.0005	0.0003	0.0000	0.0004	0.0004	0.0000	0.0000	0.0000	0.0000	0.0000	0.0000	0.0000	0.0000	0.0000	0.0000	0.0000	0.0000	0.0000	0.0117	0.0210	0.0001	0.1074	0.1116	0.0041	0.0000	0.0000	0.0000	0.0000	0.0026	-0.0000	-0.0008	1.0133	3.7876	7.9669	7.8440	0.0000	0.0000	0.0000	0.0000	0.0000	0.0000	0.0000	0.0000	0.0000	0.0015	0.0015	0.0000	0.0015	0.0015	0.0000	0.0000	0.0000	0.0000	0.0281	0.0245	0.0035	0.0036	0.0034	0.0002	0.0245	0.0211	0.0034	0.1293	0.0722	0.0571	0.0141	0.0136	0.0005	0.1152	0.0586	0.0566	0.0005	0.0003	0.0000	0.0004	0.0004	0.0000	0.0000	0.0000	0.0000	0.0117	0.0210	0.0001	0.1074	0.1116	0.0041	0.0000	0.0000	0.0000
17	91	0.1346	13	0	2	0	1	0	0	0	0	N	Y	N	N	N	N	N	N	N	N	N	N	0.0000	0.0000	0.0000	0.0000	0.0000	0.0000	0.0000	0.0000	0.0000	0.0000	0.0000	0.0000	0.0000	0.0000	0.0000	0.0000	0.0000	0.0000	9.9567	0.1830	44.7774	0.7772	0.5449	11.4073	12.5374	0.0000	37.6288	0.0000	88.1622	-0.0000	0.8925	1.0133	1.8247	7.9669	16.3284	0.0000	0.0000	0.0000	0.0000	0.0000	0.0000	0.0000	0.0000	0.0000	2.0019	0.0225	1.9794	0.0343	0.0225	0.0118	1.9676	0.0000	1.9676	0.0174	0.0154	0.0020	0.0042	0.0041	0.0001	0.0132	0.0113	0.0019	0.2011	0.1227	0.0784	0.0441	0.0412	0.0029	0.1569	0.0815	0.0755	0.0000	0.0000	0.0000	0.0000	0.0000	0.0000	0.0000	0.0000	0.0000	9.9567	0.1830	25.2534	0.7772	0.5449	4.0525	12.5374	0.0000	26.0744
17	92	0.1241	12	0	2	0	0	0	0	0	0	N	Y	N	N	N	N	N	N	N	N	N	N	0.0131	0.0000	99.2552	0.0000	0.0000	0.0000	1.2721	0.0000	inf	0.0012	0.0000	0.0098	0.0000	0.0000	0.0000	0.0015	0.0000	0.0104	0.0920	0.1551	0.0001	0.5360	0.5789	0.0032	0.0011	0.0022	0.0000	inf	0.0004	0.0000	-0.0124	1.0133	9.1310	7.9669	16.1726	0.0001	0.0000	0.0001	0.0000	0.0000	0.0000	0.0001	0.0000	0.0001	0.0229	0.0229	0.0000	0.0227	0.0227	0.0000	0.0002	0.0002	0.0000	0.0664	0.0582	0.0082	0.0114	0.0109	0.0005	0.0550	0.0473	0.0077	0.2492	0.1477	0.1015	0.0423	0.0392	0.0032	0.2069	0.1085	0.0984	0.0131	0.0000	99.2552	0.0000	0.0000	0.0000	1.2721	0.0000	inf	0.0920	0.1551	0.0001	0.5360	0.5789	0.0032	0.0011	0.0022	0.0000
17	93	0.2090	18	0	2	0	0	0	0	0	0	N	Y	N	N	N	N	N	N	N	N	N	N	0.0000	0.0000	0.0000	0.0000	0.0000	0.0000	0.0000	0.0000	0.0000	0.0000	0.0000	0.0000	0.0000	0.0000	0.0000	0.0000	0.0000	0.0000	7.0088	10.8357	0.0000	0.3270	0.3634	0.0003	10.7039	21.1171	0.0000	0.0000	0.0000	-0.6195	1.0133	4.0959	7.9669	8.7137	0.0000	0.0000	0.0000	0.0000	0.0000	0.0000	0.0000	0.0000	0.0000	1.1410	1.1410	0.0000	0.0190	0.0190	0.0000	1.1221	1.1221	0.0000	0.0308	0.0268	0.0039	0.0055	0.0052	0.0002	0.0253	0.0216	0.0037	0.1628	0.1053	0.0575	0.0580	0.0522	0.0058	0.1048	0.0531	0.0517	0.0000	0.0000	0.0000	0.0000	0.0000	0.0000	0.0000	0.0000	0.0000	7.0088	10.8357	0.0000	0.3270	0.3634	0.0003	10.7039	21.1171	0.0000	
17	94	0.1908	17	0	2	0	0	0	0	0	0	N	Y	N	N	N	N	N	N	N	N	N	N	0.0000	0.0000	0.0000	0.0000	0.0000	0.0000	0.0000	0.0000	0.0000	0.0000	0.0000	0.0000	0.0000	0.0000	0.0000	0.0000	0.0000	0.0000	2.0756	2.9784	0.4971	4.0499	3.9193	0.1521	1.3621	2.1799	0.5253	0.0955	0.0000	-0.0973	1.0133	2.9443	7.9669	6.1524	0.0000	0.0000	0.0000	0.0000	0.0000	0.0000	0.0000	0.0000	0.0000	0.2134	0.1948	0.0186	0.1181	0.1177	0.0004	0.0953	0.0771	0.0182	0.0234	0.0203	0.0031	0.0052	0.0050	0.0002	0.0182	0.0153	0.0029	0.1028	0.0654	0.0374	0.0328	0.0300	0.0028	0.0700	0.0354	0.0346	0.0000	0.0000	0.0000	0.0000	0.0000	0.0000	0.0000	0.0000	0.0000	2.0756	2.9784	0.4971	3.5955	3.9193	0.1521	1.3621	2.1799	0.5253	
17	95	0.1883	16	0	1	0	0	0	0	0	0	N	N	N	N	N	N	N	N	N	N	N	N	0.0000	0.0000	0.0000	0.0000	0.0000	0.0000	0.0000	0.0000	0.0000	0.0000	0.0000	0.0000	0.0001	0.0001	0.0000	0.0000	0.0000	0.0000	5.2514	7.6765	0.0007	4.0894	3.8624	0.0069	6.3616	12.4192	0.0002	0.0000	0.0000	-0.0000	-0.1308	1.0133	0.8596	7.9669	1.2300	0.0000	0.0000	0.0000	0.0000	0.0000	0.0000	0.0000	0.0000	0.0000	0.2410	0.2410	0.0000	0.0672	0.0672	0.0000	0.1738	0.1738	0.0000	0.0067	0.0059	0.0009	0.0014	0.0014	0.0001	0.0053	0.0045	0.0008	0.0459	0.0314	0.0145	0.0186	0.0174	0.0012	0.0273	0.0140	0.0133	0.0000	0.0000	0.0000	0.0000	0.0000	0.0000	0.0000	0.0000	0.0000	5.2514	7.6765	0.0007	3.6187	3.8624	0.0069	6.3616	12.4192	0.0002
17	96	0.1765	15	0	1	0	0	0	0	0	0	N	N	N	N	N	N	N	N	N	N	N	N	0.0000	0.0000	0.0279	0.0000	0.0000	0.0000	0.0000	0.0000	0.0396	0.0000	0.0000	0.0000	0.0000	0.0000	0.0000	0.0000	0.0000	0.0000	3.2283	5.0993	0.0007	3.0923	3.1002	0.0033	3.4084	7.7412	0.0006	inf	0.0001	0.0000	-0.2062	1.0133	3.7737	7.9669	2.5241	0.0000	0.0000	0.0000	0.0000	0.0000	0.0000	0.0000	0.0000	0.0000	0.3798	0.3797	0.0000	0.1314	0.1314	0.0000	0.2483	0.2483	0.0000	0.0377	0.0334	0.0043	0.0106	0.0101	0.0005	0.0271	0.0233	0.0038	0.1176	0.0745	0.0432	0.0448	0.0424	0.0024	0.0729	0.0321	0.0408	0.0000	0.0000	0.0279	0.0000	0.0000	0.0000	0.0000	0.0000	0.0396	3.2283	5.0993	0.0007	2.9352	3.1002	0.0033	3.4084	7.7412	0.0006
17	97	0.1556	14	0	1	0	0	0	0	0	0	N	N	N	N	N	N	N	N	N	N	N	N	0.0000	0.0000	0.0000	0.0000	0.0000	0.0000	0.0000	0.0000	0.0000	0.0000	0.0000	0.0000	0.0000	0.0000	0.0000	0.0000	0.0000	0.0000	5.0893	8.1170	0.0047	0.3023	0.3209	0.0189	6.6649	12.7086	0.0041	0.0000	0.0003	-0.0000	-0.3688	1.0133	6.4922	7.9669	4.5502	0.0000	0.0000	0.0000	0.0000	0.0000	0.0000	0.0000	0.0000	0.0000	0.6797	0.6794	0.0002	0.0100	0.0100	0.0000	0.6697	0.6695	0.0002	0.0464	0.0405	0.0059	0.0074	0.0070	0.0004	0.0391	0.0335	0.0055	0.1335	0.0837	0.0498	0.0331	0.0310	0.0020	0.1005	0.0527	0.0478	0.0000	0.0000	0.0000	0.0000	0.0000	0.0000	0.0000	0.0000	0.0000	5.0893	8.1170	0.0047	0.3023	0.3209	0.0189	6.6649	12.7086	0.0041
17	98	0.0528	5	0	2	0	0	0	0	0	0	N	Y	N	N	N	N	N	N	N	N	N	N	0.0000	0.0441	0.0000	0.0134	0.0405	0.0000	0.0000	0.0000	0.0000	0.0000	0.0000	0.0000	0.0001	0.0001	0.0000	0.0000	0.0000	0.0000	6.2613	0.0004	14.1382	0.0058	0.0020	0.0968	7.0040	0.0000	14.2744	0.0000	30418.8517	-0.0000	0.4232	1.0133	1.3608	7.9669	12.1483	0.0000	0.0000	0.0000	0.0000	0.0000	0.0000	0.0000	0.0000	0.0000	0.9260	0.0000	0.9260	0.0001	0.0000	0.0001	0.9259	0.0000	0.9259	0.0112	0.0098	0.0013	0.0020	0.0020	0.0001	0.0091	0.0079	0.0013	0.1479	0.0824	0.0655	0.0157	0.0151	0.0006	0.1322	0.0673	0.0649	0.0000	0.0441	0.0000	0.0134	0.0405	0.0000	0.0000	0.0000	0.0000	6.2613	0.0004	14.1382	0.0058	0.0020	0.0968	7.0040	0.0000	14.2744
17	99	0.0491	4	0	1	0	0	0	0	0	0	N	N	N	N	N	N	N	N	N	N	N	N	0.0036	0.0096	0.0007	0.0080	0.0087	0.0000	0.0003	0.0000	0.0009	0.0002	0.0002	0.0001	0.0005	0.0006	0.0000	0.0000	0.0000	0.0001	0.0526	0.0220	0.0962	0.0681	0.0695	0.0035	0.0495	0.0036	0.0970	0.0490	3.0757	-0.0000	0.0003	1.0133	1.5300	7.9669	0.7696	0.0000	0.0000	0.0000	0.0000	0.0000	0.0000	0.0000	0.0000	0.0000	0.0016	0.0004	0.0012	0.0004	0.0004	0.0000	0.0013	0.0000	0.0012	0.0184	0.0159	0.0025	0.0062	0.0056	0.0006	0.0122	0.0103	0.0018	0.0313	0.0184	0.0129	0.0052	0.0051	0.0001	0.0261	0.0133	0.0128	0.0036	0.0096	0.0007	0.0080	0.0087	0.0000	0.0003	0.0000	0.0009	0.0526	0.0220	0.0962	0.0681	0.0695	0.0035	0.0495	0.0036	0.0970
17	104	0.2105	16	0	2	0	0	0	0	0	0	N	Y	N	N	N	N	N	N	N	N	N	N	0.0108	0.0097	0.0000	0.0134	0.0129	0.0000	0.0000	0.0000	0.0000	0.0005	0.0006	0.0000	0.0014	0.0014	0.0000	0.0000	0.0000	0.0000	0.0447	0.0572	0.0001	0.1027	0.1092	0.0001	0.0008	0.0012	0.0001	0.0000	0.0005	-0.0000	-0.0008	1.0133	0.0277	7.9669	1.3445	0.0000	0.0000	0.0000	0.0000	0.0000	0.0000	0.0000	0.0000	0.0000	0.0015	0.0015	0.0000	0.0015	0.0015	0.0000	0.0000	0.0000	0.0000	0.0004	0.0003	0.0000	0.0001	0.0001	0.0000	0.0002	0.0002	0.0000	0.0330	0.0258	0.0073	0.0142	0.0134	0.0008	0.0188	0.0124	0.0064	0.0108	0.0097	0.0000	0.0134	0.0129	0.0000	0.0000	0.0000	0.0000	0.0447	0.0572	0.0001	0.1027	0.1092	0.0001	0.0008	0.0012	0.0001
17	105	0.1638	15	0	2	0	0	0	0	0	0	N	Y	N	N	N	N	N	N	N	N	N	N	0.0006	0.0004	0.0000	0.0007	0.0006	0.0000	0.0006	0.0005	0.0000	0.0001	0.0001	0.0000	0.0004	0.0004	0.0000	0.0000	0.0000	0.0000	0.1384	0.2188	0.0025	0.5752	0.6203	0.0003	0.0087	0.0139	0.0026	0.0000	0.0067	-0.0000	-0.0167	1.0133	5.1414	7.9669	16.4151	0.0000	0.0000	0.0000	0.0000	0.0000	0.0000	0.0000	0.0000	0.0000	0.0311	0.0309	0.0002	0.0296	0.0296	0.0000	0.0015	0.0013	0.0002	0.0380	0.0333	0.0047	0.0075	0.0071	0.0003	0.0306	0.0262	0.0044	0.2245	0.1410	0.0834	0.0514	0.0477	0.0037	0.1731	0.0934	0.0797	0.0006	0.0004	0.0000	0.0007	0.0006	0.0000	0.0006	0.0005	0.0000	0.1384	0.2188	0.0025	0.5752	0.6203	0.0003	0.0087	0.0139	0.0026
17	106	0.1556	14	0	1	0	0	0	0	0	0	N	N	N	N	N	N	N	N	N	N	N	N	0.0002	0.0002	0.0000	0.0000	0.0000	0.0000	0.0010	0.0006	0.0000	0.0001	0.0001	0.0000	0.0000	0.0000	0.0000	0.0001	0.0001	0.0000	0.4273	0.6537	0.0183	1.2004	1.2604	0.0381	0.1203	0.2144	0.0175	0.0000	0.0155	-0.0000	-0.0180	1.0133	3.8974	7.9669	1.6364	0.0000	0.0000	0.0000	0.0000	0.0000	0.0000	0.0000	0.0000	0.0000	0.0341	0.0336	0.0005	0.0272	0.0272	0.0000	0.0069	0.0064	0.0005	0.0289	0.0252	0.0037	0.0048	0.0046	0.0002	0.0241	0.0206	0.0034	0.0798	0.0514	0.0284	0.0227	0.0216	0.0011	0.0571	0.0298	0.0273	0.0002	0.0002	0.0000	0.0000	0.0000	0.0000	0.0010	0.0006	0.0000	0.4273	0.6537	0.0183	1.2004	1.2604	0.0381	0.1203	0.2144	0.0175
17	107	0.1346	13	0	1	0	0	0	0	0	0	N	N	N	N	N	N	N	N	N	N	N	N	0.0000	0.0000	0.0000	0.0000	0.0000	0.0000	0.0000	0.0000	0.0000	0.0000	0.0000	0.0000	0.0000	0.0000	0.0000	0.0000	0.0000	0.0000	0.4083	0.6353	0.0424	0.7901	0.8341	0.0440	0.2842	0.5494	0.0423	0.0000	0.0414	-0.0000	-0.0258	1.0133	0.3701	7.9669	9.6236	0.0000	0.0000	0.0000	0.0000	0.0000	0.0000	0.0000	0.0000	0.0000	0.0513	0.0493	0.0020	0.0244	0.0243	0.0001	0.0270	0.0250	0.0020	0.0073	0.0066	0.0007	0.0027	0.0027	0.0000	0.0045	0.0039	0.0007	0.1258	0.0776	0.0481	0.0308	0.0291	0.0017	0.0949	0.0485	0.0464	0.0000	0.0000	0.0000	0.0000	0.0000	0.0000	0.0000	0.0000	0.0000	0.4083	0.6353	0.0424	0.7901	0.8341	0.0440	0.2842	0.5159	0.0423
17	108	0.1241	12	0	1	0	0	0	0	0	0	N	N	N	N	N	N	N	N	N	N	N	N	0.0000	0.0000	0.0000	0.0000	0.0000	0.0000	0.0000	0.0000	0.0000	0.0000	0.0000	0.0000	0.0000	0.0000	0.0000	0.0000	0.0000	0.0000	0.3967	0.3070	0.5298	0.0414	0.0415	0.0391	0.4881	0.4618	0.5440	0.0000	1.1623	-0.0000	-0.0001	1.0133	0.4415	7.9669	4.8853	0.0000	0.0000	0.0000	0.0000	0.0000	0.0000	0.0000	0.0000	0.0000	0.0252	0.0117	0.0136	0.0005	0.0005	0.0000	0.0247	0.0112	0.0135	0.0078	0.0070	0.0007	0.0028	0.0028	0.0000	0.0050	0.0043	0.0007	0.0636	0.0380	0.0256	0.0130	0.0123	0.0007	0.0506	0.0257	0.0249	0.0000	0.0000	0.0000	0.0000	0.0000	0.0000	0.0000	0.0000	0.0000	0.3967	0.3070	0.5298	0.0414	0.0415	0.0391	0.4881	0.4341	0.5440
17	109	0.1465	11	1	2	0	1	0	0	0	0	N	Y	N	N	N	N	N	N	N	N	N	N	0.0000	0.0000	0.0000	0.0000	0.0000	0.0000	0.0000	0.0000	0.0000	0.0000	0.0000	0.0000	0.0000	0.0000	0.0000	0.0000	0.0000	0.0000	0.0000	0.0000	1.0133	0.0000	7.9669	0.0000	0.0000	0.0000	0.0000	0.0000	0.0000	0.0000	0.0000	0.0000	0.0000	0.0000	0.0000	0.0000	0.0000	0.0000	0.0000	0.0000	0.0000	0.0000	0.0000	0.0000	0.0000	0.0000	0.0000	0.0000	0.0000	0.0000	0.0000	0.0000	0.0000	0.0000	0.0000	0.0000	0.0000	0.0000	0.0000	0.0000	0.0000	0.0000	0.0000	0.0000	0.0000	0.0000	0.0000	0.0000	0.0000	0.0000	0.0000	0.0000	0.0000	0.0000	0.0000	0.0000	0.0000	0.0000											
17	110	0.1315	10	1	2	0	1	0	0	0	0	N	Y	N	N	N	N	N	N	N	N	N	N	0.0000	0.0000	0.0000	0.0000	0.0000	0.0000	0.0000	0.0000	0.0000	0.0000	0.0000	0.0000	0.0000	0.0000	0.0000	0.2879	0.0000	0.7294	1.1997	0.0000	92.9275	0.0020	0.0000	0.0041	inf	0.0000	0.0105	1.0133	0.0000	7.9669	7.1240	0.0000	0.0000	0.0000	0.0000	0.0000	0.0000	0.0000	0.0000	0.0000	0.0229	0.0000	0.0229	0.0228	0.0000	0.0228	0.0001	0.0000	0.0001	0.0000	0.0000	0.0000	0.0000	0.0000	0.0000	0.0000	0.0000	0.0000	0.0795	0.0481	0.0314	0.0190	0.0168	0.0021	0.0605	0.0313	0.0292	0.0000	0.0000	0.0000	0.0000	0.0000	0.0000	0.0000	0.0000	0.0000	0.2879	0.0000	0.7294	1.1997	0.0000	10.6876	0.0020	0.0000	0.0041				
17	111	0.1405	12	0	2	0	1	0	0	0	0	N	Y	N	N	N	N	N	N	N	N	N	N	0.0000	0.0000	0.0000	0.0000	0.0000	0.0000	0.0000	0.0000	0.0000	0.0000	0.0000	0.0000	0.0000	0.0000	0.0000	0.0002	0.0003	0.0000	0.0008	0.0009	0.0000	0.0000	0.0000	0.0000	0.0001	0.0000	-0.0000	1.0133	0.0016	7.9669	5.0076	0.0000	0.0000	0.0000	0.0000	0.0000	0.0000	0.0000	0.0000	0.0000	0.0000	0.0000	0.0000	0.0000	0.0000	0.0000	0.0000	0.0000	0.0000	0.0000	0.0000	0.0000	0.0000	0.0000	0.0000	0.0000	0.0000	0.0000	0.0539	0.0328	0.0211	0.0133	0.0114	0.0019	0.0406	0.0214	0.0192	0.0000	0.0000	0.0000	0.0000	0.0000	0.0000	0.0000	0.0000	0.0000	0.0002	0.0003	0.0000	0.0008	0.0009	0.0000	0.0000	0.0000	0.0000				
17	112	0.1337	11	0	2	0	1	0	0	0	0	N	Y	N	N	N	N	N	N	N	N	N	N	0.0000	0.0000	0.0000	0.0000	0.0000	0.0000	0.0000	0.0000	0.0000	0.0000	0.0000	0.0000	0.0000	0.0000	0.0000	0.0000	0.0000	0.0000	0.0003	0.0000	0.0007	0.0001	0.0001	0.0001	0.0004	0.0000	0.0007	20.5881	0.0000	0.0000	1.0133	1.0012	7.9669	2.1373	0.0000	0.0000	0.0000	0.0000	0.0000	0.0000	0.0000	0.0000	0.0000	0.0000	0.0000	0.0000	0.0000	0.0000	0.0000	0.0000	0.0000	0.0000	0.0069	0.0060	0.0009	0.0011	0.0011	0.0001	0.0058	0.0050	0.0008	0.0381	0.0231	0.0150	0.0098	0.0088	0.0010	0.0284	0.0143	0.0141	0.0000	0.0000	0.0000	0.0000	0.0000	0.0000	0.0000	0.0000	0.0000	0.0003	0.0000	0.0007	0.0001	0.0001	0.0001	0.0004	0.0000	0.0007	
17	113	0.1420	11	0	2	0	0	0	0	0	0	N	Y	N	N	N	N	N	N	N	N	N	N	0.0000	0.0000	0.0000	0.0000	0.0000	0.0000	0.0000	0.0000	0.0000	0.0000	0.0000	0.0000	0.0000	0.0000	0.0000	0.0000	0.0000	0.0000	0.0000	0.0000	0.0000	0.0000	0.0000	0.0000	0.0000	0.0000	0.0000	0.3004	0.0000	-0.0000	1.0133	0.9705	7.9669	5.0371	0.0000	0.0000	0.0000	0.0000	0.0000	0.0000	0.0000	0.0000	0.0000	0.0000	0.0000	0.0000	0.0000	0.0000	0.0000	0.0000	0.0000	0.0000	0.0079	0.0070	0.0009	0.0019	0.0018	0.0001	0.0060	0.0052	0.0008	0.0626	0.0385	0.0242	0.0159	0.0141	0.0018	0.0467	0.0244	0.0223	0.0000	0.0000	0.0000	0.0000	0.0000	0.0000	0.0000	0.0000	0.0000	0.0000	0.0000	0.0000	0.0000	0.0000	0.0000	0.0000	0.0000	0.0000	
17	114	0.1337	11	0	1	1	1	0	0	0	0	N	N	N	N	N	N	N	N	N	N	N	N	0.0000	0.0000	0.0000	0.0000	0.0000	0.0000	0.0000	0.0000	0.0000	0.0000	0.0000	0.0000	0.0000	0.0000	0.0000	0.0000	0.0000	0.0000	0.0000	0.0000	1.0133	0.0000	7.9669	1.1303	0.0000	0.0000	0.0000	0.0000	0.0000	0.0000	0.0000	0.0000	0.0000	0.0000	0.0000	0.0000	0.0000	0.0000	0.0000	0.0000	0.0000	0.0000	0.0000	0.0000	0.0000	0.0000	0.0000	0.0000	0.0000	0.0000	0.0000	0.0170	0.0103	0.0066	0.0051	0.0048	0.0003	0.0118	0.0056	0.0063	0.0000	0.0000	0.0000	0.0000	0.0000	0.0000	0.0000	0.0000	0.0000	0.0000	0.0000	0.0000	0.0000	0.0000	0.0000	0.0000	0.0000	0.0000											
17	115	0.1315	10	0	1	0	1	0	0	0	0	N	N	N	N	N	N	N	N	N	N	N	N	0.0000	0.0000	0.0000	0.0000	0.0000	0.0000	0.0000	0.0000	0.0000	0.0000	0.0000	0.0000	0.0000	0.0000	0.0000	0.0004	0.0007	0.0000	0.0013	0.0014	0.0000	0.0000	0.0001	0.0000	0.0000	0.0000	-0.0000	1.0133	0.0000	7.9669	1.2340	0.0000	0.0000	0.0000	0.0000	0.0000	0.0000	0.0000	0.0000	0.0000	0.0000	0.0000	0.0000	0.0000	0.0000	0.0000	0.0000	0.0000	0.0000	0.0000	0.0000	0.0000	0.0000	0.0000	0.0000	0.0000	0.0000	0.0000	0.0184	0.0113	0.0071	0.0056	0.0052	0.0004	0.0129	0.0061	0.0067	0.0000	0.0000	0.0000	0.0000	0.0000	0.0000	0.0000	0.0000	0.0000	0.0004	0.0007	0.0000	0.0013	0.0014	0.0000	0.0000	0.0001	0.0000				
17	116	0.1390	11	0	1	1	1	0	0	0	0	N	N	N	N	N	N	N	N	N	N	N	N	0.0000	0.0000	0.0000	0.0000	0.0000	0.0000	0.0000	0.0000	0.0000	0.0000	0.0000	0.0000	0.0000	0.0000	0.0000	0.0000	0.0000	0.0000	0.0000	0.0000	0.0000	0.0000	0.0000	0.0000	0.0000	0.0000	-0.0000	1.0133	0.9725	7.9669	0.9874	0.0000	0.0000	0.0000	0.0000	0.0000	0.0000	0.0000	0.0000	0.0000	0.0000	0.0000	0.0000	0.0000	0.0000	0.0000	0.0000	0.0000	0.0000	0.0074	0.0065	0.0009	0.0016	0.0015	0.0001	0.0059	0.0050	0.0008	0.0222	0.0139	0.0083	0.0057	0.0051	0.0007	0.0165	0.0089	0.0076	0.0000	0.0000	0.0000	0.0000	0.0000	0.0000	0.0000	0.0000	0.0000	0.0000	0.0000	0.0000	0.0000	0.0000	0.0000	0.0000	0.0000	0.0000				
17	117	0.1390	11	0	1	1	1	0	0	0	0	N	N	N	N	N	N	N	N	N	N	N	N	0.0000	0.0000	0.0000	0.0000	0.0000	0.0000	0.0000	0.0000	0.0000	0.0000	0.0000	0.0000	0.0000	0.0000	0.0000	0.0000	0.0000	0.0000	0.0000	0.0000	0.0000	0.0000	0.0000	0.0000	0.0000	0.0000	0.0092	0.0000	-0.0000	1.0133	0.0285	7.9669	4.0215	0.0000	0.0000	0.0000	0.0000	0.0000	0.0000	0.0000	0.0000	0.0000	0.0000	0.0000	0.0000	0.0000	0.0000	0.0000	0.0000	0.0000	0.0000	0.0008	0.0007	0.0001	0.0003	0.0003	0.0000	0.0004	0.0004	0.0001	0.0440	0.0273	0.0167	0.0110	0.0096	0.0013	0.0330	0.0177	0.0153	0.0000	0.0000	0.0000	0.0000	0.0000	0.0000	0.0000	0.0000	0.0000	0.0000	0.0000	0.0000	0.0000	0.0000	0.0000	0.0000	0.0000	0.0000		
17	118	0.1315	10	0	1	1	1	0	0	0	0	N	N	N	N	N	N	N	N	N	N	N	N	0.0000	0.0000	0.0000	0.0000	0.0000	0.0000	0.0000	0.0000	0.0000	0.0000	0.0000	0.0000	0.0000	0.0000	0.0000	0.0001	0.0002	0.0000	0.0005	0.0006	0.0000	0.0000	0.0000	0.0000	0.0000	0.0000	-0.0000	1.0133	3.0275	7.9669	2.1573	0.0000	0.0000	0.0000	0.0000	0.0000	0.0000	0.0000	0.0000	0.0000	0.0000	0.0000	0.0000	0.0000	0.0000	0.0000	0.0000	0.0000	0.0000	0.0206	0.0180	0.0026	0.0033	0.0031	0.0002	0.0173	0.0149	0.0024	0.0597	0.0362	0.0235	0.0147	0.0131	0.0016	0.0451	0.0231	0.0219	0.0000	0.0000	0.0000	0.0000	0.0000	0.0000	0.0000	0.0000	0.0000	0.0001	0.0002	0.0000	0.0005	0.0006	0.0000	0.0000	0.0000	0.0000				
17	119	0.1728	10	1	2	0	0	0	0	0	0	N	Y	N	N	N	N	N	N	N	N	N	N	0.0005	0.0004	0.0000	0.0000	0.0000	0.0000	0.0088	0.8353	0.0000	0.0000	0.0000	0.0000	0.0000	0.0000	0.0000	0.0000	0.0000	0.0000	0.0005	0.0007	0.0001	0.0018	0.0019	0.0009	0.0000	0.0000	0.0001	0.0000	0.0910	-0.0000	-0.0000	1.0133	2.1883	7.9669	3.1271	0.0000	0.0000	0.0000	0.0000	0.0000	0.0000	0.0000	0.0000	0.0000	0.0000	0.0000	0.0000	0.0000	0.0000	0.0000	0.0000	0.0000	0.0000	0.0187	0.0166	0.0020	0.0045	0.0043	0.0002	0.0142	0.0123	0.0019	0.0644	0.0402	0.0242	0.0168	0.0158	0.0010	0.0476	0.0244	0.0231	0.0005	0.0004	0.0000	0.0000	0.0000	0.0000	0.0088	0.8353	0.0000	0.0005	0.0007	0.0001	0.0018	0.0019	0.0009	0.0000	0.0000	0.0001
17	120	0.1058	9	1	2	0	0	0	0	0	0	N	Y	N	N	N	N	N	N	N	N	N	N	5.3783	4.8773	0.0000	0.0000	0.0000	0.0000	6.9845	4.7788	0.0000	0.0008	0.0009	0.0000	0.0000	0.0000	0.0000	0.0010	0.0011	0.0000	0.0002	0.0002	0.0001	0.0002	0.0001	0.0025	0.0001	0.0002	0.0000	0.0000	0.3569	-0.0000	-0.0000	1.0133	13.6104	7.9669	16.0982	0.0001	0.0001	0.0000	0.0000	0.0000	0.0000	0.0001	0.0001	0.0000	0.0000	0.0000	0.0000	0.0000	0.0000	0.0000	0.0000	0.0000	0.0000	0.0989	0.0868	0.0121	0.0155	0.0148	0.0007	0.0833	0.0719	0.0114	0.2955	0.1734	0.1221	0.0481	0.0451	0.0030	0.2475	0.1283	0.1191	5.3783	4.8773	0.0000	0.0000	0.0000	0.0000	6.9845	4.7788	0.0000	0.0002	0.0002	0.0001	0.0002	0.0001	0.0025	0.0001	0.0002	0.0000
17	121	0.1104	9	0	2	0	0	0	0	0	0	N	Y	N	N	N	N	N	N	N	N	N	N	0.0333	0.0252	0.0000	0.0266	0.0259	0.0000	0.0000	0.0000	0.0000	0.0035	0.0039	0.0000	0.0086	0.0087	0.0000	0.0000	0.0000	0.0000	0.1049	0.1529	0.0000	0.3215	0.3350	0.0007	0.0000	0.0000	0.0000	0.0000	0.0001	-0.0000	-0.0053	1.0133	0.3548	7.9669	4.6068	0.0000	0.0000	0.0000	0.0000	0.0000	0.0000	0.0000	0.0000	0.0000	0.0098	0.0098	0.0000	0.0098	0.0098	0.0000	0.0000	0.0000	0.0000	0.0086	0.0078	0.0008	0.0035	0.0035	0.0000	0.0051	0.0043	0.0008	0.0937	0.0642	0.0294	0.0305	0.0293	0.0012	0.0631	0.0349	0.0282	0.0333	0.0252	0.0000	0.0266	0.0259	0.0000	0.0000	0.0000	0.0000	0.1049	0.1529	0.0000	0.3215	0.3350	0.0007	0.0000	0.0000	0.0000
17	122	0.0955	8	0	2	0	0	0	0	0	0	N	Y	N	N	N	N	N	N	N	N	N	N	0.0156	0.0104	0.0026	0.0002	0.0002	0.0000	0.0170	0.0100	0.0027	0.0018	0.0020	0.0000	0.0000	0.0000	0.0000	0.0024	0.0028	0.0000	0.1150	0.1943	0.0029	0.0155	0.0162	0.0021	0.1386	0.2754	0.0029	0.0005	0.0104	-0.0000	-0.0054	1.0133	1.6911	7.9669	5.7022	0.0000	0.0000	0.0000	0.0000	0.0000	0.0000	0.0000	0.0000	0.0000	0.0101	0.0100	0.0001	0.0003	0.0003	0.0000	0.0098	0.0097	0.0001	0.0168	0.0149	0.0019	0.0040	0.0040	0.0001	0.0128	0.0109	0.0019	0.0876	0.0513	0.0363	0.0168	0.0160	0.0008	0.0708	0.0353	0.0355	0.0156	0.0104	0.0026	0.0002	0.0002	0.0000	0.0170	0.0100	0.0027	0.1150	0.1943	0.0029	0.0155	0.0162	0.0021	0.1386	0.2754	0.0029
17	124	0.1466	12	1	2	0	0	0	0	0	0	N	Y	N	N	N	N	N	N	N	N	N	N	0.0000	0.0000	0.0000	0.0000	0.0000	0.0000	0.0000	0.0000	0.0000	0.0000	0.0000	0.0000	0.0000	0.0000	0.0000	0.0000	0.0000	0.0000	0.0000	0.0000	1.0133	0.0000	7.9669	0.0000	0.0000	0.0000	0.0000	0.0000	0.0000	0.0000	0.0000	0.0000	0.0000	0.0000	0.0000	0.0000	0.0000	0.0000	0.0000	0.0000	0.0000	0.0000	0.0000	0.0000	0.0000	0.0000	0.0000	0.0000	0.0000	0.0000	0.0000	0.0000	0.0000	0.0000	0.0000	0.0000	0.0000	0.0000	0.0000	0.0000	0.0000	0.0000	0.0000	0.0000	0.0000	0.0000	0.0000	0.0000	0.0000	0.0000	0.0000	0.0000	0.0000	0.0000	0.0000	0.0000	0.0000	0.0000											
17	125	0.1420	11	1	2	0	0	0	0	0	0	N	Y	N	N	N	N	N	N	N	N	N	N	0.0000	0.0000	0.0000	0.0000	0.0000	0.0000	0.0000	0.0000	0.0000	0.0000	0.0000	0.0000	0.0000	0.0000	0.0000	0.0000	0.0000	0.0004	0.0007	0.0000	0.0016	0.0017	0.0000	0.0000	0.0000	0.0000	0.0001	0.0000	-0.0000	1.0133	0.1434	7.9669	1.9839	0.0000	0.0000	0.0000	0.0000	0.0000	0.0000	0.0000	0.0000	0.0000	0.0000	0.0000	0.0000	0.0000	0.0000	0.0000	0.0000	0.0000	0.0000	0.0022	0.0020	0.0002	0.0009	0.0009	0.0000	0.0013	0.0011	0.0002	0.0244	0.0152	0.0092	0.0067	0.0060	0.0007	0.0177	0.0092	0.0085	0.0000	0.0000	0.0000	0.0000	0.0000	0.0000	0.0000	0.0000	0.0000	0.0004	0.0007	0.0000	0.0016	0.0017	0.0000	0.0000	0.0000	0.0000		
17	126	0.1315	10	0	2	0	0	0	0	0	0	N	Y	N	N	N	N	N	N	N	N	N	N	0.0000	0.0000	0.0000	0.0000	0.0000	0.0000	0.0000	0.0000	0.0000	0.0000	0.0000	0.0000	0.0000	0.0000	0.0000	0.0002	0.0003	0.0000	0.0006	0.0007	0.0000	0.0000	0.0000	0.0000	0.0001	0.0000	-0.0000	1.0133	1.8882	7.9669	2.9115	0.0000	0.0000	0.0000	0.0000	0.0000	0.0000	0.0000	0.0000	0.0000	0.0000	0.0000	0.0000	0.0000	0.0000	0.0000	0.0000	0.0000	0.0000	0.0129	0.0113	0.0016	0.0021	0.0020	0.0001	0.0108	0.0093	0.0015	0.0558	0.0338	0.0219	0.0138	0.0123	0.0015	0.0420	0.0215	0.0205	0.0000	0.0000	0.0000	0.0000	0.0000	0.0000	0.0000	0.0000	0.0000	0.0002	0.0003	0.0000	0.0006	0.0007	0.0000	0.0000	0.0000	0.0000				
17	127	0.1058	9	0	1	0	0	0	0	0	0	N	N	N	N	N	N	N	N	N	N	N	N	0.0000	0.0000	0.0000	0.0000	0.0000	0.0000	0.0000	0.0000	0.0000	0.0000	0.0000	0.0000	0.0000	0.0000	0.0000	0.0000	0.0000	0.0000	0.2303	0.2782	0.1625	0.9141	0.9652	0.0075	0.0818	0.0001	0.1662	0.4124	0.0000	-0.0081	1.0133	3.5543	7.9669	9.0319	0.0000	0.0000	0.0000	0.0000	0.0000	0.0000	0.0000	0.0000	0.0000	0.0323	0.0229	0.0094	0.0229	0.0229	0.0000	0.0094	0.0000	0.0094	0.0345	0.0308	0.0038	0.0080	0.0078	0.0002	0.0265	0.0230	0.0036	0.1403	0.0823	0.0581	0.0250	0.0237	0.0013	0.1153	0.0586	0.0567	0.0000	0.0000	0.0000	0.0000	0.0000	0.0000	0.0000	0.0000	0.0000	0.2303	0.2782	0.1625	0.9141	0.9652	0.0075	0.0818	0.0001	0.1662	
18	19	0.0748	7	1	2	0	1	0	0	0	0	N	Y	N	N	N	N	N	N	N	N	N	N	0.0000	0.0000	0.0000	0.0000	0.0000	0.0000	0.0000	0.0000	0.0000	0.0000	0.0000	0.0000	0.0000	0.0000	0.0000	0.2384	0.4033	0.0000	0.0413	0.0500	0.0000	0.2901	0.5791	0.0000	0.0000	0.0000	-0.0017	0.9988	0.0025	1.0036	5.0336	0.0000	0.0000	0.0000	0.0000	0.0000	0.0000	0.0000	0.0000	0.0000	0.0031	0.0031	0.0000	0.0001	0.0001	0.0000	0.0030	0.0030	0.0000	0.0001	0.0001	0.0000	0.0000	0.0000	0.0000	0.0000	0.0000	0.0000	0.0131	0.0077	0.0053	0.0027	0.0022	0.0005	0.0104	0.0055	0.0049	0.0000	0.0000	0.0000	0.0000	0.0000	0.0000	0.0000	0.0000	0.0000	0.2384	0.4033	0.0000	0.0413	0.0500	0.0000	0.2901	0.5475	0.0000				
18	20	0.0642	6	0	2	0	1	0	0	0	0	N	Y	N	N	N	N	N	N	N	N	N	N	3029686.8798	0.0000	1339076018.4514	0.0000	0.0000	311011291.0539	1338910392.2236	48.4924	0.0000	413.7030	0.0000	0.0000	0.0000	59.6009	0.0000	421.0234	0.0000	0.0000	0.0000	0.0000	0.0001	0.0000	0.0000	0.0000	0.0000	inf	0.0072	0.6177	-0.0000	0.9988	1.9984	1.0036	3.0609	0.9980	0.0000	0.9980	0.0000	0.0000	0.0000	0.9980	0.0000	0.9980	0.0000	0.0000	0.0000	0.0000	0.0000	0.0000	0.0000	0.0000	0.0000	0.0206	0.0182	0.0024	0.0038	0.0038	0.0000	0.0167	0.0144	0.0024	0.0272	0.0171	0.0100	0.0089	0.0084	0.0005	0.0183	0.0087	0.0095	3029686.8798	0.0000	1339076018.4514	0.0000	0.0000	0.0000	311011291.0539	0.0000	1338910392.2236	0.0000	0.0000	0.0000	0.0000	0.0001	0.0000	0.0000	0.0000	0.0000		
18	21	0.1789	15	0	1	0	2	0	0	0	0	N	N	N	Y	N	N	N	N	N	N	N	N	0.0000	0.0000	0.0000	0.0000	0.0000	0.0000	0.0000	0.0000	0.0000	0.0000	0.0000	0.0000	0.0000	0.0000	0.0000	0.0035	0.0000	0.0089	0.0008	0.0000	0.0061	0.0047	0.0000	0.0093	inf	0.0000	0.0000	0.9988	2.0028	1.0036	2.2704	0.0000	0.0000	0.0000	0.0000	0.0000	0.0000	0.0000	0.0000	0.0000	0.0000	0.0000	0.0000	0.0000	0.0000	0.0000	0.0000	0.0000	0.0000	0.0138	0.0121	0.0018	0.0018	0.0017	0.0001	0.0120	0.0104	0.0017	0.0113	0.0069	0.0044	0.0036	0.0031	0.0005	0.0077	0.0038	0.0039	0.0000	0.0000	0.0000	0.0000	0.0000	0.0000	0.0000	0.0000	0.0000	0.0035	0.0000	0.0089	0.0008	0.0000	0.0061	0.0047	0.0000	0.0093				
18	22	0.1262	12	1	1	1	1	0	0	0	0	N	N	N	N	N	N	N	N	N	N	N	N	0.0000	0.0000	0.0000	0.0000	0.0000	0.0000	0.0000	0.0000	0.0000	0.0000	0.0000	0.0000	0.0000	0.0000	0.0000	0.0000	0.0000	0.0000	0.0000	0.0000	0.9988	0.0000	1.0036	2.0000	0.0000	0.0000	0.0000	0.0000	0.0000	0.0000	0.0000	0.0000	0.0000	0.0000	0.0000	0.0000	0.0000	0.0000	0.0000	0.0000	0.0000	0.0000	0.0000	0.0000	0.0000	0.0000	0.0000	0.0000	0.0000	0.0000	0.0000	0.0044	0.0025	0.0020	0.0007	0.0006	0.0001	0.0037	0.0019	0.0018	0.0000	0.0000	0.0000	0.0000	0.0000	0.0000	0.0000	0.0000	0.0000	0.0000	0.0000	0.0000	0.0000	0.0000	0.0000	0.0000	0.0000	0.0000											
18	23	0.0946	10	0	2	0	1	0	0	0	0	N	Y	N	N	N	N	N	N	N	N	N	N	0.6705	0.4671	0.0000	1.6095	1.5366	0.0000	0.0000	0.0000	0.0000	0.0173	0.0199	0.0000	0.1405	0.1488	0.0000	0.0000	0.0000	0.0000	0.0257	0.0425	0.0000	0.0873	0.0968	0.0000	0.0000	0.0000	0.0000	0.0000	0.0000	-0.0002	-0.0006	0.9988	4.1010	1.0036	9.0979	0.0005	0.0005	0.0000	0.0005	0.0005	0.0000	0.0000	0.0000	0.0000	0.0012	0.0012	0.0000	0.0012	0.0012	0.0000	0.0000	0.0000	0.0000	0.0301	0.0262	0.0039	0.0037	0.0035	0.0002	0.0264	0.0227	0.0037	0.0459	0.0278	0.0181	0.0135	0.0122	0.0013	0.0324	0.0156	0.0168	0.6705	0.4671	0.0000	1.6095	1.5366	0.0000	0.0000	0.0000	0.0000	0.0257	0.0425	0.0000	0.0873	0.0968	0.0000	0.0000	0.0000	0.0000
18	24	0.0869	7	1	2	0	1	0	0	0	0	N	Y	N	N	N	N	N	N	N	N	N	N	0.3134	inf	0.0000	inf	inf	0.0000	0.0000	0.0000	0.0000	0.0000	0.0000	0.0000	0.0000	0.0000	0.0000	0.0000	0.0000	0.0000	0.0000	0.0000	0.0000	0.0000	0.0000	0.0000	0.0000	0.0000	inf	-0.0000	0.0000	0.9988	7.0513	1.0036	11.7448	0.0000	0.0000	0.0000	0.0000	0.0000	0.0000	0.0000	0.0000	0.0000	0.0000	0.0000	0.0000	0.0000	0.0000	0.0000	0.0000	0.0000	0.0000	0.0481	0.0419	0.0062	0.0052	0.0049	0.0003	0.0429	0.0370	0.0060	0.0433	0.0246	0.0186	0.0084	0.0068	0.0016	0.0349	0.0178	0.0170	0.3134	inf	0.0000	inf	inf	0.0000	0.0000	0.0000	0.0000	0.0000	0.0000	0.0000	0.0000	0.0000	0.0000	0.0000	0.0000	0.0000		
18	25	0.1627	11	0	2	0	1	0	0	0	0	N	Y	N	N	N	N	N	N	N	N	N	N	0.0000	0.0000	0.0000	0.0000	0.0000	0.0000	0.0000	0.0000	0.0000	0.0000	0.0000	0.0000	0.0000	0.0000	0.0000	0.0000	0.0000	0.1144	0.1873	0.0000	0.0162	0.0189	0.0000	0.1572	0.3270	0.0000	0.0000	0.0000	-0.0017	0.9988	4.7974	1.0036	5.1989	0.0000	0.0000	0.0000	0.0000	0.0000	0.0000	0.0000	0.0000	0.0000	0.0031	0.0031	0.0000	0.0001	0.0001	0.0000	0.0030	0.0030	0.0000	0.0388	0.0342	0.0046	0.0066	0.0064	0.0002	0.0322	0.0278	0.0044	0.0270	0.0165	0.0105	0.0082	0.0070	0.0012	0.0188	0.0095	0.0093	0.0000	0.0000	0.0000	0.0000	0.0000	0.0000	0.0000	0.0000	0.0000	0.1144	0.1873	0.0000	0.0162	0.0189	0.0000	0.1572	0.3116	0.0000		
18	26	0.1239	12	1	2	0	1	0	0	0	0	N	Y	N	N	N	N	N	N	N	N	N	N	41743283.1234	0.0000	248392254.2657	0.0000	0.0000	0.0000	81762421.4182	0.0000	327320785.2669	67.3557	0.0000	513.4789	0.0000	0.0000	0.0000	77.8426	0.0000	537.5250	0.0000	0.0000	0.0000	0.0000	0.0000	0.0000	0.0000	0.0000	0.0000	inf	1.0724	0.6175	-0.0000	0.9988	2.0195	1.0036	15.0171	0.9978	0.0000	0.9978	0.0000	0.0000	0.0000	0.9978	0.0000	0.9978	0.0000	0.0000	0.0000	0.0000	0.0000	0.0000	0.0000	0.0000	0.0000	0.0148	0.0129	0.0019	0.0020	0.0019	0.0001	0.0128	0.0110	0.0019	0.0461	0.0275	0.0186	0.0143	0.0126	0.0017	0.0318	0.0149	0.0169	41743283.1234	0.0000	248392254.2657	0.0000	0.0000	0.0000	81762421.4182	0.0000	327320785.2669	0.0000	0.0000	0.0000	0.0000	0.0000	0.0000	0.0000	0.0000	0.0000
18	27	0.1152	11	0	1	0	1	0	0	0	0	N	N	N	N	N	N	N	N	N	N	N	N	301.4110	0.0000	1930.8235	0.0000	0.0000	420.3374	0.0000	1896.0948	0.0382	0.0000	0.3758	0.0000	0.0000	0.0000	0.0539	0.0000	0.3920	0.0001	0.0001	0.0002	0.0001	0.0001	0.0000	0.0001	0.0000	0.0002	inf	1.5172	0.0005	0.0000	0.9988	1.6438	1.0036	3.3228	0.0008	0.0000	0.0008	0.0000	0.0000	0.0000	0.0008	0.0000	0.0008	0.0000	0.0000	0.0000	0.0000	0.0000	0.0000	0.0000	0.0000	0.0000	0.0214	0.0192	0.0022	0.0062	0.0061	0.0001	0.0152	0.0131	0.0021	0.0251	0.0152	0.0098	0.0099	0.0093	0.0006	0.0152	0.0059	0.0093	301.4110	0.0000	1930.8235	0.0000	0.0000	0.0000	420.3374	0.0000	1896.0948	0.0001	0.0001	0.0002	0.0001	0.0001	0.0000	0.0001	0.0000	0.0002	
18	28	0.1002	9	0	2	0	1	0	0	0	0	N	Y	N	N	N	N	N	N	N	N	N	N	0.0000	0.0000	0.0000	0.0000	0.0000	0.0000	0.0000	0.0000	0.0000	0.0000	0.0000	0.0000	0.0000	0.0000	0.0000	0.0000	0.0000	0.0007	0.0004	0.0011	0.0034	0.0014	0.0135	0.0000	0.0000	0.0000	2.0161	0.0000	0.0000	0.9988	3.0409	1.0036	16.1393	0.0000	0.0000	0.0000	0.0000	0.0000	0.0000	0.0000	0.0000	0.0000	0.0000	0.0000	0.0000	0.0000	0.0000	0.0000	0.0000	0.0000	0.0000	0.0215	0.0189	0.0026	0.0044	0.0042	0.0002	0.0171	0.0147	0.0024	0.0443	0.0256	0.0187	0.0088	0.0073	0.0015	0.0356	0.0183	0.0172	0.0000	0.0000	0.0000	0.0000	0.0000	0.0000	0.0000	0.0000	0.0000	0.0007	0.0004	0.0011	0.0034	0.0014	0.0135	0.0000	0.0000	0.0000		
18	29	0.0953	9	0	2	0	1	0	0	0	0	N	Y	N	N	N	N	N	N	N	N	N	N	0.0000	0.0000	0.0000	0.0000	0.0000	0.0000	0.0000	0.0000	0.0000	0.0000	0.0000	0.0000	0.0000	0.0000	0.0000	0.0000	0.0000	0.0000	0.0000	0.0000	0.0000	-0.0000	0.9988	4.0695	1.0036	11.0027	0.0000	0.0000	0.0000	0.0000	0.0000	0.0000	0.0000	0.0000	0.0000	0.0000	0.0000	0.0000	0.0000	0.0000	0.0000	0.0000	0.0000	0.0000	0.0288	0.0252	0.0036	0.0050	0.0047	0.0002	0.0239	0.0205	0.0034	0.0342	0.0194	0.0148	0.0056	0.0045	0.0011	0.0287	0.0149	0.0137	0.0000	0.0000	0.0000	0.0000	0.0000	0.0000	0.0000	0.0000	0.0000	0.0000	0.0000	0.0000	0.0000	0.0000	0.0000	0.0000	0.0000	0.0000									
18	30	0.1466	14	0	2	1	2	0	0	0	0	N	Y	N	Y	N	N	N	N	N	N	N	N	0.0000	0.0000	0.0000	0.0000	0.0000	0.0000	0.0000	0.0000	0.0000	0.0000	0.0000	0.0000	0.0000	0.0000	0.0000	0.0000	0.0000	0.0000	0.0000	0.0000	0.9988	0.0021	1.0036	3.0281	0.0000	0.0000	0.0000	0.0000	0.0000	0.0000	0.0000	0.0000	0.0000	0.0000	0.0000	0.0000	0.0000	0.0000	0.0000	0.0000	0.0000	0.0000	0.0000	0.0000	0.0000	0.0000	0.0000	0.0000	0.0000	0.0000	0.0000	0.0079	0.0051	0.0028	0.0031	0.0027	0.0004	0.0048	0.0024	0.0024	0.0000	0.0000	0.0000	0.0000	0.0000	0.0000	0.0000	0.0000	0.0000	0.0000	0.0000	0.0000	0.0000	0.0000	0.0000	0.0000	0.0000	0.0000											
18	31	0.1239	13	0	1	0	2	0	0	0	0	N	N	N	Y	N	N	N	N	N	N	N	N	0.0000	0.0000	0.0000	0.0000	0.0000	0.0000	0.0000	0.0000	0.0000	0.0000	0.0000	0.0000	0.0000	0.0000	0.0000	0.0000	0.0000	0.0000	0.0000	0.0000	0.0000	0.0000	0.2308	0.0000	-0.0000	0.9988	3.2874	1.0036	7.1999	0.0000	0.0000	0.0000	0.0000	0.0000	0.0000	0.0000	0.0000	0.0000	0.0000	0.0000	0.0000	0.0000	0.0000	0.0000	0.0000	0.0000	0.0000	0.0253	0.0219	0.0034	0.0042	0.0041	0.0002	0.0211	0.0178	0.0033	0.0266	0.0168	0.0098	0.0089	0.0077	0.0012	0.0177	0.0091	0.0086	0.0000	0.0000	0.0000	0.0000	0.0000	0.0000	0.0000	0.0000	0.0000	0.0000	0.0000	0.0000	0.0000	0.0000	0.0000	0.0000	0.0000	0.0000						
18	32	0.0426	5	0	2	0	1	0	0	0	0	N	Y	N	N	N	N	N	N	N	N	N	N	0.0000	0.0000	0.0000	0.0000	0.0000	0.0000	0.0000	0.0000	0.0000	0.0000	0.0000	0.0000	0.0000	0.0000	0.0000	0.0208	0.0390	0.0000	0.1376	0.1647	0.0000	0.0000	0.0000	0.0000	0.0000	0.0000	-0.0007	0.9988	4.3545	1.0036	19.4857	0.0000	0.0000	0.0000	0.0000	0.0000	0.0000	0.0000	0.0000	0.0000	0.0012	0.0012	0.0000	0.0012	0.0012	0.0000	0.0000	0.0000	0.0000	0.0366	0.0320	0.0046	0.0049	0.0048	0.0001	0.0317	0.0272	0.0045	0.0580	0.0310	0.0270	0.0088	0.0073	0.0014	0.0492	0.0236	0.0256	0.0000	0.0000	0.0000	0.0000	0.0000	0.0000	0.0000	0.0000	0.0000	0.0208	0.0390	0.0000	0.1376	0.1647	0.0000	0.0000	0.0000	0.0000				
18	33	0.0283	5	1	2	0	1	0	0	0	0	N	Y	N	N	N	N	N	N	N	N	N	N	0.0000	0.0000	0.0000	0.0000	0.0000	0.0000	0.0000	0.0000	0.0000	0.0000	0.0000	0.0000	0.0000	0.0000	0.0000	0.0000	0.0000	0.0000	0.0000	0.0000	0.9988	0.0000	1.0036	0.0000	0.0000	0.0000	0.0000	0.0000	0.0000	0.0000	0.0000	0.0000	0.0000	0.0000	0.0000	0.0000	0.0000	0.0000	0.0000	0.0000	0.0000	0.0000	0.0000	0.0000	0.0000	0.0000	0.0000	0.0000	0.0000	0.0000	0.0000	0.0000	0.0000	0.0000	0.0000	0.0000	0.0000	0.0000	0.0000	0.0000	0.0000	0.0000	0.0000	0.0000	0.0000	0.0000	0.0000	0.0000	0.0000	0.0000	0.0000	0.0000	0.0000	0.0000	0.0000	0.0000	0.0000	0.0000											
18	34	0.1152	11	0	2	0	2	0	0	0	0	N	Y	N	Y	N	N	N	N	N	N	N	N	0.0000	0.0000	0.0000	0.0000	0.0000	0.0000	0.0000	0.0000	0.0000	0.0000	0.0000	0.0000	0.0000	0.0000	0.0000	0.0000	0.0000	0.0001	0.0000	0.0000	0.0000	0.0001	0.0000	0.0001	1919.3333	0.0000	0.0000	0.9988	6.4588	1.0036	12.7561	0.0000	0.0000	0.0000	0.0000	0.0000	0.0000	0.0000	0.0000	0.0000	0.0000	0.0000	0.0000	0.0000	0.0000	0.0000	0.0000	0.0000	0.0000	0.0534	0.0469	0.0065	0.0094	0.0091	0.0003	0.0441	0.0378	0.0062	0.0539	0.0320	0.0220	0.0172	0.0152	0.0021	0.0367	0.0168	0.0199	0.0000	0.0000	0.0000	0.0000	0.0000	0.0000	0.0000	0.0000	0.0000	0.0000	0.0000	0.0001	0.0000	0.0000	0.0000	0.0001	0.0000	0.0001				
18	35	0.1096	10	0	1	0	1	0	0	0	0	N	N	N	N	N	N	N	N	N	N	N	N	0.0000	0.0000	0.0000	0.0000	0.0000	0.0000	0.0000	0.0000	0.0000	0.0000	0.0000	0.0000	0.0000	0.0000	0.0000	0.0000	0.0002	0.0000	0.0005	0.0001	0.0001	0.0000	0.0003	0.0000	0.0006	8.4154	0.0000	0.0000	0.9988	2.5642	1.0036	2.5472	0.0000	0.0000	0.0000	0.0000	0.0000	0.0000	0.0000	0.0000	0.0000	0.0000	0.0000	0.0000	0.0000	0.0000	0.0000	0.0000	0.0000	0.0000	0.0291	0.0258	0.0033	0.0080	0.0077	0.0003	0.0211	0.0181	0.0030	0.0261	0.0160	0.0101	0.0103	0.0097	0.0005	0.0158	0.0062	0.0095	0.0000	0.0000	0.0000	0.0000	0.0000	0.0000	0.0000	0.0000	0.0000	0.0002	0.0000	0.0005	0.0001	0.0001	0.0000	0.0003	0.0000	0.0006			
18	36	0.1600	15	0	1	1	1	0	0	0	0	N	N	N	N	N	N	N	N	N	N	N	N	0.0000	0.0000	0.0000	0.0000	0.0000	0.0000	0.0000	0.0000	0.0000	0.0000	0.0000	0.0000	0.0000	0.0000	0.0000	0.0000	0.0000	0.0000	0.0000	0.0000	0.0000	0.0000	0.0000	0.0000	inf	0.0000	0.0000	0.9988	1.0000	1.0036	2.0003	0.0000	0.0000	0.0000	0.0000	0.0000	0.0000	0.0000	0.0000	0.0000	0.0000	0.0000	0.0000	0.0000	0.0000	0.0000	0.0000	0.0000	0.0000	0.0068	0.0059	0.0009	0.0009	0.0008	0.0000	0.0060	0.0051	0.0009	0.0071	0.0041	0.0031	0.0014	0.0012	0.0002	0.0057	0.0028	0.0029	0.0000	0.0000	0.0000	0.0000	0.0000	0.0000	0.0000	0.0000	0.0000	0.0000	0.0000	0.0000	0.0000	0.0000	0.0000	0.0000	0.0000	0.0000				
18	37	0.1422	14	0	2	0	1	0	0	0	0	N	Y	N	N	N	N	N	N	N	N	N	N	0.0000	0.0000	0.0000	0.0000	0.0000	0.0000	0.0000	0.0000	0.0000	0.0000	0.0000	0.0000	0.0000	0.0000	0.0000	0.0000	0.0000	0.0000	0.3846	0.5910	0.0000	0.0186	0.0211	0.0000	0.6029	1.2452	0.0000	0.0000	0.0000	-0.0066	0.9988	1.9619	1.0036	8.3400	0.0000	0.0000	0.0000	0.0000	0.0000	0.0000	0.0000	0.0000	0.0000	0.0121	0.0121	0.0000	0.0002	0.0002	0.0000	0.0119	0.0119	0.0000	0.0139	0.0121	0.0018	0.0024	0.0023	0.0001	0.0114	0.0098	0.0017	0.0314	0.0205	0.0110	0.0118	0.0104	0.0014	0.0197	0.0101	0.0096	0.0000	0.0000	0.0000	0.0000	0.0000	0.0000	0.0000	0.0000	0.0000	0.3846	0.5910	0.0000	0.0186	0.0211	0.0000	0.6029	1.1752	0.0000	
18	38	0.1077	9	1	1	1	1	0	0	0	0	N	N	N	N	N	N	N	N	N	N	N	N	0.0000	0.0000	0.0000	0.0000	0.0000	0.0000	0.0000	0.0000	0.0000	0.0000	0.0000	0.0000	0.0000	0.0000	0.0000	0.0000	0.0000	0.0000	0.0000	-0.0000	0.9988	0.0095	1.0036	5.0631	0.0000	0.0000	0.0000	0.0000	0.0000	0.0000	0.0000	0.0000	0.0000	0.0000	0.0000	0.0000	0.0000	0.0000	0.0000	0.0000	0.0000	0.0000	0.0002	0.0002	0.0000	0.0001	0.0001	0.0000	0.0001	0.0001	0.0000	0.0140	0.0080	0.0060	0.0028	0.0024	0.0004	0.0111	0.0055	0.0056	0.0000	0.0000	0.0000	0.0000	0.0000	0.0000	0.0000	0.0000	0.0000	0.0000	0.0000	0.0000	0.0000	0.0000	0.0000	0.0000	0.0000	0.0000											
18	39	0.1239	13	0	2	0	1	0	0	0	0	N	Y	N	N	N	N	N	N	N	N	N	N	0.0000	0.0000	0.0000	0.0000	0.0000	0.0000	0.0000	0.0000	0.0000	0.0000	0.0000	0.0000	0.0000	0.0000	0.0000	0.0000	0.0000	0.0000	0.0000	0.0000	0.0000	0.0000	0.1818	0.0000	-0.0000	0.9988	1.1272	1.0036	11.0864	0.0000	0.0000	0.0000	0.0000	0.0000	0.0000	0.0000	0.0000	0.0000	0.0000	0.0000	0.0000	0.0000	0.0000	0.0000	0.0000	0.0000	0.0000	0.0107	0.0092	0.0015	0.0024	0.0024	0.0001	0.0083	0.0068	0.0014	0.0302	0.0190	0.0112	0.0100	0.0086	0.0013	0.0202	0.0103	0.0099	0.0000	0.0000	0.0000	0.0000	0.0000	0.0000	0.0000	0.0000	0.0000	0.0000	0.0000	0.0000	0.0000	0.0000	0.0000	0.0000	0.0000	0.0000						
18	40	0.1239	12	0	1	0	1	0	0	0	0	N	N	N	N	N	N	N	N	N	N	N	N	0.0000	0.0000	0.0000	0.0000	0.0000	0.0000	0.0000	0.0000	0.0000	0.0000	0.0000	0.0000	0.0000	0.0000	0.0000	0.0000	0.0000	0.0000	0.0000	0.0000	0.0000	0.0000	0.0000	0.0000	0.0000	1.0000	0.0000	-0.0000	0.9988	0.4765	1.0036	0.2778	0.0000	0.0000	0.0000	0.0000	0.0000	0.0000	0.0000	0.0000	0.0000	0.0000	0.0000	0.0000	0.0000	0.0000	0.0000	0.0000	0.0000	0.0000	0.0062	0.0053	0.0009	0.0019	0.0018	0.0000	0.0043	0.0035	0.0009	0.0052	0.0038	0.0014	0.0023	0.0022	0.0001	0.0029	0.0016	0.0013	0.0000	0.0000	0.0000	0.0000	0.0000	0.0000	0.0000	0.0000	0.0000	0.0000	0.0000	0.0000	0.0000	0.0000	0.0000	0.0000	0.0000	0.0000			
18	41	0.1261	12	0	2	0	2	0	0	0	0	N	Y	N	Y	N	N	N	N	N	N	N	N	0.0000	0.0000	0.0000	0.0000	0.0000	0.0000	0.0000	0.0000	0.0000	0.0000	0.0000	0.0000	0.0000	0.0154	0.0249	0.0000	0.0512	0.0599	0.0000	0.0000	0.0000	0.0000	0.0000	0.0000	-0.0006	0.9988	10.0333	1.0036	21.8674	0.0000	0.0000	0.0000	0.0000	0.0000	0.0000	0.0000	0.0000	0.0000	0.0011	0.0011	0.0000	0.0011	0.0011	0.0000	0.0000	0.0000	0.0000	0.0673	0.0585	0.0087	0.0099	0.0093	0.0005	0.0574	0.0492	0.0082	0.0686	0.0426	0.0260	0.0207	0.0177	0.0030	0.0479	0.0249	0.0230	0.0000	0.0000	0.0000	0.0000	0.0000	0.0000	0.0000	0.0000	0.0000	0.0154	0.0249	0.0000	0.0512	0.0599	0.0000	0.0000	0.0000	0.0000						
18	42	0.1077	9	1	1	1	1	0	0	0	0	N	N	N	N	N	N	N	N	N	N	N	N	0.0000	0.0000	0.0000	0.0000	0.0000	0.0000	0.0000	0.0000	0.0000	0.0000	0.0000	0.0000	0.0000	0.0000	0.0000	0.0000	0.0000	0.0000	0.0000	-0.0000	0.9988	0.9968	1.0036	1.9513	0.0000	0.0000	0.0000	0.0000	0.0000	0.0000	0.0000	0.0000	0.0000	0.0000	0.0000	0.0000	0.0000	0.0000	0.0000	0.0000	0.0000	0.0000	0.0068	0.0060	0.0009	0.0012	0.0012	0.0001	0.0056	0.0048	0.0008	0.0089	0.0052	0.0037	0.0020	0.0018	0.0002	0.0069	0.0034	0.0035	0.0000	0.0000	0.0000	0.0000	0.0000	0.0000	0.0000	0.0000	0.0000	0.0000	0.0000	0.0000	0.0000	0.0000	0.0000	0.0000	0.0000	0.0000											
18	43	0.0945	8	1	1	1	1	0	0	0	0	N	N	N	N	N	N	N	N	N	N	N	N	0.0000	0.0000	0.0000	0.0000	0.0000	0.0000	0.0000	0.0000	0.0000	0.0000	0.0000	0.0000	0.0000	0.0000	0.0000	0.0000	0.0000	0.0000	0.0000	-0.0000	0.9988	5.0018	1.0036	1.7716	0.0000	0.0000	0.0000	0.0000	0.0000	0.0000	0.0000	0.0000	0.0000	0.0000	0.0000	0.0000	0.0000	0.0000	0.0000	0.0000	0.0000	0.0000	0.0344	0.0300	0.0044	0.0049	0.0046	0.0003	0.0295	0.0254	0.0041	0.0175	0.0098	0.0077	0.0033	0.0028	0.0005	0.0142	0.0070	0.0071	0.0000	0.0000	0.0000	0.0000	0.0000	0.0000	0.0000	0.0000	0.0000	0.0000	0.0000	0.0000	0.0000	0.0000	0.0000	0.0000	0.0000	0.0000											
18	44	0.0977	9	1	1	1	1	0	0	0	0	N	N	N	N	N	N	N	N	N	N	N	N	0.0000	0.0000	0.0000	0.0000	0.0000	0.0000	0.0000	0.0000	0.0000	0.0000	0.0000	0.0000	0.0000	0.0000	0.0000	0.0000	0.0000	0.0000	0.0000	0.0000	0.9988	4.9860	1.0036	2.3663	0.0000	0.0000	0.0000	0.0000	0.0000	0.0000	0.0000	0.0000	0.0000	0.0000	0.0000	0.0000	0.0000	0.0000	0.0000	0.0000	0.0000	0.0000	0.0344	0.0300	0.0044	0.0049	0.0047	0.0003	0.0295	0.0253	0.0041	0.0219	0.0130	0.0089	0.0052	0.0046	0.0006	0.0166	0.0084	0.0082	0.0000	0.0000	0.0000	0.0000	0.0000	0.0000	0.0000	0.0000	0.0000	0.0000	0.0000	0.0000	0.0000	0.0000	0.0000	0.0000	0.0000	0.0000											
18	45	0.0945	8	1	1	0	1	0	0	0	0	N	N	N	N	N	N	N	N	N	N	N	N	0.0000	0.0000	0.0000	0.0000	0.0000	0.0000	0.0000	0.0000	0.0000	0.0000	0.0000	0.0000	0.0000	0.0000	0.0000	0.0000	0.0001	0.0001	0.0000	0.0000	0.0000	0.0000	0.0010	0.0000	-0.0000	0.9988	0.0225	1.0036	1.9333	0.0000	0.0000	0.0000	0.0000	0.0000	0.0000	0.0000	0.0000	0.0000	0.0000	0.0000	0.0000	0.0000	0.0000	0.0000	0.0000	0.0000	0.0000	0.0003	0.0002	0.0000	0.0001	0.0001	0.0000	0.0002	0.0002	0.0000	0.0062	0.0034	0.0028	0.0015	0.0014	0.0002	0.0047	0.0021	0.0026	0.0000	0.0000	0.0000	0.0000	0.0000	0.0000	0.0000	0.0000	0.0000	0.0000	0.0000	0.0000	0.0001	0.0001	0.0000	0.0000	0.0000	0.0000						
18	46	0.0916	7	1	1	0	1	0	0	0	0	N	N	N	N	N	N	N	N	N	N	N	N	0.0000	0.0000	0.0000	0.0000	0.0000	0.0000	0.0000	0.0000	0.0000	0.0000	0.0000	0.0000	0.0000	0.0000	0.0000	0.0000	0.0000	0.0000	0.0000	0.0000	0.0000	0.0000	inf	0.0000	0.0000	0.9988	1.0095	1.0036	0.3555	0.0000	0.0000	0.0000	0.0000	0.0000	0.0000	0.0000	0.0000	0.0000	0.0000	0.0000	0.0000	0.0000	0.0000	0.0000	0.0000	0.0000	0.0000	0.0072	0.0062	0.0009	0.0010	0.0010	0.0001	0.0061	0.0053	0.0009	0.0034	0.0019	0.0015	0.0006	0.0005	0.0001	0.0028	0.0015	0.0014	0.0000	0.0000	0.0000	0.0000	0.0000	0.0000	0.0000	0.0000	0.0000	0.0000	0.0000	0.0000	0.0000	0.0000	0.0000	0.0000	0.0000	0.0000						
18	47	0.1422	14	0	1	1	1	0	0	0	0	N	N	N	N	N	N	N	N	N	N	N	N	0.0000	0.0000	0.0000	0.0000	0.0000	0.0000	0.0000	0.0000	0.0000	0.0000	0.0000	0.0000	0.0000	0.0000	0.0000	0.0000	0.0000	0.0000	0.2991	0.4664	0.0000	0.0152	0.0175	0.0000	0.4557	0.9245	0.0000	0.0000	0.0000	-0.0066	0.9988	3.0460	1.0036	11.9126	0.0000	0.0000	0.0000	0.0000	0.0000	0.0000	0.0000	0.0000	0.0000	0.0121	0.0121	0.0000	0.0002	0.0002	0.0000	0.0119	0.0119	0.0000	0.0211	0.0184	0.0027	0.0036	0.0034	0.0002	0.0175	0.0150	0.0025	0.0404	0.0259	0.0145	0.0144	0.0125	0.0019	0.0261	0.0134	0.0126	0.0000	0.0000	0.0000	0.0000	0.0000	0.0000	0.0000	0.0000	0.0000	0.2991	0.4664	0.0000	0.0152	0.0175	0.0000	0.4557	0.8848	0.0000	
18	48	0.1288	13	0	1	0	1	0	0	0	0	N	N	N	N	N	N	N	N	N	N	N	N	0.0000	0.0000	0.0000	0.0000	0.0000	0.0000	0.0000	0.0000	0.0000	0.0000	0.0000	0.0000	0.0000	0.0000	0.0000	0.0000	0.0000	0.0000	43.1274	65.7919	0.0127	0.0043	0.0048	0.0001	66.8995	129.6786	0.0140	0.0001	0.0000	-0.5328	0.9988	1.1082	1.0036	5.8288	0.0000	0.0000	0.0000	0.0000	0.0000	0.0000	0.0000	0.0000	0.0000	0.9815	0.9814	0.0001	0.0000	0.0000	0.0000	0.9815	0.9814	0.0001	0.0080	0.0070	0.0010	0.0014	0.0013	0.0001	0.0066	0.0057	0.0010	0.0228	0.0149	0.0078	0.0081	0.0073	0.0007	0.0147	0.0076	0.0071	0.0000	0.0000	0.0000	0.0000	0.0000	0.0000	0.0000	0.0000	0.0000	43.1274	65.7919	0.0127	0.0043	0.0048	0.0001	66.8995	129.6786	0.0140	
18	49	0.1600	15	0	2	0	1	0	0	0	0	N	Y	N	N	N	N	N	N	N	N	N	N	0.0000	0.0000	0.0000	0.0000	0.0000	0.0000	0.0000	0.0000	0.0000	0.0000	0.0000	0.0000	0.0000	0.0903	0.1582	0.0000	0.4528	0.5253	0.0000	0.0000	0.0000	0.0000	0.0000	0.0000	-0.0002	0.9988	0.0000	1.0036	2.0001	0.0000	0.0000	0.0000	0.0000	0.0000	0.0000	0.0000	0.0000	0.0000	0.0004	0.0004	0.0000	0.0004	0.0004	0.0000	0.0000	0.0000	0.0000	0.0000	0.0000	0.0000	0.0000	0.0000	0.0000	0.0000	0.0000	0.0000	0.0048	0.0027	0.0020	0.0009	0.0008	0.0001	0.0038	0.0019	0.0019	0.0000	0.0000	0.0000	0.0000	0.0000	0.0000	0.0000	0.0000	0.0000	0.0903	0.1582	0.0000	0.4528	0.5253	0.0000	0.0000	0.0000	0.0000						
18	50	0.1271	12	1	2	1	1	0	0	0	0	N	Y	N	N	N	N	N	N	N	N	N	N	0.0000	0.0000	0.0000	0.0000	0.0000	0.0000	0.0000	0.0000	0.0000	0.0000	0.0000	0.0000	0.0000	0.0016	0.0020	0.0000	0.0043	0.0045	0.0000	0.0000	0.0000	0.0000	0.0000	0.0000	-0.0000	0.9988	0.0000	1.0036	1.7047	0.0000	0.0000	0.0000	0.0000	0.0000	0.0000	0.0000	0.0000	0.0000	0.0000	0.0000	0.0000	0.0000	0.0000	0.0000	0.0000	0.0000	0.0000	0.0000	0.0000	0.0000	0.0000	0.0000	0.0000	0.0000	0.0000	0.0000	0.0091	0.0071	0.0020	0.0033	0.0031	0.0001	0.0058	0.0040	0.0018	0.0000	0.0000	0.0000	0.0000	0.0000	0.0000	0.0000	0.0000	0.0000	0.0016	0.0020	0.0000	0.0043	0.0045	0.0000	0.0000	0.0000	0.0000						
18	51	0.1271	12	1	2	1	1	0	0	0	0	N	Y	N	N	N	N	N	N	N	N	N	N	0.0000	0.0000	0.0000	0.0000	0.0000	0.0000	0.0000	0.0000	0.0000	0.0000	0.0000	0.0000	0.0000	0.0010	0.0000	0.0101	0.0021	0.0000	0.2578	0.0000	0.0000	0.0000	inf	0.0000	0.0000	0.9988	0.0000	1.0036	0.2953	0.0000	0.0000	0.0000	0.0000	0.0000	0.0000	0.0000	0.0000	0.0000	0.0000	0.0000	0.0000	0.0000	0.0000	0.0000	0.0000	0.0000	0.0000	0.0000	0.0000	0.0000	0.0000	0.0000	0.0000	0.0000	0.0000	0.0000	0.0060	0.0054	0.0006	0.0028	0.0028	0.0000	0.0032	0.0027	0.0006	0.0000	0.0000	0.0000	0.0000	0.0000	0.0000	0.0000	0.0000	0.0000	0.0010	0.0000	0.0101	0.0021	0.0000	0.2578	0.0000	0.0000	0.0000						
18	52	0.1242	11	1	2	1	1	0	0	0	0	N	Y	N	N	N	N	N	N	N	N	N	N	0.0000	0.0000	0.0000	0.0000	0.0000	0.0000	0.0000	0.0000	0.0000	0.0000	0.0000	0.0000	0.0000	0.0000	0.0000	0.0000	0.0000	0.0000	0.0024	0.0000	0.0064	0.0083	0.0001	0.0945	0.0000	0.0000	0.0000	124.5047	0.0000	0.0000	0.9988	0.0001	1.0036	1.7968	0.0000	0.0000	0.0000	0.0000	0.0000	0.0000	0.0000	0.0000	0.0000	0.0000	0.0000	0.0000	0.0000	0.0000	0.0000	0.0000	0.0000	0.0000	0.0000	0.0000	0.0000	0.0000	0.0000	0.0000	0.0000	0.0000	0.0000	0.0059	0.0037	0.0022	0.0017	0.0015	0.0001	0.0042	0.0022	0.0020	0.0000	0.0000	0.0000	0.0000	0.0000	0.0000	0.0000	0.0000	0.0000	0.0024	0.0000	0.0064	0.0083	0.0001	0.0945	0.0000	0.0000	0.0000	
18	53	0.1059	5	1	2	0	1	0	0	0	0	N	Y	N	N	N	N	N	N	N	N	N	N	0.0000	0.0000	0.0000	0.0000	0.0000	0.0000	0.0000	0.0000	0.0000	0.0000	0.0000	0.0000	0.0000	0.0000	0.0000	0.0000	0.0000	0.0000	0.0000	0.0000	0.0000	0.0000	0.0000	0.0000	0.0000	0.0727	0.0000	-0.0000	0.9988	1.8240	1.0036	0.8872	0.0000	0.0000	0.0000	0.0000	0.0000	0.0000	0.0000	0.0000	0.0000	0.0000	0.0000	0.0000	0.0000	0.0000	0.0000	0.0000	0.0000	0.0000	0.0164	0.0145	0.0019	0.0057	0.0053	0.0004	0.0107	0.0092	0.0015	0.0086	0.0053	0.0033	0.0023	0.0021	0.0002	0.0062	0.0031	0.0031	0.0000	0.0000	0.0000	0.0000	0.0000	0.0000	0.0000	0.0000	0.0000	0.0000	0.0000	0.0000	0.0000	0.0000	0.0000	0.0000	0.0000	0.0000			
18	54	0.1900	17	0	2	0	2	0	0	0	0	N	Y	N	Y	N	N	N	N	N	N	N	N	0.0000	0.0000	0.0000	0.0000	0.0000	0.0000	0.0000	0.0000	0.0000	0.0000	0.0000	0.0000	0.0000	0.0000	0.0000	0.0255	0.0404	0.0000	0.0787	0.0899	0.0000	0.0000	0.0000	0.0000	0.0000	0.0000	-0.0002	0.9988	0.0007	1.0036	4.7762	0.0000	0.0000	0.0000	0.0000	0.0000	0.0000	0.0000	0.0000	0.0000	0.0003	0.0003	0.0000	0.0003	0.0003	0.0000	0.0000	0.0000	0.0000	0.0000	0.0000	0.0000	0.0000	0.0000	0.0000	0.0000	0.0000	0.0000	0.0129	0.0082	0.0048	0.0042	0.0037	0.0005	0.0087	0.0045	0.0042	0.0000	0.0000	0.0000	0.0000	0.0000	0.0000	0.0000	0.0000	0.0000	0.0255	0.0404	0.0000	0.0787	0.0899	0.0000	0.0000	0.0000	0.0000				
18	55	0.1900	17	0	1	0	2	0	0	0	0	N	N	N	Y	N	N	N	N	N	N	N	N	0.0000	0.0000	0.0000	0.0000	0.0000	0.0000	0.0000	0.0000	0.0000	0.0000	0.0000	0.0000	0.0000	0.0000	0.0000	0.0105	0.0000	0.0294	0.0022	0.0000	0.0198	0.0148	0.0000	0.0306	inf	0.0000	0.0000	0.9988	0.0007	1.0036	3.2259	0.0000	0.0000	0.0000	0.0000	0.0000	0.0000	0.0000	0.0000	0.0000	0.0001	0.0000	0.0001	0.0000	0.0000	0.0000	0.0001	0.0000	0.0001	0.0000	0.0000	0.0000	0.0000	0.0000	0.0000	0.0000	0.0000	0.0000	0.0095	0.0061	0.0034	0.0032	0.0029	0.0004	0.0063	0.0033	0.0030	0.0000	0.0000	0.0000	0.0000	0.0000	0.0000	0.0000	0.0000	0.0000	0.0105	0.0000	0.0294	0.0022	0.0000	0.0198	0.0148	0.0000	0.0306				
18	56	0.1856	16	0	1	0	2	0	0	0	0	N	N	N	Y	N	N	N	N	N	N	N	N	0.0000	0.0000	0.0000	0.0000	0.0000	0.0000	0.0000	0.0000	0.0000	0.0000	0.0000	0.0000	0.0000	0.0000	0.0000	0.0000	0.0000	0.0000	0.0206	0.0157	0.0300	0.0319	0.0332	0.0204	0.0147	0.0000	0.0311	1.0002	0.0000	-0.0000	0.9988	0.9953	1.0036	1.3904	0.0000	0.0000	0.0000	0.0000	0.0000	0.0000	0.0000	0.0000	0.0000	0.0002	0.0001	0.0001	0.0001	0.0001	0.0000	0.0001	0.0000	0.0001	0.0069	0.0060	0.0009	0.0009	0.0008	0.0001	0.0060	0.0052	0.0008	0.0074	0.0049	0.0026	0.0026	0.0023	0.0003	0.0049	0.0026	0.0023	0.0000	0.0000	0.0000	0.0000	0.0000	0.0000	0.0000	0.0000	0.0000	0.0206	0.0157	0.0300	0.0319	0.0332	0.0204	0.0147	0.0000	0.0311	
18	57	0.1789	15	0	1	0	2	0	0	0	0	N	N	N	Y	N	N	N	N	N	N	N	N	0.0000	0.0000	0.0000	0.0000	0.0000	0.0000	0.0000	0.0000	0.0000	0.0000	0.0000	0.0000	0.0000	0.0000	0.0000	0.0000	0.0000	0.0000	0.0133	0.0163	0.0085	0.0314	0.0348	0.0061	0.0045	0.0000	0.0088	0.3307	0.0000	-0.0000	0.9988	0.0068	1.0036	3.2797	0.0000	0.0000	0.0000	0.0000	0.0000	0.0000	0.0000	0.0000	0.0000	0.0001	0.0001	0.0000	0.0001	0.0001	0.0000	0.0000	0.0000	0.0000	0.0001	0.0001	0.0000	0.0000	0.0000	0.0000	0.0000	0.0000	0.0000	0.0091	0.0056	0.0035	0.0030	0.0026	0.0004	0.0062	0.0030	0.0032	0.0000	0.0000	0.0000	0.0000	0.0000	0.0000	0.0000	0.0000	0.0000	0.0133	0.0163	0.0085	0.0314	0.0348	0.0061	0.0045	0.0000	0.0088	
18	58	0.1377	14	0	1	0	2	0	0	0	0	N	N	N	Y	N	N	N	N	N	N	N	N	0.0000	0.0000	0.0000	0.0000	0.0000	0.0000	0.0000	0.0000	0.0000	0.0000	0.0000	0.0000	0.0000	0.0000	0.0000	0.0000	0.0000	0.0000	0.0011	0.0017	0.0000	0.0037	0.0043	0.0000	0.0000	0.0000	0.0000	0.0013	0.0000	-0.0000	0.9988	5.8573	1.0036	13.1443	0.0000	0.0000	0.0000	0.0000	0.0000	0.0000	0.0000	0.0000	0.0000	0.0000	0.0000	0.0000	0.0000	0.0000	0.0000	0.0000	0.0000	0.0000	0.0463	0.0406	0.0057	0.0108	0.0101	0.0007	0.0355	0.0305	0.0050	0.0471	0.0284	0.0187	0.0135	0.0116	0.0019	0.0336	0.0168	0.0168	0.0000	0.0000	0.0000	0.0000	0.0000	0.0000	0.0000	0.0000	0.0000	0.0011	0.0017	0.0000	0.0037	0.0043	0.0000	0.0000	0.0000	0.0000	
18	59	0.1244	12	0	2	1	1	0	0	0	0	N	Y	N	N	N	N	N	N	N	N	N	N	0.0000	0.0000	0.0000	0.0000	0.0000	0.0000	0.0000	0.0000	0.0000	0.0000	0.0000	0.0000	0.0000	0.0000	0.0000	0.0000	0.0000	0.0000	0.1168	0.0022	0.3160	0.0074	0.0056	0.0204	0.1603	0.0000	0.3472	82.8137	0.0000	0.0007	0.9988	0.9979	1.0036	4.0614	0.0000	0.0000	0.0000	0.0000	0.0000	0.0000	0.0000	0.0000	0.0000	0.0016	0.0000	0.0016	0.0000	0.0000	0.0000	0.0016	0.0000	0.0016	0.0068	0.0059	0.0009	0.0011	0.0011	0.0001	0.0057	0.0049	0.0008	0.0140	0.0089	0.0051	0.0040	0.0035	0.0005	0.0100	0.0054	0.0046	0.0000	0.0000	0.0000	0.0000	0.0000	0.0000	0.0000	0.0000	0.0000	0.1168	0.0022	0.3160	0.0074	0.0056	0.0204	0.1603	0.0000	0.3472	
18	60	0.1160	11	0	2	0	1	0	0	0	0	N	Y	N	N	N	N	N	N	N	N	N	N	0.0000	0.0000	0.0000	0.0000	0.0000	0.0000	0.0000	0.0000	0.0000	0.0000	0.0000	0.0000	0.0000	0.0000	0.0000	0.0000	0.0000	0.0000	80.9869	0.0025	480.5927	0.0189	0.0032	0.1592	108.7206	0.0020	421.0614	52192.2906	0.0000	0.4511	0.9988	2.2356	1.0036	2.2044	0.0000	0.0000	0.0000	0.0000	0.0000	0.0000	0.0000	0.0000	0.0000	0.9870	0.0000	0.9870	0.0001	0.0000	0.0000	0.9869	0.0000	0.9869	0.0158	0.0138	0.0020	0.0025	0.0024	0.0001	0.0133	0.0114	0.0019	0.0122	0.0077	0.0045	0.0031	0.0028	0.0003	0.0091	0.0049	0.0042	0.0000	0.0000	0.0000	0.0000	0.0000	0.0000	0.0000	0.0000	0.0000	80.9869	0.0025	217.7926	0.0189	0.0032	0.1592	108.7206	0.0020	233.8710	
18	61	0.0953	9	1	1	1	1	0	0	0	0	N	N	N	N	N	N	N	N	N	N	N	N	0.0000	0.0000	0.0000	0.0000	0.0000	0.0000	0.0000	0.0000	0.0000	0.0000	0.0000	0.0000	0.0000	0.0000	0.0000	0.0000	0.0000	0.0000	0.0000	0.0000	0.0000	-0.0000	0.9988	2.0703	1.0036	7.0012	0.0000	0.0000	0.0000	0.0000	0.0000	0.0000	0.0000	0.0000	0.0000	0.0000	0.0000	0.0000	0.0000	0.0000	0.0000	0.0000	0.0000	0.0000	0.0152	0.0133	0.0019	0.0027	0.0026	0.0001	0.0125	0.0107	0.0018	0.0212	0.0120	0.0092	0.0035	0.0028	0.0007	0.0177	0.0092	0.0085	0.0000	0.0000	0.0000	0.0000	0.0000	0.0000	0.0000	0.0000	0.0000	0.0000	0.0000	0.0000	0.0000	0.0000	0.0000	0.0000	0.0000	0.0000									
18	62	0.0937	8	0	1	0	1	0	0	0	0	N	N	N	N	N	N	N	N	N	N	N	N	0.0000	0.0000	0.0000	0.0000	0.0000	0.0000	0.0000	0.0000	0.0000	0.0000	0.0000	0.0000	0.0000	0.0000	0.0000	0.0000	0.0000	0.0000	0.0000	0.0000	0.0000	0.0000	0.3333	0.0000	-0.0000	0.9988	0.9285	1.0036	0.0280	0.0000	0.0000	0.0000	0.0000	0.0000	0.0000	0.0000	0.0000	0.0000	0.0000	0.0000	0.0000	0.0000	0.0000	0.0000	0.0000	0.0000	0.0000	0.0067	0.0058	0.0008	0.0011	0.0011	0.0001	0.0055	0.0048	0.0008	0.0024	0.0013	0.0010	0.0004	0.0003	0.0001	0.0020	0.0010	0.0009	0.0000	0.0000	0.0000	0.0000	0.0000	0.0000	0.0000	0.0000	0.0000	0.0000	0.0000	0.0000	0.0000	0.0000	0.0000	0.0000	0.0000	0.0000						
18	63	0.0748	7	1	2	0	1	0	0	0	0	N	Y	N	N	N	N	N	N	N	N	N	N	0.0000	0.0000	0.0000	0.0000	0.0000	0.0000	0.0000	0.0000	0.0000	0.0000	0.0000	0.0000	0.0000	0.0000	0.0000	0.0000	0.0000	0.0000	0.0033	0.0025	0.0045	0.0149	0.0081	0.0482	0.0001	0.0001	0.0000	1.2025	0.0000	0.0000	0.9988	1.0023	1.0036	3.0135	0.0000	0.0000	0.0000	0.0000	0.0000	0.0000	0.0000	0.0000	0.0000	0.0000	0.0000	0.0000	0.0000	0.0000	0.0000	0.0000	0.0000	0.0000	0.0071	0.0062	0.0010	0.0007	0.0007	0.0000	0.0064	0.0055	0.0009	0.0108	0.0064	0.0043	0.0024	0.0020	0.0004	0.0084	0.0045	0.0039	0.0000	0.0000	0.0000	0.0000	0.0000	0.0000	0.0000	0.0000	0.0000	0.0033	0.0025	0.0045	0.0149	0.0081	0.0482	0.0001	0.0001	0.0000	
18	64	0.0484	6	1	2	0	1	0	0	0	0	N	Y	N	N	N	N	N	N	N	N	N	N	0.0000	0.0000	0.0000	0.0000	0.0000	0.0000	0.0000	0.0000	0.0000	0.0000	0.0000	0.0000	0.0000	0.0000	0.0000	0.0000	0.0000	0.0000	0.0017	0.0030	0.0001	0.0082	0.0099	0.0006	0.0006	0.0012	0.0000	0.0186	0.0000	-0.0000	0.9988	3.0820	1.0036	9.3392	0.0000	0.0000	0.0000	0.0000	0.0000	0.0000	0.0000	0.0000	0.0000	0.0001	0.0001	0.0000	0.0000	0.0000	0.0000	0.0000	0.0000	0.0000	0.0267	0.0234	0.0032	0.0044	0.0043	0.0001	0.0222	0.0191	0.0031	0.0299	0.0167	0.0133	0.0043	0.0035	0.0008	0.0256	0.0131	0.0125	0.0000	0.0000	0.0000	0.0000	0.0000	0.0000	0.0000	0.0000	0.0000	0.0017	0.0030	0.0001	0.0082	0.0099	0.0006	0.0006	0.0012	0.0000	
18	65	0.1160	11	0	2	0	1	0	0	0	0	N	Y	N	N	N	N	N	N	N	N	N	N	0.0000	0.0000	0.0000	0.0000	0.0000	0.0000	0.0000	0.0000	0.0000	0.0000	0.0000	0.0000	0.0000	0.0000	0.0000	0.2727	0.4477	0.0000	1.1757	1.3352	0.0000	0.0000	0.0000	0.0000	0.0000	0.0000	-0.0028	0.9988	1.7946	1.0036	5.9592	0.0000	0.0000	0.0000	0.0000	0.0000	0.0000	0.0000	0.0000	0.0000	0.0052	0.0052	0.0000	0.0052	0.0052	0.0000	0.0000	0.0000	0.0000	0.0129	0.0113	0.0016	0.0021	0.0020	0.0001	0.0108	0.0093	0.0015	0.0192	0.0117	0.0075	0.0045	0.0039	0.0005	0.0148	0.0078	0.0070	0.0000	0.0000	0.0000	0.0000	0.0000	0.0000	0.0000	0.0000	0.0000	0.2727	0.4477	0.0000	1.1757	1.3352	0.0000	0.0000	0.0000	0.0000				
18	66	0.1091	10	0	2	0	1	0	0	0	0	N	Y	N	N	N	N	N	N	N	N	N	N	0.0000	0.0000	0.0000	0.0000	0.0000	0.0000	0.0000	0.0000	0.0000	0.0000	0.0000	0.0000	0.0000	0.0000	0.0000	0.0000	0.0000	0.0000	0.6295	0.0319	1.4606	0.0702	0.0802	0.0005	0.7825	0.0089	1.5612	32.9393	0.0000	0.0023	0.9988	1.3569	1.0036	2.0560	0.0000	0.0000	0.0000	0.0000	0.0000	0.0000	0.0000	0.0000	0.0000	0.0054	0.0002	0.0052	0.0001	0.0001	0.0000	0.0052	0.0000	0.0052	0.0106	0.0093	0.0013	0.0019	0.0018	0.0001	0.0087	0.0075	0.0013	0.0085	0.0050	0.0036	0.0018	0.0016	0.0002	0.0067	0.0034	0.0033	0.0000	0.0000	0.0000	0.0000	0.0000	0.0000	0.0000	0.0000	0.0000	0.6295	0.0319	1.4606	0.0702	0.0802	0.0005	0.7825	0.0089	1.5612	
18	67	0.0958	9	0	2	0	1	0	0	0	0	N	Y	N	N	N	N	N	N	N	N	N	N	0.0000	0.0000	0.0000	0.0000	0.0000	0.0000	0.0000	0.0000	0.0000	0.0000	0.0000	0.0000	0.0000	0.0000	0.0000	0.0000	0.0000	0.0077	0.0000	0.0184	0.0000	0.0000	0.0000	0.0097	0.0000	0.0198	17313.7320	0.0000	0.0001	0.9988	4.9477	1.0036	2.0153	0.0000	0.0000	0.0000	0.0000	0.0000	0.0000	0.0000	0.0000	0.0000	0.0001	0.0000	0.0001	0.0000	0.0000	0.0000	0.0001	0.0000	0.0001	0.0359	0.0313	0.0046	0.0055	0.0052	0.0004	0.0304	0.0261	0.0043	0.0168	0.0097	0.0070	0.0035	0.0030	0.0005	0.0133	0.0067	0.0065	0.0000	0.0000	0.0000	0.0000	0.0000	0.0000	0.0000	0.0000	0.0000	0.0077	0.0000	0.0184	0.0000	0.0000	0.0000	0.0097	0.0000	0.0198		
18	68	0.1600	15	0	1	1	1	0	0	0	0	N	N	N	N	N	N	N	N	N	N	N	N	0.0000	0.0000	0.0000	0.0000	0.0000	0.0000	0.0000	0.0000	0.0000	0.0000	0.0000	0.0000	0.0000	0.0000	0.0000	0.0000	0.0000	0.0000	0.0000	0.0000	0.0000	0.0000	0.0000	0.0000	inf	0.0000	0.0000	0.9988	0.0000	1.0036	4.0001	0.0000	0.0000	0.0000	0.0000	0.0000	0.0000	0.0000	0.0000	0.0000	0.0000	0.0000	0.0000	0.0000	0.0000	0.0000	0.0000	0.0000	0.0000	0.0000	0.0000	0.0000	0.0000	0.0000	0.0000	0.0000	0.0000	0.0000	0.0094	0.0054	0.0041	0.0019	0.0016	0.0003	0.0076	0.0038	0.0038	0.0000	0.0000	0.0000	0.0000	0.0000	0.0000	0.0000	0.0000	0.0000	0.0000	0.0000	0.0000	0.0000	0.0000	0.0000	0.0000	0.0000	0.0000				
18	69	0.1377	14	0	1	0	1	0	0	0	0	N	N	N	N	N	N	N	N	N	N	N	N	0.0000	0.0000	0.0000	0.0000	0.0000	0.0000	0.0000	0.0000	0.0000	0.0000	0.0000	0.0000	0.0000	0.0000	0.0000	0.0000	0.0000	0.0009	0.0005	0.0015	0.0029	0.0011	0.0146	0.0000	0.0000	0.0000	1.9899	0.0000	0.0000	0.9988	2.8240	1.0036	8.9883	0.0000	0.0000	0.0000	0.0000	0.0000	0.0000	0.0000	0.0000	0.0000	0.0000	0.0000	0.0000	0.0000	0.0000	0.0000	0.0000	0.0000	0.0000	0.0269	0.0237	0.0032	0.0083	0.0077	0.0006	0.0186	0.0159	0.0026	0.0330	0.0201	0.0129	0.0103	0.0089	0.0014	0.0227	0.0112	0.0115	0.0000	0.0000	0.0000	0.0000	0.0000	0.0000	0.0000	0.0000	0.0000	0.0009	0.0005	0.0015	0.0029	0.0011	0.0146	0.0000	0.0000	0.0000		
18	70	0.1288	13	0	1	0	1	0	0	0	0	N	N	N	N	N	N	N	N	N	N	N	N	0.0000	0.0000	0.0000	0.0000	0.0000	0.0000	0.0000	0.0000	0.0000	0.0000	0.0000	0.0000	0.0000	0.0000	0.0000	0.0000	0.0000	0.0000	0.0248	0.0372	0.0000	0.0650	0.0706	0.0003	0.0008	0.0016	0.0000	0.0004	0.0000	-0.0003	0.9988	1.4521	1.0036	3.5882	0.0000	0.0000	0.0000	0.0000	0.0000	0.0000	0.0000	0.0000	0.0000	0.0005	0.0005	0.0000	0.0005	0.0005	0.0000	0.0000	0.0000	0.0000	0.0104	0.0090	0.0013	0.0018	0.0017	0.0001	0.0086	0.0073	0.0013	0.0188	0.0126	0.0063	0.0070	0.0065	0.0006	0.0118	0.0061	0.0057	0.0000	0.0000	0.0000	0.0000	0.0000	0.0000	0.0000	0.0000	0.0000	0.0248	0.0372	0.0000	0.0650	0.0706	0.0003	0.0008	0.0016	0.0000	
18	71	0.1261	12	0	1	0	1	0	0	0	0	N	N	N	N	N	N	N	N	N	N	N	N	0.0000	0.0000	0.0000	0.0000	0.0000	0.0000	0.0000	0.0000	0.0000	0.0000	0.0000	0.0000	0.0000	0.0000	0.0000	0.0000	0.0000	0.0425	0.0617	0.0001	0.0022	0.0023	0.0000	0.0708	0.1390	0.0001	0.0005	0.0000	-0.0003	0.9988	1.1783	1.0036	0.9542	0.0000	0.0000	0.0000	0.0000	0.0000	0.0000	0.0000	0.0000	0.0000	0.0005	0.0005	0.0000	0.0000	0.0000	0.0000	0.0005	0.0005	0.0000	0.0098	0.0086	0.0013	0.0020	0.0020	0.0001	0.0078	0.0066	0.0012	0.0110	0.0076	0.0034	0.0045	0.0043	0.0002	0.0065	0.0033	0.0032	0.0000	0.0000	0.0000	0.0000	0.0000	0.0000	0.0000	0.0000	0.0000	0.0425	0.0617	0.0001	0.0022	0.0023	0.0000	0.0708	0.1390	0.0001		
18	72	0.1215	11	0	1	0	1	0	0	0	0	N	N	N	N	N	N	N	N	N	N	N	N	0.0000	0.0000	0.0000	0.0000	0.0000	0.0000	0.0000	0.0000	0.0000	0.0000	0.0000	0.0000	0.0000	0.0000	0.0000	0.0000	0.0000	0.0008	0.0012	0.0000	0.0001	0.0001	0.0000	0.0012	0.0023	0.0000	0.0014	0.0000	-0.0000	0.9988	2.0762	1.0036	1.4610	0.0000	0.0000	0.0000	0.0000	0.0000	0.0000	0.0000	0.0000	0.0000	0.0000	0.0000	0.0000	0.0000	0.0000	0.0000	0.0000	0.0000	0.0000	0.0150	0.0130	0.0020	0.0021	0.0020	0.0001	0.0129	0.0110	0.0019	0.0133	0.0088	0.0045	0.0049	0.0046	0.0004	0.0084	0.0043	0.0041	0.0000	0.0000	0.0000	0.0000	0.0000	0.0000	0.0000	0.0000	0.0000	0.0008	0.0012	0.0000	0.0001	0.0001	0.0000	0.0012	0.0023	0.0000		
18	73	0.0573	7	0	1	0	1	0	0	0	0	N	N	N	N	N	N	N	N	N	N	N	N	0.0000	0.0000	0.0000	0.0000	0.0000	0.0000	0.0000	0.0000	0.0000	0.0000	0.0000	0.0000	0.0000	0.0000	0.0000	0.0000	0.0000	0.0000	0.0453	0.0007	0.0995	0.0091	0.0032	0.0335	0.0520	0.0000	0.1043	111.8156	0.0000	0.0010	0.9988	4.0673	1.0036	17.8409	0.0000	0.0000	0.0000	0.0000	0.0000	0.0000	0.0000	0.0000	0.0000	0.0022	0.0000	0.0022	0.0001	0.0000	0.0001	0.0022	0.0000	0.0022	0.0330	0.0289	0.0041	0.0048	0.0046	0.0001	0.0282	0.0243	0.0040	0.0493	0.0270	0.0222	0.0077	0.0062	0.0015	0.0416	0.0209	0.0207	0.0000	0.0000	0.0000	0.0000	0.0000	0.0000	0.0000	0.0000	0.0000	0.0453	0.0007	0.0995	0.0091	0.0032	0.0335	0.0520	0.0000	0.1043	
18	75	0.1940	11	0	1	0	1	0	0	0	0	N	N	N	N	N	N	N	N	N	N	N	N	0.0329	0.0491	0.0000	0.0884	0.0845	0.0000	0.0000	0.0000	0.0000	0.0005	0.0006	0.0000	0.0016	0.0017	0.0000	0.0000	0.0000	0.0000	0.0155	0.0117	0.0230	0.0184	0.0199	0.0083	0.0131	0.0000	0.0260	0.0000	1.0020	-0.0000	-0.0001	0.9988	3.5843	1.0036	46.7516	0.0000	0.0000	0.0000	0.0000	0.0000	0.0000	0.0000	0.0000	0.0000	0.0027	0.0013	0.0013	0.0014	0.0013	0.0001	0.0013	0.0000	0.0013	0.0406	0.0361	0.0045	0.0127	0.0123	0.0004	0.0279	0.0238	0.0041	0.1727	0.1144	0.0583	0.0770	0.0669	0.0101	0.0957	0.0475	0.0482	0.0329	0.0491	0.0000	0.0884	0.0845	0.0000	0.0000	0.0000	0.0000	0.0155	0.0117	0.0230	0.0184	0.0199	0.0083	0.0131	0.0000	0.0260
18	76	0.1226	11	1	2	1	1	0	0	0	0	N	Y	N	N	N	N	N	N	N	N	N	N	0.0000	0.0000	0.0000	0.0000	0.0000	0.0000	0.0000	0.0000	0.0000	0.0000	0.0000	0.0000	0.0000	0.0000	0.0000	0.0000	0.0000	0.0000	0.0000	0.0000	0.9988	1.0003	1.0036	1.0071	0.0000	0.0000	0.0000	0.0000	0.0000	0.0000	0.0000	0.0000	0.0000	0.0000	0.0000	0.0000	0.0000	0.0000	0.0000	0.0000	0.0000	0.0000	0.0068	0.0060	0.0008	0.0013	0.0013	0.0001	0.0055	0.0047	0.0008	0.0047	0.0027	0.0020	0.0013	0.0011	0.0002	0.0034	0.0017	0.0017	0.0000	0.0000	0.0000	0.0000	0.0000	0.0000	0.0000	0.0000	0.0000	0.0000	0.0000	0.0000	0.0000	0.0000	0.0000	0.0000	0.0000	0.0000											
18	77	0.1158	10	1	1	1	1	0	0	0	0	N	N	N	N	N	N	N	N	N	N	N	N	0.0000	0.0000	0.0000	0.0000	0.0000	0.0000	0.0000	0.0000	0.0000	0.0000	0.0000	0.0000	0.0000	0.0000	0.0000	0.0000	0.0000	0.0000	0.0000	0.0000	0.9988	0.9901	1.0036	2.2068	0.0000	0.0000	0.0000	0.0000	0.0000	0.0000	0.0000	0.0000	0.0000	0.0000	0.0000	0.0000	0.0000	0.0000	0.0000	0.0000	0.0000	0.0000	0.0069	0.0060	0.0009	0.0014	0.0013	0.0001	0.0055	0.0047	0.0008	0.0228	0.0167	0.0061	0.0093	0.0090	0.0003	0.0135	0.0077	0.0058	0.0000	0.0000	0.0000	0.0000	0.0000	0.0000	0.0000	0.0000	0.0000	0.0000	0.0000	0.0000	0.0000	0.0000	0.0000	0.0000	0.0000	0.0000											
18	78	0.0748	8	0	2	0	1	0	0	0	0	N	Y	N	N	N	N	N	N	N	N	N	N	1096.4743	0.0000	3716.6628	0.0000	0.0000	0.0000	954.6949	0.0000	3388.1582	14.7599	0.0000	120.5602	0.0000	0.0000	0.0000	17.8652	0.0000	128.7959	0.0135	0.0000	0.0324	0.0000	0.0000	0.0000	0.0187	0.0000	0.0380	inf	17179.8189	0.6176	0.0004	0.9988	8.4371	1.0036	15.3349	0.9979	0.0000	0.9979	0.0000	0.0000	0.0000	0.9979	0.0000	0.9979	0.0009	0.0000	0.0009	0.0000	0.0000	0.0000	0.0009	0.0000	0.0009	0.0676	0.0593	0.0083	0.0118	0.0112	0.0005	0.0559	0.0481	0.0077	0.0662	0.0388	0.0275	0.0186	0.0146	0.0040	0.0476	0.0242	0.0235	1096.4743	0.0000	3716.6628	0.0000	0.0000	0.0000	954.6949	0.0000	3388.1582	0.0135	0.0000	0.0324	0.0000	0.0000	0.0000	0.0187	0.0000	0.0380
18	79	0.1158	10	1	1	1	1	0	0	0	0	N	N	N	N	N	N	N	N	N	N	N	N	0.0000	0.0000	0.0000	0.0000	0.0000	0.0000	0.0000	0.0000	0.0000	0.0000	0.0000	0.0000	0.0000	0.0000	0.0000	0.0000	0.0000	0.0000	0.0000	0.0000	0.9988	3.0096	1.0036	5.7427	0.0000	0.0000	0.0000	0.0000	0.0000	0.0000	0.0000	0.0000	0.0000	0.0000	0.0000	0.0000	0.0000	0.0000	0.0000	0.0000	0.0000	0.0000	0.0204	0.0179	0.0025	0.0040	0.0038	0.0002	0.0165	0.0141	0.0023	0.0344	0.0232	0.0113	0.0116	0.0108	0.0008	0.0228	0.0124	0.0104	0.0000	0.0000	0.0000	0.0000	0.0000	0.0000	0.0000	0.0000	0.0000	0.0000	0.0000	0.0000	0.0000	0.0000	0.0000	0.0000	0.0000	0.0000											
18	80	0.1002	9	1	1	1	1	0	0	0	0	N	N	N	N	N	N	N	N	N	N	N	N	0.0000	0.0000	0.0000	0.0000	0.0000	0.0000	0.0000	0.0000	0.0000	0.0000	0.0000	0.0000	0.0000	0.0000	0.0000	0.0000	0.0000	0.0000	0.0000	0.0000	0.0000	0.0000	0.0000	0.0000	0.0000	0.0000	1.5430	0.0000	0.0000	0.9988	1.0477	1.0036	6.1154	0.0000	0.0000	0.0000	0.0000	0.0000	0.0000	0.0000	0.0000	0.0000	0.0000	0.0000	0.0000	0.0000	0.0000	0.0000	0.0000	0.0000	0.0000	0.0081	0.0072	0.0009	0.0019	0.0018	0.0001	0.0063	0.0054	0.0009	0.0190	0.0112	0.0078	0.0043	0.0037	0.0006	0.0147	0.0075	0.0072	0.0000	0.0000	0.0000	0.0000	0.0000	0.0000	0.0000	0.0000	0.0000	0.0000	0.0000	0.0000	0.0000	0.0000	0.0000	0.0000	0.0000	0.0000		
18	81	0.0937	8	0	1	0	1	0	0	0	0	N	N	N	N	N	N	N	N	N	N	N	N	0.0000	0.0000	0.0000	0.0000	0.0000	0.0000	0.0000	0.0000	0.0000	0.0000	0.0000	0.0000	0.0000	0.0000	0.0000	0.0000	0.0000	0.0000	0.0001	0.0001	0.0001	0.0000	0.0000	0.0000	0.1547	0.0000	-0.0000	0.9988	1.9794	1.0036	1.0196	0.0000	0.0000	0.0000	0.0000	0.0000	0.0000	0.0000	0.0000	0.0000	0.0000	0.0000	0.0000	0.0000	0.0000	0.0000	0.0000	0.0000	0.0000	0.0140	0.0122	0.0018	0.0023	0.0022	0.0001	0.0117	0.0100	0.0016	0.0072	0.0041	0.0031	0.0012	0.0009	0.0002	0.0060	0.0031	0.0029	0.0000	0.0000	0.0000	0.0000	0.0000	0.0000	0.0000	0.0000	0.0000	0.0000	0.0000	0.0000	0.0001	0.0001	0.0001	0.0000	0.0000	0.0000				
18	82	0.0916	7	0	1	0	1	0	0	0	0	N	N	N	N	N	N	N	N	N	N	N	N	0.0000	0.0000	0.0000	0.0000	0.0000	0.0000	0.0000	0.0000	0.0000	0.0000	0.0000	0.0000	0.0000	0.0000	0.0000	0.0000	0.0000	0.0000	0.0000	0.0000	0.0000	0.0000	inf	0.0000	0.0000	0.9988	1.0114	1.0036	0.0202	0.0000	0.0000	0.0000	0.0000	0.0000	0.0000	0.0000	0.0000	0.0000	0.0000	0.0000	0.0000	0.0000	0.0000	0.0000	0.0000	0.0000	0.0000	0.0072	0.0063	0.0009	0.0010	0.0010	0.0001	0.0061	0.0053	0.0009	0.0026	0.0015	0.0011	0.0004	0.0004	0.0001	0.0022	0.0011	0.0010	0.0000	0.0000	0.0000	0.0000	0.0000	0.0000	0.0000	0.0000	0.0000	0.0000	0.0000	0.0000	0.0000	0.0000	0.0000	0.0000	0.0000	0.0000						
18	83	0.0710	6	0	1	0	1	0	0	0	0	N	N	N	N	N	N	N	N	N	N	N	N	0.0000	0.0000	0.0000	0.0000	0.0000	0.0000	0.0000	0.0000	0.0000	0.0000	0.0000	0.0000	0.0000	0.0000	0.0000	0.0000	0.0000	0.0000	0.0007	0.0000	0.0016	0.0000	0.0000	0.0001	0.0008	0.0000	0.0017	396.2506	0.0000	0.0000	0.9988	5.9223	1.0036	3.6882	0.0000	0.0000	0.0000	0.0000	0.0000	0.0000	0.0000	0.0000	0.0000	0.0000	0.0000	0.0000	0.0000	0.0000	0.0000	0.0000	0.0000	0.0000	0.0463	0.0408	0.0055	0.0077	0.0074	0.0003	0.0386	0.0334	0.0052	0.0253	0.0142	0.0110	0.0045	0.0037	0.0007	0.0208	0.0105	0.0103	0.0000	0.0000	0.0000	0.0000	0.0000	0.0000	0.0000	0.0000	0.0000	0.0007	0.0000	0.0016	0.0000	0.0000	0.0001	0.0008	0.0000	0.0017	
18	84	0.0946	10	0	2	0	1	0	0	0	0	N	Y	N	N	N	N	N	N	N	N	N	N	402.6677	0.0000	1284.4671	0.0000	0.0000	0.0000	357.8381	0.0000	1286.6819	19.8476	0.0000	151.3962	0.0000	0.0000	0.0000	22.3203	0.0000	158.8917	0.0493	0.0000	0.1179	0.0076	0.0001	0.0538	0.0624	0.0000	0.1235	inf	4213.5488	0.6177	0.0020	0.9988	7.1084	1.0036	28.8937	0.9980	0.0000	0.9980	0.0000	0.0000	0.0000	0.9980	0.0000	0.9980	0.0045	0.0000	0.0045	0.0002	0.0000	0.0002	0.0043	0.0000	0.0043	0.0503	0.0437	0.0066	0.0056	0.0053	0.0003	0.0447	0.0384	0.0063	0.0905	0.0527	0.0378	0.0216	0.0186	0.0031	0.0689	0.0341	0.0348	402.6677	0.0000	1284.4671	0.0000	0.0000	0.0000	357.8381	0.0000	1286.6819	0.0493	0.0000	0.1179	0.0076	0.0001	0.0538	0.0624	0.0000	0.1235
18	85	0.0872	9	0	2	0	1	0	0	0	0	N	Y	N	N	N	N	N	N	N	N	N	N	65.0631	25.6992	420.1907	42.8317	41.6302	0.0000	101.1470	0.0000	468.9735	0.0311	0.0131	0.1783	0.0349	0.0369	0.0000	0.0293	0.0000	0.2127	0.0005	0.0005	0.0004	0.0008	0.0009	0.0002	0.0003	0.0001	0.0005	1.6778	0.4533	0.0002	-0.0000	0.9988	2.2208	1.0036	3.9129	0.0008	0.0003	0.0005	0.0003	0.0003	0.0000	0.0005	0.0000	0.0005	0.0000	0.0000	0.0000	0.0000	0.0000	0.0000	0.0000	0.0000	0.0000	0.0266	0.0237	0.0029	0.0089	0.0084	0.0005	0.0177	0.0153	0.0024	0.0287	0.0186	0.0101	0.0103	0.0093	0.0010	0.0184	0.0093	0.0091	65.0631	25.6992	420.1907	42.8317	41.6302	0.0000	101.1470	0.0000	468.9735	0.0005	0.0005	0.0004	0.0008	0.0009	0.0002	0.0003	0.0001	0.0005
18	86	0.1627	11	0	1	1	1	0	0	0	0	N	N	N	N	N	N	N	N	N	N	N	N	0.0000	0.0000	0.0000	0.0000	0.0000	0.0000	0.0000	0.0000	0.0000	0.0000	0.0000	0.0000	0.0000	0.0000	0.0000	0.0000	0.0000	0.0000	0.0024	0.0040	0.0000	0.0082	0.0096	0.0000	0.0001	0.0001	0.0000	0.0008	0.0000	-0.0000	0.9988	5.3425	1.0036	7.0749	0.0000	0.0000	0.0000	0.0000	0.0000	0.0000	0.0000	0.0000	0.0000	0.0001	0.0001	0.0000	0.0001	0.0001	0.0000	0.0000	0.0000	0.0000	0.0424	0.0373	0.0051	0.0070	0.0067	0.0002	0.0355	0.0306	0.0049	0.0321	0.0195	0.0126	0.0094	0.0080	0.0014	0.0227	0.0114	0.0112	0.0000	0.0000	0.0000	0.0000	0.0000	0.0000	0.0000	0.0000	0.0000	0.0024	0.0040	0.0000	0.0082	0.0096	0.0000	0.0001	0.0001	0.0000	
18	87	0.1195	10	0	1	0	1	0	0	0	0	N	N	N	N	N	N	N	N	N	N	N	N	0.0000	0.0000	0.0000	0.0000	0.0000	0.0000	0.0000	0.0000	0.0000	0.0000	0.0000	0.0000	0.0000	0.0000	0.0000	0.0000	0.0000	0.0000	0.0133	0.0212	0.0001	0.0369	0.0420	0.0001	0.0016	0.0030	0.0001	0.0000	0.0036	-0.0000	-0.0005	0.9988	7.0719	1.0036	13.7350	0.0000	0.0000	0.0000	0.0000	0.0000	0.0000	0.0000	0.0000	0.0000	0.0009	0.0009	0.0000	0.0009	0.0009	0.0000	0.0001	0.0001	0.0000	0.0632	0.0559	0.0072	0.0137	0.0132	0.0005	0.0495	0.0428	0.0067	0.0710	0.0443	0.0268	0.0235	0.0207	0.0028	0.0475	0.0236	0.0239	0.0000	0.0000	0.0000	0.0000	0.0000	0.0000	0.0000	0.0000	0.0000	0.0133	0.0212	0.0001	0.0369	0.0420	0.0001	0.0016	0.0030	0.0001
18	88	0.1262	12	1	1	1	1	0	0	0	0	N	N	N	N	N	N	N	N	N	N	N	N	0.0000	0.0000	0.0000	0.0000	0.0000	0.0000	0.0000	0.0000	0.0000	0.0000	0.0000	0.0000	0.0000	0.0000	0.0000	0.0000	0.0000	0.0000	0.0000	0.0000	0.9988	0.0000	1.0036	0.0000	0.0000	0.0000	0.0000	0.0000	0.0000	0.0000	0.0000	0.0000	0.0000	0.0000	0.0000	0.0000	0.0000	0.0000	0.0000	0.0000	0.0000	0.0000	0.0000	0.0000	0.0000	0.0000	0.0000	0.0000	0.0000	0.0000	0.0000	0.0000	0.0000	0.0000	0.0000	0.0000	0.0000	0.0000	0.0000	0.0000	0.0000	0.0000	0.0000	0.0000	0.0000	0.0000	0.0000	0.0000	0.0000	0.0000	0.0000	0.0000	0.0000	0.0000	0.0000	0.0000	0.0000	0.0000											
18	89	0.1242	11	1	1	1	1	0	0	0	0	N	N	N	N	N	N	N	N	N	N	N	N	0.0000	0.0000	0.0000	0.0000	0.0000	0.0000	0.0000	0.0000	0.0000	0.0000	0.0000	0.0000	0.0000	0.0000	0.0000	0.0001	0.0001	0.0000	0.0002	0.0002	0.0000	0.0000	0.0000	0.0000	0.0000	0.0000	-0.0000	0.9988	0.0001	1.0036	0.9161	0.0000	0.0000	0.0000	0.0000	0.0000	0.0000	0.0000	0.0000	0.0000	0.0000	0.0000	0.0000	0.0000	0.0000	0.0000	0.0000	0.0000	0.0000	0.0000	0.0000	0.0000	0.0000	0.0000	0.0000	0.0000	0.0000	0.0000	0.0040	0.0026	0.0013	0.0014	0.0013	0.0001	0.0026	0.0014	0.0013	0.0000	0.0000	0.0000	0.0000	0.0000	0.0000	0.0000	0.0000	0.0000	0.0001	0.0001	0.0000	0.0002	0.0002	0.0000	0.0000	0.0000	0.0000				
18	90	0.0995	10	1	1	1	1	0	0	0	0	N	N	N	N	N	N	N	N	N	N	N	N	0.0000	0.0000	0.0000	0.0000	0.0000	0.0000	0.0000	0.0000	0.0000	0.0000	0.0000	0.0000	0.0000	0.0000	0.0000	0.0000	0.0000	0.0000	0.0421	0.0718	0.0000	0.1949	0.2253	0.0002	0.0000	0.0000	0.0000	0.0001	0.0000	-0.0006	0.9988	3.7876	1.0036	7.8440	0.0000	0.0000	0.0000	0.0000	0.0000	0.0000	0.0000	0.0000	0.0000	0.0012	0.0012	0.0000	0.0012	0.0012	0.0000	0.0000	0.0000	0.0000	0.0280	0.0246	0.0035	0.0052	0.0049	0.0003	0.0228	0.0196	0.0032	0.0280	0.0164	0.0116	0.0060	0.0052	0.0008	0.0220	0.0112	0.0108	0.0000	0.0000	0.0000	0.0000	0.0000	0.0000	0.0000	0.0000	0.0000	0.0421	0.0718	0.0000	0.1949	0.2253	0.0002	0.0000	0.0000	0.0000	
18	91	0.0677	8	0	2	0	2	0	0	0	0	N	Y	N	Y	N	N	N	N	N	N	N	N	0.0000	0.0000	0.0000	0.0000	0.0000	0.0000	0.0000	0.0000	0.0000	0.0000	0.0000	0.0000	0.0000	0.0000	0.0000	0.0000	0.0000	0.0000	0.0021	0.0008	0.0038	0.0021	0.0025	0.0001	0.0020	0.0000	0.0041	3.7213	0.0000	0.0000	0.9988	1.8247	1.0036	16.3284	0.0000	0.0000	0.0000	0.0000	0.0000	0.0000	0.0000	0.0000	0.0000	0.0001	0.0000	0.0001	0.0000	0.0000	0.0000	0.0001	0.0000	0.0001	0.0178	0.0157	0.0021	0.0036	0.0035	0.0001	0.0142	0.0122	0.0020	0.0449	0.0257	0.0192	0.0093	0.0079	0.0014	0.0356	0.0178	0.0178	0.0000	0.0000	0.0000	0.0000	0.0000	0.0000	0.0000	0.0000	0.0000	0.0021	0.0008	0.0038	0.0021	0.0025	0.0001	0.0020	0.0000	0.0041	
18	92	0.0573	7	0	2	0	1	0	0	0	0	N	Y	N	N	N	N	N	N	N	N	N	N	0.0000	0.0000	0.0000	0.0000	0.0000	0.0000	0.0000	0.0000	0.0000	0.0000	0.0000	0.0000	0.0000	0.0000	0.0000	0.0000	0.0000	0.0034	0.0055	0.0008	0.0220	0.0245	0.0118	0.0000	0.0000	0.0000	0.1193	0.0000	-0.0001	0.9988	9.1310	1.0036	16.1726	0.0000	0.0000	0.0000	0.0000	0.0000	0.0000	0.0000	0.0000	0.0000	0.0002	0.0002	0.0000	0.0002	0.0002	0.0000	0.0000	0.0000	0.0000	0.0661	0.0576	0.0085	0.0073	0.0070	0.0003	0.0588	0.0506	0.0082	0.0558	0.0306	0.0252	0.0085	0.0068	0.0017	0.0473	0.0238	0.0235	0.0000	0.0000	0.0000	0.0000	0.0000	0.0000	0.0000	0.0000	0.0000	0.0034	0.0055	0.0008	0.0220	0.0245	0.0118	0.0000	0.0000	0.0000		
18	93	0.1422	13	0	2	0	1	0	0	0	0	N	Y	N	N	N	N	N	N	N	N	N	N	0.0000	0.0000	0.0000	0.0000	0.0000	0.0000	0.0000	0.0000	0.0000	0.0000	0.0000	0.0000	0.0000	0.0000	0.0000	0.0000	0.0000	0.0000	0.0000	0.0000	0.0000	0.0000	0.0000	0.0000	0.0000	0.0000	0.0000	0.6246	0.0000	-0.0000	0.9988	4.0959	1.0036	8.7137	0.0000	0.0000	0.0000	0.0000	0.0000	0.0000	0.0000	0.0000	0.0000	0.0000	0.0000	0.0000	0.0000	0.0000	0.0000	0.0000	0.0000	0.0000	0.0303	0.0263	0.0040	0.0038	0.0036	0.0002	0.0265	0.0226	0.0039	0.0368	0.0239	0.0130	0.0137	0.0118	0.0019	0.0232	0.0121	0.0111	0.0000	0.0000	0.0000	0.0000	0.0000	0.0000	0.0000	0.0000	0.0000	0.0000	0.0000	0.0000	0.0000	0.0000	0.0000	0.0000	0.0000	0.0000	
18	94	0.1239	12	0	2	0	1	0	0	0	0	N	Y	N	N	N	N	N	N	N	N	N	N	0.0000	0.0000	0.0000	0.0000	0.0000	0.0000	0.0000	0.0000	0.0000	0.0000	0.0000	0.0000	0.0000	0.0000	0.0000	0.0000	0.0000	0.0000	0.0000	0.0000	0.0000	0.0000	0.0000	0.0000	0.0000	0.0000	0.0355	0.0000	-0.0000	0.9988	2.9443	1.0036	6.1524	0.0000	0.0000	0.0000	0.0000	0.0000	0.0000	0.0000	0.0000	0.0000	0.0000	0.0000	0.0000	0.0000	0.0000	0.0000	0.0000	0.0000	0.0000	0.0231	0.0199	0.0031	0.0040	0.0038	0.0001	0.0191	0.0161	0.0030	0.0236	0.0150	0.0086	0.0080	0.0070	0.0010	0.0157	0.0080	0.0076	0.0000	0.0000	0.0000	0.0000	0.0000	0.0000	0.0000	0.0000	0.0000	0.0000	0.0000	0.0000	0.0000	0.0000	0.0000	0.0000	0.0000	0.0000		
18	95	0.1215	11	0	1	0	1	0	0	0	0	N	N	N	N	N	N	N	N	N	N	N	N	0.0000	0.0000	0.0000	0.0000	0.0000	0.0000	0.0000	0.0000	0.0000	0.0000	0.0000	0.0000	0.0000	0.0000	0.0000	0.0000	0.0000	0.0000	0.0000	0.0000	0.0000	0.0000	0.0000	0.0000	0.0000	0.2300	0.0000	-0.0000	0.9988	0.8596	1.0036	1.2300	0.0000	0.0000	0.0000	0.0000	0.0000	0.0000	0.0000	0.0000	0.0000	0.0000	0.0000	0.0000	0.0000	0.0000	0.0000	0.0000	0.0000	0.0000	0.0066	0.0058	0.0009	0.0011	0.0010	0.0000	0.0056	0.0047	0.0008	0.0101	0.0069	0.0032	0.0040	0.0038	0.0002	0.0061	0.0031	0.0030	0.0000	0.0000	0.0000	0.0000	0.0000	0.0000	0.0000	0.0000	0.0000	0.0000	0.0000	0.0000	0.0000	0.0000	0.0000	0.0000	0.0000	0.0000			
18	96	0.1096	10	0	1	0	1	0	0	0	0	N	N	N	N	N	N	N	N	N	N	N	N	0.0000	0.0000	0.0000	0.0000	0.0000	0.0000	0.0000	0.0000	0.0000	0.0000	0.0000	0.0000	0.0000	0.0000	0.0000	0.0000	0.0001	0.0002	0.0000	0.0003	0.0003	0.0000	0.0000	0.0000	0.0000	0.0096	0.0000	-0.0000	0.9988	3.7737	1.0036	2.5241	0.0000	0.0000	0.0000	0.0000	0.0000	0.0000	0.0000	0.0000	0.0000	0.0000	0.0000	0.0000	0.0000	0.0000	0.0000	0.0000	0.0000	0.0000	0.0371	0.0327	0.0044	0.0087	0.0084	0.0004	0.0284	0.0244	0.0040	0.0285	0.0174	0.0111	0.0109	0.0102	0.0007	0.0176	0.0072	0.0104	0.0000	0.0000	0.0000	0.0000	0.0000	0.0000	0.0000	0.0000	0.0000	0.0001	0.0002	0.0000	0.0003	0.0003	0.0000	0.0000	0.0000	0.0000			
18	97	0.0888	9	0	1	0	1	0	0	0	0	N	N	N	N	N	N	N	N	N	N	N	N	0.0000	0.0000	0.0000	0.0000	0.0000	0.0000	0.0000	0.0000	0.0000	0.0000	0.0000	0.0000	0.0000	0.0000	0.0000	0.0000	0.0000	0.0000	0.0000	0.0000	0.0001	0.0000	0.0000	0.0000	0.0000	0.0000	0.0001	6.8322	0.0000	0.0000	0.9988	6.4922	1.0036	4.5502	0.0000	0.0000	0.0000	0.0000	0.0000	0.0000	0.0000	0.0000	0.0000	0.0000	0.0000	0.0000	0.0000	0.0000	0.0000	0.0000	0.0000	0.0000	0.0459	0.0398	0.0061	0.0047	0.0045	0.0002	0.0412	0.0353	0.0059	0.0296	0.0176	0.0120	0.0075	0.0064	0.0010	0.0222	0.0112	0.0109	0.0000	0.0000	0.0000	0.0000	0.0000	0.0000	0.0000	0.0000	0.0000	0.0000	0.0000	0.0001	0.0000	0.0000	0.0000	0.0000	0.0000	0.0001	
18	98	0.0995	10	0	2	0	1	0	0	0	0	N	Y	N	N	N	N	N	N	N	N	N	N	0.0000	0.0000	0.0000	0.0000	0.0000	0.0000	0.0000	0.0000	0.0000	0.0000	0.0000	0.0000	0.0000	0.0000	0.0000	0.0000	0.0000	0.0000	0.0000	0.0000	0.0001	0.0002	0.0000	0.0015	0.0000	0.0000	0.0000	549.5769	0.0000	0.0000	0.9988	1.3608	1.0036	12.1483	0.0000	0.0000	0.0000	0.0000	0.0000	0.0000	0.0000	0.0000	0.0000	0.0000	0.0000	0.0000	0.0000	0.0000	0.0000	0.0000	0.0000	0.0000	0.0116	0.0103	0.0013	0.0032	0.0031	0.0002	0.0084	0.0072	0.0012	0.0318	0.0185	0.0132	0.0067	0.0058	0.0009	0.0251	0.0128	0.0123	0.0000	0.0000	0.0000	0.0000	0.0000	0.0000	0.0000	0.0000	0.0000	0.0000	0.0000	0.0001	0.0002	0.0000	0.0015	0.0000	0.0000	0.0000	
18	99	0.0958	9	0	1	0	1	0	0	0	0	N	N	N	N	N	N	N	N	N	N	N	N	0.0000	0.0000	0.0000	0.0000	0.0000	0.0000	0.0000	0.0000	0.0000	0.0000	0.0000	0.0000	0.0000	0.0000	0.0000	0.0002	0.0004	0.0000	0.0008	0.0009	0.0001	0.0000	0.0000	0.0000	0.0089	0.0000	-0.0000	0.9988	1.5300	1.0036	0.7696	0.0000	0.0000	0.0000	0.0000	0.0000	0.0000	0.0000	0.0000	0.0000	0.0000	0.0000	0.0000	0.0000	0.0000	0.0000	0.0000	0.0000	0.0000	0.0131	0.0114	0.0017	0.0029	0.0026	0.0002	0.0102	0.0087	0.0015	0.0067	0.0041	0.0026	0.0017	0.0016	0.0002	0.0050	0.0025	0.0025	0.0000	0.0000	0.0000	0.0000	0.0000	0.0000	0.0000	0.0000	0.0000	0.0002	0.0004	0.0000	0.0008	0.0009	0.0001	0.0000	0.0000	0.0000				
18	100	0.0869	8	0	1	0	1	0	0	0	0	N	N	N	N	N	N	N	N	N	N	N	N	0.0822	0.1006	0.0000	0.2781	0.2377	0.0000	0.0000	0.0000	0.0000	0.0000	0.0000	0.0000	0.0000	0.0000	0.0000	0.0000	0.0000	0.0000	0.0000	0.0000	0.0000	0.0000	0.0000	0.0000	0.0000	0.0000	0.8554	-0.0000	-0.0000	0.9988	3.6906	1.0036	1.4800	0.0000	0.0000	0.0000	0.0000	0.0000	0.0000	0.0000	0.0000	0.0000	0.0000	0.0000	0.0000	0.0000	0.0000	0.0000	0.0000	0.0000	0.0000	0.0260	0.0227	0.0033	0.0030	0.0029	0.0001	0.0230	0.0198	0.0032	0.0131	0.0075	0.0056	0.0027	0.0022	0.0005	0.0104	0.0053	0.0051	0.0822	0.1006	0.0000	0.2781	0.2377	0.0000	0.0000	0.0000	0.0000	0.0000	0.0000	0.0000	0.0000	0.0000	0.0000	0.0000	0.0000	0.0000		
18	101	0.0869	7	0	1	0	1	0	0	0	0	N	N	N	N	N	N	N	N	N	N	N	N	0.4035	0.5450	0.0000	0.4239	0.3686	0.3971	inf	0.0000	0.0000	0.0000	0.0000	0.0000	0.0000	0.0000	0.0000	0.0000	0.0000	0.0000	0.0000	0.0000	0.0000	0.0000	0.0000	0.0000	0.0000	0.0000	0.0000	0.9640	-0.0000	-0.0000	0.9988	0.1361	1.0036	0.4500	0.0000	0.0000	0.0000	0.0000	0.0000	0.0000	0.0000	0.0000	0.0000	0.0000	0.0000	0.0000	0.0000	0.0000	0.0000	0.0000	0.0000	0.0000	0.0018	0.0016	0.0002	0.0005	0.0005	0.0000	0.0013	0.0011	0.0002	0.0021	0.0013	0.0008	0.0007	0.0006	0.0001	0.0014	0.0007	0.0007	0.4035	0.5450	0.0000	0.4239	0.3686	0.0000	0.3971	inf	0.0000	0.0000	0.0000	0.0000	0.0000	0.0000	0.0000	0.0000	0.0000	0.0000	
18	102	0.0710	6	0	1	0	1	0	0	0	0	N	N	N	N	N	N	N	N	N	N	N	N	0.0002	0.0386	0.0000	0.0000	0.0000	0.0000	0.0002	1.0687	0.0000	0.0000	0.0000	0.0000	0.0000	0.0000	0.0000	0.0000	0.0000	0.0000	0.0008	0.0000	0.0018	0.0000	0.0000	0.0001	0.0010	0.0000	0.0020	0.0000	392.2264	-0.0000	0.0000	0.9988	3.5591	1.0036	4.5341	0.0000	0.0000	0.0000	0.0000	0.0000	0.0000	0.0000	0.0000	0.0000	0.0000	0.0000	0.0000	0.0000	0.0000	0.0000	0.0000	0.0000	0.0000	0.0307	0.0273	0.0034	0.0062	0.0060	0.0002	0.0245	0.0213	0.0032	0.0218	0.0123	0.0095	0.0040	0.0034	0.0006	0.0179	0.0090	0.0089	0.0002	0.0386	0.0000	0.0000	0.0000	0.0000	0.0002	1.0687	0.0000	0.0008	0.0000	0.0018	0.0000	0.0000	0.0001	0.0010	0.0000	0.0020
18	103	0.0493	5	0	1	0	1	0	0	0	0	N	N	N	N	N	N	N	N	N	N	N	N	0.0000	0.0000	0.0000	0.0000	0.0000	0.0000	0.0000	0.0000	0.0000	0.0000	0.0000	0.0000	0.0000	0.0000	0.0000	0.0000	0.0000	0.0000	0.0328	0.0000	0.0691	0.0001	0.0002	0.0000	0.0385	0.0000	0.0727	1430.8007	0.0000	0.0005	0.9988	2.8937	1.0036	8.0733	0.0000	0.0000	0.0000	0.0000	0.0000	0.0000	0.0000	0.0000	0.0000	0.0010	0.0000	0.0010	0.0000	0.0000	0.0000	0.0010	0.0000	0.0010	0.0255	0.0223	0.0032	0.0036	0.0035	0.0001	0.0219	0.0187	0.0031	0.0305	0.0160	0.0145	0.0045	0.0038	0.0007	0.0260	0.0122	0.0138	0.0000	0.0000	0.0000	0.0000	0.0000	0.0000	0.0000	0.0000	0.0000	0.0328	0.0000	0.0691	0.0001	0.0002	0.0000	0.0385	0.0000	0.0727	
18	104	0.1437	11	0	2	0	1	0	0	0	0	N	Y	N	N	N	N	N	N	N	N	N	N	0.0000	0.0000	0.0000	0.0000	0.0000	0.0000	0.0000	0.0000	0.0000	0.0000	0.0000	0.0000	0.0000	0.0000	0.0000	0.3127	0.0000	1.1367	0.0253	0.0000	0.2987	0.5484	0.0000	1.2811	inf	0.0000	0.0013	0.9988	0.0277	1.0036	1.3445	0.0000	0.0000	0.0000	0.0000	0.0000	0.0000	0.0000	0.0000	0.0000	0.0028	0.0000	0.0028	0.0001	0.0000	0.0001	0.0027	0.0000	0.0027	0.0004	0.0003	0.0000	0.0001	0.0001	0.0000	0.0002	0.0002	0.0000	0.0089	0.0065	0.0025	0.0040	0.0037	0.0004	0.0049	0.0028	0.0021	0.0000	0.0000	0.0000	0.0000	0.0000	0.0000	0.0000	0.0000	0.0000	0.3127	0.0000	1.1367	0.0253	0.0000	0.2858	0.5484	0.0000	1.2811				
18	105	0.0970	10	0	2	0	1	0	0	0	0	N	Y	N	N	N	N	N	N	N	N	N	N	0.0000	0.0000	0.0000	0.0000	0.0000	0.0000	0.0000	0.0000	0.0000	0.0000	0.0000	0.0000	0.0000	0.0000	0.0000	0.0000	0.0000	0.0000	0.0075	0.0002	0.0180	0.0031	0.0001	0.0197	0.0087	0.0002	0.0178	72.9204	0.0000	0.0002	0.9988	5.1414	1.0036	16.4151	0.0000	0.0000	0.0000	0.0000	0.0000	0.0000	0.0000	0.0000	0.0000	0.0004	0.0000	0.0004	0.0000	0.0000	0.0000	0.0003	0.0000	0.0003	0.0376	0.0327	0.0048	0.0058	0.0055	0.0003	0.0318	0.0272	0.0046	0.0480	0.0283	0.0197	0.0105	0.0089	0.0016	0.0375	0.0195	0.0181	0.0000	0.0000	0.0000	0.0000	0.0000	0.0000	0.0000	0.0000	0.0000	0.0075	0.0002	0.0180	0.0031	0.0001	0.0197	0.0087	0.0002	0.0178	
18	106	0.0888	9	0	1	0	1	0	0	0	0	N	N	N	N	N	N	N	N	N	N	N	N	0.0000	0.0000	0.0000	0.0000	0.0000	0.0000	0.0000	0.0000	0.0000	0.0000	0.0000	0.0000	0.0000	0.0000	0.0000	0.0000	0.0000	0.0000	0.0001	0.0001	0.0002	0.0001	0.0001	0.0002	0.0001	0.0000	0.0002	2.4883	0.0000	0.0000	0.9988	3.8974	1.0036	1.6364	0.0000	0.0000	0.0000	0.0000	0.0000	0.0000	0.0000	0.0000	0.0000	0.0000	0.0000	0.0000	0.0000	0.0000	0.0000	0.0000	0.0000	0.0000	0.0286	0.0248	0.0038	0.0032	0.0031	0.0001	0.0254	0.0217	0.0036	0.0177	0.0109	0.0068	0.0051	0.0046	0.0005	0.0126	0.0063	0.0062	0.0000	0.0000	0.0000	0.0000	0.0000	0.0000	0.0000	0.0000	0.0000	0.0001	0.0001	0.0002	0.0001	0.0001	0.0002	0.0001	0.0000	0.0002	
18	107	0.0677	8	0	1	0	1	0	0	0	0	N	N	N	N	N	N	N	N	N	N	N	N	0.0000	0.0000	0.0000	0.0000	0.0000	0.0000	0.0000	0.0000	0.0000	0.0000	0.0000	0.0000	0.0000	0.0000	0.0000	0.0000	0.0000	0.0000	0.0026	0.0001	0.0062	0.0002	0.0002	0.0002	0.0034	0.0000	0.0067	52.8613	0.0000	0.0000	0.9988	0.3701	1.0036	9.6236	0.0000	0.0000	0.0000	0.0000	0.0000	0.0000	0.0000	0.0000	0.0000	0.0001	0.0000	0.0001	0.0000	0.0000	0.0000	0.0001	0.0000	0.0001	0.0077	0.0070	0.0007	0.0028	0.0028	0.0000	0.0049	0.0043	0.0007	0.0282	0.0165	0.0118	0.0068	0.0059	0.0009	0.0215	0.0106	0.0109	0.0000	0.0000	0.0000	0.0000	0.0000	0.0000	0.0000	0.0000	0.0000	0.0026	0.0001	0.0062	0.0002	0.0002	0.0002	0.0034	0.0000	0.0067	
18	108	0.0573	7	0	1	0	1	0	0	0	0	N	N	N	N	N	N	N	N	N	N	N	N	0.0000	0.0000	0.0000	0.0000	0.0000	0.0000	0.0000	0.0000	0.0000	0.0000	0.0000	0.0000	0.0000	0.0000	0.0000	0.0000	0.0000	0.0000	0.0570	0.0015	0.1268	0.0041	0.0048	0.0000	0.0707	0.0000	0.1361	65.9221	0.0000	0.0004	0.9988	0.4415	1.0036	4.8853	0.0000	0.0000	0.0000	0.0000	0.0000	0.0000	0.0000	0.0000	0.0000	0.0008	0.0000	0.0008	0.0000	0.0000	0.0000	0.0008	0.0000	0.0008	0.0082	0.0075	0.0007	0.0028	0.0028	0.0000	0.0054	0.0047	0.0007	0.0146	0.0081	0.0065	0.0030	0.0026	0.0004	0.0116	0.0056	0.0060	0.0000	0.0000	0.0000	0.0000	0.0000	0.0000	0.0000	0.0000	0.0000	0.0570	0.0015	0.1268	0.0041	0.0048	0.0000	0.0707	0.0000	0.1361	
18	109	0.0283	4	1	2	0	2	0	0	0	0	N	Y	N	Y	N	N	N	N	N	N	N	N	0.0000	0.0000	0.0000	0.0000	0.0000	0.0000	0.0000	0.0000	0.0000	0.0000	0.0000	0.0000	0.0000	0.0000	0.0000	0.0000	0.0000	0.0000	0.0000	0.0000	0.9988	0.0000	1.0036	0.0000	0.0000	0.0000	0.0000	0.0000	0.0000	0.0000	0.0000	0.0000	0.0000	0.0000	0.0000	0.0000	0.0000	0.0000	0.0000	0.0000	0.0000	0.0000	0.0000	0.0000	0.0000	0.0000	0.0000	0.0000	0.0000	0.0000	0.0000	0.0000	0.0000	0.0000	0.0000	0.0000	0.0000	0.0000	0.0000	0.0000	0.0000	0.0000	0.0000	0.0000	0.0000	0.0000	0.0000	0.0000	0.0000	0.0000	0.0000	0.0000	0.0000	0.0000	0.0000	0.0000	0.0000	0.0000											
18	110	0.0133	3	1	2	0	2	0	0	0	0	N	Y	N	Y	N	N	N	N	N	N	N	N	0.0000	0.0000	0.0000	0.0000	0.0000	0.0000	0.0000	0.0000	0.0000	0.0000	0.0000	0.0000	0.0000	0.0000	0.0000	0.0000	0.0000	0.1581	0.3058	0.0131	0.0663	0.0761	0.0000	0.1676	0.3633	0.0134	0.0437	0.0000	-0.0016	0.9988	0.0000	1.0036	7.1240	0.0000	0.0000	0.0000	0.0000	0.0000	0.0000	0.0000	0.0000	0.0000	0.0033	0.0031	0.0001	0.0001	0.0001	0.0000	0.0032	0.0030	0.0001	0.0000	0.0000	0.0000	0.0000	0.0000	0.0000	0.0000	0.0000	0.0000	0.0208	0.0103	0.0105	0.0020	0.0017	0.0003	0.0188	0.0086	0.0102	0.0000	0.0000	0.0000	0.0000	0.0000	0.0000	0.0000	0.0000	0.0000	0.1581	0.3058	0.0131	0.0663	0.0761	0.0000	0.1676	0.3515	0.0134		
18	113	0.0237	4	0	2	0	1	0	0	0	0	N	Y	N	N	N	N	N	N	N	N	N	N	0.0000	0.0000	0.0000	0.0000	0.0000	0.0000	0.0000	0.0000	0.0000	0.0000	0.0000	0.0000	0.0000	0.0000	0.0000	0.0003	0.0006	0.0000	0.0032	0.0037	0.0000	0.0000	0.0000	0.0000	0.0002	0.0000	-0.0000	0.9988	0.9705	1.0036	5.0371	0.0000	0.0000	0.0000	0.0000	0.0000	0.0000	0.0000	0.0000	0.0000	0.0000	0.0000	0.0000	0.0000	0.0000	0.0000	0.0000	0.0000	0.0000	0.0080	0.0069	0.0010	0.0008	0.0008	0.0000	0.0072	0.0061	0.0010	0.0163	0.0081	0.0082	0.0016	0.0013	0.0002	0.0147	0.0068	0.0079	0.0000	0.0000	0.0000	0.0000	0.0000	0.0000	0.0000	0.0000	0.0000	0.0003	0.0006	0.0000	0.0032	0.0037	0.0000	0.0000	0.0000	0.0000				
18	114	0.0112	2	0	1	1	2	0	0	0	0	N	N	N	Y	N	N	N	N	N	N	N	N	0.0000	0.0000	0.0000	0.0000	0.0000	0.0000	0.0000	0.0000	0.0000	0.0000	0.0000	0.0000	0.0000	0.0288	0.0000	0.0595	0.0000	0.0000	0.0000	0.0354	0.0000	0.0600	inf	0.0000	0.0001	0.9988	0.0000	1.0036	1.1303	0.0000	0.0000	0.0000	0.0000	0.0000	0.0000	0.0000	0.0000	0.0000	0.0001	0.0000	0.0001	0.0000	0.0000	0.0000	0.0001	0.0000	0.0001	0.0000	0.0000	0.0000	0.0000	0.0000	0.0000	0.0000	0.0000	0.0000	0.0048	0.0025	0.0023	0.0009	0.0009	0.0000	0.0039	0.0016	0.0023	0.0000	0.0000	0.0000	0.0000	0.0000	0.0000	0.0000	0.0000	0.0000	0.0288	0.0000	0.0595	0.0000	0.0000	0.0000	0.0354	0.0000	0.0600						
18	116	0.0208	4	0	1	1	2	0	0	0	0	N	N	N	Y	N	N	N	N	N	N	N	N	0.0000	0.0000	0.0000	0.0000	0.0000	0.0000	0.0000	0.0000	0.0000	0.0000	0.0000	0.0000	0.0000	0.0000	0.0000	0.0000	0.0000	0.0019	0.0035	0.0002	0.0007	0.0008	0.0000	0.0021	0.0041	0.0002	0.0397	0.0000	-0.0000	0.9988	0.9725	1.0036	0.9874	0.0000	0.0000	0.0000	0.0000	0.0000	0.0000	0.0000	0.0000	0.0000	0.0000	0.0000	0.0000	0.0000	0.0000	0.0000	0.0000	0.0000	0.0000	0.0075	0.0065	0.0010	0.0007	0.0007	0.0000	0.0068	0.0058	0.0010	0.0056	0.0029	0.0026	0.0006	0.0005	0.0001	0.0050	0.0025	0.0025	0.0000	0.0000	0.0000	0.0000	0.0000	0.0000	0.0000	0.0000	0.0000	0.0019	0.0035	0.0002	0.0007	0.0008	0.0000	0.0021	0.0041	0.0002		
18	117	0.0208	4	0	1	1	2	0	0	0	0	N	N	N	Y	N	N	N	N	N	N	N	N	0.0000	0.0000	0.0000	0.0000	0.0000	0.0000	0.0000	0.0000	0.0000	0.0000	0.0000	0.0000	0.0000	0.0000	0.0000	0.0000	0.0000	0.0010	0.0018	0.0001	0.0004	0.0005	0.0000	0.0010	0.0020	0.0001	0.0397	0.0000	-0.0000	0.9988	0.0285	1.0036	4.0215	0.0000	0.0000	0.0000	0.0000	0.0000	0.0000	0.0000	0.0000	0.0000	0.0000	0.0000	0.0000	0.0000	0.0000	0.0000	0.0000	0.0000	0.0000	0.0008	0.0007	0.0001	0.0003	0.0003	0.0000	0.0005	0.0004	0.0001	0.0110	0.0056	0.0054	0.0010	0.0007	0.0002	0.0100	0.0049	0.0051	0.0000	0.0000	0.0000	0.0000	0.0000	0.0000	0.0000	0.0000	0.0000	0.0010	0.0018	0.0001	0.0004	0.0005	0.0000	0.0010	0.0020	0.0001		
18	118	0.0133	3	0	1	1	2	0	0	0	0	N	N	N	Y	N	N	N	N	N	N	N	N	0.0000	0.0000	0.0000	0.0000	0.0000	0.0000	0.0000	0.0000	0.0000	0.0000	0.0000	0.0000	0.0000	0.0000	0.0000	0.0000	0.0000	0.0000	0.2070	0.3981	0.0174	0.0654	0.0738	0.0000	0.2239	0.5050	0.0179	0.0441	0.0000	-0.0016	0.9988	3.0275	1.0036	2.1573	0.0000	0.0000	0.0000	0.0000	0.0000	0.0000	0.0000	0.0000	0.0000	0.0033	0.0031	0.0001	0.0001	0.0001	0.0000	0.0031	0.0030	0.0001	0.0208	0.0179	0.0029	0.0001	0.0001	0.0000	0.0208	0.0178	0.0029	0.0157	0.0078	0.0079	0.0017	0.0015	0.0002	0.0140	0.0063	0.0077	0.0000	0.0000	0.0000	0.0000	0.0000	0.0000	0.0000	0.0000	0.0000	0.2070	0.3981	0.0174	0.0654	0.0738	0.0000	0.2239	0.4742	0.0179	
18	119	0.1059	5	1	2	0	1	0	0	0	0	N	Y	N	N	N	N	N	N	N	N	N	N	0.0000	0.0000	0.0000	0.0000	0.0000	0.0000	0.0000	0.0000	0.0000	0.0000	0.0000	0.0000	0.0000	0.0000	0.0000	0.0000	0.0000	0.0000	0.0000	0.0000	0.0000	0.0000	0.0000	0.0000	0.0000	0.0727	0.0000	-0.0000	0.9988	2.1883	1.0036	3.1271	0.0000	0.0000	0.0000	0.0000	0.0000	0.0000	0.0000	0.0000	0.0000	0.0000	0.0000	0.0000	0.0000	0.0000	0.0000	0.0000	0.0000	0.0000	0.0188	0.0166	0.0022	0.0060	0.0056	0.0004	0.0128	0.0110	0.0018	0.0140	0.0083	0.0057	0.0032	0.0028	0.0004	0.0108	0.0054	0.0053	0.0000	0.0000	0.0000	0.0000	0.0000	0.0000	0.0000	0.0000	0.0000	0.0000	0.0000	0.0000	0.0000	0.0000	0.0000	0.0000	0.0000	0.0000			
18	120	0.0390	4	1	2	0	1	0	0	0	0	N	Y	N	N	N	N	N	N	N	N	N	N	0.0000	0.0000	0.0000	0.0000	0.0000	0.0000	0.0000	0.0000	0.0000	0.0000	0.0000	0.0000	0.0000	0.0000	0.0000	0.0000	0.0000	0.0004	0.0007	0.0000	0.0032	0.0040	0.0000	0.0000	0.0000	0.0000	0.0013	0.0000	-0.0000	0.9988	13.6104	1.0036	16.0982	0.0000	0.0000	0.0000	0.0000	0.0000	0.0000	0.0000	0.0000	0.0000	0.0000	0.0000	0.0000	0.0000	0.0000	0.0000	0.0000	0.0000	0.0000	0.0953	0.0828	0.0125	0.0068	0.0066	0.0002	0.0886	0.0762	0.0123	0.0705	0.0370	0.0334	0.0085	0.0067	0.0017	0.0620	0.0303	0.0317	0.0000	0.0000	0.0000	0.0000	0.0000	0.0000	0.0000	0.0000	0.0000	0.0004	0.0007	0.0000	0.0032	0.0040	0.0000	0.0000	0.0000	0.0000		
18	121	0.0642	6	0	2	0	1	0	0	0	0	N	Y	N	N	N	N	N	N	N	N	N	N	33.5283	23.4066	0.0000	29.1701	27.7165	0.0000	0.0000	0.0628	0.0690	0.0000	0.1650	0.1659	0.0000	0.0000	0.0000	0.0000	0.0019	0.0029	0.0000	0.0057	0.0060	0.0000	0.0000	0.0000	0.0000	0.0000	0.0064	-0.0002	-0.0000	0.9988	0.3548	1.0036	4.6068	0.0006	0.0006	0.0000	0.0006	0.0006	0.0000	0.0000	0.0000	0.0000	0.0001	0.0001	0.0000	0.0001	0.0001	0.0000	0.0000	0.0000	0.0000	0.0094	0.0085	0.0008	0.0036	0.0036	0.0000	0.0058	0.0050	0.0008	0.0269	0.0170	0.0099	0.0089	0.0084	0.0005	0.0181	0.0086	0.0094	33.5283	23.4066	0.0000	29.1701	27.7165	0.0000	0.0000	0.0000	0.0000	0.0019	0.0029	0.0000	0.0057	0.0060	0.0000	0.0000	0.0000	0.0000		
18	122	0.0493	5	0	2	0	1	0	0	0	0	N	Y	N	N	N	N	N	N	N	N	N	N	8.8638	0.0000	2651.5645	0.0000	0.0000	0.0000	15.1416	0.0000	2568.4155	0.0340	0.0000	0.2865	0.0000	0.0000	0.0000	0.0420	0.0000	0.2908	0.0038	0.0072	0.0001	0.0093	0.0107	0.0000	0.0028	0.0059	0.0001	inf	0.0135	0.0004	-0.0000	0.9988	1.6911	1.0036	5.7022	0.0006	0.0000	0.0006	0.0000	0.0000	0.0000	0.0006	0.0000	0.0006	0.0001	0.0001	0.0000	0.0000	0.0000	0.0000	0.0001	0.0000	0.0000	0.0173	0.0153	0.0021	0.0033	0.0033	0.0000	0.0140	0.0120	0.0020	0.0219	0.0116	0.0104	0.0036	0.0031	0.0005	0.0183	0.0085	0.0099	8.8638	0.0000	2651.5645	0.0000	0.0000	0.0000	15.1416	0.0000	2568.4155	0.0038	0.0072	0.0001	0.0093	0.0107	0.0000	0.0028	0.0059	0.0001
18	123	0.0390	4	0	1	0	1	0	0	0	0	N	N	N	N	N	N	N	N	N	N	N	N	0.0000	0.0000	0.0000	0.0000	0.0000	0.0000	0.0000	0.0000	0.0000	0.0000	0.0000	0.0000	0.0000	0.0000	0.0000	0.0000	0.0000	0.0036	0.0031	0.0042	0.0089	0.0101	0.0000	0.0024	0.0000	0.0044	1.2392	0.0000	0.0000	0.9988	2.0929	1.0036	3.1856	0.0000	0.0000	0.0000	0.0000	0.0000	0.0000	0.0000	0.0000	0.0000	0.0001	0.0000	0.0000	0.0000	0.0000	0.0000	0.0000	0.0000	0.0000	0.0215	0.0190	0.0025	0.0041	0.0041	0.0000	0.0174	0.0150	0.0024	0.0165	0.0087	0.0078	0.0030	0.0026	0.0003	0.0135	0.0061	0.0075	0.0000	0.0000	0.0000	0.0000	0.0000	0.0000	0.0000	0.0000	0.0000	0.0036	0.0031	0.0042	0.0089	0.0101	0.0000	0.0024	0.0000	0.0044		
18	124	0.0283	5	1	2	0	1	0	0	0	0	N	Y	N	N	N	N	N	N	N	N	N	N	0.0000	0.0000	0.0000	0.0000	0.0000	0.0000	0.0000	0.0000	0.0000	0.0000	0.0000	0.0000	0.0000	0.0000	0.0000	0.0000	0.0000	0.0000	0.0000	0.0000	0.9988	0.0000	1.0036	0.0000	0.0000	0.0000	0.0000	0.0000	0.0000	0.0000	0.0000	0.0000	0.0000	0.0000	0.0000	0.0000	0.0000	0.0000	0.0000	0.0000	0.0000	0.0000	0.0000	0.0000	0.0000	0.0000	0.0000	0.0000	0.0000	0.0000	0.0000	0.0000	0.0000	0.0000	0.0000	0.0000	0.0000	0.0000	0.0000	0.0000	0.0000	0.0000	0.0000	0.0000	0.0000	0.0000	0.0000	0.0000	0.0000	0.0000	0.0000	0.0000	0.0000	0.0000	0.0000	0.0000	0.0000	0.0000											
18	125	0.0237	4	1	2	0	1	0	0	0	0	N	Y	N	N	N	N	N	N	N	N	N	N	0.0000	0.0000	0.0000	0.0000	0.0000	0.0000	0.0000	0.0000	0.0000	0.0000	0.0000	0.0000	0.0000	0.0000	0.0000	0.0008	0.0015	0.0000	0.0056	0.0063	0.0000	0.0000	0.0000	0.0000	0.0002	0.0000	-0.0000	0.9988	0.1434	1.0036	1.9839	0.0000	0.0000	0.0000	0.0000	0.0000	0.0000	0.0000	0.0000	0.0000	0.0000	0.0000	0.0000	0.0000	0.0000	0.0000	0.0000	0.0000	0.0000	0.0022	0.0020	0.0002	0.0007	0.0007	0.0000	0.0015	0.0013	0.0002	0.0064	0.0033	0.0031	0.0009	0.0008	0.0001	0.0055	0.0025	0.0030	0.0000	0.0000	0.0000	0.0000	0.0000	0.0000	0.0000	0.0000	0.0000	0.0008	0.0015	0.0000	0.0056	0.0063	0.0000	0.0000	0.0000	0.0000				
18	126	0.0133	3	0	2	0	1	0	0	0	0	N	Y	N	N	N	N	N	N	N	N	N	N	0.0000	0.0000	0.0000	0.0000	0.0000	0.0000	0.0000	0.0000	0.0000	0.0000	0.0000	0.0000	0.0000	0.0000	0.0000	0.0000	0.0000	0.0000	0.0624	0.1250	0.0001	0.5650	0.6343	0.0000	0.0001	0.0000	0.0001	0.0007	0.0000	-0.0005	0.9988	1.8882	1.0036	2.9115	0.0000	0.0000	0.0000	0.0000	0.0000	0.0000	0.0000	0.0000	0.0000	0.0009	0.0009	0.0000	0.0009	0.0009	0.0000	0.0000	0.0000	0.0000	0.0131	0.0112	0.0019	0.0000	0.0000	0.0000	0.0130	0.0112	0.0018	0.0147	0.0073	0.0074	0.0016	0.0014	0.0002	0.0131	0.0059	0.0072	0.0000	0.0000	0.0000	0.0000	0.0000	0.0000	0.0000	0.0000	0.0000	0.0624	0.1250	0.0001	0.5650	0.6343	0.0000	0.0001	0.0000	0.0001	
19	20	0.0721	6	1	2	0	0	0	0	0	0	N	Y	N	N	N	N	N	N	N	N	N	N	0.0000	0.0000	0.0000	0.0000	0.0000	0.0000	0.0000	0.0000	0.0000	0.0000	0.0000	0.0000	0.0000	0.0000	0.0000	0.0000	0.0000	0.0000	0.0401	0.0019	0.1129	0.0049	0.0040	0.0452	0.0566	0.0000	0.1143	31.4108	0.0000	0.0011	0.0025	1.9984	5.0336	3.0609	0.0000	0.0000	0.0000	0.0000	0.0000	0.0000	0.0000	0.0000	0.0000	0.0026	0.0001	0.0025	0.0001	0.0001	0.0000	0.0025	0.0000	0.0025	0.0014	0.0011	0.0003	0.0010	0.0007	0.0003	0.0004	0.0004	0.0000	0.0651	0.0427	0.0224	0.0208	0.0204	0.0005	0.0443	0.0223	0.0219	0.0000	0.0000	0.0000	0.0000	0.0000	0.0000	0.0000	0.0000	0.0000	0.0401	0.0019	0.1129	0.0049	0.0040	0.0452	0.0566	0.0000	0.1143	
19	21	0.1680	11	1	1	0	1	0	0	0	0	N	N	N	N	N	N	N	N	N	N	N	N	6.1418	0.0000	29.1740	0.6521	0.0000	1.6183	37.0564	0.0000	150.9932	0.0001	0.0000	0.0009	0.0000	0.0000	0.0009	0.0002	0.0000	0.0009	0.0000	0.0000	0.0000	0.0001	0.0000	0.0005	0.0000	0.0000	0.0000	inf	2.5008	0.0000	0.0000	0.0025	2.0028	5.0336	2.2704	0.0000	0.0000	0.0000	0.0000	0.0000	0.0000	0.0000	0.0000	0.0000	0.0000	0.0000	0.0000	0.0000	0.0000	0.0000	0.0000	0.0000	0.0000	0.0001	0.0001	0.0000	0.0001	0.0001	0.0000	0.0001	0.0001	0.0000	0.0273	0.0166	0.0107	0.0069	0.0064	0.0005	0.0204	0.0102	0.0102	6.1418	0.0000	29.1740	0.6521	0.0000	1.6183	37.0564	0.0000	150.9932	0.0000	0.0000	0.0000	0.0001	0.0000	0.0005	0.0000	0.0000	0.0000
19	22	0.1341	12	2	1	1	0	0	0	0	0	Y	N	N	N	N	N	N	N	N	N	N	N	0.0000	0.0000	0.0000	0.0000	0.0000	0.0000	0.0000	0.0000	0.0000	0.0000	0.0000	0.0000	0.0000	0.0008	0.0015	0.0000	0.0072	0.0078	0.0000	0.0000	0.0000	0.0000	0.0000	0.0000	-0.0000	0.0025	0.0000	5.0336	2.0000	0.0000	0.0000	0.0000	0.0000	0.0000	0.0000	0.0000	0.0000	0.0000	0.0000	0.0000	0.0000	0.0000	0.0000	0.0000	0.0000	0.0000	0.0000	0.0000	0.0000	0.0000	0.0000	0.0000	0.0000	0.0000	0.0000	0.0000	0.0121	0.0069	0.0052	0.0014	0.0013	0.0001	0.0107	0.0056	0.0051	0.0000	0.0000	0.0000	0.0000	0.0000	0.0000	0.0000	0.0000	0.0000	0.0008	0.0015	0.0000	0.0072	0.0078	0.0000	0.0000	0.0000	0.0000						
19	23	0.0837	6	1	2	0	0	0	0	0	0	N	Y	N	N	N	N	N	N	N	N	N	N	0.0690	1.9412	0.0000	0.5395	0.6627	0.0000	0.1254	4.2476	0.0000	0.0765	0.0903	0.0000	0.0224	0.0269	0.0000	0.1903	0.2161	0.0000	1.1092	0.0465	2.7874	0.0415	0.0407	0.0565	1.5183	0.0509	2.8983	0.0000	37.9579	-0.0000	0.0565	0.0025	4.1010	5.0336	9.0979	0.0000	0.0000	0.0000	0.0000	0.0000	0.0000	0.0000	0.0000	0.0000	0.1310	0.0034	0.1276	0.0014	0.0013	0.0001	0.1296	0.0021	0.1275	0.0004	0.0003	0.0001	0.0003	0.0002	0.0000	0.0001	0.0001	0.0000	0.1181	0.0723	0.0458	0.0327	0.0309	0.0018	0.0854	0.0414	0.0440	0.0690	1.9412	0.0000	0.5395	0.6627	0.0000	0.1254	4.2476	0.0000	1.1092	0.0465	2.7874	0.0415	0.0407	0.0565	1.5183	0.0509	2.8983
19	24	0.0948	7	2	2	0	0	0	0	0	0	Y	Y	N	N	N	N	N	N	N	N	N	N	0.3136	0.0000	19.9257	0.0175	0.0000	0.5463	13.3654	42.1227	0.0000	0.0000	0.0003	0.0000	0.0000	0.0001	0.0000	0.0000	0.0003	0.0001	0.0002	0.0000	0.0007	0.0007	0.0003	0.0000	0.0000	0.0000	inf	0.0606	0.0000	-0.0000	0.0025	7.0513	5.0336	11.7448	0.0000	0.0000	0.0000	0.0000	0.0000	0.0000	0.0000	0.0000	0.0000	0.0000	0.0000	0.0000	0.0000	0.0000	0.0000	0.0000	0.0000	0.0000	0.0004	0.0004	0.0000	0.0002	0.0002	0.0000	0.0002	0.0002	0.0000	0.1065	0.0619	0.0447	0.0143	0.0133	0.0010	0.0922	0.0485	0.0437	0.3136	0.0000	19.9257	0.0175	0.0000	0.5463	13.3654	0.0000	42.1227	0.0001	0.0002	0.0000	0.0007	0.0007	0.0003	0.0000	0.0000	0.0000	
19	25	0.1517	7	1	2	0	0	0	0	0	0	N	Y	N	N	N	N	N	N	N	N	N	N	0.0422	3.6046	0.0000	0.0772	0.1210	0.0000	0.0605	3585708.6425	0.0000	0.6054	0.6872	0.0000	0.0584	0.0645	0.0000	1.1230	1.3082	0.0000	14.3294	0.1906	79.0553	0.7559	0.5330	6.4493	18.5519	0.0000	74.7964	0.0000	122.7299	-0.0001	0.4428	0.0025	4.7974	5.0336	5.1989	0.0002	0.0002	0.0000	0.0000	0.0000	0.0000	0.0002	0.0002	0.0000	0.9863	0.0080	0.9784	0.0123	0.0080	0.0044	0.9740	0.0000	0.9740	0.0004	0.0003	0.0000	0.0002	0.0002	0.0000	0.0002	0.0002	0.0000	0.0688	0.0418	0.0270	0.0163	0.0150	0.0014	0.0525	0.0269	0.0256	0.0422	3.6046	0.0000	0.0772	0.1210	0.0000	0.0605	3585708.6425	0.0000	14.3294	0.1906	36.2149	0.7559	0.5330	3.1805	18.5519	0.0000	37.9867
19	26	0.1130	8	2	2	0	0	0	0	0	0	Y	Y	N	N	N	N	N	N	N	N	N	N	0.0003	2.3155	0.0005	0.1343	2.1416	0.0207	0.0003	0.0000	0.0006	0.0024	0.0005	0.0194	0.0010	0.0010	0.0019	0.0035	0.0000	0.0224	8.8793	0.0002	38.8691	0.0074	0.0005	0.0907	12.7242	0.0000	36.7257	4.8364	70561.0955	0.0000	0.4477	0.0025	2.0195	5.0336	15.0171	0.0000	0.0000	0.0000	0.0000	0.0000	0.0000	0.0000	0.0000	0.0000	0.9795	0.0000	0.9795	0.0002	0.0000	0.0002	0.9793	0.0000	0.9793	0.0001	0.0001	0.0000	0.0001	0.0001	0.0000	0.0001	0.0001	0.0000	0.1103	0.0701	0.0403	0.0334	0.0308	0.0026	0.0770	0.0393	0.0377	0.0003	2.3155	0.0008	0.1343	2.1416	0.0207	0.0003	0.0000	0.0009	8.8793	0.0002	24.3288	0.0074	0.0005	0.0907	12.7242	0.0000	25.9865
19	27	0.1043	7	1	1	0	0	0	0	0	0	N	N	N	N	N	N	N	N	N	N	N	N	0.3300	0.1495	0.7200	0.3565	0.2066	29.8113	0.3832	0.0200	0.7216	0.0483	0.0023	0.2802	0.0068	0.0041	0.1162	0.0833	0.0002	0.2921	0.1463	0.0152	0.3892	0.0191	0.0198	0.0039	0.2173	0.0101	0.4048	24.3998	13.7880	0.0000	0.0029	0.0025	1.6438	5.0336	3.3228	0.0000	0.0000	0.0000	0.0000	0.0000	0.0000	0.0000	0.0000	0.0000	0.0075	0.0005	0.0070	0.0004	0.0003	0.0000	0.0071	0.0002	0.0070	0.0002	0.0001	0.0000	0.0001	0.0001	0.0000	0.0001	0.0001	0.0000	0.0512	0.0333	0.0180	0.0184	0.0177	0.0007	0.0329	0.0156	0.0173	0.3300	0.1495	0.7200	0.3565	0.2066	29.8113	0.3832	0.0200	0.7216	0.1463	0.0152	0.3892	0.0191	0.0198	0.0039	0.2173	0.0101	0.4048
19	28	0.1081	9	1	2	0	0	0	0	0	0	N	Y	N	N	N	N	N	N	N	N	N	N	0.0000	0.0000	0.0000	0.0000	0.0000	0.0000	0.0000	0.0000	0.0000	0.0000	0.0000	0.0000	0.0000	0.0000	0.0000	0.0000	0.0000	0.3770	0.5024	0.1984	1.9610	2.0657	0.0000	0.0965	0.0002	0.2022	0.2774	0.0000	-0.0135	0.0025	3.0409	5.0336	16.1393	0.0000	0.0000	0.0000	0.0000	0.0000	0.0000	0.0000	0.0000	0.0000	0.0415	0.0325	0.0090	0.0325	0.0325	0.0000	0.0090	0.0000	0.0090	0.0002	0.0002	0.0000	0.0001	0.0001	0.0000	0.0001	0.0001	0.0000	0.1101	0.0646	0.0454	0.0166	0.0157	0.0008	0.0935	0.0489	0.0446	0.0000	0.0000	0.0000	0.0000	0.0000	0.0000	0.0000	0.0000	0.0000	0.3770	0.5024	0.1984	1.9610	2.0657	0.0000	0.0965	0.0002	0.2022		
19	29	0.1032	9	1	2	0	0	0	0	0	0	N	Y	N	N	N	N	N	N	N	N	N	N	0.0000	0.0000	0.0000	0.0000	0.0000	0.0000	0.0000	0.0000	0.0000	0.0000	0.0000	0.0000	0.0000	0.0000	0.0000	0.0000	0.0000	0.0000	11.8776	0.1508	54.2623	0.7769	0.8144	0.0019	13.2830	0.0000	46.5016	135.0522	0.0000	0.4519	0.0025	4.0695	5.0336	11.0027	0.0000	0.0000	0.0000	0.0000	0.0000	0.0000	0.0000	0.0000	0.0000	1.0050	0.0074	0.9976	0.0074	0.0074	0.0000	0.9976	0.0000	0.9976	0.0003	0.0002	0.0000	0.0001	0.0001	0.0000	0.0001	0.0001	0.0000	0.0846	0.0490	0.0356	0.0095	0.0091	0.0004	0.0751	0.0399	0.0352	0.0000	0.0000	0.0000	0.0000	0.0000	0.0000	0.0000	0.0000	0.0000	11.8776	0.1508	27.9940	0.7769	0.8144	0.0019	13.2830	0.0000	28.3430	
19	30	0.1357	10	1	2	1	1	0	0	0	0	N	Y	N	N	N	N	N	N	N	N	N	N	0.0000	0.0000	0.0000	0.0000	0.0000	0.0000	0.0000	0.0000	0.0000	0.0000	0.0000	0.0000	0.0000	0.0000	0.0000	0.0000	0.0000	48.9031	0.0085	297.5271	0.0328	0.0186	0.2039	71.6105	0.0000	328.3677	8965.9003	0.0000	0.4480	0.0025	0.0021	5.0336	3.0281	0.0000	0.0000	0.0000	0.0000	0.0000	0.0000	0.0000	0.0000	0.0000	0.9804	0.0001	0.9803	0.0002	0.0001	0.0001	0.9802	0.0000	0.9802	0.0000	0.0000	0.0000	0.0000	0.0000	0.0000	0.0000	0.0000	0.0000	0.0200	0.0129	0.0072	0.0064	0.0059	0.0005	0.0137	0.0070	0.0067	0.0000	0.0000	0.0000	0.0000	0.0000	0.0000	0.0000	0.0000	0.0000	48.9031	0.0085	136.5885	0.0328	0.0186	0.2039	71.6105	0.0000	146.5111		
19	31	0.1130	9	1	1	0	1	0	0	0	0	N	N	N	N	N	N	N	N	N	N	N	N	0.0000	0.0000	0.0000	0.0000	0.0000	0.0000	0.0000	0.0000	0.0000	0.0000	0.0000	0.0000	0.0000	0.0000	0.0000	0.0000	0.0000	0.0000	0.0943	0.0015	0.2624	0.0022	0.0024	0.0004	0.1329	0.0008	0.2790	98.4940	0.0000	0.0028	0.0025	3.2874	5.0336	7.1999	0.0000	0.0000	0.0000	0.0000	0.0000	0.0000	0.0000	0.0000	0.0000	0.0062	0.0001	0.0062	0.0000	0.0000	0.0000	0.0062	0.0000	0.0062	0.0002	0.0002	0.0000	0.0001	0.0001	0.0000	0.0001	0.0001	0.0000	0.0661	0.0426	0.0235	0.0195	0.0181	0.0014	0.0465	0.0244	0.0221	0.0000	0.0000	0.0000	0.0000	0.0000	0.0000	0.0000	0.0000	0.0000	0.0943	0.0015	0.2624	0.0022	0.0024	0.0004	0.1329	0.0008	0.2790	
19	32	0.0432	3	1	2	0	0	0	0	0	0	N	Y	N	N	N	N	N	N	N	N	N	N	0.0356	144.9346	0.0003	22.1427	31.8690	0.0000	0.0154	inf	0.0032	0.2462	0.3127	0.0055	0.3065	0.4279	0.0000	0.1170	0.1221	0.0510	6.9108	0.0022	17.4829	0.0138	0.0134	0.0278	7.6157	0.0000	15.8138	0.0048	5715.8196	-0.0001	0.4505	0.0025	4.3545	5.0336	19.4857	0.0003	0.0003	0.0000	0.0002	0.0002	0.0000	0.0000	0.0000	0.0000	0.9860	0.0002	0.9859	0.0002	0.0002	0.0000	0.9859	0.0000	0.9859	0.0012	0.0009	0.0003	0.0008	0.0006	0.0002	0.0004	0.0003	0.0000	0.1427	0.0800	0.0627	0.0132	0.0128	0.0004	0.1295	0.0671	0.0623	0.0356	144.9346	0.0003	22.1427	31.8690	0.0000	0.0154	inf	0.0032	6.9108	0.0022	15.7171	0.0138	0.0134	0.0278	7.6157	0.0000	15.8138
19	33	0.0876	7	2	2	0	0	0	0	0	0	Y	Y	N	N	N	N	N	N	N	N	N	N	0.0000	0.0000	0.0000	0.0000	0.0000	0.0000	0.0000	0.0000	0.0000	0.0000	0.0000	0.0000	0.0000	0.0000	0.0000	0.0000	0.0000	0.0000	0.0000	0.0000	0.0025	0.0000	5.0336	0.0000	0.0000	0.0000	0.0000	0.0000	0.0000	0.0000	0.0000	0.0000	0.0000	0.0000	0.0000	0.0000	0.0000	0.0000	0.0000	0.0000	0.0000	0.0000	0.0000	0.0000	0.0000	0.0000	0.0000	0.0000	0.0000	0.0000	0.0000	0.0000	0.0000	0.0000	0.0000	0.0000	0.0000	0.0000	0.0000	0.0000	0.0000	0.0000	0.0000	0.0000	0.0000	0.0000	0.0000	0.0000	0.0000	0.0000	0.0000	0.0000	0.0000	0.0000	0.0000	0.0000	0.0000	0.0000											
19	34	0.1043	7	1	2	0	1	0	0	0	0	N	Y	N	N	N	N	N	N	N	N	N	N	0.0021	0.0380	0.0044	0.2882	0.0334	9.9472	0.0025	0.0049	0.0162	0.0001	0.1328	0.0012	0.0001	0.0340	0.0281	0.0000	0.1450	7.9148	0.0018	30.5103	0.0041	0.0041	0.0034	11.1129	0.0000	29.3993	276.0821	7201.0442	0.0000	0.4559	0.0025	6.4588	5.0336	12.7561	0.0000	0.0000	0.0000	0.0000	0.0000	0.0000	0.0000	0.0000	0.0000	0.9977	0.0001	0.9976	0.0001	0.0001	0.0000	0.9976	0.0000	0.9976	0.0005	0.0004	0.0001	0.0002	0.0002	0.0000	0.0003	0.0002	0.0000	0.1261	0.0789	0.0471	0.0363	0.0338	0.0025	0.0898	0.0452	0.0446	0.0021	0.0380	0.0063	0.2882	0.0334	9.9472	0.0025	0.0000	0.0065	7.9148	0.0018	21.1740	0.0041	0.0041	0.0034	11.1129	0.0000	22.3794	
19	35	0.0987	6	1	1	0	0	0	0	0	0	N	N	N	N	N	N	N	N	N	N	N	N	122.1338	7.1368	132.1418	94.5001	4.8253	174.7862	169.4434	3514.1662	141.2186	0.7821	0.0040	2.2819	0.1193	0.0052	1.1543	1.5513	0.0006	2.4906	0.0064	0.0006	0.0173	0.0013	0.0011	0.0066	0.0092	0.0000	0.0176	296.9206	16.6282	0.0003	0.0001	0.0025	2.5642	5.0336	2.5472	0.0006	0.0000	0.0006	0.0000	0.0000	0.0000	0.0005	0.0000	0.0005	0.0003	0.0000	0.0003	0.0000	0.0000	0.0000	0.0003	0.0000	0.0003	0.0007	0.0005	0.0002	0.0004	0.0003	0.0000	0.0003	0.0001	0.0002	0.0524	0.0341	0.0183	0.0183	0.0177	0.0006	0.0341	0.0164	0.0177	122.1338	7.1368	132.1418	94.5001	4.8253	174.7862	169.4434	3514.1662	141.2186	0.0064	0.0006	0.0173	0.0013	0.0011	0.0066	0.0092	0.0000	0.0176
19	36	0.1491	11	1	1	1	0	0	0	0	0	N	N	N	N	N	N	N	N	N	N	N	N	0.0000	0.0000	0.0000	0.0000	0.0000	0.0000	0.0000	0.0000	0.0000	0.0000	0.0000	0.0000	0.0000	0.0000	0.0000	0.0000	0.0000	0.0000	0.1035	0.0001	0.2669	0.0029	0.0003	0.0197	0.1334	0.0000	0.2879	1311.0033	0.0000	0.0008	0.0025	1.0000	5.0336	2.0003	0.0000	0.0000	0.0000	0.0000	0.0000	0.0000	0.0000	0.0000	0.0000	0.0017	0.0000	0.0017	0.0000	0.0000	0.0000	0.0017	0.0000	0.0017	0.0001	0.0001	0.0000	0.0000	0.0000	0.0000	0.0000	0.0000	0.0000	0.0167	0.0103	0.0065	0.0038	0.0033	0.0005	0.0129	0.0069	0.0060	0.0000	0.0000	0.0000	0.0000	0.0000	0.0000	0.0000	0.0000	0.0000	0.1035	0.0001	0.2669	0.0029	0.0003	0.0197	0.1334	0.0000	0.2879	
19	37	0.1313	10	1	2	0	0	0	0	0	0	N	Y	N	N	N	N	N	N	N	N	N	N	0.9888	0.8472	0.0000	0.6177	0.7111	0.0000	1.9015	80.7943	0.0000	0.0005	0.0005	0.0000	0.0009	0.0010	0.0000	0.0000	0.0000	0.0000	0.0005	0.0006	0.0002	0.0015	0.0014	0.0033	0.0000	0.0000	0.0000	0.0000	0.1617	-0.0000	-0.0000	0.0025	1.9619	5.0336	8.3400	0.0000	0.0000	0.0000	0.0000	0.0000	0.0000	0.0000	0.0000	0.0000	0.0000	0.0000	0.0000	0.0000	0.0000	0.0000	0.0000	0.0000	0.0000	0.0001	0.0001	0.0000	0.0001	0.0001	0.0000	0.0001	0.0001	0.0000	0.0775	0.0507	0.0267	0.0243	0.0230	0.0013	0.0532	0.0277	0.0255	0.9888	0.8472	0.0000	0.6177	0.7111	0.0000	1.9015	80.7943	0.0000	0.0005	0.0006	0.0002	0.0015	0.0014	0.0033	0.0000	0.0000	0.0000
19	38	0.1156	9	2	1	1	0	0	0	0	0	Y	N	N	N	N	N	N	N	N	N	N	N	3426.0174	inf	0.0000	371.2896	inf	0.0000	15116.0124	inf	0.0000	0.2166	0.2802	0.0000	0.0551	0.0778	0.0000	0.6994	0.7237	0.0000	0.0001	0.0000	0.0002	0.0001	0.0000	0.0051	0.0000	0.0000	0.0001	0.0000	inf	-0.0000	0.0000	0.0025	0.0095	5.0336	5.0631	0.0000	0.0000	0.0000	0.0000	0.0000	0.0000	0.0000	0.0000	0.0000	0.0000	0.0000	0.0000	0.0000	0.0000	0.0000	0.0000	0.0000	0.0000	0.0000	0.0000	0.0000	0.0000	0.0000	0.0000	0.0000	0.0000	0.0000	0.0335	0.0201	0.0134	0.0056	0.0054	0.0002	0.0280	0.0147	0.0133	3426.0174	inf	0.0000	371.2896	inf	0.0000	15116.0124	inf	0.0000	0.0001	0.0000	0.0002	0.0001	0.0000	0.0051	0.0000	0.0000	0.0001
19	39	0.1130	9	1	2	0	0	0	0	0	0	N	Y	N	N	N	N	N	N	N	N	N	N	0.0000	0.0000	0.0000	0.0000	0.0000	0.0000	0.0000	0.0000	0.0000	0.0000	0.0000	0.0000	0.0000	0.0000	0.0000	0.0000	0.0011	0.0009	0.0015	0.0019	0.0021	0.0000	0.0008	0.0000	0.0016	0.9494	0.0000	-0.0000	0.0025	1.1272	5.0336	11.0864	0.0000	0.0000	0.0000	0.0000	0.0000	0.0000	0.0000	0.0000	0.0000	0.0001	0.0000	0.0000	0.0000	0.0000	0.0000	0.0000	0.0000	0.0000	0.0001	0.0001	0.0000	0.0000	0.0000	0.0000	0.0000	0.0000	0.0000	0.0751	0.0482	0.0269	0.0219	0.0203	0.0016	0.0532	0.0279	0.0253	0.0000	0.0000	0.0000	0.0000	0.0000	0.0000	0.0000	0.0000	0.0000	0.0011	0.0009	0.0015	0.0019	0.0021	0.0000	0.0008	0.0000	0.0016			
19	40	0.1130	8	1	1	0	0	0	0	0	0	N	N	N	N	N	N	N	N	N	N	N	N	0.0000	0.0000	0.0000	0.0000	0.0000	0.0000	0.0000	0.0000	0.0000	0.0000	0.0000	0.0000	0.0000	0.0000	0.0000	0.0000	0.0000	0.0065	0.0044	0.0121	0.0078	0.0078	0.0071	0.0055	0.0000	0.0122	0.9999	0.0000	-0.0000	0.0025	0.4765	5.0336	0.2778	0.0000	0.0000	0.0000	0.0000	0.0000	0.0000	0.0000	0.0000	0.0000	0.0001	0.0000	0.0000	0.0000	0.0000	0.0000	0.0000	0.0000	0.0000	0.0000	0.0000	0.0000	0.0000	0.0000	0.0000	0.0000	0.0000	0.0000	0.0129	0.0094	0.0035	0.0055	0.0054	0.0001	0.0075	0.0041	0.0034	0.0000	0.0000	0.0000	0.0000	0.0000	0.0000	0.0000	0.0000	0.0000	0.0065	0.0044	0.0121	0.0078	0.0078	0.0071	0.0055	0.0000	0.0122		
19	41	0.1151	8	1	2	0	1	0	0	0	0	N	Y	N	N	N	N	N	N	N	N	N	N	73.1232	3.5495	268.3064	1.9769	2.3748	0.0000	120.0205	inf	372.5138	0.0338	0.0002	0.3021	0.0004	0.0004	0.0000	0.0656	0.0000	0.4342	0.0005	0.0001	0.0011	0.0002	0.0002	0.0004	0.0005	0.0000	0.0012	171.2277	10.8996	0.0000	0.0000	0.0025	10.0333	5.0336	21.8674	0.0000	0.0000	0.0000	0.0000	0.0000	0.0000	0.0000	0.0000	0.0000	0.0001	0.0000	0.0001	0.0000	0.0000	0.0000	0.0001	0.0000	0.0001	0.0006	0.0005	0.0001	0.0003	0.0003	0.0000	0.0003	0.0003	0.0000	0.1701	0.1062	0.0639	0.0412	0.0378	0.0034	0.1289	0.0685	0.0605	73.1232	3.5495	268.3064	1.9769	2.3748	0.0000	120.0205	inf	372.5138	0.0005	0.0001	0.0011	0.0002	0.0002	0.0004	0.0005	0.0000	0.0012
19	42	0.1156	9	2	1	1	0	0	0	0	0	Y	N	N	N	N	N	N	N	N	N	N	N	15.8662	11.3327	0.0000	0.8057	0.9174	0.0000	19485.3169	inf	0.0000	0.0211	0.0244	0.0000	0.0055	0.0063	0.0000	0.0643	0.0745	0.0000	0.0013	0.0022	0.0000	0.0068	0.0069	0.0028	0.0000	0.0000	0.0000	0.0000	0.0114	-0.0000	-0.0000	0.0025	0.9968	5.0336	1.9513	0.0000	0.0000	0.0000	0.0000	0.0000	0.0000	0.0000	0.0000	0.0000	0.0000	0.0000	0.0000	0.0000	0.0000	0.0000	0.0000	0.0000	0.0000	0.0001	0.0001	0.0000	0.0001	0.0000	0.0000	0.0000	0.0000	0.0000	0.0215	0.0132	0.0084	0.0042	0.0041	0.0001	0.0173	0.0091	0.0083	15.8662	11.3327	0.0000	0.8057	0.9174	0.0000	19485.3169	inf	0.0000	0.0013	0.0022	0.0000	0.0068	0.0069	0.0028	0.0000	0.0000	0.0000
19	43	0.1024	8	2	1	1	0	0	0	0	0	Y	N	N	N	N	N	N	N	N	N	N	N	16952.1142	62723.4002	0.7847	4301.9432	4494.4006	10.5666	29209.6235	inf	0.9608	4.7496	5.3485	0.0004	1.4648	1.5783	0.0002	7.8884	9.2831	0.0005	0.0003	0.0001	0.0005	0.0003	0.0004	0.0000	0.0003	0.0000	0.0005	0.0000	4.7384	-0.0006	0.0000	0.0025	5.0018	5.0336	1.7716	0.0015	0.0015	0.0000	0.0002	0.0002	0.0000	0.0012	0.0012	0.0000	0.0000	0.0000	0.0000	0.0000	0.0000	0.0000	0.0000	0.0000	0.0000	0.0003	0.0003	0.0000	0.0001	0.0001	0.0000	0.0002	0.0001	0.0000	0.0434	0.0248	0.0185	0.0062	0.0060	0.0002	0.0371	0.0188	0.0183	16952.1142	62723.4002	0.7847	4301.9432	4494.4006	10.5666	29209.6235	inf	0.9608	0.0003	0.0001	0.0005	0.0003	0.0004	0.0000	0.0003	0.0000	0.0005
19	44	0.1056	9	2	1	1	0	0	0	0	0	Y	N	N	N	N	N	N	N	N	N	N	N	0.0000	0.0000	0.0000	0.0000	0.0000	0.0000	4.7662	inf	0.0000	0.0000	0.0001	0.0000	0.0001	0.0001	0.0000	0.0000	0.0000	0.0000	17.5501	29.2269	0.0000	84.8709	86.9841	0.0009	0.0000	0.0000	0.0000	0.0000	0.0000	-0.0000	-0.5352	0.0025	4.9860	5.0336	2.3663	0.0000	0.0000	0.0000	0.0000	0.0000	0.0000	0.0000	0.0000	0.0000	0.9857	0.9857	0.0000	0.9857	0.9857	0.0000	0.0000	0.0000	0.0000	0.0003	0.0003	0.0000	0.0001	0.0001	0.0000	0.0002	0.0001	0.0000	0.0562	0.0337	0.0224	0.0116	0.0113	0.0003	0.0445	0.0224	0.0222	0.0000	0.0000	0.0000	0.0000	0.0000	0.0000	4.7662	inf	0.0000	17.5501	29.2269	0.0000	84.8709	86.9841	0.0009	0.0000	0.0000	0.0000
19	45	0.1024	8	2	1	0	0	0	0	0	0	Y	N	N	N	N	N	N	N	N	N	N	N	2.0390	1.4283	0.0000	0.5627	0.7226	0.0000	78.9938	17924.3762	0.0000	0.1425	0.1759	0.0000	0.1876	0.2453	0.0000	0.0645	0.0726	0.0000	0.0699	0.1232	0.0015	0.3333	0.3395	0.0001	0.0008	0.0000	0.0015	0.0000	0.0093	-0.0000	-0.0006	0.0025	0.0225	5.0336	1.9333	0.0000	0.0000	0.0000	0.0000	0.0000	0.0000	0.0000	0.0000	0.0000	0.0011	0.0011	0.0000	0.0011	0.0011	0.0000	0.0000	0.0000	0.0000	0.0000	0.0000	0.0000	0.0000	0.0000	0.0000	0.0000	0.0000	0.0000	0.0156	0.0088	0.0068	0.0032	0.0032	0.0001	0.0123	0.0056	0.0068	2.0390	1.4283	0.0000	0.5627	0.7226	0.0000	78.9938	17924.3762	0.0000	0.0699	0.1232	0.0015	0.3333	0.3395	0.0001	0.0008	0.0000	0.0015
19	46	0.0995	7	2	1	0	0	0	0	0	0	Y	N	N	N	N	N	N	N	N	N	N	N	3.9011	4.9158	0.7395	0.4649	0.4731	inf	10.2427	inf	0.8980	0.0092	0.0101	0.0020	0.0045	0.0047	0.0010	0.0137	0.0157	0.0025	0.0024	0.0021	0.0028	0.0096	0.0100	0.0000	0.0013	0.0000	0.0028	0.0256	0.9886	-0.0000	-0.0000	0.0025	1.0095	5.0336	0.3555	0.0000	0.0000	0.0000	0.0000	0.0000	0.0000	0.0000	0.0000	0.0000	0.0000	0.0000	0.0000	0.0000	0.0000	0.0000	0.0000	0.0000	0.0000	0.0001	0.0001	0.0000	0.0000	0.0000	0.0000	0.0000	0.0000	0.0000	0.0085	0.0049	0.0036	0.0010	0.0010	0.0000	0.0074	0.0039	0.0035	3.9011	4.9158	0.7395	0.4649	0.4731	inf	10.2427	inf	0.8980	0.0024	0.0021	0.0028	0.0096	0.0100	0.0000	0.0013	0.0000	0.0028
19	47	0.1313	10	1	1	1	0	0	0	0	0	N	N	N	N	N	N	N	N	N	N	N	N	0.0143	2.1106	0.0000	0.5593	1.6646	0.0000	0.0008	75.4757	0.0000	0.0003	0.0003	0.0000	0.0006	0.0006	0.0000	0.0000	0.0000	0.0000	0.0216	0.0002	0.0607	0.0011	0.0004	0.0117	0.0301	0.0000	0.0633	0.0000	201.5595	-0.0000	0.0010	0.0025	3.0460	5.0336	11.9126	0.0000	0.0000	0.0000	0.0000	0.0000	0.0000	0.0000	0.0000	0.0000	0.0022	0.0000	0.0021	0.0000	0.0000	0.0000	0.0021	0.0000	0.0021	0.0002	0.0002	0.0000	0.0001	0.0001	0.0000	0.0001	0.0001	0.0000	0.0998	0.0644	0.0353	0.0292	0.0274	0.0018	0.0706	0.0370	0.0336	0.0143	2.1106	0.0000	0.5593	1.6646	0.0000	0.0008	75.4757	0.0000	0.0216	0.0002	0.0607	0.0011	0.0004	0.0117	0.0301	0.0000	0.0633
19	48	0.1179	9	1	1	0	0	0	0	0	0	N	N	N	N	N	N	N	N	N	N	N	N	20.1994	26.1077	3.3640	21.8522	29.7086	0.2101	4.4987	5.5281	5.4511	0.0205	0.0231	0.0043	0.0378	0.0408	0.0022	0.0032	0.0027	0.0051	0.0010	0.0009	0.0013	0.0017	0.0014	0.0106	0.0007	0.0005	0.0009	0.0288	0.7496	-0.0000	-0.0000	0.0025	1.1082	5.0336	5.8288	0.0000	0.0000	0.0000	0.0000	0.0000	0.0000	0.0000	0.0000	0.0000	0.0001	0.0000	0.0000	0.0000	0.0000	0.0000	0.0000	0.0000	0.0000	0.0001	0.0001	0.0000	0.0000	0.0000	0.0000	0.0000	0.0000	0.0000	0.0562	0.0370	0.0192	0.0171	0.0165	0.0007	0.0390	0.0205	0.0185	20.1994	26.1077	3.3640	21.8522	29.7086	0.2101	4.4987	5.5281	5.4511	0.0010	0.0009	0.0013	0.0017	0.0014	0.0106	0.0007	0.0005	0.0009
19	49	0.1491	11	1	2	0	0	0	0	0	0	N	Y	N	N	N	N	N	N	N	N	N	N	0.0000	0.0000	0.0000	0.0000	0.0000	0.0000	0.0000	0.0000	0.0000	0.0000	0.0000	0.0000	0.0000	0.0000	0.0000	0.0001	0.0002	0.0000	0.0004	0.0005	0.0000	0.0000	0.0000	0.0000	0.0000	0.0000	-0.0000	0.0025	0.0000	5.0336	2.0001	0.0000	0.0000	0.0000	0.0000	0.0000	0.0000	0.0000	0.0000	0.0000	0.0000	0.0000	0.0000	0.0000	0.0000	0.0000	0.0000	0.0000	0.0000	0.0000	0.0000	0.0000	0.0000	0.0000	0.0000	0.0000	0.0000	0.0000	0.0112	0.0069	0.0043	0.0026	0.0022	0.0003	0.0086	0.0046	0.0040	0.0000	0.0000	0.0000	0.0000	0.0000	0.0000	0.0000	0.0000	0.0000	0.0001	0.0002	0.0000	0.0004	0.0005	0.0000	0.0000	0.0000	0.0000				
19	50	0.1350	12	2	2	1	0	0	0	0	0	Y	Y	N	N	N	N	N	N	N	N	N	N	0.0000	0.0000	0.0000	0.0000	0.0000	0.0000	0.0000	0.0000	0.0000	0.0000	0.0000	0.0000	0.0000	0.0000	0.0000	0.5032	0.0000	1.4137	0.2777	0.0000	6.4244	0.6931	0.0000	1.1927	inf	0.0000	0.0104	0.0025	0.0000	5.0336	1.7047	0.0000	0.0000	0.0000	0.0000	0.0000	0.0000	0.0000	0.0000	0.0000	0.0227	0.0000	0.0227	0.0057	0.0000	0.0057	0.0170	0.0000	0.0170	0.0000	0.0000	0.0000	0.0000	0.0000	0.0000	0.0000	0.0000	0.0000	0.0451	0.0290	0.0160	0.0206	0.0188	0.0018	0.0245	0.0103	0.0142	0.0000	0.0000	0.0000	0.0000	0.0000	0.0000	0.0000	0.0000	0.0000	0.5032	0.0000	1.4137	0.2777	0.0000	3.1357	0.6931	0.0000	1.1927				
19	51	0.1350	12	2	2	1	0	0	0	0	0	Y	Y	N	N	N	N	N	N	N	N	N	N	0.0000	0.0000	0.0000	0.0000	0.0000	0.0000	0.0000	0.0000	0.0000	0.0000	0.0000	0.0000	0.0000	0.0000	0.0000	0.2581	0.3915	0.0000	0.4888	0.5346	0.0000	0.0000	0.0000	0.0000	0.0000	0.0000	-0.0052	0.0025	0.0000	5.0336	0.2953	0.0000	0.0000	0.0000	0.0000	0.0000	0.0000	0.0000	0.0000	0.0000	0.0095	0.0095	0.0000	0.0095	0.0095	0.0000	0.0000	0.0000	0.0000	0.0000	0.0000	0.0000	0.0000	0.0000	0.0000	0.0000	0.0000	0.0000	0.0368	0.0243	0.0126	0.0194	0.0178	0.0017	0.0174	0.0065	0.0109	0.0000	0.0000	0.0000	0.0000	0.0000	0.0000	0.0000	0.0000	0.0000	0.2581	0.3915	0.0000	0.4888	0.5346	0.0000	0.0000	0.0000	0.0000				
19	52	0.1321	11	2	2	1	0	0	0	0	0	Y	Y	N	N	N	N	N	N	N	N	N	N	0.0000	0.0000	0.0000	0.0000	0.0000	0.0000	0.0000	0.0000	0.0000	0.0000	0.0000	0.0000	0.0000	0.0000	0.0000	0.0000	0.0000	0.0000	1.3765	2.1843	0.0137	5.9388	5.4967	0.1301	0.0050	0.0006	0.0096	0.0037	0.0000	-0.0123	0.0025	0.0001	5.0336	1.7968	0.0000	0.0000	0.0000	0.0000	0.0000	0.0000	0.0000	0.0000	0.0000	0.0228	0.0227	0.0001	0.0227	0.0227	0.0000	0.0001	0.0000	0.0001	0.0000	0.0000	0.0000	0.0000	0.0000	0.0000	0.0000	0.0000	0.0000	0.0165	0.0104	0.0062	0.0044	0.0042	0.0002	0.0122	0.0062	0.0059	0.0000	0.0000	0.0000	0.0000	0.0000	0.0000	0.0000	0.0000	0.0000	1.3765	2.1843	0.0137	5.1907	5.4477	0.1301	0.0050	0.0006	0.0096	
19	53	0.1138	5	2	2	0	0	0	0	0	0	Y	Y	N	N	N	N	N	N	N	N	N	N	14962.4022	64379.8466	0.0000	920.9202	5677.1392	0.0000	299427.2073	inf	0.0000	1.3185	1.6481	0.0000	0.2759	0.3678	0.0000	4.6146	4.8200	0.0000	0.0001	0.0000	0.0002	0.0003	0.0001	0.0077	0.0000	0.0000	0.0000	0.0000	4.4858	-0.0005	0.0000	0.0025	1.8240	5.0336	0.8872	0.0012	0.0012	0.0000	0.0002	0.0002	0.0000	0.0010	0.0010	0.0000	0.0000	0.0000	0.0000	0.0000	0.0000	0.0000	0.0000	0.0000	0.0000	0.0009	0.0007	0.0002	0.0007	0.0005	0.0002	0.0002	0.0002	0.0000	0.0225	0.0141	0.0084	0.0058	0.0056	0.0002	0.0167	0.0085	0.0082	14962.4022	64379.8466	0.0000	920.9202	5677.1392	0.0000	299427.2073	inf	0.0000	0.0001	0.0000	0.0002	0.0003	0.0001	0.0077	0.0000	0.0000	0.0000
19	54	0.1790	13	1	2	0	1	0	0	0	0	N	Y	N	N	N	N	N	N	N	N	N	N	0.0000	0.0000	0.0000	0.0000	0.0000	0.0000	0.0000	0.0000	0.0000	0.0000	0.0000	0.0000	0.0000	0.0000	0.0000	0.0000	0.0006	0.0010	0.0000	0.0025	0.0027	0.0000	0.0000	0.0000	0.0000	0.0001	0.0000	-0.0000	0.0025	0.0007	5.0336	4.7762	0.0000	0.0000	0.0000	0.0000	0.0000	0.0000	0.0000	0.0000	0.0000	0.0000	0.0000	0.0000	0.0000	0.0000	0.0000	0.0000	0.0000	0.0000	0.0000	0.0000	0.0000	0.0000	0.0000	0.0000	0.0000	0.0000	0.0000	0.0309	0.0195	0.0114	0.0080	0.0075	0.0006	0.0229	0.0120	0.0109	0.0000	0.0000	0.0000	0.0000	0.0000	0.0000	0.0000	0.0000	0.0000	0.0006	0.0010	0.0000	0.0025	0.0027	0.0000	0.0000	0.0000	0.0000			
19	55	0.1790	13	1	1	0	1	0	0	0	0	N	N	N	N	N	N	N	N	N	N	N	N	0.0000	0.0000	0.0000	0.0000	0.0000	0.0000	0.0000	0.0000	0.0000	0.0000	0.0000	0.0000	0.0000	0.0000	0.0000	0.0000	0.0000	0.0000	0.0000	0.0000	0.0000	0.0000	inf	0.0000	0.0000	0.0025	0.0007	5.0336	3.2259	0.0000	0.0000	0.0000	0.0000	0.0000	0.0000	0.0000	0.0000	0.0000	0.0000	0.0000	0.0000	0.0000	0.0000	0.0000	0.0000	0.0000	0.0000	0.0000	0.0000	0.0000	0.0000	0.0000	0.0000	0.0000	0.0000	0.0000	0.0226	0.0145	0.0081	0.0063	0.0059	0.0004	0.0163	0.0087	0.0077	0.0000	0.0000	0.0000	0.0000	0.0000	0.0000	0.0000	0.0000	0.0000	0.0000	0.0000	0.0000	0.0000	0.0000	0.0000	0.0000	0.0000	0.0000						
19	56	0.1747	12	1	1	0	1	0	0	0	0	N	N	N	N	N	N	N	N	N	N	N	N	0.0000	0.0000	0.0000	0.0000	0.0000	0.0000	0.0000	0.0000	0.0000	0.0000	0.0000	0.0000	0.0000	0.0000	0.0000	0.0000	0.0000	0.0000	0.0000	0.0000	0.0000	0.0000	0.0000	0.0000	0.0000	0.0779	0.0000	-0.0000	0.0025	0.9953	5.0336	1.3904	0.0000	0.0000	0.0000	0.0000	0.0000	0.0000	0.0000	0.0000	0.0000	0.0000	0.0000	0.0000	0.0000	0.0000	0.0000	0.0000	0.0000	0.0000	0.0001	0.0001	0.0000	0.0000	0.0000	0.0000	0.0000	0.0000	0.0000	0.0175	0.0115	0.0060	0.0050	0.0047	0.0003	0.0125	0.0068	0.0057	0.0000	0.0000	0.0000	0.0000	0.0000	0.0000	0.0000	0.0000	0.0000	0.0000	0.0000	0.0000	0.0000	0.0000	0.0000	0.0000	0.0000	0.0000			
19	57	0.1680	11	1	1	0	1	0	0	0	0	N	N	N	N	N	N	N	N	N	N	N	N	1227.9253	0.0000	4486.3960	131.9091	0.0000	291.8919	7507.1470	0.0000	22546.1859	0.0258	0.0000	0.1721	0.0085	0.0000	0.2071	0.0402	0.0000	0.1671	0.0000	0.0000	0.0000	0.0001	0.0000	0.0007	0.0000	0.0000	0.0000	inf	2.4557	0.0000	0.0000	0.0025	0.0068	5.0336	3.2797	0.0000	0.0000	0.0000	0.0000	0.0000	0.0000	0.0000	0.0000	0.0000	0.0000	0.0000	0.0000	0.0000	0.0000	0.0000	0.0000	0.0000	0.0000	0.0000	0.0000	0.0000	0.0000	0.0000	0.0000	0.0000	0.0000	0.0000	0.0220	0.0134	0.0085	0.0058	0.0054	0.0004	0.0162	0.0080	0.0082	1227.9253	0.0000	4486.3960	131.9091	0.0000	291.8919	7507.1470	0.0000	22546.1859	0.0000	0.0000	0.0000	0.0001	0.0000	0.0007	0.0000	0.0000	0.0000
19	58	0.1268	10	1	1	0	1	0	0	0	0	N	N	N	N	N	N	N	N	N	N	N	N	42.2745	0.0003	160.5065	9.4720	0.0002	10.1365	126.1014	0.0000	383.8229	0.6494	0.0000	2.1754	0.3205	0.0000	1.5687	1.2045	0.0000	2.6325	0.0154	0.0165	0.0136	0.0338	0.0242	0.1548	0.0096	0.0121	0.0069	215945.9438	0.5216	0.0007	-0.0004	0.0025	5.8573	5.0336	13.1443	0.0012	0.0000	0.0012	0.0004	0.0000	0.0004	0.0008	0.0000	0.0008	0.0018	0.0012	0.0006	0.0009	0.0006	0.0003	0.0008	0.0006	0.0003	0.0018	0.0013	0.0005	0.0011	0.0009	0.0002	0.0007	0.0004	0.0003	0.1168	0.0714	0.0454	0.0279	0.0259	0.0021	0.0888	0.0455	0.0433	42.2745	0.0003	160.5065	9.4720	0.0002	10.1365	126.1014	0.0000	383.8229	0.0154	0.0165	0.0136	0.0338	0.0242	0.1548	0.0096	0.0121	0.0069
19	59	0.1323	12	1	2	1	0	0	0	0	0	N	Y	N	N	N	N	N	N	N	N	N	N	0.0000	0.0000	0.0000	0.0000	0.0000	0.0000	0.0000	0.0000	0.0000	0.0000	0.0000	0.0000	0.0000	0.0000	0.0000	0.0000	0.0000	0.0000	0.8231	1.2837	0.0015	3.7718	3.8915	0.0220	0.0002	0.0004	0.0000	0.0006	0.0000	-0.0171	0.0025	0.9979	5.0336	4.0614	0.0000	0.0000	0.0000	0.0000	0.0000	0.0000	0.0000	0.0000	0.0000	0.0315	0.0315	0.0000	0.0315	0.0315	0.0000	0.0000	0.0000	0.0000	0.0001	0.0001	0.0000	0.0000	0.0000	0.0000	0.0000	0.0000	0.0000	0.0383	0.0245	0.0137	0.0090	0.0081	0.0009	0.0293	0.0164	0.0128	0.0000	0.0000	0.0000	0.0000	0.0000	0.0000	0.0000	0.0000	0.0000	0.8231	1.2837	0.0015	3.4979	3.8915	0.0220	0.0002	0.0004	0.0000	
19	60	0.1239	11	1	2	0	0	0	0	0	0	N	Y	N	N	N	N	N	N	N	N	N	N	0.0006	0.0004	0.0000	0.0002	0.0002	0.0000	0.0000	0.0000	0.0000	0.0000	0.0000	0.0000	0.0000	0.0000	0.0000	0.0000	0.0000	0.0000	0.0249	0.0386	0.0019	0.1323	0.1344	0.0811	0.0001	0.0000	0.0002	0.0000	0.0285	-0.0000	-0.0004	0.0025	2.2356	5.0336	2.2044	0.0000	0.0000	0.0000	0.0000	0.0000	0.0000	0.0000	0.0000	0.0000	0.0008	0.0008	0.0000	0.0008	0.0008	0.0000	0.0000	0.0000	0.0000	0.0001	0.0001	0.0000	0.0001	0.0001	0.0000	0.0001	0.0001	0.0000	0.0312	0.0196	0.0116	0.0059	0.0056	0.0002	0.0253	0.0140	0.0113	0.0006	0.0004	0.0000	0.0002	0.0002	0.0000	0.0000	0.0000	0.0000	0.0249	0.0386	0.0019	0.1323	0.1344	0.0811	0.0001	0.0000	0.0002
19	61	0.1032	9	2	1	1	0	0	0	0	0	Y	N	N	N	N	N	N	N	N	N	N	N	0.0000	0.0000	0.0000	0.0000	0.0000	0.0000	0.0000	0.0000	0.0000	0.0000	0.0000	0.0000	0.0000	0.0000	0.0000	0.0000	0.0000	0.0024	0.0039	0.0002	0.0207	0.0210	0.0151	0.0000	0.0000	0.0000	0.0364	0.0000	-0.0001	0.0025	2.0703	5.0336	7.0012	0.0000	0.0000	0.0000	0.0000	0.0000	0.0000	0.0000	0.0000	0.0000	0.0001	0.0001	0.0000	0.0001	0.0001	0.0000	0.0000	0.0000	0.0000	0.0001	0.0001	0.0000	0.0001	0.0001	0.0000	0.0001	0.0001	0.0000	0.0524	0.0303	0.0221	0.0060	0.0057	0.0003	0.0464	0.0246	0.0218	0.0000	0.0000	0.0000	0.0000	0.0000	0.0000	0.0000	0.0000	0.0000	0.0024	0.0039	0.0002	0.0207	0.0210	0.0151	0.0000	0.0000	0.0000		
19	62	0.1016	8	1	1	0	0	0	0	0	0	N	N	N	N	N	N	N	N	N	N	N	N	0.0000	0.0000	0.0000	0.0000	0.0000	0.0000	0.0000	0.0000	0.0000	0.0000	0.0000	0.0000	0.0000	0.0000	0.0000	0.0000	0.0000	0.0229	0.0013	0.0524	0.0064	0.0063	0.0092	0.0252	0.0000	0.0530	29.8336	0.0000	0.0001	0.0025	0.9285	5.0336	0.0280	0.0000	0.0000	0.0000	0.0000	0.0000	0.0000	0.0000	0.0000	0.0000	0.0001	0.0000	0.0001	0.0000	0.0000	0.0000	0.0001	0.0000	0.0001	0.0001	0.0001	0.0000	0.0000	0.0000	0.0000	0.0000	0.0000	0.0000	0.0059	0.0034	0.0025	0.0007	0.0007	0.0000	0.0052	0.0027	0.0024	0.0000	0.0000	0.0000	0.0000	0.0000	0.0000	0.0000	0.0000	0.0000	0.0229	0.0013	0.0524	0.0064	0.0063	0.0092	0.0252	0.0000	0.0530		
19	65	0.1239	11	1	2	0	0	0	0	0	0	N	Y	N	N	N	N	N	N	N	N	N	N	0.0416	inf	0.0000	0.0147	inf	0.0000	0.0000	0.0000	0.0000	0.0000	0.0000	0.0000	0.0000	0.0000	0.0000	0.0000	0.0000	0.0004	0.0000	0.0011	0.0025	0.0000	0.0498	0.0001	0.0000	0.0001	0.0000	inf	-0.0000	0.0000	0.0025	1.7946	5.0336	5.9592	0.0000	0.0000	0.0000	0.0000	0.0000	0.0000	0.0000	0.0000	0.0000	0.0000	0.0000	0.0000	0.0000	0.0000	0.0000	0.0000	0.0000	0.0000	0.0001	0.0001	0.0000	0.0001	0.0001	0.0000	0.0001	0.0000	0.0000	0.0496	0.0302	0.0193	0.0080	0.0076	0.0004	0.0416	0.0226	0.0190	0.0416	inf	0.0000	0.0147	inf	0.0000	0.0000	0.0000	0.0000	0.0004	0.0000	0.0011	0.0025	0.0000	0.0498	0.0001	0.0000	0.0001	
19	66	0.1170	10	1	2	0	0	0	0	0	0	N	Y	N	N	N	N	N	N	N	N	N	N	3.8291	2.9484	0.4845	1.0798	1.2839	0.0252	0.0000	0.0000	0.0045	0.0051	0.0002	0.0088	0.0096	0.0006	0.0000	0.0000	0.0000	0.0012	0.0017	0.0004	0.0082	0.0074	0.0225	0.0000	0.0000	0.0000	0.0052	0.1758	-0.0000	-0.0000	0.0025	1.3569	5.0336	2.0560	0.0000	0.0000	0.0000	0.0000	0.0000	0.0000	0.0000	0.0000	0.0000	0.0000	0.0000	0.0000	0.0000	0.0000	0.0000	0.0000	0.0000	0.0000	0.0001	0.0001	0.0000	0.0000	0.0000	0.0000	0.0000	0.0000	0.0000	0.0219	0.0128	0.0091	0.0031	0.0030	0.0002	0.0188	0.0098	0.0090	3.8291	2.9484	0.4845	1.0798	1.2839	0.0252	0.0000	0.0000	0.0000	0.0012	0.0017	0.0004	0.0082	0.0074	0.0225	0.0000	0.0000	0.0000	
19	67	0.1037	9	1	2	0	0	0	0	0	0	N	Y	N	N	N	N	N	N	N	N	N	N	297.1020	324.4521	0.1702	163.9193	167.8680	0.0000	0.0874	inf	0.2350	0.6832	0.7705	0.0004	1.4227	1.5334	0.0000	0.0001	0.0000	0.0005	0.0023	0.0024	0.0022	0.0087	0.0091	0.0007	0.0011	0.0000	0.0022	0.0001	0.6310	-0.0001	-0.0000	0.0025	4.9477	5.0336	2.0153	0.0002	0.0002	0.0000	0.0002	0.0002	0.0000	0.0000	0.0000	0.0000	0.0001	0.0001	0.0000	0.0001	0.0001	0.0000	0.0000	0.0000	0.0000	0.0003	0.0003	0.0000	0.0001	0.0001	0.0000	0.0002	0.0001	0.0000	0.0447	0.0266	0.0182	0.0073	0.0069	0.0004	0.0374	0.0197	0.0178	297.1020	324.4521	0.1702	163.9193	167.8680	0.0000	0.0874	inf	0.2350	0.0023	0.0024	0.0022	0.0087	0.0091	0.0007	0.0011	0.0000	0.0022
19	68	0.1491	11	1	1	1	0	0	0	0	0	N	N	N	N	N	N	N	N	N	N	N	N	0.0000	0.0000	0.0000	0.0000	0.0000	0.0000	0.0000	0.0000	0.0000	0.0000	0.0000	0.0000	0.0000	0.0000	0.0000	0.0000	0.0000	0.0000	0.0721	0.0001	0.1860	0.0022	0.0002	0.0149	0.0929	0.0000	0.2005	1242.5971	0.0000	0.0007	0.0025	0.0000	5.0336	4.0001	0.0000	0.0000	0.0000	0.0000	0.0000	0.0000	0.0000	0.0000	0.0000	0.0016	0.0000	0.0016	0.0000	0.0000	0.0000	0.0016	0.0000	0.0016	0.0000	0.0000	0.0000	0.0000	0.0000	0.0000	0.0000	0.0000	0.0000	0.0222	0.0136	0.0086	0.0051	0.0044	0.0007	0.0171	0.0092	0.0079	0.0000	0.0000	0.0000	0.0000	0.0000	0.0000	0.0000	0.0000	0.0000	0.0721	0.0001	0.1860	0.0022	0.0002	0.0149	0.0929	0.0000	0.2005	
19	69	0.1268	10	1	1	0	0	0	0	0	0	N	N	N	N	N	N	N	N	N	N	N	N	1.7789	1.6544	0.0000	0.2664	0.3177	0.0000	128.6464	1938.3231	0.0000	0.7018	1.0331	0.0000	0.3862	0.4928	0.0000	1.2621	2.5554	0.0000	0.3945	0.6244	0.0221	1.4495	1.5512	0.0925	0.0098	0.0013	0.0185	0.0000	0.0218	-0.0005	-0.0170	0.0025	2.8240	5.0336	8.9883	0.0012	0.0012	0.0000	0.0004	0.0004	0.0000	0.0008	0.0008	0.0000	0.0326	0.0319	0.0007	0.0320	0.0318	0.0001	0.0006	0.0000	0.0006	0.0017	0.0012	0.0005	0.0011	0.0009	0.0002	0.0006	0.0003	0.0003	0.0826	0.0511	0.0315	0.0221	0.0205	0.0015	0.0605	0.0305	0.0300	1.7789	1.6544	0.0000	0.2664	0.3177	0.0000	128.6464	1938.3231	0.0000	0.3945	0.6244	0.0221	1.4495	1.5512	0.0925	0.0098	0.0013	0.0185
19	70	0.1179	9	1	1	0	0	0	0	0	0	N	N	N	N	N	N	N	N	N	N	N	N	189.0375	132.6551	533.0440	43.4175	22.9682	528.4973	381.3451	617.7160	630.5337	5.6330	3.1761	22.1866	1.7194	0.9232	11.4152	9.5390	5.7179	26.6571	0.0298	0.0239	0.0416	0.0396	0.0402	0.0216	0.0250	0.0093	0.0423	1.0368	0.8609	0.0001	-0.0001	0.0025	1.4521	5.0336	3.5882	0.0005	0.0003	0.0003	0.0001	0.0000	0.0000	0.0005	0.0002	0.0002	0.0014	0.0007	0.0006	0.0006	0.0006	0.0000	0.0008	0.0002	0.0006	0.0001	0.0001	0.0000	0.0000	0.0000	0.0000	0.0000	0.0000	0.0000	0.0465	0.0311	0.0154	0.0152	0.0148	0.0005	0.0312	0.0163	0.0149	189.0375	132.6551	533.0440	43.4175	22.9682	528.4973	381.3451	617.7160	630.5337	0.0298	0.0239	0.0416	0.0396	0.0402	0.0216	0.0250	0.0093	0.0423
19	71	0.1151	8	1	1	0	0	0	0	0	0	N	N	N	N	N	N	N	N	N	N	N	N	25.5419	14.4436	88.0578	6.0573	4.7221	3.9062	77.6648	1298.0494	162.5510	0.0207	0.0084	0.1163	0.0089	0.0051	0.0618	0.0321	0.0120	0.1379	0.0008	0.0006	0.0013	0.0015	0.0011	0.0158	0.0004	0.0000	0.0008	1.7741	1.0109	0.0000	-0.0000	0.0025	1.1783	5.0336	0.9542	0.0000	0.0000	0.0000	0.0000	0.0000	0.0000	0.0000	0.0000	0.0000	0.0000	0.0000	0.0000	0.0000	0.0000	0.0000	0.0000	0.0000	0.0000	0.0001	0.0001	0.0000	0.0000	0.0000	0.0000	0.0000	0.0000	0.0000	0.0270	0.0186	0.0083	0.0102	0.0100	0.0003	0.0167	0.0087	0.0081	25.5419	14.4436	88.0578	6.0573	4.7221	3.9062	77.6648	1298.0494	162.5510	0.0008	0.0006	0.0013	0.0015	0.0011	0.0158	0.0004	0.0000	0.0008
19	72	0.1106	7	1	1	0	0	0	0	0	0	N	N	N	N	N	N	N	N	N	N	N	N	3.1905	1.9116	11.5164	0.3987	0.1464	0.7381	11.1701	10314.2174	19.4596	0.0012	0.0006	0.0060	0.0003	0.0001	0.0030	0.0020	0.0010	0.0072	0.0004	0.0003	0.0005	0.0007	0.0006	0.0041	0.0002	0.0000	0.0004	1.3665	0.8757	0.0000	-0.0000	0.0025	2.0762	5.0336	1.4610	0.0000	0.0000	0.0000	0.0000	0.0000	0.0000	0.0000	0.0000	0.0000	0.0000	0.0000	0.0000	0.0000	0.0000	0.0000	0.0000	0.0000	0.0000	0.0001	0.0001	0.0000	0.0001	0.0001	0.0000	0.0001	0.0001	0.0000	0.0330	0.0221	0.0109	0.0113	0.0108	0.0004	0.0217	0.0113	0.0104	3.1905	1.9116	11.5164	0.3987	0.1464	0.7381	11.1701	10314.2174	19.4596	0.0004	0.0003	0.0005	0.0007	0.0006	0.0041	0.0002	0.0000	0.0004
19	73	0.0463	3	1	1	0	0	0	0	0	0	N	N	N	N	N	N	N	N	N	N	N	N	5.2171	3.7791	0.2182	0.2622	0.3470	234.0231	25788.7620	2.0531	1.2710	1.6267	0.0051	0.5379	0.7548	0.0000	2.8530	3.0725	0.0488	0.2436	0.4305	0.0234	2.0511	2.1755	0.0000	0.0122	0.0001	0.0238	0.0009	0.0462	-0.0006	-0.0167	0.0025	4.0673	5.0336	17.8409	0.0015	0.0015	0.0000	0.0004	0.0004	0.0000	0.0010	0.0010	0.0000	0.0335	0.0320	0.0015	0.0320	0.0320	0.0000	0.0015	0.0000	0.0015	0.0011	0.0009	0.0003	0.0008	0.0006	0.0002	0.0004	0.0003	0.0000	0.1376	0.0744	0.0632	0.0156	0.0147	0.0009	0.1220	0.0597	0.0623	5.2171	3.7791	0.2182	0.2622	0.3470	0.0000	234.0231	25788.7620	2.0531	0.2436	0.4305	0.0234	2.0511	2.1755	0.0000	0.0122	0.0001	0.0238	
19	75	0.1830	7	1	1	0	0	0	0	0	0	N	N	N	N	N	N	N	N	N	N	N	N	1.6522	2.8358	0.0013	0.6744	0.8711	0.0010	4.8215	8998.2356	0.0035	0.1782	0.2167	0.0002	0.0946	0.1193	0.0002	0.4086	0.4521	0.0006	0.1079	0.0764	0.1720	0.1402	0.1369	0.1696	0.0848	0.0001	0.1723	0.0002	1.1034	-0.0001	-0.0009	0.0025	3.5843	5.0336	46.7516	0.0001	0.0001	0.0000	0.0001	0.0001	0.0000	0.0001	0.0001	0.0000	0.0487	0.0232	0.0255	0.0264	0.0231	0.0032	0.0223	0.0000	0.0223	0.0008	0.0006	0.0001	0.0006	0.0004	0.0001	0.0002	0.0002	0.0000	0.4515	0.3030	0.1485	0.1880	0.1690	0.0190	0.2634	0.1339	0.1295	1.6522	2.8358	0.0013	0.6744	0.8711	0.0010	4.8215	8998.2356	0.0035	0.1079	0.0764	0.1720	0.1402	0.1369	0.1696	0.0848	0.0001	0.1723
19	76	0.1305	11	2	2	1	0	0	0	0	0	Y	Y	N	N	N	N	N	N	N	N	N	N	0.0000	0.0000	0.0000	0.0000	0.0000	0.0000	0.0000	0.0000	0.0000	0.0000	0.0000	0.0000	0.0000	0.0000	0.0000	0.0000	0.0000	0.0000	0.0000	0.0000	0.0025	1.0003	5.0336	1.0071	0.0000	0.0000	0.0000	0.0000	0.0000	0.0000	0.0000	0.0000	0.0000	0.0000	0.0000	0.0000	0.0000	0.0000	0.0000	0.0000	0.0000	0.0000	0.0001	0.0001	0.0000	0.0000	0.0000	0.0000	0.0000	0.0000	0.0000	0.0114	0.0067	0.0047	0.0020	0.0019	0.0001	0.0094	0.0049	0.0046	0.0000	0.0000	0.0000	0.0000	0.0000	0.0000	0.0000	0.0000	0.0000	0.0000	0.0000	0.0000	0.0000	0.0000	0.0000	0.0000	0.0000	0.0000											
19	77	0.1237	10	2	1	1	0	0	0	0	0	Y	N	N	N	N	N	N	N	N	N	N	N	0.0000	0.0000	0.0000	0.0000	0.0000	0.0000	0.0000	0.0000	0.0000	0.0000	0.0000	0.0000	0.0000	0.0000	0.0000	0.0000	0.0000	0.0005	0.0007	0.0000	0.0015	0.0015	0.0000	0.0000	0.0000	0.0000	0.0001	0.0000	-0.0000	0.0025	0.9901	5.0336	2.2068	0.0000	0.0000	0.0000	0.0000	0.0000	0.0000	0.0000	0.0000	0.0000	0.0000	0.0000	0.0000	0.0000	0.0000	0.0000	0.0000	0.0000	0.0000	0.0001	0.0001	0.0000	0.0000	0.0000	0.0000	0.0000	0.0000	0.0000	0.0394	0.0287	0.0107	0.0134	0.0132	0.0002	0.0260	0.0155	0.0105	0.0000	0.0000	0.0000	0.0000	0.0000	0.0000	0.0000	0.0000	0.0000	0.0005	0.0007	0.0000	0.0015	0.0015	0.0000	0.0000	0.0000	0.0000		
19	78	0.0639	4	1	2	0	0	0	0	0	0	N	Y	N	N	N	N	N	N	N	N	N	N	0.1221	1015.6237	0.0000	99.6461	304.1820	0.0000	0.1318	13100893.0008	0.0000	0.7737	0.9715	0.0000	0.6577	0.8783	0.0000	1.0462	1.1519	0.0000	6.3370	0.0010	15.5596	0.0066	0.0029	0.0824	7.9374	0.0000	15.4582	0.0000	11406.8149	-0.0006	0.5173	0.0025	8.4371	5.0336	15.3349	0.0015	0.0015	0.0000	0.0009	0.0009	0.0000	0.0006	0.0006	0.0000	1.1321	0.0001	1.1320	0.0002	0.0001	0.0001	1.1318	0.0000	1.1318	0.0019	0.0015	0.0004	0.0013	0.0010	0.0003	0.0006	0.0005	0.0001	0.1786	0.1037	0.0749	0.0360	0.0344	0.0017	0.1426	0.0694	0.0732	0.1221	1015.6237	0.0000	99.6461	304.1820	0.0000	0.1318	13100893.0008	0.0000	6.3370	0.0010	15.1127	0.0066	0.0029	0.0824	7.9374	0.0000	15.4582
19	79	0.1237	10	2	1	1	0	0	0	0	0	Y	N	N	N	N	N	N	N	N	N	N	N	0.0000	0.0000	0.0000	0.0000	0.0000	0.0000	0.0000	0.0000	0.0000	0.0000	0.0000	0.0000	0.0000	0.0038	0.0056	0.0000	0.0146	0.0151	0.0000	0.0000	0.0000	0.0000	0.0000	0.0000	-0.0001	0.0025	3.0096	5.0336	5.7427	0.0000	0.0000	0.0000	0.0000	0.0000	0.0000	0.0000	0.0000	0.0000	0.0003	0.0003	0.0000	0.0003	0.0003	0.0000	0.0000	0.0000	0.0000	0.0002	0.0002	0.0000	0.0001	0.0001	0.0000	0.0001	0.0001	0.0000	0.0692	0.0461	0.0231	0.0177	0.0172	0.0005	0.0515	0.0289	0.0226	0.0000	0.0000	0.0000	0.0000	0.0000	0.0000	0.0000	0.0000	0.0000	0.0038	0.0056	0.0000	0.0146	0.0151	0.0000	0.0000	0.0000	0.0000						
19	80	0.1081	9	2	1	1	0	0	0	0	0	Y	N	N	N	N	N	N	N	N	N	N	N	0.0000	0.0000	0.0000	0.0000	0.0000	0.0000	0.0000	0.0000	0.0000	0.0000	0.0000	0.0000	0.0000	0.0000	0.0000	0.0000	0.0000	20.5747	34.5110	0.0052	111.9780	116.9900	0.1729	0.0009	0.0000	0.0019	0.0001	0.0000	-0.5308	0.0025	1.0477	5.0336	6.1154	0.0000	0.0000	0.0000	0.0000	0.0000	0.0000	0.0000	0.0000	0.0000	0.9778	0.9777	0.0001	0.9778	0.9777	0.0001	0.0000	0.0000	0.0000	0.0001	0.0001	0.0000	0.0000	0.0000	0.0000	0.0000	0.0000	0.0000	0.0475	0.0283	0.0192	0.0087	0.0084	0.0004	0.0388	0.0200	0.0188	0.0000	0.0000	0.0000	0.0000	0.0000	0.0000	0.0000	0.0000	0.0000	20.5747	34.5110	0.0052	111.9780	116.9900	0.1729	0.0009	0.0000	0.0019		
19	81	0.1016	8	1	1	0	0	0	0	0	0	N	N	N	N	N	N	N	N	N	N	N	N	0.0000	0.0000	0.0000	0.0000	0.0000	0.0000	0.0000	0.0000	0.0000	0.0000	0.0000	0.0000	0.0000	0.0000	0.0000	0.0000	0.0000	0.5119	0.8866	0.0013	5.2414	4.6975	0.0030	0.0006	0.0000	0.0013	0.0011	0.0000	-0.0049	0.0025	1.9794	5.0336	1.0196	0.0000	0.0000	0.0000	0.0000	0.0000	0.0000	0.0000	0.0000	0.0000	0.0091	0.0091	0.0000	0.0091	0.0091	0.0000	0.0000	0.0000	0.0000	0.0001	0.0001	0.0000	0.0001	0.0001	0.0000	0.0001	0.0001	0.0000	0.0178	0.0103	0.0075	0.0020	0.0019	0.0001	0.0158	0.0083	0.0075	0.0000	0.0000	0.0000	0.0000	0.0000	0.0000	0.0000	0.0000	0.0000	0.5119	0.8866	0.0013	4.4894	4.6975	0.0030	0.0006	0.0000	0.0013		
19	82	0.0995	7	1	1	0	0	0	0	0	0	N	N	N	N	N	N	N	N	N	N	N	N	0.3692	0.4727	0.0000	0.1613	0.1671	0.1926	inf	0.0000	0.0011	0.0013	0.0000	0.0020	0.0021	0.0000	0.0003	0.0004	0.0000	0.0031	0.0027	0.0036	0.0124	0.0129	0.0000	0.0018	0.0000	0.0037	0.0000	0.9695	-0.0000	-0.0000	0.0025	1.0114	5.0336	0.0202	0.0000	0.0000	0.0000	0.0000	0.0000	0.0000	0.0000	0.0000	0.0000	0.0000	0.0000	0.0000	0.0000	0.0000	0.0000	0.0000	0.0000	0.0000	0.0001	0.0001	0.0000	0.0000	0.0000	0.0000	0.0000	0.0000	0.0000	0.0065	0.0037	0.0027	0.0008	0.0008	0.0000	0.0057	0.0029	0.0027	0.3692	0.4727	0.0000	0.1613	0.1671	0.0000	0.1926	inf	0.0000	0.0031	0.0027	0.0036	0.0124	0.0129	0.0000	0.0018	0.0000	0.0037	
19	83	0.0789	6	1	1	0	0	0	0	0	0	N	N	N	N	N	N	N	N	N	N	N	N	0.0647	1.7970	0.0000	0.6585	0.7021	0.0000	0.0127	11111.9827	0.0000	0.0079	0.0089	0.0000	0.0143	0.0155	0.0000	0.0018	0.0021	0.0000	0.1224	0.0050	0.2805	0.0217	0.0220	0.0126	0.1380	0.0000	0.2831	0.0000	41.8682	-0.0000	0.0033	0.0025	5.9223	5.0336	3.6882	0.0000	0.0000	0.0000	0.0000	0.0000	0.0000	0.0000	0.0000	0.0000	0.0077	0.0002	0.0075	0.0002	0.0002	0.0000	0.0075	0.0000	0.0075	0.0004	0.0003	0.0000	0.0002	0.0002	0.0000	0.0002	0.0002	0.0000	0.0628	0.0360	0.0268	0.0084	0.0081	0.0003	0.0544	0.0279	0.0265	0.0647	1.7970	0.0000	0.6585	0.7021	0.0000	0.0127	11111.9827	0.0000	0.1224	0.0050	0.2805	0.0217	0.0220	0.0126	0.1380	0.0000	0.2831
19	84	0.0837	6	1	2	0	0	0	0	0	0	N	Y	N	N	N	N	N	N	N	N	N	N	0.0064	0.0044	0.0000	0.0009	0.0009	0.0000	0.0225	0.0130	0.0000	0.0517	0.0601	0.0000	0.0154	0.0181	0.0000	0.1236	0.1419	0.0000	8.0584	13.6357	0.0157	17.6637	19.1211	0.0028	5.4955	10.9236	0.0163	0.0000	0.0008	-0.0000	-1.0057	0.0025	7.1084	5.0336	28.8937	0.0000	0.0000	0.0000	0.0000	0.0000	0.0000	0.0000	0.0000	0.0000	1.8550	1.8536	0.0015	0.8599	0.8599	0.0000	0.9951	0.9936	0.0015	0.0006	0.0005	0.0001	0.0004	0.0003	0.0001	0.0002	0.0002	0.0000	0.2302	0.1359	0.0943	0.0491	0.0450	0.0042	0.1811	0.0910	0.0901	0.0064	0.0044	0.0000	0.0009	0.0009	0.0000	0.0225	0.0130	0.0000	8.0584	13.6357	0.0157	17.5058	19.1211	0.0028	5.4955	10.9236	0.0163
19	85	0.0763	5	1	2	0	0	0	0	0	0	N	Y	N	N	N	N	N	N	N	N	N	N	0.1000	0.1688	0.0005	0.0177	0.0283	0.0256	0.3770	19.1636	0.0029	0.2925	0.3804	0.0019	0.0906	0.1282	0.0011	0.8311	0.8861	0.0126	2.9233	2.2530	4.1560	5.1123	4.5316	0.0425	2.2046	0.0462	4.2837	0.0015	1.0031	-0.0001	-0.0095	0.0025	2.2208	5.0336	3.9129	0.0003	0.0003	0.0000	0.0001	0.0001	0.0000	0.0003	0.0003	0.0000	0.2247	0.1122	0.1125	0.1111	0.1110	0.0000	0.1137	0.0012	0.1125	0.0011	0.0009	0.0003	0.0008	0.0006	0.0002	0.0003	0.0003	0.0000	0.0769	0.0498	0.0271	0.0253	0.0245	0.0008	0.0516	0.0253	0.0263	0.1000	0.1688	0.0005	0.0206	0.0283	0.0256	0.3770	19.1636	0.0029	2.9233	2.2530	4.1560	4.3870	4.5316	0.0425	2.2046	0.0462	4.2837
19	86	0.1517	7	1	1	1	0	0	0	0	0	N	N	N	N	N	N	N	N	N	N	N	N	5.0459	3.4523	0.0000	0.0578	0.0579	0.0000	4807.0093	84898.9820	0.0000	1.7802	2.0165	0.0000	0.0891	0.0979	0.0000	3.3539	3.9103	0.0000	0.3528	0.5841	0.0018	1.5421	1.6920	0.0089	0.0007	0.0000	0.0014	0.0000	0.0020	-0.0003	-0.0156	0.0025	5.3425	5.0336	7.0749	0.0007	0.0007	0.0000	0.0000	0.0000	0.0000	0.0007	0.0007	0.0000	0.0289	0.0289	0.0001	0.0289	0.0289	0.0000	0.0000	0.0000	0.0000	0.0004	0.0003	0.0000	0.0002	0.0002	0.0000	0.0002	0.0002	0.0000	0.0820	0.0494	0.0326	0.0187	0.0171	0.0017	0.0633	0.0324	0.0309	5.0459	3.4523	0.0000	0.0578	0.0579	0.0000	4807.0093	84898.9820	0.0000	0.3528	0.5841	0.0018	1.5421	1.6920	0.0089	0.0007	0.0000	0.0014
19	87	0.1086	6	1	1	0	0	0	0	0	0	N	N	N	N	N	N	N	N	N	N	N	N	0.1697	0.1364	0.0069	0.0602	0.0781	0.0264	2.4553	7.6254	0.0330	0.7774	0.9735	0.0018	0.9318	1.2547	0.0010	0.4091	0.4386	0.0091	4.5825	7.1369	0.2613	15.4887	16.0654	0.0377	0.1666	0.0575	0.2765	0.0005	0.0216	-0.0004	-0.4518	0.0025	7.0719	5.0336	13.7350	0.0011	0.0011	0.0000	0.0010	0.0010	0.0000	0.0002	0.0002	0.0000	0.8660	0.8476	0.0183	0.8440	0.8438	0.0002	0.0220	0.0038	0.0182	0.0015	0.0012	0.0003	0.0010	0.0008	0.0003	0.0004	0.0004	0.0000	0.1890	0.1188	0.0702	0.0570	0.0525	0.0045	0.1320	0.0662	0.0657	0.1697	0.1364	0.0069	0.0629	0.0781	0.0264	2.4553	7.6254	0.0330	4.5825	7.1369	0.2613	14.8088	16.0654	0.0377	0.1666	0.0575	0.2765
19	88	0.1341	12	2	1	1	0	0	0	0	0	Y	N	N	N	N	N	N	N	N	N	N	N	0.0000	0.0000	0.0000	0.0000	0.0000	0.0000	0.0000	0.0000	0.0000	0.0000	0.0000	0.0000	0.0000	0.0000	0.0000	0.0000	0.0000	0.0000	0.0000	0.0000	0.0025	0.0000	5.0336	0.0000	0.0000	0.0000	0.0000	0.0000	0.0000	0.0000	0.0000	0.0000	0.0000	0.0000	0.0000	0.0000	0.0000	0.0000	0.0000	0.0000	0.0000	0.0000	0.0000	0.0000	0.0000	0.0000	0.0000	0.0000	0.0000	0.0000	0.0000	0.0000	0.0000	0.0000	0.0000	0.0000	0.0000	0.0000	0.0000	0.0000	0.0000	0.0000	0.0000	0.0000	0.0000	0.0000	0.0000	0.0000	0.0000	0.0000	0.0000	0.0000	0.0000	0.0000	0.0000	0.0000	0.0000	0.0000											
19	89	0.1321	11	2	1	1	0	0	0	0	0	Y	N	N	N	N	N	N	N	N	N	N	N	0.0000	0.0000	0.0000	0.0000	0.0000	0.0000	0.0000	0.0000	0.0000	0.0000	0.0000	0.0000	0.0000	0.0000	0.0000	0.0000	0.0000	0.0393	0.0214	0.0728	0.0679	0.0446	0.8571	0.0253	0.0000	0.0510	1.8064	0.0000	0.0000	0.0025	0.0001	5.0336	0.9161	0.0000	0.0000	0.0000	0.0000	0.0000	0.0000	0.0000	0.0000	0.0000	0.0004	0.0002	0.0003	0.0003	0.0002	0.0001	0.0002	0.0000	0.0002	0.0000	0.0000	0.0000	0.0000	0.0000	0.0000	0.0000	0.0000	0.0000	0.0113	0.0074	0.0039	0.0037	0.0035	0.0002	0.0076	0.0038	0.0038	0.0000	0.0000	0.0000	0.0000	0.0000	0.0000	0.0000	0.0000	0.0000	0.0393	0.0214	0.0728	0.0679	0.0446	0.6089	0.0253	0.0000	0.0510		
19	90	0.1074	10	2	1	1	0	0	0	0	0	Y	N	N	N	N	N	N	N	N	N	N	N	0.0000	0.0000	3.2666	0.0000	0.0000	0.3413	0.0000	0.0000	0.0000	0.0001	0.0000	0.0005	0.0001	0.0000	0.0016	0.0000	0.0000	0.0000	13.1836	22.0703	0.0002	76.9722	81.0870	0.0046	0.0000	0.0000	0.0001	inf	0.0000	0.0000	-0.5358	0.0025	3.7876	5.0336	7.8440	0.0000	0.0000	0.0000	0.0000	0.0000	0.0000	0.0000	0.0000	0.0000	0.9868	0.9868	0.0000	0.9868	0.9868	0.0000	0.0000	0.0000	0.0000	0.0002	0.0002	0.0000	0.0001	0.0001	0.0000	0.0001	0.0001	0.0000	0.0748	0.0447	0.0301	0.0128	0.0122	0.0007	0.0620	0.0325	0.0295	0.0000	0.0000	3.2666	0.0000	0.0000	0.3413	0.0000	0.0000	0.0000	13.1836	22.0703	0.0002	76.9722	81.0870	0.0046	0.0000	0.0000	0.0001
19	91	0.0568	4	1	2	0	1	0	0	0	0	N	Y	N	N	N	N	N	N	N	N	N	N	3.3687	2.4964	9.3024	0.1308	0.1782	0.0000	9518.5723	10290.9374	156.4987	1.1267	1.4720	0.0033	0.2392	0.3461	0.0000	3.3762	3.5443	0.0570	0.3345	0.5896	0.0004	1.8287	1.9423	0.0000	0.0004	0.0003	0.0004	0.0007	0.0005	-0.0004	-0.0235	0.0025	1.8247	5.0336	16.3284	0.0012	0.0012	0.0000	0.0002	0.0002	0.0000	0.0010	0.0010	0.0000	0.0433	0.0433	0.0000	0.0433	0.0433	0.0000	0.0000	0.0000	0.0000	0.0010	0.0008	0.0002	0.0007	0.0005	0.0002	0.0003	0.0003	0.0000	0.1295	0.0734	0.0561	0.0237	0.0223	0.0014	0.1059	0.0511	0.0547	3.3687	2.4964	9.3024	0.1308	0.1782	0.0000	9518.5723	10290.9374	156.4987	0.3345	0.5896	0.0004	1.8287	1.9423	0.0000	0.0004	0.0003	0.0004
19	92	0.0463	3	1	2	0	0	0	0	0	0	N	Y	N	N	N	N	N	N	N	N	N	N	1.0519	0.7435	0.0000	0.1694	0.2128	0.0000	6.6169	212.4745	0.0000	0.2292	0.2841	0.0000	0.3146	0.4189	0.0000	0.0842	0.0933	0.0000	0.2179	0.3821	0.0244	1.8577	1.9683	0.0102	0.0127	0.0004	0.0246	0.0000	0.0541	-0.0001	-0.0167	0.0025	9.1310	5.0336	16.1726	0.0003	0.0003	0.0000	0.0003	0.0003	0.0000	0.0000	0.0000	0.0000	0.0340	0.0322	0.0017	0.0322	0.0322	0.0000	0.0018	0.0000	0.0017	0.0014	0.0011	0.0003	0.0009	0.0007	0.0002	0.0005	0.0005	0.0001	0.1558	0.0843	0.0715	0.0173	0.0163	0.0010	0.1385	0.0680	0.0705	1.0519	0.7435	0.0000	0.1694	0.2128	0.0000	6.6169	212.4745	0.0000	0.2179	0.3821	0.0244	1.8577	1.9683	0.0102	0.0127	0.0004	0.0246
19	93	0.1313	9	1	2	0	0	0	0	0	0	N	Y	N	N	N	N	N	N	N	N	N	N	0.0014	0.7875	0.0000	0.6193	0.7396	0.0000	0.0000	0.0000	0.0000	0.0002	0.0002	0.0000	0.0004	0.0004	0.0000	0.0000	0.0000	0.0000	0.1252	0.0002	0.3661	0.0006	0.0005	0.0012	0.1891	0.0000	0.4018	0.0000	778.8191	-0.0000	0.0053	0.0025	4.0959	5.0336	8.7137	0.0000	0.0000	0.0000	0.0000	0.0000	0.0000	0.0000	0.0000	0.0000	0.0116	0.0000	0.0115	0.0000	0.0000	0.0000	0.0115	0.0000	0.0115	0.0003	0.0002	0.0000	0.0001	0.0001	0.0000	0.0001	0.0001	0.0000	0.0923	0.0608	0.0315	0.0313	0.0285	0.0028	0.0610	0.0323	0.0287	0.0014	0.7875	0.0000	0.6193	0.7396	0.0000	0.0000	0.0000	0.0000	0.1252	0.0002	0.3661	0.0006	0.0005	0.0012	0.1891	0.0000	0.4018
19	94	0.1130	8	1	2	0	0	0	0	0	0	N	Y	N	N	N	N	N	N	N	N	N	N	0.0000	0.3724	0.0000	0.1418	0.1086	0.3725	0.0000	0.6518	0.0000	0.0002	0.0002	0.0007	0.0001	0.0001	0.0004	0.0004	0.0003	0.0008	16.6004	0.0005	103.8664	0.0005	0.0005	0.0010	23.7069	0.0005	105.7203	0.5000	54775.0216	-0.0000	0.4457	0.0025	2.9443	5.0336	6.1524	0.0000	0.0000	0.0000	0.0000	0.0000	0.0000	0.0000	0.0000	0.0000	0.9752	0.0000	0.9752	0.0000	0.0000	0.0000	0.9752	0.0000	0.9752	0.0002	0.0002	0.0000	0.0001	0.0001	0.0000	0.0001	0.0001	0.0000	0.0587	0.0380	0.0207	0.0176	0.0164	0.0012	0.0411	0.0216	0.0195	0.0000	0.3724	0.0000	0.1418	0.1086	0.3725	0.0000	0.6518	0.0000	16.6004	0.0005	47.0282	0.0005	0.0005	0.0010	23.7069	0.0005	49.9732
19	95	0.1106	7	1	1	0	0	0	0	0	0	N	N	N	N	N	N	N	N	N	N	N	N	0.3120	1.3869	0.0000	0.0000	0.0000	0.0000	0.4557	inf	0.0000	0.0006	0.0007	0.0000	0.0000	0.0000	0.0000	0.0012	0.0014	0.0000	0.0020	0.0005	0.0054	0.0010	0.0010	0.0026	0.0026	0.0000	0.0055	0.0000	4.7254	-0.0000	0.0000	0.0025	0.8596	5.0336	1.2300	0.0000	0.0000	0.0000	0.0000	0.0000	0.0000	0.0000	0.0000	0.0000	0.0001	0.0000	0.0000	0.0000	0.0000	0.0000	0.0000	0.0000	0.0000	0.0001	0.0000	0.0000	0.0000	0.0000	0.0000	0.0000	0.0000	0.0000	0.0249	0.0171	0.0077	0.0093	0.0091	0.0003	0.0155	0.0080	0.0075	0.3120	1.3869	0.0000	0.0000	0.0000	0.0000	0.4557	inf	0.0000	0.0020	0.0005	0.0054	0.0010	0.0010	0.0026	0.0026	0.0000	0.0055
19	96	0.0987	6	1	1	0	0	0	0	0	0	N	N	N	N	N	N	N	N	N	N	N	N	1345.7972	2623.0402	0.0000	310.4109	390.5647	0.0000	3530.1515	inf	0.0000	0.8356	1.2264	0.0000	0.3315	0.3661	0.0000	1.3982	3.2428	0.0000	0.0006	0.0005	0.0009	0.0011	0.0009	0.0044	0.0004	0.0000	0.0008	0.0000	1.0578	-0.0003	-0.0000	0.0025	3.7737	5.0336	2.5241	0.0007	0.0007	0.0000	0.0001	0.0001	0.0000	0.0005	0.0005	0.0000	0.0000	0.0000	0.0000	0.0000	0.0000	0.0000	0.0000	0.0000	0.0000	0.0008	0.0005	0.0003	0.0004	0.0004	0.0000	0.0004	0.0002	0.0002	0.0589	0.0380	0.0209	0.0197	0.0190	0.0007	0.0392	0.0190	0.0201	1345.7972	2623.0402	0.0000	310.4109	390.5647	0.0000	3530.1515	inf	0.0000	0.0006	0.0005	0.0009	0.0011	0.0009	0.0044	0.0004	0.0000	0.0008
19	97	0.0778	5	1	1	0	0	0	0	0	0	N	N	N	N	N	N	N	N	N	N	N	N	10.8901	189.5728	23.6772	18.4123	61.4495	1.6966	13.2341	785261.3899	28.6032	0.4429	0.1708	2.3258	0.1605	0.1592	0.1842	0.6563	0.1809	2.8003	0.0407	0.0009	0.0982	0.0087	0.0026	0.1085	0.0496	0.0000	0.0979	1.9685	75.3475	0.0001	0.0015	0.0025	6.4922	5.0336	4.5502	0.0002	0.0001	0.0001	0.0000	0.0000	0.0000	0.0002	0.0000	0.0001	0.0034	0.0000	0.0033	0.0002	0.0000	0.0001	0.0032	0.0000	0.0032	0.0004	0.0004	0.0001	0.0002	0.0002	0.0000	0.0003	0.0002	0.0000	0.0828	0.0490	0.0338	0.0181	0.0170	0.0010	0.0647	0.0319	0.0328	10.8901	189.5728	23.6772	18.4123	61.4495	1.6966	13.2341	785261.3899	28.6032	0.0407	0.0009	0.0982	0.0087	0.0026	0.1085	0.0496	0.0000	0.0979
19	98	0.1074	10	1	2	0	0	0	0	0	0	N	Y	N	N	N	N	N	N	N	N	N	N	0.0000	0.0000	0.0000	0.0320	0.0000	0.0245	0.0000	0.0000	0.0001	0.0000	0.0013	0.0003	0.0000	0.0040	0.0000	0.0000	0.0000	11.6104	0.0000	54.9963	0.0087	0.0000	0.1635	13.9231	0.0000	51.4468	inf	365419573.3352	0.0000	0.4509	0.0025	1.3608	5.0336	12.1483	0.0000	0.0000	0.0000	0.0000	0.0000	0.0000	0.0000	0.0000	0.0000	0.9866	0.0000	0.9866	0.0001	0.0000	0.0001	0.9865	0.0000	0.9865	0.0001	0.0001	0.0000	0.0000	0.0000	0.0000	0.0000	0.0000	0.0000	0.0850	0.0506	0.0344	0.0141	0.0134	0.0007	0.0709	0.0372	0.0337	0.0000	0.0000	0.0000	0.0320	0.0000	0.0245	0.0000	0.0000	0.0000	11.6104	0.0000	28.6810	0.0087	0.0000	0.1635	13.9231	0.0000	29.3148	
19	99	0.1037	9	1	1	0	0	0	0	0	0	N	N	N	N	N	N	N	N	N	N	N	N	0.0077	0.0006	0.0502	0.0061	0.0004	14.8077	0.0017	0.0000	0.0054	0.0020	0.0001	0.0166	0.0039	0.0003	0.0480	0.0003	0.0000	0.0018	0.2657	0.2250	0.3311	0.6372	0.6611	0.0032	0.1643	0.0054	0.3378	15.0350	0.9140	0.0000	-0.0003	0.0025	1.5300	5.0336	0.7696	0.0000	0.0000	0.0000	0.0000	0.0000	0.0000	0.0000	0.0000	0.0000	0.0047	0.0025	0.0022	0.0024	0.0024	0.0000	0.0023	0.0000	0.0022	0.0001	0.0001	0.0000	0.0000	0.0000	0.0000	0.0001	0.0000	0.0000	0.0177	0.0109	0.0068	0.0038	0.0037	0.0001	0.0139	0.0073	0.0067	0.0077	0.0006	0.0502	0.0061	0.0004	14.8077	0.0017	0.0000	0.0054	0.2657	0.2250	0.3311	0.6372	0.6611	0.0032	0.1643	0.0054	0.3378
19	100	0.0948	8	1	1	0	0	0	0	0	0	N	N	N	N	N	N	N	N	N	N	N	N	28.7393	0.4294	174.9903	0.2061	0.2047	0.3475	77.6207	243.4431	0.0890	0.0009	0.7848	0.0017	0.0018	0.0003	0.1691	0.0000	1.1158	0.0031	0.0021	0.0045	0.0083	0.0088	0.0008	0.0022	0.0000	0.0046	109.4656	1.5019	0.0000	0.0000	0.0025	3.6906	5.0336	1.4800	0.0000	0.0000	0.0000	0.0000	0.0000	0.0000	0.0000	0.0000	0.0000	0.0001	0.0000	0.0001	0.0000	0.0000	0.0000	0.0001	0.0000	0.0001	0.0002	0.0002	0.0000	0.0001	0.0001	0.0000	0.0001	0.0001	0.0000	0.0322	0.0188	0.0133	0.0049	0.0045	0.0003	0.0273	0.0143	0.0130	28.7393	0.4294	174.9903	0.2061	0.2047	0.3475	77.6207	0.0000	243.4431	0.0031	0.0021	0.0045	0.0083	0.0088	0.0008	0.0022	0.0000	0.0046	
19	101	0.0948	7	1	1	0	0	0	0	0	0	N	N	N	N	N	N	N	N	N	N	N	N	10.5381	7.4907	37.0747	4.7257	5.7919	3.0286	22.5276	72.0748	0.0024	0.0014	0.0116	0.0029	0.0026	0.0072	0.0020	0.0000	0.0132	0.0002	0.0002	0.0003	0.0006	0.0005	0.0024	0.0001	0.0000	0.0002	1.0000	1.0272	0.0000	-0.0000	0.0025	0.1361	5.0336	0.4500	0.0000	0.0000	0.0000	0.0000	0.0000	0.0000	0.0000	0.0000	0.0000	0.0000	0.0000	0.0000	0.0000	0.0000	0.0000	0.0000	0.0000	0.0000	0.0000	0.0000	0.0000	0.0000	0.0000	0.0000	0.0000	0.0000	0.0000	0.0052	0.0033	0.0019	0.0014	0.0013	0.0001	0.0038	0.0020	0.0018	10.5381	7.4907	37.0747	4.7257	5.7919	3.0286	22.5276	0.0000	72.0748	0.0002	0.0002	0.0003	0.0006	0.0005	0.0024	0.0001	0.0000	0.0002	
19	102	0.0789	6	1	1	0	0	0	0	0	0	N	N	N	N	N	N	N	N	N	N	N	N	5.0455	1.8857	18.3825	0.6427	0.7358	0.0000	8.7353	13013.0023	27.1274	0.8585	0.0090	7.2475	0.0137	0.0148	0.0000	1.7000	0.0027	10.7849	0.1701	0.0048	0.3943	0.0213	0.0201	0.0588	0.1946	0.0000	0.3976	106.6970	60.7394	0.0001	0.0041	0.0025	3.5591	5.0336	4.5341	0.0002	0.0000	0.0002	0.0000	0.0000	0.0000	0.0002	0.0000	0.0002	0.0092	0.0001	0.0091	0.0002	0.0001	0.0000	0.0091	0.0000	0.0091	0.0002	0.0002	0.0000	0.0001	0.0001	0.0000	0.0001	0.0001	0.0000	0.0543	0.0312	0.0230	0.0077	0.0074	0.0002	0.0466	0.0238	0.0228	5.0455	1.8857	18.3825	0.6427	0.7358	0.0000	8.7353	13013.0023	27.1274	0.1701	0.0048	0.3943	0.0213	0.0201	0.0588	0.1946	0.0000	0.3976
19	103	0.0572	5	1	1	0	0	0	0	0	0	N	N	N	N	N	N	N	N	N	N	N	N	0.0195	1.2261	0.0001	0.2218	0.3101	0.0011	0.0096	246.4704	0.0013	0.2722	0.3512	0.0043	0.3214	0.4599	0.0001	0.1494	0.1527	0.0766	13.9650	0.2864	62.6120	1.4492	1.4828	0.0685	15.5202	0.0006	58.0100	0.0036	86.1355	-0.0001	0.4393	0.0025	2.8937	5.0336	8.0733	0.0003	0.0003	0.0000	0.0003	0.0003	0.0000	0.0000	0.0000	0.0000	0.9859	0.0113	0.9746	0.0113	0.0113	0.0000	0.9746	0.0000	0.9746	0.0011	0.0009	0.0003	0.0008	0.0006	0.0002	0.0003	0.0003	0.0000	0.0706	0.0395	0.0311	0.0078	0.0076	0.0002	0.0628	0.0319	0.0309	0.0195	1.2261	0.0001	0.2218	0.3101	0.0011	0.0096	246.4704	0.0024	13.9650	0.2864	31.3424	1.4492	1.4828	0.0685	15.5202	0.0006	31.5300
19	104	0.1327	7	1	2	0	0	0	0	0	0	N	Y	N	N	N	N	N	N	N	N	N	N	0.0036	0.0000	1235.8439	0.2405	0.0000	1245.2213	0.0033	0.0000	1486.9380	0.1460	0.0000	0.4614	0.0453	0.0000	0.9862	0.2409	0.0000	0.4216	40.7147	54.4978	0.0004	0.1885	0.2098	0.0008	72.2756	114.7990	0.0003	inf	0.0000	0.0000	-0.4829	0.0025	0.0277	5.0336	1.3445	0.0000	0.0000	0.0000	0.0000	0.0000	0.0000	0.0000	0.0000	0.0000	0.8895	0.8895	0.0000	0.0018	0.0018	0.0000	0.8877	0.8877	0.0000	0.0000	0.0000	0.0000	0.0000	0.0000	0.0000	0.0000	0.0000	0.0000	0.0218	0.0163	0.0055	0.0096	0.0086	0.0010	0.0123	0.0077	0.0045	0.0036	0.0000	1235.8439	0.2405	0.0000	1245.2213	0.0033	0.0000	1486.9380	40.7147	54.4978	0.0004	0.1885	0.2098	0.0008	72.2756	114.7990	0.0003
19	105	0.0861	6	1	2	0	0	0	0	0	0	N	Y	N	N	N	N	N	N	N	N	N	N	3.6923	0.0000	707.2484	1.1312	0.0001	90629.2118	5.8151	0.0000	682.8677	3.8136	0.0001	26.0609	1.3017	0.0001	25.7029	5.8288	0.0000	26.1261	1.0328	1.7194	0.0368	1.1508	1.2425	0.0003	1.0024	1.9453	0.0383	87809.7892	0.0148	0.0009	-0.0747	0.0025	5.1414	5.0336	16.4151	0.0014	0.0000	0.0014	0.0002	0.0000	0.0002	0.0012	0.0000	0.0012	0.1413	0.1392	0.0021	0.0323	0.0323	0.0000	0.1089	0.1069	0.0021	0.0004	0.0003	0.0001	0.0002	0.0002	0.0000	0.0002	0.0002	0.0000	0.1368	0.0810	0.0558	0.0281	0.0260	0.0021	0.1087	0.0549	0.0537	3.6923	0.0000	707.2484	1.1312	0.0001	90629.2118	5.8151	0.0000	682.8677	1.0328	1.7194	0.0368	1.1508	1.2425	0.0003	1.0024	1.9453	0.0383
19	106	0.0778	5	1	1	0	0	0	0	0	0	N	N	N	N	N	N	N	N	N	N	N	N	1.0232	1.7736	1.7968	1.5841	1.6098	1.1600	0.8965	1.6219	1.9347	0.0864	0.0496	0.3105	0.0886	0.0796	0.2201	0.0846	0.0217	0.3333	0.0844	0.0279	0.1728	0.0560	0.0495	0.1897	0.0944	0.0134	0.1723	1.0288	3.9509	0.0000	0.0011	0.0025	3.8974	5.0336	1.6364	0.0000	0.0000	0.0000	0.0000	0.0000	0.0000	0.0000	0.0000	0.0000	0.0042	0.0008	0.0033	0.0007	0.0006	0.0001	0.0035	0.0002	0.0032	0.0003	0.0002	0.0000	0.0001	0.0001	0.0000	0.0002	0.0001	0.0000	0.0494	0.0302	0.0193	0.0128	0.0122	0.0006	0.0366	0.0180	0.0187	1.0232	1.7736	1.7968	1.5841	1.6098	1.1600	0.8965	1.6219	1.9347	0.0844	0.0279	0.1728	0.0560	0.0495	0.1897	0.0944	0.0134	0.1723
19	107	0.0568	4	1	1	0	0	0	0	0	0	N	N	N	N	N	N	N	N	N	N	N	N	0.0259	99.2386	0.0005	7.7718	47.6289	0.0079	0.0134	572.0863	0.0144	0.3094	0.4026	0.0264	0.3456	0.5081	0.0067	0.2046	0.1906	0.7164	11.9369	0.0041	54.6947	0.0445	0.0107	0.8482	15.2978	0.0003	49.6870	0.0216	5103.8547	-0.0001	0.4519	0.0025	0.3701	5.0336	9.6236	0.0003	0.0003	0.0000	0.0002	0.0002	0.0000	0.0001	0.0000	0.0000	0.9892	0.0002	0.9890	0.0008	0.0002	0.0006	0.9884	0.0000	0.9884	0.0010	0.0007	0.0002	0.0007	0.0005	0.0002	0.0002	0.0002	0.0000	0.0829	0.0478	0.0351	0.0183	0.0172	0.0011	0.0646	0.0306	0.0341	0.0259	99.2386	0.0009	7.7718	47.6289	0.0112	0.0134	572.0863	0.0247	11.9369	0.0041	28.1718	0.0445	0.0107	0.5984	15.2978	0.0003	29.0220
19	108	0.0463	3	1	1	0	0	0	0	0	0	N	N	N	N	N	N	N	N	N	N	N	N	3.5463	17.8638	0.0537	1.9245	3.7252	0.0027	7.1855	1495.8581	1.3845	0.4822	0.6364	0.0138	0.3253	0.4792	0.0026	0.9315	0.9509	0.3409	0.1360	0.0356	0.2577	0.1690	0.1286	0.9487	0.1296	0.0006	0.2462	0.0072	5.9665	-0.0002	0.0017	0.0025	0.4415	5.0336	4.8853	0.0005	0.0005	0.0000	0.0002	0.0002	0.0000	0.0002	0.0002	0.0000	0.0055	0.0008	0.0047	0.0011	0.0008	0.0003	0.0044	0.0000	0.0044	0.0010	0.0007	0.0002	0.0007	0.0005	0.0002	0.0003	0.0002	0.0000	0.0404	0.0221	0.0182	0.0065	0.0060	0.0005	0.0339	0.0161	0.0178	3.5463	17.8638	0.0537	1.9245	3.7252	0.0037	7.1855	1495.8581	1.3845	0.1360	0.0356	0.2577	0.1690	0.1286	0.7036	0.1296	0.0006	0.2462
19	109	0.0876	6	2	2	0	1	0	0	0	0	Y	Y	N	N	N	N	N	N	N	N	N	N	0.0000	0.0000	0.0000	0.0000	0.0000	0.0000	0.0000	0.0000	0.0000	0.0000	0.0000	0.0000	0.0000	0.0000	0.0000	0.0000	0.0000	0.0000	0.0000	0.0000	0.0025	0.0000	5.0336	0.0000	0.0000	0.0000	0.0000	0.0000	0.0000	0.0000	0.0000	0.0000	0.0000	0.0000	0.0000	0.0000	0.0000	0.0000	0.0000	0.0000	0.0000	0.0000	0.0000	0.0000	0.0000	0.0000	0.0000	0.0000	0.0000	0.0000	0.0000	0.0000	0.0000	0.0000	0.0000	0.0000	0.0000	0.0000	0.0000	0.0000	0.0000	0.0000	0.0000	0.0000	0.0000	0.0000	0.0000	0.0000	0.0000	0.0000	0.0000	0.0000	0.0000	0.0000	0.0000	0.0000	0.0000	0.0000											
19	110	0.0726	5	2	2	0	1	0	0	0	0	Y	Y	N	N	N	N	N	N	N	N	N	N	0.0000	0.0000	0.0000	0.0000	0.0000	0.0000	0.0000	0.0000	0.0000	0.0000	0.0000	0.0000	0.0000	0.0000	0.0000	0.0000	0.0000	0.0000	22.1174	37.2065	1.6365	1.1207	0.0850	44.6842	26.3453	50.1827	1.2793	0.0324	0.0000	-0.5245	0.0025	0.0000	5.0336	7.1240	0.0000	0.0000	0.0000	0.0000	0.0000	0.0000	0.0000	0.0000	0.0000	1.0253	0.9931	0.0322	0.0087	0.0006	0.0081	1.0166	0.9925	0.0241	0.0000	0.0000	0.0000	0.0000	0.0000	0.0000	0.0000	0.0000	0.0000	0.0464	0.0267	0.0197	0.0078	0.0069	0.0009	0.0386	0.0198	0.0188	0.0000	0.0000	0.0000	0.0000	0.0000	0.0000	0.0000	0.0000	0.0000	22.1174	37.2065	1.6365	1.1207	0.0850	9.4837	26.3453	50.1827	1.2793	
19	111	0.0815	7	1	2	0	1	0	0	0	0	N	Y	N	N	N	N	N	N	N	N	N	N	0.0000	0.0000	0.0000	0.0000	0.0000	0.0000	0.0000	0.0000	0.0000	0.0000	0.0000	0.0000	0.0000	0.0000	0.0000	0.0983	0.1677	0.0000	0.0176	0.0214	0.0000	0.1186	0.2249	0.0000	0.0000	0.0000	-0.0017	0.0025	0.0016	5.0336	5.0076	0.0000	0.0000	0.0000	0.0000	0.0000	0.0000	0.0000	0.0000	0.0000	0.0031	0.0031	0.0000	0.0001	0.0001	0.0000	0.0030	0.0030	0.0000	0.0000	0.0000	0.0000	0.0000	0.0000	0.0000	0.0000	0.0000	0.0000	0.0317	0.0186	0.0131	0.0064	0.0052	0.0011	0.0253	0.0134	0.0120	0.0000	0.0000	0.0000	0.0000	0.0000	0.0000	0.0000	0.0000	0.0000	0.0983	0.1677	0.0000	0.0176	0.0214	0.0000	0.1186	0.2249	0.0000				
19	112	0.0747	6	1	2	0	1	0	0	0	0	N	Y	N	N	N	N	N	N	N	N	N	N	0.0000	0.0000	0.0000	0.0000	0.0000	0.0000	0.0000	0.0000	0.0000	0.0000	0.0000	0.0000	0.0000	0.0000	0.0000	0.0000	0.0000	0.0000	44.2134	76.7037	0.0084	0.1242	0.1394	0.0001	55.9874	113.6981	0.0089	0.0001	0.0000	-0.5388	0.0025	1.0012	5.0336	2.1373	0.0000	0.0000	0.0000	0.0000	0.0000	0.0000	0.0000	0.0000	0.0000	0.9924	0.9924	0.0001	0.0006	0.0006	0.0000	0.9919	0.9918	0.0001	0.0001	0.0001	0.0000	0.0000	0.0000	0.0000	0.0000	0.0000	0.0000	0.0224	0.0129	0.0095	0.0047	0.0042	0.0005	0.0177	0.0087	0.0090	0.0000	0.0000	0.0000	0.0000	0.0000	0.0000	0.0000	0.0000	0.0000	44.2134	76.7037	0.0084	0.1242	0.1394	0.0001	55.9874	113.6981	0.0089	
19	113	0.0830	6	1	2	0	0	0	0	0	0	N	Y	N	N	N	N	N	N	N	N	N	N	0.0000	0.0000	0.0000	0.0000	0.0000	0.0000	0.0000	0.0000	0.0000	0.0000	0.0000	0.0000	0.0000	0.0000	0.0000	0.0000	0.0000	0.0063	0.0108	0.0000	0.0369	0.0418	0.0000	0.0000	0.0000	0.0000	0.0014	0.0000	-0.0001	0.0025	0.9705	5.0336	5.0371	0.0000	0.0000	0.0000	0.0000	0.0000	0.0000	0.0000	0.0000	0.0000	0.0002	0.0002	0.0000	0.0002	0.0002	0.0000	0.0000	0.0000	0.0000	0.0001	0.0001	0.0000	0.0000	0.0000	0.0000	0.0000	0.0000	0.0000	0.0368	0.0214	0.0154	0.0063	0.0055	0.0007	0.0305	0.0159	0.0146	0.0000	0.0000	0.0000	0.0000	0.0000	0.0000	0.0000	0.0000	0.0000	0.0063	0.0108	0.0000	0.0369	0.0418	0.0000	0.0000	0.0000	0.0000		
19	114	0.0747	6	1	1	1	1	0	0	0	0	N	N	N	N	N	N	N	N	N	N	N	N	0.0000	0.0000	0.0000	0.0000	0.0000	0.0000	0.0000	0.0000	0.0000	0.0000	0.0000	0.0000	0.0000	0.0009	0.0016	0.0000	0.0035	0.0037	0.0000	0.0000	0.0000	0.0000	0.0000	0.0000	-0.0000	0.0025	0.0000	5.0336	1.1303	0.0000	0.0000	0.0000	0.0000	0.0000	0.0000	0.0000	0.0000	0.0000	0.0000	0.0000	0.0000	0.0000	0.0000	0.0000	0.0000	0.0000	0.0000	0.0000	0.0000	0.0000	0.0000	0.0000	0.0000	0.0000	0.0000	0.0000	0.0100	0.0057	0.0043	0.0026	0.0025	0.0002	0.0074	0.0032	0.0041	0.0000	0.0000	0.0000	0.0000	0.0000	0.0000	0.0000	0.0000	0.0000	0.0009	0.0016	0.0000	0.0035	0.0037	0.0000	0.0000	0.0000	0.0000						
19	115	0.0726	5	1	1	0	1	0	0	0	0	N	N	N	N	N	N	N	N	N	N	N	N	0.0000	0.0000	0.0000	0.0000	0.0000	0.0000	0.0000	0.0000	0.0000	0.0000	0.0000	0.0000	0.0000	0.0000	0.0000	0.0000	0.0000	0.2217	0.3858	0.0017	0.8851	0.9431	0.0000	0.0012	0.0004	0.0018	0.0033	0.0000	-0.0013	0.0025	0.0000	5.0336	1.2340	0.0000	0.0000	0.0000	0.0000	0.0000	0.0000	0.0000	0.0000	0.0000	0.0024	0.0024	0.0000	0.0024	0.0024	0.0000	0.0000	0.0000	0.0000	0.0000	0.0000	0.0000	0.0000	0.0000	0.0000	0.0000	0.0000	0.0000	0.0109	0.0062	0.0046	0.0027	0.0025	0.0002	0.0081	0.0037	0.0045	0.0000	0.0000	0.0000	0.0000	0.0000	0.0000	0.0000	0.0000	0.0000	0.2217	0.3858	0.0017	0.8851	0.9431	0.0000	0.0012	0.0004	0.0018		
19	116	0.0801	6	1	1	1	1	0	0	0	0	N	N	N	N	N	N	N	N	N	N	N	N	0.0000	0.0065	0.0000	0.0689	0.5758	0.0000	0.0000	0.0039	0.0000	0.0024	0.0026	0.0000	0.0025	0.0026	0.0000	0.0022	0.0025	0.0000	68.6644	0.3925	323.5664	0.0361	0.0045	0.3315	87.5900	0.6553	341.1723	0.0000	293.5477	-0.0000	0.4390	0.0025	0.9725	5.0336	0.9874	0.0000	0.0000	0.0000	0.0000	0.0000	0.0000	0.0000	0.0000	0.0000	0.9677	0.0033	0.9644	0.0001	0.0000	0.0001	0.9676	0.0033	0.9643	0.0001	0.0001	0.0000	0.0001	0.0001	0.0000	0.0000	0.0000	0.0000	0.0141	0.0084	0.0057	0.0030	0.0027	0.0003	0.0110	0.0056	0.0054	0.0000	0.0065	0.0000	0.0689	0.5758	0.0000	0.0000	0.0044	0.0000	68.6644	0.3925	168.5374	0.0361	0.0045	0.3014	87.5900	0.5794	178.6650
19	117	0.0801	6	1	1	1	1	0	0	0	0	N	N	N	N	N	N	N	N	N	N	N	N	0.0487	0.0303	0.0000	0.0104	0.0105	0.2008	0.1207	0.0000	0.0462	0.0488	0.0000	0.0509	0.0524	0.0000	0.0304	0.0351	0.0000	0.9491	1.6099	0.0000	4.9117	4.9912	0.0000	0.1516	0.2908	0.0000	0.0000	0.0000	-0.0000	-0.0138	0.0025	0.0285	5.0336	4.0215	0.0000	0.0000	0.0000	0.0000	0.0000	0.0000	0.0000	0.0000	0.0000	0.0254	0.0254	0.0000	0.0221	0.0221	0.0000	0.0033	0.0033	0.0000	0.0000	0.0000	0.0000	0.0000	0.0000	0.0000	0.0000	0.0000	0.0000	0.0268	0.0158	0.0110	0.0052	0.0045	0.0006	0.0216	0.0113	0.0103	0.0487	0.0303	0.0000	0.0119	0.0107	0.0000	0.2008	0.1207	0.0000	0.9491	1.6099	0.0000	4.2866	4.8991	0.0000	0.1516	0.2908	0.0000	
19	118	0.0726	5	1	1	1	1	0	0	0	0	N	N	N	N	N	N	N	N	N	N	N	N	0.2495	0.1681	0.0000	89.2363	91.1395	0.0000	0.1026	0.0621	0.0000	7.2415	8.2957	0.0000	8.8133	10.0089	0.0000	3.6112	4.2222	0.0000	29.0253	49.3351	1.4930	0.0988	0.1098	0.0029	35.2051	67.9378	1.5598	0.0000	0.0223	-0.0006	-0.5273	0.0025	3.0275	5.0336	2.1573	0.0015	0.0015	0.0000	0.0012	0.0012	0.0000	0.0002	0.0002	0.0000	1.0119	0.9898	0.0221	0.0006	0.0006	0.0000	1.0113	0.9892	0.0221	0.0002	0.0002	0.0000	0.0001	0.0001	0.0000	0.0001	0.0001	0.0000	0.0349	0.0201	0.0148	0.0061	0.0055	0.0006	0.0287	0.0146	0.0142	0.2495	0.1681	0.0000	89.2363	91.1395	0.0000	0.1026	0.0621	0.0000	29.0253	49.3351	1.4930	0.0988	0.1098	0.0029	35.2051	67.9378	1.5598
19	119	0.1138	5	2	2	0	0	0	0	0	0	Y	Y	N	N	N	N	N	N	N	N	N	N	4837.3435	20154.1136	0.0000	1551.6491	9404.3180	0.0000	812.9216	inf	0.0000	0.2590	0.3229	0.0000	0.3409	0.4527	0.0000	0.0072	0.0075	0.0000	0.0001	0.0000	0.0001	0.0002	0.0000	0.0040	0.0000	0.0000	0.0000	0.0000	4.4858	-0.0001	0.0000	0.0025	2.1883	5.0336	3.1271	0.0002	0.0002	0.0000	0.0002	0.0002	0.0000	0.0000	0.0000	0.0000	0.0000	0.0000	0.0000	0.0000	0.0000	0.0000	0.0000	0.0000	0.0000	0.0009	0.0008	0.0002	0.0007	0.0005	0.0002	0.0002	0.0002	0.0000	0.0370	0.0226	0.0145	0.0079	0.0075	0.0003	0.0292	0.0151	0.0141	4837.3435	20154.1136	0.0000	1551.6491	9404.3180	0.0000	812.9216	inf	0.0000	0.0001	0.0000	0.0001	0.0002	0.0000	0.0040	0.0000	0.0000	0.0000
19	120	0.0469	4	2	2	0	0	0	0	0	0	Y	Y	N	N	N	N	N	N	N	N	N	N	267.9961	194.5908	22.5316	14.7427	19.3216	0.0806	16813.1591	inf	210.4075	0.4528	0.5518	0.0056	0.2792	0.3619	0.0020	0.7459	0.8261	0.0194	0.0017	0.0028	0.0002	0.0189	0.0187	0.0254	0.0000	0.0000	0.0001	0.0022	0.0694	-0.0003	-0.0001	0.0025	13.6104	5.0336	16.0982	0.0007	0.0007	0.0000	0.0003	0.0003	0.0000	0.0004	0.0004	0.0000	0.0003	0.0003	0.0000	0.0003	0.0003	0.0000	0.0000	0.0000	0.0000	0.0016	0.0013	0.0003	0.0010	0.0008	0.0002	0.0006	0.0005	0.0001	0.1695	0.0944	0.0751	0.0148	0.0143	0.0005	0.1548	0.0801	0.0746	267.9961	194.5908	22.5316	14.7427	19.3216	0.0806	16813.1591	inf	210.4075	0.0017	0.0028	0.0002	0.0189	0.0187	0.0254	0.0000	0.0000	0.0001
19	121	0.0721	6	1	2	0	0	0	0	0	0	N	Y	N	N	N	N	N	N	N	N	N	N	8.7574	192.5090	0.0000	13.8392	23.9497	0.0000	20.8660	inf	0.0000	0.3571	0.4722	0.0000	0.0836	0.1226	0.0000	1.1947	1.2140	0.0000	0.0408	0.0025	0.1141	0.0060	0.0051	0.0461	0.0573	0.0000	0.1156	0.0000	24.3048	-0.0002	0.0011	0.0025	0.3548	5.0336	4.6068	0.0005	0.0005	0.0000	0.0001	0.0001	0.0000	0.0004	0.0004	0.0000	0.0026	0.0001	0.0025	0.0001	0.0001	0.0000	0.0025	0.0000	0.0025	0.0013	0.0010	0.0003	0.0010	0.0007	0.0003	0.0003	0.0003	0.0000	0.0645	0.0424	0.0221	0.0208	0.0203	0.0005	0.0438	0.0221	0.0217	8.7574	192.5090	0.0000	13.8392	23.9497	0.0000	20.8660	inf	0.0000	0.0408	0.0025	0.1141	0.0060	0.0051	0.0461	0.0573	0.0000	0.1156
19	122	0.0572	5	1	2	0	0	0	0	0	0	N	Y	N	N	N	N	N	N	N	N	N	N	0.0434	5.9102	0.0002	0.3002	0.4388	0.0035	0.1091	2797.2882	0.0048	0.8520	1.1084	0.0206	0.2659	0.3838	0.0062	2.4283	2.4900	0.4233	19.6329	0.1875	96.3137	0.8858	0.8747	1.7721	22.2490	0.0009	87.6248	0.0057	185.5337	-0.0003	0.4418	0.0025	1.6911	5.0336	5.7022	0.0009	0.0009	0.0000	0.0002	0.0002	0.0000	0.0007	0.0007	0.0000	0.9782	0.0052	0.9730	0.0054	0.0052	0.0002	0.9728	0.0000	0.9728	0.0010	0.0008	0.0002	0.0008	0.0005	0.0002	0.0003	0.0003	0.0000	0.0498	0.0280	0.0219	0.0061	0.0060	0.0001	0.0437	0.0220	0.0217	0.0434	5.9102	0.0005	0.3002	0.4388	0.0045	0.1091	2797.2882	0.0095	19.6329	0.1875	44.5067	0.8858	0.8747	1.3965	22.2490	0.0009	44.7621
19	123	0.0469	4	1	1	0	0	0	0	0	0	N	N	N	N	N	N	N	N	N	N	N	N	0.9407	32.6055	0.0016	4.6320	6.8380	0.0038	1.5207	132.1687	0.0249	0.4418	0.5737	0.0017	0.3056	0.4400	0.0005	0.7920	0.8217	0.0262	0.4696	0.0176	1.0477	0.0660	0.0643	0.1314	0.5208	0.0062	1.0534	0.0009	46.5576	-0.0002	0.0073	0.0025	2.0929	5.0336	3.1856	0.0005	0.0005	0.0000	0.0002	0.0002	0.0000	0.0002	0.0002	0.0000	0.0166	0.0003	0.0163	0.0003	0.0003	0.0000	0.0164	0.0001	0.0163	0.0011	0.0008	0.0002	0.0008	0.0005	0.0002	0.0003	0.0003	0.0000	0.0354	0.0199	0.0156	0.0040	0.0039	0.0001	0.0314	0.0160	0.0155	0.9407	32.6055	0.0016	4.6320	6.8380	0.0038	1.5207	132.1687	0.0249	0.4696	0.0176	1.0477	0.0660	0.0643	0.1314	0.5208	0.0062	1.0534
19	124	0.0876	7	2	2	0	0	0	0	0	0	Y	Y	N	N	N	N	N	N	N	N	N	N	0.0000	0.0000	0.0000	0.0000	0.0000	0.0000	0.0000	0.0000	0.0000	0.0000	0.0000	0.0000	0.0000	0.0000	0.0000	0.0000	0.0000	0.0000	0.0000	0.0000	0.0025	0.0000	5.0336	0.0000	0.0000	0.0000	0.0000	0.0000	0.0000	0.0000	0.0000	0.0000	0.0000	0.0000	0.0000	0.0000	0.0000	0.0000	0.0000	0.0000	0.0000	0.0000	0.0000	0.0000	0.0000	0.0000	0.0000	0.0000	0.0000	0.0000	0.0000	0.0000	0.0000	0.0000	0.0000	0.0000	0.0000	0.0000	0.0000	0.0000	0.0000	0.0000	0.0000	0.0000	0.0000	0.0000	0.0000	0.0000	0.0000	0.0000	0.0000	0.0000	0.0000	0.0000	0.0000	0.0000	0.0000	0.0000											
19	125	0.0830	6	2	2	0	0	0	0	0	0	Y	Y	N	N	N	N	N	N	N	N	N	N	0.0000	0.0000	0.0000	0.0000	0.0000	0.0000	0.0000	0.0000	0.0000	0.0000	0.0000	0.0000	0.0000	0.0000	0.0000	0.0000	0.0000	0.0000	0.0008	0.0013	0.0001	0.0039	0.0043	0.0000	0.0001	0.0000	0.0001	0.0567	0.0000	-0.0000	0.0025	0.1434	5.0336	1.9839	0.0000	0.0000	0.0000	0.0000	0.0000	0.0000	0.0000	0.0000	0.0000	0.0000	0.0000	0.0000	0.0000	0.0000	0.0000	0.0000	0.0000	0.0000	0.0000	0.0000	0.0000	0.0000	0.0000	0.0000	0.0000	0.0000	0.0000	0.0145	0.0086	0.0059	0.0029	0.0026	0.0003	0.0116	0.0060	0.0056	0.0000	0.0000	0.0000	0.0000	0.0000	0.0000	0.0000	0.0000	0.0000	0.0008	0.0013	0.0001	0.0039	0.0043	0.0000	0.0001	0.0000	0.0001	
19	126	0.0726	5	1	2	0	0	0	0	0	0	N	Y	N	N	N	N	N	N	N	N	N	N	0.0000	0.0000	0.0000	0.0000	0.0000	0.0000	0.0000	0.0000	0.0000	0.0000	0.0000	0.0000	0.0000	0.0000	0.0000	0.0000	0.0000	0.0753	0.1277	0.0044	0.4096	0.4559	0.0000	0.0027	0.0009	0.0046	0.0253	0.0000	-0.0013	0.0025	1.8882	5.0336	2.9115	0.0000	0.0000	0.0000	0.0000	0.0000	0.0000	0.0000	0.0000	0.0000	0.0025	0.0024	0.0001	0.0024	0.0024	0.0000	0.0001	0.0000	0.0001	0.0001	0.0001	0.0000	0.0001	0.0001	0.0000	0.0000	0.0000	0.0000	0.0326	0.0187	0.0138	0.0058	0.0052	0.0006	0.0267	0.0135	0.0132	0.0000	0.0000	0.0000	0.0000	0.0000	0.0000	0.0000	0.0000	0.0000	0.0753	0.1277	0.0044	0.4096	0.4559	0.0000	0.0027	0.0009	0.0046		
19	127	0.0469	4	1	1	0	0	0	0	0	0	N	N	N	N	N	N	N	N	N	N	N	N	2.3019	1.6491	0.0000	0.0436	0.0694	0.0000	87.5065	47.4836	0.0000	1.0224	1.3133	0.0000	0.2199	0.3110	0.0000	2.9201	3.0810	0.0000	0.4442	0.7964	0.0000	5.0417	4.4811	0.0000	0.0334	0.0649	0.0000	0.0000	0.0000	-0.0004	-0.0189	0.0025	3.5543	5.0336	9.0319	0.0012	0.0012	0.0000	0.0002	0.0002	0.0000	0.0010	0.0010	0.0000	0.0349	0.0349	0.0000	0.0325	0.0325	0.0000	0.0024	0.0024	0.0000	0.0011	0.0009	0.0003	0.0008	0.0006	0.0002	0.0003	0.0003	0.0000	0.0785	0.0438	0.0347	0.0075	0.0072	0.0002	0.0710	0.0365	0.0345	2.3019	1.6491	0.0000	0.0505	0.0694	0.0000	87.5065	47.4836	0.0000	0.4442	0.7964	0.0000	4.3545	4.4811	0.0000	0.0334	0.0649	0.0000
19	128	0.0432	3	1	1	0	0	0	0	0	0	N	N	N	N	N	N	N	N	N	N	N	N	21.6607	21.4611	0.0543	1.3246	1.8783	0.0028	214.1957	27622806.4654	0.5445	1.0840	1.4038	0.0015	0.3339	0.4764	0.0005	2.8759	3.0516	0.0150	0.0500	0.0654	0.0284	0.2521	0.2536	0.1624	0.0134	0.0000	0.0276	0.0003	0.3080	-0.0004	-0.0004	0.0025	2.6246	5.0336	0.7212	0.0012	0.0012	0.0000	0.0003	0.0003	0.0000	0.0009	0.0009	0.0000	0.0013	0.0010	0.0003	0.0010	0.0010	0.0000	0.0003	0.0000	0.0003	0.0011	0.0008	0.0002	0.0008	0.0005	0.0002	0.0003	0.0003	0.0000	0.0256	0.0150	0.0106	0.0039	0.0039	0.0001	0.0216	0.0111	0.0105	21.6607	21.4611	0.0543	1.3246	1.8783	0.0028	214.1957	27622806.4654	0.5445	0.0500	0.0654	0.0284	0.2521	0.2536	0.1624	0.0134	0.0000	0.0276
19	129	0.0375	2	1	1	0	0	0	0	0	0	N	N	N	N	N	N	N	N	N	N	N	N	8.3498	13.6645	0.1519	1.9496	2.8439	0.0029	20.9708	77201.6884	1.1450	0.4274	0.5502	0.0099	0.3185	0.4482	0.0016	0.6695	0.7263	0.0715	0.0512	0.0403	0.0651	0.1634	0.1576	0.5624	0.0319	0.0000	0.0625	0.0053	1.2688	-0.0002	0.0000	0.0025	3.3474	5.0336	1.3769	0.0005	0.0005	0.0000	0.0002	0.0002	0.0000	0.0002	0.0002	0.0000	0.0019	0.0008	0.0011	0.0009	0.0008	0.0001	0.0010	0.0000	0.0010	0.0011	0.0009	0.0003	0.0008	0.0005	0.0002	0.0003	0.0003	0.0000	0.0368	0.0206	0.0162	0.0054	0.0053	0.0001	0.0314	0.0154	0.0161	8.3498	13.6645	0.1519	1.9496	2.8439	0.0040	20.9708	77201.6884	1.1450	0.0512	0.0403	0.0651	0.1634	0.1576	0.4029	0.0319	0.0000	0.0625
20	21	0.1859	14	0	1	0	1	0	0	0	0	N	N	N	N	N	N	N	N	N	N	N	N	34.8036	0.0000	926103.2349	0.0000	0.0000	131925.8949	0.0000	1441508.5666	0.0185	0.0000	0.1246	0.0000	0.0000	0.0000	0.0311	0.0000	0.2177	0.0005	0.0008	0.0000	0.0013	0.0015	0.0000	0.0000	0.0000	0.0000	inf	0.0001	0.0005	-0.0000	1.9984	2.0028	3.0609	2.2704	0.0008	0.0000	0.0008	0.0000	0.0000	0.0000	0.0008	0.0000	0.0008	0.0000	0.0000	0.0000	0.0000	0.0000	0.0000	0.0000	0.0000	0.0000	0.0421	0.0358	0.0063	0.0170	0.0143	0.0027	0.0251	0.0215	0.0036	0.0558	0.0357	0.0201	0.0231	0.0203	0.0028	0.0327	0.0155	0.0172	34.8036	0.0000	926103.2349	0.0000	0.0000	0.0000	131925.8949	0.0000	1441508.5666	0.0005	0.0008	0.0000	0.0013	0.0015	0.0000	0.0000	0.0000	0.0000	
20	22	0.1125	9	1	1	1	0	0	0	0	0	N	N	N	N	N	N	N	N	N	N	N	N	0.0000	0.0000	0.0000	0.0000	0.0000	0.0000	0.0000	0.0000	0.0000	0.0000	0.0000	0.0000	0.0000	0.0000	0.0000	0.0000	0.0000	0.0000	0.0000	0.0000	1.9984	0.0000	3.0609	2.0000	0.0000	0.0000	0.0000	0.0000	0.0000	0.0000	0.0000	0.0000	0.0000	0.0000	0.0000	0.0000	0.0000	0.0000	0.0000	0.0000	0.0000	0.0000	0.0000	0.0000	0.0000	0.0000	0.0000	0.0000	0.0000	0.0000	0.0000	0.0246	0.0160	0.0086	0.0081	0.0078	0.0003	0.0165	0.0082	0.0083	0.0000	0.0000	0.0000	0.0000	0.0000	0.0000	0.0000	0.0000	0.0000	0.0000	0.0000	0.0000	0.0000	0.0000	0.0000	0.0000	0.0000	0.0000											
20	23	0.1016	9	0	2	0	0	0	0	0	0	N	Y	N	N	N	N	N	N	N	N	N	N	1.2357	1.2980	0.0000	2.4753	2.4789	0.0000	0.0000	0.0000	0.0000	0.0050	0.0060	0.0000	0.0173	0.0179	0.0000	0.0000	0.0000	0.0000	0.0040	0.0046	0.0031	0.0070	0.0072	0.0007	0.0020	0.0000	0.0032	0.0000	0.4137	-0.0002	-0.0003	1.9984	4.1010	3.0609	9.0979	0.0005	0.0005	0.0000	0.0005	0.0005	0.0000	0.0000	0.0000	0.0000	0.0012	0.0008	0.0003	0.0008	0.0008	0.0000	0.0003	0.0000	0.0003	0.1039	0.0861	0.0177	0.0301	0.0290	0.0011	0.0738	0.0571	0.0167	0.2874	0.1771	0.1103	0.1183	0.1139	0.0044	0.1691	0.0632	0.1059	1.2357	1.2980	0.0000	2.4753	2.4789	0.0000	0.0000	0.0000	0.0000	0.0040	0.0046	0.0031	0.0070	0.0072	0.0007	0.0020	0.0000	0.0032
20	24	0.0732	4	1	2	0	0	0	0	0	0	N	Y	N	N	N	N	N	N	N	N	N	N	0.0000	0.0000	0.0000	0.0000	0.0000	0.0000	0.0000	0.0000	0.0000	0.0000	0.0000	0.0000	0.0000	0.0000	0.0000	0.0000	0.0000	0.0000	0.0000	0.0000	0.0000	0.0000	0.0000	0.0000	0.0000	0.0023	-0.0000	-0.0000	1.9984	7.0513	3.0609	11.7448	0.0000	0.0000	0.0000	0.0000	0.0000	0.0000	0.0000	0.0000	0.0000	0.0000	0.0000	0.0000	0.0000	0.0000	0.0000	0.0000	0.0000	0.0000	0.1358	0.1199	0.0159	0.0286	0.0280	0.0006	0.1072	0.0919	0.0153	0.2185	0.1434	0.0752	0.0706	0.0681	0.0024	0.1480	0.0752	0.0727	0.0000	0.0000	0.0000	0.0000	0.0000	0.0000	0.0000	0.0000	0.0000	0.0000	0.0000	0.0000	0.0000	0.0000	0.0000	0.0000	0.0000	0.0000			
20	25	0.1697	10	0	2	0	0	0	0	0	0	N	Y	N	N	N	N	N	N	N	N	N	N	1.6971	2.1878	0.0000	4.9200	4.3994	0.0000	0.0000	0.0000	0.0000	0.0090	0.0104	0.0000	0.0312	0.0334	0.0000	0.0000	0.0000	0.0000	0.0053	0.0047	0.0064	0.0064	0.0076	0.0000	0.0042	0.0000	0.0085	0.0000	0.6659	-0.0004	-0.0002	1.9984	4.7974	3.0609	5.1989	0.0010	0.0010	0.0000	0.0010	0.0010	0.0000	0.0000	0.0000	0.0000	0.0011	0.0007	0.0004	0.0007	0.0007	0.0000	0.0004	0.0000	0.0004	0.1144	0.0990	0.0155	0.0329	0.0308	0.0021	0.0815	0.0682	0.0133	0.2123	0.1421	0.0702	0.1062	0.0888	0.0174	0.1061	0.0533	0.0528	1.6971	2.1878	0.0000	4.9200	4.3994	0.0000	0.0000	0.0000	0.0000	0.0053	0.0047	0.0064	0.0064	0.0076	0.0000	0.0042	0.0000	0.0085
20	26	0.1309	11	1	2	0	0	0	0	0	0	N	Y	N	N	N	N	N	N	N	N	N	N	83.1742	0.0000	6336.0723	0.0000	0.0000	0.0000	61.8111	0.0000	5723.0824	23.5993	0.0000	189.5864	0.0000	0.0000	0.0000	30.8084	0.0000	197.3695	0.2837	0.4095	0.0299	0.0046	0.0049	0.0017	0.4984	1.0546	0.0345	inf	0.0362	0.6181	-0.0378	1.9984	2.0195	3.0609	15.0171	0.9986	0.0000	0.9986	0.0000	0.0000	0.0000	0.9986	0.0000	0.9986	0.0744	0.0718	0.0026	0.0005	0.0005	0.0000	0.0739	0.0713	0.0026	0.0423	0.0370	0.0053	0.0099	0.0097	0.0002	0.0324	0.0274	0.0051	0.2622	0.1753	0.0869	0.1140	0.1019	0.0121	0.1482	0.0734	0.0748	83.1742	0.0000	6336.0723	0.0000	0.0000	0.0000	61.8111	0.0000	5723.0824	0.2837	0.4095	0.0299	0.0046	0.0049	0.0017	0.4984	0.9709	0.0345
20	27	0.1222	10	0	1	0	0	0	0	0	0	N	N	N	N	N	N	N	N	N	N	N	N	0.0143	0.0000	181.5827	0.0000	0.0000	0.0000	0.0092	0.0000	157.5961	0.0156	0.0000	0.1559	0.0000	0.0000	0.0000	0.0230	0.0000	0.1622	1.0905	1.5638	0.0009	0.2675	0.3605	0.0007	2.5023	4.0266	0.0010	inf	0.0002	0.0005	-0.1769	1.9984	1.6438	3.0609	3.3228	0.0008	0.0000	0.0008	0.0000	0.0000	0.0000	0.0008	0.0000	0.0008	0.3260	0.3259	0.0001	0.0505	0.0505	0.0000	0.2755	0.2755	0.0000	0.0526	0.0473	0.0053	0.0170	0.0168	0.0002	0.0356	0.0306	0.0051	0.2990	0.2084	0.0905	0.1889	0.1400	0.0488	0.1101	0.0684	0.0417	0.0143	0.0000	181.5827	0.0000	0.0000	0.0000	0.0092	0.0000	157.5961	1.0905	1.5638	0.0009	0.2675	0.3605	0.0007	2.5023	4.0266	0.0010
20	28	0.0865	6	0	2	0	0	0	0	0	0	N	Y	N	N	N	N	N	N	N	N	N	N	0.0000	0.0000	0.0000	0.0000	0.0000	0.0000	0.0000	0.0000	0.0000	0.0000	0.0000	0.0000	0.0000	0.0000	0.0000	0.0000	0.0000	0.0000	0.0062	0.0014	0.0154	0.0028	0.0028	0.0038	0.0080	0.0000	0.0158	5.9939	0.0000	0.0005	1.9984	3.0409	3.0609	16.1393	0.0000	0.0000	0.0000	0.0000	0.0000	0.0000	0.0000	0.0000	0.0000	0.0015	0.0002	0.0013	0.0002	0.0002	0.0000	0.0012	0.0000	0.0012	0.0605	0.0537	0.0068	0.0166	0.0162	0.0004	0.0439	0.0376	0.0064	0.2344	0.1532	0.0813	0.0784	0.0757	0.0026	0.1560	0.0774	0.0786	0.0000	0.0000	0.0000	0.0000	0.0000	0.0000	0.0000	0.0000	0.0000	0.0062	0.0014	0.0154	0.0028	0.0028	0.0038	0.0080	0.0000	0.0158	
20	29	0.0816	6	0	2	0	0	0	0	0	0	N	Y	N	N	N	N	N	N	N	N	N	N	0.0000	0.0000	0.0000	0.0000	0.0000	0.0000	0.0000	0.0000	0.0000	0.0000	0.0000	0.0000	0.0000	0.0000	0.0000	0.0000	0.0000	5.4842	8.4231	0.0009	0.0051	0.0052	0.0000	7.9942	15.8772	0.0009	0.0001	0.0000	-0.5368	1.9984	4.0695	3.0609	11.0027	0.0000	0.0000	0.0000	0.0000	0.0000	0.0000	0.0000	0.0000	0.0000	0.9888	0.9887	0.0001	0.0003	0.0003	0.0000	0.9885	0.9884	0.0001	0.0811	0.0718	0.0093	0.0204	0.0199	0.0005	0.0607	0.0519	0.0088	0.1803	0.1174	0.0629	0.0566	0.0551	0.0015	0.1236	0.0623	0.0614	0.0000	0.0000	0.0000	0.0000	0.0000	0.0000	0.0000	0.0000	0.0000	5.4842	8.4231	0.0009	0.0051	0.0052	0.0000	7.9942	15.8772	0.0009		
20	30	0.1536	13	0	2	1	1	0	0	0	0	N	Y	N	N	N	N	N	N	N	N	N	N	0.0000	0.0000	0.0000	0.0000	0.0000	0.0000	0.0000	0.0000	0.0000	0.0000	0.0000	0.0000	0.0000	0.0000	0.0000	0.0000	0.0000	0.0000	0.0688	0.0042	0.1900	0.0011	0.0000	0.0084	0.1261	0.0108	0.2275	24.0792	0.0000	0.0011	1.9984	0.0021	3.0609	3.0281	0.0000	0.0000	0.0000	0.0000	0.0000	0.0000	0.0000	0.0000	0.0000	0.0027	0.0001	0.0026	0.0000	0.0000	0.0000	0.0027	0.0001	0.0026	0.0001	0.0001	0.0000	0.0000	0.0000	0.0000	0.0001	0.0000	0.0000	0.0397	0.0259	0.0138	0.0182	0.0159	0.0024	0.0215	0.0101	0.0114	0.0000	0.0000	0.0000	0.0000	0.0000	0.0000	0.0000	0.0000	0.0000	0.0688	0.0042	0.1900	0.0011	0.0000	0.0084	0.1261	0.0108	0.2275	
20	31	0.1309	12	0	1	0	1	0	0	0	0	N	N	N	N	N	N	N	N	N	N	N	N	0.0000	0.0000	0.0000	0.0000	0.0000	0.0000	0.0000	0.0000	0.0000	0.0000	0.0000	0.0000	0.0000	0.0000	0.0000	0.0000	0.0000	0.0000	0.6134	0.9423	0.0004	0.0023	0.0026	0.0000	1.0803	2.2119	0.0004	0.0002	0.0000	-0.0448	1.9984	3.2874	3.0609	7.1999	0.0000	0.0000	0.0000	0.0000	0.0000	0.0000	0.0000	0.0000	0.0000	0.0825	0.0825	0.0000	0.0001	0.0001	0.0000	0.0824	0.0823	0.0000	0.0700	0.0615	0.0085	0.0174	0.0171	0.0004	0.0525	0.0444	0.0081	0.1345	0.0875	0.0470	0.0582	0.0503	0.0080	0.0762	0.0372	0.0390	0.0000	0.0000	0.0000	0.0000	0.0000	0.0000	0.0000	0.0000	0.0000	0.6134	0.9423	0.0004	0.0023	0.0026	0.0000	1.0803	2.2119	0.0004	
20	32	0.0496	4	0	2	0	0	0	0	0	0	N	Y	N	N	N	N	N	N	N	N	N	N	0.0000	0.0000	0.0000	0.0000	0.0000	0.0000	0.0000	0.0000	0.0000	0.0000	0.0000	0.0000	0.0000	0.0000	0.0000	0.0000	0.0000	0.0000	0.0007	0.0010	0.0001	0.0020	0.0021	0.0000	0.0001	0.0000	0.0001	0.0622	0.0000	-0.0001	1.9984	4.3545	3.0609	19.4857	0.0000	0.0000	0.0000	0.0000	0.0000	0.0000	0.0000	0.0000	0.0000	0.0002	0.0002	0.0000	0.0002	0.0002	0.0000	0.0000	0.0000	0.0000	0.2279	0.1542	0.0737	0.0887	0.0862	0.0025	0.1392	0.0680	0.0712	0.3037	0.1893	0.1144	0.0938	0.0921	0.0017	0.2099	0.0973	0.1127	0.0000	0.0000	0.0000	0.0000	0.0000	0.0000	0.0000	0.0000	0.0000	0.0007	0.0010	0.0001	0.0020	0.0021	0.0000	0.0001	0.0000	0.0001	
20	33	0.0867	6	1	2	0	0	0	0	0	0	N	Y	N	N	N	N	N	N	N	N	N	N	0.0000	0.0000	0.0000	0.0000	0.0000	0.0000	0.0000	0.0000	0.0000	0.0000	0.0000	0.0000	0.0000	0.0000	0.0000	0.0000	0.0000	0.0000	0.0000	0.0000	1.9984	0.0000	3.0609	0.0000	0.0000	0.0000	0.0000	0.0000	0.0000	0.0000	0.0000	0.0000	0.0000	0.0000	0.0000	0.0000	0.0000	0.0000	0.0000	0.0000	0.0000	0.0000	0.0000	0.0000	0.0000	0.0000	0.0000	0.0000	0.0000	0.0000	0.0000	0.0000	0.0000	0.0000	0.0000	0.0000	0.0000	0.0000	0.0000	0.0000	0.0000	0.0000	0.0000	0.0000	0.0000	0.0000	0.0000	0.0000	0.0000	0.0000	0.0000	0.0000	0.0000	0.0000	0.0000	0.0000	0.0000	0.0000											
20	34	0.1222	10	0	2	0	1	0	0	0	0	N	Y	N	N	N	N	N	N	N	N	N	N	0.0000	0.0000	0.0000	0.0000	0.0000	0.0000	0.0000	0.0000	0.0000	0.0000	0.0000	0.0000	0.0000	0.0000	0.0000	0.0000	0.0000	0.0000	1.6073	2.3538	0.0000	3.2727	3.8268	0.0000	0.0006	0.0010	0.0000	0.0000	0.0000	-0.3766	1.9984	6.4588	3.0609	12.7561	0.0000	0.0000	0.0000	0.0000	0.0000	0.0000	0.0000	0.0000	0.0000	0.6935	0.6935	0.0000	0.6934	0.6934	0.0000	0.0001	0.0001	0.0000	0.1439	0.1276	0.0163	0.0359	0.0352	0.0007	0.1080	0.0924	0.0156	0.4315	0.2946	0.1369	0.2294	0.1812	0.0482	0.2021	0.1134	0.0887	0.0000	0.0000	0.0000	0.0000	0.0000	0.0000	0.0000	0.0000	0.0000	1.6073	2.3538	0.0000	3.0232	3.8268	0.0000	0.0006	0.0010	0.0000	
20	35	0.1166	9	0	1	0	0	0	0	0	0	N	N	N	N	N	N	N	N	N	N	N	N	0.0000	0.0000	0.0000	0.0000	0.0000	0.0000	0.0000	0.0000	0.0000	0.0000	0.0000	0.0000	0.0000	0.0000	0.0000	0.0000	0.0000	0.0000	1.3680	1.9631	0.0004	1.0657	1.4322	0.0004	1.8816	3.0519	0.0004	0.0001	0.0000	-0.2277	1.9984	2.5642	3.0609	2.5472	0.0000	0.0000	0.0000	0.0000	0.0000	0.0000	0.0000	0.0000	0.0000	0.4194	0.4194	0.0000	0.2057	0.2057	0.0000	0.2137	0.2137	0.0000	0.0736	0.0656	0.0080	0.0233	0.0225	0.0008	0.0503	0.0431	0.0072	0.3066	0.2136	0.0930	0.1930	0.1436	0.0494	0.1136	0.0700	0.0436	0.0000	0.0000	0.0000	0.0000	0.0000	0.0000	0.0000	0.0000	0.0000	1.3680	1.9631	0.0004	1.0657	1.4322	0.0004	1.8816	3.0519	0.0004	
20	36	0.1670	14	0	1	1	0	0	0	0	0	N	N	N	N	N	N	N	N	N	N	N	N	0.0000	0.0000	0.0000	0.0000	0.0000	0.0000	0.0000	0.0000	0.0000	0.0000	0.0000	0.0000	0.0000	0.0000	0.0000	0.0000	0.0000	0.0000	0.0000	0.0000	0.0000	0.0000	0.0000	0.0000	0.0000	4.1364	0.0000	0.0000	1.9984	1.0000	3.0609	2.0003	0.0000	0.0000	0.0000	0.0000	0.0000	0.0000	0.0000	0.0000	0.0000	0.0000	0.0000	0.0000	0.0000	0.0000	0.0000	0.0000	0.0000	0.0000	0.0204	0.0181	0.0023	0.0051	0.0050	0.0001	0.0154	0.0132	0.0022	0.0370	0.0235	0.0134	0.0150	0.0129	0.0021	0.0220	0.0106	0.0114	0.0000	0.0000	0.0000	0.0000	0.0000	0.0000	0.0000	0.0000	0.0000	0.0000	0.0000	0.0000	0.0000	0.0000	0.0000	0.0000	0.0000	0.0000			
20	37	0.1492	13	0	2	0	0	0	0	0	0	N	Y	N	N	N	N	N	N	N	N	N	N	0.0000	0.0000	0.0000	0.0000	0.0000	0.0000	0.0000	0.0000	0.0000	0.0000	0.0000	0.0000	0.0000	0.0000	0.0000	0.0000	0.0000	0.0000	2.2892	3.4476	0.0002	0.0076	0.0087	0.0000	4.1477	8.3312	0.0002	0.0000	0.0000	-0.1867	1.9984	1.9619	3.0609	8.3400	0.0000	0.0000	0.0000	0.0000	0.0000	0.0000	0.0000	0.0000	0.0000	0.3438	0.3438	0.0000	0.0005	0.0005	0.0000	0.3433	0.3433	0.0000	0.0394	0.0348	0.0046	0.0103	0.0100	0.0003	0.0291	0.0248	0.0043	0.1502	0.0997	0.0505	0.0674	0.0585	0.0089	0.0828	0.0412	0.0416	0.0000	0.0000	0.0000	0.0000	0.0000	0.0000	0.0000	0.0000	0.0000	2.2892	3.4476	0.0002	0.0076	0.0087	0.0000	4.1477	8.3312	0.0002	
20	38	0.0940	6	1	1	1	0	0	0	0	0	N	N	N	N	N	N	N	N	N	N	N	N	0.0001	0.0000	0.0116	0.0000	0.0000	0.0148	0.0000	0.0117	0.0000	0.0000	0.0001	0.0000	0.0000	0.0000	0.0001	0.0000	0.0001	0.7841	1.1955	0.0112	2.2845	2.3845	0.0000	0.0061	0.0004	0.0117	inf	0.0050	0.0000	-0.0298	1.9984	0.0095	3.0609	5.0631	0.0000	0.0000	0.0000	0.0000	0.0000	0.0000	0.0000	0.0000	0.0000	0.0554	0.0551	0.0003	0.0551	0.0551	0.0000	0.0003	0.0000	0.0003	0.0014	0.0009	0.0005	0.0007	0.0006	0.0000	0.0007	0.0002	0.0005	0.0706	0.0461	0.0245	0.0241	0.0231	0.0010	0.0465	0.0230	0.0235	0.0001	0.0000	0.0116	0.0000	0.0000	0.0000	0.0148	0.0000	0.0117	0.7841	1.1955	0.0112	2.2845	2.3845	0.0000	0.0061	0.0004	0.0117	
20	39	0.1309	12	0	2	0	0	0	0	0	0	N	Y	N	N	N	N	N	N	N	N	N	N	0.0000	0.0000	0.0000	0.0000	0.0000	0.0000	0.0000	0.0000	0.0000	0.0000	0.0000	0.0000	0.0000	0.0000	0.0000	0.0000	0.0000	0.5367	0.8262	0.0000	0.0005	0.0006	0.0000	0.9432	1.9343	0.0000	0.0000	0.0000	-0.0447	1.9984	1.1272	3.0609	11.0864	0.0000	0.0000	0.0000	0.0000	0.0000	0.0000	0.0000	0.0000	0.0000	0.0824	0.0824	0.0000	0.0000	0.0000	0.0000	0.0823	0.0823	0.0000	0.0281	0.0245	0.0035	0.0079	0.0078	0.0001	0.0201	0.0167	0.0034	0.1535	0.0997	0.0538	0.0662	0.0571	0.0091	0.0873	0.0426	0.0447	0.0000	0.0000	0.0000	0.0000	0.0000	0.0000	0.0000	0.0000	0.0000	0.5367	0.8262	0.0000	0.0005	0.0006	0.0000	0.9432	1.9343	0.0000		
20	40	0.1309	11	0	1	0	0	0	0	0	0	N	N	N	N	N	N	N	N	N	N	N	N	0.0000	0.0000	0.0000	0.0000	0.0000	0.0000	0.0000	0.0000	0.0000	0.0000	0.0000	0.0000	0.0000	0.0000	0.0000	0.0000	0.0000	7.2394	10.1437	0.0000	8.3287	8.3876	0.0000	7.2624	13.2340	0.0000	0.0000	0.0000	-0.0821	1.9984	0.4765	3.0609	0.2778	0.0000	0.0000	0.0000	0.0000	0.0000	0.0000	0.0000	0.0000	0.0000	0.1511	0.1511	0.0000	0.0755	0.0755	0.0000	0.0756	0.0756	0.0000	0.0153	0.0133	0.0020	0.0051	0.0050	0.0001	0.0102	0.0083	0.0020	0.0209	0.0149	0.0060	0.0105	0.0092	0.0013	0.0104	0.0057	0.0047	0.0000	0.0000	0.0000	0.0000	0.0000	0.0000	0.0000	0.0000	0.0000	7.2394	10.1437	0.0000	7.2166	8.2220	0.0000	7.2624	13.2340	0.0000		
20	41	0.1330	11	0	2	0	1	0	0	0	0	N	Y	N	N	N	N	N	N	N	N	N	N	0.0000	0.0000	0.0000	0.0000	0.0000	0.0000	0.0000	0.0000	0.0000	0.0000	0.0000	0.0000	0.0000	0.0000	0.0000	0.0000	0.0000	0.0000	0.6037	0.9265	0.0033	0.0011	0.0013	0.0000	1.0439	2.0834	0.0040	0.0019	0.0000	-0.1174	1.9984	10.0333	3.0609	21.8674	0.0000	0.0000	0.0000	0.0000	0.0000	0.0000	0.0000	0.0000	0.0000	0.2170	0.2166	0.0004	0.0002	0.0002	0.0000	0.2168	0.2164	0.0004	0.1907	0.1683	0.0224	0.0458	0.0446	0.0012	0.1449	0.1238	0.0212	0.3594	0.2337	0.1257	0.1517	0.1299	0.0218	0.2077	0.1039	0.1038	0.0000	0.0000	0.0000	0.0000	0.0000	0.0000	0.0000	0.0000	0.0000	0.6037	0.9265	0.0033	0.0011	0.0013	0.0000	1.0439	2.0834	0.0040	
20	42	0.0940	6	1	1	1	0	0	0	0	0	N	N	N	N	N	N	N	N	N	N	N	N	0.0000	0.0000	0.0000	0.0668	0.0651	0.0000	0.0000	0.0000	0.0005	0.0005	0.0000	0.0016	0.0017	0.0000	0.0000	0.0000	0.0000	20.9925	32.0000	0.0000	0.0241	0.0254	0.0000	32.6432	66.2626	0.0000	0.0000	0.0000	-0.0000	-0.5079	1.9984	0.9968	3.0609	1.9513	0.0000	0.0000	0.0000	0.0000	0.0000	0.0000	0.0000	0.0000	0.0000	0.9355	0.9355	0.0000	0.0004	0.0004	0.0000	0.9351	0.9351	0.0000	0.0212	0.0185	0.0027	0.0062	0.0060	0.0002	0.0150	0.0125	0.0025	0.0446	0.0292	0.0153	0.0159	0.0151	0.0008	0.0286	0.0141	0.0145	0.0000	0.0000	0.0000	0.0668	0.0651	0.0000	0.0000	0.0000	0.0000	20.9925	32.0000	0.0000	0.0241	0.0254	0.0000	32.6432	66.2626	0.0000	
20	43	0.0808	5	1	1	1	0	0	0	0	0	N	N	N	N	N	N	N	N	N	N	N	N	0.0000	0.0000	0.0001	0.0001	0.0001	0.0000	0.0000	0.0000	0.0002	0.0000	0.0000	0.0000	0.0000	0.0000	0.0000	0.0000	0.0000	0.0000	0.6269	0.9696	0.0119	0.0232	0.0238	0.0000	0.9155	1.8834	0.0121	0.3204	0.0068	-0.0000	-0.0301	1.9984	5.0018	3.0609	1.7716	0.0000	0.0000	0.0000	0.0000	0.0000	0.0000	0.0000	0.0000	0.0000	0.0561	0.0557	0.0004	0.0007	0.0007	0.0000	0.0554	0.0550	0.0004	0.0977	0.0862	0.0115	0.0227	0.0221	0.0006	0.0750	0.0641	0.0109	0.0894	0.0574	0.0320	0.0289	0.0282	0.0007	0.0605	0.0292	0.0313	0.0000	0.0000	0.0001	0.0001	0.0001	0.0000	0.0000	0.0000	0.0002	0.6269	0.9696	0.0119	0.0232	0.0238	0.0000	0.9155	1.8834	0.0121
20	44	0.0840	6	1	1	1	0	0	0	0	0	N	N	N	N	N	N	N	N	N	N	N	N	18.9475	6562.5227	58.1812	12948.1059	14010.8936	15.6990	59.9837	0.0081	0.0001	0.0688	0.0004	0.0004	0.0000	0.0104	0.0000	0.0723	0.0004	0.0000	0.0012	0.0000	0.0000	0.0000	0.0007	0.0000	0.0012	79.0500	38422.6923	0.0005	0.0000	1.9984	4.9860	3.0609	2.3663	0.0008	0.0000	0.0008	0.0000	0.0000	0.0000	0.0008	0.0000	0.0008	0.0000	0.0000	0.0000	0.0000	0.0000	0.0000	0.0000	0.0000	0.0000	0.0972	0.0859	0.0113	0.0225	0.0220	0.0006	0.0747	0.0639	0.0108	0.1165	0.0743	0.0422	0.0414	0.0406	0.0008	0.0751	0.0337	0.0414	18.9475	6562.5227	58.1812	12948.1059	14010.8936	0.0000	15.6990	0.0000	59.9837	0.0004	0.0000	0.0012	0.0000	0.0000	0.0000	0.0007	0.0000	0.0012		
20	45	0.0808	5	1	1	0	0	0	0	0	0	N	N	N	N	N	N	N	N	N	N	N	N	0.0020	0.0008	0.0246	0.0010	0.0010	0.0000	0.0066	0.0000	0.0251	0.0003	0.0002	0.0008	0.0004	0.0004	0.0000	0.0003	0.0000	0.0009	0.1669	0.2467	0.0337	0.3959	0.4041	0.0003	0.0459	0.0607	0.0343	1.3100	0.0817	0.0000	-0.0024	1.9984	0.0225	3.0609	1.9333	0.0000	0.0000	0.0000	0.0000	0.0000	0.0000	0.0000	0.0000	0.0000	0.0050	0.0047	0.0004	0.0041	0.0041	0.0000	0.0009	0.0005	0.0004	0.0009	0.0007	0.0002	0.0004	0.0003	0.0000	0.0006	0.0004	0.0002	0.0302	0.0189	0.0113	0.0104	0.0102	0.0002	0.0197	0.0086	0.0111	0.0020	0.0008	0.0246	0.0010	0.0010	0.0000	0.0066	0.0000	0.0251	0.1669	0.2467	0.0337	0.3959	0.4041	0.0003	0.0459	0.0607	0.0343
20	46	0.0779	4	1	1	0	0	0	0	0	0	N	N	N	N	N	N	N	N	N	N	N	N	0.0000	0.0000	0.0002	0.0001	0.0001	0.0000	0.0000	0.0002	0.0000	0.0000	0.0000	0.0000	0.0000	0.0000	0.0000	0.0000	0.0000	0.0491	0.0665	0.0176	0.0641	0.0657	0.0000	0.0420	0.0673	0.0180	0.3069	0.1457	-0.0000	-0.0004	1.9984	1.0095	3.0609	0.3555	0.0000	0.0000	0.0000	0.0000	0.0000	0.0000	0.0000	0.0000	0.0000	0.0009	0.0008	0.0001	0.0004	0.0004	0.0000	0.0005	0.0004	0.0001	0.0203	0.0179	0.0024	0.0047	0.0046	0.0001	0.0155	0.0133	0.0023	0.0182	0.0117	0.0065	0.0058	0.0057	0.0001	0.0124	0.0060	0.0063	0.0000	0.0000	0.0002	0.0001	0.0001	0.0000	0.0000	0.0000	0.0002	0.0491	0.0665	0.0176	0.0641	0.0657	0.0000	0.0420	0.0673	0.0180	
20	47	0.1492	13	0	1	1	0	0	0	0	0	N	N	N	N	N	N	N	N	N	N	N	N	0.0000	0.0000	0.0000	0.0000	0.0000	0.0000	0.0000	0.0000	0.0000	0.0000	0.0000	0.0000	0.0000	0.0000	0.0000	0.0000	0.0000	0.0000	3.2520	4.9355	0.0000	8.4142	8.6531	0.0000	0.0034	0.0069	0.0000	0.0000	0.0000	-0.3515	1.9984	3.0460	3.0609	11.9126	0.0000	0.0000	0.0000	0.0000	0.0000	0.0000	0.0000	0.0000	0.0000	0.6474	0.6474	0.0000	0.6470	0.6470	0.0000	0.0004	0.0004	0.0000	0.0601	0.0531	0.0070	0.0155	0.0151	0.0004	0.0446	0.0380	0.0066	0.1991	0.1312	0.0679	0.0875	0.0758	0.0117	0.1115	0.0553	0.0562	0.0000	0.0000	0.0000	0.0000	0.0000	0.0000	0.0000	0.0000	0.0000	3.2520	4.9355	0.0000	7.3917	8.5331	0.0000	0.0034	0.0069	0.0000	
20	48	0.1358	12	0	1	0	0	0	0	0	0	N	N	N	N	N	N	N	N	N	N	N	N	0.0000	0.0000	0.0000	0.0000	0.0000	0.0000	0.0000	0.0000	0.0000	0.0000	0.0000	0.0000	0.0000	0.0000	0.0000	0.0000	0.0000	0.0000	4.1149	6.1657	0.0023	5.3142	5.3249	0.0078	3.7362	7.3805	0.0011	0.0002	0.0000	-0.2437	1.9984	1.1082	3.0609	5.8288	0.0000	0.0000	0.0000	0.0000	0.0000	0.0000	0.0000	0.0000	0.0000	0.4491	0.4490	0.0001	0.2246	0.2245	0.0001	0.2245	0.2245	0.0000	0.0236	0.0206	0.0030	0.0065	0.0062	0.0003	0.0171	0.0144	0.0027	0.1091	0.0728	0.0363	0.0490	0.0424	0.0066	0.0601	0.0304	0.0297	0.0000	0.0000	0.0000	0.0000	0.0000	0.0000	0.0000	0.0000	0.0000	4.1149	6.1657	0.0023	4.5788	5.2945	0.0078	3.7362	7.3805	0.0011	
20	49	0.1670	14	0	2	0	0	0	0	0	0	N	Y	N	N	N	N	N	N	N	N	N	N	0.0000	0.0000	0.0000	0.0000	0.0000	0.0000	0.0000	0.0000	0.0000	0.0000	0.0000	0.0000	0.0000	0.0000	0.0000	0.0000	0.0000	0.0000	0.0000	0.0000	0.0000	0.0000	0.0000	0.0000	0.0000	4.1364	0.0000	0.0000	1.9984	0.0000	3.0609	2.0001	0.0000	0.0000	0.0000	0.0000	0.0000	0.0000	0.0000	0.0000	0.0000	0.0000	0.0000	0.0000	0.0000	0.0000	0.0000	0.0000	0.0000	0.0000	0.0000	0.0000	0.0000	0.0000	0.0000	0.0000	0.0000	0.0000	0.0000	0.0248	0.0158	0.0090	0.0101	0.0087	0.0014	0.0147	0.0071	0.0076	0.0000	0.0000	0.0000	0.0000	0.0000	0.0000	0.0000	0.0000	0.0000	0.0000	0.0000	0.0000	0.0000	0.0000	0.0000	0.0000	0.0000	0.0000			
20	50	0.1134	9	1	2	1	0	0	0	0	0	N	Y	N	N	N	N	N	N	N	N	N	N	0.0000	0.0000	0.0000	0.0000	0.0000	0.0000	0.0000	0.0000	0.0000	0.0000	0.0000	0.0000	0.0000	0.0000	0.0000	0.0011	0.0000	0.0043	0.0029	0.0000	0.1055	0.0000	0.0000	0.0000	inf	0.0000	0.0000	1.9984	0.0000	3.0609	1.7047	0.0000	0.0000	0.0000	0.0000	0.0000	0.0000	0.0000	0.0000	0.0000	0.0000	0.0000	0.0000	0.0000	0.0000	0.0000	0.0000	0.0000	0.0000	0.0000	0.0000	0.0000	0.0000	0.0000	0.0000	0.0000	0.0000	0.0000	0.0309	0.0228	0.0081	0.0122	0.0119	0.0003	0.0186	0.0109	0.0078	0.0000	0.0000	0.0000	0.0000	0.0000	0.0000	0.0000	0.0000	0.0000	0.0011	0.0000	0.0043	0.0029	0.0000	0.1055	0.0000	0.0000	0.0000				
20	51	0.1134	9	1	2	1	0	0	0	0	0	N	Y	N	N	N	N	N	N	N	N	N	N	0.0000	0.0000	0.0000	0.0000	0.0000	0.0000	0.0000	0.0000	0.0000	0.0000	0.0000	0.0000	0.0000	0.0000	0.0000	0.0011	0.0013	0.0000	0.0024	0.0024	0.0000	0.0000	0.0000	0.0000	0.0000	0.0000	-0.0000	1.9984	0.0000	3.0609	0.2953	0.0000	0.0000	0.0000	0.0000	0.0000	0.0000	0.0000	0.0000	0.0000	0.0000	0.0000	0.0000	0.0000	0.0000	0.0000	0.0000	0.0000	0.0000	0.0000	0.0000	0.0000	0.0000	0.0000	0.0000	0.0000	0.0000	0.0000	0.0136	0.0115	0.0021	0.0063	0.0062	0.0001	0.0074	0.0053	0.0020	0.0000	0.0000	0.0000	0.0000	0.0000	0.0000	0.0000	0.0000	0.0000	0.0011	0.0013	0.0000	0.0024	0.0024	0.0000	0.0000	0.0000	0.0000				
20	52	0.1105	8	1	2	1	0	0	0	0	0	N	Y	N	N	N	N	N	N	N	N	N	N	0.0000	0.0000	0.0000	0.0000	0.0000	0.0000	0.0000	0.0000	0.0000	0.0000	0.0000	0.0000	0.0000	0.0000	0.0000	0.0000	0.0000	0.0000	0.0019	0.0026	0.0003	0.0048	0.0050	0.0004	0.0001	0.0000	0.0003	0.0486	0.0000	-0.0000	1.9984	0.0001	3.0609	1.7968	0.0000	0.0000	0.0000	0.0000	0.0000	0.0000	0.0000	0.0000	0.0000	0.0000	0.0000	0.0000	0.0000	0.0000	0.0000	0.0000	0.0000	0.0000	0.0000	0.0000	0.0000	0.0000	0.0000	0.0000	0.0000	0.0000	0.0000	0.0268	0.0180	0.0088	0.0098	0.0096	0.0003	0.0170	0.0084	0.0085	0.0000	0.0000	0.0000	0.0000	0.0000	0.0000	0.0000	0.0000	0.0000	0.0019	0.0026	0.0003	0.0048	0.0050	0.0004	0.0001	0.0000	0.0003	
20	53	0.1129	4	1	2	0	0	0	0	0	0	N	Y	N	N	N	N	N	N	N	N	N	N	0.0000	0.0000	0.0000	0.0000	0.0000	0.0000	0.0000	0.0000	0.0000	0.0000	0.0000	0.0000	0.0000	0.0000	0.0000	0.0000	0.0000	0.0000	0.0025	0.0036	0.0001	0.0051	0.0064	0.0000	0.0000	0.0000	0.0001	0.0065	0.0000	-0.0001	1.9984	1.8240	3.0609	0.8872	0.0000	0.0000	0.0000	0.0000	0.0000	0.0000	0.0000	0.0000	0.0000	0.0001	0.0001	0.0000	0.0001	0.0001	0.0000	0.0000	0.0000	0.0000	0.1630	0.1279	0.0350	0.1052	0.0766	0.0286	0.0577	0.0514	0.0064	0.0554	0.0387	0.0167	0.0276	0.0217	0.0058	0.0279	0.0169	0.0109	0.0000	0.0000	0.0000	0.0000	0.0000	0.0000	0.0000	0.0000	0.0000	0.0025	0.0036	0.0001	0.0051	0.0064	0.0000	0.0000	0.0000	0.0001	
20	54	0.1969	16	0	2	0	1	0	0	0	0	N	Y	N	N	N	N	N	N	N	N	N	N	0.0000	0.0000	0.0000	0.0000	0.0000	0.0000	0.0000	0.0000	0.0000	0.0000	0.0000	0.0000	0.0000	0.0000	0.0000	0.0000	0.0002	0.0003	0.0000	0.0004	0.0005	0.0000	0.0000	0.0000	0.0000	0.0001	0.0000	-0.0000	1.9984	0.0007	3.0609	4.7762	0.0000	0.0000	0.0000	0.0000	0.0000	0.0000	0.0000	0.0000	0.0000	0.0000	0.0000	0.0000	0.0000	0.0000	0.0000	0.0000	0.0000	0.0000	0.0000	0.0000	0.0000	0.0000	0.0000	0.0000	0.0000	0.0000	0.0000	0.0612	0.0395	0.0217	0.0253	0.0221	0.0032	0.0359	0.0174	0.0185	0.0000	0.0000	0.0000	0.0000	0.0000	0.0000	0.0000	0.0000	0.0000	0.0002	0.0003	0.0000	0.0004	0.0005	0.0000	0.0000	0.0000	0.0000			
20	55	0.1969	16	0	1	0	1	0	0	0	0	N	N	N	N	N	N	N	N	N	N	N	N	0.0000	0.0000	0.0000	0.0000	0.0000	0.0000	0.0000	0.0000	0.0000	0.0000	0.0000	0.0000	0.0000	0.0002	0.0000	0.0007	0.0000	0.0000	0.0000	0.0004	0.0000	0.0008	inf	0.0000	0.0000	1.9984	0.0007	3.0609	3.2259	0.0000	0.0000	0.0000	0.0000	0.0000	0.0000	0.0000	0.0000	0.0000	0.0000	0.0000	0.0000	0.0000	0.0000	0.0000	0.0000	0.0000	0.0000	0.0000	0.0000	0.0000	0.0000	0.0000	0.0000	0.0000	0.0000	0.0000	0.0432	0.0282	0.0151	0.0180	0.0159	0.0022	0.0252	0.0123	0.0129	0.0000	0.0000	0.0000	0.0000	0.0000	0.0000	0.0000	0.0000	0.0000	0.0002	0.0000	0.0007	0.0000	0.0000	0.0000	0.0004	0.0000	0.0008						
20	56	0.1926	15	0	1	0	1	0	0	0	0	N	N	N	N	N	N	N	N	N	N	N	N	0.0000	0.0000	0.0000	0.0000	0.0000	0.0000	0.0000	0.0000	0.0000	0.0000	0.0000	0.0000	0.0000	0.0000	0.0000	0.0000	0.0000	0.0000	0.0000	0.0000	0.0000	0.0000	0.0000	0.0000	0.0000	2.3235	0.0000	0.0000	1.9984	0.9953	3.0609	1.3904	0.0000	0.0000	0.0000	0.0000	0.0000	0.0000	0.0000	0.0000	0.0000	0.0000	0.0000	0.0000	0.0000	0.0000	0.0000	0.0000	0.0000	0.0000	0.0210	0.0179	0.0031	0.0085	0.0072	0.0013	0.0125	0.0107	0.0018	0.0335	0.0220	0.0115	0.0141	0.0125	0.0016	0.0194	0.0095	0.0099	0.0000	0.0000	0.0000	0.0000	0.0000	0.0000	0.0000	0.0000	0.0000	0.0000	0.0000	0.0000	0.0000	0.0000	0.0000	0.0000	0.0000	0.0000			
20	57	0.1859	14	0	1	0	1	0	0	0	0	N	N	N	N	N	N	N	N	N	N	N	N	0.1343	0.1009	0.0000	0.1287	0.1336	0.0000	0.0000	0.0000	0.0001	0.0001	0.0000	0.0002	0.0002	0.0000	0.0000	0.0000	0.0000	0.0007	0.0011	0.0000	0.0016	0.0018	0.0000	0.0000	0.0000	0.0000	0.0000	0.0002	-0.0000	-0.0000	1.9984	0.0068	3.0609	3.2797	0.0000	0.0000	0.0000	0.0000	0.0000	0.0000	0.0000	0.0000	0.0000	0.0000	0.0000	0.0000	0.0000	0.0000	0.0000	0.0000	0.0000	0.0000	0.0002	0.0001	0.0000	0.0001	0.0001	0.0000	0.0001	0.0001	0.0000	0.0441	0.0283	0.0158	0.0183	0.0161	0.0022	0.0257	0.0121	0.0136	0.1343	0.1009	0.0000	0.1287	0.1336	0.0000	0.0000	0.0000	0.0000	0.0007	0.0011	0.0000	0.0016	0.0018	0.0000	0.0000	0.0000	0.0000	
20	58	0.1447	13	0	1	0	1	0	0	0	0	N	N	N	N	N	N	N	N	N	N	N	N	0.0000	0.0000	0.0027	0.0000	0.0000	0.0000	0.0000	0.0000	0.0042	0.0000	0.0000	0.0000	0.0000	0.0000	0.0000	0.0000	0.0000	0.0000	0.4403	0.6884	0.0001	1.0945	1.2572	0.0001	0.0023	0.0046	0.0001	inf	0.0001	0.0000	-0.0559	1.9984	5.8573	3.0609	13.1443	0.0000	0.0000	0.0000	0.0000	0.0000	0.0000	0.0000	0.0000	0.0000	0.1030	0.1029	0.0000	0.1026	0.1026	0.0000	0.0003	0.0003	0.0000	0.3402	0.2509	0.0893	0.1793	0.1457	0.0336	0.1609	0.1052	0.0557	0.2338	0.1496	0.0843	0.0938	0.0816	0.0121	0.1401	0.0679	0.0722	0.0000	0.0000	0.0027	0.0000	0.0000	0.0000	0.0000	0.0000	0.0042	0.4403	0.6884	0.0001	1.0945	1.2572	0.0001	0.0023	0.0046	0.0001
20	59	0.1106	9	0	2	1	0	0	0	0	0	N	Y	N	N	N	N	N	N	N	N	N	N	0.0000	0.0000	0.0000	0.0000	0.0000	0.0000	0.0000	0.0000	0.0000	0.0000	0.0000	0.0000	0.0000	0.0000	0.0000	0.0000	0.0000	0.0868	0.1251	0.0000	0.2594	0.2697	0.0000	0.0000	0.0000	0.0000	0.0000	0.0000	-0.0027	1.9984	0.9979	3.0609	4.0614	0.0000	0.0000	0.0000	0.0000	0.0000	0.0000	0.0000	0.0000	0.0000	0.0050	0.0050	0.0000	0.0050	0.0050	0.0000	0.0000	0.0000	0.0000	0.0195	0.0173	0.0022	0.0050	0.0048	0.0001	0.0146	0.0125	0.0021	0.0574	0.0398	0.0176	0.0192	0.0185	0.0007	0.0382	0.0213	0.0168	0.0000	0.0000	0.0000	0.0000	0.0000	0.0000	0.0000	0.0000	0.0000	0.0868	0.1251	0.0000	0.2594	0.2697	0.0000	0.0000	0.0000	0.0000		
20	60	0.1022	8	0	2	0	0	0	0	0	0	N	Y	N	N	N	N	N	N	N	N	N	N	0.0000	0.0000	0.0000	0.0000	0.0000	0.0000	0.0000	0.0000	0.0000	0.0000	0.0000	0.0000	0.0000	0.0000	0.0000	0.0000	0.0000	0.0000	0.1005	0.1411	0.0102	0.0068	0.0070	0.0002	0.1462	0.2545	0.0106	0.0325	0.0000	-0.0026	1.9984	2.2356	3.0609	2.2044	0.0000	0.0000	0.0000	0.0000	0.0000	0.0000	0.0000	0.0000	0.0000	0.0050	0.0049	0.0002	0.0001	0.0001	0.0000	0.0049	0.0048	0.0002	0.0448	0.0396	0.0051	0.0111	0.0108	0.0003	0.0337	0.0288	0.0049	0.0502	0.0346	0.0155	0.0164	0.0159	0.0006	0.0337	0.0188	0.0150	0.0000	0.0000	0.0000	0.0000	0.0000	0.0000	0.0000	0.0000	0.0000	0.1005	0.1411	0.0102	0.0068	0.0070	0.0002	0.1462	0.2545	0.0106	
20	61	0.0816	6	1	1	1	0	0	0	0	0	N	N	N	N	N	N	N	N	N	N	N	N	0.0000	0.0000	0.0000	0.0000	0.0000	0.0000	0.0000	0.0000	0.0000	0.0000	0.0000	0.0000	0.0000	0.0000	0.0000	0.0000	0.0000	0.1462	0.2243	0.0010	0.4625	0.4753	0.0000	0.0005	0.0000	0.0010	0.0024	0.0000	-0.0088	1.9984	2.0703	3.0609	7.0012	0.0000	0.0000	0.0000	0.0000	0.0000	0.0000	0.0000	0.0000	0.0000	0.0164	0.0163	0.0000	0.0163	0.0163	0.0000	0.0000	0.0000	0.0000	0.0425	0.0376	0.0049	0.0109	0.0106	0.0003	0.0316	0.0270	0.0046	0.1119	0.0728	0.0391	0.0353	0.0343	0.0009	0.0766	0.0384	0.0382	0.0000	0.0000	0.0000	0.0000	0.0000	0.0000	0.0000	0.0000	0.0000	0.1462	0.2243	0.0010	0.4625	0.4753	0.0000	0.0005	0.0000	0.0010		
20	62	0.0800	5	0	1	0	0	0	0	0	0	N	N	N	N	N	N	N	N	N	N	N	N	0.0000	0.0000	0.0000	0.0000	0.0000	0.0000	0.0000	0.0000	0.0000	0.0000	0.0000	0.0000	0.0000	0.0000	0.0000	0.0000	0.0000	0.0000	0.1569	0.2318	0.0207	0.0287	0.0295	0.0000	0.2178	0.4521	0.0212	0.0491	0.0000	-0.0010	1.9984	0.9285	3.0609	0.0280	0.0000	0.0000	0.0000	0.0000	0.0000	0.0000	0.0000	0.0000	0.0000	0.0020	0.0019	0.0001	0.0001	0.0001	0.0000	0.0019	0.0018	0.0001	0.0188	0.0166	0.0022	0.0047	0.0046	0.0001	0.0141	0.0121	0.0020	0.0127	0.0082	0.0045	0.0041	0.0040	0.0001	0.0086	0.0042	0.0044	0.0000	0.0000	0.0000	0.0000	0.0000	0.0000	0.0000	0.0000	0.0000	0.1569	0.2318	0.0207	0.0287	0.0295	0.0000	0.2178	0.4236	0.0212	
20	63	0.0818	6	1	2	0	0	0	0	0	0	N	Y	N	N	N	N	N	N	N	N	N	N	0.0000	0.0000	0.0000	0.0000	0.0000	0.0000	0.0000	0.0000	0.0000	0.0000	0.0000	0.0000	0.0000	0.0000	0.0000	0.0000	0.0000	0.0022	0.0033	0.0001	0.0067	0.0069	0.0000	0.0001	0.0000	0.0001	0.0137	0.0000	-0.0001	1.9984	1.0023	3.0609	3.0135	0.0000	0.0000	0.0000	0.0000	0.0000	0.0000	0.0000	0.0000	0.0000	0.0001	0.0001	0.0000	0.0001	0.0001	0.0000	0.0000	0.0000	0.0000	0.0228	0.0193	0.0036	0.0093	0.0077	0.0017	0.0135	0.0116	0.0019	0.0528	0.0347	0.0181	0.0170	0.0167	0.0004	0.0358	0.0181	0.0177	0.0000	0.0000	0.0000	0.0000	0.0000	0.0000	0.0000	0.0000	0.0000	0.0022	0.0033	0.0001	0.0067	0.0069	0.0000	0.0001	0.0000	0.0001		
20	64	0.0554	5	1	2	0	0	0	0	0	0	N	Y	N	N	N	N	N	N	N	N	N	N	0.0000	0.0000	0.0000	0.0000	0.0000	0.0000	0.0000	0.0000	0.0000	0.0000	0.0000	0.0000	0.0000	0.0000	0.0000	0.0000	0.0000	0.0000	0.0020	0.0026	0.0010	0.0051	0.0052	0.0004	0.0007	0.0004	0.0010	0.2168	0.0000	-0.0001	1.9984	3.0820	3.0609	9.3392	0.0000	0.0000	0.0000	0.0000	0.0000	0.0000	0.0000	0.0000	0.0000	0.0003	0.0003	0.0001	0.0002	0.0002	0.0000	0.0001	0.0000	0.0001	0.2032	0.1318	0.0714	0.0863	0.0835	0.0028	0.1169	0.0483	0.0686	0.1531	0.0984	0.0547	0.0457	0.0448	0.0009	0.1074	0.0536	0.0537	0.0000	0.0000	0.0000	0.0000	0.0000	0.0000	0.0000	0.0000	0.0000	0.0020	0.0026	0.0010	0.0051	0.0052	0.0004	0.0007	0.0004	0.0010	
20	65	0.1022	8	0	2	0	0	0	0	0	0	N	Y	N	N	N	N	N	N	N	N	N	N	0.0000	0.0000	0.0000	0.0000	0.0000	0.0000	0.0000	0.0000	0.0000	0.0000	0.0000	0.0000	0.0000	0.0000	0.0000	0.0000	0.0000	0.0000	0.0013	0.0019	0.0000	0.0042	0.0043	0.0000	0.0000	0.0000	0.0000	0.0007	0.0000	-0.0001	1.9984	1.7946	3.0609	5.9592	0.0000	0.0000	0.0000	0.0000	0.0000	0.0000	0.0000	0.0000	0.0000	0.0001	0.0001	0.0000	0.0001	0.0001	0.0000	0.0000	0.0000	0.0000	0.0364	0.0323	0.0042	0.0092	0.0089	0.0002	0.0273	0.0233	0.0039	0.0822	0.0560	0.0261	0.0262	0.0252	0.0010	0.0560	0.0308	0.0251	0.0000	0.0000	0.0000	0.0000	0.0000	0.0000	0.0000	0.0000	0.0000	0.0013	0.0019	0.0000	0.0042	0.0043	0.0000	0.0000	0.0000	0.0000	
20	66	0.0954	7	0	2	0	0	0	0	0	0	N	Y	N	N	N	N	N	N	N	N	N	N	0.0000	0.0000	0.0000	0.0000	0.0000	0.0000	0.0000	0.0000	0.0000	0.0000	0.0000	0.0000	0.0000	0.0000	0.0000	0.0000	0.0000	0.0000	0.0034	0.0048	0.0008	0.0026	0.0027	0.0004	0.0038	0.0070	0.0008	0.0845	0.0000	-0.0001	1.9984	1.3569	3.0609	2.0560	0.0000	0.0000	0.0000	0.0000	0.0000	0.0000	0.0000	0.0000	0.0000	0.0002	0.0001	0.0000	0.0000	0.0000	0.0000	0.0001	0.0001	0.0000	0.0296	0.0261	0.0036	0.0077	0.0075	0.0002	0.0220	0.0186	0.0034	0.0441	0.0290	0.0151	0.0153	0.0149	0.0004	0.0288	0.0141	0.0147	0.0000	0.0000	0.0000	0.0000	0.0000	0.0000	0.0000	0.0000	0.0000	0.0034	0.0048	0.0008	0.0026	0.0027	0.0004	0.0038	0.0070	0.0008	
20	67	0.0820	6	0	2	0	0	0	0	0	0	N	Y	N	N	N	N	N	N	N	N	N	N	0.0000	0.0000	0.0000	0.0000	0.0000	0.0000	0.0000	0.0000	0.0000	0.0000	0.0000	0.0000	0.0000	0.0000	0.0000	0.0000	0.0000	0.0000	0.0019	0.0005	0.0045	0.0003	0.0000	0.0097	0.0027	0.0010	0.0043	4.3429	-0.0000	0.0000	1.9984	4.9477	3.0609	2.0153	0.0000	0.0000	0.0000	0.0000	0.0000	0.0000	0.0000	0.0000	0.0000	0.0002	0.0000	0.0001	0.0000	0.0000	0.0000	0.0002	0.0000	0.0001	0.1004	0.0885	0.0119	0.0243	0.0234	0.0008	0.0762	0.0651	0.0111	0.0856	0.0567	0.0289	0.0293	0.0284	0.0010	0.0563	0.0284	0.0279	0.0000	0.0000	0.0000	0.0000	0.0000	0.0000	0.0000	0.0000	0.0000	0.0019	0.0005	0.0045	0.0003	0.0000	0.0097	0.0027	0.0010	0.0043	
20	68	0.1670	14	0	1	1	0	0	0	0	0	N	N	N	N	N	N	N	N	N	N	N	N	0.0000	0.0000	0.0000	0.0000	0.0000	0.0000	0.0000	0.0000	0.0000	0.0000	0.0000	0.0000	0.0000	0.0000	0.0000	0.0027	0.0042	0.0000	0.0065	0.0076	0.0000	0.0000	0.0000	0.0000	0.0000	0.0000	-0.0001	1.9984	0.0000	3.0609	4.0001	0.0000	0.0000	0.0000	0.0000	0.0000	0.0000	0.0000	0.0000	0.0000	0.0001	0.0001	0.0000	0.0001	0.0001	0.0000	0.0000	0.0000	0.0000	0.0000	0.0000	0.0000	0.0000	0.0000	0.0000	0.0000	0.0000	0.0000	0.0490	0.0312	0.0178	0.0199	0.0171	0.0028	0.0291	0.0141	0.0150	0.0000	0.0000	0.0000	0.0000	0.0000	0.0000	0.0000	0.0000	0.0000	0.0027	0.0042	0.0000	0.0065	0.0076	0.0000	0.0000	0.0000	0.0000				
20	69	0.1447	13	0	1	0	0	0	0	0	0	N	N	N	N	N	N	N	N	N	N	N	N	0.0000	0.0000	0.0000	0.0000	0.0000	0.0000	0.0000	0.0000	0.0000	0.0000	0.0000	0.0000	0.0000	0.0000	0.0000	0.0000	0.0000	0.0000	0.6476	1.0091	0.0001	1.5798	1.8089	0.0000	0.0002	0.0004	0.0001	0.0000	0.0000	-0.0558	1.9984	2.8240	3.0609	8.9883	0.0000	0.0000	0.0000	0.0000	0.0000	0.0000	0.0000	0.0000	0.0000	0.1027	0.1027	0.0000	0.1027	0.1027	0.0000	0.0000	0.0000	0.0000	0.2938	0.2079	0.0860	0.1710	0.1367	0.0343	0.1228	0.0712	0.0517	0.1586	0.1018	0.0568	0.0650	0.0568	0.0082	0.0936	0.0450	0.0486	0.0000	0.0000	0.0000	0.0000	0.0000	0.0000	0.0000	0.0000	0.0000	0.6476	1.0091	0.0001	1.5798	1.8089	0.0000	0.0002	0.0004	0.0001	
20	70	0.1358	12	0	1	0	0	0	0	0	0	N	N	N	N	N	N	N	N	N	N	N	N	0.0000	0.0000	0.0000	0.0000	0.0000	0.0000	0.0000	0.0000	0.0000	0.0000	0.0000	0.0000	0.0000	0.0000	0.0000	0.0000	0.0000	0.0000	7.0174	10.4010	0.0090	14.3395	16.5756	0.0237	0.7561	1.4730	0.0056	0.0004	0.0000	-0.3341	1.9984	1.4521	3.0609	3.5882	0.0000	0.0000	0.0000	0.0000	0.0000	0.0000	0.0000	0.0000	0.0000	0.6158	0.6156	0.0003	0.5800	0.5799	0.0001	0.0358	0.0356	0.0001	0.0302	0.0265	0.0037	0.0081	0.0078	0.0003	0.0221	0.0187	0.0034	0.0878	0.0592	0.0286	0.0405	0.0350	0.0055	0.0473	0.0242	0.0231	0.0000	0.0000	0.0000	0.0000	0.0000	0.0000	0.0000	0.0000	0.0000	7.0174	10.4010	0.0090	14.3395	16.5756	0.0237	0.7561	1.4730	0.0056	
20	71	0.1330	11	0	1	0	0	0	0	0	0	N	N	N	N	N	N	N	N	N	N	N	N	0.0000	0.0000	0.0000	0.0000	0.0000	0.0000	0.0000	0.0000	0.0000	0.0000	0.0000	0.0000	0.0000	0.0000	0.0000	0.0000	0.0000	0.0000	7.4324	10.6728	0.0007	9.7252	11.2364	0.0016	5.3772	9.7440	0.0003	0.0000	0.0000	-0.2226	1.9984	1.1783	3.0609	0.9542	0.0000	0.0000	0.0000	0.0000	0.0000	0.0000	0.0000	0.0000	0.0000	0.4100	0.4100	0.0000	0.2687	0.2687	0.0000	0.1414	0.1414	0.0000	0.0268	0.0236	0.0032	0.0073	0.0072	0.0002	0.0194	0.0165	0.0030	0.0552	0.0384	0.0168	0.0289	0.0239	0.0050	0.0263	0.0145	0.0118	0.0000	0.0000	0.0000	0.0000	0.0000	0.0000	0.0000	0.0000	0.0000	7.4324	10.6728	0.0007	9.3033	11.2364	0.0016	5.3772	9.7440	0.0003	
20	72	0.1285	10	0	1	0	0	0	0	0	0	N	N	N	N	N	N	N	N	N	N	N	N	0.0000	0.0000	0.0000	0.0000	0.0000	0.0000	0.0000	0.0000	0.0000	0.0000	0.0000	0.0000	0.0000	0.0000	0.0000	0.0000	0.0000	0.0000	4.6104	6.7999	0.0005	5.6358	6.1952	0.0014	4.1562	7.8362	0.0002	0.0000	0.0000	-0.1752	1.9984	2.0762	3.0609	1.4610	0.0000	0.0000	0.0000	0.0000	0.0000	0.0000	0.0000	0.0000	0.0000	0.3227	0.3227	0.0000	0.1753	0.1753	0.0000	0.1474	0.1474	0.0000	0.0422	0.0372	0.0050	0.0099	0.0096	0.0002	0.0324	0.0276	0.0048	0.0700	0.0475	0.0225	0.0345	0.0286	0.0059	0.0355	0.0188	0.0167	0.0000	0.0000	0.0000	0.0000	0.0000	0.0000	0.0000	0.0000	0.0000	4.6104	6.7999	0.0005	5.0769	6.1193	0.0014	4.1562	7.8362	0.0002	
20	73	0.0642	6	0	1	0	0	0	0	0	0	N	N	N	N	N	N	N	N	N	N	N	N	0.0000	0.0000	0.0000	0.0000	0.0000	0.0000	0.0000	0.0000	0.0000	0.0000	0.0000	0.0000	0.0000	0.0000	0.0000	0.0000	0.0000	0.0000	0.0020	0.0026	0.0009	0.0054	0.0055	0.0000	0.0005	0.0000	0.0009	0.1877	0.0000	-0.0002	1.9984	4.0673	3.0609	17.8409	0.0000	0.0000	0.0000	0.0000	0.0000	0.0000	0.0000	0.0000	0.0000	0.0005	0.0004	0.0001	0.0004	0.0004	0.0000	0.0001	0.0000	0.0001	0.2196	0.1464	0.0732	0.0881	0.0859	0.0022	0.1315	0.0605	0.0711	0.2594	0.1657	0.0937	0.0801	0.0782	0.0019	0.1793	0.0875	0.0918	0.0000	0.0000	0.0000	0.0000	0.0000	0.0000	0.0000	0.0000	0.0000	0.0020	0.0026	0.0009	0.0054	0.0055	0.0000	0.0005	0.0000	0.0009	
20	75	0.2009	10	0	1	0	0	0	0	0	0	N	N	N	N	N	N	N	N	N	N	N	N	0.0021	0.2096	0.0000	0.0276	0.2586	0.0000	0.0000	0.0000	0.0000	0.0009	0.0011	0.0000	0.0019	0.0021	0.0000	0.0000	0.0000	0.0000	0.4054	0.0053	1.2854	0.0697	0.0081	0.3576	0.8431	0.0000	1.8334	0.0001	109.6016	-0.0001	0.1906	1.9984	3.5843	3.0609	46.7516	0.0001	0.0001	0.0000	0.0001	0.0001	0.0000	0.0000	0.0000	0.0000	0.4255	0.0038	0.4217	0.0414	0.0038	0.0375	0.3842	0.0000	0.3842	0.1740	0.1340	0.0399	0.0780	0.0716	0.0064	0.0960	0.0624	0.0336	1.0495	0.7215	0.3281	0.5939	0.4754	0.1185	0.4556	0.2461	0.2095	0.0021	0.2096	0.0000	0.0276	0.2586	0.0000	0.0000	0.0000	0.0000	0.4054	0.0053	1.2854	0.0697	0.0081	0.3166	0.8431	0.0000	1.8334
20	76	0.1089	8	1	2	1	0	0	0	0	0	N	Y	N	N	N	N	N	N	N	N	N	N	0.0000	0.0000	0.0000	0.0000	0.0000	0.0000	0.0000	0.0000	0.0000	0.0000	0.0000	0.0000	0.0000	0.0000	0.0000	0.0000	0.0000	0.0000	0.0000	0.0000	1.9984	1.0003	3.0609	1.0071	0.0000	0.0000	0.0000	0.0000	0.0000	0.0000	0.0000	0.0000	0.0000	0.0000	0.0000	0.0000	0.0000	0.0000	0.0000	0.0000	0.0000	0.0000	0.0195	0.0173	0.0022	0.0053	0.0052	0.0001	0.0142	0.0121	0.0021	0.0250	0.0166	0.0084	0.0092	0.0089	0.0004	0.0158	0.0077	0.0081	0.0000	0.0000	0.0000	0.0000	0.0000	0.0000	0.0000	0.0000	0.0000	0.0000	0.0000	0.0000	0.0000	0.0000	0.0000	0.0000	0.0000	0.0000											
20	77	0.1021	7	1	1	1	0	0	0	0	0	N	N	N	N	N	N	N	N	N	N	N	N	0.0000	0.0000	0.0000	0.0000	0.0000	0.0000	0.0000	0.0000	0.0000	0.0000	0.0000	0.0000	0.0000	0.0000	0.0000	0.0000	0.0008	0.0010	0.0000	0.0018	0.0018	0.0000	0.0000	0.0000	0.0000	0.0000	0.0000	-0.0000	1.9984	0.9901	3.0609	2.2068	0.0000	0.0000	0.0000	0.0000	0.0000	0.0000	0.0000	0.0000	0.0000	0.0001	0.0001	0.0000	0.0001	0.0001	0.0000	0.0000	0.0000	0.0000	0.0195	0.0173	0.0022	0.0053	0.0052	0.0001	0.0142	0.0121	0.0021	0.0790	0.0577	0.0213	0.0335	0.0329	0.0006	0.0455	0.0248	0.0207	0.0000	0.0000	0.0000	0.0000	0.0000	0.0000	0.0000	0.0000	0.0000	0.0008	0.0010	0.0000	0.0018	0.0018	0.0000	0.0000	0.0000	0.0000			
20	78	0.0818	7	0	2	0	0	0	0	0	0	N	Y	N	N	N	N	N	N	N	N	N	N	0.9931	0.0000	579.0560	0.0000	0.0000	0.0000	1.0663	0.0000	616.8984	2.6298	0.0000	9.1656	0.0000	0.0000	0.0000	4.4474	0.0000	10.0258	2.6480	4.1869	0.0158	0.0072	0.0074	0.0010	4.1706	9.5787	0.0163	inf	0.0022	0.6182	-0.5326	1.9984	8.4371	3.0609	15.3349	0.9987	0.0000	0.9987	0.0000	0.0000	0.0000	0.9987	0.0000	0.9987	0.9848	0.9827	0.0022	0.0010	0.0010	0.0000	0.9839	0.9817	0.0022	0.3798	0.2708	0.1090	0.1552	0.1459	0.0094	0.2246	0.1250	0.0996	0.3719	0.2347	0.1372	0.1360	0.1322	0.0038	0.2359	0.1025	0.1334	0.9931	0.0000	579.0560	0.0000	0.0000	0.0000	1.0663	0.0000	616.8984	2.6480	4.1869	0.0158	0.0072	0.0074	0.0010	4.1706	9.5787	0.0163
20	79	0.1021	7	1	1	1	0	0	0	0	0	N	N	N	N	N	N	N	N	N	N	N	N	0.0000	0.0000	0.0000	0.0000	0.0000	0.0000	0.0000	0.0000	0.0000	0.0000	0.0000	0.0000	0.0000	0.0000	0.0000	0.0000	0.0000	6.9340	0.0001	34.7184	0.0049	0.0002	0.1802	11.2854	0.0000	32.6916	99152.1065	0.0000	0.4527	1.9984	3.0096	3.0609	5.7427	0.0000	0.0000	0.0000	0.0000	0.0000	0.0000	0.0000	0.0000	0.0000	0.9904	0.0000	0.9904	0.0003	0.0000	0.0003	0.9902	0.0000	0.9902	0.0583	0.0517	0.0066	0.0157	0.0153	0.0004	0.0426	0.0364	0.0062	0.1428	0.0995	0.0433	0.0551	0.0537	0.0014	0.0877	0.0459	0.0419	0.0000	0.0000	0.0000	0.0000	0.0000	0.0000	0.0000	0.0000	0.0000	6.9340	0.0001	22.8629	0.0049	0.0002	0.1802	11.2854	0.0000	23.6446		
20	80	0.0865	6	1	1	1	0	0	0	0	0	N	N	N	N	N	N	N	N	N	N	N	N	0.0000	0.0000	0.0000	0.0000	0.0000	0.0000	0.0000	0.0000	0.0000	0.0000	0.0000	0.0000	0.0000	0.0000	0.0000	0.0000	0.0000	0.0000	0.4213	0.6444	0.0029	1.1926	1.2412	0.0001	0.0015	0.0000	0.0030	0.0024	0.0000	-0.0230	1.9984	1.0477	3.0609	6.1154	0.0000	0.0000	0.0000	0.0000	0.0000	0.0000	0.0000	0.0000	0.0000	0.0425	0.0424	0.0001	0.0424	0.0424	0.0000	0.0001	0.0000	0.0001	0.0224	0.0199	0.0024	0.0064	0.0063	0.0001	0.0159	0.0136	0.0023	0.1008	0.0658	0.0351	0.0355	0.0341	0.0014	0.0653	0.0316	0.0337	0.0000	0.0000	0.0000	0.0000	0.0000	0.0000	0.0000	0.0000	0.0000	0.4213	0.6444	0.0029	1.1926	1.2412	0.0001	0.0015	0.0000	0.0030	
20	81	0.0800	5	0	1	0	0	0	0	0	0	N	N	N	N	N	N	N	N	N	N	N	N	0.0000	0.0000	0.0000	0.0000	0.0000	0.0000	0.0000	0.0000	0.0000	0.0000	0.0000	0.0000	0.0000	0.0000	0.0000	0.0000	0.0000	0.0000	0.0335	0.0480	0.0068	0.0949	0.0974	0.0001	0.0050	0.0030	0.0070	0.0774	0.0000	-0.0006	1.9984	1.9794	3.0609	1.0196	0.0000	0.0000	0.0000	0.0000	0.0000	0.0000	0.0000	0.0000	0.0000	0.0013	0.0012	0.0001	0.0012	0.0012	0.0000	0.0001	0.0000	0.0001	0.0395	0.0349	0.0046	0.0097	0.0095	0.0002	0.0298	0.0254	0.0043	0.0383	0.0248	0.0135	0.0121	0.0118	0.0003	0.0262	0.0130	0.0132	0.0000	0.0000	0.0000	0.0000	0.0000	0.0000	0.0000	0.0000	0.0000	0.0335	0.0480	0.0068	0.0949	0.0974	0.0001	0.0050	0.0030	0.0070	
20	82	0.0779	4	0	1	0	0	0	0	0	0	N	N	N	N	N	N	N	N	N	N	N	N	0.0000	0.0000	0.0001	0.0000	0.0000	0.0000	0.0000	0.0001	0.0000	0.0000	0.0000	0.0000	0.0000	0.0000	0.0000	0.0000	0.0000	0.0213	0.0203	0.0230	0.0273	0.0280	0.0000	0.0184	0.0130	0.0235	inf	0.6277	0.0000	-0.0000	1.9984	1.0114	3.0609	0.0202	0.0000	0.0000	0.0000	0.0000	0.0000	0.0000	0.0000	0.0000	0.0000	0.0003	0.0002	0.0001	0.0001	0.0001	0.0000	0.0002	0.0001	0.0001	0.0203	0.0179	0.0024	0.0048	0.0046	0.0001	0.0156	0.0133	0.0023	0.0139	0.0090	0.0050	0.0045	0.0044	0.0001	0.0094	0.0046	0.0049	0.0000	0.0000	0.0001	0.0000	0.0000	0.0000	0.0000	0.0000	0.0001	0.0213	0.0203	0.0230	0.0273	0.0280	0.0000	0.0184	0.0130	0.0235	
20	83	0.0573	3	0	1	0	0	0	0	0	0	N	N	N	N	N	N	N	N	N	N	N	N	0.0001	0.0000	0.0004	0.0000	0.0000	0.0000	0.0001	0.0000	0.0004	0.0000	0.0000	0.0000	0.0000	0.0000	0.0000	0.0000	0.0000	0.0000	0.0050	0.0031	0.0084	0.0054	0.0055	0.0000	0.0049	0.0009	0.0086	7.5550	1.5062	0.0000	0.0000	1.9984	5.9223	3.0609	3.6882	0.0000	0.0000	0.0000	0.0000	0.0000	0.0000	0.0000	0.0000	0.0000	0.0006	0.0003	0.0004	0.0002	0.0002	0.0000	0.0004	0.0000	0.0004	0.1295	0.1141	0.0154	0.0323	0.0315	0.0008	0.0972	0.0826	0.0146	0.1273	0.0817	0.0456	0.0401	0.0392	0.0010	0.0871	0.0425	0.0446	0.0001	0.0000	0.0004	0.0000	0.0000	0.0000	0.0001	0.0000	0.0004	0.0050	0.0031	0.0084	0.0054	0.0055	0.0000	0.0049	0.0009	0.0086
20	84	0.1016	9	0	2	0	0	0	0	0	0	N	Y	N	N	N	N	N	N	N	N	N	N	972.7516	0.0000	1022391.1363	0.0000	0.0000	0.0000	355428.4560	0.0000	1044812.2080	6.1611	0.0000	41.3851	0.0000	0.0000	0.0000	8.3805	0.0000	44.0050	0.0063	0.0099	0.0000	0.0172	0.0179	0.0000	0.0000	0.0000	0.0000	inf	0.0023	0.6182	-0.0017	1.9984	7.1084	3.0609	28.8937	0.9989	0.0000	0.9989	0.0000	0.0000	0.0000	0.9989	0.0000	0.9989	0.0032	0.0032	0.0000	0.0032	0.0032	0.0000	0.0000	0.0000	0.0000	0.1621	0.1380	0.0241	0.0429	0.0415	0.0014	0.1192	0.0965	0.0227	0.5018	0.3189	0.1828	0.1843	0.1768	0.0075	0.3174	0.1421	0.1753	972.7516	0.0000	1022391.1363	0.0000	0.0000	0.0000	355428.4560	0.0000	1044812.2080	0.0063	0.0099	0.0000	0.0172	0.0179	0.0000	0.0000	0.0000	0.0000
20	85	0.0942	8	0	2	0	0	0	0	0	0	N	Y	N	N	N	N	N	N	N	N	N	N	0.1992	0.0843	0.8514	0.0979	0.0981	0.0000	0.4523	0.0000	0.8613	0.0039	0.0023	0.0069	0.0031	0.0032	0.0000	0.0047	0.0000	0.0072	0.0198	0.0272	0.0081	0.0318	0.0328	0.0010	0.0104	0.0145	0.0084	1.6778	0.1892	0.0002	-0.0015	1.9984	2.2208	3.0609	3.9129	0.0008	0.0003	0.0005	0.0003	0.0003	0.0000	0.0005	0.0000	0.0005	0.0038	0.0032	0.0006	0.0027	0.0027	0.0000	0.0011	0.0005	0.0006	0.2102	0.1348	0.0754	0.0995	0.0963	0.0032	0.1108	0.0385	0.0722	0.1926	0.1177	0.0749	0.0848	0.0821	0.0026	0.1079	0.0356	0.0723	0.1992	0.0843	0.8514	0.0979	0.0981	0.0000	0.4523	0.0000	0.8613	0.0198	0.0272	0.0081	0.0318	0.0328	0.0010	0.0104	0.0145	0.0084
20	86	0.1697	10	0	1	1	0	0	0	0	0	N	N	N	N	N	N	N	N	N	N	N	N	1696.4879	2180.0974	0.0000	0.4879	0.4405	0.0000	3040.9580	16096071.8019	0.0000	7.9976	9.2315	0.0000	0.0028	0.0030	0.0000	11.1219	13.2643	0.0000	0.0047	0.0042	0.0057	0.0058	0.0069	0.0000	0.0037	0.0000	0.0073	0.0000	0.6668	-0.3800	-0.0002	1.9984	5.3425	3.0609	7.0749	0.9972	0.9972	0.0000	0.0001	0.0001	0.0000	0.9971	0.9971	0.0000	0.0011	0.0007	0.0004	0.0007	0.0007	0.0000	0.0004	0.0000	0.0004	0.1247	0.1080	0.0167	0.0350	0.0328	0.0022	0.0897	0.0752	0.0145	0.2385	0.1593	0.0792	0.1155	0.0978	0.0177	0.1230	0.0615	0.0615	1696.4879	2180.0974	0.0000	0.4879	0.4405	0.0000	3040.9580	16096071.8019	0.0000	0.0047	0.0042	0.0057	0.0058	0.0069	0.0000	0.0037	0.0000	0.0073
20	87	0.1265	9	0	1	0	0	0	0	0	0	N	N	N	N	N	N	N	N	N	N	N	N	0.0160	0.0510	0.0003	0.0000	0.0000	0.0000	0.0208	3.2187	0.0002	0.0033	0.0044	0.0001	0.0000	0.0000	0.0000	0.0054	0.0095	0.0001	0.2028	0.0871	0.4250	0.1288	0.1427	0.0013	0.2608	0.0029	0.4862	0.0098	2.5393	-0.0004	0.0138	1.9984	7.0719	3.0609	13.7350	0.0010	0.0010	0.0000	0.0000	0.0000	0.0000	0.0010	0.0010	0.0000	0.0794	0.0224	0.0569	0.0221	0.0221	0.0000	0.0572	0.0003	0.0569	0.3160	0.2289	0.0871	0.1264	0.1215	0.0049	0.1896	0.1074	0.0823	0.3913	0.2573	0.1340	0.1719	0.1550	0.0169	0.2194	0.1024	0.1171	0.0160	0.0510	0.0003	0.0000	0.0000	0.0000	0.0208	3.2187	0.0002	0.2028	0.0871	0.4250	0.1288	0.1427	0.0013	0.2608	0.0029	0.4862
20	88	0.1125	9	1	1	1	0	0	0	0	0	N	N	N	N	N	N	N	N	N	N	N	N	0.0000	0.0000	0.0000	0.0000	0.0000	0.0000	0.0000	0.0000	0.0000	0.0000	0.0000	0.0000	0.0000	0.0000	0.0000	0.0000	0.0000	0.0000	0.0000	0.0000	1.9984	0.0000	3.0609	0.0000	0.0000	0.0000	0.0000	0.0000	0.0000	0.0000	0.0000	0.0000	0.0000	0.0000	0.0000	0.0000	0.0000	0.0000	0.0000	0.0000	0.0000	0.0000	0.0000	0.0000	0.0000	0.0000	0.0000	0.0000	0.0000	0.0000	0.0000	0.0000	0.0000	0.0000	0.0000	0.0000	0.0000	0.0000	0.0000	0.0000	0.0000	0.0000	0.0000	0.0000	0.0000	0.0000	0.0000	0.0000	0.0000	0.0000	0.0000	0.0000	0.0000	0.0000	0.0000	0.0000	0.0000	0.0000											
20	89	0.1105	8	1	1	1	0	0	0	0	0	N	N	N	N	N	N	N	N	N	N	N	N	0.0000	0.0000	0.0000	0.0000	0.0000	0.0000	0.0000	0.0000	0.0000	0.0000	0.0000	0.0000	0.0000	0.0000	0.0000	0.0075	0.0000	0.0236	0.0015	0.0000	0.0664	0.0112	0.0000	0.0224	inf	0.0000	0.0001	1.9984	0.0001	3.0609	0.9161	0.0000	0.0000	0.0000	0.0000	0.0000	0.0000	0.0000	0.0000	0.0000	0.0001	0.0000	0.0001	0.0000	0.0000	0.0000	0.0001	0.0000	0.0001	0.0000	0.0000	0.0000	0.0000	0.0000	0.0000	0.0000	0.0000	0.0000	0.0161	0.0110	0.0051	0.0062	0.0061	0.0001	0.0098	0.0049	0.0049	0.0000	0.0000	0.0000	0.0000	0.0000	0.0000	0.0000	0.0000	0.0000	0.0075	0.0000	0.0236	0.0015	0.0000	0.0664	0.0112	0.0000	0.0224				
20	90	0.0857	7	1	1	1	0	0	0	0	0	N	N	N	N	N	N	N	N	N	N	N	N	0.1585	0.0000	0.7451	0.0000	0.0000	0.0000	0.2275	0.0000	0.7887	0.0001	0.0000	0.0011	0.0000	0.0000	0.0000	0.0002	0.0000	0.0012	0.0008	0.0005	0.0015	0.0009	0.0009	0.0006	0.0008	0.0000	0.0015	inf	1.6844	0.0000	0.0000	1.9984	3.7876	3.0609	7.8440	0.0000	0.0000	0.0000	0.0000	0.0000	0.0000	0.0000	0.0000	0.0000	0.0001	0.0000	0.0001	0.0000	0.0000	0.0000	0.0001	0.0000	0.0001	0.0779	0.0691	0.0089	0.0205	0.0198	0.0007	0.0574	0.0492	0.0082	0.1413	0.0939	0.0474	0.0487	0.0471	0.0016	0.0927	0.0468	0.0459	0.1585	0.0000	0.7451	0.0000	0.0000	0.0000	0.2275	0.0000	0.7887	0.0008	0.0005	0.0015	0.0009	0.0009	0.0006	0.0008	0.0000	0.0015
20	91	0.0747	7	0	2	0	1	0	0	0	0	N	Y	N	N	N	N	N	N	N	N	N	N	0.0000	0.0000	0.0000	0.0012	0.0012	0.0000	0.0000	0.0000	0.0000	0.0001	0.0001	0.0000	0.0001	0.0001	0.0000	0.0000	0.0000	0.0000	3.2060	5.2090	0.0000	0.1013	0.1036	0.0001	5.0344	12.5260	0.0000	0.0000	0.0000	-0.0000	-0.5327	1.9984	1.8247	3.0609	16.3284	0.0000	0.0000	0.0000	0.0000	0.0000	0.0000	0.0000	0.0000	0.0000	0.9811	0.9811	0.0000	0.0115	0.0115	0.0000	0.9696	0.9696	0.0000	0.1807	0.1103	0.0705	0.0816	0.0796	0.0020	0.0991	0.0307	0.0685	0.3060	0.1883	0.1177	0.1134	0.1109	0.0025	0.1926	0.0774	0.1152	0.0000	0.0000	0.0000	0.0012	0.0012	0.0000	0.0000	0.0000	0.0000	3.2060	5.2090	0.0000	0.1013	0.1036	0.0001	5.0344	12.5260	0.0000
20	92	0.0642	6	0	2	0	0	0	0	0	0	N	Y	N	N	N	N	N	N	N	N	N	N	0.0000	0.0000	0.0000	0.0000	0.0000	0.0000	0.0000	0.0000	0.0000	0.0000	0.0000	0.0000	0.0000	0.0000	0.0000	0.0000	0.0000	0.0000	0.0014	0.0004	0.0032	0.0009	0.0009	0.0000	0.0017	0.0000	0.0033	4.2201	0.0000	0.0001	1.9984	9.1310	3.0609	16.1726	0.0000	0.0000	0.0000	0.0000	0.0000	0.0000	0.0000	0.0000	0.0000	0.0004	0.0001	0.0003	0.0001	0.0001	0.0000	0.0003	0.0000	0.0003	0.3046	0.2249	0.0797	0.1024	0.0999	0.0026	0.2022	0.1251	0.0772	0.2934	0.1877	0.1058	0.0902	0.0881	0.0021	0.2032	0.0996	0.1036	0.0000	0.0000	0.0000	0.0000	0.0000	0.0000	0.0000	0.0000	0.0000	0.0014	0.0004	0.0032	0.0009	0.0009	0.0000	0.0017	0.0000	0.0033	
20	93	0.1492	12	0	2	0	0	0	0	0	0	N	Y	N	N	N	N	N	N	N	N	N	N	0.0000	0.0000	165.7137	0.0000	0.0000	0.0000	0.0000	0.0000	171.5810	0.0000	0.0000	0.0001	0.0000	0.0000	0.0000	0.0000	0.0000	0.0001	0.7316	1.1108	0.0000	0.0076	0.0088	0.0000	1.3146	2.6559	0.0000	inf	0.0000	0.0000	-0.0696	1.9984	4.0959	3.0609	8.7137	0.0000	0.0000	0.0000	0.0000	0.0000	0.0000	0.0000	0.0000	0.0000	0.1282	0.1282	0.0000	0.0006	0.0006	0.0000	0.1276	0.1276	0.0000	0.0845	0.0744	0.0102	0.0185	0.0181	0.0004	0.0660	0.0562	0.0098	0.1752	0.1154	0.0598	0.0781	0.0673	0.0108	0.0970	0.0480	0.0490	0.0000	0.0000	165.7137	0.0000	0.0000	0.0000	0.0000	0.0000	171.5810	0.7316	1.1108	0.0000	0.0076	0.0088	0.0000	1.3146	2.6559	0.0000
20	94	0.1309	11	0	2	0	0	0	0	0	0	N	Y	N	N	N	N	N	N	N	N	N	N	0.0077	0.0000	66.0986	0.0000	0.0000	0.0000	0.0153	0.0000	424.3558	0.0123	0.0000	0.1006	0.0000	0.0000	0.0000	0.0164	0.0000	0.1052	1.5945	2.4441	0.0015	2.2716	2.6280	0.0077	1.0732	2.1939	0.0002	inf	0.0003	0.0005	-0.1029	1.9984	2.9443	3.0609	6.1524	0.0008	0.0000	0.0008	0.0000	0.0000	0.0000	0.0008	0.0000	0.0008	0.1896	0.1896	0.0001	0.1175	0.1175	0.0001	0.0721	0.0721	0.0000	0.0634	0.0557	0.0077	0.0160	0.0156	0.0003	0.0475	0.0401	0.0074	0.1189	0.0776	0.0414	0.0517	0.0447	0.0070	0.0672	0.0329	0.0343	0.0077	0.0000	66.0986	0.0000	0.0000	0.0000	0.0153	0.0000	424.3558	1.5945	2.4441	0.0015	2.2716	2.6280	0.0077	1.0732	2.1939	0.0002
20	95	0.1285	10	0	1	0	0	0	0	0	0	N	N	N	N	N	N	N	N	N	N	N	N	0.0000	0.0000	0.0000	0.0000	0.0000	0.0000	0.0000	0.0000	0.0000	0.0000	0.0000	0.0000	0.0000	0.0000	0.0000	0.0000	0.0000	0.0000	4.5450	6.5667	0.0000	2.4263	2.9556	0.0000	6.8593	12.4387	0.0000	0.0000	0.0000	-0.1302	1.9984	0.8596	3.0609	1.2300	0.0000	0.0000	0.0000	0.0000	0.0000	0.0000	0.0000	0.0000	0.0000	0.2397	0.2397	0.0000	0.0668	0.0668	0.0000	0.1729	0.1729	0.0000	0.0184	0.0162	0.0022	0.0045	0.0044	0.0001	0.0139	0.0118	0.0021	0.0527	0.0365	0.0162	0.0275	0.0226	0.0049	0.0252	0.0139	0.0113	0.0000	0.0000	0.0000	0.0000	0.0000	0.0000	0.0000	0.0000	0.0000	4.5450	6.5667	0.0000	2.4263	2.9556	0.0000	6.8593	12.4387	0.0000	
20	96	0.1166	9	0	1	0	0	0	0	0	0	N	N	N	N	N	N	N	N	N	N	N	N	0.0000	0.0000	0.0000	0.0000	0.0000	0.0000	0.0000	0.0000	0.0000	0.0000	0.0000	0.0000	0.0000	0.0000	0.0000	0.0000	0.0000	0.0000	1.1877	1.7082	0.0000	0.6652	0.8883	0.0000	2.0316	3.3384	0.0000	0.0000	0.0000	-0.2051	1.9984	3.7737	3.0609	2.5241	0.0000	0.0000	0.0000	0.0000	0.0000	0.0000	0.0000	0.0000	0.0000	0.3778	0.3778	0.0000	0.1307	0.1307	0.0000	0.2471	0.2471	0.0000	0.0967	0.0858	0.0108	0.0280	0.0271	0.0009	0.0687	0.0588	0.0099	0.3181	0.2212	0.0969	0.1965	0.1471	0.0493	0.1216	0.0740	0.0476	0.0000	0.0000	0.0000	0.0000	0.0000	0.0000	0.0000	0.0000	0.0000	1.1877	1.7082	0.0000	0.6652	0.8883	0.0000	2.0316	3.3384	0.0000	
20	97	0.0958	8	0	1	0	0	0	0	0	0	N	N	N	N	N	N	N	N	N	N	N	N	0.0000	0.0000	0.0000	0.0000	0.0000	0.0000	0.0000	0.0000	0.0000	0.0000	0.0000	0.0000	0.0000	0.0000	0.0000	0.0000	0.0000	0.0000	4.5537	6.8301	0.0006	0.2010	0.2100	0.0003	6.9228	13.6076	0.0006	0.0000	0.0000	-0.3675	1.9984	6.4922	3.0609	4.5502	0.0000	0.0000	0.0000	0.0000	0.0000	0.0000	0.0000	0.0000	0.0000	0.6769	0.6769	0.0000	0.0105	0.0105	0.0000	0.6664	0.6663	0.0000	0.1346	0.1174	0.0172	0.0314	0.0299	0.0015	0.1033	0.0875	0.0157	0.1487	0.0991	0.0495	0.0524	0.0501	0.0023	0.0963	0.0490	0.0473	0.0000	0.0000	0.0000	0.0000	0.0000	0.0000	0.0000	0.0000	0.0000	4.5537	6.8301	0.0006	0.2010	0.2100	0.0003	6.9228	13.6076	0.0006	
20	98	0.0857	7	0	2	0	0	0	0	0	0	N	Y	N	N	N	N	N	N	N	N	N	N	0.0000	0.0007	0.0000	0.0007	0.0010	0.0000	0.0000	0.0000	0.0000	0.0000	0.0000	0.0000	0.0000	0.0000	0.0000	0.0000	0.0000	0.0000	0.0160	0.0003	0.0471	0.0010	0.0007	0.0111	0.0239	0.0000	0.0483	0.0000	68.7879	-0.0000	0.0011	1.9984	1.3608	3.0609	12.1483	0.0000	0.0000	0.0000	0.0000	0.0000	0.0000	0.0000	0.0000	0.0000	0.0026	0.0000	0.0026	0.0001	0.0000	0.0000	0.0025	0.0000	0.0025	0.0313	0.0279	0.0034	0.0102	0.0098	0.0004	0.0211	0.0181	0.0030	0.1615	0.1072	0.0543	0.0554	0.0536	0.0018	0.1061	0.0536	0.0525	0.0000	0.0007	0.0000	0.0007	0.0010	0.0000	0.0000	0.0000	0.0000	0.0160	0.0003	0.0471	0.0010	0.0007	0.0111	0.0239	0.0000	0.0483
20	99	0.0820	6	0	1	0	0	0	0	0	0	N	N	N	N	N	N	N	N	N	N	N	N	0.0001	0.0000	0.0007	0.0000	0.0000	0.0000	0.0001	0.0000	0.0008	0.0000	0.0000	0.0000	0.0000	0.0000	0.0000	0.0000	0.0000	0.0000	0.0016	0.0013	0.0022	0.0007	0.0007	0.0017	0.0021	0.0020	0.0022	inf	0.8261	0.0000	-0.0000	1.9984	1.5300	3.0609	0.7696	0.0000	0.0000	0.0000	0.0000	0.0000	0.0000	0.0000	0.0000	0.0000	0.0000	0.0000	0.0000	0.0000	0.0000	0.0000	0.0000	0.0000	0.0000	0.0354	0.0311	0.0044	0.0100	0.0095	0.0005	0.0254	0.0215	0.0039	0.0316	0.0212	0.0105	0.0113	0.0110	0.0003	0.0203	0.0102	0.0101	0.0001	0.0000	0.0007	0.0000	0.0000	0.0000	0.0001	0.0000	0.0008	0.0016	0.0013	0.0022	0.0007	0.0007	0.0017	0.0021	0.0020	0.0022
20	100	0.0732	5	0	1	0	0	0	0	0	0	N	N	N	N	N	N	N	N	N	N	N	N	0.0000	0.0000	0.0000	0.0000	0.0000	0.0000	0.0000	0.0000	0.0000	0.0000	0.0000	0.0000	0.0000	0.0000	0.0000	0.0000	0.0000	0.0000	0.0001	0.0000	0.0003	0.0001	0.0001	0.0008	0.0002	0.0000	0.0003	6.5557	0.0000	0.0000	1.9984	3.6906	3.0609	1.4800	0.0000	0.0000	0.0000	0.0000	0.0000	0.0000	0.0000	0.0000	0.0000	0.0000	0.0000	0.0000	0.0000	0.0000	0.0000	0.0000	0.0000	0.0000	0.0733	0.0647	0.0086	0.0157	0.0154	0.0003	0.0576	0.0493	0.0083	0.0655	0.0429	0.0225	0.0216	0.0208	0.0008	0.0439	0.0221	0.0218	0.0000	0.0000	0.0000	0.0000	0.0000	0.0000	0.0000	0.0000	0.0000	0.0001	0.0000	0.0003	0.0001	0.0001	0.0008	0.0002	0.0000	0.0003	
20	101	0.0732	4	0	1	0	0	0	0	0	0	N	N	N	N	N	N	N	N	N	N	N	N	0.0000	0.0000	0.0000	0.0000	0.0000	0.0000	0.0000	0.0000	0.0000	0.0000	0.0000	0.0000	0.0000	0.0000	0.0000	0.0000	0.0000	0.0000	0.0003	0.0002	0.0004	0.0004	0.0004	0.0006	0.0002	0.0000	0.0004	0.9958	0.0000	-0.0000	1.9984	0.1361	3.0609	0.4500	0.0000	0.0000	0.0000	0.0000	0.0000	0.0000	0.0000	0.0000	0.0000	0.0000	0.0000	0.0000	0.0000	0.0000	0.0000	0.0000	0.0000	0.0000	0.0045	0.0040	0.0004	0.0015	0.0014	0.0000	0.0030	0.0026	0.0004	0.0093	0.0062	0.0031	0.0035	0.0033	0.0002	0.0059	0.0029	0.0030	0.0000	0.0000	0.0000	0.0000	0.0000	0.0000	0.0000	0.0000	0.0000	0.0003	0.0002	0.0004	0.0004	0.0004	0.0006	0.0002	0.0000	0.0004	
20	102	0.0573	3	0	1	0	0	0	0	0	0	N	N	N	N	N	N	N	N	N	N	N	N	0.1346	0.0996	0.0000	0.1575	0.1577	0.0000	0.0000	0.0000	0.0000	0.0001	0.0001	0.0000	0.0004	0.0004	0.0000	0.0000	0.0000	0.0000	0.0009	0.0013	0.0000	0.0027	0.0027	0.0001	0.0000	0.0000	0.0000	0.0000	0.0165	-0.0000	-0.0000	1.9984	3.5591	3.0609	4.5341	0.0000	0.0000	0.0000	0.0000	0.0000	0.0000	0.0000	0.0000	0.0000	0.0001	0.0001	0.0000	0.0001	0.0001	0.0000	0.0000	0.0000	0.0000	0.0853	0.0752	0.0102	0.0235	0.0230	0.0006	0.0618	0.0522	0.0096	0.1093	0.0701	0.0392	0.0347	0.0339	0.0008	0.0746	0.0362	0.0384	0.1346	0.0996	0.0000	0.1575	0.1577	0.0000	0.0000	0.0000	0.0000	0.0009	0.0013	0.0000	0.0027	0.0027	0.0001	0.0000	0.0000	0.0000
20	103	0.0356	2	0	1	0	0	0	0	0	0	N	N	N	N	N	N	N	N	N	N	N	N	0.0055	0.0060	0.0000	0.0052	0.0052	0.0000	0.0000	0.0000	0.0000	0.0001	0.0001	0.0000	0.0001	0.0001	0.0000	0.0000	0.0000	0.0000	0.0099	0.0143	0.0033	0.0252	0.0257	0.0000	0.0024	0.0012	0.0033	0.0000	0.1526	-0.0000	-0.0007	1.9984	2.8937	3.0609	8.0733	0.0000	0.0000	0.0000	0.0000	0.0000	0.0000	0.0000	0.0000	0.0000	0.0018	0.0015	0.0002	0.0015	0.0015	0.0000	0.0003	0.0001	0.0002	0.2043	0.1298	0.0746	0.0848	0.0831	0.0017	0.1196	0.0467	0.0729	0.1779	0.1068	0.0711	0.0584	0.0573	0.0012	0.1195	0.0496	0.0699	0.0055	0.0060	0.0000	0.0052	0.0052	0.0000	0.0000	0.0000	0.0000	0.0099	0.0143	0.0033	0.0252	0.0257	0.0000	0.0024	0.0012	0.0033
20	104	0.1507	10	0	2	0	0	0	0	0	0	N	Y	N	N	N	N	N	N	N	N	N	N	0.0000	0.0000	0.0000	0.0000	0.0000	0.0000	0.0000	0.0000	0.0000	0.0000	0.0000	0.0000	0.0000	0.0000	0.0000	0.0000	0.0000	0.0000	0.0467	0.0614	0.0001	0.1074	0.1120	0.0001	0.0001	0.0000	0.0001	0.0007	0.0000	-0.0007	1.9984	0.0277	3.0609	1.3445	0.0000	0.0000	0.0000	0.0000	0.0000	0.0000	0.0000	0.0000	0.0000	0.0013	0.0013	0.0000	0.0013	0.0013	0.0000	0.0000	0.0000	0.0000	0.0014	0.0012	0.0003	0.0008	0.0006	0.0002	0.0006	0.0005	0.0001	0.0272	0.0207	0.0066	0.0118	0.0113	0.0005	0.0154	0.0093	0.0061	0.0000	0.0000	0.0000	0.0000	0.0000	0.0000	0.0000	0.0000	0.0000	0.0467	0.0614	0.0001	0.1074	0.1120	0.0001	0.0001	0.0000	0.0001	
20	105	0.1040	9	0	2	0	0	0	0	0	0	N	Y	N	N	N	N	N	N	N	N	N	N	0.0000	0.0000	0.0000	0.0000	0.0000	0.0000	0.0000	0.0000	0.0000	0.0000	0.0000	0.0000	0.0000	0.0000	0.0000	0.0000	0.0000	0.0000	0.0341	0.0489	0.0032	0.0849	0.0878	0.0006	0.0078	0.0118	0.0033	0.0319	0.0000	-0.0043	1.9984	5.1414	3.0609	16.4151	0.0000	0.0000	0.0000	0.0000	0.0000	0.0000	0.0000	0.0000	0.0000	0.0084	0.0082	0.0003	0.0072	0.0072	0.0000	0.0013	0.0010	0.0003	0.1130	0.0985	0.0145	0.0320	0.0296	0.0024	0.0810	0.0689	0.0121	0.2472	0.1668	0.0804	0.0843	0.0814	0.0028	0.1629	0.0854	0.0775	0.0000	0.0000	0.0000	0.0000	0.0000	0.0000	0.0000	0.0000	0.0000	0.0341	0.0489	0.0032	0.0849	0.0878	0.0006	0.0078	0.0118	0.0033	
20	106	0.0958	8	0	1	0	0	0	0	0	0	N	N	N	N	N	N	N	N	N	N	N	N	0.0000	0.0000	0.0000	0.0000	0.0000	0.0000	0.0000	0.0000	0.0000	0.0000	0.0000	0.0000	0.0000	0.0000	0.0000	0.0000	0.0000	0.0000	0.3982	0.5895	0.0109	0.8491	0.8930	0.0013	0.1272	0.2427	0.0115	0.0092	0.0000	-0.0184	1.9984	3.8974	3.0609	1.6364	0.0000	0.0000	0.0000	0.0000	0.0000	0.0000	0.0000	0.0000	0.0000	0.0345	0.0342	0.0003	0.0276	0.0276	0.0000	0.0069	0.0066	0.0003	0.0856	0.0742	0.0114	0.0213	0.0201	0.0013	0.0643	0.0541	0.0102	0.0867	0.0580	0.0287	0.0325	0.0309	0.0016	0.0541	0.0271	0.0271	0.0000	0.0000	0.0000	0.0000	0.0000	0.0000	0.0000	0.0000	0.0000	0.3982	0.5895	0.0109	0.8491	0.8930	0.0013	0.1272	0.2427	0.0115	
20	107	0.0747	7	0	1	0	0	0	0	0	0	N	N	N	N	N	N	N	N	N	N	N	N	0.0000	0.0000	0.0011	0.0000	0.0000	0.0000	0.0000	0.0000	0.0011	0.0000	0.0000	0.0000	0.0000	0.0000	0.0000	0.0000	0.0000	0.0000	0.3663	0.6114	0.0026	0.6173	0.6303	0.0016	0.1980	0.6275	0.0026	inf	0.0028	0.0000	-0.0443	1.9984	0.3701	3.0609	9.6236	0.0000	0.0000	0.0000	0.0000	0.0000	0.0000	0.0000	0.0000	0.0000	0.0820	0.0818	0.0002	0.0555	0.0555	0.0000	0.0265	0.0263	0.0002	0.1547	0.0862	0.0685	0.0771	0.0752	0.0019	0.0776	0.0110	0.0666	0.2239	0.1338	0.0901	0.0899	0.0880	0.0019	0.1340	0.0458	0.0883	0.0000	0.0000	0.0011	0.0000	0.0000	0.0000	0.0000	0.0000	0.0011	0.3663	0.6114	0.0026	0.6173	0.6303	0.0016	0.1980	0.5750	0.0026
20	108	0.0642	6	0	1	0	0	0	0	0	0	N	N	N	N	N	N	N	N	N	N	N	N	0.0000	0.0000	0.0000	0.0000	0.0000	0.0000	0.0000	0.0000	0.0000	0.0000	0.0000	0.0000	0.0000	0.0000	0.0000	0.0000	0.0000	0.0000	0.3625	0.5694	0.0151	0.2818	0.2878	0.0011	0.4026	0.9174	0.0154	0.0000	0.0158	-0.0000	-0.0147	1.9984	0.4415	3.0609	4.8853	0.0000	0.0000	0.0000	0.0000	0.0000	0.0000	0.0000	0.0000	0.0000	0.0278	0.0274	0.0004	0.0072	0.0072	0.0000	0.0206	0.0202	0.0004	0.1557	0.0873	0.0684	0.0771	0.0753	0.0019	0.0785	0.0120	0.0665	0.0766	0.0480	0.0286	0.0255	0.0249	0.0005	0.0512	0.0231	0.0281	0.0000	0.0000	0.0000	0.0000	0.0000	0.0000	0.0000	0.0000	0.0000	0.3625	0.5694	0.0151	0.2818	0.2878	0.0011	0.4026	0.8732	0.0154
20	109	0.0866	5	1	2	0	1	0	0	0	0	N	Y	N	N	N	N	N	N	N	N	N	N	0.0000	0.0000	0.0000	0.0000	0.0000	0.0000	0.0000	0.0000	0.0000	0.0000	0.0000	0.0000	0.0000	0.0000	0.0000	0.0000	0.0000	0.0000	0.0000	0.0000	1.9984	0.0000	3.0609	0.0000	0.0000	0.0000	0.0000	0.0000	0.0000	0.0000	0.0000	0.0000	0.0000	0.0000	0.0000	0.0000	0.0000	0.0000	0.0000	0.0000	0.0000	0.0000	0.0000	0.0000	0.0000	0.0000	0.0000	0.0000	0.0000	0.0000	0.0000	0.0000	0.0000	0.0000	0.0000	0.0000	0.0000	0.0000	0.0000	0.0000	0.0000	0.0000	0.0000	0.0000	0.0000	0.0000	0.0000	0.0000	0.0000	0.0000	0.0000	0.0000	0.0000	0.0000	0.0000	0.0000	0.0000	0.0000											
20	110	0.0717	4	1	2	0	1	0	0	0	0	N	Y	N	N	N	N	N	N	N	N	N	N	0.0000	0.0000	0.0000	0.0000	0.0000	0.0000	0.0000	0.0000	0.0000	0.0000	0.0000	0.0000	0.0000	0.0000	0.0000	0.0000	0.0000	0.0011	0.0009	0.0014	0.0035	0.0019	0.0451	0.0000	0.0000	0.0000	0.9316	0.0000	-0.0000	1.9984	0.0000	3.0609	7.1240	0.0000	0.0000	0.0000	0.0000	0.0000	0.0000	0.0000	0.0000	0.0000	0.0001	0.0001	0.0000	0.0001	0.0001	0.0000	0.0000	0.0000	0.0000	0.0000	0.0000	0.0000	0.0000	0.0000	0.0000	0.0000	0.0000	0.0000	0.0953	0.0594	0.0359	0.0295	0.0284	0.0011	0.0658	0.0310	0.0348	0.0000	0.0000	0.0000	0.0000	0.0000	0.0000	0.0000	0.0000	0.0000	0.0011	0.0009	0.0014	0.0035	0.0019	0.0451	0.0000	0.0000	0.0000		
20	111	0.0806	6	0	2	0	1	0	0	0	0	N	Y	N	N	N	N	N	N	N	N	N	N	2343531.1529	1640652.5136	0.0000	1988496.5489	1878965.5433	0.0000	0.0000	15.3391	16.9398	0.0000	39.6390	39.7148	0.0000	0.0000	0.0000	0.0000	0.0000	0.0000	0.0000	0.0000	0.0000	0.0000	0.0000	0.0000	0.0000	0.0000	0.0072	-0.0005	-0.0000	1.9984	0.0016	3.0609	5.0076	0.0014	0.0014	0.0000	0.0014	0.0014	0.0000	0.0000	0.0000	0.0000	0.0000	0.0000	0.0000	0.0000	0.0000	0.0000	0.0000	0.0000	0.0000	0.0001	0.0001	0.0000	0.0000	0.0000	0.0000	0.0001	0.0000	0.0000	0.0664	0.0418	0.0246	0.0216	0.0204	0.0012	0.0448	0.0214	0.0234	2343531.1529	1640652.5136	0.0000	1988496.5489	1878965.5433	0.0000	0.0000	0.0000	0.0000	0.0000	0.0000	0.0000	0.0000	0.0000	0.0000	0.0000	0.0000	0.0000		
20	112	0.0738	5	0	2	0	1	0	0	0	0	N	Y	N	N	N	N	N	N	N	N	N	N	57.3438	0.0000	26582.9464	0.0000	0.0000	6790.9426	26007.2554	0.0690	0.0000	0.5871	0.0000	0.0000	0.0000	0.0846	0.0000	0.5970	0.0012	0.0019	0.0000	0.0037	0.0038	0.0000	0.0000	0.0000	0.0000	inf	0.0070	0.0009	-0.0000	1.9984	1.0012	3.0609	2.1373	0.0014	0.0000	0.0014	0.0000	0.0000	0.0000	0.0014	0.0000	0.0014	0.0001	0.0001	0.0000	0.0001	0.0001	0.0000	0.0000	0.0000	0.0000	0.0206	0.0182	0.0024	0.0038	0.0038	0.0000	0.0168	0.0144	0.0024	0.0447	0.0277	0.0170	0.0146	0.0140	0.0006	0.0301	0.0137	0.0163	57.3438	0.0000	26582.9464	0.0000	0.0000	0.0000	6790.9426	0.0000	26007.2554	0.0012	0.0019	0.0000	0.0037	0.0038	0.0000	0.0000	0.0000	0.0000		
20	113	0.0821	5	0	2	0	0	0	0	0	0	N	Y	N	N	N	N	N	N	N	N	N	N	54624.7258	42685.2110	0.0000	65284.3805	66116.5670	0.0000	66361.0007	145782161.3084	0.0000	41.6125	47.0852	0.0000	143.6899	150.5916	0.0000	6.4196	7.4690	0.0000	0.0008	0.0011	0.0002	0.0022	0.0023	0.0003	0.0001	0.0000	0.0002	0.0000	0.1009	-0.3690	-0.0000	1.9984	0.9705	3.0609	5.0371	0.9682	0.9682	0.0000	0.8572	0.8572	0.0000	0.1111	0.1111	0.0000	0.0001	0.0001	0.0000	0.0001	0.0001	0.0000	0.0000	0.0000	0.0000	0.0233	0.0206	0.0027	0.0060	0.0057	0.0003	0.0173	0.0149	0.0024	0.0784	0.0492	0.0292	0.0248	0.0238	0.0010	0.0536	0.0254	0.0283	54624.7258	42685.2110	0.0000	65284.3805	66116.5670	0.0000	66361.0007	145782161.3084	0.0000	0.0008	0.0011	0.0002	0.0022	0.0023	0.0003	0.0001	0.0000	0.0002
20	114	0.0738	5	0	1	1	1	0	0	0	0	N	N	N	N	N	N	N	N	N	N	N	N	0.0000	0.0000	0.0000	0.0000	0.0000	0.0000	0.0000	0.0000	0.0000	0.0000	0.0000	0.0000	0.0000	0.0029	0.0048	0.0000	0.0085	0.0088	0.0000	0.0000	0.0000	0.0000	0.0000	0.0000	-0.0000	1.9984	0.0000	3.0609	1.1303	0.0000	0.0000	0.0000	0.0000	0.0000	0.0000	0.0000	0.0000	0.0000	0.0001	0.0001	0.0000	0.0001	0.0001	0.0000	0.0000	0.0000	0.0000	0.0000	0.0000	0.0000	0.0000	0.0000	0.0000	0.0000	0.0000	0.0000	0.0182	0.0111	0.0071	0.0063	0.0061	0.0002	0.0119	0.0051	0.0068	0.0000	0.0000	0.0000	0.0000	0.0000	0.0000	0.0000	0.0000	0.0000	0.0029	0.0048	0.0000	0.0085	0.0088	0.0000	0.0000	0.0000	0.0000						
20	115	0.0717	4	0	1	0	1	0	0	0	0	N	N	N	N	N	N	N	N	N	N	N	N	0.0000	0.0000	0.0000	0.0000	0.0000	0.0000	0.0000	0.0000	0.0000	0.0000	0.0000	0.0000	0.0000	0.0000	0.0000	0.0000	0.0000	0.0047	0.0039	0.0061	0.0071	0.0073	0.0000	0.0036	0.0000	0.0063	0.9946	0.0000	-0.0000	1.9984	0.0000	3.0609	1.2340	0.0000	0.0000	0.0000	0.0000	0.0000	0.0000	0.0000	0.0000	0.0000	0.0001	0.0000	0.0000	0.0000	0.0000	0.0000	0.0000	0.0000	0.0000	0.0000	0.0000	0.0000	0.0000	0.0000	0.0000	0.0000	0.0000	0.0000	0.0197	0.0121	0.0076	0.0066	0.0064	0.0002	0.0131	0.0057	0.0074	0.0000	0.0000	0.0000	0.0000	0.0000	0.0000	0.0000	0.0000	0.0000	0.0047	0.0039	0.0061	0.0071	0.0073	0.0000	0.0036	0.0000	0.0063		
20	116	0.0792	5	0	1	1	1	0	0	0	0	N	N	N	N	N	N	N	N	N	N	N	N	0.0000	0.0000	0.0000	0.0000	0.0000	0.0000	0.0000	0.0000	0.0000	0.0000	0.0000	0.0000	0.0000	0.0000	0.0000	0.0000	0.0000	0.0930	0.0000	0.2562	0.0023	0.0000	0.0561	0.1365	0.0000	0.2636	15602.7531	0.0000	0.0011	1.9984	0.9725	3.0609	0.9874	0.0000	0.0000	0.0000	0.0000	0.0000	0.0000	0.0000	0.0000	0.0000	0.0025	0.0000	0.0025	0.0000	0.0000	0.0000	0.0025	0.0000	0.0025	0.0265	0.0242	0.0023	0.0130	0.0126	0.0004	0.0136	0.0116	0.0019	0.0269	0.0171	0.0098	0.0087	0.0084	0.0003	0.0182	0.0088	0.0094	0.0000	0.0000	0.0000	0.0000	0.0000	0.0000	0.0000	0.0000	0.0000	0.0930	0.0000	0.2562	0.0023	0.0000	0.0561	0.1365	0.0000	0.2636		
20	117	0.0792	5	0	1	1	1	0	0	0	0	N	N	N	N	N	N	N	N	N	N	N	N	0.0000	0.0000	0.0000	0.0000	0.0000	0.0000	0.0000	0.0000	0.0000	0.0000	0.0000	0.0000	0.0000	0.0000	0.0000	0.0000	0.0011	0.0017	0.0000	0.0034	0.0035	0.0000	0.0000	0.0000	0.0000	0.0001	0.0000	-0.0000	1.9984	0.0285	3.0609	4.0215	0.0000	0.0000	0.0000	0.0000	0.0000	0.0000	0.0000	0.0000	0.0000	0.0001	0.0001	0.0000	0.0001	0.0001	0.0000	0.0000	0.0000	0.0000	0.0020	0.0019	0.0002	0.0010	0.0010	0.0000	0.0010	0.0009	0.0001	0.0538	0.0342	0.0196	0.0172	0.0165	0.0007	0.0366	0.0177	0.0189	0.0000	0.0000	0.0000	0.0000	0.0000	0.0000	0.0000	0.0000	0.0000	0.0011	0.0017	0.0000	0.0034	0.0035	0.0000	0.0000	0.0000	0.0000			
20	118	0.0717	4	0	1	1	1	0	0	0	0	N	N	N	N	N	N	N	N	N	N	N	N	0.0000	0.0000	0.0000	0.0000	0.0000	0.0000	0.0000	0.0000	0.0000	0.0000	0.0000	0.0000	0.0000	0.0000	0.0000	0.0000	0.0000	0.0000	0.0016	0.0012	0.0021	0.0024	0.0025	0.0005	0.0012	0.0000	0.0022	1.0698	0.0000	-0.0000	1.9984	3.0275	3.0609	2.1573	0.0000	0.0000	0.0000	0.0000	0.0000	0.0000	0.0000	0.0000	0.0000	0.0001	0.0001	0.0001	0.0001	0.0001	0.0000	0.0001	0.0000	0.0001	0.0614	0.0542	0.0072	0.0113	0.0111	0.0001	0.0501	0.0430	0.0071	0.0709	0.0441	0.0268	0.0221	0.0213	0.0008	0.0488	0.0228	0.0260	0.0000	0.0000	0.0000	0.0000	0.0000	0.0000	0.0000	0.0000	0.0000	0.0016	0.0012	0.0021	0.0024	0.0025	0.0005	0.0012	0.0000	0.0022	
20	119	0.1129	4	1	2	0	0	0	0	0	0	N	Y	N	N	N	N	N	N	N	N	N	N	0.0000	0.0000	0.0000	0.0000	0.0000	0.0000	0.0000	0.0000	0.0000	0.0000	0.0000	0.0000	0.0000	0.0000	0.0000	0.0000	0.0000	0.0000	0.0006	0.0005	0.0008	0.0009	0.0010	0.0003	0.0004	0.0000	0.0010	0.6935	0.0000	-0.0000	1.9984	2.1883	3.0609	3.1271	0.0000	0.0000	0.0000	0.0000	0.0000	0.0000	0.0000	0.0000	0.0000	0.0001	0.0000	0.0000	0.0000	0.0000	0.0000	0.0000	0.0000	0.0000	0.1694	0.1337	0.0357	0.1066	0.0781	0.0286	0.0627	0.0556	0.0071	0.0800	0.0548	0.0252	0.0345	0.0284	0.0060	0.0455	0.0263	0.0192	0.0000	0.0000	0.0000	0.0000	0.0000	0.0000	0.0000	0.0000	0.0000	0.0006	0.0005	0.0008	0.0009	0.0010	0.0003	0.0004	0.0000	0.0010	
20	120	0.0460	3	1	2	0	0	0	0	0	0	N	Y	N	N	N	N	N	N	N	N	N	N	0.0000	0.0000	0.0000	0.0000	0.0000	0.0000	0.0000	0.0000	0.0000	0.0000	0.0000	0.0000	0.0000	0.0000	0.0000	0.0000	0.0000	0.0000	0.0003	0.0002	0.0005	0.0003	0.0003	0.0000	0.0004	0.0002	0.0005	1.4209	0.0000	0.0000	1.9984	13.6104	3.0609	16.0982	0.0000	0.0000	0.0000	0.0000	0.0000	0.0000	0.0000	0.0000	0.0000	0.0001	0.0001	0.0001	0.0000	0.0000	0.0000	0.0001	0.0000	0.0001	0.3814	0.2935	0.0878	0.1081	0.1062	0.0019	0.2733	0.1873	0.0859	0.3598	0.2243	0.1355	0.1040	0.1020	0.0021	0.2558	0.1224	0.1334	0.0000	0.0000	0.0000	0.0000	0.0000	0.0000	0.0000	0.0000	0.0000	0.0003	0.0002	0.0005	0.0003	0.0003	0.0000	0.0004	0.0002	0.0005	
20	124	0.0867	6	1	2	0	0	0	0	0	0	N	Y	N	N	N	N	N	N	N	N	N	N	0.0000	0.0000	0.0000	0.0000	0.0000	0.0000	0.0000	0.0000	0.0000	0.0000	0.0000	0.0000	0.0000	0.0000	0.0000	0.0000	0.0000	0.0000	0.0000	0.0000	1.9984	0.0000	3.0609	0.0000	0.0000	0.0000	0.0000	0.0000	0.0000	0.0000	0.0000	0.0000	0.0000	0.0000	0.0000	0.0000	0.0000	0.0000	0.0000	0.0000	0.0000	0.0000	0.0000	0.0000	0.0000	0.0000	0.0000	0.0000	0.0000	0.0000	0.0000	0.0000	0.0000	0.0000	0.0000	0.0000	0.0000	0.0000	0.0000	0.0000	0.0000	0.0000	0.0000	0.0000	0.0000	0.0000	0.0000	0.0000	0.0000	0.0000	0.0000	0.0000	0.0000	0.0000	0.0000	0.0000	0.0000	0.0000											
20	125	0.0821	5	1	2	0	0	0	0	0	0	N	Y	N	N	N	N	N	N	N	N	N	N	3685.1127	2647.2075	0.0000	609.3959	641.8884	328518.5346	171393806.5059	0.0000	22.6555	25.5562	0.0000	11.4050	12.4639	0.0000	31.4674	36.4147	0.0000	0.0061	0.0097	0.0002	0.0187	0.0194	0.0000	0.0001	0.0000	0.0002	0.0000	0.0106	-0.0543	-0.0001	1.9984	0.1434	3.0609	1.9839	0.1426	0.1426	0.0000	0.0315	0.0315	0.0000	0.1111	0.1111	0.0000	0.0002	0.0002	0.0000	0.0002	0.0002	0.0000	0.0000	0.0000	0.0000	0.0063	0.0056	0.0007	0.0028	0.0025	0.0002	0.0035	0.0031	0.0005	0.0297	0.0187	0.0110	0.0097	0.0093	0.0003	0.0201	0.0094	0.0106	3685.1127	2647.2075	0.0000	609.3959	641.8884	0.0000	328518.5346	171393806.5059	0.0000	0.0061	0.0097	0.0002	0.0187	0.0194	0.0000	0.0001	0.0000	0.0002	
20	126	0.0717	4	0	2	0	0	0	0	0	0	N	Y	N	N	N	N	N	N	N	N	N	N	102.2595	73.7451	5.5894	0.0000	0.0000	3605.9951	266827589.5328	5.5108	23.0016	26.0532	0.0793	0.0000	0.0000	0.0000	28.1875	32.8240	0.0806	0.2249	0.3533	0.0142	0.7017	0.7284	0.0000	0.0078	0.0000	0.0146	0.0004	0.0245	-0.3377	-0.0077	1.9984	1.8882	3.0609	2.9115	0.8871	0.8867	0.0004	0.0000	0.0000	0.0000	0.8871	0.8867	0.0004	0.0149	0.0145	0.0004	0.0145	0.0145	0.0000	0.0004	0.0000	0.0004	0.0386	0.0340	0.0045	0.0071	0.0070	0.0001	0.0315	0.0270	0.0045	0.0660	0.0410	0.0250	0.0207	0.0199	0.0008	0.0454	0.0211	0.0242	102.2595	73.7451	5.5894	0.0000	0.0000	0.0000	3605.9951	266827589.5328	5.5108	0.2249	0.3533	0.0142	0.7017	0.7284	0.0000	0.0078	0.0000	0.0146	
20	127	0.0460	3	0	1	0	0	0	0	0	0	N	N	N	N	N	N	N	N	N	N	N	N	0.0188	0.0178	0.0000	0.0142	0.0142	0.0000	0.0000	0.0000	0.0000	0.0000	0.0001	0.0000	0.0001	0.0001	0.0000	0.0000	0.0000	0.0000	0.0024	0.0039	0.0000	0.0081	0.0082	0.0000	0.0000	0.0000	0.0000	0.0000	0.0052	-0.0000	-0.0002	1.9984	3.5543	3.0609	9.0319	0.0000	0.0000	0.0000	0.0000	0.0000	0.0000	0.0000	0.0000	0.0000	0.0004	0.0004	0.0000	0.0004	0.0004	0.0000	0.0000	0.0000	0.0000	0.2181	0.1429	0.0752	0.0876	0.0859	0.0017	0.1305	0.0570	0.0735	0.1740	0.1072	0.0668	0.0524	0.0514	0.0010	0.1217	0.0558	0.0659	0.0188	0.0178	0.0000	0.0142	0.0142	0.0000	0.0000	0.0000	0.0000	0.0024	0.0039	0.0000	0.0081	0.0082	0.0000	0.0000	0.0000	0.0000
21	22	0.2363	20	1	0	1	1	0	0	0	0	N	N	N	N	N	N	N	N	N	N	N	N	0.0000	0.0000	0.0000	0.0000	0.0000	0.0000	0.0000	0.0000	0.0000	0.0000	0.0000	0.0000	0.0000	0.0000	0.0000	0.0000	0.0000	0.0000	0.0000	0.0000	2.0028	0.0000	2.2704	2.0000	0.0000	0.0000	0.0000	0.0000	0.0000	0.0000	0.0000	0.0000	0.0000	0.0000	0.0000	0.0000	0.0000	0.0000	0.0000	0.0000	0.0000	0.0000	0.0000	0.0000	0.0000	0.0000	0.0000	0.0000	0.0000	0.0000	0.0000	0.0098	0.0059	0.0039	0.0027	0.0025	0.0003	0.0071	0.0035	0.0036	0.0000	0.0000	0.0000	0.0000	0.0000	0.0000	0.0000	0.0000	0.0000	0.0000	0.0000	0.0000	0.0000	0.0000	0.0000	0.0000	0.0000	0.0000											
21	23	0.1682	12	0	1	0	1	0	0	0	0	N	N	N	N	N	N	N	N	N	N	N	N	0.0000	0.0023	0.0000	0.0000	0.0003	0.0000	0.0000	0.0844	0.0000	0.0000	0.0000	0.0000	0.0000	0.0000	0.0000	0.0000	0.0000	0.0000	0.0983	0.0017	0.2647	0.0426	0.0032	0.3304	0.1332	0.0001	0.2590	0.0000	89.5296	-0.0000	0.0043	2.0028	4.1010	2.2704	9.0979	0.0000	0.0000	0.0000	0.0000	0.0000	0.0000	0.0000	0.0000	0.0000	0.0097	0.0001	0.0096	0.0016	0.0001	0.0015	0.0080	0.0000	0.0080	0.0601	0.0524	0.0077	0.0114	0.0105	0.0009	0.0487	0.0419	0.0068	0.0983	0.0622	0.0361	0.0378	0.0328	0.0050	0.0604	0.0294	0.0311	0.0000	0.0023	0.0000	0.0000	0.0003	0.0000	0.0000	0.0844	0.0000	0.0983	0.0017	0.2647	0.0426	0.0032	0.3002	0.1332	0.0001	0.2590
21	24	0.1970	15	1	1	0	1	0	0	0	0	N	N	N	N	N	N	N	N	N	N	N	N	0.0000	0.0000	0.0000	0.0000	0.0000	0.0000	0.0000	0.0000	0.0000	0.0000	0.0000	0.0000	0.0000	0.0000	0.0000	0.0000	0.0005	0.0000	0.0014	0.0000	0.0000	0.0000	0.0007	0.0000	0.0015	16665.1667	0.0000	0.0000	2.0028	7.0513	2.2704	11.7448	0.0000	0.0000	0.0000	0.0000	0.0000	0.0000	0.0000	0.0000	0.0000	0.0000	0.0000	0.0000	0.0000	0.0000	0.0000	0.0000	0.0000	0.0000	0.0963	0.0841	0.0122	0.0137	0.0130	0.0007	0.0826	0.0711	0.0115	0.0935	0.0567	0.0368	0.0260	0.0236	0.0024	0.0675	0.0331	0.0344	0.0000	0.0000	0.0000	0.0000	0.0000	0.0000	0.0000	0.0000	0.0000	0.0005	0.0000	0.0014	0.0000	0.0000	0.0000	0.0007	0.0000	0.0015			
21	25	0.2362	13	0	1	0	1	0	0	0	0	N	N	N	N	N	N	N	N	N	N	N	N	0.0000	0.0000	0.0000	0.0001	0.0001	0.0000	0.0000	0.0000	0.0000	0.0000	0.0000	0.0000	0.0000	0.0000	0.0000	0.0000	0.0000	0.0000	0.0161	0.0264	0.0000	0.0306	0.0350	0.0004	0.0080	0.0173	0.0000	0.0000	0.0011	-0.0000	-0.0005	2.0028	4.7974	2.2704	5.1989	0.0000	0.0000	0.0000	0.0000	0.0000	0.0000	0.0000	0.0000	0.0000	0.0009	0.0009	0.0000	0.0006	0.0006	0.0000	0.0003	0.0003	0.0000	0.0774	0.0684	0.0091	0.0154	0.0147	0.0006	0.0620	0.0536	0.0084	0.0570	0.0346	0.0224	0.0204	0.0178	0.0026	0.0365	0.0168	0.0197	0.0000	0.0000	0.0000	0.0001	0.0001	0.0000	0.0000	0.0000	0.0000	0.0161	0.0264	0.0000	0.0306	0.0350	0.0004	0.0080	0.0173	0.0000
21	26	0.0928	8	1	1	0	1	0	0	0	0	N	N	N	N	N	N	N	N	N	N	N	N	0.0000	0.0000	0.0000	0.0000	0.0000	0.0000	0.0000	0.0000	0.0000	0.0000	0.0000	0.0000	0.0000	0.0000	0.0000	0.0000	0.0000	0.0000	0.0000	0.0000	0.0001	0.0001	0.0000	0.0000	0.0000	0.0000	0.0120	-0.0000	-0.0000	2.0028	2.0195	2.2704	15.0171	0.0000	0.0000	0.0000	0.0000	0.0000	0.0000	0.0000	0.0000	0.0000	0.0000	0.0000	0.0000	0.0000	0.0000	0.0000	0.0000	0.0000	0.0000	0.0303	0.0264	0.0038	0.0046	0.0043	0.0002	0.0257	0.0221	0.0036	0.1011	0.0613	0.0398	0.0286	0.0267	0.0019	0.0725	0.0347	0.0379	0.0000	0.0000	0.0000	0.0000	0.0000	0.0000	0.0000	0.0000	0.0000	0.0000	0.0000	0.0000	0.0001	0.0001	0.0000	0.0000	0.0000	0.0000		
21	27	0.0841	7	0	0	0	1	0	0	0	0	N	N	N	N	N	N	N	N	N	N	N	N	0.0000	0.0000	0.0000	0.0000	0.0000	0.0000	0.0000	0.0000	0.0000	0.0000	0.0000	0.0000	0.0000	0.0000	0.0000	0.0000	0.0000	0.0000	0.0003	0.0003	0.0002	0.0006	0.0006	0.0000	0.0001	0.0000	0.0002	0.3001	-0.0000	-0.0000	2.0028	1.6438	2.2704	3.3228	0.0000	0.0000	0.0000	0.0000	0.0000	0.0000	0.0000	0.0000	0.0000	0.0000	0.0000	0.0000	0.0000	0.0000	0.0000	0.0000	0.0000	0.0000	0.0425	0.0383	0.0042	0.0122	0.0120	0.0002	0.0303	0.0263	0.0040	0.0514	0.0318	0.0195	0.0183	0.0178	0.0005	0.0331	0.0141	0.0190	0.0000	0.0000	0.0000	0.0000	0.0000	0.0000	0.0000	0.0000	0.0000	0.0003	0.0003	0.0002	0.0006	0.0006	0.0000	0.0001	0.0000	0.0002	
21	28	0.2103	17	0	1	0	1	0	0	0	0	N	N	N	N	N	N	N	N	N	N	N	N	0.0000	0.0000	0.0000	0.0000	0.0000	0.0000	0.0000	0.0000	0.0000	0.0000	0.0000	0.0000	0.0000	0.0000	0.0000	0.0000	0.0000	0.0000	0.0003	0.0005	0.0000	0.0011	0.0012	0.0000	0.0000	0.0000	0.0000	0.0045	0.0000	-0.0000	2.0028	3.0409	2.2704	16.1393	0.0000	0.0000	0.0000	0.0000	0.0000	0.0000	0.0000	0.0000	0.0000	0.0000	0.0000	0.0000	0.0000	0.0000	0.0000	0.0000	0.0000	0.0000	0.0426	0.0372	0.0053	0.0071	0.0068	0.0003	0.0355	0.0305	0.0050	0.1003	0.0613	0.0390	0.0273	0.0252	0.0021	0.0730	0.0361	0.0369	0.0000	0.0000	0.0000	0.0000	0.0000	0.0000	0.0000	0.0000	0.0000	0.0003	0.0005	0.0000	0.0011	0.0012	0.0000	0.0000	0.0000	0.0000	
21	29	0.2054	17	0	1	0	1	0	0	0	0	N	N	N	N	N	N	N	N	N	N	N	N	0.0000	0.0000	0.0000	0.0000	0.0000	0.0000	0.0000	0.0000	0.0000	0.0000	0.0000	0.0000	0.0000	0.0000	0.0000	0.0000	0.0004	0.0007	0.0000	0.0016	0.0018	0.0000	0.0000	0.0000	0.0000	0.0001	0.0000	-0.0000	2.0028	4.0695	2.2704	11.0027	0.0000	0.0000	0.0000	0.0000	0.0000	0.0000	0.0000	0.0000	0.0000	0.0000	0.0000	0.0000	0.0000	0.0000	0.0000	0.0000	0.0000	0.0000	0.0573	0.0501	0.0072	0.0093	0.0089	0.0004	0.0480	0.0413	0.0068	0.0764	0.0458	0.0306	0.0184	0.0169	0.0015	0.0581	0.0290	0.0291	0.0000	0.0000	0.0000	0.0000	0.0000	0.0000	0.0000	0.0000	0.0000	0.0004	0.0007	0.0000	0.0016	0.0018	0.0000	0.0000	0.0000	0.0000			
21	30	0.0917	8	0	1	1	2	0	0	0	0	N	N	N	Y	N	N	N	N	N	N	N	N	3750218.1402	2481556.9164	0.0000	0.0000	inf	inf	3.7375	4.0962	0.0000	0.0000	0.0000	0.0000	5.7683	6.6410	0.0000	0.0000	0.0000	0.0000	0.0000	0.0000	0.0000	0.0000	0.0000	0.0000	0.0000	0.0168	-0.0001	-0.0000	2.0028	0.0021	2.2704	3.0281	0.0003	0.0003	0.0000	0.0000	0.0000	0.0000	0.0003	0.0003	0.0000	0.0000	0.0000	0.0000	0.0000	0.0000	0.0000	0.0000	0.0000	0.0000	0.0001	0.0001	0.0000	0.0000	0.0000	0.0000	0.0001	0.0000	0.0000	0.0183	0.0108	0.0074	0.0053	0.0048	0.0004	0.0130	0.0060	0.0070	3750218.1402	2481556.9164	0.0000	0.0000	0.0000	0.0000	inf	inf	0.0000	0.0000	0.0000	0.0000	0.0000	0.0000	0.0000	0.0000	0.0000	0.0000			
21	31	0.0691	7	0	0	0	2	0	0	0	0	N	N	N	Y	N	N	N	N	N	N	N	N	94724.9279	63948.2182	0.0000	0.0000	0.0000	137849286.4980	inf	0.0000	19.2191	22.2106	0.0000	0.0000	0.0000	0.0000	22.2356	26.1671	0.0000	0.0002	0.0003	0.0000	0.0009	0.0009	0.0000	0.0000	0.0000	0.0000	0.0000	0.0006	-0.3809	-0.0000	2.0028	3.2874	2.2704	7.1999	0.9997	0.9997	0.0000	0.0000	0.0000	0.0000	0.9997	0.9997	0.0000	0.0000	0.0000	0.0000	0.0000	0.0000	0.0000	0.0000	0.0000	0.0000	0.0520	0.0450	0.0070	0.0071	0.0068	0.0003	0.0450	0.0382	0.0068	0.0615	0.0359	0.0256	0.0142	0.0132	0.0010	0.0473	0.0227	0.0246	94724.9279	63948.2182	0.0000	0.0000	0.0000	0.0000	137849286.4980	inf	0.0000	0.0002	0.0003	0.0000	0.0009	0.0009	0.0000	0.0000	0.0000	0.0000	
21	32	0.1454	11	0	1	0	1	0	0	0	0	N	N	N	N	N	N	N	N	N	N	N	N	0.4927	1958.0729	0.0000	874.7303	2939.9622	0.0000	0.0000	0.0000	0.0000	0.0000	0.0000	0.0001	0.0001	0.0000	0.0000	0.0000	0.0000	0.0001	0.0000	0.0001	0.0000	0.0000	0.0000	0.0001	0.0000	0.0001	0.0000	5771.0000	-0.0000	0.0000	2.0028	4.3545	2.2704	19.4857	0.0000	0.0000	0.0000	0.0000	0.0000	0.0000	0.0000	0.0000	0.0000	0.0000	0.0000	0.0000	0.0000	0.0000	0.0000	0.0000	0.0000	0.0000	0.0738	0.0639	0.0099	0.0188	0.0166	0.0022	0.0550	0.0473	0.0077	0.1199	0.0715	0.0484	0.0298	0.0279	0.0020	0.0901	0.0436	0.0465	0.4927	1958.0729	0.0000	874.7303	2939.9622	0.0000	0.0000	0.0000	0.0000	0.0001	0.0000	0.0001	0.0000	0.0000	0.0000	0.0001	0.0000	0.0001	
21	33	0.1898	15	1	1	0	1	0	0	0	0	N	N	N	N	N	N	N	N	N	N	N	N	0.0000	0.0000	0.0000	0.0000	0.0000	0.0000	0.0000	0.0000	0.0000	0.0000	0.0000	0.0000	0.0000	0.0000	0.0000	0.0000	0.0000	0.0000	0.0000	0.0000	2.0028	0.0000	2.2704	0.0000	0.0000	0.0000	0.0000	0.0000	0.0000	0.0000	0.0000	0.0000	0.0000	0.0000	0.0000	0.0000	0.0000	0.0000	0.0000	0.0000	0.0000	0.0000	0.0000	0.0000	0.0000	0.0000	0.0000	0.0000	0.0000	0.0000	0.0000	0.0000	0.0000	0.0000	0.0000	0.0000	0.0000	0.0000	0.0000	0.0000	0.0000	0.0000	0.0000	0.0000	0.0000	0.0000	0.0000	0.0000	0.0000	0.0000	0.0000	0.0000	0.0000	0.0000	0.0000	0.0000	0.0000	0.0000											
21	34	0.0841	7	0	1	0	2	0	0	0	0	N	N	N	Y	N	N	N	N	N	N	N	N	0.0000	0.0000	0.0000	0.0000	0.0000	0.0000	0.0000	0.0000	0.0000	0.0000	0.0000	0.0000	0.0000	0.0000	0.0000	0.0000	0.0000	0.0002	0.0000	0.0004	0.0001	0.0001	0.0000	0.0002	0.0000	0.0005	9.1140	0.0000	0.0000	2.0028	6.4588	2.2704	12.7561	0.0000	0.0000	0.0000	0.0000	0.0000	0.0000	0.0000	0.0000	0.0000	0.0000	0.0000	0.0000	0.0000	0.0000	0.0000	0.0000	0.0000	0.0000	0.1079	0.0952	0.0128	0.0191	0.0184	0.0007	0.0888	0.0767	0.0121	0.1175	0.0700	0.0475	0.0314	0.0296	0.0018	0.0861	0.0405	0.0456	0.0000	0.0000	0.0000	0.0000	0.0000	0.0000	0.0000	0.0000	0.0000	0.0002	0.0000	0.0004	0.0001	0.0001	0.0000	0.0002	0.0000	0.0005		
21	35	0.0785	6	0	0	0	1	0	0	0	0	N	N	N	N	N	N	N	N	N	N	N	N	7.2316	7.8103	0.0000	14.2425	14.5464	0.0000	0.0000	0.0000	0.0000	0.0026	0.0029	0.0000	0.0094	0.0099	0.0000	0.0000	0.0000	0.0000	0.0004	0.0004	0.0003	0.0007	0.0007	0.0000	0.0002	0.0000	0.0003	0.0000	0.5669	-0.0001	-0.0000	2.0028	2.5642	2.2704	2.5472	0.0002	0.0002	0.0000	0.0002	0.0002	0.0000	0.0000	0.0000	0.0000	0.0000	0.0000	0.0000	0.0000	0.0000	0.0000	0.0000	0.0000	0.0000	0.0581	0.0517	0.0064	0.0159	0.0152	0.0007	0.0422	0.0365	0.0057	0.0532	0.0326	0.0206	0.0183	0.0179	0.0004	0.0349	0.0148	0.0201	7.2316	7.8103	0.0000	14.2425	14.5464	0.0000	0.0000	0.0000	0.0000	0.0004	0.0004	0.0003	0.0007	0.0007	0.0000	0.0002	0.0000	0.0003
21	36	0.0726	3	0	0	1	1	0	0	0	0	N	N	N	N	N	N	N	N	N	N	N	N	0.0000	0.0000	0.0000	0.0000	0.0000	0.0000	0.0000	0.0000	0.0000	0.0000	0.0000	0.0000	0.0000	0.0000	0.0000	0.0002	0.0000	0.0004	0.0000	0.0000	0.0000	0.0002	0.0000	0.0004	inf	0.0000	0.0000	2.0028	1.0000	2.2704	2.0003	0.0000	0.0000	0.0000	0.0000	0.0000	0.0000	0.0000	0.0000	0.0000	0.0000	0.0000	0.0000	0.0000	0.0000	0.0000	0.0000	0.0000	0.0000	0.0142	0.0123	0.0019	0.0009	0.0009	0.0001	0.0133	0.0114	0.0019	0.0167	0.0094	0.0074	0.0034	0.0030	0.0004	0.0133	0.0064	0.0070	0.0000	0.0000	0.0000	0.0000	0.0000	0.0000	0.0000	0.0000	0.0000	0.0002	0.0000	0.0004	0.0000	0.0000	0.0000	0.0002	0.0000	0.0004				
21	37	0.0727	4	0	1	0	1	0	0	0	0	N	N	N	N	N	N	N	N	N	N	N	N	0.0000	0.0000	0.0000	0.0000	0.0000	0.0000	0.0000	0.0000	0.0000	0.0000	0.0000	0.0000	0.0000	0.0000	0.0000	0.0000	0.0000	0.0041	0.0003	0.0099	0.0012	0.0008	0.0087	0.0052	0.0000	0.0100	18.8587	-0.0000	0.0001	2.0028	1.9619	2.2704	8.3400	0.0000	0.0000	0.0000	0.0000	0.0000	0.0000	0.0000	0.0000	0.0000	0.0003	0.0000	0.0003	0.0000	0.0000	0.0000	0.0003	0.0000	0.0003	0.0288	0.0249	0.0039	0.0025	0.0024	0.0001	0.0262	0.0225	0.0038	0.0741	0.0450	0.0291	0.0203	0.0193	0.0011	0.0538	0.0257	0.0280	0.0000	0.0000	0.0000	0.0000	0.0000	0.0000	0.0000	0.0000	0.0000	0.0041	0.0003	0.0099	0.0012	0.0008	0.0087	0.0052	0.0000	0.0100		
21	38	0.2178	17	1	0	1	1	0	0	0	0	N	N	N	N	N	N	N	N	N	N	N	N	0.0000	inf	0.0000	0.0000	0.0000	0.0000	inf	0.0000	0.0000	0.0000	0.0000	0.0000	0.0000	0.0000	0.0000	0.0001	0.0000	1.2870	0.0000	3.3621	0.0000	0.0000	0.0000	1.7950	0.0000	3.5277	0.0000	inf	-0.0000	0.0182	2.0028	0.0095	2.2704	5.0631	0.0000	0.0000	0.0000	0.0000	0.0000	0.0000	0.0000	0.0000	0.0000	0.0399	0.0000	0.0399	0.0000	0.0000	0.0000	0.0399	0.0000	0.0399	0.0004	0.0003	0.0001	0.0002	0.0002	0.0000	0.0002	0.0002	0.0000	0.0310	0.0191	0.0119	0.0088	0.0082	0.0006	0.0222	0.0109	0.0113	0.0000	inf	0.0000	0.0000	0.0000	0.0000	0.0000	inf	0.0000	1.2870	0.0000	3.3621	0.0000	0.0000	0.0000	1.7950	0.0000	3.5277	
21	39	0.0691	7	0	1	0	1	0	0	0	0	N	N	N	N	N	N	N	N	N	N	N	N	0.0000	0.0000	0.0000	0.0000	0.0000	0.0000	0.0000	0.0000	0.0000	0.0000	0.0000	0.0000	0.0000	0.0000	0.0000	0.0000	0.0000	0.0012	0.0020	0.0000	0.0046	0.0049	0.0000	0.0002	0.0004	0.0000	0.0000	0.0000	-0.0000	2.0028	1.1272	2.2704	11.0864	0.0000	0.0000	0.0000	0.0000	0.0000	0.0000	0.0000	0.0000	0.0000	0.0001	0.0001	0.0000	0.0001	0.0001	0.0000	0.0000	0.0000	0.0000	0.0218	0.0188	0.0030	0.0043	0.0043	0.0001	0.0175	0.0146	0.0029	0.0700	0.0407	0.0294	0.0159	0.0147	0.0012	0.0541	0.0259	0.0282	0.0000	0.0000	0.0000	0.0000	0.0000	0.0000	0.0000	0.0000	0.0000	0.0012	0.0020	0.0000	0.0046	0.0049	0.0000	0.0002	0.0004	0.0000		
21	40	0.0691	6	0	0	0	1	0	0	0	0	N	N	N	N	N	N	N	N	N	N	N	N	0.0000	0.0000	0.0000	0.0000	0.0000	0.0000	0.0000	0.0000	0.0000	0.0000	0.0000	0.0000	0.0000	0.0000	0.0000	0.0000	0.0004	0.0003	0.0007	0.0005	0.0005	0.0000	0.0003	0.0000	0.0007	0.9982	0.0000	-0.0000	2.0028	0.4765	2.2704	0.2778	0.0000	0.0000	0.0000	0.0000	0.0000	0.0000	0.0000	0.0000	0.0000	0.0000	0.0000	0.0000	0.0000	0.0000	0.0000	0.0000	0.0000	0.0000	0.0126	0.0108	0.0018	0.0035	0.0035	0.0000	0.0091	0.0073	0.0017	0.0114	0.0080	0.0034	0.0045	0.0044	0.0001	0.0070	0.0036	0.0033	0.0000	0.0000	0.0000	0.0000	0.0000	0.0000	0.0000	0.0000	0.0000	0.0004	0.0003	0.0007	0.0005	0.0005	0.0000	0.0003	0.0000	0.0007			
21	41	0.0620	4	0	1	0	2	0	0	0	0	N	N	N	Y	N	N	N	N	N	N	N	N	0.0000	0.0000	0.0000	0.0000	0.0000	0.0000	0.0000	0.0000	0.0000	0.0000	0.0000	0.0000	0.0000	0.0000	0.0000	0.0000	0.0000	0.0000	0.2403	0.0001	0.5544	0.0007	0.0005	0.0040	0.2997	0.0000	0.5729	2848.9575	-0.0000	0.0183	2.0028	10.0333	2.2704	21.8674	0.0000	0.0000	0.0000	0.0000	0.0000	0.0000	0.0000	0.0000	0.0000	0.0401	0.0000	0.0401	0.0000	0.0000	0.0000	0.0401	0.0000	0.0401	0.1393	0.1209	0.0184	0.0119	0.0113	0.0006	0.1274	0.1096	0.0178	0.1670	0.0946	0.0724	0.0332	0.0308	0.0024	0.1338	0.0638	0.0700	0.0000	0.0000	0.0000	0.0000	0.0000	0.0000	0.0000	0.0000	0.0000	0.2403	0.0001	0.5544	0.0007	0.0005	0.0040	0.2997	0.0000	0.5729	
21	42	0.2178	17	1	0	1	1	0	0	0	0	N	N	N	N	N	N	N	N	N	N	N	N	0.0001	0.0001	0.0000	0.0000	inf	inf	0.0000	0.0000	0.0000	0.0000	0.0000	0.0000	0.0000	0.0000	0.0000	0.0103	0.0165	0.0000	0.0339	0.0359	0.0000	0.0000	0.0000	0.0000	0.0000	0.0000	-0.0000	-0.0001	2.0028	0.9968	2.2704	1.9513	0.0000	0.0000	0.0000	0.0000	0.0000	0.0000	0.0000	0.0000	0.0000	0.0002	0.0002	0.0000	0.0002	0.0002	0.0000	0.0000	0.0000	0.0000	0.0135	0.0118	0.0018	0.0024	0.0022	0.0001	0.0112	0.0095	0.0016	0.0200	0.0125	0.0075	0.0061	0.0057	0.0003	0.0139	0.0068	0.0072	0.0001	0.0001	0.0000	0.0000	0.0000	0.0000	inf	inf	0.0000	0.0103	0.0165	0.0000	0.0339	0.0359	0.0000	0.0000	0.0000	0.0000			
21	43	0.2046	16	1	0	1	1	0	0	0	0	N	N	N	N	N	N	N	N	N	N	N	N	0.0317	2.2846	0.0000	0.0000	0.0000	0.0273	inf	0.0000	0.0001	0.0002	0.0000	0.0000	0.0000	0.0000	0.0002	0.0002	0.0000	0.0046	0.0001	0.0112	0.0002	0.0002	0.0000	0.0062	0.0000	0.0118	0.0000	104.9546	-0.0000	0.0001	2.0028	5.0018	2.2704	1.7716	0.0000	0.0000	0.0000	0.0000	0.0000	0.0000	0.0000	0.0000	0.0000	0.0002	0.0000	0.0002	0.0000	0.0000	0.0000	0.0002	0.0000	0.0002	0.0683	0.0596	0.0087	0.0090	0.0086	0.0005	0.0593	0.0510	0.0083	0.0389	0.0231	0.0158	0.0102	0.0094	0.0007	0.0288	0.0137	0.0151	0.0317	2.2846	0.0000	0.0000	0.0000	0.0000	0.0273	inf	0.0000	0.0046	0.0001	0.0112	0.0002	0.0002	0.0000	0.0062	0.0000	0.0118	
21	44	0.2078	17	1	0	1	1	0	0	0	0	N	N	N	N	N	N	N	N	N	N	N	N	inf	inf	inf	inf	14.6477	0.0000	114.5080	0.0000	0.0000	0.0000	16.8934	0.0000	120.9737	0.0000	0.0000	0.0000	0.0000	0.0000	0.0000	0.0000	0.0000	0.0000	inf	0.6188	0.0000	2.0028	4.9860	2.2704	2.3663	0.9998	0.0000	0.9998	0.0000	0.0000	0.0000	0.9998	0.0000	0.9998	0.0000	0.0000	0.0000	0.0000	0.0000	0.0000	0.0000	0.0000	0.0000	0.0683	0.0595	0.0087	0.0091	0.0086	0.0005	0.0592	0.0509	0.0083	0.0540	0.0328	0.0212	0.0216	0.0175	0.0041	0.0324	0.0153	0.0171	inf	0.0000	inf	0.0000	0.0000	0.0000	inf	0.0000	inf	0.0000	0.0000	0.0000	0.0000	0.0000	0.0000	0.0000	0.0000	0.0000						
21	45	0.2046	16	1	0	0	1	0	0	0	0	N	N	N	N	N	N	N	N	N	N	N	N	1907.1202	0.0229	736815.5014	0.1082	0.1095	2764.1693	0.0000	783882.0885	0.4024	0.0000	3.2417	0.0000	0.0000	0.0000	0.5655	0.0000	3.5994	0.0002	0.0004	0.0000	0.0002	0.0002	0.0000	0.0002	0.0005	0.0000	55555.5093	0.0088	0.0001	-0.0000	2.0028	0.0225	2.2704	1.9333	0.0002	0.0000	0.0002	0.0000	0.0000	0.0000	0.0002	0.0000	0.0002	0.0000	0.0000	0.0000	0.0000	0.0000	0.0000	0.0000	0.0000	0.0000	0.0005	0.0004	0.0001	0.0001	0.0001	0.0000	0.0004	0.0003	0.0001	0.0138	0.0080	0.0058	0.0042	0.0040	0.0002	0.0096	0.0040	0.0056	1907.1202	0.0229	736815.5014	0.1082	0.1095	0.0000	2764.1693	0.0000	783882.0885	0.0002	0.0004	0.0000	0.0002	0.0002	0.0000	0.0002	0.0005	0.0000	
21	46	0.2017	15	1	0	0	1	0	0	0	0	N	N	N	N	N	N	N	N	N	N	N	N	0.0538	0.0406	0.0000	0.0000	0.0000	0.0648	0.0439	0.0000	0.0000	0.0000	0.0000	0.0000	0.0000	0.0000	0.0000	0.0000	0.0000	0.0000	0.0000	0.0000	0.0000	0.0000	0.0000	0.0000	0.0000	0.0000	0.0256	0.1275	-0.0000	-0.0000	2.0028	1.0095	2.2704	0.3555	0.0000	0.0000	0.0000	0.0000	0.0000	0.0000	0.0000	0.0000	0.0000	0.0000	0.0000	0.0000	0.0000	0.0000	0.0000	0.0000	0.0000	0.0000	0.0142	0.0124	0.0018	0.0019	0.0018	0.0001	0.0123	0.0106	0.0017	0.0076	0.0046	0.0031	0.0019	0.0017	0.0001	0.0057	0.0028	0.0029	0.0538	0.0406	0.0000	0.0000	0.0000	0.0000	0.0648	0.0439	0.0000	0.0000	0.0000	0.0000	0.0000	0.0000	0.0000	0.0000	0.0000	0.0000	
21	47	0.0727	4	0	0	1	1	0	0	0	0	N	N	N	N	N	N	N	N	N	N	N	N	0.0000	0.0000	0.0000	0.0000	0.0000	0.0000	0.0000	0.0000	0.0000	0.0000	0.0000	0.0000	0.0000	0.0000	0.0000	0.0000	0.0000	0.0000	0.0009	0.0011	0.0005	0.0007	0.0007	0.0000	0.0010	0.0014	0.0005	0.2973	-0.0000	-0.0000	2.0028	3.0460	2.2704	11.9126	0.0000	0.0000	0.0000	0.0000	0.0000	0.0000	0.0000	0.0000	0.0000	0.0001	0.0001	0.0000	0.0000	0.0000	0.0000	0.0001	0.0000	0.0000	0.0437	0.0378	0.0059	0.0036	0.0034	0.0002	0.0402	0.0345	0.0057	0.0966	0.0575	0.0391	0.0244	0.0229	0.0015	0.0722	0.0346	0.0376	0.0000	0.0000	0.0000	0.0000	0.0000	0.0000	0.0000	0.0000	0.0000	0.0009	0.0011	0.0005	0.0007	0.0007	0.0000	0.0010	0.0014	0.0005	
21	48	0.0593	3	0	0	0	1	0	0	0	0	N	N	N	N	N	N	N	N	N	N	N	N	0.0002	0.0001	0.0000	0.0006	0.0006	0.0000	0.0000	0.0000	0.0000	0.0000	0.0000	0.0000	0.0000	0.0000	0.0000	0.0000	0.0000	0.0000	0.0035	0.0051	0.0010	0.0112	0.0116	0.0011	0.0005	0.0000	0.0010	0.0288	0.1287	-0.0000	-0.0001	2.0028	1.1082	2.2704	5.8288	0.0000	0.0000	0.0000	0.0000	0.0000	0.0000	0.0000	0.0000	0.0000	0.0002	0.0002	0.0000	0.0002	0.0002	0.0000	0.0000	0.0000	0.0000	0.0166	0.0144	0.0023	0.0015	0.0014	0.0001	0.0152	0.0130	0.0022	0.0559	0.0339	0.0219	0.0156	0.0150	0.0006	0.0403	0.0189	0.0214	0.0002	0.0001	0.0000	0.0006	0.0006	0.0000	0.0000	0.0000	0.0000	0.0035	0.0051	0.0010	0.0112	0.0116	0.0011	0.0005	0.0000	0.0010
21	49	0.0726	3	0	1	0	1	0	0	0	0	N	N	N	N	N	N	N	N	N	N	N	N	0.0000	0.0000	0.0000	0.0000	0.0000	0.0000	0.0000	0.0000	0.0000	0.0000	0.0000	0.0000	0.0000	8.1462	14.5330	0.0000	46.8307	44.9661	0.0000	0.0000	0.0000	0.0000	0.0000	0.0000	-0.0496	2.0028	0.0000	2.2704	2.0001	0.0000	0.0000	0.0000	0.0000	0.0000	0.0000	0.0000	0.0000	0.0000	0.0914	0.0914	0.0000	0.0914	0.0914	0.0000	0.0000	0.0000	0.0000	0.0000	0.0000	0.0000	0.0000	0.0000	0.0000	0.0000	0.0000	0.0000	0.0112	0.0063	0.0049	0.0023	0.0020	0.0003	0.0089	0.0043	0.0047	0.0000	0.0000	0.0000	0.0000	0.0000	0.0000	0.0000	0.0000	0.0000	8.1462	14.5330	0.0000	39.7884	44.9661	0.0000	0.0000	0.0000	0.0000						
21	50	0.2372	20	1	1	1	1	0	0	0	0	N	N	N	N	N	N	N	N	N	N	N	N	0.0000	0.0000	0.0000	0.0000	0.0000	0.0000	0.0000	0.0000	0.0000	0.0000	0.0000	0.0000	0.0000	0.0004	0.0000	0.0018	0.0010	0.0000	0.0240	0.0000	0.0000	0.0000	inf	0.0000	0.0000	2.0028	0.0000	2.2704	1.7047	0.0000	0.0000	0.0000	0.0000	0.0000	0.0000	0.0000	0.0000	0.0000	0.0000	0.0000	0.0000	0.0000	0.0000	0.0000	0.0000	0.0000	0.0000	0.0000	0.0000	0.0000	0.0000	0.0000	0.0000	0.0000	0.0000	0.0000	0.0167	0.0128	0.0040	0.0068	0.0065	0.0003	0.0099	0.0062	0.0037	0.0000	0.0000	0.0000	0.0000	0.0000	0.0000	0.0000	0.0000	0.0000	0.0004	0.0000	0.0018	0.0010	0.0000	0.0240	0.0000	0.0000	0.0000						
21	51	0.2372	20	1	1	1	1	0	0	0	0	N	N	N	N	N	N	N	N	N	N	N	N	0.0000	0.0000	0.0000	0.0000	0.0000	0.0000	0.0000	0.0000	0.0000	0.0000	0.0000	0.0000	0.0000	0.0003	0.0003	0.0000	0.0006	0.0006	0.0000	0.0000	0.0000	0.0000	0.0000	0.0000	-0.0000	2.0028	0.0000	2.2704	0.2953	0.0000	0.0000	0.0000	0.0000	0.0000	0.0000	0.0000	0.0000	0.0000	0.0000	0.0000	0.0000	0.0000	0.0000	0.0000	0.0000	0.0000	0.0000	0.0000	0.0000	0.0000	0.0000	0.0000	0.0000	0.0000	0.0000	0.0000	0.0099	0.0086	0.0013	0.0047	0.0046	0.0001	0.0052	0.0040	0.0012	0.0000	0.0000	0.0000	0.0000	0.0000	0.0000	0.0000	0.0000	0.0000	0.0003	0.0003	0.0000	0.0006	0.0006	0.0000	0.0000	0.0000	0.0000						
21	52	0.2343	19	1	1	1	1	0	0	0	0	N	N	N	N	N	N	N	N	N	N	N	N	0.0000	0.0000	0.0000	0.0000	0.0000	0.0000	0.0000	0.0000	0.0000	0.0000	0.0000	0.0000	0.0000	0.0000	0.0000	0.0000	0.0000	0.0000	0.0006	0.0008	0.0000	0.0015	0.0016	0.0001	0.0000	0.0000	0.0000	0.0037	0.0000	-0.0000	2.0028	0.0001	2.2704	1.7968	0.0000	0.0000	0.0000	0.0000	0.0000	0.0000	0.0000	0.0000	0.0000	0.0000	0.0000	0.0000	0.0000	0.0000	0.0000	0.0000	0.0000	0.0000	0.0000	0.0000	0.0000	0.0000	0.0000	0.0000	0.0000	0.0000	0.0000	0.0128	0.0084	0.0044	0.0046	0.0043	0.0002	0.0082	0.0040	0.0041	0.0000	0.0000	0.0000	0.0000	0.0000	0.0000	0.0000	0.0000	0.0000	0.0006	0.0008	0.0000	0.0015	0.0016	0.0001	0.0000	0.0000	0.0000	
21	53	0.2160	13	1	1	0	1	0	0	0	0	N	N	N	N	N	N	N	N	N	N	N	N	296.4874	284.7957	0.0000	3.9376	4.2841	1460.5653	inf	0.0000	0.0003	0.0003	0.0000	0.0000	0.0000	0.0000	0.0004	0.0005	0.0000	0.0000	0.0000	0.0000	0.0000	0.0000	0.0000	0.0000	0.0000	0.0000	0.0000	0.3083	-0.0000	-0.0000	2.0028	1.8240	2.2704	0.8872	0.0000	0.0000	0.0000	0.0000	0.0000	0.0000	0.0000	0.0000	0.0000	0.0000	0.0000	0.0000	0.0000	0.0000	0.0000	0.0000	0.0000	0.0000	0.0334	0.0292	0.0042	0.0128	0.0115	0.0013	0.0206	0.0177	0.0029	0.0185	0.0119	0.0066	0.0065	0.0062	0.0004	0.0119	0.0057	0.0062	296.4874	284.7957	0.0000	3.9376	4.2841	0.0000	1460.5653	inf	0.0000	0.0000	0.0000	0.0000	0.0000	0.0000	0.0000	0.0000	0.0000	0.0000	
21	54	0.0203	3	0	1	0	2	0	0	0	0	N	N	N	Y	N	N	N	N	N	N	N	N	0.1033	0.0711	0.0000	0.1405	0.1402	0.0000	0.0000	0.0000	0.0832	0.1100	0.0000	0.3053	0.3053	0.0000	0.0000	0.0000	0.0000	0.8052	1.5466	0.0001	2.1723	2.1769	0.0000	0.0152	0.0621	0.0001	0.0000	0.0000	-0.0000	-0.0385	2.0028	0.0007	2.2704	4.7762	0.0000	0.0000	0.0000	0.0000	0.0000	0.0000	0.0000	0.0000	0.0000	0.0710	0.0710	0.0000	0.0701	0.0701	0.0000	0.0009	0.0008	0.0000	0.0000	0.0000	0.0000	0.0000	0.0000	0.0000	0.0000	0.0000	0.0000	0.0882	0.0459	0.0423	0.0323	0.0322	0.0001	0.0559	0.0137	0.0422	0.1033	0.0711	0.0000	0.1405	0.1402	0.0000	0.0000	0.0000	0.0000	0.8052	1.5466	0.0001	2.1723	2.1769	0.0000	0.0152	0.0621	0.0001	
21	55	0.0203	3	0	0	0	2	0	0	0	0	N	N	N	Y	N	N	N	N	N	N	N	N	0.2960	3.9513	0.0000	26.5237	31.3761	0.0000	0.0000	0.0000	0.0000	0.0832	0.1100	0.0000	0.3053	0.3053	0.0000	0.0000	0.0000	0.0000	0.2811	0.0278	0.5567	0.0115	0.0097	1.1279	0.4607	0.0871	0.5560	0.0000	18.3737	-0.0000	0.0091	2.0028	0.0007	2.2704	3.2259	0.0000	0.0000	0.0000	0.0000	0.0000	0.0000	0.0000	0.0000	0.0000	0.0225	0.0012	0.0213	0.0004	0.0003	0.0001	0.0221	0.0008	0.0212	0.0000	0.0000	0.0000	0.0000	0.0000	0.0000	0.0000	0.0000	0.0000	0.0799	0.0416	0.0383	0.0319	0.0319	0.0001	0.0480	0.0098	0.0382	0.2960	3.9513	0.0000	26.5237	31.3761	0.0000	0.0000	0.0000	0.0000	0.2811	0.0278	0.5567	0.0115	0.0097	0.9364	0.4607	0.0871	0.5560
21	56	0.0159	2	0	0	0	2	0	0	0	0	N	N	N	Y	N	N	N	N	N	N	N	N	0.0135	0.0083	0.0000	124.0349	124.1502	0.0000	0.0000	0.0000	0.0000	0.1828	0.2119	0.0000	67.1844	67.1929	0.0000	0.0000	0.0000	0.0000	13.5515	25.6145	0.4500	0.5417	0.5412	0.9980	23.0393	131.5504	0.4495	0.0000	0.0162	-0.0010	-0.5421	2.0028	0.9953	2.2704	1.3904	0.0026	0.0026	0.0000	0.0026	0.0026	0.0000	0.0000	0.0000	0.0000	1.0286	1.0123	0.0164	0.0173	0.0173	0.0000	1.0113	0.9950	0.0163	0.0144	0.0124	0.0020	0.0000	0.0000	0.0000	0.0144	0.0124	0.0020	0.0759	0.0395	0.0364	0.0320	0.0320	0.0001	0.0439	0.0076	0.0363	0.0135	0.0083	0.0000	124.0349	124.1502	0.0000	0.0000	0.0000	0.0000	13.5515	25.6145	0.4500	0.5417	0.5412	0.7903	23.0393	131.5504	0.4495
21	59	0.2345	20	0	1	1	1	0	0	0	0	N	N	N	N	N	N	N	N	N	N	N	N	0.0000	0.0000	0.0000	0.0000	0.0000	0.0000	0.0000	0.0000	0.0000	0.0000	0.0000	0.0000	0.0000	0.0000	0.0000	0.0000	0.0000	0.0000	0.0005	0.0007	0.0000	0.0015	0.0016	0.0002	0.0000	0.0000	0.0000	0.0113	0.0000	-0.0000	2.0028	0.9979	2.2704	4.0614	0.0000	0.0000	0.0000	0.0000	0.0000	0.0000	0.0000	0.0000	0.0000	0.0000	0.0000	0.0000	0.0000	0.0000	0.0000	0.0000	0.0000	0.0000	0.0136	0.0119	0.0017	0.0023	0.0022	0.0001	0.0113	0.0097	0.0016	0.0281	0.0180	0.0101	0.0088	0.0082	0.0006	0.0193	0.0098	0.0095	0.0000	0.0000	0.0000	0.0000	0.0000	0.0000	0.0000	0.0000	0.0000	0.0005	0.0007	0.0000	0.0015	0.0016	0.0002	0.0000	0.0000	0.0000	
21	60	0.2260	19	0	1	0	1	0	0	0	0	N	N	N	N	N	N	N	N	N	N	N	N	0.0000	0.0000	0.0000	0.0000	0.0000	0.0000	0.0000	0.0000	0.0000	0.0000	0.0000	0.0000	0.0000	0.0000	0.0000	0.0000	0.0000	0.0000	0.0003	0.0002	0.0004	0.0005	0.0006	0.0000	0.0002	0.0000	0.0004	0.9057	0.0000	-0.0000	2.0028	2.2356	2.2704	2.2044	0.0000	0.0000	0.0000	0.0000	0.0000	0.0000	0.0000	0.0000	0.0000	0.0000	0.0000	0.0000	0.0000	0.0000	0.0000	0.0000	0.0000	0.0000	0.0312	0.0273	0.0039	0.0059	0.0056	0.0003	0.0253	0.0217	0.0036	0.0240	0.0151	0.0089	0.0072	0.0067	0.0005	0.0168	0.0084	0.0084	0.0000	0.0000	0.0000	0.0000	0.0000	0.0000	0.0000	0.0000	0.0000	0.0003	0.0002	0.0004	0.0005	0.0006	0.0000	0.0002	0.0000	0.0004	
21	61	0.2054	17	1	0	1	1	0	0	0	0	N	N	N	N	N	N	N	N	N	N	N	N	0.0000	0.0000	0.0000	0.0000	0.0000	0.0000	0.0000	0.0000	0.0000	0.0000	0.0000	0.0000	0.0000	0.0000	0.0000	0.0000	0.0000	0.0002	0.0004	0.0000	0.0000	0.0000	0.0000	0.0003	0.0006	0.0000	0.0058	0.0000	-0.0000	2.0028	2.0703	2.2704	7.0012	0.0000	0.0000	0.0000	0.0000	0.0000	0.0000	0.0000	0.0000	0.0000	0.0000	0.0000	0.0000	0.0000	0.0000	0.0000	0.0000	0.0000	0.0000	0.0302	0.0264	0.0038	0.0051	0.0049	0.0002	0.0250	0.0215	0.0036	0.0473	0.0284	0.0190	0.0115	0.0105	0.0010	0.0359	0.0179	0.0180	0.0000	0.0000	0.0000	0.0000	0.0000	0.0000	0.0000	0.0000	0.0000	0.0002	0.0004	0.0000	0.0000	0.0000	0.0000	0.0003	0.0006	0.0000		
21	62	0.2038	16	0	0	0	1	0	0	0	0	N	N	N	N	N	N	N	N	N	N	N	N	0.0000	0.0000	0.0000	0.0000	0.0000	0.0000	0.0000	0.0000	0.0000	0.0000	0.0000	0.0000	0.0000	0.0000	0.0000	0.0000	0.0000	0.0000	0.0000	0.0000	0.0000	0.0000	0.0000	0.0000	0.0000	0.0000	0.0418	0.0000	-0.0000	2.0028	0.9285	2.2704	0.0280	0.0000	0.0000	0.0000	0.0000	0.0000	0.0000	0.0000	0.0000	0.0000	0.0000	0.0000	0.0000	0.0000	0.0000	0.0000	0.0000	0.0000	0.0000	0.0132	0.0115	0.0017	0.0021	0.0020	0.0001	0.0111	0.0096	0.0016	0.0053	0.0032	0.0021	0.0013	0.0012	0.0001	0.0040	0.0020	0.0020	0.0000	0.0000	0.0000	0.0000	0.0000	0.0000	0.0000	0.0000	0.0000	0.0000	0.0000	0.0000	0.0000	0.0000	0.0000	0.0000	0.0000	0.0000		
21	63	0.1661	11	1	1	0	1	0	0	0	0	N	N	N	N	N	N	N	N	N	N	N	N	0.0023	0.0000	11.9340	0.0007	0.0000	inf	0.1890	0.0000	10.8499	0.0000	0.0000	0.0000	0.0000	0.0000	0.0000	0.0000	0.0000	0.0000	0.0004	0.0007	0.0000	0.0017	0.0018	0.0000	0.0000	0.0000	0.0000	inf	0.0006	0.0000	-0.0000	2.0028	1.0023	2.2704	3.0135	0.0000	0.0000	0.0000	0.0000	0.0000	0.0000	0.0000	0.0000	0.0000	0.0000	0.0000	0.0000	0.0000	0.0000	0.0000	0.0000	0.0000	0.0000	0.0143	0.0124	0.0019	0.0018	0.0017	0.0001	0.0125	0.0108	0.0017	0.0223	0.0137	0.0086	0.0058	0.0054	0.0004	0.0165	0.0083	0.0082	0.0023	0.0000	11.9340	0.0007	0.0000	inf	0.1890	0.0000	10.8499	0.0004	0.0007	0.0000	0.0017	0.0018	0.0000	0.0000	0.0000	0.0000
21	64	0.1397	10	1	1	0	1	0	0	0	0	N	N	N	N	N	N	N	N	N	N	N	N	0.1172	0.0000	121.8656	0.0224	0.0000	54.5060	0.5133	0.0001	140.8972	0.0002	0.0000	0.0013	0.0001	0.0000	0.0009	0.0002	0.0000	0.0015	0.0016	0.0026	0.0000	0.0052	0.0056	0.0000	0.0004	0.0008	0.0000	2355.2049	0.0028	0.0000	-0.0001	2.0028	3.0820	2.2704	9.3392	0.0000	0.0000	0.0000	0.0000	0.0000	0.0000	0.0000	0.0000	0.0000	0.0001	0.0001	0.0000	0.0001	0.0001	0.0000	0.0000	0.0000	0.0000	0.0540	0.0467	0.0074	0.0165	0.0143	0.0021	0.0376	0.0323	0.0053	0.0640	0.0386	0.0254	0.0153	0.0143	0.0011	0.0487	0.0244	0.0243	0.1172	0.0000	121.8656	0.0224	0.0000	54.5060	0.5133	0.0001	140.8972	0.0016	0.0026	0.0000	0.0052	0.0056	0.0000	0.0004	0.0008	0.0000
21	65	0.2260	19	0	1	0	1	0	0	0	0	N	N	N	N	N	N	N	N	N	N	N	N	0.0000	0.0000	0.0000	0.0000	0.0000	0.0000	0.0000	0.0000	0.0000	0.0000	0.0000	0.0000	0.0000	0.0000	0.0000	0.0012	0.0000	0.0031	0.0000	0.0000	0.0000	0.0017	0.0000	0.0033	inf	0.0000	0.0000	2.0028	1.7946	2.2704	5.9592	0.0000	0.0000	0.0000	0.0000	0.0000	0.0000	0.0000	0.0000	0.0000	0.0000	0.0000	0.0000	0.0000	0.0000	0.0000	0.0000	0.0000	0.0000	0.0255	0.0223	0.0032	0.0049	0.0047	0.0002	0.0205	0.0176	0.0030	0.0394	0.0244	0.0150	0.0115	0.0106	0.0009	0.0279	0.0138	0.0141	0.0000	0.0000	0.0000	0.0000	0.0000	0.0000	0.0000	0.0000	0.0000	0.0012	0.0000	0.0031	0.0000	0.0000	0.0000	0.0017	0.0000	0.0033				
21	66	0.2192	18	0	1	0	1	0	0	0	0	N	N	N	N	N	N	N	N	N	N	N	N	0.0000	0.0000	0.0000	0.0000	0.0000	0.0000	0.0000	0.0000	0.0000	0.0000	0.0000	0.0000	0.0000	0.0000	0.0000	0.0000	0.0000	0.0002	0.0000	0.0005	0.0000	0.0000	0.0000	0.0003	0.0000	0.0005	37.9791	0.0000	0.0000	2.0028	1.3569	2.2704	2.0560	0.0000	0.0000	0.0000	0.0000	0.0000	0.0000	0.0000	0.0000	0.0000	0.0000	0.0000	0.0000	0.0000	0.0000	0.0000	0.0000	0.0000	0.0000	0.0209	0.0182	0.0027	0.0042	0.0040	0.0002	0.0166	0.0142	0.0025	0.0183	0.0110	0.0073	0.0053	0.0049	0.0004	0.0130	0.0061	0.0069	0.0000	0.0000	0.0000	0.0000	0.0000	0.0000	0.0000	0.0000	0.0000	0.0002	0.0000	0.0005	0.0000	0.0000	0.0000	0.0003	0.0000	0.0005		
21	67	0.2058	17	0	1	0	1	0	0	0	0	N	N	N	N	N	N	N	N	N	N	N	N	0.0000	0.0000	0.0000	0.0000	0.0000	0.0000	0.0000	0.0000	0.0000	0.0000	0.0000	0.0000	0.0000	0.0000	0.0000	0.0000	0.0000	0.0000	0.0000	0.0000	0.0000	0.0000	0.0000	0.0000	0.0000	1.7117	0.0000	0.0000	2.0028	4.9477	2.2704	2.0153	0.0000	0.0000	0.0000	0.0000	0.0000	0.0000	0.0000	0.0000	0.0000	0.0000	0.0000	0.0000	0.0000	0.0000	0.0000	0.0000	0.0000	0.0000	0.0719	0.0628	0.0091	0.0134	0.0125	0.0009	0.0585	0.0502	0.0083	0.0366	0.0227	0.0138	0.0113	0.0104	0.0009	0.0252	0.0123	0.0130	0.0000	0.0000	0.0000	0.0000	0.0000	0.0000	0.0000	0.0000	0.0000	0.0000	0.0000	0.0000	0.0000	0.0000	0.0000	0.0000	0.0000	0.0000			
21	68	0.0726	3	0	0	1	1	0	0	0	0	N	N	N	N	N	N	N	N	N	N	N	N	0.0000	0.0000	0.0000	0.0000	0.0000	0.0000	0.0000	0.0000	0.0000	0.0000	0.0000	0.0000	0.0000	0.0000	0.0000	0.0001	0.0000	0.0003	0.0000	0.0000	0.0000	0.0002	0.0000	0.0003	inf	0.0000	0.0000	2.0028	0.0000	2.2704	4.0001	0.0000	0.0000	0.0000	0.0000	0.0000	0.0000	0.0000	0.0000	0.0000	0.0000	0.0000	0.0000	0.0000	0.0000	0.0000	0.0000	0.0000	0.0000	0.0000	0.0000	0.0000	0.0000	0.0000	0.0000	0.0000	0.0000	0.0000	0.0222	0.0125	0.0098	0.0045	0.0040	0.0005	0.0177	0.0084	0.0092	0.0000	0.0000	0.0000	0.0000	0.0000	0.0000	0.0000	0.0000	0.0000	0.0001	0.0000	0.0003	0.0000	0.0000	0.0000	0.0002	0.0000	0.0003				
21	69	0.0503	2	0	0	0	1	0	0	0	0	N	N	N	N	N	N	N	N	N	N	N	N	0.0013	0.0361	0.0000	0.0185	0.0198	0.0000	0.0009	0.5826	0.0000	0.0001	0.0002	0.0000	0.0001	0.0002	0.0000	0.0001	0.0002	0.0000	0.1105	0.0047	0.2367	0.0077	0.0081	0.0010	0.1593	0.0003	0.2448	0.0000	42.3434	-0.0000	0.0058	2.0028	2.8240	2.2704	8.9883	0.0000	0.0000	0.0000	0.0000	0.0000	0.0000	0.0000	0.0000	0.0000	0.0134	0.0003	0.0131	0.0003	0.0003	0.0000	0.0131	0.0000	0.0131	0.0563	0.0486	0.0076	0.0138	0.0124	0.0014	0.0425	0.0363	0.0062	0.1211	0.0659	0.0552	0.0390	0.0372	0.0018	0.0821	0.0287	0.0534	0.0013	0.0361	0.0000	0.0185	0.0198	0.0000	0.0009	0.5826	0.0000	0.1105	0.0047	0.2367	0.0077	0.0081	0.0010	0.1593	0.0003	0.2448
21	73	0.1308	9	0	0	0	1	0	0	0	0	N	N	N	N	N	N	N	N	N	N	N	N	1.5509	1.0613	0.2729	0.2881	3100.8586	2230.0859	0.0001	0.0002	0.0000	0.0001	0.0001	0.0000	0.0002	0.0002	0.0000	0.0001	0.0002	0.0000	0.0004	0.0004	0.0000	0.0000	0.0000	0.0000	0.0000	0.0001	-0.0000	-0.0000	2.0028	4.0673	2.2704	17.8409	0.0000	0.0000	0.0000	0.0000	0.0000	0.0000	0.0000	0.0000	0.0000	0.0000	0.0000	0.0000	0.0000	0.0000	0.0000	0.0000	0.0000	0.0000	0.0667	0.0577	0.0090	0.0181	0.0158	0.0022	0.0486	0.0418	0.0068	0.1040	0.0615	0.0425	0.0250	0.0231	0.0019	0.0790	0.0384	0.0406	1.5509	1.0613	0.0000	0.2729	0.2881	0.0000	3100.8586	2230.0859	0.0000	0.0001	0.0002	0.0000	0.0004	0.0004	0.0000	0.0000	0.0000	0.0000			
21	75	0.2675	13	0	0	0	1	0	0	0	0	N	N	N	N	N	N	N	N	N	N	N	N	0.0141	0.0111	0.0001	0.0171	0.0189	0.0242	0.0015	0.0020	0.0000	0.0327	0.0370	0.0000	0.0908	0.0967	0.0001	0.0004	0.0005	0.0000	2.3150	3.3334	0.2464	5.3004	5.1070	0.0038	0.2662	0.2383	0.2906	0.0001	0.0364	-0.0010	-0.4714	2.0028	3.5843	2.2704	46.7516	0.0026	0.0026	0.0000	0.0026	0.0026	0.0000	0.0000	0.0000	0.0000	0.9282	0.8956	0.0326	0.8723	0.8723	0.0001	0.0558	0.0233	0.0325	0.0801	0.0709	0.0092	0.0286	0.0269	0.0017	0.0514	0.0440	0.0075	0.4009	0.2687	0.1323	0.1912	0.1708	0.0204	0.2098	0.0979	0.1119	0.0141	0.0111	0.0001	0.0199	0.0189	0.0242	0.0015	0.0020	0.0000	2.3150	3.3334	0.2464	4.5630	5.1070	0.0038	0.2662	0.2383	0.2906
21	76	0.2327	19	1	1	1	1	0	0	0	0	N	N	N	N	N	N	N	N	N	N	N	N	0.0000	0.0000	0.0000	0.0000	0.0000	0.0000	0.0000	0.0000	0.0000	0.0000	0.0000	0.0000	0.0000	0.0000	0.0000	0.0000	0.0000	0.0000	0.0000	0.0000	0.0000	0.0000	0.0000	0.0000	0.0000	2.4909	0.0000	0.0000	2.0028	1.0003	2.2704	1.0071	0.0000	0.0000	0.0000	0.0000	0.0000	0.0000	0.0000	0.0000	0.0000	0.0000	0.0000	0.0000	0.0000	0.0000	0.0000	0.0000	0.0000	0.0000	0.0135	0.0118	0.0017	0.0021	0.0020	0.0001	0.0114	0.0098	0.0016	0.0107	0.0066	0.0041	0.0031	0.0029	0.0002	0.0076	0.0037	0.0039	0.0000	0.0000	0.0000	0.0000	0.0000	0.0000	0.0000	0.0000	0.0000	0.0000	0.0000	0.0000	0.0000	0.0000	0.0000	0.0000	0.0000	0.0000			
21	77	0.2259	18	1	0	1	1	0	0	0	0	N	N	N	N	N	N	N	N	N	N	N	N	0.0000	0.0000	0.0000	0.0000	0.0000	0.0000	0.0000	0.0000	0.0000	0.0000	0.0000	0.0000	0.0000	0.0000	0.0000	0.0000	0.0000	0.0011	0.0002	0.0034	0.0003	0.0004	0.0000	0.0016	0.0000	0.0035	6.3884	0.0000	0.0000	2.0028	0.9901	2.2704	2.2068	0.0000	0.0000	0.0000	0.0000	0.0000	0.0000	0.0000	0.0000	0.0000	0.0000	0.0000	0.0000	0.0000	0.0000	0.0000	0.0000	0.0000	0.0000	0.0136	0.0119	0.0017	0.0022	0.0021	0.0001	0.0114	0.0098	0.0016	0.0448	0.0327	0.0121	0.0187	0.0183	0.0004	0.0261	0.0144	0.0117	0.0000	0.0000	0.0000	0.0000	0.0000	0.0000	0.0000	0.0000	0.0000	0.0011	0.0002	0.0034	0.0003	0.0004	0.0000	0.0016	0.0000	0.0035		
21	78	0.1484	10	0	1	0	1	0	0	0	0	N	N	N	N	N	N	N	N	N	N	N	N	14.1902	22206.4895	0.0000	265.5336	36532.7484	0.0000	0.0001	inf	0.0000	7.3612	8.4608	0.0000	27.9061	31.1730	0.0000	0.0000	0.0000	0.0000	0.5187	0.0004	1.4116	0.1051	0.0009	2.0346	0.6995	0.0000	1.4082	0.0000	2150.9801	-0.3810	0.0321	2.0028	8.4371	2.2704	15.3349	0.9998	0.9998	0.0000	0.9998	0.9998	0.0000	0.0000	0.0000	0.0000	0.0703	0.0000	0.0702	0.0043	0.0000	0.0043	0.0659	0.0000	0.0659	0.1358	0.1182	0.0177	0.0358	0.0321	0.0038	0.1000	0.0861	0.0139	0.1355	0.0857	0.0498	0.0412	0.0383	0.0029	0.0943	0.0474	0.0468	14.1902	22206.4895	0.0000	265.5336	36532.7484	0.0000	0.0001	inf	0.0000	0.5187	0.0004	1.4116	0.1051	0.0009	1.4664	0.6995	0.0000	1.4082
21	79	0.2259	18	1	0	1	1	0	0	0	0	N	N	N	N	N	N	N	N	N	N	N	N	0.0000	0.0000	0.0000	0.0000	0.0000	0.0000	0.0000	0.0000	0.0000	0.0000	0.0000	0.0000	0.0000	0.0000	0.0000	0.0000	0.0011	0.0007	0.0018	0.0014	0.0015	0.0000	0.0009	0.0000	0.0019	1.1335	0.0000	-0.0000	2.0028	3.0096	2.2704	5.7427	0.0000	0.0000	0.0000	0.0000	0.0000	0.0000	0.0000	0.0000	0.0000	0.0001	0.0000	0.0000	0.0000	0.0000	0.0000	0.0000	0.0000	0.0000	0.0406	0.0354	0.0052	0.0063	0.0060	0.0003	0.0342	0.0294	0.0049	0.0716	0.0487	0.0229	0.0260	0.0248	0.0011	0.0456	0.0238	0.0218	0.0000	0.0000	0.0000	0.0000	0.0000	0.0000	0.0000	0.0000	0.0000	0.0011	0.0007	0.0018	0.0014	0.0015	0.0000	0.0009	0.0000	0.0019			
21	80	0.2103	17	1	0	1	1	0	0	0	0	N	N	N	N	N	N	N	N	N	N	N	N	0.0000	0.0000	0.0000	0.0000	0.0000	0.0000	0.0000	0.0000	0.0000	0.0000	0.0000	0.0000	0.0000	0.0000	0.0000	0.0000	0.0000	0.0003	0.0001	0.0005	0.0003	0.0003	0.0000	0.0003	0.0000	0.0006	2.5322	0.0000	0.0000	2.0028	1.0477	2.2704	6.1154	0.0000	0.0000	0.0000	0.0000	0.0000	0.0000	0.0000	0.0000	0.0000	0.0000	0.0000	0.0000	0.0000	0.0000	0.0000	0.0000	0.0000	0.0000	0.0161	0.0141	0.0020	0.0031	0.0030	0.0001	0.0130	0.0111	0.0018	0.0430	0.0266	0.0163	0.0126	0.0117	0.0008	0.0304	0.0149	0.0155	0.0000	0.0000	0.0000	0.0000	0.0000	0.0000	0.0000	0.0000	0.0000	0.0003	0.0001	0.0005	0.0003	0.0003	0.0000	0.0003	0.0000	0.0006		
21	81	0.2038	16	0	0	0	1	0	0	0	0	N	N	N	N	N	N	N	N	N	N	N	N	0.0000	0.0000	0.0000	0.0000	0.0000	0.0000	0.0000	0.0000	0.0000	0.0000	0.0000	0.0000	0.0000	0.0000	0.0000	0.0000	0.0000	0.0000	0.0000	0.0000	0.0001	0.0001	0.0000	0.0000	0.0000	0.0000	0.1637	0.0000	-0.0000	2.0028	1.9794	2.2704	1.0196	0.0000	0.0000	0.0000	0.0000	0.0000	0.0000	0.0000	0.0000	0.0000	0.0000	0.0000	0.0000	0.0000	0.0000	0.0000	0.0000	0.0000	0.0000	0.0277	0.0242	0.0035	0.0042	0.0040	0.0002	0.0235	0.0202	0.0033	0.0161	0.0096	0.0064	0.0039	0.0036	0.0003	0.0122	0.0060	0.0061	0.0000	0.0000	0.0000	0.0000	0.0000	0.0000	0.0000	0.0000	0.0000	0.0000	0.0000	0.0000	0.0001	0.0001	0.0000	0.0000	0.0000	0.0000		
21	82	0.2017	15	0	0	0	1	0	0	0	0	N	N	N	N	N	N	N	N	N	N	N	N	0.0000	0.0000	0.0000	0.0000	0.0000	0.0000	0.0000	0.0000	0.0000	0.0000	0.0000	0.0000	0.0000	0.0000	0.0000	0.0000	0.0000	0.0000	0.0000	0.0000	0.0000	0.0000	0.0000	0.0000	0.0000	0.0000	0.2027	-0.0000	-0.0000	2.0028	1.0114	2.2704	0.0202	0.0000	0.0000	0.0000	0.0000	0.0000	0.0000	0.0000	0.0000	0.0000	0.0000	0.0000	0.0000	0.0000	0.0000	0.0000	0.0000	0.0000	0.0000	0.0142	0.0124	0.0018	0.0019	0.0018	0.0001	0.0123	0.0106	0.0017	0.0058	0.0035	0.0023	0.0014	0.0013	0.0001	0.0044	0.0021	0.0022	0.0000	0.0000	0.0000	0.0000	0.0000	0.0000	0.0000	0.0000	0.0000	0.0000	0.0000	0.0000	0.0000	0.0000	0.0000	0.0000	0.0000	0.0000		
21	83	0.1811	14	0	0	0	1	0	0	0	0	N	N	N	N	N	N	N	N	N	N	N	N	0.0184	0.0150	0.0000	0.0345	0.0350	0.0000	0.0000	0.0000	0.0000	0.0000	0.0000	0.0000	0.0000	0.0000	0.0000	0.0000	0.0000	0.0000	0.0000	0.0000	0.0000	0.0000	0.0000	0.0000	0.0000	0.0000	0.0000	0.0000	0.1865	-0.0000	-0.0000	2.0028	5.9223	2.2704	3.6882	0.0000	0.0000	0.0000	0.0000	0.0000	0.0000	0.0000	0.0000	0.0000	0.0000	0.0000	0.0000	0.0000	0.0000	0.0000	0.0000	0.0000	0.0000	0.0861	0.0754	0.0107	0.0136	0.0130	0.0006	0.0724	0.0623	0.0101	0.0546	0.0329	0.0218	0.0142	0.0132	0.0010	0.0405	0.0197	0.0208	0.0184	0.0150	0.0000	0.0345	0.0350	0.0000	0.0000	0.0000	0.0000	0.0000	0.0000	0.0000	0.0000	0.0000	0.0000	0.0000	0.0000	0.0000
21	84	0.1682	12	0	1	0	1	0	0	0	0	N	N	N	N	N	N	N	N	N	N	N	N	0.0000	0.0203	0.0000	0.0000	0.0028	0.0000	0.0000	0.1081	0.0000	0.0000	0.0000	0.0000	0.0000	0.0000	0.0000	0.0000	0.0000	0.0000	0.5336	0.0001	1.3751	0.0244	0.0002	0.1897	0.7722	0.0000	1.5144	0.0000	7606.8039	-0.0000	0.0473	2.0028	7.1084	2.2704	28.8937	0.0000	0.0000	0.0000	0.0000	0.0000	0.0000	0.0000	0.0000	0.0000	0.1034	0.0000	0.1034	0.0015	0.0000	0.0015	0.1019	0.0000	0.1019	0.1004	0.0876	0.0128	0.0175	0.0163	0.0012	0.0829	0.0713	0.0116	0.1938	0.1186	0.0752	0.0619	0.0540	0.0079	0.1320	0.0647	0.0673	0.0000	0.0203	0.0000	0.0000	0.0028	0.0000	0.0000	0.1081	0.0000	0.5336	0.0001	1.3751	0.0244	0.0002	0.1897	0.7722	0.0000	1.5144
21	85	0.1607	11	0	1	0	1	0	0	0	0	N	N	N	N	N	N	N	N	N	N	N	N	0.0000	0.0002	0.0000	0.0000	0.0000	0.0000	0.0001	0.0213	0.0000	0.0000	0.0000	0.0000	0.0000	0.0000	0.0000	0.0001	0.0001	0.0000	1.0049	0.2296	2.6625	0.7726	0.4131	16.1765	1.1668	0.0038	2.4187	0.0012	5.4251	-0.0000	0.0179	2.0028	2.2208	2.2704	3.9129	0.0000	0.0000	0.0000	0.0000	0.0000	0.0000	0.0000	0.0000	0.0000	0.0593	0.0092	0.0500	0.0187	0.0092	0.0096	0.0406	0.0001	0.0405	0.0538	0.0468	0.0069	0.0247	0.0217	0.0029	0.0291	0.0251	0.0040	0.0590	0.0402	0.0188	0.0242	0.0222	0.0021	0.0348	0.0180	0.0167	0.0000	0.0002	0.0000	0.0000	0.0000	0.0000	0.0001	0.0213	0.0000	1.0049	0.2296	2.6625	0.7726	0.4131	4.6484	1.1668	0.0038	2.4187
21	86	0.2362	13	0	0	1	1	0	0	0	0	N	N	N	N	N	N	N	N	N	N	N	N	0.0000	0.0000	0.0000	0.0001	0.0001	0.0000	0.0000	0.0000	0.0000	0.0000	0.0000	0.0000	0.0000	0.0000	0.0000	0.0000	0.0000	0.0000	0.0136	0.0224	0.0001	0.0266	0.0304	0.0003	0.0066	0.0142	0.0000	0.0000	0.0019	-0.0000	-0.0005	2.0028	5.3425	2.2704	7.0749	0.0000	0.0000	0.0000	0.0000	0.0000	0.0000	0.0000	0.0000	0.0000	0.0009	0.0009	0.0000	0.0006	0.0006	0.0000	0.0003	0.0003	0.0000	0.0847	0.0747	0.0100	0.0164	0.0157	0.0007	0.0683	0.0590	0.0093	0.0680	0.0412	0.0268	0.0238	0.0208	0.0030	0.0442	0.0204	0.0239	0.0000	0.0000	0.0000	0.0001	0.0001	0.0000	0.0000	0.0000	0.0000	0.0136	0.0224	0.0001	0.0266	0.0304	0.0003	0.0066	0.0142	0.0000
21	87	0.1931	12	0	0	0	1	0	0	0	0	N	N	N	N	N	N	N	N	N	N	N	N	0.0000	0.0000	0.0000	0.0000	0.0000	0.0000	0.0000	0.0000	0.0000	0.0001	0.0001	0.0000	0.0002	0.0002	0.0000	0.0000	0.0000	0.0000	2.1416	3.2587	0.0074	5.6050	5.5813	0.0610	0.2315	0.4857	0.0007	0.0003	0.0012	-0.0000	-0.1743	2.0028	7.0719	2.2704	13.7350	0.0000	0.0000	0.0000	0.0000	0.0000	0.0000	0.0000	0.0000	0.0000	0.3218	0.3214	0.0004	0.3008	0.3004	0.0004	0.0210	0.0210	0.0000	0.1267	0.1115	0.0153	0.0378	0.0345	0.0032	0.0890	0.0769	0.0120	0.1502	0.0986	0.0516	0.0596	0.0538	0.0057	0.0907	0.0448	0.0459	0.0000	0.0000	0.0000	0.0000	0.0000	0.0000	0.0000	0.0000	0.0000	2.1416	3.2587	0.0074	5.0486	5.5813	0.0610	0.2315	0.4678	0.0007
21	88	0.2363	20	1	0	1	1	0	0	0	0	N	N	N	N	N	N	N	N	N	N	N	N	0.0000	0.0000	0.0000	0.0000	0.0000	0.0000	0.0000	0.0000	0.0000	0.0000	0.0000	0.0000	0.0000	0.0000	0.0000	0.0000	0.0000	0.0000	0.0000	0.0000	2.0028	0.0000	2.2704	0.0000	0.0000	0.0000	0.0000	0.0000	0.0000	0.0000	0.0000	0.0000	0.0000	0.0000	0.0000	0.0000	0.0000	0.0000	0.0000	0.0000	0.0000	0.0000	0.0000	0.0000	0.0000	0.0000	0.0000	0.0000	0.0000	0.0000	0.0000	0.0000	0.0000	0.0000	0.0000	0.0000	0.0000	0.0000	0.0000	0.0000	0.0000	0.0000	0.0000	0.0000	0.0000	0.0000	0.0000	0.0000	0.0000	0.0000	0.0000	0.0000	0.0000	0.0000	0.0000	0.0000	0.0000	0.0000											
21	89	0.2343	19	1	0	1	1	0	0	0	0	N	N	N	N	N	N	N	N	N	N	N	N	0.0000	0.0000	0.0000	0.0000	0.0000	0.0000	0.0000	0.0000	0.0000	0.0000	0.0000	0.0000	0.0000	0.0000	0.0000	0.0000	0.0000	0.0000	0.0000	0.0000	0.0006	0.0000	0.0000	0.0000	inf	0.0000	0.0000	2.0028	0.0001	2.2704	0.9161	0.0000	0.0000	0.0000	0.0000	0.0000	0.0000	0.0000	0.0000	0.0000	0.0000	0.0000	0.0000	0.0000	0.0000	0.0000	0.0000	0.0000	0.0000	0.0000	0.0000	0.0000	0.0000	0.0000	0.0000	0.0000	0.0000	0.0000	0.0085	0.0058	0.0027	0.0033	0.0032	0.0001	0.0052	0.0026	0.0026	0.0000	0.0000	0.0000	0.0000	0.0000	0.0000	0.0000	0.0000	0.0000	0.0000	0.0000	0.0000	0.0000	0.0000	0.0006	0.0000	0.0000	0.0000				
21	90	0.2095	18	1	0	1	1	0	0	0	0	N	N	N	N	N	N	N	N	N	N	N	N	0.0000	0.0000	0.0000	0.0000	0.0000	0.0000	0.0000	0.0000	0.0000	0.0000	0.0000	0.0000	0.0000	0.0000	0.0000	0.0000	0.0000	0.0000	0.0000	0.0000	0.0000	0.0000	0.0000	0.0000	0.0000	0.0485	0.0000	-0.0000	2.0028	3.7876	2.2704	7.8440	0.0000	0.0000	0.0000	0.0000	0.0000	0.0000	0.0000	0.0000	0.0000	0.0000	0.0000	0.0000	0.0000	0.0000	0.0000	0.0000	0.0000	0.0000	0.0561	0.0493	0.0068	0.0122	0.0115	0.0007	0.0439	0.0378	0.0061	0.0610	0.0381	0.0229	0.0192	0.0177	0.0015	0.0419	0.0204	0.0215	0.0000	0.0000	0.0000	0.0000	0.0000	0.0000	0.0000	0.0000	0.0000	0.0000	0.0000	0.0000	0.0000	0.0000	0.0000	0.0000	0.0000	0.0000			
21	91	0.1204	8	0	1	0	2	0	0	0	0	N	N	N	Y	N	N	N	N	N	N	N	N	0.2979	0.3598	0.0000	0.0006	0.0007	0.0000	0.8667	43.4703	0.0000	0.0002	0.0003	0.0000	0.0000	0.0000	0.0000	0.0004	0.0004	0.0000	0.0007	0.0007	0.0008	0.0018	0.0019	0.0006	0.0004	0.0000	0.0008	0.0000	0.7557	-0.0000	-0.0000	2.0028	1.8247	2.2704	16.3284	0.0000	0.0000	0.0000	0.0000	0.0000	0.0000	0.0000	0.0000	0.0000	0.0001	0.0000	0.0000	0.0000	0.0000	0.0000	0.0000	0.0000	0.0000	0.0362	0.0310	0.0052	0.0138	0.0118	0.0020	0.0223	0.0192	0.0032	0.0958	0.0564	0.0393	0.0229	0.0215	0.0014	0.0729	0.0349	0.0379	0.2979	0.3598	0.0000	0.0006	0.0007	0.0000	0.8667	43.4703	0.0000	0.0007	0.0007	0.0008	0.0018	0.0019	0.0006	0.0004	0.0000	0.0008
21	92	0.1308	9	0	1	0	1	0	0	0	0	N	N	N	N	N	N	N	N	N	N	N	N	87428.0083	59497.2828	102288.3731	104981.2697	0.0000	0.0000	7.5189	8.6535	0.0000	36.7958	40.8814	0.0000	0.0000	0.0000	0.0000	0.0001	0.0001	0.0000	0.0004	0.0004	0.0000	0.0000	0.0000	0.0000	0.0000	0.0001	-0.3811	-0.0000	2.0028	9.1310	2.2704	16.1726	1.0000	1.0000	0.0000	1.0000	1.0000	0.0000	0.0000	0.0000	0.0000	0.0000	0.0000	0.0000	0.0000	0.0000	0.0000	0.0000	0.0000	0.0000	0.1330	0.1156	0.0174	0.0272	0.0245	0.0027	0.1058	0.0911	0.0147	0.1181	0.0698	0.0483	0.0282	0.0261	0.0022	0.0899	0.0438	0.0461	87428.0083	59497.2828	0.0000	102288.3731	104981.2697	0.0000	0.0000	0.0000	0.0000	0.0001	0.0001	0.0000	0.0004	0.0004	0.0000	0.0000	0.0000	0.0000			
21	93	0.0874	7	0	1	0	1	0	0	0	0	N	N	N	N	N	N	N	N	N	N	N	N	420.0125	0.0403	51337.4566	0.1852	0.1746	0.0000	13739.3843	49536.5096	0.0212	0.0000	0.1599	0.0000	0.0000	0.0000	0.0234	0.0000	0.1648	0.0001	0.0001	0.0000	0.0002	0.0002	0.0000	0.0000	0.0000	0.0000	7572.9983	0.0243	0.0008	-0.0000	2.0028	4.0959	2.2704	8.7137	0.0013	0.0000	0.0013	0.0000	0.0000	0.0000	0.0013	0.0000	0.0013	0.0000	0.0000	0.0000	0.0000	0.0000	0.0000	0.0000	0.0000	0.0000	0.0622	0.0540	0.0083	0.0058	0.0056	0.0002	0.0564	0.0484	0.0080	0.0868	0.0534	0.0334	0.0266	0.0240	0.0026	0.0602	0.0294	0.0308	420.0125	0.0403	51337.4566	0.1852	0.1746	0.0000	13739.3843	0.0000	49536.5096	0.0001	0.0001	0.0000	0.0002	0.0002	0.0000	0.0000	0.0000	0.0000	
21	94	0.0691	6	0	1	0	1	0	0	0	0	N	N	N	N	N	N	N	N	N	N	N	N	184483.2513	0.0000	893838.1862	0.0000	0.0000	258698.4222	0.0000	890724.5787	21.1176	0.0000	156.4612	0.0000	0.0000	0.0000	24.5687	0.0000	162.1838	0.0001	0.0001	0.0002	0.0002	0.0002	0.0000	0.0001	0.0000	0.0002	inf	1.7128	0.6181	0.0000	2.0028	2.9443	2.2704	6.1524	0.9987	0.0000	0.9987	0.0000	0.0000	0.0000	0.9987	0.0000	0.9987	0.0000	0.0000	0.0000	0.0000	0.0000	0.0000	0.0000	0.0000	0.0000	0.0473	0.0409	0.0064	0.0066	0.0064	0.0002	0.0406	0.0345	0.0062	0.0546	0.0321	0.0226	0.0129	0.0120	0.0009	0.0417	0.0200	0.0217	184483.2513	0.0000	893838.1862	0.0000	0.0000	0.0000	258698.4222	0.0000	890724.5787	0.0001	0.0001	0.0002	0.0002	0.0002	0.0000	0.0001	0.0000	0.0002	
21	95	0.0666	5	0	0	0	1	0	0	0	0	N	N	N	N	N	N	N	N	N	N	N	N	0.0000	0.0000	0.0000	0.0000	0.0000	0.0000	0.0000	0.0000	0.0000	0.0000	0.0000	0.0000	0.0000	0.0000	0.0000	0.0000	0.0000	0.0003	0.0004	0.0003	0.0007	0.0007	0.0001	0.0001	0.0000	0.0003	0.3829	0.0000	-0.0000	2.0028	0.8596	2.2704	1.2300	0.0000	0.0000	0.0000	0.0000	0.0000	0.0000	0.0000	0.0000	0.0000	0.0000	0.0000	0.0000	0.0000	0.0000	0.0000	0.0000	0.0000	0.0000	0.0139	0.0121	0.0018	0.0019	0.0018	0.0001	0.0120	0.0103	0.0017	0.0223	0.0146	0.0078	0.0075	0.0073	0.0002	0.0148	0.0072	0.0076	0.0000	0.0000	0.0000	0.0000	0.0000	0.0000	0.0000	0.0000	0.0000	0.0003	0.0004	0.0003	0.0007	0.0007	0.0001	0.0001	0.0000	0.0003		
21	98	0.2095	18	0	1	0	1	0	0	0	0	N	N	N	N	N	N	N	N	N	N	N	N	0.0000	0.0000	0.0000	0.0000	0.0000	0.0000	0.0000	0.0000	0.0000	0.0000	0.0000	0.0000	0.0000	0.0000	0.0000	0.0007	0.0000	0.0019	0.0000	0.0000	0.0000	0.0010	0.0000	0.0020	inf	0.0000	0.0000	2.0028	1.3608	2.2704	12.1483	0.0000	0.0000	0.0000	0.0000	0.0000	0.0000	0.0000	0.0000	0.0000	0.0000	0.0000	0.0000	0.0000	0.0000	0.0000	0.0000	0.0000	0.0000	0.0232	0.0206	0.0027	0.0071	0.0067	0.0004	0.0162	0.0139	0.0022	0.0693	0.0432	0.0262	0.0216	0.0199	0.0017	0.0478	0.0233	0.0245	0.0000	0.0000	0.0000	0.0000	0.0000	0.0000	0.0000	0.0000	0.0000	0.0007	0.0000	0.0019	0.0000	0.0000	0.0000	0.0010	0.0000	0.0020				
21	99	0.2058	17	0	0	0	1	0	0	0	0	N	N	N	N	N	N	N	N	N	N	N	N	0.0000	0.0000	0.0000	0.0000	0.0000	0.0000	0.0000	0.0000	0.0000	0.0000	0.0000	0.0000	0.0000	0.0000	0.0000	0.0000	0.0000	0.0000	0.0000	0.0000	0.0000	0.0000	0.0000	0.0000	0.0000	2.4540	0.0000	0.0000	2.0028	1.5300	2.2704	0.7696	0.0000	0.0000	0.0000	0.0000	0.0000	0.0000	0.0000	0.0000	0.0000	0.0000	0.0000	0.0000	0.0000	0.0000	0.0000	0.0000	0.0000	0.0000	0.0261	0.0228	0.0034	0.0064	0.0059	0.0005	0.0197	0.0168	0.0029	0.0146	0.0093	0.0052	0.0050	0.0047	0.0003	0.0096	0.0047	0.0049	0.0000	0.0000	0.0000	0.0000	0.0000	0.0000	0.0000	0.0000	0.0000	0.0000	0.0000	0.0000	0.0000	0.0000	0.0000	0.0000	0.0000	0.0000			
21	100	0.1970	16	0	0	0	1	0	0	0	0	N	N	N	N	N	N	N	N	N	N	N	N	0.0000	0.0000	0.0000	0.0000	0.0000	0.0000	0.0000	0.0000	0.0000	0.0000	0.0000	0.0000	0.0000	0.0000	0.0000	0.0000	0.0000	0.0000	0.0000	0.0000	0.0000	0.0000	0.0000	0.0000	0.0000	2.1206	0.0000	0.0000	2.0028	3.6906	2.2704	1.4800	0.0000	0.0000	0.0000	0.0000	0.0000	0.0000	0.0000	0.0000	0.0000	0.0000	0.0000	0.0000	0.0000	0.0000	0.0000	0.0000	0.0000	0.0000	0.0521	0.0455	0.0066	0.0077	0.0073	0.0004	0.0444	0.0382	0.0062	0.0282	0.0172	0.0110	0.0081	0.0074	0.0007	0.0200	0.0098	0.0102	0.0000	0.0000	0.0000	0.0000	0.0000	0.0000	0.0000	0.0000	0.0000	0.0000	0.0000	0.0000	0.0000	0.0000	0.0000	0.0000	0.0000	0.0000			
21	101	0.1970	15	0	0	0	1	0	0	0	0	N	N	N	N	N	N	N	N	N	N	N	N	0.0000	0.0000	0.0000	0.0000	0.0000	0.0000	0.0000	0.0000	0.0000	0.0000	0.0000	0.0000	0.0000	0.0000	0.0000	0.0000	0.0000	0.0000	0.0000	0.0000	0.0000	0.0000	0.0000	0.0000	0.0000	0.0000	1.0000	0.0000	-0.0000	2.0028	0.1361	2.2704	0.4500	0.0000	0.0000	0.0000	0.0000	0.0000	0.0000	0.0000	0.0000	0.0000	0.0000	0.0000	0.0000	0.0000	0.0000	0.0000	0.0000	0.0000	0.0000	0.0036	0.0032	0.0003	0.0011	0.0011	0.0000	0.0025	0.0021	0.0003	0.0045	0.0029	0.0016	0.0017	0.0015	0.0001	0.0028	0.0014	0.0015	0.0000	0.0000	0.0000	0.0000	0.0000	0.0000	0.0000	0.0000	0.0000	0.0000	0.0000	0.0000	0.0000	0.0000	0.0000	0.0000	0.0000	0.0000		
21	102	0.1811	14	0	0	0	1	0	0	0	0	N	N	N	N	N	N	N	N	N	N	N	N	0.0238	0.0197	0.0000	0.0426	0.0418	0.0000	0.0000	0.0000	0.0000	0.0000	0.0000	0.0000	0.0000	0.0000	0.0000	0.0000	0.0000	0.0000	0.0000	0.0000	0.0000	0.0000	0.0000	0.0000	0.0000	0.0000	0.0000	0.2092	-0.0000	-0.0000	2.0028	3.5591	2.2704	4.5341	0.0000	0.0000	0.0000	0.0000	0.0000	0.0000	0.0000	0.0000	0.0000	0.0000	0.0000	0.0000	0.0000	0.0000	0.0000	0.0000	0.0000	0.0000	0.0547	0.0481	0.0067	0.0096	0.0092	0.0004	0.0451	0.0388	0.0063	0.0471	0.0284	0.0187	0.0124	0.0116	0.0008	0.0347	0.0168	0.0179	0.0238	0.0197	0.0000	0.0426	0.0418	0.0000	0.0000	0.0000	0.0000	0.0000	0.0000	0.0000	0.0000	0.0000	0.0000	0.0000	0.0000	0.0000	
21	103	0.1594	13	0	0	0	1	0	0	0	0	N	N	N	N	N	N	N	N	N	N	N	N	627.1137	6989.1220	0.0000	8131.6996	9350.4534	0.0000	0.0051	6.7732	0.0000	0.0288	0.0335	0.0000	0.0980	0.1137	0.0000	0.0000	0.0000	0.0000	0.0000	0.0000	0.0001	0.0000	0.0000	0.0000	0.0001	0.0000	0.0001	0.0000	15.1664	-0.0006	0.0000	2.0028	2.8937	2.2704	8.0733	0.0015	0.0015	0.0000	0.0015	0.0015	0.0000	0.0000	0.0000	0.0000	0.0000	0.0000	0.0000	0.0000	0.0000	0.0000	0.0000	0.0000	0.0000	0.0515	0.0442	0.0073	0.0151	0.0130	0.0021	0.0364	0.0312	0.0052	0.0624	0.0369	0.0255	0.0155	0.0145	0.0011	0.0469	0.0225	0.0244	627.1137	6989.1220	0.0000	8131.6996	9350.4534	0.0000	0.0051	6.7732	0.0000	0.0000	0.0000	0.0001	0.0000	0.0000	0.0000	0.0001	0.0000	0.0001
21	104	0.1542	9	0	1	0	1	0	0	0	0	N	N	N	N	N	N	N	N	N	N	N	N	0.0151	0.0000	0.0289	0.0000	0.0000	0.0000	0.0267	0.0000	0.0564	0.0000	0.0000	0.0001	0.0000	0.0000	0.0000	0.0000	0.0000	0.0001	0.0006	0.0000	0.0021	0.0007	0.0000	0.0137	0.0005	0.0000	0.0011	inf	157.8234	0.0000	0.0000	2.0028	0.0277	2.2704	1.3445	0.0000	0.0000	0.0000	0.0000	0.0000	0.0000	0.0000	0.0000	0.0000	0.0000	0.0000	0.0000	0.0000	0.0000	0.0000	0.0000	0.0000	0.0000	0.0007	0.0006	0.0001	0.0002	0.0002	0.0000	0.0005	0.0004	0.0001	0.0164	0.0122	0.0042	0.0068	0.0065	0.0003	0.0096	0.0058	0.0039	0.0151	0.0000	0.0289	0.0000	0.0000	0.0000	0.0267	0.0000	0.0564	0.0006	0.0000	0.0021	0.0007	0.0000	0.0137	0.0005	0.0000	0.0011
21	105	0.1075	8	0	1	0	1	0	0	0	0	N	N	N	N	N	N	N	N	N	N	N	N	2.5795	1.1951	151.3857	0.0016	0.0000	2.1355	123.6840	336.6509	167.5510	0.0004	0.0003	0.0011	0.0000	0.0000	0.0000	0.0005	0.0004	0.0012	0.0002	0.0003	0.0000	0.0007	0.0007	0.0000	0.0000	0.0000	0.0000	0.4956	0.0189	-0.0000	-0.0000	2.0028	5.1414	2.2704	16.4151	0.0000	0.0000	0.0000	0.0000	0.0000	0.0000	0.0000	0.0000	0.0000	0.0000	0.0000	0.0000	0.0000	0.0000	0.0000	0.0000	0.0000	0.0000	0.0752	0.0659	0.0093	0.0156	0.0148	0.0008	0.0596	0.0511	0.0085	0.1050	0.0626	0.0424	0.0229	0.0216	0.0013	0.0821	0.0410	0.0411	2.5795	1.1951	151.3857	0.0016	0.0000	2.1355	123.6840	336.6509	167.5510	0.0002	0.0003	0.0000	0.0007	0.0007	0.0000	0.0000	0.0000	0.0000
21	106	0.0993	7	0	0	0	1	0	0	0	0	N	N	N	N	N	N	N	N	N	N	N	N	278.7549	1100.9942	0.0939	45.1238	59.4554	0.0000	308.9627	inf	0.1052	0.0152	0.0174	0.0000	0.0021	0.0022	0.0000	0.0179	0.0208	0.0000	0.0001	0.0000	0.0001	0.0000	0.0000	0.0003	0.0001	0.0000	0.0001	0.0001	4.5399	-0.0003	0.0000	2.0028	3.8974	2.2704	1.6364	0.0009	0.0009	0.0000	0.0000	0.0000	0.0000	0.0009	0.0009	0.0000	0.0000	0.0000	0.0000	0.0000	0.0000	0.0000	0.0000	0.0000	0.0000	0.0573	0.0500	0.0073	0.0097	0.0092	0.0005	0.0476	0.0408	0.0068	0.0393	0.0245	0.0149	0.0109	0.0105	0.0004	0.0284	0.0139	0.0145	278.7549	1100.9942	0.0939	45.1238	59.4554	0.0000	308.9627	inf	0.1052	0.0001	0.0000	0.0001	0.0000	0.0000	0.0003	0.0001	0.0000	0.0001
21	109	0.1897	14	1	1	0	2	0	0	0	0	N	N	N	Y	N	N	N	N	N	N	N	N	0.0000	0.0000	0.0000	0.0000	0.0000	0.0000	0.0000	0.0000	0.0000	0.0000	0.0000	0.0000	0.0000	0.0000	0.0000	0.0000	0.0000	0.0000	0.0000	0.0000	2.0028	0.0000	2.2704	0.0000	0.0000	0.0000	0.0000	0.0000	0.0000	0.0000	0.0000	0.0000	0.0000	0.0000	0.0000	0.0000	0.0000	0.0000	0.0000	0.0000	0.0000	0.0000	0.0000	0.0000	0.0000	0.0000	0.0000	0.0000	0.0000	0.0000	0.0000	0.0000	0.0000	0.0000	0.0000	0.0000	0.0000	0.0000	0.0000	0.0000	0.0000	0.0000	0.0000	0.0000	0.0000	0.0000	0.0000	0.0000	0.0000	0.0000	0.0000	0.0000	0.0000	0.0000	0.0000	0.0000	0.0000	0.0000											
21	110	0.1748	13	1	1	0	2	0	0	0	0	N	N	N	Y	N	N	N	N	N	N	N	N	0.0000	0.0000	0.0000	0.0000	0.0000	0.0000	0.0000	0.0000	0.0000	0.0000	0.0000	0.0000	0.0000	0.0003	0.0000	0.0006	0.0009	0.0000	0.0092	0.0000	0.0000	0.0000	inf	0.0000	0.0000	2.0028	0.0000	2.2704	7.1240	0.0000	0.0000	0.0000	0.0000	0.0000	0.0000	0.0000	0.0000	0.0000	0.0000	0.0000	0.0000	0.0000	0.0000	0.0000	0.0000	0.0000	0.0000	0.0000	0.0000	0.0000	0.0000	0.0000	0.0000	0.0000	0.0000	0.0000	0.0398	0.0239	0.0159	0.0111	0.0100	0.0011	0.0286	0.0138	0.0148	0.0000	0.0000	0.0000	0.0000	0.0000	0.0000	0.0000	0.0000	0.0000	0.0003	0.0000	0.0006	0.0009	0.0000	0.0092	0.0000	0.0000	0.0000						
21	111	0.1837	15	0	1	0	2	0	0	0	0	N	N	N	Y	N	N	N	N	N	N	N	N	0.0000	0.0000	0.0000	0.0000	0.0000	0.0000	0.0000	0.0000	0.0000	0.0000	0.0000	0.0000	0.0000	0.0000	0.0000	3.3457	5.5074	0.0000	10.8308	12.3592	0.0000	0.0000	0.0000	0.0000	0.0000	0.0000	-0.0496	2.0028	0.0016	2.2704	5.0076	0.0000	0.0000	0.0000	0.0000	0.0000	0.0000	0.0000	0.0000	0.0000	0.0914	0.0914	0.0000	0.0914	0.0914	0.0000	0.0000	0.0000	0.0000	0.0001	0.0001	0.0000	0.0000	0.0000	0.0000	0.0000	0.0000	0.0000	0.0273	0.0166	0.0107	0.0085	0.0074	0.0011	0.0188	0.0092	0.0096	0.0000	0.0000	0.0000	0.0000	0.0000	0.0000	0.0000	0.0000	0.0000	3.3457	5.5074	0.0000	10.7232	12.3592	0.0000	0.0000	0.0000	0.0000				
21	112	0.1769	14	0	1	0	2	0	0	0	0	N	N	N	Y	N	N	N	N	N	N	N	N	0.0000	0.0000	0.0000	0.0000	0.0000	0.0000	0.0000	0.0000	0.0000	0.0000	0.0000	0.0000	0.0000	0.0020	0.0034	0.0000	0.0065	0.0072	0.0000	0.0000	0.0000	0.0000	0.0000	0.0000	-0.0000	2.0028	1.0012	2.2704	2.1373	0.0000	0.0000	0.0000	0.0000	0.0000	0.0000	0.0000	0.0000	0.0000	0.0000	0.0000	0.0000	0.0000	0.0000	0.0000	0.0000	0.0000	0.0000	0.0138	0.0120	0.0018	0.0017	0.0016	0.0001	0.0121	0.0104	0.0017	0.0192	0.0116	0.0076	0.0061	0.0054	0.0006	0.0132	0.0062	0.0070	0.0000	0.0000	0.0000	0.0000	0.0000	0.0000	0.0000	0.0000	0.0000	0.0020	0.0034	0.0000	0.0065	0.0072	0.0000	0.0000	0.0000	0.0000						
21	113	0.1852	14	0	1	0	1	0	0	0	0	N	N	N	N	N	N	N	N	N	N	N	N	1066913.3200	inf	inf	inf	0.0322	0.0000	0.2649	0.1581	0.0000	3.2480	0.0000	0.0000	0.0000	0.0000	0.0000	0.0000	0.0000	0.0000	0.0000	0.0000	0.0000	0.0000	inf	0.0003	-0.0000	2.0028	0.9705	2.2704	5.0371	0.0005	0.0000	0.0005	0.0005	0.0000	0.0005	0.0000	0.0000	0.0000	0.0000	0.0000	0.0000	0.0000	0.0000	0.0000	0.0000	0.0000	0.0000	0.0158	0.0139	0.0019	0.0032	0.0031	0.0002	0.0126	0.0108	0.0018	0.0331	0.0202	0.0129	0.0094	0.0085	0.0009	0.0237	0.0117	0.0120	1066913.3200	0.0000	inf	inf	0.0000	inf	0.0000	0.0000	0.0000	0.0000	0.0000	0.0000	0.0000	0.0000	0.0000	0.0000	0.0000	0.0000						
21	114	0.1769	14	0	0	1	2	0	0	0	0	N	N	N	Y	N	N	N	N	N	N	N	N	0.0000	0.0000	0.0000	0.0000	0.0000	0.0000	0.0000	0.0000	0.0000	0.0000	0.0000	0.0000	0.0000	0.0000	0.0000	0.0000	0.0000	0.0000	0.0000	0.0000	2.0028	0.0000	2.2704	1.1303	0.0000	0.0000	0.0000	0.0000	0.0000	0.0000	0.0000	0.0000	0.0000	0.0000	0.0000	0.0000	0.0000	0.0000	0.0000	0.0000	0.0000	0.0000	0.0000	0.0000	0.0000	0.0000	0.0000	0.0000	0.0000	0.0000	0.0000	0.0085	0.0052	0.0033	0.0030	0.0027	0.0002	0.0055	0.0024	0.0031	0.0000	0.0000	0.0000	0.0000	0.0000	0.0000	0.0000	0.0000	0.0000	0.0000	0.0000	0.0000	0.0000	0.0000	0.0000	0.0000	0.0000	0.0000											
21	115	0.1748	13	0	0	0	2	0	0	0	0	N	N	N	Y	N	N	N	N	N	N	N	N	0.0000	0.0000	0.0000	0.0000	0.0000	0.0000	0.0000	0.0000	0.0000	0.0000	0.0000	0.0000	0.0000	0.0000	0.0000	0.0000	0.0000	0.0000	0.0000	0.0000	0.0000	0.0000	0.0000	0.0000	-0.0000	2.0028	0.0000	2.2704	1.2340	0.0000	0.0000	0.0000	0.0000	0.0000	0.0000	0.0000	0.0000	0.0000	0.0000	0.0000	0.0000	0.0000	0.0000	0.0000	0.0000	0.0000	0.0000	0.0000	0.0000	0.0000	0.0000	0.0000	0.0000	0.0000	0.0000	0.0000	0.0092	0.0056	0.0036	0.0030	0.0028	0.0002	0.0061	0.0027	0.0034	0.0000	0.0000	0.0000	0.0000	0.0000	0.0000	0.0000	0.0000	0.0000	0.0000	0.0000	0.0000	0.0000	0.0000	0.0000	0.0000	0.0000	0.0000						
21	116	0.1823	14	0	0	1	2	0	0	0	0	N	N	N	Y	N	N	N	N	N	N	N	N	0.0000	0.0000	0.0000	0.0000	0.0000	0.0000	0.0000	0.0000	0.0000	0.0000	0.0000	0.0000	0.0000	0.0054	0.0088	0.0000	0.0180	0.0200	0.0000	0.0000	0.0000	0.0000	0.0000	0.0000	-0.0000	-0.0000	2.0028	0.9725	2.2704	0.9874	0.0000	0.0000	0.0000	0.0000	0.0000	0.0000	0.0000	0.0000	0.0000	0.0001	0.0001	0.0000	0.0001	0.0001	0.0000	0.0000	0.0000	0.0000	0.0149	0.0131	0.0018	0.0027	0.0026	0.0001	0.0122	0.0105	0.0017	0.0113	0.0070	0.0043	0.0034	0.0031	0.0003	0.0079	0.0039	0.0040	0.0000	0.0000	0.0000	0.0000	0.0000	0.0000	0.0000	0.0000	0.0000	0.0054	0.0088	0.0000	0.0180	0.0200	0.0000	0.0000	0.0000	0.0000					
21	117	0.1823	14	0	0	1	2	0	0	0	0	N	N	N	Y	N	N	N	N	N	N	N	N	0.0000	inf	0.0000	inf	inf	0.0000	0.0000	0.0000	0.0000	0.0000	0.0000	0.0000	0.0000	0.0000	0.0000	0.0000	1.7872	0.0000	4.6295	0.0000	0.0000	0.0000	2.5305	0.0000	5.0332	0.0000	inf	-0.0000	0.0182	2.0028	0.0285	2.2704	4.0215	0.0000	0.0000	0.0000	0.0000	0.0000	0.0000	0.0000	0.0000	0.0000	0.0397	0.0000	0.0397	0.0000	0.0000	0.0000	0.0397	0.0000	0.0397	0.0015	0.0014	0.0001	0.0006	0.0006	0.0000	0.0009	0.0008	0.0001	0.0222	0.0136	0.0086	0.0065	0.0058	0.0007	0.0157	0.0078	0.0079	0.0000	inf	0.0000	inf	inf	0.0000	0.0000	0.0000	0.0000	1.7872	0.0000	4.6295	0.0000	0.0000	0.0000	2.5305	0.0000	5.0332		
21	118	0.1748	13	0	0	1	2	0	0	0	0	N	N	N	Y	N	N	N	N	N	N	N	N	0.1170	1216.8097	0.0000	4654.5938	3833.6139	0.0000	0.0000	0.0002	0.0003	0.0000	0.0019	0.0020	0.0000	0.0000	0.0000	0.0000	0.0021	0.0000	0.0052	0.0000	0.0000	0.0000	0.0029	0.0000	0.0056	0.0000	15042.7077	-0.0000	0.0000	2.0028	3.0275	2.2704	2.1573	0.0000	0.0000	0.0000	0.0000	0.0000	0.0000	0.0000	0.0000	0.0000	0.0001	0.0000	0.0001	0.0000	0.0000	0.0000	0.0001	0.0000	0.0001	0.0413	0.0360	0.0054	0.0052	0.0049	0.0003	0.0361	0.0311	0.0050	0.0298	0.0180	0.0119	0.0085	0.0077	0.0008	0.0213	0.0102	0.0111	0.1170	1216.8097	0.0000	4654.5938	3833.6139	0.0000	0.0000	0.0000	0.0000	0.0021	0.0000	0.0052	0.0000	0.0000	0.0000	0.0029	0.0000	0.0056		
21	119	0.2160	13	1	1	0	1	0	0	0	0	N	N	N	N	N	N	N	N	N	N	N	N	84.9373	79.3684	0.0000	98.8295	105.4780	0.0000	0.0000	0.0000	0.0001	0.0000	0.0001	0.0001	0.0000	0.0000	0.0000	0.0000	0.0000	0.0000	0.0000	0.0000	0.0000	0.0000	0.0000	0.0000	0.0000	0.0000	0.3083	-0.0000	-0.0000	2.0028	2.1883	2.2704	3.1271	0.0000	0.0000	0.0000	0.0000	0.0000	0.0000	0.0000	0.0000	0.0000	0.0000	0.0000	0.0000	0.0000	0.0000	0.0000	0.0000	0.0000	0.0000	0.0382	0.0335	0.0048	0.0136	0.0122	0.0013	0.0247	0.0212	0.0034	0.0303	0.0189	0.0113	0.0099	0.0092	0.0007	0.0204	0.0097	0.0107	84.9373	79.3684	0.0000	98.8295	105.4780	0.0000	0.0000	0.0000	0.0000	0.0000	0.0000	0.0000	0.0000	0.0000	0.0000	0.0000	0.0000	0.0000		
21	120	0.1491	12	1	1	0	1	0	0	0	0	N	N	N	N	N	N	N	N	N	N	N	N	0.0857	0.0583	4.7267	0.0738	0.0753	0.6210	383.8296	inf	9.1927	0.0000	0.0000	0.0000	0.0001	0.0001	0.0000	0.0000	0.0000	0.0000	0.0002	0.0003	0.0000	0.0009	0.0010	0.0000	0.0000	0.0000	0.0000	0.0033	0.0002	-0.0000	-0.0000	2.0028	13.6104	2.2704	16.0982	0.0000	0.0000	0.0000	0.0000	0.0000	0.0000	0.0000	0.0000	0.0000	0.0000	0.0000	0.0000	0.0000	0.0000	0.0000	0.0000	0.0000	0.0000	0.1914	0.1664	0.0250	0.0306	0.0278	0.0028	0.1608	0.1386	0.0222	0.1470	0.0872	0.0598	0.0338	0.0314	0.0024	0.1132	0.0558	0.0574	0.0857	0.0583	4.7267	0.0738	0.0753	0.6210	383.8296	inf	9.1927	0.0002	0.0003	0.0000	0.0009	0.0010	0.0000	0.0000	0.0000	0.0000
21	121	0.1743	14	0	1	0	1	0	0	0	0	N	N	N	N	N	N	N	N	N	N	N	N	10.5554	0.0347	1077.8389	0.0007	0.0008	0.0000	70103.4836	4416.7988	249776.2660	0.0398	0.0002	0.2341	0.0000	0.0000	0.0000	0.1574	0.0008	1.0255	0.0038	0.0058	0.0002	0.0091	0.0101	0.0015	0.0000	0.0000	0.0000	238.5273	0.0211	0.0005	-0.0001	2.0028	0.3548	2.2704	4.6068	0.0008	0.0000	0.0008	0.0000	0.0000	0.0000	0.0008	0.0000	0.0008	0.0002	0.0002	0.0000	0.0002	0.0002	0.0000	0.0000	0.0000	0.0000	0.0197	0.0163	0.0033	0.0147	0.0121	0.0026	0.0050	0.0042	0.0008	0.0553	0.0354	0.0199	0.0230	0.0202	0.0028	0.0323	0.0153	0.0170	10.5554	0.0347	1077.8389	0.0007	0.0008	0.0000	70103.4836	4416.7988	249776.2660	0.0038	0.0058	0.0002	0.0091	0.0101	0.0015	0.0000	0.0000	0.0000
21	122	0.1594	13	0	1	0	1	0	0	0	0	N	N	N	N	N	N	N	N	N	N	N	N	5096.6784	0.0345	54830.4909	0.0144	0.0167	0.0005	10892.7961	0.0559	94525.5374	28.2603	0.0002	191.8582	0.0001	0.0002	0.0000	45.6875	0.0003	313.2241	0.0055	0.0070	0.0035	0.0094	0.0095	0.0076	0.0042	0.0052	0.0033	138104.9388	0.3474	0.6175	-0.0001	2.0028	1.6911	2.2704	5.7022	0.9977	0.0000	0.9977	0.0000	0.0000	0.0000	0.9977	0.0000	0.9977	0.0002	0.0002	0.0001	0.0001	0.0001	0.0000	0.0001	0.0001	0.0001	0.0353	0.0301	0.0052	0.0135	0.0115	0.0020	0.0218	0.0187	0.0032	0.0445	0.0263	0.0182	0.0116	0.0108	0.0008	0.0329	0.0155	0.0174	5096.6784	0.0345	54830.4909	0.0144	0.0167	0.0005	10892.7961	0.0559	94525.5374	0.0055	0.0070	0.0035	0.0094	0.0095	0.0076	0.0042	0.0052	0.0033
21	123	0.1491	12	0	0	0	1	0	0	0	0	N	N	N	N	N	N	N	N	N	N	N	N	299.3221	0.5510	4724.6378	0.2944	0.3299	0.0000	2030.0586	inf	7854.1741	0.0340	0.0001	0.2483	0.0001	0.0001	0.0000	0.0525	0.0001	0.3766	0.0001	0.0002	0.0001	0.0004	0.0004	0.0002	0.0000	0.0000	0.0000	457.4491	0.2338	0.0009	-0.0000	2.0028	2.0929	2.2704	3.1856	0.0015	0.0000	0.0015	0.0000	0.0000	0.0000	0.0015	0.0000	0.0015	0.0000	0.0000	0.0000	0.0000	0.0000	0.0000	0.0000	0.0000	0.0000	0.0436	0.0377	0.0060	0.0154	0.0134	0.0020	0.0282	0.0243	0.0039	0.0330	0.0195	0.0135	0.0088	0.0083	0.0005	0.0242	0.0112	0.0131	299.3221	0.5510	4724.6378	0.2944	0.3299	0.0000	2030.0586	inf	7854.1741	0.0001	0.0002	0.0001	0.0004	0.0004	0.0002	0.0000	0.0000	0.0000
21	124	0.1898	15	1	1	0	1	0	0	0	0	N	N	N	N	N	N	N	N	N	N	N	N	0.0000	0.0000	0.0000	0.0000	0.0000	0.0000	0.0000	0.0000	0.0000	0.0000	0.0000	0.0000	0.0000	0.0000	0.0000	0.0000	0.0000	0.0000	0.0000	0.0000	2.0028	0.0000	2.2704	0.0000	0.0000	0.0000	0.0000	0.0000	0.0000	0.0000	0.0000	0.0000	0.0000	0.0000	0.0000	0.0000	0.0000	0.0000	0.0000	0.0000	0.0000	0.0000	0.0000	0.0000	0.0000	0.0000	0.0000	0.0000	0.0000	0.0000	0.0000	0.0000	0.0000	0.0000	0.0000	0.0000	0.0000	0.0000	0.0000	0.0000	0.0000	0.0000	0.0000	0.0000	0.0000	0.0000	0.0000	0.0000	0.0000	0.0000	0.0000	0.0000	0.0000	0.0000	0.0000	0.0000	0.0000	0.0000											
21	125	0.1852	14	1	1	0	1	0	0	0	0	N	N	N	N	N	N	N	N	N	N	N	N	1492260.7294	inf	inf	inf	0.1153	0.0000	1.1411	0.2922	0.0000	7.7560	0.0000	0.0000	0.0000	0.0000	0.0000	0.0000	0.0000	0.0000	0.0000	0.0000	0.0000	0.0000	inf	0.0003	-0.0000	2.0028	0.1434	2.2704	1.9839	0.0005	0.0000	0.0005	0.0005	0.0000	0.0005	0.0000	0.0000	0.0000	0.0000	0.0000	0.0000	0.0000	0.0000	0.0000	0.0000	0.0000	0.0000	0.0044	0.0040	0.0004	0.0017	0.0017	0.0001	0.0027	0.0023	0.0004	0.0129	0.0080	0.0049	0.0039	0.0036	0.0003	0.0090	0.0045	0.0046	1492260.7294	0.0000	inf	inf	0.0000	inf	0.0000	0.0000	0.0000	0.0000	0.0000	0.0000	0.0000	0.0000	0.0000	0.0000	0.0000	0.0000						
21	126	0.1748	13	0	1	0	1	0	0	0	0	N	N	N	N	N	N	N	N	N	N	N	N	244003006.0015	0.0000	inf	657951321.6580	0.0000	inf	38.5346	0.0000	296.9951	304.7085	0.0000	4976.9826	0.0000	0.0000	0.0000	0.0000	0.0000	0.0000	0.0000	0.0000	0.0000	0.0000	0.0000	0.0000	inf	0.0233	0.6186	-0.0000	2.0028	1.8882	2.2704	2.9115	0.9995	0.0000	0.9995	0.9995	0.0000	0.9995	0.0000	0.0000	0.0000	0.0000	0.0000	0.0000	0.0000	0.0000	0.0000	0.0000	0.0000	0.0000	0.0259	0.0226	0.0034	0.0033	0.0031	0.0002	0.0227	0.0195	0.0032	0.0279	0.0168	0.0111	0.0080	0.0072	0.0007	0.0199	0.0095	0.0103	244003006.0015	0.0000	inf	657951321.6580	0.0000	inf	0.0000	0.0000	0.0000	0.0000	0.0000	0.0000	0.0000	0.0000	0.0000	0.0000	0.0000	0.0000			
21	127	0.1491	12	0	0	0	1	0	0	0	0	N	N	N	N	N	N	N	N	N	N	N	N	0.8048	0.5514	0.0000	0.0002	0.0002	1040.4549	2566.2866	0.0000	0.0001	0.0001	0.0000	0.0000	0.0000	0.0000	0.0002	0.0002	0.0000	0.0002	0.0003	0.0000	0.0006	0.0007	0.0000	0.0000	0.0000	0.0000	0.0000	0.0007	-0.0000	-0.0000	2.0028	3.5543	2.2704	9.0319	0.0000	0.0000	0.0000	0.0000	0.0000	0.0000	0.0000	0.0000	0.0000	0.0000	0.0000	0.0000	0.0000	0.0000	0.0000	0.0000	0.0000	0.0000	0.0633	0.0548	0.0085	0.0174	0.0153	0.0021	0.0459	0.0395	0.0064	0.0696	0.0412	0.0283	0.0169	0.0158	0.0011	0.0527	0.0254	0.0273	0.8048	0.5514	0.0000	0.0002	0.0002	0.0000	1040.4549	2566.2866	0.0000	0.0002	0.0003	0.0000	0.0006	0.0007	0.0000	0.0000	0.0000	0.0000	
21	128	0.1454	11	0	0	0	1	0	0	0	0	N	N	N	N	N	N	N	N	N	N	N	N	0.5457	0.4637	0.0070	0.3406	0.3775	0.0000	1.5229	inf	0.0078	0.0001	0.0001	0.0000	0.0001	0.0001	0.0000	0.0000	0.0001	0.0000	0.0001	0.0002	0.0001	0.0003	0.0003	0.0000	0.0000	0.0000	0.0001	0.0008	0.2201	-0.0000	-0.0000	2.0028	2.6246	2.2704	0.7212	0.0000	0.0000	0.0000	0.0000	0.0000	0.0000	0.0000	0.0000	0.0000	0.0000	0.0000	0.0000	0.0000	0.0000	0.0000	0.0000	0.0000	0.0000	0.0506	0.0437	0.0069	0.0162	0.0141	0.0020	0.0344	0.0296	0.0049	0.0278	0.0168	0.0111	0.0094	0.0091	0.0003	0.0185	0.0077	0.0108	0.5457	0.4637	0.0070	0.3406	0.3775	0.0000	1.5229	inf	0.0078	0.0001	0.0002	0.0001	0.0003	0.0003	0.0000	0.0000	0.0000	0.0001
21	129	0.1397	10	0	0	0	1	0	0	0	0	N	N	N	N	N	N	N	N	N	N	N	N	3.9179	10.7802	0.0403	10.1971	15.0260	0.0178	2.4308	8.8964	0.0459	0.0001	0.0001	0.0000	0.0001	0.0001	0.0000	0.0000	0.0000	0.0000	0.0000	0.0000	0.0000	0.0000	0.0000	0.0000	0.0000	0.0000	0.0000	0.0028	2.8199	-0.0000	0.0000	2.0028	3.3474	2.2704	1.3769	0.0000	0.0000	0.0000	0.0000	0.0000	0.0000	0.0000	0.0000	0.0000	0.0000	0.0000	0.0000	0.0000	0.0000	0.0000	0.0000	0.0000	0.0000	0.0576	0.0498	0.0079	0.0169	0.0148	0.0021	0.0407	0.0350	0.0057	0.0279	0.0174	0.0105	0.0074	0.0070	0.0004	0.0205	0.0104	0.0101	3.9179	10.7802	0.0403	10.1971	15.0260	0.0178	2.4308	8.8964	0.0459	0.0000	0.0000	0.0000	0.0000	0.0000	0.0000	0.0000	0.0000	0.0000
21	130	0.1308	9	0	0	0	1	0	0	0	0	N	N	N	N	N	N	N	N	N	N	N	N	0.1565	20.0745	0.0057	3.8110	7.4470	0.0178	0.1603	182.3451	0.0142	0.0002	0.0002	0.0000	0.0001	0.0002	0.0000	0.0003	0.0003	0.0000	0.0012	0.0000	0.0029	0.0000	0.0000	0.0003	0.0016	0.0000	0.0030	0.0145	181.8316	-0.0000	0.0000	2.0028	0.4686	2.2704	4.0374	0.0000	0.0000	0.0000	0.0000	0.0000	0.0000	0.0000	0.0000	0.0000	0.0000	0.0000	0.0000	0.0000	0.0000	0.0000	0.0000	0.0000	0.0000	0.0175	0.0148	0.0028	0.0113	0.0094	0.0019	0.0062	0.0054	0.0009	0.0258	0.0155	0.0103	0.0070	0.0066	0.0004	0.0188	0.0089	0.0099	0.1565	20.0745	0.0057	3.8110	7.4470	0.0178	0.1603	182.3451	0.0142	0.0012	0.0000	0.0029	0.0000	0.0000	0.0003	0.0016	0.0000	0.0030
22	23	0.1467	15	1	1	1	0	0	0	0	0	N	N	N	N	N	N	N	N	N	N	N	N	0.0000	0.0000	0.0000	0.0000	0.0000	0.0000	0.0000	0.0000	0.0000	0.0000	0.0000	0.0000	0.0000	0.0000	0.0000	0.0000	0.0000	0.0000	0.0000	0.0000	0.0000	4.1010	2.0000	9.0979	0.0000	0.0000	0.0000	0.0000	0.0000	0.0000	0.0000	0.0000	0.0000	0.0000	0.0000	0.0000	0.0000	0.0000	0.0000	0.0000	0.0000	0.0000	0.0000	0.0000	0.0000	0.0000	0.0000	0.0000	0.0000	0.0000	0.0000	0.0414	0.0257	0.0156	0.0115	0.0108	0.0008	0.0298	0.0150	0.0148	0.0000	0.0000	0.0000	0.0000	0.0000	0.0000	0.0000	0.0000	0.0000	0.0000	0.0000	0.0000	0.0000	0.0000	0.0000	0.0000	0.0000	0.0000											
22	24	0.0431	6	2	1	1	0	0	0	0	0	Y	N	N	N	N	N	N	N	N	N	N	N	0.0000	0.0000	0.0000	0.0000	0.0000	0.0000	0.0000	0.0000	0.0000	0.0000	0.0000	0.0000	0.0000	0.0000	0.0000	0.0000	0.0000	0.0000	0.0000	0.0000	0.0000	7.0513	2.0000	11.7448	0.0000	0.0000	0.0000	0.0000	0.0000	0.0000	0.0000	0.0000	0.0000	0.0000	0.0000	0.0000	0.0000	0.0000	0.0000	0.0000	0.0000	0.0000	0.0000	0.0000	0.0000	0.0000	0.0000	0.0000	0.0000	0.0000	0.0000	0.0430	0.0221	0.0209	0.0045	0.0041	0.0004	0.0385	0.0180	0.0205	0.0000	0.0000	0.0000	0.0000	0.0000	0.0000	0.0000	0.0000	0.0000	0.0000	0.0000	0.0000	0.0000	0.0000	0.0000	0.0000	0.0000	0.0000											
22	25	0.2147	16	1	1	1	0	0	0	0	0	N	N	N	N	N	N	N	N	N	N	N	N	0.0000	0.0000	0.0000	0.0000	0.0000	0.0000	0.0000	0.0000	0.0000	0.0000	0.0000	0.0000	0.0000	0.0068	0.0114	0.0000	0.0309	0.0342	0.0000	0.0000	0.0000	0.0000	0.0000	0.0000	-0.0001	0.0000	4.7974	2.0000	5.1989	0.0000	0.0000	0.0000	0.0000	0.0000	0.0000	0.0000	0.0000	0.0000	0.0002	0.0002	0.0000	0.0002	0.0002	0.0000	0.0000	0.0000	0.0000	0.0000	0.0000	0.0000	0.0000	0.0000	0.0000	0.0000	0.0000	0.0000	0.0250	0.0149	0.0102	0.0055	0.0050	0.0005	0.0195	0.0099	0.0096	0.0000	0.0000	0.0000	0.0000	0.0000	0.0000	0.0000	0.0000	0.0000	0.0068	0.0114	0.0000	0.0309	0.0342	0.0000	0.0000	0.0000	0.0000						
22	26	0.1760	17	2	1	1	0	0	0	0	0	Y	N	N	N	N	N	N	N	N	N	N	N	0.0000	0.0000	0.0000	0.0000	0.0000	0.0000	0.0000	0.0000	0.0000	0.0000	0.0000	0.0000	0.0000	0.0000	0.0000	0.0000	0.0000	0.0000	0.0000	0.0000	0.0000	2.0195	2.0000	15.0171	0.0000	0.0000	0.0000	0.0000	0.0000	0.0000	0.0000	0.0000	0.0000	0.0000	0.0000	0.0000	0.0000	0.0000	0.0000	0.0000	0.0000	0.0000	0.0000	0.0000	0.0000	0.0000	0.0000	0.0000	0.0000	0.0000	0.0000	0.0393	0.0241	0.0153	0.0116	0.0104	0.0013	0.0277	0.0137	0.0140	0.0000	0.0000	0.0000	0.0000	0.0000	0.0000	0.0000	0.0000	0.0000	0.0000	0.0000	0.0000	0.0000	0.0000	0.0000	0.0000	0.0000	0.0000											
22	27	0.1673	16	1	0	1	0	0	0	0	0	N	N	N	N	N	N	N	N	N	N	N	N	0.0000	0.0000	0.0000	0.0000	0.0000	0.0000	0.0000	0.0000	0.0000	0.0000	0.0000	0.0000	0.0000	0.0000	0.0000	0.0000	0.0000	0.0000	0.0000	0.0000	0.0000	1.6438	2.0000	3.3228	0.0000	0.0000	0.0000	0.0000	0.0000	0.0000	0.0000	0.0000	0.0000	0.0000	0.0000	0.0000	0.0000	0.0000	0.0000	0.0000	0.0000	0.0000	0.0000	0.0000	0.0000	0.0000	0.0000	0.0000	0.0000	0.0000	0.0000	0.0188	0.0120	0.0068	0.0068	0.0065	0.0003	0.0120	0.0055	0.0065	0.0000	0.0000	0.0000	0.0000	0.0000	0.0000	0.0000	0.0000	0.0000	0.0000	0.0000	0.0000	0.0000	0.0000	0.0000	0.0000	0.0000	0.0000											
22	28	0.0882	10	1	1	1	0	0	0	0	0	N	N	N	N	N	N	N	N	N	N	N	N	0.0000	0.0000	0.0000	0.0000	0.0000	0.0000	0.0000	0.0000	0.0000	0.0000	0.0000	0.0000	0.0000	0.0000	0.0000	0.0000	0.0000	0.0000	0.0000	0.0000	0.0000	3.0409	2.0000	16.1393	0.0000	0.0000	0.0000	0.0000	0.0000	0.0000	0.0000	0.0000	0.0000	0.0000	0.0000	0.0000	0.0000	0.0000	0.0000	0.0000	0.0000	0.0000	0.0000	0.0000	0.0000	0.0000	0.0000	0.0000	0.0000	0.0000	0.0000	0.0416	0.0231	0.0185	0.0066	0.0060	0.0006	0.0351	0.0171	0.0179	0.0000	0.0000	0.0000	0.0000	0.0000	0.0000	0.0000	0.0000	0.0000	0.0000	0.0000	0.0000	0.0000	0.0000	0.0000	0.0000	0.0000	0.0000											
22	29	0.0833	10	1	1	1	0	0	0	0	0	N	N	N	N	N	N	N	N	N	N	N	N	0.0000	0.0000	0.0000	0.0000	0.0000	0.0000	0.0000	0.0000	0.0000	0.0000	0.0000	0.0000	0.0000	0.0000	0.0000	0.0000	0.0000	0.0000	0.0000	0.0000	0.0000	4.0695	2.0000	11.0027	0.0000	0.0000	0.0000	0.0000	0.0000	0.0000	0.0000	0.0000	0.0000	0.0000	0.0000	0.0000	0.0000	0.0000	0.0000	0.0000	0.0000	0.0000	0.0000	0.0000	0.0000	0.0000	0.0000	0.0000	0.0000	0.0000	0.0000	0.0322	0.0177	0.0146	0.0041	0.0037	0.0004	0.0282	0.0140	0.0142	0.0000	0.0000	0.0000	0.0000	0.0000	0.0000	0.0000	0.0000	0.0000	0.0000	0.0000	0.0000	0.0000	0.0000	0.0000	0.0000	0.0000	0.0000											
22	30	0.1986	19	1	1	2	1	0	0	0	0	N	N	Y	N	N	N	N	N	N	N	N	N	0.0000	0.0000	0.0000	0.0000	0.0000	0.0000	0.0000	0.0000	0.0000	0.0000	0.0000	0.0000	0.0000	0.0000	0.0000	0.0000	0.0000	0.0000	0.0000	0.0000	0.0000	0.0021	2.0000	3.0281	0.0000	0.0000	0.0000	0.0000	0.0000	0.0000	0.0000	0.0000	0.0000	0.0000	0.0000	0.0000	0.0000	0.0000	0.0000	0.0000	0.0000	0.0000	0.0000	0.0000	0.0000	0.0000	0.0000	0.0000	0.0000	0.0000	0.0000	0.0070	0.0043	0.0027	0.0022	0.0019	0.0002	0.0049	0.0024	0.0025	0.0000	0.0000	0.0000	0.0000	0.0000	0.0000	0.0000	0.0000	0.0000	0.0000	0.0000	0.0000	0.0000	0.0000	0.0000	0.0000	0.0000	0.0000											
22	31	0.1760	18	1	0	1	1	0	0	0	0	N	N	N	N	N	N	N	N	N	N	N	N	0.0000	0.0000	0.0000	0.0000	0.0000	0.0000	0.0000	0.0000	0.0000	0.0000	0.0000	0.0000	0.0000	0.0000	0.0000	0.0000	0.0000	0.0000	0.0000	0.0000	0.0000	3.2874	2.0000	7.1999	0.0000	0.0000	0.0000	0.0000	0.0000	0.0000	0.0000	0.0000	0.0000	0.0000	0.0000	0.0000	0.0000	0.0000	0.0000	0.0000	0.0000	0.0000	0.0000	0.0000	0.0000	0.0000	0.0000	0.0000	0.0000	0.0000	0.0000	0.0238	0.0145	0.0093	0.0068	0.0062	0.0007	0.0169	0.0084	0.0086	0.0000	0.0000	0.0000	0.0000	0.0000	0.0000	0.0000	0.0000	0.0000	0.0000	0.0000	0.0000	0.0000	0.0000	0.0000	0.0000	0.0000	0.0000											
22	32	0.0947	10	1	1	1	0	0	0	0	0	N	N	N	N	N	N	N	N	N	N	N	N	0.0000	0.0000	0.0000	0.0000	0.0000	0.0000	0.0000	0.0000	0.0000	0.0000	0.0000	0.0000	0.0000	0.0016	0.0029	0.0000	0.0184	0.0208	0.0000	0.0000	0.0000	0.0000	0.0000	0.0000	-0.0000	0.0000	4.3545	2.0000	19.4857	0.0000	0.0000	0.0000	0.0000	0.0000	0.0000	0.0000	0.0000	0.0000	0.0001	0.0001	0.0000	0.0001	0.0001	0.0000	0.0000	0.0000	0.0000	0.0000	0.0000	0.0000	0.0000	0.0000	0.0000	0.0000	0.0000	0.0000	0.0503	0.0272	0.0231	0.0044	0.0038	0.0005	0.0459	0.0233	0.0226	0.0000	0.0000	0.0000	0.0000	0.0000	0.0000	0.0000	0.0000	0.0000	0.0016	0.0029	0.0000	0.0184	0.0208	0.0000	0.0000	0.0000	0.0000						
22	33	0.1318	12	2	1	1	0	0	0	0	0	Y	N	N	N	N	N	N	N	N	N	N	N	0.0000	0.0000	0.0000	0.0000	0.0000	0.0000	0.0000	0.0000	0.0000	0.0000	0.0000	0.0000	0.0000	0.0000	0.0000	0.0000	0.0000	0.0000	0.0000	0.0000	0.0000	0.0000	2.0000	0.0000	0.0000	0.0000	0.0000	0.0000	0.0000	0.0000	0.0000	0.0000	0.0000	0.0000	0.0000	0.0000	0.0000	0.0000	0.0000	0.0000	0.0000	0.0000	0.0000	0.0000	0.0000	0.0000	0.0000	0.0000	0.0000	0.0000	0.0000	0.0000	0.0000	0.0000	0.0000	0.0000	0.0000	0.0000	0.0000	0.0000	0.0000	0.0000	0.0000	0.0000	0.0000	0.0000	0.0000	0.0000	0.0000	0.0000	0.0000	0.0000	0.0000	0.0000	0.0000	0.0000	0.0000	0.0000											
22	34	0.1673	16	1	1	1	1	0	0	0	0	N	N	N	N	N	N	N	N	N	N	N	N	0.0000	0.0000	0.0000	0.0000	0.0000	0.0000	0.0000	0.0000	0.0000	0.0000	0.0000	0.0000	0.0000	0.0000	0.0000	0.0000	0.0000	0.0000	0.0000	0.0000	0.0000	6.4588	2.0000	12.7561	0.0000	0.0000	0.0000	0.0000	0.0000	0.0000	0.0000	0.0000	0.0000	0.0000	0.0000	0.0000	0.0000	0.0000	0.0000	0.0000	0.0000	0.0000	0.0000	0.0000	0.0000	0.0000	0.0000	0.0000	0.0000	0.0000	0.0000	0.0447	0.0270	0.0177	0.0127	0.0115	0.0012	0.0320	0.0155	0.0165	0.0000	0.0000	0.0000	0.0000	0.0000	0.0000	0.0000	0.0000	0.0000	0.0000	0.0000	0.0000	0.0000	0.0000	0.0000	0.0000	0.0000	0.0000											
22	35	0.1617	15	1	0	1	0	0	0	0	0	N	N	N	N	N	N	N	N	N	N	N	N	0.0000	0.0000	0.0000	0.0000	0.0000	0.0000	0.0000	0.0000	0.0000	0.0000	0.0000	0.0000	0.0000	0.0000	0.0000	0.0000	0.0000	0.0000	0.0000	0.0000	0.0000	2.5642	2.0000	2.5472	0.0000	0.0000	0.0000	0.0000	0.0000	0.0000	0.0000	0.0000	0.0000	0.0000	0.0000	0.0000	0.0000	0.0000	0.0000	0.0000	0.0000	0.0000	0.0000	0.0000	0.0000	0.0000	0.0000	0.0000	0.0000	0.0000	0.0000	0.0193	0.0123	0.0070	0.0068	0.0064	0.0003	0.0126	0.0058	0.0067	0.0000	0.0000	0.0000	0.0000	0.0000	0.0000	0.0000	0.0000	0.0000	0.0000	0.0000	0.0000	0.0000	0.0000	0.0000	0.0000	0.0000	0.0000											
22	36	0.2121	20	1	0	2	0	0	0	0	0	N	N	Y	N	N	N	N	N	N	N	N	N	0.0000	0.0000	0.0000	0.0000	0.0000	0.0000	0.0000	0.0000	0.0000	0.0000	0.0000	0.0000	0.0000	0.0000	0.0000	0.0000	0.0000	0.0000	0.0000	0.0000	0.0000	1.0000	2.0000	2.0003	0.0000	0.0000	0.0000	0.0000	0.0000	0.0000	0.0000	0.0000	0.0000	0.0000	0.0000	0.0000	0.0000	0.0000	0.0000	0.0000	0.0000	0.0000	0.0000	0.0000	0.0000	0.0000	0.0000	0.0000	0.0000	0.0000	0.0000	0.0059	0.0035	0.0023	0.0014	0.0012	0.0002	0.0044	0.0023	0.0021	0.0000	0.0000	0.0000	0.0000	0.0000	0.0000	0.0000	0.0000	0.0000	0.0000	0.0000	0.0000	0.0000	0.0000	0.0000	0.0000	0.0000	0.0000											
22	37	0.1942	19	1	1	1	0	0	0	0	0	N	N	N	N	N	N	N	N	N	N	N	N	0.0000	0.0000	0.0000	0.0000	0.0000	0.0000	0.0000	0.0000	0.0000	0.0000	0.0000	0.0000	0.0000	0.0000	0.0000	0.0000	0.0000	0.0000	0.0000	0.0000	0.0000	1.9619	2.0000	8.3400	0.0000	0.0000	0.0000	0.0000	0.0000	0.0000	0.0000	0.0000	0.0000	0.0000	0.0000	0.0000	0.0000	0.0000	0.0000	0.0000	0.0000	0.0000	0.0000	0.0000	0.0000	0.0000	0.0000	0.0000	0.0000	0.0000	0.0000	0.0290	0.0182	0.0108	0.0086	0.0082	0.0005	0.0204	0.0101	0.0103	0.0000	0.0000	0.0000	0.0000	0.0000	0.0000	0.0000	0.0000	0.0000	0.0000	0.0000	0.0000	0.0000	0.0000	0.0000	0.0000	0.0000	0.0000											
22	38	0.0957	10	2	0	2	0	0	0	0	0	Y	N	Y	N	N	N	N	N	N	N	N	N	0.0000	0.0000	0.0000	0.0000	0.0000	0.0000	0.0000	0.0000	0.0000	0.0000	0.0000	0.0000	0.0000	0.0000	0.0000	0.0000	0.0000	0.0000	0.0000	0.0000	0.0000	0.0095	2.0000	5.0631	0.0000	0.0000	0.0000	0.0000	0.0000	0.0000	0.0000	0.0000	0.0000	0.0000	0.0000	0.0000	0.0000	0.0000	0.0000	0.0000	0.0000	0.0000	0.0000	0.0000	0.0000	0.0000	0.0000	0.0000	0.0000	0.0000	0.0000	0.0127	0.0074	0.0053	0.0023	0.0022	0.0001	0.0104	0.0052	0.0052	0.0000	0.0000	0.0000	0.0000	0.0000	0.0000	0.0000	0.0000	0.0000	0.0000	0.0000	0.0000	0.0000	0.0000	0.0000	0.0000	0.0000	0.0000											
22	39	0.1760	18	1	1	1	0	0	0	0	0	N	N	N	N	N	N	N	N	N	N	N	N	0.0000	0.0000	0.0000	0.0000	0.0000	0.0000	0.0000	0.0000	0.0000	0.0000	0.0000	0.0000	0.0000	0.0000	0.0000	0.0000	0.0000	0.0000	0.0000	0.0000	0.0000	1.1272	2.0000	11.0864	0.0000	0.0000	0.0000	0.0000	0.0000	0.0000	0.0000	0.0000	0.0000	0.0000	0.0000	0.0000	0.0000	0.0000	0.0000	0.0000	0.0000	0.0000	0.0000	0.0000	0.0000	0.0000	0.0000	0.0000	0.0000	0.0000	0.0000	0.0270	0.0164	0.0106	0.0076	0.0068	0.0008	0.0193	0.0095	0.0098	0.0000	0.0000	0.0000	0.0000	0.0000	0.0000	0.0000	0.0000	0.0000	0.0000	0.0000	0.0000	0.0000	0.0000	0.0000	0.0000	0.0000	0.0000											
22	40	0.1760	17	1	0	1	0	0	0	0	0	N	N	N	N	N	N	N	N	N	N	N	N	0.0000	0.0000	0.0000	0.0000	0.0000	0.0000	0.0000	0.0000	0.0000	0.0000	0.0000	0.0000	0.0000	0.0000	0.0000	0.0000	0.0000	0.0000	0.0000	0.0000	0.0000	0.4765	2.0000	0.2778	0.0000	0.0000	0.0000	0.0000	0.0000	0.0000	0.0000	0.0000	0.0000	0.0000	0.0000	0.0000	0.0000	0.0000	0.0000	0.0000	0.0000	0.0000	0.0000	0.0000	0.0000	0.0000	0.0000	0.0000	0.0000	0.0000	0.0000	0.0050	0.0036	0.0014	0.0021	0.0021	0.0001	0.0029	0.0015	0.0013	0.0000	0.0000	0.0000	0.0000	0.0000	0.0000	0.0000	0.0000	0.0000	0.0000	0.0000	0.0000	0.0000	0.0000	0.0000	0.0000	0.0000	0.0000											
22	41	0.1781	17	1	1	1	1	0	0	0	0	N	N	N	N	N	N	N	N	N	N	N	N	0.0000	0.0000	0.0000	0.0000	0.0000	0.0000	0.0000	0.0000	0.0000	0.0000	0.0000	0.0000	0.0000	0.0000	0.0000	0.0000	0.0000	0.0000	0.0000	0.0000	0.0000	10.0333	2.0000	21.8674	0.0000	0.0000	0.0000	0.0000	0.0000	0.0000	0.0000	0.0000	0.0000	0.0000	0.0000	0.0000	0.0000	0.0000	0.0000	0.0000	0.0000	0.0000	0.0000	0.0000	0.0000	0.0000	0.0000	0.0000	0.0000	0.0000	0.0000	0.0626	0.0372	0.0254	0.0154	0.0136	0.0017	0.0472	0.0236	0.0237	0.0000	0.0000	0.0000	0.0000	0.0000	0.0000	0.0000	0.0000	0.0000	0.0000	0.0000	0.0000	0.0000	0.0000	0.0000	0.0000	0.0000	0.0000											
22	42	0.0957	10	2	0	2	0	0	0	0	0	Y	N	Y	N	N	N	N	N	N	N	N	N	0.0000	0.0000	0.0000	0.0000	0.0000	0.0000	0.0000	0.0000	0.0000	0.0000	0.0000	0.0000	0.0000	0.0000	0.0000	0.0000	0.0000	0.0000	0.0000	0.0000	0.0000	0.9968	2.0000	1.9513	0.0000	0.0000	0.0000	0.0000	0.0000	0.0000	0.0000	0.0000	0.0000	0.0000	0.0000	0.0000	0.0000	0.0000	0.0000	0.0000	0.0000	0.0000	0.0000	0.0000	0.0000	0.0000	0.0000	0.0000	0.0000	0.0000	0.0000	0.0082	0.0049	0.0033	0.0017	0.0016	0.0001	0.0065	0.0032	0.0032	0.0000	0.0000	0.0000	0.0000	0.0000	0.0000	0.0000	0.0000	0.0000	0.0000	0.0000	0.0000	0.0000	0.0000	0.0000	0.0000	0.0000	0.0000											
22	43	0.0825	9	2	0	2	0	0	0	0	0	Y	N	Y	N	N	N	N	N	N	N	N	N	0.0000	0.0000	0.0000	0.0000	0.0000	0.0000	0.0000	0.0000	0.0000	0.0000	0.0000	0.0000	0.0000	0.0000	0.0000	0.0000	0.0000	0.0000	0.0000	0.0000	0.0000	5.0018	2.0000	1.7716	0.0000	0.0000	0.0000	0.0000	0.0000	0.0000	0.0000	0.0000	0.0000	0.0000	0.0000	0.0000	0.0000	0.0000	0.0000	0.0000	0.0000	0.0000	0.0000	0.0000	0.0000	0.0000	0.0000	0.0000	0.0000	0.0000	0.0000	0.0167	0.0091	0.0076	0.0026	0.0025	0.0002	0.0140	0.0066	0.0074	0.0000	0.0000	0.0000	0.0000	0.0000	0.0000	0.0000	0.0000	0.0000	0.0000	0.0000	0.0000	0.0000	0.0000	0.0000	0.0000	0.0000	0.0000											
22	44	0.0857	10	2	0	2	0	0	0	0	0	Y	N	Y	N	N	N	N	N	N	N	N	N	0.0000	0.0000	0.0000	0.0000	0.0000	0.0000	0.0000	0.0000	0.0000	0.0000	0.0000	0.0000	0.0000	0.0000	0.0000	0.0000	0.0000	0.0000	0.0000	0.0000	0.0000	4.9860	2.0000	2.3663	0.0000	0.0000	0.0000	0.0000	0.0000	0.0000	0.0000	0.0000	0.0000	0.0000	0.0000	0.0000	0.0000	0.0000	0.0000	0.0000	0.0000	0.0000	0.0000	0.0000	0.0000	0.0000	0.0000	0.0000	0.0000	0.0000	0.0000	0.0216	0.0125	0.0091	0.0047	0.0045	0.0002	0.0168	0.0079	0.0089	0.0000	0.0000	0.0000	0.0000	0.0000	0.0000	0.0000	0.0000	0.0000	0.0000	0.0000	0.0000	0.0000	0.0000	0.0000	0.0000	0.0000	0.0000											
22	45	0.0825	9	2	0	1	0	0	0	0	0	Y	N	N	N	N	N	N	N	N	N	N	N	0.0000	0.0000	0.0000	0.0000	0.0000	0.0000	0.0000	0.0000	0.0000	0.0000	0.0000	0.0000	0.0000	0.0000	0.0000	0.0000	0.0000	0.0000	0.0000	0.0000	0.0000	0.0225	2.0000	1.9333	0.0000	0.0000	0.0000	0.0000	0.0000	0.0000	0.0000	0.0000	0.0000	0.0000	0.0000	0.0000	0.0000	0.0000	0.0000	0.0000	0.0000	0.0000	0.0000	0.0000	0.0000	0.0000	0.0000	0.0000	0.0000	0.0000	0.0000	0.0060	0.0033	0.0028	0.0013	0.0013	0.0001	0.0047	0.0020	0.0027	0.0000	0.0000	0.0000	0.0000	0.0000	0.0000	0.0000	0.0000	0.0000	0.0000	0.0000	0.0000	0.0000	0.0000	0.0000	0.0000	0.0000	0.0000											
22	46	0.0796	8	2	0	1	0	0	0	0	0	Y	N	N	N	N	N	N	N	N	N	N	N	0.0000	0.0000	0.0000	0.0000	0.0000	0.0000	0.0000	0.0000	0.0000	0.0000	0.0000	0.0000	0.0000	0.0000	0.0000	0.0000	0.0000	0.0000	0.0000	0.0000	0.0000	1.0095	2.0000	0.3555	0.0000	0.0000	0.0000	0.0000	0.0000	0.0000	0.0000	0.0000	0.0000	0.0000	0.0000	0.0000	0.0000	0.0000	0.0000	0.0000	0.0000	0.0000	0.0000	0.0000	0.0000	0.0000	0.0000	0.0000	0.0000	0.0000	0.0000	0.0033	0.0018	0.0015	0.0005	0.0004	0.0000	0.0028	0.0014	0.0014	0.0000	0.0000	0.0000	0.0000	0.0000	0.0000	0.0000	0.0000	0.0000	0.0000	0.0000	0.0000	0.0000	0.0000	0.0000	0.0000	0.0000	0.0000											
22	47	0.1942	19	1	0	2	0	0	0	0	0	N	N	Y	N	N	N	N	N	N	N	N	N	0.0000	0.0000	0.0000	0.0000	0.0000	0.0000	0.0000	0.0000	0.0000	0.0000	0.0000	0.0000	0.0000	0.0000	0.0000	0.0000	0.0000	0.0000	0.0000	0.0000	0.0000	3.0460	2.0000	11.9126	0.0000	0.0000	0.0000	0.0000	0.0000	0.0000	0.0000	0.0000	0.0000	0.0000	0.0000	0.0000	0.0000	0.0000	0.0000	0.0000	0.0000	0.0000	0.0000	0.0000	0.0000	0.0000	0.0000	0.0000	0.0000	0.0000	0.0000	0.0371	0.0229	0.0143	0.0102	0.0095	0.0007	0.0269	0.0134	0.0136	0.0000	0.0000	0.0000	0.0000	0.0000	0.0000	0.0000	0.0000	0.0000	0.0000	0.0000	0.0000	0.0000	0.0000	0.0000	0.0000	0.0000	0.0000											
22	48	0.1809	18	1	0	1	0	0	0	0	0	N	N	N	N	N	N	N	N	N	N	N	N	0.0000	0.0000	0.0000	0.0000	0.0000	0.0000	0.0000	0.0000	0.0000	0.0000	0.0000	0.0000	0.0000	0.0000	0.0000	0.0000	0.0000	0.0000	0.0000	0.0000	0.0000	1.1082	2.0000	5.8288	0.0000	0.0000	0.0000	0.0000	0.0000	0.0000	0.0000	0.0000	0.0000	0.0000	0.0000	0.0000	0.0000	0.0000	0.0000	0.0000	0.0000	0.0000	0.0000	0.0000	0.0000	0.0000	0.0000	0.0000	0.0000	0.0000	0.0000	0.0212	0.0135	0.0077	0.0066	0.0063	0.0004	0.0146	0.0073	0.0074	0.0000	0.0000	0.0000	0.0000	0.0000	0.0000	0.0000	0.0000	0.0000	0.0000	0.0000	0.0000	0.0000	0.0000	0.0000	0.0000	0.0000	0.0000											
22	49	0.2121	20	1	1	1	0	0	0	0	0	N	N	N	N	N	N	N	N	N	N	N	N	0.0000	0.0000	0.0000	0.0000	0.0000	0.0000	0.0000	0.0000	0.0000	0.0000	0.0000	0.0000	0.0000	0.0000	0.0000	0.0000	0.0000	0.0000	0.0000	0.0000	0.0000	0.0000	2.0000	2.0001	0.0000	0.0000	0.0000	0.0000	0.0000	0.0000	0.0000	0.0000	0.0000	0.0000	0.0000	0.0000	0.0000	0.0000	0.0000	0.0000	0.0000	0.0000	0.0000	0.0000	0.0000	0.0000	0.0000	0.0000	0.0000	0.0000	0.0000	0.0039	0.0024	0.0016	0.0010	0.0008	0.0001	0.0030	0.0016	0.0014	0.0000	0.0000	0.0000	0.0000	0.0000	0.0000	0.0000	0.0000	0.0000	0.0000	0.0000	0.0000	0.0000	0.0000	0.0000	0.0000	0.0000	0.0000											
22	50	0.0087	3	2	1	2	0	0	0	0	0	Y	N	Y	N	N	N	N	N	N	N	N	N	0.0000	0.0000	0.0000	0.0000	0.0000	0.0000	0.0000	0.0000	0.0000	0.0000	0.0000	0.0000	0.0000	0.0000	0.0000	0.0000	0.0000	0.0000	0.0000	0.0000	0.0000	0.0000	2.0000	1.7047	0.0000	0.0000	0.0000	0.0000	0.0000	0.0000	0.0000	0.0000	0.0000	0.0000	0.0000	0.0000	0.0000	0.0000	0.0000	0.0000	0.0000	0.0000	0.0000	0.0000	0.0000	0.0000	0.0000	0.0000	0.0000	0.0000	0.0000	0.0080	0.0056	0.0024	0.0021	0.0021	0.0000	0.0059	0.0035	0.0024	0.0000	0.0000	0.0000	0.0000	0.0000	0.0000	0.0000	0.0000	0.0000	0.0000	0.0000	0.0000	0.0000	0.0000	0.0000	0.0000	0.0000	0.0000											
22	51	0.0087	3	2	1	2	0	0	0	0	0	Y	N	Y	N	N	N	N	N	N	N	N	N	0.0000	0.0000	0.0000	0.0000	0.0000	0.0000	0.0000	0.0000	0.0000	0.0000	0.0000	0.0000	0.0000	0.0000	0.0000	0.0000	0.0000	0.0000	0.0000	0.0000	0.0000	0.0000	2.0000	0.2953	0.0000	0.0000	0.0000	0.0000	0.0000	0.0000	0.0000	0.0000	0.0000	0.0000	0.0000	0.0000	0.0000	0.0000	0.0000	0.0000	0.0000	0.0000	0.0000	0.0000	0.0000	0.0000	0.0000	0.0000	0.0000	0.0000	0.0000	0.0047	0.0040	0.0007	0.0020	0.0020	0.0000	0.0027	0.0020	0.0007	0.0000	0.0000	0.0000	0.0000	0.0000	0.0000	0.0000	0.0000	0.0000	0.0000	0.0000	0.0000	0.0000	0.0000	0.0000	0.0000	0.0000	0.0000											
22	52	0.0058	2	2	1	2	0	0	0	0	0	Y	N	Y	N	N	N	N	N	N	N	N	N	0.0000	0.0000	0.0000	0.0000	0.0000	0.0000	0.0000	0.0000	0.0000	0.0000	0.0000	0.0000	0.0000	0.0000	0.0000	0.0000	0.0000	0.0000	0.0000	0.0000	0.0000	0.0001	2.0000	1.7968	0.0000	0.0000	0.0000	0.0000	0.0000	0.0000	0.0000	0.0000	0.0000	0.0000	0.0000	0.0000	0.0000	0.0000	0.0000	0.0000	0.0000	0.0000	0.0000	0.0000	0.0000	0.0000	0.0000	0.0000	0.0000	0.0000	0.0000	0.0061	0.0035	0.0027	0.0010	0.0010	0.0000	0.0051	0.0025	0.0026	0.0000	0.0000	0.0000	0.0000	0.0000	0.0000	0.0000	0.0000	0.0000	0.0000	0.0000	0.0000	0.0000	0.0000	0.0000	0.0000	0.0000	0.0000											
22	53	0.1580	10	2	1	1	0	0	0	0	0	Y	N	N	N	N	N	N	N	N	N	N	N	0.0000	0.0000	0.0000	0.0000	0.0000	0.0000	0.0000	0.0000	0.0000	0.0000	0.0000	0.0000	0.0000	0.0000	0.0000	0.0000	0.0000	0.0000	0.0000	0.0000	0.0000	1.8240	2.0000	0.8872	0.0000	0.0000	0.0000	0.0000	0.0000	0.0000	0.0000	0.0000	0.0000	0.0000	0.0000	0.0000	0.0000	0.0000	0.0000	0.0000	0.0000	0.0000	0.0000	0.0000	0.0000	0.0000	0.0000	0.0000	0.0000	0.0000	0.0000	0.0085	0.0051	0.0034	0.0021	0.0020	0.0001	0.0063	0.0031	0.0033	0.0000	0.0000	0.0000	0.0000	0.0000	0.0000	0.0000	0.0000	0.0000	0.0000	0.0000	0.0000	0.0000	0.0000	0.0000	0.0000	0.0000	0.0000											
22	54	0.2420	22	1	1	1	1	0	0	0	0	N	N	N	N	N	N	N	N	N	N	N	N	0.0000	0.0000	0.0000	0.0000	0.0000	0.0000	0.0000	0.0000	0.0000	0.0000	0.0000	0.0000	0.0000	0.0000	0.0000	0.0000	0.0000	0.0000	0.0000	0.0000	0.0000	0.0007	2.0000	4.7762	0.0000	0.0000	0.0000	0.0000	0.0000	0.0000	0.0000	0.0000	0.0000	0.0000	0.0000	0.0000	0.0000	0.0000	0.0000	0.0000	0.0000	0.0000	0.0000	0.0000	0.0000	0.0000	0.0000	0.0000	0.0000	0.0000	0.0000	0.0111	0.0070	0.0041	0.0032	0.0029	0.0003	0.0080	0.0041	0.0038	0.0000	0.0000	0.0000	0.0000	0.0000	0.0000	0.0000	0.0000	0.0000	0.0000	0.0000	0.0000	0.0000	0.0000	0.0000	0.0000	0.0000	0.0000											
22	55	0.2420	22	1	0	1	1	0	0	0	0	N	N	N	N	N	N	N	N	N	N	N	N	0.0000	0.0000	0.0000	0.0000	0.0000	0.0000	0.0000	0.0000	0.0000	0.0000	0.0000	0.0000	0.0000	0.0000	0.0000	0.0000	0.0000	0.0000	0.0000	0.0000	0.0000	0.0007	2.0000	3.2259	0.0000	0.0000	0.0000	0.0000	0.0000	0.0000	0.0000	0.0000	0.0000	0.0000	0.0000	0.0000	0.0000	0.0000	0.0000	0.0000	0.0000	0.0000	0.0000	0.0000	0.0000	0.0000	0.0000	0.0000	0.0000	0.0000	0.0000	0.0082	0.0053	0.0029	0.0025	0.0023	0.0002	0.0057	0.0030	0.0027	0.0000	0.0000	0.0000	0.0000	0.0000	0.0000	0.0000	0.0000	0.0000	0.0000	0.0000	0.0000	0.0000	0.0000	0.0000	0.0000	0.0000	0.0000											
22	56	0.2377	21	1	0	1	1	0	0	0	0	N	N	N	N	N	N	N	N	N	N	N	N	0.0000	0.0000	0.0000	0.0000	0.0000	0.0000	0.0000	0.0000	0.0000	0.0000	0.0000	0.0000	0.0000	0.0000	0.0000	0.0000	0.0000	0.0000	0.0000	0.0000	0.0000	0.9953	2.0000	1.3904	0.0000	0.0000	0.0000	0.0000	0.0000	0.0000	0.0000	0.0000	0.0000	0.0000	0.0000	0.0000	0.0000	0.0000	0.0000	0.0000	0.0000	0.0000	0.0000	0.0000	0.0000	0.0000	0.0000	0.0000	0.0000	0.0000	0.0000	0.0064	0.0042	0.0022	0.0020	0.0018	0.0001	0.0044	0.0024	0.0020	0.0000	0.0000	0.0000	0.0000	0.0000	0.0000	0.0000	0.0000	0.0000	0.0000	0.0000	0.0000	0.0000	0.0000	0.0000	0.0000	0.0000	0.0000											
22	57	0.2310	20	1	0	1	1	0	0	0	0	N	N	N	N	N	N	N	N	N	N	N	N	0.0000	0.0000	0.0000	0.0000	0.0000	0.0000	0.0000	0.0000	0.0000	0.0000	0.0000	0.0000	0.0000	0.0000	0.0000	0.0000	0.0000	0.0000	0.0000	0.0000	0.0000	0.0068	2.0000	3.2797	0.0000	0.0000	0.0000	0.0000	0.0000	0.0000	0.0000	0.0000	0.0000	0.0000	0.0000	0.0000	0.0000	0.0000	0.0000	0.0000	0.0000	0.0000	0.0000	0.0000	0.0000	0.0000	0.0000	0.0000	0.0000	0.0000	0.0000	0.0079	0.0048	0.0031	0.0023	0.0021	0.0002	0.0056	0.0027	0.0029	0.0000	0.0000	0.0000	0.0000	0.0000	0.0000	0.0000	0.0000	0.0000	0.0000	0.0000	0.0000	0.0000	0.0000	0.0000	0.0000	0.0000	0.0000											
22	58	0.1898	19	1	0	1	1	0	0	0	0	N	N	N	N	N	N	N	N	N	N	N	N	0.0000	0.0000	0.0000	0.0000	0.0000	0.0000	0.0000	0.0000	0.0000	0.0000	0.0000	0.0000	0.0000	0.0000	0.0000	0.0000	0.0000	0.0000	0.0000	0.0000	0.0000	5.8573	2.0000	13.1443	0.0000	0.0000	0.0000	0.0000	0.0000	0.0000	0.0000	0.0000	0.0000	0.0000	0.0000	0.0000	0.0000	0.0000	0.0000	0.0000	0.0000	0.0000	0.0000	0.0000	0.0000	0.0000	0.0000	0.0000	0.0000	0.0000	0.0000	0.0415	0.0247	0.0168	0.0100	0.0091	0.0009	0.0314	0.0156	0.0159	0.0000	0.0000	0.0000	0.0000	0.0000	0.0000	0.0000	0.0000	0.0000	0.0000	0.0000	0.0000	0.0000	0.0000	0.0000	0.0000	0.0000	0.0000											
22	59	0.0629	7	1	1	2	0	0	0	0	0	N	N	Y	N	N	N	N	N	N	N	N	N	0.0000	0.0000	0.0000	0.0000	0.0000	0.0000	0.0000	0.0000	0.0000	0.0000	0.0000	0.0000	0.0000	0.0007	0.0013	0.0000	0.0051	0.0054	0.0000	0.0000	0.0000	0.0000	0.0000	0.0000	-0.0000	0.0000	0.9979	2.0000	4.0614	0.0000	0.0000	0.0000	0.0000	0.0000	0.0000	0.0000	0.0000	0.0000	0.0000	0.0000	0.0000	0.0000	0.0000	0.0000	0.0000	0.0000	0.0000	0.0000	0.0000	0.0000	0.0000	0.0000	0.0000	0.0000	0.0000	0.0000	0.0137	0.0080	0.0057	0.0020	0.0019	0.0001	0.0117	0.0061	0.0056	0.0000	0.0000	0.0000	0.0000	0.0000	0.0000	0.0000	0.0000	0.0000	0.0007	0.0013	0.0000	0.0051	0.0054	0.0000	0.0000	0.0000	0.0000						
22	60	0.0545	6	1	1	1	0	0	0	0	0	N	N	N	N	N	N	N	N	N	N	N	N	0.0000	0.0000	0.0000	0.0000	0.0000	0.0000	0.0000	0.0000	0.0000	0.0000	0.0000	0.0000	0.0000	0.0000	0.0000	0.0000	0.0017	0.0014	0.0020	0.0064	0.0067	0.0000	0.0010	0.0000	0.0020	1.0000	0.0000	-0.0000	0.0000	2.2356	2.0000	2.2044	0.0000	0.0000	0.0000	0.0000	0.0000	0.0000	0.0000	0.0000	0.0000	0.0000	0.0000	0.0000	0.0000	0.0000	0.0000	0.0000	0.0000	0.0000	0.0000	0.0000	0.0000	0.0000	0.0000	0.0000	0.0000	0.0000	0.0000	0.0119	0.0069	0.0050	0.0016	0.0015	0.0001	0.0104	0.0054	0.0050	0.0000	0.0000	0.0000	0.0000	0.0000	0.0000	0.0000	0.0000	0.0000	0.0017	0.0014	0.0020	0.0064	0.0067	0.0000	0.0010	0.0000	0.0020			
22	61	0.0833	10	2	0	2	0	0	0	0	0	Y	N	Y	N	N	N	N	N	N	N	N	N	0.0000	0.0000	0.0000	0.0000	0.0000	0.0000	0.0000	0.0000	0.0000	0.0000	0.0000	0.0000	0.0000	0.0000	0.0000	0.0000	0.0000	0.0000	0.0000	0.0000	0.0000	2.0703	2.0000	7.0012	0.0000	0.0000	0.0000	0.0000	0.0000	0.0000	0.0000	0.0000	0.0000	0.0000	0.0000	0.0000	0.0000	0.0000	0.0000	0.0000	0.0000	0.0000	0.0000	0.0000	0.0000	0.0000	0.0000	0.0000	0.0000	0.0000	0.0000	0.0200	0.0110	0.0090	0.0026	0.0023	0.0002	0.0174	0.0086	0.0088	0.0000	0.0000	0.0000	0.0000	0.0000	0.0000	0.0000	0.0000	0.0000	0.0000	0.0000	0.0000	0.0000	0.0000	0.0000	0.0000	0.0000	0.0000											
22	62	0.0817	9	1	0	1	0	0	0	0	0	N	N	N	N	N	N	N	N	N	N	N	N	0.0000	0.0000	0.0000	0.0000	0.0000	0.0000	0.0000	0.0000	0.0000	0.0000	0.0000	0.0000	0.0000	0.0000	0.0000	0.0000	0.0000	0.0000	0.0000	0.0000	0.0000	0.9285	2.0000	0.0280	0.0000	0.0000	0.0000	0.0000	0.0000	0.0000	0.0000	0.0000	0.0000	0.0000	0.0000	0.0000	0.0000	0.0000	0.0000	0.0000	0.0000	0.0000	0.0000	0.0000	0.0000	0.0000	0.0000	0.0000	0.0000	0.0000	0.0000	0.0023	0.0012	0.0010	0.0003	0.0003	0.0000	0.0019	0.0009	0.0010	0.0000	0.0000	0.0000	0.0000	0.0000	0.0000	0.0000	0.0000	0.0000	0.0000	0.0000	0.0000	0.0000	0.0000	0.0000	0.0000	0.0000	0.0000											
22	63	0.1269	12	2	1	1	0	0	0	0	0	Y	N	N	N	N	N	N	N	N	N	N	N	0.0000	0.0000	0.0000	0.0000	0.0000	0.0000	0.0000	0.0000	0.0000	0.0000	0.0000	0.0000	0.0000	0.0010	0.0018	0.0000	0.0082	0.0088	0.0000	0.0000	0.0000	0.0000	0.0000	0.0000	-0.0000	0.0000	1.0023	2.0000	3.0135	0.0000	0.0000	0.0000	0.0000	0.0000	0.0000	0.0000	0.0000	0.0000	0.0000	0.0000	0.0000	0.0000	0.0000	0.0000	0.0000	0.0000	0.0000	0.0000	0.0000	0.0000	0.0000	0.0000	0.0000	0.0000	0.0000	0.0000	0.0099	0.0057	0.0042	0.0012	0.0011	0.0001	0.0087	0.0046	0.0041	0.0000	0.0000	0.0000	0.0000	0.0000	0.0000	0.0000	0.0000	0.0000	0.0010	0.0018	0.0000	0.0082	0.0088	0.0000	0.0000	0.0000	0.0000						
22	64	0.1005	11	2	1	1	0	0	0	0	0	Y	N	N	N	N	N	N	N	N	N	N	N	0.0000	0.0000	0.0000	0.0000	0.0000	0.0000	0.0000	0.0000	0.0000	0.0000	0.0000	0.0000	0.0000	0.0000	0.0000	0.0000	0.0007	0.0006	0.0007	0.0036	0.0040	0.0000	0.0004	0.0000	0.0008	0.9394	0.0000	-0.0000	0.0000	3.0820	2.0000	9.3392	0.0000	0.0000	0.0000	0.0000	0.0000	0.0000	0.0000	0.0000	0.0000	0.0000	0.0000	0.0000	0.0000	0.0000	0.0000	0.0000	0.0000	0.0000	0.0000	0.0000	0.0000	0.0000	0.0000	0.0000	0.0000	0.0000	0.0000	0.0281	0.0155	0.0126	0.0028	0.0025	0.0003	0.0253	0.0130	0.0123	0.0000	0.0000	0.0000	0.0000	0.0000	0.0000	0.0000	0.0000	0.0000	0.0007	0.0006	0.0007	0.0036	0.0040	0.0000	0.0004	0.0000	0.0008			
22	65	0.0545	6	1	1	1	0	0	0	0	0	N	N	N	N	N	N	N	N	N	N	N	N	0.0000	0.0000	0.0000	0.0000	0.0000	0.0000	0.0000	0.0000	0.0000	0.0000	0.0000	0.0000	0.0000	0.0005	0.0010	0.0000	0.0053	0.0057	0.0000	0.0000	0.0000	0.0000	0.0000	0.0000	-0.0000	0.0000	1.7946	2.0000	5.9592	0.0000	0.0000	0.0000	0.0000	0.0000	0.0000	0.0000	0.0000	0.0000	0.0000	0.0000	0.0000	0.0000	0.0000	0.0000	0.0000	0.0000	0.0000	0.0000	0.0000	0.0000	0.0000	0.0000	0.0000	0.0000	0.0000	0.0000	0.0189	0.0105	0.0084	0.0019	0.0018	0.0001	0.0170	0.0087	0.0083	0.0000	0.0000	0.0000	0.0000	0.0000	0.0000	0.0000	0.0000	0.0000	0.0005	0.0010	0.0000	0.0053	0.0057	0.0000	0.0000	0.0000	0.0000						
22	66	0.0477	5	1	1	1	0	0	0	0	0	N	N	N	N	N	N	N	N	N	N	N	N	0.0000	0.0000	0.0000	0.0000	0.0000	0.0000	0.0000	0.0000	0.0000	0.0000	0.0000	0.0000	0.0000	0.0000	0.0000	0.0000	0.0024	0.0023	0.0025	0.0152	0.0166	0.0000	0.0013	0.0000	0.0026	1.0000	0.0000	-0.0000	0.0000	1.3569	2.0000	2.0560	0.0000	0.0000	0.0000	0.0000	0.0000	0.0000	0.0000	0.0000	0.0000	0.0000	0.0000	0.0000	0.0000	0.0000	0.0000	0.0000	0.0000	0.0000	0.0000	0.0000	0.0000	0.0000	0.0000	0.0000	0.0000	0.0000	0.0000	0.0084	0.0044	0.0040	0.0007	0.0006	0.0001	0.0077	0.0038	0.0039	0.0000	0.0000	0.0000	0.0000	0.0000	0.0000	0.0000	0.0000	0.0000	0.0024	0.0023	0.0025	0.0152	0.0166	0.0000	0.0013	0.0000	0.0026			
22	67	0.0343	4	1	1	1	0	0	0	0	0	N	N	N	N	N	N	N	N	N	N	N	N	0.0000	0.0000	0.0000	0.0000	0.0000	0.0000	0.0000	0.0000	0.0000	0.0000	0.0000	0.0000	0.0000	0.0000	0.0000	0.0000	0.0015	0.0019	0.0011	0.0067	0.0070	0.0000	0.0006	0.0000	0.0011	0.4997	0.0000	-0.0000	0.0000	4.9477	2.0000	2.0153	0.0000	0.0000	0.0000	0.0000	0.0000	0.0000	0.0000	0.0000	0.0000	0.0000	0.0000	0.0000	0.0000	0.0000	0.0000	0.0000	0.0000	0.0000	0.0000	0.0000	0.0000	0.0000	0.0000	0.0000	0.0000	0.0000	0.0000	0.0198	0.0104	0.0094	0.0030	0.0029	0.0001	0.0168	0.0075	0.0093	0.0000	0.0000	0.0000	0.0000	0.0000	0.0000	0.0000	0.0000	0.0000	0.0015	0.0019	0.0011	0.0067	0.0070	0.0000	0.0006	0.0000	0.0011			
22	68	0.2121	20	1	0	2	0	0	0	0	0	N	N	Y	N	N	N	N	N	N	N	N	N	0.0000	0.0000	0.0000	0.0000	0.0000	0.0000	0.0000	0.0000	0.0000	0.0000	0.0000	0.0000	0.0000	0.0000	0.0000	0.0000	0.0000	0.0000	0.0000	0.0000	0.0000	0.0000	2.0000	4.0001	0.0000	0.0000	0.0000	0.0000	0.0000	0.0000	0.0000	0.0000	0.0000	0.0000	0.0000	0.0000	0.0000	0.0000	0.0000	0.0000	0.0000	0.0000	0.0000	0.0000	0.0000	0.0000	0.0000	0.0000	0.0000	0.0000	0.0000	0.0078	0.0047	0.0031	0.0019	0.0016	0.0003	0.0059	0.0031	0.0028	0.0000	0.0000	0.0000	0.0000	0.0000	0.0000	0.0000	0.0000	0.0000	0.0000	0.0000	0.0000	0.0000	0.0000	0.0000	0.0000	0.0000	0.0000											
22	69	0.1898	19	1	0	1	0	0	0	0	0	N	N	N	N	N	N	N	N	N	N	N	N	0.0000	0.0000	0.0000	0.0000	0.0000	0.0000	0.0000	0.0000	0.0000	0.0000	0.0000	0.0000	0.0000	0.0000	0.0000	0.0000	0.0000	0.0000	0.0000	0.0000	0.0000	2.8240	2.0000	8.9883	0.0000	0.0000	0.0000	0.0000	0.0000	0.0000	0.0000	0.0000	0.0000	0.0000	0.0000	0.0000	0.0000	0.0000	0.0000	0.0000	0.0000	0.0000	0.0000	0.0000	0.0000	0.0000	0.0000	0.0000	0.0000	0.0000	0.0000	0.0291	0.0176	0.0115	0.0078	0.0071	0.0006	0.0214	0.0105	0.0109	0.0000	0.0000	0.0000	0.0000	0.0000	0.0000	0.0000	0.0000	0.0000	0.0000	0.0000	0.0000	0.0000	0.0000	0.0000	0.0000	0.0000	0.0000											
22	70	0.1809	18	1	0	1	0	0	0	0	0	N	N	N	N	N	N	N	N	N	N	N	N	0.0000	0.0000	0.0000	0.0000	0.0000	0.0000	0.0000	0.0000	0.0000	0.0000	0.0000	0.0000	0.0000	0.0000	0.0000	0.0000	0.0000	0.0000	0.0000	0.0000	0.0000	1.4521	2.0000	3.5882	0.0000	0.0000	0.0000	0.0000	0.0000	0.0000	0.0000	0.0000	0.0000	0.0000	0.0000	0.0000	0.0000	0.0000	0.0000	0.0000	0.0000	0.0000	0.0000	0.0000	0.0000	0.0000	0.0000	0.0000	0.0000	0.0000	0.0000	0.0177	0.0115	0.0062	0.0059	0.0057	0.0003	0.0118	0.0059	0.0059	0.0000	0.0000	0.0000	0.0000	0.0000	0.0000	0.0000	0.0000	0.0000	0.0000	0.0000	0.0000	0.0000	0.0000	0.0000	0.0000	0.0000	0.0000											
22	71	0.1781	17	1	0	1	0	0	0	0	0	N	N	N	N	N	N	N	N	N	N	N	N	0.0000	0.0000	0.0000	0.0000	0.0000	0.0000	0.0000	0.0000	0.0000	0.0000	0.0000	0.0000	0.0000	0.0000	0.0000	0.0000	0.0000	0.0000	0.0000	0.0000	0.0000	1.1783	2.0000	0.9542	0.0000	0.0000	0.0000	0.0000	0.0000	0.0000	0.0000	0.0000	0.0000	0.0000	0.0000	0.0000	0.0000	0.0000	0.0000	0.0000	0.0000	0.0000	0.0000	0.0000	0.0000	0.0000	0.0000	0.0000	0.0000	0.0000	0.0000	0.0104	0.0071	0.0034	0.0040	0.0039	0.0001	0.0064	0.0032	0.0032	0.0000	0.0000	0.0000	0.0000	0.0000	0.0000	0.0000	0.0000	0.0000	0.0000	0.0000	0.0000	0.0000	0.0000	0.0000	0.0000	0.0000	0.0000											
22	72	0.1735	16	1	0	1	0	0	0	0	0	N	N	N	N	N	N	N	N	N	N	N	N	0.0000	0.0000	0.0000	0.0000	0.0000	0.0000	0.0000	0.0000	0.0000	0.0000	0.0000	0.0000	0.0000	0.0000	0.0000	0.0000	0.0000	0.0000	0.0000	0.0000	0.0000	2.0762	2.0000	1.4610	0.0000	0.0000	0.0000	0.0000	0.0000	0.0000	0.0000	0.0000	0.0000	0.0000	0.0000	0.0000	0.0000	0.0000	0.0000	0.0000	0.0000	0.0000	0.0000	0.0000	0.0000	0.0000	0.0000	0.0000	0.0000	0.0000	0.0000	0.0123	0.0080	0.0043	0.0042	0.0040	0.0002	0.0081	0.0040	0.0041	0.0000	0.0000	0.0000	0.0000	0.0000	0.0000	0.0000	0.0000	0.0000	0.0000	0.0000	0.0000	0.0000	0.0000	0.0000	0.0000	0.0000	0.0000											
22	73	0.1093	12	1	0	1	0	0	0	0	0	N	N	N	N	N	N	N	N	N	N	N	N	0.0000	0.0000	0.0000	0.0000	0.0000	0.0000	0.0000	0.0000	0.0000	0.0000	0.0000	0.0000	0.0000	0.0000	0.0000	0.0000	0.0000	0.0000	0.0000	0.0000	0.0000	4.0673	2.0000	17.8409	0.0000	0.0000	0.0000	0.0000	0.0000	0.0000	0.0000	0.0000	0.0000	0.0000	0.0000	0.0000	0.0000	0.0000	0.0000	0.0000	0.0000	0.0000	0.0000	0.0000	0.0000	0.0000	0.0000	0.0000	0.0000	0.0000	0.0000	0.0461	0.0251	0.0210	0.0051	0.0045	0.0006	0.0410	0.0207	0.0204	0.0000	0.0000	0.0000	0.0000	0.0000	0.0000	0.0000	0.0000	0.0000	0.0000	0.0000	0.0000	0.0000	0.0000	0.0000	0.0000	0.0000	0.0000											
22	75	0.2460	16	1	0	1	0	0	0	0	0	N	N	N	N	N	N	N	N	N	N	N	N	0.0000	0.0000	0.0000	0.0000	0.0000	0.0000	0.0000	0.0000	0.0000	0.0000	0.0000	0.0000	0.0000	0.1938	0.2852	0.0000	0.4517	0.4996	0.0000	0.0000	0.0000	0.0000	0.0000	0.0000	-0.0174	0.0000	3.5843	2.0000	46.7516	0.0000	0.0000	0.0000	0.0000	0.0000	0.0000	0.0000	0.0000	0.0000	0.0320	0.0320	0.0000	0.0320	0.0320	0.0000	0.0000	0.0000	0.0000	0.0000	0.0000	0.0000	0.0000	0.0000	0.0000	0.0000	0.0000	0.0000	0.1650	0.1121	0.0529	0.0708	0.0640	0.0068	0.0942	0.0481	0.0461	0.0000	0.0000	0.0000	0.0000	0.0000	0.0000	0.0000	0.0000	0.0000	0.1938	0.2852	0.0000	0.4517	0.4996	0.0000	0.0000	0.0000	0.0000						
22	76	0.1106	12	2	1	2	0	0	0	0	0	Y	N	Y	N	N	N	N	N	N	N	N	N	0.0000	0.0000	0.0000	0.0000	0.0000	0.0000	0.0000	0.0000	0.0000	0.0000	0.0000	0.0000	0.0000	0.2057	0.3709	0.0000	1.0746	1.2027	0.0000	0.0000	0.0000	0.0000	0.0000	0.0000	-0.0005	0.0000	1.0003	2.0000	1.0071	0.0000	0.0000	0.0000	0.0000	0.0000	0.0000	0.0000	0.0000	0.0000	0.0009	0.0009	0.0000	0.0009	0.0009	0.0000	0.0000	0.0000	0.0000	0.0000	0.0000	0.0000	0.0000	0.0000	0.0000	0.0000	0.0000	0.0000	0.0044	0.0024	0.0019	0.0008	0.0007	0.0001	0.0035	0.0017	0.0019	0.0000	0.0000	0.0000	0.0000	0.0000	0.0000	0.0000	0.0000	0.0000	0.2057	0.3709	0.0000	1.0746	1.2027	0.0000	0.0000	0.0000	0.0000						
22	77	0.1038	11	2	0	2	0	0	0	0	0	Y	N	Y	N	N	N	N	N	N	N	N	N	0.0000	0.0000	0.0000	0.0000	0.0000	0.0000	0.0000	0.0000	0.0000	0.0000	0.0000	0.0000	0.0000	0.0581	0.0810	0.0000	0.0000	0.0000	0.0000	0.0895	0.1553	0.0000	0.0000	0.0000	-0.0005	0.0000	0.9901	2.0000	2.2068	0.0000	0.0000	0.0000	0.0000	0.0000	0.0000	0.0000	0.0000	0.0000	0.0009	0.0009	0.0000	0.0000	0.0000	0.0000	0.0009	0.0009	0.0000	0.0000	0.0000	0.0000	0.0000	0.0000	0.0000	0.0000	0.0000	0.0000	0.0155	0.0111	0.0044	0.0054	0.0053	0.0001	0.0101	0.0058	0.0043	0.0000	0.0000	0.0000	0.0000	0.0000	0.0000	0.0000	0.0000	0.0000	0.0581	0.0810	0.0000	0.0000	0.0000	0.0000	0.0895	0.1553	0.0000						
22	78	0.1269	13	1	1	1	0	0	0	0	0	N	N	N	N	N	N	N	N	N	N	N	N	0.0000	0.0000	0.0000	0.0000	0.0000	0.0000	0.0000	0.0000	0.0000	0.0000	0.0000	0.0000	0.0000	0.0000	0.0000	0.0000	0.0000	0.0000	0.0000	0.0000	0.0000	8.4371	2.0000	15.3349	0.0000	0.0000	0.0000	0.0000	0.0000	0.0000	0.0000	0.0000	0.0000	0.0000	0.0000	0.0000	0.0000	0.0000	0.0000	0.0000	0.0000	0.0000	0.0000	0.0000	0.0000	0.0000	0.0000	0.0000	0.0000	0.0000	0.0000	0.0570	0.0337	0.0233	0.0107	0.0098	0.0009	0.0463	0.0239	0.0224	0.0000	0.0000	0.0000	0.0000	0.0000	0.0000	0.0000	0.0000	0.0000	0.0000	0.0000	0.0000	0.0000	0.0000	0.0000	0.0000	0.0000	0.0000											
22	79	0.1038	11	2	0	2	0	0	0	0	0	Y	N	Y	N	N	N	N	N	N	N	N	N	0.0000	0.0000	0.0000	0.0000	0.0000	0.0000	0.0000	0.0000	0.0000	0.0000	0.0000	0.0000	0.0000	0.0000	0.0000	0.0000	0.0000	0.0000	0.0000	0.0000	0.0000	3.0096	2.0000	5.7427	0.0000	0.0000	0.0000	0.0000	0.0000	0.0000	0.0000	0.0000	0.0000	0.0000	0.0000	0.0000	0.0000	0.0000	0.0000	0.0000	0.0000	0.0000	0.0000	0.0000	0.0000	0.0000	0.0000	0.0000	0.0000	0.0000	0.0000	0.0268	0.0173	0.0095	0.0072	0.0069	0.0003	0.0196	0.0104	0.0092	0.0000	0.0000	0.0000	0.0000	0.0000	0.0000	0.0000	0.0000	0.0000	0.0000	0.0000	0.0000	0.0000	0.0000	0.0000	0.0000	0.0000	0.0000											
22	80	0.0882	10	2	0	2	0	0	0	0	0	Y	N	Y	N	N	N	N	N	N	N	N	N	0.0000	0.0000	0.0000	0.0000	0.0000	0.0000	0.0000	0.0000	0.0000	0.0000	0.0000	0.0000	0.0000	0.0000	0.0000	0.0000	0.0000	0.0000	0.0000	0.0000	0.0000	1.0477	2.0000	6.1154	0.0000	0.0000	0.0000	0.0000	0.0000	0.0000	0.0000	0.0000	0.0000	0.0000	0.0000	0.0000	0.0000	0.0000	0.0000	0.0000	0.0000	0.0000	0.0000	0.0000	0.0000	0.0000	0.0000	0.0000	0.0000	0.0000	0.0000	0.0180	0.0102	0.0078	0.0034	0.0032	0.0002	0.0145	0.0070	0.0075	0.0000	0.0000	0.0000	0.0000	0.0000	0.0000	0.0000	0.0000	0.0000	0.0000	0.0000	0.0000	0.0000	0.0000	0.0000	0.0000	0.0000	0.0000											
22	81	0.0817	9	1	0	1	0	0	0	0	0	N	N	N	N	N	N	N	N	N	N	N	N	0.0000	0.0000	0.0000	0.0000	0.0000	0.0000	0.0000	0.0000	0.0000	0.0000	0.0000	0.0000	0.0000	0.0000	0.0000	0.0000	0.0000	0.0000	0.0000	0.0000	0.0000	1.9794	2.0000	1.0196	0.0000	0.0000	0.0000	0.0000	0.0000	0.0000	0.0000	0.0000	0.0000	0.0000	0.0000	0.0000	0.0000	0.0000	0.0000	0.0000	0.0000	0.0000	0.0000	0.0000	0.0000	0.0000	0.0000	0.0000	0.0000	0.0000	0.0000	0.0068	0.0037	0.0031	0.0009	0.0008	0.0001	0.0059	0.0029	0.0030	0.0000	0.0000	0.0000	0.0000	0.0000	0.0000	0.0000	0.0000	0.0000	0.0000	0.0000	0.0000	0.0000	0.0000	0.0000	0.0000	0.0000	0.0000											
22	82	0.0796	8	1	0	1	0	0	0	0	0	N	N	N	N	N	N	N	N	N	N	N	N	0.0000	0.0000	0.0000	0.0000	0.0000	0.0000	0.0000	0.0000	0.0000	0.0000	0.0000	0.0000	0.0000	0.0000	0.0000	0.0000	0.0000	0.0000	0.0000	0.0000	0.0000	1.0114	2.0000	0.0202	0.0000	0.0000	0.0000	0.0000	0.0000	0.0000	0.0000	0.0000	0.0000	0.0000	0.0000	0.0000	0.0000	0.0000	0.0000	0.0000	0.0000	0.0000	0.0000	0.0000	0.0000	0.0000	0.0000	0.0000	0.0000	0.0000	0.0000	0.0025	0.0014	0.0011	0.0004	0.0003	0.0000	0.0021	0.0010	0.0011	0.0000	0.0000	0.0000	0.0000	0.0000	0.0000	0.0000	0.0000	0.0000	0.0000	0.0000	0.0000	0.0000	0.0000	0.0000	0.0000	0.0000	0.0000											
22	83	0.0590	7	1	0	1	0	0	0	0	0	N	N	N	N	N	N	N	N	N	N	N	N	0.0000	0.0000	0.0000	0.0000	0.0000	0.0000	0.0000	0.0000	0.0000	0.0000	0.0000	0.0000	0.0000	0.0000	0.0000	0.0000	0.0000	0.0000	0.0000	0.0000	0.0000	5.9223	2.0000	3.6882	0.0000	0.0000	0.0000	0.0000	0.0000	0.0000	0.0000	0.0000	0.0000	0.0000	0.0000	0.0000	0.0000	0.0000	0.0000	0.0000	0.0000	0.0000	0.0000	0.0000	0.0000	0.0000	0.0000	0.0000	0.0000	0.0000	0.0000	0.0273	0.0145	0.0129	0.0048	0.0046	0.0002	0.0225	0.0099	0.0126	0.0000	0.0000	0.0000	0.0000	0.0000	0.0000	0.0000	0.0000	0.0000	0.0000	0.0000	0.0000	0.0000	0.0000	0.0000	0.0000	0.0000	0.0000											
22	84	0.1467	15	1	1	1	0	0	0	0	0	N	N	N	N	N	N	N	N	N	N	N	N	0.0000	0.0000	0.0000	0.0000	0.0000	0.0000	0.0000	0.0000	0.0000	0.0000	0.0000	0.0000	0.0000	0.0000	0.0000	0.0000	0.0000	0.0000	0.0000	0.0000	0.0000	7.1084	2.0000	28.8937	0.0000	0.0000	0.0000	0.0000	0.0000	0.0000	0.0000	0.0000	0.0000	0.0000	0.0000	0.0000	0.0000	0.0000	0.0000	0.0000	0.0000	0.0000	0.0000	0.0000	0.0000	0.0000	0.0000	0.0000	0.0000	0.0000	0.0000	0.0815	0.0484	0.0331	0.0178	0.0159	0.0019	0.0636	0.0325	0.0312	0.0000	0.0000	0.0000	0.0000	0.0000	0.0000	0.0000	0.0000	0.0000	0.0000	0.0000	0.0000	0.0000	0.0000	0.0000	0.0000	0.0000	0.0000											
22	85	0.1392	14	1	1	1	0	0	0	0	0	N	N	N	N	N	N	N	N	N	N	N	N	0.0000	0.0000	0.0000	0.0000	0.0000	0.0000	0.0000	0.0000	0.0000	0.0000	0.0000	0.0000	0.0000	0.0000	0.0000	0.0000	0.0002	0.0001	0.0004	0.0001	0.0001	0.0000	0.0002	0.0000	0.0004	3.3293	0.0000	0.0000	0.0000	2.2208	2.0000	3.9129	0.0000	0.0000	0.0000	0.0000	0.0000	0.0000	0.0000	0.0000	0.0000	0.0000	0.0000	0.0000	0.0000	0.0000	0.0000	0.0000	0.0000	0.0000	0.0000	0.0000	0.0000	0.0000	0.0000	0.0000	0.0000	0.0000	0.0000	0.0257	0.0172	0.0086	0.0082	0.0079	0.0004	0.0175	0.0093	0.0082	0.0000	0.0000	0.0000	0.0000	0.0000	0.0000	0.0000	0.0000	0.0000	0.0002	0.0001	0.0004	0.0001	0.0001	0.0000	0.0002	0.0000	0.0004			
22	86	0.2147	16	1	0	2	0	0	0	0	0	N	N	Y	N	N	N	N	N	N	N	N	N	0.0000	0.0000	0.0000	0.0000	0.0000	0.0000	0.0000	0.0000	0.0000	0.0000	0.0000	0.0000	0.0000	0.0057	0.0097	0.0000	0.0271	0.0302	0.0000	0.0000	0.0000	0.0000	0.0000	0.0000	-0.0001	0.0000	5.3425	2.0000	7.0749	0.0000	0.0000	0.0000	0.0000	0.0000	0.0000	0.0000	0.0000	0.0000	0.0002	0.0002	0.0000	0.0002	0.0002	0.0000	0.0000	0.0000	0.0000	0.0000	0.0000	0.0000	0.0000	0.0000	0.0000	0.0000	0.0000	0.0000	0.0298	0.0176	0.0122	0.0063	0.0056	0.0006	0.0235	0.0119	0.0116	0.0000	0.0000	0.0000	0.0000	0.0000	0.0000	0.0000	0.0000	0.0000	0.0057	0.0097	0.0000	0.0271	0.0302	0.0000	0.0000	0.0000	0.0000						
22	87	0.1716	15	1	0	1	0	0	0	0	0	N	N	N	N	N	N	N	N	N	N	N	N	0.0000	0.0000	0.0000	0.0000	0.0000	0.0000	0.0000	0.0000	0.0000	0.0000	0.0000	0.0000	0.0000	0.0000	0.0000	0.0000	0.0522	0.0781	0.0069	0.1623	0.1783	0.0000	0.0036	0.0000	0.0074	0.0502	0.0000	-0.0017	0.0000	7.0719	2.0000	13.7350	0.0000	0.0000	0.0000	0.0000	0.0000	0.0000	0.0000	0.0000	0.0000	0.0035	0.0033	0.0002	0.0033	0.0033	0.0000	0.0002	0.0000	0.0002	0.0000	0.0000	0.0000	0.0000	0.0000	0.0000	0.0000	0.0000	0.0000	0.0674	0.0429	0.0245	0.0206	0.0188	0.0019	0.0467	0.0241	0.0227	0.0000	0.0000	0.0000	0.0000	0.0000	0.0000	0.0000	0.0000	0.0000	0.0522	0.0781	0.0069	0.1623	0.1783	0.0000	0.0036	0.0000	0.0074			
22	91	0.1198	13	1	1	1	1	0	0	0	0	N	N	N	N	N	N	N	N	N	N	N	N	0.0000	0.0000	0.0000	0.0000	0.0000	0.0000	0.0000	0.0000	0.0000	0.0000	0.0000	0.0000	0.0000	0.0009	0.0016	0.0000	0.0051	0.0056	0.0000	0.0000	0.0000	0.0000	0.0000	0.0000	-0.0000	0.0000	1.8247	2.0000	16.3284	0.0000	0.0000	0.0000	0.0000	0.0000	0.0000	0.0000	0.0000	0.0000	0.0000	0.0000	0.0000	0.0000	0.0000	0.0000	0.0000	0.0000	0.0000	0.0000	0.0000	0.0000	0.0000	0.0000	0.0000	0.0000	0.0000	0.0000	0.0438	0.0249	0.0189	0.0078	0.0072	0.0006	0.0360	0.0177	0.0183	0.0000	0.0000	0.0000	0.0000	0.0000	0.0000	0.0000	0.0000	0.0000	0.0009	0.0016	0.0000	0.0051	0.0056	0.0000	0.0000	0.0000	0.0000						
22	92	0.1093	12	1	1	1	0	0	0	0	0	N	N	N	N	N	N	N	N	N	N	N	N	0.0000	0.0000	0.0000	0.0000	0.0000	0.0000	0.0000	0.0000	0.0000	0.0000	0.0000	0.0000	0.0000	0.0000	0.0000	0.0000	0.0000	0.0000	0.0000	0.0000	0.0000	9.1310	2.0000	16.1726	0.0000	0.0000	0.0000	0.0000	0.0000	0.0000	0.0000	0.0000	0.0000	0.0000	0.0000	0.0000	0.0000	0.0000	0.0000	0.0000	0.0000	0.0000	0.0000	0.0000	0.0000	0.0000	0.0000	0.0000	0.0000	0.0000	0.0000	0.0523	0.0285	0.0238	0.0057	0.0050	0.0007	0.0466	0.0235	0.0231	0.0000	0.0000	0.0000	0.0000	0.0000	0.0000	0.0000	0.0000	0.0000	0.0000	0.0000	0.0000	0.0000	0.0000	0.0000	0.0000	0.0000	0.0000											
22	93	0.1943	18	1	1	1	0	0	0	0	0	N	N	N	N	N	N	N	N	N	N	N	N	0.0000	0.0000	0.0000	0.0000	0.0000	0.0000	0.0000	0.0000	0.0000	0.0000	0.0000	0.0000	0.0000	0.0000	0.0000	0.0000	0.0000	0.0000	0.0000	0.0000	0.0000	4.0959	2.0000	8.7137	0.0000	0.0000	0.0000	0.0000	0.0000	0.0000	0.0000	0.0000	0.0000	0.0000	0.0000	0.0000	0.0000	0.0000	0.0000	0.0000	0.0000	0.0000	0.0000	0.0000	0.0000	0.0000	0.0000	0.0000	0.0000	0.0000	0.0000	0.0340	0.0214	0.0126	0.0115	0.0102	0.0013	0.0225	0.0112	0.0113	0.0000	0.0000	0.0000	0.0000	0.0000	0.0000	0.0000	0.0000	0.0000	0.0000	0.0000	0.0000	0.0000	0.0000	0.0000	0.0000	0.0000	0.0000											
22	94	0.1760	17	1	1	1	0	0	0	0	0	N	N	N	N	N	N	N	N	N	N	N	N	0.0000	0.0000	0.0000	0.0000	0.0000	0.0000	0.0000	0.0000	0.0000	0.0000	0.0000	0.0000	0.0000	0.0000	0.0000	0.0000	0.0000	0.0000	0.0000	0.0000	0.0000	2.9443	2.0000	6.1524	0.0000	0.0000	0.0000	0.0000	0.0000	0.0000	0.0000	0.0000	0.0000	0.0000	0.0000	0.0000	0.0000	0.0000	0.0000	0.0000	0.0000	0.0000	0.0000	0.0000	0.0000	0.0000	0.0000	0.0000	0.0000	0.0000	0.0000	0.0212	0.0130	0.0082	0.0062	0.0056	0.0006	0.0150	0.0074	0.0076	0.0000	0.0000	0.0000	0.0000	0.0000	0.0000	0.0000	0.0000	0.0000	0.0000	0.0000	0.0000	0.0000	0.0000	0.0000	0.0000	0.0000	0.0000											
22	95	0.1735	16	1	0	1	0	0	0	0	0	N	N	N	N	N	N	N	N	N	N	N	N	0.0000	0.0000	0.0000	0.0000	0.0000	0.0000	0.0000	0.0000	0.0000	0.0000	0.0000	0.0000	0.0000	0.0000	0.0000	0.0000	0.0000	0.0000	0.0000	0.0000	0.0000	0.8596	2.0000	1.2300	0.0000	0.0000	0.0000	0.0000	0.0000	0.0000	0.0000	0.0000	0.0000	0.0000	0.0000	0.0000	0.0000	0.0000	0.0000	0.0000	0.0000	0.0000	0.0000	0.0000	0.0000	0.0000	0.0000	0.0000	0.0000	0.0000	0.0000	0.0094	0.0063	0.0031	0.0035	0.0034	0.0001	0.0059	0.0029	0.0030	0.0000	0.0000	0.0000	0.0000	0.0000	0.0000	0.0000	0.0000	0.0000	0.0000	0.0000	0.0000	0.0000	0.0000	0.0000	0.0000	0.0000	0.0000											
22	96	0.1617	15	1	0	1	0	0	0	0	0	N	N	N	N	N	N	N	N	N	N	N	N	0.0000	0.0000	0.0000	0.0000	0.0000	0.0000	0.0000	0.0000	0.0000	0.0000	0.0000	0.0000	0.0000	0.0000	0.0000	0.0000	0.0000	0.0000	0.0000	0.0000	0.0000	3.7737	2.0000	2.5241	0.0000	0.0000	0.0000	0.0000	0.0000	0.0000	0.0000	0.0000	0.0000	0.0000	0.0000	0.0000	0.0000	0.0000	0.0000	0.0000	0.0000	0.0000	0.0000	0.0000	0.0000	0.0000	0.0000	0.0000	0.0000	0.0000	0.0000	0.0215	0.0136	0.0080	0.0072	0.0068	0.0004	0.0143	0.0067	0.0076	0.0000	0.0000	0.0000	0.0000	0.0000	0.0000	0.0000	0.0000	0.0000	0.0000	0.0000	0.0000	0.0000	0.0000	0.0000	0.0000	0.0000	0.0000											
22	97	0.1408	14	1	0	1	0	0	0	0	0	N	N	N	N	N	N	N	N	N	N	N	N	0.0000	0.0000	0.0000	0.0000	0.0000	0.0000	0.0000	0.0000	0.0000	0.0000	0.0000	0.0000	0.0000	0.0000	0.0000	0.0000	0.0000	0.0000	0.0000	0.0000	0.0000	0.0000	0.0000	0.0000	-0.0000	0.0000	6.4922	2.0000	4.5502	0.0000	0.0000	0.0000	0.0000	0.0000	0.0000	0.0000	0.0000	0.0000	0.0000	0.0000	0.0000	0.0000	0.0000	0.0000	0.0000	0.0000	0.0000	0.0000	0.0000	0.0000	0.0000	0.0000	0.0000	0.0000	0.0000	0.0000	0.0285	0.0169	0.0116	0.0062	0.0057	0.0005	0.0223	0.0112	0.0111	0.0000	0.0000	0.0000	0.0000	0.0000	0.0000	0.0000	0.0000	0.0000	0.0000	0.0000	0.0000	0.0000	0.0000	0.0000	0.0000	0.0000	0.0000						
22	98	0.0306	3	1	1	1	0	0	0	0	0	N	N	N	N	N	N	N	N	N	N	N	N	0.0000	0.0000	0.0000	0.0000	0.0000	0.0000	0.0000	0.0000	0.0000	0.0000	0.0000	0.0000	0.0000	0.0006	0.0011	0.0000	0.0048	0.0051	0.0000	0.0000	0.0000	0.0000	0.0000	0.0000	-0.0000	0.0000	1.3608	2.0000	12.1483	0.0000	0.0000	0.0000	0.0000	0.0000	0.0000	0.0000	0.0000	0.0000	0.0000	0.0000	0.0000	0.0000	0.0000	0.0000	0.0000	0.0000	0.0000	0.0000	0.0000	0.0000	0.0000	0.0000	0.0000	0.0000	0.0000	0.0000	0.0348	0.0181	0.0167	0.0042	0.0039	0.0003	0.0306	0.0142	0.0164	0.0000	0.0000	0.0000	0.0000	0.0000	0.0000	0.0000	0.0000	0.0000	0.0006	0.0011	0.0000	0.0048	0.0051	0.0000	0.0000	0.0000	0.0000						
22	104	0.1957	16	1	1	1	0	0	0	0	0	N	N	N	N	N	N	N	N	N	N	N	N	0.0000	0.0000	0.0000	0.0000	0.0000	0.0000	0.0000	0.0000	0.0000	0.0000	0.0000	0.0000	0.0000	0.0014	0.0018	0.0000	0.0034	0.0036	0.0000	0.0000	0.0000	0.0000	0.0000	0.0000	-0.0000	0.0000	0.0277	2.0000	1.3445	0.0000	0.0000	0.0000	0.0000	0.0000	0.0000	0.0000	0.0000	0.0000	0.0000	0.0000	0.0000	0.0000	0.0000	0.0000	0.0000	0.0000	0.0000	0.0000	0.0000	0.0000	0.0000	0.0000	0.0000	0.0000	0.0000	0.0000	0.0072	0.0055	0.0017	0.0030	0.0028	0.0002	0.0042	0.0028	0.0015	0.0000	0.0000	0.0000	0.0000	0.0000	0.0000	0.0000	0.0000	0.0000	0.0014	0.0018	0.0000	0.0034	0.0036	0.0000	0.0000	0.0000	0.0000						
22	105	0.1490	15	1	1	1	0	0	0	0	0	N	N	N	N	N	N	N	N	N	N	N	N	0.0000	0.0000	0.0000	0.0000	0.0000	0.0000	0.0000	0.0000	0.0000	0.0000	0.0000	0.0000	0.0000	0.0000	0.0000	0.0000	0.0019	0.0029	0.0005	0.0091	0.0101	0.0000	0.0003	0.0000	0.0005	0.1249	0.0000	-0.0000	0.0000	5.1414	2.0000	16.4151	0.0000	0.0000	0.0000	0.0000	0.0000	0.0000	0.0000	0.0000	0.0000	0.0001	0.0001	0.0000	0.0001	0.0001	0.0000	0.0000	0.0000	0.0000	0.0000	0.0000	0.0000	0.0000	0.0000	0.0000	0.0000	0.0000	0.0000	0.0471	0.0278	0.0193	0.0088	0.0079	0.0008	0.0384	0.0199	0.0185	0.0000	0.0000	0.0000	0.0000	0.0000	0.0000	0.0000	0.0000	0.0000	0.0019	0.0029	0.0005	0.0091	0.0101	0.0000	0.0003	0.0000	0.0005			
22	106	0.1408	14	1	0	1	0	0	0	0	0	N	N	N	N	N	N	N	N	N	N	N	N	0.0000	0.0000	0.0000	0.0000	0.0000	0.0000	0.0000	0.0000	0.0000	0.0000	0.0000	0.0000	0.0000	0.0000	0.0000	0.0000	0.0091	0.0075	0.0115	0.0177	0.0188	0.0000	0.0060	0.0000	0.0120	0.9596	0.0000	-0.0000	0.0000	3.8974	2.0000	1.6364	0.0000	0.0000	0.0000	0.0000	0.0000	0.0000	0.0000	0.0000	0.0000	0.0002	0.0001	0.0001	0.0001	0.0001	0.0000	0.0001	0.0000	0.0001	0.0000	0.0000	0.0000	0.0000	0.0000	0.0000	0.0000	0.0000	0.0000	0.0173	0.0106	0.0067	0.0045	0.0042	0.0003	0.0128	0.0064	0.0064	0.0000	0.0000	0.0000	0.0000	0.0000	0.0000	0.0000	0.0000	0.0000	0.0091	0.0075	0.0115	0.0177	0.0188	0.0000	0.0060	0.0000	0.0120			
22	107	0.1198	13	1	0	1	0	0	0	0	0	N	N	N	N	N	N	N	N	N	N	N	N	0.0000	0.0000	0.0000	0.0000	0.0000	0.0000	0.0000	0.0000	0.0000	0.0000	0.0000	0.0000	0.0000	0.0000	0.0000	0.0000	0.0041	0.0024	0.0065	0.0064	0.0068	0.0000	0.0035	0.0000	0.0067	2.0015	0.0000	0.0000	0.0000	0.3701	2.0000	9.6236	0.0000	0.0000	0.0000	0.0000	0.0000	0.0000	0.0000	0.0000	0.0000	0.0001	0.0000	0.0001	0.0000	0.0000	0.0000	0.0001	0.0000	0.0001	0.0000	0.0000	0.0000	0.0000	0.0000	0.0000	0.0000	0.0000	0.0000	0.0281	0.0162	0.0118	0.0060	0.0057	0.0004	0.0221	0.0106	0.0115	0.0000	0.0000	0.0000	0.0000	0.0000	0.0000	0.0000	0.0000	0.0000	0.0041	0.0024	0.0065	0.0064	0.0068	0.0000	0.0035	0.0000	0.0067			
22	108	0.1093	12	1	0	1	0	0	0	0	0	N	N	N	N	N	N	N	N	N	N	N	N	0.0000	0.0000	0.0000	0.0000	0.0000	0.0000	0.0000	0.0000	0.0000	0.0000	0.0000	0.0000	0.0000	0.0028	0.0000	0.0063	0.0000	0.0000	0.0000	0.0033	0.0000	0.0065	inf	0.0000	0.0000	0.0000	0.4415	2.0000	4.8853	0.0000	0.0000	0.0000	0.0000	0.0000	0.0000	0.0000	0.0000	0.0000	0.0000	0.0000	0.0000	0.0000	0.0000	0.0000	0.0000	0.0000	0.0000	0.0000	0.0000	0.0000	0.0000	0.0000	0.0000	0.0000	0.0000	0.0000	0.0133	0.0074	0.0059	0.0020	0.0018	0.0002	0.0113	0.0056	0.0058	0.0000	0.0000	0.0000	0.0000	0.0000	0.0000	0.0000	0.0000	0.0000	0.0028	0.0000	0.0063	0.0000	0.0000	0.0000	0.0033	0.0000	0.0065						
22	109	0.1317	11	2	1	1	1	0	0	0	0	Y	N	N	N	N	N	N	N	N	N	N	N	0.0000	0.0000	0.0000	0.0000	0.0000	0.0000	0.0000	0.0000	0.0000	0.0000	0.0000	0.0000	0.0000	0.0000	0.0000	0.0000	0.0000	0.0000	0.0000	0.0000	0.0000	0.0000	2.0000	0.0000	0.0000	0.0000	0.0000	0.0000	0.0000	0.0000	0.0000	0.0000	0.0000	0.0000	0.0000	0.0000	0.0000	0.0000	0.0000	0.0000	0.0000	0.0000	0.0000	0.0000	0.0000	0.0000	0.0000	0.0000	0.0000	0.0000	0.0000	0.0000	0.0000	0.0000	0.0000	0.0000	0.0000	0.0000	0.0000	0.0000	0.0000	0.0000	0.0000	0.0000	0.0000	0.0000	0.0000	0.0000	0.0000	0.0000	0.0000	0.0000	0.0000	0.0000	0.0000	0.0000	0.0000	0.0000											
22	110	0.1168	10	2	1	1	1	0	0	0	0	Y	N	N	N	N	N	N	N	N	N	N	N	0.0000	0.0000	0.0000	0.0000	0.0000	0.0000	0.0000	0.0000	0.0000	0.0000	0.0000	0.0000	0.0000	0.0000	0.0000	0.0000	0.0000	0.0000	0.0000	0.0000	0.0000	0.0000	2.0000	7.1240	0.0000	0.0000	0.0000	0.0000	0.0000	0.0000	0.0000	0.0000	0.0000	0.0000	0.0000	0.0000	0.0000	0.0000	0.0000	0.0000	0.0000	0.0000	0.0000	0.0000	0.0000	0.0000	0.0000	0.0000	0.0000	0.0000	0.0000	0.0161	0.0089	0.0072	0.0024	0.0020	0.0004	0.0136	0.0068	0.0068	0.0000	0.0000	0.0000	0.0000	0.0000	0.0000	0.0000	0.0000	0.0000	0.0000	0.0000	0.0000	0.0000	0.0000	0.0000	0.0000	0.0000	0.0000											
22	111	0.1257	12	1	1	1	1	0	0	0	0	N	N	N	N	N	N	N	N	N	N	N	N	0.0000	0.0000	0.0000	0.0000	0.0000	0.0000	0.0000	0.0000	0.0000	0.0000	0.0000	0.0000	0.0000	0.0000	0.0000	0.0000	0.0000	0.0000	0.0000	0.0000	0.0000	0.0016	2.0000	5.0076	0.0000	0.0000	0.0000	0.0000	0.0000	0.0000	0.0000	0.0000	0.0000	0.0000	0.0000	0.0000	0.0000	0.0000	0.0000	0.0000	0.0000	0.0000	0.0000	0.0000	0.0000	0.0000	0.0000	0.0000	0.0000	0.0000	0.0000	0.0108	0.0060	0.0048	0.0017	0.0013	0.0004	0.0091	0.0047	0.0045	0.0000	0.0000	0.0000	0.0000	0.0000	0.0000	0.0000	0.0000	0.0000	0.0000	0.0000	0.0000	0.0000	0.0000	0.0000	0.0000	0.0000	0.0000											
22	112	0.1189	11	1	1	1	1	0	0	0	0	N	N	N	N	N	N	N	N	N	N	N	N	0.0000	0.0000	0.0000	0.0000	0.0000	0.0000	0.0000	0.0000	0.0000	0.0000	0.0000	0.0000	0.0000	0.0000	0.0000	0.0000	0.0000	0.0000	0.0000	0.0000	0.0000	1.0012	2.0000	2.1373	0.0000	0.0000	0.0000	0.0000	0.0000	0.0000	0.0000	0.0000	0.0000	0.0000	0.0000	0.0000	0.0000	0.0000	0.0000	0.0000	0.0000	0.0000	0.0000	0.0000	0.0000	0.0000	0.0000	0.0000	0.0000	0.0000	0.0000	0.0078	0.0043	0.0034	0.0014	0.0012	0.0002	0.0064	0.0031	0.0033	0.0000	0.0000	0.0000	0.0000	0.0000	0.0000	0.0000	0.0000	0.0000	0.0000	0.0000	0.0000	0.0000	0.0000	0.0000	0.0000	0.0000	0.0000											
22	113	0.1272	11	1	1	1	0	0	0	0	0	N	N	N	N	N	N	N	N	N	N	N	N	0.0000	0.0000	0.0000	0.0000	0.0000	0.0000	0.0000	0.0000	0.0000	0.0000	0.0000	0.0000	0.0000	0.0000	0.0000	0.0000	0.0000	0.0000	0.0000	0.0000	0.0000	0.9705	2.0000	5.0371	0.0000	0.0000	0.0000	0.0000	0.0000	0.0000	0.0000	0.0000	0.0000	0.0000	0.0000	0.0000	0.0000	0.0000	0.0000	0.0000	0.0000	0.0000	0.0000	0.0000	0.0000	0.0000	0.0000	0.0000	0.0000	0.0000	0.0000	0.0126	0.0070	0.0056	0.0020	0.0017	0.0003	0.0105	0.0053	0.0052	0.0000	0.0000	0.0000	0.0000	0.0000	0.0000	0.0000	0.0000	0.0000	0.0000	0.0000	0.0000	0.0000	0.0000	0.0000	0.0000	0.0000	0.0000											
22	114	0.1189	11	1	0	2	1	0	0	0	0	N	N	Y	N	N	N	N	N	N	N	N	N	0.0000	0.0000	0.0000	0.0000	0.0000	0.0000	0.0000	0.0000	0.0000	0.0000	0.0000	0.0000	0.0000	0.0000	0.0000	0.0000	0.0000	0.0000	0.0000	0.0000	0.0000	0.0000	2.0000	1.1303	0.0000	0.0000	0.0000	0.0000	0.0000	0.0000	0.0000	0.0000	0.0000	0.0000	0.0000	0.0000	0.0000	0.0000	0.0000	0.0000	0.0000	0.0000	0.0000	0.0000	0.0000	0.0000	0.0000	0.0000	0.0000	0.0000	0.0000	0.0035	0.0020	0.0015	0.0009	0.0008	0.0001	0.0027	0.0012	0.0015	0.0000	0.0000	0.0000	0.0000	0.0000	0.0000	0.0000	0.0000	0.0000	0.0000	0.0000	0.0000	0.0000	0.0000	0.0000	0.0000	0.0000	0.0000											
22	115	0.1168	10	1	0	1	1	0	0	0	0	N	N	N	N	N	N	N	N	N	N	N	N	0.0000	0.0000	0.0000	0.0000	0.0000	0.0000	0.0000	0.0000	0.0000	0.0000	0.0000	0.0000	0.0000	0.0000	0.0000	0.0000	0.0000	0.0000	0.0000	0.0000	0.0000	0.0000	2.0000	1.2340	0.0000	0.0000	0.0000	0.0000	0.0000	0.0000	0.0000	0.0000	0.0000	0.0000	0.0000	0.0000	0.0000	0.0000	0.0000	0.0000	0.0000	0.0000	0.0000	0.0000	0.0000	0.0000	0.0000	0.0000	0.0000	0.0000	0.0000	0.0038	0.0022	0.0016	0.0009	0.0009	0.0001	0.0029	0.0013	0.0016	0.0000	0.0000	0.0000	0.0000	0.0000	0.0000	0.0000	0.0000	0.0000	0.0000	0.0000	0.0000	0.0000	0.0000	0.0000	0.0000	0.0000	0.0000											
22	116	0.1243	11	1	0	2	1	0	0	0	0	N	N	Y	N	N	N	N	N	N	N	N	N	0.0000	0.0000	0.0000	0.0000	0.0000	0.0000	0.0000	0.0000	0.0000	0.0000	0.0000	0.0000	0.0000	0.0000	0.0000	0.0000	0.0000	0.0000	0.0000	0.0000	0.0000	0.9725	2.0000	0.9874	0.0000	0.0000	0.0000	0.0000	0.0000	0.0000	0.0000	0.0000	0.0000	0.0000	0.0000	0.0000	0.0000	0.0000	0.0000	0.0000	0.0000	0.0000	0.0000	0.0000	0.0000	0.0000	0.0000	0.0000	0.0000	0.0000	0.0000	0.0045	0.0026	0.0019	0.0008	0.0006	0.0001	0.0037	0.0019	0.0018	0.0000	0.0000	0.0000	0.0000	0.0000	0.0000	0.0000	0.0000	0.0000	0.0000	0.0000	0.0000	0.0000	0.0000	0.0000	0.0000	0.0000	0.0000											
22	117	0.1243	11	1	0	2	1	0	0	0	0	N	N	Y	N	N	N	N	N	N	N	N	N	0.0000	0.0000	0.0000	0.0000	0.0000	0.0000	0.0000	0.0000	0.0000	0.0000	0.0000	0.0000	0.0000	0.0000	0.0000	0.0000	0.0000	0.0000	0.0000	0.0000	0.0000	0.0285	2.0000	4.0215	0.0000	0.0000	0.0000	0.0000	0.0000	0.0000	0.0000	0.0000	0.0000	0.0000	0.0000	0.0000	0.0000	0.0000	0.0000	0.0000	0.0000	0.0000	0.0000	0.0000	0.0000	0.0000	0.0000	0.0000	0.0000	0.0000	0.0000	0.0088	0.0050	0.0038	0.0014	0.0011	0.0003	0.0074	0.0039	0.0036	0.0000	0.0000	0.0000	0.0000	0.0000	0.0000	0.0000	0.0000	0.0000	0.0000	0.0000	0.0000	0.0000	0.0000	0.0000	0.0000	0.0000	0.0000											
22	118	0.1168	10	1	0	2	1	0	0	0	0	N	N	Y	N	N	N	N	N	N	N	N	N	0.0000	0.0000	0.0000	0.0000	0.0000	0.0000	0.0000	0.0000	0.0000	0.0000	0.0000	0.0000	0.0000	0.0000	0.0000	0.0000	0.0000	0.0000	0.0000	0.0000	0.0000	3.0275	2.0000	2.1573	0.0000	0.0000	0.0000	0.0000	0.0000	0.0000	0.0000	0.0000	0.0000	0.0000	0.0000	0.0000	0.0000	0.0000	0.0000	0.0000	0.0000	0.0000	0.0000	0.0000	0.0000	0.0000	0.0000	0.0000	0.0000	0.0000	0.0000	0.0121	0.0067	0.0054	0.0019	0.0017	0.0003	0.0102	0.0051	0.0051	0.0000	0.0000	0.0000	0.0000	0.0000	0.0000	0.0000	0.0000	0.0000	0.0000	0.0000	0.0000	0.0000	0.0000	0.0000	0.0000	0.0000	0.0000											
22	119	0.1580	10	2	1	1	0	0	0	0	0	Y	N	N	N	N	N	N	N	N	N	N	N	0.0000	0.0000	0.0000	0.0000	0.0000	0.0000	0.0000	0.0000	0.0000	0.0000	0.0000	0.0000	0.0000	0.0000	0.0000	0.0000	0.0000	0.0000	0.0000	0.0000	0.0000	2.1883	2.0000	3.1271	0.0000	0.0000	0.0000	0.0000	0.0000	0.0000	0.0000	0.0000	0.0000	0.0000	0.0000	0.0000	0.0000	0.0000	0.0000	0.0000	0.0000	0.0000	0.0000	0.0000	0.0000	0.0000	0.0000	0.0000	0.0000	0.0000	0.0000	0.0137	0.0079	0.0058	0.0028	0.0026	0.0002	0.0109	0.0053	0.0056	0.0000	0.0000	0.0000	0.0000	0.0000	0.0000	0.0000	0.0000	0.0000	0.0000	0.0000	0.0000	0.0000	0.0000	0.0000	0.0000	0.0000	0.0000											
22	120	0.0911	9	2	1	1	0	0	0	0	0	Y	N	N	N	N	N	N	N	N	N	N	N	0.0000	0.0000	0.0000	0.0000	0.0000	0.0000	0.0000	0.0000	0.0000	0.0000	0.0000	0.0000	0.0000	0.0000	0.0000	0.0000	0.0000	0.0000	0.0000	0.0000	0.0000	13.6104	2.0000	16.0982	0.0000	0.0000	0.0000	0.0000	0.0000	0.0000	0.0000	0.0000	0.0000	0.0000	0.0000	0.0000	0.0000	0.0000	0.0000	0.0000	0.0000	0.0000	0.0000	0.0000	0.0000	0.0000	0.0000	0.0000	0.0000	0.0000	0.0000	0.0603	0.0321	0.0282	0.0049	0.0043	0.0006	0.0554	0.0279	0.0276	0.0000	0.0000	0.0000	0.0000	0.0000	0.0000	0.0000	0.0000	0.0000	0.0000	0.0000	0.0000	0.0000	0.0000	0.0000	0.0000	0.0000	0.0000											
22	121	0.0956	9	1	1	1	0	0	0	0	0	N	N	N	N	N	N	N	N	N	N	N	N	0.0000	0.0000	0.0000	0.0000	0.0000	0.0000	0.0000	0.0000	0.0000	0.0000	0.0000	0.0000	0.0000	0.0000	0.0000	0.0000	0.0000	0.0000	0.0000	0.0000	0.0000	0.3548	2.0000	4.6068	0.0000	0.0000	0.0000	0.0000	0.0000	0.0000	0.0000	0.0000	0.0000	0.0000	0.0000	0.0000	0.0000	0.0000	0.0000	0.0000	0.0000	0.0000	0.0000	0.0000	0.0000	0.0000	0.0000	0.0000	0.0000	0.0000	0.0000	0.0244	0.0159	0.0085	0.0081	0.0078	0.0003	0.0163	0.0081	0.0082	0.0000	0.0000	0.0000	0.0000	0.0000	0.0000	0.0000	0.0000	0.0000	0.0000	0.0000	0.0000	0.0000	0.0000	0.0000	0.0000	0.0000	0.0000											
22	122	0.0807	8	1	1	1	0	0	0	0	0	N	N	N	N	N	N	N	N	N	N	N	N	0.0000	0.0000	0.0000	0.0000	0.0000	0.0000	0.0000	0.0000	0.0000	0.0000	0.0000	0.0000	0.0000	0.0000	0.0000	0.0000	0.0000	0.0000	0.0000	0.0000	0.0000	1.6911	2.0000	5.7022	0.0000	0.0000	0.0000	0.0000	0.0000	0.0000	0.0000	0.0000	0.0000	0.0000	0.0000	0.0000	0.0000	0.0000	0.0000	0.0000	0.0000	0.0000	0.0000	0.0000	0.0000	0.0000	0.0000	0.0000	0.0000	0.0000	0.0000	0.0175	0.0094	0.0081	0.0019	0.0017	0.0002	0.0156	0.0077	0.0080	0.0000	0.0000	0.0000	0.0000	0.0000	0.0000	0.0000	0.0000	0.0000	0.0000	0.0000	0.0000	0.0000	0.0000	0.0000	0.0000	0.0000	0.0000											
22	124	0.1318	12	2	1	1	0	0	0	0	0	Y	N	N	N	N	N	N	N	N	N	N	N	0.0000	0.0000	0.0000	0.0000	0.0000	0.0000	0.0000	0.0000	0.0000	0.0000	0.0000	0.0000	0.0000	0.0000	0.0000	0.0000	0.0000	0.0000	0.0000	0.0000	0.0000	0.0000	2.0000	0.0000	0.0000	0.0000	0.0000	0.0000	0.0000	0.0000	0.0000	0.0000	0.0000	0.0000	0.0000	0.0000	0.0000	0.0000	0.0000	0.0000	0.0000	0.0000	0.0000	0.0000	0.0000	0.0000	0.0000	0.0000	0.0000	0.0000	0.0000	0.0000	0.0000	0.0000	0.0000	0.0000	0.0000	0.0000	0.0000	0.0000	0.0000	0.0000	0.0000	0.0000	0.0000	0.0000	0.0000	0.0000	0.0000	0.0000	0.0000	0.0000	0.0000	0.0000	0.0000	0.0000	0.0000	0.0000											
22	125	0.1272	11	2	1	1	0	0	0	0	0	Y	N	N	N	N	N	N	N	N	N	N	N	0.0000	0.0000	0.0000	0.0000	0.0000	0.0000	0.0000	0.0000	0.0000	0.0000	0.0000	0.0000	0.0000	0.0000	0.0000	0.0000	0.0000	0.0000	0.0000	0.0000	0.0000	0.1434	2.0000	1.9839	0.0000	0.0000	0.0000	0.0000	0.0000	0.0000	0.0000	0.0000	0.0000	0.0000	0.0000	0.0000	0.0000	0.0000	0.0000	0.0000	0.0000	0.0000	0.0000	0.0000	0.0000	0.0000	0.0000	0.0000	0.0000	0.0000	0.0000	0.0050	0.0028	0.0021	0.0010	0.0008	0.0001	0.0040	0.0020	0.0020	0.0000	0.0000	0.0000	0.0000	0.0000	0.0000	0.0000	0.0000	0.0000	0.0000	0.0000	0.0000	0.0000	0.0000	0.0000	0.0000	0.0000	0.0000											
22	126	0.1168	10	1	1	1	0	0	0	0	0	N	N	N	N	N	N	N	N	N	N	N	N	0.0000	0.0000	0.0000	0.0000	0.0000	0.0000	0.0000	0.0000	0.0000	0.0000	0.0000	0.0000	0.0000	0.0000	0.0000	0.0000	0.0000	0.0000	0.0000	0.0000	0.0000	1.8882	2.0000	2.9115	0.0000	0.0000	0.0000	0.0000	0.0000	0.0000	0.0000	0.0000	0.0000	0.0000	0.0000	0.0000	0.0000	0.0000	0.0000	0.0000	0.0000	0.0000	0.0000	0.0000	0.0000	0.0000	0.0000	0.0000	0.0000	0.0000	0.0000	0.0113	0.0063	0.0050	0.0018	0.0016	0.0003	0.0095	0.0047	0.0048	0.0000	0.0000	0.0000	0.0000	0.0000	0.0000	0.0000	0.0000	0.0000	0.0000	0.0000	0.0000	0.0000	0.0000	0.0000	0.0000	0.0000	0.0000											
22	127	0.0911	9	1	0	1	0	0	0	0	0	N	N	N	N	N	N	N	N	N	N	N	N	0.0000	0.0000	0.0000	0.0000	0.0000	0.0000	0.0000	0.0000	0.0000	0.0000	0.0000	0.0000	0.0000	0.0000	0.0000	0.0000	0.0000	0.0000	0.0000	0.0000	0.0000	3.5543	2.0000	9.0319	0.0000	0.0000	0.0000	0.0000	0.0000	0.0000	0.0000	0.0000	0.0000	0.0000	0.0000	0.0000	0.0000	0.0000	0.0000	0.0000	0.0000	0.0000	0.0000	0.0000	0.0000	0.0000	0.0000	0.0000	0.0000	0.0000	0.0000	0.0279	0.0149	0.0130	0.0025	0.0022	0.0003	0.0255	0.0127	0.0127	0.0000	0.0000	0.0000	0.0000	0.0000	0.0000	0.0000	0.0000	0.0000	0.0000	0.0000	0.0000	0.0000	0.0000	0.0000	0.0000	0.0000	0.0000											
23	24	0.1326	10	1	2	0	0	0	0	0	0	N	Y	N	N	N	N	N	N	N	N	N	N	0.0426	0.0304	9.3472	0.1084	0.1073	0.2093	0.1525	0.0729	15.4608	0.0001	0.0001	0.0000	0.0006	0.0006	0.0000	0.0000	0.0000	0.0000	0.0016	0.0026	0.0000	0.0055	0.0059	0.0000	0.0000	0.0001	0.0000	0.0142	0.0002	-0.0000	-0.0003	4.1010	7.0513	9.0979	11.7448	0.0000	0.0000	0.0000	0.0000	0.0000	0.0000	0.0000	0.0000	0.0000	0.0006	0.0006	0.0000	0.0006	0.0006	0.0000	0.0000	0.0000	0.0000	0.2085	0.1816	0.0269	0.0226	0.0212	0.0014	0.1859	0.1604	0.0255	0.3792	0.2389	0.1403	0.1108	0.1028	0.0080	0.2684	0.1361	0.1323	0.0426	0.0304	9.3472	0.1084	0.1073	0.2093	0.1525	0.0729	15.4608	0.0016	0.0026	0.0000	0.0055	0.0059	0.0000	0.0000	0.0001	0.0000
23	25	0.1120	4	0	2	0	0	0	0	0	0	N	Y	N	N	N	N	N	N	N	N	N	N	0.0416	0.0344	0.0000	0.0639	0.0620	0.0000	0.0585	4.4068	0.0000	0.0158	0.0181	0.0000	0.0628	0.0672	0.0000	0.0047	0.0055	0.0000	0.3809	0.5255	0.1462	0.9820	1.0836	0.0676	0.0808	0.0012	0.1537	0.0000	0.1714	-0.0010	-0.0413	4.1010	4.7974	9.0979	5.1989	0.0027	0.0027	0.0000	0.0020	0.0020	0.0000	0.0006	0.0006	0.0000	0.1042	0.0889	0.0152	0.0894	0.0888	0.0006	0.0147	0.0001	0.0146	0.1676	0.1468	0.0208	0.0321	0.0300	0.0021	0.1355	0.1168	0.0187	0.2734	0.1692	0.1042	0.0911	0.0820	0.0091	0.1824	0.0872	0.0951	0.0416	0.0344	0.0000	0.0639	0.0620	0.0000	0.0585	4.4068	0.0000	0.3809	0.5255	0.1462	0.9820	1.0836	0.0676	0.0808	0.0012	0.1537
23	26	0.1331	9	1	2	0	0	0	0	0	0	N	Y	N	N	N	N	N	N	N	N	N	N	0.2788	40.6853	0.0026	52.1972	66.3692	0.0136	0.0461	351.9347	0.0027	0.0974	0.1112	0.0025	0.3877	0.4131	0.0004	0.0226	0.0259	0.0027	0.3493	0.0027	0.9679	0.0074	0.0062	0.0304	0.4900	0.0001	1.0075	0.0032	198.3666	-0.0024	0.0593	4.1010	2.0195	9.0979	15.0171	0.0064	0.0063	0.0000	0.0052	0.0052	0.0000	0.0012	0.0012	0.0000	0.1312	0.0007	0.1306	0.0008	0.0006	0.0002	0.1304	0.0000	0.1304	0.0654	0.0571	0.0083	0.0134	0.0126	0.0008	0.0520	0.0445	0.0075	0.3757	0.2408	0.1349	0.1096	0.1041	0.0055	0.2661	0.1367	0.1294	0.2788	40.6853	0.0026	52.1972	66.3692	0.0136	0.0461	351.9347	0.0027	0.3493	0.0027	0.9679	0.0074	0.0062	0.0304	0.4900	0.0001	1.0075
23	27	0.1244	8	0	1	0	0	0	0	0	0	N	N	N	N	N	N	N	N	N	N	N	N	0.0797	0.1600	0.0440	0.2155	0.2182	0.0966	0.0252	0.3715	0.0431	0.0015	0.0015	0.0016	0.0038	0.0038	0.0018	0.0005	0.0003	0.0016	0.0192	0.0095	0.0373	0.0175	0.0174	0.0186	0.0201	0.0009	0.0379	0.1209	2.1117	-0.0000	0.0004	4.1010	1.6438	9.0979	3.3228	0.0001	0.0001	0.0000	0.0001	0.0001	0.0000	0.0000	0.0000	0.0000	0.0031	0.0010	0.0021	0.0010	0.0010	0.0000	0.0021	0.0000	0.0021	0.0904	0.0813	0.0091	0.0284	0.0279	0.0005	0.0620	0.0535	0.0085	0.1617	0.1052	0.0565	0.0564	0.0547	0.0017	0.1053	0.0505	0.0548	0.0797	0.1600	0.0440	0.2155	0.2182	0.0966	0.0252	0.3715	0.0431	0.0192	0.0095	0.0373	0.0175	0.0174	0.0186	0.0201	0.0009	0.0379
23	28	0.1459	12	0	2	0	0	0	0	0	0	N	Y	N	N	N	N	N	N	N	N	N	N	0.0037	0.0000	0.4058	0.0058	0.0000	0.4712	0.0026	0.0000	0.0092	0.0001	0.0000	0.0004	0.0003	0.0000	0.0051	0.0000	0.0000	0.0000	0.0145	0.0225	0.0011	0.0491	0.0514	0.0108	0.0003	0.0000	0.0006	inf	0.0281	0.0000	-0.0029	4.1010	3.0409	9.0979	16.1393	0.0000	0.0000	0.0000	0.0000	0.0000	0.0000	0.0000	0.0000	0.0000	0.0057	0.0056	0.0002	0.0056	0.0056	0.0001	0.0001	0.0000	0.0001	0.0931	0.0816	0.0115	0.0175	0.0165	0.0010	0.0756	0.0650	0.0105	0.3933	0.2476	0.1456	0.1148	0.1082	0.0066	0.2785	0.1395	0.1390	0.0037	0.0000	0.4058	0.0058	0.0000	0.4712	0.0026	0.0000	0.0092	0.0145	0.0225	0.0011	0.0491	0.0514	0.0108	0.0003	0.0000	0.0006
23	29	0.1411	12	0	2	0	0	0	0	0	0	N	Y	N	N	N	N	N	N	N	N	N	N	2.5737	2.0703	0.0000	4.9949	5.0149	0.0000	0.0001	0.1017	0.0000	0.0271	0.0310	0.0000	0.1694	0.1804	0.0000	0.0000	0.0000	0.0000	0.0105	0.0150	0.0031	0.0339	0.0360	0.0032	0.0016	0.0000	0.0031	0.0000	0.1260	-0.0013	-0.0014	4.1010	4.0695	9.0979	11.0027	0.0034	0.0034	0.0000	0.0034	0.0034	0.0000	0.0000	0.0000	0.0000	0.0032	0.0029	0.0004	0.0029	0.0029	0.0000	0.0003	0.0000	0.0003	0.1252	0.1093	0.0159	0.0200	0.0188	0.0012	0.1052	0.0905	0.0147	0.3079	0.1920	0.1159	0.0853	0.0799	0.0054	0.2226	0.1121	0.1106	2.5737	2.0703	0.0000	4.9949	5.0149	0.0000	0.0001	0.1017	0.0000	0.0105	0.0150	0.0031	0.0339	0.0360	0.0032	0.0016	0.0000	0.0031
23	30	0.1558	11	0	2	1	1	0	0	0	0	N	Y	N	N	N	N	N	N	N	N	N	N	0.0000	0.0000	0.0000	0.0000	0.0000	0.0000	0.0000	0.0000	0.0000	0.0000	0.0000	0.0000	0.0000	0.0000	0.0000	0.0000	0.0000	0.0000	1.5157	0.0002	3.9787	0.0036	0.0004	0.0684	2.5327	0.0000	4.1891	11193.4902	0.0000	0.0620	4.1010	0.0021	9.0979	3.0281	0.0000	0.0000	0.0000	0.0000	0.0000	0.0000	0.0000	0.0000	0.0000	0.1358	0.0000	0.1358	0.0001	0.0000	0.0001	0.1356	0.0000	0.1356	0.0002	0.0001	0.0000	0.0001	0.0001	0.0000	0.0001	0.0001	0.0000	0.0896	0.0555	0.0341	0.0360	0.0343	0.0017	0.0536	0.0212	0.0324	0.0000	0.0000	0.0000	0.0000	0.0000	0.0000	0.0000	0.0000	0.0000	1.5157	0.0002	3.9787	0.0036	0.0004	0.0684	2.5327	0.0000	4.1891	
23	31	0.1331	10	0	1	0	1	0	0	0	0	N	N	N	N	N	N	N	N	N	N	N	N	0.0000	0.0000	0.0000	0.0000	0.0000	0.0000	0.0000	0.0000	0.0000	0.0000	0.0000	0.0000	0.0000	0.0000	0.0000	0.0000	0.0000	0.0000	4.4501	0.0588	12.6437	0.1189	0.1251	0.0225	6.5387	0.0002	13.4056	115.2370	0.0000	0.4487	4.1010	3.2874	9.0979	7.1999	0.0000	0.0000	0.0000	0.0000	0.0000	0.0000	0.0000	0.0000	0.0000	1.0006	0.0086	0.9920	0.0087	0.0086	0.0001	0.9919	0.0000	0.9919	0.1102	0.0958	0.0144	0.0239	0.0228	0.0011	0.0863	0.0730	0.0133	0.2248	0.1464	0.0785	0.0732	0.0687	0.0045	0.1517	0.0777	0.0740	0.0000	0.0000	0.0000	0.0000	0.0000	0.0000	0.0000	0.0000	0.0000	4.4501	0.0588	12.6437	0.1189	0.1251	0.0225	6.5387	0.0002	13.4056	
23	32	0.0811	6	0	2	0	0	0	0	0	0	N	Y	N	N	N	N	N	N	N	N	N	N	0.0147	0.0105	0.0000	19.7237	20.0953	0.0000	0.0016	0.0010	0.0000	0.0306	0.0363	0.0000	0.1141	0.1232	0.0000	0.0044	0.0054	0.0000	2.0861	3.4558	0.0001	0.0058	0.0061	0.0000	2.7533	5.5644	0.0001	0.0000	0.0000	-0.0020	-0.5416	4.1010	4.3545	9.0979	19.4857	0.0054	0.0054	0.0000	0.0048	0.0048	0.0000	0.0006	0.0006	0.0000	0.9976	0.9975	0.0000	0.0007	0.0007	0.0000	0.9969	0.9969	0.0000	0.1753	0.1480	0.0273	0.0419	0.0388	0.0031	0.1334	0.1092	0.0242	0.4782	0.2887	0.1895	0.1161	0.1095	0.0066	0.3621	0.1792	0.1829	0.0147	0.0105	0.0000	19.7237	20.0953	0.0000	0.0016	0.0010	0.0000	2.0861	3.4558	0.0001	0.0058	0.0061	0.0000	2.7533	5.5644	0.0001
23	33	0.1254	10	1	2	0	0	0	0	0	0	N	Y	N	N	N	N	N	N	N	N	N	N	0.0000	0.0000	0.0000	0.0000	0.0000	0.0000	0.0000	0.0000	0.0000	0.0000	0.0000	0.0000	0.0000	0.0000	0.0000	0.0000	0.0000	0.0000	0.0000	0.0000	4.1010	0.0000	9.0979	0.0000	0.0000	0.0000	0.0000	0.0000	0.0000	0.0000	0.0000	0.0000	0.0000	0.0000	0.0000	0.0000	0.0000	0.0000	0.0000	0.0000	0.0000	0.0000	0.0000	0.0000	0.0000	0.0000	0.0000	0.0000	0.0000	0.0000	0.0000	0.0000	0.0000	0.0000	0.0000	0.0000	0.0000	0.0000	0.0000	0.0000	0.0000	0.0000	0.0000	0.0000	0.0000	0.0000	0.0000	0.0000	0.0000	0.0000	0.0000	0.0000	0.0000	0.0000	0.0000	0.0000	0.0000	0.0000											
23	34	0.1244	8	0	2	0	1	0	0	0	0	N	Y	N	N	N	N	N	N	N	N	N	N	2.0451	0.3348	38.5230	0.5941	0.6084	0.0027	15.0717	4.5718	52.3451	0.0180	0.0040	0.1215	0.0163	0.0169	0.0001	0.0185	0.0000	0.1308	0.0088	0.0121	0.0032	0.0274	0.0278	0.0192	0.0012	0.0000	0.0025	4.0748	0.1494	0.0018	-0.0016	4.1010	6.4588	9.0979	12.7561	0.0042	0.0008	0.0033	0.0008	0.0008	0.0000	0.0033	0.0000	0.0033	0.0038	0.0033	0.0005	0.0034	0.0033	0.0001	0.0004	0.0000	0.0004	0.2308	0.2033	0.0275	0.0504	0.0484	0.0019	0.1805	0.1549	0.0256	0.4269	0.2718	0.1551	0.1240	0.1179	0.0061	0.3030	0.1540	0.1490	2.0451	0.3348	38.5230	0.5941	0.6084	0.0027	15.0717	4.5718	52.3451	0.0088	0.0121	0.0032	0.0274	0.0278	0.0192	0.0012	0.0000	0.0025
23	35	0.1188	7	0	1	0	0	0	0	0	0	N	N	N	N	N	N	N	N	N	N	N	N	0.0314	0.0999	0.0170	0.0544	0.0614	0.0043	0.0249	13.7748	0.0181	0.0010	0.0010	0.0012	0.0011	0.0011	0.0003	0.0010	0.0009	0.0013	0.0318	0.0097	0.0733	0.0198	0.0179	0.0736	0.0387	0.0001	0.0733	0.1563	4.0410	-0.0000	0.0014	4.1010	2.5642	9.0979	2.5472	0.0001	0.0001	0.0000	0.0000	0.0000	0.0000	0.0001	0.0001	0.0000	0.0053	0.0011	0.0043	0.0012	0.0010	0.0002	0.0041	0.0000	0.0041	0.1252	0.1116	0.0135	0.0366	0.0356	0.0011	0.0885	0.0761	0.0125	0.1666	0.1086	0.0580	0.0606	0.0585	0.0021	0.1060	0.0501	0.0560	0.0314	0.0999	0.0170	0.0544	0.0614	0.0043	0.0249	13.7748	0.0181	0.0318	0.0097	0.0733	0.0198	0.0179	0.0736	0.0387	0.0001	0.0733
23	36	0.1692	12	0	1	1	0	0	0	0	0	N	N	N	N	N	N	N	N	N	N	N	N	0.0000	0.0000	0.0000	0.0000	0.0000	0.0000	0.0000	0.0000	0.0000	0.0000	0.0000	0.0000	0.0000	0.0000	0.0000	0.0000	0.0000	0.0000	0.0000	0.0000	0.0000	0.0001	0.0001	0.0000	0.0000	0.0000	0.0000	0.0120	0.0000	-0.0000	4.1010	1.0000	9.0979	2.0003	0.0000	0.0000	0.0000	0.0000	0.0000	0.0000	0.0000	0.0000	0.0000	0.0000	0.0000	0.0000	0.0000	0.0000	0.0000	0.0000	0.0000	0.0000	0.0297	0.0259	0.0038	0.0052	0.0049	0.0003	0.0244	0.0209	0.0035	0.0622	0.0383	0.0238	0.0183	0.0168	0.0015	0.0438	0.0215	0.0223	0.0000	0.0000	0.0000	0.0000	0.0000	0.0000	0.0000	0.0000	0.0000	0.0000	0.0000	0.0000	0.0001	0.0001	0.0000	0.0000	0.0000	0.0000	
23	37	0.1514	11	0	2	0	0	0	0	0	0	N	Y	N	N	N	N	N	N	N	N	N	N	0.0045	0.0005	0.0443	0.0049	0.0010	0.0169	0.0425	0.0109	0.1427	0.0001	0.0000	0.0009	0.0004	0.0001	0.0062	0.0001	0.0000	0.0004	0.0292	0.0334	0.0207	0.0795	0.0661	0.3666	0.0015	0.0000	0.0030	8.6721	0.3127	0.0000	-0.0023	4.1010	1.9619	9.0979	8.3400	0.0000	0.0000	0.0000	0.0000	0.0000	0.0000	0.0000	0.0000	0.0000	0.0075	0.0057	0.0018	0.0072	0.0057	0.0015	0.0002	0.0000	0.0002	0.0606	0.0529	0.0077	0.0125	0.0118	0.0007	0.0482	0.0411	0.0071	0.2568	0.1706	0.0862	0.0911	0.0863	0.0048	0.1657	0.0843	0.0814	0.0045	0.0005	0.0443	0.0049	0.0010	0.0194	0.0425	0.0109	0.1427	0.0292	0.0334	0.0207	0.0795	0.0661	0.3195	0.0015	0.0000	0.0030
23	38	0.1534	12	1	1	1	0	0	0	0	0	N	N	N	N	N	N	N	N	N	N	N	N	27.4059	0.0000	206.4669	2.5308	0.0000	86.7281	111.1182	239.3951	0.0247	0.0000	0.1654	0.0059	0.0000	0.4160	0.0370	0.0000	0.1558	0.0009	0.0010	0.0008	0.0023	0.0022	0.0048	0.0003	0.0000	0.0007	inf	0.5059	0.0000	-0.0000	4.1010	0.0095	9.0979	5.0631	0.0000	0.0000	0.0000	0.0000	0.0000	0.0000	0.0000	0.0000	0.0000	0.0001	0.0001	0.0000	0.0001	0.0001	0.0000	0.0000	0.0000	0.0000	0.0009	0.0007	0.0001	0.0003	0.0003	0.0000	0.0005	0.0004	0.0001	0.1192	0.0741	0.0451	0.0342	0.0326	0.0016	0.0850	0.0415	0.0435	27.4059	0.0000	206.4669	2.5308	0.0000	86.7281	111.1182	0.0000	239.3951	0.0009	0.0010	0.0008	0.0023	0.0022	0.0048	0.0003	0.0000	0.0007	
23	39	0.1331	10	0	2	0	0	0	0	0	0	N	Y	N	N	N	N	N	N	N	N	N	N	0.0000	0.0000	0.0000	0.0000	0.0000	0.0000	0.0000	0.0000	0.0000	0.0000	0.0000	0.0000	0.0000	0.0000	0.0000	0.0000	0.0000	0.6378	0.0009	1.8173	0.0321	0.0018	0.6949	0.9266	0.0000	1.8983	1146.7591	0.0000	0.0747	4.1010	1.1272	9.0979	11.0864	0.0000	0.0000	0.0000	0.0000	0.0000	0.0000	0.0000	0.0000	0.0000	0.1637	0.0001	0.1635	0.0027	0.0001	0.0025	0.1610	0.0000	0.1610	0.0459	0.0397	0.0062	0.0121	0.0118	0.0004	0.0337	0.0280	0.0058	0.2566	0.1667	0.0900	0.0829	0.0777	0.0052	0.1738	0.0890	0.0848	0.0000	0.0000	0.0000	0.0000	0.0000	0.0000	0.0000	0.0000	0.0000	0.6378	0.0009	1.8173	0.0321	0.0018	0.4880	0.9266	0.0000	1.8983		
23	40	0.1331	9	0	1	0	0	0	0	0	0	N	N	N	N	N	N	N	N	N	N	N	N	0.0000	0.0000	0.0000	0.0000	0.0000	0.0000	0.0000	0.0000	0.0000	0.0000	0.0000	0.0000	0.0000	0.0000	0.0000	0.0000	0.0000	0.0000	0.0036	0.0025	0.0065	0.0050	0.0043	0.0341	0.0025	0.0000	0.0055	0.9985	0.0000	-0.0000	4.1010	0.4765	9.0979	0.2778	0.0000	0.0000	0.0000	0.0000	0.0000	0.0000	0.0000	0.0000	0.0000	0.0001	0.0001	0.0001	0.0001	0.0001	0.0000	0.0001	0.0000	0.0001	0.0263	0.0226	0.0036	0.0086	0.0084	0.0002	0.0177	0.0142	0.0035	0.0370	0.0267	0.0102	0.0156	0.0152	0.0004	0.0214	0.0115	0.0099	0.0000	0.0000	0.0000	0.0000	0.0000	0.0000	0.0000	0.0000	0.0000	0.0036	0.0025	0.0065	0.0050	0.0043	0.0341	0.0025	0.0000	0.0055	
23	41	0.1352	9	0	2	0	1	0	0	0	0	N	Y	N	N	N	N	N	N	N	N	N	N	0.0955	0.4684	0.0000	1.0454	1.0475	0.0000	0.0023	7.5482	0.0000	0.1864	0.2138	0.0000	1.0254	1.0864	0.0000	0.0053	0.0062	0.0000	1.9528	0.4564	4.6347	0.9808	1.0371	0.1369	2.3713	0.0008	4.8840	0.0000	5.6655	-0.0209	0.3632	4.1010	10.0333	9.0979	21.8674	0.0547	0.0547	0.0000	0.0535	0.0535	0.0000	0.0013	0.0013	0.0000	1.1829	0.1775	1.0054	0.1788	0.1773	0.0016	1.0041	0.0002	1.0039	0.2937	0.2561	0.0376	0.0521	0.0492	0.0029	0.2416	0.2068	0.0347	0.6058	0.3888	0.2169	0.1823	0.1710	0.0114	0.4234	0.2179	0.2055	0.0955	0.4684	0.0000	1.0454	1.0475	0.0000	0.0023	7.5482	0.0000	1.9528	0.4564	4.6347	0.9808	1.0371	0.1369	2.3713	0.0008	4.8840
23	42	0.1534	12	1	1	1	0	0	0	0	0	N	N	N	N	N	N	N	N	N	N	N	N	0.0909	0.0000	484.3021	0.0151	0.0000	166.6098	142.6451	0.0000	522.3387	0.0007	0.0000	0.0056	0.0004	0.0000	0.0066	0.0008	0.0000	0.0055	0.0080	0.0127	0.0000	0.0266	0.0278	0.0000	0.0000	0.0000	0.0000	inf	0.0005	0.0000	-0.0003	4.1010	0.9968	9.0979	1.9513	0.0000	0.0000	0.0000	0.0000	0.0000	0.0000	0.0000	0.0000	0.0000	0.0006	0.0006	0.0000	0.0006	0.0006	0.0000	0.0000	0.0000	0.0000	0.0298	0.0259	0.0039	0.0050	0.0047	0.0003	0.0248	0.0212	0.0036	0.0747	0.0469	0.0278	0.0225	0.0215	0.0010	0.0522	0.0254	0.0268	0.0909	0.0000	484.3021	0.0151	0.0000	166.6098	142.6451	0.0000	522.3387	0.0080	0.0127	0.0000	0.0266	0.0278	0.0000	0.0000	0.0000	0.0000
23	43	0.1402	11	1	1	1	0	0	0	0	0	N	N	N	N	N	N	N	N	N	N	N	N	50.3064	0.0018	20099.9871	5.5647	0.0003	23680.8002	5106.8228	2.5949	20174.8254	0.1376	0.0000	1.0640	0.0520	0.0000	0.7610	0.1505	0.0000	1.0866	0.0027	0.0044	0.0001	0.0093	0.0099	0.0000	0.0000	0.0000	0.0001	19987.2107	0.0075	0.0127	-0.0002	4.1010	5.0018	9.0979	1.7716	0.0205	0.0000	0.0205	0.0010	0.0000	0.0010	0.0195	0.0000	0.0195	0.0004	0.0004	0.0000	0.0004	0.0004	0.0000	0.0000	0.0000	0.0000	0.1493	0.1300	0.0193	0.0196	0.0182	0.0013	0.1297	0.1118	0.0180	0.1539	0.0949	0.0590	0.0447	0.0422	0.0025	0.1092	0.0527	0.0565	50.3064	0.0018	20099.9871	5.5647	0.0003	23680.8002	5106.8228	2.5949	20174.8254	0.0027	0.0044	0.0001	0.0093	0.0099	0.0000	0.0000	0.0000	0.0001
23	44	0.1434	12	1	1	1	0	0	0	0	0	N	N	N	N	N	N	N	N	N	N	N	N	0.0002	0.0002	0.0000	0.0007	0.0007	0.0000	0.0000	0.0000	0.0000	0.0000	0.0000	0.0000	0.0000	0.0000	0.0000	0.0000	0.0000	0.0000	0.0058	0.0096	0.0002	0.0153	0.0159	0.0000	0.0002	0.0001	0.0002	0.0000	0.0129	-0.0000	-0.0008	4.1010	4.9860	9.0979	2.3663	0.0000	0.0000	0.0000	0.0000	0.0000	0.0000	0.0000	0.0000	0.0000	0.0016	0.0016	0.0000	0.0015	0.0015	0.0000	0.0000	0.0000	0.0000	0.1491	0.1298	0.0193	0.0197	0.0183	0.0013	0.1295	0.1115	0.0180	0.2694	0.1619	0.1075	0.1011	0.0972	0.0039	0.1683	0.0647	0.1036	0.0002	0.0002	0.0000	0.0007	0.0007	0.0000	0.0000	0.0000	0.0000	0.0058	0.0096	0.0002	0.0153	0.0159	0.0000	0.0002	0.0001	0.0002
23	45	0.1402	11	1	1	0	0	0	0	0	0	N	N	N	N	N	N	N	N	N	N	N	N	0.2420	0.2668	0.7873	0.5119	1.2215	0.0048	0.2202	0.0001	0.8131	0.1530	0.0074	1.2157	0.0244	0.0249	0.0043	0.2003	0.0000	1.2823	0.6323	0.0279	1.5442	0.0477	0.0204	0.8906	0.9096	0.0357	1.5771	22.4025	36.7406	0.0001	0.0145	4.1010	0.0225	9.0979	1.9333	0.0002	0.0000	0.0002	0.0000	0.0000	0.0000	0.0002	0.0000	0.0002	0.0337	0.0009	0.0328	0.0008	0.0003	0.0005	0.0329	0.0006	0.0323	0.0011	0.0010	0.0001	0.0003	0.0003	0.0000	0.0008	0.0007	0.0001	0.0533	0.0320	0.0212	0.0171	0.0164	0.0008	0.0361	0.0156	0.0205	0.2420	0.2668	0.7873	0.5119	1.2215	0.0066	0.2202	0.0001	0.8131	0.6323	0.0279	1.5442	0.0477	0.0204	0.6445	0.9096	0.0357	1.5771
23	46	0.1373	10	1	1	0	0	0	0	0	0	N	N	N	N	N	N	N	N	N	N	N	N	2377.2594	0.0419	7990.0981	5.3815	0.1358	47.0051	2252.5415	0.0125	8309.8032	32.1808	0.0001	248.8336	0.0323	0.0008	0.4783	37.1192	0.0000	266.9179	0.0135	0.0028	0.0311	0.0060	0.0057	0.0102	0.0165	0.0007	0.0321	311897.2074	6.7057	0.6181	0.0001	4.1010	1.0095	9.0979	0.3555	0.9986	0.0000	0.9986	0.0001	0.0000	0.0001	0.9985	0.0000	0.9985	0.0004	0.0001	0.0004	0.0001	0.0000	0.0000	0.0004	0.0000	0.0004	0.0310	0.0270	0.0040	0.0041	0.0039	0.0003	0.0269	0.0232	0.0037	0.0304	0.0189	0.0115	0.0085	0.0080	0.0005	0.0219	0.0109	0.0110	2377.2594	0.0419	7990.0981	5.3815	0.1358	47.0051	2252.5415	0.0125	8309.8032	0.0135	0.0028	0.0311	0.0060	0.0057	0.0102	0.0165	0.0007	0.0321
23	47	0.1514	11	0	1	1	0	0	0	0	0	N	N	N	N	N	N	N	N	N	N	N	N	0.0030	0.0022	0.0000	1.3878	1.4334	0.0000	0.0000	0.0000	0.0000	0.0087	0.0100	0.0000	0.0436	0.0461	0.0000	0.0000	0.0000	0.0000	2.9270	4.4432	0.0045	0.0314	0.0322	0.0194	4.4326	8.6707	0.0036	0.0000	0.0005	-0.0003	-0.5377	4.1010	3.0460	9.0979	11.9126	0.0008	0.0008	0.0000	0.0008	0.0008	0.0000	0.0000	0.0000	0.0000	0.9913	0.9908	0.0005	0.0036	0.0035	0.0001	0.9877	0.9873	0.0004	0.0921	0.0804	0.0117	0.0184	0.0174	0.0010	0.0737	0.0630	0.0107	0.3387	0.2230	0.1157	0.1159	0.1091	0.0067	0.2228	0.1139	0.1090	0.0030	0.0022	0.0000	1.3878	1.4334	0.0000	0.0000	0.0000	0.0000	2.9270	4.4432	0.0045	0.0314	0.0322	0.0194	4.4326	8.6707	0.0036
23	48	0.1380	10	0	1	0	0	0	0	0	0	N	N	N	N	N	N	N	N	N	N	N	N	0.0184	0.0157	0.0042	0.1103	0.1180	0.0035	0.0007	0.0004	0.0039	0.0008	0.0009	0.0001	0.0039	0.0041	0.0002	0.0000	0.0000	0.0001	0.0450	0.0599	0.0155	0.0353	0.0347	0.0476	0.0501	0.0851	0.0139	0.0102	0.1304	-0.0000	-0.0036	4.1010	1.1082	9.0979	5.8288	0.0000	0.0000	0.0000	0.0000	0.0000	0.0000	0.0000	0.0000	0.0000	0.0083	0.0074	0.0010	0.0023	0.0021	0.0001	0.0061	0.0052	0.0008	0.0351	0.0306	0.0045	0.0072	0.0068	0.0004	0.0279	0.0238	0.0042	0.1854	0.1232	0.0622	0.0645	0.0618	0.0028	0.1208	0.0614	0.0594	0.0184	0.0157	0.0042	0.1103	0.1180	0.0035	0.0007	0.0004	0.0039	0.0450	0.0599	0.0155	0.0353	0.0347	0.0476	0.0501	0.0851	0.0139
23	49	0.1692	12	0	2	0	0	0	0	0	0	N	Y	N	N	N	N	N	N	N	N	N	N	0.0000	0.0000	0.0000	0.0000	0.0000	0.0000	0.0000	0.0000	0.0000	0.0000	0.0000	0.0000	0.0000	0.0000	0.0000	0.0000	0.0000	0.0000	0.0046	0.0075	0.0000	0.0156	0.0170	0.0000	0.0000	0.0000	0.0000	0.0000	0.0000	-0.0001	4.1010	0.0000	9.0979	2.0001	0.0000	0.0000	0.0000	0.0000	0.0000	0.0000	0.0000	0.0000	0.0000	0.0002	0.0002	0.0000	0.0002	0.0002	0.0000	0.0000	0.0000	0.0000	0.0000	0.0000	0.0000	0.0000	0.0000	0.0000	0.0000	0.0000	0.0000	0.0416	0.0257	0.0160	0.0123	0.0113	0.0010	0.0294	0.0144	0.0149	0.0000	0.0000	0.0000	0.0000	0.0000	0.0000	0.0000	0.0000	0.0000	0.0046	0.0075	0.0000	0.0156	0.0170	0.0000	0.0000	0.0000	0.0000	
23	50	0.1728	15	1	2	1	0	0	0	0	0	N	Y	N	N	N	N	N	N	N	N	N	N	0.0000	0.0000	0.0000	0.0000	0.0000	0.0000	0.0000	0.0000	0.0000	0.0000	0.0000	0.0000	0.0000	0.0000	0.0000	0.0050	0.0000	0.0195	0.0124	0.0000	0.3268	0.0004	0.0000	0.0010	inf	0.0000	0.0001	4.1010	0.0000	9.0979	1.7047	0.0000	0.0000	0.0000	0.0000	0.0000	0.0000	0.0000	0.0000	0.0000	0.0003	0.0000	0.0003	0.0003	0.0000	0.0003	0.0000	0.0000	0.0000	0.0000	0.0000	0.0000	0.0000	0.0000	0.0000	0.0000	0.0000	0.0000	0.0604	0.0449	0.0155	0.0234	0.0224	0.0010	0.0370	0.0225	0.0145	0.0000	0.0000	0.0000	0.0000	0.0000	0.0000	0.0000	0.0000	0.0000	0.0050	0.0000	0.0195	0.0124	0.0000	0.2945	0.0004	0.0000	0.0010				
23	51	0.1728	15	1	2	1	0	0	0	0	0	N	Y	N	N	N	N	N	N	N	N	N	N	0.0000	0.0000	0.0000	0.0000	0.0000	0.0000	0.0000	0.0000	0.0000	0.0000	0.0000	0.0000	0.0000	0.0000	0.0000	0.0040	0.0047	0.0000	0.0087	0.0088	0.0000	0.0000	0.0000	0.0000	0.0000	0.0000	-0.0001	4.1010	0.0000	9.0979	0.2953	0.0000	0.0000	0.0000	0.0000	0.0000	0.0000	0.0000	0.0000	0.0000	0.0001	0.0001	0.0000	0.0001	0.0001	0.0000	0.0000	0.0000	0.0000	0.0000	0.0000	0.0000	0.0000	0.0000	0.0000	0.0000	0.0000	0.0000	0.0314	0.0268	0.0046	0.0146	0.0144	0.0002	0.0168	0.0125	0.0044	0.0000	0.0000	0.0000	0.0000	0.0000	0.0000	0.0000	0.0000	0.0000	0.0040	0.0047	0.0000	0.0087	0.0088	0.0000	0.0000	0.0000	0.0000				
23	52	0.1699	14	1	2	1	0	0	0	0	0	N	Y	N	N	N	N	N	N	N	N	N	N	0.0000	0.0000	0.0000	0.0000	0.0000	0.0000	0.0000	0.0000	0.0000	0.0000	0.0000	0.0000	0.0000	0.0000	0.0000	0.0000	0.0000	0.0000	0.0073	0.0111	0.0001	0.0185	0.0193	0.0013	0.0016	0.0031	0.0000	0.0032	0.0000	-0.0002	4.1010	0.0001	9.0979	1.7968	0.0000	0.0000	0.0000	0.0000	0.0000	0.0000	0.0000	0.0000	0.0000	0.0004	0.0004	0.0000	0.0003	0.0003	0.0000	0.0001	0.0001	0.0000	0.0000	0.0000	0.0000	0.0000	0.0000	0.0000	0.0000	0.0000	0.0000	0.0489	0.0322	0.0168	0.0167	0.0159	0.0008	0.0322	0.0162	0.0160	0.0000	0.0000	0.0000	0.0000	0.0000	0.0000	0.0000	0.0000	0.0000	0.0073	0.0111	0.0001	0.0185	0.0193	0.0013	0.0016	0.0031	0.0000	
23	53	0.1516	8	1	2	0	0	0	0	0	0	N	Y	N	N	N	N	N	N	N	N	N	N	33.1844	164.0597	0.0000	10.7280	11.8191	0.0000	41.7847	265798.3836	0.0000	0.2129	0.2457	0.0000	0.0312	0.0358	0.0000	0.3418	0.3960	0.0000	0.0064	0.0015	0.0153	0.0029	0.0030	0.0006	0.0082	0.0000	0.0160	0.0000	5.6568	-0.0066	0.0001	4.1010	1.8240	9.0979	0.8872	0.0172	0.0172	0.0000	0.0010	0.0010	0.0000	0.0162	0.0162	0.0000	0.0005	0.0001	0.0004	0.0001	0.0001	0.0000	0.0004	0.0000	0.0004	0.0808	0.0700	0.0108	0.0335	0.0292	0.0043	0.0473	0.0408	0.0065	0.0712	0.0458	0.0254	0.0238	0.0227	0.0012	0.0474	0.0232	0.0242	33.1844	164.0597	0.0000	10.7280	11.8191	0.0000	41.7847	265798.3836	0.0000	0.0064	0.0015	0.0153	0.0029	0.0030	0.0006	0.0082	0.0000	0.0160
23	54	0.1992	14	0	2	0	1	0	0	0	0	N	Y	N	N	N	N	N	N	N	N	N	N	0.0000	0.0000	0.0000	0.0000	0.0000	0.0000	0.0000	0.0000	0.0000	0.0000	0.0000	0.0000	0.0000	0.0000	0.0000	0.0000	0.0000	0.0000	0.0037	0.0048	0.0018	0.0017	0.0012	0.0051	0.0050	0.0087	0.0012	0.2032	0.0000	-0.0002	4.1010	0.0007	9.0979	4.7762	0.0000	0.0000	0.0000	0.0000	0.0000	0.0000	0.0000	0.0000	0.0000	0.0004	0.0003	0.0001	0.0001	0.0000	0.0000	0.0003	0.0003	0.0000	0.0000	0.0000	0.0000	0.0000	0.0000	0.0000	0.0000	0.0000	0.0000	0.1112	0.0722	0.0390	0.0434	0.0376	0.0059	0.0677	0.0346	0.0331	0.0000	0.0000	0.0000	0.0000	0.0000	0.0000	0.0000	0.0000	0.0000	0.0037	0.0048	0.0018	0.0017	0.0012	0.0051	0.0050	0.0087	0.0012	
23	55	0.1992	14	0	1	0	1	0	0	0	0	N	N	N	N	N	N	N	N	N	N	N	N	0.0000	0.0000	0.0000	0.0000	0.0000	0.0000	0.0000	0.0000	0.0000	0.0000	0.0000	0.0000	0.0000	0.0000	0.0000	0.0000	0.0000	2.0443	3.1037	0.0058	5.9369	5.8808	0.0000	0.0064	0.0060	0.0068	0.0010	0.0000	-0.0886	4.1010	0.0007	9.0979	3.2259	0.0000	0.0000	0.0000	0.0000	0.0000	0.0000	0.0000	0.0000	0.0000	0.1634	0.1632	0.0002	0.1631	0.1631	0.0000	0.0003	0.0001	0.0002	0.0000	0.0000	0.0000	0.0000	0.0000	0.0000	0.0000	0.0000	0.0000	0.0799	0.0526	0.0273	0.0318	0.0277	0.0041	0.0481	0.0249	0.0232	0.0000	0.0000	0.0000	0.0000	0.0000	0.0000	0.0000	0.0000	0.0000	2.0443	3.1037	0.0058	5.1241	5.8808	0.0000	0.0064	0.0060	0.0068		
23	56	0.1948	13	0	1	0	1	0	0	0	0	N	N	N	N	N	N	N	N	N	N	N	N	0.0000	0.0000	0.0000	0.0000	0.0000	0.0000	0.0000	0.0000	0.0000	0.0000	0.0000	0.0000	0.0000	0.0000	0.0000	0.0000	0.0000	0.0000	0.0066	0.0091	0.0017	0.0152	0.0172	0.0000	0.0010	0.0001	0.0020	0.0929	0.0000	-0.0002	4.1010	0.9953	9.0979	1.3904	0.0000	0.0000	0.0000	0.0000	0.0000	0.0000	0.0000	0.0000	0.0000	0.0004	0.0004	0.0000	0.0004	0.0004	0.0000	0.0000	0.0000	0.0000	0.0300	0.0262	0.0038	0.0057	0.0053	0.0004	0.0243	0.0209	0.0034	0.0606	0.0404	0.0202	0.0240	0.0212	0.0029	0.0366	0.0193	0.0173	0.0000	0.0000	0.0000	0.0000	0.0000	0.0000	0.0000	0.0000	0.0000	0.0066	0.0091	0.0017	0.0152	0.0172	0.0000	0.0010	0.0001	0.0020	
23	57	0.1881	12	0	1	0	1	0	0	0	0	N	N	N	N	N	N	N	N	N	N	N	N	0.0585	0.4819	0.0000	0.1158	0.1334	0.0000	0.0469	0.4564	0.0000	0.0008	0.0009	0.0000	0.0002	0.0002	0.0000	0.0010	0.0012	0.0000	0.0142	0.0020	0.0354	0.0015	0.0013	0.0023	0.0223	0.0027	0.0405	0.0000	10.4281	-0.0000	0.0004	4.1010	0.0068	9.0979	3.2797	0.0000	0.0000	0.0000	0.0000	0.0000	0.0000	0.0000	0.0000	0.0000	0.0011	0.0001	0.0010	0.0000	0.0000	0.0000	0.0011	0.0001	0.0010	0.0002	0.0002	0.0000	0.0001	0.0001	0.0000	0.0002	0.0002	0.0000	0.0783	0.0496	0.0287	0.0304	0.0266	0.0039	0.0479	0.0231	0.0248	0.0585	0.4819	0.0000	0.1158	0.1334	0.0000	0.0469	0.4564	0.0000	0.0142	0.0020	0.0354	0.0015	0.0013	0.0023	0.0223	0.0027	0.0405
23	58	0.1469	11	0	1	0	1	0	0	0	0	N	N	N	N	N	N	N	N	N	N	N	N	0.1780	0.1355	0.0000	0.7740	0.9354	0.0000	0.1380	0.0811	0.0000	0.0759	0.0883	0.0000	0.0664	0.0734	0.0000	0.0801	0.0953	0.0000	0.4266	0.6519	0.0421	0.0858	0.0785	0.1939	0.5802	1.1758	0.0335	0.0000	0.0378	-0.0063	-0.0889	4.1010	5.8573	9.0979	13.1443	0.0165	0.0165	0.0000	0.0044	0.0044	0.0000	0.0121	0.0121	0.0000	0.1754	0.1691	0.0064	0.0110	0.0094	0.0016	0.1645	0.1597	0.0048	0.2174	0.1869	0.0305	0.0660	0.0597	0.0063	0.1515	0.1273	0.0242	0.4113	0.2593	0.1519	0.1278	0.1197	0.0081	0.2835	0.1396	0.1439	0.1780	0.1355	0.0000	0.7740	0.9354	0.0000	0.1380	0.0833	0.0000	0.4266	0.6519	0.0421	0.0858	0.0785	0.1939	0.5802	1.1435	0.0335
23	59	0.1701	15	0	2	1	0	0	0	0	0	N	Y	N	N	N	N	N	N	N	N	N	N	0.0000	0.0000	0.0000	0.0000	0.0000	0.0000	0.0000	0.0000	0.0000	0.0000	0.0000	0.0000	0.0000	0.0000	0.0000	0.0000	0.0000	0.0000	0.0039	0.0058	0.0003	0.0123	0.0129	0.0018	0.0001	0.0000	0.0002	0.0229	0.0000	-0.0002	4.1010	0.9979	9.0979	4.0614	0.0000	0.0000	0.0000	0.0000	0.0000	0.0000	0.0000	0.0000	0.0000	0.0005	0.0005	0.0000	0.0005	0.0005	0.0000	0.0000	0.0000	0.0000	0.0299	0.0262	0.0037	0.0049	0.0047	0.0003	0.0250	0.0216	0.0035	0.1171	0.0778	0.0394	0.0369	0.0351	0.0018	0.0803	0.0427	0.0376	0.0000	0.0000	0.0000	0.0000	0.0000	0.0000	0.0000	0.0000	0.0000	0.0039	0.0058	0.0003	0.0123	0.0129	0.0018	0.0001	0.0000	0.0002	
23	60	0.1617	14	0	2	0	0	0	0	0	0	N	Y	N	N	N	N	N	N	N	N	N	N	0.0157	0.0253	0.0000	0.0694	0.0703	0.0000	0.0000	0.0000	0.0000	0.0000	0.0000	0.0000	0.0000	0.0001	0.0000	0.0000	0.0000	0.0000	0.0005	0.0003	0.0008	0.0007	0.0007	0.0002	0.0004	0.0000	0.0008	0.0000	1.1325	-0.0000	-0.0000	4.1010	2.2356	9.0979	2.2044	0.0000	0.0000	0.0000	0.0000	0.0000	0.0000	0.0000	0.0000	0.0000	0.0001	0.0000	0.0000	0.0000	0.0000	0.0000	0.0000	0.0000	0.0000	0.0693	0.0606	0.0087	0.0111	0.0106	0.0006	0.0581	0.0500	0.0081	0.1030	0.0680	0.0349	0.0326	0.0309	0.0017	0.0704	0.0371	0.0333	0.0157	0.0253	0.0000	0.0694	0.0703	0.0000	0.0000	0.0000	0.0000	0.0005	0.0003	0.0008	0.0007	0.0007	0.0002	0.0004	0.0000	0.0008
23	61	0.1411	12	1	1	1	0	0	0	0	0	N	N	N	N	N	N	N	N	N	N	N	N	0.0006	0.0008	0.0001	0.0018	0.0019	0.0000	0.0000	1.2835	0.0001	0.0009	0.0010	0.0001	0.0053	0.0056	0.0000	0.0000	0.0000	0.0002	1.6355	1.2571	2.2607	2.8563	2.9958	0.9868	1.1636	0.0000	2.3333	0.0205	1.0886	-0.0000	-0.0068	4.1010	2.0703	9.0979	7.0012	0.0001	0.0001	0.0000	0.0001	0.0001	0.0000	0.0000	0.0000	0.0000	0.3130	0.1499	0.1632	0.1524	0.1499	0.0025	0.1606	0.0000	0.1606	0.0660	0.0576	0.0084	0.0111	0.0105	0.0007	0.0548	0.0471	0.0077	0.1914	0.1192	0.0722	0.0534	0.0500	0.0033	0.1381	0.0692	0.0688	0.0006	0.0008	0.0001	0.0018	0.0019	0.0000	0.0000	1.2835	0.0001	1.6355	1.2571	2.2607	2.8563	2.9958	0.7585	1.1636	0.0000	2.3333
23	62	0.1394	11	0	1	0	0	0	0	0	0	N	N	N	N	N	N	N	N	N	N	N	N	0.7513	1.0820	0.0022	2.8082	2.8564	0.0849	0.0000	0.0000	0.0000	0.0270	0.0309	0.0001	0.1749	0.1862	0.0014	0.0000	0.0000	0.0000	0.0359	0.0285	0.0480	0.0623	0.0652	0.0165	0.0255	0.0013	0.0495	0.0005	1.0189	-0.0003	-0.0000	4.1010	0.9285	9.0979	0.0280	0.0008	0.0008	0.0000	0.0008	0.0008	0.0000	0.0000	0.0000	0.0000	0.0008	0.0004	0.0004	0.0004	0.0004	0.0000	0.0004	0.0000	0.0004	0.0289	0.0252	0.0037	0.0044	0.0042	0.0003	0.0244	0.0210	0.0034	0.0212	0.0132	0.0080	0.0060	0.0056	0.0004	0.0152	0.0076	0.0076	0.7513	1.0820	0.0022	2.8082	2.8564	0.0849	0.0000	0.0000	0.0000	0.0359	0.0285	0.0480	0.0623	0.0652	0.0165	0.0255	0.0013	0.0495
23	63	0.1017	6	1	2	0	0	0	0	0	0	N	Y	N	N	N	N	N	N	N	N	N	N	0.0215	0.0153	0.0000	0.0168	0.0174	0.0000	0.0294	0.0165	0.0000	0.0010	0.0011	0.0000	0.0014	0.0015	0.0000	0.0009	0.0010	0.0000	0.0444	0.0722	0.0002	0.0802	0.0844	0.0040	0.0303	0.0627	0.0000	0.0000	0.0016	-0.0000	-0.0023	4.1010	1.0023	9.0979	3.0135	0.0000	0.0000	0.0000	0.0000	0.0000	0.0000	0.0000	0.0000	0.0000	0.0043	0.0043	0.0000	0.0022	0.0022	0.0000	0.0021	0.0021	0.0000	0.0315	0.0272	0.0042	0.0044	0.0040	0.0004	0.0271	0.0232	0.0039	0.0971	0.0596	0.0375	0.0275	0.0260	0.0014	0.0696	0.0336	0.0361	0.0215	0.0153	0.0000	0.0168	0.0174	0.0000	0.0294	0.0165	0.0000	0.0444	0.0722	0.0002	0.0802	0.0844	0.0040	0.0303	0.0627	0.0000
23	64	0.0753	5	1	2	0	0	0	0	0	0	N	Y	N	N	N	N	N	N	N	N	N	N	0.0442	0.0320	0.0108	5.2114	5.1564	0.3417	0.0315	0.0193	0.0105	0.1636	0.1950	0.0002	0.1944	0.2032	0.0002	0.1547	0.1921	0.0002	3.7037	6.0979	0.0169	0.0373	0.0394	0.0005	4.9191	9.9445	0.0175	0.0002	0.0018	-0.0081	-0.5377	4.1010	3.0820	9.0979	9.3392	0.0212	0.0212	0.0000	0.0056	0.0056	0.0000	0.0156	0.0156	0.0000	0.9936	0.9918	0.0018	0.0025	0.0025	0.0000	0.9911	0.9893	0.0018	0.1296	0.1088	0.0209	0.0291	0.0278	0.0013	0.1006	0.0810	0.0196	0.2683	0.1626	0.1056	0.0668	0.0632	0.0036	0.2015	0.0995	0.1020	0.0442	0.0320	0.0108	5.2114	5.1564	0.3417	0.0315	0.0193	0.0105	3.7037	6.0979	0.0169	0.0373	0.0394	0.0005	4.9191	9.9445	0.0175
23	65	0.1617	14	0	2	0	0	0	0	0	0	N	Y	N	N	N	N	N	N	N	N	N	N	0.0324	0.0535	0.0000	0.1308	0.1315	0.0000	0.0000	0.0000	0.0000	0.0000	0.0000	0.0000	0.0001	0.0001	0.0000	0.0000	0.0000	0.0000	0.0003	0.0002	0.0005	0.0004	0.0005	0.0001	0.0002	0.0000	0.0005	0.0000	1.2246	-0.0000	0.0000	4.1010	1.7946	9.0979	5.9592	0.0000	0.0000	0.0000	0.0000	0.0000	0.0000	0.0000	0.0000	0.0000	0.0000	0.0000	0.0000	0.0000	0.0000	0.0000	0.0000	0.0000	0.0000	0.0566	0.0495	0.0070	0.0094	0.0089	0.0005	0.0472	0.0406	0.0066	0.1671	0.1084	0.0587	0.0509	0.0480	0.0029	0.1161	0.0604	0.0558	0.0324	0.0535	0.0000	0.1308	0.1315	0.0000	0.0000	0.0000	0.0000	0.0003	0.0002	0.0005	0.0004	0.0005	0.0001	0.0002	0.0000	0.0005
23	66	0.1549	13	0	2	0	0	0	0	0	0	N	Y	N	N	N	N	N	N	N	N	N	N	0.0835	1.1372	0.0020	2.5597	2.5866	0.8183	0.0003	0.0523	0.0005	0.0009	0.0010	0.0001	0.0046	0.0049	0.0005	0.0000	0.0000	0.0000	0.0106	0.0009	0.0269	0.0018	0.0019	0.0006	0.0143	0.0001	0.0281	0.0077	18.1823	-0.0000	0.0003	4.1010	1.3569	9.0979	2.0560	0.0000	0.0000	0.0000	0.0000	0.0000	0.0000	0.0000	0.0000	0.0000	0.0008	0.0000	0.0008	0.0000	0.0000	0.0000	0.0008	0.0000	0.0008	0.0466	0.0408	0.0058	0.0089	0.0084	0.0005	0.0378	0.0324	0.0054	0.0764	0.0478	0.0286	0.0228	0.0216	0.0013	0.0536	0.0263	0.0273	0.0835	1.1372	0.0020	2.5597	2.5866	0.8183	0.0003	0.0523	0.0005	0.0106	0.0009	0.0269	0.0018	0.0019	0.0006	0.0143	0.0001	0.0281
23	67	0.1415	12	0	2	0	0	0	0	0	0	N	Y	N	N	N	N	N	N	N	N	N	N	6.4350	5.1870	0.0020	14.6633	15.8558	0.0020	0.0012	0.0158	0.0000	0.0372	0.0427	0.0000	0.2669	0.2900	0.0000	0.0000	0.0000	0.0000	0.0058	0.0082	0.0015	0.0182	0.0183	0.0168	0.0003	0.0000	0.0007	0.0000	0.1023	-0.0022	-0.0004	4.1010	4.9477	9.0979	2.0153	0.0058	0.0058	0.0000	0.0058	0.0058	0.0000	0.0000	0.0000	0.0000	0.0009	0.0008	0.0001	0.0008	0.0008	0.0000	0.0000	0.0000	0.0000	0.1570	0.1365	0.0205	0.0219	0.0201	0.0017	0.1352	0.1164	0.0188	0.1504	0.0956	0.0548	0.0458	0.0430	0.0028	0.1046	0.0526	0.0520	6.4350	5.1870	0.0020	14.6633	15.8558	0.0020	0.0012	0.0158	0.0000	0.0058	0.0082	0.0015	0.0182	0.0183	0.0168	0.0003	0.0000	0.0007
23	68	0.1692	12	0	1	1	0	0	0	0	0	N	N	N	N	N	N	N	N	N	N	N	N	0.0000	0.0000	0.0000	0.0000	0.0000	0.0000	0.0000	0.0000	0.0000	0.0000	0.0000	0.0000	0.0000	0.0000	0.0000	0.0000	0.0000	0.0000	0.0010	0.0016	0.0000	0.0034	0.0037	0.0000	0.0000	0.0000	0.0000	0.0002	0.0000	-0.0000	4.1010	0.0000	9.0979	4.0001	0.0000	0.0000	0.0000	0.0000	0.0000	0.0000	0.0000	0.0000	0.0000	0.0001	0.0001	0.0000	0.0001	0.0001	0.0000	0.0000	0.0000	0.0000	0.0000	0.0000	0.0000	0.0000	0.0000	0.0000	0.0000	0.0000	0.0000	0.0825	0.0509	0.0316	0.0244	0.0223	0.0020	0.0582	0.0286	0.0296	0.0000	0.0000	0.0000	0.0000	0.0000	0.0000	0.0000	0.0000	0.0000	0.0010	0.0016	0.0000	0.0034	0.0037	0.0000	0.0000	0.0000	0.0000	
23	69	0.1469	11	0	1	0	0	0	0	0	0	N	N	N	N	N	N	N	N	N	N	N	N	0.0310	0.0000	0.0892	0.0488	0.0000	21.1026	0.0288	0.0000	0.0844	0.1251	0.0000	0.8325	0.0891	0.0000	0.8291	0.1474	0.0000	0.8337	4.0336	0.9488	9.3335	1.8236	1.9418	0.0393	5.1188	0.0000	9.8809	inf	5.7255	0.0104	0.3568	4.1010	2.8240	9.0979	8.9883	0.0167	0.0000	0.0167	0.0046	0.0000	0.0046	0.0122	0.0000	0.0122	1.1571	0.1721	0.9851	0.1723	0.1720	0.0002	0.9849	0.0000	0.9848	0.1337	0.1136	0.0201	0.0511	0.0456	0.0055	0.0826	0.0680	0.0146	0.2869	0.1813	0.1055	0.0945	0.0886	0.0059	0.1924	0.0927	0.0997	0.0310	0.0000	0.0892	0.0488	0.0000	21.1026	0.0288	0.0000	0.0844	4.0336	0.9488	9.3335	1.8236	1.9418	0.0393	5.1188	0.0000	9.8809
23	70	0.1380	10	0	1	0	0	0	0	0	0	N	N	N	N	N	N	N	N	N	N	N	N	1.5136	1.4191	3.2361	0.4072	0.2275	4.4319	1.7612	4.0643	3.2730	0.1690	0.1008	0.6303	0.0440	0.0248	0.3797	0.2002	0.1218	0.6533	0.1116	0.0710	0.1948	0.1080	0.1089	0.0857	0.1137	0.0300	0.1996	0.9246	1.3403	0.0008	0.0005	4.1010	1.4521	9.0979	3.5882	0.0077	0.0040	0.0037	0.0004	0.0002	0.0002	0.0073	0.0038	0.0035	0.0167	0.0072	0.0096	0.0059	0.0057	0.0002	0.0109	0.0015	0.0094	0.0453	0.0395	0.0058	0.0091	0.0086	0.0005	0.0362	0.0309	0.0053	0.1499	0.1007	0.0492	0.0544	0.0523	0.0021	0.0955	0.0484	0.0471	1.5136	1.4191	3.2361	0.4072	0.2275	4.4319	1.7612	4.0643	3.2730	0.1116	0.0710	0.1948	0.1080	0.1089	0.0857	0.1137	0.0300	0.1996
23	71	0.1352	9	0	1	0	0	0	0	0	0	N	N	N	N	N	N	N	N	N	N	N	N	0.0278	0.0340	0.0331	0.0240	0.0264	0.0078	0.0348	0.5102	0.0373	0.0007	0.0006	0.0013	0.0008	0.0008	0.0011	0.0006	0.0005	0.0013	0.0235	0.0166	0.0385	0.0324	0.0289	0.1448	0.0177	0.0010	0.0344	0.3272	1.0667	-0.0000	-0.0001	4.1010	1.1783	9.0979	0.9542	0.0000	0.0000	0.0000	0.0000	0.0000	0.0000	0.0000	0.0000	0.0000	0.0020	0.0010	0.0010	0.0011	0.0009	0.0001	0.0009	0.0000	0.0009	0.0426	0.0372	0.0054	0.0098	0.0094	0.0004	0.0328	0.0278	0.0050	0.0839	0.0575	0.0264	0.0331	0.0321	0.0010	0.0508	0.0254	0.0254	0.0278	0.0340	0.0331	0.0240	0.0264	0.0078	0.0348	0.5102	0.0373	0.0235	0.0166	0.0385	0.0324	0.0289	0.1448	0.0177	0.0010	0.0344
23	72	0.1307	8	0	1	0	0	0	0	0	0	N	N	N	N	N	N	N	N	N	N	N	N	0.0095	0.0088	0.0077	0.0147	0.0170	0.0004	0.0153	0.2972	0.0144	0.0001	0.0001	0.0001	0.0004	0.0004	0.0000	0.0000	0.0000	0.0001	0.0110	0.0125	0.0079	0.0269	0.0245	0.0863	0.0022	0.0001	0.0044	0.0806	0.3085	-0.0000	-0.0003	4.1010	2.0762	9.0979	1.4610	0.0000	0.0000	0.0000	0.0000	0.0000	0.0000	0.0000	0.0000	0.0000	0.0011	0.0009	0.0003	0.0010	0.0009	0.0001	0.0001	0.0000	0.0001	0.0655	0.0571	0.0084	0.0127	0.0120	0.0007	0.0527	0.0450	0.0077	0.1034	0.0693	0.0341	0.0368	0.0353	0.0014	0.0666	0.0340	0.0327	0.0095	0.0088	0.0077	0.0147	0.0170	0.0004	0.0153	0.2972	0.0144	0.0110	0.0125	0.0079	0.0269	0.0245	0.0863	0.0022	0.0001	0.0044
23	73	0.0664	4	0	1	0	0	0	0	0	0	N	N	N	N	N	N	N	N	N	N	N	N	0.0621	4.9790	0.0000	2.4733	2.4148	0.0000	0.0424	268774.9631	0.0000	0.1398	0.1655	0.0000	0.2109	0.2175	0.0000	0.1230	0.1508	0.0000	2.2518	0.0332	5.4913	0.0853	0.0901	0.0000	2.9038	0.0000	5.6628	0.0000	113.1750	-0.0083	0.4491	4.1010	4.0673	9.0979	17.8409	0.0218	0.0218	0.0000	0.0063	0.0063	0.0000	0.0155	0.0155	0.0000	1.0017	0.0088	0.9930	0.0088	0.0088	0.0000	0.9930	0.0000	0.9930	0.1562	0.1320	0.0242	0.0299	0.0290	0.0009	0.1264	0.1031	0.0233	0.4449	0.2640	0.1808	0.1029	0.0974	0.0055	0.3420	0.1666	0.1753	0.0621	4.9790	0.0000	2.4733	2.4148	0.0000	0.0424	268774.9631	0.0000	2.2518	0.0332	5.4913	0.0853	0.0901	0.0000	2.9038	0.0000	5.6628
23	75	0.1433	4	0	1	0	0	0	0	0	0	N	N	N	N	N	N	N	N	N	N	N	N	0.0671	0.0340	1.5348	0.1860	0.1467	3.0210	0.0349	0.0090	1.2398	0.0304	0.0229	0.0824	0.0552	0.0467	0.1944	0.0200	0.0116	0.0651	0.4533	0.6725	0.0537	0.2967	0.3183	0.0644	0.5723	1.2948	0.0525	0.5245	0.0438	-0.0002	-0.3804	4.1010	3.5843	9.0979	46.7516	0.0059	0.0039	0.0020	0.0032	0.0025	0.0006	0.0027	0.0013	0.0014	0.7594	0.7275	0.0319	0.2147	0.2108	0.0040	0.5447	0.5167	0.0279	0.1944	0.1697	0.0247	0.0577	0.0544	0.0033	0.1367	0.1154	0.0214	1.6752	1.0817	0.5935	0.7236	0.6622	0.0614	0.9516	0.4195	0.5321	0.0671	0.0340	1.5348	0.1860	0.1467	3.0210	0.0349	0.0094	1.2398	0.4533	0.6725	0.0537	0.2967	0.3183	0.0644	0.5723	1.2317	0.0525
23	76	0.1683	14	1	2	1	0	0	0	0	0	N	Y	N	N	N	N	N	N	N	N	N	N	0.0304	0.0223	0.0588	0.0583	0.0000	0.0000	0.0000	0.0000	0.0000	0.0000	0.0001	0.0000	0.0000	0.0000	0.0000	0.0003	0.0005	0.0000	0.0008	0.0009	0.0000	0.0000	0.0000	0.0000	0.0000	0.0000	-0.0000	-0.0000	4.1010	1.0003	9.0979	1.0071	0.0000	0.0000	0.0000	0.0000	0.0000	0.0000	0.0000	0.0000	0.0000	0.0000	0.0000	0.0000	0.0000	0.0000	0.0000	0.0000	0.0000	0.0000	0.0296	0.0259	0.0037	0.0054	0.0050	0.0003	0.0243	0.0209	0.0034	0.0421	0.0269	0.0152	0.0147	0.0136	0.0010	0.0274	0.0133	0.0141	0.0304	0.0223	0.0000	0.0588	0.0583	0.0000	0.0000	0.0000	0.0000	0.0003	0.0005	0.0000	0.0008	0.0009	0.0000	0.0000	0.0000	0.0000			
23	77	0.1616	13	1	1	1	0	0	0	0	0	N	N	N	N	N	N	N	N	N	N	N	N	1.7353	1.4819	0.0044	5.2909	5.1017	0.0857	0.0000	0.0000	0.0000	0.0279	0.0319	0.0000	0.1525	0.1624	0.0000	0.0000	0.0000	0.0000	0.0161	0.0215	0.0002	0.0288	0.0318	0.0001	0.0005	0.0007	0.0002	0.0000	0.0024	-0.0003	-0.0016	4.1010	0.9901	9.0979	2.2068	0.0008	0.0008	0.0000	0.0008	0.0008	0.0000	0.0000	0.0000	0.0000	0.0030	0.0030	0.0000	0.0030	0.0030	0.0000	0.0000	0.0000	0.0000	0.0298	0.0261	0.0038	0.0055	0.0051	0.0003	0.0244	0.0210	0.0034	0.1868	0.1391	0.0478	0.1028	0.0931	0.0097	0.0841	0.0460	0.0381	1.7353	1.4819	0.0044	5.2909	5.1017	0.0857	0.0000	0.0000	0.0000	0.0161	0.0215	0.0002	0.0288	0.0318	0.0001	0.0005	0.0007	0.0002
23	78	0.0489	3	0	2	0	0	0	0	0	0	N	Y	N	N	N	N	N	N	N	N	N	N	2.3466	0.2470	6.8143	0.4242	0.4325	0.1263	2.3096	6289.1592	6.9592	3.1302	0.0843	18.9646	0.2969	0.3033	0.1126	3.6966	0.0322	19.6369	1.3340	0.3412	2.7831	0.6999	0.7011	0.8915	1.6005	0.0000	2.8217	43.2999	5.5890	0.6082	0.2951	4.1010	8.4371	9.0979	15.3349	1.0199	0.0230	0.9969	0.0161	0.0159	0.0002	1.0038	0.0071	0.9967	0.9666	0.1467	0.8199	0.1501	0.1467	0.0034	0.8165	0.0000	0.8165	0.3258	0.2733	0.0526	0.0543	0.0525	0.0018	0.2715	0.2208	0.0508	0.7246	0.4300	0.2946	0.2145	0.2092	0.0052	0.5101	0.2208	0.2894	2.3466	0.2470	6.8143	0.4242	0.4325	0.1727	2.3096	6289.1592	6.9592	1.3340	0.3412	2.7831	0.6999	0.7011	0.6516	1.6005	0.0000	2.8217
23	79	0.1616	13	1	1	1	0	0	0	0	0	N	N	N	N	N	N	N	N	N	N	N	N	0.0093	0.0000	0.8348	0.0415	0.0000	10.7070	0.0002	0.0000	0.0107	0.0001	0.0000	0.0007	0.0005	0.0000	0.0082	0.0000	0.0000	0.0000	0.0098	0.0136	0.0009	0.0121	0.0132	0.0008	0.0079	0.0142	0.0009	inf	0.0272	0.0000	-0.0015	4.1010	3.0096	9.0979	5.7427	0.0000	0.0000	0.0000	0.0000	0.0000	0.0000	0.0000	0.0000	0.0000	0.0029	0.0028	0.0001	0.0016	0.0016	0.0000	0.0013	0.0012	0.0001	0.0888	0.0776	0.0112	0.0159	0.0149	0.0010	0.0729	0.0627	0.0102	0.2928	0.2052	0.0877	0.1335	0.1218	0.0117	0.1594	0.0834	0.0759	0.0093	0.0000	0.8348	0.0415	0.0000	10.7070	0.0002	0.0000	0.0107	0.0098	0.0136	0.0009	0.0121	0.0132	0.0008	0.0079	0.0142	0.0009
23	80	0.1459	12	1	1	1	0	0	0	0	0	N	N	N	N	N	N	N	N	N	N	N	N	0.0220	0.0100	1.5997	0.1123	0.0700	4.8164	0.0001	0.0000	0.0242	0.0004	0.0003	0.0012	0.0018	0.0011	0.0143	0.0000	0.0000	0.0000	0.0169	0.0262	0.0007	0.0156	0.0163	0.0030	0.0175	0.0347	0.0006	0.6170	0.0163	0.0000	-0.0015	4.1010	1.0477	9.0979	6.1154	0.0000	0.0000	0.0000	0.0000	0.0000	0.0000	0.0000	0.0000	0.0000	0.0028	0.0028	0.0000	0.0008	0.0008	0.0000	0.0020	0.0020	0.0000	0.0350	0.0308	0.0042	0.0074	0.0070	0.0003	0.0276	0.0238	0.0038	0.1661	0.1055	0.0606	0.0514	0.0486	0.0028	0.1147	0.0568	0.0578	0.0220	0.0100	1.5997	0.1123	0.0700	4.8164	0.0001	0.0000	0.0242	0.0169	0.0262	0.0007	0.0156	0.0163	0.0030	0.0175	0.0347	0.0006
23	81	0.1394	11	0	1	0	0	0	0	0	0	N	N	N	N	N	N	N	N	N	N	N	N	0.0729	0.0270	1.3319	0.1912	0.0915	40.0801	0.0013	0.0000	0.0167	0.0002	0.0001	0.0007	0.0011	0.0006	0.0095	0.0000	0.0000	0.0000	0.0024	0.0035	0.0005	0.0060	0.0064	0.0002	0.0010	0.0014	0.0006	1.1096	0.0929	0.0000	-0.0001	4.1010	1.9794	9.0979	1.0196	0.0000	0.0000	0.0000	0.0000	0.0000	0.0000	0.0000	0.0000	0.0000	0.0002	0.0001	0.0000	0.0001	0.0001	0.0000	0.0000	0.0000	0.0000	0.0606	0.0528	0.0077	0.0091	0.0085	0.0006	0.0515	0.0443	0.0072	0.0646	0.0402	0.0243	0.0179	0.0168	0.0011	0.0466	0.0234	0.0232	0.0729	0.0270	1.3319	0.1912	0.0915	40.0801	0.0013	0.0000	0.0167	0.0024	0.0035	0.0005	0.0060	0.0064	0.0002	0.0010	0.0014	0.0006
23	82	0.1373	10	0	1	0	0	0	0	0	0	N	N	N	N	N	N	N	N	N	N	N	N	4.9120	6.7462	0.0010	19.7988	20.2226	0.0409	0.0001	inf	0.0000	0.0167	0.0191	0.0000	0.1252	0.1340	0.0001	0.0000	0.0000	0.0000	0.0034	0.0028	0.0043	0.0063	0.0066	0.0015	0.0022	0.0000	0.0044	0.0000	0.9248	-0.0002	-0.0000	4.1010	1.0114	9.0979	0.0202	0.0005	0.0005	0.0000	0.0005	0.0005	0.0000	0.0000	0.0000	0.0000	0.0001	0.0000	0.0000	0.0000	0.0000	0.0000	0.0000	0.0000	0.0000	0.0311	0.0271	0.0040	0.0041	0.0039	0.0003	0.0270	0.0232	0.0037	0.0233	0.0145	0.0088	0.0066	0.0062	0.0004	0.0167	0.0083	0.0084	4.9120	6.7462	0.0010	19.7988	20.2226	0.0409	0.0001	inf	0.0000	0.0034	0.0028	0.0043	0.0063	0.0066	0.0015	0.0022	0.0000	0.0044
23	83	0.1168	9	0	1	0	0	0	0	0	0	N	N	N	N	N	N	N	N	N	N	N	N	11.4667	83.6331	0.5389	166.0445	195.9243	0.0032	0.1946	1669.0778	0.5726	0.1911	0.2139	0.0210	1.0709	1.1313	0.0001	0.0040	0.0012	0.0228	0.0167	0.0026	0.0390	0.0064	0.0058	0.0184	0.0208	0.0000	0.0399	0.0132	9.6209	-0.0141	0.0014	4.1010	5.9223	9.0979	3.6882	0.0384	0.0379	0.0005	0.0378	0.0378	0.0000	0.0007	0.0002	0.0005	0.0038	0.0004	0.0034	0.0004	0.0004	0.0001	0.0034	0.0000	0.0034	0.2012	0.1774	0.0238	0.0353	0.0334	0.0019	0.1659	0.1440	0.0219	0.2279	0.1398	0.0881	0.0654	0.0619	0.0035	0.1625	0.0779	0.0846	11.4667	83.6331	0.5389	166.0445	195.9243	0.0032	0.1946	1669.0778	0.5726	0.0167	0.0026	0.0390	0.0064	0.0058	0.0184	0.0208	0.0000	0.0399
23	86	0.1120	4	0	1	1	0	0	0	0	0	N	N	N	N	N	N	N	N	N	N	N	N	0.0071	0.0050	0.0344	0.0494	0.0465	1.8934	0.0053	0.0029	0.0068	0.0186	0.0211	0.0008	0.0149	0.0155	0.0067	0.0194	0.0225	0.0002	2.6076	4.2215	0.0231	0.3017	0.3329	0.0035	3.6878	7.6565	0.0248	0.0054	0.0034	-0.0013	-0.4489	4.1010	5.3425	9.0979	7.0749	0.0034	0.0034	0.0000	0.0005	0.0005	0.0000	0.0029	0.0029	0.0000	0.8319	0.8291	0.0028	0.0307	0.0307	0.0000	0.8012	0.7984	0.0028	0.1833	0.1605	0.0228	0.0339	0.0317	0.0022	0.1494	0.1288	0.0206	0.3190	0.1964	0.1226	0.1018	0.0921	0.0097	0.2173	0.1043	0.1130	0.0071	0.0050	0.0344	0.0494	0.0465	1.8934	0.0053	0.0029	0.0068	2.6076	4.2215	0.0231	0.3017	0.3329	0.0035	3.6878	7.6565	0.0248
23	87	0.0688	3	0	1	0	0	0	0	0	0	N	N	N	N	N	N	N	N	N	N	N	N	2.0062	4.7298	0.0004	0.4033	0.4472	0.0065	2.1789	17.8549	0.0003	3.1282	3.7069	0.0010	0.4236	0.4835	0.0013	4.0883	4.9101	0.0009	1.5593	0.7837	2.6602	1.0502	1.0812	0.1997	1.8763	0.2750	2.7432	0.0000	2.3913	-0.3984	0.2413	4.1010	7.0719	9.0979	13.7350	1.0457	1.0456	0.0001	0.0371	0.0371	0.0000	1.0086	1.0086	0.0000	1.4878	0.4387	1.0491	0.3845	0.3819	0.0026	1.1033	0.0568	1.0465	0.3343	0.2821	0.0522	0.0876	0.0767	0.0109	0.2467	0.2054	0.0413	0.9541	0.5598	0.3944	0.3661	0.3532	0.0129	0.5880	0.2065	0.3815	2.0062	4.7298	0.0004	0.4033	0.4472	0.0065	2.1789	17.8549	0.0003	1.5593	0.7837	2.6602	1.0502	1.0812	0.1997	1.8763	0.2750	2.7432
23	88	0.1719	15	1	1	1	0	0	0	0	0	N	N	N	N	N	N	N	N	N	N	N	N	0.0000	0.0000	0.0000	0.0000	0.0000	0.0000	0.0000	0.0000	0.0000	0.0000	0.0000	0.0000	0.0000	0.0000	0.0000	0.0000	0.0000	0.0000	0.0000	0.0000	4.1010	0.0000	9.0979	0.0000	0.0000	0.0000	0.0000	0.0000	0.0000	0.0000	0.0000	0.0000	0.0000	0.0000	0.0000	0.0000	0.0000	0.0000	0.0000	0.0000	0.0000	0.0000	0.0000	0.0000	0.0000	0.0000	0.0000	0.0000	0.0000	0.0000	0.0000	0.0000	0.0000	0.0000	0.0000	0.0000	0.0000	0.0000	0.0000	0.0000	0.0000	0.0000	0.0000	0.0000	0.0000	0.0000	0.0000	0.0000	0.0000	0.0000	0.0000	0.0000	0.0000	0.0000	0.0000	0.0000	0.0000	0.0000											
23	89	0.1699	14	1	1	1	0	0	0	0	0	N	N	N	N	N	N	N	N	N	N	N	N	0.0000	0.0000	0.0000	0.0000	0.0000	0.0000	0.0000	0.0000	0.0000	0.0000	0.0000	0.0000	0.0000	0.0000	0.0000	0.0000	0.0000	0.0000	0.0041	0.0024	0.0076	0.0042	0.0000	0.1186	0.0040	0.0051	0.0029	1.5251	0.0000	0.0000	4.1010	0.0001	9.0979	0.9161	0.0000	0.0000	0.0000	0.0000	0.0000	0.0000	0.0000	0.0000	0.0000	0.0001	0.0000	0.0001	0.0000	0.0000	0.0000	0.0001	0.0000	0.0000	0.0000	0.0000	0.0000	0.0000	0.0000	0.0000	0.0000	0.0000	0.0000	0.0309	0.0209	0.0100	0.0115	0.0111	0.0004	0.0194	0.0098	0.0096	0.0000	0.0000	0.0000	0.0000	0.0000	0.0000	0.0000	0.0000	0.0000	0.0041	0.0024	0.0076	0.0042	0.0000	0.1186	0.0040	0.0051	0.0029	
23	90	0.1452	13	1	1	1	0	0	0	0	0	N	N	N	N	N	N	N	N	N	N	N	N	0.0000	0.0000	0.0000	0.0123	0.0128	0.0000	0.0000	0.0000	0.0000	0.0000	0.0000	0.0000	0.0001	0.0001	0.0000	0.0000	0.0000	0.0000	3.9761	6.2337	0.0005	0.0111	0.0114	0.0054	5.7440	11.4295	0.0003	0.0000	0.0000	-0.0000	-0.5411	4.1010	3.7876	9.0979	7.8440	0.0000	0.0000	0.0000	0.0000	0.0000	0.0000	0.0000	0.0000	0.0000	0.9966	0.9965	0.0000	0.0009	0.0008	0.0000	0.9957	0.9957	0.0000	0.1223	0.1069	0.0153	0.0202	0.0189	0.0013	0.1020	0.0881	0.0140	0.2506	0.1599	0.0908	0.0773	0.0727	0.0045	0.1734	0.0871	0.0862	0.0000	0.0000	0.0000	0.0123	0.0128	0.0000	0.0000	0.0000	0.0000	3.9761	6.2337	0.0005	0.0111	0.0114	0.0054	5.7440	11.4295	0.0003
23	91	0.0769	5	0	2	0	1	0	0	0	0	N	Y	N	N	N	N	N	N	N	N	N	N	0.8279	0.3461	2.0245	1.3715	0.5693	6.7941	0.7574	0.0064	1.9562	0.1886	0.0055	1.0754	0.0552	0.0184	1.6112	0.2345	0.0000	1.0562	0.2278	0.0160	0.5312	0.0403	0.0323	0.2372	0.3096	0.0000	0.5399	40.0894	23.1783	0.0100	0.0456	4.1010	1.8247	9.0979	16.3284	0.0168	0.0004	0.0164	0.0013	0.0004	0.0008	0.0155	0.0000	0.0155	0.1097	0.0045	0.1052	0.0059	0.0045	0.0014	0.1038	0.0000	0.1038	0.0890	0.0738	0.0152	0.0228	0.0222	0.0005	0.0662	0.0515	0.0147	0.4816	0.2836	0.1980	0.1462	0.1405	0.0057	0.3354	0.1431	0.1923	0.8279	0.3461	2.0245	1.3715	0.5693	6.7941	0.7574	0.0064	1.9562	0.2278	0.0160	0.5312	0.0403	0.0323	0.2372	0.3096	0.0000	0.5399
23	92	0.0664	4	0	2	0	0	0	0	0	0	N	Y	N	N	N	N	N	N	N	N	N	N	10.8057	7.4246	283.2556	0.0690	0.0668	3967.3007	9480.0195	553179.3691	284.1290	3.3724	3.8981	0.2208	0.0934	0.0956	0.0385	3.9368	4.6480	0.2284	0.3121	0.5250	0.0008	1.3550	1.4318	0.0000	0.0004	0.0000	0.0008	0.0095	0.0010	-0.3767	-0.0854	4.1010	9.1310	9.0979	16.1726	1.0133	1.0038	0.0095	0.0041	0.0041	0.0001	1.0092	0.9998	0.0094	0.1576	0.1574	0.0002	0.1574	0.1574	0.0000	0.0002	0.0000	0.0002	0.3005	0.2575	0.0430	0.0441	0.0424	0.0017	0.2564	0.2151	0.0413	0.5048	0.2998	0.2050	0.1162	0.1099	0.0062	0.3887	0.1899	0.1988	10.8057	7.4246	283.2556	0.0690	0.0668	3967.3007	9480.0195	553179.3691	284.1290	0.3121	0.5250	0.0008	1.3550	1.4318	0.0000	0.0004	0.0000	0.0008
23	93	0.1514	10	0	2	0	0	0	0	0	0	N	Y	N	N	N	N	N	N	N	N	N	N	1.2479	1.0217	0.0000	2.5773	2.5913	0.0000	0.0024	0.4173	0.0000	0.0065	0.0075	0.0000	0.0362	0.0381	0.0000	0.0000	0.0000	0.0000	0.0052	0.0073	0.0011	0.0140	0.0147	0.0060	0.0003	0.0000	0.0007	0.0000	0.0767	-0.0003	-0.0007	4.1010	4.0959	9.0979	8.7137	0.0009	0.0009	0.0000	0.0009	0.0009	0.0000	0.0000	0.0000	0.0000	0.0016	0.0015	0.0001	0.0015	0.0015	0.0000	0.0001	0.0000	0.0001	0.1320	0.1150	0.0170	0.0237	0.0225	0.0012	0.1083	0.0925	0.0158	0.3023	0.2003	0.1020	0.1078	0.0995	0.0084	0.1945	0.1008	0.0936	1.2479	1.0217	0.0000	2.5773	2.5913	0.0000	0.0024	0.4173	0.0000	0.0052	0.0073	0.0011	0.0140	0.0147	0.0060	0.0003	0.0000	0.0007
23	94	0.1331	9	0	2	0	0	0	0	0	0	N	Y	N	N	N	N	N	N	N	N	N	N	0.0135	0.0139	0.0000	0.0198	0.0212	0.0000	0.0122	0.0609	0.0000	0.0000	0.0000	0.0000	0.0001	0.0001	0.0000	0.0000	0.0000	0.0000	0.0017	0.0019	0.0014	0.0040	0.0039	0.0055	0.0006	0.0001	0.0011	0.0000	0.3704	-0.0000	-0.0001	4.1010	2.9443	9.0979	6.1524	0.0000	0.0000	0.0000	0.0000	0.0000	0.0000	0.0000	0.0000	0.0000	0.0003	0.0003	0.0001	0.0003	0.0002	0.0000	0.0001	0.0000	0.0001	0.1001	0.0870	0.0131	0.0221	0.0211	0.0010	0.0781	0.0659	0.0121	0.1989	0.1299	0.0691	0.0652	0.0613	0.0039	0.1337	0.0685	0.0652	0.0135	0.0139	0.0000	0.0198	0.0212	0.0000	0.0122	0.0609	0.0000	0.0017	0.0019	0.0014	0.0040	0.0039	0.0055	0.0006	0.0001	0.0011
23	95	0.1307	8	0	1	0	0	0	0	0	0	N	N	N	N	N	N	N	N	N	N	N	N	0.0010	0.0000	0.0100	0.0000	0.0000	0.0000	0.0037	0.0000	0.0121	0.0000	0.0000	0.0000	0.0000	0.0000	0.0000	0.0000	0.0000	0.0000	0.0035	0.0038	0.0027	0.0072	0.0070	0.0110	0.0012	0.0000	0.0024	inf	0.3327	0.0000	-0.0001	4.1010	0.8596	9.0979	1.2300	0.0000	0.0000	0.0000	0.0000	0.0000	0.0000	0.0000	0.0000	0.0000	0.0003	0.0002	0.0001	0.0002	0.0002	0.0000	0.0001	0.0000	0.0001	0.0288	0.0252	0.0037	0.0061	0.0058	0.0003	0.0227	0.0193	0.0034	0.0748	0.0512	0.0235	0.0285	0.0276	0.0009	0.0462	0.0236	0.0227	0.0010	0.0000	0.0100	0.0000	0.0000	0.0000	0.0037	0.0000	0.0121	0.0035	0.0038	0.0027	0.0072	0.0070	0.0110	0.0012	0.0000	0.0024
23	96	0.1188	7	0	1	0	0	0	0	0	0	N	N	N	N	N	N	N	N	N	N	N	N	0.0342	0.0218	0.4473	0.0076	0.0075	0.0107	0.9367	112.2098	0.6685	0.0006	0.0006	0.0009	0.0004	0.0004	0.0002	0.0007	0.0007	0.0009	0.0179	0.0265	0.0020	0.0493	0.0506	0.0165	0.0007	0.0000	0.0014	0.1968	0.0406	-0.0000	-0.0017	4.1010	3.7737	9.0979	2.5241	0.0001	0.0001	0.0000	0.0000	0.0000	0.0000	0.0001	0.0001	0.0000	0.0034	0.0033	0.0001	0.0033	0.0033	0.0000	0.0001	0.0000	0.0001	0.1606	0.1423	0.0182	0.0419	0.0405	0.0014	0.1186	0.1018	0.0168	0.1895	0.1228	0.0666	0.0668	0.0643	0.0025	0.1226	0.0585	0.0641	0.0342	0.0218	0.4473	0.0076	0.0075	0.0107	0.9367	112.2098	0.6685	0.0179	0.0265	0.0020	0.0493	0.0506	0.0165	0.0007	0.0000	0.0014
23	97	0.0980	6	0	1	0	0	0	0	0	0	N	N	N	N	N	N	N	N	N	N	N	N	9.5399	7.3158	20.8498	0.8383	0.8109	2.4921	34.9492	13195.5042	22.2061	0.2638	0.2496	0.3546	0.0657	0.0656	0.0671	0.2934	0.2802	0.3697	0.0277	0.0341	0.0170	0.0784	0.0809	0.0269	0.0084	0.0000	0.0167	0.2216	0.3029	-0.0107	-0.0022	4.1010	6.4922	9.0979	4.5502	0.0535	0.0438	0.0097	0.0017	0.0016	0.0001	0.0518	0.0422	0.0096	0.0071	0.0055	0.0017	0.0055	0.0055	0.0001	0.0016	0.0000	0.0016	0.2029	0.1755	0.0274	0.0264	0.0250	0.0014	0.1765	0.1505	0.0260	0.2571	0.1599	0.0972	0.0708	0.0674	0.0033	0.1863	0.0925	0.0938	9.5399	7.3158	20.8498	0.8383	0.8109	2.4921	34.9492	13195.5042	22.2061	0.0277	0.0341	0.0170	0.0784	0.0809	0.0269	0.0084	0.0000	0.0167
23	98	0.1452	13	0	2	0	0	0	0	0	0	N	Y	N	N	N	N	N	N	N	N	N	N	0.0001	0.0107	0.0000	0.0137	0.0146	0.0000	0.0000	8.7196	0.0000	0.0001	0.0001	0.0000	0.0002	0.0002	0.0000	0.0000	0.0000	0.0000	0.4565	0.0071	1.2439	0.0158	0.0158	0.0163	0.6508	0.0000	1.3092	0.0000	99.5836	-0.0000	0.0583	4.1010	1.3608	9.0979	12.1483	0.0000	0.0000	0.0000	0.0000	0.0000	0.0000	0.0000	0.0000	0.0000	0.1304	0.0013	0.1291	0.0014	0.0013	0.0001	0.1290	0.0000	0.1290	0.0504	0.0445	0.0059	0.0128	0.0120	0.0008	0.0376	0.0325	0.0051	0.2856	0.1818	0.1038	0.0874	0.0822	0.0052	0.1982	0.0997	0.0985	0.0001	0.0107	0.0000	0.0137	0.0146	0.0000	0.0000	8.7196	0.0000	0.4565	0.0071	1.2439	0.0158	0.0158	0.0163	0.6508	0.0000	1.3092
23	99	0.1415	12	0	1	0	0	0	0	0	0	N	N	N	N	N	N	N	N	N	N	N	N	0.0324	0.0302	0.0018	1.9564	2.2481	0.0004	0.0046	0.0033	0.0020	0.0009	0.0010	0.0000	0.0035	0.0039	0.0000	0.0002	0.0002	0.0000	0.0269	0.0331	0.0154	0.0018	0.0017	0.0033	0.0392	0.0621	0.0160	0.0041	0.2521	-0.0000	-0.0005	4.1010	1.5300	9.0979	0.7696	0.0000	0.0000	0.0000	0.0000	0.0000	0.0000	0.0000	0.0000	0.0000	0.0015	0.0012	0.0003	0.0000	0.0000	0.0000	0.0015	0.0012	0.0003	0.0568	0.0494	0.0075	0.0118	0.0108	0.0010	0.0450	0.0386	0.0064	0.0574	0.0372	0.0201	0.0188	0.0179	0.0009	0.0386	0.0194	0.0192	0.0324	0.0302	0.0018	1.9564	2.2481	0.0004	0.0046	0.0033	0.0020	0.0269	0.0331	0.0154	0.0018	0.0017	0.0033	0.0392	0.0621	0.0160
23	100	0.1326	11	0	1	0	0	0	0	0	0	N	N	N	N	N	N	N	N	N	N	N	N	24.1215	18.1038	0.0000	66.6037	66.1996	0.0000	0.0315	0.0391	0.0000	0.0901	0.1034	0.0000	0.7870	0.8365	0.0000	0.0000	0.0000	0.0000	0.0037	0.0057	0.0003	0.0118	0.0126	0.0013	0.0003	0.0002	0.0003	0.0000	0.0351	-0.0039	-0.0002	4.1010	3.6906	9.0979	1.4800	0.0102	0.0102	0.0000	0.0102	0.0102	0.0000	0.0000	0.0000	0.0000	0.0004	0.0004	0.0000	0.0004	0.0004	0.0000	0.0000	0.0000	0.0000	0.1127	0.0982	0.0145	0.0129	0.0121	0.0008	0.0998	0.0861	0.0137	0.1137	0.0718	0.0419	0.0342	0.0317	0.0025	0.0795	0.0401	0.0394	24.1215	18.1038	0.0000	66.6037	66.1996	0.0000	0.0315	0.0391	0.0000	0.0037	0.0057	0.0003	0.0118	0.0126	0.0013	0.0003	0.0002	0.0003
23	101	0.1326	10	0	1	0	0	0	0	0	0	N	N	N	N	N	N	N	N	N	N	N	N	0.0265	0.0370	0.0043	0.0577	0.0545	0.0107	0.0056	0.2104	0.0042	0.0012	0.0013	0.0003	0.0035	0.0036	0.0000	0.0002	0.0002	0.0003	0.0438	0.0341	0.0619	0.0605	0.0652	0.0039	0.0342	0.0009	0.0669	0.0233	0.9713	-0.0000	-0.0000	4.1010	0.1361	9.0979	0.4500	0.0000	0.0000	0.0000	0.0000	0.0000	0.0000	0.0000	0.0000	0.0000	0.0008	0.0004	0.0004	0.0004	0.0004	0.0000	0.0004	0.0000	0.0004	0.0077	0.0069	0.0008	0.0023	0.0022	0.0000	0.0054	0.0047	0.0007	0.0172	0.0112	0.0060	0.0063	0.0058	0.0005	0.0110	0.0054	0.0055	0.0265	0.0370	0.0043	0.0577	0.0545	0.0107	0.0056	0.2104	0.0042	0.0438	0.0341	0.0619	0.0605	0.0652	0.0039	0.0342	0.0009	0.0669
23	102	0.1168	9	0	1	0	0	0	0	0	0	N	N	N	N	N	N	N	N	N	N	N	N	0.0045	0.0031	0.0069	0.0055	0.0055	0.0000	0.2018	93.9928	0.0073	0.0034	0.0038	0.0000	0.0141	0.0148	0.0000	0.0004	0.0004	0.0000	0.7468	1.2155	0.0036	2.5565	2.6959	0.0006	0.0019	0.0000	0.0037	0.0008	0.0019	-0.0002	-0.0797	4.1010	3.5591	9.0979	4.5341	0.0005	0.0005	0.0000	0.0004	0.0004	0.0000	0.0000	0.0000	0.0000	0.1473	0.1471	0.0003	0.1471	0.1471	0.0000	0.0003	0.0000	0.0003	0.1335	0.1186	0.0149	0.0291	0.0277	0.0014	0.1044	0.0909	0.0135	0.1973	0.1210	0.0763	0.0575	0.0546	0.0030	0.1398	0.0664	0.0733	0.0045	0.0031	0.0069	0.0055	0.0055	0.0000	0.2018	93.9928	0.0073	0.7468	1.2155	0.0036	2.5565	2.6959	0.0006	0.0019	0.0000	0.0037
23	103	0.0951	8	0	1	0	0	0	0	0	0	N	N	N	N	N	N	N	N	N	N	N	N	1.2058	0.8613	1.6673	1.0901	1.0794	0.1723	9.1312	109.4588	1.8259	0.0822	0.0965	0.0045	0.2903	0.3033	0.0009	0.0129	0.0149	0.0048	0.0681	0.1120	0.0027	0.2663	0.2810	0.0053	0.0014	0.0001	0.0026	0.0086	0.0161	-0.0037	-0.0089	4.1010	2.8937	9.0979	8.0733	0.0100	0.0099	0.0001	0.0088	0.0088	0.0000	0.0012	0.0011	0.0001	0.0169	0.0166	0.0003	0.0166	0.0166	0.0000	0.0003	0.0000	0.0002	0.1218	0.1028	0.0190	0.0304	0.0291	0.0013	0.0914	0.0737	0.0176	0.2473	0.1481	0.0993	0.0623	0.0590	0.0033	0.1850	0.0891	0.0959	1.2058	0.8613	1.6673	1.0901	1.0794	0.1723	9.1312	109.4588	1.8259	0.0681	0.1120	0.0027	0.2663	0.2810	0.0053	0.0014	0.0001	0.0026
23	104	0.1529	8	0	2	0	0	0	0	0	0	N	Y	N	N	N	N	N	N	N	N	N	N	1.2256	1.0499	4.5910	1.0138	1.0261	0.0218	36.2295	257.5033	9.7625	0.0280	0.0315	0.0070	0.0557	0.0588	0.0002	0.0128	0.0139	0.0080	0.0229	0.0300	0.0015	0.0549	0.0573	0.0092	0.0004	0.0001	0.0008	0.0361	0.0168	-0.0000	-0.0007	4.1010	0.0277	9.0979	1.3445	0.0000	0.0000	0.0000	0.0000	0.0000	0.0000	0.0000	0.0000	0.0000	0.0013	0.0013	0.0000	0.0013	0.0013	0.0000	0.0000	0.0000	0.0000	0.0015	0.0013	0.0002	0.0005	0.0005	0.0000	0.0010	0.0008	0.0002	0.0557	0.0418	0.0139	0.0230	0.0219	0.0012	0.0327	0.0200	0.0127	1.2256	1.0499	4.5910	1.0138	1.0261	0.0218	36.2295	257.5033	9.7625	0.0229	0.0300	0.0015	0.0549	0.0573	0.0092	0.0004	0.0001	0.0008
23	105	0.1062	7	0	2	0	0	0	0	0	0	N	Y	N	N	N	N	N	N	N	N	N	N	6.7428	4.3460	59.1957	0.7451	0.7532	0.0019	116.2058	287.0826	74.0492	0.1473	0.1456	0.1587	0.0596	0.0627	0.0000	0.1658	0.1650	0.1701	0.0218	0.0335	0.0027	0.0800	0.0833	0.0141	0.0014	0.0006	0.0023	0.1606	0.0487	-0.0059	-0.0047	4.1010	5.1414	9.0979	16.4151	0.0243	0.0209	0.0034	0.0017	0.0017	0.0000	0.0225	0.0192	0.0034	0.0095	0.0091	0.0004	0.0091	0.0090	0.0001	0.0005	0.0001	0.0004	0.1647	0.1435	0.0212	0.0287	0.0273	0.0014	0.1360	0.1162	0.0197	0.4361	0.2711	0.1650	0.1133	0.1079	0.0054	0.3228	0.1632	0.1596	6.7428	4.3460	59.1957	0.7451	0.7532	0.0019	116.2058	287.0826	74.0492	0.0218	0.0335	0.0027	0.0800	0.0833	0.0141	0.0014	0.0006	0.0023
23	106	0.0980	6	0	1	0	0	0	0	0	0	N	N	N	N	N	N	N	N	N	N	N	N	0.2817	1.7076	0.2355	4.3498	5.0509	0.0747	0.0929	1.0126	0.2425	0.0169	0.0140	0.0352	0.0745	0.0784	0.0043	0.0073	0.0020	0.0370	0.0599	0.0082	0.1495	0.0171	0.0155	0.0574	0.0785	0.0020	0.1525	0.4004	10.5575	-0.0002	0.0033	4.1010	3.8974	9.0979	1.6364	0.0021	0.0015	0.0006	0.0014	0.0013	0.0000	0.0008	0.0002	0.0006	0.0090	0.0008	0.0082	0.0008	0.0007	0.0001	0.0082	0.0001	0.0081	0.1271	0.1096	0.0174	0.0181	0.0172	0.0009	0.1089	0.0925	0.0165	0.1496	0.0948	0.0548	0.0452	0.0435	0.0017	0.1044	0.0513	0.0530	0.2817	1.7076	0.2355	4.3498	5.0509	0.0747	0.0929	1.0126	0.2425	0.0599	0.0082	0.1495	0.0171	0.0155	0.0574	0.0785	0.0020	0.1525
23	107	0.0769	5	0	1	0	0	0	0	0	0	N	N	N	N	N	N	N	N	N	N	N	N	0.2948	14.7200	0.0526	8.2441	16.1309	0.0293	0.0376	53.3800	0.0528	0.1119	0.1290	0.0471	0.2445	0.2479	0.0206	0.0211	0.0071	0.0479	0.3795	0.0088	0.8962	0.0297	0.0154	0.7016	0.5599	0.0001	0.9064	0.0968	73.3639	-0.0015	0.0564	4.1010	0.3701	9.0979	9.6236	0.0050	0.0046	0.0004	0.0045	0.0045	0.0000	0.0006	0.0001	0.0004	0.1272	0.0017	0.1255	0.0034	0.0017	0.0017	0.1238	0.0000	0.1238	0.0451	0.0357	0.0095	0.0183	0.0181	0.0003	0.0268	0.0176	0.0092	0.3352	0.1952	0.1400	0.1140	0.1106	0.0034	0.2212	0.0846	0.1366	0.2948	14.7200	0.0526	8.2441	16.1309	0.0419	0.0376	53.3800	0.0528	0.3795	0.0088	0.8962	0.0297	0.0154	0.4903	0.5599	0.0001	0.9064
23	108	0.0664	4	0	1	0	0	0	0	0	0	N	N	N	N	N	N	N	N	N	N	N	N	0.0186	2.8695	0.0126	1.9767	4.2754	0.3902	0.0106	0.0493	0.0137	0.1555	0.1015	0.3608	0.2114	0.2055	0.6075	0.1191	0.0013	0.3537	8.3624	0.0354	28.6772	0.1069	0.0481	1.5567	11.1927	0.0264	25.8546	0.9352	399.0972	0.0008	0.4818	4.1010	0.4415	9.0979	4.8853	0.0075	0.0039	0.0036	0.0040	0.0038	0.0002	0.0035	0.0000	0.0035	1.0599	0.0026	1.0572	0.0035	0.0015	0.0020	1.0564	0.0012	1.0553	0.0482	0.0382	0.0100	0.0190	0.0187	0.0003	0.0292	0.0194	0.0098	0.1267	0.0749	0.0518	0.0324	0.0309	0.0014	0.0944	0.0440	0.0504	0.0186	2.8695	0.0177	1.9767	4.2754	0.4444	0.0106	0.0493	0.0169	8.3624	0.0354	20.4018	0.1069	0.0481	1.3669	11.1927	0.0264	20.9477
23	109	0.1254	9	1	2	0	1	0	0	0	0	N	Y	N	N	N	N	N	N	N	N	N	N	0.0000	0.0000	0.0000	0.0000	0.0000	0.0000	0.0000	0.0000	0.0000	0.0000	0.0000	0.0000	0.0000	0.0000	0.0000	0.0000	0.0000	0.0000	0.0000	0.0000	4.1010	0.0000	9.0979	0.0000	0.0000	0.0000	0.0000	0.0000	0.0000	0.0000	0.0000	0.0000	0.0000	0.0000	0.0000	0.0000	0.0000	0.0000	0.0000	0.0000	0.0000	0.0000	0.0000	0.0000	0.0000	0.0000	0.0000	0.0000	0.0000	0.0000	0.0000	0.0000	0.0000	0.0000	0.0000	0.0000	0.0000	0.0000	0.0000	0.0000	0.0000	0.0000	0.0000	0.0000	0.0000	0.0000	0.0000	0.0000	0.0000	0.0000	0.0000	0.0000	0.0000	0.0000	0.0000	0.0000	0.0000	0.0000											
23	110	0.1104	8	1	2	0	1	0	0	0	0	N	Y	N	N	N	N	N	N	N	N	N	N	0.0000	0.0000	0.0000	0.0000	0.0000	0.0000	0.0000	0.0000	0.0000	0.0000	0.0000	0.0000	0.0000	0.0000	0.0000	0.0000	0.0000	0.0000	0.0111	0.0142	0.0065	0.0394	0.0329	0.1162	0.0002	0.0000	0.0003	0.3119	0.0000	-0.0006	4.1010	0.0000	9.0979	7.1240	0.0000	0.0000	0.0000	0.0000	0.0000	0.0000	0.0000	0.0000	0.0000	0.0018	0.0014	0.0004	0.0018	0.0014	0.0004	0.0000	0.0000	0.0000	0.0000	0.0000	0.0000	0.0000	0.0000	0.0000	0.0000	0.0000	0.0000	0.1627	0.0969	0.0657	0.0454	0.0419	0.0035	0.1173	0.0551	0.0622	0.0000	0.0000	0.0000	0.0000	0.0000	0.0000	0.0000	0.0000	0.0000	0.0111	0.0142	0.0065	0.0394	0.0329	0.1162	0.0002	0.0000	0.0003	
23	111	0.1194	10	0	2	0	1	0	0	0	0	N	Y	N	N	N	N	N	N	N	N	N	N	0.0005	0.0000	214474.6550	0.0000	0.0000	0.0006	0.0000	205412.7051	0.0045	0.0000	0.0521	0.0000	0.0000	0.0000	0.0073	0.0000	0.0533	8.8863	14.7323	0.0000	0.0133	0.0147	0.0000	12.5491	26.1183	0.0000	inf	0.0000	0.0000	-0.5409	4.1010	0.0016	9.0979	5.0076	0.0000	0.0000	0.0000	0.0000	0.0000	0.0000	0.0000	0.0000	0.0000	0.9962	0.9962	0.0000	0.0004	0.0004	0.0000	0.9958	0.9958	0.0000	0.0002	0.0002	0.0000	0.0001	0.0001	0.0000	0.0001	0.0001	0.0000	0.1121	0.0676	0.0445	0.0328	0.0295	0.0033	0.0794	0.0381	0.0412	0.0005	0.0000	214474.6550	0.0000	0.0000	0.0000	0.0006	0.0000	205412.7051	8.8863	14.7323	0.0000	0.0133	0.0147	0.0000	12.5491	26.1183	0.0000	
23	112	0.1125	9	0	2	0	1	0	0	0	0	N	Y	N	N	N	N	N	N	N	N	N	N	0.0007	0.0004	0.0000	0.0027	0.0027	0.0000	0.0000	0.0000	0.0000	0.0000	0.0000	0.0002	0.0002	0.0000	0.0000	0.0000	0.0000	0.0374	0.0630	0.0000	0.0748	0.0809	0.0000	0.0216	0.0476	0.0000	0.0000	0.0003	-0.0000	-0.0016	4.1010	1.0012	9.0979	2.1373	0.0000	0.0000	0.0000	0.0000	0.0000	0.0000	0.0000	0.0000	0.0000	0.0029	0.0029	0.0000	0.0017	0.0017	0.0000	0.0012	0.0012	0.0000	0.0300	0.0261	0.0039	0.0036	0.0034	0.0002	0.0264	0.0227	0.0037	0.0774	0.0459	0.0315	0.0230	0.0212	0.0017	0.0545	0.0247	0.0298	0.0007	0.0004	0.0000	0.0027	0.0027	0.0000	0.0000	0.0000	0.0000	0.0374	0.0630	0.0000	0.0748	0.0809	0.0000	0.0216	0.0476	0.0000	
23	113	0.1209	9	0	2	0	0	0	0	0	0	N	Y	N	N	N	N	N	N	N	N	N	N	0.0000	0.0000	0.0000	0.0000	0.0000	0.0000	0.0000	0.0000	0.0000	0.0000	0.0000	0.0000	0.0000	0.0000	0.0000	0.0000	0.0000	0.0000	0.0710	0.1179	0.0001	0.0529	0.0578	0.0005	0.0783	0.1649	0.0001	0.0008	0.0000	-0.0051	4.1010	0.9705	9.0979	5.0371	0.0000	0.0000	0.0000	0.0000	0.0000	0.0000	0.0000	0.0000	0.0000	0.0093	0.0093	0.0000	0.0020	0.0020	0.0000	0.0073	0.0073	0.0000	0.0340	0.0299	0.0042	0.0066	0.0063	0.0003	0.0274	0.0235	0.0039	0.1315	0.0791	0.0525	0.0379	0.0347	0.0033	0.0936	0.0444	0.0492	0.0000	0.0000	0.0000	0.0000	0.0000	0.0000	0.0000	0.0000	0.0000	0.0710	0.1179	0.0001	0.0529	0.0578	0.0005	0.0783	0.1649	0.0001	
23	114	0.1125	9	0	1	1	1	0	0	0	0	N	N	N	N	N	N	N	N	N	N	N	N	0.0000	0.0000	0.0000	0.0000	0.0000	0.0000	0.0000	0.0000	0.0000	0.0000	0.0000	0.0000	0.0000	0.0040	0.0068	0.0000	0.0121	0.0129	0.0000	0.0000	0.0000	0.0000	0.0000	0.0000	-0.0001	4.1010	0.0000	9.0979	1.1303	0.0000	0.0000	0.0000	0.0000	0.0000	0.0000	0.0000	0.0000	0.0000	0.0001	0.0001	0.0000	0.0001	0.0001	0.0000	0.0000	0.0000	0.0000	0.0000	0.0000	0.0000	0.0000	0.0000	0.0000	0.0000	0.0000	0.0000	0.0330	0.0193	0.0137	0.0108	0.0101	0.0006	0.0222	0.0092	0.0130	0.0000	0.0000	0.0000	0.0000	0.0000	0.0000	0.0000	0.0000	0.0000	0.0040	0.0068	0.0000	0.0121	0.0129	0.0000	0.0000	0.0000	0.0000						
23	115	0.1104	8	0	1	0	1	0	0	0	0	N	N	N	N	N	N	N	N	N	N	N	N	0.0000	0.0000	0.0000	0.0000	0.0000	0.0000	0.0000	0.0000	0.0000	0.0000	0.0000	0.0000	0.0000	0.0000	0.0000	0.0000	0.0000	0.0000	0.2447	0.4104	0.0079	0.1083	0.1145	0.0037	0.3091	0.7709	0.0081	0.0135	0.0000	-0.0046	4.1010	0.0000	9.0979	1.2340	0.0000	0.0000	0.0000	0.0000	0.0000	0.0000	0.0000	0.0000	0.0000	0.0087	0.0086	0.0001	0.0012	0.0012	0.0000	0.0075	0.0074	0.0001	0.0000	0.0000	0.0000	0.0000	0.0000	0.0000	0.0000	0.0000	0.0000	0.0356	0.0209	0.0147	0.0114	0.0108	0.0006	0.0242	0.0102	0.0140	0.0000	0.0000	0.0000	0.0000	0.0000	0.0000	0.0000	0.0000	0.0000	0.2447	0.4104	0.0079	0.1083	0.1145	0.0037	0.3091	0.7245	0.0081	
23	116	0.1179	9	0	1	1	1	0	0	0	0	N	N	N	N	N	N	N	N	N	N	N	N	0.0103	106.4162	0.0000	22.8868	238.7052	0.0000	0.0000	0.0123	0.0000	0.0242	0.0275	0.0000	0.1127	0.1176	0.0000	0.0000	0.0000	0.0000	2.3483	0.0003	5.9434	0.0049	0.0005	0.0710	3.5349	0.0000	6.2751	0.0000	15014.1748	-0.0003	0.0578	4.1010	0.9725	9.0979	0.9874	0.0008	0.0008	0.0000	0.0008	0.0008	0.0000	0.0000	0.0000	0.0000	0.1265	0.0000	0.1265	0.0001	0.0000	0.0001	0.1264	0.0000	0.1264	0.0326	0.0287	0.0039	0.0070	0.0067	0.0003	0.0256	0.0220	0.0036	0.0539	0.0326	0.0213	0.0181	0.0170	0.0011	0.0357	0.0156	0.0201	0.0103	106.4162	0.0000	22.8868	238.7052	0.0000	0.0000	0.0123	0.0000	2.3483	0.0003	5.9434	0.0049	0.0005	0.0710	3.5349	0.0000	6.2751
23	117	0.1179	9	0	1	1	1	0	0	0	0	N	N	N	N	N	N	N	N	N	N	N	N	0.1266	0.0112	97479.3598	0.1208	0.0242	inf	0.1100	0.0000	43157.2967	0.0080	0.0012	0.0796	0.0119	0.0026	0.5495	0.0052	0.0000	0.0375	0.0632	0.1034	0.0000	0.0983	0.1061	0.0000	0.0471	0.1010	0.0000	6.5413	0.0000	0.0000	-0.0034	4.1010	0.0285	9.0979	4.0215	0.0000	0.0000	0.0000	0.0000	0.0000	0.0000	0.0000	0.0000	0.0000	0.0062	0.0062	0.0000	0.0030	0.0030	0.0000	0.0032	0.0032	0.0000	0.0033	0.0030	0.0003	0.0014	0.0014	0.0000	0.0019	0.0016	0.0003	0.0981	0.0599	0.0382	0.0309	0.0286	0.0023	0.0673	0.0314	0.0359	0.1266	0.0112	97479.3598	0.1208	0.0242	inf	0.1100	0.0000	43157.2967	0.0632	0.1034	0.0000	0.0983	0.1061	0.0000	0.0471	0.1010	0.0000
23	118	0.1104	8	0	1	1	1	0	0	0	0	N	N	N	N	N	N	N	N	N	N	N	N	6.4747	13.7932	0.0000	47.8105	46.8804	0.0000	0.0000	0.0000	0.0000	0.2273	0.2615	0.0000	1.8992	2.0116	0.0000	0.0000	0.0000	0.0000	0.0351	0.0190	0.0588	0.0397	0.0429	0.0007	0.0333	0.0002	0.0621	0.0000	2.1130	-0.0078	0.0006	4.1010	3.0275	9.0979	2.1573	0.0204	0.0204	0.0000	0.0204	0.0204	0.0000	0.0000	0.0000	0.0000	0.0043	0.0014	0.0029	0.0014	0.0014	0.0000	0.0029	0.0000	0.0029	0.0899	0.0781	0.0117	0.0108	0.0102	0.0006	0.0791	0.0680	0.0111	0.1215	0.0723	0.0492	0.0344	0.0318	0.0026	0.0872	0.0405	0.0466	6.4747	13.7932	0.0000	47.8105	46.8804	0.0000	0.0000	0.0000	0.0000	0.0351	0.0190	0.0588	0.0397	0.0429	0.0007	0.0333	0.0002	0.0621
23	119	0.1516	8	1	2	0	0	0	0	0	0	N	Y	N	N	N	N	N	N	N	N	N	N	1.0805	0.8498	0.0000	0.9204	0.9909	0.0000	0.1545	1430.2776	0.0000	0.0380	0.0438	0.0000	0.0971	0.1110	0.0000	0.0006	0.0006	0.0000	0.0352	0.0515	0.0069	0.1055	0.1120	0.0035	0.0036	0.0000	0.0071	0.0000	0.0780	-0.0013	-0.0020	4.1010	2.1883	9.0979	3.1271	0.0035	0.0035	0.0000	0.0034	0.0034	0.0000	0.0000	0.0000	0.0000	0.0042	0.0039	0.0003	0.0039	0.0039	0.0000	0.0003	0.0000	0.0003	0.0914	0.0793	0.0121	0.0354	0.0310	0.0044	0.0559	0.0483	0.0077	0.1203	0.0762	0.0442	0.0373	0.0351	0.0022	0.0830	0.0411	0.0419	1.0805	0.8498	0.0000	0.9204	0.9909	0.0000	0.1545	1430.2776	0.0000	0.0352	0.0515	0.0069	0.1055	0.1120	0.0035	0.0036	0.0000	0.0071
23	120	0.0847	7	1	2	0	0	0	0	0	0	N	Y	N	N	N	N	N	N	N	N	N	N	4.8033	462.9524	0.0017	17.8496	17.6409	52.8150	4.3389	71083.7427	0.0017	2.3346	2.6906	0.0021	0.2649	0.2781	0.0018	2.7361	3.2140	0.0021	0.4860	0.0058	1.2133	0.0148	0.0158	0.0000	0.6306	0.0000	1.2571	0.0001	137.8532	-0.3894	0.1283	4.1010	13.6104	9.0979	16.0982	1.0223	1.0221	0.0001	0.0188	0.0188	0.0000	1.0034	1.0033	0.0001	0.2853	0.0021	0.2833	0.0020	0.0020	0.0000	0.2833	0.0000	0.2832	0.4379	0.3799	0.0580	0.0711	0.0677	0.0034	0.3667	0.3122	0.0546	0.5870	0.3535	0.2335	0.1378	0.1297	0.0081	0.4492	0.2239	0.2253	4.8033	462.9524	0.0017	17.8496	17.6409	52.8150	4.3389	71083.7427	0.0017	0.4860	0.0058	1.2133	0.0148	0.0158	0.0000	0.6306	0.0000	1.2571
23	121	0.1100	9	0	2	0	0	0	0	0	0	N	Y	N	N	N	N	N	N	N	N	N	N	0.0981	0.1752	0.1815	0.3377	0.2112	0.3436	0.0979	0.0298	0.1748	0.1222	0.0020	0.5861	0.0243	0.0036	0.7141	0.2029	0.0000	0.5774	1.2461	0.0115	3.2298	0.0721	0.0171	2.0781	2.0719	0.0013	3.3022	75.3488	174.7541	0.0041	0.1606	4.1010	0.3548	9.0979	4.6068	0.0068	0.0001	0.0067	0.0006	0.0001	0.0005	0.0062	0.0000	0.0062	0.3557	0.0020	0.3537	0.0085	0.0019	0.0066	0.3473	0.0001	0.3472	0.0556	0.0441	0.0114	0.0251	0.0244	0.0007	0.0305	0.0198	0.0107	0.2855	0.1760	0.1095	0.1179	0.1135	0.0044	0.1676	0.0625	0.1051	0.0981	0.1752	0.1815	0.3377	0.2112	0.4781	0.0979	0.0298	0.1748	1.2461	0.0115	3.2298	0.0721	0.0171	1.4935	2.0719	0.0013	3.3022
23	122	0.0951	8	0	2	0	0	0	0	0	0	N	Y	N	N	N	N	N	N	N	N	N	N	0.0388	0.2344	0.0819	0.5359	0.5043	0.5871	0.0346	0.0409	0.0814	0.1477	0.0252	0.7634	0.0830	0.0647	0.5256	0.1761	0.0038	0.7821	3.8123	0.1074	9.3217	0.1549	0.1283	0.8952	5.0961	0.0927	9.6130	6.0363	58.3577	0.0061	0.2932	4.1010	1.6911	9.0979	5.7022	0.0128	0.0018	0.0110	0.0022	0.0016	0.0006	0.0106	0.0002	0.0104	0.6661	0.0112	0.6549	0.0070	0.0055	0.0015	0.6591	0.0057	0.6534	0.0868	0.0724	0.0144	0.0265	0.0254	0.0011	0.0603	0.0470	0.0134	0.1747	0.1045	0.0703	0.0454	0.0431	0.0023	0.1293	0.0614	0.0680	0.0388	0.2344	0.0819	0.5359	0.5043	0.8006	0.0346	0.0409	0.0814	3.8123	0.1074	9.3217	0.1549	0.1283	0.6565	5.0961	0.0927	9.6130
23	123	0.0847	7	0	1	0	0	0	0	0	0	N	N	N	N	N	N	N	N	N	N	N	N	1.1661	7.9926	2.2205	19.5891	21.1657	12.2260	0.8276	0.1545	2.2363	0.0870	0.0354	0.4021	0.1013	0.0995	0.1649	0.0806	0.0007	0.4179	0.0746	0.0044	0.1811	0.0052	0.0047	0.0135	0.0974	0.0043	0.1869	1.8604	26.9591	0.0028	0.0038	4.1010	2.0929	9.0979	3.1856	0.0103	0.0036	0.0067	0.0037	0.0036	0.0002	0.0066	0.0000	0.0065	0.0090	0.0003	0.0087	0.0002	0.0001	0.0000	0.0088	0.0002	0.0087	0.1186	0.1019	0.0167	0.0369	0.0359	0.0010	0.0817	0.0661	0.0157	0.1205	0.0726	0.0479	0.0297	0.0281	0.0016	0.0908	0.0445	0.0463	1.1661	7.9926	2.2205	19.5891	21.1657	12.2260	0.8276	0.1545	2.2363	0.0746	0.0044	0.1811	0.0052	0.0047	0.0135	0.0974	0.0043	0.1869
23	124	0.1254	10	1	2	0	0	0	0	0	0	N	Y	N	N	N	N	N	N	N	N	N	N	0.0000	0.0000	0.0000	0.0000	0.0000	0.0000	0.0000	0.0000	0.0000	0.0000	0.0000	0.0000	0.0000	0.0000	0.0000	0.0000	0.0000	0.0000	0.0000	0.0000	4.1010	0.0000	9.0979	0.0000	0.0000	0.0000	0.0000	0.0000	0.0000	0.0000	0.0000	0.0000	0.0000	0.0000	0.0000	0.0000	0.0000	0.0000	0.0000	0.0000	0.0000	0.0000	0.0000	0.0000	0.0000	0.0000	0.0000	0.0000	0.0000	0.0000	0.0000	0.0000	0.0000	0.0000	0.0000	0.0000	0.0000	0.0000	0.0000	0.0000	0.0000	0.0000	0.0000	0.0000	0.0000	0.0000	0.0000	0.0000	0.0000	0.0000	0.0000	0.0000	0.0000	0.0000	0.0000	0.0000	0.0000	0.0000											
23	125	0.1209	9	1	2	0	0	0	0	0	0	N	Y	N	N	N	N	N	N	N	N	N	N	0.0000	0.0000	0.0000	0.0000	0.0000	0.0000	0.0000	0.0000	0.0000	0.0000	0.0000	0.0000	0.0000	0.0000	0.0000	0.0000	0.0000	0.0000	0.0029	0.0047	0.0003	0.0091	0.0099	0.0003	0.0003	0.0002	0.0003	0.0363	0.0000	-0.0001	4.1010	0.1434	9.0979	1.9839	0.0000	0.0000	0.0000	0.0000	0.0000	0.0000	0.0000	0.0000	0.0000	0.0001	0.0001	0.0000	0.0001	0.0001	0.0000	0.0000	0.0000	0.0000	0.0093	0.0083	0.0009	0.0035	0.0034	0.0001	0.0057	0.0049	0.0008	0.0505	0.0307	0.0198	0.0154	0.0141	0.0013	0.0351	0.0166	0.0185	0.0000	0.0000	0.0000	0.0000	0.0000	0.0000	0.0000	0.0000	0.0000	0.0029	0.0047	0.0003	0.0091	0.0099	0.0003	0.0003	0.0002	0.0003	
23	126	0.1104	8	0	2	0	0	0	0	0	0	N	Y	N	N	N	N	N	N	N	N	N	N	0.0000	0.0000	0.0000	0.0000	0.0000	0.0000	0.0000	0.0000	0.0000	0.0000	0.0000	0.0000	0.0000	0.0000	0.0000	0.0000	0.0000	0.0000	0.0081	0.0007	0.0189	0.0004	0.0003	0.0010	0.0112	0.0011	0.0199	17.4345	0.0000	0.0004	4.1010	1.8882	9.0979	2.9115	0.0000	0.0000	0.0000	0.0000	0.0000	0.0000	0.0000	0.0000	0.0000	0.0009	0.0000	0.0009	0.0000	0.0000	0.0000	0.0009	0.0000	0.0009	0.0564	0.0490	0.0074	0.0068	0.0064	0.0004	0.0496	0.0426	0.0070	0.1133	0.0674	0.0459	0.0322	0.0298	0.0024	0.0811	0.0376	0.0435	0.0000	0.0000	0.0000	0.0000	0.0000	0.0000	0.0000	0.0000	0.0000	0.0081	0.0007	0.0189	0.0004	0.0003	0.0010	0.0112	0.0011	0.0199	
23	127	0.0847	7	0	1	0	0	0	0	0	0	N	N	N	N	N	N	N	N	N	N	N	N	0.1582	0.0010	21691.0547	0.0085	0.0012	12504.8805	7071.1036	3.0872	22281.1888	0.1027	0.0010	0.7372	0.0233	0.0035	0.6027	0.1303	0.0000	0.7460	0.6496	1.0797	0.0000	2.7241	2.8898	0.0000	0.0000	0.0000	0.0000	114.9429	0.0000	0.0101	-0.0953	4.1010	3.5543	9.0979	9.0319	0.0166	0.0001	0.0164	0.0010	0.0001	0.0008	0.0156	0.0000	0.0156	0.1755	0.1755	0.0000	0.1755	0.1755	0.0000	0.0000	0.0000	0.0000	0.1612	0.1390	0.0223	0.0415	0.0401	0.0014	0.1197	0.0988	0.0209	0.2702	0.1626	0.1076	0.0644	0.0607	0.0037	0.2058	0.1018	0.1039	0.1582	0.0010	21691.0547	0.0085	0.0012	12504.8805	7071.1036	3.0872	22281.1888	0.6496	1.0797	0.0000	2.7241	2.8898	0.0000	0.0000	0.0000	0.0000
23	128	0.0811	6	0	1	0	0	0	0	0	0	N	N	N	N	N	N	N	N	N	N	N	N	43.7080	9.5644	443.0686	10.7506	10.4321	178.2517	211.0390	10371.6391	491.8413	0.1334	0.0387	0.6095	0.0993	0.1006	0.0838	0.1476	0.0089	0.6916	0.0031	0.0040	0.0014	0.0092	0.0096	0.0005	0.0007	0.0000	0.0014	3.1332	0.2016	0.0063	-0.0001	4.1010	2.6246	9.0979	0.7212	0.0166	0.0040	0.0126	0.0036	0.0034	0.0002	0.0130	0.0006	0.0124	0.0003	0.0002	0.0000	0.0002	0.0002	0.0000	0.0000	0.0000	0.0000	0.1248	0.1041	0.0207	0.0367	0.0339	0.0028	0.0881	0.0702	0.0179	0.0834	0.0524	0.0310	0.0230	0.0220	0.0010	0.0604	0.0304	0.0300	43.7080	9.5644	443.0686	10.7506	10.4321	178.2517	211.0390	10371.6391	491.8413	0.0031	0.0040	0.0014	0.0092	0.0096	0.0005	0.0007	0.0000	0.0014
23	129	0.0753	5	0	1	0	0	0	0	0	0	N	N	N	N	N	N	N	N	N	N	N	N	29.5761	20.7747	181.0481	4.4655	4.3061	303.2867	204.3661	152.2970	180.2322	0.3676	0.4043	0.1743	0.1823	0.1844	0.1372	0.4190	0.4764	0.1767	0.0124	0.0195	0.0010	0.0408	0.0428	0.0005	0.0021	0.0031	0.0010	0.0817	0.0303	-0.0154	-0.0007	4.1010	3.3474	9.0979	1.3769	0.0505	0.0467	0.0038	0.0054	0.0053	0.0002	0.0451	0.0415	0.0036	0.0014	0.0014	0.0000	0.0012	0.0012	0.0000	0.0002	0.0001	0.0000	0.1374	0.1155	0.0219	0.0298	0.0285	0.0013	0.1076	0.0870	0.0206	0.1137	0.0705	0.0432	0.0304	0.0290	0.0014	0.0832	0.0415	0.0418	29.5761	20.7747	181.0481	4.4655	4.3061	303.2867	204.3661	152.2970	180.2322	0.0124	0.0195	0.0010	0.0408	0.0428	0.0005	0.0021	0.0031	0.0010
23	130	0.0664	4	0	1	0	0	0	0	0	0	N	N	N	N	N	N	N	N	N	N	N	N	2.1661	0.8935	49.3886	0.8878	0.8272	194.3671	7.4838	0.6164	47.7394	0.1623	0.1087	0.3677	0.2113	0.2056	0.5871	0.1311	0.0179	0.3614	0.0749	0.1217	0.0074	0.2380	0.2486	0.0030	0.0175	0.0291	0.0076	0.8828	0.0424	0.0007	-0.0041	4.1010	0.4686	9.0979	4.0374	0.0080	0.0042	0.0037	0.0040	0.0039	0.0002	0.0039	0.0004	0.0036	0.0082	0.0079	0.0003	0.0068	0.0068	0.0000	0.0014	0.0011	0.0003	0.0490	0.0389	0.0101	0.0191	0.0188	0.0003	0.0299	0.0201	0.0099	0.1098	0.0649	0.0449	0.0286	0.0274	0.0012	0.0812	0.0375	0.0437	2.1661	0.8935	49.3886	0.8878	0.8272	194.3671	7.4838	0.6164	47.7394	0.0749	0.1217	0.0074	0.2380	0.2486	0.0030	0.0175	0.0291	0.0076
23	131	0.0489	3	0	1	0	0	0	0	0	0	N	N	N	N	N	N	N	N	N	N	N	N	0.2688	0.2091	0.3235	0.4007	0.4026	2.8091	0.1156	1.7901	0.2959	0.1478	0.1693	0.0541	0.5273	0.5389	0.1476	0.0123	0.0002	0.0501	0.5500	0.8097	0.1673	1.3159	1.3384	0.0526	0.1063	0.0001	0.1692	0.0734	0.1402	-0.0083	-0.1091	4.1010	3.2951	9.0979	6.3724	0.0265	0.0247	0.0018	0.0249	0.0247	0.0002	0.0016	0.0000	0.0016	0.2598	0.2279	0.0320	0.2280	0.2279	0.0002	0.0318	0.0000	0.0318	0.1794	0.1459	0.0335	0.0472	0.0458	0.0014	0.1322	0.1001	0.0321	0.4724	0.2814	0.1910	0.1733	0.1703	0.0030	0.2991	0.1112	0.1879	0.2688	0.2091	0.3235	0.4007	0.4026	2.8091	0.1156	1.7901	0.2959	0.5500	0.8097	0.1673	1.3159	1.3384	0.0526	0.1063	0.0001	0.1692
23	132	0.0365	2	0	1	0	0	0	0	0	0	N	N	N	N	N	N	N	N	N	N	N	N	0.2798	0.2085	0.4708	0.4006	0.4047	0.5837	0.2061	0.1721	0.4709	0.2345	0.2431	0.2072	0.5959	0.6050	0.1923	0.0721	0.0022	0.2077	0.8380	1.1660	0.4402	1.4876	1.4950	0.3294	0.3498	0.0127	0.4411	0.2714	0.3114	-0.0068	-0.2203	4.1010	2.3562	9.0979	6.2610	0.0406	0.0319	0.0087	0.0320	0.0317	0.0002	0.0086	0.0002	0.0084	0.7210	0.5498	0.1712	0.5492	0.5485	0.0007	0.1718	0.0013	0.1705	0.1731	0.1313	0.0418	0.0536	0.0525	0.0012	0.1194	0.0788	0.0406	0.8604	0.4715	0.3889	0.3692	0.3669	0.0023	0.4912	0.1046	0.3866	0.2798	0.2085	0.4708	0.4006	0.4047	0.6462	0.2061	0.1721	0.4709	0.8380	1.1660	0.4402	1.4876	1.4950	0.2975	0.3498	0.0127	0.4411
24	25	0.2144	11	1	2	0	0	0	0	0	0	N	Y	N	N	N	N	N	N	N	N	N	N	0.0014	0.0009	0.0469	0.0008	0.0008	0.0562	0.0163	0.0095	0.0364	0.0003	0.0003	0.0000	0.0007	0.0007	0.0002	0.0002	0.0003	0.0000	0.2129	0.3517	0.0004	0.8232	0.9113	0.0041	0.0136	0.0266	0.0002	0.0082	0.0008	-0.0000	-0.0260	7.0513	4.7974	11.7448	5.1989	0.0001	0.0001	0.0000	0.0000	0.0000	0.0000	0.0000	0.0000	0.0000	0.0480	0.0479	0.0000	0.0457	0.0456	0.0000	0.0023	0.0023	0.0000	0.2639	0.2322	0.0318	0.0383	0.0365	0.0018	0.2257	0.1957	0.0299	0.2253	0.1362	0.0891	0.0555	0.0501	0.0054	0.1698	0.0862	0.0837	0.0014	0.0009	0.0469	0.0008	0.0008	0.0562	0.0163	0.0095	0.0364	0.2129	0.3517	0.0004	0.8232	0.9113	0.0041	0.0136	0.0266	0.0002
24	26	0.1757	12	2	2	0	0	0	0	0	0	Y	Y	N	N	N	N	N	N	N	N	N	N	2.0455	0.4376	150428.2443	1.0474	1.0064	234.7310	243.3843	0.0000	239353.9056	0.0112	0.0039	0.0596	0.0189	0.0203	0.0004	0.0096	0.0000	0.0660	0.0055	0.0089	0.0000	0.0180	0.0202	0.0000	0.0000	0.0001	0.0000	2.3178	0.0000	0.0004	-0.0011	7.0513	2.0195	11.7448	15.0171	0.0012	0.0004	0.0008	0.0004	0.0004	0.0000	0.0008	0.0000	0.0008	0.0020	0.0020	0.0000	0.0020	0.0020	0.0000	0.0000	0.0000	0.0000	0.1058	0.0919	0.0139	0.0190	0.0176	0.0014	0.0868	0.0742	0.0126	0.3593	0.2214	0.1379	0.1089	0.0973	0.0116	0.2504	0.1241	0.1263	2.0455	0.4376	150428.2443	1.0474	1.0064	234.7310	243.3843	0.0000	239353.9056	0.0055	0.0089	0.0000	0.0180	0.0202	0.0000	0.0000	0.0001	0.0000
24	27	0.1669	11	1	1	0	0	0	0	0	0	N	N	N	N	N	N	N	N	N	N	N	N	4.2677	0.5205	357.6047	2.8871	2.2224	20142.1755	4.8429	0.0001	351.2219	0.0449	0.0083	0.2799	0.0276	0.0225	0.1718	0.0535	0.0000	0.2900	0.0105	0.0160	0.0008	0.0096	0.0101	0.0000	0.0110	0.0228	0.0008	5.2127	0.0277	0.0034	-0.0009	7.0513	1.6438	11.7448	3.3228	0.0074	0.0012	0.0062	0.0015	0.0012	0.0003	0.0059	0.0000	0.0059	0.0018	0.0017	0.0000	0.0006	0.0006	0.0000	0.0012	0.0011	0.0000	0.1644	0.1423	0.0221	0.0548	0.0529	0.0019	0.1096	0.0894	0.0202	0.1691	0.1079	0.0612	0.0607	0.0575	0.0032	0.1084	0.0504	0.0580	4.2677	0.5205	357.6047	2.8871	2.2224	20142.1755	4.8429	0.0001	351.2219	0.0105	0.0160	0.0008	0.0096	0.0101	0.0000	0.0110	0.0228	0.0008
24	28	0.0878	5	1	2	0	0	0	0	0	0	N	Y	N	N	N	N	N	N	N	N	N	N	0.9975	0.0000	2214.6333	0.0008	0.0000	156.1208	61.6541	0.0000	2270.2388	0.2243	0.0000	1.7339	0.0015	0.0000	0.0385	0.2521	0.0000	1.7907	0.2249	0.4177	0.0008	1.7510	1.8226	0.0002	0.0041	0.0077	0.0008	inf	0.0016	0.0207	-0.0526	7.0513	3.0409	11.7448	16.1393	0.0334	0.0000	0.0334	0.0000	0.0000	0.0000	0.0334	0.0000	0.0334	0.0972	0.0971	0.0002	0.0957	0.0957	0.0000	0.0015	0.0014	0.0002	0.1491	0.1298	0.0193	0.0165	0.0159	0.0006	0.1325	0.1139	0.0187	0.4324	0.2324	0.2000	0.0546	0.0525	0.0021	0.3777	0.1799	0.1978	0.9975	0.0000	2214.6333	0.0008	0.0000	156.1208	61.6541	0.0000	2270.2388	0.2249	0.4177	0.0008	1.7510	1.8226	0.0002	0.0041	0.0077	0.0008
24	29	0.0830	5	1	2	0	0	0	0	0	0	N	Y	N	N	N	N	N	N	N	N	N	N	0.0004	0.0002	0.0000	0.5999	0.5905	0.0000	0.0000	0.0000	0.0000	0.0011	0.0013	0.0000	0.0134	0.0140	0.0000	0.0000	0.0000	0.0000	2.9987	5.6258	0.0002	0.0224	0.0236	0.0000	3.4074	7.1563	0.0002	0.0000	0.0000	-0.0001	-0.5433	7.0513	4.0695	11.7448	11.0027	0.0002	0.0002	0.0000	0.0002	0.0002	0.0000	0.0000	0.0000	0.0000	1.0007	1.0007	0.0000	0.0009	0.0009	0.0000	0.9998	0.9998	0.0000	0.2005	0.1741	0.0263	0.0164	0.0158	0.0006	0.1841	0.1584	0.0257	0.3337	0.1779	0.1558	0.0403	0.0382	0.0021	0.2934	0.1397	0.1537	0.0004	0.0002	0.0000	0.5999	0.5905	0.0000	0.0000	0.0000	0.0000	2.9987	5.6258	0.0002	0.0224	0.0236	0.0000	3.4074	7.1563	0.0002
24	30	0.1983	14	1	2	1	1	0	0	0	0	N	Y	N	N	N	N	N	N	N	N	N	N	9172.0044	6359.1317	8156.2095	7484.9991	0.0000	0.0000	6.2717	6.9295	0.0000	15.9121	16.3595	0.0000	0.0000	0.0000	0.0000	0.0007	0.0011	0.0000	0.0020	0.0022	0.0000	0.0000	0.0000	0.0000	0.0000	0.0000	-0.0006	-0.0000	7.0513	0.0021	11.7448	3.0281	0.0016	0.0016	0.0000	0.0016	0.0016	0.0000	0.0000	0.0000	0.0000	0.0000	0.0000	0.0000	0.0000	0.0000	0.0000	0.0000	0.0000	0.0000	0.0003	0.0002	0.0000	0.0001	0.0001	0.0000	0.0002	0.0001	0.0000	0.0654	0.0411	0.0244	0.0229	0.0205	0.0025	0.0425	0.0206	0.0219	9172.0044	6359.1317	0.0000	8156.2095	7484.9991	0.0000	0.0000	0.0000	0.0000	0.0007	0.0011	0.0000	0.0020	0.0022	0.0000	0.0000	0.0000	0.0000			
24	31	0.1756	13	1	1	0	1	0	0	0	0	N	N	N	N	N	N	N	N	N	N	N	N	23.5268	28.1115	0.0000	0.0000	0.0000	0.0000	51.9301	14275.9619	0.0000	0.0090	0.0104	0.0000	0.0000	0.0000	0.0000	0.0111	0.0131	0.0000	0.0004	0.0004	0.0004	0.0008	0.0009	0.0002	0.0002	0.0000	0.0004	0.0000	0.6924	-0.0006	-0.0000	7.0513	3.2874	11.7448	7.1999	0.0016	0.0016	0.0000	0.0000	0.0000	0.0000	0.0016	0.0016	0.0000	0.0001	0.0001	0.0000	0.0001	0.0000	0.0000	0.0000	0.0000	0.0000	0.1769	0.1536	0.0233	0.0324	0.0313	0.0012	0.1445	0.1223	0.0222	0.2204	0.1351	0.0853	0.0641	0.0576	0.0065	0.1563	0.0775	0.0788	23.5268	28.1115	0.0000	0.0000	0.0000	0.0000	51.9301	14275.9619	0.0000	0.0004	0.0004	0.0004	0.0008	0.0009	0.0002	0.0002	0.0000	0.0004
24	32	0.0944	5	1	2	0	0	0	0	0	0	N	Y	N	N	N	N	N	N	N	N	N	N	177.3379	1851.1351	0.0000	0.0967	0.0955	0.0000	203.1196	61600656.2759	0.0000	4.0336	4.6196	0.0000	0.0013	0.0014	0.0000	4.8488	5.6404	0.0000	0.0227	0.0025	0.0476	0.0133	0.0143	0.0042	0.0239	0.0000	0.0487	0.0000	15.5387	-0.3810	0.0040	7.0513	4.3545	11.7448	19.4857	0.9999	0.9999	0.0000	0.0001	0.0001	0.0000	0.9998	0.9998	0.0000	0.0101	0.0006	0.0095	0.0006	0.0006	0.0000	0.0095	0.0000	0.0095	0.2479	0.2164	0.0314	0.0417	0.0392	0.0025	0.2062	0.1773	0.0289	0.4438	0.2446	0.1992	0.0474	0.0425	0.0048	0.3965	0.2020	0.1944	177.3379	1851.1351	0.0000	0.0967	0.0955	0.0000	203.1196	61600656.2759	0.0000	0.0227	0.0025	0.0476	0.0133	0.0143	0.0042	0.0239	0.0000	0.0487
24	33	0.1314	7	2	2	0	0	0	0	0	0	Y	Y	N	N	N	N	N	N	N	N	N	N	0.0000	0.0000	0.0000	0.0000	0.0000	0.0000	0.0000	0.0000	0.0000	0.0000	0.0000	0.0000	0.0000	0.0000	0.0000	0.0000	0.0000	0.0000	0.0000	0.0000	7.0513	0.0000	11.7448	0.0000	0.0000	0.0000	0.0000	0.0000	0.0000	0.0000	0.0000	0.0000	0.0000	0.0000	0.0000	0.0000	0.0000	0.0000	0.0000	0.0000	0.0000	0.0000	0.0000	0.0000	0.0000	0.0000	0.0000	0.0000	0.0000	0.0000	0.0000	0.0000	0.0000	0.0000	0.0000	0.0000	0.0000	0.0000	0.0000	0.0000	0.0000	0.0000	0.0000	0.0000	0.0000	0.0000	0.0000	0.0000	0.0000	0.0000	0.0000	0.0000	0.0000	0.0000	0.0000	0.0000	0.0000	0.0000											
24	34	0.1669	11	1	2	0	1	0	0	0	0	N	Y	N	N	N	N	N	N	N	N	N	N	1.0693	74820.0065	0.0004	79.1044	1276.9041	0.0004	0.9669	inf	0.0004	2.5928	2.9883	0.0025	0.1132	0.1192	0.0000	3.2929	3.8998	0.0027	2.4247	0.0000	6.1621	0.0014	0.0001	0.0136	3.4056	0.0000	6.6429	0.0001	100094.2156	-0.3847	0.4569	7.0513	6.4588	11.7448	12.7561	1.0098	1.0096	0.0001	0.0097	0.0097	0.0000	1.0001	0.9999	0.0001	0.9996	0.0000	0.9996	0.0002	0.0000	0.0002	0.9995	0.0000	0.9995	0.3894	0.3379	0.0516	0.0857	0.0815	0.0043	0.3037	0.2564	0.0473	0.4123	0.2500	0.1622	0.1188	0.1070	0.0118	0.2935	0.1430	0.1505	1.0693	74820.0065	0.0004	79.1044	1276.9041	0.0004	0.9669	inf	0.0004	2.4247	0.0000	6.1621	0.0014	0.0001	0.0136	3.4056	0.0000	6.6429
24	35	0.1613	10	1	1	0	0	0	0	0	0	N	N	N	N	N	N	N	N	N	N	N	N	69.5396	135.8097	20.1160	1114.7432	1111.1767	553.1192	4.9449	0.1302	21.3355	0.2357	0.2533	0.1222	0.7136	0.7474	0.0027	0.0240	0.0004	0.1360	0.0034	0.0019	0.0061	0.0006	0.0007	0.0000	0.0049	0.0032	0.0064	0.0751	1.8474	-0.0157	0.0001	7.0513	2.5642	11.7448	2.5472	0.0504	0.0469	0.0035	0.0468	0.0468	0.0000	0.0036	0.0001	0.0035	0.0006	0.0002	0.0004	0.0000	0.0000	0.0000	0.0005	0.0002	0.0004	0.2137	0.1850	0.0288	0.0656	0.0626	0.0030	0.1481	0.1223	0.0258	0.1733	0.1106	0.0627	0.0604	0.0574	0.0029	0.1129	0.0531	0.0598	69.5396	135.8097	20.1160	1114.7432	1111.1767	553.1192	4.9449	0.1302	21.3355	0.0034	0.0019	0.0061	0.0006	0.0007	0.0000	0.0049	0.0032	0.0064
24	36	0.2117	15	1	1	1	0	0	0	0	0	N	N	N	N	N	N	N	N	N	N	N	N	0.0000	0.0000	0.0000	0.0000	0.0000	0.0000	0.0000	0.0000	0.0000	0.0000	0.0000	0.0000	0.0000	0.0000	0.0000	0.0000	0.0000	0.0001	0.0000	0.0000	0.0000	0.0000	0.0000	0.0000	-0.0000	7.0513	1.0000	11.7448	2.0003	0.0000	0.0000	0.0000	0.0000	0.0000	0.0000	0.0000	0.0000	0.0000	0.0000	0.0000	0.0000	0.0000	0.0000	0.0000	0.0000	0.0000	0.0000	0.0476	0.0416	0.0060	0.0080	0.0076	0.0004	0.0397	0.0340	0.0056	0.0566	0.0342	0.0224	0.0139	0.0119	0.0020	0.0427	0.0223	0.0204	0.0000	0.0000	0.0000	0.0000	0.0000	0.0000	0.0000	0.0000	0.0000	0.0000	0.0000	0.0000	0.0000	0.0001	0.0000	0.0000	0.0000	0.0000						
24	37	0.1939	14	1	2	0	0	0	0	0	0	N	Y	N	N	N	N	N	N	N	N	N	N	2.4109	1.7399	2362.0349	4.6150	4.4786	0.0000	2.2784	0.0000	2953.9953	0.0113	0.0128	0.0008	0.0665	0.0695	0.0000	0.0001	0.0000	0.0009	0.0047	0.0074	0.0000	0.0144	0.0155	0.0000	0.0001	0.0001	0.0000	0.0093	0.0000	-0.0004	-0.0007	7.0513	1.9619	11.7448	8.3400	0.0011	0.0011	0.0000	0.0011	0.0011	0.0000	0.0000	0.0000	0.0000	0.0012	0.0012	0.0000	0.0012	0.0012	0.0000	0.0000	0.0000	0.0000	0.0968	0.0844	0.0124	0.0162	0.0155	0.0007	0.0806	0.0688	0.0117	0.2656	0.1686	0.0970	0.0854	0.0793	0.0061	0.1802	0.0893	0.0909	2.4109	1.7399	2362.0349	4.6150	4.4786	0.0000	2.2784	0.0000	2953.9953	0.0047	0.0074	0.0000	0.0144	0.0155	0.0000	0.0001	0.0001	0.0000
24	38	0.0953	5	2	1	1	0	0	0	0	0	Y	N	N	N	N	N	N	N	N	N	N	N	20908.0206	inf	58272.2993	inf	inf	28264.9509	inf	60474.6263	1.2190	0.3881	7.7726	0.0012	0.0012	0.0000	1.9858	0.6788	8.1785	0.0001	0.0000	0.0001	0.0000	0.0000	0.0000	0.0001	0.0000	0.0001	2.5392	inf	0.0006	0.0000	7.0513	0.0095	11.7448	5.0631	0.0017	0.0005	0.0012	0.0000	0.0000	0.0000	0.0017	0.0005	0.0012	0.0000	0.0000	0.0000	0.0000	0.0000	0.0000	0.0000	0.0000	0.0000	0.0014	0.0012	0.0002	0.0005	0.0005	0.0000	0.0008	0.0007	0.0001	0.1290	0.0726	0.0564	0.0220	0.0212	0.0008	0.1071	0.0515	0.0556	20908.0206	inf	58272.2993	inf	inf	0.0000	28264.9509	inf	60474.6263	0.0001	0.0000	0.0001	0.0000	0.0000	0.0000	0.0001	0.0000	0.0001	
24	39	0.1756	13	1	2	0	0	0	0	0	0	N	Y	N	N	N	N	N	N	N	N	N	N	0.0000	0.0000	0.0000	0.0000	0.0000	0.0000	0.0000	0.0000	0.0000	0.0000	0.0000	0.0000	0.0000	0.0000	0.0000	0.0000	0.0000	0.0000	0.0000	0.0000	0.0000	0.0000	0.0000	0.0000	inf	0.0000	0.0000	7.0513	1.1272	11.7448	11.0864	0.0000	0.0000	0.0000	0.0000	0.0000	0.0000	0.0000	0.0000	0.0000	0.0000	0.0000	0.0000	0.0000	0.0000	0.0000	0.0000	0.0000	0.0000	0.0743	0.0643	0.0101	0.0178	0.0174	0.0004	0.0566	0.0469	0.0097	0.2502	0.1526	0.0976	0.0718	0.0642	0.0075	0.1784	0.0884	0.0901	0.0000	0.0000	0.0000	0.0000	0.0000	0.0000	0.0000	0.0000	0.0000	0.0000	0.0000	0.0000	0.0000	0.0000	0.0000	0.0000	0.0000	0.0000				
24	40	0.1756	12	1	1	0	0	0	0	0	0	N	N	N	N	N	N	N	N	N	N	N	N	0.0000	0.0000	0.0000	0.0000	0.0000	0.0000	0.0000	0.0000	0.0000	0.0000	0.0000	0.0000	0.0000	0.0000	0.0000	0.0000	0.0000	0.0000	0.0000	0.0000	0.0000	0.0000	0.0000	0.0000	0.0000	0.0000	1.0000	0.0000	-0.0000	7.0513	0.4765	11.7448	0.2778	0.0000	0.0000	0.0000	0.0000	0.0000	0.0000	0.0000	0.0000	0.0000	0.0000	0.0000	0.0000	0.0000	0.0000	0.0000	0.0000	0.0000	0.0000	0.0431	0.0371	0.0060	0.0133	0.0132	0.0002	0.0298	0.0239	0.0058	0.0440	0.0318	0.0123	0.0186	0.0181	0.0005	0.0254	0.0137	0.0118	0.0000	0.0000	0.0000	0.0000	0.0000	0.0000	0.0000	0.0000	0.0000	0.0000	0.0000	0.0000	0.0000	0.0000	0.0000	0.0000	0.0000	0.0000		
24	41	0.1778	12	1	2	0	1	0	0	0	0	N	Y	N	N	N	N	N	N	N	N	N	N	26514.1341	17988.3049	1032696.0793	47831.3960	44487.0314	289955.5625	1012724.5693	2.1739	2.4599	0.2506	15.4868	16.2427	0.0000	0.0377	0.0000	0.2637	0.0001	0.0001	0.0000	0.0003	0.0004	0.0000	0.0000	0.0000	0.0000	0.0152	0.0012	-0.3734	-0.0000	7.0513	10.0333	11.7448	21.8674	1.0198	1.0046	0.0152	1.0046	1.0046	0.0000	0.0152	0.0000	0.0152	0.0000	0.0000	0.0000	0.0000	0.0000	0.0000	0.0000	0.0000	0.0000	0.4691	0.4084	0.0607	0.0649	0.0618	0.0030	0.4043	0.3465	0.0577	0.5814	0.3482	0.2332	0.1471	0.1304	0.0166	0.4343	0.2178	0.2166	26514.1341	17988.3049	1032696.0793	47831.3960	44487.0314	0.0000	289955.5625	0.0000	1012724.5693	0.0001	0.0001	0.0000	0.0003	0.0004	0.0000	0.0000	0.0000	0.0000		
24	42	0.0953	5	2	1	1	0	0	0	0	0	Y	N	N	N	N	N	N	N	N	N	N	N	387.3797	inf	910.9869	inf	inf	360.8392	inf	950.1798	0.0365	0.0116	0.2027	0.0001	0.0001	0.0000	0.0423	0.0136	0.2142	0.0001	0.0000	0.0002	0.0000	0.0000	0.0000	0.0001	0.0000	0.0002	2.6240	inf	0.0006	0.0000	7.0513	0.9968	11.7448	1.9513	0.0017	0.0005	0.0012	0.0000	0.0000	0.0000	0.0017	0.0005	0.0012	0.0000	0.0000	0.0000	0.0000	0.0000	0.0000	0.0000	0.0000	0.0000	0.0473	0.0411	0.0062	0.0065	0.0061	0.0003	0.0408	0.0350	0.0058	0.0820	0.0473	0.0347	0.0160	0.0156	0.0005	0.0659	0.0317	0.0343	387.3797	inf	910.9869	inf	inf	0.0000	360.8392	inf	950.1798	0.0001	0.0000	0.0002	0.0000	0.0000	0.0000	0.0001	0.0000	0.0002	
24	43	0.0821	4	2	1	1	0	0	0	0	0	Y	N	N	N	N	N	N	N	N	N	N	N	29350.2185	7540.4260	330479.0151	210.9142	213.2484	29727.6817	6814.8334	332603.5914	12.4909	4.7869	62.3648	0.0695	0.0730	0.0000	13.1538	5.0646	63.5461	0.0004	0.0006	0.0002	0.0003	0.0003	0.0000	0.0004	0.0007	0.0002	2.0124	0.2626	0.8573	-0.0000	7.0513	5.0018	11.7448	1.7716	2.9873	0.9916	1.9956	0.0008	0.0008	0.0000	2.9864	0.9908	1.9956	0.0001	0.0001	0.0000	0.0000	0.0000	0.0000	0.0001	0.0000	0.0000	0.2392	0.2072	0.0320	0.0121	0.0115	0.0006	0.2270	0.1956	0.0314	0.1700	0.0903	0.0797	0.0254	0.0244	0.0010	0.1446	0.0659	0.0788	29350.2185	7540.4260	330479.0151	210.9142	213.2484	0.0000	29727.6817	6814.8334	332603.5914	0.0004	0.0006	0.0002	0.0003	0.0003	0.0000	0.0004	0.0007	0.0002	
24	44	0.0853	5	2	1	1	0	0	0	0	0	Y	N	N	N	N	N	N	N	N	N	N	N	2.2233	0.0000	7.3832	0.0000	0.0000	0.0000	1.9373	7.4623	0.0002	0.0000	0.0012	0.0000	0.0000	0.0000	0.0002	0.0000	0.0013	0.0001	0.0000	0.0002	0.0000	0.0000	0.0001	0.0001	0.0000	0.0002	inf	48.4898	0.0000	0.0000	7.0513	4.9860	11.7448	2.3663	0.0000	0.0000	0.0000	0.0000	0.0000	0.0000	0.0000	0.0000	0.0000	0.0000	0.0000	0.0000	0.0000	0.0000	0.0000	0.0000	0.0000	0.0000	0.2390	0.2070	0.0320	0.0124	0.0118	0.0006	0.2267	0.1952	0.0314	0.2091	0.1180	0.0911	0.0409	0.0396	0.0013	0.1682	0.0784	0.0898	2.2233	0.0000	7.3832	0.0000	0.0000	0.0000	1.9373	0.0000	7.4623	0.0001	0.0000	0.0002	0.0000	0.0000	0.0001	0.0001	0.0000	0.0002	
24	45	0.0821	4	2	1	0	0	0	0	0	0	Y	N	N	N	N	N	N	N	N	N	N	N	881.5747	357.3919	9895.6520	833.7150	892.5630	0.0000	886.0726	4.6770	13842.8084	3.2434	2.0923	12.3203	8.4119	8.4921	0.0000	1.7907	0.0169	12.5515	0.0037	0.0059	0.0012	0.0101	0.0095	0.0341	0.0020	0.0036	0.0009	0.7467	0.1901	0.0003	-0.0001	7.0513	0.0225	11.7448	1.9333	0.0057	0.0033	0.0024	0.0033	0.0033	0.0000	0.0025	0.0000	0.0024	0.0002	0.0002	0.0000	0.0001	0.0001	0.0000	0.0001	0.0001	0.0000	0.0018	0.0016	0.0002	0.0004	0.0004	0.0000	0.0014	0.0012	0.0002	0.0597	0.0315	0.0282	0.0123	0.0120	0.0003	0.0474	0.0195	0.0279	881.5747	357.3919	9895.6520	833.7150	892.5630	0.0000	886.0726	4.6770	13842.8084	0.0037	0.0059	0.0012	0.0101	0.0095	0.0341	0.0020	0.0036	0.0009
24	46	0.0792	3	2	1	0	0	0	0	0	0	Y	N	N	N	N	N	N	N	N	N	N	N	2.9997	1.0433	24.7730	47.9977	47.9372	1.7905	0.0902	24.8825	0.1136	0.0563	0.4843	0.8284	0.8662	0.0000	0.0736	0.0059	0.4929	0.0379	0.0539	0.0196	0.0173	0.0181	0.0000	0.0411	0.0654	0.0198	1.3305	0.3181	0.0011	-0.0004	7.0513	1.0095	11.7448	0.3555	0.0056	0.0024	0.0032	0.0022	0.0022	0.0000	0.0035	0.0002	0.0032	0.0013	0.0010	0.0003	0.0001	0.0001	0.0000	0.0012	0.0009	0.0003	0.0497	0.0431	0.0067	0.0026	0.0025	0.0001	0.0471	0.0405	0.0065	0.0338	0.0180	0.0158	0.0046	0.0044	0.0002	0.0292	0.0136	0.0156	2.9997	1.0433	24.7730	47.9977	47.9372	0.0000	1.7905	0.0902	24.8825	0.0379	0.0539	0.0196	0.0173	0.0181	0.0000	0.0411	0.0654	0.0198	
24	47	0.1939	14	1	1	1	0	0	0	0	0	N	N	N	N	N	N	N	N	N	N	N	N	2.3248	1.6635	2523.5993	0.1807	0.1735	0.0000	1.9365	1.1248	3337.0496	6.7942	7.7952	0.0005	0.0004	0.0004	0.0000	8.1036	9.4722	0.0006	2.9225	4.6861	0.0000	0.0023	0.0025	0.0000	4.1846	8.4210	0.0000	0.0000	0.0000	-0.3806	-0.5424	7.0513	3.0460	11.7448	11.9126	0.9989	0.9989	0.0000	0.0000	0.0000	0.0000	0.9989	0.9989	0.0000	0.9989	0.9989	0.0000	0.0002	0.0002	0.0000	0.9987	0.9987	0.0000	0.1470	0.1281	0.0189	0.0238	0.0227	0.0011	0.1233	0.1055	0.0178	0.3418	0.2132	0.1286	0.1032	0.0946	0.0086	0.2387	0.1186	0.1201	2.3248	1.6635	2523.5993	0.1807	0.1735	0.0000	1.9365	1.1248	3337.0496	2.9225	4.6861	0.0000	0.0023	0.0025	0.0000	4.1846	8.4210	0.0000
24	48	0.1805	13	1	1	0	0	0	0	0	0	N	N	N	N	N	N	N	N	N	N	N	N	11.7094	2.3158	747.2652	3.3437	3.2887	0.0000	9.7799	1.5380	749.7383	0.0761	0.0228	0.4329	0.0011	0.0011	0.0000	0.0909	0.0276	0.4569	0.0065	0.0098	0.0006	0.0003	0.0003	0.0000	0.0093	0.0180	0.0006	2.8375	0.0333	0.0015	-0.0006	7.0513	1.1082	11.7448	5.8288	0.0043	0.0011	0.0031	0.0000	0.0000	0.0000	0.0042	0.0011	0.0031	0.0013	0.0012	0.0000	0.0000	0.0000	0.0000	0.0012	0.0012	0.0000	0.0560	0.0487	0.0073	0.0093	0.0089	0.0004	0.0467	0.0398	0.0069	0.1925	0.1230	0.0695	0.0601	0.0567	0.0034	0.1323	0.0663	0.0660	11.7094	2.3158	747.2652	3.3437	3.2887	0.0000	9.7799	1.5380	749.7383	0.0065	0.0098	0.0006	0.0003	0.0003	0.0000	0.0093	0.0180	0.0006
24	49	0.2117	15	1	2	0	0	0	0	0	0	N	Y	N	N	N	N	N	N	N	N	N	N	0.0000	0.0000	0.0000	0.0000	0.0000	0.0000	0.0000	0.0000	0.0000	0.0000	0.0000	0.0000	0.0000	0.0000	0.0000	0.0000	0.0001	0.0001	0.0000	0.0000	0.0000	0.0000	0.0000	0.0000	-0.0000	7.0513	0.0000	11.7448	2.0001	0.0000	0.0000	0.0000	0.0000	0.0000	0.0000	0.0000	0.0000	0.0000	0.0000	0.0000	0.0000	0.0000	0.0000	0.0000	0.0000	0.0000	0.0000	0.0000	0.0000	0.0000	0.0000	0.0000	0.0000	0.0000	0.0000	0.0000	0.0379	0.0229	0.0150	0.0093	0.0080	0.0013	0.0286	0.0149	0.0137	0.0000	0.0000	0.0000	0.0000	0.0000	0.0000	0.0000	0.0000	0.0000	0.0000	0.0000	0.0000	0.0001	0.0001	0.0000	0.0000	0.0000	0.0000						
24	50	0.0829	6	2	2	1	0	0	0	0	0	Y	Y	N	N	N	N	N	N	N	N	N	N	0.0000	0.0000	0.0000	0.0000	0.0000	0.0000	0.0000	0.0000	0.0000	0.0000	0.0000	0.0000	0.0000	0.0001	0.0000	0.0003	0.0003	0.0000	0.0140	0.0000	0.0000	0.0000	inf	0.0000	0.0000	7.0513	0.0000	11.7448	1.7047	0.0000	0.0000	0.0000	0.0000	0.0000	0.0000	0.0000	0.0000	0.0000	0.0000	0.0000	0.0000	0.0000	0.0000	0.0000	0.0000	0.0000	0.0000	0.0000	0.0000	0.0000	0.0000	0.0000	0.0000	0.0000	0.0000	0.0000	0.0711	0.0499	0.0212	0.0210	0.0205	0.0005	0.0502	0.0295	0.0207	0.0000	0.0000	0.0000	0.0000	0.0000	0.0000	0.0000	0.0000	0.0000	0.0001	0.0000	0.0003	0.0003	0.0000	0.0140	0.0000	0.0000	0.0000						
24	51	0.0829	6	2	2	1	0	0	0	0	0	Y	Y	N	N	N	N	N	N	N	N	N	N	0.0000	0.0000	0.0000	0.0000	0.0000	0.0000	0.0000	0.0000	0.0000	0.0000	0.0000	0.0000	0.0000	0.0001	0.0001	0.0000	0.0002	0.0002	0.0000	0.0000	0.0000	0.0000	0.0000	0.0000	-0.0000	7.0513	0.0000	11.7448	0.2953	0.0000	0.0000	0.0000	0.0000	0.0000	0.0000	0.0000	0.0000	0.0000	0.0000	0.0000	0.0000	0.0000	0.0000	0.0000	0.0000	0.0000	0.0000	0.0000	0.0000	0.0000	0.0000	0.0000	0.0000	0.0000	0.0000	0.0000	0.0411	0.0348	0.0063	0.0180	0.0179	0.0001	0.0231	0.0168	0.0062	0.0000	0.0000	0.0000	0.0000	0.0000	0.0000	0.0000	0.0000	0.0000	0.0001	0.0001	0.0000	0.0002	0.0002	0.0000	0.0000	0.0000	0.0000						
24	52	0.0801	5	2	2	1	0	0	0	0	0	Y	Y	N	N	N	N	N	N	N	N	N	N	0.0047	0.0178	0.0000	0.0552	0.0573	0.0000	0.0000	0.0000	0.0000	0.0001	0.0001	0.0000	0.0003	0.0003	0.0000	0.0000	0.0000	0.0000	0.0197	0.0057	0.0396	0.0046	0.0045	0.0104	0.0239	0.0065	0.0400	0.0000	4.8184	-0.0000	0.0003	7.0513	0.0001	11.7448	1.7968	0.0000	0.0000	0.0000	0.0000	0.0000	0.0000	0.0000	0.0000	0.0000	0.0011	0.0002	0.0009	0.0001	0.0001	0.0000	0.0011	0.0001	0.0009	0.0000	0.0000	0.0000	0.0000	0.0000	0.0000	0.0000	0.0000	0.0000	0.0567	0.0334	0.0233	0.0125	0.0121	0.0003	0.0442	0.0212	0.0230	0.0047	0.0178	0.0000	0.0552	0.0573	0.0000	0.0000	0.0000	0.0000	0.0197	0.0057	0.0396	0.0046	0.0045	0.0104	0.0239	0.0065	0.0400
24	53	0.1576	5	2	2	0	0	0	0	0	0	Y	Y	N	N	N	N	N	N	N	N	N	N	0.0098	0.0017	0.0353	0.0032	0.0035	0.0005	0.0089	inf	0.0362	0.0010	0.0000	0.0092	0.0000	0.0000	0.0000	0.0013	0.0000	0.0097	0.1033	0.0044	0.2598	0.0103	0.0097	0.0223	0.1418	0.0000	0.2681	149.5632	37.0188	0.0001	0.0036	7.0513	1.8240	11.7448	0.8872	0.0001	0.0000	0.0001	0.0000	0.0000	0.0000	0.0001	0.0000	0.0001	0.0083	0.0002	0.0081	0.0002	0.0002	0.0000	0.0081	0.0000	0.0081	0.1100	0.0979	0.0120	0.0225	0.0218	0.0007	0.0875	0.0761	0.0114	0.0803	0.0492	0.0311	0.0235	0.0225	0.0011	0.0568	0.0267	0.0300	0.0098	0.0017	0.0353	0.0032	0.0035	0.0005	0.0089	inf	0.0362	0.1033	0.0044	0.2598	0.0103	0.0097	0.0223	0.1418	0.0000	0.2681
24	54	0.2417	17	1	2	0	1	0	0	0	0	N	Y	N	N	N	N	N	N	N	N	N	N	0.0000	0.0000	0.0000	0.0000	0.0000	0.0000	0.0000	0.0000	0.0000	0.0000	0.0000	0.0000	0.0000	0.0002	0.0003	0.0000	0.0007	0.0007	0.0000	0.0000	0.0000	0.0000	0.0000	0.0000	-0.0000	7.0513	0.0007	11.7448	4.7762	0.0000	0.0000	0.0000	0.0000	0.0000	0.0000	0.0000	0.0000	0.0000	0.0000	0.0000	0.0000	0.0000	0.0000	0.0000	0.0000	0.0000	0.0000	0.0001	0.0000	0.0000	0.0000	0.0000	0.0000	0.0000	0.0000	0.0000	0.1058	0.0666	0.0393	0.0300	0.0273	0.0027	0.0758	0.0393	0.0365	0.0000	0.0000	0.0000	0.0000	0.0000	0.0000	0.0000	0.0000	0.0000	0.0002	0.0003	0.0000	0.0007	0.0007	0.0000	0.0000	0.0000	0.0000						
24	55	0.2417	17	1	1	0	1	0	0	0	0	N	N	N	N	N	N	N	N	N	N	N	N	0.0000	0.0000	0.0000	0.0000	0.0000	0.0000	0.0000	0.0000	0.0000	0.0000	0.0000	0.0000	0.0000	0.0000	0.0000	0.0000	0.0000	0.0000	0.0000	0.0000	0.0000	0.0000	inf	0.0000	0.0000	7.0513	0.0007	11.7448	3.2259	0.0000	0.0000	0.0000	0.0000	0.0000	0.0000	0.0000	0.0000	0.0000	0.0000	0.0000	0.0000	0.0000	0.0000	0.0000	0.0000	0.0000	0.0000	0.0001	0.0000	0.0000	0.0000	0.0000	0.0000	0.0000	0.0000	0.0000	0.0776	0.0499	0.0277	0.0232	0.0214	0.0019	0.0544	0.0285	0.0259	0.0000	0.0000	0.0000	0.0000	0.0000	0.0000	0.0000	0.0000	0.0000	0.0000	0.0000	0.0000	0.0000	0.0000	0.0000	0.0000	0.0000	0.0000						
24	56	0.2373	16	1	1	0	1	0	0	0	0	N	N	N	N	N	N	N	N	N	N	N	N	0.0000	0.0000	0.0000	0.0000	0.0000	0.0000	0.0000	0.0000	0.0000	0.0000	0.0000	0.0000	0.0000	0.0000	0.0000	0.0000	0.0000	0.0000	0.0000	0.0000	0.0000	0.0000	0.0000	0.0000	0.0000	0.0367	0.0000	-0.0000	7.0513	0.9953	11.7448	1.3904	0.0000	0.0000	0.0000	0.0000	0.0000	0.0000	0.0000	0.0000	0.0000	0.0000	0.0000	0.0000	0.0000	0.0000	0.0000	0.0000	0.0000	0.0000	0.0482	0.0421	0.0061	0.0069	0.0065	0.0003	0.0413	0.0355	0.0058	0.0601	0.0395	0.0206	0.0185	0.0171	0.0014	0.0416	0.0224	0.0192	0.0000	0.0000	0.0000	0.0000	0.0000	0.0000	0.0000	0.0000	0.0000	0.0000	0.0000	0.0000	0.0000	0.0000	0.0000	0.0000	0.0000	0.0000			
24	57	0.2306	15	1	1	0	1	0	0	0	0	N	N	N	N	N	N	N	N	N	N	N	N	0.0000	0.0000	0.0000	0.0000	0.0000	0.0000	0.0000	0.0000	0.0000	0.0000	0.0000	0.0000	0.0000	0.0000	0.0000	0.0000	0.0007	0.0000	0.0017	0.0000	0.0000	0.0000	0.0009	0.0000	0.0018	8771.1542	0.0000	0.0000	7.0513	0.0068	11.7448	3.2797	0.0000	0.0000	0.0000	0.0000	0.0000	0.0000	0.0000	0.0000	0.0000	0.0001	0.0000	0.0000	0.0000	0.0000	0.0000	0.0000	0.0000	0.0000	0.0004	0.0004	0.0000	0.0001	0.0001	0.0000	0.0003	0.0003	0.0000	0.0754	0.0460	0.0294	0.0217	0.0198	0.0019	0.0537	0.0262	0.0276	0.0000	0.0000	0.0000	0.0000	0.0000	0.0000	0.0000	0.0000	0.0000	0.0007	0.0000	0.0017	0.0000	0.0000	0.0000	0.0009	0.0000	0.0018			
24	58	0.1895	14	1	1	0	1	0	0	0	0	N	N	N	N	N	N	N	N	N	N	N	N	0.0000	0.0000	0.0001	0.0000	0.0000	0.0001	0.0000	0.0000	0.0001	0.0001	0.0000	0.0006	0.0000	0.0000	0.0000	0.0001	0.0000	0.0006	2.5382	0.0002	6.3049	0.0008	0.0005	0.0045	3.3612	0.0001	6.6811	inf	19379.0617	0.0000	0.4562	7.0513	5.8573	11.7448	13.1443	0.0000	0.0000	0.0000	0.0000	0.0000	0.0000	0.0000	0.0000	0.0000	0.9983	0.0001	0.9982	0.0001	0.0000	0.0000	0.9982	0.0000	0.9982	0.3154	0.2769	0.0385	0.0640	0.0612	0.0028	0.2513	0.2157	0.0357	0.3933	0.2350	0.1583	0.0963	0.0874	0.0089	0.2970	0.1476	0.1494	0.0000	0.0000	0.0001	0.0000	0.0000	0.0001	0.0000	0.0000	0.0001	2.5382	0.0002	6.3049	0.0008	0.0005	0.0045	3.3612	0.0001	6.6811
24	59	0.0802	6	1	2	1	0	0	0	0	0	N	Y	N	N	N	N	N	N	N	N	N	N	0.1821	0.0236	2912833.0128	0.0010	0.0012	0.0000	1006730.2625	185932.0722	7526338.8437	0.1105	0.0248	0.6902	0.0052	0.0056	0.0000	0.1249	0.0276	0.7367	0.6070	1.0504	0.0000	5.2855	4.7257	0.0000	0.0000	0.0000	0.0000	4.1250	0.0000	0.0023	-0.0395	7.0513	0.9979	11.7448	4.0614	0.0053	0.0010	0.0043	0.0000	0.0000	0.0000	0.0053	0.0010	0.0043	0.0728	0.0728	0.0000	0.0728	0.0728	0.0000	0.0000	0.0000	0.0000	0.0482	0.0420	0.0062	0.0058	0.0054	0.0004	0.0424	0.0366	0.0058	0.1200	0.0693	0.0506	0.0160	0.0154	0.0006	0.1040	0.0539	0.0501	0.1821	0.0236	2912833.0128	0.0011	0.0012	0.0000	1006730.2625	185932.0722	7526338.8437	0.6070	1.0504	0.0000	4.5542	4.7257	0.0000	0.0000	0.0000	0.0000
24	60	0.0718	5	1	2	0	0	0	0	0	0	N	Y	N	N	N	N	N	N	N	N	N	N	13.8483	9.1255	45.7562	0.0003	0.0002	3.0344	27.4925	11830.7970	47.9883	17.7951	10.2492	68.6528	0.0019	0.0012	0.0126	20.1697	11.7410	72.6353	1.2850	1.1231	1.5004	6.0093	5.4439	0.0041	0.7336	0.0010	1.5136	0.9939	1.0038	0.2337	-0.0057	7.0513	2.2356	11.7448	2.2044	1.9910	0.9986	0.9924	0.0000	0.0000	0.0000	1.9910	0.9986	0.9924	0.1347	0.0672	0.0675	0.0672	0.0672	0.0000	0.0675	0.0000	0.0675	0.1119	0.0974	0.0145	0.0132	0.0124	0.0008	0.0987	0.0850	0.0137	0.1048	0.0599	0.0450	0.0128	0.0124	0.0004	0.0921	0.0475	0.0446	13.8483	9.1255	45.7562	0.0004	0.0002	3.0344	27.4925	11830.7970	47.9883	1.2850	1.1231	1.5004	5.2540	5.4206	0.0041	0.7336	0.0010	1.5136
24	61	0.0830	5	2	1	1	0	0	0	0	0	Y	N	N	N	N	N	N	N	N	N	N	N	0.0004	0.2588	0.0000	2.0656	2.2683	0.0000	0.0000	0.0000	0.0000	0.0021	0.0024	0.0000	0.0227	0.0234	0.0000	0.0000	0.0000	0.0000	4.8168	0.0093	10.3046	0.0110	0.0103	0.0229	5.4971	0.0090	10.4453	0.0000	974.6156	-0.0001	0.4564	7.0513	2.0703	11.7448	7.0012	0.0002	0.0002	0.0000	0.0002	0.0002	0.0000	0.0000	0.0000	0.0000	1.0009	0.0010	0.9999	0.0003	0.0003	0.0000	1.0006	0.0008	0.9998	0.1056	0.0918	0.0138	0.0097	0.0094	0.0003	0.0959	0.0824	0.0135	0.2078	0.1108	0.0970	0.0258	0.0245	0.0013	0.1820	0.0863	0.0957	0.0004	0.2588	0.0000	2.0656	2.2683	0.0000	0.0000	0.0000	0.0000	4.8168	0.0093	10.3046	0.0110	0.0103	0.0229	5.4971	0.0090	10.4453
24	62	0.0814	4	1	1	0	0	0	0	0	0	N	N	N	N	N	N	N	N	N	N	N	N	0.3744	0.2849	0.4307	2.4800	2.4575	0.0000	0.0393	0.0000	0.4346	0.0560	0.0590	0.0360	0.6759	0.7031	0.0000	0.0051	0.0000	0.0368	0.1496	0.2072	0.0836	0.2725	0.2861	0.0004	0.1306	0.1825	0.0848	0.0926	0.3527	-0.0008	-0.0010	7.0513	0.9285	11.7448	0.0280	0.0026	0.0024	0.0002	0.0024	0.0024	0.0000	0.0002	0.0000	0.0002	0.0035	0.0026	0.0009	0.0008	0.0008	0.0000	0.0026	0.0017	0.0009	0.0462	0.0401	0.0061	0.0035	0.0034	0.0001	0.0427	0.0368	0.0060	0.0233	0.0124	0.0109	0.0031	0.0030	0.0001	0.0202	0.0095	0.0107	0.3744	0.2849	0.4307	2.4800	2.4575	0.0000	0.0393	0.0000	0.4346	0.1496	0.2072	0.0836	0.2725	0.2861	0.0004	0.1306	0.1825	0.0848
24	63	0.1265	7	2	2	0	0	0	0	0	0	Y	Y	N	N	N	N	N	N	N	N	N	N	0.0012	0.0000	0.2562	0.0003	0.0000	2.6632	0.0549	0.0000	0.2228	0.0000	0.0000	0.0000	0.0000	0.0000	0.0000	0.0000	0.0000	0.0000	0.0002	0.0004	0.0000	0.0016	0.0017	0.0000	0.0000	0.0000	0.0000	inf	0.0140	0.0000	-0.0000	7.0513	1.0023	11.7448	3.0135	0.0000	0.0000	0.0000	0.0000	0.0000	0.0000	0.0000	0.0000	0.0000	0.0000	0.0000	0.0000	0.0000	0.0000	0.0000	0.0000	0.0000	0.0000	0.0496	0.0431	0.0065	0.0060	0.0056	0.0004	0.0436	0.0375	0.0061	0.0873	0.0511	0.0361	0.0125	0.0117	0.0008	0.0748	0.0395	0.0353	0.0012	0.0000	0.2562	0.0003	0.0000	2.6632	0.0549	0.0000	0.2228	0.0002	0.0004	0.0000	0.0016	0.0017	0.0000	0.0000	0.0000	0.0000
24	64	0.1001	6	2	2	0	0	0	0	0	0	Y	Y	N	N	N	N	N	N	N	N	N	N	0.4957	0.4267	1.7344	7.1708	0.8116	1447.1001	0.4383	0.3690	1.4834	0.0004	0.0000	0.0027	0.0004	0.0000	0.0093	0.0004	0.0000	0.0024	0.0007	0.0001	0.0016	0.0001	0.0001	0.0000	0.0008	0.0001	0.0016	10.8698	14.9516	0.0000	0.0001	7.0513	3.0820	11.7448	9.3392	0.0001	0.0000	0.0001	0.0000	0.0000	0.0000	0.0001	0.0000	0.0000	0.0002	0.0000	0.0002	0.0000	0.0000	0.0000	0.0002	0.0000	0.0002	0.1805	0.1585	0.0221	0.0307	0.0297	0.0011	0.1498	0.1288	0.0210	0.2478	0.1393	0.1085	0.0298	0.0272	0.0026	0.2180	0.1121	0.1059	0.4957	0.4267	1.7344	7.1708	0.8116	1447.1001	0.4383	0.3690	1.4834	0.0007	0.0001	0.0016	0.0001	0.0001	0.0000	0.0008	0.0001	0.0016
24	65	0.0718	5	1	2	0	0	0	0	0	0	N	Y	N	N	N	N	N	N	N	N	N	N	0.0073	265.2343	0.0001	136.2159	313.1067	0.0004	0.0000	0.0000	0.0001	0.0405	0.0463	0.0008	0.3260	0.3455	0.0000	0.0001	0.0000	0.0009	5.5737	0.0002	12.3064	0.0024	0.0011	0.0295	6.1230	0.0000	12.4180	0.0027	58369.2376	-0.0014	0.4239	7.0513	1.7946	11.7448	5.9592	0.0037	0.0037	0.0000	0.0037	0.0037	0.0000	0.0000	0.0000	0.0000	0.9275	0.0000	0.9275	0.0000	0.0000	0.0000	0.9274	0.0000	0.9274	0.0914	0.0797	0.0117	0.0113	0.0107	0.0006	0.0801	0.0690	0.0111	0.1664	0.0910	0.0754	0.0149	0.0143	0.0007	0.1515	0.0768	0.0747	0.0073	265.2343	0.0001	136.2159	313.1067	0.0004	0.0000	0.0000	0.0001	5.5737	0.0002	12.3064	0.0024	0.0011	0.0295	6.1230	0.0000	12.4180
24	66	0.0650	4	1	2	0	0	0	0	0	0	N	Y	N	N	N	N	N	N	N	N	N	N	0.0807	0.1398	0.2811	0.0219	0.0215	3.5026	0.0882	7.7667	0.2945	0.0812	0.0079	0.5727	0.0089	0.0092	0.0038	0.0930	0.0077	0.6041	1.0073	0.0566	2.0376	0.4065	0.4257	0.0011	1.0534	0.0010	2.0514	10.8078	33.2520	0.0033	0.0319	7.0513	1.3569	11.7448	2.0560	0.0061	0.0005	0.0056	0.0001	0.0001	0.0000	0.0060	0.0004	0.0056	0.0745	0.0022	0.0723	0.0021	0.0021	0.0000	0.0723	0.0000	0.0723	0.0752	0.0654	0.0098	0.0105	0.0100	0.0005	0.0647	0.0555	0.0093	0.0739	0.0384	0.0355	0.0053	0.0050	0.0002	0.0687	0.0334	0.0352	0.0807	0.1398	0.2811	0.0219	0.0215	3.5026	0.0882	7.7667	0.2945	1.0073	0.0566	2.0376	0.4065	0.4257	0.0011	1.0534	0.0010	2.0514
24	67	0.0516	3	1	2	0	0	0	0	0	0	N	Y	N	N	N	N	N	N	N	N	N	N	32.0373	0.7657	636.5183	0.9420	1.0356	49.3492	190.4049	14.1241	767.9798	3.3178	0.1334	18.6689	0.3599	0.3973	0.1836	3.9269	0.0793	22.5645	0.1036	0.1742	0.0293	0.3821	0.3837	0.0037	0.0206	0.0056	0.0294	29.0325	0.1602	0.5945	-0.0104	7.0513	4.9477	11.7448	2.0153	1.0152	0.0338	0.9814	0.0188	0.0171	0.0017	0.9964	0.0167	0.9797	0.0256	0.0220	0.0035	0.0216	0.0216	0.0000	0.0039	0.0004	0.0035	0.3060	0.2534	0.0526	0.0522	0.0431	0.0091	0.2537	0.2103	0.0434	0.2469	0.1265	0.1204	0.0567	0.0564	0.0002	0.1903	0.0701	0.1201	32.0373	0.7657	636.5183	0.9420	1.0356	49.3492	190.4049	14.1241	767.9798	0.1036	0.1742	0.0293	0.3821	0.3837	0.0037	0.0206	0.0056	0.0294
24	68	0.2117	15	1	1	1	0	0	0	0	0	N	N	N	N	N	N	N	N	N	N	N	N	0.0000	0.0000	0.0000	0.0000	0.0000	0.0000	0.0000	0.0000	0.0000	0.0000	0.0000	0.0000	0.0000	0.0000	0.0000	0.1288	0.0000	0.3253	0.0011	0.0000	0.0076	0.1704	0.0000	0.3562	inf	0.0000	0.0044	7.0513	0.0000	11.7448	4.0001	0.0000	0.0000	0.0000	0.0000	0.0000	0.0000	0.0000	0.0000	0.0000	0.0097	0.0000	0.0097	0.0000	0.0000	0.0000	0.0097	0.0000	0.0097	0.0000	0.0000	0.0000	0.0000	0.0000	0.0000	0.0000	0.0000	0.0000	0.0751	0.0454	0.0298	0.0184	0.0158	0.0026	0.0567	0.0296	0.0271	0.0000	0.0000	0.0000	0.0000	0.0000	0.0000	0.0000	0.0000	0.0000	0.1288	0.0000	0.3253	0.0011	0.0000	0.0076	0.1704	0.0000	0.3562				
24	69	0.1895	14	1	1	0	0	0	0	0	0	N	N	N	N	N	N	N	N	N	N	N	N	0.0194	0.0000	160.1328	0.0000	0.0000	0.5524	3.0576	0.0000	167.5786	0.0001	0.0000	0.0010	0.0000	0.0000	0.0000	0.0002	0.0000	0.0011	0.0062	0.0102	0.0000	0.0229	0.0249	0.0000	0.0001	0.0001	0.0000	inf	0.0004	0.0000	-0.0009	7.0513	2.8240	11.7448	8.9883	0.0000	0.0000	0.0000	0.0000	0.0000	0.0000	0.0000	0.0000	0.0000	0.0017	0.0017	0.0000	0.0017	0.0017	0.0000	0.0000	0.0000	0.0000	0.1791	0.1580	0.0210	0.0453	0.0435	0.0018	0.1338	0.1146	0.0192	0.2746	0.1661	0.1084	0.0734	0.0674	0.0060	0.2011	0.0987	0.1024	0.0194	0.0000	160.1328	0.0000	0.0000	0.5524	3.0576	0.0000	167.5786	0.0062	0.0102	0.0000	0.0229	0.0249	0.0000	0.0001	0.0001	0.0000
24	70	0.1805	13	1	1	0	0	0	0	0	0	N	N	N	N	N	N	N	N	N	N	N	N	4.2822	0.6706	12.0388	1.9062	1.8974	0.0000	3.4744	0.4075	12.1353	0.0459	0.0006	0.3501	0.0017	0.0018	0.0000	0.0544	0.0004	0.3697	0.0107	0.0010	0.0291	0.0009	0.0010	0.0000	0.0157	0.0009	0.0305	81.7969	16.2975	0.0020	0.0007	7.0513	1.4521	11.7448	3.5882	0.0033	0.0000	0.0033	0.0000	0.0000	0.0000	0.0033	0.0000	0.0033	0.0017	0.0001	0.0016	0.0000	0.0000	0.0000	0.0017	0.0001	0.0016	0.0722	0.0629	0.0094	0.0116	0.0111	0.0005	0.0606	0.0518	0.0089	0.1593	0.1039	0.0554	0.0532	0.0507	0.0025	0.1061	0.0532	0.0528	4.2822	0.6706	12.0388	1.9062	1.8974	0.0000	3.4744	0.4075	12.1353	0.0107	0.0010	0.0291	0.0009	0.0010	0.0000	0.0157	0.0009	0.0305
24	71	0.1778	12	1	1	0	0	0	0	0	0	N	N	N	N	N	N	N	N	N	N	N	N	130924.1014	1704.8524	54134079.7271	2612.2716	2275.5318	inf	102293.3594	1004.9008	55134667.5724	14.4363	0.2749	110.8001	0.0113	0.0102	0.0513	18.0369	0.3507	115.9172	0.0001	0.0002	0.0000	0.0000	0.0000	0.0000	0.0002	0.0003	0.0000	59.2397	0.0060	0.5977	-0.0000	7.0513	1.1783	11.7448	0.9542	0.9923	0.0165	0.9758	0.0002	0.0001	0.0000	0.9921	0.0163	0.9758	0.0000	0.0000	0.0000	0.0000	0.0000	0.0000	0.0000	0.0000	0.0000	0.0687	0.0599	0.0088	0.0137	0.0133	0.0004	0.0550	0.0466	0.0084	0.0926	0.0630	0.0297	0.0356	0.0343	0.0013	0.0571	0.0287	0.0284	130924.1014	1704.8524	54134079.7271	2612.2716	2275.5318	inf	102293.3594	1004.9008	55134667.5724	0.0001	0.0002	0.0000	0.0000	0.0000	0.0000	0.0002	0.0003	0.0000
24	72	0.1732	11	1	1	0	0	0	0	0	0	N	N	N	N	N	N	N	N	N	N	N	N	520013.5679	397549.4295	1354168.4749	591522.1885	593434.1283	664012.4798	2600656.4463	1382808.3026	0.5091	0.3536	1.5509	0.9770	1.0222	0.0000	0.4215	0.2136	1.6388	0.0000	0.0000	0.0000	0.0000	0.0000	0.0000	0.0000	0.0000	0.0000	0.6547	0.6937	0.0008	-0.0000	7.0513	2.0762	11.7448	1.4610	0.0534	0.0323	0.0211	0.0161	0.0161	0.0000	0.0372	0.0161	0.0211	0.0000	0.0000	0.0000	0.0000	0.0000	0.0000	0.0000	0.0000	0.0000	0.1048	0.0912	0.0136	0.0165	0.0158	0.0007	0.0883	0.0754	0.0129	0.1107	0.0719	0.0388	0.0375	0.0354	0.0021	0.0732	0.0365	0.0367	520013.5679	397549.4295	1354168.4749	591522.1885	593434.1283	0.0000	664012.4798	2600656.4463	1382808.3026	0.0000	0.0000	0.0000	0.0000	0.0000	0.0000	0.0000	0.0000	0.0000	
24	73	0.1090	7	1	1	0	0	0	0	0	0	N	N	N	N	N	N	N	N	N	N	N	N	0.0000	0.0000	0.0000	0.0000	0.0000	0.0000	0.0000	0.0000	0.0000	0.0000	0.0000	0.0000	0.0000	0.0000	0.0000	0.0000	0.0000	0.0000	4.9089	8.8401	0.0001	19.3595	20.7297	0.0000	2.8723	5.6941	0.0001	0.0000	0.0000	-0.0000	-1.0832	7.0513	4.0673	11.7448	17.8409	0.0000	0.0000	0.0000	0.0000	0.0000	0.0000	0.0000	0.0000	0.0000	1.9949	1.9949	0.0000	0.9788	0.9788	0.0000	1.0161	1.0161	0.0000	0.2250	0.1972	0.0279	0.0337	0.0325	0.0012	0.1913	0.1646	0.0267	0.4064	0.2257	0.1807	0.0526	0.0472	0.0054	0.3538	0.1784	0.1753	0.0000	0.0000	0.0000	0.0000	0.0000	0.0000	0.0000	0.0000	0.0000	4.9089	8.8401	0.0001	18.5974	20.7297	0.0000	2.8723	5.6941	0.0001
24	75	0.2457	11	1	1	0	0	0	0	0	0	N	N	N	N	N	N	N	N	N	N	N	N	0.0677	0.0530	0.0012	0.3665	0.3604	0.0154	0.0002	0.0001	0.0001	0.0691	0.0787	0.0000	0.2076	0.2280	0.0001	0.0002	0.0003	0.0000	1.0199	1.4855	0.0160	0.5666	0.6327	0.0047	1.3871	2.6932	0.0180	0.0000	0.0050	-0.0080	-0.8126	7.0513	3.5843	11.7448	46.7516	0.0211	0.0211	0.0000	0.0211	0.0211	0.0000	0.0000	0.0000	0.0000	1.5105	1.5030	0.0075	0.3755	0.3752	0.0003	1.1350	1.1278	0.0072	0.3058	0.2684	0.0374	0.1015	0.0924	0.0091	0.2043	0.1760	0.0283	1.4810	1.0118	0.4692	0.6628	0.5931	0.0697	0.8182	0.4188	0.3994	0.0677	0.0530	0.0012	0.3665	0.3604	0.0154	0.0002	0.0001	0.0001	1.0199	1.4855	0.0160	0.5666	0.6327	0.0047	1.3871	2.6932	0.0180
24	76	0.1102	7	2	2	1	0	0	0	0	0	Y	Y	N	N	N	N	N	N	N	N	N	N	0.0000	0.0000	0.0000	0.0000	0.0000	0.0000	0.0000	0.0000	0.0000	0.0000	0.0000	0.0000	0.0000	0.0000	0.0000	0.0000	0.0295	0.0000	0.0640	0.0000	0.0000	0.0000	0.0362	0.0000	0.0658	9962.5404	0.0000	0.0006	7.0513	1.0003	11.7448	1.0071	0.0000	0.0000	0.0000	0.0000	0.0000	0.0000	0.0000	0.0000	0.0000	0.0014	0.0000	0.0014	0.0000	0.0000	0.0000	0.0014	0.0000	0.0014	0.0472	0.0410	0.0062	0.0046	0.0044	0.0002	0.0426	0.0366	0.0060	0.0465	0.0251	0.0214	0.0087	0.0081	0.0006	0.0378	0.0170	0.0208	0.0000	0.0000	0.0000	0.0000	0.0000	0.0000	0.0000	0.0000	0.0000	0.0295	0.0000	0.0640	0.0000	0.0000	0.0000	0.0362	0.0000	0.0658			
24	77	0.1035	6	2	1	1	0	0	0	0	0	Y	N	N	N	N	N	N	N	N	N	N	N	0.0001	0.0000	0.0002	0.5859	0.0000	1067.6163	0.0000	0.0001	0.0004	0.0000	0.0032	0.0021	0.0000	0.0485	0.0002	0.0000	0.0017	4.0320	0.0019	13.9283	0.0035	0.0036	0.0000	6.4119	0.0000	14.0803	inf	3062.2886	0.0000	0.3771	7.0513	0.9901	11.7448	2.2068	0.0000	0.0000	0.0000	0.0000	0.0000	0.0000	0.0000	0.0000	0.0000	0.8258	0.0003	0.8255	0.0003	0.0003	0.0000	0.8255	0.0000	0.8255	0.0475	0.0413	0.0062	0.0048	0.0046	0.0002	0.0427	0.0367	0.0060	0.2048	0.1455	0.0593	0.0761	0.0754	0.0006	0.1287	0.0701	0.0586	0.0001	0.0000	0.0002	0.5859	0.0000	1067.6163	0.0000	0.0000	0.0001	4.0320	0.0019	13.9283	0.0035	0.0036	0.0000	6.4119	0.0000	14.0803	
24	78	0.1265	8	1	2	0	0	0	0	0	0	N	Y	N	N	N	N	N	N	N	N	N	N	32.1543	36.8861	0.0391	81.2126	80.1695	0.0002	0.0118	0.0143	0.0409	0.0965	0.1099	0.0001	0.6868	0.7167	0.0000	0.0000	0.0000	0.0001	0.0030	0.0030	0.0030	0.0085	0.0089	0.0028	0.0015	0.0000	0.0030	0.0002	0.6527	-0.0170	-0.0002	7.0513	8.4371	11.7448	15.3349	0.0446	0.0446	0.0000	0.0446	0.0446	0.0000	0.0000	0.0000	0.0000	0.0016	0.0010	0.0006	0.0010	0.0010	0.0000	0.0006	0.0000	0.0006	0.4624	0.4057	0.0567	0.0649	0.0622	0.0027	0.3974	0.3434	0.0540	0.5392	0.3285	0.2108	0.1176	0.1084	0.0092	0.4216	0.2201	0.2015	32.1543	36.8861	0.0391	81.2126	80.1695	0.0002	0.0118	0.0143	0.0409	0.0030	0.0030	0.0030	0.0085	0.0089	0.0028	0.0015	0.0000	0.0030
24	79	0.1035	6	2	1	1	0	0	0	0	0	Y	N	N	N	N	N	N	N	N	N	N	N	2.7346	51524.2818	0.0000	201595.4555	207140.4661	0.0000	inf	0.0000	7.0643	8.1291	0.0000	72.8201	76.2733	0.0000	0.0001	0.0001	0.0000	2.5833	0.0002	7.1889	0.0004	0.0004	0.0000	3.5869	0.0000	7.2969	0.0000	25556.1961	-0.3811	0.3778	7.0513	3.0096	11.7448	5.7427	1.0000	1.0000	0.0000	1.0000	1.0000	0.0000	0.0000	0.0000	0.0000	0.8267	0.0000	0.8267	0.0000	0.0000	0.0000	0.8267	0.0000	0.8267	0.1416	0.1230	0.0185	0.0137	0.0131	0.0006	0.1278	0.1099	0.0179	0.3200	0.2050	0.1150	0.0896	0.0878	0.0017	0.2305	0.1172	0.1133	2.7346	51524.2818	0.0000	201595.4555	207140.4661	0.0000	0.0000	inf	0.0000	2.5833	0.0002	7.1889	0.0004	0.0004	0.0000	3.5869	0.0000	7.2969	
24	80	0.0878	5	2	1	1	0	0	0	0	0	Y	N	N	N	N	N	N	N	N	N	N	N	0.4279	0.0005	2.2780	0.0019	0.0009	19.2968	0.6222	0.0002	2.3207	0.5917	0.0004	4.6821	0.0054	0.0025	0.1068	0.6897	0.0000	4.8311	1.3828	0.8389	2.0553	2.7764	2.8755	0.0055	1.1085	0.0187	2.0817	1686.2327	1.9811	0.0207	0.0317	7.0513	1.0477	11.7448	6.1154	0.0335	0.0000	0.0334	0.0000	0.0000	0.0000	0.0334	0.0000	0.0334	0.2606	0.0874	0.1731	0.0860	0.0860	0.0000	0.1745	0.0014	0.1731	0.0565	0.0494	0.0071	0.0081	0.0079	0.0002	0.0485	0.0415	0.0069	0.1884	0.1042	0.0842	0.0310	0.0299	0.0011	0.1574	0.0743	0.0832	0.4279	0.0005	2.2780	0.0019	0.0009	19.2968	0.6222	0.0002	2.3207	1.3828	0.8389	2.0553	2.7764	2.8755	0.0055	1.1085	0.0187	2.0817
24	81	0.0814	4	1	1	0	0	0	0	0	0	N	N	N	N	N	N	N	N	N	N	N	N	1.5744	0.0000	3051.8291	0.0012	0.0001	1.8570	84.7315	0.0002	4841.4101	20.1642	0.0006	152.6096	0.1248	0.0060	2.8665	21.7077	0.0001	156.0523	12.8079	24.0751	0.0500	100.1062	105.2974	1.5436	0.2562	0.5331	0.0322	39262.1709	0.0018	1.2109	-0.4919	7.0513	1.9794	11.7448	1.0196	1.9565	0.0000	1.9564	0.0009	0.0000	0.0008	1.9556	0.0000	1.9556	0.9090	0.9074	0.0017	0.8931	0.8925	0.0006	0.0159	0.0148	0.0011	0.0970	0.0842	0.0128	0.0069	0.0067	0.0003	0.0901	0.0776	0.0125	0.0710	0.0377	0.0333	0.0089	0.0085	0.0004	0.0621	0.0292	0.0328	1.5744	0.0000	3051.8291	0.0012	0.0001	2.1080	84.7315	0.0003	4841.4101	12.8079	24.0751	0.0500	100.1062	105.2974	1.3598	0.2562	0.5080	0.0322
24	82	0.0792	3	1	1	0	0	0	0	0	0	N	N	N	N	N	N	N	N	N	N	N	N	0.8970	0.3018	14.3969	1.9456	1.9463	29.8646	0.9936	0.0334	14.4611	0.0958	0.0537	0.3681	0.8313	0.8693	0.0004	0.0546	0.0030	0.3746	0.1068	0.1779	0.0256	0.4273	0.4466	0.0000	0.0549	0.0884	0.0259	1.0602	0.1259	0.0006	-0.0012	7.0513	1.0114	11.7448	0.0202	0.0048	0.0023	0.0025	0.0022	0.0022	0.0000	0.0026	0.0001	0.0025	0.0028	0.0025	0.0003	0.0015	0.0015	0.0000	0.0012	0.0009	0.0003	0.0498	0.0431	0.0067	0.0026	0.0025	0.0001	0.0472	0.0406	0.0066	0.0259	0.0138	0.0121	0.0036	0.0034	0.0002	0.0223	0.0103	0.0119	0.8970	0.3018	14.3969	1.9456	1.9463	29.8646	0.9936	0.0334	14.4611	0.1068	0.1779	0.0256	0.4273	0.4466	0.0000	0.0549	0.0884	0.0259
24	83	0.0587	2	1	1	0	0	0	0	0	0	N	N	N	N	N	N	N	N	N	N	N	N	8.6639	37.2916	21.8879	51.7994	51.9062	10.6538	6.7514	21.5834	21.8322	9.9932	3.8720	50.2073	0.9044	0.9157	0.0515	10.4989	4.0605	50.4720	1.1534	0.1038	2.2938	0.0175	0.0176	0.0048	1.5551	0.1881	2.3118	1.9737	20.3329	0.8503	0.1765	7.0513	5.9223	11.7448	3.6882	3.0083	1.0116	1.9966	0.0143	0.0143	0.0000	2.9939	0.9973	1.9966	0.4303	0.0202	0.4102	0.0017	0.0017	0.0000	0.4286	0.0185	0.4101	0.3010	0.2613	0.0398	0.0159	0.0157	0.0002	0.2852	0.2456	0.0396	0.3731	0.1943	0.1788	0.0975	0.0961	0.0014	0.2756	0.0982	0.1774	8.6639	37.2916	21.8879	51.7994	51.9062	10.6538	6.7514	21.5834	21.8322	1.1534	0.1038	2.2938	0.0175	0.0176	0.0048	1.5551	0.1881	2.3118
24	84	0.1464	10	1	2	0	0	0	0	0	0	N	Y	N	N	N	N	N	N	N	N	N	N	0.0336	0.0888	0.0019	0.2757	0.2931	0.0006	0.0028	0.0931	0.0020	0.0000	0.0000	0.0000	0.0004	0.0004	0.0000	0.0000	0.0000	0.0000	0.0012	0.0005	0.0023	0.0014	0.0014	0.0014	0.0012	0.0000	0.0024	0.0142	2.8561	-0.0000	0.0002	7.0513	7.1084	11.7448	28.8937	0.0000	0.0000	0.0000	0.0000	0.0000	0.0000	0.0000	0.0000	0.0000	0.0009	0.0002	0.0007	0.0003	0.0002	0.0000	0.0007	0.0000	0.0007	0.3492	0.3040	0.0453	0.0338	0.0316	0.0022	0.3155	0.2724	0.0431	0.7510	0.4536	0.2974	0.1780	0.1588	0.0193	0.5730	0.2949	0.2781	0.0336	0.0888	0.0019	0.2757	0.2931	0.0006	0.0028	0.0931	0.0020	0.0012	0.0005	0.0023	0.0014	0.0014	0.0014	0.0012	0.0000	0.0024
24	85	0.1389	9	1	2	0	0	0	0	0	0	N	Y	N	N	N	N	N	N	N	N	N	N	0.0673	0.0396	0.5844	0.0633	0.0615	0.3916	0.0871	0.0215	0.6234	0.0003	0.0003	0.0009	0.0007	0.0007	0.0005	0.0002	0.0001	0.0010	0.0049	0.0065	0.0016	0.0104	0.0109	0.0012	0.0021	0.0025	0.0016	0.4374	0.1168	-0.0000	-0.0005	7.0513	2.2208	11.7448	3.9129	0.0001	0.0000	0.0000	0.0000	0.0000	0.0000	0.0000	0.0000	0.0000	0.0012	0.0010	0.0001	0.0008	0.0008	0.0000	0.0003	0.0002	0.0001	0.1778	0.1584	0.0193	0.0553	0.0526	0.0027	0.1224	0.1058	0.0166	0.2351	0.1587	0.0763	0.0796	0.0759	0.0038	0.1554	0.0829	0.0726	0.0673	0.0396	0.5844	0.0633	0.0615	0.3916	0.0871	0.0215	0.6234	0.0049	0.0065	0.0016	0.0104	0.0109	0.0012	0.0021	0.0025	0.0016
24	86	0.2144	11	1	1	1	0	0	0	0	0	N	N	N	N	N	N	N	N	N	N	N	N	0.0000	0.0000	0.2224	0.0447	0.0411	1.6941	0.0000	0.0000	0.0765	0.0001	0.0001	0.0000	0.0004	0.0004	0.0002	0.0000	0.0000	0.0000	3.5697	5.9544	0.0001	0.0096	0.0107	0.0001	4.6798	9.2337	0.0001	0.0369	0.0000	-0.0000	-0.5199	7.0513	5.3425	11.7448	7.0749	0.0000	0.0000	0.0000	0.0000	0.0000	0.0000	0.0000	0.0000	0.0000	0.9575	0.9575	0.0000	0.0006	0.0006	0.0000	0.9569	0.9569	0.0000	0.2893	0.2542	0.0350	0.0401	0.0381	0.0019	0.2492	0.2161	0.0331	0.2682	0.1608	0.1074	0.0638	0.0572	0.0066	0.2045	0.1036	0.1008	0.0000	0.0000	0.2224	0.0447	0.0411	1.6941	0.0000	0.0000	0.0765	3.5697	5.9544	0.0001	0.0096	0.0107	0.0001	4.6798	9.2337	0.0001
24	87	0.1712	10	1	1	0	0	0	0	0	0	N	N	N	N	N	N	N	N	N	N	N	N	0.0018	0.0010	1.5508	0.0489	0.0409	7.4593	0.0002	0.0000	0.9517	0.0024	0.0021	0.0052	0.0103	0.0095	0.0241	0.0004	0.0000	0.0032	1.3332	2.0664	0.0033	0.2116	0.2331	0.0032	1.8863	3.6550	0.0033	0.3306	0.0009	-0.0001	-0.4324	7.0513	7.0719	11.7448	13.7350	0.0010	0.0008	0.0003	0.0009	0.0008	0.0001	0.0001	0.0000	0.0001	0.7977	0.7970	0.0007	0.0418	0.0417	0.0001	0.7559	0.7553	0.0006	0.4315	0.3812	0.0504	0.0872	0.0825	0.0048	0.3443	0.2987	0.0456	0.5984	0.3857	0.2126	0.1976	0.1791	0.0185	0.4007	0.2066	0.1941	0.0018	0.0010	1.5508	0.0489	0.0409	7.4593	0.0002	0.0000	0.9517	1.3332	2.0664	0.0033	0.2116	0.2331	0.0032	1.8863	3.6550	0.0033
24	88	0.0820	6	2	1	1	0	0	0	0	0	Y	N	N	N	N	N	N	N	N	N	N	N	0.0000	0.0000	0.0000	0.0000	0.0000	0.0000	0.0000	0.0000	0.0000	0.0000	0.0000	0.0000	0.0000	0.0000	0.0000	0.0000	0.0000	0.0000	0.0000	0.0000	7.0513	0.0000	11.7448	0.0000	0.0000	0.0000	0.0000	0.0000	0.0000	0.0000	0.0000	0.0000	0.0000	0.0000	0.0000	0.0000	0.0000	0.0000	0.0000	0.0000	0.0000	0.0000	0.0000	0.0000	0.0000	0.0000	0.0000	0.0000	0.0000	0.0000	0.0000	0.0000	0.0000	0.0000	0.0000	0.0000	0.0000	0.0000	0.0000	0.0000	0.0000	0.0000	0.0000	0.0000	0.0000	0.0000	0.0000	0.0000	0.0000	0.0000	0.0000	0.0000	0.0000	0.0000	0.0000	0.0000	0.0000	0.0000											
24	89	0.0801	5	2	1	1	0	0	0	0	0	Y	N	N	N	N	N	N	N	N	N	N	N	0.0004	0.0003	0.0000	0.0003	0.0003	0.0000	0.0000	0.0000	0.0000	0.0001	0.0001	0.0000	0.0003	0.0003	0.0000	0.0000	0.0000	0.0000	0.2313	0.3675	0.0000	0.7962	0.8085	0.0005	0.0051	0.0104	0.0000	0.0000	0.0000	-0.0000	-0.0048	7.0513	0.0001	11.7448	0.9161	0.0000	0.0000	0.0000	0.0000	0.0000	0.0000	0.0000	0.0000	0.0000	0.0088	0.0088	0.0000	0.0086	0.0086	0.0000	0.0001	0.0001	0.0000	0.0000	0.0000	0.0000	0.0000	0.0000	0.0000	0.0000	0.0000	0.0000	0.0379	0.0239	0.0141	0.0108	0.0107	0.0002	0.0271	0.0132	0.0139	0.0004	0.0003	0.0000	0.0003	0.0003	0.0000	0.0000	0.0000	0.0000	0.2313	0.3675	0.0000	0.7962	0.8085	0.0005	0.0051	0.0104	0.0000
24	90	0.0553	4	2	1	1	0	0	0	0	0	Y	N	N	N	N	N	N	N	N	N	N	N	0.0124	0.0075	0.0043	0.3537	0.3720	0.0008	0.0000	0.0000	0.0044	0.0415	0.0478	0.0000	0.5399	0.5728	0.0000	0.0001	0.0001	0.0000	3.3339	6.4080	0.0035	1.5262	1.5400	0.0044	3.6470	8.3141	0.0035	0.0000	0.0005	-0.0031	-0.5604	7.0513	3.7876	11.7448	7.8440	0.0081	0.0081	0.0000	0.0081	0.0081	0.0000	0.0000	0.0000	0.0000	1.0330	1.0325	0.0005	0.0698	0.0698	0.0000	0.9632	0.9627	0.0005	0.1949	0.1692	0.0257	0.0149	0.0141	0.0009	0.1800	0.1551	0.0249	0.3098	0.1611	0.1487	0.0457	0.0453	0.0004	0.2641	0.1158	0.1483	0.0124	0.0075	0.0043	0.3537	0.3720	0.0008	0.0000	0.0000	0.0044	3.3339	6.4080	0.0035	1.5262	1.5400	0.0044	3.6470	8.3141	0.0035
24	91	0.1194	8	1	2	0	1	0	0	0	0	N	Y	N	N	N	N	N	N	N	N	N	N	0.0165	0.2330	0.0467	0.2897	0.3430	0.0000	0.0133	0.0014	0.0470	0.0004	0.0001	0.0028	0.0005	0.0005	0.0000	0.0004	0.0000	0.0029	0.0256	0.0004	0.0601	0.0016	0.0014	0.0040	0.0310	0.0001	0.0622	3.6263	98.9701	0.0000	0.0043	7.0513	1.8247	11.7448	16.3284	0.0001	0.0000	0.0000	0.0000	0.0000	0.0000	0.0000	0.0000	0.0000	0.0096	0.0001	0.0095	0.0001	0.0001	0.0000	0.0095	0.0000	0.0094	0.1189	0.1049	0.0140	0.0237	0.0232	0.0005	0.0952	0.0817	0.0134	0.3736	0.2161	0.1575	0.0688	0.0632	0.0056	0.3048	0.1529	0.1519	0.0165	0.2330	0.0467	0.2897	0.3430	0.0000	0.0133	0.0014	0.0470	0.0256	0.0004	0.0601	0.0016	0.0014	0.0040	0.0310	0.0001	0.0622
24	92	0.1090	7	1	2	0	0	0	0	0	0	N	Y	N	N	N	N	N	N	N	N	N	N	0.0139	0.0000	0.0895	0.0000	0.0000	0.0000	0.0264	0.0000	0.0946	0.0000	0.0000	0.0003	0.0000	0.0000	0.0000	0.0000	0.0000	0.0003	0.0030	0.0024	0.0036	0.0111	0.0118	0.0048	0.0018	0.0000	0.0036	inf	1.1936	0.0000	0.0000	7.0513	9.1310	11.7448	16.1726	0.0000	0.0000	0.0000	0.0000	0.0000	0.0000	0.0000	0.0000	0.0000	0.0014	0.0006	0.0007	0.0007	0.0006	0.0000	0.0007	0.0000	0.0007	0.4558	0.3978	0.0580	0.0552	0.0526	0.0026	0.4006	0.3452	0.0554	0.4609	0.2559	0.2050	0.0589	0.0527	0.0062	0.4020	0.2032	0.1989	0.0139	0.0000	0.0895	0.0000	0.0000	0.0000	0.0264	0.0000	0.0946	0.0030	0.0024	0.0036	0.0111	0.0118	0.0048	0.0018	0.0000	0.0036
24	93	0.1939	13	1	2	0	0	0	0	0	0	N	Y	N	N	N	N	N	N	N	N	N	N	0.0000	0.0000	0.0000	0.0000	0.0000	0.0000	0.0000	0.0000	0.0000	0.0000	0.0000	0.0000	0.0000	0.0000	0.0000	0.0000	0.0000	0.0002	0.0003	0.0000	0.0006	0.0006	0.0000	0.0000	0.0000	0.0000	0.0002	0.0000	-0.0000	7.0513	4.0959	11.7448	8.7137	0.0000	0.0000	0.0000	0.0000	0.0000	0.0000	0.0000	0.0000	0.0000	0.0001	0.0001	0.0000	0.0001	0.0001	0.0000	0.0000	0.0000	0.0000	0.2114	0.1840	0.0274	0.0303	0.0290	0.0012	0.1812	0.1550	0.0262	0.3118	0.1965	0.1153	0.1048	0.0932	0.0116	0.2070	0.1034	0.1037	0.0000	0.0000	0.0000	0.0000	0.0000	0.0000	0.0000	0.0000	0.0000	0.0002	0.0003	0.0000	0.0006	0.0006	0.0000	0.0000	0.0000	0.0000		
24	94	0.1756	12	1	2	0	0	0	0	0	0	N	Y	N	N	N	N	N	N	N	N	N	N	0.0000	0.0000	0.0000	0.0000	0.0000	0.0000	0.0000	0.0000	0.0000	0.0000	0.0000	0.0000	0.0000	0.0000	0.0000	0.0000	0.0000	0.0000	0.0003	0.0003	0.0003	0.0005	0.0006	0.0000	0.0002	0.0001	0.0003	0.4976	0.0000	-0.0000	7.0513	2.9443	11.7448	6.1524	0.0000	0.0000	0.0000	0.0000	0.0000	0.0000	0.0000	0.0000	0.0000	0.0001	0.0000	0.0000	0.0000	0.0000	0.0000	0.0000	0.0000	0.0000	0.1609	0.1396	0.0213	0.0302	0.0291	0.0010	0.1307	0.1105	0.0202	0.1961	0.1208	0.0753	0.0579	0.0522	0.0057	0.1382	0.0687	0.0696	0.0000	0.0000	0.0000	0.0000	0.0000	0.0000	0.0000	0.0000	0.0000	0.0003	0.0003	0.0003	0.0005	0.0006	0.0000	0.0002	0.0001	0.0003	
24	95	0.1732	11	1	1	0	0	0	0	0	0	N	N	N	N	N	N	N	N	N	N	N	N	466446.8660	1206186.7490	0.0000	13228.5366	13823.7249	516143.5749	inf	0.0000	0.3536	0.4064	0.0000	0.0084	0.0087	0.0000	0.4286	0.5043	0.0000	0.0000	0.0000	0.0000	0.0000	0.0000	0.0000	0.0000	0.0000	0.0000	0.0000	2.3422	-0.0063	0.0000	7.0513	0.8596	11.7448	1.2300	0.0164	0.0164	0.0000	0.0001	0.0001	0.0000	0.0164	0.0164	0.0000	0.0000	0.0000	0.0000	0.0000	0.0000	0.0000	0.0000	0.0000	0.0000	0.0465	0.0404	0.0060	0.0083	0.0080	0.0003	0.0382	0.0324	0.0057	0.0838	0.0564	0.0274	0.0313	0.0300	0.0012	0.0525	0.0264	0.0261	466446.8660	1206186.7490	0.0000	13228.5366	13823.7249	0.0000	516143.5749	inf	0.0000	0.0000	0.0000	0.0000	0.0000	0.0000	0.0000	0.0000	0.0000	0.0000	
24	96	0.1613	10	1	1	0	0	0	0	0	0	N	N	N	N	N	N	N	N	N	N	N	N	33880.2140	25868.1133	813.6442	401.1275	382.3761	53177.9910	674113.8475	inf	111.7657	3.6785	4.2446	0.0109	0.1244	0.1255	0.1022	4.9786	5.9666	0.0016	0.0001	0.0002	0.0000	0.0003	0.0003	0.0000	0.0000	0.0000	0.0000	0.0004	0.0478	-0.3778	-0.0000	7.0513	3.7737	11.7448	2.5241	0.9924	0.9920	0.0004	0.0090	0.0086	0.0003	0.9834	0.9833	0.0001	0.0000	0.0000	0.0000	0.0000	0.0000	0.0000	0.0000	0.0000	0.0000	0.2698	0.2337	0.0361	0.0723	0.0689	0.0034	0.1975	0.1648	0.0327	0.1943	0.1227	0.0716	0.0649	0.0614	0.0036	0.1294	0.0614	0.0680	33880.2140	25868.1133	813.6442	401.1275	382.3761	53177.9910	674113.8475	inf	111.7657	0.0001	0.0002	0.0000	0.0003	0.0003	0.0000	0.0000	0.0000	0.0000
24	97	0.1405	9	1	1	0	0	0	0	0	0	N	N	N	N	N	N	N	N	N	N	N	N	27.1769	21.7367	1.9614	87.1229	84.0719	57.2730	1.4953	1.2870	1.8803	0.0224	0.0256	0.0006	0.2036	0.2147	0.0005	0.0005	0.0005	0.0006	0.0008	0.0012	0.0003	0.0023	0.0026	0.0000	0.0004	0.0004	0.0003	0.0033	0.1646	-0.0027	-0.0001	7.0513	6.4922	11.7448	4.5502	0.0071	0.0071	0.0000	0.0070	0.0070	0.0000	0.0002	0.0001	0.0000	0.0002	0.0002	0.0000	0.0001	0.0001	0.0000	0.0001	0.0000	0.0000	0.3191	0.2775	0.0417	0.0343	0.0325	0.0018	0.2848	0.2449	0.0399	0.2495	0.1495	0.1000	0.0586	0.0536	0.0050	0.1909	0.0959	0.0950	27.1769	21.7367	1.9614	87.1229	84.0719	57.2730	1.4953	1.2870	1.8803	0.0008	0.0012	0.0003	0.0023	0.0026	0.0000	0.0004	0.0004	0.0003
24	98	0.0553	4	1	2	0	0	0	0	0	0	N	Y	N	N	N	N	N	N	N	N	N	N	4.0469	37.9656	0.0000	0.2062	0.2163	0.0001	4.3329	8729.1865	0.0000	12.5183	14.3771	0.0000	0.2980	0.3157	0.0000	14.5188	16.9083	0.0000	3.0933	0.3787	6.0053	1.4454	1.4593	0.0478	3.3508	0.0019	6.0218	0.0000	14.7836	-0.3763	0.4199	7.0513	1.3608	11.7448	12.1483	0.9874	0.9874	0.0000	0.0033	0.0033	0.0000	0.9841	0.9841	0.0000	1.0667	0.0676	0.9991	0.0673	0.0673	0.0000	0.9993	0.0003	0.9991	0.0789	0.0687	0.0102	0.0111	0.0105	0.0006	0.0678	0.0582	0.0096	0.3448	0.1785	0.1664	0.0466	0.0461	0.0005	0.2982	0.1323	0.1659	4.0469	37.9656	0.0000	0.2062	0.2163	0.0001	4.3329	8729.1865	0.0000	3.0933	0.3787	6.0053	1.4454	1.4593	0.0478	3.3508	0.0019	6.0218
24	99	0.0516	3	1	1	0	0	0	0	0	0	N	N	N	N	N	N	N	N	N	N	N	N	0.2525	0.2122	0.1000	0.3294	0.4030	0.1010	0.1360	0.1213	0.1331	0.3007	0.3662	0.0604	0.7424	0.9102	0.0109	0.0820	0.0824	0.0805	1.1908	1.7261	0.6038	2.2538	2.2586	0.1075	0.6026	0.6792	0.6046	0.0450	0.3189	-0.0148	-0.0560	7.0513	1.5300	11.7448	0.7696	0.0439	0.0420	0.0019	0.0359	0.0358	0.0001	0.0080	0.0062	0.0018	0.1861	0.1411	0.0450	0.1255	0.1254	0.0000	0.0606	0.0156	0.0450	0.1461	0.1148	0.0313	0.0484	0.0393	0.0090	0.0977	0.0754	0.0223	0.1563	0.0817	0.0745	0.0557	0.0555	0.0001	0.1006	0.0262	0.0744	0.2525	0.2122	0.1000	0.3294	0.4030	0.1010	0.1360	0.1381	0.1331	1.1908	1.7261	0.6038	2.2538	2.2586	0.1075	0.6026	0.5967	0.6046
24	100	0.0428	2	1	1	0	0	0	0	0	0	N	N	N	N	N	N	N	N	N	N	N	N	0.2204	0.1561	0.4412	1.6196	1.6700	5.9203	0.1007	0.0412	0.4401	0.2528	0.2386	0.3340	4.2669	4.3496	0.3916	0.0589	0.0086	0.3337	1.1469	1.5282	0.7570	2.6345	2.6046	0.0661	0.5848	0.2080	0.7581	0.2443	0.4845	-0.0089	-0.0609	7.0513	3.6906	11.7448	1.4800	0.0482	0.0387	0.0095	0.0375	0.0374	0.0001	0.0107	0.0013	0.0094	0.2812	0.1894	0.0918	0.1778	0.1778	0.0000	0.1033	0.0116	0.0918	0.1905	0.1622	0.0283	0.0088	0.0086	0.0002	0.1817	0.1536	0.0281	0.2452	0.1239	0.1212	0.0685	0.0683	0.0002	0.1767	0.0557	0.1210	0.2204	0.1561	0.4412	1.6425	1.6700	5.9203	0.1007	0.0412	0.4401	1.1469	1.5282	0.7570	2.5978	2.6046	0.0661	0.5848	0.2080	0.7581
24	104	0.1954	11	1	2	0	0	0	0	0	0	N	Y	N	N	N	N	N	N	N	N	N	N	1.5807	1.4057	0.0000	5.2859	5.0489	0.0000	0.0000	0.0000	0.0165	0.0190	0.0000	0.0509	0.0518	0.0000	0.0000	0.0000	0.0000	0.0104	0.0135	0.0000	0.0096	0.0103	0.0000	0.0110	0.0170	0.0000	0.0000	0.0000	-0.0000	-0.0004	7.0513	0.0277	11.7448	1.3445	0.0000	0.0000	0.0000	0.0000	0.0000	0.0000	0.0000	0.0000	0.0000	0.0007	0.0007	0.0000	0.0003	0.0003	0.0000	0.0004	0.0004	0.0000	0.0024	0.0021	0.0003	0.0008	0.0008	0.0000	0.0016	0.0013	0.0003	0.0631	0.0488	0.0143	0.0271	0.0254	0.0017	0.0360	0.0234	0.0127	1.5807	1.4057	0.0000	5.2859	5.0489	0.0000	0.0000	0.0000	0.0000	0.0104	0.0135	0.0000	0.0096	0.0103	0.0000	0.0110	0.0170	0.0000	
24	105	0.1487	10	1	2	0	0	0	0	0	0	N	Y	N	N	N	N	N	N	N	N	N	N	0.0044	0.0030	0.0091	12.7430	12.4045	0.0000	0.0001	0.0000	0.0120	0.0106	0.0122	0.0000	0.0677	0.0707	0.0000	0.0002	0.0002	0.0000	2.4402	4.0782	0.0005	0.0053	0.0057	0.0020	3.1433	6.1273	0.0004	0.0001	0.0001	-0.0011	-0.5414	7.0513	5.1414	11.7448	16.4151	0.0028	0.0028	0.0000	0.0027	0.0027	0.0000	0.0000	0.0000	0.0000	0.9972	0.9972	0.0001	0.0005	0.0005	0.0000	0.9968	0.9967	0.0001	0.2606	0.2278	0.0329	0.0403	0.0386	0.0017	0.2203	0.1892	0.0311	0.4087	0.2445	0.1642	0.0916	0.0818	0.0097	0.3171	0.1627	0.1544	0.0044	0.0030	0.0091	12.7430	12.4045	0.0000	0.0001	0.0000	0.0120	2.4402	4.0782	0.0005	0.0053	0.0057	0.0020	3.1433	6.1273	0.0004
24	106	0.1405	9	1	1	0	0	0	0	0	0	N	N	N	N	N	N	N	N	N	N	N	N	0.6414	0.0119	195.7466	0.6286	0.6146	21.5779	0.5445	0.0013	195.5129	0.0141	0.0004	0.1052	0.0026	0.0028	0.0004	0.0156	0.0001	0.1099	0.0220	0.0351	0.0005	0.0042	0.0045	0.0000	0.0287	0.0566	0.0006	37.6989	0.0094	0.0017	-0.0018	7.0513	3.8974	11.7448	1.6364	0.0028	0.0001	0.0027	0.0001	0.0001	0.0000	0.0027	0.0000	0.0027	0.0033	0.0033	0.0000	0.0002	0.0002	0.0000	0.0031	0.0031	0.0000	0.1985	0.1726	0.0259	0.0232	0.0221	0.0011	0.1753	0.1505	0.0248	0.1498	0.0930	0.0568	0.0410	0.0384	0.0026	0.1088	0.0546	0.0543	0.6414	0.0119	195.7466	0.6286	0.6146	21.5779	0.5445	0.0013	195.5129	0.0220	0.0351	0.0005	0.0042	0.0045	0.0000	0.0287	0.0566	0.0006
24	107	0.1194	8	1	1	0	0	0	0	0	0	N	N	N	N	N	N	N	N	N	N	N	N	0.2722	0.0697	324.9546	0.0791	0.0745	0.0000	1.1126	0.0002	359.0340	0.0010	0.0004	0.0065	0.0012	0.0012	0.0000	0.0010	0.0000	0.0067	0.0038	0.0064	0.0000	0.0146	0.0156	0.0001	0.0009	0.0017	0.0000	1.5561	0.0022	0.0000	-0.0005	7.0513	0.3701	11.7448	9.6236	0.0001	0.0000	0.0000	0.0000	0.0000	0.0000	0.0000	0.0000	0.0000	0.0009	0.0009	0.0000	0.0007	0.0007	0.0000	0.0002	0.0002	0.0000	0.0488	0.0441	0.0047	0.0171	0.0170	0.0001	0.0317	0.0271	0.0046	0.2343	0.1382	0.0961	0.0500	0.0468	0.0032	0.1842	0.0914	0.0929	0.2722	0.0697	324.9546	0.0791	0.0745	0.0000	1.1126	0.0002	359.0340	0.0038	0.0064	0.0000	0.0146	0.0156	0.0001	0.0009	0.0017	0.0000
24	108	0.1090	7	1	1	0	0	0	0	0	0	N	N	N	N	N	N	N	N	N	N	N	N	0.0712	0.0460	0.2566	0.0044	0.0042	0.0000	0.3200	0.3829	0.2575	0.0002	0.0002	0.0003	0.0001	0.0001	0.0000	0.0003	0.0003	0.0003	0.0034	0.0052	0.0012	0.0154	0.0166	0.0002	0.0010	0.0009	0.0012	0.1353	0.1736	-0.0000	-0.0002	7.0513	0.4415	11.7448	4.8853	0.0000	0.0000	0.0000	0.0000	0.0000	0.0000	0.0000	0.0000	0.0000	0.0004	0.0003	0.0001	0.0003	0.0003	0.0000	0.0001	0.0000	0.0001	0.0523	0.0472	0.0051	0.0175	0.0173	0.0001	0.0348	0.0299	0.0050	0.1171	0.0661	0.0510	0.0194	0.0180	0.0014	0.0977	0.0481	0.0496	0.0712	0.0460	0.2566	0.0044	0.0042	0.0000	0.3200	0.3829	0.2575	0.0034	0.0052	0.0012	0.0154	0.0166	0.0002	0.0010	0.0009	0.0012
24	109	0.1314	6	2	2	0	1	0	0	0	0	Y	Y	N	N	N	N	N	N	N	N	N	N	0.0000	0.0000	0.0000	0.0000	0.0000	0.0000	0.0000	0.0000	0.0000	0.0000	0.0000	0.0000	0.0000	0.0000	0.0000	0.0000	0.0000	0.0000	0.0000	0.0000	7.0513	0.0000	11.7448	0.0000	0.0000	0.0000	0.0000	0.0000	0.0000	0.0000	0.0000	0.0000	0.0000	0.0000	0.0000	0.0000	0.0000	0.0000	0.0000	0.0000	0.0000	0.0000	0.0000	0.0000	0.0000	0.0000	0.0000	0.0000	0.0000	0.0000	0.0000	0.0000	0.0000	0.0000	0.0000	0.0000	0.0000	0.0000	0.0000	0.0000	0.0000	0.0000	0.0000	0.0000	0.0000	0.0000	0.0000	0.0000	0.0000	0.0000	0.0000	0.0000	0.0000	0.0000	0.0000	0.0000	0.0000	0.0000											
24	110	0.1164	5	2	2	0	1	0	0	0	0	Y	Y	N	N	N	N	N	N	N	N	N	N	0.0000	0.0000	0.0000	0.0000	0.0000	0.0000	0.0000	0.0000	0.0000	0.0000	0.0000	0.0000	0.0000	0.0000	0.0000	0.0001	0.0000	0.0002	0.0004	0.0000	0.0030	0.0000	0.0000	0.0000	inf	0.0000	0.0000	7.0513	0.0000	11.7448	7.1240	0.0000	0.0000	0.0000	0.0000	0.0000	0.0000	0.0000	0.0000	0.0000	0.0000	0.0000	0.0000	0.0000	0.0000	0.0000	0.0000	0.0000	0.0000	0.0000	0.0000	0.0000	0.0000	0.0000	0.0000	0.0000	0.0000	0.0000	0.1540	0.0861	0.0679	0.0246	0.0212	0.0034	0.1294	0.0649	0.0645	0.0000	0.0000	0.0000	0.0000	0.0000	0.0000	0.0000	0.0000	0.0000	0.0001	0.0000	0.0002	0.0004	0.0000	0.0030	0.0000	0.0000	0.0000				
24	111	0.1254	7	1	2	0	1	0	0	0	0	N	Y	N	N	N	N	N	N	N	N	N	N	135.6339	inf	0.0000	inf	inf	0.0000	0.0000	0.0000	0.0000	0.0000	0.0000	0.0000	0.0000	0.0000	0.0000	0.0000	0.0000	0.0000	0.0000	0.0000	0.0000	0.0000	0.0000	0.0000	0.0000	0.0000	inf	-0.0000	0.0000	7.0513	0.0016	11.7448	5.0076	0.0000	0.0000	0.0000	0.0000	0.0000	0.0000	0.0000	0.0000	0.0000	0.0000	0.0000	0.0000	0.0000	0.0000	0.0000	0.0000	0.0000	0.0000	0.0003	0.0002	0.0000	0.0001	0.0001	0.0000	0.0002	0.0001	0.0000	0.1051	0.0593	0.0458	0.0197	0.0159	0.0039	0.0854	0.0435	0.0419	135.6339	inf	0.0000	inf	inf	0.0000	0.0000	0.0000	0.0000	0.0000	0.0000	0.0000	0.0000	0.0000	0.0000	0.0000	0.0000	0.0000		
24	112	0.1185	6	1	2	0	1	0	0	0	0	N	Y	N	N	N	N	N	N	N	N	N	N	23.7379	2126.8096	0.0000	6379.8462	5840.0388	0.0000	0.0000	0.0004	0.0005	0.0000	0.0040	0.0042	0.0000	0.0000	0.0000	0.0000	0.0000	0.0000	0.0000	0.0000	0.0000	0.0000	0.0000	0.0000	0.0000	0.0000	136.5561	-0.0000	0.0000	7.0513	1.0012	11.7448	2.1373	0.0000	0.0000	0.0000	0.0000	0.0000	0.0000	0.0000	0.0000	0.0000	0.0000	0.0000	0.0000	0.0000	0.0000	0.0000	0.0000	0.0000	0.0000	0.0480	0.0418	0.0062	0.0050	0.0048	0.0003	0.0430	0.0370	0.0060	0.0748	0.0424	0.0324	0.0153	0.0133	0.0020	0.0594	0.0290	0.0304	23.7379	2126.8096	0.0000	6379.8462	5840.0388	0.0000	0.0000	0.0000	0.0000	0.0000	0.0000	0.0000	0.0000	0.0000	0.0000	0.0000	0.0000	0.0000		
24	113	0.1268	6	1	2	0	0	0	0	0	0	N	Y	N	N	N	N	N	N	N	N	N	N	0.0000	0.0000	0.0000	0.0000	0.0000	0.0000	0.0000	0.0000	0.0000	0.0000	0.0000	0.0000	0.0000	0.0000	0.0000	0.0022	0.0039	0.0000	0.0127	0.0147	0.0000	0.0000	0.0000	0.0000	0.0000	0.0000	-0.0001	7.0513	0.9705	11.7448	5.0371	0.0000	0.0000	0.0000	0.0000	0.0000	0.0000	0.0000	0.0000	0.0000	0.0003	0.0003	0.0000	0.0003	0.0003	0.0000	0.0000	0.0000	0.0000	0.0550	0.0483	0.0067	0.0103	0.0098	0.0004	0.0447	0.0384	0.0062	0.1229	0.0697	0.0533	0.0213	0.0184	0.0030	0.1016	0.0513	0.0503	0.0000	0.0000	0.0000	0.0000	0.0000	0.0000	0.0000	0.0000	0.0000	0.0022	0.0039	0.0000	0.0127	0.0147	0.0000	0.0000	0.0000	0.0000				
24	114	0.1185	6	1	1	1	1	0	0	0	0	N	N	N	N	N	N	N	N	N	N	N	N	0.0000	0.0000	0.0000	0.0000	0.0000	0.0000	0.0000	0.0000	0.0000	0.0000	0.0000	0.0000	0.0000	0.0000	0.0000	0.0001	0.0000	0.0000	0.0000	0.0001	0.0000	0.0001	inf	0.0000	0.0000	7.0513	0.0000	11.7448	1.1303	0.0000	0.0000	0.0000	0.0000	0.0000	0.0000	0.0000	0.0000	0.0000	0.0000	0.0000	0.0000	0.0000	0.0000	0.0000	0.0000	0.0000	0.0000	0.0000	0.0000	0.0000	0.0000	0.0000	0.0000	0.0000	0.0000	0.0000	0.0333	0.0193	0.0141	0.0087	0.0079	0.0007	0.0247	0.0113	0.0133	0.0000	0.0000	0.0000	0.0000	0.0000	0.0000	0.0000	0.0000	0.0000	0.0000	0.0000	0.0001	0.0000	0.0000	0.0000	0.0001	0.0000	0.0001						
24	115	0.1164	5	1	1	0	1	0	0	0	0	N	N	N	N	N	N	N	N	N	N	N	N	0.0000	0.0000	0.0000	0.0000	0.0000	0.0000	0.0000	0.0000	0.0000	0.0000	0.0000	0.0000	0.0000	0.0000	0.0000	0.0000	0.0003	0.0005	0.0001	0.0013	0.0014	0.0000	0.0000	0.0000	0.0001	0.1022	0.0000	-0.0000	7.0513	0.0000	11.7448	1.2340	0.0000	0.0000	0.0000	0.0000	0.0000	0.0000	0.0000	0.0000	0.0000	0.0000	0.0000	0.0000	0.0000	0.0000	0.0000	0.0000	0.0000	0.0000	0.0000	0.0000	0.0000	0.0000	0.0000	0.0000	0.0000	0.0000	0.0000	0.0359	0.0208	0.0152	0.0087	0.0081	0.0006	0.0273	0.0127	0.0145	0.0000	0.0000	0.0000	0.0000	0.0000	0.0000	0.0000	0.0000	0.0000	0.0003	0.0005	0.0001	0.0013	0.0014	0.0000	0.0000	0.0000	0.0001			
24	116	0.1239	6	1	1	1	1	0	0	0	0	N	N	N	N	N	N	N	N	N	N	N	N	0.0000	0.0000	0.0000	0.0000	0.0000	0.0000	0.0000	0.0000	0.0000	0.0000	0.0000	0.0000	0.0000	0.0000	0.0000	0.0000	0.0000	0.0000	0.0000	0.0000	0.0000	0.0000	inf	0.0000	0.0000	7.0513	0.9725	11.7448	0.9874	0.0000	0.0000	0.0000	0.0000	0.0000	0.0000	0.0000	0.0000	0.0000	0.0000	0.0000	0.0000	0.0000	0.0000	0.0000	0.0000	0.0000	0.0000	0.0515	0.0452	0.0063	0.0081	0.0078	0.0003	0.0434	0.0374	0.0060	0.0430	0.0250	0.0180	0.0077	0.0066	0.0011	0.0353	0.0184	0.0169	0.0000	0.0000	0.0000	0.0000	0.0000	0.0000	0.0000	0.0000	0.0000	0.0000	0.0000	0.0000	0.0000	0.0000	0.0000	0.0000	0.0000	0.0000						
24	117	0.1239	6	1	1	1	1	0	0	0	0	N	N	N	N	N	N	N	N	N	N	N	N	0.0000	0.0000	0.0000	0.0000	0.0000	0.0000	0.0000	0.0000	0.0000	0.0000	0.0000	0.0000	0.0000	0.0000	0.0000	0.0000	0.0000	0.0000	0.0000	0.0000	0.0000	0.0000	inf	0.0000	0.0000	7.0513	0.0285	11.7448	4.0215	0.0000	0.0000	0.0000	0.0000	0.0000	0.0000	0.0000	0.0000	0.0000	0.0000	0.0000	0.0000	0.0000	0.0000	0.0000	0.0000	0.0000	0.0000	0.0053	0.0048	0.0004	0.0021	0.0021	0.0000	0.0031	0.0027	0.0004	0.0851	0.0487	0.0364	0.0142	0.0120	0.0022	0.0709	0.0367	0.0342	0.0000	0.0000	0.0000	0.0000	0.0000	0.0000	0.0000	0.0000	0.0000	0.0000	0.0000	0.0000	0.0000	0.0000	0.0000	0.0000	0.0000	0.0000						
24	118	0.1164	5	1	1	1	1	0	0	0	0	N	N	N	N	N	N	N	N	N	N	N	N	0.0000	0.0000	0.0000	0.0000	0.0000	0.0000	0.0000	0.0000	0.0000	0.0000	0.0000	0.0000	0.0000	0.0000	0.0000	0.0000	0.0000	0.0000	0.0000	0.0000	0.0000	0.0000	0.0000	0.0000	0.0000	174.7083	0.0000	0.0000	7.0513	3.0275	11.7448	2.1573	0.0000	0.0000	0.0000	0.0000	0.0000	0.0000	0.0000	0.0000	0.0000	0.0000	0.0000	0.0000	0.0000	0.0000	0.0000	0.0000	0.0000	0.0000	0.1437	0.1251	0.0186	0.0150	0.0143	0.0008	0.1287	0.1109	0.0179	0.1158	0.0650	0.0508	0.0195	0.0170	0.0025	0.0963	0.0480	0.0484	0.0000	0.0000	0.0000	0.0000	0.0000	0.0000	0.0000	0.0000	0.0000	0.0000	0.0000	0.0000	0.0000	0.0000	0.0000	0.0000	0.0000	0.0000			
24	119	0.1576	5	2	2	0	0	0	0	0	0	Y	Y	N	N	N	N	N	N	N	N	N	N	0.0685	0.0003	17633.5967	0.0006	0.0006	inf	3434.0796	0.5022	18075.7913	0.0009	0.0000	0.0078	0.0000	0.0000	0.0000	0.0011	0.0000	0.0082	0.0128	0.0217	0.0000	0.0509	0.0543	0.0000	0.0000	0.0000	0.0000	149.5632	0.0000	0.0001	-0.0009	7.0513	2.1883	11.7448	3.1271	0.0001	0.0000	0.0001	0.0000	0.0000	0.0000	0.0001	0.0000	0.0001	0.0017	0.0017	0.0000	0.0017	0.0017	0.0000	0.0000	0.0000	0.0000	0.1268	0.1126	0.0142	0.0245	0.0237	0.0008	0.1024	0.0890	0.0134	0.1298	0.0765	0.0532	0.0326	0.0306	0.0020	0.0972	0.0459	0.0512	0.0685	0.0003	17633.5967	0.0006	0.0006	inf	3434.0796	0.5022	18075.7913	0.0128	0.0217	0.0000	0.0509	0.0543	0.0000	0.0000	0.0000	0.0000
24	120	0.0907	4	2	2	0	0	0	0	0	0	Y	Y	N	N	N	N	N	N	N	N	N	N	192.6338	2.5560	2120.1593	3.8001	3.5247	0.1085	598.1304	3.9663	2141.6433	1.5413	0.0255	11.9275	0.2159	0.2245	0.0001	1.6929	0.0001	12.3052	0.0080	0.0100	0.0056	0.0568	0.0637	0.0005	0.0028	0.0000	0.0057	68.2752	0.4687	0.6137	-0.0010	7.0513	13.6104	11.7448	16.0982	1.0153	0.0147	1.0006	0.0146	0.0146	0.0000	1.0007	0.0001	1.0006	0.0045	0.0031	0.0014	0.0031	0.0031	0.0000	0.0014	0.0000	0.0014	0.6587	0.5748	0.0839	0.0676	0.0651	0.0026	0.5911	0.5098	0.0813	0.5622	0.3070	0.2552	0.0538	0.0480	0.0059	0.5084	0.2591	0.2493	192.6338	2.5560	2120.1593	3.8001	3.5247	0.1085	598.1304	3.9663	2141.6433	0.0080	0.0100	0.0056	0.0568	0.0637	0.0005	0.0028	0.0000	0.0057
24	121	0.0952	4	1	2	0	0	0	0	0	0	N	Y	N	N	N	N	N	N	N	N	N	N	5.2889	3.8465	28.3473	4.4441	4.3388	0.0000	18.2470	0.0000	74.1638	0.0170	0.0188	0.0001	0.0439	0.0444	0.0000	0.0000	0.0000	0.0001	0.0032	0.0049	0.0000	0.0099	0.0102	0.0000	0.0000	0.0000	0.0000	0.0004	0.0002	-0.0004	-0.0004	7.0513	0.3548	11.7448	4.6068	0.0010	0.0010	0.0000	0.0010	0.0010	0.0000	0.0000	0.0000	0.0000	0.0007	0.0007	0.0000	0.0007	0.0007	0.0000	0.0000	0.0000	0.0000	0.0577	0.0521	0.0056	0.0223	0.0221	0.0002	0.0354	0.0300	0.0053	0.2166	0.1424	0.0743	0.0704	0.0680	0.0024	0.1463	0.0744	0.0719	5.2889	3.8465	28.3473	4.4441	4.3388	0.0000	18.2470	0.0000	74.1638	0.0032	0.0049	0.0000	0.0099	0.0102	0.0000	0.0000	0.0000	0.0000
24	122	0.0804	3	1	2	0	0	0	0	0	0	N	Y	N	N	N	N	N	N	N	N	N	N	1.3608	0.3745	28.0971	0.1057	0.0985	0.0000	2.1187	0.5419	28.1669	0.0090	0.0040	0.0451	0.0019	0.0020	0.0000	0.0107	0.0046	0.0462	0.0066	0.0107	0.0016	0.0183	0.0199	0.0000	0.0050	0.0085	0.0016	1.5381	0.1245	0.0002	-0.0005	7.0513	1.6911	11.7448	5.7022	0.0010	0.0004	0.0006	0.0000	0.0000	0.0000	0.0010	0.0004	0.0006	0.0011	0.0010	0.0001	0.0004	0.0004	0.0000	0.0007	0.0006	0.0001	0.1142	0.1005	0.0137	0.0222	0.0219	0.0003	0.0920	0.0786	0.0134	0.1651	0.0902	0.0749	0.0194	0.0178	0.0016	0.1457	0.0724	0.0733	1.3608	0.3745	28.0971	0.1057	0.0985	0.0000	2.1187	0.5419	28.1669	0.0066	0.0107	0.0016	0.0183	0.0199	0.0000	0.0050	0.0085	0.0016
24	124	0.1314	7	2	2	0	0	0	0	0	0	Y	Y	N	N	N	N	N	N	N	N	N	N	0.0000	0.0000	0.0000	0.0000	0.0000	0.0000	0.0000	0.0000	0.0000	0.0000	0.0000	0.0000	0.0000	0.0000	0.0000	0.0000	0.0000	0.0000	0.0000	0.0000	7.0513	0.0000	11.7448	0.0000	0.0000	0.0000	0.0000	0.0000	0.0000	0.0000	0.0000	0.0000	0.0000	0.0000	0.0000	0.0000	0.0000	0.0000	0.0000	0.0000	0.0000	0.0000	0.0000	0.0000	0.0000	0.0000	0.0000	0.0000	0.0000	0.0000	0.0000	0.0000	0.0000	0.0000	0.0000	0.0000	0.0000	0.0000	0.0000	0.0000	0.0000	0.0000	0.0000	0.0000	0.0000	0.0000	0.0000	0.0000	0.0000	0.0000	0.0000	0.0000	0.0000	0.0000	0.0000	0.0000	0.0000	0.0000											
24	125	0.1268	6	2	2	0	0	0	0	0	0	Y	Y	N	N	N	N	N	N	N	N	N	N	0.0000	0.0000	0.0000	0.0000	0.0000	0.0000	0.0000	0.0000	0.0000	0.0000	0.0000	0.0000	0.0000	0.0000	0.0000	0.0000	0.0000	0.1892	0.0000	0.4536	0.0021	0.0000	0.0193	0.2374	0.0000	0.4778	187649.0426	0.0000	0.0042	7.0513	0.1434	11.7448	1.9839	0.0000	0.0000	0.0000	0.0000	0.0000	0.0000	0.0000	0.0000	0.0000	0.0093	0.0000	0.0093	0.0000	0.0000	0.0000	0.0092	0.0000	0.0092	0.0153	0.0138	0.0015	0.0059	0.0057	0.0002	0.0094	0.0081	0.0013	0.0489	0.0285	0.0204	0.0100	0.0090	0.0011	0.0389	0.0196	0.0193	0.0000	0.0000	0.0000	0.0000	0.0000	0.0000	0.0000	0.0000	0.0000	0.1892	0.0000	0.4536	0.0021	0.0000	0.0193	0.2374	0.0000	0.4778		
24	126	0.1164	5	1	2	0	0	0	0	0	0	N	Y	N	N	N	N	N	N	N	N	N	N	0.0000	0.0000	0.0000	0.0000	0.0000	0.0000	0.0000	0.0000	0.0000	0.0000	0.0000	0.0000	0.0000	0.0000	0.0000	0.0000	0.0000	0.0000	0.0025	0.0002	0.0055	0.0005	0.0005	0.0002	0.0029	0.0000	0.0057	25.8003	0.0000	0.0001	7.0513	1.8882	11.7448	2.9115	0.0000	0.0000	0.0000	0.0000	0.0000	0.0000	0.0000	0.0000	0.0000	0.0003	0.0000	0.0003	0.0000	0.0000	0.0000	0.0003	0.0000	0.0003	0.0902	0.0785	0.0117	0.0094	0.0090	0.0005	0.0807	0.0695	0.0112	0.1081	0.0607	0.0474	0.0184	0.0161	0.0023	0.0897	0.0446	0.0451	0.0000	0.0000	0.0000	0.0000	0.0000	0.0000	0.0000	0.0000	0.0000	0.0025	0.0002	0.0055	0.0005	0.0005	0.0002	0.0029	0.0000	0.0057	
24	127	0.0907	4	1	1	0	0	0	0	0	0	N	N	N	N	N	N	N	N	N	N	N	N	4.4841	0.4045	72.5801	0.4113	0.3790	16.7391	20.6958	0.0000	73.0598	0.0007	0.0001	0.0052	0.0005	0.0005	0.0000	0.0008	0.0000	0.0054	0.0002	0.0002	0.0001	0.0012	0.0014	0.0000	0.0000	0.0000	0.0001	7.6806	0.2585	0.0001	-0.0000	7.0513	3.5543	11.7448	9.0319	0.0002	0.0000	0.0001	0.0000	0.0000	0.0000	0.0001	0.0000	0.0001	0.0000	0.0000	0.0000	0.0000	0.0000	0.0000	0.0000	0.0000	0.0000	0.2127	0.1870	0.0256	0.0347	0.0340	0.0007	0.1780	0.1531	0.0249	0.2605	0.1426	0.1179	0.0269	0.0243	0.0026	0.2336	0.1183	0.1153	4.4841	0.4045	72.5801	0.4113	0.3790	16.7391	20.6958	0.0000	73.0598	0.0002	0.0002	0.0001	0.0012	0.0014	0.0000	0.0000	0.0000	0.0001
25	26	0.1922	10	1	2	0	0	0	0	0	0	N	Y	N	N	N	N	N	N	N	N	N	N	0.6769	0.4922	0.0002	1.2030	1.1129	0.0080	0.0014	0.0219	0.0000	0.1063	0.1208	0.0000	0.5168	0.5382	0.0001	0.0000	0.0000	0.0000	0.1571	0.2454	0.0175	0.4296	0.4836	0.0075	0.0104	0.0008	0.0187	0.0000	0.0452	-0.0034	-0.0185	4.7974	2.0195	5.1989	15.0171	0.0088	0.0088	0.0000	0.0088	0.0088	0.0000	0.0000	0.0000	0.0000	0.0371	0.0355	0.0016	0.0355	0.0355	0.0001	0.0016	0.0001	0.0015	0.0830	0.0731	0.0099	0.0171	0.0164	0.0007	0.0660	0.0567	0.0092	0.2362	0.1447	0.0915	0.0827	0.0733	0.0094	0.1535	0.0714	0.0821	0.6769	0.4922	0.0002	1.2030	1.1129	0.0080	0.0014	0.0219	0.0000	0.1571	0.2454	0.0175	0.4296	0.4836	0.0075	0.0104	0.0008	0.0187
25	27	0.1835	9	0	1	0	0	0	0	0	0	N	N	N	N	N	N	N	N	N	N	N	N	0.7373	1.8660	0.1621	3.1556	2.9988	12.8716	0.1040	6.5839	0.0403	0.0173	0.0183	0.0074	0.0479	0.0470	0.0976	0.0030	0.0032	0.0019	0.0234	0.0098	0.0456	0.0152	0.0157	0.0076	0.0290	0.0005	0.0483	0.0436	2.8423	-0.0007	0.0005	4.7974	1.6438	5.1989	3.3228	0.0019	0.0018	0.0001	0.0017	0.0016	0.0001	0.0002	0.0002	0.0000	0.0028	0.0007	0.0021	0.0007	0.0007	0.0000	0.0020	0.0000	0.0020	0.1116	0.1007	0.0109	0.0354	0.0348	0.0006	0.0762	0.0659	0.0103	0.1186	0.0736	0.0450	0.0482	0.0452	0.0030	0.0704	0.0283	0.0420	0.7373	1.8660	0.1621	3.1556	2.9988	12.8716	0.1040	6.5839	0.0403	0.0234	0.0098	0.0456	0.0152	0.0157	0.0076	0.0290	0.0005	0.0483
25	28	0.2050	13	0	2	0	0	0	0	0	0	N	Y	N	N	N	N	N	N	N	N	N	N	0.0000	0.0000	0.0000	0.0000	0.0000	0.0000	0.0000	0.0000	0.0000	0.0000	0.0000	0.0000	0.0000	0.0000	0.0000	0.0000	0.0000	0.0000	0.0052	0.0069	0.0025	0.0166	0.0168	0.0148	0.0009	0.0000	0.0017	0.2309	0.0000	-0.0004	4.7974	3.0409	5.1989	16.1393	0.0000	0.0000	0.0000	0.0000	0.0000	0.0000	0.0000	0.0000	0.0000	0.0012	0.0010	0.0002	0.0011	0.0010	0.0001	0.0001	0.0000	0.0001	0.1175	0.1036	0.0139	0.0218	0.0208	0.0010	0.0958	0.0828	0.0129	0.2372	0.1459	0.0913	0.0653	0.0596	0.0057	0.1720	0.0863	0.0856	0.0000	0.0000	0.0000	0.0000	0.0000	0.0000	0.0000	0.0000	0.0000	0.0052	0.0069	0.0025	0.0166	0.0168	0.0148	0.0009	0.0000	0.0017	
25	29	0.2001	13	0	2	0	0	0	0	0	0	N	Y	N	N	N	N	N	N	N	N	N	N	184.5563	0.0000	29677.2586	206.3808	0.0000	82360.0057	3456.8291	0.0000	12563.5967	2.0388	0.0000	16.6886	8.6969	0.0000	175.6624	0.7728	0.0000	5.6830	0.0110	0.0178	0.0006	0.0421	0.0466	0.0021	0.0002	0.0000	0.0005	inf	0.0204	0.1996	-0.0011	4.7974	4.0695	5.1989	11.0027	0.3225	0.0000	0.3225	0.2198	0.0000	0.2198	0.1027	0.0000	0.1027	0.0020	0.0020	0.0000	0.0020	0.0020	0.0000	0.0000	0.0000	0.0000	0.1582	0.1388	0.0193	0.0253	0.0240	0.0013	0.1329	0.1148	0.0181	0.1851	0.1126	0.0726	0.0478	0.0431	0.0048	0.1373	0.0695	0.0678	184.5563	0.0000	29677.2586	206.3808	0.0000	82360.0057	3456.8291	0.0000	12563.5967	0.0110	0.0178	0.0006	0.0421	0.0466	0.0021	0.0002	0.0000	0.0005
25	30	0.2148	12	0	2	1	1	0	0	0	0	N	Y	N	N	N	N	N	N	N	N	N	N	0.0000	0.0000	0.0000	0.0000	0.0000	0.0000	0.0000	0.0000	0.0000	0.0000	0.0000	0.0000	0.0000	0.0000	0.0000	0.0000	0.0000	0.2025	0.3308	0.0000	0.5629	0.6422	0.0000	0.0000	0.0000	0.0000	0.0000	0.0000	-0.0047	4.7974	0.0021	5.1989	3.0281	0.0000	0.0000	0.0000	0.0000	0.0000	0.0000	0.0000	0.0000	0.0000	0.0086	0.0086	0.0000	0.0086	0.0086	0.0000	0.0000	0.0000	0.0000	0.0002	0.0002	0.0000	0.0001	0.0001	0.0000	0.0001	0.0001	0.0000	0.0423	0.0259	0.0164	0.0152	0.0133	0.0019	0.0271	0.0126	0.0145	0.0000	0.0000	0.0000	0.0000	0.0000	0.0000	0.0000	0.0000	0.0000	0.2025	0.3308	0.0000	0.5629	0.6422	0.0000	0.0000	0.0000	0.0000		
25	31	0.1922	11	0	1	0	1	0	0	0	0	N	N	N	N	N	N	N	N	N	N	N	N	0.0000	0.0000	0.0000	0.0000	0.0000	0.0000	0.0000	0.0000	0.0000	0.0000	0.0000	0.0000	0.0000	0.0000	0.0000	0.0000	0.0000	0.0000	0.0690	0.1060	0.0104	0.1923	0.2197	0.0060	0.0062	0.0012	0.0109	0.0616	0.0000	-0.0045	4.7974	3.2874	5.1989	7.1999	0.0000	0.0000	0.0000	0.0000	0.0000	0.0000	0.0000	0.0000	0.0000	0.0094	0.0088	0.0005	0.0088	0.0088	0.0000	0.0006	0.0001	0.0005	0.1399	0.1228	0.0171	0.0319	0.0309	0.0010	0.1080	0.0919	0.0161	0.1359	0.0834	0.0525	0.0458	0.0400	0.0059	0.0901	0.0434	0.0467	0.0000	0.0000	0.0000	0.0000	0.0000	0.0000	0.0000	0.0000	0.0000	0.0690	0.1060	0.0104	0.1923	0.2197	0.0060	0.0062	0.0012	0.0109	
25	32	0.1401	7	0	2	0	0	0	0	0	0	N	Y	N	N	N	N	N	N	N	N	N	N	0.1750	0.0001	6.1718	0.1143	0.0002	299.7865	0.4744	0.0000	3.2892	0.0074	0.0000	0.0609	0.0175	0.0000	0.5127	0.0048	0.0000	0.0336	0.0423	0.0654	0.0099	0.1530	0.1656	0.0017	0.0102	0.0101	0.0102	1011.6950	0.1072	0.0009	-0.0058	4.7974	4.3545	5.1989	19.4857	0.0015	0.0000	0.0015	0.0007	0.0000	0.0007	0.0008	0.0000	0.0008	0.0129	0.0117	0.0013	0.0105	0.0105	0.0000	0.0024	0.0012	0.0012	0.2016	0.1771	0.0245	0.0410	0.0396	0.0014	0.1606	0.1375	0.0231	0.3056	0.1788	0.1269	0.0688	0.0635	0.0053	0.2369	0.1153	0.1216	0.1750	0.0001	6.1718	0.1143	0.0002	299.7865	0.4744	0.0000	3.2892	0.0423	0.0654	0.0099	0.1530	0.1656	0.0017	0.0102	0.0101	0.0102
25	33	0.1845	11	1	2	0	0	0	0	0	0	N	Y	N	N	N	N	N	N	N	N	N	N	0.0000	0.0000	0.0000	0.0000	0.0000	0.0000	0.0000	0.0000	0.0000	0.0000	0.0000	0.0000	0.0000	0.0000	0.0000	0.0000	0.0000	0.0000	0.0000	0.0000	4.7974	0.0000	5.1989	0.0000	0.0000	0.0000	0.0000	0.0000	0.0000	0.0000	0.0000	0.0000	0.0000	0.0000	0.0000	0.0000	0.0000	0.0000	0.0000	0.0000	0.0000	0.0000	0.0000	0.0000	0.0000	0.0000	0.0000	0.0000	0.0000	0.0000	0.0000	0.0000	0.0000	0.0000	0.0000	0.0000	0.0000	0.0000	0.0000	0.0000	0.0000	0.0000	0.0000	0.0000	0.0000	0.0000	0.0000	0.0000	0.0000	0.0000	0.0000	0.0000	0.0000	0.0000	0.0000	0.0000	0.0000	0.0000											
25	34	0.1835	9	0	2	0	1	0	0	0	0	N	Y	N	N	N	N	N	N	N	N	N	N	322.8427	252.4374	9.2979	357.8393	419.3546	0.3116	311.3407	178.6690	21.6187	4.4681	5.0277	0.0414	4.8656	5.0102	0.0083	4.3492	5.0336	0.0435	0.0138	0.0199	0.0045	0.0136	0.0119	0.0267	0.0140	0.0282	0.0020	0.0010	0.1447	-0.4958	-0.0016	4.7974	6.4588	5.1989	12.7561	1.3047	1.3033	0.0014	0.3272	0.3272	0.0000	0.9775	0.9762	0.0013	0.0037	0.0033	0.0005	0.0013	0.0010	0.0003	0.0025	0.0023	0.0002	0.2920	0.2592	0.0328	0.0672	0.0653	0.0019	0.2248	0.1939	0.0308	0.2703	0.1641	0.1062	0.0940	0.0835	0.0105	0.1763	0.0806	0.0957	322.8427	252.4374	9.2979	357.8393	419.3546	0.3116	311.3407	178.6690	21.6187	0.0138	0.0199	0.0045	0.0136	0.0119	0.0267	0.0140	0.0282	0.0020
25	35	0.1779	8	0	1	0	0	0	0	0	0	N	N	N	N	N	N	N	N	N	N	N	N	2.7993	2.3743	0.6231	3.2800	3.3219	1.5722	3.6117	231.3538	0.0635	0.0479	0.0531	0.0055	0.1197	0.1227	0.0464	0.0163	0.0189	0.0005	0.0171	0.0224	0.0088	0.0365	0.0369	0.0295	0.0045	0.0001	0.0075	0.0126	0.2472	-0.0028	-0.0007	4.7974	2.5642	5.1989	2.5472	0.0076	0.0076	0.0001	0.0058	0.0058	0.0001	0.0018	0.0018	0.0000	0.0021	0.0017	0.0004	0.0018	0.0017	0.0001	0.0003	0.0000	0.0003	0.1598	0.1423	0.0174	0.0488	0.0469	0.0019	0.1110	0.0954	0.0155	0.1231	0.0755	0.0476	0.0485	0.0456	0.0028	0.0746	0.0299	0.0448	2.7993	2.3743	0.6231	3.2800	3.3219	1.5722	3.6117	231.3538	0.0635	0.0171	0.0224	0.0088	0.0365	0.0369	0.0295	0.0045	0.0001	0.0075
25	36	0.2283	13	0	1	1	0	0	0	0	0	N	N	N	N	N	N	N	N	N	N	N	N	0.0000	0.0000	0.0000	0.0000	0.0000	0.0000	0.0000	0.0000	0.0000	0.0000	0.0000	0.0000	0.0000	0.0000	0.0000	0.0000	0.0000	0.0000	0.0000	0.0000	0.0000	0.0000	0.0000	0.0000	0.0000	0.0000	0.0000	1.1579	0.0000	-0.0000	4.7974	1.0000	5.1989	2.0003	0.0000	0.0000	0.0000	0.0000	0.0000	0.0000	0.0000	0.0000	0.0000	0.0000	0.0000	0.0000	0.0000	0.0000	0.0000	0.0000	0.0000	0.0000	0.0383	0.0339	0.0045	0.0084	0.0081	0.0003	0.0299	0.0258	0.0041	0.0352	0.0205	0.0148	0.0103	0.0084	0.0019	0.0250	0.0121	0.0129	0.0000	0.0000	0.0000	0.0000	0.0000	0.0000	0.0000	0.0000	0.0000	0.0000	0.0000	0.0000	0.0000	0.0000	0.0000	0.0000	0.0000	0.0000	
25	37	0.2105	12	0	2	0	0	0	0	0	0	N	Y	N	N	N	N	N	N	N	N	N	N	0.9306	0.6713	0.0350	1.5366	1.4484	0.0340	9.7816	9.1634	0.1460	0.1100	0.1250	0.0000	0.4922	0.5146	0.0002	0.0004	0.0005	0.0000	0.1182	0.1862	0.0005	0.3203	0.3553	0.0047	0.0000	0.0001	0.0000	0.0000	0.0016	-0.0033	-0.0104	4.7974	1.9619	5.1989	8.3400	0.0086	0.0086	0.0000	0.0086	0.0086	0.0000	0.0000	0.0000	0.0000	0.0192	0.0192	0.0000	0.0192	0.0192	0.0000	0.0000	0.0000	0.0000	0.0782	0.0688	0.0094	0.0174	0.0167	0.0008	0.0608	0.0522	0.0086	0.1625	0.1030	0.0595	0.0600	0.0540	0.0060	0.1026	0.0490	0.0535	0.9306	0.6713	0.0350	1.5366	1.4484	0.0340	9.7816	9.1634	0.1460	0.1182	0.1862	0.0005	0.3203	0.3553	0.0047	0.0000	0.0001	0.0000
25	38	0.2125	13	1	1	1	0	0	0	0	0	N	N	N	N	N	N	N	N	N	N	N	N	0.0364	2.5447	0.0000	0.4031	2.2953	0.0000	0.0001	inf	0.0000	0.0046	0.0052	0.0000	0.0113	0.0114	0.0000	0.0000	0.0000	0.0000	0.1264	0.0021	0.3371	0.0280	0.0050	0.4263	0.1643	0.0000	0.3366	0.0000	96.8462	-0.0000	0.0039	4.7974	0.0095	5.1989	5.0631	0.0000	0.0000	0.0000	0.0000	0.0000	0.0000	0.0000	0.0000	0.0000	0.0088	0.0001	0.0087	0.0005	0.0001	0.0005	0.0083	0.0000	0.0083	0.0010	0.0008	0.0001	0.0004	0.0004	0.0000	0.0006	0.0005	0.0001	0.0697	0.0438	0.0259	0.0194	0.0181	0.0013	0.0503	0.0257	0.0246	0.0364	2.5447	0.0000	0.4031	2.2953	0.0000	0.0001	inf	0.0000	0.1264	0.0021	0.3371	0.0280	0.0050	0.3467	0.1643	0.0000	0.3366
25	39	0.1922	11	0	2	0	0	0	0	0	0	N	Y	N	N	N	N	N	N	N	N	N	N	0.0000	0.0000	0.0000	0.0000	0.0000	0.0000	0.0000	0.0000	0.0000	0.0000	0.0000	0.0000	0.0000	0.0000	0.0000	0.0000	0.1412	0.2312	0.0000	0.4223	0.4860	0.0000	0.0000	0.0000	0.0000	0.0000	0.0000	-0.0118	4.7974	1.1272	5.1989	11.0864	0.0000	0.0000	0.0000	0.0000	0.0000	0.0000	0.0000	0.0000	0.0000	0.0218	0.0218	0.0000	0.0218	0.0218	0.0000	0.0000	0.0000	0.0000	0.0574	0.0501	0.0073	0.0155	0.0152	0.0004	0.0419	0.0350	0.0069	0.1545	0.0944	0.0601	0.0517	0.0449	0.0068	0.1028	0.0495	0.0534	0.0000	0.0000	0.0000	0.0000	0.0000	0.0000	0.0000	0.0000	0.0000	0.1412	0.2312	0.0000	0.4223	0.4860	0.0000	0.0000	0.0000	0.0000			
25	40	0.1922	10	0	1	0	0	0	0	0	0	N	N	N	N	N	N	N	N	N	N	N	N	0.0000	0.0000	0.0000	0.0000	0.0000	0.0000	0.0000	0.0000	0.0000	0.0000	0.0000	0.0000	0.0000	0.0000	0.0000	0.0000	0.0000	0.0000	0.0057	0.0040	0.0100	0.0098	0.0068	0.0777	0.0025	0.0000	0.0053	0.9975	0.0000	-0.0000	4.7974	0.4765	5.1989	0.2778	0.0000	0.0000	0.0000	0.0000	0.0000	0.0000	0.0000	0.0000	0.0000	0.0001	0.0001	0.0001	0.0001	0.0001	0.0000	0.0000	0.0000	0.0000	0.0323	0.0280	0.0043	0.0106	0.0104	0.0001	0.0217	0.0176	0.0041	0.0258	0.0185	0.0074	0.0113	0.0108	0.0005	0.0145	0.0076	0.0069	0.0000	0.0000	0.0000	0.0000	0.0000	0.0000	0.0000	0.0000	0.0000	0.0057	0.0040	0.0100	0.0098	0.0068	0.0777	0.0025	0.0000	0.0053	
25	41	0.1943	10	0	2	0	1	0	0	0	0	N	Y	N	N	N	N	N	N	N	N	N	N	39.4019	40.3691	0.0041	1.3152	1.1840	0.0127	102.0333	676356.6083	0.0039	2.6307	2.9854	0.0002	0.1923	0.1997	0.0001	3.2188	3.7365	0.0002	0.0668	0.0740	0.0558	0.1462	0.1687	0.0070	0.0315	0.0000	0.0617	0.0000	0.4967	-0.3778	-0.0051	4.7974	10.0333	5.1989	21.8674	0.9916	0.9915	0.0000	0.0141	0.0141	0.0000	0.9775	0.9775	0.0000	0.0240	0.0161	0.0080	0.0162	0.0161	0.0001	0.0079	0.0000	0.0079	0.3769	0.3321	0.0448	0.0732	0.0705	0.0027	0.3037	0.2616	0.0421	0.3602	0.2172	0.1429	0.1106	0.0952	0.0153	0.2496	0.1220	0.1276	39.4019	40.3691	0.0041	1.3152	1.1840	0.0127	102.0333	676356.6083	0.0039	0.0668	0.0740	0.0558	0.1462	0.1687	0.0070	0.0315	0.0000	0.0617
25	42	0.2125	13	1	1	1	0	0	0	0	0	N	N	N	N	N	N	N	N	N	N	N	N	0.0080	0.0058	0.0000	0.0097	0.0096	0.0000	0.0192	0.1716	0.0000	0.0001	0.0001	0.0000	0.0005	0.0005	0.0000	0.0000	0.0000	0.0000	0.0145	0.0228	0.0000	0.0490	0.0520	0.0000	0.0000	0.0000	0.0000	0.0000	0.0006	-0.0000	-0.0004	4.7974	0.9968	5.1989	1.9513	0.0000	0.0000	0.0000	0.0000	0.0000	0.0000	0.0000	0.0000	0.0000	0.0006	0.0006	0.0000	0.0006	0.0006	0.0000	0.0000	0.0000	0.0000	0.0375	0.0332	0.0044	0.0092	0.0088	0.0005	0.0283	0.0244	0.0039	0.0446	0.0284	0.0162	0.0132	0.0124	0.0008	0.0313	0.0159	0.0154	0.0080	0.0058	0.0000	0.0097	0.0096	0.0000	0.0192	0.1716	0.0000	0.0145	0.0228	0.0000	0.0490	0.0520	0.0000	0.0000	0.0000	0.0000
25	43	0.1993	12	1	1	1	0	0	0	0	0	N	N	N	N	N	N	N	N	N	N	N	N	10.4465	8.2083	0.0001	19.1132	18.6698	0.0000	0.0001	0.0033	0.0001	0.0219	0.0249	0.0000	0.1301	0.1368	0.0000	0.0000	0.0000	0.0000	0.0021	0.0030	0.0007	0.0068	0.0073	0.0007	0.0004	0.0000	0.0007	0.0000	0.1582	-0.0016	-0.0001	4.7974	5.0018	5.1989	1.7716	0.0041	0.0041	0.0000	0.0041	0.0041	0.0000	0.0000	0.0000	0.0000	0.0002	0.0002	0.0000	0.0002	0.0002	0.0000	0.0000	0.0000	0.0000	0.1888	0.1663	0.0226	0.0318	0.0302	0.0016	0.1570	0.1360	0.0210	0.0920	0.0550	0.0370	0.0247	0.0227	0.0020	0.0673	0.0323	0.0351	10.4465	8.2083	0.0001	19.1132	18.6698	0.0000	0.0001	0.0033	0.0001	0.0021	0.0030	0.0007	0.0068	0.0073	0.0007	0.0004	0.0000	0.0007
25	44	0.2025	13	1	1	1	0	0	0	0	0	N	N	N	N	N	N	N	N	N	N	N	N	0.0003	0.0000	0.0011	0.0022	0.0000	3.7980	0.0003	0.0000	0.0010	0.0000	0.0000	0.0000	0.0000	0.0000	0.0000	0.0000	0.0000	0.0000	0.0007	0.0000	0.0017	0.0001	0.0001	0.0000	0.0009	0.0000	0.0018	inf	21.9291	0.0000	0.0000	4.7974	4.9860	5.1989	2.3663	0.0000	0.0000	0.0000	0.0000	0.0000	0.0000	0.0000	0.0000	0.0000	0.0001	0.0000	0.0001	0.0000	0.0000	0.0000	0.0001	0.0000	0.0001	0.1885	0.1660	0.0225	0.0318	0.0303	0.0016	0.1567	0.1357	0.0210	0.1175	0.0727	0.0448	0.0364	0.0339	0.0024	0.0811	0.0388	0.0423	0.0003	0.0000	0.0011	0.0022	0.0000	3.7980	0.0003	0.0000	0.0010	0.0007	0.0000	0.0017	0.0001	0.0001	0.0000	0.0009	0.0000	0.0018
25	45	0.1993	12	1	1	0	0	0	0	0	0	N	N	N	N	N	N	N	N	N	N	N	N	0.2137	0.0052	3.0757	0.0553	0.0093	44.1887	0.5323	0.0000	2.7099	0.0011	0.0000	0.0103	0.0006	0.0001	0.0264	0.0013	0.0000	0.0094	0.0053	0.0068	0.0033	0.0117	0.0124	0.0006	0.0025	0.0012	0.0035	35.0116	0.3541	0.0000	-0.0000	4.7974	0.0225	5.1989	1.9333	0.0000	0.0000	0.0000	0.0000	0.0000	0.0000	0.0000	0.0000	0.0000	0.0002	0.0001	0.0000	0.0001	0.0001	0.0000	0.0001	0.0000	0.0000	0.0013	0.0012	0.0001	0.0004	0.0004	0.0000	0.0009	0.0008	0.0001	0.0327	0.0190	0.0136	0.0100	0.0095	0.0006	0.0226	0.0096	0.0131	0.2137	0.0052	3.0757	0.0553	0.0093	44.1887	0.5323	0.0000	2.7099	0.0053	0.0068	0.0033	0.0117	0.0124	0.0006	0.0025	0.0012	0.0035
25	46	0.1964	11	1	1	0	0	0	0	0	0	N	N	N	N	N	N	N	N	N	N	N	N	0.0122	0.0076	0.2072	0.0168	0.0159	0.3702	0.0514	0.0000	0.1966	0.0000	0.0000	0.0000	0.0002	0.0002	0.0001	0.0000	0.0000	0.0000	0.0037	0.0060	0.0002	0.0142	0.0156	0.0002	0.0001	0.0000	0.0002	0.1322	0.0234	-0.0000	-0.0000	4.7974	1.0095	5.1989	0.3555	0.0000	0.0000	0.0000	0.0000	0.0000	0.0000	0.0000	0.0000	0.0000	0.0001	0.0001	0.0000	0.0001	0.0001	0.0000	0.0000	0.0000	0.0000	0.0392	0.0345	0.0047	0.0066	0.0063	0.0003	0.0326	0.0282	0.0044	0.0180	0.0109	0.0072	0.0046	0.0042	0.0004	0.0134	0.0067	0.0068	0.0122	0.0076	0.2072	0.0168	0.0159	0.3702	0.0514	0.0000	0.1966	0.0037	0.0060	0.0002	0.0142	0.0156	0.0002	0.0001	0.0000	0.0002
25	47	0.2105	12	0	1	1	0	0	0	0	0	N	N	N	N	N	N	N	N	N	N	N	N	1.8325	6862.5723	0.0000	29.9847	69.2741	0.0036	1.5034	285676.6283	0.0000	8.2013	9.3120	0.0000	0.1760	0.1837	0.0001	10.4230	12.1285	0.0000	4.4755	0.0014	11.9210	0.0059	0.0027	0.0311	6.9328	0.0000	13.3445	0.0000	5279.2313	-0.3710	0.4290	4.7974	3.0460	5.1989	11.9126	0.9736	0.9736	0.0000	0.0045	0.0045	0.0000	0.9690	0.9690	0.0000	0.9390	0.0002	0.9389	0.0004	0.0002	0.0003	0.9386	0.0000	0.9386	0.1187	0.1046	0.0142	0.0257	0.0247	0.0011	0.0930	0.0799	0.0131	0.2098	0.1311	0.0788	0.0744	0.0660	0.0084	0.1354	0.0650	0.0703	1.8325	6862.5723	0.0000	29.9847	69.2741	0.0036	1.5034	285676.6283	0.0000	4.4755	0.0014	11.9210	0.0059	0.0027	0.0311	6.9328	0.0000	13.3445
25	48	0.1971	11	0	1	0	0	0	0	0	0	N	N	N	N	N	N	N	N	N	N	N	N	5.2237	24.9200	0.0090	0.8746	0.9254	0.3447	5.0527	941.6086	0.0029	0.1948	0.2213	0.0008	0.0155	0.0158	0.0086	0.2441	0.2850	0.0003	0.0373	0.0089	0.0877	0.0177	0.0170	0.0249	0.0483	0.0003	0.0939	0.0005	5.5659	-0.0033	0.0013	4.7974	1.1082	5.1989	5.8288	0.0087	0.0087	0.0000	0.0001	0.0001	0.0000	0.0086	0.0086	0.0000	0.0043	0.0007	0.0037	0.0007	0.0007	0.0001	0.0036	0.0000	0.0036	0.0447	0.0394	0.0054	0.0096	0.0093	0.0003	0.0351	0.0300	0.0050	0.1165	0.0745	0.0420	0.0420	0.0382	0.0038	0.0745	0.0363	0.0382	5.2237	24.9200	0.0090	0.8746	0.9254	0.3447	5.0527	941.6086	0.0029	0.0373	0.0089	0.0877	0.0177	0.0170	0.0249	0.0483	0.0003	0.0939
25	49	0.2283	13	0	2	0	0	0	0	0	0	N	Y	N	N	N	N	N	N	N	N	N	N	0.0000	0.0000	0.0000	0.0000	0.0000	0.0000	0.0000	0.0000	0.0000	0.0000	0.0000	0.0000	0.0000	0.0000	0.0000	0.0000	0.0000	0.0000	0.0004	0.0007	0.0000	0.0015	0.0018	0.0000	0.0000	0.0000	0.0000	0.0026	0.0000	-0.0000	4.7974	0.0000	5.1989	2.0001	0.0000	0.0000	0.0000	0.0000	0.0000	0.0000	0.0000	0.0000	0.0000	0.0000	0.0000	0.0000	0.0000	0.0000	0.0000	0.0000	0.0000	0.0000	0.0000	0.0000	0.0000	0.0000	0.0000	0.0000	0.0000	0.0000	0.0000	0.0236	0.0137	0.0099	0.0069	0.0056	0.0013	0.0167	0.0081	0.0086	0.0000	0.0000	0.0000	0.0000	0.0000	0.0000	0.0000	0.0000	0.0000	0.0004	0.0007	0.0000	0.0015	0.0018	0.0000	0.0000	0.0000	0.0000	
25	50	0.2319	16	1	2	1	0	0	0	0	0	N	Y	N	N	N	N	N	N	N	N	N	N	0.0000	0.0000	0.0000	0.0000	0.0000	0.0000	0.0000	0.0000	0.0000	0.0000	0.0000	0.0000	0.0000	0.0000	0.0000	0.0095	0.0000	0.0375	0.0246	0.0000	0.7610	0.0006	0.0000	0.0015	inf	0.0000	0.0002	4.7974	0.0000	5.1989	1.7047	0.0000	0.0000	0.0000	0.0000	0.0000	0.0000	0.0000	0.0000	0.0000	0.0004	0.0000	0.0004	0.0004	0.0000	0.0004	0.0000	0.0000	0.0000	0.0000	0.0000	0.0000	0.0000	0.0000	0.0000	0.0000	0.0000	0.0000	0.0408	0.0305	0.0103	0.0152	0.0145	0.0007	0.0256	0.0160	0.0096	0.0000	0.0000	0.0000	0.0000	0.0000	0.0000	0.0000	0.0000	0.0000	0.0095	0.0000	0.0375	0.0246	0.0000	0.5160	0.0006	0.0000	0.0015				
25	51	0.2319	16	1	2	1	0	0	0	0	0	N	Y	N	N	N	N	N	N	N	N	N	N	0.0000	0.0000	0.0000	0.0000	0.0000	0.0000	0.0000	0.0000	0.0000	0.0000	0.0000	0.0000	0.0000	0.0000	0.0000	0.0070	0.0081	0.0000	0.0150	0.0153	0.0000	0.0000	0.0000	0.0000	0.0000	0.0000	-0.0001	4.7974	0.0000	5.1989	0.2953	0.0000	0.0000	0.0000	0.0000	0.0000	0.0000	0.0000	0.0000	0.0000	0.0002	0.0002	0.0000	0.0002	0.0002	0.0000	0.0000	0.0000	0.0000	0.0000	0.0000	0.0000	0.0000	0.0000	0.0000	0.0000	0.0000	0.0000	0.0233	0.0200	0.0033	0.0108	0.0106	0.0002	0.0125	0.0094	0.0031	0.0000	0.0000	0.0000	0.0000	0.0000	0.0000	0.0000	0.0000	0.0000	0.0070	0.0081	0.0000	0.0150	0.0153	0.0000	0.0000	0.0000	0.0000				
25	52	0.2290	15	1	2	1	0	0	0	0	0	N	Y	N	N	N	N	N	N	N	N	N	N	0.0000	0.0000	0.0000	0.0000	0.0000	0.0000	0.0000	0.0000	0.0000	0.0000	0.0000	0.0000	0.0000	0.0000	0.0000	0.0000	0.0000	0.0000	0.0128	0.0198	0.0001	0.0411	0.0433	0.0024	0.0000	0.0000	0.0000	0.0036	0.0000	-0.0002	4.7974	0.0001	5.1989	1.7968	0.0000	0.0000	0.0000	0.0000	0.0000	0.0000	0.0000	0.0000	0.0000	0.0004	0.0004	0.0000	0.0004	0.0004	0.0000	0.0000	0.0000	0.0000	0.0000	0.0000	0.0000	0.0000	0.0000	0.0000	0.0000	0.0000	0.0000	0.0316	0.0204	0.0112	0.0099	0.0093	0.0005	0.0217	0.0110	0.0107	0.0000	0.0000	0.0000	0.0000	0.0000	0.0000	0.0000	0.0000	0.0000	0.0128	0.0198	0.0001	0.0411	0.0433	0.0024	0.0000	0.0000	0.0000	
25	53	0.2107	9	1	2	0	0	0	0	0	0	N	Y	N	N	N	N	N	N	N	N	N	N	13.2858	9.5192	46.9011	14.4622	14.3136	1.6806	21.1912	774.2766	51.8207	0.0419	0.0450	0.0152	0.1356	0.1426	0.0001	0.0036	0.0016	0.0176	0.0032	0.0047	0.0003	0.0094	0.0100	0.0000	0.0002	0.0000	0.0003	0.0392	0.0381	-0.0013	-0.0001	4.7974	1.8240	5.1989	0.8872	0.0037	0.0035	0.0001	0.0035	0.0035	0.0000	0.0002	0.0001	0.0001	0.0001	0.0001	0.0000	0.0001	0.0001	0.0000	0.0000	0.0000	0.0000	0.0880	0.0789	0.0091	0.0255	0.0242	0.0013	0.0625	0.0546	0.0079	0.0449	0.0289	0.0161	0.0146	0.0137	0.0009	0.0304	0.0152	0.0152	13.2858	9.5192	46.9011	14.4622	14.3136	1.6806	21.1912	774.2766	51.8207	0.0032	0.0047	0.0003	0.0094	0.0100	0.0000	0.0002	0.0000	0.0003
25	54	0.2582	15	0	2	0	1	0	0	0	0	N	Y	N	N	N	N	N	N	N	N	N	N	0.0000	0.0000	0.0000	0.0000	0.0000	0.0000	0.0000	0.0000	0.0000	0.0000	0.0000	0.0000	0.0000	0.0000	0.0000	0.0000	0.0000	0.0070	0.0019	0.0155	0.0050	0.0038	0.0135	0.0081	0.0000	0.0157	4.7868	0.0000	0.0001	4.7974	0.0007	5.1989	4.7762	0.0000	0.0000	0.0000	0.0000	0.0000	0.0000	0.0000	0.0000	0.0000	0.0005	0.0001	0.0004	0.0001	0.0001	0.0000	0.0003	0.0000	0.0003	0.0000	0.0000	0.0000	0.0000	0.0000	0.0000	0.0000	0.0000	0.0000	0.0648	0.0406	0.0241	0.0235	0.0206	0.0030	0.0413	0.0201	0.0212	0.0000	0.0000	0.0000	0.0000	0.0000	0.0000	0.0000	0.0000	0.0000	0.0070	0.0019	0.0155	0.0050	0.0038	0.0135	0.0081	0.0000	0.0157		
25	55	0.2582	15	0	1	0	1	0	0	0	0	N	N	N	N	N	N	N	N	N	N	N	N	0.0000	0.0000	0.0000	0.0000	0.0000	0.0000	0.0000	0.0000	0.0000	0.0000	0.0000	0.0000	0.0000	0.0000	0.0000	0.0000	0.0000	0.3351	0.5143	0.0171	0.8958	0.9972	0.1104	0.0024	0.0000	0.0047	0.0188	0.0000	-0.0083	4.7974	0.0007	5.1989	3.2259	0.0000	0.0000	0.0000	0.0000	0.0000	0.0000	0.0000	0.0000	0.0000	0.0158	0.0155	0.0003	0.0158	0.0155	0.0002	0.0001	0.0000	0.0001	0.0000	0.0000	0.0000	0.0000	0.0000	0.0000	0.0000	0.0000	0.0000	0.0472	0.0302	0.0170	0.0176	0.0156	0.0020	0.0296	0.0146	0.0150	0.0000	0.0000	0.0000	0.0000	0.0000	0.0000	0.0000	0.0000	0.0000	0.3351	0.5143	0.0171	0.8958	0.9972	0.1104	0.0024	0.0000	0.0047		
25	56	0.2539	14	0	1	0	1	0	0	0	0	N	N	N	N	N	N	N	N	N	N	N	N	0.0000	0.0000	0.0000	0.0000	0.0000	0.0000	0.0000	0.0000	0.0000	0.0000	0.0000	0.0000	0.0000	0.0000	0.0000	0.0000	0.0000	0.0000	0.0321	0.0484	0.0014	0.0843	0.0944	0.0015	0.0007	0.0000	0.0013	0.0149	0.0000	-0.0006	4.7974	0.9953	5.1989	1.3904	0.0000	0.0000	0.0000	0.0000	0.0000	0.0000	0.0000	0.0000	0.0000	0.0012	0.0011	0.0000	0.0012	0.0011	0.0000	0.0000	0.0000	0.0000	0.0387	0.0342	0.0045	0.0077	0.0074	0.0003	0.0310	0.0268	0.0042	0.0363	0.0237	0.0126	0.0137	0.0122	0.0015	0.0226	0.0116	0.0111	0.0000	0.0000	0.0000	0.0000	0.0000	0.0000	0.0000	0.0000	0.0000	0.0321	0.0484	0.0014	0.0843	0.0944	0.0015	0.0007	0.0000	0.0013	
25	57	0.2472	13	0	1	0	1	0	0	0	0	N	N	N	N	N	N	N	N	N	N	N	N	0.0059	0.4103	0.0000	0.8790	0.8745	0.0000	0.0000	0.0000	0.0000	0.0001	0.0001	0.0000	0.0005	0.0006	0.0000	0.0000	0.0000	0.0000	0.0224	0.0004	0.0569	0.0006	0.0006	0.0005	0.0348	0.0001	0.0641	0.0000	99.4397	-0.0000	0.0005	4.7974	0.0068	5.1989	3.2797	0.0000	0.0000	0.0000	0.0000	0.0000	0.0000	0.0000	0.0000	0.0000	0.0010	0.0000	0.0010	0.0000	0.0000	0.0000	0.0010	0.0000	0.0010	0.0003	0.0003	0.0000	0.0001	0.0001	0.0000	0.0002	0.0002	0.0000	0.0458	0.0279	0.0178	0.0167	0.0146	0.0020	0.0291	0.0133	0.0158	0.0059	0.4103	0.0000	0.8790	0.8745	0.0000	0.0000	0.0000	0.0000	0.0224	0.0004	0.0569	0.0006	0.0006	0.0005	0.0348	0.0001	0.0641
25	58	0.2060	12	0	1	0	1	0	0	0	0	N	N	N	N	N	N	N	N	N	N	N	N	5.0068	4.1110	0.4108	5.1407	5.3739	0.0009	14.0592	107.1306	1.2042	0.0133	0.0150	0.0005	0.0424	0.0444	0.0000	0.0036	0.0041	0.0005	0.0027	0.0037	0.0012	0.0082	0.0083	0.0081	0.0003	0.0000	0.0005	0.0043	0.2226	-0.0013	-0.0002	4.7974	5.8573	5.1989	13.1443	0.0034	0.0034	0.0000	0.0027	0.0027	0.0000	0.0007	0.0007	0.0000	0.0006	0.0005	0.0001	0.0006	0.0005	0.0001	0.0000	0.0000	0.0000	0.2530	0.2233	0.0297	0.0636	0.0607	0.0029	0.1894	0.1626	0.0268	0.2415	0.1438	0.0977	0.0728	0.0633	0.0095	0.1687	0.0805	0.0882	5.0068	4.1110	0.4108	5.1407	5.3739	0.0009	14.0592	107.1306	1.2042	0.0027	0.0037	0.0012	0.0082	0.0083	0.0081	0.0003	0.0000	0.0005
25	59	0.2292	16	0	2	1	0	0	0	0	0	N	Y	N	N	N	N	N	N	N	N	N	N	0.0229	0.2028	0.0000	0.0001	0.0001	0.0000	0.0224	297.9315	0.0000	0.0021	0.0024	0.0000	0.0000	0.0000	0.0000	0.0026	0.0030	0.0000	0.0927	0.0119	0.2378	0.0284	0.0299	0.0027	0.1165	0.0000	0.2483	0.0000	11.1607	-0.0000	0.0026	4.7974	0.9979	5.1989	4.0614	0.0001	0.0001	0.0000	0.0000	0.0000	0.0000	0.0001	0.0001	0.0000	0.0069	0.0006	0.0063	0.0006	0.0006	0.0000	0.0063	0.0000	0.0063	0.0375	0.0331	0.0044	0.0070	0.0067	0.0003	0.0305	0.0265	0.0041	0.0744	0.0478	0.0266	0.0201	0.0190	0.0011	0.0543	0.0288	0.0255	0.0229	0.2028	0.0000	0.0001	0.0001	0.0000	0.0224	297.9315	0.0000	0.0927	0.0119	0.2378	0.0284	0.0299	0.0027	0.1165	0.0000	0.2483
25	60	0.2208	15	0	2	0	0	0	0	0	0	N	Y	N	N	N	N	N	N	N	N	N	N	3.5439	2.6865	0.0250	0.0677	0.0659	2.7540	67.4631	947639.8722	0.0002	0.0848	0.0962	0.0001	0.0057	0.0059	0.0011	0.1025	0.1184	0.0000	0.0239	0.0358	0.0031	0.0842	0.0898	0.0004	0.0015	0.0000	0.0032	0.0001	0.0488	-0.0028	-0.0008	4.7974	2.2356	5.1989	2.2044	0.0074	0.0074	0.0000	0.0001	0.0001	0.0000	0.0073	0.0073	0.0000	0.0016	0.0015	0.0001	0.0015	0.0015	0.0000	0.0001	0.0000	0.0001	0.0867	0.0765	0.0102	0.0158	0.0151	0.0007	0.0709	0.0613	0.0095	0.0652	0.0416	0.0236	0.0177	0.0166	0.0011	0.0475	0.0250	0.0225	3.5439	2.6865	0.0250	0.0677	0.0659	2.7540	67.4631	947639.8722	0.0002	0.0239	0.0358	0.0031	0.0842	0.0898	0.0004	0.0015	0.0000	0.0032
25	61	0.2001	13	1	1	1	0	0	0	0	0	N	N	N	N	N	N	N	N	N	N	N	N	0.0002	0.4116	0.0000	0.1997	0.8695	0.0000	0.0000	0.0000	0.0000	0.0014	0.0016	0.0000	0.0083	0.0087	0.0000	0.0000	0.0000	0.0000	8.5849	0.0039	33.0212	0.0417	0.0101	0.4094	11.5707	0.0000	30.5164	0.0000	3654.3752	-0.0000	0.4500	4.7974	2.0703	5.1989	7.0012	0.0001	0.0001	0.0000	0.0001	0.0001	0.0000	0.0000	0.0000	0.0000	0.9852	0.0003	0.9849	0.0012	0.0003	0.0010	0.9839	0.0000	0.9839	0.0832	0.0730	0.0102	0.0140	0.0133	0.0007	0.0692	0.0597	0.0095	0.1148	0.0697	0.0450	0.0297	0.0268	0.0029	0.0850	0.0429	0.0421	0.0002	0.4116	0.0000	0.1997	0.8695	0.0000	0.0000	0.0000	0.0000	8.5849	0.0039	21.8692	0.0417	0.0101	0.3315	11.5707	0.0000	23.3643
25	62	0.1985	12	0	1	0	0	0	0	0	0	N	N	N	N	N	N	N	N	N	N	N	N	0.0350	0.0000	0.1148	3.3032	0.0000	46.9322	0.0098	0.0000	0.0365	0.0032	0.0000	0.0261	0.0142	0.0000	0.2917	0.0012	0.0000	0.0089	0.0912	0.0029	0.2276	0.0043	0.0041	0.0062	0.1225	0.0022	0.2424	inf	50.4036	0.0001	0.0005	4.7974	0.9285	5.1989	0.0280	0.0001	0.0000	0.0001	0.0001	0.0000	0.0001	0.0000	0.0000	0.0000	0.0012	0.0000	0.0011	0.0000	0.0000	0.0000	0.0012	0.0000	0.0011	0.0364	0.0319	0.0044	0.0056	0.0053	0.0003	0.0308	0.0266	0.0042	0.0128	0.0078	0.0050	0.0034	0.0031	0.0003	0.0094	0.0047	0.0047	0.0350	0.0000	0.1148	3.3032	0.0000	46.9322	0.0098	0.0000	0.0365	0.0912	0.0029	0.2276	0.0043	0.0041	0.0062	0.1225	0.0022	0.2424
25	63	0.1608	7	1	2	0	0	0	0	0	0	N	Y	N	N	N	N	N	N	N	N	N	N	0.0540	0.0383	0.0000	0.0032	0.0031	0.0000	2.5067	41.4021	0.0000	0.0055	0.0062	0.0000	0.0013	0.0014	0.0000	0.0065	0.0075	0.0000	0.1015	0.1628	0.0050	0.4094	0.4452	0.0031	0.0026	0.0002	0.0051	0.0000	0.0196	-0.0001	-0.0030	4.7974	1.0023	5.1989	3.0135	0.0002	0.0002	0.0000	0.0000	0.0000	0.0000	0.0002	0.0002	0.0000	0.0057	0.0056	0.0001	0.0056	0.0056	0.0000	0.0001	0.0000	0.0001	0.0400	0.0352	0.0048	0.0077	0.0074	0.0004	0.0322	0.0278	0.0044	0.0563	0.0345	0.0219	0.0137	0.0126	0.0011	0.0426	0.0219	0.0208	0.0540	0.0383	0.0000	0.0032	0.0031	0.0000	2.5067	41.4021	0.0000	0.1015	0.1628	0.0050	0.4094	0.4452	0.0031	0.0026	0.0002	0.0051
25	64	0.1344	6	1	2	0	0	0	0	0	0	N	Y	N	N	N	N	N	N	N	N	N	N	205.8930	742.2834	0.0014	24.2385	24.2756	0.0154	225.6540	1166.1798	0.0013	6.9115	7.8503	0.0001	0.3315	0.3414	0.0001	8.7953	10.2928	0.0001	0.0336	0.0106	0.0663	0.0137	0.0141	0.0093	0.0390	0.0088	0.0689	0.0000	4.4014	-0.3820	0.0015	4.7974	3.0820	5.1989	9.3392	1.0026	1.0026	0.0000	0.0107	0.0107	0.0000	0.9919	0.9919	0.0000	0.0055	0.0010	0.0045	0.0005	0.0005	0.0000	0.0050	0.0006	0.0045	0.1451	0.1277	0.0173	0.0323	0.0313	0.0009	0.1128	0.0964	0.0164	0.1644	0.0966	0.0678	0.0351	0.0323	0.0029	0.1293	0.0643	0.0649	205.8930	742.2834	0.0014	24.2385	24.2756	0.0154	225.6540	1166.1798	0.0013	0.0336	0.0106	0.0663	0.0137	0.0141	0.0093	0.0390	0.0088	0.0689
25	65	0.2208	15	0	2	0	0	0	0	0	0	N	Y	N	N	N	N	N	N	N	N	N	N	0.0110	47.1657	0.0000	0.0571	0.1254	0.0113	0.0101	inf	0.0000	0.1029	0.1165	0.0001	0.0008	0.0008	0.0014	0.1264	0.1460	0.0000	9.3305	0.0025	41.6913	0.0147	0.0065	0.1196	12.5039	0.0000	36.3061	0.0001	6071.6343	-0.0028	0.4447	4.7974	1.7946	5.1989	5.9592	0.0073	0.0073	0.0000	0.0000	0.0000	0.0000	0.0073	0.0073	0.0000	0.9734	0.0002	0.9733	0.0004	0.0002	0.0002	0.9731	0.0000	0.9731	0.0707	0.0624	0.0083	0.0132	0.0127	0.0006	0.0575	0.0498	0.0077	0.1043	0.0649	0.0394	0.0265	0.0246	0.0019	0.0778	0.0403	0.0375	0.0110	47.1657	0.0000	0.0571	0.1254	0.0113	0.0101	inf	0.0000	9.3305	0.0025	24.6772	0.0147	0.0065	0.1196	12.5039	0.0000	25.9338
25	66	0.2139	14	0	2	0	0	0	0	0	0	N	Y	N	N	N	N	N	N	N	N	N	N	510.2628	6232.2644	0.1116	43.6239	42.4145	64.1086	506.0076	21828.7309	0.0012	16.8213	19.0959	0.0086	0.2621	0.2690	0.1143	20.9932	24.3552	0.0001	0.0330	0.0031	0.0773	0.0060	0.0063	0.0018	0.0415	0.0011	0.0807	0.0001	17.0153	-0.3725	0.0006	4.7974	1.3569	5.1989	2.0560	0.9778	0.9777	0.0001	0.0031	0.0030	0.0001	0.9747	0.9747	0.0000	0.0015	0.0001	0.0015	0.0001	0.0001	0.0000	0.0015	0.0000	0.0015	0.0581	0.0512	0.0069	0.0117	0.0112	0.0005	0.0464	0.0400	0.0064	0.0466	0.0279	0.0188	0.0112	0.0104	0.0008	0.0354	0.0175	0.0180	510.2628	6232.2644	0.1116	43.6239	42.4145	64.1086	506.0076	21828.7309	0.0012	0.0330	0.0031	0.0773	0.0060	0.0063	0.0018	0.0415	0.0011	0.0807
25	67	0.2006	13	0	2	0	0	0	0	0	0	N	Y	N	N	N	N	N	N	N	N	N	N	2306.5683	215461.7420	66.9010	10152.1987	433665.9689	109.1033	47.6561	208323.2860	7.0507	5.1687	5.8285	0.3861	28.4216	30.0683	3.8726	0.0976	0.1081	0.0294	0.0022	0.0000	0.0058	0.0028	0.0001	0.0355	0.0020	0.0000	0.0042	0.0091	133.7749	-0.3769	0.0001	4.7974	4.9477	5.1989	2.0153	1.0131	1.0039	0.0092	0.9974	0.9888	0.0085	0.0157	0.0151	0.0006	0.0002	0.0000	0.0002	0.0001	0.0000	0.0001	0.0001	0.0000	0.0001	0.1960	0.1722	0.0238	0.0351	0.0329	0.0022	0.1609	0.1394	0.0216	0.0926	0.0569	0.0357	0.0238	0.0219	0.0018	0.0688	0.0350	0.0338	2306.5683	215461.7420	66.9010	10152.1987	433665.9689	109.1033	47.6561	208323.2860	7.0507	0.0022	0.0000	0.0058	0.0028	0.0001	0.0355	0.0020	0.0000	0.0042
25	68	0.2283	13	0	1	1	0	0	0	0	0	N	N	N	N	N	N	N	N	N	N	N	N	0.0000	0.0000	0.0000	0.0000	0.0000	0.0000	0.0000	0.0000	0.0000	0.0000	0.0000	0.0000	0.0000	0.0000	0.0000	0.0000	0.0000	0.0036	0.0062	0.0000	0.0125	0.0153	0.0000	0.0000	0.0000	0.0000	0.0001	0.0000	-0.0001	4.7974	0.0000	5.1989	4.0001	0.0000	0.0000	0.0000	0.0000	0.0000	0.0000	0.0000	0.0000	0.0000	0.0002	0.0002	0.0000	0.0002	0.0002	0.0000	0.0000	0.0000	0.0000	0.0000	0.0000	0.0000	0.0000	0.0000	0.0000	0.0000	0.0000	0.0000	0.0468	0.0272	0.0196	0.0136	0.0111	0.0025	0.0332	0.0161	0.0171	0.0000	0.0000	0.0000	0.0000	0.0000	0.0000	0.0000	0.0000	0.0000	0.0036	0.0062	0.0000	0.0125	0.0153	0.0000	0.0000	0.0000	0.0000		
25	69	0.2060	12	0	1	0	0	0	0	0	0	N	N	N	N	N	N	N	N	N	N	N	N	0.9361	4.1875	0.0160	6.0047	6.1149	0.0006	0.0199	5.5321	0.0168	0.0239	0.0270	0.0009	0.0796	0.0837	0.0000	0.0006	0.0006	0.0010	0.0255	0.0064	0.0544	0.0133	0.0137	0.0100	0.0313	0.0001	0.0590	0.0043	5.5899	-0.0013	0.0013	4.7974	2.8240	5.1989	8.9883	0.0034	0.0034	0.0000	0.0034	0.0034	0.0000	0.0001	0.0000	0.0000	0.0043	0.0007	0.0036	0.0007	0.0006	0.0001	0.0036	0.0000	0.0036	0.1430	0.1262	0.0168	0.0421	0.0401	0.0021	0.1008	0.0861	0.0148	0.1678	0.1010	0.0669	0.0534	0.0471	0.0063	0.1144	0.0538	0.0606	0.9361	4.1875	0.0160	6.0047	6.1149	0.0006	0.0199	5.5321	0.0168	0.0255	0.0064	0.0544	0.0133	0.0137	0.0100	0.0313	0.0001	0.0590
25	70	0.1971	11	0	1	0	0	0	0	0	0	N	N	N	N	N	N	N	N	N	N	N	N	8.6209	26.4818	12.8479	16.0859	70.4516	0.0484	6.4341	0.7017	23.9522	0.0518	0.0328	0.1919	0.1355	0.1404	0.0041	0.0293	0.0003	0.2047	0.0060	0.0012	0.0149	0.0084	0.0020	0.0854	0.0046	0.0004	0.0085	0.7961	6.4544	0.0002	0.0002	4.7974	1.4521	5.1989	3.5882	0.0030	0.0017	0.0013	0.0017	0.0017	0.0000	0.0013	0.0000	0.0013	0.0006	0.0001	0.0005	0.0003	0.0001	0.0002	0.0003	0.0000	0.0003	0.0578	0.0509	0.0069	0.0122	0.0118	0.0004	0.0456	0.0391	0.0065	0.0958	0.0624	0.0334	0.0360	0.0332	0.0028	0.0598	0.0292	0.0306	8.6209	26.4818	12.8479	16.0859	70.4516	0.0484	6.4341	0.7017	23.9522	0.0060	0.0012	0.0149	0.0084	0.0020	0.0854	0.0046	0.0004	0.0085
25	71	0.1943	10	0	1	0	0	0	0	0	0	N	N	N	N	N	N	N	N	N	N	N	N	0.7506	1.4887	0.0188	1.1295	1.9368	0.0383	0.7279	69.0205	0.0081	0.0050	0.0057	0.0002	0.0127	0.0129	0.0034	0.0026	0.0031	0.0001	0.0067	0.0038	0.0127	0.0112	0.0067	0.0892	0.0036	0.0000	0.0071	0.0057	1.6064	-0.0001	0.0000	4.7974	1.1783	5.1989	0.9542	0.0003	0.0003	0.0000	0.0002	0.0002	0.0000	0.0001	0.0001	0.0000	0.0004	0.0001	0.0002	0.0003	0.0001	0.0001	0.0001	0.0000	0.0001	0.0537	0.0474	0.0064	0.0128	0.0125	0.0003	0.0409	0.0349	0.0060	0.0553	0.0373	0.0180	0.0225	0.0212	0.0012	0.0328	0.0160	0.0168	0.7506	1.4887	0.0188	1.1295	1.9368	0.0383	0.7279	69.0205	0.0081	0.0067	0.0038	0.0127	0.0112	0.0067	0.0892	0.0036	0.0000	0.0071
25	72	0.1897	9	0	1	0	0	0	0	0	0	N	N	N	N	N	N	N	N	N	N	N	N	0.4475	0.6488	0.0000	0.0155	0.0224	0.0000	1.4980	217.9090	0.0000	0.0019	0.0022	0.0000	0.0001	0.0001	0.0000	0.0024	0.0028	0.0000	0.0042	0.0033	0.0059	0.0088	0.0063	0.0374	0.0016	0.0000	0.0031	0.0000	0.9747	-0.0001	-0.0000	4.7974	2.0762	5.1989	1.4610	0.0002	0.0002	0.0000	0.0000	0.0000	0.0000	0.0002	0.0002	0.0000	0.0003	0.0001	0.0001	0.0002	0.0001	0.0001	0.0001	0.0000	0.0001	0.0836	0.0736	0.0100	0.0174	0.0168	0.0006	0.0662	0.0568	0.0094	0.0669	0.0433	0.0237	0.0248	0.0228	0.0020	0.0422	0.0205	0.0217	0.4475	0.6488	0.0000	0.0155	0.0224	0.0000	1.4980	217.9090	0.0000	0.0042	0.0033	0.0059	0.0088	0.0063	0.0374	0.0016	0.0000	0.0031
25	73	0.1255	5	0	1	0	0	0	0	0	0	N	N	N	N	N	N	N	N	N	N	N	N	23.4127	20.7367	0.0002	0.2338	0.2210	0.0000	92.2613	6524668.6971	0.0002	5.4558	6.1982	0.0000	0.2121	0.2186	0.0000	6.8223	7.9630	0.0000	0.2330	0.2989	0.1447	0.9072	0.9891	0.1105	0.0739	0.0000	0.1462	0.0000	0.3609	-0.3758	-0.0174	4.7974	4.0673	5.1989	17.8409	0.9863	0.9863	0.0000	0.0079	0.0079	0.0000	0.9783	0.9783	0.0000	0.0627	0.0461	0.0166	0.0466	0.0461	0.0005	0.0161	0.0000	0.0161	0.1808	0.1591	0.0217	0.0374	0.0363	0.0011	0.1434	0.1229	0.0205	0.2691	0.1542	0.1150	0.0514	0.0466	0.0048	0.2177	0.1076	0.1102	23.4127	20.7367	0.0002	0.2338	0.2210	0.0000	92.2613	6524668.6971	0.0002	0.2330	0.2989	0.1447	0.9072	0.9891	0.1105	0.0739	0.0000	0.1462
25	75	0.1378	3	0	1	0	0	0	0	0	0	N	N	N	N	N	N	N	N	N	N	N	N	0.8291	3.8006	0.0005	1.1131	1.0937	0.1744	0.7327	57.5895	0.0006	0.8023	0.9290	0.0013	0.4128	0.4495	0.0003	1.0212	1.2260	0.0016	0.9677	0.2444	2.3473	0.3708	0.4110	0.0015	1.3937	0.0213	2.6630	0.0002	5.0350	-0.0728	0.2877	4.7974	3.5843	5.1989	46.7516	0.1913	0.1912	0.0000	0.0354	0.0354	0.0000	0.1559	0.1558	0.0000	0.9877	0.1637	0.8240	0.1576	0.1576	0.0001	0.8300	0.0061	0.8239	0.2384	0.2059	0.0325	0.0858	0.0788	0.0070	0.1526	0.1271	0.0255	1.0206	0.6695	0.3510	0.4251	0.3834	0.0416	0.5955	0.2861	0.3094	0.8291	3.8006	0.0005	1.1131	1.0937	0.1744	0.7327	57.5895	0.0006	0.9677	0.2444	2.3473	0.3708	0.4110	0.0015	1.3937	0.0213	2.6630
25	76	0.2274	15	1	2	1	0	0	0	0	0	N	Y	N	N	N	N	N	N	N	N	N	N	0.0000	0.0000	0.0000	0.0000	0.0000	0.0000	0.0000	0.0000	0.0000	0.0000	0.0000	0.0000	0.0000	0.0000	0.0000	0.0000	0.0000	0.0000	0.0000	0.0000	0.0000	0.0000	0.0004	0.0000	0.0000	0.0000	15.0588	0.0000	0.0000	4.7974	1.0003	5.1989	1.0071	0.0000	0.0000	0.0000	0.0000	0.0000	0.0000	0.0000	0.0000	0.0000	0.0000	0.0000	0.0000	0.0000	0.0000	0.0000	0.0000	0.0000	0.0000	0.0376	0.0330	0.0045	0.0067	0.0064	0.0003	0.0309	0.0267	0.0042	0.0251	0.0154	0.0097	0.0077	0.0069	0.0008	0.0174	0.0085	0.0089	0.0000	0.0000	0.0000	0.0000	0.0000	0.0000	0.0000	0.0000	0.0000	0.0000	0.0000	0.0000	0.0000	0.0000	0.0004	0.0000	0.0000	0.0000		
25	77	0.2206	14	1	1	1	0	0	0	0	0	N	N	N	N	N	N	N	N	N	N	N	N	0.0000	0.0000	0.0000	0.0000	0.0000	0.0000	0.0000	0.0000	0.0000	0.0000	0.0000	0.0000	0.0000	0.0000	0.0000	0.0000	0.0000	0.0035	0.0002	0.0125	0.0078	0.0004	0.1974	0.0006	0.0000	0.0015	19.4956	0.0000	0.0001	4.7974	0.9901	5.1989	2.2068	0.0000	0.0000	0.0000	0.0000	0.0000	0.0000	0.0000	0.0000	0.0000	0.0003	0.0000	0.0003	0.0003	0.0000	0.0002	0.0000	0.0000	0.0000	0.0377	0.0332	0.0046	0.0068	0.0064	0.0003	0.0309	0.0267	0.0042	0.0814	0.0597	0.0216	0.0323	0.0311	0.0012	0.0491	0.0287	0.0204	0.0000	0.0000	0.0000	0.0000	0.0000	0.0000	0.0000	0.0000	0.0000	0.0035	0.0002	0.0125	0.0078	0.0004	0.1974	0.0006	0.0000	0.0015		
25	78	0.1080	4	0	2	0	0	0	0	0	0	N	Y	N	N	N	N	N	N	N	N	N	N	9.5071	7.5157	0.0000	0.1821	0.1817	0.0000	96.9286	5415.8685	0.0000	2.5201	2.9204	0.0000	0.1556	0.1731	0.0000	3.3254	3.9090	0.0000	0.2651	0.3886	0.0679	0.8545	0.9526	0.0566	0.0343	0.0007	0.0689	0.0000	0.1094	-0.3863	-0.0435	4.7974	8.4371	5.1989	15.3349	1.0138	1.0138	0.0000	0.0159	0.0159	0.0000	0.9979	0.9979	0.0000	0.0978	0.0882	0.0096	0.0887	0.0881	0.0006	0.0091	0.0001	0.0090	0.4023	0.3472	0.0551	0.1022	0.0919	0.0103	0.3001	0.2553	0.0448	0.3690	0.2269	0.1421	0.1038	0.0925	0.0114	0.2652	0.1345	0.1307	9.5071	7.5157	0.0000	0.1821	0.1817	0.0000	96.9286	5415.8685	0.0000	0.2651	0.3886	0.0679	0.8545	0.9526	0.0566	0.0343	0.0007	0.0689
25	79	0.2206	14	1	1	1	0	0	0	0	0	N	N	N	N	N	N	N	N	N	N	N	N	0.0000	0.0000	0.0000	0.0000	0.0000	0.0000	0.0000	0.0000	0.0000	0.0000	0.0000	0.0000	0.0000	0.0000	0.0000	0.0000	0.0000	0.0068	0.0082	0.0038	0.0167	0.0172	0.0090	0.0015	0.0000	0.0034	0.2149	0.0000	-0.0004	4.7974	3.0096	5.1989	5.7427	0.0000	0.0000	0.0000	0.0000	0.0000	0.0000	0.0000	0.0000	0.0000	0.0010	0.0008	0.0002	0.0008	0.0008	0.0000	0.0001	0.0000	0.0001	0.1125	0.0989	0.0136	0.0199	0.0189	0.0010	0.0926	0.0800	0.0126	0.1468	0.0998	0.0470	0.0509	0.0478	0.0031	0.0960	0.0520	0.0439	0.0000	0.0000	0.0000	0.0000	0.0000	0.0000	0.0000	0.0000	0.0000	0.0068	0.0082	0.0038	0.0167	0.0172	0.0090	0.0015	0.0000	0.0034		
25	80	0.2050	13	1	1	1	0	0	0	0	0	N	N	N	N	N	N	N	N	N	N	N	N	0.0000	0.0000	0.0000	0.0000	0.0000	0.0000	0.0000	0.0000	0.0000	0.0000	0.0000	0.0000	0.0000	0.0000	0.0000	0.0000	0.0000	0.0000	0.0064	0.0101	0.0004	0.0216	0.0232	0.0014	0.0002	0.0000	0.0003	0.0236	0.0000	-0.0003	4.7974	1.0477	5.1989	6.1154	0.0000	0.0000	0.0000	0.0000	0.0000	0.0000	0.0000	0.0000	0.0000	0.0006	0.0006	0.0000	0.0006	0.0006	0.0000	0.0000	0.0000	0.0000	0.0439	0.0389	0.0050	0.0091	0.0087	0.0003	0.0348	0.0301	0.0047	0.1007	0.0625	0.0383	0.0294	0.0272	0.0022	0.0713	0.0353	0.0360	0.0000	0.0000	0.0000	0.0000	0.0000	0.0000	0.0000	0.0000	0.0000	0.0064	0.0101	0.0004	0.0216	0.0232	0.0014	0.0002	0.0000	0.0003	
25	81	0.1985	12	0	1	0	0	0	0	0	0	N	N	N	N	N	N	N	N	N	N	N	N	0.0000	0.0000	0.0013	0.0000	0.0000	0.0000	0.0004	0.0000	0.0015	0.0000	0.0000	0.0000	0.0000	0.0000	0.0000	0.0000	0.0000	0.0000	0.0016	0.0026	0.0001	0.0061	0.0067	0.0003	0.0000	0.0000	0.0001	inf	0.0251	0.0000	-0.0000	4.7974	1.9794	5.1989	1.0196	0.0000	0.0000	0.0000	0.0000	0.0000	0.0000	0.0000	0.0000	0.0000	0.0001	0.0001	0.0000	0.0001	0.0001	0.0000	0.0000	0.0000	0.0000	0.0765	0.0671	0.0094	0.0115	0.0109	0.0006	0.0650	0.0562	0.0088	0.0389	0.0236	0.0153	0.0101	0.0091	0.0010	0.0289	0.0145	0.0143	0.0000	0.0000	0.0013	0.0000	0.0000	0.0000	0.0004	0.0000	0.0015	0.0016	0.0026	0.0001	0.0061	0.0067	0.0003	0.0000	0.0000	0.0001
25	82	0.1964	11	0	1	0	0	0	0	0	0	N	N	N	N	N	N	N	N	N	N	N	N	1.6061	0.0078	5.8496	0.0257	0.0167	0.2145	1.5861	5.9762	0.0015	0.0000	0.0128	0.0000	0.0000	0.0001	0.0018	0.0000	0.0137	0.0010	0.0001	0.0022	0.0004	0.0004	0.0003	0.0012	0.0000	0.0023	1603.3083	10.4078	0.0000	0.0000	4.7974	1.0114	5.1989	0.0202	0.0001	0.0000	0.0001	0.0000	0.0000	0.0000	0.0001	0.0000	0.0001	0.0000	0.0000	0.0000	0.0000	0.0000	0.0000	0.0000	0.0000	0.0000	0.0393	0.0346	0.0047	0.0066	0.0063	0.0003	0.0326	0.0282	0.0044	0.0138	0.0083	0.0055	0.0035	0.0032	0.0003	0.0103	0.0051	0.0052	1.6061	0.0078	5.8496	0.0257	0.0167	0.2145	1.5861	0.0000	5.9762	0.0010	0.0001	0.0022	0.0004	0.0004	0.0003	0.0012	0.0000	0.0023	
25	83	0.1758	10	0	1	0	0	0	0	0	0	N	N	N	N	N	N	N	N	N	N	N	N	6.9687	4.9967	0.4219	9.6744	9.6386	0.0716	0.2520	0.4182	0.9616	0.0235	0.0264	0.0002	0.1237	0.1291	0.0004	0.0000	0.0000	0.0002	0.0034	0.0053	0.0005	0.0128	0.0134	0.0058	0.0001	0.0000	0.0002	0.0010	0.0613	-0.0022	-0.0002	4.7974	5.9223	5.1989	3.6882	0.0059	0.0059	0.0000	0.0059	0.0059	0.0000	0.0000	0.0000	0.0000	0.0004	0.0004	0.0000	0.0004	0.0004	0.0000	0.0000	0.0000	0.0000	0.2508	0.2226	0.0282	0.0475	0.0455	0.0020	0.2033	0.1771	0.0262	0.1330	0.0798	0.0532	0.0342	0.0315	0.0027	0.0988	0.0484	0.0505	6.9687	4.9967	0.4219	9.6744	9.6386	0.0716	0.2520	0.4182	0.9616	0.0034	0.0053	0.0005	0.0128	0.0134	0.0058	0.0001	0.0000	0.0002
25	84	0.1031	4	0	2	0	0	0	0	0	0	N	Y	N	N	N	N	N	N	N	N	N	N	1.7339	1.2252	0.0000	0.9435	1.9336	0.0000	1.5948	0.9406	0.0000	3.5275	4.0196	0.0000	0.1281	0.1361	0.0000	4.2647	4.9371	0.0000	2.0345	3.2808	0.1735	0.1358	0.0704	0.9755	2.6742	5.2490	0.1364	0.0000	0.0354	-0.3747	-0.5193	4.7974	7.1084	5.1989	28.8937	0.9832	0.9832	0.0000	0.0064	0.0064	0.0000	0.9768	0.9768	0.0000	1.0208	0.9859	0.0349	0.0172	0.0080	0.0091	1.0036	0.9778	0.0258	0.2787	0.2446	0.0341	0.0497	0.0467	0.0029	0.2291	0.1979	0.0312	0.5017	0.3005	0.2012	0.1264	0.1142	0.0122	0.3753	0.1863	0.1890	1.7339	1.2252	0.0000	0.9435	1.9336	0.0000	1.5948	0.9406	0.0000	2.0345	3.2808	0.1735	0.1358	0.0704	0.7462	2.6742	5.2490	0.1364
25	85	0.0956	3	0	2	0	0	0	0	0	0	N	Y	N	N	N	N	N	N	N	N	N	N	0.4958	0.6183	0.2462	0.5811	0.7866	0.0863	0.2128	0.5597	0.2688	0.0817	0.0870	0.0515	0.1778	0.1889	0.0918	0.0156	0.0121	0.0329	0.1648	0.1406	0.2093	0.3060	0.2402	1.0638	0.0735	0.0216	0.1226	0.1029	0.8082	-0.0039	-0.0029	4.7974	2.2208	5.1989	3.9129	0.0137	0.0124	0.0013	0.0121	0.0114	0.0007	0.0016	0.0010	0.0006	0.0303	0.0167	0.0135	0.0221	0.0156	0.0065	0.0082	0.0012	0.0070	0.1676	0.1428	0.0248	0.0683	0.0604	0.0078	0.0993	0.0823	0.0170	0.1836	0.1190	0.0646	0.0721	0.0648	0.0073	0.1115	0.0542	0.0573	0.4958	0.6183	0.2462	0.5811	0.7866	0.1035	0.2128	0.5597	0.2688	0.1648	0.1406	0.2093	0.3060	0.2402	0.8873	0.0735	0.0216	0.1226
25	88	0.2310	16	1	1	1	0	0	0	0	0	N	N	N	N	N	N	N	N	N	N	N	N	0.0000	0.0000	0.0000	0.0000	0.0000	0.0000	0.0000	0.0000	0.0000	0.0000	0.0000	0.0000	0.0000	0.0000	0.0000	0.0000	0.0000	0.0000	0.0000	0.0000	4.7974	0.0000	5.1989	0.0000	0.0000	0.0000	0.0000	0.0000	0.0000	0.0000	0.0000	0.0000	0.0000	0.0000	0.0000	0.0000	0.0000	0.0000	0.0000	0.0000	0.0000	0.0000	0.0000	0.0000	0.0000	0.0000	0.0000	0.0000	0.0000	0.0000	0.0000	0.0000	0.0000	0.0000	0.0000	0.0000	0.0000	0.0000	0.0000	0.0000	0.0000	0.0000	0.0000	0.0000	0.0000	0.0000	0.0000	0.0000	0.0000	0.0000	0.0000	0.0000	0.0000	0.0000	0.0000	0.0000	0.0000	0.0000											
25	89	0.2290	15	1	1	1	0	0	0	0	0	N	N	N	N	N	N	N	N	N	N	N	N	0.0000	0.0000	0.0000	0.0000	0.0000	0.0000	0.0000	0.0000	0.0000	0.0000	0.0000	0.0000	0.0000	0.0000	0.0000	0.0000	0.0000	0.0074	0.0002	0.0219	0.0097	0.0005	0.2424	0.0061	0.0000	0.0125	43.9358	0.0000	0.0001	4.7974	0.0001	5.1989	0.9161	0.0000	0.0000	0.0000	0.0000	0.0000	0.0000	0.0000	0.0000	0.0000	0.0002	0.0000	0.0001	0.0001	0.0000	0.0001	0.0001	0.0000	0.0001	0.0000	0.0000	0.0000	0.0000	0.0000	0.0000	0.0000	0.0000	0.0000	0.0207	0.0138	0.0068	0.0073	0.0070	0.0003	0.0134	0.0068	0.0066	0.0000	0.0000	0.0000	0.0000	0.0000	0.0000	0.0000	0.0000	0.0000	0.0074	0.0002	0.0219	0.0097	0.0005	0.2424	0.0061	0.0000	0.0125		
25	90	0.2043	14	1	1	1	0	0	0	0	0	N	N	N	N	N	N	N	N	N	N	N	N	0.0022	0.0016	0.0000	0.0029	0.0028	0.0000	0.0011	1.0224	0.0000	0.0004	0.0005	0.0000	0.0021	0.0022	0.0000	0.0000	0.0000	0.0000	0.1894	0.3055	0.0014	0.7191	0.7762	0.0090	0.0005	0.0000	0.0010	0.0000	0.0029	-0.0000	-0.0158	4.7974	3.7876	5.1989	7.8440	0.0001	0.0001	0.0000	0.0001	0.0001	0.0000	0.0000	0.0000	0.0000	0.0293	0.0292	0.0001	0.0292	0.0292	0.0000	0.0001	0.0000	0.0001	0.1525	0.1348	0.0177	0.0313	0.0296	0.0017	0.1212	0.1052	0.0160	0.1545	0.0955	0.0590	0.0406	0.0376	0.0030	0.1139	0.0579	0.0560	0.0022	0.0016	0.0000	0.0029	0.0028	0.0000	0.0011	1.0224	0.0000	0.1894	0.3055	0.0014	0.7191	0.7762	0.0090	0.0005	0.0000	0.0010
25	91	0.1360	6	0	2	0	1	0	0	0	0	N	Y	N	N	N	N	N	N	N	N	N	N	0.9542	0.6543	0.0156	1.3517	1.1664	0.0000	0.0016	0.0007	0.0146	0.0405	0.0460	0.0000	0.1638	0.1678	0.0000	0.0000	0.0000	0.0000	0.0425	0.0704	0.0023	0.1212	0.1439	0.0001	0.0093	0.0165	0.0026	0.0001	0.0224	-0.0015	-0.0060	4.7974	1.8247	5.1989	16.3284	0.0038	0.0038	0.0000	0.0038	0.0038	0.0000	0.0000	0.0000	0.0000	0.0115	0.0113	0.0003	0.0098	0.0098	0.0000	0.0018	0.0015	0.0003	0.0949	0.0835	0.0114	0.0235	0.0229	0.0006	0.0714	0.0606	0.0108	0.2717	0.1603	0.1113	0.0806	0.0679	0.0127	0.1911	0.0925	0.0986	0.9542	0.6543	0.0156	1.3517	1.1664	0.0000	0.0016	0.0007	0.0146	0.0425	0.0704	0.0023	0.1212	0.1439	0.0001	0.0093	0.0165	0.0026
25	92	0.1255	5	0	2	0	0	0	0	0	0	N	Y	N	N	N	N	N	N	N	N	N	N	64.6837	690.7490	0.2022	0.0691	0.0718	0.1753	76.4746	271516.1485	0.2020	2.7164	3.0831	0.0187	0.0025	0.0011	0.0416	3.3253	3.8583	0.0174	0.0420	0.0045	0.0924	0.0356	0.0149	0.2370	0.0435	0.0000	0.0861	0.0008	15.4192	-0.3795	0.0051	4.7974	9.1310	5.1989	16.1726	0.9981	0.9972	0.0008	0.0002	0.0001	0.0001	0.9979	0.9972	0.0007	0.0128	0.0008	0.0120	0.0021	0.0008	0.0013	0.0108	0.0000	0.0108	0.3674	0.3235	0.0440	0.0673	0.0650	0.0023	0.3001	0.2585	0.0416	0.3051	0.1748	0.1303	0.0577	0.0524	0.0054	0.2473	0.1225	0.1249	64.6837	690.7490	0.2022	0.0691	0.0718	0.1753	76.4746	271516.1485	0.2020	0.0420	0.0045	0.0924	0.0356	0.0149	0.2370	0.0435	0.0000	0.0861
25	93	0.2105	11	0	2	0	0	0	0	0	0	N	Y	N	N	N	N	N	N	N	N	N	N	48.3204	34.8192	0.0039	0.4572	0.4130	0.0184	14064.4218	171851.6272	0.0002	5.8254	6.6208	0.0000	0.1456	0.1509	0.0001	7.2031	8.3833	0.0000	0.1206	0.1901	0.0016	0.3185	0.3654	0.0057	0.0005	0.0000	0.0010	0.0000	0.0049	-0.3736	-0.0124	4.7974	4.0959	5.1989	8.7137	0.9803	0.9803	0.0000	0.0048	0.0048	0.0000	0.9755	0.9755	0.0000	0.0230	0.0229	0.0001	0.0229	0.0229	0.0001	0.0001	0.0000	0.0001	0.1683	0.1481	0.0202	0.0329	0.0317	0.0012	0.1354	0.1164	0.0191	0.1907	0.1203	0.0704	0.0720	0.0626	0.0094	0.1187	0.0577	0.0610	48.3204	34.8192	0.0039	0.4572	0.4130	0.0184	14064.4218	171851.6272	0.0002	0.1206	0.1901	0.0016	0.3185	0.3654	0.0057	0.0005	0.0000	0.0010
25	94	0.1922	10	0	2	0	0	0	0	0	0	N	Y	N	N	N	N	N	N	N	N	N	N	3.2588	3.2809	0.0000	0.0319	0.0335	0.0000	9.2380	16.5378	0.0000	0.0165	0.0188	0.0000	0.0003	0.0003	0.0000	0.0213	0.0251	0.0000	0.0051	0.0057	0.0040	0.0104	0.0102	0.0115	0.0023	0.0015	0.0030	0.0000	0.4336	-0.0008	-0.0001	4.7974	2.9443	5.1989	6.1524	0.0021	0.0021	0.0000	0.0000	0.0000	0.0000	0.0021	0.0021	0.0000	0.0006	0.0004	0.0002	0.0004	0.0004	0.0001	0.0002	0.0001	0.0001	0.1270	0.1114	0.0156	0.0294	0.0284	0.0009	0.0976	0.0830	0.0147	0.1208	0.0744	0.0464	0.0411	0.0360	0.0051	0.0797	0.0384	0.0412	3.2588	3.2809	0.0000	0.0319	0.0335	0.0000	9.2380	16.5378	0.0000	0.0051	0.0057	0.0040	0.0104	0.0102	0.0115	0.0023	0.0015	0.0030
25	95	0.1897	9	0	1	0	0	0	0	0	0	N	N	N	N	N	N	N	N	N	N	N	N	0.0015	0.0013	0.0000	0.0029	0.0031	0.0000	0.0000	0.0000	0.0000	0.0000	0.0000	0.0000	0.0000	0.0000	0.0000	0.0000	0.0000	0.0000	0.0067	0.0083	0.0034	0.0154	0.0149	0.0225	0.0010	0.0000	0.0019	0.0000	0.2016	-0.0000	-0.0001	4.7974	0.8596	5.1989	1.2300	0.0000	0.0000	0.0000	0.0000	0.0000	0.0000	0.0000	0.0000	0.0000	0.0003	0.0003	0.0001	0.0003	0.0003	0.0000	0.0000	0.0000	0.0000	0.0366	0.0323	0.0044	0.0082	0.0079	0.0003	0.0285	0.0244	0.0041	0.0501	0.0335	0.0166	0.0199	0.0187	0.0012	0.0302	0.0148	0.0154	0.0015	0.0013	0.0000	0.0029	0.0031	0.0000	0.0000	0.0000	0.0000	0.0067	0.0083	0.0034	0.0154	0.0149	0.0225	0.0010	0.0000	0.0019
25	96	0.1779	8	0	1	0	0	0	0	0	0	N	N	N	N	N	N	N	N	N	N	N	N	4.5181	10.0471	0.2461	17.5027	19.7644	2.0768	0.0048	0.8835	0.0122	0.0348	0.0387	0.0034	0.1262	0.1300	0.0337	0.0000	0.0000	0.0002	0.0077	0.0039	0.0137	0.0072	0.0066	0.0162	0.0080	0.0000	0.0135	0.0110	2.2717	-0.0026	0.0002	4.7974	3.7737	5.1989	2.5241	0.0071	0.0071	0.0001	0.0071	0.0071	0.0001	0.0000	0.0000	0.0000	0.0010	0.0003	0.0007	0.0004	0.0003	0.0001	0.0007	0.0000	0.0007	0.2052	0.1822	0.0230	0.0565	0.0543	0.0022	0.1487	0.1280	0.0208	0.1362	0.0831	0.0531	0.0520	0.0486	0.0034	0.0842	0.0345	0.0497	4.5181	10.0471	0.2461	17.5027	19.7644	2.0768	0.0048	0.8835	0.0122	0.0077	0.0039	0.0137	0.0072	0.0066	0.0162	0.0080	0.0000	0.0135
25	97	0.1570	7	0	1	0	0	0	0	0	0	N	N	N	N	N	N	N	N	N	N	N	N	2.1262	24.3205	1.2545	65.3240	51.2521	3206.6500	0.0320	9.7870	0.0857	0.2133	0.2017	0.2969	1.1838	1.0438	3.9202	0.0042	0.0013	0.0220	0.1003	0.0083	0.2367	0.0181	0.0204	0.0012	0.1311	0.0001	0.2569	0.2053	19.2668	-0.0117	0.0066	4.7974	6.4922	5.1989	4.5502	0.0554	0.0460	0.0094	0.0545	0.0457	0.0088	0.0009	0.0002	0.0007	0.0162	0.0008	0.0154	0.0008	0.0008	0.0000	0.0154	0.0000	0.0154	0.2597	0.2280	0.0318	0.0460	0.0438	0.0022	0.2137	0.1842	0.0295	0.1619	0.0966	0.0652	0.0441	0.0390	0.0052	0.1177	0.0577	0.0601	2.1262	24.3205	1.2545	65.3240	51.2521	3206.6500	0.0320	9.7870	0.0857	0.1003	0.0083	0.2367	0.0181	0.0204	0.0012	0.1311	0.0001	0.2569
25	98	0.2043	14	0	2	0	0	0	0	0	0	N	Y	N	N	N	N	N	N	N	N	N	N	0.0217	0.0151	0.0000	0.0200	0.0195	0.0000	0.0030	14.4651	0.0000	0.0010	0.0012	0.0000	0.0036	0.0038	0.0000	0.0000	0.0000	0.0000	0.0476	0.0766	0.0010	0.1819	0.1970	0.0004	0.0005	0.0000	0.0010	0.0000	0.0081	-0.0000	-0.0045	4.7974	1.3608	5.1989	12.1483	0.0001	0.0001	0.0000	0.0001	0.0001	0.0000	0.0000	0.0000	0.0000	0.0084	0.0083	0.0001	0.0083	0.0083	0.0000	0.0001	0.0000	0.0001	0.0624	0.0555	0.0069	0.0177	0.0167	0.0010	0.0447	0.0388	0.0059	0.1756	0.1083	0.0673	0.0456	0.0421	0.0035	0.1300	0.0662	0.0638	0.0217	0.0151	0.0000	0.0200	0.0195	0.0000	0.0030	14.4651	0.0000	0.0476	0.0766	0.0010	0.1819	0.1970	0.0004	0.0005	0.0000	0.0010
25	99	0.2006	13	0	1	0	0	0	0	0	0	N	N	N	N	N	N	N	N	N	N	N	N	4.5231	3.6287	0.6130	5.9944	6.3049	0.5926	0.7614	193.1237	0.0152	0.0143	0.0162	0.0005	0.0604	0.0650	0.0038	0.0002	0.0003	0.0000	0.0032	0.0045	0.0009	0.0101	0.0103	0.0065	0.0003	0.0000	0.0006	0.0048	0.1157	-0.0004	-0.0001	4.7974	1.5300	5.1989	0.7696	0.0010	0.0010	0.0000	0.0010	0.0010	0.0000	0.0000	0.0000	0.0000	0.0001	0.0001	0.0000	0.0001	0.0001	0.0000	0.0000	0.0000	0.0000	0.0702	0.0615	0.0087	0.0164	0.0152	0.0012	0.0538	0.0464	0.0075	0.0364	0.0230	0.0133	0.0106	0.0100	0.0006	0.0258	0.0131	0.0127	4.5231	3.6287	0.6130	5.9944	6.3049	0.5926	0.7614	193.1237	0.0152	0.0032	0.0045	0.0009	0.0101	0.0103	0.0065	0.0003	0.0000	0.0006
25	100	0.1917	12	0	1	0	0	0	0	0	0	N	N	N	N	N	N	N	N	N	N	N	N	13.7456	21.5020	2.2993	30.4819	49.4060	3.7758	1.4346	768.4598	0.8032	0.0166	0.0183	0.0040	0.1077	0.1101	0.0595	0.0006	0.0006	0.0007	0.0012	0.0009	0.0018	0.0035	0.0022	0.0157	0.0004	0.0000	0.0008	0.0301	1.3351	-0.0008	0.0000	4.7974	3.6906	5.1989	1.4800	0.0024	0.0023	0.0001	0.0023	0.0022	0.0001	0.0001	0.0001	0.0000	0.0001	0.0000	0.0000	0.0001	0.0000	0.0000	0.0000	0.0000	0.0000	0.1424	0.1253	0.0171	0.0213	0.0203	0.0010	0.1211	0.1050	0.0161	0.0680	0.0413	0.0267	0.0175	0.0158	0.0017	0.0505	0.0255	0.0250	13.7456	21.5020	2.2993	30.4819	49.4060	3.7758	1.4346	768.4598	0.8032	0.0012	0.0009	0.0018	0.0035	0.0022	0.0157	0.0004	0.0000	0.0008
25	101	0.1917	11	0	1	0	0	0	0	0	0	N	N	N	N	N	N	N	N	N	N	N	N	1.9491	2.6102	0.7574	1.7602	2.3603	2.3151	3.3303	205.4824	0.0643	0.0142	0.0149	0.0077	0.0297	0.0277	0.1505	0.0076	0.0087	0.0003	0.0073	0.0057	0.0101	0.0169	0.0117	0.0650	0.0023	0.0000	0.0046	0.0547	0.9900	-0.0000	-0.0000	4.7974	0.1361	5.1989	0.4500	0.0001	0.0001	0.0000	0.0001	0.0001	0.0000	0.0000	0.0000	0.0000	0.0001	0.0000	0.0000	0.0001	0.0000	0.0000	0.0000	0.0000	0.0000	0.0093	0.0084	0.0009	0.0028	0.0028	0.0000	0.0065	0.0057	0.0009	0.0108	0.0069	0.0039	0.0037	0.0034	0.0004	0.0071	0.0036	0.0035	1.9491	2.6102	0.7574	1.7602	2.3603	2.3151	3.3303	205.4824	0.0643	0.0073	0.0057	0.0101	0.0169	0.0117	0.0650	0.0023	0.0000	0.0046
25	102	0.1758	10	0	1	0	0	0	0	0	0	N	N	N	N	N	N	N	N	N	N	N	N	61.3168	3743.3680	0.0038	0.3805	2.5233	0.0204	62.9653	882001.9269	0.0013	5.9856	6.7076	0.0009	0.0111	0.0112	0.0078	7.6750	8.7926	0.0003	0.0976	0.0018	0.2421	0.0291	0.0044	0.3803	0.1219	0.0000	0.2378	0.0000	89.6074	-0.3761	0.0050	4.7974	3.5591	5.1989	4.5341	0.9871	0.9871	0.0000	0.0004	0.0004	0.0000	0.9867	0.9867	0.0000	0.0112	0.0001	0.0111	0.0009	0.0001	0.0008	0.0103	0.0000	0.0103	0.1649	0.1472	0.0178	0.0364	0.0349	0.0014	0.1286	0.1122	0.0163	0.1148	0.0690	0.0458	0.0301	0.0277	0.0023	0.0848	0.0413	0.0435	61.3168	3743.3680	0.0038	0.3805	2.5233	0.0240	62.9653	882001.9269	0.0013	0.0976	0.0018	0.2421	0.0291	0.0044	0.3233	0.1219	0.0000	0.2378
25	103	0.1541	9	0	1	0	0	0	0	0	0	N	N	N	N	N	N	N	N	N	N	N	N	13.3226	38.8802	2.1620	14.1245	40.9480	0.1569	10.0550	210.5906	4.5047	0.1307	0.1464	0.0398	0.3521	0.3880	0.0311	0.0496	0.0512	0.0418	0.0098	0.0038	0.0184	0.0249	0.0095	0.1983	0.0049	0.0002	0.0093	0.0467	3.4399	-0.0067	0.0003	4.7974	2.8937	5.1989	8.0733	0.0200	0.0191	0.0009	0.0145	0.0143	0.0001	0.0056	0.0048	0.0008	0.0015	0.0003	0.0012	0.0009	0.0003	0.0006	0.0006	0.0000	0.0006	0.1532	0.1308	0.0225	0.0411	0.0370	0.0041	0.1121	0.0938	0.0183	0.1534	0.0901	0.0633	0.0374	0.0344	0.0031	0.1160	0.0557	0.0603	13.3226	38.8802	2.1620	14.1245	40.9480	0.1569	10.0550	210.5906	4.5047	0.0098	0.0038	0.0184	0.0249	0.0095	0.1983	0.0049	0.0002	0.0093
25	104	0.2119	9	0	2	0	0	0	0	0	0	N	Y	N	N	N	N	N	N	N	N	N	N	0.0045	0.0040	0.0000	0.7194	0.6897	0.0000	0.0010	0.0008	0.0000	0.0875	0.1047	0.0000	0.1564	0.1739	0.0000	0.0375	0.0475	0.0000	19.5740	25.9369	0.0002	0.2174	0.2521	0.0002	37.3300	56.9214	0.0001	0.0000	0.0000	-0.0001	-0.4768	4.7974	0.0277	5.1989	1.3445	0.0002	0.0002	0.0000	0.0001	0.0001	0.0000	0.0000	0.0000	0.0000	0.8782	0.8782	0.0000	0.0047	0.0047	0.0000	0.8735	0.8735	0.0000	0.0022	0.0019	0.0004	0.0009	0.0009	0.0001	0.0013	0.0010	0.0003	0.0449	0.0339	0.0110	0.0215	0.0185	0.0030	0.0234	0.0153	0.0081	0.0045	0.0040	0.0000	0.7194	0.6897	0.0000	0.0010	0.0008	0.0000	19.5740	25.9369	0.0002	0.2174	0.2521	0.0002	37.3300	56.9214	0.0001
25	105	0.1653	8	0	2	0	0	0	0	0	0	N	Y	N	N	N	N	N	N	N	N	N	N	4.7227	3.1992	16.8107	216.6317	215.2060	0.2140	1.0467	0.5115	18.5523	1.9450	2.1594	0.4260	6.4932	6.9725	0.0030	0.5655	0.5780	0.4889	0.4118	0.6750	0.0253	0.0300	0.0324	0.0140	0.5403	1.1300	0.0264	0.0278	0.0256	-0.1489	-0.0569	4.7974	5.1414	5.1989	16.4151	0.4208	0.4094	0.0114	0.3269	0.3269	0.0000	0.0939	0.0825	0.0114	0.1098	0.1071	0.0027	0.0020	0.0019	0.0001	0.1078	0.1052	0.0026	0.2163	0.1896	0.0268	0.0503	0.0469	0.0035	0.1660	0.1427	0.0233	0.2667	0.1587	0.1080	0.0671	0.0583	0.0089	0.1996	0.1004	0.0992	4.7227	3.1992	16.8107	216.6317	215.2060	0.2140	1.0467	0.5516	18.5523	0.4118	0.6750	0.0253	0.0300	0.0324	0.0140	0.5403	1.0478	0.0264
25	106	0.1570	7	0	1	0	0	0	0	0	0	N	N	N	N	N	N	N	N	N	N	N	N	1285.9942	610.3506	7023.3537	18.1383	19.1333	2.5162	2057.8733	1050.4739	8362.7312	11.3313	6.1211	48.2301	0.2450	0.2571	0.0358	13.9009	7.6154	52.5669	0.0088	0.0100	0.0069	0.0135	0.0134	0.0142	0.0068	0.0072	0.0063	1.1126	0.4288	0.2678	-0.0002	4.7974	3.8974	5.1989	1.6364	1.8397	0.8708	0.9689	0.0075	0.0074	0.0001	1.8322	0.8634	0.9688	0.0008	0.0006	0.0003	0.0004	0.0004	0.0000	0.0005	0.0002	0.0002	0.1624	0.1423	0.0201	0.0306	0.0289	0.0017	0.1318	0.1134	0.0184	0.0963	0.0592	0.0371	0.0293	0.0266	0.0027	0.0670	0.0326	0.0344	1285.9942	610.3506	7023.3537	18.1383	19.1333	2.5162	2057.8733	1050.4739	8362.7312	0.0088	0.0100	0.0069	0.0135	0.0134	0.0142	0.0068	0.0072	0.0063
25	107	0.1360	6	0	1	0	0	0	0	0	0	N	N	N	N	N	N	N	N	N	N	N	N	22.0880	12.4578	284.2767	0.3882	0.2904	35.6513	293.3259	278.7369	359.2640	1.1849	1.0472	2.2099	0.0562	0.0490	0.6068	1.8604	1.7676	2.2788	0.0536	0.0841	0.0078	0.1449	0.1686	0.0170	0.0063	0.0063	0.0063	0.2834	0.0613	-0.0073	-0.0047	4.7974	0.3701	5.1989	9.6236	0.0454	0.0353	0.0100	0.0008	0.0007	0.0001	0.0446	0.0347	0.0099	0.0098	0.0092	0.0006	0.0090	0.0088	0.0002	0.0008	0.0004	0.0004	0.0383	0.0338	0.0045	0.0143	0.0141	0.0002	0.0240	0.0196	0.0043	0.1818	0.1093	0.0725	0.0621	0.0524	0.0097	0.1197	0.0569	0.0628	22.0880	12.4578	284.2767	0.3882	0.2904	35.6513	293.3259	278.7369	359.2640	0.0536	0.0841	0.0078	0.1449	0.1686	0.0170	0.0063	0.0063	0.0063
25	108	0.1255	5	0	1	0	0	0	0	0	0	N	N	N	N	N	N	N	N	N	N	N	N	0.0365	0.0149	61.6558	0.0090	0.0083	12.2978	0.3131	0.0809	162.6251	0.0446	0.0316	0.1437	0.0498	0.0452	0.3977	0.0416	0.0224	0.1330	1.2199	2.1157	0.0023	5.5147	5.4357	0.0323	0.1329	0.2773	0.0008	0.5955	0.0008	-0.0000	-0.0517	4.7974	0.4415	5.1989	4.8853	0.0018	0.0012	0.0007	0.0007	0.0007	0.0001	0.0011	0.0005	0.0006	0.0954	0.0953	0.0001	0.0874	0.0873	0.0001	0.0080	0.0080	0.0000	0.0413	0.0366	0.0048	0.0149	0.0147	0.0002	0.0264	0.0218	0.0046	0.0782	0.0451	0.0332	0.0178	0.0162	0.0016	0.0604	0.0289	0.0316	0.0365	0.0149	61.6558	0.0101	0.0084	12.2978	0.3131	0.0809	162.6251	1.2199	2.1157	0.0023	4.9181	5.3988	0.0323	0.1329	0.2773	0.0008
25	109	0.1844	10	1	2	0	1	0	0	0	0	N	Y	N	N	N	N	N	N	N	N	N	N	0.0000	0.0000	0.0000	0.0000	0.0000	0.0000	0.0000	0.0000	0.0000	0.0000	0.0000	0.0000	0.0000	0.0000	0.0000	0.0000	0.0000	0.0000	0.0000	0.0000	4.7974	0.0000	5.1989	0.0000	0.0000	0.0000	0.0000	0.0000	0.0000	0.0000	0.0000	0.0000	0.0000	0.0000	0.0000	0.0000	0.0000	0.0000	0.0000	0.0000	0.0000	0.0000	0.0000	0.0000	0.0000	0.0000	0.0000	0.0000	0.0000	0.0000	0.0000	0.0000	0.0000	0.0000	0.0000	0.0000	0.0000	0.0000	0.0000	0.0000	0.0000	0.0000	0.0000	0.0000	0.0000	0.0000	0.0000	0.0000	0.0000	0.0000	0.0000	0.0000	0.0000	0.0000	0.0000	0.0000	0.0000	0.0000											
25	110	0.1695	9	1	2	0	1	0	0	0	0	N	Y	N	N	N	N	N	N	N	N	N	N	0.0000	0.0000	0.0000	0.0000	0.0000	0.0000	0.0000	0.0000	0.0000	0.0000	0.0000	0.0000	0.0000	0.0000	0.0000	0.0000	0.0000	0.0000	10.5171	17.5787	0.0144	0.9142	1.0020	0.1890	14.1162	28.9384	0.0006	0.0005	0.0000	-0.5426	4.7974	0.0000	5.1989	7.1240	0.0000	0.0000	0.0000	0.0000	0.0000	0.0000	0.0000	0.0000	0.0000	1.0004	0.9999	0.0005	0.0237	0.0232	0.0005	0.9767	0.9767	0.0000	0.0000	0.0000	0.0000	0.0000	0.0000	0.0000	0.0000	0.0000	0.0000	0.0951	0.0569	0.0382	0.0259	0.0231	0.0028	0.0692	0.0338	0.0354	0.0000	0.0000	0.0000	0.0000	0.0000	0.0000	0.0000	0.0000	0.0000	10.5171	17.5787	0.0144	0.9142	1.0020	0.1890	14.1162	28.9384	0.0006	
25	111	0.1784	11	0	2	0	1	0	0	0	0	N	Y	N	N	N	N	N	N	N	N	N	N	0.0000	0.0000	0.0000	0.0000	0.0000	0.0000	0.0000	0.0000	0.0000	0.0000	0.0000	0.0000	0.0000	0.0000	0.0000	0.0000	0.0000	0.0000	0.0975	0.0778	0.1278	0.0226	0.0078	0.1095	0.1292	0.1283	0.1301	1.0651	0.0000	-0.0002	4.7974	0.0016	5.1989	5.0076	0.0000	0.0000	0.0000	0.0000	0.0000	0.0000	0.0000	0.0000	0.0000	0.0064	0.0031	0.0033	0.0004	0.0001	0.0003	0.0059	0.0030	0.0030	0.0002	0.0002	0.0000	0.0001	0.0001	0.0000	0.0001	0.0001	0.0000	0.0654	0.0397	0.0257	0.0194	0.0166	0.0028	0.0459	0.0230	0.0229	0.0000	0.0000	0.0000	0.0000	0.0000	0.0000	0.0000	0.0000	0.0000	0.0975	0.0778	0.1278	0.0226	0.0078	0.1095	0.1292	0.1283	0.1301	
25	112	0.1716	10	0	2	0	1	0	0	0	0	N	Y	N	N	N	N	N	N	N	N	N	N	0.0000	0.0000	0.0000	0.0000	0.0000	0.0000	0.0000	0.0000	0.0000	0.0000	0.0000	0.0000	0.0000	0.0000	0.0000	0.0000	0.0000	0.0000	21.4124	35.9279	0.0044	0.2848	0.3143	0.0005	30.1197	64.3342	0.0047	0.0001	0.0000	-0.5320	4.7974	1.0012	5.1989	2.1373	0.0000	0.0000	0.0000	0.0000	0.0000	0.0000	0.0000	0.0000	0.0000	0.9799	0.9798	0.0001	0.0038	0.0038	0.0000	0.9761	0.9760	0.0001	0.0388	0.0341	0.0046	0.0065	0.0063	0.0002	0.0323	0.0278	0.0044	0.0458	0.0273	0.0185	0.0134	0.0121	0.0013	0.0324	0.0152	0.0172	0.0000	0.0000	0.0000	0.0000	0.0000	0.0000	0.0000	0.0000	0.0000	21.4124	35.9279	0.0044	0.2848	0.3143	0.0005	30.1197	64.3342	0.0047	
25	113	0.1799	10	0	2	0	0	0	0	0	0	N	Y	N	N	N	N	N	N	N	N	N	N	3.7274	2.6331	0.0000	7.8439	7.5915	0.0000	0.0690	0.0401	0.0000	0.0228	0.0257	0.0000	0.0953	0.0995	0.0000	0.0003	0.0003	0.0000	0.0061	0.0098	0.0005	0.0121	0.0131	0.0049	0.0037	0.0074	0.0001	0.0000	0.0340	-0.0004	-0.0002	4.7974	0.9705	5.1989	5.0371	0.0010	0.0010	0.0000	0.0010	0.0010	0.0000	0.0000	0.0000	0.0000	0.0005	0.0004	0.0000	0.0003	0.0002	0.0000	0.0002	0.0002	0.0000	0.0438	0.0388	0.0050	0.0104	0.0100	0.0004	0.0334	0.0288	0.0046	0.0757	0.0458	0.0299	0.0215	0.0190	0.0025	0.0542	0.0268	0.0274	3.7274	2.6331	0.0000	7.8439	7.5915	0.0000	0.0690	0.0401	0.0000	0.0061	0.0098	0.0005	0.0121	0.0131	0.0049	0.0037	0.0074	0.0001
25	114	0.1716	10	0	1	1	1	0	0	0	0	N	N	N	N	N	N	N	N	N	N	N	N	0.0000	0.0000	0.0000	0.0000	0.0000	0.0000	0.0000	0.0000	0.0000	0.0000	0.0000	0.0000	0.0000	0.0003	0.0004	0.0000	0.0008	0.0008	0.0000	0.0000	0.0000	0.0000	0.0000	0.0000	-0.0000	4.7974	0.0000	5.1989	1.1303	0.0000	0.0000	0.0000	0.0000	0.0000	0.0000	0.0000	0.0000	0.0000	0.0000	0.0000	0.0000	0.0000	0.0000	0.0000	0.0000	0.0000	0.0000	0.0000	0.0000	0.0000	0.0000	0.0000	0.0000	0.0000	0.0000	0.0000	0.0202	0.0118	0.0083	0.0066	0.0062	0.0005	0.0135	0.0057	0.0079	0.0000	0.0000	0.0000	0.0000	0.0000	0.0000	0.0000	0.0000	0.0000	0.0003	0.0004	0.0000	0.0008	0.0008	0.0000	0.0000	0.0000	0.0000						
25	115	0.1695	9	0	1	0	1	0	0	0	0	N	N	N	N	N	N	N	N	N	N	N	N	0.0000	0.0000	0.0000	0.0000	0.0000	0.0000	0.0000	0.0000	0.0000	0.0000	0.0000	0.0000	0.0000	0.0000	0.0000	0.0000	0.0000	0.1262	0.2133	0.0005	0.3562	0.3849	0.0000	0.0143	0.0328	0.0005	0.0016	0.0000	-0.0015	4.7974	0.0000	5.1989	1.2340	0.0000	0.0000	0.0000	0.0000	0.0000	0.0000	0.0000	0.0000	0.0000	0.0028	0.0028	0.0000	0.0026	0.0026	0.0000	0.0002	0.0002	0.0000	0.0000	0.0000	0.0000	0.0000	0.0000	0.0000	0.0000	0.0000	0.0000	0.0219	0.0130	0.0090	0.0072	0.0066	0.0005	0.0148	0.0063	0.0084	0.0000	0.0000	0.0000	0.0000	0.0000	0.0000	0.0000	0.0000	0.0000	0.1262	0.2133	0.0005	0.3562	0.3849	0.0000	0.0143	0.0328	0.0005		
25	116	0.1770	10	0	1	1	1	0	0	0	0	N	N	N	N	N	N	N	N	N	N	N	N	54.2537	38.2562	0.0000	0.4506	0.4246	0.0000	170.1850	95.2511	0.0000	22.0338	25.0963	0.0000	0.4261	0.4580	0.0000	28.7819	33.4050	0.0000	0.4061	0.6560	0.0001	0.9456	1.0786	0.0004	0.1691	0.3507	0.0000	0.0000	0.0001	-0.3638	-0.0060	4.7974	0.9725	5.1989	0.9874	0.9546	0.9546	0.0000	0.0044	0.0044	0.0000	0.9502	0.9502	0.0000	0.0111	0.0111	0.0000	0.0079	0.0079	0.0000	0.0032	0.0032	0.0000	0.0433	0.0380	0.0053	0.0103	0.0096	0.0007	0.0330	0.0284	0.0046	0.0274	0.0170	0.0104	0.0084	0.0073	0.0010	0.0190	0.0096	0.0094	54.2537	38.2562	0.0000	0.4506	0.4246	0.0000	170.1850	99.9247	0.0000	0.4061	0.6560	0.0001	0.9456	1.0786	0.0004	0.1691	0.3343	0.0000
25	117	0.1770	10	0	1	1	1	0	0	0	0	N	N	N	N	N	N	N	N	N	N	N	N	62.1555	47.2888	0.0000	260.9666	271.8893	0.0000	0.3390	0.2136	0.0000	4.5429	5.3799	0.0000	8.5579	10.1501	0.0000	0.0305	0.0360	0.0000	0.0731	0.1138	0.0087	0.0328	0.0373	0.0024	0.0899	0.1686	0.0094	0.0000	0.0484	-0.0105	-0.0019	4.7974	0.0285	5.1989	4.0215	0.0275	0.0275	0.0000	0.0274	0.0274	0.0000	0.0001	0.0001	0.0000	0.0039	0.0037	0.0002	0.0005	0.0005	0.0000	0.0034	0.0032	0.0002	0.0061	0.0051	0.0009	0.0032	0.0027	0.0005	0.0029	0.0024	0.0004	0.0535	0.0328	0.0207	0.0158	0.0137	0.0020	0.0378	0.0191	0.0187	62.1555	47.2888	0.0000	260.9666	271.8893	0.0000	0.3390	0.2136	0.0000	0.0731	0.1138	0.0087	0.0328	0.0373	0.0024	0.0899	0.1686	0.0094
25	118	0.1695	9	0	1	1	1	0	0	0	0	N	N	N	N	N	N	N	N	N	N	N	N	0.0199	0.0135	0.0000	0.1503	0.1394	0.0000	0.0170	0.0095	0.0000	0.2727	0.3097	0.0000	0.0301	0.0312	0.0000	0.3216	0.3725	0.0000	13.6834	22.9115	0.0003	0.2004	0.2237	0.0000	18.8813	39.1632	0.0004	0.0000	0.0000	-0.0121	-0.5307	4.7974	3.0275	5.1989	2.1573	0.0317	0.0317	0.0000	0.0006	0.0006	0.0000	0.0311	0.0311	0.0000	0.9775	0.9774	0.0000	0.0040	0.0040	0.0000	0.9735	0.9735	0.0000	0.1161	0.1022	0.0139	0.0195	0.0188	0.0007	0.0966	0.0834	0.0132	0.0714	0.0427	0.0288	0.0199	0.0178	0.0021	0.0516	0.0249	0.0267	0.0199	0.0135	0.0000	0.1503	0.1394	0.0000	0.0170	0.0095	0.0000	13.6834	22.9115	0.0003	0.2004	0.2237	0.0000	18.8813	39.1632	0.0004
25	119	0.2107	9	1	2	0	0	0	0	0	0	N	Y	N	N	N	N	N	N	N	N	N	N	4.3599	1.1950	80.8506	4.0335	1.4864	74.0362	10.2396	2860.5396	29.3491	0.0125	0.0048	0.0781	0.0365	0.0138	0.4741	0.0031	0.0009	0.0181	0.0029	0.0040	0.0010	0.0091	0.0093	0.0064	0.0003	0.0000	0.0006	1.9284	0.1433	0.0004	-0.0001	4.7974	2.1883	5.1989	3.1271	0.0013	0.0004	0.0008	0.0010	0.0004	0.0007	0.0002	0.0001	0.0002	0.0002	0.0002	0.0000	0.0002	0.0002	0.0000	0.0000	0.0000	0.0000	0.1016	0.0909	0.0107	0.0285	0.0271	0.0014	0.0731	0.0638	0.0093	0.0742	0.0466	0.0276	0.0217	0.0201	0.0017	0.0525	0.0266	0.0259	4.3599	1.1950	80.8506	4.0335	1.4864	74.0362	10.2396	2860.5396	29.3491	0.0029	0.0040	0.0010	0.0091	0.0093	0.0064	0.0003	0.0000	0.0006
25	120	0.1438	8	1	2	0	0	0	0	0	0	N	Y	N	N	N	N	N	N	N	N	N	N	1199.8279	1861.5855	1915.2954	18.1924	17.3285	32.5460	1567.8611	71135.1080	1923.3837	5.6175	4.2643	15.5275	0.1121	0.1139	0.0553	6.6879	5.1728	16.1671	0.0047	0.0023	0.0081	0.0062	0.0066	0.0017	0.0043	0.0001	0.0084	0.4972	2.4708	-0.1463	0.0003	4.7974	13.6104	5.1989	16.0982	2.9876	1.9954	0.9921	0.0097	0.0096	0.0001	2.9779	1.9859	0.9920	0.0017	0.0005	0.0012	0.0005	0.0005	0.0000	0.0012	0.0000	0.0012	0.5318	0.4679	0.0639	0.0866	0.0840	0.0025	0.4453	0.3839	0.0614	0.3547	0.2089	0.1458	0.0778	0.0713	0.0065	0.2769	0.1376	0.1393	1199.8279	1861.5855	1915.2954	18.1924	17.3285	32.5460	1567.8611	71135.1080	1923.3837	0.0047	0.0023	0.0081	0.0062	0.0066	0.0017	0.0043	0.0001	0.0084
25	121	0.1690	10	0	2	0	0	0	0	0	0	N	Y	N	N	N	N	N	N	N	N	N	N	0.4273	0.3271	115.2356	0.4813	0.4215	360.3823	0.0855	0.0268	5.6199	0.0781	0.0892	0.0148	0.1738	0.1821	0.0667	0.0003	0.0002	0.0006	0.1827	0.2727	0.0001	0.3611	0.4320	0.0002	0.0030	0.0058	0.0001	0.0293	0.0002	-0.0015	-0.0209	4.7974	0.3548	5.1989	4.6068	0.0041	0.0040	0.0001	0.0041	0.0040	0.0001	0.0000	0.0000	0.0000	0.0386	0.0386	0.0000	0.0383	0.0383	0.0000	0.0003	0.0003	0.0000	0.0529	0.0450	0.0079	0.0237	0.0220	0.0017	0.0292	0.0230	0.0062	0.2112	0.1414	0.0698	0.1060	0.0886	0.0174	0.1052	0.0528	0.0524	0.4273	0.3271	115.2356	0.4813	0.4215	360.3823	0.0855	0.0268	5.6199	0.1827	0.2727	0.0001	0.3611	0.4320	0.0002	0.0030	0.0058	0.0001
25	122	0.1541	9	0	2	0	0	0	0	0	0	N	Y	N	N	N	N	N	N	N	N	N	N	0.1782	0.0933	17.8138	0.1281	0.1083	4.8890	5.9103	7.0225	15.8092	0.1071	0.0948	0.1734	0.2981	0.2728	0.5021	0.0166	0.0035	0.0769	0.6010	1.0161	0.0097	2.3267	2.5195	0.1027	0.0028	0.0005	0.0049	0.3389	0.0067	-0.0015	-0.0355	4.7974	1.6911	5.1989	5.7022	0.0116	0.0087	0.0029	0.0104	0.0085	0.0019	0.0012	0.0002	0.0010	0.0661	0.0657	0.0004	0.0659	0.0657	0.0002	0.0002	0.0000	0.0002	0.1087	0.0917	0.0170	0.0349	0.0311	0.0039	0.0737	0.0606	0.0131	0.1100	0.0646	0.0454	0.0283	0.0261	0.0023	0.0817	0.0386	0.0431	0.1782	0.0933	17.8138	0.1281	0.1083	4.8890	5.9103	7.0225	15.8092	0.6010	1.0161	0.0097	2.3267	2.5195	0.1027	0.0028	0.0005	0.0049
25	123	0.1438	8	0	1	0	0	0	0	0	0	N	N	N	N	N	N	N	N	N	N	N	N	185.2334	137.1900	33.7414	209.7622	201.4800	207.9018	8.4627	28.7587	29.4590	2.7575	3.1173	0.1310	10.9696	11.2086	0.4317	0.0180	0.0001	0.1165	0.0149	0.0227	0.0039	0.0523	0.0556	0.0021	0.0021	0.0000	0.0040	0.0058	0.1217	-0.1198	-0.0005	4.7974	2.0929	5.1989	3.1856	0.3192	0.3174	0.0018	0.3177	0.3174	0.0003	0.0016	0.0000	0.0015	0.0012	0.0011	0.0001	0.0011	0.0011	0.0000	0.0001	0.0000	0.0001	0.1158	0.1018	0.0139	0.0290	0.0283	0.0006	0.0868	0.0735	0.0133	0.0795	0.0464	0.0330	0.0202	0.0190	0.0013	0.0592	0.0275	0.0318	185.2334	137.1900	33.7414	209.7622	201.4800	207.9018	8.4627	28.7587	29.4590	0.0149	0.0227	0.0039	0.0523	0.0556	0.0021	0.0021	0.0000	0.0040
25	124	0.1845	11	1	2	0	0	0	0	0	0	N	Y	N	N	N	N	N	N	N	N	N	N	0.0000	0.0000	0.0000	0.0000	0.0000	0.0000	0.0000	0.0000	0.0000	0.0000	0.0000	0.0000	0.0000	0.0000	0.0000	0.0000	0.0000	0.0000	0.0000	0.0000	4.7974	0.0000	5.1989	0.0000	0.0000	0.0000	0.0000	0.0000	0.0000	0.0000	0.0000	0.0000	0.0000	0.0000	0.0000	0.0000	0.0000	0.0000	0.0000	0.0000	0.0000	0.0000	0.0000	0.0000	0.0000	0.0000	0.0000	0.0000	0.0000	0.0000	0.0000	0.0000	0.0000	0.0000	0.0000	0.0000	0.0000	0.0000	0.0000	0.0000	0.0000	0.0000	0.0000	0.0000	0.0000	0.0000	0.0000	0.0000	0.0000	0.0000	0.0000	0.0000	0.0000	0.0000	0.0000	0.0000	0.0000	0.0000											
25	125	0.1799	10	1	2	0	0	0	0	0	0	N	Y	N	N	N	N	N	N	N	N	N	N	1.6172	1.1074	0.0000	1.2086	1.1308	0.0636	0.0486	0.0000	0.0124	0.0138	0.0000	0.0302	0.0318	0.0000	0.0000	0.0000	0.0000	0.0077	0.0125	0.0000	0.0250	0.0281	0.0000	0.0001	0.0001	0.0000	0.0000	0.0012	-0.0001	-0.0001	4.7974	0.1434	5.1989	1.9839	0.0001	0.0001	0.0000	0.0001	0.0001	0.0000	0.0000	0.0000	0.0000	0.0002	0.0002	0.0000	0.0002	0.0002	0.0000	0.0000	0.0000	0.0000	0.0118	0.0106	0.0012	0.0049	0.0046	0.0002	0.0070	0.0060	0.0010	0.0296	0.0182	0.0114	0.0091	0.0080	0.0010	0.0205	0.0101	0.0104	1.6172	1.1074	0.0000	1.2086	1.1308	0.0000	0.0636	0.0486	0.0000	0.0077	0.0125	0.0000	0.0250	0.0281	0.0000	0.0001	0.0001	0.0000	
25	126	0.1695	9	0	2	0	0	0	0	0	0	N	Y	N	N	N	N	N	N	N	N	N	N	0.3506	0.2413	0.0000	0.5982	0.5555	0.0000	0.0000	0.0000	0.0000	0.0126	0.0143	0.0000	0.0750	0.0776	0.0000	0.0000	0.0000	0.0000	0.0359	0.0592	0.0013	0.1253	0.1397	0.0000	0.0011	0.0008	0.0014	0.0000	0.0147	-0.0003	-0.0013	4.7974	1.8882	5.1989	2.9115	0.0009	0.0009	0.0000	0.0009	0.0009	0.0000	0.0000	0.0000	0.0000	0.0024	0.0024	0.0000	0.0023	0.0023	0.0000	0.0001	0.0000	0.0000	0.0728	0.0641	0.0087	0.0122	0.0118	0.0004	0.0606	0.0523	0.0083	0.0667	0.0398	0.0269	0.0187	0.0167	0.0019	0.0480	0.0231	0.0249	0.3506	0.2413	0.0000	0.5982	0.5555	0.0000	0.0000	0.0000	0.0000	0.0359	0.0592	0.0013	0.1253	0.1397	0.0000	0.0011	0.0008	0.0014
25	127	0.1438	8	0	1	0	0	0	0	0	0	N	N	N	N	N	N	N	N	N	N	N	N	0.9862	0.6793	3.1006	4.3491	3.8785	781.8325	0.2570	0.0000	2.5479	0.0262	0.0220	0.0568	0.0961	0.0926	0.2357	0.0072	0.0000	0.0487	0.0266	0.0323	0.0183	0.0221	0.0239	0.0003	0.0279	0.0372	0.0191	0.3557	0.3990	-0.0005	-0.0011	4.7974	3.5543	5.1989	9.0319	0.0045	0.0033	0.0012	0.0035	0.0033	0.0002	0.0010	0.0000	0.0010	0.0045	0.0032	0.0013	0.0009	0.0009	0.0000	0.0036	0.0023	0.0013	0.1711	0.1504	0.0207	0.0366	0.0357	0.0009	0.1345	0.1147	0.0198	0.1679	0.0985	0.0694	0.0388	0.0358	0.0029	0.1291	0.0626	0.0665	0.9862	0.6793	3.1006	4.3491	3.8785	781.8325	0.2570	0.0000	2.5479	0.0266	0.0323	0.0183	0.0221	0.0239	0.0003	0.0279	0.0372	0.0191
25	128	0.1401	7	0	1	0	0	0	0	0	0	N	N	N	N	N	N	N	N	N	N	N	N	7.6330	5.2123	24.0728	11.1301	10.2999	143.1803	3.8667	inf	15.1056	0.0710	0.0671	0.0992	0.2718	0.2595	0.6186	0.0092	0.0000	0.0622	0.0093	0.0129	0.0041	0.0244	0.0252	0.0043	0.0024	0.0000	0.0041	0.2039	0.2209	-0.0020	-0.0002	4.7974	2.6246	5.1989	0.7212	0.0097	0.0080	0.0016	0.0087	0.0080	0.0007	0.0010	0.0000	0.0010	0.0006	0.0005	0.0001	0.0005	0.0005	0.0000	0.0001	0.0000	0.0001	0.1363	0.1198	0.0165	0.0321	0.0310	0.0011	0.1042	0.0888	0.0154	0.0690	0.0408	0.0282	0.0217	0.0209	0.0008	0.0474	0.0200	0.0274	7.6330	5.2123	24.0728	11.1301	10.2999	143.1803	3.8667	inf	15.1056	0.0093	0.0129	0.0041	0.0244	0.0252	0.0043	0.0024	0.0000	0.0041
25	129	0.1344	6	0	1	0	0	0	0	0	0	N	N	N	N	N	N	N	N	N	N	N	N	15.0954	1.0210	582.6145	15.4237	1.5750	848.3772	38.7488	19.8482	133.7361	0.0671	0.0069	0.5099	0.2719	0.0286	8.2282	0.0098	0.0000	0.0678	0.0044	0.0068	0.0009	0.0176	0.0182	0.0097	0.0003	0.0000	0.0005	10.0181	0.0843	0.0055	-0.0001	4.7974	3.3474	5.1989	1.3769	0.0104	0.0009	0.0095	0.0092	0.0009	0.0083	0.0012	0.0000	0.0012	0.0003	0.0003	0.0000	0.0003	0.0003	0.0000	0.0000	0.0000	0.0000	0.1552	0.1366	0.0186	0.0339	0.0329	0.0010	0.1213	0.1037	0.0176	0.0715	0.0433	0.0282	0.0172	0.0161	0.0011	0.0542	0.0271	0.0271	15.0954	1.0210	582.6145	15.4237	1.5750	848.3772	38.7488	19.8482	133.7361	0.0044	0.0068	0.0009	0.0176	0.0182	0.0097	0.0003	0.0000	0.0005
25	130	0.1255	5	0	1	0	0	0	0	0	0	N	N	N	N	N	N	N	N	N	N	N	N	0.1110	0.0395	5.7988	0.0389	0.0308	1.3331	7.2503	57850.0497	18.0168	0.0357	0.0213	0.1456	0.0528	0.0448	0.6412	0.0263	0.0059	0.1244	0.3218	0.5391	0.0251	1.3578	1.4538	0.4810	0.0036	0.0000	0.0069	0.8963	0.0341	0.0001	-0.0112	4.7974	0.4686	5.1989	4.0374	0.0015	0.0008	0.0007	0.0008	0.0007	0.0001	0.0007	0.0001	0.0006	0.0219	0.0212	0.0007	0.0217	0.0212	0.0005	0.0002	0.0000	0.0002	0.0424	0.0375	0.0049	0.0151	0.0149	0.0002	0.0273	0.0226	0.0047	0.0681	0.0393	0.0288	0.0160	0.0146	0.0014	0.0521	0.0247	0.0274	0.1110	0.0395	5.7988	0.0389	0.0308	1.7094	7.2503	57850.0497	18.0168	0.3218	0.5391	0.0251	1.3578	1.4538	0.3751	0.0036	0.0000	0.0069
25	131	0.1080	4	0	1	0	0	0	0	0	0	N	N	N	N	N	N	N	N	N	N	N	N	15.5511	0.3802	43.4378	21.2554	0.5060	22.3770	10.0544	0.3575	30.3226	1.4411	0.0093	9.4231	2.7943	0.0222	23.0195	0.7120	0.0020	4.2004	0.0927	0.0245	0.2169	0.1315	0.0438	1.0287	0.0708	0.0056	0.1385	181.1142	4.8452	0.1917	0.0058	4.7974	3.2951	5.1989	6.3724	0.3125	0.0017	0.3108	0.2122	0.0015	0.2107	0.1003	0.0002	0.1001	0.0203	0.0035	0.0168	0.0104	0.0031	0.0073	0.0099	0.0004	0.0095	0.2169	0.1839	0.0330	0.0759	0.0668	0.0092	0.1409	0.1171	0.0238	0.2189	0.1414	0.0775	0.0789	0.0700	0.0088	0.1400	0.0713	0.0687	15.5511	0.3802	43.4378	21.2554	0.5060	27.8828	10.0544	0.3575	30.3226	0.0927	0.0245	0.2169	0.1315	0.0438	0.8256	0.0708	0.0056	0.1385
25	132	0.0956	3	0	1	0	0	0	0	0	0	N	N	N	N	N	N	N	N	N	N	N	N	1.6340	1.2335	3.9756	1.0441	0.8205	1.1437	3.9789	100.4660	4.5446	0.1998	0.1344	0.5791	0.2906	0.1755	1.1859	0.1394	0.1052	0.3074	0.1223	0.1089	0.1457	0.2783	0.2139	1.0368	0.0350	0.0010	0.0676	0.7435	0.7630	0.0016	-0.0029	4.7974	2.3562	5.1989	6.2610	0.0345	0.0198	0.0147	0.0201	0.0107	0.0093	0.0144	0.0091	0.0054	0.0260	0.0147	0.0112	0.0212	0.0147	0.0065	0.0048	0.0001	0.0047	0.1726	0.1472	0.0254	0.0690	0.0612	0.0079	0.1036	0.0861	0.0175	0.2124	0.1352	0.0772	0.0762	0.0685	0.0076	0.1362	0.0667	0.0695	1.6340	1.2335	3.9756	1.0441	0.8205	1.3871	3.9789	100.4660	4.5446	0.1223	0.1089	0.1457	0.2783	0.2139	0.8549	0.0350	0.0010	0.0676
25	133	0.0633	2	0	1	0	0	0	0	0	0	N	N	N	N	N	N	N	N	N	N	N	N	2.5891	0.2998	16.7513	0.2691	0.2347	0.6358	27.7105	3.5072	29.0432	0.5731	0.0909	1.5707	0.1669	0.1429	0.6362	0.8852	0.0086	1.6356	0.2213	0.3033	0.0938	0.6202	0.6089	1.0006	0.0319	0.0024	0.0563	8.3462	0.1987	0.1428	-0.0321	4.7974	3.4088	5.1989	13.4864	0.2789	0.0298	0.2491	0.0353	0.0288	0.0066	0.2436	0.0011	0.2425	0.0852	0.0711	0.0141	0.0769	0.0708	0.0061	0.0083	0.0003	0.0081	0.4868	0.3282	0.1586	0.2115	0.2012	0.0103	0.2752	0.1269	0.1483	0.3851	0.2344	0.1507	0.1240	0.1163	0.0077	0.2611	0.1181	0.1430	2.5891	0.2998	16.7513	0.2691	0.2347	0.8040	27.7105	3.5072	29.0432	0.2213	0.3033	0.0938	0.6202	0.6089	0.7913	0.0319	0.0024	0.0563
26	28	0.1824	14	1	2	0	0	0	0	0	0	N	Y	N	N	N	N	N	N	N	N	N	N	0.0000	0.0000	0.0000	0.0000	0.0000	0.0000	0.0000	0.0000	0.0000	0.0000	0.0000	0.0000	0.0000	0.0000	0.0000	0.0000	0.0000	0.0000	0.1016	0.1632	0.0006	0.3474	0.3801	0.0027	0.0003	0.0002	0.0004	0.0021	0.0000	-0.0204	2.0195	3.0409	15.0171	16.1393	0.0000	0.0000	0.0000	0.0000	0.0000	0.0000	0.0000	0.0000	0.0000	0.0378	0.0377	0.0001	0.0377	0.0377	0.0000	0.0001	0.0000	0.0001	0.0458	0.0402	0.0055	0.0111	0.0106	0.0005	0.0347	0.0296	0.0051	0.3716	0.2310	0.1407	0.1085	0.0991	0.0094	0.2632	0.1319	0.1313	0.0000	0.0000	0.0000	0.0000	0.0000	0.0000	0.0000	0.0000	0.0000	0.1016	0.1632	0.0006	0.3474	0.3801	0.0027	0.0003	0.0002	0.0004	
26	29	0.1775	14	1	2	0	0	0	0	0	0	N	Y	N	N	N	N	N	N	N	N	N	N	0.0000	0.0000	0.0000	0.0000	0.0000	0.0000	0.0000	0.0000	0.0000	0.0000	0.0000	0.0000	0.0000	0.0000	0.0000	0.0000	0.0000	3.7214	0.0002	9.6122	0.0113	0.0004	0.1121	5.0991	0.0000	10.3073	35475.8228	0.0000	0.4889	2.0195	4.0695	15.0171	11.0027	0.0000	0.0000	0.0000	0.0000	0.0000	0.0000	0.0000	0.0000	0.0000	1.0699	0.0000	1.0698	0.0009	0.0000	0.0009	1.0690	0.0000	1.0690	0.0615	0.0539	0.0076	0.0130	0.0125	0.0006	0.0485	0.0414	0.0071	0.2875	0.1762	0.1113	0.0778	0.0703	0.0076	0.2096	0.1059	0.1037	0.0000	0.0000	0.0000	0.0000	0.0000	0.0000	0.0000	0.0000	0.0000	3.7214	0.0002	9.6122	0.0113	0.0004	0.1121	5.0991	0.0000	10.3073		
26	30	0.0875	7	1	2	1	1	0	0	0	0	N	Y	N	N	N	N	N	N	N	N	N	N	0.0000	0.0000	0.0000	0.0000	0.0000	0.0000	0.0000	0.0000	0.0000	0.0000	0.0000	0.0000	0.0000	0.0000	0.0000	0.0000	0.0000	0.0000	13.3835	0.0003	65.4210	0.0133	0.0007	0.1695	17.3096	0.0000	62.3324	89157.5116	-0.0000	0.4511	2.0195	0.0021	15.0171	3.0281	0.0000	0.0000	0.0000	0.0000	0.0000	0.0000	0.0000	0.0000	0.0000	0.9871	0.0000	0.9871	0.0002	0.0000	0.0002	0.9869	0.0000	0.9869	0.0001	0.0001	0.0000	0.0000	0.0000	0.0000	0.0001	0.0000	0.0000	0.0738	0.0426	0.0311	0.0167	0.0155	0.0012	0.0570	0.0271	0.0299	0.0000	0.0000	0.0000	0.0000	0.0000	0.0000	0.0000	0.0000	0.0000	13.3835	0.0003	31.7173	0.0133	0.0007	0.1695	17.3096	0.0000	33.0342	
26	31	0.0648	6	1	1	0	1	0	0	0	0	N	N	N	N	N	N	N	N	N	N	N	N	0.0000	0.0041	0.0000	0.0003	0.0107	0.0000	0.0000	0.0000	0.0000	0.0001	0.0001	0.0002	0.0007	0.0007	0.0000	0.0000	0.0000	0.0002	7.1915	0.0211	20.9499	2.3605	0.0633	2108.3563	8.3697	0.0003	16.0608	0.3409	594.0137	-0.0000	0.8630	2.0195	3.2874	15.0171	7.1999	0.0000	0.0000	0.0000	0.0000	0.0000	0.0000	0.0000	0.0000	0.0000	1.8952	0.0032	1.8921	0.1220	0.0032	0.1188	1.7733	0.0000	1.7732	0.0557	0.0481	0.0076	0.0062	0.0061	0.0001	0.0495	0.0420	0.0075	0.2635	0.1513	0.1123	0.0517	0.0498	0.0019	0.2119	0.1015	0.1104	0.0000	0.0041	0.0000	0.0003	0.0107	0.0000	0.0000	0.0000	0.0000	7.1915	0.0211	16.8542	2.3605	0.0633	64.1415	8.3697	0.0003	16.0608
26	32	0.1175	8	1	2	0	0	0	0	0	0	N	Y	N	N	N	N	N	N	N	N	N	N	0.4943	0.3333	180.7019	1513.0606	1518.5059	140.5394	0.0000	0.0000	0.0000	0.8822	1.0202	0.0002	4.7676	5.1058	0.0019	0.0001	0.0001	0.0000	1.7848	3.0611	0.0000	0.0032	0.0034	0.0000	2.5168	5.7501	0.0000	0.0000	0.0000	-0.0273	-0.5402	2.0195	4.3545	15.0171	19.4857	0.0716	0.0716	0.0000	0.0716	0.0716	0.0000	0.0000	0.0000	0.0000	0.9950	0.9950	0.0000	0.0005	0.0005	0.0000	0.9945	0.9945	0.0000	0.0811	0.0701	0.0110	0.0150	0.0140	0.0010	0.0661	0.0561	0.0100	0.5575	0.3250	0.2324	0.1623	0.1521	0.0102	0.3951	0.1730	0.2222	0.4943	0.3333	180.7019	1513.0606	1518.5059	140.5394	0.0000	0.0000	0.0000	1.7848	3.0611	0.0000	0.0032	0.0034	0.0000	2.5168	5.7501	0.0000
26	33	0.1619	12	2	2	0	0	0	0	0	0	Y	Y	N	N	N	N	N	N	N	N	N	N	0.0000	0.0000	0.0000	0.0000	0.0000	0.0000	0.0000	0.0000	0.0000	0.0000	0.0000	0.0000	0.0000	0.0000	0.0000	0.0000	0.0000	0.0000	0.0000	0.0000	2.0195	0.0000	15.0171	0.0000	0.0000	0.0000	0.0000	0.0000	0.0000	0.0000	0.0000	0.0000	0.0000	0.0000	0.0000	0.0000	0.0000	0.0000	0.0000	0.0000	0.0000	0.0000	0.0000	0.0000	0.0000	0.0000	0.0000	0.0000	0.0000	0.0000	0.0000	0.0000	0.0000	0.0000	0.0000	0.0000	0.0000	0.0000	0.0000	0.0000	0.0000	0.0000	0.0000	0.0000	0.0000	0.0000	0.0000	0.0000	0.0000	0.0000	0.0000	0.0000	0.0000	0.0000	0.0000	0.0000	0.0000	0.0000											
26	34	0.0449	2	1	2	0	1	0	0	0	0	N	Y	N	N	N	N	N	N	N	N	N	N	0.3979	0.2554	6.1821	0.6597	0.6552	0.0499	1.5918	0.0005	6.5602	0.0796	0.0923	0.0099	0.5675	0.5708	0.0007	0.0018	0.0000	0.0100	0.2001	0.3613	0.0016	0.8603	0.8712	0.0145	0.0011	0.0005	0.0015	0.0196	0.0036	-0.0036	-0.0678	2.0195	6.4588	15.0171	12.7561	0.0099	0.0097	0.0002	0.0097	0.0097	0.0000	0.0002	0.0000	0.0002	0.1257	0.1253	0.0005	0.1252	0.1252	0.0000	0.0005	0.0001	0.0004	0.1244	0.1053	0.0191	0.0171	0.0170	0.0001	0.1073	0.0883	0.0190	0.6282	0.3467	0.2815	0.1455	0.1437	0.0019	0.4827	0.2030	0.2796	0.3979	0.2554	6.1821	0.6597	0.6552	0.0499	1.5918	0.0005	6.5602	0.2001	0.3613	0.0016	0.8603	0.8712	0.0145	0.0011	0.0005	0.0015
26	36	0.1009	8	1	1	1	0	0	0	0	0	N	N	N	N	N	N	N	N	N	N	N	N	0.0000	0.0000	0.0000	0.0000	0.0000	0.0000	0.0000	0.0000	0.0000	0.0000	0.0000	0.0000	0.0000	0.0000	0.0000	0.0000	0.0000	0.0000	0.0000	0.0000	0.0000	0.0000	0.0000	0.0000	0.0000	0.0000	0.0000	0.3529	0.0000	-0.0000	2.0195	1.0000	15.0171	2.0003	0.0000	0.0000	0.0000	0.0000	0.0000	0.0000	0.0000	0.0000	0.0000	0.0000	0.0000	0.0000	0.0000	0.0000	0.0000	0.0000	0.0000	0.0000	0.0150	0.0131	0.0019	0.0019	0.0019	0.0001	0.0131	0.0113	0.0018	0.0642	0.0384	0.0258	0.0152	0.0138	0.0014	0.0490	0.0246	0.0244	0.0000	0.0000	0.0000	0.0000	0.0000	0.0000	0.0000	0.0000	0.0000	0.0000	0.0000	0.0000	0.0000	0.0000	0.0000	0.0000	0.0000	0.0000	
26	37	0.0831	7	1	2	0	0	0	0	0	0	N	Y	N	N	N	N	N	N	N	N	N	N	0.0038	0.0229	0.0011	0.0821	0.0838	0.0155	0.0003	0.0000	0.0011	0.0007	0.0007	0.0005	0.0054	0.0056	0.0008	0.0001	0.0000	0.0004	0.1783	0.0310	0.3966	0.0661	0.0669	0.0497	0.2237	0.0002	0.4073	0.0966	8.6207	-0.0000	0.0208	2.0195	1.9619	15.0171	8.3400	0.0000	0.0000	0.0000	0.0000	0.0000	0.0000	0.0000	0.0000	0.0000	0.0588	0.0061	0.0527	0.0063	0.0061	0.0002	0.0525	0.0000	0.0525	0.0308	0.0267	0.0040	0.0035	0.0034	0.0001	0.0272	0.0233	0.0039	0.3299	0.1970	0.1329	0.0952	0.0912	0.0040	0.2347	0.1058	0.1289	0.0038	0.0229	0.0011	0.0821	0.0838	0.0155	0.0003	0.0000	0.0011	0.1783	0.0310	0.3966	0.0661	0.0669	0.0497	0.2237	0.0002	0.4073
26	38	0.1899	14	2	1	1	0	0	0	0	0	Y	N	N	N	N	N	N	N	N	N	N	N	0.0004	0.0000	0.0461	0.0000	0.0000	0.0000	0.0172	0.0000	0.0456	0.0037	0.0000	0.0300	0.0001	0.0001	0.0000	0.0062	0.0000	0.0312	8.4708	13.2984	0.6508	28.2766	28.7377	0.0168	0.3592	0.0040	0.6850	132.6509	0.0302	0.0000	-0.5289	2.0195	0.0095	15.0171	5.0631	0.0000	0.0000	0.0000	0.0000	0.0000	0.0000	0.0000	0.0000	0.0000	1.0296	0.9994	0.0302	0.9993	0.9993	0.0000	0.0303	0.0002	0.0302	0.0004	0.0003	0.0000	0.0002	0.0002	0.0000	0.0002	0.0002	0.0000	0.1216	0.0752	0.0464	0.0371	0.0348	0.0024	0.0844	0.0404	0.0440	0.0004	0.0000	0.0461	0.0000	0.0000	0.0000	0.0172	0.0000	0.0456	8.4708	13.2984	0.6508	26.9007	28.7377	0.0168	0.3592	0.0040	0.6850
26	39	0.0648	6	1	2	0	0	0	0	0	0	N	Y	N	N	N	N	N	N	N	N	N	N	0.0116	0.2538	0.0092	0.3178	0.3999	0.0000	0.0030	0.0093	0.0002	0.0002	0.0004	0.0010	0.0010	0.0000	0.0001	0.0000	0.0004	0.0207	0.0008	0.0473	0.0032	0.0026	0.0191	0.0248	0.0000	0.0478	0.3408	43.2510	-0.0000	0.0027	2.0195	1.1272	15.0171	11.0864	0.0000	0.0000	0.0000	0.0000	0.0000	0.0000	0.0000	0.0000	0.0000	0.0062	0.0001	0.0060	0.0002	0.0001	0.0000	0.0060	0.0000	0.0060	0.0231	0.0199	0.0032	0.0041	0.0040	0.0000	0.0191	0.0159	0.0032	0.2980	0.1706	0.1274	0.0563	0.0542	0.0021	0.2417	0.1163	0.1253	0.0116	0.2538	0.0092	0.3178	0.3999	0.0000	0.0030	0.0000	0.0093	0.0207	0.0008	0.0473	0.0032	0.0026	0.0191	0.0248	0.0000	0.0478	
26	40	0.0648	5	1	1	0	0	0	0	0	0	N	N	N	N	N	N	N	N	N	N	N	N	0.0004	0.0003	0.0010	0.0010	0.0006	0.0581	0.0001	0.0000	0.0003	0.0007	0.0004	0.0025	0.0023	0.0014	0.1453	0.0001	0.0000	0.0008	1.8005	1.4246	2.4462	2.2683	2.2738	2.4995	1.4897	0.0012	2.4538	0.9874	0.9997	0.0000	-0.0046	2.0195	0.4765	15.0171	0.2778	0.0000	0.0000	0.0000	0.0000	0.0000	0.0000	0.0000	0.0000	0.0000	0.1058	0.0529	0.0529	0.0532	0.0529	0.0003	0.0526	0.0000	0.0526	0.0132	0.0113	0.0019	0.0034	0.0034	0.0000	0.0098	0.0079	0.0019	0.0587	0.0371	0.0216	0.0234	0.0233	0.0002	0.0353	0.0139	0.0214	0.0004	0.0003	0.0010	0.0010	0.0006	0.0902	0.0001	0.0000	0.0003	1.8005	1.4246	2.4462	2.2683	2.2738	1.6109	1.4897	0.0012	2.4538
26	41	0.0670	5	1	2	0	1	0	0	0	0	N	Y	N	N	N	N	N	N	N	N	N	N	4.2905	1.5759	13.9726	4.5911	4.5306	7.2083	3.9368	1.9163	14.1294	6.7054	0.0370	50.5546	0.3794	0.3803	0.3573	7.3148	0.0000	51.8728	1.5629	0.0235	3.6181	0.0826	0.0839	0.0496	1.8581	0.0000	3.6713	207.6966	115.3734	0.6138	0.4740	2.0195	10.0333	15.0171	21.8674	0.9994	0.0048	0.9946	0.0050	0.0048	0.0002	0.9944	0.0000	0.9944	1.0569	0.0091	1.0479	0.0093	0.0091	0.0002	1.0477	0.0000	1.0477	0.1490	0.1294	0.0197	0.0131	0.0126	0.0005	0.1359	0.1168	0.0192	0.6763	0.3867	0.2896	0.1125	0.1082	0.0043	0.5638	0.2785	0.2854	4.2905	1.5759	13.9726	4.5911	4.5306	7.2083	3.9368	1.9163	14.1294	1.5629	0.0235	3.6181	0.0826	0.0839	0.0496	1.8581	0.0000	3.6713
26	42	0.1899	14	2	1	1	0	0	0	0	0	Y	N	N	N	N	N	N	N	N	N	N	N	0.0001	0.0000	0.0004	0.0000	0.0000	0.0000	0.0001	0.0000	0.0004	0.0001	0.0000	0.0008	0.0000	0.0000	0.0000	0.0001	0.0000	0.0008	0.8783	0.0551	2.2070	0.1201	0.1086	0.3806	1.2516	0.0004	2.2982	132.6509	24.8023	0.0000	0.0298	2.0195	0.9968	15.0171	1.9513	0.0000	0.0000	0.0000	0.0000	0.0000	0.0000	0.0000	0.0000	0.0000	0.0712	0.0028	0.0684	0.0032	0.0027	0.0005	0.0680	0.0000	0.0680	0.0146	0.0128	0.0018	0.0033	0.0031	0.0002	0.0113	0.0096	0.0017	0.0811	0.0501	0.0310	0.0267	0.0253	0.0014	0.0543	0.0247	0.0296	0.0001	0.0000	0.0004	0.0000	0.0000	0.0000	0.0001	0.0000	0.0004	0.8783	0.0551	2.2070	0.1201	0.1086	0.3235	1.2516	0.0004	2.2982
26	43	0.1767	13	2	1	1	0	0	0	0	0	Y	N	N	N	N	N	N	N	N	N	N	N	0.9359	0.0047	5.0108	0.0105	0.0103	0.0000	1.4099	0.0000	5.1049	0.0446	0.0002	0.3519	0.0007	0.0008	0.0000	0.0546	0.0000	0.3782	0.0477	0.0330	0.0702	0.0698	0.0752	0.0105	0.0387	0.0002	0.0741	327.2857	1.3907	0.0020	0.0003	2.0195	5.0018	15.0171	1.7716	0.0033	0.0000	0.0033	0.0000	0.0000	0.0000	0.0033	0.0000	0.0033	0.0070	0.0029	0.0041	0.0029	0.0029	0.0000	0.0040	0.0000	0.0040	0.0734	0.0642	0.0093	0.0136	0.0129	0.0006	0.0599	0.0512	0.0086	0.1465	0.0886	0.0579	0.0422	0.0387	0.0035	0.1043	0.0499	0.0544	0.9359	0.0047	5.0108	0.0105	0.0103	0.0000	1.4099	0.0000	5.1049	0.0477	0.0330	0.0702	0.0698	0.0752	0.0105	0.0387	0.0002	0.0741
26	44	0.1799	14	2	1	1	0	0	0	0	0	Y	N	N	N	N	N	N	N	N	N	N	N	0.5905	14.2525	0.0000	34.2975	33.6546	0.0000	0.0000	0.0000	0.0003	0.0003	0.0000	0.0015	0.0015	0.0000	0.0000	0.0000	0.0000	0.0005	0.0000	0.0012	0.0000	0.0000	0.0000	0.0007	0.0000	0.0013	0.0000	32.6017	-0.0000	0.0000	2.0195	4.9860	15.0171	2.3663	0.0000	0.0000	0.0000	0.0000	0.0000	0.0000	0.0000	0.0000	0.0000	0.0001	0.0000	0.0001	0.0000	0.0000	0.0000	0.0001	0.0000	0.0001	0.0734	0.0641	0.0093	0.0136	0.0130	0.0006	0.0597	0.0511	0.0086	0.1845	0.1157	0.0687	0.0594	0.0553	0.0040	0.1251	0.0604	0.0647	0.5905	14.2525	0.0000	34.2975	33.6546	0.0000	0.0000	0.0000	0.0000	0.0005	0.0000	0.0012	0.0000	0.0000	0.0000	0.0007	0.0000	0.0013	
26	45	0.1767	13	2	1	0	0	0	0	0	0	Y	N	N	N	N	N	N	N	N	N	N	N	0.0587	0.0933	0.0075	0.1878	0.1830	0.3241	0.0000	0.0000	0.0000	0.0003	0.0004	0.0001	0.0011	0.0011	0.0012	0.0000	0.0000	0.0000	0.0056	0.0039	0.0080	0.0059	0.0060	0.0036	0.0054	0.0015	0.0083	0.0208	1.4537	-0.0000	0.0000	2.0195	0.0225	15.0171	1.9333	0.0000	0.0000	0.0000	0.0000	0.0000	0.0000	0.0000	0.0000	0.0000	0.0003	0.0001	0.0002	0.0001	0.0001	0.0000	0.0002	0.0000	0.0002	0.0005	0.0005	0.0001	0.0002	0.0002	0.0000	0.0004	0.0003	0.0001	0.0522	0.0307	0.0215	0.0170	0.0159	0.0010	0.0352	0.0148	0.0204	0.0587	0.0933	0.0075	0.1878	0.1830	0.3241	0.0000	0.0000	0.0000	0.0056	0.0039	0.0080	0.0059	0.0060	0.0036	0.0054	0.0015	0.0083
26	46	0.1738	12	2	1	0	0	0	0	0	0	Y	N	N	N	N	N	N	N	N	N	N	N	0.0048	0.0023	0.0287	0.0048	0.0046	0.0000	0.0086	0.0299	0.0000	0.0000	0.0001	0.0001	0.0001	0.0000	0.0000	0.0000	0.0001	0.0045	0.0055	0.0030	0.0123	0.0134	0.0018	0.0015	0.0000	0.0030	0.9733	0.3433	0.0000	-0.0000	2.0195	1.0095	15.0171	0.3555	0.0000	0.0000	0.0000	0.0000	0.0000	0.0000	0.0000	0.0000	0.0000	0.0001	0.0001	0.0000	0.0001	0.0001	0.0000	0.0000	0.0000	0.0000	0.0153	0.0133	0.0019	0.0029	0.0027	0.0001	0.0124	0.0106	0.0018	0.0286	0.0175	0.0111	0.0079	0.0072	0.0007	0.0207	0.0103	0.0104	0.0048	0.0023	0.0287	0.0048	0.0046	0.0000	0.0086	0.0000	0.0299	0.0045	0.0055	0.0030	0.0123	0.0134	0.0018	0.0015	0.0000	0.0030	
26	47	0.0831	7	1	1	1	0	0	0	0	0	N	N	N	N	N	N	N	N	N	N	N	N	0.0021	0.0014	0.0010	0.0266	0.0262	5.0221	0.0000	0.0000	0.0000	0.0045	0.0051	0.0002	0.0413	0.0427	0.0052	0.0000	0.0000	0.0000	2.1667	3.5497	0.1625	1.5547	1.6306	0.0010	2.3799	4.9185	0.1674	0.0048	0.0316	-0.0001	-0.4610	2.0195	3.0460	15.0171	11.9126	0.0002	0.0002	0.0000	0.0002	0.0002	0.0000	0.0000	0.0000	0.0000	0.8998	0.8722	0.0276	0.1668	0.1668	0.0000	0.7330	0.7054	0.0276	0.0468	0.0406	0.0061	0.0051	0.0049	0.0002	0.0417	0.0358	0.0059	0.4153	0.2457	0.1696	0.1073	0.1023	0.0050	0.3080	0.1434	0.1646	0.0021	0.0014	0.0010	0.0266	0.0262	5.0221	0.0000	0.0000	0.0000	2.1667	3.5497	0.1625	1.5547	1.6306	0.0010	2.3799	4.9185	0.1674
26	48	0.0697	6	1	1	0	0	0	0	0	0	N	N	N	N	N	N	N	N	N	N	N	N	0.0001	0.0007	0.0000	0.0041	0.0032	0.1406	0.0000	0.0000	0.0000	0.0002	0.0002	0.0004	0.0019	0.0015	0.0141	0.0000	0.0000	0.0000	4.1183	0.2487	9.7091	0.4583	0.4644	0.0999	5.6021	0.0496	9.8234	0.3396	27.0184	-0.0000	0.4273	2.0195	1.1082	15.0171	5.8288	0.0000	0.0000	0.0000	0.0000	0.0000	0.0000	0.0000	0.0000	0.0000	1.0142	0.0362	0.9780	0.0326	0.0324	0.0001	0.9817	0.0038	0.9779	0.0178	0.0154	0.0024	0.0020	0.0019	0.0001	0.0158	0.0135	0.0023	0.2463	0.1455	0.1007	0.0710	0.0699	0.0012	0.1752	0.0757	0.0996	0.0001	0.0007	0.0000	0.0041	0.0032	0.1406	0.0000	0.0000	0.0000	4.1183	0.2487	9.7091	0.4583	0.4644	0.0999	5.6021	0.0496	9.8234
26	49	0.1009	8	1	2	0	0	0	0	0	0	N	Y	N	N	N	N	N	N	N	N	N	N	0.0000	0.0000	0.0000	0.0000	0.0000	0.0000	0.0000	0.0000	0.0000	0.0000	0.0000	0.0000	0.0000	0.0000	0.0000	0.0000	0.0000	0.0000	0.0002	0.0004	0.0000	0.0010	0.0011	0.0000	0.0000	0.0000	0.0000	0.0003	0.0000	-0.0000	2.0195	0.0000	15.0171	2.0001	0.0000	0.0000	0.0000	0.0000	0.0000	0.0000	0.0000	0.0000	0.0000	0.0000	0.0000	0.0000	0.0000	0.0000	0.0000	0.0000	0.0000	0.0000	0.0000	0.0000	0.0000	0.0000	0.0000	0.0000	0.0000	0.0000	0.0000	0.0430	0.0257	0.0173	0.0102	0.0093	0.0009	0.0328	0.0165	0.0164	0.0000	0.0000	0.0000	0.0000	0.0000	0.0000	0.0000	0.0000	0.0000	0.0002	0.0004	0.0000	0.0010	0.0011	0.0000	0.0000	0.0000	0.0000	
26	50	0.2092	17	2	2	1	0	0	0	0	0	Y	Y	N	N	N	N	N	N	N	N	N	N	0.0000	0.0000	0.0000	0.0000	0.0000	0.0000	0.0000	0.0000	0.0000	0.0000	0.0000	0.0000	0.0000	0.0000	0.0000	0.0025	0.0000	0.0103	0.0058	0.0000	0.1107	0.0002	0.0000	0.0005	inf	0.0000	0.0001	2.0195	0.0000	15.0171	1.7047	0.0000	0.0000	0.0000	0.0000	0.0000	0.0000	0.0000	0.0000	0.0000	0.0002	0.0000	0.0002	0.0002	0.0000	0.0002	0.0000	0.0000	0.0000	0.0000	0.0000	0.0000	0.0000	0.0000	0.0000	0.0000	0.0000	0.0000	0.0652	0.0494	0.0158	0.0269	0.0255	0.0014	0.0383	0.0239	0.0144	0.0000	0.0000	0.0000	0.0000	0.0000	0.0000	0.0000	0.0000	0.0000	0.0025	0.0000	0.0103	0.0058	0.0000	0.1107	0.0002	0.0000	0.0005				
26	51	0.2092	17	2	2	1	0	0	0	0	0	Y	Y	N	N	N	N	N	N	N	N	N	N	0.0000	0.0000	0.0000	0.0000	0.0000	0.0000	0.0000	0.0000	0.0000	0.0000	0.0000	0.0000	0.0000	0.0000	0.0000	0.0018	0.0021	0.0000	0.0038	0.0039	0.0000	0.0000	0.0000	0.0000	0.0000	0.0000	-0.0000	2.0195	0.0000	15.0171	0.2953	0.0000	0.0000	0.0000	0.0000	0.0000	0.0000	0.0000	0.0000	0.0000	0.0001	0.0001	0.0000	0.0001	0.0001	0.0000	0.0000	0.0000	0.0000	0.0000	0.0000	0.0000	0.0000	0.0000	0.0000	0.0000	0.0000	0.0000	0.0377	0.0325	0.0052	0.0179	0.0176	0.0003	0.0198	0.0149	0.0049	0.0000	0.0000	0.0000	0.0000	0.0000	0.0000	0.0000	0.0000	0.0000	0.0018	0.0021	0.0000	0.0038	0.0039	0.0000	0.0000	0.0000	0.0000				
26	52	0.2064	16	2	2	1	0	0	0	0	0	Y	Y	N	N	N	N	N	N	N	N	N	N	0.0000	0.0000	0.0000	0.0000	0.0000	0.0000	0.0000	0.0000	0.0000	0.0000	0.0000	0.0000	0.0000	0.0000	0.0000	0.0000	0.0000	0.0000	0.0033	0.0050	0.0000	0.0090	0.0096	0.0004	0.0000	0.0000	0.0000	0.0039	0.0000	-0.0001	2.0195	0.0001	15.0171	1.7968	0.0000	0.0000	0.0000	0.0000	0.0000	0.0000	0.0000	0.0000	0.0000	0.0002	0.0002	0.0000	0.0002	0.0002	0.0000	0.0000	0.0000	0.0000	0.0000	0.0000	0.0000	0.0000	0.0000	0.0000	0.0000	0.0000	0.0000	0.0502	0.0330	0.0172	0.0185	0.0173	0.0012	0.0317	0.0158	0.0159	0.0000	0.0000	0.0000	0.0000	0.0000	0.0000	0.0000	0.0000	0.0000	0.0033	0.0050	0.0000	0.0090	0.0096	0.0004	0.0000	0.0000	0.0000	
26	53	0.1881	10	2	2	0	0	0	0	0	0	Y	Y	N	N	N	N	N	N	N	N	N	N	0.8919	0.3925	2.9656	1.6436	0.7837	44.7773	0.7450	0.3257	2.9267	0.0137	0.0003	0.1229	0.0023	0.0011	0.0390	0.0174	0.0000	0.1291	0.0153	0.0008	0.0414	0.0014	0.0014	0.0009	0.0233	0.0000	0.0441	50.8478	30.6587	0.0003	0.0005	2.0195	1.8240	15.0171	0.8872	0.0005	0.0000	0.0005	0.0000	0.0000	0.0000	0.0004	0.0000	0.0004	0.0011	0.0000	0.0011	0.0000	0.0000	0.0000	0.0011	0.0000	0.0011	0.0339	0.0302	0.0037	0.0083	0.0081	0.0003	0.0256	0.0221	0.0034	0.0748	0.0480	0.0268	0.0272	0.0256	0.0017	0.0475	0.0224	0.0251	0.8919	0.3925	2.9656	1.6436	0.7837	44.7773	0.7450	0.3257	2.9267	0.0153	0.0008	0.0414	0.0014	0.0014	0.0009	0.0233	0.0000	0.0441
26	54	0.1309	10	1	2	0	1	0	0	0	0	N	Y	N	N	N	N	N	N	N	N	N	N	0.0000	0.0000	0.0000	0.0000	0.0000	0.0000	0.0000	0.0000	0.0000	0.0000	0.0000	0.0000	0.0000	0.0000	0.0000	0.0000	0.0000	0.0007	0.0010	0.0003	0.0024	0.0023	0.0046	0.0000	0.0000	0.0000	0.1625	0.0000	-0.0000	2.0195	0.0007	15.0171	4.7762	0.0000	0.0000	0.0000	0.0000	0.0000	0.0000	0.0000	0.0000	0.0000	0.0001	0.0001	0.0000	0.0001	0.0001	0.0000	0.0000	0.0000	0.0000	0.0000	0.0000	0.0000	0.0000	0.0000	0.0000	0.0000	0.0000	0.0000	0.1140	0.0714	0.0426	0.0327	0.0305	0.0022	0.0813	0.0408	0.0404	0.0000	0.0000	0.0000	0.0000	0.0000	0.0000	0.0000	0.0000	0.0000	0.0007	0.0010	0.0003	0.0024	0.0023	0.0046	0.0000	0.0000	0.0000		
26	55	0.1309	10	1	1	0	1	0	0	0	0	N	N	N	N	N	N	N	N	N	N	N	N	0.0000	0.0000	0.0000	0.0000	0.0000	0.0000	0.0000	0.0000	0.0000	0.0000	0.0000	0.0000	0.0000	0.0000	0.0000	0.0000	0.0000	0.0023	0.0028	0.0013	0.0064	0.0064	0.0068	0.0005	0.0000	0.0011	0.2698	0.0000	-0.0001	2.0195	0.0007	15.0171	3.2259	0.0000	0.0000	0.0000	0.0000	0.0000	0.0000	0.0000	0.0000	0.0000	0.0002	0.0001	0.0000	0.0002	0.0001	0.0000	0.0000	0.0000	0.0000	0.0000	0.0000	0.0000	0.0000	0.0000	0.0000	0.0000	0.0000	0.0000	0.0826	0.0527	0.0299	0.0248	0.0233	0.0015	0.0578	0.0294	0.0284	0.0000	0.0000	0.0000	0.0000	0.0000	0.0000	0.0000	0.0000	0.0000	0.0023	0.0028	0.0013	0.0064	0.0064	0.0068	0.0005	0.0000	0.0011		
26	56	0.1265	9	1	1	0	1	0	0	0	0	N	N	N	N	N	N	N	N	N	N	N	N	0.0000	0.0000	0.0000	0.0000	0.0000	0.0000	0.0000	0.0000	0.0000	0.0000	0.0000	0.0000	0.0000	0.0000	0.0000	0.0000	0.0000	0.0000	0.0000	0.0000	0.0001	0.0001	0.0000	0.0000	0.0000	0.0000	0.1165	0.0000	-0.0000	2.0195	0.9953	15.0171	1.3904	0.0000	0.0000	0.0000	0.0000	0.0000	0.0000	0.0000	0.0000	0.0000	0.0000	0.0000	0.0000	0.0000	0.0000	0.0000	0.0000	0.0000	0.0000	0.0151	0.0132	0.0019	0.0023	0.0022	0.0001	0.0128	0.0110	0.0018	0.0637	0.0415	0.0223	0.0196	0.0185	0.0011	0.0441	0.0229	0.0212	0.0000	0.0000	0.0000	0.0000	0.0000	0.0000	0.0000	0.0000	0.0000	0.0000	0.0000	0.0000	0.0001	0.0001	0.0000	0.0000	0.0000	0.0000		
26	57	0.1198	8	1	1	0	1	0	0	0	0	N	N	N	N	N	N	N	N	N	N	N	N	0.0000	0.0000	0.0000	0.0000	0.0000	0.0000	0.0000	0.0000	0.0000	0.0000	0.0000	0.0000	0.0000	0.0000	0.0000	0.0000	0.0000	0.0000	0.0001	0.0000	0.0001	0.0001	0.0000	0.0000	0.0000	0.0000	0.0144	-0.0000	-0.0000	2.0195	0.0068	15.0171	3.2797	0.0000	0.0000	0.0000	0.0000	0.0000	0.0000	0.0000	0.0000	0.0000	0.0000	0.0000	0.0000	0.0000	0.0000	0.0000	0.0000	0.0000	0.0000	0.0001	0.0001	0.0000	0.0000	0.0000	0.0000	0.0001	0.0001	0.0000	0.0810	0.0494	0.0317	0.0236	0.0221	0.0015	0.0575	0.0273	0.0302	0.0000	0.0000	0.0000	0.0000	0.0000	0.0000	0.0000	0.0000	0.0000	0.0000	0.0001	0.0000	0.0001	0.0001	0.0000	0.0000	0.0000	0.0000		
26	58	0.0787	7	1	1	0	1	0	0	0	0	N	N	N	N	N	N	N	N	N	N	N	N	0.2113	1.1282	0.0002	2.2390	2.2347	0.9812	0.0000	0.0273	0.0000	0.0331	0.0377	0.0001	0.1944	0.2027	0.0010	0.0000	0.0000	0.0000	0.1566	0.0334	0.3306	0.0868	0.0907	0.0010	0.1769	0.0000	0.3386	0.0002	6.9987	-0.0012	0.0236	2.0195	5.8573	15.0171	13.1443	0.0033	0.0033	0.0000	0.0033	0.0033	0.0000	0.0000	0.0000	0.0000	0.0711	0.0089	0.0622	0.0089	0.0089	0.0000	0.0622	0.0000	0.0622	0.0990	0.0868	0.0122	0.0169	0.0162	0.0007	0.0822	0.0707	0.0115	0.4538	0.2657	0.1881	0.1024	0.0979	0.0045	0.3514	0.1678	0.1836	0.2113	1.1282	0.0002	2.2390	2.2347	0.9812	0.0000	0.0273	0.0000	0.1566	0.0334	0.3306	0.0868	0.0907	0.0010	0.1769	0.0000	0.3386
26	59	0.2065	17	1	2	1	0	0	0	0	0	N	Y	N	N	N	N	N	N	N	N	N	N	0.0000	0.0000	0.0000	0.0000	0.0000	0.0000	0.0000	0.0000	0.0000	0.0000	0.0000	0.0000	0.0000	0.0000	0.0000	0.0000	0.0000	0.0000	0.0052	0.0070	0.0018	0.0148	0.0142	0.0220	0.0000	0.0000	0.0000	0.1321	0.0000	-0.0003	2.0195	0.9979	15.0171	4.0614	0.0000	0.0000	0.0000	0.0000	0.0000	0.0000	0.0000	0.0000	0.0000	0.0007	0.0006	0.0001	0.0007	0.0006	0.0001	0.0000	0.0000	0.0000	0.0150	0.0131	0.0019	0.0027	0.0026	0.0001	0.0123	0.0105	0.0018	0.1265	0.0838	0.0428	0.0446	0.0412	0.0034	0.0819	0.0426	0.0393	0.0000	0.0000	0.0000	0.0000	0.0000	0.0000	0.0000	0.0000	0.0000	0.0052	0.0070	0.0018	0.0148	0.0142	0.0220	0.0000	0.0000	0.0000	
26	60	0.1981	16	1	2	0	0	0	0	0	0	N	Y	N	N	N	N	N	N	N	N	N	N	0.5496	0.5198	0.0000	3.6799	6.2556	0.0000	0.0000	0.0000	0.0000	0.0026	0.0029	0.0000	0.0147	0.0153	0.0000	0.0000	0.0000	0.0000	0.0047	0.0056	0.0027	0.0040	0.0024	0.0242	0.0050	0.0087	0.0011	0.0000	0.2508	-0.0000	-0.0002	2.0195	2.2356	15.0171	2.2044	0.0001	0.0001	0.0000	0.0001	0.0001	0.0000	0.0000	0.0000	0.0000	0.0005	0.0004	0.0001	0.0002	0.0001	0.0001	0.0004	0.0003	0.0000	0.0347	0.0303	0.0044	0.0060	0.0058	0.0002	0.0287	0.0245	0.0042	0.1104	0.0728	0.0376	0.0385	0.0358	0.0027	0.0719	0.0370	0.0349	0.5496	0.5198	0.0000	3.6799	6.2556	0.0000	0.0000	0.0000	0.0000	0.0047	0.0056	0.0027	0.0040	0.0024	0.0242	0.0050	0.0087	0.0011
26	61	0.1775	14	2	1	1	0	0	0	0	0	Y	N	N	N	N	N	N	N	N	N	N	N	0.0000	0.0000	0.0000	0.0000	0.0000	0.0000	0.0000	0.0000	0.0000	0.0000	0.0000	0.0000	0.0000	0.0000	0.0000	0.0000	0.0000	0.0000	0.0025	0.0040	0.0000	0.0091	0.0101	0.0000	0.0000	0.0000	0.0000	0.0003	0.0000	-0.0002	2.0195	2.0703	15.0171	7.0012	0.0000	0.0000	0.0000	0.0000	0.0000	0.0000	0.0000	0.0000	0.0000	0.0004	0.0004	0.0000	0.0004	0.0004	0.0000	0.0000	0.0000	0.0000	0.0323	0.0283	0.0040	0.0071	0.0068	0.0003	0.0253	0.0215	0.0037	0.1781	0.1091	0.0690	0.0485	0.0438	0.0047	0.1296	0.0653	0.0644	0.0000	0.0000	0.0000	0.0000	0.0000	0.0000	0.0000	0.0000	0.0000	0.0025	0.0040	0.0000	0.0091	0.0101	0.0000	0.0000	0.0000	0.0000	
26	62	0.1759	13	1	1	0	0	0	0	0	0	N	N	N	N	N	N	N	N	N	N	N	N	0.0000	0.0000	0.0000	0.0000	0.0000	0.0000	0.0000	0.0000	0.0000	0.0000	0.0000	0.0000	0.0000	0.0000	0.0000	0.0000	0.0000	0.0000	0.0200	0.0006	0.0506	0.0014	0.0011	0.0038	0.0272	0.0003	0.0540	49.5172	0.0000	0.0002	2.0195	0.9285	15.0171	0.0280	0.0000	0.0000	0.0000	0.0000	0.0000	0.0000	0.0000	0.0000	0.0000	0.0004	0.0000	0.0004	0.0000	0.0000	0.0000	0.0004	0.0000	0.0004	0.0142	0.0124	0.0018	0.0029	0.0028	0.0001	0.0112	0.0096	0.0016	0.0199	0.0122	0.0077	0.0055	0.0050	0.0005	0.0143	0.0071	0.0072	0.0000	0.0000	0.0000	0.0000	0.0000	0.0000	0.0000	0.0000	0.0000	0.0200	0.0006	0.0506	0.0014	0.0011	0.0038	0.0272	0.0003	0.0540	
26	63	0.1381	8	2	2	0	0	0	0	0	0	Y	Y	N	N	N	N	N	N	N	N	N	N	0.0001	0.0000	23.0229	0.0000	0.0000	0.4574	1.1388	0.0000	78.2386	0.0000	0.0000	0.0001	0.0000	0.0000	0.0000	0.0000	0.0000	0.0001	0.1820	0.2850	0.0000	0.5928	0.6405	0.0001	0.0000	0.0000	0.0000	4.8364	0.0000	0.0000	-0.0089	2.0195	1.0023	15.0171	3.0135	0.0000	0.0000	0.0000	0.0000	0.0000	0.0000	0.0000	0.0000	0.0000	0.0165	0.0165	0.0000	0.0165	0.0165	0.0000	0.0000	0.0000	0.0000	0.0155	0.0135	0.0020	0.0024	0.0022	0.0001	0.0131	0.0112	0.0019	0.0904	0.0577	0.0327	0.0278	0.0257	0.0021	0.0626	0.0320	0.0306	0.0001	0.0000	23.0229	0.0000	0.0000	0.4574	1.1388	0.0000	78.2386	0.1820	0.2850	0.0000	0.5928	0.6405	0.0001	0.0000	0.0000	0.0000
26	64	0.1118	7	2	2	0	0	0	0	0	0	Y	Y	N	N	N	N	N	N	N	N	N	N	2.1372	45.1749	0.4038	5.3939	5.1840	1.1299	1.9205	177.7372	0.4059	0.1129	0.1216	0.0529	0.0277	0.0287	0.0005	0.1340	0.1475	0.0562	0.0528	0.0027	0.1310	0.0051	0.0055	0.0004	0.0698	0.0008	0.1385	0.0629	31.2209	-0.0021	0.0059	2.0195	3.0820	15.0171	9.3392	0.0064	0.0060	0.0004	0.0003	0.0003	0.0000	0.0061	0.0057	0.0004	0.0138	0.0004	0.0134	0.0004	0.0003	0.0000	0.0135	0.0001	0.0134	0.0568	0.0496	0.0072	0.0112	0.0108	0.0004	0.0455	0.0388	0.0068	0.2621	0.1596	0.1024	0.0686	0.0631	0.0056	0.1934	0.0966	0.0969	2.1372	45.1749	0.4038	5.3939	5.1840	1.1299	1.9205	177.7372	0.4059	0.0528	0.0027	0.1310	0.0051	0.0055	0.0004	0.0698	0.0008	0.1385
26	65	0.1981	16	1	2	0	0	0	0	0	0	N	Y	N	N	N	N	N	N	N	N	N	N	0.5793	0.4284	0.0000	1.0903	1.0451	0.0000	0.0000	0.0000	0.0000	0.0031	0.0036	0.0000	0.0175	0.0182	0.0000	0.0000	0.0000	0.0000	0.0054	0.0084	0.0000	0.0161	0.0174	0.0000	0.0000	0.0000	0.0000	0.0000	0.0003	-0.0000	-0.0005	2.0195	1.7946	15.0171	5.9592	0.0001	0.0001	0.0000	0.0001	0.0001	0.0000	0.0000	0.0000	0.0000	0.0010	0.0010	0.0000	0.0010	0.0010	0.0000	0.0000	0.0000	0.0000	0.0283	0.0247	0.0036	0.0051	0.0049	0.0002	0.0233	0.0199	0.0034	0.1768	0.1141	0.0627	0.0595	0.0548	0.0047	0.1173	0.0593	0.0580	0.5793	0.4284	0.0000	1.0903	1.0451	0.0000	0.0000	0.0000	0.0000	0.0054	0.0084	0.0000	0.0161	0.0174	0.0000	0.0000	0.0000	0.0000
26	66	0.1913	15	1	2	0	0	0	0	0	0	N	Y	N	N	N	N	N	N	N	N	N	N	221.0717	180.0028	67.1627	398.7005	425.7534	3.9418	27.9319	0.0000	232.5117	0.2901	0.3300	0.0310	1.4574	1.5062	0.0200	0.0050	0.0000	0.0315	0.0013	0.0018	0.0005	0.0037	0.0035	0.0051	0.0002	0.0002	0.0001	0.0144	0.1540	-0.0025	-0.0000	2.0195	1.3569	15.0171	2.0560	0.0068	0.0067	0.0001	0.0067	0.0067	0.0000	0.0001	0.0000	0.0001	0.0001	0.0001	0.0000	0.0001	0.0001	0.0000	0.0000	0.0000	0.0000	0.0236	0.0204	0.0031	0.0046	0.0045	0.0002	0.0190	0.0160	0.0030	0.0800	0.0496	0.0304	0.0261	0.0241	0.0020	0.0539	0.0255	0.0284	221.0717	180.0028	67.1627	398.7005	425.7534	3.9418	27.9319	0.0000	232.5117	0.0013	0.0018	0.0005	0.0037	0.0035	0.0051	0.0002	0.0002	0.0001
26	67	0.1779	14	1	2	0	0	0	0	0	0	N	Y	N	N	N	N	N	N	N	N	N	N	5799.7140	12204.8310	131.0033	7386.1126	19830.0941	27.7849	142.2163	2.2943	469.6742	10.0313	11.7482	0.3950	35.2619	40.1184	0.8914	0.0397	0.0001	0.2449	0.0017	0.0010	0.0030	0.0048	0.0020	0.0321	0.0003	0.0000	0.0005	0.0060	1.8689	-0.3672	0.0000	2.0195	4.9477	15.0171	2.0153	0.9789	0.9731	0.0058	0.9762	0.9731	0.0031	0.0028	0.0000	0.0028	0.0003	0.0001	0.0002	0.0002	0.0001	0.0001	0.0000	0.0000	0.0000	0.0976	0.0828	0.0148	0.0277	0.0243	0.0034	0.0699	0.0586	0.0113	0.1468	0.0920	0.0549	0.0474	0.0430	0.0043	0.0994	0.0489	0.0505	5799.7140	12204.8310	131.0033	7386.1126	19830.0941	27.7849	142.2163	2.2943	469.6742	0.0017	0.0010	0.0030	0.0048	0.0020	0.0321	0.0003	0.0000	0.0005
26	68	0.1009	8	1	1	1	0	0	0	0	0	N	N	N	N	N	N	N	N	N	N	N	N	0.0000	0.0000	0.0000	0.0000	0.0000	0.0000	0.0000	0.0000	0.0000	0.0000	0.0000	0.0000	0.0000	0.0000	0.0000	0.0005	0.0008	0.0000	0.0020	0.0022	0.0000	0.0000	0.0000	0.0000	0.0000	0.0000	-0.0000	2.0195	0.0000	15.0171	4.0001	0.0000	0.0000	0.0000	0.0000	0.0000	0.0000	0.0000	0.0000	0.0000	0.0000	0.0000	0.0000	0.0000	0.0000	0.0000	0.0000	0.0000	0.0000	0.0000	0.0000	0.0000	0.0000	0.0000	0.0000	0.0000	0.0000	0.0000	0.0852	0.0509	0.0343	0.0201	0.0183	0.0018	0.0651	0.0327	0.0324	0.0000	0.0000	0.0000	0.0000	0.0000	0.0000	0.0000	0.0000	0.0000	0.0005	0.0008	0.0000	0.0020	0.0022	0.0000	0.0000	0.0000	0.0000				
26	69	0.0787	7	1	1	0	0	0	0	0	0	N	N	N	N	N	N	N	N	N	N	N	N	0.0024	0.0134	0.0006	0.0228	0.0228	0.0000	0.0002	0.0075	0.0006	0.0005	0.0006	0.0003	0.0022	0.0023	0.0000	0.0000	0.0000	0.0003	0.2181	0.0425	0.4697	0.0985	0.1024	0.0024	0.2589	0.0000	0.4811	0.0641	7.7070	-0.0000	0.0240	2.0195	2.8240	15.0171	8.9883	0.0000	0.0000	0.0000	0.0000	0.0000	0.0000	0.0000	0.0000	0.0000	0.0702	0.0081	0.0622	0.0081	0.0081	0.0000	0.0622	0.0000	0.0622	0.0560	0.0494	0.0066	0.0125	0.0120	0.0005	0.0435	0.0374	0.0062	0.3221	0.1897	0.1324	0.0820	0.0788	0.0032	0.2402	0.1110	0.1292	0.0024	0.0134	0.0006	0.0228	0.0228	0.0000	0.0002	0.0075	0.0006	0.2181	0.0425	0.4697	0.0985	0.1024	0.0024	0.2589	0.0000	0.4811
26	70	0.0697	6	1	1	0	0	0	0	0	0	N	N	N	N	N	N	N	N	N	N	N	N	0.0001	0.0009	0.0000	0.0043	0.0038	0.2861	0.0000	0.0000	0.0000	0.0003	0.0003	0.0003	0.0029	0.0026	0.0109	0.0000	0.0000	0.0000	4.4278	0.3619	10.4257	0.6792	0.6880	0.0381	6.1731	0.0003	10.5376	0.1566	19.5311	-0.0000	0.3778	2.0195	1.4521	15.0171	3.5882	0.0000	0.0000	0.0000	0.0000	0.0000	0.0000	0.0000	0.0000	0.0000	0.9253	0.0451	0.8802	0.0451	0.0451	0.0000	0.8802	0.0000	0.8802	0.0229	0.0199	0.0030	0.0025	0.0024	0.0001	0.0205	0.0175	0.0029	0.2090	0.1245	0.0844	0.0664	0.0655	0.0009	0.1426	0.0591	0.0835	0.0001	0.0009	0.0000	0.0043	0.0038	0.2861	0.0000	0.0000	0.0000	4.4278	0.3619	10.4257	0.6792	0.6880	0.0381	6.1731	0.0003	10.5376
26	71	0.0670	5	1	1	0	0	0	0	0	0	N	N	N	N	N	N	N	N	N	N	N	N	0.0172	0.0218	0.0012	0.0768	0.0772	0.0847	0.0001	0.0000	0.0003	0.0057	0.0065	0.0005	0.0378	0.0382	0.0164	0.0000	0.0000	0.0001	0.3318	0.2985	0.3827	0.4917	0.4942	0.1938	0.2386	0.0003	0.3842	0.0111	0.8381	-0.0000	-0.0037	2.0195	1.1783	15.0171	0.9542	0.0001	0.0001	0.0000	0.0001	0.0001	0.0000	0.0000	0.0000	0.0000	0.0425	0.0231	0.0194	0.0232	0.0231	0.0001	0.0193	0.0000	0.0193	0.0216	0.0188	0.0028	0.0033	0.0032	0.0001	0.0183	0.0156	0.0028	0.1279	0.0774	0.0506	0.0471	0.0467	0.0004	0.0808	0.0307	0.0502	0.0172	0.0218	0.0012	0.0768	0.0772	0.0847	0.0001	0.0000	0.0003	0.3318	0.2985	0.3827	0.4917	0.4942	0.1938	0.2386	0.0003	0.3842
26	72	0.0624	4	1	1	0	0	0	0	0	0	N	N	N	N	N	N	N	N	N	N	N	N	0.0169	0.0029	0.1189	0.0165	0.0161	0.1103	0.0293	0.0318	0.1195	0.0044	0.0008	0.0275	0.0091	0.0089	0.0142	0.0040	0.0000	0.0277	0.2628	0.2852	0.2312	0.5495	0.5548	0.1287	0.1371	0.0000	0.2322	5.1821	0.5737	0.0001	-0.0070	2.0195	2.0762	15.0171	1.4610	0.0001	0.0000	0.0001	0.0000	0.0000	0.0000	0.0001	0.0000	0.0001	0.0390	0.0248	0.0142	0.0248	0.0248	0.0001	0.0141	0.0000	0.0141	0.0332	0.0287	0.0045	0.0027	0.0027	0.0001	0.0304	0.0260	0.0044	0.1483	0.0868	0.0615	0.0452	0.0446	0.0006	0.1031	0.0422	0.0609	0.0169	0.0029	0.1189	0.0165	0.0161	0.1103	0.0293	0.0318	0.1195	0.2628	0.2852	0.2312	0.5495	0.5548	0.1287	0.1371	0.0000	0.2322
26	73	0.1029	6	1	1	0	0	0	0	0	0	N	N	N	N	N	N	N	N	N	N	N	N	0.4249	0.2997	0.0000	0.5795	0.5500	0.0000	0.0000	0.0000	0.0000	0.0049	0.0056	0.0000	0.0275	0.0285	0.0000	0.0000	0.0000	0.0000	0.0115	0.0187	0.0010	0.0475	0.0519	0.0010	0.0006	0.0002	0.0010	0.0000	0.0372	-0.0001	-0.0025	2.0195	4.0673	15.0171	17.8409	0.0003	0.0003	0.0000	0.0003	0.0003	0.0000	0.0000	0.0000	0.0000	0.0049	0.0047	0.0002	0.0047	0.0047	0.0000	0.0002	0.0000	0.0002	0.0703	0.0614	0.0090	0.0125	0.0121	0.0005	0.0578	0.0493	0.0085	0.4248	0.2520	0.1728	0.0990	0.0904	0.0086	0.3258	0.1617	0.1641	0.4249	0.2997	0.0000	0.5795	0.5500	0.0000	0.0000	0.0000	0.0000	0.0115	0.0187	0.0010	0.0475	0.0519	0.0010	0.0006	0.0002	0.0010
26	75	0.2396	10	1	1	0	0	0	0	0	0	N	N	N	N	N	N	N	N	N	N	N	N	0.4190	0.3235	1.1619	1.3637	1.2850	0.2228	0.2732	0.1621	1.1917	0.3453	0.3793	0.1070	0.3176	0.3334	0.0066	0.3624	0.4118	0.1244	0.8241	1.1727	0.0921	0.2329	0.2595	0.0297	1.3264	2.5406	0.1044	0.0402	0.0374	-0.0115	-0.6468	2.0195	3.5843	15.0171	46.7516	0.0336	0.0323	0.0013	0.0118	0.0117	0.0000	0.0218	0.0205	0.0013	1.2760	1.2300	0.0460	0.1656	0.1632	0.0024	1.1104	1.0668	0.0435	0.0972	0.0851	0.0121	0.0370	0.0352	0.0018	0.0602	0.0499	0.0103	1.5484	1.0488	0.4995	0.7112	0.6289	0.0823	0.8371	0.4199	0.4172	0.4190	0.3235	1.1619	1.3637	1.2850	0.2228	0.2732	0.1621	1.1917	0.8241	1.1727	0.0921	0.2329	0.2595	0.0297	1.3264	2.5406	0.1044
26	76	0.2048	16	2	2	1	0	0	0	0	0	Y	Y	N	N	N	N	N	N	N	N	N	N	0.0000	0.0000	0.0000	0.0000	0.0000	0.0000	0.0000	0.0000	0.0000	0.0000	0.0000	0.0000	0.0000	0.0001	0.0001	0.0000	0.0002	0.0002	0.0000	0.0000	0.0000	0.0000	0.0000	0.0000	-0.0000	2.0195	1.0003	15.0171	1.0071	0.0000	0.0000	0.0000	0.0000	0.0000	0.0000	0.0000	0.0000	0.0000	0.0000	0.0000	0.0000	0.0000	0.0000	0.0000	0.0000	0.0000	0.0000	0.0146	0.0128	0.0018	0.0035	0.0033	0.0002	0.0111	0.0095	0.0016	0.0393	0.0245	0.0148	0.0142	0.0128	0.0014	0.0251	0.0117	0.0134	0.0000	0.0000	0.0000	0.0000	0.0000	0.0000	0.0000	0.0000	0.0000	0.0001	0.0001	0.0000	0.0002	0.0002	0.0000	0.0000	0.0000	0.0000						
26	77	0.1980	15	2	1	1	0	0	0	0	0	Y	N	N	N	N	N	N	N	N	N	N	N	0.0000	0.0000	0.0000	0.0000	0.0000	0.0000	0.0000	0.0000	0.0000	0.0000	0.0000	0.0000	0.0000	0.0000	0.0000	0.0000	0.0000	0.0000	0.0060	0.0080	0.0000	0.0105	0.0116	0.0000	0.0000	0.0000	0.0000	0.0013	0.0000	-0.0007	2.0195	0.9901	15.0171	2.2068	0.0000	0.0000	0.0000	0.0000	0.0000	0.0000	0.0000	0.0000	0.0000	0.0013	0.0013	0.0000	0.0013	0.0013	0.0000	0.0000	0.0000	0.0000	0.0147	0.0128	0.0018	0.0035	0.0033	0.0002	0.0112	0.0095	0.0016	0.2110	0.1585	0.0524	0.1206	0.1090	0.0116	0.0904	0.0496	0.0408	0.0000	0.0000	0.0000	0.0000	0.0000	0.0000	0.0000	0.0000	0.0000	0.0060	0.0080	0.0000	0.0105	0.0116	0.0000	0.0000	0.0000	0.0000	
26	78	0.1204	7	1	2	0	0	0	0	0	0	N	Y	N	N	N	N	N	N	N	N	N	N	3.1624	43.4160	8.9579	128.1922	582.3694	0.0295	2.9539	7.4179	9.3449	7.1033	0.2643	54.9908	0.8078	0.8476	0.0022	9.0067	0.0669	60.2542	2.2462	0.0061	6.1388	0.0063	0.0015	0.0737	3.0490	0.0090	6.4478	29.7140	580.3038	0.6104	0.5492	2.0195	8.4371	15.0171	15.3349	1.0409	0.0339	1.0070	0.0275	0.0275	0.0000	1.0134	0.0064	1.0070	1.2061	0.0021	1.2041	0.0009	0.0002	0.0007	1.2052	0.0019	1.2034	0.1465	0.1282	0.0183	0.0340	0.0324	0.0016	0.1125	0.0958	0.0167	0.5370	0.3408	0.1961	0.1417	0.1322	0.0095	0.3953	0.2087	0.1866	3.1624	43.4160	8.9579	128.1922	582.3694	0.0295	2.9539	7.4179	9.3449	2.2462	0.0061	6.1388	0.0063	0.0015	0.0737	3.0490	0.0090	6.4478
26	79	0.1980	15	2	1	1	0	0	0	0	0	Y	N	N	N	N	N	N	N	N	N	N	N	0.1836	0.1476	0.0000	16.3780	15.4841	0.0000	0.0000	0.0000	0.0440	0.0502	0.0000	0.1871	0.1961	0.0000	0.0000	0.0000	0.0000	0.2395	0.3399	0.0004	0.0114	0.0127	0.0000	0.4500	0.8862	0.0005	0.0000	0.0005	-0.0007	-0.0400	2.0195	3.0096	15.0171	5.7427	0.0019	0.0019	0.0000	0.0019	0.0019	0.0000	0.0000	0.0000	0.0000	0.0737	0.0737	0.0000	0.0017	0.0017	0.0000	0.0721	0.0720	0.0000	0.0437	0.0383	0.0054	0.0103	0.0098	0.0005	0.0334	0.0285	0.0049	0.3079	0.2168	0.0910	0.1478	0.1333	0.0145	0.1601	0.0835	0.0766	0.1836	0.1476	0.0000	16.3780	15.4841	0.0000	0.0000	0.0000	0.0000	0.2395	0.3399	0.0004	0.0114	0.0127	0.0000	0.4500	0.8620	0.0005	
26	80	0.1824	14	2	1	1	0	0	0	0	0	Y	N	N	N	N	N	N	N	N	N	N	N	0.0000	0.0000	0.0000	0.0000	0.0000	0.0000	0.0000	0.0000	0.0000	0.0000	0.0000	0.0000	0.0000	0.0000	0.0000	0.0000	0.0000	0.0000	0.0044	0.0045	0.0042	0.0081	0.0087	0.0012	0.0027	0.0010	0.0044	0.5465	0.0000	-0.0001	2.0195	1.0477	15.0171	6.1154	0.0000	0.0000	0.0000	0.0000	0.0000	0.0000	0.0000	0.0000	0.0000	0.0007	0.0005	0.0002	0.0004	0.0004	0.0000	0.0003	0.0001	0.0002	0.0172	0.0152	0.0020	0.0045	0.0044	0.0002	0.0127	0.0109	0.0018	0.1601	0.1008	0.0594	0.0504	0.0465	0.0039	0.1097	0.0542	0.0555	0.0000	0.0000	0.0000	0.0000	0.0000	0.0000	0.0000	0.0000	0.0000	0.0044	0.0045	0.0042	0.0081	0.0087	0.0012	0.0027	0.0010	0.0044	
26	81	0.1759	13	1	1	0	0	0	0	0	0	N	N	N	N	N	N	N	N	N	N	N	N	0.0000	0.0000	0.0000	0.0000	0.0000	0.0000	0.0000	0.0000	0.0000	0.0000	0.0000	0.0000	0.0000	0.0000	0.0000	0.0000	0.0000	0.0000	0.0023	0.0033	0.0007	0.0073	0.0081	0.0001	0.0004	0.0001	0.0008	0.1378	0.0000	-0.0001	2.0195	1.9794	15.0171	1.0196	0.0000	0.0000	0.0000	0.0000	0.0000	0.0000	0.0000	0.0000	0.0000	0.0001	0.0001	0.0000	0.0001	0.0001	0.0000	0.0000	0.0000	0.0000	0.0298	0.0261	0.0037	0.0061	0.0058	0.0003	0.0237	0.0202	0.0034	0.0604	0.0370	0.0234	0.0165	0.0149	0.0016	0.0439	0.0220	0.0219	0.0000	0.0000	0.0000	0.0000	0.0000	0.0000	0.0000	0.0000	0.0000	0.0023	0.0033	0.0007	0.0073	0.0081	0.0001	0.0004	0.0001	0.0008	
26	82	0.1738	12	1	1	0	0	0	0	0	0	N	N	N	N	N	N	N	N	N	N	N	N	0.0111	0.0114	0.0000	0.0230	0.0231	0.0000	0.0000	0.0000	0.0000	0.0000	0.0000	0.0001	0.0001	0.0000	0.0000	0.0000	0.0000	0.0010	0.0011	0.0008	0.0025	0.0026	0.0015	0.0004	0.0000	0.0007	0.0030	0.4643	-0.0000	-0.0000	2.0195	1.0114	15.0171	0.0202	0.0000	0.0000	0.0000	0.0000	0.0000	0.0000	0.0000	0.0000	0.0000	0.0000	0.0000	0.0000	0.0000	0.0000	0.0000	0.0000	0.0000	0.0000	0.0153	0.0134	0.0019	0.0029	0.0027	0.0001	0.0124	0.0106	0.0018	0.0219	0.0134	0.0085	0.0061	0.0055	0.0005	0.0158	0.0078	0.0080	0.0111	0.0114	0.0000	0.0230	0.0231	0.0000	0.0000	0.0000	0.0000	0.0010	0.0011	0.0008	0.0025	0.0026	0.0015	0.0004	0.0000	0.0007	
26	83	0.1532	11	1	1	0	0	0	0	0	0	N	N	N	N	N	N	N	N	N	N	N	N	5.2888	0.7177	13283.2897	1.4152	1.3298	331.8239	4225.0136	0.0000	14587.8098	0.4145	0.0925	2.6650	0.3896	0.3995	0.1050	0.4212	0.0000	2.8176	0.0784	0.1289	0.0002	0.2753	0.3005	0.0003	0.0001	0.0000	0.0002	4.1225	0.0010	0.0176	-0.0090	2.0195	5.9223	15.0171	3.6882	0.0416	0.0081	0.0335	0.0082	0.0081	0.0001	0.0334	0.0000	0.0334	0.0167	0.0167	0.0000	0.0167	0.0167	0.0000	0.0000	0.0000	0.0000	0.1003	0.0877	0.0126	0.0210	0.0203	0.0007	0.0793	0.0674	0.0118	0.2128	0.1293	0.0835	0.0605	0.0555	0.0051	0.1523	0.0738	0.0785	5.2888	0.7177	13283.2897	1.4152	1.3298	331.8239	4225.0136	0.0000	14587.8098	0.0784	0.1289	0.0002	0.2753	0.3005	0.0003	0.0001	0.0000	0.0002
26	84	0.1403	9	1	2	0	0	0	0	0	0	N	Y	N	N	N	N	N	N	N	N	N	N	2.4678	0.0106	1065616.2288	0.0145	0.0149	0.2468	163950.0412	151.4325	2287683.8040	9.1870	0.0633	71.5485	0.2313	0.2465	0.0002	11.3315	0.0153	78.9529	3.7227	6.0003	0.0001	15.9153	16.4983	0.0007	0.0001	0.0001	0.0000	165.3355	0.0000	0.6158	-1.5427	2.0195	7.1084	15.0171	28.8937	1.0047	0.0060	0.9987	0.0049	0.0049	0.0000	0.9998	0.0012	0.9987	2.8413	2.8413	0.0000	2.8413	2.8413	0.0000	0.0000	0.0000	0.0000	0.1094	0.0954	0.0140	0.0211	0.0198	0.0013	0.0882	0.0756	0.0126	0.7632	0.4735	0.2897	0.1855	0.1722	0.0132	0.5778	0.3013	0.2765	2.4678	0.0106	1065616.2288	0.0151	0.0149	0.2468	163950.0412	151.4325	2287683.8040	3.7227	6.0003	0.0001	15.3201	16.4983	0.0007	0.0001	0.0001	0.0000
26	85	0.1328	8	1	2	0	0	0	0	0	0	N	Y	N	N	N	N	N	N	N	N	N	N	1.0201	1.5571	0.1098	1.5162	1.5523	0.1308	0.3477	327.0833	0.1284	0.9739	1.0833	0.1681	2.0797	2.1974	0.0029	0.2539	0.2637	0.2036	0.9547	0.6957	1.5304	1.3716	1.4156	0.0220	0.7303	0.0008	1.5860	0.0211	0.9893	-0.0207	-0.0104	2.0195	2.2208	15.0171	3.9129	0.0576	0.0564	0.0012	0.0485	0.0485	0.0000	0.0091	0.0079	0.0012	0.2282	0.1147	0.1135	0.1147	0.1146	0.0001	0.1135	0.0001	0.1134	0.0591	0.0520	0.0071	0.0233	0.0221	0.0013	0.0358	0.0300	0.0058	0.2390	0.1649	0.0741	0.0836	0.0810	0.0026	0.1554	0.0839	0.0715	1.0201	1.5571	0.1098	1.5162	1.5523	0.1308	0.3477	327.0833	0.1284	0.9547	0.6957	1.5304	1.3716	1.4156	0.0220	0.7303	0.0008	1.5860
26	86	0.2083	10	1	1	1	0	0	0	0	0	N	N	N	N	N	N	N	N	N	N	N	N	0.0280	1.1364	0.0000	2.6578	2.4828	0.4590	0.0010	7.5640	0.0000	0.0991	0.1126	0.0004	0.4734	0.4929	0.0056	0.0052	0.0060	0.0001	3.5370	0.0991	8.9404	0.1781	0.1985	0.0123	5.2768	0.0008	9.8903	0.0005	57.3998	-0.0034	0.4389	2.0195	5.3425	15.0171	7.0749	0.0090	0.0090	0.0000	0.0086	0.0086	0.0000	0.0004	0.0004	0.0000	0.9977	0.0171	0.9806	0.0171	0.0170	0.0001	0.9806	0.0001	0.9805	0.0908	0.0799	0.0109	0.0182	0.0175	0.0007	0.0726	0.0624	0.0102	0.2821	0.1724	0.1097	0.0963	0.0857	0.0105	0.1858	0.0867	0.0991	0.0280	1.1364	0.0000	2.6578	2.4828	0.4590	0.0010	7.5640	0.0000	3.5370	0.0991	8.9404	0.1781	0.1985	0.0123	5.2768	0.0008	9.8903
26	87	0.1651	9	1	1	0	0	0	0	0	0	N	N	N	N	N	N	N	N	N	N	N	N	1.5046	1.7208	0.0013	2.8110	2.9968	1.5717	0.0024	1.0834	0.0001	6.6164	7.4890	0.0058	23.5438	25.0872	0.0366	0.0063	0.0072	0.0004	4.3975	4.3521	4.4797	8.3755	8.3712	0.0233	2.5832	0.0066	4.9130	0.0001	0.5689	-0.3478	-0.5162	2.0195	7.0719	15.0171	13.7350	0.9130	0.9129	0.0001	0.9124	0.9123	0.0001	0.0006	0.0006	0.0000	2.8624	1.8244	1.0380	1.8236	1.8231	0.0005	1.0387	0.0013	1.0375	0.1380	0.1219	0.0161	0.0388	0.0364	0.0024	0.0992	0.0855	0.0137	0.6509	0.4192	0.2317	0.2488	0.2282	0.0205	0.4021	0.1910	0.2112	1.5046	1.7208	0.0013	3.2119	3.1408	1.5717	0.0024	1.0834	0.0001	4.3975	4.3521	4.4797	7.3302	7.9875	0.0233	2.5832	0.0066	4.9130
26	88	0.2084	17	2	1	1	0	0	0	0	0	Y	N	N	N	N	N	N	N	N	N	N	N	0.0000	0.0000	0.0000	0.0000	0.0000	0.0000	0.0000	0.0000	0.0000	0.0000	0.0000	0.0000	0.0000	0.0000	0.0000	0.0000	0.0000	0.0000	0.0000	0.0000	2.0195	0.0000	15.0171	0.0000	0.0000	0.0000	0.0000	0.0000	0.0000	0.0000	0.0000	0.0000	0.0000	0.0000	0.0000	0.0000	0.0000	0.0000	0.0000	0.0000	0.0000	0.0000	0.0000	0.0000	0.0000	0.0000	0.0000	0.0000	0.0000	0.0000	0.0000	0.0000	0.0000	0.0000	0.0000	0.0000	0.0000	0.0000	0.0000	0.0000	0.0000	0.0000	0.0000	0.0000	0.0000	0.0000	0.0000	0.0000	0.0000	0.0000	0.0000	0.0000	0.0000	0.0000	0.0000	0.0000	0.0000	0.0000											
26	89	0.2064	16	2	1	1	0	0	0	0	0	Y	N	N	N	N	N	N	N	N	N	N	N	0.0000	0.0000	0.0000	0.0000	0.0000	0.0000	0.0000	0.0000	0.0000	0.0000	0.0000	0.0000	0.0000	0.0000	0.0000	0.0000	0.0000	0.0000	0.0012	0.0001	0.0036	0.0016	0.0001	0.0315	0.0009	0.0000	0.0018	24.2230	0.0000	0.0000	2.0195	0.0001	15.0171	0.9161	0.0000	0.0000	0.0000	0.0000	0.0000	0.0000	0.0000	0.0000	0.0000	0.0000	0.0000	0.0000	0.0000	0.0000	0.0000	0.0000	0.0000	0.0000	0.0000	0.0000	0.0000	0.0000	0.0000	0.0000	0.0000	0.0000	0.0000	0.0331	0.0225	0.0106	0.0132	0.0125	0.0006	0.0199	0.0100	0.0099	0.0000	0.0000	0.0000	0.0000	0.0000	0.0000	0.0000	0.0000	0.0000	0.0012	0.0001	0.0036	0.0016	0.0001	0.0315	0.0009	0.0000	0.0018	
26	90	0.1816	15	2	1	1	0	0	0	0	0	Y	N	N	N	N	N	N	N	N	N	N	N	0.2082	0.0272	61.1135	0.0257	0.0251	0.0488	23.0315	134.7395	73.1249	0.0105	0.0022	0.0678	0.0040	0.0042	0.0001	0.0124	0.0015	0.0766	0.0505	0.0797	0.0011	0.1537	0.1686	0.0018	0.0005	0.0000	0.0010	4.5582	0.0082	0.0003	-0.0066	2.0195	3.7876	15.0171	7.8440	0.0006	0.0001	0.0005	0.0001	0.0001	0.0000	0.0006	0.0001	0.0005	0.0123	0.0122	0.0001	0.0122	0.0122	0.0000	0.0001	0.0000	0.0001	0.0617	0.0539	0.0079	0.0136	0.0127	0.0009	0.0481	0.0412	0.0070	0.2439	0.1534	0.0905	0.0796	0.0725	0.0071	0.1642	0.0809	0.0834	0.2082	0.0272	61.1135	0.0257	0.0251	0.0488	23.0315	134.7395	73.1249	0.0505	0.0797	0.0011	0.1537	0.1686	0.0018	0.0005	0.0000	0.0010
26	91	0.0924	5	1	2	0	1	0	0	0	0	N	Y	N	N	N	N	N	N	N	N	N	N	0.0011	0.0007	0.0994	0.0332	0.0312	0.5063	0.0001	0.0001	0.0745	0.0030	0.0034	0.0001	0.0121	0.0124	0.0005	0.0004	0.0004	0.0001	2.8013	4.7437	0.0007	0.3656	0.3981	0.0009	3.5630	7.3013	0.0007	0.0031	0.0001	-0.0000	-0.5992	2.0195	1.8247	15.0171	16.3284	0.0001	0.0001	0.0000	0.0001	0.0001	0.0000	0.0000	0.0000	0.0000	1.1039	1.1038	0.0001	0.0343	0.0343	0.0000	1.0696	1.0694	0.0001	0.0369	0.0324	0.0045	0.0082	0.0080	0.0002	0.0287	0.0244	0.0043	0.3941	0.2327	0.1614	0.0939	0.0862	0.0077	0.3002	0.1465	0.1537	0.0011	0.0007	0.0994	0.0332	0.0312	0.5063	0.0001	0.0001	0.0745	2.8013	4.7437	0.0007	0.3656	0.3981	0.0009	3.5630	7.3013	0.0007
26	92	0.1029	6	1	2	0	0	0	0	0	0	N	Y	N	N	N	N	N	N	N	N	N	N	37.1745	12.7540	70223.3789	31.6585	30.0874	2365.3910	187.2001	0.0000	84060.4820	0.0268	0.0155	0.1029	0.0898	0.0935	0.0115	0.0156	0.0000	0.1081	0.0007	0.0012	0.0000	0.0028	0.0031	0.0000	0.0001	0.0002	0.0000	0.9883	0.0008	0.0004	-0.0002	2.0195	9.1310	15.0171	16.1726	0.0038	0.0019	0.0019	0.0019	0.0019	0.0000	0.0019	0.0000	0.0019	0.0003	0.0003	0.0000	0.0003	0.0003	0.0000	0.0000	0.0000	0.0000	0.1424	0.1240	0.0184	0.0215	0.0205	0.0010	0.1209	0.1035	0.0175	0.4822	0.2861	0.1961	0.1117	0.1019	0.0098	0.3705	0.1842	0.1863	37.1745	12.7540	70223.3789	31.6585	30.0874	2365.3910	187.2001	0.0000	84060.4820	0.0007	0.0012	0.0000	0.0028	0.0031	0.0000	0.0001	0.0002	0.0000
26	93	0.0831	6	1	2	0	0	0	0	0	0	N	Y	N	N	N	N	N	N	N	N	N	N	0.0301	0.0688	0.0001	0.2304	0.2352	0.0051	0.0000	3.3093	0.0000	0.0032	0.0037	0.0000	0.0290	0.0299	0.0006	0.0000	0.0000	0.0000	0.1075	0.0541	0.1891	0.1258	0.1273	0.1078	0.1005	0.0000	0.1937	0.0006	2.2866	-0.0001	0.0060	2.0195	4.0959	15.0171	8.7137	0.0002	0.0002	0.0000	0.0002	0.0002	0.0000	0.0000	0.0000	0.0000	0.0394	0.0120	0.0274	0.0128	0.0120	0.0008	0.0266	0.0000	0.0266	0.0665	0.0576	0.0089	0.0074	0.0072	0.0002	0.0591	0.0504	0.0086	0.3664	0.2214	0.1450	0.1020	0.0941	0.0078	0.2644	0.1273	0.1371	0.0301	0.0688	0.0001	0.2304	0.2352	0.0051	0.0000	3.3093	0.0000	0.1075	0.0541	0.1891	0.1258	0.1273	0.1078	0.1005	0.0000	0.1937
26	94	0.0648	5	1	2	0	0	0	0	0	0	N	Y	N	N	N	N	N	N	N	N	N	N	0.1696	0.4145	0.0035	1.0827	1.0768	0.6585	0.0000	0.0000	0.0000	0.0649	0.0748	0.0023	0.5576	0.5665	0.1306	0.0000	0.0000	0.0000	0.3823	0.1804	0.6566	0.5150	0.5261	0.1983	0.3485	0.0014	0.6641	0.0048	2.6813	-0.0012	0.0167	2.0195	2.9443	15.0171	6.1524	0.0033	0.0033	0.0000	0.0033	0.0033	0.0000	0.0000	0.0000	0.0000	0.0900	0.0245	0.0656	0.0247	0.0243	0.0003	0.0654	0.0001	0.0652	0.0506	0.0437	0.0069	0.0059	0.0058	0.0001	0.0447	0.0379	0.0068	0.2354	0.1356	0.0999	0.0479	0.0462	0.0016	0.1876	0.0893	0.0982	0.1696	0.4145	0.0035	1.0827	1.0768	0.6585	0.0000	0.0000	0.0000	0.3823	0.1804	0.6566	0.5150	0.5261	0.1983	0.3485	0.0014	0.6641
26	95	0.0624	4	1	1	0	0	0	0	0	0	N	N	N	N	N	N	N	N	N	N	N	N	0.0004	0.0267	0.0000	0.1265	0.1352	0.0045	0.0000	0.0002	0.0000	0.0028	0.0031	0.0009	0.0251	0.0255	0.0067	0.0001	0.0000	0.0008	7.4545	0.1155	24.6686	0.1983	0.1886	1.5079	11.4225	0.0104	21.4193	0.0440	107.6646	-0.0000	0.3913	2.0195	0.8596	15.0171	1.2300	0.0000	0.0000	0.0000	0.0000	0.0000	0.0000	0.0000	0.0000	0.0000	0.8737	0.0080	0.8656	0.0082	0.0077	0.0005	0.8654	0.0003	0.8652	0.0147	0.0127	0.0020	0.0016	0.0015	0.0000	0.0131	0.0111	0.0020	0.1172	0.0696	0.0476	0.0414	0.0411	0.0004	0.0758	0.0285	0.0472	0.0004	0.0267	0.0000	0.1265	0.1352	0.0052	0.0000	0.0002	0.0000	7.4545	0.1155	18.1907	0.1983	0.1886	1.2880	11.4225	0.0104	18.3220
26	96	0.0505	3	1	1	0	0	0	0	0	0	N	N	N	N	N	N	N	N	N	N	N	N	0.5682	0.4878	0.2395	1.2588	1.2713	0.0022	0.1027	6.0786	0.2441	0.1663	0.1898	0.0417	0.7455	0.7574	0.0003	0.0126	0.0052	0.0426	0.2927	0.3891	0.1741	0.5922	0.5957	0.1287	0.1222	0.0009	0.1744	0.0414	0.3640	-0.0050	-0.0306	2.0195	3.7737	15.0171	2.5241	0.0146	0.0140	0.0006	0.0137	0.0137	0.0000	0.0009	0.0003	0.0006	0.1109	0.0813	0.0296	0.0814	0.0813	0.0001	0.0295	0.0001	0.0295	0.0876	0.0737	0.0139	0.0184	0.0181	0.0003	0.0692	0.0556	0.0136	0.3791	0.2090	0.1701	0.1375	0.1364	0.0010	0.2416	0.0726	0.1690	0.5682	0.4878	0.2395	1.2588	1.2713	0.0022	0.1027	6.0786	0.2441	0.2927	0.3891	0.1741	0.5922	0.5957	0.1287	0.1222	0.0009	0.1744
26	98	0.1816	15	1	2	0	0	0	0	0	0	N	Y	N	N	N	N	N	N	N	N	N	N	0.0035	0.0009	0.0175	0.0726	0.0729	0.0052	0.0031	0.0004	0.0198	0.0250	0.0051	0.1682	0.0066	0.0071	0.0001	0.0334	0.0041	0.2061	7.2029	5.7811	9.5962	0.0914	0.0979	0.0267	10.6067	10.7976	10.4212	4.5582	0.9861	0.0003	-0.0927	2.0195	1.3608	15.0171	12.1483	0.0006	0.0001	0.0005	0.0001	0.0001	0.0000	0.0006	0.0001	0.0005	1.9955	1.0047	0.9908	0.0082	0.0080	0.0002	1.9873	0.9968	0.9906	0.0260	0.0228	0.0032	0.0081	0.0075	0.0006	0.0178	0.0153	0.0026	0.2770	0.1738	0.1032	0.0897	0.0815	0.0082	0.1874	0.0923	0.0951	0.0035	0.0009	0.0175	0.0726	0.0729	0.0052	0.0031	0.0004	0.0198	7.2029	5.7811	9.5962	0.0914	0.0979	0.0267	10.6067	10.7976	10.4212
26	99	0.1779	14	1	1	0	0	0	0	0	0	N	N	N	N	N	N	N	N	N	N	N	N	3.7382	3.3209	6.9957	13.2583	14.5992	2.8891	3.5221	1.7375	10.3189	0.2468	0.1313	0.7984	0.1237	0.1441	0.0070	0.3404	0.1211	1.2673	0.0660	0.0395	0.1141	0.0093	0.0099	0.0024	0.0966	0.0697	0.1228	1.2732	1.5892	0.0021	0.0003	2.0195	1.5300	15.0171	0.7696	0.0120	0.0053	0.0067	0.0026	0.0026	0.0000	0.0094	0.0027	0.0067	0.0038	0.0015	0.0024	0.0002	0.0002	0.0000	0.0037	0.0013	0.0024	0.0484	0.0400	0.0084	0.0209	0.0178	0.0031	0.0275	0.0223	0.0053	0.0582	0.0375	0.0207	0.0204	0.0189	0.0015	0.0378	0.0186	0.0192	3.7382	3.3209	6.9957	13.2583	14.5992	2.8891	3.5221	1.7375	10.3189	0.0660	0.0395	0.1141	0.0093	0.0099	0.0024	0.0966	0.0697	0.1228
26	100	0.1691	13	1	1	0	0	0	0	0	0	N	N	N	N	N	N	N	N	N	N	N	N	97.7460	163.7724	59.2592	189.0783	201.2293	25.1393	72.8321	416.4078	63.4701	0.3571	0.3569	0.3584	0.7695	0.8352	0.0849	0.2523	0.2268	0.3998	0.0037	0.0022	0.0060	0.0041	0.0042	0.0034	0.0035	0.0005	0.0063	0.1569	1.7084	-0.0051	0.0000	2.0195	3.6906	15.0171	1.4800	0.0209	0.0181	0.0028	0.0092	0.0091	0.0001	0.0118	0.0090	0.0028	0.0004	0.0001	0.0002	0.0001	0.0001	0.0000	0.0003	0.0000	0.0002	0.0587	0.0507	0.0079	0.0119	0.0109	0.0010	0.0468	0.0399	0.0069	0.1083	0.0671	0.0413	0.0339	0.0304	0.0035	0.0744	0.0367	0.0377	97.7460	163.7724	59.2592	189.0783	201.2293	25.1393	72.8321	416.4078	63.4701	0.0037	0.0022	0.0060	0.0041	0.0042	0.0034	0.0035	0.0005	0.0063
26	101	0.1691	12	1	1	0	0	0	0	0	0	N	N	N	N	N	N	N	N	N	N	N	N	16.1888	16.4518	22.3803	10.8333	11.7989	1.8616	23.4040	14277.0390	42.5752	0.3371	0.2632	0.6672	0.2939	0.3534	0.0018	0.3949	0.1376	1.4170	0.0208	0.0160	0.0298	0.0271	0.0299	0.0009	0.0169	0.0000	0.0333	0.5673	0.9997	-0.0000	-0.0000	2.0195	0.1361	15.0171	0.4500	0.0023	0.0015	0.0008	0.0012	0.0012	0.0000	0.0012	0.0003	0.0008	0.0004	0.0002	0.0002	0.0002	0.0002	0.0000	0.0002	0.0000	0.0002	0.0069	0.0056	0.0013	0.0040	0.0033	0.0007	0.0030	0.0024	0.0006	0.0173	0.0112	0.0060	0.0067	0.0060	0.0006	0.0106	0.0052	0.0054	16.1888	16.4518	22.3803	10.8333	11.7989	1.8616	23.4040	14277.0390	42.5752	0.0208	0.0160	0.0298	0.0271	0.0299	0.0009	0.0169	0.0000	0.0333
26	102	0.1532	11	1	1	0	0	0	0	0	0	N	N	N	N	N	N	N	N	N	N	N	N	5.8594	0.1359	974.0505	0.1796	0.1555	105.9892	297.2384	35985.5510	989.8180	0.5186	0.0194	4.0639	0.0541	0.0509	0.1606	0.6679	0.0078	4.2966	0.0885	0.1428	0.0042	0.3010	0.3274	0.0015	0.0022	0.0000	0.0043	29.4840	0.0188	0.0203	-0.0085	2.0195	3.5591	15.0171	4.5341	0.0347	0.0011	0.0336	0.0009	0.0008	0.0001	0.0338	0.0003	0.0335	0.0163	0.0160	0.0003	0.0160	0.0160	0.0000	0.0003	0.0000	0.0003	0.0669	0.0587	0.0083	0.0163	0.0158	0.0005	0.0507	0.0429	0.0078	0.1839	0.1119	0.0720	0.0531	0.0488	0.0043	0.1308	0.0631	0.0677	5.8594	0.1359	974.0505	0.1796	0.1555	105.9892	297.2384	35985.5510	989.8180	0.0885	0.1428	0.0042	0.3010	0.3274	0.0015	0.0022	0.0000	0.0043
26	103	0.1315	10	1	1	0	0	0	0	0	0	N	N	N	N	N	N	N	N	N	N	N	N	5.0965	0.0047	34866.5035	0.0120	0.0097	40.3186	14310.6197	13.2655	52037.7266	16.9946	0.0269	124.8377	0.1397	0.1197	1.1462	20.8856	0.0018	128.2598	3.3346	5.7757	0.0036	11.6068	12.3890	0.0284	0.0015	0.0001	0.0025	729.7838	0.0005	0.5707	-0.5086	2.0195	2.8937	15.0171	8.0733	0.9242	0.0013	0.9229	0.0014	0.0012	0.0002	0.9228	0.0001	0.9227	0.9375	0.9371	0.0004	0.9373	0.9371	0.0001	0.0003	0.0000	0.0003	0.0544	0.0470	0.0074	0.0102	0.0100	0.0002	0.0442	0.0370	0.0072	0.2812	0.1623	0.1189	0.0808	0.0756	0.0051	0.2004	0.0866	0.1138	5.0965	0.0047	34866.5035	0.0120	0.0097	40.3186	14310.6197	13.2655	52037.7266	3.3346	5.7757	0.0036	11.6068	12.3890	0.0284	0.0015	0.0001	0.0025
26	104	0.1263	6	1	2	0	0	0	0	0	0	N	Y	N	N	N	N	N	N	N	N	N	N	0.0086	0.0129	0.0000	0.0178	0.0172	0.0000	0.0000	0.0000	0.0000	0.0001	0.0001	0.0000	0.0002	0.0002	0.0000	0.0000	0.0000	0.0000	0.0066	0.0051	0.0113	0.0096	0.0101	0.0002	0.0046	0.0001	0.0123	0.0000	0.7201	-0.0000	-0.0001	2.0195	0.0277	15.0171	1.3445	0.0000	0.0000	0.0000	0.0000	0.0000	0.0000	0.0000	0.0000	0.0000	0.0004	0.0002	0.0002	0.0002	0.0002	0.0000	0.0002	0.0000	0.0002	0.0007	0.0006	0.0001	0.0002	0.0002	0.0000	0.0005	0.0004	0.0001	0.0619	0.0467	0.0152	0.0246	0.0233	0.0013	0.0373	0.0234	0.0139	0.0086	0.0129	0.0000	0.0178	0.0172	0.0000	0.0000	0.0000	0.0000	0.0066	0.0051	0.0113	0.0096	0.0101	0.0002	0.0046	0.0001	0.0123
26	105	0.0796	5	1	2	0	0	0	0	0	0	N	Y	N	N	N	N	N	N	N	N	N	N	0.4757	0.4977	0.0035	0.4910	0.4879	0.0656	0.5166	3.8065	0.0020	0.0029	0.0033	0.0000	0.0096	0.0101	0.0001	0.0015	0.0017	0.0000	0.0061	0.0067	0.0052	0.0195	0.0206	0.0019	0.0029	0.0005	0.0053	0.0008	0.5437	-0.0001	-0.0005	2.0195	5.1414	15.0171	16.4151	0.0002	0.0002	0.0000	0.0001	0.0001	0.0000	0.0001	0.0001	0.0000	0.0027	0.0017	0.0009	0.0017	0.0017	0.0000	0.0010	0.0001	0.0009	0.0815	0.0708	0.0107	0.0143	0.0136	0.0007	0.0672	0.0572	0.0100	0.4389	0.2586	0.1803	0.0852	0.0801	0.0051	0.3537	0.1785	0.1752	0.4757	0.4977	0.0035	0.4910	0.4879	0.0656	0.5166	3.8065	0.0020	0.0061	0.0067	0.0052	0.0195	0.0206	0.0019	0.0029	0.0005	0.0053
26	106	0.0714	4	1	1	0	0	0	0	0	0	N	N	N	N	N	N	N	N	N	N	N	N	3.0519	6.7039	0.0079	5.1878	5.2692	0.3228	2.6823	58.4426	0.0073	0.1798	0.2076	0.0008	0.3471	0.3646	0.0015	0.1502	0.1765	0.0008	0.0589	0.0310	0.1028	0.0669	0.0692	0.0047	0.0560	0.0030	0.1052	0.0006	2.1152	-0.0043	0.0013	2.0195	3.8974	15.0171	1.6364	0.0112	0.0112	0.0000	0.0033	0.0033	0.0000	0.0080	0.0080	0.0000	0.0097	0.0031	0.0066	0.0030	0.0029	0.0000	0.0068	0.0002	0.0066	0.0625	0.0541	0.0084	0.0094	0.0089	0.0005	0.0531	0.0452	0.0080	0.1651	0.1008	0.0643	0.0441	0.0426	0.0016	0.1209	0.0582	0.0627	3.0519	6.7039	0.0079	5.1878	5.2692	0.3228	2.6823	58.4426	0.0073	0.0589	0.0310	0.1028	0.0669	0.0692	0.0047	0.0560	0.0030	0.1052
26	109	0.1618	11	2	2	0	1	0	0	0	0	Y	Y	N	N	N	N	N	N	N	N	N	N	0.0000	0.0000	0.0000	0.0000	0.0000	0.0000	0.0000	0.0000	0.0000	0.0000	0.0000	0.0000	0.0000	0.0000	0.0000	0.0000	0.0000	0.0000	0.0000	0.0000	2.0195	0.0000	15.0171	0.0000	0.0000	0.0000	0.0000	0.0000	0.0000	0.0000	0.0000	0.0000	0.0000	0.0000	0.0000	0.0000	0.0000	0.0000	0.0000	0.0000	0.0000	0.0000	0.0000	0.0000	0.0000	0.0000	0.0000	0.0000	0.0000	0.0000	0.0000	0.0000	0.0000	0.0000	0.0000	0.0000	0.0000	0.0000	0.0000	0.0000	0.0000	0.0000	0.0000	0.0000	0.0000	0.0000	0.0000	0.0000	0.0000	0.0000	0.0000	0.0000	0.0000	0.0000	0.0000	0.0000	0.0000	0.0000											
26	110	0.1469	10	2	2	0	1	0	0	0	0	Y	Y	N	N	N	N	N	N	N	N	N	N	0.0000	0.0000	0.0000	0.0000	0.0000	0.0000	0.0000	0.0000	0.0000	0.0000	0.0000	0.0000	0.0000	0.0000	0.0000	0.0000	0.0000	0.0015	0.0002	0.0035	0.0049	0.0005	0.0444	0.0001	0.0000	0.0002	11.7072	0.0000	0.0001	2.0195	0.0000	15.0171	7.1240	0.0000	0.0000	0.0000	0.0000	0.0000	0.0000	0.0000	0.0000	0.0000	0.0003	0.0000	0.0002	0.0002	0.0000	0.0002	0.0000	0.0000	0.0000	0.0000	0.0000	0.0000	0.0000	0.0000	0.0000	0.0000	0.0000	0.0000	0.1647	0.0973	0.0674	0.0490	0.0441	0.0050	0.1157	0.0533	0.0624	0.0000	0.0000	0.0000	0.0000	0.0000	0.0000	0.0000	0.0000	0.0000	0.0015	0.0002	0.0035	0.0049	0.0005	0.0444	0.0001	0.0000	0.0002		
26	111	0.1558	12	1	2	0	1	0	0	0	0	N	Y	N	N	N	N	N	N	N	N	N	N	25164046.1626	34409357.2201	0.0000	32784670.5172	38188432.5256	0.0000	0.0000	0.0000	0.0000	16.6959	18.5863	0.0000	42.0682	42.2446	0.0000	0.0000	0.0000	0.0000	0.0000	0.0000	0.0000	0.0000	0.0000	0.0000	0.0000	0.0000	0.0000	0.0000	1.0724	-0.0005	-0.0000	2.0195	0.0016	15.0171	5.0076	0.0014	0.0014	0.0000	0.0014	0.0014	0.0000	0.0000	0.0000	0.0000	0.0000	0.0000	0.0000	0.0000	0.0000	0.0000	0.0000	0.0000	0.0000	0.0001	0.0001	0.0000	0.0000	0.0000	0.0000	0.0001	0.0000	0.0000	0.1121	0.0665	0.0457	0.0344	0.0302	0.0042	0.0778	0.0363	0.0415	25164046.1626	34409357.2201	0.0000	32784670.5172	38188432.5256	0.0000	0.0000	0.0000	0.0000	0.0000	0.0000	0.0000	0.0000	0.0000	0.0000	0.0000	0.0000	0.0000
26	112	0.1490	11	1	2	0	1	0	0	0	0	N	Y	N	N	N	N	N	N	N	N	N	N	541.7763	0.0000	5989.5991	0.0000	0.0000	0.0000	2300.4967	8740.3502	0.0960	0.0000	0.7291	0.0000	0.0000	0.0000	0.1105	0.0000	0.7624	0.0002	0.0002	0.0001	0.0005	0.0005	0.0006	0.0000	0.0000	0.0001	inf	0.3901	0.0009	-0.0000	2.0195	1.0012	15.0171	2.1373	0.0014	0.0000	0.0014	0.0000	0.0000	0.0000	0.0014	0.0000	0.0014	0.0000	0.0000	0.0000	0.0000	0.0000	0.0000	0.0000	0.0000	0.0000	0.0148	0.0128	0.0019	0.0019	0.0019	0.0001	0.0128	0.0110	0.0019	0.0786	0.0465	0.0321	0.0244	0.0221	0.0022	0.0542	0.0244	0.0298	541.7763	0.0000	5989.5991	0.0000	0.0000	0.0000	2300.4967	0.0000	8740.3502	0.0002	0.0002	0.0001	0.0005	0.0005	0.0006	0.0000	0.0000	0.0001	
26	113	0.1573	11	1	2	0	0	0	0	0	0	N	Y	N	N	N	N	N	N	N	N	N	N	0.0000	0.0000	0.0000	0.0000	0.0000	0.0000	0.0000	0.0000	0.0000	0.0000	0.0000	0.0000	0.0000	0.0000	0.0000	0.0000	0.0000	0.0000	0.0001	0.0001	0.0000	0.0003	0.0003	0.0002	0.0000	0.0000	0.0000	0.1213	0.0000	-0.0000	2.0195	0.9705	15.0171	5.0371	0.0000	0.0000	0.0000	0.0000	0.0000	0.0000	0.0000	0.0000	0.0000	0.0000	0.0000	0.0000	0.0000	0.0000	0.0000	0.0000	0.0000	0.0000	0.0168	0.0147	0.0021	0.0034	0.0033	0.0001	0.0134	0.0114	0.0019	0.1369	0.0818	0.0550	0.0413	0.0370	0.0043	0.0956	0.0449	0.0507	0.0000	0.0000	0.0000	0.0000	0.0000	0.0000	0.0000	0.0000	0.0000	0.0001	0.0001	0.0000	0.0003	0.0003	0.0002	0.0000	0.0000	0.0000	
26	114	0.1490	11	1	1	1	1	0	0	0	0	N	N	N	N	N	N	N	N	N	N	N	N	0.0000	0.0000	0.0000	0.0000	0.0000	0.0000	0.0000	0.0000	0.0000	0.0000	0.0000	0.0000	0.0000	0.0000	0.0000	0.0001	0.0000	0.0003	0.0001	0.0000	0.0016	0.0001	0.0000	0.0002	inf	0.0000	0.0000	2.0195	0.0000	15.0171	1.1303	0.0000	0.0000	0.0000	0.0000	0.0000	0.0000	0.0000	0.0000	0.0000	0.0000	0.0000	0.0000	0.0000	0.0000	0.0000	0.0000	0.0000	0.0000	0.0000	0.0000	0.0000	0.0000	0.0000	0.0000	0.0000	0.0000	0.0000	0.0342	0.0204	0.0138	0.0117	0.0109	0.0008	0.0225	0.0096	0.0130	0.0000	0.0000	0.0000	0.0000	0.0000	0.0000	0.0000	0.0000	0.0000	0.0001	0.0000	0.0003	0.0001	0.0000	0.0016	0.0001	0.0000	0.0002				
26	115	0.1469	10	1	1	0	1	0	0	0	0	N	N	N	N	N	N	N	N	N	N	N	N	0.0000	0.0000	0.0000	0.0000	0.0000	0.0000	0.0000	0.0000	0.0000	0.0000	0.0000	0.0000	0.0000	0.0000	0.0000	0.0000	0.0000	0.0000	0.0002	0.0002	0.0002	0.0004	0.0003	0.0013	0.0001	0.0000	0.0002	0.9893	0.0000	-0.0000	2.0195	0.0000	15.0171	1.2340	0.0000	0.0000	0.0000	0.0000	0.0000	0.0000	0.0000	0.0000	0.0000	0.0000	0.0000	0.0000	0.0000	0.0000	0.0000	0.0000	0.0000	0.0000	0.0000	0.0000	0.0000	0.0000	0.0000	0.0000	0.0000	0.0000	0.0000	0.0372	0.0223	0.0149	0.0127	0.0118	0.0009	0.0245	0.0105	0.0140	0.0000	0.0000	0.0000	0.0000	0.0000	0.0000	0.0000	0.0000	0.0000	0.0002	0.0002	0.0002	0.0004	0.0003	0.0013	0.0001	0.0000	0.0002	
26	116	0.1544	11	1	1	1	1	0	0	0	0	N	N	N	N	N	N	N	N	N	N	N	N	0.0006	3202.5142	0.0000	6.4543	7659.1984	0.0000	0.0000	0.0000	0.0000	0.0129	0.0147	0.0000	0.0716	0.0738	0.0000	0.0000	0.0000	0.0000	20.7134	0.0000	111.9171	0.0111	0.0000	0.1062	30.4883	0.0000	120.9855	0.0000	7392831.4731	-0.0001	0.4436	2.0195	0.9725	15.0171	0.9874	0.0002	0.0002	0.0000	0.0002	0.0002	0.0000	0.0000	0.0000	0.0000	0.9707	0.0000	0.9707	0.0002	0.0000	0.0002	0.9705	0.0000	0.9705	0.0158	0.0139	0.0020	0.0029	0.0028	0.0001	0.0130	0.0111	0.0019	0.0469	0.0285	0.0183	0.0150	0.0135	0.0016	0.0318	0.0151	0.0168	0.0006	3202.5142	0.0000	6.4543	7659.1984	0.0000	0.0000	0.0000	0.0000	20.7134	0.0000	52.9643	0.0111	0.0000	0.1062	30.4883	0.0000	57.9096
26	117	0.1544	11	1	1	1	1	0	0	0	0	N	N	N	N	N	N	N	N	N	N	N	N	0.0153	0.0000	61314.9742	0.0006	0.0000	63273.3381	4.7388	0.0000	64689.9184	0.0037	0.0000	0.0425	0.0004	0.0000	0.0783	0.0060	0.0000	0.0416	0.2417	0.4013	0.0000	0.7718	0.8665	0.0000	0.0013	0.0027	0.0000	784.5600	0.0000	0.0000	-0.0121	2.0195	0.0285	15.0171	4.0215	0.0000	0.0000	0.0000	0.0000	0.0000	0.0000	0.0000	0.0000	0.0000	0.0223	0.0223	0.0000	0.0223	0.0223	0.0000	0.0001	0.0001	0.0000	0.0016	0.0015	0.0001	0.0007	0.0006	0.0000	0.0009	0.0008	0.0001	0.0924	0.0557	0.0368	0.0288	0.0257	0.0032	0.0636	0.0300	0.0336	0.0153	0.0000	61314.9742	0.0006	0.0000	63273.3381	4.7388	0.0000	64689.9184	0.2417	0.4013	0.0000	0.7718	0.8665	0.0000	0.0013	0.0027	0.0000
26	118	0.1469	10	1	1	1	1	0	0	0	0	N	N	N	N	N	N	N	N	N	N	N	N	0.0045	2.2716	0.0000	15.6421	21.6008	0.0000	0.0000	0.0000	0.0000	0.0008	0.0009	0.0000	0.0062	0.0065	0.0000	0.0000	0.0000	0.0000	0.1803	0.0004	0.4407	0.0004	0.0003	0.0013	0.2581	0.0005	0.4751	0.0000	740.7394	-0.0000	0.0101	2.0195	3.0275	15.0171	2.1573	0.0000	0.0000	0.0000	0.0000	0.0000	0.0000	0.0000	0.0000	0.0000	0.0223	0.0000	0.0222	0.0000	0.0000	0.0000	0.0223	0.0000	0.0222	0.0443	0.0384	0.0058	0.0058	0.0056	0.0003	0.0384	0.0329	0.0056	0.1235	0.0731	0.0505	0.0373	0.0337	0.0037	0.0862	0.0394	0.0468	0.0045	2.2716	0.0000	15.6421	21.6008	0.0000	0.0000	0.0000	0.0000	0.1803	0.0004	0.4407	0.0004	0.0003	0.0013	0.2581	0.0005	0.4751
26	119	0.1881	10	2	2	0	0	0	0	0	0	Y	Y	N	N	N	N	N	N	N	N	N	N	0.0395	0.0000	17.5837	0.0015	0.0001	40.0887	4.5328	0.0000	17.3013	0.0117	0.0000	0.1044	0.0013	0.0001	0.0384	0.0148	0.0000	0.1093	0.2948	0.4645	0.0059	0.8680	0.9413	0.0010	0.0033	0.0000	0.0063	886.2839	0.0075	0.0003	-0.0191	2.0195	2.1883	15.0171	3.1271	0.0005	0.0000	0.0005	0.0000	0.0000	0.0000	0.0004	0.0000	0.0004	0.0357	0.0355	0.0003	0.0355	0.0355	0.0000	0.0003	0.0000	0.0003	0.0391	0.0348	0.0044	0.0092	0.0089	0.0003	0.0299	0.0258	0.0041	0.1212	0.0764	0.0448	0.0409	0.0377	0.0032	0.0803	0.0387	0.0416	0.0395	0.0000	17.5837	0.0015	0.0001	40.0887	4.5328	0.0000	17.3013	0.2948	0.4645	0.0059	0.8680	0.9413	0.0010	0.0033	0.0000	0.0063
26	120	0.1212	9	2	2	0	0	0	0	0	0	Y	Y	N	N	N	N	N	N	N	N	N	N	2.9206	22.3123	9.3346	67.5476	64.3670	166.4180	2.4606	4.4535	9.1779	4.5985	0.0560	35.1642	0.3897	0.3894	0.3991	5.2210	0.0002	36.2988	1.5745	0.0025	3.7671	0.0058	0.0060	0.0024	2.1218	0.0000	3.9550	93.3345	1076.2692	0.5917	0.4552	2.0195	13.6104	15.0171	16.0982	0.9727	0.0103	0.9624	0.0106	0.0103	0.0003	0.9621	0.0000	0.9620	0.9981	0.0009	0.9972	0.0009	0.0009	0.0000	0.9972	0.0000	0.9971	0.2115	0.1842	0.0274	0.0273	0.0264	0.0009	0.1843	0.1578	0.0265	0.6339	0.3692	0.2647	0.1640	0.1514	0.0126	0.4700	0.2178	0.2521	2.9206	22.3123	9.3346	67.5476	64.3670	166.4180	2.4606	4.4535	9.1779	1.5745	0.0025	3.7671	0.0058	0.0060	0.0024	2.1218	0.0000	3.9550
26	121	0.1464	11	1	2	0	0	0	0	0	0	N	Y	N	N	N	N	N	N	N	N	N	N	10.0422	8.8692	0.0027	13.5232	12.2624	0.0118	0.0008	0.0002	0.0024	0.7342	0.8265	0.0001	1.8470	1.8672	0.0001	0.0000	0.0000	0.0001	0.0731	0.0932	0.0325	0.1366	0.1523	0.0043	0.0240	0.0107	0.0371	0.0000	0.1721	-0.0051	-0.0075	2.0195	0.3548	15.0171	4.6068	0.0134	0.0134	0.0000	0.0134	0.0134	0.0000	0.0000	0.0000	0.0000	0.0190	0.0162	0.0028	0.0155	0.0154	0.0001	0.0035	0.0008	0.0027	0.0182	0.0162	0.0020	0.0072	0.0072	0.0001	0.0110	0.0090	0.0020	0.2601	0.1741	0.0860	0.1135	0.1014	0.0120	0.1467	0.0727	0.0740	10.0422	8.8692	0.0027	13.5232	12.2624	0.0118	0.0008	0.0002	0.0024	0.0731	0.0932	0.0325	0.1366	0.1523	0.0043	0.0240	0.0107	0.0371
26	122	0.1315	10	1	2	0	0	0	0	0	0	N	Y	N	N	N	N	N	N	N	N	N	N	0.2448	4.9795	0.2277	10.0953	9.8213	0.2956	0.0671	0.4869	0.2239	1.1861	0.9731	2.5311	3.6331	3.6849	0.0302	0.4559	0.0081	2.5920	4.8457	0.1954	11.1174	0.3599	0.3752	0.1023	6.7986	0.0167	11.5760	0.4119	42.1804	-0.0039	0.4372	2.0195	1.6911	15.0171	5.7022	0.0438	0.0310	0.0128	0.0309	0.0309	0.0000	0.0130	0.0002	0.0128	1.0076	0.0233	0.9842	0.0227	0.0223	0.0004	0.9849	0.0010	0.9839	0.0370	0.0319	0.0051	0.0085	0.0084	0.0001	0.0285	0.0235	0.0049	0.2079	0.1194	0.0885	0.0631	0.0595	0.0035	0.1449	0.0599	0.0850	0.2448	4.9795	0.2277	10.0953	9.8213	0.2956	0.0671	0.4869	0.2239	4.8457	0.1954	11.1174	0.3599	0.3752	0.1023	6.7986	0.0167	11.5760
26	123	0.1212	9	1	1	0	0	0	0	0	0	N	N	N	N	N	N	N	N	N	N	N	N	10.6243	9.5939	32.8004	19.0783	18.4193	65.4815	7.8899	0.9865	32.5026	1.0201	0.4984	5.0286	1.7079	1.7260	0.0899	0.7818	0.0026	5.1536	0.0960	0.0519	0.1533	0.0895	0.0937	0.0014	0.0991	0.0027	0.1586	1.3134	2.2704	0.0100	0.0024	2.0195	2.0929	15.0171	3.1856	0.0536	0.0232	0.0304	0.0231	0.0231	0.0000	0.0305	0.0001	0.0304	0.0161	0.0049	0.0112	0.0048	0.0048	0.0000	0.0113	0.0001	0.0112	0.0526	0.0465	0.0061	0.0135	0.0134	0.0001	0.0390	0.0331	0.0059	0.1675	0.0947	0.0728	0.0537	0.0513	0.0024	0.1138	0.0434	0.0704	10.6243	9.5939	32.8004	19.0783	18.4193	65.4815	7.8899	0.9865	32.5026	0.0960	0.0519	0.1533	0.0895	0.0937	0.0014	0.0991	0.0027	0.1586
26	124	0.1619	12	2	2	0	0	0	0	0	0	Y	Y	N	N	N	N	N	N	N	N	N	N	0.0000	0.0000	0.0000	0.0000	0.0000	0.0000	0.0000	0.0000	0.0000	0.0000	0.0000	0.0000	0.0000	0.0000	0.0000	0.0000	0.0000	0.0000	0.0000	0.0000	2.0195	0.0000	15.0171	0.0000	0.0000	0.0000	0.0000	0.0000	0.0000	0.0000	0.0000	0.0000	0.0000	0.0000	0.0000	0.0000	0.0000	0.0000	0.0000	0.0000	0.0000	0.0000	0.0000	0.0000	0.0000	0.0000	0.0000	0.0000	0.0000	0.0000	0.0000	0.0000	0.0000	0.0000	0.0000	0.0000	0.0000	0.0000	0.0000	0.0000	0.0000	0.0000	0.0000	0.0000	0.0000	0.0000	0.0000	0.0000	0.0000	0.0000	0.0000	0.0000	0.0000	0.0000	0.0000	0.0000	0.0000	0.0000											
26	125	0.1573	11	2	2	0	0	0	0	0	0	Y	Y	N	N	N	N	N	N	N	N	N	N	0.0000	0.0000	0.0000	0.0000	0.0000	0.0000	0.0000	0.0000	0.0000	0.0000	0.0000	0.0000	0.0000	0.0000	0.0000	0.0000	0.0000	0.0000	0.0009	0.0015	0.0000	0.0029	0.0033	0.0000	0.0000	0.0000	0.0000	0.0012	0.0000	-0.0000	2.0195	0.1434	15.0171	1.9839	0.0000	0.0000	0.0000	0.0000	0.0000	0.0000	0.0000	0.0000	0.0000	0.0000	0.0000	0.0000	0.0000	0.0000	0.0000	0.0000	0.0000	0.0000	0.0046	0.0041	0.0005	0.0018	0.0017	0.0001	0.0028	0.0024	0.0004	0.0527	0.0320	0.0207	0.0166	0.0150	0.0016	0.0361	0.0170	0.0192	0.0000	0.0000	0.0000	0.0000	0.0000	0.0000	0.0000	0.0000	0.0000	0.0009	0.0015	0.0000	0.0029	0.0033	0.0000	0.0000	0.0000	0.0000	
26	126	0.1469	10	1	2	0	0	0	0	0	0	N	Y	N	N	N	N	N	N	N	N	N	N	0.0000	0.0000	0.0000	0.0000	0.0000	0.0000	0.0000	0.0000	0.0000	0.0000	0.0000	0.0000	0.0000	0.0000	0.0000	0.0000	0.0000	0.0000	0.0002	0.0004	0.0000	0.0008	0.0009	0.0000	0.0000	0.0000	0.0000	0.0015	0.0000	-0.0000	2.0195	1.8882	15.0171	2.9115	0.0000	0.0000	0.0000	0.0000	0.0000	0.0000	0.0000	0.0000	0.0000	0.0000	0.0000	0.0000	0.0000	0.0000	0.0000	0.0000	0.0000	0.0000	0.0278	0.0241	0.0036	0.0037	0.0035	0.0002	0.0241	0.0206	0.0035	0.1152	0.0682	0.0471	0.0350	0.0316	0.0034	0.0803	0.0366	0.0437	0.0000	0.0000	0.0000	0.0000	0.0000	0.0000	0.0000	0.0000	0.0000	0.0002	0.0004	0.0000	0.0008	0.0009	0.0000	0.0000	0.0000	0.0000	
26	127	0.1212	9	1	1	0	0	0	0	0	0	N	N	N	N	N	N	N	N	N	N	N	N	341.9597	242.6978	15.1189	487.3854	477.2675	2.6121	5.6163	1.2077	21.4352	0.3497	0.3975	0.0029	1.6766	1.7037	0.0040	0.0004	0.0000	0.0029	0.0010	0.0016	0.0002	0.0034	0.0036	0.0015	0.0001	0.0000	0.0001	0.0010	0.0864	-0.0098	-0.0002	2.0195	3.5543	15.0171	9.0319	0.0258	0.0258	0.0000	0.0258	0.0258	0.0000	0.0000	0.0000	0.0000	0.0003	0.0003	0.0000	0.0003	0.0003	0.0000	0.0000	0.0000	0.0000	0.0738	0.0648	0.0089	0.0154	0.0151	0.0002	0.0584	0.0497	0.0087	0.3180	0.1828	0.1353	0.0895	0.0839	0.0057	0.2285	0.0989	0.1296	341.9597	242.6978	15.1189	487.3854	477.2675	2.6121	5.6163	1.2077	21.4352	0.0010	0.0016	0.0002	0.0034	0.0036	0.0015	0.0001	0.0000	0.0001
26	128	0.1175	8	1	1	0	0	0	0	0	0	N	N	N	N	N	N	N	N	N	N	N	N	1421.2371	719.3602	20864.6699	1989.4311	2061.0352	3961.5952	5007.4994	30832.1309	23009.4848	1.7045	1.4510	3.3222	5.5524	5.8546	1.5805	0.5635	0.0155	3.5583	0.0012	0.0020	0.0002	0.0028	0.0028	0.0004	0.0001	0.0000	0.0002	0.3588	0.0621	-0.0112	-0.0001	2.0195	2.6246	15.0171	0.7212	0.0955	0.0703	0.0252	0.0711	0.0697	0.0014	0.0243	0.0006	0.0238	0.0002	0.0002	0.0000	0.0002	0.0002	0.0000	0.0000	0.0000	0.0000	0.0560	0.0484	0.0076	0.0128	0.0119	0.0009	0.0432	0.0365	0.0067	0.1875	0.1050	0.0825	0.0761	0.0745	0.0015	0.1114	0.0304	0.0810	1421.2371	719.3602	20864.6699	1989.4311	2061.0352	3961.5952	5007.4994	30832.1309	23009.4848	0.0012	0.0020	0.0002	0.0028	0.0028	0.0004	0.0001	0.0000	0.0002
26	129	0.1118	7	1	1	0	0	0	0	0	0	N	N	N	N	N	N	N	N	N	N	N	N	6523.9700	4709.7927	14049.9740	47751.8206	46457.0064	73853.5289	5.0215	2.0705	275.8904	15.2105	17.1846	1.6133	78.6038	80.6899	26.8522	0.0131	0.0105	0.0280	0.0023	0.0036	0.0001	0.0016	0.0017	0.0004	0.0026	0.0051	0.0001	0.0136	0.0187	-0.3394	-0.0001	2.0195	3.3474	15.0171	1.3769	0.9231	0.9107	0.0124	0.9225	0.9103	0.0122	0.0006	0.0004	0.0002	0.0003	0.0003	0.0000	0.0001	0.0001	0.0000	0.0002	0.0002	0.0000	0.0607	0.0530	0.0077	0.0117	0.0113	0.0005	0.0490	0.0417	0.0072	0.1145	0.0718	0.0427	0.0328	0.0307	0.0022	0.0817	0.0412	0.0405	6523.9700	4709.7927	14049.9740	47751.8206	46457.0064	73853.5289	5.0215	2.0705	275.8904	0.0023	0.0036	0.0001	0.0016	0.0017	0.0004	0.0026	0.0051	0.0001
26	130	0.1029	6	1	1	0	0	0	0	0	0	N	N	N	N	N	N	N	N	N	N	N	N	306.4194	276.9597	97.4657	540.3786	526.6396	491.2370	11.2621	0.0805	80.2364	0.3661	0.4018	0.0791	1.0498	1.0548	0.5550	0.0105	0.0001	0.0639	0.0012	0.0015	0.0008	0.0019	0.0020	0.0011	0.0009	0.0011	0.0008	0.0244	0.3735	-0.0022	-0.0000	2.0195	0.4686	15.0171	4.0374	0.0061	0.0060	0.0001	0.0060	0.0060	0.0000	0.0001	0.0000	0.0001	0.0001	0.0001	0.0000	0.0001	0.0001	0.0000	0.0001	0.0000	0.0000	0.0168	0.0149	0.0018	0.0057	0.0057	0.0001	0.0110	0.0092	0.0018	0.1045	0.0627	0.0418	0.0274	0.0255	0.0019	0.0772	0.0372	0.0400	306.4194	276.9597	97.4657	540.3786	526.6396	491.2370	11.2621	0.0805	80.2364	0.0012	0.0015	0.0008	0.0019	0.0020	0.0011	0.0009	0.0011	0.0008
27	28	0.1462	13	0	1	0	0	0	0	0	0	N	N	N	N	N	N	N	N	N	N	N	N	0.0000	0.0000	0.0000	0.0000	0.0000	0.0000	0.0000	0.0000	0.0000	0.0000	0.0000	0.0000	0.0000	0.0000	0.0000	0.0000	0.0000	0.0000	1.5904	2.2441	0.4369	4.4572	4.2997	0.0050	0.2470	0.0074	0.4557	0.1103	0.0000	-0.1246	1.6438	3.0409	3.3228	16.1393	0.0000	0.0000	0.0000	0.0000	0.0000	0.0000	0.0000	0.0000	0.0000	0.2808	0.2529	0.0279	0.2525	0.2525	0.0000	0.0283	0.0004	0.0279	0.0643	0.0582	0.0061	0.0220	0.0215	0.0004	0.0423	0.0366	0.0057	0.1765	0.1127	0.0639	0.0620	0.0594	0.0027	0.1145	0.0533	0.0612	0.0000	0.0000	0.0000	0.0000	0.0000	0.0000	0.0000	0.0000	0.0000	1.5904	2.2441	0.4369	4.0705	4.2526	0.0050	0.2470	0.0074	0.4557	
27	29	0.1413	13	0	1	0	0	0	0	0	0	N	N	N	N	N	N	N	N	N	N	N	N	0.0009	0.0000	0.0041	0.0000	0.0000	0.0000	0.0011	0.0000	0.0042	0.0022	0.0000	0.0227	0.0000	0.0000	0.0000	0.0033	0.0000	0.0241	2.4091	0.5861	5.5544	1.1342	1.1411	1.1463	3.0638	0.0048	5.7550	inf	5.4932	0.0001	0.1011	1.6438	4.0695	3.3228	11.0027	0.0002	0.0000	0.0002	0.0000	0.0000	0.0000	0.0002	0.0000	0.0002	0.3337	0.0514	0.2823	0.0533	0.0512	0.0021	0.2804	0.0002	0.2802	0.0860	0.0776	0.0084	0.0278	0.0273	0.0005	0.0582	0.0503	0.0079	0.1385	0.0877	0.0508	0.0470	0.0449	0.0021	0.0915	0.0428	0.0487	0.0009	0.0000	0.0041	0.0000	0.0000	0.0000	0.0011	0.0000	0.0042	2.4091	0.5861	5.5544	1.1342	1.1411	0.9894	3.0638	0.0048	5.7550
27	30	0.0513	6	0	1	1	1	0	0	0	0	N	N	N	N	N	N	N	N	N	N	N	N	0.0054	0.0104	0.0231	0.0298	0.0308	0.0000	0.0051	0.0000	0.0230	0.0011	0.0002	0.0115	0.0004	0.0004	0.0000	0.0015	0.0000	0.0117	0.2080	0.0153	0.4971	0.0128	0.0131	0.0008	0.3011	0.0178	0.5072	6.6669	21.6462	0.0000	0.0031	1.6438	0.0021	3.3228	3.0281	0.0000	0.0000	0.0000	0.0000	0.0000	0.0000	0.0000	0.0000	0.0000	0.0075	0.0003	0.0071	0.0001	0.0001	0.0000	0.0073	0.0002	0.0071	0.0001	0.0001	0.0000	0.0000	0.0000	0.0000	0.0001	0.0000	0.0000	0.0358	0.0215	0.0143	0.0116	0.0113	0.0003	0.0243	0.0102	0.0140	0.0054	0.0104	0.0231	0.0298	0.0308	0.0000	0.0051	0.0000	0.0230	0.2080	0.0153	0.4971	0.0128	0.0131	0.0008	0.3011	0.0178	0.5072
27	31	0.0286	5	0	0	0	1	0	0	0	0	N	N	N	N	N	N	N	N	N	N	N	N	0.0012	0.0011	0.0037	0.0433	0.0447	0.0001	0.0005	0.0000	0.0038	0.0023	0.0014	0.0099	0.0049	0.0050	0.0000	0.0015	0.0001	0.0102	1.8920	1.3106	2.6512	0.1137	0.1115	0.5372	2.8660	3.2660	2.6661	0.8861	1.5487	0.0000	0.0211	1.6438	3.2874	3.3228	7.1999	0.0002	0.0001	0.0001	0.0001	0.0001	0.0000	0.0001	0.0000	0.0001	0.3255	0.1277	0.1978	0.0069	0.0067	0.0002	0.3186	0.1210	0.1976	0.0683	0.0608	0.0075	0.0162	0.0160	0.0002	0.0521	0.0448	0.0073	0.1720	0.0974	0.0746	0.0609	0.0604	0.0005	0.1112	0.0370	0.0741	0.0012	0.0011	0.0037	0.0433	0.0447	0.0001	0.0005	0.0000	0.0038	1.8920	1.3106	2.6512	0.1137	0.1115	0.3935	2.8660	3.2660	2.6661
27	32	0.0813	7	0	1	0	0	0	0	0	0	N	N	N	N	N	N	N	N	N	N	N	N	0.0231	0.0193	0.0477	0.0448	0.0408	70.3332	0.0060	0.0003	0.0302	0.0139	0.0126	0.0256	0.0422	0.0393	0.2578	0.0024	0.0000	0.0165	0.6043	0.6535	0.5362	0.9423	0.9626	0.0037	0.3917	0.0775	0.5468	0.2359	0.5920	-0.0003	-0.0347	1.6438	4.3545	3.3228	19.4857	0.0014	0.0012	0.0003	0.0013	0.0012	0.0001	0.0002	0.0000	0.0002	0.2028	0.1274	0.0754	0.1221	0.1221	0.0000	0.0807	0.0053	0.0754	0.1039	0.0931	0.0108	0.0302	0.0298	0.0004	0.0737	0.0633	0.0104	0.3355	0.1949	0.1406	0.1296	0.1268	0.0027	0.2059	0.0681	0.1379	0.0231	0.0193	0.0477	0.0448	0.0408	70.3332	0.0060	0.0003	0.0302	0.6043	0.6535	0.5362	0.9423	0.9626	0.0037	0.3917	0.0775	0.5468
27	33	0.1257	11	1	1	0	0	0	0	0	0	N	N	N	N	N	N	N	N	N	N	N	N	0.0000	0.0000	0.0000	0.0000	0.0000	0.0000	0.0000	0.0000	0.0000	0.0000	0.0000	0.0000	0.0000	0.0000	0.0000	0.0000	0.0000	0.0000	0.0000	0.0000	1.6438	0.0000	3.3228	0.0000	0.0000	0.0000	0.0000	0.0000	0.0000	0.0000	0.0000	0.0000	0.0000	0.0000	0.0000	0.0000	0.0000	0.0000	0.0000	0.0000	0.0000	0.0000	0.0000	0.0000	0.0000	0.0000	0.0000	0.0000	0.0000	0.0000	0.0000	0.0000	0.0000	0.0000	0.0000	0.0000	0.0000	0.0000	0.0000	0.0000	0.0000	0.0000	0.0000	0.0000	0.0000	0.0000	0.0000	0.0000	0.0000	0.0000	0.0000	0.0000	0.0000	0.0000	0.0000	0.0000	0.0000	0.0000											
27	36	0.0647	7	0	0	1	0	0	0	0	0	N	N	N	N	N	N	N	N	N	N	N	N	0.0000	0.0000	0.0000	0.0000	0.0000	0.0000	0.0000	0.0000	0.0000	0.0000	0.0000	0.0000	0.0000	0.0000	0.0000	0.0000	0.0000	0.0000	0.0000	0.0000	0.0000	0.0000	0.0000	0.0000	0.0000	0.0788	0.0000	-0.0000	1.6438	1.0000	3.3228	2.0003	0.0000	0.0000	0.0000	0.0000	0.0000	0.0000	0.0000	0.0000	0.0000	0.0000	0.0000	0.0000	0.0000	0.0000	0.0000	0.0000	0.0000	0.0000	0.0192	0.0173	0.0019	0.0049	0.0048	0.0001	0.0142	0.0124	0.0018	0.0341	0.0210	0.0131	0.0114	0.0110	0.0004	0.0227	0.0099	0.0127	0.0000	0.0000	0.0000	0.0000	0.0000	0.0000	0.0000	0.0000	0.0000	0.0000	0.0000	0.0000	0.0000	0.0000	0.0000	0.0000	0.0000	0.0000			
27	37	0.0469	6	0	1	0	0	0	0	0	0	N	N	N	N	N	N	N	N	N	N	N	N	0.0249	0.0853	0.0042	0.2308	0.2346	0.0166	0.0018	0.0538	0.0042	0.0102	0.0110	0.0032	0.0385	0.0390	0.0040	0.0011	0.0007	0.0032	0.4101	0.1291	0.7583	0.1666	0.1662	0.2378	0.5876	0.0139	0.7615	0.0335	4.7380	-0.0001	0.0335	1.6438	1.9619	3.3228	8.3400	0.0004	0.0004	0.0000	0.0004	0.0004	0.0000	0.0000	0.0000	0.0000	0.1183	0.0206	0.0977	0.0203	0.0201	0.0002	0.0980	0.0005	0.0975	0.0387	0.0347	0.0040	0.0094	0.0093	0.0001	0.0292	0.0254	0.0039	0.2885	0.1597	0.1288	0.1216	0.1208	0.0008	0.1669	0.0388	0.1280	0.0249	0.0853	0.0042	0.2308	0.2346	0.0166	0.0018	0.0538	0.0042	0.4101	0.1291	0.7583	0.1666	0.1662	0.2378	0.5876	0.0139	0.7615
27	38	0.1537	13	1	0	1	0	0	0	0	0	N	N	N	N	N	N	N	N	N	N	N	N	0.0113	0.0077	0.0096	0.0089	0.0088	0.0000	0.0121	0.0154	0.0126	0.1228	0.0026	0.4651	0.0042	0.0042	0.0000	0.2193	0.0001	0.4697	10.8551	0.3358	48.2412	0.4733	0.4805	0.0840	18.1751	0.0036	37.3306	63.2440	54.4648	0.0000	0.4320	1.6438	0.0095	3.3228	5.0631	0.0001	0.0000	0.0001	0.0000	0.0000	0.0000	0.0001	0.0000	0.0001	0.9841	0.0177	0.9664	0.0177	0.0177	0.0001	0.9664	0.0001	0.9663	0.0006	0.0005	0.0002	0.0003	0.0003	0.0000	0.0003	0.0002	0.0002	0.0907	0.0528	0.0378	0.0375	0.0368	0.0007	0.0532	0.0160	0.0371	0.0113	0.0077	0.0182	0.0089	0.0088	0.0000	0.0121	0.0154	0.0181	10.8551	0.3358	25.5483	0.4733	0.4805	0.0840	18.1751	0.0036	26.0194
27	39	0.0286	5	0	1	0	0	0	0	0	0	N	N	N	N	N	N	N	N	N	N	N	N	0.0397	0.0871	0.0808	0.1640	0.1656	0.0000	0.0210	0.3293	0.0830	0.0058	0.0035	0.0232	0.0108	0.0110	0.0000	0.0040	0.0002	0.0239	0.1466	0.0402	0.2867	0.0659	0.0662	0.0325	0.1891	0.0008	0.2885	0.8868	5.4153	0.0000	0.0083	1.6438	1.1272	3.3228	11.0864	0.0002	0.0001	0.0001	0.0001	0.0001	0.0000	0.0001	0.0000	0.0001	0.0275	0.0043	0.0232	0.0043	0.0043	0.0000	0.0233	0.0000	0.0232	0.0271	0.0239	0.0032	0.0074	0.0073	0.0001	0.0198	0.0167	0.0031	0.1879	0.1068	0.0811	0.0649	0.0643	0.0006	0.1230	0.0425	0.0805	0.0397	0.0871	0.0808	0.1640	0.1656	0.0000	0.0210	0.3293	0.0830	0.1466	0.0402	0.2867	0.0659	0.0662	0.0325	0.1891	0.0008	0.2885
27	40	0.0286	4	0	0	0	0	0	0	0	0	N	N	N	N	N	N	N	N	N	N	N	N	0.0291	0.0185	0.1011	0.0602	0.0440	1.6687	0.0136	0.0345	0.0628	0.0194	0.0115	0.0727	0.0422	0.0308	0.7208	0.0086	0.0004	0.0452	0.6664	0.6208	0.7194	0.7007	0.7012	0.4320	0.6352	0.0119	0.7199	0.9468	0.9964	0.0000	-0.0022	1.6438	0.4765	3.3228	0.2778	0.0003	0.0001	0.0001	0.0002	0.0001	0.0001	0.0001	0.0000	0.0001	0.0509	0.0255	0.0254	0.0254	0.0254	0.0000	0.0254	0.0001	0.0254	0.0145	0.0127	0.0019	0.0047	0.0046	0.0001	0.0099	0.0081	0.0018	0.0764	0.0411	0.0353	0.0363	0.0363	0.0001	0.0400	0.0048	0.0352	0.0291	0.0185	0.1011	0.0602	0.0440	2.0271	0.0136	0.0345	0.0628	0.6664	0.6208	0.7194	0.7007	0.7012	0.3556	0.6352	0.0119	0.7199
27	41	0.0308	4	0	1	0	1	0	0	0	0	N	N	N	N	N	N	N	N	N	N	N	N	2.5496	0.3699	11.0540	0.7867	0.7910	0.2872	2.4464	1.2229	11.2859	2.2531	0.0621	20.4179	0.2316	0.2341	0.0245	2.8590	0.0032	20.9655	0.8837	0.1679	1.8471	0.2943	0.2960	0.0854	1.1686	0.0026	1.8577	39.6452	8.1717	0.2547	0.1255	1.6438	10.0333	3.3228	21.8674	0.4285	0.0105	0.4179	0.0102	0.0101	0.0000	0.4183	0.0004	0.4179	0.3607	0.0393	0.3214	0.0392	0.0391	0.0001	0.3216	0.0003	0.3213	0.1902	0.1697	0.0205	0.0439	0.0433	0.0005	0.1463	0.1264	0.0199	0.4082	0.2342	0.1740	0.1330	0.1320	0.0010	0.2752	0.1022	0.1730	2.5496	0.3699	11.0540	0.7867	0.7910	0.2872	2.4464	1.2229	11.2859	0.8837	0.1679	1.8471	0.2943	0.2960	0.0854	1.1686	0.0026	1.8577
27	42	0.1537	13	1	0	1	0	0	0	0	0	N	N	N	N	N	N	N	N	N	N	N	N	0.0009	0.0001	0.0045	0.0001	0.0001	0.0000	0.0009	0.0001	0.0048	0.0040	0.0001	0.0381	0.0002	0.0002	0.0000	0.0057	0.0000	0.0410	4.3304	1.2053	8.4111	1.5659	1.5805	0.7306	6.4725	0.0139	8.5204	63.2440	5.3444	0.0000	0.0934	1.6438	0.9968	3.3228	1.9513	0.0001	0.0000	0.0001	0.0000	0.0000	0.0000	0.0001	0.0000	0.0001	0.3120	0.0492	0.2628	0.0493	0.0490	0.0002	0.2627	0.0001	0.2626	0.0191	0.0171	0.0019	0.0062	0.0060	0.0001	0.0129	0.0111	0.0018	0.0720	0.0408	0.0312	0.0315	0.0310	0.0004	0.0406	0.0098	0.0308	0.0009	0.0001	0.0045	0.0001	0.0001	0.0000	0.0009	0.0001	0.0048	4.3304	1.2053	8.4111	1.5659	1.5805	0.5033	6.4725	0.0139	8.5204
27	43	0.1405	12	1	0	1	0	0	0	0	0	N	N	N	N	N	N	N	N	N	N	N	N	5.6797	0.3125	26.4871	0.5135	0.5030	0.0000	6.5209	0.0675	27.0245	1.6897	0.0290	16.9118	0.0844	0.0859	0.0000	2.4075	0.0002	17.9222	0.2975	0.0928	0.6385	0.1643	0.1708	0.0106	0.3692	0.0024	0.6632	63.5855	4.1271	0.1057	0.0054	1.6438	5.0018	3.3228	1.7716	0.1752	0.0027	0.1725	0.0027	0.0027	0.0000	0.1725	0.0000	0.1725	0.0208	0.0041	0.0167	0.0040	0.0040	0.0000	0.0168	0.0000	0.0167	0.1037	0.0935	0.0102	0.0320	0.0315	0.0006	0.0716	0.0620	0.0096	0.0698	0.0436	0.0262	0.0244	0.0234	0.0010	0.0454	0.0202	0.0252	5.6797	0.3125	26.4871	0.5135	0.5030	0.0000	6.5209	0.0675	27.0245	0.2975	0.0928	0.6385	0.1643	0.1708	0.0106	0.3692	0.0024	0.6632
27	44	0.1437	13	1	0	1	0	0	0	0	0	N	N	N	N	N	N	N	N	N	N	N	N	0.5227	2.3390	0.0000	3.8194	3.7419	0.0000	0.0283	3.3760	0.0000	0.0039	0.0043	0.0000	0.0119	0.0121	0.0000	0.0003	0.0003	0.0000	0.0074	0.0018	0.0172	0.0031	0.0032	0.0000	0.0099	0.0001	0.0179	0.0000	5.3161	-0.0002	0.0002	1.6438	4.9860	3.3228	2.3663	0.0004	0.0004	0.0000	0.0004	0.0004	0.0000	0.0000	0.0000	0.0000	0.0006	0.0001	0.0005	0.0001	0.0001	0.0000	0.0005	0.0000	0.0005	0.1035	0.0933	0.0102	0.0320	0.0314	0.0006	0.0715	0.0619	0.0096	0.0839	0.0536	0.0303	0.0308	0.0297	0.0012	0.0530	0.0239	0.0291	0.5227	2.3390	0.0000	3.8194	3.7419	0.0000	0.0283	3.3760	0.0000	0.0074	0.0018	0.0172	0.0031	0.0032	0.0000	0.0099	0.0001	0.0179
27	45	0.1405	12	1	0	0	0	0	0	0	0	N	N	N	N	N	N	N	N	N	N	N	N	0.2732	0.3570	0.0304	0.5712	0.5717	0.0000	0.0082	0.0017	0.0312	0.0135	0.0149	0.0018	0.0366	0.0370	0.0000	0.0003	0.0000	0.0019	0.0492	0.0418	0.0608	0.0641	0.0648	0.0442	0.0403	0.0076	0.0613	0.0155	0.9441	-0.0000	-0.0001	1.6438	0.0225	3.3228	1.9333	0.0000	0.0000	0.0000	0.0000	0.0000	0.0000	0.0000	0.0000	0.0000	0.0012	0.0006	0.0006	0.0006	0.0006	0.0000	0.0006	0.0000	0.0006	0.0007	0.0006	0.0001	0.0002	0.0002	0.0000	0.0004	0.0003	0.0001	0.0246	0.0149	0.0097	0.0092	0.0089	0.0003	0.0154	0.0060	0.0094	0.2732	0.3570	0.0304	0.5712	0.5717	0.0000	0.0082	0.0017	0.0312	0.0492	0.0418	0.0608	0.0641	0.0648	0.0442	0.0403	0.0076	0.0613
27	46	0.1375	11	1	0	0	0	0	0	0	0	N	N	N	N	N	N	N	N	N	N	N	N	0.0140	0.0065	0.0984	0.0102	0.0100	0.0000	0.0258	0.0009	0.1028	0.0008	0.0004	0.0041	0.0012	0.0012	0.0000	0.0006	0.0000	0.0043	0.0560	0.0644	0.0416	0.1198	0.1240	0.0295	0.0228	0.0003	0.0422	1.0686	0.3765	0.0000	-0.0002	1.6438	1.0095	3.3228	0.3555	0.0000	0.0000	0.0000	0.0000	0.0000	0.0000	0.0000	0.0000	0.0000	0.0008	0.0006	0.0002	0.0006	0.0006	0.0000	0.0002	0.0000	0.0002	0.0215	0.0194	0.0021	0.0067	0.0066	0.0001	0.0149	0.0128	0.0020	0.0137	0.0087	0.0051	0.0047	0.0045	0.0002	0.0090	0.0042	0.0048	0.0140	0.0065	0.0984	0.0102	0.0100	0.0000	0.0258	0.0009	0.1028	0.0560	0.0644	0.0416	0.1198	0.1240	0.0295	0.0228	0.0003	0.0422
27	47	0.0469	6	0	0	1	0	0	0	0	0	N	N	N	N	N	N	N	N	N	N	N	N	0.0186	0.0109	0.1444	0.0747	0.0743	1.9979	0.0028	0.0000	0.1369	0.0292	0.0285	0.0356	0.1063	0.1066	0.0828	0.0047	0.0003	0.0339	1.5676	2.6034	0.2463	1.4231	1.4345	0.0415	1.6639	5.4397	0.2478	0.1438	0.0742	-0.0004	-0.2406	1.6438	3.0460	3.3228	11.9126	0.0017	0.0015	0.0002	0.0015	0.0015	0.0000	0.0002	0.0000	0.0002	0.5077	0.4727	0.0351	0.1845	0.1844	0.0000	0.3232	0.2882	0.0350	0.0591	0.0530	0.0061	0.0143	0.0141	0.0002	0.0448	0.0389	0.0059	0.3239	0.1816	0.1423	0.1296	0.1286	0.0011	0.1943	0.0530	0.1413	0.0186	0.0109	0.1444	0.0747	0.0743	1.9979	0.0028	0.0000	0.1369	1.5676	2.6034	0.2463	1.4231	1.4345	0.0415	1.6639	5.4397	0.2478
27	48	0.0335	5	0	0	0	0	0	0	0	0	N	N	N	N	N	N	N	N	N	N	N	N	0.0040	0.0030	0.0126	0.0141	0.0100	0.8977	0.0006	0.0002	0.0034	0.0026	0.0019	0.0090	0.0095	0.0068	0.1924	0.0004	0.0001	0.0024	0.6571	0.6105	0.7124	0.6733	0.6746	0.2144	0.6446	0.3650	0.7137	0.5679	0.9840	-0.0000	-0.0080	1.6438	1.1082	3.3228	5.8288	0.0001	0.0000	0.0000	0.0001	0.0000	0.0000	0.0000	0.0000	0.0000	0.1697	0.0855	0.0842	0.0758	0.0758	0.0001	0.0939	0.0098	0.0841	0.0222	0.0199	0.0023	0.0054	0.0053	0.0001	0.0168	0.0146	0.0023	0.2583	0.1401	0.1182	0.1126	0.1123	0.0003	0.1456	0.0278	0.1178	0.0040	0.0030	0.0126	0.0141	0.0100	0.8977	0.0006	0.0002	0.0034	0.6571	0.6105	0.7124	0.6733	0.6746	0.2144	0.6446	0.3517	0.7137
27	49	0.0647	7	0	1	0	0	0	0	0	0	N	N	N	N	N	N	N	N	N	N	N	N	0.0000	0.0000	0.0000	0.0000	0.0000	0.0000	0.0000	0.0000	0.0000	0.0000	0.0000	0.0000	0.0000	0.0000	0.0000	0.0000	0.0004	0.0007	0.0000	0.0000	0.0000	0.0000	0.0007	0.0015	0.0000	0.0001	0.0000	-0.0000	1.6438	0.0000	3.3228	2.0001	0.0000	0.0000	0.0000	0.0000	0.0000	0.0000	0.0000	0.0000	0.0000	0.0000	0.0000	0.0000	0.0000	0.0000	0.0000	0.0000	0.0000	0.0000	0.0000	0.0000	0.0000	0.0000	0.0000	0.0000	0.0000	0.0000	0.0000	0.0229	0.0141	0.0088	0.0077	0.0074	0.0003	0.0152	0.0067	0.0085	0.0000	0.0000	0.0000	0.0000	0.0000	0.0000	0.0000	0.0000	0.0000	0.0004	0.0007	0.0000	0.0000	0.0000	0.0000	0.0007	0.0015	0.0000			
27	50	0.1730	16	1	1	1	0	0	0	0	0	N	N	N	N	N	N	N	N	N	N	N	N	0.0000	0.0000	0.0000	0.0000	0.0000	0.0000	0.0000	0.0000	0.0000	0.0000	0.0000	0.0000	0.0000	0.0000	0.0000	0.0000	0.0000	0.0079	0.0085	0.0064	0.0185	0.0152	0.1075	0.0000	0.0000	0.0000	0.2608	0.0000	-0.0001	1.6438	0.0000	3.3228	1.7047	0.0000	0.0000	0.0000	0.0000	0.0000	0.0000	0.0000	0.0000	0.0000	0.0002	0.0002	0.0000	0.0002	0.0002	0.0000	0.0000	0.0000	0.0000	0.0000	0.0000	0.0000	0.0000	0.0000	0.0000	0.0000	0.0000	0.0000	0.0258	0.0192	0.0066	0.0110	0.0106	0.0004	0.0148	0.0085	0.0062	0.0000	0.0000	0.0000	0.0000	0.0000	0.0000	0.0000	0.0000	0.0000	0.0079	0.0085	0.0064	0.0185	0.0152	0.1075	0.0000	0.0000	0.0000		
27	51	0.1730	16	1	1	1	0	0	0	0	0	N	N	N	N	N	N	N	N	N	N	N	N	0.0000	0.0000	0.0000	0.0000	0.0000	0.0000	0.0000	0.0000	0.0000	0.0000	0.0000	0.0000	0.0000	0.0000	0.0000	0.0000	0.0000	0.0068	0.0077	0.0016	0.0030	0.0030	0.0000	0.0103	0.0134	0.0017	0.0357	0.0000	-0.0000	1.6438	0.0000	3.3228	0.2953	0.0000	0.0000	0.0000	0.0000	0.0000	0.0000	0.0000	0.0000	0.0000	0.0001	0.0001	0.0000	0.0000	0.0000	0.0000	0.0001	0.0001	0.0000	0.0000	0.0000	0.0000	0.0000	0.0000	0.0000	0.0000	0.0000	0.0000	0.0126	0.0108	0.0018	0.0060	0.0059	0.0001	0.0066	0.0049	0.0018	0.0000	0.0000	0.0000	0.0000	0.0000	0.0000	0.0000	0.0000	0.0000	0.0068	0.0077	0.0016	0.0030	0.0030	0.0000	0.0103	0.0134	0.0017		
27	52	0.1702	15	1	1	1	0	0	0	0	0	N	N	N	N	N	N	N	N	N	N	N	N	0.0000	0.0000	0.0000	0.0000	0.0000	0.0000	0.0000	0.0000	0.0000	0.0000	0.0000	0.0000	0.0000	0.0000	0.0000	0.0000	0.0000	0.0000	0.0097	0.0140	0.0013	0.0050	0.0052	0.0005	0.0128	0.0259	0.0013	0.0458	0.0000	-0.0001	1.6438	0.0001	3.3228	1.7968	0.0000	0.0000	0.0000	0.0000	0.0000	0.0000	0.0000	0.0000	0.0000	0.0002	0.0002	0.0000	0.0000	0.0000	0.0000	0.0002	0.0002	0.0000	0.0000	0.0000	0.0000	0.0000	0.0000	0.0000	0.0000	0.0000	0.0000	0.0215	0.0143	0.0072	0.0086	0.0083	0.0003	0.0129	0.0061	0.0069	0.0000	0.0000	0.0000	0.0000	0.0000	0.0000	0.0000	0.0000	0.0000	0.0097	0.0140	0.0013	0.0050	0.0052	0.0005	0.0128	0.0259	0.0013	
27	53	0.1519	9	1	1	0	0	0	0	0	0	N	N	N	N	N	N	N	N	N	N	N	N	0.0060	0.0332	0.0053	0.0472	0.0470	0.0454	0.0024	0.1713	0.0053	0.0008	0.0007	0.0016	0.0015	0.0015	0.0006	0.0005	0.0003	0.0017	0.1354	0.0223	0.3065	0.0308	0.0312	0.0134	0.2137	0.0019	0.3137	0.2181	9.0909	-0.0000	0.0024	1.6438	1.8240	3.3228	0.8872	0.0000	0.0000	0.0000	0.0000	0.0000	0.0000	0.0000	0.0000	0.0000	0.0066	0.0007	0.0059	0.0006	0.0006	0.0000	0.0059	0.0000	0.0059	0.0440	0.0400	0.0040	0.0146	0.0144	0.0002	0.0294	0.0256	0.0038	0.0486	0.0293	0.0193	0.0208	0.0203	0.0005	0.0278	0.0089	0.0189	0.0060	0.0332	0.0053	0.0472	0.0470	0.0454	0.0024	0.1713	0.0053	0.1354	0.0223	0.3065	0.0308	0.0312	0.0134	0.2137	0.0019	0.3137
27	54	0.0947	9	0	1	0	1	0	0	0	0	N	N	N	N	N	N	N	N	N	N	N	N	0.0000	0.0000	0.0000	0.0000	0.0000	0.0000	0.0000	0.0000	0.0000	0.0000	0.0000	0.0000	0.0000	0.0000	0.0000	0.0000	0.0000	0.0041	0.0047	0.0031	0.0079	0.0081	0.0000	0.0021	0.0006	0.0032	0.3831	0.0000	-0.0001	1.6438	0.0007	3.3228	4.7762	0.0000	0.0000	0.0000	0.0000	0.0000	0.0000	0.0000	0.0000	0.0000	0.0002	0.0002	0.0001	0.0002	0.0002	0.0000	0.0001	0.0000	0.0001	0.0000	0.0000	0.0000	0.0000	0.0000	0.0000	0.0000	0.0000	0.0000	0.0577	0.0364	0.0212	0.0206	0.0201	0.0006	0.0370	0.0164	0.0207	0.0000	0.0000	0.0000	0.0000	0.0000	0.0000	0.0000	0.0000	0.0000	0.0041	0.0047	0.0031	0.0079	0.0081	0.0000	0.0021	0.0006	0.0032		
27	55	0.0947	9	0	0	0	1	0	0	0	0	N	N	N	N	N	N	N	N	N	N	N	N	0.0000	0.0000	0.0000	0.0000	0.0000	0.0000	0.0000	0.0000	0.0000	0.0000	0.0000	0.0000	0.0000	0.0000	0.0000	0.0000	0.0000	0.0000	0.0183	0.0229	0.0102	0.0401	0.0412	0.0000	0.0058	0.0000	0.0104	0.2515	0.0000	-0.0003	1.6438	0.0007	3.3228	3.2259	0.0000	0.0000	0.0000	0.0000	0.0000	0.0000	0.0000	0.0000	0.0000	0.0007	0.0006	0.0002	0.0006	0.0006	0.0000	0.0002	0.0000	0.0002	0.0000	0.0000	0.0000	0.0000	0.0000	0.0000	0.0000	0.0000	0.0000	0.0409	0.0261	0.0148	0.0149	0.0145	0.0004	0.0260	0.0116	0.0144	0.0000	0.0000	0.0000	0.0000	0.0000	0.0000	0.0000	0.0000	0.0000	0.0183	0.0229	0.0102	0.0401	0.0412	0.0000	0.0058	0.0000	0.0104	
27	56	0.0903	8	0	0	0	1	0	0	0	0	N	N	N	N	N	N	N	N	N	N	N	N	0.0000	0.0000	0.0000	0.0000	0.0000	0.0000	0.0000	0.0000	0.0000	0.0000	0.0000	0.0000	0.0000	0.0000	0.0000	0.0000	0.0000	0.0004	0.0004	0.0004	0.0008	0.0008	0.0000	0.0002	0.0000	0.0005	0.5462	0.0000	-0.0000	1.6438	0.9953	3.3228	1.3904	0.0000	0.0000	0.0000	0.0000	0.0000	0.0000	0.0000	0.0000	0.0000	0.0000	0.0000	0.0000	0.0000	0.0000	0.0000	0.0000	0.0000	0.0000	0.0213	0.0192	0.0021	0.0061	0.0060	0.0001	0.0151	0.0131	0.0020	0.0311	0.0201	0.0110	0.0114	0.0111	0.0003	0.0197	0.0090	0.0107	0.0000	0.0000	0.0000	0.0000	0.0000	0.0000	0.0000	0.0000	0.0000	0.0004	0.0004	0.0004	0.0008	0.0008	0.0000	0.0002	0.0000	0.0005		
27	57	0.0836	7	0	0	0	1	0	0	0	0	N	N	N	N	N	N	N	N	N	N	N	N	0.0000	0.0000	0.0000	0.0000	0.0000	0.0000	0.0000	0.0000	0.0000	0.0000	0.0000	0.0000	0.0000	0.0000	0.0000	0.0000	0.0000	0.0000	0.0004	0.0005	0.0003	0.0008	0.0008	0.0000	0.0002	0.0000	0.0003	0.4331	-0.0000	-0.0000	1.6438	0.0068	3.3228	3.2797	0.0000	0.0000	0.0000	0.0000	0.0000	0.0000	0.0000	0.0000	0.0000	0.0000	0.0000	0.0000	0.0000	0.0000	0.0000	0.0000	0.0000	0.0000	0.0002	0.0001	0.0000	0.0000	0.0000	0.0000	0.0001	0.0001	0.0000	0.0407	0.0253	0.0154	0.0146	0.0142	0.0004	0.0260	0.0110	0.0150	0.0000	0.0000	0.0000	0.0000	0.0000	0.0000	0.0000	0.0000	0.0000	0.0004	0.0005	0.0003	0.0008	0.0008	0.0000	0.0002	0.0000	0.0003	
27	58	0.0425	6	0	0	0	1	0	0	0	0	N	N	N	N	N	N	N	N	N	N	N	N	9.6731	7.8127	2.9793	16.1434	16.2839	0.6778	0.5661	0.0048	3.1126	1.4524	1.5891	0.2247	5.2283	5.3319	0.0185	0.0309	0.0001	0.2363	0.1501	0.2034	0.0754	0.3239	0.3274	0.0272	0.0546	0.0171	0.0759	0.0157	0.2642	-0.0640	-0.0140	1.6438	5.8573	3.3228	13.1443	0.1752	0.1725	0.0027	0.1725	0.1725	0.0000	0.0027	0.0000	0.0027	0.0418	0.0331	0.0087	0.0320	0.0320	0.0000	0.0098	0.0011	0.0087	0.1206	0.1085	0.0121	0.0330	0.0323	0.0006	0.0876	0.0762	0.0114	0.2784	0.1626	0.1158	0.0988	0.0976	0.0012	0.1796	0.0650	0.1147	9.6731	7.8127	2.9793	16.1434	16.2839	0.6778	0.5661	0.0048	3.1126	0.1501	0.2034	0.0754	0.3239	0.3274	0.0272	0.0546	0.0171	0.0759
27	59	0.1703	16	0	1	1	0	0	0	0	0	N	N	N	N	N	N	N	N	N	N	N	N	0.0001	0.0001	0.0000	0.0001	0.0001	0.0000	0.0000	0.0000	0.0000	0.0000	0.0000	0.0000	0.0000	0.0000	0.0000	0.0000	0.0000	0.0000	0.0308	0.0396	0.0141	0.0642	0.0596	0.1329	0.0068	0.0097	0.0044	0.0000	0.1867	-0.0000	-0.0008	1.6438	0.9979	3.3228	4.0614	0.0000	0.0000	0.0000	0.0000	0.0000	0.0000	0.0000	0.0000	0.0000	0.0020	0.0017	0.0003	0.0018	0.0015	0.0002	0.0003	0.0002	0.0001	0.0218	0.0197	0.0021	0.0070	0.0069	0.0001	0.0148	0.0128	0.0020	0.0656	0.0431	0.0226	0.0275	0.0258	0.0017	0.0382	0.0173	0.0209	0.0001	0.0001	0.0000	0.0001	0.0001	0.0000	0.0000	0.0000	0.0000	0.0308	0.0396	0.0141	0.0642	0.0596	0.1329	0.0068	0.0097	0.0044
27	60	0.1619	15	0	1	0	0	0	0	0	0	N	N	N	N	N	N	N	N	N	N	N	N	0.0294	0.0235	0.0034	0.1708	0.1697	0.0116	0.0001	0.0000	0.0031	0.0010	0.0011	0.0000	0.0033	0.0033	0.0001	0.0000	0.0000	0.0000	0.0353	0.0488	0.0101	0.0191	0.0196	0.0072	0.0461	0.0918	0.0102	0.0033	0.1115	-0.0000	-0.0009	1.6438	2.2356	3.3228	2.2044	0.0001	0.0001	0.0000	0.0001	0.0001	0.0000	0.0000	0.0000	0.0000	0.0019	0.0017	0.0002	0.0004	0.0004	0.0000	0.0015	0.0013	0.0002	0.0495	0.0447	0.0049	0.0157	0.0154	0.0003	0.0339	0.0292	0.0046	0.0547	0.0356	0.0191	0.0219	0.0212	0.0008	0.0328	0.0144	0.0184	0.0294	0.0235	0.0034	0.1708	0.1697	0.0116	0.0001	0.0000	0.0031	0.0353	0.0488	0.0101	0.0191	0.0196	0.0072	0.0461	0.0918	0.0102
27	61	0.1413	13	1	0	1	0	0	0	0	0	N	N	N	N	N	N	N	N	N	N	N	N	0.0002	0.0002	0.0000	0.0003	0.0003	0.0000	0.0000	0.0000	0.0000	0.0000	0.0000	0.0000	0.0000	0.0000	0.0000	0.0000	0.0000	0.0000	0.0075	0.0099	0.0035	0.0173	0.0181	0.0012	0.0025	0.0012	0.0036	0.0000	0.2056	-0.0000	-0.0002	1.6438	2.0703	3.3228	7.0012	0.0000	0.0000	0.0000	0.0000	0.0000	0.0000	0.0000	0.0000	0.0000	0.0007	0.0005	0.0001	0.0005	0.0005	0.0000	0.0001	0.0000	0.0001	0.0449	0.0405	0.0044	0.0146	0.0144	0.0003	0.0302	0.0261	0.0041	0.0866	0.0548	0.0319	0.0296	0.0283	0.0013	0.0570	0.0265	0.0306	0.0002	0.0002	0.0000	0.0003	0.0003	0.0000	0.0000	0.0000	0.0000	0.0075	0.0099	0.0035	0.0173	0.0181	0.0012	0.0025	0.0012	0.0036
27	62	0.1397	12	0	0	0	0	0	0	0	0	N	N	N	N	N	N	N	N	N	N	N	N	0.0001	0.0000	0.0002	0.0000	0.0000	0.0000	0.0001	0.0000	0.0003	0.0000	0.0000	0.0000	0.0000	0.0000	0.0000	0.0000	0.0000	0.0000	0.0657	0.0204	0.1438	0.0365	0.0363	0.0415	0.0810	0.0033	0.1483	inf	4.0756	0.0000	0.0002	1.6438	0.9285	3.3228	0.0280	0.0000	0.0000	0.0000	0.0000	0.0000	0.0000	0.0000	0.0000	0.0000	0.0006	0.0001	0.0005	0.0001	0.0001	0.0000	0.0005	0.0000	0.0005	0.0199	0.0180	0.0019	0.0064	0.0063	0.0001	0.0135	0.0117	0.0018	0.0096	0.0061	0.0035	0.0033	0.0032	0.0001	0.0063	0.0029	0.0034	0.0001	0.0000	0.0002	0.0000	0.0000	0.0000	0.0001	0.0000	0.0003	0.0657	0.0204	0.1438	0.0365	0.0363	0.0415	0.0810	0.0033	0.1483
27	63	0.1019	7	1	1	0	0	0	0	0	0	N	N	N	N	N	N	N	N	N	N	N	N	0.0046	0.0010	0.0174	0.0060	0.0034	2.1437	0.0042	0.0001	0.0169	0.0004	0.0000	0.0033	0.0001	0.0000	0.0024	0.0005	0.0000	0.0033	0.0758	0.0155	0.1888	0.0131	0.0136	0.0011	0.1112	0.0176	0.1964	24.3998	6.5226	0.0000	0.0010	1.6438	1.0023	3.3228	3.0135	0.0000	0.0000	0.0000	0.0000	0.0000	0.0000	0.0000	0.0000	0.0000	0.0032	0.0004	0.0027	0.0002	0.0002	0.0000	0.0030	0.0002	0.0027	0.0220	0.0197	0.0023	0.0064	0.0063	0.0001	0.0156	0.0135	0.0022	0.0417	0.0272	0.0145	0.0150	0.0145	0.0006	0.0266	0.0127	0.0139	0.0046	0.0010	0.0174	0.0060	0.0034	2.1437	0.0042	0.0001	0.0169	0.0758	0.0155	0.1888	0.0131	0.0136	0.0011	0.1112	0.0176	0.1964
27	64	0.0755	6	1	1	0	0	0	0	0	0	N	N	N	N	N	N	N	N	N	N	N	N	37.8132	6.3913	163.9302	16.3199	11.9728	10518.9118	39.8643	2.3433	161.3873	0.1511	0.0084	1.4083	0.0280	0.0213	0.6389	0.2043	0.0020	1.4338	0.0040	0.0013	0.0086	0.0017	0.0018	0.0001	0.0051	0.0008	0.0089	19.0790	3.8281	0.0064	0.0001	1.6438	3.0820	3.3228	9.3392	0.0112	0.0006	0.0107	0.0006	0.0005	0.0002	0.0106	0.0001	0.0105	0.0005	0.0001	0.0004	0.0001	0.0001	0.0000	0.0004	0.0000	0.0004	0.0744	0.0668	0.0076	0.0224	0.0222	0.0002	0.0519	0.0446	0.0073	0.1215	0.0767	0.0448	0.0402	0.0387	0.0015	0.0813	0.0380	0.0433	37.8132	6.3913	163.9302	16.3199	11.9728	10518.9118	39.8643	2.3433	161.3873	0.0040	0.0013	0.0086	0.0017	0.0018	0.0001	0.0051	0.0008	0.0089
27	65	0.1619	15	0	1	0	0	0	0	0	0	N	N	N	N	N	N	N	N	N	N	N	N	0.0024	0.0016	0.0197	0.0105	0.0102	0.0331	0.0003	0.0000	0.0186	0.0000	0.0000	0.0000	0.0001	0.0001	0.0001	0.0000	0.0000	0.0000	0.0146	0.0215	0.0024	0.0093	0.0095	0.0032	0.0181	0.0389	0.0024	0.1530	0.0629	-0.0000	-0.0006	1.6438	1.7946	3.3228	5.9592	0.0000	0.0000	0.0000	0.0000	0.0000	0.0000	0.0000	0.0000	0.0000	0.0013	0.0012	0.0001	0.0003	0.0003	0.0000	0.0010	0.0009	0.0001	0.0402	0.0363	0.0039	0.0128	0.0126	0.0002	0.0274	0.0237	0.0037	0.0895	0.0574	0.0321	0.0353	0.0340	0.0013	0.0542	0.0234	0.0308	0.0024	0.0016	0.0197	0.0105	0.0102	0.0331	0.0003	0.0000	0.0186	0.0146	0.0215	0.0024	0.0093	0.0095	0.0032	0.0181	0.0389	0.0024
27	66	0.1551	14	0	1	0	0	0	0	0	0	N	N	N	N	N	N	N	N	N	N	N	N	0.1543	0.1211	0.4458	0.2681	0.2400	6.6677	0.0664	0.0001	0.3398	0.0045	0.0036	0.0129	0.0110	0.0102	0.0655	0.0014	0.0000	0.0101	0.0292	0.0294	0.0289	0.0412	0.0423	0.0098	0.0215	0.0092	0.0296	0.4088	0.5994	-0.0000	-0.0002	1.6438	1.3569	3.3228	2.0560	0.0001	0.0001	0.0000	0.0001	0.0001	0.0000	0.0000	0.0000	0.0000	0.0012	0.0008	0.0005	0.0007	0.0007	0.0000	0.0005	0.0001	0.0005	0.0320	0.0288	0.0033	0.0103	0.0101	0.0002	0.0218	0.0187	0.0031	0.0421	0.0262	0.0159	0.0165	0.0160	0.0006	0.0256	0.0102	0.0154	0.1543	0.1211	0.4458	0.2681	0.2400	6.6677	0.0664	0.0001	0.3398	0.0292	0.0294	0.0289	0.0412	0.0423	0.0098	0.0215	0.0092	0.0296
27	67	0.1417	13	0	1	0	0	0	0	0	0	N	N	N	N	N	N	N	N	N	N	N	N	48.5451	28.1859	170.9079	39.8789	37.2504	24.2273	75.0314	12.9603	267.9213	0.2654	0.1576	0.8960	0.4757	0.3604	1.3837	0.1189	0.0066	0.6699	0.0055	0.0056	0.0052	0.0119	0.0097	0.0571	0.0016	0.0005	0.0025	0.9721	0.5161	0.0043	-0.0001	1.6438	4.9477	3.3228	2.0153	0.0386	0.0196	0.0190	0.0284	0.0191	0.0093	0.0102	0.0005	0.0097	0.0004	0.0002	0.0001	0.0003	0.0002	0.0001	0.0001	0.0000	0.0001	0.1455	0.1243	0.0213	0.0598	0.0530	0.0067	0.0858	0.0712	0.0145	0.0679	0.0438	0.0241	0.0255	0.0243	0.0012	0.0424	0.0195	0.0229	48.5451	28.1859	170.9079	39.8789	37.2504	24.2273	75.0314	12.9603	267.9213	0.0055	0.0056	0.0052	0.0119	0.0097	0.0571	0.0016	0.0005	0.0025
27	68	0.0647	7	0	0	1	0	0	0	0	0	N	N	N	N	N	N	N	N	N	N	N	N	0.0000	0.0000	0.0000	0.0000	0.0000	0.0000	0.0000	0.0000	0.0000	0.0000	0.0000	0.0000	0.0000	0.0000	0.0000	0.0000	0.0000	0.0009	0.0007	0.0012	0.0000	0.0000	0.0000	0.0013	0.0015	0.0012	0.9994	0.0000	-0.0000	1.6438	0.0000	3.3228	4.0001	0.0000	0.0000	0.0000	0.0000	0.0000	0.0000	0.0000	0.0000	0.0000	0.0000	0.0000	0.0000	0.0000	0.0000	0.0000	0.0000	0.0000	0.0000	0.0000	0.0000	0.0000	0.0000	0.0000	0.0000	0.0000	0.0000	0.0000	0.0451	0.0278	0.0173	0.0151	0.0146	0.0005	0.0300	0.0132	0.0168	0.0000	0.0000	0.0000	0.0000	0.0000	0.0000	0.0000	0.0000	0.0000	0.0009	0.0007	0.0012	0.0000	0.0000	0.0000	0.0013	0.0015	0.0012		
27	69	0.0425	6	0	0	0	0	0	0	0	0	N	N	N	N	N	N	N	N	N	N	N	N	0.0406	0.0268	0.1514	0.0499	0.0505	0.0000	0.0396	0.1109	0.1612	0.0077	0.0069	0.0145	0.0194	0.0198	0.0000	0.0027	0.0007	0.0155	0.1896	0.2589	0.0956	0.3882	0.3920	0.0432	0.0673	0.0061	0.0961	0.2327	0.2725	-0.0001	-0.0135	1.6438	2.8240	3.3228	8.9883	0.0005	0.0004	0.0001	0.0004	0.0004	0.0000	0.0001	0.0000	0.0001	0.0409	0.0322	0.0088	0.0320	0.0319	0.0000	0.0090	0.0003	0.0087	0.0654	0.0588	0.0066	0.0197	0.0193	0.0004	0.0457	0.0396	0.0061	0.2160	0.1243	0.0917	0.0823	0.0814	0.0009	0.1337	0.0429	0.0908	0.0406	0.0268	0.1514	0.0499	0.0505	0.0000	0.0396	0.1109	0.1612	0.1896	0.2589	0.0956	0.3882	0.3920	0.0432	0.0673	0.0061	0.0961
27	70	0.0335	5	0	0	0	0	0	0	0	0	N	N	N	N	N	N	N	N	N	N	N	N	0.0057	0.0044	0.0089	0.0145	0.0135	1.4017	0.0007	0.0172	0.0023	0.0068	0.0068	0.0070	0.0272	0.0253	0.1565	0.0004	0.0002	0.0018	1.2031	1.5655	0.7810	1.8684	1.8725	0.1117	0.6582	0.0135	0.7825	0.1189	0.4282	-0.0001	-0.0710	1.6438	1.4521	3.3228	3.5882	0.0002	0.0002	0.0000	0.0002	0.0002	0.0000	0.0000	0.0000	0.0000	0.2919	0.2043	0.0875	0.2041	0.2041	0.0000	0.0878	0.0003	0.0875	0.0288	0.0258	0.0030	0.0069	0.0068	0.0001	0.0219	0.0190	0.0029	0.2426	0.1305	0.1121	0.1092	0.1090	0.0003	0.1334	0.0216	0.1118	0.0057	0.0044	0.0089	0.0145	0.0135	1.4017	0.0007	0.0172	0.0023	1.2031	1.5655	0.7810	1.8684	1.8725	0.1117	0.6582	0.0135	0.7825
27	71	0.0308	4	0	0	0	0	0	0	0	0	N	N	N	N	N	N	N	N	N	N	N	N	0.0511	0.0499	0.0148	0.1388	0.1379	0.4104	0.0019	0.0046	0.0083	0.0406	0.0456	0.0097	0.1432	0.1424	0.2157	0.0011	0.0001	0.0055	0.7941	0.9143	0.6579	1.0319	1.0329	0.5256	0.5831	0.0128	0.6583	0.0348	0.6354	-0.0004	-0.0217	1.6438	1.1783	3.3228	0.9542	0.0011	0.0011	0.0000	0.0011	0.0011	0.0000	0.0000	0.0000	0.0000	0.1402	0.0857	0.0545	0.0856	0.0856	0.0001	0.0546	0.0001	0.0544	0.0283	0.0243	0.0040	0.0079	0.0078	0.0001	0.0204	0.0165	0.0039	0.1766	0.0938	0.0828	0.0830	0.0829	0.0001	0.0936	0.0109	0.0827	0.0511	0.0499	0.0148	0.1388	0.1379	0.5489	0.0019	0.0046	0.0083	0.7941	0.9143	0.6579	1.0319	1.0329	0.3929	0.5831	0.0128	0.6583
27	72	0.0262	3	0	0	0	0	0	0	0	0	N	N	N	N	N	N	N	N	N	N	N	N	0.0811	0.0455	0.3183	0.1411	0.1402	0.7573	0.0637	0.0096	0.3191	0.0528	0.0296	0.2077	0.1092	0.1086	0.1675	0.0351	0.0001	0.2085	0.6510	0.6497	0.6525	0.7736	0.7747	0.2212	0.5515	0.0061	0.6533	1.0543	0.8761	0.0003	-0.0087	1.6438	2.0762	3.3228	1.4610	0.0023	0.0011	0.0012	0.0011	0.0011	0.0000	0.0012	0.0000	0.0012	0.1143	0.0609	0.0534	0.0609	0.0608	0.0000	0.0534	0.0001	0.0534	0.0441	0.0384	0.0058	0.0105	0.0104	0.0001	0.0336	0.0279	0.0057	0.1756	0.0938	0.0818	0.0787	0.0785	0.0002	0.0969	0.0152	0.0817	0.0811	0.0455	0.3183	0.1411	0.1402	0.7573	0.0637	0.0096	0.3191	0.6510	0.6497	0.6525	0.7736	0.7747	0.2212	0.5515	0.0061	0.6533
27	73	0.0667	5	0	0	0	0	0	0	0	0	N	N	N	N	N	N	N	N	N	N	N	N	0.6849	0.4459	3.6588	6.0494	5.8906	1.6171	0.1341	0.0046	3.6593	0.0200	0.0184	0.0336	0.0556	0.0562	0.0000	0.0051	0.0003	0.0347	0.0292	0.0414	0.0092	0.0092	0.0095	0.0000	0.0383	0.0714	0.0095	0.2069	0.1352	-0.0004	-0.0025	1.6438	4.0673	3.3228	17.8409	0.0019	0.0016	0.0003	0.0015	0.0015	0.0000	0.0003	0.0000	0.0003	0.0058	0.0051	0.0007	0.0006	0.0006	0.0000	0.0052	0.0045	0.0007	0.0944	0.0847	0.0096	0.0278	0.0275	0.0003	0.0666	0.0573	0.0093	0.1987	0.1236	0.0752	0.0623	0.0600	0.0023	0.1365	0.0636	0.0729	0.6849	0.4459	3.6588	6.0494	5.8906	1.6171	0.1341	0.0046	3.6593	0.0292	0.0414	0.0092	0.0092	0.0095	0.0000	0.0383	0.0714	0.0095
27	75	0.2034	9	0	0	0	0	0	0	0	0	N	N	N	N	N	N	N	N	N	N	N	N	0.1177	0.0894	0.2986	0.2405	0.2061	3.2656	0.0698	0.0136	0.2391	0.0667	0.0404	0.2363	0.0751	0.0760	0.0432	0.0607	0.0096	0.2531	0.5665	0.4522	0.7915	0.3123	0.3686	0.0132	0.8695	0.7094	1.0586	0.9049	0.8897	0.0008	-0.0335	1.6438	3.5843	3.3228	46.7516	0.0080	0.0042	0.0038	0.0037	0.0037	0.0001	0.0043	0.0005	0.0038	0.4636	0.2453	0.2183	0.1390	0.1380	0.0009	0.3246	0.1073	0.2173	0.1207	0.1045	0.0162	0.0498	0.0485	0.0013	0.0709	0.0560	0.0149	0.8183	0.5425	0.2758	0.4450	0.3745	0.0705	0.3733	0.1680	0.2053	0.1177	0.0894	0.2986	0.2405	0.2061	3.2656	0.0698	0.0151	0.2391	0.5665	0.4522	0.7915	0.3123	0.3686	0.0132	0.8695	0.6385	1.0586
27	76	0.1685	15	1	1	1	0	0	0	0	0	N	N	N	N	N	N	N	N	N	N	N	N	0.0000	0.0000	0.0000	0.0000	0.0000	0.0000	0.0000	0.0000	0.0000	0.0000	0.0000	0.0000	0.0000	0.0000	0.0000	0.0000	0.0000	0.0000	0.0004	0.0005	0.0001	0.0006	0.0006	0.0002	0.0003	0.0005	0.0001	0.1235	0.0000	-0.0000	1.6438	1.0003	3.3228	1.0071	0.0000	0.0000	0.0000	0.0000	0.0000	0.0000	0.0000	0.0000	0.0000	0.0000	0.0000	0.0000	0.0000	0.0000	0.0000	0.0000	0.0000	0.0000	0.0209	0.0189	0.0020	0.0071	0.0070	0.0001	0.0138	0.0119	0.0019	0.0192	0.0123	0.0069	0.0077	0.0073	0.0004	0.0116	0.0051	0.0065	0.0000	0.0000	0.0000	0.0000	0.0000	0.0000	0.0000	0.0000	0.0000	0.0004	0.0005	0.0001	0.0006	0.0006	0.0002	0.0003	0.0005	0.0001	
27	77	0.1618	14	1	0	1	0	0	0	0	0	N	N	N	N	N	N	N	N	N	N	N	N	0.0000	0.0000	0.0000	0.0000	0.0000	0.0000	0.0000	0.0000	0.0000	0.0000	0.0000	0.0000	0.0000	0.0000	0.0000	0.0000	0.0000	0.0000	0.0564	0.0722	0.0115	0.0724	0.0792	0.0113	0.0356	0.0566	0.0116	0.0559	0.0000	-0.0022	1.6438	0.9901	3.3228	2.2068	0.0000	0.0000	0.0000	0.0000	0.0000	0.0000	0.0000	0.0000	0.0000	0.0046	0.0043	0.0002	0.0033	0.0033	0.0001	0.0013	0.0011	0.0002	0.0209	0.0188	0.0020	0.0071	0.0070	0.0001	0.0138	0.0119	0.0019	0.0812	0.0601	0.0211	0.0460	0.0414	0.0046	0.0352	0.0187	0.0165	0.0000	0.0000	0.0000	0.0000	0.0000	0.0000	0.0000	0.0000	0.0000	0.0564	0.0722	0.0115	0.0724	0.0792	0.0113	0.0356	0.0566	0.0116	
27	78	0.0842	6	0	1	0	0	0	0	0	0	N	N	N	N	N	N	N	N	N	N	N	N	4.0333	18.5132	0.3940	0.2473	0.2450	0.0230	4.6148	3962.2341	0.4054	5.3057	5.7605	1.2565	0.1484	0.1511	0.0025	7.7578	8.8064	1.3339	1.3155	0.3112	3.1891	0.6003	0.6170	0.1099	1.6811	0.0022	3.2904	0.0245	5.4938	-0.3658	0.1003	1.6438	8.4371	3.3228	15.3349	1.0243	0.9998	0.0245	0.0092	0.0092	0.0000	1.0150	0.9906	0.0245	0.3310	0.0510	0.2800	0.0511	0.0508	0.0003	0.2799	0.0002	0.2797	0.1931	0.1736	0.0195	0.0622	0.0611	0.0011	0.1308	0.1125	0.0184	0.2516	0.1638	0.0878	0.0851	0.0823	0.0028	0.1665	0.0815	0.0850	4.0333	18.5132	0.3940	0.2473	0.2450	0.0230	4.6148	3962.2341	0.4054	1.3155	0.3112	3.1891	0.6003	0.6170	0.1099	1.6811	0.0022	3.2904
27	79	0.1618	14	1	0	1	0	0	0	0	0	N	N	N	N	N	N	N	N	N	N	N	N	0.0120	0.0000	50.0846	0.0006	0.0005	0.0000	0.0110	0.0000	53.8816	0.0310	0.0002	0.3208	0.0005	0.0005	0.0000	0.0466	0.0000	0.3445	2.5719	3.6793	0.0064	0.8145	0.8908	0.0065	4.2317	8.5389	0.0064	192.3674	0.0008	0.0012	-0.1802	1.6438	3.0096	3.3228	5.7427	0.0019	0.0000	0.0019	0.0000	0.0000	0.0000	0.0019	0.0000	0.0019	0.3324	0.3322	0.0002	0.0511	0.0511	0.0000	0.2813	0.2811	0.0002	0.0623	0.0563	0.0060	0.0211	0.0207	0.0004	0.0412	0.0356	0.0056	0.1292	0.0903	0.0390	0.0628	0.0574	0.0054	0.0665	0.0329	0.0336	0.0120	0.0000	50.0846	0.0006	0.0005	0.0000	0.0110	0.0000	53.8816	2.5719	3.6793	0.0064	0.8145	0.8908	0.0065	4.2317	8.5389	0.0064
27	80	0.1462	13	1	0	1	0	0	0	0	0	N	N	N	N	N	N	N	N	N	N	N	N	0.0000	0.0000	0.0000	0.0000	0.0000	0.0000	0.0000	0.0000	0.0000	0.0000	0.0000	0.0000	0.0000	0.0000	0.0000	0.0000	0.0000	0.0000	0.0613	0.0797	0.0286	0.0163	0.0168	0.0035	0.0874	0.1562	0.0297	0.2014	0.0000	-0.0017	1.6438	1.0477	3.3228	6.1154	0.0000	0.0000	0.0000	0.0000	0.0000	0.0000	0.0000	0.0000	0.0000	0.0046	0.0039	0.0008	0.0005	0.0004	0.0000	0.0042	0.0034	0.0008	0.0235	0.0213	0.0022	0.0082	0.0081	0.0001	0.0153	0.0132	0.0021	0.0755	0.0484	0.0271	0.0277	0.0265	0.0011	0.0478	0.0218	0.0260	0.0000	0.0000	0.0000	0.0000	0.0000	0.0000	0.0000	0.0000	0.0000	0.0613	0.0797	0.0286	0.0163	0.0168	0.0035	0.0874	0.1562	0.0297	
27	81	0.1397	12	0	0	0	0	0	0	0	0	N	N	N	N	N	N	N	N	N	N	N	N	0.0000	0.0000	0.0000	0.0000	0.0000	0.0000	0.0000	0.0000	0.0000	0.0000	0.0000	0.0000	0.0000	0.0000	0.0000	0.0000	0.0000	0.0000	0.0261	0.0361	0.0090	0.0615	0.0644	0.0009	0.0078	0.0062	0.0093	0.1437	0.0000	-0.0003	1.6438	1.9794	3.3228	1.0196	0.0000	0.0000	0.0000	0.0000	0.0000	0.0000	0.0000	0.0000	0.0000	0.0008	0.0007	0.0001	0.0006	0.0006	0.0000	0.0002	0.0001	0.0001	0.0420	0.0379	0.0041	0.0134	0.0132	0.0002	0.0285	0.0247	0.0039	0.0292	0.0185	0.0107	0.0100	0.0095	0.0004	0.0192	0.0090	0.0103	0.0000	0.0000	0.0000	0.0000	0.0000	0.0000	0.0000	0.0000	0.0000	0.0261	0.0361	0.0090	0.0615	0.0644	0.0009	0.0078	0.0062	0.0093	
27	82	0.1375	11	0	0	0	0	0	0	0	0	N	N	N	N	N	N	N	N	N	N	N	N	0.0680	0.1055	0.0055	0.1493	0.1711	0.0000	0.0016	0.0000	0.0065	0.0004	0.0004	0.0000	0.0012	0.0012	0.0000	0.0000	0.0000	0.0000	0.0055	0.0039	0.0083	0.0080	0.0071	0.0274	0.0042	0.0004	0.0075	0.0122	1.2398	-0.0000	0.0000	1.6438	1.0114	3.3228	0.0202	0.0000	0.0000	0.0000	0.0000	0.0000	0.0000	0.0000	0.0000	0.0000	0.0001	0.0000	0.0000	0.0000	0.0000	0.0000	0.0000	0.0000	0.0000	0.0216	0.0194	0.0021	0.0067	0.0066	0.0001	0.0149	0.0129	0.0020	0.0105	0.0066	0.0039	0.0036	0.0035	0.0002	0.0069	0.0032	0.0037	0.0680	0.1055	0.0055	0.1493	0.1711	0.0000	0.0016	0.0000	0.0065	0.0055	0.0039	0.0083	0.0080	0.0071	0.0274	0.0042	0.0004	0.0075
27	83	0.1170	10	0	0	0	0	0	0	0	0	N	N	N	N	N	N	N	N	N	N	N	N	68.3238	60.9173	12.6412	96.1783	93.7440	0.7028	3.1946	0.0253	12.6982	2.6954	3.0766	0.2625	7.8821	7.9933	0.0033	0.0539	0.0003	0.2718	0.0395	0.0505	0.0208	0.0820	0.0853	0.0048	0.0169	0.0114	0.0214	0.0134	0.2433	-0.1471	-0.0014	1.6438	5.9223	3.3228	3.6882	0.3998	0.3945	0.0053	0.3945	0.3945	0.0000	0.0053	0.0000	0.0053	0.0039	0.0032	0.0008	0.0028	0.0028	0.0000	0.0011	0.0003	0.0008	0.1483	0.1282	0.0201	0.0500	0.0493	0.0007	0.0983	0.0789	0.0194	0.0993	0.0624	0.0369	0.0345	0.0330	0.0014	0.0648	0.0293	0.0355	68.3238	60.9173	12.6412	96.1783	93.7440	0.7028	3.1946	0.0253	12.6982	0.0395	0.0505	0.0208	0.0820	0.0853	0.0048	0.0169	0.0114	0.0214
27	84	0.1041	8	0	1	0	0	0	0	0	0	N	N	N	N	N	N	N	N	N	N	N	N	0.0152	0.0090	0.0970	0.0112	0.0113	0.0338	0.0335	0.4277	0.0994	0.0172	0.0131	0.0546	0.0333	0.0339	0.0003	0.0101	0.0025	0.0578	1.1309	1.4512	0.5624	2.9583	3.0107	0.0099	0.3006	0.0059	0.5814	0.4650	0.2184	-0.0002	-0.1396	1.6438	7.1084	3.3228	28.8937	0.0026	0.0018	0.0008	0.0016	0.0016	0.0000	0.0011	0.0002	0.0008	0.3839	0.3151	0.0688	0.3145	0.3144	0.0000	0.0694	0.0007	0.0688	0.1523	0.1370	0.0153	0.0470	0.0462	0.0008	0.1052	0.0908	0.0144	0.3395	0.2171	0.1223	0.1085	0.1044	0.0041	0.2310	0.1127	0.1183	0.0152	0.0090	0.0970	0.0115	0.0113	0.0338	0.0335	0.4277	0.0994	1.1309	1.4512	0.5624	2.8985	3.0107	0.0099	0.3006	0.0059	0.5814
27	85	0.0966	7	0	1	0	0	0	0	0	0	N	N	N	N	N	N	N	N	N	N	N	N	0.4314	0.4086	0.7933	0.4769	0.4832	0.1570	0.3345	1.3418	0.8861	0.0307	0.0265	0.0674	0.0540	0.0557	0.0051	0.0149	0.0040	0.0766	0.0712	0.0649	0.0849	0.1132	0.1152	0.0326	0.0446	0.0030	0.0865	0.2908	0.6006	-0.0003	-0.0012	1.6438	2.2208	3.3228	3.9129	0.0021	0.0016	0.0005	0.0015	0.0015	0.0000	0.0006	0.0001	0.0005	0.0070	0.0044	0.0026	0.0043	0.0043	0.0000	0.0027	0.0001	0.0026	0.0668	0.0599	0.0069	0.0270	0.0261	0.0009	0.0398	0.0338	0.0060	0.0988	0.0677	0.0311	0.0383	0.0374	0.0009	0.0605	0.0303	0.0302	0.4314	0.4086	0.7933	0.4769	0.4832	0.1570	0.3345	1.3418	0.8861	0.0712	0.0649	0.0849	0.1132	0.1152	0.0326	0.0446	0.0030	0.0865
27	86	0.1721	9	0	0	1	0	0	0	0	0	N	N	N	N	N	N	N	N	N	N	N	N	2.4297	12.2396	0.0479	1.5138	1.5345	2.6133	2.3174	3962.4298	0.0047	0.0912	0.1006	0.0041	0.0215	0.0207	0.0669	0.1233	0.1424	0.0004	0.0375	0.0082	0.0854	0.0142	0.0135	0.0256	0.0532	0.0000	0.0893	0.0044	6.3628	-0.0042	0.0017	1.6438	5.3425	3.3228	7.0749	0.0112	0.0111	0.0000	0.0008	0.0008	0.0000	0.0104	0.0104	0.0000	0.0053	0.0007	0.0046	0.0008	0.0007	0.0001	0.0045	0.0000	0.0045	0.1227	0.1108	0.0120	0.0387	0.0380	0.0007	0.0841	0.0727	0.0113	0.1424	0.0883	0.0541	0.0571	0.0538	0.0033	0.0852	0.0345	0.0508	2.4297	12.2396	0.0479	1.5138	1.5345	2.6133	2.3174	3962.4298	0.0047	0.0375	0.0082	0.0854	0.0142	0.0135	0.0256	0.0532	0.0000	0.0893
27	87	0.1289	8	0	0	0	0	0	0	0	0	N	N	N	N	N	N	N	N	N	N	N	N	0.0929	0.8704	0.0458	1.5976	1.4013	13.1993	0.0019	0.4587	0.0044	0.0861	0.0831	0.1148	0.2449	0.2207	1.3607	0.0029	0.0014	0.0123	0.9275	0.0954	2.5080	0.1533	0.1575	0.1031	1.4990	0.0030	2.7613	0.1468	13.8333	-0.0038	0.1012	1.6438	7.0719	3.3228	13.7350	0.0149	0.0130	0.0019	0.0146	0.0129	0.0017	0.0003	0.0001	0.0002	0.2596	0.0175	0.2421	0.0182	0.0173	0.0009	0.2414	0.0002	0.2412	0.1732	0.1566	0.0166	0.0596	0.0583	0.0013	0.1136	0.0983	0.0154	0.2799	0.1834	0.0965	0.1189	0.1097	0.0092	0.1610	0.0737	0.0873	0.0929	0.8704	0.0458	1.5976	1.4013	13.1993	0.0019	0.4587	0.0044	0.9275	0.0954	2.5080	0.1533	0.1575	0.1031	1.4990	0.0030	2.7613
27	88	0.1721	16	1	0	1	0	0	0	0	0	N	N	N	N	N	N	N	N	N	N	N	N	0.0000	0.0000	0.0000	0.0000	0.0000	0.0000	0.0000	0.0000	0.0000	0.0000	0.0000	0.0000	0.0000	0.0000	0.0000	0.0000	0.0000	0.0000	0.0000	0.0000	1.6438	0.0000	3.3228	0.0000	0.0000	0.0000	0.0000	0.0000	0.0000	0.0000	0.0000	0.0000	0.0000	0.0000	0.0000	0.0000	0.0000	0.0000	0.0000	0.0000	0.0000	0.0000	0.0000	0.0000	0.0000	0.0000	0.0000	0.0000	0.0000	0.0000	0.0000	0.0000	0.0000	0.0000	0.0000	0.0000	0.0000	0.0000	0.0000	0.0000	0.0000	0.0000	0.0000	0.0000	0.0000	0.0000	0.0000	0.0000	0.0000	0.0000	0.0000	0.0000	0.0000	0.0000	0.0000	0.0000	0.0000	0.0000											
27	89	0.1702	15	1	0	1	0	0	0	0	0	N	N	N	N	N	N	N	N	N	N	N	N	0.0000	0.0000	0.0000	0.0000	0.0000	0.0000	0.0000	0.0000	0.0000	0.0000	0.0000	0.0000	0.0000	0.0000	0.0000	0.0000	0.0000	0.0000	0.0030	0.0044	0.0001	0.0070	0.0072	0.0029	0.0002	0.0004	0.0000	0.0150	0.0000	-0.0000	1.6438	0.0001	3.3228	0.9161	0.0000	0.0000	0.0000	0.0000	0.0000	0.0000	0.0000	0.0000	0.0000	0.0000	0.0000	0.0000	0.0000	0.0000	0.0000	0.0000	0.0000	0.0000	0.0000	0.0000	0.0000	0.0000	0.0000	0.0000	0.0000	0.0000	0.0000	0.0133	0.0090	0.0042	0.0055	0.0054	0.0002	0.0077	0.0037	0.0041	0.0000	0.0000	0.0000	0.0000	0.0000	0.0000	0.0000	0.0000	0.0000	0.0030	0.0044	0.0001	0.0070	0.0072	0.0029	0.0002	0.0004	0.0000	
27	90	0.1454	14	1	0	1	0	0	0	0	0	N	N	N	N	N	N	N	N	N	N	N	N	0.0684	0.0503	0.0998	0.9391	0.9352	0.0040	0.0364	0.0195	0.1104	0.0055	0.0061	0.0008	0.0074	0.0077	0.0000	0.0045	0.0051	0.0010	0.0808	0.1205	0.0083	0.0078	0.0082	0.0004	0.1249	0.2608	0.0087	0.0155	0.0378	-0.0002	-0.0046	1.6438	3.7876	3.3228	7.8440	0.0005	0.0005	0.0000	0.0002	0.0002	0.0000	0.0003	0.0002	0.0000	0.0090	0.0087	0.0003	0.0003	0.0003	0.0000	0.0087	0.0084	0.0003	0.0867	0.0779	0.0088	0.0303	0.0290	0.0012	0.0564	0.0489	0.0076	0.1117	0.0722	0.0395	0.0421	0.0401	0.0020	0.0696	0.0321	0.0375	0.0684	0.0503	0.0998	0.9391	0.9352	0.0040	0.0364	0.0195	0.1104	0.0808	0.1205	0.0083	0.0078	0.0082	0.0004	0.1249	0.2608	0.0087
27	91	0.0562	4	0	1	0	1	0	0	0	0	N	N	N	N	N	N	N	N	N	N	N	N	0.0018	0.0006	2.2510	0.0046	0.0044	0.0627	0.0013	0.0001	4.6829	0.0031	0.0015	0.0173	0.0039	0.0039	0.0051	0.0028	0.0003	0.0176	1.7118	2.7637	0.0077	0.8359	0.8818	0.0819	2.1489	4.7035	0.0038	1.2629	0.0017	0.0000	-0.1770	1.6438	1.8247	3.3228	16.3284	0.0001	0.0001	0.0001	0.0001	0.0001	0.0000	0.0001	0.0000	0.0001	0.3270	0.3264	0.0006	0.0532	0.0529	0.0003	0.2738	0.2735	0.0003	0.0470	0.0422	0.0047	0.0147	0.0146	0.0001	0.0323	0.0277	0.0046	0.1910	0.1181	0.0729	0.0636	0.0599	0.0036	0.1274	0.0582	0.0693	0.0018	0.0006	2.2510	0.0046	0.0044	0.0627	0.0013	0.0001	4.6829	1.7118	2.7637	0.0077	0.8359	0.8818	0.0819	2.1489	4.7035	0.0038
27	92	0.0667	5	0	1	0	0	0	0	0	0	N	N	N	N	N	N	N	N	N	N	N	N	15.9484	5.0505	208.0255	29.7722	33.1243	0.0000	12.2736	0.0000	246.6729	0.0259	0.0109	0.1586	0.0344	0.0348	0.0000	0.0226	0.0000	0.1638	0.0016	0.0021	0.0008	0.0012	0.0011	0.0039	0.0018	0.0032	0.0007	1.6579	0.2157	0.0012	-0.0001	1.6438	9.1310	3.3228	16.1726	0.0051	0.0019	0.0032	0.0019	0.0019	0.0000	0.0032	0.0000	0.0032	0.0004	0.0003	0.0001	0.0001	0.0001	0.0000	0.0003	0.0002	0.0001	0.1964	0.1764	0.0200	0.0557	0.0550	0.0006	0.1407	0.1214	0.0194	0.2252	0.1400	0.0852	0.0703	0.0677	0.0026	0.1549	0.0723	0.0826	15.9484	5.0505	208.0255	29.7722	33.1243	0.0000	12.2736	0.0000	246.6729	0.0016	0.0021	0.0008	0.0012	0.0011	0.0039	0.0018	0.0032	0.0007
27	93	0.0469	5	0	1	0	0	0	0	0	0	N	N	N	N	N	N	N	N	N	N	N	N	0.1153	0.4698	0.0019	0.9527	0.9607	0.1274	0.0125	4.4263	0.0012	0.0213	0.0238	0.0007	0.0731	0.0737	0.0096	0.0032	0.0036	0.0005	0.1849	0.0507	0.3694	0.0767	0.0768	0.0756	0.2542	0.0008	0.3768	0.0035	5.3024	-0.0007	0.0129	1.6438	4.0959	3.3228	8.7137	0.0019	0.0019	0.0000	0.0017	0.0017	0.0000	0.0002	0.0002	0.0000	0.0434	0.0069	0.0365	0.0070	0.0068	0.0002	0.0363	0.0000	0.0363	0.0909	0.0811	0.0098	0.0236	0.0234	0.0002	0.0673	0.0578	0.0095	0.2345	0.1357	0.0988	0.0916	0.0891	0.0024	0.1429	0.0466	0.0963	0.1153	0.4698	0.0019	0.9527	0.9607	0.1274	0.0125	4.4263	0.0012	0.1849	0.0507	0.3694	0.0767	0.0768	0.0756	0.2542	0.0008	0.3768
27	94	0.0286	4	0	1	0	0	0	0	0	0	N	N	N	N	N	N	N	N	N	N	N	N	7.0771	7.5698	1.1445	18.1412	18.2142	32.2408	0.2208	0.0027	1.0655	2.8325	3.1299	0.4384	11.6499	11.7783	1.4507	0.0580	0.0000	0.4104	0.4002	0.4135	0.3831	0.6422	0.6467	0.0450	0.2628	0.0042	0.3852	0.0174	0.7153	-0.0638	-0.0080	1.6438	2.9443	3.3228	6.1524	0.1752	0.1722	0.0030	0.1725	0.1722	0.0003	0.0027	0.0000	0.0027	0.0637	0.0371	0.0266	0.0370	0.0370	0.0000	0.0267	0.0001	0.0265	0.0619	0.0550	0.0068	0.0148	0.0146	0.0002	0.0471	0.0404	0.0067	0.1591	0.0898	0.0693	0.0576	0.0572	0.0004	0.1015	0.0326	0.0689	7.0771	7.5698	1.1445	18.1412	18.2142	32.2408	0.2208	0.0027	1.0655	0.4002	0.4135	0.3831	0.6422	0.6467	0.0450	0.2628	0.0042	0.3852
27	95	0.0262	3	0	0	0	0	0	0	0	0	N	N	N	N	N	N	N	N	N	N	N	N	0.1397	0.2335	0.0391	0.6459	0.6504	0.1611	0.0108	0.0346	0.0381	0.0758	0.0848	0.0291	0.2628	0.2647	0.0715	0.0071	0.0013	0.0284	0.5428	0.3630	0.7448	0.4069	0.4070	0.4441	0.6617	0.0378	0.7454	0.0655	1.8266	-0.0005	0.0091	1.6438	0.8596	3.3228	1.2300	0.0016	0.0015	0.0001	0.0015	0.0015	0.0000	0.0001	0.0000	0.0001	0.0879	0.0311	0.0568	0.0307	0.0307	0.0000	0.0571	0.0004	0.0568	0.0207	0.0174	0.0033	0.0056	0.0055	0.0001	0.0151	0.0119	0.0033	0.1619	0.0857	0.0763	0.0756	0.0755	0.0001	0.0864	0.0102	0.0762	0.1397	0.2335	0.0391	0.6459	0.6504	0.2002	0.0108	0.0346	0.0381	0.5428	0.3630	0.7448	0.4069	0.4070	0.3573	0.6617	0.0378	0.7454
27	96	0.0143	2	0	0	0	0	0	0	0	0	N	N	N	N	N	N	N	N	N	N	N	N	0.8843	0.9887	0.3968	1.1498	1.1531	0.0656	0.3980	34.8828	0.3981	0.7163	1.0622	0.2085	1.3660	1.3712	0.0208	0.1896	0.1362	0.2093	0.8099	1.0743	0.5255	1.1880	1.1891	0.3171	0.4764	0.0039	0.5258	0.1337	0.4545	-0.0744	-0.0972	1.6438	3.7737	3.3228	2.5241	0.2826	0.2492	0.0333	0.2413	0.2412	0.0000	0.0413	0.0080	0.0333	0.4217	0.2900	0.1318	0.2899	0.2898	0.0001	0.1318	0.0001	0.1317	0.3945	0.2347	0.1598	0.1766	0.1759	0.0007	0.2179	0.0587	0.1592	0.5207	0.2699	0.2508	0.2441	0.2438	0.0003	0.2766	0.0262	0.2505	0.8843	0.9887	0.3968	1.1498	1.1531	0.0717	0.3980	34.8828	0.3981	0.8099	1.0743	0.5255	1.1880	1.1891	0.2899	0.4764	0.0039	0.5258
27	98	0.1454	14	0	1	0	0	0	0	0	0	N	N	N	N	N	N	N	N	N	N	N	N	0.1008	0.3816	0.0065	1.9514	1.9803	0.0030	0.0576	0.1764	0.0080	0.0137	0.0150	0.0020	0.0159	0.0168	0.0000	0.0122	0.0137	0.0026	0.1356	0.0393	0.3110	0.0081	0.0085	0.0007	0.2122	0.0776	0.3274	0.0155	4.3410	-0.0002	0.0047	1.6438	1.3608	3.3228	12.1483	0.0005	0.0005	0.0000	0.0002	0.0002	0.0000	0.0003	0.0002	0.0000	0.0173	0.0032	0.0140	0.0004	0.0004	0.0000	0.0169	0.0028	0.0140	0.0351	0.0314	0.0036	0.0141	0.0133	0.0008	0.0210	0.0182	0.0028	0.1273	0.0822	0.0451	0.0478	0.0455	0.0023	0.0796	0.0367	0.0429	0.1008	0.3816	0.0065	1.9514	1.9803	0.0030	0.0576	0.1764	0.0080	0.1356	0.0393	0.3110	0.0081	0.0085	0.0007	0.2122	0.0776	0.3274
27	99	0.1417	13	0	0	0	0	0	0	0	0	N	N	N	N	N	N	N	N	N	N	N	N	68.3520	104.0476	3.3868	196.9318	233.7825	11.7362	53.4145	66.6065	3.9136	0.2594	0.3168	0.0177	0.2282	0.2712	0.0133	0.2928	0.3688	0.0213	0.0038	0.0030	0.0052	0.0012	0.0012	0.0011	0.0055	0.0055	0.0054	0.0133	0.9004	-0.0071	-0.0000	1.6438	1.5300	3.3228	0.7696	0.0194	0.0192	0.0003	0.0088	0.0087	0.0001	0.0106	0.0104	0.0002	0.0001	0.0001	0.0000	0.0000	0.0000	0.0000	0.0001	0.0000	0.0000	0.0748	0.0605	0.0144	0.0387	0.0322	0.0064	0.0361	0.0282	0.0079	0.0257	0.0169	0.0088	0.0100	0.0096	0.0004	0.0157	0.0073	0.0084	68.3520	104.0476	3.3868	196.9318	233.7825	11.7362	53.4145	66.6065	3.9136	0.0038	0.0030	0.0052	0.0012	0.0012	0.0011	0.0055	0.0055	0.0054
27	100	0.1329	12	0	0	0	0	0	0	0	0	N	N	N	N	N	N	N	N	N	N	N	N	25763.0947	23548.0998	4456.7972	243.4308	234.1727	639.5223	101853.7827	168719.4149	5073.7560	10.5206	12.3678	0.8969	0.2043	0.2027	0.2382	16.2728	20.7230	0.9715	0.0004	0.0005	0.0002	0.0008	0.0009	0.0004	0.0002	0.0001	0.0002	0.0139	0.2162	-0.3754	-0.0000	1.6438	3.6906	3.3228	1.4800	1.0220	1.0080	0.0140	0.0071	0.0067	0.0004	1.0149	1.0012	0.0137	0.0000	0.0000	0.0000	0.0000	0.0000	0.0000	0.0000	0.0000	0.0000	0.0971	0.0815	0.0156	0.0348	0.0332	0.0016	0.0624	0.0483	0.0141	0.0509	0.0326	0.0184	0.0186	0.0176	0.0010	0.0323	0.0149	0.0174	25763.0947	23548.0998	4456.7972	243.4308	234.1727	639.5223	101853.7827	168719.4149	5073.7560	0.0004	0.0005	0.0002	0.0008	0.0009	0.0004	0.0002	0.0001	0.0002
27	101	0.1329	11	0	0	0	0	0	0	0	0	N	N	N	N	N	N	N	N	N	N	N	N	637.0486	645.0650	614.7661	475.6089	486.1501	481.6625	830.8539	1121.6251	652.9697	0.6299	0.5674	0.7370	0.6014	0.6384	0.2581	0.6643	0.3150	0.8177	0.0010	0.0009	0.0012	0.0013	0.0013	0.0005	0.0008	0.0003	0.0013	0.7579	0.7083	0.0007	-0.0000	1.6438	0.1361	3.3228	0.4500	0.0144	0.0082	0.0062	0.0075	0.0072	0.0003	0.0069	0.0010	0.0059	0.0000	0.0000	0.0000	0.0000	0.0000	0.0000	0.0000	0.0000	0.0000	0.0228	0.0144	0.0084	0.0125	0.0112	0.0012	0.0104	0.0032	0.0072	0.0074	0.0048	0.0025	0.0030	0.0028	0.0002	0.0044	0.0020	0.0023	637.0486	645.0650	614.7661	475.6089	486.1501	481.6625	830.8539	1121.6251	652.9697	0.0010	0.0009	0.0012	0.0013	0.0013	0.0005	0.0008	0.0003	0.0013
27	102	0.1170	10	0	0	0	0	0	0	0	0	N	N	N	N	N	N	N	N	N	N	N	N	7.3001	5.0261	19.1919	5.5837	5.6388	0.4899	9.3783	25.5232	19.9401	0.1430	0.0852	0.4610	0.1729	0.1750	0.0145	0.1262	0.0207	0.4746	0.0196	0.0170	0.0240	0.0310	0.0310	0.0296	0.0135	0.0008	0.0238	0.9819	0.8384	0.0016	-0.0001	1.6438	3.5591	3.3228	4.5341	0.0144	0.0073	0.0071	0.0062	0.0062	0.0000	0.0081	0.0010	0.0071	0.0017	0.0009	0.0008	0.0009	0.0009	0.0000	0.0007	0.0000	0.0007	0.1007	0.0852	0.0155	0.0361	0.0356	0.0005	0.0646	0.0496	0.0150	0.0856	0.0538	0.0318	0.0300	0.0287	0.0012	0.0557	0.0251	0.0306	7.3001	5.0261	19.1919	5.5837	5.6388	0.4899	9.3783	25.5232	19.9401	0.0196	0.0170	0.0240	0.0310	0.0310	0.0296	0.0135	0.0008	0.0238
27	103	0.0953	9	0	0	0	0	0	0	0	0	N	N	N	N	N	N	N	N	N	N	N	N	0.5448	0.2598	2.9214	0.5046	0.5029	0.0312	0.6464	2.6852	2.9907	0.3041	0.1365	1.7625	0.4027	0.4067	0.0206	0.2621	0.0034	1.8167	0.5582	0.5257	0.6033	0.7981	0.8087	0.6593	0.4054	0.0013	0.6074	1.4834	0.8287	0.0046	-0.0086	1.6438	2.8937	3.3228	8.0733	0.0213	0.0086	0.0127	0.0084	0.0084	0.0000	0.0129	0.0001	0.0127	0.0953	0.0521	0.0432	0.0530	0.0521	0.0010	0.0423	0.0000	0.0422	0.0700	0.0628	0.0072	0.0209	0.0207	0.0002	0.0490	0.0421	0.0070	0.1707	0.0991	0.0716	0.0664	0.0644	0.0021	0.1043	0.0348	0.0695	0.5448	0.2598	2.9214	0.5046	0.5029	0.0443	0.6464	2.6852	2.9907	0.5582	0.5257	0.6033	0.7981	0.8087	0.4639	0.4054	0.0013	0.6074
27	104	0.0901	5	0	1	0	0	0	0	0	0	N	N	N	N	N	N	N	N	N	N	N	N	0.0122	0.0104	0.0239	0.0124	0.0126	0.0000	0.0171	0.0259	0.0318	0.0002	0.0002	0.0003	0.0005	0.0005	0.0000	0.0001	0.0000	0.0003	0.0193	0.0222	0.0113	0.0396	0.0393	0.0454	0.0046	0.0014	0.0088	0.1468	0.1842	-0.0000	-0.0002	1.6438	0.0277	3.3228	1.3445	0.0000	0.0000	0.0000	0.0000	0.0000	0.0000	0.0000	0.0000	0.0000	0.0005	0.0004	0.0001	0.0004	0.0004	0.0000	0.0001	0.0000	0.0001	0.0009	0.0008	0.0001	0.0003	0.0003	0.0000	0.0005	0.0004	0.0001	0.0246	0.0181	0.0066	0.0103	0.0099	0.0004	0.0143	0.0082	0.0061	0.0122	0.0104	0.0239	0.0124	0.0126	0.0000	0.0171	0.0259	0.0318	0.0193	0.0222	0.0113	0.0396	0.0393	0.0454	0.0046	0.0014	0.0088
27	105	0.0434	4	0	1	0	0	0	0	0	0	N	N	N	N	N	N	N	N	N	N	N	N	0.9122	0.7483	0.3477	0.1824	0.1816	0.1710	3.3659	7.3213	0.3571	0.0359	0.0393	0.0064	0.0188	0.0191	0.0028	0.0435	0.0494	0.0065	0.0394	0.0525	0.0183	0.1033	0.1052	0.0164	0.0129	0.0068	0.0183	0.0183	0.2161	-0.0015	-0.0029	1.6438	5.1414	3.3228	16.4151	0.0041	0.0040	0.0001	0.0007	0.0007	0.0000	0.0034	0.0033	0.0001	0.0081	0.0066	0.0014	0.0062	0.0062	0.0000	0.0019	0.0005	0.0014	0.1132	0.1017	0.0115	0.0346	0.0340	0.0006	0.0786	0.0677	0.0110	0.2047	0.1263	0.0784	0.0600	0.0587	0.0013	0.1447	0.0676	0.0771	0.9122	0.7483	0.3477	0.1824	0.1816	0.1710	3.3659	7.3213	0.3571	0.0394	0.0525	0.0183	0.1033	0.1052	0.0164	0.0129	0.0068	0.0183
27	106	0.0352	3	0	0	0	0	0	0	0	0	N	N	N	N	N	N	N	N	N	N	N	N	80.7650	81.1181	2.5153	0.2729	0.2729	0.1107	215.1539	3518.5977	2.6040	11.3962	12.7338	0.2945	0.0702	0.0709	0.0146	15.9137	18.5695	0.3042	0.1411	0.1570	0.1171	0.2574	0.2600	0.1316	0.0740	0.0053	0.1168	0.0028	0.4928	-0.3756	-0.0027	1.6438	3.8974	3.3228	1.6364	0.9929	0.9901	0.0028	0.0017	0.0017	0.0000	0.9911	0.9884	0.0028	0.0128	0.0086	0.0042	0.0085	0.0084	0.0001	0.0042	0.0001	0.0041	0.0871	0.0778	0.0094	0.0248	0.0245	0.0003	0.0623	0.0532	0.0091	0.0905	0.0545	0.0360	0.0331	0.0325	0.0007	0.0574	0.0220	0.0353	80.7650	81.1181	2.5153	0.2729	0.2729	0.1107	215.1539	3518.5977	2.6040	0.1411	0.1570	0.1171	0.2574	0.2600	0.1316	0.0740	0.0053	0.1168
27	109	0.1256	10	1	1	0	1	0	0	0	0	N	N	N	N	N	N	N	N	N	N	N	N	0.0000	0.0000	0.0000	0.0000	0.0000	0.0000	0.0000	0.0000	0.0000	0.0000	0.0000	0.0000	0.0000	0.0000	0.0000	0.0000	0.0000	0.0000	0.0000	0.0000	1.6438	0.0000	3.3228	0.0000	0.0000	0.0000	0.0000	0.0000	0.0000	0.0000	0.0000	0.0000	0.0000	0.0000	0.0000	0.0000	0.0000	0.0000	0.0000	0.0000	0.0000	0.0000	0.0000	0.0000	0.0000	0.0000	0.0000	0.0000	0.0000	0.0000	0.0000	0.0000	0.0000	0.0000	0.0000	0.0000	0.0000	0.0000	0.0000	0.0000	0.0000	0.0000	0.0000	0.0000	0.0000	0.0000	0.0000	0.0000	0.0000	0.0000	0.0000	0.0000	0.0000	0.0000	0.0000	0.0000	0.0000	0.0000											
27	110	0.1106	9	1	1	0	1	0	0	0	0	N	N	N	N	N	N	N	N	N	N	N	N	0.0000	0.0000	0.0000	0.0000	0.0000	0.0000	0.0000	0.0000	0.0000	0.0000	0.0000	0.0000	0.0000	0.0000	0.0000	0.0000	0.0000	0.0036	0.0044	0.0023	0.0090	0.0075	0.0424	0.0004	0.0000	0.0006	0.3419	0.0000	-0.0001	1.6438	0.0000	3.3228	7.1240	0.0000	0.0000	0.0000	0.0000	0.0000	0.0000	0.0000	0.0000	0.0000	0.0003	0.0002	0.0001	0.0003	0.0002	0.0001	0.0000	0.0000	0.0000	0.0000	0.0000	0.0000	0.0000	0.0000	0.0000	0.0000	0.0000	0.0000	0.0873	0.0526	0.0347	0.0327	0.0312	0.0014	0.0547	0.0214	0.0333	0.0000	0.0000	0.0000	0.0000	0.0000	0.0000	0.0000	0.0000	0.0000	0.0036	0.0044	0.0023	0.0090	0.0075	0.0424	0.0004	0.0000	0.0006		
27	111	0.1196	11	0	1	0	1	0	0	0	0	N	N	N	N	N	N	N	N	N	N	N	N	276.6995	456.7281	0.0000	683.0221	645.5818	0.0000	0.0000	0.0000	0.0144	0.0156	0.0000	0.0352	0.0353	0.0000	0.0000	0.0000	0.0000	0.0001	0.0000	0.0001	0.0001	0.0001	0.0000	0.0001	0.0000	0.0001	0.0000	1.5166	-0.0000	0.0000	1.6438	0.0016	3.3228	5.0076	0.0000	0.0000	0.0000	0.0000	0.0000	0.0000	0.0000	0.0000	0.0000	0.0000	0.0000	0.0000	0.0000	0.0000	0.0000	0.0000	0.0000	0.0000	0.0001	0.0001	0.0000	0.0000	0.0000	0.0000	0.0000	0.0000	0.0000	0.0610	0.0370	0.0241	0.0240	0.0225	0.0014	0.0371	0.0144	0.0227	276.6995	456.7281	0.0000	683.0221	645.5818	0.0000	0.0000	0.0000	0.0000	0.0001	0.0000	0.0001	0.0001	0.0001	0.0000	0.0001	0.0000	0.0001	
27	112	0.1128	10	0	1	0	1	0	0	0	0	N	N	N	N	N	N	N	N	N	N	N	N	0.1312	0.0000	7.1298	0.0000	0.0000	0.0000	0.1713	0.0000	7.0888	0.0001	0.0000	0.0005	0.0000	0.0000	0.0000	0.0001	0.0000	0.0006	0.0004	0.0006	0.0001	0.0004	0.0004	0.0000	0.0004	0.0010	0.0001	inf	0.0769	0.0000	-0.0000	1.6438	1.0012	3.3228	2.1373	0.0000	0.0000	0.0000	0.0000	0.0000	0.0000	0.0000	0.0000	0.0000	0.0000	0.0000	0.0000	0.0000	0.0000	0.0000	0.0000	0.0000	0.0000	0.0214	0.0192	0.0022	0.0062	0.0061	0.0001	0.0152	0.0131	0.0021	0.0411	0.0248	0.0163	0.0160	0.0153	0.0008	0.0251	0.0096	0.0155	0.1312	0.0000	7.1298	0.0000	0.0000	0.0000	0.1713	0.0000	7.0888	0.0004	0.0006	0.0001	0.0004	0.0004	0.0000	0.0004	0.0010	0.0001
27	113	0.1211	10	0	1	0	0	0	0	0	0	N	N	N	N	N	N	N	N	N	N	N	N	0.0000	0.0000	0.0000	0.0000	0.0000	0.0000	0.0000	0.0000	0.0000	0.0000	0.0000	0.0000	0.0000	0.0000	0.0000	0.0000	0.0000	0.0000	0.0006	0.0001	0.0014	0.0002	0.0002	0.0000	0.0009	0.0000	0.0015	9.0897	0.0000	0.0000	1.6438	0.9705	3.3228	5.0371	0.0000	0.0000	0.0000	0.0000	0.0000	0.0000	0.0000	0.0000	0.0000	0.0000	0.0000	0.0000	0.0000	0.0000	0.0000	0.0000	0.0000	0.0000	0.0228	0.0205	0.0023	0.0073	0.0071	0.0001	0.0155	0.0134	0.0021	0.0735	0.0446	0.0289	0.0278	0.0265	0.0012	0.0457	0.0181	0.0277	0.0000	0.0000	0.0000	0.0000	0.0000	0.0000	0.0000	0.0000	0.0000	0.0006	0.0001	0.0014	0.0002	0.0002	0.0000	0.0009	0.0000	0.0015	
27	114	0.1128	10	0	0	1	1	0	0	0	0	N	N	N	N	N	N	N	N	N	N	N	N	0.0000	0.0000	0.0000	0.0000	0.0000	0.0000	0.0000	0.0000	0.0000	0.0000	0.0000	0.0000	0.0000	0.0002	0.0004	0.0000	0.0006	0.0006	0.0000	0.0000	0.0000	0.0000	0.0000	0.0000	-0.0000	1.6438	0.0000	3.3228	1.1303	0.0000	0.0000	0.0000	0.0000	0.0000	0.0000	0.0000	0.0000	0.0000	0.0000	0.0000	0.0000	0.0000	0.0000	0.0000	0.0000	0.0000	0.0000	0.0000	0.0000	0.0000	0.0000	0.0000	0.0000	0.0000	0.0000	0.0000	0.0167	0.0101	0.0066	0.0067	0.0064	0.0003	0.0100	0.0037	0.0063	0.0000	0.0000	0.0000	0.0000	0.0000	0.0000	0.0000	0.0000	0.0000	0.0002	0.0004	0.0000	0.0006	0.0006	0.0000	0.0000	0.0000	0.0000						
27	115	0.1106	9	0	0	0	1	0	0	0	0	N	N	N	N	N	N	N	N	N	N	N	N	0.0000	0.0000	0.0000	0.0000	0.0000	0.0000	0.0000	0.0000	0.0000	0.0000	0.0000	0.0000	0.0000	0.0000	0.0000	0.0000	0.0000	0.0022	0.0033	0.0003	0.0008	0.0008	0.0000	0.0030	0.0075	0.0003	0.0617	0.0000	-0.0000	1.6438	0.0000	3.3228	1.2340	0.0000	0.0000	0.0000	0.0000	0.0000	0.0000	0.0000	0.0000	0.0000	0.0000	0.0000	0.0000	0.0000	0.0000	0.0000	0.0000	0.0000	0.0000	0.0000	0.0000	0.0000	0.0000	0.0000	0.0000	0.0000	0.0000	0.0000	0.0181	0.0110	0.0071	0.0071	0.0069	0.0003	0.0110	0.0041	0.0069	0.0000	0.0000	0.0000	0.0000	0.0000	0.0000	0.0000	0.0000	0.0000	0.0022	0.0033	0.0003	0.0008	0.0008	0.0000	0.0030	0.0075	0.0003		
27	116	0.1182	10	0	0	1	1	0	0	0	0	N	N	N	N	N	N	N	N	N	N	N	N	0.2523	3.7852	0.1198	13.9394	13.4804	0.2483	0.0287	0.0306	0.1189	0.0733	0.0719	0.0864	0.2064	0.2091	0.0001	0.0134	0.0007	0.0900	0.2907	0.0190	0.7213	0.0148	0.0155	0.0005	0.4652	0.0242	0.7571	0.1359	23.9705	-0.0004	0.0030	1.6438	0.9725	3.3228	0.9874	0.0016	0.0014	0.0002	0.0014	0.0014	0.0000	0.0002	0.0000	0.0002	0.0072	0.0003	0.0069	0.0001	0.0001	0.0000	0.0071	0.0001	0.0069	0.0221	0.0199	0.0022	0.0069	0.0068	0.0001	0.0153	0.0131	0.0022	0.0248	0.0152	0.0096	0.0096	0.0092	0.0005	0.0152	0.0061	0.0091	0.2523	3.7852	0.1198	13.9394	13.4804	0.2483	0.0287	0.0306	0.1189	0.2907	0.0190	0.7213	0.0148	0.0155	0.0005	0.4652	0.0242	0.7571
27	117	0.1182	10	0	0	1	1	0	0	0	0	N	N	N	N	N	N	N	N	N	N	N	N	0.2535	0.0224	305.7643	0.5040	0.3909	90967.5577	0.2486	0.0000	288.3766	0.0275	0.0040	0.2070	0.0101	0.0082	0.2994	0.0407	0.0000	0.2047	0.1085	0.1776	0.0007	0.0200	0.0210	0.0000	0.1636	0.4232	0.0007	6.8237	0.0024	0.0000	-0.0029	1.6438	0.0285	3.3228	4.0215	0.0000	0.0000	0.0000	0.0000	0.0000	0.0000	0.0000	0.0000	0.0000	0.0054	0.0054	0.0000	0.0004	0.0004	0.0000	0.0050	0.0050	0.0000	0.0017	0.0015	0.0002	0.0007	0.0007	0.0000	0.0010	0.0008	0.0002	0.0497	0.0303	0.0194	0.0191	0.0182	0.0009	0.0306	0.0121	0.0185	0.2535	0.0224	305.7643	0.5040	0.3909	90967.5577	0.2486	0.0000	288.3766	0.1085	0.1776	0.0007	0.0200	0.0210	0.0000	0.1636	0.4125	0.0007
27	118	0.1106	9	0	0	1	1	0	0	0	0	N	N	N	N	N	N	N	N	N	N	N	N	2.5068	18.2094	0.1320	77.7051	75.5066	0.0000	0.1297	0.8520	0.1320	0.0071	0.0078	0.0009	0.0233	0.0236	0.0000	0.0006	0.0005	0.0009	0.0028	0.0004	0.0065	0.0003	0.0003	0.0000	0.0044	0.0006	0.0068	0.0124	9.9644	-0.0002	0.0001	1.6438	3.0275	3.3228	2.1573	0.0005	0.0005	0.0000	0.0004	0.0004	0.0000	0.0000	0.0000	0.0000	0.0002	0.0000	0.0002	0.0000	0.0000	0.0000	0.0002	0.0000	0.0002	0.0640	0.0575	0.0065	0.0185	0.0182	0.0003	0.0455	0.0393	0.0062	0.0651	0.0392	0.0259	0.0245	0.0235	0.0010	0.0406	0.0158	0.0248	2.5068	18.2094	0.1320	77.7051	75.5066	0.0000	0.1297	0.8520	0.1320	0.0028	0.0004	0.0065	0.0003	0.0003	0.0000	0.0044	0.0006	0.0068
27	119	0.1519	9	1	1	0	0	0	0	0	0	N	N	N	N	N	N	N	N	N	N	N	N	0.0001	0.0001	0.0014	0.0001	0.0002	0.2170	0.0003	0.0031	0.0014	0.0006	0.0005	0.0014	0.0014	0.0014	0.0005	0.0002	0.0000	0.0014	3.8115	5.6220	0.9433	9.1704	8.7793	0.0024	0.6139	0.0014	0.9746	0.2824	0.1059	-0.0000	-0.1221	1.6438	2.1883	3.3228	3.1271	0.0000	0.0000	0.0000	0.0000	0.0000	0.0000	0.0000	0.0000	0.0000	0.2730	0.2468	0.0261	0.2468	0.2468	0.0000	0.0262	0.0000	0.0261	0.0515	0.0467	0.0047	0.0169	0.0166	0.0003	0.0346	0.0301	0.0045	0.0716	0.0439	0.0277	0.0290	0.0281	0.0009	0.0426	0.0158	0.0268	0.0001	0.0001	0.0014	0.0002	0.0002	0.2170	0.0003	0.0031	0.0014	3.8115	5.6220	0.9433	8.5091	8.7793	0.0024	0.6139	0.0014	0.9746
27	120	0.0849	8	1	1	0	0	0	0	0	0	N	N	N	N	N	N	N	N	N	N	N	N	54.4688	52.8318	26.6756	104.0730	102.4195	408.9919	6.4816	15.5203	26.8965	1.4746	1.5712	0.6189	5.1103	5.1720	0.0063	0.0970	0.0121	0.6394	0.0271	0.0297	0.0232	0.0491	0.0505	0.0000	0.0150	0.0008	0.0238	0.0444	0.5372	-0.1438	-0.0018	1.6438	13.6104	3.3228	16.0982	0.4248	0.4067	0.0181	0.4045	0.4045	0.0000	0.0203	0.0022	0.0181	0.0093	0.0061	0.0033	0.0060	0.0060	0.0000	0.0033	0.0001	0.0033	0.2881	0.2589	0.0292	0.0792	0.0782	0.0009	0.2089	0.1807	0.0283	0.3440	0.2037	0.1403	0.1220	0.1187	0.0034	0.2220	0.0851	0.1369	54.4688	52.8318	26.6756	104.0730	102.4195	408.9919	6.4816	15.5203	26.8965	0.0271	0.0297	0.0232	0.0491	0.0505	0.0000	0.0150	0.0008	0.0238
27	121	0.1102	10	0	1	0	0	0	0	0	0	N	N	N	N	N	N	N	N	N	N	N	N	0.0291	0.0206	0.2428	0.0468	0.0346	4.8265	0.0139	0.0016	0.1109	0.0124	0.0119	0.0171	0.0263	0.0260	0.0492	0.0027	0.0004	0.0157	0.4265	0.5809	0.0703	0.5613	0.7538	0.0102	0.1944	0.2264	0.1415	0.1468	0.0525	-0.0001	-0.0627	1.6438	0.3548	3.3228	4.6068	0.0002	0.0002	0.0000	0.0002	0.0002	0.0000	0.0000	0.0000	0.0000	0.1271	0.1208	0.0063	0.1058	0.1053	0.0005	0.0213	0.0154	0.0058	0.0178	0.0161	0.0017	0.0073	0.0073	0.0001	0.0104	0.0088	0.0016	0.2980	0.2079	0.0901	0.1885	0.1397	0.0488	0.1094	0.0682	0.0413	0.0291	0.0206	0.2428	0.0468	0.0346	4.8265	0.0139	0.0016	0.1109	0.4265	0.5809	0.0703	0.5613	0.7538	0.0102	0.1944	0.2264	0.1415
27	122	0.0953	9	0	1	0	0	0	0	0	0	N	N	N	N	N	N	N	N	N	N	N	N	0.0102	0.0049	0.1221	0.0094	0.0103	0.2395	0.0153	0.0009	0.1201	0.0160	0.0119	0.0520	0.0330	0.0327	0.0580	0.0082	0.0008	0.0518	1.5729	2.4255	0.4256	3.5167	3.1878	0.2422	0.5346	0.8054	0.4311	0.5000	0.1304	-0.0000	-0.0900	1.6438	1.6911	3.3228	5.7022	0.0007	0.0005	0.0002	0.0005	0.0005	0.0000	0.0003	0.0000	0.0002	0.2105	0.1862	0.0243	0.1680	0.1676	0.0004	0.0426	0.0187	0.0239	0.0448	0.0402	0.0046	0.0142	0.0140	0.0001	0.0307	0.0262	0.0045	0.1338	0.0768	0.0571	0.0542	0.0526	0.0016	0.0796	0.0242	0.0554	0.0102	0.0049	0.1221	0.0106	0.0103	0.2395	0.0153	0.0010	0.1201	1.5729	2.4255	0.4256	3.0985	3.1878	0.2422	0.5346	0.7713	0.4311
27	123	0.0849	8	0	0	0	0	0	0	0	0	N	N	N	N	N	N	N	N	N	N	N	N	0.0470	0.0333	0.1876	0.0690	0.0679	60.9580	0.0344	0.0223	0.1879	0.0184	0.0117	0.0832	0.0323	0.0322	0.0409	0.0117	0.0002	0.0844	0.3928	0.3523	0.4435	0.4681	0.4744	0.0007	0.3392	0.0096	0.4491	0.7361	1.0038	0.0000	-0.0019	1.6438	2.0929	3.3228	3.1856	0.0011	0.0007	0.0005	0.0007	0.0006	0.0000	0.0005	0.0000	0.0005	0.0459	0.0229	0.0230	0.0227	0.0227	0.0000	0.0232	0.0002	0.0230	0.0615	0.0557	0.0058	0.0202	0.0200	0.0002	0.0413	0.0357	0.0056	0.1169	0.0650	0.0518	0.0486	0.0479	0.0007	0.0683	0.0171	0.0512	0.0470	0.0333	0.1876	0.0690	0.0679	60.9580	0.0344	0.0223	0.1879	0.3928	0.3523	0.4435	0.4681	0.4744	0.0007	0.3392	0.0096	0.4491
27	124	0.1257	11	1	1	0	0	0	0	0	0	N	N	N	N	N	N	N	N	N	N	N	N	0.0000	0.0000	0.0000	0.0000	0.0000	0.0000	0.0000	0.0000	0.0000	0.0000	0.0000	0.0000	0.0000	0.0000	0.0000	0.0000	0.0000	0.0000	0.0000	0.0000	1.6438	0.0000	3.3228	0.0000	0.0000	0.0000	0.0000	0.0000	0.0000	0.0000	0.0000	0.0000	0.0000	0.0000	0.0000	0.0000	0.0000	0.0000	0.0000	0.0000	0.0000	0.0000	0.0000	0.0000	0.0000	0.0000	0.0000	0.0000	0.0000	0.0000	0.0000	0.0000	0.0000	0.0000	0.0000	0.0000	0.0000	0.0000	0.0000	0.0000	0.0000	0.0000	0.0000	0.0000	0.0000	0.0000	0.0000	0.0000	0.0000	0.0000	0.0000	0.0000	0.0000	0.0000	0.0000	0.0000	0.0000	0.0000											
27	125	0.1211	10	1	1	0	0	0	0	0	0	N	N	N	N	N	N	N	N	N	N	N	N	0.0000	0.0000	0.0000	0.0000	0.0000	0.0000	0.0000	0.0000	0.0000	0.0000	0.0000	0.0000	0.0000	0.0000	0.0000	0.0000	0.0000	0.0000	0.0019	0.0018	0.0020	0.0001	0.0001	0.0000	0.0030	0.0043	0.0021	0.6972	0.0000	-0.0000	1.6438	0.1434	3.3228	1.9839	0.0000	0.0000	0.0000	0.0000	0.0000	0.0000	0.0000	0.0000	0.0000	0.0001	0.0000	0.0000	0.0000	0.0000	0.0000	0.0001	0.0000	0.0000	0.0051	0.0046	0.0005	0.0021	0.0021	0.0001	0.0030	0.0025	0.0004	0.0279	0.0171	0.0108	0.0107	0.0103	0.0004	0.0172	0.0068	0.0104	0.0000	0.0000	0.0000	0.0000	0.0000	0.0000	0.0000	0.0000	0.0000	0.0019	0.0018	0.0020	0.0001	0.0001	0.0000	0.0030	0.0043	0.0021	
27	126	0.1106	9	0	1	0	0	0	0	0	0	N	N	N	N	N	N	N	N	N	N	N	N	0.0000	0.0000	0.0000	0.0000	0.0000	0.0000	0.0000	0.0000	0.0000	0.0000	0.0000	0.0000	0.0000	0.0000	0.0000	0.0000	0.0000	0.0000	0.0005	0.0003	0.0008	0.0001	0.0001	0.0000	0.0008	0.0006	0.0008	1.6917	0.0000	0.0000	1.6438	1.8882	3.3228	2.9115	0.0000	0.0000	0.0000	0.0000	0.0000	0.0000	0.0000	0.0000	0.0000	0.0000	0.0000	0.0000	0.0000	0.0000	0.0000	0.0000	0.0000	0.0000	0.0402	0.0361	0.0041	0.0116	0.0114	0.0002	0.0286	0.0246	0.0039	0.0606	0.0365	0.0241	0.0228	0.0219	0.0010	0.0378	0.0147	0.0231	0.0000	0.0000	0.0000	0.0000	0.0000	0.0000	0.0000	0.0000	0.0000	0.0005	0.0003	0.0008	0.0001	0.0001	0.0000	0.0008	0.0006	0.0008	
27	127	0.0849	8	0	0	0	0	0	0	0	0	N	N	N	N	N	N	N	N	N	N	N	N	0.1788	0.0508	1.0528	0.1008	0.0981	3613.3986	0.2133	0.0232	1.0611	0.0261	0.0050	0.2214	0.0147	0.0146	0.0247	0.0312	0.0001	0.2274	0.1461	0.0989	0.2103	0.1460	0.1491	0.0000	0.1462	0.0064	0.2143	4.7672	1.5630	0.0011	0.0019	1.6438	3.5543	3.3228	9.0319	0.0024	0.0004	0.0020	0.0004	0.0004	0.0000	0.0020	0.0000	0.0020	0.0280	0.0109	0.0171	0.0107	0.0107	0.0000	0.0173	0.0002	0.0171	0.0920	0.0830	0.0090	0.0282	0.0279	0.0003	0.0638	0.0551	0.0087	0.1919	0.1106	0.0813	0.0732	0.0717	0.0015	0.1187	0.0389	0.0798	0.1788	0.0508	1.0528	0.1008	0.0981	3613.3986	0.2133	0.0232	1.0611	0.1461	0.0989	0.2103	0.1460	0.1491	0.0000	0.1462	0.0064	0.2143
27	128	0.0813	7	0	0	0	0	0	0	0	0	N	N	N	N	N	N	N	N	N	N	N	N	0.3880	0.4841	0.3297	0.3171	0.3095	934.6656	0.4011	2991.0533	0.3193	0.2275	0.2263	0.2380	0.1697	0.1665	0.3695	0.2531	0.2567	0.2317	0.5864	0.4676	0.7218	0.5351	0.5379	0.0004	0.6311	0.0001	0.7257	0.1223	1.3550	-0.0042	0.0032	1.6438	2.6246	3.3228	0.7212	0.0154	0.0138	0.0017	0.0035	0.0034	0.0001	0.0119	0.0103	0.0016	0.0984	0.0418	0.0566	0.0418	0.0418	0.0000	0.0566	0.0000	0.0566	0.0678	0.0608	0.0071	0.0208	0.0205	0.0003	0.0470	0.0403	0.0067	0.1678	0.0894	0.0784	0.0781	0.0777	0.0004	0.0897	0.0117	0.0780	0.3880	0.4841	0.3297	0.3171	0.3095	934.6656	0.4011	2991.0533	0.3193	0.5864	0.4676	0.7218	0.5351	0.5379	0.0004	0.6311	0.0001	0.7257
27	129	0.0755	6	0	0	0	0	0	0	0	0	N	N	N	N	N	N	N	N	N	N	N	N	10.2311	14.6213	8.8151	26.4680	22.8785	43487.8740	0.5611	16.5205	1.7353	0.1879	0.1800	0.2575	0.6056	0.5412	6.4467	0.0090	0.0019	0.0523	0.0184	0.0123	0.0292	0.0229	0.0237	0.0001	0.0160	0.0001	0.0302	0.1625	1.3246	-0.0036	0.0000	1.6438	3.3474	3.3228	1.3769	0.0150	0.0129	0.0021	0.0145	0.0128	0.0017	0.0005	0.0001	0.0004	0.0009	0.0004	0.0005	0.0004	0.0004	0.0000	0.0005	0.0000	0.0005	0.0799	0.0718	0.0082	0.0240	0.0237	0.0003	0.0560	0.0481	0.0079	0.0515	0.0331	0.0185	0.0177	0.0171	0.0006	0.0338	0.0159	0.0179	10.2311	14.6213	8.8151	26.4680	22.8785	43487.8740	0.5611	16.5205	1.7353	0.0184	0.0123	0.0292	0.0229	0.0237	0.0001	0.0160	0.0001	0.0302
27	130	0.0667	5	0	0	0	0	0	0	0	0	N	N	N	N	N	N	N	N	N	N	N	N	27.4416	19.9466	99.2665	48.0688	46.6663	307.5384	17.4560	0.9349	95.8188	0.0275	0.0175	0.1199	0.0425	0.0413	0.2790	0.0185	0.0008	0.1165	0.0010	0.0009	0.0012	0.0009	0.0009	0.0009	0.0011	0.0009	0.0012	0.7412	0.8298	0.0000	-0.0000	1.6438	0.4686	3.3228	4.0374	0.0005	0.0003	0.0002	0.0003	0.0003	0.0000	0.0002	0.0000	0.0002	0.0000	0.0000	0.0000	0.0000	0.0000	0.0000	0.0000	0.0000	0.0000	0.0180	0.0162	0.0018	0.0067	0.0067	0.0000	0.0113	0.0095	0.0017	0.0479	0.0299	0.0180	0.0158	0.0153	0.0005	0.0321	0.0146	0.0175	27.4416	19.9466	99.2665	48.0688	46.6663	307.5384	17.4560	0.9349	95.8188	0.0010	0.0009	0.0012	0.0009	0.0009	0.0009	0.0011	0.0009	0.0012
28	29	0.0515	3	0	2	0	0	0	0	0	0	N	Y	N	N	N	N	N	N	N	N	N	N	3.8280	2.2411	13.9016	2.6605	2.5888	0.0000	3.9148	0.0000	13.9751	10.9156	0.0053	77.7804	0.0697	0.0712	0.0000	11.6785	0.0000	78.5120	2.8515	0.0024	5.5951	0.0262	0.0275	0.0002	2.9832	0.0000	5.6180	2380.2523	2442.2470	0.6182	0.4558	3.0409	4.0695	16.1393	11.0027	0.9995	0.0004	0.9991	0.0004	0.0004	0.0000	0.9991	0.0000	0.9991	0.9982	0.0004	0.9978	0.0004	0.0004	0.0000	0.9978	0.0000	0.9978	0.0916	0.0787	0.0128	0.0060	0.0059	0.0001	0.0856	0.0728	0.0127	0.3501	0.1717	0.1783	0.0156	0.0149	0.0007	0.3345	0.1569	0.1776	3.8280	2.2411	13.9016	2.6605	2.5888	0.0000	3.9148	0.0000	13.9751	2.8515	0.0024	5.5951	0.0262	0.0275	0.0002	2.9832	0.0000	5.6180
28	30	0.2122	16	0	2	1	1	0	0	0	0	N	Y	N	N	N	N	N	N	N	N	N	N	0.0000	0.0000	0.0000	0.0000	0.0000	0.0000	0.0000	0.0000	0.0000	0.0000	0.0000	0.0000	0.0000	0.0000	0.0000	0.0000	0.0000	0.0000	0.0004	0.0007	0.0000	0.0013	0.0014	0.0000	0.0000	0.0000	0.0000	0.0163	0.0000	-0.0000	3.0409	0.0021	16.1393	3.0281	0.0000	0.0000	0.0000	0.0000	0.0000	0.0000	0.0000	0.0000	0.0000	0.0000	0.0000	0.0000	0.0000	0.0000	0.0000	0.0000	0.0000	0.0000	0.0001	0.0001	0.0000	0.0001	0.0001	0.0000	0.0000	0.0000	0.0000	0.0694	0.0433	0.0261	0.0229	0.0209	0.0020	0.0465	0.0224	0.0241	0.0000	0.0000	0.0000	0.0000	0.0000	0.0000	0.0000	0.0000	0.0000	0.0004	0.0007	0.0000	0.0013	0.0014	0.0000	0.0000	0.0000	0.0000	
28	31	0.1895	15	0	1	0	1	0	0	0	0	N	N	N	N	N	N	N	N	N	N	N	N	0.0000	0.0000	0.0000	0.0000	0.0000	0.0000	0.0000	0.0000	0.0000	0.0000	0.0000	0.0000	0.0000	0.0000	0.0000	0.0000	0.0000	0.0000	0.0590	0.0945	0.0023	0.2053	0.2228	0.0000	0.0045	0.0066	0.0025	0.0155	0.0000	-0.0072	3.0409	3.2874	16.1393	7.1999	0.0000	0.0000	0.0000	0.0000	0.0000	0.0000	0.0000	0.0000	0.0000	0.0137	0.0135	0.0002	0.0129	0.0129	0.0000	0.0008	0.0006	0.0002	0.0782	0.0682	0.0100	0.0179	0.0173	0.0006	0.0603	0.0509	0.0093	0.2324	0.1427	0.0896	0.0630	0.0581	0.0049	0.1694	0.0847	0.0847	0.0000	0.0000	0.0000	0.0000	0.0000	0.0000	0.0000	0.0000	0.0000	0.0590	0.0945	0.0023	0.2053	0.2228	0.0000	0.0045	0.0066	0.0025	
28	32	0.1082	7	0	2	0	0	0	0	0	0	N	Y	N	N	N	N	N	N	N	N	N	N	4.1402	2.6402	0.0000	1.8873	1.9101	0.0000	0.0000	0.0000	0.0000	9.0470	10.2963	0.0000	37.0800	39.2343	0.0000	0.0000	0.0000	0.0000	2.1852	3.8999	0.0448	19.6474	20.5403	0.0000	0.0224	0.0000	0.0455	0.0000	0.0092	-0.3808	-0.5360	3.0409	4.3545	16.1393	19.4857	0.9994	0.9994	0.0000	0.9994	0.9994	0.0000	0.0000	0.0000	0.0000	1.0041	0.9949	0.0092	0.9949	0.9949	0.0000	0.0092	0.0000	0.0092	0.1105	0.0971	0.0134	0.0270	0.0255	0.0015	0.0835	0.0716	0.0119	0.4595	0.2551	0.2044	0.0518	0.0484	0.0033	0.4077	0.2067	0.2010	4.1402	2.6402	0.0000	1.9301	1.9101	0.0000	0.0000	0.0000	0.0000	2.1852	3.8999	0.0448	19.2119	20.5403	0.0000	0.0224	0.0000	0.0455
28	33	0.1453	9	1	2	0	0	0	0	0	0	N	Y	N	N	N	N	N	N	N	N	N	N	0.0000	0.0000	0.0000	0.0000	0.0000	0.0000	0.0000	0.0000	0.0000	0.0000	0.0000	0.0000	0.0000	0.0000	0.0000	0.0000	0.0000	0.0000	0.0000	0.0000	3.0409	0.0000	16.1393	0.0000	0.0000	0.0000	0.0000	0.0000	0.0000	0.0000	0.0000	0.0000	0.0000	0.0000	0.0000	0.0000	0.0000	0.0000	0.0000	0.0000	0.0000	0.0000	0.0000	0.0000	0.0000	0.0000	0.0000	0.0000	0.0000	0.0000	0.0000	0.0000	0.0000	0.0000	0.0000	0.0000	0.0000	0.0000	0.0000	0.0000	0.0000	0.0000	0.0000	0.0000	0.0000	0.0000	0.0000	0.0000	0.0000	0.0000	0.0000	0.0000	0.0000	0.0000	0.0000	0.0000	0.0000	0.0000											
28	34	0.1808	13	0	2	0	1	0	0	0	0	N	Y	N	N	N	N	N	N	N	N	N	N	0.0000	0.0000	0.0000	0.0000	0.0000	0.0000	0.0000	0.0000	0.0000	0.0000	0.0000	0.0000	0.0000	0.0000	0.0000	0.0000	0.0000	0.0000	1.7092	0.0017	4.3706	0.0014	0.0011	0.0048	2.3601	0.0022	4.6278	1639.6120	0.0000	0.3362	3.0409	6.4588	16.1393	12.7561	0.0000	0.0000	0.0000	0.0000	0.0000	0.0000	0.0000	0.0000	0.0000	0.7366	0.0004	0.7362	0.0002	0.0001	0.0000	0.7364	0.0003	0.7361	0.1638	0.1453	0.0185	0.0422	0.0408	0.0014	0.1215	0.1045	0.0170	0.4310	0.2625	0.1684	0.1189	0.1095	0.0094	0.3120	0.1530	0.1591	0.0000	0.0000	0.0000	0.0000	0.0000	0.0000	0.0000	0.0000	0.0000	1.7092	0.0017	4.3706	0.0014	0.0011	0.0048	2.3601	0.0022	4.6278	
28	35	0.1752	12	0	1	0	0	0	0	0	0	N	N	N	N	N	N	N	N	N	N	N	N	0.0000	0.0000	0.0000	0.0000	0.0000	0.0000	0.0000	0.0000	0.0000	0.0000	0.0000	0.0000	0.0000	0.0000	0.0000	0.0000	0.0000	0.0000	2.2035	1.7926	2.9292	3.6498	3.4587	0.0048	1.6231	0.0412	3.0346	0.9250	0.0000	-0.0249	3.0409	2.5642	16.1393	2.5472	0.0000	0.0000	0.0000	0.0000	0.0000	0.0000	0.0000	0.0000	0.0000	0.3987	0.2071	0.1916	0.2048	0.2048	0.0000	0.1939	0.0023	0.1916	0.0878	0.0785	0.0094	0.0296	0.0283	0.0013	0.0582	0.0501	0.0081	0.1810	0.1156	0.0654	0.0615	0.0592	0.0023	0.1195	0.0563	0.0631	0.0000	0.0000	0.0000	0.0000	0.0000	0.0000	0.0000	0.0000	0.0000	2.2035	1.7926	2.9292	3.3309	3.4587	0.0048	1.6231	0.0412	3.0346	
28	36	0.2256	17	0	1	1	0	0	0	0	0	N	N	N	N	N	N	N	N	N	N	N	N	0.0000	0.0000	0.0000	0.0000	0.0000	0.0000	0.0000	0.0000	0.0000	0.0000	0.0000	0.0000	0.0000	0.0000	0.0000	0.0000	0.0000	0.0000	0.0020	0.0003	0.0046	0.0034	0.0008	0.0220	0.0015	0.0000	0.0032	10.9829	0.0000	0.0000	3.0409	1.0000	16.1393	2.0003	0.0000	0.0000	0.0000	0.0000	0.0000	0.0000	0.0000	0.0000	0.0000	0.0001	0.0000	0.0001	0.0000	0.0000	0.0000	0.0001	0.0000	0.0001	0.0210	0.0184	0.0026	0.0041	0.0039	0.0002	0.0170	0.0145	0.0024	0.0613	0.0373	0.0239	0.0148	0.0130	0.0018	0.0465	0.0244	0.0221	0.0000	0.0000	0.0000	0.0000	0.0000	0.0000	0.0000	0.0000	0.0000	0.0020	0.0003	0.0046	0.0034	0.0008	0.0220	0.0015	0.0000	0.0032	
28	37	0.2078	16	0	2	0	0	0	0	0	0	N	Y	N	N	N	N	N	N	N	N	N	N	0.9552	0.0000	154.2351	17.1497	0.0000	637.2989	0.0106	0.0000	2.3626	0.0199	0.0000	0.1561	0.1023	0.0000	2.5922	0.0003	0.0000	0.0020	0.0208	0.0321	0.0010	0.0060	0.0061	0.0041	0.0276	0.0545	0.0008	inf	0.0180	0.0005	-0.0031	3.0409	1.9619	16.1393	8.3400	0.0008	0.0000	0.0008	0.0008	0.0000	0.0008	0.0000	0.0000	0.0000	0.0059	0.0058	0.0001	0.0005	0.0005	0.0000	0.0053	0.0053	0.0001	0.0427	0.0373	0.0054	0.0082	0.0079	0.0003	0.0345	0.0294	0.0051	0.2825	0.1801	0.1025	0.0890	0.0835	0.0055	0.1936	0.0966	0.0970	0.9552	0.0000	154.2351	17.1497	0.0000	637.2989	0.0106	0.0000	2.3626	0.0208	0.0321	0.0010	0.0060	0.0061	0.0041	0.0276	0.0545	0.0008
28	38	0.0681	5	1	1	1	0	0	0	0	0	N	N	N	N	N	N	N	N	N	N	N	N	21.5807	36.8996	43.5766	0.0119	0.0000	0.3223	37.8843	110564.6075	48.6021	0.0309	0.0157	0.1098	0.0000	0.0000	0.0006	0.0508	0.0285	0.1225	0.0014	0.0004	0.0025	0.0022	0.0023	0.0019	0.0013	0.0000	0.0025	1.3389	5.4542	0.0000	0.0001	3.0409	0.0095	16.1393	5.0631	0.0000	0.0000	0.0000	0.0000	0.0000	0.0000	0.0000	0.0000	0.0000	0.0002	0.0000	0.0002	0.0000	0.0000	0.0000	0.0002	0.0000	0.0002	0.0006	0.0005	0.0001	0.0002	0.0002	0.0000	0.0004	0.0003	0.0001	0.1346	0.0699	0.0646	0.0135	0.0132	0.0003	0.1210	0.0567	0.0643	21.5807	36.8996	43.5766	0.0119	0.0000	0.3223	37.8843	110564.6075	48.6021	0.0014	0.0004	0.0025	0.0022	0.0023	0.0019	0.0013	0.0000	0.0025
28	39	0.1895	15	0	2	0	0	0	0	0	0	N	Y	N	N	N	N	N	N	N	N	N	N	0.0000	0.0000	0.0000	0.0000	0.0000	0.0000	0.0000	0.0000	0.0000	0.0000	0.0000	0.0000	0.0000	0.0000	0.0000	0.0000	0.0000	0.0000	3.7883	6.1958	0.0020	0.0006	0.0007	0.0000	5.1671	10.3445	0.0021	0.0002	0.0000	-0.5428	3.0409	1.1272	16.1393	11.0864	0.0000	0.0000	0.0000	0.0000	0.0000	0.0000	0.0000	0.0000	0.0000	1.0000	0.9998	0.0002	0.0000	0.0000	0.0000	1.0000	0.9998	0.0002	0.0328	0.0285	0.0043	0.0091	0.0089	0.0002	0.0237	0.0196	0.0041	0.2640	0.1614	0.1026	0.0704	0.0647	0.0057	0.1935	0.0966	0.0969	0.0000	0.0000	0.0000	0.0000	0.0000	0.0000	0.0000	0.0000	0.0000	3.7883	6.1958	0.0020	0.0006	0.0007	0.0000	5.1671	10.3445	0.0021	
28	40	0.1895	14	0	1	0	0	0	0	0	0	N	N	N	N	N	N	N	N	N	N	N	N	0.0000	0.0000	0.0000	0.0000	0.0000	0.0000	0.0000	0.0000	0.0000	0.0000	0.0000	0.0000	0.0000	0.0000	0.0000	0.0000	0.0000	0.0000	0.0337	0.0405	0.0163	0.0409	0.0417	0.0022	0.0287	0.0390	0.0168	0.1567	0.0000	-0.0006	3.0409	0.4765	16.1393	0.2778	0.0000	0.0000	0.0000	0.0000	0.0000	0.0000	0.0000	0.0000	0.0000	0.0015	0.0013	0.0002	0.0008	0.0008	0.0000	0.0008	0.0006	0.0002	0.0190	0.0164	0.0026	0.0064	0.0063	0.0001	0.0126	0.0101	0.0025	0.0455	0.0328	0.0127	0.0188	0.0184	0.0004	0.0267	0.0143	0.0124	0.0000	0.0000	0.0000	0.0000	0.0000	0.0000	0.0000	0.0000	0.0000	0.0337	0.0405	0.0163	0.0409	0.0417	0.0022	0.0287	0.0390	0.0168	
28	41	0.1916	14	0	2	0	1	0	0	0	0	N	Y	N	N	N	N	N	N	N	N	N	N	0.0024	0.0004	1153.8317	0.0029	0.0006	6292125.5411	0.0931	0.0000	9.3388	0.0077	0.0020	0.0472	0.0401	0.0093	0.7666	0.0001	0.0000	0.0004	3.2355	5.3843	0.0000	13.8466	15.1462	0.0000	0.0006	0.0012	0.0000	3.5201	0.0000	0.0006	-1.0790	3.0409	10.0333	16.1393	21.8674	0.0016	0.0004	0.0012	0.0016	0.0004	0.0012	0.0000	0.0000	0.0000	1.9872	1.9872	0.0000	1.9869	1.9869	0.0000	0.0003	0.0003	0.0000	0.2084	0.1819	0.0265	0.0397	0.0381	0.0016	0.1687	0.1438	0.0248	0.6142	0.3691	0.2451	0.1435	0.1312	0.0123	0.4707	0.2379	0.2328	0.0024	0.0004	1153.8317	0.0029	0.0006	6292125.5411	0.0931	0.0000	9.3388	3.2355	5.3843	0.0000	13.8466	15.1462	0.0000	0.0006	0.0012	0.0000
28	42	0.0681	5	1	1	1	0	0	0	0	0	N	N	N	N	N	N	N	N	N	N	N	N	0.9773	0.2593	1105.4062	0.0004	0.0000	5.1494	494.0663	1129.5650	1160.9604	0.0009	0.0004	0.0037	0.0000	0.0000	0.0001	0.0010	0.0005	0.0039	0.0009	0.0017	0.0000	0.0068	0.0069	0.0000	0.0000	0.0000	0.0000	1.3389	0.0017	0.0000	-0.0000	3.0409	0.9968	16.1393	1.9513	0.0000	0.0000	0.0000	0.0000	0.0000	0.0000	0.0000	0.0000	0.0000	0.0001	0.0001	0.0000	0.0001	0.0001	0.0000	0.0000	0.0000	0.0000	0.0214	0.0185	0.0029	0.0022	0.0021	0.0001	0.0192	0.0164	0.0028	0.0858	0.0460	0.0398	0.0113	0.0112	0.0002	0.0744	0.0348	0.0396	0.9773	0.2593	1105.4062	0.0004	0.0000	5.1494	494.0663	1129.5650	1160.9604	0.0009	0.0017	0.0000	0.0068	0.0069	0.0000	0.0000	0.0000	0.0000
28	43	0.0549	4	1	1	1	0	0	0	0	0	N	N	N	N	N	N	N	N	N	N	N	N	131.2832	75.4189	495.9469	0.1005	0.0003	611.1578	241.5035	1386.5062	501.3885	0.3110	0.1792	1.1714	0.0014	0.0000	0.0464	0.3335	0.1939	1.1885	0.0024	0.0024	0.0024	0.0136	0.0139	0.0001	0.0014	0.0001	0.0024	1.0011	1.0487	0.0040	-0.0000	3.0409	5.0018	16.1393	1.7716	0.0335	0.0167	0.0168	0.0000	0.0000	0.0000	0.0335	0.0167	0.0167	0.0004	0.0002	0.0002	0.0002	0.0002	0.0000	0.0002	0.0000	0.0002	0.1077	0.0934	0.0143	0.0073	0.0071	0.0002	0.1004	0.0863	0.0141	0.1748	0.0851	0.0897	0.0141	0.0138	0.0003	0.1607	0.0713	0.0894	131.2832	75.4189	495.9469	0.1005	0.0003	611.1578	241.5035	1386.5062	501.3885	0.0024	0.0024	0.0024	0.0136	0.0139	0.0001	0.0014	0.0001	0.0024
28	44	0.0581	5	1	1	1	0	0	0	0	0	N	N	N	N	N	N	N	N	N	N	N	N	0.0000	0.0000	0.0000	0.0000	0.0000	0.0000	0.0000	0.0000	0.0000	0.0000	0.0000	0.0000	0.0000	0.0000	0.0000	0.0000	0.0000	0.0000	0.0403	0.0769	0.0000	0.2589	0.2633	0.0002	0.0000	0.0000	0.0000	0.0005	0.0000	-0.0050	3.0409	4.9860	16.1393	2.3663	0.0000	0.0000	0.0000	0.0000	0.0000	0.0000	0.0000	0.0000	0.0000	0.0092	0.0092	0.0000	0.0092	0.0092	0.0000	0.0000	0.0000	0.0000	0.1076	0.0933	0.0143	0.0074	0.0072	0.0002	0.1002	0.0861	0.0141	0.2276	0.1192	0.1083	0.0354	0.0348	0.0006	0.1921	0.0844	0.1077	0.0000	0.0000	0.0000	0.0000	0.0000	0.0000	0.0000	0.0000	0.0000	0.0403	0.0769	0.0000	0.2589	0.2633	0.0002	0.0000	0.0000	0.0000	
28	45	0.0549	4	1	1	0	0	0	0	0	0	N	N	N	N	N	N	N	N	N	N	N	N	2.4924	0.9439	31.8357	0.8491	0.8502	10.5432	12.3522	0.3261	32.2721	0.0985	0.0696	0.2139	0.1976	0.1999	0.0076	0.0601	0.0007	0.2175	0.0395	0.0737	0.0067	0.2327	0.2352	0.0007	0.0049	0.0021	0.0067	0.7725	0.0949	0.0000	-0.0011	3.0409	0.0225	16.1393	1.9333	0.0001	0.0001	0.0000	0.0001	0.0001	0.0000	0.0000	0.0000	0.0000	0.0025	0.0022	0.0002	0.0022	0.0022	0.0000	0.0003	0.0000	0.0002	0.0010	0.0008	0.0002	0.0003	0.0003	0.0000	0.0007	0.0005	0.0002	0.0622	0.0305	0.0317	0.0095	0.0094	0.0001	0.0527	0.0211	0.0316	2.4924	0.9439	31.8357	0.8491	0.8502	10.5432	12.3522	0.3261	32.2721	0.0395	0.0737	0.0067	0.2327	0.2352	0.0007	0.0049	0.0021	0.0067
28	46	0.0520	3	1	1	0	0	0	0	0	0	N	N	N	N	N	N	N	N	N	N	N	N	0.1815	0.0498	3.3214	0.0752	0.0747	1.2990	0.9098	inf	3.3534	0.0040	0.0020	0.0168	0.0225	0.0230	0.0007	0.0025	0.0001	0.0170	0.0220	0.0399	0.0051	0.2989	0.3083	0.0006	0.0028	0.0000	0.0051	1.3160	0.1348	0.0000	-0.0003	3.0409	1.0095	16.1393	0.3555	0.0001	0.0000	0.0001	0.0000	0.0000	0.0000	0.0001	0.0000	0.0001	0.0008	0.0007	0.0001	0.0007	0.0007	0.0000	0.0001	0.0000	0.0001	0.0225	0.0195	0.0030	0.0016	0.0016	0.0000	0.0209	0.0179	0.0030	0.0349	0.0169	0.0180	0.0023	0.0022	0.0001	0.0326	0.0147	0.0179	0.1815	0.0498	3.3214	0.0752	0.0747	1.2990	0.9098	inf	3.3534	0.0220	0.0399	0.0051	0.2989	0.3083	0.0006	0.0028	0.0000	0.0051
28	47	0.2078	16	0	1	1	0	0	0	0	0	N	N	N	N	N	N	N	N	N	N	N	N	846.4595	619.8538	0.0221	7014.6259	6943.6435	0.0000	0.0092	0.0054	0.0283	15.3803	17.6203	0.0000	82.6540	86.1917	0.0000	0.0002	0.0002	0.0000	0.0182	0.0284	0.0009	0.0118	0.0124	0.0036	0.0208	0.0409	0.0008	0.0000	0.0193	-0.3805	-0.0035	3.0409	3.0460	16.1393	11.9126	0.9986	0.9986	0.0000	0.9986	0.9986	0.0000	0.0000	0.0000	0.0000	0.0066	0.0065	0.0001	0.0013	0.0012	0.0000	0.0054	0.0053	0.0001	0.0649	0.0567	0.0083	0.0121	0.0116	0.0005	0.0528	0.0451	0.0078	0.3652	0.2290	0.1362	0.1079	0.1002	0.0077	0.2573	0.1288	0.1285	846.4595	619.8538	0.0221	7014.6259	6943.6435	0.0000	0.0092	0.0054	0.0283	0.0182	0.0284	0.0009	0.0118	0.0124	0.0036	0.0208	0.0409	0.0008
28	48	0.1944	15	0	1	0	0	0	0	0	0	N	N	N	N	N	N	N	N	N	N	N	N	0.0134	0.0052	21.4792	44.4377	24.2850	1002.9622	0.0004	0.0000	1.4972	0.0655	0.0393	0.2380	0.3304	0.1846	4.1206	0.0026	0.0000	0.0170	4.8754	7.5948	0.0111	0.0074	0.0076	0.0041	7.0279	13.9342	0.0114	0.9209	0.0008	0.0002	-0.5399	3.0409	1.1082	16.1393	5.8288	0.0016	0.0008	0.0008	0.0016	0.0008	0.0007	0.0001	0.0000	0.0001	0.9958	0.9950	0.0008	0.0005	0.0005	0.0000	0.9953	0.9945	0.0008	0.0249	0.0216	0.0033	0.0048	0.0046	0.0002	0.0201	0.0170	0.0031	0.2043	0.1310	0.0732	0.0626	0.0596	0.0030	0.1416	0.0714	0.0703	0.0134	0.0052	21.4792	44.4377	24.2850	1002.9622	0.0004	0.0000	1.4972	4.8754	7.5948	0.0111	0.0074	0.0076	0.0041	7.0279	13.9342	0.0114
28	49	0.2256	17	0	2	0	0	0	0	0	0	N	Y	N	N	N	N	N	N	N	N	N	N	0.0000	0.0000	0.0000	0.0000	0.0000	0.0000	0.0000	0.0000	0.0000	0.0000	0.0000	0.0000	0.0000	0.0000	0.0000	0.0000	0.0000	0.0000	0.0029	0.0004	0.0068	0.0050	0.0011	0.0328	0.0022	0.0000	0.0047	10.9829	0.0000	0.0000	3.0409	0.0000	16.1393	2.0001	0.0000	0.0000	0.0000	0.0000	0.0000	0.0000	0.0000	0.0000	0.0000	0.0001	0.0000	0.0001	0.0000	0.0000	0.0000	0.0001	0.0000	0.0001	0.0000	0.0000	0.0000	0.0000	0.0000	0.0000	0.0000	0.0000	0.0000	0.0410	0.0250	0.0160	0.0099	0.0087	0.0012	0.0311	0.0163	0.0148	0.0000	0.0000	0.0000	0.0000	0.0000	0.0000	0.0000	0.0000	0.0000	0.0029	0.0004	0.0068	0.0050	0.0011	0.0328	0.0022	0.0000	0.0047	
28	50	0.1286	10	1	2	1	0	0	0	0	0	N	Y	N	N	N	N	N	N	N	N	N	N	0.0000	0.0000	0.0000	0.0000	0.0000	0.0000	0.0000	0.0000	0.0000	0.0000	0.0000	0.0000	0.0000	0.0000	0.0000	9.6763	13.3341	0.0000	29.9432	29.9405	0.0000	0.0000	0.0000	0.0000	0.0000	0.0000	-0.3823	3.0409	0.0000	16.1393	1.7047	0.0000	0.0000	0.0000	0.0000	0.0000	0.0000	0.0000	0.0000	0.0000	0.7040	0.7040	0.0000	0.7040	0.7040	0.0000	0.0000	0.0000	0.0000	0.0000	0.0000	0.0000	0.0000	0.0000	0.0000	0.0000	0.0000	0.0000	0.0728	0.0528	0.0200	0.0245	0.0235	0.0010	0.0482	0.0293	0.0189	0.0000	0.0000	0.0000	0.0000	0.0000	0.0000	0.0000	0.0000	0.0000	9.6763	13.3341	0.0000	28.6924	29.9405	0.0000	0.0000	0.0000	0.0000				
28	51	0.1286	10	1	2	1	0	0	0	0	0	N	Y	N	N	N	N	N	N	N	N	N	N	0.0000	0.0000	0.0000	0.0000	0.0000	0.0000	0.0000	0.0000	0.0000	0.0000	0.0000	0.0000	0.0000	0.0000	0.0000	6.7491	0.0000	94.4228	0.0326	0.0000	1.5122	12.4809	0.0000	99.9114	inf	0.0000	0.1348	3.0409	0.0000	16.1393	0.2953	0.0000	0.0000	0.0000	0.0000	0.0000	0.0000	0.0000	0.0000	0.0000	0.2950	0.0000	0.2950	0.0007	0.0000	0.0007	0.2944	0.0000	0.2944	0.0000	0.0000	0.0000	0.0000	0.0000	0.0000	0.0000	0.0000	0.0000	0.0437	0.0369	0.0068	0.0201	0.0196	0.0005	0.0236	0.0173	0.0063	0.0000	0.0000	0.0000	0.0000	0.0000	0.0000	0.0000	0.0000	0.0000	6.7491	0.0000	43.4426	0.0326	0.0000	1.3111	12.4809	0.0000	46.7892				
28	52	0.1257	9	1	2	1	0	0	0	0	0	N	Y	N	N	N	N	N	N	N	N	N	N	0.2643	0.0000	0.5081	0.0000	0.0000	0.0000	0.3756	0.0000	0.5944	3.9114	0.0000	38.8681	0.0000	0.0000	0.0000	6.4858	0.0000	40.3972	14.8019	2.9519	76.4995	8.5479	7.9674	12.8626	17.2677	0.0024	67.9606	inf	7.0290	0.0000	0.2653	3.0409	0.0001	16.1393	1.7968	0.0000	0.0000	0.0000	0.0000	0.0000	0.0000	0.0000	0.0000	0.0000	0.7979	0.0994	0.6985	0.1015	0.0993	0.0022	0.6963	0.0000	0.6963	0.0000	0.0000	0.0000	0.0000	0.0000	0.0000	0.0000	0.0000	0.0000	0.0539	0.0337	0.0202	0.0136	0.0131	0.0005	0.0403	0.0206	0.0198	0.2643	0.0000	1.1262	0.0000	0.0000	0.0000	0.3756	0.0000	1.1464	14.8019	2.9519	34.5119	7.4777	7.5837	4.5827	17.2677	0.0024	35.2385
28	53	0.1715	7	1	2	0	0	0	0	0	0	N	Y	N	N	N	N	N	N	N	N	N	N	0.0000	0.0000	0.0000	0.0000	0.0000	0.0000	0.0000	0.0000	0.0000	0.0000	0.0000	0.0000	0.0000	0.0000	0.0000	0.0000	0.0000	0.0000	11.1380	17.5690	0.0004	42.9550	40.2364	0.0000	0.0002	0.0000	0.0004	0.0000	0.0000	-0.4725	3.0409	1.8240	16.1393	0.8872	0.0000	0.0000	0.0000	0.0000	0.0000	0.0000	0.0000	0.0000	0.0000	0.8702	0.8702	0.0000	0.8702	0.8702	0.0000	0.0000	0.0000	0.0000	0.0491	0.0440	0.0051	0.0127	0.0124	0.0004	0.0364	0.0316	0.0047	0.0781	0.0495	0.0286	0.0225	0.0216	0.0009	0.0556	0.0279	0.0277	0.0000	0.0000	0.0000	0.0000	0.0000	0.0000	0.0000	0.0000	0.0000	11.1380	17.5690	0.0004	38.6292	40.2364	0.0000	0.0002	0.0000	0.0004	
28	54	0.2556	19	0	2	0	1	0	0	0	0	N	Y	N	N	N	N	N	N	N	N	N	N	0.0000	0.0000	0.0000	0.0000	0.0000	0.0000	0.0000	0.0000	0.0000	0.0000	0.0000	0.0000	0.0000	0.0000	0.0000	17.5204	27.7112	0.0000	63.0994	68.3469	0.0000	0.0035	0.0068	0.0000	0.0000	0.0000	-1.0809	3.0409	0.0007	16.1393	4.7762	0.0000	0.0000	0.0000	0.0000	0.0000	0.0000	0.0000	0.0000	0.0000	1.9907	1.9907	0.0000	1.9904	1.9904	0.0000	0.0003	0.0003	0.0000	0.0000	0.0000	0.0000	0.0000	0.0000	0.0000	0.0000	0.0000	0.0000	0.1136	0.0718	0.0418	0.0316	0.0291	0.0024	0.0821	0.0427	0.0393	0.0000	0.0000	0.0000	0.0000	0.0000	0.0000	0.0000	0.0000	0.0000	17.5204	27.7112	0.0000	63.0687	68.3469	0.0000	0.0035	0.0068	0.0000				
28	55	0.2556	19	0	1	0	1	0	0	0	0	N	N	N	N	N	N	N	N	N	N	N	N	0.0000	0.0000	0.0000	0.0000	0.0000	0.0000	0.0000	0.0000	0.0000	0.0000	0.0000	0.0000	0.0000	0.0000	0.0000	0.0000	0.0000	0.0000	0.0755	0.0482	0.1252	0.0017	0.0009	0.0121	0.1062	0.0829	0.1320	1.4317	0.0000	0.0003	3.0409	0.0007	16.1393	3.2259	0.0000	0.0000	0.0000	0.0000	0.0000	0.0000	0.0000	0.0000	0.0000	0.0063	0.0026	0.0037	0.0000	0.0000	0.0000	0.0062	0.0026	0.0037	0.0000	0.0000	0.0000	0.0000	0.0000	0.0000	0.0000	0.0000	0.0000	0.0830	0.0535	0.0295	0.0244	0.0227	0.0017	0.0587	0.0308	0.0278	0.0000	0.0000	0.0000	0.0000	0.0000	0.0000	0.0000	0.0000	0.0000	0.0755	0.0482	0.1252	0.0017	0.0009	0.0121	0.1062	0.0829	0.1320	
28	56	0.2512	18	0	1	0	1	0	0	0	0	N	N	N	N	N	N	N	N	N	N	N	N	0.0000	0.0000	0.0000	0.0000	0.0000	0.0000	0.0000	0.0000	0.0000	0.0000	0.0000	0.0000	0.0000	0.0000	0.0000	0.0000	0.0000	0.0000	0.0995	0.1481	0.0055	0.3226	0.3438	0.0082	0.0034	0.0017	0.0053	0.0191	0.0000	-0.0033	3.0409	0.9953	16.1393	1.3904	0.0000	0.0000	0.0000	0.0000	0.0000	0.0000	0.0000	0.0000	0.0000	0.0064	0.0063	0.0001	0.0062	0.0062	0.0000	0.0002	0.0000	0.0001	0.0213	0.0186	0.0027	0.0036	0.0034	0.0002	0.0177	0.0152	0.0025	0.0641	0.0423	0.0218	0.0193	0.0181	0.0012	0.0448	0.0242	0.0206	0.0000	0.0000	0.0000	0.0000	0.0000	0.0000	0.0000	0.0000	0.0000	0.0995	0.1481	0.0055	0.3226	0.3438	0.0082	0.0034	0.0017	0.0053	
28	57	0.2445	17	0	1	0	1	0	0	0	0	N	N	N	N	N	N	N	N	N	N	N	N	0.0000	0.0000	0.0000	0.0000	0.0000	0.0000	0.0000	0.0000	0.0000	0.0000	0.0000	0.0000	0.0000	0.0000	0.0000	0.0000	0.0000	0.0000	0.0022	0.0034	0.0003	0.0075	0.0080	0.0000	0.0002	0.0000	0.0003	0.0592	0.0000	-0.0001	3.0409	0.0068	16.1393	3.2797	0.0000	0.0000	0.0000	0.0000	0.0000	0.0000	0.0000	0.0000	0.0000	0.0002	0.0002	0.0000	0.0002	0.0002	0.0000	0.0000	0.0000	0.0000	0.0002	0.0002	0.0000	0.0000	0.0000	0.0000	0.0001	0.0001	0.0000	0.0808	0.0496	0.0312	0.0228	0.0211	0.0016	0.0580	0.0285	0.0295	0.0000	0.0000	0.0000	0.0000	0.0000	0.0000	0.0000	0.0000	0.0000	0.0022	0.0034	0.0003	0.0075	0.0080	0.0000	0.0002	0.0000	0.0003	
28	58	0.2033	16	0	1	0	1	0	0	0	0	N	N	N	N	N	N	N	N	N	N	N	N	0.0000	0.0000	0.0226	0.0000	0.0000	0.0000	0.0001	0.0000	0.0273	0.0000	0.0000	0.0000	0.0000	0.0000	0.0000	0.0000	0.0000	0.0000	0.0859	0.1419	0.0009	0.1967	0.2128	0.0028	0.0507	0.1005	0.0008	inf	0.0041	0.0000	-0.0195	3.0409	5.8573	16.1393	13.1443	0.0000	0.0000	0.0000	0.0000	0.0000	0.0000	0.0000	0.0000	0.0000	0.0362	0.0361	0.0001	0.0200	0.0200	0.0000	0.0162	0.0161	0.0001	0.1394	0.1226	0.0169	0.0313	0.0301	0.0013	0.1081	0.0925	0.0156	0.4220	0.2543	0.1677	0.1016	0.0939	0.0078	0.3204	0.1604	0.1600	0.0000	0.0000	0.0226	0.0000	0.0000	0.0000	0.0001	0.0000	0.0273	0.0859	0.1419	0.0009	0.1967	0.2128	0.0028	0.0507	0.1005	0.0008
28	59	0.1259	10	0	2	1	0	0	0	0	0	N	Y	N	N	N	N	N	N	N	N	N	N	0.0004	0.0000	14.2888	0.0001	0.0000	0.1332	0.0004	0.0000	15.1272	0.0034	0.0000	0.0258	0.0000	0.0000	0.0003	0.0039	0.0000	0.0271	7.8323	12.8905	0.0018	0.1287	0.1351	0.0023	9.5691	18.0514	0.0018	inf	0.0001	0.0000	-0.5305	3.0409	0.9979	16.1393	4.0614	0.0001	0.0000	0.0001	0.0000	0.0000	0.0000	0.0001	0.0000	0.0001	0.9772	0.9771	0.0001	0.0030	0.0030	0.0000	0.9742	0.9741	0.0001	0.0214	0.0186	0.0028	0.0031	0.0030	0.0001	0.0183	0.0156	0.0027	0.1248	0.0758	0.0490	0.0230	0.0218	0.0011	0.1018	0.0540	0.0478	0.0004	0.0000	14.2888	0.0001	0.0000	0.1332	0.0004	0.0000	15.1272	7.8323	12.8905	0.0018	0.1287	0.1351	0.0023	9.5691	18.0514	0.0018
28	60	0.1175	9	0	2	0	0	0	0	0	0	N	Y	N	N	N	N	N	N	N	N	N	N	1.4855	0.0006	212.5495	0.0354	0.0179	2.1597	1.5556	0.0000	224.9355	0.3389	0.0002	2.7305	0.0024	0.0013	0.0308	0.4072	0.0000	2.8834	0.2282	0.3710	0.0128	0.0691	0.0716	0.0143	0.2618	0.5207	0.0128	1631.4894	0.0230	0.0103	-0.0128	3.0409	2.2356	16.1393	2.2044	0.0167	0.0000	0.0167	0.0000	0.0000	0.0000	0.0167	0.0000	0.0167	0.0245	0.0240	0.0006	0.0013	0.0013	0.0000	0.0232	0.0227	0.0005	0.0493	0.0432	0.0061	0.0083	0.0080	0.0003	0.0410	0.0352	0.0058	0.1074	0.0646	0.0429	0.0187	0.0179	0.0008	0.0887	0.0466	0.0420	1.4855	0.0006	212.5495	0.0354	0.0179	2.1597	1.5556	0.0000	224.9355	0.2282	0.3710	0.0128	0.0691	0.0716	0.0143	0.2618	0.4861	0.0128
28	61	0.0515	3	1	1	1	0	0	0	0	0	N	N	N	N	N	N	N	N	N	N	N	N	3.1716	1.8615	0.0000	1.8364	1.7827	0.0000	0.0000	0.0000	0.0000	0.0149	0.0174	0.0000	0.1809	0.1837	0.0000	0.0000	0.0000	0.0000	0.0047	0.0094	0.0002	0.0985	0.1031	0.0004	0.0001	0.0000	0.0002	0.0000	0.0243	-0.0003	-0.0005	3.0409	2.0703	16.1393	7.0012	0.0007	0.0007	0.0000	0.0007	0.0007	0.0000	0.0000	0.0000	0.0000	0.0010	0.0010	0.0000	0.0010	0.0010	0.0000	0.0000	0.0000	0.0000	0.0489	0.0418	0.0071	0.0040	0.0040	0.0001	0.0449	0.0379	0.0070	0.2175	0.1066	0.1110	0.0101	0.0097	0.0004	0.2074	0.0969	0.1105	3.1716	1.8615	0.0000	1.8364	1.7827	0.0000	0.0000	0.0000	0.0000	0.0047	0.0094	0.0002	0.0985	0.1031	0.0004	0.0001	0.0000	0.0002
28	62	0.0499	2	0	1	0	0	0	0	0	0	N	N	N	N	N	N	N	N	N	N	N	N	4.5293	6.3829	1.4084	13.3987	13.2650	0.0079	0.3688	0.0000	1.4154	0.2842	0.3131	0.1069	4.5222	4.6122	0.0001	0.0159	0.0000	0.1078	0.0627	0.0491	0.0759	0.3375	0.3477	0.0113	0.0432	0.0039	0.0761	0.0557	1.6118	-0.0020	0.0001	3.0409	0.9285	16.1393	0.0280	0.0060	0.0057	0.0003	0.0057	0.0057	0.0000	0.0003	0.0000	0.0003	0.0016	0.0006	0.0010	0.0006	0.0006	0.0000	0.0010	0.0000	0.0010	0.0211	0.0181	0.0030	0.0013	0.0012	0.0000	0.0198	0.0169	0.0029	0.0249	0.0122	0.0127	0.0017	0.0016	0.0001	0.0233	0.0106	0.0127	4.5293	6.3829	1.4084	13.3987	13.2650	0.0079	0.3688	0.0000	1.4154	0.0627	0.0491	0.0759	0.3375	0.3477	0.0113	0.0432	0.0039	0.0761
28	63	0.1404	9	1	2	0	0	0	0	0	0	N	Y	N	N	N	N	N	N	N	N	N	N	0.0000	0.0000	0.0000	0.0000	0.0000	0.0000	0.0000	0.0000	0.0000	0.0000	0.0000	0.0000	0.0000	0.0000	0.0000	0.0000	0.0000	10.8045	0.0082	50.5562	0.7337	0.0322	128.7787	12.7076	0.0000	40.4288	2214.4489	0.0000	0.4453	3.0409	1.0023	16.1393	3.0135	0.0000	0.0000	0.0000	0.0000	0.0000	0.0000	0.0000	0.0000	0.0000	0.9754	0.0004	0.9749	0.0105	0.0004	0.0101	0.9648	0.0000	0.9648	0.0221	0.0194	0.0027	0.0046	0.0044	0.0002	0.0175	0.0150	0.0025	0.0903	0.0535	0.0368	0.0143	0.0137	0.0007	0.0759	0.0398	0.0361	0.0000	0.0000	0.0000	0.0000	0.0000	0.0000	0.0000	0.0000	0.0000	10.8045	0.0082	26.5087	0.7337	0.0322	14.7094	12.7076	0.0000	26.7328		
28	64	0.1140	8	1	2	0	0	0	0	0	0	N	Y	N	N	N	N	N	N	N	N	N	N	0.0000	0.0000	0.0000	0.0000	0.0000	0.0000	0.0000	0.0000	0.0000	0.0000	0.0000	0.0000	0.0000	0.0000	0.0000	0.0000	0.0000	0.0000	4.0192	6.9468	0.2176	32.4744	32.7425	0.0492	0.1439	0.0705	0.2204	0.0241	0.0000	-0.5366	3.0409	3.0820	16.1393	9.3392	0.0000	0.0000	0.0000	0.0000	0.0000	0.0000	0.0000	0.0000	0.0000	1.0332	1.0088	0.0243	1.0008	1.0008	0.0001	0.0323	0.0081	0.0243	0.0804	0.0710	0.0094	0.0194	0.0186	0.0007	0.0611	0.0524	0.0087	0.2571	0.1452	0.1118	0.0324	0.0306	0.0018	0.2247	0.1147	0.1100	0.0000	0.0000	0.0000	0.0000	0.0000	0.0000	0.0000	0.0000	0.0000	4.0192	6.9468	0.2176	30.9066	32.7425	0.0492	0.1439	0.0705	0.2204	
28	65	0.1175	9	0	2	0	0	0	0	0	0	N	Y	N	N	N	N	N	N	N	N	N	N	0.0003	0.1068	0.0000	0.1342	0.1331	0.0000	0.0000	0.0000	0.0000	0.0016	0.0018	0.0000	0.0093	0.0097	0.0000	0.0000	0.0000	0.0000	5.8744	0.0173	13.9611	0.0693	0.0726	0.0141	6.8715	0.0000	14.2426	0.0026	583.8131	-0.0000	0.4559	3.0409	1.7946	16.1393	5.9592	0.0001	0.0001	0.0000	0.0001	0.0001	0.0000	0.0000	0.0000	0.0000	1.0013	0.0017	0.9995	0.0017	0.0017	0.0000	0.9995	0.0000	0.9995	0.0403	0.0353	0.0050	0.0070	0.0068	0.0003	0.0333	0.0286	0.0047	0.1704	0.0988	0.0716	0.0250	0.0236	0.0014	0.1455	0.0753	0.0702	0.0003	0.1068	0.0000	0.1342	0.1331	0.0000	0.0000	0.0000	0.0000	5.8744	0.0173	13.9611	0.0693	0.0726	0.0141	6.8715	0.0000	14.2426
28	66	0.1106	8	0	2	0	0	0	0	0	0	N	Y	N	N	N	N	N	N	N	N	N	N	0.2031	1.1269	0.0609	1.7218	2.0228	0.0004	0.0177	0.0004	0.0638	0.0421	0.0445	0.0253	0.2125	0.2197	0.0002	0.0039	0.0000	0.0266	0.2074	0.0395	0.4159	0.1234	0.1086	0.4443	0.2197	0.0204	0.4169	0.0814	8.4784	-0.0004	0.0055	3.0409	1.3569	16.1393	2.0560	0.0014	0.0013	0.0001	0.0013	0.0013	0.0000	0.0001	0.0000	0.0001	0.0156	0.0017	0.0140	0.0012	0.0010	0.0002	0.0145	0.0007	0.0138	0.0329	0.0288	0.0041	0.0060	0.0058	0.0002	0.0268	0.0229	0.0039	0.0754	0.0418	0.0337	0.0096	0.0090	0.0006	0.0658	0.0327	0.0331	0.2031	1.1269	0.0609	1.7218	2.0228	0.0005	0.0177	0.0004	0.0638	0.2074	0.0395	0.4159	0.1234	0.1086	0.3588	0.2197	0.0204	0.4169
28	67	0.0973	7	0	2	0	0	0	0	0	0	N	Y	N	N	N	N	N	N	N	N	N	N	0.0331	0.6057	0.1109	1.1816	1.6757	0.0253	0.0306	0.0000	0.1181	0.1668	0.0071	1.2311	0.0406	0.0423	0.0136	0.1902	0.0000	1.3252	5.0365	0.0118	11.1048	0.0343	0.0252	0.5391	6.2240	0.0048	11.2173	25.8958	780.7486	0.0108	0.4230	3.0409	4.9477	16.1393	2.0153	0.0185	0.0007	0.0178	0.0007	0.0007	0.0000	0.0178	0.0000	0.0178	0.9281	0.0012	0.9269	0.0012	0.0009	0.0003	0.9269	0.0003	0.9266	0.1111	0.0966	0.0145	0.0173	0.0163	0.0010	0.0938	0.0803	0.0135	0.1843	0.1008	0.0835	0.0354	0.0345	0.0009	0.1489	0.0663	0.0826	0.0331	0.6057	0.1109	1.1816	1.6757	0.0345	0.0306	0.0000	0.1181	5.0365	0.0118	11.1048	0.0343	0.0252	0.3959	6.2240	0.0048	11.2173
28	68	0.2256	17	0	1	1	0	0	0	0	0	N	N	N	N	N	N	N	N	N	N	N	N	0.0000	0.0000	0.0000	0.0000	0.0000	0.0000	0.0000	0.0000	0.0000	0.0000	0.0000	0.0000	0.0000	0.0000	0.0000	0.0000	0.0000	0.0000	12.2590	20.1148	0.0013	55.4415	57.9560	0.0166	0.0000	0.0000	0.0000	0.0000	0.0000	-0.5413	3.0409	0.0000	16.1393	4.0001	0.0000	0.0000	0.0000	0.0000	0.0000	0.0000	0.0000	0.0000	0.0000	0.9971	0.9970	0.0000	0.9971	0.9970	0.0000	0.0000	0.0000	0.0000	0.0000	0.0000	0.0000	0.0000	0.0000	0.0000	0.0000	0.0000	0.0000	0.0813	0.0496	0.0318	0.0196	0.0172	0.0024	0.0617	0.0324	0.0294	0.0000	0.0000	0.0000	0.0000	0.0000	0.0000	0.0000	0.0000	0.0000	12.2590	20.1148	0.0013	50.8368	57.9560	0.0166	0.0000	0.0000	0.0000	
28	69	0.2033	16	0	1	0	0	0	0	0	0	N	N	N	N	N	N	N	N	N	N	N	N	0.0000	0.0000	0.0000	0.0000	0.0000	0.0000	0.0000	0.0000	0.0000	0.0000	0.0000	0.0000	0.0000	0.0000	0.0000	0.0000	0.0000	0.0000	6.7210	5.4984	8.6289	12.8789	13.6827	3.2592	4.5245	0.0030	8.9508	inf	1.0057	0.0000	-0.0820	3.0409	2.8240	16.1393	8.9883	0.0000	0.0000	0.0000	0.0000	0.0000	0.0000	0.0000	0.0000	0.0000	1.9730	0.9837	0.9893	0.9940	0.9834	0.0106	0.9790	0.0003	0.9787	0.0792	0.0700	0.0092	0.0215	0.0207	0.0008	0.0577	0.0493	0.0084	0.2936	0.1789	0.1147	0.0772	0.0719	0.0053	0.2164	0.1070	0.1093	0.0000	0.0000	0.0000	0.0000	0.0000	0.0000	0.0000	0.0000	0.0000	6.7210	5.4984	8.6289	12.8789	13.6827	2.0040	4.5245	0.0030	8.9508
28	70	0.1944	15	0	1	0	0	0	0	0	0	N	N	N	N	N	N	N	N	N	N	N	N	0.1049	0.0000	1.0230	0.3720	0.0002	64.9397	0.0109	0.0000	0.0712	0.0244	0.0000	0.1864	0.1221	0.0001	3.1729	0.0020	0.0000	0.0133	0.2325	0.2592	0.1822	0.3281	0.3397	0.0489	0.1858	0.1842	0.1875	2333.6450	0.3720	0.0005	-0.0106	3.0409	1.4521	16.1393	3.5882	0.0008	0.0000	0.0008	0.0007	0.0000	0.0007	0.0001	0.0000	0.0001	0.0391	0.0285	0.0106	0.0181	0.0180	0.0001	0.0210	0.0105	0.0105	0.0321	0.0279	0.0042	0.0060	0.0058	0.0002	0.0261	0.0221	0.0040	0.1683	0.1101	0.0582	0.0552	0.0530	0.0022	0.1130	0.0570	0.0560	0.1049	0.0000	1.0230	0.3720	0.0002	64.9397	0.0109	0.0000	0.0712	0.2325	0.2592	0.1822	0.3281	0.3397	0.0489	0.1858	0.1842	0.1875
28	71	0.1916	14	0	1	0	0	0	0	0	0	N	N	N	N	N	N	N	N	N	N	N	N	3.9181	0.2846	15.0706	3.4276	1.2682	1705.3892	3.5975	0.0000	14.3166	0.5844	0.0270	3.9808	0.2422	0.0919	5.5348	0.7042	0.0000	3.8976	0.1491	0.0948	0.2641	0.0707	0.0725	0.0032	0.1958	0.1205	0.2722	24.2012	1.3152	0.0107	0.0004	3.0409	1.1783	16.1393	0.9542	0.0184	0.0007	0.0177	0.0020	0.0007	0.0012	0.0164	0.0000	0.0164	0.0143	0.0062	0.0081	0.0025	0.0025	0.0000	0.0118	0.0037	0.0081	0.0315	0.0270	0.0044	0.0082	0.0079	0.0002	0.0233	0.0191	0.0042	0.0961	0.0653	0.0308	0.0358	0.0349	0.0009	0.0603	0.0304	0.0299	3.9181	0.2846	15.0706	3.4276	1.2682	1705.3892	3.5975	0.0000	14.3166	0.1491	0.0948	0.2641	0.0707	0.0725	0.0032	0.1958	0.1205	0.2722
28	72	0.1871	13	0	1	0	0	0	0	0	0	N	N	N	N	N	N	N	N	N	N	N	N	128.0244	0.0018	806.6130	380.3049	0.0040	1916809.3174	0.0802	0.0005	0.2963	21.5880	0.0003	172.8202	101.6544	0.0011	2478.8783	0.0097	0.0000	0.0659	0.1686	0.1440	0.2143	0.2673	0.2785	0.0013	0.1214	0.0209	0.2225	92585.5363	0.8016	0.6180	-0.0019	3.0409	2.0762	16.1393	1.4610	0.9984	0.0000	0.9984	0.9981	0.0000	0.9981	0.0004	0.0000	0.0004	0.0195	0.0108	0.0087	0.0100	0.0100	0.0000	0.0095	0.0008	0.0087	0.0463	0.0405	0.0058	0.0098	0.0094	0.0004	0.0364	0.0311	0.0054	0.1155	0.0751	0.0405	0.0374	0.0359	0.0015	0.0781	0.0392	0.0390	128.0244	0.0018	806.6130	380.3049	0.0040	1916809.3174	0.0802	0.0005	0.2963	0.1686	0.1440	0.2143	0.2673	0.2785	0.0013	0.1214	0.0209	0.2225
28	73	0.1229	9	0	1	0	0	0	0	0	0	N	N	N	N	N	N	N	N	N	N	N	N	0.0000	0.0000	0.0000	0.0000	0.0000	0.0000	0.0000	0.0000	0.0000	0.0000	0.0000	0.0000	0.0000	0.0000	0.0000	0.0000	0.0000	0.0000	2.5488	4.1970	0.4665	0.0576	0.0489	0.1706	2.9380	5.3989	0.4732	0.0880	0.0000	-0.4968	3.0409	4.0673	16.1393	17.8409	0.0000	0.0000	0.0000	0.0000	0.0000	0.0000	0.0000	0.0000	0.0000	1.0752	0.9883	0.0869	0.0033	0.0026	0.0007	1.0719	0.9857	0.0862	0.1003	0.0884	0.0119	0.0223	0.0215	0.0008	0.0780	0.0669	0.0111	0.4218	0.2355	0.1864	0.0570	0.0529	0.0041	0.3648	0.1826	0.1823	0.0000	0.0000	0.0000	0.0000	0.0000	0.0000	0.0000	0.0000	0.0000	2.5488	4.1970	0.4665	0.0576	0.0489	0.1706	2.9380	5.3989	0.4732	
28	75	0.2596	13	0	1	0	0	0	0	0	0	N	N	N	N	N	N	N	N	N	N	N	N	3.5913	0.0090	18.2199	0.0417	0.0198	0.2631	4.6740	0.0000	19.7366	7.4647	0.0115	68.4577	0.0661	0.0305	0.8672	11.4444	0.0000	79.1559	2.0786	1.2702	3.7573	1.5846	1.5400	3.2957	2.4485	0.9511	4.0106	730.1834	1.4244	0.5793	0.1388	3.0409	3.5843	16.1393	46.7516	0.9381	0.0013	0.9368	0.0029	0.0013	0.0016	0.9352	0.0000	0.9352	3.1137	1.2843	1.8294	1.0165	0.8932	0.1233	2.0972	0.3911	1.7061	0.1257	0.1120	0.0137	0.0440	0.0421	0.0019	0.0817	0.0699	0.0118	1.4980	1.0111	0.4869	0.6415	0.5800	0.0615	0.8565	0.4311	0.4254	3.5913	0.0090	18.2199	0.0417	0.0198	0.4325	4.6740	0.0000	19.7366	2.0786	1.2702	3.7573	1.5846	1.5400	2.0051	2.4485	0.9072	4.0106
28	76	0.0657	3	1	2	1	0	0	0	0	0	N	Y	N	N	N	N	N	N	N	N	N	N	0.0963	0.0642	0.0000	0.5973	0.5600	0.0000	0.0000	0.0000	0.0000	0.0001	0.0001	0.0000	0.0045	0.0046	0.0000	0.0000	0.0000	0.0000	0.0009	0.0016	0.0002	0.0075	0.0082	0.0001	0.0001	0.0000	0.0002	0.0000	0.1407	-0.0000	-0.0000	3.0409	1.0003	16.1393	1.0071	0.0000	0.0000	0.0000	0.0000	0.0000	0.0000	0.0000	0.0000	0.0000	0.0000	0.0000	0.0000	0.0000	0.0000	0.0000	0.0000	0.0000	0.0000	0.0214	0.0184	0.0030	0.0004	0.0004	0.0000	0.0210	0.0180	0.0030	0.0497	0.0250	0.0247	0.0052	0.0048	0.0004	0.0445	0.0202	0.0243	0.0963	0.0642	0.0000	0.5973	0.5600	0.0000	0.0000	0.0000	0.0000	0.0009	0.0016	0.0002	0.0075	0.0082	0.0001	0.0001	0.0000	0.0002
28	77	0.0590	2	1	1	1	0	0	0	0	0	N	N	N	N	N	N	N	N	N	N	N	N	4.1019	4.6140	0.0019	71.7555	72.1207	0.4238	0.0003	0.0000	0.0010	0.2717	0.3168	0.0001	9.5470	9.6098	0.0414	0.0000	0.0000	0.0001	0.0662	0.0687	0.0611	0.1330	0.1332	0.0976	0.0300	0.0000	0.0609	0.0001	0.4221	-0.0023	-0.0038	3.0409	0.9901	16.1393	2.2068	0.0059	0.0059	0.0000	0.0059	0.0059	0.0000	0.0000	0.0000	0.0000	0.0153	0.0108	0.0046	0.0108	0.0108	0.0000	0.0045	0.0000	0.0045	0.0218	0.0187	0.0031	0.0006	0.0006	0.0000	0.0211	0.0180	0.0031	0.2315	0.1571	0.0745	0.0814	0.0809	0.0005	0.1501	0.0761	0.0740	4.1019	4.6140	0.0019	71.7555	72.1207	0.4238	0.0003	0.0000	0.0010	0.0662	0.0687	0.0611	0.1330	0.1332	0.0976	0.0300	0.0000	0.0609
28	78	0.1404	10	0	2	0	0	0	0	0	0	N	Y	N	N	N	N	N	N	N	N	N	N	1.1248	0.8005	0.0000	1.2341	1.2094	0.0000	0.0000	0.0000	0.0000	0.0055	0.0063	0.0000	0.0262	0.0273	0.0000	0.0000	0.0000	0.0000	0.0049	0.0078	0.0004	0.0212	0.0226	0.0029	0.0001	0.0000	0.0003	0.0000	0.0300	-0.0004	-0.0014	3.0409	8.4371	16.1393	15.3349	0.0011	0.0011	0.0000	0.0011	0.0011	0.0000	0.0000	0.0000	0.0000	0.0027	0.0027	0.0001	0.0027	0.0027	0.0000	0.0001	0.0000	0.0001	0.2060	0.1818	0.0242	0.0436	0.0417	0.0018	0.1624	0.1400	0.0224	0.5568	0.3394	0.2173	0.1266	0.1177	0.0089	0.4302	0.2218	0.2084	1.1248	0.8005	0.0000	1.2341	1.2094	0.0000	0.0000	0.0000	0.0000	0.0049	0.0078	0.0004	0.0212	0.0226	0.0029	0.0001	0.0000	0.0003
28	79	0.0590	2	1	1	1	0	0	0	0	0	N	N	N	N	N	N	N	N	N	N	N	N	0.0912	5.4541	0.0009	90.8912	90.9535	0.0000	0.0002	73.2780	0.0009	0.2623	0.3040	0.0064	12.8674	12.9861	0.0000	0.0009	0.0000	0.0064	2.8769	0.0557	7.2894	0.1416	0.1428	0.0488	3.7464	0.0000	7.3474	0.0034	83.6276	-0.0064	0.4544	3.0409	3.0096	16.1393	5.7427	0.0169	0.0168	0.0001	0.0168	0.0168	0.0000	0.0001	0.0000	0.0001	1.0205	0.0121	1.0085	0.0121	0.0121	0.0001	1.0084	0.0000	1.0084	0.0643	0.0553	0.0090	0.0013	0.0013	0.0000	0.0630	0.0540	0.0090	0.3547	0.2164	0.1383	0.0856	0.0845	0.0011	0.2692	0.1319	0.1372	0.0912	5.4541	0.0009	90.8912	90.9535	0.0000	0.0002	73.2780	0.0009	2.8769	0.0557	7.2894	0.1416	0.1428	0.0488	3.7464	0.0000	7.3474
28	84	0.1602	12	0	2	0	0	0	0	0	0	N	Y	N	N	N	N	N	N	N	N	N	N	0.0301	36.8902	0.0000	60.5751	69.2437	0.0000	0.0000	0.1874	0.0000	0.0383	0.0437	0.0000	0.2161	0.2286	0.0000	0.0000	0.0000	0.0000	1.2733	0.0012	3.2278	0.0036	0.0033	0.0064	1.6687	0.0000	3.4042	0.0000	1773.2381	-0.0023	0.4539	3.0409	7.1084	16.1393	28.8937	0.0060	0.0060	0.0000	0.0060	0.0060	0.0000	0.0000	0.0000	0.0000	0.9944	0.0006	0.9939	0.0007	0.0006	0.0001	0.9938	0.0000	0.9938	0.1558	0.1365	0.0193	0.0276	0.0261	0.0015	0.1282	0.1104	0.0178	0.7810	0.4731	0.3079	0.1855	0.1695	0.0160	0.5955	0.3036	0.2919	0.0301	36.8902	0.0000	60.5751	69.2437	0.0000	0.0000	0.1874	0.0000	1.2733	0.0012	3.2278	0.0036	0.0033	0.0064	1.6687	0.0000	3.4042
28	85	0.1528	11	0	2	0	0	0	0	0	0	N	Y	N	N	N	N	N	N	N	N	N	N	0.0018	0.0027	0.0007	0.0040	0.0038	0.0193	0.0000	0.0000	0.0000	0.0001	0.0001	0.0000	0.0002	0.0002	0.0002	0.0000	0.0000	0.0000	0.0389	0.0265	0.0644	0.0471	0.0488	0.0121	0.0347	0.0056	0.0669	0.0833	1.1873	-0.0000	-0.0000	3.0409	2.2208	16.1393	3.9129	0.0000	0.0000	0.0000	0.0000	0.0000	0.0000	0.0000	0.0000	0.0000	0.0095	0.0043	0.0051	0.0039	0.0039	0.0000	0.0056	0.0005	0.0051	0.0795	0.0708	0.0087	0.0292	0.0274	0.0018	0.0503	0.0434	0.0069	0.2430	0.1633	0.0798	0.0827	0.0791	0.0037	0.1603	0.0842	0.0761	0.0018	0.0027	0.0007	0.0040	0.0038	0.0193	0.0000	0.0000	0.0000	0.0389	0.0265	0.0644	0.0471	0.0488	0.0121	0.0347	0.0056	0.0669
28	86	0.2283	13	0	1	1	0	0	0	0	0	N	N	N	N	N	N	N	N	N	N	N	N	0.0000	0.0000	0.0000	0.0000	0.0000	0.0000	0.0000	0.0000	0.0000	0.0000	0.0000	0.0000	0.0000	0.0000	0.0000	0.0000	0.0000	0.0000	0.0239	0.0378	0.0021	0.0872	0.0948	0.0120	0.0007	0.0000	0.0014	0.0354	0.0000	-0.0034	3.0409	5.3425	16.1393	7.0749	0.0000	0.0000	0.0000	0.0000	0.0000	0.0000	0.0000	0.0000	0.0000	0.0067	0.0065	0.0002	0.0066	0.0065	0.0001	0.0001	0.0000	0.0001	0.1288	0.1135	0.0154	0.0231	0.0220	0.0011	0.1057	0.0914	0.0143	0.2826	0.1725	0.1101	0.0756	0.0687	0.0069	0.2070	0.1038	0.1032	0.0000	0.0000	0.0000	0.0000	0.0000	0.0000	0.0000	0.0000	0.0000	0.0239	0.0378	0.0021	0.0872	0.0948	0.0120	0.0007	0.0000	0.0014	
28	87	0.1851	12	0	1	0	0	0	0	0	0	N	N	N	N	N	N	N	N	N	N	N	N	0.0113	0.0095	0.0000	0.0142	0.0144	0.0000	0.0000	0.0000	0.0000	0.0015	0.0016	0.0000	0.0051	0.0055	0.0000	0.0000	0.0000	0.0000	0.1288	0.1732	0.0540	0.3589	0.3808	0.1105	0.0269	0.0037	0.0499	0.0000	0.1848	-0.0001	-0.0290	3.0409	7.0719	16.1393	13.7350	0.0003	0.0003	0.0000	0.0003	0.0003	0.0000	0.0000	0.0000	0.0000	0.0750	0.0633	0.0117	0.0642	0.0626	0.0016	0.0109	0.0008	0.0101	0.1926	0.1701	0.0224	0.0551	0.0513	0.0038	0.1375	0.1188	0.0186	0.5825	0.3657	0.2168	0.1788	0.1644	0.0145	0.4036	0.2013	0.2023	0.0113	0.0095	0.0000	0.0142	0.0144	0.0000	0.0000	0.0000	0.0000	0.1288	0.1732	0.0540	0.3589	0.3808	0.1105	0.0269	0.0037	0.0499
28	88	0.1277	10	1	1	1	0	0	0	0	0	N	N	N	N	N	N	N	N	N	N	N	N	0.0000	0.0000	0.0000	0.0000	0.0000	0.0000	0.0000	0.0000	0.0000	0.0000	0.0000	0.0000	0.0000	0.0000	0.0000	0.0000	0.0000	0.0000	0.0000	0.0000	3.0409	0.0000	16.1393	0.0000	0.0000	0.0000	0.0000	0.0000	0.0000	0.0000	0.0000	0.0000	0.0000	0.0000	0.0000	0.0000	0.0000	0.0000	0.0000	0.0000	0.0000	0.0000	0.0000	0.0000	0.0000	0.0000	0.0000	0.0000	0.0000	0.0000	0.0000	0.0000	0.0000	0.0000	0.0000	0.0000	0.0000	0.0000	0.0000	0.0000	0.0000	0.0000	0.0000	0.0000	0.0000	0.0000	0.0000	0.0000	0.0000	0.0000	0.0000	0.0000	0.0000	0.0000	0.0000	0.0000	0.0000	0.0000											
28	89	0.1257	9	1	1	1	0	0	0	0	0	N	N	N	N	N	N	N	N	N	N	N	N	0.1539	0.0000	0.2249	0.0000	0.0000	0.0000	0.1780	0.0000	0.2528	3.9114	0.0000	38.8681	0.0000	0.0000	0.0000	6.4858	0.0000	40.3972	25.4224	0.3740	172.8314	0.8311	0.8208	1.4843	36.4301	0.0001	159.7823	inf	101.5886	0.0000	0.4068	3.0409	0.0001	16.1393	0.9161	0.0000	0.0000	0.0000	0.0000	0.0000	0.0000	0.0000	0.0000	0.0000	0.9094	0.0089	0.9005	0.0092	0.0089	0.0003	0.9002	0.0000	0.9002	0.0000	0.0000	0.0000	0.0000	0.0000	0.0000	0.0000	0.0000	0.0000	0.0358	0.0237	0.0121	0.0111	0.0108	0.0003	0.0247	0.0129	0.0118	0.1539	0.0000	0.5211	0.0000	0.0000	0.0000	0.1780	0.0000	0.5299	25.4224	0.3740	74.5948	0.8311	0.8208	1.2512	36.4301	0.0001	76.2289
28	90	0.1010	8	1	1	1	0	0	0	0	0	N	N	N	N	N	N	N	N	N	N	N	N	12.1562	0.0016	108.8957	0.0018	0.0020	0.0000	31.4344	0.0000	117.9180	11.5034	0.0016	92.6048	0.0076	0.0080	0.0000	14.1741	0.0000	101.4612	0.9463	1.0242	0.8504	4.2798	4.0275	0.0319	0.4509	0.0114	0.8604	8047.0137	0.6746	0.6175	-0.0344	3.0409	3.7876	16.1393	7.8440	0.9979	0.0001	0.9978	0.0001	0.0001	0.0000	0.9978	0.0000	0.9978	0.2456	0.1467	0.0990	0.1455	0.1455	0.0000	0.1001	0.0012	0.0989	0.0868	0.0760	0.0108	0.0164	0.0154	0.0009	0.0704	0.0606	0.0098	0.2596	0.1432	0.1164	0.0375	0.0361	0.0014	0.2221	0.1071	0.1149	12.1562	0.0016	108.8957	0.0020	0.0020	0.0000	31.4344	0.0000	117.9180	0.9463	1.0242	0.8504	3.8774	4.0275	0.0319	0.4509	0.0114	0.8604
28	91	0.1333	10	0	2	0	1	0	0	0	0	N	Y	N	N	N	N	N	N	N	N	N	N	0.0000	0.0000	0.0000	0.0000	0.0000	0.0000	0.0000	0.0000	0.0000	0.0000	0.0000	0.0000	0.0000	0.0000	0.0000	0.0000	0.0000	0.0000	4.8721	8.4564	0.0001	12.1179	12.8243	0.0000	3.0158	6.2611	0.0001	0.0000	0.0000	-0.0000	-1.0755	3.0409	1.8247	16.1393	16.3284	0.0000	0.0000	0.0000	0.0000	0.0000	0.0000	0.0000	0.0000	0.0000	1.9808	1.9808	0.0000	1.0048	1.0048	0.0000	0.9761	0.9760	0.0000	0.0528	0.0469	0.0060	0.0138	0.0135	0.0004	0.0390	0.0334	0.0056	0.4066	0.2342	0.1723	0.0829	0.0784	0.0046	0.3236	0.1559	0.1678	0.0000	0.0000	0.0000	0.0000	0.0000	0.0000	0.0000	0.0000	0.0000	4.8721	8.4564	0.0001	12.1179	12.8243	0.0000	3.0158	6.2611	0.0001
28	92	0.1229	9	0	2	0	0	0	0	0	0	N	Y	N	N	N	N	N	N	N	N	N	N	0.0046	0.2362	0.0000	0.1214	0.2413	0.0000	0.0000	0.0000	0.0096	0.0110	0.0000	0.0485	0.0506	0.0000	0.0000	0.0000	0.0000	2.1133	0.0465	4.7229	0.3994	0.2099	6.3003	2.3772	0.0000	4.7667	0.0000	80.4692	-0.0007	0.4497	3.0409	9.1310	16.1393	16.1726	0.0020	0.0020	0.0000	0.0020	0.0020	0.0000	0.0000	0.0000	0.0000	1.0112	0.0124	0.9988	0.0255	0.0124	0.0131	0.9857	0.0000	0.9857	0.2031	0.1785	0.0246	0.0404	0.0387	0.0017	0.1627	0.1398	0.0229	0.4785	0.2670	0.2115	0.0638	0.0591	0.0047	0.4146	0.2079	0.2068	0.0046	0.2362	0.0000	0.1214	0.2413	0.0000	0.0000	0.0000	0.0000	2.1133	0.0465	4.7229	0.3994	0.2099	2.7896	2.3772	0.0000	4.7667	
28	93	0.2078	15	0	2	0	0	0	0	0	0	N	Y	N	N	N	N	N	N	N	N	N	N	0.0000	0.0000	0.0000	0.0000	0.0000	0.0000	0.0000	0.0000	0.0000	0.0000	0.0000	0.0000	0.0000	0.0000	0.0000	0.0000	0.0000	0.0000	1.7437	2.8033	0.0013	6.3751	6.2471	0.0021	0.0098	0.0186	0.0012	0.0003	0.0000	-0.3119	3.0409	4.0959	16.1393	8.7137	0.0000	0.0000	0.0000	0.0000	0.0000	0.0000	0.0000	0.0000	0.0000	0.5747	0.5745	0.0002	0.5725	0.5724	0.0000	0.0022	0.0021	0.0001	0.0935	0.0818	0.0117	0.0178	0.0172	0.0007	0.0757	0.0647	0.0110	0.3296	0.2049	0.1246	0.1025	0.0925	0.0100	0.2271	0.1124	0.1146	0.0000	0.0000	0.0000	0.0000	0.0000	0.0000	0.0000	0.0000	0.0000	1.7437	2.8033	0.0013	5.5833	6.1875	0.0021	0.0098	0.0186	0.0012	
28	94	0.1895	14	0	2	0	0	0	0	0	0	N	Y	N	N	N	N	N	N	N	N	N	N	0.0000	0.0000	0.0000	0.0000	0.0000	0.0000	0.0000	0.0000	0.0000	0.0000	0.0000	0.0000	0.0000	0.0000	0.0000	0.0000	0.0000	0.0000	13.0389	21.0246	0.1564	30.3002	31.9922	0.8534	6.7328	13.3205	0.1306	0.0046	0.0000	-1.4506	3.0409	2.9443	16.1393	6.1524	0.0000	0.0000	0.0000	0.0000	0.0000	0.0000	0.0000	0.0000	0.0000	2.6945	2.6821	0.0124	1.6866	1.6840	0.0026	1.0079	0.9982	0.0098	0.0711	0.0620	0.0091	0.0166	0.0160	0.0005	0.0545	0.0460	0.0085	0.2067	0.1276	0.0791	0.0569	0.0526	0.0043	0.1497	0.0749	0.0748	0.0000	0.0000	0.0000	0.0000	0.0000	0.0000	0.0000	0.0000	0.0000	13.0389	21.0246	0.1564	29.6166	31.9922	0.6049	6.7328	13.3205	0.1306	
28	95	0.1871	13	0	1	0	0	0	0	0	0	N	N	N	N	N	N	N	N	N	N	N	N	0.0423	0.2325	0.0000	0.8304	0.8388	0.0000	0.0000	0.0000	0.0000	0.0049	0.0056	0.0000	0.0207	0.0216	0.0000	0.0000	0.0000	0.0000	0.1160	0.0241	0.3049	0.0250	0.0257	0.0009	0.1675	0.0225	0.3148	0.0000	6.1463	-0.0000	0.0032	3.0409	0.8596	16.1393	1.2300	0.0001	0.0001	0.0000	0.0001	0.0001	0.0000	0.0000	0.0000	0.0000	0.0101	0.0014	0.0087	0.0008	0.0008	0.0000	0.0093	0.0006	0.0087	0.0204	0.0179	0.0026	0.0048	0.0047	0.0002	0.0156	0.0132	0.0024	0.0870	0.0585	0.0285	0.0314	0.0305	0.0009	0.0556	0.0280	0.0276	0.0423	0.2325	0.0000	0.8304	0.8388	0.0000	0.0000	0.0000	0.0000	0.1160	0.0241	0.3049	0.0250	0.0257	0.0009	0.1675	0.0225	0.3148
28	96	0.1752	12	0	1	0	0	0	0	0	0	N	N	N	N	N	N	N	N	N	N	N	N	0.0002	0.0024	0.0007	0.0571	0.0060	0.9580	0.0000	0.0000	0.0000	0.0009	0.0001	0.0072	0.0029	0.0003	0.0577	0.0000	0.0000	0.0000	3.5941	0.0421	9.7039	0.0505	0.0501	0.0603	5.2976	0.0343	10.0735	9.0337	134.1204	0.0001	0.3280	3.0409	3.7737	16.1393	2.5241	0.0001	0.0000	0.0001	0.0001	0.0000	0.0001	0.0000	0.0000	0.0000	0.7294	0.0054	0.7240	0.0033	0.0032	0.0002	0.7261	0.0022	0.7238	0.1129	0.1004	0.0125	0.0346	0.0331	0.0016	0.0783	0.0674	0.0109	0.2029	0.1283	0.0746	0.0659	0.0631	0.0028	0.1371	0.0652	0.0719	0.0002	0.0024	0.0007	0.0571	0.0060	0.9580	0.0000	0.0000	0.0000	3.5941	0.0421	9.7039	0.0505	0.0501	0.0603	5.2976	0.0343	10.0735
28	97	0.1544	11	0	1	0	0	0	0	0	0	N	N	N	N	N	N	N	N	N	N	N	N	0.0000	0.0000	0.0000	0.0000	0.0000	0.0000	0.0000	0.0000	0.0000	0.0000	0.0000	0.0000	0.0000	0.0000	0.0000	0.0000	0.0000	0.0000	3.2329	3.6724	2.5735	0.1649	0.1736	0.0283	4.1198	5.5687	2.6614	0.4671	0.0000	-0.1884	3.0409	6.4922	16.1393	4.5502	0.0000	0.0000	0.0000	0.0000	0.0000	0.0000	0.0000	0.0000	0.0000	0.8390	0.5719	0.2671	0.0096	0.0095	0.0001	0.8294	0.5624	0.2670	0.1422	0.1245	0.0177	0.0268	0.0255	0.0012	0.1155	0.0990	0.0165	0.2595	0.1557	0.1038	0.0582	0.0547	0.0035	0.2013	0.1010	0.1003	0.0000	0.0000	0.0000	0.0000	0.0000	0.0000	0.0000	0.0000	0.0000	3.2329	3.6724	2.5735	0.1649	0.1736	0.0283	4.1198	5.5687	2.6614	
28	98	0.1010	8	0	2	0	0	0	0	0	0	N	Y	N	N	N	N	N	N	N	N	N	N	2.1000	1.3403	0.0000	0.0936	0.0960	0.0000	115.9941	676370.4133	0.0000	0.5082	0.5770	0.0000	0.1609	0.1718	0.0000	0.6435	0.7491	0.0000	0.2420	0.4305	0.0110	1.7189	1.7891	0.0299	0.0055	0.0000	0.0108	0.0000	0.0209	-0.0070	-0.0372	3.0409	1.3608	16.1393	12.1483	0.0182	0.0182	0.0000	0.0016	0.0016	0.0000	0.0166	0.0166	0.0000	0.0711	0.0697	0.0015	0.0697	0.0697	0.0000	0.0014	0.0000	0.0014	0.0359	0.0316	0.0043	0.0101	0.0094	0.0006	0.0258	0.0222	0.0036	0.2939	0.1618	0.1320	0.0406	0.0389	0.0016	0.2533	0.1229	0.1304	2.1000	1.3403	0.0000	0.0936	0.0960	0.0000	115.9941	676370.4133	0.0000	0.2420	0.4305	0.0110	1.7189	1.7891	0.0299	0.0055	0.0000	0.0108
28	99	0.0973	7	0	1	0	0	0	0	0	0	N	N	N	N	N	N	N	N	N	N	N	N	0.0538	0.0247	0.2299	0.0472	0.0504	0.0002	0.0668	0.4751	0.2591	0.0637	0.0272	0.2951	0.0968	0.1046	0.0000	0.0544	0.0036	0.3349	1.1827	1.1017	1.2837	2.0520	2.0740	0.1759	0.8149	0.0075	1.2923	1.7144	0.9345	0.0006	-0.0067	3.0409	1.5300	16.1393	0.7696	0.0026	0.0009	0.0016	0.0008	0.0008	0.0000	0.0017	0.0001	0.0016	0.1113	0.0575	0.0538	0.0574	0.0574	0.0001	0.0539	0.0002	0.0537	0.0402	0.0347	0.0055	0.0088	0.0081	0.0007	0.0314	0.0266	0.0048	0.0941	0.0522	0.0419	0.0280	0.0277	0.0003	0.0661	0.0246	0.0416	0.0538	0.0247	0.2299	0.0472	0.0504	0.0002	0.0668	0.4751	0.2591	1.1827	1.1017	1.2837	2.0520	2.0740	0.1759	0.8149	0.0075	1.2923
28	100	0.0884	6	0	1	0	0	0	0	0	0	N	N	N	N	N	N	N	N	N	N	N	N	0.0290	0.0197	0.1018	0.0530	0.0561	0.0005	0.0258	0.1041	0.1048	0.0123	0.0022	0.0795	0.0152	0.0158	0.0004	0.0119	0.0002	0.0821	0.4236	0.1137	0.7805	0.2869	0.2813	0.7461	0.4619	0.0022	0.7837	5.3023	5.9622	0.0005	0.0221	3.0409	3.6906	16.1393	1.4800	0.0010	0.0002	0.0008	0.0001	0.0001	0.0000	0.0008	0.0000	0.0008	0.0706	0.0101	0.0604	0.0105	0.0100	0.0005	0.0601	0.0001	0.0600	0.0805	0.0701	0.0105	0.0094	0.0091	0.0003	0.0711	0.0610	0.0101	0.1666	0.0892	0.0774	0.0365	0.0356	0.0009	0.1301	0.0536	0.0765	0.0290	0.0197	0.1018	0.0530	0.0561	0.0007	0.0258	0.1041	0.1048	0.4236	0.1137	0.7805	0.2869	0.2813	0.5081	0.4619	0.0022	0.7837
28	101	0.0884	5	0	1	0	0	0	0	0	0	N	N	N	N	N	N	N	N	N	N	N	N	0.1626	0.1105	0.4849	0.2301	0.2396	0.0034	0.1366	0.9646	0.5162	0.0529	0.0338	0.1683	0.0909	0.0925	0.0039	0.0373	0.0045	0.1745	0.3251	0.3058	0.3470	0.3950	0.3860	1.1373	0.2728	0.0047	0.3381	0.8215	0.9940	0.0000	-0.0010	3.0409	0.1361	16.1393	0.4500	0.0003	0.0002	0.0001	0.0001	0.0001	0.0000	0.0001	0.0000	0.0001	0.0227	0.0114	0.0113	0.0118	0.0113	0.0004	0.0109	0.0000	0.0109	0.0054	0.0047	0.0008	0.0016	0.0015	0.0000	0.0038	0.0031	0.0007	0.0697	0.0372	0.0325	0.0298	0.0293	0.0005	0.0399	0.0078	0.0321	0.1626	0.1105	0.4849	0.2301	0.2396	0.0040	0.1366	0.9646	0.5162	0.3251	0.3058	0.3470	0.3950	0.3860	0.9800	0.2728	0.0047	0.3381
28	102	0.0725	4	0	1	0	0	0	0	0	0	N	N	N	N	N	N	N	N	N	N	N	N	0.0013	0.0226	0.0014	0.0264	0.0273	0.0000	0.0004	0.0413	0.0014	0.0058	0.0050	0.0124	0.0156	0.0159	0.0000	0.0020	0.0002	0.0130	4.3908	0.2205	9.1009	0.5911	0.5816	1.5806	5.3429	0.0054	9.1401	0.2865	36.5503	-0.0001	0.4871	3.0409	3.5591	16.1393	4.5341	0.0006	0.0005	0.0001	0.0004	0.0004	0.0000	0.0001	0.0000	0.0001	1.1318	0.0301	1.1017	0.0305	0.0297	0.0008	1.1013	0.0005	1.1008	0.1016	0.0911	0.0105	0.0282	0.0277	0.0005	0.0734	0.0634	0.0100	0.2578	0.1367	0.1210	0.0516	0.0510	0.0006	0.2061	0.0857	0.1204	0.0013	0.0226	0.0014	0.0264	0.0273	0.0000	0.0004	0.0413	0.0014	4.3908	0.2205	9.1009	0.5911	0.5816	1.3864	5.3429	0.0054	9.1401
28	104	0.2093	13	0	2	0	0	0	0	0	0	N	Y	N	N	N	N	N	N	N	N	N	N	0.5211	2.4674	0.0000	0.9120	33.1158	0.0000	0.0000	0.0000	0.0000	0.0286	0.0328	0.0000	0.0769	0.0787	0.0000	0.0000	0.0000	0.0000	0.0548	0.0133	0.1944	0.0843	0.0024	1.6958	0.0336	0.0247	0.0500	0.0000	4.3618	-0.0000	0.0010	3.0409	0.0277	16.1393	1.3445	0.0000	0.0000	0.0000	0.0000	0.0000	0.0000	0.0000	0.0000	0.0000	0.0035	0.0007	0.0029	0.0023	0.0001	0.0022	0.0013	0.0006	0.0007	0.0011	0.0009	0.0001	0.0004	0.0004	0.0000	0.0007	0.0005	0.0001	0.0645	0.0497	0.0148	0.0270	0.0254	0.0016	0.0375	0.0243	0.0132	0.5211	2.4674	0.0000	0.9120	33.1158	0.0000	0.0000	0.0000	0.0000	0.0548	0.0133	0.1944	0.0843	0.0024	1.3933	0.0336	0.0247	0.0500
28	105	0.1626	12	0	2	0	0	0	0	0	0	N	Y	N	N	N	N	N	N	N	N	N	N	0.0001	0.0001	0.0000	0.0063	0.0595	0.0000	0.0000	0.0000	0.0000	0.0003	0.0003	0.0000	0.0011	0.0012	0.0000	0.0000	0.0000	0.0000	3.7221	2.2496	5.9395	0.1761	0.0194	3.2978	4.6547	3.2952	6.1084	0.0000	1.7532	-0.0000	0.1470	3.0409	5.1414	16.1393	16.4151	0.0000	0.0000	0.0000	0.0000	0.0000	0.0000	0.0000	0.0000	0.0000	1.5663	0.5689	0.9974	0.0154	0.0016	0.0139	1.5509	0.5673	0.9835	0.1161	0.1022	0.0140	0.0271	0.0260	0.0011	0.0890	0.0762	0.0128	0.4208	0.2529	0.1679	0.0876	0.0807	0.0069	0.3332	0.1722	0.1610	0.0001	0.0001	0.0000	0.0063	0.0595	0.0000	0.0000	0.0000	0.0000	3.7221	2.2496	5.9395	0.1761	0.0194	2.0061	4.6547	3.2952	6.1084
28	106	0.1544	11	0	1	0	0	0	0	0	0	N	N	N	N	N	N	N	N	N	N	N	N	0.0000	0.0000	0.0000	0.0000	0.0000	0.0000	0.0000	0.0000	0.0000	0.0000	0.0000	0.0000	0.0000	0.0000	0.0000	0.0000	0.0000	0.0000	3.2750	5.2443	0.0700	7.2062	6.8023	0.0758	2.2270	4.4105	0.0699	0.0082	0.0000	-0.2753	3.0409	3.8974	16.1393	1.6364	0.0000	0.0000	0.0000	0.0000	0.0000	0.0000	0.0000	0.0000	0.0000	0.5147	0.5105	0.0042	0.2583	0.2581	0.0001	0.2564	0.2524	0.0040	0.0885	0.0774	0.0110	0.0173	0.0166	0.0008	0.0711	0.0609	0.0103	0.1572	0.0973	0.0598	0.0420	0.0401	0.0019	0.1151	0.0572	0.0579	0.0000	0.0000	0.0000	0.0000	0.0000	0.0000	0.0000	0.0000	0.0000	3.2750	5.2443	0.0700	6.1473	6.4334	0.0758	2.2270	4.4105	0.0699	
28	107	0.1333	10	0	1	0	0	0	0	0	0	N	N	N	N	N	N	N	N	N	N	N	N	0.0000	0.0000	0.0000	0.0000	0.0000	0.0000	0.0000	0.0000	0.0000	0.0000	0.0000	0.0000	0.0000	0.0000	0.0000	0.0000	0.0000	0.0000	1.8707	3.1442	0.0920	0.7470	0.7758	0.0909	2.2258	4.6885	0.0920	0.0000	0.0210	-0.0000	-0.2572	3.0409	0.3701	16.1393	9.6236	0.0000	0.0000	0.0000	0.0000	0.0000	0.0000	0.0000	0.0000	0.0000	0.4923	0.4822	0.0101	0.0472	0.0470	0.0002	0.4451	0.4352	0.0099	0.0216	0.0195	0.0021	0.0082	0.0081	0.0001	0.0133	0.0114	0.0020	0.2631	0.1533	0.1098	0.0632	0.0605	0.0027	0.2000	0.0928	0.1071	0.0000	0.0000	0.0000	0.0000	0.0000	0.0000	0.0000	0.0000	0.0000	1.8707	3.1442	0.0920	0.7470	0.7758	0.0909	2.2258	4.6885	0.0920
28	108	0.1229	9	0	1	0	0	0	0	0	0	N	N	N	N	N	N	N	N	N	N	N	N	0.0000	0.0000	0.0000	0.0000	0.0000	0.0000	0.0000	0.0000	0.0000	0.0000	0.0000	0.0000	0.0000	0.0000	0.0000	0.0000	0.0000	0.0000	0.4160	0.7205	0.0170	0.9991	1.0533	0.0048	0.2963	0.6770	0.0173	0.0000	0.0180	-0.0000	-0.0265	3.0409	0.4415	16.1393	4.8853	0.0000	0.0000	0.0000	0.0000	0.0000	0.0000	0.0000	0.0000	0.0000	0.0505	0.0496	0.0009	0.0207	0.0206	0.0000	0.0298	0.0289	0.0009	0.0232	0.0210	0.0022	0.0086	0.0085	0.0001	0.0147	0.0126	0.0021	0.1214	0.0688	0.0525	0.0207	0.0196	0.0011	0.1007	0.0492	0.0515	0.0000	0.0000	0.0000	0.0000	0.0000	0.0000	0.0000	0.0000	0.0000	0.4160	0.7205	0.0170	0.9991	1.0533	0.0048	0.2963	0.5880	0.0173
28	109	0.1452	8	1	2	0	1	0	0	0	0	N	Y	N	N	N	N	N	N	N	N	N	N	0.0000	0.0000	0.0000	0.0000	0.0000	0.0000	0.0000	0.0000	0.0000	0.0000	0.0000	0.0000	0.0000	0.0000	0.0000	0.0000	0.0000	0.0000	0.0000	0.0000	3.0409	0.0000	16.1393	0.0000	0.0000	0.0000	0.0000	0.0000	0.0000	0.0000	0.0000	0.0000	0.0000	0.0000	0.0000	0.0000	0.0000	0.0000	0.0000	0.0000	0.0000	0.0000	0.0000	0.0000	0.0000	0.0000	0.0000	0.0000	0.0000	0.0000	0.0000	0.0000	0.0000	0.0000	0.0000	0.0000	0.0000	0.0000	0.0000	0.0000	0.0000	0.0000	0.0000	0.0000	0.0000	0.0000	0.0000	0.0000	0.0000	0.0000	0.0000	0.0000	0.0000	0.0000	0.0000	0.0000	0.0000	0.0000											
28	110	0.1303	7	1	2	0	1	0	0	0	0	N	Y	N	N	N	N	N	N	N	N	N	N	0.0000	0.0000	0.0000	0.0000	0.0000	0.0000	0.0000	0.0000	0.0000	0.0000	0.0000	0.0000	0.0000	0.0000	0.0000	0.0000	0.0000	6.3302	11.1668	0.0000	42.0730	43.6532	0.0000	0.0000	0.0000	0.0000	0.0000	0.0000	-0.5423	3.0409	0.0000	16.1393	7.1240	0.0000	0.0000	0.0000	0.0000	0.0000	0.0000	0.0000	0.0000	0.0000	0.9987	0.9987	0.0000	0.9987	0.9987	0.0000	0.0000	0.0000	0.0000	0.0000	0.0000	0.0000	0.0000	0.0000	0.0000	0.0000	0.0000	0.0000	0.1578	0.0894	0.0683	0.0259	0.0229	0.0030	0.1319	0.0666	0.0653	0.0000	0.0000	0.0000	0.0000	0.0000	0.0000	0.0000	0.0000	0.0000	6.3302	11.1668	0.0000	38.5786	43.6532	0.0000	0.0000	0.0000	0.0000		
28	111	0.1392	9	0	2	0	1	0	0	0	0	N	Y	N	N	N	N	N	N	N	N	N	N	0.0000	0.0000	0.0000	0.0000	0.0000	0.0000	0.0000	0.0000	0.0000	0.0000	0.0000	0.0000	0.0000	0.0000	0.0000	0.0000	0.0000	0.0003	0.0002	0.0004	0.0014	0.0006	0.0055	0.0000	0.0000	0.0000	2.0161	0.0000	0.0000	3.0409	0.0016	16.1393	5.0076	0.0000	0.0000	0.0000	0.0000	0.0000	0.0000	0.0000	0.0000	0.0000	0.0000	0.0000	0.0000	0.0000	0.0000	0.0000	0.0000	0.0000	0.0000	0.0001	0.0001	0.0000	0.0000	0.0000	0.0000	0.0001	0.0001	0.0000	0.1077	0.0617	0.0460	0.0207	0.0171	0.0036	0.0870	0.0446	0.0424	0.0000	0.0000	0.0000	0.0000	0.0000	0.0000	0.0000	0.0000	0.0000	0.0003	0.0002	0.0004	0.0014	0.0006	0.0055	0.0000	0.0000	0.0000		
28	112	0.1324	8	0	2	0	1	0	0	0	0	N	Y	N	N	N	N	N	N	N	N	N	N	0.0000	0.0000	0.0000	0.0000	0.0000	0.0000	0.0000	0.0000	0.0000	0.0000	0.0000	0.0000	0.0000	0.0000	0.0000	0.0000	0.0004	0.0005	0.0003	0.0013	0.0014	0.0000	0.0002	0.0000	0.0004	0.5612	0.0000	-0.0000	3.0409	1.0012	16.1393	2.1373	0.0000	0.0000	0.0000	0.0000	0.0000	0.0000	0.0000	0.0000	0.0000	0.0000	0.0000	0.0000	0.0000	0.0000	0.0000	0.0000	0.0000	0.0000	0.0214	0.0188	0.0026	0.0043	0.0041	0.0002	0.0171	0.0147	0.0024	0.0765	0.0439	0.0326	0.0160	0.0141	0.0018	0.0605	0.0298	0.0308	0.0000	0.0000	0.0000	0.0000	0.0000	0.0000	0.0000	0.0000	0.0000	0.0004	0.0005	0.0003	0.0013	0.0014	0.0000	0.0002	0.0000	0.0004			
28	113	0.1407	8	0	2	0	0	0	0	0	0	N	Y	N	N	N	N	N	N	N	N	N	N	0.0000	0.0000	0.0000	0.0000	0.0000	0.0000	0.0000	0.0000	0.0000	0.0000	0.0000	0.0000	0.0000	0.0000	0.0000	0.0000	0.0000	0.2188	0.0004	0.5143	0.0098	0.0015	0.0699	0.2634	0.0000	0.5377	916.7375	0.0000	0.0125	3.0409	0.9705	16.1393	5.0371	0.0000	0.0000	0.0000	0.0000	0.0000	0.0000	0.0000	0.0000	0.0000	0.0274	0.0000	0.0273	0.0002	0.0000	0.0002	0.0272	0.0000	0.0272	0.0244	0.0216	0.0028	0.0065	0.0063	0.0003	0.0179	0.0154	0.0025	0.1251	0.0719	0.0532	0.0220	0.0193	0.0027	0.1031	0.0526	0.0505	0.0000	0.0000	0.0000	0.0000	0.0000	0.0000	0.0000	0.0000	0.0000	0.2188	0.0004	0.5143	0.0098	0.0015	0.0699	0.2634	0.0000	0.5377		
28	114	0.1324	8	0	1	1	1	0	0	0	0	N	N	N	N	N	N	N	N	N	N	N	N	0.0000	0.0000	0.0000	0.0000	0.0000	0.0000	0.0000	0.0000	0.0000	0.0000	0.0000	0.0000	0.0000	0.0000	0.0000	29.3225	50.2325	0.0001	0.0000	0.0000	0.0000	39.7663	86.0448	0.0001	0.0000	0.0000	-0.5425	3.0409	0.0000	16.1393	1.1303	0.0000	0.0000	0.0000	0.0000	0.0000	0.0000	0.0000	0.0000	0.0000	0.9992	0.9992	0.0000	0.0000	0.0000	0.0000	0.9992	0.9992	0.0000	0.0000	0.0000	0.0000	0.0000	0.0000	0.0000	0.0000	0.0000	0.0000	0.0341	0.0199	0.0142	0.0089	0.0083	0.0007	0.0251	0.0116	0.0135	0.0000	0.0000	0.0000	0.0000	0.0000	0.0000	0.0000	0.0000	0.0000	29.3225	50.2325	0.0001	0.0000	0.0000	0.0000	39.7663	86.0448	0.0001				
28	115	0.1303	7	0	1	0	1	0	0	0	0	N	N	N	N	N	N	N	N	N	N	N	N	0.0000	0.0000	0.0000	0.0000	0.0000	0.0000	0.0000	0.0000	0.0000	0.0000	0.0000	0.0000	0.0000	0.0000	0.0000	0.0000	0.0000	0.0096	0.0005	0.0223	0.0102	0.0013	0.1482	0.0094	0.0000	0.0177	30.6129	0.0000	0.0001	3.0409	0.0000	16.1393	1.2340	0.0000	0.0000	0.0000	0.0000	0.0000	0.0000	0.0000	0.0000	0.0000	0.0004	0.0000	0.0003	0.0001	0.0000	0.0001	0.0003	0.0000	0.0003	0.0000	0.0000	0.0000	0.0000	0.0000	0.0000	0.0000	0.0000	0.0000	0.0367	0.0215	0.0153	0.0090	0.0084	0.0005	0.0278	0.0130	0.0147	0.0000	0.0000	0.0000	0.0000	0.0000	0.0000	0.0000	0.0000	0.0000	0.0096	0.0005	0.0223	0.0102	0.0013	0.1482	0.0094	0.0000	0.0177		
28	116	0.1378	8	0	1	1	1	0	0	0	0	N	N	N	N	N	N	N	N	N	N	N	N	0.0000	0.0000	0.0000	0.0000	0.0000	0.0000	0.0000	0.0000	0.0000	0.0000	0.0000	0.0000	0.0000	0.0000	0.0000	0.0004	0.0000	0.0010	0.0012	0.0000	0.0103	0.0002	0.0000	0.0005	inf	0.0000	0.0000	3.0409	0.9725	16.1393	0.9874	0.0000	0.0000	0.0000	0.0000	0.0000	0.0000	0.0000	0.0000	0.0000	0.0000	0.0000	0.0000	0.0000	0.0000	0.0000	0.0000	0.0000	0.0000	0.0229	0.0203	0.0026	0.0056	0.0054	0.0002	0.0173	0.0149	0.0024	0.0441	0.0260	0.0181	0.0081	0.0071	0.0010	0.0360	0.0189	0.0171	0.0000	0.0000	0.0000	0.0000	0.0000	0.0000	0.0000	0.0000	0.0000	0.0004	0.0000	0.0010	0.0012	0.0000	0.0103	0.0002	0.0000	0.0005				
28	117	0.1378	8	0	1	1	1	0	0	0	0	N	N	N	N	N	N	N	N	N	N	N	N	0.0000	0.0000	0.0000	0.0000	0.0000	0.0000	0.0000	0.0000	0.0000	0.0000	0.0000	0.0000	0.0000	0.0000	0.0000	0.0000	0.0000	0.0835	0.1437	0.0003	0.4862	0.5602	0.0050	0.0000	0.0000	0.0000	0.0014	0.0000	-0.0039	3.0409	0.0285	16.1393	4.0215	0.0000	0.0000	0.0000	0.0000	0.0000	0.0000	0.0000	0.0000	0.0000	0.0073	0.0073	0.0000	0.0073	0.0073	0.0000	0.0000	0.0000	0.0000	0.0023	0.0021	0.0002	0.0010	0.0010	0.0000	0.0013	0.0012	0.0002	0.0872	0.0506	0.0366	0.0150	0.0130	0.0020	0.0723	0.0376	0.0346	0.0000	0.0000	0.0000	0.0000	0.0000	0.0000	0.0000	0.0000	0.0000	0.0835	0.1437	0.0003	0.4862	0.5602	0.0050	0.0000	0.0000	0.0000		
28	118	0.1303	7	0	1	1	1	0	0	0	0	N	N	N	N	N	N	N	N	N	N	N	N	0.0000	0.0000	0.0000	0.0000	0.0000	0.0000	0.0000	0.0000	0.0000	0.0000	0.0000	0.0000	0.0000	0.0000	0.0000	0.0000	0.0000	0.0000	0.0033	0.0003	0.0072	0.0048	0.0010	0.0363	0.0030	0.0000	0.0059	19.8315	0.0000	0.0002	3.0409	3.0275	16.1393	2.1573	0.0000	0.0000	0.0000	0.0000	0.0000	0.0000	0.0000	0.0000	0.0000	0.0004	0.0000	0.0004	0.0001	0.0000	0.0001	0.0003	0.0000	0.0003	0.0641	0.0563	0.0078	0.0128	0.0123	0.0006	0.0513	0.0440	0.0072	0.1186	0.0674	0.0512	0.0204	0.0182	0.0022	0.0982	0.0492	0.0490	0.0000	0.0000	0.0000	0.0000	0.0000	0.0000	0.0000	0.0000	0.0000	0.0033	0.0003	0.0072	0.0048	0.0010	0.0363	0.0030	0.0000	0.0059	
28	119	0.1715	7	1	2	0	0	0	0	0	0	N	Y	N	N	N	N	N	N	N	N	N	N	0.0000	0.0000	0.0000	0.0000	0.0000	0.0000	0.0000	0.0000	0.0000	0.0000	0.0000	0.0000	0.0000	0.0000	0.0000	0.0000	0.0000	0.0000	8.8076	0.0020	33.6105	0.0283	0.0053	0.6446	11.7058	0.0000	30.5212	7075.8075	0.0000	0.5143	3.0409	2.1883	16.1393	3.1271	0.0000	0.0000	0.0000	0.0000	0.0000	0.0000	0.0000	0.0000	0.0000	1.1256	0.0002	1.1255	0.0009	0.0002	0.0007	1.1247	0.0000	1.1247	0.0567	0.0506	0.0060	0.0142	0.0137	0.0005	0.0425	0.0369	0.0056	0.1278	0.0781	0.0497	0.0317	0.0300	0.0017	0.0961	0.0481	0.0480	0.0000	0.0000	0.0000	0.0000	0.0000	0.0000	0.0000	0.0000	0.0000	8.8076	0.0020	22.6392	0.0283	0.0053	0.4384	11.7058	0.0000	23.4187	
28	120	0.1046	6	1	2	0	0	0	0	0	0	N	Y	N	N	N	N	N	N	N	N	N	N	0.0000	0.0000	0.0000	0.0000	0.0000	0.0000	0.0000	0.0000	0.0000	0.0000	0.0000	0.0000	0.0000	0.0000	0.0000	0.0000	0.0000	0.0000	0.3021	0.4687	0.0971	2.4682	2.6457	0.0002	0.0487	0.0003	0.0986	0.1683	0.0000	-0.0705	3.0409	13.6104	16.1393	16.0982	0.0000	0.0000	0.0000	0.0000	0.0000	0.0000	0.0000	0.0000	0.0000	0.1768	0.1513	0.0255	0.1513	0.1513	0.0000	0.0255	0.0001	0.0255	0.2936	0.2580	0.0356	0.0545	0.0524	0.0021	0.2391	0.2057	0.0334	0.5853	0.3229	0.2624	0.0613	0.0572	0.0041	0.5241	0.2658	0.2583	0.0000	0.0000	0.0000	0.0000	0.0000	0.0000	0.0000	0.0000	0.0000	0.3021	0.4687	0.0971	2.4682	2.6457	0.0002	0.0487	0.0003	0.0986	
28	121	0.1091	6	0	2	0	0	0	0	0	0	N	Y	N	N	N	N	N	N	N	N	N	N	0.0000	0.0000	0.0000	0.0000	0.0000	0.0000	0.0000	0.0000	0.0000	0.0000	0.0000	0.0000	0.0000	0.0000	0.0000	0.0000	0.0000	0.0000	1.8605	2.8428	0.0023	0.5659	0.5852	0.0076	2.5162	5.0712	0.0021	0.0004	0.0000	-0.2346	3.0409	0.3548	16.1393	4.6068	0.0000	0.0000	0.0000	0.0000	0.0000	0.0000	0.0000	0.0000	0.0000	0.4325	0.4323	0.0002	0.0442	0.0442	0.0000	0.3883	0.3881	0.0002	0.0257	0.0232	0.0024	0.0106	0.0105	0.0001	0.0150	0.0127	0.0023	0.2325	0.1521	0.0804	0.0781	0.0755	0.0026	0.1543	0.0765	0.0778	0.0000	0.0000	0.0000	0.0000	0.0000	0.0000	0.0000	0.0000	0.0000	1.8605	2.8428	0.0023	0.5659	0.5852	0.0076	2.5162	5.0712	0.0021	
28	122	0.0942	5	0	2	0	0	0	0	0	0	N	Y	N	N	N	N	N	N	N	N	N	N	0.0011	0.0008	0.0000	0.0122	0.0127	0.0000	0.0012	0.0007	0.0000	0.0041	0.0047	0.0000	0.0023	0.0023	0.0000	0.0048	0.0056	0.0000	3.6066	6.2002	0.4161	0.1860	0.1821	0.2592	4.1069	7.8949	0.4183	0.0000	0.0545	-0.0001	-0.3057	3.0409	1.6911	16.1393	5.7022	0.0002	0.0002	0.0000	0.0000	0.0000	0.0000	0.0002	0.0002	0.0000	0.6223	0.5901	0.0322	0.0041	0.0038	0.0003	0.6182	0.5863	0.0319	0.0509	0.0451	0.0059	0.0132	0.0130	0.0003	0.0377	0.0321	0.0056	0.1725	0.0952	0.0774	0.0220	0.0209	0.0011	0.1505	0.0743	0.0763	0.0011	0.0008	0.0000	0.0122	0.0127	0.0000	0.0012	0.0007	0.0000	3.6066	6.2002	0.4161	0.1860	0.1821	0.2592	4.1069	7.8949	0.4183
28	124	0.1453	9	1	2	0	0	0	0	0	0	N	Y	N	N	N	N	N	N	N	N	N	N	0.0000	0.0000	0.0000	0.0000	0.0000	0.0000	0.0000	0.0000	0.0000	0.0000	0.0000	0.0000	0.0000	0.0000	0.0000	0.0000	0.0000	0.0000	0.0000	0.0000	3.0409	0.0000	16.1393	0.0000	0.0000	0.0000	0.0000	0.0000	0.0000	0.0000	0.0000	0.0000	0.0000	0.0000	0.0000	0.0000	0.0000	0.0000	0.0000	0.0000	0.0000	0.0000	0.0000	0.0000	0.0000	0.0000	0.0000	0.0000	0.0000	0.0000	0.0000	0.0000	0.0000	0.0000	0.0000	0.0000	0.0000	0.0000	0.0000	0.0000	0.0000	0.0000	0.0000	0.0000	0.0000	0.0000	0.0000	0.0000	0.0000	0.0000	0.0000	0.0000	0.0000	0.0000	0.0000	0.0000	0.0000	0.0000											
28	125	0.1407	8	1	2	0	0	0	0	0	0	N	Y	N	N	N	N	N	N	N	N	N	N	0.0000	0.0000	0.0000	0.0000	0.0000	0.0000	0.0000	0.0000	0.0000	0.0000	0.0000	0.0000	0.0000	0.0000	0.0000	0.0000	0.0000	0.0000	19.7294	33.3967	0.0020	96.8577	107.2207	0.0412	0.0000	0.0000	0.0000	0.0000	0.0000	-0.5266	3.0409	0.1434	16.1393	1.9839	0.0000	0.0000	0.0000	0.0000	0.0000	0.0000	0.0000	0.0000	0.0000	0.9700	0.9699	0.0000	0.9700	0.9699	0.0000	0.0000	0.0000	0.0000	0.0068	0.0061	0.0007	0.0029	0.0028	0.0001	0.0039	0.0033	0.0006	0.0492	0.0290	0.0201	0.0100	0.0090	0.0010	0.0392	0.0200	0.0192	0.0000	0.0000	0.0000	0.0000	0.0000	0.0000	0.0000	0.0000	0.0000	19.7294	33.3967	0.0020	96.8577	107.2207	0.0412	0.0000	0.0000	0.0000	
28	126	0.1303	7	0	2	0	0	0	0	0	0	N	Y	N	N	N	N	N	N	N	N	N	N	0.0000	0.0000	0.0000	0.0000	0.0000	0.0000	0.0000	0.0000	0.0000	0.0000	0.0000	0.0000	0.0000	0.0000	0.0000	0.0000	0.0000	0.0000	0.2502	0.4341	0.0075	1.4191	1.5833	0.0391	0.0031	0.0000	0.0061	0.0131	0.0000	-0.0147	3.0409	1.8882	16.1393	2.9115	0.0000	0.0000	0.0000	0.0000	0.0000	0.0000	0.0000	0.0000	0.0000	0.0277	0.0273	0.0004	0.0274	0.0273	0.0001	0.0003	0.0000	0.0003	0.0402	0.0353	0.0049	0.0081	0.0077	0.0004	0.0322	0.0276	0.0045	0.1107	0.0630	0.0477	0.0193	0.0173	0.0021	0.0914	0.0457	0.0457	0.0000	0.0000	0.0000	0.0000	0.0000	0.0000	0.0000	0.0000	0.0000	0.2502	0.4341	0.0075	1.4191	1.5833	0.0391	0.0031	0.0000	0.0061	
28	127	0.1046	6	0	1	0	0	0	0	0	0	N	N	N	N	N	N	N	N	N	N	N	N	0.0000	0.0000	0.0000	0.0000	0.0000	0.0000	0.0000	0.0000	0.0000	0.0000	0.0000	0.0000	0.0000	0.0000	0.0000	0.0000	0.0000	0.0000	3.6923	0.0007	8.2546	0.0810	0.0011	1.5360	4.1480	0.0007	8.3614	8946.1516	0.0000	0.4574	3.0409	3.5543	16.1393	9.0319	0.0000	0.0000	0.0000	0.0000	0.0000	0.0000	0.0000	0.0000	0.0000	1.0010	0.0001	1.0009	0.0025	0.0000	0.0024	0.9986	0.0001	0.9985	0.0947	0.0838	0.0109	0.0222	0.0216	0.0006	0.0725	0.0622	0.0103	0.2711	0.1499	0.1213	0.0304	0.0285	0.0018	0.2407	0.1213	0.1194	0.0000	0.0000	0.0000	0.0000	0.0000	0.0000	0.0000	0.0000	0.0000	3.6923	0.0007	8.2546	0.0810	0.0011	1.3200	4.1480	0.0007	8.3614	
29	30	0.1978	16	0	2	1	1	0	0	0	0	N	Y	N	N	N	N	N	N	N	N	N	N	0.0000	0.0000	0.0000	0.0000	0.0000	0.0000	0.0000	0.0000	0.0000	0.0000	0.0000	0.0000	0.0000	0.0000	0.0000	0.0000	0.0000	0.0039	0.0000	0.0103	0.0001	0.0000	0.0013	0.0057	0.0000	0.0110	2924.9384	0.0000	0.0001	4.0695	0.0021	11.0027	3.0281	0.0000	0.0000	0.0000	0.0000	0.0000	0.0000	0.0000	0.0000	0.0000	0.0002	0.0000	0.0002	0.0000	0.0000	0.0000	0.0002	0.0000	0.0002	0.0001	0.0001	0.0000	0.0001	0.0001	0.0000	0.0001	0.0000	0.0000	0.0542	0.0333	0.0208	0.0171	0.0154	0.0017	0.0371	0.0179	0.0192	0.0000	0.0000	0.0000	0.0000	0.0000	0.0000	0.0000	0.0000	0.0000	0.0039	0.0000	0.0103	0.0001	0.0000	0.0013	0.0057	0.0000	0.0110		
29	31	0.1752	15	0	1	0	1	0	0	0	0	N	N	N	N	N	N	N	N	N	N	N	N	0.0000	0.0000	0.0000	0.0000	0.0000	0.0000	0.0000	0.0000	0.0000	0.0000	0.0000	0.0000	0.0000	0.0000	0.0000	0.0000	0.0000	0.4610	0.0023	1.1652	0.0059	0.0061	0.0030	0.6147	0.0000	1.2370	326.4293	0.0000	0.0378	4.0695	3.2874	11.0027	7.1999	0.0000	0.0000	0.0000	0.0000	0.0000	0.0000	0.0000	0.0000	0.0000	0.0833	0.0003	0.0830	0.0003	0.0003	0.0000	0.0830	0.0000	0.0830	0.1050	0.0913	0.0137	0.0211	0.0204	0.0007	0.0840	0.0710	0.0130	0.1806	0.1094	0.0712	0.0456	0.0414	0.0041	0.1350	0.0679	0.0671	0.0000	0.0000	0.0000	0.0000	0.0000	0.0000	0.0000	0.0000	0.0000	0.4610	0.0023	1.1652	0.0059	0.0061	0.0030	0.6147	0.0000	1.2370		
29	32	0.0939	7	0	2	0	0	0	0	0	0	N	Y	N	N	N	N	N	N	N	N	N	N	2.3960	149245.8909	0.0000	16555.5621	81822.8481	0.0000	0.0000	0.0000	6.7432	7.7010	0.0000	31.0311	32.9090	0.0000	0.0000	0.0000	0.0000	2.8144	0.0001	6.1830	0.0019	0.0004	0.0218	3.0426	0.0000	6.2536	0.0000	100109.2041	-0.3809	0.4567	4.0695	4.3545	11.0027	19.4857	0.9997	0.9997	0.0000	0.9997	0.9997	0.0000	0.0000	0.0000	0.0000	0.9993	0.0000	0.9993	0.0000	0.0000	0.0000	0.9993	0.0000	0.9993	0.1482	0.1298	0.0184	0.0322	0.0304	0.0018	0.1160	0.0994	0.0166	0.3551	0.1935	0.1616	0.0267	0.0248	0.0018	0.3284	0.1686	0.1598	2.3960	149245.8909	0.0000	16555.5621	81822.8481	0.0000	0.0000	0.0000	0.0000	2.8144	0.0001	6.1830	0.0019	0.0004	0.0218	3.0426	0.0000	6.2536	
29	33	0.1309	9	1	2	0	0	0	0	0	0	N	Y	N	N	N	N	N	N	N	N	N	N	0.0000	0.0000	0.0000	0.0000	0.0000	0.0000	0.0000	0.0000	0.0000	0.0000	0.0000	0.0000	0.0000	0.0000	0.0000	0.0000	0.0000	0.0000	0.0000	0.0000	4.0695	0.0000	11.0027	0.0000	0.0000	0.0000	0.0000	0.0000	0.0000	0.0000	0.0000	0.0000	0.0000	0.0000	0.0000	0.0000	0.0000	0.0000	0.0000	0.0000	0.0000	0.0000	0.0000	0.0000	0.0000	0.0000	0.0000	0.0000	0.0000	0.0000	0.0000	0.0000	0.0000	0.0000	0.0000	0.0000	0.0000	0.0000	0.0000	0.0000	0.0000	0.0000	0.0000	0.0000	0.0000	0.0000	0.0000	0.0000	0.0000	0.0000	0.0000	0.0000	0.0000	0.0000	0.0000	0.0000	0.0000	0.0000											
29	34	0.1664	13	0	2	0	1	0	0	0	0	N	Y	N	N	N	N	N	N	N	N	N	N	0.5639	0.6091	0.0000	0.9305	0.9323	0.0000	0.0000	0.0000	0.0000	4.5480	5.1443	0.0000	19.6453	20.3315	0.0000	0.0000	0.0000	0.0000	8.0656	8.4451	7.4949	21.1124	21.8091	0.0000	4.0190	0.0002	7.9451	0.0000	0.5901	-0.3809	-0.4629	4.0695	6.4588	11.0027	12.7561	0.9995	0.9995	0.0000	0.9995	0.9995	0.0000	0.0000	0.0000	0.0000	2.6938	1.6941	0.9997	1.6941	1.6941	0.0000	0.9997	0.0000	0.9997	0.2198	0.1943	0.0255	0.0509	0.0492	0.0017	0.1689	0.1451	0.0238	0.3340	0.2006	0.1334	0.0852	0.0777	0.0076	0.2488	0.1229	0.1258	0.5639	0.6091	0.0000	0.9884	0.9323	0.0000	0.0000	0.0000	0.0000	8.0656	8.4451	7.4949	19.8751	21.8091	0.0000	4.0190	0.0002	7.9451
29	35	0.1608	12	0	1	0	0	0	0	0	0	N	N	N	N	N	N	N	N	N	N	N	N	0.0005	0.0008	0.0000	0.0010	0.0011	0.0000	0.0000	0.0000	0.0000	0.0016	0.0018	0.0000	0.0051	0.0053	0.0000	0.0000	0.0000	0.0000	2.9970	2.3280	4.1525	5.2472	4.6754	0.2502	2.2620	0.0014	4.2944	0.0000	1.0327	-0.0001	-0.0149	4.0695	2.5642	11.0027	2.5472	0.0002	0.0002	0.0000	0.0002	0.0002	0.0000	0.0000	0.0000	0.0000	0.4252	0.2092	0.2160	0.2096	0.2091	0.0005	0.2156	0.0001	0.2155	0.1176	0.1048	0.0128	0.0373	0.0356	0.0017	0.0804	0.0692	0.0112	0.1419	0.0898	0.0520	0.0465	0.0447	0.0018	0.0953	0.0451	0.0502	0.0005	0.0008	0.0000	0.0011	0.0011	0.0000	0.0000	0.0000	0.0000	2.9970	2.3280	4.1525	4.5019	4.6754	0.2502	2.2620	0.0014	4.2944
29	36	0.2112	17	0	1	1	0	0	0	0	0	N	N	N	N	N	N	N	N	N	N	N	N	0.0000	0.0000	0.0000	0.0000	0.0000	0.0000	0.0000	0.0000	0.0000	0.0000	0.0000	0.0000	0.0000	0.0000	0.0000	0.0000	0.0000	0.0000	0.0000	0.0000	0.0000	0.0000	0.0000	0.0000	-0.0000	4.0695	1.0000	11.0027	2.0003	0.0000	0.0000	0.0000	0.0000	0.0000	0.0000	0.0000	0.0000	0.0000	0.0000	0.0000	0.0000	0.0000	0.0000	0.0000	0.0000	0.0000	0.0000	0.0283	0.0248	0.0035	0.0053	0.0051	0.0002	0.0230	0.0197	0.0033	0.0463	0.0276	0.0187	0.0093	0.0080	0.0013	0.0370	0.0196	0.0174	0.0000	0.0000	0.0000	0.0000	0.0000	0.0000	0.0000	0.0000	0.0000	0.0000	0.0000	0.0000	0.0000	0.0000	0.0000	0.0000	0.0000	0.0000						
29	37	0.1934	16	0	2	0	0	0	0	0	0	N	Y	N	N	N	N	N	N	N	N	N	N	0.0093	0.0006	0.0272	11.5379	0.0013	17.7654	0.0001	0.0003	0.0148	0.0000	0.1161	0.0781	0.0000	1.9619	0.0002	0.0000	0.0015	1.5866	0.0001	4.2660	0.0068	0.0002	0.1104	2.2342	0.0000	4.4700	386240.0000	34380.4053	0.0005	0.1583	4.0695	1.9619	11.0027	8.3400	0.0008	0.0000	0.0008	0.0008	0.0000	0.0008	0.0000	0.0000	0.0000	0.3465	0.0000	0.3465	0.0004	0.0000	0.0004	0.3461	0.0000	0.3461	0.0575	0.0502	0.0073	0.0108	0.0103	0.0004	0.0468	0.0399	0.0069	0.2184	0.1372	0.0812	0.0635	0.0597	0.0038	0.1549	0.0775	0.0774	0.0093	0.0006	0.0272	11.5379	0.0013	17.7654	0.0001	0.0000	0.0003	1.5866	0.0001	4.2660	0.0068	0.0002	0.1104	2.2342	0.0000	4.4700	
29	38	0.0537	5	1	1	1	0	0	0	0	0	N	N	N	N	N	N	N	N	N	N	N	N	0.0003	0.0002	0.0000	0.0001	0.0001	0.0000	0.0000	0.0000	0.0002	0.0002	0.0000	0.0005	0.0005	0.0000	0.0000	0.0000	0.0000	0.5402	1.0652	0.0001	8.8924	8.3571	0.0000	0.0001	0.0000	0.0001	0.0000	0.0001	-0.0000	-0.0302	4.0695	0.0095	11.0027	5.0631	0.0000	0.0000	0.0000	0.0000	0.0000	0.0000	0.0000	0.0000	0.0000	0.0555	0.0555	0.0000	0.0555	0.0555	0.0000	0.0000	0.0000	0.0000	0.0008	0.0007	0.0001	0.0003	0.0003	0.0000	0.0005	0.0004	0.0001	0.1028	0.0521	0.0507	0.0070	0.0070	0.0000	0.0958	0.0452	0.0506	0.0003	0.0002	0.0000	0.0001	0.0001	0.0000	0.0000	0.0000	0.0000	0.5402	1.0652	0.0001	7.9217	7.9632	0.0000	0.0001	0.0000	0.0001	
29	39	0.1752	15	0	2	0	0	0	0	0	0	N	Y	N	N	N	N	N	N	N	N	N	N	0.0000	0.0000	0.0000	0.0000	0.0000	0.0000	0.0000	0.0000	0.0000	0.0000	0.0000	0.0000	0.0000	0.0000	0.0000	0.0000	0.0000	0.4166	0.0192	1.0188	0.0470	0.0516	0.0026	0.5382	0.0000	1.0823	35.0314	0.0000	0.0367	4.0695	1.1272	11.0027	11.0864	0.0000	0.0000	0.0000	0.0000	0.0000	0.0000	0.0000	0.0000	0.0000	0.0854	0.0024	0.0830	0.0024	0.0024	0.0000	0.0830	0.0000	0.0830	0.0440	0.0381	0.0059	0.0111	0.0109	0.0002	0.0329	0.0272	0.0057	0.2050	0.1235	0.0815	0.0507	0.0459	0.0048	0.1542	0.0775	0.0767	0.0000	0.0000	0.0000	0.0000	0.0000	0.0000	0.0000	0.0000	0.0000	0.4166	0.0192	1.0188	0.0470	0.0516	0.0026	0.5382	0.0000	1.0823		
29	40	0.1751	14	0	1	0	0	0	0	0	0	N	N	N	N	N	N	N	N	N	N	N	N	0.0000	0.0000	0.0000	0.0000	0.0000	0.0000	0.0000	0.0000	0.0000	0.0000	0.0000	0.0000	0.0000	0.0000	0.0000	0.0000	0.0000	0.0000	4.1702	2.9126	7.3318	5.7232	5.2051	0.0359	3.5302	0.0001	7.5627	1.0013	0.0000	-0.0065	4.0695	0.4765	11.0027	0.2778	0.0000	0.0000	0.0000	0.0000	0.0000	0.0000	0.0000	0.0000	0.0000	0.1523	0.0761	0.0762	0.0761	0.0761	0.0000	0.0762	0.0000	0.0762	0.0254	0.0219	0.0035	0.0081	0.0080	0.0001	0.0173	0.0139	0.0034	0.0365	0.0261	0.0104	0.0149	0.0146	0.0003	0.0216	0.0115	0.0101	0.0000	0.0000	0.0000	0.0000	0.0000	0.0000	0.0000	0.0000	0.0000	4.1702	2.9126	7.3318	5.0948	5.2051	0.0359	3.5302	0.0001	7.5627	
29	41	0.1773	14	0	2	0	1	0	0	0	0	N	Y	N	N	N	N	N	N	N	N	N	N	0.0018	0.0000	0.0056	29.1451	0.0000	69.4925	0.0000	0.0001	0.0045	0.0000	0.0351	0.0279	0.0000	0.6559	0.0001	0.0000	0.0004	2.5596	0.0000	6.2648	0.0010	0.0000	0.0094	3.2476	0.0000	6.6121	inf	114857639.8942	0.0008	0.5564	4.0695	10.0333	11.0027	21.8674	0.0013	0.0000	0.0013	0.0012	0.0000	0.0012	0.0000	0.0000	0.0000	1.2175	0.0000	1.2175	0.0001	0.0000	0.0001	1.2174	0.0000	1.2174	0.2789	0.2431	0.0357	0.0444	0.0425	0.0019	0.2344	0.2006	0.0338	0.4757	0.2813	0.1943	0.1008	0.0906	0.0102	0.3749	0.1907	0.1841	0.0018	0.0000	0.0056	29.1451	0.0000	69.4925	0.0000	0.0000	0.0001	2.5596	0.0000	6.2648	0.0010	0.0000	0.0094	3.2476	0.0000	6.6121	
29	42	0.0537	5	1	1	1	0	0	0	0	0	N	N	N	N	N	N	N	N	N	N	N	N	0.0000	0.0195	0.0000	0.0016	0.0287	0.0000	0.0000	0.0000	0.0000	0.0000	0.0000	0.0000	0.0000	0.0000	0.0000	0.0000	0.0000	14.3318	0.0003	62.2113	0.0261	0.0015	26.9827	15.9905	0.0000	56.0762	0.0000	94216.9280	-0.0000	0.4309	4.0695	0.9968	11.0027	1.9513	0.0000	0.0000	0.0000	0.0000	0.0000	0.0000	0.0000	0.0000	0.0000	0.9428	0.0000	0.9428	0.0002	0.0000	0.0002	0.9427	0.0000	0.9427	0.0286	0.0249	0.0038	0.0035	0.0033	0.0001	0.0252	0.0215	0.0036	0.0658	0.0345	0.0312	0.0068	0.0068	0.0000	0.0590	0.0277	0.0312	0.0000	0.0195	0.0000	0.0016	0.0287	0.0000	0.0000	0.0000	0.0000	14.3318	0.0003	30.1722	0.0261	0.0015	7.4827	15.9905	0.0000	30.1885	
29	43	0.0405	4	1	1	1	0	0	0	0	0	N	N	N	N	N	N	N	N	N	N	N	N	0.0035	0.0302	0.0000	0.0676	0.0693	0.0000	0.0000	0.0000	0.0000	0.0015	0.0018	0.0000	0.0399	0.0410	0.0000	0.0000	0.0000	0.0000	0.4377	0.0581	0.7795	0.5908	0.5910	0.5874	0.4306	0.0024	0.7795	0.0000	14.9061	-0.0001	0.0233	4.0695	5.0018	11.0027	1.7716	0.0002	0.0002	0.0000	0.0002	0.0002	0.0000	0.0000	0.0000	0.0000	0.0591	0.0037	0.0554	0.0036	0.0036	0.0000	0.0555	0.0001	0.0554	0.1445	0.1249	0.0196	0.0055	0.0054	0.0001	0.1390	0.1196	0.0195	0.1350	0.0640	0.0711	0.0061	0.0061	0.0000	0.1290	0.0579	0.0711	0.0035	0.0302	0.0000	0.0676	0.0693	0.0000	0.0000	0.0000	0.0000	0.4377	0.0581	0.7795	0.5908	0.5910	0.4108	0.4306	0.0024	0.7795
29	44	0.0438	5	1	1	1	0	0	0	0	0	N	N	N	N	N	N	N	N	N	N	N	N	0.0000	0.0000	0.0000	0.0000	0.0000	0.0000	0.0000	0.0000	0.0000	0.0000	0.0000	0.0000	0.0000	0.0000	0.0000	0.0000	0.0387	0.0751	0.0001	0.3176	0.3207	0.0000	0.0000	0.0000	0.0001	0.0010	0.0000	-0.0036	4.0695	4.9860	11.0027	2.3663	0.0000	0.0000	0.0000	0.0000	0.0000	0.0000	0.0000	0.0000	0.0000	0.0067	0.0067	0.0000	0.0067	0.0067	0.0000	0.0000	0.0000	0.0000	0.1444	0.1248	0.0196	0.0056	0.0055	0.0001	0.1388	0.1193	0.0195	0.1738	0.0895	0.0843	0.0212	0.0210	0.0002	0.1526	0.0685	0.0841	0.0000	0.0000	0.0000	0.0000	0.0000	0.0000	0.0000	0.0000	0.0000	0.0387	0.0751	0.0001	0.3176	0.3207	0.0000	0.0000	0.0000	0.0001			
29	45	0.0405	4	1	1	0	0	0	0	0	0	N	N	N	N	N	N	N	N	N	N	N	N	0.0049	0.0032	0.0190	0.0037	0.0037	0.0000	0.0046	0.0000	0.0191	0.0012	0.0006	0.0055	0.0026	0.0026	0.0000	0.0008	0.0000	0.0055	0.2383	0.1838	0.2884	0.7002	0.7003	0.1253	0.1741	0.0076	0.2885	1.2274	1.7046	0.0000	0.0010	4.0695	0.0225	11.0027	1.9333	0.0000	0.0000	0.0000	0.0000	0.0000	0.0000	0.0000	0.0000	0.0000	0.0114	0.0042	0.0072	0.0041	0.0041	0.0000	0.0073	0.0001	0.0072	0.0010	0.0009	0.0001	0.0002	0.0002	0.0000	0.0008	0.0007	0.0001	0.0480	0.0230	0.0250	0.0059	0.0059	0.0000	0.0422	0.0172	0.0250	0.0049	0.0032	0.0190	0.0037	0.0037	0.0000	0.0046	0.0000	0.0191	0.2383	0.1838	0.2884	0.7002	0.7003	0.1253	0.1741	0.0076	0.2885
29	46	0.0376	3	1	1	0	0	0	0	0	0	N	N	N	N	N	N	N	N	N	N	N	N	0.0003	0.0003	0.0005	0.0002	0.0003	0.0000	0.0001	0.0005	0.0001	0.0001	0.0001	0.0017	0.0017	0.0000	0.0000	0.0000	0.0001	0.2745	0.2987	0.2529	7.1951	6.2168	0.0335	0.1369	0.0000	0.2529	0.2333	0.9509	-0.0000	-0.0004	4.0695	1.0095	11.0027	0.3555	0.0000	0.0000	0.0000	0.0000	0.0000	0.0000	0.0000	0.0000	0.0000	0.0073	0.0038	0.0036	0.0038	0.0038	0.0000	0.0036	0.0000	0.0036	0.0301	0.0260	0.0041	0.0012	0.0012	0.0000	0.0288	0.0248	0.0041	0.0267	0.0126	0.0141	0.0006	0.0006	0.0000	0.0261	0.0120	0.0141	0.0003	0.0003	0.0005	0.0003	0.0003	0.0000	0.0001	0.0000	0.0005	0.2745	0.2987	0.2529	6.1364	6.1443	0.0335	0.1369	0.0000	0.2529	
29	47	0.1934	16	0	1	1	0	0	0	0	0	N	N	N	N	N	N	N	N	N	N	N	N	4.9178	3.4744	0.0000	6.8173	7.0339	0.0000	2.8561	2224.9178	0.0000	11.4301	13.0941	0.0000	63.0992	65.8277	0.0000	0.0001	0.0002	0.0000	2.3242	3.7687	0.0001	9.2558	9.3586	0.0000	0.0000	0.0000	0.0001	0.0000	0.0000	-0.3806	-0.3541	4.0695	3.0460	11.0027	11.9126	0.9988	0.9988	0.0000	0.9988	0.9988	0.0000	0.0000	0.0000	0.0000	0.6522	0.6522	0.0000	0.6522	0.6522	0.0000	0.0000	0.0000	0.0000	0.0874	0.0763	0.0111	0.0158	0.0152	0.0007	0.0716	0.0611	0.0104	0.2806	0.1730	0.1076	0.0750	0.0697	0.0053	0.2056	0.1034	0.1022	4.9178	3.4744	0.0000	7.2596	7.0339	0.0000	2.8561	2224.9178	0.0000	2.3242	3.7687	0.0001	8.6919	9.3586	0.0000	0.0000	0.0000	0.0001
29	48	0.1800	15	0	1	0	0	0	0	0	0	N	N	N	N	N	N	N	N	N	N	N	N	0.0166	0.0130	0.0440	0.0463	0.0274	106.2659	0.0000	0.0000	0.0000	0.0475	0.0293	0.1704	0.2575	0.1441	3.1222	0.0000	0.0000	0.0000	2.8513	2.2554	3.8767	5.5609	5.2527	0.0294	1.9919	0.0027	4.0141	0.8580	0.9990	0.0001	-0.0196	4.0695	1.1082	11.0027	5.8288	0.0016	0.0008	0.0007	0.0016	0.0008	0.0007	0.0000	0.0000	0.0000	0.4526	0.2264	0.2262	0.2263	0.2263	0.0001	0.2263	0.0002	0.2261	0.0333	0.0290	0.0043	0.0061	0.0059	0.0002	0.0271	0.0231	0.0040	0.1587	0.1004	0.0583	0.0451	0.0431	0.0020	0.1136	0.0573	0.0563	0.0166	0.0130	0.0440	0.0514	0.0275	106.2659	0.0000	0.0000	0.0000	2.8513	2.2554	3.8767	5.0145	5.2472	0.0294	1.9919	0.0027	4.0141
29	49	0.2112	17	0	2	0	0	0	0	0	0	N	Y	N	N	N	N	N	N	N	N	N	N	0.0000	0.0000	0.0000	0.0000	0.0000	0.0000	0.0000	0.0000	0.0000	0.0000	0.0000	0.0000	0.0000	0.0000	0.0000	0.0000	0.0000	0.0000	0.0000	0.0000	0.0000	0.0000	0.0000	0.0000	-0.0000	4.0695	0.0000	11.0027	2.0001	0.0000	0.0000	0.0000	0.0000	0.0000	0.0000	0.0000	0.0000	0.0000	0.0000	0.0000	0.0000	0.0000	0.0000	0.0000	0.0000	0.0000	0.0000	0.0000	0.0000	0.0000	0.0000	0.0000	0.0000	0.0000	0.0000	0.0000	0.0310	0.0184	0.0125	0.0062	0.0054	0.0009	0.0248	0.0131	0.0117	0.0000	0.0000	0.0000	0.0000	0.0000	0.0000	0.0000	0.0000	0.0000	0.0000	0.0000	0.0000	0.0000	0.0000	0.0000	0.0000	0.0000	0.0000						
29	50	0.1142	10	1	2	1	0	0	0	0	0	N	Y	N	N	N	N	N	N	N	N	N	N	0.0000	0.0000	0.0000	0.0000	0.0000	0.0000	0.0000	0.0000	0.0000	0.0000	0.0000	0.0000	0.0000	0.0004	0.0000	0.0014	0.0012	0.0000	0.0471	0.0000	0.0000	0.0000	inf	0.0000	0.0000	4.0695	0.0000	11.0027	1.7047	0.0000	0.0000	0.0000	0.0000	0.0000	0.0000	0.0000	0.0000	0.0000	0.0000	0.0000	0.0000	0.0000	0.0000	0.0000	0.0000	0.0000	0.0000	0.0000	0.0000	0.0000	0.0000	0.0000	0.0000	0.0000	0.0000	0.0000	0.0556	0.0404	0.0151	0.0174	0.0170	0.0004	0.0382	0.0235	0.0147	0.0000	0.0000	0.0000	0.0000	0.0000	0.0000	0.0000	0.0000	0.0000	0.0004	0.0000	0.0014	0.0012	0.0000	0.0471	0.0000	0.0000	0.0000						
29	51	0.1142	10	1	2	1	0	0	0	0	0	N	Y	N	N	N	N	N	N	N	N	N	N	0.0000	0.0000	0.0000	0.0000	0.0000	0.0000	0.0000	0.0000	0.0000	0.0000	0.0000	0.0000	0.0000	0.0003	0.0003	0.0000	0.0006	0.0006	0.0000	0.0000	0.0000	0.0000	0.0000	0.0000	-0.0000	4.0695	0.0000	11.0027	0.2953	0.0000	0.0000	0.0000	0.0000	0.0000	0.0000	0.0000	0.0000	0.0000	0.0000	0.0000	0.0000	0.0000	0.0000	0.0000	0.0000	0.0000	0.0000	0.0000	0.0000	0.0000	0.0000	0.0000	0.0000	0.0000	0.0000	0.0000	0.0331	0.0283	0.0047	0.0147	0.0147	0.0001	0.0183	0.0137	0.0047	0.0000	0.0000	0.0000	0.0000	0.0000	0.0000	0.0000	0.0000	0.0000	0.0003	0.0003	0.0000	0.0006	0.0006	0.0000	0.0000	0.0000	0.0000						
29	52	0.1114	9	1	2	1	0	0	0	0	0	N	Y	N	N	N	N	N	N	N	N	N	N	5288.6553	0.0000	223029.5907	0.0000	0.0000	0.0000	148323.2674	0.0000	458475.7001	2.9458	0.0000	29.4583	0.0000	0.0000	0.0000	4.7890	0.0000	30.5164	0.0006	0.0008	0.0001	0.0024	0.0023	0.0036	0.0000	0.0000	0.0001	inf	0.0984	0.0000	-0.0000	4.0695	0.0001	11.0027	1.7968	0.0000	0.0000	0.0000	0.0000	0.0000	0.0000	0.0000	0.0000	0.0000	0.0000	0.0000	0.0000	0.0000	0.0000	0.0000	0.0000	0.0000	0.0000	0.0000	0.0000	0.0000	0.0000	0.0000	0.0000	0.0000	0.0000	0.0000	0.0414	0.0257	0.0156	0.0094	0.0091	0.0003	0.0320	0.0167	0.0153	5288.6553	0.0000	223029.5907	0.0000	0.0000	0.0000	148323.2674	0.0000	458475.7001	0.0006	0.0008	0.0001	0.0024	0.0023	0.0036	0.0000	0.0000	0.0001
29	53	0.1572	7	1	2	0	0	0	0	0	0	N	Y	N	N	N	N	N	N	N	N	N	N	0.0000	0.0000	0.0000	0.0000	0.0000	0.0000	0.0000	0.0000	0.0000	0.0000	0.0000	0.0000	0.0000	0.0000	0.0000	0.0000	0.0000	0.0051	0.0008	0.0125	0.0025	0.0020	0.0142	0.0061	0.0000	0.0125	9.2451	0.0000	0.0001	4.0695	1.8240	11.0027	0.8872	0.0000	0.0000	0.0000	0.0000	0.0000	0.0000	0.0000	0.0000	0.0000	0.0003	0.0000	0.0003	0.0000	0.0000	0.0000	0.0003	0.0000	0.0003	0.0658	0.0588	0.0071	0.0154	0.0149	0.0004	0.0505	0.0438	0.0066	0.0598	0.0378	0.0221	0.0156	0.0150	0.0006	0.0442	0.0228	0.0215	0.0000	0.0000	0.0000	0.0000	0.0000	0.0000	0.0000	0.0000	0.0000	0.0051	0.0008	0.0125	0.0025	0.0020	0.0142	0.0061	0.0000	0.0125		
29	54	0.2412	19	0	2	0	1	0	0	0	0	N	Y	N	N	N	N	N	N	N	N	N	N	0.0000	0.0000	0.0000	0.0000	0.0000	0.0000	0.0000	0.0000	0.0000	0.0000	0.0000	0.0000	0.0000	0.0000	0.0000	0.0000	0.0004	0.0001	0.0009	0.0002	0.0002	0.0000	0.0005	0.0000	0.0010	6.7834	0.0000	0.0000	4.0695	0.0007	11.0027	4.7762	0.0000	0.0000	0.0000	0.0000	0.0000	0.0000	0.0000	0.0000	0.0000	0.0000	0.0000	0.0000	0.0000	0.0000	0.0000	0.0000	0.0000	0.0000	0.0000	0.0000	0.0000	0.0000	0.0000	0.0000	0.0000	0.0000	0.0000	0.0866	0.0539	0.0327	0.0214	0.0196	0.0017	0.0653	0.0343	0.0310	0.0000	0.0000	0.0000	0.0000	0.0000	0.0000	0.0000	0.0000	0.0000	0.0004	0.0001	0.0009	0.0002	0.0002	0.0000	0.0005	0.0000	0.0010			
29	55	0.2412	19	0	1	0	1	0	0	0	0	N	N	N	N	N	N	N	N	N	N	N	N	0.0000	0.0000	0.0000	0.0000	0.0000	0.0000	0.0000	0.0000	0.0000	0.0000	0.0000	0.0000	0.0000	0.0000	0.0000	0.0000	0.0000	0.0373	0.0000	0.1024	0.1393	0.0000	3.2015	0.0004	0.0000	0.0009	21544.4481	0.0000	0.0011	4.0695	0.0007	11.0027	3.2259	0.0000	0.0000	0.0000	0.0000	0.0000	0.0000	0.0000	0.0000	0.0000	0.0024	0.0000	0.0024	0.0023	0.0000	0.0023	0.0000	0.0000	0.0000	0.0000	0.0000	0.0000	0.0000	0.0000	0.0000	0.0000	0.0000	0.0000	0.0635	0.0404	0.0231	0.0168	0.0157	0.0012	0.0467	0.0247	0.0219	0.0000	0.0000	0.0000	0.0000	0.0000	0.0000	0.0000	0.0000	0.0000	0.0373	0.0000	0.1024	0.1393	0.0000	1.9784	0.0004	0.0000	0.0009		
29	56	0.2368	18	0	1	0	1	0	0	0	0	N	N	N	N	N	N	N	N	N	N	N	N	0.0000	0.0000	0.0000	0.0000	0.0000	0.0000	0.0000	0.0000	0.0000	0.0000	0.0000	0.0000	0.0000	0.0000	0.0000	0.0000	0.0000	0.0001	0.0000	0.0003	0.0003	0.0000	0.0050	0.0000	0.0000	0.0001	146.7642	0.0000	0.0000	4.0695	0.9953	11.0027	1.3904	0.0000	0.0000	0.0000	0.0000	0.0000	0.0000	0.0000	0.0000	0.0000	0.0000	0.0000	0.0000	0.0000	0.0000	0.0000	0.0000	0.0000	0.0000	0.0287	0.0251	0.0036	0.0047	0.0044	0.0002	0.0240	0.0206	0.0034	0.0491	0.0320	0.0171	0.0135	0.0126	0.0009	0.0356	0.0194	0.0162	0.0000	0.0000	0.0000	0.0000	0.0000	0.0000	0.0000	0.0000	0.0000	0.0001	0.0000	0.0003	0.0003	0.0000	0.0050	0.0000	0.0000	0.0001		
29	57	0.2301	17	0	1	0	1	0	0	0	0	N	N	N	N	N	N	N	N	N	N	N	N	0.0000	0.0000	0.0000	0.0000	0.0000	0.0000	0.0000	0.0000	0.0000	0.0000	0.0000	0.0000	0.0000	0.0000	0.0000	0.0000	0.0000	0.0005	0.0008	0.0000	0.0020	0.0022	0.0000	0.0000	0.0000	0.0000	0.0010	0.0000	-0.0000	4.0695	0.0068	11.0027	3.2797	0.0000	0.0000	0.0000	0.0000	0.0000	0.0000	0.0000	0.0000	0.0000	0.0000	0.0000	0.0000	0.0000	0.0000	0.0000	0.0000	0.0000	0.0000	0.0002	0.0002	0.0000	0.0001	0.0001	0.0000	0.0002	0.0002	0.0000	0.0616	0.0372	0.0245	0.0155	0.0143	0.0012	0.0461	0.0228	0.0233	0.0000	0.0000	0.0000	0.0000	0.0000	0.0000	0.0000	0.0000	0.0000	0.0005	0.0008	0.0000	0.0020	0.0022	0.0000	0.0000	0.0000	0.0000		
29	58	0.1890	16	0	1	0	1	0	0	0	0	N	N	N	N	N	N	N	N	N	N	N	N	0.0041	0.0027	0.0000	0.0038	0.0037	0.0000	0.0000	0.0000	0.0000	0.0013	0.0015	0.0000	0.0061	0.0063	0.0000	0.0000	0.0000	0.0000	0.3290	0.5569	0.0003	1.5895	1.7243	0.0001	0.0001	0.0000	0.0003	0.0000	0.0004	-0.0001	-0.0574	4.0695	5.8573	11.0027	13.1443	0.0002	0.0002	0.0000	0.0002	0.0002	0.0000	0.0000	0.0000	0.0000	0.1059	0.1058	0.0000	0.1058	0.1058	0.0000	0.0000	0.0000	0.0000	0.1874	0.1647	0.0227	0.0413	0.0395	0.0017	0.1461	0.1252	0.0209	0.3218	0.1900	0.1318	0.0666	0.0614	0.0052	0.2552	0.1287	0.1266	0.0041	0.0027	0.0000	0.0038	0.0037	0.0000	0.0000	0.0000	0.0000	0.3290	0.5569	0.0003	1.5895	1.7243	0.0001	0.0001	0.0000	0.0003
29	59	0.1115	10	0	2	1	0	0	0	0	0	N	Y	N	N	N	N	N	N	N	N	N	N	0.0004	0.0003	0.0000	0.0005	0.0004	0.0000	0.0000	0.0000	0.0000	0.0000	0.0000	0.0002	0.0002	0.0000	0.0000	0.0000	0.0000	0.0843	0.1389	0.0000	0.4426	0.4692	0.0000	0.0000	0.0000	0.0000	0.0000	0.0000	-0.0000	-0.0043	4.0695	0.9979	11.0027	4.0614	0.0000	0.0000	0.0000	0.0000	0.0000	0.0000	0.0000	0.0000	0.0000	0.0079	0.0079	0.0000	0.0079	0.0079	0.0000	0.0000	0.0000	0.0000	0.0284	0.0248	0.0035	0.0047	0.0045	0.0002	0.0236	0.0203	0.0033	0.0943	0.0572	0.0371	0.0180	0.0169	0.0010	0.0763	0.0403	0.0360	0.0004	0.0003	0.0000	0.0005	0.0004	0.0000	0.0000	0.0000	0.0000	0.0843	0.1389	0.0000	0.4426	0.4692	0.0000	0.0000	0.0000	0.0000	
29	60	0.1031	9	0	2	0	0	0	0	0	0	N	Y	N	N	N	N	N	N	N	N	N	N	0.0354	0.0420	0.0000	2.1867	2.1614	0.0000	0.0000	0.0000	0.0000	0.0035	0.0040	0.0000	0.0208	0.0217	0.0000	0.0000	0.0000	0.0000	0.0980	0.0944	0.1034	0.0095	0.0101	0.0002	0.1173	0.1275	0.1060	0.0000	0.7291	-0.0001	-0.0010	4.0695	2.2356	11.0027	2.2044	0.0002	0.0002	0.0000	0.0002	0.0002	0.0000	0.0000	0.0000	0.0000	0.0081	0.0047	0.0034	0.0001	0.0001	0.0000	0.0079	0.0045	0.0034	0.0658	0.0576	0.0082	0.0110	0.0105	0.0005	0.0549	0.0471	0.0078	0.0823	0.0494	0.0329	0.0147	0.0139	0.0008	0.0675	0.0355	0.0321	0.0354	0.0420	0.0000	2.1867	2.1614	0.0000	0.0000	0.0000	0.0000	0.0980	0.0944	0.1034	0.0095	0.0101	0.0002	0.1173	0.1275	0.1060
29	63	0.1260	9	1	2	0	0	0	0	0	0	N	Y	N	N	N	N	N	N	N	N	N	N	0.0000	0.0000	0.0000	0.0000	0.0000	0.0000	0.0000	0.0000	0.0000	0.0000	0.0000	0.0000	0.0000	0.0000	0.0000	0.0000	0.0000	14.3478	24.5484	0.0000	0.3349	0.3496	0.0000	16.2829	30.5558	0.0000	0.0000	0.0000	-0.5403	4.0695	1.0023	11.0027	3.0135	0.0000	0.0000	0.0000	0.0000	0.0000	0.0000	0.0000	0.0000	0.0000	0.9950	0.9950	0.0000	0.0028	0.0028	0.0000	0.9922	0.9922	0.0000	0.0297	0.0259	0.0038	0.0053	0.0050	0.0003	0.0244	0.0209	0.0035	0.0694	0.0405	0.0288	0.0084	0.0081	0.0004	0.0609	0.0325	0.0285	0.0000	0.0000	0.0000	0.0000	0.0000	0.0000	0.0000	0.0000	0.0000	14.3478	24.5484	0.0000	0.3349	0.3496	0.0000	16.2829	30.5558	0.0000		
29	64	0.0996	8	1	2	0	0	0	0	0	0	N	Y	N	N	N	N	N	N	N	N	N	N	0.0000	0.0000	0.0000	0.0000	0.0000	0.0000	0.0000	0.0000	0.0000	0.0000	0.0000	0.0000	0.0000	0.0000	0.0000	0.0000	0.0000	0.0000	0.0487	0.0659	0.0274	0.0012	0.0013	0.0000	0.0534	0.0775	0.0277	0.3329	0.0000	-0.0028	4.0695	3.0820	11.0027	9.3392	0.0000	0.0000	0.0000	0.0000	0.0000	0.0000	0.0000	0.0000	0.0000	0.0097	0.0073	0.0024	0.0000	0.0000	0.0000	0.0097	0.0072	0.0024	0.1079	0.0949	0.0130	0.0231	0.0223	0.0009	0.0848	0.0726	0.0121	0.1988	0.1103	0.0885	0.0178	0.0168	0.0010	0.1810	0.0936	0.0875	0.0000	0.0000	0.0000	0.0000	0.0000	0.0000	0.0000	0.0000	0.0000	0.0487	0.0659	0.0274	0.0012	0.0013	0.0000	0.0534	0.0775	0.0277	
29	65	0.1031	9	0	2	0	0	0	0	0	0	N	Y	N	N	N	N	N	N	N	N	N	N	0.0200	0.0123	124.1498	0.0163	0.0158	0.6295	48.6493	0.0000	175.1702	0.0002	0.0002	0.0001	0.0011	0.0011	0.0000	0.0000	0.0000	0.0001	0.0100	0.0173	0.0000	0.0663	0.0713	0.0000	0.0000	0.0000	0.0000	0.0724	0.0000	-0.0000	-0.0007	4.0695	1.7946	11.0027	5.9592	0.0000	0.0000	0.0000	0.0000	0.0000	0.0000	0.0000	0.0000	0.0000	0.0013	0.0013	0.0000	0.0013	0.0013	0.0000	0.0000	0.0000	0.0000	0.0538	0.0471	0.0067	0.0092	0.0089	0.0004	0.0445	0.0382	0.0063	0.1301	0.0752	0.0549	0.0196	0.0182	0.0014	0.1105	0.0570	0.0535	0.0200	0.0123	124.1498	0.0163	0.0158	0.6295	48.6493	0.0000	175.1702	0.0100	0.0173	0.0000	0.0663	0.0713	0.0000	0.0000	0.0000	0.0000
29	66	0.0963	8	0	2	0	0	0	0	0	0	N	Y	N	N	N	N	N	N	N	N	N	N	9.1644	8.6069	0.7600	28.1343	26.9465	0.0000	0.0980	0.0000	0.7828	0.0293	0.0332	0.0018	0.1593	0.1650	0.0000	0.0003	0.0000	0.0019	0.0032	0.0039	0.0024	0.0057	0.0061	0.0000	0.0028	0.0032	0.0024	0.0078	0.5046	-0.0005	-0.0000	4.0695	1.3569	11.0027	2.0560	0.0013	0.0013	0.0000	0.0013	0.0013	0.0000	0.0000	0.0000	0.0000	0.0002	0.0001	0.0001	0.0000	0.0000	0.0000	0.0001	0.0001	0.0001	0.0441	0.0385	0.0055	0.0080	0.0078	0.0003	0.0360	0.0308	0.0052	0.0574	0.0316	0.0258	0.0074	0.0069	0.0006	0.0500	0.0247	0.0253	9.1644	8.6069	0.7600	28.1343	26.9465	0.0000	0.0980	0.0000	0.7828	0.0032	0.0039	0.0024	0.0057	0.0061	0.0000	0.0028	0.0032	0.0024
29	67	0.0829	7	0	2	0	0	0	0	0	0	N	Y	N	N	N	N	N	N	N	N	N	N	31.5180	10.4379	211.3580	49.6551	51.4028	0.0000	28.5134	0.0000	222.4911	0.0132	0.0053	0.0651	0.0361	0.0385	0.0000	0.0098	0.0000	0.0694	0.0004	0.0005	0.0003	0.0007	0.0007	0.0000	0.0003	0.0004	0.0003	1.8561	0.4994	0.0005	-0.0000	4.0695	4.9477	11.0027	2.0153	0.0020	0.0007	0.0013	0.0007	0.0007	0.0000	0.0013	0.0000	0.0013	0.0001	0.0000	0.0000	0.0000	0.0000	0.0000	0.0000	0.0000	0.0000	0.1494	0.1297	0.0197	0.0191	0.0179	0.0012	0.1303	0.1119	0.0184	0.1441	0.0789	0.0651	0.0278	0.0269	0.0009	0.1163	0.0520	0.0643	31.5180	10.4379	211.3580	49.6551	51.4028	0.0000	28.5134	0.0000	222.4911	0.0004	0.0005	0.0003	0.0007	0.0007	0.0000	0.0003	0.0004	0.0003
29	68	0.2112	17	0	1	1	0	0	0	0	0	N	N	N	N	N	N	N	N	N	N	N	N	0.0000	0.0000	0.0000	0.0000	0.0000	0.0000	0.0000	0.0000	0.0000	0.0000	0.0000	0.0000	0.0000	0.0000	0.0000	0.0000	0.0000	0.0003	0.0000	0.0008	0.0008	0.0000	0.0059	0.0002	0.0000	0.0004	16665.5000	0.0000	0.0000	4.0695	0.0000	11.0027	4.0001	0.0000	0.0000	0.0000	0.0000	0.0000	0.0000	0.0000	0.0000	0.0000	0.0000	0.0000	0.0000	0.0000	0.0000	0.0000	0.0000	0.0000	0.0000	0.0000	0.0000	0.0000	0.0000	0.0000	0.0000	0.0000	0.0000	0.0000	0.0614	0.0366	0.0248	0.0123	0.0106	0.0017	0.0491	0.0260	0.0231	0.0000	0.0000	0.0000	0.0000	0.0000	0.0000	0.0000	0.0000	0.0000	0.0003	0.0000	0.0008	0.0008	0.0000	0.0059	0.0002	0.0000	0.0004		
29	69	0.1890	16	0	1	0	0	0	0	0	0	N	N	N	N	N	N	N	N	N	N	N	N	0.0000	0.0000	0.0272	0.0000	0.0000	0.0000	0.0239	0.0000	0.0842	0.0000	0.0000	0.0000	0.0000	0.0000	0.0000	0.0000	0.0000	0.0000	0.4605	0.7690	0.0003	1.9781	2.1234	0.0055	0.0001	0.0000	0.0001	25.5682	0.0003	0.0000	-0.0562	4.0695	2.8240	11.0027	8.9883	0.0000	0.0000	0.0000	0.0000	0.0000	0.0000	0.0000	0.0000	0.0000	0.1035	0.1035	0.0000	0.1035	0.1035	0.0000	0.0000	0.0000	0.0000	0.1063	0.0939	0.0124	0.0284	0.0273	0.0011	0.0779	0.0666	0.0113	0.2248	0.1346	0.0902	0.0523	0.0487	0.0036	0.1725	0.0858	0.0867	0.0000	0.0000	0.0272	0.0000	0.0000	0.0000	0.0239	0.0000	0.0842	0.4605	0.7690	0.0003	1.9781	2.1234	0.0055	0.0001	0.0000	0.0001
29	70	0.1800	15	0	1	0	0	0	0	0	0	N	N	N	N	N	N	N	N	N	N	N	N	0.0036	0.0000	0.1730	0.0066	0.0000	373.6748	0.0000	0.0000	0.0000	0.0170	0.0000	0.1325	0.0948	0.0001	2.4026	0.0000	0.0000	0.0000	4.7143	6.8782	0.7661	14.3439	14.8841	0.0064	0.3951	0.0046	0.7910	906.0082	0.0610	0.0005	-0.3013	4.0695	1.4521	11.0027	3.5882	0.0007	0.0000	0.0007	0.0007	0.0000	0.0007	0.0000	0.0000	0.0000	0.6206	0.5849	0.0357	0.5847	0.5847	0.0000	0.0359	0.0002	0.0357	0.0429	0.0374	0.0055	0.0077	0.0074	0.0003	0.0352	0.0300	0.0052	0.1316	0.0850	0.0466	0.0408	0.0393	0.0015	0.0909	0.0458	0.0451	0.0036	0.0000	0.1730	0.0066	0.0000	373.6748	0.0000	0.0000	0.0000	4.7143	6.8782	0.7661	14.3439	14.8841	0.0064	0.3951	0.0046	0.7910
29	71	0.1773	14	0	1	0	0	0	0	0	0	N	N	N	N	N	N	N	N	N	N	N	N	0.0100	0.0051	0.0426	0.0240	0.0108	73.3904	0.0001	0.0004	0.0003	0.0540	0.0266	0.2420	0.2405	0.1071	4.6594	0.0003	0.0000	0.0020	5.3807	5.2339	5.6838	10.0076	9.8962	0.0635	2.9272	0.0007	5.8659	1.3234	0.5261	0.0004	-0.0819	4.0695	1.1783	11.0027	0.9542	0.0022	0.0009	0.0012	0.0022	0.0009	0.0012	0.0000	0.0000	0.0000	0.4134	0.2709	0.1425	0.2709	0.2708	0.0000	0.1425	0.0000	0.1424	0.0406	0.0355	0.0052	0.0091	0.0088	0.0003	0.0315	0.0267	0.0049	0.0768	0.0518	0.0251	0.0282	0.0274	0.0008	0.0487	0.0244	0.0243	0.0100	0.0051	0.0426	0.0250	0.0108	73.3904	0.0001	0.0004	0.0003	5.3807	5.2339	5.6838	9.6215	9.8962	0.0635	2.9272	0.0007	5.8659
29	72	0.1727	13	0	1	0	0	0	0	0	0	N	N	N	N	N	N	N	N	N	N	N	N	4.5162	0.0001	27.4388	12.1739	0.0002	219893.5255	0.0000	0.0000	0.0000	16.0602	0.0003	125.0461	88.3897	0.0014	2108.2585	0.0000	0.0000	0.0000	3.5561	3.0012	4.5573	7.2606	6.8407	0.0096	2.3676	0.0004	4.7429	67625.5619	0.8416	0.6179	-0.0280	4.0695	2.0762	11.0027	1.4610	0.9983	0.0000	0.9983	0.9983	0.0000	0.9983	0.0000	0.0000	0.0000	0.3254	0.1767	0.1487	0.1767	0.1767	0.0000	0.1487	0.0000	0.1487	0.0622	0.0542	0.0080	0.0113	0.0108	0.0005	0.0509	0.0434	0.0075	0.0915	0.0589	0.0326	0.0287	0.0274	0.0013	0.0628	0.0315	0.0313	4.5162	0.0001	27.4388	14.3548	0.0002	219893.5255	0.0000	0.0000	0.0000	3.5561	3.0012	4.5573	6.1575	6.4444	0.0096	2.3676	0.0004	4.7429
29	73	0.1085	9	0	1	0	0	0	0	0	0	N	N	N	N	N	N	N	N	N	N	N	N	0.0000	0.0000	0.0000	0.0000	0.0000	0.0000	0.0000	0.0000	0.0000	0.0000	0.0000	0.0000	0.0000	0.0000	0.0000	0.0000	0.0000	0.0000	0.0002	0.0003	0.0000	0.0019	0.0020	0.0000	0.0000	0.0000	0.0000	0.0157	0.0000	-0.0000	4.0695	4.0673	11.0027	17.8409	0.0000	0.0000	0.0000	0.0000	0.0000	0.0000	0.0000	0.0000	0.0000	0.0001	0.0001	0.0000	0.0001	0.0001	0.0000	0.0000	0.0000	0.0000	0.1346	0.1182	0.0163	0.0263	0.0253	0.0009	0.1083	0.0929	0.0154	0.3260	0.1786	0.1474	0.0319	0.0294	0.0025	0.2940	0.1491	0.1449	0.0000	0.0000	0.0000	0.0000	0.0000	0.0000	0.0000	0.0000	0.0000	0.0002	0.0003	0.0000	0.0019	0.0020	0.0000	0.0000	0.0000	0.0000	
29	75	0.2452	13	0	1	0	0	0	0	0	0	N	N	N	N	N	N	N	N	N	N	N	N	3.5455	0.0496	21.2629	1.1313	0.9234	15.6839	3.1822	0.0000	21.2347	5.6375	0.0597	50.7331	0.1908	0.1686	0.6913	8.3083	0.0000	58.0052	1.5900	1.2034	2.3860	0.1686	0.1826	0.0441	2.6108	2.4950	2.7316	105.1302	0.9631	0.5766	-0.0967	4.0695	3.5843	11.0027	46.7516	0.9459	0.0089	0.9370	0.0105	0.0089	0.0016	0.9354	0.0000	0.9354	1.8465	0.9406	0.9059	0.0819	0.0797	0.0022	1.7646	0.8609	0.9037	0.1678	0.1493	0.0185	0.0552	0.0529	0.0023	0.1126	0.0965	0.0161	1.1613	0.7816	0.3797	0.4854	0.4366	0.0488	0.6759	0.3450	0.3308	3.5455	0.0496	21.2629	1.1313	0.9234	15.6839	3.1822	0.0000	21.2347	1.5900	1.2034	2.3860	0.1686	0.1826	0.0441	2.6108	2.4950	2.7316
29	76	0.0643	5	1	2	1	0	0	0	0	0	N	Y	N	N	N	N	N	N	N	N	N	N	207.1189	0.0000	inf	0.1656	0.0000	inf	inf	inf	0.0008	0.0000	0.0055	0.0000	0.0000	0.0002	0.0008	0.0000	0.0055	0.0000	0.0000	0.0000	0.0000	0.0000	0.0000	0.0000	0.0000	0.0000	inf	0.0000	0.0000	-0.0000	4.0695	1.0003	11.0027	1.0071	0.0000	0.0000	0.0000	0.0000	0.0000	0.0000	0.0000	0.0000	0.0000	0.0000	0.0000	0.0000	0.0000	0.0000	0.0000	0.0000	0.0000	0.0000	0.0285	0.0246	0.0040	0.0011	0.0010	0.0000	0.0275	0.0236	0.0039	0.0376	0.0185	0.0192	0.0039	0.0035	0.0004	0.0337	0.0150	0.0187	207.1189	0.0000	inf	0.1656	0.0000	inf	inf	0.0000	inf	0.0000	0.0000	0.0000	0.0000	0.0000	0.0000	0.0000	0.0000	0.0000	
29	77	0.0576	4	1	1	1	0	0	0	0	0	N	N	N	N	N	N	N	N	N	N	N	N	3992.3976	0.0103	12291348.5174	4.8385	0.0519	20300.2145	5682282.2893	14890187.2702	2.2155	0.0000	13.4193	0.0078	0.0001	0.4696	2.4135	0.0000	13.5264	0.0006	0.0008	0.0000	0.0016	0.0016	0.0000	0.0000	0.0000	0.0000	324440.8199	0.0006	0.0427	-0.0001	4.0695	0.9901	11.0027	2.2068	0.0690	0.0000	0.0690	0.0000	0.0000	0.0000	0.0690	0.0000	0.0690	0.0001	0.0001	0.0000	0.0001	0.0001	0.0000	0.0000	0.0000	0.0000	0.0311	0.0260	0.0051	0.0026	0.0025	0.0000	0.0286	0.0235	0.0051	0.1666	0.1158	0.0507	0.0572	0.0568	0.0004	0.1093	0.0590	0.0503	3992.3976	0.0103	12291348.5174	4.8385	0.0519	20300.2145	5682282.2893	0.0000	14890187.2702	0.0006	0.0008	0.0000	0.0016	0.0016	0.0000	0.0000	0.0000	0.0000	
29	78	0.1260	10	0	2	0	0	0	0	0	0	N	Y	N	N	N	N	N	N	N	N	N	N	0.0349	24.4300	0.0000	32.2851	37.1930	0.0000	0.0000	0.0000	0.0000	0.1598	0.1818	0.0000	0.8622	0.9009	0.0000	0.0000	0.0000	0.0000	4.5850	0.0074	11.5693	0.0267	0.0242	0.0624	5.7137	0.0000	11.9568	0.0000	1019.0395	-0.0168	0.9081	4.0695	8.4371	11.0027	15.3349	0.0442	0.0442	0.0000	0.0442	0.0442	0.0000	0.0000	0.0000	0.0000	1.9913	0.0020	1.9893	0.0023	0.0020	0.0003	1.9890	0.0000	1.9890	0.2766	0.2432	0.0334	0.0513	0.0491	0.0022	0.2253	0.1941	0.0312	0.4343	0.2624	0.1719	0.0862	0.0806	0.0056	0.3481	0.1818	0.1663	0.0349	24.4300	0.0000	32.2851	37.1930	0.0000	0.0000	0.0000	0.0000	4.5850	0.0074	11.5693	0.0267	0.0242	0.0624	5.7137	0.0000	11.9568
29	79	0.0576	4	1	1	1	0	0	0	0	0	N	N	N	N	N	N	N	N	N	N	N	N	0.0026	0.0019	79.3608	79.9416	0.0005	0.0003	0.0101	0.0119	0.0000	0.1351	0.1386	0.0000	0.0026	0.0031	0.0000	3.8467	6.2566	0.0000	0.0017	0.0017	0.0000	5.0091	9.9399	0.0000	0.0000	0.0000	-0.0003	-0.5420	4.0695	3.0096	11.0027	5.7427	0.0009	0.0009	0.0000	0.0007	0.0007	0.0000	0.0002	0.0002	0.0000	0.9982	0.9982	0.0000	0.0001	0.0001	0.0000	0.9981	0.9981	0.0000	0.0882	0.0753	0.0130	0.0050	0.0048	0.0001	0.0833	0.0704	0.0128	0.2595	0.1596	0.1000	0.0602	0.0591	0.0011	0.1993	0.1004	0.0988	0.0026	0.0019	0.0000	79.3608	79.9416	0.0000	0.0005	0.0003	0.0000	3.8467	6.2566	0.0000	0.0017	0.0017	0.0000	5.0091	9.9399	0.0000			
29	80	0.0420	3	1	1	1	0	0	0	0	0	N	N	N	N	N	N	N	N	N	N	N	N	2.6421	0.9364	859.7354	1.2435	1.2263	7.0451	48.0434	0.0001	878.6129	0.0467	0.0326	0.1305	0.2564	0.2591	0.0046	0.0212	0.0000	0.1315	0.0177	0.0348	0.0002	0.2062	0.2113	0.0007	0.0004	0.0008	0.0001	0.6776	0.0043	0.0000	-0.0014	4.0695	1.0477	11.0027	6.1154	0.0017	0.0010	0.0007	0.0010	0.0010	0.0000	0.0007	0.0000	0.0007	0.0027	0.0027	0.0000	0.0026	0.0026	0.0000	0.0001	0.0000	0.0000	0.0354	0.0303	0.0051	0.0038	0.0038	0.0000	0.0315	0.0265	0.0051	0.1511	0.0765	0.0746	0.0127	0.0124	0.0003	0.1385	0.0642	0.0743	2.6421	0.9364	859.7354	1.2435	1.2263	7.0451	48.0434	0.0001	878.6129	0.0177	0.0348	0.0002	0.2062	0.2113	0.0007	0.0004	0.0008	0.0001
29	81	0.0355	2	0	1	0	0	0	0	0	0	N	N	N	N	N	N	N	N	N	N	N	N	0.3911	0.1593	1.9666	0.0690	0.0782	1.3134	0.5606	0.0000	1.9685	0.0295	0.0155	0.1100	0.4099	0.4120	0.0113	0.0169	0.0000	0.1101	0.0755	0.0972	0.0559	5.9430	5.2707	0.0086	0.0301	0.0008	0.0559	1.2377	0.6409	0.0003	-0.0007	4.0695	1.9794	11.0027	1.0196	0.0018	0.0008	0.0010	0.0008	0.0008	0.0000	0.0010	0.0000	0.0010	0.0043	0.0026	0.0017	0.0026	0.0026	0.0000	0.0017	0.0000	0.0017	0.0602	0.0513	0.0089	0.0019	0.0019	0.0000	0.0583	0.0494	0.0089	0.0573	0.0271	0.0302	0.0005	0.0005	0.0000	0.0568	0.0266	0.0302	0.3911	0.1593	1.9666	0.0783	0.0784	1.3134	0.5606	0.0000	1.9685	0.0755	0.0972	0.0559	5.2337	5.2525	0.0086	0.0301	0.0008	0.0559
29	84	0.1459	12	0	2	0	0	0	0	0	0	N	Y	N	N	N	N	N	N	N	N	N	N	0.2109	48.8987	0.0000	4.6028	4.5751	0.0000	0.1857	953438.4278	0.0000	0.3482	0.3991	0.0000	0.1076	0.1144	0.0000	0.3902	0.4534	0.0000	1.6514	0.0082	4.0920	0.0234	0.0250	0.0085	2.1009	0.0000	4.3209	0.0000	337.5720	-0.0278	0.4544	4.0695	7.1084	11.0027	28.8937	0.0730	0.0730	0.0000	0.0033	0.0033	0.0000	0.0696	0.0696	0.0000	1.0006	0.0030	0.9977	0.0031	0.0030	0.0001	0.9976	0.0000	0.9976	0.2095	0.1828	0.0267	0.0311	0.0293	0.0019	0.1784	0.1535	0.0249	0.6059	0.3621	0.2438	0.1311	0.1182	0.0129	0.4748	0.2440	0.2309	0.2109	48.8987	0.0000	4.6028	4.5751	0.0000	0.1857	953438.4278	0.0000	1.6514	0.0082	4.0920	0.0234	0.0250	0.0085	2.1009	0.0000	4.3209
29	85	0.1384	11	0	2	0	0	0	0	0	0	N	Y	N	N	N	N	N	N	N	N	N	N	9.6698	11.1854	6.7092	14.9877	15.3737	0.0111	2.1704	0.2516	8.0184	0.3133	0.3188	0.2703	0.8130	0.8676	0.0000	0.0473	0.0010	0.3357	0.0324	0.0285	0.0403	0.0542	0.0564	0.0026	0.0218	0.0038	0.0419	0.1072	0.7000	-0.0095	-0.0008	4.0695	2.2208	11.0027	3.9129	0.0334	0.0301	0.0032	0.0301	0.0301	0.0000	0.0033	0.0001	0.0032	0.0062	0.0036	0.0025	0.0034	0.0034	0.0000	0.0028	0.0003	0.0025	0.1065	0.0945	0.0119	0.0370	0.0347	0.0023	0.0695	0.0599	0.0096	0.1906	0.1275	0.0631	0.0623	0.0598	0.0025	0.1283	0.0677	0.0606	9.6698	11.1854	6.7092	14.9877	15.3737	0.0111	2.1704	0.2516	8.0184	0.0324	0.0285	0.0403	0.0542	0.0564	0.0026	0.0218	0.0038	0.0419
29	86	0.2139	13	0	1	1	0	0	0	0	0	N	N	N	N	N	N	N	N	N	N	N	N	1050.8397	780.9765	0.0000	1587.2020	1512.0572	0.0000	1921.7217	3010546.9232	0.0000	4.5037	5.1349	0.0000	25.4800	26.8010	0.0000	0.6999	0.8103	0.0000	0.0043	0.0066	0.0008	0.0161	0.0177	0.0018	0.0004	0.0000	0.0007	0.0000	0.0810	-0.2975	-0.0004	4.0695	5.3425	11.0027	7.0749	0.7807	0.7807	0.0000	0.6780	0.6780	0.0000	0.1027	0.1027	0.0000	0.0009	0.0009	0.0001	0.0009	0.0009	0.0000	0.0001	0.0000	0.0001	0.1734	0.1520	0.0213	0.0266	0.0253	0.0013	0.1467	0.1267	0.0200	0.2204	0.1329	0.0875	0.0551	0.0493	0.0058	0.1653	0.0836	0.0817	1050.8397	780.9765	0.0000	1587.2020	1512.0572	0.0000	1921.7217	3010546.9232	0.0000	0.0043	0.0066	0.0008	0.0161	0.0177	0.0018	0.0004	0.0000	0.0007
29	87	0.1707	12	0	1	0	0	0	0	0	0	N	N	N	N	N	N	N	N	N	N	N	N	46.6021	8.7290	4079.7136	1.0566	0.9425	39.6136	1078.6860	372.5143	5064.6137	3.3693	0.9865	20.9483	0.2501	0.2438	0.3314	4.4762	1.2698	24.8079	0.0723	0.1130	0.0051	0.2367	0.2587	0.0084	0.0041	0.0034	0.0049	2.8782	0.0275	0.3144	-0.0170	4.0695	7.0719	11.0027	13.7350	0.8706	0.2245	0.6461	0.0169	0.0153	0.0016	0.8537	0.2092	0.6445	0.0329	0.0320	0.0009	0.0316	0.0315	0.0001	0.0013	0.0006	0.0008	0.2584	0.2276	0.0308	0.0677	0.0628	0.0049	0.1907	0.1647	0.0260	0.4551	0.2833	0.1718	0.1334	0.1216	0.0117	0.3217	0.1617	0.1600	46.6021	8.7290	4079.7136	1.0566	0.9425	39.6136	1078.6860	372.5143	5064.6137	0.0723	0.1130	0.0051	0.2367	0.2587	0.0084	0.0041	0.0034	0.0049
29	88	0.1133	10	1	1	1	0	0	0	0	0	N	N	N	N	N	N	N	N	N	N	N	N	0.0000	0.0000	0.0000	0.0000	0.0000	0.0000	0.0000	0.0000	0.0000	0.0000	0.0000	0.0000	0.0000	0.0000	0.0000	0.0000	0.0000	0.0000	0.0000	0.0000	4.0695	0.0000	11.0027	0.0000	0.0000	0.0000	0.0000	0.0000	0.0000	0.0000	0.0000	0.0000	0.0000	0.0000	0.0000	0.0000	0.0000	0.0000	0.0000	0.0000	0.0000	0.0000	0.0000	0.0000	0.0000	0.0000	0.0000	0.0000	0.0000	0.0000	0.0000	0.0000	0.0000	0.0000	0.0000	0.0000	0.0000	0.0000	0.0000	0.0000	0.0000	0.0000	0.0000	0.0000	0.0000	0.0000	0.0000	0.0000	0.0000	0.0000	0.0000	0.0000	0.0000	0.0000	0.0000	0.0000	0.0000	0.0000											
29	89	0.1114	9	1	1	1	0	0	0	0	0	N	N	N	N	N	N	N	N	N	N	N	N	4380.0160	0.0000	867914.2751	0.0000	0.0000	0.0000	1424905.3929	0.0000	4288431.3768	2.9458	0.0000	29.4583	0.0000	0.0000	0.0000	4.7890	0.0000	30.5164	0.0007	0.0010	0.0000	0.0023	0.0023	0.0017	0.0000	0.0000	0.0000	inf	0.0172	0.0000	-0.0000	4.0695	0.0001	11.0027	0.9161	0.0000	0.0000	0.0000	0.0000	0.0000	0.0000	0.0000	0.0000	0.0000	0.0000	0.0000	0.0000	0.0000	0.0000	0.0000	0.0000	0.0000	0.0000	0.0000	0.0000	0.0000	0.0000	0.0000	0.0000	0.0000	0.0000	0.0000	0.0273	0.0182	0.0092	0.0079	0.0077	0.0001	0.0195	0.0104	0.0090	4380.0160	0.0000	867914.2751	0.0000	0.0000	0.0000	1424905.3929	0.0000	4288431.3768	0.0007	0.0010	0.0000	0.0023	0.0023	0.0017	0.0000	0.0000	0.0000
29	90	0.0866	8	1	1	1	0	0	0	0	0	N	N	N	N	N	N	N	N	N	N	N	N	51032.9152	0.0016	5062725.8323	0.0025	0.0026	0.0000	2463054.0956	9084321.1212	8.5569	0.0000	67.9273	0.0000	0.0000	0.0000	10.1695	0.0000	72.9621	0.0002	0.0003	0.0000	0.0010	0.0011	0.0003	0.0000	0.0000	0.0000	20930399.3502	0.0363	0.6177	-0.0000	4.0695	3.7876	11.0027	7.8440	0.9981	0.0000	0.9981	0.0000	0.0000	0.0000	0.9981	0.0000	0.9981	0.0000	0.0000	0.0000	0.0000	0.0000	0.0000	0.0000	0.0000	0.0000	0.1166	0.1019	0.0147	0.0185	0.0175	0.0010	0.0981	0.0845	0.0137	0.2108	0.1184	0.0924	0.0338	0.0323	0.0015	0.1770	0.0861	0.0910	51032.9152	0.0016	5062725.8323	0.0025	0.0026	0.0000	2463054.0956	0.0000	9084321.1212	0.0002	0.0003	0.0000	0.0010	0.0011	0.0003	0.0000	0.0000	0.0000	
29	91	0.1189	10	0	2	0	1	0	0	0	0	N	Y	N	N	N	N	N	N	N	N	N	N	0.0000	0.0000	0.0000	0.0000	0.0000	0.0001	0.0000	0.0000	0.0000	0.0000	0.0000	0.0000	0.0000	0.0000	0.0000	0.0000	0.0000	0.0000	9.6318	11.2432	7.4915	0.2194	0.2301	0.0436	11.5233	15.4510	7.6621	inf	0.5016	0.0000	-0.6227	4.0695	1.8247	11.0027	16.3284	0.0000	0.0000	0.0000	0.0000	0.0000	0.0000	0.0000	0.0000	0.0000	2.9807	1.9849	0.9957	0.0114	0.0112	0.0001	2.9693	1.9737	0.9956	0.0708	0.0626	0.0082	0.0168	0.0164	0.0004	0.0540	0.0462	0.0078	0.3095	0.1765	0.1329	0.0518	0.0488	0.0030	0.2577	0.1277	0.1299	0.0000	0.0000	0.0000	0.0000	0.0000	0.0001	0.0000	0.0000	0.0000	9.6318	11.2432	7.4915	0.2194	0.2301	0.0436	11.5233	15.4510	7.6621
29	92	0.1085	9	0	2	0	0	0	0	0	0	N	Y	N	N	N	N	N	N	N	N	N	N	0.0000	0.0000	0.0000	0.0000	0.0000	0.0000	0.0000	0.0000	0.0000	0.0000	0.0000	0.0000	0.0000	0.0000	0.0000	0.0000	0.0000	0.0061	0.0112	0.0000	0.0639	0.0694	0.0000	0.0000	0.0000	0.0000	0.0000	0.0000	-0.0012	4.0695	9.1310	11.0027	16.1726	0.0000	0.0000	0.0000	0.0000	0.0000	0.0000	0.0000	0.0000	0.0000	0.0023	0.0023	0.0000	0.0023	0.0023	0.0000	0.0000	0.0000	0.0000	0.2730	0.2389	0.0340	0.0465	0.0445	0.0020	0.2264	0.1945	0.0320	0.3697	0.2024	0.1672	0.0355	0.0327	0.0028	0.3341	0.1698	0.1644	0.0000	0.0000	0.0000	0.0000	0.0000	0.0000	0.0000	0.0000	0.0000	0.0061	0.0112	0.0000	0.0639	0.0694	0.0000	0.0000	0.0000	0.0000		
29	93	0.1934	15	0	2	0	0	0	0	0	0	N	Y	N	N	N	N	N	N	N	N	N	N	0.0000	0.0000	0.0000	0.0000	0.0000	0.0000	0.0000	0.0000	0.0000	0.0000	0.0000	0.0000	0.0000	0.0000	0.0000	0.0000	0.0000	0.0000	0.5804	0.1239	1.3069	0.2658	0.2898	0.0659	0.7116	0.0000	1.4174	6.6256	0.0000	0.0484	4.0695	4.0959	11.0027	8.7137	0.0000	0.0000	0.0000	0.0000	0.0000	0.0000	0.0000	0.0000	0.0000	0.1486	0.0195	0.1291	0.0200	0.0195	0.0005	0.1286	0.0000	0.1286	0.1256	0.1095	0.0161	0.0203	0.0195	0.0008	0.1053	0.0900	0.0154	0.2561	0.1573	0.0988	0.0753	0.0673	0.0081	0.1807	0.0900	0.0907	0.0000	0.0000	0.0000	0.0000	0.0000	0.0000	0.0000	0.0000	0.0000	0.5804	0.1239	1.3069	0.2658	0.2898	0.0659	0.7116	0.0000	1.4174	
29	94	0.1751	14	0	2	0	0	0	0	0	0	N	Y	N	N	N	N	N	N	N	N	N	N	0.0000	0.0000	0.0000	0.0000	0.0000	0.0000	0.0000	0.0000	0.0000	0.0000	0.0000	0.0000	0.0000	0.0000	0.0000	0.0000	0.0000	0.0000	1.3010	1.2116	1.4402	2.8931	3.1344	0.0031	0.7603	0.0036	1.5278	0.7636	0.0000	-0.0230	4.0695	2.9443	11.0027	6.1524	0.0000	0.0000	0.0000	0.0000	0.0000	0.0000	0.0000	0.0000	0.0000	0.2092	0.1186	0.0906	0.1184	0.1184	0.0000	0.0908	0.0002	0.0906	0.0955	0.0830	0.0125	0.0195	0.0189	0.0006	0.0759	0.0641	0.0119	0.1608	0.0979	0.0629	0.0414	0.0378	0.0036	0.1194	0.0601	0.0593	0.0000	0.0000	0.0000	0.0000	0.0000	0.0000	0.0000	0.0000	0.0000	1.3010	1.2116	1.4402	2.8610	3.1344	0.0031	0.7603	0.0036	1.5278	
29	95	0.1727	13	0	1	0	0	0	0	0	0	N	N	N	N	N	N	N	N	N	N	N	N	0.0010	0.0029	0.0000	0.0064	0.0065	0.0000	0.0000	0.0000	0.0000	0.0036	0.0042	0.0000	0.0176	0.0182	0.0000	0.0000	0.0000	0.0000	3.4763	1.4518	7.5295	2.7339	2.8207	0.0189	3.8835	0.0001	7.7853	0.0000	2.5903	-0.0000	0.0431	4.0695	0.8596	11.0027	1.2300	0.0001	0.0001	0.0000	0.0001	0.0001	0.0000	0.0000	0.0000	0.0000	0.2416	0.0673	0.1743	0.0673	0.0673	0.0000	0.1743	0.0000	0.1743	0.0274	0.0239	0.0035	0.0057	0.0055	0.0002	0.0217	0.0184	0.0033	0.0695	0.0464	0.0232	0.0246	0.0239	0.0008	0.0449	0.0225	0.0224	0.0010	0.0029	0.0000	0.0064	0.0065	0.0000	0.0000	0.0000	0.0000	3.4763	1.4518	7.5295	2.7339	2.8207	0.0189	3.8835	0.0001	7.7853
29	96	0.1608	12	0	1	0	0	0	0	0	0	N	N	N	N	N	N	N	N	N	N	N	N	0.0003	0.0001	0.0012	0.0009	0.0001	0.2147	0.0000	0.0000	0.0000	0.0007	0.0001	0.0052	0.0023	0.0002	0.0458	0.0000	0.0000	0.0000	2.3999	1.3221	4.2083	2.6954	2.7838	0.2134	2.2785	0.0001	4.3644	8.9960	1.8969	0.0001	0.0426	4.0695	3.7737	11.0027	2.5241	0.0001	0.0000	0.0001	0.0001	0.0000	0.0001	0.0000	0.0000	0.0000	0.3811	0.1315	0.2495	0.1320	0.1315	0.0005	0.2490	0.0000	0.2490	0.1513	0.1342	0.0172	0.0429	0.0409	0.0020	0.1084	0.0933	0.0152	0.1588	0.0995	0.0593	0.0495	0.0473	0.0022	0.1093	0.0522	0.0571	0.0003	0.0001	0.0012	0.0009	0.0001	0.2147	0.0000	0.0000	0.0000	2.3999	1.3221	4.2083	2.6679	2.7838	0.2134	2.2785	0.0001	4.3644
29	97	0.1400	11	0	1	0	0	0	0	0	0	N	N	N	N	N	N	N	N	N	N	N	N	0.0000	0.0000	0.0000	0.0000	0.0000	0.0000	0.0000	0.0000	0.0001	0.0001	0.0000	0.0004	0.0000	0.0000	0.0000	0.0001	0.0000	0.0004	3.3857	0.0748	8.2205	0.2568	0.2294	0.8674	4.1891	0.0019	8.4954	inf	75.2965	0.0000	0.3029	4.0695	6.4922	11.0027	4.5502	0.0000	0.0000	0.0000	0.0000	0.0000	0.0000	0.0000	0.0000	0.0000	0.6823	0.0089	0.6734	0.0106	0.0088	0.0018	0.6718	0.0002	0.6716	0.1912	0.1667	0.0245	0.0303	0.0289	0.0015	0.1609	0.1378	0.0230	0.2015	0.1196	0.0819	0.0412	0.0383	0.0029	0.1604	0.0813	0.0791	0.0000	0.0000	0.0000	0.0000	0.0000	0.0000	0.0000	0.0000	0.0001	3.3857	0.0748	8.2205	0.2568	0.2294	0.6237	4.1891	0.0019	8.4954
29	98	0.0866	8	0	2	0	0	0	0	0	0	N	Y	N	N	N	N	N	N	N	N	N	N	235.7838	154.8409	0.0000	145.7536	149.7249	0.0000	0.0000	0.0000	0.0329	0.0373	0.0000	0.1314	0.1391	0.0000	0.0000	0.0000	0.0000	0.0001	0.0002	0.0000	0.0009	0.0009	0.0003	0.0000	0.0000	0.0000	0.0000	0.0355	-0.0006	-0.0000	4.0695	1.3608	11.0027	12.1483	0.0016	0.0016	0.0000	0.0016	0.0016	0.0000	0.0000	0.0000	0.0000	0.0000	0.0000	0.0000	0.0000	0.0000	0.0000	0.0000	0.0000	0.0000	0.0483	0.0426	0.0057	0.0121	0.0114	0.0007	0.0362	0.0311	0.0050	0.2374	0.1328	0.1047	0.0361	0.0345	0.0017	0.2013	0.0983	0.1030	235.7838	154.8409	0.0000	145.7536	149.7249	0.0000	0.0000	0.0000	0.0000	0.0001	0.0002	0.0000	0.0009	0.0009	0.0003	0.0000	0.0000	0.0000	
29	99	0.0829	7	0	1	0	0	0	0	0	0	N	N	N	N	N	N	N	N	N	N	N	N	81.1350	38.9610	316.5371	237.7484	279.5157	0.0000	58.5276	0.0000	361.9555	0.0421	0.0147	0.2215	0.0662	0.0717	0.0000	0.0364	0.0000	0.2494	0.0005	0.0004	0.0007	0.0003	0.0003	0.0018	0.0006	0.0005	0.0007	2.3064	1.4622	0.0007	0.0000	4.0695	1.5300	11.0027	0.7696	0.0023	0.0007	0.0016	0.0007	0.0007	0.0000	0.0016	0.0000	0.0016	0.0000	0.0000	0.0000	0.0000	0.0000	0.0000	0.0000	0.0000	0.0000	0.0540	0.0469	0.0072	0.0104	0.0096	0.0008	0.0436	0.0373	0.0064	0.0739	0.0413	0.0326	0.0221	0.0218	0.0003	0.0518	0.0196	0.0323	81.1350	38.9610	316.5371	237.7484	279.5157	0.0000	58.5276	0.0000	361.9555	0.0005	0.0004	0.0007	0.0003	0.0003	0.0018	0.0006	0.0005	0.0007
29	100	0.0741	6	0	1	0	0	0	0	0	0	N	N	N	N	N	N	N	N	N	N	N	N	18.9885	0.0000	210.9234	0.0000	0.0000	0.0000	51.0785	214.4792	0.0064	0.0000	0.0487	0.0000	0.0000	0.0000	0.0070	0.0000	0.0498	0.0003	0.0004	0.0002	0.0011	0.0011	0.0001	0.0001	0.0000	0.0002	inf	0.4769	0.0004	-0.0000	4.0695	3.6906	11.0027	1.4800	0.0007	0.0000	0.0007	0.0000	0.0000	0.0000	0.0007	0.0000	0.0007	0.0000	0.0000	0.0000	0.0000	0.0000	0.0000	0.0000	0.0000	0.0000	0.1083	0.0942	0.0142	0.0095	0.0092	0.0003	0.0988	0.0850	0.0138	0.1275	0.0677	0.0599	0.0271	0.0263	0.0008	0.1004	0.0413	0.0591	18.9885	0.0000	210.9234	0.0000	0.0000	0.0000	51.0785	0.0000	214.4792	0.0003	0.0004	0.0002	0.0011	0.0011	0.0001	0.0001	0.0000	0.0002	
29	101	0.0741	5	0	1	0	0	0	0	0	0	N	N	N	N	N	N	N	N	N	N	N	N	0.0004	0.0002	0.0043	0.0007	0.0006	0.0000	0.0003	0.0000	0.0043	0.0000	0.0000	0.0000	0.0000	0.0000	0.0000	0.0000	0.0000	0.0000	0.0014	0.0021	0.0007	0.0017	0.0017	0.0004	0.0012	0.0035	0.0007	1.0000	0.3010	0.0000	-0.0000	4.0695	0.1361	11.0027	0.4500	0.0000	0.0000	0.0000	0.0000	0.0000	0.0000	0.0000	0.0000	0.0000	0.0001	0.0001	0.0000	0.0000	0.0000	0.0000	0.0000	0.0000	0.0000	0.0074	0.0066	0.0007	0.0020	0.0020	0.0000	0.0054	0.0046	0.0007	0.0524	0.0277	0.0247	0.0223	0.0220	0.0003	0.0301	0.0057	0.0244	0.0004	0.0002	0.0043	0.0007	0.0006	0.0000	0.0003	0.0000	0.0043	0.0014	0.0021	0.0007	0.0017	0.0017	0.0004	0.0012	0.0035	0.0007
29	102	0.0582	4	0	1	0	0	0	0	0	0	N	N	N	N	N	N	N	N	N	N	N	N	0.0458	0.2036	0.0000	0.2320	0.2400	0.0000	0.0000	0.0000	0.0000	0.0040	0.0045	0.0000	0.0159	0.0162	0.0000	0.0000	0.0000	0.0000	0.0881	0.0222	0.1600	0.0687	0.0675	0.4380	0.0921	0.0003	0.1597	0.0000	6.6046	-0.0002	0.0057	4.0695	3.5591	11.0027	4.5341	0.0005	0.0005	0.0000	0.0005	0.0005	0.0000	0.0000	0.0000	0.0000	0.0174	0.0023	0.0151	0.0023	0.0023	0.0001	0.0151	0.0000	0.0151	0.1361	0.1217	0.0145	0.0345	0.0340	0.0006	0.1016	0.0877	0.0139	0.1976	0.1031	0.0945	0.0338	0.0336	0.0001	0.1639	0.0695	0.0944	0.0458	0.2036	0.0000	0.2320	0.2400	0.0000	0.0000	0.0000	0.0000	0.0881	0.0222	0.1600	0.0687	0.0675	0.3569	0.0921	0.0003	0.1597
29	104	0.1949	13	0	2	0	0	0	0	0	0	N	Y	N	N	N	N	N	N	N	N	N	N	10.3998	9.1895	0.7842	12.2211	11.6865	3.0491	0.0000	0.0000	0.0000	0.3345	0.3843	0.0000	0.9533	0.9720	0.0009	0.0000	0.0000	0.0000	0.0322	0.0418	0.0001	0.0780	0.0832	0.0003	0.0000	0.0000	0.0000	0.0000	0.0004	-0.0002	-0.0009	4.0695	0.0277	11.0027	1.3445	0.0005	0.0005	0.0000	0.0005	0.0005	0.0000	0.0000	0.0000	0.0000	0.0016	0.0016	0.0000	0.0016	0.0016	0.0000	0.0000	0.0000	0.0000	0.0014	0.0012	0.0002	0.0005	0.0005	0.0000	0.0009	0.0008	0.0002	0.0509	0.0391	0.0118	0.0210	0.0197	0.0013	0.0299	0.0195	0.0105	10.3998	9.1895	0.7842	12.2211	11.6865	3.0491	0.0000	0.0000	0.0000	0.0322	0.0418	0.0001	0.0780	0.0832	0.0003	0.0000	0.0000	0.0000
29	105	0.1482	12	0	2	0	0	0	0	0	0	N	Y	N	N	N	N	N	N	N	N	N	N	2.0970	1.4194	0.0027	1.8788	1.8267	0.0000	0.0005	0.0000	0.0028	6.3990	7.3014	0.0000	31.3993	32.7869	0.0000	0.0000	0.0000	0.0000	3.0515	5.1440	0.0066	16.7120	17.9491	0.0004	0.0052	0.0037	0.0069	0.0000	0.0009	-0.3805	-0.5415	4.0695	5.1414	11.0027	16.4151	0.9985	0.9985	0.0000	0.9985	0.9985	0.0000	0.0000	0.0000	0.0000	0.9989	0.9980	0.0009	0.9975	0.9975	0.0000	0.0014	0.0005	0.0009	0.1560	0.1367	0.0193	0.0318	0.0305	0.0013	0.1242	0.1063	0.0179	0.3273	0.1940	0.1333	0.0614	0.0556	0.0058	0.2660	0.1384	0.1275	2.0970	1.4194	0.0027	1.9316	1.8267	0.0000	0.0005	0.0000	0.0028	3.0515	5.1440	0.0066	16.2553	17.9491	0.0004	0.0052	0.0037	0.0069
29	106	0.1400	11	0	1	0	0	0	0	0	0	N	N	N	N	N	N	N	N	N	N	N	N	0.0195	0.0164	0.0044	0.0345	0.0350	0.0000	0.0014	0.0000	0.0050	0.0065	0.0073	0.0007	0.0383	0.0402	0.0000	0.0001	0.0000	0.0007	0.3328	0.4481	0.1486	1.1123	1.1480	0.6069	0.0736	0.0085	0.1397	0.0131	0.2075	-0.0003	-0.0151	4.0695	3.8974	11.0027	1.6364	0.0008	0.0008	0.0000	0.0008	0.0008	0.0000	0.0000	0.0000	0.0000	0.0406	0.0336	0.0070	0.0338	0.0332	0.0006	0.0067	0.0004	0.0063	0.1189	0.1036	0.0152	0.0198	0.0189	0.0009	0.0990	0.0847	0.0143	0.1219	0.0750	0.0469	0.0304	0.0289	0.0015	0.0915	0.0461	0.0454	0.0195	0.0164	0.0044	0.0345	0.0350	0.0000	0.0014	0.0000	0.0050	0.3328	0.4481	0.1486	1.1123	1.1480	0.4192	0.0736	0.0085	0.1397
29	107	0.1189	10	0	1	0	0	0	0	0	0	N	N	N	N	N	N	N	N	N	N	N	N	0.0012	0.0015	0.0000	0.0013	0.0013	0.0001	0.0000	0.0000	0.0000	0.0003	0.0004	0.0000	0.0009	0.0010	0.0000	0.0000	0.0000	0.0000	0.2801	0.2629	0.3038	0.7104	0.7347	0.1615	0.1691	0.0217	0.3068	0.0002	0.8357	-0.0000	-0.0049	4.0695	0.3701	11.0027	9.6236	0.0000	0.0000	0.0000	0.0000	0.0000	0.0000	0.0000	0.0000	0.0000	0.0556	0.0303	0.0253	0.0289	0.0286	0.0003	0.0267	0.0017	0.0250	0.0288	0.0260	0.0028	0.0106	0.0105	0.0001	0.0182	0.0155	0.0027	0.1985	0.1152	0.0833	0.0407	0.0390	0.0017	0.1578	0.0762	0.0816	0.0012	0.0015	0.0000	0.0013	0.0013	0.0001	0.0000	0.0000	0.0000	0.2801	0.2629	0.3038	0.7104	0.7347	0.1615	0.1691	0.0217	0.3068
29	108	0.1085	9	0	1	0	0	0	0	0	0	N	N	N	N	N	N	N	N	N	N	N	N	0.0000	0.0000	0.0000	0.0000	0.0000	0.0000	0.0000	0.0000	0.0000	0.0000	0.0000	0.0000	0.0000	0.0000	0.0000	0.0000	0.0000	0.0000	0.2978	0.2592	0.3465	0.0158	0.0166	0.0011	0.3426	0.3373	0.3519	0.0000	1.0593	-0.0000	-0.0008	4.0695	0.4415	11.0027	4.8853	0.0000	0.0000	0.0000	0.0000	0.0000	0.0000	0.0000	0.0000	0.0000	0.0280	0.0136	0.0144	0.0002	0.0002	0.0000	0.0278	0.0134	0.0144	0.0310	0.0280	0.0030	0.0110	0.0109	0.0001	0.0200	0.0172	0.0029	0.0941	0.0525	0.0416	0.0129	0.0123	0.0006	0.0812	0.0402	0.0410	0.0000	0.0000	0.0000	0.0000	0.0000	0.0000	0.0000	0.0000	0.0000	0.2978	0.2592	0.3465	0.0158	0.0166	0.0011	0.3426	0.3333	0.3519
29	109	0.1309	8	1	2	0	1	0	0	0	0	N	Y	N	N	N	N	N	N	N	N	N	N	0.0000	0.0000	0.0000	0.0000	0.0000	0.0000	0.0000	0.0000	0.0000	0.0000	0.0000	0.0000	0.0000	0.0000	0.0000	0.0000	0.0000	0.0000	0.0000	0.0000	4.0695	0.0000	11.0027	0.0000	0.0000	0.0000	0.0000	0.0000	0.0000	0.0000	0.0000	0.0000	0.0000	0.0000	0.0000	0.0000	0.0000	0.0000	0.0000	0.0000	0.0000	0.0000	0.0000	0.0000	0.0000	0.0000	0.0000	0.0000	0.0000	0.0000	0.0000	0.0000	0.0000	0.0000	0.0000	0.0000	0.0000	0.0000	0.0000	0.0000	0.0000	0.0000	0.0000	0.0000	0.0000	0.0000	0.0000	0.0000	0.0000	0.0000	0.0000	0.0000	0.0000	0.0000	0.0000	0.0000	0.0000	0.0000											
29	110	0.1159	7	1	2	0	1	0	0	0	0	N	Y	N	N	N	N	N	N	N	N	N	N	0.0000	0.0000	0.0000	0.0000	0.0000	0.0000	0.0000	0.0000	0.0000	0.0000	0.0000	0.0000	0.0000	0.0000	0.0000	0.0002	0.0000	0.0006	0.0019	0.0000	0.0142	0.0000	0.0000	0.0000	inf	0.0000	0.0000	4.0695	0.0000	11.0027	7.1240	0.0000	0.0000	0.0000	0.0000	0.0000	0.0000	0.0000	0.0000	0.0000	0.0000	0.0000	0.0000	0.0000	0.0000	0.0000	0.0000	0.0000	0.0000	0.0000	0.0000	0.0000	0.0000	0.0000	0.0000	0.0000	0.0000	0.0000	0.1221	0.0679	0.0542	0.0158	0.0137	0.0021	0.1063	0.0542	0.0521	0.0000	0.0000	0.0000	0.0000	0.0000	0.0000	0.0000	0.0000	0.0000	0.0002	0.0000	0.0006	0.0019	0.0000	0.0142	0.0000	0.0000	0.0000				
29	111	0.1249	9	0	2	0	1	0	0	0	0	N	Y	N	N	N	N	N	N	N	N	N	N	0.0000	0.0000	0.0000	0.0000	0.0000	0.0000	0.0000	0.0000	0.0000	0.0000	0.0000	0.0000	0.0000	0.0000	0.0000	0.0000	0.0000	0.0000	0.0000	0.0000	0.0000	-0.0000	4.0695	0.0016	11.0027	5.0076	0.0000	0.0000	0.0000	0.0000	0.0000	0.0000	0.0000	0.0000	0.0000	0.0000	0.0000	0.0000	0.0000	0.0000	0.0000	0.0000	0.0000	0.0000	0.0002	0.0001	0.0000	0.0001	0.0001	0.0000	0.0001	0.0001	0.0000	0.0832	0.0467	0.0365	0.0130	0.0103	0.0027	0.0701	0.0364	0.0338	0.0000	0.0000	0.0000	0.0000	0.0000	0.0000	0.0000	0.0000	0.0000	0.0000	0.0000	0.0000	0.0000	0.0000	0.0000	0.0000	0.0000	0.0000									
29	112	0.1180	8	0	2	0	1	0	0	0	0	N	Y	N	N	N	N	N	N	N	N	N	N	0.0000	0.0000	0.0000	0.0000	0.0000	0.0000	0.0000	0.0000	0.0000	0.0000	0.0000	0.0000	0.0000	0.0000	0.0000	0.0000	0.0000	0.0000	0.0000	0.0000	0.0000	0.0000	0.0000	0.0000	-0.0000	4.0695	1.0012	11.0027	2.1373	0.0000	0.0000	0.0000	0.0000	0.0000	0.0000	0.0000	0.0000	0.0000	0.0000	0.0000	0.0000	0.0000	0.0000	0.0000	0.0000	0.0000	0.0000	0.0288	0.0252	0.0036	0.0049	0.0046	0.0002	0.0239	0.0205	0.0034	0.0594	0.0335	0.0259	0.0106	0.0092	0.0013	0.0488	0.0243	0.0245	0.0000	0.0000	0.0000	0.0000	0.0000	0.0000	0.0000	0.0000	0.0000	0.0000	0.0000	0.0000	0.0000	0.0000	0.0000	0.0000	0.0000	0.0000						
29	113	0.1264	8	0	2	0	0	0	0	0	0	N	Y	N	N	N	N	N	N	N	N	N	N	0.0000	0.0000	0.0000	0.0000	0.0000	0.0000	0.0000	0.0000	0.0000	0.0000	0.0000	0.0000	0.0000	0.0000	0.0000	0.0000	0.0000	0.0001	0.0001	0.0000	0.0004	0.0005	0.0000	0.0000	0.0000	0.0000	0.0004	0.0000	-0.0000	4.0695	0.9705	11.0027	5.0371	0.0000	0.0000	0.0000	0.0000	0.0000	0.0000	0.0000	0.0000	0.0000	0.0000	0.0000	0.0000	0.0000	0.0000	0.0000	0.0000	0.0000	0.0000	0.0328	0.0289	0.0039	0.0078	0.0075	0.0003	0.0250	0.0214	0.0036	0.0965	0.0544	0.0421	0.0134	0.0115	0.0019	0.0831	0.0429	0.0402	0.0000	0.0000	0.0000	0.0000	0.0000	0.0000	0.0000	0.0000	0.0000	0.0001	0.0001	0.0000	0.0004	0.0005	0.0000	0.0000	0.0000	0.0000		
29	114	0.1180	8	0	1	1	1	0	0	0	0	N	N	N	N	N	N	N	N	N	N	N	N	0.0000	0.0000	0.0000	0.0000	0.0000	0.0000	0.0000	0.0000	0.0000	0.0000	0.0000	0.0000	0.0000	0.0000	0.0000	0.0000	0.0000	0.0000	0.0000	0.0000	4.0695	0.0000	11.0027	1.1303	0.0000	0.0000	0.0000	0.0000	0.0000	0.0000	0.0000	0.0000	0.0000	0.0000	0.0000	0.0000	0.0000	0.0000	0.0000	0.0000	0.0000	0.0000	0.0000	0.0000	0.0000	0.0000	0.0000	0.0000	0.0000	0.0000	0.0000	0.0266	0.0153	0.0113	0.0064	0.0059	0.0005	0.0202	0.0095	0.0108	0.0000	0.0000	0.0000	0.0000	0.0000	0.0000	0.0000	0.0000	0.0000	0.0000	0.0000	0.0000	0.0000	0.0000	0.0000	0.0000	0.0000	0.0000											
29	115	0.1159	7	0	1	0	1	0	0	0	0	N	N	N	N	N	N	N	N	N	N	N	N	0.0000	0.0000	0.0000	0.0000	0.0000	0.0000	0.0000	0.0000	0.0000	0.0000	0.0000	0.0000	0.0000	0.0000	0.0000	0.0000	0.0000	0.0000	0.0000	0.0000	0.0000	0.0000	0.0000	0.0000	0.0000	0.0000	-0.0000	4.0695	0.0000	11.0027	1.2340	0.0000	0.0000	0.0000	0.0000	0.0000	0.0000	0.0000	0.0000	0.0000	0.0000	0.0000	0.0000	0.0000	0.0000	0.0000	0.0000	0.0000	0.0000	0.0000	0.0000	0.0000	0.0000	0.0000	0.0000	0.0000	0.0000	0.0000	0.0287	0.0165	0.0122	0.0063	0.0059	0.0004	0.0224	0.0106	0.0118	0.0000	0.0000	0.0000	0.0000	0.0000	0.0000	0.0000	0.0000	0.0000	0.0000	0.0000	0.0000	0.0000	0.0000	0.0000	0.0000	0.0000	0.0000				
29	116	0.1234	8	0	1	1	1	0	0	0	0	N	N	N	N	N	N	N	N	N	N	N	N	0.0000	0.0000	0.0000	0.0000	0.0000	0.0000	0.0000	0.0000	0.0000	0.0000	0.0000	0.0000	0.0000	0.0000	0.0000	0.0000	0.0000	0.0000	0.0000	-0.0000	4.0695	0.9725	11.0027	0.9874	0.0000	0.0000	0.0000	0.0000	0.0000	0.0000	0.0000	0.0000	0.0000	0.0000	0.0000	0.0000	0.0000	0.0000	0.0000	0.0000	0.0000	0.0000	0.0308	0.0272	0.0036	0.0066	0.0064	0.0002	0.0242	0.0208	0.0034	0.0341	0.0197	0.0143	0.0050	0.0043	0.0007	0.0290	0.0154	0.0136	0.0000	0.0000	0.0000	0.0000	0.0000	0.0000	0.0000	0.0000	0.0000	0.0000	0.0000	0.0000	0.0000	0.0000	0.0000	0.0000	0.0000	0.0000											
29	117	0.1234	8	0	1	1	1	0	0	0	0	N	N	N	N	N	N	N	N	N	N	N	N	0.0000	0.0000	0.0000	0.0000	0.0000	0.0000	0.0000	0.0000	0.0000	0.0000	0.0000	0.0000	0.0000	0.0000	0.0000	0.0000	0.0000	0.0000	0.0000	0.0000	0.0000	0.0000	inf	0.0000	0.0000	4.0695	0.0285	11.0027	4.0215	0.0000	0.0000	0.0000	0.0000	0.0000	0.0000	0.0000	0.0000	0.0000	0.0000	0.0000	0.0000	0.0000	0.0000	0.0000	0.0000	0.0000	0.0000	0.0031	0.0029	0.0002	0.0013	0.0013	0.0000	0.0018	0.0016	0.0002	0.0674	0.0383	0.0290	0.0091	0.0077	0.0014	0.0583	0.0307	0.0276	0.0000	0.0000	0.0000	0.0000	0.0000	0.0000	0.0000	0.0000	0.0000	0.0000	0.0000	0.0000	0.0000	0.0000	0.0000	0.0000	0.0000	0.0000						
29	118	0.1159	7	0	1	1	1	0	0	0	0	N	N	N	N	N	N	N	N	N	N	N	N	0.0000	0.0000	0.0000	0.0000	0.0000	0.0000	0.0000	0.0000	0.0000	0.0000	0.0000	0.0000	0.0000	0.0000	0.0000	0.0000	0.0000	0.0000	0.0000	0.0000	0.0000	0.0000	0.0000	0.0000	0.0000	0.0000	-0.0000	4.0695	3.0275	11.0027	2.1573	0.0000	0.0000	0.0000	0.0000	0.0000	0.0000	0.0000	0.0000	0.0000	0.0000	0.0000	0.0000	0.0000	0.0000	0.0000	0.0000	0.0000	0.0000	0.0862	0.0754	0.0108	0.0145	0.0138	0.0007	0.0717	0.0615	0.0102	0.0918	0.0512	0.0406	0.0127	0.0112	0.0016	0.0791	0.0401	0.0390	0.0000	0.0000	0.0000	0.0000	0.0000	0.0000	0.0000	0.0000	0.0000	0.0000	0.0000	0.0000	0.0000	0.0000	0.0000	0.0000	0.0000	0.0000				
29	119	0.1572	7	1	2	0	0	0	0	0	0	N	Y	N	N	N	N	N	N	N	N	N	N	0.0000	0.0000	0.0000	0.0000	0.0000	0.0000	0.0000	0.0000	0.0000	0.0000	0.0000	0.0000	0.0000	0.0000	0.0000	0.0000	0.0000	0.0030	0.0006	0.0067	0.0016	0.0016	0.0000	0.0034	0.0000	0.0069	7.8819	0.0000	0.0001	4.0695	2.1883	11.0027	3.1271	0.0000	0.0000	0.0000	0.0000	0.0000	0.0000	0.0000	0.0000	0.0000	0.0003	0.0000	0.0003	0.0000	0.0000	0.0000	0.0003	0.0000	0.0003	0.0760	0.0677	0.0083	0.0170	0.0165	0.0005	0.0590	0.0512	0.0078	0.0982	0.0594	0.0388	0.0213	0.0201	0.0011	0.0769	0.0393	0.0376	0.0000	0.0000	0.0000	0.0000	0.0000	0.0000	0.0000	0.0000	0.0000	0.0030	0.0006	0.0067	0.0016	0.0016	0.0000	0.0034	0.0000	0.0069		
29	120	0.0902	6	1	2	0	0	0	0	0	0	N	Y	N	N	N	N	N	N	N	N	N	N	0.0000	0.0000	0.0000	0.0000	0.0000	0.0000	0.0000	0.0000	0.0000	0.0000	0.0000	0.0002	0.0000	0.0000	0.0000	0.0000	0.0000	0.0002	2.2196	0.0000	4.8273	0.0001	0.0000	0.0007	2.3748	0.0000	4.8796	inf	97895.6353	0.0000	0.4568	4.0695	13.6104	11.0027	16.0982	0.0000	0.0000	0.0000	0.0000	0.0000	0.0000	0.0000	0.0000	0.0000	0.9995	0.0000	0.9995	0.0000	0.0000	0.0000	0.9995	0.0000	0.9995	0.3946	0.3455	0.0491	0.0621	0.0596	0.0024	0.3326	0.2859	0.0466	0.4503	0.2433	0.2070	0.0294	0.0272	0.0022	0.4209	0.2161	0.2048	0.0000	0.0000	0.0000	0.0000	0.0000	0.0000	0.0000	0.0000	0.0000	2.2196	0.0000	4.8273	0.0001	0.0000	0.0007	2.3748	0.0000	4.8796
29	121	0.0948	6	0	2	0	0	0	0	0	0	N	Y	N	N	N	N	N	N	N	N	N	N	3.2322	2.3768	0.0000	2.5714	2.5436	0.0000	0.0000	0.0000	0.0000	0.2225	0.2461	0.0000	0.5512	0.5578	0.0000	0.0000	0.0000	0.0000	0.0689	0.1035	0.0039	0.2144	0.2193	0.0335	0.0016	0.0000	0.0031	0.0000	0.0199	-0.0029	-0.0064	4.0695	0.3548	11.0027	4.6068	0.0076	0.0076	0.0000	0.0076	0.0076	0.0000	0.0000	0.0000	0.0000	0.0123	0.0121	0.0002	0.0121	0.0121	0.0001	0.0002	0.0000	0.0002	0.0342	0.0310	0.0033	0.0138	0.0137	0.0002	0.0204	0.0173	0.0031	0.1788	0.1166	0.0622	0.0565	0.0550	0.0015	0.1222	0.0615	0.0607	3.2322	2.3768	0.0000	2.5714	2.5436	0.0000	0.0000	0.0000	0.0000	0.0689	0.1035	0.0039	0.2144	0.2193	0.0335	0.0016	0.0000	0.0031
29	122	0.0799	5	0	2	0	0	0	0	0	0	N	Y	N	N	N	N	N	N	N	N	N	N	4.8236	2.2221	126.7816	25.2277	24.4508	1.8183	1.7469	0.0307	130.5520	0.3892	0.3177	0.9247	1.1703	1.1929	0.0002	0.1469	0.0049	0.9613	0.0807	0.1430	0.0073	0.0464	0.0488	0.0001	0.0841	0.1606	0.0074	0.3884	0.0433	-0.0027	-0.0054	4.0695	1.6911	11.0027	5.7022	0.0266	0.0191	0.0074	0.0189	0.0189	0.0000	0.0077	0.0002	0.0074	0.0107	0.0103	0.0004	0.0006	0.0006	0.0000	0.0101	0.0097	0.0004	0.0683	0.0602	0.0080	0.0162	0.0159	0.0003	0.0521	0.0444	0.0077	0.1326	0.0717	0.0609	0.0119	0.0113	0.0006	0.1207	0.0604	0.0603	4.8236	2.2221	126.7816	25.2277	24.4508	1.8183	1.7469	0.0307	130.5520	0.0807	0.1430	0.0073	0.0464	0.0488	0.0001	0.0841	0.1606	0.0074
29	124	0.1309	9	1	2	0	0	0	0	0	0	N	Y	N	N	N	N	N	N	N	N	N	N	0.0000	0.0000	0.0000	0.0000	0.0000	0.0000	0.0000	0.0000	0.0000	0.0000	0.0000	0.0000	0.0000	0.0000	0.0000	0.0000	0.0000	0.0000	0.0000	0.0000	4.0695	0.0000	11.0027	0.0000	0.0000	0.0000	0.0000	0.0000	0.0000	0.0000	0.0000	0.0000	0.0000	0.0000	0.0000	0.0000	0.0000	0.0000	0.0000	0.0000	0.0000	0.0000	0.0000	0.0000	0.0000	0.0000	0.0000	0.0000	0.0000	0.0000	0.0000	0.0000	0.0000	0.0000	0.0000	0.0000	0.0000	0.0000	0.0000	0.0000	0.0000	0.0000	0.0000	0.0000	0.0000	0.0000	0.0000	0.0000	0.0000	0.0000	0.0000	0.0000	0.0000	0.0000	0.0000	0.0000	0.0000	0.0000											
29	125	0.1264	8	1	2	0	0	0	0	0	0	N	Y	N	N	N	N	N	N	N	N	N	N	0.0000	0.0000	0.0000	0.0000	0.0000	0.0000	0.0000	0.0000	0.0000	0.0000	0.0000	0.0000	0.0000	0.0000	0.0000	0.0000	0.0000	0.0006	0.0002	0.0012	0.0022	0.0008	0.0143	0.0003	0.0000	0.0006	4.1390	0.0000	0.0000	4.0695	0.1434	11.0027	1.9839	0.0000	0.0000	0.0000	0.0000	0.0000	0.0000	0.0000	0.0000	0.0000	0.0000	0.0000	0.0000	0.0000	0.0000	0.0000	0.0000	0.0000	0.0000	0.0090	0.0081	0.0009	0.0037	0.0036	0.0001	0.0053	0.0046	0.0008	0.0381	0.0222	0.0159	0.0065	0.0058	0.0007	0.0316	0.0163	0.0152	0.0000	0.0000	0.0000	0.0000	0.0000	0.0000	0.0000	0.0000	0.0000	0.0006	0.0002	0.0012	0.0022	0.0008	0.0143	0.0003	0.0000	0.0006		
29	126	0.1159	7	0	2	0	0	0	0	0	0	N	Y	N	N	N	N	N	N	N	N	N	N	0.0000	0.0000	0.0000	0.0000	0.0000	0.0000	0.0000	0.0000	0.0000	0.0000	0.0000	0.0000	0.0000	0.0000	0.0000	0.0000	0.0000	0.0000	0.0146	0.0262	0.0000	0.1038	0.1178	0.0002	0.0000	0.0000	0.0000	0.0004	0.0000	-0.0007	4.0695	1.8882	11.0027	2.9115	0.0000	0.0000	0.0000	0.0000	0.0000	0.0000	0.0000	0.0000	0.0000	0.0013	0.0013	0.0000	0.0013	0.0013	0.0000	0.0000	0.0000	0.0000	0.0541	0.0473	0.0068	0.0091	0.0087	0.0004	0.0450	0.0386	0.0064	0.0858	0.0479	0.0379	0.0121	0.0107	0.0014	0.0737	0.0372	0.0364	0.0000	0.0000	0.0000	0.0000	0.0000	0.0000	0.0000	0.0000	0.0000	0.0146	0.0262	0.0000	0.1038	0.1178	0.0002	0.0000	0.0000	0.0000	
29	127	0.0902	6	0	1	0	0	0	0	0	0	N	N	N	N	N	N	N	N	N	N	N	N	0.5467	0.0000	12289.8327	0.0000	0.0000	0.0000	2291.1725	0.0000	25489.7364	0.0001	0.0000	0.0007	0.0000	0.0000	0.0000	0.0001	0.0000	0.0007	0.0001	0.0003	0.0000	0.0020	0.0021	0.0000	0.0000	0.0000	0.0000	inf	0.0002	0.0000	-0.0000	4.0695	3.5543	11.0027	9.0319	0.0000	0.0000	0.0000	0.0000	0.0000	0.0000	0.0000	0.0000	0.0000	0.0000	0.0000	0.0000	0.0000	0.0000	0.0000	0.0000	0.0000	0.0000	0.1270	0.1121	0.0150	0.0266	0.0259	0.0007	0.1005	0.0862	0.0143	0.2087	0.1130	0.0957	0.0153	0.0143	0.0010	0.1934	0.0987	0.0947	0.5467	0.0000	12289.8327	0.0000	0.0000	0.0000	2291.1725	0.0000	25489.7364	0.0001	0.0003	0.0000	0.0020	0.0021	0.0000	0.0000	0.0000	0.0000
30	32	0.1104	10	0	2	1	1	0	0	0	0	N	Y	N	N	N	N	N	N	N	N	N	N	0.0000	0.0000	0.0000	0.0000	0.0000	0.0000	0.0000	0.0000	0.0000	0.0000	0.0000	0.0000	0.0000	0.0000	0.0000	0.0000	0.0000	0.2394	0.0004	0.6075	0.0000	0.0000	0.0000	0.3330	0.0007	0.6436	1056.8658	0.0000	0.0096	0.0021	4.3545	3.0281	19.4857	0.0000	0.0000	0.0000	0.0000	0.0000	0.0000	0.0000	0.0000	0.0000	0.0212	0.0000	0.0211	0.0000	0.0000	0.0000	0.0212	0.0000	0.0211	0.0002	0.0002	0.0000	0.0001	0.0001	0.0000	0.0001	0.0001	0.0000	0.0884	0.0536	0.0348	0.0248	0.0229	0.0020	0.0635	0.0307	0.0328	0.0000	0.0000	0.0000	0.0000	0.0000	0.0000	0.0000	0.0000	0.0000	0.2394	0.0004	0.6075	0.0000	0.0000	0.0000	0.3330	0.0007	0.6436		
30	33	0.1547	14	1	2	1	1	0	0	0	0	N	Y	N	N	N	N	N	N	N	N	N	N	0.0000	0.0000	0.0000	0.0000	0.0000	0.0000	0.0000	0.0000	0.0000	0.0000	0.0000	0.0000	0.0000	0.0000	0.0000	0.0000	0.0000	0.0000	0.0000	0.0000	0.0021	0.0000	3.0281	0.0000	0.0000	0.0000	0.0000	0.0000	0.0000	0.0000	0.0000	0.0000	0.0000	0.0000	0.0000	0.0000	0.0000	0.0000	0.0000	0.0000	0.0000	0.0000	0.0000	0.0000	0.0000	0.0000	0.0000	0.0000	0.0000	0.0000	0.0000	0.0000	0.0000	0.0000	0.0000	0.0000	0.0000	0.0000	0.0000	0.0000	0.0000	0.0000	0.0000	0.0000	0.0000	0.0000	0.0000	0.0000	0.0000	0.0000	0.0000	0.0000	0.0000	0.0000	0.0000	0.0000	0.0000	0.0000											
30	34	0.0490	6	0	2	1	2	0	0	0	0	N	Y	N	Y	N	N	N	N	N	N	N	N	2341.6126	1489.9322	0.0000	1546.0648	1471.0816	5518780.5111	inf	0.0000	6.0074	6.5877	0.0000	17.4187	17.4880	0.0000	0.1671	0.1923	0.0000	0.0026	0.0044	0.0000	0.0113	0.0119	0.0000	0.0000	0.0000	0.0000	0.0000	0.0000	-0.0006	-0.0001	0.0021	6.4588	3.0281	12.7561	0.0016	0.0016	0.0000	0.0016	0.0016	0.0000	0.0000	0.0000	0.0000	0.0002	0.0002	0.0000	0.0002	0.0002	0.0000	0.0000	0.0000	0.0000	0.0003	0.0002	0.0000	0.0001	0.0001	0.0000	0.0002	0.0002	0.0000	0.0855	0.0496	0.0359	0.0195	0.0185	0.0010	0.0661	0.0312	0.0349	2341.6126	1489.9322	0.0000	1546.0648	1471.0816	0.0000	5518780.5111	inf	0.0000	0.0026	0.0044	0.0000	0.0113	0.0119	0.0000	0.0000	0.0000	0.0000	
30	35	0.0434	5	0	1	1	1	0	0	0	0	N	N	N	N	N	N	N	N	N	N	N	N	0.2144	0.7248	0.0103	0.8918	0.8876	0.0000	0.0228	4.4242	0.0108	0.0012	0.0013	0.0001	0.0030	0.0030	0.0000	0.0001	0.0002	0.0001	0.0055	0.0018	0.0109	0.0033	0.0034	0.0001	0.0064	0.0000	0.0111	0.0085	4.2303	-0.0000	0.0001	0.0021	2.5642	3.0281	2.5472	0.0000	0.0000	0.0000	0.0000	0.0000	0.0000	0.0000	0.0000	0.0000	0.0002	0.0000	0.0002	0.0000	0.0000	0.0000	0.0002	0.0000	0.0002	0.0001	0.0001	0.0000	0.0000	0.0000	0.0000	0.0001	0.0001	0.0000	0.0371	0.0221	0.0151	0.0116	0.0113	0.0002	0.0256	0.0108	0.0148	0.2144	0.7248	0.0103	0.8918	0.8876	0.0000	0.0228	4.4242	0.0108	0.0055	0.0018	0.0109	0.0033	0.0034	0.0001	0.0064	0.0000	0.0111
30	36	0.0701	8	0	1	2	1	0	0	0	0	N	N	Y	N	N	N	N	N	N	N	N	N	0.0000	0.0000	0.0000	0.0000	0.0000	0.0000	0.0000	0.0000	0.0000	0.0000	0.0000	0.0000	0.0000	0.0000	0.0000	0.0000	0.0000	0.0000	0.0000	0.0000	0.0021	1.0000	3.0281	2.0003	0.0000	0.0000	0.0000	0.0000	0.0000	0.0000	0.0000	0.0000	0.0000	0.0000	0.0000	0.0000	0.0000	0.0000	0.0000	0.0000	0.0000	0.0000	0.0000	0.0000	0.0000	0.0000	0.0000	0.0000	0.0000	0.0000	0.0000	0.0116	0.0068	0.0048	0.0028	0.0025	0.0003	0.0088	0.0043	0.0045	0.0000	0.0000	0.0000	0.0000	0.0000	0.0000	0.0000	0.0000	0.0000	0.0000	0.0000	0.0000	0.0000	0.0000	0.0000	0.0000	0.0000	0.0000											
30	37	0.0523	7	0	2	1	1	0	0	0	0	N	Y	N	N	N	N	N	N	N	N	N	N	56.1177	0.0000	186.6463	51.7565	0.0000	1168.7563	66.5383	201.9230	0.3269	0.0000	2.5850	0.0498	0.0000	0.9630	0.4935	0.0000	2.8790	0.0058	0.0004	0.0138	0.0010	0.0010	0.0008	0.0074	0.0000	0.0143	inf	24.6640	0.0000	0.0001	0.0021	1.9619	3.0281	8.3400	0.0000	0.0000	0.0000	0.0000	0.0000	0.0000	0.0000	0.0000	0.0000	0.0003	0.0000	0.0003	0.0000	0.0000	0.0000	0.0003	0.0000	0.0003	0.0001	0.0001	0.0000	0.0000	0.0000	0.0000	0.0001	0.0000	0.0000	0.0514	0.0306	0.0208	0.0127	0.0120	0.0006	0.0387	0.0186	0.0201	56.1177	0.0000	186.6463	51.7565	0.0000	1168.7563	66.5383	0.0000	201.9230	0.0058	0.0004	0.0138	0.0010	0.0010	0.0008	0.0074	0.0000	0.0143	
30	38	0.1827	16	1	1	2	1	0	0	0	0	N	N	Y	N	N	N	N	N	N	N	N	N	0.0000	0.0000	0.0000	0.0000	0.0000	0.0000	0.0000	0.0000	0.0000	0.0000	0.0000	0.0000	0.0000	0.0000	0.0000	0.0084	0.0133	0.0000	0.0258	0.0280	0.0000	0.0000	0.0000	0.0000	0.0000	0.0000	-0.0001	0.0021	0.0095	3.0281	5.0631	0.0000	0.0000	0.0000	0.0000	0.0000	0.0000	0.0000	0.0000	0.0000	0.0002	0.0002	0.0000	0.0002	0.0002	0.0000	0.0000	0.0000	0.0000	0.0000	0.0000	0.0000	0.0000	0.0000	0.0000	0.0000	0.0000	0.0000	0.0208	0.0132	0.0076	0.0068	0.0063	0.0005	0.0140	0.0069	0.0071	0.0000	0.0000	0.0000	0.0000	0.0000	0.0000	0.0000	0.0000	0.0000	0.0084	0.0133	0.0000	0.0258	0.0280	0.0000	0.0000	0.0000	0.0000				
30	39	0.0291	2	0	2	1	1	0	0	0	0	N	Y	N	N	N	N	N	N	N	N	N	N	1109.3561	10170.7573	962.6677	5213.9444	4984.5138	0.0000	656.3284	949.8458	0.2060	0.1574	0.3802	0.3176	0.3179	0.0000	0.1352	0.0000	0.3807	0.0002	0.0000	0.0004	0.0001	0.0001	0.0000	0.0002	0.0000	0.0004	0.6723	20.7440	0.0000	0.0000	0.0021	1.1272	3.0281	11.0864	0.0000	0.0000	0.0000	0.0000	0.0000	0.0000	0.0000	0.0000	0.0000	0.0000	0.0000	0.0000	0.0000	0.0000	0.0000	0.0000	0.0000	0.0000	0.0001	0.0001	0.0000	0.0000	0.0000	0.0000	0.0000	0.0000	0.0000	0.0521	0.0287	0.0234	0.0073	0.0070	0.0003	0.0448	0.0218	0.0230	1109.3561	10170.7573	962.6677	5213.9444	4984.5138	0.0000	656.3284	0.0000	949.8458	0.0002	0.0000	0.0004	0.0001	0.0001	0.0000	0.0002	0.0000	0.0004	
30	41	0.0361	5	0	2	1	2	0	0	0	0	N	Y	N	Y	N	N	N	N	N	N	N	N	333.9426	0.0000	1627.2847	0.0000	0.0000	0.0000	443.7738	1604.6895	0.0712	0.0000	0.7451	0.0000	0.0000	0.0000	0.1061	0.0000	0.7517	0.0002	0.0000	0.0005	0.0001	0.0001	0.0000	0.0002	0.0000	0.0005	inf	18.8396	0.0000	0.0000	0.0021	10.0333	3.0281	21.8674	0.0000	0.0000	0.0000	0.0000	0.0000	0.0000	0.0000	0.0000	0.0000	0.0000	0.0000	0.0000	0.0000	0.0000	0.0000	0.0000	0.0000	0.0000	0.0004	0.0004	0.0000	0.0001	0.0001	0.0000	0.0003	0.0002	0.0000	0.1189	0.0663	0.0525	0.0183	0.0171	0.0012	0.1006	0.0493	0.0513	333.9426	0.0000	1627.2847	0.0000	0.0000	0.0000	443.7738	0.0000	1604.6895	0.0002	0.0000	0.0005	0.0001	0.0001	0.0000	0.0002	0.0000	0.0005	
30	42	0.1827	16	1	1	2	1	0	0	0	0	N	N	Y	N	N	N	N	N	N	N	N	N	0.0000	0.0000	0.0000	0.0000	0.0000	0.0000	0.0000	0.0000	0.0000	0.0000	0.0000	0.0000	0.0000	0.0000	0.0000	0.0000	0.0000	0.0000	0.0079	0.0001	0.0219	0.0001	0.0001	0.0000	0.0120	0.0000	0.0234	217.0384	0.0000	0.0000	0.0021	0.9968	3.0281	1.9513	0.0000	0.0000	0.0000	0.0000	0.0000	0.0000	0.0000	0.0000	0.0000	0.0001	0.0000	0.0001	0.0000	0.0000	0.0000	0.0001	0.0000	0.0001	0.0000	0.0000	0.0000	0.0000	0.0000	0.0000	0.0000	0.0000	0.0000	0.0132	0.0084	0.0048	0.0045	0.0042	0.0003	0.0087	0.0042	0.0044	0.0000	0.0000	0.0000	0.0000	0.0000	0.0000	0.0000	0.0000	0.0000	0.0079	0.0001	0.0219	0.0001	0.0001	0.0000	0.0120	0.0000	0.0234	
30	43	0.1695	15	1	1	2	1	0	0	0	0	N	N	Y	N	N	N	N	N	N	N	N	N	0.0000	0.0000	0.0000	0.0000	0.0000	0.0000	0.0000	0.0000	0.0000	0.0000	0.0000	0.0000	0.0000	0.0000	0.0000	0.0000	0.0000	0.0000	0.0002	0.0000	0.0006	0.0001	0.0001	0.0000	0.0003	0.0000	0.0006	11.7515	0.0000	0.0000	0.0021	5.0018	3.0281	1.7716	0.0000	0.0000	0.0000	0.0000	0.0000	0.0000	0.0000	0.0000	0.0000	0.0000	0.0000	0.0000	0.0000	0.0000	0.0000	0.0000	0.0000	0.0000	0.0002	0.0001	0.0000	0.0001	0.0001	0.0000	0.0001	0.0001	0.0000	0.0275	0.0167	0.0107	0.0090	0.0082	0.0008	0.0184	0.0085	0.0100	0.0000	0.0000	0.0000	0.0000	0.0000	0.0000	0.0000	0.0000	0.0000	0.0002	0.0000	0.0006	0.0001	0.0001	0.0000	0.0003	0.0000	0.0006	
30	44	0.1727	16	1	1	2	1	0	0	0	0	N	N	Y	N	N	N	N	N	N	N	N	N	228887.6852	166301.4039	0.0000	0.0000	inf	inf	0.1961	0.2212	0.0000	0.0000	0.0000	0.0000	0.4592	0.5405	0.0000	0.0000	0.0000	0.0000	0.0000	0.0000	0.0000	0.0000	0.0000	0.0000	0.0000	0.0205	-0.0000	-0.0000	0.0021	4.9860	3.0281	2.3663	0.0000	0.0000	0.0000	0.0000	0.0000	0.0000	0.0000	0.0000	0.0000	0.0000	0.0000	0.0000	0.0000	0.0000	0.0000	0.0000	0.0000	0.0000	0.0002	0.0001	0.0000	0.0001	0.0001	0.0000	0.0001	0.0001	0.0000	0.0348	0.0219	0.0128	0.0124	0.0115	0.0009	0.0224	0.0104	0.0120	228887.6852	166301.4039	0.0000	0.0000	0.0000	0.0000	inf	inf	0.0000	0.0000	0.0000	0.0000	0.0000	0.0000	0.0000	0.0000	0.0000	0.0000			
30	45	0.1695	15	1	1	1	1	0	0	0	0	N	N	N	N	N	N	N	N	N	N	N	N	2.4006	604.1792	0.0000	0.0000	0.0000	3.4704	1489.0578	0.0000	0.0074	0.0082	0.0000	0.0000	0.0000	0.0000	0.0166	0.0196	0.0000	0.0031	0.0000	0.0075	0.0000	0.0000	0.0000	0.0048	0.0000	0.0080	0.0000	378.7189	-0.0000	0.0000	0.0021	0.0225	3.0281	1.9333	0.0000	0.0000	0.0000	0.0000	0.0000	0.0000	0.0000	0.0000	0.0000	0.0000	0.0000	0.0000	0.0000	0.0000	0.0000	0.0000	0.0000	0.0000	0.0000	0.0000	0.0000	0.0000	0.0000	0.0000	0.0000	0.0000	0.0000	0.0098	0.0058	0.0040	0.0035	0.0033	0.0002	0.0063	0.0025	0.0037	2.4006	604.1792	0.0000	0.0000	0.0000	0.0000	3.4704	1489.0578	0.0000	0.0031	0.0000	0.0075	0.0000	0.0000	0.0000	0.0048	0.0000	0.0080	
30	46	0.1666	14	1	1	1	1	0	0	0	0	N	N	N	N	N	N	N	N	N	N	N	N	21.7304	1148.3146	0.0000	793.4873	917.4424	0.0000	0.0000	0.0000	0.0059	0.0067	0.0000	0.0104	0.0114	0.0000	0.0000	0.0000	0.0000	0.0003	0.0000	0.0007	0.0000	0.0000	0.0000	0.0004	0.0000	0.0008	0.0000	74.9143	-0.0000	0.0000	0.0021	1.0095	3.0281	0.3555	0.0000	0.0000	0.0000	0.0000	0.0000	0.0000	0.0000	0.0000	0.0000	0.0000	0.0000	0.0000	0.0000	0.0000	0.0000	0.0000	0.0000	0.0000	0.0000	0.0000	0.0000	0.0000	0.0000	0.0000	0.0000	0.0000	0.0000	0.0054	0.0033	0.0021	0.0017	0.0016	0.0002	0.0037	0.0017	0.0019	21.7304	1148.3146	0.0000	793.4873	917.4424	0.0000	0.0000	0.0000	0.0000	0.0003	0.0000	0.0007	0.0000	0.0000	0.0000	0.0004	0.0000	0.0008	
30	47	0.0523	7	0	1	2	1	0	0	0	0	N	N	Y	N	N	N	N	N	N	N	N	N	2257.7345	1496.1694	0.0000	5878.9190	5784.1735	0.0000	0.0000	0.0000	0.0000	11.8281	13.3573	0.0000	32.7071	33.9808	0.0000	0.0000	0.0000	0.0000	0.0052	0.0089	0.0000	0.0056	0.0059	0.0005	0.0051	0.0107	0.0000	0.0000	0.0027	-0.0006	-0.0002	0.0021	3.0460	3.0281	11.9126	0.0016	0.0016	0.0000	0.0016	0.0016	0.0000	0.0000	0.0000	0.0000	0.0004	0.0004	0.0000	0.0001	0.0001	0.0000	0.0003	0.0003	0.0000	0.0001	0.0001	0.0000	0.0000	0.0000	0.0000	0.0001	0.0001	0.0000	0.0674	0.0395	0.0280	0.0151	0.0142	0.0009	0.0523	0.0252	0.0271	2257.7345	1496.1694	0.0000	5878.9190	5784.1735	0.0000	0.0000	0.0000	0.0000	0.0052	0.0089	0.0000	0.0056	0.0059	0.0005	0.0051	0.0107	0.0000
30	48	0.0389	6	0	1	1	1	0	0	0	0	N	N	N	N	N	N	N	N	N	N	N	N	50.3907	55.6122	83.5081	58.4464	56.6009	0.0000	31.1855	0.0000	82.3596	0.0881	0.0696	0.2074	0.1722	0.1726	0.0000	0.0427	0.0000	0.2088	0.0017	0.0013	0.0025	0.0029	0.0030	0.0000	0.0014	0.0001	0.0025	0.4601	1.3350	-0.0000	0.0000	0.0021	1.1082	3.0281	5.8288	0.0000	0.0000	0.0000	0.0000	0.0000	0.0000	0.0000	0.0000	0.0000	0.0001	0.0000	0.0000	0.0000	0.0000	0.0000	0.0000	0.0000	0.0000	0.0001	0.0000	0.0000	0.0000	0.0000	0.0000	0.0000	0.0000	0.0000	0.0367	0.0219	0.0148	0.0088	0.0085	0.0003	0.0279	0.0134	0.0145	50.3907	55.6122	83.5081	58.4464	56.6009	0.0000	31.1855	0.0000	82.3596	0.0017	0.0013	0.0025	0.0029	0.0030	0.0000	0.0014	0.0001	0.0025
30	49	0.0701	8	0	2	1	1	0	0	0	0	N	Y	N	N	N	N	N	N	N	N	N	N	0.0000	0.0000	0.0000	0.0000	0.0000	0.0000	0.0000	0.0000	0.0000	0.0000	0.0000	0.0000	0.0000	0.0000	0.0000	0.0000	0.0000	0.0000	0.0000	0.0000	0.0021	0.0000	3.0281	2.0001	0.0000	0.0000	0.0000	0.0000	0.0000	0.0000	0.0000	0.0000	0.0000	0.0000	0.0000	0.0000	0.0000	0.0000	0.0000	0.0000	0.0000	0.0000	0.0000	0.0000	0.0000	0.0000	0.0000	0.0000	0.0000	0.0000	0.0000	0.0078	0.0045	0.0032	0.0019	0.0017	0.0002	0.0059	0.0029	0.0030	0.0000	0.0000	0.0000	0.0000	0.0000	0.0000	0.0000	0.0000	0.0000	0.0000	0.0000	0.0000	0.0000	0.0000	0.0000	0.0000	0.0000	0.0000											
30	50	0.2021	19	1	2	2	1	0	0	0	0	N	Y	Y	N	N	N	N	N	N	N	N	N	0.0000	0.0000	0.0000	0.0000	0.0000	0.0000	0.0000	0.0000	0.0000	0.0000	0.0000	0.0000	0.0000	0.0000	0.0000	0.0000	0.0000	0.0000	0.0000	0.0000	0.0021	0.0000	3.0281	1.7047	0.0000	0.0000	0.0000	0.0000	0.0000	0.0000	0.0000	0.0000	0.0000	0.0000	0.0000	0.0000	0.0000	0.0000	0.0000	0.0000	0.0000	0.0000	0.0000	0.0000	0.0000	0.0000	0.0000	0.0000	0.0000	0.0000	0.0000	0.0120	0.0092	0.0028	0.0050	0.0048	0.0003	0.0069	0.0044	0.0025	0.0000	0.0000	0.0000	0.0000	0.0000	0.0000	0.0000	0.0000	0.0000	0.0000	0.0000	0.0000	0.0000	0.0000	0.0000	0.0000	0.0000	0.0000											
30	51	0.2021	19	1	2	2	1	0	0	0	0	N	Y	Y	N	N	N	N	N	N	N	N	N	0.0000	0.0000	0.0000	0.0000	0.0000	0.0000	0.0000	0.0000	0.0000	0.0000	0.0000	0.0000	0.0000	0.0000	0.0000	0.0000	0.0000	0.0000	0.0000	0.0000	0.0021	0.0000	3.0281	0.2953	0.0000	0.0000	0.0000	0.0000	0.0000	0.0000	0.0000	0.0000	0.0000	0.0000	0.0000	0.0000	0.0000	0.0000	0.0000	0.0000	0.0000	0.0000	0.0000	0.0000	0.0000	0.0000	0.0000	0.0000	0.0000	0.0000	0.0000	0.0070	0.0061	0.0009	0.0034	0.0033	0.0000	0.0037	0.0028	0.0009	0.0000	0.0000	0.0000	0.0000	0.0000	0.0000	0.0000	0.0000	0.0000	0.0000	0.0000	0.0000	0.0000	0.0000	0.0000	0.0000	0.0000	0.0000											
30	52	0.1993	18	1	2	2	1	0	0	0	0	N	Y	Y	N	N	N	N	N	N	N	N	N	0.0000	0.0000	0.0000	0.0000	0.0000	0.0000	0.0000	0.0000	0.0000	0.0000	0.0000	0.0000	0.0000	0.0000	0.0000	0.0000	0.0000	0.0000	0.0000	0.0000	0.0021	0.0001	3.0281	1.7968	0.0000	0.0000	0.0000	0.0000	0.0000	0.0000	0.0000	0.0000	0.0000	0.0000	0.0000	0.0000	0.0000	0.0000	0.0000	0.0000	0.0000	0.0000	0.0000	0.0000	0.0000	0.0000	0.0000	0.0000	0.0000	0.0000	0.0000	0.0091	0.0061	0.0031	0.0035	0.0032	0.0002	0.0057	0.0028	0.0029	0.0000	0.0000	0.0000	0.0000	0.0000	0.0000	0.0000	0.0000	0.0000	0.0000	0.0000	0.0000	0.0000	0.0000	0.0000	0.0000	0.0000	0.0000											
30	53	0.1810	12	1	2	1	1	0	0	0	0	N	Y	N	N	N	N	N	N	N	N	N	N	0.0000	0.0000	0.0000	0.0000	0.0000	0.0000	0.0000	0.0000	0.0000	0.0000	0.0000	0.0000	0.0000	0.0000	0.0000	0.0000	0.0000	0.0000	0.0000	0.0000	0.0000	0.0000	0.0000	0.0000	0.0000	0.4848	-0.0000	-0.0000	0.0021	1.8240	3.0281	0.8872	0.0000	0.0000	0.0000	0.0000	0.0000	0.0000	0.0000	0.0000	0.0000	0.0000	0.0000	0.0000	0.0000	0.0000	0.0000	0.0000	0.0000	0.0000	0.0001	0.0001	0.0000	0.0000	0.0000	0.0000	0.0000	0.0000	0.0000	0.0136	0.0087	0.0049	0.0047	0.0044	0.0003	0.0089	0.0043	0.0046	0.0000	0.0000	0.0000	0.0000	0.0000	0.0000	0.0000	0.0000	0.0000	0.0000	0.0000	0.0000	0.0000	0.0000	0.0000	0.0000	0.0000	0.0000			
30	54	0.1000	10	0	2	1	2	0	0	0	0	N	Y	N	Y	N	N	N	N	N	N	N	N	0.0000	0.0000	0.0000	0.0000	0.0000	0.0000	0.0000	0.0000	0.0000	0.0000	0.0000	0.0000	0.0000	0.0000	0.0000	0.0000	0.0000	0.0000	0.0000	0.0000	0.0021	0.0007	3.0281	4.7762	0.0000	0.0000	0.0000	0.0000	0.0000	0.0000	0.0000	0.0000	0.0000	0.0000	0.0000	0.0000	0.0000	0.0000	0.0000	0.0000	0.0000	0.0000	0.0000	0.0000	0.0000	0.0000	0.0000	0.0000	0.0000	0.0000	0.0000	0.0206	0.0127	0.0079	0.0060	0.0056	0.0005	0.0146	0.0071	0.0075	0.0000	0.0000	0.0000	0.0000	0.0000	0.0000	0.0000	0.0000	0.0000	0.0000	0.0000	0.0000	0.0000	0.0000	0.0000	0.0000	0.0000	0.0000											
30	55	0.1000	10	0	1	1	2	0	0	0	0	N	N	N	Y	N	N	N	N	N	N	N	N	0.0000	0.0000	0.0000	0.0000	0.0000	0.0000	0.0000	0.0000	0.0000	0.0000	0.0000	0.0000	0.0000	0.0000	0.0000	0.0000	0.0000	0.0000	0.0000	0.0000	0.0021	0.0007	3.0281	3.2259	0.0000	0.0000	0.0000	0.0000	0.0000	0.0000	0.0000	0.0000	0.0000	0.0000	0.0000	0.0000	0.0000	0.0000	0.0000	0.0000	0.0000	0.0000	0.0000	0.0000	0.0000	0.0000	0.0000	0.0000	0.0000	0.0000	0.0000	0.0150	0.0094	0.0056	0.0046	0.0043	0.0003	0.0104	0.0051	0.0052	0.0000	0.0000	0.0000	0.0000	0.0000	0.0000	0.0000	0.0000	0.0000	0.0000	0.0000	0.0000	0.0000	0.0000	0.0000	0.0000	0.0000	0.0000											
30	56	0.0957	9	0	1	1	2	0	0	0	0	N	N	N	Y	N	N	N	N	N	N	N	N	0.0000	0.0000	0.0000	0.0000	0.0000	0.0000	0.0000	0.0000	0.0000	0.0000	0.0000	0.0000	0.0000	0.0000	0.0000	0.0000	0.0000	0.0000	0.0000	0.0000	0.0000	0.0000	0.0135	0.0000	-0.0000	0.0021	0.9953	3.0281	1.3904	0.0000	0.0000	0.0000	0.0000	0.0000	0.0000	0.0000	0.0000	0.0000	0.0000	0.0000	0.0000	0.0000	0.0000	0.0000	0.0000	0.0000	0.0000	0.0000	0.0000	0.0000	0.0000	0.0000	0.0000	0.0000	0.0000	0.0000	0.0116	0.0074	0.0041	0.0036	0.0034	0.0002	0.0079	0.0040	0.0039	0.0000	0.0000	0.0000	0.0000	0.0000	0.0000	0.0000	0.0000	0.0000	0.0000	0.0000	0.0000	0.0000	0.0000	0.0000	0.0000	0.0000	0.0000						
30	57	0.0890	8	0	1	1	2	0	0	0	0	N	N	N	Y	N	N	N	N	N	N	N	N	0.0000	0.0000	0.0000	0.0000	0.0000	0.0000	0.0000	0.0000	0.0000	0.0000	0.0000	0.0000	0.0000	0.0000	0.0000	0.0000	0.0000	0.0000	0.0000	0.0000	0.0000	0.0000	0.0000	0.0000	0.0000	0.8232	0.0000	-0.0000	0.0021	0.0068	3.0281	3.2797	0.0000	0.0000	0.0000	0.0000	0.0000	0.0000	0.0000	0.0000	0.0000	0.0000	0.0000	0.0000	0.0000	0.0000	0.0000	0.0000	0.0000	0.0000	0.0000	0.0000	0.0000	0.0000	0.0000	0.0000	0.0000	0.0000	0.0000	0.0147	0.0088	0.0059	0.0043	0.0040	0.0003	0.0103	0.0047	0.0056	0.0000	0.0000	0.0000	0.0000	0.0000	0.0000	0.0000	0.0000	0.0000	0.0000	0.0000	0.0000	0.0000	0.0000	0.0000	0.0000	0.0000	0.0000			
30	58	0.0478	7	0	1	1	2	0	0	0	0	N	N	N	Y	N	N	N	N	N	N	N	N	13.5025	8.9514	0.0000	8.3050	7.9908	0.0000	0.0000	0.0000	0.0041	0.0046	0.0000	0.0117	0.0118	0.0000	0.0000	0.0000	0.0000	0.0003	0.0005	0.0000	0.0014	0.0015	0.0004	0.0000	0.0000	0.0000	0.0000	0.0421	-0.0000	-0.0000	0.0021	5.8573	3.0281	13.1443	0.0000	0.0000	0.0000	0.0000	0.0000	0.0000	0.0000	0.0000	0.0000	0.0000	0.0000	0.0000	0.0000	0.0000	0.0000	0.0000	0.0000	0.0000	0.0002	0.0002	0.0000	0.0001	0.0001	0.0000	0.0002	0.0001	0.0000	0.0779	0.0449	0.0330	0.0166	0.0155	0.0011	0.0613	0.0294	0.0319	13.5025	8.9514	0.0000	8.3050	7.9908	0.0000	0.0000	0.0000	0.0000	0.0003	0.0005	0.0000	0.0014	0.0015	0.0004	0.0000	0.0000	0.0000	
30	59	0.1994	19	0	2	2	1	0	0	0	0	N	Y	Y	N	N	N	N	N	N	N	N	N	702.4709	536.1898	0.0000	570.4507	537.6907	0.0000	0.0000	0.0391	0.0456	0.0000	0.0922	0.0948	0.0000	0.0000	0.0000	0.0000	0.0001	0.0001	0.0000	0.0002	0.0002	0.0000	0.0000	0.0000	0.0000	0.0000	0.0016	-0.0000	-0.0000	0.0021	0.9979	3.0281	4.0614	0.0000	0.0000	0.0000	0.0000	0.0000	0.0000	0.0000	0.0000	0.0000	0.0000	0.0000	0.0000	0.0000	0.0000	0.0000	0.0000	0.0000	0.0000	0.0000	0.0000	0.0000	0.0000	0.0000	0.0000	0.0000	0.0000	0.0000	0.0212	0.0139	0.0074	0.0073	0.0067	0.0006	0.0139	0.0072	0.0068	702.4709	536.1898	0.0000	570.4507	537.6907	0.0000	0.0000	0.0000	0.0000	0.0001	0.0001	0.0000	0.0002	0.0002	0.0000	0.0000	0.0000	0.0000		
30	60	0.1910	18	0	2	1	1	0	0	0	0	N	Y	N	N	N	N	N	N	N	N	N	N	208834.2797	175591.8153	0.0000	602501.0837	570338.2593	0.0000	0.0000	0.0000	18.6700	20.9028	0.0000	45.8304	47.0952	0.0000	0.0000	0.0000	0.0000	0.0001	0.0001	0.0000	0.0001	0.0001	0.0000	0.0001	0.0002	0.0000	0.0000	0.1524	-0.0006	-0.0000	0.0021	2.2356	3.0281	2.2044	0.0016	0.0016	0.0000	0.0016	0.0016	0.0000	0.0000	0.0000	0.0000	0.0000	0.0000	0.0000	0.0000	0.0000	0.0000	0.0000	0.0000	0.0000	0.0001	0.0001	0.0000	0.0000	0.0000	0.0000	0.0001	0.0000	0.0000	0.0187	0.0122	0.0065	0.0064	0.0059	0.0005	0.0123	0.0063	0.0060	208834.2797	175591.8153	0.0000	602501.0837	570338.2593	0.0000	0.0000	0.0000	0.0000	0.0001	0.0001	0.0000	0.0001	0.0001	0.0000	0.0001	0.0002	0.0000	
30	61	0.1704	16	1	1	2	1	0	0	0	0	N	N	Y	N	N	N	N	N	N	N	N	N	0.0000	0.0000	0.0000	0.0000	0.0000	0.0000	0.0000	0.0000	0.0000	0.0000	0.0000	0.0000	0.0000	0.0000	0.0000	0.0000	0.0000	1.3890	2.2578	0.0000	5.1061	4.9743	0.0000	0.0000	0.0000	0.0000	0.0000	0.0000	-0.0254	0.0021	2.0703	3.0281	7.0012	0.0000	0.0000	0.0000	0.0000	0.0000	0.0000	0.0000	0.0000	0.0000	0.0468	0.0468	0.0000	0.0468	0.0468	0.0000	0.0000	0.0000	0.0000	0.0001	0.0001	0.0000	0.0000	0.0000	0.0000	0.0000	0.0000	0.0000	0.0337	0.0207	0.0130	0.0107	0.0097	0.0010	0.0230	0.0111	0.0120	0.0000	0.0000	0.0000	0.0000	0.0000	0.0000	0.0000	0.0000	0.0000	1.3890	2.2578	0.0000	4.3742	4.8363	0.0000	0.0000	0.0000	0.0000		
30	62	0.1688	15	0	1	1	1	0	0	0	0	N	N	N	N	N	N	N	N	N	N	N	N	0.0000	0.0000	0.0000	0.0000	0.0000	0.0000	0.0000	0.0000	0.0000	0.0000	0.0000	0.0000	0.0000	0.0000	0.0000	0.0000	0.0000	0.0000	0.0283	0.0451	0.0015	0.0863	0.0950	0.0000	0.0008	0.0000	0.0016	0.0205	0.0000	-0.0001	0.0021	0.9285	3.0281	0.0280	0.0000	0.0000	0.0000	0.0000	0.0000	0.0000	0.0000	0.0000	0.0000	0.0001	0.0001	0.0000	0.0001	0.0001	0.0000	0.0000	0.0000	0.0000	0.0000	0.0000	0.0000	0.0000	0.0000	0.0000	0.0000	0.0000	0.0000	0.0037	0.0023	0.0014	0.0012	0.0011	0.0001	0.0025	0.0012	0.0013	0.0000	0.0000	0.0000	0.0000	0.0000	0.0000	0.0000	0.0000	0.0000	0.0283	0.0451	0.0015	0.0863	0.0950	0.0000	0.0008	0.0000	0.0016	
30	63	0.1310	10	1	2	1	1	0	0	0	0	N	Y	N	N	N	N	N	N	N	N	N	N	0.0000	0.0000	0.0000	0.0000	0.0000	0.0000	0.0000	0.0000	0.0000	0.0000	0.0000	0.0000	0.0000	0.0000	0.8256	1.2794	0.0000	2.5619	2.7648	0.0000	0.0000	0.0000	0.0000	0.0000	0.0000	-0.0074	0.0021	1.0023	3.0281	3.0135	0.0000	0.0000	0.0000	0.0000	0.0000	0.0000	0.0000	0.0000	0.0000	0.0136	0.0136	0.0000	0.0136	0.0136	0.0000	0.0000	0.0000	0.0000	0.0000	0.0000	0.0000	0.0000	0.0000	0.0000	0.0000	0.0000	0.0000	0.0165	0.0106	0.0058	0.0053	0.0049	0.0004	0.0112	0.0057	0.0055	0.0000	0.0000	0.0000	0.0000	0.0000	0.0000	0.0000	0.0000	0.0000	0.8256	1.2794	0.0000	2.5619	2.7648	0.0000	0.0000	0.0000	0.0000					
30	64	0.1046	9	1	2	1	1	0	0	0	0	N	Y	N	N	N	N	N	N	N	N	N	N	0.0000	0.0000	0.0000	0.0000	0.0000	0.0000	0.0000	0.0000	0.0000	0.0000	0.0000	0.0000	0.0000	0.0000	0.0000	0.0000	0.0000	0.0000	0.9451	1.0827	0.7280	2.3986	2.6069	0.0003	0.3921	0.0046	0.7718	0.4262	0.0000	-0.0111	0.0021	3.0820	3.0281	9.3392	0.0000	0.0000	0.0000	0.0000	0.0000	0.0000	0.0000	0.0000	0.0000	0.0453	0.0318	0.0135	0.0317	0.0317	0.0000	0.0136	0.0001	0.0135	0.0001	0.0001	0.0000	0.0000	0.0000	0.0000	0.0001	0.0001	0.0000	0.0479	0.0293	0.0186	0.0132	0.0121	0.0011	0.0347	0.0172	0.0175	0.0000	0.0000	0.0000	0.0000	0.0000	0.0000	0.0000	0.0000	0.0000	0.9451	1.0827	0.7280	2.3986	2.6069	0.0003	0.3921	0.0046	0.7718	
30	65	0.1910	18	0	2	1	1	0	0	0	0	N	Y	N	N	N	N	N	N	N	N	N	N	545.1748	0.0000	50414.2202	0.0000	0.0000	16700.4854	51444.7267	0.0092	0.0000	0.0838	0.0000	0.0000	0.0000	0.0155	0.0000	0.0930	0.0000	0.0000	0.0000	0.0000	0.0001	0.0000	0.0000	0.0000	0.0000	inf	0.0374	0.0000	-0.0000	0.0021	1.7946	3.0281	5.9592	0.0000	0.0000	0.0000	0.0000	0.0000	0.0000	0.0000	0.0000	0.0000	0.0000	0.0000	0.0000	0.0000	0.0000	0.0000	0.0000	0.0000	0.0000	0.0001	0.0001	0.0000	0.0000	0.0000	0.0000	0.0000	0.0000	0.0000	0.0297	0.0188	0.0108	0.0098	0.0089	0.0009	0.0199	0.0100	0.0100	545.1748	0.0000	50414.2202	0.0000	0.0000	0.0000	16700.4854	0.0000	51444.7267	0.0000	0.0000	0.0000	0.0000	0.0001	0.0000	0.0000	0.0000	0.0000		
30	66	0.1842	17	0	2	1	1	0	0	0	0	N	Y	N	N	N	N	N	N	N	N	N	N	158.8849	111.1950	0.0000	253.4076	236.7600	0.0000	0.0000	0.0000	0.0121	0.0134	0.0000	0.0301	0.0310	0.0000	0.0000	0.0000	0.0000	0.0001	0.0001	0.0000	0.0001	0.0001	0.0000	0.0001	0.0001	0.0000	0.0000	0.0399	-0.0000	-0.0000	0.0021	1.3569	3.0281	2.0560	0.0000	0.0000	0.0000	0.0000	0.0000	0.0000	0.0000	0.0000	0.0000	0.0000	0.0000	0.0000	0.0000	0.0000	0.0000	0.0000	0.0000	0.0000	0.0001	0.0000	0.0000	0.0000	0.0000	0.0000	0.0000	0.0000	0.0000	0.0132	0.0080	0.0052	0.0041	0.0038	0.0004	0.0091	0.0043	0.0048	158.8849	111.1950	0.0000	253.4076	236.7600	0.0000	0.0000	0.0000	0.0000	0.0001	0.0001	0.0000	0.0001	0.0001	0.0000	0.0001	0.0001	0.0000	
30	67	0.1708	16	0	2	1	1	0	0	0	0	N	Y	N	N	N	N	N	N	N	N	N	N	0.0000	0.0000	0.0000	0.0000	0.0000	0.0000	0.0000	0.0000	0.0000	0.0000	0.0000	0.0000	0.0000	0.0000	0.0000	0.0000	0.0000	0.0023	0.0037	0.0000	0.0069	0.0076	0.0000	0.0000	0.0001	0.0000	0.0001	0.0000	-0.0000	0.0021	4.9477	3.0281	2.0153	0.0000	0.0000	0.0000	0.0000	0.0000	0.0000	0.0000	0.0000	0.0000	0.0001	0.0001	0.0000	0.0001	0.0001	0.0000	0.0000	0.0000	0.0000	0.0002	0.0002	0.0000	0.0001	0.0001	0.0000	0.0001	0.0001	0.0000	0.0263	0.0165	0.0098	0.0088	0.0079	0.0008	0.0175	0.0085	0.0090	0.0000	0.0000	0.0000	0.0000	0.0000	0.0000	0.0000	0.0000	0.0000	0.0023	0.0037	0.0000	0.0069	0.0076	0.0000	0.0000	0.0001	0.0000		
30	68	0.0701	8	0	1	2	1	0	0	0	0	N	N	Y	N	N	N	N	N	N	N	N	N	0.0000	0.0000	0.0000	0.0000	0.0000	0.0000	0.0000	0.0000	0.0000	0.0000	0.0000	0.0000	0.0000	0.0000	0.0000	0.0000	0.0000	0.0000	0.0000	0.0000	0.0021	0.0000	3.0281	4.0001	0.0000	0.0000	0.0000	0.0000	0.0000	0.0000	0.0000	0.0000	0.0000	0.0000	0.0000	0.0000	0.0000	0.0000	0.0000	0.0000	0.0000	0.0000	0.0000	0.0000	0.0000	0.0000	0.0000	0.0000	0.0000	0.0000	0.0000	0.0154	0.0090	0.0064	0.0037	0.0033	0.0004	0.0117	0.0057	0.0060	0.0000	0.0000	0.0000	0.0000	0.0000	0.0000	0.0000	0.0000	0.0000	0.0000	0.0000	0.0000	0.0000	0.0000	0.0000	0.0000	0.0000	0.0000											
30	69	0.0478	7	0	1	1	1	0	0	0	0	N	N	N	N	N	N	N	N	N	N	N	N	60.5983	365.5245	0.0000	9.9234	9.6685	0.0000	80.2075	inf	0.0000	0.2272	0.2522	0.0000	0.0174	0.0176	0.0000	0.3500	0.4114	0.0000	0.0037	0.0007	0.0080	0.0018	0.0018	0.0006	0.0044	0.0000	0.0083	0.0000	8.3064	-0.0000	0.0001	0.0021	2.8240	3.0281	8.9883	0.0000	0.0000	0.0000	0.0000	0.0000	0.0000	0.0000	0.0000	0.0000	0.0002	0.0000	0.0002	0.0000	0.0000	0.0000	0.0002	0.0000	0.0002	0.0001	0.0001	0.0000	0.0000	0.0000	0.0000	0.0001	0.0001	0.0000	0.0537	0.0314	0.0224	0.0126	0.0119	0.0008	0.0411	0.0195	0.0216	60.5983	365.5245	0.0000	9.9234	9.6685	0.0000	80.2075	inf	0.0000	0.0037	0.0007	0.0080	0.0018	0.0018	0.0006	0.0044	0.0000	0.0083
30	70	0.0389	6	0	1	1	1	0	0	0	0	N	N	N	N	N	N	N	N	N	N	N	N	13.3988	7.6553	74.5157	7.4524	7.2621	0.0000	32.5559	406.4638	73.6436	0.0364	0.0276	0.0984	0.0620	0.0622	0.0000	0.0230	0.0052	0.0992	0.0027	0.0036	0.0013	0.0083	0.0086	0.0000	0.0007	0.0000	0.0013	0.5055	0.2330	-0.0000	-0.0000	0.0021	1.4521	3.0281	3.5882	0.0000	0.0000	0.0000	0.0000	0.0000	0.0000	0.0000	0.0000	0.0000	0.0001	0.0001	0.0000	0.0001	0.0001	0.0000	0.0000	0.0000	0.0000	0.0001	0.0001	0.0000	0.0000	0.0000	0.0000	0.0000	0.0000	0.0000	0.0297	0.0182	0.0116	0.0079	0.0076	0.0002	0.0218	0.0105	0.0113	13.3988	7.6553	74.5157	7.4524	7.2621	0.0000	32.5559	406.4638	73.6436	0.0027	0.0036	0.0013	0.0083	0.0086	0.0000	0.0007	0.0000	0.0013
30	71	0.0361	5	0	1	1	1	0	0	0	0	N	N	N	N	N	N	N	N	N	N	N	N	18.1069	10.7316	67.3502	12.8573	12.6640	0.0000	26.4238	0.0000	66.7151	0.0497	0.0302	0.1763	0.0739	0.0740	0.0000	0.0364	0.0000	0.1772	0.0027	0.0028	0.0026	0.0057	0.0058	0.0001	0.0014	0.0000	0.0027	0.8968	0.5267	0.0000	-0.0000	0.0021	1.1783	3.0281	0.9542	0.0000	0.0000	0.0000	0.0000	0.0000	0.0000	0.0000	0.0000	0.0000	0.0000	0.0000	0.0000	0.0000	0.0000	0.0000	0.0000	0.0000	0.0000	0.0001	0.0001	0.0000	0.0000	0.0000	0.0000	0.0000	0.0000	0.0000	0.0166	0.0106	0.0060	0.0052	0.0051	0.0001	0.0114	0.0055	0.0059	18.1069	10.7316	67.3502	12.8573	12.6640	0.0000	26.4238	0.0000	66.7151	0.0027	0.0028	0.0026	0.0057	0.0058	0.0001	0.0014	0.0000	0.0027
30	72	0.0315	4	0	1	1	1	0	0	0	0	N	N	N	N	N	N	N	N	N	N	N	N	19.1737	12.0349	71.1212	13.0782	12.7279	0.0000	23.6094	0.0000	70.1675	0.0331	0.0190	0.1389	0.0504	0.0504	0.0000	0.0246	0.0000	0.1394	0.0017	0.0016	0.0020	0.0039	0.0040	0.0000	0.0010	0.0000	0.0020	0.9793	0.8322	0.0000	-0.0000	0.0021	2.0762	3.0281	1.4610	0.0000	0.0000	0.0000	0.0000	0.0000	0.0000	0.0000	0.0000	0.0000	0.0000	0.0000	0.0000	0.0000	0.0000	0.0000	0.0000	0.0000	0.0000	0.0001	0.0001	0.0000	0.0000	0.0000	0.0000	0.0001	0.0001	0.0000	0.0209	0.0125	0.0084	0.0051	0.0050	0.0001	0.0158	0.0075	0.0083	19.1737	12.0349	71.1212	13.0782	12.7279	0.0000	23.6094	0.0000	70.1675	0.0017	0.0016	0.0020	0.0039	0.0040	0.0000	0.0010	0.0000	0.0020
30	73	0.0958	8	0	1	1	1	0	0	0	0	N	N	N	N	N	N	N	N	N	N	N	N	0.0000	0.0000	0.0000	0.0000	0.0000	0.0000	0.0000	0.0000	0.0000	0.0000	0.0000	0.0000	0.0000	0.0000	0.0000	0.0000	0.0000	0.0000	12.9969	0.0004	66.9349	0.0011	0.0012	0.0000	17.1610	0.0000	64.1095	49894.2706	0.0000	0.4534	0.0021	4.0673	3.0281	17.8409	0.0000	0.0000	0.0000	0.0000	0.0000	0.0000	0.0000	0.0000	0.0000	0.9921	0.0000	0.9921	0.0000	0.0000	0.0000	0.9921	0.0000	0.9921	0.0002	0.0001	0.0000	0.0001	0.0001	0.0000	0.0001	0.0001	0.0000	0.0763	0.0456	0.0307	0.0185	0.0169	0.0016	0.0578	0.0287	0.0291	0.0000	0.0000	0.0000	0.0000	0.0000	0.0000	0.0000	0.0000	0.0000	12.9969	0.0004	32.2985	0.0011	0.0012	0.0000	17.1610	0.0000	34.1223	
30	75	0.2325	12	0	1	1	1	0	0	0	0	N	N	N	N	N	N	N	N	N	N	N	N	0.2702	0.4785	0.7225	1.7946	0.5790	4.9542	0.0117	0.1137	0.0403	0.0298	0.0056	0.2307	0.0585	0.0110	0.6621	0.0021	0.0001	0.0145	0.1104	0.0118	0.3192	0.0326	0.0189	0.1336	0.1792	0.0006	0.3584	4.9356	12.8111	0.0000	0.0115	0.0021	3.5843	3.0281	46.7516	0.0000	0.0000	0.0000	0.0000	0.0000	0.0000	0.0000	0.0000	0.0000	0.0298	0.0022	0.0277	0.0041	0.0021	0.0020	0.0257	0.0000	0.0257	0.0002	0.0002	0.0000	0.0001	0.0001	0.0000	0.0001	0.0001	0.0000	0.2703	0.1836	0.0867	0.1268	0.1117	0.0151	0.1435	0.0719	0.0716	0.2702	0.4785	0.7225	1.7946	0.5790	4.9542	0.0117	0.1137	0.0403	0.1104	0.0118	0.3192	0.0326	0.0189	0.1336	0.1792	0.0006	0.3584
30	76	0.1976	18	1	2	2	1	0	0	0	0	N	Y	Y	N	N	N	N	N	N	N	N	N	0.0000	0.0000	0.0000	0.0000	0.0000	0.0000	0.0000	0.0000	0.0000	0.0000	0.0000	0.0000	0.0000	0.0000	0.0000	0.0005	0.0000	0.0014	0.0000	0.0000	0.0003	0.0008	0.0000	0.0015	inf	0.0000	0.0000	0.0021	1.0003	3.0281	1.0071	0.0000	0.0000	0.0000	0.0000	0.0000	0.0000	0.0000	0.0000	0.0000	0.0000	0.0000	0.0000	0.0000	0.0000	0.0000	0.0000	0.0000	0.0000	0.0000	0.0000	0.0000	0.0000	0.0000	0.0000	0.0000	0.0000	0.0000	0.0074	0.0044	0.0029	0.0024	0.0022	0.0002	0.0050	0.0023	0.0027	0.0000	0.0000	0.0000	0.0000	0.0000	0.0000	0.0000	0.0000	0.0000	0.0005	0.0000	0.0014	0.0000	0.0000	0.0003	0.0008	0.0000	0.0015				
30	77	0.1909	17	1	1	2	1	0	0	0	0	N	N	Y	N	N	N	N	N	N	N	N	N	0.0000	0.0000	0.0000	0.0000	0.0000	0.0000	0.0000	0.0000	0.0000	0.0000	0.0000	0.0000	0.0000	0.0000	0.0000	0.0000	0.0000	0.0000	0.0276	0.0001	0.1014	0.0010	0.0001	0.0344	0.0487	0.0000	0.1043	657.4853	0.0000	0.0004	0.0021	0.9901	3.0281	2.2068	0.0000	0.0000	0.0000	0.0000	0.0000	0.0000	0.0000	0.0000	0.0000	0.0009	0.0000	0.0009	0.0000	0.0000	0.0000	0.0009	0.0000	0.0009	0.0000	0.0000	0.0000	0.0000	0.0000	0.0000	0.0000	0.0000	0.0000	0.0342	0.0249	0.0093	0.0151	0.0147	0.0004	0.0191	0.0102	0.0089	0.0000	0.0000	0.0000	0.0000	0.0000	0.0000	0.0000	0.0000	0.0000	0.0276	0.0001	0.1014	0.0010	0.0001	0.0344	0.0487	0.0000	0.1043	
30	78	0.1133	9	0	2	1	1	0	0	0	0	N	Y	N	N	N	N	N	N	N	N	N	N	0.6218	1.8857	0.0000	2.3945	2.3243	0.0000	0.0000	0.0000	0.0000	0.9230	1.0189	0.0000	2.2661	2.3343	0.0000	0.0000	0.0000	0.0000	1.4843	0.5403	3.0590	0.9464	1.0043	0.0401	1.7841	0.0000	3.2428	0.0000	3.3934	-0.0001	0.0403	0.0021	8.4371	3.0281	15.3349	0.0003	0.0003	0.0000	0.0003	0.0003	0.0000	0.0000	0.0000	0.0000	0.1759	0.0400	0.1358	0.0401	0.0400	0.0001	0.1357	0.0000	0.1357	0.0003	0.0003	0.0000	0.0001	0.0001	0.0000	0.0002	0.0002	0.0000	0.1185	0.0741	0.0444	0.0424	0.0399	0.0025	0.0761	0.0342	0.0419	0.6218	1.8857	0.0000	2.3945	2.3243	0.0000	0.0000	0.0000	0.0000	1.4843	0.5403	3.0590	0.9464	1.0043	0.0401	1.7841	0.0000	3.2428
30	79	0.1909	17	1	1	2	1	0	0	0	0	N	N	Y	N	N	N	N	N	N	N	N	N	0.0000	0.0000	0.0000	0.0000	0.0000	0.0000	0.0000	0.0000	0.0000	0.0000	0.0000	0.0000	0.0000	0.0000	0.0000	0.0000	0.0000	0.0201	0.0031	0.0571	0.0006	0.0000	0.0130	0.0329	0.0068	0.0599	8.5872	0.0000	0.0004	0.0021	3.0096	3.0281	5.7427	0.0000	0.0000	0.0000	0.0000	0.0000	0.0000	0.0000	0.0000	0.0000	0.0011	0.0001	0.0009	0.0000	0.0000	0.0000	0.0010	0.0001	0.0009	0.0001	0.0001	0.0000	0.0001	0.0001	0.0000	0.0000	0.0000	0.0000	0.0525	0.0359	0.0166	0.0209	0.0199	0.0010	0.0316	0.0161	0.0156	0.0000	0.0000	0.0000	0.0000	0.0000	0.0000	0.0000	0.0000	0.0000	0.0201	0.0031	0.0571	0.0006	0.0000	0.0130	0.0329	0.0068	0.0599		
30	80	0.1752	16	1	1	2	1	0	0	0	0	N	N	Y	N	N	N	N	N	N	N	N	N	0.0000	0.0000	0.0000	0.0000	0.0000	0.0000	0.0000	0.0000	0.0000	0.0000	0.0000	0.0000	0.0000	0.0000	0.0000	0.0000	0.0000	0.0000	0.0175	0.0007	0.0462	0.0019	0.0013	0.0089	0.0258	0.0000	0.0491	41.3658	0.0000	0.0002	0.0021	1.0477	3.0281	6.1154	0.0000	0.0000	0.0000	0.0000	0.0000	0.0000	0.0000	0.0000	0.0000	0.0005	0.0000	0.0005	0.0000	0.0000	0.0000	0.0005	0.0000	0.0005	0.0000	0.0000	0.0000	0.0000	0.0000	0.0000	0.0000	0.0000	0.0000	0.0299	0.0188	0.0110	0.0104	0.0096	0.0008	0.0195	0.0093	0.0102	0.0000	0.0000	0.0000	0.0000	0.0000	0.0000	0.0000	0.0000	0.0000	0.0175	0.0007	0.0462	0.0019	0.0013	0.0089	0.0258	0.0000	0.0491	
30	81	0.1688	15	0	1	1	1	0	0	0	0	N	N	N	N	N	N	N	N	N	N	N	N	0.0000	0.0000	0.0000	0.0000	0.0000	0.0000	0.0000	0.0000	0.0000	0.0000	0.0000	0.0000	0.0000	0.0000	0.0000	0.0000	0.0000	0.0000	0.0019	0.0001	0.0047	0.0002	0.0002	0.0008	0.0026	0.0001	0.0050	23.2368	0.0000	0.0000	0.0021	1.9794	3.0281	1.0196	0.0000	0.0000	0.0000	0.0000	0.0000	0.0000	0.0000	0.0000	0.0000	0.0000	0.0000	0.0000	0.0000	0.0000	0.0000	0.0000	0.0000	0.0000	0.0001	0.0001	0.0000	0.0000	0.0000	0.0000	0.0000	0.0000	0.0000	0.0114	0.0070	0.0044	0.0036	0.0033	0.0003	0.0077	0.0037	0.0040	0.0000	0.0000	0.0000	0.0000	0.0000	0.0000	0.0000	0.0000	0.0000	0.0019	0.0001	0.0047	0.0002	0.0002	0.0008	0.0026	0.0001	0.0050	
30	82	0.1666	14	0	1	1	1	0	0	0	0	N	N	N	N	N	N	N	N	N	N	N	N	7.2520	8.9647	0.0000	7.1861	7.2226	0.0000	0.0000	0.0000	0.0059	0.0067	0.0000	0.0103	0.0114	0.0000	0.0000	0.0000	0.0000	0.0008	0.0007	0.0009	0.0014	0.0016	0.0000	0.0005	0.0000	0.0010	0.0000	0.7767	-0.0000	-0.0000	0.0021	1.0114	3.0281	0.0202	0.0000	0.0000	0.0000	0.0000	0.0000	0.0000	0.0000	0.0000	0.0000	0.0000	0.0000	0.0000	0.0000	0.0000	0.0000	0.0000	0.0000	0.0000	0.0000	0.0000	0.0000	0.0000	0.0000	0.0000	0.0000	0.0000	0.0000	0.0041	0.0025	0.0016	0.0013	0.0012	0.0001	0.0028	0.0013	0.0015	7.2520	8.9647	0.0000	7.1861	7.2226	0.0000	0.0000	0.0000	0.0000	0.0008	0.0007	0.0009	0.0014	0.0016	0.0000	0.0005	0.0000	0.0010	
30	83	0.1461	13	0	1	1	1	0	0	0	0	N	N	N	N	N	N	N	N	N	N	N	N	22.1389	16.3672	0.0000	19.7539	19.5100	0.0000	0.0000	0.0000	6.7611	7.5554	0.0000	16.1266	17.2301	0.0000	0.0000	0.0000	0.0000	0.3054	0.4616	0.0639	0.8164	0.8831	0.0166	0.0376	0.0000	0.0673	0.0000	0.0895	-0.0006	-0.0060	0.0021	5.9223	3.0281	3.6882	0.0016	0.0016	0.0000	0.0016	0.0016	0.0000	0.0000	0.0000	0.0000	0.0129	0.0119	0.0011	0.0119	0.0119	0.0000	0.0010	0.0000	0.0010	0.0002	0.0002	0.0000	0.0001	0.0001	0.0000	0.0001	0.0001	0.0000	0.0424	0.0257	0.0166	0.0146	0.0134	0.0011	0.0278	0.0123	0.0155	22.1389	16.3672	0.0000	19.7539	19.5100	0.0000	0.0000	0.0000	0.0000	0.3054	0.4616	0.0639	0.8164	0.8831	0.0166	0.0376	0.0000	0.0673	
30	84	0.1331	11	0	2	1	1	0	0	0	0	N	Y	N	N	N	N	N	N	N	N	N	N	0.0000	0.0000	0.0000	0.0000	0.0000	0.0000	0.0000	0.0000	0.0000	0.0000	0.0000	0.0000	0.0000	0.0000	0.0000	0.0000	0.0000	5.8797	9.4604	0.0000	16.9810	18.0245	0.0000	0.0000	0.0000	0.0000	0.0000	0.0000	-0.4915	0.0021	7.1084	3.0281	28.8937	0.0000	0.0000	0.0000	0.0000	0.0000	0.0000	0.0000	0.0000	0.0000	0.9052	0.9052	0.0000	0.9052	0.9052	0.0000	0.0000	0.0000	0.0000	0.0003	0.0002	0.0000	0.0001	0.0001	0.0000	0.0002	0.0001	0.0000	0.1540	0.0957	0.0583	0.0544	0.0502	0.0042	0.0996	0.0455	0.0541	0.0000	0.0000	0.0000	0.0000	0.0000	0.0000	0.0000	0.0000	0.0000	5.8797	9.4604	0.0000	16.6446	18.0245	0.0000	0.0000	0.0000	0.0000		
30	85	0.1257	10	0	2	1	1	0	0	0	0	N	Y	N	N	N	N	N	N	N	N	N	N	0.0000	0.0000	0.0000	0.0000	0.0000	0.0000	0.0000	0.0000	0.0000	0.0000	0.0000	0.0000	0.0000	0.0000	0.0000	0.0000	0.0000	0.0000	3.6133	2.8711	4.8506	4.7169	4.4056	0.0537	3.1966	0.0011	5.0098	1.0135	0.0000	-0.0094	0.0021	2.2208	3.0281	3.9129	0.0000	0.0000	0.0000	0.0000	0.0000	0.0000	0.0000	0.0000	0.0000	0.2370	0.1177	0.1193	0.1178	0.1177	0.0000	0.1193	0.0000	0.1193	0.0001	0.0001	0.0000	0.0000	0.0000	0.0000	0.0001	0.0000	0.0000	0.0656	0.0410	0.0246	0.0283	0.0275	0.0008	0.0373	0.0135	0.0238	0.0000	0.0000	0.0000	0.0000	0.0000	0.0000	0.0000	0.0000	0.0000	3.6133	2.8711	4.8506	4.1631	4.2812	0.0537	3.1966	0.0011	5.0098	
30	86	0.2012	12	0	1	2	1	0	0	0	0	N	N	Y	N	N	N	N	N	N	N	N	N	0.0000	0.0000	0.0000	0.0000	0.0000	0.0000	0.0000	0.0000	0.0000	0.0000	0.0000	0.0000	0.0000	0.0000	0.0000	0.0000	0.0000	0.1712	0.2799	0.0000	0.4897	0.5568	0.0000	0.0000	0.0000	0.0000	0.0000	0.0000	-0.0047	0.0021	5.3425	3.0281	7.0749	0.0000	0.0000	0.0000	0.0000	0.0000	0.0000	0.0000	0.0000	0.0000	0.0086	0.0086	0.0000	0.0086	0.0086	0.0000	0.0000	0.0000	0.0000	0.0002	0.0002	0.0000	0.0001	0.0001	0.0000	0.0001	0.0001	0.0000	0.0501	0.0306	0.0194	0.0175	0.0154	0.0021	0.0326	0.0152	0.0173	0.0000	0.0000	0.0000	0.0000	0.0000	0.0000	0.0000	0.0000	0.0000	0.1712	0.2799	0.0000	0.4897	0.5568	0.0000	0.0000	0.0000	0.0000		
30	87	0.1580	11	0	1	1	1	0	0	0	0	N	N	N	N	N	N	N	N	N	N	N	N	0.0000	0.0000	0.0244	0.0000	0.0000	3.4916	0.0000	0.0000	0.0000	0.0001	0.0000	0.0006	0.0001	0.0000	0.0046	0.0000	0.0000	0.0000	6.6190	10.4687	0.0249	16.6427	17.3041	0.0013	0.0161	0.0011	0.0271	inf	0.0014	0.0000	-0.4796	0.0021	7.0719	3.0281	13.7350	0.0000	0.0000	0.0000	0.0000	0.0000	0.0000	0.0000	0.0000	0.0000	0.8855	0.8843	0.0012	0.8842	0.8842	0.0000	0.0013	0.0000	0.0012	0.0003	0.0003	0.0000	0.0001	0.0001	0.0000	0.0002	0.0001	0.0000	0.1338	0.0845	0.0493	0.0553	0.0511	0.0042	0.0785	0.0334	0.0451	0.0000	0.0000	0.0244	0.0000	0.0000	3.4916	0.0000	0.0000	0.0000	6.6190	10.4687	0.0249	15.9832	17.3041	0.0013	0.0161	0.0011	0.0271
30	88	0.2012	19	1	1	2	1	0	0	0	0	N	N	Y	N	N	N	N	N	N	N	N	N	0.0000	0.0000	0.0000	0.0000	0.0000	0.0000	0.0000	0.0000	0.0000	0.0000	0.0000	0.0000	0.0000	0.0000	0.0000	0.0000	0.0000	0.0000	0.0000	0.0000	0.0021	0.0000	3.0281	0.0000	0.0000	0.0000	0.0000	0.0000	0.0000	0.0000	0.0000	0.0000	0.0000	0.0000	0.0000	0.0000	0.0000	0.0000	0.0000	0.0000	0.0000	0.0000	0.0000	0.0000	0.0000	0.0000	0.0000	0.0000	0.0000	0.0000	0.0000	0.0000	0.0000	0.0000	0.0000	0.0000	0.0000	0.0000	0.0000	0.0000	0.0000	0.0000	0.0000	0.0000	0.0000	0.0000	0.0000	0.0000	0.0000	0.0000	0.0000	0.0000	0.0000	0.0000	0.0000	0.0000	0.0000	0.0000											
30	89	0.1993	18	1	1	2	1	0	0	0	0	N	N	Y	N	N	N	N	N	N	N	N	N	0.0000	0.0000	0.0000	0.0000	0.0000	0.0000	0.0000	0.0000	0.0000	0.0000	0.0000	0.0000	0.0000	0.0000	0.0000	0.0000	0.0000	0.0000	0.0000	0.0000	0.0021	0.0001	3.0281	0.9161	0.0000	0.0000	0.0000	0.0000	0.0000	0.0000	0.0000	0.0000	0.0000	0.0000	0.0000	0.0000	0.0000	0.0000	0.0000	0.0000	0.0000	0.0000	0.0000	0.0000	0.0000	0.0000	0.0000	0.0000	0.0000	0.0000	0.0000	0.0061	0.0042	0.0019	0.0025	0.0024	0.0001	0.0036	0.0018	0.0018	0.0000	0.0000	0.0000	0.0000	0.0000	0.0000	0.0000	0.0000	0.0000	0.0000	0.0000	0.0000	0.0000	0.0000	0.0000	0.0000	0.0000	0.0000											
30	90	0.1745	17	1	1	2	1	0	0	0	0	N	N	Y	N	N	N	N	N	N	N	N	N	0.0000	0.0000	0.0000	0.0000	0.0000	0.0000	0.0000	0.0000	0.0000	0.0000	0.0000	0.0000	0.0000	0.0000	0.0000	0.0000	0.0517	0.0819	0.0000	0.1533	0.1685	0.0000	0.0000	0.0000	0.0000	0.0000	0.0000	-0.0012	0.0021	3.7876	3.0281	7.8440	0.0000	0.0000	0.0000	0.0000	0.0000	0.0000	0.0000	0.0000	0.0000	0.0023	0.0023	0.0000	0.0023	0.0023	0.0000	0.0000	0.0000	0.0000	0.0001	0.0001	0.0000	0.0001	0.0001	0.0000	0.0001	0.0001	0.0000	0.0438	0.0277	0.0162	0.0148	0.0135	0.0013	0.0291	0.0142	0.0148	0.0000	0.0000	0.0000	0.0000	0.0000	0.0000	0.0000	0.0000	0.0000	0.0517	0.0819	0.0000	0.1533	0.1685	0.0000	0.0000	0.0000	0.0000			
30	91	0.0853	7	0	2	1	2	0	0	0	0	N	Y	N	Y	N	N	N	N	N	N	N	N	0.0000	0.0000	0.0000	0.0000	0.0000	0.0000	0.0000	0.0000	0.0000	0.0000	0.0000	0.0000	0.0000	0.0000	0.0000	0.0000	0.0000	0.0000	0.0032	0.0053	0.0001	0.0067	0.0072	0.0003	0.0021	0.0042	0.0001	0.0084	0.0000	-0.0001	0.0021	1.8247	3.0281	16.3284	0.0000	0.0000	0.0000	0.0000	0.0000	0.0000	0.0000	0.0000	0.0000	0.0002	0.0002	0.0000	0.0001	0.0001	0.0000	0.0001	0.0001	0.0000	0.0001	0.0001	0.0000	0.0000	0.0000	0.0000	0.0000	0.0000	0.0000	0.0705	0.0420	0.0285	0.0175	0.0160	0.0014	0.0530	0.0259	0.0271	0.0000	0.0000	0.0000	0.0000	0.0000	0.0000	0.0000	0.0000	0.0000	0.0032	0.0053	0.0001	0.0067	0.0072	0.0003	0.0021	0.0042	0.0001	
30	92	0.0958	8	0	2	1	1	0	0	0	0	N	Y	N	N	N	N	N	N	N	N	N	N	1.5992	1.0574	0.0000	1.0086	0.9431	0.0000	0.0000	0.0000	0.8902	0.9850	0.0000	2.3280	2.3915	0.0000	0.0000	0.0000	0.0000	0.5567	0.9315	0.0000	2.3082	2.5358	0.0000	0.0000	0.0000	0.0000	0.0000	0.0000	-0.0001	-0.0262	0.0021	9.1310	3.0281	16.1726	0.0003	0.0003	0.0000	0.0003	0.0003	0.0000	0.0000	0.0000	0.0000	0.0482	0.0482	0.0000	0.0482	0.0482	0.0000	0.0000	0.0000	0.0000	0.0003	0.0003	0.0000	0.0001	0.0001	0.0000	0.0002	0.0002	0.0000	0.0866	0.0517	0.0348	0.0209	0.0190	0.0019	0.0657	0.0327	0.0330	1.5992	1.0574	0.0000	1.0086	0.9431	0.0000	0.0000	0.0000	0.0000	0.5567	0.9315	0.0000	2.3082	2.5358	0.0000	0.0000	0.0000	0.0000	
30	93	0.0474	4	0	2	1	1	0	0	0	0	N	Y	N	N	N	N	N	N	N	N	N	N	11.4036	2.4524	86.2262	2.6002	2.4239	0.0000	25.1067	85.3064	0.0063	0.0013	0.0515	0.0035	0.0035	0.0000	0.0078	0.0000	0.0519	0.0006	0.0005	0.0006	0.0013	0.0014	0.0004	0.0003	0.0000	0.0006	4.4429	0.7823	0.0000	-0.0000	0.0021	4.0959	3.0281	8.7137	0.0000	0.0000	0.0000	0.0000	0.0000	0.0000	0.0000	0.0000	0.0000	0.0000	0.0000	0.0000	0.0000	0.0000	0.0000	0.0000	0.0000	0.0000	0.0002	0.0002	0.0000	0.0001	0.0001	0.0000	0.0001	0.0001	0.0000	0.0636	0.0376	0.0260	0.0151	0.0137	0.0014	0.0485	0.0238	0.0246	11.4036	2.4524	86.2262	2.6002	2.4239	0.0000	25.1067	0.0000	85.3064	0.0006	0.0005	0.0006	0.0013	0.0014	0.0004	0.0003	0.0000	0.0006	
30	94	0.0291	3	0	2	1	1	0	0	0	0	N	Y	N	N	N	N	N	N	N	N	N	N	201.1873	290.0151	31.4650	188.4687	180.7157	0.0000	14.3994	0.0000	31.0995	0.1707	0.1959	0.0335	0.4693	0.4698	0.0000	0.0080	0.0000	0.0336	0.0008	0.0007	0.0011	0.0025	0.0026	0.0000	0.0006	0.0000	0.0011	0.0314	1.2552	-0.0000	0.0000	0.0021	2.9443	3.0281	6.1524	0.0000	0.0000	0.0000	0.0000	0.0000	0.0000	0.0000	0.0000	0.0000	0.0000	0.0000	0.0000	0.0000	0.0000	0.0000	0.0000	0.0000	0.0000	0.0001	0.0001	0.0000	0.0001	0.0001	0.0000	0.0001	0.0001	0.0000	0.0404	0.0225	0.0179	0.0061	0.0058	0.0003	0.0344	0.0167	0.0177	201.1873	290.0151	31.4650	188.4687	180.7157	0.0000	14.3994	0.0000	31.0995	0.0008	0.0007	0.0011	0.0025	0.0026	0.0000	0.0006	0.0000	0.0011
30	98	0.1745	17	0	2	1	1	0	0	0	0	N	Y	N	N	N	N	N	N	N	N	N	N	0.0000	0.0000	0.0000	0.0000	0.0000	0.0000	0.0000	0.0000	0.0000	0.0000	0.0000	0.0000	0.0000	0.0000	0.0000	0.0000	0.0000	19.9313	0.0000	120.0283	0.0036	0.0000	0.0388	29.9492	0.0000	128.2346	2097998.3590	0.0000	0.4532	0.0021	1.3608	3.0281	12.1483	0.0000	0.0000	0.0000	0.0000	0.0000	0.0000	0.0000	0.0000	0.0000	0.9915	0.0000	0.9915	0.0001	0.0000	0.0001	0.9915	0.0000	0.9915	0.0001	0.0000	0.0000	0.0000	0.0000	0.0000	0.0000	0.0000	0.0000	0.0497	0.0313	0.0184	0.0166	0.0151	0.0015	0.0331	0.0162	0.0169	0.0000	0.0000	0.0000	0.0000	0.0000	0.0000	0.0000	0.0000	0.0000	19.9313	0.0000	53.7465	0.0036	0.0000	0.0388	29.9492	0.0000	58.6393		
30	99	0.1708	16	0	1	1	1	0	0	0	0	N	N	N	N	N	N	N	N	N	N	N	N	0.0000	0.0000	0.0000	0.0000	0.0000	0.0000	0.0000	0.0000	0.0000	0.0000	0.0000	0.0000	0.0000	0.0000	0.0000	0.0000	0.0000	0.0000	0.2220	0.0148	0.6007	0.0159	0.0171	0.0002	0.3381	0.0123	0.6490	22.2186	0.0000	0.0010	0.0021	1.5300	3.0281	0.7696	0.0000	0.0000	0.0000	0.0000	0.0000	0.0000	0.0000	0.0000	0.0000	0.0023	0.0001	0.0022	0.0001	0.0001	0.0000	0.0023	0.0000	0.0022	0.0001	0.0001	0.0000	0.0000	0.0000	0.0000	0.0000	0.0000	0.0000	0.0105	0.0068	0.0037	0.0038	0.0035	0.0003	0.0067	0.0033	0.0034	0.0000	0.0000	0.0000	0.0000	0.0000	0.0000	0.0000	0.0000	0.0000	0.2220	0.0148	0.6007	0.0159	0.0171	0.0002	0.3381	0.0123	0.6490	
30	100	0.1619	15	0	1	1	1	0	0	0	0	N	N	N	N	N	N	N	N	N	N	N	N	0.0224	0.0000	0.1513	0.0485	0.0000	3693.0050	0.0000	0.0000	0.0000	0.0001	0.0000	0.0012	0.0003	0.0000	0.0109	0.0000	0.0000	0.0000	0.0052	0.0035	0.0082	0.0061	0.0069	0.0000	0.0047	0.0000	0.0091	inf	1.3598	0.0000	0.0000	0.0021	3.6906	3.0281	1.4800	0.0000	0.0000	0.0000	0.0000	0.0000	0.0000	0.0000	0.0000	0.0000	0.0001	0.0000	0.0001	0.0000	0.0000	0.0000	0.0001	0.0000	0.0001	0.0001	0.0001	0.0000	0.0001	0.0001	0.0000	0.0001	0.0001	0.0000	0.0199	0.0125	0.0074	0.0072	0.0064	0.0007	0.0127	0.0061	0.0066	0.0224	0.0000	0.1513	0.0485	0.0000	3693.0050	0.0000	0.0000	0.0000	0.0052	0.0035	0.0082	0.0061	0.0069	0.0000	0.0047	0.0000	0.0091
30	101	0.1619	14	0	1	1	1	0	0	0	0	N	N	N	N	N	N	N	N	N	N	N	N	0.1727	0.1193	0.7080	0.3432	0.1594	422.3210	0.0000	0.0000	0.0000	0.0046	0.0025	0.0265	0.0109	0.0056	0.2262	0.0000	0.0000	0.0000	0.0269	0.0213	0.0374	0.0319	0.0352	0.0005	0.0232	0.0016	0.0422	1.0000	0.9270	0.0000	-0.0000	0.0021	0.1361	3.0281	0.4500	0.0000	0.0000	0.0000	0.0000	0.0000	0.0000	0.0000	0.0000	0.0000	0.0001	0.0000	0.0000	0.0000	0.0000	0.0000	0.0000	0.0000	0.0000	0.0000	0.0000	0.0000	0.0000	0.0000	0.0000	0.0000	0.0000	0.0000	0.0033	0.0022	0.0011	0.0014	0.0013	0.0001	0.0019	0.0009	0.0010	0.1727	0.1193	0.7080	0.3432	0.1594	422.3210	0.0000	0.0000	0.0000	0.0269	0.0213	0.0374	0.0319	0.0352	0.0005	0.0232	0.0016	0.0422
30	102	0.1461	13	0	1	1	1	0	0	0	0	N	N	N	N	N	N	N	N	N	N	N	N	0.0176	0.0000	339.3753	0.0121	0.0001	53092.3468	0.0000	0.0000	0.0000	0.0274	0.0001	0.2466	0.0630	0.0003	0.7585	0.0000	0.0000	0.0000	1.5557	2.5642	0.0007	5.2238	4.8070	0.0000	0.0004	0.0000	0.0008	260.0000	0.0002	0.0000	-0.0313	0.0021	3.5591	3.0281	4.5341	0.0000	0.0000	0.0000	0.0000	0.0000	0.0000	0.0000	0.0000	0.0000	0.0577	0.0577	0.0000	0.0577	0.0577	0.0000	0.0000	0.0000	0.0000	0.0002	0.0001	0.0000	0.0001	0.0001	0.0000	0.0001	0.0001	0.0000	0.0371	0.0225	0.0146	0.0130	0.0120	0.0010	0.0241	0.0105	0.0136	0.0176	0.0000	339.3753	0.0142	0.0001	53092.3468	0.0000	0.0000	0.0000	1.5557	2.5642	0.0007	4.4531	4.8070	0.0000	0.0004	0.0000	0.0008
30	103	0.1244	12	0	1	1	1	0	0	0	0	N	N	N	N	N	N	N	N	N	N	N	N	0.0016	0.0011	0.1125	0.0014	0.0013	33.5879	0.0000	0.0000	0.0000	0.0359	0.0396	0.0014	0.0932	0.0952	0.0147	0.0000	0.0000	0.0000	21.8291	35.5900	0.0126	67.9087	73.6863	0.0004	0.0075	0.0007	0.0135	0.0038	0.0002	-0.0000	-0.5358	0.0021	2.8937	3.0281	8.0733	0.0000	0.0000	0.0000	0.0000	0.0000	0.0000	0.0000	0.0000	0.0000	0.9873	0.9871	0.0002	0.9871	0.9871	0.0000	0.0002	0.0000	0.0002	0.0001	0.0001	0.0000	0.0000	0.0000	0.0000	0.0001	0.0001	0.0000	0.0452	0.0277	0.0175	0.0145	0.0134	0.0011	0.0307	0.0143	0.0164	0.0016	0.0011	0.1125	0.0014	0.0013	33.5879	0.0000	0.0000	0.0000	21.8291	35.5900	0.0126	67.9087	73.6863	0.0004	0.0075	0.0007	0.0135
30	104	0.1191	8	0	2	1	1	0	0	0	0	N	Y	N	N	N	N	N	N	N	N	N	N	28.3058	37.2636	0.0000	23.0837	21.9977	0.0000	0.0000	0.0000	0.2015	0.3467	0.0000	0.4119	0.4133	0.0000	0.0000	0.0000	0.0000	0.0071	0.0093	0.0000	0.0178	0.0188	0.0000	0.0000	0.0000	0.0000	0.0000	0.0001	-0.0000	-0.0000	0.0021	0.0277	3.0281	1.3445	0.0000	0.0000	0.0000	0.0000	0.0000	0.0000	0.0000	0.0000	0.0000	0.0001	0.0001	0.0000	0.0001	0.0001	0.0000	0.0000	0.0000	0.0000	0.0000	0.0000	0.0000	0.0000	0.0000	0.0000	0.0000	0.0000	0.0000	0.0112	0.0086	0.0026	0.0045	0.0042	0.0002	0.0067	0.0043	0.0024	28.3058	37.2636	0.0000	23.0837	21.9977	0.0000	0.0000	0.0000	0.0000	0.0071	0.0093	0.0000	0.0178	0.0188	0.0000	0.0000	0.0000	0.0000	
30	105	0.0725	7	0	2	1	1	0	0	0	0	N	Y	N	N	N	N	N	N	N	N	N	N	58.6853	121.3736	100.3402	123.3139	88.9881	1446.6921	9.8134	30.6894	34.9447	0.0764	0.0542	0.2575	0.1625	0.1221	0.6946	0.0127	0.0001	0.0920	0.0013	0.0004	0.0026	0.0013	0.0014	0.0005	0.0013	0.0000	0.0026	0.5824	3.8899	-0.0000	0.0000	0.0021	5.1414	3.0281	16.4151	0.0000	0.0000	0.0000	0.0000	0.0000	0.0000	0.0000	0.0000	0.0000	0.0001	0.0000	0.0001	0.0000	0.0000	0.0000	0.0001	0.0000	0.0001	0.0002	0.0002	0.0000	0.0001	0.0001	0.0000	0.0001	0.0001	0.0000	0.0777	0.0463	0.0314	0.0160	0.0150	0.0010	0.0617	0.0313	0.0304	58.6853	121.3736	100.3402	123.3139	88.9881	1446.6921	9.8134	30.6894	34.9447	0.0013	0.0004	0.0026	0.0013	0.0014	0.0005	0.0013	0.0000	0.0026
30	106	0.0642	6	0	1	1	1	0	0	0	0	N	N	N	N	N	N	N	N	N	N	N	N	38.2683	44.7273	11.9073	152.1473	149.7116	5923.5525	4.2374	3.4228	9.4393	0.0325	0.0348	0.0115	0.0783	0.0800	0.0271	0.0041	0.0033	0.0094	0.0009	0.0008	0.0010	0.0005	0.0005	0.0000	0.0010	0.0010	0.0010	0.0362	0.7630	-0.0000	-0.0000	0.0021	3.8974	3.0281	1.6364	0.0000	0.0000	0.0000	0.0000	0.0000	0.0000	0.0000	0.0000	0.0000	0.0000	0.0000	0.0000	0.0000	0.0000	0.0000	0.0000	0.0000	0.0000	0.0001	0.0001	0.0000	0.0001	0.0001	0.0000	0.0001	0.0001	0.0000	0.0289	0.0179	0.0110	0.0077	0.0074	0.0003	0.0212	0.0105	0.0107	38.2683	44.7273	11.9073	152.1473	149.7116	5923.5525	4.2374	3.4228	9.4393	0.0009	0.0008	0.0010	0.0005	0.0005	0.0000	0.0010	0.0010	0.0010
30	109	0.1547	13	1	2	1	2	0	0	0	0	N	Y	N	Y	N	N	N	N	N	N	N	N	0.0000	0.0000	0.0000	0.0000	0.0000	0.0000	0.0000	0.0000	0.0000	0.0000	0.0000	0.0000	0.0000	0.0000	0.0000	0.0000	0.0000	0.0000	0.0000	0.0000	0.0021	0.0000	3.0281	0.0000	0.0000	0.0000	0.0000	0.0000	0.0000	0.0000	0.0000	0.0000	0.0000	0.0000	0.0000	0.0000	0.0000	0.0000	0.0000	0.0000	0.0000	0.0000	0.0000	0.0000	0.0000	0.0000	0.0000	0.0000	0.0000	0.0000	0.0000	0.0000	0.0000	0.0000	0.0000	0.0000	0.0000	0.0000	0.0000	0.0000	0.0000	0.0000	0.0000	0.0000	0.0000	0.0000	0.0000	0.0000	0.0000	0.0000	0.0000	0.0000	0.0000	0.0000	0.0000	0.0000	0.0000	0.0000											
30	110	0.1397	12	1	2	1	2	0	0	0	0	N	Y	N	Y	N	N	N	N	N	N	N	N	0.0000	0.0000	0.0000	0.0000	0.0000	0.0000	0.0000	0.0000	0.0000	0.0000	0.0000	0.0000	0.0000	0.0000	0.0000	0.0000	0.0000	0.0000	0.0000	0.0000	0.0021	0.0000	3.0281	7.1240	0.0000	0.0000	0.0000	0.0000	0.0000	0.0000	0.0000	0.0000	0.0000	0.0000	0.0000	0.0000	0.0000	0.0000	0.0000	0.0000	0.0000	0.0000	0.0000	0.0000	0.0000	0.0000	0.0000	0.0000	0.0000	0.0000	0.0000	0.0282	0.0178	0.0104	0.0101	0.0090	0.0011	0.0181	0.0088	0.0094	0.0000	0.0000	0.0000	0.0000	0.0000	0.0000	0.0000	0.0000	0.0000	0.0000	0.0000	0.0000	0.0000	0.0000	0.0000	0.0000	0.0000	0.0000											
30	111	0.1487	14	0	2	1	2	0	0	0	0	N	Y	N	Y	N	N	N	N	N	N	N	N	0.0000	0.0000	0.0000	0.0000	0.0000	0.0000	0.0000	0.0000	0.0000	0.0000	0.0000	0.0000	0.0000	0.0000	0.0000	0.0000	0.0000	0.0000	0.0000	0.0000	0.0021	0.0016	3.0281	5.0076	0.0000	0.0000	0.0000	0.0000	0.0000	0.0000	0.0000	0.0000	0.0000	0.0000	0.0000	0.0000	0.0000	0.0000	0.0000	0.0000	0.0000	0.0000	0.0000	0.0000	0.0000	0.0000	0.0000	0.0000	0.0000	0.0000	0.0000	0.0193	0.0123	0.0070	0.0076	0.0066	0.0010	0.0117	0.0058	0.0060	0.0000	0.0000	0.0000	0.0000	0.0000	0.0000	0.0000	0.0000	0.0000	0.0000	0.0000	0.0000	0.0000	0.0000	0.0000	0.0000	0.0000	0.0000											
30	112	0.1418	13	0	2	1	2	0	0	0	0	N	Y	N	Y	N	N	N	N	N	N	N	N	0.0000	0.0000	0.0000	0.0000	0.0000	0.0000	0.0000	0.0000	0.0000	0.0000	0.0000	0.0000	0.0000	0.0000	0.0000	0.0000	0.0000	0.0000	0.0000	-0.0000	0.0021	1.0012	3.0281	2.1373	0.0000	0.0000	0.0000	0.0000	0.0000	0.0000	0.0000	0.0000	0.0000	0.0000	0.0000	0.0000	0.0000	0.0000	0.0000	0.0000	0.0000	0.0000	0.0000	0.0000	0.0000	0.0000	0.0000	0.0000	0.0000	0.0000	0.0000	0.0137	0.0087	0.0050	0.0053	0.0047	0.0006	0.0084	0.0039	0.0044	0.0000	0.0000	0.0000	0.0000	0.0000	0.0000	0.0000	0.0000	0.0000	0.0000	0.0000	0.0000	0.0000	0.0000	0.0000	0.0000	0.0000	0.0000											
30	113	0.1502	13	0	2	1	1	0	0	0	0	N	Y	N	N	N	N	N	N	N	N	N	N	6152.4902	4412.2313	5501.7759	5005.0684	0.0039	0.0043	0.0000	0.0094	0.0096	0.0000	0.0000	0.0000	0.0000	0.0000	0.0000	0.0000	0.0000	0.0000	0.0000	0.0000	0.0000	0.0000	0.0000	0.0204	-0.0000	-0.0000	0.0021	0.9705	3.0281	5.0371	0.0000	0.0000	0.0000	0.0000	0.0000	0.0000	0.0000	0.0000	0.0000	0.0000	0.0000	0.0000	0.0000	0.0000	0.0000	0.0000	0.0000	0.0000	0.0000	0.0000	0.0000	0.0000	0.0000	0.0000	0.0000	0.0000	0.0000	0.0235	0.0150	0.0085	0.0086	0.0077	0.0009	0.0149	0.0074	0.0075	6152.4902	4412.2313	0.0000	5501.7759	5005.0684	0.0000	0.0000	0.0000	0.0000	0.0000	0.0000	0.0000	0.0000	0.0000	0.0000	0.0000	0.0000	0.0000					
30	114	0.1418	13	0	1	2	2	0	0	0	0	N	N	Y	Y	N	N	N	N	N	N	N	N	0.0000	0.0000	0.0000	0.0000	0.0000	0.0000	0.0000	0.0000	0.0000	0.0000	0.0000	0.0000	0.0000	0.0000	0.0000	0.0000	0.0000	0.0000	0.0000	0.0000	0.0021	0.0000	3.0281	1.1303	0.0000	0.0000	0.0000	0.0000	0.0000	0.0000	0.0000	0.0000	0.0000	0.0000	0.0000	0.0000	0.0000	0.0000	0.0000	0.0000	0.0000	0.0000	0.0000	0.0000	0.0000	0.0000	0.0000	0.0000	0.0000	0.0000	0.0000	0.0060	0.0038	0.0022	0.0025	0.0023	0.0002	0.0036	0.0016	0.0020	0.0000	0.0000	0.0000	0.0000	0.0000	0.0000	0.0000	0.0000	0.0000	0.0000	0.0000	0.0000	0.0000	0.0000	0.0000	0.0000	0.0000	0.0000											
30	115	0.1397	12	0	1	1	2	0	0	0	0	N	N	N	Y	N	N	N	N	N	N	N	N	0.0000	0.0000	0.0000	0.0000	0.0000	0.0000	0.0000	0.0000	0.0000	0.0000	0.0000	0.0000	0.0000	0.0000	0.0000	0.0000	0.0000	0.0000	0.0000	0.0000	0.0021	0.0000	3.0281	1.2340	0.0000	0.0000	0.0000	0.0000	0.0000	0.0000	0.0000	0.0000	0.0000	0.0000	0.0000	0.0000	0.0000	0.0000	0.0000	0.0000	0.0000	0.0000	0.0000	0.0000	0.0000	0.0000	0.0000	0.0000	0.0000	0.0000	0.0000	0.0065	0.0041	0.0024	0.0026	0.0024	0.0002	0.0040	0.0018	0.0022	0.0000	0.0000	0.0000	0.0000	0.0000	0.0000	0.0000	0.0000	0.0000	0.0000	0.0000	0.0000	0.0000	0.0000	0.0000	0.0000	0.0000	0.0000											
30	116	0.1472	13	0	1	2	2	0	0	0	0	N	N	Y	Y	N	N	N	N	N	N	N	N	0.0000	inf	0.0000	0.0000	0.0000	0.0000	inf	0.0000	0.0002	0.0003	0.0000	0.0000	0.0000	0.0000	0.0004	0.0005	0.0000	114.7583	0.0000	877.3146	0.0121	0.0000	0.1232	186.0977	0.0000	884.6828	0.0000	inf	-0.0000	0.4440	0.0021	0.9725	3.0281	0.9874	0.0000	0.0000	0.0000	0.0000	0.0000	0.0000	0.0000	0.0000	0.0000	0.9715	0.0000	0.9715	0.0000	0.0000	0.0000	0.9715	0.0000	0.9715	0.0000	0.0000	0.0000	0.0000	0.0000	0.0000	0.0000	0.0000	0.0000	0.0085	0.0054	0.0031	0.0032	0.0029	0.0003	0.0052	0.0025	0.0027	0.0000	inf	0.0000	0.0000	0.0000	0.0000	0.0000	inf	0.0000	114.7583	0.0000	318.1849	0.0121	0.0000	0.1232	186.0977	0.0000	355.4248	
30	117	0.1472	13	0	1	2	2	0	0	0	0	N	N	Y	Y	N	N	N	N	N	N	N	N	0.0028	0.0019	0.0000	0.0000	inf	inf	0.0038	0.0041	0.0000	0.0000	0.0000	0.0000	0.0070	0.0081	0.0000	1.3695	2.1496	0.0000	4.1012	4.0920	0.0000	0.0000	0.0000	0.0000	0.0000	0.0000	-0.0000	-0.0121	0.0021	0.0285	3.0281	4.0215	0.0000	0.0000	0.0000	0.0000	0.0000	0.0000	0.0000	0.0000	0.0000	0.0223	0.0223	0.0000	0.0223	0.0223	0.0000	0.0000	0.0000	0.0000	0.0000	0.0000	0.0000	0.0000	0.0000	0.0000	0.0000	0.0000	0.0000	0.0163	0.0104	0.0059	0.0061	0.0054	0.0007	0.0102	0.0049	0.0052	0.0028	0.0019	0.0000	0.0000	0.0000	0.0000	inf	inf	0.0000	1.3695	2.1496	0.0000	3.6529	4.0920	0.0000	0.0000	0.0000	0.0000			
30	118	0.1397	12	0	1	2	2	0	0	0	0	N	N	Y	Y	N	N	N	N	N	N	N	N	0.2593	202.8063	0.0000	0.0000	0.0000	0.2700	168.4837	0.0000	0.2725	0.3014	0.0000	0.0000	0.0000	0.0000	0.4445	0.5165	0.0000	1.0507	0.0015	2.8441	0.0001	0.0000	0.0006	1.6463	0.0031	3.1588	0.0000	1119.4831	-0.0000	0.0102	0.0021	3.0275	3.0281	2.1573	0.0000	0.0000	0.0000	0.0000	0.0000	0.0000	0.0000	0.0000	0.0000	0.0223	0.0000	0.0222	0.0000	0.0000	0.0000	0.0223	0.0000	0.0222	0.0001	0.0001	0.0000	0.0000	0.0000	0.0000	0.0001	0.0001	0.0000	0.0212	0.0134	0.0078	0.0077	0.0069	0.0008	0.0135	0.0065	0.0070	0.2593	202.8063	0.0000	0.0000	0.0000	0.0000	0.2700	168.4837	0.0000	1.0507	0.0015	2.8441	0.0001	0.0000	0.0006	1.6463	0.0031	3.1588	
30	119	0.1810	12	1	2	1	1	0	0	0	0	N	Y	N	N	N	N	N	N	N	N	N	N	0.0000	0.0000	0.0000	0.0000	0.0000	0.0000	0.0000	0.0000	0.0000	0.0000	0.0000	0.0000	0.0000	0.0000	0.0000	0.0000	0.0000	0.0000	0.0000	0.0000	0.0000	0.0000	0.0000	0.0000	0.0000	3.5758	-0.0000	0.0000	0.0021	2.1883	3.0281	3.1271	0.0000	0.0000	0.0000	0.0000	0.0000	0.0000	0.0000	0.0000	0.0000	0.0000	0.0000	0.0000	0.0000	0.0000	0.0000	0.0000	0.0000	0.0000	0.0001	0.0001	0.0000	0.0000	0.0000	0.0000	0.0001	0.0000	0.0000	0.0224	0.0140	0.0084	0.0071	0.0066	0.0006	0.0153	0.0075	0.0079	0.0000	0.0000	0.0000	0.0000	0.0000	0.0000	0.0000	0.0000	0.0000	0.0000	0.0000	0.0000	0.0000	0.0000	0.0000	0.0000	0.0000	0.0000			
30	120	0.1140	11	1	2	1	1	0	0	0	0	N	Y	N	N	N	N	N	N	N	N	N	N	2.8106	582.5136	0.0000	171.1053	160.2005	2.3731	3116491.9318	0.0000	0.0803	0.0888	0.0000	0.0535	0.0549	0.0000	0.0964	0.1118	0.0000	0.0286	0.0002	0.0737	0.0003	0.0003	0.0000	0.0406	0.0000	0.0791	0.0000	304.5167	-0.0000	0.0014	0.0021	13.6104	3.0281	16.0982	0.0000	0.0000	0.0000	0.0000	0.0000	0.0000	0.0000	0.0000	0.0000	0.0030	0.0000	0.0030	0.0000	0.0000	0.0000	0.0030	0.0000	0.0030	0.0005	0.0005	0.0000	0.0002	0.0002	0.0000	0.0003	0.0003	0.0000	0.1064	0.0653	0.0411	0.0318	0.0290	0.0028	0.0746	0.0362	0.0383	2.8106	582.5136	0.0000	171.1053	160.2005	0.0000	2.3731	3116491.9318	0.0000	0.0286	0.0002	0.0737	0.0003	0.0003	0.0000	0.0406	0.0000	0.0791	
30	121	0.1393	13	0	2	1	1	0	0	0	0	N	Y	N	N	N	N	N	N	N	N	N	N	0.0097	0.0000	0.0354	0.8400	0.0000	6.7518	0.0000	0.0000	0.0000	0.0006	0.0000	0.0068	0.0015	0.0000	0.0800	0.0000	0.0000	0.0000	0.0672	0.0001	0.1932	0.0017	0.0002	0.0118	0.1230	0.0000	0.2309	inf	765.9726	0.0000	0.0012	0.0021	0.3548	3.0281	4.6068	0.0000	0.0000	0.0000	0.0000	0.0000	0.0000	0.0000	0.0000	0.0000	0.0026	0.0000	0.0026	0.0000	0.0000	0.0000	0.0026	0.0000	0.0026	0.0000	0.0000	0.0000	0.0000	0.0000	0.0000	0.0000	0.0000	0.0000	0.0394	0.0257	0.0137	0.0181	0.0158	0.0024	0.0213	0.0099	0.0113	0.0097	0.0000	0.0354	0.8400	0.0000	6.7518	0.0000	0.0000	0.0000	0.0672	0.0001	0.1932	0.0017	0.0002	0.0118	0.1230	0.0000	0.2309
30	122	0.1244	12	0	2	1	1	0	0	0	0	N	Y	N	N	N	N	N	N	N	N	N	N	0.0000	0.0323	0.0000	0.0485	0.0445	0.1638	0.0000	0.0000	0.0000	0.0005	0.0002	0.0024	0.0011	0.0006	0.0248	0.0000	0.0000	0.0000	30.4740	0.0075	177.1381	0.0231	0.0129	0.1512	45.4948	0.0022	185.6037	1.0562	6620.8284	0.0000	0.4510	0.0021	1.6911	3.0281	5.7022	0.0000	0.0000	0.0000	0.0000	0.0000	0.0000	0.0000	0.0000	0.0000	0.9871	0.0001	0.9870	0.0002	0.0001	0.0001	0.9869	0.0000	0.9869	0.0001	0.0001	0.0000	0.0000	0.0000	0.0000	0.0000	0.0000	0.0000	0.0324	0.0198	0.0126	0.0107	0.0099	0.0008	0.0217	0.0099	0.0118	0.0000	0.0323	0.0000	0.0485	0.0445	0.1638	0.0000	0.0000	0.0000	30.4740	0.0075	78.5061	0.0231	0.0129	0.1512	45.4948	0.0022	83.7556
30	123	0.1140	11	0	1	1	1	0	0	0	0	N	N	N	N	N	N	N	N	N	N	N	N	0.0002	0.0004	0.0000	0.0005	0.0005	0.0000	0.0000	0.0000	0.0000	0.0002	0.0002	0.0000	0.0004	0.0004	0.0000	0.0000	0.0000	0.0000	0.8796	0.4793	1.5002	0.8702	0.9339	0.0004	0.8843	0.0137	1.5915	0.0000	2.0187	-0.0000	0.0027	0.0021	2.0929	3.0281	3.1856	0.0000	0.0000	0.0000	0.0000	0.0000	0.0000	0.0000	0.0000	0.0000	0.0212	0.0070	0.0142	0.0069	0.0069	0.0000	0.0143	0.0001	0.0142	0.0001	0.0001	0.0000	0.0000	0.0000	0.0000	0.0001	0.0001	0.0000	0.0241	0.0147	0.0095	0.0080	0.0074	0.0005	0.0161	0.0072	0.0089	0.0002	0.0004	0.0000	0.0005	0.0005	0.0000	0.0000	0.0000	0.0000	0.8796	0.4793	1.5002	0.8702	0.9339	0.0004	0.8843	0.0137	1.5915
30	124	0.1547	14	1	2	1	1	0	0	0	0	N	Y	N	N	N	N	N	N	N	N	N	N	0.0000	0.0000	0.0000	0.0000	0.0000	0.0000	0.0000	0.0000	0.0000	0.0000	0.0000	0.0000	0.0000	0.0000	0.0000	0.0000	0.0000	0.0000	0.0000	0.0000	0.0021	0.0000	3.0281	0.0000	0.0000	0.0000	0.0000	0.0000	0.0000	0.0000	0.0000	0.0000	0.0000	0.0000	0.0000	0.0000	0.0000	0.0000	0.0000	0.0000	0.0000	0.0000	0.0000	0.0000	0.0000	0.0000	0.0000	0.0000	0.0000	0.0000	0.0000	0.0000	0.0000	0.0000	0.0000	0.0000	0.0000	0.0000	0.0000	0.0000	0.0000	0.0000	0.0000	0.0000	0.0000	0.0000	0.0000	0.0000	0.0000	0.0000	0.0000	0.0000	0.0000	0.0000	0.0000	0.0000	0.0000	0.0000											
30	125	0.1502	13	1	2	1	1	0	0	0	0	N	Y	N	N	N	N	N	N	N	N	N	N	11052.1483	7957.3405	8456.8876	7809.9871	0.0180	0.0196	0.0000	0.0359	0.0367	0.0000	0.0000	0.0000	0.0000	0.0000	0.0000	0.0000	0.0000	0.0000	0.0000	0.0000	0.0000	0.0000	0.0000	0.0204	-0.0000	-0.0000	0.0021	0.1434	3.0281	1.9839	0.0000	0.0000	0.0000	0.0000	0.0000	0.0000	0.0000	0.0000	0.0000	0.0000	0.0000	0.0000	0.0000	0.0000	0.0000	0.0000	0.0000	0.0000	0.0000	0.0000	0.0000	0.0000	0.0000	0.0000	0.0000	0.0000	0.0000	0.0092	0.0060	0.0032	0.0035	0.0031	0.0003	0.0057	0.0028	0.0029	11052.1483	7957.3405	0.0000	8456.8876	7809.9871	0.0000	0.0000	0.0000	0.0000	0.0000	0.0000	0.0000	0.0000	0.0000	0.0000	0.0000	0.0000	0.0000					
30	126	0.1397	12	0	2	1	1	0	0	0	0	N	Y	N	N	N	N	N	N	N	N	N	N	5736707.2039	inf	0.0000	inf	inf	0.0000	0.0000	4.3489	4.8119	0.0000	11.2429	11.5618	0.0000	0.0000	0.0000	0.0000	0.0000	0.0000	0.0000	0.0000	0.0000	0.0000	0.0000	0.0000	0.0000	0.0000	inf	-0.0001	0.0000	0.0021	1.8882	3.0281	2.9115	0.0003	0.0003	0.0000	0.0003	0.0003	0.0000	0.0000	0.0000	0.0000	0.0000	0.0000	0.0000	0.0000	0.0000	0.0000	0.0000	0.0000	0.0000	0.0001	0.0001	0.0000	0.0000	0.0000	0.0000	0.0000	0.0000	0.0000	0.0198	0.0125	0.0073	0.0072	0.0065	0.0007	0.0126	0.0060	0.0066	5736707.2039	inf	0.0000	inf	inf	0.0000	0.0000	0.0000	0.0000	0.0000	0.0000	0.0000	0.0000	0.0000	0.0000	0.0000	0.0000	0.0000		
30	127	0.1140	11	0	1	1	1	0	0	0	0	N	N	N	N	N	N	N	N	N	N	N	N	0.0000	0.0000	0.0000	0.0000	0.0000	0.0000	0.0000	0.0000	0.0000	0.0000	0.0000	0.0000	0.0000	0.0000	0.0000	0.0000	0.0601	0.0004	0.1542	0.0007	0.0008	0.0000	0.0869	0.0000	0.1648	276.7976	0.0000	0.0014	0.0021	3.5543	3.0281	9.0319	0.0000	0.0000	0.0000	0.0000	0.0000	0.0000	0.0000	0.0000	0.0000	0.0030	0.0000	0.0030	0.0000	0.0000	0.0000	0.0030	0.0000	0.0030	0.0002	0.0001	0.0000	0.0001	0.0001	0.0000	0.0001	0.0001	0.0000	0.0506	0.0310	0.0196	0.0158	0.0145	0.0013	0.0348	0.0165	0.0184	0.0000	0.0000	0.0000	0.0000	0.0000	0.0000	0.0000	0.0000	0.0000	0.0601	0.0004	0.1542	0.0007	0.0008	0.0000	0.0869	0.0000	0.1648			
30	128	0.1104	10	0	1	1	1	0	0	0	0	N	N	N	N	N	N	N	N	N	N	N	N	0.0000	0.0000	0.0000	0.0000	0.0000	0.0000	0.0000	0.0000	0.0000	0.0000	0.0000	0.0000	0.0000	0.0000	0.0000	0.0000	0.0000	1.1401	0.2324	2.5328	0.3892	0.4049	0.0000	1.5653	0.0000	2.6258	7.1008	0.0000	0.0080	0.0021	2.6246	3.0281	0.7212	0.0000	0.0000	0.0000	0.0000	0.0000	0.0000	0.0000	0.0000	0.0000	0.0240	0.0030	0.0211	0.0030	0.0030	0.0000	0.0211	0.0000	0.0211	0.0001	0.0001	0.0000	0.0000	0.0000	0.0000	0.0001	0.0001	0.0000	0.0211	0.0128	0.0083	0.0076	0.0073	0.0003	0.0135	0.0054	0.0080	0.0000	0.0000	0.0000	0.0000	0.0000	0.0000	0.0000	0.0000	0.0000	1.1401	0.2324	2.5328	0.3892	0.4049	0.0000	1.5653	0.0000	2.6258		
30	129	0.1046	9	0	1	1	1	0	0	0	0	N	N	N	N	N	N	N	N	N	N	N	N	0.0000	0.0000	0.0000	0.0000	0.0000	0.0000	0.0000	0.0000	0.0000	0.0000	0.0000	0.0000	0.0000	0.0000	0.0000	0.0000	0.0000	0.0000	43.8499	0.0522	248.8494	0.1076	0.1149	0.0000	62.9566	0.0000	263.6891	1339.1570	0.0000	0.4298	0.0021	3.3474	3.0281	1.3769	0.0000	0.0000	0.0000	0.0000	0.0000	0.0000	0.0000	0.0000	0.0000	0.9419	0.0007	0.9412	0.0007	0.0007	0.0000	0.9412	0.0000	0.9412	0.0001	0.0001	0.0000	0.0001	0.0001	0.0000	0.0001	0.0001	0.0000	0.0215	0.0135	0.0080	0.0065	0.0061	0.0004	0.0150	0.0073	0.0076	0.0000	0.0000	0.0000	0.0000	0.0000	0.0000	0.0000	0.0000	0.0000	43.8499	0.0522	117.4661	0.1076	0.1149	0.0000	62.9566	0.0000	123.8380	
30	130	0.0958	8	0	1	1	1	0	0	0	0	N	N	N	N	N	N	N	N	N	N	N	N	0.0000	0.0000	0.0000	0.0000	0.0000	0.0000	0.0000	0.0000	0.0000	0.0000	0.0000	0.0000	0.0000	0.0000	0.0000	0.0000	0.0000	0.0000	1.7284	0.1081	4.1978	0.2388	0.2565	0.0001	2.2887	0.0000	4.4075	25.4838	0.0000	0.0138	0.0021	0.4686	3.0281	4.0374	0.0000	0.0000	0.0000	0.0000	0.0000	0.0000	0.0000	0.0000	0.0000	0.0329	0.0012	0.0316	0.0012	0.0012	0.0000	0.0316	0.0000	0.0316	0.0000	0.0000	0.0000	0.0000	0.0000	0.0000	0.0000	0.0000	0.0000	0.0190	0.0115	0.0075	0.0052	0.0048	0.0004	0.0138	0.0066	0.0072	0.0000	0.0000	0.0000	0.0000	0.0000	0.0000	0.0000	0.0000	0.0000	1.7284	0.1081	4.1978	0.2388	0.2565	0.0001	2.2887	0.0000	4.4075	
31	32	0.1039	9	0	1	0	1	0	0	0	0	N	N	N	N	N	N	N	N	N	N	N	N	0.0000	0.0000	0.0000	0.0000	0.0000	0.0000	0.0000	0.0000	0.0000	0.0000	0.0000	0.0000	0.0000	0.0000	0.0000	0.0000	0.0000	0.1889	0.3098	0.0018	0.0049	0.0053	0.0000	0.2531	0.5348	0.0019	0.0039	0.0000	-0.0298	3.2874	4.3545	7.1999	19.4857	0.0000	0.0000	0.0000	0.0000	0.0000	0.0000	0.0000	0.0000	0.0000	0.0552	0.0550	0.0002	0.0004	0.0004	0.0000	0.0548	0.0546	0.0002	0.1306	0.1137	0.0169	0.0243	0.0237	0.0005	0.1063	0.0900	0.0163	0.2922	0.1775	0.1148	0.0757	0.0702	0.0055	0.2166	0.1073	0.1093	0.0000	0.0000	0.0000	0.0000	0.0000	0.0000	0.0000	0.0000	0.0000	0.1889	0.3098	0.0018	0.0049	0.0053	0.0000	0.2531	0.5091	0.0019		
31	33	0.1483	13	1	1	0	1	0	0	0	0	N	N	N	N	N	N	N	N	N	N	N	N	0.0000	0.0000	0.0000	0.0000	0.0000	0.0000	0.0000	0.0000	0.0000	0.0000	0.0000	0.0000	0.0000	0.0000	0.0000	0.0000	0.0000	0.0000	0.0000	0.0000	3.2874	0.0000	7.1999	0.0000	0.0000	0.0000	0.0000	0.0000	0.0000	0.0000	0.0000	0.0000	0.0000	0.0000	0.0000	0.0000	0.0000	0.0000	0.0000	0.0000	0.0000	0.0000	0.0000	0.0000	0.0000	0.0000	0.0000	0.0000	0.0000	0.0000	0.0000	0.0000	0.0000	0.0000	0.0000	0.0000	0.0000	0.0000	0.0000	0.0000	0.0000	0.0000	0.0000	0.0000	0.0000	0.0000	0.0000	0.0000	0.0000	0.0000	0.0000	0.0000	0.0000	0.0000	0.0000	0.0000	0.0000	0.0000											
31	34	0.0426	5	0	1	0	2	0	0	0	0	N	N	N	Y	N	N	N	N	N	N	N	N	5.8612	3.7567	79.6064	0.0179	0.0177	0.0000	2740.6861	45177808.8621	80.1414	1.0939	1.2462	0.0652	0.0151	0.0153	0.0000	1.2623	1.4673	0.0664	0.1866	0.3317	0.0008	0.8445	0.8647	0.0000	0.0005	0.0000	0.0008	0.0077	0.0019	-0.0777	-0.0332	3.2874	6.4588	7.1999	12.7561	0.2082	0.2066	0.0016	0.0004	0.0004	0.0000	0.2078	0.2062	0.0016	0.0614	0.0613	0.0001	0.0613	0.0613	0.0000	0.0001	0.0000	0.0001	0.1903	0.1658	0.0245	0.0257	0.0253	0.0004	0.1646	0.1405	0.0241	0.3291	0.1848	0.1443	0.0726	0.0709	0.0017	0.2565	0.1139	0.1426	5.8612	3.7567	79.6064	0.0179	0.0177	0.0000	2740.6861	45177808.8621	80.1414	0.1866	0.3317	0.0008	0.8445	0.8647	0.0000	0.0005	0.0000	0.0008
31	35	0.0370	4	0	0	0	1	0	0	0	0	N	N	N	N	N	N	N	N	N	N	N	N	0.0188	0.0206	0.0232	0.0411	0.0426	0.0000	0.0103	0.0389	0.0250	0.0041	0.0039	0.0060	0.0118	0.0123	0.0000	0.0019	0.0011	0.0065	0.2181	0.1871	0.2580	0.2876	0.2887	0.0419	0.1815	0.0282	0.2588	0.2139	1.0703	-0.0001	-0.0010	3.2874	2.5642	7.1999	2.5472	0.0004	0.0003	0.0001	0.0003	0.0003	0.0000	0.0001	0.0001	0.0001	0.0386	0.0186	0.0200	0.0176	0.0176	0.0000	0.0210	0.0011	0.0199	0.0966	0.0849	0.0117	0.0217	0.0209	0.0008	0.0749	0.0641	0.0108	0.1770	0.0997	0.0774	0.0611	0.0608	0.0003	0.1160	0.0389	0.0771	0.0188	0.0206	0.0232	0.0411	0.0426	0.0000	0.0103	0.0389	0.0250	0.2181	0.1871	0.2580	0.2876	0.2887	0.0419	0.1815	0.0282	0.2588
31	36	0.0636	7	0	0	1	1	0	0	0	0	N	N	N	N	N	N	N	N	N	N	N	N	0.0000	0.0000	0.0000	0.0000	0.0000	0.0000	0.0000	0.0000	0.0000	0.0000	0.0000	0.0000	0.0000	0.0000	0.0000	0.0000	0.0000	0.0000	0.0000	0.0000	0.0000	0.0000	0.0000	0.0000	-0.0000	3.2874	1.0000	7.1999	2.0003	0.0000	0.0000	0.0000	0.0000	0.0000	0.0000	0.0000	0.0000	0.0000	0.0000	0.0000	0.0000	0.0000	0.0000	0.0000	0.0000	0.0000	0.0000	0.0277	0.0243	0.0035	0.0054	0.0052	0.0003	0.0223	0.0191	0.0032	0.0389	0.0223	0.0166	0.0070	0.0062	0.0007	0.0319	0.0161	0.0158	0.0000	0.0000	0.0000	0.0000	0.0000	0.0000	0.0000	0.0000	0.0000	0.0000	0.0000	0.0000	0.0000	0.0000	0.0000	0.0000	0.0000	0.0000						
31	37	0.0458	6	0	1	0	1	0	0	0	0	N	N	N	N	N	N	N	N	N	N	N	N	0.5172	0.0092	0.8370	0.0130	0.0129	0.0000	0.5031	0.8307	2.3572	0.0004	8.7727	0.0012	0.0012	0.0000	3.1312	0.0000	8.8072	4.5572	0.0433	10.4807	0.0914	0.0921	0.0514	6.2236	0.0000	10.6018	8048.6903	184.3943	0.1213	0.4642	3.2874	1.9619	7.1999	8.3400	0.1960	0.0000	0.1960	0.0000	0.0000	0.0000	0.1960	0.0000	0.1960	1.0278	0.0055	1.0223	0.0056	0.0055	0.0001	1.0222	0.0000	1.0222	0.0832	0.0608	0.0223	0.0206	0.0205	0.0001	0.0626	0.0403	0.0223	0.2255	0.1280	0.0975	0.0613	0.0602	0.0011	0.1643	0.0678	0.0964	0.5172	0.0092	0.8370	0.0130	0.0129	0.0000	0.5031	0.0000	0.8307	4.5572	0.0433	10.4807	0.0914	0.0921	0.0514	6.2236	0.0000	10.6018	
31	38	0.1763	15	1	0	1	1	0	0	0	0	N	N	N	N	N	N	N	N	N	N	N	N	0.0000	0.0000	5.1958	0.0000	0.0000	0.0000	1.8069	0.0000	14.3640	0.0003	0.0000	0.0025	0.0000	0.0000	0.0000	0.0005	0.0000	0.0025	12.0776	19.9935	0.0005	45.8355	41.4080	0.0079	0.0003	0.0004	0.0002	inf	0.0000	0.0000	-0.5439	3.2874	0.0095	7.1999	5.0631	0.0000	0.0000	0.0000	0.0000	0.0000	0.0000	0.0000	0.0000	0.0000	1.0018	1.0017	0.0000	1.0017	1.0017	0.0000	0.0000	0.0000	0.0000	0.0006	0.0005	0.0001	0.0002	0.0002	0.0000	0.0004	0.0003	0.0001	0.0829	0.0501	0.0328	0.0255	0.0242	0.0013	0.0575	0.0259	0.0316	0.0000	0.0000	5.1958	0.0000	0.0000	0.0000	1.8069	0.0000	14.3640	12.0776	19.9935	0.0005	39.3529	41.4080	0.0079	0.0003	0.0004	0.0002
31	41	0.0297	4	0	1	0	2	0	0	0	0	N	N	N	Y	N	N	N	N	N	N	N	N	15.2739	0.0285	41.0452	0.0435	0.0432	0.0000	15.8846	41.0097	0.6791	0.0001	3.8410	0.0006	0.0006	0.0000	0.7750	0.0000	3.8622	0.0445	0.0033	0.0936	0.0145	0.0148	0.0061	0.0488	0.0000	0.0942	8663.3831	23.4290	0.1209	0.0079	3.2874	10.0333	7.1999	21.8674	0.1954	0.0000	0.1954	0.0000	0.0000	0.0000	0.1954	0.0000	0.1954	0.0190	0.0008	0.0182	0.0008	0.0008	0.0000	0.0182	0.0000	0.0182	0.2877	0.2369	0.0509	0.0356	0.0354	0.0003	0.2521	0.2015	0.0506	0.4264	0.2321	0.1943	0.0539	0.0526	0.0013	0.3725	0.1795	0.1930	15.2739	0.0285	41.0452	0.0435	0.0432	0.0000	15.8846	0.0000	41.0097	0.0445	0.0033	0.0936	0.0145	0.0148	0.0061	0.0488	0.0000	0.0942	
31	42	0.1763	15	1	0	1	1	0	0	0	0	N	N	N	N	N	N	N	N	N	N	N	N	0.0000	0.0000	0.0000	0.0000	0.0000	0.0000	0.0000	0.0000	0.0000	0.0000	0.0000	0.0001	0.0000	0.0000	0.0000	0.0000	0.0000	0.0001	1.4108	0.0819	3.4020	0.1461	0.1509	0.0277	2.0559	0.0006	3.5172	inf	27.7081	0.0000	0.0344	3.2874	0.9968	7.1999	1.9513	0.0000	0.0000	0.0000	0.0000	0.0000	0.0000	0.0000	0.0000	0.0000	0.0814	0.0028	0.0785	0.0028	0.0028	0.0000	0.0785	0.0000	0.0785	0.0251	0.0218	0.0033	0.0054	0.0052	0.0002	0.0197	0.0166	0.0031	0.0577	0.0346	0.0231	0.0195	0.0187	0.0008	0.0382	0.0159	0.0223	0.0000	0.0000	0.0000	0.0000	0.0000	0.0000	0.0000	0.0000	0.0000	1.4108	0.0819	3.4020	0.1461	0.1509	0.0277	2.0559	0.0006	3.5172
31	43	0.1631	14	1	0	1	1	0	0	0	0	N	N	N	N	N	N	N	N	N	N	N	N	0.0426	0.0000	0.2057	0.0000	0.0000	0.0000	0.0601	0.0000	0.2053	0.0034	0.0000	0.0258	0.0000	0.0000	0.0000	0.0041	0.0000	0.0271	0.0803	0.0502	0.1253	0.1105	0.1192	0.0055	0.0690	0.0004	0.1318	inf	1.6731	0.0003	0.0006	3.2874	5.0018	7.1999	1.7716	0.0004	0.0000	0.0004	0.0000	0.0000	0.0000	0.0004	0.0000	0.0004	0.0074	0.0028	0.0046	0.0028	0.0028	0.0000	0.0046	0.0000	0.0046	0.1256	0.1090	0.0167	0.0220	0.0212	0.0008	0.1036	0.0878	0.0159	0.0922	0.0552	0.0370	0.0250	0.0231	0.0019	0.0671	0.0321	0.0351	0.0426	0.0000	0.2057	0.0000	0.0000	0.0000	0.0601	0.0000	0.2053	0.0803	0.0502	0.1253	0.1105	0.1192	0.0055	0.0690	0.0004	0.1318
31	44	0.1663	15	1	0	1	1	0	0	0	0	N	N	N	N	N	N	N	N	N	N	N	N	3198.6420	6895.0581	0.0000	1.9409	1.8923	4024.5121	inf	0.0000	1.6421	1.8942	0.0000	0.0011	0.0011	0.0000	1.9934	2.3549	0.0000	0.0005	0.0003	0.0009	0.0006	0.0006	0.0000	0.0005	0.0000	0.0010	0.0000	2.0013	-0.0786	0.0000	3.2874	4.9860	7.1999	2.3663	0.2063	0.2063	0.0000	0.0000	0.0000	0.0000	0.2062	0.2062	0.0000	0.0001	0.0000	0.0000	0.0000	0.0000	0.0000	0.0000	0.0000	0.0000	0.1256	0.1089	0.0167	0.0221	0.0213	0.0008	0.1035	0.0876	0.0159	0.1167	0.0727	0.0440	0.0361	0.0338	0.0022	0.0807	0.0388	0.0418	3198.6420	6895.0581	0.0000	1.9409	1.8923	0.0000	4024.5121	inf	0.0000	0.0005	0.0003	0.0009	0.0006	0.0006	0.0000	0.0005	0.0000	0.0010	
31	45	0.1631	14	1	0	0	1	0	0	0	0	N	N	N	N	N	N	N	N	N	N	N	N	12.0635	14.0361	0.0000	0.0273	0.0262	0.0000	16.2291	20.4211	0.0000	0.0518	0.0585	0.0000	0.0001	0.0001	0.0000	0.0725	0.0858	0.0000	0.0043	0.0042	0.0045	0.0039	0.0041	0.0000	0.0045	0.0042	0.0047	0.0000	0.7638	-0.0000	-0.0000	3.2874	0.0225	7.1999	1.9333	0.0000	0.0000	0.0000	0.0000	0.0000	0.0000	0.0000	0.0000	0.0000	0.0001	0.0001	0.0001	0.0000	0.0000	0.0000	0.0001	0.0000	0.0001	0.0009	0.0008	0.0001	0.0003	0.0002	0.0000	0.0006	0.0005	0.0001	0.0328	0.0192	0.0137	0.0102	0.0097	0.0006	0.0226	0.0095	0.0131	12.0635	14.0361	0.0000	0.0273	0.0262	0.0000	16.2291	20.4211	0.0000	0.0043	0.0042	0.0045	0.0039	0.0041	0.0000	0.0045	0.0042	0.0047
31	46	0.1602	13	1	0	0	1	0	0	0	0	N	N	N	N	N	N	N	N	N	N	N	N	0.0030	0.0062	0.0013	0.0000	0.0000	0.0000	0.0039	inf	0.0013	0.0000	0.0000	0.0000	0.0000	0.0000	0.0000	0.0000	0.0000	0.0000	0.0027	0.0014	0.0048	0.0032	0.0035	0.0000	0.0026	0.0000	0.0051	0.1120	2.2933	-0.0000	0.0000	3.2874	1.0095	7.1999	0.3555	0.0000	0.0000	0.0000	0.0000	0.0000	0.0000	0.0000	0.0000	0.0000	0.0000	0.0000	0.0000	0.0000	0.0000	0.0000	0.0000	0.0000	0.0000	0.0261	0.0226	0.0035	0.0046	0.0044	0.0002	0.0215	0.0182	0.0033	0.0180	0.0109	0.0071	0.0047	0.0043	0.0004	0.0134	0.0066	0.0067	0.0030	0.0062	0.0013	0.0000	0.0000	0.0000	0.0039	inf	0.0013	0.0027	0.0014	0.0048	0.0032	0.0035	0.0000	0.0026	0.0000	0.0051
31	47	0.0458	6	0	0	1	1	0	0	0	0	N	N	N	N	N	N	N	N	N	N	N	N	0.0280	0.0206	0.0827	0.4761	0.4674	0.0000	0.0039	0.0024	0.0821	0.1072	0.1403	0.0000	0.4491	0.4518	0.0000	0.0182	0.0259	0.0000	3.8252	6.7959	0.0005	0.9432	0.9665	0.0000	4.7062	10.7800	0.0006	0.0001	0.0001	-0.0045	-0.5730	3.2874	3.0460	7.1999	11.9126	0.0119	0.0119	0.0000	0.0103	0.0103	0.0000	0.0016	0.0016	0.0000	1.0554	1.0554	0.0001	0.0609	0.0609	0.0000	0.9945	0.9944	0.0001	0.1106	0.0845	0.0261	0.0228	0.0227	0.0001	0.0878	0.0618	0.0259	0.2759	0.1553	0.1206	0.0646	0.0630	0.0016	0.2113	0.0922	0.1191	0.0280	0.0206	0.0827	0.4761	0.4674	0.0000	0.0039	0.0024	0.0821	3.8252	6.7959	0.0005	0.9432	0.9665	0.0000	4.7062	10.7800	0.0006
31	48	0.0324	5	0	0	0	1	0	0	0	0	N	N	N	N	N	N	N	N	N	N	N	N	1.1507	0.9432	1.6037	1.4491	1.4428	0.1331	0.9574	0.0007	1.6001	0.3201	0.2283	0.5207	0.5281	0.5294	0.0024	0.2324	0.0001	0.5219	0.2782	0.2420	0.3247	0.3644	0.3669	0.0178	0.2428	0.1102	0.3261	1.0441	1.0430	0.0025	-0.0016	3.2874	1.1082	7.1999	5.8288	0.0191	0.0094	0.0098	0.0094	0.0094	0.0000	0.0098	0.0000	0.0098	0.0497	0.0243	0.0253	0.0189	0.0189	0.0000	0.0307	0.0054	0.0253	0.0598	0.0410	0.0188	0.0177	0.0177	0.0000	0.0420	0.0233	0.0187	0.1785	0.1004	0.0781	0.0519	0.0516	0.0004	0.1265	0.0488	0.0777	1.1507	0.9432	1.6037	1.4491	1.4428	0.1331	0.9574	0.0007	1.6001	0.2782	0.2420	0.3247	0.3644	0.3669	0.0178	0.2428	0.1102	0.3261
31	49	0.0636	7	0	1	0	1	0	0	0	0	N	N	N	N	N	N	N	N	N	N	N	N	0.0000	0.0000	0.0000	0.0000	0.0000	0.0000	0.0000	0.0000	0.0000	0.0000	0.0000	0.0000	0.0000	0.0000	0.0000	0.0000	0.0000	0.0000	0.0000	0.0000	0.0000	0.0000	0.0000	0.0000	-0.0000	3.2874	0.0000	7.1999	2.0001	0.0000	0.0000	0.0000	0.0000	0.0000	0.0000	0.0000	0.0000	0.0000	0.0000	0.0000	0.0000	0.0000	0.0000	0.0000	0.0000	0.0000	0.0000	0.0000	0.0000	0.0000	0.0000	0.0000	0.0000	0.0000	0.0000	0.0000	0.0261	0.0150	0.0111	0.0047	0.0042	0.0005	0.0214	0.0108	0.0106	0.0000	0.0000	0.0000	0.0000	0.0000	0.0000	0.0000	0.0000	0.0000	0.0000	0.0000	0.0000	0.0000	0.0000	0.0000	0.0000	0.0000	0.0000						
31	50	0.1957	18	1	1	1	1	0	0	0	0	N	N	N	N	N	N	N	N	N	N	N	N	0.0000	0.0000	0.0000	0.0000	0.0000	0.0000	0.0000	0.0000	0.0000	0.0000	0.0000	0.0000	0.0000	0.0000	0.0000	0.0000	0.0000	0.0000	0.0000	0.0000	3.2874	0.0000	7.1999	1.7047	0.0000	0.0000	0.0000	0.0000	0.0000	0.0000	0.0000	0.0000	0.0000	0.0000	0.0000	0.0000	0.0000	0.0000	0.0000	0.0000	0.0000	0.0000	0.0000	0.0000	0.0000	0.0000	0.0000	0.0000	0.0000	0.0000	0.0000	0.0402	0.0306	0.0096	0.0165	0.0157	0.0008	0.0237	0.0149	0.0088	0.0000	0.0000	0.0000	0.0000	0.0000	0.0000	0.0000	0.0000	0.0000	0.0000	0.0000	0.0000	0.0000	0.0000	0.0000	0.0000	0.0000	0.0000											
31	51	0.1957	18	1	1	1	1	0	0	0	0	N	N	N	N	N	N	N	N	N	N	N	N	0.0000	0.0000	0.0000	0.0000	0.0000	0.0000	0.0000	0.0000	0.0000	0.0000	0.0000	0.0000	0.0000	0.0000	0.0000	0.0000	0.0000	0.0000	0.0000	0.0000	3.2874	0.0000	7.1999	0.2953	0.0000	0.0000	0.0000	0.0000	0.0000	0.0000	0.0000	0.0000	0.0000	0.0000	0.0000	0.0000	0.0000	0.0000	0.0000	0.0000	0.0000	0.0000	0.0000	0.0000	0.0000	0.0000	0.0000	0.0000	0.0000	0.0000	0.0000	0.0236	0.0205	0.0031	0.0112	0.0110	0.0001	0.0124	0.0095	0.0030	0.0000	0.0000	0.0000	0.0000	0.0000	0.0000	0.0000	0.0000	0.0000	0.0000	0.0000	0.0000	0.0000	0.0000	0.0000	0.0000	0.0000	0.0000											
31	52	0.1928	17	1	1	1	1	0	0	0	0	N	N	N	N	N	N	N	N	N	N	N	N	0.0000	0.0000	0.0000	0.0000	0.0000	0.0000	0.0000	0.0000	0.0000	0.0000	0.0000	0.0000	0.0000	0.0000	0.0000	0.0000	0.0000	0.0000	0.0000	0.0000	0.0000	0.0000	inf	0.0000	0.0000	3.2874	0.0001	7.1999	1.7968	0.0000	0.0000	0.0000	0.0000	0.0000	0.0000	0.0000	0.0000	0.0000	0.0000	0.0000	0.0000	0.0000	0.0000	0.0000	0.0000	0.0000	0.0000	0.0000	0.0000	0.0000	0.0000	0.0000	0.0000	0.0000	0.0000	0.0000	0.0308	0.0203	0.0105	0.0112	0.0106	0.0007	0.0195	0.0097	0.0098	0.0000	0.0000	0.0000	0.0000	0.0000	0.0000	0.0000	0.0000	0.0000	0.0000	0.0000	0.0000	0.0000	0.0000	0.0000	0.0000	0.0000	0.0000						
31	53	0.1745	11	1	1	0	1	0	0	0	0	N	N	N	N	N	N	N	N	N	N	N	N	1.0804	0.7705	0.0000	0.3351	0.3274	0.0000	656.9071	inf	0.0000	0.0001	0.0001	0.0000	0.0001	0.0001	0.0000	0.0001	0.0001	0.0000	0.0001	0.0001	0.0000	0.0003	0.0003	0.0000	0.0000	0.0000	0.0000	0.0000	0.0014	-0.0000	-0.0000	3.2874	1.8240	7.1999	0.8872	0.0000	0.0000	0.0000	0.0000	0.0000	0.0000	0.0000	0.0000	0.0000	0.0000	0.0000	0.0000	0.0000	0.0000	0.0000	0.0000	0.0000	0.0000	0.0601	0.0537	0.0064	0.0177	0.0170	0.0006	0.0424	0.0366	0.0058	0.0443	0.0282	0.0161	0.0145	0.0137	0.0008	0.0298	0.0145	0.0153	1.0804	0.7705	0.0000	0.3351	0.3274	0.0000	656.9071	inf	0.0000	0.0001	0.0001	0.0000	0.0003	0.0003	0.0000	0.0000	0.0000	0.0000
31	54	0.0936	9	0	1	0	2	0	0	0	0	N	N	N	Y	N	N	N	N	N	N	N	N	0.0000	0.0000	0.0000	0.0000	0.0000	0.0000	0.0000	0.0000	0.0000	0.0000	0.0000	0.0000	0.0000	0.0000	0.0000	0.0000	0.0101	0.0166	0.0000	0.0425	0.0457	0.0000	0.0000	0.0000	0.0000	0.0001	0.0000	-0.0004	3.2874	0.0007	7.1999	4.7762	0.0000	0.0000	0.0000	0.0000	0.0000	0.0000	0.0000	0.0000	0.0000	0.0007	0.0007	0.0000	0.0007	0.0007	0.0000	0.0000	0.0000	0.0000	0.0000	0.0000	0.0000	0.0000	0.0000	0.0000	0.0000	0.0000	0.0000	0.0694	0.0420	0.0275	0.0164	0.0153	0.0011	0.0530	0.0267	0.0263	0.0000	0.0000	0.0000	0.0000	0.0000	0.0000	0.0000	0.0000	0.0000	0.0101	0.0166	0.0000	0.0425	0.0457	0.0000	0.0000	0.0000	0.0000			
31	55	0.0936	9	0	0	0	2	0	0	0	0	N	N	N	Y	N	N	N	N	N	N	N	N	0.0000	0.0000	0.0000	0.0000	0.0000	0.0000	0.0000	0.0000	0.0000	0.0000	0.0000	0.0000	0.0000	0.0000	0.0000	0.0000	0.0000	0.0008	0.0003	0.0017	0.0031	0.0008	0.0383	0.0001	0.0000	0.0001	3.2190	0.0000	0.0000	3.2874	0.0007	7.1999	3.2259	0.0000	0.0000	0.0000	0.0000	0.0000	0.0000	0.0000	0.0000	0.0000	0.0000	0.0000	0.0000	0.0000	0.0000	0.0000	0.0000	0.0000	0.0000	0.0000	0.0000	0.0000	0.0000	0.0000	0.0000	0.0000	0.0000	0.0000	0.0504	0.0312	0.0192	0.0128	0.0120	0.0008	0.0376	0.0192	0.0185	0.0000	0.0000	0.0000	0.0000	0.0000	0.0000	0.0000	0.0000	0.0000	0.0008	0.0003	0.0017	0.0031	0.0008	0.0383	0.0001	0.0000	0.0001		
31	56	0.0892	8	0	0	0	2	0	0	0	0	N	N	N	Y	N	N	N	N	N	N	N	N	0.0000	0.0000	0.0000	0.0000	0.0000	0.0000	0.0000	0.0000	0.0000	0.0000	0.0000	0.0000	0.0000	0.0000	0.0000	0.0000	0.0000	0.0003	0.0005	0.0000	0.0012	0.0012	0.0001	0.0000	0.0000	0.0000	0.0080	0.0000	-0.0000	3.2874	0.9953	7.1999	1.3904	0.0000	0.0000	0.0000	0.0000	0.0000	0.0000	0.0000	0.0000	0.0000	0.0000	0.0000	0.0000	0.0000	0.0000	0.0000	0.0000	0.0000	0.0000	0.0260	0.0225	0.0035	0.0035	0.0034	0.0001	0.0225	0.0191	0.0034	0.0389	0.0246	0.0143	0.0102	0.0097	0.0006	0.0287	0.0150	0.0137	0.0000	0.0000	0.0000	0.0000	0.0000	0.0000	0.0000	0.0000	0.0000	0.0003	0.0005	0.0000	0.0012	0.0012	0.0001	0.0000	0.0000	0.0000		
31	57	0.0825	7	0	0	0	2	0	0	0	0	N	N	N	Y	N	N	N	N	N	N	N	N	0.0000	0.0000	0.0000	0.0000	0.0000	0.0000	0.0000	0.0000	0.0000	0.0000	0.0000	0.0000	0.0000	0.0000	0.0000	0.0000	0.0005	0.0004	0.0005	0.0010	0.0011	0.0000	0.0003	0.0000	0.0005	0.7981	0.0000	-0.0000	3.2874	0.0068	7.1999	3.2797	0.0000	0.0000	0.0000	0.0000	0.0000	0.0000	0.0000	0.0000	0.0000	0.0000	0.0000	0.0000	0.0000	0.0000	0.0000	0.0000	0.0000	0.0000	0.0002	0.0002	0.0000	0.0000	0.0000	0.0000	0.0002	0.0001	0.0000	0.0494	0.0290	0.0204	0.0119	0.0112	0.0008	0.0375	0.0179	0.0196	0.0000	0.0000	0.0000	0.0000	0.0000	0.0000	0.0000	0.0000	0.0000	0.0005	0.0004	0.0005	0.0010	0.0011	0.0000	0.0003	0.0000	0.0005			
31	58	0.0414	6	0	0	0	2	0	0	0	0	N	N	N	Y	N	N	N	N	N	N	N	N	0.7082	0.4783	0.1001	0.6467	0.6533	1.2580	0.0316	0.0000	0.0855	0.0393	0.0471	0.0000	0.1967	0.2066	0.0001	0.0000	0.0000	0.0000	0.0555	0.0984	0.0003	0.3042	0.3163	0.0001	0.0001	0.0000	0.0003	0.0001	0.0020	-0.0028	-0.0084	3.2874	5.8573	7.1999	13.1443	0.0075	0.0075	0.0000	0.0075	0.0075	0.0000	0.0000	0.0000	0.0000	0.0156	0.0156	0.0000	0.0156	0.0156	0.0000	0.0000	0.0000	0.0000	0.1902	0.1588	0.0314	0.0380	0.0362	0.0018	0.1522	0.1226	0.0296	0.2813	0.1583	0.1230	0.0512	0.0493	0.0020	0.2301	0.1090	0.1211	0.7082	0.4783	0.1001	0.6467	0.6533	1.2580	0.0316	0.0000	0.0855	0.0555	0.0984	0.0003	0.3042	0.3163	0.0001	0.0001	0.0000	0.0003
31	59	0.1930	18	0	1	1	1	0	0	0	0	N	N	N	N	N	N	N	N	N	N	N	N	0.0035	0.0000	12.8110	0.0002	0.0000	0.4709	38.3955	0.0000	205.5983	0.0001	0.0000	0.0005	0.0000	0.0000	0.0002	0.0001	0.0000	0.0005	0.0189	0.0290	0.0000	0.0563	0.0615	0.0005	0.0000	0.0000	0.0000	inf	0.0007	0.0000	-0.0007	3.2874	0.9979	7.1999	4.0614	0.0000	0.0000	0.0000	0.0000	0.0000	0.0000	0.0000	0.0000	0.0000	0.0014	0.0014	0.0000	0.0014	0.0014	0.0000	0.0000	0.0000	0.0000	0.0253	0.0220	0.0033	0.0055	0.0053	0.0002	0.0198	0.0167	0.0031	0.0727	0.0474	0.0253	0.0244	0.0224	0.0020	0.0483	0.0250	0.0233	0.0035	0.0000	12.8110	0.0002	0.0000	0.4709	38.3955	0.0000	205.5983	0.0189	0.0290	0.0000	0.0563	0.0615	0.0005	0.0000	0.0000	0.0000
31	60	0.1845	17	0	1	0	1	0	0	0	0	N	N	N	N	N	N	N	N	N	N	N	N	1.2379	0.0001	4.6044	0.0000	0.0000	0.0000	1.0651	0.0001	4.5690	0.0273	0.0000	0.2086	0.0000	0.0000	0.0000	0.0346	0.0000	0.2219	0.0220	0.0094	0.0453	0.0005	0.0005	0.0003	0.0325	0.0172	0.0486	32842.3986	2.6106	0.0010	0.0002	3.2874	2.2356	7.1999	2.2044	0.0016	0.0000	0.0016	0.0000	0.0000	0.0000	0.0016	0.0000	0.0016	0.0014	0.0004	0.0010	0.0000	0.0000	0.0000	0.0014	0.0004	0.0010	0.0586	0.0509	0.0077	0.0124	0.0120	0.0005	0.0461	0.0389	0.0072	0.0628	0.0407	0.0221	0.0206	0.0191	0.0015	0.0422	0.0216	0.0206	1.2379	0.0001	4.6044	0.0000	0.0000	0.0000	1.0651	0.0001	4.5690	0.0220	0.0094	0.0453	0.0005	0.0005	0.0003	0.0325	0.0172	0.0486
31	61	0.1639	15	1	0	1	1	0	0	0	0	N	N	N	N	N	N	N	N	N	N	N	N	0.0000	0.0000	0.0000	0.0000	0.0000	0.0000	0.0000	0.0000	0.0000	0.0000	0.0000	0.0000	0.0000	0.0000	0.0000	0.0000	0.0000	0.0000	0.4194	0.0049	1.0552	0.0081	0.0089	0.0007	0.5598	0.0024	1.1196	141.5363	0.0000	0.0212	3.2874	2.0703	7.1999	7.0012	0.0000	0.0000	0.0000	0.0000	0.0000	0.0000	0.0000	0.0000	0.0000	0.0471	0.0003	0.0467	0.0002	0.0002	0.0000	0.0468	0.0001	0.0467	0.0552	0.0480	0.0072	0.0115	0.0111	0.0004	0.0437	0.0369	0.0068	0.1122	0.0679	0.0443	0.0286	0.0260	0.0025	0.0837	0.0419	0.0417	0.0000	0.0000	0.0000	0.0000	0.0000	0.0000	0.0000	0.0000	0.0000	0.4194	0.0049	1.0552	0.0081	0.0089	0.0007	0.5598	0.0024	1.1196	
31	62	0.1623	14	0	0	0	1	0	0	0	0	N	N	N	N	N	N	N	N	N	N	N	N	0.0000	0.0000	0.0000	0.0000	0.0000	0.0000	0.0000	0.0000	0.0000	0.0000	0.0000	0.0000	0.0000	0.0000	0.0000	0.0000	0.0000	0.0000	0.0280	0.0081	0.0587	0.0144	0.0157	0.0001	0.0329	0.0032	0.0621	4.6994	0.0000	0.0001	3.2874	0.9285	7.1999	0.0280	0.0000	0.0000	0.0000	0.0000	0.0000	0.0000	0.0000	0.0000	0.0000	0.0004	0.0001	0.0003	0.0000	0.0000	0.0000	0.0003	0.0000	0.0003	0.0242	0.0210	0.0032	0.0048	0.0046	0.0002	0.0195	0.0165	0.0030	0.0125	0.0076	0.0049	0.0033	0.0030	0.0003	0.0093	0.0046	0.0047	0.0000	0.0000	0.0000	0.0000	0.0000	0.0000	0.0000	0.0000	0.0000	0.0280	0.0081	0.0587	0.0144	0.0157	0.0001	0.0329	0.0032	0.0621	
31	63	0.1246	9	1	1	0	1	0	0	0	0	N	N	N	N	N	N	N	N	N	N	N	N	0.0000	0.0000	0.0000	0.0000	0.0000	0.0000	0.0000	0.0000	0.0000	0.0000	0.0000	0.0000	0.0000	0.0000	0.0000	0.0000	0.0000	0.0016	0.0025	0.0000	0.0054	0.0058	0.0000	0.0000	0.0000	0.0000	0.0068	0.0000	-0.0000	3.2874	1.0023	7.1999	3.0135	0.0000	0.0000	0.0000	0.0000	0.0000	0.0000	0.0000	0.0000	0.0000	0.0001	0.0001	0.0000	0.0001	0.0001	0.0000	0.0000	0.0000	0.0000	0.0263	0.0227	0.0036	0.0046	0.0044	0.0002	0.0217	0.0183	0.0034	0.0542	0.0351	0.0191	0.0163	0.0152	0.0011	0.0379	0.0200	0.0179	0.0000	0.0000	0.0000	0.0000	0.0000	0.0000	0.0000	0.0000	0.0000	0.0016	0.0025	0.0000	0.0054	0.0058	0.0000	0.0000	0.0000	0.0000		
31	64	0.0982	8	1	1	0	1	0	0	0	0	N	N	N	N	N	N	N	N	N	N	N	N	0.0000	0.0000	0.0000	0.0000	0.0000	0.0000	0.0000	0.0000	0.0000	0.0000	0.0000	0.0000	0.0000	0.0000	0.0000	0.0000	0.0000	0.0022	0.0025	0.0016	0.0061	0.0066	0.0000	0.0008	0.0000	0.0017	0.3949	0.0000	-0.0001	3.2874	3.0820	7.1999	9.3392	0.0000	0.0000	0.0000	0.0000	0.0000	0.0000	0.0000	0.0000	0.0000	0.0003	0.0002	0.0001	0.0002	0.0002	0.0000	0.0001	0.0000	0.0001	0.0945	0.0825	0.0120	0.0196	0.0191	0.0005	0.0748	0.0633	0.0115	0.1577	0.0969	0.0608	0.0398	0.0369	0.0030	0.1178	0.0600	0.0578	0.0000	0.0000	0.0000	0.0000	0.0000	0.0000	0.0000	0.0000	0.0000	0.0022	0.0025	0.0016	0.0061	0.0066	0.0000	0.0008	0.0000	0.0017		
31	65	0.1845	17	0	1	0	1	0	0	0	0	N	N	N	N	N	N	N	N	N	N	N	N	0.1382	0.1059	0.0000	0.2003	0.2005	0.0000	0.0000	0.0000	0.0000	0.0000	0.0000	0.0001	0.0001	0.0000	0.0000	0.0000	0.0000	0.0001	0.0001	0.0000	0.0003	0.0003	0.0002	0.0000	0.0000	0.0000	0.0000	0.0558	-0.0000	-0.0000	3.2874	1.7946	7.1999	5.9592	0.0000	0.0000	0.0000	0.0000	0.0000	0.0000	0.0000	0.0000	0.0000	0.0000	0.0000	0.0000	0.0000	0.0000	0.0000	0.0000	0.0000	0.0000	0.0478	0.0416	0.0062	0.0104	0.0100	0.0004	0.0374	0.0316	0.0058	0.0999	0.0631	0.0368	0.0312	0.0287	0.0026	0.0686	0.0344	0.0342	0.1382	0.1059	0.0000	0.2003	0.2005	0.0000	0.0000	0.0000	0.0000	0.0001	0.0001	0.0000	0.0003	0.0003	0.0002	0.0000	0.0000	0.0000	
31	66	0.1777	16	0	1	0	1	0	0	0	0	N	N	N	N	N	N	N	N	N	N	N	N	0.0526	0.0000	0.6609	0.0000	0.0000	0.0000	0.0695	0.0000	0.7633	0.0000	0.0000	0.0001	0.0000	0.0000	0.0000	0.0000	0.0000	0.0001	0.0003	0.0004	0.0002	0.0003	0.0003	0.0004	0.0003	0.0005	0.0002	inf	0.3176	0.0000	-0.0000	3.2874	1.3569	7.1999	2.0560	0.0000	0.0000	0.0000	0.0000	0.0000	0.0000	0.0000	0.0000	0.0000	0.0000	0.0000	0.0000	0.0000	0.0000	0.0000	0.0000	0.0000	0.0000	0.0390	0.0339	0.0051	0.0088	0.0085	0.0003	0.0302	0.0254	0.0048	0.0445	0.0269	0.0176	0.0132	0.0121	0.0011	0.0312	0.0148	0.0164	0.0526	0.0000	0.6609	0.0000	0.0000	0.0000	0.0695	0.0000	0.7633	0.0003	0.0004	0.0002	0.0003	0.0003	0.0004	0.0003	0.0005	0.0002
31	67	0.1643	15	0	1	0	1	0	0	0	0	N	N	N	N	N	N	N	N	N	N	N	N	0.0000	0.0000	0.0000	0.0000	0.0000	0.0000	0.0000	0.0000	0.0000	0.0000	0.0000	0.0000	0.0000	0.0000	0.0000	0.0000	0.0000	0.0001	0.0000	0.0001	0.0000	0.0000	0.0000	0.0001	0.0001	0.0001	0.8618	0.0000	-0.0000	3.2874	4.9477	7.1999	2.0153	0.0000	0.0000	0.0000	0.0000	0.0000	0.0000	0.0000	0.0000	0.0000	0.0000	0.0000	0.0000	0.0000	0.0000	0.0000	0.0000	0.0000	0.0000	0.1326	0.1149	0.0177	0.0273	0.0260	0.0013	0.1052	0.0889	0.0163	0.0885	0.0552	0.0333	0.0280	0.0256	0.0024	0.0604	0.0296	0.0309	0.0000	0.0000	0.0000	0.0000	0.0000	0.0000	0.0000	0.0000	0.0000	0.0001	0.0000	0.0001	0.0000	0.0000	0.0000	0.0001	0.0001	0.0001		
31	68	0.0636	7	0	0	1	1	0	0	0	0	N	N	N	N	N	N	N	N	N	N	N	N	0.0000	0.0000	0.0000	0.0000	0.0000	0.0000	0.0000	0.0000	0.0000	0.0000	0.0000	0.0000	0.0000	0.0000	0.0000	0.0000	0.0000	0.0000	0.0000	0.0000	0.0000	0.0000	0.0000	0.0000	-0.0000	3.2874	0.0000	7.1999	4.0001	0.0000	0.0000	0.0000	0.0000	0.0000	0.0000	0.0000	0.0000	0.0000	0.0000	0.0000	0.0000	0.0000	0.0000	0.0000	0.0000	0.0000	0.0000	0.0000	0.0000	0.0000	0.0000	0.0000	0.0000	0.0000	0.0000	0.0000	0.0516	0.0296	0.0220	0.0092	0.0082	0.0010	0.0424	0.0214	0.0210	0.0000	0.0000	0.0000	0.0000	0.0000	0.0000	0.0000	0.0000	0.0000	0.0000	0.0000	0.0000	0.0000	0.0000	0.0000	0.0000	0.0000	0.0000						
31	69	0.0414	6	0	0	0	1	0	0	0	0	N	N	N	N	N	N	N	N	N	N	N	N	0.3557	26.4392	0.0000	0.8610	0.8851	0.0000	0.3741	58152105.5195	0.0000	1.7644	2.1627	0.0000	0.1848	0.1950	0.0000	2.3503	3.0647	0.0000	4.9608	0.0818	11.3631	0.2147	0.2203	0.0484	6.2830	0.0000	11.5543	0.0000	105.8646	-0.0781	0.4488	3.2874	2.8240	7.1999	8.9883	0.2050	0.2050	0.0000	0.0058	0.0058	0.0000	0.1992	0.1992	0.0000	1.0026	0.0094	0.9932	0.0095	0.0094	0.0001	0.9931	0.0000	0.9931	0.1162	0.0948	0.0214	0.0314	0.0298	0.0016	0.0848	0.0650	0.0198	0.2021	0.1147	0.0874	0.0440	0.0426	0.0015	0.1581	0.0721	0.0860	0.3557	26.4392	0.0000	0.8610	0.8851	0.0000	0.3741	58152105.5195	0.0000	4.9608	0.0818	11.3631	0.2147	0.2203	0.0484	6.2830	0.0000	11.5543
31	70	0.0324	5	0	0	0	1	0	0	0	0	N	N	N	N	N	N	N	N	N	N	N	N	0.6320	0.4030	1.8903	0.5430	0.5417	0.2670	1.4150	9.9421	1.8882	0.2373	0.2223	0.2737	0.5201	0.5217	0.0010	0.1336	0.0410	0.2744	0.3754	0.5517	0.1448	0.9579	0.9631	0.0038	0.0944	0.0041	0.1454	0.5055	0.2005	-0.0007	-0.0221	3.2874	1.4521	7.1999	3.5882	0.0163	0.0108	0.0055	0.0096	0.0096	0.0000	0.0067	0.0012	0.0055	0.0588	0.0489	0.0098	0.0488	0.0488	0.0000	0.0100	0.0002	0.0098	0.0686	0.0487	0.0200	0.0184	0.0183	0.0001	0.0502	0.0303	0.0199	0.1565	0.0887	0.0678	0.0509	0.0507	0.0003	0.1056	0.0381	0.0675	0.6320	0.4030	1.8903	0.5430	0.5417	0.2670	1.4150	9.9421	1.8882	0.3754	0.5517	0.1448	0.9579	0.9631	0.0038	0.0944	0.0041	0.1454
31	71	0.0297	4	0	0	0	1	0	0	0	0	N	N	N	N	N	N	N	N	N	N	N	N	0.8254	0.5481	1.5870	0.8189	0.8181	0.0000	1.0127	0.1243	1.5862	0.2843	0.2149	0.4443	0.4861	0.4869	0.0000	0.1944	0.0001	0.4451	0.3445	0.3921	0.2800	0.5936	0.5951	0.0484	0.1920	0.0006	0.2806	0.8968	0.5278	0.0018	-0.0068	3.2874	1.1783	7.1999	0.9542	0.0197	0.0104	0.0093	0.0104	0.0104	0.0000	0.0093	0.0000	0.0093	0.0346	0.0226	0.0119	0.0226	0.0226	0.0000	0.0119	0.0000	0.0119	0.0694	0.0484	0.0210	0.0214	0.0213	0.0000	0.0480	0.0270	0.0210	0.1003	0.0577	0.0426	0.0381	0.0380	0.0001	0.0622	0.0197	0.0425	0.8254	0.5481	1.5870	0.8189	0.8181	0.0000	1.0127	0.1243	1.5862	0.3445	0.3921	0.2800	0.5936	0.5951	0.0484	0.1920	0.0006	0.2806
31	72	0.0251	3	0	0	0	1	0	0	0	0	N	N	N	N	N	N	N	N	N	N	N	N	0.9297	0.6497	1.6846	1.1650	1.1605	0.0000	0.9130	0.0000	1.6802	0.2321	0.1605	0.4260	0.5097	0.5099	0.0000	0.1491	0.0000	0.4262	0.2496	0.2470	0.2529	0.4375	0.4394	0.0138	0.1633	0.0004	0.2536	0.9795	0.8120	0.0024	-0.0026	3.2874	2.0762	7.1999	1.4610	0.0209	0.0106	0.0103	0.0106	0.0106	0.0000	0.0103	0.0000	0.0103	0.0277	0.0153	0.0124	0.0153	0.0153	0.0000	0.0124	0.0000	0.0124	0.0900	0.0657	0.0243	0.0207	0.0207	0.0000	0.0693	0.0450	0.0242	0.1111	0.0620	0.0492	0.0350	0.0348	0.0002	0.0761	0.0272	0.0490	0.9297	0.6497	1.6846	1.1650	1.1605	0.0000	0.9130	0.0000	1.6802	0.2496	0.2470	0.2529	0.4375	0.4394	0.0138	0.1633	0.0004	0.2536
31	73	0.0893	7	0	0	0	1	0	0	0	0	N	N	N	N	N	N	N	N	N	N	N	N	0.0000	0.0000	0.0000	0.0000	0.0000	0.0000	0.0000	0.0000	0.0000	0.0000	0.0000	0.0000	0.0000	0.0000	0.0000	0.0000	0.0000	0.0265	0.0003	0.0655	0.0004	0.0004	0.0000	0.0340	0.0003	0.0685	129.2072	0.0000	0.0030	3.2874	4.0673	7.1999	17.8409	0.0000	0.0000	0.0000	0.0000	0.0000	0.0000	0.0000	0.0000	0.0000	0.0068	0.0001	0.0067	0.0000	0.0000	0.0000	0.0067	0.0000	0.0067	0.1181	0.1029	0.0153	0.0228	0.0221	0.0006	0.0953	0.0807	0.0146	0.2545	0.1521	0.1024	0.0563	0.0518	0.0045	0.1982	0.1003	0.0978	0.0000	0.0000	0.0000	0.0000	0.0000	0.0000	0.0000	0.0000	0.0000	0.0265	0.0003	0.0655	0.0004	0.0004	0.0000	0.0340	0.0003	0.0685		
31	75	0.2260	11	0	0	0	1	0	0	0	0	N	N	N	N	N	N	N	N	N	N	N	N	0.2914	0.2262	0.8643	0.8829	0.7764	19.1205	0.0032	0.0014	0.3654	0.0266	0.0299	0.0012	0.0707	0.0738	0.0046	0.0003	0.0003	0.0007	0.0912	0.1323	0.0014	0.0801	0.0950	0.0002	0.1018	0.1884	0.0018	0.0054	0.0049	-0.0015	-0.0454	3.2874	3.5843	7.1999	46.7516	0.0039	0.0039	0.0000	0.0038	0.0038	0.0000	0.0000	0.0000	0.0000	0.0843	0.0839	0.0004	0.0363	0.0362	0.0000	0.0481	0.0477	0.0004	0.1458	0.1287	0.0170	0.0544	0.0519	0.0024	0.0914	0.0768	0.0146	0.9250	0.6344	0.2905	0.4527	0.3813	0.0714	0.4723	0.2531	0.2191	0.2914	0.2262	0.8643	0.8829	0.7764	19.1205	0.0032	0.0014	0.3654	0.0912	0.1323	0.0014	0.0801	0.0950	0.0002	0.1018	0.1884	0.0018
31	76	0.1912	17	1	1	1	1	0	0	0	0	N	N	N	N	N	N	N	N	N	N	N	N	0.0000	0.0000	0.0000	0.0000	0.0000	0.0000	0.0000	0.0000	0.0000	0.0000	0.0000	0.0000	0.0000	0.0000	0.0000	0.0000	0.0000	0.0000	0.1111	0.0000	0.2901	0.0012	0.0000	0.0129	0.1681	0.0000	0.3149	48856.2275	0.0000	0.0013	3.2874	1.0003	7.1999	1.0071	0.0000	0.0000	0.0000	0.0000	0.0000	0.0000	0.0000	0.0000	0.0000	0.0027	0.0000	0.0027	0.0000	0.0000	0.0000	0.0027	0.0000	0.0027	0.0249	0.0217	0.0032	0.0056	0.0054	0.0002	0.0194	0.0163	0.0030	0.0247	0.0152	0.0095	0.0084	0.0077	0.0008	0.0163	0.0076	0.0087	0.0000	0.0000	0.0000	0.0000	0.0000	0.0000	0.0000	0.0000	0.0000	0.1111	0.0000	0.2901	0.0012	0.0000	0.0129	0.1681	0.0000	0.3149	
31	77	0.1844	16	1	0	1	1	0	0	0	0	N	N	N	N	N	N	N	N	N	N	N	N	0.0000	0.0000	0.0000	0.0000	0.0000	0.0000	0.0000	0.0000	0.0000	0.0000	0.0000	0.0000	0.0000	0.0000	0.0000	0.0000	0.0000	0.0000	5.5620	0.0115	31.7023	0.0205	0.0199	0.0463	9.7496	0.0005	28.9479	648.4622	0.0000	0.2938	3.2874	0.9901	7.1999	2.2068	0.0000	0.0000	0.0000	0.0000	0.0000	0.0000	0.0000	0.0000	0.0000	0.6450	0.0010	0.6440	0.0010	0.0010	0.0000	0.6440	0.0000	0.6440	0.0251	0.0218	0.0033	0.0056	0.0054	0.0002	0.0194	0.0164	0.0031	0.1160	0.0860	0.0300	0.0499	0.0488	0.0011	0.0661	0.0372	0.0289	0.0000	0.0000	0.0000	0.0000	0.0000	0.0000	0.0000	0.0000	0.0000	5.5620	0.0115	21.4914	0.0205	0.0199	0.0463	9.7496	0.0005	22.2902	
31	78	0.1069	8	0	1	0	1	0	0	0	0	N	N	N	N	N	N	N	N	N	N	N	N	10.9005	1139.5254	0.0000	2018.9625	2094.9130	0.0000	0.0000	0.0000	0.0000	4.1179	4.7094	0.0000	17.3607	18.0926	0.0000	0.0000	0.0000	0.0000	0.3778	0.0041	1.0614	0.0086	0.0086	0.0081	0.5329	0.0008	1.1280	0.0000	140.3728	-0.3809	0.0558	3.2874	8.4371	7.1999	15.3349	0.9995	0.9995	0.0000	0.9995	0.9995	0.0000	0.0000	0.0000	0.0000	0.1241	0.0009	0.1232	0.0008	0.0008	0.0001	0.1233	0.0001	0.1232	0.2427	0.2122	0.0305	0.0576	0.0552	0.0023	0.1851	0.1570	0.0282	0.3285	0.2124	0.1161	0.0972	0.0903	0.0069	0.2313	0.1221	0.1092	10.9005	1139.5254	0.0000	2018.9625	2094.9130	0.0000	0.0000	0.0000	0.0000	0.3778	0.0041	1.0614	0.0086	0.0086	0.0081	0.5329	0.0008	1.1280
31	79	0.1844	16	1	0	1	1	0	0	0	0	N	N	N	N	N	N	N	N	N	N	N	N	0.0000	0.0000	0.0000	0.0000	0.0000	0.0000	0.0000	0.0000	0.0000	0.0000	0.0000	0.0000	0.0000	0.0000	0.0000	0.0000	0.0000	0.0000	4.1130	0.6789	11.8239	0.0024	0.0017	0.0174	6.6095	1.4293	12.4794	7.7572	0.0000	0.2500	3.2874	3.0096	7.1999	5.7427	0.0000	0.0000	0.0000	0.0000	0.0000	0.0000	0.0000	0.0000	0.0000	0.7292	0.0833	0.6459	0.0002	0.0001	0.0000	0.7291	0.0832	0.6459	0.0748	0.0651	0.0097	0.0166	0.0160	0.0006	0.0582	0.0491	0.0091	0.1773	0.1227	0.0546	0.0670	0.0641	0.0029	0.1103	0.0585	0.0518	0.0000	0.0000	0.0000	0.0000	0.0000	0.0000	0.0000	0.0000	0.0000	4.1130	0.6789	11.8239	0.0024	0.0017	0.0174	6.6095	1.4204	12.4794	
31	80	0.1688	15	1	0	1	1	0	0	0	0	N	N	N	N	N	N	N	N	N	N	N	N	0.0000	0.0000	0.0000	0.0000	0.0000	0.0000	0.0000	0.0000	0.0000	0.0000	0.0000	0.0000	0.0000	0.0000	0.0000	0.0000	0.0000	0.0000	3.5584	0.1352	9.2046	0.2875	0.3058	0.0323	4.9133	0.0017	9.7079	41.2779	0.0000	0.1545	3.2874	1.0477	7.1999	6.1154	0.0000	0.0000	0.0000	0.0000	0.0000	0.0000	0.0000	0.0000	0.0000	0.3564	0.0084	0.3480	0.0084	0.0084	0.0001	0.3480	0.0001	0.3479	0.0293	0.0257	0.0036	0.0073	0.0071	0.0002	0.0220	0.0186	0.0034	0.1002	0.0624	0.0378	0.0293	0.0274	0.0020	0.0708	0.0350	0.0358	0.0000	0.0000	0.0000	0.0000	0.0000	0.0000	0.0000	0.0000	0.0000	3.5584	0.1352	9.2046	0.2875	0.3058	0.0323	4.9133	0.0017	9.7079	
31	81	0.1623	14	0	0	0	1	0	0	0	0	N	N	N	N	N	N	N	N	N	N	N	N	0.0000	0.0000	0.0000	0.0000	0.0000	0.0000	0.0000	0.0000	0.0000	0.0000	0.0000	0.0000	0.0000	0.0000	0.0000	0.0000	0.0000	0.3410	0.0099	0.8483	0.0048	0.0052	0.0000	0.4564	0.0128	0.8998	56.0378	0.0000	0.0057	3.2874	1.9794	7.1999	1.0196	0.0000	0.0000	0.0000	0.0000	0.0000	0.0000	0.0000	0.0000	0.0000	0.0130	0.0002	0.0128	0.0000	0.0000	0.0000	0.0129	0.0002	0.0128	0.0509	0.0442	0.0067	0.0098	0.0095	0.0003	0.0411	0.0347	0.0063	0.0381	0.0230	0.0150	0.0097	0.0089	0.0009	0.0283	0.0142	0.0142	0.0000	0.0000	0.0000	0.0000	0.0000	0.0000	0.0000	0.0000	0.0000	0.3410	0.0099	0.8483	0.0048	0.0052	0.0000	0.4564	0.0128	0.8998		
31	82	0.1602	13	0	0	0	1	0	0	0	0	N	N	N	N	N	N	N	N	N	N	N	N	0.0016	0.0048	0.0000	0.0000	0.0000	0.0019	11.0604	0.0000	0.0000	0.0000	0.0000	0.0000	0.0000	0.0000	0.0000	0.0000	0.0000	0.0045	0.0018	0.0086	0.0041	0.0045	0.0000	0.0046	0.0000	0.0091	0.0000	3.1663	-0.0000	0.0000	3.2874	1.0114	7.1999	0.0202	0.0000	0.0000	0.0000	0.0000	0.0000	0.0000	0.0000	0.0000	0.0000	0.0001	0.0000	0.0000	0.0000	0.0000	0.0000	0.0000	0.0000	0.0000	0.0261	0.0227	0.0035	0.0046	0.0045	0.0002	0.0215	0.0182	0.0033	0.0138	0.0083	0.0055	0.0036	0.0033	0.0003	0.0102	0.0050	0.0052	0.0016	0.0048	0.0000	0.0000	0.0000	0.0000	0.0019	11.0604	0.0000	0.0045	0.0018	0.0086	0.0041	0.0045	0.0000	0.0046	0.0000	0.0091	
31	83	0.1396	12	0	0	0	1	0	0	0	0	N	N	N	N	N	N	N	N	N	N	N	N	0.8786	0.6196	0.0000	0.0000	0.0000	0.0000	78.8213	213053.8004	0.0000	0.0102	0.0117	0.0000	0.0000	0.0000	0.0000	0.0126	0.0149	0.0000	0.0116	0.0188	0.0003	0.0422	0.0459	0.0000	0.0002	0.0000	0.0003	0.0000	0.0102	-0.0006	-0.0008	3.2874	5.9223	7.1999	3.6882	0.0016	0.0016	0.0000	0.0000	0.0000	0.0000	0.0016	0.0016	0.0000	0.0015	0.0015	0.0000	0.0015	0.0015	0.0000	0.0000	0.0000	0.0000	0.1571	0.1368	0.0203	0.0307	0.0297	0.0010	0.1264	0.1071	0.0193	0.1290	0.0784	0.0506	0.0350	0.0322	0.0028	0.0940	0.0462	0.0478	0.8786	0.6196	0.0000	0.0000	0.0000	0.0000	78.8213	213053.8004	0.0000	0.0116	0.0188	0.0003	0.0422	0.0459	0.0000	0.0002	0.0000	0.0003
31	84	0.1267	10	0	1	0	1	0	0	0	0	N	N	N	N	N	N	N	N	N	N	N	N	0.0000	0.0000	0.0000	0.0000	0.0000	0.0000	0.0000	0.0000	0.0000	0.0000	0.0000	0.0000	0.0000	0.0000	0.0000	0.0000	0.0000	0.0000	0.1233	0.0556	0.2382	0.1245	0.1359	0.0021	0.1228	0.0006	0.2543	2.5221	0.0000	0.0096	3.2874	7.1084	7.1999	28.8937	0.0000	0.0000	0.0000	0.0000	0.0000	0.0000	0.0000	0.0000	0.0000	0.0557	0.0158	0.0399	0.0157	0.0157	0.0000	0.0400	0.0001	0.0399	0.1849	0.1607	0.0242	0.0384	0.0367	0.0017	0.1465	0.1240	0.0225	0.4519	0.2844	0.1675	0.1265	0.1157	0.0107	0.3254	0.1687	0.1568	0.0000	0.0000	0.0000	0.0000	0.0000	0.0000	0.0000	0.0000	0.0000	0.1233	0.0556	0.2382	0.1245	0.1359	0.0021	0.1228	0.0006	0.2543	
31	85	0.1192	9	0	1	0	1	0	0	0	0	N	N	N	N	N	N	N	N	N	N	N	N	0.0000	0.0000	0.0000	0.0000	0.0000	0.0000	0.0000	0.0000	0.0000	0.0000	0.0000	0.0000	0.0000	0.0000	0.0000	0.0000	0.0000	0.0000	0.1728	0.0867	0.3680	0.1486	0.1550	0.0010	0.1870	0.0154	0.3874	1.8703	0.0000	0.0026	3.2874	2.2208	7.1999	3.9129	0.0000	0.0000	0.0000	0.0000	0.0000	0.0000	0.0000	0.0000	0.0000	0.0241	0.0084	0.0157	0.0077	0.0077	0.0000	0.0164	0.0007	0.0157	0.0914	0.0810	0.0104	0.0339	0.0322	0.0017	0.0575	0.0488	0.0087	0.1396	0.0969	0.0427	0.0516	0.0495	0.0022	0.0879	0.0474	0.0406	0.0000	0.0000	0.0000	0.0000	0.0000	0.0000	0.0000	0.0000	0.0000	0.1728	0.0867	0.3680	0.1486	0.1550	0.0010	0.1870	0.0154	0.3874	
31	86	0.1947	11	0	0	1	1	0	0	0	0	N	N	N	N	N	N	N	N	N	N	N	N	0.0000	0.0000	0.0000	0.0000	0.0000	0.0000	0.0000	0.0000	0.0000	0.0000	0.0000	0.0000	0.0000	0.0000	0.0000	0.0000	0.0000	0.0000	0.0615	0.0952	0.0084	0.1775	0.2018	0.0054	0.0050	0.0010	0.0088	0.0562	0.0000	-0.0049	3.2874	5.3425	7.1999	7.0749	0.0000	0.0000	0.0000	0.0000	0.0000	0.0000	0.0000	0.0000	0.0000	0.0100	0.0094	0.0005	0.0094	0.0094	0.0000	0.0005	0.0001	0.0005	0.1532	0.1344	0.0189	0.0343	0.0332	0.0011	0.1189	0.1012	0.0178	0.1621	0.0992	0.0629	0.0531	0.0465	0.0066	0.1090	0.0526	0.0563	0.0000	0.0000	0.0000	0.0000	0.0000	0.0000	0.0000	0.0000	0.0000	0.0615	0.0952	0.0084	0.1775	0.2018	0.0054	0.0050	0.0010	0.0088	
31	87	0.1516	10	0	0	0	1	0	0	0	0	N	N	N	N	N	N	N	N	N	N	N	N	0.0000	0.0000	0.0000	0.0000	0.0000	0.0000	0.0000	0.0000	0.0000	0.0000	0.0000	0.0000	0.0001	0.0001	0.0000	0.0000	0.0000	0.0000	2.7517	3.9847	0.3056	8.1384	8.0292	0.0392	0.1674	0.0082	0.3402	0.0001	0.0387	-0.0000	-0.5035	3.2874	7.0719	7.1999	13.7350	0.0000	0.0000	0.0000	0.0000	0.0000	0.0000	0.0000	0.0000	0.0000	0.9955	0.9584	0.0370	0.9580	0.9575	0.0005	0.0375	0.0010	0.0365	0.2252	0.1987	0.0265	0.0623	0.0600	0.0023	0.1629	0.1387	0.0242	0.3618	0.2405	0.1212	0.1380	0.1241	0.0139	0.2238	0.1164	0.1073	0.0000	0.0000	0.0000	0.0000	0.0000	0.0000	0.0000	0.0000	0.0000	2.7517	3.9847	0.3056	6.9417	7.7164	0.0392	0.1674	0.0082	0.3402
31	88	0.1948	18	1	0	1	1	0	0	0	0	N	N	N	N	N	N	N	N	N	N	N	N	0.0000	0.0000	0.0000	0.0000	0.0000	0.0000	0.0000	0.0000	0.0000	0.0000	0.0000	0.0000	0.0000	0.0000	0.0000	0.0000	0.0000	0.0000	0.0000	0.0000	3.2874	0.0000	7.1999	0.0000	0.0000	0.0000	0.0000	0.0000	0.0000	0.0000	0.0000	0.0000	0.0000	0.0000	0.0000	0.0000	0.0000	0.0000	0.0000	0.0000	0.0000	0.0000	0.0000	0.0000	0.0000	0.0000	0.0000	0.0000	0.0000	0.0000	0.0000	0.0000	0.0000	0.0000	0.0000	0.0000	0.0000	0.0000	0.0000	0.0000	0.0000	0.0000	0.0000	0.0000	0.0000	0.0000	0.0000	0.0000	0.0000	0.0000	0.0000	0.0000	0.0000	0.0000	0.0000	0.0000	0.0000	0.0000											
31	89	0.1928	17	1	0	1	1	0	0	0	0	N	N	N	N	N	N	N	N	N	N	N	N	0.0000	0.0000	0.0000	0.0000	0.0000	0.0000	0.0000	0.0000	0.0000	0.0000	0.0000	0.0000	0.0000	0.0000	0.0000	0.0000	0.0000	0.0000	0.0000	0.0000	0.0000	0.0000	inf	0.0000	0.0000	3.2874	0.0001	7.1999	0.9161	0.0000	0.0000	0.0000	0.0000	0.0000	0.0000	0.0000	0.0000	0.0000	0.0000	0.0000	0.0000	0.0000	0.0000	0.0000	0.0000	0.0000	0.0000	0.0000	0.0000	0.0000	0.0000	0.0000	0.0000	0.0000	0.0000	0.0000	0.0204	0.0139	0.0065	0.0081	0.0077	0.0003	0.0123	0.0062	0.0061	0.0000	0.0000	0.0000	0.0000	0.0000	0.0000	0.0000	0.0000	0.0000	0.0000	0.0000	0.0000	0.0000	0.0000	0.0000	0.0000	0.0000	0.0000						
31	90	0.1680	16	1	0	1	1	0	0	0	0	N	N	N	N	N	N	N	N	N	N	N	N	0.0000	0.0000	0.0000	0.0000	0.0000	0.0000	0.0000	0.0000	0.0000	0.0000	0.0000	0.0000	0.0000	0.0000	0.0000	0.0000	0.0000	0.0004	0.0002	0.0007	0.0004	0.0004	0.0001	0.0004	0.0000	0.0008	2.4041	0.0000	0.0000	3.2874	3.7876	7.1999	7.8440	0.0000	0.0000	0.0000	0.0000	0.0000	0.0000	0.0000	0.0000	0.0000	0.0001	0.0000	0.0000	0.0000	0.0000	0.0000	0.0000	0.0000	0.0000	0.1033	0.0900	0.0132	0.0241	0.0230	0.0011	0.0791	0.0670	0.0121	0.1475	0.0925	0.0550	0.0473	0.0433	0.0040	0.1002	0.0492	0.0510	0.0000	0.0000	0.0000	0.0000	0.0000	0.0000	0.0000	0.0000	0.0000	0.0004	0.0002	0.0007	0.0004	0.0004	0.0001	0.0004	0.0000	0.0008		
31	91	0.0789	6	0	1	0	2	0	0	0	0	N	N	N	Y	N	N	N	N	N	N	N	N	0.0000	0.0000	0.0000	0.0000	0.0000	0.0000	0.0000	0.0000	0.0000	0.0000	0.0000	0.0000	0.0000	0.0000	0.0000	0.0000	0.0000	0.4812	0.8094	0.0000	0.6096	0.6616	0.0000	0.4425	0.9353	0.0000	0.0000	0.0000	-0.0000	-0.0626	3.2874	1.8247	7.1999	16.3284	0.0000	0.0000	0.0000	0.0000	0.0000	0.0000	0.0000	0.0000	0.0000	0.1152	0.1152	0.0000	0.0338	0.0338	0.0000	0.0814	0.0814	0.0000	0.0615	0.0539	0.0076	0.0143	0.0140	0.0003	0.0472	0.0399	0.0073	0.2395	0.1424	0.0971	0.0555	0.0511	0.0044	0.1840	0.0913	0.0927	0.0000	0.0000	0.0000	0.0000	0.0000	0.0000	0.0000	0.0000	0.0000	0.4812	0.8094	0.0000	0.6096	0.6616	0.0000	0.4425	0.8921	0.0000	
31	92	0.0893	7	0	1	0	1	0	0	0	0	N	N	N	N	N	N	N	N	N	N	N	N	25.4843	5456.8177	0.0000	73111.3094	69471.9155	0.0000	0.0000	0.0000	4.1476	4.7812	0.0000	24.4077	25.2498	0.0000	0.0000	0.0000	0.0000	0.1628	0.0009	0.4032	0.0003	0.0004	0.0000	0.2084	0.0011	0.4219	0.0000	309.8128	-0.3809	0.0213	3.2874	9.1310	7.1999	16.1726	0.9997	0.9997	0.0000	0.9997	0.9997	0.0000	0.0000	0.0000	0.0000	0.0470	0.0002	0.0468	0.0000	0.0000	0.0000	0.0469	0.0001	0.0468	0.2410	0.2091	0.0319	0.0410	0.0396	0.0014	0.2001	0.1695	0.0306	0.2885	0.1724	0.1161	0.0633	0.0582	0.0052	0.2252	0.1143	0.1109	25.4843	5456.8177	0.0000	73111.3094	69471.9155	0.0000	0.0000	0.0000	0.0000	0.1628	0.0009	0.4032	0.0003	0.0004	0.0000	0.2084	0.0011	0.4219	
31	93	0.0409	3	0	1	0	1	0	0	0	0	N	N	N	N	N	N	N	N	N	N	N	N	1.1232	1.4486	2.1410	2.4916	2.5090	1.0094	0.9693	2.0883	0.0608	0.0125	0.2460	0.0573	0.0575	0.0241	0.0615	0.0000	0.2473	0.0541	0.0086	0.1149	0.0230	0.0229	0.0239	0.0635	0.0000	0.1184	5.1346	9.9725	0.0039	0.0047	3.2874	4.0959	7.1999	8.7137	0.0085	0.0014	0.0071	0.0014	0.0014	0.0000	0.0071	0.0000	0.0071	0.0130	0.0012	0.0118	0.0013	0.0012	0.0001	0.0117	0.0000	0.0117	0.1394	0.1106	0.0288	0.0242	0.0240	0.0002	0.1152	0.0866	0.0287	0.2393	0.1369	0.1025	0.0553	0.0515	0.0038	0.1840	0.0854	0.0986	1.1232	1.4486	2.1410	2.4916	2.5090	1.0094	0.9693	0.0000	2.0883	0.0541	0.0086	0.1149	0.0230	0.0229	0.0239	0.0635	0.0000	0.1184	
31	94	0.0226	2	0	1	0	1	0	0	0	0	N	N	N	N	N	N	N	N	N	N	N	N	6.3706	8.9588	0.6745	5.2355	5.2236	0.0000	0.6456	0.0102	0.6758	0.8253	1.2282	0.0815	2.3559	2.3564	0.0000	0.0433	0.0000	0.0815	0.1295	0.1371	0.1208	0.4500	0.4511	0.2310	0.0670	0.0011	0.1206	0.0359	0.7574	-0.0606	-0.0023	3.2874	2.9443	7.1999	6.1524	0.1751	0.1690	0.0061	0.1690	0.1690	0.0000	0.0061	0.0000	0.0061	0.0206	0.0117	0.0089	0.0117	0.0117	0.0000	0.0089	0.0001	0.0088	0.2121	0.1376	0.0745	0.0717	0.0717	0.0000	0.1404	0.0659	0.0745	0.1590	0.0855	0.0735	0.0260	0.0258	0.0001	0.1330	0.0596	0.0734	6.3706	8.9588	0.6745	5.2355	5.2236	0.0000	0.6456	0.0102	0.6758	0.1295	0.1371	0.1208	0.4500	0.4511	0.2310	0.0670	0.0011	0.1206
31	98	0.1680	16	0	1	0	1	0	0	0	0	N	N	N	N	N	N	N	N	N	N	N	N	0.0000	0.0000	0.0000	0.0000	0.0000	0.0000	0.0000	0.0000	0.0000	0.0000	0.0000	0.0000	0.0000	0.0000	0.0000	0.0000	0.0000	0.0000	0.0374	0.0002	0.0995	0.0001	0.0001	0.0002	0.0548	0.0004	0.1073	276.5785	0.0000	0.0028	3.2874	1.3608	7.1999	12.1483	0.0000	0.0000	0.0000	0.0000	0.0000	0.0000	0.0000	0.0000	0.0000	0.0063	0.0000	0.0062	0.0000	0.0000	0.0000	0.0063	0.0000	0.0062	0.0423	0.0372	0.0051	0.0132	0.0125	0.0006	0.0291	0.0246	0.0045	0.1674	0.1047	0.0627	0.0532	0.0486	0.0046	0.1142	0.0561	0.0581	0.0000	0.0000	0.0000	0.0000	0.0000	0.0000	0.0000	0.0000	0.0000	0.0374	0.0002	0.0995	0.0001	0.0001	0.0002	0.0548	0.0004	0.1073	
31	99	0.1643	15	0	0	0	1	0	0	0	0	N	N	N	N	N	N	N	N	N	N	N	N	0.0000	0.0000	0.0000	0.0000	0.0000	0.0000	0.0000	0.0000	0.0000	0.0000	0.0000	0.0000	0.0000	0.0000	0.0000	0.0000	0.0000	0.0005	0.0001	0.0013	0.0001	0.0001	0.0000	0.0008	0.0001	0.0014	8.1898	0.0000	0.0000	3.2874	1.5300	7.1999	0.7696	0.0000	0.0000	0.0000	0.0000	0.0000	0.0000	0.0000	0.0000	0.0000	0.0000	0.0000	0.0000	0.0000	0.0000	0.0000	0.0000	0.0000	0.0000	0.0475	0.0411	0.0064	0.0122	0.0115	0.0008	0.0352	0.0296	0.0056	0.0353	0.0227	0.0126	0.0122	0.0114	0.0008	0.0231	0.0113	0.0118	0.0000	0.0000	0.0000	0.0000	0.0000	0.0000	0.0000	0.0000	0.0000	0.0005	0.0001	0.0013	0.0001	0.0001	0.0000	0.0008	0.0001	0.0014		
31	100	0.1555	14	0	0	0	1	0	0	0	0	N	N	N	N	N	N	N	N	N	N	N	N	0.0003	0.0123	0.0000	0.0091	0.0294	0.0000	0.0000	0.0000	0.0000	0.0000	0.0000	0.0000	0.0000	0.0000	0.0000	0.0000	0.0000	0.0000	0.0005	0.0000	0.0013	0.0001	0.0000	0.0007	0.0007	0.0000	0.0014	0.0000	53.7712	-0.0000	0.0000	3.2874	3.6906	7.1999	1.4800	0.0000	0.0000	0.0000	0.0000	0.0000	0.0000	0.0000	0.0000	0.0000	0.0000	0.0000	0.0000	0.0000	0.0000	0.0000	0.0000	0.0000	0.0000	0.0955	0.0829	0.0125	0.0180	0.0173	0.0006	0.0775	0.0656	0.0119	0.0668	0.0411	0.0256	0.0202	0.0182	0.0020	0.0466	0.0229	0.0236	0.0003	0.0123	0.0000	0.0091	0.0294	0.0000	0.0000	0.0000	0.0000	0.0005	0.0000	0.0013	0.0001	0.0000	0.0007	0.0007	0.0000	0.0014
31	101	0.1555	13	0	0	0	1	0	0	0	0	N	N	N	N	N	N	N	N	N	N	N	N	0.0003	0.0003	0.0000	0.0004	0.0003	0.0000	0.0003	0.0005	0.0000	0.0000	0.0000	0.0000	0.0000	0.0000	0.0000	0.0000	0.0000	0.0000	0.0158	0.0164	0.0145	0.0211	0.0229	0.0037	0.0125	0.0092	0.0158	0.0000	0.4785	-0.0000	-0.0000	3.2874	0.1361	7.1999	0.4500	0.0000	0.0000	0.0000	0.0000	0.0000	0.0000	0.0000	0.0000	0.0000	0.0002	0.0001	0.0001	0.0001	0.0001	0.0000	0.0001	0.0000	0.0001	0.0063	0.0056	0.0006	0.0020	0.0020	0.0000	0.0042	0.0036	0.0006	0.0107	0.0069	0.0038	0.0041	0.0037	0.0004	0.0067	0.0033	0.0034	0.0003	0.0003	0.0000	0.0004	0.0003	0.0000	0.0003	0.0005	0.0000	0.0158	0.0164	0.0145	0.0211	0.0229	0.0037	0.0125	0.0092	0.0158
31	102	0.1396	12	0	0	0	1	0	0	0	0	N	N	N	N	N	N	N	N	N	N	N	N	0.0001	0.0080	0.0000	0.0208	0.0210	0.0000	0.0000	0.0001	0.0000	0.0000	0.0000	0.0000	0.0002	0.0002	0.0000	0.0000	0.0000	0.0000	0.4150	0.0060	1.0522	0.0096	0.0098	0.0069	0.5690	0.0033	1.1122	0.0000	112.6248	-0.0000	0.0207	3.2874	3.5591	7.1999	4.5341	0.0000	0.0000	0.0000	0.0000	0.0000	0.0000	0.0000	0.0000	0.0000	0.0462	0.0004	0.0458	0.0003	0.0003	0.0000	0.0459	0.0001	0.0458	0.0995	0.0868	0.0126	0.0208	0.0202	0.0006	0.0786	0.0666	0.0120	0.1113	0.0678	0.0435	0.0306	0.0283	0.0024	0.0806	0.0395	0.0411	0.0001	0.0080	0.0000	0.0208	0.0210	0.0000	0.0000	0.0001	0.0000	0.4150	0.0060	1.0522	0.0096	0.0098	0.0069	0.5690	0.0033	1.1122
31	103	0.1179	11	0	0	0	1	0	0	0	0	N	N	N	N	N	N	N	N	N	N	N	N	0.0009	0.0007	0.0000	0.0000	0.0000	0.0000	0.0050	0.0410	0.0000	0.0000	0.0001	0.0000	0.0000	0.0000	0.0000	0.0001	0.0001	0.0000	0.0546	0.0771	0.0201	0.1752	0.1885	0.0000	0.0116	0.0017	0.0211	0.0000	0.1706	-0.0000	-0.0032	3.2874	2.8937	7.1999	8.0733	0.0000	0.0000	0.0000	0.0000	0.0000	0.0000	0.0000	0.0000	0.0000	0.0082	0.0070	0.0012	0.0069	0.0069	0.0000	0.0013	0.0001	0.0012	0.0892	0.0778	0.0115	0.0181	0.0177	0.0004	0.0712	0.0601	0.0111	0.1494	0.0904	0.0590	0.0393	0.0365	0.0028	0.1101	0.0539	0.0563	0.0009	0.0007	0.0000	0.0000	0.0000	0.0000	0.0050	0.0410	0.0000	0.0546	0.0771	0.0201	0.1752	0.1885	0.0000	0.0116	0.0017	0.0211
31	104	0.1127	7	0	1	0	1	0	0	0	0	N	N	N	N	N	N	N	N	N	N	N	N	3345.5617	2924.3647	0.0000	3516.4471	3403.2235	0.0000	0.0000	0.0000	0.0000	17.4433	20.0145	0.0000	46.8275	47.6481	0.0000	0.0000	0.0000	0.0000	0.0052	0.0068	0.0001	0.0133	0.0140	0.0001	0.0000	0.0000	0.0001	0.0000	0.0025	-0.0083	-0.0001	3.2874	0.0277	7.1999	1.3445	0.0218	0.0218	0.0000	0.0218	0.0218	0.0000	0.0000	0.0000	0.0000	0.0002	0.0002	0.0000	0.0002	0.0002	0.0000	0.0000	0.0000	0.0000	0.0013	0.0011	0.0002	0.0005	0.0005	0.0000	0.0008	0.0006	0.0002	0.0376	0.0285	0.0090	0.0147	0.0139	0.0007	0.0229	0.0146	0.0083	3345.5617	2924.3647	0.0000	3516.4471	3403.2235	0.0000	0.0000	0.0000	0.0000	0.0052	0.0068	0.0001	0.0133	0.0140	0.0001	0.0000	0.0000	0.0001
31	105	0.0660	6	0	1	0	1	0	0	0	0	N	N	N	N	N	N	N	N	N	N	N	N	172.2260	150.6456	284.1845	228.1752	224.2590	0.0000	81.5198	0.3717	291.7490	0.7286	0.6648	1.1259	2.7839	2.8754	0.0000	0.1962	0.0003	1.1819	0.0042	0.0044	0.0040	0.0122	0.0128	0.0001	0.0024	0.0008	0.0041	0.2716	0.6123	-0.0171	-0.0002	3.2874	5.1414	7.1999	16.4151	0.1022	0.0804	0.0218	0.0804	0.0804	0.0000	0.0219	0.0000	0.0218	0.0011	0.0007	0.0004	0.0006	0.0006	0.0000	0.0005	0.0001	0.0004	0.1403	0.1209	0.0194	0.0289	0.0280	0.0009	0.1115	0.0930	0.0185	0.2615	0.1555	0.1060	0.0487	0.0463	0.0024	0.2128	0.1091	0.1037	172.2260	150.6456	284.1845	228.1752	224.2590	0.0000	81.5198	0.3717	291.7490	0.0042	0.0044	0.0040	0.0122	0.0128	0.0001	0.0024	0.0008	0.0041
31	106	0.0578	5	0	0	0	1	0	0	0	0	N	N	N	N	N	N	N	N	N	N	N	N	0.5227	0.2433	3.4831	0.0354	0.0355	0.0000	2.0027	7.3708	3.5624	0.0166	0.0100	0.0582	0.0032	0.0034	0.0000	0.0192	0.0115	0.0606	0.0317	0.0412	0.0167	0.0919	0.0945	0.0015	0.0096	0.0016	0.0170	0.9122	0.2570	0.0002	-0.0011	3.2874	3.8974	7.1999	1.6364	0.0017	0.0009	0.0008	0.0001	0.0001	0.0000	0.0017	0.0009	0.0008	0.0033	0.0026	0.0007	0.0026	0.0026	0.0000	0.0007	0.0001	0.0007	0.1051	0.0908	0.0143	0.0175	0.0169	0.0006	0.0877	0.0740	0.0137	0.1038	0.0635	0.0403	0.0279	0.0271	0.0008	0.0759	0.0364	0.0395	0.5227	0.2433	3.4831	0.0354	0.0355	0.0000	2.0027	7.3708	3.5624	0.0317	0.0412	0.0167	0.0919	0.0945	0.0015	0.0096	0.0016	0.0170
31	109	0.1482	12	1	1	0	2	0	0	0	0	N	N	N	Y	N	N	N	N	N	N	N	N	0.0000	0.0000	0.0000	0.0000	0.0000	0.0000	0.0000	0.0000	0.0000	0.0000	0.0000	0.0000	0.0000	0.0000	0.0000	0.0000	0.0000	0.0000	0.0000	0.0000	3.2874	0.0000	7.1999	0.0000	0.0000	0.0000	0.0000	0.0000	0.0000	0.0000	0.0000	0.0000	0.0000	0.0000	0.0000	0.0000	0.0000	0.0000	0.0000	0.0000	0.0000	0.0000	0.0000	0.0000	0.0000	0.0000	0.0000	0.0000	0.0000	0.0000	0.0000	0.0000	0.0000	0.0000	0.0000	0.0000	0.0000	0.0000	0.0000	0.0000	0.0000	0.0000	0.0000	0.0000	0.0000	0.0000	0.0000	0.0000	0.0000	0.0000	0.0000	0.0000	0.0000	0.0000	0.0000	0.0000	0.0000	0.0000											
31	110	0.1333	11	1	1	0	2	0	0	0	0	N	N	N	Y	N	N	N	N	N	N	N	N	0.0000	0.0000	0.0000	0.0000	0.0000	0.0000	0.0000	0.0000	0.0000	0.0000	0.0000	0.0000	0.0000	0.0001	0.0002	0.0000	0.0004	0.0004	0.0000	0.0000	0.0000	0.0000	0.0000	0.0000	-0.0000	3.2874	0.0000	7.1999	7.1240	0.0000	0.0000	0.0000	0.0000	0.0000	0.0000	0.0000	0.0000	0.0000	0.0000	0.0000	0.0000	0.0000	0.0000	0.0000	0.0000	0.0000	0.0000	0.0000	0.0000	0.0000	0.0000	0.0000	0.0000	0.0000	0.0000	0.0000	0.0944	0.0585	0.0359	0.0282	0.0253	0.0028	0.0663	0.0332	0.0331	0.0000	0.0000	0.0000	0.0000	0.0000	0.0000	0.0000	0.0000	0.0000	0.0001	0.0002	0.0000	0.0004	0.0004	0.0000	0.0000	0.0000	0.0000						
31	111	0.1422	13	0	1	0	2	0	0	0	0	N	N	N	Y	N	N	N	N	N	N	N	N	0.0000	0.0000	0.0000	0.0000	0.0000	0.0000	0.0000	0.0000	0.0000	0.0000	0.0000	0.0000	0.0000	0.0000	0.0000	0.0000	0.0000	0.0000	0.0000	0.0000	0.0000	0.0000	0.2308	0.0000	-0.0000	3.2874	0.0016	7.1999	5.0076	0.0000	0.0000	0.0000	0.0000	0.0000	0.0000	0.0000	0.0000	0.0000	0.0000	0.0000	0.0000	0.0000	0.0000	0.0000	0.0000	0.0000	0.0000	0.0001	0.0001	0.0000	0.0001	0.0001	0.0000	0.0001	0.0001	0.0000	0.0646	0.0405	0.0240	0.0213	0.0185	0.0029	0.0432	0.0221	0.0212	0.0000	0.0000	0.0000	0.0000	0.0000	0.0000	0.0000	0.0000	0.0000	0.0000	0.0000	0.0000	0.0000	0.0000	0.0000	0.0000	0.0000	0.0000						
31	112	0.1354	12	0	1	0	2	0	0	0	0	N	N	N	Y	N	N	N	N	N	N	N	N	0.0000	0.0000	0.0000	0.0000	0.0000	0.0000	0.0000	0.0000	0.0000	0.0000	0.0000	0.0000	0.0000	0.0000	0.0000	0.0000	0.0000	0.0000	0.0000	0.0000	0.0000	0.0000	inf	0.0000	0.0000	3.2874	1.0012	7.1999	2.1373	0.0000	0.0000	0.0000	0.0000	0.0000	0.0000	0.0000	0.0000	0.0000	0.0000	0.0000	0.0000	0.0000	0.0000	0.0000	0.0000	0.0000	0.0000	0.0253	0.0219	0.0034	0.0042	0.0040	0.0002	0.0211	0.0179	0.0033	0.0457	0.0285	0.0172	0.0152	0.0136	0.0016	0.0305	0.0149	0.0157	0.0000	0.0000	0.0000	0.0000	0.0000	0.0000	0.0000	0.0000	0.0000	0.0000	0.0000	0.0000	0.0000	0.0000	0.0000	0.0000	0.0000	0.0000						
31	113	0.1437	12	0	1	0	1	0	0	0	0	N	N	N	N	N	N	N	N	N	N	N	N	133.3045	101.5279	0.0000	176.3234	173.4879	0.0000	0.0000	0.0000	0.0179	0.0205	0.0000	0.0778	0.0808	0.0000	0.0000	0.0000	0.0000	0.0001	0.0002	0.0000	0.0004	0.0005	0.0002	0.0000	0.0000	0.0000	0.0000	0.0569	-0.0002	-0.0000	3.2874	0.9705	7.1999	5.0371	0.0005	0.0005	0.0000	0.0005	0.0005	0.0000	0.0000	0.0000	0.0000	0.0000	0.0000	0.0000	0.0000	0.0000	0.0000	0.0000	0.0000	0.0000	0.0285	0.0249	0.0036	0.0066	0.0063	0.0002	0.0220	0.0186	0.0034	0.0787	0.0495	0.0292	0.0239	0.0214	0.0025	0.0548	0.0281	0.0267	133.3045	101.5279	0.0000	176.3234	173.4879	0.0000	0.0000	0.0000	0.0000	0.0001	0.0002	0.0000	0.0004	0.0005	0.0002	0.0000	0.0000	0.0000	
31	114	0.1354	12	0	0	1	2	0	0	0	0	N	N	N	Y	N	N	N	N	N	N	N	N	0.0000	0.0000	0.0000	0.0000	0.0000	0.0000	0.0000	0.0000	0.0000	0.0000	0.0000	0.0000	0.0000	0.0000	0.0000	0.0000	0.0000	0.0000	0.0000	0.0000	3.2874	0.0000	7.1999	1.1303	0.0000	0.0000	0.0000	0.0000	0.0000	0.0000	0.0000	0.0000	0.0000	0.0000	0.0000	0.0000	0.0000	0.0000	0.0000	0.0000	0.0000	0.0000	0.0000	0.0000	0.0000	0.0000	0.0000	0.0000	0.0000	0.0000	0.0000	0.0202	0.0126	0.0076	0.0073	0.0068	0.0006	0.0129	0.0058	0.0070	0.0000	0.0000	0.0000	0.0000	0.0000	0.0000	0.0000	0.0000	0.0000	0.0000	0.0000	0.0000	0.0000	0.0000	0.0000	0.0000	0.0000	0.0000											
31	115	0.1333	11	0	0	0	2	0	0	0	0	N	N	N	Y	N	N	N	N	N	N	N	N	0.0000	0.0000	0.0000	0.0000	0.0000	0.0000	0.0000	0.0000	0.0000	0.0000	0.0000	0.0000	0.0000	0.0000	0.0000	0.0000	0.0000	0.0000	0.0000	0.0000	3.2874	0.0000	7.1999	1.2340	0.0000	0.0000	0.0000	0.0000	0.0000	0.0000	0.0000	0.0000	0.0000	0.0000	0.0000	0.0000	0.0000	0.0000	0.0000	0.0000	0.0000	0.0000	0.0000	0.0000	0.0000	0.0000	0.0000	0.0000	0.0000	0.0000	0.0000	0.0218	0.0136	0.0082	0.0075	0.0070	0.0005	0.0142	0.0066	0.0077	0.0000	0.0000	0.0000	0.0000	0.0000	0.0000	0.0000	0.0000	0.0000	0.0000	0.0000	0.0000	0.0000	0.0000	0.0000	0.0000	0.0000	0.0000											
31	116	0.1408	12	0	0	1	2	0	0	0	0	N	N	N	Y	N	N	N	N	N	N	N	N	0.0095	2.1682	0.0000	0.0710	inf	0.0000	0.0085	1.6282	0.0000	0.0022	0.0025	0.0000	0.0000	0.0000	0.0000	0.0029	0.0034	0.0000	0.2317	0.0012	0.6387	0.0000	0.0000	0.0001	0.3382	0.0021	0.7029	0.0000	312.5000	-0.0000	0.0028	3.2874	0.9725	7.1999	0.9874	0.0001	0.0001	0.0000	0.0000	0.0000	0.0000	0.0001	0.0001	0.0000	0.0061	0.0000	0.0061	0.0000	0.0000	0.0000	0.0061	0.0000	0.0061	0.0272	0.0238	0.0034	0.0065	0.0061	0.0003	0.0208	0.0177	0.0031	0.0265	0.0169	0.0096	0.0083	0.0075	0.0009	0.0181	0.0094	0.0087	0.0095	2.1682	0.0000	0.0710	inf	0.0000	0.0085	1.6282	0.0000	0.2317	0.0012	0.6387	0.0000	0.0000	0.0001	0.3382	0.0021	0.7029
31	117	0.1408	12	0	0	1	2	0	0	0	0	N	N	N	Y	N	N	N	N	N	N	N	N	8.0669	5.6160	0.0006	0.0006	inf	inf	0.0216	0.0238	0.0000	0.0000	0.0000	0.0000	0.0389	0.0447	0.0000	0.0027	0.0042	0.0000	0.0087	0.0098	0.0000	0.0000	0.0000	0.0000	0.0000	0.0000	-0.0000	-0.0001	3.2874	0.0285	7.1999	4.0215	0.0001	0.0001	0.0000	0.0000	0.0000	0.0000	0.0001	0.0001	0.0000	0.0001	0.0001	0.0000	0.0001	0.0001	0.0000	0.0000	0.0000	0.0000	0.0028	0.0025	0.0003	0.0012	0.0012	0.0001	0.0015	0.0013	0.0002	0.0524	0.0331	0.0193	0.0162	0.0144	0.0018	0.0363	0.0187	0.0176	8.0669	5.6160	0.0000	0.0006	0.0006	0.0000	inf	inf	0.0000	0.0027	0.0042	0.0000	0.0087	0.0098	0.0000	0.0000	0.0000	0.0000			
31	118	0.1333	11	0	0	1	2	0	0	0	0	N	N	N	Y	N	N	N	N	N	N	N	N	1373.8737	241593.9140	0.0000	inf	inf	1145.7531	165161.9473	0.0000	2.7217	3.1466	0.0000	0.0019	0.0020	0.0000	3.2583	3.8518	0.0000	0.0020	0.0000	0.0052	0.0000	0.0000	0.0000	0.0028	0.0000	0.0056	0.0000	244.2199	-0.0786	0.0001	3.2874	3.0275	7.1999	2.1573	0.2062	0.2062	0.0000	0.0000	0.0000	0.0000	0.2062	0.2062	0.0000	0.0001	0.0000	0.0001	0.0000	0.0000	0.0000	0.0001	0.0000	0.0001	0.0758	0.0655	0.0102	0.0125	0.0120	0.0005	0.0633	0.0535	0.0098	0.0709	0.0440	0.0269	0.0215	0.0194	0.0021	0.0494	0.0246	0.0248	1373.8737	241593.9140	0.0000	inf	inf	0.0000	1145.7531	165161.9473	0.0000	0.0020	0.0000	0.0052	0.0000	0.0000	0.0000	0.0028	0.0000	0.0056	
31	119	0.1745	11	1	1	0	1	0	0	0	0	N	N	N	N	N	N	N	N	N	N	N	N	0.0974	1.6473	0.0000	0.6784	0.6517	0.0000	0.0725	inf	0.0000	0.0001	0.0001	0.0000	0.0001	0.0001	0.0000	0.0001	0.0001	0.0000	0.0008	0.0001	0.0021	0.0001	0.0001	0.0000	0.0011	0.0000	0.0023	0.0000	23.3944	-0.0000	0.0000	3.2874	2.1883	7.1999	3.1271	0.0000	0.0000	0.0000	0.0000	0.0000	0.0000	0.0000	0.0000	0.0000	0.0001	0.0000	0.0001	0.0000	0.0000	0.0000	0.0001	0.0000	0.0001	0.0696	0.0620	0.0076	0.0200	0.0192	0.0008	0.0496	0.0428	0.0068	0.0725	0.0448	0.0277	0.0214	0.0197	0.0016	0.0511	0.0251	0.0261	0.0974	1.6473	0.0000	0.6784	0.6517	0.0000	0.0725	inf	0.0000	0.0008	0.0001	0.0021	0.0001	0.0001	0.0000	0.0011	0.0000	0.0023
31	120	0.1076	10	1	1	0	1	0	0	0	0	N	N	N	N	N	N	N	N	N	N	N	N	11294.8898	130782.4820	1.1718	950497.5383	922715.6370	0.0000	7376.6385	78892.8480	1.1571	0.7983	0.9184	0.0002	1.4147	1.4580	0.0000	0.6835	0.8037	0.0002	0.0001	0.0000	0.0002	0.0000	0.0000	0.0000	0.0001	0.0000	0.0002	0.0000	15.6675	-0.1089	0.0000	3.2874	13.6104	7.1999	16.0982	0.2859	0.2858	0.0000	0.0796	0.0796	0.0000	0.2063	0.2063	0.0000	0.0000	0.0000	0.0000	0.0000	0.0000	0.0000	0.0000	0.0000	0.0000	0.3581	0.3112	0.0468	0.0562	0.0546	0.0017	0.3018	0.2567	0.0452	0.3545	0.2141	0.1404	0.0854	0.0787	0.0067	0.2690	0.1354	0.1337	11294.8898	130782.4820	1.1718	950497.5383	922715.6370	0.0000	7376.6385	78892.8480	1.1571	0.0001	0.0000	0.0002	0.0000	0.0000	0.0000	0.0001	0.0000	0.0002
31	121	0.1328	12	0	1	0	1	0	0	0	0	N	N	N	N	N	N	N	N	N	N	N	N	0.0179	0.0130	0.0000	0.0203	0.0177	0.0000	0.0000	0.0000	0.0000	0.0003	0.0004	0.0000	0.0009	0.0009	0.0000	0.0000	0.0000	0.0000	0.0194	0.0296	0.0004	0.0429	0.0497	0.0001	0.0013	0.0023	0.0004	0.0000	0.0069	-0.0000	-0.0014	3.2874	0.3548	7.1999	4.6068	0.0000	0.0000	0.0000	0.0000	0.0000	0.0000	0.0000	0.0000	0.0000	0.0026	0.0026	0.0000	0.0025	0.0025	0.0000	0.0001	0.0001	0.0000	0.0288	0.0260	0.0028	0.0115	0.0114	0.0001	0.0173	0.0146	0.0027	0.1333	0.0868	0.0465	0.0580	0.0500	0.0079	0.0753	0.0368	0.0386	0.0179	0.0130	0.0000	0.0203	0.0177	0.0000	0.0000	0.0000	0.0000	0.0194	0.0296	0.0004	0.0429	0.0497	0.0001	0.0013	0.0023	0.0004
31	122	0.1179	11	0	1	0	1	0	0	0	0	N	N	N	N	N	N	N	N	N	N	N	N	0.0020	0.0000	0.0080	0.0001	0.0001	0.0000	0.0020	0.0000	0.0079	0.0002	0.0000	0.0014	0.0000	0.0000	0.0000	0.0002	0.0000	0.0014	0.0846	0.0293	0.1693	0.0121	0.0122	0.0107	0.1119	0.0417	0.1769	312.4749	3.7867	0.0000	0.0022	3.2874	1.6911	7.1999	5.7022	0.0000	0.0000	0.0000	0.0000	0.0000	0.0000	0.0000	0.0000	0.0000	0.0090	0.0019	0.0071	0.0004	0.0003	0.0000	0.0087	0.0016	0.0071	0.0594	0.0521	0.0073	0.0141	0.0139	0.0002	0.0453	0.0382	0.0071	0.1065	0.0644	0.0421	0.0291	0.0272	0.0019	0.0774	0.0372	0.0402	0.0020	0.0000	0.0080	0.0001	0.0001	0.0000	0.0020	0.0000	0.0079	0.0846	0.0293	0.1693	0.0121	0.0122	0.0107	0.1119	0.0417	0.1769
31	123	0.1076	10	0	0	0	1	0	0	0	0	N	N	N	N	N	N	N	N	N	N	N	N	0.0000	0.0000	0.0000	0.0000	0.0000	0.0000	0.0001	0.0001	0.0000	0.0000	0.0000	0.0000	0.0000	0.0000	0.0000	0.0000	0.0000	0.0000	0.0054	0.0047	0.0066	0.0066	0.0070	0.0000	0.0050	0.0029	0.0068	0.0000	0.9340	-0.0000	-0.0000	3.2874	2.0929	7.1999	3.1856	0.0000	0.0000	0.0000	0.0000	0.0000	0.0000	0.0000	0.0000	0.0000	0.0004	0.0002	0.0002	0.0001	0.0001	0.0000	0.0003	0.0001	0.0002	0.0856	0.0763	0.0093	0.0229	0.0226	0.0003	0.0627	0.0537	0.0090	0.0800	0.0480	0.0320	0.0222	0.0209	0.0013	0.0578	0.0271	0.0307	0.0000	0.0000	0.0000	0.0000	0.0000	0.0000	0.0001	0.0001	0.0000	0.0054	0.0047	0.0066	0.0066	0.0070	0.0000	0.0050	0.0029	0.0068
31	124	0.1483	13	1	1	0	1	0	0	0	0	N	N	N	N	N	N	N	N	N	N	N	N	0.0000	0.0000	0.0000	0.0000	0.0000	0.0000	0.0000	0.0000	0.0000	0.0000	0.0000	0.0000	0.0000	0.0000	0.0000	0.0000	0.0000	0.0000	0.0000	0.0000	3.2874	0.0000	7.1999	0.0000	0.0000	0.0000	0.0000	0.0000	0.0000	0.0000	0.0000	0.0000	0.0000	0.0000	0.0000	0.0000	0.0000	0.0000	0.0000	0.0000	0.0000	0.0000	0.0000	0.0000	0.0000	0.0000	0.0000	0.0000	0.0000	0.0000	0.0000	0.0000	0.0000	0.0000	0.0000	0.0000	0.0000	0.0000	0.0000	0.0000	0.0000	0.0000	0.0000	0.0000	0.0000	0.0000	0.0000	0.0000	0.0000	0.0000	0.0000	0.0000	0.0000	0.0000	0.0000	0.0000	0.0000	0.0000											
31	125	0.1437	12	1	1	0	1	0	0	0	0	N	N	N	N	N	N	N	N	N	N	N	N	34.6602	24.7299	27.8162	26.2084	0.0000	0.0000	0.0669	0.0748	0.0000	0.1675	0.1735	0.0000	0.0000	0.0000	0.0000	0.0019	0.0030	0.0000	0.0060	0.0066	0.0000	0.0000	0.0000	0.0000	0.0000	0.0000	-0.0002	-0.0000	3.2874	0.1434	7.1999	1.9839	0.0005	0.0005	0.0000	0.0005	0.0005	0.0000	0.0000	0.0000	0.0000	0.0001	0.0001	0.0000	0.0001	0.0001	0.0000	0.0000	0.0000	0.0000	0.0076	0.0068	0.0008	0.0030	0.0029	0.0001	0.0046	0.0039	0.0007	0.0308	0.0197	0.0111	0.0099	0.0090	0.0009	0.0209	0.0107	0.0102	34.6602	24.7299	0.0000	27.8162	26.2084	0.0000	0.0000	0.0000	0.0000	0.0019	0.0030	0.0000	0.0060	0.0066	0.0000	0.0000	0.0000	0.0000			
31	126	0.1333	11	0	1	0	1	0	0	0	0	N	N	N	N	N	N	N	N	N	N	N	N	131920.0607	1756706.3114	0.0000	4528127.4391	4254841.9623	0.0000	0.0000	21.0232	24.3102	0.0000	127.4972	132.6040	0.0000	0.0000	0.0000	0.0000	0.0002	0.0000	0.0004	0.0000	0.0000	0.0000	0.0002	0.0000	0.0004	0.0000	17.5614	-0.3808	0.0000	3.2874	1.8882	7.1999	2.9115	0.9992	0.9992	0.0000	0.9992	0.9992	0.0000	0.0000	0.0000	0.0000	0.0000	0.0000	0.0000	0.0000	0.0000	0.0000	0.0000	0.0000	0.0000	0.0475	0.0411	0.0064	0.0078	0.0075	0.0003	0.0397	0.0336	0.0061	0.0662	0.0411	0.0251	0.0202	0.0182	0.0019	0.0460	0.0228	0.0232	131920.0607	1756706.3114	0.0000	4528127.4391	4254841.9623	0.0000	0.0000	0.0000	0.0000	0.0002	0.0000	0.0004	0.0000	0.0000	0.0000	0.0002	0.0000	0.0004		
31	127	0.1076	10	0	0	0	1	0	0	0	0	N	N	N	N	N	N	N	N	N	N	N	N	0.0000	0.0000	0.0000	0.0000	0.0000	0.0000	0.0000	0.0000	0.0000	0.0000	0.0000	0.0000	0.0000	0.0000	0.0000	0.0000	0.0000	0.0007	0.0009	0.0003	0.0021	0.0022	0.0000	0.0002	0.0000	0.0003	0.2381	0.0000	-0.0000	3.2874	3.5543	7.1999	9.0319	0.0000	0.0000	0.0000	0.0000	0.0000	0.0000	0.0000	0.0000	0.0000	0.0001	0.0001	0.0000	0.0001	0.0001	0.0000	0.0000	0.0000	0.0000	0.1219	0.1075	0.0144	0.0273	0.0268	0.0005	0.0946	0.0807	0.0139	0.1686	0.1016	0.0670	0.0429	0.0399	0.0030	0.1256	0.0616	0.0640	0.0000	0.0000	0.0000	0.0000	0.0000	0.0000	0.0000	0.0000	0.0000	0.0007	0.0009	0.0003	0.0021	0.0022	0.0000	0.0002	0.0000	0.0003		
31	128	0.1039	9	0	0	0	1	0	0	0	0	N	N	N	N	N	N	N	N	N	N	N	N	0.0000	0.0000	0.0000	0.0000	0.0000	0.0000	0.0000	0.0000	0.0000	0.0000	0.0000	0.0000	0.0000	0.0000	0.0000	0.0000	0.0000	0.0000	0.0034	0.0018	0.0058	0.0031	0.0032	0.0000	0.0035	0.0002	0.0060	2.0089	0.0000	0.0000	3.2874	2.6246	7.1999	0.7212	0.0000	0.0000	0.0000	0.0000	0.0000	0.0000	0.0000	0.0000	0.0000	0.0002	0.0001	0.0002	0.0001	0.0001	0.0000	0.0002	0.0000	0.0002	0.0876	0.0766	0.0109	0.0189	0.0185	0.0003	0.0687	0.0581	0.0106	0.0680	0.0415	0.0265	0.0234	0.0225	0.0008	0.0446	0.0190	0.0256	0.0000	0.0000	0.0000	0.0000	0.0000	0.0000	0.0000	0.0000	0.0000	0.0034	0.0018	0.0058	0.0031	0.0032	0.0000	0.0035	0.0002	0.0060	
31	129	0.0982	8	0	0	0	1	0	0	0	0	N	N	N	N	N	N	N	N	N	N	N	N	0.0000	0.0000	0.0000	0.0000	0.0000	0.0000	0.0000	0.0000	0.0000	0.0000	0.0000	0.0000	0.0000	0.0000	0.0000	0.0000	0.0000	0.0920	0.0006	0.2494	0.0008	0.0008	0.0000	0.1274	0.0005	0.2613	235.8818	0.0000	0.0029	3.2874	3.3474	7.1999	1.3769	0.0000	0.0000	0.0000	0.0000	0.0000	0.0000	0.0000	0.0000	0.0000	0.0064	0.0000	0.0064	0.0000	0.0000	0.0000	0.0064	0.0000	0.0064	0.1011	0.0882	0.0129	0.0206	0.0201	0.0005	0.0805	0.0681	0.0124	0.0693	0.0439	0.0255	0.0194	0.0182	0.0012	0.0499	0.0256	0.0243	0.0000	0.0000	0.0000	0.0000	0.0000	0.0000	0.0000	0.0000	0.0000	0.0920	0.0006	0.2494	0.0008	0.0008	0.0000	0.1274	0.0005	0.2613		
31	130	0.0893	7	0	0	0	1	0	0	0	0	N	N	N	N	N	N	N	N	N	N	N	N	0.0000	0.0000	0.0000	0.0000	0.0000	0.0000	0.0000	0.0000	0.0000	0.0000	0.0000	0.0000	0.0000	0.0000	0.0000	0.0000	0.0000	0.0140	0.0176	0.0086	0.0400	0.0426	0.0000	0.0052	0.0013	0.0089	0.3190	0.0000	-0.0003	3.2874	0.4686	7.1999	4.0374	0.0000	0.0000	0.0000	0.0000	0.0000	0.0000	0.0000	0.0000	0.0000	0.0009	0.0007	0.0002	0.0006	0.0006	0.0000	0.0002	0.0000	0.0002	0.0269	0.0242	0.0027	0.0092	0.0091	0.0001	0.0177	0.0150	0.0027	0.0633	0.0383	0.0250	0.0161	0.0151	0.0010	0.0472	0.0232	0.0240	0.0000	0.0000	0.0000	0.0000	0.0000	0.0000	0.0000	0.0000	0.0000	0.0140	0.0176	0.0086	0.0400	0.0426	0.0000	0.0052	0.0013	0.0089		
32	33	0.0985	5	1	2	0	0	0	0	0	0	N	Y	N	N	N	N	N	N	N	N	N	N	0.0000	0.0000	0.0000	0.0000	0.0000	0.0000	0.0000	0.0000	0.0000	0.0000	0.0000	0.0000	0.0000	0.0000	0.0000	0.0000	0.0000	0.0000	0.0000	0.0000	4.3545	0.0000	19.4857	0.0000	0.0000	0.0000	0.0000	0.0000	0.0000	0.0000	0.0000	0.0000	0.0000	0.0000	0.0000	0.0000	0.0000	0.0000	0.0000	0.0000	0.0000	0.0000	0.0000	0.0000	0.0000	0.0000	0.0000	0.0000	0.0000	0.0000	0.0000	0.0000	0.0000	0.0000	0.0000	0.0000	0.0000	0.0000	0.0000	0.0000	0.0000	0.0000	0.0000	0.0000	0.0000	0.0000	0.0000	0.0000	0.0000	0.0000	0.0000	0.0000	0.0000	0.0000	0.0000	0.0000	0.0000	0.0000											
32	34	0.1267	7	0	2	0	1	0	0	0	0	N	Y	N	N	N	N	N	N	N	N	N	N	0.0029	0.0017	164.0231	0.0332	0.0297	33228.6362	0.0001	0.0000	40.4016	0.0052	0.0053	0.0042	0.0265	0.0251	0.0966	0.0002	0.0000	0.0011	1.7715	3.0819	0.0000	0.7979	0.8436	0.0000	2.1568	5.0401	0.0000	0.1068	0.0000	-0.0004	-0.6221	4.3545	6.4588	19.4857	12.7561	0.0014	0.0013	0.0001	0.0014	0.0013	0.0001	0.0000	0.0000	0.0000	1.1458	1.1458	0.0000	0.1463	0.1463	0.0000	0.9995	0.9995	0.0000	0.2723	0.2397	0.0326	0.0522	0.0511	0.0011	0.2201	0.1886	0.0315	0.6468	0.3718	0.2750	0.1834	0.1735	0.0099	0.4634	0.1983	0.2651	0.0029	0.0017	164.0231	0.0332	0.0297	33228.6362	0.0001	0.0000	40.4016	1.7715	3.0819	0.0000	0.7979	0.8436	0.0000	2.1568	5.0401	0.0000
32	35	0.1211	6	0	1	0	0	0	0	0	0	N	N	N	N	N	N	N	N	N	N	N	N	0.0466	0.0309	0.1521	0.0623	0.0620	12456.4040	0.0471	0.4054	0.1280	0.0511	0.0523	0.0419	0.1586	0.1608	0.1036	0.0090	0.0042	0.0358	1.0966	1.6913	0.2755	2.5472	2.5919	0.0000	0.1914	0.0103	0.2799	0.1099	0.1180	-0.0022	-0.1697	4.3545	2.5642	19.4857	2.5472	0.0077	0.0070	0.0008	0.0067	0.0066	0.0002	0.0010	0.0004	0.0006	0.3880	0.3470	0.0409	0.3463	0.3463	0.0000	0.0417	0.0007	0.0409	0.1511	0.1329	0.0182	0.0425	0.0408	0.0016	0.1087	0.0921	0.0166	0.3538	0.2052	0.1486	0.1359	0.1336	0.0023	0.2178	0.0716	0.1463	0.0466	0.0309	0.1521	0.0623	0.0620	12456.4040	0.0471	0.4054	0.1280	1.0966	1.6913	0.2755	2.5472	2.5919	0.0000	0.1914	0.0103	0.2799
32	36	0.1715	11	0	1	1	0	0	0	0	0	N	N	N	N	N	N	N	N	N	N	N	N	0.0000	0.0000	0.0000	0.0000	0.0000	0.0000	0.0000	0.0000	0.0000	0.0000	0.0000	0.0000	0.0000	0.0000	0.0000	0.0010	0.0016	0.0000	0.0046	0.0052	0.0000	0.0000	0.0000	0.0000	0.0000	0.0000	-0.0000	4.3545	1.0000	19.4857	2.0003	0.0000	0.0000	0.0000	0.0000	0.0000	0.0000	0.0000	0.0000	0.0000	0.0001	0.0001	0.0000	0.0001	0.0001	0.0000	0.0000	0.0000	0.0000	0.0363	0.0319	0.0043	0.0076	0.0073	0.0003	0.0287	0.0246	0.0041	0.0733	0.0428	0.0305	0.0152	0.0134	0.0017	0.0581	0.0294	0.0287	0.0000	0.0000	0.0000	0.0000	0.0000	0.0000	0.0000	0.0000	0.0000	0.0010	0.0016	0.0000	0.0046	0.0052	0.0000	0.0000	0.0000	0.0000				
32	37	0.1536	10	0	2	0	0	0	0	0	0	N	Y	N	N	N	N	N	N	N	N	N	N	3.2825	2.6995	0.6737	0.1060	0.0660	607.7162	21.7173	19592.8213	0.1715	0.0118	0.0133	0.0009	0.0011	0.0007	0.0135	0.0144	0.0168	0.0002	0.0036	0.0049	0.0013	0.0105	0.0110	0.0000	0.0007	0.0000	0.0013	0.0091	0.1486	-0.0003	-0.0005	4.3545	1.9619	19.4857	8.3400	0.0009	0.0008	0.0000	0.0000	0.0000	0.0000	0.0008	0.0008	0.0000	0.0012	0.0011	0.0002	0.0011	0.0011	0.0000	0.0002	0.0000	0.0002	0.0728	0.0637	0.0090	0.0142	0.0137	0.0004	0.0586	0.0500	0.0086	0.3417	0.2162	0.1255	0.1017	0.0968	0.0049	0.2400	0.1195	0.1206	3.2825	2.6995	0.6737	0.1060	0.0660	607.7162	21.7173	19592.8213	0.1715	0.0036	0.0049	0.0013	0.0105	0.0110	0.0000	0.0007	0.0000	0.0013
32	38	0.1265	7	1	1	1	0	0	0	0	0	N	N	N	N	N	N	N	N	N	N	N	N	25432.8770	inf	0.0000	1233937.5593	inf	0.0000	1.8048	inf	0.0000	0.1370	0.1876	0.0000	0.3026	0.3090	0.0000	0.0000	0.0000	0.0000	0.0000	0.0000	0.0000	0.0000	0.0000	0.0000	0.0000	0.0000	0.0000	0.0000	inf	-0.0001	0.0000	4.3545	0.0095	19.4857	5.0631	0.0002	0.0002	0.0000	0.0002	0.0002	0.0000	0.0000	0.0000	0.0000	0.0000	0.0000	0.0000	0.0000	0.0000	0.0000	0.0000	0.0000	0.0000	0.0015	0.0011	0.0004	0.0007	0.0007	0.0000	0.0008	0.0004	0.0004	0.1396	0.0802	0.0594	0.0188	0.0181	0.0007	0.1208	0.0621	0.0587	25432.8770	inf	0.0000	1233937.5593	inf	0.0000	1.8048	inf	0.0000	0.0000	0.0000	0.0000	0.0000	0.0000	0.0000	0.0000	0.0000	0.0000
32	39	0.1354	9	0	2	0	0	0	0	0	0	N	Y	N	N	N	N	N	N	N	N	N	N	0.0000	0.0000	0.0000	0.0000	0.0000	0.0000	0.0000	0.0000	0.0000	0.0000	0.0000	0.0000	0.0000	0.0000	0.0000	0.0000	0.0000	3.0122	4.9821	0.0033	0.0005	0.0005	0.0000	4.0401	8.1592	0.0035	0.0004	0.0000	-0.5427	4.3545	1.1272	19.4857	11.0864	0.0000	0.0000	0.0000	0.0000	0.0000	0.0000	0.0000	0.0000	0.0000	1.0003	0.9998	0.0004	0.0000	0.0000	0.0000	1.0002	0.9998	0.0004	0.0534	0.0463	0.0071	0.0125	0.0123	0.0002	0.0409	0.0340	0.0069	0.3321	0.2007	0.1314	0.0845	0.0781	0.0063	0.2476	0.1225	0.1250	0.0000	0.0000	0.0000	0.0000	0.0000	0.0000	0.0000	0.0000	0.0000	3.0122	4.9821	0.0033	0.0005	0.0005	0.0000	4.0401	8.1592	0.0035		
32	40	0.1354	8	0	1	0	0	0	0	0	0	N	N	N	N	N	N	N	N	N	N	N	N	0.0000	0.0000	0.0000	0.0000	0.0000	0.0000	0.0000	0.0000	0.0000	0.0000	0.0000	0.0000	0.0000	0.0000	0.0000	0.0000	0.0000	1.7056	2.3795	0.0070	2.1071	2.1477	0.0000	1.4302	2.6716	0.0072	0.0012	0.0000	-0.0516	4.3545	0.4765	19.4857	0.2778	0.0000	0.0000	0.0000	0.0000	0.0000	0.0000	0.0000	0.0000	0.0000	0.0953	0.0952	0.0001	0.0479	0.0479	0.0000	0.0474	0.0473	0.0001	0.0299	0.0258	0.0041	0.0089	0.0088	0.0001	0.0210	0.0170	0.0040	0.0559	0.0400	0.0159	0.0227	0.0223	0.0004	0.0332	0.0177	0.0154	0.0000	0.0000	0.0000	0.0000	0.0000	0.0000	0.0000	0.0000	0.0000	1.7056	2.3795	0.0070	2.1071	2.1477	0.0000	1.4302	2.6716	0.0072		
32	41	0.1375	8	0	2	0	1	0	0	0	0	N	Y	N	N	N	N	N	N	N	N	N	N	2.3779	1.5578	22.3169	11720.7855	11218.4972	256.7371	0.1379	0.0015	22.2724	3.2190	3.4540	1.5699	17.7177	18.2841	0.0330	0.2401	0.0050	1.6379	1.3537	2.2173	0.0703	0.0015	0.0016	0.0001	1.7406	3.3735	0.0735	0.0648	0.0213	-0.3633	-0.5332	4.3545	10.0333	19.4857	21.8674	1.1346	1.0656	0.0690	1.0644	1.0643	0.0001	0.0702	0.0012	0.0690	1.0212	0.9999	0.0213	0.0003	0.0003	0.0000	1.0210	0.9997	0.0213	0.3525	0.3085	0.0440	0.0601	0.0582	0.0019	0.2924	0.2503	0.0421	0.7544	0.4510	0.3035	0.1678	0.1546	0.0132	0.5866	0.2963	0.2902	2.3779	1.5578	22.3169	11720.7855	11218.4972	256.7371	0.1379	0.0015	22.2724	1.3537	2.2173	0.0703	0.0015	0.0016	0.0001	1.7406	3.3735	0.0735
32	42	0.1265	7	1	1	1	0	0	0	0	0	N	N	N	N	N	N	N	N	N	N	N	N	53.1571	35.8925	0.0000	32.7899	33.8521	0.0000	12.1802	inf	0.0000	0.0056	0.0064	0.0000	0.0207	0.0219	0.0000	0.0000	0.0000	0.0000	0.0001	0.0002	0.0000	0.0006	0.0006	0.0000	0.0000	0.0000	0.0000	0.0000	0.0006	-0.0001	-0.0000	4.3545	0.9968	19.4857	1.9513	0.0002	0.0002	0.0000	0.0002	0.0002	0.0000	0.0000	0.0000	0.0000	0.0000	0.0000	0.0000	0.0000	0.0000	0.0000	0.0000	0.0000	0.0000	0.0365	0.0318	0.0047	0.0099	0.0093	0.0006	0.0266	0.0225	0.0041	0.0898	0.0528	0.0369	0.0150	0.0146	0.0004	0.0748	0.0383	0.0365	53.1571	35.8925	0.0000	32.7899	33.8521	0.0000	12.1802	inf	0.0000	0.0001	0.0002	0.0000	0.0006	0.0006	0.0000	0.0000	0.0000	0.0000
32	43	0.1133	6	1	1	1	0	0	0	0	0	N	N	N	N	N	N	N	N	N	N	N	N	1510.9561	1015.7819	0.0248	942.4941	963.4434	inf	0.0086	inf	0.0263	1.0822	1.2392	0.0000	5.5776	5.9474	0.0000	0.0000	0.0000	0.0000	0.0007	0.0012	0.0001	0.0059	0.0062	0.0000	0.0001	0.0000	0.0001	0.0000	0.0847	-0.0733	-0.0001	4.3545	5.0018	19.4857	1.7716	0.1923	0.1923	0.0000	0.1923	0.1923	0.0000	0.0000	0.0000	0.0000	0.0001	0.0001	0.0000	0.0001	0.0001	0.0000	0.0000	0.0000	0.0000	0.1777	0.1552	0.0225	0.0345	0.0323	0.0021	0.1432	0.1228	0.0204	0.1829	0.0990	0.0839	0.0204	0.0196	0.0008	0.1625	0.0794	0.0830	1510.9561	1015.7819	0.0248	942.4941	963.4434	inf	0.0086	inf	0.0263	0.0007	0.0012	0.0001	0.0059	0.0062	0.0000	0.0001	0.0000	0.0001
32	44	0.1165	7	1	1	1	0	0	0	0	0	N	N	N	N	N	N	N	N	N	N	N	N	0.0000	0.0000	0.8649	0.0000	0.0000	0.0005	45.9879	166.0826	0.0000	0.0000	0.0001	0.0000	0.0000	0.0000	0.0000	0.0000	0.0001	4.1967	7.2941	0.0001	25.5914	23.7788	0.0083	0.0000	0.0000	0.0000	inf	0.0000	0.0000	-0.5419	4.3545	4.9860	19.4857	2.3663	0.0000	0.0000	0.0000	0.0000	0.0000	0.0000	0.0000	0.0000	0.0000	0.9980	0.9980	0.0000	0.9980	0.9980	0.0000	0.0000	0.0000	0.0000	0.1772	0.1548	0.0224	0.0344	0.0323	0.0021	0.1428	0.1226	0.0203	0.2378	0.1368	0.1010	0.0432	0.0420	0.0012	0.1946	0.0949	0.0998	0.0000	0.0000	0.8649	0.0000	0.0000	0.0005	45.9879	0.0000	166.0826	4.1967	7.2941	0.0001	23.1157	23.7788	0.0083	0.0000	0.0000	0.0000	
32	45	0.1133	6	1	1	0	0	0	0	0	0	N	N	N	N	N	N	N	N	N	N	N	N	0.0166	0.0170	0.0461	0.0912	0.0426	inf	0.0190	0.0000	0.0466	0.0488	0.0016	0.2866	0.0090	0.0043	0.1890	0.0680	0.0000	0.2917	2.9361	0.0958	6.2148	0.0984	0.1005	0.0000	3.5758	0.0934	6.2653	35.0116	56.1959	0.0000	0.0855	4.3545	0.0225	19.4857	1.9333	0.0001	0.0000	0.0001	0.0000	0.0000	0.0000	0.0001	0.0000	0.0001	0.1944	0.0034	0.1910	0.0012	0.0012	0.0000	0.1932	0.0022	0.1910	0.0014	0.0012	0.0002	0.0005	0.0004	0.0000	0.0010	0.0007	0.0002	0.0662	0.0355	0.0307	0.0122	0.0119	0.0002	0.0540	0.0235	0.0305	0.0166	0.0170	0.0461	0.0912	0.0426	inf	0.0190	0.0000	0.0466	2.9361	0.0958	6.2148	0.0984	0.1005	0.0000	3.5758	0.0934	6.2653
32	46	0.1103	5	1	1	0	0	0	0	0	0	N	N	N	N	N	N	N	N	N	N	N	N	0.8267	7.3556	0.2230	2.8114	2.8265	inf	0.5077	inf	0.2425	0.0037	0.0040	0.0021	0.0094	0.0100	0.0001	0.0023	0.0024	0.0023	0.0045	0.0005	0.0092	0.0033	0.0035	0.0000	0.0046	0.0000	0.0093	0.0753	14.3674	-0.0000	0.0001	4.3545	1.0095	19.4857	0.3555	0.0001	0.0001	0.0000	0.0001	0.0001	0.0000	0.0001	0.0001	0.0000	0.0002	0.0000	0.0002	0.0000	0.0000	0.0000	0.0002	0.0000	0.0002	0.0369	0.0322	0.0047	0.0072	0.0068	0.0004	0.0297	0.0254	0.0042	0.0356	0.0194	0.0163	0.0031	0.0030	0.0002	0.0325	0.0164	0.0161	0.8267	7.3556	0.2230	2.8114	2.8265	inf	0.5077	inf	0.2425	0.0045	0.0005	0.0092	0.0033	0.0035	0.0000	0.0046	0.0000	0.0093
32	47	0.1536	10	0	1	1	0	0	0	0	0	N	N	N	N	N	N	N	N	N	N	N	N	13204.3182	28153.9101	0.4653	42581.8533	56018.5391	1.7186	0.0417	0.0000	0.1433	9.0184	10.2950	0.0006	47.4543	48.9857	0.0087	0.0000	0.0000	0.0001	0.0007	0.0004	0.0012	0.0011	0.0009	0.0051	0.0005	0.0000	0.0010	0.0000	2.0033	-0.3807	0.0000	4.3545	3.0460	19.4857	11.9126	0.9991	0.9991	0.0000	0.9991	0.9991	0.0000	0.0000	0.0000	0.0000	0.0003	0.0001	0.0002	0.0001	0.0001	0.0000	0.0002	0.0000	0.0002	0.1108	0.0970	0.0137	0.0211	0.0204	0.0007	0.0897	0.0767	0.0131	0.4413	0.2745	0.1669	0.1217	0.1148	0.0069	0.3196	0.1597	0.1599	13204.3182	28153.9101	0.4653	42581.8533	56018.5391	1.7186	0.0417	0.0000	0.1433	0.0007	0.0004	0.0012	0.0011	0.0009	0.0051	0.0005	0.0000	0.0010
32	48	0.1403	9	0	1	0	0	0	0	0	0	N	N	N	N	N	N	N	N	N	N	N	N	24.2585	31.2500	15.9327	38.7203	36.8285	50.5530	19.4906	112.8267	5.4670	0.0424	0.0430	0.0382	0.1175	0.1043	0.4376	0.0238	0.0259	0.0121	0.0017	0.0014	0.0024	0.0030	0.0028	0.0087	0.0012	0.0002	0.0022	0.1306	0.9941	-0.0005	-0.0000	4.3545	1.1082	19.4857	5.8288	0.0018	0.0016	0.0002	0.0010	0.0008	0.0001	0.0008	0.0007	0.0001	0.0004	0.0002	0.0002	0.0002	0.0002	0.0000	0.0002	0.0000	0.0002	0.0426	0.0371	0.0055	0.0085	0.0081	0.0003	0.0341	0.0290	0.0051	0.2475	0.1576	0.0899	0.0720	0.0695	0.0025	0.1755	0.0881	0.0874	24.2585	31.2500	15.9327	38.7203	36.8285	50.5530	19.4906	112.8267	5.4670	0.0017	0.0014	0.0024	0.0030	0.0028	0.0087	0.0012	0.0002	0.0022
32	49	0.1715	11	0	2	0	0	0	0	0	0	N	Y	N	N	N	N	N	N	N	N	N	N	0.0000	0.0000	0.0000	0.0000	0.0000	0.0000	0.0000	0.0000	0.0000	0.0000	0.0000	0.0000	0.0000	0.0000	0.0000	0.0014	0.0024	0.0000	0.0069	0.0077	0.0000	0.0000	0.0000	0.0000	0.0000	0.0000	-0.0000	4.3545	0.0000	19.4857	2.0001	0.0000	0.0000	0.0000	0.0000	0.0000	0.0000	0.0000	0.0000	0.0000	0.0001	0.0001	0.0000	0.0001	0.0001	0.0000	0.0000	0.0000	0.0000	0.0000	0.0000	0.0000	0.0000	0.0000	0.0000	0.0000	0.0000	0.0000	0.0491	0.0287	0.0204	0.0102	0.0090	0.0012	0.0389	0.0197	0.0193	0.0000	0.0000	0.0000	0.0000	0.0000	0.0000	0.0000	0.0000	0.0000	0.0014	0.0024	0.0000	0.0069	0.0077	0.0000	0.0000	0.0000	0.0000				
32	50	0.1458	10	1	2	1	0	0	0	0	0	N	Y	N	N	N	N	N	N	N	N	N	N	0.0000	0.0000	0.0000	0.0000	0.0000	0.0000	0.0000	0.0000	0.0000	0.0000	0.0000	0.0000	0.0000	0.0000	0.0000	0.0035	0.0000	0.0128	0.0092	0.0000	0.2842	0.0010	0.0000	0.0025	inf	0.0000	0.0001	4.3545	0.0000	19.4857	1.7047	0.0000	0.0000	0.0000	0.0000	0.0000	0.0000	0.0000	0.0000	0.0000	0.0003	0.0000	0.0003	0.0002	0.0000	0.0002	0.0001	0.0000	0.0001	0.0000	0.0000	0.0000	0.0000	0.0000	0.0000	0.0000	0.0000	0.0000	0.0859	0.0622	0.0236	0.0268	0.0259	0.0009	0.0591	0.0363	0.0227	0.0000	0.0000	0.0000	0.0000	0.0000	0.0000	0.0000	0.0000	0.0000	0.0035	0.0000	0.0128	0.0092	0.0000	0.2772	0.0010	0.0000	0.0025				
32	51	0.1458	10	1	2	1	0	0	0	0	0	N	Y	N	N	N	N	N	N	N	N	N	N	0.0000	0.0000	0.0000	0.0000	0.0000	0.0000	0.0000	0.0000	0.0000	0.0000	0.0000	0.0000	0.0000	0.0000	0.0000	0.0025	0.0029	0.0000	0.0056	0.0057	0.0000	0.0000	0.0000	0.0000	0.0000	0.0000	-0.0001	4.3545	0.0000	19.4857	0.2953	0.0000	0.0000	0.0000	0.0000	0.0000	0.0000	0.0000	0.0000	0.0000	0.0001	0.0001	0.0000	0.0001	0.0001	0.0000	0.0000	0.0000	0.0000	0.0000	0.0000	0.0000	0.0000	0.0000	0.0000	0.0000	0.0000	0.0000	0.0508	0.0432	0.0075	0.0226	0.0224	0.0002	0.0281	0.0208	0.0073	0.0000	0.0000	0.0000	0.0000	0.0000	0.0000	0.0000	0.0000	0.0000	0.0025	0.0029	0.0000	0.0056	0.0057	0.0000	0.0000	0.0000	0.0000				
32	52	0.1430	9	1	2	1	0	0	0	0	0	N	Y	N	N	N	N	N	N	N	N	N	N	1.9240	241.1558	0.0000	134.3683	174.9620	0.0000	0.0000	0.0000	0.0000	2.8348	3.1753	0.0000	5.3404	5.5240	0.0000	0.0000	0.0000	0.0000	1.4734	0.0132	3.7582	0.0397	0.0316	0.2432	1.9008	0.0027	3.8400	0.0000	182.4114	-0.0000	0.0439	4.3545	0.0001	19.4857	1.7968	0.0000	0.0000	0.0000	0.0000	0.0000	0.0000	0.0000	0.0000	0.0000	0.0973	0.0005	0.0968	0.0006	0.0005	0.0001	0.0967	0.0001	0.0966	0.0000	0.0000	0.0000	0.0000	0.0000	0.0000	0.0000	0.0000	0.0000	0.0660	0.0403	0.0258	0.0152	0.0146	0.0006	0.0509	0.0257	0.0252	1.9240	241.1558	0.0000	134.3683	174.9620	0.0000	0.0000	0.0000	0.0000	1.4734	0.0132	3.7582	0.0397	0.0316	0.2432	1.9008	0.0027	3.8400
32	53	0.1247	3	1	2	0	0	0	0	0	0	N	Y	N	N	N	N	N	N	N	N	N	N	0.1139	121.2906	0.0004	58.0326	50162.2425	0.0000	0.0021	1.3161	0.0015	1.0077	1.2358	0.0133	1.9585	2.6130	0.0000	0.0232	0.0206	0.0418	8.8462	0.0102	32.6099	0.0337	0.0001	1.2994	11.2647	0.0157	28.7988	0.0025	1457.5762	-0.0615	0.3867	4.3545	1.8240	19.4857	0.8872	0.1624	0.1620	0.0004	0.1605	0.1605	0.0000	0.0018	0.0014	0.0004	0.8475	0.0006	0.8469	0.0007	0.0000	0.0007	0.8468	0.0006	0.8462	0.1612	0.1311	0.0301	0.0820	0.0614	0.0205	0.0792	0.0696	0.0095	0.0958	0.0570	0.0388	0.0206	0.0200	0.0006	0.0752	0.0370	0.0382	0.1139	121.2906	0.0006	58.0326	50162.2425	0.0000	0.0021	1.3161	0.0019	8.8462	0.0102	21.8414	0.0337	0.0001	1.1601	11.2647	0.0157	22.1661
32	54	0.2014	13	0	2	0	1	0	0	0	0	N	Y	N	N	N	N	N	N	N	N	N	N	0.0000	0.0000	0.0000	0.0000	0.0000	0.0000	0.0000	0.0000	0.0000	0.0000	0.0000	0.0000	0.0000	0.0000	0.0000	0.0000	0.0012	0.0019	0.0001	0.0046	0.0050	0.0000	0.0001	0.0000	0.0001	0.0397	0.0000	-0.0001	4.3545	0.0007	19.4857	4.7762	0.0000	0.0000	0.0000	0.0000	0.0000	0.0000	0.0000	0.0000	0.0000	0.0002	0.0002	0.0000	0.0002	0.0002	0.0000	0.0000	0.0000	0.0000	0.0000	0.0000	0.0000	0.0000	0.0000	0.0000	0.0000	0.0000	0.0000	0.1356	0.0838	0.0518	0.0345	0.0322	0.0023	0.1011	0.0516	0.0495	0.0000	0.0000	0.0000	0.0000	0.0000	0.0000	0.0000	0.0000	0.0000	0.0012	0.0019	0.0001	0.0046	0.0050	0.0000	0.0001	0.0000	0.0001			
32	55	0.2014	13	0	1	0	1	0	0	0	0	N	N	N	N	N	N	N	N	N	N	N	N	0.0000	0.0000	0.0000	0.0000	0.0000	0.0000	0.0000	0.0000	0.0000	0.0000	0.0000	0.0000	0.0000	0.0001	0.0000	0.0002	0.0000	0.0000	0.0000	0.0001	0.0000	0.0002	inf	0.0000	0.0000	4.3545	0.0007	19.4857	3.2259	0.0000	0.0000	0.0000	0.0000	0.0000	0.0000	0.0000	0.0000	0.0000	0.0000	0.0000	0.0000	0.0000	0.0000	0.0000	0.0000	0.0000	0.0000	0.0000	0.0000	0.0000	0.0000	0.0000	0.0000	0.0000	0.0000	0.0000	0.0992	0.0627	0.0365	0.0270	0.0255	0.0015	0.0722	0.0372	0.0350	0.0000	0.0000	0.0000	0.0000	0.0000	0.0000	0.0000	0.0000	0.0000	0.0001	0.0000	0.0002	0.0000	0.0000	0.0000	0.0001	0.0000	0.0002						
32	56	0.1971	12	0	1	0	1	0	0	0	0	N	N	N	N	N	N	N	N	N	N	N	N	0.0000	0.0000	0.0000	0.0000	0.0000	0.0000	0.0000	0.0000	0.0000	0.0000	0.0000	0.0000	0.0000	0.0000	0.0000	0.0000	0.0002	0.0001	0.0002	0.0003	0.0003	0.0000	0.0001	0.0000	0.0002	0.9654	0.0000	-0.0000	4.3545	0.9953	19.4857	1.3904	0.0000	0.0000	0.0000	0.0000	0.0000	0.0000	0.0000	0.0000	0.0000	0.0000	0.0000	0.0000	0.0000	0.0000	0.0000	0.0000	0.0000	0.0000	0.0369	0.0320	0.0050	0.0094	0.0083	0.0011	0.0275	0.0236	0.0039	0.0768	0.0497	0.0271	0.0216	0.0205	0.0011	0.0552	0.0292	0.0260	0.0000	0.0000	0.0000	0.0000	0.0000	0.0000	0.0000	0.0000	0.0000	0.0002	0.0001	0.0002	0.0003	0.0003	0.0000	0.0001	0.0000	0.0002			
32	57	0.1903	11	0	1	0	1	0	0	0	0	N	N	N	N	N	N	N	N	N	N	N	N	48.7855	67.1979	0.0000	84.4326	88.0987	0.0000	0.0000	0.0000	0.0064	0.0074	0.0000	0.0214	0.0237	0.0000	0.0000	0.0000	0.0000	0.0001	0.0001	0.0002	0.0003	0.0003	0.0000	0.0001	0.0000	0.0002	0.0000	1.0009	-0.0000	-0.0000	4.3545	0.0068	19.4857	3.2797	0.0000	0.0000	0.0000	0.0000	0.0000	0.0000	0.0000	0.0000	0.0000	0.0000	0.0000	0.0000	0.0000	0.0000	0.0000	0.0000	0.0000	0.0000	0.0003	0.0003	0.0000	0.0001	0.0001	0.0000	0.0002	0.0002	0.0000	0.0966	0.0580	0.0387	0.0251	0.0236	0.0015	0.0716	0.0344	0.0372	48.7855	67.1979	0.0000	84.4326	88.0987	0.0000	0.0000	0.0000	0.0000	0.0001	0.0001	0.0002	0.0003	0.0003	0.0000	0.0001	0.0000	0.0002	
32	58	0.1492	10	0	1	0	1	0	0	0	0	N	N	N	N	N	N	N	N	N	N	N	N	419.6999	1804.0228	0.0046	728.3180	1193.8205	0.0027	160.6885	8347.1772	0.0034	0.4134	0.5227	0.0000	0.8012	0.9502	0.0000	0.1532	0.2027	0.0000	0.0010	0.0003	0.0020	0.0011	0.0008	0.0059	0.0010	0.0000	0.0019	0.0000	4.7719	-0.0594	0.0001	4.3545	5.8573	19.4857	13.1443	0.1558	0.1558	0.0000	0.1212	0.1212	0.0000	0.0345	0.0345	0.0000	0.0005	0.0001	0.0004	0.0001	0.0001	0.0000	0.0004	0.0000	0.0004	0.3768	0.2980	0.0788	0.1513	0.1276	0.0237	0.2255	0.1705	0.0550	0.5028	0.2962	0.2066	0.1083	0.1019	0.0065	0.3945	0.1943	0.2002	419.6999	1804.0228	0.0046	728.3180	1193.8205	0.0027	160.6885	8347.1772	0.0034	0.0010	0.0003	0.0020	0.0011	0.0008	0.0059	0.0010	0.0000	0.0019
32	59	0.1431	10	0	2	1	0	0	0	0	0	N	Y	N	N	N	N	N	N	N	N	N	N	0.0000	0.0000	0.0000	0.0000	0.0000	0.0000	0.0000	0.0000	0.0000	0.0000	0.0000	0.0000	0.0000	0.0000	0.0000	0.0000	0.0000	0.0000	0.0131	0.0210	0.0007	0.0601	0.0630	0.0000	0.0015	0.0021	0.0007	0.0220	0.0000	-0.0011	4.3545	0.9979	19.4857	4.0614	0.0000	0.0000	0.0000	0.0000	0.0000	0.0000	0.0000	0.0000	0.0000	0.0021	0.0020	0.0000	0.0019	0.0019	0.0000	0.0002	0.0001	0.0000	0.0360	0.0316	0.0043	0.0067	0.0065	0.0002	0.0293	0.0252	0.0041	0.1574	0.0960	0.0614	0.0313	0.0299	0.0014	0.1261	0.0662	0.0600	0.0000	0.0000	0.0000	0.0000	0.0000	0.0000	0.0000	0.0000	0.0000	0.0131	0.0210	0.0007	0.0601	0.0630	0.0000	0.0015	0.0021	0.0007	
32	60	0.1347	9	0	2	0	0	0	0	0	0	N	Y	N	N	N	N	N	N	N	N	N	N	0.0024	0.0000	0.4534	0.0482	0.0000	286.3373	0.0002	0.0000	0.0315	0.0002	0.0000	0.0016	0.0010	0.0000	0.0363	0.0000	0.0000	0.0001	0.0841	0.1369	0.0036	0.0213	0.0222	0.0001	0.0987	0.1859	0.0037	inf	0.0174	0.0000	-0.0061	4.3545	2.2356	19.4857	2.2044	0.0000	0.0000	0.0000	0.0000	0.0000	0.0000	0.0000	0.0000	0.0000	0.0116	0.0114	0.0002	0.0006	0.0006	0.0000	0.0110	0.0108	0.0002	0.0829	0.0728	0.0101	0.0150	0.0146	0.0004	0.0678	0.0582	0.0096	0.1377	0.0831	0.0546	0.0260	0.0249	0.0011	0.1118	0.0583	0.0535	0.0024	0.0000	0.4534	0.0482	0.0000	286.3373	0.0002	0.0000	0.0315	0.0841	0.1369	0.0036	0.0213	0.0222	0.0001	0.0987	0.1859	0.0037
32	61	0.1141	7	1	1	1	0	0	0	0	0	N	N	N	N	N	N	N	N	N	N	N	N	1.6226	0.0000	160.4432	0.5680	0.0000	36.8428	0.0000	0.0000	0.0040	0.0000	0.0321	0.0178	0.0000	0.3267	0.0000	0.0000	0.0000	0.0025	0.0043	0.0002	0.0314	0.0330	0.0089	0.0000	0.0000	0.0001	inf	0.0385	0.0002	-0.0003	4.3545	2.0703	19.4857	7.0012	0.0003	0.0000	0.0003	0.0003	0.0000	0.0003	0.0000	0.0000	0.0000	0.0005	0.0005	0.0000	0.0005	0.0005	0.0000	0.0000	0.0000	0.0000	0.0778	0.0682	0.0097	0.0174	0.0165	0.0009	0.0604	0.0517	0.0087	0.2199	0.1198	0.1001	0.0169	0.0158	0.0011	0.2030	0.1041	0.0990	1.6226	0.0000	160.4432	0.5680	0.0000	36.8428	0.0000	0.0000	0.0000	0.0025	0.0043	0.0002	0.0314	0.0330	0.0089	0.0000	0.0000	0.0001	
32	62	0.1125	6	0	1	0	0	0	0	0	0	N	N	N	N	N	N	N	N	N	N	N	N	0.5534	3.4734	0.6076	6.3469	4.5867	4086.9555	0.0000	0.0000	0.0000	0.0126	0.0103	0.0281	0.0588	0.0450	0.2829	0.0000	0.0000	0.0000	0.0227	0.0030	0.0463	0.0093	0.0098	0.0001	0.0240	0.0018	0.0468	0.3870	12.9961	-0.0000	0.0002	4.3545	0.9285	19.4857	0.0280	0.0004	0.0003	0.0001	0.0004	0.0003	0.0001	0.0000	0.0000	0.0000	0.0006	0.0000	0.0005	0.0000	0.0000	0.0000	0.0005	0.0000	0.0005	0.0342	0.0300	0.0043	0.0073	0.0069	0.0004	0.0269	0.0231	0.0038	0.0247	0.0134	0.0112	0.0022	0.0020	0.0001	0.0225	0.0114	0.0111	0.5534	3.4734	0.6076	6.3469	4.5867	4086.9555	0.0000	0.0000	0.0000	0.0227	0.0030	0.0463	0.0093	0.0098	0.0001	0.0240	0.0018	0.0468
32	63	0.0862	3	1	2	0	0	0	0	0	0	N	Y	N	N	N	N	N	N	N	N	N	N	0.0618	0.0405	8.3302	0.0240	0.0272	54.3728	71.0582	10.6348	0.0073	0.0085	0.0002	0.0277	0.0322	0.0000	0.0014	0.0016	0.0003	0.1182	0.2088	0.0000	1.1536	1.1844	0.0000	0.0000	0.0000	0.0000	0.0048	0.0001	-0.0001	-0.0075	4.3545	1.0023	19.4857	3.0135	0.0003	0.0003	0.0000	0.0002	0.0002	0.0000	0.0000	0.0000	0.0000	0.0138	0.0138	0.0000	0.0138	0.0138	0.0000	0.0000	0.0000	0.0000	0.0394	0.0339	0.0055	0.0088	0.0076	0.0012	0.0306	0.0263	0.0043	0.1170	0.0662	0.0508	0.0120	0.0117	0.0003	0.1050	0.0546	0.0505	0.0618	0.0405	8.3302	0.0240	0.0272	0.0000	54.3728	71.0582	10.6348	0.1182	0.2088	0.0000	1.1536	1.1844	0.0000	0.0000	0.0000	0.0000	
32	64	0.0599	2	1	2	0	0	0	0	0	0	N	Y	N	N	N	N	N	N	N	N	N	N	2.1103	1.6326	0.9300	0.8185	0.8300	0.9226	6.7372	4817863.7607	0.9455	0.8544	1.1655	0.0628	2.1089	2.1423	0.0036	0.2545	0.3867	0.0639	0.4049	0.7139	0.0676	2.5764	2.5812	0.0039	0.0378	0.0000	0.0676	0.0212	0.0867	-0.0734	-0.0805	4.3545	3.0820	19.4857	9.3392	0.2038	0.1996	0.0042	0.1628	0.1628	0.0000	0.0411	0.0368	0.0042	0.1738	0.1600	0.0139	0.1600	0.1600	0.0000	0.0139	0.0000	0.0139	0.2386	0.1713	0.0673	0.0772	0.0760	0.0012	0.1614	0.0953	0.0661	0.4294	0.2241	0.2053	0.0621	0.0620	0.0001	0.3673	0.1621	0.2052	2.1103	1.6326	0.9300	0.8185	0.8300	0.9226	6.7372	4817863.7607	0.9455	0.4049	0.7139	0.0676	2.5764	2.5812	0.0039	0.0378	0.0000	0.0676
32	65	0.1347	9	0	2	0	0	0	0	0	0	N	Y	N	N	N	N	N	N	N	N	N	N	0.0054	0.0000	1.0391	0.1220	0.0000	599.6107	0.0004	0.0000	0.0721	0.0002	0.0000	0.0020	0.0012	0.0000	0.0449	0.0000	0.0000	0.0001	0.0452	0.0761	0.0019	0.0101	0.0106	0.0001	0.0521	0.0997	0.0020	inf	0.0182	0.0000	-0.0052	4.3545	1.7946	19.4857	5.9592	0.0000	0.0000	0.0000	0.0000	0.0000	0.0000	0.0000	0.0000	0.0000	0.0099	0.0097	0.0002	0.0004	0.0004	0.0000	0.0096	0.0094	0.0002	0.0676	0.0594	0.0082	0.0125	0.0122	0.0003	0.0550	0.0472	0.0078	0.2194	0.1281	0.0913	0.0358	0.0339	0.0019	0.1836	0.0942	0.0894	0.0054	0.0000	1.0391	0.1220	0.0000	599.6107	0.0004	0.0000	0.0721	0.0452	0.0761	0.0019	0.0101	0.0106	0.0001	0.0521	0.0997	0.0020
32	66	0.1279	8	0	2	0	0	0	0	0	0	N	Y	N	N	N	N	N	N	N	N	N	N	0.0032	0.0000	4.6764	0.1384	0.0013	3514.2499	0.0002	0.0000	0.2412	0.0317	0.0003	0.2476	0.1426	0.0015	2.7143	0.0019	0.0000	0.0130	9.9106	17.7396	0.0529	1.0309	1.0841	0.0008	11.5189	23.6404	0.0538	107.8568	0.0024	0.0011	-0.5325	4.3545	1.3569	19.4857	2.0560	0.0018	0.0000	0.0018	0.0017	0.0000	0.0017	0.0001	0.0000	0.0001	0.9849	0.9826	0.0023	0.0157	0.0157	0.0000	0.9692	0.9669	0.0023	0.0565	0.0493	0.0072	0.0120	0.0113	0.0006	0.0445	0.0380	0.0065	0.0994	0.0554	0.0440	0.0152	0.0145	0.0007	0.0841	0.0409	0.0432	0.0032	0.0000	4.6764	0.1384	0.0013	3514.2499	0.0002	0.0000	0.2412	9.9106	17.7396	0.0529	1.0309	1.0841	0.0008	11.5189	23.6404	0.0538
32	67	0.1145	7	0	2	0	0	0	0	0	0	N	Y	N	N	N	N	N	N	N	N	N	N	0.0769	0.0009	223.4378	0.0453	0.0010	28476.6342	0.4464	0.0000	42.0087	0.3924	0.0079	2.9696	1.7122	0.0389	22.0692	0.0814	0.0000	0.5710	5.0994	8.9927	0.0133	37.8316	38.2351	0.0008	0.1823	0.3581	0.0136	56.2299	0.0011	0.0442	-0.5177	4.3545	4.9477	19.4857	2.0153	0.0734	0.0013	0.0722	0.0611	0.0013	0.0598	0.0123	0.0000	0.0123	0.9554	0.9543	0.0011	0.9260	0.9260	0.0000	0.0294	0.0283	0.0011	0.1872	0.1629	0.0243	0.0357	0.0330	0.0027	0.1515	0.1299	0.0216	0.1874	0.1061	0.0812	0.0261	0.0242	0.0019	0.1612	0.0819	0.0793	0.0769	0.0009	223.4378	0.0483	0.0010	28476.6342	0.4464	0.0000	42.0087	5.0994	8.9927	0.0133	35.4403	38.2351	0.0008	0.1823	0.3456	0.0136
32	68	0.1715	11	0	1	1	0	0	0	0	0	N	N	N	N	N	N	N	N	N	N	N	N	0.0000	0.0000	0.0000	0.0000	0.0000	0.0000	0.0000	0.0000	0.0000	0.0000	0.0000	0.0000	0.0000	0.0000	0.0000	0.0000	0.0000	0.0000	10.2548	0.0004	41.6338	0.0020	0.0011	0.0088	12.9226	0.0000	37.9344	49794.7925	0.0000	0.4558	4.3545	0.0000	19.4857	4.0001	0.0000	0.0000	0.0000	0.0000	0.0000	0.0000	0.0000	0.0000	0.0000	0.9973	0.0000	0.9973	0.0000	0.0000	0.0000	0.9973	0.0000	0.9973	0.0000	0.0000	0.0000	0.0000	0.0000	0.0000	0.0000	0.0000	0.0000	0.0973	0.0568	0.0404	0.0201	0.0178	0.0023	0.0772	0.0390	0.0381	0.0000	0.0000	0.0000	0.0000	0.0000	0.0000	0.0000	0.0000	0.0000	10.2548	0.0004	24.6754	0.0020	0.0011	0.0088	12.9226	0.0000	26.1477	
32	69	0.1492	10	0	1	0	0	0	0	0	0	N	N	N	N	N	N	N	N	N	N	N	N	110.9839	101.8059	0.0000	64.4721	73.9415	0.0000	1.2198	154.9387	0.0000	0.5616	0.7423	0.0000	1.1627	1.4089	0.0000	0.0011	0.0017	0.0000	0.0051	0.0073	0.0018	0.0180	0.0191	0.0000	0.0009	0.0000	0.0018	0.0000	0.1624	-0.0602	-0.0007	4.3545	2.8240	19.4857	8.9883	0.1579	0.1579	0.0000	0.1577	0.1577	0.0000	0.0002	0.0002	0.0000	0.0018	0.0015	0.0002	0.0015	0.0015	0.0000	0.0002	0.0000	0.0002	0.2811	0.2126	0.0684	0.1356	0.1119	0.0237	0.1454	0.1007	0.0447	0.3512	0.2096	0.1415	0.0847	0.0802	0.0045	0.2665	0.1295	0.1370	110.9839	101.8059	0.0000	64.4721	73.9415	0.0000	1.2198	154.9387	0.0000	0.0051	0.0073	0.0018	0.0180	0.0191	0.0000	0.0009	0.0000	0.0018
32	70	0.1403	9	0	1	0	0	0	0	0	0	N	N	N	N	N	N	N	N	N	N	N	N	592.1739	834.9369	5.7729	1794.7091	1984.6396	17.8406	11.5896	70.3791	2.0690	1.3504	1.5447	0.0178	6.9022	7.1676	0.2106	0.0181	0.0202	0.0059	0.0023	0.0019	0.0031	0.0038	0.0036	0.0118	0.0016	0.0003	0.0028	0.0017	0.8967	-0.0281	-0.0000	4.3545	1.4521	19.4857	3.5882	0.0741	0.0739	0.0001	0.0733	0.0732	0.0001	0.0008	0.0008	0.0000	0.0005	0.0002	0.0002	0.0002	0.0002	0.0000	0.0002	0.0000	0.0002	0.0548	0.0479	0.0070	0.0106	0.0102	0.0004	0.0442	0.0377	0.0066	0.2040	0.1326	0.0714	0.0642	0.0623	0.0018	0.1399	0.0703	0.0696	592.1739	834.9369	5.7729	1794.7091	1984.6396	17.8406	11.5896	70.3791	2.0690	0.0023	0.0019	0.0031	0.0038	0.0036	0.0118	0.0016	0.0003	0.0028
32	71	0.1375	8	0	1	0	0	0	0	0	0	N	N	N	N	N	N	N	N	N	N	N	N	31.5822	70.2661	0.1601	8.2089	8.0758	45.8100	36.9335	inf	0.0354	0.3692	0.4209	0.0038	0.0903	0.0907	0.0754	0.4466	0.5266	0.0009	0.0117	0.0060	0.0236	0.0110	0.0112	0.0016	0.0121	0.0000	0.0242	0.0013	1.8867	-0.0071	0.0002	4.3545	1.1783	19.4857	0.9542	0.0186	0.0185	0.0000	0.0010	0.0010	0.0000	0.0176	0.0176	0.0000	0.0014	0.0005	0.0009	0.0005	0.0005	0.0000	0.0009	0.0000	0.0009	0.0503	0.0441	0.0062	0.0109	0.0107	0.0002	0.0394	0.0334	0.0060	0.1184	0.0800	0.0383	0.0437	0.0427	0.0010	0.0746	0.0373	0.0373	31.5822	70.2661	0.1601	8.2089	8.0758	45.8100	36.9335	inf	0.0354	0.0117	0.0060	0.0236	0.0110	0.0112	0.0016	0.0121	0.0000	0.0242
32	72	0.1329	7	0	1	0	0	0	0	0	0	N	N	N	N	N	N	N	N	N	N	N	N	157.4822	130.4301	0.0440	5.4829	5.4275	0.4773	946.2770	3213.8447	0.0441	13.1867	15.1053	0.0011	1.2581	1.2922	0.0000	15.5263	18.1969	0.0012	0.0837	0.1158	0.0260	0.2295	0.2381	0.0000	0.0164	0.0057	0.0269	0.0000	0.1251	-0.3928	-0.0052	4.3545	2.0762	19.4857	1.4610	1.0309	1.0308	0.0000	0.0161	0.0161	0.0000	1.0147	1.0147	0.0000	0.0122	0.0108	0.0014	0.0105	0.0105	0.0000	0.0016	0.0003	0.0014	0.0782	0.0682	0.0099	0.0128	0.0125	0.0003	0.0654	0.0558	0.0096	0.1452	0.0933	0.0519	0.0459	0.0442	0.0017	0.0993	0.0491	0.0502	157.4822	130.4301	0.0440	5.4829	5.4275	0.4773	946.2770	3213.8447	0.0441	0.0837	0.1158	0.0260	0.2295	0.2381	0.0000	0.0164	0.0057	0.0269
32	73	0.0687	3	0	1	0	0	0	0	0	0	N	N	N	N	N	N	N	N	N	N	N	N	0.3944	15.1474	0.0159	3.5039	3.4037	0.5110	0.1137	1321266.9842	0.0160	0.7301	0.9682	0.0602	1.9696	1.9892	0.0040	0.2198	0.3116	0.0608	1.8511	0.0639	3.7905	0.5621	0.5844	0.0078	1.9322	0.0000	3.8086	0.0221	54.6471	-0.0708	0.4565	4.3545	4.0673	19.4857	17.8409	0.1968	0.1926	0.0043	0.1549	0.1549	0.0000	0.0420	0.0377	0.0042	1.0398	0.0187	1.0211	0.0187	0.0187	0.0000	1.0211	0.0000	1.0211	0.2696	0.1989	0.0707	0.0786	0.0779	0.0008	0.1910	0.1211	0.0699	0.5617	0.2923	0.2694	0.0333	0.0320	0.0013	0.5285	0.2604	0.2681	0.3944	15.1474	0.0159	3.5039	3.4037	0.5110	0.1137	1321266.9842	0.0160	1.8511	0.0639	3.7905	0.5621	0.5844	0.0078	1.9322	0.0000	3.8086
32	75	0.2054	7	0	1	0	0	0	0	0	0	N	N	N	N	N	N	N	N	N	N	N	N	1.3764	2.3799	0.0008	25.5420	30.7037	0.0088	0.0015	0.0020	0.0005	3.7431	4.5207	0.0033	9.2547	10.0709	0.0079	0.0063	0.0076	0.0022	2.7194	1.8995	4.3240	0.3623	0.3280	0.9066	4.2707	3.7496	4.8003	0.0002	1.1630	-0.3662	-0.0275	4.3545	3.5843	19.4857	46.7516	0.9615	0.9613	0.0001	0.9605	0.9605	0.0001	0.0010	0.0009	0.0001	5.2173	2.4120	2.8053	0.2759	0.2252	0.0507	4.9414	2.1868	2.7546	0.2569	0.2127	0.0442	0.1038	0.0954	0.0084	0.1531	0.1173	0.0358	1.9186	1.2698	0.6488	0.7615	0.6866	0.0749	1.1570	0.5832	0.5738	1.3764	2.3799	0.0008	25.5420	30.7037	0.0117	0.0015	0.0020	0.0005	2.7194	1.8995	4.3240	0.3623	0.3280	0.6769	4.2707	3.7496	4.8003
32	76	0.1413	9	1	2	1	0	0	0	0	0	N	Y	N	N	N	N	N	N	N	N	N	N	0.0000	0.0000	0.0000	0.0000	0.0000	0.0000	0.0000	0.0000	0.0000	0.0000	0.0000	0.0000	0.0000	0.0000	0.0000	0.0000	0.0000	0.0000	0.0000	0.0000	4.3545	1.0003	19.4857	1.0071	0.0000	0.0000	0.0000	0.0000	0.0000	0.0000	0.0000	0.0000	0.0000	0.0000	0.0000	0.0000	0.0000	0.0000	0.0000	0.0000	0.0000	0.0000	0.0354	0.0310	0.0044	0.0085	0.0080	0.0005	0.0269	0.0230	0.0039	0.0481	0.0266	0.0215	0.0067	0.0060	0.0006	0.0414	0.0205	0.0208	0.0000	0.0000	0.0000	0.0000	0.0000	0.0000	0.0000	0.0000	0.0000	0.0000	0.0000	0.0000	0.0000	0.0000	0.0000	0.0000	0.0000	0.0000											
32	77	0.1346	8	1	1	1	0	0	0	0	0	N	N	N	N	N	N	N	N	N	N	N	N	0.0000	0.0000	0.0000	0.0000	0.0000	0.0000	0.0000	0.0000	0.0000	0.0000	0.0000	0.0000	0.0000	0.0000	0.0000	0.0000	0.0002	0.0002	0.0000	0.0004	0.0004	0.0000	0.0001	0.0002	0.0000	0.0000	0.0000	-0.0000	4.3545	0.9901	19.4857	2.2068	0.0000	0.0000	0.0000	0.0000	0.0000	0.0000	0.0000	0.0000	0.0000	0.0000	0.0000	0.0000	0.0000	0.0000	0.0000	0.0000	0.0000	0.0000	0.0355	0.0311	0.0044	0.0085	0.0080	0.0005	0.0270	0.0231	0.0039	0.1685	0.1206	0.0480	0.0550	0.0542	0.0009	0.1135	0.0664	0.0471	0.0000	0.0000	0.0000	0.0000	0.0000	0.0000	0.0000	0.0000	0.0000	0.0002	0.0002	0.0000	0.0004	0.0004	0.0000	0.0001	0.0002	0.0000			
32	78	0.0862	4	0	2	0	0	0	0	0	0	N	Y	N	N	N	N	N	N	N	N	N	N	0.2857	0.2115	14249.9950	3.5247	3.5099	80.0975	0.1982	0.1430	19878.4591	0.4128	0.5281	0.0502	0.5751	0.6038	0.0036	0.3352	0.4763	0.0534	1.4450	2.4964	0.0000	0.1632	0.1720	0.0000	1.6912	3.3300	0.0000	0.0302	0.0000	-0.0779	-0.5516	4.3545	8.4371	19.4857	15.3349	0.2215	0.2150	0.0065	0.0998	0.0998	0.0000	0.1216	0.1152	0.0065	1.0159	1.0159	0.0000	0.0185	0.0185	0.0000	0.9974	0.9974	0.0000	0.5366	0.4071	0.1294	0.1736	0.1653	0.0083	0.3629	0.2418	0.1211	0.7030	0.4069	0.2961	0.1133	0.1074	0.0058	0.5898	0.2995	0.2903	0.2857	0.2115	14249.9950	3.5247	3.5099	80.0975	0.1982	0.1430	19878.4591	1.4450	2.4964	0.0000	0.1632	0.1720	0.0000	1.6912	3.3300	0.0000
32	79	0.1346	8	1	1	1	0	0	0	0	0	N	N	N	N	N	N	N	N	N	N	N	N	0.0000	0.0000	0.0000	0.0000	0.0000	0.0000	0.0000	0.0000	0.0000	0.0000	0.0000	0.0000	0.0000	0.0000	0.0000	0.0000	0.0000	2.7532	0.0002	7.7158	0.0010	0.0005	0.0173	3.5920	0.0000	7.8889	26971.6088	0.0000	0.3696	4.3545	3.0096	19.4857	5.7427	0.0000	0.0000	0.0000	0.0000	0.0000	0.0000	0.0000	0.0000	0.0000	0.8089	0.0000	0.8088	0.0001	0.0000	0.0000	0.8088	0.0000	0.8088	0.1059	0.0928	0.0131	0.0252	0.0237	0.0015	0.0807	0.0691	0.0116	0.2938	0.1890	0.1048	0.0686	0.0663	0.0023	0.2252	0.1226	0.1025	0.0000	0.0000	0.0000	0.0000	0.0000	0.0000	0.0000	0.0000	0.0000	2.7532	0.0002	7.7158	0.0010	0.0005	0.0173	3.5920	0.0000	7.8889		
32	80	0.1190	7	1	1	1	0	0	0	0	0	N	N	N	N	N	N	N	N	N	N	N	N	0.0027	0.0000	3.2179	0.0014	0.0000	7.0485	0.0000	0.0000	0.0138	0.0000	0.1178	0.0528	0.0000	1.0999	0.0000	0.0000	0.0000	5.0436	8.8703	0.0366	36.7976	36.1235	0.1560	0.0173	0.0000	0.0347	inf	0.0032	0.0004	-0.5361	4.3545	1.0477	19.4857	6.1154	0.0006	0.0000	0.0006	0.0006	0.0000	0.0006	0.0000	0.0000	0.0000	0.9931	0.9900	0.0031	0.9902	0.9900	0.0002	0.0029	0.0000	0.0029	0.0412	0.0364	0.0048	0.0108	0.0103	0.0005	0.0304	0.0261	0.0043	0.1969	0.1116	0.0853	0.0288	0.0274	0.0013	0.1682	0.0842	0.0840	0.0027	0.0000	3.2179	0.0015	0.0000	7.0485	0.0000	0.0000	0.0000	5.0436	8.8703	0.0366	34.4365	36.1235	0.1560	0.0173	0.0000	0.0347	
32	81	0.1125	6	0	1	0	0	0	0	0	0	N	N	N	N	N	N	N	N	N	N	N	N	0.0584	0.0299	22.6991	0.0214	0.0175	14906.3686	0.0000	0.0000	0.0000	0.0096	0.0091	0.0133	0.0455	0.0399	0.1337	0.0000	0.0000	0.0000	0.1642	0.3023	0.0006	2.1280	2.2776	0.0000	0.0004	0.0003	0.0006	0.2104	0.0016	-0.0001	-0.0066	4.3545	1.9794	19.4857	1.0196	0.0007	0.0006	0.0001	0.0007	0.0006	0.0001	0.0000	0.0000	0.0000	0.0123	0.0123	0.0000	0.0122	0.0122	0.0000	0.0000	0.0000	0.0000	0.0720	0.0630	0.0090	0.0152	0.0143	0.0009	0.0568	0.0487	0.0081	0.0748	0.0405	0.0342	0.0058	0.0054	0.0004	0.0690	0.0352	0.0338	0.0584	0.0299	22.6991	0.0214	0.0175	14906.3686	0.0000	0.0000	0.0000	0.1642	0.3023	0.0006	2.1280	2.2776	0.0000	0.0004	0.0003	0.0006
32	82	0.1103	5	0	1	0	0	0	0	0	0	N	N	N	N	N	N	N	N	N	N	N	N	2.7916	4.1005	0.8520	2.0849	2.1050	inf	1.9302	inf	0.9265	0.0051	0.0056	0.0021	0.0167	0.0177	0.0001	0.0023	0.0024	0.0023	0.0018	0.0014	0.0024	0.0080	0.0084	0.0000	0.0012	0.0000	0.0024	0.0534	1.4829	-0.0001	0.0000	4.3545	1.0114	19.4857	0.0202	0.0002	0.0002	0.0000	0.0001	0.0001	0.0000	0.0001	0.0001	0.0000	0.0001	0.0000	0.0000	0.0000	0.0000	0.0000	0.0000	0.0000	0.0000	0.0370	0.0323	0.0047	0.0072	0.0068	0.0004	0.0297	0.0255	0.0042	0.0273	0.0149	0.0124	0.0025	0.0024	0.0001	0.0248	0.0125	0.0123	2.7916	4.1005	0.8520	2.0849	2.1050	inf	1.9302	inf	0.9265	0.0018	0.0014	0.0024	0.0080	0.0084	0.0000	0.0012	0.0000	0.0024
32	83	0.0898	4	0	1	0	0	0	0	0	0	N	N	N	N	N	N	N	N	N	N	N	N	56.9319	1939.5435	0.0775	224.1040	460.1300	0.0063	47.1482	inf	0.0880	7.8255	8.9402	0.0229	10.7234	11.6129	0.0053	6.9671	8.0909	0.0258	0.1375	0.0046	0.2953	0.0479	0.0252	0.8477	0.1478	0.0000	0.2926	0.0004	53.9144	-0.7268	0.0161	4.3545	5.9223	19.4857	3.6882	1.9091	1.9084	0.0007	0.5978	0.5978	0.0000	1.3113	1.3106	0.0007	0.0366	0.0007	0.0359	0.0013	0.0007	0.0006	0.0353	0.0000	0.0353	0.2440	0.2135	0.0305	0.0557	0.0515	0.0043	0.1882	0.1620	0.0262	0.2662	0.1445	0.1216	0.0275	0.0264	0.0011	0.2387	0.1181	0.1205	56.9319	1939.5435	0.0775	224.1040	460.1300	0.0089	47.1482	inf	0.0880	0.1375	0.0046	0.2953	0.0479	0.0252	0.5972	0.1478	0.0000	0.2926
32	84	0.1061	6	0	2	0	0	0	0	0	0	N	Y	N	N	N	N	N	N	N	N	N	N	5.4008	3.6458	0.0000	3.9106	3.8262	0.0000	92.3418	157029.3782	0.0000	0.0190	0.0222	0.0000	0.0777	0.0839	0.0000	0.0027	0.0032	0.0000	0.0035	0.0061	0.0001	0.0199	0.0219	0.0000	0.0000	0.0000	0.0001	0.0000	0.0069	-0.0020	-0.0018	4.3545	7.1084	19.4857	28.8937	0.0054	0.0054	0.0000	0.0048	0.0048	0.0000	0.0006	0.0006	0.0000	0.0034	0.0033	0.0000	0.0033	0.0033	0.0000	0.0000	0.0000	0.0000	0.2825	0.2417	0.0407	0.0615	0.0570	0.0045	0.2209	0.1847	0.0362	0.9518	0.5461	0.4057	0.1675	0.1517	0.0157	0.7843	0.3943	0.3900	5.4008	3.6458	0.0000	3.9106	3.8262	0.0000	92.3418	157029.3782	0.0000	0.0035	0.0061	0.0001	0.0199	0.0219	0.0000	0.0000	0.0000	0.0001
32	85	0.0986	5	0	2	0	0	0	0	0	0	N	Y	N	N	N	N	N	N	N	N	N	N	19.2119	19.0013	11.4582	68.8261	70.2447	284.5209	4.1958	3.5112	11.7532	0.2524	0.3496	0.0376	0.4739	0.5011	0.0136	0.0662	0.0956	0.0398	0.0131	0.0184	0.0033	0.0069	0.0071	0.0000	0.0158	0.0272	0.0034	0.0487	0.0953	-0.0252	-0.0018	4.3545	2.2208	19.4857	3.9129	0.0754	0.0719	0.0035	0.0646	0.0645	0.0001	0.0107	0.0073	0.0034	0.0039	0.0036	0.0003	0.0006	0.0006	0.0000	0.0033	0.0030	0.0003	0.2986	0.2056	0.0930	0.1364	0.1288	0.0076	0.1622	0.0768	0.0854	0.3004	0.1959	0.1045	0.0892	0.0861	0.0031	0.2112	0.1097	0.1014	19.2119	19.0013	11.4582	68.8261	70.2447	284.5209	4.1958	3.5112	11.7532	0.0131	0.0184	0.0033	0.0069	0.0071	0.0000	0.0158	0.0272	0.0034
32	86	0.1741	7	0	1	1	0	0	0	0	0	N	N	N	N	N	N	N	N	N	N	N	N	0.0149	0.0083	5.0884	12.3867	10.8213	377.6499	0.0012	0.0000	2.6088	0.0406	0.0388	0.0536	0.1884	0.1780	0.4891	0.0041	0.0000	0.0285	2.7279	4.6987	0.0105	0.0152	0.0165	0.0013	3.4752	7.1343	0.0109	0.1914	0.0016	-0.0020	-0.5380	4.3545	5.3425	19.4857	7.0749	0.0089	0.0075	0.0014	0.0082	0.0075	0.0007	0.0007	0.0000	0.0007	0.9939	0.9923	0.0016	0.0012	0.0012	0.0000	0.9927	0.9911	0.0016	0.2204	0.1936	0.0268	0.0436	0.0422	0.0015	0.1768	0.1514	0.0253	0.3643	0.2112	0.1532	0.0787	0.0723	0.0064	0.2856	0.1389	0.1467	0.0149	0.0083	5.0884	12.3867	10.8213	377.6499	0.0012	0.0000	2.6088	2.7279	4.6987	0.0105	0.0152	0.0165	0.0013	3.4752	7.1343	0.0109
32	87	0.1309	6	0	1	0	0	0	0	0	0	N	N	N	N	N	N	N	N	N	N	N	N	2.5205	0.0136	254.5091	2.5484	0.0505	2119.4784	2.5366	0.0009	189.4946	0.4986	0.0043	2.4051	0.4638	0.0100	6.2188	0.5170	0.0004	1.8705	0.1978	0.3135	0.0094	0.1820	0.1984	0.0029	0.2038	0.3985	0.0099	146.0315	0.0185	0.1363	-0.0810	4.3545	7.0719	19.4857	13.7350	0.2227	0.0015	0.2212	0.0717	0.0014	0.0703	0.1510	0.0001	0.1509	0.1543	0.1515	0.0028	0.0391	0.0390	0.0001	0.1152	0.1125	0.0028	0.4467	0.3547	0.0920	0.1547	0.1434	0.0113	0.2920	0.2113	0.0807	0.7799	0.4831	0.2968	0.2147	0.1966	0.0180	0.5653	0.2865	0.2788	2.5205	0.0136	254.5091	2.5484	0.0505	2119.4784	2.5366	0.0009	189.4946	0.1978	0.3135	0.0094	0.1820	0.1984	0.0029	0.2038	0.3925	0.0099
32	88	0.1449	10	1	1	1	0	0	0	0	0	N	N	N	N	N	N	N	N	N	N	N	N	0.0000	0.0000	0.0000	0.0000	0.0000	0.0000	0.0000	0.0000	0.0000	0.0000	0.0000	0.0000	0.0000	0.0000	0.0000	0.0000	0.0000	0.0000	0.0000	0.0000	4.3545	0.0000	19.4857	0.0000	0.0000	0.0000	0.0000	0.0000	0.0000	0.0000	0.0000	0.0000	0.0000	0.0000	0.0000	0.0000	0.0000	0.0000	0.0000	0.0000	0.0000	0.0000	0.0000	0.0000	0.0000	0.0000	0.0000	0.0000	0.0000	0.0000	0.0000	0.0000	0.0000	0.0000	0.0000	0.0000	0.0000	0.0000	0.0000	0.0000	0.0000	0.0000	0.0000	0.0000	0.0000	0.0000	0.0000	0.0000	0.0000	0.0000	0.0000	0.0000	0.0000	0.0000	0.0000	0.0000	0.0000	0.0000											
32	89	0.1430	9	1	1	1	0	0	0	0	0	N	N	N	N	N	N	N	N	N	N	N	N	0.1389	0.1000	0.0000	0.0768	0.0775	0.0000	0.0000	0.0000	0.0000	2.8348	3.1753	0.0000	5.3404	5.5240	0.0000	0.0000	0.0000	0.0000	20.4101	31.7437	0.0034	69.5813	71.2737	0.0098	0.0039	0.0044	0.0033	0.0000	0.0001	-0.0000	-0.4892	4.3545	0.0001	19.4857	0.9161	0.0000	0.0000	0.0000	0.0000	0.0000	0.0000	0.0000	0.0000	0.0000	0.9011	0.9010	0.0001	0.9009	0.9009	0.0000	0.0001	0.0001	0.0001	0.0000	0.0000	0.0000	0.0000	0.0000	0.0000	0.0000	0.0000	0.0000	0.0441	0.0284	0.0158	0.0129	0.0126	0.0003	0.0312	0.0157	0.0155	0.1389	0.1000	0.0000	0.0768	0.0775	0.0000	0.0000	0.0000	0.0000	20.4101	31.7437	0.0034	69.5813	71.2737	0.0098	0.0039	0.0044	0.0033
32	90	0.1182	8	1	1	1	0	0	0	0	0	N	N	N	N	N	N	N	N	N	N	N	N	0.6876	0.6736	0.0000	1.2077	1.3589	0.0008	0.0000	0.0000	0.0000	6.9074	7.8818	0.0001	32.4733	34.6609	0.0000	0.0000	0.0000	0.0001	10.0457	11.7006	7.8386	26.8881	25.5064	0.0324	7.6843	7.3546	8.0267	0.0000	0.5023	-0.3805	-0.6546	4.3545	3.7876	19.4857	7.8440	0.9984	0.9984	0.0000	0.9984	0.9984	0.0000	0.0000	0.0000	0.0000	3.1380	2.0888	1.0492	1.0903	1.0902	0.0001	2.0477	0.9986	1.0491	0.1445	0.1267	0.0179	0.0307	0.0288	0.0019	0.1138	0.0979	0.0159	0.3124	0.1785	0.1339	0.0459	0.0427	0.0031	0.2665	0.1358	0.1307	0.6876	0.6736	0.0000	1.3668	1.3589	0.0008	0.0000	0.0000	0.0000	10.0457	11.7006	7.8386	23.7580	25.5064	0.0324	7.6843	7.3546	8.0267
32	91	0.0792	4	0	2	0	1	0	0	0	0	N	Y	N	N	N	N	N	N	N	N	N	N	0.2195	28.9903	0.0055	12.5200	12.4262	0.0338	0.0054	7.7130	0.0055	0.8404	1.2126	0.0466	2.2612	2.2799	0.0036	0.0234	0.0000	0.0470	3.8281	0.0418	8.4387	0.1806	0.1835	0.1064	4.3731	0.0000	8.5290	0.0180	165.6767	-0.0572	0.9038	4.3545	1.8247	19.4857	16.3284	0.1573	0.1545	0.0028	0.1545	0.1545	0.0000	0.0028	0.0000	0.0028	2.0038	0.0120	1.9917	0.0123	0.0120	0.0003	1.9915	0.0000	1.9915	0.1872	0.1274	0.0597	0.0683	0.0678	0.0006	0.1188	0.0597	0.0592	0.5234	0.2874	0.2360	0.0681	0.0655	0.0025	0.4554	0.2219	0.2335	0.2195	28.9903	0.0055	12.5200	12.4262	0.0338	0.0054	7.7130	0.0055	3.8281	0.0418	8.4387	0.1806	0.1835	0.1064	4.3731	0.0000	8.5290
32	92	0.0687	3	0	2	0	0	0	0	0	0	N	Y	N	N	N	N	N	N	N	N	N	N	3.0472	2118.6391	3.5395	30.4951	49.8807	1.6332	3.5656	446205.8298	3.5722	4.8092	3.0547	11.6460	0.6829	0.6872	0.3665	5.9597	3.9320	11.8067	1.5783	0.0014	3.2903	0.0224	0.0138	0.2244	1.6714	0.0000	3.3051	0.9784	2101.8316	0.2390	0.4583	4.3545	9.1310	19.4857	16.1726	2.1065	1.0647	1.0418	0.0652	0.0648	0.0005	2.0413	1.0000	1.0413	1.0038	0.0005	1.0034	0.0008	0.0005	0.0003	1.0030	0.0000	1.0030	0.4380	0.3486	0.0895	0.0955	0.0942	0.0013	0.3425	0.2543	0.0882	0.6360	0.3311	0.3049	0.0359	0.0345	0.0015	0.6001	0.2966	0.3035	3.0472	2118.6391	3.5395	30.4951	49.8807	1.6332	3.5656	446205.8298	3.5722	1.5783	0.0014	3.2903	0.0224	0.0138	0.2244	1.6714	0.0000	3.3051
32	93	0.1537	9	0	2	0	0	0	0	0	0	N	Y	N	N	N	N	N	N	N	N	N	N	0.0005	0.0000	0.0036	0.0361	0.0000	2052.9841	0.0000	0.0000	0.0000	0.0000	0.0000	0.0003	0.0002	0.0000	0.0106	0.0000	0.0000	0.0000	0.0745	0.0713	0.0798	0.0067	0.0074	0.0000	0.1045	0.1225	0.0863	inf	0.6661	0.0000	-0.0043	4.3545	4.0959	19.4857	8.7137	0.0000	0.0000	0.0000	0.0000	0.0000	0.0000	0.0000	0.0000	0.0000	0.0303	0.0182	0.0121	0.0008	0.0008	0.0000	0.0295	0.0174	0.0121	0.1570	0.1370	0.0200	0.0239	0.0233	0.0005	0.1331	0.1137	0.0194	0.4076	0.2557	0.1520	0.1253	0.1139	0.0114	0.2823	0.1418	0.1405	0.0005	0.0000	0.0036	0.0361	0.0000	2052.9841	0.0000	0.0000	0.0000	0.0745	0.0713	0.0798	0.0067	0.0074	0.0000	0.1045	0.1225	0.0863
32	94	0.1354	8	0	2	0	0	0	0	0	0	N	Y	N	N	N	N	N	N	N	N	N	N	0.0000	0.0001	0.0000	0.0011	0.0010	0.0000	0.0000	0.0000	0.0000	0.0000	0.0001	0.0000	0.0003	0.0003	0.0000	0.0000	0.0000	0.0000	4.0513	0.4094	9.7556	0.2352	0.2526	0.0039	5.4180	0.5410	10.2401	0.0000	15.2130	-0.0000	0.4161	4.3545	2.9443	19.4857	6.1524	0.0000	0.0000	0.0000	0.0000	0.0000	0.0000	0.0000	0.0000	0.0000	1.0524	0.0649	0.9875	0.0161	0.0161	0.0000	1.0363	0.0488	0.9875	0.1185	0.1032	0.0154	0.0225	0.0220	0.0005	0.0961	0.0812	0.0149	0.2598	0.1586	0.1012	0.0685	0.0637	0.0048	0.1913	0.0948	0.0964	0.0000	0.0001	0.0000	0.0011	0.0010	0.0000	0.0000	0.0000	0.0000	4.0513	0.4094	9.7556	0.2352	0.2526	0.0039	5.4180	0.5147	10.2401
32	95	0.1329	7	0	1	0	0	0	0	0	0	N	N	N	N	N	N	N	N	N	N	N	N	0.0611	0.0466	0.0000	1.0632	1.0603	0.0000	0.0478	0.0279	0.0000	0.4812	0.5509	0.0000	0.0180	0.0184	0.0000	0.5833	0.6858	0.0000	7.8780	11.8187	0.0378	0.0169	0.0173	0.0000	12.1966	24.5616	0.0388	0.0000	0.0016	-0.0063	-0.4652	4.3545	0.8596	19.4857	1.2300	0.0165	0.0165	0.0000	0.0001	0.0001	0.0000	0.0164	0.0164	0.0000	0.8592	0.8579	0.0014	0.0007	0.0007	0.0000	0.8586	0.8572	0.0014	0.0343	0.0299	0.0043	0.0062	0.0060	0.0001	0.0281	0.0239	0.0042	0.1091	0.0726	0.0365	0.0387	0.0377	0.0010	0.0704	0.0349	0.0355	0.0611	0.0466	0.0000	1.0632	1.0603	0.0000	0.0478	0.0279	0.0000	7.8780	11.8187	0.0378	0.0169	0.0173	0.0000	12.1966	24.5616	0.0388
32	96	0.1211	6	0	1	0	0	0	0	0	0	N	N	N	N	N	N	N	N	N	N	N	N	20.7532	234.2481	0.0245	16.0475	15.9905	11049.0422	17.4677	138.0794	0.0198	10.2778	11.7109	0.0272	0.1583	0.1610	0.0876	13.5846	15.9889	0.0223	0.4952	0.0500	1.1075	0.0099	0.0101	0.0000	0.7777	0.1158	1.1277	0.0003	16.1101	-0.7574	0.0750	4.3545	3.7737	19.4857	2.5241	1.9894	1.9887	0.0006	0.0075	0.0074	0.0002	1.9818	1.9813	0.0005	0.1883	0.0110	0.1773	0.0014	0.0014	0.0000	0.1869	0.0096	0.1773	0.1936	0.1698	0.0237	0.0477	0.0459	0.0018	0.1459	0.1239	0.0220	0.3802	0.2201	0.1601	0.1399	0.1370	0.0029	0.2403	0.0831	0.1572	20.7532	234.2481	0.0245	16.0475	15.9905	11049.0422	17.4677	138.0794	0.0198	0.4952	0.0500	1.1075	0.0099	0.0101	0.0000	0.7777	0.1158	1.1277
32	97	0.1002	5	0	1	0	0	0	0	0	0	N	N	N	N	N	N	N	N	N	N	N	N	7.7425	2.3947	4479.4690	5.8142	4.7044	30779.3315	20.8026	0.0995	3830.9071	0.5880	0.3141	2.2089	2.1243	1.8264	11.4072	0.3154	0.0030	1.9007	0.0759	0.1312	0.0005	0.3654	0.3882	0.0004	0.0152	0.0298	0.0005	1.1880	0.0028	0.0242	-0.0138	4.3545	6.4922	19.4857	4.5502	0.1497	0.0684	0.0813	0.0815	0.0679	0.0136	0.0682	0.0005	0.0677	0.0256	0.0255	0.0001	0.0213	0.0213	0.0000	0.0042	0.0041	0.0001	0.2547	0.2178	0.0368	0.0384	0.0372	0.0012	0.2163	0.1807	0.0356	0.3366	0.1943	0.1423	0.0584	0.0550	0.0034	0.2782	0.1393	0.1388	7.7425	2.3947	4479.4690	5.8142	4.7044	30779.3315	20.8026	0.0995	3830.9071	0.0759	0.1312	0.0005	0.3654	0.3882	0.0004	0.0152	0.0298	0.0005
32	98	0.1182	8	0	2	0	0	0	0	0	0	N	Y	N	N	N	N	N	N	N	N	N	N	0.0048	0.0002	0.0333	1.7089	0.0429	36.2297	0.0000	0.0000	0.0000	0.0277	0.0008	0.2301	0.0955	0.0024	1.5079	0.0000	0.0000	0.0002	5.8068	4.9652	6.9174	0.0559	0.0570	0.0416	6.7539	6.4360	7.0844	40.7032	1.0558	0.0010	-0.0605	4.3545	1.3608	19.4857	12.1483	0.0016	0.0000	0.0016	0.0016	0.0000	0.0016	0.0000	0.0000	0.0000	2.0587	1.0014	1.0573	0.0028	0.0026	0.0002	2.0559	0.9988	1.0571	0.0589	0.0520	0.0069	0.0171	0.0160	0.0011	0.0419	0.0360	0.0059	0.3545	0.2017	0.1528	0.0501	0.0465	0.0036	0.3044	0.1552	0.1492	0.0048	0.0002	0.0333	1.7089	0.0429	36.2297	0.0000	0.0000	0.0000	5.8068	4.9652	6.9174	0.0559	0.0570	0.0416	6.7539	6.4360	7.0844
32	99	0.1145	7	0	1	0	0	0	0	0	0	N	N	N	N	N	N	N	N	N	N	N	N	0.0265	0.0259	0.0444	0.0393	0.0344	2.6989	0.0009	0.0000	0.0034	0.0420	0.0354	0.0848	0.1652	0.1350	0.4643	0.0010	0.0000	0.0067	1.5856	1.3638	1.9102	4.2057	3.9288	0.1720	1.0512	0.1726	1.9491	0.3711	0.9569	-0.0003	-0.0064	4.3545	1.5300	19.4857	0.7696	0.0029	0.0021	0.0008	0.0028	0.0021	0.0007	0.0001	0.0000	0.0001	0.1189	0.0608	0.0582	0.0556	0.0555	0.0001	0.0633	0.0053	0.0580	0.0678	0.0587	0.0091	0.0169	0.0154	0.0016	0.0509	0.0433	0.0075	0.0750	0.0446	0.0304	0.0148	0.0141	0.0007	0.0602	0.0304	0.0298	0.0265	0.0259	0.0444	0.0439	0.0344	2.6989	0.0009	0.0000	0.0034	1.5856	1.3638	1.9102	3.7596	3.9288	0.1720	1.0512	0.1726	1.9491
32	100	0.1057	6	0	1	0	0	0	0	0	0	N	N	N	N	N	N	N	N	N	N	N	N	0.0673	0.0006	27.6251	0.0151	0.0107	29.1210	0.0740	0.0000	29.0779	0.5337	0.0078	4.1620	0.0588	0.0417	0.3334	0.6333	0.0000	4.4966	7.9272	14.1258	0.1507	3.8920	3.8893	0.0115	8.5577	16.7192	0.1546	77.3809	0.0085	0.0433	-0.5690	4.3545	3.6906	19.4857	1.4800	0.0715	0.0009	0.0706	0.0014	0.0009	0.0005	0.0701	0.0000	0.0701	1.0644	1.0554	0.0090	0.0588	0.0587	0.0000	1.0056	0.9967	0.0090	0.1339	0.1170	0.0170	0.0232	0.0219	0.0014	0.1107	0.0951	0.0156	0.1343	0.0747	0.0596	0.0168	0.0151	0.0017	0.1175	0.0596	0.0579	0.0673	0.0006	27.6251	0.0168	0.0107	29.1210	0.0740	0.0000	29.0779	7.9272	14.1258	0.1507	3.5062	3.8893	0.0115	8.5577	16.7192	0.1546
32	101	0.1057	5	0	1	0	0	0	0	0	0	N	N	N	N	N	N	N	N	N	N	N	N	0.0570	0.0644	0.0537	0.0556	0.0441	12.4268	0.0492	0.4433	0.0110	0.0518	0.0510	0.0584	0.0984	0.0858	0.4810	0.0300	0.0328	0.0127	0.9086	0.7927	1.0884	1.7706	1.9441	0.0387	0.6103	0.0740	1.1550	0.1329	0.8851	-0.0001	-0.0015	4.3545	0.1361	19.4857	0.4500	0.0005	0.0004	0.0001	0.0003	0.0002	0.0000	0.0002	0.0002	0.0000	0.0200	0.0106	0.0094	0.0100	0.0100	0.0000	0.0100	0.0006	0.0094	0.0088	0.0079	0.0009	0.0028	0.0027	0.0001	0.0060	0.0052	0.0008	0.0220	0.0134	0.0086	0.0057	0.0051	0.0005	0.0164	0.0082	0.0081	0.0570	0.0644	0.0537	0.0556	0.0441	12.4268	0.0492	0.4433	0.0110	0.9086	0.7927	1.0884	1.7706	1.9441	0.0387	0.6103	0.0740	1.1550
32	102	0.0898	4	0	1	0	0	0	0	0	0	N	N	N	N	N	N	N	N	N	N	N	N	13.3883	36.5849	0.1158	7.0485	7.8665	0.0345	14.9818	499.3701	0.1217	2.6825	3.0554	0.0394	2.8867	3.1385	0.0317	2.6083	3.0232	0.0411	0.2004	0.0835	0.3405	0.4095	0.3990	0.9202	0.1741	0.0061	0.3373	0.0018	3.3995	-0.1665	0.0106	4.3545	3.5591	19.4857	4.5341	0.4390	0.4382	0.0008	0.1259	0.1258	0.0001	0.3131	0.3124	0.0007	0.0461	0.0105	0.0357	0.0105	0.0099	0.0006	0.0356	0.0006	0.0350	0.1637	0.1434	0.0202	0.0436	0.0401	0.0035	0.1200	0.1033	0.0167	0.2303	0.1256	0.1047	0.0257	0.0248	0.0009	0.2046	0.1008	0.1038	13.3883	36.5849	0.1158	7.0485	7.8665	0.0459	14.9818	499.3701	0.1217	0.2004	0.0835	0.3405	0.4095	0.3990	0.6915	0.1741	0.0061	0.3373
32	103	0.0681	3	0	1	0	0	0	0	0	0	N	N	N	N	N	N	N	N	N	N	N	N	1.4105	19.0308	1.4782	0.9054	0.9276	0.0634	1.8171	1540.1529	1.5255	8.0147	4.6324	16.7356	0.9607	0.9827	0.1784	11.4209	7.4953	17.2792	5.6822	0.2434	11.3214	1.0612	1.0593	2.8124	6.2852	0.0049	11.3266	1.4012	44.8574	0.3634	0.8676	4.3545	2.8937	19.4857	8.0733	1.7946	0.7474	1.0472	0.0701	0.0697	0.0004	1.7246	0.6777	1.0469	1.9935	0.0435	1.9500	0.0430	0.0428	0.0002	1.9505	0.0007	1.9498	0.2239	0.1613	0.0626	0.0729	0.0709	0.0020	0.1510	0.0904	0.0606	0.3508	0.1786	0.1722	0.0405	0.0404	0.0001	0.3103	0.1382	0.1721	1.4105	19.0308	1.4782	0.9054	0.9276	0.0976	1.8171	1540.1529	1.5255	5.6822	0.2434	11.3214	1.0612	1.0593	1.8277	6.2852	0.0049	11.3266
32	104	0.1551	7	0	2	0	0	0	0	0	0	N	Y	N	N	N	N	N	N	N	N	N	N	1.1430	1.0213	0.0000	7.3772	8.0389	0.0000	0.0000	0.0000	0.0000	0.0688	0.0815	0.0000	0.1632	0.1883	0.0000	0.0000	0.0000	0.0000	0.0602	0.0798	0.0000	0.0221	0.0234	0.0000	0.0845	0.1337	0.0000	0.0000	0.0000	-0.0001	-0.0027	4.3545	0.0277	19.4857	1.3445	0.0001	0.0001	0.0000	0.0001	0.0001	0.0000	0.0000	0.0000	0.0000	0.0049	0.0049	0.0000	0.0007	0.0007	0.0000	0.0042	0.0042	0.0000	0.0021	0.0017	0.0003	0.0009	0.0008	0.0001	0.0012	0.0010	0.0002	0.0821	0.0619	0.0202	0.0321	0.0303	0.0018	0.0501	0.0317	0.0184	1.1430	1.0213	0.0000	7.3772	8.0389	0.0000	0.0000	0.0000	0.0000	0.0602	0.0798	0.0000	0.0221	0.0234	0.0000	0.0845	0.1337	0.0000
32	105	0.1084	6	0	2	0	0	0	0	0	0	N	Y	N	N	N	N	N	N	N	N	N	N	6.2768	4.1617	0.8511	37.9702	37.2478	0.0301	0.0158	0.0080	1.1245	0.9470	1.0860	0.0020	5.1644	5.4424	0.0005	0.0024	0.0025	0.0021	0.1509	0.2609	0.0023	0.1360	0.1461	0.0181	0.1536	0.3117	0.0018	0.0003	0.0065	-0.0727	-0.0449	4.3545	5.1414	19.4857	16.4151	0.1910	0.1909	0.0001	0.1906	0.1906	0.0000	0.0004	0.0003	0.0000	0.0836	0.0831	0.0005	0.0115	0.0114	0.0001	0.0721	0.0716	0.0004	0.2017	0.1758	0.0259	0.0369	0.0350	0.0019	0.1648	0.1408	0.0240	0.5541	0.3183	0.2358	0.0848	0.0781	0.0067	0.4693	0.2402	0.2291	6.2768	4.1617	0.8511	37.9702	37.2478	0.0301	0.0158	0.0083	1.1245	0.1509	0.2609	0.0023	0.1360	0.1461	0.0181	0.1536	0.2983	0.0018
32	106	0.1002	5	0	1	0	0	0	0	0	0	N	N	N	N	N	N	N	N	N	N	N	N	0.0083	0.0020	2.2894	1.9248	1.4428	53.0142	0.0043	0.0000	1.9289	0.0380	0.0153	0.1620	0.1011	0.0781	0.7460	0.0250	0.0001	0.1390	4.5813	7.5920	0.0708	0.0525	0.0542	0.0141	5.8576	11.6833	0.0720	1.9416	0.0062	0.0017	-0.4944	4.3545	3.8974	19.4857	1.6364	0.0062	0.0021	0.0041	0.0028	0.0021	0.0007	0.0034	0.0000	0.0034	0.9211	0.9154	0.0057	0.0023	0.0023	0.0000	0.9188	0.9131	0.0057	0.1635	0.1382	0.0253	0.0279	0.0269	0.0010	0.1356	0.1112	0.0244	0.2011	0.1206	0.0805	0.0442	0.0424	0.0018	0.1568	0.0782	0.0787	0.0083	0.0020	2.2894	1.9248	1.4428	53.0142	0.0043	0.0000	1.9289	4.5813	7.5920	0.0708	0.0525	0.0542	0.0141	5.8576	11.6833	0.0720
32	107	0.0792	4	0	1	0	0	0	0	0	0	N	N	N	N	N	N	N	N	N	N	N	N	0.1086	0.0088	365.7809	0.4704	0.4069	365.9115	0.1535	0.0010	366.3475	0.3300	0.0476	0.7581	0.0673	0.0597	1.2170	0.5578	0.0079	0.7546	3.0400	5.4355	0.0021	0.1431	0.1468	0.0033	3.6339	7.6624	0.0021	10.5065	0.0003	0.0238	-0.5510	4.3545	0.3701	19.4857	9.6236	0.0448	0.0039	0.0409	0.0042	0.0037	0.0005	0.0406	0.0002	0.0404	1.0153	1.0150	0.0003	0.0081	0.0081	0.0000	1.0072	1.0069	0.0003	0.1358	0.0818	0.0540	0.0630	0.0626	0.0004	0.0727	0.0192	0.0536	0.3340	0.1867	0.1472	0.0568	0.0553	0.0015	0.2772	0.1314	0.1458	0.1086	0.0088	365.7809	0.4704	0.4069	365.9115	0.1535	0.0010	366.3475	3.0400	5.4355	0.0021	0.1431	0.1468	0.0033	3.6339	7.6624	0.0021
32	108	0.0687	3	0	1	0	0	0	0	0	0	N	N	N	N	N	N	N	N	N	N	N	N	2.3943	1.2468	8.0927	0.5848	0.5721	131.6004	4.0283	0.0190	8.0334	0.4762	0.3867	0.6135	0.5146	0.5121	0.9152	0.4436	0.0028	0.6113	0.1989	0.3101	0.0758	0.8800	0.8952	0.0070	0.1101	0.1492	0.0761	1.0346	0.2209	0.0087	-0.0121	4.3545	0.4415	19.4857	4.8853	0.0682	0.0335	0.0347	0.0338	0.0334	0.0004	0.0343	0.0001	0.0343	0.0333	0.0273	0.0060	0.0170	0.0170	0.0000	0.0163	0.0103	0.0060	0.1431	0.0866	0.0565	0.0657	0.0653	0.0004	0.0774	0.0213	0.0561	0.1676	0.0880	0.0796	0.0193	0.0190	0.0003	0.1483	0.0690	0.0792	2.3943	1.2468	8.0927	0.5848	0.5721	131.6004	4.0283	0.0190	8.0334	0.1989	0.3101	0.0758	0.8800	0.8952	0.0070	0.1101	0.1492	0.0761
32	109	0.0984	4	1	2	0	1	0	0	0	0	N	Y	N	N	N	N	N	N	N	N	N	N	0.0000	0.0000	0.0000	0.0000	0.0000	0.0000	0.0000	0.0000	0.0000	0.0000	0.0000	0.0000	0.0000	0.0000	0.0000	0.0000	0.0000	0.0000	0.0000	0.0000	4.3545	0.0000	19.4857	0.0000	0.0000	0.0000	0.0000	0.0000	0.0000	0.0000	0.0000	0.0000	0.0000	0.0000	0.0000	0.0000	0.0000	0.0000	0.0000	0.0000	0.0000	0.0000	0.0000	0.0000	0.0000	0.0000	0.0000	0.0000	0.0000	0.0000	0.0000	0.0000	0.0000	0.0000	0.0000	0.0000	0.0000	0.0000	0.0000	0.0000	0.0000	0.0000	0.0000	0.0000	0.0000	0.0000	0.0000	0.0000	0.0000	0.0000	0.0000	0.0000	0.0000	0.0000	0.0000	0.0000	0.0000	0.0000											
32	110	0.0834	3	1	2	0	1	0	0	0	0	N	Y	N	N	N	N	N	N	N	N	N	N	0.0000	0.0000	0.0000	0.0000	0.0000	0.0000	0.0000	0.0000	0.0000	0.0000	0.0000	0.0000	0.0000	0.0000	0.0000	0.0000	0.0000	0.0151	0.0252	0.0042	0.1114	0.1082	0.1459	0.0004	0.0000	0.0008	0.1539	0.0000	-0.0013	4.3545	0.0000	19.4857	7.1240	0.0000	0.0000	0.0000	0.0000	0.0000	0.0000	0.0000	0.0000	0.0000	0.0032	0.0028	0.0004	0.0031	0.0028	0.0003	0.0001	0.0000	0.0001	0.0000	0.0000	0.0000	0.0000	0.0000	0.0000	0.0000	0.0000	0.0000	0.2131	0.1109	0.1023	0.0282	0.0258	0.0024	0.1849	0.0850	0.0999	0.0000	0.0000	0.0000	0.0000	0.0000	0.0000	0.0000	0.0000	0.0000	0.0151	0.0252	0.0042	0.1114	0.1082	0.1459	0.0004	0.0000	0.0008		
32	111	0.0924	5	0	2	0	1	0	0	0	0	N	Y	N	N	N	N	N	N	N	N	N	N	0.0000	0.0000	0.0000	0.0000	0.0000	0.0000	0.0000	0.0000	0.0000	0.0000	0.0000	0.0000	0.0000	0.0000	0.0000	7.0975	13.4017	0.0000	0.0014	0.0017	0.0000	8.2991	17.3162	0.0000	0.0000	0.0000	-0.5423	4.3545	0.0016	19.4857	5.0076	0.0000	0.0000	0.0000	0.0000	0.0000	0.0000	0.0000	0.0000	0.0000	0.9987	0.9987	0.0000	0.0000	0.0000	0.0000	0.9987	0.9987	0.0000	0.0002	0.0002	0.0000	0.0001	0.0001	0.0000	0.0001	0.0001	0.0000	0.1407	0.0745	0.0662	0.0204	0.0168	0.0035	0.1203	0.0577	0.0627	0.0000	0.0000	0.0000	0.0000	0.0000	0.0000	0.0000	0.0000	0.0000	7.0975	13.4017	0.0000	0.0014	0.0017	0.0000	8.2991	17.3162	0.0000				
32	112	0.0856	4	0	2	0	1	0	0	0	0	N	Y	N	N	N	N	N	N	N	N	N	N	0.0000	0.0000	0.0000	0.0000	0.0000	0.0000	0.0000	0.0000	0.0000	0.0000	0.0000	0.0000	0.0000	0.0000	0.0000	0.0000	0.0000	0.0371	0.0705	0.0005	0.1369	0.1492	0.0000	0.0139	0.0314	0.0005	0.0065	0.0000	-0.0021	4.3545	1.0012	19.4857	2.1373	0.0000	0.0000	0.0000	0.0000	0.0000	0.0000	0.0000	0.0000	0.0000	0.0040	0.0040	0.0000	0.0028	0.0028	0.0000	0.0012	0.0012	0.0000	0.0366	0.0320	0.0046	0.0048	0.0047	0.0001	0.0318	0.0273	0.0045	0.1073	0.0561	0.0511	0.0203	0.0186	0.0017	0.0870	0.0375	0.0495	0.0000	0.0000	0.0000	0.0000	0.0000	0.0000	0.0000	0.0000	0.0000	0.0371	0.0705	0.0005	0.1369	0.1492	0.0000	0.0139	0.0314	0.0005		
32	113	0.0939	4	0	2	0	0	0	0	0	0	N	Y	N	N	N	N	N	N	N	N	N	N	0.0000	0.0000	0.0000	0.0000	0.0000	0.0000	0.0000	0.0000	0.0000	0.0000	0.0000	0.0000	0.0000	0.0000	0.0000	0.0000	0.0000	0.0000	5.0528	0.3157	10.2544	1.3447	1.4993	0.0225	5.5733	0.0000	10.5387	29.5803	0.0000	0.3544	4.3545	0.9705	19.4857	5.0371	0.0000	0.0000	0.0000	0.0000	0.0000	0.0000	0.0000	0.0000	0.0000	0.8353	0.0273	0.8079	0.0274	0.0273	0.0000	0.8079	0.0000	0.8079	0.0407	0.0358	0.0048	0.0080	0.0078	0.0002	0.0327	0.0280	0.0046	0.1653	0.0865	0.0788	0.0203	0.0182	0.0021	0.1450	0.0683	0.0767	0.0000	0.0000	0.0000	0.0000	0.0000	0.0000	0.0000	0.0000	0.0000	5.0528	0.3157	10.2544	1.3447	1.4993	0.0225	5.5733	0.0000	10.5387	
32	114	0.0856	4	0	1	1	1	0	0	0	0	N	N	N	N	N	N	N	N	N	N	N	N	0.0000	0.0000	0.0000	0.0000	0.0000	0.0000	0.0000	0.0000	0.0000	0.0000	0.0000	0.0000	0.0000	0.0536	0.1022	0.0000	0.2012	0.2105	0.0000	0.0000	0.0000	0.0000	0.0000	0.0000	-0.0015	4.3545	0.0000	19.4857	1.1303	0.0000	0.0000	0.0000	0.0000	0.0000	0.0000	0.0000	0.0000	0.0000	0.0028	0.0028	0.0000	0.0028	0.0028	0.0000	0.0000	0.0000	0.0000	0.0000	0.0000	0.0000	0.0000	0.0000	0.0000	0.0000	0.0000	0.0000	0.0519	0.0272	0.0246	0.0138	0.0132	0.0006	0.0380	0.0140	0.0240	0.0000	0.0000	0.0000	0.0000	0.0000	0.0000	0.0000	0.0000	0.0000	0.0536	0.1022	0.0000	0.2012	0.2105	0.0000	0.0000	0.0000	0.0000						
32	115	0.0834	3	0	1	0	1	0	0	0	0	N	N	N	N	N	N	N	N	N	N	N	N	0.0000	0.0000	0.0000	0.0000	0.0000	0.0000	0.0000	0.0000	0.0000	0.0000	0.0000	0.0000	0.0000	0.0000	0.0000	0.0000	0.0000	0.0876	0.0835	0.0922	0.1765	0.1822	0.0000	0.0582	0.0000	0.0938	0.9949	0.0000	-0.0002	4.3545	0.0000	19.4857	1.2340	0.0000	0.0000	0.0000	0.0000	0.0000	0.0000	0.0000	0.0000	0.0000	0.0048	0.0024	0.0024	0.0024	0.0024	0.0000	0.0024	0.0000	0.0024	0.0000	0.0000	0.0000	0.0000	0.0000	0.0000	0.0000	0.0000	0.0000	0.0553	0.0291	0.0262	0.0138	0.0133	0.0004	0.0416	0.0158	0.0258	0.0000	0.0000	0.0000	0.0000	0.0000	0.0000	0.0000	0.0000	0.0000	0.0876	0.0835	0.0922	0.1765	0.1822	0.0000	0.0582	0.0000	0.0938		
32	116	0.0910	4	0	1	1	1	0	0	0	0	N	N	N	N	N	N	N	N	N	N	N	N	5.3785	3.2965	0.0116	0.0107	49394.4469	28264.9287	0.0008	0.0009	0.0000	0.0000	0.0000	0.0000	0.0011	0.0013	0.0000	0.0001	0.0003	0.0000	0.0010	0.0012	0.0000	0.0000	0.0000	0.0000	0.0000	0.0000	-0.0000	-0.0000	4.3545	0.9725	19.4857	0.9874	0.0000	0.0000	0.0000	0.0000	0.0000	0.0000	0.0000	0.0000	0.0000	0.0000	0.0000	0.0000	0.0000	0.0000	0.0000	0.0000	0.0000	0.0000	0.0420	0.0375	0.0045	0.0123	0.0120	0.0003	0.0297	0.0255	0.0042	0.0575	0.0314	0.0260	0.0079	0.0071	0.0008	0.0495	0.0243	0.0252	5.3785	3.2965	0.0000	0.0116	0.0107	0.0000	49394.4469	28264.9287	0.0000	0.0001	0.0003	0.0000	0.0010	0.0012	0.0000	0.0000	0.0000	0.0000			
32	117	0.0910	4	0	1	1	1	0	0	0	0	N	N	N	N	N	N	N	N	N	N	N	N	121.4948	71.1485	0.0000	0.1593	0.1433	604006.6285	800803.4497	0.0000	0.0089	0.0097	0.0000	0.0001	0.0001	0.0000	0.0158	0.0181	0.0000	0.0001	0.0001	0.0000	0.0006	0.0007	0.0000	0.0000	0.0000	0.0000	0.0000	0.0002	-0.0000	-0.0000	4.3545	0.0285	19.4857	4.0215	0.0000	0.0000	0.0000	0.0000	0.0000	0.0000	0.0000	0.0000	0.0000	0.0000	0.0000	0.0000	0.0000	0.0000	0.0000	0.0000	0.0000	0.0000	0.0037	0.0034	0.0003	0.0016	0.0016	0.0000	0.0021	0.0018	0.0003	0.1139	0.0612	0.0527	0.0143	0.0126	0.0017	0.0996	0.0486	0.0510	121.4948	71.1485	0.0000	0.1593	0.1433	0.0000	604006.6285	800803.4497	0.0000	0.0001	0.0001	0.0000	0.0006	0.0007	0.0000	0.0000	0.0000	0.0000	
32	118	0.0834	3	0	1	1	1	0	0	0	0	N	N	N	N	N	N	N	N	N	N	N	N	102.0078	60.8867	0.0000	0.5208	0.4920	38553.0438	12048874.4115	0.0000	1.7617	2.0146	0.0000	0.0616	0.0629	0.0000	2.0173	2.3491	0.0000	0.0173	0.0331	0.0001	0.1183	0.1279	0.0000	0.0001	0.0000	0.0001	0.0000	0.0026	-0.0734	-0.0015	4.3545	3.0275	19.4857	2.1573	0.1925	0.1925	0.0000	0.0009	0.0009	0.0000	0.1916	0.1916	0.0000	0.0028	0.0028	0.0000	0.0028	0.0028	0.0000	0.0000	0.0000	0.0000	0.1093	0.0956	0.0137	0.0143	0.0140	0.0003	0.0950	0.0816	0.0134	0.1621	0.0844	0.0777	0.0236	0.0218	0.0018	0.1385	0.0626	0.0760	102.0078	60.8867	0.0000	0.5208	0.4920	0.0000	38553.0438	12048874.4115	0.0000	0.0173	0.0331	0.0001	0.1183	0.1279	0.0000	0.0001	0.0000	0.0001	
32	119	0.1247	3	1	2	0	0	0	0	0	0	N	Y	N	N	N	N	N	N	N	N	N	N	0.1949	0.0002	137096.6837	0.0534	0.0001	115606.1764	4.6363	0.0030	22317.6786	0.1895	0.0003	1.0393	0.3686	0.0005	1.5034	0.0206	0.0000	0.1671	0.9724	1.7024	0.0000	6.9030	6.4440	0.0000	0.0044	0.0089	0.0000	893.7025	0.0000	0.0203	-0.0824	4.3545	2.1883	19.4857	3.1271	0.0329	0.0000	0.0328	0.0310	0.0000	0.0310	0.0018	0.0000	0.0018	0.1517	0.1517	0.0000	0.1511	0.1511	0.0000	0.0006	0.0006	0.0000	0.1735	0.1419	0.0316	0.0842	0.0636	0.0206	0.0893	0.0783	0.0110	0.1560	0.0891	0.0669	0.0251	0.0239	0.0011	0.1309	0.0652	0.0657	0.1949	0.0002	137096.6837	0.0612	0.0001	115606.1764	4.6363	0.0030	22317.6786	0.9724	1.7024	0.0000	6.0236	6.3119	0.0000	0.0044	0.0089	0.0000
32	120	0.0577	2	1	2	0	0	0	0	0	0	N	Y	N	N	N	N	N	N	N	N	N	N	1.3920	0.1408	25.7127	8.7414	8.8692	5.6684	1.4685	0.0680	26.2286	2.0366	0.3534	9.9435	0.9030	0.9191	0.0902	2.2913	0.1955	10.1479	1.4631	2.5102	0.3867	0.1033	0.1036	0.0159	1.5603	2.8737	0.3869	5.9899	0.1499	0.5714	-0.4771	4.3545	13.6104	19.4857	16.0982	1.2007	0.1718	1.0289	0.0976	0.0975	0.0002	1.1030	0.0743	1.0287	1.1562	1.0055	0.1507	0.0055	0.0054	0.0000	1.1508	1.0001	0.1507	0.5895	0.4861	0.1035	0.1081	0.1060	0.0021	0.4814	0.3800	0.1014	0.7903	0.4006	0.3897	0.0528	0.0526	0.0002	0.7375	0.3480	0.3895	1.3920	0.1408	25.7127	8.7414	8.8692	5.6684	1.4685	0.0680	26.2286	1.4631	2.5102	0.3867	0.1033	0.1036	0.0159	1.5603	2.8737	0.3869
32	121	0.0830	4	0	2	0	0	0	0	0	0	N	Y	N	N	N	N	N	N	N	N	N	N	5.7846	5.8722	147.3146	3.6891	3.6845	4132.9702	37.2409	2197.8211	26.5686	0.3759	0.6108	0.0139	0.7706	0.7839	0.3224	0.0019	0.0001	0.0025	0.0650	0.1040	0.0001	0.2089	0.2128	0.0001	0.0001	0.0000	0.0001	0.0147	0.0005	-0.0237	-0.0106	4.3545	0.3548	19.4857	4.6068	0.0647	0.0638	0.0009	0.0645	0.0638	0.0008	0.0002	0.0000	0.0002	0.0196	0.0196	0.0000	0.0196	0.0196	0.0000	0.0000	0.0000	0.0000	0.1721	0.1044	0.0677	0.0837	0.0813	0.0024	0.0884	0.0230	0.0653	0.3012	0.1881	0.1131	0.0937	0.0920	0.0017	0.2076	0.0961	0.1114	5.7846	5.8722	147.3146	3.6891	3.6845	4132.9702	37.2409	2197.8211	26.5686	0.0650	0.1040	0.0001	0.2089	0.2128	0.0001	0.0001	0.0000	0.0001
32	122	0.0681	3	0	2	0	0	0	0	0	0	N	Y	N	N	N	N	N	N	N	N	N	N	2.3434	2.0227	1.8651	1.0536	1.0626	214.0246	1.4794	2.5910	1.6837	0.6744	0.8635	0.2656	1.5783	1.5946	1.0095	0.1227	0.0090	0.2399	0.2878	0.4269	0.1424	1.4980	1.5006	0.0047	0.0829	0.0035	0.1425	0.1423	0.3193	-0.0317	-0.0225	4.3545	1.6911	19.4857	5.7022	0.1236	0.1082	0.0154	0.1096	0.1077	0.0020	0.0140	0.0005	0.0134	0.0748	0.0567	0.0181	0.0564	0.0564	0.0000	0.0184	0.0003	0.0181	0.1833	0.1253	0.0580	0.0695	0.0675	0.0019	0.1138	0.0578	0.0560	0.2600	0.1328	0.1271	0.0376	0.0376	0.0001	0.2223	0.0953	0.1271	2.3434	2.0227	1.8651	1.0536	1.0626	214.0246	1.4794	2.5910	1.6837	0.2878	0.4269	0.1424	1.4980	1.5006	0.0047	0.0829	0.0035	0.1425
32	123	0.0577	2	0	1	0	0	0	0	0	0	N	N	N	N	N	N	N	N	N	N	N	N	0.6257	0.4486	1.0827	0.3236	0.3162	37.1208	0.7662	1.9505	1.0600	0.3261	0.2353	0.5608	0.4767	0.4663	0.9968	0.2387	0.0045	0.5492	0.5213	0.5245	0.5179	1.4730	1.4745	0.0269	0.3115	0.0023	0.5181	0.9229	0.9539	0.0071	-0.0060	4.3545	2.0929	19.4857	3.1856	0.0716	0.0372	0.0344	0.0385	0.0369	0.0016	0.0332	0.0004	0.0328	0.1099	0.0563	0.0537	0.0561	0.0561	0.0000	0.0538	0.0002	0.0537	0.2196	0.1583	0.0613	0.0807	0.0791	0.0016	0.1389	0.0792	0.0597	0.2109	0.1073	0.1036	0.0381	0.0380	0.0000	0.1728	0.0692	0.1036	0.6257	0.4486	1.0827	0.3236	0.3162	37.1208	0.7662	1.9505	1.0600	0.5213	0.5245	0.5179	1.4730	1.4745	0.0269	0.3115	0.0023	0.5181
32	124	0.0985	5	1	2	0	0	0	0	0	0	N	Y	N	N	N	N	N	N	N	N	N	N	0.0000	0.0000	0.0000	0.0000	0.0000	0.0000	0.0000	0.0000	0.0000	0.0000	0.0000	0.0000	0.0000	0.0000	0.0000	0.0000	0.0000	0.0000	0.0000	0.0000	4.3545	0.0000	19.4857	0.0000	0.0000	0.0000	0.0000	0.0000	0.0000	0.0000	0.0000	0.0000	0.0000	0.0000	0.0000	0.0000	0.0000	0.0000	0.0000	0.0000	0.0000	0.0000	0.0000	0.0000	0.0000	0.0000	0.0000	0.0000	0.0000	0.0000	0.0000	0.0000	0.0000	0.0000	0.0000	0.0000	0.0000	0.0000	0.0000	0.0000	0.0000	0.0000	0.0000	0.0000	0.0000	0.0000	0.0000	0.0000	0.0000	0.0000	0.0000	0.0000	0.0000	0.0000	0.0000	0.0000	0.0000	0.0000											
32	125	0.0939	4	1	2	0	0	0	0	0	0	N	Y	N	N	N	N	N	N	N	N	N	N	0.0000	0.0000	0.0000	0.0000	0.0000	0.0000	0.0000	0.0000	0.0000	0.0000	0.0000	0.0000	0.0000	0.0000	0.0000	0.0000	0.0000	0.0000	14.7736	0.0282	66.1363	0.1108	0.1033	0.2048	17.5506	0.0000	61.5545	969.1054	0.0000	0.4429	4.3545	0.1434	19.4857	1.9839	0.0000	0.0000	0.0000	0.0000	0.0000	0.0000	0.0000	0.0000	0.0000	0.9713	0.0010	0.9703	0.0012	0.0010	0.0002	0.9701	0.0000	0.9701	0.0105	0.0094	0.0011	0.0039	0.0038	0.0001	0.0066	0.0057	0.0009	0.0657	0.0355	0.0303	0.0105	0.0097	0.0008	0.0553	0.0258	0.0295	0.0000	0.0000	0.0000	0.0000	0.0000	0.0000	0.0000	0.0000	0.0000	14.7736	0.0282	32.0620	0.1108	0.1033	0.2048	17.5506	0.0000	32.9013	
32	126	0.0834	3	0	2	0	0	0	0	0	0	N	Y	N	N	N	N	N	N	N	N	N	N	0.0000	0.0000	0.0000	0.0000	0.0000	0.0000	0.0000	0.0000	0.0000	0.0000	0.0000	0.0000	0.0000	0.0000	0.0000	0.0000	0.0000	0.0000	0.3080	0.0020	0.6405	0.0006	0.0006	0.0004	0.3620	0.0025	0.6553	289.7553	0.0000	0.0212	4.3545	1.8882	19.4857	2.9115	0.0000	0.0000	0.0000	0.0000	0.0000	0.0000	0.0000	0.0000	0.0000	0.0468	0.0002	0.0466	0.0000	0.0000	0.0000	0.0468	0.0001	0.0466	0.0686	0.0600	0.0086	0.0090	0.0088	0.0002	0.0596	0.0512	0.0084	0.1519	0.0791	0.0728	0.0227	0.0210	0.0016	0.1292	0.0581	0.0712	0.0000	0.0000	0.0000	0.0000	0.0000	0.0000	0.0000	0.0000	0.0000	0.3080	0.0020	0.6405	0.0006	0.0006	0.0004	0.3620	0.0025	0.6553	
32	127	0.0577	2	0	1	0	0	0	0	0	0	N	N	N	N	N	N	N	N	N	N	N	N	2.9679	1.9868	15.0805	1.0302	1.0391	47958.4303	1.7521	4.3590	2.7406	0.5900	0.7769	0.0261	1.8771	1.8971	0.8714	0.0017	0.0000	0.0047	0.1988	0.3911	0.0017	1.8220	1.8258	0.0000	0.0010	0.0000	0.0017	0.0111	0.0043	-0.0587	-0.0426	4.3545	3.5543	19.4857	9.0319	0.1587	0.1570	0.0017	0.1584	0.1570	0.0014	0.0003	0.0000	0.0003	0.0791	0.0787	0.0003	0.0787	0.0787	0.0000	0.0003	0.0000	0.0003	0.2690	0.2021	0.0670	0.0844	0.0827	0.0017	0.1846	0.1193	0.0653	0.3978	0.2014	0.1965	0.0432	0.0431	0.0001	0.3546	0.1582	0.1964	2.9679	1.9868	15.0805	1.0302	1.0391	47958.4303	1.7521	4.3590	2.7406	0.1988	0.3911	0.0017	1.8220	1.8258	0.0000	0.0010	0.0000	0.0017
33	34	0.1170	11	1	2	0	1	0	0	0	0	N	Y	N	N	N	N	N	N	N	N	N	N	0.0000	0.0000	0.0000	0.0000	0.0000	0.0000	0.0000	0.0000	0.0000	0.0000	0.0000	0.0000	0.0000	0.0000	0.0000	0.0000	0.0000	0.0000	0.0000	0.0000	0.0000	6.4588	0.0000	12.7561	0.0000	0.0000	0.0000	0.0000	0.0000	0.0000	0.0000	0.0000	0.0000	0.0000	0.0000	0.0000	0.0000	0.0000	0.0000	0.0000	0.0000	0.0000	0.0000	0.0000	0.0000	0.0000	0.0000	0.0000	0.0000	0.0000	0.0000	0.0000	0.0000	0.0000	0.0000	0.0000	0.0000	0.0000	0.0000	0.0000	0.0000	0.0000	0.0000	0.0000	0.0000	0.0000	0.0000	0.0000	0.0000	0.0000	0.0000	0.0000	0.0000	0.0000	0.0000	0.0000	0.0000	0.0000											
33	35	0.1114	10	1	1	0	0	0	0	0	0	N	N	N	N	N	N	N	N	N	N	N	N	0.0000	0.0000	0.0000	0.0000	0.0000	0.0000	0.0000	0.0000	0.0000	0.0000	0.0000	0.0000	0.0000	0.0000	0.0000	0.0000	0.0000	0.0000	0.0000	0.0000	0.0000	2.5642	0.0000	2.5472	0.0000	0.0000	0.0000	0.0000	0.0000	0.0000	0.0000	0.0000	0.0000	0.0000	0.0000	0.0000	0.0000	0.0000	0.0000	0.0000	0.0000	0.0000	0.0000	0.0000	0.0000	0.0000	0.0000	0.0000	0.0000	0.0000	0.0000	0.0000	0.0000	0.0000	0.0000	0.0000	0.0000	0.0000	0.0000	0.0000	0.0000	0.0000	0.0000	0.0000	0.0000	0.0000	0.0000	0.0000	0.0000	0.0000	0.0000	0.0000	0.0000	0.0000	0.0000	0.0000	0.0000	0.0000											
33	36	0.1617	15	1	1	1	0	0	0	0	0	N	N	N	N	N	N	N	N	N	N	N	N	0.0000	0.0000	0.0000	0.0000	0.0000	0.0000	0.0000	0.0000	0.0000	0.0000	0.0000	0.0000	0.0000	0.0000	0.0000	0.0000	0.0000	0.0000	0.0000	0.0000	0.0000	1.0000	0.0000	2.0003	0.0000	0.0000	0.0000	0.0000	0.0000	0.0000	0.0000	0.0000	0.0000	0.0000	0.0000	0.0000	0.0000	0.0000	0.0000	0.0000	0.0000	0.0000	0.0000	0.0000	0.0000	0.0000	0.0000	0.0000	0.0000	0.0000	0.0000	0.0000	0.0000	0.0000	0.0000	0.0000	0.0000	0.0000	0.0000	0.0000	0.0000	0.0000	0.0000	0.0000	0.0000	0.0000	0.0000	0.0000	0.0000	0.0000	0.0000	0.0000	0.0000	0.0000	0.0000	0.0000	0.0000	0.0000											
33	37	0.1439	14	1	2	0	0	0	0	0	0	N	Y	N	N	N	N	N	N	N	N	N	N	0.0000	0.0000	0.0000	0.0000	0.0000	0.0000	0.0000	0.0000	0.0000	0.0000	0.0000	0.0000	0.0000	0.0000	0.0000	0.0000	0.0000	0.0000	0.0000	0.0000	0.0000	1.9619	0.0000	8.3400	0.0000	0.0000	0.0000	0.0000	0.0000	0.0000	0.0000	0.0000	0.0000	0.0000	0.0000	0.0000	0.0000	0.0000	0.0000	0.0000	0.0000	0.0000	0.0000	0.0000	0.0000	0.0000	0.0000	0.0000	0.0000	0.0000	0.0000	0.0000	0.0000	0.0000	0.0000	0.0000	0.0000	0.0000	0.0000	0.0000	0.0000	0.0000	0.0000	0.0000	0.0000	0.0000	0.0000	0.0000	0.0000	0.0000	0.0000	0.0000	0.0000	0.0000	0.0000	0.0000	0.0000	0.0000											
33	38	0.1095	9	2	1	1	0	0	0	0	0	Y	N	N	N	N	N	N	N	N	N	N	N	0.0000	0.0000	0.0000	0.0000	0.0000	0.0000	0.0000	0.0000	0.0000	0.0000	0.0000	0.0000	0.0000	0.0000	0.0000	0.0000	0.0000	0.0000	0.0000	0.0000	0.0000	0.0095	0.0000	5.0631	0.0000	0.0000	0.0000	0.0000	0.0000	0.0000	0.0000	0.0000	0.0000	0.0000	0.0000	0.0000	0.0000	0.0000	0.0000	0.0000	0.0000	0.0000	0.0000	0.0000	0.0000	0.0000	0.0000	0.0000	0.0000	0.0000	0.0000	0.0000	0.0000	0.0000	0.0000	0.0000	0.0000	0.0000	0.0000	0.0000	0.0000	0.0000	0.0000	0.0000	0.0000	0.0000	0.0000	0.0000	0.0000	0.0000	0.0000	0.0000	0.0000	0.0000	0.0000	0.0000	0.0000	0.0000											
33	39	0.1257	13	1	2	0	0	0	0	0	0	N	Y	N	N	N	N	N	N	N	N	N	N	0.0000	0.0000	0.0000	0.0000	0.0000	0.0000	0.0000	0.0000	0.0000	0.0000	0.0000	0.0000	0.0000	0.0000	0.0000	0.0000	0.0000	0.0000	0.0000	0.0000	0.0000	1.1272	0.0000	11.0864	0.0000	0.0000	0.0000	0.0000	0.0000	0.0000	0.0000	0.0000	0.0000	0.0000	0.0000	0.0000	0.0000	0.0000	0.0000	0.0000	0.0000	0.0000	0.0000	0.0000	0.0000	0.0000	0.0000	0.0000	0.0000	0.0000	0.0000	0.0000	0.0000	0.0000	0.0000	0.0000	0.0000	0.0000	0.0000	0.0000	0.0000	0.0000	0.0000	0.0000	0.0000	0.0000	0.0000	0.0000	0.0000	0.0000	0.0000	0.0000	0.0000	0.0000	0.0000	0.0000	0.0000	0.0000											
33	40	0.1257	12	1	1	0	0	0	0	0	0	N	N	N	N	N	N	N	N	N	N	N	N	0.0000	0.0000	0.0000	0.0000	0.0000	0.0000	0.0000	0.0000	0.0000	0.0000	0.0000	0.0000	0.0000	0.0000	0.0000	0.0000	0.0000	0.0000	0.0000	0.0000	0.0000	0.4765	0.0000	0.2778	0.0000	0.0000	0.0000	0.0000	0.0000	0.0000	0.0000	0.0000	0.0000	0.0000	0.0000	0.0000	0.0000	0.0000	0.0000	0.0000	0.0000	0.0000	0.0000	0.0000	0.0000	0.0000	0.0000	0.0000	0.0000	0.0000	0.0000	0.0000	0.0000	0.0000	0.0000	0.0000	0.0000	0.0000	0.0000	0.0000	0.0000	0.0000	0.0000	0.0000	0.0000	0.0000	0.0000	0.0000	0.0000	0.0000	0.0000	0.0000	0.0000	0.0000	0.0000	0.0000	0.0000	0.0000											
33	41	0.1278	12	1	2	0	1	0	0	0	0	N	Y	N	N	N	N	N	N	N	N	N	N	0.0000	0.0000	0.0000	0.0000	0.0000	0.0000	0.0000	0.0000	0.0000	0.0000	0.0000	0.0000	0.0000	0.0000	0.0000	0.0000	0.0000	0.0000	0.0000	0.0000	0.0000	10.0333	0.0000	21.8674	0.0000	0.0000	0.0000	0.0000	0.0000	0.0000	0.0000	0.0000	0.0000	0.0000	0.0000	0.0000	0.0000	0.0000	0.0000	0.0000	0.0000	0.0000	0.0000	0.0000	0.0000	0.0000	0.0000	0.0000	0.0000	0.0000	0.0000	0.0000	0.0000	0.0000	0.0000	0.0000	0.0000	0.0000	0.0000	0.0000	0.0000	0.0000	0.0000	0.0000	0.0000	0.0000	0.0000	0.0000	0.0000	0.0000	0.0000	0.0000	0.0000	0.0000	0.0000	0.0000	0.0000	0.0000											
33	42	0.1095	9	2	1	1	0	0	0	0	0	Y	N	N	N	N	N	N	N	N	N	N	N	0.0000	0.0000	0.0000	0.0000	0.0000	0.0000	0.0000	0.0000	0.0000	0.0000	0.0000	0.0000	0.0000	0.0000	0.0000	0.0000	0.0000	0.0000	0.0000	0.0000	0.0000	0.9968	0.0000	1.9513	0.0000	0.0000	0.0000	0.0000	0.0000	0.0000	0.0000	0.0000	0.0000	0.0000	0.0000	0.0000	0.0000	0.0000	0.0000	0.0000	0.0000	0.0000	0.0000	0.0000	0.0000	0.0000	0.0000	0.0000	0.0000	0.0000	0.0000	0.0000	0.0000	0.0000	0.0000	0.0000	0.0000	0.0000	0.0000	0.0000	0.0000	0.0000	0.0000	0.0000	0.0000	0.0000	0.0000	0.0000	0.0000	0.0000	0.0000	0.0000	0.0000	0.0000	0.0000	0.0000	0.0000	0.0000											
33	43	0.0963	8	2	1	1	0	0	0	0	0	Y	N	N	N	N	N	N	N	N	N	N	N	0.0000	0.0000	0.0000	0.0000	0.0000	0.0000	0.0000	0.0000	0.0000	0.0000	0.0000	0.0000	0.0000	0.0000	0.0000	0.0000	0.0000	0.0000	0.0000	0.0000	0.0000	5.0018	0.0000	1.7716	0.0000	0.0000	0.0000	0.0000	0.0000	0.0000	0.0000	0.0000	0.0000	0.0000	0.0000	0.0000	0.0000	0.0000	0.0000	0.0000	0.0000	0.0000	0.0000	0.0000	0.0000	0.0000	0.0000	0.0000	0.0000	0.0000	0.0000	0.0000	0.0000	0.0000	0.0000	0.0000	0.0000	0.0000	0.0000	0.0000	0.0000	0.0000	0.0000	0.0000	0.0000	0.0000	0.0000	0.0000	0.0000	0.0000	0.0000	0.0000	0.0000	0.0000	0.0000	0.0000	0.0000	0.0000											
33	44	0.0995	9	2	1	1	0	0	0	0	0	Y	N	N	N	N	N	N	N	N	N	N	N	0.0000	0.0000	0.0000	0.0000	0.0000	0.0000	0.0000	0.0000	0.0000	0.0000	0.0000	0.0000	0.0000	0.0000	0.0000	0.0000	0.0000	0.0000	0.0000	0.0000	0.0000	4.9860	0.0000	2.3663	0.0000	0.0000	0.0000	0.0000	0.0000	0.0000	0.0000	0.0000	0.0000	0.0000	0.0000	0.0000	0.0000	0.0000	0.0000	0.0000	0.0000	0.0000	0.0000	0.0000	0.0000	0.0000	0.0000	0.0000	0.0000	0.0000	0.0000	0.0000	0.0000	0.0000	0.0000	0.0000	0.0000	0.0000	0.0000	0.0000	0.0000	0.0000	0.0000	0.0000	0.0000	0.0000	0.0000	0.0000	0.0000	0.0000	0.0000	0.0000	0.0000	0.0000	0.0000	0.0000	0.0000	0.0000											
33	45	0.0963	8	2	1	0	0	0	0	0	0	Y	N	N	N	N	N	N	N	N	N	N	N	0.0000	0.0000	0.0000	0.0000	0.0000	0.0000	0.0000	0.0000	0.0000	0.0000	0.0000	0.0000	0.0000	0.0000	0.0000	0.0000	0.0000	0.0000	0.0000	0.0000	0.0000	0.0225	0.0000	1.9333	0.0000	0.0000	0.0000	0.0000	0.0000	0.0000	0.0000	0.0000	0.0000	0.0000	0.0000	0.0000	0.0000	0.0000	0.0000	0.0000	0.0000	0.0000	0.0000	0.0000	0.0000	0.0000	0.0000	0.0000	0.0000	0.0000	0.0000	0.0000	0.0000	0.0000	0.0000	0.0000	0.0000	0.0000	0.0000	0.0000	0.0000	0.0000	0.0000	0.0000	0.0000	0.0000	0.0000	0.0000	0.0000	0.0000	0.0000	0.0000	0.0000	0.0000	0.0000	0.0000	0.0000	0.0000											
33	46	0.0933	7	2	1	0	0	0	0	0	0	Y	N	N	N	N	N	N	N	N	N	N	N	0.0000	0.0000	0.0000	0.0000	0.0000	0.0000	0.0000	0.0000	0.0000	0.0000	0.0000	0.0000	0.0000	0.0000	0.0000	0.0000	0.0000	0.0000	0.0000	0.0000	0.0000	1.0095	0.0000	0.3555	0.0000	0.0000	0.0000	0.0000	0.0000	0.0000	0.0000	0.0000	0.0000	0.0000	0.0000	0.0000	0.0000	0.0000	0.0000	0.0000	0.0000	0.0000	0.0000	0.0000	0.0000	0.0000	0.0000	0.0000	0.0000	0.0000	0.0000	0.0000	0.0000	0.0000	0.0000	0.0000	0.0000	0.0000	0.0000	0.0000	0.0000	0.0000	0.0000	0.0000	0.0000	0.0000	0.0000	0.0000	0.0000	0.0000	0.0000	0.0000	0.0000	0.0000	0.0000	0.0000	0.0000	0.0000											
33	47	0.1439	14	1	1	1	0	0	0	0	0	N	N	N	N	N	N	N	N	N	N	N	N	0.0000	0.0000	0.0000	0.0000	0.0000	0.0000	0.0000	0.0000	0.0000	0.0000	0.0000	0.0000	0.0000	0.0000	0.0000	0.0000	0.0000	0.0000	0.0000	0.0000	0.0000	3.0460	0.0000	11.9126	0.0000	0.0000	0.0000	0.0000	0.0000	0.0000	0.0000	0.0000	0.0000	0.0000	0.0000	0.0000	0.0000	0.0000	0.0000	0.0000	0.0000	0.0000	0.0000	0.0000	0.0000	0.0000	0.0000	0.0000	0.0000	0.0000	0.0000	0.0000	0.0000	0.0000	0.0000	0.0000	0.0000	0.0000	0.0000	0.0000	0.0000	0.0000	0.0000	0.0000	0.0000	0.0000	0.0000	0.0000	0.0000	0.0000	0.0000	0.0000	0.0000	0.0000	0.0000	0.0000	0.0000	0.0000											
33	48	0.1305	13	1	1	0	0	0	0	0	0	N	N	N	N	N	N	N	N	N	N	N	N	0.0000	0.0000	0.0000	0.0000	0.0000	0.0000	0.0000	0.0000	0.0000	0.0000	0.0000	0.0000	0.0000	0.0000	0.0000	0.0000	0.0000	0.0000	0.0000	0.0000	0.0000	1.1082	0.0000	5.8288	0.0000	0.0000	0.0000	0.0000	0.0000	0.0000	0.0000	0.0000	0.0000	0.0000	0.0000	0.0000	0.0000	0.0000	0.0000	0.0000	0.0000	0.0000	0.0000	0.0000	0.0000	0.0000	0.0000	0.0000	0.0000	0.0000	0.0000	0.0000	0.0000	0.0000	0.0000	0.0000	0.0000	0.0000	0.0000	0.0000	0.0000	0.0000	0.0000	0.0000	0.0000	0.0000	0.0000	0.0000	0.0000	0.0000	0.0000	0.0000	0.0000	0.0000	0.0000	0.0000	0.0000	0.0000											
33	49	0.1617	15	1	2	0	0	0	0	0	0	N	Y	N	N	N	N	N	N	N	N	N	N	0.0000	0.0000	0.0000	0.0000	0.0000	0.0000	0.0000	0.0000	0.0000	0.0000	0.0000	0.0000	0.0000	0.0000	0.0000	0.0000	0.0000	0.0000	0.0000	0.0000	0.0000	0.0000	0.0000	2.0001	0.0000	0.0000	0.0000	0.0000	0.0000	0.0000	0.0000	0.0000	0.0000	0.0000	0.0000	0.0000	0.0000	0.0000	0.0000	0.0000	0.0000	0.0000	0.0000	0.0000	0.0000	0.0000	0.0000	0.0000	0.0000	0.0000	0.0000	0.0000	0.0000	0.0000	0.0000	0.0000	0.0000	0.0000	0.0000	0.0000	0.0000	0.0000	0.0000	0.0000	0.0000	0.0000	0.0000	0.0000	0.0000	0.0000	0.0000	0.0000	0.0000	0.0000	0.0000	0.0000	0.0000	0.0000											
33	50	0.1288	12	2	2	1	0	0	0	0	0	Y	Y	N	N	N	N	N	N	N	N	N	N	0.0000	0.0000	0.0000	0.0000	0.0000	0.0000	0.0000	0.0000	0.0000	0.0000	0.0000	0.0000	0.0000	0.0000	0.0000	0.0000	0.0000	0.0000	0.0000	0.0000	0.0000	0.0000	0.0000	1.7047	0.0000	0.0000	0.0000	0.0000	0.0000	0.0000	0.0000	0.0000	0.0000	0.0000	0.0000	0.0000	0.0000	0.0000	0.0000	0.0000	0.0000	0.0000	0.0000	0.0000	0.0000	0.0000	0.0000	0.0000	0.0000	0.0000	0.0000	0.0000	0.0000	0.0000	0.0000	0.0000	0.0000	0.0000	0.0000	0.0000	0.0000	0.0000	0.0000	0.0000	0.0000	0.0000	0.0000	0.0000	0.0000	0.0000	0.0000	0.0000	0.0000	0.0000	0.0000	0.0000	0.0000	0.0000											
33	51	0.1288	12	2	2	1	0	0	0	0	0	Y	Y	N	N	N	N	N	N	N	N	N	N	0.0000	0.0000	0.0000	0.0000	0.0000	0.0000	0.0000	0.0000	0.0000	0.0000	0.0000	0.0000	0.0000	0.0000	0.0000	0.0000	0.0000	0.0000	0.0000	0.0000	0.0000	0.0000	0.0000	0.2953	0.0000	0.0000	0.0000	0.0000	0.0000	0.0000	0.0000	0.0000	0.0000	0.0000	0.0000	0.0000	0.0000	0.0000	0.0000	0.0000	0.0000	0.0000	0.0000	0.0000	0.0000	0.0000	0.0000	0.0000	0.0000	0.0000	0.0000	0.0000	0.0000	0.0000	0.0000	0.0000	0.0000	0.0000	0.0000	0.0000	0.0000	0.0000	0.0000	0.0000	0.0000	0.0000	0.0000	0.0000	0.0000	0.0000	0.0000	0.0000	0.0000	0.0000	0.0000	0.0000	0.0000	0.0000											
33	52	0.1260	11	2	2	1	0	0	0	0	0	Y	Y	N	N	N	N	N	N	N	N	N	N	0.0000	0.0000	0.0000	0.0000	0.0000	0.0000	0.0000	0.0000	0.0000	0.0000	0.0000	0.0000	0.0000	0.0000	0.0000	0.0000	0.0000	0.0000	0.0000	0.0000	0.0000	0.0001	0.0000	1.7968	0.0000	0.0000	0.0000	0.0000	0.0000	0.0000	0.0000	0.0000	0.0000	0.0000	0.0000	0.0000	0.0000	0.0000	0.0000	0.0000	0.0000	0.0000	0.0000	0.0000	0.0000	0.0000	0.0000	0.0000	0.0000	0.0000	0.0000	0.0000	0.0000	0.0000	0.0000	0.0000	0.0000	0.0000	0.0000	0.0000	0.0000	0.0000	0.0000	0.0000	0.0000	0.0000	0.0000	0.0000	0.0000	0.0000	0.0000	0.0000	0.0000	0.0000	0.0000	0.0000	0.0000	0.0000											
33	53	0.1077	5	2	2	0	0	0	0	0	0	Y	Y	N	N	N	N	N	N	N	N	N	N	0.0000	0.0000	0.0000	0.0000	0.0000	0.0000	0.0000	0.0000	0.0000	0.0000	0.0000	0.0000	0.0000	0.0000	0.0000	0.0000	0.0000	0.0000	0.0000	0.0000	0.0000	1.8240	0.0000	0.8872	0.0000	0.0000	0.0000	0.0000	0.0000	0.0000	0.0000	0.0000	0.0000	0.0000	0.0000	0.0000	0.0000	0.0000	0.0000	0.0000	0.0000	0.0000	0.0000	0.0000	0.0000	0.0000	0.0000	0.0000	0.0000	0.0000	0.0000	0.0000	0.0000	0.0000	0.0000	0.0000	0.0000	0.0000	0.0000	0.0000	0.0000	0.0000	0.0000	0.0000	0.0000	0.0000	0.0000	0.0000	0.0000	0.0000	0.0000	0.0000	0.0000	0.0000	0.0000	0.0000	0.0000	0.0000											
33	54	0.1917	17	1	2	0	1	0	0	0	0	N	Y	N	N	N	N	N	N	N	N	N	N	0.0000	0.0000	0.0000	0.0000	0.0000	0.0000	0.0000	0.0000	0.0000	0.0000	0.0000	0.0000	0.0000	0.0000	0.0000	0.0000	0.0000	0.0000	0.0000	0.0000	0.0000	0.0007	0.0000	4.7762	0.0000	0.0000	0.0000	0.0000	0.0000	0.0000	0.0000	0.0000	0.0000	0.0000	0.0000	0.0000	0.0000	0.0000	0.0000	0.0000	0.0000	0.0000	0.0000	0.0000	0.0000	0.0000	0.0000	0.0000	0.0000	0.0000	0.0000	0.0000	0.0000	0.0000	0.0000	0.0000	0.0000	0.0000	0.0000	0.0000	0.0000	0.0000	0.0000	0.0000	0.0000	0.0000	0.0000	0.0000	0.0000	0.0000	0.0000	0.0000	0.0000	0.0000	0.0000	0.0000	0.0000	0.0000											
33	55	0.1917	17	1	1	0	1	0	0	0	0	N	N	N	N	N	N	N	N	N	N	N	N	0.0000	0.0000	0.0000	0.0000	0.0000	0.0000	0.0000	0.0000	0.0000	0.0000	0.0000	0.0000	0.0000	0.0000	0.0000	0.0000	0.0000	0.0000	0.0000	0.0000	0.0000	0.0007	0.0000	3.2259	0.0000	0.0000	0.0000	0.0000	0.0000	0.0000	0.0000	0.0000	0.0000	0.0000	0.0000	0.0000	0.0000	0.0000	0.0000	0.0000	0.0000	0.0000	0.0000	0.0000	0.0000	0.0000	0.0000	0.0000	0.0000	0.0000	0.0000	0.0000	0.0000	0.0000	0.0000	0.0000	0.0000	0.0000	0.0000	0.0000	0.0000	0.0000	0.0000	0.0000	0.0000	0.0000	0.0000	0.0000	0.0000	0.0000	0.0000	0.0000	0.0000	0.0000	0.0000	0.0000	0.0000	0.0000											
33	56	0.1874	16	1	1	0	1	0	0	0	0	N	N	N	N	N	N	N	N	N	N	N	N	0.0000	0.0000	0.0000	0.0000	0.0000	0.0000	0.0000	0.0000	0.0000	0.0000	0.0000	0.0000	0.0000	0.0000	0.0000	0.0000	0.0000	0.0000	0.0000	0.0000	0.0000	0.9953	0.0000	1.3904	0.0000	0.0000	0.0000	0.0000	0.0000	0.0000	0.0000	0.0000	0.0000	0.0000	0.0000	0.0000	0.0000	0.0000	0.0000	0.0000	0.0000	0.0000	0.0000	0.0000	0.0000	0.0000	0.0000	0.0000	0.0000	0.0000	0.0000	0.0000	0.0000	0.0000	0.0000	0.0000	0.0000	0.0000	0.0000	0.0000	0.0000	0.0000	0.0000	0.0000	0.0000	0.0000	0.0000	0.0000	0.0000	0.0000	0.0000	0.0000	0.0000	0.0000	0.0000	0.0000	0.0000	0.0000											
33	57	0.1806	15	1	1	0	1	0	0	0	0	N	N	N	N	N	N	N	N	N	N	N	N	0.0000	0.0000	0.0000	0.0000	0.0000	0.0000	0.0000	0.0000	0.0000	0.0000	0.0000	0.0000	0.0000	0.0000	0.0000	0.0000	0.0000	0.0000	0.0000	0.0000	0.0000	0.0068	0.0000	3.2797	0.0000	0.0000	0.0000	0.0000	0.0000	0.0000	0.0000	0.0000	0.0000	0.0000	0.0000	0.0000	0.0000	0.0000	0.0000	0.0000	0.0000	0.0000	0.0000	0.0000	0.0000	0.0000	0.0000	0.0000	0.0000	0.0000	0.0000	0.0000	0.0000	0.0000	0.0000	0.0000	0.0000	0.0000	0.0000	0.0000	0.0000	0.0000	0.0000	0.0000	0.0000	0.0000	0.0000	0.0000	0.0000	0.0000	0.0000	0.0000	0.0000	0.0000	0.0000	0.0000	0.0000	0.0000											
33	58	0.1395	14	1	1	0	1	0	0	0	0	N	N	N	N	N	N	N	N	N	N	N	N	0.0000	0.0000	0.0000	0.0000	0.0000	0.0000	0.0000	0.0000	0.0000	0.0000	0.0000	0.0000	0.0000	0.0000	0.0000	0.0000	0.0000	0.0000	0.0000	0.0000	0.0000	5.8573	0.0000	13.1443	0.0000	0.0000	0.0000	0.0000	0.0000	0.0000	0.0000	0.0000	0.0000	0.0000	0.0000	0.0000	0.0000	0.0000	0.0000	0.0000	0.0000	0.0000	0.0000	0.0000	0.0000	0.0000	0.0000	0.0000	0.0000	0.0000	0.0000	0.0000	0.0000	0.0000	0.0000	0.0000	0.0000	0.0000	0.0000	0.0000	0.0000	0.0000	0.0000	0.0000	0.0000	0.0000	0.0000	0.0000	0.0000	0.0000	0.0000	0.0000	0.0000	0.0000	0.0000	0.0000	0.0000	0.0000											
33	59	0.1261	12	1	2	1	0	0	0	0	0	N	Y	N	N	N	N	N	N	N	N	N	N	0.0000	0.0000	0.0000	0.0000	0.0000	0.0000	0.0000	0.0000	0.0000	0.0000	0.0000	0.0000	0.0000	0.0000	0.0000	0.0000	0.0000	0.0000	0.0000	0.0000	0.0000	0.9979	0.0000	4.0614	0.0000	0.0000	0.0000	0.0000	0.0000	0.0000	0.0000	0.0000	0.0000	0.0000	0.0000	0.0000	0.0000	0.0000	0.0000	0.0000	0.0000	0.0000	0.0000	0.0000	0.0000	0.0000	0.0000	0.0000	0.0000	0.0000	0.0000	0.0000	0.0000	0.0000	0.0000	0.0000	0.0000	0.0000	0.0000	0.0000	0.0000	0.0000	0.0000	0.0000	0.0000	0.0000	0.0000	0.0000	0.0000	0.0000	0.0000	0.0000	0.0000	0.0000	0.0000	0.0000	0.0000	0.0000											
33	60	0.1177	11	1	2	0	0	0	0	0	0	N	Y	N	N	N	N	N	N	N	N	N	N	0.0000	0.0000	0.0000	0.0000	0.0000	0.0000	0.0000	0.0000	0.0000	0.0000	0.0000	0.0000	0.0000	0.0000	0.0000	0.0000	0.0000	0.0000	0.0000	0.0000	0.0000	2.2356	0.0000	2.2044	0.0000	0.0000	0.0000	0.0000	0.0000	0.0000	0.0000	0.0000	0.0000	0.0000	0.0000	0.0000	0.0000	0.0000	0.0000	0.0000	0.0000	0.0000	0.0000	0.0000	0.0000	0.0000	0.0000	0.0000	0.0000	0.0000	0.0000	0.0000	0.0000	0.0000	0.0000	0.0000	0.0000	0.0000	0.0000	0.0000	0.0000	0.0000	0.0000	0.0000	0.0000	0.0000	0.0000	0.0000	0.0000	0.0000	0.0000	0.0000	0.0000	0.0000	0.0000	0.0000	0.0000	0.0000											
33	61	0.0971	9	2	1	1	0	0	0	0	0	Y	N	N	N	N	N	N	N	N	N	N	N	0.0000	0.0000	0.0000	0.0000	0.0000	0.0000	0.0000	0.0000	0.0000	0.0000	0.0000	0.0000	0.0000	0.0000	0.0000	0.0000	0.0000	0.0000	0.0000	0.0000	0.0000	2.0703	0.0000	7.0012	0.0000	0.0000	0.0000	0.0000	0.0000	0.0000	0.0000	0.0000	0.0000	0.0000	0.0000	0.0000	0.0000	0.0000	0.0000	0.0000	0.0000	0.0000	0.0000	0.0000	0.0000	0.0000	0.0000	0.0000	0.0000	0.0000	0.0000	0.0000	0.0000	0.0000	0.0000	0.0000	0.0000	0.0000	0.0000	0.0000	0.0000	0.0000	0.0000	0.0000	0.0000	0.0000	0.0000	0.0000	0.0000	0.0000	0.0000	0.0000	0.0000	0.0000	0.0000	0.0000	0.0000	0.0000											
33	62	0.0955	8	1	1	0	0	0	0	0	0	N	N	N	N	N	N	N	N	N	N	N	N	0.0000	0.0000	0.0000	0.0000	0.0000	0.0000	0.0000	0.0000	0.0000	0.0000	0.0000	0.0000	0.0000	0.0000	0.0000	0.0000	0.0000	0.0000	0.0000	0.0000	0.0000	0.9285	0.0000	0.0280	0.0000	0.0000	0.0000	0.0000	0.0000	0.0000	0.0000	0.0000	0.0000	0.0000	0.0000	0.0000	0.0000	0.0000	0.0000	0.0000	0.0000	0.0000	0.0000	0.0000	0.0000	0.0000	0.0000	0.0000	0.0000	0.0000	0.0000	0.0000	0.0000	0.0000	0.0000	0.0000	0.0000	0.0000	0.0000	0.0000	0.0000	0.0000	0.0000	0.0000	0.0000	0.0000	0.0000	0.0000	0.0000	0.0000	0.0000	0.0000	0.0000	0.0000	0.0000	0.0000	0.0000	0.0000											
33	63	0.0765	7	2	2	0	0	0	0	0	0	Y	Y	N	N	N	N	N	N	N	N	N	N	0.0000	0.0000	0.0000	0.0000	0.0000	0.0000	0.0000	0.0000	0.0000	0.0000	0.0000	0.0000	0.0000	0.0000	0.0000	0.0000	0.0000	0.0000	0.0000	0.0000	0.0000	1.0023	0.0000	3.0135	0.0000	0.0000	0.0000	0.0000	0.0000	0.0000	0.0000	0.0000	0.0000	0.0000	0.0000	0.0000	0.0000	0.0000	0.0000	0.0000	0.0000	0.0000	0.0000	0.0000	0.0000	0.0000	0.0000	0.0000	0.0000	0.0000	0.0000	0.0000	0.0000	0.0000	0.0000	0.0000	0.0000	0.0000	0.0000	0.0000	0.0000	0.0000	0.0000	0.0000	0.0000	0.0000	0.0000	0.0000	0.0000	0.0000	0.0000	0.0000	0.0000	0.0000	0.0000	0.0000	0.0000	0.0000											
33	64	0.0501	6	2	2	0	0	0	0	0	0	Y	Y	N	N	N	N	N	N	N	N	N	N	0.0000	0.0000	0.0000	0.0000	0.0000	0.0000	0.0000	0.0000	0.0000	0.0000	0.0000	0.0000	0.0000	0.0000	0.0000	0.0000	0.0000	0.0000	0.0000	0.0000	0.0000	3.0820	0.0000	9.3392	0.0000	0.0000	0.0000	0.0000	0.0000	0.0000	0.0000	0.0000	0.0000	0.0000	0.0000	0.0000	0.0000	0.0000	0.0000	0.0000	0.0000	0.0000	0.0000	0.0000	0.0000	0.0000	0.0000	0.0000	0.0000	0.0000	0.0000	0.0000	0.0000	0.0000	0.0000	0.0000	0.0000	0.0000	0.0000	0.0000	0.0000	0.0000	0.0000	0.0000	0.0000	0.0000	0.0000	0.0000	0.0000	0.0000	0.0000	0.0000	0.0000	0.0000	0.0000	0.0000	0.0000	0.0000											
33	65	0.1177	11	1	2	0	0	0	0	0	0	N	Y	N	N	N	N	N	N	N	N	N	N	0.0000	0.0000	0.0000	0.0000	0.0000	0.0000	0.0000	0.0000	0.0000	0.0000	0.0000	0.0000	0.0000	0.0000	0.0000	0.0000	0.0000	0.0000	0.0000	0.0000	0.0000	1.7946	0.0000	5.9592	0.0000	0.0000	0.0000	0.0000	0.0000	0.0000	0.0000	0.0000	0.0000	0.0000	0.0000	0.0000	0.0000	0.0000	0.0000	0.0000	0.0000	0.0000	0.0000	0.0000	0.0000	0.0000	0.0000	0.0000	0.0000	0.0000	0.0000	0.0000	0.0000	0.0000	0.0000	0.0000	0.0000	0.0000	0.0000	0.0000	0.0000	0.0000	0.0000	0.0000	0.0000	0.0000	0.0000	0.0000	0.0000	0.0000	0.0000	0.0000	0.0000	0.0000	0.0000	0.0000	0.0000	0.0000											
33	66	0.1109	10	1	2	0	0	0	0	0	0	N	Y	N	N	N	N	N	N	N	N	N	N	0.0000	0.0000	0.0000	0.0000	0.0000	0.0000	0.0000	0.0000	0.0000	0.0000	0.0000	0.0000	0.0000	0.0000	0.0000	0.0000	0.0000	0.0000	0.0000	0.0000	0.0000	1.3569	0.0000	2.0560	0.0000	0.0000	0.0000	0.0000	0.0000	0.0000	0.0000	0.0000	0.0000	0.0000	0.0000	0.0000	0.0000	0.0000	0.0000	0.0000	0.0000	0.0000	0.0000	0.0000	0.0000	0.0000	0.0000	0.0000	0.0000	0.0000	0.0000	0.0000	0.0000	0.0000	0.0000	0.0000	0.0000	0.0000	0.0000	0.0000	0.0000	0.0000	0.0000	0.0000	0.0000	0.0000	0.0000	0.0000	0.0000	0.0000	0.0000	0.0000	0.0000	0.0000	0.0000	0.0000	0.0000	0.0000											
33	67	0.0975	9	1	2	0	0	0	0	0	0	N	Y	N	N	N	N	N	N	N	N	N	N	0.0000	0.0000	0.0000	0.0000	0.0000	0.0000	0.0000	0.0000	0.0000	0.0000	0.0000	0.0000	0.0000	0.0000	0.0000	0.0000	0.0000	0.0000	0.0000	0.0000	0.0000	4.9477	0.0000	2.0153	0.0000	0.0000	0.0000	0.0000	0.0000	0.0000	0.0000	0.0000	0.0000	0.0000	0.0000	0.0000	0.0000	0.0000	0.0000	0.0000	0.0000	0.0000	0.0000	0.0000	0.0000	0.0000	0.0000	0.0000	0.0000	0.0000	0.0000	0.0000	0.0000	0.0000	0.0000	0.0000	0.0000	0.0000	0.0000	0.0000	0.0000	0.0000	0.0000	0.0000	0.0000	0.0000	0.0000	0.0000	0.0000	0.0000	0.0000	0.0000	0.0000	0.0000	0.0000	0.0000	0.0000	0.0000											
33	68	0.1617	15	1	1	1	0	0	0	0	0	N	N	N	N	N	N	N	N	N	N	N	N	0.0000	0.0000	0.0000	0.0000	0.0000	0.0000	0.0000	0.0000	0.0000	0.0000	0.0000	0.0000	0.0000	0.0000	0.0000	0.0000	0.0000	0.0000	0.0000	0.0000	0.0000	0.0000	0.0000	4.0001	0.0000	0.0000	0.0000	0.0000	0.0000	0.0000	0.0000	0.0000	0.0000	0.0000	0.0000	0.0000	0.0000	0.0000	0.0000	0.0000	0.0000	0.0000	0.0000	0.0000	0.0000	0.0000	0.0000	0.0000	0.0000	0.0000	0.0000	0.0000	0.0000	0.0000	0.0000	0.0000	0.0000	0.0000	0.0000	0.0000	0.0000	0.0000	0.0000	0.0000	0.0000	0.0000	0.0000	0.0000	0.0000	0.0000	0.0000	0.0000	0.0000	0.0000	0.0000	0.0000	0.0000	0.0000											
33	69	0.1395	14	1	1	0	0	0	0	0	0	N	N	N	N	N	N	N	N	N	N	N	N	0.0000	0.0000	0.0000	0.0000	0.0000	0.0000	0.0000	0.0000	0.0000	0.0000	0.0000	0.0000	0.0000	0.0000	0.0000	0.0000	0.0000	0.0000	0.0000	0.0000	0.0000	2.8240	0.0000	8.9883	0.0000	0.0000	0.0000	0.0000	0.0000	0.0000	0.0000	0.0000	0.0000	0.0000	0.0000	0.0000	0.0000	0.0000	0.0000	0.0000	0.0000	0.0000	0.0000	0.0000	0.0000	0.0000	0.0000	0.0000	0.0000	0.0000	0.0000	0.0000	0.0000	0.0000	0.0000	0.0000	0.0000	0.0000	0.0000	0.0000	0.0000	0.0000	0.0000	0.0000	0.0000	0.0000	0.0000	0.0000	0.0000	0.0000	0.0000	0.0000	0.0000	0.0000	0.0000	0.0000	0.0000	0.0000											
33	70	0.1305	13	1	1	0	0	0	0	0	0	N	N	N	N	N	N	N	N	N	N	N	N	0.0000	0.0000	0.0000	0.0000	0.0000	0.0000	0.0000	0.0000	0.0000	0.0000	0.0000	0.0000	0.0000	0.0000	0.0000	0.0000	0.0000	0.0000	0.0000	0.0000	0.0000	1.4521	0.0000	3.5882	0.0000	0.0000	0.0000	0.0000	0.0000	0.0000	0.0000	0.0000	0.0000	0.0000	0.0000	0.0000	0.0000	0.0000	0.0000	0.0000	0.0000	0.0000	0.0000	0.0000	0.0000	0.0000	0.0000	0.0000	0.0000	0.0000	0.0000	0.0000	0.0000	0.0000	0.0000	0.0000	0.0000	0.0000	0.0000	0.0000	0.0000	0.0000	0.0000	0.0000	0.0000	0.0000	0.0000	0.0000	0.0000	0.0000	0.0000	0.0000	0.0000	0.0000	0.0000	0.0000	0.0000	0.0000											
33	71	0.1278	12	1	1	0	0	0	0	0	0	N	N	N	N	N	N	N	N	N	N	N	N	0.0000	0.0000	0.0000	0.0000	0.0000	0.0000	0.0000	0.0000	0.0000	0.0000	0.0000	0.0000	0.0000	0.0000	0.0000	0.0000	0.0000	0.0000	0.0000	0.0000	0.0000	1.1783	0.0000	0.9542	0.0000	0.0000	0.0000	0.0000	0.0000	0.0000	0.0000	0.0000	0.0000	0.0000	0.0000	0.0000	0.0000	0.0000	0.0000	0.0000	0.0000	0.0000	0.0000	0.0000	0.0000	0.0000	0.0000	0.0000	0.0000	0.0000	0.0000	0.0000	0.0000	0.0000	0.0000	0.0000	0.0000	0.0000	0.0000	0.0000	0.0000	0.0000	0.0000	0.0000	0.0000	0.0000	0.0000	0.0000	0.0000	0.0000	0.0000	0.0000	0.0000	0.0000	0.0000	0.0000	0.0000	0.0000											
33	72	0.1232	11	1	1	0	0	0	0	0	0	N	N	N	N	N	N	N	N	N	N	N	N	0.0000	0.0000	0.0000	0.0000	0.0000	0.0000	0.0000	0.0000	0.0000	0.0000	0.0000	0.0000	0.0000	0.0000	0.0000	0.0000	0.0000	0.0000	0.0000	0.0000	0.0000	2.0762	0.0000	1.4610	0.0000	0.0000	0.0000	0.0000	0.0000	0.0000	0.0000	0.0000	0.0000	0.0000	0.0000	0.0000	0.0000	0.0000	0.0000	0.0000	0.0000	0.0000	0.0000	0.0000	0.0000	0.0000	0.0000	0.0000	0.0000	0.0000	0.0000	0.0000	0.0000	0.0000	0.0000	0.0000	0.0000	0.0000	0.0000	0.0000	0.0000	0.0000	0.0000	0.0000	0.0000	0.0000	0.0000	0.0000	0.0000	0.0000	0.0000	0.0000	0.0000	0.0000	0.0000	0.0000	0.0000	0.0000											
33	73	0.0590	7	1	1	0	0	0	0	0	0	N	N	N	N	N	N	N	N	N	N	N	N	0.0000	0.0000	0.0000	0.0000	0.0000	0.0000	0.0000	0.0000	0.0000	0.0000	0.0000	0.0000	0.0000	0.0000	0.0000	0.0000	0.0000	0.0000	0.0000	0.0000	0.0000	4.0673	0.0000	17.8409	0.0000	0.0000	0.0000	0.0000	0.0000	0.0000	0.0000	0.0000	0.0000	0.0000	0.0000	0.0000	0.0000	0.0000	0.0000	0.0000	0.0000	0.0000	0.0000	0.0000	0.0000	0.0000	0.0000	0.0000	0.0000	0.0000	0.0000	0.0000	0.0000	0.0000	0.0000	0.0000	0.0000	0.0000	0.0000	0.0000	0.0000	0.0000	0.0000	0.0000	0.0000	0.0000	0.0000	0.0000	0.0000	0.0000	0.0000	0.0000	0.0000	0.0000	0.0000	0.0000	0.0000	0.0000											
33	75	0.1957	11	1	1	0	0	0	0	0	0	N	N	N	N	N	N	N	N	N	N	N	N	0.0000	0.0000	0.0000	0.0000	0.0000	0.0000	0.0000	0.0000	0.0000	0.0000	0.0000	0.0000	0.0000	0.0000	0.0000	0.0000	0.0000	0.0000	0.0000	0.0000	0.0000	3.5843	0.0000	46.7516	0.0000	0.0000	0.0000	0.0000	0.0000	0.0000	0.0000	0.0000	0.0000	0.0000	0.0000	0.0000	0.0000	0.0000	0.0000	0.0000	0.0000	0.0000	0.0000	0.0000	0.0000	0.0000	0.0000	0.0000	0.0000	0.0000	0.0000	0.0000	0.0000	0.0000	0.0000	0.0000	0.0000	0.0000	0.0000	0.0000	0.0000	0.0000	0.0000	0.0000	0.0000	0.0000	0.0000	0.0000	0.0000	0.0000	0.0000	0.0000	0.0000	0.0000	0.0000	0.0000	0.0000	0.0000											
33	76	0.1243	11	2	2	1	0	0	0	0	0	Y	Y	N	N	N	N	N	N	N	N	N	N	0.0000	0.0000	0.0000	0.0000	0.0000	0.0000	0.0000	0.0000	0.0000	0.0000	0.0000	0.0000	0.0000	0.0000	0.0000	0.0000	0.0000	0.0000	0.0000	0.0000	0.0000	1.0003	0.0000	1.0071	0.0000	0.0000	0.0000	0.0000	0.0000	0.0000	0.0000	0.0000	0.0000	0.0000	0.0000	0.0000	0.0000	0.0000	0.0000	0.0000	0.0000	0.0000	0.0000	0.0000	0.0000	0.0000	0.0000	0.0000	0.0000	0.0000	0.0000	0.0000	0.0000	0.0000	0.0000	0.0000	0.0000	0.0000	0.0000	0.0000	0.0000	0.0000	0.0000	0.0000	0.0000	0.0000	0.0000	0.0000	0.0000	0.0000	0.0000	0.0000	0.0000	0.0000	0.0000	0.0000	0.0000	0.0000											
33	77	0.1176	10	2	1	1	0	0	0	0	0	Y	N	N	N	N	N	N	N	N	N	N	N	0.0000	0.0000	0.0000	0.0000	0.0000	0.0000	0.0000	0.0000	0.0000	0.0000	0.0000	0.0000	0.0000	0.0000	0.0000	0.0000	0.0000	0.0000	0.0000	0.0000	0.0000	0.9901	0.0000	2.2068	0.0000	0.0000	0.0000	0.0000	0.0000	0.0000	0.0000	0.0000	0.0000	0.0000	0.0000	0.0000	0.0000	0.0000	0.0000	0.0000	0.0000	0.0000	0.0000	0.0000	0.0000	0.0000	0.0000	0.0000	0.0000	0.0000	0.0000	0.0000	0.0000	0.0000	0.0000	0.0000	0.0000	0.0000	0.0000	0.0000	0.0000	0.0000	0.0000	0.0000	0.0000	0.0000	0.0000	0.0000	0.0000	0.0000	0.0000	0.0000	0.0000	0.0000	0.0000	0.0000	0.0000	0.0000											
33	78	0.0765	8	1	2	0	0	0	0	0	0	N	Y	N	N	N	N	N	N	N	N	N	N	0.0000	0.0000	0.0000	0.0000	0.0000	0.0000	0.0000	0.0000	0.0000	0.0000	0.0000	0.0000	0.0000	0.0000	0.0000	0.0000	0.0000	0.0000	0.0000	0.0000	0.0000	8.4371	0.0000	15.3349	0.0000	0.0000	0.0000	0.0000	0.0000	0.0000	0.0000	0.0000	0.0000	0.0000	0.0000	0.0000	0.0000	0.0000	0.0000	0.0000	0.0000	0.0000	0.0000	0.0000	0.0000	0.0000	0.0000	0.0000	0.0000	0.0000	0.0000	0.0000	0.0000	0.0000	0.0000	0.0000	0.0000	0.0000	0.0000	0.0000	0.0000	0.0000	0.0000	0.0000	0.0000	0.0000	0.0000	0.0000	0.0000	0.0000	0.0000	0.0000	0.0000	0.0000	0.0000	0.0000	0.0000	0.0000											
33	79	0.1176	10	2	1	1	0	0	0	0	0	Y	N	N	N	N	N	N	N	N	N	N	N	0.0000	0.0000	0.0000	0.0000	0.0000	0.0000	0.0000	0.0000	0.0000	0.0000	0.0000	0.0000	0.0000	0.0000	0.0000	0.0000	0.0000	0.0000	0.0000	0.0000	0.0000	3.0096	0.0000	5.7427	0.0000	0.0000	0.0000	0.0000	0.0000	0.0000	0.0000	0.0000	0.0000	0.0000	0.0000	0.0000	0.0000	0.0000	0.0000	0.0000	0.0000	0.0000	0.0000	0.0000	0.0000	0.0000	0.0000	0.0000	0.0000	0.0000	0.0000	0.0000	0.0000	0.0000	0.0000	0.0000	0.0000	0.0000	0.0000	0.0000	0.0000	0.0000	0.0000	0.0000	0.0000	0.0000	0.0000	0.0000	0.0000	0.0000	0.0000	0.0000	0.0000	0.0000	0.0000	0.0000	0.0000	0.0000											
33	80	0.1020	9	2	1	1	0	0	0	0	0	Y	N	N	N	N	N	N	N	N	N	N	N	0.0000	0.0000	0.0000	0.0000	0.0000	0.0000	0.0000	0.0000	0.0000	0.0000	0.0000	0.0000	0.0000	0.0000	0.0000	0.0000	0.0000	0.0000	0.0000	0.0000	0.0000	1.0477	0.0000	6.1154	0.0000	0.0000	0.0000	0.0000	0.0000	0.0000	0.0000	0.0000	0.0000	0.0000	0.0000	0.0000	0.0000	0.0000	0.0000	0.0000	0.0000	0.0000	0.0000	0.0000	0.0000	0.0000	0.0000	0.0000	0.0000	0.0000	0.0000	0.0000	0.0000	0.0000	0.0000	0.0000	0.0000	0.0000	0.0000	0.0000	0.0000	0.0000	0.0000	0.0000	0.0000	0.0000	0.0000	0.0000	0.0000	0.0000	0.0000	0.0000	0.0000	0.0000	0.0000	0.0000	0.0000	0.0000											
33	81	0.0955	8	1	1	0	0	0	0	0	0	N	N	N	N	N	N	N	N	N	N	N	N	0.0000	0.0000	0.0000	0.0000	0.0000	0.0000	0.0000	0.0000	0.0000	0.0000	0.0000	0.0000	0.0000	0.0000	0.0000	0.0000	0.0000	0.0000	0.0000	0.0000	0.0000	1.9794	0.0000	1.0196	0.0000	0.0000	0.0000	0.0000	0.0000	0.0000	0.0000	0.0000	0.0000	0.0000	0.0000	0.0000	0.0000	0.0000	0.0000	0.0000	0.0000	0.0000	0.0000	0.0000	0.0000	0.0000	0.0000	0.0000	0.0000	0.0000	0.0000	0.0000	0.0000	0.0000	0.0000	0.0000	0.0000	0.0000	0.0000	0.0000	0.0000	0.0000	0.0000	0.0000	0.0000	0.0000	0.0000	0.0000	0.0000	0.0000	0.0000	0.0000	0.0000	0.0000	0.0000	0.0000	0.0000	0.0000											
33	82	0.0933	7	1	1	0	0	0	0	0	0	N	N	N	N	N	N	N	N	N	N	N	N	0.0000	0.0000	0.0000	0.0000	0.0000	0.0000	0.0000	0.0000	0.0000	0.0000	0.0000	0.0000	0.0000	0.0000	0.0000	0.0000	0.0000	0.0000	0.0000	0.0000	0.0000	1.0114	0.0000	0.0202	0.0000	0.0000	0.0000	0.0000	0.0000	0.0000	0.0000	0.0000	0.0000	0.0000	0.0000	0.0000	0.0000	0.0000	0.0000	0.0000	0.0000	0.0000	0.0000	0.0000	0.0000	0.0000	0.0000	0.0000	0.0000	0.0000	0.0000	0.0000	0.0000	0.0000	0.0000	0.0000	0.0000	0.0000	0.0000	0.0000	0.0000	0.0000	0.0000	0.0000	0.0000	0.0000	0.0000	0.0000	0.0000	0.0000	0.0000	0.0000	0.0000	0.0000	0.0000	0.0000	0.0000	0.0000											
33	83	0.0728	6	1	1	0	0	0	0	0	0	N	N	N	N	N	N	N	N	N	N	N	N	0.0000	0.0000	0.0000	0.0000	0.0000	0.0000	0.0000	0.0000	0.0000	0.0000	0.0000	0.0000	0.0000	0.0000	0.0000	0.0000	0.0000	0.0000	0.0000	0.0000	0.0000	5.9223	0.0000	3.6882	0.0000	0.0000	0.0000	0.0000	0.0000	0.0000	0.0000	0.0000	0.0000	0.0000	0.0000	0.0000	0.0000	0.0000	0.0000	0.0000	0.0000	0.0000	0.0000	0.0000	0.0000	0.0000	0.0000	0.0000	0.0000	0.0000	0.0000	0.0000	0.0000	0.0000	0.0000	0.0000	0.0000	0.0000	0.0000	0.0000	0.0000	0.0000	0.0000	0.0000	0.0000	0.0000	0.0000	0.0000	0.0000	0.0000	0.0000	0.0000	0.0000	0.0000	0.0000	0.0000	0.0000	0.0000											
33	84	0.0964	10	1	2	0	0	0	0	0	0	N	Y	N	N	N	N	N	N	N	N	N	N	0.0000	0.0000	0.0000	0.0000	0.0000	0.0000	0.0000	0.0000	0.0000	0.0000	0.0000	0.0000	0.0000	0.0000	0.0000	0.0000	0.0000	0.0000	0.0000	0.0000	0.0000	7.1084	0.0000	28.8937	0.0000	0.0000	0.0000	0.0000	0.0000	0.0000	0.0000	0.0000	0.0000	0.0000	0.0000	0.0000	0.0000	0.0000	0.0000	0.0000	0.0000	0.0000	0.0000	0.0000	0.0000	0.0000	0.0000	0.0000	0.0000	0.0000	0.0000	0.0000	0.0000	0.0000	0.0000	0.0000	0.0000	0.0000	0.0000	0.0000	0.0000	0.0000	0.0000	0.0000	0.0000	0.0000	0.0000	0.0000	0.0000	0.0000	0.0000	0.0000	0.0000	0.0000	0.0000	0.0000	0.0000	0.0000											
33	85	0.0889	9	1	2	0	0	0	0	0	0	N	Y	N	N	N	N	N	N	N	N	N	N	0.0000	0.0000	0.0000	0.0000	0.0000	0.0000	0.0000	0.0000	0.0000	0.0000	0.0000	0.0000	0.0000	0.0000	0.0000	0.0000	0.0000	0.0000	0.0000	0.0000	0.0000	2.2208	0.0000	3.9129	0.0000	0.0000	0.0000	0.0000	0.0000	0.0000	0.0000	0.0000	0.0000	0.0000	0.0000	0.0000	0.0000	0.0000	0.0000	0.0000	0.0000	0.0000	0.0000	0.0000	0.0000	0.0000	0.0000	0.0000	0.0000	0.0000	0.0000	0.0000	0.0000	0.0000	0.0000	0.0000	0.0000	0.0000	0.0000	0.0000	0.0000	0.0000	0.0000	0.0000	0.0000	0.0000	0.0000	0.0000	0.0000	0.0000	0.0000	0.0000	0.0000	0.0000	0.0000	0.0000	0.0000	0.0000											
33	86	0.1644	11	1	1	1	0	0	0	0	0	N	N	N	N	N	N	N	N	N	N	N	N	0.0000	0.0000	0.0000	0.0000	0.0000	0.0000	0.0000	0.0000	0.0000	0.0000	0.0000	0.0000	0.0000	0.0000	0.0000	0.0000	0.0000	0.0000	0.0000	0.0000	0.0000	5.3425	0.0000	7.0749	0.0000	0.0000	0.0000	0.0000	0.0000	0.0000	0.0000	0.0000	0.0000	0.0000	0.0000	0.0000	0.0000	0.0000	0.0000	0.0000	0.0000	0.0000	0.0000	0.0000	0.0000	0.0000	0.0000	0.0000	0.0000	0.0000	0.0000	0.0000	0.0000	0.0000	0.0000	0.0000	0.0000	0.0000	0.0000	0.0000	0.0000	0.0000	0.0000	0.0000	0.0000	0.0000	0.0000	0.0000	0.0000	0.0000	0.0000	0.0000	0.0000	0.0000	0.0000	0.0000	0.0000	0.0000											
33	87	0.1212	10	1	1	0	0	0	0	0	0	N	N	N	N	N	N	N	N	N	N	N	N	0.0000	0.0000	0.0000	0.0000	0.0000	0.0000	0.0000	0.0000	0.0000	0.0000	0.0000	0.0000	0.0000	0.0000	0.0000	0.0000	0.0000	0.0000	0.0000	0.0000	0.0000	7.0719	0.0000	13.7350	0.0000	0.0000	0.0000	0.0000	0.0000	0.0000	0.0000	0.0000	0.0000	0.0000	0.0000	0.0000	0.0000	0.0000	0.0000	0.0000	0.0000	0.0000	0.0000	0.0000	0.0000	0.0000	0.0000	0.0000	0.0000	0.0000	0.0000	0.0000	0.0000	0.0000	0.0000	0.0000	0.0000	0.0000	0.0000	0.0000	0.0000	0.0000	0.0000	0.0000	0.0000	0.0000	0.0000	0.0000	0.0000	0.0000	0.0000	0.0000	0.0000	0.0000	0.0000	0.0000	0.0000	0.0000											
33	88	0.1279	12	2	1	1	0	0	0	0	0	Y	N	N	N	N	N	N	N	N	N	N	N	0.0000	0.0000	0.0000	0.0000	0.0000	0.0000	0.0000	0.0000	0.0000	0.0000	0.0000	0.0000	0.0000	0.0000	0.0000	0.0000	0.0000	0.0000	0.0000	0.0000	0.0000	0.0000	0.0000	0.0000	0.0000	0.0000	0.0000	0.0000	0.0000	0.0000	0.0000	0.0000	0.0000	0.0000	0.0000	0.0000	0.0000	0.0000	0.0000	0.0000	0.0000	0.0000	0.0000	0.0000	0.0000	0.0000	0.0000	0.0000	0.0000	0.0000	0.0000	0.0000	0.0000	0.0000	0.0000	0.0000	0.0000	0.0000	0.0000	0.0000	0.0000	0.0000	0.0000	0.0000	0.0000	0.0000	0.0000	0.0000	0.0000	0.0000	0.0000	0.0000	0.0000	0.0000	0.0000	0.0000	0.0000	0.0000											
33	89	0.1260	11	2	1	1	0	0	0	0	0	Y	N	N	N	N	N	N	N	N	N	N	N	0.0000	0.0000	0.0000	0.0000	0.0000	0.0000	0.0000	0.0000	0.0000	0.0000	0.0000	0.0000	0.0000	0.0000	0.0000	0.0000	0.0000	0.0000	0.0000	0.0000	0.0000	0.0001	0.0000	0.9161	0.0000	0.0000	0.0000	0.0000	0.0000	0.0000	0.0000	0.0000	0.0000	0.0000	0.0000	0.0000	0.0000	0.0000	0.0000	0.0000	0.0000	0.0000	0.0000	0.0000	0.0000	0.0000	0.0000	0.0000	0.0000	0.0000	0.0000	0.0000	0.0000	0.0000	0.0000	0.0000	0.0000	0.0000	0.0000	0.0000	0.0000	0.0000	0.0000	0.0000	0.0000	0.0000	0.0000	0.0000	0.0000	0.0000	0.0000	0.0000	0.0000	0.0000	0.0000	0.0000	0.0000	0.0000											
33	90	0.1012	10	2	1	1	0	0	0	0	0	Y	N	N	N	N	N	N	N	N	N	N	N	0.0000	0.0000	0.0000	0.0000	0.0000	0.0000	0.0000	0.0000	0.0000	0.0000	0.0000	0.0000	0.0000	0.0000	0.0000	0.0000	0.0000	0.0000	0.0000	0.0000	0.0000	3.7876	0.0000	7.8440	0.0000	0.0000	0.0000	0.0000	0.0000	0.0000	0.0000	0.0000	0.0000	0.0000	0.0000	0.0000	0.0000	0.0000	0.0000	0.0000	0.0000	0.0000	0.0000	0.0000	0.0000	0.0000	0.0000	0.0000	0.0000	0.0000	0.0000	0.0000	0.0000	0.0000	0.0000	0.0000	0.0000	0.0000	0.0000	0.0000	0.0000	0.0000	0.0000	0.0000	0.0000	0.0000	0.0000	0.0000	0.0000	0.0000	0.0000	0.0000	0.0000	0.0000	0.0000	0.0000	0.0000	0.0000											
33	91	0.0695	8	1	2	0	1	0	0	0	0	N	Y	N	N	N	N	N	N	N	N	N	N	0.0000	0.0000	0.0000	0.0000	0.0000	0.0000	0.0000	0.0000	0.0000	0.0000	0.0000	0.0000	0.0000	0.0000	0.0000	0.0000	0.0000	0.0000	0.0000	0.0000	0.0000	1.8247	0.0000	16.3284	0.0000	0.0000	0.0000	0.0000	0.0000	0.0000	0.0000	0.0000	0.0000	0.0000	0.0000	0.0000	0.0000	0.0000	0.0000	0.0000	0.0000	0.0000	0.0000	0.0000	0.0000	0.0000	0.0000	0.0000	0.0000	0.0000	0.0000	0.0000	0.0000	0.0000	0.0000	0.0000	0.0000	0.0000	0.0000	0.0000	0.0000	0.0000	0.0000	0.0000	0.0000	0.0000	0.0000	0.0000	0.0000	0.0000	0.0000	0.0000	0.0000	0.0000	0.0000	0.0000	0.0000	0.0000											
33	92	0.0590	7	1	2	0	0	0	0	0	0	N	Y	N	N	N	N	N	N	N	N	N	N	0.0000	0.0000	0.0000	0.0000	0.0000	0.0000	0.0000	0.0000	0.0000	0.0000	0.0000	0.0000	0.0000	0.0000	0.0000	0.0000	0.0000	0.0000	0.0000	0.0000	0.0000	9.1310	0.0000	16.1726	0.0000	0.0000	0.0000	0.0000	0.0000	0.0000	0.0000	0.0000	0.0000	0.0000	0.0000	0.0000	0.0000	0.0000	0.0000	0.0000	0.0000	0.0000	0.0000	0.0000	0.0000	0.0000	0.0000	0.0000	0.0000	0.0000	0.0000	0.0000	0.0000	0.0000	0.0000	0.0000	0.0000	0.0000	0.0000	0.0000	0.0000	0.0000	0.0000	0.0000	0.0000	0.0000	0.0000	0.0000	0.0000	0.0000	0.0000	0.0000	0.0000	0.0000	0.0000	0.0000	0.0000	0.0000											
33	93	0.1440	13	1	2	0	0	0	0	0	0	N	Y	N	N	N	N	N	N	N	N	N	N	0.0000	0.0000	0.0000	0.0000	0.0000	0.0000	0.0000	0.0000	0.0000	0.0000	0.0000	0.0000	0.0000	0.0000	0.0000	0.0000	0.0000	0.0000	0.0000	0.0000	0.0000	4.0959	0.0000	8.7137	0.0000	0.0000	0.0000	0.0000	0.0000	0.0000	0.0000	0.0000	0.0000	0.0000	0.0000	0.0000	0.0000	0.0000	0.0000	0.0000	0.0000	0.0000	0.0000	0.0000	0.0000	0.0000	0.0000	0.0000	0.0000	0.0000	0.0000	0.0000	0.0000	0.0000	0.0000	0.0000	0.0000	0.0000	0.0000	0.0000	0.0000	0.0000	0.0000	0.0000	0.0000	0.0000	0.0000	0.0000	0.0000	0.0000	0.0000	0.0000	0.0000	0.0000	0.0000	0.0000	0.0000	0.0000											
33	94	0.1257	12	1	2	0	0	0	0	0	0	N	Y	N	N	N	N	N	N	N	N	N	N	0.0000	0.0000	0.0000	0.0000	0.0000	0.0000	0.0000	0.0000	0.0000	0.0000	0.0000	0.0000	0.0000	0.0000	0.0000	0.0000	0.0000	0.0000	0.0000	0.0000	0.0000	2.9443	0.0000	6.1524	0.0000	0.0000	0.0000	0.0000	0.0000	0.0000	0.0000	0.0000	0.0000	0.0000	0.0000	0.0000	0.0000	0.0000	0.0000	0.0000	0.0000	0.0000	0.0000	0.0000	0.0000	0.0000	0.0000	0.0000	0.0000	0.0000	0.0000	0.0000	0.0000	0.0000	0.0000	0.0000	0.0000	0.0000	0.0000	0.0000	0.0000	0.0000	0.0000	0.0000	0.0000	0.0000	0.0000	0.0000	0.0000	0.0000	0.0000	0.0000	0.0000	0.0000	0.0000	0.0000	0.0000	0.0000											
33	95	0.1232	11	1	1	0	0	0	0	0	0	N	N	N	N	N	N	N	N	N	N	N	N	0.0000	0.0000	0.0000	0.0000	0.0000	0.0000	0.0000	0.0000	0.0000	0.0000	0.0000	0.0000	0.0000	0.0000	0.0000	0.0000	0.0000	0.0000	0.0000	0.0000	0.0000	0.8596	0.0000	1.2300	0.0000	0.0000	0.0000	0.0000	0.0000	0.0000	0.0000	0.0000	0.0000	0.0000	0.0000	0.0000	0.0000	0.0000	0.0000	0.0000	0.0000	0.0000	0.0000	0.0000	0.0000	0.0000	0.0000	0.0000	0.0000	0.0000	0.0000	0.0000	0.0000	0.0000	0.0000	0.0000	0.0000	0.0000	0.0000	0.0000	0.0000	0.0000	0.0000	0.0000	0.0000	0.0000	0.0000	0.0000	0.0000	0.0000	0.0000	0.0000	0.0000	0.0000	0.0000	0.0000	0.0000	0.0000											
33	96	0.1114	10	1	1	0	0	0	0	0	0	N	N	N	N	N	N	N	N	N	N	N	N	0.0000	0.0000	0.0000	0.0000	0.0000	0.0000	0.0000	0.0000	0.0000	0.0000	0.0000	0.0000	0.0000	0.0000	0.0000	0.0000	0.0000	0.0000	0.0000	0.0000	0.0000	3.7737	0.0000	2.5241	0.0000	0.0000	0.0000	0.0000	0.0000	0.0000	0.0000	0.0000	0.0000	0.0000	0.0000	0.0000	0.0000	0.0000	0.0000	0.0000	0.0000	0.0000	0.0000	0.0000	0.0000	0.0000	0.0000	0.0000	0.0000	0.0000	0.0000	0.0000	0.0000	0.0000	0.0000	0.0000	0.0000	0.0000	0.0000	0.0000	0.0000	0.0000	0.0000	0.0000	0.0000	0.0000	0.0000	0.0000	0.0000	0.0000	0.0000	0.0000	0.0000	0.0000	0.0000	0.0000	0.0000	0.0000											
33	97	0.0905	9	1	1	0	0	0	0	0	0	N	N	N	N	N	N	N	N	N	N	N	N	0.0000	0.0000	0.0000	0.0000	0.0000	0.0000	0.0000	0.0000	0.0000	0.0000	0.0000	0.0000	0.0000	0.0000	0.0000	0.0000	0.0000	0.0000	0.0000	0.0000	0.0000	6.4922	0.0000	4.5502	0.0000	0.0000	0.0000	0.0000	0.0000	0.0000	0.0000	0.0000	0.0000	0.0000	0.0000	0.0000	0.0000	0.0000	0.0000	0.0000	0.0000	0.0000	0.0000	0.0000	0.0000	0.0000	0.0000	0.0000	0.0000	0.0000	0.0000	0.0000	0.0000	0.0000	0.0000	0.0000	0.0000	0.0000	0.0000	0.0000	0.0000	0.0000	0.0000	0.0000	0.0000	0.0000	0.0000	0.0000	0.0000	0.0000	0.0000	0.0000	0.0000	0.0000	0.0000	0.0000	0.0000	0.0000											
33	98	0.1012	10	1	2	0	0	0	0	0	0	N	Y	N	N	N	N	N	N	N	N	N	N	0.0000	0.0000	0.0000	0.0000	0.0000	0.0000	0.0000	0.0000	0.0000	0.0000	0.0000	0.0000	0.0000	0.0000	0.0000	0.0000	0.0000	0.0000	0.0000	0.0000	0.0000	1.3608	0.0000	12.1483	0.0000	0.0000	0.0000	0.0000	0.0000	0.0000	0.0000	0.0000	0.0000	0.0000	0.0000	0.0000	0.0000	0.0000	0.0000	0.0000	0.0000	0.0000	0.0000	0.0000	0.0000	0.0000	0.0000	0.0000	0.0000	0.0000	0.0000	0.0000	0.0000	0.0000	0.0000	0.0000	0.0000	0.0000	0.0000	0.0000	0.0000	0.0000	0.0000	0.0000	0.0000	0.0000	0.0000	0.0000	0.0000	0.0000	0.0000	0.0000	0.0000	0.0000	0.0000	0.0000	0.0000	0.0000											
33	99	0.0975	9	1	1	0	0	0	0	0	0	N	N	N	N	N	N	N	N	N	N	N	N	0.0000	0.0000	0.0000	0.0000	0.0000	0.0000	0.0000	0.0000	0.0000	0.0000	0.0000	0.0000	0.0000	0.0000	0.0000	0.0000	0.0000	0.0000	0.0000	0.0000	0.0000	1.5300	0.0000	0.7696	0.0000	0.0000	0.0000	0.0000	0.0000	0.0000	0.0000	0.0000	0.0000	0.0000	0.0000	0.0000	0.0000	0.0000	0.0000	0.0000	0.0000	0.0000	0.0000	0.0000	0.0000	0.0000	0.0000	0.0000	0.0000	0.0000	0.0000	0.0000	0.0000	0.0000	0.0000	0.0000	0.0000	0.0000	0.0000	0.0000	0.0000	0.0000	0.0000	0.0000	0.0000	0.0000	0.0000	0.0000	0.0000	0.0000	0.0000	0.0000	0.0000	0.0000	0.0000	0.0000	0.0000	0.0000											
33	100	0.0887	8	1	1	0	0	0	0	0	0	N	N	N	N	N	N	N	N	N	N	N	N	0.0000	0.0000	0.0000	0.0000	0.0000	0.0000	0.0000	0.0000	0.0000	0.0000	0.0000	0.0000	0.0000	0.0000	0.0000	0.0000	0.0000	0.0000	0.0000	0.0000	0.0000	3.6906	0.0000	1.4800	0.0000	0.0000	0.0000	0.0000	0.0000	0.0000	0.0000	0.0000	0.0000	0.0000	0.0000	0.0000	0.0000	0.0000	0.0000	0.0000	0.0000	0.0000	0.0000	0.0000	0.0000	0.0000	0.0000	0.0000	0.0000	0.0000	0.0000	0.0000	0.0000	0.0000	0.0000	0.0000	0.0000	0.0000	0.0000	0.0000	0.0000	0.0000	0.0000	0.0000	0.0000	0.0000	0.0000	0.0000	0.0000	0.0000	0.0000	0.0000	0.0000	0.0000	0.0000	0.0000	0.0000	0.0000											
33	101	0.0887	7	1	1	0	0	0	0	0	0	N	N	N	N	N	N	N	N	N	N	N	N	0.0000	0.0000	0.0000	0.0000	0.0000	0.0000	0.0000	0.0000	0.0000	0.0000	0.0000	0.0000	0.0000	0.0000	0.0000	0.0000	0.0000	0.0000	0.0000	0.0000	0.0000	0.1361	0.0000	0.4500	0.0000	0.0000	0.0000	0.0000	0.0000	0.0000	0.0000	0.0000	0.0000	0.0000	0.0000	0.0000	0.0000	0.0000	0.0000	0.0000	0.0000	0.0000	0.0000	0.0000	0.0000	0.0000	0.0000	0.0000	0.0000	0.0000	0.0000	0.0000	0.0000	0.0000	0.0000	0.0000	0.0000	0.0000	0.0000	0.0000	0.0000	0.0000	0.0000	0.0000	0.0000	0.0000	0.0000	0.0000	0.0000	0.0000	0.0000	0.0000	0.0000	0.0000	0.0000	0.0000	0.0000	0.0000											
33	102	0.0728	6	1	1	0	0	0	0	0	0	N	N	N	N	N	N	N	N	N	N	N	N	0.0000	0.0000	0.0000	0.0000	0.0000	0.0000	0.0000	0.0000	0.0000	0.0000	0.0000	0.0000	0.0000	0.0000	0.0000	0.0000	0.0000	0.0000	0.0000	0.0000	0.0000	3.5591	0.0000	4.5341	0.0000	0.0000	0.0000	0.0000	0.0000	0.0000	0.0000	0.0000	0.0000	0.0000	0.0000	0.0000	0.0000	0.0000	0.0000	0.0000	0.0000	0.0000	0.0000	0.0000	0.0000	0.0000	0.0000	0.0000	0.0000	0.0000	0.0000	0.0000	0.0000	0.0000	0.0000	0.0000	0.0000	0.0000	0.0000	0.0000	0.0000	0.0000	0.0000	0.0000	0.0000	0.0000	0.0000	0.0000	0.0000	0.0000	0.0000	0.0000	0.0000	0.0000	0.0000	0.0000	0.0000	0.0000											
33	103	0.0511	5	1	1	0	0	0	0	0	0	N	N	N	N	N	N	N	N	N	N	N	N	0.0000	0.0000	0.0000	0.0000	0.0000	0.0000	0.0000	0.0000	0.0000	0.0000	0.0000	0.0000	0.0000	0.0000	0.0000	0.0000	0.0000	0.0000	0.0000	0.0000	0.0000	2.8937	0.0000	8.0733	0.0000	0.0000	0.0000	0.0000	0.0000	0.0000	0.0000	0.0000	0.0000	0.0000	0.0000	0.0000	0.0000	0.0000	0.0000	0.0000	0.0000	0.0000	0.0000	0.0000	0.0000	0.0000	0.0000	0.0000	0.0000	0.0000	0.0000	0.0000	0.0000	0.0000	0.0000	0.0000	0.0000	0.0000	0.0000	0.0000	0.0000	0.0000	0.0000	0.0000	0.0000	0.0000	0.0000	0.0000	0.0000	0.0000	0.0000	0.0000	0.0000	0.0000	0.0000	0.0000	0.0000	0.0000											
33	104	0.1454	11	1	2	0	0	0	0	0	0	N	Y	N	N	N	N	N	N	N	N	N	N	0.0000	0.0000	0.0000	0.0000	0.0000	0.0000	0.0000	0.0000	0.0000	0.0000	0.0000	0.0000	0.0000	0.0000	0.0000	0.0000	0.0000	0.0000	0.0000	0.0000	0.0000	0.0277	0.0000	1.3445	0.0000	0.0000	0.0000	0.0000	0.0000	0.0000	0.0000	0.0000	0.0000	0.0000	0.0000	0.0000	0.0000	0.0000	0.0000	0.0000	0.0000	0.0000	0.0000	0.0000	0.0000	0.0000	0.0000	0.0000	0.0000	0.0000	0.0000	0.0000	0.0000	0.0000	0.0000	0.0000	0.0000	0.0000	0.0000	0.0000	0.0000	0.0000	0.0000	0.0000	0.0000	0.0000	0.0000	0.0000	0.0000	0.0000	0.0000	0.0000	0.0000	0.0000	0.0000	0.0000	0.0000	0.0000											
33	105	0.0987	10	1	2	0	0	0	0	0	0	N	Y	N	N	N	N	N	N	N	N	N	N	0.0000	0.0000	0.0000	0.0000	0.0000	0.0000	0.0000	0.0000	0.0000	0.0000	0.0000	0.0000	0.0000	0.0000	0.0000	0.0000	0.0000	0.0000	0.0000	0.0000	0.0000	5.1414	0.0000	16.4151	0.0000	0.0000	0.0000	0.0000	0.0000	0.0000	0.0000	0.0000	0.0000	0.0000	0.0000	0.0000	0.0000	0.0000	0.0000	0.0000	0.0000	0.0000	0.0000	0.0000	0.0000	0.0000	0.0000	0.0000	0.0000	0.0000	0.0000	0.0000	0.0000	0.0000	0.0000	0.0000	0.0000	0.0000	0.0000	0.0000	0.0000	0.0000	0.0000	0.0000	0.0000	0.0000	0.0000	0.0000	0.0000	0.0000	0.0000	0.0000	0.0000	0.0000	0.0000	0.0000	0.0000	0.0000											
33	106	0.0905	9	1	1	0	0	0	0	0	0	N	N	N	N	N	N	N	N	N	N	N	N	0.0000	0.0000	0.0000	0.0000	0.0000	0.0000	0.0000	0.0000	0.0000	0.0000	0.0000	0.0000	0.0000	0.0000	0.0000	0.0000	0.0000	0.0000	0.0000	0.0000	0.0000	3.8974	0.0000	1.6364	0.0000	0.0000	0.0000	0.0000	0.0000	0.0000	0.0000	0.0000	0.0000	0.0000	0.0000	0.0000	0.0000	0.0000	0.0000	0.0000	0.0000	0.0000	0.0000	0.0000	0.0000	0.0000	0.0000	0.0000	0.0000	0.0000	0.0000	0.0000	0.0000	0.0000	0.0000	0.0000	0.0000	0.0000	0.0000	0.0000	0.0000	0.0000	0.0000	0.0000	0.0000	0.0000	0.0000	0.0000	0.0000	0.0000	0.0000	0.0000	0.0000	0.0000	0.0000	0.0000	0.0000	0.0000											
33	107	0.0695	8	1	1	0	0	0	0	0	0	N	N	N	N	N	N	N	N	N	N	N	N	0.0000	0.0000	0.0000	0.0000	0.0000	0.0000	0.0000	0.0000	0.0000	0.0000	0.0000	0.0000	0.0000	0.0000	0.0000	0.0000	0.0000	0.0000	0.0000	0.0000	0.0000	0.3701	0.0000	9.6236	0.0000	0.0000	0.0000	0.0000	0.0000	0.0000	0.0000	0.0000	0.0000	0.0000	0.0000	0.0000	0.0000	0.0000	0.0000	0.0000	0.0000	0.0000	0.0000	0.0000	0.0000	0.0000	0.0000	0.0000	0.0000	0.0000	0.0000	0.0000	0.0000	0.0000	0.0000	0.0000	0.0000	0.0000	0.0000	0.0000	0.0000	0.0000	0.0000	0.0000	0.0000	0.0000	0.0000	0.0000	0.0000	0.0000	0.0000	0.0000	0.0000	0.0000	0.0000	0.0000	0.0000	0.0000											
33	108	0.0590	7	1	1	0	0	0	0	0	0	N	N	N	N	N	N	N	N	N	N	N	N	0.0000	0.0000	0.0000	0.0000	0.0000	0.0000	0.0000	0.0000	0.0000	0.0000	0.0000	0.0000	0.0000	0.0000	0.0000	0.0000	0.0000	0.0000	0.0000	0.0000	0.0000	0.4415	0.0000	4.8853	0.0000	0.0000	0.0000	0.0000	0.0000	0.0000	0.0000	0.0000	0.0000	0.0000	0.0000	0.0000	0.0000	0.0000	0.0000	0.0000	0.0000	0.0000	0.0000	0.0000	0.0000	0.0000	0.0000	0.0000	0.0000	0.0000	0.0000	0.0000	0.0000	0.0000	0.0000	0.0000	0.0000	0.0000	0.0000	0.0000	0.0000	0.0000	0.0000	0.0000	0.0000	0.0000	0.0000	0.0000	0.0000	0.0000	0.0000	0.0000	0.0000	0.0000	0.0000	0.0000	0.0000	0.0000											
33	109	0.0300	4	2	2	0	1	0	0	0	0	Y	Y	N	N	N	N	N	N	N	N	N	N	0.0000	0.0000	0.0000	0.0000	0.0000	0.0000	0.0000	0.0000	0.0000	0.0000	0.0000	0.0000	0.0000	0.0000	0.0000	0.0000	0.0000	0.0000	0.0000	0.0000	0.0000	0.0000	0.0000	0.0000	0.0000	0.0000	0.0000	0.0000	0.0000	0.0000	0.0000	0.0000	0.0000	0.0000	0.0000	0.0000	0.0000	0.0000	0.0000	0.0000	0.0000	0.0000	0.0000	0.0000	0.0000	0.0000	0.0000	0.0000	0.0000	0.0000	0.0000	0.0000	0.0000	0.0000	0.0000	0.0000	0.0000	0.0000	0.0000	0.0000	0.0000	0.0000	0.0000	0.0000	0.0000	0.0000	0.0000	0.0000	0.0000	0.0000	0.0000	0.0000	0.0000	0.0000	0.0000	0.0000	0.0000	0.0000											
33	110	0.0150	3	2	2	0	1	0	0	0	0	Y	Y	N	N	N	N	N	N	N	N	N	N	0.0000	0.0000	0.0000	0.0000	0.0000	0.0000	0.0000	0.0000	0.0000	0.0000	0.0000	0.0000	0.0000	0.0000	0.0000	0.0000	0.0000	0.0000	0.0000	0.0000	0.0000	0.0000	0.0000	7.1240	0.0000	0.0000	0.0000	0.0000	0.0000	0.0000	0.0000	0.0000	0.0000	0.0000	0.0000	0.0000	0.0000	0.0000	0.0000	0.0000	0.0000	0.0000	0.0000	0.0000	0.0000	0.0000	0.0000	0.0000	0.0000	0.0000	0.0000	0.0000	0.0000	0.0000	0.0000	0.0000	0.0000	0.0000	0.0000	0.0000	0.0000	0.0000	0.0000	0.0000	0.0000	0.0000	0.0000	0.0000	0.0000	0.0000	0.0000	0.0000	0.0000	0.0000	0.0000	0.0000	0.0000	0.0000											
33	111	0.0240	5	1	2	0	1	0	0	0	0	N	Y	N	N	N	N	N	N	N	N	N	N	0.0000	0.0000	0.0000	0.0000	0.0000	0.0000	0.0000	0.0000	0.0000	0.0000	0.0000	0.0000	0.0000	0.0000	0.0000	0.0000	0.0000	0.0000	0.0000	0.0000	0.0000	0.0016	0.0000	5.0076	0.0000	0.0000	0.0000	0.0000	0.0000	0.0000	0.0000	0.0000	0.0000	0.0000	0.0000	0.0000	0.0000	0.0000	0.0000	0.0000	0.0000	0.0000	0.0000	0.0000	0.0000	0.0000	0.0000	0.0000	0.0000	0.0000	0.0000	0.0000	0.0000	0.0000	0.0000	0.0000	0.0000	0.0000	0.0000	0.0000	0.0000	0.0000	0.0000	0.0000	0.0000	0.0000	0.0000	0.0000	0.0000	0.0000	0.0000	0.0000	0.0000	0.0000	0.0000	0.0000	0.0000	0.0000											
33	112	0.0172	4	1	2	0	1	0	0	0	0	N	Y	N	N	N	N	N	N	N	N	N	N	0.0000	0.0000	0.0000	0.0000	0.0000	0.0000	0.0000	0.0000	0.0000	0.0000	0.0000	0.0000	0.0000	0.0000	0.0000	0.0000	0.0000	0.0000	0.0000	0.0000	0.0000	1.0012	0.0000	2.1373	0.0000	0.0000	0.0000	0.0000	0.0000	0.0000	0.0000	0.0000	0.0000	0.0000	0.0000	0.0000	0.0000	0.0000	0.0000	0.0000	0.0000	0.0000	0.0000	0.0000	0.0000	0.0000	0.0000	0.0000	0.0000	0.0000	0.0000	0.0000	0.0000	0.0000	0.0000	0.0000	0.0000	0.0000	0.0000	0.0000	0.0000	0.0000	0.0000	0.0000	0.0000	0.0000	0.0000	0.0000	0.0000	0.0000	0.0000	0.0000	0.0000	0.0000	0.0000	0.0000	0.0000	0.0000											
33	113	0.0046	2	1	2	0	0	0	0	0	0	N	Y	N	N	N	N	N	N	N	N	N	N	0.0000	0.0000	0.0000	0.0000	0.0000	0.0000	0.0000	0.0000	0.0000	0.0000	0.0000	0.0000	0.0000	0.0000	0.0000	0.0000	0.0000	0.0000	0.0000	0.0000	0.0000	0.9705	0.0000	5.0371	0.0000	0.0000	0.0000	0.0000	0.0000	0.0000	0.0000	0.0000	0.0000	0.0000	0.0000	0.0000	0.0000	0.0000	0.0000	0.0000	0.0000	0.0000	0.0000	0.0000	0.0000	0.0000	0.0000	0.0000	0.0000	0.0000	0.0000	0.0000	0.0000	0.0000	0.0000	0.0000	0.0000	0.0000	0.0000	0.0000	0.0000	0.0000	0.0000	0.0000	0.0000	0.0000	0.0000	0.0000	0.0000	0.0000	0.0000	0.0000	0.0000	0.0000	0.0000	0.0000	0.0000	0.0000											
33	114	0.0172	4	1	1	1	1	0	0	0	0	N	N	N	N	N	N	N	N	N	N	N	N	0.0000	0.0000	0.0000	0.0000	0.0000	0.0000	0.0000	0.0000	0.0000	0.0000	0.0000	0.0000	0.0000	0.0000	0.0000	0.0000	0.0000	0.0000	0.0000	0.0000	0.0000	0.0000	0.0000	1.1303	0.0000	0.0000	0.0000	0.0000	0.0000	0.0000	0.0000	0.0000	0.0000	0.0000	0.0000	0.0000	0.0000	0.0000	0.0000	0.0000	0.0000	0.0000	0.0000	0.0000	0.0000	0.0000	0.0000	0.0000	0.0000	0.0000	0.0000	0.0000	0.0000	0.0000	0.0000	0.0000	0.0000	0.0000	0.0000	0.0000	0.0000	0.0000	0.0000	0.0000	0.0000	0.0000	0.0000	0.0000	0.0000	0.0000	0.0000	0.0000	0.0000	0.0000	0.0000	0.0000	0.0000	0.0000											
33	115	0.0150	3	1	1	0	1	0	0	0	0	N	N	N	N	N	N	N	N	N	N	N	N	0.0000	0.0000	0.0000	0.0000	0.0000	0.0000	0.0000	0.0000	0.0000	0.0000	0.0000	0.0000	0.0000	0.0000	0.0000	0.0000	0.0000	0.0000	0.0000	0.0000	0.0000	0.0000	0.0000	1.2340	0.0000	0.0000	0.0000	0.0000	0.0000	0.0000	0.0000	0.0000	0.0000	0.0000	0.0000	0.0000	0.0000	0.0000	0.0000	0.0000	0.0000	0.0000	0.0000	0.0000	0.0000	0.0000	0.0000	0.0000	0.0000	0.0000	0.0000	0.0000	0.0000	0.0000	0.0000	0.0000	0.0000	0.0000	0.0000	0.0000	0.0000	0.0000	0.0000	0.0000	0.0000	0.0000	0.0000	0.0000	0.0000	0.0000	0.0000	0.0000	0.0000	0.0000	0.0000	0.0000	0.0000	0.0000											
33	116	0.0225	4	1	1	1	1	0	0	0	0	N	N	N	N	N	N	N	N	N	N	N	N	0.0000	0.0000	0.0000	0.0000	0.0000	0.0000	0.0000	0.0000	0.0000	0.0000	0.0000	0.0000	0.0000	0.0000	0.0000	0.0000	0.0000	0.0000	0.0000	0.0000	0.0000	0.9725	0.0000	0.9874	0.0000	0.0000	0.0000	0.0000	0.0000	0.0000	0.0000	0.0000	0.0000	0.0000	0.0000	0.0000	0.0000	0.0000	0.0000	0.0000	0.0000	0.0000	0.0000	0.0000	0.0000	0.0000	0.0000	0.0000	0.0000	0.0000	0.0000	0.0000	0.0000	0.0000	0.0000	0.0000	0.0000	0.0000	0.0000	0.0000	0.0000	0.0000	0.0000	0.0000	0.0000	0.0000	0.0000	0.0000	0.0000	0.0000	0.0000	0.0000	0.0000	0.0000	0.0000	0.0000	0.0000	0.0000											
33	117	0.0225	4	1	1	1	1	0	0	0	0	N	N	N	N	N	N	N	N	N	N	N	N	0.0000	0.0000	0.0000	0.0000	0.0000	0.0000	0.0000	0.0000	0.0000	0.0000	0.0000	0.0000	0.0000	0.0000	0.0000	0.0000	0.0000	0.0000	0.0000	0.0000	0.0000	0.0285	0.0000	4.0215	0.0000	0.0000	0.0000	0.0000	0.0000	0.0000	0.0000	0.0000	0.0000	0.0000	0.0000	0.0000	0.0000	0.0000	0.0000	0.0000	0.0000	0.0000	0.0000	0.0000	0.0000	0.0000	0.0000	0.0000	0.0000	0.0000	0.0000	0.0000	0.0000	0.0000	0.0000	0.0000	0.0000	0.0000	0.0000	0.0000	0.0000	0.0000	0.0000	0.0000	0.0000	0.0000	0.0000	0.0000	0.0000	0.0000	0.0000	0.0000	0.0000	0.0000	0.0000	0.0000	0.0000	0.0000											
33	118	0.0150	3	1	1	1	1	0	0	0	0	N	N	N	N	N	N	N	N	N	N	N	N	0.0000	0.0000	0.0000	0.0000	0.0000	0.0000	0.0000	0.0000	0.0000	0.0000	0.0000	0.0000	0.0000	0.0000	0.0000	0.0000	0.0000	0.0000	0.0000	0.0000	0.0000	3.0275	0.0000	2.1573	0.0000	0.0000	0.0000	0.0000	0.0000	0.0000	0.0000	0.0000	0.0000	0.0000	0.0000	0.0000	0.0000	0.0000	0.0000	0.0000	0.0000	0.0000	0.0000	0.0000	0.0000	0.0000	0.0000	0.0000	0.0000	0.0000	0.0000	0.0000	0.0000	0.0000	0.0000	0.0000	0.0000	0.0000	0.0000	0.0000	0.0000	0.0000	0.0000	0.0000	0.0000	0.0000	0.0000	0.0000	0.0000	0.0000	0.0000	0.0000	0.0000	0.0000	0.0000	0.0000	0.0000	0.0000											
33	119	0.1077	5	2	2	0	0	0	0	0	0	Y	Y	N	N	N	N	N	N	N	N	N	N	0.0000	0.0000	0.0000	0.0000	0.0000	0.0000	0.0000	0.0000	0.0000	0.0000	0.0000	0.0000	0.0000	0.0000	0.0000	0.0000	0.0000	0.0000	0.0000	0.0000	0.0000	2.1883	0.0000	3.1271	0.0000	0.0000	0.0000	0.0000	0.0000	0.0000	0.0000	0.0000	0.0000	0.0000	0.0000	0.0000	0.0000	0.0000	0.0000	0.0000	0.0000	0.0000	0.0000	0.0000	0.0000	0.0000	0.0000	0.0000	0.0000	0.0000	0.0000	0.0000	0.0000	0.0000	0.0000	0.0000	0.0000	0.0000	0.0000	0.0000	0.0000	0.0000	0.0000	0.0000	0.0000	0.0000	0.0000	0.0000	0.0000	0.0000	0.0000	0.0000	0.0000	0.0000	0.0000	0.0000	0.0000	0.0000											
33	120	0.0407	4	2	2	0	0	0	0	0	0	Y	Y	N	N	N	N	N	N	N	N	N	N	0.0000	0.0000	0.0000	0.0000	0.0000	0.0000	0.0000	0.0000	0.0000	0.0000	0.0000	0.0000	0.0000	0.0000	0.0000	0.0000	0.0000	0.0000	0.0000	0.0000	0.0000	13.6104	0.0000	16.0982	0.0000	0.0000	0.0000	0.0000	0.0000	0.0000	0.0000	0.0000	0.0000	0.0000	0.0000	0.0000	0.0000	0.0000	0.0000	0.0000	0.0000	0.0000	0.0000	0.0000	0.0000	0.0000	0.0000	0.0000	0.0000	0.0000	0.0000	0.0000	0.0000	0.0000	0.0000	0.0000	0.0000	0.0000	0.0000	0.0000	0.0000	0.0000	0.0000	0.0000	0.0000	0.0000	0.0000	0.0000	0.0000	0.0000	0.0000	0.0000	0.0000	0.0000	0.0000	0.0000	0.0000	0.0000											
33	121	0.0660	6	1	2	0	0	0	0	0	0	N	Y	N	N	N	N	N	N	N	N	N	N	0.0000	0.0000	0.0000	0.0000	0.0000	0.0000	0.0000	0.0000	0.0000	0.0000	0.0000	0.0000	0.0000	0.0000	0.0000	0.0000	0.0000	0.0000	0.0000	0.0000	0.0000	0.3548	0.0000	4.6068	0.0000	0.0000	0.0000	0.0000	0.0000	0.0000	0.0000	0.0000	0.0000	0.0000	0.0000	0.0000	0.0000	0.0000	0.0000	0.0000	0.0000	0.0000	0.0000	0.0000	0.0000	0.0000	0.0000	0.0000	0.0000	0.0000	0.0000	0.0000	0.0000	0.0000	0.0000	0.0000	0.0000	0.0000	0.0000	0.0000	0.0000	0.0000	0.0000	0.0000	0.0000	0.0000	0.0000	0.0000	0.0000	0.0000	0.0000	0.0000	0.0000	0.0000	0.0000	0.0000	0.0000	0.0000											
33	122	0.0511	5	1	2	0	0	0	0	0	0	N	Y	N	N	N	N	N	N	N	N	N	N	0.0000	0.0000	0.0000	0.0000	0.0000	0.0000	0.0000	0.0000	0.0000	0.0000	0.0000	0.0000	0.0000	0.0000	0.0000	0.0000	0.0000	0.0000	0.0000	0.0000	0.0000	1.6911	0.0000	5.7022	0.0000	0.0000	0.0000	0.0000	0.0000	0.0000	0.0000	0.0000	0.0000	0.0000	0.0000	0.0000	0.0000	0.0000	0.0000	0.0000	0.0000	0.0000	0.0000	0.0000	0.0000	0.0000	0.0000	0.0000	0.0000	0.0000	0.0000	0.0000	0.0000	0.0000	0.0000	0.0000	0.0000	0.0000	0.0000	0.0000	0.0000	0.0000	0.0000	0.0000	0.0000	0.0000	0.0000	0.0000	0.0000	0.0000	0.0000	0.0000	0.0000	0.0000	0.0000	0.0000	0.0000	0.0000											
33	123	0.0407	4	1	1	0	0	0	0	0	0	N	N	N	N	N	N	N	N	N	N	N	N	0.0000	0.0000	0.0000	0.0000	0.0000	0.0000	0.0000	0.0000	0.0000	0.0000	0.0000	0.0000	0.0000	0.0000	0.0000	0.0000	0.0000	0.0000	0.0000	0.0000	0.0000	2.0929	0.0000	3.1856	0.0000	0.0000	0.0000	0.0000	0.0000	0.0000	0.0000	0.0000	0.0000	0.0000	0.0000	0.0000	0.0000	0.0000	0.0000	0.0000	0.0000	0.0000	0.0000	0.0000	0.0000	0.0000	0.0000	0.0000	0.0000	0.0000	0.0000	0.0000	0.0000	0.0000	0.0000	0.0000	0.0000	0.0000	0.0000	0.0000	0.0000	0.0000	0.0000	0.0000	0.0000	0.0000	0.0000	0.0000	0.0000	0.0000	0.0000	0.0000	0.0000	0.0000	0.0000	0.0000	0.0000	0.0000											
34	36	0.0959	7	0	1	1	1	0	0	0	0	N	N	N	N	N	N	N	N	N	N	N	N	0.0000	0.0000	0.0000	0.0000	0.0000	0.0000	0.0000	0.0000	0.0000	0.0000	0.0000	0.0000	0.0000	0.0000	0.0000	0.0000	0.0000	0.0000	0.0000	0.0000	0.0000	0.0000	0.0000	0.0000	0.0000	0.0000	-0.0000	6.4588	1.0000	12.7561	2.0003	0.0000	0.0000	0.0000	0.0000	0.0000	0.0000	0.0000	0.0000	0.0000	0.0000	0.0000	0.0000	0.0000	0.0000	0.0000	0.0000	0.0000	0.0000	0.0519	0.0457	0.0062	0.0079	0.0076	0.0003	0.0440	0.0380	0.0059	0.0747	0.0438	0.0308	0.0166	0.0153	0.0014	0.0580	0.0286	0.0295	0.0000	0.0000	0.0000	0.0000	0.0000	0.0000	0.0000	0.0000	0.0000	0.0000	0.0000	0.0000	0.0000	0.0000	0.0000	0.0000	0.0000	0.0000				
34	37	0.0781	6	0	2	0	1	0	0	0	0	N	Y	N	N	N	N	N	N	N	N	N	N	16.9378	11.0830	0.0000	0.3978	0.4018	0.0000	53663.1495	3339798.9823	0.0000	9.0715	10.3493	0.0000	0.6715	0.6897	0.0000	10.4230	12.1067	0.0000	0.5356	0.9338	0.0004	1.6880	1.7168	0.0091	0.0002	0.0000	0.0003	0.0000	0.0003	-0.3657	-0.1324	6.4588	1.9619	12.7561	8.3400	0.9597	0.9597	0.0000	0.0098	0.0098	0.0000	0.9499	0.9499	0.0000	0.2440	0.2439	0.0001	0.2440	0.2439	0.0000	0.0001	0.0000	0.0001	0.1058	0.0927	0.0131	0.0147	0.0143	0.0004	0.0911	0.0785	0.0127	0.4556	0.2612	0.1944	0.1445	0.1421	0.0024	0.3111	0.1191	0.1920	16.9378	11.0830	0.0000	0.3978	0.4018	0.0000	53663.1495	3339798.9823	0.0000	0.5356	0.9338	0.0004	1.6880	1.7168	0.0091	0.0002	0.0000	0.0003
34	38	0.1849	13	1	1	1	1	0	0	0	0	N	N	N	N	N	N	N	N	N	N	N	N	0.8567	5.3408	0.0000	5.6112	5.5163	0.0000	0.0000	0.0000	0.0000	0.2452	0.2969	0.0000	0.5904	0.5958	0.0000	0.0000	0.0000	0.0000	0.2863	0.0556	0.6260	0.1052	0.1080	0.0466	0.3717	0.0002	0.6476	0.0000	7.6466	-0.0001	0.0157	6.4588	0.0095	12.7561	5.0631	0.0004	0.0004	0.0000	0.0004	0.0004	0.0000	0.0000	0.0000	0.0000	0.0461	0.0053	0.0408	0.0054	0.0053	0.0001	0.0407	0.0000	0.0407	0.0014	0.0012	0.0003	0.0006	0.0006	0.0000	0.0008	0.0006	0.0002	0.1611	0.0960	0.0652	0.0516	0.0493	0.0023	0.1095	0.0467	0.0628	0.8567	5.3408	0.0000	5.6112	5.5163	0.0000	0.0000	0.0000	0.0000	0.2863	0.0556	0.6260	0.1052	0.1080	0.0466	0.3717	0.0002	0.6476
34	39	0.0598	5	0	2	0	1	0	0	0	0	N	Y	N	N	N	N	N	N	N	N	N	N	16.6641	10.7866	0.0000	0.0322	0.0317	0.0000	20933.3275	299394962.3966	0.0000	2.6410	3.0479	0.0000	0.0242	0.0245	0.0000	3.2650	3.8978	0.0000	0.1585	0.2826	0.0003	0.7510	0.7706	0.0000	0.0002	0.0000	0.0003	0.0000	0.0008	-0.0787	-0.0316	6.4588	1.1272	12.7561	11.0864	0.2066	0.2066	0.0000	0.0004	0.0004	0.0000	0.2062	0.2062	0.0000	0.0583	0.0583	0.0000	0.0583	0.0583	0.0000	0.0000	0.0000	0.0000	0.0782	0.0678	0.0104	0.0151	0.0149	0.0002	0.0632	0.0529	0.0103	0.3679	0.2062	0.1617	0.0776	0.0756	0.0020	0.2903	0.1306	0.1598	16.6641	10.7866	0.0000	0.0322	0.0317	0.0000	20933.3275	299394962.3966	0.0000	0.1585	0.2826	0.0003	0.7510	0.7706	0.0000	0.0002	0.0000	0.0003
34	40	0.0598	4	0	1	0	1	0	0	0	0	N	N	N	N	N	N	N	N	N	N	N	N	6.8524	9.3704	0.0436	10.8424	10.9105	0.0000	5.3961	15338.9153	0.0442	7.4866	8.6885	0.0579	13.7822	13.9146	0.0000	5.1680	6.3435	0.0590	1.0925	0.9272	1.3300	1.2711	1.2753	0.1077	0.9577	0.0004	1.3347	0.0011	0.9985	-0.1253	-0.0046	6.4588	0.4765	12.7561	0.2778	0.3298	0.3295	0.0004	0.1634	0.1634	0.0000	0.1664	0.1660	0.0004	0.1070	0.0536	0.0535	0.0536	0.0535	0.0000	0.0535	0.0000	0.0535	0.0441	0.0379	0.0061	0.0119	0.0117	0.0001	0.0322	0.0262	0.0060	0.0980	0.0578	0.0402	0.0421	0.0420	0.0002	0.0558	0.0158	0.0401	6.8524	9.3704	0.0436	10.8424	10.9105	0.0000	5.3961	15338.9153	0.0442	1.0925	0.9272	1.3300	1.2711	1.2753	0.1077	0.9577	0.0004	1.3347
34	41	0.0620	4	0	2	0	2	0	0	0	0	N	Y	N	Y	N	N	N	N	N	N	N	N	2.1402	2.9344	0.0000	1.4786	1.7099	0.0000	2.8332	33879236.1021	0.0000	4.9377	5.6441	0.0000	9.9911	10.2550	0.0000	4.2735	4.9589	0.0000	2.3071	1.9234	2.7938	6.7571	5.9974	0.0223	1.5084	0.0000	2.8215	0.0000	1.1447	-0.9690	-0.0175	6.4588	10.0333	12.7561	21.8674	2.5428	2.5428	0.0000	0.5977	0.5977	0.0000	1.9451	1.9451	0.0000	1.9002	0.8860	1.0142	0.8861	0.8860	0.0001	1.0141	0.0000	1.0141	0.5150	0.4505	0.0645	0.0598	0.0583	0.0015	0.4552	0.3922	0.0629	0.8237	0.4606	0.3630	0.1513	0.1477	0.0036	0.6723	0.3129	0.3594	2.1402	2.9344	0.0000	1.7062	1.7099	0.0000	2.8332	33879236.1021	0.0000	2.3071	1.9234	2.7938	5.8559	5.9974	0.0223	1.5084	0.0000	2.8215
34	42	0.1849	13	1	1	1	1	0	0	0	0	N	N	N	N	N	N	N	N	N	N	N	N	0.0012	0.0008	0.0000	0.0017	0.0018	0.0000	0.0000	0.0000	0.0070	0.0079	0.0000	0.0289	0.0300	0.0000	0.0000	0.0000	0.0000	5.7769	9.7635	0.0392	16.7784	16.9178	0.0000	0.0249	0.0003	0.0404	0.0000	0.0028	-0.0001	-0.3583	6.4588	0.9968	12.7561	1.9513	0.0004	0.0004	0.0000	0.0004	0.0004	0.0000	0.0000	0.0000	0.0000	0.6632	0.6614	0.0018	0.6614	0.6614	0.0000	0.0019	0.0000	0.0018	0.0509	0.0450	0.0060	0.0123	0.0118	0.0005	0.0386	0.0331	0.0055	0.1148	0.0677	0.0471	0.0405	0.0391	0.0014	0.0743	0.0286	0.0457	0.0012	0.0008	0.0000	0.0018	0.0018	0.0000	0.0000	0.0000	0.0000	5.7769	9.7635	0.0392	16.3266	16.9178	0.0000	0.0249	0.0003	0.0404	
34	43	0.1717	12	1	1	1	1	0	0	0	0	N	N	N	N	N	N	N	N	N	N	N	N	0.7530	8.4566	0.0000	17.9135	17.1926	0.0000	0.0000	0.0000	0.0000	3.1403	3.5591	0.0000	15.0656	15.6205	0.0000	0.0000	0.0000	0.0000	4.1707	0.4209	9.6531	0.8410	0.9086	0.0000	5.4343	0.0547	10.1649	0.0000	15.6881	-0.3149	0.2832	6.4588	5.0018	12.7561	1.7716	0.8265	0.8265	0.0000	0.8265	0.8265	0.0000	0.0000	0.0000	0.0000	0.7132	0.0427	0.6705	0.0396	0.0396	0.0000	0.6737	0.0032	0.6705	0.2632	0.2322	0.0310	0.0549	0.0529	0.0019	0.2083	0.1793	0.0290	0.1710	0.1016	0.0695	0.0470	0.0435	0.0035	0.1240	0.0580	0.0660	0.7530	8.4566	0.0000	17.9135	17.1926	0.0000	0.0000	0.0000	0.0000	4.1707	0.4209	9.6531	0.8410	0.9086	0.0000	5.4343	0.0547	10.1649
34	44	0.1749	13	1	1	1	1	0	0	0	0	N	N	N	N	N	N	N	N	N	N	N	N	2.4295	1.7005	0.0000	0.0001	0.0001	0.0000	105.9196	58.2272	0.0000	3.8033	4.3110	0.0000	0.0007	0.0008	0.0000	4.8075	5.5870	0.0000	1.5655	2.5352	0.0000	5.5248	5.2889	0.0001	0.0454	0.0960	0.0000	0.0000	0.0000	-0.3809	-0.1827	6.4588	4.9860	12.7561	2.3663	0.9994	0.9994	0.0000	0.0000	0.0000	0.0000	0.9994	0.9994	0.0000	0.3365	0.3365	0.0000	0.3298	0.3298	0.0000	0.0067	0.0067	0.0000	0.2628	0.2318	0.0309	0.0549	0.0530	0.0019	0.2079	0.1789	0.0290	0.2149	0.1327	0.0822	0.0667	0.0626	0.0041	0.1483	0.0701	0.0782	2.4295	1.7005	0.0000	0.0001	0.0001	0.0000	105.9196	58.2272	0.0000	1.5655	2.5352	0.0000	4.9451	5.2658	0.0001	0.0454	0.0960	0.0000
34	45	0.1717	12	1	1	0	1	0	0	0	0	N	N	N	N	N	N	N	N	N	N	N	N	0.0195	0.0211	0.0238	0.0000	0.0000	0.0000	0.0385	1.0860	0.0239	0.1438	0.1362	0.2050	0.0000	0.0000	0.0000	0.2072	0.2059	0.2146	7.3622	6.4466	8.6222	11.6550	12.3099	0.0001	5.3809	0.1895	8.9807	0.1880	0.9718	-0.0001	-0.0227	6.4588	0.0225	12.7561	1.9333	0.0003	0.0002	0.0000	0.0000	0.0000	0.0000	0.0003	0.0002	0.0000	0.4523	0.2294	0.2229	0.2261	0.2261	0.0000	0.2262	0.0033	0.2229	0.0018	0.0016	0.0002	0.0006	0.0005	0.0000	0.0013	0.0011	0.0002	0.0614	0.0356	0.0259	0.0194	0.0184	0.0010	0.0420	0.0172	0.0248	0.0195	0.0211	0.0238	0.0000	0.0000	0.0000	0.0385	1.0860	0.0239	7.3622	6.4466	8.6222	11.6550	12.3099	0.0001	5.3809	0.1895	8.9807
34	46	0.1687	11	1	1	0	1	0	0	0	0	N	N	N	N	N	N	N	N	N	N	N	N	0.0003	0.0064	0.0000	0.0046	0.0044	0.0000	0.0002	0.0102	0.0001	0.0032	0.0033	0.0018	0.0036	0.0037	0.0000	0.0031	0.0032	0.0020	10.0727	0.5249	40.4724	0.7803	0.8509	0.0000	13.3653	0.3171	36.1416	0.0738	30.9938	-0.0001	0.1430	6.4588	1.0095	12.7561	0.3555	0.0002	0.0002	0.0000	0.0000	0.0000	0.0000	0.0001	0.0001	0.0000	0.3359	0.0105	0.3254	0.0068	0.0068	0.0000	0.3291	0.0037	0.3254	0.0547	0.0482	0.0064	0.0115	0.0111	0.0004	0.0432	0.0371	0.0060	0.0333	0.0200	0.0133	0.0087	0.0080	0.0007	0.0246	0.0120	0.0126	0.0003	0.0064	0.0001	0.0046	0.0044	0.0000	0.0002	0.0105	0.0001	10.0727	0.5249	24.3830	0.7803	0.8509	0.0000	13.3653	0.3076	25.7828
34	47	0.0781	6	0	1	1	1	0	0	0	0	N	N	N	N	N	N	N	N	N	N	N	N	15.0914	792.9417	25.6458	107.0534	123.3576	1.1730	12.2636	6467743.8344	26.0796	12.6600	7.4273	49.9094	2.3210	2.3826	0.1511	14.2503	8.3025	51.4407	0.8389	0.0094	1.9461	0.0217	0.0193	0.1289	1.1620	0.0000	1.9725	0.9440	155.6602	0.2131	0.2075	6.4588	3.0460	12.7561	11.9126	2.0385	1.0486	0.9899	0.0498	0.0497	0.0001	1.9886	0.9989	0.9898	0.4605	0.0029	0.4576	0.0034	0.0029	0.0004	0.4571	0.0000	0.4571	0.1610	0.1412	0.0198	0.0215	0.0209	0.0006	0.1396	0.1203	0.0192	0.5489	0.3138	0.2351	0.1555	0.1522	0.0034	0.3934	0.1616	0.2318	15.0914	792.9417	25.6458	107.0534	123.3576	1.1730	12.2636	6467743.8344	26.0796	0.8389	0.0094	1.9461	0.0217	0.0193	0.1289	1.1620	0.0000	1.9725
34	48	0.0647	5	0	1	0	1	0	0	0	0	N	N	N	N	N	N	N	N	N	N	N	N	1.9523	2.3117	1.1487	4.2558	4.3341	0.0334	1.6690	444.1691	1.1749	1.6843	1.7615	1.1421	5.4564	5.5976	0.0025	1.0853	1.0707	1.1746	0.8627	0.7620	0.9942	1.2821	1.2915	0.0742	0.6502	0.0024	0.9997	0.0924	0.9995	-0.0305	-0.0138	6.4588	1.1082	12.7561	5.8288	0.1028	0.0941	0.0087	0.0456	0.0456	0.0000	0.0572	0.0485	0.0087	0.3192	0.1597	0.1596	0.1595	0.1595	0.0001	0.1597	0.0002	0.1595	0.0610	0.0534	0.0076	0.0084	0.0082	0.0002	0.0527	0.0453	0.0074	0.3701	0.2095	0.1605	0.1244	0.1235	0.0010	0.2456	0.0861	0.1596	1.9523	2.3117	1.1487	4.2558	4.3341	0.0334	1.6690	444.1691	1.1749	0.8627	0.7620	0.9942	1.2821	1.2915	0.0742	0.6502	0.0024	0.9997
34	49	0.0959	7	0	2	0	1	0	0	0	0	N	Y	N	N	N	N	N	N	N	N	N	N	0.0000	0.0000	0.0000	0.0000	0.0000	0.0000	0.0000	0.0000	0.0000	0.0000	0.0000	0.0000	0.0000	0.0000	0.0000	0.0000	0.0000	0.0000	0.0000	0.0000	0.0000	0.0000	0.0000	0.0000	0.0000	0.0000	-0.0000	6.4588	0.0000	12.7561	2.0001	0.0000	0.0000	0.0000	0.0000	0.0000	0.0000	0.0000	0.0000	0.0000	0.0000	0.0000	0.0000	0.0000	0.0000	0.0000	0.0000	0.0000	0.0000	0.0000	0.0000	0.0000	0.0000	0.0000	0.0000	0.0000	0.0000	0.0000	0.0500	0.0294	0.0207	0.0112	0.0103	0.0009	0.0389	0.0191	0.0198	0.0000	0.0000	0.0000	0.0000	0.0000	0.0000	0.0000	0.0000	0.0000	0.0000	0.0000	0.0000	0.0000	0.0000	0.0000	0.0000	0.0000	0.0000				
34	50	0.2042	16	1	2	1	1	0	0	0	0	N	Y	N	N	N	N	N	N	N	N	N	N	0.0000	0.0000	0.0000	0.0000	0.0000	0.0000	0.0000	0.0000	0.0000	0.0000	0.0000	0.0000	0.0000	0.0000	0.0000	0.0006	0.0000	0.0023	0.0014	0.0000	0.0305	0.0000	0.0000	0.0000	inf	0.0000	0.0000	6.4588	0.0000	12.7561	1.7047	0.0000	0.0000	0.0000	0.0000	0.0000	0.0000	0.0000	0.0000	0.0000	0.0000	0.0000	0.0000	0.0000	0.0000	0.0000	0.0000	0.0000	0.0000	0.0000	0.0000	0.0000	0.0000	0.0000	0.0000	0.0000	0.0000	0.0000	0.0733	0.0551	0.0182	0.0297	0.0283	0.0014	0.0436	0.0268	0.0168	0.0000	0.0000	0.0000	0.0000	0.0000	0.0000	0.0000	0.0000	0.0000	0.0006	0.0000	0.0023	0.0014	0.0000	0.0305	0.0000	0.0000	0.0000				
34	51	0.2042	16	1	2	1	1	0	0	0	0	N	Y	N	N	N	N	N	N	N	N	N	N	0.0000	0.0000	0.0000	0.0000	0.0000	0.0000	0.0000	0.0000	0.0000	0.0000	0.0000	0.0000	0.0000	0.0000	0.0000	0.0004	0.0005	0.0000	0.0009	0.0009	0.0000	0.0000	0.0000	0.0000	0.0000	0.0000	-0.0000	6.4588	0.0000	12.7561	0.2953	0.0000	0.0000	0.0000	0.0000	0.0000	0.0000	0.0000	0.0000	0.0000	0.0000	0.0000	0.0000	0.0000	0.0000	0.0000	0.0000	0.0000	0.0000	0.0000	0.0000	0.0000	0.0000	0.0000	0.0000	0.0000	0.0000	0.0000	0.0421	0.0362	0.0059	0.0198	0.0196	0.0003	0.0222	0.0166	0.0056	0.0000	0.0000	0.0000	0.0000	0.0000	0.0000	0.0000	0.0000	0.0000	0.0004	0.0005	0.0000	0.0009	0.0009	0.0000	0.0000	0.0000	0.0000				
34	52	0.2014	15	1	2	1	1	0	0	0	0	N	Y	N	N	N	N	N	N	N	N	N	N	0.0000	0.0000	0.0000	0.0000	0.0000	0.0000	0.0000	0.0000	0.0000	0.0000	0.0000	0.0000	0.0000	0.0000	0.0000	0.0000	0.0000	0.0000	0.0007	0.0011	0.0000	0.0021	0.0022	0.0001	0.0000	0.0000	0.0000	0.0037	0.0000	-0.0000	6.4588	0.0001	12.7561	1.7968	0.0000	0.0000	0.0000	0.0000	0.0000	0.0000	0.0000	0.0000	0.0000	0.0000	0.0000	0.0000	0.0000	0.0000	0.0000	0.0000	0.0000	0.0000	0.0000	0.0000	0.0000	0.0000	0.0000	0.0000	0.0000	0.0000	0.0000	0.0567	0.0370	0.0198	0.0204	0.0192	0.0012	0.0364	0.0178	0.0185	0.0000	0.0000	0.0000	0.0000	0.0000	0.0000	0.0000	0.0000	0.0000	0.0007	0.0011	0.0000	0.0021	0.0022	0.0001	0.0000	0.0000	0.0000	
34	53	0.1831	9	1	2	0	1	0	0	0	0	N	Y	N	N	N	N	N	N	N	N	N	N	0.0029	0.0010	4.3430	0.0008	0.0007	0.0000	2.5060	6225.4179	6.6328	0.0005	0.0003	0.0024	0.0004	0.0004	0.0000	0.0006	0.0003	0.0026	0.1761	0.2846	0.0006	0.4772	0.5001	0.0042	0.0002	0.0000	0.0004	0.9629	0.0012	0.0000	-0.0094	6.4588	1.8240	12.7561	0.8872	0.0001	0.0000	0.0000	0.0000	0.0000	0.0000	0.0000	0.0000	0.0000	0.0173	0.0173	0.0000	0.0173	0.0173	0.0000	0.0000	0.0000	0.0000	0.1181	0.1059	0.0122	0.0304	0.0297	0.0008	0.0877	0.0763	0.0115	0.0981	0.0606	0.0375	0.0362	0.0345	0.0017	0.0619	0.0261	0.0358	0.0029	0.0010	4.3430	0.0008	0.0007	0.0000	2.5060	6225.4179	6.6328	0.1761	0.2846	0.0006	0.4772	0.5001	0.0042	0.0002	0.0000	0.0004
34	54	0.1259	9	0	2	0	2	0	0	0	0	N	Y	N	Y	N	N	N	N	N	N	N	N	0.0000	0.0000	0.0000	0.0000	0.0000	0.0000	0.0000	0.0000	0.0000	0.0000	0.0000	0.0000	0.0000	0.0000	0.0000	0.0000	0.0012	0.0019	0.0001	0.0042	0.0045	0.0000	0.0001	0.0000	0.0001	0.0337	0.0000	-0.0001	6.4588	0.0007	12.7561	4.7762	0.0000	0.0000	0.0000	0.0000	0.0000	0.0000	0.0000	0.0000	0.0000	0.0002	0.0002	0.0000	0.0002	0.0002	0.0000	0.0000	0.0000	0.0000	0.0001	0.0000	0.0000	0.0000	0.0000	0.0000	0.0000	0.0000	0.0000	0.1324	0.0814	0.0510	0.0359	0.0338	0.0021	0.0964	0.0476	0.0489	0.0000	0.0000	0.0000	0.0000	0.0000	0.0000	0.0000	0.0000	0.0000	0.0012	0.0019	0.0001	0.0042	0.0045	0.0000	0.0001	0.0000	0.0001			
34	55	0.1259	9	0	1	0	2	0	0	0	0	N	N	N	Y	N	N	N	N	N	N	N	N	0.0000	0.0000	0.0000	0.0000	0.0000	0.0000	0.0000	0.0000	0.0000	0.0000	0.0000	0.0000	0.0000	0.0000	0.0000	0.0000	0.0000	0.0058	0.0093	0.0000	0.0204	0.0215	0.0000	0.0000	0.0000	0.0000	0.0007	0.0000	-0.0003	6.4588	0.0007	12.7561	3.2259	0.0000	0.0000	0.0000	0.0000	0.0000	0.0000	0.0000	0.0000	0.0000	0.0006	0.0006	0.0000	0.0006	0.0006	0.0000	0.0000	0.0000	0.0000	0.0001	0.0000	0.0000	0.0000	0.0000	0.0000	0.0000	0.0000	0.0000	0.0958	0.0601	0.0357	0.0273	0.0259	0.0014	0.0684	0.0341	0.0343	0.0000	0.0000	0.0000	0.0000	0.0000	0.0000	0.0000	0.0000	0.0000	0.0058	0.0093	0.0000	0.0204	0.0215	0.0000	0.0000	0.0000	0.0000		
34	56	0.1215	8	0	1	0	2	0	0	0	0	N	N	N	Y	N	N	N	N	N	N	N	N	0.0000	0.0000	0.0000	0.0000	0.0000	0.0000	0.0000	0.0000	0.0000	0.0000	0.0000	0.0000	0.0000	0.0000	0.0000	0.0000	0.0000	0.0001	0.0002	0.0001	0.0004	0.0004	0.0000	0.0000	0.0000	0.0001	0.3146	0.0000	-0.0000	6.4588	0.9953	12.7561	1.3904	0.0000	0.0000	0.0000	0.0000	0.0000	0.0000	0.0000	0.0000	0.0000	0.0000	0.0000	0.0000	0.0000	0.0000	0.0000	0.0000	0.0000	0.0000	0.0540	0.0476	0.0064	0.0096	0.0093	0.0003	0.0444	0.0383	0.0061	0.0738	0.0472	0.0266	0.0216	0.0206	0.0011	0.0522	0.0266	0.0255	0.0000	0.0000	0.0000	0.0000	0.0000	0.0000	0.0000	0.0000	0.0000	0.0001	0.0002	0.0001	0.0004	0.0004	0.0000	0.0000	0.0000	0.0001		
34	57	0.1148	7	0	1	0	2	0	0	0	0	N	N	N	Y	N	N	N	N	N	N	N	N	0.0000	0.0000	0.0000	0.0000	0.0000	0.0000	0.0000	0.0000	0.0000	0.0000	0.0000	0.0000	0.0000	0.0000	0.0000	0.0000	0.0000	0.0003	0.0000	0.0006	0.0001	0.0001	0.0000	0.0003	0.0000	0.0006	9.4573	0.0000	0.0000	6.4588	0.0068	12.7561	3.2797	0.0000	0.0000	0.0000	0.0000	0.0000	0.0000	0.0000	0.0000	0.0000	0.0000	0.0000	0.0000	0.0000	0.0000	0.0000	0.0000	0.0000	0.0000	0.0004	0.0004	0.0000	0.0001	0.0001	0.0000	0.0003	0.0003	0.0000	0.0941	0.0564	0.0377	0.0260	0.0245	0.0014	0.0682	0.0318	0.0363	0.0000	0.0000	0.0000	0.0000	0.0000	0.0000	0.0000	0.0000	0.0000	0.0003	0.0000	0.0006	0.0001	0.0001	0.0000	0.0003	0.0000	0.0006		
34	58	0.0737	6	0	1	0	2	0	0	0	0	N	N	N	Y	N	N	N	N	N	N	N	N	18.7141	11.0241	68.6825	18.4069	20.9097	0.0417	17.9172	7.7444	71.8470	2.5823	0.1146	21.2462	0.5410	0.5598	0.0047	3.0522	0.0000	22.4628	0.1380	0.0104	0.3093	0.0294	0.0268	0.1122	0.1704	0.0000	0.3126	24.5124	22.1577	0.5052	0.0314	6.4588	5.8573	12.7561	13.1443	0.8715	0.0342	0.8373	0.0342	0.0342	0.0000	0.8373	0.0000	0.8373	0.0759	0.0033	0.0727	0.0037	0.0033	0.0004	0.0722	0.0000	0.0722	0.3375	0.2981	0.0394	0.0632	0.0610	0.0021	0.2743	0.2370	0.0373	0.5503	0.3154	0.2349	0.1264	0.1225	0.0039	0.4239	0.1930	0.2310	18.7141	11.0241	68.6825	18.4069	20.9097	0.0417	17.9172	7.7444	71.8470	0.1380	0.0104	0.3093	0.0294	0.0268	0.1122	0.1704	0.0000	0.3126
34	59	0.2015	16	0	2	1	1	0	0	0	0	N	Y	N	N	N	N	N	N	N	N	N	N	0.7859	0.0000	2.3858	0.0394	0.0000	0.0694	6.6283	0.0000	23.2808	0.0193	0.0000	0.1651	0.0025	0.0000	0.0715	0.0241	0.0000	0.1718	0.0245	0.0008	0.0692	0.0638	0.0016	1.0306	0.0036	0.0000	0.0074	inf	46.6211	0.0006	0.0016	6.4588	0.9979	12.7561	4.0614	0.0010	0.0000	0.0010	0.0000	0.0000	0.0000	0.0010	0.0000	0.0010	0.0036	0.0001	0.0035	0.0032	0.0001	0.0031	0.0003	0.0000	0.0003	0.0539	0.0476	0.0063	0.0119	0.0115	0.0004	0.0420	0.0361	0.0059	0.1452	0.0948	0.0504	0.0504	0.0466	0.0038	0.0947	0.0482	0.0466	0.7859	0.0000	2.3858	0.0394	0.0000	0.0864	6.6283	0.0000	23.2808	0.0245	0.0008	0.0692	0.0638	0.0016	0.8271	0.0036	0.0000	0.0074
34	60	0.1931	15	0	2	0	1	0	0	0	0	N	Y	N	N	N	N	N	N	N	N	N	N	236.2044	0.0054	32391.9900	0.0002	0.0002	0.0012	22828.4059	157.4564	80936.9696	8.0409	0.0003	68.4412	0.0000	0.0000	0.0000	10.2557	0.0004	72.7390	0.0340	0.0513	0.0021	0.0996	0.1050	0.0206	0.0004	0.0000	0.0009	32842.4042	0.0223	0.6180	-0.0022	6.4588	2.2356	12.7561	2.2044	0.9985	0.0000	0.9985	0.0000	0.0000	0.0000	0.9985	0.0000	0.9985	0.0043	0.0042	0.0001	0.0042	0.0042	0.0001	0.0000	0.0000	0.0000	0.1242	0.1096	0.0146	0.0268	0.0260	0.0009	0.0974	0.0836	0.0137	0.1250	0.0811	0.0439	0.0423	0.0396	0.0027	0.0827	0.0414	0.0412	236.2044	0.0054	32391.9900	0.0002	0.0002	0.0012	22828.4059	157.4564	80936.9696	0.0340	0.0513	0.0021	0.0996	0.1050	0.0206	0.0004	0.0000	0.0009
34	61	0.1725	13	1	1	1	1	0	0	0	0	N	N	N	N	N	N	N	N	N	N	N	N	0.1479	0.0000	1.7629	0.0000	0.0000	0.0000	0.1495	0.0000	1.8123	0.0031	0.0000	0.0269	0.0000	0.0000	0.0000	0.0041	0.0000	0.0288	0.0211	0.0250	0.0153	0.0030	0.0029	0.0046	0.0274	0.0392	0.0159	inf	0.4070	0.0002	-0.0011	6.4588	2.0703	12.7561	7.0012	0.0004	0.0000	0.0004	0.0000	0.0000	0.0000	0.0004	0.0000	0.0004	0.0044	0.0031	0.0013	0.0002	0.0001	0.0000	0.0042	0.0030	0.0012	0.1153	0.1020	0.0134	0.0274	0.0265	0.0009	0.0880	0.0755	0.0125	0.2076	0.1247	0.0830	0.0534	0.0488	0.0047	0.1542	0.0759	0.0783	0.1479	0.0000	1.7629	0.0000	0.0000	0.0000	0.1495	0.0000	1.8123	0.0211	0.0250	0.0153	0.0030	0.0029	0.0046	0.0274	0.0392	0.0159
34	62	0.1709	12	0	1	0	1	0	0	0	0	N	N	N	N	N	N	N	N	N	N	N	N	0.0244	0.0170	0.0000	0.0443	0.0420	0.0000	0.0000	0.0000	0.0000	0.0071	0.0080	0.0000	0.0311	0.0322	0.0000	0.0000	0.0000	0.0000	0.2910	0.4710	0.0197	0.7023	0.7660	0.0000	0.1438	0.2727	0.0209	0.0000	0.0278	-0.0001	-0.0035	6.4588	0.9285	12.7561	0.0280	0.0004	0.0004	0.0000	0.0004	0.0004	0.0000	0.0000	0.0000	0.0000	0.0067	0.0066	0.0002	0.0043	0.0043	0.0000	0.0025	0.0023	0.0002	0.0507	0.0448	0.0059	0.0116	0.0112	0.0004	0.0392	0.0337	0.0055	0.0231	0.0139	0.0092	0.0061	0.0056	0.0005	0.0170	0.0083	0.0087	0.0244	0.0170	0.0000	0.0443	0.0420	0.0000	0.0000	0.0000	0.0000	0.2910	0.4710	0.0197	0.7023	0.7660	0.0000	0.1438	0.2727	0.0209
34	63	0.1331	7	1	2	0	1	0	0	0	0	N	Y	N	N	N	N	N	N	N	N	N	N	0.0058	0.0000	1.8062	0.0003	0.0000	0.1906	0.7128	0.0000	2.5123	0.0001	0.0000	0.0011	0.0000	0.0000	0.0007	0.0002	0.0000	0.0011	0.0232	0.0364	0.0006	0.0787	0.0841	0.0035	0.0002	0.0000	0.0004	276.0821	0.0097	0.0000	-0.0013	6.4588	1.0023	12.7561	3.0135	0.0000	0.0000	0.0000	0.0000	0.0000	0.0000	0.0000	0.0000	0.0000	0.0024	0.0024	0.0000	0.0024	0.0024	0.0000	0.0000	0.0000	0.0000	0.0554	0.0486	0.0068	0.0099	0.0095	0.0003	0.0455	0.0390	0.0065	0.1032	0.0650	0.0382	0.0302	0.0282	0.0020	0.0730	0.0369	0.0361	0.0058	0.0000	1.8062	0.0003	0.0000	0.1906	0.7128	0.0000	2.5123	0.0232	0.0364	0.0006	0.0787	0.0841	0.0035	0.0002	0.0000	0.0004
34	64	0.1067	6	1	2	0	1	0	0	0	0	N	Y	N	N	N	N	N	N	N	N	N	N	6.8668	1.1471	24.0087	5.3284	1.8867	12160.4564	6.6140	110.6101	23.4487	0.0542	0.0005	0.4579	0.0060	0.0023	0.1845	0.0671	0.0000	0.4683	0.0079	0.0005	0.0191	0.0011	0.0012	0.0000	0.0101	0.0000	0.0200	113.8557	27.1994	0.0065	0.0010	6.4588	3.0820	12.7561	9.3392	0.0106	0.0001	0.0106	0.0002	0.0001	0.0002	0.0104	0.0000	0.0104	0.0024	0.0001	0.0023	0.0001	0.0001	0.0000	0.0023	0.0000	0.0023	0.1963	0.1733	0.0231	0.0413	0.0404	0.0008	0.1550	0.1328	0.0222	0.3001	0.1802	0.1199	0.0747	0.0693	0.0054	0.2254	0.1109	0.1145	6.8668	1.1471	24.0087	5.3284	1.8867	12160.4564	6.6140	110.6101	23.4487	0.0079	0.0005	0.0191	0.0011	0.0012	0.0000	0.0101	0.0000	0.0200
34	65	0.1931	15	0	2	0	1	0	0	0	0	N	Y	N	N	N	N	N	N	N	N	N	N	0.0008	8.8125	0.0000	9.7434	17.4584	0.0026	0.0000	0.0000	0.0040	0.0045	0.0000	0.0180	0.0186	0.0000	0.0000	0.0000	0.0000	4.9896	0.0005	13.6343	0.0018	0.0011	0.0120	7.4028	0.0000	14.5575	0.0004	15498.1794	-0.0002	0.4566	6.4588	1.7946	12.7561	5.9592	0.0004	0.0004	0.0000	0.0004	0.0004	0.0000	0.0000	0.0000	0.0000	0.9993	0.0001	0.9992	0.0001	0.0001	0.0001	0.9992	0.0000	0.9992	0.1012	0.0894	0.0118	0.0222	0.0216	0.0007	0.0790	0.0678	0.0111	0.2003	0.1270	0.0733	0.0653	0.0607	0.0047	0.1350	0.0663	0.0686	0.0008	8.8125	0.0000	9.7434	17.4584	0.0026	0.0000	0.0000	0.0000	4.9896	0.0005	13.6343	0.0018	0.0011	0.0120	7.4028	0.0000	14.5575	
34	66	0.1863	14	0	2	0	1	0	0	0	0	N	Y	N	N	N	N	N	N	N	N	N	N	0.5992	0.3609	2.2706	0.7269	0.6932	2.1165	0.6119	0.9414	2.2728	0.0101	0.0054	0.0451	0.0213	0.0213	0.0196	0.0068	0.0000	0.0466	0.0168	0.0149	0.0199	0.0293	0.0308	0.0093	0.0111	0.0000	0.0205	1.1306	0.8560	0.0001	-0.0001	6.4588	1.3569	12.7561	2.0560	0.0008	0.0004	0.0004	0.0004	0.0004	0.0000	0.0004	0.0000	0.0004	0.0015	0.0008	0.0007	0.0008	0.0008	0.0000	0.0007	0.0000	0.0007	0.0823	0.0725	0.0098	0.0188	0.0183	0.0005	0.0635	0.0543	0.0092	0.0911	0.0555	0.0356	0.0289	0.0269	0.0020	0.0622	0.0286	0.0336	0.5992	0.3609	2.2706	0.7269	0.6932	2.1165	0.6119	0.9414	2.2728	0.0168	0.0149	0.0199	0.0293	0.0308	0.0093	0.0111	0.0000	0.0205
34	67	0.1729	13	0	2	0	1	0	0	0	0	N	Y	N	N	N	N	N	N	N	N	N	N	48.3170	1.7291	295.4825	26.6808	1.2477	55.2817	274.7517	inf	902.8096	0.0592	0.0019	0.4177	0.0954	0.0030	0.9072	0.0436	0.0014	0.2764	0.0012	0.0011	0.0014	0.0036	0.0024	0.0164	0.0002	0.0000	0.0003	34.8147	0.7892	0.0117	-0.0000	6.4588	4.9477	12.7561	2.0153	0.0199	0.0006	0.0193	0.0097	0.0003	0.0094	0.0102	0.0003	0.0099	0.0002	0.0001	0.0001	0.0002	0.0001	0.0001	0.0000	0.0000	0.0000	0.3354	0.2892	0.0462	0.1013	0.0910	0.0104	0.2341	0.1982	0.0359	0.1661	0.1026	0.0635	0.0519	0.0475	0.0044	0.1143	0.0551	0.0592	48.3170	1.7291	295.4825	26.6808	1.2477	55.2817	274.7517	inf	902.8096	0.0012	0.0011	0.0014	0.0036	0.0024	0.0164	0.0002	0.0000	0.0003
34	68	0.0959	7	0	1	1	1	0	0	0	0	N	N	N	N	N	N	N	N	N	N	N	N	0.0000	0.0000	0.0000	0.0000	0.0000	0.0000	0.0000	0.0000	0.0000	0.0000	0.0000	0.0000	0.0000	0.0000	0.0000	0.0000	0.0000	0.0000	0.0000	0.0000	0.0000	0.0000	0.0000	0.0000	0.0000	0.0000	-0.0000	6.4588	0.0000	12.7561	4.0001	0.0000	0.0000	0.0000	0.0000	0.0000	0.0000	0.0000	0.0000	0.0000	0.0000	0.0000	0.0000	0.0000	0.0000	0.0000	0.0000	0.0000	0.0000	0.0000	0.0000	0.0000	0.0000	0.0000	0.0000	0.0000	0.0000	0.0000	0.0990	0.0581	0.0409	0.0220	0.0202	0.0018	0.0770	0.0379	0.0391	0.0000	0.0000	0.0000	0.0000	0.0000	0.0000	0.0000	0.0000	0.0000	0.0000	0.0000	0.0000	0.0000	0.0000	0.0000	0.0000	0.0000	0.0000				
34	69	0.0737	6	0	1	0	1	0	0	0	0	N	N	N	N	N	N	N	N	N	N	N	N	28.1792	426.0374	1.1917	18.7695	21.4765	0.0439	27.6129	3338467.1072	1.2648	5.3257	5.9431	0.5080	0.6479	0.6701	0.0068	6.7516	7.7455	0.5451	0.1890	0.0139	0.4263	0.0345	0.0312	0.1546	0.2445	0.0000	0.4309	0.0110	22.5412	-0.3720	0.0315	6.4588	2.8240	12.7561	8.9883	1.0049	0.9940	0.0109	0.0286	0.0286	0.0000	0.9763	0.9655	0.0109	0.0759	0.0032	0.0727	0.0037	0.0032	0.0004	0.0722	0.0000	0.0722	0.1887	0.1673	0.0214	0.0441	0.0426	0.0015	0.1446	0.1246	0.0200	0.4016	0.2311	0.1705	0.1062	0.1033	0.0029	0.2954	0.1278	0.1676	28.1792	426.0374	1.1917	18.7695	21.4765	0.0439	27.6129	3338467.1072	1.2648	0.1890	0.0139	0.4263	0.0345	0.0312	0.1546	0.2445	0.0000	0.4309
34	70	0.0647	5	0	1	0	1	0	0	0	0	N	N	N	N	N	N	N	N	N	N	N	N	9.3398	3.2021	34.9657	8.0258	8.2117	0.0146	7.5969	130.3251	35.7941	13.5449	1.1440	100.8706	4.4477	4.5662	0.0035	14.9351	0.5521	103.7424	1.4502	0.3573	2.8848	0.5542	0.5561	0.2415	1.9659	0.0042	2.8983	12.5212	6.1519	0.5822	0.1514	6.4588	1.4521	12.7561	3.5882	1.0684	0.0790	0.9893	0.0465	0.0465	0.0000	1.0219	0.0325	0.9893	0.4774	0.0667	0.4106	0.0666	0.0665	0.0002	0.4107	0.0003	0.4105	0.0789	0.0691	0.0098	0.0105	0.0102	0.0003	0.0684	0.0589	0.0095	0.3292	0.1868	0.1423	0.1202	0.1195	0.0007	0.2089	0.0673	0.1416	9.3398	3.2021	34.9657	8.0258	8.2117	0.0146	7.5969	130.3251	35.7941	1.4502	0.3573	2.8848	0.5542	0.5561	0.2415	1.9659	0.0042	2.8983
34	71	0.0620	4	0	1	0	1	0	0	0	0	N	N	N	N	N	N	N	N	N	N	N	N	0.9155	1.8148	0.0844	3.3545	3.3971	0.0008	0.4690	565.6134	0.0859	1.2928	1.4655	0.1866	3.7454	3.8024	0.0003	0.7593	0.8686	0.1904	1.4122	0.8075	2.2099	1.1165	1.1193	0.4113	1.6190	0.0015	2.2162	0.0199	2.0743	-0.0353	0.0411	6.4588	1.1783	12.7561	0.9542	0.0976	0.0957	0.0019	0.0505	0.0505	0.0000	0.0471	0.0452	0.0019	0.3116	0.1014	0.2103	0.1014	0.1013	0.0001	0.2102	0.0001	0.2101	0.0755	0.0653	0.0102	0.0135	0.0133	0.0002	0.0620	0.0520	0.0100	0.2207	0.1255	0.0951	0.0908	0.0905	0.0003	0.1298	0.0350	0.0948	0.9155	1.8148	0.0844	3.3545	3.3971	0.0009	0.4690	565.6134	0.0859	1.4122	0.8075	2.2099	1.1165	1.1193	0.3369	1.6190	0.0015	2.2162
34	72	0.0574	3	0	1	0	1	0	0	0	0	N	N	N	N	N	N	N	N	N	N	N	N	0.1742	1.2240	0.0103	2.9754	3.0157	0.0015	0.0688	345.9790	0.0104	0.9029	1.0262	0.1103	3.8889	3.9615	0.0001	0.5053	0.5748	0.1121	5.1815	0.8384	10.6994	1.3070	1.3136	0.0837	7.3496	0.0017	10.7461	0.0167	10.0447	-0.0383	0.4488	6.4588	2.0762	12.7561	1.4610	0.1049	0.1032	0.0017	0.0531	0.0531	0.0000	0.0518	0.0501	0.0017	1.2245	0.1109	1.1137	0.1108	0.1108	0.0000	1.1137	0.0001	1.1136	0.1162	0.1006	0.0157	0.0137	0.0134	0.0003	0.1026	0.0872	0.0154	0.2363	0.1322	0.1041	0.0848	0.0843	0.0005	0.1515	0.0479	0.1036	0.1742	1.2240	0.0103	2.9754	3.0157	0.0015	0.0688	345.9790	0.0104	5.1815	0.8384	10.6994	1.3070	1.3136	0.0837	7.3496	0.0017	10.7461
34	73	0.0979	5	0	1	0	1	0	0	0	0	N	N	N	N	N	N	N	N	N	N	N	N	3075.9883	1.8149	11856.2797	4.9182	2.8904	64762.2918	3292.1797	0.0000	11799.6066	4.0588	0.0004	34.1341	0.0027	0.0018	0.0473	5.0476	0.0000	35.4119	0.0013	0.0002	0.0029	0.0006	0.0006	0.0000	0.0015	0.0000	0.0030	12095.4634	9.7634	0.6180	0.0002	6.4588	4.0673	12.7561	17.8409	0.9987	0.0001	0.9986	0.0001	0.0001	0.0000	0.9985	0.0000	0.9985	0.0006	0.0001	0.0006	0.0001	0.0001	0.0000	0.0006	0.0000	0.0006	0.2460	0.2168	0.0293	0.0482	0.0472	0.0011	0.1978	0.1696	0.0282	0.4855	0.2836	0.2018	0.1065	0.0983	0.0082	0.3790	0.1854	0.1936	3075.9883	1.8149	11856.2797	4.9182	2.8904	64762.2918	3292.1797	0.0000	11799.6066	0.0013	0.0002	0.0029	0.0006	0.0006	0.0000	0.0015	0.0000	0.0030
34	75	0.2346	9	0	1	0	1	0	0	0	0	N	N	N	N	N	N	N	N	N	N	N	N	0.9751	1.4073	0.3401	0.3978	0.3528	3.0336	1.3272	35.3763	0.2950	0.6328	0.6717	0.3402	0.2624	0.2674	0.1163	0.8483	0.9447	0.3656	0.6490	0.4773	1.0003	0.6597	0.7578	0.0383	0.6391	0.0267	1.2395	0.0673	1.0241	-0.0643	-0.0445	6.4588	3.5843	12.7561	46.7516	0.2022	0.1895	0.0127	0.0308	0.0304	0.0004	0.1714	0.1591	0.0123	1.2025	0.5941	0.6084	0.5860	0.5813	0.0046	0.6165	0.0128	0.6038	0.3196	0.2821	0.0375	0.1175	0.1137	0.0038	0.2020	0.1684	0.0336	1.8529	1.2447	0.6082	0.8883	0.7671	0.1211	0.9646	0.4775	0.4871	0.9751	1.4073	0.3401	0.3978	0.3528	3.0336	1.3272	35.3763	0.2950	0.6490	0.4773	1.0003	0.6597	0.7578	0.0383	0.6391	0.0267	1.2395
34	76	0.1998	15	1	2	1	1	0	0	0	0	N	Y	N	N	N	N	N	N	N	N	N	N	0.0000	0.0000	0.0000	0.0000	0.0000	0.0000	0.0000	0.0000	0.0000	0.0000	0.0000	0.0000	0.0000	0.0000	0.0000	0.0001	0.0002	0.0000	0.0003	0.0003	0.0000	0.0000	0.0000	0.0000	0.0000	0.0000	-0.0000	6.4588	1.0003	12.7561	1.0071	0.0000	0.0000	0.0000	0.0000	0.0000	0.0000	0.0000	0.0000	0.0000	0.0000	0.0000	0.0000	0.0000	0.0000	0.0000	0.0000	0.0000	0.0000	0.0525	0.0464	0.0060	0.0134	0.0129	0.0005	0.0391	0.0336	0.0055	0.0459	0.0280	0.0178	0.0157	0.0142	0.0014	0.0302	0.0138	0.0164	0.0000	0.0000	0.0000	0.0000	0.0000	0.0000	0.0000	0.0000	0.0000	0.0001	0.0002	0.0000	0.0003	0.0003	0.0000	0.0000	0.0000	0.0000				
34	77	0.1930	14	1	1	1	1	0	0	0	0	N	N	N	N	N	N	N	N	N	N	N	N	0.0000	0.0000	0.0000	0.0000	0.0000	0.0000	0.0000	0.0000	0.0000	0.0000	0.0000	0.0000	0.0000	0.0000	0.0000	0.0000	0.0000	0.0000	0.0139	0.0185	0.0006	0.0243	0.0267	0.0026	0.0005	0.0009	0.0000	0.0106	0.0000	-0.0018	6.4588	0.9901	12.7561	2.2068	0.0000	0.0000	0.0000	0.0000	0.0000	0.0000	0.0000	0.0000	0.0000	0.0034	0.0033	0.0000	0.0033	0.0033	0.0000	0.0000	0.0000	0.0000	0.0527	0.0466	0.0060	0.0134	0.0129	0.0005	0.0393	0.0337	0.0056	0.2412	0.1800	0.0612	0.1363	0.1227	0.0135	0.1050	0.0573	0.0477	0.0000	0.0000	0.0000	0.0000	0.0000	0.0000	0.0000	0.0000	0.0000	0.0139	0.0185	0.0006	0.0243	0.0267	0.0026	0.0005	0.0009	0.0000	
34	78	0.1154	6	0	2	0	1	0	0	0	0	N	Y	N	N	N	N	N	N	N	N	N	N	0.0505	0.0012	0.2659	0.0017	0.0017	1.3012	0.0814	8.1278	0.2742	0.1342	0.0020	1.1398	0.0076	0.0077	0.0048	0.1735	0.0000	1.2267	2.6546	1.7148	4.2866	4.5224	4.4128	0.0037	2.1328	0.0000	4.4739	75.0404	1.4395	0.0411	0.0798	6.4588	8.4371	12.7561	15.3349	0.0678	0.0009	0.0669	0.0009	0.0009	0.0000	0.0669	0.0000	0.0669	1.6945	0.6946	0.9999	0.6947	0.6946	0.0000	0.9999	0.0000	0.9999	0.5053	0.4466	0.0587	0.1199	0.1157	0.0042	0.3854	0.3309	0.0545	0.6383	0.4051	0.2333	0.1695	0.1598	0.0098	0.4688	0.2453	0.2235	0.0505	0.0012	0.2659	0.0019	0.0018	1.3012	0.0814	8.1278	0.2742	2.6546	1.7148	4.2866	4.0975	4.3480	0.0037	2.1328	0.0000	4.4739
34	79	0.1930	14	1	1	1	1	0	0	0	0	N	N	N	N	N	N	N	N	N	N	N	N	0.0000	0.0000	0.0000	0.0001	0.0001	0.0000	0.0000	0.0000	0.0001	0.0001	0.0000	0.0003	0.0003	0.0000	0.0000	0.0000	0.0000	1.9828	2.8492	0.0001	4.7702	4.6828	0.0000	0.0100	0.0193	0.0001	0.0000	0.0000	-0.0000	-0.3813	6.4588	3.0096	12.7561	5.7427	0.0000	0.0000	0.0000	0.0000	0.0000	0.0000	0.0000	0.0000	0.0000	0.7022	0.7022	0.0000	0.7003	0.7003	0.0000	0.0019	0.0019	0.0000	0.1570	0.1390	0.0180	0.0396	0.0382	0.0014	0.1174	0.1009	0.0166	0.3542	0.2465	0.1077	0.1659	0.1496	0.0164	0.1882	0.0969	0.0913	0.0000	0.0000	0.0000	0.0001	0.0001	0.0000	0.0000	0.0000	0.0000	1.9828	2.8492	0.0001	4.2208	4.6828	0.0000	0.0100	0.0193	0.0001	
34	80	0.1774	13	1	1	1	1	0	0	0	0	N	N	N	N	N	N	N	N	N	N	N	N	0.0000	0.0000	0.0000	0.0000	0.0000	0.0000	0.0000	0.0000	0.0000	0.0000	0.0000	0.0000	0.0000	0.0000	0.0000	0.0000	0.0000	0.0000	0.0286	0.0451	0.0020	0.0338	0.0362	0.0019	0.0263	0.0524	0.0020	0.0268	0.0000	-0.0028	6.4588	1.0477	12.7561	6.1154	0.0000	0.0000	0.0000	0.0000	0.0000	0.0000	0.0000	0.0000	0.0000	0.0053	0.0052	0.0001	0.0019	0.0019	0.0000	0.0034	0.0033	0.0001	0.0610	0.0543	0.0067	0.0167	0.0162	0.0005	0.0442	0.0381	0.0062	0.1865	0.1152	0.0713	0.0562	0.0522	0.0039	0.1303	0.0630	0.0674	0.0000	0.0000	0.0000	0.0000	0.0000	0.0000	0.0000	0.0000	0.0000	0.0286	0.0451	0.0020	0.0338	0.0362	0.0019	0.0263	0.0524	0.0020	
34	81	0.1709	12	0	1	0	1	0	0	0	0	N	N	N	N	N	N	N	N	N	N	N	N	0.0000	0.0000	0.0000	0.0000	0.0000	0.0000	0.0000	0.0000	0.0000	0.0000	0.0000	0.0000	0.0000	0.0000	0.0000	0.0000	0.0000	0.0000	0.0617	0.0617	0.0617	0.0153	0.0167	0.0001	0.0779	0.0908	0.0654	0.6662	0.0000	-0.0006	6.4588	1.9794	12.7561	1.0196	0.0000	0.0000	0.0000	0.0000	0.0000	0.0000	0.0000	0.0000	0.0000	0.0043	0.0026	0.0017	0.0003	0.0003	0.0000	0.0041	0.0023	0.0017	0.1067	0.0943	0.0124	0.0240	0.0232	0.0008	0.0826	0.0711	0.0116	0.0703	0.0422	0.0281	0.0182	0.0166	0.0016	0.0522	0.0256	0.0266	0.0000	0.0000	0.0000	0.0000	0.0000	0.0000	0.0000	0.0000	0.0000	0.0617	0.0617	0.0617	0.0153	0.0167	0.0001	0.0779	0.0908	0.0654	
34	82	0.1687	11	0	1	0	1	0	0	0	0	N	N	N	N	N	N	N	N	N	N	N	N	0.0055	0.0035	0.2407	0.0000	0.0000	0.0000	0.0152	0.0078	0.2426	0.0024	0.0025	0.0018	0.0000	0.0000	0.0000	0.0030	0.0032	0.0020	0.4341	0.7187	0.0077	1.0830	1.1792	0.0000	0.2010	0.4114	0.0081	0.0993	0.0071	-0.0000	-0.0059	6.4588	1.0114	12.7561	0.0202	0.0001	0.0001	0.0000	0.0000	0.0000	0.0000	0.0001	0.0001	0.0000	0.0111	0.0110	0.0001	0.0073	0.0073	0.0000	0.0038	0.0037	0.0001	0.0548	0.0483	0.0065	0.0115	0.0111	0.0004	0.0433	0.0372	0.0061	0.0255	0.0153	0.0102	0.0067	0.0062	0.0005	0.0188	0.0091	0.0097	0.0055	0.0035	0.2407	0.0000	0.0000	0.0000	0.0152	0.0080	0.2426	0.4341	0.7187	0.0077	1.0830	1.1792	0.0000	0.2010	0.4057	0.0081
34	83	0.1482	10	0	1	0	1	0	0	0	0	N	N	N	N	N	N	N	N	N	N	N	N	1.0807	0.4695	217.4196	0.2570	0.2240	1.6358	1.0388	0.3741	218.0207	4.3738	3.1504	12.8980	0.0013	0.0011	0.0068	5.7682	4.3103	13.5918	4.0473	6.7095	0.0593	0.0050	0.0051	0.0042	5.5528	11.5227	0.0623	0.5876	0.0059	-0.0173	-0.5292	6.4588	5.9223	12.7561	3.6882	1.5833	0.9973	0.5860	0.0001	0.0001	0.0000	1.5832	0.9972	0.5860	0.9854	0.9796	0.0058	0.0003	0.0003	0.0000	0.9850	0.9793	0.0058	0.3620	0.3166	0.0454	0.0875	0.0852	0.0023	0.2745	0.2314	0.0431	0.2435	0.1460	0.0975	0.0661	0.0610	0.0051	0.1774	0.0850	0.0924	1.0807	0.4695	217.4196	0.2570	0.2240	1.6358	1.0388	0.3741	218.0207	4.0473	6.7095	0.0593	0.0050	0.0051	0.0042	5.5528	11.5227	0.0623
34	84	0.1353	8	0	2	0	1	0	0	0	0	N	Y	N	N	N	N	N	N	N	N	N	N	2.8675	2714.8615	0.0309	3.2635	4.2519	0.0034	2.7555	8013.5298	0.0317	2.5865	2.9274	0.0723	0.0087	0.0091	0.0000	3.2697	3.7940	0.0774	0.9020	0.0011	2.3370	0.0027	0.0021	0.0099	1.1866	0.0005	2.4435	0.0033	1360.6856	-0.3784	0.3560	6.4588	7.1084	12.7561	28.8937	1.0018	0.9984	0.0033	0.0007	0.0007	0.0000	1.0011	0.9977	0.0033	0.7802	0.0006	0.7797	0.0006	0.0004	0.0001	0.7797	0.0002	0.7795	0.3873	0.3411	0.0462	0.0811	0.0781	0.0031	0.3062	0.2630	0.0432	0.8650	0.5314	0.3336	0.2079	0.1933	0.0146	0.6571	0.3381	0.3190	2.8675	2714.8615	0.0309	3.2635	4.2519	0.0034	2.7555	8013.5298	0.0317	0.9020	0.0011	2.3370	0.0027	0.0021	0.0099	1.1866	0.0005	2.4435
34	85	0.1278	7	0	2	0	1	0	0	0	0	N	Y	N	N	N	N	N	N	N	N	N	N	7.4312	1.8937	28.9215	2.1005	2.2673	0.1371	10.4779	2.6861	34.3370	0.1857	0.0241	1.5049	0.0522	0.0544	0.0068	0.2627	0.0047	1.7900	0.0250	0.0127	0.0520	0.0248	0.0240	0.0494	0.0251	0.0017	0.0521	7.6432	1.8512	0.0176	0.0007	6.4588	2.2208	12.7561	3.9129	0.0349	0.0040	0.0309	0.0036	0.0036	0.0000	0.0313	0.0005	0.0308	0.0069	0.0024	0.0045	0.0024	0.0022	0.0002	0.0045	0.0002	0.0043	0.1880	0.1675	0.0205	0.0688	0.0655	0.0033	0.1192	0.1020	0.0172	0.2750	0.1893	0.0857	0.0966	0.0935	0.0031	0.1784	0.0958	0.0826	7.4312	1.8937	28.9215	2.1005	2.2673	0.1371	10.4779	2.6861	34.3370	0.0250	0.0127	0.0520	0.0248	0.0240	0.0494	0.0251	0.0017	0.0521
34	86	0.2033	9	0	1	1	1	0	0	0	0	N	N	N	N	N	N	N	N	N	N	N	N	217.7346	169.5623	10.1176	144.9511	169.3068	0.3227	241.2683	138.7559	23.6987	2.5475	2.8670	0.0375	1.7432	1.7952	0.0077	2.7826	3.2195	0.0394	0.0117	0.0169	0.0037	0.0120	0.0106	0.0238	0.0115	0.0232	0.0017	0.0017	0.1431	-0.3092	-0.0016	6.4588	5.3425	12.7561	7.0749	0.8151	0.8137	0.0014	0.1261	0.1261	0.0000	0.6890	0.6876	0.0013	0.0038	0.0033	0.0005	0.0013	0.0010	0.0003	0.0025	0.0023	0.0002	0.3200	0.2838	0.0361	0.0724	0.0702	0.0021	0.2476	0.2136	0.0340	0.3228	0.1954	0.1274	0.1094	0.0976	0.0118	0.2134	0.0978	0.1156	217.7346	169.5623	10.1176	144.9511	169.3068	0.3227	241.2683	138.7559	23.6987	0.0117	0.0169	0.0037	0.0120	0.0106	0.0238	0.0115	0.0232	0.0017
34	87	0.1601	8	0	1	0	1	0	0	0	0	N	N	N	N	N	N	N	N	N	N	N	N	3.7798	1.3256	327.2623	40.8043	52.4284	0.6803	1.8732	0.0305	1636.4602	4.0808	2.1585	19.8148	6.7880	7.0070	0.4686	3.0551	0.1001	21.6015	1.0796	1.6283	0.0605	0.1664	0.1336	0.6888	1.6309	3.2781	0.0132	1.1216	0.0200	0.2807	-0.3966	6.4588	7.0719	12.7561	13.7350	1.9024	0.8967	1.0057	0.8695	0.8675	0.0020	1.0328	0.0292	1.0037	0.7579	0.7430	0.0149	0.0440	0.0320	0.0120	0.7139	0.7110	0.0029	0.4662	0.4154	0.0508	0.1281	0.1238	0.0043	0.3381	0.2916	0.0465	0.7020	0.4563	0.2457	0.2642	0.2394	0.0248	0.4377	0.2169	0.2208	3.7798	1.3256	327.2623	40.8043	52.4284	0.9727	1.8732	0.0305	1636.4602	1.0796	1.6283	0.0605	0.1664	0.1336	0.4818	1.6309	3.2781	0.0132
34	88	0.2033	16	1	1	1	1	0	0	0	0	N	N	N	N	N	N	N	N	N	N	N	N	0.0000	0.0000	0.0000	0.0000	0.0000	0.0000	0.0000	0.0000	0.0000	0.0000	0.0000	0.0000	0.0000	0.0000	0.0000	0.0000	0.0000	0.0000	0.0000	0.0000	6.4588	0.0000	12.7561	0.0000	0.0000	0.0000	0.0000	0.0000	0.0000	0.0000	0.0000	0.0000	0.0000	0.0000	0.0000	0.0000	0.0000	0.0000	0.0000	0.0000	0.0000	0.0000	0.0000	0.0000	0.0000	0.0000	0.0000	0.0000	0.0000	0.0000	0.0000	0.0000	0.0000	0.0000	0.0000	0.0000	0.0000	0.0000	0.0000	0.0000	0.0000	0.0000	0.0000	0.0000	0.0000	0.0000	0.0000	0.0000	0.0000	0.0000	0.0000	0.0000	0.0000	0.0000	0.0000	0.0000	0.0000	0.0000											
34	89	0.2014	15	1	1	1	1	0	0	0	0	N	N	N	N	N	N	N	N	N	N	N	N	0.0000	0.0000	0.0000	0.0000	0.0000	0.0000	0.0000	0.0000	0.0000	0.0000	0.0000	0.0000	0.0000	0.0000	0.0000	0.0000	0.0000	0.0000	0.0000	0.0000	0.0000	0.0000	0.0000	0.0008	0.0000	0.0000	0.0000	10.3626	0.0000	0.0000	6.4588	0.0001	12.7561	0.9161	0.0000	0.0000	0.0000	0.0000	0.0000	0.0000	0.0000	0.0000	0.0000	0.0000	0.0000	0.0000	0.0000	0.0000	0.0000	0.0000	0.0000	0.0000	0.0000	0.0000	0.0000	0.0000	0.0000	0.0000	0.0000	0.0000	0.0000	0.0373	0.0252	0.0121	0.0146	0.0139	0.0006	0.0227	0.0112	0.0115	0.0000	0.0000	0.0000	0.0000	0.0000	0.0000	0.0000	0.0000	0.0000	0.0000	0.0000	0.0000	0.0000	0.0000	0.0008	0.0000	0.0000	0.0000	
34	90	0.1766	14	1	1	1	1	0	0	0	0	N	N	N	N	N	N	N	N	N	N	N	N	1.5637	1.1910	0.0000	0.9434	0.9386	0.0000	14.6656	6350.4154	0.0000	0.0016	0.0018	0.0000	0.0029	0.0030	0.0000	0.0012	0.0013	0.0000	0.0010	0.0015	0.0002	0.0031	0.0032	0.0010	0.0001	0.0000	0.0002	0.0000	0.0841	-0.0001	-0.0001	6.4588	3.7876	12.7561	7.8440	0.0004	0.0004	0.0000	0.0002	0.0002	0.0000	0.0002	0.0002	0.0000	0.0003	0.0003	0.0000	0.0003	0.0003	0.0000	0.0000	0.0000	0.0000	0.2197	0.1940	0.0257	0.0561	0.0531	0.0029	0.1636	0.1408	0.0227	0.2756	0.1710	0.1046	0.0871	0.0799	0.0072	0.1885	0.0911	0.0974	1.5637	1.1910	0.0000	0.9434	0.9386	0.0000	14.6656	6350.4154	0.0000	0.0010	0.0015	0.0002	0.0031	0.0032	0.0010	0.0001	0.0000	0.0002
34	91	0.0874	4	0	2	0	2	0	0	0	0	N	Y	N	Y	N	N	N	N	N	N	N	N	0.0029	0.0019	33.0065	0.0024	0.0026	0.0000	0.0040	0.0000	88.2801	0.0044	0.0049	0.0006	0.0187	0.0190	0.0000	0.0001	0.0000	0.0006	1.5186	2.6034	0.0000	7.7418	7.2173	0.0003	0.0214	0.0445	0.0000	0.0150	0.0000	-0.0002	-0.3766	6.4588	1.8247	12.7561	16.3284	0.0006	0.0006	0.0000	0.0006	0.0006	0.0000	0.0000	0.0000	0.0000	0.6936	0.6936	0.0000	0.6861	0.6861	0.0000	0.0075	0.0075	0.0000	0.1270	0.1124	0.0146	0.0296	0.0291	0.0005	0.0974	0.0833	0.0141	0.4567	0.2664	0.1903	0.1060	0.0979	0.0081	0.3507	0.1686	0.1822	0.0029	0.0019	33.0065	0.0029	0.0027	0.0000	0.0040	0.0000	88.2801	1.5186	2.6034	0.0000	6.4730	7.0110	0.0003	0.0214	0.0445	0.0000
34	92	0.0979	5	0	2	0	1	0	0	0	0	N	Y	N	N	N	N	N	N	N	N	N	N	17.1938	0.2416	224.0788	0.4555	0.4312	0.0000	61.1716	0.0000	223.3649	0.0025	0.0000	0.0206	0.0002	0.0002	0.0000	0.0030	0.0000	0.0214	0.0001	0.0002	0.0001	0.0005	0.0005	0.0000	0.0000	0.0000	0.0001	62.8721	0.3503	0.0008	-0.0000	6.4588	9.1310	12.7561	16.1726	0.0013	0.0000	0.0013	0.0000	0.0000	0.0000	0.0013	0.0000	0.0013	0.0001	0.0001	0.0000	0.0001	0.0001	0.0000	0.0000	0.0000	0.0000	0.5036	0.4426	0.0610	0.0878	0.0855	0.0023	0.4158	0.3571	0.0587	0.5506	0.3216	0.2290	0.1199	0.1105	0.0094	0.4307	0.2111	0.2196	17.1938	0.2416	224.0788	0.4555	0.4312	0.0000	61.1716	0.0000	223.3649	0.0001	0.0002	0.0001	0.0005	0.0005	0.0000	0.0000	0.0000	0.0001
34	93	0.0781	5	0	2	0	1	0	0	0	0	N	Y	N	N	N	N	N	N	N	N	N	N	21.6013	14.5330	347.4190	0.3140	0.3006	13.2374	99575.0582	9400631.6434	494.4588	4.2696	4.8775	0.0430	0.2108	0.2151	0.0117	4.9405	5.7578	0.0438	0.1977	0.3356	0.0001	0.6713	0.7154	0.0009	0.0000	0.0000	0.0001	0.0013	0.0003	-0.3816	-0.0493	6.4588	4.0959	12.7561	8.7137	1.0047	1.0034	0.0013	0.0070	0.0070	0.0000	0.9976	0.9964	0.0013	0.0909	0.0908	0.0000	0.0908	0.0908	0.0000	0.0000	0.0000	0.0000	0.2353	0.2057	0.0296	0.0334	0.0327	0.0007	0.2019	0.1730	0.0289	0.4596	0.2706	0.1890	0.1353	0.1270	0.0084	0.3243	0.1437	0.1807	21.6013	14.5330	347.4190	0.3140	0.3006	13.2374	99575.0582	9400631.6434	494.4588	0.1977	0.3356	0.0001	0.6713	0.7154	0.0009	0.0000	0.0000	0.0001
34	94	0.0598	4	0	2	0	1	0	0	0	0	N	Y	N	N	N	N	N	N	N	N	N	N	20.7188	17.0930	58.0419	43.8456	43.6516	1.1724	15.3493	7.3461	58.4588	9.3414	5.2416	36.9389	32.6204	33.1811	0.0194	5.5735	0.0264	37.6238	0.4509	0.3067	0.6364	0.7440	0.7601	0.0166	0.3631	0.0036	0.6436	1.0469	1.6130	0.2104	0.0100	6.4588	2.9443	12.7561	6.1524	1.6140	0.7885	0.8255	0.7851	0.7851	0.0000	0.8288	0.0033	0.8255	0.1341	0.0513	0.0828	0.0510	0.0510	0.0000	0.0831	0.0004	0.0828	0.1728	0.1504	0.0223	0.0241	0.0237	0.0004	0.1487	0.1268	0.0219	0.2975	0.1674	0.1301	0.0686	0.0671	0.0015	0.2290	0.1003	0.1286	20.7188	17.0930	58.0419	43.8456	43.6516	1.1724	15.3493	7.3461	58.4588	0.4509	0.3067	0.6364	0.7440	0.7601	0.0166	0.3631	0.0036	0.6436
34	95	0.0574	3	0	1	0	1	0	0	0	0	N	N	N	N	N	N	N	N	N	N	N	N	16.3663	15.3295	0.4299	0.9805	0.9918	0.0044	37.6458	115291.1610	0.4352	14.5102	16.9263	0.2613	1.5138	1.5366	0.0002	16.7545	20.0710	0.2652	0.8866	1.1042	0.6077	1.5440	1.5492	0.0538	0.4451	0.0002	0.6095	0.0026	0.4293	-0.2882	-0.0434	6.4588	0.8596	12.7561	1.2300	0.7614	0.7595	0.0020	0.0117	0.0117	0.0000	0.7497	0.7478	0.0020	0.1789	0.1252	0.0537	0.1252	0.1252	0.0000	0.0537	0.0000	0.0537	0.0525	0.0449	0.0076	0.0077	0.0076	0.0001	0.0447	0.0373	0.0075	0.2018	0.1134	0.0884	0.0811	0.0808	0.0003	0.1207	0.0326	0.0881	16.3663	15.3295	0.4299	0.9805	0.9918	0.0044	37.6458	115291.1610	0.4352	0.8866	1.1042	0.6077	1.5440	1.5492	0.0538	0.4451	0.0002	0.6095
34	96	0.0455	2	0	1	0	1	0	0	0	0	N	N	N	N	N	N	N	N	N	N	N	N	0.7290	0.7592	0.9446	0.7853	0.7869	0.2524	0.6867	5645.8276	0.9476	1.0227	0.5515	2.0601	0.7552	0.7591	0.0250	1.1688	0.3347	2.0724	1.4029	0.7265	2.1808	0.9617	0.9647	0.0993	1.7022	0.0001	2.1870	1.6966	2.6101	0.1395	0.1574	6.4588	3.7737	12.7561	2.5241	0.5623	0.2085	0.3538	0.1467	0.1466	0.0000	0.4157	0.0619	0.3538	0.8742	0.2421	0.6320	0.2422	0.2421	0.0001	0.6319	0.0000	0.6319	0.5498	0.3781	0.1717	0.1942	0.1932	0.0010	0.3556	0.1849	0.1707	0.6231	0.3333	0.2898	0.2519	0.2510	0.0009	0.3712	0.0823	0.2889	0.7290	0.7592	0.9446	0.7853	0.7869	0.2524	0.6867	5645.8276	0.9476	1.4029	0.7265	2.1808	0.9617	0.9647	0.0993	1.7022	0.0001	2.1870
34	98	0.1766	14	0	2	0	1	0	0	0	0	N	Y	N	N	N	N	N	N	N	N	N	N	3.2572	2.4145	0.0000	1.4670	1.4632	0.0000	47.6866	inf	0.0000	0.0039	0.0044	0.0000	0.0053	0.0057	0.0000	0.0031	0.0036	0.0000	0.0012	0.0018	0.0002	0.0036	0.0039	0.0010	0.0001	0.0000	0.0001	0.0000	0.0629	-0.0001	-0.0002	6.4588	1.3608	12.7561	12.1483	0.0004	0.0004	0.0000	0.0002	0.0002	0.0000	0.0002	0.0002	0.0000	0.0004	0.0003	0.0000	0.0004	0.0003	0.0000	0.0000	0.0000	0.0000	0.0909	0.0806	0.0103	0.0303	0.0285	0.0019	0.0605	0.0521	0.0084	0.3130	0.1936	0.1194	0.0980	0.0897	0.0082	0.2150	0.1039	0.1111	3.2572	2.4145	0.0000	1.4670	1.4632	0.0000	47.6866	inf	0.0000	0.0012	0.0018	0.0002	0.0036	0.0039	0.0010	0.0001	0.0000	0.0001
34	99	0.1729	13	0	1	0	1	0	0	0	0	N	N	N	N	N	N	N	N	N	N	N	N	241.3269	186.2904	174.7744	85.0221	92.7246	20.8861	24381.3081	1905121.1909	496.1703	0.0921	0.1087	0.0047	0.0945	0.1083	0.0067	0.0903	0.1091	0.0035	0.0004	0.0006	0.0000	0.0011	0.0012	0.0003	0.0000	0.0000	0.0000	0.0082	0.0263	-0.0054	-0.0000	6.4588	1.5300	12.7561	0.7696	0.0145	0.0144	0.0001	0.0064	0.0064	0.0001	0.0081	0.0081	0.0001	0.0000	0.0000	0.0000	0.0000	0.0000	0.0000	0.0000	0.0000	0.0000	0.1579	0.1327	0.0252	0.0680	0.0587	0.0092	0.0899	0.0739	0.0159	0.0657	0.0419	0.0238	0.0224	0.0209	0.0015	0.0433	0.0210	0.0223	241.3269	186.2904	174.7744	85.0221	92.7246	20.8861	24381.3081	1905121.1909	496.1703	0.0004	0.0006	0.0000	0.0011	0.0012	0.0003	0.0000	0.0000	0.0000
34	100	0.1641	12	0	1	0	1	0	0	0	0	N	N	N	N	N	N	N	N	N	N	N	N	18363.5355	13529.0164	7582.9282	22843.7426	22148.2725	1025.9398	8142.4678	1878666.4218	9782.0935	4.6653	5.4179	0.1913	18.8194	20.0151	0.0822	0.0875	0.0635	0.2037	0.0003	0.0004	0.0000	0.0008	0.0009	0.0001	0.0000	0.0000	0.0000	0.0059	0.0403	-0.3848	-0.0000	6.4588	3.6906	12.7561	1.4800	1.0256	1.0195	0.0061	1.0111	1.0108	0.0003	0.0145	0.0087	0.0058	0.0000	0.0000	0.0000	0.0000	0.0000	0.0000	0.0000	0.0000	0.0000	0.2198	0.1882	0.0317	0.0537	0.0505	0.0032	0.1661	0.1377	0.0284	0.1246	0.0760	0.0486	0.0373	0.0337	0.0036	0.0873	0.0423	0.0450	18363.5355	13529.0164	7582.9282	22843.7426	22148.2725	1025.9398	8142.4678	1878666.4218	9782.0935	0.0003	0.0004	0.0000	0.0008	0.0009	0.0001	0.0000	0.0000	0.0000
34	101	0.1641	11	0	1	0	1	0	0	0	0	N	N	N	N	N	N	N	N	N	N	N	N	184.6885	111.2694	585.4452	127.2251	129.6453	56.1672	252.3814	38.0335	667.5795	0.5807	0.4477	0.9125	0.5369	0.6031	0.0011	0.6323	0.1266	1.1515	0.0031	0.0040	0.0016	0.0042	0.0047	0.0000	0.0025	0.0033	0.0017	0.8174	0.2147	0.0013	-0.0000	6.4588	0.1361	12.7561	0.4500	0.0194	0.0107	0.0087	0.0097	0.0097	0.0000	0.0097	0.0010	0.0087	0.0001	0.0001	0.0000	0.0000	0.0000	0.0000	0.0000	0.0000	0.0000	0.0334	0.0238	0.0095	0.0180	0.0160	0.0020	0.0153	0.0078	0.0076	0.0197	0.0126	0.0070	0.0073	0.0066	0.0007	0.0123	0.0060	0.0063	184.6885	111.2694	585.4452	127.2251	129.6453	56.1672	252.3814	38.0335	667.5795	0.0031	0.0040	0.0016	0.0042	0.0047	0.0000	0.0025	0.0033	0.0017
34	102	0.1482	10	0	1	0	1	0	0	0	0	N	N	N	N	N	N	N	N	N	N	N	N	1.2056	0.5306	29.5917	0.7226	0.6858	0.0619	10.5918	24.8251	30.3125	0.0923	0.0643	0.2823	0.1907	0.1952	0.0003	0.0556	0.0069	0.2967	0.0766	0.1211	0.0095	0.2640	0.2847	0.0049	0.0053	0.0003	0.0098	0.6490	0.0523	0.0003	-0.0079	6.4588	3.5591	12.7561	4.5341	0.0223	0.0135	0.0088	0.0125	0.0125	0.0000	0.0098	0.0010	0.0088	0.0161	0.0153	0.0008	0.0153	0.0153	0.0000	0.0008	0.0000	0.0008	0.2420	0.2108	0.0312	0.0657	0.0642	0.0015	0.1762	0.1466	0.0296	0.2102	0.1263	0.0839	0.0580	0.0537	0.0043	0.1523	0.0726	0.0796	1.2056	0.5306	29.5917	0.7226	0.6858	0.0619	10.5918	24.8251	30.3125	0.0766	0.1211	0.0095	0.2640	0.2847	0.0049	0.0053	0.0003	0.0098
34	103	0.1265	9	0	1	0	1	0	0	0	0	N	N	N	N	N	N	N	N	N	N	N	N	1.0428	0.2692	4.7735	1.0178	1.0014	0.5550	0.9636	0.1375	4.7460	0.2031	0.0284	1.4973	0.0533	0.0539	0.0155	0.2421	0.0208	1.5439	0.1947	0.1056	0.3137	0.0523	0.0539	0.0280	0.2513	0.1511	0.3253	7.1089	2.2271	0.0186	0.0094	6.4588	2.8937	12.7561	8.0733	0.0376	0.0046	0.0330	0.0020	0.0020	0.0000	0.0356	0.0026	0.0330	0.0640	0.0198	0.0442	0.0049	0.0047	0.0002	0.0591	0.0151	0.0440	0.1853	0.1632	0.0220	0.0383	0.0376	0.0007	0.1469	0.1256	0.0214	0.3287	0.1879	0.1408	0.0934	0.0879	0.0055	0.2353	0.1000	0.1353	1.0428	0.2692	4.7735	1.0178	1.0014	0.5550	0.9636	0.1375	4.7460	0.1947	0.1056	0.3137	0.0523	0.0539	0.0280	0.2513	0.1511	0.3253
34	104	0.1213	5	0	2	0	1	0	0	0	0	N	Y	N	N	N	N	N	N	N	N	N	N	4.9366	1.5425	12.1142	0.0002	0.0003	0.0000	6.1651	3.2492	13.4068	0.1993	0.0228	1.4143	0.0000	0.0000	0.0000	0.3016	0.0369	1.4718	0.0404	0.0148	0.1167	0.0272	0.0182	0.1995	0.0489	0.0114	0.1098	9.0107	2.6464	0.0003	0.0005	6.4588	0.0277	12.7561	1.3445	0.0005	0.0000	0.0004	0.0000	0.0000	0.0000	0.0005	0.0000	0.0004	0.0028	0.0008	0.0021	0.0008	0.0005	0.0003	0.0021	0.0003	0.0018	0.0025	0.0022	0.0003	0.0009	0.0008	0.0000	0.0017	0.0014	0.0003	0.0703	0.0527	0.0177	0.0277	0.0263	0.0014	0.0427	0.0264	0.0163	4.9366	1.5425	12.1142	0.0002	0.0003	0.0000	6.1651	3.2492	13.4068	0.0404	0.0148	0.1167	0.0272	0.0182	0.1995	0.0489	0.0114	0.1098
34	105	0.0746	4	0	2	0	1	0	0	0	0	N	Y	N	N	N	N	N	N	N	N	N	N	0.6286	0.1037	3.0136	1.4709	1.5133	0.0000	0.6391	0.0863	3.1013	3.7734	0.3590	28.7362	0.1181	0.1216	0.0000	4.7095	0.4279	30.2072	6.0031	3.4619	9.5354	0.0803	0.0804	0.0792	7.3690	4.9598	9.7401	10.9502	1.9816	0.5833	0.3640	6.4588	5.1414	12.7561	16.4151	1.0898	0.0912	0.9986	0.0070	0.0070	0.0000	1.0828	0.0842	0.9986	2.9924	1.0036	1.9888	0.0075	0.0072	0.0003	2.9849	0.9965	1.9884	0.2888	0.2541	0.0348	0.0589	0.0572	0.0017	0.2299	0.1969	0.0331	0.4985	0.2899	0.2086	0.0934	0.0890	0.0044	0.4051	0.2009	0.2041	0.6286	0.1037	3.0136	1.4709	1.5133	0.0000	0.6391	0.0863	3.1013	6.0031	3.4619	9.5354	0.0803	0.0804	0.0792	7.3690	4.9598	9.7401
34	106	0.0664	3	0	1	0	1	0	0	0	0	N	N	N	N	N	N	N	N	N	N	N	N	16.9613	32.9663	0.1129	0.7134	0.8128	0.0016	18.4376	44.1339	0.1192	4.0478	4.6199	0.0436	0.1221	0.1253	0.0016	4.8680	5.6903	0.0452	0.2386	0.1401	0.3862	0.1712	0.1542	0.9872	0.2640	0.1289	0.3789	0.0013	1.8397	-0.3396	0.0050	6.4588	3.8974	12.7561	1.6364	0.8944	0.8932	0.0012	0.0047	0.0047	0.0000	0.8897	0.8885	0.0012	0.0477	0.0168	0.0309	0.0093	0.0082	0.0012	0.0383	0.0086	0.0297	0.2210	0.1933	0.0276	0.0382	0.0372	0.0010	0.1828	0.1561	0.0266	0.1998	0.1198	0.0800	0.0546	0.0531	0.0015	0.1452	0.0667	0.0785	16.9613	32.9663	0.1129	0.7134	0.8128	0.0020	18.4376	44.1339	0.1192	0.2386	0.1401	0.3862	0.1712	0.1542	0.7670	0.2640	0.1289	0.3789
34	109	0.1568	10	1	2	0	2	0	0	0	0	N	Y	N	Y	N	N	N	N	N	N	N	N	0.0000	0.0000	0.0000	0.0000	0.0000	0.0000	0.0000	0.0000	0.0000	0.0000	0.0000	0.0000	0.0000	0.0000	0.0000	0.0000	0.0000	0.0000	0.0000	0.0000	6.4588	0.0000	12.7561	0.0000	0.0000	0.0000	0.0000	0.0000	0.0000	0.0000	0.0000	0.0000	0.0000	0.0000	0.0000	0.0000	0.0000	0.0000	0.0000	0.0000	0.0000	0.0000	0.0000	0.0000	0.0000	0.0000	0.0000	0.0000	0.0000	0.0000	0.0000	0.0000	0.0000	0.0000	0.0000	0.0000	0.0000	0.0000	0.0000	0.0000	0.0000	0.0000	0.0000	0.0000	0.0000	0.0000	0.0000	0.0000	0.0000	0.0000	0.0000	0.0000	0.0000	0.0000	0.0000	0.0000	0.0000	0.0000											
34	110	0.1419	9	1	2	0	2	0	0	0	0	N	Y	N	Y	N	N	N	N	N	N	N	N	0.0000	0.0000	0.0000	0.0000	0.0000	0.0000	0.0000	0.0000	0.0000	0.0000	0.0000	0.0000	0.0000	0.0000	0.0000	0.0003	0.0000	0.0008	0.0011	0.0000	0.0118	0.0000	0.0000	0.0000	inf	0.0000	0.0000	6.4588	0.0000	12.7561	7.1240	0.0000	0.0000	0.0000	0.0000	0.0000	0.0000	0.0000	0.0000	0.0000	0.0001	0.0000	0.0001	0.0001	0.0000	0.0001	0.0000	0.0000	0.0000	0.0000	0.0000	0.0000	0.0000	0.0000	0.0000	0.0000	0.0000	0.0000	0.1904	0.1113	0.0792	0.0550	0.0499	0.0051	0.1355	0.0614	0.0741	0.0000	0.0000	0.0000	0.0000	0.0000	0.0000	0.0000	0.0000	0.0000	0.0003	0.0000	0.0008	0.0011	0.0000	0.0118	0.0000	0.0000	0.0000				
34	111	0.1508	11	0	2	0	2	0	0	0	0	N	Y	N	Y	N	N	N	N	N	N	N	N	0.0000	0.0000	0.0000	0.0000	0.0000	0.0000	0.0000	0.0000	0.0000	0.0000	0.0000	0.0000	0.0000	0.0000	0.0000	0.0000	0.0000	0.0000	0.0000	0.0000	0.0000	0.0000	0.0000	0.0000	1919.3333	0.0000	0.0000	6.4588	0.0016	12.7561	5.0076	0.0000	0.0000	0.0000	0.0000	0.0000	0.0000	0.0000	0.0000	0.0000	0.0000	0.0000	0.0000	0.0000	0.0000	0.0000	0.0000	0.0000	0.0000	0.0003	0.0002	0.0000	0.0001	0.0001	0.0000	0.0002	0.0001	0.0000	0.1311	0.0773	0.0538	0.0414	0.0363	0.0051	0.0896	0.0409	0.0487	0.0000	0.0000	0.0000	0.0000	0.0000	0.0000	0.0000	0.0000	0.0000	0.0000	0.0000	0.0000	0.0000	0.0000	0.0000	0.0000	0.0000	0.0000				
34	112	0.1440	10	0	2	0	2	0	0	0	0	N	Y	N	Y	N	N	N	N	N	N	N	N	0.0000	0.0000	0.0000	0.0000	0.0000	0.0000	0.0000	0.0000	0.0000	0.0000	0.0000	0.0000	0.0000	0.0000	0.0000	0.0000	0.0001	0.0001	0.0000	0.0000	0.0000	0.0000	0.0000	0.0000	-0.0000	6.4588	1.0012	12.7561	2.1373	0.0000	0.0000	0.0000	0.0000	0.0000	0.0000	0.0000	0.0000	0.0000	0.0000	0.0000	0.0000	0.0000	0.0000	0.0000	0.0000	0.0000	0.0000	0.0534	0.0468	0.0065	0.0092	0.0089	0.0003	0.0441	0.0379	0.0062	0.0915	0.0538	0.0376	0.0292	0.0264	0.0028	0.0623	0.0275	0.0348	0.0000	0.0000	0.0000	0.0000	0.0000	0.0000	0.0000	0.0000	0.0000	0.0000	0.0000	0.0000	0.0001	0.0001	0.0000	0.0000	0.0000	0.0000						
34	113	0.1523	10	0	2	0	1	0	0	0	0	N	Y	N	N	N	N	N	N	N	N	N	N	0.0000	0.0000	0.0000	0.0000	0.0000	0.0000	0.0000	0.0000	0.0000	0.0000	0.0000	0.0000	0.0000	0.0000	0.0000	0.0000	0.0000	0.0022	0.0037	0.0000	0.0075	0.0082	0.0000	0.0000	0.0000	0.0000	0.0066	0.0000	-0.0002	6.4588	0.9705	12.7561	5.0371	0.0000	0.0000	0.0000	0.0000	0.0000	0.0000	0.0000	0.0000	0.0000	0.0004	0.0003	0.0000	0.0003	0.0003	0.0000	0.0000	0.0000	0.0000	0.0595	0.0526	0.0069	0.0138	0.0134	0.0004	0.0457	0.0392	0.0065	0.1592	0.0942	0.0650	0.0467	0.0423	0.0044	0.1125	0.0519	0.0606	0.0000	0.0000	0.0000	0.0000	0.0000	0.0000	0.0000	0.0000	0.0000	0.0022	0.0037	0.0000	0.0075	0.0082	0.0000	0.0000	0.0000	0.0000		
34	114	0.1440	10	0	1	1	2	0	0	0	0	N	N	N	Y	N	N	N	N	N	N	N	N	0.0000	0.0000	0.0000	0.0000	0.0000	0.0000	0.0000	0.0000	0.0000	0.0000	0.0000	0.0000	0.0000	0.0000	0.0000	0.0000	0.0000	0.0000	0.0000	0.0000	6.4588	0.0000	12.7561	1.1303	0.0000	0.0000	0.0000	0.0000	0.0000	0.0000	0.0000	0.0000	0.0000	0.0000	0.0000	0.0000	0.0000	0.0000	0.0000	0.0000	0.0000	0.0000	0.0000	0.0000	0.0000	0.0000	0.0000	0.0000	0.0000	0.0000	0.0000	0.0396	0.0235	0.0160	0.0138	0.0128	0.0010	0.0258	0.0108	0.0150	0.0000	0.0000	0.0000	0.0000	0.0000	0.0000	0.0000	0.0000	0.0000	0.0000	0.0000	0.0000	0.0000	0.0000	0.0000	0.0000	0.0000	0.0000											
34	115	0.1419	9	0	1	0	2	0	0	0	0	N	N	N	Y	N	N	N	N	N	N	N	N	0.0000	0.0000	0.0000	0.0000	0.0000	0.0000	0.0000	0.0000	0.0000	0.0000	0.0000	0.0000	0.0000	0.0000	0.0000	0.0082	0.0138	0.0000	0.0246	0.0263	0.0000	0.0000	0.0000	0.0000	0.0000	0.0000	-0.0002	6.4588	0.0000	12.7561	1.2340	0.0000	0.0000	0.0000	0.0000	0.0000	0.0000	0.0000	0.0000	0.0000	0.0004	0.0004	0.0000	0.0004	0.0004	0.0000	0.0000	0.0000	0.0000	0.0000	0.0000	0.0000	0.0000	0.0000	0.0000	0.0000	0.0000	0.0000	0.0427	0.0254	0.0173	0.0142	0.0133	0.0009	0.0285	0.0121	0.0164	0.0000	0.0000	0.0000	0.0000	0.0000	0.0000	0.0000	0.0000	0.0000	0.0082	0.0138	0.0000	0.0246	0.0263	0.0000	0.0000	0.0000	0.0000				
34	116	0.1494	10	0	1	1	2	0	0	0	0	N	N	N	Y	N	N	N	N	N	N	N	N	6455.7162	1.3167	inf	0.5671	0.0001	inf	11187524.1611	1826.5208	inf	17.2066	0.0058	146.9290	0.0049	0.0000	0.1990	21.8508	0.0076	153.7724	0.0027	0.0044	0.0000	0.0086	0.0095	0.0000	0.0000	0.0000	0.0000	3348.0686	0.0000	0.6006	-0.0001	6.4588	0.9725	12.7561	0.9874	0.9709	0.0003	0.9706	0.0001	0.0000	0.0001	0.9708	0.0003	0.9706	0.0001	0.0001	0.0000	0.0001	0.0001	0.0000	0.0000	0.0000	0.0000	0.0564	0.0498	0.0066	0.0120	0.0117	0.0003	0.0444	0.0381	0.0063	0.0537	0.0324	0.0213	0.0166	0.0150	0.0016	0.0371	0.0174	0.0197	6455.7162	1.3167	inf	0.5671	0.0001	inf	11187524.1611	1826.5208	inf	0.0027	0.0044	0.0000	0.0086	0.0095	0.0000	0.0000	0.0000	0.0000
34	117	0.1494	10	0	1	1	2	0	0	0	0	N	N	N	Y	N	N	N	N	N	N	N	N	111.8286	73.3628	0.0000	2978.0381	2692.3058	0.0000	1.3994	0.7671	0.0000	5.3940	5.9355	0.0000	12.9730	13.0484	0.0000	0.0940	0.1107	0.0000	0.0482	0.0809	0.0001	0.0044	0.0048	0.0000	0.0672	0.1443	0.0001	0.0000	0.0006	-0.0108	-0.0028	6.4588	0.0285	12.7561	4.0215	0.0283	0.0283	0.0000	0.0280	0.0280	0.0000	0.0003	0.0003	0.0000	0.0051	0.0051	0.0000	0.0001	0.0001	0.0000	0.0050	0.0050	0.0000	0.0052	0.0048	0.0005	0.0022	0.0021	0.0000	0.0031	0.0026	0.0005	0.1065	0.0635	0.0430	0.0321	0.0289	0.0032	0.0744	0.0346	0.0398	111.8286	73.3628	0.0000	2978.0381	2692.3058	0.0000	1.3994	0.7671	0.0000	0.0482	0.0809	0.0001	0.0044	0.0048	0.0000	0.0672	0.1443	0.0001
34	118	0.1419	9	0	1	1	2	0	0	0	0	N	N	N	Y	N	N	N	N	N	N	N	N	98424.0533	63893.2225	8088566.5142	18.8744	17.1970	595.8670	130749.2059	66648.4502	inf	6.4358	7.1323	1.4336	0.0015	0.0015	0.0016	7.7774	8.8095	1.4997	0.0001	0.0001	0.0000	0.0001	0.0001	0.0000	0.0001	0.0001	0.0000	0.0280	0.0011	-0.3635	-0.0000	6.4588	3.0275	12.7561	2.1573	1.0274	0.9994	0.0280	0.0000	0.0000	0.0000	1.0273	0.9993	0.0280	0.0000	0.0000	0.0000	0.0000	0.0000	0.0000	0.0000	0.0000	0.0000	0.1596	0.1401	0.0195	0.0275	0.0267	0.0009	0.1321	0.1134	0.0186	0.1428	0.0835	0.0592	0.0419	0.0381	0.0037	0.1009	0.0454	0.0555	98424.0533	63893.2225	8088566.5142	18.8744	17.1970	595.8670	130749.2059	66648.4502	inf	0.0001	0.0001	0.0000	0.0001	0.0001	0.0000	0.0001	0.0001	0.0000
34	119	0.1831	9	1	2	0	1	0	0	0	0	N	Y	N	N	N	N	N	N	N	N	N	N	0.0001	1305.2647	0.0002	0.3201	874.0094	0.0000	0.0001	inf	0.0002	0.0004	0.0003	0.0021	0.0003	0.0003	0.0000	0.0005	0.0002	0.0022	4.7350	0.0000	12.1912	0.0010	0.0000	0.0159	7.1250	0.0000	12.8921	0.9629	40031741.8587	0.0000	0.3293	6.4588	2.1883	12.7561	3.1271	0.0001	0.0000	0.0000	0.0000	0.0000	0.0000	0.0000	0.0000	0.0000	0.7206	0.0000	0.7206	0.0001	0.0000	0.0001	0.7205	0.0000	0.7205	0.1370	0.1225	0.0145	0.0342	0.0333	0.0009	0.1028	0.0893	0.0136	0.1522	0.0931	0.0591	0.0511	0.0478	0.0032	0.1011	0.0452	0.0559	0.0001	1305.2647	0.0002	0.3201	874.0094	0.0000	0.0001	inf	0.0002	4.7350	0.0000	12.1912	0.0010	0.0000	0.0159	7.1250	0.0000	12.8921
34	120	0.1162	8	1	2	0	1	0	0	0	0	N	Y	N	N	N	N	N	N	N	N	N	N	106.2416	11443.9441	120.0578	7389.4138	7154.7428	57.2497	81.1077	31446.7146	119.2988	2.5238	1.9591	6.6775	2.3420	2.4001	0.0034	2.5595	1.8613	6.9067	0.0238	0.0002	0.0556	0.0003	0.0003	0.0001	0.0316	0.0001	0.0579	0.4634	240.4761	-0.1212	0.0078	6.4588	13.6104	12.7561	16.0982	1.8811	1.2854	0.5957	0.2858	0.2858	0.0000	1.5952	0.9996	0.5956	0.0173	0.0001	0.0173	0.0001	0.0001	0.0000	0.0173	0.0000	0.0173	0.7453	0.6561	0.0892	0.1220	0.1191	0.0030	0.6233	0.5370	0.0862	0.7296	0.4193	0.3103	0.1822	0.1700	0.0122	0.5474	0.2493	0.2981	106.2416	11443.9441	120.0578	7389.4138	7154.7428	57.2497	81.1077	31446.7146	119.2988	0.0238	0.0002	0.0556	0.0003	0.0003	0.0001	0.0316	0.0001	0.0579
34	121	0.1414	10	0	2	0	1	0	0	0	0	N	Y	N	N	N	N	N	N	N	N	N	N	0.2208	0.0003	16.6382	0.0274	0.0085	1.3270	0.1819	0.0000	21.8667	0.1626	0.0003	1.6901	0.0026	0.0007	0.1862	0.2669	0.0000	1.7569	0.7363	1.0303	0.1016	0.0962	0.0845	0.1403	1.4673	2.5480	0.0803	577.3270	0.0457	0.0057	-0.1578	6.4588	0.3548	12.7561	4.6068	0.0093	0.0000	0.0093	0.0001	0.0000	0.0000	0.0092	0.0000	0.0092	0.3161	0.3023	0.0138	0.0220	0.0153	0.0068	0.2940	0.2870	0.0071	0.0571	0.0516	0.0055	0.0225	0.0223	0.0002	0.0346	0.0293	0.0053	0.4292	0.2934	0.1359	0.2288	0.1807	0.0481	0.2004	0.1126	0.0878	0.2208	0.0003	16.6382	0.0274	0.0085	1.3270	0.1819	0.0000	21.8667	0.7363	1.0303	0.1016	0.0962	0.0845	0.1403	1.4673	2.5480	0.0803
34	122	0.1265	9	0	2	0	1	0	0	0	0	N	Y	N	N	N	N	N	N	N	N	N	N	0.1340	0.0262	5.6299	1.4978	1.4544	0.8004	0.0908	0.0000	5.6096	0.2628	0.0846	1.6249	0.3129	0.3166	0.0441	0.2470	0.0001	1.6707	1.9605	3.2252	0.2886	0.2089	0.2177	0.0550	2.7197	6.2616	0.2978	2.5132	0.0677	0.0108	-0.2299	6.4588	1.6911	12.7561	5.7022	0.0322	0.0092	0.0230	0.0092	0.0091	0.0000	0.0230	0.0000	0.0230	0.4795	0.4491	0.0304	0.0154	0.0152	0.0002	0.4640	0.4338	0.0302	0.1224	0.1083	0.0142	0.0293	0.0289	0.0004	0.0932	0.0794	0.0138	0.2445	0.1392	0.1053	0.0739	0.0700	0.0040	0.1706	0.0693	0.1013	0.1340	0.0262	5.6299	1.4978	1.4544	0.8004	0.0908	0.0000	5.6096	1.9605	3.2252	0.2886	0.2089	0.2177	0.0550	2.7197	6.2616	0.2978
34	123	0.1162	8	0	1	0	1	0	0	0	0	N	N	N	N	N	N	N	N	N	N	N	N	52.3546	0.0501	427.9794	0.1142	0.1105	75.7759	80.2235	0.0031	428.1393	9.7158	0.0079	94.7212	0.0262	0.0264	0.0131	13.2389	0.0002	97.4066	0.1856	0.1574	0.2213	0.2297	0.2387	0.0002	0.1650	0.0592	0.2275	1372.6568	1.1090	1.0488	-0.0006	6.4588	2.0929	12.7561	3.1856	1.6965	0.0012	1.6953	0.0012	0.0012	0.0000	1.6953	0.0000	1.6953	0.0366	0.0173	0.0192	0.0144	0.0144	0.0000	0.0222	0.0030	0.0192	0.1746	0.1567	0.0179	0.0466	0.0461	0.0005	0.1281	0.1106	0.0174	0.1971	0.1102	0.0869	0.0627	0.0603	0.0024	0.1344	0.0499	0.0845	52.3546	0.0501	427.9794	0.1142	0.1105	75.7759	80.2235	0.0031	428.1393	0.1856	0.1574	0.2213	0.2297	0.2387	0.0002	0.1650	0.0592	0.2275
34	124	0.1569	11	1	2	0	1	0	0	0	0	N	Y	N	N	N	N	N	N	N	N	N	N	0.0000	0.0000	0.0000	0.0000	0.0000	0.0000	0.0000	0.0000	0.0000	0.0000	0.0000	0.0000	0.0000	0.0000	0.0000	0.0000	0.0000	0.0000	0.0000	0.0000	6.4588	0.0000	12.7561	0.0000	0.0000	0.0000	0.0000	0.0000	0.0000	0.0000	0.0000	0.0000	0.0000	0.0000	0.0000	0.0000	0.0000	0.0000	0.0000	0.0000	0.0000	0.0000	0.0000	0.0000	0.0000	0.0000	0.0000	0.0000	0.0000	0.0000	0.0000	0.0000	0.0000	0.0000	0.0000	0.0000	0.0000	0.0000	0.0000	0.0000	0.0000	0.0000	0.0000	0.0000	0.0000	0.0000	0.0000	0.0000	0.0000	0.0000	0.0000	0.0000	0.0000	0.0000	0.0000	0.0000	0.0000	0.0000											
34	125	0.1523	10	1	2	0	1	0	0	0	0	N	Y	N	N	N	N	N	N	N	N	N	N	0.0000	0.0000	0.0000	0.0000	0.0000	0.0000	0.0000	0.0000	0.0000	0.0000	0.0000	0.0000	0.0000	0.0000	0.0000	0.0000	0.0000	0.0000	0.0001	0.0000	0.0002	0.0000	0.0000	0.0001	0.0001	0.0000	0.0002	1750.6250	0.0000	0.0000	6.4588	0.1434	12.7561	1.9839	0.0000	0.0000	0.0000	0.0000	0.0000	0.0000	0.0000	0.0000	0.0000	0.0000	0.0000	0.0000	0.0000	0.0000	0.0000	0.0000	0.0000	0.0000	0.0154	0.0139	0.0015	0.0061	0.0059	0.0002	0.0093	0.0080	0.0013	0.0618	0.0372	0.0246	0.0191	0.0175	0.0016	0.0427	0.0197	0.0230	0.0000	0.0000	0.0000	0.0000	0.0000	0.0000	0.0000	0.0000	0.0000	0.0001	0.0000	0.0002	0.0000	0.0000	0.0001	0.0001	0.0000	0.0002	
34	126	0.1419	9	0	2	0	1	0	0	0	0	N	Y	N	N	N	N	N	N	N	N	N	N	0.0000	0.0000	0.0000	0.0000	0.0000	0.0000	0.0000	0.0000	0.0000	0.0000	0.0000	0.0000	0.0000	0.0000	0.0000	0.0000	0.0000	0.0000	0.0001	0.0000	0.0001	0.0001	0.0000	0.0000	0.0000	0.0000	0.0025	0.0000	-0.0000	6.4588	1.8882	12.7561	2.9115	0.0000	0.0000	0.0000	0.0000	0.0000	0.0000	0.0000	0.0000	0.0000	0.0000	0.0000	0.0000	0.0000	0.0000	0.0000	0.0000	0.0000	0.0000	0.1002	0.0879	0.0123	0.0173	0.0168	0.0005	0.0829	0.0711	0.0117	0.1332	0.0780	0.0552	0.0392	0.0358	0.0035	0.0940	0.0422	0.0518	0.0000	0.0000	0.0000	0.0000	0.0000	0.0000	0.0000	0.0000	0.0000	0.0000	0.0001	0.0000	0.0001	0.0001	0.0000	0.0000	0.0000	0.0000		
34	127	0.1162	8	0	1	0	1	0	0	0	0	N	N	N	N	N	N	N	N	N	N	N	N	51.3582	0.3084	202.9103	0.7345	0.5614	7371.2155	48.2546	11.3110	201.9854	2.8591	0.0001	26.0407	0.0006	0.0005	0.0081	3.6947	0.0000	26.8448	0.0557	0.0004	0.1283	0.0008	0.0008	0.0000	0.0766	0.0000	0.1329	27417.6990	257.1083	0.4440	0.0093	6.4588	3.5543	12.7561	9.0319	0.7174	0.0000	0.7174	0.0000	0.0000	0.0000	0.7174	0.0000	0.7174	0.0206	0.0001	0.0205	0.0001	0.0001	0.0000	0.0205	0.0000	0.0205	0.2509	0.2234	0.0275	0.0568	0.0559	0.0008	0.1942	0.1675	0.0267	0.3699	0.2101	0.1598	0.1020	0.0965	0.0055	0.2679	0.1136	0.1544	51.3582	0.3084	202.9103	0.7345	0.5614	7371.2155	48.2546	11.3110	201.9854	0.0557	0.0004	0.1283	0.0008	0.0008	0.0000	0.0766	0.0000	0.1329
34	128	0.1125	7	0	1	0	1	0	0	0	0	N	N	N	N	N	N	N	N	N	N	N	N	4.9944	0.6694	22.3739	0.1884	0.1713	1774.7044	4.6250	495756.3995	22.8310	1.6219	0.0705	13.3622	0.0271	0.0251	0.1356	2.0728	0.0853	13.8422	0.3248	0.1053	0.5972	0.1439	0.1463	0.0001	0.4482	0.0000	0.6063	25.0414	4.5656	0.1712	0.0203	6.4588	2.6246	12.7561	0.7212	0.2950	0.0113	0.2837	0.0011	0.0010	0.0001	0.2939	0.0103	0.2835	0.0732	0.0131	0.0600	0.0131	0.0131	0.0000	0.0600	0.0000	0.0600	0.1819	0.1606	0.0212	0.0401	0.0393	0.0007	0.1418	0.1213	0.0205	0.2253	0.1248	0.1005	0.0914	0.0899	0.0015	0.1339	0.0349	0.0990	4.9944	0.6694	22.3739	0.1884	0.1713	1774.7044	4.6250	495756.3995	22.8310	0.3248	0.1053	0.5972	0.1439	0.1463	0.0001	0.4482	0.0000	0.6063
34	129	0.1067	6	0	1	0	1	0	0	0	0	N	N	N	N	N	N	N	N	N	N	N	N	2.3030	0.2797	10.7878	9.1848	0.5951	41728.8587	1.2076	0.1761	5.1103	0.0149	0.0010	0.1186	0.0380	0.0026	1.6945	0.0089	0.0006	0.0587	0.0065	0.0037	0.0110	0.0041	0.0044	0.0000	0.0074	0.0032	0.0115	15.3942	1.8363	0.0017	0.0001	6.4588	3.3474	12.7561	1.3769	0.0031	0.0002	0.0029	0.0017	0.0001	0.0015	0.0015	0.0001	0.0014	0.0008	0.0003	0.0005	0.0001	0.0001	0.0000	0.0007	0.0001	0.0005	0.2103	0.1855	0.0248	0.0434	0.0425	0.0009	0.1668	0.1430	0.0239	0.1311	0.0812	0.0499	0.0361	0.0339	0.0021	0.0951	0.0473	0.0478	2.3030	0.2797	10.7878	9.1848	0.5951	41728.8587	1.2076	0.1761	5.1103	0.0065	0.0037	0.0110	0.0041	0.0044	0.0000	0.0074	0.0032	0.0115
34	130	0.0979	5	0	1	0	1	0	0	0	0	N	N	N	N	N	N	N	N	N	N	N	N	13.1353	15.0642	38.9933	16.8082	14.9385	295.1986	10.5337	inf	35.2134	0.0033	0.0017	0.0174	0.0048	0.0043	0.0748	0.0025	0.0002	0.0159	0.0002	0.0001	0.0004	0.0003	0.0003	0.0003	0.0002	0.0000	0.0005	1.1236	2.7044	0.0000	0.0000	6.4588	0.4686	12.7561	4.0374	0.0002	0.0001	0.0001	0.0001	0.0001	0.0000	0.0001	0.0000	0.0001	0.0000	0.0000	0.0000	0.0000	0.0000	0.0000	0.0000	0.0000	0.0000	0.0543	0.0488	0.0054	0.0184	0.0182	0.0001	0.0359	0.0306	0.0053	0.1197	0.0709	0.0489	0.0299	0.0281	0.0018	0.0898	0.0427	0.0471	13.1353	15.0642	38.9933	16.8082	14.9385	295.1986	10.5337	inf	35.2134	0.0002	0.0001	0.0004	0.0003	0.0003	0.0003	0.0002	0.0000	0.0005
35	36	0.0560	6	0	0	1	0	0	0	0	0	N	N	N	N	N	N	N	N	N	N	N	N	0.0000	0.0000	0.0000	0.0000	0.0000	0.0000	0.0000	0.0000	0.0000	0.0000	0.0000	0.0000	0.0000	0.0000	0.0000	0.0000	0.0000	0.0000	0.0000	0.0000	0.0000	0.0000	0.0000	0.0000	0.0000	0.0000	0.0596	0.0000	-0.0000	2.5642	1.0000	2.5472	2.0003	0.0000	0.0000	0.0000	0.0000	0.0000	0.0000	0.0000	0.0000	0.0000	0.0000	0.0000	0.0000	0.0000	0.0000	0.0000	0.0000	0.0000	0.0000	0.0270	0.0239	0.0030	0.0067	0.0063	0.0003	0.0203	0.0176	0.0027	0.0353	0.0215	0.0138	0.0114	0.0111	0.0003	0.0239	0.0105	0.0135	0.0000	0.0000	0.0000	0.0000	0.0000	0.0000	0.0000	0.0000	0.0000	0.0000	0.0000	0.0000	0.0000	0.0000	0.0000	0.0000	0.0000	0.0000		
35	37	0.0382	5	0	1	0	0	0	0	0	0	N	N	N	N	N	N	N	N	N	N	N	N	0.0197	0.0214	0.0113	0.0252	0.0261	0.0096	0.0199	2.7525	0.0120	0.0107	0.0113	0.0064	0.0176	0.0183	0.0020	0.0087	0.0090	0.0068	0.5448	0.5275	0.5660	0.6979	0.7004	0.2096	0.4354	0.0033	0.5677	0.0736	0.8731	-0.0002	-0.0125	2.5642	1.9619	2.5472	8.3400	0.0006	0.0005	0.0000	0.0002	0.0002	0.0000	0.0004	0.0003	0.0000	0.1624	0.0867	0.0757	0.0867	0.0865	0.0001	0.0757	0.0001	0.0755	0.0545	0.0482	0.0063	0.0127	0.0121	0.0006	0.0418	0.0361	0.0057	0.2980	0.1643	0.1337	0.1242	0.1236	0.0006	0.1738	0.0407	0.1331	0.0197	0.0214	0.0113	0.0252	0.0261	0.0096	0.0199	2.7525	0.0120	0.5448	0.5275	0.5660	0.6979	0.7004	0.2096	0.4354	0.0033	0.5677
35	38	0.1450	12	1	0	1	0	0	0	0	0	N	N	N	N	N	N	N	N	N	N	N	N	0.4978	0.4501	0.7809	0.5445	0.5447	0.0000	0.4570	0.0000	0.7907	0.1559	0.1009	0.3417	0.1753	0.1776	0.0000	0.1403	0.0000	0.3506	0.3131	0.2242	0.4376	0.3219	0.3261	0.0552	0.3071	0.0005	0.4434	1.0011	1.3940	0.0000	0.0011	2.5642	0.0095	2.5472	5.0631	0.0001	0.0001	0.0001	0.0001	0.0001	0.0000	0.0001	0.0000	0.0001	0.0289	0.0121	0.0169	0.0121	0.0121	0.0000	0.0168	0.0000	0.0168	0.0008	0.0006	0.0002	0.0004	0.0003	0.0000	0.0004	0.0003	0.0002	0.0924	0.0539	0.0385	0.0376	0.0371	0.0006	0.0548	0.0169	0.0379	0.4978	0.4501	0.7809	0.5445	0.5447	0.0000	0.4570	0.0000	0.7907	0.3131	0.2242	0.4376	0.3219	0.3261	0.0552	0.3071	0.0005	0.4434
35	39	0.0199	4	0	1	0	0	0	0	0	0	N	N	N	N	N	N	N	N	N	N	N	N	0.0351	0.0332	0.0666	0.0399	0.0409	0.0000	0.0351	25.5529	0.0707	0.0064	0.0053	0.0142	0.0106	0.0110	0.0000	0.0049	0.0029	0.0151	0.1825	0.1586	0.2135	0.2668	0.2679	0.0361	0.1398	0.0001	0.2142	0.3946	1.0367	-0.0000	-0.0012	2.5642	1.1272	2.5472	11.0864	0.0002	0.0002	0.0001	0.0001	0.0001	0.0000	0.0001	0.0001	0.0001	0.0353	0.0173	0.0180	0.0173	0.0173	0.0000	0.0180	0.0000	0.0180	0.0386	0.0336	0.0049	0.0101	0.0098	0.0003	0.0285	0.0239	0.0046	0.1935	0.1093	0.0842	0.0650	0.0647	0.0003	0.1285	0.0446	0.0839	0.0351	0.0332	0.0666	0.0399	0.0409	0.0000	0.0351	25.5529	0.0707	0.1825	0.1586	0.2135	0.2668	0.2679	0.0361	0.1398	0.0001	0.2142
35	40	0.0199	3	0	0	0	0	0	0	0	0	N	N	N	N	N	N	N	N	N	N	N	N	0.0255	0.0199	0.0646	0.0392	0.0393	0.0476	0.0193	1.3501	0.0663	0.0213	0.0154	0.0583	0.0345	0.0347	0.0257	0.0153	0.0049	0.0598	0.8347	0.7769	0.9017	0.8812	0.8817	0.5404	0.7927	0.0036	0.9022	0.5956	0.9989	-0.0000	-0.0028	2.5642	0.4765	2.5472	0.2778	0.0004	0.0003	0.0002	0.0002	0.0002	0.0000	0.0002	0.0001	0.0002	0.0649	0.0325	0.0324	0.0325	0.0324	0.0000	0.0324	0.0000	0.0324	0.0209	0.0180	0.0028	0.0065	0.0064	0.0001	0.0143	0.0116	0.0027	0.0777	0.0418	0.0360	0.0368	0.0368	0.0000	0.0409	0.0050	0.0359	0.0255	0.0199	0.0646	0.0392	0.0393	0.0647	0.0193	1.3501	0.0663	0.8347	0.7769	0.9017	0.8812	0.8817	0.3973	0.7927	0.0036	0.9022
35	41	0.0220	3	0	1	0	1	0	0	0	0	N	N	N	N	N	N	N	N	N	N	N	N	1.5817	1.0260	5.7328	2.2907	2.3923	0.0956	1.3872	7.4025	6.2459	1.8626	1.0770	7.7233	4.3206	4.5273	0.0110	1.1771	0.0113	8.4346	1.1776	1.0497	1.3472	1.8862	1.8924	0.1154	0.8486	0.0015	1.3504	0.9613	0.9679	0.0543	-0.0254	2.5642	10.0333	2.5472	21.8674	0.4977	0.2538	0.2439	0.2517	0.2517	0.0000	0.2459	0.0020	0.2439	0.4974	0.2528	0.2447	0.2527	0.2526	0.0001	0.2448	0.0002	0.2446	0.2672	0.2356	0.0316	0.0583	0.0556	0.0027	0.2089	0.1800	0.0289	0.4224	0.2408	0.1816	0.1340	0.1335	0.0005	0.2885	0.1073	0.1811	1.5817	1.0260	5.7328	2.2907	2.3923	0.0956	1.3872	7.4025	6.2459	1.1776	1.0497	1.3472	1.8862	1.8924	0.1154	0.8486	0.0015	1.3504
35	42	0.1450	12	1	0	1	0	0	0	0	0	N	N	N	N	N	N	N	N	N	N	N	N	0.0008	0.0006	0.0032	0.0010	0.0012	0.0000	0.0007	0.0000	0.0037	0.0046	0.0026	0.0204	0.0072	0.0075	0.0000	0.0034	0.0000	0.0239	5.4520	4.7151	6.4162	7.5138	6.3701	0.4840	4.8887	0.0057	6.4853	1.0011	1.0398	0.0000	-0.0133	2.5642	0.9968	2.5472	1.9513	0.0001	0.0001	0.0001	0.0001	0.0001	0.0000	0.0001	0.0000	0.0001	0.4000	0.1961	0.2039	0.1962	0.1960	0.0001	0.2038	0.0001	0.2037	0.0267	0.0236	0.0030	0.0086	0.0082	0.0004	0.0181	0.0155	0.0026	0.0734	0.0416	0.0318	0.0317	0.0313	0.0004	0.0417	0.0103	0.0314	0.0008	0.0006	0.0032	0.0012	0.0012	0.0000	0.0007	0.0000	0.0037	5.4520	4.7151	6.4162	6.1933	6.2600	0.3784	4.8887	0.0057	6.4853
35	43	0.1318	11	1	0	1	0	0	0	0	0	N	N	N	N	N	N	N	N	N	N	N	N	5.7139	4.2592	18.3125	6.7834	6.8675	0.0000	5.1286	0.0000	20.3282	2.0221	1.1357	9.1692	3.3597	3.5248	0.0000	1.4468	0.0000	10.5112	0.3539	0.2667	0.5007	0.4953	0.5133	0.0074	0.2821	0.0019	0.5171	1.0012	1.1157	0.0341	-0.0004	2.5642	5.0018	2.5472	1.7716	0.2863	0.1431	0.1432	0.1431	0.1431	0.0000	0.1432	0.0000	0.1432	0.0249	0.0118	0.0131	0.0117	0.0117	0.0000	0.0132	0.0000	0.0131	0.1416	0.1260	0.0156	0.0426	0.0406	0.0020	0.0990	0.0854	0.0136	0.0703	0.0441	0.0262	0.0237	0.0228	0.0008	0.0466	0.0213	0.0254	5.7139	4.2592	18.3125	6.7834	6.8675	0.0000	5.1286	0.0000	20.3282	0.3539	0.2667	0.5007	0.4953	0.5133	0.0074	0.2821	0.0019	0.5171
35	44	0.1350	12	1	0	1	0	0	0	0	0	N	N	N	N	N	N	N	N	N	N	N	N	0.6133	0.4800	0.0000	0.2964	0.3006	0.0000	3.5192	8.6129	0.0000	0.0042	0.0048	0.0000	0.0052	0.0054	0.0000	0.0038	0.0045	0.0000	0.0069	0.0099	0.0015	0.0174	0.0180	0.0000	0.0011	0.0005	0.0016	0.0000	0.0863	-0.0002	-0.0003	2.5642	4.9860	2.5472	2.3663	0.0006	0.0006	0.0000	0.0002	0.0002	0.0000	0.0004	0.0004	0.0000	0.0006	0.0005	0.0000	0.0005	0.0005	0.0000	0.0001	0.0000	0.0000	0.1413	0.1257	0.0156	0.0425	0.0405	0.0020	0.0988	0.0852	0.0136	0.0847	0.0543	0.0304	0.0302	0.0292	0.0010	0.0545	0.0251	0.0294	0.6133	0.4800	0.0000	0.2964	0.3006	0.0000	3.5192	8.6129	0.0000	0.0069	0.0099	0.0015	0.0174	0.0180	0.0000	0.0011	0.0005	0.0016
35	45	0.1318	11	1	0	0	0	0	0	0	0	N	N	N	N	N	N	N	N	N	N	N	N	0.3016	0.2022	1.0568	0.3039	0.3046	0.0390	0.2995	0.0327	1.1311	0.0158	0.0090	0.0684	0.0220	0.0226	0.0004	0.0123	0.0002	0.0750	0.0524	0.0445	0.0648	0.0724	0.0743	0.0095	0.0411	0.0052	0.0663	0.9811	0.9218	0.0000	-0.0001	2.5642	0.0225	2.5472	1.9333	0.0000	0.0000	0.0000	0.0000	0.0000	0.0000	0.0000	0.0000	0.0000	0.0013	0.0007	0.0006	0.0006	0.0006	0.0000	0.0006	0.0000	0.0006	0.0009	0.0008	0.0001	0.0003	0.0003	0.0000	0.0006	0.0005	0.0001	0.0239	0.0146	0.0093	0.0086	0.0083	0.0002	0.0153	0.0063	0.0090	0.3016	0.2022	1.0568	0.3039	0.3046	0.0390	0.2995	0.0327	1.1311	0.0524	0.0445	0.0648	0.0724	0.0743	0.0095	0.0411	0.0052	0.0663
35	46	0.1288	10	1	0	0	0	0	0	0	0	N	N	N	N	N	N	N	N	N	N	N	N	0.0148	0.0254	0.0308	0.0407	0.0413	0.0000	0.0088	0.0002	0.0341	0.0008	0.0005	0.0037	0.0014	0.0014	0.0000	0.0006	0.0000	0.0042	0.0554	0.0181	0.1194	0.0334	0.0344	0.0065	0.0662	0.0016	0.1233	0.9949	3.8265	0.0000	0.0002	2.5642	1.0095	2.5472	0.3555	0.0000	0.0000	0.0000	0.0000	0.0000	0.0000	0.0000	0.0000	0.0000	0.0008	0.0002	0.0006	0.0002	0.0002	0.0000	0.0006	0.0000	0.0006	0.0294	0.0261	0.0033	0.0089	0.0085	0.0004	0.0205	0.0177	0.0028	0.0140	0.0089	0.0052	0.0046	0.0045	0.0002	0.0094	0.0044	0.0050	0.0148	0.0254	0.0308	0.0407	0.0413	0.0000	0.0088	0.0002	0.0341	0.0554	0.0181	0.1194	0.0334	0.0344	0.0065	0.0662	0.0016	0.1233
35	47	0.0382	5	0	0	1	0	0	0	0	0	N	N	N	N	N	N	N	N	N	N	N	N	0.0253	0.0063	0.1601	0.0126	0.0130	0.0060	0.0343	0.0346	0.1753	0.0212	0.0048	0.1476	0.0135	0.0141	0.0014	0.0235	0.0018	0.1623	0.8383	0.7721	0.9219	1.0726	1.0776	0.2350	0.6860	0.0520	0.9256	3.9569	0.9459	0.0007	-0.0160	2.5642	3.0460	2.5472	11.9126	0.0018	0.0004	0.0014	0.0003	0.0003	0.0000	0.0015	0.0001	0.0014	0.2807	0.1442	0.1364	0.1415	0.1413	0.0002	0.1391	0.0029	0.1362	0.0832	0.0736	0.0095	0.0191	0.0182	0.0009	0.0640	0.0554	0.0087	0.3348	0.1868	0.1480	0.1319	0.1312	0.0008	0.2028	0.0556	0.1472	0.0253	0.0063	0.1601	0.0126	0.0130	0.0060	0.0343	0.0346	0.1753	0.8383	0.7721	0.9219	1.0726	1.0776	0.2350	0.6860	0.0520	0.9256
35	48	0.0248	4	0	0	0	0	0	0	0	0	N	N	N	N	N	N	N	N	N	N	N	N	0.0034	0.0027	0.0096	0.0057	0.0058	0.0045	0.0028	0.0572	0.0102	0.0025	0.0018	0.0077	0.0048	0.0049	0.0030	0.0018	0.0008	0.0081	0.7336	0.6798	0.7971	0.8481	0.8488	0.6566	0.6465	0.0140	0.7977	0.5556	0.9950	-0.0000	-0.0086	2.5642	1.1082	2.5472	5.8288	0.0001	0.0001	0.0000	0.0000	0.0000	0.0000	0.0000	0.0000	0.0000	0.1952	0.0978	0.0974	0.0975	0.0974	0.0001	0.0977	0.0004	0.0973	0.0313	0.0277	0.0037	0.0072	0.0069	0.0003	0.0241	0.0208	0.0033	0.2661	0.1439	0.1221	0.1150	0.1148	0.0002	0.1511	0.0291	0.1219	0.0034	0.0027	0.0096	0.0057	0.0058	0.0065	0.0028	0.0572	0.0102	0.7336	0.6798	0.7971	0.8481	0.8488	0.4595	0.6465	0.0140	0.7977
35	49	0.0560	6	0	1	0	0	0	0	0	0	N	N	N	N	N	N	N	N	N	N	N	N	0.0000	0.0000	0.0000	0.0000	0.0000	0.0000	0.0000	0.0000	0.0000	0.0000	0.0000	0.0000	0.0000	0.0000	0.0000	0.0000	0.0000	0.0000	0.0000	0.0000	0.0000	0.0000	0.0000	0.0000	0.0000	0.0000	0.0596	0.0000	-0.0000	2.5642	0.0000	2.5472	2.0001	0.0000	0.0000	0.0000	0.0000	0.0000	0.0000	0.0000	0.0000	0.0000	0.0000	0.0000	0.0000	0.0000	0.0000	0.0000	0.0000	0.0000	0.0000	0.0000	0.0000	0.0000	0.0000	0.0000	0.0000	0.0000	0.0000	0.0000	0.0237	0.0144	0.0093	0.0076	0.0074	0.0002	0.0160	0.0070	0.0090	0.0000	0.0000	0.0000	0.0000	0.0000	0.0000	0.0000	0.0000	0.0000	0.0000	0.0000	0.0000	0.0000	0.0000	0.0000	0.0000	0.0000	0.0000		
35	50	0.1643	15	1	1	1	0	0	0	0	0	N	N	N	N	N	N	N	N	N	N	N	N	0.0000	0.0000	0.0000	0.0000	0.0000	0.0000	0.0000	0.0000	0.0000	0.0000	0.0000	0.0000	0.0000	0.0000	0.0000	0.0000	0.0000	0.0035	0.0021	0.0073	0.0082	0.0039	0.1342	0.0000	0.0000	0.0000	1.1666	0.0000	-0.0000	2.5642	0.0000	2.5472	1.7047	0.0000	0.0000	0.0000	0.0000	0.0000	0.0000	0.0000	0.0000	0.0000	0.0001	0.0000	0.0000	0.0001	0.0000	0.0000	0.0000	0.0000	0.0000	0.0000	0.0000	0.0000	0.0000	0.0000	0.0000	0.0000	0.0000	0.0000	0.0265	0.0197	0.0068	0.0111	0.0108	0.0004	0.0153	0.0089	0.0064	0.0000	0.0000	0.0000	0.0000	0.0000	0.0000	0.0000	0.0000	0.0000	0.0035	0.0021	0.0073	0.0082	0.0039	0.1342	0.0000	0.0000	0.0000		
35	51	0.1643	15	1	1	1	0	0	0	0	0	N	N	N	N	N	N	N	N	N	N	N	N	0.0000	0.0000	0.0000	0.0000	0.0000	0.0000	0.0000	0.0000	0.0000	0.0000	0.0000	0.0000	0.0000	0.0000	0.0000	0.0030	0.0035	0.0000	0.0034	0.0034	0.0000	0.0026	0.0035	0.0000	0.0000	0.0000	-0.0000	2.5642	0.0000	2.5472	0.2953	0.0000	0.0000	0.0000	0.0000	0.0000	0.0000	0.0000	0.0000	0.0000	0.0000	0.0000	0.0000	0.0000	0.0000	0.0000	0.0000	0.0000	0.0000	0.0000	0.0000	0.0000	0.0000	0.0000	0.0000	0.0000	0.0000	0.0000	0.0130	0.0111	0.0019	0.0061	0.0060	0.0001	0.0068	0.0050	0.0018	0.0000	0.0000	0.0000	0.0000	0.0000	0.0000	0.0000	0.0000	0.0000	0.0030	0.0035	0.0000	0.0034	0.0034	0.0000	0.0026	0.0035	0.0000				
35	52	0.1615	14	1	1	1	0	0	0	0	0	N	N	N	N	N	N	N	N	N	N	N	N	0.0000	0.0000	0.0000	0.0000	0.0000	0.0000	0.0000	0.0000	0.0000	0.0000	0.0000	0.0000	0.0000	0.0000	0.0000	0.0000	0.0000	0.0000	0.0041	0.0062	0.0000	0.0057	0.0059	0.0006	0.0031	0.0066	0.0000	0.0021	0.0000	-0.0000	2.5642	0.0001	2.5472	1.7968	0.0000	0.0000	0.0000	0.0000	0.0000	0.0000	0.0000	0.0000	0.0000	0.0001	0.0001	0.0000	0.0000	0.0000	0.0000	0.0000	0.0000	0.0000	0.0000	0.0000	0.0000	0.0000	0.0000	0.0000	0.0000	0.0000	0.0000	0.0221	0.0147	0.0074	0.0086	0.0083	0.0003	0.0134	0.0064	0.0071	0.0000	0.0000	0.0000	0.0000	0.0000	0.0000	0.0000	0.0000	0.0000	0.0041	0.0062	0.0000	0.0057	0.0059	0.0006	0.0031	0.0066	0.0000	
35	53	0.1432	8	1	1	0	0	0	0	0	0	N	N	N	N	N	N	N	N	N	N	N	N	0.0034	0.0030	0.0089	0.0058	0.0059	0.0020	0.0020	0.2233	0.0099	0.0006	0.0005	0.0021	0.0012	0.0013	0.0000	0.0003	0.0000	0.0024	0.1839	0.1503	0.2347	0.2149	0.2189	0.0152	0.1613	0.0000	0.2395	0.5123	1.0307	-0.0000	-0.0003	2.5642	1.8240	2.5472	0.8872	0.0000	0.0000	0.0000	0.0000	0.0000	0.0000	0.0000	0.0000	0.0000	0.0091	0.0045	0.0046	0.0045	0.0045	0.0000	0.0046	0.0000	0.0046	0.0610	0.0549	0.0061	0.0199	0.0192	0.0008	0.0410	0.0357	0.0054	0.0496	0.0299	0.0197	0.0210	0.0205	0.0004	0.0287	0.0094	0.0193	0.0034	0.0030	0.0089	0.0058	0.0059	0.0020	0.0020	0.2233	0.0099	0.1839	0.1503	0.2347	0.2149	0.2189	0.0152	0.1613	0.0000	0.2395
35	54	0.0859	8	0	1	0	1	0	0	0	0	N	N	N	N	N	N	N	N	N	N	N	N	0.0000	0.0000	0.0000	0.0000	0.0000	0.0000	0.0000	0.0000	0.0000	0.0000	0.0000	0.0000	0.0000	0.0000	0.0000	0.0000	0.0000	0.0410	0.0603	0.0088	0.1087	0.1114	0.0000	0.0051	0.0000	0.0090	0.0880	0.0000	-0.0011	2.5642	0.0007	2.5472	4.7762	0.0000	0.0000	0.0000	0.0000	0.0000	0.0000	0.0000	0.0000	0.0000	0.0025	0.0023	0.0002	0.0023	0.0023	0.0000	0.0002	0.0000	0.0002	0.0000	0.0000	0.0000	0.0000	0.0000	0.0000	0.0000	0.0000	0.0000	0.0599	0.0374	0.0225	0.0207	0.0202	0.0005	0.0391	0.0172	0.0220	0.0000	0.0000	0.0000	0.0000	0.0000	0.0000	0.0000	0.0000	0.0000	0.0410	0.0603	0.0088	0.1087	0.1114	0.0000	0.0051	0.0000	0.0090		
35	55	0.0859	8	0	0	0	1	0	0	0	0	N	N	N	N	N	N	N	N	N	N	N	N	0.0000	0.0000	0.0000	0.0000	0.0000	0.0000	0.0000	0.0000	0.0000	0.0000	0.0000	0.0000	0.0000	0.0000	0.0000	0.0000	0.0000	0.1366	0.1954	0.0357	0.3499	0.3580	0.0001	0.0203	0.0000	0.0365	0.1065	0.0000	-0.0026	2.5642	0.0007	2.5472	3.2259	0.0000	0.0000	0.0000	0.0000	0.0000	0.0000	0.0000	0.0000	0.0000	0.0058	0.0052	0.0006	0.0052	0.0052	0.0000	0.0006	0.0000	0.0006	0.0000	0.0000	0.0000	0.0000	0.0000	0.0000	0.0000	0.0000	0.0000	0.0425	0.0268	0.0156	0.0150	0.0146	0.0003	0.0275	0.0122	0.0153	0.0000	0.0000	0.0000	0.0000	0.0000	0.0000	0.0000	0.0000	0.0000	0.1366	0.1954	0.0357	0.3499	0.3580	0.0001	0.0203	0.0000	0.0365		
35	56	0.0816	7	0	0	0	1	0	0	0	0	N	N	N	N	N	N	N	N	N	N	N	N	0.0000	0.0000	0.0000	0.0000	0.0000	0.0000	0.0000	0.0000	0.0000	0.0000	0.0000	0.0000	0.0000	0.0000	0.0000	0.0000	0.0000	0.0000	0.0023	0.0030	0.0011	0.0053	0.0054	0.0000	0.0007	0.0001	0.0012	0.2144	0.0000	-0.0000	2.5642	0.9953	2.5472	1.3904	0.0000	0.0000	0.0000	0.0000	0.0000	0.0000	0.0000	0.0000	0.0000	0.0001	0.0001	0.0000	0.0001	0.0001	0.0000	0.0000	0.0000	0.0000	0.0290	0.0258	0.0032	0.0080	0.0076	0.0003	0.0211	0.0182	0.0029	0.0322	0.0206	0.0116	0.0114	0.0112	0.0003	0.0207	0.0094	0.0113	0.0000	0.0000	0.0000	0.0000	0.0000	0.0000	0.0000	0.0000	0.0000	0.0023	0.0030	0.0011	0.0053	0.0054	0.0000	0.0007	0.0001	0.0012	
35	57	0.0749	6	0	0	0	1	0	0	0	0	N	N	N	N	N	N	N	N	N	N	N	N	0.0000	0.0000	0.0000	0.0000	0.0000	0.0000	0.0000	0.0000	0.0000	0.0000	0.0000	0.0000	0.0000	0.0000	0.0000	0.0000	0.0000	0.0000	0.0146	0.0233	0.0008	0.0030	0.0031	0.0000	0.0208	0.0483	0.0008	0.0207	-0.0000	-0.0003	2.5642	0.0068	2.5472	3.2797	0.0000	0.0000	0.0000	0.0000	0.0000	0.0000	0.0000	0.0000	0.0000	0.0006	0.0006	0.0000	0.0000	0.0000	0.0000	0.0006	0.0006	0.0000	0.0002	0.0002	0.0000	0.0001	0.0001	0.0000	0.0002	0.0001	0.0000	0.0421	0.0259	0.0162	0.0146	0.0143	0.0003	0.0275	0.0116	0.0159	0.0000	0.0000	0.0000	0.0000	0.0000	0.0000	0.0000	0.0000	0.0000	0.0146	0.0233	0.0008	0.0030	0.0031	0.0000	0.0208	0.0483	0.0008	
35	58	0.0337	5	0	0	0	1	0	0	0	0	N	N	N	N	N	N	N	N	N	N	N	N	8.1596	4.5296	37.5527	9.0446	9.4323	0.0062	8.8027	0.0000	42.1239	1.6736	0.9415	7.5599	3.1424	3.2927	0.0009	1.1400	0.0000	8.4948	0.2051	0.2079	0.2013	0.3474	0.3491	0.1521	0.1295	0.0017	0.2017	0.9986	0.7023	0.0340	-0.0077	2.5642	5.8573	2.5472	13.1443	0.2863	0.1432	0.1431	0.1432	0.1432	0.0000	0.1431	0.0000	0.1431	0.0594	0.0349	0.0245	0.0349	0.0348	0.0001	0.0245	0.0001	0.0244	0.1711	0.1521	0.0189	0.0456	0.0435	0.0021	0.1255	0.1086	0.0168	0.2895	0.1678	0.1217	0.1004	0.0996	0.0008	0.1891	0.0682	0.1209	8.1596	4.5296	37.5527	9.0446	9.4323	0.0062	8.8027	0.0000	42.1239	0.2051	0.2079	0.2013	0.3474	0.3491	0.1521	0.1295	0.0017	0.2017
35	59	0.1616	15	0	1	1	0	0	0	0	0	N	N	N	N	N	N	N	N	N	N	N	N	0.0001	0.0000	0.0004	0.0000	0.0000	0.0000	0.0006	0.0000	0.0032	0.0000	0.0000	0.0000	0.0000	0.0000	0.0000	0.0000	0.0000	0.0000	0.0343	0.0284	0.0450	0.0777	0.0462	0.8135	0.0042	0.0023	0.0058	inf	0.8650	0.0000	-0.0002	2.5642	0.9979	2.5472	4.0614	0.0000	0.0000	0.0000	0.0000	0.0000	0.0000	0.0000	0.0000	0.0000	0.0023	0.0012	0.0011	0.0021	0.0012	0.0009	0.0002	0.0000	0.0001	0.0291	0.0259	0.0032	0.0092	0.0088	0.0004	0.0199	0.0171	0.0028	0.0664	0.0430	0.0235	0.0272	0.0256	0.0016	0.0392	0.0174	0.0218	0.0001	0.0000	0.0004	0.0000	0.0000	0.0000	0.0006	0.0000	0.0032	0.0343	0.0284	0.0450	0.0777	0.0462	0.5720	0.0042	0.0023	0.0058
35	60	0.1532	14	0	1	0	0	0	0	0	0	N	N	N	N	N	N	N	N	N	N	N	N	0.0179	0.0000	0.7484	0.0008	0.0001	0.0347	0.0323	0.0000	0.8881	0.0008	0.0000	0.0070	0.0000	0.0000	0.0009	0.0011	0.0000	0.0078	0.0428	0.0617	0.0093	0.0570	0.0581	0.0252	0.0337	0.0669	0.0088	295.9217	0.0851	0.0000	-0.0011	2.5642	2.2356	2.5472	2.2044	0.0001	0.0000	0.0001	0.0000	0.0000	0.0000	0.0000	0.0000	0.0000	0.0024	0.0022	0.0002	0.0012	0.0012	0.0000	0.0011	0.0010	0.0002	0.0664	0.0591	0.0073	0.0205	0.0197	0.0008	0.0458	0.0394	0.0064	0.0554	0.0355	0.0199	0.0216	0.0210	0.0007	0.0338	0.0145	0.0193	0.0179	0.0000	0.7484	0.0008	0.0001	0.0347	0.0323	0.0000	0.8881	0.0428	0.0617	0.0093	0.0570	0.0581	0.0252	0.0337	0.0669	0.0088
35	61	0.1326	12	1	0	1	0	0	0	0	0	N	N	N	N	N	N	N	N	N	N	N	N	0.0001	0.0000	0.0009	0.0000	0.0000	0.0000	0.0003	0.0000	0.0010	0.0000	0.0000	0.0000	0.0000	0.0000	0.0000	0.0000	0.0000	0.0000	0.0087	0.0071	0.0115	0.0136	0.0139	0.0056	0.0063	0.0002	0.0117	inf	0.9433	0.0000	-0.0000	2.5642	2.0703	2.5472	7.0012	0.0000	0.0000	0.0000	0.0000	0.0000	0.0000	0.0000	0.0000	0.0000	0.0008	0.0004	0.0004	0.0004	0.0004	0.0000	0.0004	0.0000	0.0004	0.0614	0.0547	0.0067	0.0197	0.0188	0.0009	0.0418	0.0359	0.0058	0.0887	0.0561	0.0326	0.0293	0.0282	0.0011	0.0594	0.0279	0.0315	0.0001	0.0000	0.0009	0.0000	0.0000	0.0000	0.0003	0.0000	0.0010	0.0087	0.0071	0.0115	0.0136	0.0139	0.0056	0.0063	0.0002	0.0117
35	62	0.1310	11	0	0	0	0	0	0	0	0	N	N	N	N	N	N	N	N	N	N	N	N	0.0000	0.0000	0.0000	0.0001	0.0001	0.0000	0.0000	0.0000	0.0000	0.0000	0.0000	0.0000	0.0000	0.0000	0.0000	0.0000	0.0000	0.0000	0.0821	0.0656	0.1108	0.1216	0.1259	0.0100	0.0624	0.0036	0.1143	0.0000	0.9790	-0.0000	-0.0000	2.5642	0.9285	2.5472	0.0280	0.0000	0.0000	0.0000	0.0000	0.0000	0.0000	0.0000	0.0000	0.0000	0.0008	0.0004	0.0004	0.0004	0.0004	0.0000	0.0004	0.0000	0.0004	0.0272	0.0242	0.0030	0.0086	0.0082	0.0004	0.0187	0.0161	0.0026	0.0098	0.0062	0.0036	0.0033	0.0031	0.0001	0.0065	0.0031	0.0035	0.0000	0.0000	0.0000	0.0001	0.0001	0.0000	0.0000	0.0000	0.0000	0.0821	0.0656	0.1108	0.1216	0.1259	0.0100	0.0624	0.0036	0.1143
35	63	0.0932	6	1	1	0	0	0	0	0	0	N	N	N	N	N	N	N	N	N	N	N	N	4.5066	0.0141	65.6555	1.0161	0.0406	52.1696	6.8978	0.0009	65.8028	0.0182	0.0001	0.1614	0.0054	0.0002	0.2206	0.0231	0.0000	0.1578	0.0040	0.0049	0.0025	0.0053	0.0054	0.0042	0.0034	0.0044	0.0024	296.9206	0.2677	0.0003	-0.0001	2.5642	1.0023	2.5472	3.0135	0.0006	0.0000	0.0006	0.0000	0.0000	0.0000	0.0005	0.0000	0.0005	0.0002	0.0001	0.0000	0.0001	0.0001	0.0000	0.0001	0.0001	0.0000	0.0310	0.0275	0.0035	0.0086	0.0084	0.0002	0.0225	0.0192	0.0033	0.0426	0.0278	0.0148	0.0150	0.0145	0.0005	0.0277	0.0133	0.0143	4.5066	0.0141	65.6555	1.0161	0.0406	52.1696	6.8978	0.0009	65.8028	0.0040	0.0049	0.0025	0.0053	0.0054	0.0042	0.0034	0.0044	0.0024
35	64	0.0668	5	1	1	0	0	0	0	0	0	N	N	N	N	N	N	N	N	N	N	N	N	7287.7096	37.3305	47182.3581	1271.5343	60.4445	1559998.8787	11742.8789	21.2563	44808.3249	7.7185	0.0304	69.6782	1.9136	0.0938	108.7135	9.9679	0.0020	67.9503	0.0011	0.0008	0.0015	0.0015	0.0016	0.0001	0.0008	0.0001	0.0015	284.7034	1.0676	0.4965	-0.0000	2.5642	3.0820	2.5472	9.3392	0.8067	0.0028	0.8039	0.0559	0.0027	0.0532	0.7508	0.0001	0.7507	0.0001	0.0001	0.0001	0.0001	0.0001	0.0000	0.0001	0.0000	0.0001	0.1045	0.0930	0.0115	0.0292	0.0287	0.0005	0.0753	0.0643	0.0110	0.1250	0.0787	0.0463	0.0401	0.0388	0.0013	0.0849	0.0399	0.0450	7287.7096	37.3305	47182.3581	1271.5343	60.4445	1559998.8787	11742.8789	21.2563	44808.3249	0.0011	0.0008	0.0015	0.0015	0.0016	0.0001	0.0008	0.0001	0.0015
35	65	0.1532	14	0	1	0	0	0	0	0	0	N	N	N	N	N	N	N	N	N	N	N	N	0.0036	0.0013	0.0159	0.0100	0.0022	0.0758	0.0003	0.0000	0.0011	0.0000	0.0000	0.0001	0.0001	0.0000	0.0011	0.0000	0.0000	0.0000	0.0051	0.0031	0.0084	0.0056	0.0053	0.0144	0.0047	0.0000	0.0082	4.1541	1.5861	0.0000	0.0000	2.5642	1.7946	2.5472	5.9592	0.0000	0.0000	0.0000	0.0000	0.0000	0.0000	0.0000	0.0000	0.0000	0.0005	0.0002	0.0003	0.0002	0.0002	0.0000	0.0003	0.0000	0.0003	0.0539	0.0480	0.0059	0.0168	0.0161	0.0007	0.0371	0.0319	0.0052	0.0905	0.0571	0.0334	0.0348	0.0336	0.0012	0.0557	0.0235	0.0322	0.0036	0.0013	0.0159	0.0100	0.0022	0.0758	0.0003	0.0000	0.0011	0.0051	0.0031	0.0084	0.0056	0.0053	0.0144	0.0047	0.0000	0.0082
35	66	0.1464	13	0	1	0	0	0	0	0	0	N	N	N	N	N	N	N	N	N	N	N	N	0.5390	0.0053	11.1094	0.2855	0.0096	86.8066	1.7920	0.0005	8.0084	0.0281	0.0004	0.2492	0.0322	0.0011	0.7392	0.0263	0.0000	0.1831	0.0522	0.0712	0.0224	0.1127	0.1159	0.0085	0.0147	0.0017	0.0229	82.9611	0.2011	0.0007	-0.0008	2.5642	1.3569	2.5472	2.0560	0.0012	0.0000	0.0012	0.0004	0.0000	0.0004	0.0008	0.0000	0.0008	0.0022	0.0019	0.0004	0.0018	0.0018	0.0000	0.0004	0.0000	0.0004	0.0433	0.0385	0.0048	0.0136	0.0131	0.0006	0.0296	0.0254	0.0043	0.0427	0.0261	0.0166	0.0164	0.0159	0.0005	0.0264	0.0102	0.0162	0.5390	0.0053	11.1094	0.2855	0.0096	86.8066	1.7920	0.0005	8.0084	0.0522	0.0712	0.0224	0.1127	0.1159	0.0085	0.0147	0.0017	0.0229
35	67	0.1330	12	0	1	0	0	0	0	0	0	N	N	N	N	N	N	N	N	N	N	N	N	1251.2457	4.1009	22516.4441	894.1669	6.2365	165683.4834	3222.9869	6.7570	12911.0252	4.6127	0.0198	36.4953	7.4902	0.0544	92.9080	3.2001	0.0014	21.5524	0.0037	0.0048	0.0016	0.0084	0.0087	0.0006	0.0010	0.0002	0.0017	265.5783	0.1854	0.4483	-0.0001	2.5642	4.9477	2.5472	2.0153	0.7288	0.0027	0.7261	0.3897	0.0026	0.3871	0.3391	0.0001	0.3390	0.0003	0.0002	0.0000	0.0002	0.0002	0.0000	0.0000	0.0000	0.0000	0.1580	0.1381	0.0199	0.0520	0.0479	0.0042	0.1060	0.0902	0.0157	0.0693	0.0447	0.0247	0.0253	0.0242	0.0011	0.0440	0.0204	0.0236	1251.2457	4.1009	22516.4441	894.1669	6.2365	165683.4834	3222.9869	6.7570	12911.0252	0.0037	0.0048	0.0016	0.0084	0.0087	0.0006	0.0010	0.0002	0.0017
35	68	0.0560	6	0	0	1	0	0	0	0	0	N	N	N	N	N	N	N	N	N	N	N	N	0.0000	0.0000	0.0000	0.0000	0.0000	0.0000	0.0000	0.0000	0.0000	0.0000	0.0000	0.0000	0.0000	0.0000	0.0000	0.0000	0.0000	0.0000	0.0000	0.0000	0.0000	0.0000	0.0000	0.0000	0.0000	0.0000	0.0596	0.0000	-0.0000	2.5642	0.0000	2.5472	4.0001	0.0000	0.0000	0.0000	0.0000	0.0000	0.0000	0.0000	0.0000	0.0000	0.0000	0.0000	0.0000	0.0000	0.0000	0.0000	0.0000	0.0000	0.0000	0.0000	0.0000	0.0000	0.0000	0.0000	0.0000	0.0000	0.0000	0.0000	0.0468	0.0285	0.0183	0.0150	0.0146	0.0004	0.0317	0.0139	0.0178	0.0000	0.0000	0.0000	0.0000	0.0000	0.0000	0.0000	0.0000	0.0000	0.0000	0.0000	0.0000	0.0000	0.0000	0.0000	0.0000	0.0000	0.0000		
35	69	0.0337	5	0	0	0	0	0	0	0	0	N	N	N	N	N	N	N	N	N	N	N	N	0.0346	0.0378	0.0299	0.0335	0.0349	0.0000	0.0389	4.0411	0.0339	0.0082	0.0082	0.0078	0.0111	0.0116	0.0000	0.0069	0.0066	0.0088	0.2357	0.2171	0.2606	0.3325	0.3332	0.2570	0.1777	0.0016	0.2606	0.1163	0.8992	-0.0002	-0.0037	2.5642	2.8240	2.5472	8.9883	0.0008	0.0007	0.0001	0.0003	0.0003	0.0000	0.0005	0.0004	0.0001	0.0530	0.0279	0.0251	0.0280	0.0278	0.0002	0.0250	0.0001	0.0249	0.0934	0.0832	0.0102	0.0277	0.0265	0.0012	0.0657	0.0567	0.0090	0.2249	0.1286	0.0963	0.0843	0.0836	0.0007	0.1407	0.0450	0.0956	0.0346	0.0378	0.0299	0.0335	0.0349	0.0000	0.0389	4.0411	0.0339	0.2357	0.2171	0.2606	0.3325	0.3332	0.2570	0.1777	0.0016	0.2606
35	70	0.0248	4	0	0	0	0	0	0	0	0	N	N	N	N	N	N	N	N	N	N	N	N	0.0049	0.0026	0.0222	0.0077	0.0079	0.0031	0.0043	0.0420	0.0242	0.0068	0.0034	0.0325	0.0121	0.0126	0.0023	0.0052	0.0004	0.0354	1.3870	1.3218	1.4627	1.5857	1.5873	0.7497	1.2263	0.0100	1.4641	1.2479	0.9545	0.0000	-0.0189	2.5642	1.4521	2.5472	3.5882	0.0003	0.0001	0.0002	0.0001	0.0001	0.0000	0.0002	0.0000	0.0002	0.3464	0.1772	0.1692	0.1771	0.1770	0.0001	0.1693	0.0002	0.1691	0.0406	0.0359	0.0047	0.0092	0.0088	0.0004	0.0313	0.0270	0.0043	0.2497	0.1341	0.1157	0.1117	0.1115	0.0002	0.1381	0.0226	0.1155	0.0049	0.0026	0.0222	0.0077	0.0079	0.0045	0.0043	0.0420	0.0242	1.3870	1.3218	1.4627	1.5857	1.5873	0.5119	1.2263	0.0100	1.4641
35	71	0.0220	3	0	0	0	0	0	0	0	0	N	N	N	N	N	N	N	N	N	N	N	N	0.0353	0.0221	0.1159	0.0625	0.0643	0.0062	0.0256	0.1055	0.1228	0.0352	0.0210	0.1220	0.0673	0.0693	0.0060	0.0238	0.0007	0.1293	0.9983	0.9506	1.0523	1.0767	1.0771	0.9742	0.9293	0.0062	1.0527	0.9507	0.9801	0.0001	-0.0087	2.5642	1.1783	2.5472	0.9542	0.0014	0.0007	0.0007	0.0007	0.0007	0.0000	0.0007	0.0000	0.0007	0.1818	0.0918	0.0900	0.0918	0.0917	0.0001	0.0900	0.0001	0.0899	0.0391	0.0336	0.0055	0.0103	0.0100	0.0003	0.0288	0.0237	0.0052	0.1821	0.0966	0.0855	0.0853	0.0852	0.0001	0.0968	0.0114	0.0854	0.0353	0.0221	0.1159	0.0625	0.0643	0.0081	0.0256	0.1055	0.1228	0.9983	0.9506	1.0523	1.0767	1.0771	0.7449	0.9293	0.0062	1.0527
35	72	0.0175	2	0	0	0	0	0	0	0	0	N	N	N	N	N	N	N	N	N	N	N	N	0.0564	0.0354	0.1911	0.1113	0.1157	0.0037	0.0409	0.3956	0.2042	0.0468	0.0277	0.1688	0.1044	0.1086	0.0023	0.0304	0.0014	0.1804	0.8297	0.7830	0.8831	0.9384	0.9389	0.6077	0.7427	0.0035	0.8835	0.9486	0.9878	0.0003	-0.0069	2.5642	2.0762	2.5472	1.4610	0.0029	0.0015	0.0014	0.0014	0.0014	0.0000	0.0014	0.0001	0.0014	0.1490	0.0750	0.0740	0.0749	0.0749	0.0000	0.0741	0.0001	0.0740	0.0611	0.0529	0.0082	0.0135	0.0130	0.0005	0.0476	0.0399	0.0077	0.1796	0.0957	0.0838	0.0799	0.0798	0.0001	0.0997	0.0160	0.0838	0.0564	0.0354	0.1911	0.1113	0.1157	0.0054	0.0409	0.3956	0.2042	0.8297	0.7830	0.8831	0.9384	0.9389	0.4201	0.7427	0.0035	0.8835
35	73	0.0580	4	0	0	0	0	0	0	0	0	N	N	N	N	N	N	N	N	N	N	N	N	0.4653	0.4336	1.5319	0.9522	0.9353	53.9256	0.4025	0.1161	1.5467	0.0144	0.0034	0.1054	0.0099	0.0100	0.0004	0.0161	0.0006	0.1091	0.0310	0.0078	0.0688	0.0104	0.0107	0.0000	0.0399	0.0052	0.0705	3.7602	5.3807	0.0008	0.0019	2.5642	4.0673	2.5472	17.8409	0.0019	0.0004	0.0015	0.0003	0.0003	0.0000	0.0015	0.0001	0.0015	0.0063	0.0010	0.0053	0.0006	0.0006	0.0000	0.0057	0.0003	0.0053	0.1310	0.1168	0.0142	0.0350	0.0345	0.0005	0.0960	0.0823	0.0137	0.2044	0.1267	0.0776	0.0618	0.0599	0.0019	0.1426	0.0668	0.0757	0.4653	0.4336	1.5319	0.9522	0.9353	53.9256	0.4025	0.1161	1.5467	0.0310	0.0078	0.0688	0.0104	0.0107	0.0000	0.0399	0.0052	0.0705
35	75	0.1947	8	0	0	0	0	0	0	0	0	N	N	N	N	N	N	N	N	N	N	N	N	2.3957	0.0781	28.4299	0.2269	0.1547	26.0915	3.8222	0.0165	25.2048	1.0507	0.0395	8.6886	0.0987	0.0795	0.5104	1.6934	0.0087	10.1730	0.4386	0.5063	0.3056	0.4348	0.5136	0.0196	0.4430	0.5266	0.4036	29.0839	0.3074	0.0960	-0.1104	2.5642	3.5843	2.5472	46.7516	0.1639	0.0054	0.1585	0.0062	0.0048	0.0014	0.1577	0.0007	0.1570	0.3585	0.2742	0.0843	0.1919	0.1905	0.0014	0.1667	0.0838	0.0829	0.1560	0.1378	0.0182	0.0629	0.0601	0.0028	0.0931	0.0777	0.0154	0.8175	0.5416	0.2759	0.4413	0.3709	0.0704	0.3762	0.1708	0.2055	2.3957	0.0781	28.4299	0.2269	0.1547	26.0915	3.8222	0.0177	25.2048	0.4386	0.5063	0.3056	0.4348	0.5136	0.0196	0.4430	0.4905	0.4036
35	76	0.1598	14	1	1	1	0	0	0	0	0	N	N	N	N	N	N	N	N	N	N	N	N	0.0000	0.0000	0.0000	0.0000	0.0000	0.0000	0.0000	0.0000	0.0000	0.0000	0.0000	0.0000	0.0000	0.0000	0.0000	0.0000	0.0000	0.0000	0.0377	0.0587	0.0000	0.0975	0.1024	0.0002	0.0000	0.0001	0.0000	0.0004	0.0000	-0.0004	2.5642	1.0003	2.5472	1.0071	0.0000	0.0000	0.0000	0.0000	0.0000	0.0000	0.0000	0.0000	0.0000	0.0007	0.0007	0.0000	0.0007	0.0007	0.0000	0.0000	0.0000	0.0000	0.0284	0.0253	0.0031	0.0096	0.0091	0.0004	0.0188	0.0162	0.0026	0.0197	0.0126	0.0070	0.0076	0.0072	0.0004	0.0121	0.0054	0.0067	0.0000	0.0000	0.0000	0.0000	0.0000	0.0000	0.0000	0.0000	0.0000	0.0377	0.0587	0.0000	0.0975	0.1024	0.0002	0.0000	0.0001	0.0000	
35	77	0.1531	13	1	0	1	0	0	0	0	0	N	N	N	N	N	N	N	N	N	N	N	N	0.0000	0.0000	0.0000	0.0000	0.0000	0.0000	0.0000	0.0000	0.0000	0.0000	0.0000	0.0000	0.0000	0.0000	0.0000	0.0000	0.0000	0.0000	7.0871	9.6504	0.0052	14.1984	15.9473	0.0147	0.0108	0.0166	0.0027	0.0002	0.0000	-0.3320	2.5642	0.9901	2.5472	2.2068	0.0000	0.0000	0.0000	0.0000	0.0000	0.0000	0.0000	0.0000	0.0000	0.6117	0.6115	0.0001	0.6112	0.6111	0.0001	0.0005	0.0004	0.0000	0.0284	0.0253	0.0031	0.0096	0.0091	0.0004	0.0189	0.0162	0.0026	0.0863	0.0634	0.0229	0.0430	0.0383	0.0047	0.0433	0.0250	0.0182	0.0000	0.0000	0.0000	0.0000	0.0000	0.0000	0.0000	0.0000	0.0000	7.0871	9.6504	0.0052	14.1984	15.9473	0.0147	0.0108	0.0166	0.0027	
35	78	0.0755	5	0	1	0	0	0	0	0	0	N	N	N	N	N	N	N	N	N	N	N	N	1.7641	0.0068	9.4764	0.0056	0.0055	0.0164	2.6713	6.2920	9.8616	3.6064	0.0083	33.6001	0.0126	0.0128	0.0033	5.1457	0.0061	36.1388	2.0443	1.2246	3.5457	2.2622	2.3359	0.2019	1.9263	0.0010	3.6646	485.9517	1.5808	0.5988	0.0370	2.5642	8.4371	2.5472	15.3349	0.9707	0.0020	0.9687	0.0010	0.0010	0.0000	0.9696	0.0010	0.9687	0.5315	0.2059	0.3256	0.2065	0.2059	0.0006	0.3250	0.0001	0.3249	0.2692	0.2403	0.0288	0.0807	0.0787	0.0020	0.1884	0.1616	0.0268	0.2600	0.1682	0.0918	0.0913	0.0881	0.0032	0.1687	0.0800	0.0887	1.7641	0.0068	9.4764	0.0056	0.0055	0.0164	2.6713	6.2920	9.8616	2.0443	1.2246	3.5457	2.2622	2.3359	0.2019	1.9263	0.0010	3.6646
35	79	0.1531	13	1	0	1	0	0	0	0	0	N	N	N	N	N	N	N	N	N	N	N	N	0.0000	0.0000	0.4424	0.0000	0.0000	0.0000	0.0000	0.0000	0.5652	0.0001	0.0000	0.0011	0.0000	0.0000	0.0000	0.0002	0.0000	0.0013	5.8220	8.3654	0.0025	3.7455	3.8016	0.0039	7.7142	14.6733	0.0023	inf	0.0001	0.0000	-0.4280	2.5642	3.0096	2.5472	5.7427	0.0000	0.0000	0.0000	0.0000	0.0000	0.0000	0.0000	0.0000	0.0000	0.7885	0.7884	0.0001	0.2079	0.2079	0.0000	0.5806	0.5805	0.0001	0.0849	0.0757	0.0092	0.0284	0.0271	0.0013	0.0565	0.0486	0.0079	0.1354	0.0942	0.0412	0.0602	0.0547	0.0055	0.0753	0.0396	0.0357	0.0000	0.0000	0.4424	0.0000	0.0000	0.0000	0.0000	0.0000	0.5652	5.8220	8.3654	0.0025	3.4553	3.8016	0.0039	7.7142	14.6733	0.0023
35	80	0.1375	12	1	0	1	0	0	0	0	0	N	N	N	N	N	N	N	N	N	N	N	N	0.0000	0.0000	0.0000	0.0000	0.0000	0.0000	0.0000	0.0000	0.0000	0.0000	0.0000	0.0000	0.0000	0.0000	0.0000	0.0000	0.0000	0.0000	7.8909	12.2997	0.0272	0.1299	0.1345	0.0060	12.1588	26.2288	0.0279	0.0012	0.0000	-0.3311	2.5642	1.0477	2.5472	6.1154	0.0000	0.0000	0.0000	0.0000	0.0000	0.0000	0.0000	0.0000	0.0000	0.6113	0.6105	0.0008	0.0036	0.0036	0.0000	0.6077	0.6069	0.0008	0.0322	0.0289	0.0034	0.0112	0.0107	0.0005	0.0211	0.0182	0.0029	0.0775	0.0496	0.0278	0.0275	0.0265	0.0010	0.0500	0.0231	0.0268	0.0000	0.0000	0.0000	0.0000	0.0000	0.0000	0.0000	0.0000	0.0000	7.8909	12.2997	0.0272	0.1299	0.1345	0.0060	12.1588	26.2288	0.0279	
35	81	0.1310	11	0	0	0	0	0	0	0	0	N	N	N	N	N	N	N	N	N	N	N	N	0.0000	0.0000	0.0000	0.0000	0.0000	0.0000	0.0000	0.0000	0.0000	0.0000	0.0000	0.0000	0.0000	0.0000	0.0000	0.0000	0.0000	0.0000	0.2691	0.3996	0.0436	0.0494	0.0514	0.0003	0.3772	0.7736	0.0452	0.0632	0.0000	-0.0039	2.5642	1.9794	2.5472	1.0196	0.0000	0.0000	0.0000	0.0000	0.0000	0.0000	0.0000	0.0000	0.0000	0.0080	0.0076	0.0005	0.0005	0.0005	0.0000	0.0076	0.0071	0.0005	0.0573	0.0510	0.0063	0.0179	0.0171	0.0008	0.0394	0.0339	0.0054	0.0299	0.0189	0.0110	0.0099	0.0095	0.0004	0.0200	0.0095	0.0106	0.0000	0.0000	0.0000	0.0000	0.0000	0.0000	0.0000	0.0000	0.0000	0.2691	0.3996	0.0436	0.0494	0.0514	0.0003	0.3772	0.7489	0.0452	
35	82	0.1288	10	0	0	0	0	0	0	0	0	N	N	N	N	N	N	N	N	N	N	N	N	0.0525	0.0293	0.2422	0.0532	0.0548	0.0000	0.0551	0.0002	0.2765	0.0003	0.0002	0.0015	0.0005	0.0006	0.0000	0.0002	0.0000	0.0017	0.0063	0.0064	0.0061	0.0103	0.0105	0.0059	0.0043	0.0021	0.0061	0.9864	0.5580	0.0000	-0.0000	2.5642	1.0114	2.5472	0.0202	0.0000	0.0000	0.0000	0.0000	0.0000	0.0000	0.0000	0.0000	0.0000	0.0001	0.0000	0.0000	0.0000	0.0000	0.0000	0.0000	0.0000	0.0000	0.0294	0.0262	0.0033	0.0089	0.0085	0.0004	0.0206	0.0177	0.0029	0.0107	0.0068	0.0039	0.0036	0.0034	0.0001	0.0071	0.0033	0.0038	0.0525	0.0293	0.2422	0.0532	0.0548	0.0000	0.0551	0.0002	0.2765	0.0063	0.0064	0.0061	0.0103	0.0105	0.0059	0.0043	0.0021	0.0061
35	83	0.1083	9	0	0	0	0	0	0	0	0	N	N	N	N	N	N	N	N	N	N	N	N	63.9176	29.9218	396.7135	115.7754	117.4445	0.3175	43.9081	0.0410	430.8925	2.3871	1.3877	8.7671	3.6494	3.8034	0.0026	1.7699	0.0025	9.7220	0.0373	0.0464	0.0221	0.0315	0.0324	0.0083	0.0403	0.0614	0.0226	0.9897	0.2822	0.0553	-0.0012	2.5642	5.9223	2.5472	3.6882	0.4758	0.2391	0.2366	0.2388	0.2388	0.0000	0.2369	0.0003	0.2366	0.0038	0.0030	0.0008	0.0011	0.0011	0.0000	0.0027	0.0019	0.0008	0.1993	0.1723	0.0270	0.0654	0.0628	0.0027	0.1339	0.1095	0.0243	0.1018	0.0639	0.0379	0.0343	0.0331	0.0012	0.0675	0.0308	0.0366	63.9176	29.9218	396.7135	115.7754	117.4445	0.3175	43.9081	0.0410	430.8925	0.0373	0.0464	0.0221	0.0315	0.0324	0.0083	0.0403	0.0614	0.0226
35	84	0.0954	7	0	1	0	0	0	0	0	0	N	N	N	N	N	N	N	N	N	N	N	N	0.0062	0.0086	0.0004	0.0023	0.0022	0.0033	0.0096	0.1414	0.0004	0.0087	0.0096	0.0007	0.0046	0.0048	0.0001	0.0103	0.0118	0.0008	1.3992	1.1135	1.9092	2.0441	2.1303	0.0364	1.0724	0.0836	1.9843	0.0092	0.9607	-0.0007	-0.0259	2.5642	7.1084	2.5472	28.8937	0.0018	0.0018	0.0000	0.0003	0.0003	0.0000	0.0015	0.0015	0.0000	0.4895	0.2496	0.2398	0.2405	0.2403	0.0002	0.2490	0.0093	0.2397	0.2105	0.1878	0.0227	0.0603	0.0586	0.0017	0.1502	0.1292	0.0211	0.3498	0.2242	0.1256	0.1177	0.1128	0.0048	0.2322	0.1114	0.1208	0.0062	0.0086	0.0004	0.0023	0.0022	0.0033	0.0096	0.1414	0.0004	1.3992	1.1135	1.9092	2.0441	2.1303	0.0364	1.0724	0.0836	1.9843
35	85	0.0879	6	0	1	0	0	0	0	0	0	N	N	N	N	N	N	N	N	N	N	N	N	0.0196	0.2746	0.0160	0.1688	0.1843	0.0141	0.0131	5.2711	0.0187	0.0218	0.0181	0.0519	0.0199	0.0206	0.0060	0.0231	0.0162	0.0625	1.1130	0.0660	3.2495	0.1178	0.1120	0.4221	1.7699	0.0031	3.3415	0.3533	24.1412	-0.0003	0.0477	2.5642	2.2208	2.5472	3.9129	0.0021	0.0016	0.0005	0.0008	0.0008	0.0000	0.0013	0.0008	0.0005	0.1143	0.0045	0.1098	0.0048	0.0045	0.0004	0.1095	0.0001	0.1094	0.0965	0.0859	0.0106	0.0387	0.0367	0.0020	0.0578	0.0492	0.0086	0.1027	0.0689	0.0338	0.0408	0.0398	0.0010	0.0619	0.0291	0.0327	0.0196	0.2746	0.0160	0.1688	0.1843	0.0175	0.0131	5.2711	0.0187	1.1130	0.0660	3.2495	0.1178	0.1120	0.3403	1.7699	0.0031	3.3415
35	86	0.1634	8	0	0	1	0	0	0	0	0	N	N	N	N	N	N	N	N	N	N	N	N	313.4476	273.3730	1.1621	33.4062	34.7053	1.5326	1511.5051	24980.5919	0.7067	4.5814	5.1403	0.0093	1.0443	1.0828	0.0496	6.1101	7.1034	0.0046	0.0146	0.0188	0.0080	0.0313	0.0312	0.0323	0.0040	0.0003	0.0066	0.0002	0.2678	-0.3054	-0.0007	2.5642	5.3425	2.5472	7.0749	0.8020	0.8018	0.0002	0.0552	0.0551	0.0001	0.7468	0.7468	0.0001	0.0022	0.0017	0.0005	0.0018	0.0017	0.0001	0.0004	0.0000	0.0004	0.1751	0.1560	0.0191	0.0528	0.0509	0.0020	0.1222	0.1051	0.0171	0.1478	0.0906	0.0572	0.0574	0.0543	0.0031	0.0904	0.0363	0.0540	313.4476	273.3730	1.1621	33.4062	34.7053	1.5326	1511.5051	24980.5919	0.7067	0.0146	0.0188	0.0080	0.0313	0.0312	0.0323	0.0040	0.0003	0.0066
35	87	0.1202	7	0	0	0	0	0	0	0	0	N	N	N	N	N	N	N	N	N	N	N	N	0.2808	0.1455	1.9887	0.2891	0.1223	4.9588	0.4606	5.1880	0.2154	0.0815	0.0512	0.3423	0.1691	0.0734	2.7261	0.0378	0.0388	0.0320	0.2901	0.3516	0.1721	0.5847	0.6002	0.5497	0.0821	0.0075	0.1485	0.7772	0.2549	0.0011	-0.0273	2.5642	7.0719	2.5472	13.7350	0.0200	0.0113	0.0088	0.0138	0.0058	0.0080	0.0062	0.0055	0.0007	0.0804	0.0641	0.0163	0.0671	0.0635	0.0036	0.0133	0.0006	0.0128	0.2459	0.2203	0.0256	0.0818	0.0788	0.0029	0.1641	0.1415	0.0226	0.2771	0.1823	0.0949	0.1147	0.1058	0.0089	0.1624	0.0765	0.0860	0.2808	0.1455	1.9887	0.2891	0.1223	6.8164	0.4606	5.1880	0.2154	0.2901	0.3516	0.1721	0.5847	0.6002	0.3999	0.0821	0.0075	0.1485
35	88	0.1634	15	1	0	1	0	0	0	0	0	N	N	N	N	N	N	N	N	N	N	N	N	0.0000	0.0000	0.0000	0.0000	0.0000	0.0000	0.0000	0.0000	0.0000	0.0000	0.0000	0.0000	0.0000	0.0000	0.0000	0.0000	0.0000	0.0000	0.0000	0.0000	2.5642	0.0000	2.5472	0.0000	0.0000	0.0000	0.0000	0.0000	0.0000	0.0000	0.0000	0.0000	0.0000	0.0000	0.0000	0.0000	0.0000	0.0000	0.0000	0.0000	0.0000	0.0000	0.0000	0.0000	0.0000	0.0000	0.0000	0.0000	0.0000	0.0000	0.0000	0.0000	0.0000	0.0000	0.0000	0.0000	0.0000	0.0000	0.0000	0.0000	0.0000	0.0000	0.0000	0.0000	0.0000	0.0000	0.0000	0.0000	0.0000	0.0000	0.0000	0.0000	0.0000	0.0000	0.0000	0.0000	0.0000	0.0000											
35	89	0.1615	14	1	0	1	0	0	0	0	0	N	N	N	N	N	N	N	N	N	N	N	N	0.0000	0.0000	0.0000	0.0000	0.0000	0.0000	0.0000	0.0000	0.0000	0.0000	0.0000	0.0000	0.0000	0.0000	0.0000	0.0000	0.0000	0.0000	0.0001	0.0001	0.0001	0.0002	0.0001	0.0037	0.0000	0.0000	0.0000	1.0588	0.0000	-0.0000	2.5642	0.0001	2.5472	0.9161	0.0000	0.0000	0.0000	0.0000	0.0000	0.0000	0.0000	0.0000	0.0000	0.0000	0.0000	0.0000	0.0000	0.0000	0.0000	0.0000	0.0000	0.0000	0.0000	0.0000	0.0000	0.0000	0.0000	0.0000	0.0000	0.0000	0.0000	0.0136	0.0093	0.0043	0.0056	0.0054	0.0002	0.0080	0.0039	0.0042	0.0000	0.0000	0.0000	0.0000	0.0000	0.0000	0.0000	0.0000	0.0000	0.0001	0.0001	0.0001	0.0002	0.0001	0.0037	0.0000	0.0000	0.0000	
35	90	0.1367	13	1	0	1	0	0	0	0	0	N	N	N	N	N	N	N	N	N	N	N	N	48.8922	37.6008	0.1787	245.9617	267.1421	0.0031	27.6718	15.8214	0.2304	0.1256	0.1411	0.0001	0.1769	0.1867	0.0000	0.1007	0.1168	0.0001	0.0026	0.0038	0.0004	0.0007	0.0007	0.0012	0.0036	0.0074	0.0004	0.0001	0.0589	-0.0055	-0.0001	2.5642	3.7876	2.5472	7.8440	0.0145	0.0145	0.0000	0.0067	0.0067	0.0000	0.0078	0.0078	0.0000	0.0003	0.0003	0.0000	0.0000	0.0000	0.0000	0.0003	0.0002	0.0000	0.1154	0.1027	0.0127	0.0377	0.0357	0.0020	0.0777	0.0670	0.0107	0.1145	0.0740	0.0405	0.0419	0.0402	0.0018	0.0725	0.0338	0.0387	48.8922	37.6008	0.1787	245.9617	267.1421	0.0031	27.6718	15.8214	0.2304	0.0026	0.0038	0.0004	0.0007	0.0007	0.0012	0.0036	0.0074	0.0004
35	91	0.0475	3	0	1	0	1	0	0	0	0	N	N	N	N	N	N	N	N	N	N	N	N	0.0009	0.0004	2.8592	0.0011	0.0011	0.0074	0.0007	0.0000	6.3688	0.0020	0.0013	0.0080	0.0039	0.0039	0.0003	0.0012	0.0000	0.0082	2.1365	3.4619	0.0028	3.6103	3.4239	0.0349	1.6072	3.4994	0.0013	0.7499	0.0005	0.0000	-0.2276	2.5642	1.8247	2.5472	16.3284	0.0001	0.0001	0.0001	0.0001	0.0001	0.0000	0.0001	0.0000	0.0001	0.4196	0.4193	0.0002	0.2059	0.2058	0.0001	0.2136	0.2135	0.0001	0.0658	0.0588	0.0070	0.0191	0.0189	0.0002	0.0467	0.0399	0.0068	0.1964	0.1211	0.0752	0.0635	0.0601	0.0033	0.1329	0.0610	0.0719	0.0009	0.0004	2.8592	0.0012	0.0011	0.0074	0.0007	0.0000	6.3688	2.1365	3.4619	0.0028	3.2452	3.4239	0.0349	1.6072	3.4994	0.0013
35	92	0.0580	4	0	1	0	0	0	0	0	0	N	N	N	N	N	N	N	N	N	N	N	N	18.7127	6.9711	783.0335	22.4315	22.0435	2852.5897	17.3230	0.0000	790.8608	0.0125	0.0072	0.0559	0.0253	0.0257	0.0019	0.0081	0.0000	0.0579	0.0007	0.0010	0.0001	0.0011	0.0012	0.0000	0.0005	0.0009	0.0001	0.9468	0.0423	0.0004	-0.0001	2.5642	9.1310	2.5472	16.1726	0.0034	0.0017	0.0017	0.0017	0.0017	0.0000	0.0017	0.0000	0.0017	0.0002	0.0001	0.0000	0.0001	0.0001	0.0000	0.0001	0.0001	0.0000	0.2718	0.2423	0.0295	0.0691	0.0680	0.0010	0.2027	0.1742	0.0285	0.2316	0.1437	0.0880	0.0698	0.0676	0.0022	0.1619	0.0761	0.0858	18.7127	6.9711	783.0335	22.4315	22.0435	2852.5897	17.3230	0.0000	790.8608	0.0007	0.0010	0.0001	0.0011	0.0012	0.0000	0.0005	0.0009	0.0001
35	93	0.0382	4	0	1	0	0	0	0	0	0	N	N	N	N	N	N	N	N	N	N	N	N	0.0741	0.0865	0.0553	0.0507	0.0514	0.0213	0.0949	108.3863	0.0584	0.0172	0.0174	0.0151	0.0154	0.0159	0.0014	0.0177	0.0180	0.0162	0.2317	0.2015	0.2728	0.3034	0.3102	0.0648	0.1868	0.0002	0.2782	0.1156	0.9939	-0.0006	-0.0025	2.5642	4.0959	2.5472	8.7137	0.0021	0.0019	0.0002	0.0005	0.0005	0.0000	0.0017	0.0015	0.0002	0.0564	0.0283	0.0281	0.0284	0.0283	0.0002	0.0280	0.0000	0.0279	0.1248	0.1101	0.0147	0.0302	0.0291	0.0011	0.0946	0.0810	0.0136	0.2434	0.1404	0.1030	0.0938	0.0912	0.0026	0.1497	0.0492	0.1005	0.0741	0.0865	0.0553	0.0507	0.0514	0.0213	0.0949	108.3863	0.0584	0.2317	0.2015	0.2728	0.3034	0.3102	0.0648	0.1868	0.0002	0.2782
35	94	0.0199	3	0	1	0	0	0	0	0	0	N	N	N	N	N	N	N	N	N	N	N	N	6.4533	4.0205	23.9277	9.8285	10.1785	0.3142	5.5167	0.0165	25.6912	3.2724	1.8643	13.4607	7.2056	7.4911	0.0207	2.1151	0.0001	14.4964	0.5071	0.4637	0.5626	0.7331	0.7360	0.0658	0.3834	0.0050	0.5643	0.9978	0.9487	0.0339	-0.0047	2.5642	2.9443	2.5472	6.1524	0.2863	0.1433	0.1430	0.1433	0.1433	0.0000	0.1430	0.0000	0.1430	0.0830	0.0426	0.0404	0.0424	0.0424	0.0000	0.0405	0.0002	0.0404	0.0875	0.0769	0.0106	0.0199	0.0191	0.0008	0.0676	0.0577	0.0099	0.1636	0.0918	0.0718	0.0579	0.0576	0.0002	0.1058	0.0342	0.0716	6.4533	4.0205	23.9277	9.8285	10.1785	0.3142	5.5167	0.0165	25.6912	0.5071	0.4637	0.5626	0.7331	0.7360	0.0658	0.3834	0.0050	0.5643
35	95	0.0175	2	0	0	0	0	0	0	0	0	N	N	N	N	N	N	N	N	N	N	N	N	0.1124	0.0851	0.2684	0.1953	0.2018	0.0014	0.0859	5.8937	0.2830	0.0736	0.0528	0.1862	0.1378	0.1424	0.0010	0.0525	0.0172	0.1963	0.6547	0.6199	0.6937	0.7055	0.7057	0.7600	0.6106	0.0029	0.6938	0.6527	0.9983	0.0000	-0.0047	2.5642	0.8596	2.5472	1.2300	0.0021	0.0013	0.0008	0.0010	0.0010	0.0000	0.0011	0.0003	0.0008	0.1083	0.0542	0.0541	0.0542	0.0541	0.0000	0.0541	0.0000	0.0541	0.0281	0.0237	0.0044	0.0070	0.0067	0.0002	0.0211	0.0170	0.0042	0.1654	0.0874	0.0780	0.0768	0.0767	0.0001	0.0886	0.0107	0.0779	0.1124	0.0851	0.2684	0.1953	0.2018	0.0020	0.0859	5.8937	0.2830	0.6547	0.6199	0.6937	0.7055	0.7057	0.5157	0.6106	0.0029	0.6938
35	98	0.1367	13	0	1	0	0	0	0	0	0	N	N	N	N	N	N	N	N	N	N	N	N	107.2566	793.2272	0.0249	616.3361	674.6097	0.0070	64.0755	1225.9596	0.0297	0.3149	0.3526	0.0002	0.3833	0.4065	0.0000	0.2733	0.3168	0.0002	0.0029	0.0004	0.0075	0.0006	0.0006	0.0011	0.0043	0.0003	0.0078	0.0001	9.2307	-0.0055	0.0001	2.5642	1.3608	2.5472	12.1483	0.0145	0.0145	0.0000	0.0067	0.0067	0.0000	0.0078	0.0078	0.0000	0.0004	0.0000	0.0003	0.0000	0.0000	0.0000	0.0004	0.0000	0.0003	0.0460	0.0411	0.0049	0.0174	0.0164	0.0010	0.0286	0.0247	0.0039	0.1305	0.0842	0.0463	0.0476	0.0455	0.0020	0.0829	0.0387	0.0442	107.2566	793.2272	0.0249	616.3361	674.6097	0.0070	64.0755	1225.9596	0.0297	0.0029	0.0004	0.0075	0.0006	0.0006	0.0011	0.0043	0.0003	0.0078
35	99	0.1330	12	0	0	0	0	0	0	0	0	N	N	N	N	N	N	N	N	N	N	N	N	16442.0221	19798.6420	859.1112	15798.6822	17126.8999	36900.2387	16872.6443	26473.8625	569.6179	9.5987	11.1900	0.5319	10.5278	11.8359	0.8908	8.9967	10.7468	0.3670	0.0006	0.0006	0.0006	0.0007	0.0007	0.0000	0.0005	0.0004	0.0006	0.0083	0.5773	-0.2204	-0.0000	2.5642	1.5300	2.5472	0.7696	0.5911	0.5862	0.0049	0.2549	0.2523	0.0026	0.3362	0.3339	0.0023	0.0000	0.0000	0.0000	0.0000	0.0000	0.0000	0.0000	0.0000	0.0000	0.0616	0.0524	0.0092	0.0242	0.0213	0.0029	0.0374	0.0311	0.0063	0.0261	0.0171	0.0090	0.0099	0.0096	0.0004	0.0162	0.0076	0.0087	16442.0221	19798.6420	859.1112	15798.6822	17126.8999	36900.2387	16872.6443	26473.8625	569.6179	0.0006	0.0006	0.0006	0.0007	0.0007	0.0000	0.0005	0.0004	0.0006
35	100	0.1242	11	0	0	0	0	0	0	0	0	N	N	N	N	N	N	N	N	N	N	N	N	21424.2419	76987.4959	22934.8364	9609.1033	6386.3697	395854.5060	22073.2572	2658716.3577	23055.4640	5.2426	3.7253	13.5912	0.8269	0.5726	6.3001	7.3325	5.5202	14.3364	0.0002	0.0000	0.0006	0.0001	0.0001	0.0000	0.0003	0.0000	0.0006	0.6631	6.9108	0.0113	0.0000	2.5642	3.6906	2.5472	1.4800	0.6393	0.3844	0.2549	0.0324	0.0214	0.0110	0.6069	0.3630	0.2439	0.0000	0.0000	0.0000	0.0000	0.0000	0.0000	0.0000	0.0000	0.0000	0.1219	0.1032	0.0188	0.0392	0.0374	0.0017	0.0828	0.0658	0.0170	0.0522	0.0334	0.0188	0.0186	0.0176	0.0009	0.0336	0.0157	0.0179	21424.2419	76987.4959	22934.8364	9609.1033	6386.3697	395854.5060	22073.2572	2658716.3577	23055.4640	0.0002	0.0000	0.0006	0.0001	0.0001	0.0000	0.0003	0.0000	0.0006
35	101	0.1242	10	0	0	0	0	0	0	0	0	N	N	N	N	N	N	N	N	N	N	N	N	8960.8867	16530.8714	1548.1553	7390.2709	7277.5003	2422.8624	10446.1996	538122.0787	1514.0995	4.6400	6.6471	1.1464	4.8394	5.0226	0.2424	4.4588	10.8464	1.1940	0.0005	0.0004	0.0007	0.0007	0.0007	0.0001	0.0004	0.0000	0.0008	0.0991	0.9569	-0.0283	-0.0000	2.5642	0.1361	2.5472	0.4500	0.0972	0.0885	0.0088	0.0483	0.0482	0.0001	0.0489	0.0403	0.0087	0.0000	0.0000	0.0000	0.0000	0.0000	0.0000	0.0000	0.0000	0.0000	0.0210	0.0133	0.0076	0.0100	0.0096	0.0004	0.0110	0.0037	0.0073	0.0075	0.0050	0.0026	0.0030	0.0028	0.0002	0.0045	0.0021	0.0024	8960.8867	16530.8714	1548.1553	7390.2709	7277.5003	2422.8624	10446.1996	538122.0787	1514.0995	0.0005	0.0004	0.0007	0.0007	0.0007	0.0001	0.0004	0.0000	0.0008
35	102	0.1083	9	0	0	0	0	0	0	0	0	N	N	N	N	N	N	N	N	N	N	N	N	24.6896	31.0437	19.4115	6.5341	6.6725	0.5318	43.5846	294567.9717	21.0224	0.4365	0.4312	0.4674	0.1709	0.1773	0.0078	0.5802	0.5978	0.5127	0.0177	0.0139	0.0241	0.0262	0.0266	0.0147	0.0133	0.0000	0.0244	0.1879	1.0273	-0.0131	-0.0001	2.5642	3.5591	2.5472	4.5341	0.0587	0.0494	0.0093	0.0081	0.0081	0.0000	0.0506	0.0413	0.0093	0.0016	0.0008	0.0008	0.0008	0.0008	0.0000	0.0008	0.0000	0.0008	0.1344	0.1146	0.0199	0.0472	0.0454	0.0018	0.0872	0.0692	0.0181	0.0878	0.0551	0.0327	0.0299	0.0288	0.0010	0.0579	0.0263	0.0316	24.6896	31.0437	19.4115	6.5341	6.6725	0.5318	43.5846	294567.9717	21.0224	0.0177	0.0139	0.0241	0.0262	0.0266	0.0147	0.0133	0.0000	0.0244
35	103	0.0866	8	0	0	0	0	0	0	0	0	N	N	N	N	N	N	N	N	N	N	N	N	0.3708	0.3471	0.8073	0.6773	0.6968	0.0358	0.2038	5.8726	0.8868	0.1901	0.1499	0.5052	0.4445	0.4618	0.0216	0.0858	0.0064	0.5596	0.5127	0.4318	0.6257	0.6563	0.6628	0.6029	0.4209	0.0011	0.6310	0.4303	1.0370	-0.0015	-0.0031	2.5642	2.8937	2.5472	8.0733	0.0185	0.0129	0.0056	0.0126	0.0126	0.0000	0.0059	0.0004	0.0055	0.0920	0.0452	0.0468	0.0459	0.0451	0.0008	0.0461	0.0000	0.0460	0.0973	0.0863	0.0110	0.0283	0.0272	0.0011	0.0690	0.0591	0.0099	0.1794	0.1046	0.0748	0.0699	0.0681	0.0019	0.1095	0.0365	0.0730	0.3708	0.3471	0.8073	0.6773	0.6968	0.0515	0.2038	5.8726	0.8868	0.5127	0.4318	0.6257	0.6563	0.6628	0.4187	0.4209	0.0011	0.6310
35	104	0.0814	4	0	1	0	0	0	0	0	0	N	N	N	N	N	N	N	N	N	N	N	N	0.0067	0.0054	0.0155	0.0013	0.0016	0.0000	0.0159	0.9043	0.0215	0.0001	0.0001	0.0006	0.0000	0.0000	0.0000	0.0002	0.0001	0.0007	0.0221	0.0154	0.0404	0.0349	0.0283	0.1928	0.0130	0.0001	0.0302	0.9981	0.9534	0.0000	-0.0000	2.5642	0.0277	2.5472	1.3445	0.0000	0.0000	0.0000	0.0000	0.0000	0.0000	0.0000	0.0000	0.0000	0.0006	0.0003	0.0003	0.0004	0.0003	0.0001	0.0002	0.0000	0.0002	0.0012	0.0011	0.0001	0.0004	0.0004	0.0000	0.0008	0.0006	0.0001	0.0253	0.0186	0.0068	0.0105	0.0101	0.0004	0.0148	0.0085	0.0063	0.0067	0.0054	0.0155	0.0013	0.0016	0.0000	0.0159	0.9043	0.0215	0.0221	0.0154	0.0404	0.0349	0.0283	0.1928	0.0130	0.0001	0.0302
35	105	0.0347	3	0	1	0	0	0	0	0	0	N	N	N	N	N	N	N	N	N	N	N	N	0.0529	0.0506	0.1527	0.0277	0.0286	0.0016	0.0617	0.1326	0.1596	0.0024	0.0012	0.0122	0.0012	0.0012	0.0002	0.0029	0.0013	0.0127	0.0460	0.0247	0.0799	0.0436	0.0429	0.0946	0.0469	0.0095	0.0797	1.1802	2.0252	0.0001	0.0012	2.5642	5.1414	2.5472	16.4151	0.0004	0.0002	0.0002	0.0001	0.0001	0.0000	0.0003	0.0001	0.0002	0.0098	0.0032	0.0065	0.0026	0.0026	0.0001	0.0071	0.0007	0.0064	0.1559	0.1391	0.0168	0.0430	0.0423	0.0007	0.1129	0.0968	0.0161	0.2122	0.1305	0.0817	0.0603	0.0595	0.0009	0.1519	0.0710	0.0809	0.0529	0.0506	0.1527	0.0277	0.0286	0.0016	0.0617	0.1326	0.1596	0.0460	0.0247	0.0799	0.0436	0.0429	0.0946	0.0469	0.0095	0.0797
35	106	0.0265	2	0	0	0	0	0	0	0	0	N	N	N	N	N	N	N	N	N	N	N	N	0.1590	0.1798	0.1600	0.1164	0.1206	0.0033	0.2104	6.2959	0.1696	0.0294	0.0286	0.0358	0.0314	0.0318	0.0028	0.0287	0.0273	0.0369	0.1847	0.1589	0.2234	0.2699	0.2642	0.8542	0.1363	0.0043	0.2175	0.1610	0.9406	-0.0009	-0.0010	2.5642	3.8974	2.5472	1.6364	0.0035	0.0030	0.0005	0.0010	0.0010	0.0000	0.0026	0.0021	0.0005	0.0176	0.0090	0.0085	0.0093	0.0089	0.0003	0.0083	0.0001	0.0082	0.1201	0.1064	0.0137	0.0306	0.0301	0.0005	0.0895	0.0763	0.0132	0.0950	0.0569	0.0381	0.0344	0.0339	0.0006	0.0606	0.0231	0.0375	0.1590	0.1798	0.1600	0.1164	0.1206	0.0046	0.2104	6.2959	0.1696	0.1847	0.1589	0.2234	0.2699	0.2642	0.6076	0.1363	0.0043	0.2175
35	109	0.1169	9	1	1	0	1	0	0	0	0	N	N	N	N	N	N	N	N	N	N	N	N	0.0000	0.0000	0.0000	0.0000	0.0000	0.0000	0.0000	0.0000	0.0000	0.0000	0.0000	0.0000	0.0000	0.0000	0.0000	0.0000	0.0000	0.0000	0.0000	0.0000	2.5642	0.0000	2.5472	0.0000	0.0000	0.0000	0.0000	0.0000	0.0000	0.0000	0.0000	0.0000	0.0000	0.0000	0.0000	0.0000	0.0000	0.0000	0.0000	0.0000	0.0000	0.0000	0.0000	0.0000	0.0000	0.0000	0.0000	0.0000	0.0000	0.0000	0.0000	0.0000	0.0000	0.0000	0.0000	0.0000	0.0000	0.0000	0.0000	0.0000	0.0000	0.0000	0.0000	0.0000	0.0000	0.0000	0.0000	0.0000	0.0000	0.0000	0.0000	0.0000	0.0000	0.0000	0.0000	0.0000	0.0000	0.0000											
35	110	0.1019	8	1	1	0	1	0	0	0	0	N	N	N	N	N	N	N	N	N	N	N	N	0.0000	0.0000	0.0000	0.0000	0.0000	0.0000	0.0000	0.0000	0.0000	0.0000	0.0000	0.0000	0.0000	0.0000	0.0000	0.0000	0.0000	0.0014	0.0011	0.0020	0.0038	0.0018	0.0537	0.0000	0.0000	0.0000	1.1883	0.0000	0.0000	2.5642	0.0000	2.5472	7.1240	0.0000	0.0000	0.0000	0.0000	0.0000	0.0000	0.0000	0.0000	0.0000	0.0001	0.0001	0.0001	0.0001	0.0001	0.0001	0.0000	0.0000	0.0000	0.0000	0.0000	0.0000	0.0000	0.0000	0.0000	0.0000	0.0000	0.0000	0.0907	0.0552	0.0356	0.0340	0.0327	0.0013	0.0568	0.0225	0.0343	0.0000	0.0000	0.0000	0.0000	0.0000	0.0000	0.0000	0.0000	0.0000	0.0014	0.0011	0.0020	0.0038	0.0018	0.0537	0.0000	0.0000	0.0000		
35	111	0.1109	10	0	1	0	1	0	0	0	0	N	N	N	N	N	N	N	N	N	N	N	N	0.0000	0.0000	0.0000	0.0000	0.0000	0.0000	0.0000	0.0000	0.0000	0.0000	0.0000	0.0000	0.0000	0.0000	0.0000	0.0000	0.0001	0.0000	0.0002	0.0000	0.0000	0.0000	0.0001	0.0000	0.0002	8.4154	0.0000	0.0000	2.5642	0.0016	2.5472	5.0076	0.0000	0.0000	0.0000	0.0000	0.0000	0.0000	0.0000	0.0000	0.0000	0.0000	0.0000	0.0000	0.0000	0.0000	0.0000	0.0000	0.0000	0.0000	0.0001	0.0001	0.0000	0.0000	0.0000	0.0000	0.0001	0.0001	0.0000	0.0634	0.0388	0.0247	0.0249	0.0236	0.0013	0.0385	0.0152	0.0233	0.0000	0.0000	0.0000	0.0000	0.0000	0.0000	0.0000	0.0000	0.0000	0.0001	0.0000	0.0002	0.0000	0.0000	0.0000	0.0001	0.0000	0.0002			
35	112	0.1041	9	0	1	0	1	0	0	0	0	N	N	N	N	N	N	N	N	N	N	N	N	0.0000	0.0000	0.0000	0.0000	0.0000	0.0000	0.0000	0.0000	0.0000	0.0000	0.0000	0.0000	0.0000	0.0000	0.0000	0.0000	0.0002	0.0002	0.0001	0.0003	0.0003	0.0000	0.0001	0.0000	0.0001	0.3564	0.0000	-0.0000	2.5642	1.0012	2.5472	2.1373	0.0000	0.0000	0.0000	0.0000	0.0000	0.0000	0.0000	0.0000	0.0000	0.0000	0.0000	0.0000	0.0000	0.0000	0.0000	0.0000	0.0000	0.0000	0.0290	0.0258	0.0033	0.0079	0.0076	0.0003	0.0211	0.0181	0.0030	0.0427	0.0260	0.0167	0.0167	0.0159	0.0007	0.0260	0.0101	0.0159	0.0000	0.0000	0.0000	0.0000	0.0000	0.0000	0.0000	0.0000	0.0000	0.0002	0.0002	0.0001	0.0003	0.0003	0.0000	0.0001	0.0000	0.0001			
35	113	0.1124	9	0	1	0	0	0	0	0	0	N	N	N	N	N	N	N	N	N	N	N	N	0.0005	0.0021	0.0000	0.0000	0.0000	0.0000	0.0005	0.0026	0.0000	0.0000	0.0000	0.0000	0.0000	0.0000	0.0000	0.0000	0.0000	0.0000	0.0050	0.0013	0.0109	0.0011	0.0011	0.0000	0.0074	0.0016	0.0114	0.0000	5.3647	-0.0000	0.0001	2.5642	0.9705	2.5472	5.0371	0.0000	0.0000	0.0000	0.0000	0.0000	0.0000	0.0000	0.0000	0.0000	0.0004	0.0001	0.0003	0.0000	0.0000	0.0000	0.0004	0.0000	0.0003	0.0313	0.0278	0.0034	0.0097	0.0093	0.0004	0.0216	0.0186	0.0030	0.0764	0.0468	0.0296	0.0289	0.0278	0.0011	0.0475	0.0190	0.0285	0.0005	0.0021	0.0000	0.0000	0.0000	0.0000	0.0005	0.0026	0.0000	0.0050	0.0013	0.0109	0.0011	0.0011	0.0000	0.0074	0.0016	0.0114
35	114	0.1041	9	0	0	1	1	0	0	0	0	N	N	N	N	N	N	N	N	N	N	N	N	0.0000	0.0000	0.0000	0.0000	0.0000	0.0000	0.0000	0.0000	0.0000	0.0000	0.0000	0.0000	0.0000	0.0001	0.0000	0.0002	0.0000	0.0000	0.0000	0.0001	0.0000	0.0002	inf	0.0000	0.0000	2.5642	0.0000	2.5472	1.1303	0.0000	0.0000	0.0000	0.0000	0.0000	0.0000	0.0000	0.0000	0.0000	0.0000	0.0000	0.0000	0.0000	0.0000	0.0000	0.0000	0.0000	0.0000	0.0000	0.0000	0.0000	0.0000	0.0000	0.0000	0.0000	0.0000	0.0000	0.0174	0.0106	0.0068	0.0070	0.0067	0.0003	0.0104	0.0039	0.0065	0.0000	0.0000	0.0000	0.0000	0.0000	0.0000	0.0000	0.0000	0.0000	0.0001	0.0000	0.0002	0.0000	0.0000	0.0000	0.0001	0.0000	0.0002						
35	115	0.1019	8	0	0	0	1	0	0	0	0	N	N	N	N	N	N	N	N	N	N	N	N	0.0000	0.0000	0.0000	0.0000	0.0000	0.0000	0.0000	0.0000	0.0000	0.0000	0.0000	0.0000	0.0000	0.0000	0.0000	0.0000	0.0000	0.0203	0.0323	0.0015	0.0042	0.0043	0.0000	0.0307	0.0784	0.0016	0.0300	0.0000	-0.0002	2.5642	0.0000	2.5472	1.2340	0.0000	0.0000	0.0000	0.0000	0.0000	0.0000	0.0000	0.0000	0.0000	0.0004	0.0004	0.0000	0.0000	0.0000	0.0000	0.0004	0.0003	0.0000	0.0000	0.0000	0.0000	0.0000	0.0000	0.0000	0.0000	0.0000	0.0000	0.0188	0.0115	0.0073	0.0074	0.0072	0.0002	0.0114	0.0043	0.0071	0.0000	0.0000	0.0000	0.0000	0.0000	0.0000	0.0000	0.0000	0.0000	0.0203	0.0323	0.0015	0.0042	0.0043	0.0000	0.0307	0.0784	0.0016		
35	116	0.1094	9	0	0	1	1	0	0	0	0	N	N	N	N	N	N	N	N	N	N	N	N	1.0750	0.1421	29.9414	0.2203	0.2188	2.1468	7.7499	89.6296	31.8378	0.0550	0.0105	0.4171	0.0261	0.0270	0.0006	0.0672	0.0027	0.4631	0.0511	0.0741	0.0139	0.1184	0.1236	0.0003	0.0087	0.0000	0.0145	4.8645	0.1159	0.0007	-0.0006	2.5642	0.9725	2.5472	0.9874	0.0017	0.0003	0.0014	0.0002	0.0002	0.0000	0.0014	0.0000	0.0014	0.0013	0.0012	0.0001	0.0012	0.0012	0.0000	0.0001	0.0000	0.0001	0.0301	0.0268	0.0033	0.0089	0.0086	0.0003	0.0211	0.0182	0.0030	0.0258	0.0160	0.0098	0.0100	0.0096	0.0004	0.0158	0.0064	0.0094	1.0750	0.1421	29.9414	0.2203	0.2188	2.1468	7.7499	89.6296	31.8378	0.0511	0.0741	0.0139	0.1184	0.1236	0.0003	0.0087	0.0000	0.0145
35	117	0.1094	9	0	0	1	1	0	0	0	0	N	N	N	N	N	N	N	N	N	N	N	N	0.0011	0.0006	11.4262	2.0029	1.7914	192.9779	0.0001	0.0000	5.5096	0.0207	0.0194	0.0346	0.0454	0.0423	0.2591	0.0024	0.0001	0.0171	18.8923	30.7242	0.0030	0.0226	0.0236	0.0013	30.6447	76.3240	0.0031	0.1635	0.0001	-0.0000	-0.5295	2.5642	0.0285	2.5472	4.0215	0.0000	0.0000	0.0000	0.0000	0.0000	0.0000	0.0000	0.0000	0.0000	0.9753	0.9753	0.0001	0.0004	0.0004	0.0000	0.9749	0.9748	0.0001	0.0023	0.0021	0.0002	0.0010	0.0010	0.0000	0.0013	0.0011	0.0002	0.0516	0.0317	0.0199	0.0198	0.0190	0.0008	0.0318	0.0128	0.0190	0.0011	0.0006	11.4262	2.0029	1.7914	192.9779	0.0001	0.0000	5.5096	18.8923	30.7242	0.0030	0.0226	0.0236	0.0013	30.6447	76.3240	0.0031
35	118	0.1019	8	0	0	1	1	0	0	0	0	N	N	N	N	N	N	N	N	N	N	N	N	0.4353	0.2815	23.5843	316.0702	318.3865	1.8812	0.2391	0.0996	25.2705	0.0076	0.0080	0.0040	0.0100	0.0104	0.0000	0.0067	0.0070	0.0045	0.0174	0.0285	0.0002	0.0000	0.0000	0.0000	0.0279	0.0705	0.0002	0.0639	0.0039	-0.0002	-0.0006	2.5642	3.0275	2.5472	2.1573	0.0007	0.0006	0.0000	0.0002	0.0002	0.0000	0.0004	0.0004	0.0000	0.0012	0.0012	0.0000	0.0000	0.0000	0.0000	0.0012	0.0012	0.0000	0.0868	0.0770	0.0098	0.0237	0.0228	0.0010	0.0631	0.0543	0.0088	0.0677	0.0411	0.0265	0.0255	0.0245	0.0010	0.0422	0.0166	0.0256	0.4353	0.2815	23.5843	316.0702	318.3865	1.8812	0.2391	0.0996	25.2705	0.0174	0.0285	0.0002	0.0000	0.0000	0.0000	0.0279	0.0705	0.0002
35	119	0.1432	8	1	1	0	0	0	0	0	0	N	N	N	N	N	N	N	N	N	N	N	N	0.0001	0.0001	0.0003	0.0001	0.0001	0.1365	0.0001	0.0029	0.0003	0.0004	0.0003	0.0020	0.0008	0.0007	0.0019	0.0003	0.0000	0.0020	5.1984	4.3032	6.6181	7.8827	7.1687	0.0137	4.2460	0.0013	6.8107	0.8744	0.9698	0.0000	-0.0193	2.5642	2.1883	2.5472	3.1271	0.0000	0.0000	0.0000	0.0000	0.0000	0.0000	0.0000	0.0000	0.0000	0.3807	0.1933	0.1874	0.1932	0.1932	0.0000	0.1874	0.0000	0.1874	0.0712	0.0639	0.0073	0.0229	0.0220	0.0009	0.0482	0.0419	0.0064	0.0732	0.0449	0.0283	0.0291	0.0283	0.0008	0.0441	0.0166	0.0275	0.0001	0.0001	0.0003	0.0001	0.0001	0.1365	0.0001	0.0029	0.0003	5.1984	4.3032	6.6181	6.6438	6.8320	0.0137	4.2460	0.0013	6.8107
35	120	0.0762	7	1	1	0	0	0	0	0	0	N	N	N	N	N	N	N	N	N	N	N	N	48.7459	32.9664	174.4295	66.5399	67.7288	92.1796	42.3839	42.8485	188.4284	1.2528	0.7223	5.4543	2.4434	2.5448	0.0047	0.8334	0.0078	6.0111	0.0257	0.0219	0.0313	0.0367	0.0376	0.0001	0.0197	0.0002	0.0319	0.9533	0.9709	0.0531	-0.0005	2.5642	13.6104	2.5472	16.0982	0.4962	0.2541	0.2422	0.2521	0.2521	0.0000	0.2441	0.0020	0.2422	0.0092	0.0047	0.0045	0.0047	0.0047	0.0000	0.0046	0.0000	0.0045	0.3961	0.3517	0.0444	0.1032	0.0991	0.0041	0.2929	0.2527	0.0403	0.3587	0.2135	0.1452	0.1269	0.1241	0.0029	0.2318	0.0894	0.1423	48.7459	32.9664	174.4295	66.5399	67.7288	92.1796	42.3839	42.8485	188.4284	0.0257	0.0219	0.0313	0.0367	0.0376	0.0001	0.0197	0.0002	0.0319
35	121	0.1015	9	0	1	0	0	0	0	0	0	N	N	N	N	N	N	N	N	N	N	N	N	0.0100	0.0021	0.2297	0.0276	0.0048	9.5823	0.0015	0.0005	0.0130	0.0059	0.0016	0.0459	0.0125	0.0029	0.3890	0.0012	0.0006	0.0050	0.5960	0.7681	0.2000	0.4519	0.5937	0.0406	0.8420	1.1728	0.3824	3.0845	0.1131	0.0001	-0.0804	2.5642	0.3548	2.5472	4.6068	0.0002	0.0000	0.0001	0.0001	0.0000	0.0001	0.0000	0.0000	0.0000	0.1821	0.1636	0.0185	0.0871	0.0851	0.0020	0.0951	0.0786	0.0165	0.0263	0.0238	0.0026	0.0110	0.0107	0.0003	0.0153	0.0130	0.0023	0.3056	0.2130	0.0926	0.1927	0.1433	0.0494	0.1129	0.0698	0.0432	0.0100	0.0021	0.2297	0.0276	0.0048	9.5823	0.0015	0.0005	0.0130	0.5960	0.7681	0.2000	0.4519	0.5937	0.0406	0.8420	1.1264	0.3824
35	122	0.0866	8	0	1	0	0	0	0	0	0	N	N	N	N	N	N	N	N	N	N	N	N	0.0038	0.0011	0.0614	0.0093	0.0040	1.4535	0.0007	0.0000	0.0111	0.0080	0.0035	0.0438	0.0230	0.0102	0.3420	0.0013	0.0001	0.0080	2.1206	3.1607	0.7122	2.4784	2.5395	0.2353	1.8760	4.5249	0.7246	1.5664	0.1664	0.0001	-0.1199	2.5642	1.6911	2.5472	5.7022	0.0005	0.0002	0.0003	0.0005	0.0002	0.0003	0.0001	0.0000	0.0001	0.2996	0.2569	0.0427	0.1422	0.1418	0.0004	0.1574	0.1151	0.0424	0.0631	0.0561	0.0071	0.0197	0.0190	0.0008	0.0434	0.0371	0.0063	0.1413	0.0813	0.0600	0.0574	0.0558	0.0015	0.0839	0.0254	0.0585	0.0038	0.0011	0.0614	0.0093	0.0040	1.4535	0.0007	0.0000	0.0111	2.1206	3.1607	0.7122	2.4784	2.5395	0.2353	1.8760	4.5249	0.7246
35	123	0.0762	7	0	0	0	0	0	0	0	0	N	N	N	N	N	N	N	N	N	N	N	N	0.0142	0.0080	0.0673	0.0248	0.0162	859.7027	0.0087	0.0104	0.0459	0.0102	0.0047	0.0587	0.0191	0.0126	0.2359	0.0059	0.0004	0.0404	0.7137	0.5878	0.8721	0.7697	0.7781	0.0003	0.6735	0.0426	0.8810	1.4051	1.1789	0.0002	-0.0002	2.5642	2.0929	2.5472	3.1856	0.0009	0.0004	0.0005	0.0005	0.0003	0.0002	0.0003	0.0000	0.0003	0.0888	0.0408	0.0481	0.0400	0.0400	0.0000	0.0488	0.0008	0.0481	0.0871	0.0783	0.0088	0.0283	0.0274	0.0008	0.0589	0.0509	0.0080	0.1245	0.0694	0.0551	0.0520	0.0514	0.0006	0.0725	0.0179	0.0546	0.0142	0.0080	0.0673	0.0248	0.0162	859.7027	0.0087	0.0104	0.0459	0.7137	0.5878	0.8721	0.7697	0.7781	0.0003	0.6735	0.0426	0.8810
35	124	0.1170	10	1	1	0	0	0	0	0	0	N	N	N	N	N	N	N	N	N	N	N	N	0.0000	0.0000	0.0000	0.0000	0.0000	0.0000	0.0000	0.0000	0.0000	0.0000	0.0000	0.0000	0.0000	0.0000	0.0000	0.0000	0.0000	0.0000	0.0000	0.0000	2.5642	0.0000	2.5472	0.0000	0.0000	0.0000	0.0000	0.0000	0.0000	0.0000	0.0000	0.0000	0.0000	0.0000	0.0000	0.0000	0.0000	0.0000	0.0000	0.0000	0.0000	0.0000	0.0000	0.0000	0.0000	0.0000	0.0000	0.0000	0.0000	0.0000	0.0000	0.0000	0.0000	0.0000	0.0000	0.0000	0.0000	0.0000	0.0000	0.0000	0.0000	0.0000	0.0000	0.0000	0.0000	0.0000	0.0000	0.0000	0.0000	0.0000	0.0000	0.0000	0.0000	0.0000	0.0000	0.0000	0.0000	0.0000											
35	125	0.1124	9	1	1	0	0	0	0	0	0	N	N	N	N	N	N	N	N	N	N	N	N	0.0369	0.0800	0.0000	0.0000	0.0000	0.0000	0.0572	99.8760	0.0000	0.0000	0.0000	0.0000	0.0000	0.0000	0.0000	0.0000	0.0000	0.0000	0.0003	0.0001	0.0005	0.0002	0.0002	0.0000	0.0003	0.0000	0.0005	0.0000	2.1642	-0.0000	0.0000	2.5642	0.1434	2.5472	1.9839	0.0000	0.0000	0.0000	0.0000	0.0000	0.0000	0.0000	0.0000	0.0000	0.0000	0.0000	0.0000	0.0000	0.0000	0.0000	0.0000	0.0000	0.0000	0.0073	0.0066	0.0007	0.0031	0.0029	0.0001	0.0042	0.0036	0.0006	0.0289	0.0179	0.0111	0.0111	0.0107	0.0004	0.0178	0.0071	0.0107	0.0369	0.0800	0.0000	0.0000	0.0000	0.0000	0.0572	99.8760	0.0000	0.0003	0.0001	0.0005	0.0002	0.0002	0.0000	0.0003	0.0000	0.0005
35	126	0.1019	8	0	1	0	0	0	0	0	0	N	N	N	N	N	N	N	N	N	N	N	N	10.2620	8.1915	0.0000	0.0000	0.0000	0.0000	57.7702	355.8801	0.0000	0.0028	0.0031	0.0000	0.0000	0.0000	0.0000	0.0038	0.0044	0.0000	0.0003	0.0004	0.0001	0.0006	0.0006	0.0000	0.0001	0.0000	0.0001	0.0000	0.1643	-0.0001	-0.0000	2.5642	1.8882	2.5472	2.9115	0.0001	0.0001	0.0000	0.0000	0.0000	0.0000	0.0001	0.0001	0.0000	0.0000	0.0000	0.0000	0.0000	0.0000	0.0000	0.0000	0.0000	0.0000	0.0545	0.0483	0.0062	0.0149	0.0143	0.0006	0.0396	0.0340	0.0056	0.0630	0.0383	0.0247	0.0238	0.0229	0.0009	0.0392	0.0154	0.0238	10.2620	8.1915	0.0000	0.0000	0.0000	0.0000	57.7702	355.8801	0.0000	0.0003	0.0004	0.0001	0.0006	0.0006	0.0000	0.0001	0.0000	0.0001
35	127	0.0762	7	0	0	0	0	0	0	0	0	N	N	N	N	N	N	N	N	N	N	N	N	0.0109	0.0154	0.0370	0.0945	0.0261	40921.6930	0.0030	0.1134	0.0124	0.0029	0.0008	0.0211	0.0071	0.0020	0.1579	0.0012	0.0002	0.0072	0.2700	0.0504	0.5714	0.0754	0.0767	0.0000	0.3906	0.0017	0.5803	3.2295	8.2578	0.0001	0.0190	2.5642	3.5543	2.5472	9.0319	0.0004	0.0001	0.0003	0.0003	0.0001	0.0002	0.0001	0.0000	0.0001	0.0545	0.0059	0.0486	0.0058	0.0058	0.0000	0.0487	0.0001	0.0486	0.1285	0.1149	0.0136	0.0384	0.0371	0.0013	0.0902	0.0778	0.0124	0.2020	0.1168	0.0851	0.0772	0.0759	0.0013	0.1247	0.0409	0.0838	0.0109	0.0154	0.0370	0.0945	0.0261	40921.6930	0.0030	0.1134	0.0124	0.2700	0.0504	0.5714	0.0754	0.0767	0.0000	0.3906	0.0017	0.5803
35	128	0.0726	6	0	0	0	0	0	0	0	0	N	N	N	N	N	N	N	N	N	N	N	N	7.4473	18.3325	0.1022	3.2392	3.3776	393.7265	7.0783	694372.5861	0.1064	7.9197	9.0316	0.1749	1.8200	1.9057	0.1156	10.6236	12.6118	0.1827	1.0634	0.4927	1.7104	0.5619	0.5642	0.0003	1.5009	0.0000	1.7175	0.0028	3.0630	-0.3046	0.0408	2.5642	2.6246	2.5472	0.7212	0.8052	0.8030	0.0022	0.0568	0.0567	0.0002	0.7484	0.7463	0.0021	0.1936	0.0476	0.1459	0.0476	0.0476	0.0000	0.1459	0.0000	0.1459	0.1017	0.0889	0.0128	0.0312	0.0297	0.0015	0.0704	0.0592	0.0113	0.1820	0.0967	0.0853	0.0848	0.0844	0.0004	0.0972	0.0123	0.0850	7.4473	18.3325	0.1022	3.2392	3.3776	393.7265	7.0783	694372.5861	0.1064	1.0634	0.4927	1.7104	0.5619	0.5642	0.0003	1.5009	0.0000	1.7175
35	129	0.0668	5	0	0	0	0	0	0	0	0	N	N	N	N	N	N	N	N	N	N	N	N	4.7038	6.1599	10.6673	4.6152	3.7028	8056.8426	4.6322	8081.9024	9.9584	0.1616	0.0895	0.7431	0.1285	0.1061	1.4483	0.1743	0.0822	0.7123	0.0344	0.0145	0.0697	0.0278	0.0286	0.0002	0.0376	0.0000	0.0715	1.0299	2.6934	0.0023	0.0003	2.5642	3.3474	2.5472	1.3769	0.0181	0.0089	0.0092	0.0040	0.0032	0.0008	0.0141	0.0057	0.0084	0.0018	0.0005	0.0013	0.0005	0.0005	0.0000	0.0013	0.0000	0.0013	0.1122	0.0998	0.0124	0.0311	0.0305	0.0005	0.0811	0.0693	0.0119	0.0530	0.0339	0.0191	0.0177	0.0172	0.0005	0.0353	0.0167	0.0186	4.7038	6.1599	10.6673	4.6152	3.7028	8056.8426	4.6322	8081.9024	9.9584	0.0344	0.0145	0.0697	0.0278	0.0286	0.0002	0.0376	0.0000	0.0715
35	130	0.0580	4	0	0	0	0	0	0	0	0	N	N	N	N	N	N	N	N	N	N	N	N	113.4430	66.2888	510.0256	33.9429	29.1675	585.5165	219.4926	1835.4137	505.7400	0.0515	0.0262	0.2811	0.0266	0.0226	0.6446	0.0656	0.0285	0.2724	0.0005	0.0004	0.0006	0.0008	0.0008	0.0011	0.0003	0.0000	0.0005	1.1843	0.8462	0.0002	-0.0000	2.5642	0.4686	2.5472	4.0374	0.0013	0.0006	0.0007	0.0003	0.0002	0.0000	0.0011	0.0004	0.0007	0.0000	0.0000	0.0000	0.0000	0.0000	0.0000	0.0000	0.0000	0.0000	0.0260	0.0234	0.0026	0.0094	0.0094	0.0001	0.0165	0.0140	0.0025	0.0492	0.0307	0.0186	0.0157	0.0153	0.0004	0.0335	0.0153	0.0182	113.4430	66.2888	510.0256	33.9429	29.1675	585.5165	219.4926	1835.4137	505.7400	0.0005	0.0004	0.0006	0.0008	0.0008	0.0011	0.0003	0.0000	0.0005
36	37	0.0510	4	0	1	1	0	0	0	0	0	N	N	N	N	N	N	N	N	N	N	N	N	0.0000	0.0000	0.0000	0.0000	0.0000	0.0000	0.0000	0.0000	0.0000	0.0000	0.0000	0.0000	0.0000	0.0000	0.0000	0.0000	0.0000	0.0000	0.0002	0.0000	0.0005	0.0000	0.0000	0.0000	0.0003	0.0000	0.0005	947.0980	0.0000	0.0000	1.0000	1.9619	2.0003	8.3400	0.0000	0.0000	0.0000	0.0000	0.0000	0.0000	0.0000	0.0000	0.0000	0.0000	0.0000	0.0000	0.0000	0.0000	0.0000	0.0000	0.0000	0.0000	0.0149	0.0129	0.0019	0.0017	0.0016	0.0001	0.0132	0.0113	0.0018	0.0484	0.0291	0.0193	0.0114	0.0107	0.0008	0.0369	0.0184	0.0185	0.0000	0.0000	0.0000	0.0000	0.0000	0.0000	0.0000	0.0000	0.0000	0.0002	0.0000	0.0005	0.0000	0.0000	0.0000	0.0003	0.0000	0.0005	
36	38	0.1961	17	1	0	2	0	0	0	0	0	N	N	Y	N	N	N	N	N	N	N	N	N	0.0000	0.0000	0.0000	0.0000	0.0000	0.0000	0.0000	0.0000	0.0000	0.0000	0.0000	0.0000	0.0000	0.0000	0.0000	0.0000	0.0000	0.0000	0.0000	-0.0000	1.0000	0.0095	2.0003	5.0631	0.0000	0.0000	0.0000	0.0000	0.0000	0.0000	0.0000	0.0000	0.0000	0.0000	0.0000	0.0000	0.0000	0.0000	0.0000	0.0000	0.0000	0.0000	0.0002	0.0002	0.0000	0.0001	0.0001	0.0000	0.0001	0.0001	0.0000	0.0198	0.0118	0.0080	0.0047	0.0042	0.0005	0.0151	0.0076	0.0075	0.0000	0.0000	0.0000	0.0000	0.0000	0.0000	0.0000	0.0000	0.0000	0.0000	0.0000	0.0000	0.0000	0.0000	0.0000	0.0000	0.0000	0.0000											
36	39	0.0474	7	0	1	1	0	0	0	0	0	N	N	N	N	N	N	N	N	N	N	N	N	0.0000	0.0000	0.0000	0.0000	0.0000	0.0000	0.0000	0.0000	0.0000	0.0000	0.0000	0.0000	0.0000	0.0000	0.0000	0.0000	0.0000	0.0000	0.0000	0.0000	0.0000	0.0000	0.0000	0.0000	-0.0000	1.0000	1.1272	2.0003	11.0864	0.0000	0.0000	0.0000	0.0000	0.0000	0.0000	0.0000	0.0000	0.0000	0.0000	0.0000	0.0000	0.0000	0.0000	0.0000	0.0000	0.0000	0.0000	0.0127	0.0112	0.0015	0.0044	0.0042	0.0002	0.0083	0.0070	0.0013	0.0442	0.0252	0.0190	0.0076	0.0068	0.0009	0.0365	0.0184	0.0181	0.0000	0.0000	0.0000	0.0000	0.0000	0.0000	0.0000	0.0000	0.0000	0.0000	0.0000	0.0000	0.0000	0.0000	0.0000	0.0000	0.0000	0.0000						
36	40	0.0474	6	0	0	1	0	0	0	0	0	N	N	N	N	N	N	N	N	N	N	N	N	0.0000	0.0000	0.0000	0.0000	0.0000	0.0000	0.0000	0.0000	0.0000	0.0000	0.0000	0.0000	0.0000	0.0000	0.0000	0.0000	0.0000	0.0000	0.0000	0.0000	0.0000	0.0000	0.0000	0.0000	0.0000	1.0000	0.0000	-0.0000	1.0000	0.4765	2.0003	0.2778	0.0000	0.0000	0.0000	0.0000	0.0000	0.0000	0.0000	0.0000	0.0000	0.0000	0.0000	0.0000	0.0000	0.0000	0.0000	0.0000	0.0000	0.0000	0.0081	0.0073	0.0008	0.0042	0.0040	0.0002	0.0040	0.0033	0.0007	0.0076	0.0054	0.0022	0.0028	0.0028	0.0001	0.0047	0.0026	0.0021	0.0000	0.0000	0.0000	0.0000	0.0000	0.0000	0.0000	0.0000	0.0000	0.0000	0.0000	0.0000	0.0000	0.0000	0.0000	0.0000	0.0000	0.0000			
36	41	0.0403	4	0	1	1	1	0	0	0	0	N	N	N	N	N	N	N	N	N	N	N	N	0.0000	0.0000	0.0000	0.0000	0.0000	0.0000	0.0000	0.0000	0.0000	0.0000	0.0000	0.0000	0.0000	0.0000	0.0000	0.0000	0.0000	0.0002	0.0000	0.0004	0.0000	0.0000	0.0000	0.0002	0.0000	0.0004	1033.1347	0.0000	0.0000	1.0000	10.0333	2.0003	21.8674	0.0000	0.0000	0.0000	0.0000	0.0000	0.0000	0.0000	0.0000	0.0000	0.0000	0.0000	0.0000	0.0000	0.0000	0.0000	0.0000	0.0000	0.0000	0.0700	0.0607	0.0093	0.0052	0.0049	0.0003	0.0648	0.0558	0.0090	0.1061	0.0589	0.0472	0.0154	0.0136	0.0018	0.0908	0.0453	0.0455	0.0000	0.0000	0.0000	0.0000	0.0000	0.0000	0.0000	0.0000	0.0000	0.0002	0.0000	0.0004	0.0000	0.0000	0.0000	0.0002	0.0000	0.0004		
36	42	0.1961	17	1	0	2	0	0	0	0	0	N	N	Y	N	N	N	N	N	N	N	N	N	0.0000	0.0000	0.0000	0.0000	0.0000	0.0000	0.0000	0.0000	0.0000	0.0000	0.0000	0.0000	0.0000	0.0000	0.0000	0.0000	0.0000	0.0000	0.0000	-0.0000	1.0000	0.9968	2.0003	1.9513	0.0000	0.0000	0.0000	0.0000	0.0000	0.0000	0.0000	0.0000	0.0000	0.0000	0.0000	0.0000	0.0000	0.0000	0.0000	0.0000	0.0000	0.0000	0.0067	0.0058	0.0009	0.0008	0.0008	0.0000	0.0059	0.0051	0.0009	0.0127	0.0077	0.0050	0.0033	0.0030	0.0003	0.0094	0.0047	0.0047	0.0000	0.0000	0.0000	0.0000	0.0000	0.0000	0.0000	0.0000	0.0000	0.0000	0.0000	0.0000	0.0000	0.0000	0.0000	0.0000	0.0000	0.0000											
36	43	0.1829	16	1	0	2	0	0	0	0	0	N	N	Y	N	N	N	N	N	N	N	N	N	0.0000	0.0000	0.0000	0.0000	0.0000	0.0000	0.0000	0.0000	0.0000	0.0000	0.0000	0.0000	0.0000	0.0000	0.0000	0.0000	0.0000	0.0000	0.0000	-0.0000	1.0000	5.0018	2.0003	1.7716	0.0000	0.0000	0.0000	0.0000	0.0000	0.0000	0.0000	0.0000	0.0000	0.0000	0.0000	0.0000	0.0000	0.0000	0.0000	0.0000	0.0000	0.0000	0.0338	0.0295	0.0043	0.0053	0.0050	0.0003	0.0285	0.0244	0.0040	0.0239	0.0141	0.0098	0.0054	0.0048	0.0006	0.0185	0.0092	0.0092	0.0000	0.0000	0.0000	0.0000	0.0000	0.0000	0.0000	0.0000	0.0000	0.0000	0.0000	0.0000	0.0000	0.0000	0.0000	0.0000	0.0000	0.0000											
36	44	0.1861	17	1	0	2	0	0	0	0	0	N	N	Y	N	N	N	N	N	N	N	N	N	0.0000	0.0000	0.0000	0.0000	0.0000	0.0000	0.0000	0.0000	0.0000	0.0000	0.0000	0.0000	0.0000	0.0000	0.0000	0.0000	0.0000	0.0000	0.0000	0.0000	0.0000	0.0000	0.0000	-0.0000	1.0000	4.9860	2.0003	2.3663	0.0000	0.0000	0.0000	0.0000	0.0000	0.0000	0.0000	0.0000	0.0000	0.0000	0.0000	0.0000	0.0000	0.0000	0.0000	0.0000	0.0000	0.0000	0.0337	0.0294	0.0043	0.0053	0.0051	0.0003	0.0284	0.0244	0.0040	0.0309	0.0190	0.0118	0.0085	0.0078	0.0007	0.0224	0.0112	0.0111	0.0000	0.0000	0.0000	0.0000	0.0000	0.0000	0.0000	0.0000	0.0000	0.0000	0.0000	0.0000	0.0000	0.0000	0.0000	0.0000	0.0000	0.0000							
36	45	0.1829	16	1	0	1	0	0	0	0	0	N	N	N	N	N	N	N	N	N	N	N	N	0.0000	0.0000	0.0000	0.0000	0.0000	0.0000	0.0000	0.0000	0.0000	0.0000	0.0000	0.0000	0.0000	0.0000	0.0000	0.0000	0.0000	0.0000	0.0000	0.0000	0.0000	0.0000	0.3529	0.0000	-0.0000	1.0000	0.0225	2.0003	1.9333	0.0000	0.0000	0.0000	0.0000	0.0000	0.0000	0.0000	0.0000	0.0000	0.0000	0.0000	0.0000	0.0000	0.0000	0.0000	0.0000	0.0000	0.0000	0.0002	0.0002	0.0000	0.0001	0.0001	0.0000	0.0002	0.0001	0.0000	0.0087	0.0050	0.0037	0.0024	0.0022	0.0002	0.0063	0.0027	0.0035	0.0000	0.0000	0.0000	0.0000	0.0000	0.0000	0.0000	0.0000	0.0000	0.0000	0.0000	0.0000	0.0000	0.0000	0.0000	0.0000	0.0000	0.0000						
36	46	0.1800	15	1	0	1	0	0	0	0	0	N	N	N	N	N	N	N	N	N	N	N	N	0.0000	0.0000	0.0000	0.0000	0.0000	0.0000	0.0000	0.0000	0.0000	0.0000	0.0000	0.0000	0.0000	0.0000	0.0000	0.0000	0.0000	0.0000	0.0000	0.0000	0.0000	0.0000	0.0000	0.0000	2.2857	0.0000	0.0000	1.0000	1.0095	2.0003	0.3555	0.0000	0.0000	0.0000	0.0000	0.0000	0.0000	0.0000	0.0000	0.0000	0.0000	0.0000	0.0000	0.0000	0.0000	0.0000	0.0000	0.0000	0.0000	0.0070	0.0061	0.0009	0.0011	0.0011	0.0001	0.0059	0.0051	0.0008	0.0046	0.0028	0.0019	0.0010	0.0008	0.0001	0.0037	0.0019	0.0018	0.0000	0.0000	0.0000	0.0000	0.0000	0.0000	0.0000	0.0000	0.0000	0.0000	0.0000	0.0000	0.0000	0.0000	0.0000	0.0000	0.0000	0.0000				
36	47	0.0510	4	0	0	2	0	0	0	0	0	N	N	Y	N	N	N	N	N	N	N	N	N	0.0000	0.0000	0.0000	0.0000	0.0000	0.0000	0.0000	0.0000	0.0000	0.0000	0.0000	0.0000	0.0000	0.0000	0.0000	0.0000	0.0000	0.0000	0.0000	0.0000	0.0000	0.0000	0.0000	0.0000	0.0000	0.0000	0.0062	0.0000	-0.0000	1.0000	3.0460	2.0003	11.9126	0.0000	0.0000	0.0000	0.0000	0.0000	0.0000	0.0000	0.0000	0.0000	0.0000	0.0000	0.0000	0.0000	0.0000	0.0000	0.0000	0.0000	0.0000	0.0223	0.0194	0.0029	0.0020	0.0019	0.0001	0.0203	0.0175	0.0028	0.0623	0.0366	0.0257	0.0130	0.0119	0.0011	0.0494	0.0247	0.0246	0.0000	0.0000	0.0000	0.0000	0.0000	0.0000	0.0000	0.0000	0.0000	0.0000	0.0000	0.0000	0.0000	0.0000	0.0000	0.0000	0.0000	0.0000		
36	48	0.0376	3	0	0	1	0	0	0	0	0	N	N	N	N	N	N	N	N	N	N	N	N	0.0000	0.0000	0.0000	0.0000	0.0000	0.0000	0.0000	0.0000	0.0000	0.0000	0.0000	0.0000	0.0000	0.0000	0.0000	0.0000	0.0000	0.0000	0.0000	0.0000	0.0000	0.0000	0.0000	0.0000	0.0000	0.0000	1.8099	0.0000	0.0000	1.0000	1.1082	2.0003	5.8288	0.0000	0.0000	0.0000	0.0000	0.0000	0.0000	0.0000	0.0000	0.0000	0.0000	0.0000	0.0000	0.0000	0.0000	0.0000	0.0000	0.0000	0.0000	0.0088	0.0077	0.0011	0.0012	0.0012	0.0001	0.0075	0.0065	0.0011	0.0372	0.0224	0.0148	0.0093	0.0089	0.0004	0.0279	0.0135	0.0144	0.0000	0.0000	0.0000	0.0000	0.0000	0.0000	0.0000	0.0000	0.0000	0.0000	0.0000	0.0000	0.0000	0.0000	0.0000	0.0000	0.0000	0.0000		
36	50	0.2155	20	1	1	2	0	0	0	0	0	N	N	Y	N	N	N	N	N	N	N	N	N	0.0000	0.0000	0.0000	0.0000	0.0000	0.0000	0.0000	0.0000	0.0000	0.0000	0.0000	0.0000	0.0000	0.0000	0.0000	0.0022	0.0027	0.0000	0.0055	0.0056	0.0000	0.0000	0.0000	0.0000	0.0000	0.0000	-0.0000	1.0000	0.0000	2.0003	1.7047	0.0000	0.0000	0.0000	0.0000	0.0000	0.0000	0.0000	0.0000	0.0000	0.0000	0.0000	0.0000	0.0000	0.0000	0.0000	0.0000	0.0000	0.0000	0.0000	0.0000	0.0000	0.0000	0.0000	0.0000	0.0000	0.0000	0.0000	0.0129	0.0105	0.0024	0.0052	0.0050	0.0002	0.0077	0.0055	0.0022	0.0000	0.0000	0.0000	0.0000	0.0000	0.0000	0.0000	0.0000	0.0000	0.0022	0.0027	0.0000	0.0055	0.0056	0.0000	0.0000	0.0000	0.0000				
36	51	0.2155	20	1	1	2	0	0	0	0	0	N	N	Y	N	N	N	N	N	N	N	N	N	0.0000	0.0000	0.0000	0.0000	0.0000	0.0000	0.0000	0.0000	0.0000	0.0000	0.0000	0.0000	0.0000	0.0000	0.0000	0.0013	0.0000	0.0150	0.0028	0.0000	0.3978	0.0000	0.0000	0.0000	inf	0.0000	0.0000	1.0000	0.0000	2.0003	0.2953	0.0000	0.0000	0.0000	0.0000	0.0000	0.0000	0.0000	0.0000	0.0000	0.0000	0.0000	0.0000	0.0000	0.0000	0.0000	0.0000	0.0000	0.0000	0.0000	0.0000	0.0000	0.0000	0.0000	0.0000	0.0000	0.0000	0.0000	0.0088	0.0080	0.0008	0.0042	0.0042	0.0000	0.0046	0.0039	0.0008	0.0000	0.0000	0.0000	0.0000	0.0000	0.0000	0.0000	0.0000	0.0000	0.0013	0.0000	0.0150	0.0028	0.0000	0.3287	0.0000	0.0000	0.0000				
36	52	0.2126	19	1	1	2	0	0	0	0	0	N	N	Y	N	N	N	N	N	N	N	N	N	6364.8032	0.0000	21336.5128	0.0000	0.0000	0.0000	8685750.4565	0.0000	30985993.7339	27.1886	0.0000	217.1019	0.0000	0.0000	0.0000	43.4004	0.0000	228.7389	0.0043	0.0013	0.0102	0.0122	0.0026	0.1276	0.0000	0.0000	0.0000	inf	4.0562	0.0000	0.0000	1.0000	0.0001	2.0003	1.7968	0.0001	0.0000	0.0001	0.0000	0.0000	0.0000	0.0001	0.0000	0.0001	0.0000	0.0000	0.0000	0.0000	0.0000	0.0000	0.0000	0.0000	0.0000	0.0000	0.0000	0.0000	0.0000	0.0000	0.0000	0.0000	0.0000	0.0000	0.0082	0.0054	0.0027	0.0029	0.0026	0.0002	0.0053	0.0028	0.0025	6364.8032	0.0000	21336.5128	0.0000	0.0000	0.0000	8685750.4565	0.0000	30985993.7339	0.0043	0.0013	0.0102	0.0122	0.0026	0.1276	0.0000	0.0000	0.0000
36	53	0.1943	13	1	1	1	0	0	0	0	0	N	N	N	N	N	N	N	N	N	N	N	N	0.0000	0.0000	0.0000	0.0000	0.0000	0.0000	0.0000	0.0000	0.0000	0.0000	0.0000	0.0000	0.0000	0.0000	0.0000	0.0050	0.0080	0.0000	0.0165	0.0179	0.0000	0.0000	0.0000	0.0000	0.0000	0.0000	-0.0000	1.0000	1.8240	2.0003	0.8872	0.0000	0.0000	0.0000	0.0000	0.0000	0.0000	0.0000	0.0000	0.0000	0.0001	0.0001	0.0000	0.0001	0.0001	0.0000	0.0000	0.0000	0.0000	0.0163	0.0145	0.0019	0.0062	0.0057	0.0004	0.0101	0.0087	0.0014	0.0118	0.0075	0.0043	0.0036	0.0033	0.0003	0.0082	0.0041	0.0041	0.0000	0.0000	0.0000	0.0000	0.0000	0.0000	0.0000	0.0000	0.0000	0.0050	0.0080	0.0000	0.0165	0.0179	0.0000	0.0000	0.0000	0.0000				
36	54	0.0809	5	0	1	1	1	0	0	0	0	N	N	N	N	N	N	N	N	N	N	N	N	0.0000	0.0000	0.0000	0.0000	0.0000	0.0000	0.0000	0.0000	0.0000	0.0000	0.0000	0.0000	0.0000	0.0000	0.0000	0.0000	0.0017	0.0021	0.0013	0.0057	0.0064	0.0000	0.0007	0.0000	0.0013	0.4334	0.0000	-0.0000	1.0000	0.0007	2.0003	4.7762	0.0000	0.0000	0.0000	0.0000	0.0000	0.0000	0.0000	0.0000	0.0000	0.0000	0.0000	0.0000	0.0000	0.0000	0.0000	0.0000	0.0000	0.0000	0.0000	0.0000	0.0000	0.0000	0.0000	0.0000	0.0000	0.0000	0.0000	0.0190	0.0111	0.0079	0.0041	0.0036	0.0004	0.0150	0.0075	0.0075	0.0000	0.0000	0.0000	0.0000	0.0000	0.0000	0.0000	0.0000	0.0000	0.0017	0.0021	0.0013	0.0057	0.0064	0.0000	0.0007	0.0000	0.0013			
36	55	0.0809	5	0	0	1	1	0	0	0	0	N	N	N	N	N	N	N	N	N	N	N	N	0.0000	0.0000	0.0000	0.0000	0.0000	0.0000	0.0000	0.0000	0.0000	0.0000	0.0000	0.0000	0.0000	0.0000	0.0000	0.0000	0.0000	0.0005	0.0000	0.0013	0.0000	0.0000	0.0000	0.0007	0.0000	0.0013	272.0545	0.0000	0.0000	1.0000	0.0007	2.0003	3.2259	0.0000	0.0000	0.0000	0.0000	0.0000	0.0000	0.0000	0.0000	0.0000	0.0000	0.0000	0.0000	0.0000	0.0000	0.0000	0.0000	0.0000	0.0000	0.0000	0.0000	0.0000	0.0000	0.0000	0.0000	0.0000	0.0000	0.0000	0.0139	0.0083	0.0056	0.0032	0.0029	0.0003	0.0107	0.0054	0.0053	0.0000	0.0000	0.0000	0.0000	0.0000	0.0000	0.0000	0.0000	0.0000	0.0005	0.0000	0.0013	0.0000	0.0000	0.0000	0.0007	0.0000	0.0013		
36	56	0.0765	4	0	0	1	1	0	0	0	0	N	N	N	N	N	N	N	N	N	N	N	N	0.0000	0.0000	0.0000	0.0000	0.0000	0.0000	0.0000	0.0000	0.0000	0.0000	0.0000	0.0000	0.0000	0.0000	0.0000	0.0000	0.0000	0.0000	0.0010	0.0008	0.0013	0.0020	0.0022	0.0000	0.0007	0.0000	0.0014	1.0049	0.0000	-0.0000	1.0000	0.9953	2.0003	1.3904	0.0000	0.0000	0.0000	0.0000	0.0000	0.0000	0.0000	0.0000	0.0000	0.0000	0.0000	0.0000	0.0000	0.0000	0.0000	0.0000	0.0000	0.0000	0.0071	0.0061	0.0010	0.0005	0.0004	0.0000	0.0066	0.0057	0.0009	0.0108	0.0066	0.0041	0.0026	0.0024	0.0002	0.0081	0.0042	0.0039	0.0000	0.0000	0.0000	0.0000	0.0000	0.0000	0.0000	0.0000	0.0000	0.0010	0.0008	0.0013	0.0020	0.0022	0.0000	0.0007	0.0000	0.0014	
36	57	0.0698	3	0	0	1	1	0	0	0	0	N	N	N	N	N	N	N	N	N	N	N	N	0.0000	0.0000	0.0000	0.0000	0.0000	0.0000	0.0000	0.0000	0.0000	0.0000	0.0000	0.0000	0.0000	0.0000	0.0000	0.0000	0.0000	0.0006	0.0008	0.0004	0.0022	0.0024	0.0000	0.0002	0.0000	0.0004	0.3307	0.0000	-0.0000	1.0000	0.0068	2.0003	3.2797	0.0000	0.0000	0.0000	0.0000	0.0000	0.0000	0.0000	0.0000	0.0000	0.0000	0.0000	0.0000	0.0000	0.0000	0.0000	0.0000	0.0000	0.0000	0.0001	0.0001	0.0000	0.0000	0.0000	0.0000	0.0001	0.0000	0.0000	0.0135	0.0076	0.0058	0.0029	0.0026	0.0003	0.0106	0.0050	0.0055	0.0000	0.0000	0.0000	0.0000	0.0000	0.0000	0.0000	0.0000	0.0000	0.0006	0.0008	0.0004	0.0022	0.0024	0.0000	0.0002	0.0000	0.0004		
36	58	0.0287	2	0	0	1	1	0	0	0	0	N	N	N	N	N	N	N	N	N	N	N	N	0.0000	0.0000	0.0000	0.0000	0.0000	0.0000	0.0000	0.0000	0.0000	0.0000	0.0000	0.0000	0.0000	0.0000	0.0000	0.0000	0.0000	0.0000	0.0001	0.0001	0.0000	0.0004	0.0004	0.0000	0.0000	0.0000	0.0000	0.0011	0.0000	-0.0000	1.0000	5.8573	2.0003	13.1443	0.0000	0.0000	0.0000	0.0000	0.0000	0.0000	0.0000	0.0000	0.0000	0.0000	0.0000	0.0000	0.0000	0.0000	0.0000	0.0000	0.0000	0.0000	0.0480	0.0419	0.0062	0.0069	0.0064	0.0005	0.0411	0.0355	0.0057	0.0747	0.0407	0.0340	0.0110	0.0099	0.0011	0.0637	0.0308	0.0329	0.0000	0.0000	0.0000	0.0000	0.0000	0.0000	0.0000	0.0000	0.0000	0.0001	0.0001	0.0000	0.0004	0.0004	0.0000	0.0000	0.0000	0.0000	
36	59	0.2128	20	0	1	2	0	0	0	0	0	N	N	Y	N	N	N	N	N	N	N	N	N	0.0000	0.0000	0.0000	0.0000	0.0000	0.0000	0.0000	0.0000	0.0000	0.0000	0.0000	0.0000	0.0000	0.0000	0.0000	0.0021	0.0032	0.0000	0.0062	0.0071	0.0000	0.0000	0.0000	0.0000	0.0000	0.0000	-0.0000	1.0000	0.9979	2.0003	4.0614	0.0000	0.0000	0.0000	0.0000	0.0000	0.0000	0.0000	0.0000	0.0000	0.0000	0.0000	0.0000	0.0000	0.0000	0.0000	0.0000	0.0000	0.0000	0.0067	0.0059	0.0009	0.0013	0.0013	0.0001	0.0054	0.0046	0.0008	0.0188	0.0124	0.0065	0.0063	0.0055	0.0007	0.0126	0.0068	0.0057	0.0000	0.0000	0.0000	0.0000	0.0000	0.0000	0.0000	0.0000	0.0000	0.0021	0.0032	0.0000	0.0062	0.0071	0.0000	0.0000	0.0000	0.0000				
36	60	0.2044	19	0	1	1	0	0	0	0	0	N	N	N	N	N	N	N	N	N	N	N	N	0.0000	0.0000	0.0000	0.0000	0.0000	0.0000	0.0000	0.0000	0.0000	0.0000	0.0000	0.0000	0.0000	0.0000	0.0000	0.0000	0.0000	0.0000	0.0001	0.0001	0.0000	0.0002	0.0002	0.0000	0.0000	0.0000	0.0000	0.0268	0.0000	-0.0000	1.0000	2.2356	2.0003	2.2044	0.0000	0.0000	0.0000	0.0000	0.0000	0.0000	0.0000	0.0000	0.0000	0.0000	0.0000	0.0000	0.0000	0.0000	0.0000	0.0000	0.0000	0.0000	0.0156	0.0137	0.0019	0.0034	0.0033	0.0002	0.0122	0.0104	0.0018	0.0160	0.0104	0.0056	0.0048	0.0043	0.0005	0.0112	0.0061	0.0052	0.0000	0.0000	0.0000	0.0000	0.0000	0.0000	0.0000	0.0000	0.0000	0.0001	0.0001	0.0000	0.0002	0.0002	0.0000	0.0000	0.0000	0.0000	
36	61	0.1837	17	1	0	2	0	0	0	0	0	N	N	Y	N	N	N	N	N	N	N	N	N	0.0000	0.0000	0.0000	0.0000	0.0000	0.0000	0.0000	0.0000	0.0000	0.0000	0.0000	0.0000	0.0000	0.0000	0.0000	0.0000	0.0000	0.0000	0.0000	0.0000	0.0000	0.0000	0.0000	0.0000	-0.0000	1.0000	2.0703	2.0003	7.0012	0.0000	0.0000	0.0000	0.0000	0.0000	0.0000	0.0000	0.0000	0.0000	0.0000	0.0000	0.0000	0.0000	0.0000	0.0000	0.0000	0.0000	0.0000	0.0149	0.0131	0.0019	0.0029	0.0028	0.0001	0.0120	0.0103	0.0017	0.0287	0.0171	0.0116	0.0058	0.0050	0.0008	0.0229	0.0121	0.0108	0.0000	0.0000	0.0000	0.0000	0.0000	0.0000	0.0000	0.0000	0.0000	0.0000	0.0000	0.0000	0.0000	0.0000	0.0000	0.0000	0.0000	0.0000						
36	62	0.1821	16	0	0	1	0	0	0	0	0	N	N	N	N	N	N	N	N	N	N	N	N	0.0000	0.0000	0.0000	0.0000	0.0000	0.0000	0.0000	0.0000	0.0000	0.0000	0.0000	0.0000	0.0000	0.0000	0.0000	0.0000	0.0000	0.0000	0.0000	0.0000	0.0000	0.0000	0.0000	0.2333	0.0000	-0.0000	1.0000	0.9285	2.0003	0.0280	0.0000	0.0000	0.0000	0.0000	0.0000	0.0000	0.0000	0.0000	0.0000	0.0000	0.0000	0.0000	0.0000	0.0000	0.0000	0.0000	0.0000	0.0000	0.0065	0.0057	0.0008	0.0012	0.0011	0.0001	0.0053	0.0046	0.0008	0.0032	0.0019	0.0013	0.0007	0.0006	0.0001	0.0025	0.0013	0.0012	0.0000	0.0000	0.0000	0.0000	0.0000	0.0000	0.0000	0.0000	0.0000	0.0000	0.0000	0.0000	0.0000	0.0000	0.0000	0.0000	0.0000	0.0000					
36	63	0.1444	11	1	1	1	0	0	0	0	0	N	N	N	N	N	N	N	N	N	N	N	N	0.0000	0.0000	0.0000	0.0000	0.0000	0.0000	0.0000	0.0000	0.0000	0.0000	0.0000	0.0000	0.0000	0.0000	0.0000	0.0000	0.0000	0.1283	0.0000	0.3370	0.0148	0.0000	0.1153	0.1640	0.0000	0.3565	55282.4125	0.0000	0.0008	1.0000	1.0023	2.0003	3.0135	0.0000	0.0000	0.0000	0.0000	0.0000	0.0000	0.0000	0.0000	0.0000	0.0018	0.0000	0.0018	0.0000	0.0000	0.0000	0.0017	0.0000	0.0017	0.0071	0.0062	0.0009	0.0013	0.0012	0.0001	0.0057	0.0049	0.0008	0.0138	0.0085	0.0052	0.0033	0.0029	0.0004	0.0105	0.0057	0.0048	0.0000	0.0000	0.0000	0.0000	0.0000	0.0000	0.0000	0.0000	0.0000	0.1283	0.0000	0.3370	0.0148	0.0000	0.1153	0.1640	0.0000	0.3565		
36	64	0.1180	10	1	1	1	0	0	0	0	0	N	N	N	N	N	N	N	N	N	N	N	N	0.0000	0.0000	0.0000	0.0000	0.0000	0.0000	0.0000	0.0000	0.0000	0.0000	0.0000	0.0000	0.0000	0.0000	0.0000	0.0000	0.0000	0.0000	25.6338	0.0013	146.9387	0.0029	0.0031	0.0010	31.8086	0.0006	149.7238	32442.9707	0.0000	0.4561	1.0000	3.0820	2.0003	9.3392	0.0000	0.0000	0.0000	0.0000	0.0000	0.0000	0.0000	0.0000	0.0000	0.9981	0.0000	0.9980	0.0000	0.0000	0.0000	0.9981	0.0000	0.9980	0.0265	0.0234	0.0031	0.0062	0.0060	0.0002	0.0202	0.0174	0.0028	0.0389	0.0231	0.0159	0.0076	0.0066	0.0009	0.0314	0.0164	0.0149	0.0000	0.0000	0.0000	0.0000	0.0000	0.0000	0.0000	0.0000	0.0000	25.6338	0.0013	62.8414	0.0029	0.0031	0.0010	31.8086	0.0006	66.8093	
36	65	0.2044	19	0	1	1	0	0	0	0	0	N	N	N	N	N	N	N	N	N	N	N	N	0.0000	0.0000	0.0000	0.0000	0.0000	0.0000	0.0000	0.0000	0.0000	0.0000	0.0000	0.0000	0.0000	0.0000	0.0000	0.0000	0.0000	0.0000	0.0000	0.0000	0.0000	0.0000	0.0000	0.0000	0.0000	0.0000	0.7073	0.0000	-0.0000	1.0000	1.7946	2.0003	5.9592	0.0000	0.0000	0.0000	0.0000	0.0000	0.0000	0.0000	0.0000	0.0000	0.0000	0.0000	0.0000	0.0000	0.0000	0.0000	0.0000	0.0000	0.0000	0.0128	0.0112	0.0016	0.0029	0.0027	0.0001	0.0099	0.0085	0.0014	0.0252	0.0158	0.0093	0.0070	0.0062	0.0008	0.0181	0.0096	0.0085	0.0000	0.0000	0.0000	0.0000	0.0000	0.0000	0.0000	0.0000	0.0000	0.0000	0.0000	0.0000	0.0000	0.0000	0.0000	0.0000	0.0000	0.0000		
36	66	0.1975	18	0	1	1	0	0	0	0	0	N	N	N	N	N	N	N	N	N	N	N	N	0.0000	0.0000	0.0000	0.0000	0.0000	0.0000	0.0000	0.0000	0.0000	0.0000	0.0000	0.0000	0.0000	0.0000	0.0000	0.0000	0.0000	0.0000	0.0001	0.0000	0.0002	0.0000	0.0000	0.0000	0.0001	0.0000	0.0002	9.8960	0.0000	0.0000	1.0000	1.3569	2.0003	2.0560	0.0000	0.0000	0.0000	0.0000	0.0000	0.0000	0.0000	0.0000	0.0000	0.0000	0.0000	0.0000	0.0000	0.0000	0.0000	0.0000	0.0000	0.0000	0.0105	0.0092	0.0013	0.0024	0.0023	0.0001	0.0081	0.0069	0.0012	0.0112	0.0067	0.0045	0.0029	0.0026	0.0003	0.0083	0.0041	0.0042	0.0000	0.0000	0.0000	0.0000	0.0000	0.0000	0.0000	0.0000	0.0000	0.0001	0.0000	0.0002	0.0000	0.0000	0.0000	0.0001	0.0000	0.0002	
36	67	0.1842	17	0	1	1	0	0	0	0	0	N	N	N	N	N	N	N	N	N	N	N	N	0.0000	0.0000	0.0000	0.0000	0.0000	0.0000	0.0000	0.0000	0.0000	0.0000	0.0000	0.0000	0.0000	0.0000	0.0000	0.0000	0.0000	0.0000	0.0029	0.0000	0.0077	0.0000	0.0000	0.0000	0.0041	0.0000	0.0085	870.5563	0.0000	0.0000	1.0000	4.9477	2.0003	2.0153	0.0000	0.0000	0.0000	0.0000	0.0000	0.0000	0.0000	0.0000	0.0000	0.0001	0.0000	0.0001	0.0000	0.0000	0.0000	0.0001	0.0000	0.0001	0.0356	0.0311	0.0045	0.0075	0.0070	0.0005	0.0281	0.0240	0.0040	0.0222	0.0138	0.0084	0.0063	0.0055	0.0007	0.0159	0.0082	0.0077	0.0000	0.0000	0.0000	0.0000	0.0000	0.0000	0.0000	0.0000	0.0000	0.0029	0.0000	0.0077	0.0000	0.0000	0.0000	0.0041	0.0000	0.0085	
36	73	0.1091	9	0	0	1	0	0	0	0	0	N	N	N	N	N	N	N	N	N	N	N	N	0.0000	0.0000	0.0000	0.0000	0.0000	0.0000	0.0000	0.0000	0.0000	0.0000	0.0000	0.0000	0.0000	0.0000	0.0000	0.0006	0.0011	0.0000	0.0039	0.0046	0.0000	0.0000	0.0000	0.0000	0.0000	0.0000	-0.0000	1.0000	4.0673	2.0003	17.8409	0.0000	0.0000	0.0000	0.0000	0.0000	0.0000	0.0000	0.0000	0.0000	0.0000	0.0000	0.0000	0.0000	0.0000	0.0000	0.0000	0.0000	0.0000	0.0327	0.0288	0.0039	0.0071	0.0068	0.0003	0.0256	0.0220	0.0036	0.0631	0.0361	0.0270	0.0101	0.0086	0.0015	0.0530	0.0275	0.0256	0.0000	0.0000	0.0000	0.0000	0.0000	0.0000	0.0000	0.0000	0.0000	0.0006	0.0011	0.0000	0.0039	0.0046	0.0000	0.0000	0.0000	0.0000				
36	75	0.2458	13	0	0	1	0	0	0	0	0	N	N	N	N	N	N	N	N	N	N	N	N	0.0929	0.0705	0.0000	0.1282	0.1166	0.0000	0.0000	0.0000	0.0000	0.0008	0.0009	0.0000	0.0023	0.0024	0.0000	0.0000	0.0000	0.0000	0.0081	0.0121	0.0000	0.0178	0.0203	0.0000	0.0000	0.0000	0.0000	0.0000	0.0002	-0.0000	-0.0011	1.0000	3.5843	2.0003	46.7516	0.0000	0.0000	0.0000	0.0000	0.0000	0.0000	0.0000	0.0000	0.0000	0.0020	0.0020	0.0000	0.0020	0.0020	0.0000	0.0000	0.0000	0.0000	0.0397	0.0353	0.0044	0.0131	0.0127	0.0005	0.0265	0.0226	0.0039	0.2405	0.1621	0.0784	0.1097	0.0963	0.0135	0.1308	0.0658	0.0649	0.0929	0.0705	0.0000	0.1282	0.1166	0.0000	0.0000	0.0000	0.0000	0.0081	0.0121	0.0000	0.0178	0.0203	0.0000	0.0000	0.0000	0.0000
36	76	0.2110	19	1	1	2	0	0	0	0	0	N	N	Y	N	N	N	N	N	N	N	N	N	0.0000	0.0000	0.0000	0.0000	0.0000	0.0000	0.0000	0.0000	0.0000	0.0000	0.0000	0.0000	0.0000	0.0000	0.0000	0.0000	0.0000	0.0000	0.0000	0.0000	1.0000	1.0003	2.0003	1.0071	0.0000	0.0000	0.0000	0.0000	0.0000	0.0000	0.0000	0.0000	0.0000	0.0000	0.0000	0.0000	0.0000	0.0000	0.0000	0.0000	0.0000	0.0000	0.0067	0.0058	0.0009	0.0012	0.0012	0.0001	0.0054	0.0047	0.0008	0.0064	0.0039	0.0025	0.0020	0.0018	0.0003	0.0044	0.0022	0.0022	0.0000	0.0000	0.0000	0.0000	0.0000	0.0000	0.0000	0.0000	0.0000	0.0000	0.0000	0.0000	0.0000	0.0000	0.0000	0.0000	0.0000	0.0000											
36	77	0.2042	18	1	0	2	0	0	0	0	0	N	N	Y	N	N	N	N	N	N	N	N	N	0.0000	0.0000	0.0000	0.0000	0.0000	0.0000	0.0000	0.0000	0.0000	0.0000	0.0000	0.0000	0.0000	0.0000	0.0000	0.0000	0.0000	0.0000	0.0000	0.0000	1.0000	0.9901	2.0003	2.2068	0.0000	0.0000	0.0000	0.0000	0.0000	0.0000	0.0000	0.0000	0.0000	0.0000	0.0000	0.0000	0.0000	0.0000	0.0000	0.0000	0.0000	0.0000	0.0067	0.0059	0.0009	0.0013	0.0012	0.0001	0.0055	0.0047	0.0008	0.0330	0.0246	0.0084	0.0141	0.0137	0.0004	0.0189	0.0109	0.0080	0.0000	0.0000	0.0000	0.0000	0.0000	0.0000	0.0000	0.0000	0.0000	0.0000	0.0000	0.0000	0.0000	0.0000	0.0000	0.0000	0.0000	0.0000											
36	78	0.1267	10	0	1	1	0	0	0	0	0	N	N	N	N	N	N	N	N	N	N	N	N	0.0000	0.0000	0.0000	0.0000	0.0000	0.0000	0.0000	0.0000	0.0000	0.0000	0.0000	0.0000	0.0000	0.0000	0.0000	0.0000	0.0000	0.0000	0.0000	0.0000	0.0000	0.0000	0.0000	0.0000	0.0000	0.0000	0.0000	0.0359	0.0000	-0.0000	1.0000	8.4371	2.0003	15.3349	0.0000	0.0000	0.0000	0.0000	0.0000	0.0000	0.0000	0.0000	0.0000	0.0000	0.0000	0.0000	0.0000	0.0000	0.0000	0.0000	0.0000	0.0000	0.0668	0.0588	0.0080	0.0149	0.0142	0.0007	0.0519	0.0447	0.0073	0.0853	0.0526	0.0327	0.0207	0.0186	0.0021	0.0646	0.0340	0.0306	0.0000	0.0000	0.0000	0.0000	0.0000	0.0000	0.0000	0.0000	0.0000	0.0000	0.0000	0.0000	0.0000	0.0000	0.0000	0.0000	0.0000	0.0000	
36	79	0.2042	18	1	0	2	0	0	0	0	0	N	N	Y	N	N	N	N	N	N	N	N	N	0.0000	0.0000	0.0000	0.0000	0.0000	0.0000	0.0000	0.0000	0.0000	0.0000	0.0000	0.0000	0.0000	0.0000	0.0000	0.0000	0.0000	0.0000	0.0000	0.0000	1.0000	3.0096	2.0003	5.7427	0.0000	0.0000	0.0000	0.0000	0.0000	0.0000	0.0000	0.0000	0.0000	0.0000	0.0000	0.0000	0.0000	0.0000	0.0000	0.0000	0.0000	0.0000	0.0200	0.0175	0.0025	0.0037	0.0035	0.0002	0.0164	0.0140	0.0024	0.0489	0.0340	0.0149	0.0180	0.0169	0.0010	0.0309	0.0170	0.0139	0.0000	0.0000	0.0000	0.0000	0.0000	0.0000	0.0000	0.0000	0.0000	0.0000	0.0000	0.0000	0.0000	0.0000	0.0000	0.0000	0.0000	0.0000											
36	80	0.1886	17	1	0	2	0	0	0	0	0	N	N	Y	N	N	N	N	N	N	N	N	N	0.0000	0.0000	0.0000	0.0000	0.0000	0.0000	0.0000	0.0000	0.0000	0.0000	0.0000	0.0000	0.0000	0.0000	0.0000	0.0000	0.0000	0.0000	0.0000	0.0000	0.0000	0.0000	0.0000	0.0000	0.0000	0.0000	0.0000	0.0333	0.0000	-0.0000	1.0000	1.0477	2.0003	6.1154	0.0000	0.0000	0.0000	0.0000	0.0000	0.0000	0.0000	0.0000	0.0000	0.0000	0.0000	0.0000	0.0000	0.0000	0.0000	0.0000	0.0000	0.0000	0.0079	0.0070	0.0010	0.0017	0.0017	0.0001	0.0062	0.0053	0.0009	0.0266	0.0165	0.0101	0.0071	0.0064	0.0007	0.0195	0.0101	0.0094	0.0000	0.0000	0.0000	0.0000	0.0000	0.0000	0.0000	0.0000	0.0000	0.0000	0.0000	0.0000	0.0000	0.0000	0.0000	0.0000	0.0000	0.0000	
36	81	0.1821	16	0	0	1	0	0	0	0	0	N	N	N	N	N	N	N	N	N	N	N	N	0.0000	0.0000	0.0000	0.0000	0.0000	0.0000	0.0000	0.0000	0.0000	0.0000	0.0000	0.0000	0.0000	0.0000	0.0000	0.0000	0.0000	0.0000	0.0000	0.0000	0.0001	0.0001	0.0001	0.0002	0.0000	0.0000	0.0001	2.2528	0.0000	0.0000	1.0000	1.9794	2.0003	1.0196	0.0000	0.0000	0.0000	0.0000	0.0000	0.0000	0.0000	0.0000	0.0000	0.0000	0.0000	0.0000	0.0000	0.0000	0.0000	0.0000	0.0000	0.0000	0.0137	0.0120	0.0017	0.0024	0.0023	0.0001	0.0113	0.0096	0.0016	0.0097	0.0058	0.0039	0.0020	0.0017	0.0003	0.0078	0.0041	0.0037	0.0000	0.0000	0.0000	0.0000	0.0000	0.0000	0.0000	0.0000	0.0000	0.0000	0.0000	0.0001	0.0001	0.0001	0.0002	0.0000	0.0000	0.0001	
36	82	0.1800	15	0	0	1	0	0	0	0	0	N	N	N	N	N	N	N	N	N	N	N	N	0.0000	0.0000	0.0000	0.0000	0.0000	0.0000	0.0000	0.0000	0.0000	0.0000	0.0000	0.0000	0.0000	0.0000	0.0000	0.0000	0.0000	0.0000	0.0000	0.0000	0.0000	0.0000	0.3889	0.0000	-0.0000	1.0000	1.0114	2.0003	0.0202	0.0000	0.0000	0.0000	0.0000	0.0000	0.0000	0.0000	0.0000	0.0000	0.0000	0.0000	0.0000	0.0000	0.0000	0.0000	0.0000	0.0000	0.0000	0.0070	0.0061	0.0009	0.0011	0.0011	0.0001	0.0059	0.0051	0.0008	0.0036	0.0021	0.0014	0.0008	0.0007	0.0001	0.0028	0.0015	0.0013	0.0000	0.0000	0.0000	0.0000	0.0000	0.0000	0.0000	0.0000	0.0000	0.0000	0.0000	0.0000	0.0000	0.0000	0.0000	0.0000	0.0000	0.0000						
36	83	0.1594	14	0	0	1	0	0	0	0	0	N	N	N	N	N	N	N	N	N	N	N	N	0.0000	0.0000	0.0000	0.0000	0.0000	0.0000	0.0000	0.0000	0.0000	0.0000	0.0000	0.0000	0.0000	0.0000	0.0000	0.0000	0.0000	0.0000	0.0001	0.0001	0.0000	0.0003	0.0003	0.0000	0.0000	0.0000	0.0000	0.1274	0.0000	-0.0000	1.0000	5.9223	2.0003	3.6882	0.0000	0.0000	0.0000	0.0000	0.0000	0.0000	0.0000	0.0000	0.0000	0.0000	0.0000	0.0000	0.0000	0.0000	0.0000	0.0000	0.0000	0.0000	0.0426	0.0373	0.0053	0.0077	0.0074	0.0003	0.0348	0.0299	0.0049	0.0336	0.0201	0.0135	0.0076	0.0068	0.0009	0.0260	0.0133	0.0126	0.0000	0.0000	0.0000	0.0000	0.0000	0.0000	0.0000	0.0000	0.0000	0.0001	0.0001	0.0000	0.0003	0.0003	0.0000	0.0000	0.0000	0.0000	
36	84	0.1465	12	0	1	1	0	0	0	0	0	N	N	N	N	N	N	N	N	N	N	N	N	0.0000	0.0000	0.0000	0.0000	0.0000	0.0000	0.0000	0.0000	0.0000	0.0000	0.0000	0.0000	0.0000	0.0000	0.0000	0.0000	0.0000	0.0000	0.0001	0.0000	0.0002	0.0000	0.0000	0.0000	0.0001	0.0000	0.0002	481.4012	0.0000	0.0000	1.0000	7.1084	2.0003	28.8937	0.0000	0.0000	0.0000	0.0000	0.0000	0.0000	0.0000	0.0000	0.0000	0.0000	0.0000	0.0000	0.0000	0.0000	0.0000	0.0000	0.0000	0.0000	0.0496	0.0433	0.0064	0.0082	0.0077	0.0005	0.0414	0.0355	0.0059	0.1215	0.0716	0.0498	0.0290	0.0253	0.0037	0.0925	0.0463	0.0462	0.0000	0.0000	0.0000	0.0000	0.0000	0.0000	0.0000	0.0000	0.0000	0.0001	0.0000	0.0002	0.0000	0.0000	0.0000	0.0001	0.0000	0.0002	
36	85	0.1391	11	0	1	1	0	0	0	0	0	N	N	N	N	N	N	N	N	N	N	N	N	0.0000	0.0000	0.0000	0.0000	0.0000	0.0000	0.0000	0.0000	0.0000	0.0000	0.0000	0.0000	0.0000	0.0000	0.0000	0.0000	0.0000	0.0000	0.0001	0.0001	0.0001	0.0001	0.0001	0.0001	0.0001	0.0000	0.0001	1.0199	0.0000	-0.0000	1.0000	2.2208	2.0003	3.9129	0.0000	0.0000	0.0000	0.0000	0.0000	0.0000	0.0000	0.0000	0.0000	0.0000	0.0000	0.0000	0.0000	0.0000	0.0000	0.0000	0.0000	0.0000	0.0264	0.0236	0.0028	0.0097	0.0092	0.0005	0.0167	0.0144	0.0023	0.0389	0.0260	0.0128	0.0136	0.0129	0.0007	0.0253	0.0131	0.0121	0.0000	0.0000	0.0000	0.0000	0.0000	0.0000	0.0000	0.0000	0.0000	0.0001	0.0001	0.0001	0.0001	0.0001	0.0001	0.0001	0.0000	0.0001	
36	86	0.2146	13	0	0	2	0	0	0	0	0	N	N	Y	N	N	N	N	N	N	N	N	N	0.0000	0.0000	0.0000	0.0000	0.0000	0.0000	0.0000	0.0000	0.0000	0.0000	0.0000	0.0000	0.0000	0.0000	0.0000	0.0000	0.0000	0.0000	0.0000	0.0000	0.0000	0.0000	0.0000	0.0000	0.0000	0.0000	0.0000	1.1754	0.0000	-0.0000	1.0000	5.3425	2.0003	7.0749	0.0000	0.0000	0.0000	0.0000	0.0000	0.0000	0.0000	0.0000	0.0000	0.0000	0.0000	0.0000	0.0000	0.0000	0.0000	0.0000	0.0000	0.0000	0.0419	0.0370	0.0049	0.0090	0.0086	0.0004	0.0329	0.0284	0.0045	0.0419	0.0242	0.0177	0.0117	0.0095	0.0021	0.0302	0.0147	0.0155	0.0000	0.0000	0.0000	0.0000	0.0000	0.0000	0.0000	0.0000	0.0000	0.0000	0.0000	0.0000	0.0000	0.0000	0.0000	0.0000	0.0000	0.0000	
36	87	0.1714	12	0	0	1	0	0	0	0	0	N	N	N	N	N	N	N	N	N	N	N	N	0.0000	0.0000	0.0000	0.0000	0.0000	0.0000	0.0000	0.0000	0.0000	0.0000	0.0000	0.0000	0.0000	0.0000	0.0000	0.0000	0.0000	0.0000	0.0001	0.0002	0.0000	0.0003	0.0003	0.0000	0.0000	0.0000	0.0000	0.1528	0.0000	-0.0000	1.0000	7.0719	2.0003	13.7350	0.0000	0.0000	0.0000	0.0000	0.0000	0.0000	0.0000	0.0000	0.0000	0.0000	0.0000	0.0000	0.0000	0.0000	0.0000	0.0000	0.0000	0.0000	0.0625	0.0555	0.0070	0.0163	0.0156	0.0007	0.0462	0.0399	0.0063	0.0972	0.0618	0.0354	0.0335	0.0297	0.0039	0.0637	0.0321	0.0316	0.0000	0.0000	0.0000	0.0000	0.0000	0.0000	0.0000	0.0000	0.0000	0.0001	0.0002	0.0000	0.0003	0.0003	0.0000	0.0000	0.0000	0.0000	
36	88	0.2146	20	1	0	2	0	0	0	0	0	N	N	Y	N	N	N	N	N	N	N	N	N	0.0000	0.0000	0.0000	0.0000	0.0000	0.0000	0.0000	0.0000	0.0000	0.0000	0.0000	0.0000	0.0000	0.0000	0.0000	0.0000	0.0000	0.0000	0.0000	0.0000	1.0000	0.0000	2.0003	0.0000	0.0000	0.0000	0.0000	0.0000	0.0000	0.0000	0.0000	0.0000	0.0000	0.0000	0.0000	0.0000	0.0000	0.0000	0.0000	0.0000	0.0000	0.0000	0.0000	0.0000	0.0000	0.0000	0.0000	0.0000	0.0000	0.0000	0.0000	0.0000	0.0000	0.0000	0.0000	0.0000	0.0000	0.0000	0.0000	0.0000	0.0000	0.0000	0.0000	0.0000	0.0000	0.0000	0.0000	0.0000	0.0000	0.0000	0.0000	0.0000	0.0000	0.0000	0.0000	0.0000	0.0000	0.0000											
36	89	0.2126	19	1	0	2	0	0	0	0	0	N	N	Y	N	N	N	N	N	N	N	N	N	2400.0857	0.0000	5998.5787	0.0000	0.0000	0.0000	2347.2581	0.0000	5890.6612	27.1886	0.0000	217.1019	0.0000	0.0000	0.0000	43.4004	0.0000	228.7389	0.0113	0.0001	0.0362	0.0002	0.0002	0.0001	0.0185	0.0000	0.0388	inf	178.3914	0.0000	0.0000	1.0000	0.0001	2.0003	0.9161	0.0001	0.0000	0.0001	0.0000	0.0000	0.0000	0.0001	0.0000	0.0001	0.0001	0.0000	0.0001	0.0000	0.0000	0.0000	0.0001	0.0000	0.0001	0.0000	0.0000	0.0000	0.0000	0.0000	0.0000	0.0000	0.0000	0.0000	0.0056	0.0039	0.0017	0.0022	0.0021	0.0001	0.0034	0.0018	0.0016	2400.0857	0.0000	5998.5787	0.0000	0.0000	0.0000	2347.2581	0.0000	5890.6612	0.0113	0.0001	0.0362	0.0002	0.0002	0.0001	0.0185	0.0000	0.0388
36	90	0.1879	18	1	0	2	0	0	0	0	0	N	N	Y	N	N	N	N	N	N	N	N	N	129730.7896	0.0073	617918.9492	0.0112	0.0115	0.0000	195992.9536	0.0000	668288.9908	36.0281	0.0000	297.5198	0.0000	0.0000	0.0000	47.5250	0.0000	336.2422	0.0003	0.0002	0.0005	0.0004	0.0004	0.0003	0.0002	0.0000	0.0005	36341819.1092	1.8596	0.6186	0.0000	1.0000	3.7876	2.0003	7.8440	0.9994	0.0000	0.9994	0.0000	0.0000	0.0000	0.9994	0.0000	0.9994	0.0000	0.0000	0.0000	0.0000	0.0000	0.0000	0.0000	0.0000	0.0000	0.0277	0.0244	0.0034	0.0067	0.0063	0.0004	0.0210	0.0181	0.0030	0.0372	0.0232	0.0139	0.0107	0.0095	0.0012	0.0264	0.0137	0.0127	129730.7896	0.0073	617918.9492	0.0112	0.0115	0.0000	195992.9536	0.0000	668288.9908	0.0003	0.0002	0.0005	0.0004	0.0004	0.0003	0.0002	0.0000	0.0005
36	91	0.0987	8	0	1	1	1	0	0	0	0	N	N	N	N	N	N	N	N	N	N	N	N	0.0000	0.0000	0.0000	0.0000	0.0000	0.0000	0.0000	0.0000	0.0000	0.0000	0.0000	0.0000	0.0000	0.0000	0.0000	0.0000	0.0000	0.0000	0.0018	0.0032	0.0000	0.0109	0.0124	0.0000	0.0000	0.0000	0.0000	0.0008	0.0000	-0.0001	1.0000	1.8247	2.0003	16.3284	0.0000	0.0000	0.0000	0.0000	0.0000	0.0000	0.0000	0.0000	0.0000	0.0001	0.0001	0.0000	0.0001	0.0001	0.0000	0.0000	0.0000	0.0000	0.0176	0.0157	0.0020	0.0046	0.0045	0.0001	0.0130	0.0112	0.0018	0.0589	0.0336	0.0253	0.0100	0.0088	0.0012	0.0489	0.0248	0.0241	0.0000	0.0000	0.0000	0.0000	0.0000	0.0000	0.0000	0.0000	0.0000	0.0018	0.0032	0.0000	0.0109	0.0124	0.0000	0.0000	0.0000	0.0000	
36	92	0.1091	9	0	1	1	0	0	0	0	0	N	N	N	N	N	N	N	N	N	N	N	N	0.0000	0.0000	0.0000	0.0000	0.0000	0.0000	0.0000	0.0000	0.0000	0.0000	0.0000	0.0000	0.0000	0.0000	0.0000	13.9719	0.0000	68.4597	0.0035	0.0000	0.0237	16.5889	0.0000	65.1658	inf	0.0000	0.4571	1.0000	9.1310	2.0003	16.1726	0.0000	0.0000	0.0000	0.0000	0.0000	0.0000	0.0000	0.0000	0.0000	1.0000	0.0000	1.0000	0.0000	0.0000	0.0000	1.0000	0.0000	1.0000	0.0655	0.0574	0.0081	0.0124	0.0118	0.0006	0.0531	0.0456	0.0075	0.0716	0.0409	0.0307	0.0113	0.0096	0.0017	0.0603	0.0313	0.0290	0.0000	0.0000	0.0000	0.0000	0.0000	0.0000	0.0000	0.0000	0.0000	13.9719	0.0000	32.5959	0.0035	0.0000	0.0237	16.5889	0.0000	34.4871				
36	93	0.0657	7	0	1	1	0	0	0	0	0	N	N	N	N	N	N	N	N	N	N	N	N	0.0000	0.0000	0.0000	0.0000	0.0000	0.0000	0.0000	0.0000	0.0000	0.0000	0.0000	0.0000	0.0000	0.0000	0.0000	0.0000	0.0000	0.0000	0.0001	0.0000	0.0003	0.0002	0.0000	0.0017	0.0001	0.0000	0.0001	1022.1852	0.0000	0.0000	1.0000	4.0959	2.0003	8.7137	0.0000	0.0000	0.0000	0.0000	0.0000	0.0000	0.0000	0.0000	0.0000	0.0000	0.0000	0.0000	0.0000	0.0000	0.0000	0.0000	0.0000	0.0000	0.0309	0.0268	0.0041	0.0037	0.0035	0.0002	0.0272	0.0233	0.0039	0.0532	0.0319	0.0213	0.0127	0.0112	0.0016	0.0405	0.0207	0.0198	0.0000	0.0000	0.0000	0.0000	0.0000	0.0000	0.0000	0.0000	0.0000	0.0001	0.0000	0.0003	0.0002	0.0000	0.0017	0.0001	0.0000	0.0001	
36	94	0.0474	6	0	1	1	0	0	0	0	0	N	N	N	N	N	N	N	N	N	N	N	N	0.0000	0.0000	0.0000	0.0000	0.0000	0.0000	0.0000	0.0000	0.0000	0.0000	0.0000	0.0000	0.0000	0.0000	0.0000	0.0000	0.0000	0.0002	0.0001	0.0003	0.0000	0.0000	0.0000	0.0003	0.0002	0.0003	1.6995	0.0000	0.0000	1.0000	2.9443	2.0003	6.1524	0.0000	0.0000	0.0000	0.0000	0.0000	0.0000	0.0000	0.0000	0.0000	0.0000	0.0000	0.0000	0.0000	0.0000	0.0000	0.0000	0.0000	0.0000	0.0254	0.0222	0.0032	0.0053	0.0050	0.0003	0.0201	0.0172	0.0029	0.0346	0.0200	0.0146	0.0064	0.0058	0.0006	0.0282	0.0142	0.0140	0.0000	0.0000	0.0000	0.0000	0.0000	0.0000	0.0000	0.0000	0.0000	0.0002	0.0001	0.0003	0.0000	0.0000	0.0000	0.0003	0.0002	0.0003		
36	95	0.0449	5	0	0	1	0	0	0	0	0	N	N	N	N	N	N	N	N	N	N	N	N	0.0000	0.0000	0.0000	0.0000	0.0000	0.0000	0.0000	0.0000	0.0000	0.0000	0.0000	0.0000	0.0000	0.0000	0.0000	0.0000	0.0000	0.0000	0.0000	0.0000	0.0000	0.0000	0.0000	0.0000	0.0000	0.6435	0.0000	-0.0000	1.0000	0.8596	2.0003	1.2300	0.0000	0.0000	0.0000	0.0000	0.0000	0.0000	0.0000	0.0000	0.0000	0.0000	0.0000	0.0000	0.0000	0.0000	0.0000	0.0000	0.0000	0.0000	0.0075	0.0066	0.0009	0.0016	0.0015	0.0001	0.0059	0.0051	0.0008	0.0148	0.0097	0.0051	0.0046	0.0045	0.0001	0.0101	0.0051	0.0050	0.0000	0.0000	0.0000	0.0000	0.0000	0.0000	0.0000	0.0000	0.0000	0.0000	0.0000	0.0000	0.0000	0.0000	0.0000	0.0000	0.0000	0.0000			
36	98	0.1879	18	0	1	1	0	0	0	0	0	N	N	N	N	N	N	N	N	N	N	N	N	510.5354	358.7258	444.7203	416.4316	0.0000	0.0000	0.0478	0.0539	0.0000	0.1461	0.1550	0.0000	0.0000	0.0000	0.0000	0.0001	0.0002	0.0000	0.0003	0.0004	0.0000	0.0000	0.0000	0.0000	0.0000	0.0000	-0.0002	-0.0000	1.0000	1.3608	2.0003	12.1483	0.0006	0.0006	0.0000	0.0006	0.0006	0.0000	0.0000	0.0000	0.0000	0.0000	0.0000	0.0000	0.0000	0.0000	0.0000	0.0000	0.0000	0.0000	0.0115	0.0102	0.0013	0.0038	0.0035	0.0002	0.0078	0.0067	0.0011	0.0421	0.0262	0.0159	0.0120	0.0106	0.0014	0.0301	0.0156	0.0145	510.5354	358.7258	0.0000	444.7203	416.4316	0.0000	0.0000	0.0000	0.0000	0.0001	0.0002	0.0000	0.0003	0.0004	0.0000	0.0000	0.0000	0.0000			
36	99	0.1842	17	0	0	1	0	0	0	0	0	N	N	N	N	N	N	N	N	N	N	N	N	50.6511	0.0000	290.3339	0.0000	0.0000	0.0000	96.6458	0.0000	316.3969	0.0425	0.0000	0.3308	0.0000	0.0000	0.0000	0.0580	0.0000	0.3909	0.0008	0.0007	0.0011	0.0013	0.0015	0.0000	0.0006	0.0000	0.0012	inf	0.9396	0.0003	-0.0000	1.0000	1.5300	2.0003	0.7696	0.0006	0.0000	0.0006	0.0000	0.0000	0.0000	0.0006	0.0000	0.0006	0.0000	0.0000	0.0000	0.0000	0.0000	0.0000	0.0000	0.0000	0.0000	0.0129	0.0113	0.0017	0.0035	0.0032	0.0003	0.0095	0.0081	0.0014	0.0091	0.0058	0.0032	0.0029	0.0027	0.0003	0.0062	0.0032	0.0030	50.6511	0.0000	290.3339	0.0000	0.0000	0.0000	96.6458	0.0000	316.3969	0.0008	0.0007	0.0011	0.0013	0.0015	0.0000	0.0006	0.0000	0.0012
36	100	0.1753	16	0	0	1	0	0	0	0	0	N	N	N	N	N	N	N	N	N	N	N	N	0.0000	0.0000	0.0000	0.0000	0.0000	0.0000	0.0000	0.0000	0.0000	0.0000	0.0000	0.0000	0.0000	0.0000	0.0000	0.0000	0.0000	0.0003	0.0001	0.0006	0.0001	0.0002	0.0000	0.0003	0.0000	0.0007	6.4371	0.0000	0.0000	1.0000	3.6906	2.0003	1.4800	0.0000	0.0000	0.0000	0.0000	0.0000	0.0000	0.0000	0.0000	0.0000	0.0000	0.0000	0.0000	0.0000	0.0000	0.0000	0.0000	0.0000	0.0000	0.0257	0.0225	0.0032	0.0045	0.0042	0.0002	0.0213	0.0183	0.0030	0.0172	0.0104	0.0067	0.0045	0.0038	0.0006	0.0127	0.0066	0.0061	0.0000	0.0000	0.0000	0.0000	0.0000	0.0000	0.0000	0.0000	0.0000	0.0003	0.0001	0.0006	0.0001	0.0002	0.0000	0.0003	0.0000	0.0007		
36	101	0.1753	15	0	0	1	0	0	0	0	0	N	N	N	N	N	N	N	N	N	N	N	N	0.0000	0.0000	0.0000	0.0000	0.0000	0.0000	0.0000	0.0000	0.0000	0.0000	0.0000	0.0000	0.0000	0.0000	0.0000	0.0000	0.0000	0.0005	0.0004	0.0007	0.0006	0.0007	0.0000	0.0004	0.0000	0.0007	0.9943	0.0000	-0.0000	1.0000	0.1361	2.0003	0.4500	0.0000	0.0000	0.0000	0.0000	0.0000	0.0000	0.0000	0.0000	0.0000	0.0000	0.0000	0.0000	0.0000	0.0000	0.0000	0.0000	0.0000	0.0000	0.0018	0.0016	0.0002	0.0006	0.0006	0.0000	0.0012	0.0010	0.0002	0.0029	0.0019	0.0010	0.0010	0.0009	0.0001	0.0018	0.0009	0.0009	0.0000	0.0000	0.0000	0.0000	0.0000	0.0000	0.0000	0.0000	0.0000	0.0005	0.0004	0.0007	0.0006	0.0007	0.0000	0.0004	0.0000	0.0007		
36	102	0.1594	14	0	0	1	0	0	0	0	0	N	N	N	N	N	N	N	N	N	N	N	N	0.0000	0.0000	0.0000	0.0000	0.0000	0.0000	0.0000	0.0000	0.0000	0.0000	0.0000	0.0000	0.0000	0.0000	0.0000	0.0000	0.0000	0.0000	0.0008	0.0012	0.0001	0.0032	0.0036	0.0000	0.0000	0.0000	0.0001	0.0298	0.0000	-0.0000	1.0000	3.5591	2.0003	4.5341	0.0000	0.0000	0.0000	0.0000	0.0000	0.0000	0.0000	0.0000	0.0000	0.0000	0.0000	0.0000	0.0000	0.0000	0.0000	0.0000	0.0000	0.0000	0.0271	0.0238	0.0033	0.0054	0.0052	0.0002	0.0217	0.0186	0.0031	0.0291	0.0174	0.0116	0.0068	0.0060	0.0007	0.0223	0.0114	0.0109	0.0000	0.0000	0.0000	0.0000	0.0000	0.0000	0.0000	0.0000	0.0000	0.0008	0.0012	0.0001	0.0032	0.0036	0.0000	0.0000	0.0000	0.0001	
36	103	0.1378	13	0	0	1	0	0	0	0	0	N	N	N	N	N	N	N	N	N	N	N	N	0.0000	0.0000	0.0000	0.0000	0.0000	0.0000	0.0000	0.0000	0.0000	0.0000	0.0000	0.0000	0.0000	0.0000	0.0000	0.0000	0.0000	0.0018	0.0030	0.0000	0.0083	0.0092	0.0000	0.0000	0.0000	0.0000	0.0003	0.0000	-0.0000	1.0000	2.8937	2.0003	8.0733	0.0000	0.0000	0.0000	0.0000	0.0000	0.0000	0.0000	0.0000	0.0000	0.0001	0.0001	0.0000	0.0001	0.0001	0.0000	0.0000	0.0000	0.0000	0.0252	0.0222	0.0030	0.0054	0.0052	0.0002	0.0199	0.0170	0.0029	0.0385	0.0225	0.0159	0.0082	0.0073	0.0009	0.0303	0.0152	0.0151	0.0000	0.0000	0.0000	0.0000	0.0000	0.0000	0.0000	0.0000	0.0000	0.0018	0.0030	0.0000	0.0083	0.0092	0.0000	0.0000	0.0000	0.0000		
36	104	0.1325	9	0	1	1	0	0	0	0	0	N	N	N	N	N	N	N	N	N	N	N	N	0.0000	0.0000	0.0000	0.0000	0.0000	0.0000	0.0000	0.0000	0.0000	0.0000	0.0000	0.0000	0.0000	0.0000	0.0000	0.0000	0.0000	0.0000	0.0001	0.0001	0.0000	0.0000	0.0000	0.0001	0.0001	0.0002	0.0000	0.1661	0.0000	-0.0000	1.0000	0.0277	2.0003	1.3445	0.0000	0.0000	0.0000	0.0000	0.0000	0.0000	0.0000	0.0000	0.0000	0.0000	0.0000	0.0000	0.0000	0.0000	0.0000	0.0000	0.0000	0.0000	0.0003	0.0003	0.0000	0.0001	0.0001	0.0000	0.0002	0.0002	0.0000	0.0114	0.0081	0.0033	0.0052	0.0045	0.0007	0.0062	0.0036	0.0027	0.0000	0.0000	0.0000	0.0000	0.0000	0.0000	0.0000	0.0000	0.0000	0.0001	0.0001	0.0000	0.0000	0.0000	0.0001	0.0001	0.0002	0.0000	
36	105	0.0858	8	0	1	1	0	0	0	0	0	N	N	N	N	N	N	N	N	N	N	N	N	0.0000	0.0000	0.0000	0.0000	0.0000	0.0000	0.0000	0.0000	0.0000	0.0000	0.0000	0.0000	0.0000	0.0000	0.0000	0.0000	0.0000	0.0000	0.0009	0.0004	0.0015	0.0050	0.0007	0.0335	0.0002	0.0003	0.0000	2.6337	0.0000	0.0000	1.0000	5.1414	2.0003	16.4151	0.0000	0.0000	0.0000	0.0000	0.0000	0.0000	0.0000	0.0000	0.0000	0.0001	0.0000	0.0000	0.0000	0.0000	0.0000	0.0000	0.0000	0.0000	0.0372	0.0327	0.0046	0.0088	0.0083	0.0004	0.0285	0.0243	0.0041	0.0627	0.0363	0.0264	0.0090	0.0078	0.0012	0.0537	0.0285	0.0252	0.0000	0.0000	0.0000	0.0000	0.0000	0.0000	0.0000	0.0000	0.0000	0.0009	0.0004	0.0015	0.0050	0.0007	0.0335	0.0002	0.0003	0.0000	
36	106	0.0776	7	0	0	1	0	0	0	0	0	N	N	N	N	N	N	N	N	N	N	N	N	0.0000	0.0000	0.0000	0.0000	0.0000	0.0000	0.0000	0.0000	0.0000	0.0000	0.0000	0.0000	0.0000	0.0000	0.0000	0.0000	0.0000	0.0000	0.0002	0.0002	0.0003	0.0006	0.0006	0.0004	0.0001	0.0000	0.0003	0.8697	0.0000	-0.0000	1.0000	3.8974	2.0003	1.6364	0.0000	0.0000	0.0000	0.0000	0.0000	0.0000	0.0000	0.0000	0.0000	0.0000	0.0000	0.0000	0.0000	0.0000	0.0000	0.0000	0.0000	0.0000	0.0283	0.0247	0.0036	0.0055	0.0052	0.0003	0.0228	0.0195	0.0033	0.0237	0.0144	0.0093	0.0053	0.0049	0.0003	0.0184	0.0094	0.0090	0.0000	0.0000	0.0000	0.0000	0.0000	0.0000	0.0000	0.0000	0.0000	0.0002	0.0002	0.0003	0.0006	0.0006	0.0004	0.0001	0.0000	0.0003	
36	109	0.1681	14	1	1	1	1	0	0	0	0	N	N	N	N	N	N	N	N	N	N	N	N	0.0000	0.0000	0.0000	0.0000	0.0000	0.0000	0.0000	0.0000	0.0000	0.0000	0.0000	0.0000	0.0000	0.0000	0.0000	0.0000	0.0000	0.0000	0.0000	0.0000	1.0000	0.0000	2.0003	0.0000	0.0000	0.0000	0.0000	0.0000	0.0000	0.0000	0.0000	0.0000	0.0000	0.0000	0.0000	0.0000	0.0000	0.0000	0.0000	0.0000	0.0000	0.0000	0.0000	0.0000	0.0000	0.0000	0.0000	0.0000	0.0000	0.0000	0.0000	0.0000	0.0000	0.0000	0.0000	0.0000	0.0000	0.0000	0.0000	0.0000	0.0000	0.0000	0.0000	0.0000	0.0000	0.0000	0.0000	0.0000	0.0000	0.0000	0.0000	0.0000	0.0000	0.0000	0.0000	0.0000	0.0000	0.0000											
36	110	0.1531	13	1	1	1	1	0	0	0	0	N	N	N	N	N	N	N	N	N	N	N	N	0.0000	0.0000	0.0000	0.0000	0.0000	0.0000	0.0000	0.0000	0.0000	0.0000	0.0000	0.0000	0.0000	0.0000	0.0000	0.0016	0.0028	0.0000	0.0096	0.0105	0.0000	0.0000	0.0000	0.0000	0.0000	0.0000	-0.0000	1.0000	0.0000	2.0003	7.1240	0.0000	0.0000	0.0000	0.0000	0.0000	0.0000	0.0000	0.0000	0.0000	0.0000	0.0000	0.0000	0.0000	0.0000	0.0000	0.0000	0.0000	0.0000	0.0000	0.0000	0.0000	0.0000	0.0000	0.0000	0.0000	0.0000	0.0000	0.0253	0.0142	0.0111	0.0042	0.0038	0.0003	0.0212	0.0104	0.0108	0.0000	0.0000	0.0000	0.0000	0.0000	0.0000	0.0000	0.0000	0.0000	0.0016	0.0028	0.0000	0.0096	0.0105	0.0000	0.0000	0.0000	0.0000				
36	111	0.1620	15	0	1	1	1	0	0	0	0	N	N	N	N	N	N	N	N	N	N	N	N	0.0000	0.0000	0.0000	0.0000	0.0000	0.0000	0.0000	0.0000	0.0000	0.0000	0.0000	0.0000	0.0000	0.0017	0.0031	0.0000	0.0090	0.0105	0.0000	0.0000	0.0000	0.0000	0.0000	0.0000	-0.0000	1.0000	0.0016	2.0003	5.0076	0.0000	0.0000	0.0000	0.0000	0.0000	0.0000	0.0000	0.0000	0.0000	0.0000	0.0000	0.0000	0.0000	0.0000	0.0000	0.0000	0.0000	0.0000	0.0000	0.0000	0.0000	0.0000	0.0000	0.0000	0.0000	0.0000	0.0000	0.0172	0.0098	0.0075	0.0033	0.0029	0.0005	0.0139	0.0069	0.0070	0.0000	0.0000	0.0000	0.0000	0.0000	0.0000	0.0000	0.0000	0.0000	0.0017	0.0031	0.0000	0.0090	0.0105	0.0000	0.0000	0.0000	0.0000						
36	112	0.1552	14	0	1	1	1	0	0	0	0	N	N	N	N	N	N	N	N	N	N	N	N	0.0000	0.0000	0.0000	0.0000	0.0000	0.0000	0.0000	0.0000	0.0000	0.0000	0.0000	0.0000	0.0000	0.0000	0.0000	0.0000	0.0000	0.0000	0.0000	0.0000	0.0000	0.0000	0.0000	0.0000	-0.0000	1.0000	1.0012	2.0003	2.1373	0.0000	0.0000	0.0000	0.0000	0.0000	0.0000	0.0000	0.0000	0.0000	0.0000	0.0000	0.0000	0.0000	0.0000	0.0000	0.0000	0.0000	0.0000	0.0068	0.0059	0.0009	0.0008	0.0008	0.0000	0.0060	0.0051	0.0009	0.0124	0.0070	0.0053	0.0026	0.0024	0.0002	0.0097	0.0046	0.0051	0.0000	0.0000	0.0000	0.0000	0.0000	0.0000	0.0000	0.0000	0.0000	0.0000	0.0000	0.0000	0.0000	0.0000	0.0000	0.0000	0.0000	0.0000						
36	113	0.1635	14	0	1	1	0	0	0	0	0	N	N	N	N	N	N	N	N	N	N	N	N	0.0000	0.0000	0.0000	0.0000	0.0000	0.0000	0.0000	0.0000	0.0000	0.0000	0.0000	0.0000	0.0000	0.0000	0.0000	0.0001	0.0000	0.0002	0.0000	0.0000	0.0000	0.0001	0.0000	0.0002	inf	0.0000	0.0000	1.0000	0.9705	2.0003	5.0371	0.0000	0.0000	0.0000	0.0000	0.0000	0.0000	0.0000	0.0000	0.0000	0.0000	0.0000	0.0000	0.0000	0.0000	0.0000	0.0000	0.0000	0.0000	0.0078	0.0069	0.0010	0.0016	0.0015	0.0001	0.0063	0.0054	0.0009	0.0211	0.0120	0.0091	0.0035	0.0032	0.0003	0.0175	0.0088	0.0088	0.0000	0.0000	0.0000	0.0000	0.0000	0.0000	0.0000	0.0000	0.0000	0.0001	0.0000	0.0002	0.0000	0.0000	0.0000	0.0001	0.0000	0.0002				
36	114	0.1552	14	0	0	2	1	0	0	0	0	N	N	Y	N	N	N	N	N	N	N	N	N	0.0000	0.0000	0.0000	0.0000	0.0000	0.0000	0.0000	0.0000	0.0000	0.0000	0.0000	0.0000	0.0000	0.0000	0.0000	0.0000	0.0000	0.0000	0.0000	0.0000	1.0000	0.0000	2.0003	1.1303	0.0000	0.0000	0.0000	0.0000	0.0000	0.0000	0.0000	0.0000	0.0000	0.0000	0.0000	0.0000	0.0000	0.0000	0.0000	0.0000	0.0000	0.0000	0.0000	0.0000	0.0000	0.0000	0.0000	0.0000	0.0000	0.0000	0.0000	0.0056	0.0032	0.0023	0.0015	0.0014	0.0001	0.0041	0.0018	0.0023	0.0000	0.0000	0.0000	0.0000	0.0000	0.0000	0.0000	0.0000	0.0000	0.0000	0.0000	0.0000	0.0000	0.0000	0.0000	0.0000	0.0000	0.0000											
36	115	0.1531	13	0	0	1	1	0	0	0	0	N	N	N	N	N	N	N	N	N	N	N	N	0.0000	0.0000	0.0000	0.0000	0.0000	0.0000	0.0000	0.0000	0.0000	0.0000	0.0000	0.0000	0.0000	0.0000	0.0000	0.0000	0.0000	0.0000	0.0000	0.0000	0.0002	0.0000	0.0000	0.0000	inf	0.0000	0.0000	1.0000	0.0000	2.0003	1.2340	0.0000	0.0000	0.0000	0.0000	0.0000	0.0000	0.0000	0.0000	0.0000	0.0000	0.0000	0.0000	0.0000	0.0000	0.0000	0.0000	0.0000	0.0000	0.0000	0.0000	0.0000	0.0000	0.0000	0.0000	0.0000	0.0000	0.0000	0.0060	0.0035	0.0025	0.0015	0.0014	0.0001	0.0045	0.0020	0.0025	0.0000	0.0000	0.0000	0.0000	0.0000	0.0000	0.0000	0.0000	0.0000	0.0000	0.0000	0.0000	0.0000	0.0000	0.0002	0.0000	0.0000	0.0000				
36	116	0.1606	14	0	0	2	1	0	0	0	0	N	N	Y	N	N	N	N	N	N	N	N	N	0.0000	0.0000	0.0000	0.0000	0.0000	0.0000	0.0000	0.0000	0.0000	0.0000	0.0000	0.0000	0.0000	0.0000	0.0000	0.0000	0.0000	0.0000	0.0000	0.0000	1.0000	0.9725	2.0003	0.9874	0.0000	0.0000	0.0000	0.0000	0.0000	0.0000	0.0000	0.0000	0.0000	0.0000	0.0000	0.0000	0.0000	0.0000	0.0000	0.0000	0.0000	0.0000	0.0074	0.0065	0.0009	0.0015	0.0014	0.0001	0.0059	0.0050	0.0008	0.0069	0.0041	0.0027	0.0013	0.0012	0.0001	0.0056	0.0029	0.0026	0.0000	0.0000	0.0000	0.0000	0.0000	0.0000	0.0000	0.0000	0.0000	0.0000	0.0000	0.0000	0.0000	0.0000	0.0000	0.0000	0.0000	0.0000											
36	117	0.1606	14	0	0	2	1	0	0	0	0	N	N	Y	N	N	N	N	N	N	N	N	N	0.0000	0.0000	0.0000	0.0000	0.0000	0.0000	0.0000	0.0000	0.0000	0.0000	0.0000	0.0000	0.0000	0.0000	0.0000	0.0000	0.0000	0.0000	0.0000	0.0000	1.0000	0.0285	2.0003	4.0215	0.0000	0.0000	0.0000	0.0000	0.0000	0.0000	0.0000	0.0000	0.0000	0.0000	0.0000	0.0000	0.0000	0.0000	0.0000	0.0000	0.0000	0.0000	0.0008	0.0007	0.0001	0.0003	0.0003	0.0000	0.0004	0.0004	0.0001	0.0136	0.0080	0.0055	0.0024	0.0022	0.0002	0.0112	0.0058	0.0053	0.0000	0.0000	0.0000	0.0000	0.0000	0.0000	0.0000	0.0000	0.0000	0.0000	0.0000	0.0000	0.0000	0.0000	0.0000	0.0000	0.0000	0.0000											
36	118	0.1531	13	0	0	2	1	0	0	0	0	N	N	Y	N	N	N	N	N	N	N	N	N	0.0000	0.0000	0.0000	0.0000	0.0000	0.0000	0.0000	0.0000	0.0000	0.0000	0.0000	0.0000	0.0000	0.0000	0.0000	0.0000	0.0000	0.0000	0.0000	0.0000	0.0000	0.0000	0.0000	0.0000	inf	0.0000	0.0000	1.0000	3.0275	2.0003	2.1573	0.0000	0.0000	0.0000	0.0000	0.0000	0.0000	0.0000	0.0000	0.0000	0.0000	0.0000	0.0000	0.0000	0.0000	0.0000	0.0000	0.0000	0.0000	0.0204	0.0177	0.0027	0.0025	0.0023	0.0001	0.0179	0.0154	0.0025	0.0191	0.0107	0.0084	0.0033	0.0031	0.0002	0.0158	0.0077	0.0081	0.0000	0.0000	0.0000	0.0000	0.0000	0.0000	0.0000	0.0000	0.0000	0.0000	0.0000	0.0000	0.0000	0.0000	0.0000	0.0000	0.0000	0.0000				
36	119	0.1943	13	1	1	1	0	0	0	0	0	N	N	N	N	N	N	N	N	N	N	N	N	0.0000	0.0000	0.0000	0.0000	0.0000	0.0000	0.0000	0.0000	0.0000	0.0000	0.0000	0.0000	0.0000	0.0000	0.0000	0.0000	0.0000	0.0000	0.0006	0.0000	0.0014	0.0000	0.0000	0.0001	0.0008	0.0000	0.0015	1433.2973	0.0000	0.0000	1.0000	2.1883	2.0003	3.1271	0.0000	0.0000	0.0000	0.0000	0.0000	0.0000	0.0000	0.0000	0.0000	0.0000	0.0000	0.0000	0.0000	0.0000	0.0000	0.0000	0.0000	0.0000	0.0187	0.0166	0.0022	0.0066	0.0062	0.0005	0.0121	0.0104	0.0017	0.0189	0.0116	0.0074	0.0050	0.0045	0.0005	0.0139	0.0071	0.0068	0.0000	0.0000	0.0000	0.0000	0.0000	0.0000	0.0000	0.0000	0.0000	0.0006	0.0000	0.0014	0.0000	0.0000	0.0001	0.0008	0.0000	0.0015	
36	120	0.1274	12	1	1	1	0	0	0	0	0	N	N	N	N	N	N	N	N	N	N	N	N	0.0000	0.0000	0.0000	0.0000	0.0000	0.0000	0.0000	0.0000	0.0000	0.0000	0.0000	0.0000	0.0000	0.0000	0.0000	0.0000	0.0000	0.0002	0.0004	0.0000	0.0006	0.0007	0.0000	0.0001	0.0003	0.0000	0.0070	0.0000	-0.0000	1.0000	13.6104	2.0003	16.0982	0.0000	0.0000	0.0000	0.0000	0.0000	0.0000	0.0000	0.0000	0.0000	0.0000	0.0000	0.0000	0.0000	0.0000	0.0000	0.0000	0.0000	0.0000	0.0945	0.0826	0.0119	0.0147	0.0140	0.0007	0.0798	0.0686	0.0112	0.0897	0.0526	0.0371	0.0173	0.0150	0.0023	0.0724	0.0376	0.0348	0.0000	0.0000	0.0000	0.0000	0.0000	0.0000	0.0000	0.0000	0.0000	0.0002	0.0004	0.0000	0.0006	0.0007	0.0000	0.0001	0.0003	0.0000		
36	121	0.1526	14	0	1	1	0	0	0	0	0	N	N	N	N	N	N	N	N	N	N	N	N	0.0000	0.0000	0.0000	0.0000	0.0000	0.0000	0.0000	0.0000	0.0000	0.0000	0.0000	0.0000	0.0000	0.0000	0.0000	0.0000	0.0000	0.0000	0.0000	0.0000	0.0000	0.0000	0.0000	0.0000	0.0000	0.0000	0.0000	3.9194	0.0000	0.0000	1.0000	0.3548	2.0003	4.6068	0.0000	0.0000	0.0000	0.0000	0.0000	0.0000	0.0000	0.0000	0.0000	0.0000	0.0000	0.0000	0.0000	0.0000	0.0000	0.0000	0.0000	0.0000	0.0093	0.0085	0.0008	0.0038	0.0038	0.0000	0.0056	0.0048	0.0008	0.0367	0.0234	0.0133	0.0150	0.0129	0.0021	0.0217	0.0105	0.0112	0.0000	0.0000	0.0000	0.0000	0.0000	0.0000	0.0000	0.0000	0.0000	0.0000	0.0000	0.0000	0.0000	0.0000	0.0000	0.0000	0.0000	0.0000	
36	122	0.1378	13	0	1	1	0	0	0	0	0	N	N	N	N	N	N	N	N	N	N	N	N	0.0000	0.0000	0.0000	0.0000	0.0000	0.0000	0.0000	0.0000	0.0000	0.0000	0.0000	0.0000	0.0000	0.0000	0.0000	0.0000	0.0000	0.0000	0.0000	0.0000	0.0001	0.0000	0.0000	0.0000	0.0000	0.0000	0.0001	18.1283	0.0000	0.0000	1.0000	1.6911	2.0003	5.7022	0.0000	0.0000	0.0000	0.0000	0.0000	0.0000	0.0000	0.0000	0.0000	0.0000	0.0000	0.0000	0.0000	0.0000	0.0000	0.0000	0.0000	0.0000	0.0172	0.0152	0.0020	0.0043	0.0042	0.0001	0.0128	0.0110	0.0019	0.0276	0.0162	0.0114	0.0063	0.0056	0.0006	0.0213	0.0105	0.0108	0.0000	0.0000	0.0000	0.0000	0.0000	0.0000	0.0000	0.0000	0.0000	0.0000	0.0000	0.0001	0.0000	0.0000	0.0000	0.0000	0.0000	0.0001	
36	123	0.1274	12	0	0	1	0	0	0	0	0	N	N	N	N	N	N	N	N	N	N	N	N	0.0000	0.0000	0.0000	0.0000	0.0000	0.0000	0.0000	0.0000	0.0000	0.0000	0.0000	0.0000	0.0000	0.0000	0.0000	0.0000	0.0000	0.0000	0.0000	0.0001	0.0000	0.0002	0.0002	0.0000	0.0000	0.0000	0.0000	0.1960	0.0000	-0.0000	1.0000	2.0929	2.0003	3.1856	0.0000	0.0000	0.0000	0.0000	0.0000	0.0000	0.0000	0.0000	0.0000	0.0000	0.0000	0.0000	0.0000	0.0000	0.0000	0.0000	0.0000	0.0000	0.0213	0.0190	0.0023	0.0054	0.0053	0.0001	0.0159	0.0137	0.0022	0.0207	0.0119	0.0087	0.0052	0.0045	0.0007	0.0155	0.0074	0.0080	0.0000	0.0000	0.0000	0.0000	0.0000	0.0000	0.0000	0.0000	0.0000	0.0000	0.0001	0.0000	0.0002	0.0002	0.0000	0.0000	0.0000	0.0000	
36	124	0.1681	15	1	1	1	0	0	0	0	0	N	N	N	N	N	N	N	N	N	N	N	N	0.0000	0.0000	0.0000	0.0000	0.0000	0.0000	0.0000	0.0000	0.0000	0.0000	0.0000	0.0000	0.0000	0.0000	0.0000	0.0000	0.0000	0.0000	0.0000	0.0000	1.0000	0.0000	2.0003	0.0000	0.0000	0.0000	0.0000	0.0000	0.0000	0.0000	0.0000	0.0000	0.0000	0.0000	0.0000	0.0000	0.0000	0.0000	0.0000	0.0000	0.0000	0.0000	0.0000	0.0000	0.0000	0.0000	0.0000	0.0000	0.0000	0.0000	0.0000	0.0000	0.0000	0.0000	0.0000	0.0000	0.0000	0.0000	0.0000	0.0000	0.0000	0.0000	0.0000	0.0000	0.0000	0.0000	0.0000	0.0000	0.0000	0.0000	0.0000	0.0000	0.0000	0.0000	0.0000	0.0000	0.0000	0.0000											
36	125	0.1635	14	1	1	1	0	0	0	0	0	N	N	N	N	N	N	N	N	N	N	N	N	0.0000	0.0000	0.0000	0.0000	0.0000	0.0000	0.0000	0.0000	0.0000	0.0000	0.0000	0.0000	0.0000	0.0000	0.0000	0.0000	0.0082	0.0140	0.0000	0.0416	0.0445	0.0000	0.0000	0.0000	0.0000	0.0000	0.0000	-0.0000	1.0000	0.1434	2.0003	1.9839	0.0000	0.0000	0.0000	0.0000	0.0000	0.0000	0.0000	0.0000	0.0000	0.0001	0.0001	0.0000	0.0001	0.0001	0.0000	0.0000	0.0000	0.0000	0.0022	0.0020	0.0002	0.0009	0.0008	0.0000	0.0013	0.0011	0.0002	0.0083	0.0049	0.0035	0.0016	0.0015	0.0001	0.0067	0.0033	0.0034	0.0000	0.0000	0.0000	0.0000	0.0000	0.0000	0.0000	0.0000	0.0000	0.0082	0.0140	0.0000	0.0416	0.0445	0.0000	0.0000	0.0000	0.0000			
36	126	0.1531	13	0	1	1	0	0	0	0	0	N	N	N	N	N	N	N	N	N	N	N	N	0.0000	0.0000	0.0000	0.0000	0.0000	0.0000	0.0000	0.0000	0.0000	0.0000	0.0000	0.0000	0.0000	0.0000	0.0000	0.0000	0.0000	0.0001	0.0002	0.0000	0.0006	0.0007	0.0001	0.0000	0.0000	0.0000	0.0071	0.0000	-0.0000	1.0000	1.8882	2.0003	2.9115	0.0000	0.0000	0.0000	0.0000	0.0000	0.0000	0.0000	0.0000	0.0000	0.0000	0.0000	0.0000	0.0000	0.0000	0.0000	0.0000	0.0000	0.0000	0.0128	0.0111	0.0017	0.0016	0.0015	0.0001	0.0113	0.0097	0.0016	0.0178	0.0100	0.0078	0.0031	0.0029	0.0002	0.0147	0.0071	0.0076	0.0000	0.0000	0.0000	0.0000	0.0000	0.0000	0.0000	0.0000	0.0000	0.0001	0.0002	0.0000	0.0006	0.0007	0.0001	0.0000	0.0000	0.0000		
36	127	0.1274	12	0	0	1	0	0	0	0	0	N	N	N	N	N	N	N	N	N	N	N	N	0.0000	0.0000	0.0000	0.0000	0.0000	0.0000	0.0000	0.0000	0.0000	0.0000	0.0000	0.0000	0.0000	0.0000	0.0000	0.0000	0.0000	0.0000	0.0019	0.0012	0.0028	0.0066	0.0025	0.0331	0.0006	0.0006	0.0006	1.6825	0.0000	0.0000	1.0000	3.5543	2.0003	9.0319	0.0000	0.0000	0.0000	0.0000	0.0000	0.0000	0.0000	0.0000	0.0000	0.0001	0.0000	0.0001	0.0001	0.0000	0.0000	0.0000	0.0000	0.0000	0.0311	0.0274	0.0036	0.0066	0.0064	0.0002	0.0244	0.0210	0.0034	0.0428	0.0250	0.0178	0.0092	0.0079	0.0012	0.0337	0.0170	0.0166	0.0000	0.0000	0.0000	0.0000	0.0000	0.0000	0.0000	0.0000	0.0000	0.0019	0.0012	0.0028	0.0066	0.0025	0.0331	0.0006	0.0006	0.0006	
36	128	0.1238	11	0	0	1	0	0	0	0	0	N	N	N	N	N	N	N	N	N	N	N	N	0.0000	0.0000	0.0000	0.0000	0.0000	0.0000	0.0000	0.0000	0.0000	0.0000	0.0000	0.0000	0.0000	0.0000	0.0000	0.0000	0.0000	0.0000	0.0000	0.0000	0.0000	0.0000	0.0000	0.0000	0.0000	0.0000	0.0000	0.4679	0.0000	-0.0000	1.0000	2.6246	2.0003	0.7212	0.0000	0.0000	0.0000	0.0000	0.0000	0.0000	0.0000	0.0000	0.0000	0.0000	0.0000	0.0000	0.0000	0.0000	0.0000	0.0000	0.0000	0.0000	0.0248	0.0219	0.0028	0.0060	0.0058	0.0002	0.0188	0.0161	0.0027	0.0180	0.0107	0.0073	0.0058	0.0055	0.0003	0.0122	0.0052	0.0070	0.0000	0.0000	0.0000	0.0000	0.0000	0.0000	0.0000	0.0000	0.0000	0.0000	0.0000	0.0000	0.0000	0.0000	0.0000	0.0000	0.0000	0.0000	
36	129	0.1180	10	0	0	1	0	0	0	0	0	N	N	N	N	N	N	N	N	N	N	N	N	0.0000	0.0000	0.0000	0.0000	0.0000	0.0000	0.0000	0.0000	0.0000	0.0000	0.0000	0.0000	0.0000	0.0000	0.0000	0.0000	0.0000	0.0000	0.0140	0.0227	0.0000	0.0608	0.0673	0.0000	0.0000	0.0000	0.0000	0.0001	0.0000	-0.0001	1.0000	3.3474	2.0003	1.3769	0.0000	0.0000	0.0000	0.0000	0.0000	0.0000	0.0000	0.0000	0.0000	0.0002	0.0002	0.0000	0.0002	0.0002	0.0000	0.0000	0.0000	0.0000	0.0282	0.0249	0.0033	0.0065	0.0063	0.0003	0.0217	0.0187	0.0031	0.0172	0.0106	0.0066	0.0040	0.0036	0.0004	0.0132	0.0070	0.0062	0.0000	0.0000	0.0000	0.0000	0.0000	0.0000	0.0000	0.0000	0.0000	0.0140	0.0227	0.0000	0.0608	0.0673	0.0000	0.0000	0.0000	0.0000	
36	130	0.1091	9	0	0	1	0	0	0	0	0	N	N	N	N	N	N	N	N	N	N	N	N	0.0000	0.0000	0.0000	0.0000	0.0000	0.0000	0.0000	0.0000	0.0000	0.0000	0.0000	0.0000	0.0000	0.0000	0.0000	0.0000	0.0000	0.0000	0.0150	0.0001	0.0359	0.0001	0.0001	0.0000	0.0191	0.0000	0.0383	442.9815	0.0000	0.0001	1.0000	0.4686	2.0003	4.0374	0.0000	0.0000	0.0000	0.0000	0.0000	0.0000	0.0000	0.0000	0.0000	0.0002	0.0000	0.0002	0.0000	0.0000	0.0000	0.0002	0.0000	0.0002	0.0084	0.0076	0.0008	0.0031	0.0031	0.0000	0.0053	0.0046	0.0007	0.0160	0.0093	0.0067	0.0035	0.0030	0.0004	0.0126	0.0063	0.0063	0.0000	0.0000	0.0000	0.0000	0.0000	0.0000	0.0000	0.0000	0.0000	0.0150	0.0001	0.0359	0.0001	0.0001	0.0000	0.0191	0.0000	0.0383	
37	38	0.1930	16	1	1	1	0	0	0	0	0	N	N	N	N	N	N	N	N	N	N	N	N	0.0000	0.0005	0.0000	0.0007	0.0007	0.0000	0.0000	0.0000	0.0000	0.0001	0.0001	0.0001	0.0003	0.0003	0.0000	0.0000	0.0000	0.0002	7.8902	0.2601	27.2698	0.4162	0.4296	0.0000	12.3533	0.0000	23.7184	0.1509	49.7007	-0.0000	0.4286	1.9619	0.0095	8.3400	5.0631	0.0000	0.0000	0.0000	0.0000	0.0000	0.0000	0.0000	0.0000	0.0000	0.9800	0.0193	0.9607	0.0193	0.0193	0.0000	0.9607	0.0000	0.9607	0.0004	0.0003	0.0000	0.0001	0.0001	0.0000	0.0002	0.0002	0.0000	0.1242	0.0743	0.0499	0.0464	0.0450	0.0014	0.0778	0.0293	0.0484	0.0000	0.0005	0.0000	0.0007	0.0007	0.0000	0.0000	0.0000	0.0000	7.8902	0.2601	19.2611	0.4162	0.4296	0.0000	12.3533	0.0000	19.8374
37	39	0.0443	6	0	2	0	0	0	0	0	0	N	Y	N	N	N	N	N	N	N	N	N	N	32.0352	0.0000	39.7857	0.0000	0.0000	0.0000	37.2257	39.4254	3.7306	0.0000	10.7051	0.0000	0.0000	0.0000	5.8413	0.0000	10.7229	0.1165	0.0005	0.2691	0.0017	0.0011	0.0292	0.1569	0.0000	0.2720	inf	414.7254	0.1213	0.0132	1.9619	1.1272	8.3400	11.0864	0.1960	0.0000	0.1960	0.0000	0.0000	0.0000	0.1960	0.0000	0.1960	0.0290	0.0001	0.0289	0.0001	0.0001	0.0000	0.0289	0.0000	0.0289	0.0525	0.0342	0.0183	0.0190	0.0190	0.0000	0.0336	0.0153	0.0183	0.2487	0.1413	0.1074	0.0648	0.0635	0.0013	0.1839	0.0778	0.1061	32.0352	0.0000	39.7857	0.0000	0.0000	0.0000	37.2257	0.0000	39.4254	0.1165	0.0005	0.2691	0.0017	0.0011	0.0292	0.1569	0.0000	0.2720	
37	40	0.0443	5	0	1	0	0	0	0	0	0	N	N	N	N	N	N	N	N	N	N	N	N	11.9630	10.9858	13.4232	12.6139	12.6018	0.0000	11.4915	0.0000	13.4096	7.1852	5.8943	9.1542	8.2987	8.3044	0.0000	6.3486	0.0000	9.1610	0.6006	0.5365	0.6820	0.6579	0.6590	0.3183	0.5525	0.0000	0.6832	1.0182	1.0013	0.0386	-0.0023	1.9619	0.4765	8.3400	0.2778	0.3128	0.1550	0.1578	0.1550	0.1550	0.0000	0.1578	0.0000	0.1578	0.0530	0.0265	0.0265	0.0265	0.0265	0.0000	0.0265	0.0000	0.0265	0.0435	0.0263	0.0172	0.0187	0.0187	0.0000	0.0249	0.0076	0.0172	0.0883	0.0494	0.0389	0.0403	0.0402	0.0001	0.0480	0.0092	0.0388	11.9630	10.9858	13.4232	12.6139	12.6018	0.0000	11.4915	0.0000	13.4096	0.6006	0.5365	0.6820	0.6579	0.6590	0.2901	0.5525	0.0000	0.6832
37	41	0.0372	3	0	2	0	1	0	0	0	0	N	Y	N	N	N	N	N	N	N	N	N	N	0.9090	4.0401	2.2542	11.4873	18.5365	0.0001	0.7422	143.1838	2.4849	6.0159	0.0687	37.7324	0.7400	0.7473	0.0002	6.4634	0.0000	37.9167	6.6184	0.0170	16.7385	0.0644	0.0403	1.6127	8.7086	0.0000	15.2588	102.9764	690.3080	0.5537	1.7611	1.9619	10.0333	8.3400	21.8674	0.9087	0.0087	0.9000	0.0087	0.0087	0.0000	0.9000	0.0000	0.9000	3.8655	0.0056	3.8600	0.0091	0.0056	0.0035	3.8564	0.0000	3.8564	0.1511	0.1272	0.0239	0.0118	0.0117	0.0001	0.1392	0.1155	0.0237	0.5841	0.3288	0.2553	0.1412	0.1387	0.0025	0.4428	0.1901	0.2527	0.9090	4.0401	2.4952	11.4873	18.5365	0.0001	0.7422	143.1838	2.4849	6.6184	0.0170	15.1218	0.0644	0.0403	1.3900	8.7086	0.0000	15.2588
37	42	0.1930	16	1	1	1	0	0	0	0	0	N	N	N	N	N	N	N	N	N	N	N	N	0.0000	0.0001	0.0000	0.0002	0.0002	0.0000	0.0000	0.0000	0.0000	0.0000	0.0000	0.0000	0.0000	0.0000	0.0000	0.0000	0.0000	3.5309	0.0586	8.4156	0.0966	0.0871	0.7056	5.8447	0.0000	8.5999	0.1509	102.1361	-0.0000	0.1481	1.9619	0.9968	8.3400	1.9513	0.0000	0.0000	0.0000	0.0000	0.0000	0.0000	0.0000	0.0000	0.0000	0.3310	0.0032	0.3278	0.0036	0.0032	0.0004	0.3274	0.0000	0.3274	0.0137	0.0119	0.0018	0.0024	0.0023	0.0001	0.0113	0.0096	0.0017	0.0938	0.0548	0.0390	0.0377	0.0369	0.0009	0.0560	0.0179	0.0381	0.0000	0.0001	0.0000	0.0002	0.0002	0.0000	0.0000	0.0000	0.0000	3.5309	0.0586	8.4156	0.0966	0.0871	0.4920	5.8447	0.0000	8.5999	
37	43	0.1798	15	1	1	1	0	0	0	0	0	N	N	N	N	N	N	N	N	N	N	N	N	0.0035	0.2274	0.0021	0.7013	0.7991	0.0000	0.0006	0.0000	0.0021	0.0007	0.0007	0.0011	0.0037	0.0038	0.0000	0.0002	0.0000	0.0012	0.2067	0.0029	0.5404	0.0052	0.0048	0.0130	0.2946	0.0013	0.5637	0.2494	112.2448	-0.0000	0.0102	1.9619	5.0018	8.3400	1.7716	0.0000	0.0000	0.0000	0.0000	0.0000	0.0000	0.0000	0.0000	0.0000	0.0227	0.0002	0.0225	0.0002	0.0002	0.0000	0.0225	0.0000	0.0224	0.0687	0.0598	0.0089	0.0109	0.0104	0.0005	0.0578	0.0494	0.0084	0.1097	0.0681	0.0416	0.0333	0.0315	0.0018	0.0763	0.0365	0.0398	0.0035	0.2274	0.0021	0.7013	0.7991	0.0000	0.0006	0.0000	0.0021	0.2067	0.0029	0.5404	0.0052	0.0048	0.0130	0.2946	0.0013	0.5637
37	44	0.1830	16	1	1	1	0	0	0	0	0	N	N	N	N	N	N	N	N	N	N	N	N	504089.6847	7974141.3446	0.0000	0.0000	0.0000	0.0000	420762.2971	inf	0.0000	13.8449	15.9109	0.0000	0.0000	0.0000	0.0000	16.4723	19.2901	0.0000	0.0000	0.0000	0.0001	0.0000	0.0000	0.0000	0.0000	0.0000	0.0001	0.0000	20.5579	-0.3620	0.0000	1.9619	4.9860	8.3400	2.3663	0.9500	0.9500	0.0000	0.0000	0.0000	0.0000	0.9500	0.9500	0.0000	0.0000	0.0000	0.0000	0.0000	0.0000	0.0000	0.0000	0.0000	0.0000	0.0686	0.0597	0.0089	0.0109	0.0105	0.0005	0.0577	0.0492	0.0084	0.1355	0.0865	0.0490	0.0449	0.0429	0.0021	0.0905	0.0436	0.0469	504089.6847	7974141.3446	0.0000	0.0000	0.0000	0.0000	420762.2971	inf	0.0000	0.0000	0.0000	0.0001	0.0000	0.0000	0.0000	0.0000	0.0000	0.0001
37	45	0.1798	15	1	1	0	0	0	0	0	0	N	N	N	N	N	N	N	N	N	N	N	N	27.0330	33.4033	0.0365	0.0143	0.0105	7.9468	44.6438	108.7160	0.0269	0.4274	0.4863	0.0006	0.0003	0.0002	0.0047	0.5932	0.7078	0.0005	0.0158	0.0146	0.0177	0.0209	0.0217	0.0006	0.0133	0.0065	0.0183	0.0002	0.7965	-0.0001	-0.0001	1.9619	0.0225	8.3400	1.9333	0.0002	0.0002	0.0000	0.0000	0.0000	0.0000	0.0002	0.0002	0.0000	0.0006	0.0003	0.0003	0.0003	0.0003	0.0000	0.0003	0.0001	0.0003	0.0005	0.0004	0.0001	0.0001	0.0001	0.0000	0.0004	0.0003	0.0001	0.0381	0.0230	0.0151	0.0127	0.0122	0.0005	0.0254	0.0108	0.0145	27.0330	33.4033	0.0365	0.0143	0.0105	7.9468	44.6438	108.7160	0.0269	0.0158	0.0146	0.0177	0.0209	0.0217	0.0006	0.0133	0.0065	0.0183
37	46	0.1769	14	1	1	0	0	0	0	0	0	N	N	N	N	N	N	N	N	N	N	N	N	0.0018	0.0104	0.0009	0.0264	0.0260	0.0309	0.0003	0.0009	0.0000	0.0000	0.0000	0.0001	0.0001	0.0000	0.0000	0.0000	0.0000	0.0079	0.0013	0.0189	0.0028	0.0029	0.0005	0.0100	0.0000	0.0197	0.1948	8.7410	-0.0000	0.0001	1.9619	1.0095	8.3400	0.3555	0.0000	0.0000	0.0000	0.0000	0.0000	0.0000	0.0000	0.0000	0.0000	0.0002	0.0000	0.0002	0.0000	0.0000	0.0000	0.0002	0.0000	0.0002	0.0143	0.0124	0.0019	0.0023	0.0022	0.0001	0.0120	0.0102	0.0018	0.0217	0.0136	0.0081	0.0064	0.0060	0.0004	0.0153	0.0076	0.0077	0.0018	0.0104	0.0009	0.0264	0.0260	0.0309	0.0003	0.0000	0.0009	0.0079	0.0013	0.0189	0.0028	0.0029	0.0005	0.0100	0.0000	0.0197	
37	49	0.0657	4	0	2	0	0	0	0	0	0	N	Y	N	N	N	N	N	N	N	N	N	N	0.0000	0.0000	0.0000	0.0000	0.0000	0.0000	0.0000	0.0000	0.0000	0.0000	0.0000	0.0000	0.0000	0.0000	0.0000	0.0000	0.0000	0.0000	0.0006	0.0005	0.0007	0.0013	0.0014	0.0000	0.0004	0.0000	0.0008	0.9651	0.0000	-0.0000	1.9619	0.0000	8.3400	2.0001	0.0000	0.0000	0.0000	0.0000	0.0000	0.0000	0.0000	0.0000	0.0000	0.0000	0.0000	0.0000	0.0000	0.0000	0.0000	0.0000	0.0000	0.0000	0.0000	0.0000	0.0000	0.0000	0.0000	0.0000	0.0000	0.0000	0.0000	0.0324	0.0195	0.0129	0.0077	0.0071	0.0005	0.0247	0.0123	0.0124	0.0000	0.0000	0.0000	0.0000	0.0000	0.0000	0.0000	0.0000	0.0000	0.0006	0.0005	0.0007	0.0013	0.0014	0.0000	0.0004	0.0000	0.0008	
37	50	0.2124	19	1	2	1	0	0	0	0	0	N	Y	N	N	N	N	N	N	N	N	N	N	0.0000	0.0000	0.0000	0.0000	0.0000	0.0000	0.0000	0.0000	0.0000	0.0000	0.0000	0.0000	0.0000	0.0000	0.0000	0.0025	0.0000	0.0104	0.0059	0.0000	0.1719	0.0003	0.0000	0.0007	inf	0.0000	0.0001	1.9619	0.0000	8.3400	1.7047	0.0000	0.0000	0.0000	0.0000	0.0000	0.0000	0.0000	0.0000	0.0000	0.0001	0.0000	0.0001	0.0001	0.0000	0.0001	0.0000	0.0000	0.0000	0.0000	0.0000	0.0000	0.0000	0.0000	0.0000	0.0000	0.0000	0.0000	0.0445	0.0336	0.0109	0.0180	0.0173	0.0006	0.0265	0.0163	0.0103	0.0000	0.0000	0.0000	0.0000	0.0000	0.0000	0.0000	0.0000	0.0000	0.0025	0.0000	0.0104	0.0059	0.0000	0.1719	0.0003	0.0000	0.0007				
37	51	0.2124	19	1	2	1	0	0	0	0	0	N	Y	N	N	N	N	N	N	N	N	N	N	0.0000	0.0000	0.0000	0.0000	0.0000	0.0000	0.0000	0.0000	0.0000	0.0000	0.0000	0.0000	0.0000	0.0000	0.0000	0.0020	0.0023	0.0000	0.0042	0.0042	0.0000	0.0000	0.0000	0.0000	0.0000	0.0000	-0.0000	1.9619	0.0000	8.3400	0.2953	0.0000	0.0000	0.0000	0.0000	0.0000	0.0000	0.0000	0.0000	0.0000	0.0000	0.0000	0.0000	0.0000	0.0000	0.0000	0.0000	0.0000	0.0000	0.0000	0.0000	0.0000	0.0000	0.0000	0.0000	0.0000	0.0000	0.0000	0.0242	0.0208	0.0033	0.0114	0.0112	0.0001	0.0128	0.0096	0.0032	0.0000	0.0000	0.0000	0.0000	0.0000	0.0000	0.0000	0.0000	0.0000	0.0020	0.0023	0.0000	0.0042	0.0042	0.0000	0.0000	0.0000	0.0000				
37	52	0.2095	18	1	2	1	0	0	0	0	0	N	Y	N	N	N	N	N	N	N	N	N	N	1.9752	0.0000	87.4950	2.0000	0.0000	207.4395	0.0000	0.0000	0.0000	0.0067	0.0000	0.0518	0.0180	0.0000	0.5704	0.0000	0.0000	0.0000	0.0034	0.0048	0.0006	0.0090	0.0092	0.0027	0.0003	0.0000	0.0005	inf	0.0616	0.0000	-0.0001	1.9619	0.0001	8.3400	1.7968	0.0000	0.0000	0.0000	0.0000	0.0000	0.0000	0.0000	0.0000	0.0000	0.0001	0.0001	0.0000	0.0001	0.0001	0.0000	0.0000	0.0000	0.0000	0.0000	0.0000	0.0000	0.0000	0.0000	0.0000	0.0000	0.0000	0.0000	0.0354	0.0235	0.0119	0.0128	0.0123	0.0005	0.0226	0.0112	0.0114	1.9752	0.0000	87.4950	2.0000	0.0000	207.4395	0.0000	0.0000	0.0000	0.0034	0.0048	0.0006	0.0090	0.0092	0.0027	0.0003	0.0000	0.0005
37	53	0.1912	12	1	2	0	0	0	0	0	0	N	Y	N	N	N	N	N	N	N	N	N	N	0.1472	0.1099	0.0000	0.5715	0.5609	0.0000	0.0602	0.0349	0.0000	0.0016	0.0018	0.0000	0.0036	0.0037	0.0000	0.0008	0.0009	0.0000	0.0108	0.0162	0.0006	0.0063	0.0067	0.0000	0.0134	0.0266	0.0006	0.0000	0.0181	-0.0000	-0.0003	1.9619	1.8240	8.3400	0.8872	0.0001	0.0001	0.0000	0.0000	0.0000	0.0000	0.0000	0.0000	0.0000	0.0006	0.0005	0.0000	0.0001	0.0001	0.0000	0.0004	0.0004	0.0000	0.0330	0.0295	0.0034	0.0093	0.0090	0.0003	0.0237	0.0206	0.0031	0.0508	0.0333	0.0174	0.0184	0.0174	0.0010	0.0324	0.0160	0.0164	0.1472	0.1099	0.0000	0.5715	0.5609	0.0000	0.0602	0.0349	0.0000	0.0108	0.0162	0.0006	0.0063	0.0067	0.0000	0.0134	0.0266	0.0006
37	54	0.0956	6	0	2	0	1	0	0	0	0	N	Y	N	N	N	N	N	N	N	N	N	N	0.0000	0.0000	0.0000	0.0000	0.0000	0.0000	0.0000	0.0000	0.0000	0.0000	0.0000	0.0000	0.0000	0.0000	0.0000	0.0000	0.0000	0.1762	0.1703	0.1858	0.3754	0.3952	0.0081	0.0978	0.0000	0.1928	0.6637	0.0000	-0.0022	1.9619	0.0007	8.3400	4.7762	0.0000	0.0000	0.0000	0.0000	0.0000	0.0000	0.0000	0.0000	0.0000	0.0150	0.0090	0.0060	0.0090	0.0090	0.0000	0.0060	0.0000	0.0060	0.0000	0.0000	0.0000	0.0000	0.0000	0.0000	0.0000	0.0000	0.0000	0.0850	0.0529	0.0322	0.0240	0.0228	0.0012	0.0610	0.0301	0.0309	0.0000	0.0000	0.0000	0.0000	0.0000	0.0000	0.0000	0.0000	0.0000	0.1762	0.1703	0.1858	0.3754	0.3952	0.0081	0.0978	0.0000	0.1928		
37	55	0.0956	6	0	1	0	1	0	0	0	0	N	N	N	N	N	N	N	N	N	N	N	N	0.0000	0.0000	0.0000	0.0000	0.0000	0.0000	0.0000	0.0000	0.0000	0.0000	0.0000	0.0000	0.0000	0.0000	0.0000	0.0000	0.0000	31.2132	24.6682	92.5529	57.5576	55.1510	0.0000	22.2220	0.0000	86.2555	1.0056	0.0000	-0.0798	1.9619	0.0007	8.3400	3.2259	0.0000	0.0000	0.0000	0.0000	0.0000	0.0000	0.0000	0.0000	0.0000	1.9212	0.9579	0.9633	0.9579	0.9579	0.0000	0.9633	0.0000	0.9633	0.0000	0.0000	0.0000	0.0000	0.0000	0.0000	0.0000	0.0000	0.0000	0.0616	0.0388	0.0227	0.0182	0.0174	0.0008	0.0433	0.0215	0.0219	0.0000	0.0000	0.0000	0.0000	0.0000	0.0000	0.0000	0.0000	0.0000	31.2132	24.6682	42.3999	52.6255	55.1510	0.0000	22.2220	0.0000	44.0148		
37	56	0.0913	5	0	1	0	1	0	0	0	0	N	N	N	N	N	N	N	N	N	N	N	N	0.0000	0.0000	0.0000	0.0000	0.0000	0.0000	0.0000	0.0000	0.0000	0.0000	0.0000	0.0000	0.0000	0.0000	0.0000	0.0000	0.0000	0.3356	0.2094	0.5652	0.4554	0.4769	0.0000	0.2850	0.0000	0.5873	1.4833	0.0000	0.0008	1.9619	0.9953	8.3400	1.3904	0.0000	0.0000	0.0000	0.0000	0.0000	0.0000	0.0000	0.0000	0.0000	0.0154	0.0062	0.0092	0.0062	0.0062	0.0000	0.0092	0.0000	0.0092	0.0144	0.0125	0.0019	0.0013	0.0012	0.0001	0.0131	0.0112	0.0019	0.0460	0.0297	0.0163	0.0136	0.0130	0.0006	0.0323	0.0166	0.0157	0.0000	0.0000	0.0000	0.0000	0.0000	0.0000	0.0000	0.0000	0.0000	0.3356	0.2094	0.5652	0.4554	0.4769	0.0000	0.2850	0.0000	0.5873		
37	57	0.0846	4	0	1	0	1	0	0	0	0	N	N	N	N	N	N	N	N	N	N	N	N	0.0000	0.0000	0.0000	0.0000	0.0000	0.0000	0.0000	0.0000	0.0000	0.0000	0.0000	0.0000	0.0000	0.0000	0.0000	0.0000	0.0000	0.0155	0.0094	0.0250	0.0209	0.0214	0.0113	0.0134	0.0000	0.0256	1.7031	-0.0000	0.0001	1.9619	0.0068	8.3400	3.2797	0.0000	0.0000	0.0000	0.0000	0.0000	0.0000	0.0000	0.0000	0.0000	0.0009	0.0003	0.0006	0.0003	0.0003	0.0000	0.0006	0.0000	0.0006	0.0001	0.0001	0.0000	0.0000	0.0000	0.0000	0.0001	0.0001	0.0000	0.0591	0.0360	0.0231	0.0167	0.0158	0.0008	0.0425	0.0202	0.0222	0.0000	0.0000	0.0000	0.0000	0.0000	0.0000	0.0000	0.0000	0.0000	0.0155	0.0094	0.0250	0.0209	0.0214	0.0113	0.0134	0.0000	0.0256		
37	58	0.0434	3	0	1	0	1	0	0	0	0	N	N	N	N	N	N	N	N	N	N	N	N	0.0691	1.1701	0.0000	3.1781	3.4508	0.0000	0.0000	0.2229	0.0000	0.3224	0.3789	0.0000	2.2543	2.3647	0.0000	0.0000	0.0000	0.0000	4.6687	0.3238	10.4977	0.7093	0.6852	2.7241	6.1878	0.0001	10.6355	0.0000	24.1635	-0.0124	0.7871	1.9619	5.8573	8.3400	13.1443	0.0325	0.0325	0.0000	0.0325	0.0325	0.0000	0.0000	0.0000	0.0000	1.8863	0.0750	1.8113	0.0795	0.0749	0.0045	1.8068	0.0000	1.8068	0.1008	0.0858	0.0150	0.0144	0.0137	0.0007	0.0864	0.0720	0.0144	0.4040	0.2315	0.1725	0.1120	0.1094	0.0027	0.2920	0.1221	0.1699	0.0691	1.1701	0.0000	3.1781	3.4508	0.0000	0.0000	0.2229	0.0000	4.6687	0.3238	10.4977	0.7093	0.6852	1.6990	6.1878	0.0001	10.6355
37	59	0.2097	19	0	2	1	0	0	0	0	0	N	Y	N	N	N	N	N	N	N	N	N	N	0.0360	0.0029	1.8797	0.0755	0.0077	2.7475	0.0094	0.0000	0.4526	0.0008	0.0001	0.0055	0.0044	0.0005	0.0819	0.0000	0.0000	0.0000	0.0223	0.0319	0.0029	0.0589	0.0617	0.0298	0.0004	0.0007	0.0001	8.8701	0.0459	0.0000	-0.0010	1.9619	0.9979	8.3400	4.0614	0.0000	0.0000	0.0000	0.0000	0.0000	0.0000	0.0000	0.0000	0.0000	0.0020	0.0019	0.0001	0.0020	0.0019	0.0001	0.0000	0.0000	0.0000	0.0138	0.0120	0.0018	0.0025	0.0024	0.0001	0.0114	0.0097	0.0017	0.0894	0.0596	0.0298	0.0334	0.0305	0.0029	0.0560	0.0291	0.0269	0.0360	0.0029	1.8797	0.0755	0.0077	2.7475	0.0094	0.0000	0.4526	0.0223	0.0319	0.0029	0.0589	0.0617	0.0298	0.0004	0.0007	0.0001
37	60	0.2013	18	0	2	0	0	0	0	0	0	N	Y	N	N	N	N	N	N	N	N	N	N	0.1800	0.1376	0.2457	10.3598	12.5243	0.0057	0.0014	0.0000	0.3586	0.0339	0.0385	0.0024	0.1683	0.1758	0.0003	0.0004	0.0000	0.0026	0.1884	0.2800	0.0100	0.0162	0.0140	0.0508	0.2813	0.5753	0.0072	0.0093	0.0182	-0.0004	-0.0074	1.9619	2.2356	8.3400	2.2044	0.0011	0.0011	0.0000	0.0011	0.0011	0.0000	0.0000	0.0000	0.0000	0.0140	0.0138	0.0003	0.0004	0.0003	0.0001	0.0136	0.0134	0.0002	0.0321	0.0280	0.0041	0.0064	0.0061	0.0003	0.0257	0.0219	0.0038	0.0744	0.0492	0.0252	0.0261	0.0245	0.0016	0.0483	0.0247	0.0237	0.1800	0.1376	0.2457	10.3598	12.5243	0.0057	0.0014	0.0000	0.3586	0.1884	0.2800	0.0100	0.0162	0.0140	0.0508	0.2813	0.5441	0.0072
37	61	0.1806	16	1	1	1	0	0	0	0	0	N	N	N	N	N	N	N	N	N	N	N	N	0.0018	0.0013	0.0000	0.0027	0.0026	0.0000	0.0000	0.0000	0.0000	0.0000	0.0000	0.0000	0.0000	0.0000	0.0000	0.0000	0.0000	0.0000	0.0049	0.0078	0.0000	0.0168	0.0178	0.0000	0.0000	0.0000	0.0000	0.0000	0.0001	-0.0000	-0.0004	1.9619	2.0703	8.3400	7.0012	0.0000	0.0000	0.0000	0.0000	0.0000	0.0000	0.0000	0.0000	0.0000	0.0007	0.0007	0.0000	0.0007	0.0007	0.0000	0.0000	0.0000	0.0000	0.0303	0.0264	0.0038	0.0059	0.0057	0.0002	0.0244	0.0208	0.0036	0.1361	0.0854	0.0507	0.0399	0.0375	0.0023	0.0962	0.0479	0.0484	0.0018	0.0013	0.0000	0.0027	0.0026	0.0000	0.0000	0.0000	0.0000	0.0049	0.0078	0.0000	0.0168	0.0178	0.0000	0.0000	0.0000	0.0000
37	62	0.1790	15	0	1	0	0	0	0	0	0	N	N	N	N	N	N	N	N	N	N	N	N	0.0007	0.0033	0.0014	0.0327	0.0108	0.9045	0.0000	0.0000	0.0000	0.0000	0.0000	0.0002	0.0002	0.0001	0.0027	0.0000	0.0000	0.0000	0.0430	0.0033	0.1100	0.0049	0.0050	0.0030	0.0592	0.0020	0.1151	2.1226	19.5831	0.0000	0.0003	1.9619	0.9285	8.3400	0.0280	0.0000	0.0000	0.0000	0.0000	0.0000	0.0000	0.0000	0.0000	0.0000	0.0006	0.0000	0.0006	0.0000	0.0000	0.0000	0.0006	0.0000	0.0006	0.0132	0.0116	0.0017	0.0024	0.0023	0.0001	0.0108	0.0092	0.0016	0.0151	0.0095	0.0056	0.0045	0.0042	0.0003	0.0106	0.0052	0.0054	0.0007	0.0033	0.0014	0.0327	0.0108	0.9045	0.0000	0.0000	0.0000	0.0430	0.0033	0.1100	0.0049	0.0050	0.0030	0.0592	0.0020	0.1151
37	63	0.1413	10	1	2	0	0	0	0	0	0	N	Y	N	N	N	N	N	N	N	N	N	N	0.0014	0.0011	0.0000	0.0024	0.0024	0.0000	0.0107	0.0069	0.0000	0.0000	0.0000	0.0000	0.0000	0.0000	0.0000	0.0000	0.0000	0.0000	0.0028	0.0043	0.0000	0.0089	0.0094	0.0000	0.0000	0.0000	0.0000	0.0000	0.0004	-0.0000	-0.0001	1.9619	1.0023	8.3400	3.0135	0.0000	0.0000	0.0000	0.0000	0.0000	0.0000	0.0000	0.0000	0.0000	0.0002	0.0002	0.0000	0.0002	0.0002	0.0000	0.0000	0.0000	0.0000	0.0145	0.0126	0.0019	0.0027	0.0025	0.0001	0.0118	0.0100	0.0017	0.0632	0.0415	0.0216	0.0200	0.0190	0.0010	0.0432	0.0226	0.0206	0.0014	0.0011	0.0000	0.0024	0.0024	0.0000	0.0107	0.0069	0.0000	0.0028	0.0043	0.0000	0.0089	0.0094	0.0000	0.0000	0.0000	0.0000
37	64	0.1149	9	1	2	0	0	0	0	0	0	N	Y	N	N	N	N	N	N	N	N	N	N	0.0261	0.0190	0.0126	0.0334	0.0328	0.2295	0.5235	0.9528	0.0035	0.0008	0.0009	0.0000	0.0033	0.0034	0.0000	0.0000	0.0001	0.0000	0.0289	0.0451	0.0001	0.0985	0.1036	0.0001	0.0001	0.0001	0.0001	0.0002	0.0015	-0.0000	-0.0029	1.9619	3.0820	8.3400	9.3392	0.0000	0.0000	0.0000	0.0000	0.0000	0.0000	0.0000	0.0000	0.0000	0.0053	0.0053	0.0000	0.0053	0.0053	0.0000	0.0000	0.0000	0.0000	0.0527	0.0463	0.0064	0.0115	0.0111	0.0004	0.0412	0.0352	0.0060	0.1847	0.1180	0.0667	0.0540	0.0514	0.0027	0.1307	0.0666	0.0640	0.0261	0.0190	0.0126	0.0334	0.0328	0.2295	0.5235	0.9528	0.0035	0.0289	0.0451	0.0001	0.0985	0.1036	0.0001	0.0001	0.0001	0.0001
37	65	0.2013	18	0	2	0	0	0	0	0	0	N	Y	N	N	N	N	N	N	N	N	N	N	0.0020	0.0003	21.5486	0.0033	0.0006	62.7772	0.0000	0.0000	0.0000	0.0000	0.0000	0.0001	0.0001	0.0000	0.0020	0.0000	0.0000	0.0000	0.0103	0.0158	0.0000	0.0304	0.0324	0.0000	0.0000	0.0000	0.0000	4.2064	0.0002	0.0000	-0.0007	1.9619	1.7946	8.3400	5.9592	0.0000	0.0000	0.0000	0.0000	0.0000	0.0000	0.0000	0.0000	0.0000	0.0012	0.0012	0.0000	0.0012	0.0012	0.0000	0.0000	0.0000	0.0000	0.0262	0.0229	0.0033	0.0054	0.0051	0.0002	0.0209	0.0178	0.0031	0.1194	0.0774	0.0420	0.0404	0.0378	0.0026	0.0791	0.0396	0.0395	0.0020	0.0003	21.5486	0.0033	0.0006	62.7772	0.0000	0.0000	0.0000	0.0103	0.0158	0.0000	0.0304	0.0324	0.0000	0.0000	0.0000	0.0000
37	66	0.1944	17	0	2	0	0	0	0	0	0	N	Y	N	N	N	N	N	N	N	N	N	N	0.0545	0.0137	1.0334	0.1307	0.0503	7.5454	0.0185	0.0000	0.3205	0.0002	0.0001	0.0013	0.0009	0.0004	0.0149	0.0001	0.0000	0.0004	0.0044	0.0062	0.0012	0.0069	0.0072	0.0020	0.0032	0.0053	0.0012	2.2023	0.1188	0.0000	-0.0001	1.9619	1.3569	8.3400	2.0560	0.0000	0.0000	0.0000	0.0000	0.0000	0.0000	0.0000	0.0000	0.0000	0.0002	0.0002	0.0000	0.0001	0.0001	0.0000	0.0001	0.0001	0.0000	0.0215	0.0188	0.0027	0.0046	0.0044	0.0002	0.0169	0.0143	0.0026	0.0531	0.0332	0.0198	0.0172	0.0162	0.0010	0.0359	0.0171	0.0188	0.0545	0.0137	1.0334	0.1307	0.0503	7.5454	0.0185	0.0000	0.3205	0.0044	0.0062	0.0012	0.0069	0.0072	0.0020	0.0032	0.0053	0.0012
37	67	0.1811	16	0	2	0	0	0	0	0	0	N	Y	N	N	N	N	N	N	N	N	N	N	0.3410	0.5279	0.1216	1.4422	2.0921	0.3072	0.0004	0.0000	0.0021	0.0002	0.0002	0.0001	0.0011	0.0010	0.0013	0.0000	0.0000	0.0000	0.0006	0.0004	0.0009	0.0007	0.0005	0.0044	0.0005	0.0003	0.0007	0.0781	1.2573	-0.0000	0.0000	1.9619	4.9477	8.3400	2.0153	0.0000	0.0000	0.0000	0.0000	0.0000	0.0000	0.0000	0.0000	0.0000	0.0001	0.0000	0.0000	0.0000	0.0000	0.0000	0.0000	0.0000	0.0000	0.0729	0.0634	0.0095	0.0141	0.0133	0.0008	0.0588	0.0501	0.0087	0.1063	0.0684	0.0380	0.0364	0.0341	0.0022	0.0699	0.0342	0.0357	0.3410	0.5279	0.1216	1.4422	2.0921	0.3072	0.0004	0.0000	0.0021	0.0006	0.0004	0.0009	0.0007	0.0005	0.0044	0.0005	0.0003	0.0007
37	68	0.0657	4	0	1	1	0	0	0	0	0	N	N	N	N	N	N	N	N	N	N	N	N	0.0000	0.0000	0.0000	0.0000	0.0000	0.0000	0.0000	0.0000	0.0000	0.0000	0.0000	0.0000	0.0000	0.0000	0.0000	0.0000	0.0000	0.0000	0.0005	0.0005	0.0004	0.0013	0.0014	0.0000	0.0002	0.0000	0.0004	0.4827	0.0000	-0.0000	1.9619	0.0000	8.3400	4.0001	0.0000	0.0000	0.0000	0.0000	0.0000	0.0000	0.0000	0.0000	0.0000	0.0000	0.0000	0.0000	0.0000	0.0000	0.0000	0.0000	0.0000	0.0000	0.0000	0.0000	0.0000	0.0000	0.0000	0.0000	0.0000	0.0000	0.0000	0.0642	0.0386	0.0256	0.0152	0.0141	0.0010	0.0490	0.0245	0.0245	0.0000	0.0000	0.0000	0.0000	0.0000	0.0000	0.0000	0.0000	0.0000	0.0005	0.0005	0.0004	0.0013	0.0014	0.0000	0.0002	0.0000	0.0004	
37	69	0.0434	3	0	1	0	0	0	0	0	0	N	N	N	N	N	N	N	N	N	N	N	N	4.6203	26.7130	0.0000	1.6306	1.6799	0.0000	4.4383	467335.2508	0.0000	15.7842	18.7436	0.0000	2.0675	2.1715	0.0000	19.5576	24.0904	0.0000	3.4163	0.7017	7.0014	1.2679	1.2926	0.1148	4.4066	0.0001	7.1088	0.0000	7.5555	-0.3599	0.3606	1.9619	2.8240	8.3400	8.9883	0.9445	0.9445	0.0000	0.0267	0.0267	0.0000	0.9178	0.9178	0.0000	1.0601	0.1239	0.9362	0.1241	0.1239	0.0002	0.9360	0.0000	0.9360	0.0598	0.0504	0.0094	0.0129	0.0123	0.0006	0.0469	0.0381	0.0088	0.3103	0.1766	0.1337	0.0979	0.0959	0.0021	0.2124	0.0807	0.1317	4.6203	26.7130	0.0000	1.6306	1.6799	0.0000	4.4383	467335.2508	0.0000	3.4163	0.7017	7.0014	1.2679	1.2926	0.1148	4.4066	0.0001	7.1088
37	70	0.0345	2	0	1	0	0	0	0	0	0	N	N	N	N	N	N	N	N	N	N	N	N	1.8451	1.2464	3.9844	3.6959	3.6830	0.1438	1.8051	7.8565	3.9752	2.4746	2.1633	3.4598	8.3751	8.3866	0.0514	1.2341	0.3222	3.4632	1.3412	1.7356	0.8683	2.2660	2.2771	0.3574	0.6836	0.0410	0.8712	0.5054	0.4173	-0.0034	-0.1048	1.9619	1.4521	8.3400	3.5882	0.0750	0.0498	0.0252	0.0441	0.0441	0.0000	0.0309	0.0057	0.0252	0.4218	0.2976	0.1242	0.2961	0.2959	0.0002	0.1257	0.0017	0.1240	0.0303	0.0230	0.0073	0.0053	0.0053	0.0000	0.0250	0.0178	0.0073	0.3145	0.1715	0.1430	0.1307	0.1299	0.0007	0.1838	0.0415	0.1423	1.8451	1.2464	3.9844	3.6959	3.6830	0.1623	1.8051	7.8565	3.9752	1.3412	1.7356	0.8683	2.2660	2.2771	0.3165	0.6836	0.0410	0.8712
37	73	0.1060	8	0	1	0	0	0	0	0	0	N	N	N	N	N	N	N	N	N	N	N	N	0.0415	0.0297	0.0000	0.0552	0.0544	0.0000	1.0037	130.6206	0.0000	0.1338	0.1527	0.0000	0.6607	0.6851	0.0000	0.0000	0.0000	0.0000	3.2232	5.1486	0.0001	11.9753	12.5953	0.0021	0.0000	0.0000	0.0001	0.0000	0.0000	-0.0033	-0.5280	1.9619	4.0673	8.3400	17.8409	0.0088	0.0088	0.0000	0.0088	0.0088	0.0000	0.0000	0.0000	0.0000	0.9724	0.9724	0.0000	0.9724	0.9724	0.0000	0.0000	0.0000	0.0000	0.0656	0.0575	0.0081	0.0133	0.0128	0.0005	0.0523	0.0447	0.0077	0.3017	0.1889	0.1128	0.0812	0.0772	0.0040	0.2205	0.1117	0.1088	0.0415	0.0297	0.0000	0.0552	0.0544	0.0000	1.0037	130.6206	0.0000	3.2232	5.1486	0.0001	11.9753	12.5953	0.0021	0.0000	0.0000	0.0001
37	75	0.2427	12	0	1	0	0	0	0	0	0	N	N	N	N	N	N	N	N	N	N	N	N	0.0628	0.1225	0.0296	0.3264	0.2624	8.8726	0.0006	0.0025	0.0003	0.0779	0.0779	0.0775	0.2034	0.1934	0.3282	0.0012	0.0012	0.0012	1.2405	0.6359	2.6178	0.6232	0.7370	0.0370	1.9219	0.4763	3.6196	0.1369	1.8071	-0.0017	0.1362	1.9619	3.5843	8.3400	46.7516	0.0066	0.0058	0.0008	0.0066	0.0058	0.0008	0.0001	0.0001	0.0000	1.3518	0.4816	0.8702	0.3563	0.3528	0.0034	0.9955	0.1287	0.8668	0.0853	0.0750	0.0103	0.0323	0.0299	0.0024	0.0530	0.0451	0.0079	1.0897	0.7573	0.3324	0.5717	0.4788	0.0930	0.5180	0.2785	0.2395	0.0628	0.1225	0.0296	0.3264	0.2624	8.8726	0.0006	0.0026	0.0003	1.2405	0.6359	2.6178	0.6232	0.7370	0.0370	1.9219	0.4622	3.6196
37	76	0.2079	18	1	2	1	0	0	0	0	0	N	Y	N	N	N	N	N	N	N	N	N	N	0.0000	0.0000	0.0000	0.0000	0.0000	0.0000	0.0000	0.0000	0.0000	0.0000	0.0000	0.0000	0.0000	0.0000	0.0000	0.0001	0.0001	0.0000	0.0002	0.0002	0.0000	0.0000	0.0000	0.0000	0.0034	0.0000	-0.0000	1.9619	1.0003	8.3400	1.0071	0.0000	0.0000	0.0000	0.0000	0.0000	0.0000	0.0000	0.0000	0.0000	0.0000	0.0000	0.0000	0.0000	0.0000	0.0000	0.0000	0.0000	0.0000	0.0136	0.0118	0.0018	0.0025	0.0024	0.0001	0.0111	0.0094	0.0017	0.0305	0.0195	0.0110	0.0114	0.0106	0.0008	0.0191	0.0090	0.0101	0.0000	0.0000	0.0000	0.0000	0.0000	0.0000	0.0000	0.0000	0.0000	0.0001	0.0001	0.0000	0.0002	0.0002	0.0000	0.0000	0.0000	0.0000				
37	77	0.2011	17	1	1	1	0	0	0	0	0	N	N	N	N	N	N	N	N	N	N	N	N	0.0000	0.0000	0.0000	0.0000	0.0000	0.0000	0.0000	0.0000	0.0000	0.0000	0.0000	0.0000	0.0000	0.0000	0.0000	0.0000	0.0000	0.0000	0.0093	0.0124	0.0002	0.0211	0.0216	0.0049	0.0000	0.0000	0.0000	0.0059	0.0000	-0.0006	1.9619	0.9901	8.3400	2.2068	0.0000	0.0000	0.0000	0.0000	0.0000	0.0000	0.0000	0.0000	0.0000	0.0012	0.0011	0.0000	0.0012	0.0011	0.0000	0.0000	0.0000	0.0000	0.0137	0.0119	0.0018	0.0025	0.0024	0.0001	0.0111	0.0095	0.0017	0.1244	0.0922	0.0322	0.0544	0.0531	0.0013	0.0700	0.0391	0.0309	0.0000	0.0000	0.0000	0.0000	0.0000	0.0000	0.0000	0.0000	0.0000	0.0093	0.0124	0.0002	0.0211	0.0216	0.0049	0.0000	0.0000	0.0000	
37	78	0.1236	9	0	2	0	0	0	0	0	0	N	Y	N	N	N	N	N	N	N	N	N	N	0.0003	1.0906	0.0000	0.1987	1.6752	0.0000	0.0001	379.3746	0.0000	0.0003	0.0003	0.0000	0.0011	0.0011	0.0000	0.0001	0.0001	0.0000	0.9011	0.0003	2.6257	0.0054	0.0007	0.0929	1.3256	0.0000	2.7540	0.0022	4385.2602	-0.0000	0.1573	1.9619	8.4371	8.3400	15.3349	0.0000	0.0000	0.0000	0.0000	0.0000	0.0000	0.0000	0.0000	0.0000	0.3444	0.0001	0.3444	0.0007	0.0001	0.0006	0.3438	0.0000	0.3438	0.1346	0.1181	0.0165	0.0308	0.0294	0.0014	0.1038	0.0888	0.0151	0.3822	0.2511	0.1312	0.1229	0.1166	0.0063	0.2593	0.1345	0.1248	0.0003	1.0906	0.0000	0.1987	1.6752	0.0000	0.0001	379.3746	0.0000	0.9011	0.0003	2.6257	0.0054	0.0007	0.0929	1.3256	0.0000	2.7540
37	79	0.2011	17	1	1	1	0	0	0	0	0	N	N	N	N	N	N	N	N	N	N	N	N	0.0001	0.0001	0.0000	0.0692	0.0693	0.0000	0.0000	0.0000	0.0002	0.0003	0.0000	0.0013	0.0014	0.0000	0.0000	0.0000	0.0000	1.7329	2.4840	0.0005	0.0194	0.0203	0.0000	2.8506	5.4064	0.0005	0.0000	0.0001	-0.0000	-0.1890	1.9619	3.0096	8.3400	5.7427	0.0000	0.0000	0.0000	0.0000	0.0000	0.0000	0.0000	0.0000	0.0000	0.3482	0.3482	0.0000	0.0015	0.0015	0.0000	0.3467	0.3467	0.0000	0.0408	0.0355	0.0053	0.0074	0.0071	0.0003	0.0333	0.0284	0.0050	0.2010	0.1402	0.0608	0.0793	0.0761	0.0033	0.1216	0.0641	0.0575	0.0001	0.0001	0.0000	0.0692	0.0693	0.0000	0.0000	0.0000	0.0000	1.7329	2.4840	0.0005	0.0194	0.0203	0.0000	2.8506	5.4064	0.0005	
37	80	0.1855	16	1	1	1	0	0	0	0	0	N	N	N	N	N	N	N	N	N	N	N	N	0.0108	0.0077	0.0352	0.0167	0.0164	0.0000	0.0090	0.0000	0.0361	0.0000	0.0000	0.0001	0.0001	0.0001	0.0000	0.0000	0.0000	0.0001	0.0037	0.0045	0.0024	0.0084	0.0088	0.0009	0.0015	0.0004	0.0025	0.3470	0.2983	-0.0000	-0.0001	1.9619	1.0477	8.3400	6.1154	0.0000	0.0000	0.0000	0.0000	0.0000	0.0000	0.0000	0.0000	0.0000	0.0004	0.0003	0.0001	0.0003	0.0003	0.0000	0.0001	0.0000	0.0001	0.0161	0.0141	0.0020	0.0035	0.0034	0.0001	0.0126	0.0107	0.0019	0.1201	0.0771	0.0429	0.0396	0.0375	0.0022	0.0804	0.0397	0.0408	0.0108	0.0077	0.0352	0.0167	0.0164	0.0000	0.0090	0.0000	0.0361	0.0037	0.0045	0.0024	0.0084	0.0088	0.0009	0.0015	0.0004	0.0025
37	81	0.1790	15	0	1	0	0	0	0	0	0	N	N	N	N	N	N	N	N	N	N	N	N	0.1908	0.0019	1.8917	0.0279	0.0048	22.5295	0.4150	0.0000	1.8316	0.0004	0.0000	0.0029	0.0001	0.0000	0.0023	0.0004	0.0000	0.0029	0.0020	0.0022	0.0015	0.0042	0.0044	0.0001	0.0010	0.0005	0.0016	100.4876	0.4093	0.0000	-0.0000	1.9619	1.9794	8.3400	1.0196	0.0000	0.0000	0.0000	0.0000	0.0000	0.0000	0.0000	0.0000	0.0000	0.0001	0.0001	0.0000	0.0001	0.0001	0.0000	0.0000	0.0000	0.0000	0.0278	0.0243	0.0036	0.0050	0.0048	0.0002	0.0229	0.0195	0.0034	0.0460	0.0289	0.0171	0.0135	0.0127	0.0008	0.0325	0.0162	0.0163	0.1908	0.0019	1.8917	0.0279	0.0048	22.5295	0.4150	0.0000	1.8316	0.0020	0.0022	0.0015	0.0042	0.0044	0.0001	0.0010	0.0005	0.0016
37	82	0.1769	14	0	1	0	0	0	0	0	0	N	N	N	N	N	N	N	N	N	N	N	N	0.0091	0.0089	0.0201	0.0381	0.0225	7.4270	0.0011	0.0040	0.0000	0.0000	0.0001	0.0001	0.0001	0.0011	0.0000	0.0000	0.0000	0.0021	0.0014	0.0034	0.0029	0.0031	0.0001	0.0018	0.0000	0.0036	0.8396	1.4837	0.0000	0.0000	1.9619	1.0114	8.3400	0.0202	0.0000	0.0000	0.0000	0.0000	0.0000	0.0000	0.0000	0.0000	0.0000	0.0000	0.0000	0.0000	0.0000	0.0000	0.0000	0.0000	0.0000	0.0000	0.0143	0.0124	0.0019	0.0023	0.0022	0.0001	0.0120	0.0102	0.0018	0.0166	0.0104	0.0062	0.0049	0.0046	0.0003	0.0116	0.0057	0.0059	0.0091	0.0089	0.0201	0.0381	0.0225	7.4270	0.0011	0.0000	0.0040	0.0021	0.0014	0.0034	0.0029	0.0031	0.0001	0.0018	0.0000	0.0036	
37	83	0.1563	13	0	1	0	0	0	0	0	0	N	N	N	N	N	N	N	N	N	N	N	N	14.4884	15.3155	0.0094	31.9292	34.8363	0.0172	0.0186	12.2096	0.0059	0.0125	0.0143	0.0000	0.0686	0.0713	0.0001	0.0000	0.0000	0.0000	0.0009	0.0009	0.0007	0.0021	0.0020	0.0039	0.0003	0.0000	0.0006	0.0001	0.4697	-0.0004	-0.0000	1.9619	5.9223	8.3400	3.6882	0.0011	0.0011	0.0000	0.0011	0.0011	0.0000	0.0000	0.0000	0.0000	0.0001	0.0001	0.0000	0.0001	0.0001	0.0000	0.0000	0.0000	0.0000	0.0864	0.0755	0.0109	0.0157	0.0151	0.0006	0.0707	0.0604	0.0103	0.1532	0.0963	0.0569	0.0464	0.0439	0.0026	0.1068	0.0525	0.0543	14.4884	15.3155	0.0094	31.9292	34.8363	0.0172	0.0186	12.2096	0.0059	0.0009	0.0009	0.0007	0.0021	0.0020	0.0039	0.0003	0.0000	0.0006
37	84	0.1434	11	0	2	0	0	0	0	0	0	N	Y	N	N	N	N	N	N	N	N	N	N	0.0471	0.0362	0.0000	0.0694	0.0786	0.0000	0.0005	0.4228	0.0000	0.0861	0.0988	0.0000	0.4410	0.4651	0.0000	0.0000	0.0000	0.0000	1.8274	2.7296	0.1593	6.3560	5.9154	0.0049	0.0822	0.0001	0.1693	0.0000	0.0316	-0.0033	-0.4957	1.9619	7.1084	8.3400	28.8937	0.0087	0.0087	0.0000	0.0087	0.0087	0.0000	0.0000	0.0000	0.0000	0.9674	0.9378	0.0296	0.9378	0.9378	0.0001	0.0296	0.0000	0.0295	0.1016	0.0886	0.0130	0.0198	0.0188	0.0010	0.0817	0.0698	0.0120	0.5294	0.3436	0.1858	0.1699	0.1585	0.0113	0.3595	0.1850	0.1745	0.0471	0.0362	0.0000	0.0799	0.0786	0.0000	0.0005	0.4228	0.0000	1.8274	2.7296	0.1593	5.5214	5.9154	0.0049	0.0822	0.0001	0.1693
37	85	0.1359	10	0	2	0	0	0	0	0	0	N	Y	N	N	N	N	N	N	N	N	N	N	0.0164	0.0152	0.0232	0.0220	0.0212	0.0371	0.0039	0.0007	0.0135	0.0003	0.0003	0.0005	0.0009	0.0008	0.0014	0.0000	0.0000	0.0003	0.0212	0.0219	0.0197	0.0394	0.0395	0.0369	0.0098	0.0018	0.0188	0.1702	0.3890	-0.0000	-0.0009	1.9619	2.2208	8.3400	3.9129	0.0000	0.0000	0.0000	0.0000	0.0000	0.0000	0.0000	0.0000	0.0000	0.0032	0.0023	0.0009	0.0023	0.0022	0.0001	0.0009	0.0001	0.0008	0.0519	0.0462	0.0058	0.0194	0.0183	0.0010	0.0326	0.0279	0.0047	0.1530	0.1068	0.0462	0.0592	0.0569	0.0023	0.0938	0.0498	0.0440	0.0164	0.0152	0.0232	0.0220	0.0212	0.0371	0.0039	0.0007	0.0135	0.0212	0.0219	0.0197	0.0394	0.0395	0.0369	0.0098	0.0018	0.0188
37	86	0.2114	12	0	1	1	0	0	0	0	0	N	N	N	N	N	N	N	N	N	N	N	N	0.0278	0.0000	5.4202	0.0404	0.0000	49.1301	0.2157	0.0000	0.8241	0.0023	0.0000	0.0190	0.0091	0.0000	0.2069	0.0004	0.0000	0.0028	0.0825	0.1282	0.0035	0.2250	0.2484	0.0042	0.0019	0.0002	0.0034	inf	0.0158	0.0001	-0.0084	1.9619	5.3425	8.3400	7.0749	0.0002	0.0000	0.0002	0.0002	0.0000	0.0002	0.0000	0.0000	0.0000	0.0160	0.0158	0.0002	0.0158	0.0157	0.0000	0.0002	0.0000	0.0002	0.0855	0.0752	0.0103	0.0186	0.0178	0.0008	0.0669	0.0574	0.0095	0.1942	0.1230	0.0712	0.0701	0.0634	0.0067	0.1240	0.0595	0.0645	0.0278	0.0000	5.4202	0.0404	0.0000	49.1301	0.2157	0.0000	0.8241	0.0825	0.1282	0.0035	0.2250	0.2484	0.0042	0.0019	0.0002	0.0034
37	87	0.1683	11	0	1	0	0	0	0	0	0	N	N	N	N	N	N	N	N	N	N	N	N	0.0013	0.0006	0.6625	0.0015	0.0011	5.5424	0.0462	0.0038	0.1772	0.0028	0.0019	0.0092	0.0091	0.0065	0.0700	0.0004	0.0000	0.0025	2.1532	3.2073	0.0139	6.1762	5.8391	0.0126	0.0078	0.0017	0.0141	0.6226	0.0021	0.0000	-0.4837	1.9619	7.0719	8.3400	13.7350	0.0003	0.0002	0.0001	0.0003	0.0002	0.0001	0.0000	0.0000	0.0000	0.8944	0.8925	0.0019	0.8925	0.8923	0.0002	0.0019	0.0002	0.0017	0.1262	0.1117	0.0144	0.0344	0.0330	0.0014	0.0917	0.0787	0.0130	0.4154	0.2783	0.1371	0.1682	0.1528	0.0154	0.2471	0.1255	0.1217	0.0013	0.0006	0.6625	0.0017	0.0011	5.5424	0.0462	0.0038	0.1772	2.1532	3.2073	0.0139	5.3051	5.8391	0.0126	0.0078	0.0017	0.0141
37	88	0.2115	19	1	1	1	0	0	0	0	0	N	N	N	N	N	N	N	N	N	N	N	N	0.0000	0.0000	0.0000	0.0000	0.0000	0.0000	0.0000	0.0000	0.0000	0.0000	0.0000	0.0000	0.0000	0.0000	0.0000	0.0000	0.0000	0.0000	0.0000	0.0000	1.9619	0.0000	8.3400	0.0000	0.0000	0.0000	0.0000	0.0000	0.0000	0.0000	0.0000	0.0000	0.0000	0.0000	0.0000	0.0000	0.0000	0.0000	0.0000	0.0000	0.0000	0.0000	0.0000	0.0000	0.0000	0.0000	0.0000	0.0000	0.0000	0.0000	0.0000	0.0000	0.0000	0.0000	0.0000	0.0000	0.0000	0.0000	0.0000	0.0000	0.0000	0.0000	0.0000	0.0000	0.0000	0.0000	0.0000	0.0000	0.0000	0.0000	0.0000	0.0000	0.0000	0.0000	0.0000	0.0000	0.0000	0.0000											
37	89	0.2095	18	1	1	1	0	0	0	0	0	N	N	N	N	N	N	N	N	N	N	N	N	5.8752	0.0000	14.2576	14.1704	0.0000	12.7557	0.0000	0.0000	0.0067	0.0000	0.0518	0.0180	0.0000	0.5704	0.0000	0.0000	0.0000	0.0011	0.0000	0.0036	0.0013	0.0000	0.0447	0.0011	0.0000	0.0021	inf	5113.5294	0.0000	0.0000	1.9619	0.0001	8.3400	0.9161	0.0000	0.0000	0.0000	0.0000	0.0000	0.0000	0.0000	0.0000	0.0000	0.0000	0.0000	0.0000	0.0000	0.0000	0.0000	0.0000	0.0000	0.0000	0.0000	0.0000	0.0000	0.0000	0.0000	0.0000	0.0000	0.0000	0.0000	0.0227	0.0155	0.0072	0.0089	0.0086	0.0003	0.0139	0.0069	0.0069	5.8752	0.0000	14.2576	14.1704	0.0000	12.7557	0.0000	0.0000	0.0000	0.0011	0.0000	0.0036	0.0013	0.0000	0.0447	0.0011	0.0000	0.0021	
37	90	0.1848	17	1	1	1	0	0	0	0	0	N	N	N	N	N	N	N	N	N	N	N	N	0.0722	0.0000	0.2054	2.5534	0.0000	2.1041	0.0007	0.0000	0.0026	0.0149	0.0000	0.1197	0.0664	0.0000	1.2876	0.0002	0.0000	0.0016	0.2068	0.0003	0.5826	0.0260	0.0005	0.6120	0.3022	0.0000	0.5927	inf	1239.9867	0.0005	0.0167	1.9619	3.7876	8.3400	7.8440	0.0008	0.0000	0.0008	0.0008	0.0000	0.0008	0.0000	0.0000	0.0000	0.0366	0.0000	0.0365	0.0016	0.0000	0.0016	0.0350	0.0000	0.0350	0.0568	0.0497	0.0071	0.0126	0.0120	0.0007	0.0442	0.0377	0.0064	0.1769	0.1141	0.0627	0.0611	0.0574	0.0037	0.1158	0.0568	0.0590	0.0722	0.0000	0.2054	2.5534	0.0000	3.0627	0.0007	0.0000	0.0026	0.2068	0.0003	0.5826	0.0260	0.0005	0.4204	0.3022	0.0000	0.5927
37	91	0.0956	7	0	2	0	1	0	0	0	0	N	Y	N	N	N	N	N	N	N	N	N	N	0.0008	0.0005	0.4176	0.0414	0.0353	2.9888	0.0000	0.0000	0.0111	0.0011	0.0011	0.0011	0.0043	0.0039	0.0191	0.0000	0.0000	0.0000	1.2476	2.0094	0.0026	0.1039	0.1103	0.0064	1.7018	3.4421	0.0024	0.1362	0.0008	-0.0000	-0.1939	1.9619	1.8247	8.3400	16.3284	0.0000	0.0000	0.0000	0.0000	0.0000	0.0000	0.0000	0.0000	0.0000	0.3576	0.3573	0.0003	0.0085	0.0084	0.0000	0.3491	0.3489	0.0002	0.0346	0.0305	0.0041	0.0084	0.0082	0.0002	0.0261	0.0223	0.0039	0.2866	0.1778	0.1088	0.0815	0.0765	0.0050	0.2051	0.1014	0.1038	0.0008	0.0005	0.4176	0.0414	0.0353	2.9888	0.0000	0.0000	0.0111	1.2476	2.0094	0.0026	0.1039	0.1103	0.0064	1.7018	3.4421	0.0024
37	92	0.1060	8	0	2	0	0	0	0	0	0	N	Y	N	N	N	N	N	N	N	N	N	N	0.0055	0.0000	6.1353	0.0062	0.0000	957.0834	0.4516	0.0000	1.6018	0.0001	0.0000	0.0005	0.0002	0.0000	0.0058	0.0000	0.0000	0.0001	0.0109	0.0174	0.0001	0.0406	0.0428	0.0000	0.0000	0.0000	0.0001	inf	0.0026	0.0000	-0.0020	1.9619	9.1310	8.3400	16.1726	0.0000	0.0000	0.0000	0.0000	0.0000	0.0000	0.0000	0.0000	0.0000	0.0037	0.0037	0.0000	0.0037	0.0037	0.0000	0.0000	0.0000	0.0000	0.1331	0.1162	0.0169	0.0237	0.0227	0.0010	0.1094	0.0935	0.0159	0.3421	0.2142	0.1279	0.0916	0.0871	0.0046	0.2505	0.1271	0.1234	0.0055	0.0000	6.1353	0.0062	0.0000	957.0834	0.4516	0.0000	1.6018	0.0109	0.0174	0.0001	0.0406	0.0428	0.0000	0.0000	0.0000	0.0001
37	93	0.0626	6	0	2	0	0	0	0	0	0	N	Y	N	N	N	N	N	N	N	N	N	N	1.6275	138.3552	0.0000	371.1231	599.8279	0.0000	0.0002	18.5049	0.0000	0.2349	0.2740	0.0000	2.1414	2.2044	0.0000	0.0000	0.0000	0.0000	0.1443	0.0020	0.3478	0.0058	0.0037	0.0480	0.2134	0.0000	0.3597	0.0000	122.8772	-0.0057	0.0203	1.9619	4.0959	8.3400	8.7137	0.0151	0.0151	0.0000	0.0151	0.0151	0.0000	0.0000	0.0000	0.0000	0.0453	0.0004	0.0449	0.0006	0.0004	0.0002	0.0447	0.0000	0.0447	0.0642	0.0550	0.0092	0.0070	0.0068	0.0002	0.0572	0.0482	0.0090	0.3136	0.1845	0.1291	0.1043	0.0994	0.0049	0.2093	0.0852	0.1242	1.6275	138.3552	0.0000	371.1231	599.8279	0.0000	0.0002	18.5049	0.0000	0.1443	0.0020	0.3478	0.0058	0.0037	0.0480	0.2134	0.0000	0.3597
37	94	0.0443	5	0	2	0	0	0	0	0	0	N	Y	N	N	N	N	N	N	N	N	N	N	28.0513	34.3454	0.2157	47.5204	46.9359	0.0000	0.1344	0.0743	0.2144	9.5014	13.1361	0.0607	36.4276	36.5678	0.0000	0.0229	0.0001	0.0609	0.3387	0.3825	0.2814	0.7666	0.7791	0.0334	0.1700	0.0007	0.2842	0.0018	0.5623	-0.2836	-0.0128	1.9619	2.9443	8.3400	6.1524	0.7477	0.7464	0.0013	0.7464	0.7464	0.0000	0.0013	0.0000	0.0013	0.0700	0.0448	0.0252	0.0448	0.0448	0.0000	0.0252	0.0000	0.0252	0.0787	0.0568	0.0219	0.0205	0.0204	0.0001	0.0582	0.0364	0.0218	0.2067	0.1172	0.0895	0.0585	0.0575	0.0010	0.1483	0.0597	0.0886	28.0513	34.3454	0.2157	47.5204	46.9359	0.0000	0.1344	0.0743	0.2144	0.3387	0.3825	0.2814	0.7666	0.7791	0.0334	0.1700	0.0007	0.2842
37	95	0.0418	4	0	1	0	0	0	0	0	0	N	N	N	N	N	N	N	N	N	N	N	N	58.8688	1.9193	143.7980	4.2161	4.2267	0.0000	67.6200	0.0000	143.9857	30.5734	0.6326	107.2836	1.7304	1.7365	0.0000	40.8624	0.0000	107.6384	0.5193	0.3296	0.7461	0.4104	0.4108	0.2987	0.6043	0.0000	0.7476	66.1975	1.8946	0.4359	0.0103	1.9619	0.8596	8.3400	1.2300	0.7216	0.0107	0.7108	0.0107	0.0107	0.0000	0.7108	0.0000	0.7108	0.0927	0.0320	0.0607	0.0321	0.0320	0.0001	0.0606	0.0000	0.0606	0.0236	0.0170	0.0066	0.0062	0.0062	0.0000	0.0174	0.0108	0.0066	0.1785	0.0972	0.0813	0.0782	0.0779	0.0003	0.1003	0.0192	0.0811	58.8688	1.9193	143.7980	4.2161	4.2267	0.0000	67.6200	0.0000	143.9857	0.5193	0.3296	0.7461	0.4104	0.4108	0.2853	0.6043	0.0000	0.7476
37	98	0.1848	17	0	2	0	0	0	0	0	0	N	Y	N	N	N	N	N	N	N	N	N	N	0.0083	0.0061	0.0000	0.0094	0.0093	0.0000	0.0000	0.0000	0.0000	0.0001	0.0001	0.0000	0.0002	0.0002	0.0000	0.0000	0.0000	0.0000	0.0069	0.0107	0.0001	0.0200	0.0213	0.0000	0.0001	0.0000	0.0001	0.0001	0.0071	-0.0000	-0.0007	1.9619	1.3608	8.3400	12.1483	0.0000	0.0000	0.0000	0.0000	0.0000	0.0000	0.0000	0.0000	0.0000	0.0014	0.0014	0.0000	0.0014	0.0014	0.0000	0.0000	0.0000	0.0000	0.0235	0.0207	0.0028	0.0072	0.0068	0.0004	0.0163	0.0139	0.0024	0.2011	0.1295	0.0716	0.0690	0.0647	0.0043	0.1321	0.0648	0.0673	0.0083	0.0061	0.0000	0.0094	0.0093	0.0000	0.0000	0.0000	0.0000	0.0069	0.0107	0.0001	0.0200	0.0213	0.0000	0.0001	0.0000	0.0001
37	99	0.1811	16	0	1	0	0	0	0	0	0	N	N	N	N	N	N	N	N	N	N	N	N	0.0176	0.0194	0.0404	0.1642	0.0662	0.3663	0.0001	0.0000	0.0005	0.0001	0.0000	0.0004	0.0003	0.0001	0.0029	0.0000	0.0000	0.0000	0.0042	0.0013	0.0097	0.0018	0.0014	0.0080	0.0056	0.0012	0.0098	2.3128	3.8447	0.0000	0.0000	1.9619	1.5300	8.3400	0.7696	0.0000	0.0000	0.0000	0.0000	0.0000	0.0000	0.0000	0.0000	0.0000	0.0002	0.0000	0.0001	0.0000	0.0000	0.0000	0.0001	0.0000	0.0001	0.0264	0.0229	0.0035	0.0066	0.0061	0.0005	0.0198	0.0168	0.0030	0.0412	0.0271	0.0142	0.0150	0.0142	0.0008	0.0262	0.0128	0.0134	0.0176	0.0194	0.0404	0.1642	0.0662	0.3663	0.0001	0.0000	0.0005	0.0042	0.0013	0.0097	0.0018	0.0014	0.0080	0.0056	0.0012	0.0098
37	100	0.1722	15	0	1	0	0	0	0	0	0	N	N	N	N	N	N	N	N	N	N	N	N	0.0551	0.0022	0.1790	0.1401	0.0082	0.2737	0.0020	0.0000	0.0083	0.0000	0.0000	0.0001	0.0001	0.0000	0.0016	0.0000	0.0000	0.0000	0.0002	0.0000	0.0005	0.0005	0.0001	0.0058	0.0001	0.0000	0.0001	138.9070	6.6027	0.0000	0.0000	1.9619	3.6906	8.3400	1.4800	0.0000	0.0000	0.0000	0.0000	0.0000	0.0000	0.0000	0.0000	0.0000	0.0000	0.0000	0.0000	0.0000	0.0000	0.0000	0.0000	0.0000	0.0000	0.0523	0.0456	0.0067	0.0090	0.0087	0.0004	0.0433	0.0369	0.0063	0.0801	0.0510	0.0291	0.0265	0.0246	0.0019	0.0537	0.0264	0.0272	0.0551	0.0022	0.1790	0.1401	0.0082	0.2737	0.0020	0.0000	0.0083	0.0002	0.0000	0.0005	0.0005	0.0001	0.0058	0.0001	0.0000	0.0001
37	101	0.1722	14	0	1	0	0	0	0	0	0	N	N	N	N	N	N	N	N	N	N	N	N	0.0431	0.0282	0.1702	0.0675	0.0460	0.6653	0.0000	0.0000	0.0000	0.0000	0.0000	0.0000	0.0000	0.0000	0.0008	0.0000	0.0000	0.0000	0.0001	0.0001	0.0002	0.0003	0.0002	0.0011	0.0001	0.0000	0.0001	1.0000	0.7908	0.0000	-0.0000	1.9619	0.1361	8.3400	0.4500	0.0000	0.0000	0.0000	0.0000	0.0000	0.0000	0.0000	0.0000	0.0000	0.0000	0.0000	0.0000	0.0000	0.0000	0.0000	0.0000	0.0000	0.0000	0.0036	0.0032	0.0003	0.0011	0.0011	0.0000	0.0024	0.0021	0.0003	0.0122	0.0081	0.0042	0.0048	0.0044	0.0004	0.0075	0.0037	0.0038	0.0431	0.0282	0.1702	0.0675	0.0460	0.6653	0.0000	0.0000	0.0000	0.0001	0.0001	0.0002	0.0003	0.0002	0.0011	0.0001	0.0000	0.0001
37	102	0.1563	13	0	1	0	0	0	0	0	0	N	N	N	N	N	N	N	N	N	N	N	N	0.0616	0.0067	0.7370	0.0978	0.0009	1.7007	0.0453	14.4187	0.0159	0.0001	0.0000	0.0004	0.0003	0.0000	0.0075	0.0000	0.0000	0.0000	0.0010	0.0012	0.0006	0.0027	0.0026	0.0044	0.0002	0.0000	0.0004	7.4348	0.2839	0.0000	-0.0000	1.9619	3.5591	8.3400	4.5341	0.0000	0.0000	0.0000	0.0000	0.0000	0.0000	0.0000	0.0000	0.0000	0.0001	0.0001	0.0000	0.0001	0.0001	0.0000	0.0000	0.0000	0.0000	0.0549	0.0481	0.0068	0.0109	0.0105	0.0004	0.0440	0.0376	0.0064	0.1318	0.0830	0.0488	0.0403	0.0382	0.0022	0.0915	0.0448	0.0467	0.0616	0.0067	0.7370	0.0978	0.0009	1.7007	0.0453	14.4187	0.0159	0.0010	0.0012	0.0006	0.0027	0.0026	0.0044	0.0002	0.0000	0.0004
37	103	0.1346	12	0	1	0	0	0	0	0	0	N	N	N	N	N	N	N	N	N	N	N	N	2.6088	3.3817	0.1648	0.1509	0.1016	5.1499	4.9249	71.8649	0.0425	0.0173	0.0195	0.0013	0.0018	0.0012	0.0206	0.0215	0.0252	0.0004	0.0066	0.0058	0.0081	0.0119	0.0123	0.0040	0.0044	0.0004	0.0082	0.0096	0.8212	-0.0003	-0.0001	1.9619	2.8937	8.3400	8.0733	0.0009	0.0009	0.0000	0.0000	0.0000	0.0000	0.0008	0.0008	0.0000	0.0012	0.0006	0.0005	0.0006	0.0006	0.0000	0.0005	0.0000	0.0005	0.0498	0.0437	0.0062	0.0106	0.0103	0.0003	0.0392	0.0334	0.0059	0.1741	0.1097	0.0645	0.0524	0.0498	0.0026	0.1217	0.0599	0.0618	2.6088	3.3817	0.1648	0.1509	0.1016	5.1499	4.9249	71.8649	0.0425	0.0066	0.0058	0.0081	0.0119	0.0123	0.0040	0.0044	0.0004	0.0082
37	104	0.1294	8	0	2	0	0	0	0	0	0	N	Y	N	N	N	N	N	N	N	N	N	N	0.0006	0.0005	0.0004	0.0093	0.0088	0.0000	0.0000	0.0000	0.0000	0.0007	0.0008	0.0000	0.0020	0.0020	0.0000	0.0000	0.0000	0.0000	1.1787	1.5796	0.0342	0.2113	0.2299	0.0541	2.0391	3.3580	0.0295	0.0025	0.0076	-0.0000	-0.0329	1.9619	0.0277	8.3400	1.3445	0.0000	0.0000	0.0000	0.0000	0.0000	0.0000	0.0000	0.0000	0.0000	0.0614	0.0610	0.0005	0.0052	0.0050	0.0001	0.0562	0.0559	0.0003	0.0007	0.0006	0.0001	0.0002	0.0002	0.0000	0.0004	0.0004	0.0001	0.0521	0.0386	0.0135	0.0245	0.0219	0.0026	0.0276	0.0167	0.0109	0.0006	0.0005	0.0004	0.0093	0.0088	0.0000	0.0000	0.0000	0.0000	1.1787	1.5796	0.0342	0.2113	0.2299	0.0541	2.0391	3.3580	0.0295
37	105	0.0827	7	0	2	0	0	0	0	0	0	N	Y	N	N	N	N	N	N	N	N	N	N	0.0192	0.0138	0.0104	4.4515	4.8843	0.0288	0.0000	0.0000	0.0000	0.0575	0.0664	0.0003	0.2426	0.2623	0.0023	0.0000	0.0000	0.0000	2.9927	4.8147	0.0303	0.0545	0.0537	0.0814	3.9125	7.6588	0.0293	0.0007	0.0039	-0.0017	-0.4915	1.9619	5.1414	8.3400	16.4151	0.0046	0.0046	0.0000	0.0046	0.0046	0.0000	0.0000	0.0000	0.0000	0.9117	0.9082	0.0035	0.0040	0.0038	0.0002	0.9077	0.9044	0.0033	0.0794	0.0687	0.0107	0.0188	0.0174	0.0014	0.0606	0.0513	0.0092	0.3046	0.1886	0.1160	0.0726	0.0705	0.0021	0.2320	0.1181	0.1139	0.0192	0.0138	0.0104	4.4515	4.8843	0.0288	0.0000	0.0000	0.0000	2.9927	4.8147	0.0303	0.0545	0.0537	0.0814	3.9125	7.6588	0.0293
37	106	0.0745	6	0	1	0	0	0	0	0	0	N	N	N	N	N	N	N	N	N	N	N	N	0.8060	0.7369	1.5895	2.3636	2.6197	0.0383	0.3646	0.0001	1.7950	0.1979	0.1539	0.4852	0.7253	0.7732	0.0369	0.0785	0.0000	0.5297	0.2455	0.2088	0.3053	0.3069	0.2951	0.9629	0.2153	0.1161	0.2951	0.4830	0.8979	-0.0006	-0.0022	1.9619	3.8974	8.3400	1.6364	0.0117	0.0079	0.0038	0.0079	0.0079	0.0000	0.0038	0.0000	0.0038	0.0319	0.0168	0.0151	0.0132	0.0123	0.0009	0.0188	0.0045	0.0142	0.0591	0.0512	0.0078	0.0109	0.0102	0.0007	0.0482	0.0410	0.0071	0.1300	0.0805	0.0495	0.0429	0.0417	0.0012	0.0871	0.0388	0.0483	0.8060	0.7369	1.5895	2.3636	2.6197	0.0513	0.3646	0.0001	1.7950	0.2455	0.2088	0.3053	0.3069	0.2951	0.7203	0.2153	0.1161	0.2951
37	109	0.1649	13	1	2	0	1	0	0	0	0	N	Y	N	N	N	N	N	N	N	N	N	N	0.0000	0.0000	0.0000	0.0000	0.0000	0.0000	0.0000	0.0000	0.0000	0.0000	0.0000	0.0000	0.0000	0.0000	0.0000	0.0000	0.0000	0.0000	0.0000	0.0000	1.9619	0.0000	8.3400	0.0000	0.0000	0.0000	0.0000	0.0000	0.0000	0.0000	0.0000	0.0000	0.0000	0.0000	0.0000	0.0000	0.0000	0.0000	0.0000	0.0000	0.0000	0.0000	0.0000	0.0000	0.0000	0.0000	0.0000	0.0000	0.0000	0.0000	0.0000	0.0000	0.0000	0.0000	0.0000	0.0000	0.0000	0.0000	0.0000	0.0000	0.0000	0.0000	0.0000	0.0000	0.0000	0.0000	0.0000	0.0000	0.0000	0.0000	0.0000	0.0000	0.0000	0.0000	0.0000	0.0000	0.0000	0.0000											
37	110	0.1500	12	1	2	0	1	0	0	0	0	N	Y	N	N	N	N	N	N	N	N	N	N	0.0000	0.0000	0.0000	0.0000	0.0000	0.0000	0.0000	0.0000	0.0000	0.0000	0.0000	0.0000	0.0000	0.0000	0.0000	0.0000	0.0000	0.0016	0.0001	0.0041	0.0043	0.0003	0.0465	0.0002	0.0000	0.0003	16.2965	0.0000	0.0001	1.9619	0.0000	8.3400	7.1240	0.0000	0.0000	0.0000	0.0000	0.0000	0.0000	0.0000	0.0000	0.0000	0.0002	0.0000	0.0002	0.0002	0.0000	0.0002	0.0000	0.0000	0.0000	0.0000	0.0000	0.0000	0.0000	0.0000	0.0000	0.0000	0.0000	0.0000	0.1104	0.0708	0.0396	0.0372	0.0339	0.0033	0.0732	0.0368	0.0364	0.0000	0.0000	0.0000	0.0000	0.0000	0.0000	0.0000	0.0000	0.0000	0.0016	0.0001	0.0041	0.0043	0.0003	0.0465	0.0002	0.0000	0.0003		
37	111	0.1589	14	0	2	0	1	0	0	0	0	N	Y	N	N	N	N	N	N	N	N	N	N	0.0000	0.0000	0.0000	0.0000	0.0000	0.0000	0.0000	0.0000	0.0000	0.0000	0.0000	0.0000	0.0000	0.0000	0.0000	0.0000	0.0000	0.0000	0.0010	0.0015	0.0000	0.0027	0.0030	0.0000	0.0000	0.0000	0.0000	0.0003	0.0000	-0.0000	1.9619	0.0016	8.3400	5.0076	0.0000	0.0000	0.0000	0.0000	0.0000	0.0000	0.0000	0.0000	0.0000	0.0001	0.0001	0.0000	0.0001	0.0001	0.0000	0.0000	0.0000	0.0000	0.0001	0.0001	0.0000	0.0000	0.0000	0.0000	0.0000	0.0000	0.0000	0.0762	0.0494	0.0268	0.0280	0.0248	0.0033	0.0482	0.0246	0.0236	0.0000	0.0000	0.0000	0.0000	0.0000	0.0000	0.0000	0.0000	0.0000	0.0010	0.0015	0.0000	0.0027	0.0030	0.0000	0.0000	0.0000	0.0000	
37	112	0.1521	13	0	2	0	1	0	0	0	0	N	Y	N	N	N	N	N	N	N	N	N	N	0.0000	0.0000	0.0000	0.0000	0.0000	0.0000	0.0000	0.0000	0.0000	0.0000	0.0000	0.0000	0.0000	0.0000	0.0000	0.0000	0.0000	0.0000	0.0017	0.0025	0.0001	0.0007	0.0006	0.0008	0.0022	0.0045	0.0001	0.0319	0.0000	-0.0000	1.9619	1.0012	8.3400	2.1373	0.0000	0.0000	0.0000	0.0000	0.0000	0.0000	0.0000	0.0000	0.0000	0.0001	0.0001	0.0000	0.0000	0.0000	0.0000	0.0001	0.0001	0.0000	0.0139	0.0121	0.0018	0.0024	0.0023	0.0001	0.0115	0.0098	0.0017	0.0528	0.0340	0.0189	0.0192	0.0175	0.0017	0.0336	0.0165	0.0171	0.0000	0.0000	0.0000	0.0000	0.0000	0.0000	0.0000	0.0000	0.0000	0.0017	0.0025	0.0001	0.0007	0.0006	0.0008	0.0022	0.0045	0.0001	
37	113	0.1604	13	0	2	0	0	0	0	0	0	N	Y	N	N	N	N	N	N	N	N	N	N	0.0000	0.0000	0.0000	0.0000	0.0000	0.0000	0.0000	0.0000	0.0000	0.0000	0.0000	0.0000	0.0000	0.0000	0.0000	0.0000	0.0000	0.0000	0.0004	0.0007	0.0000	0.0013	0.0014	0.0001	0.0000	0.0000	0.0000	0.0168	0.0000	-0.0000	1.9619	0.9705	8.3400	5.0371	0.0000	0.0000	0.0000	0.0000	0.0000	0.0000	0.0000	0.0000	0.0000	0.0000	0.0000	0.0000	0.0000	0.0000	0.0000	0.0000	0.0000	0.0000	0.0158	0.0139	0.0019	0.0038	0.0037	0.0002	0.0120	0.0102	0.0018	0.0923	0.0599	0.0324	0.0316	0.0288	0.0028	0.0607	0.0311	0.0296	0.0000	0.0000	0.0000	0.0000	0.0000	0.0000	0.0000	0.0000	0.0000	0.0004	0.0007	0.0000	0.0013	0.0014	0.0001	0.0000	0.0000	0.0000	
37	114	0.1521	13	0	1	1	1	0	0	0	0	N	N	N	N	N	N	N	N	N	N	N	N	0.0000	0.0000	0.0000	0.0000	0.0000	0.0000	0.0000	0.0000	0.0000	0.0000	0.0000	0.0000	0.0000	0.0000	0.0000	0.0001	0.0000	0.0003	0.0001	0.0000	0.0021	0.0001	0.0000	0.0002	inf	0.0000	0.0000	1.9619	0.0000	8.3400	1.1303	0.0000	0.0000	0.0000	0.0000	0.0000	0.0000	0.0000	0.0000	0.0000	0.0000	0.0000	0.0000	0.0000	0.0000	0.0000	0.0000	0.0000	0.0000	0.0000	0.0000	0.0000	0.0000	0.0000	0.0000	0.0000	0.0000	0.0000	0.0228	0.0146	0.0082	0.0088	0.0081	0.0006	0.0140	0.0064	0.0075	0.0000	0.0000	0.0000	0.0000	0.0000	0.0000	0.0000	0.0000	0.0000	0.0001	0.0000	0.0003	0.0001	0.0000	0.0021	0.0001	0.0000	0.0002				
37	115	0.1500	12	0	1	0	1	0	0	0	0	N	N	N	N	N	N	N	N	N	N	N	N	0.0000	0.0000	0.0000	0.0000	0.0000	0.0000	0.0000	0.0000	0.0000	0.0000	0.0000	0.0000	0.0000	0.0000	0.0000	0.0000	0.0000	0.0000	0.0014	0.0021	0.0003	0.0037	0.0038	0.0020	0.0001	0.0000	0.0001	0.0712	0.0000	-0.0000	1.9619	0.0000	8.3400	1.2340	0.0000	0.0000	0.0000	0.0000	0.0000	0.0000	0.0000	0.0000	0.0000	0.0000	0.0000	0.0000	0.0000	0.0000	0.0000	0.0000	0.0000	0.0000	0.0000	0.0000	0.0000	0.0000	0.0000	0.0000	0.0000	0.0000	0.0000	0.0246	0.0157	0.0088	0.0091	0.0085	0.0006	0.0155	0.0072	0.0082	0.0000	0.0000	0.0000	0.0000	0.0000	0.0000	0.0000	0.0000	0.0000	0.0014	0.0021	0.0003	0.0037	0.0038	0.0020	0.0001	0.0000	0.0001	
37	116	0.1575	13	0	1	1	1	0	0	0	0	N	N	N	N	N	N	N	N	N	N	N	N	200055.7830	379524.6480	0.0000	472014.9343	662163.4318	0.0000	12869.0505	266890.1914	0.0000	0.5528	0.6440	0.0000	2.1351	2.2328	0.0000	0.0232	0.0281	0.0000	0.0000	0.0000	0.0000	0.0000	0.0000	0.0000	0.0000	0.0000	0.0000	0.0000	1.4682	-0.0033	0.0000	1.9619	0.9725	8.3400	0.9874	0.0088	0.0088	0.0000	0.0085	0.0085	0.0000	0.0003	0.0003	0.0000	0.0000	0.0000	0.0000	0.0000	0.0000	0.0000	0.0000	0.0000	0.0000	0.0159	0.0136	0.0022	0.0040	0.0038	0.0002	0.0119	0.0098	0.0021	0.0309	0.0204	0.0105	0.0109	0.0099	0.0010	0.0200	0.0105	0.0095	200055.7830	379524.6480	0.0000	472014.9343	662163.4318	0.0000	12869.0505	266890.1914	0.0000	0.0000	0.0000	0.0000	0.0000	0.0000	0.0000	0.0000	0.0000	0.0000
37	117	0.1575	13	0	1	1	1	0	0	0	0	N	N	N	N	N	N	N	N	N	N	N	N	429.3062	195.2814	524132.0124	0.7577	0.0029	30855.0486	1108353.0090	6775844.0686	636643.9425	0.2093	0.1454	0.4138	0.0011	0.0000	0.0597	0.3871	0.3580	0.4263	0.0005	0.0007	0.0000	0.0014	0.0015	0.0000	0.0000	0.0000	0.0000	0.8887	0.0006	0.0000	-0.0000	1.9619	0.0285	8.3400	4.0215	0.0005	0.0003	0.0002	0.0000	0.0000	0.0000	0.0005	0.0003	0.0002	0.0000	0.0000	0.0000	0.0000	0.0000	0.0000	0.0000	0.0000	0.0000	0.0025	0.0019	0.0006	0.0011	0.0011	0.0000	0.0013	0.0008	0.0006	0.0616	0.0403	0.0213	0.0215	0.0195	0.0020	0.0401	0.0208	0.0193	429.3062	195.2814	524132.0124	0.7577	0.0029	30855.0486	1108353.0090	6775844.0686	636643.9425	0.0005	0.0007	0.0000	0.0014	0.0015	0.0000	0.0000	0.0000	0.0000
37	118	0.1500	12	0	1	1	1	0	0	0	0	N	N	N	N	N	N	N	N	N	N	N	N	149297.9733	138544.2355	0.0000	94.7489	103.0993	0.0000	1146782.0155	117710308.3946	0.0000	22.8927	26.2907	0.0000	0.0382	0.0402	0.0000	27.6817	32.4127	0.0000	0.0002	0.0002	0.0001	0.0004	0.0004	0.0005	0.0000	0.0000	0.0000	0.0000	0.2602	-0.3621	-0.0000	1.9619	3.0275	8.3400	2.1573	0.9502	0.9502	0.0000	0.0003	0.0003	0.0000	0.9500	0.9500	0.0000	0.0000	0.0000	0.0000	0.0000	0.0000	0.0000	0.0000	0.0000	0.0000	0.0415	0.0361	0.0054	0.0072	0.0068	0.0004	0.0343	0.0293	0.0050	0.0827	0.0530	0.0297	0.0282	0.0258	0.0024	0.0545	0.0272	0.0273	149297.9733	138544.2355	0.0000	94.7489	103.0993	0.0000	1146782.0155	117710308.3946	0.0000	0.0002	0.0002	0.0001	0.0004	0.0004	0.0005	0.0000	0.0000	0.0000
37	119	0.1912	12	1	2	0	0	0	0	0	0	N	Y	N	N	N	N	N	N	N	N	N	N	0.0984	0.0586	0.8101	0.1685	0.0000	2.7921	0.0817	0.0519	0.0165	0.0007	0.0006	0.0017	0.0006	0.0000	0.0167	0.0007	0.0008	0.0000	0.0069	0.0095	0.0020	0.0038	0.0036	0.0060	0.0085	0.0153	0.0018	0.3547	0.1185	-0.0000	-0.0003	1.9619	2.1883	8.3400	3.1271	0.0000	0.0000	0.0000	0.0000	0.0000	0.0000	0.0000	0.0000	0.0000	0.0006	0.0005	0.0001	0.0001	0.0001	0.0000	0.0005	0.0004	0.0001	0.0381	0.0340	0.0041	0.0105	0.0101	0.0004	0.0276	0.0240	0.0037	0.0851	0.0548	0.0302	0.0289	0.0270	0.0019	0.0562	0.0278	0.0284	0.0984	0.0586	0.8101	0.1685	0.0000	2.7921	0.0817	0.0519	0.0165	0.0069	0.0095	0.0020	0.0038	0.0036	0.0060	0.0085	0.0153	0.0018
37	120	0.1243	11	1	2	0	0	0	0	0	0	N	Y	N	N	N	N	N	N	N	N	N	N	2.1123	1.5231	0.5362	0.4001	0.3329	12.3002	1.8061	1.0639	0.1394	4.7978	5.4872	0.0003	0.0010	0.0008	0.0039	5.7359	6.6886	0.0001	2.2713	3.6026	0.0005	0.0024	0.0025	0.0003	3.1759	6.2870	0.0005	0.0000	0.0001	-0.3621	-0.5137	1.9619	13.6104	8.3400	16.0982	0.9502	0.9502	0.0000	0.0000	0.0000	0.0000	0.9502	0.9502	0.0000	0.9463	0.9462	0.0001	0.0003	0.0003	0.0000	0.9460	0.9459	0.0001	0.1981	0.1732	0.0249	0.0324	0.0311	0.0013	0.1657	0.1421	0.0236	0.4166	0.2626	0.1540	0.1187	0.1122	0.0066	0.2979	0.1505	0.1474	2.1123	1.5231	0.5362	0.4001	0.3329	12.3002	1.8061	1.0639	0.1394	2.2713	3.6026	0.0005	0.0024	0.0025	0.0003	3.1759	6.2870	0.0005
37	121	0.1495	13	0	2	0	0	0	0	0	0	N	Y	N	N	N	N	N	N	N	N	N	N	0.0307	0.0232	0.0029	0.0347	0.0306	0.0658	0.0067	0.0188	0.0000	0.0008	0.0009	0.0000	0.0019	0.0019	0.0001	0.0000	0.0000	0.0000	0.0253	0.0369	0.0023	0.0542	0.0622	0.0018	0.0016	0.0007	0.0024	0.0008	0.0319	-0.0000	-0.0019	1.9619	0.3548	8.3400	4.6068	0.0000	0.0000	0.0000	0.0000	0.0000	0.0000	0.0000	0.0000	0.0000	0.0038	0.0036	0.0001	0.0036	0.0036	0.0000	0.0001	0.0000	0.0001	0.0169	0.0153	0.0016	0.0069	0.0068	0.0001	0.0100	0.0084	0.0015	0.1488	0.0988	0.0500	0.0670	0.0581	0.0089	0.0818	0.0407	0.0411	0.0307	0.0232	0.0029	0.0347	0.0306	0.0658	0.0067	0.0188	0.0000	0.0253	0.0369	0.0023	0.0542	0.0622	0.0018	0.0016	0.0007	0.0024
37	122	0.1346	12	0	2	0	0	0	0	0	0	N	Y	N	N	N	N	N	N	N	N	N	N	0.0211	0.0140	0.1879	0.1441	0.1330	0.8104	0.0006	0.0000	0.0559	0.0007	0.0007	0.0007	0.0029	0.0027	0.0110	0.0000	0.0000	0.0002	0.0348	0.0533	0.0035	0.0199	0.0203	0.0135	0.0414	0.0822	0.0030	0.1181	0.0385	-0.0000	-0.0022	1.9619	1.6911	8.3400	5.7022	0.0000	0.0000	0.0000	0.0000	0.0000	0.0000	0.0000	0.0000	0.0000	0.0043	0.0041	0.0002	0.0008	0.0007	0.0000	0.0035	0.0034	0.0001	0.0335	0.0295	0.0040	0.0083	0.0082	0.0002	0.0251	0.0213	0.0038	0.1235	0.0776	0.0458	0.0381	0.0363	0.0019	0.0854	0.0414	0.0440	0.0211	0.0140	0.1879	0.1441	0.1330	0.8104	0.0006	0.0000	0.0559	0.0348	0.0533	0.0035	0.0199	0.0203	0.0135	0.0414	0.0822	0.0030
37	123	0.1243	11	0	1	0	0	0	0	0	0	N	N	N	N	N	N	N	N	N	N	N	N	0.0011	0.0004	0.9120	0.0011	0.0006	34.2042	0.0066	0.0004	0.2323	0.0003	0.0002	0.0013	0.0008	0.0005	0.0220	0.0001	0.0000	0.0003	0.2466	0.3929	0.0014	0.7521	0.7989	0.0006	0.0078	0.0147	0.0014	0.9571	0.0021	0.0000	-0.0126	1.9619	2.0929	8.3400	3.1856	0.0000	0.0000	0.0000	0.0000	0.0000	0.0000	0.0000	0.0000	0.0000	0.0232	0.0232	0.0000	0.0228	0.0228	0.0000	0.0005	0.0004	0.0000	0.0487	0.0437	0.0050	0.0136	0.0133	0.0002	0.0352	0.0303	0.0048	0.0943	0.0591	0.0352	0.0303	0.0285	0.0018	0.0640	0.0306	0.0335	0.0011	0.0004	0.9120	0.0011	0.0006	34.2042	0.0066	0.0004	0.2323	0.2466	0.3929	0.0014	0.7521	0.7989	0.0006	0.0078	0.0147	0.0014
37	124	0.1650	14	1	2	0	0	0	0	0	0	N	Y	N	N	N	N	N	N	N	N	N	N	0.0000	0.0000	0.0000	0.0000	0.0000	0.0000	0.0000	0.0000	0.0000	0.0000	0.0000	0.0000	0.0000	0.0000	0.0000	0.0000	0.0000	0.0000	0.0000	0.0000	1.9619	0.0000	8.3400	0.0000	0.0000	0.0000	0.0000	0.0000	0.0000	0.0000	0.0000	0.0000	0.0000	0.0000	0.0000	0.0000	0.0000	0.0000	0.0000	0.0000	0.0000	0.0000	0.0000	0.0000	0.0000	0.0000	0.0000	0.0000	0.0000	0.0000	0.0000	0.0000	0.0000	0.0000	0.0000	0.0000	0.0000	0.0000	0.0000	0.0000	0.0000	0.0000	0.0000	0.0000	0.0000	0.0000	0.0000	0.0000	0.0000	0.0000	0.0000	0.0000	0.0000	0.0000	0.0000	0.0000	0.0000	0.0000											
37	125	0.1604	13	1	2	0	0	0	0	0	0	N	Y	N	N	N	N	N	N	N	N	N	N	0.0000	0.0000	0.0000	0.0000	0.0000	0.0000	0.0000	0.0000	0.0000	0.0000	0.0000	0.0000	0.0000	0.0000	0.0000	0.0000	0.0000	0.0000	0.0008	0.0013	0.0000	0.0023	0.0025	0.0000	0.0000	0.0000	0.0000	0.0072	0.0000	-0.0000	1.9619	0.1434	8.3400	1.9839	0.0000	0.0000	0.0000	0.0000	0.0000	0.0000	0.0000	0.0000	0.0000	0.0000	0.0000	0.0000	0.0000	0.0000	0.0000	0.0000	0.0000	0.0000	0.0044	0.0039	0.0004	0.0018	0.0017	0.0001	0.0026	0.0022	0.0004	0.0357	0.0234	0.0123	0.0126	0.0116	0.0010	0.0230	0.0118	0.0113	0.0000	0.0000	0.0000	0.0000	0.0000	0.0000	0.0000	0.0000	0.0000	0.0008	0.0013	0.0000	0.0023	0.0025	0.0000	0.0000	0.0000	0.0000	
37	126	0.1500	12	0	2	0	0	0	0	0	0	N	Y	N	N	N	N	N	N	N	N	N	N	0.0000	0.0000	0.0000	0.0000	0.0000	0.0000	0.0000	0.0000	0.0000	0.0000	0.0000	0.0000	0.0000	0.0000	0.0000	0.0000	0.0000	0.0000	0.0002	0.0004	0.0000	0.0007	0.0008	0.0000	0.0000	0.0000	0.0000	0.0022	0.0000	-0.0000	1.9619	1.8882	8.3400	2.9115	0.0000	0.0000	0.0000	0.0000	0.0000	0.0000	0.0000	0.0000	0.0000	0.0000	0.0000	0.0000	0.0000	0.0000	0.0000	0.0000	0.0000	0.0000	0.0260	0.0227	0.0034	0.0045	0.0043	0.0002	0.0215	0.0184	0.0031	0.0771	0.0494	0.0277	0.0263	0.0241	0.0022	0.0508	0.0253	0.0254	0.0000	0.0000	0.0000	0.0000	0.0000	0.0000	0.0000	0.0000	0.0000	0.0002	0.0004	0.0000	0.0007	0.0008	0.0000	0.0000	0.0000	0.0000	
37	127	0.1243	11	0	1	0	0	0	0	0	0	N	N	N	N	N	N	N	N	N	N	N	N	0.0001	0.0001	0.0000	0.1648	0.1613	0.0000	0.0000	0.0000	0.0000	0.0005	0.0005	0.0000	0.0020	0.0020	0.0000	0.0000	0.0000	0.0000	4.7703	7.5833	0.0002	0.0121	0.0126	0.0028	6.7948	13.7299	0.0001	0.0000	0.0000	-0.0000	-0.5142	1.9619	3.5543	8.3400	9.0319	0.0000	0.0000	0.0000	0.0000	0.0000	0.0000	0.0000	0.0000	0.0000	0.9471	0.9471	0.0000	0.0007	0.0007	0.0000	0.9464	0.9464	0.0000	0.0686	0.0609	0.0077	0.0161	0.0157	0.0004	0.0525	0.0452	0.0074	0.1985	0.1249	0.0737	0.0593	0.0560	0.0033	0.1393	0.0689	0.0704	0.0001	0.0001	0.0000	0.1648	0.1613	0.0000	0.0000	0.0000	0.0000	4.7703	7.5833	0.0002	0.0121	0.0126	0.0028	6.7948	13.7299	0.0001
37	128	0.1206	10	0	1	0	0	0	0	0	0	N	N	N	N	N	N	N	N	N	N	N	N	0.0009	0.0004	0.2849	0.0254	0.0148	27.2704	0.0001	0.0000	0.0735	0.0003	0.0002	0.0010	0.0010	0.0006	0.0172	0.0000	0.0000	0.0003	0.2722	0.4312	0.0037	0.0396	0.0407	0.0006	0.4035	0.9602	0.0038	0.9401	0.0050	0.0000	-0.0110	1.9619	2.6246	8.3400	0.7212	0.0000	0.0000	0.0000	0.0000	0.0000	0.0000	0.0000	0.0000	0.0000	0.0204	0.0203	0.0001	0.0011	0.0011	0.0000	0.0193	0.0192	0.0001	0.0492	0.0433	0.0059	0.0111	0.0108	0.0003	0.0381	0.0325	0.0056	0.0748	0.0470	0.0278	0.0270	0.0262	0.0008	0.0478	0.0208	0.0271	0.0009	0.0004	0.2849	0.0254	0.0148	27.2704	0.0001	0.0000	0.0735	0.2722	0.4312	0.0037	0.0396	0.0407	0.0006	0.4035	0.9246	0.0038
37	129	0.1149	9	0	1	0	0	0	0	0	0	N	N	N	N	N	N	N	N	N	N	N	N	0.0166	0.0063	0.8587	0.5047	0.2873	26.4808	0.0020	0.0000	0.2330	0.0002	0.0001	0.0009	0.0009	0.0005	0.0118	0.0000	0.0000	0.0003	0.0135	0.0201	0.0011	0.0018	0.0018	0.0004	0.0188	0.0354	0.0011	1.0208	0.0285	0.0000	-0.0006	1.9619	3.3474	8.3400	1.3769	0.0000	0.0000	0.0000	0.0000	0.0000	0.0000	0.0000	0.0000	0.0000	0.0011	0.0010	0.0000	0.0000	0.0000	0.0000	0.0010	0.0010	0.0000	0.0564	0.0495	0.0069	0.0121	0.0117	0.0004	0.0443	0.0378	0.0065	0.0792	0.0517	0.0275	0.0246	0.0235	0.0010	0.0546	0.0281	0.0265	0.0166	0.0063	0.8587	0.5047	0.2873	26.4808	0.0020	0.0000	0.2330	0.0135	0.0201	0.0011	0.0018	0.0018	0.0004	0.0188	0.0354	0.0011
37	130	0.1060	8	0	1	0	0	0	0	0	0	N	N	N	N	N	N	N	N	N	N	N	N	0.8024	0.3524	7.3464	1.3468	0.7847	44.0097	0.1976	0.0018	2.0886	0.0008	0.0005	0.0041	0.0020	0.0012	0.0770	0.0002	0.0000	0.0011	0.0010	0.0013	0.0006	0.0015	0.0015	0.0018	0.0008	0.0011	0.0005	1.0002	0.2580	0.0000	-0.0000	1.9619	0.4686	8.3400	4.0374	0.0000	0.0000	0.0000	0.0000	0.0000	0.0000	0.0000	0.0000	0.0000	0.0001	0.0001	0.0000	0.0000	0.0000	0.0000	0.0000	0.0000	0.0000	0.0156	0.0140	0.0015	0.0055	0.0055	0.0001	0.0101	0.0086	0.0015	0.0738	0.0464	0.0273	0.0216	0.0207	0.0009	0.0522	0.0257	0.0265	0.8024	0.3524	7.3464	1.3468	0.7847	44.0097	0.1976	0.0018	2.0886	0.0010	0.0013	0.0006	0.0015	0.0015	0.0018	0.0008	0.0011	0.0005
38	39	0.1649	15	1	1	1	0	0	0	0	0	N	N	N	N	N	N	N	N	N	N	N	N	0.0157	0.0000	77504.0282	0.0000	0.0000	21886.4932	76576.0743	0.0008	0.0000	0.0064	0.0000	0.0000	0.0000	0.0013	0.0000	0.0066	0.0503	0.0832	0.0000	0.1682	0.1776	0.0000	0.0000	0.0000	0.0000	inf	0.0000	0.0000	-0.0025	0.0095	1.1272	5.0631	11.0864	0.0000	0.0000	0.0000	0.0000	0.0000	0.0000	0.0000	0.0000	0.0000	0.0046	0.0046	0.0000	0.0046	0.0046	0.0000	0.0000	0.0000	0.0000	0.0002	0.0002	0.0000	0.0001	0.0001	0.0000	0.0001	0.0001	0.0000	0.0922	0.0557	0.0365	0.0276	0.0261	0.0015	0.0646	0.0296	0.0350	0.0157	0.0000	77504.0282	0.0000	0.0000	0.0000	21886.4932	0.0000	76576.0743	0.0503	0.0832	0.0000	0.1682	0.1776	0.0000	0.0000	0.0000	0.0000		
38	40	0.1649	14	1	0	1	0	0	0	0	0	N	N	N	N	N	N	N	N	N	N	N	N	0.0106	0.0074	0.0325	0.0117	0.0117	0.0000	0.0099	0.0000	0.0330	0.0032	0.0018	0.0123	0.0039	0.0039	0.0000	0.0027	0.0000	0.0126	0.3012	0.2496	0.3798	0.3297	0.3316	0.1005	0.2770	0.0001	0.3824	1.0000	0.9985	0.0000	-0.0004	0.0095	0.4765	5.0631	0.2778	0.0000	0.0000	0.0000	0.0000	0.0000	0.0000	0.0000	0.0000	0.0000	0.0085	0.0042	0.0042	0.0043	0.0042	0.0000	0.0042	0.0000	0.0042	0.0001	0.0001	0.0000	0.0000	0.0000	0.0000	0.0001	0.0001	0.0000	0.0282	0.0170	0.0112	0.0129	0.0128	0.0001	0.0153	0.0042	0.0111	0.0106	0.0074	0.0325	0.0117	0.0117	0.0000	0.0099	0.0000	0.0330	0.3012	0.2496	0.3798	0.3297	0.3316	0.1005	0.2770	0.0001	0.3824
38	41	0.1671	14	1	1	1	1	0	0	0	0	N	N	N	N	N	N	N	N	N	N	N	N	0.0008	0.0888	0.0000	0.0883	0.0841	0.0000	0.0000	0.0000	0.0075	0.0087	0.0000	0.0195	0.0197	0.0000	0.0000	0.0000	0.0000	9.5214	0.0976	37.8440	0.2209	0.2341	0.0000	12.8701	0.0000	33.5679	0.0003	161.8006	-0.0000	0.8928	0.0095	10.0333	5.0631	21.8674	0.0000	0.0000	0.0000	0.0000	0.0000	0.0000	0.0000	0.0000	0.0000	1.9800	0.0122	1.9678	0.0122	0.0122	0.0000	1.9678	0.0000	1.9678	0.0018	0.0016	0.0002	0.0007	0.0007	0.0000	0.0011	0.0009	0.0002	0.2079	0.1247	0.0833	0.0551	0.0519	0.0031	0.1529	0.0727	0.0802	0.0008	0.0888	0.0000	0.0883	0.0841	0.0000	0.0000	0.0000	0.0000	9.5214	0.0976	23.6257	0.2209	0.2341	0.0000	12.8701	0.0000	24.5413	
38	44	0.0277	3	2	0	2	0	0	0	0	0	Y	N	Y	N	N	N	N	N	N	N	N	N	577.0919	396.8187	0.0000	263.4303	262.6952	0.0000	0.0000	4.9831	6.3949	0.0000	12.6112	12.6634	0.0000	0.0000	0.0000	0.0000	0.0086	0.0161	0.0000	0.0479	0.0482	0.0000	0.0000	0.0000	0.0000	0.0000	0.0001	-0.0024	-0.0003	0.0095	4.9860	5.0631	2.3663	0.0063	0.0063	0.0000	0.0063	0.0063	0.0000	0.0000	0.0000	0.0000	0.0006	0.0006	0.0000	0.0006	0.0006	0.0000	0.0000	0.0000	0.0000	0.0013	0.0010	0.0003	0.0005	0.0005	0.0000	0.0008	0.0005	0.0003	0.0704	0.0377	0.0327	0.0127	0.0126	0.0001	0.0577	0.0251	0.0326	577.0919	396.8187	0.0000	263.4303	262.6952	0.0000	0.0000	0.0000	0.0000	0.0086	0.0161	0.0000	0.0479	0.0482	0.0000	0.0000	0.0000	0.0000		
38	45	0.0245	2	2	0	1	0	0	0	0	0	Y	N	N	N	N	N	N	N	N	N	N	N	22.0280	27.1879	9.6983	12.2698	12.2715	0.0000	14.2834	11177.8442	9.7062	1.5387	2.4953	0.4610	2.6903	2.6933	0.0000	0.4265	0.0049	0.4615	0.0699	0.0918	0.0475	0.2193	0.2195	0.0122	0.0299	0.0000	0.0476	0.1640	0.5089	-0.0000	-0.0003	0.0095	0.0225	5.0631	1.9333	0.0001	0.0001	0.0000	0.0001	0.0001	0.0000	0.0000	0.0000	0.0000	0.0015	0.0010	0.0005	0.0010	0.0010	0.0000	0.0005	0.0000	0.0005	0.0001	0.0000	0.0000	0.0000	0.0000	0.0000	0.0000	0.0000	0.0000	0.0215	0.0108	0.0107	0.0045	0.0045	0.0000	0.0170	0.0063	0.0107	22.0280	27.1879	9.6983	12.2698	12.2715	0.0000	14.2834	11177.8442	9.7062	0.0699	0.0918	0.0475	0.2193	0.2195	0.0122	0.0299	0.0000	0.0476
38	47	0.1832	16	1	0	2	0	0	0	0	0	N	N	Y	N	N	N	N	N	N	N	N	N	0.0002	0.0002	0.0002	0.0003	0.0003	0.0000	0.0001	0.0002	0.0001	0.0001	0.0001	0.0002	0.0002	0.0000	0.0000	0.0000	0.0001	0.4919	0.4073	0.6193	0.7063	0.7331	0.0565	0.3775	0.0000	0.6394	0.1509	1.0090	-0.0000	-0.0029	0.0095	3.0460	5.0631	11.9126	0.0000	0.0000	0.0000	0.0000	0.0000	0.0000	0.0000	0.0000	0.0000	0.0724	0.0360	0.0363	0.0361	0.0360	0.0001	0.0362	0.0000	0.0362	0.0005	0.0005	0.0001	0.0002	0.0002	0.0000	0.0003	0.0003	0.0001	0.1471	0.0884	0.0587	0.0512	0.0491	0.0020	0.0960	0.0393	0.0567	0.0002	0.0002	0.0002	0.0003	0.0003	0.0000	0.0001	0.0000	0.0002	0.4919	0.4073	0.6193	0.7063	0.7331	0.0565	0.3775	0.0000	0.6394	
38	48	0.1698	15	1	0	1	0	0	0	0	0	N	N	N	N	N	N	N	N	N	N	N	N	0.0177	0.0099	0.0587	0.0138	0.0138	0.0000	0.0207	0.5284	0.0605	0.0146	0.0061	0.0664	0.0129	0.0131	0.0000	0.0157	0.0004	0.0698	0.8262	0.6117	1.1327	0.9349	0.9530	0.0425	0.7582	0.0007	1.1533	1.7974	1.2964	0.0000	0.0018	0.0095	1.1082	5.0631	5.8288	0.0000	0.0000	0.0000	0.0000	0.0000	0.0000	0.0000	0.0000	0.0000	0.0845	0.0368	0.0477	0.0368	0.0368	0.0000	0.0477	0.0000	0.0477	0.0002	0.0002	0.0000	0.0001	0.0001	0.0000	0.0001	0.0001	0.0000	0.1023	0.0602	0.0421	0.0394	0.0386	0.0008	0.0629	0.0216	0.0413	0.0177	0.0099	0.0587	0.0138	0.0138	0.0000	0.0207	0.5284	0.0605	0.8262	0.6117	1.1327	0.9349	0.9530	0.0425	0.7582	0.0007	1.1533
38	49	0.2010	17	1	1	1	0	0	0	0	0	N	N	N	N	N	N	N	N	N	N	N	N	0.0000	0.0000	0.0000	0.0000	0.0000	0.0000	0.0000	0.0000	0.0000	0.0000	0.0000	0.0000	0.0000	0.0000	0.0000	0.0000	0.0000	0.0000	0.0000	-0.0000	0.0095	0.0000	5.0631	2.0001	0.0000	0.0000	0.0000	0.0000	0.0000	0.0000	0.0000	0.0000	0.0000	0.0000	0.0000	0.0000	0.0000	0.0000	0.0000	0.0000	0.0000	0.0000	0.0000	0.0000	0.0000	0.0000	0.0000	0.0000	0.0000	0.0000	0.0000	0.0133	0.0079	0.0054	0.0032	0.0028	0.0003	0.0101	0.0051	0.0050	0.0000	0.0000	0.0000	0.0000	0.0000	0.0000	0.0000	0.0000	0.0000	0.0000	0.0000	0.0000	0.0000	0.0000	0.0000	0.0000	0.0000	0.0000											
38	50	0.1040	10	2	1	2	0	0	0	0	0	Y	N	Y	N	N	N	N	N	N	N	N	N	0.0000	0.0000	0.0000	0.0000	0.0000	0.0000	0.0000	0.0000	0.0000	0.0000	0.0000	0.0000	0.0000	0.0003	0.0000	0.0013	0.0010	0.0000	0.0435	0.0000	0.0000	0.0000	inf	0.0000	0.0000	0.0095	0.0000	5.0631	1.7047	0.0000	0.0000	0.0000	0.0000	0.0000	0.0000	0.0000	0.0000	0.0000	0.0000	0.0000	0.0000	0.0000	0.0000	0.0000	0.0000	0.0000	0.0000	0.0000	0.0000	0.0000	0.0000	0.0000	0.0000	0.0000	0.0000	0.0000	0.0207	0.0153	0.0054	0.0069	0.0067	0.0002	0.0138	0.0086	0.0053	0.0000	0.0000	0.0000	0.0000	0.0000	0.0000	0.0000	0.0000	0.0000	0.0003	0.0000	0.0013	0.0010	0.0000	0.0435	0.0000	0.0000	0.0000						
38	51	0.1040	10	2	1	2	0	0	0	0	0	Y	N	Y	N	N	N	N	N	N	N	N	N	0.0000	0.0000	0.0000	0.0000	0.0000	0.0000	0.0000	0.0000	0.0000	0.0000	0.0000	0.0000	0.0000	0.0002	0.0003	0.0000	0.0006	0.0006	0.0000	0.0000	0.0000	0.0000	0.0000	0.0000	-0.0000	0.0095	0.0000	5.0631	0.2953	0.0000	0.0000	0.0000	0.0000	0.0000	0.0000	0.0000	0.0000	0.0000	0.0000	0.0000	0.0000	0.0000	0.0000	0.0000	0.0000	0.0000	0.0000	0.0000	0.0000	0.0000	0.0000	0.0000	0.0000	0.0000	0.0000	0.0000	0.0118	0.0102	0.0016	0.0053	0.0053	0.0000	0.0065	0.0049	0.0016	0.0000	0.0000	0.0000	0.0000	0.0000	0.0000	0.0000	0.0000	0.0000	0.0002	0.0003	0.0000	0.0006	0.0006	0.0000	0.0000	0.0000	0.0000						
38	52	0.1011	9	2	1	2	0	0	0	0	0	Y	N	Y	N	N	N	N	N	N	N	N	N	505.7144	0.0000	5924.9586	0.0000	0.0000	0.0000	12175.9335	0.0000	6124.1170	0.2394	0.0000	0.4980	0.0000	0.0000	0.0000	0.4763	0.0000	0.4982	0.0005	0.0007	0.0001	0.0017	0.0018	0.0002	0.0000	0.0000	0.0001	inf	0.0681	0.0000	-0.0000	0.0095	0.0001	5.0631	1.7968	0.0000	0.0000	0.0000	0.0000	0.0000	0.0000	0.0000	0.0000	0.0000	0.0000	0.0000	0.0000	0.0000	0.0000	0.0000	0.0000	0.0000	0.0000	0.0000	0.0000	0.0000	0.0000	0.0000	0.0000	0.0000	0.0000	0.0000	0.0158	0.0101	0.0057	0.0041	0.0040	0.0001	0.0117	0.0061	0.0056	505.7144	0.0000	5924.9586	0.0000	0.0000	0.0000	12175.9335	0.0000	6124.1170	0.0005	0.0007	0.0001	0.0017	0.0018	0.0002	0.0000	0.0000	0.0001
38	53	0.1469	7	2	1	1	0	0	0	0	0	Y	N	N	N	N	N	N	N	N	N	N	N	11811.0253	5916746.2632	1.4933	1001.1225	241887.6592	0.0000	31951.3601	inf	7.9530	0.9243	1.1492	0.0003	0.0834	0.1075	0.0000	2.4333	2.8461	0.0013	0.0001	0.0000	0.0002	0.0001	0.0000	0.0026	0.0001	0.0000	0.0002	0.0001	620.2069	-0.0003	0.0000	0.0095	1.8240	5.0631	0.8872	0.0009	0.0009	0.0000	0.0001	0.0001	0.0000	0.0008	0.0008	0.0000	0.0000	0.0000	0.0000	0.0000	0.0000	0.0000	0.0000	0.0000	0.0000	0.0010	0.0008	0.0002	0.0006	0.0005	0.0001	0.0003	0.0003	0.0001	0.0230	0.0149	0.0081	0.0067	0.0065	0.0002	0.0163	0.0084	0.0079	11811.0253	5916746.2632	1.4933	1001.1225	241887.6592	0.0000	31951.3601	inf	7.9530	0.0001	0.0000	0.0002	0.0001	0.0000	0.0026	0.0001	0.0000	0.0002
38	54	0.2310	19	1	1	1	1	0	0	0	0	N	N	N	N	N	N	N	N	N	N	N	N	0.0000	0.0000	0.0000	0.0000	0.0000	0.0000	0.0000	0.0000	0.0000	0.0000	0.0000	0.0000	0.0000	0.0000	0.0000	0.0000	0.1794	0.0000	0.4973	0.0000	0.0000	0.0000	0.2506	0.0000	0.5242	332222.7473	0.0000	0.0028	0.0095	0.0007	5.0631	4.7762	0.0000	0.0000	0.0000	0.0000	0.0000	0.0000	0.0000	0.0000	0.0000	0.0062	0.0000	0.0062	0.0000	0.0000	0.0000	0.0062	0.0000	0.0062	0.0000	0.0000	0.0000	0.0000	0.0000	0.0000	0.0000	0.0000	0.0000	0.0344	0.0220	0.0124	0.0098	0.0091	0.0006	0.0247	0.0129	0.0118	0.0000	0.0000	0.0000	0.0000	0.0000	0.0000	0.0000	0.0000	0.0000	0.1794	0.0000	0.4973	0.0000	0.0000	0.0000	0.2506	0.0000	0.5242			
38	55	0.2310	19	1	0	1	1	0	0	0	0	N	N	N	N	N	N	N	N	N	N	N	N	0.0000	0.0000	0.0000	0.0000	0.0000	0.0000	0.0000	0.0000	0.0000	0.0000	0.0000	0.0000	0.0000	0.0000	0.0000	0.0000	0.0000	39.5232	60.7504	0.0023	152.7509	150.5951	0.0230	0.0006	0.0000	0.0012	0.0000	0.0000	-0.5378	0.0095	0.0007	5.0631	3.2259	0.0000	0.0000	0.0000	0.0000	0.0000	0.0000	0.0000	0.0000	0.0000	0.9905	0.9905	0.0000	0.9905	0.9905	0.0000	0.0000	0.0000	0.0000	0.0000	0.0000	0.0000	0.0000	0.0000	0.0000	0.0000	0.0000	0.0000	0.0251	0.0163	0.0088	0.0075	0.0070	0.0004	0.0176	0.0093	0.0083	0.0000	0.0000	0.0000	0.0000	0.0000	0.0000	0.0000	0.0000	0.0000	39.5232	60.7504	0.0023	132.5229	140.6765	0.0230	0.0006	0.0000	0.0012		
38	56	0.2266	18	1	0	1	1	0	0	0	0	N	N	N	N	N	N	N	N	N	N	N	N	0.0000	0.0000	0.0000	0.0000	0.0000	0.0000	0.0000	0.0000	0.0000	0.0000	0.0000	0.0000	0.0000	0.0000	0.0000	0.0000	0.0000	0.3561	0.4833	0.1045	1.0531	1.1139	0.0001	0.0505	0.0000	0.1099	0.1093	0.0000	-0.0030	0.0095	0.9953	5.0631	1.3904	0.0000	0.0000	0.0000	0.0000	0.0000	0.0000	0.0000	0.0000	0.0000	0.0069	0.0062	0.0007	0.0062	0.0062	0.0000	0.0007	0.0000	0.0007	0.0002	0.0002	0.0000	0.0001	0.0001	0.0000	0.0001	0.0001	0.0000	0.0192	0.0128	0.0065	0.0059	0.0055	0.0003	0.0134	0.0072	0.0061	0.0000	0.0000	0.0000	0.0000	0.0000	0.0000	0.0000	0.0000	0.0000	0.3561	0.4833	0.1045	1.0531	1.1139	0.0001	0.0505	0.0000	0.1099		
38	57	0.2199	17	1	0	1	1	0	0	0	0	N	N	N	N	N	N	N	N	N	N	N	N	0.0045	0.1973	0.0000	0.0000	0.0000	0.0000	0.0060	inf	0.0000	0.0073	0.0085	0.0000	0.0000	0.0000	0.0000	0.0135	0.0167	0.0000	1.6210	0.0429	4.1862	0.0908	0.0964	0.0000	2.2533	0.0000	4.3841	0.0000	60.0949	-0.0000	0.0179	0.0095	0.0068	5.0631	3.2797	0.0000	0.0000	0.0000	0.0000	0.0000	0.0000	0.0000	0.0000	0.0000	0.0406	0.0007	0.0399	0.0007	0.0007	0.0000	0.0399	0.0000	0.0399	0.0000	0.0000	0.0000	0.0000	0.0000	0.0000	0.0000	0.0000	0.0000	0.0250	0.0155	0.0095	0.0073	0.0069	0.0004	0.0177	0.0086	0.0091	0.0045	0.1973	0.0000	0.0000	0.0000	0.0000	0.0060	inf	0.0000	1.6210	0.0429	4.1862	0.0908	0.0964	0.0000	2.2533	0.0000	4.3841
38	58	0.1788	16	1	0	1	1	0	0	0	0	N	N	N	N	N	N	N	N	N	N	N	N	0.0446	357.4264	0.0000	92.1179	132.7862	0.0000	0.0338	inf	0.0000	0.5979	0.7777	0.0000	0.5761	0.6732	0.0000	0.6224	0.9270	0.0000	13.4099	0.0022	68.6635	0.0063	0.0051	0.0281	18.4006	0.0000	67.5753	0.0000	10276.7322	-0.0005	0.8805	0.0095	5.8573	5.0631	13.1443	0.0013	0.0013	0.0000	0.0007	0.0007	0.0000	0.0006	0.0006	0.0000	1.9269	0.0002	1.9268	0.0002	0.0002	0.0001	1.9267	0.0000	1.9267	0.0022	0.0017	0.0005	0.0011	0.0010	0.0002	0.0010	0.0007	0.0003	0.1437	0.0862	0.0575	0.0390	0.0370	0.0020	0.1047	0.0492	0.0555	0.0446	357.4264	0.0000	92.1179	132.7862	0.0000	0.0338	inf	0.0000	13.4099	0.0022	33.4935	0.0063	0.0051	0.0281	18.4006	0.0000	34.7022
38	59	0.1013	10	1	1	2	0	0	0	0	0	N	N	Y	N	N	N	N	N	N	N	N	N	1.8314	0.0000	4.9653	0.0000	0.0000	0.0000	24.2605	0.0000	49.9682	0.0139	0.0000	0.0996	0.0000	0.0000	0.0000	0.0234	0.0000	0.1042	0.0076	0.0004	0.0201	0.0283	0.0011	0.6172	0.0010	0.0000	0.0021	inf	28.3271	0.0000	0.0001	0.0095	0.9979	5.0631	4.0614	0.0000	0.0000	0.0000	0.0000	0.0000	0.0000	0.0000	0.0000	0.0000	0.0003	0.0000	0.0003	0.0003	0.0000	0.0002	0.0000	0.0000	0.0000	0.0002	0.0002	0.0000	0.0001	0.0001	0.0000	0.0001	0.0001	0.0000	0.0378	0.0240	0.0138	0.0092	0.0086	0.0006	0.0286	0.0154	0.0132	1.8314	0.0000	4.9653	0.0000	0.0000	0.0000	24.2605	0.0000	49.9682	0.0076	0.0004	0.0201	0.0283	0.0011	0.4292	0.0010	0.0000	0.0021
38	60	0.0929	9	1	1	1	0	0	0	0	0	N	N	N	N	N	N	N	N	N	N	N	N	165.2848	0.0026	23441.7926	0.0022	0.0013	0.1499	36771.5137	40.9443	88392.4571	1.4721	0.0000	12.0356	0.0001	0.0001	0.0023	2.4893	0.0000	12.7025	0.0089	0.0139	0.0005	0.0396	0.0406	0.0153	0.0001	0.0000	0.0001	45916.2097	0.0220	0.0004	-0.0001	0.0095	2.2356	5.0631	2.2044	0.0006	0.0000	0.0006	0.0000	0.0000	0.0000	0.0006	0.0000	0.0006	0.0003	0.0003	0.0000	0.0003	0.0003	0.0000	0.0000	0.0000	0.0000	0.0004	0.0004	0.0001	0.0002	0.0002	0.0000	0.0003	0.0002	0.0001	0.0318	0.0199	0.0119	0.0071	0.0068	0.0003	0.0247	0.0131	0.0116	165.2848	0.0026	23441.7926	0.0022	0.0013	0.1499	36771.5137	40.9443	88392.4571	0.0089	0.0139	0.0005	0.0396	0.0406	0.0153	0.0001	0.0000	0.0001
38	61	0.0312	5	2	0	2	0	0	0	0	0	Y	N	Y	N	N	N	N	N	N	N	N	N	0.1943	1.3017	0.0000	0.3664	0.4373	0.0000	0.0000	0.0000	0.0004	0.0004	0.0000	0.0010	0.0010	0.0000	0.0000	0.0000	0.0000	0.0018	0.0003	0.0034	0.0026	0.0022	0.0817	0.0018	0.0000	0.0033	0.0000	10.6355	-0.0000	0.0000	0.0095	2.0703	5.0631	7.0012	0.0000	0.0000	0.0000	0.0000	0.0000	0.0000	0.0000	0.0000	0.0000	0.0001	0.0000	0.0001	0.0000	0.0000	0.0000	0.0001	0.0000	0.0001	0.0004	0.0004	0.0000	0.0001	0.0001	0.0000	0.0003	0.0002	0.0000	0.0641	0.0324	0.0316	0.0046	0.0045	0.0000	0.0595	0.0279	0.0316	0.1943	1.3017	0.0000	0.3664	0.4373	0.0000	0.0000	0.0000	0.0000	0.0018	0.0003	0.0034	0.0026	0.0022	0.0817	0.0018	0.0000	0.0033	
38	62	0.0296	4	1	0	1	0	0	0	0	0	N	N	N	N	N	N	N	N	N	N	N	N	0.5304	0.3241	1.3256	0.1232	0.1236	0.0000	0.5171	1.3516	0.0090	0.0095	0.0058	0.0222	0.0223	0.0000	0.0012	0.0000	0.0059	0.0169	0.0292	0.0044	0.1802	0.1808	0.0037	0.0024	0.0000	0.0044	0.0931	0.1461	-0.0000	-0.0001	0.0095	0.9285	5.0631	0.0280	0.0000	0.0000	0.0000	0.0000	0.0000	0.0000	0.0000	0.0000	0.0000	0.0001	0.0001	0.0000	0.0001	0.0001	0.0000	0.0000	0.0000	0.0000	0.0002	0.0002	0.0000	0.0001	0.0001	0.0000	0.0001	0.0001	0.0000	0.0072	0.0036	0.0036	0.0006	0.0006	0.0000	0.0066	0.0031	0.0036	0.5304	0.3241	1.3256	0.1232	0.1236	0.0000	0.5171	0.0000	1.3516	0.0169	0.0292	0.0044	0.1802	0.1808	0.0037	0.0024	0.0000	0.0044	
38	63	0.1158	9	2	1	1	0	0	0	0	0	Y	N	N	N	N	N	N	N	N	N	N	N	18.0767	15.0065	0.0000	1.3557	1.5226	0.0000	213.9148	3273.6966	0.0000	0.0076	0.0088	0.0000	0.0029	0.0032	0.0000	0.0122	0.0151	0.0000	0.0004	0.0006	0.0002	0.0022	0.0021	0.0043	0.0001	0.0000	0.0001	0.0000	0.1842	-0.0000	-0.0000	0.0095	1.0023	5.0631	3.0135	0.0000	0.0000	0.0000	0.0000	0.0000	0.0000	0.0000	0.0000	0.0000	0.0000	0.0000	0.0000	0.0000	0.0000	0.0000	0.0000	0.0000	0.0000	0.0002	0.0002	0.0000	0.0001	0.0001	0.0000	0.0001	0.0001	0.0000	0.0274	0.0166	0.0109	0.0047	0.0046	0.0001	0.0227	0.0120	0.0107	18.0767	15.0065	0.0000	1.3557	1.5226	0.0000	213.9148	3273.6966	0.0000	0.0004	0.0006	0.0002	0.0022	0.0021	0.0043	0.0001	0.0000	0.0001
38	64	0.0894	8	2	1	1	0	0	0	0	0	Y	N	N	N	N	N	N	N	N	N	N	N	23455.1182	25410.3444	25.1666	2216.1512	2219.4535	13.4817	127396.7352	inf	25.2579	0.8286	1.1826	0.0005	0.4134	0.4242	0.0007	1.1884	2.5648	0.0005	0.0000	0.0000	0.0000	0.0002	0.0002	0.0000	0.0000	0.0000	0.0000	0.0002	0.3017	-0.0004	-0.0000	0.0095	3.0820	5.0631	9.3392	0.0011	0.0011	0.0000	0.0002	0.0002	0.0000	0.0008	0.0008	0.0000	0.0000	0.0000	0.0000	0.0000	0.0000	0.0000	0.0000	0.0000	0.0000	0.0013	0.0009	0.0004	0.0006	0.0006	0.0000	0.0007	0.0003	0.0004	0.0781	0.0455	0.0326	0.0115	0.0111	0.0004	0.0666	0.0344	0.0322	23455.1182	25410.3444	25.1666	2216.1512	2219.4535	13.4817	127396.7352	inf	25.2579	0.0000	0.0000	0.0000	0.0002	0.0002	0.0000	0.0000	0.0000	0.0000
38	65	0.0929	9	1	1	1	0	0	0	0	0	N	N	N	N	N	N	N	N	N	N	N	N	49.7434	inf	0.0000	33.4364	inf	0.0000	0.5610	inf	0.0000	0.0060	0.0069	0.0000	0.0147	0.0149	0.0000	0.0000	0.0000	0.0000	0.0001	0.0000	0.0003	0.0004	0.0000	0.0090	0.0000	0.0000	0.0001	0.0000	inf	-0.0000	0.0000	0.0095	1.7946	5.0631	5.9592	0.0000	0.0000	0.0000	0.0000	0.0000	0.0000	0.0000	0.0000	0.0000	0.0000	0.0000	0.0000	0.0000	0.0000	0.0000	0.0000	0.0000	0.0000	0.0004	0.0003	0.0000	0.0001	0.0001	0.0000	0.0002	0.0002	0.0000	0.0507	0.0308	0.0198	0.0102	0.0097	0.0005	0.0405	0.0211	0.0193	49.7434	inf	0.0000	33.4364	inf	0.0000	0.5610	inf	0.0000	0.0001	0.0000	0.0003	0.0004	0.0000	0.0090	0.0000	0.0000	0.0001
38	66	0.0861	8	1	1	1	0	0	0	0	0	N	N	N	N	N	N	N	N	N	N	N	N	32.0720	10.2727	273.7068	0.1528	0.1760	0.0000	330.7301	inf	586.9107	0.0120	0.0048	0.0655	0.0003	0.0003	0.0000	0.0201	0.0086	0.0718	0.0004	0.0005	0.0002	0.0018	0.0016	0.0055	0.0001	0.0000	0.0001	1.8173	0.3637	0.0000	-0.0000	0.0095	1.3569	5.0631	2.0560	0.0000	0.0000	0.0000	0.0000	0.0000	0.0000	0.0000	0.0000	0.0000	0.0000	0.0000	0.0000	0.0000	0.0000	0.0000	0.0000	0.0000	0.0000	0.0003	0.0002	0.0000	0.0001	0.0001	0.0000	0.0002	0.0001	0.0000	0.0224	0.0130	0.0093	0.0041	0.0039	0.0002	0.0183	0.0092	0.0091	32.0720	10.2727	273.7068	0.1528	0.1760	0.0000	330.7301	inf	586.9107	0.0004	0.0005	0.0002	0.0018	0.0016	0.0055	0.0001	0.0000	0.0001
38	67	0.0727	7	1	1	1	0	0	0	0	0	N	N	N	N	N	N	N	N	N	N	N	N	11372.4832	7424.6494	217.1581	8.5388	8.5155	1372030.5540	inf	232.5064	0.4730	0.5337	0.0002	0.0015	0.0015	0.0000	0.7874	0.9543	0.0002	0.0000	0.0001	0.0000	0.0002	0.0002	0.0000	0.0000	0.0000	0.0000	0.0001	0.0107	-0.0002	-0.0000	0.0095	4.9477	5.0631	2.0153	0.0005	0.0005	0.0000	0.0000	0.0000	0.0000	0.0005	0.0005	0.0000	0.0000	0.0000	0.0000	0.0000	0.0000	0.0000	0.0000	0.0000	0.0000	0.0010	0.0009	0.0001	0.0004	0.0004	0.0000	0.0006	0.0005	0.0001	0.0550	0.0315	0.0235	0.0128	0.0124	0.0003	0.0423	0.0191	0.0232	11372.4832	7424.6494	217.1581	8.5388	8.5155	0.0000	1372030.5540	inf	232.5064	0.0000	0.0001	0.0000	0.0002	0.0002	0.0000	0.0000	0.0000	0.0000	
38	68	0.2010	17	1	0	2	0	0	0	0	0	N	N	Y	N	N	N	N	N	N	N	N	N	0.0000	0.0000	0.0000	0.0000	0.0000	0.0000	0.0000	0.0000	0.0000	0.0000	0.0000	0.0000	0.0000	0.0000	0.0000	0.0000	0.0000	0.0000	0.0000	-0.0000	0.0095	0.0000	5.0631	4.0001	0.0000	0.0000	0.0000	0.0000	0.0000	0.0000	0.0000	0.0000	0.0000	0.0000	0.0000	0.0000	0.0000	0.0000	0.0000	0.0000	0.0000	0.0000	0.0000	0.0000	0.0000	0.0000	0.0000	0.0000	0.0000	0.0000	0.0000	0.0263	0.0157	0.0106	0.0062	0.0056	0.0006	0.0200	0.0101	0.0100	0.0000	0.0000	0.0000	0.0000	0.0000	0.0000	0.0000	0.0000	0.0000	0.0000	0.0000	0.0000	0.0000	0.0000	0.0000	0.0000	0.0000	0.0000											
38	69	0.1788	16	1	0	1	0	0	0	0	0	N	N	N	N	N	N	N	N	N	N	N	N	1.4641	0.0000	14.1922	0.2445	0.0000	41.6416	11.5026	0.0000	16.0930	0.5181	0.0000	1.9364	0.2430	0.0000	1.4060	0.8935	0.0000	2.2517	0.3539	0.4995	0.1364	0.9940	1.0378	0.0338	0.0777	0.0000	0.1399	inf	0.1829	0.0005	-0.0145	0.0095	2.8240	5.0631	8.9883	0.0009	0.0000	0.0009	0.0002	0.0000	0.0002	0.0006	0.0000	0.0006	0.0373	0.0315	0.0058	0.0316	0.0315	0.0000	0.0057	0.0000	0.0057	0.0017	0.0012	0.0004	0.0010	0.0008	0.0002	0.0007	0.0004	0.0003	0.1054	0.0631	0.0423	0.0318	0.0304	0.0014	0.0736	0.0327	0.0409	1.4641	0.0000	14.1922	0.2445	0.0000	41.6416	11.5026	0.0000	16.0930	0.3539	0.4995	0.1364	0.9940	1.0378	0.0338	0.0777	0.0000	0.1399
38	70	0.1698	15	1	0	1	0	0	0	0	0	N	N	N	N	N	N	N	N	N	N	N	N	1.4780	1.7649	3.0535	0.2605	0.1410	37.0361	1.9322	812.4533	3.0004	1.4378	0.8618	5.0665	0.1836	0.1006	5.4511	2.2347	1.4677	5.0488	0.9728	0.4883	1.6592	0.7050	0.7138	0.1472	1.1566	0.0018	1.6827	0.9332	2.3986	0.0000	0.0146	0.0095	1.4521	5.0631	3.5882	0.0004	0.0002	0.0002	0.0000	0.0000	0.0000	0.0004	0.0002	0.0002	0.0898	0.0264	0.0634	0.0265	0.0264	0.0001	0.0633	0.0000	0.0633	0.0003	0.0002	0.0000	0.0001	0.0001	0.0000	0.0002	0.0001	0.0000	0.0923	0.0541	0.0382	0.0376	0.0370	0.0006	0.0548	0.0171	0.0376	1.4780	1.7649	3.0535	0.2605	0.1410	37.0361	1.9322	812.4533	3.0004	0.9728	0.4883	1.6592	0.7050	0.7138	0.1472	1.1566	0.0018	1.6827
38	71	0.1671	14	1	0	1	0	0	0	0	0	N	N	N	N	N	N	N	N	N	N	N	N	1.9033	0.0044	7.5043	0.0014	0.0012	0.1992	3.2866	16.5824	7.5689	2.2130	0.0039	11.6183	0.0017	0.0014	0.0304	3.7859	0.0064	11.8260	1.1627	0.8876	1.5482	1.1764	1.1863	0.1526	1.1519	0.0004	1.5624	706.7799	1.2450	0.0004	0.0008	0.0095	1.1783	5.0631	0.9542	0.0006	0.0000	0.0006	0.0000	0.0000	0.0000	0.0006	0.0000	0.0006	0.0713	0.0318	0.0396	0.0318	0.0318	0.0000	0.0395	0.0000	0.0395	0.0003	0.0002	0.0001	0.0001	0.0001	0.0000	0.0002	0.0001	0.0001	0.0614	0.0358	0.0256	0.0270	0.0268	0.0003	0.0343	0.0090	0.0253	1.9033	0.0044	7.5043	0.0014	0.0012	0.1992	3.2866	16.5824	7.5689	1.1627	0.8876	1.5482	1.1764	1.1863	0.1526	1.1519	0.0004	1.5624
38	72	0.1625	13	1	0	1	0	0	0	0	0	N	N	N	N	N	N	N	N	N	N	N	N	0.0535	0.0012	0.2292	0.0004	0.0004	0.0103	0.0650	1.4530	0.2338	0.0360	0.0003	0.2976	0.0001	0.0001	0.0006	0.0589	0.0004	0.3079	0.6724	0.2263	1.2982	0.3277	0.3319	0.0625	0.9063	0.0003	1.3172	147.0109	4.0887	0.0000	0.0111	0.0095	2.0762	5.0631	1.4610	0.0000	0.0000	0.0000	0.0000	0.0000	0.0000	0.0000	0.0000	0.0000	0.0426	0.0084	0.0343	0.0084	0.0084	0.0000	0.0342	0.0000	0.0342	0.0004	0.0003	0.0000	0.0001	0.0001	0.0000	0.0002	0.0002	0.0000	0.0634	0.0370	0.0264	0.0256	0.0252	0.0004	0.0378	0.0118	0.0260	0.0535	0.0012	0.2292	0.0004	0.0004	0.0103	0.0650	1.4530	0.2338	0.6724	0.2263	1.2982	0.3277	0.3319	0.0625	0.9063	0.0003	1.3172
38	73	0.0983	9	1	0	1	0	0	0	0	0	N	N	N	N	N	N	N	N	N	N	N	N	2266.9907	1897.0452	0.0000	192.7815	187.6957	0.0000	59847.1330	30847791.6698	0.0000	0.7356	1.0185	0.0000	0.3840	0.3915	0.0000	1.0259	2.0167	0.0000	0.0003	0.0005	0.0000	0.0020	0.0021	0.0000	0.0000	0.0000	0.0000	0.0000	0.0467	-0.0004	-0.0000	0.0095	4.0673	5.0631	17.8409	0.0011	0.0011	0.0000	0.0003	0.0003	0.0000	0.0008	0.0008	0.0000	0.0000	0.0000	0.0000	0.0000	0.0000	0.0000	0.0000	0.0000	0.0000	0.0014	0.0010	0.0004	0.0007	0.0006	0.0000	0.0008	0.0004	0.0004	0.1284	0.0741	0.0543	0.0200	0.0191	0.0009	0.1084	0.0551	0.0534	2266.9907	1897.0452	0.0000	192.7815	187.6957	0.0000	59847.1330	30847791.6698	0.0000	0.0003	0.0005	0.0000	0.0020	0.0021	0.0000	0.0000	0.0000	0.0000
38	75	0.2350	13	1	0	1	0	0	0	0	0	N	N	N	N	N	N	N	N	N	N	N	N	0.0241	0.0286	0.0376	0.2836	0.0310	13.1784	0.0175	0.0000	0.0253	0.0857	0.0037	0.4005	0.0553	0.0067	0.8660	0.1127	0.0000	0.3316	3.5568	0.1305	10.6596	0.1951	0.2147	0.0657	6.4278	0.0077	13.0842	27.9897	39.4162	0.0001	0.7381	0.0095	3.5843	5.0631	46.7516	0.0001	0.0000	0.0001	0.0000	0.0000	0.0000	0.0001	0.0000	0.0001	1.7075	0.0422	1.6653	0.0432	0.0412	0.0019	1.6644	0.0010	1.6634	0.0012	0.0010	0.0002	0.0006	0.0005	0.0000	0.0006	0.0004	0.0002	0.4801	0.3239	0.1562	0.2211	0.1920	0.0291	0.2589	0.1318	0.1271	0.0241	0.0286	0.0376	0.2836	0.0310	13.1784	0.0175	0.0000	0.0253	3.5568	0.1305	10.6596	0.1951	0.2147	0.0657	6.4278	0.0077	13.0842
38	76	0.0584	7	2	1	2	0	0	0	0	0	Y	N	Y	N	N	N	N	N	N	N	N	N	0.0000	0.0000	0.0000	0.0000	0.0000	0.0000	0.0000	0.0000	0.0000	0.0000	0.0000	0.0000	0.0000	0.0000	0.0000	0.0000	0.0000	0.0000	0.0000	0.0000	0.0000	0.0000	0.0000	0.0000	-0.0000	0.0095	1.0003	5.0631	1.0071	0.0000	0.0000	0.0000	0.0000	0.0000	0.0000	0.0000	0.0000	0.0000	0.0000	0.0000	0.0000	0.0000	0.0000	0.0000	0.0000	0.0000	0.0000	0.0002	0.0002	0.0000	0.0001	0.0001	0.0000	0.0001	0.0001	0.0000	0.0144	0.0076	0.0068	0.0023	0.0021	0.0001	0.0121	0.0054	0.0067	0.0000	0.0000	0.0000	0.0000	0.0000	0.0000	0.0000	0.0000	0.0000	0.0000	0.0000	0.0000	0.0000	0.0000	0.0000	0.0000	0.0000	0.0000						
38	77	0.0517	6	2	0	2	0	0	0	0	0	Y	N	Y	N	N	N	N	N	N	N	N	N	0.4147	0.0000	3.6306	0.2047	0.0000	0.4085	180.2248	422.0861	0.0001	0.0000	0.0006	0.0001	0.0000	0.0073	0.0001	0.0000	0.0003	0.0002	0.0002	0.0002	0.0005	0.0004	0.0179	0.0000	0.0000	0.0000	inf	0.3528	0.0000	-0.0000	0.0095	0.9901	5.0631	2.2068	0.0000	0.0000	0.0000	0.0000	0.0000	0.0000	0.0000	0.0000	0.0000	0.0000	0.0000	0.0000	0.0000	0.0000	0.0000	0.0000	0.0000	0.0000	0.0002	0.0002	0.0000	0.0001	0.0001	0.0000	0.0001	0.0001	0.0000	0.0610	0.0427	0.0183	0.0218	0.0216	0.0002	0.0392	0.0211	0.0181	0.4147	0.0000	3.6306	0.2047	0.0000	0.4085	180.2248	0.0000	422.0861	0.0002	0.0002	0.0002	0.0005	0.0004	0.0179	0.0000	0.0000	0.0000	
38	78	0.1158	10	1	1	1	0	0	0	0	0	N	N	N	N	N	N	N	N	N	N	N	N	1.2345	0.9931	0.0000	0.4149	0.4104	0.0000	52227.6743	1272505.4263	0.0000	0.4021	0.5281	0.0000	0.5802	0.6044	0.0000	0.2583	0.4297	0.0000	0.3257	0.5318	0.0000	1.3986	1.4730	0.0000	0.0000	0.0000	0.0000	0.0000	0.0000	-0.0004	-0.0300	0.0095	8.4371	5.0631	15.3349	0.0010	0.0010	0.0000	0.0007	0.0007	0.0000	0.0004	0.0004	0.0000	0.0552	0.0552	0.0000	0.0552	0.0552	0.0000	0.0000	0.0000	0.0000	0.0026	0.0020	0.0006	0.0012	0.0011	0.0000	0.0014	0.0009	0.0006	0.1695	0.1038	0.0657	0.0395	0.0375	0.0020	0.1300	0.0663	0.0637	1.2345	0.9931	0.0000	0.4149	0.4104	0.0000	52227.6743	1272505.4263	0.0000	0.3257	0.5318	0.0000	1.3986	1.4730	0.0000	0.0000	0.0000	0.0000
38	79	0.0517	6	2	0	2	0	0	0	0	0	Y	N	Y	N	N	N	N	N	N	N	N	N	2.1144	1.5281	1.5185	1.5145	inf	inf	1.2141	1.3971	0.0000	3.3629	3.4098	0.0000	0.0000	0.0000	0.0000	0.5742	0.9142	0.0000	2.2146	2.2514	0.0000	0.0000	0.0000	0.0000	0.0000	0.0000	-0.0002	-0.0302	0.0095	3.0096	5.0631	5.7427	0.0006	0.0006	0.0000	0.0006	0.0006	0.0000	0.0000	0.0000	0.0000	0.0556	0.0556	0.0000	0.0556	0.0556	0.0000	0.0000	0.0000	0.0000	0.0005	0.0005	0.0001	0.0002	0.0002	0.0000	0.0003	0.0003	0.0001	0.0969	0.0609	0.0360	0.0251	0.0247	0.0004	0.0718	0.0361	0.0356	2.1144	1.5281	0.0000	1.5185	1.5145	0.0000	inf	inf	0.0000	0.5742	0.9142	0.0000	2.2146	2.2514	0.0000	0.0000	0.0000	0.0000			
38	80	0.0360	5	2	0	2	0	0	0	0	0	Y	N	Y	N	N	N	N	N	N	N	N	N	0.6684	0.1911	1758.9392	0.0002	0.0001	0.1530	2505.4551	inf	2578.1492	0.0713	0.0383	0.2013	0.0002	0.0001	0.0007	0.1261	0.0770	0.2412	0.1067	0.2004	0.0001	0.7905	0.8030	0.0047	0.0001	0.0000	0.0001	1.3368	0.0005	0.0000	-0.0034	0.0095	1.0477	5.0631	6.1154	0.0000	0.0000	0.0000	0.0000	0.0000	0.0000	0.0000	0.0000	0.0000	0.0062	0.0062	0.0000	0.0062	0.0062	0.0000	0.0000	0.0000	0.0000	0.0003	0.0002	0.0001	0.0001	0.0001	0.0000	0.0001	0.0001	0.0000	0.0581	0.0309	0.0271	0.0078	0.0077	0.0001	0.0502	0.0232	0.0270	0.6684	0.1911	1758.9392	0.0002	0.0001	0.1530	2505.4551	inf	2578.1492	0.1067	0.2004	0.0001	0.7905	0.8030	0.0047	0.0001	0.0000	0.0001
38	81	0.0296	4	1	0	1	0	0	0	0	0	N	N	N	N	N	N	N	N	N	N	N	N	353.5963	95.6751	9284.4527	0.0017	0.0017	0.0000	6060.6192	inf	9474.0450	2.8873	1.4174	13.1083	0.0002	0.0002	0.0000	4.5652	2.4332	13.3773	0.0082	0.0148	0.0014	0.1056	0.1061	0.0012	0.0008	0.0000	0.0014	1.3301	0.0938	0.0002	-0.0001	0.0095	1.9794	5.0631	1.0196	0.0011	0.0005	0.0006	0.0000	0.0000	0.0000	0.0011	0.0005	0.0006	0.0002	0.0002	0.0000	0.0002	0.0002	0.0000	0.0000	0.0000	0.0000	0.0004	0.0003	0.0000	0.0001	0.0001	0.0000	0.0002	0.0002	0.0000	0.0218	0.0110	0.0108	0.0015	0.0015	0.0000	0.0203	0.0095	0.0108	353.5963	95.6751	9284.4527	0.0017	0.0017	0.0000	6060.6192	inf	9474.0450	0.0082	0.0148	0.0014	0.1056	0.1061	0.0012	0.0008	0.0000	0.0014
38	82	0.0274	3	1	0	1	0	0	0	0	0	N	N	N	N	N	N	N	N	N	N	N	N	5.9711	1.3471	33.6101	0.5420	0.5433	0.0000	15.7250	inf	34.0404	0.0325	0.0082	0.1615	0.0182	0.0183	0.0000	0.0411	0.0002	0.1637	0.0055	0.0061	0.0048	0.0335	0.0336	0.0023	0.0026	0.0000	0.0048	3.7243	0.7720	0.0000	-0.0000	0.0095	1.0114	5.0631	0.0202	0.0000	0.0000	0.0000	0.0000	0.0000	0.0000	0.0000	0.0000	0.0000	0.0000	0.0000	0.0000	0.0000	0.0000	0.0000	0.0000	0.0000	0.0000	0.0002	0.0002	0.0000	0.0001	0.0001	0.0000	0.0001	0.0001	0.0000	0.0080	0.0041	0.0040	0.0007	0.0007	0.0000	0.0073	0.0033	0.0040	5.9711	1.3471	33.6101	0.5420	0.5433	0.0000	15.7250	inf	34.0404	0.0055	0.0061	0.0048	0.0335	0.0336	0.0023	0.0026	0.0000	0.0048
38	84	0.1357	12	1	1	1	0	0	0	0	0	N	N	N	N	N	N	N	N	N	N	N	N	33.8198	0.0000	295.0626	2.6307	0.0000	158.4827	144.9481	338.9449	0.0152	0.0000	0.1118	0.0037	0.0000	0.3153	0.0225	0.0000	0.1048	0.0005	0.0005	0.0004	0.0014	0.0014	0.0020	0.0002	0.0000	0.0003	inf	0.5056	0.0000	-0.0000	0.0095	7.1084	5.0631	28.8937	0.0000	0.0000	0.0000	0.0000	0.0000	0.0000	0.0000	0.0000	0.0000	0.0001	0.0001	0.0000	0.0001	0.0001	0.0000	0.0000	0.0000	0.0000	0.0014	0.0012	0.0002	0.0005	0.0005	0.0000	0.0009	0.0007	0.0002	0.2390	0.1437	0.0954	0.0567	0.0527	0.0040	0.1824	0.0909	0.0914	33.8198	0.0000	295.0626	2.6307	0.0000	158.4827	144.9481	0.0000	338.9449	0.0005	0.0005	0.0004	0.0014	0.0014	0.0020	0.0002	0.0000	0.0003	
38	85	0.1282	11	1	1	1	0	0	0	0	0	N	N	N	N	N	N	N	N	N	N	N	N	43.2859	4.9290	112.9513	5.9246	3.5912	56.1018	132.5277	2.0890	118.0739	0.1950	0.0210	0.5625	0.0508	0.0301	0.7814	0.3288	0.0008	0.5532	0.0045	0.0043	0.0050	0.0086	0.0084	0.0139	0.0025	0.0004	0.0047	12.6628	0.5863	0.0001	-0.0001	0.0095	2.2208	5.0631	3.9129	0.0002	0.0000	0.0002	0.0000	0.0000	0.0000	0.0002	0.0000	0.0002	0.0003	0.0002	0.0001	0.0002	0.0002	0.0000	0.0001	0.0000	0.0001	0.0012	0.0008	0.0004	0.0006	0.0006	0.0000	0.0006	0.0003	0.0004	0.0717	0.0477	0.0240	0.0239	0.0231	0.0008	0.0479	0.0246	0.0232	43.2859	4.9290	112.9513	5.9246	3.5912	56.1018	132.5277	2.0890	118.0739	0.0045	0.0043	0.0050	0.0086	0.0084	0.0139	0.0025	0.0004	0.0047
38	86	0.2037	13	1	0	2	0	0	0	0	0	N	N	Y	N	N	N	N	N	N	N	N	N	0.0394	2.7331	0.0000	0.4264	2.4181	0.0000	0.0001	inf	0.0000	0.0042	0.0047	0.0000	0.0103	0.0104	0.0000	0.0000	0.0000	0.0000	0.1060	0.0017	0.2795	0.0241	0.0043	0.2973	0.1364	0.0000	0.2792	0.0000	96.8475	-0.0000	0.0039	0.0095	5.3425	5.0631	7.0749	0.0000	0.0000	0.0000	0.0000	0.0000	0.0000	0.0000	0.0000	0.0000	0.0088	0.0001	0.0087	0.0005	0.0001	0.0005	0.0083	0.0000	0.0083	0.0011	0.0009	0.0001	0.0004	0.0004	0.0000	0.0006	0.0005	0.0001	0.0831	0.0519	0.0312	0.0225	0.0209	0.0016	0.0606	0.0310	0.0296	0.0394	2.7331	0.0000	0.4264	2.4181	0.0000	0.0001	inf	0.0000	0.1060	0.0017	0.2795	0.0241	0.0043	0.2848	0.1364	0.0000	0.2792
38	87	0.1605	12	1	0	1	0	0	0	0	0	N	N	N	N	N	N	N	N	N	N	N	N	0.0750	10.1247	0.0001	6.6295	9.1662	0.0034	0.0001	0.0617	0.0001	0.3791	0.4929	0.0021	0.8479	0.8716	0.0025	0.0011	0.0004	0.0021	5.0555	0.0487	14.0525	0.1279	0.0951	0.7326	7.5123	0.0065	15.1421	0.0013	160.6286	-0.0003	0.4303	0.0095	7.0719	5.0631	13.7350	0.0008	0.0008	0.0000	0.0008	0.0008	0.0000	0.0000	0.0000	0.0000	0.9545	0.0059	0.9486	0.0080	0.0055	0.0025	0.9465	0.0004	0.9461	0.0021	0.0017	0.0005	0.0010	0.0009	0.0000	0.0012	0.0007	0.0005	0.1888	0.1213	0.0675	0.0628	0.0578	0.0050	0.1260	0.0635	0.0625	0.0750	10.1247	0.0001	6.6295	9.1662	0.0049	0.0001	0.0617	0.0001	5.0555	0.0487	14.0525	0.1279	0.0951	0.5051	7.5123	0.0065	15.1421
38	88	0.1031	10	2	0	2	0	0	0	0	0	Y	N	Y	N	N	N	N	N	N	N	N	N	0.0000	0.0000	0.0000	0.0000	0.0000	0.0000	0.0000	0.0000	0.0000	0.0000	0.0000	0.0000	0.0000	0.0000	0.0000	0.0000	0.0000	0.0000	0.0000	0.0000	0.0095	0.0000	5.0631	0.0000	0.0000	0.0000	0.0000	0.0000	0.0000	0.0000	0.0000	0.0000	0.0000	0.0000	0.0000	0.0000	0.0000	0.0000	0.0000	0.0000	0.0000	0.0000	0.0000	0.0000	0.0000	0.0000	0.0000	0.0000	0.0000	0.0000	0.0000	0.0000	0.0000	0.0000	0.0000	0.0000	0.0000	0.0000	0.0000	0.0000	0.0000	0.0000	0.0000	0.0000	0.0000	0.0000	0.0000	0.0000	0.0000	0.0000	0.0000	0.0000	0.0000	0.0000	0.0000	0.0000	0.0000	0.0000											
38	89	0.1011	9	2	0	2	0	0	0	0	0	Y	N	Y	N	N	N	N	N	N	N	N	N	4553.9978	3063.9325	0.0000	0.0000	7363.7460	3547.2923	0.2394	0.0000	0.4980	0.0000	0.0000	0.0000	0.4763	0.0000	0.4982	0.0001	0.0000	0.0002	0.0000	0.0000	0.0015	0.0001	0.0000	0.0001	inf	inf	0.0000	0.0000	0.0095	0.0001	5.0631	0.9161	0.0000	0.0000	0.0000	0.0000	0.0000	0.0000	0.0000	0.0000	0.0000	0.0000	0.0000	0.0000	0.0000	0.0000	0.0000	0.0000	0.0000	0.0000	0.0000	0.0000	0.0000	0.0000	0.0000	0.0000	0.0000	0.0000	0.0000	0.0103	0.0069	0.0033	0.0032	0.0031	0.0001	0.0071	0.0038	0.0033	4553.9978	0.0000	3063.9325	0.0000	0.0000	0.0000	7363.7460	0.0000	3547.2923	0.0001	0.0000	0.0002	0.0000	0.0000	0.0015	0.0001	0.0000	0.0001			
38	90	0.0764	8	2	0	2	0	0	0	0	0	Y	N	Y	N	N	N	N	N	N	N	N	N	422.2914	297.2351	1469.8460	120.8520	205.6618	0.0000	581.1038	1563.8822	8.0180	0.0051	66.6303	0.0109	0.0111	0.0000	13.6251	0.0000	72.0269	0.0190	0.0000	0.0453	0.0001	0.0001	0.0011	0.0234	0.0000	0.0461	1791.9972	1908.6917	0.0039	0.0007	0.0095	3.7876	5.0631	7.8440	0.0064	0.0000	0.0064	0.0000	0.0000	0.0000	0.0064	0.0000	0.0064	0.0015	0.0000	0.0015	0.0000	0.0000	0.0000	0.0015	0.0000	0.0015	0.0008	0.0007	0.0001	0.0003	0.0003	0.0000	0.0005	0.0004	0.0001	0.0775	0.0451	0.0325	0.0148	0.0143	0.0005	0.0627	0.0308	0.0319	422.2914	297.2351	1469.8460	120.8520	205.6618	0.0000	581.1038	0.0000	1563.8822	0.0190	0.0000	0.0453	0.0001	0.0001	0.0011	0.0234	0.0000	0.0461	
38	91	0.1087	10	1	1	1	1	0	0	0	0	N	N	N	N	N	N	N	N	N	N	N	N	6.3609	5.4665	5428199.8443	4.1840	3.9784	inf	3.0137	0.0000	5127296.4710	4.6790	6.7845	1.4265	8.5817	8.6550	3.7812	1.0313	0.0000	1.3821	0.7356	1.2411	0.0000	2.0511	2.1755	0.0000	0.3422	0.7382	0.0000	0.1361	0.0000	-0.0019	-0.0504	0.0095	1.8247	5.0631	16.3284	0.0071	0.0062	0.0009	0.0063	0.0062	0.0000	0.0008	0.0000	0.0008	0.0928	0.0928	0.0000	0.0596	0.0596	0.0000	0.0332	0.0332	0.0000	0.0015	0.0009	0.0006	0.0007	0.0007	0.0000	0.0008	0.0002	0.0006	0.1261	0.0748	0.0514	0.0290	0.0274	0.0017	0.0971	0.0474	0.0497	6.3609	5.4665	5428199.8443	4.1840	3.9784	inf	3.0137	0.0000	5127296.4710	0.7356	1.2411	0.0000	2.0511	2.1755	0.0000	0.3422	0.7012	0.0000
38	92	0.0983	9	1	1	1	0	0	0	0	0	N	N	N	N	N	N	N	N	N	N	N	N	319.5526	244.5504	0.0000	119.9995	116.3810	0.0000	0.7744	316.1052	0.0000	0.0917	0.1162	0.0000	0.2138	0.2174	0.0000	0.0000	0.0000	0.0000	0.0003	0.0005	0.0000	0.0018	0.0019	0.0000	0.0000	0.0000	0.0000	0.0000	0.0466	-0.0001	-0.0000	0.0095	9.1310	5.0631	16.1726	0.0002	0.0002	0.0000	0.0002	0.0002	0.0000	0.0000	0.0000	0.0000	0.0000	0.0000	0.0000	0.0000	0.0000	0.0000	0.0000	0.0000	0.0000	0.0023	0.0018	0.0005	0.0010	0.0010	0.0000	0.0013	0.0008	0.0005	0.1456	0.0840	0.0616	0.0224	0.0214	0.0010	0.1232	0.0627	0.0605	319.5526	244.5504	0.0000	119.9995	116.3810	0.0000	0.7744	316.1052	0.0000	0.0003	0.0005	0.0000	0.0018	0.0019	0.0000	0.0000	0.0000	0.0000
38	93	0.1832	15	1	1	1	0	0	0	0	0	N	N	N	N	N	N	N	N	N	N	N	N	0.0140	0.0097	0.0000	0.0119	0.0112	0.0000	0.0000	0.0000	0.0000	0.0009	0.0010	0.0000	0.0022	0.0022	0.0000	0.0000	0.0000	0.0000	0.0633	0.1036	0.0000	0.1859	0.1995	0.0000	0.0000	0.0000	0.0000	0.0000	0.0000	-0.0000	-0.0039	0.0095	4.0959	5.0631	8.7137	0.0000	0.0000	0.0000	0.0000	0.0000	0.0000	0.0000	0.0000	0.0000	0.0072	0.0072	0.0000	0.0072	0.0072	0.0000	0.0000	0.0000	0.0000	0.0008	0.0007	0.0001	0.0003	0.0003	0.0000	0.0005	0.0004	0.0001	0.1139	0.0695	0.0444	0.0388	0.0361	0.0026	0.0751	0.0334	0.0417	0.0140	0.0097	0.0000	0.0119	0.0112	0.0000	0.0000	0.0000	0.0000	0.0633	0.1036	0.0000	0.1859	0.1995	0.0000	0.0000	0.0000	0.0000
38	94	0.1649	14	1	1	1	0	0	0	0	0	N	N	N	N	N	N	N	N	N	N	N	N	5.4346	9.7843	0.0000	11.4471	11.0674	0.0000	0.0007	0.0939	0.0000	0.7669	0.8726	0.0000	1.9535	1.9726	0.0000	0.0001	0.0001	0.0000	0.1411	0.0892	0.2203	0.1707	0.1782	0.0151	0.1275	0.0012	0.2282	0.0000	1.6198	-0.0002	0.0008	0.0095	2.9443	5.0631	6.1524	0.0004	0.0004	0.0000	0.0004	0.0004	0.0000	0.0000	0.0000	0.0000	0.0106	0.0041	0.0066	0.0041	0.0040	0.0000	0.0066	0.0000	0.0066	0.0006	0.0005	0.0001	0.0002	0.0002	0.0000	0.0003	0.0003	0.0001	0.0754	0.0456	0.0299	0.0237	0.0226	0.0011	0.0517	0.0229	0.0288	5.4346	9.7843	0.0000	11.4471	11.0674	0.0000	0.0007	0.0939	0.0000	0.1411	0.0892	0.2203	0.1707	0.1782	0.0151	0.1275	0.0012	0.2282
38	95	0.1625	13	1	0	1	0	0	0	0	0	N	N	N	N	N	N	N	N	N	N	N	N	0.0097	0.0045	0.0600	0.0075	0.0075	0.0000	0.0163	0.0000	0.0617	0.0024	0.0014	0.0097	0.0030	0.0031	0.0000	0.0020	0.0000	0.0101	0.2453	0.3052	0.1620	0.4084	0.4122	0.0387	0.1197	0.0001	0.1633	0.9787	0.3820	0.0000	-0.0036	0.0095	0.8596	5.0631	1.2300	0.0000	0.0000	0.0000	0.0000	0.0000	0.0000	0.0000	0.0000	0.0000	0.0136	0.0098	0.0037	0.0098	0.0098	0.0000	0.0037	0.0000	0.0037	0.0002	0.0001	0.0000	0.0001	0.0001	0.0000	0.0001	0.0001	0.0000	0.0553	0.0322	0.0231	0.0241	0.0238	0.0002	0.0313	0.0083	0.0229	0.0097	0.0045	0.0600	0.0075	0.0075	0.0000	0.0163	0.0000	0.0617	0.2453	0.3052	0.1620	0.4084	0.4122	0.0387	0.1197	0.0001	0.1633
38	96	0.1506	12	1	0	1	0	0	0	0	0	N	N	N	N	N	N	N	N	N	N	N	N	0.3436	0.0009	2.0133	0.0011	0.0011	0.0000	1.0584	0.0000	2.0396	0.0745	0.0002	0.3656	0.0004	0.0004	0.0000	0.1311	0.0000	0.3757	0.2170	0.2421	0.1816	0.3607	0.3668	0.0290	0.1239	0.0000	0.1842	436.8049	0.5327	0.0000	-0.0042	0.0095	3.7737	5.0631	2.5241	0.0001	0.0000	0.0001	0.0000	0.0000	0.0000	0.0001	0.0000	0.0001	0.0214	0.0139	0.0074	0.0140	0.0139	0.0000	0.0074	0.0000	0.0074	0.0010	0.0008	0.0002	0.0004	0.0004	0.0000	0.0006	0.0004	0.0002	0.0985	0.0576	0.0409	0.0387	0.0380	0.0007	0.0598	0.0196	0.0402	0.3436	0.0009	2.0133	0.0011	0.0011	0.0000	1.0584	0.0000	2.0396	0.2170	0.2421	0.1816	0.3607	0.3668	0.0290	0.1239	0.0000	0.1842
38	97	0.1298	11	1	0	1	0	0	0	0	0	N	N	N	N	N	N	N	N	N	N	N	N	0.5955	0.0086	27.8349	0.0076	0.0075	0.0000	10.5803	0.0146	29.2996	0.2934	0.0065	2.3391	0.0139	0.0141	0.0000	0.4850	0.0001	2.4965	0.4927	0.7528	0.0840	1.8167	1.8974	0.0438	0.0458	0.0056	0.0852	50.6409	0.0711	0.0002	-0.0193	0.0095	6.4922	5.0631	4.5502	0.0004	0.0000	0.0004	0.0000	0.0000	0.0000	0.0004	0.0000	0.0004	0.0405	0.0378	0.0027	0.0377	0.0376	0.0000	0.0028	0.0002	0.0026	0.0012	0.0011	0.0002	0.0005	0.0005	0.0000	0.0007	0.0006	0.0001	0.0822	0.0502	0.0320	0.0207	0.0198	0.0009	0.0614	0.0304	0.0311	0.5955	0.0086	27.8349	0.0076	0.0075	0.0000	10.5803	0.0146	29.2996	0.4927	0.7528	0.0840	1.8167	1.8974	0.0438	0.0458	0.0056	0.0852
38	98	0.0764	8	1	1	1	0	0	0	0	0	N	N	N	N	N	N	N	N	N	N	N	N	31378.2433	35049.3715	0.0000	196.7440	240.9281	0.0000	171958.5957	inf	0.0000	1.4953	1.7288	0.0000	0.0370	0.0385	0.0000	2.6731	3.3953	0.0000	0.0000	0.0000	0.0000	0.0002	0.0002	0.0009	0.0000	0.0000	0.0000	0.0000	0.6638	-0.0002	-0.0000	0.0095	1.3608	5.0631	12.1483	0.0005	0.0005	0.0000	0.0000	0.0000	0.0000	0.0005	0.0005	0.0000	0.0000	0.0000	0.0000	0.0000	0.0000	0.0000	0.0000	0.0000	0.0000	0.0003	0.0003	0.0000	0.0001	0.0001	0.0000	0.0002	0.0001	0.0000	0.0880	0.0511	0.0369	0.0164	0.0157	0.0006	0.0716	0.0353	0.0363	31378.2433	35049.3715	0.0000	196.7440	240.9281	0.0000	171958.5957	inf	0.0000	0.0000	0.0000	0.0000	0.0002	0.0002	0.0009	0.0000	0.0000	0.0000
38	99	0.0727	7	1	0	1	0	0	0	0	0	N	N	N	N	N	N	N	N	N	N	N	N	181.4411	133.9348	526.8187	89.3809	92.6759	313.1347	inf	627.1147	0.0370	0.0272	0.1075	0.0325	0.0341	0.0000	0.0403	0.0214	0.1292	0.0002	0.0002	0.0002	0.0004	0.0004	0.0000	0.0001	0.0000	0.0002	0.5437	0.7523	-0.0000	-0.0000	0.0095	1.5300	5.0631	0.7696	0.0000	0.0000	0.0000	0.0000	0.0000	0.0000	0.0000	0.0000	0.0000	0.0000	0.0000	0.0000	0.0000	0.0000	0.0000	0.0000	0.0000	0.0000	0.0003	0.0003	0.0000	0.0001	0.0001	0.0000	0.0002	0.0002	0.0000	0.0275	0.0157	0.0118	0.0088	0.0087	0.0001	0.0187	0.0070	0.0117	181.4411	133.9348	526.8187	89.3809	92.6759	0.0000	313.1347	inf	627.1147	0.0002	0.0002	0.0002	0.0004	0.0004	0.0000	0.0001	0.0000	0.0002	
38	100	0.0638	6	1	0	1	0	0	0	0	0	N	N	N	N	N	N	N	N	N	N	N	N	180.2654	176.5834	41.4020	88.1540	87.9152	307.6353	inf	43.9789	0.0121	0.0134	0.0023	0.0149	0.0152	0.0000	0.0104	0.0120	0.0025	0.0001	0.0001	0.0001	0.0002	0.0002	0.0000	0.0000	0.0000	0.0001	0.0226	0.6024	-0.0000	-0.0000	0.0095	3.6906	5.0631	1.4800	0.0000	0.0000	0.0000	0.0000	0.0000	0.0000	0.0000	0.0000	0.0000	0.0000	0.0000	0.0000	0.0000	0.0000	0.0000	0.0000	0.0000	0.0000	0.0007	0.0007	0.0001	0.0003	0.0003	0.0000	0.0005	0.0004	0.0001	0.0489	0.0271	0.0218	0.0122	0.0119	0.0003	0.0368	0.0152	0.0215	180.2654	176.5834	41.4020	88.1540	87.9152	0.0000	307.6353	inf	43.9789	0.0001	0.0001	0.0001	0.0002	0.0002	0.0000	0.0000	0.0000	0.0001	
38	101	0.0638	5	1	0	1	0	0	0	0	0	N	N	N	N	N	N	N	N	N	N	N	N	903.5392	1108.7971	162.4035	743.3234	872.5519	1081.6833	inf	338.9031	0.1710	0.1971	0.0329	0.1625	0.1932	0.0000	0.1805	0.2015	0.0694	0.0002	0.0002	0.0002	0.0002	0.0002	0.0000	0.0002	0.0000	0.0002	0.0315	0.9991	-0.0000	-0.0000	0.0095	0.1361	5.0631	0.4500	0.0000	0.0000	0.0000	0.0000	0.0000	0.0000	0.0000	0.0000	0.0000	0.0000	0.0000	0.0000	0.0000	0.0000	0.0000	0.0000	0.0000	0.0000	0.0001	0.0000	0.0000	0.0000	0.0000	0.0000	0.0000	0.0000	0.0000	0.0196	0.0105	0.0092	0.0085	0.0084	0.0001	0.0111	0.0021	0.0091	903.5392	1108.7971	162.4035	743.3234	872.5519	0.0000	1081.6833	inf	338.9031	0.0002	0.0002	0.0002	0.0002	0.0002	0.0000	0.0002	0.0000	0.0002	
38	102	0.0480	4	1	0	1	0	0	0	0	0	N	N	N	N	N	N	N	N	N	N	N	N	28729.4199	26802.7143	0.5177	17813.7533	20087.0769	0.0000	121.6382	inf	0.7407	7.3133	8.7495	0.0001	16.9442	17.0710	0.0000	0.0084	0.0117	0.0001	0.0003	0.0003	0.0002	0.0010	0.0008	0.0254	0.0001	0.0000	0.0001	0.0000	0.4295	-0.0024	-0.0000	0.0095	3.5591	5.0631	4.5341	0.0063	0.0063	0.0000	0.0063	0.0063	0.0000	0.0000	0.0000	0.0000	0.0000	0.0000	0.0000	0.0000	0.0000	0.0000	0.0000	0.0000	0.0000	0.0009	0.0007	0.0001	0.0004	0.0004	0.0000	0.0005	0.0004	0.0001	0.0759	0.0414	0.0345	0.0160	0.0159	0.0001	0.0600	0.0255	0.0344	28729.4199	26802.7143	0.5177	17813.7533	20087.0769	0.0000	121.6382	inf	0.7407	0.0003	0.0003	0.0002	0.0010	0.0008	0.0254	0.0001	0.0000	0.0001
38	104	0.1847	13	1	1	1	0	0	0	0	0	N	N	N	N	N	N	N	N	N	N	N	N	8.4613	14.6468	0.0000	0.7654	1.0817	0.0000	33.0466	78705.0819	0.0000	0.0674	0.0806	0.0000	0.0098	0.0116	0.0000	0.1482	0.1813	0.0000	0.0080	0.0055	0.0159	0.0129	0.0107	0.0487	0.0045	0.0000	0.0123	0.0000	0.8950	-0.0000	-0.0000	0.0095	0.0277	5.0631	1.3445	0.0000	0.0000	0.0000	0.0000	0.0000	0.0000	0.0000	0.0000	0.0000	0.0002	0.0001	0.0001	0.0001	0.0001	0.0000	0.0000	0.0000	0.0000	0.0000	0.0000	0.0000	0.0000	0.0000	0.0000	0.0000	0.0000	0.0000	0.0190	0.0145	0.0045	0.0079	0.0075	0.0004	0.0111	0.0071	0.0041	8.4613	14.6468	0.0000	0.7654	1.0817	0.0000	33.0466	78705.0819	0.0000	0.0080	0.0055	0.0159	0.0129	0.0107	0.0487	0.0045	0.0000	0.0123
38	105	0.1380	12	1	1	1	0	0	0	0	0	N	N	N	N	N	N	N	N	N	N	N	N	51.8005	566.3805	0.0000	21.8647	24.5749	0.0000	71.0900	3702.0789	0.0000	1.0387	1.1839	0.0000	0.1182	0.1220	0.0000	1.7312	2.1423	0.0000	0.0201	0.0021	0.0493	0.0054	0.0050	0.0125	0.0244	0.0006	0.0506	0.0000	14.4868	-0.0004	0.0010	0.0095	5.1414	5.0631	16.4151	0.0011	0.0011	0.0000	0.0001	0.0001	0.0000	0.0010	0.0010	0.0000	0.0026	0.0002	0.0024	0.0002	0.0001	0.0000	0.0024	0.0000	0.0024	0.0010	0.0009	0.0001	0.0004	0.0004	0.0000	0.0006	0.0005	0.0001	0.1280	0.0793	0.0487	0.0291	0.0273	0.0017	0.0990	0.0520	0.0470	51.8005	566.3805	0.0000	21.8647	24.5749	0.0000	71.0900	3702.0789	0.0000	0.0201	0.0021	0.0493	0.0054	0.0050	0.0125	0.0244	0.0006	0.0506
38	106	0.1298	11	1	0	1	0	0	0	0	0	N	N	N	N	N	N	N	N	N	N	N	N	0.2630	0.9427	0.1084	0.5019	0.5736	0.0580	0.2148	2.2999	0.1125	0.0232	0.0235	0.0208	0.0240	0.0243	0.0120	0.0226	0.0229	0.0215	0.0881	0.0249	0.1916	0.0477	0.0423	0.2063	0.1052	0.0099	0.1912	0.1281	4.6861	-0.0000	0.0013	0.0095	3.8974	5.0631	1.6364	0.0000	0.0000	0.0000	0.0000	0.0000	0.0000	0.0000	0.0000	0.0000	0.0045	0.0008	0.0037	0.0007	0.0006	0.0001	0.0038	0.0002	0.0036	0.0008	0.0007	0.0001	0.0003	0.0003	0.0000	0.0005	0.0004	0.0001	0.0513	0.0319	0.0194	0.0153	0.0148	0.0005	0.0361	0.0171	0.0189	0.2630	0.9427	0.1084	0.5019	0.5736	0.0580	0.2148	2.2999	0.1125	0.0881	0.0249	0.1916	0.0477	0.0423	0.2063	0.1052	0.0099	0.1912
38	107	0.1087	10	1	0	1	0	0	0	0	0	N	N	N	N	N	N	N	N	N	N	N	N	0.0214	0.3884	0.0036	0.9952	1.0355	0.0272	0.0118	0.0384	0.0039	0.2672	0.3105	0.2152	0.3330	0.3380	0.0184	0.2008	0.0466	0.2186	12.4874	0.7994	59.8316	0.3346	0.3264	0.6761	16.9615	1.2145	56.5830	0.5767	25.1300	-0.0000	0.4322	0.0095	0.3701	5.0631	9.6236	0.0003	0.0002	0.0001	0.0002	0.0002	0.0000	0.0001	0.0000	0.0001	1.0322	0.0395	0.9927	0.0074	0.0069	0.0006	1.0247	0.0326	0.9921	0.0013	0.0007	0.0006	0.0006	0.0006	0.0000	0.0006	0.0001	0.0006	0.0827	0.0494	0.0332	0.0222	0.0210	0.0012	0.0604	0.0284	0.0320	0.0214	0.3884	0.0072	0.9952	1.0355	0.0385	0.0118	0.0405	0.0071	12.4874	0.7994	29.8602	0.3346	0.3264	0.4774	16.9615	1.1500	30.9693
38	108	0.0983	9	1	0	1	0	0	0	0	0	N	N	N	N	N	N	N	N	N	N	N	N	0.0216	0.0139	1.5211	2.3468	2.2608	1715.4503	0.0124	0.0003	1.4673	0.5712	0.6254	0.4968	0.7390	0.7365	0.8395	0.4025	0.0181	0.4865	26.3945	44.9196	0.3266	0.3149	0.3258	0.0005	32.4155	64.9678	0.3316	0.5785	0.0052	-0.0000	-0.5226	0.0095	0.4415	5.0631	4.8853	0.0005	0.0003	0.0002	0.0003	0.0003	0.0000	0.0002	0.0000	0.0002	0.9718	0.9668	0.0050	0.0022	0.0022	0.0000	0.9696	0.9646	0.0050	0.0008	0.0005	0.0003	0.0004	0.0004	0.0000	0.0004	0.0001	0.0003	0.0368	0.0215	0.0153	0.0069	0.0067	0.0002	0.0299	0.0148	0.0151	0.0216	0.0139	1.5211	2.3468	2.2608	1715.4503	0.0124	0.0003	1.4673	26.3945	44.9196	0.3266	0.3149	0.3258	0.0005	32.4155	64.9678	0.3316
38	109	0.1207	8	2	1	1	1	0	0	0	0	Y	N	N	N	N	N	N	N	N	N	N	N	0.0000	0.0000	0.0000	0.0000	0.0000	0.0000	0.0000	0.0000	0.0000	0.0000	0.0000	0.0000	0.0000	0.0000	0.0000	0.0000	0.0000	0.0000	0.0000	0.0000	0.0095	0.0000	5.0631	0.0000	0.0000	0.0000	0.0000	0.0000	0.0000	0.0000	0.0000	0.0000	0.0000	0.0000	0.0000	0.0000	0.0000	0.0000	0.0000	0.0000	0.0000	0.0000	0.0000	0.0000	0.0000	0.0000	0.0000	0.0000	0.0000	0.0000	0.0000	0.0000	0.0000	0.0000	0.0000	0.0000	0.0000	0.0000	0.0000	0.0000	0.0000	0.0000	0.0000	0.0000	0.0000	0.0000	0.0000	0.0000	0.0000	0.0000	0.0000	0.0000	0.0000	0.0000	0.0000	0.0000	0.0000	0.0000											
38	110	0.1057	7	2	1	1	1	0	0	0	0	Y	N	N	N	N	N	N	N	N	N	N	N	0.0000	0.0000	0.0000	0.0000	0.0000	0.0000	0.0000	0.0000	0.0000	0.0000	0.0000	0.0000	0.0000	0.0002	0.0000	0.0005	0.0012	0.0000	0.0131	0.0000	0.0000	0.0000	inf	0.0000	0.0000	0.0095	0.0000	5.0631	7.1240	0.0000	0.0000	0.0000	0.0000	0.0000	0.0000	0.0000	0.0000	0.0000	0.0000	0.0000	0.0000	0.0000	0.0000	0.0000	0.0000	0.0000	0.0000	0.0000	0.0000	0.0000	0.0000	0.0000	0.0000	0.0000	0.0000	0.0000	0.0495	0.0278	0.0217	0.0085	0.0078	0.0008	0.0409	0.0200	0.0209	0.0000	0.0000	0.0000	0.0000	0.0000	0.0000	0.0000	0.0000	0.0000	0.0002	0.0000	0.0005	0.0012	0.0000	0.0131	0.0000	0.0000	0.0000						
38	111	0.1147	9	1	1	1	1	0	0	0	0	N	N	N	N	N	N	N	N	N	N	N	N	0.0000	0.0000	0.0000	0.0000	0.0000	0.0000	0.0000	0.0000	0.0000	0.0000	0.0000	0.0000	0.0000	0.0000	0.0000	0.0000	0.0000	0.0000	0.0000	-0.0000	0.0095	0.0016	5.0631	5.0076	0.0000	0.0000	0.0000	0.0000	0.0000	0.0000	0.0000	0.0000	0.0000	0.0000	0.0000	0.0000	0.0000	0.0000	0.0000	0.0000	0.0000	0.0000	0.0000	0.0000	0.0000	0.0000	0.0000	0.0000	0.0000	0.0000	0.0000	0.0339	0.0192	0.0147	0.0067	0.0058	0.0010	0.0272	0.0135	0.0137	0.0000	0.0000	0.0000	0.0000	0.0000	0.0000	0.0000	0.0000	0.0000	0.0000	0.0000	0.0000	0.0000	0.0000	0.0000	0.0000	0.0000	0.0000											
38	112	0.1078	8	1	1	1	1	0	0	0	0	N	N	N	N	N	N	N	N	N	N	N	N	0.0000	0.0000	0.0000	0.0000	0.0000	0.0000	0.0000	0.0000	0.0000	0.0000	0.0000	0.0000	0.0000	0.0000	0.0000	0.0000	0.0000	0.0000	0.0000	-0.0000	0.0095	1.0012	5.0631	2.1373	0.0000	0.0000	0.0000	0.0000	0.0000	0.0000	0.0000	0.0000	0.0000	0.0000	0.0000	0.0000	0.0000	0.0000	0.0000	0.0000	0.0000	0.0000	0.0002	0.0002	0.0000	0.0001	0.0001	0.0000	0.0001	0.0001	0.0000	0.0239	0.0136	0.0103	0.0051	0.0046	0.0005	0.0188	0.0090	0.0098	0.0000	0.0000	0.0000	0.0000	0.0000	0.0000	0.0000	0.0000	0.0000	0.0000	0.0000	0.0000	0.0000	0.0000	0.0000	0.0000	0.0000	0.0000											
38	113	0.1161	8	1	1	1	0	0	0	0	0	N	N	N	N	N	N	N	N	N	N	N	N	0.0000	0.0000	0.0000	0.0000	0.0000	0.0000	0.0000	0.0000	0.0000	0.0000	0.0000	0.0000	0.0000	0.0000	0.0000	0.0000	0.0000	0.0000	0.0000	0.0000	0.0000	0.0000	inf	0.0000	0.0000	0.0095	0.9705	5.0631	5.0371	0.0000	0.0000	0.0000	0.0000	0.0000	0.0000	0.0000	0.0000	0.0000	0.0000	0.0000	0.0000	0.0000	0.0000	0.0000	0.0000	0.0000	0.0000	0.0002	0.0002	0.0000	0.0001	0.0001	0.0000	0.0001	0.0001	0.0000	0.0394	0.0224	0.0170	0.0072	0.0065	0.0007	0.0322	0.0159	0.0163	0.0000	0.0000	0.0000	0.0000	0.0000	0.0000	0.0000	0.0000	0.0000	0.0000	0.0000	0.0000	0.0000	0.0000	0.0000	0.0000	0.0000	0.0000						
38	114	0.1078	8	1	0	2	1	0	0	0	0	N	N	Y	N	N	N	N	N	N	N	N	N	0.0000	0.0000	0.0000	0.0000	0.0000	0.0000	0.0000	0.0000	0.0000	0.0000	0.0000	0.0000	0.0000	0.0000	0.0000	0.0000	0.0000	0.0000	0.0000	0.0000	0.0095	0.0000	5.0631	1.1303	0.0000	0.0000	0.0000	0.0000	0.0000	0.0000	0.0000	0.0000	0.0000	0.0000	0.0000	0.0000	0.0000	0.0000	0.0000	0.0000	0.0000	0.0000	0.0000	0.0000	0.0000	0.0000	0.0000	0.0000	0.0000	0.0000	0.0000	0.0105	0.0061	0.0044	0.0027	0.0026	0.0002	0.0077	0.0035	0.0042	0.0000	0.0000	0.0000	0.0000	0.0000	0.0000	0.0000	0.0000	0.0000	0.0000	0.0000	0.0000	0.0000	0.0000	0.0000	0.0000	0.0000	0.0000											
38	115	0.1057	7	1	0	1	1	0	0	0	0	N	N	N	N	N	N	N	N	N	N	N	N	0.0000	0.0000	0.0000	0.0000	0.0000	0.0000	0.0000	0.0000	0.0000	0.0000	0.0000	0.0000	0.0000	0.0000	0.0000	0.0000	0.0000	0.0000	0.0000	0.0000	0.0000	0.0000	0.0000	0.0000	-0.0000	0.0095	0.0000	5.0631	1.2340	0.0000	0.0000	0.0000	0.0000	0.0000	0.0000	0.0000	0.0000	0.0000	0.0000	0.0000	0.0000	0.0000	0.0000	0.0000	0.0000	0.0000	0.0000	0.0000	0.0000	0.0000	0.0000	0.0000	0.0000	0.0000	0.0000	0.0000	0.0113	0.0065	0.0048	0.0028	0.0026	0.0001	0.0085	0.0039	0.0046	0.0000	0.0000	0.0000	0.0000	0.0000	0.0000	0.0000	0.0000	0.0000	0.0000	0.0000	0.0000	0.0000	0.0000	0.0000	0.0000	0.0000	0.0000						
38	116	0.1132	8	1	0	2	1	0	0	0	0	N	N	Y	N	N	N	N	N	N	N	N	N	0.0068	0.0045	0.0025	0.0023	0.0008	0.0009	0.0000	0.0014	0.0015	0.0000	0.0000	0.0000	0.0000	0.1147	0.1913	0.0000	0.5859	0.6474	0.0000	0.0000	0.0000	0.0000	0.0000	0.0000	-0.0000	-0.0008	0.0095	0.9725	5.0631	0.9874	0.0000	0.0000	0.0000	0.0000	0.0000	0.0000	0.0000	0.0000	0.0000	0.0015	0.0015	0.0000	0.0015	0.0015	0.0000	0.0000	0.0000	0.0000	0.0002	0.0002	0.0000	0.0001	0.0001	0.0000	0.0001	0.0001	0.0000	0.0134	0.0081	0.0054	0.0026	0.0024	0.0003	0.0108	0.0057	0.0051	0.0068	0.0045	0.0000	0.0025	0.0023	0.0000	0.0000	0.0000	0.0000	0.1147	0.1913	0.0000	0.5859	0.6474	0.0000	0.0000	0.0000	0.0000					
38	117	0.1132	8	1	0	2	1	0	0	0	0	N	N	Y	N	N	N	N	N	N	N	N	N	0.0004	inf	0.0000	inf	inf	0.0000	0.0000	0.0141	0.0155	0.0000	0.0262	0.0272	0.0000	0.0000	0.0000	0.0000	37.2935	0.0000	205.2961	0.0000	0.0000	0.0000	45.7931	0.0000	228.7389	0.0000	inf	-0.0000	0.4543	0.0095	0.0285	5.0631	4.0215	0.0000	0.0000	0.0000	0.0000	0.0000	0.0000	0.0000	0.0000	0.0000	0.9940	0.0000	0.9940	0.0000	0.0000	0.0000	0.9940	0.0000	0.9940	0.0000	0.0000	0.0000	0.0000	0.0000	0.0000	0.0000	0.0000	0.0000	0.0267	0.0158	0.0109	0.0049	0.0044	0.0005	0.0217	0.0113	0.0104	0.0004	inf	0.0000	inf	inf	0.0000	0.0000	0.0000	0.0000	37.2935	0.0000	91.3388	0.0000	0.0000	0.0000	45.7931	0.0000	95.8343		
38	118	0.1057	7	1	0	2	1	0	0	0	0	N	N	Y	N	N	N	N	N	N	N	N	N	41.9640	9971450.6055	0.0000	8402521.8734	6618021.8056	0.0000	0.0000	1.7430	1.9543	0.0000	4.3992	4.4310	0.0000	0.0000	0.0000	0.0000	0.0415	0.0000	0.0951	0.0000	0.0000	0.0000	0.0506	0.0000	0.0985	0.0000	376373.9158	-0.0004	0.0007	0.0095	3.0275	5.0631	2.1573	0.0011	0.0011	0.0000	0.0011	0.0011	0.0000	0.0000	0.0000	0.0000	0.0015	0.0000	0.0015	0.0000	0.0000	0.0000	0.0015	0.0000	0.0015	0.0006	0.0005	0.0001	0.0002	0.0002	0.0000	0.0004	0.0003	0.0001	0.0372	0.0209	0.0162	0.0067	0.0061	0.0006	0.0305	0.0148	0.0157	41.9640	9971450.6055	0.0000	8402521.8734	6618021.8056	0.0000	0.0000	0.0000	0.0000	0.0415	0.0000	0.0951	0.0000	0.0000	0.0000	0.0506	0.0000	0.0985		
38	119	0.1469	7	2	1	1	0	0	0	0	0	Y	N	N	N	N	N	N	N	N	N	N	N	3696.0498	1779760.2338	2.5382	4874.5957	1152874.1389	0.0000	5.2450	inf	12.2132	0.1737	0.2145	0.0003	0.2769	0.3526	0.0000	0.0002	0.0001	0.0011	0.0000	0.0000	0.0001	0.0001	0.0000	0.0014	0.0000	0.0000	0.0001	0.0004	620.2069	-0.0001	0.0000	0.0095	2.1883	5.0631	3.1271	0.0002	0.0002	0.0000	0.0002	0.0002	0.0000	0.0000	0.0000	0.0000	0.0000	0.0000	0.0000	0.0000	0.0000	0.0000	0.0000	0.0000	0.0000	0.0010	0.0008	0.0002	0.0006	0.0005	0.0001	0.0004	0.0003	0.0001	0.0383	0.0241	0.0143	0.0099	0.0095	0.0004	0.0284	0.0146	0.0139	3696.0498	1779760.2338	2.5382	4874.5957	1152874.1389	0.0000	5.2450	inf	12.2132	0.0000	0.0000	0.0001	0.0001	0.0000	0.0014	0.0000	0.0000	0.0001
38	120	0.0800	6	2	1	1	0	0	0	0	0	Y	N	N	N	N	N	N	N	N	N	N	N	20662.7213	7695.6515	102394.0887	2047.6332	1996.4283	4826.5743	80752.9695	inf	104760.4970	0.3054	0.1411	1.0335	0.1739	0.1760	0.0181	0.3991	0.1057	1.0647	0.0000	0.0000	0.0000	0.0001	0.0001	0.0000	0.0000	0.0000	0.0000	1.6532	0.4173	0.0002	-0.0000	0.0095	13.6104	5.0631	16.0982	0.0009	0.0003	0.0006	0.0002	0.0002	0.0000	0.0007	0.0001	0.0006	0.0000	0.0000	0.0000	0.0000	0.0000	0.0000	0.0000	0.0000	0.0000	0.0030	0.0025	0.0006	0.0013	0.0012	0.0000	0.0018	0.0012	0.0005	0.1763	0.1003	0.0760	0.0217	0.0209	0.0008	0.1546	0.0794	0.0752	20662.7213	7695.6515	102394.0887	2047.6332	1996.4283	4826.5743	80752.9695	inf	104760.4970	0.0000	0.0000	0.0000	0.0001	0.0001	0.0000	0.0000	0.0000	0.0000
38	121	0.0845	6	1	1	1	0	0	0	0	0	N	N	N	N	N	N	N	N	N	N	N	N	3.2327	0.0000	33.3939	0.1637	0.0000	1.5936	2799.8675	1681.4505	0.3227	0.0000	0.7505	0.0475	0.0000	1.2390	0.6125	0.0000	0.7271	0.0998	0.1408	0.0225	0.2903	0.2798	0.7775	0.0002	0.0000	0.0004	inf	0.0846	0.0002	-0.0032	0.0095	0.3548	5.0631	4.6068	0.0003	0.0000	0.0003	0.0000	0.0000	0.0000	0.0003	0.0000	0.0003	0.0070	0.0064	0.0005	0.0070	0.0064	0.0005	0.0000	0.0000	0.0000	0.0011	0.0006	0.0005	0.0006	0.0005	0.0000	0.0005	0.0001	0.0004	0.0700	0.0458	0.0243	0.0240	0.0230	0.0010	0.0460	0.0227	0.0233	3.2327	0.0000	33.3939	0.1637	0.0000	2.3275	2799.8675	0.0000	1681.4505	0.0998	0.1408	0.0225	0.2903	0.2798	0.5323	0.0002	0.0000	0.0004	
38	122	0.0696	5	1	1	1	0	0	0	0	0	N	N	N	N	N	N	N	N	N	N	N	N	26.1470	3.6138	126.6492	1.7863	1.2986	53.4659	111.3537	6.7603	128.2811	0.6204	0.1175	1.5384	0.1983	0.1466	2.8120	1.0023	0.0425	1.5044	0.0237	0.0325	0.0121	0.1110	0.1129	0.0526	0.0090	0.0063	0.0117	7.1699	0.2837	0.0003	-0.0004	0.0095	1.6911	5.0631	5.7022	0.0006	0.0001	0.0006	0.0001	0.0001	0.0000	0.0005	0.0000	0.0005	0.0012	0.0010	0.0003	0.0008	0.0008	0.0000	0.0004	0.0001	0.0003	0.0010	0.0007	0.0004	0.0005	0.0005	0.0000	0.0005	0.0002	0.0004	0.0519	0.0295	0.0224	0.0075	0.0073	0.0002	0.0444	0.0222	0.0222	26.1470	3.6138	126.6492	1.7863	1.2986	53.4659	111.3537	6.7603	128.2811	0.0237	0.0325	0.0121	0.1110	0.1129	0.0526	0.0090	0.0063	0.0117
38	124	0.1207	9	2	1	1	0	0	0	0	0	Y	N	N	N	N	N	N	N	N	N	N	N	0.0000	0.0000	0.0000	0.0000	0.0000	0.0000	0.0000	0.0000	0.0000	0.0000	0.0000	0.0000	0.0000	0.0000	0.0000	0.0000	0.0000	0.0000	0.0000	0.0000	0.0095	0.0000	5.0631	0.0000	0.0000	0.0000	0.0000	0.0000	0.0000	0.0000	0.0000	0.0000	0.0000	0.0000	0.0000	0.0000	0.0000	0.0000	0.0000	0.0000	0.0000	0.0000	0.0000	0.0000	0.0000	0.0000	0.0000	0.0000	0.0000	0.0000	0.0000	0.0000	0.0000	0.0000	0.0000	0.0000	0.0000	0.0000	0.0000	0.0000	0.0000	0.0000	0.0000	0.0000	0.0000	0.0000	0.0000	0.0000	0.0000	0.0000	0.0000	0.0000	0.0000	0.0000	0.0000	0.0000	0.0000	0.0000											
38	125	0.1161	8	2	1	1	0	0	0	0	0	Y	N	N	N	N	N	N	N	N	N	N	N	0.0000	0.0000	0.0000	0.0000	0.0000	0.0000	0.0000	0.0000	0.0000	0.0000	0.0000	0.0000	0.0000	0.0000	0.0000	0.0000	0.0000	0.0000	0.0000	0.0000	0.0000	0.0000	inf	0.0000	0.0000	0.0095	0.1434	5.0631	1.9839	0.0000	0.0000	0.0000	0.0000	0.0000	0.0000	0.0000	0.0000	0.0000	0.0000	0.0000	0.0000	0.0000	0.0000	0.0000	0.0000	0.0000	0.0000	0.0000	0.0000	0.0000	0.0000	0.0000	0.0000	0.0000	0.0000	0.0000	0.0153	0.0089	0.0064	0.0032	0.0029	0.0002	0.0122	0.0060	0.0061	0.0000	0.0000	0.0000	0.0000	0.0000	0.0000	0.0000	0.0000	0.0000	0.0000	0.0000	0.0000	0.0000	0.0000	0.0000	0.0000	0.0000	0.0000						
38	126	0.1057	7	1	1	1	0	0	0	0	0	N	N	N	N	N	N	N	N	N	N	N	N	0.0000	0.0000	0.0000	0.0000	0.0000	0.0000	0.0000	0.0000	0.0000	0.0000	0.0000	0.0000	0.0000	0.0000	0.0000	0.0000	0.0000	0.0000	0.0000	0.0000	0.0000	0.0000	0.0000	0.0000	-0.0000	0.0095	1.8882	5.0631	2.9115	0.0000	0.0000	0.0000	0.0000	0.0000	0.0000	0.0000	0.0000	0.0000	0.0000	0.0000	0.0000	0.0000	0.0000	0.0000	0.0000	0.0000	0.0000	0.0004	0.0003	0.0000	0.0002	0.0002	0.0000	0.0002	0.0002	0.0000	0.0347	0.0195	0.0151	0.0063	0.0058	0.0005	0.0284	0.0137	0.0146	0.0000	0.0000	0.0000	0.0000	0.0000	0.0000	0.0000	0.0000	0.0000	0.0000	0.0000	0.0000	0.0000	0.0000	0.0000	0.0000	0.0000	0.0000						
38	127	0.0800	6	1	0	1	0	0	0	0	0	N	N	N	N	N	N	N	N	N	N	N	N	42901.6270	30373.8720	74693469.2852	10954.5811	10692.5422	inf	31811346.6656	0.0000	inf	5.2408	6.5073	2.1261	10.2450	10.3575	3.7632	1.0730	0.0000	2.0809	0.0001	0.0002	0.0000	0.0009	0.0010	0.0000	0.0000	0.0000	0.0000	0.1328	0.0001	-0.0019	-0.0000	0.0095	3.5543	5.0631	9.0319	0.0072	0.0064	0.0008	0.0064	0.0064	0.0000	0.0008	0.0000	0.0008	0.0000	0.0000	0.0000	0.0000	0.0000	0.0000	0.0000	0.0000	0.0000	0.0014	0.0010	0.0004	0.0006	0.0006	0.0000	0.0008	0.0004	0.0004	0.0818	0.0467	0.0352	0.0107	0.0103	0.0004	0.0712	0.0363	0.0348	42901.6270	30373.8720	74693469.2852	10954.5811	10692.5422	inf	31811346.6656	0.0000	inf	0.0001	0.0002	0.0000	0.0009	0.0010	0.0000	0.0000	0.0000	0.0000
39	41	0.0337	4	0	2	0	1	0	0	0	0	N	Y	N	N	N	N	N	N	N	N	N	N	35.8418	0.0000	77.5638	0.0000	0.0000	0.0000	42.7834	77.3084	1.4124	0.0000	6.4029	0.0000	0.0000	0.0000	1.8314	0.0000	6.4233	0.0394	0.0029	0.0826	0.0137	0.0139	0.0053	0.0428	0.0000	0.0831	inf	23.8475	0.1209	0.0079	1.1272	10.0333	11.0864	21.8674	0.1954	0.0000	0.1954	0.0000	0.0000	0.0000	0.1954	0.0000	0.1954	0.0189	0.0008	0.0182	0.0008	0.0008	0.0000	0.0182	0.0000	0.0182	0.1383	0.1078	0.0305	0.0316	0.0315	0.0001	0.1067	0.0763	0.0304	0.4808	0.2605	0.2203	0.0562	0.0547	0.0015	0.4246	0.2058	0.2187	35.8418	0.0000	77.5638	0.0000	0.0000	0.0000	42.7834	0.0000	77.3084	0.0394	0.0029	0.0826	0.0137	0.0139	0.0053	0.0428	0.0000	0.0831	
39	42	0.1803	15	1	1	1	0	0	0	0	0	N	N	N	N	N	N	N	N	N	N	N	N	0.0000	0.0000	0.0000	0.0000	0.0000	0.0000	0.0000	0.0000	0.0000	0.0000	0.0001	0.0000	0.0000	0.0000	0.0000	0.0000	0.0001	1.2377	0.0003	3.1039	0.0015	0.0005	0.0240	1.8449	0.0000	3.2148	inf	7855.7256	0.0000	0.0359	1.1272	0.9968	11.0864	1.9513	0.0000	0.0000	0.0000	0.0000	0.0000	0.0000	0.0000	0.0000	0.0000	0.0786	0.0000	0.0786	0.0000	0.0000	0.0000	0.0785	0.0000	0.0785	0.0106	0.0091	0.0014	0.0028	0.0027	0.0001	0.0078	0.0064	0.0014	0.0635	0.0382	0.0253	0.0209	0.0200	0.0009	0.0426	0.0181	0.0244	0.0000	0.0000	0.0000	0.0000	0.0000	0.0000	0.0000	0.0000	0.0000	1.2377	0.0003	3.1039	0.0015	0.0005	0.0240	1.8449	0.0000	3.2148	
39	43	0.1671	14	1	1	1	0	0	0	0	0	N	N	N	N	N	N	N	N	N	N	N	N	0.1262	0.0000	0.5468	0.0000	0.0000	0.0000	0.1754	0.0000	0.5390	0.0081	0.0000	0.0597	0.0000	0.0000	0.0000	0.0106	0.0000	0.0621	0.0644	0.0340	0.1092	0.0754	0.0818	0.0003	0.0604	0.0003	0.1152	inf	2.1769	0.0003	0.0010	1.1272	5.0018	11.0864	1.7716	0.0004	0.0000	0.0004	0.0000	0.0000	0.0000	0.0004	0.0000	0.0004	0.0067	0.0021	0.0046	0.0021	0.0021	0.0000	0.0046	0.0000	0.0046	0.0529	0.0457	0.0072	0.0123	0.0120	0.0003	0.0406	0.0336	0.0069	0.1048	0.0624	0.0423	0.0280	0.0258	0.0022	0.0767	0.0366	0.0401	0.1262	0.0000	0.5468	0.0000	0.0000	0.0000	0.1754	0.0000	0.5390	0.0644	0.0340	0.1092	0.0754	0.0818	0.0003	0.0604	0.0003	0.1152
39	44	0.1703	15	1	1	1	0	0	0	0	0	N	N	N	N	N	N	N	N	N	N	N	N	12969.2732	inf	0.0000	0.0000	0.0000	11757.9440	inf	0.0000	3.8975	4.5142	0.0000	0.0000	0.0000	0.0000	5.0905	6.1386	0.0000	0.0003	0.0000	0.0008	0.0000	0.0000	0.0000	0.0004	0.0000	0.0008	0.0000	inf	-0.0786	0.0000	1.1272	4.9860	11.0864	2.3663	0.2062	0.2062	0.0000	0.0000	0.0000	0.0000	0.2062	0.2062	0.0000	0.0000	0.0000	0.0000	0.0000	0.0000	0.0000	0.0000	0.0000	0.0000	0.0529	0.0457	0.0072	0.0124	0.0121	0.0003	0.0405	0.0336	0.0069	0.1330	0.0825	0.0505	0.0407	0.0381	0.0026	0.0923	0.0444	0.0479	12969.2732	inf	0.0000	0.0000	0.0000	0.0000	11757.9440	inf	0.0000	0.0003	0.0000	0.0008	0.0000	0.0000	0.0000	0.0004	0.0000	0.0008	
39	45	0.1671	14	1	1	0	0	0	0	0	0	N	N	N	N	N	N	N	N	N	N	N	N	0.0250	0.6824	0.0000	0.0013	0.0013	0.0000	0.0253	0.8220	0.0000	0.1309	0.1487	0.0000	0.0002	0.0002	0.0000	0.1903	0.2290	0.0000	5.2403	0.2178	12.2113	0.1492	0.1574	0.0118	7.5125	0.2785	12.7404	0.0000	40.3867	-0.0000	0.0849	1.1272	0.0225	11.0864	1.9333	0.0000	0.0000	0.0000	0.0000	0.0000	0.0000	0.0000	0.0000	0.0000	0.1961	0.0047	0.1914	0.0017	0.0017	0.0000	0.1944	0.0030	0.1914	0.0003	0.0003	0.0000	0.0001	0.0001	0.0000	0.0002	0.0002	0.0000	0.0374	0.0218	0.0157	0.0115	0.0109	0.0007	0.0259	0.0109	0.0150	0.0250	0.6824	0.0000	0.0013	0.0013	0.0000	0.0253	0.8220	0.0000	5.2403	0.2178	12.2113	0.1492	0.1574	0.0118	7.5125	0.2785	12.7404
39	46	0.1642	13	1	1	0	0	0	0	0	0	N	N	N	N	N	N	N	N	N	N	N	N	0.0000	0.0000	0.0001	0.0000	0.0000	0.0000	0.0000	0.0000	0.0001	0.0000	0.0000	0.0000	0.0000	0.0000	0.0000	0.0000	0.0000	0.0000	0.1136	0.0205	0.2540	0.0409	0.0448	0.0000	0.1384	0.0053	0.2690	inf	8.1982	0.0000	0.0008	1.1272	1.0095	11.0864	0.3555	0.0000	0.0000	0.0000	0.0000	0.0000	0.0000	0.0000	0.0000	0.0000	0.0023	0.0003	0.0021	0.0002	0.0002	0.0000	0.0021	0.0000	0.0021	0.0110	0.0095	0.0015	0.0026	0.0025	0.0001	0.0084	0.0070	0.0014	0.0205	0.0123	0.0082	0.0052	0.0048	0.0005	0.0153	0.0076	0.0077	0.0000	0.0000	0.0001	0.0000	0.0000	0.0000	0.0000	0.0000	0.0001	0.1136	0.0205	0.2540	0.0409	0.0448	0.0000	0.1384	0.0053	0.2690
39	47	0.0498	6	0	1	1	0	0	0	0	0	N	N	N	N	N	N	N	N	N	N	N	N	0.9035	0.7369	0.0000	0.6221	0.6072	0.0000	0.0000	0.0000	0.0000	0.1604	0.2326	0.0000	0.4950	0.4961	0.0000	0.0000	0.0000	0.0000	0.1776	0.3157	0.0000	0.7957	0.8171	0.0000	0.0000	0.0000	0.0000	0.0000	0.0000	-0.0039	-0.0295	1.1272	3.0460	11.0864	11.9126	0.0103	0.0103	0.0000	0.0103	0.0103	0.0000	0.0000	0.0000	0.0000	0.0544	0.0544	0.0000	0.0544	0.0544	0.0000	0.0000	0.0000	0.0000	0.0640	0.0441	0.0199	0.0207	0.0207	0.0000	0.0432	0.0234	0.0198	0.3064	0.1723	0.1341	0.0684	0.0666	0.0018	0.2380	0.1058	0.1323	0.9035	0.7369	0.0000	0.6221	0.6072	0.0000	0.0000	0.0000	0.0000	0.1776	0.3157	0.0000	0.7957	0.8171	0.0000	0.0000	0.0000	0.0000
39	48	0.0364	5	0	1	0	0	0	0	0	0	N	N	N	N	N	N	N	N	N	N	N	N	2.3337	2.1103	2.6632	1.5876	1.5771	0.4111	2.8706	0.0000	2.6533	0.4538	0.3646	0.5926	0.5550	0.5555	0.0064	0.3863	0.0000	0.5931	0.1945	0.1728	0.2225	0.3496	0.3522	0.0155	0.1346	0.0006	0.2235	1.0443	0.9950	0.0025	-0.0017	1.1272	1.1082	11.0864	5.8288	0.0191	0.0094	0.0098	0.0094	0.0094	0.0000	0.0098	0.0000	0.0098	0.0379	0.0190	0.0189	0.0189	0.0189	0.0000	0.0189	0.0000	0.0189	0.0422	0.0257	0.0165	0.0169	0.0168	0.0000	0.0253	0.0088	0.0165	0.1947	0.1098	0.0848	0.0542	0.0538	0.0004	0.1405	0.0560	0.0844	2.3337	2.1103	2.6632	1.5876	1.5771	0.4111	2.8706	0.0000	2.6533	0.1945	0.1728	0.2225	0.3496	0.3522	0.0155	0.1346	0.0006	0.2235
39	49	0.0677	7	0	2	0	0	0	0	0	0	N	Y	N	N	N	N	N	N	N	N	N	N	0.0000	0.0000	0.0000	0.0000	0.0000	0.0000	0.0000	0.0000	0.0000	0.0000	0.0000	0.0000	0.0000	0.0000	0.0000	0.0000	0.0000	0.0000	0.0000	0.0000	0.0000	0.0000	0.0000	0.0000	-0.0000	1.1272	0.0000	11.0864	2.0001	0.0000	0.0000	0.0000	0.0000	0.0000	0.0000	0.0000	0.0000	0.0000	0.0000	0.0000	0.0000	0.0000	0.0000	0.0000	0.0000	0.0000	0.0000	0.0000	0.0000	0.0000	0.0000	0.0000	0.0000	0.0000	0.0000	0.0000	0.0296	0.0169	0.0127	0.0051	0.0046	0.0006	0.0245	0.0123	0.0122	0.0000	0.0000	0.0000	0.0000	0.0000	0.0000	0.0000	0.0000	0.0000	0.0000	0.0000	0.0000	0.0000	0.0000	0.0000	0.0000	0.0000	0.0000						
39	50	0.1997	18	1	2	1	0	0	0	0	0	N	Y	N	N	N	N	N	N	N	N	N	N	0.0000	0.0000	0.0000	0.0000	0.0000	0.0000	0.0000	0.0000	0.0000	0.0000	0.0000	0.0000	0.0000	0.0000	0.0000	0.0000	0.0000	0.0000	0.0000	0.0000	1.1272	0.0000	11.0864	1.7047	0.0000	0.0000	0.0000	0.0000	0.0000	0.0000	0.0000	0.0000	0.0000	0.0000	0.0000	0.0000	0.0000	0.0000	0.0000	0.0000	0.0000	0.0000	0.0000	0.0000	0.0000	0.0000	0.0000	0.0000	0.0000	0.0000	0.0000	0.0460	0.0350	0.0110	0.0188	0.0180	0.0009	0.0272	0.0171	0.0101	0.0000	0.0000	0.0000	0.0000	0.0000	0.0000	0.0000	0.0000	0.0000	0.0000	0.0000	0.0000	0.0000	0.0000	0.0000	0.0000	0.0000	0.0000											
39	51	0.1997	18	1	2	1	0	0	0	0	0	N	Y	N	N	N	N	N	N	N	N	N	N	0.0000	0.0000	0.0000	0.0000	0.0000	0.0000	0.0000	0.0000	0.0000	0.0000	0.0000	0.0000	0.0000	0.0000	0.0000	0.0000	0.0000	0.0000	0.0000	0.0000	1.1272	0.0000	11.0864	0.2953	0.0000	0.0000	0.0000	0.0000	0.0000	0.0000	0.0000	0.0000	0.0000	0.0000	0.0000	0.0000	0.0000	0.0000	0.0000	0.0000	0.0000	0.0000	0.0000	0.0000	0.0000	0.0000	0.0000	0.0000	0.0000	0.0000	0.0000	0.0272	0.0236	0.0036	0.0129	0.0127	0.0002	0.0143	0.0109	0.0034	0.0000	0.0000	0.0000	0.0000	0.0000	0.0000	0.0000	0.0000	0.0000	0.0000	0.0000	0.0000	0.0000	0.0000	0.0000	0.0000	0.0000	0.0000											
39	52	0.1968	17	1	2	1	0	0	0	0	0	N	Y	N	N	N	N	N	N	N	N	N	N	0.0000	0.0000	0.0000	0.0000	0.0000	0.0000	0.0000	0.0000	0.0000	0.0000	0.0000	0.0000	0.0000	0.0000	0.0000	0.0000	0.0000	0.0000	0.0000	0.0000	0.0000	0.0000	inf	0.0000	0.0000	1.1272	0.0001	11.0864	1.7968	0.0000	0.0000	0.0000	0.0000	0.0000	0.0000	0.0000	0.0000	0.0000	0.0000	0.0000	0.0000	0.0000	0.0000	0.0000	0.0000	0.0000	0.0000	0.0000	0.0000	0.0000	0.0000	0.0000	0.0000	0.0000	0.0000	0.0000	0.0351	0.0231	0.0120	0.0127	0.0120	0.0008	0.0223	0.0111	0.0112	0.0000	0.0000	0.0000	0.0000	0.0000	0.0000	0.0000	0.0000	0.0000	0.0000	0.0000	0.0000	0.0000	0.0000	0.0000	0.0000	0.0000	0.0000						
39	53	0.1785	11	1	2	0	0	0	0	0	0	N	Y	N	N	N	N	N	N	N	N	N	N	11.2332	1.4539	54002.6997	0.0000	0.0000	20760.5187	inf	61267.5178	0.0009	0.0002	0.0070	0.0000	0.0000	0.0000	0.0015	0.0003	0.0084	0.0001	0.0001	0.0000	0.0002	0.0003	0.0000	0.0000	0.0000	0.0000	4.4619	0.0006	0.0000	-0.0000	1.1272	1.8240	11.0864	0.8872	0.0000	0.0000	0.0000	0.0000	0.0000	0.0000	0.0000	0.0000	0.0000	0.0000	0.0000	0.0000	0.0000	0.0000	0.0000	0.0000	0.0000	0.0000	0.0261	0.0235	0.0026	0.0106	0.0102	0.0004	0.0155	0.0133	0.0022	0.0507	0.0322	0.0185	0.0165	0.0155	0.0010	0.0342	0.0167	0.0175	11.2332	1.4539	54002.6997	0.0000	0.0000	0.0000	20760.5187	inf	61267.5178	0.0001	0.0001	0.0000	0.0002	0.0003	0.0000	0.0000	0.0000	0.0000	
39	54	0.0976	9	0	2	0	1	0	0	0	0	N	Y	N	N	N	N	N	N	N	N	N	N	0.0000	0.0000	0.0000	0.0000	0.0000	0.0000	0.0000	0.0000	0.0000	0.0000	0.0000	0.0000	0.0000	0.0000	0.0000	0.0000	0.0000	0.0324	0.0538	0.0000	0.0381	0.0411	0.0000	0.0307	0.0609	0.0000	0.0000	0.0000	-0.0014	1.1272	0.0007	11.0864	4.7762	0.0000	0.0000	0.0000	0.0000	0.0000	0.0000	0.0000	0.0000	0.0000	0.0026	0.0026	0.0000	0.0007	0.0007	0.0000	0.0019	0.0019	0.0000	0.0000	0.0000	0.0000	0.0000	0.0000	0.0000	0.0000	0.0000	0.0000	0.0790	0.0475	0.0315	0.0183	0.0170	0.0013	0.0607	0.0305	0.0301	0.0000	0.0000	0.0000	0.0000	0.0000	0.0000	0.0000	0.0000	0.0000	0.0324	0.0538	0.0000	0.0381	0.0411	0.0000	0.0307	0.0609	0.0000		
39	55	0.0976	9	0	1	0	1	0	0	0	0	N	N	N	N	N	N	N	N	N	N	N	N	0.0000	0.0000	0.0000	0.0000	0.0000	0.0000	0.0000	0.0000	0.0000	0.0000	0.0000	0.0000	0.0000	0.0000	0.0000	0.0000	0.0000	17.3795	28.2174	0.0001	70.0826	74.3224	0.0000	0.0000	0.0000	0.0001	0.0000	0.0000	-0.5419	1.1272	0.0007	11.0864	3.2259	0.0000	0.0000	0.0000	0.0000	0.0000	0.0000	0.0000	0.0000	0.0000	0.9981	0.9981	0.0000	0.9981	0.9981	0.0000	0.0000	0.0000	0.0000	0.0000	0.0000	0.0000	0.0000	0.0000	0.0000	0.0000	0.0000	0.0000	0.0574	0.0354	0.0221	0.0143	0.0134	0.0009	0.0431	0.0219	0.0212	0.0000	0.0000	0.0000	0.0000	0.0000	0.0000	0.0000	0.0000	0.0000	17.3795	28.2174	0.0001	69.6367	74.3224	0.0000	0.0000	0.0000	0.0001		
39	56	0.0933	8	0	1	0	1	0	0	0	0	N	N	N	N	N	N	N	N	N	N	N	N	0.0000	0.0000	0.0000	0.0000	0.0000	0.0000	0.0000	0.0000	0.0000	0.0000	0.0000	0.0000	0.0000	0.0000	0.0000	0.0000	0.0000	0.0422	0.0670	0.0000	0.1620	0.1719	0.0000	0.0003	0.0006	0.0000	0.0000	0.0000	-0.0010	1.1272	0.9953	11.0864	1.3904	0.0000	0.0000	0.0000	0.0000	0.0000	0.0000	0.0000	0.0000	0.0000	0.0019	0.0019	0.0000	0.0019	0.0019	0.0000	0.0000	0.0000	0.0000	0.0109	0.0094	0.0015	0.0022	0.0021	0.0000	0.0087	0.0073	0.0015	0.0444	0.0280	0.0164	0.0115	0.0108	0.0007	0.0329	0.0171	0.0158	0.0000	0.0000	0.0000	0.0000	0.0000	0.0000	0.0000	0.0000	0.0000	0.0422	0.0670	0.0000	0.1620	0.1719	0.0000	0.0003	0.0006	0.0000		
39	57	0.0865	7	0	1	0	1	0	0	0	0	N	N	N	N	N	N	N	N	N	N	N	N	0.0000	0.0000	0.0000	0.0000	0.0000	0.0000	0.0000	0.0000	0.0000	0.0000	0.0000	0.0000	0.0000	0.0000	0.0000	0.0000	0.0000	0.0016	0.0028	0.0000	0.0062	0.0066	0.0000	0.0002	0.0005	0.0000	0.0000	0.0000	-0.0001	1.1272	0.0068	11.0864	3.2797	0.0000	0.0000	0.0000	0.0000	0.0000	0.0000	0.0000	0.0000	0.0000	0.0001	0.0001	0.0000	0.0001	0.0001	0.0000	0.0000	0.0000	0.0000	0.0001	0.0001	0.0000	0.0000	0.0000	0.0000	0.0001	0.0001	0.0000	0.0562	0.0329	0.0234	0.0133	0.0125	0.0009	0.0429	0.0204	0.0225	0.0000	0.0000	0.0000	0.0000	0.0000	0.0000	0.0000	0.0000	0.0000	0.0016	0.0028	0.0000	0.0062	0.0066	0.0000	0.0002	0.0005	0.0000		
39	58	0.0454	6	0	1	0	1	0	0	0	0	N	N	N	N	N	N	N	N	N	N	N	N	0.0262	0.0185	0.0000	1.8001	1.8163	0.0000	0.0000	0.0000	0.0000	0.0825	0.1041	0.0000	0.2855	0.3004	0.0000	0.0000	0.0000	0.0000	3.1548	5.6300	0.0006	0.1586	0.1654	0.0000	3.7851	7.9444	0.0006	0.0000	0.0001	-0.0028	-0.5431	1.1272	5.8573	11.0864	13.1443	0.0075	0.0075	0.0000	0.0075	0.0075	0.0000	0.0000	0.0000	0.0000	1.0003	1.0002	0.0001	0.0087	0.0087	0.0000	0.9916	0.9915	0.0001	0.0906	0.0718	0.0188	0.0262	0.0249	0.0013	0.0644	0.0469	0.0175	0.3171	0.1777	0.1394	0.0551	0.0529	0.0023	0.2620	0.1248	0.1372	0.0262	0.0185	0.0000	1.8001	1.8163	0.0000	0.0000	0.0000	0.0000	3.1548	5.6300	0.0006	0.1586	0.1654	0.0000	3.7851	7.9444	0.0006
39	59	0.1970	18	0	2	1	0	0	0	0	0	N	Y	N	N	N	N	N	N	N	N	N	N	0.0000	0.0000	0.0000	0.0000	0.0000	0.0000	0.0000	0.0000	0.0000	0.0000	0.0000	0.0000	0.0000	0.0000	0.0000	0.0000	0.0000	0.0226	0.0348	0.0000	0.0681	0.0745	0.0000	0.0000	0.0000	0.0000	0.0000	0.0000	-0.0010	1.1272	0.9979	11.0864	4.0614	0.0000	0.0000	0.0000	0.0000	0.0000	0.0000	0.0000	0.0000	0.0000	0.0019	0.0019	0.0000	0.0019	0.0019	0.0000	0.0000	0.0000	0.0000	0.0107	0.0092	0.0014	0.0029	0.0028	0.0001	0.0078	0.0065	0.0014	0.0825	0.0536	0.0289	0.0274	0.0250	0.0023	0.0551	0.0285	0.0266	0.0000	0.0000	0.0000	0.0000	0.0000	0.0000	0.0000	0.0000	0.0000	0.0226	0.0348	0.0000	0.0681	0.0745	0.0000	0.0000	0.0000	0.0000		
39	60	0.1886	17	0	2	0	0	0	0	0	0	N	Y	N	N	N	N	N	N	N	N	N	N	0.0000	0.0000	0.0000	0.0000	0.0000	0.0000	0.0000	0.0000	0.0000	0.0000	0.0000	0.0000	0.0000	0.0000	0.0000	0.0000	0.0000	0.0000	0.0265	0.0397	0.0024	0.0013	0.0014	0.0000	0.0386	0.0730	0.0026	0.0332	0.0000	-0.0010	1.1272	2.2356	11.0864	2.2044	0.0000	0.0000	0.0000	0.0000	0.0000	0.0000	0.0000	0.0000	0.0000	0.0019	0.0018	0.0001	0.0000	0.0000	0.0000	0.0019	0.0018	0.0001	0.0245	0.0212	0.0033	0.0064	0.0063	0.0002	0.0181	0.0149	0.0031	0.0714	0.0462	0.0253	0.0232	0.0215	0.0017	0.0483	0.0247	0.0235	0.0000	0.0000	0.0000	0.0000	0.0000	0.0000	0.0000	0.0000	0.0000	0.0265	0.0397	0.0024	0.0013	0.0014	0.0000	0.0386	0.0730	0.0026	
39	61	0.1679	15	1	1	1	0	0	0	0	0	N	N	N	N	N	N	N	N	N	N	N	N	0.0000	0.0000	0.0000	0.0000	0.0000	0.0000	0.0000	0.0000	0.0000	0.0000	0.0000	0.0000	0.0000	0.0000	0.0000	0.0000	0.0000	7.8386	0.0020	27.7974	0.0066	0.0052	0.0203	10.4442	0.0000	25.6557	6627.1256	0.0000	0.4559	1.1272	2.0703	11.0864	7.0012	0.0000	0.0000	0.0000	0.0000	0.0000	0.0000	0.0000	0.0000	0.0000	0.9978	0.0002	0.9977	0.0002	0.0002	0.0001	0.9976	0.0000	0.9976	0.0230	0.0199	0.0031	0.0059	0.0058	0.0001	0.0171	0.0141	0.0030	0.1273	0.0767	0.0506	0.0318	0.0288	0.0029	0.0955	0.0478	0.0477	0.0000	0.0000	0.0000	0.0000	0.0000	0.0000	0.0000	0.0000	0.0000	7.8386	0.0020	19.7043	0.0066	0.0052	0.0203	10.4442	0.0000	20.9217		
39	62	0.1663	14	0	1	0	0	0	0	0	0	N	N	N	N	N	N	N	N	N	N	N	N	0.0000	0.0000	0.0000	0.0000	0.0000	0.0000	0.0000	0.0000	0.0000	0.0000	0.0000	0.0000	0.0000	0.0000	0.0000	0.0000	0.0000	0.0000	0.1917	0.0312	0.4353	0.0561	0.0615	0.0001	0.2384	0.0119	0.4615	9.2034	0.0000	0.0010	1.1272	0.9285	11.0864	0.0280	0.0000	0.0000	0.0000	0.0000	0.0000	0.0000	0.0000	0.0000	0.0000	0.0027	0.0003	0.0025	0.0002	0.0002	0.0000	0.0025	0.0001	0.0025	0.0102	0.0088	0.0014	0.0025	0.0025	0.0001	0.0076	0.0063	0.0013	0.0142	0.0086	0.0056	0.0036	0.0033	0.0003	0.0106	0.0052	0.0053	0.0000	0.0000	0.0000	0.0000	0.0000	0.0000	0.0000	0.0000	0.0000	0.1917	0.0312	0.4353	0.0561	0.0615	0.0001	0.2384	0.0119	0.4615	
39	63	0.1286	9	1	2	0	0	0	0	0	0	N	Y	N	N	N	N	N	N	N	N	N	N	0.0000	0.0000	0.0000	0.0000	0.0000	0.0000	0.0000	0.0000	0.0000	0.0000	0.0000	0.0000	0.0000	0.0000	0.0000	0.0000	0.0007	0.0001	0.0019	0.0001	0.0002	0.0000	0.0009	0.0000	0.0020	15.3632	0.0000	0.0000	1.1272	1.0023	11.0864	3.0135	0.0000	0.0000	0.0000	0.0000	0.0000	0.0000	0.0000	0.0000	0.0000	0.0000	0.0000	0.0000	0.0000	0.0000	0.0000	0.0000	0.0000	0.0000	0.0110	0.0095	0.0015	0.0026	0.0025	0.0001	0.0085	0.0070	0.0015	0.0616	0.0398	0.0218	0.0183	0.0170	0.0013	0.0433	0.0228	0.0205	0.0000	0.0000	0.0000	0.0000	0.0000	0.0000	0.0000	0.0000	0.0000	0.0007	0.0001	0.0019	0.0001	0.0002	0.0000	0.0009	0.0000	0.0020			
39	64	0.1022	8	1	2	0	0	0	0	0	0	N	Y	N	N	N	N	N	N	N	N	N	N	0.0000	0.0000	0.0000	0.0000	0.0000	0.0000	0.0000	0.0000	0.0000	0.0000	0.0000	0.0000	0.0000	0.0000	0.0000	0.0000	0.0000	0.0000	0.0688	0.0007	0.1762	0.0018	0.0017	0.0029	0.0910	0.0000	0.1852	172.0224	0.0000	0.0056	1.1272	3.0820	11.0864	9.3392	0.0000	0.0000	0.0000	0.0000	0.0000	0.0000	0.0000	0.0000	0.0000	0.0123	0.0001	0.0123	0.0001	0.0001	0.0000	0.0123	0.0000	0.0123	0.0386	0.0335	0.0050	0.0097	0.0095	0.0002	0.0288	0.0240	0.0049	0.1792	0.1096	0.0696	0.0445	0.0410	0.0034	0.1347	0.0686	0.0662	0.0000	0.0000	0.0000	0.0000	0.0000	0.0000	0.0000	0.0000	0.0000	0.0688	0.0007	0.1762	0.0018	0.0017	0.0029	0.0910	0.0000	0.1852	
39	65	0.1886	17	0	2	0	0	0	0	0	0	N	Y	N	N	N	N	N	N	N	N	N	N	0.0000	0.0000	0.0000	0.0000	0.0000	0.0000	0.0000	0.0000	0.0000	0.0000	0.0000	0.0000	0.0000	0.0000	0.0000	0.0000	0.0003	0.0004	0.0000	0.0008	0.0009	0.0000	0.0000	0.0000	0.0000	0.0011	0.0000	-0.0000	1.1272	1.7946	11.0864	5.9592	0.0000	0.0000	0.0000	0.0000	0.0000	0.0000	0.0000	0.0000	0.0000	0.0000	0.0000	0.0000	0.0000	0.0000	0.0000	0.0000	0.0000	0.0000	0.0199	0.0173	0.0027	0.0053	0.0052	0.0001	0.0147	0.0121	0.0025	0.1134	0.0714	0.0421	0.0351	0.0321	0.0030	0.0783	0.0392	0.0391	0.0000	0.0000	0.0000	0.0000	0.0000	0.0000	0.0000	0.0000	0.0000	0.0003	0.0004	0.0000	0.0008	0.0009	0.0000	0.0000	0.0000	0.0000			
39	66	0.1817	16	0	2	0	0	0	0	0	0	N	Y	N	N	N	N	N	N	N	N	N	N	0.0000	0.0000	0.0000	0.0000	0.0000	0.0000	0.0000	0.0000	0.0000	0.0000	0.0000	0.0000	0.0000	0.0000	0.0000	0.0000	0.0000	0.0167	0.0273	0.0006	0.0548	0.0599	0.0000	0.0008	0.0010	0.0007	0.0155	0.0000	-0.0004	1.1272	1.3569	11.0864	2.0560	0.0000	0.0000	0.0000	0.0000	0.0000	0.0000	0.0000	0.0000	0.0000	0.0008	0.0008	0.0000	0.0008	0.0008	0.0000	0.0000	0.0000	0.0000	0.0161	0.0139	0.0022	0.0043	0.0042	0.0001	0.0117	0.0097	0.0021	0.0505	0.0304	0.0201	0.0148	0.0136	0.0013	0.0356	0.0168	0.0188	0.0000	0.0000	0.0000	0.0000	0.0000	0.0000	0.0000	0.0000	0.0000	0.0167	0.0273	0.0006	0.0548	0.0599	0.0000	0.0008	0.0010	0.0007		
39	67	0.1684	15	0	2	0	0	0	0	0	0	N	Y	N	N	N	N	N	N	N	N	N	N	0.0000	0.0000	0.0000	0.0000	0.0000	0.0000	0.0000	0.0000	0.0000	0.0000	0.0000	0.0000	0.0000	0.0000	0.0000	0.0000	0.0000	0.0081	0.0003	0.0208	0.0000	0.0000	0.0000	0.0118	0.0006	0.0224	36.5315	0.0000	0.0004	1.1272	4.9477	11.0864	2.0153	0.0000	0.0000	0.0000	0.0000	0.0000	0.0000	0.0000	0.0000	0.0000	0.0008	0.0000	0.0008	0.0000	0.0000	0.0000	0.0008	0.0000	0.0008	0.0552	0.0476	0.0075	0.0141	0.0136	0.0005	0.0411	0.0340	0.0071	0.1005	0.0624	0.0381	0.0315	0.0287	0.0028	0.0690	0.0337	0.0353	0.0000	0.0000	0.0000	0.0000	0.0000	0.0000	0.0000	0.0000	0.0000	0.0081	0.0003	0.0208	0.0000	0.0000	0.0000	0.0118	0.0006	0.0224		
39	68	0.0677	7	0	1	1	0	0	0	0	0	N	N	N	N	N	N	N	N	N	N	N	N	0.0000	0.0000	0.0000	0.0000	0.0000	0.0000	0.0000	0.0000	0.0000	0.0000	0.0000	0.0000	0.0000	0.0000	0.0000	0.0000	0.0000	0.0000	0.0000	0.0000	0.0000	0.0000	0.0000	0.0000	-0.0000	1.1272	0.0000	11.0864	4.0001	0.0000	0.0000	0.0000	0.0000	0.0000	0.0000	0.0000	0.0000	0.0000	0.0000	0.0000	0.0000	0.0000	0.0000	0.0000	0.0000	0.0000	0.0000	0.0000	0.0000	0.0000	0.0000	0.0000	0.0000	0.0000	0.0000	0.0000	0.0586	0.0334	0.0252	0.0101	0.0090	0.0011	0.0485	0.0244	0.0241	0.0000	0.0000	0.0000	0.0000	0.0000	0.0000	0.0000	0.0000	0.0000	0.0000	0.0000	0.0000	0.0000	0.0000	0.0000	0.0000	0.0000	0.0000						
39	69	0.0454	6	0	1	0	0	0	0	0	0	N	N	N	N	N	N	N	N	N	N	N	N	44.1418	33.0553	12.5444	0.7319	0.7498	0.0000	8711968.9045	172820076.7218	16.6681	3.4391	4.5502	0.0000	0.2725	0.2894	0.0000	5.1920	7.9521	0.0000	0.0779	0.1377	0.0000	0.3723	0.3859	0.0000	0.0000	0.0000	0.0000	0.0000	0.0000	-0.0781	-0.0096	1.1272	2.8240	11.0864	8.9883	0.2050	0.2050	0.0000	0.0058	0.0058	0.0000	0.1992	0.1992	0.0000	0.0177	0.0177	0.0000	0.0177	0.0177	0.0000	0.0000	0.0000	0.0000	0.0596	0.0451	0.0146	0.0212	0.0200	0.0012	0.0384	0.0251	0.0133	0.2268	0.1284	0.0984	0.0475	0.0458	0.0017	0.1794	0.0826	0.0968	44.1418	33.0553	12.5444	0.7319	0.7498	0.0000	8711968.9045	172820076.7218	16.6681	0.0779	0.1377	0.0000	0.3723	0.3859	0.0000	0.0000	0.0000	0.0000
39	70	0.0364	5	0	1	0	0	0	0	0	0	N	N	N	N	N	N	N	N	N	N	N	N	0.9982	0.6319	7.7314	0.5987	0.5959	0.8405	2.3914	0.5612	7.7099	0.3552	0.3749	0.3218	0.5500	0.5507	0.0028	0.2360	0.1085	0.3222	0.3559	0.5934	0.0416	0.9187	0.9242	0.0033	0.0987	0.1933	0.0418	0.5055	0.0530	-0.0007	-0.0297	1.1272	1.4521	11.0864	3.5882	0.0163	0.0108	0.0055	0.0096	0.0096	0.0000	0.0067	0.0012	0.0055	0.0603	0.0573	0.0030	0.0488	0.0488	0.0000	0.0115	0.0084	0.0030	0.0458	0.0288	0.0170	0.0174	0.0174	0.0000	0.0284	0.0115	0.0170	0.1695	0.0965	0.0730	0.0532	0.0528	0.0003	0.1163	0.0437	0.0726	0.9982	0.6319	7.7314	0.5987	0.5959	0.8405	2.3914	0.5612	7.7099	0.3559	0.5934	0.0416	0.9187	0.9242	0.0033	0.0987	0.1933	0.0418
39	71	0.0337	4	0	1	0	0	0	0	0	0	N	N	N	N	N	N	N	N	N	N	N	N	1.2895	0.9747	1.9419	0.9549	0.9527	0.0000	1.8583	0.0477	1.9387	0.4145	0.3546	0.5104	0.5419	0.5423	0.0000	0.3284	0.0002	0.5108	0.3214	0.3638	0.2629	0.5675	0.5692	0.0423	0.1767	0.0040	0.2635	0.8968	0.5238	0.0018	-0.0069	1.1272	1.1783	11.0864	0.9542	0.0197	0.0104	0.0093	0.0104	0.0104	0.0000	0.0093	0.0000	0.0093	0.0345	0.0227	0.0119	0.0226	0.0226	0.0000	0.0120	0.0001	0.0119	0.0476	0.0293	0.0183	0.0192	0.0192	0.0000	0.0284	0.0101	0.0183	0.1075	0.0623	0.0452	0.0398	0.0397	0.0001	0.0677	0.0226	0.0451	1.2895	0.9747	1.9419	0.9549	0.9527	0.0000	1.8583	0.0477	1.9387	0.3214	0.3638	0.2629	0.5675	0.5692	0.0423	0.1767	0.0040	0.2635
39	72	0.0291	3	0	1	0	0	0	0	0	0	N	N	N	N	N	N	N	N	N	N	N	N	1.6365	1.3140	2.2265	1.3139	1.3077	0.0000	1.8984	0.0000	2.2196	0.3695	0.2882	0.5210	0.5334	0.5335	0.0000	0.2806	0.0000	0.5211	0.2258	0.2193	0.2340	0.4060	0.4080	0.0117	0.1478	0.0007	0.2348	0.9702	0.8392	0.0023	-0.0024	1.1272	2.0762	11.0864	1.4610	0.0210	0.0106	0.0103	0.0106	0.0106	0.0000	0.0103	0.0000	0.0103	0.0271	0.0148	0.0124	0.0147	0.0147	0.0000	0.0124	0.0000	0.0124	0.0568	0.0369	0.0198	0.0200	0.0199	0.0000	0.0368	0.0170	0.0198	0.1202	0.0673	0.0529	0.0363	0.0361	0.0002	0.0839	0.0312	0.0527	1.6365	1.3140	2.2265	1.3139	1.3077	0.0000	1.8984	0.0000	2.2196	0.2258	0.2193	0.2340	0.4060	0.4080	0.0117	0.1478	0.0007	0.2348
39	73	0.0933	7	0	1	0	0	0	0	0	0	N	N	N	N	N	N	N	N	N	N	N	N	0.0000	0.0000	0.0000	0.0000	0.0000	0.0000	0.0000	0.0000	0.0000	0.0000	0.0000	0.0000	0.0000	0.0000	0.0000	0.0000	0.0001	0.0001	0.0001	0.0004	0.0004	0.0000	0.0000	0.0000	0.0001	0.4457	0.0000	-0.0000	1.1272	4.0673	11.0864	17.8409	0.0000	0.0000	0.0000	0.0000	0.0000	0.0000	0.0000	0.0000	0.0000	0.0000	0.0000	0.0000	0.0000	0.0000	0.0000	0.0000	0.0000	0.0000	0.0486	0.0421	0.0065	0.0117	0.0115	0.0002	0.0369	0.0306	0.0062	0.2890	0.1718	0.1172	0.0624	0.0572	0.0052	0.2266	0.1146	0.1120	0.0000	0.0000	0.0000	0.0000	0.0000	0.0000	0.0000	0.0000	0.0000	0.0001	0.0001	0.0001	0.0004	0.0004	0.0000	0.0000	0.0000	0.0001			
39	75	0.2300	11	0	1	0	0	0	0	0	0	N	N	N	N	N	N	N	N	N	N	N	N	0.0092	0.0165	0.0000	0.0457	0.0798	0.0000	0.0000	0.0000	0.0000	0.0196	0.0224	0.0000	0.0492	0.0518	0.0000	0.0000	0.0000	0.0000	2.1364	1.3573	3.8293	1.0775	0.6493	8.4875	3.1291	2.4098	3.9521	0.0000	1.2983	-0.0004	0.0492	1.1272	3.5843	11.0864	46.7516	0.0012	0.0012	0.0000	0.0012	0.0012	0.0000	0.0000	0.0000	0.0000	2.2439	0.9763	1.2675	0.5476	0.2792	0.2684	1.6963	0.6971	0.9992	0.0592	0.0516	0.0075	0.0235	0.0223	0.0012	0.0356	0.0293	0.0064	1.0503	0.7193	0.3310	0.5082	0.4300	0.0782	0.5421	0.2893	0.2528	0.0092	0.0165	0.0000	0.0457	0.0798	0.0000	0.0000	0.0000	0.0000	2.1364	1.3573	3.8293	1.0775	0.6493	3.4322	3.1291	2.4098	3.9521
39	76	0.1952	17	1	2	1	0	0	0	0	0	N	Y	N	N	N	N	N	N	N	N	N	N	0.0000	0.0000	0.0000	0.0000	0.0000	0.0000	0.0000	0.0000	0.0000	0.0000	0.0000	0.0000	0.0000	0.0000	0.0000	0.0000	0.0001	0.0001	0.0000	0.0000	0.0000	0.0000	0.0000	0.0000	-0.0000	1.1272	1.0003	11.0864	1.0071	0.0000	0.0000	0.0000	0.0000	0.0000	0.0000	0.0000	0.0000	0.0000	0.0000	0.0000	0.0000	0.0000	0.0000	0.0000	0.0000	0.0000	0.0000	0.0105	0.0091	0.0014	0.0029	0.0028	0.0001	0.0077	0.0063	0.0013	0.0280	0.0172	0.0108	0.0095	0.0086	0.0009	0.0185	0.0086	0.0099	0.0000	0.0000	0.0000	0.0000	0.0000	0.0000	0.0000	0.0000	0.0000	0.0000	0.0000	0.0000	0.0001	0.0001	0.0000	0.0000	0.0000	0.0000						
39	77	0.1884	16	1	1	1	0	0	0	0	0	N	N	N	N	N	N	N	N	N	N	N	N	0.0000	0.0000	0.0000	0.0000	0.0000	0.0000	0.0000	0.0000	0.0000	0.0000	0.0000	0.0000	0.0000	0.0000	0.0000	0.0000	0.0000	0.0015	0.0020	0.0000	0.0035	0.0035	0.0000	0.0000	0.0000	0.0000	0.0015	0.0000	-0.0001	1.1272	0.9901	11.0864	2.2068	0.0000	0.0000	0.0000	0.0000	0.0000	0.0000	0.0000	0.0000	0.0000	0.0002	0.0002	0.0000	0.0002	0.0002	0.0000	0.0000	0.0000	0.0000	0.0106	0.0092	0.0014	0.0029	0.0028	0.0001	0.0077	0.0063	0.0013	0.1330	0.0986	0.0344	0.0572	0.0559	0.0012	0.0758	0.0427	0.0331	0.0000	0.0000	0.0000	0.0000	0.0000	0.0000	0.0000	0.0000	0.0000	0.0015	0.0020	0.0000	0.0035	0.0035	0.0000	0.0000	0.0000	0.0000		
39	78	0.1109	8	0	2	0	0	0	0	0	0	N	Y	N	N	N	N	N	N	N	N	N	N	0.0000	0.0000	0.0000	0.0000	0.0000	0.0000	0.0000	0.0000	0.0000	0.0000	0.0000	0.0000	0.0000	0.0000	0.0000	0.0000	0.0000	0.2297	0.0142	0.6207	0.0315	0.0337	0.0045	0.3117	0.0000	0.6601	24.1885	0.0000	0.0358	1.1272	8.4371	11.0864	15.3349	0.0000	0.0000	0.0000	0.0000	0.0000	0.0000	0.0000	0.0000	0.0000	0.0859	0.0034	0.0825	0.0034	0.0034	0.0000	0.0824	0.0000	0.0824	0.0996	0.0867	0.0129	0.0277	0.0269	0.0008	0.0719	0.0598	0.0121	0.3738	0.2410	0.1329	0.1093	0.1013	0.0080	0.2645	0.1396	0.1249	0.0000	0.0000	0.0000	0.0000	0.0000	0.0000	0.0000	0.0000	0.0000	0.2297	0.0142	0.6207	0.0315	0.0337	0.0045	0.3117	0.0000	0.6601		
39	79	0.1884	16	1	1	1	0	0	0	0	0	N	N	N	N	N	N	N	N	N	N	N	N	0.0000	0.0000	0.0000	0.0000	0.0000	0.0000	0.0000	0.0000	0.0000	0.0000	0.0000	0.0000	0.0000	0.0000	0.0000	0.0000	0.0000	0.4124	0.5958	0.0022	0.0027	0.0028	0.0000	0.6595	1.2958	0.0024	0.0017	0.0000	-0.0452	1.1272	3.0096	11.0864	5.7427	0.0000	0.0000	0.0000	0.0000	0.0000	0.0000	0.0000	0.0000	0.0000	0.0835	0.0834	0.0001	0.0002	0.0002	0.0000	0.0833	0.0832	0.0001	0.0316	0.0273	0.0042	0.0086	0.0084	0.0002	0.0230	0.0190	0.0040	0.2025	0.1399	0.0626	0.0762	0.0729	0.0033	0.1263	0.0671	0.0593	0.0000	0.0000	0.0000	0.0000	0.0000	0.0000	0.0000	0.0000	0.0000	0.4124	0.5958	0.0022	0.0027	0.0028	0.0000	0.6595	1.2401	0.0024		
39	80	0.1728	15	1	1	1	0	0	0	0	0	N	N	N	N	N	N	N	N	N	N	N	N	0.0000	0.0000	0.0000	0.0000	0.0000	0.0000	0.0000	0.0000	0.0000	0.0000	0.0000	0.0000	0.0000	0.0000	0.0000	0.0000	0.0000	0.0000	0.0086	0.0132	0.0010	0.0282	0.0303	0.0000	0.0006	0.0001	0.0010	0.0452	0.0000	-0.0005	1.1272	1.0477	11.0864	6.1154	0.0000	0.0000	0.0000	0.0000	0.0000	0.0000	0.0000	0.0000	0.0000	0.0010	0.0009	0.0000	0.0009	0.0009	0.0000	0.0000	0.0000	0.0000	0.0121	0.0106	0.0016	0.0035	0.0035	0.0001	0.0086	0.0071	0.0015	0.1139	0.0706	0.0433	0.0329	0.0307	0.0023	0.0809	0.0399	0.0410	0.0000	0.0000	0.0000	0.0000	0.0000	0.0000	0.0000	0.0000	0.0000	0.0086	0.0132	0.0010	0.0282	0.0303	0.0000	0.0006	0.0001	0.0010	
39	81	0.1663	14	0	1	0	0	0	0	0	0	N	N	N	N	N	N	N	N	N	N	N	N	0.0000	0.0000	0.0000	0.0000	0.0000	0.0000	0.0000	0.0000	0.0000	0.0000	0.0000	0.0000	0.0000	0.0000	0.0000	0.0000	0.0000	0.0240	0.0385	0.0020	0.0193	0.0212	0.0000	0.0255	0.0490	0.0021	0.0343	0.0000	-0.0005	1.1272	1.9794	11.0864	1.0196	0.0000	0.0000	0.0000	0.0000	0.0000	0.0000	0.0000	0.0000	0.0000	0.0010	0.0010	0.0000	0.0002	0.0002	0.0000	0.0008	0.0008	0.0000	0.0214	0.0185	0.0029	0.0053	0.0052	0.0001	0.0161	0.0133	0.0028	0.0432	0.0260	0.0172	0.0108	0.0098	0.0010	0.0324	0.0162	0.0162	0.0000	0.0000	0.0000	0.0000	0.0000	0.0000	0.0000	0.0000	0.0000	0.0240	0.0385	0.0020	0.0193	0.0212	0.0000	0.0255	0.0490	0.0021		
39	82	0.1642	13	0	1	0	0	0	0	0	0	N	N	N	N	N	N	N	N	N	N	N	N	0.0000	0.0000	0.0000	0.0000	0.0000	0.0000	0.0000	0.0000	0.0000	0.0000	0.0000	0.0000	0.0000	0.0000	0.0000	0.0000	0.0267	0.0226	0.0328	0.0530	0.0580	0.0000	0.0176	0.0000	0.0347	0.9607	0.0000	-0.0000	1.1272	1.0114	11.0864	0.0202	0.0000	0.0000	0.0000	0.0000	0.0000	0.0000	0.0000	0.0000	0.0000	0.0004	0.0002	0.0002	0.0002	0.0002	0.0000	0.0002	0.0000	0.0002	0.0110	0.0095	0.0015	0.0026	0.0025	0.0001	0.0084	0.0070	0.0014	0.0157	0.0094	0.0062	0.0040	0.0037	0.0003	0.0116	0.0057	0.0059	0.0000	0.0000	0.0000	0.0000	0.0000	0.0000	0.0000	0.0000	0.0000	0.0267	0.0226	0.0328	0.0530	0.0580	0.0000	0.0176	0.0000	0.0347			
39	83	0.1436	12	0	1	0	0	0	0	0	0	N	N	N	N	N	N	N	N	N	N	N	N	0.0000	0.0000	0.0000	0.0000	0.0000	0.0000	0.0000	0.0000	0.0000	0.0000	0.0000	0.0000	0.0000	0.0000	0.0000	0.0000	0.0000	0.0071	0.0094	0.0037	0.0213	0.0232	0.0000	0.0020	0.0000	0.0039	0.2562	0.0000	-0.0004	1.1272	5.9223	11.0864	3.6882	0.0000	0.0000	0.0000	0.0000	0.0000	0.0000	0.0000	0.0000	0.0000	0.0010	0.0008	0.0002	0.0008	0.0008	0.0000	0.0002	0.0000	0.0002	0.0654	0.0567	0.0087	0.0162	0.0158	0.0003	0.0493	0.0409	0.0084	0.1466	0.0887	0.0579	0.0392	0.0359	0.0032	0.1075	0.0528	0.0547	0.0000	0.0000	0.0000	0.0000	0.0000	0.0000	0.0000	0.0000	0.0000	0.0071	0.0094	0.0037	0.0213	0.0232	0.0000	0.0020	0.0000	0.0039		
39	84	0.1307	10	0	2	0	0	0	0	0	0	N	Y	N	N	N	N	N	N	N	N	N	N	0.0000	0.0000	0.0000	0.0000	0.0000	0.0000	0.0000	0.0000	0.0000	0.0000	0.0000	0.0000	0.0000	0.0000	0.0000	0.0000	0.0000	0.0000	2.2498	3.0820	0.8519	0.0263	0.0093	0.2030	3.0984	5.1490	0.8968	0.1646	0.0000	-0.4651	1.1272	7.1084	11.0864	28.8937	0.0000	0.0000	0.0000	0.0000	0.0000	0.0000	0.0000	0.0000	0.0000	1.1579	0.9943	0.1636	0.0037	0.0012	0.0025	1.1541	0.9931	0.1611	0.0772	0.0668	0.0104	0.0199	0.0193	0.0006	0.0573	0.0475	0.0098	0.5147	0.3226	0.1921	0.1422	0.1297	0.0124	0.3725	0.1929	0.1796	0.0000	0.0000	0.0000	0.0000	0.0000	0.0000	0.0000	0.0000	0.0000	2.2498	3.0820	0.8519	0.0263	0.0093	0.2030	3.0984	5.1490	0.8968	
39	85	0.1233	9	0	2	0	0	0	0	0	0	N	Y	N	N	N	N	N	N	N	N	N	N	0.0000	0.0000	0.0000	0.0000	0.0000	0.0000	0.0000	0.0000	0.0000	0.0000	0.0000	0.0000	0.0000	0.0000	0.0000	0.0000	0.0000	0.0000	5.0475	0.1200	18.6765	0.1596	0.1572	0.2119	7.8997	0.0814	17.3065	59.6819	0.0000	0.3553	1.1272	2.2208	11.0864	3.9129	0.0000	0.0000	0.0000	0.0000	0.0000	0.0000	0.0000	0.0000	0.0000	0.8064	0.0133	0.7931	0.0094	0.0089	0.0005	0.7970	0.0044	0.7926	0.0359	0.0316	0.0042	0.0139	0.0133	0.0006	0.0220	0.0184	0.0036	0.1598	0.1107	0.0490	0.0589	0.0564	0.0025	0.1009	0.0544	0.0465	0.0000	0.0000	0.0000	0.0000	0.0000	0.0000	0.0000	0.0000	0.0000	5.0475	0.1200	16.1791	0.1596	0.1572	0.2119	7.8997	0.0814	17.0323	
39	86	0.1987	11	0	1	1	0	0	0	0	0	N	N	N	N	N	N	N	N	N	N	N	N	0.0000	0.0000	0.0000	0.0000	0.0000	0.0000	0.0000	0.0000	0.0000	0.0000	0.0000	0.0000	0.0000	0.0000	0.0000	0.0000	0.0000	5.3127	0.0046	13.5836	0.0091	0.0099	0.0039	7.8611	0.0000	15.1867	1899.2252	0.0000	0.4468	1.1272	5.3425	11.0864	7.0749	0.0000	0.0000	0.0000	0.0000	0.0000	0.0000	0.0000	0.0000	0.0000	0.9786	0.0005	0.9781	0.0005	0.0005	0.0000	0.9781	0.0000	0.9781	0.0630	0.0550	0.0081	0.0169	0.0165	0.0004	0.0462	0.0385	0.0077	0.1842	0.1122	0.0720	0.0598	0.0522	0.0076	0.1244	0.0600	0.0644	0.0000	0.0000	0.0000	0.0000	0.0000	0.0000	0.0000	0.0000	0.0000	5.3127	0.0046	13.5836	0.0091	0.0099	0.0039	7.8611	0.0000	15.1867		
39	87	0.1556	10	0	1	0	0	0	0	0	0	N	N	N	N	N	N	N	N	N	N	N	N	0.0003	0.0004	0.0000	0.0006	0.0005	0.0000	0.0000	0.0000	0.0000	0.0000	0.0001	0.0000	0.0001	0.0002	0.0000	0.0000	0.0000	0.0000	0.1473	0.1433	0.1552	0.2495	0.2777	0.0001	0.0849	0.0014	0.1752	0.0000	0.5501	-0.0000	-0.0114	1.1272	7.0719	11.0864	13.7350	0.0000	0.0000	0.0000	0.0000	0.0000	0.0000	0.0000	0.0000	0.0000	0.0607	0.0392	0.0216	0.0390	0.0390	0.0000	0.0217	0.0002	0.0216	0.0911	0.0800	0.0112	0.0281	0.0274	0.0008	0.0630	0.0526	0.0104	0.4125	0.2736	0.1389	0.1563	0.1405	0.0159	0.2561	0.1331	0.1230	0.0003	0.0004	0.0000	0.0006	0.0005	0.0000	0.0000	0.0000	0.0000	0.1473	0.1433	0.1552	0.2495	0.2777	0.0001	0.0849	0.0014	0.1752
39	88	0.1988	18	1	1	1	0	0	0	0	0	N	N	N	N	N	N	N	N	N	N	N	N	0.0000	0.0000	0.0000	0.0000	0.0000	0.0000	0.0000	0.0000	0.0000	0.0000	0.0000	0.0000	0.0000	0.0000	0.0000	0.0000	0.0000	0.0000	0.0000	0.0000	1.1272	0.0000	11.0864	0.0000	0.0000	0.0000	0.0000	0.0000	0.0000	0.0000	0.0000	0.0000	0.0000	0.0000	0.0000	0.0000	0.0000	0.0000	0.0000	0.0000	0.0000	0.0000	0.0000	0.0000	0.0000	0.0000	0.0000	0.0000	0.0000	0.0000	0.0000	0.0000	0.0000	0.0000	0.0000	0.0000	0.0000	0.0000	0.0000	0.0000	0.0000	0.0000	0.0000	0.0000	0.0000	0.0000	0.0000	0.0000	0.0000	0.0000	0.0000	0.0000	0.0000	0.0000	0.0000	0.0000	0.0000	0.0000											
39	89	0.1968	17	1	1	1	0	0	0	0	0	N	N	N	N	N	N	N	N	N	N	N	N	0.0000	0.0000	0.0000	0.0000	0.0000	0.0000	0.0000	0.0000	0.0000	0.0000	0.0000	0.0000	0.0000	0.0000	0.0000	0.0000	0.0000	0.0000	0.0000	0.0000	0.0000	0.0000	inf	0.0000	0.0000	1.1272	0.0001	11.0864	0.9161	0.0000	0.0000	0.0000	0.0000	0.0000	0.0000	0.0000	0.0000	0.0000	0.0000	0.0000	0.0000	0.0000	0.0000	0.0000	0.0000	0.0000	0.0000	0.0000	0.0000	0.0000	0.0000	0.0000	0.0000	0.0000	0.0000	0.0000	0.0233	0.0159	0.0075	0.0092	0.0088	0.0004	0.0141	0.0071	0.0070	0.0000	0.0000	0.0000	0.0000	0.0000	0.0000	0.0000	0.0000	0.0000	0.0000	0.0000	0.0000	0.0000	0.0000	0.0000	0.0000	0.0000	0.0000						
39	90	0.1721	16	1	1	1	0	0	0	0	0	N	N	N	N	N	N	N	N	N	N	N	N	0.0000	0.0000	0.0000	0.0000	0.0000	0.0000	0.0000	0.0000	0.0000	0.0000	0.0000	0.0000	0.0000	0.0000	0.0000	0.0000	0.0003	0.0000	0.0006	0.0000	0.0001	0.0000	0.0003	0.0000	0.0007	15.9917	0.0000	0.0000	1.1272	3.7876	11.0864	7.8440	0.0000	0.0000	0.0000	0.0000	0.0000	0.0000	0.0000	0.0000	0.0000	0.0000	0.0000	0.0000	0.0000	0.0000	0.0000	0.0000	0.0000	0.0000	0.0429	0.0372	0.0057	0.0119	0.0115	0.0004	0.0310	0.0257	0.0053	0.1676	0.1047	0.0629	0.0532	0.0486	0.0046	0.1144	0.0561	0.0583	0.0000	0.0000	0.0000	0.0000	0.0000	0.0000	0.0000	0.0000	0.0000	0.0003	0.0000	0.0006	0.0000	0.0001	0.0000	0.0003	0.0000	0.0007			
39	91	0.0829	6	0	2	0	1	0	0	0	0	N	Y	N	N	N	N	N	N	N	N	N	N	0.0000	0.0000	0.0000	0.0000	0.0000	0.0000	0.0000	0.0000	0.0000	0.0000	0.0000	0.0000	0.0000	0.0000	0.0000	0.0000	0.0000	0.3034	0.5129	0.0000	0.0160	0.0174	0.0000	0.3872	0.8219	0.0000	0.0000	0.0000	-0.0000	-0.0447	1.1272	1.8247	11.0864	16.3284	0.0000	0.0000	0.0000	0.0000	0.0000	0.0000	0.0000	0.0000	0.0000	0.0824	0.0824	0.0000	0.0010	0.0010	0.0000	0.0814	0.0814	0.0000	0.0248	0.0216	0.0032	0.0067	0.0066	0.0001	0.0181	0.0150	0.0031	0.2716	0.1607	0.1110	0.0613	0.0564	0.0049	0.2103	0.1043	0.1061	0.0000	0.0000	0.0000	0.0000	0.0000	0.0000	0.0000	0.0000	0.0000	0.3034	0.5129	0.0000	0.0160	0.0174	0.0000	0.3872	0.7810	0.0000	
39	92	0.0933	7	0	2	0	0	0	0	0	0	N	Y	N	N	N	N	N	N	N	N	N	N	0.0000	0.0000	0.0000	0.0000	0.0000	0.0000	0.0000	0.0000	0.0000	0.0000	0.0000	0.0000	0.0000	0.0000	0.0000	0.0000	0.0001	0.0002	0.0000	0.0005	0.0005	0.0000	0.0000	0.0000	0.0000	0.0006	0.0000	-0.0000	1.1272	9.1310	11.0864	16.1726	0.0000	0.0000	0.0000	0.0000	0.0000	0.0000	0.0000	0.0000	0.0000	0.0000	0.0000	0.0000	0.0000	0.0000	0.0000	0.0000	0.0000	0.0000	0.1003	0.0867	0.0136	0.0226	0.0221	0.0005	0.0777	0.0646	0.0131	0.3277	0.1948	0.1330	0.0702	0.0642	0.0060	0.2576	0.1306	0.1270	0.0000	0.0000	0.0000	0.0000	0.0000	0.0000	0.0000	0.0000	0.0000	0.0001	0.0002	0.0000	0.0005	0.0005	0.0000	0.0000	0.0000	0.0000			
39	93	0.0450	3	0	2	0	0	0	0	0	0	N	Y	N	N	N	N	N	N	N	N	N	N	0.3042	612.1382	0.0000	534.5910	567.4001	0.0000	0.0000	0.0000	1.1359	1.5585	0.0000	3.9825	3.9940	0.0000	0.0000	0.0000	0.0000	3.7344	0.0025	8.7104	0.0074	0.0070	0.0127	4.8038	0.0000	9.0538	0.0000	2565.8403	-0.0318	0.4582	1.1272	4.0959	11.0864	8.7137	0.0835	0.0835	0.0000	0.0835	0.0835	0.0000	0.0000	0.0000	0.0000	1.0034	0.0004	1.0030	0.0004	0.0004	0.0001	1.0029	0.0000	1.0029	0.0735	0.0535	0.0199	0.0210	0.0209	0.0001	0.0525	0.0327	0.0199	0.2687	0.1535	0.1151	0.0599	0.0555	0.0044	0.2088	0.0980	0.1108	0.3042	612.1382	0.0000	534.5910	567.4001	0.0000	0.0000	0.0000	0.0000	3.7344	0.0025	8.7104	0.0074	0.0070	0.0127	4.8038	0.0000	9.0538	
39	94	0.0267	2	0	2	0	0	0	0	0	0	N	Y	N	N	N	N	N	N	N	N	N	N	13.5839	20.4879	6.9126	7.8467	7.8045	0.0000	9.2592	4.9427	6.9014	1.8760	2.4293	1.1109	3.3028	3.3030	0.0000	0.8138	0.0017	1.1110	0.1381	0.1186	0.1607	0.4209	0.4232	0.0097	0.0879	0.0003	0.1610	0.3307	1.1715	-0.0404	-0.0001	1.1272	2.9443	11.0864	6.1524	0.3050	0.2292	0.0758	0.2292	0.2292	0.0000	0.0758	0.0000	0.0758	0.0245	0.0113	0.0132	0.0112	0.0112	0.0000	0.0132	0.0000	0.0132	0.1626	0.0943	0.0682	0.0694	0.0694	0.0000	0.0932	0.0250	0.0682	0.1772	0.0950	0.0821	0.0267	0.0266	0.0001	0.1505	0.0685	0.0820	13.5839	20.4879	6.9126	7.8467	7.8045	0.0000	9.2592	4.9427	6.9014	0.1381	0.1186	0.1607	0.4209	0.4232	0.0097	0.0879	0.0003	0.1610
39	98	0.1721	16	0	2	0	0	0	0	0	0	N	Y	N	N	N	N	N	N	N	N	N	N	0.0000	0.0000	0.0000	0.0000	0.0000	0.0000	0.0000	0.0000	0.0000	0.0000	0.0000	0.0000	0.0000	0.0000	0.0000	0.0000	0.0000	0.0000	0.0000	0.0000	0.0000	0.0000	0.0000	0.0000	0.0000	0.0018	0.0000	-0.0000	1.1272	1.3608	11.0864	12.1483	0.0000	0.0000	0.0000	0.0000	0.0000	0.0000	0.0000	0.0000	0.0000	0.0000	0.0000	0.0000	0.0000	0.0000	0.0000	0.0000	0.0000	0.0000	0.0172	0.0151	0.0022	0.0058	0.0056	0.0002	0.0114	0.0094	0.0019	0.1901	0.1184	0.0717	0.0597	0.0544	0.0053	0.1304	0.0640	0.0664	0.0000	0.0000	0.0000	0.0000	0.0000	0.0000	0.0000	0.0000	0.0000	0.0000	0.0000	0.0000	0.0000	0.0000	0.0000	0.0000	0.0000	0.0000			
39	99	0.1684	15	0	1	0	0	0	0	0	0	N	N	N	N	N	N	N	N	N	N	N	N	0.0000	0.0000	0.0000	0.0000	0.0000	0.0000	0.0000	0.0000	0.0000	0.0000	0.0000	0.0000	0.0000	0.0000	0.0000	0.0000	0.0000	0.0001	0.0000	0.0001	0.0000	0.0000	0.0000	0.0001	0.0001	0.0001	2.1008	0.0000	0.0000	1.1272	1.5300	11.0864	0.7696	0.0000	0.0000	0.0000	0.0000	0.0000	0.0000	0.0000	0.0000	0.0000	0.0000	0.0000	0.0000	0.0000	0.0000	0.0000	0.0000	0.0000	0.0000	0.0193	0.0167	0.0026	0.0057	0.0054	0.0003	0.0137	0.0113	0.0024	0.0401	0.0257	0.0144	0.0138	0.0128	0.0010	0.0263	0.0129	0.0135	0.0000	0.0000	0.0000	0.0000	0.0000	0.0000	0.0000	0.0000	0.0000	0.0001	0.0000	0.0001	0.0000	0.0000	0.0000	0.0001	0.0001	0.0001		
39	100	0.1595	14	0	1	0	0	0	0	0	0	N	N	N	N	N	N	N	N	N	N	N	N	0.0000	0.0000	0.0000	0.0000	0.0000	0.0000	0.0000	0.0000	0.0000	0.0000	0.0000	0.0000	0.0000	0.0000	0.0000	0.0000	0.0000	0.0000	0.0000	0.0000	0.0000	0.0000	inf	0.0000	0.0000	1.1272	3.6906	11.0864	1.4800	0.0000	0.0000	0.0000	0.0000	0.0000	0.0000	0.0000	0.0000	0.0000	0.0000	0.0000	0.0000	0.0000	0.0000	0.0000	0.0000	0.0000	0.0000	0.0400	0.0346	0.0054	0.0097	0.0095	0.0002	0.0303	0.0251	0.0052	0.0758	0.0465	0.0293	0.0227	0.0203	0.0023	0.0531	0.0262	0.0270	0.0000	0.0000	0.0000	0.0000	0.0000	0.0000	0.0000	0.0000	0.0000	0.0000	0.0000	0.0000	0.0000	0.0000	0.0000	0.0000	0.0000	0.0000						
39	101	0.1595	13	0	1	0	0	0	0	0	0	N	N	N	N	N	N	N	N	N	N	N	N	0.0000	0.0000	0.0000	0.0000	0.0000	0.0000	0.0000	0.0000	0.0000	0.0000	0.0000	0.0000	0.0000	0.0000	0.0000	0.0000	0.0000	0.0000	0.0000	0.0000	0.0000	0.0000	0.0000	0.0000	0.0000	0.0000	1.0000	0.0000	-0.0000	1.1272	0.1361	11.0864	0.4500	0.0000	0.0000	0.0000	0.0000	0.0000	0.0000	0.0000	0.0000	0.0000	0.0000	0.0000	0.0000	0.0000	0.0000	0.0000	0.0000	0.0000	0.0000	0.0024	0.0022	0.0003	0.0008	0.0008	0.0000	0.0016	0.0013	0.0003	0.0122	0.0079	0.0043	0.0046	0.0042	0.0004	0.0076	0.0037	0.0039	0.0000	0.0000	0.0000	0.0000	0.0000	0.0000	0.0000	0.0000	0.0000	0.0000	0.0000	0.0000	0.0000	0.0000	0.0000	0.0000	0.0000	0.0000		
39	102	0.1436	12	0	1	0	0	0	0	0	0	N	N	N	N	N	N	N	N	N	N	N	N	0.0000	0.0000	0.0000	0.0000	0.0000	0.0000	0.0000	0.0000	0.0000	0.0000	0.0000	0.0000	0.0000	0.0000	0.0000	0.0000	0.0000	0.0003	0.0005	0.0001	0.0011	0.0012	0.0000	0.0000	0.0000	0.0001	0.0874	0.0000	-0.0000	1.1272	3.5591	11.0864	4.5341	0.0000	0.0000	0.0000	0.0000	0.0000	0.0000	0.0000	0.0000	0.0000	0.0000	0.0000	0.0000	0.0000	0.0000	0.0000	0.0000	0.0000	0.0000	0.0411	0.0357	0.0054	0.0106	0.0104	0.0002	0.0306	0.0254	0.0052	0.1265	0.0767	0.0498	0.0343	0.0316	0.0027	0.0922	0.0451	0.0471	0.0000	0.0000	0.0000	0.0000	0.0000	0.0000	0.0000	0.0000	0.0000	0.0003	0.0005	0.0001	0.0011	0.0012	0.0000	0.0000	0.0000	0.0001		
39	103	0.1220	11	0	1	0	0	0	0	0	0	N	N	N	N	N	N	N	N	N	N	N	N	0.0000	0.0000	0.0000	0.0000	0.0000	0.0000	0.0000	0.0000	0.0000	0.0000	0.0000	0.0000	0.0000	0.0000	0.0000	0.0000	0.0000	0.0000	0.0048	0.0010	0.0104	0.0021	0.0023	0.0000	0.0057	0.0002	0.0109	6.6225	0.0000	0.0003	1.1272	2.8937	11.0864	8.0733	0.0000	0.0000	0.0000	0.0000	0.0000	0.0000	0.0000	0.0000	0.0000	0.0008	0.0001	0.0007	0.0001	0.0001	0.0000	0.0007	0.0000	0.0007	0.0364	0.0316	0.0048	0.0090	0.0089	0.0001	0.0274	0.0227	0.0047	0.1698	0.1022	0.0676	0.0439	0.0407	0.0032	0.1259	0.0615	0.0644	0.0000	0.0000	0.0000	0.0000	0.0000	0.0000	0.0000	0.0000	0.0000	0.0048	0.0010	0.0104	0.0021	0.0023	0.0000	0.0057	0.0002	0.0109	
39	104	0.1167	7	0	2	0	0	0	0	0	0	N	Y	N	N	N	N	N	N	N	N	N	N	0.0000	0.0000	0.0000	0.0000	0.0000	0.0000	0.0000	0.0000	0.0000	0.0000	0.0000	0.0000	0.0000	0.0000	0.0000	0.0000	0.0000	0.0000	0.0112	0.0148	0.0000	0.0289	0.0303	0.0000	0.0000	0.0000	0.0000	0.0007	0.0000	-0.0003	1.1272	0.0277	11.0864	1.3445	0.0000	0.0000	0.0000	0.0000	0.0000	0.0000	0.0000	0.0000	0.0000	0.0005	0.0005	0.0000	0.0005	0.0005	0.0000	0.0000	0.0000	0.0000	0.0005	0.0004	0.0001	0.0002	0.0002	0.0000	0.0003	0.0002	0.0001	0.0431	0.0328	0.0103	0.0168	0.0160	0.0008	0.0263	0.0168	0.0095	0.0000	0.0000	0.0000	0.0000	0.0000	0.0000	0.0000	0.0000	0.0000	0.0112	0.0148	0.0000	0.0289	0.0303	0.0000	0.0000	0.0000	0.0000	
39	105	0.0700	6	0	2	0	0	0	0	0	0	N	Y	N	N	N	N	N	N	N	N	N	N	3185.5063	3633.4274	0.0000	4.4352	4.2977	0.0000	6323.0483	13341.9403	0.0000	15.3824	18.1059	0.0000	0.0525	0.0536	0.0000	20.8026	25.8843	0.0000	0.0048	0.0050	0.0046	0.0118	0.0125	0.0000	0.0033	0.0019	0.0047	0.0000	0.6387	-0.3510	-0.0002	1.1272	5.1414	11.0864	16.4151	0.9212	0.9212	0.0000	0.0008	0.0008	0.0000	0.9203	0.9203	0.0000	0.0014	0.0009	0.0006	0.0006	0.0006	0.0000	0.0008	0.0002	0.0006	0.0599	0.0509	0.0090	0.0156	0.0153	0.0003	0.0442	0.0356	0.0087	0.2969	0.1756	0.1213	0.0535	0.0507	0.0027	0.2434	0.1248	0.1186	3185.5063	3633.4274	0.0000	4.4352	4.2977	0.0000	6323.0483	13341.9403	0.0000	0.0048	0.0050	0.0046	0.0118	0.0125	0.0000	0.0033	0.0019	0.0047
39	106	0.0618	5	0	1	0	0	0	0	0	0	N	N	N	N	N	N	N	N	N	N	N	N	0.7749	0.0734	8.8275	0.0407	0.0404	0.0000	2.9769	1.5906	8.9567	0.0209	0.0025	0.1346	0.0032	0.0033	0.0000	0.0260	0.0023	0.1391	0.0270	0.0345	0.0152	0.0782	0.0805	0.0011	0.0087	0.0014	0.0155	8.5997	0.2816	0.0005	-0.0010	1.1272	3.8974	11.0864	1.6364	0.0009	0.0001	0.0008	0.0000	0.0000	0.0000	0.0009	0.0001	0.0008	0.0032	0.0025	0.0007	0.0024	0.0024	0.0000	0.0008	0.0001	0.0007	0.0438	0.0377	0.0061	0.0097	0.0095	0.0002	0.0341	0.0282	0.0059	0.1173	0.0716	0.0456	0.0308	0.0299	0.0009	0.0864	0.0417	0.0447	0.7749	0.0734	8.8275	0.0407	0.0404	0.0000	2.9769	1.5906	8.9567	0.0270	0.0345	0.0152	0.0782	0.0805	0.0011	0.0087	0.0014	0.0155
39	109	0.1523	12	1	2	0	1	0	0	0	0	N	Y	N	N	N	N	N	N	N	N	N	N	0.0000	0.0000	0.0000	0.0000	0.0000	0.0000	0.0000	0.0000	0.0000	0.0000	0.0000	0.0000	0.0000	0.0000	0.0000	0.0000	0.0000	0.0000	0.0000	0.0000	1.1272	0.0000	11.0864	0.0000	0.0000	0.0000	0.0000	0.0000	0.0000	0.0000	0.0000	0.0000	0.0000	0.0000	0.0000	0.0000	0.0000	0.0000	0.0000	0.0000	0.0000	0.0000	0.0000	0.0000	0.0000	0.0000	0.0000	0.0000	0.0000	0.0000	0.0000	0.0000	0.0000	0.0000	0.0000	0.0000	0.0000	0.0000	0.0000	0.0000	0.0000	0.0000	0.0000	0.0000	0.0000	0.0000	0.0000	0.0000	0.0000	0.0000	0.0000	0.0000	0.0000	0.0000	0.0000	0.0000	0.0000	0.0000											
39	110	0.1373	11	1	2	0	1	0	0	0	0	N	Y	N	N	N	N	N	N	N	N	N	N	0.0000	0.0000	0.0000	0.0000	0.0000	0.0000	0.0000	0.0000	0.0000	0.0000	0.0000	0.0000	0.0000	9.3231	0.0000	38.9501	0.0000	0.0000	0.0000	13.2099	0.0000	38.9778	inf	0.0000	0.4570	1.1272	0.0000	11.0864	7.1240	0.0000	0.0000	0.0000	0.0000	0.0000	0.0000	0.0000	0.0000	0.0000	1.0000	0.0000	1.0000	0.0000	0.0000	0.0000	1.0000	0.0000	1.0000	0.0000	0.0000	0.0000	0.0000	0.0000	0.0000	0.0000	0.0000	0.0000	0.1073	0.0662	0.0411	0.0316	0.0283	0.0033	0.0757	0.0379	0.0378	0.0000	0.0000	0.0000	0.0000	0.0000	0.0000	0.0000	0.0000	0.0000	9.3231	0.0000	24.3298	0.0000	0.0000	0.0000	13.2099	0.0000	26.4477						
39	111	0.1462	13	0	2	0	1	0	0	0	0	N	Y	N	N	N	N	N	N	N	N	N	N	0.0000	0.0000	0.0000	0.0000	0.0000	0.0000	0.0000	0.0000	0.0000	0.0000	0.0000	0.0000	0.0000	0.0000	0.0000	0.0000	0.0000	0.0000	0.0000	0.0000	0.0000	0.0000	0.1818	0.0000	-0.0000	1.1272	0.0016	11.0864	5.0076	0.0000	0.0000	0.0000	0.0000	0.0000	0.0000	0.0000	0.0000	0.0000	0.0000	0.0000	0.0000	0.0000	0.0000	0.0000	0.0000	0.0000	0.0000	0.0000	0.0000	0.0000	0.0000	0.0000	0.0000	0.0000	0.0000	0.0000	0.0733	0.0458	0.0275	0.0240	0.0207	0.0033	0.0494	0.0251	0.0242	0.0000	0.0000	0.0000	0.0000	0.0000	0.0000	0.0000	0.0000	0.0000	0.0000	0.0000	0.0000	0.0000	0.0000	0.0000	0.0000	0.0000	0.0000						
39	112	0.1394	12	0	2	0	1	0	0	0	0	N	Y	N	N	N	N	N	N	N	N	N	N	0.0000	0.0000	0.0000	0.0000	0.0000	0.0000	0.0000	0.0000	0.0000	0.0000	0.0000	0.0000	0.0000	0.0000	0.0000	0.0000	0.0000	0.0000	0.0000	0.0000	0.0000	0.0000	inf	0.0000	0.0000	1.1272	1.0012	11.0864	2.1373	0.0000	0.0000	0.0000	0.0000	0.0000	0.0000	0.0000	0.0000	0.0000	0.0000	0.0000	0.0000	0.0000	0.0000	0.0000	0.0000	0.0000	0.0000	0.0107	0.0092	0.0015	0.0024	0.0023	0.0001	0.0083	0.0069	0.0014	0.0520	0.0322	0.0197	0.0171	0.0153	0.0018	0.0349	0.0169	0.0179	0.0000	0.0000	0.0000	0.0000	0.0000	0.0000	0.0000	0.0000	0.0000	0.0000	0.0000	0.0000	0.0000	0.0000	0.0000	0.0000	0.0000	0.0000						
39	113	0.1477	12	0	2	0	0	0	0	0	0	N	Y	N	N	N	N	N	N	N	N	N	N	0.0000	0.0000	0.0000	0.0000	0.0000	0.0000	0.0000	0.0000	0.0000	0.0000	0.0000	0.0000	0.0000	0.0000	0.0000	0.0000	0.1271	0.2030	0.0000	0.4239	0.4744	0.0000	0.0000	0.0000	0.0000	0.0000	0.0000	-0.0062	1.1272	0.9705	11.0864	5.0371	0.0000	0.0000	0.0000	0.0000	0.0000	0.0000	0.0000	0.0000	0.0000	0.0114	0.0114	0.0000	0.0114	0.0114	0.0000	0.0000	0.0000	0.0000	0.0117	0.0102	0.0015	0.0032	0.0031	0.0001	0.0085	0.0071	0.0015	0.0894	0.0560	0.0334	0.0268	0.0239	0.0029	0.0626	0.0320	0.0306	0.0000	0.0000	0.0000	0.0000	0.0000	0.0000	0.0000	0.0000	0.0000	0.1271	0.2030	0.0000	0.4239	0.4744	0.0000	0.0000	0.0000	0.0000			
39	114	0.1394	12	0	1	1	1	0	0	0	0	N	N	N	N	N	N	N	N	N	N	N	N	0.0000	0.0000	0.0000	0.0000	0.0000	0.0000	0.0000	0.0000	0.0000	0.0000	0.0000	0.0000	0.0000	43.4176	69.8255	0.0000	0.0000	0.0000	0.0000	67.8704	149.7579	0.0000	0.0000	0.0000	-0.5430	1.1272	0.0000	11.0864	1.1303	0.0000	0.0000	0.0000	0.0000	0.0000	0.0000	0.0000	0.0000	0.0000	1.0000	1.0000	0.0000	0.0000	0.0000	0.0000	1.0000	1.0000	0.0000	0.0000	0.0000	0.0000	0.0000	0.0000	0.0000	0.0000	0.0000	0.0000	0.0230	0.0143	0.0087	0.0083	0.0076	0.0007	0.0147	0.0067	0.0081	0.0000	0.0000	0.0000	0.0000	0.0000	0.0000	0.0000	0.0000	0.0000	43.4176	69.8255	0.0000	0.0000	0.0000	0.0000	67.8704	149.7579	0.0000						
39	115	0.1373	11	0	1	0	1	0	0	0	0	N	N	N	N	N	N	N	N	N	N	N	N	0.0000	0.0000	0.0000	0.0000	0.0000	0.0000	0.0000	0.0000	0.0000	0.0000	0.0000	0.0000	0.0000	0.0000	0.0000	0.0000	0.0000	0.0000	0.0000	0.0000	1.1272	0.0000	11.0864	1.2340	0.0000	0.0000	0.0000	0.0000	0.0000	0.0000	0.0000	0.0000	0.0000	0.0000	0.0000	0.0000	0.0000	0.0000	0.0000	0.0000	0.0000	0.0000	0.0000	0.0000	0.0000	0.0000	0.0000	0.0000	0.0000	0.0000	0.0000	0.0248	0.0155	0.0094	0.0085	0.0079	0.0006	0.0163	0.0075	0.0088	0.0000	0.0000	0.0000	0.0000	0.0000	0.0000	0.0000	0.0000	0.0000	0.0000	0.0000	0.0000	0.0000	0.0000	0.0000	0.0000	0.0000	0.0000											
39	116	0.1448	12	0	1	1	1	0	0	0	0	N	N	N	N	N	N	N	N	N	N	N	N	inf	inf	inf	inf	0.0052	0.0059	0.0000	0.0000	0.0000	0.0000	0.0077	0.0091	0.0000	0.0000	0.0000	0.0000	0.0000	0.0000	0.0000	0.0000	0.0000	0.0000	0.0000	-0.0000	0.0000	1.1272	0.9725	11.0864	0.9874	0.0001	0.0001	0.0000	0.0000	0.0000	0.0000	0.0001	0.0001	0.0000	0.0000	0.0000	0.0000	0.0000	0.0000	0.0000	0.0000	0.0000	0.0000	0.0115	0.0101	0.0014	0.0038	0.0035	0.0002	0.0077	0.0065	0.0012	0.0301	0.0191	0.0110	0.0094	0.0084	0.0010	0.0207	0.0108	0.0099	inf	inf	0.0000	0.0000	0.0000	0.0000	inf	inf	0.0000	0.0000	0.0000	0.0000	0.0000	0.0000	0.0000	0.0000	0.0000	0.0000						
39	117	0.1448	12	0	1	1	1	0	0	0	0	N	N	N	N	N	N	N	N	N	N	N	N	inf	inf	inf	inf	0.0524	0.0590	0.0000	0.0000	0.0000	0.0000	0.1030	0.1181	0.0000	0.0000	0.0000	0.0000	0.0000	0.0000	0.0000	0.0000	0.0000	0.0000	0.0000	-0.0000	0.0000	1.1272	0.0285	11.0864	4.0215	0.0001	0.0001	0.0000	0.0000	0.0000	0.0000	0.0001	0.0001	0.0000	0.0000	0.0000	0.0000	0.0000	0.0000	0.0000	0.0000	0.0000	0.0000	0.0011	0.0010	0.0001	0.0006	0.0005	0.0001	0.0006	0.0005	0.0001	0.0596	0.0374	0.0222	0.0181	0.0161	0.0021	0.0414	0.0214	0.0201	inf	inf	0.0000	0.0000	0.0000	0.0000	inf	inf	0.0000	0.0000	0.0000	0.0000	0.0000	0.0000	0.0000	0.0000	0.0000	0.0000						
39	118	0.1373	11	0	1	1	1	0	0	0	0	N	N	N	N	N	N	N	N	N	N	N	N	inf	inf	inf	inf	6.4538	7.4884	0.0000	0.0000	0.0000	0.0000	8.3244	10.0470	0.0000	0.0000	0.0000	0.0000	0.0000	0.0000	0.0000	0.0000	0.0000	0.0000	0.0000	-0.0786	0.0000	1.1272	3.0275	11.0864	2.1573	0.2062	0.2062	0.0000	0.0000	0.0000	0.0000	0.2062	0.2062	0.0000	0.0000	0.0000	0.0000	0.0000	0.0000	0.0000	0.0000	0.0000	0.0000	0.0320	0.0275	0.0044	0.0072	0.0070	0.0002	0.0248	0.0205	0.0042	0.0806	0.0498	0.0308	0.0241	0.0217	0.0024	0.0565	0.0280	0.0284	inf	inf	0.0000	0.0000	0.0000	0.0000	inf	inf	0.0000	0.0000	0.0000	0.0000	0.0000	0.0000	0.0000	0.0000	0.0000	0.0000						
39	119	0.1785	11	1	2	0	0	0	0	0	0	N	Y	N	N	N	N	N	N	N	N	N	N	1.0035	3.0922	3.2007	0.0000	0.0000	0.0000	1.2427	inf	3.6118	0.0007	0.0002	0.0059	0.0000	0.0000	0.0000	0.0012	0.0003	0.0071	0.0007	0.0000	0.0018	0.0001	0.0001	0.0000	0.0010	0.0000	0.0020	4.4619	23.4994	0.0000	0.0000	1.1272	2.1883	11.0864	3.1271	0.0000	0.0000	0.0000	0.0000	0.0000	0.0000	0.0000	0.0000	0.0000	0.0001	0.0000	0.0001	0.0000	0.0000	0.0000	0.0001	0.0000	0.0001	0.0304	0.0273	0.0031	0.0123	0.0118	0.0005	0.0181	0.0155	0.0026	0.0828	0.0511	0.0318	0.0242	0.0223	0.0019	0.0587	0.0288	0.0299	1.0035	3.0922	3.2007	0.0000	0.0000	0.0000	1.2427	inf	3.6118	0.0007	0.0000	0.0018	0.0001	0.0001	0.0000	0.0010	0.0000	0.0020
39	120	0.1116	10	1	2	0	0	0	0	0	0	N	Y	N	N	N	N	N	N	N	N	N	N	218575.5956	445052.8477	567439.0919	0.0000	0.0000	0.0000	212938.1441	392900.4774	556326.5127	7.5841	1.6034	46.2405	0.0000	0.0000	0.0000	9.6446	2.1158	47.6310	0.0000	0.0000	0.0001	0.0000	0.0000	0.0000	0.0000	0.0000	0.0001	4.4619	15.0313	0.4911	0.0000	1.1272	13.6104	11.0864	16.0982	1.1267	0.2063	0.9204	0.0000	0.0000	0.0000	1.1267	0.2063	0.9204	0.0000	0.0000	0.0000	0.0000	0.0000	0.0000	0.0000	0.0000	0.0000	0.1486	0.1287	0.0199	0.0317	0.0312	0.0006	0.1168	0.0975	0.0193	0.4029	0.2420	0.1608	0.0952	0.0874	0.0078	0.3077	0.1547	0.1531	218575.5956	445052.8477	567439.0919	0.0000	0.0000	0.0000	212938.1441	392900.4774	556326.5127	0.0000	0.0000	0.0001	0.0000	0.0000	0.0000	0.0000	0.0000	0.0001
39	121	0.1368	12	0	2	0	0	0	0	0	0	N	Y	N	N	N	N	N	N	N	N	N	N	0.0000	0.0000	0.0000	0.0000	0.0000	0.0000	0.0000	0.0000	0.0000	0.0000	0.0000	0.0000	0.0000	0.0000	0.0000	0.0000	0.0000	0.0000	0.0085	0.0120	0.0021	0.0181	0.0204	0.0033	0.0012	0.0006	0.0018	0.0933	0.0000	-0.0006	1.1272	0.3548	11.0864	4.6068	0.0000	0.0000	0.0000	0.0000	0.0000	0.0000	0.0000	0.0000	0.0000	0.0013	0.0012	0.0001	0.0012	0.0012	0.0000	0.0001	0.0000	0.0001	0.0107	0.0096	0.0011	0.0043	0.0043	0.0000	0.0064	0.0053	0.0010	0.1522	0.0989	0.0533	0.0659	0.0568	0.0090	0.0863	0.0420	0.0442	0.0000	0.0000	0.0000	0.0000	0.0000	0.0000	0.0000	0.0000	0.0000	0.0085	0.0120	0.0021	0.0181	0.0204	0.0033	0.0012	0.0006	0.0018	
39	122	0.1220	11	0	2	0	0	0	0	0	0	N	Y	N	N	N	N	N	N	N	N	N	N	0.0000	0.0000	0.0000	0.0000	0.0000	0.0000	0.0000	0.0000	0.0000	0.0000	0.0000	0.0000	0.0000	0.0000	0.0000	0.0000	0.0000	0.0000	0.0113	0.0148	0.0060	0.0052	0.0056	0.0000	0.0135	0.0213	0.0063	0.2685	-0.0000	-0.0005	1.1272	1.6911	11.0864	5.7022	0.0000	0.0000	0.0000	0.0000	0.0000	0.0000	0.0000	0.0000	0.0000	0.0014	0.0011	0.0003	0.0002	0.0002	0.0000	0.0012	0.0009	0.0003	0.0238	0.0208	0.0030	0.0065	0.0064	0.0001	0.0173	0.0144	0.0030	0.1211	0.0728	0.0482	0.0326	0.0303	0.0022	0.0885	0.0425	0.0460	0.0000	0.0000	0.0000	0.0000	0.0000	0.0000	0.0000	0.0000	0.0000	0.0113	0.0148	0.0060	0.0052	0.0056	0.0000	0.0135	0.0213	0.0063	
39	123	0.1116	10	0	1	0	0	0	0	0	0	N	N	N	N	N	N	N	N	N	N	N	N	0.0000	0.0000	0.0000	0.0000	0.0000	0.0000	0.0000	0.0000	0.0000	0.0000	0.0000	0.0000	0.0000	0.0000	0.0000	0.0000	0.0000	0.0000	0.0008	0.0007	0.0011	0.0008	0.0008	0.0000	0.0009	0.0006	0.0011	1.0536	0.0000	-0.0000	1.1272	2.0929	11.0864	3.1856	0.0000	0.0000	0.0000	0.0000	0.0000	0.0000	0.0000	0.0000	0.0000	0.0001	0.0000	0.0000	0.0000	0.0000	0.0000	0.0001	0.0000	0.0000	0.0337	0.0298	0.0038	0.0099	0.0098	0.0001	0.0237	0.0200	0.0037	0.0910	0.0543	0.0367	0.0249	0.0234	0.0015	0.0661	0.0309	0.0352	0.0000	0.0000	0.0000	0.0000	0.0000	0.0000	0.0000	0.0000	0.0000	0.0008	0.0007	0.0011	0.0008	0.0008	0.0000	0.0009	0.0006	0.0011	
39	124	0.1523	13	1	2	0	0	0	0	0	0	N	Y	N	N	N	N	N	N	N	N	N	N	0.0000	0.0000	0.0000	0.0000	0.0000	0.0000	0.0000	0.0000	0.0000	0.0000	0.0000	0.0000	0.0000	0.0000	0.0000	0.0000	0.0000	0.0000	0.0000	0.0000	1.1272	0.0000	11.0864	0.0000	0.0000	0.0000	0.0000	0.0000	0.0000	0.0000	0.0000	0.0000	0.0000	0.0000	0.0000	0.0000	0.0000	0.0000	0.0000	0.0000	0.0000	0.0000	0.0000	0.0000	0.0000	0.0000	0.0000	0.0000	0.0000	0.0000	0.0000	0.0000	0.0000	0.0000	0.0000	0.0000	0.0000	0.0000	0.0000	0.0000	0.0000	0.0000	0.0000	0.0000	0.0000	0.0000	0.0000	0.0000	0.0000	0.0000	0.0000	0.0000	0.0000	0.0000	0.0000	0.0000	0.0000	0.0000											
39	125	0.1477	12	1	2	0	0	0	0	0	0	N	Y	N	N	N	N	N	N	N	N	N	N	0.0000	0.0000	0.0000	0.0000	0.0000	0.0000	0.0000	0.0000	0.0000	0.0000	0.0000	0.0000	0.0000	0.0000	0.0000	0.0000	0.0000	28.2384	44.3984	0.0000	0.0054	0.0060	0.0000	41.3445	81.0412	0.0000	0.0000	0.0000	-0.5368	1.1272	0.1434	11.0864	1.9839	0.0000	0.0000	0.0000	0.0000	0.0000	0.0000	0.0000	0.0000	0.0000	0.9887	0.9887	0.0000	0.0001	0.0001	0.0000	0.9886	0.9886	0.0000	0.0029	0.0026	0.0003	0.0012	0.0012	0.0000	0.0017	0.0014	0.0003	0.0350	0.0223	0.0127	0.0111	0.0101	0.0010	0.0239	0.0122	0.0117	0.0000	0.0000	0.0000	0.0000	0.0000	0.0000	0.0000	0.0000	0.0000	28.2384	44.3984	0.0000	0.0054	0.0060	0.0000	41.3445	81.0412	0.0000		
39	126	0.1373	11	0	2	0	0	0	0	0	0	N	Y	N	N	N	N	N	N	N	N	N	N	0.0000	0.0000	0.0000	0.0000	0.0000	0.0000	0.0000	0.0000	0.0000	0.0000	0.0000	0.0000	0.0000	0.0000	0.0000	0.0000	0.0000	0.1509	0.2433	0.0017	0.0000	0.0000	0.0000	0.2160	0.4585	0.0019	0.0044	0.0000	-0.0061	1.1272	1.8882	11.0864	2.9115	0.0000	0.0000	0.0000	0.0000	0.0000	0.0000	0.0000	0.0000	0.0000	0.0114	0.0113	0.0000	0.0000	0.0000	0.0000	0.0114	0.0113	0.0000	0.0200	0.0173	0.0028	0.0045	0.0044	0.0001	0.0155	0.0129	0.0027	0.0753	0.0465	0.0288	0.0227	0.0204	0.0022	0.0526	0.0261	0.0265	0.0000	0.0000	0.0000	0.0000	0.0000	0.0000	0.0000	0.0000	0.0000	0.1509	0.2433	0.0017	0.0000	0.0000	0.0000	0.2160	0.4339	0.0019		
39	127	0.1116	10	0	1	0	0	0	0	0	0	N	N	N	N	N	N	N	N	N	N	N	N	0.0000	0.0000	0.0000	0.0000	0.0000	0.0000	0.0000	0.0000	0.0000	0.0000	0.0000	0.0000	0.0000	0.0000	0.0000	0.0000	0.0000	0.0001	0.0001	0.0000	0.0002	0.0002	0.0000	0.0000	0.0000	0.0000	0.0063	0.0000	-0.0000	1.1272	3.5543	11.0864	9.0319	0.0000	0.0000	0.0000	0.0000	0.0000	0.0000	0.0000	0.0000	0.0000	0.0000	0.0000	0.0000	0.0000	0.0000	0.0000	0.0000	0.0000	0.0000	0.0490	0.0430	0.0060	0.0128	0.0127	0.0002	0.0361	0.0303	0.0058	0.1916	0.1148	0.0767	0.0479	0.0444	0.0035	0.1436	0.0704	0.0732	0.0000	0.0000	0.0000	0.0000	0.0000	0.0000	0.0000	0.0000	0.0000	0.0001	0.0001	0.0000	0.0002	0.0002	0.0000	0.0000	0.0000	0.0000		
39	128	0.1079	9	0	1	0	0	0	0	0	0	N	N	N	N	N	N	N	N	N	N	N	N	0.0000	0.0000	0.0000	0.0000	0.0000	0.0000	0.0000	0.0000	0.0000	0.0000	0.0000	0.0000	0.0000	0.0000	0.0000	0.0000	0.0000	0.0077	0.0047	0.0124	0.0083	0.0086	0.0000	0.0074	0.0000	0.0128	1.7135	0.0000	0.0001	1.1272	2.6246	11.0864	0.7212	0.0000	0.0000	0.0000	0.0000	0.0000	0.0000	0.0000	0.0000	0.0000	0.0006	0.0002	0.0004	0.0002	0.0002	0.0000	0.0004	0.0000	0.0004	0.0353	0.0308	0.0045	0.0090	0.0089	0.0001	0.0263	0.0219	0.0044	0.0774	0.0472	0.0303	0.0264	0.0255	0.0010	0.0510	0.0217	0.0293	0.0000	0.0000	0.0000	0.0000	0.0000	0.0000	0.0000	0.0000	0.0000	0.0077	0.0047	0.0124	0.0083	0.0086	0.0000	0.0074	0.0000	0.0128		
39	129	0.1022	8	0	1	0	0	0	0	0	0	N	N	N	N	N	N	N	N	N	N	N	N	0.0000	0.0000	0.0000	0.0000	0.0000	0.0000	0.0000	0.0000	0.0000	0.0000	0.0000	0.0000	0.0000	0.0000	0.0000	0.0000	0.0000	0.0000	0.1625	0.0114	0.4203	0.0177	0.0184	0.0074	0.2177	0.0065	0.4403	21.6389	0.0000	0.0053	1.1272	3.3474	11.0864	1.3769	0.0000	0.0000	0.0000	0.0000	0.0000	0.0000	0.0000	0.0000	0.0000	0.0128	0.0006	0.0123	0.0004	0.0004	0.0000	0.0124	0.0002	0.0122	0.0414	0.0359	0.0054	0.0103	0.0101	0.0002	0.0310	0.0258	0.0052	0.0789	0.0498	0.0292	0.0218	0.0205	0.0013	0.0571	0.0293	0.0278	0.0000	0.0000	0.0000	0.0000	0.0000	0.0000	0.0000	0.0000	0.0000	0.1625	0.0114	0.4203	0.0177	0.0184	0.0074	0.2177	0.0065	0.4403	
39	130	0.0933	7	0	1	0	0	0	0	0	0	N	N	N	N	N	N	N	N	N	N	N	N	0.0000	0.0000	0.0000	0.0000	0.0000	0.0000	0.0000	0.0000	0.0000	0.0000	0.0000	0.0000	0.0000	0.0000	0.0000	0.0000	0.0000	13.7205	0.0005	75.9576	0.0002	0.0002	0.0000	18.2887	0.0008	72.0331	42903.0575	0.0000	0.4511	1.1272	0.4686	11.0864	4.0374	0.0000	0.0000	0.0000	0.0000	0.0000	0.0000	0.0000	0.0000	0.0000	0.9871	0.0000	0.9871	0.0000	0.0000	0.0000	0.9871	0.0000	0.9871	0.0102	0.0091	0.0011	0.0036	0.0036	0.0000	0.0066	0.0055	0.0011	0.0719	0.0433	0.0286	0.0180	0.0168	0.0011	0.0540	0.0265	0.0275	0.0000	0.0000	0.0000	0.0000	0.0000	0.0000	0.0000	0.0000	0.0000	13.7205	0.0005	34.4589	0.0002	0.0002	0.0000	18.2887	0.0008	35.8973		
40	41	0.0070	3	0	1	0	1	0	0	0	0	N	N	N	N	N	N	N	N	N	N	N	N	10.0516	8.3866	14.6487	11.6898	11.6761	0.0000	9.2779	0.0000	14.6359	3.3475	2.2494	6.4308	5.0393	5.0461	0.0000	2.5174	0.0000	6.4417	0.3330	0.2682	0.4390	0.4311	0.4322	0.0622	0.2713	0.0000	0.4401	1.0182	1.0012	0.0385	-0.0015	0.4765	10.0333	0.2778	21.8674	0.3118	0.1545	0.1573	0.1545	0.1545	0.0000	0.1573	0.0000	0.1573	0.0348	0.0174	0.0174	0.0174	0.0174	0.0000	0.0174	0.0000	0.0174	0.0931	0.0687	0.0245	0.0307	0.0306	0.0000	0.0625	0.0381	0.0244	0.1045	0.0649	0.0397	0.0404	0.0403	0.0001	0.0642	0.0246	0.0396	10.0516	8.3866	14.6487	11.6898	11.6761	0.0000	9.2779	0.0000	14.6359	0.3330	0.2682	0.4390	0.4311	0.4322	0.0622	0.2713	0.0000	0.4401
40	42	0.1537	14	1	0	1	0	0	0	0	0	N	N	N	N	N	N	N	N	N	N	N	N	0.0000	0.0000	0.0000	0.0000	0.0000	0.0000	0.0000	0.0000	0.0000	0.0001	0.0000	0.0002	0.0001	0.0001	0.0000	0.0000	0.0000	0.0002	6.1692	5.3524	7.2786	7.8630	7.0072	0.2926	5.8297	0.0003	7.3272	1.0000	1.0013	0.0000	-0.0061	0.4765	0.9968	0.2778	1.9513	0.0000	0.0000	0.0000	0.0000	0.0000	0.0000	0.0000	0.0000	0.0000	0.1441	0.0720	0.0721	0.0720	0.0720	0.0000	0.0721	0.0000	0.0721	0.0062	0.0053	0.0009	0.0020	0.0020	0.0000	0.0041	0.0033	0.0008	0.0234	0.0135	0.0099	0.0110	0.0109	0.0001	0.0124	0.0025	0.0098	0.0000	0.0000	0.0000	0.0000	0.0000	0.0000	0.0000	0.0000	0.0000	6.1692	5.3524	7.2786	6.5509	6.5902	0.2829	5.8297	0.0003	7.3272
40	43	0.1405	13	1	0	1	0	0	0	0	0	N	N	N	N	N	N	N	N	N	N	N	N	0.0579	0.0477	0.1200	0.0781	0.0775	0.0000	0.0490	0.0000	0.1198	0.0280	0.0163	0.0998	0.0459	0.0465	0.0000	0.0201	0.0000	0.1026	0.4837	0.3414	0.8317	0.5876	0.5997	0.0035	0.4111	0.0020	0.8561	1.0000	0.9963	0.0001	-0.0004	0.4765	5.0018	0.2778	1.7716	0.0009	0.0004	0.0004	0.0004	0.0004	0.0000	0.0004	0.0000	0.0004	0.0085	0.0043	0.0043	0.0043	0.0043	0.0000	0.0043	0.0000	0.0043	0.0307	0.0264	0.0043	0.0094	0.0092	0.0001	0.0213	0.0172	0.0042	0.0177	0.0125	0.0051	0.0073	0.0071	0.0001	0.0104	0.0054	0.0050	0.0579	0.0477	0.1200	0.0781	0.0775	0.0000	0.0490	0.0000	0.1198	0.4837	0.3414	0.8317	0.5876	0.5997	0.0035	0.4111	0.0020	0.8561
40	44	0.1437	14	1	0	1	0	0	0	0	0	N	N	N	N	N	N	N	N	N	N	N	N	2735.3975	4539.1656	0.0000	3701.3269	3684.4495	0.0000	2313.2262	inf	0.0000	10.6927	12.4452	0.0000	17.2562	17.5403	0.0000	7.7847	9.6828	0.0000	0.0039	0.0027	0.0068	0.0047	0.0048	0.0000	0.0034	0.0000	0.0070	0.0000	1.0000	-0.1254	-0.0000	0.4765	4.9860	0.2778	2.3663	0.3291	0.3291	0.0000	0.1631	0.1631	0.0000	0.1661	0.1661	0.0000	0.0001	0.0000	0.0000	0.0000	0.0000	0.0000	0.0000	0.0000	0.0000	0.0308	0.0264	0.0043	0.0095	0.0093	0.0002	0.0213	0.0171	0.0042	0.0204	0.0146	0.0059	0.0086	0.0084	0.0002	0.0119	0.0062	0.0057	2735.3975	4539.1656	0.0000	3701.3269	3684.4495	0.0000	2313.2262	inf	0.0000	0.0039	0.0027	0.0068	0.0047	0.0048	0.0000	0.0034	0.0000	0.0070
40	45	0.1405	13	1	0	0	0	0	0	0	0	N	N	N	N	N	N	N	N	N	N	N	N	13.3858	19.0967	0.0217	15.8529	15.7009	0.0000	12.0800	65.1272	0.0217	0.3912	0.4477	0.0009	0.5519	0.5565	0.0000	0.3042	0.3755	0.0009	0.0292	0.0234	0.0422	0.0348	0.0354	0.0002	0.0252	0.0058	0.0433	0.0003	0.8013	-0.0000	-0.0000	0.4765	0.0225	0.2778	1.9333	0.0001	0.0001	0.0000	0.0000	0.0000	0.0000	0.0000	0.0000	0.0000	0.0002	0.0001	0.0001	0.0001	0.0001	0.0000	0.0001	0.0000	0.0001	0.0002	0.0002	0.0000	0.0001	0.0001	0.0000	0.0001	0.0001	0.0000	0.0057	0.0040	0.0018	0.0024	0.0024	0.0000	0.0033	0.0016	0.0017	13.3858	19.0967	0.0217	15.8529	15.7009	0.0000	12.0800	65.1272	0.0217	0.0292	0.0234	0.0422	0.0348	0.0354	0.0002	0.0252	0.0058	0.0433
40	46	0.1375	12	1	0	0	0	0	0	0	0	N	N	N	N	N	N	N	N	N	N	N	N	0.0004	0.0003	0.0007	0.0005	0.0005	0.0000	0.0003	0.0000	0.0007	0.0000	0.0000	0.0000	0.0000	0.0000	0.0000	0.0000	0.0000	0.0000	0.0192	0.0135	0.0337	0.0235	0.0240	0.0001	0.0163	0.0000	0.0347	1.0000	1.0010	0.0000	-0.0000	0.4765	1.0095	0.2778	0.3555	0.0000	0.0000	0.0000	0.0000	0.0000	0.0000	0.0000	0.0000	0.0000	0.0001	0.0000	0.0000	0.0000	0.0000	0.0000	0.0000	0.0000	0.0000	0.0063	0.0055	0.0009	0.0019	0.0019	0.0000	0.0044	0.0035	0.0009	0.0036	0.0026	0.0010	0.0015	0.0014	0.0000	0.0021	0.0011	0.0010	0.0004	0.0003	0.0007	0.0005	0.0005	0.0000	0.0003	0.0000	0.0007	0.0192	0.0135	0.0337	0.0235	0.0240	0.0001	0.0163	0.0000	0.0347
40	47	0.0232	5	0	0	1	0	0	0	0	0	N	N	N	N	N	N	N	N	N	N	N	N	0.3115	0.2827	0.3632	0.3433	0.3426	0.0000	0.2894	0.0000	0.3625	0.3271	0.2585	0.4481	0.4077	0.4081	0.0000	0.2722	0.0000	0.4485	1.0500	0.9143	1.2335	1.1876	1.1912	0.2078	0.9408	0.0013	1.2374	0.9821	0.9981	0.0019	-0.0043	0.4765	3.0460	0.2778	11.9126	0.0164	0.0083	0.0081	0.0083	0.0083	0.0000	0.0081	0.0000	0.0081	0.0998	0.0500	0.0499	0.0500	0.0499	0.0000	0.0498	0.0000	0.0498	0.0501	0.0320	0.0181	0.0203	0.0202	0.0000	0.0298	0.0117	0.0181	0.0951	0.0546	0.0404	0.0421	0.0419	0.0002	0.0530	0.0127	0.0403	0.3115	0.2827	0.3632	0.3433	0.3426	0.0000	0.2894	0.0000	0.3625	1.0500	0.9143	1.2335	1.1876	1.1912	0.2078	0.9408	0.0013	1.2374
40	48	0.0098	4	0	0	0	0	0	0	0	0	N	N	N	N	N	N	N	N	N	N	N	N	0.9784	0.9327	1.0387	1.0093	1.0089	0.9682	0.9530	0.0000	1.0383	0.8229	0.7216	0.9571	0.9105	0.9109	0.2091	0.7506	0.0000	0.9575	0.8410	0.7737	0.9214	0.9022	0.9029	0.2160	0.7876	0.0052	0.9222	1.0004	0.9981	0.0036	-0.0030	0.4765	1.1082	0.2778	5.8288	0.0305	0.0153	0.0153	0.0153	0.0153	0.0000	0.0153	0.0000	0.0153	0.0693	0.0347	0.0346	0.0347	0.0346	0.0000	0.0346	0.0000	0.0346	0.0371	0.0211	0.0159	0.0168	0.0168	0.0000	0.0203	0.0044	0.0159	0.0824	0.0448	0.0376	0.0384	0.0384	0.0000	0.0440	0.0065	0.0375	0.9784	0.9327	1.0387	1.0093	1.0089	0.9682	0.9530	0.0000	1.0383	0.8410	0.7737	0.9214	0.9022	0.9029	0.2160	0.7876	0.0052	0.9222
40	49	0.0410	6	0	1	0	0	0	0	0	0	N	N	N	N	N	N	N	N	N	N	N	N	0.0000	0.0000	0.0000	0.0000	0.0000	0.0000	0.0000	0.0000	0.0000	0.0000	0.0000	0.0000	0.0000	0.0000	0.0000	0.0000	0.0000	0.0000	0.0000	0.0000	0.0000	0.0000	0.0000	0.0000	0.0000	1.0000	0.0000	-0.0000	0.4765	0.0000	0.2778	2.0001	0.0000	0.0000	0.0000	0.0000	0.0000	0.0000	0.0000	0.0000	0.0000	0.0000	0.0000	0.0000	0.0000	0.0000	0.0000	0.0000	0.0000	0.0000	0.0000	0.0000	0.0000	0.0000	0.0000	0.0000	0.0000	0.0000	0.0000	0.0051	0.0036	0.0015	0.0019	0.0019	0.0000	0.0032	0.0017	0.0014	0.0000	0.0000	0.0000	0.0000	0.0000	0.0000	0.0000	0.0000	0.0000	0.0000	0.0000	0.0000	0.0000	0.0000	0.0000	0.0000	0.0000	0.0000			
40	50	0.1730	17	1	1	1	0	0	0	0	0	N	N	N	N	N	N	N	N	N	N	N	N	0.0000	0.0000	0.0000	0.0000	0.0000	0.0000	0.0000	0.0000	0.0000	0.0000	0.0000	0.0000	0.0000	0.0000	0.0000	0.0000	0.0000	0.0000	0.0000	0.0000	0.4765	0.0000	0.2778	1.7047	0.0000	0.0000	0.0000	0.0000	0.0000	0.0000	0.0000	0.0000	0.0000	0.0000	0.0000	0.0000	0.0000	0.0000	0.0000	0.0000	0.0000	0.0000	0.0000	0.0000	0.0000	0.0000	0.0000	0.0000	0.0000	0.0000	0.0000	0.0058	0.0045	0.0013	0.0026	0.0026	0.0001	0.0032	0.0019	0.0012	0.0000	0.0000	0.0000	0.0000	0.0000	0.0000	0.0000	0.0000	0.0000	0.0000	0.0000	0.0000	0.0000	0.0000	0.0000	0.0000	0.0000	0.0000											
40	51	0.1730	17	1	1	1	0	0	0	0	0	N	N	N	N	N	N	N	N	N	N	N	N	0.0000	0.0000	0.0000	0.0000	0.0000	0.0000	0.0000	0.0000	0.0000	0.0000	0.0000	0.0000	0.0000	0.0000	0.0000	0.0000	0.0000	0.0000	0.0000	0.0000	0.4765	0.0000	0.2778	0.2953	0.0000	0.0000	0.0000	0.0000	0.0000	0.0000	0.0000	0.0000	0.0000	0.0000	0.0000	0.0000	0.0000	0.0000	0.0000	0.0000	0.0000	0.0000	0.0000	0.0000	0.0000	0.0000	0.0000	0.0000	0.0000	0.0000	0.0000	0.0023	0.0019	0.0003	0.0011	0.0011	0.0000	0.0012	0.0009	0.0003	0.0000	0.0000	0.0000	0.0000	0.0000	0.0000	0.0000	0.0000	0.0000	0.0000	0.0000	0.0000	0.0000	0.0000	0.0000	0.0000	0.0000	0.0000											
40	52	0.1702	16	1	1	1	0	0	0	0	0	N	N	N	N	N	N	N	N	N	N	N	N	0.0000	0.0000	0.0000	0.0000	0.0000	0.0000	0.0000	0.0000	0.0000	0.0000	0.0000	0.0000	0.0000	0.0000	0.0000	0.0000	0.0000	0.0000	0.0000	0.0000	0.0000	0.0000	0.0000	0.0000	0.0000	1.0000	0.0000	-0.0000	0.4765	0.0001	0.2778	1.7968	0.0000	0.0000	0.0000	0.0000	0.0000	0.0000	0.0000	0.0000	0.0000	0.0000	0.0000	0.0000	0.0000	0.0000	0.0000	0.0000	0.0000	0.0000	0.0000	0.0000	0.0000	0.0000	0.0000	0.0000	0.0000	0.0000	0.0000	0.0052	0.0038	0.0014	0.0023	0.0022	0.0001	0.0029	0.0015	0.0014	0.0000	0.0000	0.0000	0.0000	0.0000	0.0000	0.0000	0.0000	0.0000	0.0000	0.0000	0.0000	0.0000	0.0000	0.0000	0.0000	0.0000	0.0000			
40	53	0.1519	10	1	1	0	0	0	0	0	0	N	N	N	N	N	N	N	N	N	N	N	N	0.5163	0.6669	0.5221	0.3226	0.3972	0.0000	0.8402	inf	0.8540	0.0006	0.0006	0.0010	0.0006	0.0006	0.0000	0.0007	0.0005	0.0013	0.0012	0.0008	0.0019	0.0017	0.0015	0.0119	0.0008	0.0000	0.0016	0.1819	0.9990	-0.0000	-0.0000	0.4765	1.8240	0.2778	0.8872	0.0000	0.0000	0.0000	0.0000	0.0000	0.0000	0.0000	0.0000	0.0000	0.0000	0.0000	0.0000	0.0000	0.0000	0.0000	0.0000	0.0000	0.0000	0.0158	0.0143	0.0015	0.0085	0.0081	0.0004	0.0073	0.0062	0.0011	0.0063	0.0044	0.0019	0.0026	0.0025	0.0001	0.0037	0.0018	0.0019	0.5163	0.6669	0.5221	0.3226	0.3972	0.0000	0.8402	inf	0.8540	0.0012	0.0008	0.0019	0.0017	0.0015	0.0119	0.0008	0.0000	0.0016
40	54	0.0709	8	0	1	0	1	0	0	0	0	N	N	N	N	N	N	N	N	N	N	N	N	0.0000	0.0000	0.0000	0.0000	0.0000	0.0000	0.0000	0.0000	0.0000	0.0000	0.0000	0.0000	0.0000	0.0000	0.0000	0.0000	0.0000	0.0000	0.1089	0.0766	0.1881	0.1382	0.1407	0.0001	0.0898	0.0000	0.1928	0.9998	0.0000	-0.0001	0.4765	0.0007	0.2778	4.7762	0.0000	0.0000	0.0000	0.0000	0.0000	0.0000	0.0000	0.0000	0.0000	0.0014	0.0007	0.0007	0.0007	0.0007	0.0000	0.0007	0.0000	0.0007	0.0000	0.0000	0.0000	0.0000	0.0000	0.0000	0.0000	0.0000	0.0000	0.0128	0.0091	0.0037	0.0050	0.0050	0.0001	0.0078	0.0041	0.0036	0.0000	0.0000	0.0000	0.0000	0.0000	0.0000	0.0000	0.0000	0.0000	0.1089	0.0766	0.1881	0.1382	0.1407	0.0001	0.0898	0.0000	0.1928	
40	55	0.0709	8	0	0	0	1	0	0	0	0	N	N	N	N	N	N	N	N	N	N	N	N	0.0000	0.0000	0.0000	0.0000	0.0000	0.0000	0.0000	0.0000	0.0000	0.0000	0.0000	0.0000	0.0000	0.0000	0.0000	0.0000	0.0000	0.0093	0.0065	0.0163	0.0201	0.0119	0.7133	0.0022	0.0000	0.0047	1.0000	0.0000	-0.0000	0.4765	0.0007	0.2778	3.2259	0.0000	0.0000	0.0000	0.0000	0.0000	0.0000	0.0000	0.0000	0.0000	0.0001	0.0000	0.0000	0.0001	0.0000	0.0000	0.0000	0.0000	0.0000	0.0000	0.0000	0.0000	0.0000	0.0000	0.0000	0.0000	0.0000	0.0000	0.0090	0.0064	0.0026	0.0036	0.0035	0.0001	0.0054	0.0029	0.0025	0.0000	0.0000	0.0000	0.0000	0.0000	0.0000	0.0000	0.0000	0.0000	0.0093	0.0065	0.0163	0.0201	0.0119	0.4928	0.0022	0.0000	0.0047		
40	56	0.0666	7	0	0	0	1	0	0	0	0	N	N	N	N	N	N	N	N	N	N	N	N	0.0000	0.0000	0.0000	0.0000	0.0000	0.0000	0.0000	0.0000	0.0000	0.0000	0.0000	0.0000	0.0000	0.0000	0.0000	0.0000	0.0000	0.0000	0.0006	0.0004	0.0011	0.0008	0.0008	0.0012	0.0005	0.0000	0.0011	0.9945	0.0000	-0.0000	0.4765	0.9953	0.2778	1.3904	0.0000	0.0000	0.0000	0.0000	0.0000	0.0000	0.0000	0.0000	0.0000	0.0000	0.0000	0.0000	0.0000	0.0000	0.0000	0.0000	0.0000	0.0000	0.0063	0.0054	0.0009	0.0018	0.0017	0.0000	0.0045	0.0037	0.0009	0.0068	0.0049	0.0019	0.0027	0.0027	0.0000	0.0041	0.0022	0.0019	0.0000	0.0000	0.0000	0.0000	0.0000	0.0000	0.0000	0.0000	0.0000	0.0006	0.0004	0.0011	0.0008	0.0008	0.0012	0.0005	0.0000	0.0011	
40	57	0.0599	6	0	0	0	1	0	0	0	0	N	N	N	N	N	N	N	N	N	N	N	N	0.0000	0.0000	0.0000	0.0000	0.0000	0.0000	0.0000	0.0000	0.0000	0.0000	0.0000	0.0000	0.0000	0.0000	0.0000	0.0000	0.0005	0.0004	0.0009	0.0007	0.0007	0.0000	0.0004	0.0000	0.0009	0.9982	0.0000	-0.0000	0.4765	0.0068	0.2778	3.2797	0.0000	0.0000	0.0000	0.0000	0.0000	0.0000	0.0000	0.0000	0.0000	0.0000	0.0000	0.0000	0.0000	0.0000	0.0000	0.0000	0.0000	0.0000	0.0000	0.0000	0.0000	0.0000	0.0000	0.0000	0.0000	0.0000	0.0000	0.0090	0.0063	0.0027	0.0035	0.0035	0.0001	0.0054	0.0028	0.0026	0.0000	0.0000	0.0000	0.0000	0.0000	0.0000	0.0000	0.0000	0.0000	0.0005	0.0004	0.0009	0.0007	0.0007	0.0000	0.0004	0.0000	0.0009			
40	58	0.0187	5	0	0	0	1	0	0	0	0	N	N	N	N	N	N	N	N	N	N	N	N	0.8736	0.7374	1.2901	1.1018	0.9910	3.9235	0.6886	0.0000	1.1541	0.2003	0.1343	0.4002	0.3141	0.2829	0.9021	0.1317	0.0000	0.3588	0.2292	0.1821	0.3102	0.2851	0.2855	0.2299	0.1913	0.0019	0.3109	0.9834	0.9910	0.0014	-0.0007	0.4765	5.8573	0.2778	13.1443	0.0121	0.0061	0.0060	0.0071	0.0061	0.0010	0.0050	0.0000	0.0050	0.0159	0.0080	0.0079	0.0080	0.0080	0.0000	0.0079	0.0000	0.0079	0.0604	0.0454	0.0150	0.0227	0.0216	0.0011	0.0377	0.0239	0.0139	0.0695	0.0439	0.0256	0.0281	0.0279	0.0002	0.0414	0.0160	0.0254	0.8736	0.7374	1.2901	1.1018	0.9910	3.9235	0.6886	0.0000	1.1541	0.2292	0.1821	0.3102	0.2851	0.2855	0.2299	0.1913	0.0019	0.3109
40	59	0.1703	17	0	1	1	0	0	0	0	0	N	N	N	N	N	N	N	N	N	N	N	N	0.0000	0.0000	0.0000	0.0000	0.0000	0.0000	0.0000	0.0000	0.0000	0.0000	0.0000	0.0000	0.0000	0.0000	0.0000	0.0000	0.0000	0.0000	0.0514	0.0352	0.0949	0.1059	0.0598	0.9741	0.0047	0.0000	0.0106	0.9984	0.0000	-0.0000	0.4765	0.9979	0.2778	4.0614	0.0000	0.0000	0.0000	0.0000	0.0000	0.0000	0.0000	0.0000	0.0000	0.0008	0.0004	0.0004	0.0007	0.0004	0.0003	0.0000	0.0000	0.0000	0.0062	0.0053	0.0009	0.0021	0.0020	0.0000	0.0042	0.0033	0.0008	0.0148	0.0108	0.0040	0.0068	0.0064	0.0005	0.0080	0.0044	0.0035	0.0000	0.0000	0.0000	0.0000	0.0000	0.0000	0.0000	0.0000	0.0000	0.0514	0.0352	0.0949	0.1059	0.0598	0.7396	0.0047	0.0000	0.0106	
40	60	0.1619	16	0	1	0	0	0	0	0	0	N	N	N	N	N	N	N	N	N	N	N	N	0.0000	0.0000	0.0000	0.0000	0.0000	0.0000	0.0000	0.0000	0.0000	0.0000	0.0000	0.0000	0.0000	0.0000	0.0000	0.0000	0.0000	0.0000	0.0658	0.0849	0.0144	0.0772	0.0779	0.0512	0.0571	0.0946	0.0130	0.0630	0.0000	-0.0004	0.4765	2.2356	0.2778	2.2044	0.0000	0.0000	0.0000	0.0000	0.0000	0.0000	0.0000	0.0000	0.0000	0.0008	0.0007	0.0000	0.0004	0.0004	0.0000	0.0004	0.0003	0.0000	0.0141	0.0122	0.0020	0.0046	0.0045	0.0001	0.0095	0.0076	0.0019	0.0118	0.0086	0.0032	0.0051	0.0050	0.0001	0.0067	0.0036	0.0031	0.0000	0.0000	0.0000	0.0000	0.0000	0.0000	0.0000	0.0000	0.0000	0.0658	0.0849	0.0144	0.0772	0.0779	0.0512	0.0571	0.0946	0.0130	
40	61	0.1413	14	1	0	1	0	0	0	0	0	N	N	N	N	N	N	N	N	N	N	N	N	0.0000	0.0000	0.0000	0.0000	0.0000	0.0000	0.0000	0.0000	0.0000	0.0000	0.0000	0.0000	0.0000	0.0000	0.0000	0.0000	0.0000	0.0000	0.0147	0.0103	0.0255	0.0181	0.0182	0.0116	0.0123	0.0000	0.0260	0.9987	0.0000	-0.0000	0.4765	2.0703	0.2778	7.0012	0.0000	0.0000	0.0000	0.0000	0.0000	0.0000	0.0000	0.0000	0.0000	0.0003	0.0002	0.0002	0.0002	0.0002	0.0000	0.0002	0.0000	0.0002	0.0132	0.0114	0.0018	0.0043	0.0042	0.0001	0.0090	0.0072	0.0018	0.0229	0.0164	0.0066	0.0094	0.0092	0.0002	0.0135	0.0071	0.0064	0.0000	0.0000	0.0000	0.0000	0.0000	0.0000	0.0000	0.0000	0.0000	0.0147	0.0103	0.0255	0.0181	0.0182	0.0116	0.0123	0.0000	0.0260	
40	62	0.1397	13	0	0	0	0	0	0	0	0	N	N	N	N	N	N	N	N	N	N	N	N	0.0000	0.0000	0.0000	0.0000	0.0000	0.0000	0.0000	0.0000	0.0000	0.0000	0.0000	0.0000	0.0000	0.0000	0.0000	0.0000	0.0000	0.0000	0.1137	0.0808	0.1962	0.1381	0.1410	0.0008	0.0967	0.0029	0.2022	0.9695	0.0000	-0.0000	0.4765	0.9285	0.2778	0.0280	0.0000	0.0000	0.0000	0.0000	0.0000	0.0000	0.0000	0.0000	0.0000	0.0003	0.0001	0.0001	0.0001	0.0001	0.0000	0.0001	0.0000	0.0001	0.0059	0.0051	0.0008	0.0019	0.0018	0.0000	0.0040	0.0032	0.0008	0.0025	0.0018	0.0007	0.0010	0.0010	0.0000	0.0015	0.0008	0.0007	0.0000	0.0000	0.0000	0.0000	0.0000	0.0000	0.0000	0.0000	0.0000	0.1137	0.0808	0.1962	0.1381	0.1410	0.0008	0.0967	0.0029	0.2022	
40	63	0.1019	8	1	1	0	0	0	0	0	0	N	N	N	N	N	N	N	N	N	N	N	N	0.0000	0.0000	0.0000	0.0000	0.0000	0.0000	0.0000	0.0000	0.0000	0.0000	0.0000	0.0000	0.0000	0.0000	0.0000	0.0000	0.0000	0.0006	0.0004	0.0011	0.0009	0.0007	0.0088	0.0004	0.0000	0.0009	0.9985	0.0000	-0.0000	0.4765	1.0023	0.2778	3.0135	0.0000	0.0000	0.0000	0.0000	0.0000	0.0000	0.0000	0.0000	0.0000	0.0000	0.0000	0.0000	0.0000	0.0000	0.0000	0.0000	0.0000	0.0000	0.0064	0.0055	0.0009	0.0019	0.0019	0.0000	0.0044	0.0036	0.0009	0.0105	0.0077	0.0028	0.0044	0.0043	0.0001	0.0060	0.0033	0.0027	0.0000	0.0000	0.0000	0.0000	0.0000	0.0000	0.0000	0.0000	0.0000	0.0006	0.0004	0.0011	0.0009	0.0007	0.0088	0.0004	0.0000	0.0009		
40	64	0.0755	7	1	1	0	0	0	0	0	0	N	N	N	N	N	N	N	N	N	N	N	N	0.0000	0.0000	0.0000	0.0000	0.0000	0.0000	0.0000	0.0000	0.0000	0.0000	0.0000	0.0000	0.0000	0.0000	0.0000	0.0000	0.0000	0.0000	0.0021	0.0015	0.0036	0.0026	0.0026	0.0021	0.0017	0.0001	0.0036	0.9526	0.0000	-0.0000	0.4765	3.0820	0.2778	9.3392	0.0000	0.0000	0.0000	0.0000	0.0000	0.0000	0.0000	0.0000	0.0000	0.0001	0.0000	0.0000	0.0000	0.0000	0.0000	0.0000	0.0000	0.0000	0.0215	0.0186	0.0029	0.0067	0.0066	0.0001	0.0148	0.0120	0.0028	0.0307	0.0220	0.0086	0.0124	0.0122	0.0002	0.0182	0.0098	0.0084	0.0000	0.0000	0.0000	0.0000	0.0000	0.0000	0.0000	0.0000	0.0000	0.0021	0.0015	0.0036	0.0026	0.0026	0.0021	0.0017	0.0001	0.0036	
40	65	0.1619	16	0	1	0	0	0	0	0	0	N	N	N	N	N	N	N	N	N	N	N	N	0.0000	0.0000	0.0000	0.0000	0.0000	0.0000	0.0000	0.0000	0.0000	0.0000	0.0000	0.0000	0.0000	0.0000	0.0000	0.0000	0.0000	0.0009	0.0006	0.0016	0.0017	0.0010	0.0303	0.0002	0.0000	0.0005	0.9983	0.0000	-0.0000	0.4765	1.7946	0.2778	5.9592	0.0000	0.0000	0.0000	0.0000	0.0000	0.0000	0.0000	0.0000	0.0000	0.0000	0.0000	0.0000	0.0000	0.0000	0.0000	0.0000	0.0000	0.0000	0.0115	0.0099	0.0016	0.0037	0.0037	0.0001	0.0077	0.0062	0.0015	0.0196	0.0142	0.0054	0.0084	0.0082	0.0002	0.0112	0.0060	0.0052	0.0000	0.0000	0.0000	0.0000	0.0000	0.0000	0.0000	0.0000	0.0000	0.0009	0.0006	0.0016	0.0017	0.0010	0.0303	0.0002	0.0000	0.0005		
40	66	0.1551	15	0	1	0	0	0	0	0	0	N	N	N	N	N	N	N	N	N	N	N	N	0.0000	0.0000	0.0000	0.0000	0.0000	0.0000	0.0000	0.0000	0.0000	0.0000	0.0000	0.0000	0.0000	0.0000	0.0000	0.0000	0.0000	0.0000	0.0028	0.0029	0.0024	0.0037	0.0033	0.0178	0.0021	0.0023	0.0019	0.3315	0.0000	-0.0000	0.4765	1.3569	0.2778	2.0560	0.0000	0.0000	0.0000	0.0000	0.0000	0.0000	0.0000	0.0000	0.0000	0.0000	0.0000	0.0000	0.0000	0.0000	0.0000	0.0000	0.0000	0.0000	0.0091	0.0078	0.0013	0.0030	0.0029	0.0000	0.0061	0.0049	0.0012	0.0088	0.0063	0.0025	0.0037	0.0037	0.0001	0.0051	0.0026	0.0024	0.0000	0.0000	0.0000	0.0000	0.0000	0.0000	0.0000	0.0000	0.0000	0.0028	0.0029	0.0024	0.0037	0.0033	0.0178	0.0021	0.0023	0.0019	
40	67	0.1417	14	0	1	0	0	0	0	0	0	N	N	N	N	N	N	N	N	N	N	N	N	0.0000	0.0000	0.0000	0.0000	0.0000	0.0000	0.0000	0.0000	0.0000	0.0000	0.0000	0.0000	0.0000	0.0000	0.0000	0.0000	0.0000	0.0004	0.0004	0.0004	0.0004	0.0004	0.0000	0.0003	0.0003	0.0004	0.3705	0.0000	-0.0000	0.4765	4.9477	0.2778	2.0153	0.0000	0.0000	0.0000	0.0000	0.0000	0.0000	0.0000	0.0000	0.0000	0.0000	0.0000	0.0000	0.0000	0.0000	0.0000	0.0000	0.0000	0.0000	0.0316	0.0272	0.0044	0.0101	0.0099	0.0002	0.0215	0.0173	0.0042	0.0175	0.0127	0.0048	0.0076	0.0074	0.0002	0.0100	0.0053	0.0047	0.0000	0.0000	0.0000	0.0000	0.0000	0.0000	0.0000	0.0000	0.0000	0.0004	0.0004	0.0004	0.0004	0.0004	0.0000	0.0003	0.0003	0.0004		
40	68	0.0410	6	0	0	1	0	0	0	0	0	N	N	N	N	N	N	N	N	N	N	N	N	0.0000	0.0000	0.0000	0.0000	0.0000	0.0000	0.0000	0.0000	0.0000	0.0000	0.0000	0.0000	0.0000	0.0000	0.0000	0.0000	0.0000	0.0000	0.0000	0.0000	0.0000	0.0000	0.0000	0.0000	0.0000	1.0000	0.0000	-0.0000	0.4765	0.0000	0.2778	4.0001	0.0000	0.0000	0.0000	0.0000	0.0000	0.0000	0.0000	0.0000	0.0000	0.0000	0.0000	0.0000	0.0000	0.0000	0.0000	0.0000	0.0000	0.0000	0.0000	0.0000	0.0000	0.0000	0.0000	0.0000	0.0000	0.0000	0.0000	0.0100	0.0071	0.0029	0.0038	0.0037	0.0001	0.0062	0.0034	0.0028	0.0000	0.0000	0.0000	0.0000	0.0000	0.0000	0.0000	0.0000	0.0000	0.0000	0.0000	0.0000	0.0000	0.0000	0.0000	0.0000	0.0000	0.0000			
40	69	0.0187	5	0	0	0	0	0	0	0	0	N	N	N	N	N	N	N	N	N	N	N	N	25.3142	43.7574	0.0000	24.7016	26.2917	0.0000	25.8726	141646.6229	0.0001	7.6876	10.9081	0.0000	8.8891	9.4732	0.0000	6.7855	12.8177	0.0000	0.3037	0.2493	0.3886	0.3599	0.3603	0.3225	0.2623	0.0001	0.3893	0.0000	0.9986	-0.1247	-0.0007	0.4765	2.8240	0.2778	8.9883	0.3272	0.3272	0.0000	0.1622	0.1622	0.0000	0.1650	0.1650	0.0000	0.0169	0.0085	0.0085	0.0085	0.0085	0.0000	0.0084	0.0000	0.0084	0.0426	0.0300	0.0126	0.0183	0.0171	0.0011	0.0243	0.0129	0.0114	0.0558	0.0340	0.0218	0.0237	0.0235	0.0002	0.0321	0.0105	0.0216	25.3142	43.7574	0.0000	24.7016	26.2917	0.0000	25.8726	141646.6229	0.0001	0.3037	0.2493	0.3886	0.3599	0.3603	0.2908	0.2623	0.0001	0.3893
40	70	0.0098	4	0	0	0	0	0	0	0	0	N	N	N	N	N	N	N	N	N	N	N	N	0.5545	0.5478	0.5715	0.5979	0.5978	0.7409	0.5203	18.0188	0.5713	0.6629	0.6123	0.7345	0.7539	0.7543	0.1670	0.5912	0.1837	0.7348	1.1955	1.1176	1.2853	1.2610	1.2618	0.2254	1.1363	0.0102	1.2861	0.8477	0.9968	0.0020	-0.0042	0.4765	1.4521	0.2778	3.5882	0.0260	0.0141	0.0119	0.0130	0.0130	0.0000	0.0130	0.0011	0.0119	0.0949	0.0476	0.0474	0.0475	0.0475	0.0000	0.0474	0.0000	0.0474	0.0392	0.0230	0.0162	0.0173	0.0173	0.0000	0.0219	0.0057	0.0162	0.0794	0.0425	0.0369	0.0377	0.0376	0.0000	0.0417	0.0049	0.0368	0.5545	0.5478	0.5715	0.5979	0.5978	0.7409	0.5203	18.0188	0.5713	1.1955	1.1176	1.2853	1.2610	1.2618	0.2254	1.1363	0.0102	1.2861
40	71	0.0070	3	0	0	0	0	0	0	0	0	N	N	N	N	N	N	N	N	N	N	N	N	0.6966	0.6373	0.7764	0.7457	0.7456	0.0000	0.6560	0.0886	0.7763	0.7622	0.6648	0.8931	0.8424	0.8426	0.0000	0.6959	0.0003	0.8934	1.0942	1.0432	1.1504	1.1297	1.1301	0.6434	1.0608	0.0037	1.1508	0.9988	0.9990	0.0037	-0.0027	0.4765	1.1783	0.2778	0.9542	0.0315	0.0157	0.0157	0.0157	0.0157	0.0000	0.0157	0.0000	0.0157	0.0632	0.0316	0.0316	0.0316	0.0316	0.0000	0.0316	0.0000	0.0316	0.0413	0.0237	0.0176	0.0187	0.0187	0.0000	0.0226	0.0050	0.0176	0.0578	0.0303	0.0275	0.0280	0.0280	0.0000	0.0298	0.0023	0.0275	0.6966	0.6373	0.7764	0.7457	0.7456	0.0000	0.6560	0.0886	0.7763	1.0942	1.0432	1.1504	1.1297	1.1301	0.4384	1.0608	0.0037	1.1508
40	72	0.0025	2	0	0	0	0	0	0	0	0	N	N	N	N	N	N	N	N	N	N	N	N	0.7967	0.7039	0.9377	0.8890	0.8885	0.0000	0.7288	0.0000	0.9372	0.7096	0.5882	0.8941	0.8371	0.8371	0.0000	0.6158	0.0000	0.8942	0.8907	0.8356	0.9536	0.9416	0.9421	0.2563	0.8450	0.0028	0.9541	0.9998	0.9991	0.0040	-0.0022	0.4765	2.0762	0.2778	1.4610	0.0333	0.0167	0.0167	0.0167	0.0167	0.0000	0.0167	0.0000	0.0167	0.0508	0.0254	0.0254	0.0254	0.0254	0.0000	0.0254	0.0000	0.0254	0.0470	0.0283	0.0186	0.0199	0.0199	0.0000	0.0271	0.0084	0.0186	0.0570	0.0304	0.0266	0.0270	0.0270	0.0000	0.0301	0.0034	0.0266	0.7967	0.7039	0.9377	0.8890	0.8885	0.0000	0.7288	0.0000	0.9372	0.8907	0.8356	0.9536	0.9416	0.9421	0.2563	0.8450	0.0028	0.9541
40	73	0.0667	6	0	0	0	0	0	0	0	0	N	N	N	N	N	N	N	N	N	N	N	N	0.0000	0.0000	0.0000	0.0000	0.0000	0.0000	0.0000	0.0000	0.0000	0.0000	0.0000	0.0000	0.0000	0.0000	0.0000	0.0000	0.0005	0.0003	0.0009	0.0006	0.0006	0.0000	0.0004	0.0000	0.0009	0.9997	0.0000	-0.0000	0.4765	4.0673	0.2778	17.8409	0.0000	0.0000	0.0000	0.0000	0.0000	0.0000	0.0000	0.0000	0.0000	0.0000	0.0000	0.0000	0.0000	0.0000	0.0000	0.0000	0.0000	0.0000	0.0274	0.0236	0.0038	0.0084	0.0083	0.0001	0.0190	0.0153	0.0037	0.0505	0.0361	0.0144	0.0200	0.0196	0.0003	0.0305	0.0165	0.0140	0.0000	0.0000	0.0000	0.0000	0.0000	0.0000	0.0000	0.0000	0.0000	0.0005	0.0003	0.0009	0.0006	0.0006	0.0000	0.0004	0.0000	0.0009			
40	75	0.2034	10	0	0	0	0	0	0	0	0	N	N	N	N	N	N	N	N	N	N	N	N	0.0966	0.0411	15.8777	0.2464	0.1153	360.1718	0.0165	0.0000	2.4658	0.0458	0.0270	0.1600	0.0915	0.0569	0.6565	0.0112	0.0000	0.0546	0.4748	0.6552	0.0101	0.3714	0.4939	0.0018	0.6814	1.0709	0.0221	0.9826	0.0060	0.0002	-0.0482	0.4765	3.5843	0.2778	46.7516	0.0015	0.0008	0.0007	0.0013	0.0008	0.0005	0.0002	0.0000	0.0002	0.0897	0.0891	0.0005	0.0468	0.0467	0.0001	0.0429	0.0424	0.0005	0.0328	0.0281	0.0047	0.0141	0.0133	0.0008	0.0186	0.0148	0.0038	0.1889	0.1361	0.0528	0.1259	0.0946	0.0313	0.0630	0.0415	0.0215	0.0966	0.0411	15.8777	0.2464	0.1153	360.1718	0.0165	0.0000	2.4658	0.4748	0.6552	0.0101	0.3714	0.4939	0.0018	0.6814	1.0228	0.0221
40	76	0.1685	16	1	1	1	0	0	0	0	0	N	N	N	N	N	N	N	N	N	N	N	N	0.0000	0.0000	0.0000	0.0000	0.0000	0.0000	0.0000	0.0000	0.0000	0.0000	0.0000	0.0000	0.0000	0.0000	0.0000	0.0000	0.0000	0.0003	0.0002	0.0006	0.0004	0.0004	0.0001	0.0003	0.0000	0.0006	1.0000	0.0000	-0.0000	0.4765	1.0003	0.2778	1.0071	0.0000	0.0000	0.0000	0.0000	0.0000	0.0000	0.0000	0.0000	0.0000	0.0000	0.0000	0.0000	0.0000	0.0000	0.0000	0.0000	0.0000	0.0000	0.0062	0.0053	0.0009	0.0021	0.0020	0.0000	0.0041	0.0033	0.0008	0.0051	0.0037	0.0014	0.0023	0.0022	0.0001	0.0028	0.0015	0.0014	0.0000	0.0000	0.0000	0.0000	0.0000	0.0000	0.0000	0.0000	0.0000	0.0003	0.0002	0.0006	0.0004	0.0004	0.0001	0.0003	0.0000	0.0006		
40	77	0.1618	15	1	0	1	0	0	0	0	0	N	N	N	N	N	N	N	N	N	N	N	N	0.0000	0.0000	0.0000	0.0000	0.0000	0.0000	0.0000	0.0000	0.0000	0.0000	0.0000	0.0000	0.0000	0.0000	0.0000	0.0000	0.0000	0.0000	0.0279	0.0186	0.0563	0.0311	0.0309	0.0448	0.0253	0.0000	0.0566	0.9999	0.0000	-0.0000	0.4765	0.9901	0.2778	2.2068	0.0000	0.0000	0.0000	0.0000	0.0000	0.0000	0.0000	0.0000	0.0000	0.0004	0.0002	0.0002	0.0002	0.0002	0.0000	0.0002	0.0000	0.0002	0.0062	0.0053	0.0009	0.0021	0.0020	0.0000	0.0041	0.0033	0.0008	0.0142	0.0106	0.0035	0.0065	0.0064	0.0001	0.0077	0.0043	0.0034	0.0000	0.0000	0.0000	0.0000	0.0000	0.0000	0.0000	0.0000	0.0000	0.0279	0.0186	0.0563	0.0311	0.0309	0.0448	0.0253	0.0000	0.0566	
40	78	0.0842	7	0	1	0	0	0	0	0	0	N	N	N	N	N	N	N	N	N	N	N	N	0.0000	0.0000	0.0000	0.0000	0.0000	0.0000	0.0000	0.0000	0.0000	0.0000	0.0000	0.0000	0.0000	0.0000	0.0000	0.0000	0.0000	0.0000	2.5149	1.7418	4.5176	3.2498	3.0739	0.0609	2.1607	0.0000	4.6683	1.0013	0.0000	-0.0065	0.4765	8.4371	0.2778	15.3349	0.0000	0.0000	0.0000	0.0000	0.0000	0.0000	0.0000	0.0000	0.0000	0.1513	0.0756	0.0757	0.0756	0.0756	0.0000	0.0757	0.0000	0.0757	0.0560	0.0485	0.0075	0.0186	0.0183	0.0003	0.0374	0.0302	0.0072	0.0602	0.0434	0.0168	0.0251	0.0246	0.0005	0.0350	0.0188	0.0162	0.0000	0.0000	0.0000	0.0000	0.0000	0.0000	0.0000	0.0000	0.0000	2.5149	1.7418	4.5176	3.0083	3.0739	0.0609	2.1607	0.0000	4.6683	
40	79	0.1618	15	1	0	1	0	0	0	0	0	N	N	N	N	N	N	N	N	N	N	N	N	0.0000	0.0000	0.0000	0.0000	0.0000	0.0000	0.0000	0.0000	0.0000	0.0000	0.0000	0.0000	0.0000	0.0000	0.0000	0.0000	0.0000	0.0000	5.6353	7.6352	0.0466	7.5564	6.8506	0.0001	5.0441	9.2478	0.0481	0.0022	0.0000	-0.0829	0.4765	3.0096	0.2778	5.7427	0.0000	0.0000	0.0000	0.0000	0.0000	0.0000	0.0000	0.0000	0.0000	0.1533	0.1529	0.0003	0.0766	0.0766	0.0000	0.0767	0.0763	0.0003	0.0184	0.0159	0.0026	0.0062	0.0061	0.0001	0.0123	0.0098	0.0025	0.0272	0.0200	0.0072	0.0120	0.0118	0.0002	0.0152	0.0083	0.0069	0.0000	0.0000	0.0000	0.0000	0.0000	0.0000	0.0000	0.0000	0.0000	5.6353	7.6352	0.0466	6.3842	6.5047	0.0001	5.0441	9.2478	0.0481	
40	80	0.1462	14	1	0	1	0	0	0	0	0	N	N	N	N	N	N	N	N	N	N	N	N	0.0000	0.0000	0.0000	0.0000	0.0000	0.0000	0.0000	0.0000	0.0000	0.0000	0.0000	0.0000	0.0000	0.0000	0.0000	0.0000	0.0000	0.0000	0.0166	0.0118	0.0288	0.0200	0.0202	0.0086	0.0141	0.0007	0.0294	0.9520	0.0000	-0.0000	0.4765	1.0477	0.2778	6.1154	0.0000	0.0000	0.0000	0.0000	0.0000	0.0000	0.0000	0.0000	0.0000	0.0003	0.0002	0.0002	0.0002	0.0002	0.0000	0.0002	0.0000	0.0002	0.0069	0.0060	0.0009	0.0024	0.0023	0.0000	0.0045	0.0036	0.0009	0.0188	0.0135	0.0053	0.0079	0.0077	0.0002	0.0109	0.0058	0.0051	0.0000	0.0000	0.0000	0.0000	0.0000	0.0000	0.0000	0.0000	0.0000	0.0166	0.0118	0.0288	0.0200	0.0202	0.0086	0.0141	0.0007	0.0294	
40	81	0.1397	13	0	0	0	0	0	0	0	0	N	N	N	N	N	N	N	N	N	N	N	N	0.0000	0.0000	0.0000	0.0000	0.0000	0.0000	0.0000	0.0000	0.0000	0.0000	0.0000	0.0000	0.0000	0.0000	0.0000	0.0000	0.0000	0.0037	0.0028	0.0059	0.0045	0.0046	0.0000	0.0031	0.0005	0.0061	0.8321	0.0000	-0.0000	0.4765	1.9794	0.2778	1.0196	0.0000	0.0000	0.0000	0.0000	0.0000	0.0000	0.0000	0.0000	0.0000	0.0000	0.0000	0.0000	0.0000	0.0000	0.0000	0.0000	0.0000	0.0000	0.0124	0.0107	0.0017	0.0039	0.0039	0.0001	0.0085	0.0068	0.0017	0.0077	0.0055	0.0022	0.0032	0.0031	0.0001	0.0045	0.0024	0.0021	0.0000	0.0000	0.0000	0.0000	0.0000	0.0000	0.0000	0.0000	0.0000	0.0037	0.0028	0.0059	0.0045	0.0046	0.0000	0.0031	0.0005	0.0061		
40	82	0.1375	12	0	0	0	0	0	0	0	0	N	N	N	N	N	N	N	N	N	N	N	N	0.0000	0.0000	0.0000	0.0000	0.0000	0.0000	0.0000	0.0000	0.0000	0.0000	0.0000	0.0000	0.0000	0.0000	0.0000	0.0000	0.0057	0.0040	0.0099	0.0069	0.0071	0.0000	0.0048	0.0000	0.0102	1.0001	0.0000	-0.0000	0.4765	1.0114	0.2778	0.0202	0.0000	0.0000	0.0000	0.0000	0.0000	0.0000	0.0000	0.0000	0.0000	0.0000	0.0000	0.0000	0.0000	0.0000	0.0000	0.0000	0.0000	0.0000	0.0064	0.0055	0.0009	0.0019	0.0019	0.0000	0.0044	0.0035	0.0009	0.0027	0.0019	0.0008	0.0011	0.0011	0.0000	0.0016	0.0009	0.0008	0.0000	0.0000	0.0000	0.0000	0.0000	0.0000	0.0000	0.0000	0.0000	0.0057	0.0040	0.0099	0.0069	0.0071	0.0000	0.0048	0.0000	0.0102			
40	83	0.1170	11	0	0	0	0	0	0	0	0	N	N	N	N	N	N	N	N	N	N	N	N	0.0000	0.0000	0.0000	0.0000	0.0000	0.0000	0.0000	0.0000	0.0000	0.0000	0.0000	0.0000	0.0000	0.0000	0.0000	0.0000	0.0000	0.0000	0.0120	0.0084	0.0210	0.0148	0.0149	0.0108	0.0100	0.0000	0.0214	0.9999	0.0000	-0.0000	0.4765	5.9223	0.2778	3.6882	0.0000	0.0000	0.0000	0.0000	0.0000	0.0000	0.0000	0.0000	0.0000	0.0003	0.0001	0.0001	0.0001	0.0001	0.0000	0.0001	0.0000	0.0001	0.0375	0.0323	0.0052	0.0117	0.0116	0.0001	0.0258	0.0208	0.0050	0.0246	0.0175	0.0070	0.0101	0.0099	0.0002	0.0145	0.0077	0.0068	0.0000	0.0000	0.0000	0.0000	0.0000	0.0000	0.0000	0.0000	0.0000	0.0120	0.0084	0.0210	0.0148	0.0149	0.0108	0.0100	0.0000	0.0214	
40	84	0.1041	9	0	1	0	0	0	0	0	0	N	N	N	N	N	N	N	N	N	N	N	N	0.0000	0.0000	0.0000	0.0000	0.0000	0.0000	0.0000	0.0000	0.0000	0.0000	0.0000	0.0000	0.0000	0.0000	0.0000	0.0000	0.0000	0.0000	0.0033	0.0023	0.0060	0.0044	0.0042	0.0145	0.0026	0.0000	0.0057	0.9992	0.0000	-0.0000	0.4765	7.1084	0.2778	28.8937	0.0000	0.0000	0.0000	0.0000	0.0000	0.0000	0.0000	0.0000	0.0000	0.0003	0.0001	0.0001	0.0001	0.0001	0.0000	0.0001	0.0000	0.0001	0.0444	0.0382	0.0062	0.0143	0.0140	0.0003	0.0301	0.0242	0.0059	0.0817	0.0591	0.0227	0.0335	0.0327	0.0008	0.0482	0.0264	0.0218	0.0000	0.0000	0.0000	0.0000	0.0000	0.0000	0.0000	0.0000	0.0000	0.0033	0.0023	0.0060	0.0044	0.0042	0.0145	0.0026	0.0000	0.0057	
40	85	0.0966	8	0	1	0	0	0	0	0	0	N	N	N	N	N	N	N	N	N	N	N	N	0.0000	0.0000	0.0000	0.0000	0.0000	0.0000	0.0000	0.0000	0.0000	0.0000	0.0000	0.0000	0.0000	0.0000	0.0000	0.0000	0.0000	0.0000	0.0156	0.0114	0.0271	0.0198	0.0183	0.0921	0.0124	0.0019	0.0249	0.8604	0.0000	-0.0000	0.4765	2.2208	0.2778	3.9129	0.0000	0.0000	0.0000	0.0000	0.0000	0.0000	0.0000	0.0000	0.0000	0.0003	0.0002	0.0001	0.0002	0.0002	0.0000	0.0001	0.0000	0.0001	0.0189	0.0166	0.0024	0.0077	0.0075	0.0003	0.0112	0.0091	0.0021	0.0204	0.0150	0.0054	0.0089	0.0087	0.0002	0.0115	0.0063	0.0052	0.0000	0.0000	0.0000	0.0000	0.0000	0.0000	0.0000	0.0000	0.0000	0.0156	0.0114	0.0271	0.0198	0.0183	0.0921	0.0124	0.0019	0.0249	
40	86	0.1721	10	0	0	1	0	0	0	0	0	N	N	N	N	N	N	N	N	N	N	N	N	0.0000	0.0000	0.0000	0.0000	0.0000	0.0000	0.0000	0.0000	0.0000	0.0000	0.0000	0.0000	0.0000	0.0000	0.0000	0.0000	0.0000	0.0000	0.0427	0.0298	0.0751	0.0519	0.0511	0.0699	0.0356	0.0000	0.0755	0.9997	0.0000	-0.0001	0.4765	5.3425	0.2778	7.0749	0.0000	0.0000	0.0000	0.0000	0.0000	0.0000	0.0000	0.0000	0.0000	0.0013	0.0007	0.0007	0.0007	0.0007	0.0000	0.0006	0.0000	0.0006	0.0356	0.0308	0.0047	0.0116	0.0114	0.0002	0.0240	0.0194	0.0046	0.0312	0.0224	0.0089	0.0136	0.0130	0.0005	0.0177	0.0093	0.0083	0.0000	0.0000	0.0000	0.0000	0.0000	0.0000	0.0000	0.0000	0.0000	0.0427	0.0298	0.0751	0.0519	0.0511	0.0699	0.0356	0.0000	0.0755	
40	87	0.1289	9	0	0	0	0	0	0	0	0	N	N	N	N	N	N	N	N	N	N	N	N	0.0019	0.0016	0.0041	0.0014	0.0024	0.0000	0.0103	0.0000	0.0274	0.0001	0.0001	0.0005	0.0002	0.0002	0.0000	0.0001	0.0000	0.0005	0.0682	0.0477	0.1231	0.1330	0.0786	0.9543	0.0097	0.0021	0.0194	0.9821	0.9626	0.0000	-0.0002	0.4765	7.0719	0.2778	13.7350	0.0000	0.0000	0.0000	0.0000	0.0000	0.0000	0.0000	0.0000	0.0000	0.0043	0.0022	0.0021	0.0040	0.0022	0.0018	0.0003	0.0000	0.0003	0.0503	0.0438	0.0065	0.0177	0.0174	0.0003	0.0325	0.0264	0.0061	0.0631	0.0460	0.0172	0.0300	0.0274	0.0025	0.0332	0.0186	0.0146	0.0019	0.0016	0.0041	0.0014	0.0024	0.0000	0.0103	0.0000	0.0274	0.0682	0.0477	0.1231	0.1330	0.0786	0.7183	0.0097	0.0021	0.0194
40	88	0.1721	17	1	0	1	0	0	0	0	0	N	N	N	N	N	N	N	N	N	N	N	N	0.0000	0.0000	0.0000	0.0000	0.0000	0.0000	0.0000	0.0000	0.0000	0.0000	0.0000	0.0000	0.0000	0.0000	0.0000	0.0000	0.0000	0.0000	0.0000	0.0000	0.4765	0.0000	0.2778	0.0000	0.0000	0.0000	0.0000	0.0000	0.0000	0.0000	0.0000	0.0000	0.0000	0.0000	0.0000	0.0000	0.0000	0.0000	0.0000	0.0000	0.0000	0.0000	0.0000	0.0000	0.0000	0.0000	0.0000	0.0000	0.0000	0.0000	0.0000	0.0000	0.0000	0.0000	0.0000	0.0000	0.0000	0.0000	0.0000	0.0000	0.0000	0.0000	0.0000	0.0000	0.0000	0.0000	0.0000	0.0000	0.0000	0.0000	0.0000	0.0000	0.0000	0.0000	0.0000	0.0000	0.0000	0.0000											
40	89	0.1702	16	1	0	1	0	0	0	0	0	N	N	N	N	N	N	N	N	N	N	N	N	0.0000	0.0000	0.0000	0.0000	0.0000	0.0000	0.0000	0.0000	0.0000	0.0000	0.0000	0.0000	0.0000	0.0000	0.0000	0.0000	0.0000	0.0000	0.0000	0.0000	0.0000	0.0000	0.0000	0.0000	0.0000	1.0000	0.0000	-0.0000	0.4765	0.0001	0.2778	0.9161	0.0000	0.0000	0.0000	0.0000	0.0000	0.0000	0.0000	0.0000	0.0000	0.0000	0.0000	0.0000	0.0000	0.0000	0.0000	0.0000	0.0000	0.0000	0.0000	0.0000	0.0000	0.0000	0.0000	0.0000	0.0000	0.0000	0.0000	0.0030	0.0022	0.0008	0.0014	0.0013	0.0000	0.0017	0.0009	0.0008	0.0000	0.0000	0.0000	0.0000	0.0000	0.0000	0.0000	0.0000	0.0000	0.0000	0.0000	0.0000	0.0000	0.0000	0.0000	0.0000	0.0000	0.0000			
40	90	0.1454	15	1	0	1	0	0	0	0	0	N	N	N	N	N	N	N	N	N	N	N	N	0.0000	0.0000	0.0000	0.0000	0.0000	0.0000	0.0000	0.0000	0.0000	0.0000	0.0000	0.0000	0.0000	0.0000	0.0000	0.0000	0.0000	0.0029	0.0020	0.0053	0.0035	0.0035	0.0025	0.0025	0.0000	0.0055	0.9999	0.0000	-0.0000	0.4765	3.7876	0.2778	7.8440	0.0000	0.0000	0.0000	0.0000	0.0000	0.0000	0.0000	0.0000	0.0000	0.0001	0.0000	0.0000	0.0000	0.0000	0.0000	0.0000	0.0000	0.0000	0.0245	0.0211	0.0034	0.0082	0.0080	0.0002	0.0163	0.0131	0.0032	0.0288	0.0208	0.0079	0.0124	0.0121	0.0003	0.0163	0.0087	0.0076	0.0000	0.0000	0.0000	0.0000	0.0000	0.0000	0.0000	0.0000	0.0000	0.0029	0.0020	0.0053	0.0035	0.0035	0.0025	0.0025	0.0000	0.0055		
40	91	0.0562	5	0	1	0	1	0	0	0	0	N	N	N	N	N	N	N	N	N	N	N	N	0.0000	0.0000	0.0023	0.0000	0.0000	0.0000	0.0000	0.0000	0.0053	0.0000	0.0000	0.0000	0.0000	0.0000	0.0000	0.0000	0.0000	0.0000	3.0684	4.3807	0.0010	4.1048	3.8655	0.0092	2.6305	5.0544	0.0005	1.0000	0.0001	0.0000	-0.0820	0.4765	1.8247	0.2778	16.3284	0.0000	0.0000	0.0000	0.0000	0.0000	0.0000	0.0000	0.0000	0.0000	0.1511	0.1511	0.0000	0.0756	0.0755	0.0000	0.0756	0.0756	0.0000	0.0136	0.0118	0.0018	0.0044	0.0043	0.0000	0.0092	0.0074	0.0018	0.0493	0.0345	0.0148	0.0205	0.0195	0.0010	0.0287	0.0149	0.0138	0.0000	0.0000	0.0023	0.0000	0.0000	0.0000	0.0000	0.0000	0.0053	3.0684	4.3807	0.0010	3.6813	3.8655	0.0092	2.6305	5.0544	0.0005
40	92	0.0667	6	0	1	0	0	0	0	0	0	N	N	N	N	N	N	N	N	N	N	N	N	0.0000	0.0000	0.0000	0.0000	0.0000	0.0000	0.0000	0.0000	0.0000	0.0000	0.0000	0.0000	0.0000	0.0000	0.0000	0.0000	0.0000	0.0004	0.0005	0.0001	0.0005	0.0006	0.0000	0.0004	0.0005	0.0001	0.1039	0.0000	-0.0000	0.4765	9.1310	0.2778	16.1726	0.0000	0.0000	0.0000	0.0000	0.0000	0.0000	0.0000	0.0000	0.0000	0.0000	0.0000	0.0000	0.0000	0.0000	0.0000	0.0000	0.0000	0.0000	0.0574	0.0494	0.0080	0.0170	0.0168	0.0002	0.0404	0.0326	0.0078	0.0572	0.0409	0.0163	0.0226	0.0222	0.0004	0.0346	0.0187	0.0159	0.0000	0.0000	0.0000	0.0000	0.0000	0.0000	0.0000	0.0000	0.0000	0.0004	0.0005	0.0001	0.0005	0.0006	0.0000	0.0004	0.0005	0.0001		
40	93	0.0183	2	0	1	0	0	0	0	0	0	N	N	N	N	N	N	N	N	N	N	N	N	0.7860	0.6854	0.9981	0.8828	0.8860	0.2492	0.7314	0.0000	1.0016	0.2857	0.2111	0.4425	0.3819	0.3822	0.1851	0.2280	0.0000	0.4429	0.3635	0.3080	0.4433	0.4326	0.4314	0.7426	0.3117	0.0000	0.4422	0.9974	1.0011	0.0018	-0.0010	0.4765	4.0959	0.2778	8.7137	0.0153	0.0076	0.0076	0.0076	0.0076	0.0000	0.0076	0.0000	0.0076	0.0235	0.0118	0.0118	0.0120	0.0118	0.0002	0.0115	0.0000	0.0115	0.0534	0.0362	0.0172	0.0200	0.0200	0.0000	0.0334	0.0162	0.0172	0.0647	0.0382	0.0265	0.0277	0.0272	0.0005	0.0370	0.0109	0.0261	0.7860	0.6854	0.9981	0.8828	0.8860	0.3653	0.7314	0.0000	1.0016	0.3635	0.3080	0.4433	0.4326	0.4314	0.5067	0.3117	0.0000	0.4422
40	98	0.1454	15	0	1	0	0	0	0	0	0	N	N	N	N	N	N	N	N	N	N	N	N	0.0000	0.0000	0.0000	0.0000	0.0000	0.0000	0.0000	0.0000	0.0000	0.0000	0.0000	0.0000	0.0000	0.0000	0.0000	0.0000	0.0000	0.0002	0.0001	0.0003	0.0002	0.0002	0.0022	0.0001	0.0000	0.0002	0.9977	0.0000	-0.0000	0.4765	1.3608	0.2778	12.1483	0.0000	0.0000	0.0000	0.0000	0.0000	0.0000	0.0000	0.0000	0.0000	0.0000	0.0000	0.0000	0.0000	0.0000	0.0000	0.0000	0.0000	0.0000	0.0096	0.0083	0.0013	0.0036	0.0035	0.0001	0.0060	0.0048	0.0012	0.0329	0.0238	0.0091	0.0142	0.0138	0.0003	0.0187	0.0100	0.0087	0.0000	0.0000	0.0000	0.0000	0.0000	0.0000	0.0000	0.0000	0.0000	0.0002	0.0001	0.0003	0.0002	0.0002	0.0022	0.0001	0.0000	0.0002		
40	99	0.1417	14	0	0	0	0	0	0	0	0	N	N	N	N	N	N	N	N	N	N	N	N	0.0000	0.0000	0.0000	0.0000	0.0000	0.0000	0.0000	0.0000	0.0000	0.0000	0.0000	0.0000	0.0000	0.0000	0.0000	0.0000	0.0000	0.0008	0.0007	0.0011	0.0009	0.0010	0.0000	0.0007	0.0004	0.0011	0.5483	0.0000	-0.0000	0.4765	1.5300	0.2778	0.7696	0.0000	0.0000	0.0000	0.0000	0.0000	0.0000	0.0000	0.0000	0.0000	0.0000	0.0000	0.0000	0.0000	0.0000	0.0000	0.0000	0.0000	0.0000	0.0108	0.0093	0.0015	0.0037	0.0036	0.0001	0.0071	0.0057	0.0014	0.0063	0.0046	0.0017	0.0028	0.0027	0.0001	0.0036	0.0019	0.0017	0.0000	0.0000	0.0000	0.0000	0.0000	0.0000	0.0000	0.0000	0.0000	0.0008	0.0007	0.0011	0.0009	0.0010	0.0000	0.0007	0.0004	0.0011		
40	100	0.1329	13	0	0	0	0	0	0	0	0	N	N	N	N	N	N	N	N	N	N	N	N	0.0000	0.0000	0.0000	0.0000	0.0000	0.0000	0.0000	0.0000	0.0000	0.0000	0.0000	0.0000	0.0000	0.0000	0.0000	0.0000	0.0000	0.0000	0.0000	0.0000	0.0000	0.0000	0.0000	0.0000	0.0000	1.0000	0.0000	-0.0000	0.4765	3.6906	0.2778	1.4800	0.0000	0.0000	0.0000	0.0000	0.0000	0.0000	0.0000	0.0000	0.0000	0.0000	0.0000	0.0000	0.0000	0.0000	0.0000	0.0000	0.0000	0.0000	0.0231	0.0199	0.0032	0.0072	0.0071	0.0001	0.0159	0.0128	0.0031	0.0132	0.0095	0.0037	0.0056	0.0055	0.0002	0.0076	0.0040	0.0035	0.0000	0.0000	0.0000	0.0000	0.0000	0.0000	0.0000	0.0000	0.0000	0.0000	0.0000	0.0000	0.0000	0.0000	0.0000	0.0000	0.0000	0.0000			
40	101	0.1329	12	0	0	0	0	0	0	0	0	N	N	N	N	N	N	N	N	N	N	N	N	0.0000	0.0000	0.0000	0.0000	0.0000	0.0000	0.0000	0.0000	0.0000	0.0000	0.0000	0.0000	0.0000	0.0000	0.0000	0.0000	0.0000	0.0000	0.0000	0.0000	0.0001	0.0001	0.0001	0.0003	0.0000	0.0000	0.0000	0.6172	0.0000	-0.0000	0.4765	0.1361	0.2778	0.4500	0.0000	0.0000	0.0000	0.0000	0.0000	0.0000	0.0000	0.0000	0.0000	0.0000	0.0000	0.0000	0.0000	0.0000	0.0000	0.0000	0.0000	0.0000	0.0013	0.0011	0.0001	0.0005	0.0005	0.0000	0.0008	0.0007	0.0001	0.0018	0.0013	0.0005	0.0008	0.0008	0.0000	0.0010	0.0005	0.0005	0.0000	0.0000	0.0000	0.0000	0.0000	0.0000	0.0000	0.0000	0.0000	0.0000	0.0000	0.0001	0.0001	0.0001	0.0003	0.0000	0.0000	0.0000	
40	102	0.1170	11	0	0	0	0	0	0	0	0	N	N	N	N	N	N	N	N	N	N	N	N	0.0000	0.0000	0.0000	0.0000	0.0000	0.0000	0.0000	0.0000	0.0000	0.0000	0.0000	0.0000	0.0000	0.0000	0.0000	0.0000	0.0000	0.0000	0.0010	0.0007	0.0017	0.0014	0.0012	0.0127	0.0006	0.0000	0.0013	0.9962	0.0000	-0.0000	0.4765	3.5591	0.2778	4.5341	0.0000	0.0000	0.0000	0.0000	0.0000	0.0000	0.0000	0.0000	0.0000	0.0000	0.0000	0.0000	0.0000	0.0000	0.0000	0.0000	0.0000	0.0000	0.0234	0.0202	0.0032	0.0074	0.0074	0.0001	0.0159	0.0128	0.0031	0.0210	0.0150	0.0060	0.0086	0.0085	0.0002	0.0124	0.0065	0.0058	0.0000	0.0000	0.0000	0.0000	0.0000	0.0000	0.0000	0.0000	0.0000	0.0010	0.0007	0.0017	0.0014	0.0012	0.0127	0.0006	0.0000	0.0013	
40	103	0.0953	10	0	0	0	0	0	0	0	0	N	N	N	N	N	N	N	N	N	N	N	N	0.0000	0.0000	0.0000	0.0000	0.0000	0.0000	0.0000	0.0000	0.0000	0.0000	0.0000	0.0000	0.0000	0.0000	0.0000	0.0000	0.0000	0.0000	0.0063	0.0046	0.0107	0.0093	0.0079	0.0746	0.0043	0.0003	0.0088	0.9446	0.0000	-0.0000	0.4765	2.8937	0.2778	8.0733	0.0000	0.0000	0.0000	0.0000	0.0000	0.0000	0.0000	0.0000	0.0000	0.0002	0.0001	0.0001	0.0001	0.0001	0.0000	0.0001	0.0000	0.0001	0.0203	0.0175	0.0028	0.0062	0.0062	0.0001	0.0140	0.0113	0.0027	0.0282	0.0201	0.0081	0.0115	0.0112	0.0002	0.0167	0.0088	0.0079	0.0000	0.0000	0.0000	0.0000	0.0000	0.0000	0.0000	0.0000	0.0000	0.0063	0.0046	0.0107	0.0093	0.0079	0.0746	0.0043	0.0003	0.0088	
40	104	0.0901	6	0	1	0	0	0	0	0	0	N	N	N	N	N	N	N	N	N	N	N	N	0.0000	0.0000	0.0000	0.0000	0.0000	0.0000	0.0000	0.0000	0.0000	0.0000	0.0000	0.0000	0.0000	0.0000	0.0000	0.0000	0.0000	0.0000	0.0406	0.0275	0.0782	0.0602	0.0479	0.4644	0.0252	0.0000	0.0580	0.9984	0.0000	-0.0000	0.4765	0.0277	0.2778	1.3445	0.0000	0.0000	0.0000	0.0000	0.0000	0.0000	0.0000	0.0000	0.0000	0.0002	0.0001	0.0001	0.0001	0.0001	0.0000	0.0001	0.0000	0.0001	0.0003	0.0002	0.0000	0.0001	0.0001	0.0000	0.0001	0.0001	0.0000	0.0048	0.0035	0.0012	0.0021	0.0020	0.0001	0.0027	0.0015	0.0012	0.0000	0.0000	0.0000	0.0000	0.0000	0.0000	0.0000	0.0000	0.0000	0.0406	0.0275	0.0782	0.0602	0.0479	0.3649	0.0252	0.0000	0.0580	
40	105	0.0434	5	0	1	0	0	0	0	0	0	N	N	N	N	N	N	N	N	N	N	N	N	116.0641	189.0934	1.8825	131.7724	135.9037	0.0000	109.7370	2314.9295	1.9625	4.1735	4.9775	0.1110	6.3474	6.4245	0.0000	3.1086	4.0557	0.1137	0.0360	0.0263	0.0590	0.0482	0.0473	0.1314	0.0283	0.0018	0.0579	0.0044	0.9381	-0.0556	-0.0001	0.4765	5.1414	0.2778	16.4151	0.1477	0.1471	0.0006	0.0739	0.0739	0.0000	0.0739	0.0732	0.0006	0.0019	0.0010	0.0009	0.0010	0.0009	0.0000	0.0009	0.0000	0.0009	0.0354	0.0296	0.0058	0.0116	0.0115	0.0001	0.0238	0.0181	0.0057	0.0525	0.0370	0.0155	0.0202	0.0200	0.0002	0.0323	0.0170	0.0153	116.0641	189.0934	1.8825	131.7724	135.9037	0.0000	109.7370	2314.9295	1.9625	0.0360	0.0263	0.0590	0.0482	0.0473	0.1314	0.0283	0.0018	0.0579
40	106	0.0352	4	0	0	0	0	0	0	0	0	N	N	N	N	N	N	N	N	N	N	N	N	0.2283	0.1693	0.5756	0.3166	0.3287	0.0000	0.1946	0.0559	0.6044	0.0545	0.0318	0.1906	0.0918	0.0928	0.0000	0.0390	0.0004	0.1951	0.2389	0.1878	0.3311	0.2899	0.2824	0.9588	0.2003	0.0065	0.3229	1.0016	0.9757	0.0002	-0.0003	0.4765	3.8974	0.2778	1.6364	0.0014	0.0007	0.0007	0.0007	0.0007	0.0000	0.0007	0.0000	0.0007	0.0057	0.0029	0.0028	0.0030	0.0029	0.0001	0.0027	0.0000	0.0027	0.0251	0.0215	0.0036	0.0074	0.0073	0.0001	0.0177	0.0142	0.0035	0.0240	0.0155	0.0086	0.0103	0.0102	0.0002	0.0137	0.0053	0.0084	0.2283	0.1693	0.5756	0.3166	0.3287	0.0000	0.1946	0.0559	0.6044	0.2389	0.1878	0.3311	0.2899	0.2824	0.7189	0.2003	0.0065	0.3229
40	109	0.1256	11	1	1	0	1	0	0	0	0	N	N	N	N	N	N	N	N	N	N	N	N	0.0000	0.0000	0.0000	0.0000	0.0000	0.0000	0.0000	0.0000	0.0000	0.0000	0.0000	0.0000	0.0000	0.0000	0.0000	0.0000	0.0000	0.0000	0.0000	0.0000	0.4765	0.0000	0.2778	0.0000	0.0000	0.0000	0.0000	0.0000	0.0000	0.0000	0.0000	0.0000	0.0000	0.0000	0.0000	0.0000	0.0000	0.0000	0.0000	0.0000	0.0000	0.0000	0.0000	0.0000	0.0000	0.0000	0.0000	0.0000	0.0000	0.0000	0.0000	0.0000	0.0000	0.0000	0.0000	0.0000	0.0000	0.0000	0.0000	0.0000	0.0000	0.0000	0.0000	0.0000	0.0000	0.0000	0.0000	0.0000	0.0000	0.0000	0.0000	0.0000	0.0000	0.0000	0.0000	0.0000	0.0000	0.0000											
40	110	0.1106	10	1	1	0	1	0	0	0	0	N	N	N	N	N	N	N	N	N	N	N	N	0.0000	0.0000	0.0000	0.0000	0.0000	0.0000	0.0000	0.0000	0.0000	0.0000	0.0000	0.0000	0.0000	0.0000	0.0000	0.0000	0.0011	0.0008	0.0020	0.0013	0.0013	0.0000	0.0009	0.0000	0.0020	1.0000	0.0000	-0.0000	0.4765	0.0000	0.2778	7.1240	0.0000	0.0000	0.0000	0.0000	0.0000	0.0000	0.0000	0.0000	0.0000	0.0000	0.0000	0.0000	0.0000	0.0000	0.0000	0.0000	0.0000	0.0000	0.0000	0.0000	0.0000	0.0000	0.0000	0.0000	0.0000	0.0000	0.0000	0.0183	0.0132	0.0051	0.0077	0.0075	0.0002	0.0105	0.0057	0.0049	0.0000	0.0000	0.0000	0.0000	0.0000	0.0000	0.0000	0.0000	0.0000	0.0011	0.0008	0.0020	0.0013	0.0013	0.0000	0.0009	0.0000	0.0020			
40	111	0.1196	12	0	1	0	1	0	0	0	0	N	N	N	N	N	N	N	N	N	N	N	N	0.0000	0.0000	0.0000	0.0000	0.0000	0.0000	0.0000	0.0000	0.0000	0.0000	0.0000	0.0000	0.0000	0.0000	0.0000	0.0000	0.0000	0.0000	0.0000	0.0000	0.0000	0.0000	0.0000	0.0000	0.0000	1.0000	0.0000	-0.0000	0.4765	0.0016	0.2778	5.0076	0.0000	0.0000	0.0000	0.0000	0.0000	0.0000	0.0000	0.0000	0.0000	0.0000	0.0000	0.0000	0.0000	0.0000	0.0000	0.0000	0.0000	0.0000	0.0000	0.0000	0.0000	0.0000	0.0000	0.0000	0.0000	0.0000	0.0000	0.0128	0.0093	0.0035	0.0056	0.0054	0.0002	0.0072	0.0039	0.0033	0.0000	0.0000	0.0000	0.0000	0.0000	0.0000	0.0000	0.0000	0.0000	0.0000	0.0000	0.0000	0.0000	0.0000	0.0000	0.0000	0.0000	0.0000			
40	112	0.1128	11	0	1	0	1	0	0	0	0	N	N	N	N	N	N	N	N	N	N	N	N	0.0000	0.0000	0.0000	0.0000	0.0000	0.0000	0.0000	0.0000	0.0000	0.0000	0.0000	0.0000	0.0000	0.0000	0.0000	0.0000	0.0000	0.0000	0.0000	0.0000	0.0000	0.0000	0.0000	0.0000	0.0000	1.0000	0.0000	-0.0000	0.4765	1.0012	0.2778	2.1373	0.0000	0.0000	0.0000	0.0000	0.0000	0.0000	0.0000	0.0000	0.0000	0.0000	0.0000	0.0000	0.0000	0.0000	0.0000	0.0000	0.0000	0.0000	0.0062	0.0053	0.0009	0.0019	0.0018	0.0000	0.0044	0.0035	0.0009	0.0085	0.0061	0.0024	0.0037	0.0036	0.0001	0.0048	0.0025	0.0023	0.0000	0.0000	0.0000	0.0000	0.0000	0.0000	0.0000	0.0000	0.0000	0.0000	0.0000	0.0000	0.0000	0.0000	0.0000	0.0000	0.0000	0.0000			
40	113	0.1211	11	0	1	0	0	0	0	0	0	N	N	N	N	N	N	N	N	N	N	N	N	0.0000	0.0000	0.0000	0.0000	0.0000	0.0000	0.0000	0.0000	0.0000	0.0000	0.0000	0.0000	0.0000	0.0000	0.0000	0.0000	0.0000	0.0001	0.0001	0.0001	0.0002	0.0001	0.0030	0.0000	0.0000	0.0000	1.0000	0.0000	-0.0000	0.4765	0.9705	0.2778	5.0371	0.0000	0.0000	0.0000	0.0000	0.0000	0.0000	0.0000	0.0000	0.0000	0.0000	0.0000	0.0000	0.0000	0.0000	0.0000	0.0000	0.0000	0.0000	0.0066	0.0057	0.0009	0.0022	0.0021	0.0000	0.0044	0.0036	0.0009	0.0154	0.0112	0.0042	0.0066	0.0064	0.0002	0.0088	0.0048	0.0040	0.0000	0.0000	0.0000	0.0000	0.0000	0.0000	0.0000	0.0000	0.0000	0.0001	0.0001	0.0001	0.0002	0.0001	0.0030	0.0000	0.0000	0.0000		
40	114	0.1128	11	0	0	1	1	0	0	0	0	N	N	N	N	N	N	N	N	N	N	N	N	0.0000	0.0000	0.0000	0.0000	0.0000	0.0000	0.0000	0.0000	0.0000	0.0000	0.0000	0.0000	0.0000	0.0000	0.0000	0.0000	0.0000	0.0000	0.0000	0.0000	0.4765	0.0000	0.2778	1.1303	0.0000	0.0000	0.0000	0.0000	0.0000	0.0000	0.0000	0.0000	0.0000	0.0000	0.0000	0.0000	0.0000	0.0000	0.0000	0.0000	0.0000	0.0000	0.0000	0.0000	0.0000	0.0000	0.0000	0.0000	0.0000	0.0000	0.0000	0.0034	0.0024	0.0010	0.0015	0.0014	0.0000	0.0019	0.0010	0.0009	0.0000	0.0000	0.0000	0.0000	0.0000	0.0000	0.0000	0.0000	0.0000	0.0000	0.0000	0.0000	0.0000	0.0000	0.0000	0.0000	0.0000	0.0000											
40	115	0.1106	10	0	0	0	1	0	0	0	0	N	N	N	N	N	N	N	N	N	N	N	N	0.0000	0.0000	0.0000	0.0000	0.0000	0.0000	0.0000	0.0000	0.0000	0.0000	0.0000	0.0000	0.0000	0.0000	0.0000	0.0000	0.0000	0.0000	0.0000	0.0000	0.4765	0.0000	0.2778	1.2340	0.0000	0.0000	0.0000	0.0000	0.0000	0.0000	0.0000	0.0000	0.0000	0.0000	0.0000	0.0000	0.0000	0.0000	0.0000	0.0000	0.0000	0.0000	0.0000	0.0000	0.0000	0.0000	0.0000	0.0000	0.0000	0.0000	0.0000	0.0036	0.0026	0.0010	0.0016	0.0015	0.0000	0.0021	0.0011	0.0010	0.0000	0.0000	0.0000	0.0000	0.0000	0.0000	0.0000	0.0000	0.0000	0.0000	0.0000	0.0000	0.0000	0.0000	0.0000	0.0000	0.0000	0.0000											
40	116	0.1181	11	0	0	1	1	0	0	0	0	N	N	N	N	N	N	N	N	N	N	N	N	inf	inf	inf	inf	inf	inf	0.0142	0.0162	0.0000	0.0160	0.0172	0.0000	0.0128	0.0153	0.0000	0.0000	0.0000	0.0000	0.0000	0.0000	0.0000	0.0000	0.0000	0.0000	0.0000	-0.0000	0.0000	0.4765	0.9725	0.2778	0.9874	0.0001	0.0001	0.0000	0.0000	0.0000	0.0000	0.0000	0.0000	0.0000	0.0000	0.0000	0.0000	0.0000	0.0000	0.0000	0.0000	0.0000	0.0000	0.0067	0.0059	0.0008	0.0030	0.0027	0.0002	0.0038	0.0031	0.0006	0.0050	0.0037	0.0013	0.0022	0.0021	0.0001	0.0029	0.0016	0.0013	inf	inf	0.0000	inf	inf	0.0000	inf	inf	0.0000	0.0000	0.0000	0.0000	0.0000	0.0000	0.0000	0.0000	0.0000	0.0000				
40	117	0.1181	11	0	0	1	1	0	0	0	0	N	N	N	N	N	N	N	N	N	N	N	N	inf	inf	inf	inf	inf	inf	0.1475	0.1708	0.0000	0.1316	0.1544	0.0000	0.1675	0.1907	0.0000	0.0000	0.0000	0.0000	0.0000	0.0000	0.0000	0.0000	0.0000	0.0000	0.0000	-0.0000	0.0000	0.4765	0.0285	0.2778	4.0215	0.0001	0.0001	0.0000	0.0000	0.0000	0.0000	0.0000	0.0000	0.0000	0.0000	0.0000	0.0000	0.0000	0.0000	0.0000	0.0000	0.0000	0.0000	0.0006	0.0006	0.0001	0.0004	0.0003	0.0001	0.0003	0.0003	0.0000	0.0102	0.0074	0.0027	0.0043	0.0042	0.0001	0.0058	0.0032	0.0026	inf	inf	0.0000	inf	inf	0.0000	inf	inf	0.0000	0.0000	0.0000	0.0000	0.0000	0.0000	0.0000	0.0000	0.0000	0.0000				
40	118	0.1106	10	0	0	1	1	0	0	0	0	N	N	N	N	N	N	N	N	N	N	N	N	inf	inf	inf	inf	inf	inf	17.6856	20.6082	0.0000	29.2545	29.6322	0.0000	12.7382	15.8636	0.0000	0.0000	0.0000	0.0000	0.0000	0.0000	0.0000	0.0000	0.0000	0.0000	0.0000	-0.1254	0.0000	0.4765	3.0275	0.2778	2.1573	0.3291	0.3291	0.0000	0.1631	0.1631	0.0000	0.1660	0.1660	0.0000	0.0000	0.0000	0.0000	0.0000	0.0000	0.0000	0.0000	0.0000	0.0000	0.0186	0.0160	0.0026	0.0056	0.0055	0.0001	0.0130	0.0105	0.0026	0.0136	0.0098	0.0038	0.0058	0.0056	0.0002	0.0078	0.0042	0.0036	inf	inf	0.0000	inf	inf	0.0000	inf	inf	0.0000	0.0000	0.0000	0.0000	0.0000	0.0000	0.0000	0.0000	0.0000	0.0000				
40	119	0.1519	10	1	1	0	0	0	0	0	0	N	N	N	N	N	N	N	N	N	N	N	N	0.0472	0.0607	0.0477	0.0343	0.0354	0.0000	0.0627	inf	0.0627	0.0005	0.0005	0.0008	0.0005	0.0005	0.0000	0.0006	0.0005	0.0011	0.0109	0.0079	0.0175	0.0138	0.0140	0.0062	0.0090	0.0000	0.0179	0.1819	0.9999	-0.0000	-0.0000	0.4765	2.1883	0.2778	3.1271	0.0000	0.0000	0.0000	0.0000	0.0000	0.0000	0.0000	0.0000	0.0000	0.0001	0.0001	0.0001	0.0001	0.0001	0.0000	0.0001	0.0000	0.0001	0.0185	0.0168	0.0018	0.0100	0.0096	0.0004	0.0085	0.0072	0.0013	0.0112	0.0077	0.0035	0.0045	0.0044	0.0001	0.0067	0.0033	0.0034	0.0472	0.0607	0.0477	0.0343	0.0354	0.0000	0.0627	inf	0.0627	0.0109	0.0079	0.0175	0.0138	0.0140	0.0062	0.0090	0.0000	0.0179
40	120	0.0849	9	1	1	0	0	0	0	0	0	N	N	N	N	N	N	N	N	N	N	N	N	44612.5150	48518.4075	39990.8028	61604.1981	61106.9859	0.0000	37862.7955	59935.8094	39814.3549	5.6145	5.5101	6.2677	9.7194	9.8190	0.0000	3.9620	3.3919	6.4030	0.0001	0.0001	0.0002	0.0002	0.0002	0.0000	0.0001	0.0001	0.0002	0.1819	0.5491	-0.1080	-0.0000	0.4765	13.6104	0.2778	16.0982	0.4756	0.4024	0.0732	0.2363	0.2363	0.0000	0.2393	0.1661	0.0732	0.0000	0.0000	0.0000	0.0000	0.0000	0.0000	0.0000	0.0000	0.0000	0.0847	0.0730	0.0117	0.0243	0.0241	0.0002	0.0604	0.0490	0.0114	0.0675	0.0483	0.0192	0.0270	0.0264	0.0005	0.0406	0.0219	0.0187	44612.5150	48518.4075	39990.8028	61604.1981	61106.9859	0.0000	37862.7955	59935.8094	39814.3549	0.0001	0.0001	0.0002	0.0002	0.0002	0.0000	0.0001	0.0001	0.0002
40	121	0.1102	11	0	1	0	0	0	0	0	0	N	N	N	N	N	N	N	N	N	N	N	N	0.0000	0.0000	0.0000	0.0000	0.0000	0.0000	0.0000	0.0000	0.0000	0.0000	0.0000	0.0000	0.0000	0.0000	0.0000	0.0000	0.0000	0.0000	0.0762	0.0551	0.1287	0.1474	0.0865	0.8398	0.0042	0.0044	0.0040	0.9380	0.0000	-0.0001	0.4765	0.3548	0.2778	4.6068	0.0000	0.0000	0.0000	0.0000	0.0000	0.0000	0.0000	0.0000	0.0000	0.0016	0.0008	0.0008	0.0015	0.0008	0.0007	0.0000	0.0000	0.0000	0.0051	0.0046	0.0006	0.0021	0.0021	0.0000	0.0030	0.0025	0.0005	0.0206	0.0147	0.0059	0.0104	0.0091	0.0013	0.0103	0.0056	0.0046	0.0000	0.0000	0.0000	0.0000	0.0000	0.0000	0.0000	0.0000	0.0000	0.0762	0.0551	0.1287	0.1474	0.0865	0.5806	0.0042	0.0044	0.0040	
40	122	0.0953	10	0	1	0	0	0	0	0	0	N	N	N	N	N	N	N	N	N	N	N	N	0.0000	0.0000	0.0000	0.0000	0.0000	0.0000	0.0000	0.0000	0.0000	0.0000	0.0000	0.0000	0.0000	0.0000	0.0000	0.0000	0.0000	0.0000	0.0837	0.1145	0.0082	0.1042	0.1042	0.1023	0.0695	0.1280	0.0054	0.0291	0.0000	-0.0008	0.4765	1.6911	0.2778	5.7022	0.0000	0.0000	0.0000	0.0000	0.0000	0.0000	0.0000	0.0000	0.0000	0.0016	0.0016	0.0000	0.0008	0.0008	0.0000	0.0008	0.0008	0.0000	0.0129	0.0112	0.0017	0.0042	0.0041	0.0000	0.0088	0.0071	0.0017	0.0197	0.0140	0.0057	0.0081	0.0079	0.0002	0.0116	0.0061	0.0055	0.0000	0.0000	0.0000	0.0000	0.0000	0.0000	0.0000	0.0000	0.0000	0.0837	0.1145	0.0082	0.1042	0.1042	0.1023	0.0695	0.1280	0.0054	
40	123	0.0849	9	0	0	0	0	0	0	0	0	N	N	N	N	N	N	N	N	N	N	N	N	0.0000	0.0000	0.0000	0.0000	0.0000	0.0000	0.0000	0.0000	0.0000	0.0000	0.0000	0.0000	0.0000	0.0000	0.0000	0.0000	0.0000	0.0000	0.0063	0.0071	0.0044	0.0077	0.0078	0.0002	0.0053	0.0061	0.0045	0.2582	0.0000	-0.0000	0.4765	2.0929	0.2778	3.1856	0.0000	0.0000	0.0000	0.0000	0.0000	0.0000	0.0000	0.0000	0.0000	0.0001	0.0001	0.0000	0.0000	0.0000	0.0000	0.0000	0.0000	0.0000	0.0178	0.0156	0.0022	0.0060	0.0059	0.0000	0.0118	0.0097	0.0021	0.0145	0.0102	0.0042	0.0059	0.0058	0.0001	0.0085	0.0044	0.0041	0.0000	0.0000	0.0000	0.0000	0.0000	0.0000	0.0000	0.0000	0.0000	0.0063	0.0071	0.0044	0.0077	0.0078	0.0002	0.0053	0.0061	0.0045	
40	124	0.1257	12	1	1	0	0	0	0	0	0	N	N	N	N	N	N	N	N	N	N	N	N	0.0000	0.0000	0.0000	0.0000	0.0000	0.0000	0.0000	0.0000	0.0000	0.0000	0.0000	0.0000	0.0000	0.0000	0.0000	0.0000	0.0000	0.0000	0.0000	0.0000	0.4765	0.0000	0.2778	0.0000	0.0000	0.0000	0.0000	0.0000	0.0000	0.0000	0.0000	0.0000	0.0000	0.0000	0.0000	0.0000	0.0000	0.0000	0.0000	0.0000	0.0000	0.0000	0.0000	0.0000	0.0000	0.0000	0.0000	0.0000	0.0000	0.0000	0.0000	0.0000	0.0000	0.0000	0.0000	0.0000	0.0000	0.0000	0.0000	0.0000	0.0000	0.0000	0.0000	0.0000	0.0000	0.0000	0.0000	0.0000	0.0000	0.0000	0.0000	0.0000	0.0000	0.0000	0.0000	0.0000	0.0000	0.0000											
40	125	0.1211	11	1	1	0	0	0	0	0	0	N	N	N	N	N	N	N	N	N	N	N	N	0.0000	0.0000	0.0000	0.0000	0.0000	0.0000	0.0000	0.0000	0.0000	0.0000	0.0000	0.0000	0.0000	0.0000	0.0000	0.0000	0.0000	0.0172	0.0237	0.0000	0.0200	0.0206	0.0000	0.0151	0.0279	0.0000	0.0000	0.0000	-0.0001	0.4765	0.1434	0.2778	1.9839	0.0000	0.0000	0.0000	0.0000	0.0000	0.0000	0.0000	0.0000	0.0000	0.0001	0.0001	0.0000	0.0000	0.0000	0.0000	0.0000	0.0000	0.0000	0.0015	0.0013	0.0002	0.0006	0.0006	0.0000	0.0009	0.0007	0.0002	0.0058	0.0042	0.0016	0.0025	0.0024	0.0001	0.0033	0.0018	0.0015	0.0000	0.0000	0.0000	0.0000	0.0000	0.0000	0.0000	0.0000	0.0000	0.0172	0.0237	0.0000	0.0200	0.0206	0.0000	0.0151	0.0279	0.0000		
40	126	0.1106	10	0	1	0	0	0	0	0	0	N	N	N	N	N	N	N	N	N	N	N	N	0.0000	0.0000	0.0000	0.0000	0.0000	0.0000	0.0000	0.0000	0.0000	0.0000	0.0000	0.0000	0.0000	0.0000	0.0000	0.0000	0.0000	0.0001	0.0001	0.0000	0.0001	0.0001	0.0000	0.0001	0.0001	0.0000	0.0060	0.0000	-0.0000	0.4765	1.8882	0.2778	2.9115	0.0000	0.0000	0.0000	0.0000	0.0000	0.0000	0.0000	0.0000	0.0000	0.0000	0.0000	0.0000	0.0000	0.0000	0.0000	0.0000	0.0000	0.0000	0.0117	0.0100	0.0017	0.0035	0.0035	0.0000	0.0082	0.0066	0.0016	0.0126	0.0091	0.0035	0.0054	0.0052	0.0001	0.0073	0.0039	0.0034	0.0000	0.0000	0.0000	0.0000	0.0000	0.0000	0.0000	0.0000	0.0000	0.0001	0.0001	0.0000	0.0001	0.0001	0.0000	0.0001	0.0001	0.0000		
40	127	0.0849	9	0	0	0	0	0	0	0	0	N	N	N	N	N	N	N	N	N	N	N	N	0.0000	0.0000	0.0000	0.0000	0.0000	0.0000	0.0000	0.0000	0.0000	0.0000	0.0000	0.0000	0.0000	0.0000	0.0000	0.0000	0.0000	0.0006	0.0004	0.0011	0.0008	0.0008	0.0001	0.0005	0.0000	0.0011	1.0000	0.0000	-0.0000	0.4765	3.5543	0.2778	9.0319	0.0000	0.0000	0.0000	0.0000	0.0000	0.0000	0.0000	0.0000	0.0000	0.0000	0.0000	0.0000	0.0000	0.0000	0.0000	0.0000	0.0000	0.0000	0.0267	0.0233	0.0034	0.0084	0.0083	0.0001	0.0183	0.0149	0.0034	0.0318	0.0227	0.0092	0.0129	0.0126	0.0002	0.0190	0.0101	0.0089	0.0000	0.0000	0.0000	0.0000	0.0000	0.0000	0.0000	0.0000	0.0000	0.0006	0.0004	0.0011	0.0008	0.0008	0.0001	0.0005	0.0000	0.0011		
40	128	0.0813	8	0	0	0	0	0	0	0	0	N	N	N	N	N	N	N	N	N	N	N	N	0.0000	0.0000	0.0000	0.0000	0.0000	0.0000	0.0000	0.0000	0.0000	0.0000	0.0000	0.0000	0.0000	0.0000	0.0000	0.0000	0.0000	0.0000	0.0087	0.0062	0.0143	0.0124	0.0103	0.1348	0.0059	0.0000	0.0114	0.9973	0.0000	-0.0000	0.4765	2.6246	0.2778	0.7212	0.0000	0.0000	0.0000	0.0000	0.0000	0.0000	0.0000	0.0000	0.0000	0.0001	0.0000	0.0000	0.0001	0.0000	0.0000	0.0000	0.0000	0.0000	0.0194	0.0168	0.0026	0.0060	0.0060	0.0001	0.0133	0.0108	0.0025	0.0106	0.0074	0.0032	0.0045	0.0045	0.0001	0.0061	0.0029	0.0032	0.0000	0.0000	0.0000	0.0000	0.0000	0.0000	0.0000	0.0000	0.0000	0.0087	0.0062	0.0143	0.0124	0.0103	0.1348	0.0059	0.0000	0.0114	
40	129	0.0755	7	0	0	0	0	0	0	0	0	N	N	N	N	N	N	N	N	N	N	N	N	0.0000	0.0000	0.0000	0.0000	0.0000	0.0000	0.0000	0.0000	0.0000	0.0000	0.0000	0.0000	0.0000	0.0000	0.0000	0.0000	0.0000	0.0000	0.0033	0.0034	0.0031	0.0041	0.0041	0.0053	0.0027	0.0025	0.0030	0.3518	0.0000	-0.0000	0.4765	3.3474	0.2778	1.3769	0.0000	0.0000	0.0000	0.0000	0.0000	0.0000	0.0000	0.0000	0.0000	0.0000	0.0000	0.0000	0.0000	0.0000	0.0000	0.0000	0.0000	0.0000	0.0231	0.0200	0.0032	0.0072	0.0071	0.0001	0.0160	0.0129	0.0031	0.0127	0.0092	0.0035	0.0052	0.0051	0.0001	0.0075	0.0040	0.0035	0.0000	0.0000	0.0000	0.0000	0.0000	0.0000	0.0000	0.0000	0.0000	0.0033	0.0034	0.0031	0.0041	0.0041	0.0053	0.0027	0.0025	0.0030	
40	130	0.0667	6	0	0	0	0	0	0	0	0	N	N	N	N	N	N	N	N	N	N	N	N	0.0000	0.0000	0.0000	0.0000	0.0000	0.0000	0.0000	0.0000	0.0000	0.0000	0.0000	0.0000	0.0000	0.0000	0.0000	0.0000	0.0000	0.1034	0.0727	0.1794	0.1283	0.1303	0.0000	0.0866	0.0001	0.1835	0.9984	0.0000	-0.0001	0.4765	0.4686	0.2778	4.0374	0.0000	0.0000	0.0000	0.0000	0.0000	0.0000	0.0000	0.0000	0.0000	0.0012	0.0006	0.0006	0.0006	0.0006	0.0000	0.0006	0.0000	0.0006	0.0051	0.0046	0.0006	0.0019	0.0019	0.0000	0.0032	0.0026	0.0006	0.0119	0.0085	0.0034	0.0048	0.0047	0.0001	0.0071	0.0038	0.0034	0.0000	0.0000	0.0000	0.0000	0.0000	0.0000	0.0000	0.0000	0.0000	0.1034	0.0727	0.1794	0.1283	0.1303	0.0000	0.0866	0.0001	0.1835		
41	42	0.2250	14	1	1	1	1	0	0	0	0	N	N	N	N	N	N	N	N	N	N	N	N	0.0001	0.0026	0.0000	0.0065	0.0066	0.0000	0.0000	0.0000	0.0002	0.0002	0.0000	0.0012	0.0013	0.0000	0.0000	0.0000	0.0000	1.5190	0.0909	3.6619	0.1858	0.1921	0.0515	2.0828	0.0000	3.7863	0.0003	26.8591	-0.0000	0.0902	10.0333	0.9968	21.8674	1.9513	0.0000	0.0000	0.0000	0.0000	0.0000	0.0000	0.0000	0.0000	0.0000	0.2142	0.0077	0.2065	0.0078	0.0077	0.0001	0.2064	0.0000	0.2064	0.0663	0.0578	0.0085	0.0113	0.0108	0.0005	0.0550	0.0470	0.0080	0.1410	0.0846	0.0564	0.0419	0.0400	0.0019	0.0991	0.0446	0.0545	0.0001	0.0026	0.0000	0.0065	0.0066	0.0000	0.0000	0.0000	0.0000	1.5190	0.0909	3.6619	0.1858	0.1921	0.0515	2.0828	0.0000	3.7863	
41	43	0.2118	13	1	1	1	1	0	0	0	0	N	N	N	N	N	N	N	N	N	N	N	N	0.6778	3.4653	0.0012	9.4124	9.0884	0.0000	0.0003	0.0000	0.0012	0.0634	0.0729	0.0002	0.4872	0.5118	0.0000	0.0000	0.0000	0.0002	0.0936	0.0210	0.1961	0.0518	0.0563	0.0008	0.1065	0.0003	0.2056	0.0005	6.5937	-0.0080	0.0074	10.0333	5.0018	21.8674	1.7716	0.0211	0.0211	0.0000	0.0211	0.0211	0.0000	0.0000	0.0000	0.0000	0.0228	0.0030	0.0198	0.0030	0.0030	0.0000	0.0198	0.0000	0.0198	0.3328	0.2893	0.0435	0.0433	0.0412	0.0021	0.2895	0.2481	0.0414	0.2438	0.1428	0.1011	0.0575	0.0528	0.0047	0.1863	0.0899	0.0963	0.6778	3.4653	0.0012	9.4124	9.0884	0.0000	0.0003	0.0000	0.0012	0.0936	0.0210	0.1961	0.0518	0.0563	0.0008	0.1065	0.0003	0.2056
41	44	0.2150	14	1	1	1	1	0	0	0	0	N	N	N	N	N	N	N	N	N	N	N	N	51.4308	36.2412	0.0000	0.0000	0.0000	42.7063	24.2501	0.0000	2.8481	3.2767	0.0000	0.0000	0.0000	0.0000	3.2773	3.8254	0.0000	0.0554	0.0904	0.0000	0.0005	0.0005	0.0000	0.0767	0.1577	0.0000	0.0000	0.0000	-0.3608	-0.0093	10.0333	4.9860	21.8674	2.3663	0.9469	0.9469	0.0000	0.0000	0.0000	0.0000	0.9469	0.9469	0.0000	0.0172	0.0172	0.0000	0.0000	0.0000	0.0000	0.0172	0.0172	0.0000	0.3325	0.2890	0.0435	0.0435	0.0414	0.0021	0.2889	0.2475	0.0414	0.3108	0.1903	0.1204	0.0870	0.0815	0.0055	0.2237	0.1088	0.1149	51.4308	36.2412	0.0000	0.0000	0.0000	0.0000	42.7063	24.2501	0.0000	0.0554	0.0904	0.0000	0.0005	0.0005	0.0000	0.0767	0.1577	0.0000	
41	45	0.2118	13	1	1	0	1	0	0	0	0	N	N	N	N	N	N	N	N	N	N	N	N	0.0110	0.0059	30.2782	6.1717	5.8972	88.8992	0.0093	0.0038	29.8961	0.1232	0.1158	0.1674	0.0695	0.0703	0.0084	0.1447	0.1380	0.1716	11.1859	19.5373	0.0055	0.0113	0.0119	0.0001	15.6169	36.7387	0.0057	0.2451	0.0002	-0.0001	-0.5322	10.0333	0.0225	21.8674	1.9333	0.0003	0.0003	0.0001	0.0001	0.0001	0.0000	0.0003	0.0002	0.0001	0.9805	0.9803	0.0002	0.0003	0.0003	0.0000	0.9802	0.9800	0.0002	0.0026	0.0022	0.0004	0.0007	0.0007	0.0000	0.0019	0.0015	0.0004	0.0877	0.0502	0.0375	0.0249	0.0235	0.0014	0.0628	0.0267	0.0361	0.0110	0.0059	30.2782	6.1717	5.8972	88.8992	0.0093	0.0038	29.8961	11.1859	19.5373	0.0055	0.0113	0.0119	0.0001	15.6169	36.7387	0.0057
41	46	0.2089	12	1	1	0	1	0	0	0	0	N	N	N	N	N	N	N	N	N	N	N	N	0.0545	0.0309	0.9898	5.6178	5.3437	3.2822	0.0199	0.0063	0.9852	0.0035	0.0032	0.0051	0.0155	0.0163	0.0001	0.0016	0.0010	0.0053	0.0633	0.1036	0.0051	0.0028	0.0030	0.0000	0.0804	0.1549	0.0054	0.2390	0.0342	-0.0000	-0.0015	10.0333	1.0095	21.8674	0.3555	0.0002	0.0002	0.0000	0.0001	0.0001	0.0000	0.0001	0.0000	0.0000	0.0030	0.0029	0.0001	0.0000	0.0000	0.0000	0.0030	0.0029	0.0001	0.0692	0.0601	0.0091	0.0092	0.0088	0.0004	0.0600	0.0514	0.0087	0.0475	0.0281	0.0194	0.0104	0.0095	0.0010	0.0371	0.0186	0.0185	0.0545	0.0309	0.9898	5.6178	5.3437	3.2822	0.0199	0.0063	0.9852	0.0633	0.1036	0.0051	0.0028	0.0030	0.0000	0.0804	0.1549	0.0054
41	47	0.0853	3	0	1	1	1	0	0	0	0	N	N	N	N	N	N	N	N	N	N	N	N	2.6258	7.9210	0.0000	1.8374	1.8183	0.1133	2.7158	1429308.7220	0.0000	4.6220	5.4427	0.0000	3.4456	3.4901	0.0000	4.7005	5.5959	0.0000	1.7602	0.6871	3.0986	1.8752	1.9195	0.0001	1.7308	0.0000	3.1316	0.0000	3.6154	-0.3961	0.3068	10.0333	3.0460	21.8674	11.9126	1.0395	1.0395	0.0000	0.0485	0.0485	0.0000	0.9911	0.9911	0.0000	1.2762	0.2765	0.9997	0.2765	0.2765	0.0000	0.9997	0.0000	0.9997	0.2249	0.1910	0.0339	0.0141	0.0139	0.0002	0.2108	0.1771	0.0337	0.7250	0.4024	0.3226	0.1475	0.1441	0.0034	0.5776	0.2584	0.3192	2.6258	7.9210	0.0000	1.8374	1.8183	0.1133	2.7158	1429308.7220	0.0000	1.7602	0.6871	3.0986	1.8752	1.9195	0.0001	1.7308	0.0000	3.1316
41	48	0.0719	2	0	1	0	1	0	0	0	0	N	N	N	N	N	N	N	N	N	N	N	N	1.3381	0.8317	3.7858	3.1958	3.2004	0.0779	1.3511	6.3717	3.7885	1.0626	0.6889	2.8462	4.9659	4.9906	0.0119	0.6509	0.1309	2.8539	0.7941	0.8284	0.7518	1.5539	1.5593	0.1531	0.4817	0.0205	0.7533	0.8655	0.7340	0.0080	-0.0496	10.0333	1.1082	21.8674	5.8288	0.0968	0.0519	0.0449	0.0432	0.0432	0.0000	0.0536	0.0087	0.0449	0.4142	0.2389	0.1753	0.2362	0.2361	0.0001	0.1781	0.0028	0.1753	0.0911	0.0753	0.0158	0.0087	0.0086	0.0000	0.0824	0.0667	0.0157	0.5216	0.2884	0.2332	0.1520	0.1514	0.0006	0.3696	0.1370	0.2326	1.3381	0.8317	3.7858	3.1958	3.2004	0.0779	1.3511	6.3717	3.7885	0.7941	0.8284	0.7518	1.5539	1.5593	0.1531	0.4817	0.0205	0.7533
41	49	0.1032	4	0	2	0	1	0	0	0	0	N	Y	N	N	N	N	N	N	N	N	N	N	0.0000	0.0000	0.0000	0.0000	0.0000	0.0000	0.0000	0.0000	0.0000	0.0000	0.0000	0.0000	0.0000	0.0000	0.0000	0.0000	0.0000	0.0003	0.0000	0.0006	0.0000	0.0000	0.0000	0.0003	0.0000	0.0007	1033.1347	0.0000	0.0000	10.0333	0.0000	21.8674	2.0001	0.0000	0.0000	0.0000	0.0000	0.0000	0.0000	0.0000	0.0000	0.0000	0.0000	0.0000	0.0000	0.0000	0.0000	0.0000	0.0000	0.0000	0.0000	0.0000	0.0000	0.0000	0.0000	0.0000	0.0000	0.0000	0.0000	0.0000	0.0711	0.0395	0.0316	0.0103	0.0091	0.0012	0.0608	0.0303	0.0304	0.0000	0.0000	0.0000	0.0000	0.0000	0.0000	0.0000	0.0000	0.0000	0.0003	0.0000	0.0006	0.0000	0.0000	0.0000	0.0003	0.0000	0.0007		
41	50	0.2443	17	1	2	1	1	0	0	0	0	N	Y	N	N	N	N	N	N	N	N	N	N	0.0000	0.0000	0.0000	0.0000	0.0000	0.0000	0.0000	0.0000	0.0000	0.0000	0.0000	0.0000	0.0000	0.0000	0.0000	0.0004	0.0000	0.0016	0.0008	0.0000	0.0178	0.0001	0.0000	0.0003	inf	0.0000	0.0000	10.0333	0.0000	21.8674	1.7047	0.0000	0.0000	0.0000	0.0000	0.0000	0.0000	0.0000	0.0000	0.0000	0.0000	0.0000	0.0000	0.0000	0.0000	0.0000	0.0000	0.0000	0.0000	0.0000	0.0000	0.0000	0.0000	0.0000	0.0000	0.0000	0.0000	0.0000	0.1086	0.0817	0.0269	0.0427	0.0407	0.0020	0.0659	0.0410	0.0249	0.0000	0.0000	0.0000	0.0000	0.0000	0.0000	0.0000	0.0000	0.0000	0.0004	0.0000	0.0016	0.0008	0.0000	0.0178	0.0001	0.0000	0.0003				
41	51	0.2443	17	1	2	1	1	0	0	0	0	N	Y	N	N	N	N	N	N	N	N	N	N	0.0000	0.0000	0.0000	0.0000	0.0000	0.0000	0.0000	0.0000	0.0000	0.0000	0.0000	0.0000	0.0000	0.0000	0.0000	0.0003	0.0003	0.0000	0.0006	0.0006	0.0000	0.0000	0.0000	0.0000	0.0000	0.0000	-0.0000	10.0333	0.0000	21.8674	0.2953	0.0000	0.0000	0.0000	0.0000	0.0000	0.0000	0.0000	0.0000	0.0000	0.0000	0.0000	0.0000	0.0000	0.0000	0.0000	0.0000	0.0000	0.0000	0.0000	0.0000	0.0000	0.0000	0.0000	0.0000	0.0000	0.0000	0.0000	0.0649	0.0557	0.0092	0.0304	0.0301	0.0004	0.0345	0.0256	0.0088	0.0000	0.0000	0.0000	0.0000	0.0000	0.0000	0.0000	0.0000	0.0000	0.0003	0.0003	0.0000	0.0006	0.0006	0.0000	0.0000	0.0000	0.0000				
41	52	0.2415	16	1	2	1	1	0	0	0	0	N	Y	N	N	N	N	N	N	N	N	N	N	3.9970	0.0000	2902.5722	3.8024	0.0000	4116.8251	0.0000	0.0000	0.0000	0.0020	0.0000	0.0161	0.0057	0.0000	0.2987	0.0000	0.0000	0.0000	0.0005	0.0008	0.0000	0.0015	0.0016	0.0001	0.0000	0.0000	0.0000	inf	0.0038	0.0000	-0.0000	10.0333	0.0001	21.8674	1.7968	0.0000	0.0000	0.0000	0.0000	0.0000	0.0000	0.0000	0.0000	0.0000	0.0000	0.0000	0.0000	0.0000	0.0000	0.0000	0.0000	0.0000	0.0000	0.0000	0.0000	0.0000	0.0000	0.0000	0.0000	0.0000	0.0000	0.0000	0.0822	0.0534	0.0288	0.0278	0.0261	0.0017	0.0544	0.0273	0.0271	3.9970	0.0000	2902.5722	3.8024	0.0000	4116.8251	0.0000	0.0000	0.0000	0.0005	0.0008	0.0000	0.0015	0.0016	0.0001	0.0000	0.0000	0.0000
41	53	0.2232	10	1	2	0	1	0	0	0	0	N	Y	N	N	N	N	N	N	N	N	N	N	0.0213	5.8865	0.0505	4.2034	8.1641	1.0119	0.0145	232.1894	0.0502	0.0041	0.0013	0.0273	0.0040	0.0039	0.0086	0.0042	0.0005	0.0287	0.1948	0.0002	0.5417	0.0010	0.0005	0.0085	0.2883	0.0000	0.5723	2.4717	1336.3532	0.0002	0.0106	10.0333	1.8240	21.8674	0.8872	0.0006	0.0002	0.0005	0.0001	0.0001	0.0000	0.0005	0.0000	0.0004	0.0232	0.0000	0.0232	0.0000	0.0000	0.0000	0.0232	0.0000	0.0232	0.1559	0.1391	0.0168	0.0366	0.0354	0.0012	0.1193	0.1037	0.0157	0.1194	0.0765	0.0429	0.0388	0.0365	0.0023	0.0805	0.0400	0.0406	0.0213	5.8865	0.0505	4.2034	8.1641	1.0119	0.0145	232.1894	0.0502	0.1948	0.0002	0.5417	0.0010	0.0005	0.0085	0.2883	0.0000	0.5723
41	54	0.1331	6	0	2	0	2	0	0	0	0	N	Y	N	Y	N	N	N	N	N	N	N	N	0.0000	0.0000	0.0000	0.0000	0.0000	0.0000	0.0000	0.0000	0.0000	0.0000	0.0000	0.0000	0.0000	0.0000	0.0000	0.0000	0.0000	5.3582	0.0823	12.8785	0.2367	0.2544	0.0037	6.6761	0.0000	13.3470	109.7226	0.0000	0.4528	10.0333	0.0007	21.8674	4.7762	0.0000	0.0000	0.0000	0.0000	0.0000	0.0000	0.0000	0.0000	0.0000	1.0106	0.0091	1.0015	0.0091	0.0091	0.0000	1.0015	0.0000	1.0015	0.0001	0.0001	0.0000	0.0000	0.0000	0.0000	0.0001	0.0000	0.0000	0.1886	0.1108	0.0778	0.0386	0.0359	0.0027	0.1500	0.0750	0.0750	0.0000	0.0000	0.0000	0.0000	0.0000	0.0000	0.0000	0.0000	0.0000	5.3582	0.0823	12.8785	0.2367	0.2544	0.0037	6.6761	0.0000	13.3470		
41	55	0.1331	6	0	1	0	2	0	0	0	0	N	N	N	Y	N	N	N	N	N	N	N	N	0.0000	0.0000	0.0000	0.0000	0.0000	0.0000	0.0000	0.0000	0.0000	0.0000	0.0000	0.0000	0.0000	0.0000	0.0000	0.0000	14.2752	11.7493	24.1329	32.6210	33.5565	0.0000	9.2786	0.0000	21.7948	1.0164	0.0000	-0.0763	10.0333	0.0007	21.8674	3.2259	0.0000	0.0000	0.0000	0.0000	0.0000	0.0000	0.0000	0.0000	0.0000	1.9609	0.9725	0.9885	0.9725	0.9725	0.0000	0.9885	0.0000	0.9885	0.0001	0.0001	0.0000	0.0000	0.0000	0.0000	0.0001	0.0000	0.0000	0.1374	0.0828	0.0546	0.0308	0.0290	0.0019	0.1065	0.0538	0.0527	0.0000	0.0000	0.0000	0.0000	0.0000	0.0000	0.0000	0.0000	0.0000	14.2752	11.7493	18.1045	31.5366	33.5565	0.0000	9.2786	0.0000	18.7417			
41	56	0.1288	5	0	1	0	2	0	0	0	0	N	N	N	Y	N	N	N	N	N	N	N	N	0.0000	0.0000	0.0000	0.0000	0.0000	0.0000	0.0000	0.0000	0.0000	0.0000	0.0000	0.0000	0.0000	0.0000	0.0000	0.0000	0.0000	0.1773	0.0982	0.3051	0.2586	0.2736	0.0000	0.1525	0.0002	0.3157	1.9249	0.0000	0.0022	10.0333	0.9953	21.8674	1.3904	0.0000	0.0000	0.0000	0.0000	0.0000	0.0000	0.0000	0.0000	0.0000	0.0188	0.0064	0.0123	0.0064	0.0064	0.0000	0.0124	0.0000	0.0123	0.0697	0.0605	0.0092	0.0060	0.0057	0.0003	0.0637	0.0547	0.0089	0.1058	0.0653	0.0405	0.0248	0.0234	0.0014	0.0810	0.0419	0.0391	0.0000	0.0000	0.0000	0.0000	0.0000	0.0000	0.0000	0.0000	0.0000	0.1773	0.0982	0.3051	0.2586	0.2736	0.0000	0.1525	0.0002	0.3157		
41	57	0.1220	4	0	1	0	2	0	0	0	0	N	N	N	Y	N	N	N	N	N	N	N	N	0.0000	0.0000	0.0000	0.0000	0.0000	0.0000	0.0000	0.0000	0.0000	0.0000	0.0000	0.0000	0.0000	0.0000	0.0000	0.0000	0.0000	0.0000	0.3069	0.0095	0.7031	0.0238	0.0251	0.0051	0.3824	0.0012	0.7259	55.8485	-0.0000	0.0181	10.0333	0.0068	21.8674	3.2797	0.0000	0.0000	0.0000	0.0000	0.0000	0.0000	0.0000	0.0000	0.0000	0.0412	0.0007	0.0405	0.0007	0.0007	0.0000	0.0405	0.0001	0.0405	0.0006	0.0005	0.0001	0.0001	0.0001	0.0000	0.0005	0.0004	0.0001	0.1342	0.0767	0.0576	0.0283	0.0265	0.0018	0.1060	0.0502	0.0557	0.0000	0.0000	0.0000	0.0000	0.0000	0.0000	0.0000	0.0000	0.0000	0.3069	0.0095	0.7031	0.0238	0.0251	0.0051	0.3824	0.0012	0.7259	
41	58	0.0809	3	0	1	0	2	0	0	0	0	N	N	N	Y	N	N	N	N	N	N	N	N	0.0170	0.5570	0.0000	1.3036	1.3640	0.0000	0.0000	0.1378	0.0000	0.0698	0.0804	0.0001	0.5828	0.6067	0.0000	0.0000	0.0000	0.0001	4.1169	0.1444	8.8409	0.4470	0.4448	0.7670	4.9286	0.0001	8.9287	0.0002	51.4748	-0.0124	1.5065	10.0333	5.8573	21.8674	13.1443	0.0324	0.0324	0.0000	0.0324	0.0324	0.0000	0.0000	0.0000	0.0000	3.4396	0.0655	3.3741	0.0676	0.0655	0.0021	3.3720	0.0000	3.3719	0.4646	0.4032	0.0614	0.0557	0.0535	0.0022	0.4089	0.3497	0.0592	0.8355	0.4538	0.3816	0.1513	0.1473	0.0040	0.6842	0.3065	0.3777	0.0170	0.5570	0.0000	1.3036	1.3640	0.0000	0.0000	0.1378	0.0000	4.1169	0.1444	8.8409	0.4470	0.4448	0.5309	4.9286	0.0001	8.9287
41	59	0.2416	17	0	2	1	1	0	0	0	0	N	Y	N	N	N	N	N	N	N	N	N	N	0.0625	0.0461	0.0000	0.1066	0.1026	0.0000	0.0000	0.0000	0.0000	0.0013	0.0015	0.0000	0.0076	0.0080	0.0000	0.0000	0.0000	0.0000	0.0215	0.0335	0.0000	0.0713	0.0779	0.0000	0.0000	0.0000	0.0000	0.0000	0.0000	-0.0000	-0.0022	10.0333	0.9979	21.8674	4.0614	0.0001	0.0001	0.0000	0.0001	0.0001	0.0000	0.0000	0.0000	0.0000	0.0041	0.0041	0.0000	0.0041	0.0041	0.0000	0.0000	0.0000	0.0000	0.0674	0.0586	0.0087	0.0119	0.0113	0.0006	0.0555	0.0473	0.0081	0.1912	0.1228	0.0684	0.0576	0.0527	0.0049	0.1336	0.0700	0.0635	0.0625	0.0461	0.0000	0.1066	0.1026	0.0000	0.0000	0.0000	0.0000	0.0215	0.0335	0.0000	0.0713	0.0779	0.0000	0.0000	0.0000	0.0000
41	60	0.2332	16	0	2	0	1	0	0	0	0	N	Y	N	N	N	N	N	N	N	N	N	N	5.2461	13.2493	0.0003	178.1691	172.2965	0.0489	0.0001	0.0000	0.0003	0.1348	0.1546	0.0000	0.7823	0.8194	0.0000	0.0000	0.0000	0.0000	0.0257	0.0117	0.0504	0.0044	0.0048	0.0000	0.0346	0.0168	0.0538	0.0000	2.4486	-0.0080	0.0007	10.0333	2.2356	21.8674	2.2044	0.0210	0.0210	0.0000	0.0210	0.0210	0.0000	0.0000	0.0000	0.0000	0.0043	0.0012	0.0030	0.0002	0.0002	0.0000	0.0040	0.0010	0.0030	0.1561	0.1360	0.0201	0.0269	0.0257	0.0012	0.1292	0.1103	0.0188	0.1660	0.1059	0.0600	0.0490	0.0452	0.0038	0.1170	0.0607	0.0563	5.2461	13.2493	0.0003	178.1691	172.2965	0.0489	0.0001	0.0000	0.0003	0.0257	0.0117	0.0504	0.0044	0.0048	0.0000	0.0346	0.0168	0.0538
41	61	0.2126	14	1	1	1	1	0	0	0	0	N	N	N	N	N	N	N	N	N	N	N	N	0.0095	0.0005	8770.6744	0.0009	0.0009	inf	2095.5848	0.0000	11911.7726	0.0000	0.0000	0.0002	0.0000	0.0000	0.0000	0.0000	0.0000	0.0003	0.0036	0.0061	0.0000	0.0169	0.0187	0.0000	0.0000	0.0000	0.0000	11.9794	0.0000	0.0000	-0.0006	10.0333	2.0703	21.8674	7.0012	0.0000	0.0000	0.0000	0.0000	0.0000	0.0000	0.0000	0.0000	0.0000	0.0011	0.0011	0.0000	0.0011	0.0011	0.0000	0.0000	0.0000	0.0000	0.1469	0.1281	0.0188	0.0247	0.0237	0.0010	0.1222	0.1044	0.0178	0.2951	0.1745	0.1206	0.0631	0.0569	0.0063	0.2319	0.1176	0.1143	0.0095	0.0005	8770.6744	0.0009	0.0009	inf	2095.5848	0.0000	11911.7726	0.0036	0.0061	0.0000	0.0169	0.0187	0.0000	0.0000	0.0000	0.0000
41	62	0.2110	13	0	1	0	1	0	0	0	0	N	N	N	N	N	N	N	N	N	N	N	N	0.0261	0.0419	0.0780	0.2871	0.2520	5.3322	0.0220	0.0000	0.0774	0.0008	0.0001	0.0059	0.0005	0.0005	0.0010	0.0009	0.0000	0.0062	0.0321	0.0020	0.0759	0.0018	0.0020	0.0002	0.0408	0.0021	0.0799	10.3173	25.6560	0.0000	0.0004	10.0333	0.9285	21.8674	0.0280	0.0001	0.0000	0.0000	0.0000	0.0000	0.0000	0.0000	0.0000	0.0000	0.0011	0.0000	0.0010	0.0000	0.0000	0.0000	0.0010	0.0000	0.0010	0.0644	0.0561	0.0083	0.0100	0.0095	0.0004	0.0544	0.0465	0.0079	0.0329	0.0195	0.0134	0.0073	0.0066	0.0007	0.0256	0.0129	0.0127	0.0261	0.0419	0.0780	0.2871	0.2520	5.3322	0.0220	0.0000	0.0774	0.0321	0.0020	0.0759	0.0018	0.0020	0.0002	0.0408	0.0021	0.0799
41	63	0.1732	8	1	2	0	1	0	0	0	0	N	Y	N	N	N	N	N	N	N	N	N	N	0.2960	0.0026	1.6129	0.0054	0.0053	0.0000	0.5055	0.0197	1.6416	0.0003	0.0000	0.0022	0.0000	0.0000	0.0000	0.0003	0.0000	0.0023	0.0010	0.0007	0.0014	0.0019	0.0020	0.0000	0.0007	0.0000	0.0014	171.2277	1.0742	0.0000	-0.0000	10.0333	1.0023	21.8674	3.0135	0.0000	0.0000	0.0000	0.0000	0.0000	0.0000	0.0000	0.0000	0.0000	0.0001	0.0001	0.0001	0.0001	0.0001	0.0000	0.0001	0.0000	0.0001	0.0701	0.0609	0.0092	0.0110	0.0104	0.0006	0.0590	0.0505	0.0085	0.1393	0.0876	0.0517	0.0345	0.0318	0.0027	0.1048	0.0558	0.0489	0.2960	0.0026	1.6129	0.0054	0.0053	0.0000	0.5055	0.0197	1.6416	0.0010	0.0007	0.0014	0.0019	0.0020	0.0000	0.0007	0.0000	0.0014
41	64	0.1468	7	1	2	0	1	0	0	0	0	N	Y	N	N	N	N	N	N	N	N	N	N	5.0352	114.8423	13.4413	4.1239	3.9219	0.4556	4.9041	5469.4423	13.5482	0.2884	0.0580	1.9414	0.0057	0.0059	0.0000	0.3566	0.0722	2.0481	0.0573	0.0005	0.1444	0.0014	0.0015	0.0000	0.0727	0.0000	0.1512	4.6640	186.2284	0.0326	0.0105	10.0333	3.0820	21.8674	9.3392	0.0736	0.0130	0.0606	0.0003	0.0003	0.0000	0.0733	0.0127	0.0606	0.0233	0.0001	0.0232	0.0001	0.0001	0.0000	0.0232	0.0000	0.0232	0.2553	0.2240	0.0312	0.0497	0.0480	0.0016	0.2056	0.1760	0.0296	0.4072	0.2466	0.1606	0.0882	0.0810	0.0072	0.3190	0.1656	0.1535	5.0352	114.8423	13.4413	4.1239	3.9219	0.4556	4.9041	5469.4423	13.5482	0.0573	0.0005	0.1444	0.0014	0.0015	0.0000	0.0727	0.0000	0.1512
41	65	0.2332	16	0	2	0	1	0	0	0	0	N	Y	N	N	N	N	N	N	N	N	N	N	1.6160	0.6489	4392.9483	1.4277	1.3557	21.4275	8038.7318	0.0000	37323.9367	0.0012	0.0008	0.0043	0.0040	0.0041	0.0003	0.0007	0.0000	0.0045	0.0008	0.0012	0.0000	0.0028	0.0031	0.0000	0.0000	0.0000	0.0000	0.7713	0.0005	0.0000	-0.0001	10.0333	1.7946	21.8674	5.9592	0.0002	0.0001	0.0001	0.0001	0.0001	0.0000	0.0001	0.0000	0.0001	0.0002	0.0002	0.0000	0.0002	0.0002	0.0000	0.0000	0.0000	0.0000	0.1276	0.1113	0.0163	0.0227	0.0217	0.0010	0.1050	0.0896	0.0153	0.2633	0.1633	0.1000	0.0730	0.0665	0.0065	0.1904	0.0968	0.0936	1.6160	0.6489	4392.9483	1.4277	1.3557	21.4275	8038.7318	0.0000	37323.9367	0.0008	0.0012	0.0000	0.0028	0.0031	0.0000	0.0000	0.0000	0.0000
41	66	0.2264	15	0	2	0	1	0	0	0	0	N	Y	N	N	N	N	N	N	N	N	N	N	1.8045	1.2659	1.6522	2.6043	2.4615	2.8291	0.4332	0.0003	1.6471	0.0708	0.0801	0.0068	0.3720	0.3866	0.0000	0.0011	0.0000	0.0071	0.0392	0.0633	0.0041	0.1428	0.1570	0.0000	0.0025	0.0004	0.0043	0.0124	0.0443	-0.0027	-0.0023	10.0333	1.3569	21.8674	2.0560	0.0074	0.0073	0.0001	0.0073	0.0073	0.0000	0.0001	0.0000	0.0001	0.0046	0.0044	0.0002	0.0044	0.0044	0.0000	0.0002	0.0000	0.0002	0.1044	0.0911	0.0134	0.0196	0.0189	0.0007	0.0848	0.0722	0.0126	0.1174	0.0696	0.0478	0.0307	0.0280	0.0028	0.0867	0.0417	0.0450	1.8045	1.2659	1.6522	2.6043	2.4615	2.8291	0.4332	0.0003	1.6471	0.0392	0.0633	0.0041	0.1428	0.1570	0.0000	0.0025	0.0004	0.0043
41	67	0.2130	14	0	2	0	1	0	0	0	0	N	Y	N	N	N	N	N	N	N	N	N	N	146.9909	8438.9190	0.3124	21985.5119	21261.2597	575.1411	0.1399	28.7646	0.3158	2.7923	3.2107	0.0151	16.7760	17.8929	0.0004	0.0036	0.0015	0.0163	0.0190	0.0004	0.0482	0.0008	0.0008	0.0000	0.0261	0.0001	0.0517	0.0007	80.7294	-0.3756	0.0020	10.0333	4.9477	21.8674	2.0153	0.9874	0.9867	0.0007	0.9863	0.9863	0.0000	0.0011	0.0004	0.0007	0.0044	0.0001	0.0044	0.0000	0.0000	0.0000	0.0044	0.0000	0.0044	0.3536	0.3073	0.0463	0.0588	0.0551	0.0037	0.2948	0.2522	0.0426	0.2338	0.1428	0.0910	0.0655	0.0594	0.0061	0.1683	0.0834	0.0848	146.9909	8438.9190	0.3124	21985.5119	21261.2597	575.1411	0.1399	28.7646	0.3158	0.0190	0.0004	0.0482	0.0008	0.0008	0.0000	0.0261	0.0001	0.0517
41	68	0.1032	4	0	1	1	1	0	0	0	0	N	N	N	N	N	N	N	N	N	N	N	N	0.0000	0.0000	0.0000	0.0000	0.0000	0.0000	0.0000	0.0000	0.0000	0.0000	0.0000	0.0000	0.0000	0.0000	0.0000	0.0000	0.0000	0.0001	0.0000	0.0003	0.0000	0.0000	0.0000	0.0002	0.0000	0.0003	1033.1347	0.0000	0.0000	10.0333	0.0000	21.8674	4.0001	0.0000	0.0000	0.0000	0.0000	0.0000	0.0000	0.0000	0.0000	0.0000	0.0000	0.0000	0.0000	0.0000	0.0000	0.0000	0.0000	0.0000	0.0000	0.0000	0.0000	0.0000	0.0000	0.0000	0.0000	0.0000	0.0000	0.0000	0.1409	0.0782	0.0626	0.0204	0.0181	0.0023	0.1205	0.0602	0.0603	0.0000	0.0000	0.0000	0.0000	0.0000	0.0000	0.0000	0.0000	0.0000	0.0001	0.0000	0.0003	0.0000	0.0000	0.0000	0.0002	0.0000	0.0003		
41	69	0.0809	3	0	1	0	1	0	0	0	0	N	N	N	N	N	N	N	N	N	N	N	N	1.0128	6.4000	0.0000	0.3540	0.3600	0.0000	1.0361	1181527.7382	0.0000	3.5393	4.0686	0.0002	0.5452	0.5670	0.0000	4.2131	4.9610	0.0002	3.4947	0.6357	6.9616	1.5402	1.5749	0.0378	4.0665	0.0000	7.0407	0.0000	9.0303	-0.3587	0.7748	10.0333	2.8240	21.8674	8.9883	0.9414	0.9414	0.0000	0.0266	0.0266	0.0000	0.9147	0.9147	0.0000	2.1682	0.2162	1.9521	0.2163	0.2162	0.0001	1.9520	0.0000	1.9520	0.2660	0.2314	0.0346	0.0489	0.0470	0.0019	0.2171	0.1844	0.0327	0.6204	0.3400	0.2804	0.1404	0.1373	0.0032	0.4800	0.2028	0.2772	1.0128	6.4000	0.0000	0.3540	0.3600	0.0000	1.0361	1181527.7382	0.0000	3.4947	0.6357	6.9616	1.5402	1.5749	0.0378	4.0665	0.0000	7.0407
41	70	0.0719	2	0	1	0	1	0	0	0	0	N	N	N	N	N	N	N	N	N	N	N	N	0.5727	0.4393	1.2184	2.3714	2.3792	0.0370	0.4070	4.0468	1.2196	0.6527	0.5202	1.3201	4.7623	4.7913	0.0052	0.2919	0.0660	1.3240	1.1397	1.1843	1.0835	2.0082	2.0138	0.1403	0.7172	0.0163	1.0856	0.5037	0.7246	-0.0035	-0.0646	10.0333	1.4521	21.8674	3.5882	0.0750	0.0499	0.0251	0.0442	0.0442	0.0000	0.0309	0.0057	0.0251	0.5257	0.3048	0.2209	0.3032	0.3031	0.0001	0.2226	0.0017	0.2208	0.1150	0.0959	0.0190	0.0093	0.0092	0.0001	0.1057	0.0867	0.0190	0.4613	0.2574	0.2039	0.1510	0.1505	0.0005	0.3103	0.1069	0.2034	0.5727	0.4393	1.2184	2.3714	2.3792	0.0370	0.4070	4.0468	1.2196	1.1397	1.1843	1.0835	2.0082	2.0138	0.1403	0.7172	0.0163	1.0856
41	73	0.1380	6	0	1	0	1	0	0	0	0	N	N	N	N	N	N	N	N	N	N	N	N	1.1980	0.7561	inf	0.0002	0.0002	142048659.6978	80302034.9036	inf	3.3400	3.5938	1.5562	0.0029	0.0031	0.0000	4.0592	4.4639	1.6425	2.7879	4.7529	0.0000	15.8315	16.7650	0.0000	0.0000	0.0000	0.0000	0.0616	0.0000	-0.3429	-0.9978	10.0333	4.0673	21.8674	17.8409	1.0616	1.0000	0.0616	0.0002	0.0002	0.0000	1.0614	0.9998	0.0616	1.8377	1.8377	0.0000	1.8377	1.8377	0.0000	0.0000	0.0000	0.0000	0.3178	0.2783	0.0396	0.0564	0.0543	0.0021	0.2615	0.2240	0.0375	0.6592	0.3866	0.2725	0.1203	0.1096	0.0107	0.5389	0.2770	0.2619	1.1980	0.7561	inf	0.0002	0.0002	0.0000	142048659.6978	80302034.9036	inf	2.7879	4.7529	0.0000	15.2802	16.7650	0.0000	0.0000	0.0000	0.0000	
41	75	0.2747	10	0	1	0	1	0	0	0	0	N	N	N	N	N	N	N	N	N	N	N	N	0.6375	1.5088	0.0399	0.7549	0.6546	9.7401	0.5502	11.3977	0.0040	1.0116	1.1226	0.1359	0.7970	0.7871	1.0375	1.1180	1.3102	0.0168	1.5868	0.7440	3.4016	1.0557	1.2024	0.1065	2.0321	0.1149	4.1867	0.0153	2.1232	-0.1438	0.5340	10.0333	3.5843	21.8674	46.7516	0.3929	0.3870	0.0059	0.1026	0.0973	0.0053	0.2903	0.2897	0.0006	3.9017	1.2493	2.6524	1.1839	1.1679	0.0160	2.7178	0.0814	2.6365	0.3884	0.3447	0.0437	0.1287	0.1236	0.0051	0.2597	0.2211	0.0386	2.4588	1.6791	0.7798	1.1214	0.9713	0.1500	1.3375	0.7077	0.6297	0.6375	1.5088	0.0399	0.7549	0.6546	9.7401	0.5502	11.3977	0.0040	1.5868	0.7440	3.4016	1.0557	1.2024	0.1065	2.0321	0.1149	4.1867
41	76	0.2399	16	1	2	1	1	0	0	0	0	N	Y	N	N	N	N	N	N	N	N	N	N	0.0000	0.0000	0.0000	0.0000	0.0000	0.0000	0.0000	0.0000	0.0000	0.0000	0.0000	0.0000	0.0000	0.0000	0.0000	0.0000	0.0000	0.0000	0.0000	0.0000	10.0333	1.0003	21.8674	1.0071	0.0000	0.0000	0.0000	0.0000	0.0000	0.0000	0.0000	0.0000	0.0000	0.0000	0.0000	0.0000	0.0000	0.0000	0.0000	0.0000	0.0000	0.0000	0.0659	0.0574	0.0084	0.0120	0.0114	0.0006	0.0539	0.0460	0.0079	0.0649	0.0391	0.0258	0.0197	0.0177	0.0020	0.0453	0.0215	0.0238	0.0000	0.0000	0.0000	0.0000	0.0000	0.0000	0.0000	0.0000	0.0000	0.0000	0.0000	0.0000	0.0000	0.0000	0.0000	0.0000	0.0000	0.0000											
41	77	0.2331	15	1	1	1	1	0	0	0	0	N	N	N	N	N	N	N	N	N	N	N	N	0.0642	0.1535	0.0000	0.4125	0.4225	0.0000	0.0000	0.0000	0.0000	0.0000	0.0000	0.0000	0.0000	0.0000	0.0000	0.0000	0.0001	0.0000	0.0002	0.0001	0.0001	0.0000	0.0001	0.0000	0.0003	0.0000	1.8151	-0.0000	0.0000	10.0333	0.9901	21.8674	2.2068	0.0000	0.0000	0.0000	0.0000	0.0000	0.0000	0.0000	0.0000	0.0000	0.0000	0.0000	0.0000	0.0000	0.0000	0.0000	0.0000	0.0000	0.0000	0.0663	0.0579	0.0085	0.0122	0.0116	0.0005	0.0542	0.0462	0.0079	0.3104	0.2300	0.0804	0.1299	0.1272	0.0027	0.1805	0.1028	0.0777	0.0642	0.1535	0.0000	0.4125	0.4225	0.0000	0.0000	0.0000	0.0000	0.0001	0.0000	0.0002	0.0001	0.0001	0.0000	0.0001	0.0000	0.0003		
41	78	0.1555	7	0	2	0	1	0	0	0	0	N	Y	N	N	N	N	N	N	N	N	N	N	0.5154	0.4649	0.0000	0.7538	0.8057	0.0033	0.0060	0.4301	0.0000	0.6489	0.7399	0.0000	3.1791	3.3382	0.0000	0.0020	0.0024	0.0000	1.2592	1.5916	0.6808	4.2176	4.1431	0.0102	0.3398	0.0055	0.7189	0.0000	0.2459	-0.1613	-0.3801	10.0333	8.4371	21.8674	15.3349	0.4234	0.4234	0.0000	0.4223	0.4223	0.0000	0.0011	0.0011	0.0000	1.0999	0.8828	0.2170	0.8811	0.8810	0.0002	0.2187	0.0019	0.2169	0.6524	0.5722	0.0802	0.1328	0.1265	0.0063	0.5196	0.4457	0.0739	0.8735	0.5547	0.3188	0.2298	0.2126	0.0171	0.6437	0.3421	0.3017	0.5154	0.4649	0.0000	0.8290	0.8057	0.0033	0.0060	0.4301	0.0000	1.2592	1.5916	0.6808	3.8349	4.1431	0.0102	0.3398	0.0055	0.7189
41	79	0.2331	15	1	1	1	1	0	0	0	0	N	N	N	N	N	N	N	N	N	N	N	N	0.2305	0.1813	0.0000	1.3669	1.3702	0.1807	0.1102	0.0000	0.1068	0.1224	0.0000	0.0006	0.0006	0.0000	0.1301	0.1522	0.0000	0.4635	0.6751	0.0001	0.0004	0.0004	0.0000	0.7197	1.3819	0.0001	0.0000	0.0001	-0.0080	-0.1187	10.0333	3.0096	21.8674	5.7427	0.0211	0.0211	0.0000	0.0000	0.0000	0.0000	0.0211	0.0211	0.0000	0.2186	0.2186	0.0000	0.0001	0.0001	0.0000	0.2186	0.2185	0.0000	0.1975	0.1724	0.0252	0.0355	0.0339	0.0016	0.1620	0.1385	0.0236	0.4717	0.3238	0.1479	0.1681	0.1608	0.0073	0.3037	0.1631	0.1406	0.2305	0.1813	0.0000	1.3669	1.3702	0.0000	0.1807	0.1136	0.0000	0.4635	0.6751	0.0001	0.0004	0.0004	0.0000	0.7197	1.3402	0.0001	
41	80	0.2175	14	1	1	1	1	0	0	0	0	N	N	N	N	N	N	N	N	N	N	N	N	0.3409	13.4949	0.0006	1.5600	26.8600	0.0000	0.0005	0.0354	0.0008	0.0045	0.0051	0.0000	0.0206	0.0213	0.0000	0.0000	0.0000	0.0000	0.0132	0.0004	0.0333	0.0132	0.0008	0.1752	0.0132	0.0001	0.0262	0.0006	55.6543	-0.0001	0.0015	10.0333	1.0477	21.8674	6.1154	0.0004	0.0004	0.0000	0.0004	0.0004	0.0000	0.0000	0.0000	0.0000	0.0035	0.0001	0.0034	0.0009	0.0001	0.0009	0.0026	0.0000	0.0026	0.0793	0.0693	0.0100	0.0172	0.0167	0.0006	0.0620	0.0526	0.0094	0.2649	0.1619	0.1031	0.0687	0.0638	0.0049	0.1963	0.0981	0.0982	0.3409	13.4949	0.0006	1.5600	26.8600	0.0000	0.0005	0.0354	0.0008	0.0132	0.0004	0.0333	0.0132	0.0008	0.1752	0.0132	0.0001	0.0262
41	81	0.2110	13	0	1	0	1	0	0	0	0	N	N	N	N	N	N	N	N	N	N	N	N	4.4296	3.0312	0.1244	6.3754	6.0151	236.5652	0.0182	0.0000	0.0671	0.1533	0.1760	0.0001	1.0165	1.0637	0.0008	0.0000	0.0000	0.0001	0.0346	0.0581	0.0007	0.1594	0.1768	0.0000	0.0004	0.0001	0.0007	0.0001	0.0084	-0.0079	-0.0019	10.0333	1.9794	21.8674	1.0196	0.0207	0.0207	0.0000	0.0207	0.0207	0.0000	0.0000	0.0000	0.0000	0.0035	0.0034	0.0000	0.0034	0.0034	0.0000	0.0000	0.0000	0.0000	0.1350	0.1176	0.0174	0.0204	0.0195	0.0009	0.1146	0.0981	0.0165	0.1001	0.0591	0.0409	0.0215	0.0194	0.0021	0.0785	0.0397	0.0388	4.4296	3.0312	0.1244	6.3754	6.0151	236.5652	0.0182	0.0000	0.0671	0.0346	0.0581	0.0007	0.1594	0.1768	0.0000	0.0004	0.0001	0.0007
41	82	0.2089	12	0	1	0	1	0	0	0	0	N	N	N	N	N	N	N	N	N	N	N	N	2.7983	2.2013	5.7353	3.9088	3.7200	40.6672	3.4275	inf	5.6953	0.0032	0.0030	0.0051	0.0139	0.0145	0.0005	0.0016	0.0010	0.0053	0.0012	0.0013	0.0009	0.0036	0.0039	0.0000	0.0005	0.0000	0.0009	0.2602	0.4573	-0.0000	-0.0000	10.0333	1.0114	21.8674	0.0202	0.0002	0.0002	0.0000	0.0001	0.0001	0.0000	0.0001	0.0000	0.0000	0.0000	0.0000	0.0000	0.0000	0.0000	0.0000	0.0000	0.0000	0.0000	0.0694	0.0603	0.0091	0.0092	0.0088	0.0004	0.0601	0.0515	0.0087	0.0363	0.0215	0.0149	0.0081	0.0074	0.0007	0.0282	0.0141	0.0141	2.7983	2.2013	5.7353	3.9088	3.7200	40.6672	3.4275	inf	5.6953	0.0012	0.0013	0.0009	0.0036	0.0039	0.0000	0.0005	0.0000	0.0009
41	83	0.1883	11	0	1	0	1	0	0	0	0	N	N	N	N	N	N	N	N	N	N	N	N	96.4471	98.1776	10.3315	143.9747	138.9645	0.8438	90.8579	42414.3091	10.5746	7.1355	8.0784	0.6383	30.2992	31.5724	0.0268	2.9006	3.2714	0.6700	0.0740	0.0823	0.0618	0.2104	0.2272	0.0318	0.0319	0.0001	0.0634	0.0115	0.5109	-1.1058	-0.0052	10.0333	5.9223	21.8674	3.6882	2.9908	2.9569	0.0339	1.9629	1.9629	0.0001	1.0279	0.9940	0.0338	0.0253	0.0167	0.0085	0.0169	0.0167	0.0002	0.0083	0.0000	0.0083	0.4191	0.3660	0.0531	0.0648	0.0622	0.0026	0.3544	0.3039	0.0505	0.3415	0.2032	0.1383	0.0804	0.0736	0.0069	0.2610	0.1297	0.1314	96.4471	98.1776	10.3315	143.9747	138.9645	0.8438	90.8579	42414.3091	10.5746	0.0740	0.0823	0.0618	0.2104	0.2272	0.0318	0.0319	0.0001	0.0634
41	84	0.1754	9	0	2	0	1	0	0	0	0	N	Y	N	N	N	N	N	N	N	N	N	N	0.4504	0.6266	0.0000	0.0636	0.0641	0.0000	0.7862	6786.2430	0.0000	2.1420	2.4583	0.0000	0.6507	0.6894	0.0000	2.4405	2.8484	0.0000	4.7562	3.9230	6.0985	10.2351	10.7517	0.0103	3.1043	0.0004	6.4789	0.0000	0.9649	-0.4015	-0.2983	10.0333	7.1084	21.8674	28.8937	1.0537	1.0537	0.0000	0.0534	0.0534	0.0000	1.0003	1.0003	0.0000	5.7493	2.9260	2.8234	2.9261	2.9258	0.0003	2.8233	0.0002	2.8231	0.4919	0.4286	0.0633	0.0820	0.0774	0.0046	0.4099	0.3512	0.0587	1.2088	0.7459	0.4630	0.2994	0.2721	0.0272	0.9095	0.4737	0.4357	0.4504	0.6266	0.0000	0.0666	0.0641	0.0000	0.7862	6786.2430	0.0000	4.7562	3.9230	6.0985	9.7746	10.7517	0.0103	3.1043	0.0004	6.4789
41	85	0.1679	8	0	2	0	1	0	0	0	0	N	Y	N	N	N	N	N	N	N	N	N	N	4.8339	7.4048	0.1847	9.4662	9.6157	0.0188	0.2575	5.6496	0.2143	3.9247	4.3845	0.2394	10.7013	11.3251	0.0003	0.1644	0.1434	0.2909	0.8119	0.5921	1.2961	1.1305	1.1778	0.0164	0.6384	0.0254	1.3577	0.0068	0.9937	-0.3710	-0.0137	10.0333	2.2208	21.8674	3.9129	0.9912	0.9845	0.0067	0.9645	0.9645	0.0000	0.0267	0.0200	0.0067	0.3083	0.1546	0.1537	0.1514	0.1513	0.0001	0.1569	0.0034	0.1536	0.2526	0.2245	0.0280	0.0901	0.0852	0.0050	0.1624	0.1394	0.0231	0.3797	0.2612	0.1186	0.1339	0.1284	0.0055	0.2458	0.1327	0.1131	4.8339	7.4048	0.1847	9.4662	9.6157	0.0188	0.2575	5.6496	0.2143	0.8119	0.5921	1.2961	1.1305	1.1778	0.0164	0.6384	0.0254	1.3577
41	86	0.2434	10	0	1	1	1	0	0	0	0	N	N	N	N	N	N	N	N	N	N	N	N	1.3796	1.4091	0.0045	3.2087	2.9041	0.0130	0.0012	20.3657	0.0043	0.0773	0.0878	0.0002	0.4088	0.4249	0.0001	0.0000	0.0000	0.0002	0.0561	0.0623	0.0466	0.1274	0.1463	0.0063	0.0261	0.0000	0.0511	0.0003	0.4965	-0.0121	-0.0051	10.0333	5.3425	21.8674	7.0749	0.0319	0.0319	0.0000	0.0319	0.0319	0.0000	0.0000	0.0000	0.0000	0.0241	0.0161	0.0080	0.0162	0.0161	0.0001	0.0079	0.0000	0.0079	0.4122	0.3628	0.0494	0.0780	0.0750	0.0030	0.3342	0.2878	0.0464	0.4291	0.2579	0.1712	0.1270	0.1099	0.0172	0.3021	0.1480	0.1540	1.3796	1.4091	0.0045	3.2087	2.9041	0.0130	0.0012	20.3657	0.0043	0.0561	0.0623	0.0466	0.1274	0.1463	0.0063	0.0261	0.0000	0.0511
41	87	0.2002	9	0	1	0	1	0	0	0	0	N	N	N	N	N	N	N	N	N	N	N	N	1.3244	2.1273	0.0362	3.9720	3.7866	3.5351	0.0381	61.7986	0.0325	2.7241	3.0603	0.1173	10.6866	11.1424	0.1178	0.0658	0.0575	0.1173	2.0570	1.4386	3.2380	2.6905	2.9426	0.0333	1.7278	0.0009	3.6097	0.0049	1.1785	-0.6264	-0.0040	10.0333	7.0719	21.8674	13.7350	1.6653	1.6571	0.0082	1.6351	1.6344	0.0007	0.0301	0.0227	0.0074	2.0013	0.9187	1.0826	0.9195	0.9184	0.0012	1.0818	0.0003	1.0815	0.6113	0.5415	0.0698	0.1530	0.1467	0.0063	0.4583	0.3948	0.0635	0.9729	0.6386	0.3343	0.3468	0.3121	0.0347	0.6261	0.3265	0.2996	1.3244	2.1273	0.0362	4.0310	3.7866	3.5351	0.0381	61.7986	0.0325	2.0570	1.4386	3.2380	2.6511	2.9426	0.0333	1.7278	0.0009	3.6097
41	88	0.2434	17	1	1	1	1	0	0	0	0	N	N	N	N	N	N	N	N	N	N	N	N	0.0000	0.0000	0.0000	0.0000	0.0000	0.0000	0.0000	0.0000	0.0000	0.0000	0.0000	0.0000	0.0000	0.0000	0.0000	0.0000	0.0000	0.0000	0.0000	0.0000	10.0333	0.0000	21.8674	0.0000	0.0000	0.0000	0.0000	0.0000	0.0000	0.0000	0.0000	0.0000	0.0000	0.0000	0.0000	0.0000	0.0000	0.0000	0.0000	0.0000	0.0000	0.0000	0.0000	0.0000	0.0000	0.0000	0.0000	0.0000	0.0000	0.0000	0.0000	0.0000	0.0000	0.0000	0.0000	0.0000	0.0000	0.0000	0.0000	0.0000	0.0000	0.0000	0.0000	0.0000	0.0000	0.0000	0.0000	0.0000	0.0000	0.0000	0.0000	0.0000	0.0000	0.0000	0.0000	0.0000	0.0000	0.0000											
41	89	0.2415	16	1	1	1	1	0	0	0	0	N	N	N	N	N	N	N	N	N	N	N	N	202.1590	0.0000	537.6619	269.2647	0.0000	627.0605	0.0000	0.0000	0.0020	0.0000	0.0161	0.0057	0.0000	0.2987	0.0000	0.0000	0.0000	0.0000	0.0000	0.0000	0.0000	0.0000	0.0005	0.0000	0.0000	0.0000	inf	24.1900	0.0000	0.0000	10.0333	0.0001	21.8674	0.9161	0.0000	0.0000	0.0000	0.0000	0.0000	0.0000	0.0000	0.0000	0.0000	0.0000	0.0000	0.0000	0.0000	0.0000	0.0000	0.0000	0.0000	0.0000	0.0000	0.0000	0.0000	0.0000	0.0000	0.0000	0.0000	0.0000	0.0000	0.0549	0.0371	0.0178	0.0207	0.0198	0.0009	0.0342	0.0173	0.0169	202.1590	0.0000	537.6619	269.2647	0.0000	627.0605	0.0000	0.0000	0.0000	0.0000	0.0000	0.0000	0.0000	0.0000	0.0005	0.0000	0.0000	0.0000	
41	90	0.2167	15	1	1	1	1	0	0	0	0	N	N	N	N	N	N	N	N	N	N	N	N	1.8412	0.0000	585.5795	1.8399	0.0000	946345.5761	53.5771	0.0000	188.7191	0.0066	0.0000	0.0523	0.0228	0.0000	0.4112	0.0026	0.0000	0.0180	0.0036	0.0057	0.0001	0.0124	0.0136	0.0000	0.0000	0.0000	0.0001	inf	0.0097	0.0011	-0.0007	10.0333	3.7876	21.8674	7.8440	0.0018	0.0000	0.0018	0.0012	0.0000	0.0012	0.0006	0.0000	0.0006	0.0014	0.0014	0.0000	0.0014	0.0014	0.0000	0.0000	0.0000	0.0000	0.2758	0.2412	0.0346	0.0544	0.0514	0.0030	0.2214	0.1898	0.0316	0.3904	0.2400	0.1503	0.1112	0.1012	0.0101	0.2791	0.1389	0.1403	1.8412	0.0000	585.5795	1.8399	0.0000	946345.5761	53.5771	0.0000	188.7191	0.0036	0.0057	0.0001	0.0124	0.0136	0.0000	0.0000	0.0000	0.0001
41	91	0.1275	5	0	2	0	2	0	0	0	0	N	Y	N	Y	N	N	N	N	N	N	N	N	0.1169	0.0057	0.5210	0.0297	0.0281	0.0118	0.1262	0.0002	0.5271	0.2454	0.0046	2.0339	0.0179	0.0183	0.0002	0.3104	0.0002	2.1372	2.0985	0.8161	3.9037	0.6019	0.6525	0.0186	2.4597	0.9280	4.0545	58.9918	3.3982	0.0247	0.2988	10.0333	1.8247	21.8674	16.3284	0.0410	0.0007	0.0404	0.0007	0.0007	0.0000	0.0404	0.0000	0.0404	1.3010	0.2958	1.0052	0.0725	0.0724	0.0002	1.2284	0.2234	1.0050	0.1673	0.1474	0.0198	0.0372	0.0362	0.0010	0.1301	0.1112	0.0189	0.6200	0.3625	0.2575	0.1205	0.1109	0.0096	0.4994	0.2516	0.2479	0.1169	0.0057	0.5210	0.0297	0.0281	0.0118	0.1262	0.0002	0.5271	2.0985	0.8161	3.9037	0.6019	0.6525	0.0186	2.4597	0.8882	4.0545
41	92	0.1380	6	0	2	0	1	0	0	0	0	N	Y	N	N	N	N	N	N	N	N	N	N	0.9387	6863.2510	0.0001	12229.1353	11667.6819	inf	0.0000	0.0000	0.0000	1.4555	1.6691	0.0002	9.6462	10.1135	0.0026	0.0000	0.0000	0.0001	1.5505	0.0002	3.7481	0.0008	0.0009	0.0000	1.8920	0.0000	3.9013	0.0000	10872.3901	-0.3576	0.5299	10.0333	9.1310	21.8674	16.1726	0.9384	0.9384	0.0000	0.9384	0.9384	0.0000	0.0000	0.0000	0.0000	1.1597	0.0001	1.1596	0.0001	0.0001	0.0000	1.1596	0.0000	1.1596	0.6447	0.5622	0.0825	0.0973	0.0928	0.0045	0.5474	0.4694	0.0780	0.7479	0.4386	0.3094	0.1351	0.1229	0.0122	0.6129	0.3157	0.2972	0.9387	6863.2510	0.0001	12229.1353	11667.6819	inf	0.0000	0.0000	0.0000	1.5505	0.0002	3.7481	0.0008	0.0009	0.0000	1.8920	0.0000	3.9013
41	93	0.0945	4	0	2	0	1	0	0	0	0	N	Y	N	N	N	N	N	N	N	N	N	N	1.2310	44.0860	0.0000	0.1307	1.1967	0.0000	1.2559	101358082.3588	0.0000	3.2771	3.7985	0.0000	0.2812	0.2900	0.0000	3.5302	4.1352	0.0000	2.6621	0.0862	6.2298	2.1515	0.2424	175.6924	2.8110	0.0000	5.4415	0.0000	52.2049	-0.3827	0.7029	10.0333	4.0959	21.8674	8.7137	1.0044	1.0044	0.0000	0.0067	0.0067	0.0000	0.9977	0.9977	0.0000	1.6039	0.0301	1.5738	0.2927	0.0301	0.2626	1.3113	0.0000	1.3113	0.3065	0.2644	0.0421	0.0239	0.0232	0.0007	0.2826	0.2413	0.0413	0.6025	0.3499	0.2526	0.1360	0.1244	0.0117	0.4665	0.2255	0.2410	1.2310	44.0860	0.0000	0.1307	1.1967	0.0000	1.2559	101358082.3588	0.0000	2.6621	0.0862	6.2298	2.1515	0.2424	22.5290	2.8110	0.0000	5.4415
41	94	0.0762	3	0	2	0	1	0	0	0	0	N	Y	N	N	N	N	N	N	N	N	N	N	1.3717	2.4892	0.0098	41.7191	41.0990	0.0018	0.0065	0.0070	0.0098	2.8236	3.4405	0.0283	21.1104	21.2614	0.0000	0.0151	0.0116	0.0284	2.0585	1.3821	2.8752	0.5060	0.5173	0.0061	2.3036	1.6609	2.8945	0.0018	1.7226	-0.2834	0.0706	10.0333	2.9443	21.8674	6.1524	0.7473	0.7460	0.0014	0.7439	0.7439	0.0000	0.0035	0.0021	0.0014	0.7867	0.2889	0.4977	0.0264	0.0264	0.0000	0.7603	0.2626	0.4977	0.2647	0.2168	0.0479	0.0352	0.0350	0.0003	0.2294	0.1818	0.0476	0.3822	0.2090	0.1731	0.0521	0.0509	0.0012	0.3301	0.1581	0.1720	1.3717	2.4892	0.0098	41.7191	41.0990	0.0018	0.0065	0.0070	0.0098	2.0585	1.3821	2.8752	0.5060	0.5173	0.0061	2.3036	1.6609	2.8945
41	95	0.0738	2	0	1	0	1	0	0	0	0	N	N	N	N	N	N	N	N	N	N	N	N	26.8656	1.6599	109.7671	5.7492	5.7758	0.0000	36.8025	0.0000	110.1369	9.3199	0.4571	48.9206	2.7407	2.7578	0.0000	10.3580	0.0000	49.1486	0.3469	0.2754	0.4457	0.4767	0.4775	0.0988	0.2814	0.0000	0.4463	23.9510	1.1716	0.4272	-0.0002	10.0333	0.8596	21.8674	1.2300	0.7380	0.0296	0.7085	0.0296	0.0296	0.0000	0.7085	0.0000	0.7085	0.0719	0.0331	0.0388	0.0331	0.0331	0.0000	0.0388	0.0000	0.0388	0.0792	0.0647	0.0145	0.0108	0.0107	0.0001	0.0684	0.0540	0.0144	0.2074	0.1203	0.0871	0.0695	0.0694	0.0001	0.1379	0.0509	0.0869	26.8656	1.6599	109.7671	5.7492	5.7758	0.0000	36.8025	0.0000	110.1369	0.3469	0.2754	0.4457	0.4767	0.4775	0.0988	0.2814	0.0000	0.4463
41	98	0.2167	15	0	2	0	1	0	0	0	0	N	Y	N	N	N	N	N	N	N	N	N	N	0.0022	0.3239	0.0071	0.1135	0.4397	0.0000	0.0022	0.0077	0.0049	0.0000	0.0416	0.0001	0.0001	0.0000	0.0069	0.0000	0.0482	2.2550	0.0001	5.8236	0.0005	0.0001	0.0043	3.1371	0.0000	6.2457	281.7335	60463.9741	0.0003	0.4565	10.0333	1.3608	21.8674	12.1483	0.0006	0.0000	0.0006	0.0000	0.0000	0.0000	0.0006	0.0000	0.0006	0.9988	0.0000	0.9987	0.0001	0.0000	0.0001	0.9987	0.0000	0.9987	0.1143	0.1008	0.0135	0.0327	0.0309	0.0018	0.0815	0.0699	0.0116	0.4429	0.2714	0.1715	0.1245	0.1129	0.0116	0.3184	0.1585	0.1599	0.0022	0.3239	0.0071	0.1135	0.4397	0.0000	0.0022	0.0000	0.0077	2.2550	0.0001	5.8236	0.0005	0.0001	0.0043	3.1371	0.0000	6.2457	
41	99	0.2130	14	0	1	0	1	0	0	0	0	N	N	N	N	N	N	N	N	N	N	N	N	4.4027	3.1108	12.2823	10.6501	10.6544	114.8163	3.7767	0.0000	13.2193	0.0619	0.0050	0.4367	0.0191	0.0206	0.0009	0.0745	0.0000	0.5003	0.0141	0.0016	0.0356	0.0018	0.0019	0.0000	0.0197	0.0013	0.0378	13.2598	12.8136	0.0044	0.0005	10.0333	1.5300	21.8674	0.7696	0.0079	0.0006	0.0074	0.0006	0.0006	0.0000	0.0074	0.0000	0.0074	0.0013	0.0001	0.0012	0.0001	0.0001	0.0000	0.0013	0.0000	0.0012	0.1284	0.1115	0.0169	0.0293	0.0271	0.0022	0.0991	0.0844	0.0148	0.0937	0.0593	0.0344	0.0296	0.0276	0.0021	0.0641	0.0318	0.0323	4.4027	3.1108	12.2823	10.6501	10.6544	114.8163	3.7767	0.0000	13.2193	0.0141	0.0016	0.0356	0.0018	0.0019	0.0000	0.0197	0.0013	0.0378
41	100	0.2042	13	0	1	0	1	0	0	0	0	N	N	N	N	N	N	N	N	N	N	N	N	10690.5068	202.0599	43139.2030	552.6418	502.0961	inf	12011.7302	42022.3157	4.0297	0.0306	31.0354	0.1895	0.1934	0.1044	4.6765	0.0000	32.6370	0.0004	0.0002	0.0007	0.0003	0.0004	0.0000	0.0004	0.0000	0.0008	150.2292	3.1293	0.6255	0.0000	10.0333	3.6906	21.8674	1.4800	1.0214	0.0068	1.0147	0.0069	0.0068	0.0002	1.0145	0.0000	1.0145	0.0001	0.0000	0.0001	0.0000	0.0000	0.0000	0.0001	0.0000	0.0001	0.2535	0.2208	0.0327	0.0365	0.0349	0.0016	0.2169	0.1859	0.0311	0.1759	0.1061	0.0698	0.0468	0.0417	0.0051	0.1291	0.0644	0.0647	10690.5068	202.0599	43139.2030	552.6418	502.0961	inf	12011.7302	0.0000	42022.3157	0.0004	0.0002	0.0007	0.0003	0.0004	0.0000	0.0004	0.0000	0.0008	
41	101	0.2042	12	0	1	0	1	0	0	0	0	N	N	N	N	N	N	N	N	N	N	N	N	1279.8319	912.1901	4546.9181	1490.5828	1342.6574	862290.9835	1179.7592	4205.2314	1.7341	0.9643	8.5757	2.8433	2.8448	2.7240	1.2395	0.0000	8.7984	0.0014	0.0011	0.0019	0.0019	0.0021	0.0000	0.0011	0.0000	0.0021	1.0006	1.0004	0.0036	-0.0000	10.0333	0.1361	21.8674	0.4500	0.0304	0.0152	0.0152	0.0154	0.0152	0.0002	0.0150	0.0000	0.0150	0.0000	0.0000	0.0000	0.0000	0.0000	0.0000	0.0000	0.0000	0.0000	0.0175	0.0158	0.0018	0.0054	0.0053	0.0001	0.0121	0.0104	0.0017	0.0286	0.0183	0.0103	0.0101	0.0091	0.0010	0.0184	0.0092	0.0092	1279.8319	912.1901	4546.9181	1490.5828	1342.6574	862290.9835	1179.7592	0.0000	4205.2314	0.0014	0.0011	0.0019	0.0019	0.0021	0.0000	0.0011	0.0000	0.0021	
41	102	0.1883	11	0	1	0	1	0	0	0	0	N	N	N	N	N	N	N	N	N	N	N	N	3.1830	0.9444	21.7103	2.0598	1.8439	26.0982	6.1027	inf	21.5998	0.2725	0.0896	1.5612	0.4911	0.4729	0.9782	0.2271	0.0000	1.5917	0.0856	0.0949	0.0719	0.2384	0.2565	0.0375	0.0372	0.0000	0.0737	2.4730	0.5122	0.0241	-0.0052	10.0333	3.5591	21.8674	4.5341	0.0727	0.0209	0.0517	0.0225	0.0209	0.0016	0.0501	0.0000	0.0501	0.0252	0.0167	0.0085	0.0169	0.0167	0.0002	0.0083	0.0000	0.0083	0.2666	0.2335	0.0331	0.0459	0.0442	0.0017	0.2207	0.1892	0.0315	0.2948	0.1759	0.1189	0.0709	0.0651	0.0059	0.2239	0.1108	0.1130	3.1830	0.9444	21.7103	2.0598	1.8439	26.0982	6.1027	inf	21.5998	0.0856	0.0949	0.0719	0.2384	0.2565	0.0375	0.0372	0.0000	0.0737
41	103	0.1666	10	0	1	0	1	0	0	0	0	N	N	N	N	N	N	N	N	N	N	N	N	0.7876	0.0300	4.8936	0.0384	0.0370	0.0971	1.4424	31.7029	4.9117	3.9896	0.1247	31.2822	0.4255	0.4357	0.0770	4.8188	0.0424	32.6873	5.0656	4.1622	6.3924	11.0775	11.7751	0.7922	3.3407	0.0013	6.6550	35.5188	1.0457	0.5690	-0.0620	10.0333	2.8937	21.8674	8.0733	0.9619	0.0263	0.9355	0.0194	0.0193	0.0001	0.9425	0.0071	0.9354	1.9489	0.9527	0.9962	0.9563	0.9525	0.0038	0.9926	0.0002	0.9924	0.2411	0.2112	0.0299	0.0455	0.0442	0.0013	0.1956	0.1670	0.0286	0.3847	0.2289	0.1558	0.0876	0.0809	0.0067	0.2971	0.1480	0.1491	0.7876	0.0300	4.8936	0.0390	0.0370	0.1355	1.4424	31.7029	4.9117	5.0656	4.1622	6.3924	10.9151	11.7751	0.5681	3.3407	0.0013	6.6550
41	104	0.1614	6	0	2	0	1	0	0	0	0	N	Y	N	N	N	N	N	N	N	N	N	N	0.5241	1.0257	0.6567	0.0203	0.0021	0.4443	0.5149	575.4258	0.6394	0.1447	0.0143	0.5870	0.0005	0.0001	0.0373	0.2331	0.0278	0.5994	0.2761	0.0140	0.8939	0.0267	0.0245	0.0839	0.4527	0.0000	0.9374	12.0716	27.1416	0.0004	0.0156	10.0333	0.0277	21.8674	1.3445	0.0007	0.0001	0.0006	0.0000	0.0000	0.0000	0.0007	0.0000	0.0006	0.0370	0.0013	0.0357	0.0015	0.0013	0.0002	0.0355	0.0000	0.0355	0.0045	0.0035	0.0010	0.0017	0.0017	0.0000	0.0028	0.0018	0.0010	0.1340	0.0941	0.0399	0.0555	0.0535	0.0020	0.0784	0.0406	0.0379	0.5241	1.0257	0.6567	0.0203	0.0021	0.4443	0.5149	575.4258	0.6394	0.2761	0.0140	0.8939	0.0267	0.0245	0.0839	0.4527	0.0000	0.9374
41	105	0.1147	5	0	2	0	1	0	0	0	0	N	Y	N	N	N	N	N	N	N	N	N	N	1.4022	0.1917	6.6325	0.0092	0.0105	0.0000	2.2964	497.8775	6.9623	3.2373	0.2750	23.4457	0.0604	0.0631	0.0000	3.9598	0.3290	25.0246	2.3087	1.4342	3.5350	6.5769	5.9897	0.0755	1.7243	0.0007	3.5943	12.5001	1.7578	0.6518	0.1482	10.0333	5.1414	21.8674	16.4151	1.1963	0.0886	1.1077	0.0041	0.0041	0.0000	1.1922	0.0845	1.1077	1.5690	0.5689	1.0001	0.5691	0.5687	0.0004	0.9999	0.0002	0.9997	0.3695	0.3223	0.0472	0.0685	0.0655	0.0030	0.3011	0.2568	0.0443	0.6796	0.3967	0.2829	0.0997	0.0949	0.0048	0.5799	0.3017	0.2781	1.4022	0.1917	6.6325	0.0106	0.0105	0.0000	2.2964	497.8775	6.9623	2.3087	1.4342	3.5350	5.7068	5.9897	0.0755	1.7243	0.0007	3.5943
41	106	0.1065	4	0	1	0	1	0	0	0	0	N	N	N	N	N	N	N	N	N	N	N	N	3.4742	2.3374	10.7633	0.0269	0.0298	0.0132	6.0609	1180.4288	11.2112	6.7508	3.6496	27.3160	0.1161	0.1212	0.0107	7.8912	4.3269	28.7958	1.9432	1.5614	2.5379	4.3236	4.0663	0.8116	1.3020	0.0037	2.5685	1.1287	1.0433	0.2829	-0.0168	10.0333	3.8974	21.8674	1.6364	1.8969	0.8911	1.0058	0.0048	0.0048	0.0000	1.8922	0.8864	1.0058	0.5203	0.2546	0.2657	0.2552	0.2543	0.0009	0.2651	0.0004	0.2647	0.2810	0.2442	0.0368	0.0412	0.0393	0.0019	0.2398	0.2049	0.0349	0.2678	0.1631	0.1047	0.0641	0.0625	0.0016	0.2036	0.1006	0.1031	3.4742	2.3374	10.7633	0.0292	0.0298	0.0187	6.0609	1180.4288	11.2112	1.9432	1.5614	2.5379	3.9789	4.0663	0.5717	1.3020	0.0037	2.5685
41	109	0.1969	11	1	2	0	2	0	0	0	0	N	Y	N	Y	N	N	N	N	N	N	N	N	0.0000	0.0000	0.0000	0.0000	0.0000	0.0000	0.0000	0.0000	0.0000	0.0000	0.0000	0.0000	0.0000	0.0000	0.0000	0.0000	0.0000	0.0000	0.0000	0.0000	10.0333	0.0000	21.8674	0.0000	0.0000	0.0000	0.0000	0.0000	0.0000	0.0000	0.0000	0.0000	0.0000	0.0000	0.0000	0.0000	0.0000	0.0000	0.0000	0.0000	0.0000	0.0000	0.0000	0.0000	0.0000	0.0000	0.0000	0.0000	0.0000	0.0000	0.0000	0.0000	0.0000	0.0000	0.0000	0.0000	0.0000	0.0000	0.0000	0.0000	0.0000	0.0000	0.0000	0.0000	0.0000	0.0000	0.0000	0.0000	0.0000	0.0000	0.0000	0.0000	0.0000	0.0000	0.0000	0.0000	0.0000	0.0000											
41	110	0.1820	10	1	2	0	2	0	0	0	0	N	Y	N	Y	N	N	N	N	N	N	N	N	0.0000	0.0000	0.0000	0.0000	0.0000	0.0000	0.0000	0.0000	0.0000	0.0000	0.0000	0.0000	0.0000	0.0000	0.0000	0.0000	0.0000	0.5361	0.8806	0.0006	2.0267	2.2797	0.0070	0.0001	0.0000	0.0001	0.0005	0.0000	-0.0710	10.0333	0.0000	21.8674	7.1240	0.0000	0.0000	0.0000	0.0000	0.0000	0.0000	0.0000	0.0000	0.0000	0.1309	0.1308	0.0001	0.1309	0.1308	0.0000	0.0000	0.0000	0.0000	0.0000	0.0000	0.0000	0.0000	0.0000	0.0000	0.0000	0.0000	0.0000	0.2442	0.1486	0.0956	0.0646	0.0574	0.0072	0.1796	0.0912	0.0884	0.0000	0.0000	0.0000	0.0000	0.0000	0.0000	0.0000	0.0000	0.0000	0.5361	0.8806	0.0006	2.0267	2.2797	0.0070	0.0001	0.0000	0.0001		
41	111	0.1909	12	0	2	0	2	0	0	0	0	N	Y	N	Y	N	N	N	N	N	N	N	N	0.0000	0.0000	0.0000	0.0000	0.0000	0.0000	0.0000	0.0000	0.0000	0.0000	0.0000	0.0000	0.0000	0.0000	0.0000	0.0063	0.0102	0.0000	0.0212	0.0249	0.0000	0.0000	0.0000	0.0000	0.0001	0.0000	-0.0006	10.0333	0.0016	21.8674	5.0076	0.0000	0.0000	0.0000	0.0000	0.0000	0.0000	0.0000	0.0000	0.0000	0.0010	0.0010	0.0000	0.0010	0.0010	0.0000	0.0000	0.0000	0.0000	0.0004	0.0003	0.0000	0.0002	0.0001	0.0000	0.0002	0.0002	0.0000	0.1666	0.1027	0.0639	0.0495	0.0421	0.0075	0.1171	0.0606	0.0565	0.0000	0.0000	0.0000	0.0000	0.0000	0.0000	0.0000	0.0000	0.0000	0.0063	0.0102	0.0000	0.0212	0.0249	0.0000	0.0000	0.0000	0.0000				
41	112	0.1841	11	0	2	0	2	0	0	0	0	N	Y	N	Y	N	N	N	N	N	N	N	N	0.0000	0.0000	0.0000	0.0000	0.0000	0.0000	0.0000	0.0000	0.0000	0.0000	0.0000	0.0000	0.0000	0.0000	0.0000	0.0000	1.1056	1.7919	0.0199	4.0934	4.0841	0.0000	0.0110	0.0000	0.0218	0.0070	0.0000	-0.0702	10.0333	1.0012	21.8674	2.1373	0.0000	0.0000	0.0000	0.0000	0.0000	0.0000	0.0000	0.0000	0.0000	0.1310	0.1301	0.0009	0.1301	0.1301	0.0000	0.0009	0.0000	0.0009	0.0672	0.0584	0.0088	0.0097	0.0091	0.0005	0.0575	0.0493	0.0082	0.1185	0.0726	0.0459	0.0359	0.0319	0.0040	0.0827	0.0408	0.0419	0.0000	0.0000	0.0000	0.0000	0.0000	0.0000	0.0000	0.0000	0.0000	1.1056	1.7919	0.0199	3.6296	4.0841	0.0000	0.0110	0.0000	0.0218			
41	113	0.1924	11	0	2	0	1	0	0	0	0	N	Y	N	N	N	N	N	N	N	N	N	N	0.0000	0.0000	0.0000	0.0000	0.0000	0.0000	0.0000	0.0000	0.0000	0.0000	0.0000	0.0000	0.0000	0.0000	0.0000	0.0000	0.0000	0.0230	0.0000	0.0602	0.0000	0.0000	0.0000	0.0315	0.0000	0.0654	1945385.7917	0.0000	0.0021	10.0333	0.9705	21.8674	5.0371	0.0000	0.0000	0.0000	0.0000	0.0000	0.0000	0.0000	0.0000	0.0000	0.0047	0.0000	0.0047	0.0000	0.0000	0.0000	0.0047	0.0000	0.0047	0.0770	0.0676	0.0094	0.0169	0.0161	0.0008	0.0602	0.0515	0.0086	0.2033	0.1257	0.0776	0.0549	0.0487	0.0062	0.1484	0.0771	0.0713	0.0000	0.0000	0.0000	0.0000	0.0000	0.0000	0.0000	0.0000	0.0000	0.0230	0.0000	0.0602	0.0000	0.0000	0.0000	0.0315	0.0000	0.0654		
41	114	0.1841	11	0	1	1	2	0	0	0	0	N	N	N	Y	N	N	N	N	N	N	N	N	0.0000	0.0000	0.0000	0.0000	0.0000	0.0000	0.0000	0.0000	0.0000	0.0000	0.0000	0.0000	0.0000	2.4639	4.0038	0.0000	8.3311	8.2720	0.0000	0.0000	0.0000	0.0000	0.0000	0.0000	-0.0707	10.0333	0.0000	21.8674	1.1303	0.0000	0.0000	0.0000	0.0000	0.0000	0.0000	0.0000	0.0000	0.0000	0.1303	0.1303	0.0000	0.1303	0.1303	0.0000	0.0000	0.0000	0.0000	0.0000	0.0000	0.0000	0.0000	0.0000	0.0000	0.0000	0.0000	0.0000	0.0529	0.0325	0.0203	0.0180	0.0165	0.0015	0.0349	0.0160	0.0189	0.0000	0.0000	0.0000	0.0000	0.0000	0.0000	0.0000	0.0000	0.0000	2.4639	4.0038	0.0000	7.2541	7.8920	0.0000	0.0000	0.0000	0.0000						
41	115	0.1820	10	0	1	0	2	0	0	0	0	N	N	N	Y	N	N	N	N	N	N	N	N	0.0000	0.0000	0.0000	0.0000	0.0000	0.0000	0.0000	0.0000	0.0000	0.0000	0.0000	0.0000	0.0000	0.0000	0.0000	0.0000	0.0000	3.9810	3.2379	5.1744	7.4908	7.0750	0.0000	2.9299	0.0000	5.4976	0.9950	0.0000	-0.0100	10.0333	0.0000	21.8674	1.2340	0.0000	0.0000	0.0000	0.0000	0.0000	0.0000	0.0000	0.0000	0.0000	0.2270	0.1138	0.1132	0.1138	0.1138	0.0000	0.1132	0.0000	0.1132	0.0000	0.0000	0.0000	0.0000	0.0000	0.0000	0.0000	0.0000	0.0000	0.0570	0.0351	0.0219	0.0184	0.0171	0.0013	0.0386	0.0180	0.0206	0.0000	0.0000	0.0000	0.0000	0.0000	0.0000	0.0000	0.0000	0.0000	3.9810	3.2379	5.1744	6.1907	6.6566	0.0000	2.9299	0.0000	5.4976		
41	116	0.1895	11	0	1	1	2	0	0	0	0	N	N	N	Y	N	N	N	N	N	N	N	N	474.7247	341.6368	0.0692	0.0640	inf	inf	13.4850	15.3568	0.0000	0.0069	0.0072	0.0000	16.7742	19.5375	0.0000	0.0284	0.0450	0.0000	0.0996	0.1125	0.0000	0.0000	0.0000	0.0000	0.0000	0.0000	-0.3705	-0.0011	10.0333	0.9725	21.8674	0.9874	0.9722	0.9722	0.0000	0.0001	0.0001	0.0000	0.9721	0.9721	0.0000	0.0019	0.0019	0.0000	0.0019	0.0019	0.0000	0.0000	0.0000	0.0000	0.0721	0.0633	0.0088	0.0141	0.0136	0.0006	0.0580	0.0498	0.0082	0.0683	0.0431	0.0251	0.0195	0.0172	0.0022	0.0488	0.0259	0.0229	474.7247	341.6368	0.0000	0.0692	0.0640	0.0000	inf	inf	0.0000	0.0284	0.0450	0.0000	0.0996	0.1125	0.0000	0.0000	0.0000	0.0000			
41	117	0.1895	11	0	1	1	2	0	0	0	0	N	N	N	Y	N	N	N	N	N	N	N	N	0.5163	896.9988	0.0000	868.1943	771.4032	0.0063	inf	0.0000	3.8168	4.1524	0.0000	9.0483	9.1560	0.0000	0.0642	0.0738	0.0000	7.3928	0.0046	27.3436	0.0104	0.0119	0.0000	10.2217	0.0000	28.6912	0.0000	2559.4841	-0.0108	0.4559	10.0333	0.0285	21.8674	4.0215	0.0283	0.0283	0.0000	0.0280	0.0280	0.0000	0.0003	0.0003	0.0000	0.9984	0.0004	0.9980	0.0004	0.0004	0.0000	0.9980	0.0000	0.9980	0.0074	0.0068	0.0006	0.0031	0.0031	0.0000	0.0043	0.0038	0.0006	0.1350	0.0842	0.0508	0.0374	0.0329	0.0046	0.0976	0.0514	0.0463	0.5163	896.9988	0.0000	868.1943	771.4032	0.0000	0.0063	inf	0.0000	7.3928	0.0046	19.6390	0.0104	0.0119	0.0000	10.2217	0.0000	21.5760	
41	118	0.1820	10	0	1	1	2	0	0	0	0	N	N	N	Y	N	N	N	N	N	N	N	N	6.7096	4.7685	0.0000	0.0008	0.0008	401.4237	165009617.4508	0.0000	4.8487	5.5743	0.0000	0.0022	0.0023	0.0000	5.6609	6.6042	0.0000	0.7227	1.1690	0.0263	2.6500	2.9442	0.0000	0.0141	0.0000	0.0284	0.0000	0.0144	-0.3715	-0.0702	10.0333	3.0275	21.8674	2.1573	0.9749	0.9749	0.0000	0.0001	0.0001	0.0000	0.9749	0.9749	0.0000	0.1327	0.1308	0.0019	0.1308	0.1308	0.0000	0.0019	0.0000	0.0019	0.2011	0.1749	0.0262	0.0289	0.0273	0.0016	0.1722	0.1476	0.0246	0.1836	0.1119	0.0717	0.0497	0.0444	0.0053	0.1339	0.0675	0.0664	6.7096	4.7685	0.0000	0.0008	0.0008	0.0000	401.4237	165009617.4508	0.0000	0.7227	1.1690	0.0263	2.6313	2.9442	0.0000	0.0141	0.0000	0.0284	
41	119	0.2232	10	1	2	0	1	0	0	0	0	N	Y	N	N	N	N	N	N	N	N	N	N	0.0007	0.0001	57.9558	0.0001	0.0001	58254.2097	16.3280	341.0802	55.5812	0.0033	0.0007	0.0238	0.0023	0.0018	0.0169	0.0036	0.0004	0.0243	4.9927	8.0163	0.0004	17.3615	18.6336	0.0000	0.0002	0.0000	0.0004	3.9850	0.0000	0.0002	-0.5260	10.0333	2.1883	21.8674	3.1271	0.0006	0.0001	0.0005	0.0001	0.0001	0.0000	0.0005	0.0000	0.0005	0.9688	0.9687	0.0000	0.9687	0.9687	0.0000	0.0000	0.0000	0.0000	0.1800	0.1601	0.0199	0.0404	0.0390	0.0014	0.1396	0.1211	0.0185	0.1940	0.1208	0.0732	0.0565	0.0520	0.0045	0.1376	0.0689	0.0687	0.0007	0.0001	57.9558	0.0001	0.0001	58254.2097	16.3280	341.0802	55.5812	4.9927	8.0163	0.0004	17.1524	18.6336	0.0000	0.0002	0.0000	0.0004
41	120	0.1563	9	1	2	0	1	0	0	0	0	N	Y	N	N	N	N	N	N	N	N	N	N	74.2560	76.2769	118.2400	57.5987	54.9374	13391.3629	100.8266	434102.4797	118.5484	4.0858	3.5126	8.0506	7.6874	8.0282	0.0375	3.5144	2.7154	8.4391	0.0550	0.0461	0.0681	0.1335	0.1461	0.0000	0.0349	0.0000	0.0712	0.3314	1.0156	-0.5181	-0.0020	10.0333	13.6104	21.8674	16.0982	3.9193	2.9439	0.9755	1.0098	1.0096	0.0002	2.9095	1.9342	0.9753	0.0505	0.0251	0.0255	0.0251	0.0251	0.0000	0.0255	0.0000	0.0255	0.9592	0.8381	0.1212	0.1314	0.1258	0.0056	0.8279	0.7123	0.1156	0.9183	0.5444	0.3739	0.1878	0.1715	0.0163	0.7305	0.3728	0.3576	74.2560	76.2769	118.2400	57.5987	54.9374	13391.3629	100.8266	434102.4797	118.5484	0.0550	0.0461	0.0681	0.1335	0.1461	0.0000	0.0349	0.0000	0.0712
41	121	0.1815	11	0	2	0	1	0	0	0	0	N	Y	N	N	N	N	N	N	N	N	N	N	0.1404	0.1010	0.7280	0.1566	0.1356	134.3996	0.0021	0.0000	0.3215	0.1610	0.1778	0.0025	0.4027	0.4074	0.0248	0.0002	0.0000	0.0013	1.1467	1.7602	0.0035	2.5713	3.0043	0.0002	0.0981	0.1921	0.0042	0.0015	0.0011	-0.0050	-0.2215	10.0333	0.3548	21.8674	4.6068	0.0131	0.0131	0.0000	0.0131	0.0131	0.0000	0.0000	0.0000	0.0000	0.4087	0.4083	0.0004	0.3886	0.3886	0.0000	0.0201	0.0197	0.0004	0.0815	0.0736	0.0078	0.0325	0.0321	0.0004	0.0489	0.0415	0.0074	0.3564	0.2319	0.1245	0.1511	0.1293	0.0218	0.2053	0.1026	0.1027	0.1404	0.1010	0.7280	0.1566	0.1356	134.3996	0.0021	0.0000	0.3215	1.1467	1.7602	0.0035	2.5713	3.0043	0.0002	0.0981	0.1921	0.0042
41	122	0.1666	10	0	2	0	1	0	0	0	0	N	Y	N	N	N	N	N	N	N	N	N	N	0.1162	0.0594	2.1424	0.0881	0.0873	0.0188	0.6089	0.0773	2.2331	0.2725	0.2220	0.6455	0.8523	0.8703	0.0065	0.1015	0.0021	0.6720	2.3457	3.7360	0.3013	9.6785	9.9684	0.3490	0.1666	0.0272	0.3009	0.3939	0.0548	-0.0043	-0.3154	10.0333	1.6911	21.8674	5.7022	0.0441	0.0317	0.0125	0.0314	0.0314	0.0000	0.0127	0.0002	0.0125	0.6424	0.6090	0.0334	0.6077	0.6062	0.0015	0.0347	0.0028	0.0319	0.1619	0.1426	0.0193	0.0369	0.0361	0.0008	0.1250	0.1065	0.0186	0.2739	0.1630	0.1109	0.0655	0.0608	0.0047	0.2083	0.1022	0.1062	0.1162	0.0594	2.1424	0.0919	0.0873	0.0211	0.6089	0.0773	2.2331	2.3457	3.7360	0.3013	9.2760	9.9684	0.3100	0.1666	0.0272	0.3009
41	123	0.1563	9	0	1	0	1	0	0	0	0	N	N	N	N	N	N	N	N	N	N	N	N	0.9283	0.5892	3.8275	0.8404	0.8002	1.6445	0.9921	0.3681	3.8339	0.2854	0.1720	1.2621	0.5904	0.5994	0.0169	0.1780	0.0008	1.3122	0.3074	0.2920	0.3298	0.7025	0.7490	0.0103	0.1794	0.0021	0.3423	0.8515	0.7822	0.0053	-0.0066	10.0333	2.0929	21.8674	3.1856	0.0672	0.0363	0.0309	0.0362	0.0362	0.0000	0.0310	0.0001	0.0309	0.0632	0.0355	0.0278	0.0354	0.0353	0.0000	0.0279	0.0002	0.0277	0.2356	0.2111	0.0245	0.0613	0.0604	0.0009	0.1743	0.1507	0.0236	0.2057	0.1215	0.0842	0.0503	0.0472	0.0032	0.1554	0.0744	0.0810	0.9283	0.5892	3.8275	0.8404	0.8002	1.6445	0.9921	0.3681	3.8339	0.3074	0.2920	0.3298	0.7025	0.7490	0.0103	0.1794	0.0021	0.3423
41	124	0.1970	12	1	2	0	1	0	0	0	0	N	Y	N	N	N	N	N	N	N	N	N	N	0.0000	0.0000	0.0000	0.0000	0.0000	0.0000	0.0000	0.0000	0.0000	0.0000	0.0000	0.0000	0.0000	0.0000	0.0000	0.0000	0.0000	0.0000	0.0000	0.0000	10.0333	0.0000	21.8674	0.0000	0.0000	0.0000	0.0000	0.0000	0.0000	0.0000	0.0000	0.0000	0.0000	0.0000	0.0000	0.0000	0.0000	0.0000	0.0000	0.0000	0.0000	0.0000	0.0000	0.0000	0.0000	0.0000	0.0000	0.0000	0.0000	0.0000	0.0000	0.0000	0.0000	0.0000	0.0000	0.0000	0.0000	0.0000	0.0000	0.0000	0.0000	0.0000	0.0000	0.0000	0.0000	0.0000	0.0000	0.0000	0.0000	0.0000	0.0000	0.0000	0.0000	0.0000	0.0000	0.0000	0.0000	0.0000											
41	125	0.1924	11	1	2	0	1	0	0	0	0	N	Y	N	N	N	N	N	N	N	N	N	N	0.0000	0.0000	0.0000	0.0000	0.0000	0.0000	0.0000	0.0000	0.0000	0.0000	0.0000	0.0000	0.0000	0.0000	0.0000	0.0000	0.0000	0.0584	0.0000	0.1577	0.0000	0.0000	0.0000	0.0823	0.0000	0.1707	1945385.7917	0.0000	0.0021	10.0333	0.1434	21.8674	1.9839	0.0000	0.0000	0.0000	0.0000	0.0000	0.0000	0.0000	0.0000	0.0000	0.0047	0.0000	0.0047	0.0000	0.0000	0.0000	0.0047	0.0000	0.0047	0.0216	0.0194	0.0022	0.0087	0.0084	0.0003	0.0129	0.0110	0.0019	0.0799	0.0503	0.0296	0.0232	0.0209	0.0023	0.0567	0.0294	0.0273	0.0000	0.0000	0.0000	0.0000	0.0000	0.0000	0.0000	0.0000	0.0000	0.0584	0.0000	0.1577	0.0000	0.0000	0.0000	0.0823	0.0000	0.1707		
41	126	0.1820	10	0	2	0	1	0	0	0	0	N	Y	N	N	N	N	N	N	N	N	N	N	0.0000	0.0000	0.0000	0.0000	0.0000	0.0000	0.0000	0.0000	0.0000	0.0000	0.0000	0.0000	0.0000	0.0000	0.0000	0.0000	0.0000	5.0482	0.0058	12.9226	0.0131	0.0146	0.0000	6.9337	0.0000	13.9433	1415.3982	0.0000	0.3949	10.0333	1.8882	21.8674	2.9115	0.0000	0.0000	0.0000	0.0000	0.0000	0.0000	0.0000	0.0000	0.0000	0.8655	0.0006	0.8649	0.0006	0.0006	0.0000	0.8649	0.0000	0.8649	0.1261	0.1097	0.0164	0.0181	0.0171	0.0010	0.1080	0.0925	0.0154	0.1714	0.1045	0.0669	0.0467	0.0418	0.0049	0.1247	0.0627	0.0620	0.0000	0.0000	0.0000	0.0000	0.0000	0.0000	0.0000	0.0000	0.0000	5.0482	0.0058	12.9226	0.0131	0.0146	0.0000	6.9337	0.0000	13.9433		
41	127	0.1563	9	0	1	0	1	0	0	0	0	N	N	N	N	N	N	N	N	N	N	N	N	0.0262	0.0381	0.0000	0.0552	0.0554	0.0000	0.0000	0.0721	0.0000	0.1114	0.1256	0.0003	0.5230	0.5350	0.0000	0.0000	0.0000	0.0003	4.2507	3.2967	5.6358	9.4709	9.6477	0.0000	2.9439	0.0000	5.8789	0.0003	1.1774	-0.0141	-0.0041	10.0333	3.5543	21.8674	9.0319	0.0370	0.0370	0.0000	0.0370	0.0370	0.0000	0.0000	0.0000	0.0000	1.8475	0.8485	0.9990	0.8485	0.8485	0.0000	0.9990	0.0000	0.9990	0.3319	0.2944	0.0375	0.0707	0.0691	0.0016	0.2612	0.2253	0.0360	0.4346	0.2574	0.1773	0.0953	0.0879	0.0073	0.3394	0.1694	0.1699	0.0262	0.0381	0.0000	0.0587	0.0554	0.0000	0.0000	0.0721	0.0000	4.2507	3.2967	5.6358	8.9054	9.6477	0.0000	2.9439	0.0000	5.8789
41	128	0.1526	8	0	1	0	1	0	0	0	0	N	N	N	N	N	N	N	N	N	N	N	N	16.0468	19.8855	2.7529	44.8143	44.1839	1461.7759	0.6888	20680.5398	2.6198	4.2981	4.7681	0.8578	20.6141	21.0905	1.2504	0.1229	0.0013	0.8411	0.2678	0.2398	0.3116	0.4600	0.4773	0.0009	0.1784	0.0000	0.3211	0.0246	0.8338	-0.3654	-0.0041	10.0333	2.6246	21.8674	0.7212	1.0232	0.9987	0.0245	0.9999	0.9985	0.0015	0.0233	0.0002	0.0231	0.0463	0.0252	0.0210	0.0252	0.0252	0.0000	0.0210	0.0000	0.0210	0.2381	0.2095	0.0286	0.0485	0.0473	0.0012	0.1896	0.1621	0.0274	0.1728	0.1052	0.0675	0.0549	0.0529	0.0020	0.1179	0.0524	0.0655	16.0468	19.8855	2.7529	44.8143	44.1839	1461.7759	0.6888	20680.5398	2.6198	0.2678	0.2398	0.3116	0.4600	0.4773	0.0009	0.1784	0.0000	0.3211
41	129	0.1468	7	0	1	0	1	0	0	0	0	N	N	N	N	N	N	N	N	N	N	N	N	30.4730	43.7042	6.0163	81.1110	78.1579	139278.8322	1.5055	0.5643	4.9882	7.4791	8.2399	2.0528	38.2547	39.3497	7.0481	0.2574	0.0022	1.7766	0.2454	0.1885	0.3412	0.4716	0.5035	0.0001	0.1710	0.0038	0.3562	0.0349	1.0751	-0.7091	-0.0011	10.0333	3.3474	21.8674	1.3769	2.0415	1.9726	0.0689	1.9846	1.9722	0.0124	0.0569	0.0004	0.0565	0.0439	0.0211	0.0227	0.0209	0.0209	0.0000	0.0230	0.0003	0.0227	0.2730	0.2394	0.0336	0.0519	0.0501	0.0018	0.2211	0.1893	0.0318	0.1788	0.1121	0.0666	0.0443	0.0415	0.0028	0.1345	0.0707	0.0638	30.4730	43.7042	6.0163	81.1110	78.1579	139278.8322	1.5055	0.5643	4.9882	0.2454	0.1885	0.3412	0.4716	0.5035	0.0001	0.1710	0.0038	0.3562
41	130	0.1380	6	0	1	0	1	0	0	0	0	N	N	N	N	N	N	N	N	N	N	N	N	1.5835	5.1422	3.3155	5.0419	4.7631	633.3477	0.9551	0.0053	3.3136	1.6941	1.0269	7.7926	2.7149	2.7413	0.1508	1.1655	0.0000	8.0719	1.0699	0.1997	2.3504	0.5385	0.5755	0.0002	1.2203	0.0002	2.4360	0.8302	7.9978	0.0093	0.0607	10.0333	0.4686	21.8674	4.0374	0.1277	0.0698	0.0579	0.0698	0.0698	0.0000	0.0579	0.0000	0.0579	0.1755	0.0195	0.1560	0.0195	0.0195	0.0000	0.1560	0.0000	0.1560	0.0754	0.0679	0.0074	0.0257	0.0254	0.0003	0.0497	0.0425	0.0072	0.1641	0.0977	0.0664	0.0362	0.0339	0.0023	0.1278	0.0638	0.0640	1.5835	5.1422	3.3155	5.0419	4.7631	633.3477	0.9551	0.0053	3.3136	1.0699	0.1997	2.3504	0.5385	0.5755	0.0002	1.2203	0.0002	2.4360
42	44	0.0210	3	2	0	2	0	0	0	0	0	Y	N	Y	N	N	N	N	N	N	N	N	N	2125.2416	0.0000	61853160.8372	0.0001	0.0001	16466359.9681	63696467.6683	28.4514	0.0000	205.2664	0.0000	0.0000	0.0000	31.3363	0.0000	211.6283	0.0134	0.0245	0.0000	0.0638	0.0642	0.0000	0.0000	0.0000	0.0000	92474144.5594	0.0001	0.6067	-0.0003	0.9968	4.9860	1.9513	2.3663	0.9802	0.0000	0.9802	0.0000	0.0000	0.0000	0.9802	0.0000	0.9802	0.0006	0.0006	0.0000	0.0006	0.0006	0.0000	0.0000	0.0000	0.0000	0.0345	0.0297	0.0048	0.0032	0.0030	0.0001	0.0313	0.0266	0.0046	0.0455	0.0248	0.0206	0.0095	0.0095	0.0001	0.0359	0.0154	0.0206	2125.2416	0.0000	61853160.8372	0.0001	0.0001	0.0000	16466359.9681	0.0000	63696467.6683	0.0134	0.0245	0.0000	0.0638	0.0642	0.0000	0.0000	0.0000	0.0000		
42	45	0.0177	2	2	0	1	0	0	0	0	0	Y	N	N	N	N	N	N	N	N	N	N	N	399.7832	66.1520	1716.0123	98.3425	99.0960	0.0000	668.4139	0.0028	1736.3387	50.3331	8.2301	218.7712	22.8180	23.0100	0.0000	61.4929	0.0001	221.4372	0.1259	0.1244	0.1275	0.2320	0.2322	0.0242	0.0920	0.0292	0.1275	6.6444	0.9616	0.0075	-0.0001	0.9968	0.0225	1.9513	1.9333	0.0154	0.0020	0.0134	0.0020	0.0020	0.0000	0.0134	0.0000	0.0134	0.0018	0.0009	0.0009	0.0008	0.0008	0.0000	0.0010	0.0001	0.0009	0.0003	0.0002	0.0001	0.0001	0.0001	0.0000	0.0002	0.0002	0.0001	0.0141	0.0073	0.0068	0.0034	0.0034	0.0000	0.0107	0.0039	0.0068	399.7832	66.1520	1716.0123	98.3425	99.0960	0.0000	668.4139	0.0028	1736.3387	0.1259	0.1244	0.1275	0.2320	0.2322	0.0242	0.0920	0.0292	0.1275
42	47	0.1765	16	1	0	2	0	0	0	0	0	N	N	Y	N	N	N	N	N	N	N	N	N	0.0000	0.0000	0.0009	0.0000	0.0000	0.0000	0.0002	0.0000	0.0009	0.0000	0.0000	0.0000	0.0000	0.0000	0.0000	0.0000	0.0000	0.0000	5.7359	9.7051	0.0027	15.6134	15.6242	0.0000	0.0018	0.0000	0.0028	0.1509	0.0002	-0.0000	-0.3350	0.9968	3.0460	1.9513	11.9126	0.0000	0.0000	0.0000	0.0000	0.0000	0.0000	0.0000	0.0000	0.0000	0.6172	0.6171	0.0001	0.6171	0.6171	0.0000	0.0001	0.0000	0.0001	0.0208	0.0181	0.0027	0.0035	0.0033	0.0002	0.0173	0.0147	0.0025	0.1076	0.0636	0.0440	0.0407	0.0395	0.0012	0.0669	0.0241	0.0428	0.0000	0.0000	0.0009	0.0000	0.0000	0.0000	0.0002	0.0000	0.0009	5.7359	9.7051	0.0027	15.1535	15.6242	0.0000	0.0018	0.0000	0.0028
42	48	0.1631	15	1	0	1	0	0	0	0	0	N	N	N	N	N	N	N	N	N	N	N	N	0.0001	0.0000	0.0003	0.0001	0.0001	0.0000	0.0001	0.0007	0.0003	0.0004	0.0002	0.0019	0.0008	0.0008	0.0000	0.0003	0.0000	0.0020	5.3193	4.6512	6.2125	7.5791	6.9243	0.1677	4.5433	0.0102	6.2985	1.7974	0.9990	0.0000	-0.0185	0.9968	1.1082	1.9513	5.8288	0.0000	0.0000	0.0000	0.0000	0.0000	0.0000	0.0000	0.0000	0.0000	0.4284	0.2143	0.2141	0.2143	0.2142	0.0001	0.2142	0.0001	0.2140	0.0079	0.0069	0.0011	0.0014	0.0013	0.0001	0.0066	0.0056	0.0010	0.0805	0.0461	0.0345	0.0334	0.0329	0.0005	0.0471	0.0132	0.0340	0.0001	0.0000	0.0003	0.0001	0.0001	0.0000	0.0001	0.0007	0.0003	5.3193	4.6512	6.2125	6.4142	6.5059	0.1677	4.5433	0.0102	6.2985
42	49	0.1943	17	1	1	1	0	0	0	0	0	N	N	N	N	N	N	N	N	N	N	N	N	0.0000	0.0000	0.0000	0.0000	0.0000	0.0000	0.0000	0.0000	0.0000	0.0000	0.0000	0.0000	0.0000	0.0000	0.0000	0.0000	0.0000	0.0000	0.0000	-0.0000	0.9968	0.0000	1.9513	2.0001	0.0000	0.0000	0.0000	0.0000	0.0000	0.0000	0.0000	0.0000	0.0000	0.0000	0.0000	0.0000	0.0000	0.0000	0.0000	0.0000	0.0000	0.0000	0.0000	0.0000	0.0000	0.0000	0.0000	0.0000	0.0000	0.0000	0.0000	0.0085	0.0052	0.0034	0.0022	0.0020	0.0002	0.0063	0.0031	0.0032	0.0000	0.0000	0.0000	0.0000	0.0000	0.0000	0.0000	0.0000	0.0000	0.0000	0.0000	0.0000	0.0000	0.0000	0.0000	0.0000	0.0000	0.0000											
42	50	0.0973	10	2	1	2	0	0	0	0	0	Y	N	Y	N	N	N	N	N	N	N	N	N	0.0000	0.0000	0.0000	0.0000	0.0000	0.0000	0.0000	0.0000	0.0000	0.0000	0.0000	0.0000	0.0000	0.0006	0.0000	0.0021	0.0016	0.0000	0.0734	0.0000	0.0000	0.0000	inf	0.0000	0.0000	0.9968	0.0000	1.9513	1.7047	0.0000	0.0000	0.0000	0.0000	0.0000	0.0000	0.0000	0.0000	0.0000	0.0000	0.0000	0.0000	0.0000	0.0000	0.0000	0.0000	0.0000	0.0000	0.0000	0.0000	0.0000	0.0000	0.0000	0.0000	0.0000	0.0000	0.0000	0.0128	0.0094	0.0034	0.0044	0.0043	0.0001	0.0084	0.0052	0.0033	0.0000	0.0000	0.0000	0.0000	0.0000	0.0000	0.0000	0.0000	0.0000	0.0006	0.0000	0.0021	0.0016	0.0000	0.0734	0.0000	0.0000	0.0000						
42	51	0.0973	10	2	1	2	0	0	0	0	0	Y	N	Y	N	N	N	N	N	N	N	N	N	0.0000	0.0000	0.0000	0.0000	0.0000	0.0000	0.0000	0.0000	0.0000	0.0000	0.0000	0.0000	0.0000	0.0004	0.0005	0.0000	0.0009	0.0009	0.0000	0.0000	0.0000	0.0000	0.0000	0.0000	-0.0000	0.9968	0.0000	1.9513	0.2953	0.0000	0.0000	0.0000	0.0000	0.0000	0.0000	0.0000	0.0000	0.0000	0.0000	0.0000	0.0000	0.0000	0.0000	0.0000	0.0000	0.0000	0.0000	0.0000	0.0000	0.0000	0.0000	0.0000	0.0000	0.0000	0.0000	0.0000	0.0071	0.0061	0.0010	0.0032	0.0032	0.0000	0.0039	0.0029	0.0010	0.0000	0.0000	0.0000	0.0000	0.0000	0.0000	0.0000	0.0000	0.0000	0.0004	0.0005	0.0000	0.0009	0.0009	0.0000	0.0000	0.0000	0.0000						
42	52	0.0944	9	2	1	2	0	0	0	0	0	Y	N	Y	N	N	N	N	N	N	N	N	N	12791.8641	10472.7335	0.0000	8357.1651	8266.9952	0.0000	0.0000	0.0000	0.0000	9.1989	11.3724	0.0000	21.3775	21.5591	0.0000	0.0000	0.0000	0.0000	0.0007	0.0011	0.0000	0.0026	0.0026	0.0004	0.0000	0.0000	0.0000	0.0000	0.0227	-0.0000	-0.0000	0.9968	0.0001	1.9513	1.7968	0.0000	0.0000	0.0000	0.0000	0.0000	0.0000	0.0000	0.0000	0.0000	0.0000	0.0000	0.0000	0.0000	0.0000	0.0000	0.0000	0.0000	0.0000	0.0000	0.0000	0.0000	0.0000	0.0000	0.0000	0.0000	0.0000	0.0000	0.0099	0.0064	0.0035	0.0027	0.0027	0.0001	0.0072	0.0038	0.0034	12791.8641	10472.7335	0.0000	8357.1651	8266.9952	0.0000	0.0000	0.0000	0.0000	0.0007	0.0011	0.0000	0.0026	0.0026	0.0004	0.0000	0.0000	0.0000
42	53	0.1402	7	2	1	1	0	0	0	0	0	Y	N	N	N	N	N	N	N	N	N	N	N	27.1952	20.2224	57.9552	1.1734	1.2454	276431.1825	inf	82.8517	0.0530	0.0602	0.0000	0.0074	0.0081	0.0000	0.0851	0.0995	0.0000	0.0019	0.0030	0.0000	0.0063	0.0065	0.0000	0.0000	0.0000	0.0000	0.0001	0.0001	-0.0003	-0.0000	0.9968	1.8240	1.9513	0.8872	0.0009	0.0009	0.0000	0.0001	0.0001	0.0000	0.0008	0.0008	0.0000	0.0000	0.0000	0.0000	0.0000	0.0000	0.0000	0.0000	0.0000	0.0000	0.0168	0.0148	0.0020	0.0070	0.0064	0.0006	0.0099	0.0084	0.0014	0.0145	0.0095	0.0050	0.0045	0.0044	0.0001	0.0101	0.0052	0.0049	27.1952	20.2224	57.9552	1.1734	1.2454	0.0000	276431.1825	inf	82.8517	0.0019	0.0030	0.0000	0.0063	0.0065	0.0000	0.0000	0.0000	0.0000	
42	54	0.2242	19	1	1	1	1	0	0	0	0	N	N	N	N	N	N	N	N	N	N	N	N	0.0000	0.0000	0.0000	0.0000	0.0000	0.0000	0.0000	0.0000	0.0000	0.0000	0.0000	0.0000	0.0000	0.0009	0.0015	0.0000	0.0031	0.0033	0.0000	0.0000	0.0000	0.0000	0.0000	0.0000	-0.0000	0.9968	0.0007	1.9513	4.7762	0.0000	0.0000	0.0000	0.0000	0.0000	0.0000	0.0000	0.0000	0.0000	0.0000	0.0000	0.0000	0.0000	0.0000	0.0000	0.0000	0.0000	0.0000	0.0000	0.0000	0.0000	0.0000	0.0000	0.0000	0.0000	0.0000	0.0000	0.0220	0.0142	0.0078	0.0066	0.0063	0.0004	0.0153	0.0080	0.0074	0.0000	0.0000	0.0000	0.0000	0.0000	0.0000	0.0000	0.0000	0.0000	0.0009	0.0015	0.0000	0.0031	0.0033	0.0000	0.0000	0.0000	0.0000						
42	55	0.2242	19	1	0	1	1	0	0	0	0	N	N	N	N	N	N	N	N	N	N	N	N	0.0000	0.0000	0.0000	0.0000	0.0000	0.0000	0.0000	0.0000	0.0000	0.0000	0.0000	0.0000	0.0000	0.0000	0.0000	0.0000	0.0000	0.2085	0.0000	0.6075	0.0020	0.0000	0.0386	0.3031	0.0000	0.6358	74760.5586	0.0000	0.0015	0.9968	0.0007	1.9513	3.2259	0.0000	0.0000	0.0000	0.0000	0.0000	0.0000	0.0000	0.0000	0.0000	0.0033	0.0000	0.0033	0.0000	0.0000	0.0000	0.0033	0.0000	0.0033	0.0000	0.0000	0.0000	0.0000	0.0000	0.0000	0.0000	0.0000	0.0000	0.0159	0.0105	0.0055	0.0050	0.0047	0.0003	0.0109	0.0057	0.0052	0.0000	0.0000	0.0000	0.0000	0.0000	0.0000	0.0000	0.0000	0.0000	0.2085	0.0000	0.6075	0.0020	0.0000	0.0386	0.3031	0.0000	0.6358		
42	56	0.2199	18	1	0	1	1	0	0	0	0	N	N	N	N	N	N	N	N	N	N	N	N	0.0000	0.0000	0.0000	0.0000	0.0000	0.0000	0.0000	0.0000	0.0000	0.0000	0.0000	0.0000	0.0000	0.0000	0.0000	0.0000	0.0000	0.0019	0.0003	0.0051	0.0007	0.0007	0.0001	0.0025	0.0000	0.0054	7.8438	0.0000	0.0000	0.9968	0.9953	1.9513	1.3904	0.0000	0.0000	0.0000	0.0000	0.0000	0.0000	0.0000	0.0000	0.0000	0.0000	0.0000	0.0000	0.0000	0.0000	0.0000	0.0000	0.0000	0.0000	0.0068	0.0059	0.0009	0.0012	0.0011	0.0001	0.0056	0.0048	0.0008	0.0122	0.0082	0.0040	0.0039	0.0037	0.0002	0.0083	0.0045	0.0038	0.0000	0.0000	0.0000	0.0000	0.0000	0.0000	0.0000	0.0000	0.0000	0.0019	0.0003	0.0051	0.0007	0.0007	0.0001	0.0025	0.0000	0.0054		
42	57	0.2132	17	1	0	1	1	0	0	0	0	N	N	N	N	N	N	N	N	N	N	N	N	0.0146	0.0106	0.0000	0.0000	0.0000	1.0158	inf	0.0000	0.0002	0.0002	0.0000	0.0000	0.0000	0.0000	0.0002	0.0003	0.0000	0.0129	0.0204	0.0004	0.0409	0.0430	0.0000	0.0002	0.0000	0.0004	0.0000	0.0125	-0.0000	-0.0001	0.9968	0.0068	1.9513	3.2797	0.0000	0.0000	0.0000	0.0000	0.0000	0.0000	0.0000	0.0000	0.0000	0.0002	0.0002	0.0000	0.0002	0.0002	0.0000	0.0000	0.0000	0.0000	0.0001	0.0000	0.0000	0.0000	0.0000	0.0000	0.0000	0.0000	0.0000	0.0162	0.0101	0.0060	0.0050	0.0048	0.0003	0.0111	0.0053	0.0058	0.0146	0.0106	0.0000	0.0000	0.0000	0.0000	1.0158	inf	0.0000	0.0129	0.0204	0.0004	0.0409	0.0430	0.0000	0.0002	0.0000	0.0004	
42	58	0.1720	16	1	0	1	1	0	0	0	0	N	N	N	N	N	N	N	N	N	N	N	N	0.0254	0.0176	0.0031	0.0146	0.0168	0.0000	45.8738	14210.1186	0.0035	0.0275	0.0316	0.0000	0.0584	0.0631	0.0000	0.0178	0.0209	0.0000	1.0849	1.8023	0.0007	4.0068	3.7438	0.0001	0.0004	0.0000	0.0007	0.0000	0.0003	-0.0005	-0.0572	0.9968	5.8573	1.9513	13.1443	0.0013	0.0013	0.0000	0.0007	0.0007	0.0000	0.0006	0.0006	0.0000	0.1054	0.1054	0.0000	0.1054	0.1054	0.0000	0.0000	0.0000	0.0000	0.0467	0.0407	0.0061	0.0112	0.0104	0.0008	0.0355	0.0303	0.0052	0.0972	0.0585	0.0387	0.0294	0.0281	0.0012	0.0678	0.0303	0.0375	0.0254	0.0176	0.0031	0.0163	0.0168	0.0000	45.8738	14210.1186	0.0035	1.0849	1.8023	0.0007	3.5887	3.7438	0.0001	0.0004	0.0000	0.0007
42	59	0.0946	10	1	1	2	0	0	0	0	0	N	N	Y	N	N	N	N	N	N	N	N	N	0.0021	0.0000	2473.1095	0.0000	0.0000	20.8467	0.0000	2538.1875	0.0004	0.0000	0.0032	0.0000	0.0000	0.0000	0.0005	0.0000	0.0034	0.1934	0.3004	0.0000	0.7153	0.7659	0.0000	0.0000	0.0000	0.0000	inf	0.0000	0.0000	-0.0026	0.9968	0.9979	1.9513	4.0614	0.0000	0.0000	0.0000	0.0000	0.0000	0.0000	0.0000	0.0000	0.0000	0.0047	0.0047	0.0000	0.0047	0.0047	0.0000	0.0000	0.0000	0.0000	0.0068	0.0060	0.0009	0.0012	0.0011	0.0001	0.0056	0.0048	0.0008	0.0244	0.0157	0.0087	0.0066	0.0062	0.0004	0.0178	0.0095	0.0082	0.0021	0.0000	2473.1095	0.0000	0.0000	0.0000	20.8467	0.0000	2538.1875	0.1934	0.3004	0.0000	0.7153	0.7659	0.0000	0.0000	0.0000	0.0000	
42	60	0.0861	9	1	1	1	0	0	0	0	0	N	N	N	N	N	N	N	N	N	N	N	N	0.1690	0.0000	5.1771	0.0002	0.0001	0.0654	0.1633	0.0000	5.4766	0.0401	0.0000	0.3248	0.0000	0.0000	0.0000	0.0502	0.0000	0.3517	0.2372	0.3370	0.0627	0.0210	0.0217	0.0007	0.3076	0.5524	0.0642	45916.2097	0.1065	0.0004	-0.0021	0.9968	2.2356	1.9513	2.2044	0.0006	0.0000	0.0006	0.0000	0.0000	0.0000	0.0006	0.0000	0.0006	0.0048	0.0043	0.0005	0.0001	0.0001	0.0000	0.0047	0.0042	0.0005	0.0158	0.0139	0.0020	0.0032	0.0030	0.0001	0.0126	0.0108	0.0018	0.0203	0.0129	0.0074	0.0050	0.0048	0.0002	0.0153	0.0081	0.0072	0.1690	0.0000	5.1771	0.0002	0.0001	0.0654	0.1633	0.0000	5.4766	0.2372	0.3370	0.0627	0.0210	0.0217	0.0007	0.3076	0.5246	0.0642
42	61	0.0244	5	2	0	2	0	0	0	0	0	Y	N	Y	N	N	N	N	N	N	N	N	N	0.0002	0.0001	0.0000	0.0002	0.0002	0.0000	0.0000	0.0000	0.0000	0.0000	0.0000	0.0001	0.0001	0.0000	0.0000	0.0000	0.0000	0.0419	0.0799	0.0000	0.3902	0.3915	0.0000	0.0000	0.0000	0.0000	0.0000	0.0000	-0.0000	-0.0009	0.9968	2.0703	1.9513	7.0012	0.0000	0.0000	0.0000	0.0000	0.0000	0.0000	0.0000	0.0000	0.0000	0.0017	0.0017	0.0000	0.0017	0.0017	0.0000	0.0000	0.0000	0.0000	0.0151	0.0131	0.0020	0.0020	0.0019	0.0001	0.0131	0.0112	0.0019	0.0411	0.0215	0.0195	0.0044	0.0044	0.0000	0.0366	0.0171	0.0195	0.0002	0.0001	0.0000	0.0002	0.0002	0.0000	0.0000	0.0000	0.0000	0.0419	0.0799	0.0000	0.3902	0.3915	0.0000	0.0000	0.0000	0.0000	
42	62	0.0228	4	1	0	1	0	0	0	0	0	N	N	N	N	N	N	N	N	N	N	N	N	0.0007	0.0075	0.0002	0.0186	0.0195	0.0000	0.0001	0.0000	0.0002	0.0002	0.0003	0.0002	0.0020	0.0020	0.0000	0.0000	0.0000	0.0002	0.3820	0.0351	0.7629	0.1049	0.1047	0.1823	0.4189	0.0151	0.7632	0.0931	19.7668	-0.0000	0.0007	0.9968	0.9285	1.9513	0.0280	0.0000	0.0000	0.0000	0.0000	0.0000	0.0000	0.0000	0.0000	0.0000	0.0018	0.0001	0.0017	0.0001	0.0001	0.0000	0.0017	0.0000	0.0017	0.0066	0.0057	0.0009	0.0008	0.0007	0.0000	0.0058	0.0050	0.0008	0.0046	0.0024	0.0022	0.0005	0.0005	0.0000	0.0041	0.0019	0.0022	0.0007	0.0075	0.0002	0.0186	0.0195	0.0000	0.0001	0.0000	0.0002	0.3820	0.0351	0.7629	0.1049	0.1047	0.1823	0.4189	0.0151	0.7632
42	63	0.1091	9	2	1	1	0	0	0	0	0	Y	N	N	N	N	N	N	N	N	N	N	N	0.1015	0.0716	0.0000	0.0175	0.0183	56.2070	35.4931	0.0000	0.0002	0.0003	0.0000	0.0002	0.0002	0.0000	0.0002	0.0003	0.0000	0.0022	0.0035	0.0000	0.0108	0.0110	0.0000	0.0000	0.0000	0.0000	0.0000	0.0000	-0.0000	-0.0000	0.9968	1.0023	1.9513	3.0135	0.0000	0.0000	0.0000	0.0000	0.0000	0.0000	0.0000	0.0000	0.0000	0.0000	0.0000	0.0000	0.0000	0.0000	0.0000	0.0000	0.0000	0.0000	0.0070	0.0061	0.0009	0.0016	0.0015	0.0001	0.0055	0.0047	0.0008	0.0176	0.0108	0.0068	0.0035	0.0035	0.0001	0.0141	0.0074	0.0067	0.1015	0.0716	0.0000	0.0175	0.0183	0.0000	56.2070	35.4931	0.0000	0.0022	0.0035	0.0000	0.0108	0.0110	0.0000	0.0000	0.0000	0.0000	
42	64	0.0827	8	2	1	1	0	0	0	0	0	Y	N	N	N	N	N	N	N	N	N	N	N	51.5420	69.7304	0.0597	30.4785	31.1064	0.3605	60.1243	109.9624	0.0616	0.0391	0.0447	0.0001	0.0334	0.0349	0.0000	0.0413	0.0489	0.0001	0.0008	0.0006	0.0009	0.0011	0.0011	0.0001	0.0007	0.0004	0.0009	0.0002	0.9842	-0.0004	-0.0000	0.9968	3.0820	1.9513	9.3392	0.0011	0.0011	0.0000	0.0002	0.0002	0.0000	0.0008	0.0008	0.0000	0.0000	0.0000	0.0000	0.0000	0.0000	0.0000	0.0000	0.0000	0.0000	0.0269	0.0236	0.0034	0.0073	0.0070	0.0003	0.0196	0.0166	0.0031	0.0502	0.0299	0.0203	0.0089	0.0087	0.0002	0.0413	0.0212	0.0201	51.5420	69.7304	0.0597	30.4785	31.1064	0.3605	60.1243	109.9624	0.0616	0.0008	0.0006	0.0009	0.0011	0.0011	0.0001	0.0007	0.0004	0.0009
42	65	0.0861	9	1	1	1	0	0	0	0	0	N	N	N	N	N	N	N	N	N	N	N	N	0.0509	0.0359	0.0000	0.0555	0.0558	0.0000	0.6663	1.0468	0.0000	0.0002	0.0002	0.0000	0.0008	0.0008	0.0000	0.0000	0.0000	0.0000	0.0032	0.0052	0.0000	0.0142	0.0147	0.0000	0.0000	0.0000	0.0000	0.0000	0.0002	-0.0000	-0.0001	0.9968	1.7946	1.9513	5.9592	0.0000	0.0000	0.0000	0.0000	0.0000	0.0000	0.0000	0.0000	0.0000	0.0001	0.0001	0.0000	0.0001	0.0001	0.0000	0.0000	0.0000	0.0000	0.0130	0.0114	0.0016	0.0027	0.0026	0.0001	0.0103	0.0088	0.0015	0.0324	0.0201	0.0123	0.0073	0.0070	0.0003	0.0251	0.0131	0.0120	0.0509	0.0359	0.0000	0.0555	0.0558	0.0000	0.6663	1.0468	0.0000	0.0032	0.0052	0.0000	0.0142	0.0147	0.0000	0.0000	0.0000	0.0000
42	66	0.0793	8	1	1	1	0	0	0	0	0	N	N	N	N	N	N	N	N	N	N	N	N	0.0311	0.0094	0.3249	0.0011	0.0011	0.0000	0.0423	0.0119	0.3428	0.0003	0.0001	0.0016	0.0000	0.0000	0.0000	0.0004	0.0002	0.0017	0.0099	0.0132	0.0049	0.0126	0.0131	0.0000	0.0092	0.0133	0.0050	1.8173	0.2502	0.0000	-0.0000	0.9968	1.3569	1.9513	2.0560	0.0000	0.0000	0.0000	0.0000	0.0000	0.0000	0.0000	0.0000	0.0000	0.0001	0.0001	0.0000	0.0000	0.0000	0.0000	0.0001	0.0001	0.0000	0.0106	0.0093	0.0013	0.0023	0.0022	0.0001	0.0083	0.0071	0.0012	0.0143	0.0086	0.0058	0.0030	0.0029	0.0001	0.0113	0.0057	0.0057	0.0311	0.0094	0.3249	0.0011	0.0011	0.0000	0.0423	0.0119	0.3428	0.0099	0.0132	0.0049	0.0126	0.0131	0.0000	0.0092	0.0133	0.0050
42	67	0.0659	7	1	1	1	0	0	0	0	0	N	N	N	N	N	N	N	N	N	N	N	N	13.1306	16.6495	4.9217	9.0094	9.8991	0.0000	12.0279	12.0001	5.3682	0.0143	0.0155	0.0065	0.0001	0.0001	0.0000	0.0175	0.0193	0.0071	0.0011	0.0009	0.0013	0.0000	0.0000	0.0000	0.0015	0.0016	0.0013	0.0628	1.0045	-0.0002	-0.0000	0.9968	4.9477	1.9513	2.0153	0.0005	0.0005	0.0000	0.0000	0.0000	0.0000	0.0005	0.0005	0.0000	0.0000	0.0000	0.0000	0.0000	0.0000	0.0000	0.0000	0.0000	0.0000	0.0352	0.0306	0.0046	0.0064	0.0060	0.0004	0.0288	0.0246	0.0042	0.0348	0.0204	0.0145	0.0088	0.0086	0.0002	0.0261	0.0118	0.0143	13.1306	16.6495	4.9217	9.0094	9.8991	0.0000	12.0279	12.0001	5.3682	0.0011	0.0009	0.0013	0.0000	0.0000	0.0000	0.0015	0.0016	0.0013
42	68	0.1943	17	1	0	2	0	0	0	0	0	N	N	Y	N	N	N	N	N	N	N	N	N	0.0000	0.0000	0.0000	0.0000	0.0000	0.0000	0.0000	0.0000	0.0000	0.0000	0.0000	0.0000	0.0000	0.0000	0.0000	0.0000	0.0000	0.0000	0.0000	-0.0000	0.9968	0.0000	1.9513	4.0001	0.0000	0.0000	0.0000	0.0000	0.0000	0.0000	0.0000	0.0000	0.0000	0.0000	0.0000	0.0000	0.0000	0.0000	0.0000	0.0000	0.0000	0.0000	0.0000	0.0000	0.0000	0.0000	0.0000	0.0000	0.0000	0.0000	0.0000	0.0169	0.0103	0.0066	0.0044	0.0040	0.0004	0.0125	0.0062	0.0062	0.0000	0.0000	0.0000	0.0000	0.0000	0.0000	0.0000	0.0000	0.0000	0.0000	0.0000	0.0000	0.0000	0.0000	0.0000	0.0000	0.0000	0.0000											
42	69	0.1720	16	1	0	1	0	0	0	0	0	N	N	N	N	N	N	N	N	N	N	N	N	0.0235	0.0000	65.3157	0.0060	0.0000	2153.4118	14.9719	0.0000	57.9213	0.0315	0.0000	0.2443	0.0266	0.0000	0.3303	0.0338	0.0000	0.2228	1.3412	2.2440	0.0037	4.4481	4.2492	0.0002	0.0023	0.0000	0.0038	inf	0.0011	0.0005	-0.0531	0.9968	2.8240	1.9513	8.9883	0.0009	0.0000	0.0009	0.0002	0.0000	0.0002	0.0006	0.0000	0.0006	0.0980	0.0979	0.0001	0.0979	0.0979	0.0000	0.0001	0.0000	0.0001	0.0276	0.0240	0.0036	0.0089	0.0081	0.0007	0.0188	0.0159	0.0028	0.0731	0.0436	0.0294	0.0243	0.0235	0.0008	0.0488	0.0202	0.0286	0.0235	0.0000	65.3157	0.0066	0.0000	2153.4118	14.9719	0.0000	57.9213	1.3412	2.2440	0.0037	4.0279	4.1728	0.0002	0.0023	0.0000	0.0038
42	70	0.1631	15	1	0	1	0	0	0	0	0	N	N	N	N	N	N	N	N	N	N	N	N	0.0050	0.0018	0.1359	0.0007	0.0004	3.3035	0.0555	1.4882	0.1359	0.0391	0.0233	0.1429	0.0116	0.0066	0.1161	0.0447	0.0271	0.1445	7.8826	13.0823	1.0515	17.4220	17.3574	0.0351	0.8053	0.0182	1.0632	0.9332	0.0612	0.0000	-0.2851	0.9968	1.4521	1.9513	3.5882	0.0004	0.0002	0.0002	0.0000	0.0000	0.0000	0.0004	0.0002	0.0002	0.5874	0.5535	0.0339	0.5533	0.5533	0.0000	0.0340	0.0002	0.0339	0.0102	0.0089	0.0014	0.0017	0.0016	0.0001	0.0085	0.0072	0.0013	0.0745	0.0423	0.0322	0.0322	0.0319	0.0004	0.0423	0.0104	0.0318	0.0050	0.0018	0.1359	0.0007	0.0004	3.3035	0.0555	1.4882	0.1359	7.8826	13.0823	1.0515	17.1617	17.3574	0.0351	0.8053	0.0182	1.0632
42	71	0.1603	14	1	0	1	0	0	0	0	0	N	N	N	N	N	N	N	N	N	N	N	N	0.0084	0.0000	0.0819	0.0000	0.0000	0.0008	0.0173	0.0380	0.0863	0.0642	0.0001	0.4912	0.0001	0.0001	0.0004	0.0842	0.0001	0.5215	7.6232	8.8896	5.9997	11.0427	10.9623	0.4979	4.8559	0.0030	6.0413	706.7799	0.5264	0.0004	-0.0775	0.9968	1.1783	1.9513	0.9542	0.0006	0.0000	0.0006	0.0000	0.0000	0.0000	0.0006	0.0000	0.0006	0.3912	0.2563	0.1349	0.2563	0.2562	0.0001	0.1349	0.0000	0.1348	0.0097	0.0085	0.0013	0.0023	0.0022	0.0001	0.0074	0.0062	0.0012	0.0513	0.0288	0.0225	0.0235	0.0234	0.0002	0.0278	0.0055	0.0223	0.0084	0.0000	0.0819	0.0000	0.0000	0.0010	0.0173	0.0380	0.0863	7.6232	8.8896	5.9997	10.8879	10.9623	0.3814	4.8559	0.0030	6.0413
42	72	0.1557	13	1	0	1	0	0	0	0	0	N	N	N	N	N	N	N	N	N	N	N	N	0.0002	0.0000	0.0011	0.0000	0.0000	0.0001	0.0002	0.0041	0.0012	0.0009	0.0000	0.0072	0.0000	0.0000	0.0000	0.0012	0.0000	0.0078	6.0110	5.7705	6.3247	8.6975	7.9942	0.1139	4.8223	0.0018	6.3948	147.0109	0.8405	0.0000	-0.0266	0.9968	2.0762	1.9513	1.4610	0.0000	0.0000	0.0000	0.0000	0.0000	0.0000	0.0000	0.0000	0.0000	0.3078	0.1673	0.1406	0.1673	0.1672	0.0000	0.1406	0.0000	0.1406	0.0148	0.0129	0.0019	0.0029	0.0028	0.0001	0.0119	0.0101	0.0018	0.0512	0.0290	0.0222	0.0221	0.0218	0.0002	0.0291	0.0072	0.0220	0.0002	0.0000	0.0011	0.0000	0.0000	0.0001	0.0002	0.0041	0.0012	6.0110	5.7705	6.3247	7.5815	7.6663	0.1139	4.8223	0.0018	6.3948
42	73	0.0915	9	1	0	1	0	0	0	0	0	N	N	N	N	N	N	N	N	N	N	N	N	68.8977	46.6928	0.0000	12.1162	12.2154	0.0000	607835.0871	396284.3699	0.0319	0.0365	0.0000	0.0301	0.0313	0.0000	0.0325	0.0384	0.0000	0.0005	0.0008	0.0000	0.0025	0.0026	0.0002	0.0000	0.0000	0.0000	0.0000	0.0021	-0.0004	-0.0000	0.9968	4.0673	1.9513	17.8409	0.0011	0.0011	0.0000	0.0003	0.0003	0.0000	0.0008	0.0008	0.0000	0.0000	0.0000	0.0000	0.0000	0.0000	0.0000	0.0000	0.0000	0.0000	0.0332	0.0290	0.0042	0.0083	0.0080	0.0003	0.0249	0.0211	0.0038	0.0827	0.0489	0.0338	0.0154	0.0149	0.0005	0.0673	0.0340	0.0333	68.8977	46.6928	0.0000	12.1162	12.2154	0.0000	607835.0871	396284.3699	0.0000	0.0005	0.0008	0.0000	0.0025	0.0026	0.0002	0.0000	0.0000	0.0000	
42	75	0.2282	13	1	0	1	0	0	0	0	0	N	N	N	N	N	N	N	N	N	N	N	N	0.0175	0.0120	3.2571	0.2136	0.1839	86.9173	0.0011	0.0000	2.1171	0.0222	0.0225	0.0203	0.0605	0.0612	0.0455	0.0025	0.0000	0.0166	1.2701	1.8702	0.0062	0.2835	0.3328	0.0005	2.1982	4.2624	0.0079	0.1151	0.0016	-0.0003	-0.2125	0.9968	3.5843	1.9513	46.7516	0.0009	0.0008	0.0001	0.0008	0.0008	0.0000	0.0001	0.0000	0.0001	0.3925	0.3918	0.0006	0.0425	0.0424	0.0000	0.3500	0.3494	0.0006	0.0411	0.0364	0.0046	0.0140	0.0134	0.0006	0.0271	0.0231	0.0041	0.3090	0.2095	0.0995	0.1498	0.1275	0.0222	0.1592	0.0820	0.0773	0.0175	0.0120	3.2571	0.2136	0.1839	86.9173	0.0011	0.0000	2.1171	1.2701	1.8702	0.0062	0.2835	0.3328	0.0005	2.1982	4.2624	0.0079
42	76	0.0517	7	2	1	2	0	0	0	0	0	Y	N	Y	N	N	N	N	N	N	N	N	N	0.0000	0.0000	0.0000	0.0000	0.0000	0.0000	0.0000	0.0000	0.0000	0.0000	0.0000	0.0000	0.0000	0.0000	0.0000	0.0000	0.0000	0.0000	0.0000	0.0000	0.0000	0.0000	0.0000	0.0000	-0.0000	0.9968	1.0003	1.9513	1.0071	0.0000	0.0000	0.0000	0.0000	0.0000	0.0000	0.0000	0.0000	0.0000	0.0000	0.0000	0.0000	0.0000	0.0000	0.0000	0.0000	0.0000	0.0000	0.0069	0.0060	0.0009	0.0006	0.0006	0.0000	0.0063	0.0054	0.0009	0.0092	0.0050	0.0042	0.0017	0.0016	0.0001	0.0075	0.0034	0.0041	0.0000	0.0000	0.0000	0.0000	0.0000	0.0000	0.0000	0.0000	0.0000	0.0000	0.0000	0.0000	0.0000	0.0000	0.0000	0.0000	0.0000	0.0000						
42	77	0.0449	6	2	0	2	0	0	0	0	0	Y	N	Y	N	N	N	N	N	N	N	N	N	0.0013	0.0000	15.3503	0.0024	0.0000	inf	1.9435	0.0000	7.8565	0.0000	0.0000	0.0000	0.0000	0.0000	0.0002	0.0000	0.0000	0.0000	0.0014	0.0021	0.0000	0.0040	0.0040	0.0000	0.0000	0.0000	0.0000	inf	0.0002	0.0000	-0.0000	0.9968	0.9901	1.9513	2.2068	0.0000	0.0000	0.0000	0.0000	0.0000	0.0000	0.0000	0.0000	0.0000	0.0001	0.0001	0.0000	0.0001	0.0001	0.0000	0.0000	0.0000	0.0000	0.0069	0.0060	0.0009	0.0007	0.0006	0.0000	0.0063	0.0054	0.0009	0.0370	0.0260	0.0111	0.0134	0.0133	0.0001	0.0236	0.0127	0.0110	0.0013	0.0000	15.3503	0.0024	0.0000	inf	1.9435	0.0000	7.8565	0.0014	0.0021	0.0000	0.0040	0.0040	0.0000	0.0000	0.0000	0.0000
42	78	0.1091	10	1	1	1	0	0	0	0	0	N	N	N	N	N	N	N	N	N	N	N	N	0.0018	31875.9693	0.0000	2.8943	33892.1980	0.0000	0.0006	inf	0.0000	0.0154	0.0176	0.0000	0.0456	0.0478	0.0000	0.0070	0.0082	0.0000	8.6802	0.0000	35.0265	0.0157	0.0000	0.4697	11.6303	0.0000	31.8470	0.0000	25315681.2212	-0.0004	0.4281	0.9968	8.4371	1.9513	15.3349	0.0010	0.0010	0.0000	0.0007	0.0007	0.0000	0.0004	0.0004	0.0000	0.9367	0.0000	0.9367	0.0004	0.0000	0.0004	0.9362	0.0000	0.9362	0.0676	0.0592	0.0084	0.0147	0.0141	0.0007	0.0529	0.0451	0.0077	0.1079	0.0670	0.0409	0.0274	0.0262	0.0012	0.0805	0.0408	0.0397	0.0018	31875.9693	0.0000	2.8943	33892.1980	0.0000	0.0006	inf	0.0000	8.6802	0.0000	22.8959	0.0157	0.0000	0.3678	11.6303	0.0000	23.5612
42	79	0.0449	6	2	0	2	0	0	0	0	0	Y	N	Y	N	N	N	N	N	N	N	N	N	0.0020	0.0014	38.2517	39.5287	0.0000	0.0000	0.0310	0.0358	0.0000	0.3428	0.3595	0.0000	0.0000	0.0000	0.0000	15.7243	24.8207	0.0000	0.0090	0.0091	0.0000	21.5993	43.0228	0.0000	0.0000	0.0000	-0.0002	-0.5128	0.9968	3.0096	1.9513	5.7427	0.0006	0.0006	0.0000	0.0006	0.0006	0.0000	0.0000	0.0000	0.0000	0.9445	0.9445	0.0000	0.0001	0.0001	0.0000	0.9443	0.9443	0.0000	0.0206	0.0179	0.0028	0.0019	0.0018	0.0001	0.0188	0.0161	0.0027	0.0601	0.0381	0.0220	0.0163	0.0161	0.0002	0.0437	0.0219	0.0218	0.0020	0.0014	0.0000	38.2517	39.5287	0.0000	0.0000	0.0000	0.0000	15.7243	24.8207	0.0000	0.0090	0.0091	0.0000	21.5993	43.0228	0.0000			
42	80	0.0293	5	2	0	2	0	0	0	0	0	Y	N	Y	N	N	N	N	N	N	N	N	N	0.8987	0.2435	588.3467	0.0021	0.0015	0.4590	1.7941	0.4162	658.9252	0.0024	0.0012	0.0101	0.0000	0.0000	0.0001	0.0028	0.0014	0.0107	0.0027	0.0048	0.0000	0.0084	0.0085	0.0002	0.0015	0.0033	0.0000	1.3368	0.0030	0.0000	-0.0001	0.9968	1.0477	1.9513	6.1154	0.0000	0.0000	0.0000	0.0000	0.0000	0.0000	0.0000	0.0000	0.0000	0.0001	0.0001	0.0000	0.0001	0.0001	0.0000	0.0000	0.0000	0.0000	0.0079	0.0068	0.0011	0.0011	0.0010	0.0001	0.0068	0.0058	0.0010	0.0370	0.0202	0.0168	0.0060	0.0060	0.0001	0.0309	0.0142	0.0167	0.8987	0.2435	588.3467	0.0021	0.0015	0.4590	1.7941	0.4162	658.9252	0.0027	0.0048	0.0000	0.0084	0.0085	0.0002	0.0015	0.0033	0.0000
42	81	0.0228	4	1	0	1	0	0	0	0	0	N	N	N	N	N	N	N	N	N	N	N	N	10.6085	4.3007	59.9972	0.0004	0.0004	0.0000	23.5872	27.5633	62.3242	0.0793	0.0393	0.3403	0.0000	0.0000	0.0000	0.0894	0.0448	0.3537	0.0075	0.0091	0.0057	0.0385	0.0386	0.0013	0.0038	0.0016	0.0057	1.3301	0.5684	0.0002	-0.0000	0.9968	1.9794	1.9513	1.0196	0.0011	0.0005	0.0006	0.0000	0.0000	0.0000	0.0011	0.0005	0.0006	0.0001	0.0001	0.0000	0.0001	0.0001	0.0000	0.0000	0.0000	0.0000	0.0139	0.0120	0.0018	0.0016	0.0015	0.0001	0.0123	0.0105	0.0018	0.0140	0.0073	0.0067	0.0015	0.0015	0.0000	0.0125	0.0058	0.0067	10.6085	4.3007	59.9972	0.0004	0.0004	0.0000	23.5872	27.5633	62.3242	0.0075	0.0091	0.0057	0.0385	0.0386	0.0013	0.0038	0.0016	0.0057
42	82	0.0207	3	1	0	1	0	0	0	0	0	N	N	N	N	N	N	N	N	N	N	N	N	4.3832	5.8427	0.0662	12.9030	13.4983	0.0000	0.0185	inf	0.0684	0.0882	0.1018	0.0015	0.9283	0.9731	0.0000	0.0002	0.0000	0.0016	0.0201	0.0174	0.0231	0.0719	0.0721	0.0057	0.0126	0.0000	0.0231	0.0024	1.2081	-0.0002	0.0000	0.9968	1.0114	1.9513	0.0202	0.0006	0.0006	0.0000	0.0006	0.0006	0.0000	0.0000	0.0000	0.0000	0.0001	0.0000	0.0001	0.0000	0.0000	0.0000	0.0001	0.0000	0.0001	0.0071	0.0062	0.0010	0.0007	0.0006	0.0000	0.0065	0.0055	0.0009	0.0052	0.0027	0.0025	0.0007	0.0007	0.0000	0.0045	0.0020	0.0025	4.3832	5.8427	0.0662	12.9030	13.4983	0.0000	0.0185	inf	0.0684	0.0201	0.0174	0.0231	0.0719	0.0721	0.0057	0.0126	0.0000	0.0231
42	84	0.1289	12	1	1	1	0	0	0	0	0	N	N	N	N	N	N	N	N	N	N	N	N	0.1103	0.0000	658.1736	0.0168	0.0000	259.7209	195.4824	0.0000	708.4723	0.0004	0.0000	0.0033	0.0003	0.0000	0.0042	0.0005	0.0000	0.0033	0.0039	0.0065	0.0000	0.0154	0.0163	0.0000	0.0000	0.0000	0.0000	inf	0.0005	0.0000	-0.0003	0.9968	7.1084	1.9513	28.8937	0.0000	0.0000	0.0000	0.0000	0.0000	0.0000	0.0000	0.0000	0.0000	0.0006	0.0006	0.0000	0.0006	0.0006	0.0000	0.0000	0.0000	0.0000	0.0497	0.0433	0.0065	0.0078	0.0073	0.0005	0.0419	0.0359	0.0060	0.1514	0.0925	0.0589	0.0388	0.0365	0.0023	0.1126	0.0560	0.0566	0.1103	0.0000	658.1736	0.0168	0.0000	259.7209	195.4824	0.0000	708.4723	0.0039	0.0065	0.0000	0.0154	0.0163	0.0000	0.0000	0.0000	0.0000
42	85	0.1214	11	1	1	1	0	0	0	0	0	N	N	N	N	N	N	N	N	N	N	N	N	0.2434	0.0190	2.1687	0.0446	0.0266	49.4987	0.6010	0.0017	2.4402	0.0088	0.0007	0.0682	0.0030	0.0018	0.0208	0.0122	0.0000	0.0792	0.0361	0.0384	0.0315	0.0665	0.0685	0.0004	0.0203	0.0088	0.0324	12.6628	0.4058	0.0001	-0.0004	0.9968	2.2208	1.9513	3.9129	0.0002	0.0000	0.0002	0.0000	0.0000	0.0000	0.0002	0.0000	0.0002	0.0016	0.0011	0.0005	0.0010	0.0010	0.0000	0.0006	0.0001	0.0005	0.0269	0.0237	0.0032	0.0100	0.0094	0.0006	0.0169	0.0143	0.0026	0.0444	0.0297	0.0147	0.0152	0.0147	0.0005	0.0292	0.0150	0.0143	0.2434	0.0190	2.1687	0.0446	0.0266	49.4987	0.6010	0.0017	2.4402	0.0361	0.0384	0.0315	0.0665	0.0685	0.0004	0.0203	0.0088	0.0324
42	86	0.1969	13	1	0	2	0	0	0	0	0	N	N	Y	N	N	N	N	N	N	N	N	N	0.0088	0.0063	0.0000	0.0106	0.0105	0.0000	0.0164	0.1874	0.0000	0.0001	0.0001	0.0000	0.0004	0.0005	0.0000	0.0000	0.0000	0.0000	0.0122	0.0192	0.0000	0.0419	0.0446	0.0000	0.0000	0.0000	0.0000	0.0000	0.0007	-0.0000	-0.0004	0.9968	5.3425	1.9513	7.0749	0.0000	0.0000	0.0000	0.0000	0.0000	0.0000	0.0000	0.0000	0.0000	0.0006	0.0006	0.0000	0.0006	0.0006	0.0000	0.0000	0.0000	0.0000	0.0411	0.0363	0.0048	0.0099	0.0094	0.0005	0.0312	0.0269	0.0043	0.0532	0.0337	0.0195	0.0155	0.0145	0.0009	0.0378	0.0192	0.0186	0.0088	0.0063	0.0000	0.0106	0.0105	0.0000	0.0164	0.1874	0.0000	0.0122	0.0192	0.0000	0.0419	0.0446	0.0000	0.0000	0.0000	0.0000
42	87	0.1538	12	1	0	1	0	0	0	0	0	N	N	N	N	N	N	N	N	N	N	N	N	0.0723	0.0541	0.0186	0.0905	0.0898	0.0375	0.0031	0.0008	0.0194	0.0132	0.0151	0.0001	0.0463	0.0498	0.0001	0.0000	0.0000	0.0001	0.1830	0.2787	0.0064	0.5111	0.5548	0.0014	0.0081	0.0095	0.0068	0.0011	0.0124	-0.0003	-0.0116	0.9968	7.0719	1.9513	13.7350	0.0008	0.0008	0.0000	0.0008	0.0008	0.0000	0.0000	0.0000	0.0000	0.0218	0.0216	0.0003	0.0212	0.0212	0.0000	0.0006	0.0004	0.0003	0.0630	0.0553	0.0078	0.0180	0.0167	0.0013	0.0450	0.0386	0.0065	0.1193	0.0774	0.0420	0.0415	0.0382	0.0033	0.0779	0.0392	0.0387	0.0723	0.0541	0.0186	0.0905	0.0898	0.0375	0.0031	0.0008	0.0194	0.1830	0.2787	0.0064	0.5111	0.5548	0.0014	0.0081	0.0095	0.0068
42	88	0.0964	10	2	0	2	0	0	0	0	0	Y	N	Y	N	N	N	N	N	N	N	N	N	0.0000	0.0000	0.0000	0.0000	0.0000	0.0000	0.0000	0.0000	0.0000	0.0000	0.0000	0.0000	0.0000	0.0000	0.0000	0.0000	0.0000	0.0000	0.0000	0.0000	0.9968	0.0000	1.9513	0.0000	0.0000	0.0000	0.0000	0.0000	0.0000	0.0000	0.0000	0.0000	0.0000	0.0000	0.0000	0.0000	0.0000	0.0000	0.0000	0.0000	0.0000	0.0000	0.0000	0.0000	0.0000	0.0000	0.0000	0.0000	0.0000	0.0000	0.0000	0.0000	0.0000	0.0000	0.0000	0.0000	0.0000	0.0000	0.0000	0.0000	0.0000	0.0000	0.0000	0.0000	0.0000	0.0000	0.0000	0.0000	0.0000	0.0000	0.0000	0.0000	0.0000	0.0000	0.0000	0.0000	0.0000	0.0000											
42	89	0.0944	9	2	0	2	0	0	0	0	0	Y	N	Y	N	N	N	N	N	N	N	N	N	264567.2479	inf	0.0000	536788.8960	inf	0.0000	0.0000	0.0000	9.1989	11.3724	0.0000	21.3775	21.5591	0.0000	0.0000	0.0000	0.0000	0.0000	0.0000	0.0001	0.0000	0.0000	0.0025	0.0000	0.0000	0.0001	0.0000	inf	-0.0000	0.0000	0.9968	0.0001	1.9513	0.9161	0.0000	0.0000	0.0000	0.0000	0.0000	0.0000	0.0000	0.0000	0.0000	0.0000	0.0000	0.0000	0.0000	0.0000	0.0000	0.0000	0.0000	0.0000	0.0000	0.0000	0.0000	0.0000	0.0000	0.0000	0.0000	0.0000	0.0000	0.0064	0.0043	0.0020	0.0020	0.0020	0.0000	0.0043	0.0023	0.0020	264567.2479	inf	0.0000	536788.8960	inf	0.0000	0.0000	0.0000	0.0000	0.0000	0.0000	0.0001	0.0000	0.0000	0.0025	0.0000	0.0000	0.0001	
42	90	0.0696	8	2	0	2	0	0	0	0	0	Y	N	Y	N	N	N	N	N	N	N	N	N	1192.3387	41673.5228	0.0001	61966.5801	64018.1155	0.0000	0.0001	36.0498	41.2140	0.0000	168.2852	178.9698	0.0000	0.0000	0.0000	0.0000	0.0302	0.0010	0.0731	0.0027	0.0028	0.0000	0.0378	0.0000	0.0742	0.0000	50.4219	-0.3784	0.0007	0.9968	3.7876	1.9513	7.8440	0.9929	0.9929	0.0000	0.9929	0.9929	0.0000	0.0000	0.0000	0.0000	0.0015	0.0000	0.0015	0.0000	0.0000	0.0000	0.0015	0.0000	0.0015	0.0275	0.0241	0.0035	0.0059	0.0055	0.0004	0.0216	0.0185	0.0031	0.0495	0.0294	0.0201	0.0107	0.0104	0.0003	0.0388	0.0190	0.0198	1192.3387	41673.5228	0.0001	61966.5801	64018.1155	0.0000	0.0000	0.0000	0.0001	0.0302	0.0010	0.0731	0.0027	0.0028	0.0000	0.0378	0.0000	0.0742		
42	91	0.1020	10	1	1	1	1	0	0	0	0	N	N	N	N	N	N	N	N	N	N	N	N	4.6369	0.0000	1855680.5359	0.0187	0.0000	9559.9028	4.9392	0.0000	1920272.7301	52.2863	0.0000	390.9219	0.0092	0.0000	0.3224	74.6839	0.0000	417.7040	11.2761	18.7102	0.0002	0.4934	0.5229	0.0000	15.1206	31.4278	0.0002	91182363.3234	0.0000	0.6039	-0.5079	0.9968	1.8247	1.9513	16.3284	0.9757	0.0000	0.9757	0.0001	0.0000	0.0001	0.9756	0.0000	0.9756	0.9355	0.9355	0.0000	0.0108	0.0108	0.0000	0.9247	0.9247	0.0000	0.0187	0.0162	0.0025	0.0056	0.0054	0.0002	0.0131	0.0107	0.0023	0.0830	0.0500	0.0330	0.0218	0.0206	0.0012	0.0612	0.0294	0.0317	4.6369	0.0000	1855680.5359	0.0187	0.0000	9559.9028	4.9392	0.0000	1920272.7301	11.2761	18.7102	0.0002	0.4934	0.5229	0.0000	15.1206	31.4278	0.0002
42	92	0.0915	9	1	1	1	0	0	0	0	0	N	N	N	N	N	N	N	N	N	N	N	N	7.7914	5.2835	0.0000	6.4812	6.5861	0.0000	6.3429	4.1157	0.0032	0.0037	0.0000	0.0144	0.0151	0.0000	0.0000	0.0000	0.0000	0.0004	0.0007	0.0000	0.0022	0.0023	0.0001	0.0000	0.0000	0.0000	0.0000	0.0021	-0.0001	-0.0000	0.9968	9.1310	1.9513	16.1726	0.0002	0.0002	0.0000	0.0002	0.0002	0.0000	0.0000	0.0000	0.0000	0.0000	0.0000	0.0000	0.0000	0.0000	0.0000	0.0000	0.0000	0.0000	0.0658	0.0575	0.0083	0.0146	0.0139	0.0007	0.0512	0.0436	0.0076	0.0937	0.0554	0.0383	0.0173	0.0167	0.0006	0.0764	0.0387	0.0377	7.7914	5.2835	0.0000	6.4812	6.5861	0.0000	6.3429	4.1157	0.0000	0.0004	0.0007	0.0000	0.0022	0.0023	0.0001	0.0000	0.0000	0.0000	
42	93	0.1765	15	1	1	1	0	0	0	0	0	N	N	N	N	N	N	N	N	N	N	N	N	0.0000	69.0075	0.0000	0.0060	165.8287	0.0000	0.0000	0.0000	0.0000	0.0000	0.0000	0.0001	0.0001	0.0000	0.0000	0.0000	0.0000	1.5451	0.0000	3.9037	0.0179	0.0000	0.3919	2.4263	0.0000	4.0946	0.0000	6604424.9337	-0.0000	0.0558	0.9968	4.0959	1.9513	8.7137	0.0000	0.0000	0.0000	0.0000	0.0000	0.0000	0.0000	0.0000	0.0000	0.1222	0.0000	0.1222	0.0005	0.0000	0.0005	0.1217	0.0000	0.1217	0.0298	0.0260	0.0038	0.0065	0.0062	0.0003	0.0233	0.0198	0.0035	0.0791	0.0478	0.0313	0.0289	0.0273	0.0016	0.0501	0.0204	0.0297	0.0000	69.0075	0.0000	0.0060	165.8287	0.0000	0.0000	0.0000	0.0000	1.5451	0.0000	3.9037	0.0179	0.0000	0.3271	2.4263	0.0000	4.0946	
42	94	0.1582	14	1	1	1	0	0	0	0	0	N	N	N	N	N	N	N	N	N	N	N	N	0.0055	0.0061	0.0000	0.0124	0.0135	0.0000	0.0000	0.0007	0.0000	0.0188	0.0217	0.0000	0.0865	0.0897	0.0000	0.0000	0.0000	0.0000	3.4077	3.5357	3.2171	6.9844	6.6631	0.0276	1.9771	0.0030	3.3200	0.0000	0.6111	-0.0002	-0.0295	0.9968	2.9443	1.9513	6.1524	0.0004	0.0004	0.0000	0.0004	0.0004	0.0000	0.0000	0.0000	0.0000	0.1805	0.1121	0.0685	0.1120	0.1120	0.0000	0.0685	0.0000	0.0685	0.0228	0.0198	0.0030	0.0050	0.0048	0.0002	0.0178	0.0150	0.0028	0.0530	0.0317	0.0213	0.0183	0.0177	0.0007	0.0346	0.0140	0.0206	0.0055	0.0061	0.0000	0.0141	0.0141	0.0000	0.0000	0.0007	0.0000	3.4077	3.5357	3.2171	6.1119	6.3411	0.0276	1.9771	0.0030	3.3200
42	95	0.1557	13	1	0	1	0	0	0	0	0	N	N	N	N	N	N	N	N	N	N	N	N	0.0000	0.0000	0.0000	0.0000	0.0000	0.0000	0.0000	0.0000	0.0000	0.0001	0.0000	0.0002	0.0001	0.0001	0.0000	0.0000	0.0000	0.0002	4.9469	2.4576	8.1232	3.2804	3.0531	0.2122	6.5432	0.0004	8.1844	0.9787	2.5904	0.0000	0.0408	0.9968	0.8596	1.9513	1.2300	0.0000	0.0000	0.0000	0.0000	0.0000	0.0000	0.0000	0.0000	0.0000	0.2286	0.0637	0.1649	0.0637	0.0637	0.0000	0.1649	0.0000	0.1649	0.0065	0.0057	0.0008	0.0014	0.0014	0.0001	0.0051	0.0043	0.0008	0.0462	0.0259	0.0203	0.0210	0.0209	0.0002	0.0252	0.0051	0.0201	0.0000	0.0000	0.0000	0.0000	0.0000	0.0000	0.0000	0.0000	0.0000	4.9469	2.4576	8.1232	3.0320	3.0531	0.2122	6.5432	0.0004	8.1844
42	96	0.1439	12	1	0	1	0	0	0	0	0	N	N	N	N	N	N	N	N	N	N	N	N	0.0005	0.0000	0.0026	0.0000	0.0000	0.0000	0.0006	0.0000	0.0029	0.0022	0.0000	0.0185	0.0000	0.0000	0.0000	0.0030	0.0000	0.0212	4.6749	2.8356	7.1093	4.2593	3.8961	0.4513	5.2733	0.0002	7.1982	436.8049	1.8943	0.0000	0.0402	0.9968	3.7737	1.9513	2.5241	0.0001	0.0000	0.0001	0.0000	0.0000	0.0000	0.0001	0.0000	0.0001	0.3602	0.1245	0.2358	0.1246	0.1245	0.0002	0.2356	0.0000	0.2356	0.0347	0.0307	0.0040	0.0101	0.0096	0.0005	0.0246	0.0211	0.0035	0.0771	0.0439	0.0332	0.0324	0.0319	0.0004	0.0447	0.0119	0.0327	0.0005	0.0000	0.0026	0.0000	0.0000	0.0000	0.0006	0.0000	0.0029	4.6749	2.8356	7.1093	3.8490	3.8961	0.3647	5.2733	0.0002	7.1982
42	97	0.1230	11	1	0	1	0	0	0	0	0	N	N	N	N	N	N	N	N	N	N	N	N	0.0007	0.0049	0.0010	0.0080	0.0093	0.0000	0.0006	0.0002	0.0012	0.0089	0.0012	0.0619	0.0048	0.0050	0.0000	0.0100	0.0000	0.0682	11.8765	0.2417	62.3255	0.5970	0.5403	3.3668	16.2904	0.0078	57.3660	7.5973	78.7649	0.0002	0.2865	0.9968	6.4922	1.9513	4.5502	0.0004	0.0000	0.0004	0.0000	0.0000	0.0000	0.0004	0.0000	0.0004	0.6446	0.0081	0.6366	0.0091	0.0079	0.0012	0.6355	0.0001	0.6354	0.0453	0.0395	0.0057	0.0098	0.0093	0.0005	0.0355	0.0302	0.0052	0.0543	0.0334	0.0208	0.0153	0.0147	0.0006	0.0390	0.0187	0.0203	0.0007	0.0049	0.0020	0.0080	0.0093	0.0000	0.0006	0.0002	0.0022	11.8765	0.2417	30.5372	0.5970	0.5403	2.0320	16.2904	0.0078	31.3530
42	98	0.0696	8	1	1	1	0	0	0	0	0	N	N	N	N	N	N	N	N	N	N	N	N	181.5698	51.5388	10999.0136	0.0975	0.1007	6141.4090	inf	12826.4303	0.1031	0.0476	0.5147	0.0003	0.0003	0.0000	0.1481	0.0703	0.6093	0.0006	0.0009	0.0000	0.0026	0.0027	0.0000	0.0000	0.0000	0.0000	1.4572	0.0346	0.0002	-0.0000	0.9968	1.3608	1.9513	12.1483	0.0012	0.0005	0.0007	0.0000	0.0000	0.0000	0.0012	0.0005	0.0007	0.0000	0.0000	0.0000	0.0000	0.0000	0.0000	0.0000	0.0000	0.0000	0.0114	0.0100	0.0014	0.0035	0.0033	0.0002	0.0079	0.0068	0.0011	0.0562	0.0334	0.0228	0.0119	0.0116	0.0004	0.0443	0.0218	0.0225	181.5698	51.5388	10999.0136	0.0975	0.1007	0.0000	6141.4090	inf	12826.4303	0.0006	0.0009	0.0000	0.0026	0.0027	0.0000	0.0000	0.0000	0.0000	
42	99	0.0659	7	1	0	1	0	0	0	0	0	N	N	N	N	N	N	N	N	N	N	N	N	29.4768	52.5636	5.8949	490.7250	528.7111	0.0000	1.2858	0.1963	6.8644	0.0578	0.0640	0.0176	0.2264	0.2466	0.0000	0.0035	0.0004	0.0207	0.0020	0.0012	0.0030	0.0005	0.0005	0.0000	0.0027	0.0022	0.0030	0.0424	1.7788	-0.0002	0.0000	0.9968	1.5300	1.9513	0.7696	0.0007	0.0007	0.0000	0.0007	0.0007	0.0000	0.0000	0.0000	0.0000	0.0000	0.0000	0.0000	0.0000	0.0000	0.0000	0.0000	0.0000	0.0000	0.0127	0.0110	0.0017	0.0031	0.0028	0.0003	0.0096	0.0082	0.0014	0.0171	0.0099	0.0072	0.0056	0.0056	0.0001	0.0114	0.0043	0.0071	29.4768	52.5636	5.8949	490.7250	528.7111	0.0000	1.2858	0.1963	6.8644	0.0020	0.0012	0.0030	0.0005	0.0005	0.0000	0.0027	0.0022	0.0030
42	100	0.0571	6	1	0	1	0	0	0	0	0	N	N	N	N	N	N	N	N	N	N	N	N	26.0386	13.8139	111.1082	34.8346	35.9388	31.7491	inf	116.1686	0.0031	0.0017	0.0120	0.0093	0.0098	0.0000	0.0020	0.0002	0.0127	0.0001	0.0001	0.0001	0.0003	0.0003	0.0000	0.0001	0.0000	0.0001	1.0343	0.6617	0.0000	-0.0000	0.9968	3.6906	1.9513	1.4800	0.0001	0.0000	0.0000	0.0000	0.0000	0.0000	0.0000	0.0000	0.0000	0.0000	0.0000	0.0000	0.0000	0.0000	0.0000	0.0000	0.0000	0.0000	0.0255	0.0222	0.0033	0.0036	0.0035	0.0002	0.0219	0.0187	0.0031	0.0307	0.0173	0.0133	0.0081	0.0080	0.0002	0.0225	0.0094	0.0132	26.0386	13.8139	111.1082	34.8346	35.9388	0.0000	31.7491	inf	116.1686	0.0001	0.0001	0.0001	0.0003	0.0003	0.0000	0.0001	0.0000	0.0001	
42	101	0.0571	5	1	0	1	0	0	0	0	0	N	N	N	N	N	N	N	N	N	N	N	N	157.0272	103.2153	608.6804	213.6569	220.0704	130.4367	inf	684.1016	0.0545	0.0334	0.2276	0.0852	0.0889	0.0000	0.0400	0.0043	0.2587	0.0003	0.0003	0.0004	0.0004	0.0004	0.0000	0.0003	0.0000	0.0004	0.8292	0.9992	0.0000	-0.0000	0.9968	0.1361	1.9513	0.4500	0.0001	0.0000	0.0000	0.0000	0.0000	0.0000	0.0000	0.0000	0.0000	0.0000	0.0000	0.0000	0.0000	0.0000	0.0000	0.0000	0.0000	0.0000	0.0016	0.0014	0.0002	0.0005	0.0005	0.0000	0.0011	0.0009	0.0002	0.0119	0.0064	0.0055	0.0052	0.0051	0.0001	0.0067	0.0013	0.0054	157.0272	103.2153	608.6804	213.6569	220.0704	0.0000	130.4367	inf	684.1016	0.0003	0.0003	0.0004	0.0004	0.0004	0.0000	0.0003	0.0000	0.0004	
42	102	0.0412	4	1	0	1	0	0	0	0	0	N	N	N	N	N	N	N	N	N	N	N	N	17702.1260	0.0660	2534398.2502	0.0227	0.0231	0.0000	668954.5879	1735.7744	2707601.8891	30.1951	0.0002	285.3358	0.0002	0.0002	0.0000	43.3519	0.0002	305.2644	0.0017	0.0030	0.0001	0.0072	0.0072	0.0000	0.0001	0.0000	0.0001	172042.2890	0.0301	0.6120	-0.0000	0.9968	3.5591	1.9513	4.5341	0.9889	0.0000	0.9889	0.0000	0.0000	0.0000	0.9889	0.0000	0.9889	0.0001	0.0001	0.0000	0.0001	0.0001	0.0000	0.0000	0.0000	0.0000	0.0327	0.0293	0.0035	0.0099	0.0097	0.0002	0.0228	0.0196	0.0032	0.0477	0.0266	0.0212	0.0110	0.0109	0.0000	0.0368	0.0157	0.0211	17702.1260	0.0660	2534398.2502	0.0227	0.0231	0.0000	668954.5879	1735.7744	2707601.8891	0.0017	0.0030	0.0001	0.0072	0.0072	0.0000	0.0001	0.0000	0.0001
42	104	0.1779	13	1	1	1	0	0	0	0	0	N	N	N	N	N	N	N	N	N	N	N	N	0.0181	0.0159	0.0000	0.0016	0.0016	0.0000	10.0874	362.5356	0.0000	0.0018	0.0021	0.0000	0.0004	0.0004	0.0000	0.0028	0.0035	0.0000	0.1011	0.1327	0.0007	0.2397	0.2536	0.0000	0.0003	0.0000	0.0007	0.0000	0.0016	-0.0000	-0.0006	0.9968	0.0277	1.9513	1.3445	0.0000	0.0000	0.0000	0.0000	0.0000	0.0000	0.0000	0.0000	0.0000	0.0012	0.0012	0.0000	0.0012	0.0012	0.0000	0.0000	0.0000	0.0000	0.0004	0.0003	0.0000	0.0001	0.0001	0.0000	0.0002	0.0002	0.0000	0.0118	0.0090	0.0028	0.0050	0.0047	0.0003	0.0068	0.0043	0.0025	0.0181	0.0159	0.0000	0.0016	0.0016	0.0000	10.0874	362.5356	0.0000	0.1011	0.1327	0.0007	0.2397	0.2536	0.0000	0.0003	0.0000	0.0007
42	105	0.1313	12	1	1	1	0	0	0	0	0	N	N	N	N	N	N	N	N	N	N	N	N	0.2461	0.2441	0.0000	0.0167	0.0167	0.0000	0.7517	3.6918	0.0000	0.0284	0.0323	0.0000	0.0052	0.0055	0.0000	0.0367	0.0432	0.0000	0.1153	0.1324	0.0862	0.3113	0.3277	0.0004	0.0489	0.0117	0.0892	0.0000	0.3840	-0.0004	-0.0025	0.9968	5.1414	1.9513	16.4151	0.0011	0.0011	0.0000	0.0001	0.0001	0.0000	0.0010	0.0010	0.0000	0.0095	0.0069	0.0026	0.0065	0.0065	0.0000	0.0030	0.0004	0.0026	0.0370	0.0325	0.0045	0.0098	0.0094	0.0005	0.0272	0.0232	0.0040	0.0827	0.0520	0.0307	0.0209	0.0199	0.0010	0.0618	0.0321	0.0296	0.2461	0.2441	0.0000	0.0167	0.0167	0.0000	0.7517	3.6918	0.0000	0.1153	0.1324	0.0862	0.3113	0.3277	0.0004	0.0489	0.0117	0.0892
42	106	0.1230	11	1	0	1	0	0	0	0	0	N	N	N	N	N	N	N	N	N	N	N	N	0.0022	0.0019	0.0011	0.0033	0.0033	0.0082	0.0017	0.0138	0.0011	0.0020	0.0023	0.0005	0.0074	0.0078	0.0003	0.0005	0.0004	0.0005	0.9252	1.2102	0.4593	2.2819	2.3530	0.0326	0.2723	0.0323	0.4708	0.0319	0.2321	-0.0000	-0.0113	0.9968	3.8974	1.9513	1.6364	0.0001	0.0001	0.0000	0.0000	0.0000	0.0000	0.0000	0.0000	0.0000	0.0319	0.0259	0.0060	0.0256	0.0256	0.0000	0.0063	0.0003	0.0060	0.0282	0.0246	0.0036	0.0064	0.0060	0.0003	0.0218	0.0186	0.0032	0.0345	0.0214	0.0131	0.0112	0.0109	0.0003	0.0233	0.0105	0.0127	0.0022	0.0019	0.0011	0.0033	0.0033	0.0082	0.0017	0.0138	0.0011	0.9252	1.2102	0.4593	2.2819	2.3530	0.0326	0.2723	0.0323	0.4708
42	107	0.1020	10	1	0	1	0	0	0	0	0	N	N	N	N	N	N	N	N	N	N	N	N	2.6040	3.8040	0.0308	4.1615	4.0158	0.0105	0.0133	0.0089	0.0308	2.1766	2.5255	0.0339	5.2236	5.2877	0.0027	0.0087	0.0008	0.0351	0.8359	0.6639	1.0997	1.2552	1.3167	0.2574	0.6548	0.0868	1.1388	0.0022	1.0795	-0.0072	-0.0011	0.9968	0.3701	1.9513	9.6236	0.0191	0.0190	0.0000	0.0190	0.0190	0.0000	0.0000	0.0000	0.0000	0.0460	0.0221	0.0239	0.0208	0.0206	0.0002	0.0252	0.0015	0.0236	0.0088	0.0075	0.0012	0.0036	0.0036	0.0000	0.0051	0.0039	0.0012	0.0551	0.0333	0.0217	0.0166	0.0156	0.0010	0.0385	0.0177	0.0208	2.6040	3.8040	0.0308	4.1615	4.0158	0.0105	0.0133	0.0089	0.0308	0.8359	0.6639	1.0997	1.2552	1.3167	0.2574	0.6548	0.0868	1.1388
42	108	0.0915	9	1	0	1	0	0	0	0	0	N	N	N	N	N	N	N	N	N	N	N	N	2.2936	0.0266	17.1136	0.0946	0.0891	14.0452	3.3786	0.0024	17.7014	2.1716	0.0231	18.2134	0.0502	0.0485	0.1672	3.5819	0.0026	19.1078	0.9468	0.8675	1.0643	0.5306	0.5449	0.0119	1.0602	1.1002	1.0795	105.5193	0.8281	0.0117	-0.0020	0.9968	0.4415	1.9513	4.8853	0.0192	0.0002	0.0190	0.0002	0.0002	0.0000	0.0190	0.0000	0.0190	0.0223	0.0122	0.0101	0.0027	0.0027	0.0000	0.0197	0.0095	0.0101	0.0088	0.0078	0.0010	0.0035	0.0035	0.0000	0.0053	0.0043	0.0010	0.0236	0.0141	0.0095	0.0050	0.0049	0.0001	0.0185	0.0092	0.0094	2.2936	0.0266	17.1136	0.0946	0.0891	14.0452	3.3786	0.0025	17.7014	0.9468	0.8675	1.0643	0.5306	0.5449	0.0119	1.0602	1.0405	1.0795
42	109	0.1139	8	2	1	1	1	0	0	0	0	Y	N	N	N	N	N	N	N	N	N	N	N	0.0000	0.0000	0.0000	0.0000	0.0000	0.0000	0.0000	0.0000	0.0000	0.0000	0.0000	0.0000	0.0000	0.0000	0.0000	0.0000	0.0000	0.0000	0.0000	0.0000	0.9968	0.0000	1.9513	0.0000	0.0000	0.0000	0.0000	0.0000	0.0000	0.0000	0.0000	0.0000	0.0000	0.0000	0.0000	0.0000	0.0000	0.0000	0.0000	0.0000	0.0000	0.0000	0.0000	0.0000	0.0000	0.0000	0.0000	0.0000	0.0000	0.0000	0.0000	0.0000	0.0000	0.0000	0.0000	0.0000	0.0000	0.0000	0.0000	0.0000	0.0000	0.0000	0.0000	0.0000	0.0000	0.0000	0.0000	0.0000	0.0000	0.0000	0.0000	0.0000	0.0000	0.0000	0.0000	0.0000	0.0000	0.0000											
42	110	0.0990	7	2	1	1	1	0	0	0	0	Y	N	N	N	N	N	N	N	N	N	N	N	0.0000	0.0000	0.0000	0.0000	0.0000	0.0000	0.0000	0.0000	0.0000	0.0000	0.0000	0.0000	0.0000	0.0003	0.0000	0.0007	0.0016	0.0000	0.0223	0.0000	0.0000	0.0000	inf	0.0000	0.0000	0.9968	0.0000	1.9513	7.1240	0.0000	0.0000	0.0000	0.0000	0.0000	0.0000	0.0000	0.0000	0.0000	0.0000	0.0000	0.0000	0.0000	0.0000	0.0000	0.0000	0.0000	0.0000	0.0000	0.0000	0.0000	0.0000	0.0000	0.0000	0.0000	0.0000	0.0000	0.0316	0.0182	0.0134	0.0063	0.0058	0.0004	0.0253	0.0123	0.0129	0.0000	0.0000	0.0000	0.0000	0.0000	0.0000	0.0000	0.0000	0.0000	0.0003	0.0000	0.0007	0.0016	0.0000	0.0223	0.0000	0.0000	0.0000						
42	111	0.1079	9	1	1	1	1	0	0	0	0	N	N	N	N	N	N	N	N	N	N	N	N	0.0000	0.0000	0.0000	0.0000	0.0000	0.0000	0.0000	0.0000	0.0000	0.0000	0.0000	0.0000	0.0000	0.0000	0.0000	0.0000	0.0000	0.0000	0.0000	-0.0000	0.9968	0.0016	1.9513	5.0076	0.0000	0.0000	0.0000	0.0000	0.0000	0.0000	0.0000	0.0000	0.0000	0.0000	0.0000	0.0000	0.0000	0.0000	0.0000	0.0000	0.0000	0.0000	0.0000	0.0000	0.0000	0.0000	0.0000	0.0000	0.0000	0.0000	0.0000	0.0217	0.0126	0.0091	0.0048	0.0043	0.0006	0.0169	0.0083	0.0085	0.0000	0.0000	0.0000	0.0000	0.0000	0.0000	0.0000	0.0000	0.0000	0.0000	0.0000	0.0000	0.0000	0.0000	0.0000	0.0000	0.0000	0.0000											
42	112	0.1011	8	1	1	1	1	0	0	0	0	N	N	N	N	N	N	N	N	N	N	N	N	0.0000	0.0000	0.0000	0.0000	0.0000	0.0000	0.0000	0.0000	0.0000	0.0000	0.0000	0.0000	0.0000	0.0000	0.0000	0.0000	0.0000	0.0000	0.0000	-0.0000	0.9968	1.0012	1.9513	2.1373	0.0000	0.0000	0.0000	0.0000	0.0000	0.0000	0.0000	0.0000	0.0000	0.0000	0.0000	0.0000	0.0000	0.0000	0.0000	0.0000	0.0000	0.0000	0.0068	0.0059	0.0009	0.0012	0.0012	0.0001	0.0056	0.0048	0.0008	0.0152	0.0088	0.0064	0.0036	0.0033	0.0003	0.0116	0.0055	0.0061	0.0000	0.0000	0.0000	0.0000	0.0000	0.0000	0.0000	0.0000	0.0000	0.0000	0.0000	0.0000	0.0000	0.0000	0.0000	0.0000	0.0000	0.0000											
42	113	0.1094	8	1	1	1	0	0	0	0	0	N	N	N	N	N	N	N	N	N	N	N	N	0.0000	0.0000	0.0000	0.0000	0.0000	0.0000	0.0000	0.0000	0.0000	0.0000	0.0000	0.0000	0.0000	0.0000	0.0000	0.0000	0.0000	0.0000	0.0000	0.0000	0.0000	0.0000	0.0000	0.0000	0.0000	0.1053	0.0000	-0.0000	0.9968	0.9705	1.9513	5.0371	0.0000	0.0000	0.0000	0.0000	0.0000	0.0000	0.0000	0.0000	0.0000	0.0000	0.0000	0.0000	0.0000	0.0000	0.0000	0.0000	0.0000	0.0000	0.0078	0.0069	0.0009	0.0020	0.0019	0.0001	0.0059	0.0050	0.0009	0.0253	0.0147	0.0105	0.0053	0.0049	0.0004	0.0200	0.0098	0.0101	0.0000	0.0000	0.0000	0.0000	0.0000	0.0000	0.0000	0.0000	0.0000	0.0000	0.0000	0.0000	0.0000	0.0000	0.0000	0.0000	0.0000	0.0000			
42	114	0.1011	8	1	0	2	1	0	0	0	0	N	N	Y	N	N	N	N	N	N	N	N	N	0.0000	0.0000	0.0000	0.0000	0.0000	0.0000	0.0000	0.0000	0.0000	0.0000	0.0000	0.0000	0.0000	0.0000	0.0000	0.0000	0.0000	0.0000	0.0000	0.0000	0.9968	0.0000	1.9513	1.1303	0.0000	0.0000	0.0000	0.0000	0.0000	0.0000	0.0000	0.0000	0.0000	0.0000	0.0000	0.0000	0.0000	0.0000	0.0000	0.0000	0.0000	0.0000	0.0000	0.0000	0.0000	0.0000	0.0000	0.0000	0.0000	0.0000	0.0000	0.0066	0.0039	0.0027	0.0018	0.0017	0.0001	0.0047	0.0021	0.0026	0.0000	0.0000	0.0000	0.0000	0.0000	0.0000	0.0000	0.0000	0.0000	0.0000	0.0000	0.0000	0.0000	0.0000	0.0000	0.0000	0.0000	0.0000											
42	115	0.0990	7	1	0	1	1	0	0	0	0	N	N	N	N	N	N	N	N	N	N	N	N	0.0000	0.0000	0.0000	0.0000	0.0000	0.0000	0.0000	0.0000	0.0000	0.0000	0.0000	0.0000	0.0000	0.0000	0.0000	0.0000	0.0000	0.0000	0.0000	0.0000	0.0000	0.0000	0.0000	0.0000	-0.0000	0.9968	0.0000	1.9513	1.2340	0.0000	0.0000	0.0000	0.0000	0.0000	0.0000	0.0000	0.0000	0.0000	0.0000	0.0000	0.0000	0.0000	0.0000	0.0000	0.0000	0.0000	0.0000	0.0000	0.0000	0.0000	0.0000	0.0000	0.0000	0.0000	0.0000	0.0000	0.0071	0.0042	0.0029	0.0019	0.0018	0.0001	0.0052	0.0024	0.0028	0.0000	0.0000	0.0000	0.0000	0.0000	0.0000	0.0000	0.0000	0.0000	0.0000	0.0000	0.0000	0.0000	0.0000	0.0000	0.0000	0.0000	0.0000						
42	116	0.1065	8	1	0	2	1	0	0	0	0	N	N	Y	N	N	N	N	N	N	N	N	N	0.0306	inf	0.0000	inf	inf	0.0000	0.0000	0.0000	0.0000	0.0000	0.0001	0.0001	0.0000	0.0000	0.0000	0.0000	0.0008	0.0000	0.0021	0.0000	0.0000	0.0000	0.0010	0.0000	0.0022	0.0000	inf	-0.0000	0.0000	0.9968	0.9725	1.9513	0.9874	0.0000	0.0000	0.0000	0.0000	0.0000	0.0000	0.0000	0.0000	0.0000	0.0000	0.0000	0.0000	0.0000	0.0000	0.0000	0.0000	0.0000	0.0000	0.0074	0.0065	0.0009	0.0019	0.0018	0.0001	0.0055	0.0047	0.0008	0.0086	0.0053	0.0033	0.0019	0.0018	0.0001	0.0067	0.0035	0.0032	0.0306	inf	0.0000	inf	inf	0.0000	0.0000	0.0000	0.0000	0.0008	0.0000	0.0021	0.0000	0.0000	0.0000	0.0010	0.0000	0.0022		
42	117	0.1065	8	1	0	2	1	0	0	0	0	N	N	Y	N	N	N	N	N	N	N	N	N	0.0009	0.0006	0.0004	0.0004	0.0002	0.0003	0.0000	0.0005	0.0005	0.0000	0.0000	0.0000	0.0000	0.2592	0.4288	0.0000	1.2185	1.3280	0.0000	0.0000	0.0000	0.0000	0.0000	0.0000	-0.0000	-0.0024	0.9968	0.0285	1.9513	4.0215	0.0000	0.0000	0.0000	0.0000	0.0000	0.0000	0.0000	0.0000	0.0000	0.0044	0.0044	0.0000	0.0044	0.0044	0.0000	0.0000	0.0000	0.0000	0.0008	0.0007	0.0001	0.0003	0.0003	0.0000	0.0004	0.0004	0.0001	0.0171	0.0103	0.0068	0.0036	0.0033	0.0003	0.0135	0.0070	0.0065	0.0009	0.0006	0.0000	0.0004	0.0004	0.0000	0.0000	0.0000	0.0000	0.2592	0.4288	0.0000	1.2185	1.3280	0.0000	0.0000	0.0000	0.0000					
42	118	0.0990	7	1	0	2	1	0	0	0	0	N	N	Y	N	N	N	N	N	N	N	N	N	178.5715	118.1392	205.3883	201.3259	0.0520	0.0596	0.0000	0.2914	0.3065	0.0000	0.0000	0.0000	0.0000	0.0003	0.0005	0.0000	0.0014	0.0015	0.0000	0.0000	0.0000	0.0000	0.0000	0.0000	-0.0004	-0.0000	0.9968	3.0275	1.9513	2.1573	0.0011	0.0011	0.0000	0.0011	0.0011	0.0000	0.0000	0.0000	0.0000	0.0000	0.0000	0.0000	0.0000	0.0000	0.0000	0.0000	0.0000	0.0000	0.0204	0.0178	0.0026	0.0036	0.0035	0.0002	0.0168	0.0143	0.0024	0.0237	0.0136	0.0100	0.0049	0.0045	0.0003	0.0188	0.0091	0.0097	178.5715	118.1392	0.0000	205.3883	201.3259	0.0000	0.0000	0.0000	0.0000	0.0003	0.0005	0.0000	0.0014	0.0015	0.0000	0.0000	0.0000	0.0000					
42	119	0.1402	7	2	1	1	0	0	0	0	0	Y	N	N	N	N	N	N	N	N	N	N	N	8.0337	5.8101	89.3890	5.7558	6.0522	42.5187	inf	122.9696	0.0093	0.0106	0.0000	0.0240	0.0261	0.0000	0.0000	0.0000	0.0000	0.0012	0.0018	0.0000	0.0042	0.0043	0.0000	0.0000	0.0000	0.0000	0.0004	0.0001	-0.0001	-0.0000	0.9968	2.1883	1.9513	3.1271	0.0002	0.0002	0.0000	0.0002	0.0002	0.0000	0.0000	0.0000	0.0000	0.0000	0.0000	0.0000	0.0000	0.0000	0.0000	0.0000	0.0000	0.0000	0.0192	0.0169	0.0023	0.0075	0.0068	0.0006	0.0118	0.0101	0.0017	0.0245	0.0156	0.0089	0.0068	0.0066	0.0002	0.0177	0.0090	0.0087	8.0337	5.8101	89.3890	5.7558	6.0522	0.0000	42.5187	inf	122.9696	0.0012	0.0018	0.0000	0.0042	0.0043	0.0000	0.0000	0.0000	0.0000	
42	120	0.0733	6	2	1	1	0	0	0	0	0	Y	N	N	N	N	N	N	N	N	N	N	N	39.7532	30.9136	121.3048	4259.9874	4905.5826	28.2557	31.6677	10.4690	129.6043	0.0100	0.0045	0.0487	0.0123	0.0128	0.0003	0.0094	0.0020	0.0525	0.0003	0.0001	0.0004	0.0000	0.0000	0.0000	0.0003	0.0002	0.0004	1.5637	1.9915	0.0002	0.0000	0.9968	13.6104	1.9513	16.0982	0.0009	0.0004	0.0006	0.0002	0.0002	0.0000	0.0007	0.0001	0.0006	0.0000	0.0000	0.0000	0.0000	0.0000	0.0000	0.0000	0.0000	0.0000	0.0946	0.0828	0.0118	0.0195	0.0186	0.0009	0.0751	0.0641	0.0110	0.1130	0.0659	0.0471	0.0175	0.0170	0.0005	0.0955	0.0488	0.0466	39.7532	30.9136	121.3048	4259.9874	4905.5826	28.2557	31.6677	10.4690	129.6043	0.0003	0.0001	0.0004	0.0000	0.0000	0.0000	0.0003	0.0002	0.0004
42	121	0.0778	6	1	1	1	0	0	0	0	0	N	N	N	N	N	N	N	N	N	N	N	N	0.1673	0.0035	3212.3878	0.0142	0.0038	1062.4599	1068.5941	0.0000	3967.8213	0.0351	0.0011	0.2779	0.0083	0.0023	0.4506	0.0551	0.0000	0.2695	0.2096	0.3191	0.0001	0.5839	0.6145	0.0004	0.0001	0.0000	0.0001	34.8842	0.0001	0.0002	-0.0050	0.9968	0.3548	1.9513	4.6068	0.0004	0.0000	0.0003	0.0000	0.0000	0.0000	0.0003	0.0000	0.0003	0.0093	0.0093	0.0000	0.0093	0.0093	0.0000	0.0000	0.0000	0.0000	0.0102	0.0089	0.0012	0.0044	0.0043	0.0001	0.0058	0.0046	0.0012	0.0442	0.0290	0.0152	0.0159	0.0151	0.0008	0.0283	0.0139	0.0144	0.1673	0.0035	3212.3878	0.0142	0.0038	1062.4599	1068.5941	0.0000	3967.8213	0.2096	0.3191	0.0001	0.5839	0.6145	0.0004	0.0001	0.0000	0.0001
42	122	0.0629	5	1	1	1	0	0	0	0	0	N	N	N	N	N	N	N	N	N	N	N	N	0.1384	0.0160	22.3574	0.6543	0.5259	514.4148	0.1328	0.0011	22.3252	0.0395	0.0077	0.2586	0.0267	0.0220	0.2215	0.0448	0.0008	0.2608	0.2856	0.4825	0.0116	0.0409	0.0419	0.0004	0.3372	0.7238	0.0117	4.8590	0.0172	0.0003	-0.0050	0.9968	1.6911	1.9513	5.7022	0.0007	0.0001	0.0006	0.0001	0.0001	0.0000	0.0006	0.0000	0.0006	0.0095	0.0093	0.0002	0.0002	0.0002	0.0000	0.0093	0.0091	0.0002	0.0176	0.0154	0.0022	0.0052	0.0050	0.0001	0.0125	0.0104	0.0021	0.0332	0.0193	0.0139	0.0058	0.0057	0.0001	0.0274	0.0137	0.0138	0.1384	0.0160	22.3574	0.6543	0.5259	514.4148	0.1328	0.0012	22.3252	0.2856	0.4825	0.0116	0.0409	0.0419	0.0004	0.3372	0.6648	0.0117
42	124	0.1140	9	2	1	1	0	0	0	0	0	Y	N	N	N	N	N	N	N	N	N	N	N	0.0000	0.0000	0.0000	0.0000	0.0000	0.0000	0.0000	0.0000	0.0000	0.0000	0.0000	0.0000	0.0000	0.0000	0.0000	0.0000	0.0000	0.0000	0.0000	0.0000	0.9968	0.0000	1.9513	0.0000	0.0000	0.0000	0.0000	0.0000	0.0000	0.0000	0.0000	0.0000	0.0000	0.0000	0.0000	0.0000	0.0000	0.0000	0.0000	0.0000	0.0000	0.0000	0.0000	0.0000	0.0000	0.0000	0.0000	0.0000	0.0000	0.0000	0.0000	0.0000	0.0000	0.0000	0.0000	0.0000	0.0000	0.0000	0.0000	0.0000	0.0000	0.0000	0.0000	0.0000	0.0000	0.0000	0.0000	0.0000	0.0000	0.0000	0.0000	0.0000	0.0000	0.0000	0.0000	0.0000	0.0000	0.0000											
42	125	0.1094	8	2	1	1	0	0	0	0	0	Y	N	N	N	N	N	N	N	N	N	N	N	0.0000	0.0000	0.0000	0.0000	0.0000	0.0000	0.0000	0.0000	0.0000	0.0000	0.0000	0.0000	0.0000	0.0000	0.0000	0.0000	0.0000	0.0000	0.0000	0.0000	0.0000	0.0000	0.0000	0.0000	0.0000	0.1053	0.0000	-0.0000	0.9968	0.1434	1.9513	1.9839	0.0000	0.0000	0.0000	0.0000	0.0000	0.0000	0.0000	0.0000	0.0000	0.0000	0.0000	0.0000	0.0000	0.0000	0.0000	0.0000	0.0000	0.0000	0.0022	0.0020	0.0002	0.0009	0.0009	0.0000	0.0013	0.0011	0.0002	0.0098	0.0058	0.0040	0.0022	0.0021	0.0001	0.0075	0.0037	0.0038	0.0000	0.0000	0.0000	0.0000	0.0000	0.0000	0.0000	0.0000	0.0000	0.0000	0.0000	0.0000	0.0000	0.0000	0.0000	0.0000	0.0000	0.0000			
42	126	0.0990	7	1	1	1	0	0	0	0	0	N	N	N	N	N	N	N	N	N	N	N	N	0.0000	0.0000	0.0000	0.0000	0.0000	0.0000	0.0000	0.0000	0.0000	0.0000	0.0000	0.0000	0.0000	0.0000	0.0000	0.0000	0.0000	0.0000	0.0000	0.0000	0.0000	0.0000	0.0000	0.0000	0.0000	1.8959	0.0000	0.0000	0.9968	1.8882	1.9513	2.9115	0.0000	0.0000	0.0000	0.0000	0.0000	0.0000	0.0000	0.0000	0.0000	0.0000	0.0000	0.0000	0.0000	0.0000	0.0000	0.0000	0.0000	0.0000	0.0128	0.0112	0.0016	0.0023	0.0022	0.0001	0.0105	0.0090	0.0015	0.0221	0.0127	0.0093	0.0046	0.0043	0.0003	0.0175	0.0085	0.0090	0.0000	0.0000	0.0000	0.0000	0.0000	0.0000	0.0000	0.0000	0.0000	0.0000	0.0000	0.0000	0.0000	0.0000	0.0000	0.0000	0.0000	0.0000			
42	127	0.0733	6	1	0	1	0	0	0	0	0	N	N	N	N	N	N	N	N	N	N	N	N	165617.1089	0.0000	5626209745.7354	4.1533	0.0000	inf	782543769.4753	0.0000	inf	31.5425	0.0000	258.0530	0.0049	0.0000	0.1585	42.7066	0.0000	276.2058	0.0002	0.0003	0.0000	0.0012	0.0012	0.0000	0.0000	0.0000	0.0000	inf	0.0001	0.6155	-0.0000	0.9968	3.5543	1.9513	9.0319	0.9945	0.0000	0.9945	0.0000	0.0000	0.0000	0.9944	0.0000	0.9944	0.0000	0.0000	0.0000	0.0000	0.0000	0.0000	0.0000	0.0000	0.0000	0.0315	0.0277	0.0039	0.0082	0.0080	0.0003	0.0233	0.0197	0.0036	0.0525	0.0307	0.0218	0.0085	0.0083	0.0002	0.0440	0.0224	0.0216	165617.1089	0.0000	5626209745.7354	4.1533	0.0000	inf	782543769.4753	0.0000	inf	0.0002	0.0003	0.0000	0.0012	0.0012	0.0000	0.0000	0.0000	0.0000
43	44	0.0164	2	2	0	2	0	0	0	0	0	Y	N	Y	N	N	N	N	N	N	N	N	N	0.0588	0.0084	158.9091	1.3913	1.3964	0.0000	27.4421	158.8150	0.0481	0.0136	0.2622	2.9522	2.9658	0.0000	0.0365	0.0000	0.2622	0.8186	1.6222	0.0016	2.1219	2.1239	0.0000	0.0013	0.0000	0.0017	3.1054	0.0010	0.0031	-0.1203	5.0018	4.9860	1.7716	2.3663	0.0083	0.0020	0.0063	0.0020	0.0020	0.0000	0.0063	0.0000	0.0063	0.2220	0.2218	0.0002	0.2218	0.2218	0.0000	0.0002	0.0000	0.0002	0.1724	0.1484	0.0239	0.0007	0.0007	0.0000	0.1717	0.1478	0.0239	0.2712	0.1367	0.1345	0.1045	0.1044	0.0001	0.1667	0.0323	0.1344	0.0588	0.0084	158.9091	1.3913	1.3964	0.0000	27.4421	0.0000	158.8150	0.8186	1.6222	0.0016	2.1219	2.1239	0.0000	0.0013	0.0000	0.0017	
43	47	0.1719	15	1	0	2	0	0	0	0	0	N	N	Y	N	N	N	N	N	N	N	N	N	0.0019	0.0010	0.1610	0.0028	0.0027	0.0000	0.0452	0.0000	0.1628	0.0005	0.0004	0.0007	0.0025	0.0026	0.0000	0.0001	0.0000	0.0008	0.2586	0.4213	0.0046	0.9056	0.9649	0.0001	0.0025	0.0000	0.0048	0.2494	0.0070	-0.0000	-0.0197	5.0018	3.0460	1.7716	11.9126	0.0000	0.0000	0.0000	0.0000	0.0000	0.0000	0.0000	0.0000	0.0000	0.0367	0.0365	0.0003	0.0365	0.0365	0.0000	0.0003	0.0000	0.0003	0.1042	0.0907	0.0135	0.0159	0.0151	0.0007	0.0884	0.0756	0.0128	0.1419	0.0865	0.0554	0.0403	0.0378	0.0025	0.1017	0.0488	0.0529	0.0019	0.0010	0.1610	0.0028	0.0027	0.0000	0.0452	0.0000	0.1628	0.2586	0.4213	0.0046	0.9056	0.9649	0.0001	0.0025	0.0000	0.0048
43	48	0.1585	14	1	0	1	0	0	0	0	0	N	N	N	N	N	N	N	N	N	N	N	N	0.3296	0.1198	1.4071	0.3076	0.3084	0.0085	0.4139	0.7120	1.4348	0.1063	0.0309	0.6050	0.1667	0.1740	0.0000	0.0951	0.0010	0.6366	0.3225	0.2581	0.4299	0.5420	0.5640	0.0034	0.2297	0.0015	0.4437	2.9561	0.9975	0.0015	-0.0011	5.0018	1.1082	1.7716	5.8288	0.0042	0.0011	0.0032	0.0010	0.0010	0.0000	0.0032	0.0000	0.0032	0.0256	0.0128	0.0128	0.0128	0.0128	0.0000	0.0128	0.0000	0.0128	0.0398	0.0345	0.0052	0.0062	0.0060	0.0003	0.0335	0.0286	0.0050	0.0794	0.0496	0.0297	0.0236	0.0226	0.0009	0.0558	0.0270	0.0288	0.3296	0.1198	1.4071	0.3076	0.3084	0.0085	0.4139	0.7120	1.4348	0.3225	0.2581	0.4299	0.5420	0.5640	0.0034	0.2297	0.0015	0.4437
43	49	0.1897	16	1	1	1	0	0	0	0	0	N	N	N	N	N	N	N	N	N	N	N	N	0.0000	0.0000	0.0000	0.0000	0.0000	0.0000	0.0000	0.0000	0.0000	0.0000	0.0000	0.0000	0.0000	0.0000	0.0000	0.0000	0.0000	0.0000	0.0000	-0.0000	5.0018	0.0000	1.7716	2.0001	0.0000	0.0000	0.0000	0.0000	0.0000	0.0000	0.0000	0.0000	0.0000	0.0000	0.0000	0.0000	0.0000	0.0000	0.0000	0.0000	0.0000	0.0000	0.0000	0.0000	0.0000	0.0000	0.0000	0.0000	0.0000	0.0000	0.0000	0.0160	0.0094	0.0066	0.0036	0.0032	0.0004	0.0124	0.0062	0.0062	0.0000	0.0000	0.0000	0.0000	0.0000	0.0000	0.0000	0.0000	0.0000	0.0000	0.0000	0.0000	0.0000	0.0000	0.0000	0.0000	0.0000	0.0000											
43	50	0.0927	9	2	1	2	0	0	0	0	0	Y	N	Y	N	N	N	N	N	N	N	N	N	0.0000	0.0000	0.0000	0.0000	0.0000	0.0000	0.0000	0.0000	0.0000	0.0000	0.0000	0.0000	0.0000	0.0003	0.0004	0.0000	0.0008	0.0008	0.0000	0.0000	0.0000	0.0000	0.0000	0.0000	-0.0000	5.0018	0.0000	1.7716	1.7047	0.0000	0.0000	0.0000	0.0000	0.0000	0.0000	0.0000	0.0000	0.0000	0.0000	0.0000	0.0000	0.0000	0.0000	0.0000	0.0000	0.0000	0.0000	0.0000	0.0000	0.0000	0.0000	0.0000	0.0000	0.0000	0.0000	0.0000	0.0273	0.0196	0.0077	0.0088	0.0086	0.0002	0.0185	0.0111	0.0075	0.0000	0.0000	0.0000	0.0000	0.0000	0.0000	0.0000	0.0000	0.0000	0.0003	0.0004	0.0000	0.0008	0.0008	0.0000	0.0000	0.0000	0.0000						
43	51	0.0927	9	2	1	2	0	0	0	0	0	Y	N	Y	N	N	N	N	N	N	N	N	N	0.0000	0.0000	0.0000	0.0000	0.0000	0.0000	0.0000	0.0000	0.0000	0.0000	0.0000	0.0000	0.0000	0.0002	0.0002	0.0000	0.0000	0.0000	0.0000	0.0003	0.0005	0.0000	0.0000	0.0000	-0.0000	5.0018	0.0000	1.7716	0.2953	0.0000	0.0000	0.0000	0.0000	0.0000	0.0000	0.0000	0.0000	0.0000	0.0000	0.0000	0.0000	0.0000	0.0000	0.0000	0.0000	0.0000	0.0000	0.0000	0.0000	0.0000	0.0000	0.0000	0.0000	0.0000	0.0000	0.0000	0.0157	0.0134	0.0023	0.0070	0.0069	0.0000	0.0087	0.0065	0.0022	0.0000	0.0000	0.0000	0.0000	0.0000	0.0000	0.0000	0.0000	0.0000	0.0002	0.0002	0.0000	0.0000	0.0000	0.0000	0.0003	0.0005	0.0000						
43	52	0.0899	8	2	1	2	0	0	0	0	0	Y	N	Y	N	N	N	N	N	N	N	N	N	4.2800	29.6683	4.0465	577.7592	567.2910	1.2699	0.0000	4.1026	0.0201	0.0170	0.0456	0.0402	0.0405	0.0000	0.0078	0.0000	0.0470	0.0047	0.0006	0.0113	0.0001	0.0001	0.0000	0.0062	0.0009	0.0115	0.3204	12.2914	-0.0000	0.0000	5.0018	0.0001	1.7716	1.7968	0.0000	0.0000	0.0000	0.0000	0.0000	0.0000	0.0000	0.0000	0.0000	0.0001	0.0000	0.0001	0.0000	0.0000	0.0000	0.0001	0.0000	0.0001	0.0000	0.0000	0.0000	0.0000	0.0000	0.0000	0.0000	0.0000	0.0000	0.0208	0.0128	0.0080	0.0051	0.0049	0.0001	0.0157	0.0079	0.0079	4.2800	29.6683	4.0465	577.7592	567.2910	0.0000	1.2699	0.0000	4.1026	0.0047	0.0006	0.0113	0.0001	0.0001	0.0000	0.0062	0.0009	0.0115	
43	53	0.1357	6	2	1	1	0	0	0	0	0	Y	N	N	N	N	N	N	N	N	N	N	N	156615.2323	119351.1809	856.6585	2511.7986	2515.3246	0.0000	1761792.8232	inf	913.4736	10.6215	11.9203	0.0127	0.5674	0.5865	0.0000	13.3382	15.3248	0.0136	0.0001	0.0001	0.0000	0.0002	0.0002	0.0000	0.0000	0.0000	0.0000	0.0001	0.0902	-0.3200	-0.0000	5.0018	1.8240	1.7716	0.8872	0.8400	0.8399	0.0001	0.0095	0.0095	0.0000	0.8305	0.8303	0.0001	0.0000	0.0000	0.0000	0.0000	0.0000	0.0000	0.0000	0.0000	0.0000	0.0791	0.0705	0.0086	0.0168	0.0163	0.0005	0.0623	0.0542	0.0081	0.0301	0.0188	0.0114	0.0083	0.0080	0.0003	0.0218	0.0107	0.0111	156615.2323	119351.1809	856.6585	2511.7986	2515.3246	0.0000	1761792.8232	inf	913.4736	0.0001	0.0001	0.0000	0.0002	0.0002	0.0000	0.0000	0.0000	0.0000
43	54	0.2197	18	1	1	1	1	0	0	0	0	N	N	N	N	N	N	N	N	N	N	N	N	0.0000	0.0000	0.0000	0.0000	0.0000	0.0000	0.0000	0.0000	0.0000	0.0000	0.0000	0.0000	0.0000	0.0000	0.0000	0.0000	0.0000	0.0008	0.0001	0.0018	0.0003	0.0004	0.0000	0.0009	0.0000	0.0019	7.7535	0.0000	0.0000	5.0018	0.0007	1.7716	4.7762	0.0000	0.0000	0.0000	0.0000	0.0000	0.0000	0.0000	0.0000	0.0000	0.0000	0.0000	0.0000	0.0000	0.0000	0.0000	0.0000	0.0000	0.0000	0.0000	0.0000	0.0000	0.0000	0.0000	0.0000	0.0000	0.0000	0.0000	0.0441	0.0271	0.0170	0.0117	0.0109	0.0008	0.0323	0.0161	0.0162	0.0000	0.0000	0.0000	0.0000	0.0000	0.0000	0.0000	0.0000	0.0000	0.0008	0.0001	0.0018	0.0003	0.0004	0.0000	0.0009	0.0000	0.0019		
43	55	0.2197	18	1	0	1	1	0	0	0	0	N	N	N	N	N	N	N	N	N	N	N	N	0.0000	0.0000	0.0000	0.0000	0.0000	0.0000	0.0000	0.0000	0.0000	0.0000	0.0000	0.0000	0.0000	0.0000	0.0000	0.0000	0.0000	0.1684	0.1647	0.1745	0.5944	0.3908	9.8000	0.0009	0.0000	0.0018	0.6284	0.0000	-0.0008	5.0018	0.0007	1.7716	3.2259	0.0000	0.0000	0.0000	0.0000	0.0000	0.0000	0.0000	0.0000	0.0000	0.0054	0.0033	0.0021	0.0054	0.0033	0.0021	0.0000	0.0000	0.0000	0.0000	0.0000	0.0000	0.0000	0.0000	0.0000	0.0000	0.0000	0.0000	0.0321	0.0201	0.0120	0.0091	0.0085	0.0006	0.0230	0.0117	0.0114	0.0000	0.0000	0.0000	0.0000	0.0000	0.0000	0.0000	0.0000	0.0000	0.1684	0.1647	0.1745	0.5944	0.3908	3.6409	0.0009	0.0000	0.0018		
43	56	0.2153	17	1	0	1	1	0	0	0	0	N	N	N	N	N	N	N	N	N	N	N	N	0.0000	0.0000	0.0000	0.0000	0.0000	0.0000	0.0000	0.0000	0.0000	0.0000	0.0000	0.0000	0.0000	0.0000	0.0000	0.0000	0.0000	0.0011	0.0013	0.0007	0.0034	0.0031	0.0092	0.0002	0.0000	0.0003	0.3190	0.0000	-0.0000	5.0018	0.9953	1.7716	1.3904	0.0000	0.0000	0.0000	0.0000	0.0000	0.0000	0.0000	0.0000	0.0000	0.0000	0.0000	0.0000	0.0000	0.0000	0.0000	0.0000	0.0000	0.0000	0.0342	0.0298	0.0044	0.0045	0.0043	0.0002	0.0296	0.0255	0.0041	0.0247	0.0159	0.0089	0.0072	0.0068	0.0004	0.0176	0.0091	0.0084	0.0000	0.0000	0.0000	0.0000	0.0000	0.0000	0.0000	0.0000	0.0000	0.0011	0.0013	0.0007	0.0034	0.0031	0.0092	0.0002	0.0000	0.0003		
43	57	0.2086	16	1	0	1	1	0	0	0	0	N	N	N	N	N	N	N	N	N	N	N	N	6.0827	175.4052	0.0000	0.0000	0.0000	0.0000	5.6587	inf	0.0000	0.0354	0.0402	0.0000	0.0000	0.0000	0.0000	0.0440	0.0513	0.0000	0.0058	0.0002	0.0141	0.0005	0.0005	0.0000	0.0078	0.0000	0.0147	0.0000	41.5542	-0.0000	0.0001	5.0018	0.0068	1.7716	3.2797	0.0000	0.0000	0.0000	0.0000	0.0000	0.0000	0.0000	0.0000	0.0000	0.0002	0.0000	0.0002	0.0000	0.0000	0.0000	0.0002	0.0000	0.0002	0.0003	0.0002	0.0000	0.0001	0.0001	0.0000	0.0002	0.0002	0.0000	0.0313	0.0187	0.0126	0.0085	0.0079	0.0006	0.0228	0.0108	0.0120	6.0827	175.4052	0.0000	0.0000	0.0000	0.0000	5.6587	inf	0.0000	0.0058	0.0002	0.0141	0.0005	0.0005	0.0000	0.0078	0.0000	0.0147
43	58	0.1675	15	1	0	1	1	0	0	0	0	N	N	N	N	N	N	N	N	N	N	N	N	85.7249	112.0035	0.0092	128.5779	126.0709	8.2261	57.9837	24563.6061	0.0089	8.0514	9.1828	0.0010	26.8858	28.1625	0.0009	3.4612	4.0348	0.0010	0.0939	0.0820	0.1107	0.2091	0.2234	0.0001	0.0597	0.0002	0.1148	0.0000	0.9582	-0.6885	-0.0008	5.0018	5.8573	1.7716	13.1443	1.8068	1.8068	0.0000	1.1823	1.1823	0.0000	0.6245	0.6245	0.0000	0.0154	0.0079	0.0075	0.0078	0.0078	0.0000	0.0075	0.0000	0.0075	0.2244	0.1968	0.0277	0.0440	0.0420	0.0020	0.1804	0.1548	0.0257	0.1637	0.0958	0.0680	0.0375	0.0351	0.0024	0.1262	0.0607	0.0656	85.7249	112.0035	0.0092	128.5779	126.0709	8.2261	57.9837	24563.6061	0.0089	0.0939	0.0820	0.1107	0.2091	0.2234	0.0001	0.0597	0.0002	0.1148
43	59	0.0900	9	1	1	2	0	0	0	0	0	N	N	Y	N	N	N	N	N	N	N	N	N	20.8911	0.0000	9830.1072	0.0001	0.0001	0.0000	552.9242	0.0000	103050.9423	0.1262	0.0000	0.9902	0.0000	0.0000	0.0000	0.1462	0.0000	1.0506	0.0060	0.0100	0.0001	0.0276	0.0287	0.0037	0.0003	0.0005	0.0000	513779.8812	0.0067	0.0026	-0.0002	5.0018	0.9979	1.7716	4.0614	0.0043	0.0000	0.0043	0.0000	0.0000	0.0000	0.0043	0.0000	0.0043	0.0003	0.0003	0.0000	0.0003	0.0003	0.0000	0.0000	0.0000	0.0000	0.0339	0.0295	0.0043	0.0046	0.0044	0.0002	0.0292	0.0252	0.0041	0.0478	0.0286	0.0191	0.0101	0.0096	0.0005	0.0377	0.0190	0.0187	20.8911	0.0000	9830.1072	0.0001	0.0001	0.0000	552.9242	0.0000	103050.9423	0.0060	0.0100	0.0001	0.0276	0.0287	0.0037	0.0003	0.0005	0.0000
43	60	0.0816	8	1	1	1	0	0	0	0	0	N	N	N	N	N	N	N	N	N	N	N	N	1840.3145	0.0364	60780.2580	2.4882	1.5469	215.8742	1754.4912	0.0115	62718.2623	12.5812	0.0004	98.9583	0.0024	0.0015	0.0196	14.5946	0.0002	104.2346	0.0068	0.0104	0.0016	0.0010	0.0010	0.0001	0.0083	0.0149	0.0017	38058.5218	0.1073	0.6120	-0.0001	5.0018	2.2356	1.7716	2.2044	0.9888	0.0000	0.9888	0.0000	0.0000	0.0000	0.9888	0.0000	0.9888	0.0003	0.0003	0.0000	0.0000	0.0000	0.0000	0.0003	0.0002	0.0000	0.0786	0.0686	0.0100	0.0108	0.0103	0.0005	0.0677	0.0583	0.0095	0.0417	0.0247	0.0170	0.0084	0.0080	0.0004	0.0333	0.0167	0.0166	1840.3145	0.0364	60780.2580	2.4882	1.5469	215.8742	1754.4912	0.0115	62718.2623	0.0068	0.0104	0.0016	0.0010	0.0010	0.0001	0.0083	0.0149	0.0017
43	61	0.0199	4	2	0	2	0	0	0	0	0	Y	N	Y	N	N	N	N	N	N	N	N	N	0.1087	0.0602	0.0000	0.1042	0.1062	0.0000	0.0000	0.0000	0.0000	0.0029	0.0033	0.0000	0.0586	0.0597	0.0000	0.0000	0.0000	0.0000	0.0265	0.0553	0.0006	0.5620	0.5625	0.0047	0.0003	0.0000	0.0006	0.0000	0.0123	-0.0001	-0.0012	5.0018	2.0703	1.7716	7.0012	0.0002	0.0002	0.0000	0.0002	0.0002	0.0000	0.0000	0.0000	0.0000	0.0022	0.0022	0.0000	0.0022	0.0022	0.0000	0.0000	0.0000	0.0000	0.0761	0.0658	0.0103	0.0037	0.0037	0.0001	0.0724	0.0622	0.0102	0.0839	0.0397	0.0442	0.0039	0.0039	0.0000	0.0800	0.0358	0.0442	0.1087	0.0602	0.0000	0.1042	0.1062	0.0000	0.0000	0.0000	0.0000	0.0265	0.0553	0.0006	0.5620	0.5625	0.0047	0.0003	0.0000	0.0006
43	62	0.0183	3	1	0	1	0	0	0	0	0	N	N	N	N	N	N	N	N	N	N	N	N	3.4537	5.0581	1.7212	18.0281	18.4861	0.0000	0.4259	0.0000	1.7314	0.0773	0.0819	0.0481	2.1897	2.2455	0.0000	0.0068	0.0000	0.0484	0.0224	0.0162	0.0279	0.1215	0.1215	0.0669	0.0159	0.0005	0.0279	0.0926	1.9232	-0.0008	0.0000	5.0018	0.9285	1.7716	0.0280	0.0026	0.0024	0.0002	0.0024	0.0024	0.0000	0.0002	0.0000	0.0002	0.0002	0.0001	0.0001	0.0001	0.0001	0.0000	0.0001	0.0000	0.0001	0.0334	0.0288	0.0045	0.0011	0.0011	0.0000	0.0323	0.0278	0.0045	0.0095	0.0045	0.0050	0.0006	0.0006	0.0000	0.0089	0.0039	0.0050	3.4537	5.0581	1.7212	18.0281	18.4861	0.0000	0.4259	0.0000	1.7314	0.0224	0.0162	0.0279	0.1215	0.1215	0.0669	0.0159	0.0005	0.0279
43	63	0.1045	8	2	1	1	0	0	0	0	0	Y	N	N	N	N	N	N	N	N	N	N	N	123.0861	82.8532	0.2875	110.4554	114.3893	0.2809	125.6727	75.5980	0.2662	0.0411	0.0472	0.0000	0.0415	0.0442	0.0000	0.0411	0.0478	0.0000	0.0003	0.0006	0.0000	0.0004	0.0004	0.0000	0.0003	0.0006	0.0000	0.0000	0.0142	-0.0006	-0.0000	5.0018	1.0023	1.7716	3.0135	0.0015	0.0015	0.0000	0.0002	0.0002	0.0000	0.0012	0.0012	0.0000	0.0000	0.0000	0.0000	0.0000	0.0000	0.0000	0.0000	0.0000	0.0000	0.0354	0.0309	0.0046	0.0053	0.0050	0.0003	0.0301	0.0259	0.0043	0.0355	0.0205	0.0150	0.0054	0.0052	0.0002	0.0301	0.0153	0.0148	123.0861	82.8532	0.2875	110.4554	114.3893	0.2809	125.6727	75.5980	0.2662	0.0003	0.0006	0.0000	0.0004	0.0004	0.0000	0.0003	0.0006	0.0000
43	64	0.0781	7	2	1	1	0	0	0	0	0	Y	N	N	N	N	N	N	N	N	N	N	N	249328.6111	300422.7664	359.4480	120234.3589	120806.1372	inf	293978.1931	476579.3054	374.1244	7.6710	8.7425	0.0118	7.7385	8.0668	0.0029	7.6550	8.9220	0.0124	0.0000	0.0000	0.0000	0.0001	0.0001	0.0000	0.0000	0.0000	0.0000	0.0002	0.9209	-0.3782	-0.0000	5.0018	3.0820	1.7716	9.3392	0.9930	0.9928	0.0002	0.1922	0.1922	0.0000	0.8008	0.8006	0.0002	0.0000	0.0000	0.0000	0.0000	0.0000	0.0000	0.0000	0.0000	0.0000	0.1295	0.1136	0.0159	0.0248	0.0238	0.0010	0.1046	0.0897	0.0149	0.1021	0.0562	0.0459	0.0126	0.0121	0.0005	0.0895	0.0440	0.0454	249328.6111	300422.7664	359.4480	120234.3589	120806.1372	inf	293978.1931	476579.3054	374.1244	0.0000	0.0000	0.0000	0.0001	0.0001	0.0000	0.0000	0.0000	0.0000
43	65	0.0816	8	1	1	1	0	0	0	0	0	N	N	N	N	N	N	N	N	N	N	N	N	550.9866	363.3492	0.5175	677.4156	674.0908	0.0000	816.0105	inf	1.8825	0.0512	0.0586	0.0000	0.3547	0.3710	0.0000	0.0002	0.0002	0.0000	0.0001	0.0002	0.0000	0.0005	0.0006	0.0000	0.0000	0.0000	0.0000	0.0000	0.0070	-0.0013	-0.0000	5.0018	1.7946	1.7716	5.9592	0.0033	0.0033	0.0000	0.0033	0.0033	0.0000	0.0000	0.0000	0.0000	0.0000	0.0000	0.0000	0.0000	0.0000	0.0000	0.0000	0.0000	0.0000	0.0643	0.0561	0.0081	0.0092	0.0088	0.0004	0.0550	0.0473	0.0077	0.0664	0.0380	0.0284	0.0118	0.0111	0.0006	0.0547	0.0269	0.0278	550.9866	363.3492	0.5175	677.4156	674.0908	0.0000	816.0105	inf	1.8825	0.0001	0.0002	0.0000	0.0005	0.0006	0.0000	0.0000	0.0000	0.0000
43	66	0.0748	7	1	1	1	0	0	0	0	0	N	N	N	N	N	N	N	N	N	N	N	N	373.2757	123.4315	3831.7051	12.1278	11.9325	0.0000	507.6283	160.8651	3955.1695	0.1073	0.0519	0.4871	0.0060	0.0062	0.0000	0.1261	0.0615	0.5104	0.0003	0.0004	0.0001	0.0005	0.0005	0.0000	0.0002	0.0004	0.0001	1.3683	0.2510	0.0011	-0.0000	5.0018	1.3569	1.7716	2.0560	0.0057	0.0024	0.0033	0.0000	0.0000	0.0000	0.0056	0.0023	0.0033	0.0000	0.0000	0.0000	0.0000	0.0000	0.0000	0.0000	0.0000	0.0000	0.0527	0.0460	0.0067	0.0083	0.0080	0.0003	0.0445	0.0381	0.0064	0.0293	0.0160	0.0133	0.0046	0.0044	0.0003	0.0247	0.0117	0.0130	373.2757	123.4315	3831.7051	12.1278	11.9325	0.0000	507.6283	160.8651	3955.1695	0.0003	0.0004	0.0001	0.0005	0.0005	0.0000	0.0002	0.0004	0.0001
43	67	0.0614	6	1	1	1	0	0	0	0	0	N	N	N	N	N	N	N	N	N	N	N	N	17675.1361	11718.5142	47.3384	37.2948	39.4139	153788.1188	157120.8501	49.6495	5.5387	6.3944	0.0017	0.0490	0.0531	0.0000	6.1457	7.1460	0.0018	0.0003	0.0005	0.0000	0.0013	0.0013	0.0000	0.0000	0.0000	0.0000	0.0000	0.0542	-0.3766	-0.0000	5.0018	4.9477	1.7716	2.0153	0.9884	0.9884	0.0000	0.0009	0.0009	0.0000	0.9876	0.9875	0.0000	0.0000	0.0000	0.0000	0.0000	0.0000	0.0000	0.0000	0.0000	0.0000	0.1785	0.1546	0.0239	0.0178	0.0164	0.0014	0.1607	0.1382	0.0225	0.0731	0.0398	0.0333	0.0157	0.0153	0.0004	0.0574	0.0245	0.0329	17675.1361	11718.5142	47.3384	37.2948	39.4139	0.0000	153788.1188	157120.8501	49.6495	0.0003	0.0005	0.0000	0.0013	0.0013	0.0000	0.0000	0.0000	0.0000	
43	68	0.1897	16	1	0	2	0	0	0	0	0	N	N	Y	N	N	N	N	N	N	N	N	N	0.0000	0.0000	0.0000	0.0000	0.0000	0.0000	0.0000	0.0000	0.0000	0.0000	0.0000	0.0000	0.0000	0.0000	0.0000	0.0000	0.0000	0.0000	0.0000	-0.0000	5.0018	0.0000	1.7716	4.0001	0.0000	0.0000	0.0000	0.0000	0.0000	0.0000	0.0000	0.0000	0.0000	0.0000	0.0000	0.0000	0.0000	0.0000	0.0000	0.0000	0.0000	0.0000	0.0000	0.0000	0.0000	0.0000	0.0000	0.0000	0.0000	0.0000	0.0000	0.0317	0.0187	0.0130	0.0072	0.0064	0.0008	0.0245	0.0123	0.0122	0.0000	0.0000	0.0000	0.0000	0.0000	0.0000	0.0000	0.0000	0.0000	0.0000	0.0000	0.0000	0.0000	0.0000	0.0000	0.0000	0.0000	0.0000											
43	69	0.1675	15	1	0	1	0	0	0	0	0	N	N	N	N	N	N	N	N	N	N	N	N	122.3874	0.0042	42575.5403	29.6312	0.0015	13622.2240	10905.4394	1.5660	49184.1610	6.4099	0.0004	53.9333	6.1275	0.0003	145.3241	6.5030	0.0004	45.1220	0.0524	0.0875	0.0013	0.2068	0.2189	0.0107	0.0006	0.0002	0.0009	19845.4142	0.0099	0.5070	-0.0032	5.0018	2.8240	1.7716	8.9883	0.8192	0.0000	0.8191	0.1941	0.0000	0.1941	0.6251	0.0000	0.6251	0.0059	0.0059	0.0001	0.0059	0.0059	0.0000	0.0001	0.0000	0.0000	0.1278	0.1126	0.0152	0.0317	0.0303	0.0013	0.0961	0.0823	0.0139	0.1136	0.0673	0.0462	0.0285	0.0269	0.0017	0.0851	0.0405	0.0446	122.3874	0.0042	42575.5403	29.6312	0.0015	13622.2240	10905.4394	1.5660	49184.1610	0.0524	0.0875	0.0013	0.2068	0.2189	0.0107	0.0006	0.0002	0.0009
43	70	0.1585	14	1	0	1	0	0	0	0	0	N	N	N	N	N	N	N	N	N	N	N	N	13.7578	5.5918	276.3656	0.1160	0.1065	374.7394	164.3671	6776.2345	282.4508	7.3771	4.3801	27.2687	0.1816	0.1724	0.3847	8.6596	5.2208	28.6890	0.5362	0.7833	0.0987	1.5664	1.6192	0.0010	0.0527	0.0008	0.1016	0.9379	0.0711	0.0389	-0.0167	5.0018	1.4521	1.7716	3.5882	0.3782	0.1952	0.1831	0.0014	0.0013	0.0001	0.3768	0.1939	0.1829	0.0350	0.0327	0.0023	0.0327	0.0327	0.0000	0.0023	0.0000	0.0023	0.0513	0.0446	0.0067	0.0078	0.0074	0.0003	0.0435	0.0371	0.0064	0.0653	0.0417	0.0236	0.0209	0.0202	0.0007	0.0445	0.0216	0.0229	13.7578	5.5918	276.3656	0.1160	0.1065	374.7394	164.3671	6776.2345	282.4508	0.5362	0.7833	0.0987	1.5664	1.6192	0.0010	0.0527	0.0008	0.1016
43	71	0.1558	13	1	0	1	0	0	0	0	0	N	N	N	N	N	N	N	N	N	N	N	N	32.0027	0.0335	234.3961	0.0165	0.0147	9.0399	72.3881	11.7695	238.7818	19.9151	0.0204	152.3426	0.0181	0.0165	0.0669	24.9330	0.0215	159.7744	0.6223	0.6085	0.6499	1.0929	1.1218	0.0074	0.3444	0.0018	0.6691	1121.8587	0.5319	0.6016	-0.0046	5.0018	1.1783	1.7716	0.9542	0.9734	0.0009	0.9726	0.0002	0.0002	0.0000	0.9733	0.0007	0.9725	0.0233	0.0152	0.0081	0.0152	0.0152	0.0000	0.0081	0.0000	0.0081	0.0489	0.0425	0.0064	0.0098	0.0095	0.0003	0.0390	0.0329	0.0061	0.0375	0.0250	0.0125	0.0139	0.0136	0.0004	0.0236	0.0115	0.0121	32.0027	0.0335	234.3961	0.0165	0.0147	9.0399	72.3881	11.7695	238.7818	0.6223	0.6085	0.6499	1.0929	1.1218	0.0074	0.3444	0.0018	0.6691
43	72	0.1512	12	1	0	1	0	0	0	0	0	N	N	N	N	N	N	N	N	N	N	N	N	0.7213	0.0049	4.3476	0.0038	0.0039	0.0000	1.2522	1.0219	4.4347	0.2908	0.0017	2.2125	0.0026	0.0027	0.0000	0.3431	0.0015	2.3403	0.4031	0.3427	0.5089	0.6732	0.7013	0.0007	0.2740	0.0015	0.5277	196.2982	0.8473	0.0132	-0.0015	5.0018	2.0762	1.7716	1.4610	0.0216	0.0001	0.0215	0.0000	0.0000	0.0000	0.0216	0.0001	0.0215	0.0183	0.0099	0.0084	0.0099	0.0099	0.0000	0.0084	0.0000	0.0084	0.0742	0.0645	0.0097	0.0114	0.0109	0.0005	0.0628	0.0536	0.0092	0.0455	0.0289	0.0165	0.0147	0.0141	0.0006	0.0308	0.0148	0.0159	0.7213	0.0049	4.3476	0.0038	0.0039	0.0000	1.2522	1.0219	4.4347	0.4031	0.3427	0.5089	0.6732	0.7013	0.0007	0.2740	0.0015	0.5277
43	73	0.0870	8	1	0	1	0	0	0	0	0	N	N	N	N	N	N	N	N	N	N	N	N	16765.8407	10458.0326	0.0000	3089.9709	3049.4001	85914.3230	49588.4627	0.0000	6.1941	7.0692	0.0000	7.1948	7.4825	0.0000	5.9881	6.9739	0.0000	0.0004	0.0007	0.0000	0.0023	0.0025	0.0000	0.0001	0.0001	0.0000	0.0000	0.0044	-0.3805	-0.0000	5.0018	4.0673	1.7716	17.8409	0.9986	0.9986	0.0000	0.1980	0.1980	0.0000	0.8006	0.8006	0.0000	0.0001	0.0001	0.0000	0.0001	0.0001	0.0000	0.0000	0.0000	0.0000	0.1612	0.1413	0.0200	0.0275	0.0265	0.0011	0.1337	0.1148	0.0189	0.1681	0.0915	0.0766	0.0223	0.0212	0.0011	0.1458	0.0703	0.0755	16765.8407	10458.0326	0.0000	3089.9709	3049.4001	0.0000	85914.3230	49588.4627	0.0000	0.0004	0.0007	0.0000	0.0023	0.0025	0.0000	0.0001	0.0001	0.0000	
43	75	0.2237	12	1	0	1	0	0	0	0	0	N	N	N	N	N	N	N	N	N	N	N	N	1.4429	0.6033	4.9478	44.0751	8.5453	5495.3154	0.8321	0.0002	3.8350	0.4666	0.0309	3.9464	0.4424	0.0916	8.0791	0.4776	0.0000	3.3624	0.3234	0.0513	0.7976	0.0100	0.0107	0.0015	0.5740	0.1258	0.8768	15.9648	8.9213	0.0528	0.0841	5.0018	3.5843	1.7716	46.7516	0.0943	0.0056	0.0888	0.0281	0.0056	0.0225	0.0663	0.0000	0.0663	0.2359	0.0238	0.2122	0.0033	0.0032	0.0000	0.2327	0.0206	0.2121	0.2021	0.1797	0.0225	0.0634	0.0606	0.0028	0.1387	0.1190	0.0197	0.7296	0.4636	0.2660	0.3243	0.3002	0.0241	0.4054	0.1634	0.2419	1.4429	0.6033	4.9478	44.0751	8.5453	5495.3154	0.8321	0.0002	3.8350	0.3234	0.0513	0.7976	0.0100	0.0107	0.0015	0.5740	0.1258	0.8768
43	76	0.0471	6	2	1	2	0	0	0	0	0	Y	N	Y	N	N	N	N	N	N	N	N	N	0.0000	0.0000	0.0000	0.0000	0.0000	0.0000	0.0000	0.0000	0.0000	0.0000	0.0000	0.0000	0.0000	0.0000	0.0000	0.0000	0.0000	0.0000	0.0000	0.0000	0.0000	0.0000	inf	0.0000	0.0000	5.0018	1.0003	1.7716	1.0071	0.0000	0.0000	0.0000	0.0000	0.0000	0.0000	0.0000	0.0000	0.0000	0.0000	0.0000	0.0000	0.0000	0.0000	0.0000	0.0000	0.0000	0.0000	0.0342	0.0296	0.0046	0.0019	0.0018	0.0001	0.0323	0.0278	0.0046	0.0186	0.0091	0.0095	0.0026	0.0024	0.0002	0.0161	0.0068	0.0093	0.0000	0.0000	0.0000	0.0000	0.0000	0.0000	0.0000	0.0000	0.0000	0.0000	0.0000	0.0000	0.0000	0.0000	0.0000	0.0000	0.0000	0.0000						
43	77	0.0404	5	2	0	2	0	0	0	0	0	Y	N	Y	N	N	N	N	N	N	N	N	N	3.7182	0.0000	13.4783	30.8715	0.0000	1322.5803	2.0213	6.8111	0.0006	0.0000	0.0043	0.0050	0.0000	0.1358	0.0003	0.0000	0.0022	0.0002	0.0001	0.0003	0.0002	0.0002	0.0001	0.0002	0.0000	0.0003	inf	1.7442	0.0000	0.0000	5.0018	0.9901	1.7716	2.2068	0.0000	0.0000	0.0000	0.0000	0.0000	0.0000	0.0000	0.0000	0.0000	0.0000	0.0000	0.0000	0.0000	0.0000	0.0000	0.0000	0.0000	0.0000	0.0344	0.0298	0.0046	0.0020	0.0019	0.0001	0.0324	0.0278	0.0046	0.0800	0.0551	0.0249	0.0280	0.0278	0.0002	0.0520	0.0273	0.0247	3.7182	0.0000	13.4783	30.8715	0.0000	1322.5803	2.0213	0.0000	6.8111	0.0002	0.0001	0.0003	0.0002	0.0002	0.0001	0.0002	0.0000	0.0003	
43	78	0.1045	9	1	1	1	0	0	0	0	0	N	N	N	N	N	N	N	N	N	N	N	N	11.7494	827.0496	0.0000	1343.0391	1392.0732	0.0000	4.1027	942.4581	0.0000	2.9641	3.3792	0.0000	11.5419	12.1119	0.0000	1.3166	1.5264	0.0000	0.2523	0.0041	0.6198	0.0086	0.0087	0.0067	0.3209	0.0016	0.6384	0.0000	102.4353	-0.3741	0.0249	5.0018	8.4371	1.7716	15.3349	0.9818	0.9818	0.0000	0.6159	0.6159	0.0000	0.3658	0.3658	0.0000	0.0556	0.0005	0.0550	0.0004	0.0004	0.0000	0.0551	0.0001	0.0550	0.3312	0.2905	0.0407	0.0534	0.0509	0.0025	0.2779	0.2397	0.0382	0.2202	0.1314	0.0888	0.0484	0.0458	0.0026	0.1718	0.0857	0.0861	11.7494	827.0496	0.0000	1343.0391	1392.0732	0.0000	4.1027	942.4581	0.0000	0.2523	0.0041	0.6198	0.0086	0.0087	0.0067	0.3209	0.0016	0.6384
43	79	0.0404	5	2	0	2	0	0	0	0	0	Y	N	Y	N	N	N	N	N	N	N	N	N	21.9664	15.4365	0.0000	14433.0434	14801.1479	0.0000	0.0002	0.0001	0.0000	9.7250	11.2443	0.0000	183.7327	191.5568	0.0000	0.0001	0.0001	0.0000	0.4427	0.7284	0.0012	0.0127	0.0129	0.0000	0.5843	1.2677	0.0012	0.0000	0.0010	-0.3797	-0.0304	5.0018	3.0096	1.7716	5.7427	0.9963	0.9963	0.0000	0.9963	0.9963	0.0000	0.0000	0.0000	0.0000	0.0560	0.0560	0.0001	0.0004	0.0004	0.0000	0.0556	0.0556	0.0001	0.1024	0.0886	0.0138	0.0054	0.0052	0.0002	0.0970	0.0834	0.0136	0.1265	0.0768	0.0497	0.0313	0.0308	0.0005	0.0952	0.0460	0.0492	21.9664	15.4365	0.0000	14433.0434	14801.1479	0.0000	0.0002	0.0001	0.0000	0.4427	0.7284	0.0012	0.0127	0.0129	0.0000	0.5843	1.2080	0.0012
43	80	0.0248	4	2	0	2	0	0	0	0	0	Y	N	Y	N	N	N	N	N	N	N	N	N	4.5712	2.4009	19.6029	0.0084	0.0056	714.1836	9.9439	5599.8922	19.8040	0.8226	0.4720	3.1991	0.0071	0.0048	0.1316	0.9157	0.5330	3.2441	0.1799	0.1966	0.1632	0.8469	0.8607	0.0002	0.0921	0.0001	0.1638	0.9999	0.8247	0.0040	-0.0012	5.0018	1.0477	1.7716	6.1154	0.0335	0.0168	0.0168	0.0000	0.0000	0.0000	0.0335	0.0167	0.0167	0.0136	0.0074	0.0061	0.0074	0.0074	0.0000	0.0061	0.0000	0.0061	0.0407	0.0355	0.0052	0.0042	0.0041	0.0001	0.0366	0.0314	0.0052	0.0754	0.0378	0.0376	0.0088	0.0086	0.0001	0.0666	0.0292	0.0374	4.5712	2.4009	19.6029	0.0084	0.0056	714.1836	9.9439	5599.8922	19.8040	0.1799	0.1966	0.1632	0.8469	0.8607	0.0002	0.0921	0.0001	0.1638
43	81	0.0183	3	1	0	1	0	0	0	0	0	N	N	N	N	N	N	N	N	N	N	N	N	1688.0144	764.5103	8221.7690	0.1047	0.1078	0.0000	4144.2294	350570.3954	8271.1425	28.0020	16.2592	102.2792	0.0217	0.0224	0.0000	28.7898	16.7747	102.8916	0.0166	0.0213	0.0124	0.2078	0.2078	0.0214	0.0069	0.0000	0.0124	0.9945	0.6597	0.2304	-0.0001	5.0018	1.9794	1.7716	1.0196	1.9599	0.9827	0.9773	0.0000	0.0000	0.0000	1.9599	0.9826	0.9773	0.0005	0.0003	0.0002	0.0003	0.0003	0.0000	0.0002	0.0000	0.0002	0.0700	0.0604	0.0096	0.0019	0.0019	0.0001	0.0681	0.0586	0.0095	0.0287	0.0135	0.0152	0.0014	0.0014	0.0000	0.0273	0.0121	0.0152	1688.0144	764.5103	8221.7690	0.1047	0.1078	0.0000	4144.2294	350570.3954	8271.1425	0.0166	0.0213	0.0124	0.2078	0.2078	0.0214	0.0069	0.0000	0.0124
43	82	0.0161	2	1	0	1	0	0	0	0	0	N	N	N	N	N	N	N	N	N	N	N	N	0.5380	0.1531	42.0698	5.5867	5.6884	0.0000	9.3662	829.2016	42.1233	0.1277	0.0737	0.4637	6.7747	6.8983	0.0000	0.0662	0.0016	0.4643	0.2373	0.4813	0.0110	1.2127	1.2127	0.0705	0.0071	0.0000	0.0110	1.0118	0.0247	0.0006	-0.0018	5.0018	1.0114	1.7716	0.0202	0.0046	0.0023	0.0023	0.0022	0.0022	0.0000	0.0024	0.0000	0.0023	0.0035	0.0034	0.0001	0.0034	0.0034	0.0000	0.0001	0.0000	0.0001	0.0359	0.0310	0.0050	0.0003	0.0003	0.0000	0.0356	0.0306	0.0050	0.0147	0.0071	0.0076	0.0028	0.0028	0.0000	0.0119	0.0043	0.0076	0.5380	0.1531	42.0698	5.5867	5.6884	0.0000	9.3662	829.2016	42.1233	0.2373	0.4813	0.0110	1.2127	1.2127	0.0705	0.0071	0.0000	0.0110
43	84	0.1244	11	1	1	1	0	0	0	0	0	N	N	N	N	N	N	N	N	N	N	N	N	59.6240	0.0023	25378.1789	5.9767	0.0011	37385.8870	6431.9463	3.3326	25144.0935	0.0815	0.0000	0.6290	0.0341	0.0000	0.5004	0.0880	0.0000	0.6376	0.0014	0.0023	0.0000	0.0057	0.0062	0.0000	0.0000	0.0000	0.0000	17538.0804	0.0075	0.0126	-0.0002	5.0018	7.1084	1.7716	28.8937	0.0204	0.0000	0.0204	0.0010	0.0000	0.0010	0.0194	0.0000	0.0194	0.0004	0.0004	0.0000	0.0004	0.0004	0.0000	0.0000	0.0000	0.0000	0.2499	0.2175	0.0324	0.0299	0.0278	0.0020	0.2201	0.1897	0.0304	0.3077	0.1821	0.1256	0.0732	0.0672	0.0060	0.2345	0.1150	0.1196	59.6240	0.0023	25378.1789	5.9767	0.0011	37385.8870	6431.9463	3.3326	25144.0935	0.0014	0.0023	0.0000	0.0057	0.0062	0.0000	0.0000	0.0000	0.0000
43	85	0.1169	10	1	1	1	0	0	0	0	0	N	N	N	N	N	N	N	N	N	N	N	N	86.2795	4.9103	5829.6828	7.4661	6.7670	574.9939	1770.8098	11.2209	7013.4809	1.7374	0.1436	14.1455	0.4287	0.4033	0.7921	2.3906	0.0030	17.2998	0.0201	0.0292	0.0024	0.0574	0.0596	0.0014	0.0014	0.0003	0.0025	12.6541	0.0427	0.1218	-0.0010	5.0018	2.2208	1.7716	3.9129	0.2231	0.0163	0.2068	0.0183	0.0161	0.0022	0.2048	0.0002	0.2046	0.0019	0.0018	0.0001	0.0018	0.0018	0.0000	0.0001	0.0000	0.0001	0.1284	0.1138	0.0146	0.0428	0.0400	0.0028	0.0857	0.0738	0.0118	0.0940	0.0621	0.0319	0.0315	0.0303	0.0012	0.0625	0.0318	0.0307	86.2795	4.9103	5829.6828	7.4661	6.7670	574.9939	1770.8098	11.2209	7013.4809	0.0201	0.0292	0.0024	0.0574	0.0596	0.0014	0.0014	0.0003	0.0025
43	86	0.1924	12	1	0	2	0	0	0	0	0	N	N	Y	N	N	N	N	N	N	N	N	N	11.3635	8.8645	0.0001	21.0114	20.4321	0.0000	0.0001	0.0036	0.0001	0.0200	0.0227	0.0000	0.1232	0.1296	0.0000	0.0000	0.0000	0.0000	0.0018	0.0026	0.0006	0.0059	0.0063	0.0006	0.0003	0.0000	0.0006	0.0000	0.1584	-0.0016	-0.0001	5.0018	5.3425	1.7716	7.0749	0.0041	0.0041	0.0000	0.0041	0.0041	0.0000	0.0000	0.0000	0.0000	0.0002	0.0002	0.0000	0.0002	0.0002	0.0000	0.0000	0.0000	0.0000	0.2069	0.1820	0.0249	0.0335	0.0319	0.0016	0.1734	0.1501	0.0232	0.1098	0.0650	0.0447	0.0286	0.0262	0.0024	0.0811	0.0388	0.0423	11.3635	8.8645	0.0001	21.0114	20.4321	0.0000	0.0001	0.0036	0.0001	0.0018	0.0026	0.0006	0.0059	0.0063	0.0006	0.0003	0.0000	0.0006
43	87	0.1492	11	1	0	1	0	0	0	0	0	N	N	N	N	N	N	N	N	N	N	N	N	50.0100	46.0579	0.7700	88.9604	89.3543	1.7137	0.2390	0.9609	0.8319	2.4747	2.8126	0.0231	10.2351	11.0915	0.0039	0.0040	0.0005	0.0266	0.0495	0.0611	0.0300	0.1151	0.1241	0.0023	0.0169	0.0005	0.0320	0.0011	0.2921	-0.2915	-0.0039	5.0018	7.0719	1.7716	13.7350	0.7672	0.7663	0.0009	0.7662	0.7662	0.0000	0.0010	0.0001	0.0008	0.0123	0.0096	0.0028	0.0095	0.0095	0.0000	0.0028	0.0000	0.0028	0.3100	0.2725	0.0376	0.0749	0.0691	0.0058	0.2352	0.2034	0.0318	0.2495	0.1564	0.0930	0.0828	0.0766	0.0062	0.1667	0.0798	0.0868	50.0100	46.0579	0.7700	88.9604	89.3543	1.7137	0.2390	0.9609	0.8319	0.0495	0.0611	0.0300	0.1151	0.1241	0.0023	0.0169	0.0005	0.0320
43	88	0.0918	9	2	0	2	0	0	0	0	0	Y	N	Y	N	N	N	N	N	N	N	N	N	0.0000	0.0000	0.0000	0.0000	0.0000	0.0000	0.0000	0.0000	0.0000	0.0000	0.0000	0.0000	0.0000	0.0000	0.0000	0.0000	0.0000	0.0000	0.0000	0.0000	5.0018	0.0000	1.7716	0.0000	0.0000	0.0000	0.0000	0.0000	0.0000	0.0000	0.0000	0.0000	0.0000	0.0000	0.0000	0.0000	0.0000	0.0000	0.0000	0.0000	0.0000	0.0000	0.0000	0.0000	0.0000	0.0000	0.0000	0.0000	0.0000	0.0000	0.0000	0.0000	0.0000	0.0000	0.0000	0.0000	0.0000	0.0000	0.0000	0.0000	0.0000	0.0000	0.0000	0.0000	0.0000	0.0000	0.0000	0.0000	0.0000	0.0000	0.0000	0.0000	0.0000	0.0000	0.0000	0.0000	0.0000	0.0000											
43	89	0.0899	8	2	0	2	0	0	0	0	0	Y	N	Y	N	N	N	N	N	N	N	N	N	2.9973	372.2836	2.3488	398.4916	395.0342	0.8256	2.3859	0.0201	0.0170	0.0456	0.0402	0.0405	0.0000	0.0078	0.0000	0.0470	0.0067	0.0000	0.0194	0.0001	0.0001	0.0000	0.0095	0.0000	0.0197	0.3204	222.1219	-0.0000	0.0000	5.0018	0.0001	1.7716	0.9161	0.0000	0.0000	0.0000	0.0000	0.0000	0.0000	0.0000	0.0000	0.0000	0.0001	0.0000	0.0001	0.0000	0.0000	0.0000	0.0001	0.0000	0.0001	0.0000	0.0000	0.0000	0.0000	0.0000	0.0000	0.0000	0.0000	0.0000	0.0135	0.0089	0.0046	0.0040	0.0040	0.0001	0.0095	0.0049	0.0046	2.9973	372.2836	2.3488	398.4916	395.0342	0.0000	0.8256	0.0000	2.3859	0.0067	0.0000	0.0194	0.0001	0.0001	0.0000	0.0095	0.0000	0.0197		
43	90	0.0651	7	2	0	2	0	0	0	0	0	Y	N	Y	N	N	N	N	N	N	N	N	N	0.0122	419.7410	0.0039	928.9818	959.5045	0.0000	0.0015	0.0000	0.0046	0.1132	0.1131	0.1140	0.7500	0.8004	0.0000	0.0168	0.0000	0.1218	9.2943	0.0003	29.4583	0.0008	0.0008	0.0000	11.4099	0.0000	26.6825	0.1481	61866.1903	-0.0040	0.4553	5.0018	3.7876	1.7716	7.8440	0.0158	0.0137	0.0020	0.0137	0.0137	0.0000	0.0020	0.0000	0.0020	0.9963	0.0000	0.9963	0.0000	0.0000	0.0000	0.9963	0.0000	0.9963	0.1394	0.1215	0.0179	0.0183	0.0172	0.0012	0.1211	0.1044	0.0167	0.1072	0.0598	0.0474	0.0199	0.0192	0.0007	0.0873	0.0406	0.0468	0.0122	419.7410	0.0054	928.9818	959.5045	0.0000	0.0015	0.0000	0.0057	9.2943	0.0003	21.0026	0.0008	0.0008	0.0000	11.4099	0.0000	21.3037
43	91	0.0975	9	1	1	1	1	0	0	0	0	N	N	N	N	N	N	N	N	N	N	N	N	27.4915	0.0448	62416.9748	6.0309	3.3233	4197.3386	28.5852	0.0007	64926.4061	9.4868	0.0274	79.5216	0.1936	0.1113	3.2587	12.0801	0.0007	83.3603	0.3451	0.6110	0.0013	0.0321	0.0335	0.0008	0.4226	0.9450	0.0013	392.2540	0.0016	0.4990	-0.0301	5.0018	1.8247	1.7716	16.3284	0.8096	0.0021	0.8075	0.0036	0.0020	0.0016	0.8060	0.0000	0.8059	0.0556	0.0555	0.0001	0.0010	0.0010	0.0000	0.0546	0.0545	0.0001	0.0853	0.0752	0.0102	0.0186	0.0181	0.0005	0.0667	0.0571	0.0097	0.1611	0.0908	0.0702	0.0320	0.0306	0.0014	0.1291	0.0602	0.0689	27.4915	0.0448	62416.9748	6.0309	3.3233	4197.3386	28.5852	0.0008	64926.4061	0.3451	0.6110	0.0013	0.0321	0.0335	0.0008	0.4226	0.9046	0.0013
43	92	0.0870	8	1	1	1	0	0	0	0	0	N	N	N	N	N	N	N	N	N	N	N	N	9480.8800	6043.3630	0.5359	51755.8911	51594.6304	inf	0.0050	0.0006	0.5389	0.6071	0.6953	0.0000	4.2389	4.4579	0.0000	0.0000	0.0000	0.0000	0.0001	0.0001	0.0000	0.0001	0.0001	0.0000	0.0001	0.0001	0.0000	0.0000	0.0230	-0.0755	-0.0000	5.0018	9.1310	1.7716	16.1726	0.1980	0.1980	0.0000	0.1980	0.1980	0.0000	0.0000	0.0000	0.0000	0.0000	0.0000	0.0000	0.0000	0.0000	0.0000	0.0000	0.0000	0.0000	0.3262	0.2848	0.0414	0.0467	0.0444	0.0023	0.2795	0.2404	0.0391	0.1907	0.1037	0.0870	0.0250	0.0237	0.0013	0.1657	0.0800	0.0857	9480.8800	6043.3630	0.5359	51755.8911	51594.6304	inf	0.0050	0.0006	0.5389	0.0001	0.0001	0.0000	0.0001	0.0001	0.0000	0.0001	0.0001	0.0000
43	93	0.1719	14	1	1	1	0	0	0	0	0	N	N	N	N	N	N	N	N	N	N	N	N	0.1860	12.4618	0.0000	35.6033	50.8076	0.0000	0.0000	0.0000	0.0000	0.0105	0.0120	0.0000	0.0780	0.0813	0.0000	0.0000	0.0000	0.0000	0.0562	0.0010	0.1416	0.0022	0.0016	0.0078	0.0802	0.0004	0.1523	0.0000	94.8854	-0.0006	0.0032	5.0018	4.0959	1.7716	8.7137	0.0016	0.0016	0.0000	0.0016	0.0016	0.0000	0.0000	0.0000	0.0000	0.0073	0.0001	0.0072	0.0001	0.0001	0.0000	0.0072	0.0000	0.0071	0.1501	0.1305	0.0196	0.0201	0.0193	0.0008	0.1300	0.1112	0.0188	0.1291	0.0784	0.0507	0.0397	0.0360	0.0038	0.0893	0.0424	0.0469	0.1860	12.4618	0.0000	35.6033	50.8076	0.0000	0.0000	0.0000	0.0000	0.0562	0.0010	0.1416	0.0022	0.0016	0.0078	0.0802	0.0004	0.1523
43	94	0.1537	13	1	1	1	0	0	0	0	0	N	N	N	N	N	N	N	N	N	N	N	N	66.6545	74.8304	0.0004	166.0114	159.3093	0.0000	0.0047	0.8386	0.0004	8.7319	10.0724	0.0000	48.6530	50.4119	0.0000	0.0003	0.0004	0.0000	0.1310	0.1346	0.1256	0.2931	0.3164	0.0003	0.0692	0.0005	0.1323	0.0000	0.6170	-0.3801	-0.0017	5.0018	2.9443	1.7716	6.1524	0.9976	0.9976	0.0000	0.9976	0.9976	0.0000	0.0000	0.0000	0.0000	0.0107	0.0066	0.0041	0.0066	0.0066	0.0000	0.0041	0.0000	0.0041	0.1142	0.0990	0.0152	0.0205	0.0198	0.0007	0.0937	0.0793	0.0145	0.0819	0.0493	0.0326	0.0226	0.0209	0.0017	0.0593	0.0284	0.0309	66.6545	74.8304	0.0004	166.0114	159.3093	0.0000	0.0047	0.8386	0.0004	0.1310	0.1346	0.1256	0.2931	0.3164	0.0003	0.0692	0.0005	0.1323
43	95	0.1512	12	1	0	1	0	0	0	0	0	N	N	N	N	N	N	N	N	N	N	N	N	0.0689	0.0924	0.1250	0.2426	0.2456	0.0000	0.0375	0.0000	0.1285	0.0274	0.0158	0.1050	0.0754	0.0786	0.0000	0.0167	0.0000	0.1112	0.3975	0.1705	0.8396	0.3109	0.3200	0.0015	0.4462	0.0023	0.8658	1.0001	2.5284	0.0001	0.0024	5.0018	0.8596	1.7716	1.2300	0.0009	0.0004	0.0004	0.0004	0.0004	0.0000	0.0004	0.0000	0.0004	0.0136	0.0038	0.0097	0.0038	0.0038	0.0000	0.0097	0.0000	0.0097	0.0328	0.0285	0.0043	0.0060	0.0057	0.0002	0.0268	0.0228	0.0040	0.0341	0.0225	0.0116	0.0123	0.0119	0.0004	0.0218	0.0106	0.0112	0.0689	0.0924	0.1250	0.2426	0.2456	0.0000	0.0375	0.0000	0.1285	0.3975	0.1705	0.8396	0.3109	0.3200	0.0015	0.4462	0.0023	0.8658
43	96	0.1393	11	1	0	1	0	0	0	0	0	N	N	N	N	N	N	N	N	N	N	N	N	3.5193	0.0154	17.9224	0.0268	0.0271	0.0000	4.9878	0.0000	19.4762	0.9546	0.0024	8.2965	0.0079	0.0083	0.0000	1.2954	0.0000	9.3308	0.2713	0.1540	0.4629	0.2956	0.3077	0.0070	0.2597	0.0014	0.4791	453.5380	1.8394	0.1070	0.0022	5.0018	3.7737	1.7716	2.5241	0.1736	0.0004	0.1732	0.0004	0.0004	0.0000	0.1732	0.0000	0.1732	0.0215	0.0076	0.0139	0.0075	0.0075	0.0000	0.0139	0.0000	0.0139	0.1818	0.1609	0.0209	0.0481	0.0458	0.0023	0.1337	0.1151	0.0186	0.0791	0.0491	0.0300	0.0255	0.0244	0.0010	0.0536	0.0246	0.0290	3.5193	0.0154	17.9224	0.0268	0.0271	0.0000	4.9878	0.0000	19.4762	0.2713	0.1540	0.4629	0.2956	0.3077	0.0070	0.2597	0.0014	0.4791
43	97	0.1185	10	1	0	1	0	0	0	0	0	N	N	N	N	N	N	N	N	N	N	N	N	9.6873	1.6423	31.5039	4.4050	4.6468	0.0000	8.7981	0.0214	32.3493	3.6478	0.0336	27.7909	0.2240	0.2369	0.0000	4.1602	0.0001	29.3981	0.3766	0.0204	0.8821	0.0508	0.0510	0.0485	0.4729	0.0027	0.9088	123.9247	30.3956	0.5086	0.0165	5.0018	6.4922	1.7716	4.5502	0.8325	0.0067	0.8259	0.0067	0.0067	0.0000	0.8259	0.0000	0.8259	0.0388	0.0012	0.0376	0.0012	0.0011	0.0001	0.0376	0.0001	0.0375	0.2282	0.1985	0.0297	0.0297	0.0281	0.0016	0.1985	0.1704	0.0281	0.1032	0.0605	0.0426	0.0235	0.0222	0.0013	0.0796	0.0383	0.0413	9.6873	1.6423	31.5039	4.4050	4.6468	0.0000	8.7981	0.0214	32.3493	0.3766	0.0204	0.8821	0.0508	0.0510	0.0485	0.4729	0.0027	0.9088
43	98	0.0651	7	1	1	1	0	0	0	0	0	N	N	N	N	N	N	N	N	N	N	N	N	1658.3261	1046.7313	47.3612	2.3691	2.4294	0.0000	3049024.4766	inf	52.9680	17.1678	19.5070	0.0006	0.1374	0.1461	0.0000	22.2245	25.7764	0.0007	0.0104	0.0186	0.0000	0.0580	0.0601	0.0000	0.0000	0.0000	0.0000	0.0000	0.0006	-0.3787	-0.0007	5.0018	1.3608	1.7716	12.1483	0.9938	0.9938	0.0000	0.0018	0.0018	0.0000	0.9920	0.9920	0.0000	0.0013	0.0013	0.0000	0.0013	0.0013	0.0000	0.0000	0.0000	0.0000	0.0579	0.0509	0.0069	0.0133	0.0125	0.0008	0.0446	0.0385	0.0062	0.1209	0.0671	0.0538	0.0216	0.0208	0.0008	0.0993	0.0463	0.0530	1658.3261	1046.7313	47.3612	2.3691	2.4294	0.0000	3049024.4766	inf	52.9680	0.0104	0.0186	0.0000	0.0580	0.0601	0.0000	0.0000	0.0000	0.0000
43	99	0.0614	6	1	0	1	0	0	0	0	0	N	N	N	N	N	N	N	N	N	N	N	N	7.5194	248.6587	0.0775	410.8732	444.0742	inf	2.7717	2510.7025	0.0854	0.2597	0.2992	0.0059	0.8649	0.9465	0.0005	0.1362	0.1581	0.0066	0.0345	0.0012	0.0762	0.0021	0.0021	0.0000	0.0491	0.0001	0.0769	0.0031	50.6390	-0.0064	0.0006	5.0018	1.5300	1.7716	0.7696	0.0168	0.0168	0.0001	0.0095	0.0095	0.0000	0.0073	0.0073	0.0001	0.0013	0.0000	0.0013	0.0000	0.0000	0.0000	0.0013	0.0000	0.0013	0.0648	0.0561	0.0087	0.0110	0.0100	0.0009	0.0538	0.0460	0.0078	0.0370	0.0205	0.0164	0.0115	0.0113	0.0001	0.0255	0.0092	0.0163	7.5194	248.6587	0.0775	410.8732	444.0742	inf	2.7717	2510.7025	0.0854	0.0345	0.0012	0.0762	0.0021	0.0021	0.0000	0.0491	0.0001	0.0769
43	100	0.0526	5	1	0	1	0	0	0	0	0	N	N	N	N	N	N	N	N	N	N	N	N	284.8737	850.0700	1.4297	2686.0245	2738.7857	65.8646	152.9652	96465.2219	1.4270	0.1391	0.1603	0.0012	1.1525	1.2039	0.0005	0.0774	0.0897	0.0012	0.0005	0.0002	0.0008	0.0004	0.0004	0.0000	0.0005	0.0000	0.0008	0.0011	3.8974	-0.0068	0.0000	5.0018	3.6906	1.7716	1.4800	0.0180	0.0180	0.0000	0.0085	0.0085	0.0000	0.0094	0.0094	0.0000	0.0000	0.0000	0.0000	0.0000	0.0000	0.0000	0.0000	0.0000	0.0000	0.1293	0.1121	0.0172	0.0074	0.0071	0.0003	0.1219	0.1050	0.0169	0.0644	0.0340	0.0303	0.0149	0.0146	0.0004	0.0495	0.0195	0.0300	284.8737	850.0700	1.4297	2686.0245	2738.7857	65.8646	152.9652	96465.2219	1.4270	0.0005	0.0002	0.0008	0.0004	0.0004	0.0000	0.0005	0.0000	0.0008
43	101	0.0526	4	1	0	1	0	0	0	0	0	N	N	N	N	N	N	N	N	N	N	N	N	3744.6737	4221.0478	43.3776	6207.4417	6168.6921	219.4729	2887.7844	16081.0021	43.3791	1.9237	2.1371	0.0226	3.7252	3.7473	0.0064	1.2965	1.4936	0.0229	0.0005	0.0005	0.0005	0.0006	0.0006	0.0000	0.0004	0.0001	0.0005	0.0012	0.9272	-0.0065	-0.0000	5.0018	0.1361	1.7716	0.4500	0.0171	0.0171	0.0000	0.0085	0.0085	0.0000	0.0085	0.0085	0.0000	0.0000	0.0000	0.0000	0.0000	0.0000	0.0000	0.0000	0.0000	0.0000	0.0089	0.0080	0.0009	0.0023	0.0023	0.0000	0.0066	0.0057	0.0009	0.0259	0.0136	0.0123	0.0111	0.0110	0.0001	0.0148	0.0027	0.0121	3744.6737	4221.0478	43.3776	6207.4417	6168.6921	219.4729	2887.7844	16081.0021	43.3791	0.0005	0.0005	0.0005	0.0006	0.0006	0.0000	0.0004	0.0001	0.0005
43	102	0.0367	3	1	0	1	0	0	0	0	0	N	N	N	N	N	N	N	N	N	N	N	N	61.5154	24.2987	2723.2678	9.8089	9.9372	0.0000	1522.0642	507151.8380	2831.5365	0.1122	0.0822	0.3600	0.0891	0.0905	0.0000	0.1192	0.0793	0.3728	0.0018	0.0034	0.0001	0.0091	0.0091	0.0005	0.0001	0.0000	0.0001	0.5298	0.0360	-0.0006	-0.0001	5.0018	3.5591	1.7716	4.5341	0.0183	0.0120	0.0063	0.0034	0.0034	0.0000	0.0149	0.0086	0.0063	0.0002	0.0002	0.0000	0.0002	0.0002	0.0000	0.0000	0.0000	0.0000	0.1634	0.1458	0.0176	0.0381	0.0375	0.0006	0.1253	0.1083	0.0170	0.1000	0.0521	0.0480	0.0194	0.0193	0.0001	0.0807	0.0327	0.0479	61.5154	24.2987	2723.2678	9.8089	9.9372	0.0000	1522.0642	507151.8380	2831.5365	0.0018	0.0034	0.0001	0.0091	0.0091	0.0005	0.0001	0.0000	0.0001
43	104	0.1734	12	1	1	1	0	0	0	0	0	N	N	N	N	N	N	N	N	N	N	N	N	13.6249	85.9658	0.0003	8.0316	7.7620	0.0000	12.9501	5695.6133	0.0003	0.3574	0.4111	0.0000	0.0682	0.0696	0.0000	0.5046	0.6210	0.0000	0.0262	0.0048	0.0894	0.0085	0.0090	0.0007	0.0390	0.0001	0.0986	0.0000	6.3478	-0.0002	0.0002	5.0018	0.0277	1.7716	1.3445	0.0006	0.0006	0.0000	0.0000	0.0000	0.0000	0.0006	0.0006	0.0000	0.0007	0.0001	0.0006	0.0001	0.0001	0.0000	0.0006	0.0000	0.0006	0.0017	0.0015	0.0002	0.0006	0.0006	0.0000	0.0011	0.0009	0.0002	0.0258	0.0193	0.0066	0.0108	0.0102	0.0006	0.0150	0.0091	0.0059	13.6249	85.9658	0.0003	8.0316	7.7620	0.0000	12.9501	5695.6133	0.0003	0.0262	0.0048	0.0894	0.0085	0.0090	0.0007	0.0390	0.0001	0.0986
43	105	0.1267	11	1	1	1	0	0	0	0	0	N	N	N	N	N	N	N	N	N	N	N	N	1.3620	144.4697	0.0000	1.9745	1.9247	0.1806	1.2893	153.7281	0.0000	5.3112	6.0749	0.0004	0.0540	0.0566	0.0000	6.4427	7.5161	0.0005	3.8996	0.0420	9.3232	0.0273	0.0294	0.0001	4.9972	0.0489	9.6858	0.0000	157.6976	-0.3772	0.3026	5.0018	5.1414	1.7716	16.4151	0.9900	0.9900	0.0000	0.0018	0.0018	0.0000	0.9882	0.9882	0.0000	0.6714	0.0042	0.6672	0.0010	0.0010	0.0000	0.6703	0.0032	0.6672	0.1864	0.1630	0.0234	0.0330	0.0315	0.0015	0.1534	0.1315	0.0219	0.1722	0.1006	0.0716	0.0380	0.0353	0.0027	0.1341	0.0653	0.0689	1.3620	144.4697	0.0000	1.9745	1.9247	0.1806	1.2893	153.7281	0.0000	3.8996	0.0420	9.3232	0.0273	0.0294	0.0001	4.9972	0.0489	9.6858
43	106	0.1185	10	1	0	1	0	0	0	0	0	N	N	N	N	N	N	N	N	N	N	N	N	1.1919	2.3257	0.5274	3.0340	3.0650	3.3091	0.8636	41.4317	0.5404	0.1187	0.1229	0.0905	0.3552	0.3741	0.0062	0.0804	0.0779	0.0954	0.0996	0.0528	0.1716	0.1171	0.1221	0.0019	0.0931	0.0019	0.1765	0.1103	2.1063	-0.0047	0.0008	5.0018	3.8974	1.7716	1.6364	0.0168	0.0152	0.0017	0.0070	0.0070	0.0000	0.0098	0.0082	0.0017	0.0062	0.0020	0.0042	0.0019	0.0019	0.0000	0.0042	0.0000	0.0042	0.1420	0.1235	0.0185	0.0198	0.0187	0.0010	0.1222	0.1048	0.0175	0.0620	0.0376	0.0244	0.0166	0.0159	0.0007	0.0454	0.0217	0.0237	1.1919	2.3257	0.5274	3.0340	3.0650	3.3091	0.8636	41.4317	0.5404	0.0996	0.0528	0.1716	0.1171	0.1221	0.0019	0.0931	0.0019	0.1765
43	107	0.0975	9	1	0	1	0	0	0	0	0	N	N	N	N	N	N	N	N	N	N	N	N	38.4299	50.2976	4.2904	51.5065	50.3640	1.8692	2.4578	30.4446	4.3458	5.7994	6.3628	0.7875	15.6100	15.7409	0.0429	0.2569	0.1566	0.8104	0.1509	0.1265	0.1836	0.3031	0.3125	0.0230	0.1045	0.0051	0.1865	0.0139	1.0846	-0.0750	-0.0004	5.0018	0.3701	1.7716	9.6236	0.2042	0.2014	0.0028	0.1984	0.1984	0.0000	0.0058	0.0030	0.0028	0.0156	0.0075	0.0081	0.0073	0.0073	0.0000	0.0083	0.0002	0.0081	0.0352	0.0317	0.0036	0.0127	0.0126	0.0001	0.0225	0.0190	0.0035	0.1037	0.0593	0.0444	0.0242	0.0234	0.0008	0.0795	0.0359	0.0436	38.4299	50.2976	4.2904	51.5065	50.3640	1.8692	2.4578	30.4446	4.3458	0.1509	0.1265	0.1836	0.3031	0.3125	0.0230	0.1045	0.0051	0.1865
43	108	0.0870	8	1	0	1	0	0	0	0	0	N	N	N	N	N	N	N	N	N	N	N	N	66.8927	28.1305	563.7492	76.7920	74.5599	inf	53.9089	0.3610	574.0973	8.4460	4.7125	42.3350	12.2247	12.3192	2.3974	6.4549	0.0608	43.7034	0.1263	0.1675	0.0751	0.1592	0.1652	0.0000	0.1197	0.1685	0.0761	0.9897	0.3615	0.0371	-0.0017	5.0018	0.4415	1.7716	4.8853	0.3188	0.1602	0.1586	0.1592	0.1589	0.0003	0.1596	0.0013	0.1583	0.0061	0.0045	0.0016	0.0013	0.0013	0.0000	0.0048	0.0032	0.0016	0.0377	0.0340	0.0037	0.0130	0.0129	0.0001	0.0247	0.0211	0.0036	0.0481	0.0266	0.0215	0.0080	0.0077	0.0003	0.0401	0.0190	0.0212	66.8927	28.1305	563.7492	76.7920	74.5599	inf	53.9089	0.3610	574.0973	0.1263	0.1675	0.0751	0.1592	0.1652	0.0000	0.1197	0.1685	0.0761
43	109	0.1094	7	2	1	1	1	0	0	0	0	Y	N	N	N	N	N	N	N	N	N	N	N	0.0000	0.0000	0.0000	0.0000	0.0000	0.0000	0.0000	0.0000	0.0000	0.0000	0.0000	0.0000	0.0000	0.0000	0.0000	0.0000	0.0000	0.0000	0.0000	0.0000	5.0018	0.0000	1.7716	0.0000	0.0000	0.0000	0.0000	0.0000	0.0000	0.0000	0.0000	0.0000	0.0000	0.0000	0.0000	0.0000	0.0000	0.0000	0.0000	0.0000	0.0000	0.0000	0.0000	0.0000	0.0000	0.0000	0.0000	0.0000	0.0000	0.0000	0.0000	0.0000	0.0000	0.0000	0.0000	0.0000	0.0000	0.0000	0.0000	0.0000	0.0000	0.0000	0.0000	0.0000	0.0000	0.0000	0.0000	0.0000	0.0000	0.0000	0.0000	0.0000	0.0000	0.0000	0.0000	0.0000	0.0000	0.0000											
43	110	0.0944	6	2	1	1	1	0	0	0	0	Y	N	N	N	N	N	N	N	N	N	N	N	0.0000	0.0000	0.0000	0.0000	0.0000	0.0000	0.0000	0.0000	0.0000	0.0000	0.0000	0.0000	0.0000	0.0000	0.0000	0.0002	0.0003	0.0000	0.0010	0.0011	0.0000	0.0000	0.0000	0.0000	0.0004	0.0000	-0.0000	5.0018	0.0000	1.7716	7.1240	0.0000	0.0000	0.0000	0.0000	0.0000	0.0000	0.0000	0.0000	0.0000	0.0000	0.0000	0.0000	0.0000	0.0000	0.0000	0.0000	0.0000	0.0000	0.0000	0.0000	0.0000	0.0000	0.0000	0.0000	0.0000	0.0000	0.0000	0.0622	0.0343	0.0279	0.0098	0.0088	0.0010	0.0524	0.0256	0.0269	0.0000	0.0000	0.0000	0.0000	0.0000	0.0000	0.0000	0.0000	0.0000	0.0002	0.0003	0.0000	0.0010	0.0011	0.0000	0.0000	0.0000	0.0000				
43	111	0.1034	8	1	1	1	1	0	0	0	0	N	N	N	N	N	N	N	N	N	N	N	N	0.0000	0.0000	0.0000	0.0000	0.0000	0.0000	0.0000	0.0000	0.0000	0.0000	0.0000	0.0000	0.0000	0.0000	0.0000	0.0000	0.0000	0.0000	0.0000	-0.0000	5.0018	0.0016	1.7716	5.0076	0.0000	0.0000	0.0000	0.0000	0.0000	0.0000	0.0000	0.0000	0.0000	0.0000	0.0000	0.0000	0.0000	0.0000	0.0000	0.0000	0.0000	0.0000	0.0002	0.0002	0.0000	0.0001	0.0001	0.0000	0.0001	0.0001	0.0000	0.0425	0.0237	0.0188	0.0078	0.0065	0.0013	0.0347	0.0172	0.0176	0.0000	0.0000	0.0000	0.0000	0.0000	0.0000	0.0000	0.0000	0.0000	0.0000	0.0000	0.0000	0.0000	0.0000	0.0000	0.0000	0.0000	0.0000											
43	112	0.0966	7	1	1	1	1	0	0	0	0	N	N	N	N	N	N	N	N	N	N	N	N	0.0000	0.0000	0.0000	0.0000	0.0000	0.0000	0.0000	0.0000	0.0000	0.0000	0.0000	0.0000	0.0000	0.0000	0.0000	0.0000	0.0000	0.0000	0.0000	0.0000	5.0018	1.0012	1.7716	2.1373	0.0000	0.0000	0.0000	0.0000	0.0000	0.0000	0.0000	0.0000	0.0000	0.0000	0.0000	0.0000	0.0000	0.0000	0.0000	0.0000	0.0000	0.0000	0.0344	0.0299	0.0044	0.0048	0.0045	0.0003	0.0296	0.0254	0.0042	0.0301	0.0168	0.0132	0.0060	0.0054	0.0006	0.0240	0.0114	0.0126	0.0000	0.0000	0.0000	0.0000	0.0000	0.0000	0.0000	0.0000	0.0000	0.0000	0.0000	0.0000	0.0000	0.0000	0.0000	0.0000	0.0000	0.0000											
43	113	0.1049	7	1	1	1	0	0	0	0	0	N	N	N	N	N	N	N	N	N	N	N	N	0.0000	0.0000	0.0000	0.0000	0.0000	0.0000	0.0000	0.0000	0.0000	0.0000	0.0000	0.0000	0.0000	0.0028	0.0050	0.0000	0.0168	0.0188	0.0000	0.0000	0.0000	0.0000	0.0000	0.0000	-0.0001	5.0018	0.9705	1.7716	5.0371	0.0000	0.0000	0.0000	0.0000	0.0000	0.0000	0.0000	0.0000	0.0000	0.0001	0.0001	0.0000	0.0001	0.0001	0.0000	0.0000	0.0000	0.0000	0.0393	0.0346	0.0047	0.0085	0.0081	0.0004	0.0308	0.0265	0.0043	0.0494	0.0276	0.0218	0.0083	0.0074	0.0009	0.0411	0.0202	0.0209	0.0000	0.0000	0.0000	0.0000	0.0000	0.0000	0.0000	0.0000	0.0000	0.0028	0.0050	0.0000	0.0168	0.0188	0.0000	0.0000	0.0000	0.0000						
43	114	0.0966	7	1	0	2	1	0	0	0	0	N	N	Y	N	N	N	N	N	N	N	N	N	0.0000	0.0000	0.0000	0.0000	0.0000	0.0000	0.0000	0.0000	0.0000	0.0000	0.0000	0.0000	0.0000	0.0000	0.0000	0.0000	0.0000	0.0000	0.0000	0.0000	5.0018	0.0000	1.7716	1.1303	0.0000	0.0000	0.0000	0.0000	0.0000	0.0000	0.0000	0.0000	0.0000	0.0000	0.0000	0.0000	0.0000	0.0000	0.0000	0.0000	0.0000	0.0000	0.0000	0.0000	0.0000	0.0000	0.0000	0.0000	0.0000	0.0000	0.0000	0.0133	0.0076	0.0057	0.0034	0.0031	0.0002	0.0099	0.0045	0.0055	0.0000	0.0000	0.0000	0.0000	0.0000	0.0000	0.0000	0.0000	0.0000	0.0000	0.0000	0.0000	0.0000	0.0000	0.0000	0.0000	0.0000	0.0000											
43	115	0.0944	6	1	0	1	1	0	0	0	0	N	N	N	N	N	N	N	N	N	N	N	N	0.0000	0.0000	0.0000	0.0000	0.0000	0.0000	0.0000	0.0000	0.0000	0.0000	0.0000	0.0000	0.0000	0.0000	0.0000	0.0098	0.0171	0.0000	0.0414	0.0437	0.0000	0.0000	0.0000	0.0000	0.0000	0.0000	-0.0001	5.0018	0.0000	1.7716	1.2340	0.0000	0.0000	0.0000	0.0000	0.0000	0.0000	0.0000	0.0000	0.0000	0.0001	0.0001	0.0000	0.0001	0.0001	0.0000	0.0000	0.0000	0.0000	0.0000	0.0000	0.0000	0.0000	0.0000	0.0000	0.0000	0.0000	0.0000	0.0143	0.0082	0.0061	0.0034	0.0032	0.0002	0.0109	0.0050	0.0060	0.0000	0.0000	0.0000	0.0000	0.0000	0.0000	0.0000	0.0000	0.0000	0.0098	0.0171	0.0000	0.0414	0.0437	0.0000	0.0000	0.0000	0.0000				
43	116	0.1019	7	1	0	2	1	0	0	0	0	N	N	Y	N	N	N	N	N	N	N	N	N	11.6230	7.5731	10.7120	9.9240	0.0046	0.0052	0.0000	0.0244	0.0253	0.0000	0.0000	0.0000	0.0000	0.0004	0.0007	0.0000	0.0023	0.0026	0.0000	0.0000	0.0000	0.0000	0.0000	0.0000	-0.0001	-0.0000	5.0018	0.9725	1.7716	0.9874	0.0002	0.0002	0.0000	0.0002	0.0002	0.0000	0.0000	0.0000	0.0000	0.0000	0.0000	0.0000	0.0000	0.0000	0.0000	0.0000	0.0000	0.0000	0.0368	0.0324	0.0044	0.0070	0.0067	0.0003	0.0299	0.0257	0.0042	0.0174	0.0100	0.0074	0.0030	0.0027	0.0003	0.0143	0.0073	0.0071	11.6230	7.5731	0.0000	10.7120	9.9240	0.0000	0.0000	0.0000	0.0000	0.0004	0.0007	0.0000	0.0023	0.0026	0.0000	0.0000	0.0000	0.0000					
43	117	0.1019	7	1	0	2	1	0	0	0	0	N	N	Y	N	N	N	N	N	N	N	N	N	0.3498	inf	0.0000	inf	inf	0.0000	0.0000	0.0450	0.0489	0.0000	0.1090	0.1097	0.0000	0.0000	0.0000	0.0000	0.1287	0.0000	0.2954	0.0000	0.0000	0.0000	0.1539	0.0000	0.3090	0.0000	inf	-0.0001	0.0020	5.0018	0.0285	1.7716	4.0215	0.0002	0.0002	0.0000	0.0002	0.0002	0.0000	0.0000	0.0000	0.0000	0.0044	0.0000	0.0044	0.0000	0.0000	0.0000	0.0044	0.0000	0.0044	0.0038	0.0035	0.0003	0.0016	0.0015	0.0000	0.0022	0.0019	0.0003	0.0344	0.0194	0.0150	0.0056	0.0050	0.0007	0.0288	0.0145	0.0143	0.3498	inf	0.0000	inf	inf	0.0000	0.0000	0.0000	0.0000	0.1287	0.0000	0.2954	0.0000	0.0000	0.0000	0.1539	0.0000	0.3090		
43	118	0.0944	6	1	0	2	1	0	0	0	0	N	N	Y	N	N	N	N	N	N	N	N	N	65824.4082	77885642.8301	0.0000	99888880.1931	468893904.6838	0.0000	0.0231	34.4023	0.0000	9.7126	11.1381	0.0000	70.0761	73.9987	0.0000	0.0000	0.0000	0.0000	0.0001	0.0000	0.0003	0.0000	0.0000	0.0000	0.0002	0.0000	0.0003	0.0000	1861.3444	-0.3805	0.0000	5.0018	3.0275	1.7716	2.1573	0.9985	0.9985	0.0000	0.9985	0.9985	0.0000	0.0000	0.0000	0.0000	0.0000	0.0000	0.0000	0.0000	0.0000	0.0000	0.0000	0.0000	0.0000	0.1028	0.0896	0.0132	0.0142	0.0135	0.0008	0.0886	0.0761	0.0124	0.0467	0.0259	0.0208	0.0077	0.0070	0.0007	0.0390	0.0189	0.0201	65824.4082	77885642.8301	0.0000	99888880.1931	468893904.6838	0.0000	0.0231	34.4023	0.0000	0.0001	0.0000	0.0003	0.0000	0.0000	0.0000	0.0002	0.0000	0.0003
43	119	0.1357	6	2	1	1	0	0	0	0	0	Y	N	N	N	N	N	N	N	N	N	N	N	45237.8422	33161.2135	1285.8687	58139.8622	57725.3254	11.9650	348.5847	inf	1367.5215	1.8466	2.0776	0.0108	9.1685	9.5016	0.0001	0.0015	0.0000	0.0115	0.0000	0.0001	0.0000	0.0002	0.0002	0.0000	0.0000	0.0000	0.0000	0.0007	0.0902	-0.0641	-0.0000	5.0018	2.1883	1.7716	3.1271	0.1684	0.1683	0.0001	0.1683	0.1683	0.0000	0.0001	0.0000	0.0001	0.0000	0.0000	0.0000	0.0000	0.0000	0.0000	0.0000	0.0000	0.0000	0.0912	0.0810	0.0102	0.0184	0.0177	0.0006	0.0728	0.0633	0.0095	0.0501	0.0299	0.0201	0.0119	0.0114	0.0005	0.0382	0.0185	0.0196	45237.8422	33161.2135	1285.8687	58139.8622	57725.3254	11.9650	348.5847	inf	1367.5215	0.0000	0.0001	0.0000	0.0002	0.0002	0.0000	0.0000	0.0000	0.0000
43	120	0.0687	5	2	1	1	0	0	0	0	0	Y	N	N	N	N	N	N	N	N	N	N	N	8879.2311	1386.9579	822136.6599	1086.0777	1086.3601	inf	208722.1848	66218.3481	852431.1689	2.8293	0.7979	16.8409	3.2794	3.4295	0.0008	2.7624	0.3632	17.6299	0.0003	0.0006	0.0000	0.0030	0.0032	0.0000	0.0000	0.0000	0.0000	3.0602	0.0306	0.4970	-0.0000	5.0018	13.6104	1.7716	16.0982	1.3336	0.3285	1.0052	0.2001	0.2001	0.0000	1.1335	0.1283	1.0052	0.0001	0.0001	0.0000	0.0001	0.0001	0.0000	0.0000	0.0000	0.0000	0.4714	0.4117	0.0597	0.0610	0.0584	0.0027	0.4103	0.3533	0.0570	0.2312	0.1243	0.1070	0.0235	0.0225	0.0010	0.2078	0.1018	0.1059	8879.2311	1386.9579	822136.6599	1086.0777	1086.3601	inf	208722.1848	66218.3481	852431.1689	0.0003	0.0006	0.0000	0.0030	0.0032	0.0000	0.0000	0.0000	0.0000
43	121	0.0733	5	1	1	1	0	0	0	0	0	N	N	N	N	N	N	N	N	N	N	N	N	49.7895	0.0032	416.4774	2.1826	0.0001	9261.7137	125.0675	inf	414.9342	7.8174	0.0004	79.2400	0.5981	0.0000	50.6033	12.5786	0.0007	80.6717	0.1570	0.1386	0.1903	0.2740	0.2807	0.0055	0.1006	0.0000	0.1944	19753.4566	0.7620	0.2021	-0.0015	5.0018	0.3548	1.7716	4.6068	0.3266	0.0000	0.3265	0.0099	0.0000	0.0099	0.3166	0.0000	0.3166	0.0139	0.0079	0.0060	0.0079	0.0079	0.0000	0.0060	0.0000	0.0060	0.0418	0.0377	0.0041	0.0166	0.0164	0.0002	0.0252	0.0212	0.0039	0.0886	0.0570	0.0316	0.0288	0.0281	0.0007	0.0598	0.0289	0.0309	49.7895	0.0032	416.4774	2.1826	0.0001	9261.7137	125.0675	inf	414.9342	0.1570	0.1386	0.1903	0.2740	0.2807	0.0055	0.1006	0.0000	0.1944
43	122	0.0584	4	1	1	1	0	0	0	0	0	N	N	N	N	N	N	N	N	N	N	N	N	382.0167	40.9938	4263.5844	80.9493	79.4842	2612.0695	537.9159	7.6934	4374.1515	7.4205	1.0322	54.2560	3.7479	3.8035	0.8384	8.4414	0.1447	56.1348	0.0194	0.0252	0.0127	0.0463	0.0479	0.0003	0.0157	0.0188	0.0128	7.1695	0.4342	0.3027	-0.0003	5.0018	1.6911	1.7716	5.7022	0.6096	0.0746	0.5350	0.0670	0.0667	0.0003	0.5427	0.0079	0.5347	0.0013	0.0009	0.0004	0.0004	0.0004	0.0000	0.0009	0.0005	0.0004	0.0822	0.0723	0.0099	0.0179	0.0175	0.0003	0.0643	0.0548	0.0095	0.0678	0.0365	0.0313	0.0083	0.0080	0.0003	0.0595	0.0285	0.0310	382.0167	40.9938	4263.5844	80.9493	79.4842	2612.0695	537.9159	7.6934	4374.1515	0.0194	0.0252	0.0127	0.0463	0.0479	0.0003	0.0157	0.0188	0.0128
43	124	0.1095	8	2	1	1	0	0	0	0	0	Y	N	N	N	N	N	N	N	N	N	N	N	0.0000	0.0000	0.0000	0.0000	0.0000	0.0000	0.0000	0.0000	0.0000	0.0000	0.0000	0.0000	0.0000	0.0000	0.0000	0.0000	0.0000	0.0000	0.0000	0.0000	5.0018	0.0000	1.7716	0.0000	0.0000	0.0000	0.0000	0.0000	0.0000	0.0000	0.0000	0.0000	0.0000	0.0000	0.0000	0.0000	0.0000	0.0000	0.0000	0.0000	0.0000	0.0000	0.0000	0.0000	0.0000	0.0000	0.0000	0.0000	0.0000	0.0000	0.0000	0.0000	0.0000	0.0000	0.0000	0.0000	0.0000	0.0000	0.0000	0.0000	0.0000	0.0000	0.0000	0.0000	0.0000	0.0000	0.0000	0.0000	0.0000	0.0000	0.0000	0.0000	0.0000	0.0000	0.0000	0.0000	0.0000	0.0000											
43	125	0.1049	7	2	1	1	0	0	0	0	0	Y	N	N	N	N	N	N	N	N	N	N	N	0.0000	0.0000	0.0000	0.0000	0.0000	0.0000	0.0000	0.0000	0.0000	0.0000	0.0000	0.0000	0.0000	0.0000	0.0000	0.0000	0.0000	0.0001	0.0000	0.0000	0.0000	0.0000	0.0000	0.0001	inf	0.0000	0.0000	5.0018	0.1434	1.7716	1.9839	0.0000	0.0000	0.0000	0.0000	0.0000	0.0000	0.0000	0.0000	0.0000	0.0000	0.0000	0.0000	0.0000	0.0000	0.0000	0.0000	0.0000	0.0000	0.0109	0.0098	0.0011	0.0044	0.0042	0.0002	0.0066	0.0056	0.0009	0.0193	0.0111	0.0082	0.0038	0.0034	0.0003	0.0156	0.0077	0.0079	0.0000	0.0000	0.0000	0.0000	0.0000	0.0000	0.0000	0.0000	0.0000	0.0000	0.0000	0.0001	0.0000	0.0000	0.0000	0.0000	0.0000	0.0001				
43	126	0.0944	6	1	1	1	0	0	0	0	0	N	N	N	N	N	N	N	N	N	N	N	N	0.0000	0.0000	0.0000	0.0000	0.0000	0.0000	0.0000	0.0000	0.0000	0.0000	0.0000	0.0000	0.0000	0.0000	0.0000	0.0000	0.0000	0.0000	0.0000	0.0000	0.0001	0.0001	0.0000	0.0000	0.0000	0.0000	0.0066	0.0000	-0.0000	5.0018	1.8882	1.7716	2.9115	0.0000	0.0000	0.0000	0.0000	0.0000	0.0000	0.0000	0.0000	0.0000	0.0000	0.0000	0.0000	0.0000	0.0000	0.0000	0.0000	0.0000	0.0000	0.0645	0.0562	0.0083	0.0090	0.0085	0.0005	0.0555	0.0477	0.0078	0.0436	0.0242	0.0194	0.0073	0.0066	0.0007	0.0363	0.0176	0.0187	0.0000	0.0000	0.0000	0.0000	0.0000	0.0000	0.0000	0.0000	0.0000	0.0000	0.0000	0.0000	0.0001	0.0001	0.0000	0.0000	0.0000	0.0000		
43	127	0.0687	5	1	0	1	0	0	0	0	0	N	N	N	N	N	N	N	N	N	N	N	N	56506.7889	89.1481	1033618070.4589	82589.1693	72015.0321	inf	61889.7746	1.7450	1067564128.1539	5.2848	0.0155	43.9559	0.0809	0.0735	0.3575	6.4802	0.0004	45.8175	0.0001	0.0002	0.0000	0.0000	0.0000	0.0000	0.0001	0.0002	0.0000	386.8671	0.0002	0.4966	-0.0000	5.0018	3.5543	1.7716	9.0319	0.8056	0.0021	0.8036	0.0023	0.0020	0.0003	0.8033	0.0000	0.8033	0.0000	0.0000	0.0000	0.0000	0.0000	0.0000	0.0000	0.0000	0.0000	0.1524	0.1342	0.0183	0.0285	0.0277	0.0007	0.1240	0.1064	0.0175	0.1070	0.0576	0.0494	0.0115	0.0111	0.0005	0.0954	0.0465	0.0489	56506.7889	89.1481	1033618070.4589	82589.1693	72015.0321	inf	61889.7746	1.7450	1067564128.1539	0.0001	0.0002	0.0000	0.0000	0.0000	0.0000	0.0001	0.0002	0.0000
44	47	0.1826	16	1	0	2	0	0	0	0	0	N	N	Y	N	N	N	N	N	N	N	N	N	22819.8330	355383.2021	0.0000	995042.3272	1008968.2414	0.0000	0.0000	0.0000	0.4774	0.5485	0.0000	3.1194	3.2709	0.0000	0.0000	0.0000	0.0000	0.0000	0.0000	0.0001	0.0000	0.0000	0.0000	0.0000	0.0000	0.0001	0.0000	20.5058	-0.0190	0.0000	4.9860	3.0460	2.3663	11.9126	0.0497	0.0497	0.0000	0.0497	0.0497	0.0000	0.0000	0.0000	0.0000	0.0000	0.0000	0.0000	0.0000	0.0000	0.0000	0.0000	0.0000	0.0000	0.1042	0.0907	0.0135	0.0159	0.0152	0.0007	0.0882	0.0755	0.0128	0.1774	0.1118	0.0656	0.0561	0.0532	0.0029	0.1213	0.0586	0.0627	22819.8330	355383.2021	0.0000	995042.3272	1008968.2414	0.0000	0.0000	0.0000	0.0000	0.0000	0.0000	0.0001	0.0000	0.0000	0.0000	0.0000	0.0000	0.0001	
44	48	0.1692	15	1	0	1	0	0	0	0	0	N	N	N	N	N	N	N	N	N	N	N	N	60991.6586	47325.3894	0.3866	64411.2599	64891.1918	inf	526095.4037	inf	0.1232	2.3321	2.6852	0.0000	7.2272	7.5497	0.0000	1.4147	1.6606	0.0000	0.0000	0.0001	0.0000	0.0001	0.0001	0.0000	0.0000	0.0000	0.0000	0.0000	0.0502	-0.0353	-0.0000	4.9860	1.1082	2.3663	5.8288	0.0927	0.0927	0.0000	0.0453	0.0453	0.0000	0.0474	0.0474	0.0000	0.0000	0.0000	0.0000	0.0000	0.0000	0.0000	0.0000	0.0000	0.0000	0.0397	0.0345	0.0052	0.0063	0.0060	0.0003	0.0335	0.0285	0.0050	0.0975	0.0625	0.0349	0.0316	0.0305	0.0011	0.0658	0.0320	0.0338	60991.6586	47325.3894	0.3866	64411.2599	64891.1918	inf	526095.4037	inf	0.1232	0.0000	0.0001	0.0000	0.0001	0.0001	0.0000	0.0000	0.0000	0.0000
44	49	0.2004	17	1	1	1	0	0	0	0	0	N	N	N	N	N	N	N	N	N	N	N	N	0.0000	0.0000	0.0000	0.0000	0.0000	0.0000	0.0000	0.0000	0.0000	0.0000	0.0000	0.0000	0.0000	0.0000	0.0000	0.0000	0.0000	0.0000	0.0000	0.0000	0.0000	0.0000	0.0000	-0.0000	4.9860	0.0000	2.3663	2.0001	0.0000	0.0000	0.0000	0.0000	0.0000	0.0000	0.0000	0.0000	0.0000	0.0000	0.0000	0.0000	0.0000	0.0000	0.0000	0.0000	0.0000	0.0000	0.0000	0.0000	0.0000	0.0000	0.0000	0.0000	0.0000	0.0000	0.0000	0.0207	0.0128	0.0079	0.0057	0.0052	0.0005	0.0150	0.0075	0.0075	0.0000	0.0000	0.0000	0.0000	0.0000	0.0000	0.0000	0.0000	0.0000	0.0000	0.0000	0.0000	0.0000	0.0000	0.0000	0.0000	0.0000	0.0000							
44	50	0.1034	10	2	1	2	0	0	0	0	0	Y	N	Y	N	N	N	N	N	N	N	N	N	0.0000	0.0000	0.0000	0.0000	0.0000	0.0000	0.0000	0.0000	0.0000	0.0000	0.0000	0.0000	0.0000	0.0002	0.0000	0.0008	0.0006	0.0000	0.0285	0.0000	0.0000	0.0000	inf	0.0000	0.0000	4.9860	0.0000	2.3663	1.7047	0.0000	0.0000	0.0000	0.0000	0.0000	0.0000	0.0000	0.0000	0.0000	0.0000	0.0000	0.0000	0.0000	0.0000	0.0000	0.0000	0.0000	0.0000	0.0000	0.0000	0.0000	0.0000	0.0000	0.0000	0.0000	0.0000	0.0000	0.0326	0.0235	0.0091	0.0111	0.0109	0.0002	0.0215	0.0127	0.0088	0.0000	0.0000	0.0000	0.0000	0.0000	0.0000	0.0000	0.0000	0.0000	0.0002	0.0000	0.0008	0.0006	0.0000	0.0285	0.0000	0.0000	0.0000						
44	51	0.1034	10	2	1	2	0	0	0	0	0	Y	N	Y	N	N	N	N	N	N	N	N	N	0.0000	0.0000	0.0000	0.0000	0.0000	0.0000	0.0000	0.0000	0.0000	0.0000	0.0000	0.0000	0.0000	0.0002	0.0002	0.0000	0.0004	0.0004	0.0000	0.0000	0.0000	0.0000	0.0000	0.0000	-0.0000	4.9860	0.0000	2.3663	0.2953	0.0000	0.0000	0.0000	0.0000	0.0000	0.0000	0.0000	0.0000	0.0000	0.0000	0.0000	0.0000	0.0000	0.0000	0.0000	0.0000	0.0000	0.0000	0.0000	0.0000	0.0000	0.0000	0.0000	0.0000	0.0000	0.0000	0.0000	0.0175	0.0149	0.0026	0.0078	0.0078	0.0000	0.0096	0.0071	0.0025	0.0000	0.0000	0.0000	0.0000	0.0000	0.0000	0.0000	0.0000	0.0000	0.0002	0.0002	0.0000	0.0004	0.0004	0.0000	0.0000	0.0000	0.0000						
44	52	0.1005	9	2	1	2	0	0	0	0	0	Y	N	Y	N	N	N	N	N	N	N	N	N	328.0434	5805.2998	0.0000	4928.3453	5537.1921	0.0000	0.0000	0.0000	0.0000	2.1410	2.5019	0.0000	5.4845	5.5257	0.0000	0.0000	0.0000	0.0000	0.0065	0.0004	0.0170	0.0011	0.0010	0.0059	0.0086	0.0000	0.0172	0.0000	22.9947	-0.0000	0.0001	4.9860	0.0001	2.3663	1.7968	0.0000	0.0000	0.0000	0.0000	0.0000	0.0000	0.0000	0.0000	0.0000	0.0002	0.0000	0.0002	0.0000	0.0000	0.0000	0.0002	0.0000	0.0002	0.0000	0.0000	0.0000	0.0000	0.0000	0.0000	0.0000	0.0000	0.0000	0.0257	0.0162	0.0095	0.0072	0.0070	0.0002	0.0185	0.0092	0.0093	328.0434	5805.2998	0.0000	4928.3453	5537.1921	0.0000	0.0000	0.0000	0.0000	0.0065	0.0004	0.0170	0.0011	0.0010	0.0059	0.0086	0.0000	0.0172
44	53	0.1463	7	2	1	1	0	0	0	0	0	Y	N	N	N	N	N	N	N	N	N	N	N	0.9696	1.7955	0.0000	0.4176	1.0740	0.0000	102.8848	inf	0.0000	0.0004	0.0004	0.0000	0.0005	0.0005	0.0000	0.0003	0.0004	0.0000	0.0004	0.0002	0.0006	0.0012	0.0005	0.0253	0.0000	0.0000	0.0000	0.0000	1.5831	-0.0000	0.0000	4.9860	1.8240	2.3663	0.8872	0.0000	0.0000	0.0000	0.0000	0.0000	0.0000	0.0000	0.0000	0.0000	0.0000	0.0000	0.0000	0.0000	0.0000	0.0000	0.0000	0.0000	0.0000	0.0788	0.0702	0.0086	0.0167	0.0162	0.0005	0.0621	0.0540	0.0081	0.0376	0.0240	0.0136	0.0116	0.0113	0.0003	0.0260	0.0127	0.0132	0.9696	1.7955	0.0000	0.4176	1.0740	0.0000	102.8848	inf	0.0000	0.0004	0.0002	0.0006	0.0012	0.0005	0.0253	0.0000	0.0000	0.0000
44	54	0.2304	19	1	1	1	1	0	0	0	0	N	N	N	N	N	N	N	N	N	N	N	N	0.0000	0.0000	0.0000	0.0000	0.0000	0.0000	0.0000	0.0000	0.0000	0.0000	0.0000	0.0000	0.0000	0.0000	0.0000	0.0000	0.0000	0.0000	0.0000	0.0000	4.9860	0.0007	2.3663	4.7762	0.0000	0.0000	0.0000	0.0000	0.0000	0.0000	0.0000	0.0000	0.0000	0.0000	0.0000	0.0000	0.0000	0.0000	0.0000	0.0000	0.0000	0.0000	0.0000	0.0000	0.0000	0.0000	0.0000	0.0000	0.0000	0.0000	0.0000	0.0619	0.0388	0.0232	0.0253	0.0205	0.0048	0.0366	0.0183	0.0183	0.0000	0.0000	0.0000	0.0000	0.0000	0.0000	0.0000	0.0000	0.0000	0.0000	0.0000	0.0000	0.0000	0.0000	0.0000	0.0000	0.0000	0.0000											
44	55	0.2304	19	1	0	1	1	0	0	0	0	N	N	N	N	N	N	N	N	N	N	N	N	0.0000	0.0000	0.0000	0.0000	0.0000	0.0000	0.0000	0.0000	0.0000	0.0000	0.0000	0.0000	0.0000	0.0000	0.0000	0.0000	0.0000	0.0000	0.0000	0.0000	4.9860	0.0007	2.3663	3.2259	0.0000	0.0000	0.0000	0.0000	0.0000	0.0000	0.0000	0.0000	0.0000	0.0000	0.0000	0.0000	0.0000	0.0000	0.0000	0.0000	0.0000	0.0000	0.0000	0.0000	0.0000	0.0000	0.0000	0.0000	0.0000	0.0000	0.0000	0.0448	0.0285	0.0163	0.0187	0.0153	0.0034	0.0261	0.0132	0.0129	0.0000	0.0000	0.0000	0.0000	0.0000	0.0000	0.0000	0.0000	0.0000	0.0000	0.0000	0.0000	0.0000	0.0000	0.0000	0.0000	0.0000	0.0000											
44	56	0.2260	18	1	0	1	1	0	0	0	0	N	N	N	N	N	N	N	N	N	N	N	N	0.0000	0.0000	0.0000	0.0000	0.0000	0.0000	0.0000	0.0000	0.0000	0.0000	0.0000	0.0000	0.0000	0.0000	0.0000	0.0000	0.0000	0.0000	0.0000	0.0000	4.9860	0.9953	2.3663	1.3904	0.0000	0.0000	0.0000	0.0000	0.0000	0.0000	0.0000	0.0000	0.0000	0.0000	0.0000	0.0000	0.0000	0.0000	0.0000	0.0000	0.0000	0.0000	0.0341	0.0298	0.0044	0.0046	0.0043	0.0002	0.0296	0.0254	0.0041	0.0335	0.0216	0.0119	0.0138	0.0115	0.0023	0.0197	0.0102	0.0096	0.0000	0.0000	0.0000	0.0000	0.0000	0.0000	0.0000	0.0000	0.0000	0.0000	0.0000	0.0000	0.0000	0.0000	0.0000	0.0000	0.0000	0.0000											
44	57	0.2193	17	1	0	1	1	0	0	0	0	N	N	N	N	N	N	N	N	N	N	N	N	2179889.8814	inf	inf	inf	0.0710	0.0806	0.0000	0.3602	0.3708	0.0000	0.0000	0.0000	0.0000	0.0000	0.0000	0.0000	0.0000	0.0000	0.0000	0.0000	0.0000	0.0000	0.0000	-0.0000	0.0000	4.9860	0.0068	2.3663	3.2797	0.0000	0.0000	0.0000	0.0000	0.0000	0.0000	0.0000	0.0000	0.0000	0.0000	0.0000	0.0000	0.0000	0.0000	0.0000	0.0000	0.0000	0.0000	0.0003	0.0002	0.0000	0.0001	0.0001	0.0000	0.0002	0.0002	0.0000	0.0430	0.0262	0.0168	0.0174	0.0142	0.0032	0.0256	0.0120	0.0136	2179889.8814	inf	0.0000	inf	inf	0.0000	0.0000	0.0000	0.0000	0.0000	0.0000	0.0000	0.0000	0.0000	0.0000	0.0000	0.0000	0.0000						
44	58	0.1781	16	1	0	1	1	0	0	0	0	N	N	N	N	N	N	N	N	N	N	N	N	8268.6888	129738.4899	15.9187	154830.2617	260648.0962	0.0000	5.1015	inf	16.8650	0.1527	0.1740	0.0007	0.7788	0.8150	0.0000	0.0001	0.0000	0.0008	0.0000	0.0000	0.0000	0.0000	0.0000	0.0000	0.0000	0.0000	0.0000	0.0006	21.4566	-0.0130	0.0000	4.9860	5.8573	2.3663	13.1443	0.0342	0.0342	0.0000	0.0342	0.0342	0.0000	0.0000	0.0000	0.0000	0.0000	0.0000	0.0000	0.0000	0.0000	0.0000	0.0000	0.0000	0.0000	0.2238	0.1963	0.0275	0.0439	0.0419	0.0019	0.1800	0.1544	0.0256	0.2110	0.1293	0.0816	0.0595	0.0555	0.0040	0.1515	0.0739	0.0777	8268.6888	129738.4899	15.9187	154830.2617	260648.0962	0.0000	5.1015	inf	16.8650	0.0000	0.0000	0.0000	0.0000	0.0000	0.0000	0.0000	0.0000	0.0000
44	59	0.1007	10	1	1	2	0	0	0	0	0	N	N	Y	N	N	N	N	N	N	N	N	N	0.0000	0.0000	0.0000	0.0000	0.0000	0.0000	0.0000	0.0000	0.0000	0.0000	0.0000	0.0000	0.0000	0.0000	0.0000	0.0000	0.0000	0.0002	0.0003	0.0000	0.0007	0.0007	0.0000	0.0000	0.0000	0.0000	0.0004	0.0000	-0.0000	4.9860	0.9979	2.3663	4.0614	0.0000	0.0000	0.0000	0.0000	0.0000	0.0000	0.0000	0.0000	0.0000	0.0000	0.0000	0.0000	0.0000	0.0000	0.0000	0.0000	0.0000	0.0000	0.0338	0.0295	0.0043	0.0047	0.0044	0.0002	0.0292	0.0251	0.0041	0.0586	0.0366	0.0220	0.0146	0.0141	0.0006	0.0440	0.0225	0.0215	0.0000	0.0000	0.0000	0.0000	0.0000	0.0000	0.0000	0.0000	0.0000	0.0002	0.0003	0.0000	0.0007	0.0007	0.0000	0.0000	0.0000	0.0000		
44	60	0.0923	9	1	1	1	0	0	0	0	0	N	N	N	N	N	N	N	N	N	N	N	N	0.0000	0.0000	0.0000	0.0000	0.0000	0.0000	0.0000	0.0000	0.0000	0.0000	0.0000	0.0000	0.0000	0.0000	0.0000	0.0000	0.0000	0.0002	0.0003	0.0000	0.0008	0.0009	0.0000	0.0000	0.0000	0.0000	0.0020	0.0000	-0.0000	4.9860	2.2356	2.3663	2.2044	0.0000	0.0000	0.0000	0.0000	0.0000	0.0000	0.0000	0.0000	0.0000	0.0000	0.0000	0.0000	0.0000	0.0000	0.0000	0.0000	0.0000	0.0000	0.0785	0.0686	0.0100	0.0109	0.0104	0.0005	0.0676	0.0582	0.0095	0.0513	0.0317	0.0195	0.0124	0.0119	0.0005	0.0389	0.0198	0.0191	0.0000	0.0000	0.0000	0.0000	0.0000	0.0000	0.0000	0.0000	0.0000	0.0002	0.0003	0.0000	0.0008	0.0009	0.0000	0.0000	0.0000	0.0000		
44	61	0.0305	5	2	0	2	0	0	0	0	0	Y	N	Y	N	N	N	N	N	N	N	N	N	0.0000	0.0000	0.0000	0.0000	0.0000	0.0000	0.0000	0.0000	0.0000	0.0000	0.0000	0.0000	0.0000	0.0002	0.0000	0.0005	0.0000	0.0000	0.0000	0.0003	0.0000	0.0005	inf	0.0000	0.0000	4.9860	2.0703	2.3663	7.0012	0.0000	0.0000	0.0000	0.0000	0.0000	0.0000	0.0000	0.0000	0.0000	0.0000	0.0000	0.0000	0.0000	0.0000	0.0000	0.0000	0.0000	0.0000	0.0760	0.0657	0.0103	0.0038	0.0037	0.0001	0.0722	0.0620	0.0102	0.1085	0.0558	0.0528	0.0136	0.0134	0.0001	0.0950	0.0423	0.0526	0.0000	0.0000	0.0000	0.0000	0.0000	0.0000	0.0000	0.0000	0.0000	0.0002	0.0000	0.0005	0.0000	0.0000	0.0000	0.0003	0.0000	0.0005						
44	62	0.0289	4	1	0	1	0	0	0	0	0	N	N	N	N	N	N	N	N	N	N	N	N	0.0000	0.0000	0.0000	0.0000	0.0000	0.0000	0.0000	0.0000	0.0000	0.0000	0.0000	0.0000	0.0000	0.0000	0.0000	0.0000	0.0054	0.0056	0.0051	0.0194	0.0195	0.0000	0.0029	0.0000	0.0051	0.8690	0.0000	-0.0000	4.9860	0.9285	2.3663	0.0280	0.0000	0.0000	0.0000	0.0000	0.0000	0.0000	0.0000	0.0000	0.0000	0.0001	0.0000	0.0000	0.0000	0.0000	0.0000	0.0000	0.0000	0.0000	0.0333	0.0288	0.0045	0.0011	0.0011	0.0000	0.0322	0.0277	0.0045	0.0127	0.0065	0.0062	0.0019	0.0019	0.0000	0.0108	0.0046	0.0062	0.0000	0.0000	0.0000	0.0000	0.0000	0.0000	0.0000	0.0000	0.0000	0.0054	0.0056	0.0051	0.0194	0.0195	0.0000	0.0029	0.0000	0.0051			
44	63	0.1152	9	2	1	1	0	0	0	0	0	Y	N	N	N	N	N	N	N	N	N	N	N	0.0000	0.0013	0.0000	0.0023	0.0024	0.0000	0.0281	0.0000	0.0000	0.0000	0.0000	0.0000	0.0000	0.0000	0.0000	0.0000	0.0000	0.2893	0.0004	0.7306	0.0010	0.0010	0.0000	0.3668	0.0000	0.7399	0.0000	1356.2073	-0.0000	0.0060	4.9860	1.0023	2.3663	3.0135	0.0000	0.0000	0.0000	0.0000	0.0000	0.0000	0.0000	0.0000	0.0000	0.0132	0.0000	0.0132	0.0000	0.0000	0.0000	0.0132	0.0000	0.0132	0.0354	0.0308	0.0046	0.0053	0.0050	0.0003	0.0301	0.0258	0.0043	0.0458	0.0277	0.0181	0.0097	0.0095	0.0002	0.0361	0.0182	0.0179	0.0000	0.0013	0.0000	0.0023	0.0024	0.0000	0.0000	0.0281	0.0000	0.2893	0.0004	0.7306	0.0010	0.0010	0.0000	0.3668	0.0000	0.7399	
44	64	0.0888	8	2	1	1	0	0	0	0	0	Y	N	N	N	N	N	N	N	N	N	N	N	0.0007	0.0005	0.0000	0.0006	0.0006	0.0000	0.0036	inf	0.0000	0.0001	0.0001	0.0000	0.0003	0.0003	0.0000	0.0000	0.0000	0.0000	0.1041	0.1716	0.0100	0.5252	0.5392	0.0000	0.0052	0.0000	0.0101	0.0002	0.0417	-0.0000	-0.0069	4.9860	3.0820	2.3663	9.3392	0.0000	0.0000	0.0000	0.0000	0.0000	0.0000	0.0000	0.0000	0.0000	0.0138	0.0132	0.0006	0.0132	0.0132	0.0000	0.0006	0.0000	0.0006	0.1291	0.1133	0.0158	0.0248	0.0238	0.0010	0.1043	0.0895	0.0148	0.1324	0.0771	0.0553	0.0252	0.0245	0.0007	0.1072	0.0526	0.0546	0.0007	0.0005	0.0000	0.0006	0.0006	0.0000	0.0036	inf	0.0000	0.1041	0.1716	0.0100	0.5252	0.5392	0.0000	0.0052	0.0000	0.0101
44	65	0.0923	9	1	1	1	0	0	0	0	0	N	N	N	N	N	N	N	N	N	N	N	N	0.0000	0.0000	0.0000	0.0000	0.0000	0.0000	0.0000	0.0000	0.0000	0.0000	0.0000	0.0000	0.0000	0.0000	0.0000	0.0000	0.0000	0.0001	0.0002	0.0000	0.0005	0.0006	0.0000	0.0000	0.0000	0.0000	0.0010	0.0000	-0.0000	4.9860	1.7946	2.3663	5.9592	0.0000	0.0000	0.0000	0.0000	0.0000	0.0000	0.0000	0.0000	0.0000	0.0000	0.0000	0.0000	0.0000	0.0000	0.0000	0.0000	0.0000	0.0000	0.0642	0.0561	0.0081	0.0093	0.0089	0.0004	0.0549	0.0472	0.0077	0.0824	0.0496	0.0327	0.0183	0.0175	0.0008	0.0641	0.0321	0.0320	0.0000	0.0000	0.0000	0.0000	0.0000	0.0000	0.0000	0.0000	0.0000	0.0001	0.0002	0.0000	0.0005	0.0006	0.0000	0.0000	0.0000	0.0000		
44	66	0.0854	8	1	1	1	0	0	0	0	0	N	N	N	N	N	N	N	N	N	N	N	N	0.0000	0.0000	0.0000	0.0000	0.0000	0.0000	0.0000	0.0000	0.0000	0.0000	0.0000	0.0000	0.0000	0.0000	0.0000	0.0000	0.0000	0.0321	0.0548	0.0007	0.1543	0.1612	0.0000	0.0003	0.0000	0.0007	0.0087	0.0000	-0.0006	4.9860	1.3569	2.3663	2.0560	0.0000	0.0000	0.0000	0.0000	0.0000	0.0000	0.0000	0.0000	0.0000	0.0012	0.0012	0.0000	0.0012	0.0012	0.0000	0.0000	0.0000	0.0000	0.0527	0.0460	0.0067	0.0083	0.0080	0.0003	0.0444	0.0380	0.0064	0.0364	0.0212	0.0153	0.0075	0.0072	0.0003	0.0289	0.0140	0.0150	0.0000	0.0000	0.0000	0.0000	0.0000	0.0000	0.0000	0.0000	0.0000	0.0321	0.0548	0.0007	0.1543	0.1612	0.0000	0.0003	0.0000	0.0007		
44	67	0.0721	7	1	1	1	0	0	0	0	0	N	N	N	N	N	N	N	N	N	N	N	N	0.0122	0.0000	0.0404	0.0000	0.0000	0.0000	0.0106	0.0423	0.0002	0.0000	0.0012	0.0000	0.0000	0.0000	0.0002	0.0000	0.0013	0.0137	0.0010	0.0307	0.0022	0.0023	0.0000	0.0174	0.0000	0.0311	inf	23.4378	0.0000	0.0005	4.9860	4.9477	2.3663	2.0153	0.0000	0.0000	0.0000	0.0000	0.0000	0.0000	0.0000	0.0000	0.0000	0.0012	0.0000	0.0012	0.0000	0.0000	0.0000	0.0012	0.0000	0.0012	0.1783	0.1544	0.0239	0.0179	0.0165	0.0014	0.1604	0.1379	0.0225	0.0885	0.0507	0.0378	0.0220	0.0215	0.0005	0.0665	0.0293	0.0373	0.0122	0.0000	0.0404	0.0000	0.0000	0.0000	0.0106	0.0000	0.0423	0.0137	0.0010	0.0307	0.0022	0.0023	0.0000	0.0174	0.0000	0.0311	
44	68	0.2004	17	1	0	2	0	0	0	0	0	N	N	Y	N	N	N	N	N	N	N	N	N	0.0000	0.0000	0.0000	0.0000	0.0000	0.0000	0.0000	0.0000	0.0000	0.0000	0.0000	0.0000	0.0000	0.0002	0.0000	0.0006	0.0009	0.0000	0.0110	0.0000	0.0000	0.0000	inf	0.0000	0.0000	4.9860	0.0000	2.3663	4.0001	0.0000	0.0000	0.0000	0.0000	0.0000	0.0000	0.0000	0.0000	0.0000	0.0000	0.0000	0.0000	0.0000	0.0000	0.0000	0.0000	0.0000	0.0000	0.0000	0.0000	0.0000	0.0000	0.0000	0.0000	0.0000	0.0000	0.0000	0.0410	0.0253	0.0157	0.0113	0.0104	0.0009	0.0297	0.0149	0.0148	0.0000	0.0000	0.0000	0.0000	0.0000	0.0000	0.0000	0.0000	0.0000	0.0002	0.0000	0.0006	0.0009	0.0000	0.0110	0.0000	0.0000	0.0000						
44	69	0.1781	16	1	0	1	0	0	0	0	0	N	N	N	N	N	N	N	N	N	N	N	N	83939.5634	79711.0598	0.0000	3944.4683	3824.4857	0.0000	285972.2729	9535446.1715	0.0000	7.8056	8.8539	0.0000	0.8913	0.9293	0.0000	10.0778	11.7709	0.0000	0.0001	0.0001	0.0001	0.0002	0.0002	0.0000	0.0000	0.0000	0.0001	0.0000	0.3513	-0.3787	-0.0000	4.9860	2.8240	2.3663	8.9883	0.9937	0.9937	0.0000	0.0281	0.0281	0.0000	0.9656	0.9656	0.0000	0.0000	0.0000	0.0000	0.0000	0.0000	0.0000	0.0000	0.0000	0.0000	0.1273	0.1122	0.0151	0.0315	0.0302	0.0013	0.0958	0.0820	0.0138	0.1464	0.0907	0.0557	0.0443	0.0412	0.0031	0.1021	0.0495	0.0526	83939.5634	79711.0598	0.0000	3944.4683	3824.4857	0.0000	285972.2729	9535446.1715	0.0000	0.0001	0.0001	0.0001	0.0002	0.0002	0.0000	0.0000	0.0000	0.0001
44	70	0.1692	15	1	0	1	0	0	0	0	0	N	N	N	N	N	N	N	N	N	N	N	N	31024.9829	24384.8093	463.0191	42872.0033	43470.4666	inf	221573.8845	inf	453.0030	1.5400	1.7719	0.0030	5.9409	6.2159	0.0028	0.7487	0.8770	0.0030	0.0000	0.0001	0.0000	0.0001	0.0001	0.0000	0.0000	0.0000	0.0000	0.0003	0.0472	-0.0301	-0.0000	4.9860	1.4521	2.3663	3.5882	0.0789	0.0789	0.0000	0.0464	0.0464	0.0000	0.0325	0.0325	0.0000	0.0000	0.0000	0.0000	0.0000	0.0000	0.0000	0.0000	0.0000	0.0000	0.0512	0.0445	0.0067	0.0078	0.0075	0.0003	0.0434	0.0371	0.0064	0.0792	0.0517	0.0275	0.0271	0.0263	0.0008	0.0521	0.0254	0.0267	31024.9829	24384.8093	463.0191	42872.0033	43470.4666	inf	221573.8845	inf	453.0030	0.0000	0.0001	0.0000	0.0001	0.0001	0.0000	0.0000	0.0000	0.0000
44	71	0.1665	14	1	0	1	0	0	0	0	0	N	N	N	N	N	N	N	N	N	N	N	N	164936.6060	129098.4708	0.0000	166778.4021	167604.3476	7717037.5341	inf	0.0000	1.9580	2.2520	0.0000	5.1060	5.2701	0.0000	1.1605	1.3746	0.0000	0.0000	0.0000	0.0000	0.0000	0.0000	0.0000	0.0000	0.0000	0.0000	0.0000	0.0077	-0.0364	-0.0000	4.9860	1.1783	2.3663	0.9542	0.0956	0.0956	0.0000	0.0504	0.0504	0.0000	0.0452	0.0452	0.0000	0.0000	0.0000	0.0000	0.0000	0.0000	0.0000	0.0000	0.0000	0.0000	0.0488	0.0424	0.0064	0.0099	0.0096	0.0003	0.0389	0.0329	0.0061	0.0443	0.0299	0.0144	0.0170	0.0166	0.0004	0.0273	0.0133	0.0139	164936.6060	129098.4708	0.0000	166778.4021	167604.3476	0.0000	7717037.5341	inf	0.0000	0.0000	0.0000	0.0000	0.0000	0.0000	0.0000	0.0000	0.0000	0.0000	
44	72	0.1619	13	1	0	1	0	0	0	0	0	N	N	N	N	N	N	N	N	N	N	N	N	144303.3126	108233.5371	0.0000	15456264.0384	16520841.1527	55831.9745	31777.1821	1.3639	1.5695	0.0000	4.4564	4.6760	0.0000	0.7980	0.9349	0.0000	0.0000	0.0000	0.0000	0.0000	0.0000	0.0000	0.0000	0.0000	0.0000	0.0000	0.0023	-0.0386	-0.0000	4.9860	2.0762	2.3663	1.4610	0.1012	0.1012	0.0000	0.0511	0.0511	0.0000	0.0500	0.0500	0.0000	0.0000	0.0000	0.0000	0.0000	0.0000	0.0000	0.0000	0.0000	0.0000	0.0742	0.0645	0.0097	0.0115	0.0109	0.0005	0.0627	0.0535	0.0092	0.0552	0.0359	0.0193	0.0191	0.0184	0.0007	0.0361	0.0175	0.0186	144303.3126	108233.5371	0.0000	15456264.0384	16520841.1527	0.0000	55831.9745	31777.1821	0.0000	0.0000	0.0000	0.0000	0.0000	0.0000	0.0000	0.0000	0.0000	0.0000		
44	73	0.0977	9	1	0	1	0	0	0	0	0	N	N	N	N	N	N	N	N	N	N	N	N	1.0876	0.9074	0.0000	1.2915	1.2968	0.9840	439.1408	0.0000	0.0001	0.0001	0.0000	0.0003	0.0003	0.0000	0.0000	0.0000	0.0000	0.0001	0.0001	0.0000	0.0002	0.0002	0.0000	0.0000	0.0000	0.0000	0.0000	0.2653	-0.0000	-0.0000	4.9860	4.0673	2.3663	17.8409	0.0000	0.0000	0.0000	0.0000	0.0000	0.0000	0.0000	0.0000	0.0000	0.0000	0.0000	0.0000	0.0000	0.0000	0.0000	0.0000	0.0000	0.0000	0.1608	0.1409	0.0199	0.0275	0.0264	0.0011	0.1333	0.1145	0.0188	0.2189	0.1265	0.0924	0.0437	0.0422	0.0015	0.1752	0.0843	0.0909	1.0876	0.9074	0.0000	1.2915	1.2968	0.0000	0.9840	439.1408	0.0000	0.0001	0.0001	0.0000	0.0002	0.0002	0.0000	0.0000	0.0000	0.0000	
44	75	0.2344	13	1	0	1	0	0	0	0	0	N	N	N	N	N	N	N	N	N	N	N	N	0.1985	0.1456	0.0000	0.2918	0.2827	0.0000	0.0000	0.0000	0.0000	0.0263	0.0296	0.0000	0.0839	0.0877	0.0000	0.0000	0.0000	0.0000	0.1326	0.2034	0.0043	0.2874	0.3102	0.0003	0.0028	0.0001	0.0047	0.0000	0.0116	-0.0020	-0.0620	4.9860	3.5843	2.3663	46.7516	0.0053	0.0053	0.0000	0.0053	0.0053	0.0000	0.0000	0.0000	0.0000	0.1166	0.1153	0.0013	0.1153	0.1152	0.0000	0.0013	0.0000	0.0013	0.2017	0.1792	0.0224	0.0633	0.0605	0.0028	0.1384	0.1187	0.0197	0.8794	0.5668	0.3126	0.4010	0.3715	0.0294	0.4784	0.1952	0.2832	0.1985	0.1456	0.0000	0.2918	0.2827	0.0000	0.0000	0.0000	0.0000	0.1326	0.2034	0.0043	0.2874	0.3102	0.0003	0.0028	0.0001	0.0047
44	76	0.0578	7	2	1	2	0	0	0	0	0	Y	N	Y	N	N	N	N	N	N	N	N	N	0.0000	0.0000	0.0000	0.0000	0.0000	0.0000	0.0000	0.0000	0.0000	0.0000	0.0000	0.0000	0.0000	0.0000	0.0000	0.0000	0.0000	0.0000	0.0000	0.0000	0.0000	0.0000	0.0000	0.0000	0.0000	1.9091	0.0000	0.0000	4.9860	1.0003	2.3663	1.0071	0.0000	0.0000	0.0000	0.0000	0.0000	0.0000	0.0000	0.0000	0.0000	0.0000	0.0000	0.0000	0.0000	0.0000	0.0000	0.0000	0.0000	0.0000	0.0341	0.0295	0.0046	0.0019	0.0018	0.0001	0.0323	0.0277	0.0046	0.0235	0.0125	0.0111	0.0045	0.0043	0.0002	0.0190	0.0081	0.0108	0.0000	0.0000	0.0000	0.0000	0.0000	0.0000	0.0000	0.0000	0.0000	0.0000	0.0000	0.0000	0.0000	0.0000	0.0000	0.0000	0.0000	0.0000			
44	77	0.0511	6	2	0	2	0	0	0	0	0	Y	N	Y	N	N	N	N	N	N	N	N	N	0.0000	0.0000	0.0000	0.0000	0.0000	0.0000	0.0000	0.0000	0.0000	0.0000	0.0000	0.0000	0.0000	0.0000	0.0000	0.0000	0.0000	0.0004	0.0002	0.0007	0.0004	0.0004	0.0000	0.0003	0.0000	0.0007	1.5373	0.0000	0.0000	4.9860	0.9901	2.3663	2.2068	0.0000	0.0000	0.0000	0.0000	0.0000	0.0000	0.0000	0.0000	0.0000	0.0000	0.0000	0.0000	0.0000	0.0000	0.0000	0.0000	0.0000	0.0000	0.0344	0.0297	0.0046	0.0020	0.0019	0.0001	0.0324	0.0278	0.0046	0.0920	0.0638	0.0283	0.0332	0.0329	0.0003	0.0588	0.0308	0.0280	0.0000	0.0000	0.0000	0.0000	0.0000	0.0000	0.0000	0.0000	0.0000	0.0004	0.0002	0.0007	0.0004	0.0004	0.0000	0.0003	0.0000	0.0007		
44	78	0.1152	10	1	1	1	0	0	0	0	0	N	N	N	N	N	N	N	N	N	N	N	N	0.2670	44.1469	0.0000	37.0955	40.8245	0.0000	0.1420	inf	0.0000	0.0000	0.0000	0.0000	0.0001	0.0001	0.0000	0.0000	0.0000	0.0000	0.0001	0.0000	0.0003	0.0000	0.0000	0.0000	0.0002	0.0000	0.0003	0.0000	233.2367	-0.0000	0.0000	4.9860	8.4371	2.3663	15.3349	0.0000	0.0000	0.0000	0.0000	0.0000	0.0000	0.0000	0.0000	0.0000	0.0000	0.0000	0.0000	0.0000	0.0000	0.0000	0.0000	0.0000	0.0000	0.3305	0.2899	0.0406	0.0533	0.0508	0.0025	0.2771	0.2391	0.0381	0.2843	0.1760	0.1083	0.0778	0.0734	0.0044	0.2065	0.1026	0.1038	0.2670	44.1469	0.0000	37.0955	40.8245	0.0000	0.1420	inf	0.0000	0.0001	0.0000	0.0003	0.0000	0.0000	0.0000	0.0002	0.0000	0.0003
44	79	0.0511	6	2	0	2	0	0	0	0	0	Y	N	Y	N	N	N	N	N	N	N	N	N	0.0000	0.0000	0.0000	0.0000	0.0000	0.0000	0.0000	0.0000	0.0000	0.0000	0.0000	0.0000	0.0000	0.0000	0.0000	0.0000	0.0002	0.0001	0.0003	0.0003	0.0003	0.0000	0.0002	0.0000	0.0004	1.5441	0.0000	0.0000	4.9860	3.0096	2.3663	5.7427	0.0000	0.0000	0.0000	0.0000	0.0000	0.0000	0.0000	0.0000	0.0000	0.0000	0.0000	0.0000	0.0000	0.0000	0.0000	0.0000	0.0000	0.0000	0.1023	0.0885	0.0138	0.0055	0.0053	0.0002	0.0968	0.0832	0.0136	0.1513	0.0941	0.0572	0.0415	0.0408	0.0007	0.1098	0.0533	0.0565	0.0000	0.0000	0.0000	0.0000	0.0000	0.0000	0.0000	0.0000	0.0000	0.0002	0.0001	0.0003	0.0003	0.0003	0.0000	0.0002	0.0000	0.0004			
44	80	0.0354	5	2	0	2	0	0	0	0	0	Y	N	Y	N	N	N	N	N	N	N	N	N	0.0000	0.0000	0.0000	0.0000	0.0000	0.0000	0.0000	0.0000	0.0000	0.0000	0.0000	0.0000	0.0000	0.0000	0.0000	0.0000	0.0000	9.8301	0.0001	29.4649	0.0004	0.0004	0.0005	12.1783	0.0000	26.1361	138343.8487	0.0000	0.4524	4.9860	1.0477	2.3663	6.1154	0.0000	0.0000	0.0000	0.0000	0.0000	0.0000	0.0000	0.0000	0.0000	0.9898	0.0000	0.9898	0.0000	0.0000	0.0000	0.9898	0.0000	0.9898	0.0407	0.0354	0.0052	0.0042	0.0041	0.0001	0.0365	0.0313	0.0051	0.1007	0.0536	0.0471	0.0194	0.0192	0.0002	0.0813	0.0345	0.0468	0.0000	0.0000	0.0000	0.0000	0.0000	0.0000	0.0000	0.0000	0.0000	9.8301	0.0001	21.0328	0.0004	0.0004	0.0005	12.1783	0.0000	21.1446		
44	81	0.0289	4	1	0	1	0	0	0	0	0	N	N	N	N	N	N	N	N	N	N	N	N	0.0000	0.0000	0.0000	0.0000	0.0000	0.0000	0.0000	0.0000	0.0000	0.0000	0.0000	0.0000	0.0000	0.0000	0.0000	0.0000	0.2465	0.0008	0.5034	0.0032	0.0032	0.0000	0.2819	0.0000	0.5045	602.6302	0.0000	0.0042	4.9860	1.9794	2.3663	1.0196	0.0000	0.0000	0.0000	0.0000	0.0000	0.0000	0.0000	0.0000	0.0000	0.0092	0.0000	0.0092	0.0000	0.0000	0.0000	0.0092	0.0000	0.0092	0.0699	0.0604	0.0096	0.0020	0.0019	0.0001	0.0679	0.0584	0.0095	0.0372	0.0190	0.0182	0.0047	0.0047	0.0000	0.0325	0.0143	0.0181	0.0000	0.0000	0.0000	0.0000	0.0000	0.0000	0.0000	0.0000	0.0000	0.2465	0.0008	0.5034	0.0032	0.0032	0.0000	0.2819	0.0000	0.5045			
44	82	0.0268	3	1	0	1	0	0	0	0	0	N	N	N	N	N	N	N	N	N	N	N	N	0.1837	4.4789	0.0000	170.9802	173.1404	0.0000	0.0000	0.0173	0.0201	0.0000	1.6632	1.6897	0.0000	0.0000	0.0000	0.0000	0.0942	0.0045	0.1873	0.0097	0.0098	0.0000	0.1201	0.0000	0.1875	0.0000	40.2405	-0.0002	0.0007	4.9860	1.0114	2.3663	0.0202	0.0006	0.0006	0.0000	0.0006	0.0006	0.0000	0.0000	0.0000	0.0000	0.0017	0.0000	0.0017	0.0000	0.0000	0.0000	0.0017	0.0000	0.0017	0.0359	0.0309	0.0050	0.0004	0.0004	0.0000	0.0355	0.0306	0.0050	0.0183	0.0093	0.0090	0.0043	0.0043	0.0000	0.0140	0.0050	0.0090	0.1837	4.4789	0.0000	170.9802	173.1404	0.0000	0.0000	0.0000	0.0000	0.0942	0.0045	0.1873	0.0097	0.0098	0.0000	0.1201	0.0000	0.1875		
44	84	0.1351	12	1	1	1	0	0	0	0	0	N	N	N	N	N	N	N	N	N	N	N	N	0.0002	0.0002	0.0000	0.0006	0.0006	0.0000	0.0000	0.0000	0.0000	0.0000	0.0000	0.0000	0.0000	0.0000	0.0000	0.0000	0.0000	0.0000	0.0034	0.0056	0.0001	0.0107	0.0113	0.0000	0.0001	0.0000	0.0001	0.0000	0.0128	-0.0000	-0.0008	4.9860	7.1084	2.3663	28.8937	0.0000	0.0000	0.0000	0.0000	0.0000	0.0000	0.0000	0.0000	0.0000	0.0016	0.0016	0.0000	0.0016	0.0016	0.0000	0.0000	0.0000	0.0000	0.2496	0.2172	0.0324	0.0300	0.0280	0.0020	0.2196	0.1892	0.0304	0.4619	0.2791	0.1828	0.1458	0.1375	0.0082	0.3161	0.1416	0.1746	0.0002	0.0002	0.0000	0.0006	0.0006	0.0000	0.0000	0.0000	0.0000	0.0034	0.0056	0.0001	0.0107	0.0113	0.0000	0.0001	0.0000	0.0001
44	85	0.1276	11	1	1	1	0	0	0	0	0	N	N	N	N	N	N	N	N	N	N	N	N	0.0006	0.0004	0.0035	0.0007	0.0007	0.0000	0.0013	0.0002	0.0062	0.0000	0.0000	0.0000	0.0000	0.0001	0.0000	0.0000	0.0000	0.0000	0.0281	0.0423	0.0030	0.0699	0.0715	0.0273	0.0014	0.0005	0.0021	0.0737	0.0409	-0.0000	-0.0020	4.9860	2.2208	2.3663	3.9129	0.0000	0.0000	0.0000	0.0000	0.0000	0.0000	0.0000	0.0000	0.0000	0.0040	0.0038	0.0002	0.0039	0.0038	0.0001	0.0001	0.0000	0.0001	0.1280	0.1135	0.0145	0.0426	0.0398	0.0028	0.0854	0.0737	0.0117	0.1428	0.0909	0.0519	0.0555	0.0536	0.0019	0.0873	0.0374	0.0499	0.0006	0.0004	0.0035	0.0007	0.0007	0.0000	0.0013	0.0002	0.0062	0.0281	0.0423	0.0030	0.0699	0.0715	0.0273	0.0014	0.0005	0.0021
44	86	0.2031	13	1	0	2	0	0	0	0	0	N	N	Y	N	N	N	N	N	N	N	N	N	0.0004	0.0000	0.0012	0.0025	0.0000	4.3958	0.0003	0.0000	0.0011	0.0000	0.0000	0.0000	0.0000	0.0000	0.0000	0.0000	0.0000	0.0000	0.0006	0.0000	0.0014	0.0001	0.0001	0.0000	0.0008	0.0000	0.0015	inf	21.9782	0.0000	0.0000	4.9860	5.3425	2.3663	7.0749	0.0000	0.0000	0.0000	0.0000	0.0000	0.0000	0.0000	0.0000	0.0000	0.0001	0.0000	0.0001	0.0000	0.0000	0.0000	0.0001	0.0000	0.0001	0.2066	0.1817	0.0249	0.0336	0.0320	0.0016	0.1730	0.1498	0.0232	0.1407	0.0866	0.0541	0.0429	0.0399	0.0030	0.0979	0.0467	0.0511	0.0004	0.0000	0.0012	0.0025	0.0000	4.3958	0.0003	0.0000	0.0011	0.0006	0.0000	0.0014	0.0001	0.0001	0.0000	0.0008	0.0000	0.0015
44	87	0.1599	12	1	0	1	0	0	0	0	0	N	N	N	N	N	N	N	N	N	N	N	N	0.0104	0.0765	0.0055	0.1895	0.1921	0.0552	0.0015	0.0000	0.0060	0.0002	0.0001	0.0002	0.0005	0.0006	0.0000	0.0000	0.0000	0.0002	0.0147	0.0019	0.0373	0.0028	0.0030	0.0002	0.0215	0.0007	0.0400	0.1930	11.1222	-0.0000	0.0017	4.9860	7.0719	2.3663	13.7350	0.0000	0.0000	0.0000	0.0000	0.0000	0.0000	0.0000	0.0000	0.0000	0.0046	0.0004	0.0043	0.0003	0.0003	0.0000	0.0043	0.0001	0.0043	0.3093	0.2719	0.0374	0.0748	0.0690	0.0058	0.2346	0.2029	0.0317	0.3148	0.2006	0.1142	0.1138	0.1062	0.0076	0.2010	0.0944	0.1066	0.0104	0.0765	0.0055	0.1895	0.1921	0.0552	0.0015	0.0000	0.0060	0.0147	0.0019	0.0373	0.0028	0.0030	0.0002	0.0215	0.0007	0.0400
44	88	0.1025	10	2	0	2	0	0	0	0	0	Y	N	Y	N	N	N	N	N	N	N	N	N	0.0000	0.0000	0.0000	0.0000	0.0000	0.0000	0.0000	0.0000	0.0000	0.0000	0.0000	0.0000	0.0000	0.0000	0.0000	0.0000	0.0000	0.0000	0.0000	0.0000	4.9860	0.0000	2.3663	0.0000	0.0000	0.0000	0.0000	0.0000	0.0000	0.0000	0.0000	0.0000	0.0000	0.0000	0.0000	0.0000	0.0000	0.0000	0.0000	0.0000	0.0000	0.0000	0.0000	0.0000	0.0000	0.0000	0.0000	0.0000	0.0000	0.0000	0.0000	0.0000	0.0000	0.0000	0.0000	0.0000	0.0000	0.0000	0.0000	0.0000	0.0000	0.0000	0.0000	0.0000	0.0000	0.0000	0.0000	0.0000	0.0000	0.0000	0.0000	0.0000	0.0000	0.0000	0.0000	0.0000	0.0000	0.0000											
44	89	0.1005	9	2	0	2	0	0	0	0	0	Y	N	Y	N	N	N	N	N	N	N	N	N	206.4098	3001.1487	0.0000	3151.4293	3150.1487	0.0000	0.0000	0.0000	0.0000	2.1410	2.5019	0.0000	5.4845	5.5257	0.0000	0.0000	0.0000	0.0000	0.0104	0.0008	0.0293	0.0017	0.0018	0.0009	0.0145	0.0000	0.0298	0.0000	17.7035	-0.0000	0.0001	4.9860	0.0001	2.3663	0.9161	0.0000	0.0000	0.0000	0.0000	0.0000	0.0000	0.0000	0.0000	0.0000	0.0002	0.0000	0.0002	0.0000	0.0000	0.0000	0.0002	0.0000	0.0002	0.0000	0.0000	0.0000	0.0000	0.0000	0.0000	0.0000	0.0000	0.0000	0.0163	0.0108	0.0055	0.0052	0.0051	0.0001	0.0111	0.0057	0.0054	206.4098	3001.1487	0.0000	3151.4293	3150.1487	0.0000	0.0000	0.0000	0.0000	0.0104	0.0008	0.0293	0.0017	0.0018	0.0009	0.0145	0.0000	0.0298
44	90	0.0758	8	2	0	2	0	0	0	0	0	Y	N	Y	N	N	N	N	N	N	N	N	N	0.9335	227912.1296	0.0000	488367.6714	598749.9313	0.0000	0.0000	0.0000	7.0756	8.1168	0.0000	53.4555	57.0098	0.0000	0.0000	0.0000	0.0000	7.5792	0.0000	25.0419	0.0001	0.0001	0.0006	9.7964	0.0000	21.6058	0.0000	362336.9748	-0.3757	0.4554	4.9860	3.7876	2.3663	7.8440	0.9858	0.9858	0.0000	0.9858	0.9858	0.0000	0.0000	0.0000	0.0000	0.9964	0.0000	0.9964	0.0000	0.0000	0.0000	0.9964	0.0000	0.9964	0.1393	0.1215	0.0179	0.0184	0.0173	0.0011	0.1209	0.1042	0.0167	0.1315	0.0772	0.0542	0.0298	0.0289	0.0009	0.1017	0.0483	0.0534	0.9335	227912.1296	0.0000	488367.6714	598749.9313	0.0000	0.0000	0.0000	0.0000	7.5792	0.0000	18.3668	0.0001	0.0001	0.0006	9.7964	0.0000	18.6671	
44	91	0.1081	10	1	1	1	1	0	0	0	0	N	N	N	N	N	N	N	N	N	N	N	N	4903.3907	0.0277	523770.1775	0.1172	0.0536	3.4864	324932.9413	0.0000	1256135.0695	11.2786	0.0001	92.5525	0.0009	0.0004	0.0204	14.4701	0.0000	97.0357	0.0023	0.0038	0.0002	0.0081	0.0081	0.0059	0.0000	0.0000	0.0001	120610.5997	0.0334	0.5990	-0.0003	4.9860	1.8247	2.3663	16.3284	0.9678	0.0000	0.9678	0.0000	0.0000	0.0000	0.9678	0.0000	0.9678	0.0005	0.0005	0.0000	0.0005	0.0005	0.0000	0.0000	0.0000	0.0000	0.0858	0.0754	0.0105	0.0189	0.0184	0.0005	0.0669	0.0569	0.0100	0.2363	0.1368	0.0994	0.0664	0.0647	0.0017	0.1698	0.0721	0.0977	4903.3907	0.0277	523770.1775	0.1172	0.0536	3.4864	324932.9413	0.0000	1256135.0695	0.0023	0.0038	0.0002	0.0081	0.0081	0.0059	0.0000	0.0000	0.0001
44	92	0.0977	9	1	1	1	0	0	0	0	0	N	N	N	N	N	N	N	N	N	N	N	N	0.1199	0.0000	1.9169	0.0016	0.0000	inf	0.5347	0.0000	1.9808	0.0000	0.0000	0.0000	0.0000	0.0000	0.0000	0.0000	0.0000	0.0001	0.0001	0.0001	0.0000	0.0002	0.0002	0.0000	0.0000	0.0000	0.0000	inf	0.2626	0.0000	-0.0000	4.9860	9.1310	2.3663	16.1726	0.0000	0.0000	0.0000	0.0000	0.0000	0.0000	0.0000	0.0000	0.0000	0.0000	0.0000	0.0000	0.0000	0.0000	0.0000	0.0000	0.0000	0.0000	0.3256	0.2843	0.0413	0.0468	0.0445	0.0023	0.2788	0.2398	0.0390	0.2485	0.1436	0.1049	0.0493	0.0476	0.0017	0.1992	0.0960	0.1032	0.1199	0.0000	1.9169	0.0016	0.0000	inf	0.5347	0.0000	1.9808	0.0001	0.0001	0.0000	0.0002	0.0002	0.0000	0.0000	0.0000	0.0000
44	93	0.1826	15	1	1	1	0	0	0	0	0	N	N	N	N	N	N	N	N	N	N	N	N	0.7335	0.4423	1162.6705	1.5284	1.4683	0.0000	313.3675	1128.7498	0.0534	0.0513	0.0673	0.3311	0.3452	0.0000	0.0102	0.0000	0.0703	0.0728	0.1160	0.0001	0.2166	0.2351	0.0000	0.0000	0.0000	0.0001	0.1973	0.0003	-0.0017	-0.0063	4.9860	4.0959	2.3663	8.7137	0.0080	0.0067	0.0013	0.0067	0.0067	0.0000	0.0013	0.0000	0.0013	0.0117	0.0117	0.0000	0.0117	0.0117	0.0000	0.0000	0.0000	0.0000	0.1499	0.1303	0.0196	0.0202	0.0194	0.0008	0.1297	0.1109	0.0188	0.1603	0.1005	0.0597	0.0539	0.0496	0.0042	0.1064	0.0509	0.0555	0.7335	0.4423	1162.6705	1.5284	1.4683	0.0000	313.3675	0.0000	1128.7498	0.0728	0.1160	0.0001	0.2166	0.2351	0.0000	0.0000	0.0000	0.0001	
44	94	0.1643	14	1	1	1	0	0	0	0	0	N	N	N	N	N	N	N	N	N	N	N	N	1.6378	0.5205	3941596.2254	1.2254	1.2127	0.0000	1184662.8656	inf	3957296.7833	15.6270	7.9463	65.5359	38.0290	39.4608	0.0000	10.6840	0.0177	68.9255	9.5412	15.2659	0.0000	31.0340	32.5384	0.0000	0.0000	0.0000	0.0000	1.2692	0.0000	0.3182	-0.5360	4.9860	2.9443	2.3663	6.1524	1.7851	0.7867	0.9985	0.7853	0.7853	0.0000	0.9999	0.0014	0.9985	0.9872	0.9872	0.0000	0.9872	0.9872	0.0000	0.0000	0.0000	0.0000	0.1142	0.0990	0.0152	0.0206	0.0199	0.0007	0.0936	0.0791	0.0145	0.1035	0.0647	0.0388	0.0323	0.0303	0.0019	0.0712	0.0343	0.0369	1.6378	0.5205	3941596.2254	1.2434	1.2127	0.0000	1184662.8656	inf	3957296.7833	9.5412	15.2659	0.0000	30.5837	32.5384	0.0000	0.0000	0.0000	0.0000
44	95	0.1619	13	1	0	1	0	0	0	0	0	N	N	N	N	N	N	N	N	N	N	N	N	23441.3212	18063.2647	0.0000	715.1831	725.5858	inf	inf	23.1409	26.6258	0.0000	1.8815	1.9638	0.0000	27.9038	32.8594	0.0000	0.0010	0.0015	0.0000	0.0026	0.0027	0.0000	0.0000	0.0000	0.0000	0.0000	0.0000	-0.2893	-0.0000	4.9860	0.8596	2.3663	1.2300	0.7592	0.7592	0.0000	0.0113	0.0113	0.0000	0.7479	0.7479	0.0000	0.0000	0.0000	0.0000	0.0000	0.0000	0.0000	0.0000	0.0000	0.0000	0.0328	0.0285	0.0043	0.0060	0.0058	0.0003	0.0268	0.0228	0.0040	0.0405	0.0271	0.0134	0.0152	0.0148	0.0004	0.0253	0.0123	0.0129	23441.3212	18063.2647	0.0000	715.1831	725.5858	0.0000	inf	inf	0.0000	0.0010	0.0015	0.0000	0.0026	0.0027	0.0000	0.0000	0.0000	0.0000		
44	96	0.1500	12	1	0	1	0	0	0	0	0	N	N	N	N	N	N	N	N	N	N	N	N	587.9719	8792.0322	0.0000	61.3928	62.1647	0.0000	548.5778	inf	0.0000	0.2986	0.3374	0.0000	0.0044	0.0046	0.0000	0.4047	0.4700	0.0000	0.0005	0.0000	0.0013	0.0001	0.0001	0.0000	0.0007	0.0000	0.0014	0.0000	19.8147	-0.0206	0.0000	4.9860	3.7737	2.3663	2.5241	0.0542	0.0542	0.0000	0.0002	0.0002	0.0000	0.0540	0.0540	0.0000	0.0000	0.0000	0.0000	0.0000	0.0000	0.0000	0.0000	0.0000	0.0000	0.1815	0.1606	0.0209	0.0481	0.0458	0.0023	0.1334	0.1148	0.0185	0.0961	0.0611	0.0350	0.0331	0.0319	0.0012	0.0630	0.0292	0.0338	587.9719	8792.0322	0.0000	61.3928	62.1647	0.0000	548.5778	inf	0.0000	0.0005	0.0000	0.0013	0.0001	0.0001	0.0000	0.0007	0.0000	0.0014
44	97	0.1292	11	1	0	1	0	0	0	0	0	N	N	N	N	N	N	N	N	N	N	N	N	1.2794	2.7624	0.0009	3.9981	4.0805	0.0757	0.8329	25.8795	0.0004	0.0018	0.0021	0.0000	0.0063	0.0067	0.0000	0.0011	0.0013	0.0000	0.0014	0.0007	0.0024	0.0016	0.0016	0.0003	0.0013	0.0000	0.0025	0.0002	2.0924	-0.0002	0.0000	4.9860	6.4922	2.3663	4.5502	0.0004	0.0004	0.0000	0.0002	0.0002	0.0000	0.0002	0.0002	0.0000	0.0002	0.0001	0.0001	0.0001	0.0001	0.0000	0.0001	0.0000	0.0001	0.2280	0.1982	0.0297	0.0298	0.0282	0.0016	0.1981	0.1700	0.0281	0.1341	0.0814	0.0527	0.0372	0.0356	0.0016	0.0969	0.0458	0.0511	1.2794	2.7624	0.0009	3.9981	4.0805	0.0757	0.8329	25.8795	0.0004	0.0014	0.0007	0.0024	0.0016	0.0016	0.0003	0.0013	0.0000	0.0025
44	98	0.0758	8	1	1	1	0	0	0	0	0	N	N	N	N	N	N	N	N	N	N	N	N	0.7421	0.0000	9838.6902	0.0000	0.0000	0.0000	29948.0073	113189.5616	0.0119	0.0000	0.0993	0.0000	0.0000	0.0000	0.0155	0.0000	0.1120	0.0161	0.0274	0.0000	0.0728	0.0751	0.0006	0.0000	0.0000	0.0000	inf	0.0003	0.0004	-0.0013	4.9860	1.3608	2.3663	12.1483	0.0007	0.0000	0.0007	0.0000	0.0000	0.0000	0.0007	0.0000	0.0007	0.0024	0.0024	0.0000	0.0024	0.0024	0.0000	0.0000	0.0000	0.0000	0.0579	0.0509	0.0070	0.0133	0.0125	0.0008	0.0446	0.0384	0.0062	0.1486	0.0871	0.0615	0.0328	0.0318	0.0010	0.1158	0.0552	0.0605	0.7421	0.0000	9838.6902	0.0000	0.0000	0.0000	29948.0073	0.0000	113189.5616	0.0161	0.0274	0.0000	0.0728	0.0751	0.0006	0.0000	0.0000	0.0000	
44	99	0.0721	7	1	0	1	0	0	0	0	0	N	N	N	N	N	N	N	N	N	N	N	N	0.1972	7.0138	0.0260	20.0103	21.8761	0.0000	0.0067	0.0289	0.0111	0.0123	0.0034	0.0627	0.0686	0.0000	0.0006	0.0000	0.0038	0.0564	0.0018	0.1303	0.0031	0.0031	0.0030	0.0823	0.0000	0.1316	0.0428	54.8402	-0.0002	0.0011	4.9860	1.5300	2.3663	0.7696	0.0007	0.0007	0.0000	0.0007	0.0007	0.0000	0.0000	0.0000	0.0000	0.0024	0.0000	0.0024	0.0000	0.0000	0.0000	0.0024	0.0000	0.0024	0.0647	0.0560	0.0087	0.0110	0.0101	0.0009	0.0537	0.0459	0.0078	0.0431	0.0248	0.0183	0.0141	0.0139	0.0002	0.0290	0.0109	0.0182	0.1972	7.0138	0.0260	20.0103	21.8761	0.0000	0.0067	0.0000	0.0289	0.0564	0.0018	0.1303	0.0031	0.0031	0.0030	0.0823	0.0000	0.1316	
44	100	0.0632	6	1	0	1	0	0	0	0	0	N	N	N	N	N	N	N	N	N	N	N	N	0.8639	2.2540	1.8395	15.4112	15.9920	0.0000	0.4343	1.8523	0.0005	0.0003	0.0023	0.0039	0.0041	0.0000	0.0003	0.0000	0.0023	0.0006	0.0001	0.0012	0.0003	0.0003	0.0002	0.0007	0.0000	0.0013	1.3333	8.4981	0.0000	0.0000	4.9860	3.6906	2.3663	1.4800	0.0001	0.0000	0.0000	0.0000	0.0000	0.0000	0.0000	0.0000	0.0000	0.0000	0.0000	0.0000	0.0000	0.0000	0.0000	0.0000	0.0000	0.0000	0.1292	0.1120	0.0172	0.0075	0.0072	0.0003	0.1217	0.1048	0.0169	0.0770	0.0428	0.0342	0.0200	0.0196	0.0005	0.0569	0.0232	0.0338	0.8639	2.2540	1.8395	15.4112	15.9920	0.0000	0.4343	0.0000	1.8523	0.0006	0.0001	0.0012	0.0003	0.0003	0.0002	0.0007	0.0000	0.0013	
44	101	0.0632	5	1	0	1	0	0	0	0	0	N	N	N	N	N	N	N	N	N	N	N	N	30.5289	18.1589	140.6084	49.8280	50.5674	0.0000	23.9565	144.1422	0.0089	0.0050	0.0441	0.0172	0.0173	0.0000	0.0060	0.0000	0.0447	0.0003	0.0003	0.0003	0.0003	0.0003	0.0006	0.0003	0.0000	0.0003	1.0000	0.9992	0.0000	-0.0000	4.9860	0.1361	2.3663	0.4500	0.0001	0.0000	0.0000	0.0000	0.0000	0.0000	0.0000	0.0000	0.0000	0.0000	0.0000	0.0000	0.0000	0.0000	0.0000	0.0000	0.0000	0.0000	0.0089	0.0080	0.0009	0.0023	0.0023	0.0000	0.0066	0.0057	0.0009	0.0288	0.0154	0.0134	0.0124	0.0123	0.0002	0.0164	0.0031	0.0132	30.5289	18.1589	140.6084	49.8280	50.5674	0.0000	23.9565	0.0000	144.1422	0.0003	0.0003	0.0003	0.0003	0.0003	0.0006	0.0003	0.0000	0.0003	
44	102	0.0474	4	1	0	1	0	0	0	0	0	N	N	N	N	N	N	N	N	N	N	N	N	97.1663	0.0000	86661.6724	0.0000	0.0000	0.0000	20759.6853	90138.0282	6.0111	0.0000	55.3852	0.0000	0.0000	0.0000	7.8474	0.0000	57.3396	0.0619	0.1128	0.0006	0.2584	0.2599	0.0016	0.0004	0.0000	0.0006	5248998.9614	0.0047	0.6077	-0.0042	4.9860	3.5591	2.3663	4.5341	0.9818	0.0000	0.9818	0.0000	0.0000	0.0000	0.9818	0.0000	0.9818	0.0077	0.0077	0.0000	0.0077	0.0077	0.0000	0.0000	0.0000	0.0000	0.1633	0.1456	0.0177	0.0382	0.0376	0.0006	0.1251	0.1080	0.0171	0.1251	0.0683	0.0568	0.0298	0.0296	0.0002	0.0953	0.0387	0.0566	97.1663	0.0000	86661.6724	0.0000	0.0000	0.0000	20759.6853	0.0000	90138.0282	0.0619	0.1128	0.0006	0.2584	0.2599	0.0016	0.0004	0.0000	0.0006	
44	104	0.1841	13	1	1	1	0	0	0	0	0	N	N	N	N	N	N	N	N	N	N	N	N	0.0004	0.0003	0.0004	0.0004	0.0000	0.0000	0.0000	0.0000	0.0000	0.0000	0.0000	0.0000	0.0000	0.0000	0.0000	0.0096	0.0128	0.0000	0.0222	0.0235	0.0000	0.0001	0.0002	0.0000	0.0000	0.0000	-0.0000	-0.0002	4.9860	0.0277	2.3663	1.3445	0.0000	0.0000	0.0000	0.0000	0.0000	0.0000	0.0000	0.0000	0.0000	0.0003	0.0003	0.0000	0.0003	0.0003	0.0000	0.0000	0.0000	0.0000	0.0017	0.0015	0.0002	0.0006	0.0006	0.0000	0.0011	0.0009	0.0002	0.0303	0.0226	0.0076	0.0130	0.0122	0.0007	0.0173	0.0104	0.0069	0.0004	0.0003	0.0000	0.0004	0.0004	0.0000	0.0000	0.0000	0.0000	0.0096	0.0128	0.0000	0.0222	0.0235	0.0000	0.0001	0.0002	0.0000			
44	105	0.1374	12	1	1	1	0	0	0	0	0	N	N	N	N	N	N	N	N	N	N	N	N	0.0140	0.0098	0.0000	0.0188	0.0213	0.0000	0.0000	0.0000	0.0214	0.0245	0.0000	0.1206	0.1264	0.0000	0.0000	0.0000	0.0000	1.5268	2.5012	0.0000	6.4089	5.9278	0.0000	0.0417	0.0853	0.0000	0.0000	0.0000	-0.0015	-0.1818	4.9860	5.1414	2.3663	16.4151	0.0040	0.0040	0.0000	0.0040	0.0040	0.0000	0.0000	0.0000	0.0000	0.3349	0.3349	0.0000	0.3282	0.3282	0.0000	0.0067	0.0067	0.0000	0.1862	0.1627	0.0234	0.0331	0.0316	0.0015	0.1531	0.1312	0.0219	0.2194	0.1339	0.0855	0.0586	0.0554	0.0032	0.1608	0.0785	0.0823	0.0140	0.0098	0.0000	0.0215	0.0213	0.0000	0.0000	0.0000	0.0000	1.5268	2.5012	0.0000	5.6051	5.9278	0.0000	0.0417	0.0853	0.0000	
44	106	0.1292	11	1	0	1	0	0	0	0	0	N	N	N	N	N	N	N	N	N	N	N	N	1.2036	0.9141	0.0009	0.1328	0.1354	0.8947	10.8322	23.8501	0.0004	0.0294	0.0338	0.0000	0.0095	0.0100	0.0000	0.0326	0.0381	0.0000	0.0244	0.0370	0.0041	0.0718	0.0742	0.0000	0.0030	0.0016	0.0042	0.0000	0.0686	-0.0016	-0.0009	4.9860	3.8974	2.3663	1.6364	0.0042	0.0042	0.0000	0.0002	0.0002	0.0000	0.0040	0.0040	0.0000	0.0020	0.0019	0.0001	0.0018	0.0018	0.0000	0.0002	0.0000	0.0001	0.1418	0.1233	0.0185	0.0198	0.0188	0.0010	0.1220	0.1045	0.0175	0.0811	0.0501	0.0310	0.0252	0.0244	0.0008	0.0558	0.0257	0.0301	1.2036	0.9141	0.0009	0.1328	0.1354	0.8947	10.8322	23.8501	0.0004	0.0244	0.0370	0.0041	0.0718	0.0742	0.0000	0.0030	0.0016	0.0042
44	107	0.1081	10	1	0	1	0	0	0	0	0	N	N	N	N	N	N	N	N	N	N	N	N	130.2372	85.8255	50.8628	116.5612	115.3130	0.5695	51.0111	80.9238	52.4869	0.5284	0.5911	0.0105	1.4391	1.4507	0.0002	0.0084	0.0079	0.0108	0.0041	0.0069	0.0002	0.0123	0.0126	0.0003	0.0002	0.0001	0.0002	0.0022	0.0221	-0.0072	-0.0003	4.9860	0.3701	2.3663	9.6236	0.0189	0.0188	0.0000	0.0187	0.0187	0.0000	0.0002	0.0001	0.0000	0.0007	0.0006	0.0000	0.0006	0.0006	0.0000	0.0000	0.0000	0.0000	0.0357	0.0319	0.0039	0.0130	0.0129	0.0001	0.0228	0.0190	0.0038	0.1630	0.0939	0.0690	0.0521	0.0511	0.0010	0.1109	0.0428	0.0681	130.2372	85.8255	50.8628	116.5612	115.3130	0.5695	51.0111	80.9238	52.4869	0.0041	0.0069	0.0002	0.0123	0.0126	0.0003	0.0002	0.0001	0.0002
44	108	0.0977	9	1	0	1	0	0	0	0	0	N	N	N	N	N	N	N	N	N	N	N	N	6.5054	0.0026	269614.9984	0.0004	0.0004	0.2367	78844.1632	78.8717	409042.9341	0.4992	0.0003	5.1290	0.0001	0.0001	0.0001	0.7612	0.0005	5.3063	0.0767	0.1315	0.0000	0.3447	0.3547	0.0004	0.0000	0.0000	0.0000	1629.4794	0.0001	0.0116	-0.0026	4.9860	0.4415	2.3663	4.8853	0.0187	0.0000	0.0187	0.0000	0.0000	0.0000	0.0187	0.0000	0.0187	0.0047	0.0047	0.0000	0.0047	0.0047	0.0000	0.0000	0.0000	0.0000	0.0375	0.0338	0.0036	0.0129	0.0128	0.0001	0.0246	0.0210	0.0035	0.0618	0.0360	0.0257	0.0137	0.0134	0.0004	0.0480	0.0227	0.0253	6.5054	0.0026	269614.9984	0.0004	0.0004	0.2367	78844.1632	78.8717	409042.9341	0.0767	0.1315	0.0000	0.3447	0.3547	0.0004	0.0000	0.0000	0.0000
44	109	0.1201	8	2	1	1	1	0	0	0	0	Y	N	N	N	N	N	N	N	N	N	N	N	0.0000	0.0000	0.0000	0.0000	0.0000	0.0000	0.0000	0.0000	0.0000	0.0000	0.0000	0.0000	0.0000	0.0000	0.0000	0.0000	0.0000	0.0000	0.0000	0.0000	4.9860	0.0000	2.3663	0.0000	0.0000	0.0000	0.0000	0.0000	0.0000	0.0000	0.0000	0.0000	0.0000	0.0000	0.0000	0.0000	0.0000	0.0000	0.0000	0.0000	0.0000	0.0000	0.0000	0.0000	0.0000	0.0000	0.0000	0.0000	0.0000	0.0000	0.0000	0.0000	0.0000	0.0000	0.0000	0.0000	0.0000	0.0000	0.0000	0.0000	0.0000	0.0000	0.0000	0.0000	0.0000	0.0000	0.0000	0.0000	0.0000	0.0000	0.0000	0.0000	0.0000	0.0000	0.0000	0.0000	0.0000	0.0000											
44	110	0.1051	7	2	1	1	1	0	0	0	0	Y	N	N	N	N	N	N	N	N	N	N	N	0.0000	0.0000	0.0000	0.0000	0.0000	0.0000	0.0000	0.0000	0.0000	0.0000	0.0000	0.0000	0.0000	0.0001	0.0000	0.0003	0.0006	0.0000	0.0088	0.0000	0.0000	0.0000	inf	0.0000	0.0000	4.9860	0.0000	2.3663	7.1240	0.0000	0.0000	0.0000	0.0000	0.0000	0.0000	0.0000	0.0000	0.0000	0.0000	0.0000	0.0000	0.0000	0.0000	0.0000	0.0000	0.0000	0.0000	0.0000	0.0000	0.0000	0.0000	0.0000	0.0000	0.0000	0.0000	0.0000	0.0774	0.0453	0.0321	0.0160	0.0148	0.0012	0.0615	0.0305	0.0309	0.0000	0.0000	0.0000	0.0000	0.0000	0.0000	0.0000	0.0000	0.0000	0.0001	0.0000	0.0003	0.0006	0.0000	0.0088	0.0000	0.0000	0.0000						
44	111	0.1140	9	1	1	1	1	0	0	0	0	N	N	N	N	N	N	N	N	N	N	N	N	0.0000	0.0000	0.0000	0.0000	0.0000	0.0000	0.0000	0.0000	0.0000	0.0000	0.0000	0.0000	0.0000	0.0000	0.0000	0.0000	0.0000	0.0000	0.0000	0.0000	4.9860	0.0016	2.3663	5.0076	0.0000	0.0000	0.0000	0.0000	0.0000	0.0000	0.0000	0.0000	0.0000	0.0000	0.0000	0.0000	0.0000	0.0000	0.0000	0.0000	0.0000	0.0000	0.0002	0.0002	0.0000	0.0001	0.0001	0.0000	0.0001	0.0001	0.0000	0.0534	0.0316	0.0218	0.0126	0.0111	0.0015	0.0408	0.0205	0.0202	0.0000	0.0000	0.0000	0.0000	0.0000	0.0000	0.0000	0.0000	0.0000	0.0000	0.0000	0.0000	0.0000	0.0000	0.0000	0.0000	0.0000	0.0000											
44	112	0.1072	8	1	1	1	1	0	0	0	0	N	N	N	N	N	N	N	N	N	N	N	N	0.0000	0.0000	0.0000	0.0000	0.0000	0.0000	0.0000	0.0000	0.0000	0.0000	0.0000	0.0000	0.0000	0.0000	0.0000	0.0000	0.0000	0.0000	0.0000	-0.0000	4.9860	1.0012	2.3663	2.1373	0.0000	0.0000	0.0000	0.0000	0.0000	0.0000	0.0000	0.0000	0.0000	0.0000	0.0000	0.0000	0.0000	0.0000	0.0000	0.0000	0.0000	0.0000	0.0343	0.0299	0.0044	0.0048	0.0045	0.0003	0.0295	0.0254	0.0042	0.0372	0.0220	0.0152	0.0092	0.0084	0.0008	0.0281	0.0136	0.0144	0.0000	0.0000	0.0000	0.0000	0.0000	0.0000	0.0000	0.0000	0.0000	0.0000	0.0000	0.0000	0.0000	0.0000	0.0000	0.0000	0.0000	0.0000											
44	113	0.1155	8	1	1	1	0	0	0	0	0	N	N	N	N	N	N	N	N	N	N	N	N	0.0000	0.0000	0.0000	0.0000	0.0000	0.0000	0.0000	0.0000	0.0000	0.0000	0.0000	0.0000	0.0000	0.0000	0.0000	0.0000	0.0000	0.1189	0.2004	0.0000	0.5445	0.5889	0.0000	0.0000	0.0000	0.0000	0.0000	0.0000	-0.0040	4.9860	0.9705	2.3663	5.0371	0.0000	0.0000	0.0000	0.0000	0.0000	0.0000	0.0000	0.0000	0.0000	0.0074	0.0074	0.0000	0.0074	0.0074	0.0000	0.0000	0.0000	0.0000	0.0393	0.0345	0.0047	0.0085	0.0081	0.0004	0.0308	0.0264	0.0043	0.0622	0.0369	0.0253	0.0136	0.0125	0.0010	0.0486	0.0243	0.0243	0.0000	0.0000	0.0000	0.0000	0.0000	0.0000	0.0000	0.0000	0.0000	0.1189	0.2004	0.0000	0.5445	0.5889	0.0000	0.0000	0.0000	0.0000		
44	114	0.1072	8	1	0	2	1	0	0	0	0	N	N	Y	N	N	N	N	N	N	N	N	N	0.0000	0.0000	0.0000	0.0000	0.0000	0.0000	0.0000	0.0000	0.0000	0.0000	0.0000	0.0000	0.0000	0.0000	0.0000	0.0000	0.0000	0.0000	0.0000	0.0000	4.9860	0.0000	2.3663	1.1303	0.0000	0.0000	0.0000	0.0000	0.0000	0.0000	0.0000	0.0000	0.0000	0.0000	0.0000	0.0000	0.0000	0.0000	0.0000	0.0000	0.0000	0.0000	0.0000	0.0000	0.0000	0.0000	0.0000	0.0000	0.0000	0.0000	0.0000	0.0161	0.0096	0.0065	0.0046	0.0043	0.0003	0.0115	0.0053	0.0062	0.0000	0.0000	0.0000	0.0000	0.0000	0.0000	0.0000	0.0000	0.0000	0.0000	0.0000	0.0000	0.0000	0.0000	0.0000	0.0000	0.0000	0.0000											
44	115	0.1051	7	1	0	1	1	0	0	0	0	N	N	N	N	N	N	N	N	N	N	N	N	0.0000	0.0000	0.0000	0.0000	0.0000	0.0000	0.0000	0.0000	0.0000	0.0000	0.0000	0.0000	0.0000	0.4287	0.7190	0.0000	1.6050	1.6818	0.0000	0.0000	0.0000	0.0000	0.0000	0.0000	-0.0040	4.9860	0.0000	2.3663	1.2340	0.0000	0.0000	0.0000	0.0000	0.0000	0.0000	0.0000	0.0000	0.0000	0.0074	0.0074	0.0000	0.0074	0.0074	0.0000	0.0000	0.0000	0.0000	0.0000	0.0000	0.0000	0.0000	0.0000	0.0000	0.0000	0.0000	0.0000	0.0173	0.0103	0.0070	0.0046	0.0044	0.0002	0.0127	0.0059	0.0068	0.0000	0.0000	0.0000	0.0000	0.0000	0.0000	0.0000	0.0000	0.0000	0.4287	0.7190	0.0000	1.6050	1.6818	0.0000	0.0000	0.0000	0.0000						
44	116	0.1126	8	1	0	2	1	0	0	0	0	N	N	Y	N	N	N	N	N	N	N	N	N	inf	inf	inf	inf	inf	inf	0.0079	0.0000	0.0655	0.0000	0.0000	0.0000	0.0097	0.0000	0.0695	0.0000	0.0000	0.0000	0.0000	0.0000	0.0000	0.0000	0.0000	0.0000	170550.7059	0.0002	-0.0000	4.9860	0.9725	2.3663	0.9874	0.0003	0.0000	0.0003	0.0000	0.0000	0.0000	0.0003	0.0000	0.0003	0.0000	0.0000	0.0000	0.0000	0.0000	0.0000	0.0000	0.0000	0.0000	0.0368	0.0324	0.0044	0.0070	0.0067	0.0003	0.0298	0.0257	0.0042	0.0216	0.0131	0.0086	0.0048	0.0044	0.0004	0.0168	0.0087	0.0082	inf	inf	inf	0.0000	0.0000	0.0000	inf	inf	inf	0.0000	0.0000	0.0000	0.0000	0.0000	0.0000	0.0000	0.0000	0.0000				
44	117	0.1126	8	1	0	2	1	0	0	0	0	N	N	Y	N	N	N	N	N	N	N	N	N	3321136.1502	inf	inf	4452017.3618	inf	inf	0.0771	0.0000	0.9723	0.0000	0.0000	0.0000	0.1313	0.0000	1.0040	0.0000	0.0000	0.0000	0.0000	0.0000	0.0000	0.0000	0.0000	0.0000	170550.7059	0.0002	0.0000	4.9860	0.0285	2.3663	4.0215	0.0003	0.0000	0.0003	0.0000	0.0000	0.0000	0.0003	0.0000	0.0003	0.0000	0.0000	0.0000	0.0000	0.0000	0.0000	0.0000	0.0000	0.0000	0.0038	0.0035	0.0003	0.0016	0.0015	0.0000	0.0022	0.0019	0.0003	0.0431	0.0257	0.0174	0.0092	0.0084	0.0008	0.0339	0.0173	0.0166	3321136.1502	inf	inf	0.0000	0.0000	0.0000	4452017.3618	inf	inf	0.0000	0.0000	0.0000	0.0000	0.0000	0.0000	0.0000	0.0000	0.0000				
44	118	0.1051	7	1	0	2	1	0	0	0	0	N	N	Y	N	N	N	N	N	N	N	N	N	2481179.1012	862.3052	8170124.0835	0.0000	0.0000	0.0000	inf	inf	inf	9.7284	0.0001	75.9522	0.0000	0.0000	0.0000	11.3051	0.0001	80.5598	0.0000	0.0000	0.0000	0.0000	0.0000	0.0003	0.0000	0.0000	0.0000	99968.0003	50.6596	0.6186	0.0000	4.9860	3.0275	2.3663	2.1573	0.9995	0.0000	0.9995	0.0000	0.0000	0.0000	0.9995	0.0000	0.9995	0.0000	0.0000	0.0000	0.0000	0.0000	0.0000	0.0000	0.0000	0.0000	0.1027	0.0896	0.0132	0.0143	0.0136	0.0008	0.0884	0.0760	0.0124	0.0580	0.0340	0.0240	0.0123	0.0114	0.0009	0.0457	0.0226	0.0231	2481179.1012	862.3052	8170124.0835	0.0000	0.0000	0.0000	inf	inf	inf	0.0000	0.0000	0.0000	0.0000	0.0000	0.0003	0.0000	0.0000	0.0000
44	119	0.1463	7	2	1	1	0	0	0	0	0	Y	N	N	N	N	N	N	N	N	N	N	N	2.1637	1.4140	37.0198	0.2292	0.0000	inf	112.9002	1955.2587	1.7054	0.0002	0.0002	0.0002	0.0001	0.0000	0.0027	0.0003	0.0003	0.0000	0.0001	0.0002	0.0000	0.0004	0.0004	0.0000	0.0000	0.0000	0.0000	0.0843	0.0157	-0.0000	-0.0000	4.9860	2.1883	2.3663	3.1271	0.0000	0.0000	0.0000	0.0000	0.0000	0.0000	0.0000	0.0000	0.0000	0.0000	0.0000	0.0000	0.0000	0.0000	0.0000	0.0000	0.0000	0.0000	0.0909	0.0807	0.0101	0.0182	0.0176	0.0006	0.0726	0.0631	0.0095	0.0638	0.0396	0.0243	0.0180	0.0173	0.0006	0.0458	0.0222	0.0236	2.1637	1.4140	37.0198	0.2292	0.0000	inf	112.9002	1955.2587	1.7054	0.0001	0.0002	0.0000	0.0004	0.0004	0.0000	0.0000	0.0000	0.0000
44	120	0.0794	6	2	1	1	0	0	0	0	0	Y	N	N	N	N	N	N	N	N	N	N	N	115.8821	79.1059	0.0156	0.0034	0.0034	0.0008	2632.2609	inf	0.0162	2.1243	2.4323	0.0000	0.0003	0.0004	0.0000	2.4418	2.8363	0.0000	0.0183	0.0307	0.0018	0.1028	0.1058	0.0010	0.0009	0.0000	0.0018	0.0000	0.0441	-0.3810	-0.0027	4.9860	13.6104	2.3663	16.0982	0.9998	0.9998	0.0000	0.0000	0.0000	0.0000	0.9998	0.9998	0.0000	0.0055	0.0052	0.0002	0.0052	0.0052	0.0000	0.0002	0.0000	0.0002	0.4706	0.4110	0.0596	0.0612	0.0585	0.0027	0.4094	0.3525	0.0569	0.2987	0.1706	0.1282	0.0510	0.0496	0.0015	0.2477	0.1210	0.1267	115.8821	79.1059	0.0156	0.0034	0.0034	0.0008	2632.2609	inf	0.0162	0.0183	0.0307	0.0018	0.1028	0.1058	0.0010	0.0009	0.0000	0.0018
44	121	0.0839	6	1	1	1	0	0	0	0	0	N	N	N	N	N	N	N	N	N	N	N	N	23.0387	12.1183	87.2367	10.8340	15.3267	0.0000	24.9329	90.7087	0.0192	0.0004	0.1960	0.0008	0.0008	0.0000	0.0312	0.0000	0.2058	0.0008	0.0000	0.0022	0.0001	0.0001	0.0011	0.0013	0.0000	0.0023	59.3704	43.9857	0.0005	0.0000	4.9860	0.3548	2.3663	4.6068	0.0008	0.0000	0.0008	0.0000	0.0000	0.0000	0.0008	0.0000	0.0008	0.0001	0.0000	0.0001	0.0000	0.0000	0.0000	0.0001	0.0000	0.0001	0.0414	0.0374	0.0040	0.0164	0.0162	0.0002	0.0250	0.0212	0.0038	0.1155	0.0737	0.0418	0.0412	0.0404	0.0008	0.0743	0.0333	0.0410	23.0387	12.1183	87.2367	10.8340	15.3267	0.0000	24.9329	0.0000	90.7087	0.0008	0.0000	0.0022	0.0001	0.0001	0.0011	0.0013	0.0000	0.0023	
44	122	0.0690	5	1	1	1	0	0	0	0	0	N	N	N	N	N	N	N	N	N	N	N	N	201.1977	0.3335	740.9994	0.4518	0.4496	0.3709	212.3114	0.0184	759.2800	12.1924	0.0006	102.2199	0.0026	0.0026	0.0000	15.5752	0.0000	105.8234	0.0606	0.0019	0.1379	0.0057	0.0059	0.0000	0.0734	0.0000	0.1394	21652.1609	54.5977	0.6174	0.0023	4.9860	1.6911	2.3663	5.7022	0.9976	0.0000	0.9975	0.0000	0.0000	0.0000	0.9975	0.0000	0.9975	0.0053	0.0001	0.0052	0.0001	0.0001	0.0000	0.0052	0.0000	0.0052	0.0818	0.0721	0.0098	0.0178	0.0174	0.0003	0.0640	0.0546	0.0094	0.0879	0.0500	0.0379	0.0166	0.0162	0.0004	0.0713	0.0338	0.0375	201.1977	0.3335	740.9994	0.4518	0.4496	0.3709	212.3114	0.0184	759.2800	0.0606	0.0019	0.1379	0.0057	0.0059	0.0000	0.0734	0.0000	0.1394
44	124	0.1201	9	2	1	1	0	0	0	0	0	Y	N	N	N	N	N	N	N	N	N	N	N	0.0000	0.0000	0.0000	0.0000	0.0000	0.0000	0.0000	0.0000	0.0000	0.0000	0.0000	0.0000	0.0000	0.0000	0.0000	0.0000	0.0000	0.0000	0.0000	0.0000	4.9860	0.0000	2.3663	0.0000	0.0000	0.0000	0.0000	0.0000	0.0000	0.0000	0.0000	0.0000	0.0000	0.0000	0.0000	0.0000	0.0000	0.0000	0.0000	0.0000	0.0000	0.0000	0.0000	0.0000	0.0000	0.0000	0.0000	0.0000	0.0000	0.0000	0.0000	0.0000	0.0000	0.0000	0.0000	0.0000	0.0000	0.0000	0.0000	0.0000	0.0000	0.0000	0.0000	0.0000	0.0000	0.0000	0.0000	0.0000	0.0000	0.0000	0.0000	0.0000	0.0000	0.0000	0.0000	0.0000	0.0000	0.0000											
44	125	0.1155	8	2	1	1	0	0	0	0	0	Y	N	N	N	N	N	N	N	N	N	N	N	0.0000	0.0000	0.0000	0.0000	0.0000	0.0000	0.0000	0.0000	0.0000	0.0000	0.0000	0.0000	0.0000	0.0000	0.0000	0.0021	0.0000	0.0052	0.0017	0.0000	0.0270	0.0022	0.0000	0.0044	inf	0.0000	0.0000	4.9860	0.1434	2.3663	1.9839	0.0000	0.0000	0.0000	0.0000	0.0000	0.0000	0.0000	0.0000	0.0000	0.0001	0.0000	0.0001	0.0000	0.0000	0.0000	0.0000	0.0000	0.0000	0.0109	0.0098	0.0011	0.0044	0.0042	0.0002	0.0066	0.0056	0.0009	0.0242	0.0146	0.0095	0.0058	0.0054	0.0004	0.0184	0.0092	0.0092	0.0000	0.0000	0.0000	0.0000	0.0000	0.0000	0.0000	0.0000	0.0000	0.0021	0.0000	0.0052	0.0017	0.0000	0.0270	0.0022	0.0000	0.0044				
44	126	0.1051	7	1	1	1	0	0	0	0	0	N	N	N	N	N	N	N	N	N	N	N	N	0.0000	0.0000	0.0000	0.0000	0.0000	0.0000	0.0000	0.0000	0.0000	0.0000	0.0000	0.0000	0.0000	0.0000	0.0000	0.0008	0.0013	0.0000	0.0035	0.0037	0.0006	0.0000	0.0000	0.0000	0.0123	0.0000	-0.0000	4.9860	1.8882	2.3663	2.9115	0.0000	0.0000	0.0000	0.0000	0.0000	0.0000	0.0000	0.0000	0.0000	0.0000	0.0000	0.0000	0.0000	0.0000	0.0000	0.0000	0.0000	0.0000	0.0644	0.0562	0.0083	0.0090	0.0085	0.0005	0.0554	0.0477	0.0078	0.0541	0.0317	0.0223	0.0116	0.0108	0.0008	0.0425	0.0210	0.0216	0.0000	0.0000	0.0000	0.0000	0.0000	0.0000	0.0000	0.0000	0.0000	0.0008	0.0013	0.0000	0.0035	0.0037	0.0006	0.0000	0.0000	0.0000				
44	127	0.0794	6	1	0	1	0	0	0	0	0	N	N	N	N	N	N	N	N	N	N	N	N	3728.5968	0.4591	13955.8712	0.6638	0.6634	3949.7887	0.0000	14391.2775	6.4893	0.0001	54.2561	0.0003	0.0003	0.0000	7.9808	0.0000	56.5730	0.0017	0.0001	0.0039	0.0004	0.0004	0.0000	0.0020	0.0000	0.0039	123569.2345	22.4403	0.6106	0.0001	4.9860	3.5543	2.3663	9.0319	0.9865	0.0000	0.9865	0.0000	0.0000	0.0000	0.9865	0.0000	0.9865	0.0002	0.0000	0.0002	0.0000	0.0000	0.0000	0.0002	0.0000	0.0002	0.1520	0.1338	0.0182	0.0284	0.0277	0.0007	0.1236	0.1062	0.0174	0.1380	0.0788	0.0591	0.0242	0.0235	0.0007	0.1138	0.0553	0.0585	3728.5968	0.4591	13955.8712	0.6638	0.6634	0.0000	3949.7887	0.0000	14391.2775	0.0017	0.0001	0.0039	0.0004	0.0004	0.0000	0.0020	0.0000	0.0039	
45	47	0.1619	15	1	0	1	0	0	0	0	0	N	N	N	N	N	N	N	N	N	N	N	N	0.8951	1.0274	0.0254	1.9224	1.9073	0.2186	0.0047	0.0000	0.0192	0.0147	0.0167	0.0004	0.0531	0.0539	0.0031	0.0001	0.0000	0.0003	0.0165	0.0163	0.0168	0.0276	0.0283	0.0140	0.0112	0.0036	0.0169	0.0035	0.7048	-0.0000	-0.0001	0.0225	3.0460	1.9333	11.9126	0.0000	0.0000	0.0000	0.0000	0.0000	0.0000	0.0000	0.0000	0.0000	0.0008	0.0005	0.0003	0.0004	0.0004	0.0000	0.0004	0.0001	0.0003	0.0007	0.0007	0.0001	0.0002	0.0002	0.0000	0.0005	0.0005	0.0001	0.0499	0.0297	0.0203	0.0159	0.0152	0.0007	0.0340	0.0145	0.0196	0.8951	1.0274	0.0254	1.9224	1.9073	0.2186	0.0047	0.0000	0.0192	0.0165	0.0163	0.0168	0.0276	0.0283	0.0140	0.0112	0.0036	0.0169
45	48	0.1485	14	1	0	0	0	0	0	0	0	N	N	N	N	N	N	N	N	N	N	N	N	6.3810	6.2676	7.6527	6.8517	6.6678	145.7169	6.1757	14.1764	7.4432	0.1192	0.1127	0.1511	0.2032	0.2037	0.1706	0.0824	0.0615	0.1505	0.0187	0.0180	0.0197	0.0297	0.0305	0.0012	0.0133	0.0043	0.0202	0.2692	0.7048	-0.0000	-0.0001	0.0225	1.1082	1.9333	5.8288	0.0000	0.0000	0.0000	0.0000	0.0000	0.0000	0.0000	0.0000	0.0000	0.0005	0.0003	0.0002	0.0003	0.0003	0.0000	0.0002	0.0000	0.0002	0.0003	0.0003	0.0001	0.0001	0.0001	0.0000	0.0002	0.0002	0.0001	0.0274	0.0167	0.0107	0.0090	0.0087	0.0003	0.0185	0.0080	0.0105	6.3810	6.2676	7.6527	6.8517	6.6678	145.7169	6.1757	14.1764	7.4432	0.0187	0.0180	0.0197	0.0297	0.0305	0.0012	0.0133	0.0043	0.0202
45	49	0.1797	16	1	1	0	0	0	0	0	0	N	N	N	N	N	N	N	N	N	N	N	N	0.0000	0.0000	0.0000	0.0000	0.0000	0.0000	0.0000	0.0000	0.0000	0.0000	0.0000	0.0000	0.0000	0.0017	0.0030	0.0000	0.0000	0.0000	0.0000	0.0024	0.0054	0.0000	0.0001	0.0000	-0.0000	0.0225	0.0000	1.9333	2.0001	0.0000	0.0000	0.0000	0.0000	0.0000	0.0000	0.0000	0.0000	0.0000	0.0000	0.0000	0.0000	0.0000	0.0000	0.0000	0.0000	0.0000	0.0000	0.0000	0.0000	0.0000	0.0000	0.0000	0.0000	0.0000	0.0000	0.0000	0.0058	0.0033	0.0025	0.0016	0.0015	0.0001	0.0042	0.0018	0.0024	0.0000	0.0000	0.0000	0.0000	0.0000	0.0000	0.0000	0.0000	0.0000	0.0017	0.0030	0.0000	0.0000	0.0000	0.0000	0.0024	0.0054	0.0000						
45	50	0.0827	9	2	1	1	0	0	0	0	0	Y	N	N	N	N	N	N	N	N	N	N	N	0.0000	0.0000	0.0000	0.0000	0.0000	0.0000	0.0000	0.0000	0.0000	0.0000	0.0000	0.0000	0.0000	0.0008	0.0011	0.0000	0.0023	0.0023	0.0000	0.0000	0.0000	0.0000	0.0000	0.0000	-0.0000	0.0225	0.0000	1.9333	1.7047	0.0000	0.0000	0.0000	0.0000	0.0000	0.0000	0.0000	0.0000	0.0000	0.0000	0.0000	0.0000	0.0000	0.0000	0.0000	0.0000	0.0000	0.0000	0.0000	0.0000	0.0000	0.0000	0.0000	0.0000	0.0000	0.0000	0.0000	0.0090	0.0063	0.0027	0.0031	0.0030	0.0001	0.0059	0.0033	0.0027	0.0000	0.0000	0.0000	0.0000	0.0000	0.0000	0.0000	0.0000	0.0000	0.0008	0.0011	0.0000	0.0023	0.0023	0.0000	0.0000	0.0000	0.0000						
45	51	0.0827	9	2	1	1	0	0	0	0	0	Y	N	N	N	N	N	N	N	N	N	N	N	0.0000	0.0000	0.0000	0.0000	0.0000	0.0000	0.0000	0.0000	0.0000	0.0000	0.0000	0.0000	0.0000	0.0006	0.0007	0.0000	0.0000	0.0000	0.0000	0.0011	0.0015	0.0000	0.0000	0.0000	-0.0000	0.0225	0.0000	1.9333	0.2953	0.0000	0.0000	0.0000	0.0000	0.0000	0.0000	0.0000	0.0000	0.0000	0.0000	0.0000	0.0000	0.0000	0.0000	0.0000	0.0000	0.0000	0.0000	0.0000	0.0000	0.0000	0.0000	0.0000	0.0000	0.0000	0.0000	0.0000	0.0048	0.0040	0.0007	0.0021	0.0021	0.0000	0.0026	0.0019	0.0007	0.0000	0.0000	0.0000	0.0000	0.0000	0.0000	0.0000	0.0000	0.0000	0.0006	0.0007	0.0000	0.0000	0.0000	0.0000	0.0011	0.0015	0.0000						
45	52	0.0799	8	2	1	1	0	0	0	0	0	Y	N	N	N	N	N	N	N	N	N	N	N	814.9620	759.4812	2223.4578	999.4659	981.0176	251.2187	0.0000	2195.9092	1.4808	2.1902	0.4694	2.6952	2.6985	0.0000	0.3705	0.0000	0.4701	0.0018	0.0029	0.0002	0.0027	0.0028	0.0000	0.0015	0.0030	0.0002	0.1503	0.0486	-0.0000	-0.0000	0.0225	0.0001	1.9333	1.7968	0.0000	0.0000	0.0000	0.0000	0.0000	0.0000	0.0000	0.0000	0.0000	0.0000	0.0000	0.0000	0.0000	0.0000	0.0000	0.0000	0.0000	0.0000	0.0000	0.0000	0.0000	0.0000	0.0000	0.0000	0.0000	0.0000	0.0000	0.0071	0.0043	0.0029	0.0020	0.0020	0.0000	0.0051	0.0023	0.0028	814.9620	759.4812	2223.4578	999.4659	981.0176	0.0000	251.2187	0.0000	2195.9092	0.0018	0.0029	0.0002	0.0027	0.0028	0.0000	0.0015	0.0030	0.0002	
45	53	0.1257	6	2	1	0	0	0	0	0	0	Y	N	N	N	N	N	N	N	N	N	N	N	271.5713	295.1230	0.0000	295.6404	342.9573	0.0000	33.2399	2905.9956	0.0000	0.4170	0.4862	0.0000	0.9533	1.1339	0.0000	0.0259	0.0298	0.0000	0.0015	0.0016	0.0014	0.0032	0.0033	0.0001	0.0008	0.0000	0.0014	0.0000	0.5352	-0.0001	-0.0000	0.0225	1.8240	1.9333	0.8872	0.0003	0.0003	0.0000	0.0003	0.0003	0.0000	0.0000	0.0000	0.0000	0.0000	0.0000	0.0000	0.0000	0.0000	0.0000	0.0000	0.0000	0.0000	0.0007	0.0006	0.0001	0.0003	0.0003	0.0000	0.0004	0.0004	0.0001	0.0104	0.0063	0.0041	0.0032	0.0031	0.0001	0.0072	0.0032	0.0040	271.5713	295.1230	0.0000	295.6404	342.9573	0.0000	33.2399	2905.9956	0.0000	0.0015	0.0016	0.0014	0.0032	0.0033	0.0001	0.0008	0.0000	0.0014
45	54	0.2097	18	1	1	0	1	0	0	0	0	N	N	N	N	N	N	N	N	N	N	N	N	0.0000	0.0000	0.0000	0.0000	0.0000	0.0000	0.0000	0.0000	0.0000	0.0000	0.0000	0.0000	0.0000	0.0000	0.0000	0.0000	0.0000	0.0000	0.0245	0.0398	0.0018	0.0007	0.0007	0.0000	0.0352	0.0771	0.0019	0.0310	0.0000	-0.0002	0.0225	0.0007	1.9333	4.7762	0.0000	0.0000	0.0000	0.0000	0.0000	0.0000	0.0000	0.0000	0.0000	0.0004	0.0004	0.0000	0.0000	0.0000	0.0000	0.0004	0.0004	0.0000	0.0000	0.0000	0.0000	0.0000	0.0000	0.0000	0.0000	0.0000	0.0000	0.0156	0.0093	0.0063	0.0048	0.0046	0.0003	0.0108	0.0048	0.0060	0.0000	0.0000	0.0000	0.0000	0.0000	0.0000	0.0000	0.0000	0.0000	0.0245	0.0398	0.0018	0.0007	0.0007	0.0000	0.0352	0.0771	0.0019	
45	55	0.2097	18	1	0	0	1	0	0	0	0	N	N	N	N	N	N	N	N	N	N	N	N	0.0000	0.0000	0.0000	0.0000	0.0000	0.0000	0.0000	0.0000	0.0000	0.0000	0.0000	0.0000	0.0000	0.0000	0.0000	0.0000	0.0000	0.0000	17.3728	28.2513	0.3823	61.5974	56.7559	27.6428	0.0026	0.0006	0.0043	0.0087	0.0000	-0.1046	0.0225	0.0007	1.9333	3.2259	0.0000	0.0000	0.0000	0.0000	0.0000	0.0000	0.0000	0.0000	0.0000	0.1957	0.1941	0.0017	0.1957	0.1941	0.0017	0.0000	0.0000	0.0000	0.0000	0.0000	0.0000	0.0000	0.0000	0.0000	0.0000	0.0000	0.0000	0.0113	0.0069	0.0044	0.0036	0.0034	0.0002	0.0077	0.0034	0.0042	0.0000	0.0000	0.0000	0.0000	0.0000	0.0000	0.0000	0.0000	0.0000	17.3728	28.2513	0.3823	54.1712	56.7559	8.5816	0.0026	0.0006	0.0043	
45	56	0.2053	17	1	0	0	1	0	0	0	0	N	N	N	N	N	N	N	N	N	N	N	N	0.0000	0.0000	0.0000	0.0000	0.0000	0.0000	0.0000	0.0000	0.0000	0.0000	0.0000	0.0000	0.0000	0.0000	0.0000	0.0000	0.0000	0.0000	0.0430	0.0685	0.0010	0.1307	0.1365	0.0220	0.0007	0.0014	0.0000	0.0088	0.0000	-0.0002	0.0225	0.9953	1.9333	1.3904	0.0000	0.0000	0.0000	0.0000	0.0000	0.0000	0.0000	0.0000	0.0000	0.0004	0.0004	0.0000	0.0004	0.0004	0.0000	0.0000	0.0000	0.0000	0.0002	0.0002	0.0000	0.0001	0.0001	0.0000	0.0002	0.0001	0.0000	0.0086	0.0054	0.0033	0.0028	0.0027	0.0001	0.0058	0.0027	0.0031	0.0000	0.0000	0.0000	0.0000	0.0000	0.0000	0.0000	0.0000	0.0000	0.0430	0.0685	0.0010	0.1307	0.1365	0.0220	0.0007	0.0014	0.0000	
45	57	0.1986	16	1	0	0	1	0	0	0	0	N	N	N	N	N	N	N	N	N	N	N	N	6.3627	4.2456	0.0000	15.4850	15.5408	0.0000	0.0000	0.0000	0.0000	0.0039	0.0045	0.0000	0.0123	0.0130	0.0000	0.0000	0.0000	0.0000	0.0006	0.0011	0.0000	0.0008	0.0008	0.0001	0.0005	0.0013	0.0000	0.0000	0.0070	-0.0000	-0.0000	0.0225	0.0068	1.9333	3.2797	0.0000	0.0000	0.0000	0.0000	0.0000	0.0000	0.0000	0.0000	0.0000	0.0000	0.0000	0.0000	0.0000	0.0000	0.0000	0.0000	0.0000	0.0000	0.0000	0.0000	0.0000	0.0000	0.0000	0.0000	0.0000	0.0000	0.0000	0.0110	0.0064	0.0046	0.0034	0.0033	0.0002	0.0076	0.0032	0.0044	6.3627	4.2456	0.0000	15.4850	15.5408	0.0000	0.0000	0.0000	0.0000	0.0006	0.0011	0.0000	0.0008	0.0008	0.0001	0.0005	0.0013	0.0000
45	58	0.1575	15	1	0	0	1	0	0	0	0	N	N	N	N	N	N	N	N	N	N	N	N	0.0552	0.0324	8.3357	2.9437	3.1048	0.0000	0.0214	0.0066	10.3539	0.1848	0.1887	0.1647	0.3373	0.3701	0.0000	0.0978	0.0704	0.2059	3.3455	5.8254	0.0198	0.1146	0.1192	0.0155	4.5742	10.6772	0.0199	0.1674	0.0025	-0.0001	-0.1052	0.0225	5.8573	1.9333	13.1443	0.0003	0.0003	0.0001	0.0002	0.0002	0.0000	0.0001	0.0001	0.0001	0.1946	0.1941	0.0005	0.0018	0.0018	0.0000	0.1928	0.1923	0.0005	0.0019	0.0016	0.0003	0.0007	0.0006	0.0001	0.0012	0.0010	0.0002	0.0582	0.0333	0.0248	0.0160	0.0153	0.0007	0.0421	0.0180	0.0241	0.0552	0.0324	8.3357	2.9437	3.1048	0.0000	0.0214	0.0066	10.3539	3.3455	5.8254	0.0198	0.1146	0.1192	0.0155	4.5742	10.6772	0.0199
45	59	0.0800	9	1	1	1	0	0	0	0	0	N	N	N	N	N	N	N	N	N	N	N	N	77.7377	35.1764	648.6518	85.3580	113.0506	0.0000	64.3610	0.3264	6263.5399	0.0793	0.0539	0.1920	0.1406	0.1426	0.0000	0.0517	0.0006	0.1966	0.0010	0.0015	0.0003	0.0016	0.0013	0.0133	0.0008	0.0017	0.0000	0.8028	0.1366	0.0000	-0.0000	0.0225	0.9979	1.9333	4.0614	0.0000	0.0000	0.0000	0.0000	0.0000	0.0000	0.0000	0.0000	0.0000	0.0000	0.0000	0.0000	0.0000	0.0000	0.0000	0.0000	0.0000	0.0000	0.0003	0.0002	0.0001	0.0001	0.0001	0.0000	0.0002	0.0002	0.0001	0.0167	0.0098	0.0069	0.0043	0.0042	0.0001	0.0124	0.0056	0.0068	77.7377	35.1764	648.6518	85.3580	113.0506	0.0000	64.3610	0.3264	6263.5399	0.0010	0.0015	0.0003	0.0016	0.0013	0.0133	0.0008	0.0017	0.0000
45	60	0.0716	8	1	1	0	0	0	0	0	0	N	N	N	N	N	N	N	N	N	N	N	N	13151.0411	5828.5387	113876.8920	14972.6925	14871.9243	30.2001	10732.4047	65.8437	118041.1100	8.9652	5.7429	29.7743	17.2608	17.5244	0.0093	5.6387	0.0558	30.7622	0.0007	0.0010	0.0003	0.0012	0.0012	0.0003	0.0005	0.0008	0.0003	0.8028	0.1917	0.0003	-0.0000	0.0225	2.2356	1.9333	2.2044	0.0054	0.0030	0.0024	0.0030	0.0030	0.0000	0.0024	0.0000	0.0024	0.0000	0.0000	0.0000	0.0000	0.0000	0.0000	0.0000	0.0000	0.0000	0.0006	0.0005	0.0001	0.0002	0.0002	0.0000	0.0004	0.0004	0.0001	0.0146	0.0085	0.0061	0.0036	0.0035	0.0001	0.0110	0.0050	0.0060	13151.0411	5828.5387	113876.8920	14972.6925	14871.9243	30.2001	10732.4047	65.8437	118041.1100	0.0007	0.0010	0.0003	0.0012	0.0012	0.0003	0.0005	0.0008	0.0003
45	61	0.0099	4	2	0	1	0	0	0	0	0	Y	N	N	N	N	N	N	N	N	N	N	N	0.0003	0.0034	0.0008	0.0097	0.0098	0.0000	0.0002	0.0000	0.0009	0.0022	0.0011	0.0104	0.0048	0.0048	0.0000	0.0015	0.0000	0.0104	6.5620	0.3354	12.2774	0.4901	0.4850	145.3691	7.4149	0.2836	12.2770	1.2274	39.8763	0.0000	0.0847	0.0225	2.0703	1.9333	7.0012	0.0000	0.0000	0.0000	0.0000	0.0000	0.0000	0.0000	0.0000	0.0000	0.1957	0.0048	0.1909	0.0018	0.0018	0.0000	0.1939	0.0030	0.1909	0.0005	0.0005	0.0001	0.0001	0.0001	0.0000	0.0004	0.0004	0.0001	0.0298	0.0143	0.0155	0.0037	0.0037	0.0000	0.0261	0.0106	0.0155	0.0003	0.0034	0.0008	0.0097	0.0098	0.0000	0.0002	0.0000	0.0009	6.5620	0.3354	12.2774	0.4901	0.4850	18.7627	7.4149	0.2836	12.2770
45	62	0.0083	3	1	0	0	0	0	0	0	0	N	N	N	N	N	N	N	N	N	N	N	N	0.2112	0.1705	0.5645	0.1984	0.1986	0.0584	0.1823	0.0017	0.5658	0.0521	0.0283	0.1813	0.1032	0.1034	0.0466	0.0367	0.0000	0.1817	0.2467	0.1657	0.3212	0.5204	0.5204	0.7979	0.2014	0.0162	0.3211	1.1839	2.1100	0.0000	0.0001	0.0225	0.9285	1.9333	0.0280	0.0000	0.0000	0.0000	0.0000	0.0000	0.0000	0.0000	0.0000	0.0000	0.0009	0.0003	0.0006	0.0003	0.0003	0.0000	0.0006	0.0000	0.0006	0.0003	0.0002	0.0000	0.0001	0.0001	0.0000	0.0002	0.0002	0.0000	0.0034	0.0017	0.0018	0.0005	0.0005	0.0000	0.0030	0.0012	0.0018	0.2112	0.1705	0.5645	0.1984	0.1986	0.0815	0.1823	0.0017	0.5658	0.2467	0.1657	0.3212	0.5204	0.5204	0.5714	0.2014	0.0162	0.3211
45	63	0.0945	8	2	1	0	0	0	0	0	0	Y	N	N	N	N	N	N	N	N	N	N	N	0.3883	0.3963	0.0000	7.3493	7.6228	0.0000	0.0750	0.0647	0.0000	0.0020	0.0023	0.0000	0.0056	0.0059	0.0000	0.0005	0.0006	0.0000	0.0052	0.0058	0.0045	0.0008	0.0008	0.0001	0.0064	0.0087	0.0045	0.0000	0.5912	-0.0000	-0.0000	0.0225	1.0023	1.9333	3.0135	0.0000	0.0000	0.0000	0.0000	0.0000	0.0000	0.0000	0.0000	0.0000	0.0001	0.0000	0.0000	0.0000	0.0000	0.0000	0.0001	0.0000	0.0000	0.0003	0.0002	0.0000	0.0001	0.0001	0.0000	0.0002	0.0002	0.0000	0.0127	0.0072	0.0055	0.0027	0.0027	0.0000	0.0100	0.0045	0.0055	0.3883	0.3963	0.0000	7.3493	7.6228	0.0000	0.0750	0.0647	0.0000	0.0052	0.0058	0.0045	0.0008	0.0008	0.0001	0.0064	0.0087	0.0045
45	64	0.0681	7	2	1	0	0	0	0	0	0	Y	N	N	N	N	N	N	N	N	N	N	N	196.5879	213.8001	0.3090	207.6969	208.1349	inf	86.1680	162.9504	0.3030	0.3279	0.4007	0.0004	0.7788	0.7955	0.0006	0.1011	0.1370	0.0004	0.0017	0.0019	0.0014	0.0037	0.0038	0.0000	0.0012	0.0008	0.0014	0.0002	0.6380	-0.0001	-0.0000	0.0225	3.0820	1.9333	9.3392	0.0004	0.0004	0.0000	0.0003	0.0003	0.0000	0.0001	0.0001	0.0000	0.0001	0.0000	0.0000	0.0000	0.0000	0.0000	0.0000	0.0000	0.0000	0.0011	0.0009	0.0002	0.0004	0.0004	0.0000	0.0007	0.0005	0.0002	0.0368	0.0200	0.0168	0.0071	0.0069	0.0001	0.0297	0.0131	0.0167	196.5879	213.8001	0.3090	207.6969	208.1349	inf	86.1680	162.9504	0.3030	0.0017	0.0019	0.0014	0.0037	0.0038	0.0000	0.0012	0.0008	0.0014
45	65	0.0716	8	1	1	0	0	0	0	0	0	N	N	N	N	N	N	N	N	N	N	N	N	22.1518	8.7068	151.1101	2468.6916	3304.1010	79.1890	13.2325	0.0000	153.1028	0.0360	0.0188	0.1426	0.0557	0.0563	0.0143	0.0279	0.0000	0.1466	0.0016	0.0022	0.0009	0.0000	0.0000	0.0002	0.0021	0.0036	0.0010	1.2272	0.3407	0.0000	-0.0000	0.0225	1.7946	1.9333	5.9592	0.0000	0.0000	0.0000	0.0000	0.0000	0.0000	0.0000	0.0000	0.0000	0.0000	0.0000	0.0000	0.0000	0.0000	0.0000	0.0000	0.0000	0.0000	0.0005	0.0004	0.0001	0.0001	0.0001	0.0000	0.0004	0.0003	0.0001	0.0236	0.0133	0.0103	0.0055	0.0053	0.0002	0.0181	0.0080	0.0102	22.1518	8.7068	151.1101	2468.6916	3304.1010	79.1890	13.2325	0.0000	153.1028	0.0016	0.0022	0.0009	0.0000	0.0000	0.0002	0.0021	0.0036	0.0010
45	66	0.0648	7	1	1	0	0	0	0	0	0	N	N	N	N	N	N	N	N	N	N	N	N	16.1225	63.9267	31.8814	198.8400	197.3876	4.9355	8.0368	0.8196	32.8426	0.0500	0.0316	0.1968	0.1003	0.1022	0.0007	0.0307	0.0004	0.2059	0.0031	0.0005	0.0062	0.0005	0.0005	0.0001	0.0038	0.0005	0.0063	0.7812	10.6109	0.0000	0.0000	0.0225	1.3569	1.9333	2.0560	0.0000	0.0000	0.0000	0.0000	0.0000	0.0000	0.0000	0.0000	0.0000	0.0000	0.0000	0.0000	0.0000	0.0000	0.0000	0.0000	0.0000	0.0000	0.0004	0.0003	0.0000	0.0001	0.0001	0.0000	0.0003	0.0002	0.0000	0.0104	0.0056	0.0048	0.0023	0.0022	0.0001	0.0082	0.0035	0.0047	16.1225	63.9267	31.8814	198.8400	197.3876	4.9355	8.0368	0.8196	32.8426	0.0031	0.0005	0.0062	0.0005	0.0005	0.0001	0.0038	0.0005	0.0063
45	67	0.0514	6	1	1	0	0	0	0	0	0	N	N	N	N	N	N	N	N	N	N	N	N	175.3032	133.5583	14.7170	2900.9986	3009.8542	1.6245	0.7784	0.0028	15.4115	0.0924	0.1038	0.0034	0.3745	0.3835	0.0004	0.0005	0.0000	0.0036	0.0005	0.0008	0.0002	0.0001	0.0001	0.0002	0.0007	0.0013	0.0002	0.0042	0.2561	-0.0000	-0.0000	0.0225	4.9477	1.9333	2.0153	0.0001	0.0001	0.0000	0.0001	0.0001	0.0000	0.0000	0.0000	0.0000	0.0000	0.0000	0.0000	0.0000	0.0000	0.0000	0.0000	0.0000	0.0000	0.0013	0.0011	0.0001	0.0003	0.0003	0.0000	0.0010	0.0008	0.0001	0.0253	0.0137	0.0116	0.0065	0.0064	0.0001	0.0188	0.0073	0.0115	175.3032	133.5583	14.7170	2900.9986	3009.8542	1.6245	0.7784	0.0028	15.4115	0.0005	0.0008	0.0002	0.0001	0.0001	0.0002	0.0007	0.0013	0.0002
45	68	0.1797	16	1	0	1	0	0	0	0	0	N	N	N	N	N	N	N	N	N	N	N	N	0.0000	0.0000	0.0000	0.0000	0.0000	0.0000	0.0000	0.0000	0.0000	0.0000	0.0000	0.0000	0.0000	0.0009	0.0015	0.0000	0.0031	0.0034	0.0000	0.0000	0.0000	0.0000	0.0001	0.0000	-0.0000	0.0225	0.0000	1.9333	4.0001	0.0000	0.0000	0.0000	0.0000	0.0000	0.0000	0.0000	0.0000	0.0000	0.0000	0.0000	0.0000	0.0000	0.0000	0.0000	0.0000	0.0000	0.0000	0.0000	0.0000	0.0000	0.0000	0.0000	0.0000	0.0000	0.0000	0.0000	0.0115	0.0066	0.0049	0.0032	0.0030	0.0002	0.0083	0.0036	0.0047	0.0000	0.0000	0.0000	0.0000	0.0000	0.0000	0.0000	0.0000	0.0000	0.0009	0.0015	0.0000	0.0031	0.0034	0.0000	0.0000	0.0000	0.0000						
45	69	0.1575	15	1	0	0	0	0	0	0	0	N	N	N	N	N	N	N	N	N	N	N	N	9.0854	6.8479	4.8066	3.8944	4.2283	1.1364	58.1316	117.9734	5.4531	0.4285	0.5187	0.0367	0.5784	0.6506	0.0328	0.3187	0.4067	0.0381	0.0472	0.0757	0.0076	0.1485	0.1539	0.0289	0.0055	0.0034	0.0070	0.0163	0.0729	-0.0002	-0.0009	0.0225	2.8240	1.9333	8.9883	0.0005	0.0005	0.0000	0.0003	0.0003	0.0000	0.0002	0.0002	0.0000	0.0019	0.0018	0.0001	0.0017	0.0017	0.0000	0.0002	0.0000	0.0001	0.0012	0.0010	0.0002	0.0005	0.0004	0.0001	0.0007	0.0005	0.0002	0.0399	0.0231	0.0167	0.0116	0.0111	0.0005	0.0283	0.0120	0.0162	9.0854	6.8479	4.8066	3.8944	4.2283	1.1364	58.1316	117.9734	5.4531	0.0472	0.0757	0.0076	0.1485	0.1539	0.0289	0.0055	0.0034	0.0070
45	70	0.1485	14	1	0	0	0	0	0	0	0	N	N	N	N	N	N	N	N	N	N	N	N	3.9620	3.1719	4.1897	23.1686	22.9007	59.9670	0.4976	0.1611	4.1466	0.4213	0.4713	0.1545	1.2632	1.2811	0.0863	0.0665	0.0414	0.1565	0.1063	0.1486	0.0369	0.0545	0.0559	0.0014	0.1335	0.2569	0.0377	0.0613	0.1509	-0.0001	-0.0010	0.0225	1.4521	1.9333	3.5882	0.0002	0.0002	0.0000	0.0002	0.0002	0.0000	0.0000	0.0000	0.0000	0.0024	0.0021	0.0003	0.0004	0.0004	0.0000	0.0020	0.0016	0.0003	0.0004	0.0003	0.0001	0.0001	0.0001	0.0000	0.0003	0.0002	0.0001	0.0223	0.0139	0.0084	0.0077	0.0075	0.0002	0.0146	0.0064	0.0082	3.9620	3.1719	4.1897	23.1686	22.9007	59.9670	0.4976	0.1611	4.1466	0.1063	0.1486	0.0369	0.0545	0.0559	0.0014	0.1335	0.2569	0.0377
45	71	0.1458	13	1	0	0	0	0	0	0	0	N	N	N	N	N	N	N	N	N	N	N	N	239.7054	193.9917	351.3977	244.8423	241.0781	55.8867	234.3338	13.6202	346.1029	9.2946	7.1617	14.8391	13.3362	13.4233	0.0481	6.7751	0.1493	14.9734	0.0388	0.0369	0.0422	0.0545	0.0557	0.0009	0.0289	0.0110	0.0433	0.7971	0.6153	0.0003	-0.0001	0.0225	1.1783	1.9333	0.9542	0.0054	0.0030	0.0024	0.0030	0.0030	0.0000	0.0024	0.0000	0.0024	0.0005	0.0003	0.0002	0.0003	0.0003	0.0000	0.0002	0.0000	0.0002	0.0006	0.0004	0.0002	0.0002	0.0002	0.0000	0.0004	0.0002	0.0002	0.0125	0.0081	0.0044	0.0048	0.0047	0.0001	0.0077	0.0034	0.0043	239.7054	193.9917	351.3977	244.8423	241.0781	55.8867	234.3338	13.6202	346.1029	0.0388	0.0369	0.0422	0.0545	0.0557	0.0009	0.0289	0.0110	0.0433
45	72	0.1412	12	1	0	0	0	0	0	0	0	N	N	N	N	N	N	N	N	N	N	N	N	10.8936	7.8850	34.6778	15.9242	15.6754	0.0000	8.4033	3.0012	35.0933	0.2598	0.1836	0.8591	0.5087	0.5172	0.0000	0.1641	0.0352	0.8954	0.0238	0.0233	0.0248	0.0319	0.0330	0.0001	0.0195	0.0117	0.0255	0.5952	0.6528	-0.0000	-0.0001	0.0225	2.0762	1.9333	1.4610	0.0001	0.0001	0.0001	0.0001	0.0001	0.0000	0.0001	0.0000	0.0001	0.0004	0.0002	0.0001	0.0002	0.0002	0.0000	0.0002	0.0001	0.0001	0.0005	0.0005	0.0001	0.0001	0.0001	0.0000	0.0004	0.0003	0.0001	0.0156	0.0096	0.0059	0.0054	0.0052	0.0002	0.0101	0.0044	0.0057	10.8936	7.8850	34.6778	15.9242	15.6754	0.0000	8.4033	3.0012	35.0933	0.0238	0.0233	0.0248	0.0319	0.0330	0.0001	0.0195	0.0117	0.0255
45	73	0.0770	8	1	0	0	0	0	0	0	0	N	N	N	N	N	N	N	N	N	N	N	N	48.1849	65.5221	0.0000	73.2344	72.4365	0.0000	17.5357	45.5963	0.0000	0.2720	0.3274	0.0000	0.6795	0.6909	0.0000	0.0829	0.1091	0.0000	0.0056	0.0050	0.0064	0.0093	0.0095	0.0000	0.0047	0.0024	0.0065	0.0000	1.0993	-0.0001	-0.0000	0.0225	4.0673	1.9333	17.8409	0.0004	0.0004	0.0000	0.0003	0.0003	0.0000	0.0001	0.0001	0.0000	0.0003	0.0002	0.0002	0.0001	0.0001	0.0000	0.0002	0.0000	0.0002	0.0013	0.0011	0.0002	0.0004	0.0004	0.0000	0.0009	0.0007	0.0002	0.0610	0.0328	0.0282	0.0123	0.0120	0.0003	0.0487	0.0209	0.0278	48.1849	65.5221	0.0000	73.2344	72.4365	0.0000	17.5357	45.5963	0.0000	0.0056	0.0050	0.0064	0.0093	0.0095	0.0000	0.0047	0.0024	0.0065
45	75	0.2137	12	1	0	0	0	0	0	0	0	N	N	N	N	N	N	N	N	N	N	N	N	0.1180	0.1168	0.1774	0.2072	0.2053	0.1849	0.0442	0.0150	0.1576	0.0527	0.0460	0.0923	0.1095	0.1060	0.1832	0.0166	0.0001	0.0798	0.4463	0.3939	0.5203	0.5283	0.5165	0.9908	0.3748	0.0050	0.5066	0.3368	0.9354	-0.0000	-0.0092	0.0225	3.5843	1.9333	46.7516	0.0001	0.0001	0.0000	0.0001	0.0001	0.0000	0.0000	0.0000	0.0000	0.1539	0.0795	0.0744	0.0849	0.0793	0.0056	0.0690	0.0002	0.0688	0.0014	0.0012	0.0002	0.0006	0.0005	0.0000	0.0009	0.0007	0.0002	0.3447	0.2018	0.1429	0.1606	0.1534	0.0072	0.1841	0.0484	0.1357	0.1180	0.1168	0.1774	0.2072	0.2053	0.2349	0.0442	0.0150	0.1576	0.4463	0.3939	0.5203	0.5283	0.5165	0.7801	0.3748	0.0050	0.5066
45	76	0.0371	6	2	1	1	0	0	0	0	0	Y	N	N	N	N	N	N	N	N	N	N	N	0.0000	0.0000	0.0000	0.0000	0.0000	0.0000	0.0000	0.0000	0.0000	0.0000	0.0000	0.0000	0.0000	0.0000	0.0000	0.0000	0.0000	0.0000	0.0000	0.0000	0.0001	0.0001	0.0000	0.0000	0.0000	0.0000	0.2664	0.0000	-0.0000	0.0225	1.0003	1.9333	1.0071	0.0000	0.0000	0.0000	0.0000	0.0000	0.0000	0.0000	0.0000	0.0000	0.0000	0.0000	0.0000	0.0000	0.0000	0.0000	0.0000	0.0000	0.0000	0.0002	0.0002	0.0000	0.0001	0.0001	0.0000	0.0002	0.0002	0.0000	0.0066	0.0033	0.0033	0.0013	0.0013	0.0001	0.0053	0.0020	0.0033	0.0000	0.0000	0.0000	0.0000	0.0000	0.0000	0.0000	0.0000	0.0000	0.0000	0.0000	0.0000	0.0001	0.0001	0.0000	0.0000	0.0000	0.0000		
45	77	0.0304	5	2	0	1	0	0	0	0	0	Y	N	N	N	N	N	N	N	N	N	N	N	0.1930	0.1992	0.3775	8.8743	6.4472	137.2427	0.0363	0.0000	0.1906	0.0004	0.0003	0.0016	0.0016	0.0012	0.0505	0.0001	0.0000	0.0008	0.0023	0.0014	0.0042	0.0002	0.0002	0.0004	0.0035	0.0028	0.0042	0.8028	1.4050	0.0000	0.0000	0.0225	0.9901	1.9333	2.2068	0.0000	0.0000	0.0000	0.0000	0.0000	0.0000	0.0000	0.0000	0.0000	0.0001	0.0000	0.0000	0.0000	0.0000	0.0000	0.0001	0.0000	0.0000	0.0002	0.0002	0.0000	0.0001	0.0001	0.0000	0.0002	0.0002	0.0000	0.0254	0.0172	0.0082	0.0092	0.0091	0.0001	0.0163	0.0081	0.0082	0.1930	0.1992	0.3775	8.8743	6.4472	137.2427	0.0363	0.0000	0.1906	0.0023	0.0014	0.0042	0.0002	0.0002	0.0004	0.0035	0.0028	0.0042
45	78	0.0945	9	1	1	0	0	0	0	0	0	N	N	N	N	N	N	N	N	N	N	N	N	5.9316	5.6554	0.0050	3.2407	3.2147	0.8569	10.6798	31.0378	0.0000	0.1366	0.1608	0.0001	0.1842	0.1899	0.0013	0.1156	0.1452	0.0000	0.0230	0.0284	0.0155	0.0569	0.0591	0.0015	0.0108	0.0047	0.0158	0.0001	0.3876	-0.0001	-0.0005	0.0225	8.4371	1.9333	15.3349	0.0004	0.0004	0.0000	0.0001	0.0001	0.0000	0.0002	0.0002	0.0000	0.0018	0.0013	0.0005	0.0012	0.0012	0.0000	0.0006	0.0001	0.0005	0.0026	0.0022	0.0004	0.0008	0.0008	0.0000	0.0018	0.0014	0.0004	0.0773	0.0451	0.0322	0.0205	0.0197	0.0008	0.0568	0.0254	0.0314	5.9316	5.6554	0.0050	3.2407	3.2147	0.8569	10.6798	31.0378	0.0000	0.0230	0.0284	0.0155	0.0569	0.0591	0.0015	0.0108	0.0047	0.0158
45	79	0.0304	5	2	0	1	0	0	0	0	0	Y	N	N	N	N	N	N	N	N	N	N	N	290.8727	221.6223	0.0000	437.0108	435.2486	0.0000	240.5835	154.0110	0.0000	7.5173	8.6002	0.0000	15.8302	15.9737	0.0000	5.2649	6.2498	0.0000	0.0258	0.0388	0.0067	0.0362	0.0367	0.0002	0.0219	0.0406	0.0068	0.0000	0.1175	-0.0021	-0.0005	0.0225	3.0096	1.9333	5.7427	0.0055	0.0055	0.0000	0.0025	0.0025	0.0000	0.0030	0.0030	0.0000	0.0011	0.0010	0.0001	0.0004	0.0004	0.0000	0.0007	0.0006	0.0001	0.0007	0.0006	0.0001	0.0002	0.0002	0.0000	0.0006	0.0005	0.0001	0.0421	0.0251	0.0170	0.0116	0.0115	0.0002	0.0305	0.0136	0.0169	290.8727	221.6223	0.0000	437.0108	435.2486	0.0000	240.5835	154.0110	0.0000	0.0258	0.0388	0.0067	0.0362	0.0367	0.0002	0.0219	0.0406	0.0068
45	80	0.0148	4	2	0	1	0	0	0	0	0	Y	N	N	N	N	N	N	N	N	N	N	N	0.0571	0.3019	0.0482	0.2226	0.2238	5.8718	0.0342	0.8537	0.0489	0.1954	0.1527	0.3064	0.3124	0.3168	0.0100	0.1322	0.0020	0.3119	3.4200	0.5060	6.3609	1.4033	1.4154	0.0017	3.8644	0.0024	6.3808	0.7719	12.4575	0.0000	0.0350	0.0225	1.0477	1.9333	6.1154	0.0001	0.0001	0.0000	0.0001	0.0001	0.0000	0.0000	0.0000	0.0000	0.0915	0.0068	0.0847	0.0068	0.0068	0.0000	0.0847	0.0000	0.0847	0.0005	0.0003	0.0001	0.0002	0.0002	0.0000	0.0003	0.0002	0.0001	0.0268	0.0134	0.0133	0.0048	0.0048	0.0000	0.0219	0.0086	0.0133	0.0571	0.3019	0.0482	0.2226	0.2238	5.8718	0.0342	0.8537	0.0489	3.4200	0.5060	6.3609	1.4033	1.4154	0.0017	3.8644	0.0024	6.3808
45	81	0.0083	3	1	0	0	0	0	0	0	0	N	N	N	N	N	N	N	N	N	N	N	N	38.4273	67.5387	78.4429	78.1829	78.3608	0.0000	22.4056	5.2240	78.7317	10.3297	6.7447	33.1344	27.1199	27.1837	0.0000	5.7703	0.0565	33.2570	0.2688	0.0999	0.4224	0.3469	0.3469	0.0622	0.2575	0.0108	0.4224	0.7723	4.6527	0.0003	0.0008	0.0225	1.9794	1.9333	1.0196	0.0055	0.0031	0.0024	0.0031	0.0031	0.0000	0.0024	0.0000	0.0024	0.0028	0.0005	0.0023	0.0004	0.0004	0.0000	0.0023	0.0000	0.0023	0.0005	0.0005	0.0001	0.0001	0.0001	0.0000	0.0004	0.0003	0.0001	0.0103	0.0049	0.0054	0.0013	0.0013	0.0000	0.0090	0.0036	0.0054	38.4273	67.5387	78.4429	78.1829	78.3608	0.0000	22.4056	5.2240	78.7317	0.2688	0.0999	0.4224	0.3469	0.3469	0.0622	0.2575	0.0108	0.4224
45	82	0.0061	2	1	0	0	0	0	0	0	0	N	N	N	N	N	N	N	N	N	N	N	N	0.3431	0.2356	0.8919	0.6112	0.6115	0.0000	0.2382	0.4827	0.8924	0.1187	0.0858	0.2932	0.3266	0.3267	0.0000	0.0600	0.0003	0.2934	0.3461	0.3641	0.3287	0.5343	0.5343	0.1988	0.2517	0.0005	0.3287	0.6456	0.9385	0.0000	-0.0002	0.0225	1.0114	1.9333	0.0202	0.0000	0.0000	0.0000	0.0000	0.0000	0.0000	0.0000	0.0000	0.0000	0.0028	0.0014	0.0014	0.0014	0.0014	0.0000	0.0014	0.0000	0.0014	0.0003	0.0002	0.0000	0.0001	0.0001	0.0000	0.0002	0.0002	0.0000	0.0081	0.0040	0.0041	0.0027	0.0027	0.0000	0.0054	0.0013	0.0041	0.3431	0.2356	0.8919	0.6112	0.6115	0.0000	0.2382	0.4827	0.8924	0.3461	0.3641	0.3287	0.5343	0.5343	0.1988	0.2517	0.0005	0.3287
45	84	0.1144	11	1	1	0	0	0	0	0	0	N	N	N	N	N	N	N	N	N	N	N	N	0.0133	0.2945	0.0013	0.5542	1.2240	0.0037	0.0003	0.0001	0.0013	0.0041	0.0045	0.0010	0.0154	0.0157	0.0010	0.0001	0.0000	0.0010	0.3093	0.0154	0.7132	0.0277	0.0128	0.2702	0.4203	0.0175	0.7312	0.0280	33.7759	-0.0000	0.0145	0.0225	7.1084	1.9333	28.8937	0.0000	0.0000	0.0000	0.0000	0.0000	0.0000	0.0000	0.0000	0.0000	0.0338	0.0010	0.0328	0.0009	0.0004	0.0005	0.0329	0.0006	0.0323	0.0018	0.0016	0.0002	0.0005	0.0005	0.0000	0.0013	0.0011	0.0002	0.1092	0.0632	0.0460	0.0309	0.0291	0.0018	0.0783	0.0341	0.0442	0.0133	0.2945	0.0013	0.5542	1.2240	0.0037	0.0003	0.0001	0.0013	0.3093	0.0154	0.7132	0.0277	0.0128	0.2702	0.4203	0.0175	0.7312
45	85	0.1069	10	1	1	0	0	0	0	0	0	N	N	N	N	N	N	N	N	N	N	N	N	0.0153	0.2798	0.0028	0.5787	0.6003	0.0330	0.0016	0.0021	0.0029	0.0787	0.0880	0.0390	0.1756	0.1818	0.0125	0.0126	0.0007	0.0412	5.1408	0.3146	13.8274	0.3034	0.3028	0.3797	7.8020	0.3347	14.2674	0.1035	24.4172	-0.0000	0.0675	0.0225	2.2208	1.9333	3.9129	0.0001	0.0001	0.0000	0.0001	0.0001	0.0000	0.0000	0.0000	0.0000	0.1616	0.0064	0.1552	0.0034	0.0033	0.0001	0.1582	0.0031	0.1551	0.0010	0.0008	0.0002	0.0004	0.0004	0.0000	0.0006	0.0004	0.0002	0.0314	0.0202	0.0112	0.0112	0.0108	0.0004	0.0203	0.0094	0.0109	0.0153	0.2798	0.0028	0.5787	0.6003	0.0388	0.0016	0.0022	0.0029	5.1408	0.3146	13.8274	0.3034	0.3028	0.3222	7.8020	0.3282	14.2674
45	86	0.1824	12	1	0	1	0	0	0	0	0	N	N	N	N	N	N	N	N	N	N	N	N	0.2459	0.0061	3.3741	0.0597	0.0100	51.2214	0.7019	0.0000	2.9644	0.0010	0.0000	0.0093	0.0006	0.0001	0.0251	0.0012	0.0000	0.0085	0.0042	0.0053	0.0028	0.0100	0.0106	0.0005	0.0017	0.0001	0.0029	35.0116	0.3823	0.0000	-0.0000	0.0225	5.3425	1.9333	7.0749	0.0000	0.0000	0.0000	0.0000	0.0000	0.0000	0.0000	0.0000	0.0000	0.0002	0.0001	0.0000	0.0001	0.0001	0.0000	0.0000	0.0000	0.0000	0.0014	0.0013	0.0002	0.0004	0.0004	0.0000	0.0010	0.0009	0.0001	0.0392	0.0227	0.0165	0.0118	0.0111	0.0007	0.0273	0.0115	0.0158	0.2459	0.0061	3.3741	0.0597	0.0100	51.2214	0.7019	0.0000	2.9644	0.0042	0.0053	0.0028	0.0100	0.0106	0.0005	0.0017	0.0001	0.0029
45	87	0.1392	11	1	0	0	0	0	0	0	0	N	N	N	N	N	N	N	N	N	N	N	N	1.1119	0.0344	9.8238	0.1142	0.0518	52.4917	3.1785	0.0136	9.9268	0.1208	0.0043	0.8041	0.0233	0.0112	0.3225	0.1712	0.0001	0.8525	0.1086	0.1262	0.0819	0.2039	0.2154	0.0061	0.0538	0.0073	0.0859	31.5540	0.4257	0.0002	-0.0024	0.0225	7.0719	1.9333	13.7350	0.0003	0.0000	0.0003	0.0000	0.0000	0.0000	0.0003	0.0000	0.0003	0.0099	0.0070	0.0030	0.0068	0.0068	0.0000	0.0031	0.0002	0.0030	0.0023	0.0020	0.0003	0.0008	0.0008	0.0000	0.0015	0.0012	0.0003	0.0913	0.0552	0.0362	0.0333	0.0315	0.0018	0.0580	0.0236	0.0344	1.1119	0.0344	9.8238	0.1142	0.0518	52.4917	3.1785	0.0136	9.9268	0.1086	0.1262	0.0819	0.2039	0.2154	0.0061	0.0538	0.0073	0.0859
45	88	0.0818	9	2	0	1	0	0	0	0	0	Y	N	N	N	N	N	N	N	N	N	N	N	0.0000	0.0000	0.0000	0.0000	0.0000	0.0000	0.0000	0.0000	0.0000	0.0000	0.0000	0.0000	0.0000	0.0000	0.0000	0.0000	0.0000	0.0000	0.0000	0.0000	0.0225	0.0000	1.9333	0.0000	0.0000	0.0000	0.0000	0.0000	0.0000	0.0000	0.0000	0.0000	0.0000	0.0000	0.0000	0.0000	0.0000	0.0000	0.0000	0.0000	0.0000	0.0000	0.0000	0.0000	0.0000	0.0000	0.0000	0.0000	0.0000	0.0000	0.0000	0.0000	0.0000	0.0000	0.0000	0.0000	0.0000	0.0000	0.0000	0.0000	0.0000	0.0000	0.0000	0.0000	0.0000	0.0000	0.0000	0.0000	0.0000	0.0000	0.0000	0.0000	0.0000	0.0000	0.0000	0.0000	0.0000	0.0000											
45	89	0.0799	8	2	0	1	0	0	0	0	0	Y	N	N	N	N	N	N	N	N	N	N	N	473.1879	468.1348	1265.4000	872.3090	861.1815	117.6733	0.0000	1251.3640	1.4808	2.1902	0.4694	2.6952	2.6985	0.0000	0.3705	0.0000	0.4701	0.0031	0.0047	0.0004	0.0031	0.0031	0.0000	0.0031	0.0062	0.0004	0.1503	0.0445	-0.0000	-0.0000	0.0225	0.0001	1.9333	0.9161	0.0000	0.0000	0.0000	0.0000	0.0000	0.0000	0.0000	0.0000	0.0000	0.0000	0.0000	0.0000	0.0000	0.0000	0.0000	0.0000	0.0000	0.0000	0.0000	0.0000	0.0000	0.0000	0.0000	0.0000	0.0000	0.0000	0.0000	0.0045	0.0029	0.0016	0.0015	0.0014	0.0000	0.0031	0.0015	0.0016	473.1879	468.1348	1265.4000	872.3090	861.1815	0.0000	117.6733	0.0000	1251.3640	0.0031	0.0047	0.0004	0.0031	0.0031	0.0000	0.0031	0.0062	0.0004	
45	90	0.0551	7	2	0	1	0	0	0	0	0	Y	N	N	N	N	N	N	N	N	N	N	N	187.3575	275.1583	155.1905	394.6151	394.8322	1108.6701	40.2200	0.0000	162.0405	15.3188	14.9969	17.8686	50.0978	51.2571	0.1449	2.7267	0.0000	18.8762	0.0818	0.0545	0.1151	0.1270	0.1298	0.0001	0.0678	0.0001	0.1165	0.1504	1.7253	-0.0039	0.0003	0.0225	3.7876	1.9333	7.8440	0.0155	0.0134	0.0020	0.0134	0.0134	0.0000	0.0020	0.0000	0.0020	0.0031	0.0011	0.0019	0.0011	0.0011	0.0000	0.0019	0.0000	0.0019	0.0010	0.0009	0.0001	0.0003	0.0003	0.0000	0.0007	0.0006	0.0001	0.0376	0.0207	0.0169	0.0089	0.0087	0.0002	0.0287	0.0120	0.0167	187.3575	275.1583	155.1905	394.6151	394.8322	1108.6701	40.2200	0.0000	162.0405	0.0818	0.0545	0.1151	0.1270	0.1298	0.0001	0.0678	0.0001	0.1165
45	91	0.0875	9	1	1	0	1	0	0	0	0	N	N	N	N	N	N	N	N	N	N	N	N	619.0676	106.2063	2508.3946	223.9456	221.1884	20.9545	873.9698	0.0013	2519.3454	16.6454	3.2922	54.6940	6.3595	6.4382	0.0413	23.0364	0.0000	55.7033	0.0269	0.0310	0.0218	0.0284	0.0291	0.0020	0.0264	0.0326	0.0221	5.8305	0.5687	0.0073	-0.0003	0.0225	1.8247	1.9333	16.3284	0.0155	0.0023	0.0132	0.0023	0.0023	0.0000	0.0132	0.0000	0.0132	0.0016	0.0010	0.0006	0.0004	0.0004	0.0000	0.0012	0.0006	0.0006	0.0009	0.0007	0.0002	0.0004	0.0004	0.0000	0.0006	0.0003	0.0002	0.0595	0.0329	0.0266	0.0155	0.0151	0.0004	0.0441	0.0179	0.0262	619.0676	106.2063	2508.3946	223.9456	221.1884	20.9545	873.9698	0.0013	2519.3454	0.0269	0.0310	0.0218	0.0284	0.0291	0.0020	0.0264	0.0326	0.0221
45	92	0.0770	8	1	1	0	0	0	0	0	0	N	N	N	N	N	N	N	N	N	N	N	N	22.7380	0.5000	347.8314	2.4332	1.0703	37895.3029	40.3838	0.0000	343.7539	0.0285	0.0009	0.1984	0.0062	0.0028	0.1978	0.0375	0.0000	0.1985	0.0013	0.0018	0.0006	0.0025	0.0026	0.0000	0.0009	0.0014	0.0006	35.0116	0.2665	0.0000	-0.0000	0.0225	9.1310	1.9333	16.1726	0.0001	0.0000	0.0001	0.0000	0.0000	0.0000	0.0001	0.0000	0.0001	0.0001	0.0001	0.0000	0.0000	0.0000	0.0000	0.0001	0.0000	0.0000	0.0025	0.0022	0.0003	0.0007	0.0007	0.0000	0.0018	0.0014	0.0003	0.0692	0.0372	0.0320	0.0139	0.0135	0.0004	0.0553	0.0237	0.0316	22.7380	0.5000	347.8314	2.4332	1.0703	37895.3029	40.3838	0.0000	343.7539	0.0013	0.0018	0.0006	0.0025	0.0026	0.0000	0.0009	0.0014	0.0006
45	93	0.1619	14	1	1	0	0	0	0	0	0	N	N	N	N	N	N	N	N	N	N	N	N	0.3548	0.3609	0.5248	0.8063	0.7546	10.7221	0.1103	0.0000	0.4950	0.0017	0.0016	0.0029	0.0053	0.0053	0.0028	0.0004	0.0000	0.0029	0.0048	0.0043	0.0056	0.0066	0.0071	0.0003	0.0039	0.0012	0.0059	0.2388	0.8855	-0.0000	-0.0000	0.0225	4.0959	1.9333	8.7137	0.0000	0.0000	0.0000	0.0000	0.0000	0.0000	0.0000	0.0000	0.0000	0.0002	0.0001	0.0001	0.0001	0.0001	0.0000	0.0001	0.0000	0.0001	0.0011	0.0009	0.0001	0.0003	0.0003	0.0000	0.0008	0.0007	0.0001	0.0450	0.0266	0.0183	0.0152	0.0141	0.0011	0.0298	0.0126	0.0172	0.3548	0.3609	0.5248	0.8063	0.7546	10.7221	0.1103	0.0000	0.4950	0.0048	0.0043	0.0056	0.0066	0.0071	0.0003	0.0039	0.0012	0.0059
45	94	0.1437	13	1	1	0	0	0	0	0	0	N	N	N	N	N	N	N	N	N	N	N	N	11.5242	3.4326	276.3798	5.6471	5.4669	0.0000	73.7564	0.5012	300.3112	0.5326	0.2465	2.7288	0.7562	0.7672	0.0000	0.4422	0.0006	2.8308	0.0462	0.0718	0.0099	0.1339	0.1403	0.0204	0.0060	0.0013	0.0094	1.4420	0.0968	0.0001	-0.0006	0.0225	2.9443	1.9333	6.1524	0.0004	0.0002	0.0002	0.0002	0.0002	0.0000	0.0002	0.0000	0.0002	0.0013	0.0012	0.0001	0.0012	0.0012	0.0000	0.0001	0.0000	0.0001	0.0008	0.0007	0.0001	0.0002	0.0002	0.0000	0.0006	0.0005	0.0001	0.0291	0.0171	0.0120	0.0092	0.0087	0.0005	0.0200	0.0084	0.0115	11.5242	3.4326	276.3798	5.6471	5.4669	0.0000	73.7564	0.5012	300.3112	0.0462	0.0718	0.0099	0.1339	0.1403	0.0204	0.0060	0.0013	0.0094
45	95	0.1412	12	1	0	0	0	0	0	0	0	N	N	N	N	N	N	N	N	N	N	N	N	32.6125	44.7922	0.1062	1.4524	1.4416	0.0000	50.8040	175.1620	0.1081	0.7258	0.8186	0.0031	0.0381	0.0387	0.0000	1.0088	1.1915	0.0033	0.0223	0.0183	0.0294	0.0262	0.0269	0.0001	0.0199	0.0068	0.0302	0.0005	0.8930	-0.0001	-0.0000	0.0225	0.8596	1.9333	1.2300	0.0002	0.0002	0.0000	0.0000	0.0000	0.0000	0.0002	0.0002	0.0000	0.0003	0.0001	0.0001	0.0001	0.0001	0.0000	0.0001	0.0000	0.0001	0.0002	0.0002	0.0000	0.0001	0.0001	0.0000	0.0002	0.0001	0.0000	0.0114	0.0073	0.0041	0.0043	0.0042	0.0001	0.0071	0.0031	0.0040	32.6125	44.7922	0.1062	1.4524	1.4416	0.0000	50.8040	175.1620	0.1081	0.0223	0.0183	0.0294	0.0262	0.0269	0.0001	0.0199	0.0068	0.0302
45	96	0.1294	11	1	0	0	0	0	0	0	0	N	N	N	N	N	N	N	N	N	N	N	N	0.9708	1.2692	0.0241	0.9157	0.9194	0.0410	1.0253	4.2462	0.0244	0.0172	0.0193	0.0005	0.0215	0.0221	0.0003	0.0149	0.0176	0.0005	0.0177	0.0152	0.0215	0.0235	0.0241	0.0078	0.0145	0.0041	0.0219	0.0034	0.9208	-0.0000	-0.0000	0.0225	3.7737	1.9333	2.5241	0.0000	0.0000	0.0000	0.0000	0.0000	0.0000	0.0000	0.0000	0.0000	0.0005	0.0002	0.0002	0.0002	0.0002	0.0000	0.0003	0.0000	0.0002	0.0012	0.0011	0.0001	0.0004	0.0004	0.0000	0.0008	0.0007	0.0001	0.0271	0.0164	0.0107	0.0094	0.0091	0.0003	0.0177	0.0073	0.0104	0.9708	1.2692	0.0241	0.9157	0.9194	0.0410	1.0253	4.2462	0.0244	0.0177	0.0152	0.0215	0.0235	0.0241	0.0078	0.0145	0.0041	0.0219
45	97	0.1085	10	1	0	0	0	0	0	0	0	N	N	N	N	N	N	N	N	N	N	N	N	0.3443	0.8506	0.0925	1.6896	1.6220	11.6489	0.0110	0.0044	0.0433	0.0270	0.0288	0.0128	0.0995	0.0985	0.1488	0.0009	0.0000	0.0061	0.0785	0.0339	0.1383	0.0589	0.0607	0.0128	0.0859	0.0107	0.1415	0.0569	3.0368	-0.0000	0.0006	0.0225	6.4922	1.9333	4.5502	0.0000	0.0000	0.0000	0.0000	0.0000	0.0000	0.0000	0.0000	0.0000	0.0029	0.0007	0.0022	0.0006	0.0006	0.0000	0.0023	0.0001	0.0022	0.0016	0.0015	0.0002	0.0004	0.0004	0.0000	0.0012	0.0010	0.0002	0.0369	0.0212	0.0157	0.0102	0.0098	0.0004	0.0267	0.0114	0.0154	0.3443	0.8506	0.0925	1.6896	1.6220	11.6489	0.0110	0.0044	0.0433	0.0785	0.0339	0.1383	0.0589	0.0607	0.0128	0.0859	0.0107	0.1415
45	98	0.0551	7	1	1	0	0	0	0	0	0	N	N	N	N	N	N	N	N	N	N	N	N	334.0555	288.8096	288.2722	1392.2157	1415.4798	0.0000	32.6678	0.0171	316.4657	0.3206	0.3350	0.2065	0.9206	0.9529	0.0000	0.0343	0.0000	0.2288	0.0010	0.0012	0.0007	0.0007	0.0007	0.0002	0.0010	0.0015	0.0007	0.0780	0.5086	-0.0000	-0.0000	0.0225	1.3608	1.9333	12.1483	0.0001	0.0001	0.0000	0.0001	0.0001	0.0000	0.0000	0.0000	0.0000	0.0000	0.0000	0.0000	0.0000	0.0000	0.0000	0.0000	0.0000	0.0000	0.0004	0.0004	0.0000	0.0001	0.0001	0.0000	0.0003	0.0002	0.0000	0.0426	0.0233	0.0192	0.0098	0.0096	0.0002	0.0327	0.0137	0.0190	334.0555	288.8096	288.2722	1392.2157	1415.4798	0.0000	32.6678	0.0171	316.4657	0.0010	0.0012	0.0007	0.0007	0.0007	0.0002	0.0010	0.0015	0.0007
45	99	0.0514	6	1	0	0	0	0	0	0	0	N	N	N	N	N	N	N	N	N	N	N	N	19.1372	18.6046	32.5307	43.4842	40.6882	283.8275	4.4007	0.0000	22.2853	0.0296	0.0261	0.0561	0.0905	0.0853	0.2077	0.0056	0.0000	0.0386	0.0015	0.0014	0.0017	0.0021	0.0021	0.0007	0.0013	0.0004	0.0017	0.2849	1.0017	-0.0000	-0.0000	0.0225	1.5300	1.9333	0.7696	0.0000	0.0000	0.0000	0.0000	0.0000	0.0000	0.0000	0.0000	0.0000	0.0000	0.0000	0.0000	0.0000	0.0000	0.0000	0.0000	0.0000	0.0000	0.0004	0.0004	0.0001	0.0001	0.0001	0.0000	0.0003	0.0003	0.0000	0.0123	0.0068	0.0055	0.0041	0.0040	0.0000	0.0082	0.0027	0.0055	19.1372	18.6046	32.5307	43.4842	40.6882	283.8275	4.4007	0.0000	22.2853	0.0015	0.0014	0.0017	0.0021	0.0021	0.0007	0.0013	0.0004	0.0017
45	100	0.0426	5	1	0	0	0	0	0	0	0	N	N	N	N	N	N	N	N	N	N	N	N	3.9546	2.1424	18.3370	7.6616	4.8725	126.0368	1.4263	0.0000	7.3845	0.0035	0.0019	0.0154	0.0126	0.0078	0.4221	0.0009	0.0000	0.0060	0.0009	0.0009	0.0008	0.0016	0.0016	0.0033	0.0006	0.0002	0.0008	1.0055	0.8306	0.0000	-0.0000	0.0225	3.6906	1.9333	1.4800	0.0000	0.0000	0.0000	0.0000	0.0000	0.0000	0.0000	0.0000	0.0000	0.0000	0.0000	0.0000	0.0000	0.0000	0.0000	0.0000	0.0000	0.0000	0.0010	0.0008	0.0001	0.0002	0.0002	0.0000	0.0007	0.0006	0.0001	0.0219	0.0115	0.0104	0.0059	0.0057	0.0001	0.0160	0.0058	0.0103	3.9546	2.1424	18.3370	7.6616	4.8725	126.0368	1.4263	0.0000	7.3845	0.0009	0.0009	0.0008	0.0016	0.0016	0.0033	0.0006	0.0002	0.0008
45	101	0.0426	4	1	0	0	0	0	0	0	0	N	N	N	N	N	N	N	N	N	N	N	N	21.3784	11.4408	103.8797	40.5404	27.3669	98.0115	7.7838	0.0000	51.2653	0.0579	0.0325	0.2661	0.1332	0.0878	0.9486	0.0177	0.0000	0.1274	0.0027	0.0028	0.0026	0.0033	0.0032	0.0097	0.0023	0.0012	0.0025	0.9981	0.8140	0.0000	-0.0000	0.0225	0.1361	1.9333	0.4500	0.0000	0.0000	0.0000	0.0000	0.0000	0.0000	0.0000	0.0000	0.0000	0.0000	0.0000	0.0000	0.0000	0.0000	0.0000	0.0000	0.0000	0.0000	0.0001	0.0001	0.0000	0.0000	0.0000	0.0000	0.0000	0.0000	0.0000	0.0082	0.0043	0.0039	0.0035	0.0035	0.0000	0.0046	0.0008	0.0038	21.3784	11.4408	103.8797	40.5404	27.3669	98.0115	7.7838	0.0000	51.2653	0.0027	0.0028	0.0026	0.0033	0.0032	0.0097	0.0023	0.0012	0.0025
45	102	0.0267	3	1	0	0	0	0	0	0	0	N	N	N	N	N	N	N	N	N	N	N	N	1241.4895	200.1328	8708.4030	322.5836	325.2763	0.6027	1932.9077	0.0000	8912.5437	13.7605	2.0295	105.3761	5.6046	5.6487	0.0127	17.6164	0.0000	107.7570	0.0111	0.0101	0.0121	0.0174	0.0174	0.0211	0.0091	0.0040	0.0121	6.6484	1.1069	0.0075	-0.0000	0.0225	3.5591	1.9333	4.5341	0.0154	0.0020	0.0134	0.0020	0.0020	0.0000	0.0134	0.0000	0.0134	0.0004	0.0002	0.0002	0.0001	0.0001	0.0000	0.0002	0.0000	0.0002	0.0011	0.0010	0.0001	0.0004	0.0004	0.0000	0.0008	0.0006	0.0001	0.0346	0.0179	0.0166	0.0082	0.0082	0.0000	0.0263	0.0097	0.0166	1241.4895	200.1328	8708.4030	322.5836	325.2763	0.6027	1932.9077	0.0000	8912.5437	0.0111	0.0101	0.0121	0.0174	0.0174	0.0211	0.0091	0.0040	0.0121
45	104	0.1634	12	1	1	0	0	0	0	0	0	N	N	N	N	N	N	N	N	N	N	N	N	0.7571	0.8091	1.0205	1.4021	1.0451	121.3021	0.0218	0.4501	0.0000	0.0365	0.0304	0.0749	0.0837	0.0654	0.2843	0.0009	0.0010	0.0000	0.0482	0.0376	0.0734	0.0597	0.0626	0.0023	0.0394	0.0023	0.0789	0.3875	0.8179	-0.0000	-0.0000	0.0225	0.0277	1.9333	1.3445	0.0000	0.0000	0.0000	0.0000	0.0000	0.0000	0.0000	0.0000	0.0000	0.0004	0.0002	0.0002	0.0002	0.0002	0.0000	0.0002	0.0000	0.0002	0.0000	0.0000	0.0000	0.0000	0.0000	0.0000	0.0000	0.0000	0.0000	0.0092	0.0065	0.0027	0.0040	0.0038	0.0002	0.0052	0.0027	0.0025	0.7571	0.8091	1.0205	1.4021	1.0451	121.3021	0.0218	0.4501	0.0000	0.0482	0.0376	0.0734	0.0597	0.0626	0.0023	0.0394	0.0023	0.0789
45	105	0.1167	11	1	1	0	0	0	0	0	0	N	N	N	N	N	N	N	N	N	N	N	N	0.0386	0.0487	0.0000	0.0717	0.0703	0.6070	0.0023	0.0780	0.0000	0.2677	0.3013	0.0001	0.8807	0.9028	0.0002	0.0112	0.0131	0.0000	6.9268	6.1846	7.9040	12.2839	12.8449	0.0003	4.8223	0.1684	8.1362	0.0000	0.9707	-0.0001	-0.0226	0.0225	5.1414	1.9333	16.4151	0.0004	0.0004	0.0000	0.0003	0.0003	0.0000	0.0000	0.0000	0.0000	0.4492	0.2279	0.2212	0.2247	0.2247	0.0000	0.2245	0.0033	0.2212	0.0013	0.0012	0.0001	0.0004	0.0004	0.0000	0.0009	0.0008	0.0001	0.0648	0.0369	0.0280	0.0183	0.0175	0.0008	0.0466	0.0194	0.0272	0.0386	0.0487	0.0000	0.0717	0.0703	0.6070	0.0023	0.0780	0.0000	6.9268	6.1846	7.9040	12.2839	12.8449	0.0003	4.8223	0.1684	8.1362
45	106	0.1085	10	1	0	0	0	0	0	0	0	N	N	N	N	N	N	N	N	N	N	N	N	0.0321	0.0366	0.0614	0.0670	0.0507	9.0313	0.0141	0.3892	0.0294	0.0073	0.0056	0.0205	0.0195	0.0152	0.2168	0.0028	0.0015	0.0101	0.2275	0.1531	0.3348	0.2914	0.2997	0.0240	0.1992	0.0039	0.3420	0.4759	1.5168	-0.0000	0.0003	0.0225	3.8974	1.9333	1.6364	0.0000	0.0000	0.0000	0.0000	0.0000	0.0000	0.0000	0.0000	0.0000	0.0050	0.0020	0.0030	0.0020	0.0020	0.0000	0.0030	0.0000	0.0030	0.0010	0.0009	0.0001	0.0003	0.0003	0.0000	0.0007	0.0006	0.0001	0.0219	0.0130	0.0090	0.0067	0.0065	0.0002	0.0152	0.0064	0.0088	0.0321	0.0366	0.0614	0.0670	0.0507	9.0313	0.0141	0.3892	0.0294	0.2275	0.1531	0.3348	0.2914	0.2997	0.0240	0.1992	0.0039	0.3420
45	107	0.0875	9	1	0	0	0	0	0	0	0	N	N	N	N	N	N	N	N	N	N	N	N	0.3271	2.5083	0.1294	1.8366	1.7996	52.4282	0.1358	0.4164	0.1263	0.6441	0.7065	0.5317	0.9874	0.9876	0.9629	0.3467	0.0030	0.5260	1.9692	0.2816	4.1079	0.5376	0.5488	0.0184	2.5521	0.0072	4.1652	0.4172	11.5090	-0.0000	0.0287	0.0225	0.3701	1.9333	9.6236	0.0004	0.0003	0.0001	0.0003	0.0003	0.0000	0.0001	0.0000	0.0001	0.0761	0.0061	0.0700	0.0060	0.0060	0.0000	0.0701	0.0001	0.0700	0.0006	0.0004	0.0002	0.0003	0.0003	0.0000	0.0003	0.0001	0.0002	0.0386	0.0216	0.0170	0.0112	0.0109	0.0002	0.0275	0.0107	0.0168	0.3271	2.5083	0.1294	1.8366	1.7996	52.4282	0.1358	0.4164	0.1263	1.9692	0.2816	4.1079	0.5376	0.5488	0.0184	2.5521	0.0072	4.1652
45	108	0.0770	8	1	0	0	0	0	0	0	0	N	N	N	N	N	N	N	N	N	N	N	N	0.8249	2.3783	1.0346	1.5875	1.5417	11767.3688	0.9331	1.2456	1.0381	0.9354	0.3128	2.4228	0.5064	0.5030	0.7511	1.2767	0.0024	2.4579	1.1340	0.1315	2.3418	0.3190	0.3262	0.0001	1.3683	0.0019	2.3677	3.2427	14.7800	0.0002	0.0077	0.0225	0.4415	1.9333	4.8853	0.0004	0.0001	0.0003	0.0001	0.0001	0.0000	0.0003	0.0000	0.0003	0.0194	0.0012	0.0182	0.0012	0.0012	0.0000	0.0182	0.0000	0.0182	0.0004	0.0003	0.0001	0.0002	0.0002	0.0000	0.0002	0.0001	0.0001	0.0171	0.0094	0.0078	0.0038	0.0037	0.0001	0.0133	0.0056	0.0077	0.8249	2.3783	1.0346	1.5875	1.5417	11767.3688	0.9331	1.2456	1.0381	1.1340	0.1315	2.3418	0.3190	0.3262	0.0001	1.3683	0.0019	2.3677
45	109	0.0994	7	2	1	0	1	0	0	0	0	Y	N	N	N	N	N	N	N	N	N	N	N	0.0000	0.0000	0.0000	0.0000	0.0000	0.0000	0.0000	0.0000	0.0000	0.0000	0.0000	0.0000	0.0000	0.0000	0.0000	0.0000	0.0000	0.0000	0.0000	0.0000	0.0225	0.0000	1.9333	0.0000	0.0000	0.0000	0.0000	0.0000	0.0000	0.0000	0.0000	0.0000	0.0000	0.0000	0.0000	0.0000	0.0000	0.0000	0.0000	0.0000	0.0000	0.0000	0.0000	0.0000	0.0000	0.0000	0.0000	0.0000	0.0000	0.0000	0.0000	0.0000	0.0000	0.0000	0.0000	0.0000	0.0000	0.0000	0.0000	0.0000	0.0000	0.0000	0.0000	0.0000	0.0000	0.0000	0.0000	0.0000	0.0000	0.0000	0.0000	0.0000	0.0000	0.0000	0.0000	0.0000	0.0000	0.0000											
45	110	0.0844	6	2	1	0	1	0	0	0	0	Y	N	N	N	N	N	N	N	N	N	N	N	0.0000	0.0000	0.0000	0.0000	0.0000	0.0000	0.0000	0.0000	0.0000	0.0000	0.0000	0.0000	0.0000	0.0000	0.0000	0.0009	0.0016	0.0000	0.0041	0.0044	0.0000	0.0000	0.0000	0.0000	0.0002	0.0000	-0.0000	0.0225	0.0000	1.9333	7.1240	0.0000	0.0000	0.0000	0.0000	0.0000	0.0000	0.0000	0.0000	0.0000	0.0000	0.0000	0.0000	0.0000	0.0000	0.0000	0.0000	0.0000	0.0000	0.0000	0.0000	0.0000	0.0000	0.0000	0.0000	0.0000	0.0000	0.0000	0.0220	0.0120	0.0100	0.0047	0.0044	0.0003	0.0173	0.0076	0.0097	0.0000	0.0000	0.0000	0.0000	0.0000	0.0000	0.0000	0.0000	0.0000	0.0009	0.0016	0.0000	0.0041	0.0044	0.0000	0.0000	0.0000	0.0000				
45	111	0.0934	8	1	1	0	1	0	0	0	0	N	N	N	N	N	N	N	N	N	N	N	N	0.0000	0.0000	0.0000	0.0000	0.0000	0.0000	0.0000	0.0000	0.0000	0.0000	0.0000	0.0000	0.0000	0.0000	0.0000	0.0026	0.0048	0.0000	0.0000	0.0000	0.0000	0.0035	0.0079	0.0000	0.0000	0.0000	-0.0000	0.0225	0.0016	1.9333	5.0076	0.0000	0.0000	0.0000	0.0000	0.0000	0.0000	0.0000	0.0000	0.0000	0.0000	0.0000	0.0000	0.0000	0.0000	0.0000	0.0000	0.0000	0.0000	0.0000	0.0000	0.0000	0.0000	0.0000	0.0000	0.0000	0.0000	0.0000	0.0152	0.0083	0.0068	0.0036	0.0032	0.0004	0.0115	0.0051	0.0064	0.0000	0.0000	0.0000	0.0000	0.0000	0.0000	0.0000	0.0000	0.0000	0.0026	0.0048	0.0000	0.0000	0.0000	0.0000	0.0035	0.0079	0.0000				
45	112	0.0866	7	1	1	0	1	0	0	0	0	N	N	N	N	N	N	N	N	N	N	N	N	0.0000	0.0000	0.0000	0.0000	0.0000	0.0000	0.0000	0.0000	0.0000	0.0000	0.0000	0.0000	0.0000	0.0000	0.0000	0.0000	0.0000	0.0009	0.0016	0.0000	0.0035	0.0038	0.0000	0.0000	0.0000	0.0000	0.0051	0.0000	-0.0000	0.0225	1.0012	1.9333	2.1373	0.0000	0.0000	0.0000	0.0000	0.0000	0.0000	0.0000	0.0000	0.0000	0.0000	0.0000	0.0000	0.0000	0.0000	0.0000	0.0000	0.0000	0.0000	0.0003	0.0002	0.0000	0.0001	0.0001	0.0000	0.0002	0.0002	0.0000	0.0105	0.0058	0.0047	0.0026	0.0024	0.0002	0.0079	0.0034	0.0045	0.0000	0.0000	0.0000	0.0000	0.0000	0.0000	0.0000	0.0000	0.0000	0.0009	0.0016	0.0000	0.0035	0.0038	0.0000	0.0000	0.0000	0.0000		
45	113	0.0949	7	1	1	0	0	0	0	0	0	N	N	N	N	N	N	N	N	N	N	N	N	0.0000	0.0000	0.0000	0.0000	0.0000	0.0000	0.0000	0.0000	0.0000	0.0000	0.0000	0.0000	0.0000	0.0000	0.0000	0.0000	0.0000	0.0000	0.4260	0.0173	0.9282	0.0346	0.0369	0.0009	0.5406	0.0050	0.9594	43.6847	0.0000	0.0033	0.0225	0.9705	1.9333	5.0371	0.0000	0.0000	0.0000	0.0000	0.0000	0.0000	0.0000	0.0000	0.0000	0.0075	0.0002	0.0074	0.0001	0.0001	0.0000	0.0074	0.0000	0.0074	0.0003	0.0002	0.0000	0.0001	0.0001	0.0000	0.0002	0.0002	0.0000	0.0177	0.0098	0.0079	0.0040	0.0037	0.0003	0.0137	0.0060	0.0077	0.0000	0.0000	0.0000	0.0000	0.0000	0.0000	0.0000	0.0000	0.0000	0.4260	0.0173	0.9282	0.0346	0.0369	0.0009	0.5406	0.0050	0.9594	
45	114	0.0866	7	1	0	1	1	0	0	0	0	N	N	N	N	N	N	N	N	N	N	N	N	0.0000	0.0000	0.0000	0.0000	0.0000	0.0000	0.0000	0.0000	0.0000	0.0000	0.0000	0.0000	0.0000	0.0020	0.0036	0.0000	0.0070	0.0074	0.0000	0.0000	0.0000	0.0000	0.0000	0.0000	-0.0000	0.0225	0.0000	1.9333	1.1303	0.0000	0.0000	0.0000	0.0000	0.0000	0.0000	0.0000	0.0000	0.0000	0.0000	0.0000	0.0000	0.0000	0.0000	0.0000	0.0000	0.0000	0.0000	0.0000	0.0000	0.0000	0.0000	0.0000	0.0000	0.0000	0.0000	0.0000	0.0045	0.0026	0.0020	0.0013	0.0012	0.0001	0.0032	0.0013	0.0019	0.0000	0.0000	0.0000	0.0000	0.0000	0.0000	0.0000	0.0000	0.0000	0.0020	0.0036	0.0000	0.0070	0.0074	0.0000	0.0000	0.0000	0.0000						
45	115	0.0844	6	1	0	0	1	0	0	0	0	N	N	N	N	N	N	N	N	N	N	N	N	0.0000	0.0000	0.0000	0.0000	0.0000	0.0000	0.0000	0.0000	0.0000	0.0000	0.0000	0.0000	0.0000	0.0000	0.0000	0.0000	0.0000	1.5529	2.7505	0.0027	0.1108	0.1154	0.0000	2.0907	5.0161	0.0027	0.0007	0.0000	-0.0041	0.0225	0.0000	1.9333	1.2340	0.0000	0.0000	0.0000	0.0000	0.0000	0.0000	0.0000	0.0000	0.0000	0.0076	0.0076	0.0000	0.0001	0.0001	0.0000	0.0074	0.0074	0.0000	0.0000	0.0000	0.0000	0.0000	0.0000	0.0000	0.0000	0.0000	0.0000	0.0049	0.0028	0.0021	0.0013	0.0013	0.0001	0.0036	0.0015	0.0021	0.0000	0.0000	0.0000	0.0000	0.0000	0.0000	0.0000	0.0000	0.0000	1.5529	2.7505	0.0027	0.1108	0.1154	0.0000	2.0907	5.0161	0.0027		
45	116	0.0919	7	1	0	1	1	0	0	0	0	N	N	N	N	N	N	N	N	N	N	N	N	102.8531	31.5271	inf	1.8860	1.7899	inf	inf	inf	0.0005	0.0002	0.0023	0.0000	0.0000	0.0000	0.0007	0.0004	0.0025	0.0000	0.0000	0.0000	0.0000	0.0000	0.0000	0.0000	0.0000	0.0000	1.0425	0.0000	0.0000	-0.0000	0.0225	0.9725	1.9333	0.9874	0.0000	0.0000	0.0000	0.0000	0.0000	0.0000	0.0000	0.0000	0.0000	0.0000	0.0000	0.0000	0.0000	0.0000	0.0000	0.0000	0.0000	0.0000	0.0003	0.0002	0.0000	0.0001	0.0001	0.0000	0.0002	0.0002	0.0000	0.0062	0.0035	0.0027	0.0014	0.0013	0.0001	0.0047	0.0022	0.0026	102.8531	31.5271	inf	1.8860	1.7899	0.0000	inf	inf	inf	0.0000	0.0000	0.0000	0.0000	0.0000	0.0000	0.0000	0.0000	0.0000	
45	117	0.0919	7	1	0	1	1	0	0	0	0	N	N	N	N	N	N	N	N	N	N	N	N	2589.0419	773.4104	inf	35.6193	33.4704	inf	inf	inf	0.0060	0.0032	0.0385	0.0004	0.0004	0.0000	0.0105	0.0058	0.0414	0.0000	0.0000	0.0000	0.0000	0.0000	0.0000	0.0000	0.0000	0.0000	1.0425	0.0106	0.0000	-0.0000	0.0225	0.0285	1.9333	4.0215	0.0000	0.0000	0.0000	0.0000	0.0000	0.0000	0.0000	0.0000	0.0000	0.0000	0.0000	0.0000	0.0000	0.0000	0.0000	0.0000	0.0000	0.0000	0.0000	0.0000	0.0000	0.0000	0.0000	0.0000	0.0000	0.0000	0.0000	0.0123	0.0068	0.0055	0.0027	0.0025	0.0002	0.0096	0.0043	0.0053	2589.0419	773.4104	inf	35.6193	33.4704	0.0000	inf	inf	inf	0.0000	0.0000	0.0000	0.0000	0.0000	0.0000	0.0000	0.0000	0.0000	
45	118	0.0844	6	1	0	1	1	0	0	0	0	N	N	N	N	N	N	N	N	N	N	N	N	1326.3788	506.3165	899280.1021	36.3891	34.8364	0.0000	477871.3540	428713.4252	1131713.8927	0.7575	0.5270	2.6664	0.0941	0.0957	0.0000	1.0123	0.7169	2.7884	0.0006	0.0010	0.0000	0.0026	0.0027	0.0000	0.0000	0.0000	0.0000	0.6111	0.0024	-0.0000	-0.0000	0.0225	3.0275	1.9333	2.1573	0.0006	0.0004	0.0002	0.0000	0.0000	0.0000	0.0006	0.0003	0.0002	0.0000	0.0000	0.0000	0.0000	0.0000	0.0000	0.0000	0.0000	0.0000	0.0008	0.0007	0.0001	0.0002	0.0002	0.0000	0.0006	0.0005	0.0001	0.0165	0.0090	0.0075	0.0036	0.0034	0.0002	0.0129	0.0056	0.0072	1326.3788	506.3165	899280.1021	36.3891	34.8364	0.0000	477871.3540	428713.4252	1131713.8927	0.0006	0.0010	0.0000	0.0026	0.0027	0.0000	0.0000	0.0000	0.0000
45	119	0.1257	6	2	1	0	0	0	0	0	0	Y	N	N	N	N	N	N	N	N	N	N	N	145.4638	7.2240	686.8632	454.8377	15.1650	30063.2658	9.4042	0.0373	51.5147	0.0745	0.0024	0.5220	0.1764	0.0061	1.1507	0.0053	0.0000	0.0399	0.0005	0.0003	0.0008	0.0004	0.0004	0.0000	0.0006	0.0003	0.0008	34.6719	1.6134	0.0000	0.0000	0.0225	2.1883	1.9333	3.1271	0.0001	0.0000	0.0001	0.0001	0.0000	0.0001	0.0000	0.0000	0.0000	0.0000	0.0000	0.0000	0.0000	0.0000	0.0000	0.0000	0.0000	0.0000	0.0008	0.0007	0.0001	0.0003	0.0003	0.0000	0.0005	0.0004	0.0001	0.0177	0.0104	0.0074	0.0050	0.0049	0.0002	0.0127	0.0055	0.0072	145.4638	7.2240	686.8632	454.8377	15.1650	30063.2658	9.4042	0.0373	51.5147	0.0005	0.0003	0.0008	0.0004	0.0004	0.0000	0.0006	0.0003	0.0008
45	120	0.0587	5	2	1	0	0	0	0	0	0	Y	N	N	N	N	N	N	N	N	N	N	N	1.9568	35.1835	0.9482	29.6343	29.1245	5877.1854	1.4496	41.7628	0.9414	0.1277	0.1275	0.1285	0.1674	0.1680	0.1264	0.1127	0.1094	0.1286	0.0652	0.0036	0.1355	0.0056	0.0058	0.0000	0.0778	0.0026	0.1366	0.1502	32.7725	-0.0001	0.0023	0.0225	13.6104	1.9333	16.0982	0.0005	0.0004	0.0001	0.0002	0.0002	0.0000	0.0003	0.0002	0.0001	0.0054	0.0002	0.0053	0.0001	0.0001	0.0000	0.0053	0.0001	0.0053	0.0035	0.0031	0.0005	0.0010	0.0010	0.0000	0.0026	0.0021	0.0004	0.0832	0.0443	0.0389	0.0145	0.0142	0.0003	0.0688	0.0302	0.0386	1.9568	35.1835	0.9482	29.6343	29.1245	5877.1854	1.4496	41.7628	0.9414	0.0652	0.0036	0.1355	0.0056	0.0058	0.0000	0.0778	0.0026	0.1366
45	121	0.0633	5	1	1	0	0	0	0	0	0	N	N	N	N	N	N	N	N	N	N	N	N	0.0740	0.8760	0.0027	0.6987	0.7022	0.7522	0.0028	256.5552	0.0027	0.2199	0.3133	0.0202	0.4509	0.4621	0.0155	0.0120	0.0003	0.0203	2.9708	0.3576	7.3520	0.6453	0.6580	0.0206	4.2088	0.0000	7.4913	0.0301	12.2609	-0.0000	0.0339	0.0225	0.3548	1.9333	4.6068	0.0001	0.0001	0.0000	0.0001	0.0001	0.0000	0.0000	0.0000	0.0000	0.0888	0.0067	0.0821	0.0067	0.0067	0.0000	0.0821	0.0000	0.0821	0.0005	0.0004	0.0002	0.0003	0.0002	0.0000	0.0003	0.0001	0.0002	0.0299	0.0187	0.0112	0.0104	0.0102	0.0002	0.0195	0.0085	0.0110	0.0740	0.8760	0.0027	0.6987	0.7022	0.7522	0.0028	256.5552	0.0027	2.9708	0.3576	7.3520	0.6453	0.6580	0.0206	4.2088	0.0000	7.4913
45	122	0.0484	4	1	1	0	0	0	0	0	0	N	N	N	N	N	N	N	N	N	N	N	N	2.9493	5.5717	4.0588	4.3737	4.3340	186.0052	2.4233	0.7667	4.0986	0.5548	0.3257	1.3649	0.7025	0.7085	0.2116	0.4712	0.0024	1.3880	0.1881	0.0585	0.3363	0.1606	0.1635	0.0011	0.1944	0.0031	0.3386	1.1845	5.0319	0.0001	0.0013	0.0225	1.6911	1.9333	5.7022	0.0004	0.0002	0.0002	0.0002	0.0002	0.0000	0.0002	0.0000	0.0002	0.0045	0.0008	0.0038	0.0007	0.0007	0.0000	0.0038	0.0000	0.0038	0.0008	0.0006	0.0002	0.0003	0.0003	0.0000	0.0005	0.0003	0.0002	0.0242	0.0129	0.0113	0.0045	0.0044	0.0001	0.0196	0.0084	0.0112	2.9493	5.5717	4.0588	4.3737	4.3340	186.0052	2.4233	0.7667	4.0986	0.1881	0.0585	0.3363	0.1606	0.1635	0.0011	0.1944	0.0031	0.3386
45	124	0.0995	8	2	1	0	0	0	0	0	0	Y	N	N	N	N	N	N	N	N	N	N	N	0.0000	0.0000	0.0000	0.0000	0.0000	0.0000	0.0000	0.0000	0.0000	0.0000	0.0000	0.0000	0.0000	0.0000	0.0000	0.0000	0.0000	0.0000	0.0000	0.0000	0.0225	0.0000	1.9333	0.0000	0.0000	0.0000	0.0000	0.0000	0.0000	0.0000	0.0000	0.0000	0.0000	0.0000	0.0000	0.0000	0.0000	0.0000	0.0000	0.0000	0.0000	0.0000	0.0000	0.0000	0.0000	0.0000	0.0000	0.0000	0.0000	0.0000	0.0000	0.0000	0.0000	0.0000	0.0000	0.0000	0.0000	0.0000	0.0000	0.0000	0.0000	0.0000	0.0000	0.0000	0.0000	0.0000	0.0000	0.0000	0.0000	0.0000	0.0000	0.0000	0.0000	0.0000	0.0000	0.0000	0.0000	0.0000											
45	125	0.0949	7	2	1	0	0	0	0	0	0	Y	N	N	N	N	N	N	N	N	N	N	N	0.0000	0.0000	0.0000	0.0000	0.0000	0.0000	0.0000	0.0000	0.0000	0.0000	0.0000	0.0000	0.0000	0.0000	0.0000	0.0000	0.0000	0.0000	0.0104	0.0181	0.0003	0.0299	0.0316	0.0000	0.0041	0.0087	0.0004	0.0147	0.0000	-0.0000	0.0225	0.1434	1.9333	1.9839	0.0000	0.0000	0.0000	0.0000	0.0000	0.0000	0.0000	0.0000	0.0000	0.0001	0.0001	0.0000	0.0001	0.0001	0.0000	0.0000	0.0000	0.0000	0.0001	0.0001	0.0000	0.0000	0.0000	0.0000	0.0000	0.0000	0.0000	0.0068	0.0039	0.0030	0.0017	0.0016	0.0001	0.0052	0.0023	0.0029	0.0000	0.0000	0.0000	0.0000	0.0000	0.0000	0.0000	0.0000	0.0000	0.0104	0.0181	0.0003	0.0299	0.0316	0.0000	0.0041	0.0087	0.0004	
45	126	0.0844	6	1	1	0	0	0	0	0	0	N	N	N	N	N	N	N	N	N	N	N	N	0.0000	0.0000	0.0000	0.0000	0.0000	0.0000	0.0000	0.0000	0.0000	0.0000	0.0000	0.0000	0.0000	0.0000	0.0000	0.0000	0.0000	0.0000	0.0073	0.0023	0.0134	0.0004	0.0004	0.0000	0.0093	0.0034	0.0138	4.8629	0.0000	0.0000	0.0225	1.8882	1.9333	2.9115	0.0000	0.0000	0.0000	0.0000	0.0000	0.0000	0.0000	0.0000	0.0000	0.0001	0.0000	0.0001	0.0000	0.0000	0.0000	0.0001	0.0000	0.0001	0.0005	0.0004	0.0001	0.0001	0.0001	0.0000	0.0003	0.0003	0.0000	0.0154	0.0084	0.0069	0.0034	0.0032	0.0002	0.0120	0.0052	0.0067	0.0000	0.0000	0.0000	0.0000	0.0000	0.0000	0.0000	0.0000	0.0000	0.0073	0.0023	0.0134	0.0004	0.0004	0.0000	0.0093	0.0034	0.0138	
45	127	0.0587	5	1	0	0	0	0	0	0	0	N	N	N	N	N	N	N	N	N	N	N	N	3073.1417	331.9158	55602.7713	654.2645	649.6689	25.0675	5112.9408	0.0007	56534.8287	12.6988	2.2432	62.5787	5.7169	5.7902	0.0005	16.0510	0.0000	64.0977	0.0041	0.0068	0.0011	0.0087	0.0089	0.0000	0.0031	0.0057	0.0011	5.8478	0.1454	0.0075	-0.0001	0.0225	3.5543	1.9333	9.0319	0.0158	0.0023	0.0135	0.0023	0.0023	0.0000	0.0135	0.0000	0.0135	0.0002	0.0001	0.0000	0.0001	0.0001	0.0000	0.0001	0.0001	0.0000	0.0012	0.0010	0.0002	0.0004	0.0004	0.0000	0.0008	0.0006	0.0002	0.0383	0.0205	0.0179	0.0068	0.0067	0.0001	0.0315	0.0138	0.0177	3073.1417	331.9158	55602.7713	654.2645	649.6689	25.0675	5112.9408	0.0007	56534.8287	0.0041	0.0068	0.0011	0.0087	0.0089	0.0000	0.0031	0.0057	0.0011
46	47	0.1587	14	1	0	1	0	0	0	0	0	N	N	N	N	N	N	N	N	N	N	N	N	0.5177	0.4022	0.0046	0.0003	0.0003	0.1682	4.9468	inf	0.0044	0.0055	0.0064	0.0000	0.0000	0.0000	0.0000	0.0065	0.0077	0.0000	0.0107	0.0158	0.0025	0.0358	0.0383	0.0001	0.0013	0.0000	0.0026	0.0003	0.0990	-0.0000	-0.0001	1.0095	3.0460	0.3555	11.9126	0.0001	0.0001	0.0000	0.0000	0.0000	0.0000	0.0001	0.0001	0.0000	0.0003	0.0003	0.0000	0.0003	0.0003	0.0000	0.0000	0.0000	0.0000	0.0216	0.0188	0.0028	0.0033	0.0032	0.0001	0.0183	0.0157	0.0027	0.0279	0.0172	0.0107	0.0076	0.0071	0.0005	0.0203	0.0101	0.0102	0.5177	0.4022	0.0046	0.0003	0.0003	0.1682	4.9468	inf	0.0044	0.0107	0.0158	0.0025	0.0358	0.0383	0.0001	0.0013	0.0000	0.0026
46	48	0.1453	13	1	0	0	0	0	0	0	0	N	N	N	N	N	N	N	N	N	N	N	N	0.1545	0.0992	0.4801	0.2434	0.2417	3.1233	0.1473	1.1894	0.4861	0.0021	0.0010	0.0088	0.0055	0.0057	0.0007	0.0014	0.0000	0.0092	0.0133	0.0104	0.0183	0.0228	0.0238	0.0002	0.0095	0.0000	0.0189	1.2959	1.0259	0.0000	-0.0000	1.0095	1.1082	0.3555	5.8288	0.0000	0.0000	0.0000	0.0000	0.0000	0.0000	0.0000	0.0000	0.0000	0.0002	0.0001	0.0001	0.0001	0.0001	0.0000	0.0001	0.0000	0.0001	0.0083	0.0072	0.0011	0.0013	0.0013	0.0001	0.0070	0.0059	0.0010	0.0157	0.0099	0.0058	0.0045	0.0043	0.0002	0.0112	0.0056	0.0056	0.1545	0.0992	0.4801	0.2434	0.2417	3.1233	0.1473	1.1894	0.4861	0.0133	0.0104	0.0183	0.0228	0.0238	0.0002	0.0095	0.0000	0.0189
46	49	0.1765	15	1	1	0	0	0	0	0	0	N	N	N	N	N	N	N	N	N	N	N	N	0.0000	0.0000	0.0000	0.0000	0.0000	0.0000	0.0000	0.0000	0.0000	0.0000	0.0000	0.0000	0.0000	0.0129	0.0217	0.0000	0.0617	0.0707	0.0000	0.0000	0.0000	0.0000	0.0000	0.0000	-0.0000	1.0095	0.0000	0.3555	2.0001	0.0000	0.0000	0.0000	0.0000	0.0000	0.0000	0.0000	0.0000	0.0000	0.0000	0.0000	0.0000	0.0000	0.0000	0.0000	0.0000	0.0000	0.0000	0.0000	0.0000	0.0000	0.0000	0.0000	0.0000	0.0000	0.0000	0.0000	0.0031	0.0018	0.0013	0.0006	0.0006	0.0001	0.0025	0.0013	0.0012	0.0000	0.0000	0.0000	0.0000	0.0000	0.0000	0.0000	0.0000	0.0000	0.0129	0.0217	0.0000	0.0617	0.0707	0.0000	0.0000	0.0000	0.0000						
46	50	0.0795	8	2	1	1	0	0	0	0	0	Y	N	N	N	N	N	N	N	N	N	N	N	0.0000	0.0000	0.0000	0.0000	0.0000	0.0000	0.0000	0.0000	0.0000	0.0000	0.0000	0.0000	0.0000	0.0000	0.0000	0.0000	0.0000	0.0000	0.0000	0.0000	1.0095	0.0000	0.3555	1.7047	0.0000	0.0000	0.0000	0.0000	0.0000	0.0000	0.0000	0.0000	0.0000	0.0000	0.0000	0.0000	0.0000	0.0000	0.0000	0.0000	0.0000	0.0000	0.0000	0.0000	0.0000	0.0000	0.0000	0.0000	0.0000	0.0000	0.0000	0.0055	0.0040	0.0015	0.0017	0.0017	0.0000	0.0038	0.0023	0.0015	0.0000	0.0000	0.0000	0.0000	0.0000	0.0000	0.0000	0.0000	0.0000	0.0000	0.0000	0.0000	0.0000	0.0000	0.0000	0.0000	0.0000	0.0000											
46	51	0.0795	8	2	1	1	0	0	0	0	0	Y	N	N	N	N	N	N	N	N	N	N	N	0.0000	0.0000	0.0000	0.0000	0.0000	0.0000	0.0000	0.0000	0.0000	0.0000	0.0000	0.0000	0.0000	0.0000	0.0000	0.0000	0.0000	0.0000	0.0000	0.0000	1.0095	0.0000	0.3555	0.2953	0.0000	0.0000	0.0000	0.0000	0.0000	0.0000	0.0000	0.0000	0.0000	0.0000	0.0000	0.0000	0.0000	0.0000	0.0000	0.0000	0.0000	0.0000	0.0000	0.0000	0.0000	0.0000	0.0000	0.0000	0.0000	0.0000	0.0000	0.0032	0.0028	0.0004	0.0014	0.0014	0.0000	0.0018	0.0013	0.0004	0.0000	0.0000	0.0000	0.0000	0.0000	0.0000	0.0000	0.0000	0.0000	0.0000	0.0000	0.0000	0.0000	0.0000	0.0000	0.0000	0.0000	0.0000											
46	52	0.0767	7	2	1	1	0	0	0	0	0	Y	N	N	N	N	N	N	N	N	N	N	N	46.8433	161.8793	44.7306	141.9020	139.9315	0.0000	16.0950	45.2728	0.0306	0.0263	0.0651	0.0617	0.0622	0.0000	0.0116	0.0000	0.0669	0.0007	0.0002	0.0015	0.0004	0.0004	0.0001	0.0007	0.0000	0.0015	0.3069	5.4797	-0.0000	0.0000	1.0095	0.0001	0.3555	1.7968	0.0000	0.0000	0.0000	0.0000	0.0000	0.0000	0.0000	0.0000	0.0000	0.0000	0.0000	0.0000	0.0000	0.0000	0.0000	0.0000	0.0000	0.0000	0.0000	0.0000	0.0000	0.0000	0.0000	0.0000	0.0000	0.0000	0.0000	0.0041	0.0026	0.0016	0.0010	0.0009	0.0000	0.0032	0.0016	0.0015	46.8433	161.8793	44.7306	141.9020	139.9315	0.0000	16.0950	0.0000	45.2728	0.0007	0.0002	0.0015	0.0004	0.0004	0.0001	0.0007	0.0000	0.0015	
46	53	0.1225	5	2	1	0	0	0	0	0	0	Y	N	N	N	N	N	N	N	N	N	N	N	7.0532	297.2926	0.0010	67.1914	70.0887	0.0000	5.7976	inf	0.0010	0.0205	0.0230	0.0000	0.0128	0.0132	0.0000	0.0226	0.0260	0.0000	0.0029	0.0001	0.0077	0.0002	0.0002	0.0002	0.0039	0.0000	0.0079	0.0000	58.7771	-0.0001	0.0000	1.0095	1.8240	0.3555	0.8872	0.0003	0.0003	0.0000	0.0000	0.0000	0.0000	0.0003	0.0003	0.0000	0.0000	0.0000	0.0000	0.0000	0.0000	0.0000	0.0000	0.0000	0.0000	0.0164	0.0146	0.0018	0.0035	0.0034	0.0001	0.0129	0.0112	0.0017	0.0060	0.0038	0.0022	0.0016	0.0015	0.0001	0.0044	0.0022	0.0022	7.0532	297.2926	0.0010	67.1914	70.0887	0.0000	5.7976	inf	0.0010	0.0029	0.0001	0.0077	0.0002	0.0002	0.0002	0.0039	0.0000	0.0079
46	54	0.2065	17	1	1	0	1	0	0	0	0	N	N	N	N	N	N	N	N	N	N	N	N	0.0000	0.0000	0.0000	0.0000	0.0000	0.0000	0.0000	0.0000	0.0000	0.0000	0.0000	0.0000	0.0000	0.0000	0.0000	0.0000	0.0000	0.0444	0.0027	0.1127	0.0048	0.0051	0.0000	0.0578	0.0012	0.1187	25.9682	0.0000	0.0002	1.0095	0.0007	0.3555	4.7762	0.0000	0.0000	0.0000	0.0000	0.0000	0.0000	0.0000	0.0000	0.0000	0.0004	0.0000	0.0004	0.0000	0.0000	0.0000	0.0004	0.0000	0.0004	0.0000	0.0000	0.0000	0.0000	0.0000	0.0000	0.0000	0.0000	0.0000	0.0086	0.0054	0.0033	0.0022	0.0020	0.0002	0.0064	0.0033	0.0031	0.0000	0.0000	0.0000	0.0000	0.0000	0.0000	0.0000	0.0000	0.0000	0.0444	0.0027	0.1127	0.0048	0.0051	0.0000	0.0578	0.0012	0.1187		
46	55	0.2065	17	1	0	0	1	0	0	0	0	N	N	N	N	N	N	N	N	N	N	N	N	0.0000	0.0000	0.0000	0.0000	0.0000	0.0000	0.0000	0.0000	0.0000	0.0000	0.0000	0.0000	0.0000	0.0000	0.0000	0.0000	0.0000	0.3641	0.5216	0.0907	1.3485	1.3128	2.8666	0.0000	0.0000	0.0000	0.1002	0.0000	-0.0010	1.0095	0.0007	0.3555	3.2259	0.0000	0.0000	0.0000	0.0000	0.0000	0.0000	0.0000	0.0000	0.0000	0.0023	0.0021	0.0002	0.0023	0.0021	0.0002	0.0000	0.0000	0.0000	0.0000	0.0000	0.0000	0.0000	0.0000	0.0000	0.0000	0.0000	0.0000	0.0063	0.0040	0.0023	0.0017	0.0016	0.0001	0.0046	0.0024	0.0022	0.0000	0.0000	0.0000	0.0000	0.0000	0.0000	0.0000	0.0000	0.0000	0.3641	0.5216	0.0907	1.3485	1.3128	1.8507	0.0000	0.0000	0.0000		
46	56	0.2021	16	1	0	0	1	0	0	0	0	N	N	N	N	N	N	N	N	N	N	N	N	0.0000	0.0000	0.0000	0.0000	0.0000	0.0000	0.0000	0.0000	0.0000	0.0000	0.0000	0.0000	0.0000	0.0000	0.0000	0.0000	0.0000	0.0000	0.0012	0.0013	0.0010	0.0032	0.0031	0.0047	0.0004	0.0000	0.0008	0.4343	0.0000	-0.0000	1.0095	0.9953	0.3555	1.3904	0.0000	0.0000	0.0000	0.0000	0.0000	0.0000	0.0000	0.0000	0.0000	0.0000	0.0000	0.0000	0.0000	0.0000	0.0000	0.0000	0.0000	0.0000	0.0071	0.0062	0.0009	0.0010	0.0009	0.0000	0.0061	0.0053	0.0009	0.0049	0.0032	0.0017	0.0014	0.0013	0.0001	0.0035	0.0019	0.0016	0.0000	0.0000	0.0000	0.0000	0.0000	0.0000	0.0000	0.0000	0.0000	0.0012	0.0013	0.0010	0.0032	0.0031	0.0047	0.0004	0.0000	0.0008	
46	57	0.1954	15	1	0	0	1	0	0	0	0	N	N	N	N	N	N	N	N	N	N	N	N	4.0177	4.6098	0.0000	0.0000	0.0000	0.0000	5.4535	9.0997	0.0000	0.0001	0.0001	0.0000	0.0000	0.0000	0.0000	0.0001	0.0001	0.0000	0.0000	0.0000	0.0000	0.0000	0.0000	0.0000	0.0000	0.0000	0.0000	0.0256	0.7200	-0.0000	-0.0000	1.0095	0.0068	0.3555	3.2797	0.0000	0.0000	0.0000	0.0000	0.0000	0.0000	0.0000	0.0000	0.0000	0.0000	0.0000	0.0000	0.0000	0.0000	0.0000	0.0000	0.0000	0.0000	0.0001	0.0001	0.0000	0.0000	0.0000	0.0000	0.0000	0.0000	0.0000	0.0061	0.0037	0.0024	0.0016	0.0015	0.0001	0.0046	0.0022	0.0023	4.0177	4.6098	0.0000	0.0000	0.0000	0.0000	5.4535	9.0997	0.0000	0.0000	0.0000	0.0000	0.0000	0.0000	0.0000	0.0000	0.0000	0.0000
46	58	0.1543	14	1	0	0	1	0	0	0	0	N	N	N	N	N	N	N	N	N	N	N	N	0.1101	0.0733	0.7576	0.4238	0.4063	61.1614	0.0740	0.0423	0.6087	0.0080	0.0089	0.0014	0.0158	0.0163	0.0045	0.0061	0.0069	0.0012	0.0728	0.1221	0.0019	0.0373	0.0402	0.0001	0.0824	0.1636	0.0019	0.0223	0.0107	-0.0001	-0.0012	1.0095	5.8573	0.3555	13.1443	0.0004	0.0004	0.0000	0.0001	0.0001	0.0000	0.0002	0.0002	0.0000	0.0023	0.0023	0.0000	0.0003	0.0003	0.0000	0.0021	0.0021	0.0000	0.0466	0.0409	0.0057	0.0092	0.0088	0.0004	0.0374	0.0320	0.0053	0.0320	0.0189	0.0131	0.0068	0.0063	0.0005	0.0252	0.0125	0.0126	0.1101	0.0733	0.7576	0.4238	0.4063	61.1614	0.0740	0.0423	0.6087	0.0728	0.1221	0.0019	0.0373	0.0402	0.0001	0.0824	0.1636	0.0019
46	59	0.0768	8	1	1	1	0	0	0	0	0	N	N	N	N	N	N	N	N	N	N	N	N	13.2011	4.2539	261.9691	7.7381	8.4034	0.0000	780.7936	inf	2608.6371	0.0032	0.0015	0.0142	0.0095	0.0100	0.0000	0.0022	0.0000	0.0151	0.0002	0.0004	0.0001	0.0012	0.0012	0.0019	0.0000	0.0000	0.0000	1.3665	0.0978	0.0000	-0.0000	1.0095	0.9979	0.3555	4.0614	0.0000	0.0000	0.0000	0.0000	0.0000	0.0000	0.0000	0.0000	0.0000	0.0000	0.0000	0.0000	0.0000	0.0000	0.0000	0.0000	0.0000	0.0000	0.0071	0.0062	0.0009	0.0010	0.0009	0.0001	0.0061	0.0052	0.0009	0.0094	0.0057	0.0037	0.0018	0.0017	0.0001	0.0075	0.0039	0.0036	13.2011	4.2539	261.9691	7.7381	8.4034	0.0000	780.7936	inf	2608.6371	0.0002	0.0004	0.0001	0.0012	0.0012	0.0019	0.0000	0.0000	0.0000
46	60	0.0684	7	1	1	0	0	0	0	0	0	N	N	N	N	N	N	N	N	N	N	N	N	1138.7219	371.5561	22547.4085	5370.8441	5406.8432	6.9413	719.6714	18.5730	23522.4706	0.3236	0.1605	1.4384	0.9473	0.9915	0.0003	0.2221	0.0099	1.5122	0.0003	0.0004	0.0001	0.0002	0.0002	0.0000	0.0003	0.0005	0.0001	1.3122	0.0990	0.0010	-0.0000	1.0095	2.2356	0.3555	2.2044	0.0053	0.0023	0.0030	0.0022	0.0022	0.0000	0.0031	0.0001	0.0030	0.0000	0.0000	0.0000	0.0000	0.0000	0.0000	0.0000	0.0000	0.0000	0.0163	0.0143	0.0021	0.0023	0.0022	0.0001	0.0141	0.0121	0.0020	0.0082	0.0049	0.0033	0.0015	0.0014	0.0001	0.0067	0.0035	0.0032	1138.7219	371.5561	22547.4085	5370.8441	5406.8432	6.9413	719.6714	18.5730	23522.4706	0.0003	0.0004	0.0001	0.0002	0.0002	0.0000	0.0003	0.0005	0.0001
46	61	0.0067	3	2	0	1	0	0	0	0	0	Y	N	N	N	N	N	N	N	N	N	N	N	0.0011	0.0039	0.0010	0.0040	0.0041	0.0000	0.0002	0.0000	0.0010	0.0002	0.0002	0.0002	0.0025	0.0025	0.0000	0.0000	0.0000	0.0002	0.1416	0.0387	0.2328	0.6214	0.6218	0.2917	0.1290	0.0054	0.2328	0.2333	6.7708	-0.0000	0.0008	1.0095	2.0703	0.3555	7.0012	0.0000	0.0000	0.0000	0.0000	0.0000	0.0000	0.0000	0.0000	0.0000	0.0024	0.0003	0.0020	0.0003	0.0003	0.0000	0.0021	0.0000	0.0020	0.0158	0.0137	0.0021	0.0008	0.0008	0.0000	0.0150	0.0129	0.0021	0.0166	0.0078	0.0088	0.0004	0.0004	0.0000	0.0162	0.0074	0.0088	0.0011	0.0039	0.0010	0.0040	0.0041	0.0000	0.0002	0.0000	0.0010	0.1416	0.0387	0.2328	0.6214	0.6218	0.2828	0.1290	0.0054	0.2328
46	62	0.0051	2	1	0	0	0	0	0	0	0	N	N	N	N	N	N	N	N	N	N	N	N	0.0901	0.0728	0.1407	0.1816	0.1849	0.0000	0.0358	0.0000	0.1414	0.0046	0.0043	0.0060	0.1031	0.1050	0.0000	0.0009	0.0000	0.0060	0.0507	0.0595	0.0428	0.5680	0.5680	0.5041	0.0239	0.0003	0.0428	0.2206	0.8079	-0.0000	-0.0000	1.0095	0.9285	0.3555	0.0280	0.0000	0.0000	0.0000	0.0000	0.0000	0.0000	0.0000	0.0000	0.0000	0.0001	0.0001	0.0000	0.0001	0.0001	0.0000	0.0000	0.0000	0.0000	0.0070	0.0060	0.0010	0.0003	0.0002	0.0000	0.0067	0.0058	0.0009	0.0019	0.0009	0.0010	0.0001	0.0001	0.0000	0.0018	0.0008	0.0010	0.0901	0.0728	0.1407	0.1816	0.1849	0.0000	0.0358	0.0000	0.1414	0.0507	0.0595	0.0428	0.5680	0.5680	0.3874	0.0239	0.0003	0.0428
46	63	0.0913	7	2	1	0	0	0	0	0	0	Y	N	N	N	N	N	N	N	N	N	N	N	1.1270	1.1910	0.2376	0.3756	0.3793	inf	2.3025	inf	0.2149	0.0001	0.0001	0.0000	0.0001	0.0001	0.0000	0.0001	0.0001	0.0000	0.0001	0.0001	0.0001	0.0003	0.0003	0.0000	0.0000	0.0000	0.0001	0.0256	0.6201	-0.0000	-0.0000	1.0095	1.0023	0.3555	3.0135	0.0000	0.0000	0.0000	0.0000	0.0000	0.0000	0.0000	0.0000	0.0000	0.0000	0.0000	0.0000	0.0000	0.0000	0.0000	0.0000	0.0000	0.0000	0.0074	0.0064	0.0010	0.0011	0.0011	0.0001	0.0063	0.0054	0.0009	0.0069	0.0040	0.0029	0.0009	0.0009	0.0000	0.0060	0.0032	0.0029	1.1270	1.1910	0.2376	0.3756	0.3793	inf	2.3025	inf	0.2149	0.0001	0.0001	0.0001	0.0003	0.0003	0.0000	0.0000	0.0000	0.0001
46	64	0.0649	6	2	1	0	0	0	0	0	0	Y	N	N	N	N	N	N	N	N	N	N	N	350.2125	353.8581	81.9116	81.6260	79.5857	inf	718.8827	33751.1340	69.8500	0.0148	0.0165	0.0030	0.0207	0.0211	0.0093	0.0134	0.0152	0.0026	0.0000	0.0000	0.0000	0.0003	0.0003	0.0000	0.0000	0.0000	0.0000	0.0258	0.6438	-0.0001	-0.0000	1.0095	3.0820	0.3555	9.3392	0.0004	0.0004	0.0000	0.0001	0.0001	0.0000	0.0003	0.0003	0.0000	0.0000	0.0000	0.0000	0.0000	0.0000	0.0000	0.0000	0.0000	0.0000	0.0269	0.0236	0.0033	0.0052	0.0050	0.0002	0.0217	0.0186	0.0031	0.0199	0.0110	0.0089	0.0020	0.0019	0.0001	0.0179	0.0091	0.0088	350.2125	353.8581	81.9116	81.6260	79.5857	inf	718.8827	33751.1340	69.8500	0.0000	0.0000	0.0000	0.0003	0.0003	0.0000	0.0000	0.0000	0.0000
46	65	0.0684	7	1	1	0	0	0	0	0	0	N	N	N	N	N	N	N	N	N	N	N	N	244.0310	102.5488	3997.0382	159.2781	163.3421	10.7442	2633.8279	inf	9118.1322	0.0013	0.0009	0.0042	0.0051	0.0054	0.0003	0.0006	0.0000	0.0044	0.0000	0.0000	0.0000	0.0000	0.0000	0.0000	0.0000	0.0000	0.0000	0.7186	0.0929	0.0000	-0.0000	1.0095	1.7946	0.3555	5.9592	0.0000	0.0000	0.0000	0.0000	0.0000	0.0000	0.0000	0.0000	0.0000	0.0000	0.0000	0.0000	0.0000	0.0000	0.0000	0.0000	0.0000	0.0000	0.0134	0.0117	0.0017	0.0019	0.0019	0.0001	0.0114	0.0098	0.0016	0.0129	0.0075	0.0055	0.0020	0.0019	0.0001	0.0109	0.0056	0.0053	244.0310	102.5488	3997.0382	159.2781	163.3421	10.7442	2633.8279	inf	9118.1322	0.0000	0.0000	0.0000	0.0000	0.0000	0.0000	0.0000	0.0000	0.0000
46	66	0.0616	6	1	1	0	0	0	0	0	0	N	N	N	N	N	N	N	N	N	N	N	N	15.9384	4.7085	421.9432	6.5197	6.3223	0.0000	73.6304	3.2799	450.8823	0.0016	0.0008	0.0072	0.0042	0.0044	0.0000	0.0011	0.0000	0.0075	0.0001	0.0002	0.0000	0.0006	0.0007	0.0000	0.0000	0.0000	0.0000	1.3055	0.0818	0.0000	-0.0000	1.0095	1.3569	0.3555	2.0560	0.0000	0.0000	0.0000	0.0000	0.0000	0.0000	0.0000	0.0000	0.0000	0.0000	0.0000	0.0000	0.0000	0.0000	0.0000	0.0000	0.0000	0.0000	0.0109	0.0095	0.0014	0.0017	0.0017	0.0001	0.0092	0.0079	0.0013	0.0057	0.0031	0.0026	0.0008	0.0007	0.0001	0.0049	0.0024	0.0025	15.9384	4.7085	421.9432	6.5197	6.3223	0.0000	73.6304	3.2799	450.8823	0.0001	0.0002	0.0000	0.0006	0.0007	0.0000	0.0000	0.0000	0.0000
46	67	0.0482	5	1	1	0	0	0	0	0	0	N	N	N	N	N	N	N	N	N	N	N	N	1.4891	0.9939	0.1367	0.0058	0.0061	0.0000	23.0407	786.5154	0.1446	0.0032	0.0037	0.0000	0.0001	0.0001	0.0000	0.0036	0.0041	0.0000	0.0022	0.0037	0.0003	0.0098	0.0100	0.0002	0.0002	0.0000	0.0003	0.0015	0.0600	-0.0000	-0.0000	1.0095	4.9477	0.3555	2.0153	0.0001	0.0001	0.0000	0.0000	0.0000	0.0000	0.0001	0.0001	0.0000	0.0000	0.0000	0.0000	0.0000	0.0000	0.0000	0.0000	0.0000	0.0000	0.0371	0.0321	0.0050	0.0037	0.0035	0.0003	0.0333	0.0286	0.0047	0.0148	0.0081	0.0067	0.0031	0.0030	0.0001	0.0117	0.0051	0.0066	1.4891	0.9939	0.1367	0.0058	0.0061	0.0000	23.0407	786.5154	0.1446	0.0022	0.0037	0.0003	0.0098	0.0100	0.0002	0.0002	0.0000	0.0003
46	68	0.1765	15	1	0	1	0	0	0	0	0	N	N	N	N	N	N	N	N	N	N	N	N	0.0000	0.0000	0.0000	0.0000	0.0000	0.0000	0.0000	0.0000	0.0000	0.0000	0.0000	0.0000	0.0000	0.0000	0.0000	0.0033	0.0000	0.0080	0.0000	0.0000	0.0000	0.0041	0.0000	0.0086	inf	0.0000	0.0000	1.0095	0.0000	0.3555	4.0001	0.0000	0.0000	0.0000	0.0000	0.0000	0.0000	0.0000	0.0000	0.0000	0.0000	0.0000	0.0000	0.0000	0.0000	0.0000	0.0000	0.0000	0.0000	0.0000	0.0000	0.0000	0.0000	0.0000	0.0000	0.0000	0.0000	0.0000	0.0062	0.0037	0.0025	0.0013	0.0011	0.0002	0.0049	0.0025	0.0023	0.0000	0.0000	0.0000	0.0000	0.0000	0.0000	0.0000	0.0000	0.0000	0.0033	0.0000	0.0080	0.0000	0.0000	0.0000	0.0041	0.0000	0.0086				
46	69	0.1543	14	1	0	0	0	0	0	0	0	N	N	N	N	N	N	N	N	N	N	N	N	3.8706	0.4349	118.3099	1.3172	0.5209	45.5130	38.1616	inf	129.9920	0.0124	0.0021	0.0883	0.0165	0.0068	0.2429	0.0110	0.0004	0.0737	0.0032	0.0048	0.0007	0.0125	0.0130	0.0053	0.0003	0.0000	0.0006	5.6648	0.1038	0.0002	-0.0000	1.0095	2.8240	0.3555	8.9883	0.0003	0.0000	0.0003	0.0001	0.0000	0.0001	0.0002	0.0000	0.0002	0.0001	0.0001	0.0000	0.0001	0.0001	0.0000	0.0000	0.0000	0.0000	0.0265	0.0234	0.0032	0.0066	0.0063	0.0003	0.0199	0.0170	0.0029	0.0223	0.0133	0.0090	0.0053	0.0050	0.0003	0.0170	0.0084	0.0086	3.8706	0.4349	118.3099	1.3172	0.5209	45.5130	38.1616	inf	129.9920	0.0032	0.0048	0.0007	0.0125	0.0130	0.0053	0.0003	0.0000	0.0006
46	70	0.1453	13	1	0	0	0	0	0	0	0	N	N	N	N	N	N	N	N	N	N	N	N	0.6481	0.3130	5.6791	0.2537	0.2550	5.4720	2.3352	2.2456	5.7852	0.0156	0.0101	0.0518	0.0158	0.0165	0.0010	0.0156	0.0088	0.0544	0.0241	0.0324	0.0091	0.0625	0.0647	0.0002	0.0067	0.0039	0.0094	0.7760	0.1553	0.0000	-0.0001	1.0095	1.4521	0.3555	3.5882	0.0002	0.0001	0.0001	0.0000	0.0000	0.0000	0.0001	0.0001	0.0001	0.0003	0.0003	0.0000	0.0003	0.0003	0.0000	0.0001	0.0000	0.0000	0.0107	0.0093	0.0014	0.0016	0.0016	0.0001	0.0090	0.0077	0.0013	0.0130	0.0084	0.0046	0.0041	0.0039	0.0001	0.0089	0.0045	0.0045	0.6481	0.3130	5.6791	0.2537	0.2550	5.4720	2.3352	2.2456	5.7852	0.0241	0.0324	0.0091	0.0625	0.0647	0.0002	0.0067	0.0039	0.0094
46	71	0.1426	12	1	0	0	0	0	0	0	0	N	N	N	N	N	N	N	N	N	N	N	N	19.9397	10.3633	75.2303	23.7519	23.8039	3.1852	24.7329	2.1788	76.3365	0.4953	0.2403	2.1239	1.0061	1.0359	0.0010	0.3624	0.0002	2.2212	0.0248	0.0232	0.0282	0.0424	0.0435	0.0003	0.0147	0.0001	0.0291	1.3839	0.5928	0.0010	-0.0000	1.0095	1.1783	0.3555	0.9542	0.0051	0.0021	0.0030	0.0021	0.0021	0.0000	0.0030	0.0000	0.0030	0.0002	0.0001	0.0001	0.0001	0.0001	0.0000	0.0001	0.0000	0.0001	0.0103	0.0089	0.0014	0.0021	0.0021	0.0001	0.0081	0.0068	0.0013	0.0075	0.0051	0.0025	0.0028	0.0027	0.0001	0.0048	0.0024	0.0024	19.9397	10.3633	75.2303	23.7519	23.8039	3.1852	24.7329	2.1788	76.3365	0.0248	0.0232	0.0282	0.0424	0.0435	0.0003	0.0147	0.0001	0.0291
46	72	0.1380	11	1	0	0	0	0	0	0	0	N	N	N	N	N	N	N	N	N	N	N	N	0.4473	0.2656	1.4999	0.7157	0.7177	0.0000	0.4504	2.1478	1.5254	0.0073	0.0036	0.0317	0.0196	0.0205	0.0000	0.0050	0.0001	0.0335	0.0162	0.0135	0.0211	0.0274	0.0286	0.0000	0.0111	0.0000	0.0219	1.3248	0.8682	0.0000	-0.0000	1.0095	2.0762	0.3555	1.4610	0.0001	0.0000	0.0001	0.0000	0.0000	0.0000	0.0001	0.0000	0.0001	0.0001	0.0001	0.0001	0.0001	0.0001	0.0000	0.0001	0.0000	0.0001	0.0154	0.0134	0.0020	0.0024	0.0023	0.0001	0.0130	0.0111	0.0019	0.0091	0.0058	0.0032	0.0029	0.0027	0.0001	0.0062	0.0031	0.0031	0.4473	0.2656	1.4999	0.7157	0.7177	0.0000	0.4504	2.1478	1.5254	0.0162	0.0135	0.0211	0.0274	0.0286	0.0000	0.0111	0.0000	0.0219
46	73	0.0738	7	1	0	0	0	0	0	0	0	N	N	N	N	N	N	N	N	N	N	N	N	0.4038	0.2682	0.0000	0.0751	0.0730	5.2254	inf	0.0000	0.0119	0.0136	0.0000	0.0190	0.0197	0.0000	0.0105	0.0122	0.0000	0.0296	0.0508	0.0039	0.2524	0.2698	0.0000	0.0020	0.0000	0.0040	0.0000	0.0642	-0.0002	-0.0005	1.0095	4.0673	0.3555	17.8409	0.0004	0.0004	0.0000	0.0001	0.0001	0.0000	0.0003	0.0003	0.0000	0.0010	0.0009	0.0001	0.0009	0.0009	0.0000	0.0001	0.0000	0.0001	0.0335	0.0293	0.0041	0.0058	0.0056	0.0002	0.0277	0.0238	0.0039	0.0328	0.0179	0.0148	0.0036	0.0034	0.0002	0.0291	0.0145	0.0146	0.4038	0.2682	0.0000	0.0751	0.0730	0.0000	5.2254	inf	0.0000	0.0296	0.0508	0.0039	0.2524	0.2698	0.0000	0.0020	0.0000	0.0040	
46	75	0.2105	11	1	0	0	0	0	0	0	0	N	N	N	N	N	N	N	N	N	N	N	N	0.0060	0.2094	0.0037	0.4110	0.3912	0.8239	0.0008	0.0176	0.0027	0.0051	0.0045	0.0093	0.0135	0.0132	0.0197	0.0012	0.0001	0.0079	0.8468	0.0216	2.5251	0.0328	0.0337	0.0239	1.4636	0.0047	2.8828	0.2594	57.5739	-0.0000	0.0448	1.0095	3.5843	0.3555	46.7516	0.0002	0.0002	0.0000	0.0002	0.0002	0.0000	0.0000	0.0000	0.0000	0.1017	0.0017	0.1000	0.0017	0.0016	0.0001	0.1000	0.0002	0.0999	0.0419	0.0372	0.0047	0.0132	0.0126	0.0006	0.0287	0.0246	0.0041	0.1201	0.0805	0.0396	0.0518	0.0468	0.0050	0.0684	0.0337	0.0346	0.0060	0.2094	0.0037	0.4110	0.3912	0.8239	0.0008	0.0176	0.0027	0.8468	0.0216	2.5251	0.0328	0.0337	0.0239	1.4636	0.0047	2.8828
46	76	0.0339	5	2	1	1	0	0	0	0	0	Y	N	N	N	N	N	N	N	N	N	N	N	0.1108	0.0626	0.2306	0.2183	0.0000	0.0000	0.0000	0.0000	0.0000	0.0000	0.0000	0.0000	0.0000	0.0000	0.0000	0.0000	0.0001	0.0001	0.0000	0.0000	0.0000	0.0000	0.0000	0.0000	-0.0000	-0.0000	1.0095	1.0003	0.3555	1.0071	0.0000	0.0000	0.0000	0.0000	0.0000	0.0000	0.0000	0.0000	0.0000	0.0000	0.0000	0.0000	0.0000	0.0000	0.0000	0.0000	0.0000	0.0000	0.0071	0.0061	0.0010	0.0004	0.0004	0.0000	0.0067	0.0058	0.0009	0.0037	0.0018	0.0019	0.0004	0.0004	0.0000	0.0032	0.0014	0.0018	0.1108	0.0626	0.0000	0.2306	0.2183	0.0000	0.0000	0.0000	0.0000	0.0000	0.0000	0.0000	0.0001	0.0001	0.0000	0.0000	0.0000	0.0000					
46	77	0.0272	4	2	0	1	0	0	0	0	0	Y	N	N	N	N	N	N	N	N	N	N	N	5.0801	5.1101	0.1696	36.7458	37.6708	42.6020	0.0259	0.0856	0.0028	0.0032	0.0001	0.0458	0.0473	0.0021	0.0000	0.0000	0.0000	0.0005	0.0006	0.0004	0.0012	0.0013	0.0001	0.0002	0.0000	0.0004	0.0031	0.2623	-0.0000	-0.0000	1.0095	0.9901	0.3555	2.2068	0.0000	0.0000	0.0000	0.0000	0.0000	0.0000	0.0000	0.0000	0.0000	0.0000	0.0000	0.0000	0.0000	0.0000	0.0000	0.0000	0.0000	0.0000	0.0072	0.0062	0.0010	0.0004	0.0004	0.0000	0.0067	0.0058	0.0010	0.0163	0.0113	0.0050	0.0057	0.0056	0.0000	0.0106	0.0056	0.0050	5.0801	5.1101	0.1696	36.7458	37.6708	42.6020	0.0259	0.0000	0.0856	0.0005	0.0006	0.0004	0.0012	0.0013	0.0001	0.0002	0.0000	0.0004	
46	78	0.0913	8	1	1	0	0	0	0	0	0	N	N	N	N	N	N	N	N	N	N	N	N	0.5028	2.1288	0.0001	2.3475	2.3182	0.1149	0.2276	inf	0.0000	0.0058	0.0066	0.0000	0.0213	0.0223	0.0000	0.0027	0.0032	0.0000	0.0115	0.0031	0.0241	0.0091	0.0096	0.0004	0.0121	0.0000	0.0249	0.0001	5.1702	-0.0002	0.0001	1.0095	8.4371	0.3555	15.3349	0.0004	0.0004	0.0000	0.0002	0.0002	0.0000	0.0002	0.0002	0.0000	0.0005	0.0001	0.0004	0.0001	0.0001	0.0000	0.0004	0.0000	0.0004	0.0688	0.0603	0.0084	0.0112	0.0107	0.0005	0.0576	0.0497	0.0079	0.0433	0.0261	0.0173	0.0089	0.0084	0.0005	0.0344	0.0177	0.0167	0.5028	2.1288	0.0001	2.3475	2.3182	0.1149	0.2276	inf	0.0000	0.0115	0.0031	0.0241	0.0091	0.0096	0.0004	0.0121	0.0000	0.0249
46	79	0.0272	4	2	0	1	0	0	0	0	0	Y	N	N	N	N	N	N	N	N	N	N	N	7.4129	5.2995	0.0565	37.1383	37.8469	4.9772	2.9313	0.0567	0.2444	0.2826	0.0001	2.5367	2.6308	0.0000	0.1086	0.1264	0.0001	0.0330	0.0533	0.0012	0.0683	0.0695	0.0000	0.0218	0.0431	0.0012	0.0000	0.0142	-0.0020	-0.0004	1.0095	3.0096	0.3555	5.7427	0.0052	0.0052	0.0000	0.0030	0.0030	0.0000	0.0022	0.0022	0.0000	0.0008	0.0008	0.0000	0.0004	0.0004	0.0000	0.0004	0.0004	0.0000	0.0213	0.0184	0.0029	0.0012	0.0011	0.0000	0.0201	0.0173	0.0028	0.0254	0.0155	0.0099	0.0061	0.0060	0.0001	0.0193	0.0095	0.0098	7.4129	5.2995	0.0565	37.1383	37.8469	0.0000	4.9772	2.9313	0.0567	0.0330	0.0533	0.0012	0.0683	0.0695	0.0000	0.0218	0.0431	0.0012	
46	80	0.0116	3	2	0	1	0	0	0	0	0	Y	N	N	N	N	N	N	N	N	N	N	N	0.0159	0.0152	0.0457	0.0250	0.0249	1.4667	0.0127	91.8663	0.0461	0.0105	0.0052	0.0447	0.0393	0.0398	0.0021	0.0069	0.0003	0.0452	0.6604	0.3441	0.9773	1.5712	1.5992	0.0014	0.5483	0.0000	0.9811	1.3073	2.8346	0.0000	0.0020	1.0095	1.0477	0.3555	6.1154	0.0001	0.0000	0.0001	0.0000	0.0000	0.0000	0.0001	0.0000	0.0001	0.0101	0.0026	0.0075	0.0026	0.0026	0.0000	0.0075	0.0000	0.0075	0.0086	0.0074	0.0011	0.0009	0.0009	0.0000	0.0076	0.0065	0.0011	0.0154	0.0077	0.0077	0.0017	0.0017	0.0000	0.0137	0.0060	0.0076	0.0159	0.0152	0.0457	0.0250	0.0249	1.4667	0.0127	91.8663	0.0461	0.6604	0.3441	0.9773	1.5712	1.5992	0.0014	0.5483	0.0000	0.9811
46	81	0.0051	2	1	0	0	0	0	0	0	0	N	N	N	N	N	N	N	N	N	N	N	N	1.7162	0.5117	17.6419	0.7327	0.8625	0.0000	4.7220	395.4433	17.7270	0.3585	0.1796	1.4861	4.7587	4.8625	0.0000	0.2183	0.0097	1.4933	0.2089	0.3511	0.0842	6.4944	5.6379	0.0231	0.0462	0.0000	0.0842	1.3123	0.2736	0.0010	-0.0004	1.0095	1.9794	0.3555	1.0196	0.0052	0.0023	0.0030	0.0021	0.0021	0.0000	0.0031	0.0001	0.0030	0.0012	0.0009	0.0003	0.0009	0.0009	0.0000	0.0003	0.0000	0.0003	0.0146	0.0126	0.0020	0.0005	0.0004	0.0000	0.0141	0.0121	0.0020	0.0057	0.0027	0.0030	0.0002	0.0002	0.0000	0.0055	0.0025	0.0030	1.7162	0.5117	17.6419	0.8443	0.8625	0.0000	4.7220	395.4433	17.7270	0.2089	0.3511	0.0842	5.6361	5.6379	0.0231	0.0462	0.0000	0.0842
46	84	0.1112	10	1	1	0	0	0	0	0	0	N	N	N	N	N	N	N	N	N	N	N	N	2.2793	8.7016	0.0688	24.0208	25.0433	0.1986	0.0190	0.0162	0.0671	0.0167	0.0191	0.0010	0.1366	0.1461	0.0008	0.0001	0.0000	0.0010	0.0073	0.0022	0.0150	0.0057	0.0058	0.0042	0.0078	0.0003	0.0155	0.0080	4.6111	-0.0003	0.0001	1.0095	7.1084	0.3555	28.8937	0.0009	0.0009	0.0000	0.0009	0.0009	0.0000	0.0000	0.0000	0.0000	0.0004	0.0001	0.0004	0.0001	0.0001	0.0000	0.0004	0.0000	0.0004	0.0519	0.0452	0.0067	0.0063	0.0059	0.0004	0.0456	0.0393	0.0063	0.0603	0.0360	0.0243	0.0135	0.0122	0.0012	0.0468	0.0238	0.0231	2.2793	8.7016	0.0688	24.0208	25.0433	0.1986	0.0190	0.0162	0.0671	0.0073	0.0022	0.0150	0.0057	0.0058	0.0042	0.0078	0.0003	0.0155
46	85	0.1037	9	1	1	0	0	0	0	0	0	N	N	N	N	N	N	N	N	N	N	N	N	0.3491	0.3498	0.9759	0.1497	0.1520	0.2610	0.3763	1.2657	1.1564	0.0360	0.0071	0.2613	0.0052	0.0054	0.0013	0.0514	0.0080	0.3218	0.1031	0.0203	0.2678	0.0346	0.0358	0.0051	0.1367	0.0063	0.2783	4.7086	6.6170	0.0004	0.0006	1.0095	2.2208	0.3555	3.9129	0.0010	0.0002	0.0008	0.0000	0.0000	0.0000	0.0009	0.0001	0.0008	0.0019	0.0003	0.0017	0.0002	0.0002	0.0000	0.0017	0.0000	0.0017	0.0266	0.0236	0.0030	0.0089	0.0083	0.0006	0.0177	0.0153	0.0025	0.0188	0.0125	0.0063	0.0062	0.0059	0.0002	0.0126	0.0066	0.0060	0.3491	0.3498	0.9759	0.1497	0.1520	0.2610	0.3763	1.2657	1.1564	0.1031	0.0203	0.2678	0.0346	0.0358	0.0051	0.1367	0.0063	0.2783
46	86	0.1792	11	1	0	1	0	0	0	0	0	N	N	N	N	N	N	N	N	N	N	N	N	0.0133	0.0081	0.2186	0.0184	0.0173	0.4288	0.0540	0.0000	0.2062	0.0000	0.0000	0.0000	0.0002	0.0002	0.0001	0.0000	0.0000	0.0000	0.0031	0.0051	0.0002	0.0123	0.0136	0.0002	0.0001	0.0000	0.0002	0.1322	0.0242	-0.0000	-0.0000	1.0095	5.3425	0.3555	7.0749	0.0000	0.0000	0.0000	0.0000	0.0000	0.0000	0.0000	0.0000	0.0000	0.0001	0.0001	0.0000	0.0001	0.0001	0.0000	0.0000	0.0000	0.0000	0.0430	0.0378	0.0052	0.0070	0.0067	0.0003	0.0359	0.0311	0.0048	0.0215	0.0128	0.0087	0.0053	0.0048	0.0005	0.0162	0.0080	0.0082	0.0133	0.0081	0.2186	0.0184	0.0173	0.4288	0.0540	0.0000	0.2062	0.0031	0.0051	0.0002	0.0123	0.0136	0.0002	0.0001	0.0000	0.0002
46	87	0.1360	10	1	0	0	0	0	0	0	0	N	N	N	N	N	N	N	N	N	N	N	N	0.2881	0.2097	0.7244	0.3806	0.3779	0.2956	0.2135	0.0102	0.7941	0.0257	0.0286	0.0050	0.1036	0.1122	0.0003	0.0008	0.0000	0.0058	0.0893	0.1364	0.0068	0.2723	0.2969	0.0011	0.0037	0.0002	0.0073	0.0239	0.0286	-0.0006	-0.0022	1.0095	7.0719	0.3555	13.7350	0.0017	0.0016	0.0000	0.0016	0.0016	0.0000	0.0000	0.0000	0.0000	0.0043	0.0042	0.0001	0.0042	0.0042	0.0000	0.0001	0.0000	0.0001	0.0644	0.0565	0.0078	0.0156	0.0144	0.0012	0.0488	0.0421	0.0066	0.0479	0.0305	0.0174	0.0153	0.0140	0.0013	0.0326	0.0165	0.0161	0.2881	0.2097	0.7244	0.3806	0.3779	0.2956	0.2135	0.0102	0.7941	0.0893	0.1364	0.0068	0.2723	0.2969	0.0011	0.0037	0.0002	0.0073
46	88	0.0786	8	2	0	1	0	0	0	0	0	Y	N	N	N	N	N	N	N	N	N	N	N	0.0000	0.0000	0.0000	0.0000	0.0000	0.0000	0.0000	0.0000	0.0000	0.0000	0.0000	0.0000	0.0000	0.0000	0.0000	0.0000	0.0000	0.0000	0.0000	0.0000	1.0095	0.0000	0.3555	0.0000	0.0000	0.0000	0.0000	0.0000	0.0000	0.0000	0.0000	0.0000	0.0000	0.0000	0.0000	0.0000	0.0000	0.0000	0.0000	0.0000	0.0000	0.0000	0.0000	0.0000	0.0000	0.0000	0.0000	0.0000	0.0000	0.0000	0.0000	0.0000	0.0000	0.0000	0.0000	0.0000	0.0000	0.0000	0.0000	0.0000	0.0000	0.0000	0.0000	0.0000	0.0000	0.0000	0.0000	0.0000	0.0000	0.0000	0.0000	0.0000	0.0000	0.0000	0.0000	0.0000	0.0000	0.0000											
46	89	0.0767	7	2	0	1	0	0	0	0	0	Y	N	N	N	N	N	N	N	N	N	N	N	4.4243	2.5653	171.2200	2.6565	2.6306	63.7710	173.4520	0.0306	0.0263	0.0651	0.0617	0.0622	0.0000	0.0116	0.0000	0.0669	0.0069	0.0103	0.0004	0.0232	0.0236	0.0000	0.0002	0.0000	0.0004	0.3069	0.0189	-0.0000	-0.0000	1.0095	0.0001	0.3555	0.9161	0.0000	0.0000	0.0000	0.0000	0.0000	0.0000	0.0000	0.0000	0.0000	0.0000	0.0000	0.0000	0.0000	0.0000	0.0000	0.0000	0.0000	0.0000	0.0000	0.0000	0.0000	0.0000	0.0000	0.0000	0.0000	0.0000	0.0000	0.0027	0.0018	0.0009	0.0008	0.0008	0.0000	0.0019	0.0010	0.0009	4.4243	2.5653	171.2200	2.6565	2.6306	0.0000	63.7710	0.0000	173.4520	0.0069	0.0103	0.0004	0.0232	0.0236	0.0000	0.0002	0.0000	0.0004		
46	90	0.0519	6	2	0	1	0	0	0	0	0	Y	N	N	N	N	N	N	N	N	N	N	N	0.9826	9.5926	0.8323	19.2910	19.8370	0.0000	0.2319	0.8748	0.0925	0.0812	0.1693	0.5352	0.5697	0.0000	0.0250	0.0000	0.1805	0.0941	0.0085	0.2034	0.0277	0.0287	0.0029	0.1079	0.0000	0.2064	0.3067	18.8419	-0.0004	0.0008	1.0095	3.7876	0.3555	7.8440	0.0027	0.0020	0.0006	0.0020	0.0020	0.0000	0.0006	0.0000	0.0006	0.0020	0.0001	0.0019	0.0001	0.0001	0.0000	0.0019	0.0000	0.0019	0.0289	0.0252	0.0037	0.0038	0.0036	0.0002	0.0251	0.0216	0.0035	0.0212	0.0119	0.0093	0.0036	0.0035	0.0001	0.0176	0.0084	0.0092	0.9826	9.5926	0.8323	19.2910	19.8370	0.0000	0.2319	0.0000	0.8748	0.0941	0.0085	0.2034	0.0277	0.0287	0.0029	0.1079	0.0000	0.2064	
46	91	0.0843	8	1	1	0	1	0	0	0	0	N	N	N	N	N	N	N	N	N	N	N	N	11.0764	1.7040	543.7650	19.3727	18.9611	20.4125	10.0583	0.0210	560.3842	0.1662	0.0426	1.0798	0.1687	0.1729	0.0059	0.1655	0.0007	1.1323	0.0150	0.0250	0.0020	0.0087	0.0091	0.0003	0.0165	0.0323	0.0020	3.4329	0.0609	0.0012	-0.0002	1.0095	1.8247	0.3555	16.3284	0.0029	0.0007	0.0023	0.0007	0.0007	0.0000	0.0023	0.0000	0.0023	0.0005	0.0005	0.0000	0.0001	0.0001	0.0000	0.0004	0.0004	0.0000	0.0177	0.0156	0.0021	0.0039	0.0038	0.0001	0.0138	0.0118	0.0020	0.0321	0.0182	0.0139	0.0060	0.0057	0.0003	0.0261	0.0124	0.0136	11.0764	1.7040	543.7650	19.3727	18.9611	20.4125	10.0583	0.0210	560.3842	0.0150	0.0250	0.0020	0.0087	0.0091	0.0003	0.0165	0.0323	0.0020
46	92	0.0738	7	1	1	0	0	0	0	0	0	N	N	N	N	N	N	N	N	N	N	N	N	1.3605	0.7474	243.2220	0.8914	0.8726	inf	70.5220	251.1477	0.0012	0.0012	0.0012	0.0071	0.0074	0.0002	0.0002	0.0000	0.0012	0.0009	0.0016	0.0000	0.0079	0.0085	0.0000	0.0000	0.0000	0.0000	0.1428	0.0025	-0.0000	-0.0000	1.0095	9.1310	0.3555	16.1726	0.0001	0.0001	0.0000	0.0001	0.0001	0.0000	0.0000	0.0000	0.0000	0.0000	0.0000	0.0000	0.0000	0.0000	0.0000	0.0000	0.0000	0.0000	0.0678	0.0592	0.0086	0.0098	0.0094	0.0005	0.0579	0.0498	0.0081	0.0371	0.0203	0.0168	0.0040	0.0038	0.0003	0.0331	0.0165	0.0166	1.3605	0.7474	243.2220	0.8914	0.8726	inf	70.5220	0.0000	251.1477	0.0009	0.0016	0.0000	0.0079	0.0085	0.0000	0.0000	0.0000	0.0000	
46	93	0.1587	13	1	1	0	0	0	0	0	0	N	N	N	N	N	N	N	N	N	N	N	N	0.0007	0.0027	0.0000	0.0085	0.0079	0.0303	0.0000	0.0000	0.0000	0.0000	0.0000	0.0000	0.0000	0.0000	0.0000	0.0000	0.0000	0.0043	0.0012	0.0091	0.0025	0.0027	0.0003	0.0050	0.0000	0.0099	0.0171	4.8476	-0.0000	0.0000	1.0095	4.0959	0.3555	8.7137	0.0000	0.0000	0.0000	0.0000	0.0000	0.0000	0.0000	0.0000	0.0000	0.0001	0.0000	0.0001	0.0000	0.0000	0.0000	0.0001	0.0000	0.0001	0.0312	0.0271	0.0041	0.0042	0.0041	0.0002	0.0269	0.0230	0.0039	0.0255	0.0156	0.0099	0.0076	0.0068	0.0008	0.0179	0.0088	0.0091	0.0007	0.0027	0.0000	0.0085	0.0079	0.0303	0.0000	0.0000	0.0000	0.0043	0.0012	0.0091	0.0025	0.0027	0.0003	0.0050	0.0000	0.0099	
46	94	0.1405	12	1	1	0	0	0	0	0	0	N	N	N	N	N	N	N	N	N	N	N	N	0.0699	0.3273	0.0000	0.6797	0.6462	0.0000	0.0000	0.0632	0.0000	0.0021	0.0024	0.0000	0.0116	0.0120	0.0000	0.0000	0.0000	0.0000	0.0301	0.0074	0.0653	0.0171	0.0186	0.0000	0.0348	0.0000	0.0691	0.0000	5.6811	-0.0000	0.0001	1.0095	2.9443	0.3555	6.1524	0.0000	0.0000	0.0000	0.0000	0.0000	0.0000	0.0000	0.0000	0.0000	0.0005	0.0001	0.0004	0.0001	0.0001	0.0000	0.0004	0.0000	0.0004	0.0237	0.0206	0.0032	0.0043	0.0041	0.0001	0.0194	0.0164	0.0030	0.0161	0.0098	0.0063	0.0042	0.0039	0.0003	0.0118	0.0059	0.0060	0.0699	0.3273	0.0000	0.6797	0.6462	0.0000	0.0000	0.0632	0.0000	0.0301	0.0074	0.0653	0.0171	0.0186	0.0000	0.0348	0.0000	0.0691
46	95	0.1380	11	1	0	0	0	0	0	0	0	N	N	N	N	N	N	N	N	N	N	N	N	0.0109	0.0237	0.0042	0.0046	0.0047	0.0000	0.0118	198.1546	0.0043	0.0002	0.0002	0.0001	0.0001	0.0001	0.0000	0.0002	0.0002	0.0001	0.0159	0.0076	0.0325	0.0142	0.0146	0.0001	0.0169	0.0000	0.0336	0.1137	2.1486	-0.0000	0.0000	1.0095	0.8596	0.3555	1.2300	0.0000	0.0000	0.0000	0.0000	0.0000	0.0000	0.0000	0.0000	0.0000	0.0001	0.0000	0.0001	0.0000	0.0000	0.0000	0.0001	0.0000	0.0001	0.0068	0.0059	0.0009	0.0013	0.0012	0.0000	0.0056	0.0047	0.0008	0.0068	0.0046	0.0023	0.0024	0.0024	0.0001	0.0044	0.0022	0.0022	0.0109	0.0237	0.0042	0.0046	0.0047	0.0000	0.0118	198.1546	0.0043	0.0159	0.0076	0.0325	0.0142	0.0146	0.0001	0.0169	0.0000	0.0336
46	96	0.1261	10	1	0	0	0	0	0	0	0	N	N	N	N	N	N	N	N	N	N	N	N	0.1490	0.1562	0.2506	0.0006	0.0006	0.0000	0.2806	7252.4716	0.2737	0.0021	0.0018	0.0047	0.0000	0.0000	0.0000	0.0029	0.0025	0.0053	0.0142	0.0113	0.0189	0.0227	0.0235	0.0053	0.0102	0.0000	0.0194	0.3482	0.9991	-0.0000	-0.0000	1.0095	3.7737	0.3555	2.5241	0.0001	0.0001	0.0000	0.0000	0.0000	0.0000	0.0001	0.0001	0.0000	0.0002	0.0001	0.0001	0.0001	0.0001	0.0000	0.0001	0.0000	0.0001	0.0377	0.0334	0.0043	0.0100	0.0096	0.0005	0.0277	0.0238	0.0039	0.0157	0.0098	0.0059	0.0050	0.0047	0.0002	0.0108	0.0051	0.0057	0.1490	0.1562	0.2506	0.0006	0.0006	0.0000	0.2806	7252.4716	0.2737	0.0142	0.0113	0.0189	0.0227	0.0235	0.0053	0.0102	0.0000	0.0194
46	97	0.1053	9	1	0	0	0	0	0	0	0	N	N	N	N	N	N	N	N	N	N	N	N	0.0628	0.0719	0.1380	0.1708	0.1703	0.0628	0.0398	0.0018	0.1412	0.0022	0.0013	0.0081	0.0084	0.0088	0.0006	0.0012	0.0000	0.0085	0.0343	0.0176	0.0584	0.0490	0.0517	0.0090	0.0303	0.0002	0.0600	0.9516	2.2883	0.0000	0.0001	1.0095	6.4922	0.3555	4.5502	0.0001	0.0001	0.0000	0.0001	0.0001	0.0000	0.0000	0.0000	0.0000	0.0007	0.0002	0.0005	0.0002	0.0002	0.0000	0.0005	0.0000	0.0005	0.0474	0.0412	0.0062	0.0063	0.0059	0.0003	0.0411	0.0353	0.0058	0.0203	0.0120	0.0083	0.0043	0.0041	0.0003	0.0159	0.0079	0.0080	0.0628	0.0719	0.1380	0.1708	0.1703	0.0628	0.0398	0.0018	0.1412	0.0343	0.0176	0.0584	0.0490	0.0517	0.0090	0.0303	0.0002	0.0600
46	98	0.0519	6	1	1	0	0	0	0	0	0	N	N	N	N	N	N	N	N	N	N	N	N	5.0840	3.4290	3.1400	0.0213	0.0217	0.0000	78.3405	inf	3.5029	0.0101	0.0114	0.0010	0.0002	0.0003	0.0000	0.0130	0.0149	0.0011	0.0020	0.0033	0.0003	0.0113	0.0118	0.0001	0.0002	0.0000	0.0003	0.0120	0.0758	-0.0000	-0.0000	1.0095	1.3608	0.3555	12.1483	0.0001	0.0001	0.0000	0.0000	0.0000	0.0000	0.0001	0.0001	0.0000	0.0000	0.0000	0.0000	0.0000	0.0000	0.0000	0.0000	0.0000	0.0000	0.0120	0.0106	0.0014	0.0027	0.0026	0.0002	0.0093	0.0080	0.0013	0.0239	0.0133	0.0105	0.0039	0.0037	0.0002	0.0200	0.0096	0.0104	5.0840	3.4290	3.1400	0.0213	0.0217	0.0000	78.3405	inf	3.5029	0.0020	0.0033	0.0003	0.0113	0.0118	0.0001	0.0002	0.0000	0.0003
46	99	0.0482	5	1	0	0	0	0	0	0	0	N	N	N	N	N	N	N	N	N	N	N	N	0.0193	0.0170	0.0222	0.0367	0.0397	0.0000	0.0150	0.4470	0.0246	0.0003	0.0003	0.0003	0.0011	0.0012	0.0000	0.0001	0.0001	0.0003	0.0154	0.0176	0.0126	0.0310	0.0314	0.0009	0.0082	0.0002	0.0127	0.1464	0.5756	-0.0000	-0.0000	1.0095	1.5300	0.3555	0.7696	0.0000	0.0000	0.0000	0.0000	0.0000	0.0000	0.0000	0.0000	0.0000	0.0001	0.0001	0.0000	0.0001	0.0001	0.0000	0.0000	0.0000	0.0000	0.0134	0.0116	0.0018	0.0023	0.0021	0.0002	0.0111	0.0095	0.0016	0.0078	0.0043	0.0035	0.0024	0.0024	0.0000	0.0053	0.0019	0.0034	0.0193	0.0170	0.0222	0.0367	0.0397	0.0000	0.0150	0.4470	0.0246	0.0154	0.0176	0.0126	0.0310	0.0314	0.0009	0.0082	0.0002	0.0127
46	100	0.0394	4	1	0	0	0	0	0	0	0	N	N	N	N	N	N	N	N	N	N	N	N	0.0078	0.0073	0.0037	0.0261	0.0265	0.0000	0.0078	0.6360	0.0037	0.0001	0.0001	0.0000	0.0009	0.0010	0.0000	0.0001	0.0001	0.0000	0.0131	0.0153	0.0105	0.0351	0.0359	0.0039	0.0064	0.0001	0.0106	0.0533	0.6075	-0.0000	-0.0000	1.0095	3.6906	0.3555	1.4800	0.0000	0.0000	0.0000	0.0000	0.0000	0.0000	0.0000	0.0000	0.0000	0.0002	0.0001	0.0001	0.0001	0.0001	0.0000	0.0001	0.0000	0.0001	0.0269	0.0233	0.0036	0.0016	0.0015	0.0001	0.0253	0.0217	0.0035	0.0133	0.0070	0.0063	0.0031	0.0030	0.0001	0.0102	0.0040	0.0062	0.0078	0.0073	0.0037	0.0261	0.0265	0.0000	0.0078	0.6360	0.0037	0.0131	0.0153	0.0105	0.0351	0.0359	0.0039	0.0064	0.0001	0.0106
46	101	0.0394	3	1	0	0	0	0	0	0	0	N	N	N	N	N	N	N	N	N	N	N	N	0.0479	0.0448	0.0765	0.0802	0.0798	0.0000	0.0366	0.1072	0.0768	0.0017	0.0015	0.0027	0.0032	0.0032	0.0000	0.0011	0.0009	0.0027	0.0345	0.0344	0.0347	0.0399	0.0403	0.0097	0.0304	0.0081	0.0350	0.1943	0.9124	-0.0000	-0.0000	1.0095	0.1361	0.3555	0.4500	0.0000	0.0000	0.0000	0.0000	0.0000	0.0000	0.0000	0.0000	0.0000	0.0002	0.0001	0.0001	0.0001	0.0001	0.0000	0.0001	0.0000	0.0001	0.0018	0.0017	0.0002	0.0005	0.0005	0.0000	0.0014	0.0012	0.0002	0.0058	0.0030	0.0028	0.0025	0.0025	0.0000	0.0033	0.0006	0.0027	0.0479	0.0448	0.0765	0.0802	0.0798	0.0000	0.0366	0.1072	0.0768	0.0345	0.0344	0.0347	0.0399	0.0403	0.0097	0.0304	0.0081	0.0350
46	102	0.0235	2	1	0	0	0	0	0	0	0	N	N	N	N	N	N	N	N	N	N	N	N	1.2545	0.1965	34.6552	0.2779	0.2813	0.0017	8.2193	0.9230	35.8281	0.0786	0.0207	0.5557	0.0786	0.0798	0.0000	0.0785	0.0000	0.5746	0.0626	0.1056	0.0160	0.2829	0.2838	0.0150	0.0096	0.0000	0.0160	3.2455	0.1401	0.0010	-0.0005	1.0095	3.5591	0.3555	4.5341	0.0027	0.0006	0.0020	0.0006	0.0006	0.0000	0.0020	0.0000	0.0020	0.0013	0.0011	0.0002	0.0011	0.0011	0.0000	0.0002	0.0000	0.0002	0.0340	0.0303	0.0037	0.0080	0.0079	0.0001	0.0260	0.0224	0.0035	0.0207	0.0108	0.0099	0.0040	0.0040	0.0000	0.0167	0.0068	0.0099	1.2545	0.1965	34.6552	0.2779	0.2813	0.0017	8.2193	0.9230	35.8281	0.0626	0.1056	0.0160	0.2829	0.2838	0.0150	0.0096	0.0000	0.0160
46	104	0.1602	11	1	1	0	0	0	0	0	0	N	N	N	N	N	N	N	N	N	N	N	N	0.0212	0.6868	0.0083	0.7863	0.4856	35.8502	0.0088	1.6750	0.0005	0.0012	0.0011	0.0020	0.0020	0.0013	0.0364	0.0009	0.0010	0.0001	0.0582	0.0016	0.2409	0.0025	0.0026	0.0010	0.0979	0.0006	0.2740	0.2683	45.8309	-0.0000	0.0001	1.0095	0.0277	0.3555	1.3445	0.0000	0.0000	0.0000	0.0000	0.0000	0.0000	0.0000	0.0000	0.0000	0.0003	0.0000	0.0003	0.0000	0.0000	0.0000	0.0003	0.0000	0.0003	0.0004	0.0003	0.0000	0.0001	0.0001	0.0000	0.0002	0.0002	0.0000	0.0050	0.0038	0.0012	0.0021	0.0019	0.0001	0.0029	0.0019	0.0010	0.0212	0.6868	0.0083	0.7863	0.4856	35.8502	0.0088	1.6750	0.0005	0.0582	0.0016	0.2409	0.0025	0.0026	0.0010	0.0979	0.0006	0.2740
46	105	0.1135	10	1	1	0	0	0	0	0	0	N	N	N	N	N	N	N	N	N	N	N	N	0.0010	0.0218	0.0001	0.0073	0.0070	0.9671	0.0009	0.0454	0.0001	0.0103	0.0114	0.0020	0.0073	0.0076	0.0001	0.0109	0.0124	0.0022	10.1637	0.5235	38.8681	0.9992	1.0944	0.0001	12.4295	0.2721	33.8635	0.0256	31.7971	-0.0001	0.1425	1.0095	5.1414	0.3555	16.4151	0.0004	0.0004	0.0000	0.0001	0.0001	0.0000	0.0003	0.0003	0.0000	0.3340	0.0102	0.3238	0.0065	0.0065	0.0000	0.3275	0.0037	0.3238	0.0387	0.0339	0.0049	0.0069	0.0066	0.0003	0.0318	0.0272	0.0046	0.0329	0.0195	0.0134	0.0065	0.0059	0.0006	0.0263	0.0135	0.0128	0.0010	0.0218	0.0001	0.0073	0.0070	0.9671	0.0009	0.0454	0.0001	10.1637	0.5235	24.1467	0.9992	1.0944	0.0001	12.4295	0.2721	25.2116
46	106	0.1053	9	1	0	0	0	0	0	0	0	N	N	N	N	N	N	N	N	N	N	N	N	0.0013	0.0062	0.0006	0.0087	0.0083	0.0641	0.0007	0.0290	0.0005	0.0002	0.0002	0.0003	0.0007	0.0007	0.0009	0.0002	0.0001	0.0002	0.1817	0.0387	0.4062	0.0849	0.0882	0.0142	0.2154	0.0051	0.4183	0.1639	6.6938	-0.0000	0.0007	1.0095	3.8974	0.3555	1.6364	0.0000	0.0000	0.0000	0.0000	0.0000	0.0000	0.0000	0.0000	0.0000	0.0022	0.0003	0.0019	0.0003	0.0003	0.0000	0.0020	0.0000	0.0019	0.0295	0.0257	0.0038	0.0042	0.0040	0.0002	0.0253	0.0217	0.0036	0.0123	0.0075	0.0048	0.0032	0.0030	0.0001	0.0091	0.0045	0.0046	0.0013	0.0062	0.0006	0.0087	0.0083	0.0641	0.0007	0.0290	0.0005	0.1817	0.0387	0.4062	0.0849	0.0882	0.0142	0.2154	0.0051	0.4183
46	107	0.0843	8	1	0	0	0	0	0	0	0	N	N	N	N	N	N	N	N	N	N	N	N	0.0438	0.0929	0.0421	0.0913	0.0889	1.5201	0.0126	0.1597	0.0423	0.0181	0.0167	0.0306	0.0411	0.0414	0.0055	0.0051	0.0003	0.0314	0.4135	0.1799	0.7279	0.4502	0.4658	0.0036	0.4027	0.0017	0.7413	0.2072	3.0075	-0.0000	0.0018	1.0095	0.3701	0.3555	9.6236	0.0001	0.0001	0.0000	0.0001	0.0001	0.0000	0.0000	0.0000	0.0000	0.0087	0.0022	0.0065	0.0022	0.0022	0.0000	0.0065	0.0000	0.0065	0.0073	0.0066	0.0007	0.0026	0.0026	0.0000	0.0047	0.0039	0.0007	0.0210	0.0121	0.0090	0.0048	0.0046	0.0002	0.0162	0.0074	0.0088	0.0438	0.0929	0.0421	0.0913	0.0889	1.5201	0.0126	0.1597	0.0423	0.4135	0.1799	0.7279	0.4502	0.4658	0.0036	0.4027	0.0017	0.7413
46	108	0.0738	7	1	0	0	0	0	0	0	0	N	N	N	N	N	N	N	N	N	N	N	N	0.1263	0.1391	0.4229	0.0946	0.0912	inf	0.1248	0.4215	0.4301	0.0228	0.0110	0.1302	0.0280	0.0282	0.0066	0.0200	0.0005	0.1343	0.1806	0.0792	0.3078	0.2963	0.3095	0.0000	0.1606	0.0011	0.3122	1.2960	3.0963	0.0000	0.0004	1.0095	0.4415	0.3555	4.8853	0.0002	0.0001	0.0001	0.0001	0.0001	0.0000	0.0001	0.0000	0.0001	0.0017	0.0004	0.0013	0.0004	0.0004	0.0000	0.0013	0.0000	0.0013	0.0078	0.0071	0.0008	0.0027	0.0027	0.0000	0.0051	0.0044	0.0007	0.0094	0.0053	0.0042	0.0014	0.0013	0.0001	0.0080	0.0039	0.0041	0.1263	0.1391	0.4229	0.0946	0.0912	inf	0.1248	0.4215	0.4301	0.1806	0.0792	0.3078	0.2963	0.3095	0.0000	0.1606	0.0011	0.3122
46	109	0.0962	6	2	1	0	1	0	0	0	0	Y	N	N	N	N	N	N	N	N	N	N	N	0.0000	0.0000	0.0000	0.0000	0.0000	0.0000	0.0000	0.0000	0.0000	0.0000	0.0000	0.0000	0.0000	0.0000	0.0000	0.0000	0.0000	0.0000	0.0000	0.0000	1.0095	0.0000	0.3555	0.0000	0.0000	0.0000	0.0000	0.0000	0.0000	0.0000	0.0000	0.0000	0.0000	0.0000	0.0000	0.0000	0.0000	0.0000	0.0000	0.0000	0.0000	0.0000	0.0000	0.0000	0.0000	0.0000	0.0000	0.0000	0.0000	0.0000	0.0000	0.0000	0.0000	0.0000	0.0000	0.0000	0.0000	0.0000	0.0000	0.0000	0.0000	0.0000	0.0000	0.0000	0.0000	0.0000	0.0000	0.0000	0.0000	0.0000	0.0000	0.0000	0.0000	0.0000	0.0000	0.0000	0.0000	0.0000											
46	110	0.0812	5	2	1	0	1	0	0	0	0	Y	N	N	N	N	N	N	N	N	N	N	N	0.0000	0.0000	0.0000	0.0000	0.0000	0.0000	0.0000	0.0000	0.0000	0.0000	0.0000	0.0000	0.0000	0.0000	0.0000	0.0000	0.0001	0.0000	0.0002	0.0000	0.0000	0.0000	0.0001	0.0000	0.0003	311.5952	0.0000	0.0000	1.0095	0.0000	0.3555	7.1240	0.0000	0.0000	0.0000	0.0000	0.0000	0.0000	0.0000	0.0000	0.0000	0.0000	0.0000	0.0000	0.0000	0.0000	0.0000	0.0000	0.0000	0.0000	0.0000	0.0000	0.0000	0.0000	0.0000	0.0000	0.0000	0.0000	0.0000	0.0121	0.0067	0.0054	0.0017	0.0015	0.0002	0.0105	0.0053	0.0052	0.0000	0.0000	0.0000	0.0000	0.0000	0.0000	0.0000	0.0000	0.0000	0.0001	0.0000	0.0002	0.0000	0.0000	0.0000	0.0001	0.0000	0.0003			
46	111	0.0902	7	1	1	0	1	0	0	0	0	N	N	N	N	N	N	N	N	N	N	N	N	0.0000	0.0000	0.0000	0.0000	0.0000	0.0000	0.0000	0.0000	0.0000	0.0000	0.0000	0.0000	0.0000	0.0000	0.0000	0.0000	0.0000	0.0000	0.0000	0.0000	0.0000	0.0000	inf	0.0000	0.0000	1.0095	0.0016	0.3555	5.0076	0.0000	0.0000	0.0000	0.0000	0.0000	0.0000	0.0000	0.0000	0.0000	0.0000	0.0000	0.0000	0.0000	0.0000	0.0000	0.0000	0.0000	0.0000	0.0000	0.0000	0.0000	0.0000	0.0000	0.0000	0.0000	0.0000	0.0000	0.0083	0.0046	0.0036	0.0013	0.0011	0.0003	0.0069	0.0036	0.0034	0.0000	0.0000	0.0000	0.0000	0.0000	0.0000	0.0000	0.0000	0.0000	0.0000	0.0000	0.0000	0.0000	0.0000	0.0000	0.0000	0.0000	0.0000						
46	112	0.0834	6	1	1	0	1	0	0	0	0	N	N	N	N	N	N	N	N	N	N	N	N	0.0000	0.0000	0.0000	0.0000	0.0000	0.0000	0.0000	0.0000	0.0000	0.0000	0.0000	0.0000	0.0000	0.0000	0.0000	0.0000	0.0002	0.0000	0.0005	0.0000	0.0000	0.0000	0.0003	0.0000	0.0005	141.0045	0.0000	0.0000	1.0095	1.0012	0.3555	2.1373	0.0000	0.0000	0.0000	0.0000	0.0000	0.0000	0.0000	0.0000	0.0000	0.0000	0.0000	0.0000	0.0000	0.0000	0.0000	0.0000	0.0000	0.0000	0.0071	0.0062	0.0009	0.0010	0.0010	0.0001	0.0061	0.0053	0.0009	0.0059	0.0033	0.0026	0.0011	0.0010	0.0001	0.0048	0.0024	0.0024	0.0000	0.0000	0.0000	0.0000	0.0000	0.0000	0.0000	0.0000	0.0000	0.0002	0.0000	0.0005	0.0000	0.0000	0.0000	0.0003	0.0000	0.0005			
46	113	0.0917	6	1	1	0	0	0	0	0	0	N	N	N	N	N	N	N	N	N	N	N	N	0.0000	0.0000	0.0000	0.0000	0.0000	0.0000	0.0000	0.0000	0.0000	0.0000	0.0000	0.0000	0.0000	0.0000	0.0000	0.0000	0.0000	0.0146	0.0001	0.0332	0.0004	0.0005	0.0000	0.0170	0.0000	0.0347	234.2251	0.0000	0.0001	1.0095	0.9705	0.3555	5.0371	0.0000	0.0000	0.0000	0.0000	0.0000	0.0000	0.0000	0.0000	0.0000	0.0001	0.0000	0.0001	0.0000	0.0000	0.0000	0.0001	0.0000	0.0001	0.0081	0.0072	0.0010	0.0018	0.0017	0.0001	0.0064	0.0055	0.0009	0.0096	0.0054	0.0042	0.0014	0.0012	0.0002	0.0082	0.0042	0.0040	0.0000	0.0000	0.0000	0.0000	0.0000	0.0000	0.0000	0.0000	0.0000	0.0146	0.0001	0.0332	0.0004	0.0005	0.0000	0.0170	0.0000	0.0347		
46	114	0.0834	6	1	0	1	1	0	0	0	0	N	N	N	N	N	N	N	N	N	N	N	N	0.0000	0.0000	0.0000	0.0000	0.0000	0.0000	0.0000	0.0000	0.0000	0.0000	0.0000	0.0000	0.0000	0.0005	0.0000	0.0012	0.0000	0.0000	0.0000	0.0007	0.0000	0.0012	inf	0.0000	0.0000	1.0095	0.0000	0.3555	1.1303	0.0000	0.0000	0.0000	0.0000	0.0000	0.0000	0.0000	0.0000	0.0000	0.0000	0.0000	0.0000	0.0000	0.0000	0.0000	0.0000	0.0000	0.0000	0.0000	0.0000	0.0000	0.0000	0.0000	0.0000	0.0000	0.0000	0.0000	0.0026	0.0015	0.0011	0.0006	0.0006	0.0000	0.0020	0.0009	0.0011	0.0000	0.0000	0.0000	0.0000	0.0000	0.0000	0.0000	0.0000	0.0000	0.0005	0.0000	0.0012	0.0000	0.0000	0.0000	0.0007	0.0000	0.0012						
46	115	0.0812	5	1	0	0	1	0	0	0	0	N	N	N	N	N	N	N	N	N	N	N	N	0.0000	0.0000	0.0000	0.0000	0.0000	0.0000	0.0000	0.0000	0.0000	0.0000	0.0000	0.0000	0.0000	0.0000	0.0000	0.0000	0.0000	0.0501	0.0864	0.0009	0.0018	0.0019	0.0000	0.0641	0.1355	0.0010	0.0081	0.0000	-0.0001	1.0095	0.0000	0.3555	1.2340	0.0000	0.0000	0.0000	0.0000	0.0000	0.0000	0.0000	0.0000	0.0000	0.0001	0.0001	0.0000	0.0000	0.0000	0.0000	0.0001	0.0001	0.0000	0.0000	0.0000	0.0000	0.0000	0.0000	0.0000	0.0000	0.0000	0.0000	0.0028	0.0016	0.0012	0.0006	0.0006	0.0000	0.0022	0.0010	0.0012	0.0000	0.0000	0.0000	0.0000	0.0000	0.0000	0.0000	0.0000	0.0000	0.0501	0.0864	0.0009	0.0018	0.0019	0.0000	0.0641	0.1355	0.0010		
46	116	0.0887	6	1	0	1	1	0	0	0	0	N	N	N	N	N	N	N	N	N	N	N	N	7.7055	inf	0.0000	inf	inf	1.0067	inf	0.0000	0.0000	0.0000	0.0000	0.0000	0.0000	0.0000	0.0000	0.0000	0.0000	0.0000	0.0000	0.0000	0.0000	0.0000	0.0000	0.0000	0.0000	0.0000	0.0000	inf	-0.0000	0.0000	1.0095	0.9725	0.3555	0.9874	0.0000	0.0000	0.0000	0.0000	0.0000	0.0000	0.0000	0.0000	0.0000	0.0000	0.0000	0.0000	0.0000	0.0000	0.0000	0.0000	0.0000	0.0000	0.0077	0.0067	0.0009	0.0015	0.0014	0.0001	0.0062	0.0053	0.0009	0.0034	0.0020	0.0014	0.0005	0.0005	0.0001	0.0029	0.0015	0.0014	7.7055	inf	0.0000	inf	inf	0.0000	1.0067	inf	0.0000	0.0000	0.0000	0.0000	0.0000	0.0000	0.0000	0.0000	0.0000	0.0000	
46	117	0.0887	6	1	0	1	1	0	0	0	0	N	N	N	N	N	N	N	N	N	N	N	N	129.5809	inf	0.0000	inf	inf	25.3752	inf	0.0000	0.0001	0.0001	0.0000	0.0002	0.0002	0.0000	0.0000	0.0000	0.0000	0.0000	0.0000	0.0000	0.0000	0.0000	0.0000	0.0000	0.0000	0.0000	0.0000	inf	-0.0000	0.0000	1.0095	0.0285	0.3555	4.0215	0.0000	0.0000	0.0000	0.0000	0.0000	0.0000	0.0000	0.0000	0.0000	0.0000	0.0000	0.0000	0.0000	0.0000	0.0000	0.0000	0.0000	0.0000	0.0008	0.0007	0.0001	0.0003	0.0003	0.0000	0.0005	0.0004	0.0001	0.0067	0.0038	0.0029	0.0010	0.0008	0.0001	0.0057	0.0030	0.0028	129.5809	inf	0.0000	inf	inf	0.0000	25.3752	inf	0.0000	0.0000	0.0000	0.0000	0.0000	0.0000	0.0000	0.0000	0.0000	0.0000	
46	118	0.0812	5	1	0	1	1	0	0	0	0	N	N	N	N	N	N	N	N	N	N	N	N	129.7195	13836.0235	0.0000	19493.7963	18201.9000	16.2300	inf	0.0000	0.0187	0.0215	0.0000	0.1160	0.1222	0.0000	0.0027	0.0032	0.0000	0.0001	0.0000	0.0003	0.0000	0.0000	0.0000	0.0002	0.0000	0.0003	0.0000	165.8498	-0.0002	0.0000	1.0095	3.0275	0.3555	2.1573	0.0004	0.0004	0.0000	0.0003	0.0003	0.0000	0.0000	0.0000	0.0000	0.0000	0.0000	0.0000	0.0000	0.0000	0.0000	0.0000	0.0000	0.0000	0.0214	0.0186	0.0027	0.0030	0.0029	0.0002	0.0184	0.0158	0.0026	0.0091	0.0051	0.0040	0.0013	0.0012	0.0002	0.0078	0.0039	0.0039	129.7195	13836.0235	0.0000	19493.7963	18201.9000	0.0000	16.2300	inf	0.0000	0.0001	0.0000	0.0003	0.0000	0.0000	0.0000	0.0002	0.0000	0.0003	
46	119	0.1225	5	2	1	0	0	0	0	0	0	Y	N	N	N	N	N	N	N	N	N	N	N	10.0593	6.2271	109.5270	11.5986	10.0486	inf	1.3769	5.2158	0.0036	0.0035	0.0040	0.0174	0.0159	0.0628	0.0000	0.0000	0.0002	0.0004	0.0006	0.0000	0.0015	0.0016	0.0000	0.0000	0.0000	0.0000	0.1430	0.0426	-0.0000	-0.0000	1.0095	2.1883	0.3555	3.1271	0.0001	0.0001	0.0000	0.0001	0.0001	0.0000	0.0000	0.0000	0.0000	0.0000	0.0000	0.0000	0.0000	0.0000	0.0000	0.0000	0.0000	0.0000	0.0189	0.0168	0.0021	0.0038	0.0037	0.0001	0.0151	0.0131	0.0020	0.0099	0.0060	0.0039	0.0022	0.0021	0.0001	0.0077	0.0038	0.0038	10.0593	6.2271	109.5270	11.5986	10.0486	inf	1.3769	0.0000	5.2158	0.0004	0.0006	0.0000	0.0015	0.0016	0.0000	0.0000	0.0000	0.0000	
46	120	0.0555	4	2	1	0	0	0	0	0	0	Y	N	N	N	N	N	N	N	N	N	N	N	1.5922	11.9192	3.2022	7.1696	7.0361	inf	1.2457	760.0786	3.3134	0.0027	0.0014	0.0113	0.0060	0.0062	0.0000	0.0022	0.0006	0.0118	0.0017	0.0001	0.0035	0.0008	0.0009	0.0000	0.0018	0.0000	0.0036	1.1366	24.8812	0.0000	0.0000	1.0095	13.6104	0.3555	16.0982	0.0003	0.0001	0.0001	0.0001	0.0001	0.0000	0.0002	0.0000	0.0001	0.0001	0.0000	0.0001	0.0000	0.0000	0.0000	0.0001	0.0000	0.0001	0.0979	0.0855	0.0124	0.0129	0.0123	0.0005	0.0850	0.0732	0.0119	0.0452	0.0244	0.0208	0.0035	0.0033	0.0002	0.0416	0.0211	0.0206	1.5922	11.9192	3.2022	7.1696	7.0361	inf	1.2457	760.0786	3.3134	0.0017	0.0001	0.0035	0.0008	0.0009	0.0000	0.0018	0.0000	0.0036
46	121	0.0601	4	1	1	0	0	0	0	0	0	N	N	N	N	N	N	N	N	N	N	N	N	0.0296	0.0173	0.1138	0.0198	0.0173	21.7735	0.0354	inf	0.1131	0.0162	0.0038	0.1306	0.0087	0.0078	0.0847	0.0213	0.0007	0.1329	0.5485	0.2188	1.1482	0.4380	0.4490	0.0039	0.6010	0.0000	1.1745	3.7519	2.8854	0.0001	0.0020	1.0095	0.3548	0.3555	4.6068	0.0001	0.0000	0.0001	0.0000	0.0000	0.0000	0.0001	0.0000	0.0001	0.0099	0.0025	0.0073	0.0025	0.0025	0.0000	0.0073	0.0000	0.0073	0.0087	0.0078	0.0009	0.0034	0.0034	0.0000	0.0052	0.0044	0.0008	0.0180	0.0116	0.0064	0.0058	0.0057	0.0001	0.0122	0.0060	0.0063	0.0296	0.0173	0.1138	0.0198	0.0173	21.7735	0.0354	inf	0.1131	0.5485	0.2188	1.1482	0.4380	0.4490	0.0039	0.6010	0.0000	1.1745
46	122	0.0452	3	1	1	0	0	0	0	0	0	N	N	N	N	N	N	N	N	N	N	N	N	0.3659	0.2080	1.4459	0.1200	0.1170	9.1812	0.4704	2.2422	1.4807	0.0149	0.0046	0.0906	0.0136	0.0138	0.0016	0.0153	0.0016	0.0937	0.0407	0.0220	0.0627	0.1131	0.1179	0.0002	0.0325	0.0007	0.0632	2.6947	2.4242	0.0001	0.0001	1.0095	1.6911	0.3555	5.7022	0.0003	0.0001	0.0002	0.0001	0.0001	0.0000	0.0002	0.0000	0.0002	0.0005	0.0002	0.0004	0.0002	0.0002	0.0000	0.0004	0.0000	0.0004	0.0171	0.0150	0.0020	0.0037	0.0037	0.0001	0.0133	0.0113	0.0020	0.0133	0.0072	0.0061	0.0014	0.0013	0.0001	0.0120	0.0059	0.0061	0.3659	0.2080	1.4459	0.1200	0.1170	9.1812	0.4704	2.2422	1.4807	0.0407	0.0220	0.0627	0.1131	0.1179	0.0002	0.0325	0.0007	0.0632
46	124	0.0963	7	2	1	0	0	0	0	0	0	Y	N	N	N	N	N	N	N	N	N	N	N	0.0000	0.0000	0.0000	0.0000	0.0000	0.0000	0.0000	0.0000	0.0000	0.0000	0.0000	0.0000	0.0000	0.0000	0.0000	0.0000	0.0000	0.0000	0.0000	0.0000	1.0095	0.0000	0.3555	0.0000	0.0000	0.0000	0.0000	0.0000	0.0000	0.0000	0.0000	0.0000	0.0000	0.0000	0.0000	0.0000	0.0000	0.0000	0.0000	0.0000	0.0000	0.0000	0.0000	0.0000	0.0000	0.0000	0.0000	0.0000	0.0000	0.0000	0.0000	0.0000	0.0000	0.0000	0.0000	0.0000	0.0000	0.0000	0.0000	0.0000	0.0000	0.0000	0.0000	0.0000	0.0000	0.0000	0.0000	0.0000	0.0000	0.0000	0.0000	0.0000	0.0000	0.0000	0.0000	0.0000	0.0000	0.0000											
46	125	0.0917	6	2	1	0	0	0	0	0	0	Y	N	N	N	N	N	N	N	N	N	N	N	0.0000	0.0000	0.0000	0.0000	0.0000	0.0000	0.0000	0.0000	0.0000	0.0000	0.0000	0.0000	0.0000	0.0000	0.0000	0.0000	0.0000	0.0054	0.0004	0.0123	0.0012	0.0013	0.0000	0.0063	0.0000	0.0128	24.1475	0.0000	0.0000	1.0095	0.1434	0.3555	1.9839	0.0000	0.0000	0.0000	0.0000	0.0000	0.0000	0.0000	0.0000	0.0000	0.0000	0.0000	0.0000	0.0000	0.0000	0.0000	0.0000	0.0000	0.0000	0.0023	0.0020	0.0002	0.0009	0.0009	0.0000	0.0014	0.0012	0.0002	0.0038	0.0022	0.0016	0.0007	0.0006	0.0001	0.0031	0.0016	0.0015	0.0000	0.0000	0.0000	0.0000	0.0000	0.0000	0.0000	0.0000	0.0000	0.0054	0.0004	0.0123	0.0012	0.0013	0.0000	0.0063	0.0000	0.0128		
46	126	0.0812	5	1	1	0	0	0	0	0	0	N	N	N	N	N	N	N	N	N	N	N	N	0.0000	0.0000	0.0000	0.0000	0.0000	0.0000	0.0000	0.0000	0.0000	0.0000	0.0000	0.0000	0.0000	0.0000	0.0000	0.0000	0.0000	0.0012	0.0018	0.0003	0.0069	0.0077	0.0000	0.0002	0.0000	0.0004	0.1507	0.0000	-0.0000	1.0095	1.8882	0.3555	2.9115	0.0000	0.0000	0.0000	0.0000	0.0000	0.0000	0.0000	0.0000	0.0000	0.0000	0.0000	0.0000	0.0000	0.0000	0.0000	0.0000	0.0000	0.0000	0.0134	0.0117	0.0017	0.0019	0.0018	0.0001	0.0115	0.0099	0.0016	0.0085	0.0048	0.0038	0.0013	0.0011	0.0001	0.0073	0.0036	0.0036	0.0000	0.0000	0.0000	0.0000	0.0000	0.0000	0.0000	0.0000	0.0000	0.0012	0.0018	0.0003	0.0069	0.0077	0.0000	0.0002	0.0000	0.0004		
46	127	0.0555	4	1	0	0	0	0	0	0	0	N	N	N	N	N	N	N	N	N	N	N	N	231.6453	3087.6886	693.7441	2348.0305	2299.1879	inf	204.8105	830.0941	715.4487	0.0947	0.0243	0.6111	0.1122	0.1151	0.0006	0.0907	0.0004	0.6364	0.0004	0.0000	0.0009	0.0000	0.0001	0.0000	0.0004	0.0000	0.0009	3.4292	95.0920	0.0012	0.0000	1.0095	3.5543	0.3555	9.0319	0.0030	0.0007	0.0023	0.0007	0.0007	0.0000	0.0023	0.0000	0.0023	0.0000	0.0000	0.0000	0.0000	0.0000	0.0000	0.0000	0.0000	0.0000	0.0316	0.0278	0.0038	0.0060	0.0058	0.0002	0.0257	0.0220	0.0036	0.0209	0.0113	0.0096	0.0018	0.0017	0.0001	0.0192	0.0096	0.0095	231.6453	3087.6886	693.7441	2348.0305	2299.1879	inf	204.8105	830.0941	715.4487	0.0004	0.0000	0.0009	0.0000	0.0001	0.0000	0.0004	0.0000	0.0009
47	49	0.0746	4	0	1	1	0	0	0	0	0	N	N	N	N	N	N	N	N	N	N	N	N	0.0000	0.0000	0.0000	0.0000	0.0000	0.0000	0.0000	0.0000	0.0000	0.0000	0.0000	0.0000	0.0000	0.0000	0.0000	0.0000	0.0002	0.0004	0.0000	0.0012	0.0013	0.0000	0.0000	0.0000	0.0000	0.0001	0.0000	-0.0000	3.0460	0.0000	11.9126	2.0001	0.0000	0.0000	0.0000	0.0000	0.0000	0.0000	0.0000	0.0000	0.0000	0.0000	0.0000	0.0000	0.0000	0.0000	0.0000	0.0000	0.0000	0.0000	0.0000	0.0000	0.0000	0.0000	0.0000	0.0000	0.0000	0.0000	0.0000	0.0418	0.0245	0.0172	0.0087	0.0080	0.0007	0.0330	0.0165	0.0165	0.0000	0.0000	0.0000	0.0000	0.0000	0.0000	0.0000	0.0000	0.0000	0.0002	0.0004	0.0000	0.0012	0.0013	0.0000	0.0000	0.0000	0.0000			
47	50	0.2213	19	1	1	2	0	0	0	0	0	N	N	Y	N	N	N	N	N	N	N	N	N	0.0000	0.0000	0.0000	0.0000	0.0000	0.0000	0.0000	0.0000	0.0000	0.0000	0.0000	0.0000	0.0000	0.0000	0.0000	0.0019	0.0000	0.0077	0.0045	0.0000	0.1232	0.0002	0.0000	0.0005	inf	0.0000	0.0001	3.0460	0.0000	11.9126	1.7047	0.0000	0.0000	0.0000	0.0000	0.0000	0.0000	0.0000	0.0000	0.0000	0.0001	0.0000	0.0001	0.0001	0.0000	0.0001	0.0000	0.0000	0.0000	0.0000	0.0000	0.0000	0.0000	0.0000	0.0000	0.0000	0.0000	0.0000	0.0597	0.0451	0.0146	0.0237	0.0228	0.0009	0.0360	0.0222	0.0137	0.0000	0.0000	0.0000	0.0000	0.0000	0.0000	0.0000	0.0000	0.0000	0.0019	0.0000	0.0077	0.0045	0.0000	0.1232	0.0002	0.0000	0.0005				
47	51	0.2213	19	1	1	2	0	0	0	0	0	N	N	Y	N	N	N	N	N	N	N	N	N	0.0000	0.0000	0.0000	0.0000	0.0000	0.0000	0.0000	0.0000	0.0000	0.0000	0.0000	0.0000	0.0000	0.0000	0.0000	0.0014	0.0016	0.0000	0.0030	0.0030	0.0000	0.0000	0.0000	0.0000	0.0000	0.0000	-0.0000	3.0460	0.0000	11.9126	0.2953	0.0000	0.0000	0.0000	0.0000	0.0000	0.0000	0.0000	0.0000	0.0000	0.0000	0.0000	0.0000	0.0000	0.0000	0.0000	0.0000	0.0000	0.0000	0.0000	0.0000	0.0000	0.0000	0.0000	0.0000	0.0000	0.0000	0.0000	0.0337	0.0291	0.0046	0.0158	0.0156	0.0002	0.0179	0.0134	0.0045	0.0000	0.0000	0.0000	0.0000	0.0000	0.0000	0.0000	0.0000	0.0000	0.0014	0.0016	0.0000	0.0030	0.0030	0.0000	0.0000	0.0000	0.0000				
47	52	0.2185	18	1	1	2	0	0	0	0	0	N	N	Y	N	N	N	N	N	N	N	N	N	2009.6285	1614.6548	0.0000	2015.6606	2005.4693	0.0000	0.0000	0.0000	0.0000	5.2170	5.9889	0.0000	14.2438	14.6231	0.0000	0.0000	0.0000	0.0000	0.0026	0.0037	0.0004	0.0071	0.0073	0.0019	0.0002	0.0000	0.0004	0.0000	0.0616	-0.0000	-0.0001	3.0460	0.0001	11.9126	1.7968	0.0000	0.0000	0.0000	0.0000	0.0000	0.0000	0.0000	0.0000	0.0000	0.0001	0.0001	0.0000	0.0001	0.0001	0.0000	0.0000	0.0000	0.0000	0.0000	0.0000	0.0000	0.0000	0.0000	0.0000	0.0000	0.0000	0.0000	0.0466	0.0307	0.0159	0.0163	0.0156	0.0007	0.0303	0.0151	0.0152	2009.6285	1614.6548	0.0000	2015.6606	2005.4693	0.0000	0.0000	0.0000	0.0000	0.0026	0.0037	0.0004	0.0071	0.0073	0.0019	0.0002	0.0000	0.0004
47	53	0.2002	12	1	1	1	0	0	0	0	0	N	N	N	N	N	N	N	N	N	N	N	N	0.8288	0.9267	0.0000	1.4550	1.6911	0.0000	0.0087	0.0430	0.0000	0.0007	0.0008	0.0000	0.0026	0.0027	0.0000	0.0000	0.0000	0.0000	0.0008	0.0008	0.0008	0.0018	0.0016	0.0051	0.0003	0.0001	0.0006	0.0000	0.5364	-0.0000	-0.0000	3.0460	1.8240	11.9126	0.8872	0.0000	0.0000	0.0000	0.0000	0.0000	0.0000	0.0000	0.0000	0.0000	0.0001	0.0000	0.0000	0.0000	0.0000	0.0000	0.0000	0.0000	0.0000	0.0497	0.0445	0.0052	0.0133	0.0129	0.0005	0.0364	0.0316	0.0048	0.0669	0.0436	0.0233	0.0233	0.0220	0.0013	0.0436	0.0216	0.0221	0.8288	0.9267	0.0000	1.4550	1.6911	0.0000	0.0087	0.0430	0.0000	0.0008	0.0008	0.0008	0.0018	0.0016	0.0051	0.0003	0.0001	0.0006
47	54	0.1046	6	0	1	1	1	0	0	0	0	N	N	N	N	N	N	N	N	N	N	N	N	0.0000	0.0000	0.0000	0.0000	0.0000	0.0000	0.0000	0.0000	0.0000	0.0000	0.0000	0.0000	0.0000	0.0000	0.0000	0.0000	0.0000	0.0054	0.0049	0.0062	0.0119	0.0123	0.0058	0.0031	0.0000	0.0062	0.7939	0.0000	-0.0001	3.0460	0.0007	11.9126	4.7762	0.0000	0.0000	0.0000	0.0000	0.0000	0.0000	0.0000	0.0000	0.0000	0.0006	0.0003	0.0003	0.0003	0.0003	0.0000	0.0003	0.0000	0.0003	0.0000	0.0000	0.0000	0.0000	0.0000	0.0000	0.0000	0.0000	0.0000	0.1104	0.0676	0.0428	0.0288	0.0271	0.0017	0.0816	0.0405	0.0411	0.0000	0.0000	0.0000	0.0000	0.0000	0.0000	0.0000	0.0000	0.0000	0.0054	0.0049	0.0062	0.0119	0.0123	0.0058	0.0031	0.0000	0.0062		
47	55	0.1046	6	0	0	1	1	0	0	0	0	N	N	N	N	N	N	N	N	N	N	N	N	0.0000	0.0000	0.0000	0.0000	0.0000	0.0000	0.0000	0.0000	0.0000	0.0000	0.0000	0.0000	0.0000	0.0000	0.0000	0.0000	0.0000	0.7925	0.5524	1.1892	1.2475	1.3172	0.0000	0.6191	0.0000	1.2372	1.3025	0.0000	0.0014	3.0460	0.0007	11.9126	3.2259	0.0000	0.0000	0.0000	0.0000	0.0000	0.0000	0.0000	0.0000	0.0000	0.0635	0.0276	0.0359	0.0276	0.0276	0.0000	0.0359	0.0000	0.0359	0.0000	0.0000	0.0000	0.0000	0.0000	0.0000	0.0000	0.0000	0.0000	0.0801	0.0499	0.0302	0.0221	0.0209	0.0012	0.0580	0.0290	0.0290	0.0000	0.0000	0.0000	0.0000	0.0000	0.0000	0.0000	0.0000	0.0000	0.7925	0.5524	1.1892	1.2475	1.3172	0.0000	0.6191	0.0000	1.2372		
47	56	0.1002	5	0	0	1	1	0	0	0	0	N	N	N	N	N	N	N	N	N	N	N	N	0.0000	0.0000	0.0000	0.0000	0.0000	0.0000	0.0000	0.0000	0.0000	0.0000	0.0000	0.0000	0.0000	0.0000	0.0000	0.0000	0.0000	0.0082	0.0069	0.0105	0.0158	0.0167	0.0000	0.0053	0.0000	0.0110	0.8643	0.0000	-0.0000	3.0460	0.9953	11.9126	1.3904	0.0000	0.0000	0.0000	0.0000	0.0000	0.0000	0.0000	0.0000	0.0000	0.0005	0.0003	0.0002	0.0003	0.0003	0.0000	0.0002	0.0000	0.0002	0.0219	0.0189	0.0029	0.0018	0.0017	0.0001	0.0201	0.0172	0.0029	0.0604	0.0385	0.0219	0.0169	0.0160	0.0009	0.0436	0.0225	0.0210	0.0000	0.0000	0.0000	0.0000	0.0000	0.0000	0.0000	0.0000	0.0000	0.0082	0.0069	0.0105	0.0158	0.0167	0.0000	0.0053	0.0000	0.0110		
47	57	0.0935	4	0	0	1	1	0	0	0	0	N	N	N	N	N	N	N	N	N	N	N	N	0.0000	0.0000	0.0000	0.0000	0.0000	0.0000	0.0000	0.0000	0.0000	0.0000	0.0000	0.0000	0.0000	0.0000	0.0000	0.0000	0.0000	0.0000	0.0018	0.0015	0.0022	0.0010	0.0010	0.0000	0.0021	0.0018	0.0023	0.9794	-0.0000	-0.0000	3.0460	0.0068	11.9126	3.2797	0.0000	0.0000	0.0000	0.0000	0.0000	0.0000	0.0000	0.0000	0.0000	0.0001	0.0001	0.0001	0.0000	0.0000	0.0000	0.0001	0.0000	0.0001	0.0002	0.0002	0.0000	0.0000	0.0000	0.0000	0.0002	0.0001	0.0000	0.0773	0.0462	0.0310	0.0202	0.0190	0.0012	0.0571	0.0272	0.0299	0.0000	0.0000	0.0000	0.0000	0.0000	0.0000	0.0000	0.0000	0.0000	0.0018	0.0015	0.0022	0.0010	0.0010	0.0000	0.0021	0.0018	0.0023	
47	58	0.0524	3	0	0	1	1	0	0	0	0	N	N	N	N	N	N	N	N	N	N	N	N	0.0027	0.0001	0.0162	0.0211	0.0025	1.0245	0.0019	0.0000	0.0135	0.0116	0.0003	0.0794	0.0183	0.0022	0.3603	0.0106	0.0000	0.0674	4.3332	3.8957	4.9037	0.8707	0.8876	0.3516	5.4442	6.0445	4.9801	40.1976	0.9655	0.0010	-0.1120	3.0460	5.8573	11.9126	13.1443	0.0017	0.0000	0.0017	0.0004	0.0000	0.0003	0.0014	0.0000	0.0014	2.1654	1.1017	1.0637	0.1057	0.1046	0.0011	2.0597	0.9971	1.0626	0.1502	0.1288	0.0214	0.0194	0.0185	0.0009	0.1308	0.1103	0.0205	0.4997	0.2828	0.2169	0.1214	0.1178	0.0036	0.3783	0.1650	0.2134	0.0027	0.0001	0.0162	0.0211	0.0025	1.1539	0.0019	0.0000	0.0135	4.3332	3.8957	4.9037	0.8707	0.8876	0.3122	5.4442	6.0445	4.9801
47	59	0.2186	19	0	1	2	0	0	0	0	0	N	N	Y	N	N	N	N	N	N	N	N	N	0.0753	0.0591	0.0437	0.0059	0.0044	0.0527	12.5693	125.5114	0.0019	0.0499	0.0569	0.0036	0.0110	0.0087	0.0536	0.0581	0.0681	0.0000	0.6632	0.9626	0.0832	1.8602	1.9595	1.0154	0.0046	0.0005	0.0090	0.0096	0.0446	-0.0004	-0.0381	3.0460	0.9979	11.9126	4.0614	0.0010	0.0010	0.0000	0.0000	0.0000	0.0000	0.0010	0.0010	0.0000	0.0762	0.0729	0.0033	0.0758	0.0729	0.0029	0.0003	0.0000	0.0003	0.0210	0.0183	0.0027	0.0036	0.0035	0.0002	0.0174	0.0148	0.0026	0.1148	0.0757	0.0391	0.0408	0.0372	0.0036	0.0741	0.0385	0.0355	0.0753	0.0591	0.0437	0.0059	0.0044	0.0651	12.5693	125.5114	0.0019	0.6632	0.9626	0.0832	1.8602	1.9595	0.8228	0.0046	0.0005	0.0090
47	60	0.2102	18	0	1	1	0	0	0	0	0	N	N	N	N	N	N	N	N	N	N	N	N	13.1531	9.8500	0.7490	0.0005	0.0005	0.0078	20.5439	12.3496	2.7016	20.4568	23.4416	0.0016	0.0011	0.0012	0.0002	25.3899	29.7766	0.0017	1.5553	2.3799	0.0022	2.1911	2.3457	0.0242	1.2359	2.4111	0.0006	0.0000	0.0005	-0.3801	-0.0814	3.0460	2.2356	11.9126	2.2044	0.9975	0.9975	0.0000	0.0000	0.0000	0.0000	0.9975	0.9975	0.0000	0.1500	0.1499	0.0001	0.0707	0.0706	0.0001	0.0793	0.0793	0.0000	0.0488	0.0426	0.0062	0.0095	0.0091	0.0004	0.0393	0.0335	0.0058	0.0964	0.0630	0.0334	0.0322	0.0301	0.0021	0.0642	0.0329	0.0313	13.1531	9.8500	0.7490	0.0005	0.0005	0.0078	20.5439	12.3496	2.7016	1.5553	2.3799	0.0022	2.1911	2.3457	0.0242	1.2359	2.4111	0.0006
47	61	0.1896	16	1	0	2	0	0	0	0	0	N	N	Y	N	N	N	N	N	N	N	N	N	0.9613	20.7227	0.0000	0.0005	0.0007	0.0000	0.9108	inf	0.0000	0.0067	0.0077	0.0000	0.0000	0.0000	0.0000	0.0083	0.0097	0.0000	0.0070	0.0004	0.0177	0.0013	0.0009	0.0062	0.0091	0.0000	0.0182	0.0000	29.5477	-0.0001	0.0005	3.0460	2.0703	11.9126	7.0012	0.0003	0.0003	0.0000	0.0000	0.0000	0.0000	0.0003	0.0003	0.0000	0.0012	0.0000	0.0012	0.0001	0.0000	0.0000	0.0012	0.0000	0.0012	0.0460	0.0402	0.0058	0.0087	0.0084	0.0003	0.0373	0.0318	0.0055	0.1746	0.1076	0.0670	0.0471	0.0438	0.0033	0.1275	0.0638	0.0637	0.9613	20.7227	0.0000	0.0005	0.0007	0.0000	0.9108	inf	0.0000	0.0070	0.0004	0.0177	0.0013	0.0009	0.0062	0.0091	0.0000	0.0182
47	62	0.1880	15	0	0	1	0	0	0	0	0	N	N	N	N	N	N	N	N	N	N	N	N	0.3390	0.2477	0.0002	0.3943	0.3841	0.0000	2.5932	46412.7711	0.0002	0.0213	0.0245	0.0000	0.0875	0.0913	0.0000	0.0072	0.0085	0.0000	0.0630	0.0988	0.0053	0.2219	0.2378	0.0001	0.0028	0.0000	0.0055	0.0000	0.0332	-0.0002	-0.0006	3.0460	0.9285	11.9126	0.0280	0.0004	0.0004	0.0000	0.0003	0.0003	0.0000	0.0001	0.0001	0.0000	0.0012	0.0012	0.0000	0.0012	0.0012	0.0000	0.0000	0.0000	0.0000	0.0201	0.0176	0.0026	0.0035	0.0034	0.0001	0.0166	0.0142	0.0024	0.0194	0.0120	0.0074	0.0053	0.0050	0.0004	0.0141	0.0070	0.0071	0.3390	0.2477	0.0002	0.3943	0.3841	0.0000	2.5932	46412.7711	0.0002	0.0630	0.0988	0.0053	0.2219	0.2378	0.0001	0.0028	0.0000	0.0055
47	63	0.1502	10	1	1	1	0	0	0	0	0	N	N	N	N	N	N	N	N	N	N	N	N	0.0001	0.0010	0.0000	0.0020	0.0022	0.0000	0.0000	0.0060	0.0000	0.0000	0.0000	0.0000	0.0000	0.0000	0.0000	0.0000	0.0000	0.0000	0.0282	0.0030	0.0749	0.0071	0.0069	0.0116	0.0370	0.0000	0.0782	0.0000	13.6356	-0.0000	0.0009	3.0460	1.0023	11.9126	3.0135	0.0000	0.0000	0.0000	0.0000	0.0000	0.0000	0.0000	0.0000	0.0000	0.0023	0.0002	0.0021	0.0002	0.0002	0.0000	0.0021	0.0000	0.0021	0.0220	0.0191	0.0028	0.0040	0.0037	0.0002	0.0180	0.0154	0.0026	0.0815	0.0529	0.0286	0.0242	0.0227	0.0014	0.0573	0.0302	0.0271	0.0001	0.0010	0.0000	0.0020	0.0022	0.0000	0.0000	0.0060	0.0000	0.0282	0.0030	0.0749	0.0071	0.0069	0.0116	0.0370	0.0000	0.0782
47	64	0.1238	9	1	1	1	0	0	0	0	0	N	N	N	N	N	N	N	N	N	N	N	N	0.0001	0.5754	0.0000	0.8981	1.0101	0.0023	0.0000	0.3091	0.0000	0.0005	0.0006	0.0000	0.0022	0.0023	0.0000	0.0000	0.0000	0.0000	4.1646	0.0010	11.2115	0.0025	0.0023	0.0057	5.7035	0.0001	11.7075	0.0002	6756.9732	-0.0000	0.4531	3.0460	3.0820	11.9126	9.3392	0.0000	0.0000	0.0000	0.0000	0.0000	0.0000	0.0000	0.0000	0.0000	0.9917	0.0001	0.9915	0.0002	0.0001	0.0000	0.9915	0.0000	0.9915	0.0802	0.0705	0.0098	0.0172	0.0166	0.0006	0.0631	0.0539	0.0092	0.2381	0.1497	0.0884	0.0643	0.0605	0.0037	0.1738	0.0892	0.0847	0.0001	0.5754	0.0000	0.8981	1.0101	0.0023	0.0000	0.3091	0.0000	4.1646	0.0010	11.2115	0.0025	0.0023	0.0057	5.7035	0.0001	11.7075
47	65	0.2102	18	0	1	1	0	0	0	0	0	N	N	N	N	N	N	N	N	N	N	N	N	0.0017	0.0012	0.0000	7.2782	8.3334	0.0000	0.0000	0.0000	0.0000	0.0103	0.0118	0.0000	0.0504	0.0526	0.0000	0.0003	0.0004	0.0000	6.0163	9.4205	0.0013	0.0069	0.0063	0.0147	8.8450	17.6059	0.0004	0.0000	0.0001	-0.0002	-0.5031	3.0460	1.7946	11.9126	5.9592	0.0004	0.0004	0.0000	0.0004	0.0004	0.0000	0.0000	0.0000	0.0000	0.9268	0.9267	0.0001	0.0003	0.0003	0.0001	0.9264	0.9264	0.0000	0.0399	0.0348	0.0050	0.0079	0.0076	0.0003	0.0319	0.0272	0.0047	0.1540	0.0984	0.0557	0.0493	0.0458	0.0036	0.1047	0.0526	0.0521	0.0017	0.0012	0.0000	7.2782	8.3334	0.0000	0.0000	0.0000	0.0000	6.0163	9.4205	0.0013	0.0069	0.0063	0.0147	8.8450	17.6059	0.0004
47	66	0.2034	17	0	1	1	0	0	0	0	0	N	N	N	N	N	N	N	N	N	N	N	N	0.0587	0.0414	0.0227	0.7137	0.6953	0.0305	0.0427	0.0240	0.0132	0.0634	0.0727	0.0000	0.0581	0.0604	0.0003	0.0648	0.0764	0.0000	1.0807	1.7574	0.0011	0.0815	0.0869	0.0091	1.5187	3.1872	0.0006	0.0001	0.0004	-0.0008	-0.0402	3.0460	1.3569	11.9126	2.0560	0.0021	0.0021	0.0000	0.0004	0.0004	0.0000	0.0017	0.0017	0.0000	0.0740	0.0740	0.0000	0.0017	0.0017	0.0000	0.0723	0.0723	0.0000	0.0327	0.0285	0.0042	0.0068	0.0066	0.0003	0.0259	0.0220	0.0039	0.0685	0.0421	0.0264	0.0209	0.0194	0.0015	0.0476	0.0227	0.0249	0.0587	0.0414	0.0227	0.7137	0.6953	0.0305	0.0427	0.0240	0.0132	1.0807	1.7574	0.0011	0.0815	0.0869	0.0091	1.5187	3.1872	0.0006
47	67	0.1900	16	0	1	1	0	0	0	0	0	N	N	N	N	N	N	N	N	N	N	N	N	1.3583	0.9515	20.0314	6.5537	6.6187	0.0012	0.6385	0.3319	40.3053	0.0213	0.0234	0.0076	0.0619	0.0658	0.0000	0.0119	0.0126	0.0083	0.0157	0.0246	0.0004	0.0094	0.0099	0.0029	0.0187	0.0379	0.0002	0.0484	0.0089	-0.0008	-0.0011	3.0460	4.9477	11.9126	2.0153	0.0024	0.0023	0.0001	0.0013	0.0013	0.0000	0.0011	0.0010	0.0001	0.0022	0.0021	0.0000	0.0004	0.0004	0.0000	0.0017	0.0017	0.0000	0.1108	0.0964	0.0144	0.0208	0.0196	0.0012	0.0900	0.0768	0.0132	0.1370	0.0868	0.0503	0.0445	0.0413	0.0032	0.0925	0.0454	0.0471	1.3583	0.9515	20.0314	6.5537	6.6187	0.0012	0.6385	0.3319	40.3053	0.0157	0.0246	0.0004	0.0094	0.0099	0.0029	0.0187	0.0379	0.0002
47	68	0.0746	4	0	0	2	0	0	0	0	0	N	N	Y	N	N	N	N	N	N	N	N	N	0.0000	0.0000	0.0000	0.0000	0.0000	0.0000	0.0000	0.0000	0.0000	0.0000	0.0000	0.0000	0.0000	0.0000	0.0000	0.0002	0.0004	0.0000	0.0012	0.0013	0.0000	0.0000	0.0000	0.0000	0.0000	0.0000	-0.0000	3.0460	0.0000	11.9126	4.0001	0.0000	0.0000	0.0000	0.0000	0.0000	0.0000	0.0000	0.0000	0.0000	0.0000	0.0000	0.0000	0.0000	0.0000	0.0000	0.0000	0.0000	0.0000	0.0000	0.0000	0.0000	0.0000	0.0000	0.0000	0.0000	0.0000	0.0000	0.0827	0.0486	0.0342	0.0172	0.0158	0.0015	0.0655	0.0328	0.0327	0.0000	0.0000	0.0000	0.0000	0.0000	0.0000	0.0000	0.0000	0.0000	0.0002	0.0004	0.0000	0.0012	0.0013	0.0000	0.0000	0.0000	0.0000				
47	69	0.0524	3	0	0	1	0	0	0	0	0	N	N	N	N	N	N	N	N	N	N	N	N	1.8980	3.7213	0.0000	7.5861	7.8923	0.0000	0.0729	2693.5004	0.0000	0.5625	0.6593	0.0000	2.7405	2.8694	0.0000	0.0197	0.0238	0.0000	0.2964	0.1772	0.4515	0.3613	0.3636	0.2723	0.2708	0.0000	0.4545	0.0000	1.9582	-0.0189	0.0133	3.0460	2.8240	11.9126	8.9883	0.0495	0.0495	0.0000	0.0481	0.0481	0.0000	0.0014	0.0014	0.0000	0.1116	0.0377	0.0739	0.0384	0.0377	0.0007	0.0731	0.0000	0.0731	0.0880	0.0750	0.0129	0.0175	0.0168	0.0008	0.0704	0.0583	0.0121	0.3764	0.2129	0.1636	0.1064	0.1037	0.0027	0.2700	0.1091	0.1609	1.8980	3.7213	0.0000	7.5861	7.8923	0.0000	0.0729	2693.5004	0.0000	0.2964	0.1772	0.4515	0.3613	0.3636	0.2723	0.2708	0.0000	0.4545
47	70	0.0434	2	0	0	1	0	0	0	0	0	N	N	N	N	N	N	N	N	N	N	N	N	0.0938	0.4250	0.1035	1.8563	1.8762	0.0569	0.0345	0.0145	0.1031	0.1150	0.0758	0.2603	0.4452	0.4460	0.0450	0.0642	0.0006	0.2606	1.2265	0.1784	2.5160	0.2398	0.2377	0.7900	1.8581	0.0381	2.5274	0.9259	11.4643	0.0005	0.1599	3.0460	1.4521	11.9126	3.5882	0.0048	0.0025	0.0023	0.0025	0.0025	0.0000	0.0023	0.0000	0.0023	0.4245	0.0341	0.3904	0.0324	0.0319	0.0005	0.3921	0.0022	0.3899	0.0417	0.0328	0.0088	0.0056	0.0055	0.0000	0.0361	0.0273	0.0088	0.3461	0.1909	0.1552	0.1351	0.1342	0.0009	0.2110	0.0567	0.1543	0.0938	0.4250	0.1035	1.8563	1.8762	0.0810	0.0345	0.0145	0.1031	1.2265	0.1784	2.5160	0.2398	0.2377	0.5555	1.8581	0.0381	2.5274
47	73	0.1150	8	0	0	1	0	0	0	0	0	N	N	N	N	N	N	N	N	N	N	N	N	137.1911	0.5478	431.2301	1.7988	0.8918	36.6463	130.3728	114.0048	441.0733	9.9264	0.0005	80.2216	0.0039	0.0020	0.0551	12.3738	0.0000	85.2220	0.0724	0.0008	0.1860	0.0022	0.0022	0.0015	0.0949	0.0000	0.1932	24781.7500	140.2741	0.6135	0.0126	3.0460	4.0673	11.9126	17.8409	0.9913	0.0000	0.9913	0.0001	0.0000	0.0000	0.9912	0.0000	0.9912	0.0281	0.0002	0.0279	0.0002	0.0002	0.0000	0.0279	0.0000	0.0279	0.0999	0.0875	0.0124	0.0198	0.0190	0.0007	0.0801	0.0685	0.0116	0.3879	0.2381	0.1498	0.0944	0.0887	0.0056	0.2935	0.1493	0.1442	137.1911	0.5478	431.2301	1.7988	0.8918	36.6463	130.3728	114.0048	441.0733	0.0724	0.0008	0.1860	0.0022	0.0022	0.0015	0.0949	0.0000	0.1932
47	75	0.2517	12	0	0	1	0	0	0	0	0	N	N	N	N	N	N	N	N	N	N	N	N	7.0345	15.3826	0.0057	38.6634	35.4272	1.1853	0.9863	3.1650	0.0015	8.8107	9.9819	0.0148	20.6557	22.0475	0.0543	1.9612	2.3033	0.0051	1.2525	0.6489	2.6105	0.5342	0.6223	0.0458	1.9884	0.7277	3.4714	0.0002	1.7880	-0.4266	0.1738	3.0460	3.5843	11.9126	46.7516	1.1202	1.1200	0.0002	0.9622	0.9620	0.0002	0.1580	0.1579	0.0001	1.7674	0.6339	1.1335	0.3815	0.3765	0.0050	1.3859	0.2574	1.1285	0.1271	0.1122	0.0149	0.0466	0.0436	0.0029	0.0806	0.0686	0.0120	1.4111	0.9769	0.4342	0.7141	0.6050	0.1091	0.6970	0.3719	0.3251	7.0345	15.3826	0.0057	38.6634	35.4272	1.1853	0.9863	3.3277	0.0015	1.2525	0.6489	2.6105	0.5342	0.6223	0.0458	1.9884	0.6921	3.4714
47	76	0.2168	18	1	1	2	0	0	0	0	0	N	N	Y	N	N	N	N	N	N	N	N	N	0.0000	0.0000	0.0000	0.0000	0.0000	0.0000	0.0000	0.0000	0.0000	0.0000	0.0000	0.0000	0.0000	0.0000	0.0000	0.0000	0.0000	0.0350	0.0555	0.0000	0.0001	0.0001	0.0000	0.0545	0.1160	0.0000	0.0000	0.0000	-0.0007	3.0460	1.0003	11.9126	1.0071	0.0000	0.0000	0.0000	0.0000	0.0000	0.0000	0.0000	0.0000	0.0000	0.0014	0.0014	0.0000	0.0000	0.0000	0.0000	0.0014	0.0014	0.0000	0.0206	0.0180	0.0027	0.0037	0.0035	0.0002	0.0170	0.0144	0.0025	0.0391	0.0247	0.0145	0.0140	0.0129	0.0012	0.0251	0.0118	0.0133	0.0000	0.0000	0.0000	0.0000	0.0000	0.0000	0.0000	0.0000	0.0000	0.0350	0.0555	0.0000	0.0001	0.0001	0.0000	0.0545	0.1160	0.0000		
47	77	0.2101	17	1	0	2	0	0	0	0	0	N	N	Y	N	N	N	N	N	N	N	N	N	0.0000	0.0000	0.0000	0.0000	0.0000	0.0000	0.0000	0.0000	0.0000	0.0000	0.0000	0.0000	0.0000	0.0000	0.0000	0.0000	0.0000	0.0000	4.8718	6.5685	0.0009	0.0080	0.0076	0.0215	8.6005	15.2905	0.0000	0.0000	0.0000	-0.4480	3.0460	0.9901	11.9126	2.2068	0.0000	0.0000	0.0000	0.0000	0.0000	0.0000	0.0000	0.0000	0.0000	0.8252	0.8252	0.0000	0.0006	0.0005	0.0000	0.8246	0.8246	0.0000	0.0208	0.0181	0.0027	0.0037	0.0036	0.0002	0.0170	0.0145	0.0025	0.1694	0.1256	0.0438	0.0735	0.0717	0.0018	0.0959	0.0539	0.0420	0.0000	0.0000	0.0000	0.0000	0.0000	0.0000	0.0000	0.0000	0.0000	4.8718	6.5685	0.0009	0.0080	0.0076	0.0215	8.6005	15.2905	0.0000	
47	78	0.1325	9	0	1	1	0	0	0	0	0	N	N	N	N	N	N	N	N	N	N	N	N	0.0044	0.0033	0.0000	0.0052	0.0059	0.0000	1.4900	169.7879	0.0000	0.0058	0.0066	0.0000	0.0255	0.0268	0.0000	0.0001	0.0001	0.0000	1.3042	2.0064	0.0005	4.9381	4.5646	0.0062	0.0001	0.0000	0.0001	0.0000	0.0001	-0.0005	-0.3518	3.0460	8.4371	11.9126	15.3349	0.0012	0.0012	0.0000	0.0012	0.0012	0.0000	0.0000	0.0000	0.0000	0.6481	0.6480	0.0001	0.6481	0.6480	0.0001	0.0000	0.0000	0.0000	0.2048	0.1798	0.0250	0.0459	0.0438	0.0022	0.1589	0.1360	0.0229	0.4969	0.3230	0.1740	0.1509	0.1420	0.0089	0.3461	0.1810	0.1651	0.0044	0.0033	0.0000	0.0059	0.0059	0.0000	1.4900	169.7879	0.0000	1.3042	2.0064	0.0005	4.2960	4.5646	0.0062	0.0001	0.0000	0.0001
47	79	0.2101	17	1	0	2	0	0	0	0	0	N	N	Y	N	N	N	N	N	N	N	N	N	0.0000	0.0000	0.0000	0.0001	0.0001	0.0000	0.0000	0.0000	0.0002	0.0002	0.0000	0.0009	0.0010	0.0000	0.0000	0.0000	0.0000	5.5357	7.9657	0.0004	7.5262	7.0142	0.0000	5.0370	9.4959	0.0004	0.0000	0.0000	-0.0000	-0.8032	3.0460	3.0096	11.9126	5.7427	0.0000	0.0000	0.0000	0.0000	0.0000	0.0000	0.0000	0.0000	0.0000	1.4794	1.4794	0.0000	0.6536	0.6536	0.0000	0.8258	0.8258	0.0000	0.0619	0.0539	0.0080	0.0109	0.0104	0.0005	0.0510	0.0435	0.0075	0.2672	0.1857	0.0815	0.1033	0.0988	0.0045	0.1639	0.0870	0.0770	0.0000	0.0000	0.0000	0.0001	0.0001	0.0000	0.0000	0.0000	0.0000	5.5357	7.9657	0.0004	6.3271	6.6183	0.0000	5.0370	9.4959	0.0004	
47	80	0.1945	16	1	0	2	0	0	0	0	0	N	N	Y	N	N	N	N	N	N	N	N	N	0.0209	0.0151	0.0259	0.0001	0.0001	0.0000	0.0183	0.0106	0.0277	0.0233	0.0266	0.0001	0.0000	0.0000	0.0000	0.0295	0.0346	0.0001	1.1152	1.7590	0.0022	0.0215	0.0228	0.0024	1.6140	3.2578	0.0021	0.0003	0.0007	-0.0002	-0.0944	3.0460	1.0477	11.9126	6.1154	0.0006	0.0006	0.0000	0.0000	0.0000	0.0000	0.0006	0.0006	0.0000	0.1740	0.1739	0.0001	0.0011	0.0010	0.0000	0.1730	0.1729	0.0001	0.0245	0.0214	0.0030	0.0051	0.0050	0.0002	0.0193	0.0165	0.0028	0.1560	0.0989	0.0572	0.0489	0.0458	0.0031	0.1072	0.0531	0.0541	0.0209	0.0151	0.0259	0.0001	0.0001	0.0000	0.0183	0.0106	0.0277	1.1152	1.7590	0.0022	0.0215	0.0228	0.0024	1.6140	3.2578	0.0021
47	81	0.1880	15	0	0	1	0	0	0	0	0	N	N	N	N	N	N	N	N	N	N	N	N	0.8420	0.6087	0.9785	22.4632	21.8750	0.0000	0.1447	0.0814	0.9902	0.0165	0.0187	0.0018	0.0781	0.0816	0.0000	0.0037	0.0040	0.0019	0.0196	0.0307	0.0019	0.0035	0.0037	0.0001	0.0256	0.0493	0.0019	0.0142	0.0376	-0.0003	-0.0006	3.0460	1.9794	11.9126	1.0196	0.0007	0.0007	0.0000	0.0006	0.0006	0.0000	0.0001	0.0001	0.0000	0.0012	0.0011	0.0000	0.0001	0.0001	0.0000	0.0011	0.0011	0.0000	0.0423	0.0369	0.0054	0.0073	0.0070	0.0003	0.0350	0.0299	0.0051	0.0591	0.0364	0.0227	0.0159	0.0148	0.0011	0.0431	0.0216	0.0216	0.8420	0.6087	0.9785	22.4632	21.8750	0.0000	0.1447	0.0814	0.9902	0.0196	0.0307	0.0019	0.0035	0.0037	0.0001	0.0256	0.0493	0.0019
47	82	0.1858	14	0	0	1	0	0	0	0	0	N	N	N	N	N	N	N	N	N	N	N	N	3.5777	4.2177	0.0028	5.3149	5.1991	0.1267	3.8338	inf	0.0026	0.0111	0.0127	0.0000	0.0359	0.0375	0.0000	0.0065	0.0076	0.0000	0.0031	0.0030	0.0032	0.0068	0.0072	0.0001	0.0017	0.0000	0.0034	0.0001	0.6682	-0.0001	-0.0000	3.0460	1.0114	11.9126	0.0202	0.0002	0.0002	0.0000	0.0001	0.0001	0.0000	0.0001	0.0001	0.0000	0.0001	0.0000	0.0000	0.0000	0.0000	0.0000	0.0000	0.0000	0.0000	0.0217	0.0189	0.0028	0.0033	0.0032	0.0001	0.0183	0.0157	0.0027	0.0213	0.0131	0.0082	0.0059	0.0055	0.0004	0.0155	0.0076	0.0078	3.5777	4.2177	0.0028	5.3149	5.1991	0.1267	3.8338	inf	0.0026	0.0031	0.0030	0.0032	0.0068	0.0072	0.0001	0.0017	0.0000	0.0034
47	83	0.1653	13	0	0	1	0	0	0	0	0	N	N	N	N	N	N	N	N	N	N	N	N	3581.5589	2974.6001	0.0055	13.6900	17.9800	0.0076	3845.3889	2524.9239	0.0040	7.5928	8.6852	0.0000	0.0194	0.0202	0.0000	9.2143	10.7671	0.0000	0.0021	0.0029	0.0008	0.0014	0.0011	0.0057	0.0024	0.0043	0.0006	0.0000	0.1748	-0.3798	-0.0002	3.0460	5.9223	11.9126	3.6882	0.9967	0.9967	0.0000	0.0004	0.0004	0.0000	0.9962	0.9962	0.0000	0.0004	0.0004	0.0001	0.0001	0.0001	0.0000	0.0003	0.0003	0.0000	0.1313	0.1148	0.0165	0.0231	0.0222	0.0009	0.1081	0.0925	0.0156	0.1985	0.1227	0.0758	0.0561	0.0525	0.0036	0.1423	0.0701	0.0722	3581.5589	2974.6001	0.0055	13.6900	17.9800	0.0076	3845.3889	2524.9239	0.0040	0.0021	0.0029	0.0008	0.0014	0.0011	0.0057	0.0024	0.0043	0.0006
47	84	0.1524	11	0	1	1	0	0	0	0	0	N	N	N	N	N	N	N	N	N	N	N	N	4.0313	41.8549	0.0000	0.4462	0.4424	0.0000	3.4998	34.4898	0.0000	6.4232	7.3644	0.0000	0.0237	0.0251	0.0000	7.9216	9.2661	0.0000	1.5933	0.1759	4.1168	0.0532	0.0567	0.0106	2.2635	0.2687	4.3984	0.0000	13.1418	-0.3777	0.4248	3.0460	7.1084	11.9126	28.8937	0.9911	0.9911	0.0000	0.0007	0.0007	0.0000	0.9904	0.9904	0.0000	1.0995	0.0777	1.0217	0.0111	0.0110	0.0002	1.0883	0.0668	1.0216	0.1543	0.1346	0.0197	0.0293	0.0277	0.0016	0.1250	0.1069	0.0181	0.6900	0.4419	0.2482	0.2092	0.1933	0.0159	0.4808	0.2486	0.2323	4.0313	41.8549	0.0000	0.4462	0.4424	0.0000	3.4998	34.4898	0.0000	1.5933	0.1759	4.1168	0.0532	0.0567	0.0106	2.2635	0.2687	4.3984
47	85	0.1449	10	0	1	1	0	0	0	0	0	N	N	N	N	N	N	N	N	N	N	N	N	0.2000	0.1496	0.6065	0.2899	0.3127	0.0077	0.1817	0.0992	0.7270	0.0131	0.0098	0.0397	0.0080	0.0085	0.0003	0.0161	0.0107	0.0485	0.0655	0.0656	0.0654	0.0277	0.0271	0.0417	0.0886	0.1076	0.0667	0.5021	0.4361	-0.0000	-0.0032	3.0460	2.2208	11.9126	3.9129	0.0010	0.0007	0.0003	0.0002	0.0002	0.0000	0.0008	0.0005	0.0003	0.0134	0.0093	0.0041	0.0022	0.0020	0.0001	0.0113	0.0073	0.0039	0.0793	0.0706	0.0088	0.0294	0.0278	0.0016	0.0499	0.0427	0.0072	0.2047	0.1424	0.0623	0.0776	0.0744	0.0032	0.1271	0.0680	0.0591	0.2000	0.1496	0.6065	0.2899	0.3127	0.0077	0.1817	0.0992	0.7270	0.0655	0.0656	0.0654	0.0277	0.0271	0.0417	0.0886	0.1076	0.0667
47	86	0.2204	12	0	0	2	0	0	0	0	0	N	N	Y	N	N	N	N	N	N	N	N	N	0.7201	0.5181	0.0026	1.1893	1.1117	0.0103	0.0002	0.0016	0.0004	0.1710	0.1943	0.0000	0.8075	0.8435	0.0003	0.0000	0.0000	0.0000	0.2374	0.3751	0.0093	0.6790	0.7587	0.0277	0.0038	0.0001	0.0072	0.0000	0.0149	-0.0085	-0.0314	3.0460	5.3425	11.9126	7.0749	0.0222	0.0222	0.0000	0.0222	0.0222	0.0000	0.0000	0.0000	0.0000	0.0594	0.0586	0.0009	0.0588	0.0586	0.0003	0.0006	0.0000	0.0006	0.1298	0.1142	0.0156	0.0275	0.0263	0.0012	0.1023	0.0879	0.0144	0.2503	0.1561	0.0942	0.0866	0.0772	0.0094	0.1637	0.0790	0.0848	0.7201	0.5181	0.0026	1.1893	1.1117	0.0103	0.0002	0.0016	0.0004	0.2374	0.3751	0.0093	0.6790	0.7587	0.0277	0.0038	0.0001	0.0072
47	87	0.1772	11	0	0	1	0	0	0	0	0	N	N	N	N	N	N	N	N	N	N	N	N	0.6780	1.3762	0.2708	0.8324	0.9648	0.0300	0.6266	411.9067	0.2976	0.1774	0.1822	0.1405	0.2298	0.2388	0.0234	0.1582	0.1589	0.1534	0.2617	0.1324	0.5187	0.2760	0.2475	0.7794	0.2524	0.0004	0.5154	0.0992	1.9712	-0.0099	0.0171	3.0460	7.0719	11.9126	13.7350	0.0341	0.0310	0.0031	0.0119	0.0118	0.0001	0.0222	0.0192	0.0030	0.1420	0.0478	0.0942	0.0589	0.0477	0.0111	0.0831	0.0001	0.0831	0.1921	0.1702	0.0219	0.0517	0.0495	0.0022	0.1404	0.1207	0.0197	0.5426	0.3610	0.1816	0.2133	0.1928	0.0205	0.3294	0.1682	0.1612	0.6780	1.3762	0.2708	0.8324	0.9648	0.0430	0.6266	411.9067	0.2976	0.2617	0.1324	0.5187	0.2760	0.2475	0.5444	0.2524	0.0004	0.5154
47	88	0.2204	19	1	0	2	0	0	0	0	0	N	N	Y	N	N	N	N	N	N	N	N	N	0.0000	0.0000	0.0000	0.0000	0.0000	0.0000	0.0000	0.0000	0.0000	0.0000	0.0000	0.0000	0.0000	0.0000	0.0000	0.0000	0.0000	0.0000	0.0000	0.0000	3.0460	0.0000	11.9126	0.0000	0.0000	0.0000	0.0000	0.0000	0.0000	0.0000	0.0000	0.0000	0.0000	0.0000	0.0000	0.0000	0.0000	0.0000	0.0000	0.0000	0.0000	0.0000	0.0000	0.0000	0.0000	0.0000	0.0000	0.0000	0.0000	0.0000	0.0000	0.0000	0.0000	0.0000	0.0000	0.0000	0.0000	0.0000	0.0000	0.0000	0.0000	0.0000	0.0000	0.0000	0.0000	0.0000	0.0000	0.0000	0.0000	0.0000	0.0000	0.0000	0.0000	0.0000	0.0000	0.0000	0.0000	0.0000											
47	89	0.2185	18	1	0	2	0	0	0	0	0	N	N	Y	N	N	N	N	N	N	N	N	N	6071.9824	24266899.6914	0.0000	14706.1064	32270706.0489	0.0000	0.0000	0.0000	5.2170	5.9889	0.0000	14.2438	14.6231	0.0000	0.0000	0.0000	0.0000	0.0009	0.0000	0.0027	0.0010	0.0000	0.0317	0.0008	0.0000	0.0016	0.0000	5113.5294	-0.0000	0.0000	3.0460	0.0001	11.9126	0.9161	0.0000	0.0000	0.0000	0.0000	0.0000	0.0000	0.0000	0.0000	0.0000	0.0000	0.0000	0.0000	0.0000	0.0000	0.0000	0.0000	0.0000	0.0000	0.0000	0.0000	0.0000	0.0000	0.0000	0.0000	0.0000	0.0000	0.0000	0.0304	0.0207	0.0097	0.0116	0.0113	0.0004	0.0187	0.0094	0.0093	6071.9824	24266899.6914	0.0000	14706.1064	32270706.0489	0.0000	0.0000	0.0000	0.0000	0.0009	0.0000	0.0027	0.0010	0.0000	0.0317	0.0008	0.0000	0.0016	
47	90	0.1937	17	1	0	2	0	0	0	0	0	N	N	Y	N	N	N	N	N	N	N	N	N	69.5154	1399.6807	0.0000	1356.0964	2856.0646	0.0000	0.0007	17.9471	0.0000	11.5489	13.1934	0.0000	53.0222	56.0088	0.0000	0.0001	0.0002	0.0000	0.1661	0.0094	0.4398	0.0391	0.0196	0.3299	0.2282	0.0000	0.4493	0.0000	26.7162	-0.3801	0.0160	3.0460	3.7876	11.9126	7.8440	0.9975	0.9975	0.0000	0.9975	0.9975	0.0000	0.0000	0.0000	0.0000	0.0379	0.0014	0.0366	0.0029	0.0014	0.0016	0.0350	0.0000	0.0350	0.0864	0.0756	0.0108	0.0188	0.0178	0.0010	0.0676	0.0578	0.0098	0.2283	0.1452	0.0831	0.0750	0.0697	0.0052	0.1533	0.0754	0.0779	69.5154	1399.6807	0.0000	1356.0964	2856.0646	0.0000	0.0007	17.9471	0.0000	0.1661	0.0094	0.4398	0.0391	0.0196	0.2992	0.2282	0.0000	0.4493
47	91	0.1045	7	0	1	1	1	0	0	0	0	N	N	N	N	N	N	N	N	N	N	N	N	0.0022	0.0039	0.0000	0.0052	0.0055	0.0000	0.0000	0.0000	0.0000	0.0100	0.0114	0.0000	0.0416	0.0427	0.0000	0.0000	0.0000	0.0000	4.4787	2.9005	6.9370	8.0179	7.7739	0.0007	3.6728	0.0516	7.2502	0.0000	1.5355	-0.0002	0.1028	3.0460	1.8247	11.9126	16.3284	0.0005	0.0005	0.0000	0.0005	0.0005	0.0000	0.0000	0.0000	0.0000	1.6411	0.6472	0.9938	0.6403	0.6402	0.0000	1.0008	0.0070	0.9938	0.0527	0.0465	0.0062	0.0127	0.0123	0.0003	0.0400	0.0341	0.0059	0.3664	0.2231	0.1433	0.0939	0.0877	0.0062	0.2725	0.1354	0.1371	0.0022	0.0039	0.0000	0.0061	0.0059	0.0000	0.0000	0.0000	0.0000	4.4787	2.9005	6.9370	6.8173	7.2983	0.0007	3.6728	0.0516	7.2502
47	92	0.1150	8	0	1	1	0	0	0	0	0	N	N	N	N	N	N	N	N	N	N	N	N	0.0000	0.0000	2.6622	0.0299	0.0000	604.3051	0.0000	0.0000	0.6937	0.0000	0.0000	0.0003	0.0002	0.0000	0.0038	0.0000	0.0000	0.0001	2.2664	3.6926	0.0001	0.0057	0.0060	0.0000	2.9872	5.8594	0.0001	inf	0.0000	0.0000	-0.5414	3.0460	9.1310	11.9126	16.1726	0.0000	0.0000	0.0000	0.0000	0.0000	0.0000	0.0000	0.0000	0.0000	0.9971	0.9971	0.0000	0.0006	0.0006	0.0000	0.9965	0.9965	0.0000	0.2023	0.1766	0.0257	0.0349	0.0334	0.0016	0.1674	0.1432	0.0242	0.4399	0.2700	0.1699	0.1064	0.1000	0.0064	0.3336	0.1701	0.1635	0.0000	0.0000	2.6622	0.0299	0.0000	604.3051	0.0000	0.0000	0.6937	2.2664	3.6926	0.0001	0.0057	0.0060	0.0000	2.9872	5.8594	0.0001
47	93	0.0715	6	0	1	1	0	0	0	0	0	N	N	N	N	N	N	N	N	N	N	N	N	45.4126	31.7356	2.1152	0.0465	0.0452	0.0537	1868.7081	7545367.5786	2.3355	10.2079	11.8676	0.0245	0.0335	0.0345	0.0016	11.3491	13.3851	0.0250	0.2248	0.3740	0.0116	0.7215	0.7645	0.0307	0.0061	0.0000	0.0107	0.0003	0.0217	-0.3768	-0.0452	3.0460	4.0959	11.9126	8.7137	0.9898	0.9894	0.0003	0.0003	0.0003	0.0000	0.9894	0.9891	0.0003	0.0867	0.0848	0.0018	0.0850	0.0848	0.0002	0.0016	0.0000	0.0016	0.0970	0.0834	0.0136	0.0098	0.0095	0.0003	0.0872	0.0739	0.0133	0.3856	0.2269	0.1587	0.1179	0.1110	0.0069	0.2677	0.1159	0.1518	45.4126	31.7356	2.1152	0.0465	0.0452	0.0537	1868.7081	7545367.5786	2.3355	0.2248	0.3740	0.0116	0.7215	0.7645	0.0307	0.0061	0.0000	0.0107
47	94	0.0532	5	0	1	1	0	0	0	0	0	N	N	N	N	N	N	N	N	N	N	N	N	0.0892	0.0732	0.1590	0.0039	0.0039	0.0002	0.0899	5.2314	0.1578	0.3981	0.0251	1.5549	0.0031	0.0031	0.0001	0.5089	0.0339	1.5624	4.4644	0.3424	9.7807	0.7855	0.7958	0.4027	5.6592	0.0065	9.8994	20.0094	22.1474	0.0236	0.4639	3.0460	2.9443	11.9126	6.1524	0.0412	0.0020	0.0393	0.0001	0.0001	0.0000	0.0412	0.0019	0.0393	1.1210	0.0484	1.0726	0.0484	0.0479	0.0004	1.0727	0.0005	1.0722	0.1036	0.0784	0.0253	0.0227	0.0226	0.0001	0.0809	0.0558	0.0251	0.2511	0.1414	0.1097	0.0616	0.0602	0.0014	0.1895	0.0812	0.1083	0.0892	0.0732	0.1590	0.0039	0.0039	0.0002	0.0899	5.2314	0.1578	4.4644	0.3424	9.7807	0.7855	0.7958	0.3297	5.6592	0.0065	9.8994
47	95	0.0508	4	0	0	1	0	0	0	0	0	N	N	N	N	N	N	N	N	N	N	N	N	1.4720	1.4753	0.1668	3.8081	3.8123	1.6609	0.0675	0.0000	0.1646	1.2255	1.5950	0.0874	5.4634	5.4892	0.2956	0.0271	0.0000	0.0865	0.8325	1.0811	0.5239	1.4347	1.4399	0.1779	0.4009	0.0006	0.5252	0.0178	0.3903	-0.0138	-0.0417	3.0460	0.8596	11.9126	1.2300	0.0379	0.0372	0.0007	0.0372	0.0372	0.0000	0.0007	0.0000	0.0007	0.1591	0.1145	0.0447	0.1145	0.1145	0.0001	0.0446	0.0000	0.0446	0.0309	0.0233	0.0076	0.0068	0.0068	0.0000	0.0241	0.0165	0.0075	0.1911	0.1059	0.0853	0.0798	0.0795	0.0003	0.1113	0.0264	0.0849	1.4720	1.4753	0.1668	3.8081	3.8123	1.6609	0.0675	0.0000	0.1646	0.8325	1.0811	0.5239	1.4347	1.4399	0.1779	0.4009	0.0006	0.5252
47	98	0.1937	17	0	1	1	0	0	0	0	0	N	N	N	N	N	N	N	N	N	N	N	N	0.0116	0.0083	0.0000	0.0003	0.0003	0.0000	0.0112	0.0064	0.0000	0.0444	0.0503	0.0000	0.0000	0.0000	0.0000	0.0638	0.0746	0.0000	3.8473	6.0637	0.0002	0.0047	0.0050	0.0011	5.7032	11.5844	0.0002	0.0000	0.0000	-0.0006	-0.5418	3.0460	1.3608	11.9126	12.1483	0.0016	0.0016	0.0000	0.0000	0.0000	0.0000	0.0016	0.0016	0.0000	0.9979	0.9978	0.0000	0.0004	0.0004	0.0000	0.9975	0.9974	0.0000	0.0357	0.0316	0.0042	0.0109	0.0103	0.0006	0.0249	0.0213	0.0036	0.2594	0.1646	0.0948	0.0845	0.0785	0.0060	0.1749	0.0861	0.0888	0.0116	0.0083	0.0000	0.0003	0.0003	0.0000	0.0112	0.0064	0.0000	3.8473	6.0637	0.0002	0.0047	0.0050	0.0011	5.7032	11.5844	0.0002
47	99	0.1900	16	0	0	1	0	0	0	0	0	N	N	N	N	N	N	N	N	N	N	N	N	1.6058	1.2817	0.0001	7.3161	7.5282	0.0011	0.5351	0.3354	0.0000	0.0566	0.0652	0.0000	0.1607	0.1730	0.0000	0.0227	0.0268	0.0000	0.0353	0.0509	0.0064	0.0220	0.0230	0.0053	0.0425	0.0798	0.0064	0.0000	0.0676	-0.0009	-0.0009	3.0460	1.5300	11.9126	0.7696	0.0023	0.0023	0.0000	0.0016	0.0016	0.0000	0.0007	0.0007	0.0000	0.0019	0.0018	0.0001	0.0004	0.0004	0.0000	0.0015	0.0014	0.0001	0.0402	0.0349	0.0053	0.0099	0.0092	0.0007	0.0303	0.0257	0.0046	0.0538	0.0349	0.0189	0.0189	0.0178	0.0011	0.0349	0.0172	0.0178	1.6058	1.2817	0.0001	7.3161	7.5282	0.0011	0.5351	0.3354	0.0000	0.0353	0.0509	0.0064	0.0220	0.0230	0.0053	0.0425	0.0798	0.0064
47	100	0.1812	15	0	0	1	0	0	0	0	0	N	N	N	N	N	N	N	N	N	N	N	N	1.7984	1.3289	0.0000	13.9430	14.6681	0.0000	0.0000	0.0000	0.0000	0.0088	0.0101	0.0000	0.0527	0.0551	0.0000	0.0000	0.0000	0.0000	0.0049	0.0076	0.0004	0.0038	0.0038	0.0041	0.0054	0.0108	0.0001	0.0000	0.0293	-0.0003	-0.0003	3.0460	3.6906	11.9126	1.4800	0.0007	0.0007	0.0000	0.0007	0.0007	0.0000	0.0000	0.0000	0.0000	0.0005	0.0005	0.0000	0.0001	0.0001	0.0000	0.0004	0.0004	0.0000	0.0794	0.0693	0.0102	0.0133	0.0127	0.0006	0.0662	0.0566	0.0096	0.1033	0.0647	0.0386	0.0322	0.0296	0.0027	0.0710	0.0351	0.0360	1.7984	1.3289	0.0000	13.9430	14.6681	0.0000	0.0000	0.0000	0.0000	0.0049	0.0076	0.0004	0.0038	0.0038	0.0041	0.0054	0.0108	0.0001
47	101	0.1812	14	0	0	1	0	0	0	0	0	N	N	N	N	N	N	N	N	N	N	N	N	0.2665	0.1936	0.0000	0.3158	0.2935	0.0000	0.2436	0.1397	0.0000	0.0037	0.0041	0.0000	0.0057	0.0058	0.0000	0.0027	0.0031	0.0000	0.0137	0.0209	0.0001	0.0181	0.0197	0.0005	0.0110	0.0223	0.0001	0.0000	0.0028	-0.0000	-0.0001	3.0460	0.1361	11.9126	0.4500	0.0000	0.0000	0.0000	0.0000	0.0000	0.0000	0.0000	0.0000	0.0000	0.0002	0.0002	0.0000	0.0001	0.0001	0.0000	0.0001	0.0001	0.0000	0.0055	0.0049	0.0005	0.0017	0.0017	0.0000	0.0037	0.0032	0.0005	0.0161	0.0105	0.0056	0.0061	0.0056	0.0005	0.0100	0.0049	0.0051	0.2665	0.1936	0.0000	0.3158	0.2935	0.0000	0.2436	0.1397	0.0000	0.0137	0.0209	0.0001	0.0181	0.0197	0.0005	0.0110	0.0223	0.0001
47	102	0.1653	13	0	0	1	0	0	0	0	0	N	N	N	N	N	N	N	N	N	N	N	N	12.1714	9.7826	0.0055	148.8282	215.0742	0.0104	0.0803	0.0508	0.0021	0.0365	0.0416	0.0000	0.1882	0.1951	0.0001	0.0003	0.0003	0.0000	0.0030	0.0043	0.0010	0.0013	0.0009	0.0066	0.0037	0.0068	0.0007	0.0000	0.1383	-0.0012	-0.0002	3.0460	3.5591	11.9126	4.5341	0.0030	0.0030	0.0000	0.0030	0.0030	0.0000	0.0000	0.0000	0.0000	0.0005	0.0005	0.0001	0.0001	0.0000	0.0000	0.0005	0.0004	0.0000	0.0835	0.0732	0.0103	0.0161	0.0155	0.0006	0.0674	0.0577	0.0097	0.1710	0.1058	0.0651	0.0490	0.0459	0.0031	0.1220	0.0599	0.0621	12.1714	9.7826	0.0055	148.8282	215.0742	0.0104	0.0803	0.0508	0.0021	0.0030	0.0043	0.0010	0.0013	0.0009	0.0066	0.0037	0.0068	0.0007
47	103	0.1436	12	0	0	1	0	0	0	0	0	N	N	N	N	N	N	N	N	N	N	N	N	129.4331	94.0503	0.1164	6799.2240	9226.9443	0.2970	0.3139	0.1858	0.0390	13.1981	15.0547	0.0009	63.1585	65.0332	0.0136	0.0433	0.0508	0.0002	0.1020	0.1601	0.0076	0.0093	0.0070	0.0458	0.1379	0.2734	0.0059	0.0000	0.0291	-0.3815	-0.0118	3.0460	2.8937	11.9126	8.0733	1.0011	1.0011	0.0000	0.9985	0.9985	0.0000	0.0026	0.0026	0.0000	0.0230	0.0223	0.0007	0.0006	0.0004	0.0002	0.0224	0.0219	0.0005	0.0759	0.0665	0.0094	0.0158	0.0154	0.0005	0.0600	0.0511	0.0089	0.2251	0.1393	0.0858	0.0629	0.0593	0.0036	0.1622	0.0801	0.0821	129.4331	94.0503	0.1164	6799.2240	9226.9443	0.2970	0.3139	0.1858	0.0390	0.1020	0.1601	0.0076	0.0093	0.0070	0.0458	0.1379	0.2734	0.0059
47	104	0.1384	8	0	1	1	0	0	0	0	0	N	N	N	N	N	N	N	N	N	N	N	N	1.3481	0.9224	4.4375	0.7708	0.0007	37.1798	4.4120	50.2719	0.0000	0.0756	0.0545	0.2109	0.0802	0.0001	3.3636	0.0731	0.0910	0.0000	0.0561	0.0591	0.0475	0.1040	0.1054	0.0905	0.0166	0.0018	0.0392	0.6045	0.2799	-0.0000	-0.0012	3.0460	0.0277	11.9126	1.3445	0.0001	0.0000	0.0000	0.0000	0.0000	0.0000	0.0000	0.0000	0.0000	0.0038	0.0030	0.0008	0.0032	0.0029	0.0003	0.0006	0.0000	0.0006	0.0011	0.0009	0.0001	0.0004	0.0004	0.0000	0.0007	0.0005	0.0001	0.0674	0.0500	0.0174	0.0304	0.0276	0.0028	0.0369	0.0223	0.0146	1.3481	0.9224	4.4375	0.7708	0.0007	37.1798	4.4120	50.2719	0.0000	0.0561	0.0591	0.0475	0.1040	0.1054	0.0905	0.0166	0.0018	0.0392
47	105	0.0917	7	0	1	1	0	0	0	0	0	N	N	N	N	N	N	N	N	N	N	N	N	7.3147	5.8416	0.3973	0.2735	0.2851	0.0000	57.4778	659.8603	0.4645	0.7304	0.8390	0.0127	0.1137	0.1219	0.0000	0.9080	1.0658	0.0143	0.0999	0.1436	0.0319	0.4159	0.4275	0.0910	0.0158	0.0016	0.0308	0.0023	0.1429	-0.0329	-0.0164	3.0460	5.1414	11.9126	16.4151	0.0868	0.0866	0.0002	0.0030	0.0030	0.0000	0.0838	0.0836	0.0002	0.0393	0.0343	0.0049	0.0343	0.0341	0.0003	0.0049	0.0003	0.0046	0.1189	0.1033	0.0156	0.0266	0.0248	0.0018	0.0923	0.0785	0.0139	0.3931	0.2391	0.1540	0.0826	0.0797	0.0028	0.3105	0.1594	0.1511	7.3147	5.8416	0.3973	0.2735	0.2851	0.0000	57.4778	659.8603	0.4645	0.0999	0.1436	0.0319	0.4159	0.4275	0.0910	0.0158	0.0016	0.0308
47	106	0.0835	6	0	0	1	0	0	0	0	0	N	N	N	N	N	N	N	N	N	N	N	N	67.8317	222.3125	0.0135	1.7024	2.1334	0.0017	77.1834	24303.1918	0.0147	9.8795	11.3796	0.0040	0.2130	0.2264	0.0016	11.9379	13.9976	0.0042	0.1456	0.0512	0.2983	0.1251	0.1061	0.9848	0.1547	0.0006	0.2875	0.0001	3.6059	-0.3359	0.0057	3.0460	3.8974	11.9126	1.6364	0.8815	0.8814	0.0000	0.0033	0.0033	0.0000	0.8781	0.8781	0.0000	0.0238	0.0052	0.0186	0.0062	0.0051	0.0011	0.0175	0.0000	0.0175	0.0892	0.0775	0.0118	0.0157	0.0147	0.0009	0.0736	0.0627	0.0108	0.1631	0.1008	0.0624	0.0498	0.0483	0.0015	0.1133	0.0525	0.0609	67.8317	222.3125	0.0135	1.7024	2.1334	0.0022	77.1834	24303.1918	0.0147	0.1456	0.0512	0.2983	0.1251	0.1061	0.7491	0.1547	0.0006	0.2875
47	109	0.1739	13	1	1	1	1	0	0	0	0	N	N	N	N	N	N	N	N	N	N	N	N	0.0000	0.0000	0.0000	0.0000	0.0000	0.0000	0.0000	0.0000	0.0000	0.0000	0.0000	0.0000	0.0000	0.0000	0.0000	0.0000	0.0000	0.0000	0.0000	0.0000	3.0460	0.0000	11.9126	0.0000	0.0000	0.0000	0.0000	0.0000	0.0000	0.0000	0.0000	0.0000	0.0000	0.0000	0.0000	0.0000	0.0000	0.0000	0.0000	0.0000	0.0000	0.0000	0.0000	0.0000	0.0000	0.0000	0.0000	0.0000	0.0000	0.0000	0.0000	0.0000	0.0000	0.0000	0.0000	0.0000	0.0000	0.0000	0.0000	0.0000	0.0000	0.0000	0.0000	0.0000	0.0000	0.0000	0.0000	0.0000	0.0000	0.0000	0.0000	0.0000	0.0000	0.0000	0.0000	0.0000	0.0000	0.0000											
47	110	0.1589	12	1	1	1	1	0	0	0	0	N	N	N	N	N	N	N	N	N	N	N	N	0.0000	0.0000	0.0000	0.0000	0.0000	0.0000	0.0000	0.0000	0.0000	0.0000	0.0000	0.0000	0.0000	0.0000	0.0000	0.0000	0.0000	0.0012	0.0001	0.0031	0.0036	0.0002	0.0351	0.0001	0.0000	0.0002	16.2965	0.0000	0.0001	3.0460	0.0000	11.9126	7.1240	0.0000	0.0000	0.0000	0.0000	0.0000	0.0000	0.0000	0.0000	0.0000	0.0002	0.0000	0.0002	0.0002	0.0000	0.0002	0.0000	0.0000	0.0000	0.0000	0.0000	0.0000	0.0000	0.0000	0.0000	0.0000	0.0000	0.0000	0.1426	0.0900	0.0526	0.0451	0.0408	0.0043	0.0975	0.0492	0.0483	0.0000	0.0000	0.0000	0.0000	0.0000	0.0000	0.0000	0.0000	0.0000	0.0012	0.0001	0.0031	0.0036	0.0002	0.0351	0.0001	0.0000	0.0002		
47	111	0.1679	14	0	1	1	1	0	0	0	0	N	N	N	N	N	N	N	N	N	N	N	N	0.0000	0.0000	0.0000	0.0000	0.0000	0.0000	0.0000	0.0000	0.0000	0.0000	0.0000	0.0000	0.0000	0.0000	0.0000	0.0000	0.0000	0.0000	0.0008	0.0012	0.0000	0.0022	0.0025	0.0000	0.0000	0.0000	0.0000	0.0003	0.0000	-0.0000	3.0460	0.0016	11.9126	5.0076	0.0000	0.0000	0.0000	0.0000	0.0000	0.0000	0.0000	0.0000	0.0000	0.0001	0.0001	0.0000	0.0001	0.0001	0.0000	0.0000	0.0000	0.0000	0.0001	0.0001	0.0000	0.0000	0.0000	0.0000	0.0001	0.0001	0.0000	0.0980	0.0626	0.0354	0.0342	0.0298	0.0044	0.0638	0.0328	0.0311	0.0000	0.0000	0.0000	0.0000	0.0000	0.0000	0.0000	0.0000	0.0000	0.0008	0.0012	0.0000	0.0022	0.0025	0.0000	0.0000	0.0000	0.0000	
47	112	0.1611	13	0	1	1	1	0	0	0	0	N	N	N	N	N	N	N	N	N	N	N	N	0.0000	0.0000	0.0000	0.0000	0.0000	0.0000	0.0000	0.0000	0.0000	0.0000	0.0000	0.0000	0.0000	0.0000	0.0000	0.0000	0.0000	0.0000	0.0013	0.0020	0.0001	0.0005	0.0005	0.0006	0.0017	0.0034	0.0001	0.0319	0.0000	-0.0000	3.0460	1.0012	11.9126	2.1373	0.0000	0.0000	0.0000	0.0000	0.0000	0.0000	0.0000	0.0000	0.0000	0.0001	0.0001	0.0000	0.0000	0.0000	0.0000	0.0001	0.0001	0.0000	0.0210	0.0183	0.0027	0.0035	0.0033	0.0002	0.0175	0.0150	0.0025	0.0686	0.0435	0.0251	0.0238	0.0215	0.0023	0.0448	0.0220	0.0228	0.0000	0.0000	0.0000	0.0000	0.0000	0.0000	0.0000	0.0000	0.0000	0.0013	0.0020	0.0001	0.0005	0.0005	0.0006	0.0017	0.0034	0.0001	
47	113	0.1694	13	0	1	1	0	0	0	0	0	N	N	N	N	N	N	N	N	N	N	N	N	0.0000	0.0000	0.0000	0.0000	0.0000	0.0000	0.0000	0.0000	0.0000	0.0000	0.0000	0.0000	0.0000	0.0000	0.0000	0.0000	0.0000	0.0000	0.0003	0.0005	0.0000	0.0011	0.0012	0.0001	0.0000	0.0000	0.0000	0.0166	0.0000	-0.0000	3.0460	0.9705	11.9126	5.0371	0.0000	0.0000	0.0000	0.0000	0.0000	0.0000	0.0000	0.0000	0.0000	0.0000	0.0000	0.0000	0.0000	0.0000	0.0000	0.0000	0.0000	0.0000	0.0241	0.0212	0.0029	0.0057	0.0055	0.0003	0.0184	0.0157	0.0027	0.1190	0.0762	0.0428	0.0383	0.0346	0.0037	0.0807	0.0416	0.0391	0.0000	0.0000	0.0000	0.0000	0.0000	0.0000	0.0000	0.0000	0.0000	0.0003	0.0005	0.0000	0.0011	0.0012	0.0001	0.0000	0.0000	0.0000	
47	114	0.1611	13	0	0	2	1	0	0	0	0	N	N	Y	N	N	N	N	N	N	N	N	N	0.0000	0.0000	0.0000	0.0000	0.0000	0.0000	0.0000	0.0000	0.0000	0.0000	0.0000	0.0000	0.0000	0.0000	0.0000	0.0001	0.0000	0.0002	0.0001	0.0000	0.0015	0.0001	0.0000	0.0001	inf	0.0000	0.0000	3.0460	0.0000	11.9126	1.1303	0.0000	0.0000	0.0000	0.0000	0.0000	0.0000	0.0000	0.0000	0.0000	0.0000	0.0000	0.0000	0.0000	0.0000	0.0000	0.0000	0.0000	0.0000	0.0000	0.0000	0.0000	0.0000	0.0000	0.0000	0.0000	0.0000	0.0000	0.0300	0.0190	0.0110	0.0112	0.0103	0.0008	0.0188	0.0086	0.0102	0.0000	0.0000	0.0000	0.0000	0.0000	0.0000	0.0000	0.0000	0.0000	0.0001	0.0000	0.0002	0.0001	0.0000	0.0015	0.0001	0.0000	0.0001				
47	115	0.1589	12	0	0	1	1	0	0	0	0	N	N	N	N	N	N	N	N	N	N	N	N	0.0000	0.0000	0.0000	0.0000	0.0000	0.0000	0.0000	0.0000	0.0000	0.0000	0.0000	0.0000	0.0000	0.0000	0.0000	0.0000	0.0000	0.0000	0.0011	0.0016	0.0002	0.0029	0.0030	0.0015	0.0001	0.0000	0.0001	0.0712	0.0000	-0.0000	3.0460	0.0000	11.9126	1.2340	0.0000	0.0000	0.0000	0.0000	0.0000	0.0000	0.0000	0.0000	0.0000	0.0000	0.0000	0.0000	0.0000	0.0000	0.0000	0.0000	0.0000	0.0000	0.0000	0.0000	0.0000	0.0000	0.0000	0.0000	0.0000	0.0000	0.0000	0.0323	0.0205	0.0118	0.0116	0.0108	0.0008	0.0208	0.0097	0.0111	0.0000	0.0000	0.0000	0.0000	0.0000	0.0000	0.0000	0.0000	0.0000	0.0011	0.0016	0.0002	0.0029	0.0030	0.0015	0.0001	0.0000	0.0001	
47	116	0.1664	13	0	0	2	1	0	0	0	0	N	N	Y	N	N	N	N	N	N	N	N	N	19081212.5661	531.2203	83033467.1107	3068.3378	972.6617	16908.8651	39425574.1942	1.4312	118315345.5333	40.8551	0.0007	303.6885	0.0114	0.0027	0.2046	53.4658	0.0000	328.3583	0.0000	0.0000	0.0000	0.0000	0.0000	0.0000	0.0000	0.0000	0.0000	66764.4530	1.4682	0.5963	0.0000	3.0460	0.9725	11.9126	0.9874	0.9635	0.0000	0.9635	0.0001	0.0000	0.0000	0.9635	0.0000	0.9635	0.0000	0.0000	0.0000	0.0000	0.0000	0.0000	0.0000	0.0000	0.0000	0.0236	0.0204	0.0032	0.0056	0.0053	0.0002	0.0180	0.0151	0.0029	0.0399	0.0260	0.0139	0.0133	0.0120	0.0013	0.0265	0.0140	0.0126	19081212.5661	531.2203	83033467.1107	3068.3378	972.6617	16908.8651	39425574.1942	1.4312	118315345.5333	0.0000	0.0000	0.0000	0.0000	0.0000	0.0000	0.0000	0.0000	0.0000
47	117	0.1664	13	0	0	2	1	0	0	0	0	N	N	Y	N	N	N	N	N	N	N	N	N	22355.6137	17985.7722	0.0000	16323.0853	14867.7924	0.0000	11.7888	42.8559	0.0000	8.4631	10.5473	0.0000	18.7904	19.0805	0.0000	0.0000	0.0000	0.0000	0.0004	0.0006	0.0000	0.0012	0.0013	0.0000	0.0000	0.0000	0.0000	0.0000	0.0003	-0.0106	-0.0000	3.0460	0.0285	11.9126	4.0215	0.0278	0.0278	0.0000	0.0278	0.0278	0.0000	0.0000	0.0000	0.0000	0.0000	0.0000	0.0000	0.0000	0.0000	0.0000	0.0000	0.0000	0.0000	0.0033	0.0026	0.0006	0.0015	0.0015	0.0000	0.0018	0.0012	0.0006	0.0792	0.0511	0.0281	0.0261	0.0234	0.0027	0.0532	0.0278	0.0254	22355.6137	17985.7722	0.0000	16323.0853	14867.7924	0.0000	11.7888	42.8559	0.0000	0.0004	0.0006	0.0000	0.0012	0.0013	0.0000	0.0000	0.0000	0.0000
47	118	0.1589	12	0	0	2	1	0	0	0	0	N	N	Y	N	N	N	N	N	N	N	N	N	10387.3545	6095.4503	51349.0696	14251.4365	15423.9692	4.9402	29229.0774	2152.9934	101297.1068	1.2304	0.9070	3.4117	4.7152	4.9737	0.0020	0.5296	0.0004	3.6581	0.0001	0.0001	0.0001	0.0003	0.0003	0.0004	0.0000	0.0000	0.0000	0.5578	0.2605	-0.0018	-0.0000	3.0460	3.0275	11.9126	2.1573	0.0775	0.0498	0.0278	0.0498	0.0498	0.0000	0.0278	0.0000	0.0278	0.0000	0.0000	0.0000	0.0000	0.0000	0.0000	0.0000	0.0000	0.0000	0.0630	0.0549	0.0081	0.0106	0.0100	0.0005	0.0525	0.0449	0.0076	0.1069	0.0675	0.0394	0.0343	0.0311	0.0032	0.0726	0.0364	0.0362	10387.3545	6095.4503	51349.0696	14251.4365	15423.9692	4.9402	29229.0774	2152.9934	101297.1068	0.0001	0.0001	0.0001	0.0003	0.0003	0.0004	0.0000	0.0000	0.0000
47	119	0.2002	12	1	1	1	0	0	0	0	0	N	N	N	N	N	N	N	N	N	N	N	N	0.1657	0.0743	0.6118	0.5285	0.1376	1.6677	0.0034	0.0000	0.0134	0.0001	0.0000	0.0011	0.0005	0.0001	0.0121	0.0000	0.0000	0.0000	0.0008	0.0003	0.0018	0.0010	0.0005	0.0073	0.0007	0.0000	0.0014	6.7756	3.8878	0.0000	0.0000	3.0460	2.1883	11.9126	3.1271	0.0000	0.0000	0.0000	0.0000	0.0000	0.0000	0.0000	0.0000	0.0000	0.0001	0.0000	0.0001	0.0000	0.0000	0.0000	0.0001	0.0000	0.0001	0.0574	0.0512	0.0062	0.0149	0.0143	0.0005	0.0425	0.0369	0.0056	0.1109	0.0706	0.0403	0.0356	0.0332	0.0025	0.0752	0.0374	0.0378	0.1657	0.0743	0.6118	0.5285	0.1376	1.6677	0.0034	0.0000	0.0134	0.0008	0.0003	0.0018	0.0010	0.0005	0.0073	0.0007	0.0000	0.0014
47	120	0.1332	11	1	1	1	0	0	0	0	0	N	N	N	N	N	N	N	N	N	N	N	N	2.6231	1.8574	1.6572	4.3382	4.2363	37.8448	0.1282	0.0948	0.4309	0.1653	0.1890	0.0002	1.0450	1.0902	0.0025	0.0000	0.0000	0.0000	0.0630	0.1017	0.0001	0.2409	0.2574	0.0001	0.0001	0.0000	0.0001	0.0001	0.0006	-0.0190	-0.0184	3.0460	13.6104	11.9126	16.0982	0.0498	0.0498	0.0000	0.0498	0.0498	0.0000	0.0000	0.0000	0.0000	0.0339	0.0339	0.0000	0.0339	0.0339	0.0000	0.0000	0.0000	0.0000	0.3011	0.2633	0.0378	0.0476	0.0456	0.0020	0.2535	0.2177	0.0358	0.5379	0.3329	0.2050	0.1406	0.1316	0.0090	0.3973	0.2013	0.1960	2.6231	1.8574	1.6572	4.3382	4.2363	37.8448	0.1282	0.0948	0.4309	0.0630	0.1017	0.0001	0.2409	0.2574	0.0001	0.0001	0.0000	0.0001
47	121	0.1585	13	0	1	1	0	0	0	0	0	N	N	N	N	N	N	N	N	N	N	N	N	0.0255	0.3347	0.0000	0.0296	1.6934	0.0000	0.0015	0.0015	0.0000	0.0009	0.0010	0.0000	0.0022	0.0022	0.0000	0.0000	0.0000	0.0000	0.0349	0.0029	0.0968	0.0736	0.0013	0.7781	0.0044	0.0052	0.0036	0.0000	16.9997	-0.0000	0.0028	3.0460	0.3548	11.9126	4.6068	0.0000	0.0000	0.0000	0.0000	0.0000	0.0000	0.0000	0.0000	0.0000	0.0069	0.0004	0.0065	0.0064	0.0001	0.0063	0.0005	0.0003	0.0002	0.0259	0.0234	0.0025	0.0106	0.0104	0.0001	0.0153	0.0130	0.0023	0.1973	0.1301	0.0672	0.0871	0.0754	0.0117	0.1102	0.0547	0.0556	0.0255	0.3347	0.0000	0.0296	1.6934	0.0000	0.0015	0.0015	0.0000	0.0349	0.0029	0.0968	0.0736	0.0013	0.5399	0.0044	0.0052	0.0036
47	122	0.1436	12	0	1	1	0	0	0	0	0	N	N	N	N	N	N	N	N	N	N	N	N	0.0275	0.0032	7.7476	0.1293	0.0167	11.0942	0.0014	0.0008	0.0683	0.0050	0.0009	0.0351	0.0194	0.0026	0.7775	0.0003	0.0003	0.0001	0.1810	0.2900	0.0045	0.1503	0.1550	0.0701	0.1935	0.4027	0.0016	5.0808	0.0096	0.0001	-0.0154	3.0460	1.6911	11.9126	5.7022	0.0003	0.0000	0.0002	0.0002	0.0000	0.0002	0.0000	0.0000	0.0000	0.0290	0.0287	0.0003	0.0069	0.0068	0.0002	0.0220	0.0219	0.0001	0.0510	0.0450	0.0061	0.0125	0.0123	0.0003	0.0385	0.0327	0.0058	0.1599	0.0989	0.0611	0.0461	0.0436	0.0026	0.1138	0.0553	0.0585	0.0275	0.0032	7.7476	0.1293	0.0167	11.0942	0.0014	0.0008	0.0683	0.1810	0.2900	0.0045	0.1503	0.1550	0.0701	0.1935	0.3964	0.0016
47	123	0.1332	11	0	0	1	0	0	0	0	0	N	N	N	N	N	N	N	N	N	N	N	N	0.0004	0.0003	0.0533	0.3081	0.6160	0.0420	0.0000	0.0000	0.1811	0.0031	0.0034	0.0008	0.0108	0.0107	0.0144	0.0002	0.0002	0.0002	8.0145	13.0139	0.0157	0.0350	0.0174	0.3422	11.4256	23.9423	0.0012	0.0284	0.0008	-0.0001	-0.5290	3.0460	2.0929	11.9126	3.1856	0.0002	0.0002	0.0000	0.0002	0.0002	0.0000	0.0000	0.0000	0.0000	0.9756	0.9749	0.0007	0.0013	0.0006	0.0007	0.9744	0.9743	0.0001	0.0744	0.0667	0.0077	0.0205	0.0202	0.0003	0.0539	0.0465	0.0073	0.1217	0.0749	0.0468	0.0365	0.0342	0.0022	0.0853	0.0407	0.0446	0.0004	0.0003	0.0533	0.3081	0.6160	0.0472	0.0000	0.0000	0.1811	8.0145	13.0139	0.0157	0.0350	0.0174	0.3043	11.4256	23.9423	0.0012
47	124	0.1740	14	1	1	1	0	0	0	0	0	N	N	N	N	N	N	N	N	N	N	N	N	0.0000	0.0000	0.0000	0.0000	0.0000	0.0000	0.0000	0.0000	0.0000	0.0000	0.0000	0.0000	0.0000	0.0000	0.0000	0.0000	0.0000	0.0000	0.0000	0.0000	3.0460	0.0000	11.9126	0.0000	0.0000	0.0000	0.0000	0.0000	0.0000	0.0000	0.0000	0.0000	0.0000	0.0000	0.0000	0.0000	0.0000	0.0000	0.0000	0.0000	0.0000	0.0000	0.0000	0.0000	0.0000	0.0000	0.0000	0.0000	0.0000	0.0000	0.0000	0.0000	0.0000	0.0000	0.0000	0.0000	0.0000	0.0000	0.0000	0.0000	0.0000	0.0000	0.0000	0.0000	0.0000	0.0000	0.0000	0.0000	0.0000	0.0000	0.0000	0.0000	0.0000	0.0000	0.0000	0.0000	0.0000	0.0000											
47	125	0.1694	13	1	1	1	0	0	0	0	0	N	N	N	N	N	N	N	N	N	N	N	N	0.0000	0.0000	0.0000	0.0000	0.0000	0.0000	0.0000	0.0000	0.0000	0.0000	0.0000	0.0000	0.0000	0.0000	0.0000	0.0000	0.0000	0.0000	0.0006	0.0010	0.0000	0.0019	0.0021	0.0000	0.0000	0.0000	0.0000	0.0070	0.0000	-0.0000	3.0460	0.1434	11.9126	1.9839	0.0000	0.0000	0.0000	0.0000	0.0000	0.0000	0.0000	0.0000	0.0000	0.0000	0.0000	0.0000	0.0000	0.0000	0.0000	0.0000	0.0000	0.0000	0.0067	0.0060	0.0007	0.0028	0.0027	0.0001	0.0039	0.0034	0.0006	0.0463	0.0300	0.0163	0.0156	0.0142	0.0013	0.0307	0.0158	0.0149	0.0000	0.0000	0.0000	0.0000	0.0000	0.0000	0.0000	0.0000	0.0000	0.0006	0.0010	0.0000	0.0019	0.0021	0.0000	0.0000	0.0000	0.0000	
47	126	0.1589	12	0	1	1	0	0	0	0	0	N	N	N	N	N	N	N	N	N	N	N	N	0.0000	0.0000	0.0000	0.0000	0.0000	0.0000	0.0000	0.0000	0.0000	0.0000	0.0000	0.0000	0.0000	0.0000	0.0000	0.0000	0.0000	0.0000	0.0002	0.0003	0.0000	0.0006	0.0006	0.0000	0.0000	0.0000	0.0000	0.0022	0.0000	-0.0000	3.0460	1.8882	11.9126	2.9115	0.0000	0.0000	0.0000	0.0000	0.0000	0.0000	0.0000	0.0000	0.0000	0.0000	0.0000	0.0000	0.0000	0.0000	0.0000	0.0000	0.0000	0.0000	0.0395	0.0344	0.0051	0.0066	0.0063	0.0003	0.0329	0.0281	0.0048	0.0998	0.0630	0.0368	0.0321	0.0292	0.0029	0.0676	0.0338	0.0338	0.0000	0.0000	0.0000	0.0000	0.0000	0.0000	0.0000	0.0000	0.0000	0.0002	0.0003	0.0000	0.0006	0.0006	0.0000	0.0000	0.0000	0.0000	
47	127	0.1332	11	0	0	1	0	0	0	0	0	N	N	N	N	N	N	N	N	N	N	N	N	0.0023	0.0016	0.0000	0.0027	0.0026	0.0000	0.0015	0.0031	0.0000	0.0003	0.0003	0.0000	0.0013	0.0014	0.0000	0.0000	0.0000	0.0000	0.1341	0.2169	0.0002	0.4863	0.5185	0.0019	0.0001	0.0000	0.0001	0.0000	0.0005	-0.0000	-0.0186	3.0460	3.5543	11.9126	9.0319	0.0000	0.0000	0.0000	0.0000	0.0000	0.0000	0.0000	0.0000	0.0000	0.0343	0.0343	0.0000	0.0343	0.0343	0.0000	0.0000	0.0000	0.0000	0.1046	0.0928	0.0117	0.0241	0.0236	0.0006	0.0804	0.0693	0.0112	0.2561	0.1582	0.0979	0.0706	0.0662	0.0044	0.1855	0.0920	0.0935	0.0023	0.0016	0.0000	0.0027	0.0026	0.0000	0.0015	0.0031	0.0000	0.1341	0.2169	0.0002	0.4863	0.5185	0.0019	0.0001	0.0000	0.0001
47	128	0.1296	10	0	0	1	0	0	0	0	0	N	N	N	N	N	N	N	N	N	N	N	N	0.0267	0.0057	1.1810	0.0524	0.0168	1.1011	0.0061	0.0000	0.2971	0.0003	0.0001	0.0018	0.0013	0.0004	0.0356	0.0000	0.0000	0.0002	0.0113	0.0173	0.0015	0.0243	0.0240	0.0323	0.0044	0.0093	0.0006	2.4714	0.0538	0.0000	-0.0005	3.0460	2.6246	11.9126	0.7212	0.0000	0.0000	0.0000	0.0000	0.0000	0.0000	0.0000	0.0000	0.0000	0.0011	0.0011	0.0001	0.0008	0.0008	0.0000	0.0003	0.0003	0.0000	0.0749	0.0660	0.0090	0.0166	0.0162	0.0004	0.0583	0.0498	0.0085	0.0986	0.0613	0.0373	0.0344	0.0333	0.0011	0.0642	0.0279	0.0363	0.0267	0.0057	1.1810	0.0524	0.0168	1.1011	0.0061	0.0000	0.2971	0.0113	0.0173	0.0015	0.0243	0.0240	0.0323	0.0044	0.0093	0.0006
47	129	0.1238	9	0	0	1	0	0	0	0	0	N	N	N	N	N	N	N	N	N	N	N	N	0.0224	0.0122	0.5716	0.0303	0.0231	7.6945	0.0318	0.0009	0.1584	0.0003	0.0002	0.0006	0.0012	0.0009	0.0077	0.0000	0.0000	0.0002	0.0117	0.0176	0.0011	0.0383	0.0402	0.0010	0.0008	0.0005	0.0011	0.3925	0.0333	-0.0000	-0.0006	3.0460	3.3474	11.9126	1.3769	0.0000	0.0000	0.0000	0.0000	0.0000	0.0000	0.0000	0.0000	0.0000	0.0012	0.0012	0.0000	0.0011	0.0011	0.0000	0.0001	0.0000	0.0000	0.0858	0.0753	0.0105	0.0180	0.0174	0.0006	0.0678	0.0579	0.0099	0.1029	0.0664	0.0366	0.0300	0.0286	0.0015	0.0729	0.0378	0.0351	0.0224	0.0122	0.5716	0.0303	0.0231	7.6945	0.0318	0.0009	0.1584	0.0117	0.0176	0.0011	0.0383	0.0402	0.0010	0.0008	0.0005	0.0011
47	130	0.1150	8	0	0	1	0	0	0	0	0	N	N	N	N	N	N	N	N	N	N	N	N	0.0429	0.7796	0.0849	1.4256	0.8401	40.3547	0.0063	inf	0.0217	0.0005	0.0003	0.0027	0.0013	0.0008	0.0513	0.0001	0.0000	0.0007	0.0124	0.0004	0.0320	0.0009	0.0009	0.0013	0.0167	0.0000	0.0331	1.0002	51.9255	0.0000	0.0005	3.0460	0.4686	11.9126	4.0374	0.0000	0.0000	0.0000	0.0000	0.0000	0.0000	0.0000	0.0000	0.0000	0.0012	0.0000	0.0012	0.0000	0.0000	0.0000	0.0012	0.0000	0.0012	0.0238	0.0215	0.0023	0.0084	0.0083	0.0001	0.0154	0.0132	0.0023	0.0955	0.0591	0.0364	0.0259	0.0247	0.0012	0.0696	0.0344	0.0352	0.0429	0.7796	0.0849	1.4256	0.8401	40.3547	0.0063	inf	0.0217	0.0124	0.0004	0.0320	0.0009	0.0009	0.0013	0.0167	0.0000	0.0331
48	49	0.0446	3	0	1	0	0	0	0	0	0	N	N	N	N	N	N	N	N	N	N	N	N	0.0000	0.0000	0.0000	0.0000	0.0000	0.0000	0.0000	0.0000	0.0000	0.0000	0.0000	0.0000	0.0000	0.0000	0.0000	0.0000	0.0000	0.0004	0.0007	0.0000	0.0000	0.0000	0.0000	0.0006	0.0011	0.0000	0.0335	0.0000	-0.0000	1.1082	0.0000	5.8288	2.0001	0.0000	0.0000	0.0000	0.0000	0.0000	0.0000	0.0000	0.0000	0.0000	0.0000	0.0000	0.0000	0.0000	0.0000	0.0000	0.0000	0.0000	0.0000	0.0000	0.0000	0.0000	0.0000	0.0000	0.0000	0.0000	0.0000	0.0000	0.0249	0.0150	0.0099	0.0062	0.0060	0.0003	0.0187	0.0090	0.0096	0.0000	0.0000	0.0000	0.0000	0.0000	0.0000	0.0000	0.0000	0.0000	0.0004	0.0007	0.0000	0.0000	0.0000	0.0000	0.0006	0.0011	0.0000		
48	50	0.1913	18	1	1	1	0	0	0	0	0	N	N	N	N	N	N	N	N	N	N	N	N	0.0000	0.0000	0.0000	0.0000	0.0000	0.0000	0.0000	0.0000	0.0000	0.0000	0.0000	0.0000	0.0000	0.0000	0.0000	0.0000	0.0000	0.0000	0.0080	0.0047	0.0183	0.0174	0.0090	0.2468	0.0015	0.0000	0.0039	1.2499	0.0000	0.0000	1.1082	0.0000	5.8288	1.7047	0.0000	0.0000	0.0000	0.0000	0.0000	0.0000	0.0000	0.0000	0.0000	0.0003	0.0001	0.0001	0.0002	0.0001	0.0001	0.0000	0.0000	0.0000	0.0000	0.0000	0.0000	0.0000	0.0000	0.0000	0.0000	0.0000	0.0000	0.0317	0.0240	0.0077	0.0129	0.0125	0.0005	0.0187	0.0115	0.0073	0.0000	0.0000	0.0000	0.0000	0.0000	0.0000	0.0000	0.0000	0.0000	0.0080	0.0047	0.0183	0.0174	0.0090	0.2468	0.0015	0.0000	0.0039	
48	51	0.1913	18	1	1	1	0	0	0	0	0	N	N	N	N	N	N	N	N	N	N	N	N	0.0000	0.0000	0.0000	0.0000	0.0000	0.0000	0.0000	0.0000	0.0000	0.0000	0.0000	0.0000	0.0000	0.0000	0.0000	0.0000	0.0000	0.0063	0.0071	0.0013	0.0075	0.0076	0.0000	0.0053	0.0067	0.0013	0.0286	0.0000	-0.0001	1.1082	0.0000	5.8288	0.2953	0.0000	0.0000	0.0000	0.0000	0.0000	0.0000	0.0000	0.0000	0.0000	0.0001	0.0001	0.0000	0.0001	0.0001	0.0000	0.0000	0.0000	0.0000	0.0000	0.0000	0.0000	0.0000	0.0000	0.0000	0.0000	0.0000	0.0000	0.0168	0.0145	0.0023	0.0079	0.0078	0.0001	0.0089	0.0067	0.0022	0.0000	0.0000	0.0000	0.0000	0.0000	0.0000	0.0000	0.0000	0.0000	0.0063	0.0071	0.0013	0.0075	0.0076	0.0000	0.0053	0.0067	0.0013		
48	52	0.1884	17	1	1	1	0	0	0	0	0	N	N	N	N	N	N	N	N	N	N	N	N	1.2845	0.9272	3.4812	3.4002	2.0893	12.2381	0.0000	0.0000	0.0000	0.0216	0.0134	0.0754	0.0580	0.0325	0.6758	0.0000	0.0000	0.0000	0.0168	0.0145	0.0217	0.0171	0.0156	0.0552	0.0167	0.0132	0.0202	0.8587	0.7373	0.0000	-0.0001	1.1082	0.0001	5.8288	1.7968	0.0000	0.0000	0.0000	0.0000	0.0000	0.0000	0.0000	0.0000	0.0000	0.0004	0.0002	0.0002	0.0002	0.0001	0.0000	0.0003	0.0001	0.0002	0.0000	0.0000	0.0000	0.0000	0.0000	0.0000	0.0000	0.0000	0.0000	0.0254	0.0170	0.0084	0.0094	0.0090	0.0004	0.0160	0.0080	0.0080	1.2845	0.9272	3.4812	3.4002	2.0893	12.2381	0.0000	0.0000	0.0000	0.0168	0.0145	0.0217	0.0171	0.0156	0.0552	0.0167	0.0132	0.0202
48	53	0.1701	11	1	1	0	0	0	0	0	0	N	N	N	N	N	N	N	N	N	N	N	N	24.9029	24.5551	0.0008	64.4798	71.1593	0.0000	1.6757	1.5218	0.0011	0.0452	0.0507	0.0000	0.1388	0.1472	0.0000	0.0027	0.0031	0.0000	0.0018	0.0021	0.0013	0.0022	0.0021	0.0041	0.0016	0.0021	0.0012	0.0000	0.3274	-0.0003	-0.0000	1.1082	1.8240	5.8288	0.8872	0.0009	0.0009	0.0000	0.0009	0.0009	0.0000	0.0000	0.0000	0.0000	0.0001	0.0001	0.0000	0.0000	0.0000	0.0000	0.0000	0.0000	0.0000	0.0199	0.0178	0.0021	0.0062	0.0059	0.0004	0.0137	0.0119	0.0018	0.0371	0.0246	0.0125	0.0134	0.0128	0.0006	0.0236	0.0117	0.0119	24.9029	24.5551	0.0008	64.4798	71.1593	0.0000	1.6757	1.5218	0.0011	0.0018	0.0021	0.0013	0.0022	0.0021	0.0041	0.0016	0.0021	0.0012
48	54	0.0745	5	0	1	0	1	0	0	0	0	N	N	N	N	N	N	N	N	N	N	N	N	0.0000	0.0000	0.0000	0.0000	0.0000	0.0000	0.0000	0.0000	0.0000	0.0000	0.0000	0.0000	0.0000	0.0000	0.0000	0.0000	0.0000	0.0410	0.0569	0.0147	0.1249	0.1296	0.0000	0.0079	0.0005	0.0151	0.1560	0.0000	-0.0011	1.1082	0.0007	5.8288	4.7762	0.0000	0.0000	0.0000	0.0000	0.0000	0.0000	0.0000	0.0000	0.0000	0.0026	0.0022	0.0003	0.0022	0.0022	0.0000	0.0004	0.0000	0.0003	0.0000	0.0000	0.0000	0.0000	0.0000	0.0000	0.0000	0.0000	0.0000	0.0628	0.0391	0.0237	0.0178	0.0171	0.0007	0.0451	0.0220	0.0231	0.0000	0.0000	0.0000	0.0000	0.0000	0.0000	0.0000	0.0000	0.0000	0.0410	0.0569	0.0147	0.1249	0.1296	0.0000	0.0079	0.0005	0.0151		
48	55	0.0745	5	0	0	0	1	0	0	0	0	N	N	N	N	N	N	N	N	N	N	N	N	0.0000	0.0000	0.0000	0.0000	0.0000	0.0000	0.0000	0.0000	0.0000	0.0000	0.0000	0.0000	0.0000	0.0000	0.0000	0.0000	0.0000	0.0000	1.9626	1.3044	3.0910	2.7996	2.8960	0.0000	1.6136	0.0000	3.1754	1.3823	0.0000	0.0033	1.1082	0.0007	5.8288	3.2259	0.0000	0.0000	0.0000	0.0000	0.0000	0.0000	0.0000	0.0000	0.0000	0.0886	0.0372	0.0514	0.0372	0.0372	0.0000	0.0514	0.0000	0.0514	0.0000	0.0000	0.0000	0.0000	0.0000	0.0000	0.0000	0.0000	0.0000	0.0451	0.0285	0.0166	0.0133	0.0128	0.0004	0.0318	0.0157	0.0162	0.0000	0.0000	0.0000	0.0000	0.0000	0.0000	0.0000	0.0000	0.0000	1.9626	1.3044	3.0910	2.7996	2.8960	0.0000	1.6136	0.0000	3.1754	
48	56	0.0702	4	0	0	0	1	0	0	0	0	N	N	N	N	N	N	N	N	N	N	N	N	0.0000	0.0000	0.0000	0.0000	0.0000	0.0000	0.0000	0.0000	0.0000	0.0000	0.0000	0.0000	0.0000	0.0000	0.0000	0.0000	0.0000	0.0199	0.0118	0.0345	0.0254	0.0263	0.0000	0.0175	0.0000	0.0354	1.6244	0.0000	0.0001	1.1082	0.9953	5.8288	1.3904	0.0000	0.0000	0.0000	0.0000	0.0000	0.0000	0.0000	0.0000	0.0000	0.0007	0.0003	0.0004	0.0003	0.0003	0.0000	0.0004	0.0000	0.0004	0.0083	0.0072	0.0011	0.0007	0.0007	0.0000	0.0076	0.0065	0.0011	0.0341	0.0219	0.0122	0.0101	0.0098	0.0003	0.0239	0.0121	0.0118	0.0000	0.0000	0.0000	0.0000	0.0000	0.0000	0.0000	0.0000	0.0000	0.0199	0.0118	0.0345	0.0254	0.0263	0.0000	0.0175	0.0000	0.0354		
48	57	0.0635	3	0	0	0	1	0	0	0	0	N	N	N	N	N	N	N	N	N	N	N	N	0.0049	0.0549	0.0000	0.1431	0.1436	0.0000	0.0000	0.0000	0.0000	0.0002	0.0002	0.0000	0.0010	0.0010	0.0000	0.0000	0.0000	0.0000	0.0321	0.0032	0.0772	0.0069	0.0071	0.0014	0.0422	0.0000	0.0791	0.0288	15.4272	-0.0000	0.0006	1.1082	0.0068	5.8288	3.2797	0.0000	0.0000	0.0000	0.0000	0.0000	0.0000	0.0000	0.0000	0.0000	0.0014	0.0001	0.0013	0.0001	0.0001	0.0000	0.0013	0.0000	0.0013	0.0001	0.0001	0.0000	0.0000	0.0000	0.0000	0.0001	0.0000	0.0000	0.0446	0.0272	0.0174	0.0128	0.0123	0.0004	0.0318	0.0148	0.0170	0.0049	0.0549	0.0000	0.1431	0.1436	0.0000	0.0000	0.0000	0.0000	0.0321	0.0032	0.0772	0.0069	0.0071	0.0014	0.0422	0.0000	0.0791
48	58	0.0223	2	0	0	0	1	0	0	0	0	N	N	N	N	N	N	N	N	N	N	N	N	0.0694	0.0435	0.2074	0.1427	0.1344	1.9799	0.0519	0.0292	0.1790	0.0659	0.0482	0.1550	0.2659	0.2526	0.4675	0.0262	0.0015	0.1344	0.9491	1.1077	0.7472	1.8638	1.8796	0.2361	0.5055	0.0525	0.7509	0.6368	0.5298	0.0000	-0.0700	1.1082	5.8573	5.8288	13.1443	0.0040	0.0025	0.0016	0.0027	0.0024	0.0003	0.0013	0.0001	0.0013	0.3560	0.2327	0.1233	0.2283	0.2281	0.0003	0.1277	0.0047	0.1230	0.0614	0.0513	0.0102	0.0102	0.0095	0.0006	0.0513	0.0417	0.0095	0.3751	0.2101	0.1650	0.1225	0.1213	0.0012	0.2526	0.0888	0.1638	0.0694	0.0435	0.2074	0.1427	0.1344	1.9799	0.0519	0.0292	0.1790	0.9491	1.1077	0.7472	1.8638	1.8796	0.2361	0.5055	0.0525	0.7509
48	59	0.1886	18	0	1	1	0	0	0	0	0	N	N	N	N	N	N	N	N	N	N	N	N	0.0465	0.0223	0.2311	0.0695	0.1145	0.0000	0.0488	0.0025	1.7365	0.0031	0.0016	0.0125	0.0070	0.0073	0.0000	0.0022	0.0002	0.0133	0.0656	0.0713	0.0540	0.1001	0.0636	0.7612	0.0452	0.0793	0.0076	1.2190	0.3704	0.0000	-0.0012	1.1082	0.9979	5.8288	4.0614	0.0000	0.0000	0.0000	0.0000	0.0000	0.0000	0.0000	0.0000	0.0000	0.0043	0.0032	0.0012	0.0024	0.0014	0.0010	0.0019	0.0017	0.0002	0.0081	0.0070	0.0011	0.0014	0.0014	0.0001	0.0066	0.0056	0.0010	0.0658	0.0442	0.0216	0.0245	0.0225	0.0020	0.0413	0.0217	0.0197	0.0465	0.0223	0.2311	0.0695	0.1145	0.0000	0.0488	0.0025	1.7365	0.0656	0.0713	0.0540	0.1001	0.0636	0.5198	0.0452	0.0793	0.0076
48	60	0.1802	17	0	1	0	0	0	0	0	0	N	N	N	N	N	N	N	N	N	N	N	N	0.0124	0.0024	93.7292	0.0379	0.0383	0.0084	0.0102	0.0016	103.6402	0.2267	0.0673	1.2968	0.0027	0.0028	0.0002	0.2819	0.0852	1.3834	18.2936	27.5316	0.0138	0.0722	0.0743	0.0246	27.7013	53.9919	0.0133	2.8719	0.0003	0.0015	-0.5337	1.1082	2.2356	5.8288	2.2044	0.0042	0.0011	0.0031	0.0000	0.0000	0.0000	0.0042	0.0011	0.0031	0.9833	0.9831	0.0002	0.0013	0.0013	0.0000	0.9820	0.9818	0.0002	0.0186	0.0162	0.0024	0.0037	0.0035	0.0002	0.0149	0.0127	0.0023	0.0538	0.0357	0.0180	0.0183	0.0175	0.0008	0.0354	0.0182	0.0173	0.0124	0.0024	93.7292	0.0379	0.0383	0.0084	0.0102	0.0016	103.6402	18.2936	27.5316	0.0138	0.0722	0.0743	0.0246	27.7013	53.9919	0.0133
48	61	0.1595	15	1	0	1	0	0	0	0	0	N	N	N	N	N	N	N	N	N	N	N	N	0.0071	0.0091	0.0002	0.0154	0.0155	0.0000	0.0030	0.0252	0.0002	0.0001	0.0001	0.0000	0.0003	0.0003	0.0000	0.0000	0.0000	0.0000	0.0096	0.0085	0.0115	0.0178	0.0184	0.0055	0.0063	0.0009	0.0117	0.0045	0.7911	-0.0000	-0.0001	1.1082	2.0703	5.8288	7.0012	0.0000	0.0000	0.0000	0.0000	0.0000	0.0000	0.0000	0.0000	0.0000	0.0010	0.0005	0.0004	0.0005	0.0005	0.0000	0.0004	0.0000	0.0004	0.0175	0.0153	0.0022	0.0034	0.0032	0.0001	0.0141	0.0120	0.0021	0.0992	0.0626	0.0366	0.0285	0.0272	0.0012	0.0707	0.0354	0.0353	0.0071	0.0091	0.0002	0.0154	0.0155	0.0000	0.0030	0.0252	0.0002	0.0096	0.0085	0.0115	0.0178	0.0184	0.0055	0.0063	0.0009	0.0117
48	62	0.1579	14	0	0	0	0	0	0	0	0	N	N	N	N	N	N	N	N	N	N	N	N	0.0146	0.0187	0.0091	0.0427	0.0413	4.8246	0.0024	0.0102	0.0070	0.0011	0.0012	0.0009	0.0057	0.0057	0.0043	0.0001	0.0000	0.0008	0.0773	0.0622	0.1034	0.1331	0.1389	0.0009	0.0545	0.0018	0.1069	0.1214	0.9672	-0.0000	-0.0000	1.1082	0.9285	5.8288	0.0280	0.0000	0.0000	0.0000	0.0000	0.0000	0.0000	0.0000	0.0000	0.0000	0.0008	0.0004	0.0004	0.0004	0.0004	0.0000	0.0004	0.0000	0.0004	0.0077	0.0067	0.0010	0.0014	0.0013	0.0001	0.0063	0.0054	0.0010	0.0110	0.0069	0.0040	0.0032	0.0031	0.0001	0.0078	0.0039	0.0039	0.0146	0.0187	0.0091	0.0427	0.0413	4.8246	0.0024	0.0102	0.0070	0.0773	0.0622	0.1034	0.1331	0.1389	0.0009	0.0545	0.0018	0.1069
48	63	0.1202	9	1	1	0	0	0	0	0	0	N	N	N	N	N	N	N	N	N	N	N	N	0.0221	0.0176	0.0222	0.0613	0.0627	0.0183	0.0032	0.0016	0.0215	0.0002	0.0002	0.0000	0.0009	0.0010	0.0001	0.0000	0.0000	0.0000	0.0085	0.0119	0.0018	0.0153	0.0157	0.0045	0.0054	0.0088	0.0017	0.0288	0.0774	-0.0000	-0.0002	1.1082	1.0023	5.8288	3.0135	0.0000	0.0000	0.0000	0.0000	0.0000	0.0000	0.0000	0.0000	0.0000	0.0004	0.0004	0.0000	0.0002	0.0002	0.0000	0.0002	0.0001	0.0000	0.0084	0.0073	0.0011	0.0015	0.0015	0.0001	0.0068	0.0058	0.0010	0.0457	0.0302	0.0155	0.0141	0.0136	0.0005	0.0316	0.0166	0.0150	0.0221	0.0176	0.0222	0.0613	0.0627	0.0183	0.0032	0.0016	0.0215	0.0085	0.0119	0.0018	0.0153	0.0157	0.0045	0.0054	0.0088	0.0017
48	64	0.0938	8	1	1	0	0	0	0	0	0	N	N	N	N	N	N	N	N	N	N	N	N	0.7554	4.0896	0.0692	6.9398	6.9667	41.8609	0.0701	4.5894	0.0585	0.0343	0.0382	0.0076	0.1395	0.1450	0.0194	0.0039	0.0034	0.0066	0.0454	0.0093	0.1104	0.0201	0.0208	0.0005	0.0556	0.0007	0.1136	0.0291	6.5654	-0.0004	0.0020	1.1082	3.0820	5.8288	9.3392	0.0011	0.0010	0.0000	0.0010	0.0010	0.0000	0.0001	0.0001	0.0000	0.0061	0.0008	0.0053	0.0008	0.0008	0.0000	0.0053	0.0000	0.0053	0.0310	0.0271	0.0039	0.0070	0.0067	0.0003	0.0240	0.0204	0.0036	0.1337	0.0859	0.0477	0.0382	0.0368	0.0013	0.0955	0.0491	0.0464	0.7554	4.0896	0.0692	6.9398	6.9667	41.8609	0.0701	4.5894	0.0585	0.0454	0.0093	0.1104	0.0201	0.0208	0.0005	0.0556	0.0007	0.1136
48	65	0.1802	17	0	1	0	0	0	0	0	0	N	N	N	N	N	N	N	N	N	N	N	N	0.0097	0.0073	0.0093	0.0191	0.0190	0.0000	0.0004	0.0002	0.0143	0.0007	0.0008	0.0000	0.0035	0.0037	0.0000	0.0000	0.0000	0.0000	0.0737	0.1121	0.0018	0.1842	0.1926	0.0137	0.0194	0.0373	0.0012	0.0030	0.0086	-0.0000	-0.0034	1.1082	1.7946	5.8288	5.9592	0.0000	0.0000	0.0000	0.0000	0.0000	0.0000	0.0000	0.0000	0.0000	0.0064	0.0063	0.0001	0.0053	0.0052	0.0000	0.0011	0.0011	0.0000	0.0152	0.0132	0.0020	0.0031	0.0030	0.0001	0.0121	0.0103	0.0018	0.0868	0.0566	0.0302	0.0286	0.0273	0.0013	0.0582	0.0293	0.0288	0.0097	0.0073	0.0093	0.0191	0.0190	0.0000	0.0004	0.0002	0.0143	0.0737	0.1121	0.0018	0.1842	0.1926	0.0137	0.0194	0.0373	0.0012
48	66	0.1733	16	0	1	0	0	0	0	0	0	N	N	N	N	N	N	N	N	N	N	N	N	0.0093	0.0025	1.6436	0.0877	0.0877	0.0516	0.0060	0.0005	1.8165	0.0013	0.0006	0.0065	0.0018	0.0018	0.0004	0.0012	0.0002	0.0069	0.1445	0.2265	0.0040	0.0202	0.0207	0.0081	0.2026	0.4302	0.0038	1.6774	0.0102	0.0000	-0.0030	1.1082	1.3569	5.8288	2.0560	0.0000	0.0000	0.0000	0.0000	0.0000	0.0000	0.0000	0.0000	0.0000	0.0056	0.0056	0.0001	0.0002	0.0002	0.0000	0.0054	0.0053	0.0001	0.0124	0.0108	0.0016	0.0026	0.0025	0.0001	0.0098	0.0083	0.0015	0.0388	0.0245	0.0143	0.0124	0.0118	0.0006	0.0264	0.0127	0.0137	0.0093	0.0025	1.6436	0.0877	0.0877	0.0516	0.0060	0.0005	1.8165	0.1445	0.2265	0.0040	0.0202	0.0207	0.0081	0.2026	0.4172	0.0038
48	67	0.1600	15	0	1	0	0	0	0	0	0	N	N	N	N	N	N	N	N	N	N	N	N	0.0845	0.0561	1.5263	0.0576	0.0369	247.5030	0.0973	0.0537	0.8712	0.0004	0.0004	0.0004	0.0003	0.0002	0.0021	0.0004	0.0004	0.0002	0.0047	0.0071	0.0002	0.0056	0.0058	0.0000	0.0043	0.0083	0.0003	0.1418	0.0188	-0.0000	-0.0002	1.1082	4.9477	5.8288	2.0153	0.0000	0.0000	0.0000	0.0000	0.0000	0.0000	0.0000	0.0000	0.0000	0.0004	0.0004	0.0000	0.0001	0.0001	0.0000	0.0002	0.0002	0.0000	0.0421	0.0366	0.0055	0.0080	0.0076	0.0004	0.0341	0.0290	0.0051	0.0771	0.0499	0.0272	0.0257	0.0244	0.0012	0.0515	0.0255	0.0260	0.0845	0.0561	1.5263	0.0576	0.0369	247.5030	0.0973	0.0537	0.8712	0.0047	0.0071	0.0002	0.0056	0.0058	0.0000	0.0043	0.0083	0.0003
48	68	0.0446	3	0	0	1	0	0	0	0	0	N	N	N	N	N	N	N	N	N	N	N	N	0.0000	0.0000	0.0000	0.0000	0.0000	0.0000	0.0000	0.0000	0.0000	0.0000	0.0000	0.0000	0.0000	0.0000	0.0000	0.0000	0.0000	0.0004	0.0003	0.0005	0.0000	0.0000	0.0000	0.0005	0.0006	0.0005	1.0151	0.0000	-0.0000	1.1082	0.0000	5.8288	4.0001	0.0000	0.0000	0.0000	0.0000	0.0000	0.0000	0.0000	0.0000	0.0000	0.0000	0.0000	0.0000	0.0000	0.0000	0.0000	0.0000	0.0000	0.0000	0.0000	0.0000	0.0000	0.0000	0.0000	0.0000	0.0000	0.0000	0.0000	0.0494	0.0297	0.0196	0.0123	0.0118	0.0006	0.0370	0.0179	0.0191	0.0000	0.0000	0.0000	0.0000	0.0000	0.0000	0.0000	0.0000	0.0000	0.0004	0.0003	0.0005	0.0000	0.0000	0.0000	0.0005	0.0006	0.0005		
48	69	0.0223	2	0	0	0	0	0	0	0	0	N	N	N	N	N	N	N	N	N	N	N	N	5.8327	10.6487	0.0020	11.5005	12.2596	0.0119	3.9562	390.4958	0.0017	2.4582	3.0089	0.0012	4.9107	5.2521	0.0032	1.6547	2.1259	0.0010	0.4215	0.2826	0.5931	0.4270	0.4284	0.2697	0.4183	0.0054	0.5955	0.0001	1.6984	-0.0354	0.0112	1.1082	2.8240	5.8288	8.9883	0.0930	0.0930	0.0000	0.0459	0.0459	0.0000	0.0472	0.0472	0.0000	0.1296	0.0480	0.0816	0.0480	0.0477	0.0003	0.0816	0.0003	0.0813	0.0378	0.0309	0.0069	0.0093	0.0087	0.0006	0.0285	0.0222	0.0063	0.3075	0.1700	0.1375	0.1124	0.1114	0.0010	0.1952	0.0586	0.1365	5.8327	10.6487	0.0020	11.5005	12.2596	0.0119	3.9562	390.4958	0.0017	0.4215	0.2826	0.5931	0.4270	0.4284	0.2697	0.4183	0.0054	0.5955
48	73	0.0849	7	0	0	0	0	0	0	0	0	N	N	N	N	N	N	N	N	N	N	N	N	1.8549	0.1782	63.0817	0.2791	0.2826	15.9316	19.5837	3.3494	66.4487	0.2578	0.0363	1.7623	0.1359	0.1423	0.0002	0.2897	0.0052	1.9020	0.1390	0.2039	0.0279	0.4868	0.5037	0.0000	0.0148	0.0016	0.0286	7.1365	0.0801	0.0049	-0.0142	1.1082	4.0673	5.8288	17.8409	0.0099	0.0012	0.0087	0.0011	0.0011	0.0000	0.0088	0.0001	0.0087	0.0304	0.0281	0.0023	0.0280	0.0280	0.0000	0.0024	0.0001	0.0023	0.0385	0.0335	0.0049	0.0080	0.0076	0.0004	0.0305	0.0259	0.0046	0.2185	0.1379	0.0806	0.0575	0.0556	0.0019	0.1610	0.0823	0.0787	1.8549	0.1782	63.0817	0.2791	0.2826	15.9316	19.5837	3.3494	66.4487	0.1390	0.2039	0.0279	0.4868	0.5037	0.0000	0.0148	0.0016	0.0286
48	75	0.2216	11	0	0	0	0	0	0	0	0	N	N	N	N	N	N	N	N	N	N	N	N	0.2252	0.1567	1.0212	0.3760	0.2029	202.3150	0.1416	0.1208	0.0522	0.0782	0.0672	0.1595	0.1330	0.0876	0.9890	0.0480	0.0547	0.0120	0.3470	0.4292	0.1562	0.3538	0.4317	0.0049	0.3391	0.4524	0.2295	0.3185	0.1566	-0.0005	-0.1134	1.1082	3.5843	5.8288	46.7516	0.0037	0.0028	0.0009	0.0022	0.0014	0.0008	0.0015	0.0014	0.0001	0.2783	0.2406	0.0377	0.1527	0.1523	0.0004	0.1256	0.0883	0.0373	0.0470	0.0414	0.0056	0.0166	0.0158	0.0008	0.0303	0.0256	0.0047	0.8020	0.5607	0.2413	0.4316	0.3529	0.0787	0.3704	0.2078	0.1626	0.2252	0.1567	1.0212	0.3760	0.2029	202.3150	0.1416	0.1286	0.0522	0.3470	0.4292	0.1562	0.3538	0.4317	0.0049	0.3391	0.4249	0.2295
48	76	0.1868	17	1	1	1	0	0	0	0	0	N	N	N	N	N	N	N	N	N	N	N	N	0.0000	0.0000	0.0000	0.0000	0.0000	0.0000	0.0000	0.0000	0.0000	0.0000	0.0000	0.0000	0.0000	0.0000	0.0000	0.0000	0.0000	0.0000	0.0001	0.0001	0.0001	0.0000	0.0000	0.0000	0.0002	0.0003	0.0001	0.2248	0.0000	-0.0000	1.1082	1.0003	5.8288	1.0071	0.0000	0.0000	0.0000	0.0000	0.0000	0.0000	0.0000	0.0000	0.0000	0.0000	0.0000	0.0000	0.0000	0.0000	0.0000	0.0000	0.0000	0.0000	0.0079	0.0068	0.0010	0.0014	0.0014	0.0001	0.0064	0.0055	0.0010	0.0222	0.0143	0.0079	0.0080	0.0076	0.0005	0.0142	0.0068	0.0074	0.0000	0.0000	0.0000	0.0000	0.0000	0.0000	0.0000	0.0000	0.0000	0.0001	0.0001	0.0001	0.0000	0.0000	0.0000	0.0002	0.0003	0.0001	
48	77	0.1800	16	1	0	1	0	0	0	0	0	N	N	N	N	N	N	N	N	N	N	N	N	0.0006	0.0000	0.0115	0.0227	0.0000	0.0316	0.0002	0.0000	0.0065	0.0000	0.0000	0.0001	0.0000	0.0000	0.0005	0.0000	0.0000	0.0000	0.0134	0.0162	0.0053	0.0010	0.0007	0.0169	0.0228	0.0369	0.0049	inf	0.1142	0.0000	-0.0005	1.1082	0.9901	5.8288	2.2068	0.0000	0.0000	0.0000	0.0000	0.0000	0.0000	0.0000	0.0000	0.0000	0.0012	0.0010	0.0001	0.0000	0.0000	0.0000	0.0011	0.0010	0.0001	0.0079	0.0069	0.0010	0.0015	0.0014	0.0001	0.0065	0.0055	0.0010	0.0868	0.0643	0.0226	0.0373	0.0366	0.0007	0.0495	0.0276	0.0219	0.0006	0.0000	0.0115	0.0227	0.0000	0.0316	0.0002	0.0000	0.0065	0.0134	0.0162	0.0053	0.0010	0.0007	0.0169	0.0228	0.0369	0.0049
48	78	0.1025	8	0	1	0	0	0	0	0	0	N	N	N	N	N	N	N	N	N	N	N	N	0.0082	0.0124	0.0000	0.0177	0.0181	0.0003	0.0030	2.7042	0.0000	0.0134	0.0153	0.0000	0.0461	0.0487	0.0000	0.0035	0.0041	0.0000	1.6276	1.2363	2.3826	2.6126	2.6892	0.0356	1.1878	0.0015	2.4723	0.0000	0.9989	-0.0004	-0.0194	1.1082	8.4371	5.8288	15.3349	0.0011	0.0011	0.0000	0.0008	0.0008	0.0000	0.0002	0.0002	0.0000	0.4499	0.2251	0.2248	0.2250	0.2249	0.0001	0.2248	0.0002	0.2247	0.0786	0.0687	0.0099	0.0182	0.0173	0.0009	0.0603	0.0514	0.0089	0.2764	0.1820	0.0944	0.0871	0.0836	0.0035	0.1893	0.0984	0.0909	0.0082	0.0124	0.0000	0.0179	0.0181	0.0003	0.0030	2.7042	0.0000	1.6276	1.2363	2.3826	2.5834	2.6892	0.0356	1.1878	0.0015	2.4723
48	79	0.1800	16	1	0	1	0	0	0	0	0	N	N	N	N	N	N	N	N	N	N	N	N	0.0420	0.0338	0.0000	0.1605	0.1781	0.0000	0.0002	0.0001	0.0000	0.1340	0.1542	0.0000	0.7425	0.7750	0.0000	0.0005	0.0006	0.0000	3.1882	4.5666	0.0043	4.6275	4.3516	0.0294	2.5992	4.9123	0.0033	0.0000	0.0004	-0.0012	-0.2466	1.1082	3.0096	5.8288	5.7427	0.0032	0.0032	0.0000	0.0031	0.0031	0.0000	0.0000	0.0000	0.0000	0.4545	0.4544	0.0002	0.2267	0.2267	0.0001	0.2278	0.2277	0.0001	0.0236	0.0205	0.0031	0.0042	0.0041	0.0002	0.0193	0.0164	0.0029	0.1426	0.0995	0.0431	0.0549	0.0531	0.0018	0.0876	0.0463	0.0413	0.0420	0.0338	0.0000	0.1799	0.1817	0.0000	0.0002	0.0001	0.0000	3.1882	4.5666	0.0043	4.1281	4.2652	0.0294	2.5992	4.9123	0.0033
48	80	0.1644	15	1	0	1	0	0	0	0	0	N	N	N	N	N	N	N	N	N	N	N	N	0.4185	0.0070	15.1907	0.0107	0.0101	0.2219	1.2863	0.0091	15.8553	0.0057	0.0001	0.0420	0.0003	0.0003	0.0005	0.0072	0.0001	0.0441	0.0136	0.0196	0.0028	0.0305	0.0318	0.0023	0.0056	0.0084	0.0028	47.1240	0.0774	0.0000	-0.0006	1.1082	1.0477	5.8288	6.1154	0.0001	0.0000	0.0001	0.0000	0.0000	0.0000	0.0001	0.0000	0.0001	0.0012	0.0011	0.0001	0.0009	0.0008	0.0000	0.0003	0.0002	0.0001	0.0095	0.0082	0.0013	0.0021	0.0020	0.0001	0.0074	0.0062	0.0012	0.0867	0.0560	0.0307	0.0279	0.0267	0.0012	0.0588	0.0293	0.0295	0.4185	0.0070	15.1907	0.0107	0.0101	0.2219	1.2863	0.0091	15.8553	0.0136	0.0196	0.0028	0.0305	0.0318	0.0023	0.0056	0.0084	0.0028
48	81	0.1579	14	0	0	0	0	0	0	0	0	N	N	N	N	N	N	N	N	N	N	N	N	7.9457	0.0210	369.7542	1.2538	1.2020	50.2285	7.1216	0.0002	377.6151	0.1923	0.0008	1.4742	0.0038	0.0038	0.0037	0.2327	0.0000	1.5573	0.0242	0.0359	0.0040	0.0030	0.0032	0.0001	0.0327	0.0610	0.0041	291.3979	0.0645	0.0019	-0.0004	1.1082	1.9794	5.8288	1.0196	0.0031	0.0000	0.0031	0.0000	0.0000	0.0000	0.0031	0.0000	0.0031	0.0008	0.0008	0.0000	0.0000	0.0000	0.0000	0.0008	0.0007	0.0000	0.0161	0.0140	0.0021	0.0028	0.0027	0.0001	0.0133	0.0113	0.0020	0.0334	0.0211	0.0123	0.0096	0.0091	0.0004	0.0239	0.0120	0.0119	7.9457	0.0210	369.7542	1.2538	1.2020	50.2285	7.1216	0.0002	377.6151	0.0242	0.0359	0.0040	0.0030	0.0032	0.0001	0.0327	0.0610	0.0041
48	82	0.1558	13	0	0	0	0	0	0	0	0	N	N	N	N	N	N	N	N	N	N	N	N	0.4587	0.3265	1.3065	0.8179	0.8032	14.6245	0.3953	2.1745	1.3068	0.0018	0.0010	0.0068	0.0054	0.0055	0.0024	0.0011	0.0000	0.0070	0.0038	0.0030	0.0052	0.0066	0.0069	0.0002	0.0027	0.0000	0.0054	1.0441	1.0018	0.0000	-0.0000	1.1082	1.0114	5.8288	0.0202	0.0000	0.0000	0.0000	0.0000	0.0000	0.0000	0.0000	0.0000	0.0000	0.0000	0.0000	0.0000	0.0000	0.0000	0.0000	0.0000	0.0000	0.0000	0.0083	0.0072	0.0011	0.0013	0.0013	0.0001	0.0070	0.0059	0.0010	0.0120	0.0076	0.0044	0.0035	0.0033	0.0001	0.0085	0.0042	0.0043	0.4587	0.3265	1.3065	0.8179	0.8032	14.6245	0.3953	2.1745	1.3068	0.0038	0.0030	0.0052	0.0066	0.0069	0.0002	0.0027	0.0000	0.0054
48	83	0.1352	12	0	0	0	0	0	0	0	0	N	N	N	N	N	N	N	N	N	N	N	N	9.9792	25.4577	1.0026	0.0737	0.0303	0.5218	12.2389	899.7599	1.0306	0.0224	0.0250	0.0044	0.0002	0.0001	0.0029	0.0272	0.0311	0.0045	0.0022	0.0010	0.0044	0.0023	0.0021	0.0055	0.0022	0.0000	0.0044	0.0258	2.6107	-0.0004	0.0000	1.1082	5.9223	5.8288	3.6882	0.0011	0.0011	0.0000	0.0000	0.0000	0.0000	0.0011	0.0011	0.0000	0.0002	0.0001	0.0002	0.0001	0.0001	0.0000	0.0002	0.0000	0.0002	0.0499	0.0435	0.0064	0.0090	0.0086	0.0003	0.0409	0.0349	0.0060	0.1111	0.0703	0.0408	0.0330	0.0316	0.0014	0.0782	0.0387	0.0395	9.9792	25.4577	1.0026	0.0737	0.0303	0.5218	12.2389	899.7599	1.0306	0.0022	0.0010	0.0044	0.0023	0.0021	0.0055	0.0022	0.0000	0.0044
48	84	0.1223	10	0	1	0	0	0	0	0	0	N	N	N	N	N	N	N	N	N	N	N	N	0.0518	0.3344	0.0000	0.0198	0.0200	0.0001	0.0465	0.4777	0.0000	0.1510	0.1734	0.0000	0.0119	0.0125	0.0000	0.1846	0.2167	0.0000	2.9136	0.5187	7.3958	0.5986	0.6255	0.1325	3.9700	0.4536	7.7712	0.0000	7.6182	-0.0034	0.3791	1.1082	7.1084	5.8288	28.8937	0.0089	0.0089	0.0000	0.0001	0.0001	0.0000	0.0087	0.0087	0.0000	1.1116	0.1290	0.9827	0.0716	0.0707	0.0009	1.0401	0.0583	0.9818	0.0588	0.0512	0.0076	0.0114	0.0108	0.0006	0.0474	0.0403	0.0070	0.3815	0.2487	0.1329	0.1196	0.1130	0.0065	0.2620	0.1356	0.1263	0.0518	0.3344	0.0000	0.0198	0.0200	0.0001	0.0465	0.5043	0.0000	2.9136	0.5187	7.3958	0.5986	0.6255	0.1325	3.9700	0.4297	7.7712
48	85	0.1148	9	0	1	0	0	0	0	0	0	N	N	N	N	N	N	N	N	N	N	N	N	0.2116	0.4100	0.0746	0.6049	0.6167	0.4073	0.0264	0.0991	0.0436	0.0082	0.0084	0.0059	0.0198	0.0201	0.0156	0.0011	0.0007	0.0035	0.0385	0.0206	0.0792	0.0328	0.0326	0.0383	0.0421	0.0069	0.0809	0.0921	1.6928	-0.0001	0.0004	1.1082	2.2208	5.8288	3.9129	0.0002	0.0002	0.0000	0.0002	0.0002	0.0000	0.0000	0.0000	0.0000	0.0043	0.0016	0.0027	0.0014	0.0013	0.0001	0.0029	0.0002	0.0026	0.0304	0.0269	0.0035	0.0115	0.0108	0.0007	0.0190	0.0162	0.0028	0.1106	0.0768	0.0338	0.0422	0.0409	0.0013	0.0684	0.0359	0.0325	0.2116	0.4100	0.0746	0.6049	0.6167	0.4073	0.0264	0.0991	0.0436	0.0385	0.0206	0.0792	0.0328	0.0326	0.0383	0.0421	0.0069	0.0809
48	86	0.1903	11	0	0	1	0	0	0	0	0	N	N	N	N	N	N	N	N	N	N	N	N	0.2618	0.2050	0.2524	0.4543	0.4478	0.4399	0.0399	0.0000	0.1428	0.0041	0.0046	0.0011	0.0195	0.0197	0.0136	0.0000	0.0000	0.0003	0.0158	0.0223	0.0045	0.0429	0.0440	0.0309	0.0011	0.0000	0.0021	0.0342	0.1139	-0.0001	-0.0010	1.1082	5.3425	5.8288	7.0749	0.0002	0.0002	0.0000	0.0002	0.0002	0.0000	0.0000	0.0000	0.0000	0.0022	0.0020	0.0002	0.0021	0.0020	0.0001	0.0001	0.0000	0.0001	0.0489	0.0430	0.0059	0.0103	0.0100	0.0004	0.0386	0.0331	0.0056	0.1396	0.0892	0.0504	0.0493	0.0451	0.0042	0.0903	0.0441	0.0462	0.2618	0.2050	0.2524	0.4543	0.4478	0.4399	0.0399	0.0000	0.1428	0.0158	0.0223	0.0045	0.0429	0.0440	0.0309	0.0011	0.0000	0.0021
48	87	0.1472	10	0	0	0	0	0	0	0	0	N	N	N	N	N	N	N	N	N	N	N	N	0.1351	0.0467	1.3460	0.1474	0.0581	1.4049	0.3535	0.2893	1.0124	0.0178	0.0075	0.0956	0.0434	0.0167	0.6140	0.0083	0.0037	0.0355	0.1321	0.1612	0.0710	0.2941	0.2879	0.4371	0.0234	0.0127	0.0350	1.6833	0.2094	0.0003	-0.0147	1.1082	7.0719	5.8288	13.7350	0.0013	0.0005	0.0008	0.0009	0.0003	0.0005	0.0004	0.0002	0.0003	0.0399	0.0330	0.0069	0.0357	0.0318	0.0039	0.0042	0.0012	0.0030	0.0731	0.0646	0.0086	0.0200	0.0191	0.0009	0.0532	0.0455	0.0077	0.3018	0.2046	0.0972	0.1212	0.1103	0.0109	0.1806	0.0942	0.0864	0.1351	0.0467	1.3460	0.1474	0.0581	1.7218	0.3535	0.2893	1.0124	0.1321	0.1612	0.0710	0.2941	0.2879	0.3566	0.0234	0.0127	0.0350
48	88	0.1904	18	1	0	1	0	0	0	0	0	N	N	N	N	N	N	N	N	N	N	N	N	0.0000	0.0000	0.0000	0.0000	0.0000	0.0000	0.0000	0.0000	0.0000	0.0000	0.0000	0.0000	0.0000	0.0000	0.0000	0.0000	0.0000	0.0000	0.0000	0.0000	1.1082	0.0000	5.8288	0.0000	0.0000	0.0000	0.0000	0.0000	0.0000	0.0000	0.0000	0.0000	0.0000	0.0000	0.0000	0.0000	0.0000	0.0000	0.0000	0.0000	0.0000	0.0000	0.0000	0.0000	0.0000	0.0000	0.0000	0.0000	0.0000	0.0000	0.0000	0.0000	0.0000	0.0000	0.0000	0.0000	0.0000	0.0000	0.0000	0.0000	0.0000	0.0000	0.0000	0.0000	0.0000	0.0000	0.0000	0.0000	0.0000	0.0000	0.0000	0.0000	0.0000	0.0000	0.0000	0.0000	0.0000	0.0000											
48	89	0.1884	17	1	0	1	0	0	0	0	0	N	N	N	N	N	N	N	N	N	N	N	N	1.7948	7.5344	2.1770	9.2189	10.3087	6.0518	0.0000	0.0000	0.0000	0.0216	0.0134	0.0754	0.0580	0.0325	0.6758	0.0000	0.0000	0.0000	0.0121	0.0018	0.0346	0.0063	0.0032	0.1117	0.0158	0.0001	0.0317	0.8587	8.8480	0.0000	0.0001	1.1082	0.0001	5.8288	0.9161	0.0000	0.0000	0.0000	0.0000	0.0000	0.0000	0.0000	0.0000	0.0000	0.0002	0.0000	0.0002	0.0000	0.0000	0.0000	0.0002	0.0000	0.0002	0.0000	0.0000	0.0000	0.0000	0.0000	0.0000	0.0000	0.0000	0.0000	0.0162	0.0111	0.0051	0.0064	0.0062	0.0002	0.0098	0.0049	0.0049	1.7948	7.5344	2.1770	9.2189	10.3087	6.0518	0.0000	0.0000	0.0000	0.0121	0.0018	0.0346	0.0063	0.0032	0.1117	0.0158	0.0001	0.0317
48	90	0.1637	16	1	0	1	0	0	0	0	0	N	N	N	N	N	N	N	N	N	N	N	N	0.0064	1.4954	0.0057	18.9894	57.6241	10.1920	0.0000	0.0000	0.0000	0.0480	0.0296	0.1758	0.2188	0.1240	2.0101	0.0000	0.0000	0.0000	7.5142	0.0198	31.0404	0.0115	0.0022	0.1972	11.2988	0.0368	29.4583	0.8587	584.3518	0.0001	0.4373	1.1082	3.7876	5.8288	7.8440	0.0016	0.0008	0.0007	0.0016	0.0008	0.0007	0.0000	0.0000	0.0000	0.9603	0.0016	0.9587	0.0005	0.0001	0.0004	0.9599	0.0016	0.9583	0.0328	0.0287	0.0041	0.0072	0.0068	0.0004	0.0256	0.0218	0.0038	0.1278	0.0830	0.0448	0.0429	0.0408	0.0021	0.0850	0.0422	0.0428	0.0064	1.4954	0.0082	18.9894	57.6241	10.1920	0.0000	0.0000	0.0000	7.5142	0.0198	21.3831	0.0115	0.0022	0.1972	11.2988	0.0368	22.4027
48	91	0.0745	6	0	1	0	1	0	0	0	0	N	N	N	N	N	N	N	N	N	N	N	N	0.0196	0.0140	0.0588	0.0380	0.0422	0.0052	0.0014	0.0006	0.0644	0.0421	0.0477	0.0031	0.1591	0.1663	0.0003	0.0022	0.0019	0.0034	2.1475	3.4045	0.0533	4.1882	3.9385	0.0631	1.5164	2.9976	0.0528	0.0094	0.0094	-0.0003	-0.2419	1.1082	1.8247	5.8288	16.3284	0.0009	0.0009	0.0000	0.0008	0.0008	0.0000	0.0000	0.0000	0.0000	0.4533	0.4491	0.0042	0.2249	0.2247	0.0002	0.2284	0.2244	0.0040	0.0205	0.0179	0.0026	0.0052	0.0050	0.0002	0.0153	0.0129	0.0024	0.2111	0.1319	0.0792	0.0604	0.0570	0.0034	0.1507	0.0749	0.0758	0.0196	0.0140	0.0588	0.0428	0.0422	0.0052	0.0014	0.0006	0.0644	2.1475	3.4045	0.0533	3.7205	3.9385	0.0631	1.5164	2.9976	0.0528
48	92	0.0849	7	0	1	0	0	0	0	0	0	N	N	N	N	N	N	N	N	N	N	N	N	0.1409	0.0042	4.1315	0.6249	0.0342	45.1803	0.0497	0.0000	1.3843	0.0027	0.0001	0.0203	0.0107	0.0006	0.2137	0.0010	0.0000	0.0068	0.0194	0.0279	0.0049	0.0171	0.0175	0.0047	0.0203	0.0349	0.0049	25.7650	0.1028	0.0001	-0.0022	1.1082	9.1310	5.8288	16.1726	0.0002	0.0000	0.0002	0.0001	0.0000	0.0001	0.0001	0.0000	0.0001	0.0048	0.0044	0.0004	0.0011	0.0011	0.0000	0.0037	0.0033	0.0004	0.0775	0.0674	0.0101	0.0139	0.0132	0.0007	0.0636	0.0542	0.0094	0.2477	0.1563	0.0914	0.0648	0.0626	0.0022	0.1829	0.0937	0.0892	0.1409	0.0042	4.1315	0.6249	0.0342	45.1803	0.0497	0.0000	1.3843	0.0194	0.0279	0.0049	0.0171	0.0175	0.0047	0.0203	0.0349	0.0049
48	93	0.0415	5	0	1	0	0	0	0	0	0	N	N	N	N	N	N	N	N	N	N	N	N	1.0491	1.3653	0.1935	0.2883	0.2851	0.1212	1.4997	606.1343	0.1914	0.2520	0.2863	0.0547	0.1014	0.1036	0.0056	0.2711	0.3134	0.0555	0.2402	0.2097	0.2825	0.3516	0.3634	0.0465	0.1808	0.0005	0.2900	0.0332	0.9721	-0.0033	-0.0030	1.1082	4.0959	5.8288	8.7137	0.0095	0.0091	0.0003	0.0004	0.0004	0.0000	0.0090	0.0087	0.0003	0.0601	0.0305	0.0296	0.0306	0.0304	0.0002	0.0295	0.0000	0.0295	0.0375	0.0320	0.0056	0.0042	0.0041	0.0001	0.0333	0.0278	0.0055	0.2502	0.1453	0.1048	0.0870	0.0838	0.0032	0.1632	0.0616	0.1016	1.0491	1.3653	0.1935	0.2883	0.2851	0.1212	1.4997	606.1343	0.1914	0.2402	0.2097	0.2825	0.3516	0.3634	0.0465	0.1808	0.0005	0.2900
48	94	0.0232	4	0	1	0	0	0	0	0	0	N	N	N	N	N	N	N	N	N	N	N	N	2.2657	1.9334	2.9843	2.3104	2.3005	6.5941	2.1958	0.0574	2.9772	1.2734	0.9624	1.9223	2.1012	2.1054	0.1909	0.9022	0.0008	1.9259	0.5620	0.4978	0.6441	0.9094	0.9152	0.0289	0.4109	0.0142	0.6469	0.9570	1.0119	0.0079	-0.0037	1.1082	2.9443	5.8288	6.1524	0.0730	0.0373	0.0357	0.0373	0.0373	0.0000	0.0357	0.0000	0.0357	0.0929	0.0462	0.0467	0.0456	0.0456	0.0000	0.0473	0.0006	0.0467	0.0573	0.0387	0.0186	0.0177	0.0177	0.0000	0.0396	0.0210	0.0185	0.1654	0.0928	0.0726	0.0501	0.0498	0.0003	0.1152	0.0430	0.0722	2.2657	1.9334	2.9843	2.3104	2.3005	6.5941	2.1958	0.0574	2.9772	0.5620	0.4978	0.6441	0.9094	0.9152	0.0289	0.4109	0.0142	0.6469
48	95	0.0207	3	0	0	0	0	0	0	0	0	N	N	N	N	N	N	N	N	N	N	N	N	6.0909	4.7384	8.8357	8.6217	8.6351	0.1083	4.9537	0.0000	8.8489	4.0651	2.9613	6.3255	6.3559	6.3685	0.0452	3.0211	0.0000	6.3375	0.6674	0.6250	0.7159	0.7372	0.7375	0.4176	0.6099	0.0034	0.7162	1.0430	1.0025	0.0091	-0.0047	1.1082	0.8596	5.8288	1.2300	0.0704	0.0345	0.0359	0.0345	0.0345	0.0000	0.0359	0.0000	0.0359	0.1113	0.0556	0.0557	0.0555	0.0555	0.0000	0.0557	0.0000	0.0557	0.0173	0.0116	0.0057	0.0054	0.0054	0.0000	0.0119	0.0062	0.0057	0.1667	0.0889	0.0778	0.0753	0.0753	0.0001	0.0914	0.0136	0.0778	6.0909	4.7384	8.8357	8.6217	8.6351	0.1330	4.9537	0.0000	8.8489	0.6674	0.6250	0.7159	0.7372	0.7375	0.3400	0.6099	0.0034	0.7162
48	98	0.1637	16	0	1	0	0	0	0	0	0	N	N	N	N	N	N	N	N	N	N	N	N	0.0058	0.0043	0.0105	0.0040	0.0040	0.0000	0.0112	0.0067	0.0122	0.0002	0.0002	0.0000	0.0003	0.0003	0.0000	0.0001	0.0002	0.0000	0.0321	0.0491	0.0009	0.0710	0.0746	0.0010	0.0127	0.0247	0.0009	0.0064	0.0104	-0.0000	-0.0025	1.1082	1.3608	5.8288	12.1483	0.0000	0.0000	0.0000	0.0000	0.0000	0.0000	0.0000	0.0000	0.0000	0.0047	0.0046	0.0000	0.0034	0.0034	0.0000	0.0012	0.0012	0.0000	0.0135	0.0119	0.0016	0.0041	0.0039	0.0002	0.0094	0.0080	0.0014	0.1454	0.0943	0.0512	0.0484	0.0461	0.0024	0.0970	0.0482	0.0488	0.0058	0.0043	0.0105	0.0040	0.0040	0.0000	0.0112	0.0067	0.0122	0.0321	0.0491	0.0009	0.0710	0.0746	0.0010	0.0127	0.0247	0.0009
48	99	0.1600	15	0	0	0	0	0	0	0	0	N	N	N	N	N	N	N	N	N	N	N	N	0.0020	0.0084	0.0020	0.0799	0.0508	5.5015	0.0003	0.0017	0.0001	0.0002	0.0002	0.0006	0.0008	0.0005	0.0045	0.0001	0.0001	0.0000	0.1195	0.0221	0.3079	0.0101	0.0105	0.0008	0.1796	0.0345	0.3214	0.4973	7.2009	-0.0000	0.0012	1.1082	1.5300	5.8288	0.7696	0.0000	0.0000	0.0000	0.0000	0.0000	0.0000	0.0000	0.0000	0.0000	0.0035	0.0004	0.0031	0.0001	0.0001	0.0000	0.0034	0.0003	0.0031	0.0152	0.0132	0.0020	0.0037	0.0035	0.0003	0.0115	0.0097	0.0018	0.0297	0.0196	0.0101	0.0105	0.0101	0.0004	0.0192	0.0095	0.0097	0.0020	0.0084	0.0020	0.0799	0.0508	5.5015	0.0003	0.0017	0.0001	0.1195	0.0221	0.3079	0.0101	0.0105	0.0008	0.1796	0.0345	0.3214
48	100	0.1511	14	0	0	0	0	0	0	0	0	N	N	N	N	N	N	N	N	N	N	N	N	3.1766	0.0347	12.3828	0.3926	0.2350	45.1017	2.8923	0.0002	12.3674	0.0060	0.0000	0.0461	0.0002	0.0002	0.0025	0.0072	0.0000	0.0485	0.0019	0.0009	0.0037	0.0006	0.0007	0.0001	0.0025	0.0010	0.0039	230.9169	2.4449	0.0001	0.0000	1.1082	3.6906	5.8288	1.4800	0.0002	0.0000	0.0002	0.0000	0.0000	0.0000	0.0002	0.0000	0.0002	0.0001	0.0000	0.0001	0.0000	0.0000	0.0000	0.0001	0.0000	0.0001	0.0302	0.0263	0.0039	0.0052	0.0050	0.0002	0.0251	0.0214	0.0037	0.0581	0.0372	0.0209	0.0187	0.0176	0.0011	0.0394	0.0196	0.0198	3.1766	0.0347	12.3828	0.3926	0.2350	45.1017	2.8923	0.0002	12.3674	0.0019	0.0009	0.0037	0.0006	0.0007	0.0001	0.0025	0.0010	0.0039
48	101	0.1511	13	0	0	0	0	0	0	0	0	N	N	N	N	N	N	N	N	N	N	N	N	0.8929	0.4801	5.2581	0.9675	0.9571	0.0000	0.9028	0.0767	5.5767	0.0002	0.0001	0.0010	0.0003	0.0003	0.0000	0.0002	0.0000	0.0010	0.0002	0.0003	0.0002	0.0003	0.0003	0.0002	0.0002	0.0002	0.0002	0.8739	0.3724	0.0000	-0.0000	1.1082	0.1361	5.8288	0.4500	0.0000	0.0000	0.0000	0.0000	0.0000	0.0000	0.0000	0.0000	0.0000	0.0000	0.0000	0.0000	0.0000	0.0000	0.0000	0.0000	0.0000	0.0000	0.0020	0.0018	0.0002	0.0007	0.0006	0.0000	0.0014	0.0012	0.0002	0.0087	0.0058	0.0030	0.0033	0.0031	0.0002	0.0054	0.0027	0.0027	0.8929	0.4801	5.2581	0.9675	0.9571	0.0000	0.9028	0.0767	5.5767	0.0002	0.0003	0.0002	0.0003	0.0003	0.0002	0.0002	0.0002	0.0002
48	102	0.1352	12	0	0	0	0	0	0	0	0	N	N	N	N	N	N	N	N	N	N	N	N	0.0681	0.1052	0.0876	0.3117	0.2747	0.7067	0.0147	0.0244	0.0377	0.0002	0.0001	0.0004	0.0007	0.0006	0.0046	0.0000	0.0000	0.0002	0.0025	0.0013	0.0046	0.0023	0.0021	0.0065	0.0026	0.0006	0.0045	0.4149	2.0233	-0.0000	0.0000	1.1082	3.5591	5.8288	4.5341	0.0000	0.0000	0.0000	0.0000	0.0000	0.0000	0.0000	0.0000	0.0000	0.0002	0.0001	0.0002	0.0001	0.0001	0.0000	0.0002	0.0000	0.0002	0.0317	0.0277	0.0040	0.0062	0.0060	0.0002	0.0255	0.0217	0.0038	0.0956	0.0605	0.0351	0.0287	0.0275	0.0012	0.0670	0.0330	0.0339	0.0681	0.1052	0.0876	0.3117	0.2747	0.7067	0.0147	0.0244	0.0377	0.0025	0.0013	0.0046	0.0023	0.0021	0.0065	0.0026	0.0006	0.0045
48	103	0.1135	11	0	0	0	0	0	0	0	0	N	N	N	N	N	N	N	N	N	N	N	N	0.9725	6.8911	0.3711	8.8070	8.1729	14.1250	0.4243	14.4222	0.1164	0.0614	0.0619	0.0582	0.1556	0.1374	0.5734	0.0348	0.0378	0.0187	0.0631	0.0090	0.1568	0.0177	0.0168	0.0406	0.0821	0.0026	0.1603	0.1394	10.0967	-0.0005	0.0029	1.1082	2.8937	5.8288	8.0733	0.0018	0.0016	0.0002	0.0010	0.0008	0.0002	0.0008	0.0007	0.0001	0.0080	0.0007	0.0072	0.0007	0.0006	0.0001	0.0073	0.0001	0.0072	0.0293	0.0256	0.0038	0.0064	0.0062	0.0003	0.0229	0.0194	0.0035	0.1262	0.0800	0.0462	0.0372	0.0358	0.0013	0.0890	0.0441	0.0449	0.9725	6.8911	0.3711	8.8070	8.1729	14.1250	0.4243	14.4222	0.1164	0.0631	0.0090	0.1568	0.0177	0.0168	0.0406	0.0821	0.0026	0.1603
48	104	0.1083	7	0	1	0	0	0	0	0	0	N	N	N	N	N	N	N	N	N	N	N	N	0.0408	0.0123	1.3697	0.0172	0.0164	0.1002	0.1145	0.0122	1.6819	0.0077	0.0035	0.0332	0.0054	0.0054	0.0082	0.0090	0.0022	0.0346	0.1898	0.2803	0.0243	0.3160	0.3270	0.0820	0.0787	0.1756	0.0206	1.6164	0.0473	0.0000	-0.0054	1.1082	0.0277	5.8288	1.3445	0.0000	0.0000	0.0000	0.0000	0.0000	0.0000	0.0000	0.0000	0.0000	0.0108	0.0103	0.0005	0.0084	0.0083	0.0001	0.0024	0.0020	0.0004	0.0004	0.0003	0.0001	0.0001	0.0001	0.0000	0.0003	0.0002	0.0001	0.0567	0.0366	0.0200	0.0265	0.0253	0.0012	0.0301	0.0113	0.0188	0.0408	0.0123	1.3697	0.0172	0.0164	0.1002	0.1145	0.0122	1.6819	0.1898	0.2803	0.0243	0.3160	0.3270	0.0820	0.0787	0.1756	0.0206
48	105	0.0616	6	0	1	0	0	0	0	0	0	N	N	N	N	N	N	N	N	N	N	N	N	0.2811	0.1614	3.2471	0.5692	0.5845	0.0036	0.1969	0.0662	3.5332	0.0592	0.0508	0.1139	0.1282	0.1334	0.0003	0.0405	0.0252	0.1215	0.2108	0.3149	0.0351	0.2252	0.2283	0.0825	0.2059	0.3806	0.0344	0.3457	0.0660	-0.0003	-0.0229	1.1082	5.1414	5.8288	16.4151	0.0026	0.0020	0.0007	0.0012	0.0012	0.0000	0.0014	0.0007	0.0007	0.0477	0.0447	0.0029	0.0128	0.0127	0.0001	0.0348	0.0320	0.0029	0.0447	0.0387	0.0060	0.0095	0.0092	0.0004	0.0352	0.0296	0.0056	0.2261	0.1420	0.0841	0.0569	0.0557	0.0012	0.1692	0.0863	0.0829	0.2811	0.1614	3.2471	0.5692	0.5845	0.0036	0.1969	0.0680	3.5332	0.2108	0.3149	0.0351	0.2252	0.2283	0.0825	0.2059	0.3708	0.0344
48	106	0.0534	5	0	0	0	0	0	0	0	0	N	N	N	N	N	N	N	N	N	N	N	N	1.4316	1.9409	0.2360	0.2161	0.2297	0.0171	2.2616	31.5589	0.2543	0.2463	0.2759	0.0518	0.0564	0.0582	0.0148	0.2857	0.3269	0.0539	0.1720	0.1422	0.2195	0.2608	0.2532	0.8680	0.1263	0.0104	0.2121	0.0286	0.9722	-0.0029	-0.0009	1.1082	3.8974	5.8288	1.6364	0.0083	0.0080	0.0002	0.0003	0.0003	0.0000	0.0079	0.0077	0.0002	0.0173	0.0088	0.0085	0.0089	0.0085	0.0004	0.0084	0.0003	0.0081	0.0336	0.0291	0.0044	0.0058	0.0055	0.0002	0.0278	0.0236	0.0042	0.1008	0.0618	0.0389	0.0343	0.0336	0.0007	0.0665	0.0283	0.0382	1.4316	1.9409	0.2360	0.2161	0.2297	0.0238	2.2616	31.5589	0.2543	0.1720	0.1422	0.2195	0.2608	0.2532	0.6239	0.1263	0.0104	0.2121
48	109	0.1438	12	1	1	0	1	0	0	0	0	N	N	N	N	N	N	N	N	N	N	N	N	0.0000	0.0000	0.0000	0.0000	0.0000	0.0000	0.0000	0.0000	0.0000	0.0000	0.0000	0.0000	0.0000	0.0000	0.0000	0.0000	0.0000	0.0000	0.0000	0.0000	1.1082	0.0000	5.8288	0.0000	0.0000	0.0000	0.0000	0.0000	0.0000	0.0000	0.0000	0.0000	0.0000	0.0000	0.0000	0.0000	0.0000	0.0000	0.0000	0.0000	0.0000	0.0000	0.0000	0.0000	0.0000	0.0000	0.0000	0.0000	0.0000	0.0000	0.0000	0.0000	0.0000	0.0000	0.0000	0.0000	0.0000	0.0000	0.0000	0.0000	0.0000	0.0000	0.0000	0.0000	0.0000	0.0000	0.0000	0.0000	0.0000	0.0000	0.0000	0.0000	0.0000	0.0000	0.0000	0.0000	0.0000	0.0000											
48	110	0.1289	11	1	1	0	1	0	0	0	0	N	N	N	N	N	N	N	N	N	N	N	N	0.0000	0.0000	0.0000	0.0000	0.0000	0.0000	0.0000	0.0000	0.0000	0.0000	0.0000	0.0000	0.0000	0.0000	0.0000	0.0000	0.0000	0.0000	0.0047	0.0031	0.0074	0.0123	0.0066	0.0912	0.0009	0.0000	0.0019	1.2992	0.0000	0.0000	1.1082	0.0000	5.8288	7.1240	0.0000	0.0000	0.0000	0.0000	0.0000	0.0000	0.0000	0.0000	0.0000	0.0004	0.0002	0.0002	0.0003	0.0002	0.0002	0.0001	0.0000	0.0001	0.0000	0.0000	0.0000	0.0000	0.0000	0.0000	0.0000	0.0000	0.0000	0.0803	0.0519	0.0285	0.0262	0.0245	0.0018	0.0541	0.0274	0.0267	0.0000	0.0000	0.0000	0.0000	0.0000	0.0000	0.0000	0.0000	0.0000	0.0047	0.0031	0.0074	0.0123	0.0066	0.0912	0.0009	0.0000	0.0019	
48	111	0.1378	13	0	1	0	1	0	0	0	0	N	N	N	N	N	N	N	N	N	N	N	N	0.0000	0.0000	0.0000	0.0000	0.0000	0.0000	0.0000	0.0000	0.0000	0.0000	0.0000	0.0000	0.0000	0.0000	0.0000	0.0000	0.0000	0.0000	0.1108	0.1698	0.0000	0.3145	0.3466	0.0000	0.0000	0.0000	0.0000	0.0000	0.0000	-0.0033	1.1082	0.0016	5.8288	5.0076	0.0000	0.0000	0.0000	0.0000	0.0000	0.0000	0.0000	0.0000	0.0000	0.0061	0.0061	0.0000	0.0061	0.0061	0.0000	0.0000	0.0000	0.0000	0.0000	0.0000	0.0000	0.0000	0.0000	0.0000	0.0000	0.0000	0.0000	0.0554	0.0362	0.0193	0.0195	0.0177	0.0018	0.0359	0.0184	0.0174	0.0000	0.0000	0.0000	0.0000	0.0000	0.0000	0.0000	0.0000	0.0000	0.1108	0.1698	0.0000	0.3145	0.3466	0.0000	0.0000	0.0000	0.0000	
48	112	0.1310	12	0	1	0	1	0	0	0	0	N	N	N	N	N	N	N	N	N	N	N	N	0.0000	0.0000	0.0000	0.0000	0.0000	0.0000	0.0000	0.0000	0.0000	0.0000	0.0000	0.0000	0.0000	0.0000	0.0000	0.0000	0.0000	0.0000	0.1606	0.2478	0.0009	0.0002	0.0002	0.0000	0.2477	0.5278	0.0009	0.0019	0.0000	-0.0033	1.1082	1.0012	5.8288	2.1373	0.0000	0.0000	0.0000	0.0000	0.0000	0.0000	0.0000	0.0000	0.0000	0.0062	0.0061	0.0000	0.0000	0.0000	0.0000	0.0062	0.0061	0.0000	0.0080	0.0070	0.0011	0.0014	0.0013	0.0001	0.0066	0.0057	0.0010	0.0383	0.0248	0.0135	0.0135	0.0125	0.0010	0.0248	0.0123	0.0126	0.0000	0.0000	0.0000	0.0000	0.0000	0.0000	0.0000	0.0000	0.0000	0.1606	0.2478	0.0009	0.0002	0.0002	0.0000	0.2477	0.5004	0.0009	
48	113	0.1393	12	0	1	0	0	0	0	0	0	N	N	N	N	N	N	N	N	N	N	N	N	0.0000	0.0000	0.0000	0.0000	0.0000	0.0000	0.0000	0.0000	0.0000	0.0000	0.0000	0.0000	0.0000	0.0000	0.0000	0.0000	0.0000	0.0000	0.0006	0.0000	0.0017	0.0000	0.0000	0.0000	0.0009	0.0000	0.0018	51.1193	0.0000	0.0000	1.1082	0.9705	5.8288	5.0371	0.0000	0.0000	0.0000	0.0000	0.0000	0.0000	0.0000	0.0000	0.0000	0.0000	0.0000	0.0000	0.0000	0.0000	0.0000	0.0000	0.0000	0.0000	0.0091	0.0080	0.0011	0.0022	0.0021	0.0001	0.0069	0.0059	0.0010	0.0672	0.0439	0.0233	0.0222	0.0207	0.0015	0.0450	0.0232	0.0218	0.0000	0.0000	0.0000	0.0000	0.0000	0.0000	0.0000	0.0000	0.0000	0.0006	0.0000	0.0017	0.0000	0.0000	0.0000	0.0009	0.0000	0.0018	
48	114	0.1310	12	0	0	1	1	0	0	0	0	N	N	N	N	N	N	N	N	N	N	N	N	0.0000	0.0000	0.0000	0.0000	0.0000	0.0000	0.0000	0.0000	0.0000	0.0000	0.0000	0.0000	0.0000	0.0000	0.0000	0.0000	0.0002	0.0002	0.0002	0.0004	0.0005	0.0000	0.0001	0.0000	0.0002	0.5000	0.0000	-0.0000	1.1082	0.0000	5.8288	1.1303	0.0000	0.0000	0.0000	0.0000	0.0000	0.0000	0.0000	0.0000	0.0000	0.0000	0.0000	0.0000	0.0000	0.0000	0.0000	0.0000	0.0000	0.0000	0.0000	0.0000	0.0000	0.0000	0.0000	0.0000	0.0000	0.0000	0.0000	0.0164	0.0105	0.0058	0.0061	0.0058	0.0004	0.0102	0.0048	0.0055	0.0000	0.0000	0.0000	0.0000	0.0000	0.0000	0.0000	0.0000	0.0000	0.0002	0.0002	0.0002	0.0004	0.0005	0.0000	0.0001	0.0000	0.0002			
48	115	0.1289	11	0	0	0	1	0	0	0	0	N	N	N	N	N	N	N	N	N	N	N	N	0.0000	0.0000	0.0000	0.0000	0.0000	0.0000	0.0000	0.0000	0.0000	0.0000	0.0000	0.0000	0.0000	0.0000	0.0000	0.0000	0.0000	0.0021	0.0030	0.0004	0.0005	0.0006	0.0000	0.0030	0.0058	0.0004	0.0656	0.0000	-0.0000	1.1082	0.0000	5.8288	1.2340	0.0000	0.0000	0.0000	0.0000	0.0000	0.0000	0.0000	0.0000	0.0000	0.0000	0.0000	0.0000	0.0000	0.0000	0.0000	0.0000	0.0000	0.0000	0.0000	0.0000	0.0000	0.0000	0.0000	0.0000	0.0000	0.0000	0.0000	0.0177	0.0114	0.0063	0.0064	0.0061	0.0003	0.0113	0.0053	0.0060	0.0000	0.0000	0.0000	0.0000	0.0000	0.0000	0.0000	0.0000	0.0000	0.0021	0.0030	0.0004	0.0005	0.0006	0.0000	0.0030	0.0058	0.0004		
48	116	0.1364	12	0	0	1	1	0	0	0	0	N	N	N	N	N	N	N	N	N	N	N	N	36091.1804	6174.6513	108509.9904	8022.6123	7912.0174	inf	34042.4395	60646.5576	113651.7072	0.9902	0.0224	8.0599	0.0555	0.0586	0.0014	1.2969	0.0094	9.0868	0.0000	0.0000	0.0001	0.0000	0.0000	0.0000	0.0000	0.0000	0.0001	49.1796	10.3887	0.0052	0.0000	1.1082	0.9725	5.8288	0.9874	0.0086	0.0002	0.0085	0.0001	0.0001	0.0000	0.0085	0.0001	0.0085	0.0000	0.0000	0.0000	0.0000	0.0000	0.0000	0.0000	0.0000	0.0000	0.0087	0.0077	0.0010	0.0022	0.0020	0.0001	0.0066	0.0056	0.0009	0.0225	0.0149	0.0076	0.0077	0.0072	0.0005	0.0148	0.0078	0.0071	36091.1804	6174.6513	108509.9904	8022.6123	7912.0174	inf	34042.4395	60646.5576	113651.7072	0.0000	0.0000	0.0001	0.0000	0.0000	0.0000	0.0000	0.0000	0.0001
48	117	0.1364	12	0	0	1	1	0	0	0	0	N	N	N	N	N	N	N	N	N	N	N	N	36.0023	27.3555	26.7079	27.7830	26.8230	inf	32.0225	48.3852	27.9170	0.2960	0.3233	0.0348	0.6224	0.6482	0.0164	0.0322	0.0311	0.0391	0.0082	0.0118	0.0013	0.0224	0.0242	0.0000	0.0010	0.0006	0.0014	0.0112	0.0572	-0.0001	-0.0002	1.1082	0.0285	5.8288	4.0215	0.0003	0.0003	0.0000	0.0003	0.0003	0.0000	0.0000	0.0000	0.0000	0.0004	0.0003	0.0000	0.0003	0.0003	0.0000	0.0000	0.0000	0.0000	0.0009	0.0008	0.0001	0.0004	0.0004	0.0000	0.0005	0.0004	0.0001	0.0449	0.0296	0.0154	0.0152	0.0140	0.0011	0.0298	0.0155	0.0143	36.0023	27.3555	26.7079	27.7830	26.8230	inf	32.0225	48.3852	27.9170	0.0082	0.0118	0.0013	0.0224	0.0242	0.0000	0.0010	0.0006	0.0014
48	118	0.1289	11	0	0	1	1	0	0	0	0	N	N	N	N	N	N	N	N	N	N	N	N	16127.6690	53031.2291	146.2985	68717.4216	67595.9065	8.1914	8537.4947	905617.9106	146.9119	3.9137	4.4905	0.0776	11.1743	11.7493	0.0000	2.4084	2.8112	0.0829	0.0002	0.0001	0.0005	0.0002	0.0002	0.0000	0.0003	0.0000	0.0006	0.0026	3.4391	-0.0356	0.0000	1.1082	3.0275	5.8288	2.1573	0.0940	0.0938	0.0002	0.0461	0.0461	0.0000	0.0479	0.0477	0.0002	0.0000	0.0000	0.0000	0.0000	0.0000	0.0000	0.0000	0.0000	0.0000	0.0240	0.0209	0.0031	0.0041	0.0039	0.0002	0.0199	0.0170	0.0029	0.0601	0.0388	0.0213	0.0198	0.0185	0.0013	0.0403	0.0203	0.0200	16127.6690	53031.2291	146.2985	68717.4216	67595.9065	8.1914	8537.4947	905617.9106	146.9119	0.0002	0.0001	0.0005	0.0002	0.0002	0.0000	0.0003	0.0000	0.0006
48	119	0.1701	11	1	1	0	0	0	0	0	0	N	N	N	N	N	N	N	N	N	N	N	N	0.8894	0.2074	3.1710	7.8252	0.3498	201.8813	0.0218	0.0912	0.0659	0.0079	0.0004	0.0694	0.0255	0.0012	0.4276	0.0003	0.0001	0.0015	0.0089	0.0020	0.0219	0.0033	0.0033	0.0021	0.0118	0.0007	0.0229	20.2035	5.7461	0.0001	0.0002	1.1082	2.1883	5.8288	3.1271	0.0002	0.0000	0.0002	0.0002	0.0000	0.0002	0.0000	0.0000	0.0000	0.0006	0.0001	0.0005	0.0001	0.0001	0.0000	0.0005	0.0000	0.0005	0.0230	0.0205	0.0025	0.0070	0.0066	0.0004	0.0160	0.0139	0.0021	0.0627	0.0409	0.0217	0.0214	0.0203	0.0011	0.0413	0.0206	0.0207	0.8894	0.2074	3.1710	7.8252	0.3498	201.8813	0.0218	0.0912	0.0659	0.0089	0.0020	0.0219	0.0033	0.0033	0.0021	0.0118	0.0007	0.0229
48	120	0.1032	10	1	1	0	0	0	0	0	0	N	N	N	N	N	N	N	N	N	N	N	N	5.5003	4.0044	14.6504	18.2758	18.2879	310.0794	3.2296	1.8393	7.4715	0.8096	0.9263	0.0158	2.4138	2.5134	0.1496	0.4941	0.5766	0.0082	0.1472	0.2313	0.0011	0.1321	0.1374	0.0005	0.1530	0.3135	0.0011	0.0025	0.0027	-0.0353	-0.0239	1.1082	13.6104	5.8288	16.0982	0.0932	0.0929	0.0002	0.0456	0.0455	0.0001	0.0475	0.0474	0.0001	0.0443	0.0441	0.0001	0.0110	0.0110	0.0000	0.0332	0.0331	0.0001	0.1151	0.1003	0.0148	0.0189	0.0181	0.0008	0.0962	0.0822	0.0140	0.3007	0.1908	0.1099	0.0835	0.0802	0.0033	0.2172	0.1106	0.1066	5.5003	4.0044	14.6504	18.2758	18.2879	310.0794	3.2296	1.9255	7.4715	0.1472	0.2313	0.0011	0.1321	0.1374	0.0005	0.1530	0.2995	0.0011
48	121	0.1284	12	0	1	0	0	0	0	0	0	N	N	N	N	N	N	N	N	N	N	N	N	0.6620	0.8470	0.0427	0.6981	1.0929	0.0013	0.5739	0.3823	1.2644	0.0332	0.0373	0.0027	0.0740	0.0774	0.0005	0.0025	0.0024	0.0031	0.0502	0.0440	0.0627	0.1060	0.0709	0.3993	0.0044	0.0063	0.0025	0.0094	0.7108	-0.0001	-0.0007	1.1082	0.3548	5.8288	4.6068	0.0004	0.0003	0.0000	0.0003	0.0003	0.0000	0.0000	0.0000	0.0000	0.0054	0.0032	0.0023	0.0052	0.0030	0.0022	0.0003	0.0002	0.0001	0.0105	0.0093	0.0012	0.0045	0.0043	0.0002	0.0060	0.0050	0.0010	0.1081	0.0722	0.0360	0.0488	0.0421	0.0066	0.0594	0.0300	0.0293	0.6620	0.8470	0.0427	0.6981	1.0929	0.0015	0.5739	0.3823	1.2644	0.0502	0.0440	0.0627	0.1060	0.0709	0.3293	0.0044	0.0063	0.0025
48	122	0.1135	11	0	1	0	0	0	0	0	0	N	N	N	N	N	N	N	N	N	N	N	N	0.5086	0.3551	2.1046	1.2729	1.2113	3.5496	0.0564	0.0145	0.9373	0.0329	0.0335	0.0288	0.1183	0.1139	0.2235	0.0030	0.0014	0.0114	0.0647	0.0943	0.0137	0.0929	0.0940	0.0630	0.0524	0.0946	0.0122	0.1248	0.0843	-0.0002	-0.0027	1.1082	1.6911	5.8288	5.7022	0.0007	0.0006	0.0001	0.0006	0.0006	0.0000	0.0000	0.0000	0.0000	0.0058	0.0053	0.0004	0.0025	0.0025	0.0001	0.0033	0.0029	0.0004	0.0199	0.0174	0.0025	0.0052	0.0050	0.0002	0.0147	0.0124	0.0023	0.0894	0.0566	0.0329	0.0270	0.0261	0.0010	0.0624	0.0305	0.0319	0.5086	0.3551	2.1046	1.2729	1.2113	3.5496	0.0564	0.0145	0.9373	0.0647	0.0943	0.0137	0.0929	0.0940	0.0630	0.0524	0.0946	0.0122
48	123	0.1032	10	0	0	0	0	0	0	0	0	N	N	N	N	N	N	N	N	N	N	N	N	0.2043	0.1075	1.8697	0.5703	0.4658	1.7627	0.0368	0.0021	0.9130	0.0165	0.0121	0.0522	0.0509	0.0380	0.5016	0.0028	0.0003	0.0179	0.0810	0.1123	0.0279	0.0892	0.0816	0.2846	0.0773	0.1399	0.0196	0.5428	0.1466	-0.0000	-0.0023	1.1082	2.0929	5.8288	3.1856	0.0005	0.0003	0.0002	0.0004	0.0003	0.0001	0.0001	0.0000	0.0001	0.0055	0.0048	0.0007	0.0019	0.0016	0.0002	0.0036	0.0031	0.0005	0.0287	0.0255	0.0032	0.0082	0.0080	0.0002	0.0205	0.0176	0.0030	0.0674	0.0424	0.0250	0.0209	0.0201	0.0008	0.0465	0.0223	0.0242	0.2043	0.1075	1.8697	0.5703	0.4658	1.8017	0.0368	0.0021	0.9130	0.0810	0.1123	0.0279	0.0892	0.0816	0.2784	0.0773	0.1399	0.0196
48	124	0.1439	13	1	1	0	0	0	0	0	0	N	N	N	N	N	N	N	N	N	N	N	N	0.0000	0.0000	0.0000	0.0000	0.0000	0.0000	0.0000	0.0000	0.0000	0.0000	0.0000	0.0000	0.0000	0.0000	0.0000	0.0000	0.0000	0.0000	0.0000	0.0000	1.1082	0.0000	5.8288	0.0000	0.0000	0.0000	0.0000	0.0000	0.0000	0.0000	0.0000	0.0000	0.0000	0.0000	0.0000	0.0000	0.0000	0.0000	0.0000	0.0000	0.0000	0.0000	0.0000	0.0000	0.0000	0.0000	0.0000	0.0000	0.0000	0.0000	0.0000	0.0000	0.0000	0.0000	0.0000	0.0000	0.0000	0.0000	0.0000	0.0000	0.0000	0.0000	0.0000	0.0000	0.0000	0.0000	0.0000	0.0000	0.0000	0.0000	0.0000	0.0000	0.0000	0.0000	0.0000	0.0000	0.0000	0.0000											
48	125	0.1393	12	1	1	0	0	0	0	0	0	N	N	N	N	N	N	N	N	N	N	N	N	0.0000	0.0000	0.0000	0.0000	0.0000	0.0000	0.0000	0.0000	0.0000	0.0000	0.0000	0.0000	0.0000	0.0000	0.0000	0.0000	0.0000	0.0000	0.0011	0.0012	0.0011	0.0000	0.0000	0.0000	0.0017	0.0022	0.0012	0.4904	0.0000	-0.0000	1.1082	0.1434	5.8288	1.9839	0.0000	0.0000	0.0000	0.0000	0.0000	0.0000	0.0000	0.0000	0.0000	0.0000	0.0000	0.0000	0.0000	0.0000	0.0000	0.0000	0.0000	0.0000	0.0025	0.0022	0.0003	0.0010	0.0010	0.0000	0.0015	0.0013	0.0002	0.0259	0.0171	0.0088	0.0089	0.0083	0.0006	0.0170	0.0087	0.0083	0.0000	0.0000	0.0000	0.0000	0.0000	0.0000	0.0000	0.0000	0.0000	0.0011	0.0012	0.0011	0.0000	0.0000	0.0000	0.0017	0.0022	0.0012	
48	126	0.1289	11	0	1	0	0	0	0	0	0	N	N	N	N	N	N	N	N	N	N	N	N	0.0000	0.0000	0.0000	0.0000	0.0000	0.0000	0.0000	0.0000	0.0000	0.0000	0.0000	0.0000	0.0000	0.0000	0.0000	0.0000	0.0000	0.0000	0.0005	0.0005	0.0005	0.0005	0.0005	0.0000	0.0005	0.0005	0.0005	0.5130	0.0000	-0.0000	1.1082	1.8882	5.8288	2.9115	0.0000	0.0000	0.0000	0.0000	0.0000	0.0000	0.0000	0.0000	0.0000	0.0000	0.0000	0.0000	0.0000	0.0000	0.0000	0.0000	0.0000	0.0000	0.0151	0.0131	0.0020	0.0026	0.0025	0.0001	0.0125	0.0106	0.0018	0.0560	0.0362	0.0199	0.0185	0.0174	0.0012	0.0375	0.0188	0.0187	0.0000	0.0000	0.0000	0.0000	0.0000	0.0000	0.0000	0.0000	0.0000	0.0005	0.0005	0.0005	0.0005	0.0005	0.0000	0.0005	0.0005	0.0005	
48	127	0.1032	10	0	0	0	0	0	0	0	0	N	N	N	N	N	N	N	N	N	N	N	N	0.0716	0.0514	0.2159	0.2700	0.2682	0.0310	0.0032	0.0013	0.2243	0.0244	0.0275	0.0017	0.0988	0.1020	0.0000	0.0010	0.0009	0.0018	0.3414	0.5352	0.0078	0.3659	0.3803	0.0009	0.3314	0.7172	0.0080	0.0082	0.0084	-0.0004	-0.0261	1.1082	3.5543	5.8288	9.0319	0.0010	0.0010	0.0000	0.0010	0.0010	0.0000	0.0000	0.0000	0.0000	0.0488	0.0484	0.0004	0.0152	0.0152	0.0000	0.0337	0.0333	0.0004	0.0402	0.0355	0.0048	0.0096	0.0093	0.0003	0.0306	0.0261	0.0045	0.1431	0.0905	0.0526	0.0415	0.0399	0.0016	0.1016	0.0506	0.0510	0.0716	0.0514	0.2159	0.2700	0.2682	0.0310	0.0032	0.0014	0.2243	0.3414	0.5352	0.0078	0.3659	0.3803	0.0009	0.3314	0.6574	0.0080
48	128	0.0995	9	0	0	0	0	0	0	0	0	N	N	N	N	N	N	N	N	N	N	N	N	0.6460	0.3013	8.7477	2.6310	1.8633	14.7507	0.1153	0.0060	3.3260	0.0135	0.0091	0.0442	0.0497	0.0348	0.4370	0.0025	0.0003	0.0152	0.0209	0.0302	0.0051	0.0189	0.0187	0.0296	0.0220	0.0443	0.0046	0.6960	0.0984	0.0000	-0.0005	1.1082	2.6246	5.8288	0.7212	0.0004	0.0002	0.0002	0.0003	0.0002	0.0001	0.0001	0.0000	0.0001	0.0011	0.0010	0.0001	0.0004	0.0003	0.0000	0.0008	0.0007	0.0001	0.0289	0.0253	0.0036	0.0067	0.0065	0.0002	0.0222	0.0188	0.0034	0.0536	0.0338	0.0199	0.0190	0.0186	0.0004	0.0346	0.0152	0.0195	0.6460	0.3013	8.7477	2.6310	1.8633	14.7507	0.1153	0.0060	3.3260	0.0209	0.0302	0.0051	0.0189	0.0187	0.0296	0.0220	0.0443	0.0046
48	129	0.0938	8	0	0	0	0	0	0	0	0	N	N	N	N	N	N	N	N	N	N	N	N	7.4400	3.6670	44.0629	25.4117	15.8367	271.8629	1.7499	0.1415	15.7288	0.0102	0.0059	0.0392	0.0382	0.0239	0.3458	0.0023	0.0002	0.0138	0.0014	0.0016	0.0009	0.0015	0.0015	0.0013	0.0013	0.0017	0.0009	0.9645	0.2892	0.0000	-0.0000	1.1082	3.3474	5.8288	1.3769	0.0003	0.0002	0.0002	0.0003	0.0002	0.0001	0.0001	0.0000	0.0001	0.0001	0.0001	0.0000	0.0000	0.0000	0.0000	0.0001	0.0000	0.0000	0.0331	0.0289	0.0042	0.0073	0.0070	0.0003	0.0258	0.0219	0.0039	0.0571	0.0374	0.0197	0.0173	0.0168	0.0005	0.0398	0.0206	0.0192	7.4400	3.6670	44.0629	25.4117	15.8367	271.8629	1.7499	0.1415	15.7288	0.0014	0.0016	0.0009	0.0015	0.0015	0.0013	0.0013	0.0017	0.0009
48	130	0.0849	7	0	0	0	0	0	0	0	0	N	N	N	N	N	N	N	N	N	N	N	N	28.3359	14.8880	146.6823	33.9762	21.7742	188.8488	11.7694	1.4882	57.9242	0.0357	0.0207	0.1514	0.0794	0.0497	0.7928	0.0097	0.0010	0.0557	0.0013	0.0014	0.0010	0.0023	0.0023	0.0042	0.0008	0.0007	0.0010	0.9466	0.4294	0.0000	-0.0000	1.1082	0.4686	5.8288	4.0374	0.0003	0.0002	0.0002	0.0003	0.0002	0.0001	0.0001	0.0000	0.0001	0.0001	0.0000	0.0000	0.0000	0.0000	0.0000	0.0000	0.0000	0.0000	0.0095	0.0085	0.0011	0.0036	0.0034	0.0001	0.0060	0.0050	0.0010	0.0533	0.0338	0.0196	0.0153	0.0149	0.0004	0.0380	0.0189	0.0191	28.3359	14.8880	146.6823	33.9762	21.7742	188.8488	11.7694	1.4882	57.9242	0.0013	0.0014	0.0010	0.0023	0.0023	0.0042	0.0008	0.0007	0.0010
49	50	0.2133	20	1	2	1	0	0	0	0	0	N	Y	N	N	N	N	N	N	N	N	N	N	0.0000	0.0000	0.0000	0.0000	0.0000	0.0000	0.0000	0.0000	0.0000	0.0000	0.0000	0.0000	0.0000	0.0000	0.0000	0.0033	0.0040	0.0000	0.0081	0.0084	0.0000	0.0000	0.0000	0.0000	0.0000	0.0000	-0.0000	0.0000	0.0000	2.0001	1.7047	0.0000	0.0000	0.0000	0.0000	0.0000	0.0000	0.0000	0.0000	0.0000	0.0000	0.0000	0.0000	0.0000	0.0000	0.0000	0.0000	0.0000	0.0000	0.0000	0.0000	0.0000	0.0000	0.0000	0.0000	0.0000	0.0000	0.0000	0.0087	0.0070	0.0016	0.0035	0.0034	0.0001	0.0052	0.0037	0.0015	0.0000	0.0000	0.0000	0.0000	0.0000	0.0000	0.0000	0.0000	0.0000	0.0033	0.0040	0.0000	0.0081	0.0084	0.0000	0.0000	0.0000	0.0000				
49	51	0.2133	20	1	2	1	0	0	0	0	0	N	Y	N	N	N	N	N	N	N	N	N	N	0.0000	0.0000	0.0000	0.0000	0.0000	0.0000	0.0000	0.0000	0.0000	0.0000	0.0000	0.0000	0.0000	0.0000	0.0000	0.0020	0.0000	0.0223	0.0042	0.0000	0.6448	0.0000	0.0000	0.0000	inf	0.0000	0.0000	0.0000	0.0000	2.0001	0.2953	0.0000	0.0000	0.0000	0.0000	0.0000	0.0000	0.0000	0.0000	0.0000	0.0000	0.0000	0.0000	0.0000	0.0000	0.0000	0.0000	0.0000	0.0000	0.0000	0.0000	0.0000	0.0000	0.0000	0.0000	0.0000	0.0000	0.0000	0.0059	0.0054	0.0005	0.0028	0.0028	0.0000	0.0031	0.0026	0.0005	0.0000	0.0000	0.0000	0.0000	0.0000	0.0000	0.0000	0.0000	0.0000	0.0020	0.0000	0.0223	0.0042	0.0000	0.4406	0.0000	0.0000	0.0000				
49	52	0.2105	19	1	2	1	0	0	0	0	0	N	Y	N	N	N	N	N	N	N	N	N	N	0.0000	0.0000	0.0000	0.0000	0.0000	0.0000	0.0000	0.0000	0.0000	0.0000	0.0000	0.0000	0.0000	0.0000	0.0000	0.0000	0.0000	0.0000	0.0064	0.0019	0.0152	0.0182	0.0039	0.1903	0.0000	0.0000	0.0000	4.0562	0.0000	0.0000	0.0000	0.0001	2.0001	1.7968	0.0000	0.0000	0.0000	0.0000	0.0000	0.0000	0.0000	0.0000	0.0000	0.0000	0.0000	0.0000	0.0000	0.0000	0.0000	0.0000	0.0000	0.0000	0.0000	0.0000	0.0000	0.0000	0.0000	0.0000	0.0000	0.0000	0.0000	0.0055	0.0036	0.0018	0.0019	0.0018	0.0001	0.0036	0.0019	0.0017	0.0000	0.0000	0.0000	0.0000	0.0000	0.0000	0.0000	0.0000	0.0000	0.0064	0.0019	0.0152	0.0182	0.0039	0.1903	0.0000	0.0000	0.0000	
49	53	0.1922	13	1	2	0	0	0	0	0	0	N	Y	N	N	N	N	N	N	N	N	N	N	0.0000	0.0000	0.0000	0.0000	0.0000	0.0000	0.0000	0.0000	0.0000	0.0000	0.0000	0.0000	0.0000	0.0000	0.0000	0.0075	0.0119	0.0000	0.0246	0.0266	0.0000	0.0000	0.0000	0.0000	0.0000	0.0000	-0.0000	0.0000	1.8240	2.0001	0.8872	0.0000	0.0000	0.0000	0.0000	0.0000	0.0000	0.0000	0.0000	0.0000	0.0001	0.0001	0.0000	0.0001	0.0001	0.0000	0.0000	0.0000	0.0000	0.0000	0.0000	0.0000	0.0000	0.0000	0.0000	0.0000	0.0000	0.0000	0.0079	0.0050	0.0029	0.0024	0.0022	0.0002	0.0055	0.0028	0.0027	0.0000	0.0000	0.0000	0.0000	0.0000	0.0000	0.0000	0.0000	0.0000	0.0075	0.0119	0.0000	0.0246	0.0266	0.0000	0.0000	0.0000	0.0000				
49	54	0.0787	5	0	2	0	1	0	0	0	0	N	Y	N	N	N	N	N	N	N	N	N	N	0.0000	0.0000	0.0000	0.0000	0.0000	0.0000	0.0000	0.0000	0.0000	0.0000	0.0000	0.0000	0.0000	0.0000	0.0000	60.1347	0.0000	303.6924	0.0625	0.0000	0.7921	76.4109	0.0000	336.2436	inf	0.0000	0.3506	0.0000	0.0007	2.0001	4.7762	0.0000	0.0000	0.0000	0.0000	0.0000	0.0000	0.0000	0.0000	0.0000	0.7671	0.0000	0.7671	0.0002	0.0000	0.0002	0.7669	0.0000	0.7669	0.0000	0.0000	0.0000	0.0000	0.0000	0.0000	0.0000	0.0000	0.0000	0.0128	0.0074	0.0053	0.0027	0.0024	0.0003	0.0100	0.0050	0.0050	0.0000	0.0000	0.0000	0.0000	0.0000	0.0000	0.0000	0.0000	0.0000	60.1347	0.0000	144.2747	0.0625	0.0000	0.5633	76.4109	0.0000	152.9221				
49	55	0.0787	5	0	1	0	1	0	0	0	0	N	N	N	N	N	N	N	N	N	N	N	N	0.0000	0.0000	0.0000	0.0000	0.0000	0.0000	0.0000	0.0000	0.0000	0.0000	0.0000	0.0000	0.0000	25.0311	41.7637	0.0000	107.4887	118.7350	0.0000	0.0000	0.0000	0.0000	0.0000	0.0000	-0.1265	0.0000	0.0007	2.0001	3.2259	0.0000	0.0000	0.0000	0.0000	0.0000	0.0000	0.0000	0.0000	0.0000	0.2331	0.2331	0.0000	0.2331	0.2331	0.0000	0.0000	0.0000	0.0000	0.0000	0.0000	0.0000	0.0000	0.0000	0.0000	0.0000	0.0000	0.0000	0.0093	0.0056	0.0037	0.0022	0.0020	0.0002	0.0071	0.0036	0.0035	0.0000	0.0000	0.0000	0.0000	0.0000	0.0000	0.0000	0.0000	0.0000	25.0311	41.7637	0.0000	107.4887	118.7350	0.0000	0.0000	0.0000	0.0000						
49	56	0.0744	4	0	1	0	1	0	0	0	0	N	N	N	N	N	N	N	N	N	N	N	N	0.0000	0.0000	0.0000	0.0000	0.0000	0.0000	0.0000	0.0000	0.0000	0.0000	0.0000	0.0000	0.0000	0.0000	0.0000	0.0000	0.0000	0.0000	49.5418	40.3184	149.3156	101.6443	111.2043	0.2610	32.7411	0.0460	153.0546	0.9979	0.0000	-0.0155	0.0000	0.9953	2.0001	1.3904	0.0000	0.0000	0.0000	0.0000	0.0000	0.0000	0.0000	0.0000	0.0000	0.3576	0.1790	0.1786	0.1789	0.1789	0.0000	0.1787	0.0001	0.1786	0.0000	0.0000	0.0000	0.0000	0.0000	0.0000	0.0000	0.0000	0.0000	0.0072	0.0044	0.0028	0.0018	0.0016	0.0002	0.0055	0.0028	0.0026	0.0000	0.0000	0.0000	0.0000	0.0000	0.0000	0.0000	0.0000	0.0000	49.5418	40.3184	64.2764	101.6443	111.2043	0.2610	32.7411	0.0460	67.9718	
49	57	0.0676	3	0	1	0	1	0	0	0	0	N	N	N	N	N	N	N	N	N	N	N	N	0.0000	0.0000	0.0000	0.0000	0.0000	0.0000	0.0000	0.0000	0.0000	0.0000	0.0000	0.0000	0.0000	0.0000	0.0000	0.0000	0.0000	0.0000	31.2760	13.7720	120.5816	38.0303	40.1481	0.2052	29.9826	0.0460	117.3672	3.0141	0.0000	0.0586	0.0000	0.0068	2.0001	3.2797	0.0000	0.0000	0.0000	0.0000	0.0000	0.0000	0.0000	0.0000	0.0000	0.2820	0.0702	0.2117	0.0701	0.0701	0.0000	0.2119	0.0002	0.2117	0.0000	0.0000	0.0000	0.0000	0.0000	0.0000	0.0000	0.0000	0.0000	0.0090	0.0051	0.0039	0.0020	0.0017	0.0002	0.0071	0.0034	0.0037	0.0000	0.0000	0.0000	0.0000	0.0000	0.0000	0.0000	0.0000	0.0000	31.2760	13.7720	54.0803	35.9620	40.1481	0.2052	29.9826	0.0460	57.0477	
49	58	0.0265	2	0	1	0	1	0	0	0	0	N	N	N	N	N	N	N	N	N	N	N	N	0.0000	0.0000	0.0000	0.0000	0.0000	0.0000	0.0000	0.0000	0.0000	0.0000	0.0000	0.0000	0.0000	0.0000	0.0000	0.0000	0.0000	0.0000	1.8280	0.0104	4.0058	0.0141	0.0154	0.0025	2.1433	0.0087	4.1403	322.7074	0.0000	0.0415	0.0000	5.8573	2.0001	13.1443	0.0000	0.0000	0.0000	0.0000	0.0000	0.0000	0.0000	0.0000	0.0000	0.0915	0.0003	0.0912	0.0001	0.0001	0.0000	0.0914	0.0002	0.0912	0.0000	0.0000	0.0000	0.0000	0.0000	0.0000	0.0000	0.0000	0.0000	0.0500	0.0273	0.0228	0.0074	0.0067	0.0007	0.0426	0.0206	0.0220	0.0000	0.0000	0.0000	0.0000	0.0000	0.0000	0.0000	0.0000	0.0000	1.8280	0.0104	4.0058	0.0141	0.0154	0.0025	2.1433	0.0087	4.1403	
49	59	0.2106	20	0	2	1	0	0	0	0	0	N	Y	N	N	N	N	N	N	N	N	N	N	0.0000	0.0000	0.0000	0.0000	0.0000	0.0000	0.0000	0.0000	0.0000	0.0000	0.0000	0.0000	0.0000	0.0000	0.0000	0.0031	0.0047	0.0000	0.0093	0.0105	0.0000	0.0000	0.0000	0.0000	0.0000	0.0000	-0.0000	0.0000	0.9979	2.0001	4.0614	0.0000	0.0000	0.0000	0.0000	0.0000	0.0000	0.0000	0.0000	0.0000	0.0000	0.0000	0.0000	0.0000	0.0000	0.0000	0.0000	0.0000	0.0000	0.0000	0.0000	0.0000	0.0000	0.0000	0.0000	0.0000	0.0000	0.0000	0.0126	0.0083	0.0043	0.0042	0.0037	0.0005	0.0084	0.0046	0.0038	0.0000	0.0000	0.0000	0.0000	0.0000	0.0000	0.0000	0.0000	0.0000	0.0031	0.0047	0.0000	0.0093	0.0105	0.0000	0.0000	0.0000	0.0000				
49	60	0.2022	19	0	2	0	0	0	0	0	0	N	Y	N	N	N	N	N	N	N	N	N	N	0.0000	0.0000	0.0000	0.0000	0.0000	0.0000	0.0000	0.0000	0.0000	0.0000	0.0000	0.0000	0.0000	0.0000	0.0000	0.0000	0.0000	0.0000	0.0001	0.0001	0.0000	0.0003	0.0003	0.0000	0.0000	0.0000	0.0000	0.0268	0.0000	-0.0000	0.0000	2.2356	2.0001	2.2044	0.0000	0.0000	0.0000	0.0000	0.0000	0.0000	0.0000	0.0000	0.0000	0.0000	0.0000	0.0000	0.0000	0.0000	0.0000	0.0000	0.0000	0.0000	0.0000	0.0000	0.0000	0.0000	0.0000	0.0000	0.0000	0.0000	0.0000	0.0107	0.0070	0.0038	0.0032	0.0029	0.0003	0.0075	0.0041	0.0035	0.0000	0.0000	0.0000	0.0000	0.0000	0.0000	0.0000	0.0000	0.0000	0.0001	0.0001	0.0000	0.0003	0.0003	0.0000	0.0000	0.0000	0.0000	
49	61	0.1816	17	1	1	1	0	0	0	0	0	N	N	N	N	N	N	N	N	N	N	N	N	0.0000	0.0000	0.0000	0.0000	0.0000	0.0000	0.0000	0.0000	0.0000	0.0000	0.0000	0.0000	0.0000	0.0000	0.0000	0.0000	0.0000	0.0000	0.0000	0.0000	0.0000	0.0000	0.0000	0.0000	-0.0000	0.0000	2.0703	2.0001	7.0012	0.0000	0.0000	0.0000	0.0000	0.0000	0.0000	0.0000	0.0000	0.0000	0.0000	0.0000	0.0000	0.0000	0.0000	0.0000	0.0000	0.0000	0.0000	0.0000	0.0000	0.0000	0.0000	0.0000	0.0000	0.0000	0.0000	0.0000	0.0192	0.0114	0.0078	0.0039	0.0033	0.0005	0.0153	0.0081	0.0072	0.0000	0.0000	0.0000	0.0000	0.0000	0.0000	0.0000	0.0000	0.0000	0.0000	0.0000	0.0000	0.0000	0.0000	0.0000	0.0000	0.0000	0.0000						
49	62	0.1800	16	0	1	0	0	0	0	0	0	N	N	N	N	N	N	N	N	N	N	N	N	0.0000	0.0000	0.0000	0.0000	0.0000	0.0000	0.0000	0.0000	0.0000	0.0000	0.0000	0.0000	0.0000	0.0000	0.0000	0.0000	0.0000	0.0000	0.0000	0.0000	0.0000	0.0000	0.0000	0.2333	0.0000	-0.0000	0.0000	0.9285	2.0001	0.0280	0.0000	0.0000	0.0000	0.0000	0.0000	0.0000	0.0000	0.0000	0.0000	0.0000	0.0000	0.0000	0.0000	0.0000	0.0000	0.0000	0.0000	0.0000	0.0000	0.0000	0.0000	0.0000	0.0000	0.0000	0.0000	0.0000	0.0000	0.0022	0.0013	0.0009	0.0005	0.0004	0.0001	0.0017	0.0009	0.0008	0.0000	0.0000	0.0000	0.0000	0.0000	0.0000	0.0000	0.0000	0.0000	0.0000	0.0000	0.0000	0.0000	0.0000	0.0000	0.0000	0.0000	0.0000					
49	63	0.1422	11	1	2	0	0	0	0	0	0	N	Y	N	N	N	N	N	N	N	N	N	N	0.0000	0.0000	0.0000	0.0000	0.0000	0.0000	0.0000	0.0000	0.0000	0.0000	0.0000	0.0000	0.0000	0.0000	0.0000	0.0000	0.0000	0.0042	0.0000	0.0111	0.0176	0.0000	0.1366	0.0000	0.0000	0.0001	1219.9125	0.0000	0.0000	0.0000	1.0023	2.0001	3.0135	0.0000	0.0000	0.0000	0.0000	0.0000	0.0000	0.0000	0.0000	0.0000	0.0000	0.0000	0.0000	0.0000	0.0000	0.0000	0.0000	0.0000	0.0000	0.0000	0.0000	0.0000	0.0000	0.0000	0.0000	0.0000	0.0000	0.0000	0.0092	0.0057	0.0035	0.0022	0.0019	0.0003	0.0070	0.0038	0.0032	0.0000	0.0000	0.0000	0.0000	0.0000	0.0000	0.0000	0.0000	0.0000	0.0042	0.0000	0.0111	0.0176	0.0000	0.1366	0.0000	0.0000	0.0001		
49	64	0.1158	10	1	2	0	0	0	0	0	0	N	Y	N	N	N	N	N	N	N	N	N	N	0.0000	0.0000	0.0000	0.0000	0.0000	0.0000	0.0000	0.0000	0.0000	0.0000	0.0000	0.0000	0.0000	0.0000	0.0000	0.0000	0.0000	0.0000	0.0008	0.0013	0.0001	0.0042	0.0046	0.0015	0.0000	0.0000	0.0000	0.0476	0.0000	-0.0000	0.0000	3.0820	2.0001	9.3392	0.0000	0.0000	0.0000	0.0000	0.0000	0.0000	0.0000	0.0000	0.0000	0.0000	0.0000	0.0000	0.0000	0.0000	0.0000	0.0000	0.0000	0.0000	0.0000	0.0000	0.0000	0.0000	0.0000	0.0000	0.0000	0.0000	0.0000	0.0261	0.0154	0.0106	0.0051	0.0044	0.0006	0.0210	0.0110	0.0100	0.0000	0.0000	0.0000	0.0000	0.0000	0.0000	0.0000	0.0000	0.0000	0.0008	0.0013	0.0001	0.0042	0.0046	0.0015	0.0000	0.0000	0.0000	
49	65	0.2022	19	0	2	0	0	0	0	0	0	N	Y	N	N	N	N	N	N	N	N	N	N	0.0000	0.0000	0.0000	0.0000	0.0000	0.0000	0.0000	0.0000	0.0000	0.0000	0.0000	0.0000	0.0000	0.0000	0.0000	0.0000	0.0000	0.0000	0.0000	0.0000	0.0000	0.0000	0.0000	0.0000	0.0000	0.0000	0.7073	0.0000	-0.0000	0.0000	1.7946	2.0001	5.9592	0.0000	0.0000	0.0000	0.0000	0.0000	0.0000	0.0000	0.0000	0.0000	0.0000	0.0000	0.0000	0.0000	0.0000	0.0000	0.0000	0.0000	0.0000	0.0000	0.0000	0.0000	0.0000	0.0000	0.0000	0.0000	0.0000	0.0000	0.0168	0.0106	0.0062	0.0047	0.0042	0.0005	0.0121	0.0064	0.0057	0.0000	0.0000	0.0000	0.0000	0.0000	0.0000	0.0000	0.0000	0.0000	0.0000	0.0000	0.0000	0.0000	0.0000	0.0000	0.0000	0.0000	0.0000		
49	66	0.1954	18	0	2	0	0	0	0	0	0	N	Y	N	N	N	N	N	N	N	N	N	N	0.0000	0.0000	0.0000	0.0000	0.0000	0.0000	0.0000	0.0000	0.0000	0.0000	0.0000	0.0000	0.0000	0.0000	0.0000	0.0000	0.0000	0.0000	0.0001	0.0000	0.0003	0.0001	0.0001	0.0001	0.0002	0.0000	0.0003	9.8960	0.0000	0.0000	0.0000	1.3569	2.0001	2.0560	0.0000	0.0000	0.0000	0.0000	0.0000	0.0000	0.0000	0.0000	0.0000	0.0000	0.0000	0.0000	0.0000	0.0000	0.0000	0.0000	0.0000	0.0000	0.0000	0.0000	0.0000	0.0000	0.0000	0.0000	0.0000	0.0000	0.0000	0.0075	0.0045	0.0030	0.0020	0.0017	0.0002	0.0055	0.0028	0.0028	0.0000	0.0000	0.0000	0.0000	0.0000	0.0000	0.0000	0.0000	0.0000	0.0001	0.0000	0.0003	0.0001	0.0001	0.0001	0.0002	0.0000	0.0003	
49	67	0.1820	17	0	2	0	0	0	0	0	0	N	Y	N	N	N	N	N	N	N	N	N	N	0.0000	0.0000	0.0000	0.0000	0.0000	0.0000	0.0000	0.0000	0.0000	0.0000	0.0000	0.0000	0.0000	0.0000	0.0000	0.0000	0.0000	0.0000	0.0044	0.0000	0.0115	0.0000	0.0000	0.0000	0.0061	0.0000	0.0126	870.5563	0.0000	0.0000	0.0000	4.9477	2.0001	2.0153	0.0000	0.0000	0.0000	0.0000	0.0000	0.0000	0.0000	0.0000	0.0000	0.0001	0.0000	0.0001	0.0000	0.0000	0.0000	0.0001	0.0000	0.0001	0.0000	0.0000	0.0000	0.0000	0.0000	0.0000	0.0000	0.0000	0.0000	0.0149	0.0092	0.0056	0.0042	0.0037	0.0005	0.0107	0.0055	0.0051	0.0000	0.0000	0.0000	0.0000	0.0000	0.0000	0.0000	0.0000	0.0000	0.0044	0.0000	0.0115	0.0000	0.0000	0.0000	0.0061	0.0000	0.0126	
49	73	0.1070	9	0	1	0	0	0	0	0	0	N	N	N	N	N	N	N	N	N	N	N	N	0.0000	0.0000	0.0000	0.0000	0.0000	0.0000	0.0000	0.0000	0.0000	0.0000	0.0000	0.0000	0.0000	0.0000	0.0000	0.0009	0.0016	0.0000	0.0058	0.0068	0.0000	0.0000	0.0000	0.0000	0.0000	0.0000	-0.0000	0.0000	4.0673	2.0001	17.8409	0.0000	0.0000	0.0000	0.0000	0.0000	0.0000	0.0000	0.0000	0.0000	0.0000	0.0000	0.0000	0.0000	0.0000	0.0000	0.0000	0.0000	0.0000	0.0000	0.0000	0.0000	0.0000	0.0000	0.0000	0.0000	0.0000	0.0000	0.0423	0.0242	0.0181	0.0068	0.0058	0.0010	0.0355	0.0184	0.0171	0.0000	0.0000	0.0000	0.0000	0.0000	0.0000	0.0000	0.0000	0.0000	0.0009	0.0016	0.0000	0.0058	0.0068	0.0000	0.0000	0.0000	0.0000				
49	75	0.2437	13	0	1	0	0	0	0	0	0	N	N	N	N	N	N	N	N	N	N	N	N	0.0000	0.0000	0.0000	0.0000	0.0000	0.0000	0.0000	0.0000	0.0000	0.0000	0.0000	0.0000	0.0000	0.0000	0.0000	0.0000	0.0000	0.0000	9.5551	0.0007	56.3364	4.4011	0.0012	665.0286	14.1965	0.0000	48.0081	19170.5442	0.0000	0.7030	0.0000	3.5843	2.0001	46.7516	0.0000	0.0000	0.0000	0.0000	0.0000	0.0000	0.0000	0.0000	0.0000	1.5384	0.0001	1.5383	0.2960	0.0001	0.2959	1.2424	0.0000	1.2424	0.0000	0.0000	0.0000	0.0000	0.0000	0.0000	0.0000	0.0000	0.0000	0.1610	0.1085	0.0525	0.0735	0.0645	0.0090	0.0875	0.0441	0.0435	0.0000	0.0000	0.0000	0.0000	0.0000	0.0000	0.0000	0.0000	0.0000	9.5551	0.0007	29.3120	4.0276	0.0012	32.8051	14.1965	0.0000	28.5870	
49	76	0.2089	19	1	2	1	0	0	0	0	0	N	Y	N	N	N	N	N	N	N	N	N	N	0.0000	0.0000	0.0000	0.0000	0.0000	0.0000	0.0000	0.0000	0.0000	0.0000	0.0000	0.0000	0.0000	0.0000	0.0000	0.0000	0.0000	0.0000	0.0000	0.0000	0.0000	1.0003	2.0001	1.0071	0.0000	0.0000	0.0000	0.0000	0.0000	0.0000	0.0000	0.0000	0.0000	0.0000	0.0000	0.0000	0.0000	0.0000	0.0000	0.0000	0.0000	0.0000	0.0000	0.0000	0.0000	0.0000	0.0000	0.0000	0.0000	0.0000	0.0000	0.0043	0.0026	0.0017	0.0014	0.0012	0.0002	0.0029	0.0014	0.0015	0.0000	0.0000	0.0000	0.0000	0.0000	0.0000	0.0000	0.0000	0.0000	0.0000	0.0000	0.0000	0.0000	0.0000	0.0000	0.0000	0.0000	0.0000											
49	77	0.2021	18	1	1	1	0	0	0	0	0	N	N	N	N	N	N	N	N	N	N	N	N	0.0000	0.0000	0.0000	0.0000	0.0000	0.0000	0.0000	0.0000	0.0000	0.0000	0.0000	0.0000	0.0000	0.0000	0.0000	0.0000	0.0000	0.0000	0.0000	0.0000	0.0000	0.9901	2.0001	2.2068	0.0000	0.0000	0.0000	0.0000	0.0000	0.0000	0.0000	0.0000	0.0000	0.0000	0.0000	0.0000	0.0000	0.0000	0.0000	0.0000	0.0000	0.0000	0.0000	0.0000	0.0000	0.0000	0.0000	0.0000	0.0000	0.0000	0.0000	0.0221	0.0165	0.0056	0.0094	0.0092	0.0003	0.0127	0.0073	0.0054	0.0000	0.0000	0.0000	0.0000	0.0000	0.0000	0.0000	0.0000	0.0000	0.0000	0.0000	0.0000	0.0000	0.0000	0.0000	0.0000	0.0000	0.0000											
49	78	0.1245	10	0	2	0	0	0	0	0	0	N	Y	N	N	N	N	N	N	N	N	N	N	0.0000	0.0000	0.0000	0.0000	0.0000	0.0000	0.0000	0.0000	0.0000	0.0000	0.0000	0.0000	0.0000	0.0000	0.0000	0.0000	0.0000	0.0000	0.0009	0.0014	0.0000	0.0036	0.0040	0.0000	0.0000	0.0000	0.0000	0.0001	0.0000	-0.0000	0.0000	8.4371	2.0001	15.3349	0.0000	0.0000	0.0000	0.0000	0.0000	0.0000	0.0000	0.0000	0.0000	0.0001	0.0001	0.0000	0.0001	0.0001	0.0000	0.0000	0.0000	0.0000	0.0000	0.0000	0.0000	0.0000	0.0000	0.0000	0.0000	0.0000	0.0000	0.0571	0.0352	0.0219	0.0139	0.0125	0.0014	0.0432	0.0227	0.0205	0.0000	0.0000	0.0000	0.0000	0.0000	0.0000	0.0000	0.0000	0.0000	0.0009	0.0014	0.0000	0.0036	0.0040	0.0000	0.0000	0.0000	0.0000	
49	79	0.2021	18	1	1	1	0	0	0	0	0	N	N	N	N	N	N	N	N	N	N	N	N	0.0000	0.0000	0.0000	0.0000	0.0000	0.0000	0.0000	0.0000	0.0000	0.0000	0.0000	0.0000	0.0000	0.0000	0.0000	0.0000	0.0000	0.0000	0.0000	0.0000	0.0000	3.0096	2.0001	5.7427	0.0000	0.0000	0.0000	0.0000	0.0000	0.0000	0.0000	0.0000	0.0000	0.0000	0.0000	0.0000	0.0000	0.0000	0.0000	0.0000	0.0000	0.0000	0.0000	0.0000	0.0000	0.0000	0.0000	0.0000	0.0000	0.0000	0.0000	0.0328	0.0228	0.0100	0.0120	0.0114	0.0007	0.0207	0.0114	0.0093	0.0000	0.0000	0.0000	0.0000	0.0000	0.0000	0.0000	0.0000	0.0000	0.0000	0.0000	0.0000	0.0000	0.0000	0.0000	0.0000	0.0000	0.0000											
49	80	0.1865	17	1	1	1	0	0	0	0	0	N	N	N	N	N	N	N	N	N	N	N	N	0.0000	0.0000	0.0000	0.0000	0.0000	0.0000	0.0000	0.0000	0.0000	0.0000	0.0000	0.0000	0.0000	0.0000	0.0000	0.0000	0.0000	0.0000	0.0000	0.0000	0.0000	0.0001	0.0001	0.0000	0.0000	0.0000	0.0000	0.0333	0.0000	-0.0000	0.0000	1.0477	2.0001	6.1154	0.0000	0.0000	0.0000	0.0000	0.0000	0.0000	0.0000	0.0000	0.0000	0.0000	0.0000	0.0000	0.0000	0.0000	0.0000	0.0000	0.0000	0.0000	0.0000	0.0000	0.0000	0.0000	0.0000	0.0000	0.0000	0.0000	0.0000	0.0178	0.0110	0.0068	0.0048	0.0043	0.0005	0.0131	0.0068	0.0063	0.0000	0.0000	0.0000	0.0000	0.0000	0.0000	0.0000	0.0000	0.0000	0.0000	0.0000	0.0000	0.0001	0.0001	0.0000	0.0000	0.0000	0.0000	
49	81	0.1800	16	0	1	0	0	0	0	0	0	N	N	N	N	N	N	N	N	N	N	N	N	0.0000	0.0000	0.0000	0.0000	0.0000	0.0000	0.0000	0.0000	0.0000	0.0000	0.0000	0.0000	0.0000	0.0000	0.0000	0.0000	0.0000	0.0000	0.0001	0.0000	0.0001	0.0001	0.0001	0.0002	0.0000	0.0000	0.0001	2.2528	0.0000	0.0000	0.0000	1.9794	2.0001	1.0196	0.0000	0.0000	0.0000	0.0000	0.0000	0.0000	0.0000	0.0000	0.0000	0.0000	0.0000	0.0000	0.0000	0.0000	0.0000	0.0000	0.0000	0.0000	0.0000	0.0000	0.0000	0.0000	0.0000	0.0000	0.0000	0.0000	0.0000	0.0065	0.0039	0.0026	0.0013	0.0011	0.0002	0.0052	0.0027	0.0025	0.0000	0.0000	0.0000	0.0000	0.0000	0.0000	0.0000	0.0000	0.0000	0.0001	0.0000	0.0001	0.0001	0.0001	0.0002	0.0000	0.0000	0.0001	
49	82	0.1778	15	0	1	0	0	0	0	0	0	N	N	N	N	N	N	N	N	N	N	N	N	0.0000	0.0000	0.0000	0.0000	0.0000	0.0000	0.0000	0.0000	0.0000	0.0000	0.0000	0.0000	0.0000	0.0000	0.0000	0.0000	0.0000	0.0000	0.0000	0.0000	0.0000	0.0000	0.2692	0.0000	-0.0000	0.0000	1.0114	2.0001	0.0202	0.0000	0.0000	0.0000	0.0000	0.0000	0.0000	0.0000	0.0000	0.0000	0.0000	0.0000	0.0000	0.0000	0.0000	0.0000	0.0000	0.0000	0.0000	0.0000	0.0000	0.0000	0.0000	0.0000	0.0000	0.0000	0.0000	0.0000	0.0024	0.0014	0.0010	0.0005	0.0004	0.0001	0.0019	0.0010	0.0009	0.0000	0.0000	0.0000	0.0000	0.0000	0.0000	0.0000	0.0000	0.0000	0.0000	0.0000	0.0000	0.0000	0.0000	0.0000	0.0000	0.0000	0.0000						
49	83	0.1573	14	0	1	0	0	0	0	0	0	N	N	N	N	N	N	N	N	N	N	N	N	0.0000	0.0000	0.0000	0.0000	0.0000	0.0000	0.0000	0.0000	0.0000	0.0000	0.0000	0.0000	0.0000	0.0000	0.0000	0.0000	0.0000	0.0023	0.0039	0.0000	0.0023	0.0026	0.0000	0.0023	0.0045	0.0000	0.0049	0.0000	-0.0000	0.0000	5.9223	2.0001	3.6882	0.0000	0.0000	0.0000	0.0000	0.0000	0.0000	0.0000	0.0000	0.0000	0.0001	0.0001	0.0000	0.0000	0.0000	0.0000	0.0000	0.0000	0.0000	0.0000	0.0000	0.0000	0.0000	0.0000	0.0000	0.0000	0.0000	0.0000	0.0225	0.0135	0.0090	0.0051	0.0045	0.0006	0.0174	0.0089	0.0085	0.0000	0.0000	0.0000	0.0000	0.0000	0.0000	0.0000	0.0000	0.0000	0.0023	0.0039	0.0000	0.0023	0.0026	0.0000	0.0023	0.0045	0.0000		
49	84	0.1444	12	0	2	0	0	0	0	0	0	N	Y	N	N	N	N	N	N	N	N	N	N	0.0000	0.0000	0.0000	0.0000	0.0000	0.0000	0.0000	0.0000	0.0000	0.0000	0.0000	0.0000	0.0000	0.0000	0.0000	0.0000	0.0000	0.0000	0.0024	0.0040	0.0002	0.0098	0.0112	0.0000	0.0001	0.0000	0.0003	0.0435	0.0000	-0.0001	0.0000	7.1084	2.0001	28.8937	0.0000	0.0000	0.0000	0.0000	0.0000	0.0000	0.0000	0.0000	0.0000	0.0002	0.0002	0.0000	0.0002	0.0002	0.0000	0.0000	0.0000	0.0000	0.0000	0.0000	0.0000	0.0000	0.0000	0.0000	0.0000	0.0000	0.0000	0.0813	0.0480	0.0334	0.0194	0.0170	0.0025	0.0619	0.0310	0.0309	0.0000	0.0000	0.0000	0.0000	0.0000	0.0000	0.0000	0.0000	0.0000	0.0024	0.0040	0.0002	0.0098	0.0112	0.0000	0.0001	0.0000	0.0003	
49	85	0.1369	11	0	2	0	0	0	0	0	0	N	Y	N	N	N	N	N	N	N	N	N	N	0.0000	0.0000	0.0000	0.0000	0.0000	0.0000	0.0000	0.0000	0.0000	0.0000	0.0000	0.0000	0.0000	0.0000	0.0000	0.0000	0.0000	0.0000	0.0435	0.0620	0.0060	0.1031	0.1090	0.0001	0.0113	0.0159	0.0063	0.0476	0.0000	-0.0006	0.0000	2.2208	2.0001	3.9129	0.0000	0.0000	0.0000	0.0000	0.0000	0.0000	0.0000	0.0000	0.0000	0.0011	0.0011	0.0001	0.0009	0.0009	0.0000	0.0002	0.0001	0.0001	0.0000	0.0000	0.0000	0.0000	0.0000	0.0000	0.0000	0.0000	0.0000	0.0260	0.0174	0.0086	0.0091	0.0086	0.0005	0.0169	0.0088	0.0081	0.0000	0.0000	0.0000	0.0000	0.0000	0.0000	0.0000	0.0000	0.0000	0.0435	0.0620	0.0060	0.1031	0.1090	0.0001	0.0113	0.0159	0.0063	
49	86	0.2124	13	0	1	1	0	0	0	0	0	N	N	N	N	N	N	N	N	N	N	N	N	0.0000	0.0000	0.0000	0.0000	0.0000	0.0000	0.0000	0.0000	0.0000	0.0000	0.0000	0.0000	0.0000	0.0000	0.0000	0.0000	0.0000	0.0000	0.0004	0.0006	0.0000	0.0013	0.0016	0.0000	0.0000	0.0000	0.0000	0.0026	0.0000	-0.0000	0.0000	5.3425	2.0001	7.0749	0.0000	0.0000	0.0000	0.0000	0.0000	0.0000	0.0000	0.0000	0.0000	0.0000	0.0000	0.0000	0.0000	0.0000	0.0000	0.0000	0.0000	0.0000	0.0000	0.0000	0.0000	0.0000	0.0000	0.0000	0.0000	0.0000	0.0000	0.0281	0.0162	0.0118	0.0078	0.0064	0.0014	0.0202	0.0098	0.0104	0.0000	0.0000	0.0000	0.0000	0.0000	0.0000	0.0000	0.0000	0.0000	0.0004	0.0006	0.0000	0.0013	0.0016	0.0000	0.0000	0.0000	0.0000	
49	87	0.1692	12	0	1	0	0	0	0	0	0	N	N	N	N	N	N	N	N	N	N	N	N	0.0000	0.0000	0.0000	0.0000	0.0000	0.0000	0.0000	0.0000	0.0000	0.0000	0.0000	0.0000	0.0000	0.0000	0.0000	0.0000	0.0000	0.0000	0.0089	0.0138	0.0004	0.0240	0.0270	0.0010	0.0010	0.0016	0.0003	0.0158	0.0000	-0.0003	0.0000	7.0719	2.0001	13.7350	0.0000	0.0000	0.0000	0.0000	0.0000	0.0000	0.0000	0.0000	0.0000	0.0006	0.0006	0.0000	0.0005	0.0005	0.0000	0.0000	0.0000	0.0000	0.0000	0.0000	0.0000	0.0000	0.0000	0.0000	0.0000	0.0000	0.0000	0.0651	0.0414	0.0237	0.0225	0.0199	0.0026	0.0427	0.0215	0.0212	0.0000	0.0000	0.0000	0.0000	0.0000	0.0000	0.0000	0.0000	0.0000	0.0089	0.0138	0.0004	0.0240	0.0270	0.0010	0.0010	0.0016	0.0003	
49	88	0.2124	20	1	1	1	0	0	0	0	0	N	N	N	N	N	N	N	N	N	N	N	N	0.0000	0.0000	0.0000	0.0000	0.0000	0.0000	0.0000	0.0000	0.0000	0.0000	0.0000	0.0000	0.0000	0.0000	0.0000	0.0000	0.0000	0.0000	0.0000	0.0000	0.0000	0.0000	2.0001	0.0000	0.0000	0.0000	0.0000	0.0000	0.0000	0.0000	0.0000	0.0000	0.0000	0.0000	0.0000	0.0000	0.0000	0.0000	0.0000	0.0000	0.0000	0.0000	0.0000	0.0000	0.0000	0.0000	0.0000	0.0000	0.0000	0.0000	0.0000	0.0000	0.0000	0.0000	0.0000	0.0000	0.0000	0.0000	0.0000	0.0000	0.0000	0.0000	0.0000	0.0000	0.0000	0.0000	0.0000	0.0000	0.0000	0.0000	0.0000	0.0000	0.0000	0.0000	0.0000	0.0000	0.0000	0.0000											
49	89	0.2105	19	1	1	1	0	0	0	0	0	N	N	N	N	N	N	N	N	N	N	N	N	0.0000	0.0000	0.0000	0.0000	0.0000	0.0000	0.0000	0.0000	0.0000	0.0000	0.0000	0.0000	0.0000	0.0000	0.0000	0.0000	0.0000	0.0000	0.0169	0.0001	0.0539	0.0002	0.0002	0.0001	0.0276	0.0000	0.0578	178.3914	0.0000	0.0000	0.0000	0.0001	2.0001	0.9161	0.0000	0.0000	0.0000	0.0000	0.0000	0.0000	0.0000	0.0000	0.0000	0.0001	0.0000	0.0001	0.0000	0.0000	0.0000	0.0001	0.0000	0.0001	0.0000	0.0000	0.0000	0.0000	0.0000	0.0000	0.0000	0.0000	0.0000	0.0038	0.0026	0.0012	0.0015	0.0014	0.0001	0.0023	0.0012	0.0011	0.0000	0.0000	0.0000	0.0000	0.0000	0.0000	0.0000	0.0000	0.0000	0.0169	0.0001	0.0539	0.0002	0.0002	0.0001	0.0276	0.0000	0.0578	
49	90	0.1857	18	1	1	1	0	0	0	0	0	N	N	N	N	N	N	N	N	N	N	N	N	0.0000	0.0000	0.0000	0.0000	0.0000	0.0000	0.0000	0.0000	0.0000	0.0000	0.0000	0.0000	0.0000	0.0000	0.0000	0.0000	0.0000	0.0000	0.0004	0.0002	0.0007	0.0005	0.0006	0.0004	0.0004	0.0000	0.0008	1.8596	0.0000	0.0000	0.0000	3.7876	2.0001	7.8440	0.0000	0.0000	0.0000	0.0000	0.0000	0.0000	0.0000	0.0000	0.0000	0.0000	0.0000	0.0000	0.0000	0.0000	0.0000	0.0000	0.0000	0.0000	0.0000	0.0000	0.0000	0.0000	0.0000	0.0000	0.0000	0.0000	0.0000	0.0249	0.0155	0.0093	0.0072	0.0064	0.0008	0.0177	0.0092	0.0085	0.0000	0.0000	0.0000	0.0000	0.0000	0.0000	0.0000	0.0000	0.0000	0.0004	0.0002	0.0007	0.0005	0.0006	0.0004	0.0004	0.0000	0.0008	
49	91	0.0965	8	0	2	0	1	0	0	0	0	N	Y	N	N	N	N	N	N	N	N	N	N	0.0000	0.0000	0.0000	0.0000	0.0000	0.0000	0.0000	0.0000	0.0000	0.0000	0.0000	0.0000	0.0000	0.0000	0.0000	0.0000	0.0000	0.0030	0.0053	0.0000	0.0177	0.0202	0.0000	0.0000	0.0000	0.0000	0.0007	0.0000	-0.0001	0.0000	1.8247	2.0001	16.3284	0.0000	0.0000	0.0000	0.0000	0.0000	0.0000	0.0000	0.0000	0.0000	0.0001	0.0001	0.0000	0.0001	0.0001	0.0000	0.0000	0.0000	0.0000	0.0000	0.0000	0.0000	0.0000	0.0000	0.0000	0.0000	0.0000	0.0000	0.0395	0.0225	0.0169	0.0067	0.0059	0.0008	0.0328	0.0166	0.0161	0.0000	0.0000	0.0000	0.0000	0.0000	0.0000	0.0000	0.0000	0.0000	0.0030	0.0053	0.0000	0.0177	0.0202	0.0000	0.0000	0.0000	0.0000		
49	92	0.1070	9	0	2	0	0	0	0	0	0	N	Y	N	N	N	N	N	N	N	N	N	N	0.0000	0.0000	0.0000	0.0000	0.0000	0.0000	0.0000	0.0000	0.0000	0.0000	0.0000	0.0000	0.0000	0.0000	0.0000	0.0008	0.0000	0.0019	0.0053	0.0000	0.0353	0.0000	0.0000	0.0000	inf	0.0000	0.0000	0.0000	9.1310	2.0001	16.1726	0.0000	0.0000	0.0000	0.0000	0.0000	0.0000	0.0000	0.0000	0.0000	0.0000	0.0000	0.0000	0.0000	0.0000	0.0000	0.0000	0.0000	0.0000	0.0000	0.0000	0.0000	0.0000	0.0000	0.0000	0.0000	0.0000	0.0000	0.0479	0.0274	0.0205	0.0076	0.0064	0.0011	0.0403	0.0209	0.0194	0.0000	0.0000	0.0000	0.0000	0.0000	0.0000	0.0000	0.0000	0.0000	0.0008	0.0000	0.0019	0.0053	0.0000	0.0353	0.0000	0.0000	0.0000				
49	93	0.0635	7	0	2	0	0	0	0	0	0	N	Y	N	N	N	N	N	N	N	N	N	N	0.0000	0.0000	0.0000	0.0000	0.0000	0.0000	0.0000	0.0000	0.0000	0.0000	0.0000	0.0000	0.0000	0.0000	0.0000	0.0000	0.0000	0.0000	0.0004	0.0005	0.0004	0.0015	0.0013	0.0025	0.0001	0.0000	0.0002	0.5516	0.0000	-0.0000	0.0000	4.0959	2.0001	8.7137	0.0000	0.0000	0.0000	0.0000	0.0000	0.0000	0.0000	0.0000	0.0000	0.0000	0.0000	0.0000	0.0000	0.0000	0.0000	0.0000	0.0000	0.0000	0.0000	0.0000	0.0000	0.0000	0.0000	0.0000	0.0000	0.0000	0.0000	0.0356	0.0213	0.0143	0.0085	0.0075	0.0010	0.0271	0.0139	0.0132	0.0000	0.0000	0.0000	0.0000	0.0000	0.0000	0.0000	0.0000	0.0000	0.0004	0.0005	0.0004	0.0015	0.0013	0.0025	0.0001	0.0000	0.0002	
49	94	0.0452	6	0	2	0	0	0	0	0	0	N	Y	N	N	N	N	N	N	N	N	N	N	0.0000	0.0000	0.0000	0.0000	0.0000	0.0000	0.0000	0.0000	0.0000	0.0000	0.0000	0.0000	0.0000	0.0000	0.0000	0.0000	0.0000	0.0007	0.0009	0.0005	0.0000	0.0000	0.0000	0.0009	0.0013	0.0005	0.3546	0.0000	-0.0000	0.0000	2.9443	2.0001	6.1524	0.0000	0.0000	0.0000	0.0000	0.0000	0.0000	0.0000	0.0000	0.0000	0.0000	0.0000	0.0000	0.0000	0.0000	0.0000	0.0000	0.0000	0.0000	0.0000	0.0000	0.0000	0.0000	0.0000	0.0000	0.0000	0.0000	0.0000	0.0232	0.0134	0.0098	0.0043	0.0039	0.0004	0.0189	0.0095	0.0093	0.0000	0.0000	0.0000	0.0000	0.0000	0.0000	0.0000	0.0000	0.0000	0.0007	0.0009	0.0005	0.0000	0.0000	0.0000	0.0009	0.0013	0.0005		
49	95	0.0428	5	0	1	0	0	0	0	0	0	N	N	N	N	N	N	N	N	N	N	N	N	0.0000	0.0000	0.0000	0.0000	0.0000	0.0000	0.0000	0.0000	0.0000	0.0000	0.0000	0.0000	0.0000	0.0000	0.0000	0.0000	0.0000	0.0000	0.0000	0.0000	0.0000	0.0000	0.0000	0.0000	0.0000	0.6435	0.0000	-0.0000	0.0000	0.8596	2.0001	1.2300	0.0000	0.0000	0.0000	0.0000	0.0000	0.0000	0.0000	0.0000	0.0000	0.0000	0.0000	0.0000	0.0000	0.0000	0.0000	0.0000	0.0000	0.0000	0.0000	0.0000	0.0000	0.0000	0.0000	0.0000	0.0000	0.0000	0.0000	0.0099	0.0065	0.0034	0.0031	0.0030	0.0001	0.0068	0.0034	0.0033	0.0000	0.0000	0.0000	0.0000	0.0000	0.0000	0.0000	0.0000	0.0000	0.0000	0.0000	0.0000	0.0000	0.0000	0.0000	0.0000	0.0000	0.0000			
49	98	0.1857	18	0	2	0	0	0	0	0	0	N	Y	N	N	N	N	N	N	N	N	N	N	0.0000	0.0000	0.0000	0.0000	0.0000	0.0000	0.0000	0.0000	0.0000	0.0000	0.0000	0.0000	0.0000	0.0000	0.0000	0.0001	0.0002	0.0000	0.0005	0.0006	0.0000	0.0000	0.0000	0.0000	0.0000	0.0000	-0.0000	0.0000	1.3608	2.0001	12.1483	0.0000	0.0000	0.0000	0.0000	0.0000	0.0000	0.0000	0.0000	0.0000	0.0000	0.0000	0.0000	0.0000	0.0000	0.0000	0.0000	0.0000	0.0000	0.0000	0.0000	0.0000	0.0000	0.0000	0.0000	0.0000	0.0000	0.0000	0.0282	0.0175	0.0106	0.0080	0.0071	0.0009	0.0202	0.0105	0.0097	0.0000	0.0000	0.0000	0.0000	0.0000	0.0000	0.0000	0.0000	0.0000	0.0001	0.0002	0.0000	0.0005	0.0006	0.0000	0.0000	0.0000	0.0000				
49	99	0.1820	17	0	1	0	0	0	0	0	0	N	N	N	N	N	N	N	N	N	N	N	N	0.0000	0.0000	0.0000	0.0000	0.0000	0.0000	0.0000	0.0000	0.0000	0.0000	0.0000	0.0000	0.0000	0.0000	0.0000	0.0000	0.0000	0.0000	0.0013	0.0010	0.0017	0.0020	0.0022	0.0000	0.0009	0.0000	0.0018	0.9396	0.0000	-0.0000	0.0000	1.5300	2.0001	0.7696	0.0000	0.0000	0.0000	0.0000	0.0000	0.0000	0.0000	0.0000	0.0000	0.0000	0.0000	0.0000	0.0000	0.0000	0.0000	0.0000	0.0000	0.0000	0.0000	0.0000	0.0000	0.0000	0.0000	0.0000	0.0000	0.0000	0.0000	0.0061	0.0039	0.0022	0.0020	0.0018	0.0002	0.0041	0.0021	0.0020	0.0000	0.0000	0.0000	0.0000	0.0000	0.0000	0.0000	0.0000	0.0000	0.0013	0.0010	0.0017	0.0020	0.0022	0.0000	0.0009	0.0000	0.0018	
49	100	0.1732	16	0	1	0	0	0	0	0	0	N	N	N	N	N	N	N	N	N	N	N	N	0.0000	0.0000	0.0000	0.0000	0.0000	0.0000	0.0000	0.0000	0.0000	0.0000	0.0000	0.0000	0.0000	0.0000	0.0000	0.0000	0.0000	0.0004	0.0001	0.0009	0.0002	0.0002	0.0000	0.0005	0.0000	0.0010	6.4371	0.0000	0.0000	0.0000	3.6906	2.0001	1.4800	0.0000	0.0000	0.0000	0.0000	0.0000	0.0000	0.0000	0.0000	0.0000	0.0000	0.0000	0.0000	0.0000	0.0000	0.0000	0.0000	0.0000	0.0000	0.0000	0.0000	0.0000	0.0000	0.0000	0.0000	0.0000	0.0000	0.0000	0.0115	0.0070	0.0045	0.0030	0.0026	0.0004	0.0085	0.0044	0.0041	0.0000	0.0000	0.0000	0.0000	0.0000	0.0000	0.0000	0.0000	0.0000	0.0004	0.0001	0.0009	0.0002	0.0002	0.0000	0.0005	0.0000	0.0010		
49	101	0.1732	15	0	1	0	0	0	0	0	0	N	N	N	N	N	N	N	N	N	N	N	N	0.0000	0.0000	0.0000	0.0000	0.0000	0.0000	0.0000	0.0000	0.0000	0.0000	0.0000	0.0000	0.0000	0.0000	0.0000	0.0000	0.0000	0.0007	0.0005	0.0010	0.0010	0.0011	0.0000	0.0005	0.0000	0.0011	0.9943	0.0000	-0.0000	0.0000	0.1361	2.0001	0.4500	0.0000	0.0000	0.0000	0.0000	0.0000	0.0000	0.0000	0.0000	0.0000	0.0000	0.0000	0.0000	0.0000	0.0000	0.0000	0.0000	0.0000	0.0000	0.0000	0.0000	0.0000	0.0000	0.0000	0.0000	0.0000	0.0000	0.0000	0.0019	0.0012	0.0007	0.0007	0.0006	0.0001	0.0012	0.0006	0.0006	0.0000	0.0000	0.0000	0.0000	0.0000	0.0000	0.0000	0.0000	0.0000	0.0007	0.0005	0.0010	0.0010	0.0011	0.0000	0.0005	0.0000	0.0011		
49	102	0.1573	14	0	1	0	0	0	0	0	0	N	N	N	N	N	N	N	N	N	N	N	N	0.0000	0.0000	0.0000	0.0000	0.0000	0.0000	0.0000	0.0000	0.0000	0.0000	0.0000	0.0000	0.0000	0.0000	0.0000	0.0000	0.0000	0.0017	0.0027	0.0001	0.0070	0.0078	0.0000	0.0000	0.0000	0.0001	0.0204	0.0000	-0.0000	0.0000	3.5591	2.0001	4.5341	0.0000	0.0000	0.0000	0.0000	0.0000	0.0000	0.0000	0.0000	0.0000	0.0000	0.0000	0.0000	0.0000	0.0000	0.0000	0.0000	0.0000	0.0000	0.0000	0.0000	0.0000	0.0000	0.0000	0.0000	0.0000	0.0000	0.0000	0.0195	0.0117	0.0078	0.0045	0.0040	0.0005	0.0149	0.0076	0.0073	0.0000	0.0000	0.0000	0.0000	0.0000	0.0000	0.0000	0.0000	0.0000	0.0017	0.0027	0.0001	0.0070	0.0078	0.0000	0.0000	0.0000	0.0001		
49	103	0.1356	13	0	1	0	0	0	0	0	0	N	N	N	N	N	N	N	N	N	N	N	N	0.0000	0.0000	0.0000	0.0000	0.0000	0.0000	0.0000	0.0000	0.0000	0.0000	0.0000	0.0000	0.0000	0.0000	0.0000	0.0000	0.0000	0.0030	0.0051	0.0000	0.0123	0.0137	0.0000	0.0005	0.0010	0.0000	0.0002	0.0000	-0.0000	0.0000	2.8937	2.0001	8.0733	0.0000	0.0000	0.0000	0.0000	0.0000	0.0000	0.0000	0.0000	0.0000	0.0001	0.0001	0.0000	0.0001	0.0001	0.0000	0.0000	0.0000	0.0000	0.0000	0.0000	0.0000	0.0000	0.0000	0.0000	0.0000	0.0000	0.0000	0.0258	0.0151	0.0107	0.0055	0.0049	0.0006	0.0203	0.0102	0.0101	0.0000	0.0000	0.0000	0.0000	0.0000	0.0000	0.0000	0.0000	0.0000	0.0030	0.0051	0.0000	0.0123	0.0137	0.0000	0.0005	0.0010	0.0000		
49	104	0.1304	9	0	2	0	0	0	0	0	0	N	Y	N	N	N	N	N	N	N	N	N	N	0.0000	0.0000	0.0000	0.0000	0.0000	0.0000	0.0000	0.0000	0.0000	0.0000	0.0000	0.0000	0.0000	0.0000	0.0000	0.0000	0.0000	0.0000	0.0080	0.0112	0.0000	0.0174	0.0199	0.0001	0.0001	0.0002	0.0000	0.0017	0.0000	-0.0000	0.0000	0.0277	2.0001	1.3445	0.0000	0.0000	0.0000	0.0000	0.0000	0.0000	0.0000	0.0000	0.0000	0.0001	0.0001	0.0000	0.0001	0.0001	0.0000	0.0000	0.0000	0.0000	0.0000	0.0000	0.0000	0.0000	0.0000	0.0000	0.0000	0.0000	0.0000	0.0076	0.0054	0.0022	0.0035	0.0030	0.0004	0.0042	0.0024	0.0018	0.0000	0.0000	0.0000	0.0000	0.0000	0.0000	0.0000	0.0000	0.0000	0.0080	0.0112	0.0000	0.0174	0.0199	0.0001	0.0001	0.0002	0.0000	
49	105	0.0837	8	0	2	0	0	0	0	0	0	N	Y	N	N	N	N	N	N	N	N	N	N	0.0000	0.0000	0.0000	0.0000	0.0000	0.0000	0.0000	0.0000	0.0000	0.0000	0.0000	0.0000	0.0000	0.0000	0.0000	0.0000	0.0000	0.0000	0.0030	0.0031	0.0028	0.0092	0.0030	0.0499	0.0019	0.0031	0.0006	0.6630	0.0000	-0.0000	0.0000	5.1414	2.0001	16.4151	0.0000	0.0000	0.0000	0.0000	0.0000	0.0000	0.0000	0.0000	0.0000	0.0001	0.0001	0.0000	0.0001	0.0000	0.0000	0.0001	0.0001	0.0000	0.0000	0.0000	0.0000	0.0000	0.0000	0.0000	0.0000	0.0000	0.0000	0.0420	0.0243	0.0177	0.0060	0.0052	0.0008	0.0359	0.0191	0.0169	0.0000	0.0000	0.0000	0.0000	0.0000	0.0000	0.0000	0.0000	0.0000	0.0030	0.0031	0.0028	0.0092	0.0030	0.0499	0.0019	0.0031	0.0006	
49	106	0.0755	7	0	1	0	0	0	0	0	0	N	N	N	N	N	N	N	N	N	N	N	N	0.0000	0.0000	0.0000	0.0000	0.0000	0.0000	0.0000	0.0000	0.0000	0.0000	0.0000	0.0000	0.0000	0.0000	0.0000	0.0000	0.0000	0.0000	0.0010	0.0014	0.0004	0.0009	0.0009	0.0005	0.0010	0.0016	0.0004	0.1999	0.0000	-0.0000	0.0000	3.8974	2.0001	1.6364	0.0000	0.0000	0.0000	0.0000	0.0000	0.0000	0.0000	0.0000	0.0000	0.0000	0.0000	0.0000	0.0000	0.0000	0.0000	0.0000	0.0000	0.0000	0.0000	0.0000	0.0000	0.0000	0.0000	0.0000	0.0000	0.0000	0.0000	0.0159	0.0096	0.0062	0.0035	0.0033	0.0002	0.0123	0.0063	0.0060	0.0000	0.0000	0.0000	0.0000	0.0000	0.0000	0.0000	0.0000	0.0000	0.0010	0.0014	0.0004	0.0009	0.0009	0.0005	0.0010	0.0016	0.0004	
49	109	0.1659	14	1	2	0	1	0	0	0	0	N	Y	N	N	N	N	N	N	N	N	N	N	0.0000	0.0000	0.0000	0.0000	0.0000	0.0000	0.0000	0.0000	0.0000	0.0000	0.0000	0.0000	0.0000	0.0000	0.0000	0.0000	0.0000	0.0000	0.0000	0.0000	0.0000	0.0000	2.0001	0.0000	0.0000	0.0000	0.0000	0.0000	0.0000	0.0000	0.0000	0.0000	0.0000	0.0000	0.0000	0.0000	0.0000	0.0000	0.0000	0.0000	0.0000	0.0000	0.0000	0.0000	0.0000	0.0000	0.0000	0.0000	0.0000	0.0000	0.0000	0.0000	0.0000	0.0000	0.0000	0.0000	0.0000	0.0000	0.0000	0.0000	0.0000	0.0000	0.0000	0.0000	0.0000	0.0000	0.0000	0.0000	0.0000	0.0000	0.0000	0.0000	0.0000	0.0000	0.0000	0.0000	0.0000	0.0000											
49	110	0.1510	13	1	2	0	1	0	0	0	0	N	Y	N	N	N	N	N	N	N	N	N	N	0.0000	0.0000	0.0000	0.0000	0.0000	0.0000	0.0000	0.0000	0.0000	0.0000	0.0000	0.0000	0.0000	0.0000	0.0000	0.0024	0.0042	0.0000	0.0143	0.0156	0.0000	0.0000	0.0000	0.0000	0.0000	0.0000	-0.0000	0.0000	0.0000	2.0001	7.1240	0.0000	0.0000	0.0000	0.0000	0.0000	0.0000	0.0000	0.0000	0.0000	0.0000	0.0000	0.0000	0.0000	0.0000	0.0000	0.0000	0.0000	0.0000	0.0000	0.0000	0.0000	0.0000	0.0000	0.0000	0.0000	0.0000	0.0000	0.0170	0.0095	0.0075	0.0028	0.0026	0.0002	0.0142	0.0069	0.0072	0.0000	0.0000	0.0000	0.0000	0.0000	0.0000	0.0000	0.0000	0.0000	0.0024	0.0042	0.0000	0.0143	0.0156	0.0000	0.0000	0.0000	0.0000				
49	111	0.1599	15	0	2	0	1	0	0	0	0	N	Y	N	N	N	N	N	N	N	N	N	N	0.0000	0.0000	0.0000	0.0000	0.0000	0.0000	0.0000	0.0000	0.0000	0.0000	0.0000	0.0000	0.0000	0.0000	0.0000	86.4954	0.0000	368.0256	0.0134	0.0000	0.0929	107.2739	0.0000	387.0463	inf	0.0000	0.4568	0.0000	0.0016	2.0001	5.0076	0.0000	0.0000	0.0000	0.0000	0.0000	0.0000	0.0000	0.0000	0.0000	0.9996	0.0000	0.9996	0.0000	0.0000	0.0000	0.9995	0.0000	0.9995	0.0000	0.0000	0.0000	0.0000	0.0000	0.0000	0.0000	0.0000	0.0000	0.0116	0.0065	0.0050	0.0022	0.0019	0.0003	0.0093	0.0046	0.0047	0.0000	0.0000	0.0000	0.0000	0.0000	0.0000	0.0000	0.0000	0.0000	86.4954	0.0000	199.1605	0.0134	0.0000	0.0929	107.2739	0.0000	212.8474				
49	112	0.1531	14	0	2	0	1	0	0	0	0	N	Y	N	N	N	N	N	N	N	N	N	N	0.0000	0.0000	0.0000	0.0000	0.0000	0.0000	0.0000	0.0000	0.0000	0.0000	0.0000	0.0000	0.0000	0.0000	0.0000	0.0519	0.0064	0.1117	0.0000	0.0000	0.0000	0.0659	0.0097	0.1168	13.3330	0.0000	0.0002	0.0000	1.0012	2.0001	2.1373	0.0000	0.0000	0.0000	0.0000	0.0000	0.0000	0.0000	0.0000	0.0000	0.0004	0.0000	0.0004	0.0000	0.0000	0.0000	0.0004	0.0000	0.0004	0.0000	0.0000	0.0000	0.0000	0.0000	0.0000	0.0000	0.0000	0.0000	0.0083	0.0047	0.0036	0.0018	0.0016	0.0002	0.0065	0.0031	0.0034	0.0000	0.0000	0.0000	0.0000	0.0000	0.0000	0.0000	0.0000	0.0000	0.0519	0.0064	0.1117	0.0000	0.0000	0.0000	0.0659	0.0097	0.1168				
49	113	0.1614	14	0	2	0	0	0	0	0	0	N	Y	N	N	N	N	N	N	N	N	N	N	0.0000	0.0000	0.0000	0.0000	0.0000	0.0000	0.0000	0.0000	0.0000	0.0000	0.0000	0.0000	0.0000	0.0000	0.0000	0.0001	0.0000	0.0003	0.0000	0.0000	0.0001	0.0002	0.0000	0.0003	inf	0.0000	0.0000	0.0000	0.9705	2.0001	5.0371	0.0000	0.0000	0.0000	0.0000	0.0000	0.0000	0.0000	0.0000	0.0000	0.0000	0.0000	0.0000	0.0000	0.0000	0.0000	0.0000	0.0000	0.0000	0.0000	0.0000	0.0000	0.0000	0.0000	0.0000	0.0000	0.0000	0.0000	0.0141	0.0080	0.0061	0.0024	0.0022	0.0002	0.0118	0.0059	0.0059	0.0000	0.0000	0.0000	0.0000	0.0000	0.0000	0.0000	0.0000	0.0000	0.0001	0.0000	0.0003	0.0000	0.0000	0.0001	0.0002	0.0000	0.0003				
49	114	0.1531	14	0	1	1	1	0	0	0	0	N	N	N	N	N	N	N	N	N	N	N	N	0.0000	0.0000	0.0000	0.0000	0.0000	0.0000	0.0000	0.0000	0.0000	0.0000	0.0000	0.0000	0.0000	0.0000	0.0000	0.0000	0.0000	0.0000	0.0000	0.0000	0.0000	0.0000	2.0001	1.1303	0.0000	0.0000	0.0000	0.0000	0.0000	0.0000	0.0000	0.0000	0.0000	0.0000	0.0000	0.0000	0.0000	0.0000	0.0000	0.0000	0.0000	0.0000	0.0000	0.0000	0.0000	0.0000	0.0000	0.0000	0.0000	0.0000	0.0000	0.0037	0.0022	0.0016	0.0010	0.0009	0.0001	0.0027	0.0012	0.0015	0.0000	0.0000	0.0000	0.0000	0.0000	0.0000	0.0000	0.0000	0.0000	0.0000	0.0000	0.0000	0.0000	0.0000	0.0000	0.0000	0.0000	0.0000											
49	115	0.1510	13	0	1	0	1	0	0	0	0	N	N	N	N	N	N	N	N	N	N	N	N	0.0000	0.0000	0.0000	0.0000	0.0000	0.0000	0.0000	0.0000	0.0000	0.0000	0.0000	0.0000	0.0000	0.0000	0.0000	0.0000	0.0000	0.0000	0.0000	0.0000	0.0003	0.0000	0.0000	0.0000	inf	0.0000	0.0000	0.0000	0.0000	2.0001	1.2340	0.0000	0.0000	0.0000	0.0000	0.0000	0.0000	0.0000	0.0000	0.0000	0.0000	0.0000	0.0000	0.0000	0.0000	0.0000	0.0000	0.0000	0.0000	0.0000	0.0000	0.0000	0.0000	0.0000	0.0000	0.0000	0.0000	0.0000	0.0040	0.0023	0.0017	0.0010	0.0010	0.0000	0.0030	0.0014	0.0017	0.0000	0.0000	0.0000	0.0000	0.0000	0.0000	0.0000	0.0000	0.0000	0.0000	0.0000	0.0000	0.0000	0.0000	0.0003	0.0000	0.0000	0.0000				
49	116	0.1585	14	0	1	1	1	0	0	0	0	N	N	N	N	N	N	N	N	N	N	N	N	0.0000	0.0000	0.0000	0.0000	0.0000	0.0000	0.0000	0.0000	0.0000	0.0000	0.0000	0.0000	0.0000	0.0000	0.0000	0.0000	0.0000	0.0000	0.0000	0.0000	0.0000	0.9725	2.0001	0.9874	0.0000	0.0000	0.0000	0.0000	0.0000	0.0000	0.0000	0.0000	0.0000	0.0000	0.0000	0.0000	0.0000	0.0000	0.0000	0.0000	0.0000	0.0000	0.0000	0.0000	0.0000	0.0000	0.0000	0.0000	0.0000	0.0000	0.0000	0.0046	0.0028	0.0018	0.0009	0.0008	0.0001	0.0037	0.0020	0.0018	0.0000	0.0000	0.0000	0.0000	0.0000	0.0000	0.0000	0.0000	0.0000	0.0000	0.0000	0.0000	0.0000	0.0000	0.0000	0.0000	0.0000	0.0000											
49	117	0.1585	14	0	1	1	1	0	0	0	0	N	N	N	N	N	N	N	N	N	N	N	N	0.0000	0.0000	0.0000	0.0000	0.0000	0.0000	0.0000	0.0000	0.0000	0.0000	0.0000	0.0000	0.0000	0.0000	0.0000	0.0000	0.0000	0.0000	0.0000	0.0000	0.0000	0.0285	2.0001	4.0215	0.0000	0.0000	0.0000	0.0000	0.0000	0.0000	0.0000	0.0000	0.0000	0.0000	0.0000	0.0000	0.0000	0.0000	0.0000	0.0000	0.0000	0.0000	0.0000	0.0000	0.0000	0.0000	0.0000	0.0000	0.0000	0.0000	0.0000	0.0091	0.0054	0.0037	0.0016	0.0015	0.0002	0.0075	0.0039	0.0036	0.0000	0.0000	0.0000	0.0000	0.0000	0.0000	0.0000	0.0000	0.0000	0.0000	0.0000	0.0000	0.0000	0.0000	0.0000	0.0000	0.0000	0.0000											
49	118	0.1510	13	0	1	1	1	0	0	0	0	N	N	N	N	N	N	N	N	N	N	N	N	0.0000	0.0000	0.0000	0.0000	0.0000	0.0000	0.0000	0.0000	0.0000	0.0000	0.0000	0.0000	0.0000	0.0000	0.0000	0.0000	0.0000	0.0000	0.0000	0.0000	0.0001	0.0000	0.0000	0.0000	inf	0.0000	0.0000	0.0000	3.0275	2.0001	2.1573	0.0000	0.0000	0.0000	0.0000	0.0000	0.0000	0.0000	0.0000	0.0000	0.0000	0.0000	0.0000	0.0000	0.0000	0.0000	0.0000	0.0000	0.0000	0.0000	0.0000	0.0000	0.0000	0.0000	0.0000	0.0000	0.0000	0.0000	0.0128	0.0072	0.0056	0.0022	0.0020	0.0002	0.0106	0.0051	0.0054	0.0000	0.0000	0.0000	0.0000	0.0000	0.0000	0.0000	0.0000	0.0000	0.0000	0.0000	0.0000	0.0000	0.0000	0.0001	0.0000	0.0000	0.0000				
49	119	0.1922	13	1	2	0	0	0	0	0	0	N	Y	N	N	N	N	N	N	N	N	N	N	0.0000	0.0000	0.0000	0.0000	0.0000	0.0000	0.0000	0.0000	0.0000	0.0000	0.0000	0.0000	0.0000	0.0000	0.0000	0.0000	0.0000	0.0000	0.0008	0.0000	0.0022	0.0000	0.0000	0.0001	0.0011	0.0000	0.0023	1433.2973	0.0000	0.0000	0.0000	2.1883	2.0001	3.1271	0.0000	0.0000	0.0000	0.0000	0.0000	0.0000	0.0000	0.0000	0.0000	0.0000	0.0000	0.0000	0.0000	0.0000	0.0000	0.0000	0.0000	0.0000	0.0000	0.0000	0.0000	0.0000	0.0000	0.0000	0.0000	0.0000	0.0000	0.0127	0.0077	0.0049	0.0033	0.0030	0.0003	0.0093	0.0048	0.0046	0.0000	0.0000	0.0000	0.0000	0.0000	0.0000	0.0000	0.0000	0.0000	0.0008	0.0000	0.0022	0.0000	0.0000	0.0001	0.0011	0.0000	0.0023	
49	120	0.1253	12	1	2	0	0	0	0	0	0	N	Y	N	N	N	N	N	N	N	N	N	N	0.0000	0.0000	0.0000	0.0000	0.0000	0.0000	0.0000	0.0000	0.0000	0.0000	0.0000	0.0000	0.0000	0.0000	0.0000	0.0000	0.0000	0.0003	0.0006	0.0000	0.0009	0.0011	0.0000	0.0002	0.0004	0.0000	0.0070	0.0000	-0.0000	0.0000	13.6104	2.0001	16.0982	0.0000	0.0000	0.0000	0.0000	0.0000	0.0000	0.0000	0.0000	0.0000	0.0000	0.0000	0.0000	0.0000	0.0000	0.0000	0.0000	0.0000	0.0000	0.0000	0.0000	0.0000	0.0000	0.0000	0.0000	0.0000	0.0000	0.0000	0.0601	0.0352	0.0248	0.0116	0.0101	0.0015	0.0484	0.0252	0.0233	0.0000	0.0000	0.0000	0.0000	0.0000	0.0000	0.0000	0.0000	0.0000	0.0003	0.0006	0.0000	0.0009	0.0011	0.0000	0.0002	0.0004	0.0000		
49	121	0.1505	14	0	2	0	0	0	0	0	0	N	Y	N	N	N	N	N	N	N	N	N	N	0.0000	0.0000	0.0000	0.0000	0.0000	0.0000	0.0000	0.0000	0.0000	0.0000	0.0000	0.0000	0.0000	0.0000	0.0000	0.0000	0.0000	0.0077	0.0121	0.0000	0.0189	0.0220	0.0000	0.0000	0.0000	0.0000	0.0000	0.0000	-0.0001	0.0000	0.3548	2.0001	4.6068	0.0000	0.0000	0.0000	0.0000	0.0000	0.0000	0.0000	0.0000	0.0000	0.0002	0.0002	0.0000	0.0002	0.0002	0.0000	0.0000	0.0000	0.0000	0.0000	0.0000	0.0000	0.0000	0.0000	0.0000	0.0000	0.0000	0.0000	0.0246	0.0157	0.0089	0.0100	0.0086	0.0014	0.0145	0.0070	0.0075	0.0000	0.0000	0.0000	0.0000	0.0000	0.0000	0.0000	0.0000	0.0000	0.0077	0.0121	0.0000	0.0189	0.0220	0.0000	0.0000	0.0000	0.0000		
49	122	0.1356	13	0	2	0	0	0	0	0	0	N	Y	N	N	N	N	N	N	N	N	N	N	0.0000	0.0000	0.0000	0.0000	0.0000	0.0000	0.0000	0.0000	0.0000	0.0000	0.0000	0.0000	0.0000	0.0000	0.0000	0.0000	0.0000	0.0000	0.0103	0.0166	0.0014	0.0000	0.0000	0.0000	0.0134	0.0256	0.0015	0.0590	0.0000	-0.0001	0.0000	1.6911	2.0001	5.7022	0.0000	0.0000	0.0000	0.0000	0.0000	0.0000	0.0000	0.0000	0.0000	0.0002	0.0002	0.0000	0.0000	0.0000	0.0000	0.0002	0.0002	0.0000	0.0000	0.0000	0.0000	0.0000	0.0000	0.0000	0.0000	0.0000	0.0000	0.0185	0.0108	0.0076	0.0042	0.0038	0.0004	0.0143	0.0070	0.0072	0.0000	0.0000	0.0000	0.0000	0.0000	0.0000	0.0000	0.0000	0.0000	0.0103	0.0166	0.0014	0.0000	0.0000	0.0000	0.0134	0.0256	0.0015	
49	123	0.1253	12	0	1	0	0	0	0	0	0	N	N	N	N	N	N	N	N	N	N	N	N	0.0000	0.0000	0.0000	0.0000	0.0000	0.0000	0.0000	0.0000	0.0000	0.0000	0.0000	0.0000	0.0000	0.0000	0.0000	0.0000	0.0000	0.0000	0.0001	0.0001	0.0000	0.0002	0.0003	0.0000	0.0000	0.0000	0.0000	0.1960	0.0000	-0.0000	0.0000	2.0929	2.0001	3.1856	0.0000	0.0000	0.0000	0.0000	0.0000	0.0000	0.0000	0.0000	0.0000	0.0000	0.0000	0.0000	0.0000	0.0000	0.0000	0.0000	0.0000	0.0000	0.0000	0.0000	0.0000	0.0000	0.0000	0.0000	0.0000	0.0000	0.0000	0.0139	0.0080	0.0059	0.0035	0.0030	0.0005	0.0104	0.0050	0.0054	0.0000	0.0000	0.0000	0.0000	0.0000	0.0000	0.0000	0.0000	0.0000	0.0001	0.0001	0.0000	0.0002	0.0003	0.0000	0.0000	0.0000	0.0000	
49	124	0.1660	15	1	2	0	0	0	0	0	0	N	Y	N	N	N	N	N	N	N	N	N	N	0.0000	0.0000	0.0000	0.0000	0.0000	0.0000	0.0000	0.0000	0.0000	0.0000	0.0000	0.0000	0.0000	0.0000	0.0000	0.0000	0.0000	0.0000	0.0000	0.0000	0.0000	0.0000	2.0001	0.0000	0.0000	0.0000	0.0000	0.0000	0.0000	0.0000	0.0000	0.0000	0.0000	0.0000	0.0000	0.0000	0.0000	0.0000	0.0000	0.0000	0.0000	0.0000	0.0000	0.0000	0.0000	0.0000	0.0000	0.0000	0.0000	0.0000	0.0000	0.0000	0.0000	0.0000	0.0000	0.0000	0.0000	0.0000	0.0000	0.0000	0.0000	0.0000	0.0000	0.0000	0.0000	0.0000	0.0000	0.0000	0.0000	0.0000	0.0000	0.0000	0.0000	0.0000	0.0000	0.0000	0.0000	0.0000											
49	125	0.1614	14	1	2	0	0	0	0	0	0	N	Y	N	N	N	N	N	N	N	N	N	N	0.0000	0.0000	0.0000	0.0000	0.0000	0.0000	0.0000	0.0000	0.0000	0.0000	0.0000	0.0000	0.0000	0.0000	0.0000	0.0000	0.0122	0.0209	0.0000	0.0620	0.0663	0.0000	0.0000	0.0000	0.0000	0.0000	0.0000	-0.0000	0.0000	0.1434	2.0001	1.9839	0.0000	0.0000	0.0000	0.0000	0.0000	0.0000	0.0000	0.0000	0.0000	0.0001	0.0001	0.0000	0.0001	0.0001	0.0000	0.0000	0.0000	0.0000	0.0000	0.0000	0.0000	0.0000	0.0000	0.0000	0.0000	0.0000	0.0000	0.0056	0.0033	0.0023	0.0011	0.0010	0.0001	0.0045	0.0022	0.0023	0.0000	0.0000	0.0000	0.0000	0.0000	0.0000	0.0000	0.0000	0.0000	0.0122	0.0209	0.0000	0.0620	0.0663	0.0000	0.0000	0.0000	0.0000			
49	126	0.1510	13	0	2	0	0	0	0	0	0	N	Y	N	N	N	N	N	N	N	N	N	N	0.0000	0.0000	0.0000	0.0000	0.0000	0.0000	0.0000	0.0000	0.0000	0.0000	0.0000	0.0000	0.0000	0.0000	0.0000	0.0000	0.0000	0.0002	0.0003	0.0000	0.0009	0.0010	0.0001	0.0000	0.0000	0.0000	0.0071	0.0000	-0.0000	0.0000	1.8882	2.0001	2.9115	0.0000	0.0000	0.0000	0.0000	0.0000	0.0000	0.0000	0.0000	0.0000	0.0000	0.0000	0.0000	0.0000	0.0000	0.0000	0.0000	0.0000	0.0000	0.0000	0.0000	0.0000	0.0000	0.0000	0.0000	0.0000	0.0000	0.0000	0.0119	0.0067	0.0052	0.0021	0.0019	0.0002	0.0098	0.0048	0.0051	0.0000	0.0000	0.0000	0.0000	0.0000	0.0000	0.0000	0.0000	0.0000	0.0002	0.0003	0.0000	0.0009	0.0010	0.0001	0.0000	0.0000	0.0000		
49	127	0.1253	12	0	1	0	0	0	0	0	0	N	N	N	N	N	N	N	N	N	N	N	N	0.0000	0.0000	0.0000	0.0000	0.0000	0.0000	0.0000	0.0000	0.0000	0.0000	0.0000	0.0000	0.0000	0.0000	0.0000	0.0000	0.0000	0.0000	0.0028	0.0018	0.0042	0.0098	0.0038	0.0494	0.0009	0.0009	0.0009	1.6825	0.0000	0.0000	0.0000	3.5543	2.0001	9.0319	0.0000	0.0000	0.0000	0.0000	0.0000	0.0000	0.0000	0.0000	0.0000	0.0001	0.0000	0.0001	0.0001	0.0000	0.0000	0.0000	0.0000	0.0000	0.0000	0.0000	0.0000	0.0000	0.0000	0.0000	0.0000	0.0000	0.0000	0.0287	0.0167	0.0120	0.0061	0.0053	0.0008	0.0226	0.0114	0.0111	0.0000	0.0000	0.0000	0.0000	0.0000	0.0000	0.0000	0.0000	0.0000	0.0028	0.0018	0.0042	0.0098	0.0038	0.0494	0.0009	0.0009	0.0009	
49	128	0.1216	11	0	1	0	0	0	0	0	0	N	N	N	N	N	N	N	N	N	N	N	N	0.0000	0.0000	0.0000	0.0000	0.0000	0.0000	0.0000	0.0000	0.0000	0.0000	0.0000	0.0000	0.0000	0.0000	0.0000	0.0000	0.0000	0.0000	0.0001	0.0001	0.0000	0.0001	0.0001	0.0000	0.0000	0.0001	0.0000	0.4679	0.0000	-0.0000	0.0000	2.6246	2.0001	0.7212	0.0000	0.0000	0.0000	0.0000	0.0000	0.0000	0.0000	0.0000	0.0000	0.0000	0.0000	0.0000	0.0000	0.0000	0.0000	0.0000	0.0000	0.0000	0.0000	0.0000	0.0000	0.0000	0.0000	0.0000	0.0000	0.0000	0.0000	0.0121	0.0072	0.0049	0.0039	0.0037	0.0002	0.0082	0.0035	0.0047	0.0000	0.0000	0.0000	0.0000	0.0000	0.0000	0.0000	0.0000	0.0000	0.0001	0.0001	0.0000	0.0001	0.0001	0.0000	0.0000	0.0001	0.0000	
49	129	0.1158	10	0	1	0	0	0	0	0	0	N	N	N	N	N	N	N	N	N	N	N	N	0.0000	0.0000	0.0000	0.0000	0.0000	0.0000	0.0000	0.0000	0.0000	0.0000	0.0000	0.0000	0.0000	0.0000	0.0000	0.0000	0.0000	0.0000	0.0000	0.0000	0.0000	0.0001	0.0001	0.0000	0.0000	0.0000	0.0000	0.0978	0.0000	-0.0000	0.0000	3.3474	2.0001	1.3769	0.0000	0.0000	0.0000	0.0000	0.0000	0.0000	0.0000	0.0000	0.0000	0.0000	0.0000	0.0000	0.0000	0.0000	0.0000	0.0000	0.0000	0.0000	0.0000	0.0000	0.0000	0.0000	0.0000	0.0000	0.0000	0.0000	0.0000	0.0115	0.0071	0.0044	0.0026	0.0024	0.0003	0.0089	0.0047	0.0042	0.0000	0.0000	0.0000	0.0000	0.0000	0.0000	0.0000	0.0000	0.0000	0.0000	0.0000	0.0000	0.0001	0.0001	0.0000	0.0000	0.0000	0.0000	
49	130	0.1070	9	0	1	0	0	0	0	0	0	N	N	N	N	N	N	N	N	N	N	N	N	0.0000	0.0000	0.0000	0.0000	0.0000	0.0000	0.0000	0.0000	0.0000	0.0000	0.0000	0.0000	0.0000	0.0000	0.0000	0.0000	0.0000	0.0001	0.0001	0.0000	0.0002	0.0002	0.0000	0.0000	0.0000	0.0000	0.0194	0.0000	-0.0000	0.0000	0.4686	2.0001	4.0374	0.0000	0.0000	0.0000	0.0000	0.0000	0.0000	0.0000	0.0000	0.0000	0.0000	0.0000	0.0000	0.0000	0.0000	0.0000	0.0000	0.0000	0.0000	0.0000	0.0000	0.0000	0.0000	0.0000	0.0000	0.0000	0.0000	0.0000	0.0107	0.0062	0.0045	0.0023	0.0020	0.0003	0.0084	0.0042	0.0042	0.0000	0.0000	0.0000	0.0000	0.0000	0.0000	0.0000	0.0000	0.0000	0.0001	0.0001	0.0000	0.0002	0.0002	0.0000	0.0000	0.0000	0.0000		
50	53	0.1577	10	2	2	1	0	0	0	0	0	Y	Y	N	N	N	N	N	N	N	N	N	N	0.0000	0.0000	0.0000	0.0000	0.0000	0.0000	0.0000	0.0000	0.0000	0.0000	0.0000	0.0000	0.0000	0.0000	0.0000	0.0028	0.0000	0.0111	0.0077	0.0000	0.2522	0.0000	0.0000	0.0000	inf	0.0000	0.0000	0.0000	1.8240	1.7047	0.8872	0.0000	0.0000	0.0000	0.0000	0.0000	0.0000	0.0000	0.0000	0.0000	0.0000	0.0000	0.0000	0.0000	0.0000	0.0000	0.0000	0.0000	0.0000	0.0000	0.0000	0.0000	0.0000	0.0000	0.0000	0.0000	0.0000	0.0000	0.0125	0.0093	0.0032	0.0046	0.0045	0.0001	0.0079	0.0048	0.0030	0.0000	0.0000	0.0000	0.0000	0.0000	0.0000	0.0000	0.0000	0.0000	0.0028	0.0000	0.0111	0.0077	0.0000	0.2522	0.0000	0.0000	0.0000				
50	54	0.2417	22	1	2	1	1	0	0	0	0	N	Y	N	N	N	N	N	N	N	N	N	N	0.0000	0.0000	0.0000	0.0000	0.0000	0.0000	0.0000	0.0000	0.0000	0.0000	0.0000	0.0000	0.0000	0.0000	0.0000	0.0000	0.0000	0.0000	0.0000	0.0000	0.0000	0.0007	1.7047	4.7762	0.0000	0.0000	0.0000	0.0000	0.0000	0.0000	0.0000	0.0000	0.0000	0.0000	0.0000	0.0000	0.0000	0.0000	0.0000	0.0000	0.0000	0.0000	0.0000	0.0000	0.0000	0.0000	0.0000	0.0000	0.0000	0.0000	0.0000	0.0188	0.0146	0.0042	0.0077	0.0074	0.0003	0.0111	0.0072	0.0039	0.0000	0.0000	0.0000	0.0000	0.0000	0.0000	0.0000	0.0000	0.0000	0.0000	0.0000	0.0000	0.0000	0.0000	0.0000	0.0000	0.0000	0.0000											
50	55	0.2417	22	1	1	1	1	0	0	0	0	N	N	N	N	N	N	N	N	N	N	N	N	0.0000	0.0000	0.0000	0.0000	0.0000	0.0000	0.0000	0.0000	0.0000	0.0000	0.0000	0.0000	0.0000	0.0000	0.0000	0.0000	0.0000	0.0000	0.0000	0.0000	0.0000	0.0007	1.7047	3.2259	0.0000	0.0000	0.0000	0.0000	0.0000	0.0000	0.0000	0.0000	0.0000	0.0000	0.0000	0.0000	0.0000	0.0000	0.0000	0.0000	0.0000	0.0000	0.0000	0.0000	0.0000	0.0000	0.0000	0.0000	0.0000	0.0000	0.0000	0.0133	0.0104	0.0030	0.0055	0.0053	0.0002	0.0078	0.0051	0.0028	0.0000	0.0000	0.0000	0.0000	0.0000	0.0000	0.0000	0.0000	0.0000	0.0000	0.0000	0.0000	0.0000	0.0000	0.0000	0.0000	0.0000	0.0000											
50	56	0.2373	21	1	1	1	1	0	0	0	0	N	N	N	N	N	N	N	N	N	N	N	N	0.0000	0.0000	0.0000	0.0000	0.0000	0.0000	0.0000	0.0000	0.0000	0.0000	0.0000	0.0000	0.0000	0.0000	0.0000	0.0000	0.0000	0.0000	0.0000	0.0000	0.0000	0.9953	1.7047	1.3904	0.0000	0.0000	0.0000	0.0000	0.0000	0.0000	0.0000	0.0000	0.0000	0.0000	0.0000	0.0000	0.0000	0.0000	0.0000	0.0000	0.0000	0.0000	0.0000	0.0000	0.0000	0.0000	0.0000	0.0000	0.0000	0.0000	0.0000	0.0101	0.0079	0.0022	0.0042	0.0040	0.0002	0.0059	0.0039	0.0020	0.0000	0.0000	0.0000	0.0000	0.0000	0.0000	0.0000	0.0000	0.0000	0.0000	0.0000	0.0000	0.0000	0.0000	0.0000	0.0000	0.0000	0.0000											
50	57	0.2306	20	1	1	1	1	0	0	0	0	N	N	N	N	N	N	N	N	N	N	N	N	0.0000	0.0000	0.0000	0.0000	0.0000	0.0000	0.0000	0.0000	0.0000	0.0000	0.0000	0.0000	0.0000	0.0005	0.0000	0.0022	0.0013	0.0000	0.0310	0.0000	0.0000	0.0000	inf	0.0000	0.0000	0.0000	0.0068	1.7047	3.2797	0.0000	0.0000	0.0000	0.0000	0.0000	0.0000	0.0000	0.0000	0.0000	0.0000	0.0000	0.0000	0.0000	0.0000	0.0000	0.0000	0.0000	0.0000	0.0000	0.0000	0.0000	0.0000	0.0000	0.0000	0.0000	0.0000	0.0000	0.0132	0.0101	0.0032	0.0054	0.0052	0.0002	0.0078	0.0049	0.0029	0.0000	0.0000	0.0000	0.0000	0.0000	0.0000	0.0000	0.0000	0.0000	0.0005	0.0000	0.0022	0.0013	0.0000	0.0310	0.0000	0.0000	0.0000						
50	58	0.1895	19	1	1	1	1	0	0	0	0	N	N	N	N	N	N	N	N	N	N	N	N	0.0000	0.0000	0.0000	0.0000	0.0000	0.0000	0.0000	0.0000	0.0000	0.0000	0.0000	0.0000	0.0000	0.0000	0.0000	0.0000	0.0000	0.0000	0.1559	0.0001	0.5780	0.1721	0.0002	4.0617	0.1438	0.0000	0.3489	1849.2807	0.0000	0.0059	0.0000	5.8573	1.7047	13.1443	0.0000	0.0000	0.0000	0.0000	0.0000	0.0000	0.0000	0.0000	0.0000	0.0130	0.0000	0.0130	0.0061	0.0000	0.0061	0.0069	0.0000	0.0069	0.0000	0.0000	0.0000	0.0000	0.0000	0.0000	0.0000	0.0000	0.0000	0.0831	0.0607	0.0224	0.0354	0.0327	0.0027	0.0478	0.0281	0.0197	0.0000	0.0000	0.0000	0.0000	0.0000	0.0000	0.0000	0.0000	0.0000	0.1559	0.0001	0.5780	0.1721	0.0002	2.2374	0.1438	0.0000	0.3489	
50	59	0.0626	7	1	2	2	0	0	0	0	0	N	Y	Y	N	N	N	N	N	N	N	N	N	0.0000	0.0000	0.0000	0.0000	0.0000	0.0000	0.0000	0.0000	0.0000	0.0000	0.0000	0.0000	0.0000	0.0000	0.0000	17.5385	23.6977	0.0000	35.2696	43.6149	0.0000	0.0045	0.0064	0.0000	0.0000	0.0000	-0.3742	0.0000	0.9979	1.7047	4.0614	0.0000	0.0000	0.0000	0.0000	0.0000	0.0000	0.0000	0.0000	0.0000	0.6892	0.6892	0.0000	0.6892	0.6892	0.0000	0.0001	0.0001	0.0000	0.0000	0.0000	0.0000	0.0000	0.0000	0.0000	0.0000	0.0000	0.0000	0.0393	0.0291	0.0102	0.0205	0.0158	0.0047	0.0188	0.0133	0.0055	0.0000	0.0000	0.0000	0.0000	0.0000	0.0000	0.0000	0.0000	0.0000	17.5385	23.6977	0.0000	33.6005	43.6149	0.0000	0.0045	0.0064	0.0000				
50	60	0.0542	6	1	2	1	0	0	0	0	0	N	Y	N	N	N	N	N	N	N	N	N	N	0.0000	0.0000	0.0000	0.0000	0.0000	0.0000	0.0000	0.0000	0.0000	0.0000	0.0000	0.0000	0.0000	0.0000	0.0000	0.0000	0.0000	0.0000	0.8547	1.1296	0.0912	2.6287	2.6358	2.5923	0.0005	0.0000	0.0014	0.0291	0.0000	-0.0085	0.0000	2.2356	1.7047	2.2044	0.0000	0.0000	0.0000	0.0000	0.0000	0.0000	0.0000	0.0000	0.0000	0.0166	0.0161	0.0005	0.0166	0.0161	0.0005	0.0000	0.0000	0.0000	0.0000	0.0000	0.0000	0.0000	0.0000	0.0000	0.0000	0.0000	0.0000	0.0194	0.0143	0.0051	0.0064	0.0061	0.0003	0.0130	0.0082	0.0049	0.0000	0.0000	0.0000	0.0000	0.0000	0.0000	0.0000	0.0000	0.0000	0.8547	1.1296	0.0912	2.5918	2.6358	1.6368	0.0005	0.0000	0.0014	
50	61	0.0830	10	2	1	2	0	0	0	0	0	Y	N	Y	N	N	N	N	N	N	N	N	N	0.0000	0.0000	0.0000	0.0000	0.0000	0.0000	0.0000	0.0000	0.0000	0.0000	0.0000	0.0000	0.0000	0.0006	0.0000	0.0023	0.0020	0.0000	0.0754	0.0000	0.0000	0.0000	inf	0.0000	0.0000	0.0000	2.0703	1.7047	7.0012	0.0000	0.0000	0.0000	0.0000	0.0000	0.0000	0.0000	0.0000	0.0000	0.0000	0.0000	0.0000	0.0000	0.0000	0.0000	0.0000	0.0000	0.0000	0.0000	0.0000	0.0000	0.0000	0.0000	0.0000	0.0000	0.0000	0.0000	0.0344	0.0251	0.0093	0.0108	0.0106	0.0003	0.0236	0.0146	0.0091	0.0000	0.0000	0.0000	0.0000	0.0000	0.0000	0.0000	0.0000	0.0000	0.0006	0.0000	0.0023	0.0020	0.0000	0.0754	0.0000	0.0000	0.0000						
50	62	0.0814	9	1	1	1	0	0	0	0	0	N	N	N	N	N	N	N	N	N	N	N	N	0.0000	0.0000	0.0000	0.0000	0.0000	0.0000	0.0000	0.0000	0.0000	0.0000	0.0000	0.0000	0.0000	0.0000	0.0000	0.0074	0.0076	0.0068	0.0231	0.0178	0.2195	0.0000	0.0000	0.0000	0.3333	0.0000	-0.0000	0.0000	0.9285	1.7047	0.0280	0.0000	0.0000	0.0000	0.0000	0.0000	0.0000	0.0000	0.0000	0.0000	0.0000	0.0000	0.0000	0.0000	0.0000	0.0000	0.0000	0.0000	0.0000	0.0000	0.0000	0.0000	0.0000	0.0000	0.0000	0.0000	0.0000	0.0000	0.0038	0.0028	0.0010	0.0012	0.0012	0.0000	0.0026	0.0016	0.0010	0.0000	0.0000	0.0000	0.0000	0.0000	0.0000	0.0000	0.0000	0.0000	0.0074	0.0076	0.0068	0.0231	0.0178	0.2195	0.0000	0.0000	0.0000				
50	63	0.1265	12	2	2	1	0	0	0	0	0	Y	Y	N	N	N	N	N	N	N	N	N	N	0.0000	0.0000	0.0000	0.0000	0.0000	0.0000	0.0000	0.0000	0.0000	0.0000	0.0000	0.0000	0.0000	0.0000	0.0000	16.5913	26.1146	0.0000	37.0847	38.8009	0.0000	0.0000	0.0000	0.0000	0.0000	0.0000	-0.3734	0.0000	1.0023	1.7047	3.0135	0.0000	0.0000	0.0000	0.0000	0.0000	0.0000	0.0000	0.0000	0.0000	0.6878	0.6878	0.0000	0.6878	0.6878	0.0000	0.0000	0.0000	0.0000	0.0000	0.0000	0.0000	0.0000	0.0000	0.0000	0.0000	0.0000	0.0000	0.0415	0.0263	0.0151	0.0195	0.0177	0.0018	0.0219	0.0086	0.0133	0.0000	0.0000	0.0000	0.0000	0.0000	0.0000	0.0000	0.0000	0.0000	16.5913	26.1146	0.0000	35.2264	38.8009	0.0000	0.0000	0.0000	0.0000				
50	64	0.1001	11	2	2	1	0	0	0	0	0	Y	Y	N	N	N	N	N	N	N	N	N	N	0.0000	0.0000	0.0000	0.0000	0.0000	0.0000	0.0000	0.0000	0.0000	0.0000	0.0000	0.0000	0.0000	0.0000	0.0000	0.0000	0.0000	0.0000	0.4918	0.6359	0.1003	1.4891	1.4905	2.0101	0.0055	0.0001	0.0144	0.0580	0.0000	-0.0117	0.0000	3.0820	1.7047	9.3392	0.0000	0.0000	0.0000	0.0000	0.0000	0.0000	0.0000	0.0000	0.0000	0.0240	0.0227	0.0013	0.0238	0.0227	0.0011	0.0002	0.0000	0.0002	0.0000	0.0000	0.0000	0.0000	0.0000	0.0000	0.0000	0.0000	0.0000	0.0488	0.0357	0.0131	0.0160	0.0152	0.0008	0.0328	0.0204	0.0123	0.0000	0.0000	0.0000	0.0000	0.0000	0.0000	0.0000	0.0000	0.0000	0.4918	0.6359	0.1003	1.4891	1.4905	1.4617	0.0055	0.0001	0.0144	
50	65	0.0542	6	1	2	1	0	0	0	0	0	N	Y	N	N	N	N	N	N	N	N	N	N	0.0000	0.0000	0.0000	0.0000	0.0000	0.0000	0.0000	0.0000	0.0000	0.0000	0.0000	0.0000	0.0000	0.0000	0.0000	0.0152	0.0000	0.0560	0.0472	0.0000	1.4596	0.0003	0.0000	0.0009	inf	0.0000	0.0002	0.0000	1.7946	1.7047	5.9592	0.0000	0.0000	0.0000	0.0000	0.0000	0.0000	0.0000	0.0000	0.0000	0.0005	0.0000	0.0005	0.0005	0.0000	0.0005	0.0000	0.0000	0.0000	0.0000	0.0000	0.0000	0.0000	0.0000	0.0000	0.0000	0.0000	0.0000	0.0316	0.0230	0.0086	0.0100	0.0096	0.0004	0.0216	0.0134	0.0082	0.0000	0.0000	0.0000	0.0000	0.0000	0.0000	0.0000	0.0000	0.0000	0.0152	0.0000	0.0560	0.0472	0.0000	1.2318	0.0003	0.0000	0.0009				
50	66	0.0473	5	1	2	1	0	0	0	0	0	N	Y	N	N	N	N	N	N	N	N	N	N	0.0000	0.0000	0.0000	0.0000	0.0000	0.0000	0.0000	0.0000	0.0000	0.0000	0.0000	0.0000	0.0000	0.0000	0.0000	0.0000	0.0000	0.0405	0.0480	0.0215	0.1339	0.1175	0.8908	0.0000	0.0000	0.0000	0.1764	0.0000	-0.0002	0.0000	1.3569	1.7047	2.0560	0.0000	0.0000	0.0000	0.0000	0.0000	0.0000	0.0000	0.0000	0.0000	0.0006	0.0005	0.0001	0.0006	0.0005	0.0001	0.0000	0.0000	0.0000	0.0000	0.0000	0.0000	0.0000	0.0000	0.0000	0.0000	0.0000	0.0000	0.0139	0.0100	0.0039	0.0042	0.0041	0.0001	0.0097	0.0059	0.0038	0.0000	0.0000	0.0000	0.0000	0.0000	0.0000	0.0000	0.0000	0.0000	0.0405	0.0480	0.0215	0.1339	0.1175	0.6461	0.0000	0.0000	0.0000		
50	67	0.0340	4	1	2	1	0	0	0	0	0	N	Y	N	N	N	N	N	N	N	N	N	N	0.0000	0.0000	0.0000	0.0000	0.0000	0.0000	0.0000	0.0000	0.0000	0.0000	0.0000	0.0000	0.0000	0.0000	0.0000	0.0030	0.0040	0.0008	0.0099	0.0093	0.0381	0.0000	0.0000	0.0000	0.0833	0.0000	-0.0000	0.0000	4.9477	1.7047	2.0153	0.0000	0.0000	0.0000	0.0000	0.0000	0.0000	0.0000	0.0000	0.0000	0.0001	0.0001	0.0000	0.0001	0.0001	0.0000	0.0000	0.0000	0.0000	0.0000	0.0000	0.0000	0.0000	0.0000	0.0000	0.0000	0.0000	0.0000	0.0303	0.0211	0.0092	0.0092	0.0091	0.0002	0.0210	0.0120	0.0090	0.0000	0.0000	0.0000	0.0000	0.0000	0.0000	0.0000	0.0000	0.0000	0.0030	0.0040	0.0008	0.0099	0.0093	0.0381	0.0000	0.0000	0.0000				
50	68	0.2117	20	1	1	2	0	0	0	0	0	N	N	Y	N	N	N	N	N	N	N	N	N	0.0000	0.0000	0.0000	0.0000	0.0000	0.0000	0.0000	0.0000	0.0000	0.0000	0.0000	0.0000	0.0000	0.0000	0.0000	0.0016	0.0020	0.0000	0.0041	0.0043	0.0000	0.0000	0.0000	0.0000	0.0000	0.0000	-0.0000	0.0000	0.0000	1.7047	4.0001	0.0000	0.0000	0.0000	0.0000	0.0000	0.0000	0.0000	0.0000	0.0000	0.0000	0.0000	0.0000	0.0000	0.0000	0.0000	0.0000	0.0000	0.0000	0.0000	0.0000	0.0000	0.0000	0.0000	0.0000	0.0000	0.0000	0.0000	0.0171	0.0139	0.0032	0.0068	0.0066	0.0002	0.0103	0.0073	0.0030	0.0000	0.0000	0.0000	0.0000	0.0000	0.0000	0.0000	0.0000	0.0000	0.0016	0.0020	0.0000	0.0041	0.0043	0.0000	0.0000	0.0000	0.0000				
50	69	0.1895	19	1	1	1	0	0	0	0	0	N	N	N	N	N	N	N	N	N	N	N	N	0.0000	0.0000	0.0000	0.0000	0.0000	0.0000	0.0000	0.0000	0.0000	0.0000	0.0000	0.0000	0.0000	0.0000	0.0000	11.4601	15.9025	0.0000	27.9095	28.1822	0.0000	0.0000	0.0000	0.0000	0.0000	0.0000	-0.3789	0.0000	2.8240	1.7047	8.9883	0.0000	0.0000	0.0000	0.0000	0.0000	0.0000	0.0000	0.0000	0.0000	0.6979	0.6979	0.0000	0.6979	0.6979	0.0000	0.0000	0.0000	0.0000	0.0000	0.0000	0.0000	0.0000	0.0000	0.0000	0.0000	0.0000	0.0000	0.0609	0.0439	0.0170	0.0272	0.0248	0.0024	0.0337	0.0191	0.0146	0.0000	0.0000	0.0000	0.0000	0.0000	0.0000	0.0000	0.0000	0.0000	11.4601	15.9025	0.0000	25.6756	28.1822	0.0000	0.0000	0.0000	0.0000				
50	70	0.1805	18	1	1	1	0	0	0	0	0	N	N	N	N	N	N	N	N	N	N	N	N	0.0000	0.0000	0.0000	0.0000	0.0000	0.0000	0.0000	0.0000	0.0000	0.0000	0.0000	0.0000	0.0000	0.0000	0.0000	0.0000	0.0000	0.0000	0.5220	0.6827	0.0227	1.2530	1.2848	0.3698	0.0019	0.0000	0.0048	0.0107	0.0000	-0.0070	0.0000	1.4521	1.7047	3.5882	0.0000	0.0000	0.0000	0.0000	0.0000	0.0000	0.0000	0.0000	0.0000	0.0131	0.0130	0.0001	0.0131	0.0130	0.0001	0.0000	0.0000	0.0000	0.0000	0.0000	0.0000	0.0000	0.0000	0.0000	0.0000	0.0000	0.0000	0.0251	0.0190	0.0061	0.0104	0.0101	0.0003	0.0147	0.0089	0.0058	0.0000	0.0000	0.0000	0.0000	0.0000	0.0000	0.0000	0.0000	0.0000	0.5220	0.6827	0.0227	1.2530	1.2848	0.3215	0.0019	0.0000	0.0048	
50	71	0.1778	17	1	1	1	0	0	0	0	0	N	N	N	N	N	N	N	N	N	N	N	N	0.0000	0.0000	0.0000	0.0000	0.0000	0.0000	0.0000	0.0000	0.0000	0.0000	0.0000	0.0000	0.0000	0.0000	0.0000	0.0000	0.0000	0.0000	0.0139	0.0141	0.0132	0.0307	0.0253	0.2174	0.0009	0.0000	0.0023	0.3000	0.0000	-0.0001	0.0000	1.1783	1.7047	0.9542	0.0000	0.0000	0.0000	0.0000	0.0000	0.0000	0.0000	0.0000	0.0000	0.0002	0.0001	0.0000	0.0002	0.0001	0.0000	0.0000	0.0000	0.0000	0.0000	0.0000	0.0000	0.0000	0.0000	0.0000	0.0000	0.0000	0.0000	0.0132	0.0100	0.0032	0.0057	0.0056	0.0002	0.0074	0.0044	0.0030	0.0000	0.0000	0.0000	0.0000	0.0000	0.0000	0.0000	0.0000	0.0000	0.0139	0.0141	0.0132	0.0307	0.0253	0.2174	0.0009	0.0000	0.0023	
50	72	0.1732	16	1	1	1	0	0	0	0	0	N	N	N	N	N	N	N	N	N	N	N	N	0.0000	0.0000	0.0000	0.0000	0.0000	0.0000	0.0000	0.0000	0.0000	0.0000	0.0000	0.0000	0.0000	0.0024	0.0032	0.0000	0.0058	0.0060	0.0000	0.0000	0.0000	0.0000	0.0000	0.0000	-0.0000	0.0000	2.0762	1.7047	1.4610	0.0000	0.0000	0.0000	0.0000	0.0000	0.0000	0.0000	0.0000	0.0000	0.0000	0.0000	0.0000	0.0000	0.0000	0.0000	0.0000	0.0000	0.0000	0.0000	0.0000	0.0000	0.0000	0.0000	0.0000	0.0000	0.0000	0.0000	0.0174	0.0132	0.0042	0.0073	0.0070	0.0002	0.0101	0.0062	0.0040	0.0000	0.0000	0.0000	0.0000	0.0000	0.0000	0.0000	0.0000	0.0000	0.0024	0.0032	0.0000	0.0058	0.0060	0.0000	0.0000	0.0000	0.0000						
50	73	0.1090	12	1	1	1	0	0	0	0	0	N	N	N	N	N	N	N	N	N	N	N	N	0.0000	0.0000	0.0000	0.0000	0.0000	0.0000	0.0000	0.0000	0.0000	0.0000	0.0000	0.0000	0.0000	0.0000	0.0000	8.0399	11.0417	0.0000	25.3271	24.2817	0.0000	0.0028	0.0045	0.0000	0.0000	0.0000	-0.3785	0.0000	4.0673	1.7047	17.8409	0.0000	0.0000	0.0000	0.0000	0.0000	0.0000	0.0000	0.0000	0.0000	0.6972	0.6972	0.0000	0.6970	0.6970	0.0000	0.0002	0.0002	0.0000	0.0000	0.0000	0.0000	0.0000	0.0000	0.0000	0.0000	0.0000	0.0000	0.0867	0.0631	0.0236	0.0316	0.0287	0.0029	0.0551	0.0344	0.0207	0.0000	0.0000	0.0000	0.0000	0.0000	0.0000	0.0000	0.0000	0.0000	8.0399	11.0417	0.0000	22.0486	24.2817	0.0000	0.0028	0.0045	0.0000				
50	75	0.2457	16	1	1	1	0	0	0	0	0	N	N	N	N	N	N	N	N	N	N	N	N	0.0000	0.0000	0.0000	0.0000	0.0000	0.0000	0.0000	0.0000	0.0000	0.0000	0.0000	0.0000	0.0000	0.0000	0.0000	0.0000	0.0000	0.1987	0.0008	0.7711	0.3217	0.0014	5.8496	0.0701	0.0000	0.1754	321.3174	0.0000	0.0234	0.0000	3.5843	1.7047	46.7516	0.0000	0.0000	0.0000	0.0000	0.0000	0.0000	0.0000	0.0000	0.0000	0.0516	0.0002	0.0514	0.0427	0.0002	0.0425	0.0089	0.0000	0.0089	0.0000	0.0000	0.0000	0.0000	0.0000	0.0000	0.0000	0.0000	0.0000	0.2595	0.1928	0.0667	0.1327	0.1167	0.0160	0.1268	0.0761	0.0507	0.0000	0.0000	0.0000	0.0000	0.0000	0.0000	0.0000	0.0000	0.0000	0.1987	0.0008	0.7711	0.3217	0.0014	2.6644	0.0701	0.0000	0.1754		
50	76	0.1102	12	2	2	2	0	0	0	0	0	Y	Y	Y	N	N	N	N	N	N	N	N	N	0.0000	0.0000	0.0000	0.0000	0.0000	0.0000	0.0000	0.0000	0.0000	0.0000	0.0000	0.0000	0.0000	0.0000	0.0000	0.0000	0.0000	0.0000	0.0000	0.0000	0.0000	1.0003	1.7047	1.0071	0.0000	0.0000	0.0000	0.0000	0.0000	0.0000	0.0000	0.0000	0.0000	0.0000	0.0000	0.0000	0.0000	0.0000	0.0000	0.0000	0.0000	0.0000	0.0000	0.0000	0.0000	0.0000	0.0000	0.0000	0.0000	0.0000	0.0000	0.0077	0.0057	0.0020	0.0027	0.0026	0.0001	0.0050	0.0031	0.0019	0.0000	0.0000	0.0000	0.0000	0.0000	0.0000	0.0000	0.0000	0.0000	0.0000	0.0000	0.0000	0.0000	0.0000	0.0000	0.0000	0.0000	0.0000											
50	77	0.1035	11	2	1	2	0	0	0	0	0	Y	N	Y	N	N	N	N	N	N	N	N	N	0.0000	0.0000	0.0000	0.0000	0.0000	0.0000	0.0000	0.0000	0.0000	0.0000	0.0000	0.0000	0.0000	0.0000	0.0000	0.0000	0.0000	0.0000	0.0000	0.0000	0.0000	0.9901	1.7047	2.2068	0.0000	0.0000	0.0000	0.0000	0.0000	0.0000	0.0000	0.0000	0.0000	0.0000	0.0000	0.0000	0.0000	0.0000	0.0000	0.0000	0.0000	0.0000	0.0000	0.0000	0.0000	0.0000	0.0000	0.0000	0.0000	0.0000	0.0000	0.0195	0.0152	0.0043	0.0078	0.0076	0.0001	0.0117	0.0076	0.0042	0.0000	0.0000	0.0000	0.0000	0.0000	0.0000	0.0000	0.0000	0.0000	0.0000	0.0000	0.0000	0.0000	0.0000	0.0000	0.0000	0.0000	0.0000											
50	78	0.1265	13	1	2	1	0	0	0	0	0	N	Y	N	N	N	N	N	N	N	N	N	N	0.0000	0.0000	0.0000	0.0000	0.0000	0.0000	0.0000	0.0000	0.0000	0.0000	0.0000	0.0000	0.0000	0.0000	0.0000	0.0079	0.0000	0.0303	0.0217	0.0000	0.7585	0.0004	0.0000	0.0009	inf	0.0000	0.0003	0.0000	8.4371	1.7047	15.3349	0.0000	0.0000	0.0000	0.0000	0.0000	0.0000	0.0000	0.0000	0.0000	0.0007	0.0000	0.0007	0.0007	0.0000	0.0007	0.0000	0.0000	0.0000	0.0000	0.0000	0.0000	0.0000	0.0000	0.0000	0.0000	0.0000	0.0000	0.0919	0.0680	0.0239	0.0325	0.0311	0.0014	0.0594	0.0369	0.0226	0.0000	0.0000	0.0000	0.0000	0.0000	0.0000	0.0000	0.0000	0.0000	0.0079	0.0000	0.0303	0.0217	0.0000	0.5140	0.0004	0.0000	0.0009				
50	79	0.1035	11	2	1	2	0	0	0	0	0	Y	N	Y	N	N	N	N	N	N	N	N	N	0.0000	0.0000	0.0000	0.0000	0.0000	0.0000	0.0000	0.0000	0.0000	0.0000	0.0000	0.0000	0.0000	0.0000	0.0000	0.0000	0.0000	0.0000	0.0000	0.0000	0.0000	3.0096	1.7047	5.7427	0.0000	0.0000	0.0000	0.0000	0.0000	0.0000	0.0000	0.0000	0.0000	0.0000	0.0000	0.0000	0.0000	0.0000	0.0000	0.0000	0.0000	0.0000	0.0000	0.0000	0.0000	0.0000	0.0000	0.0000	0.0000	0.0000	0.0000	0.0397	0.0300	0.0097	0.0145	0.0142	0.0004	0.0252	0.0158	0.0093	0.0000	0.0000	0.0000	0.0000	0.0000	0.0000	0.0000	0.0000	0.0000	0.0000	0.0000	0.0000	0.0000	0.0000	0.0000	0.0000	0.0000	0.0000											
50	80	0.0879	10	2	1	2	0	0	0	0	0	Y	N	Y	N	N	N	N	N	N	N	N	N	0.0000	0.0000	0.0000	0.0000	0.0000	0.0000	0.0000	0.0000	0.0000	0.0000	0.0000	0.0000	0.0000	0.0000	0.0000	0.0688	0.0000	0.2498	0.1267	0.0000	3.8729	0.0361	0.0000	0.0905	inf	0.0000	0.0010	0.0000	1.0477	1.7047	6.1154	0.0000	0.0000	0.0000	0.0000	0.0000	0.0000	0.0000	0.0000	0.0000	0.0022	0.0000	0.0022	0.0014	0.0000	0.0014	0.0007	0.0000	0.0007	0.0000	0.0000	0.0000	0.0000	0.0000	0.0000	0.0000	0.0000	0.0000	0.0315	0.0228	0.0087	0.0114	0.0107	0.0007	0.0201	0.0121	0.0080	0.0000	0.0000	0.0000	0.0000	0.0000	0.0000	0.0000	0.0000	0.0000	0.0688	0.0000	0.2498	0.1267	0.0000	2.1678	0.0361	0.0000	0.0905				
50	81	0.0814	9	1	1	1	0	0	0	0	0	N	N	N	N	N	N	N	N	N	N	N	N	0.0000	0.0000	0.0000	0.0000	0.0000	0.0000	0.0000	0.0000	0.0000	0.0000	0.0000	0.0000	0.0000	0.0000	0.0000	0.1858	0.2539	0.0022	0.5899	0.6036	0.0738	0.0000	0.0000	0.0000	0.0032	0.0000	-0.0012	0.0000	1.9794	1.7047	1.0196	0.0000	0.0000	0.0000	0.0000	0.0000	0.0000	0.0000	0.0000	0.0000	0.0022	0.0022	0.0000	0.0022	0.0022	0.0000	0.0000	0.0000	0.0000	0.0000	0.0000	0.0000	0.0000	0.0000	0.0000	0.0000	0.0000	0.0000	0.0117	0.0085	0.0032	0.0037	0.0036	0.0001	0.0080	0.0050	0.0031	0.0000	0.0000	0.0000	0.0000	0.0000	0.0000	0.0000	0.0000	0.0000	0.1858	0.2539	0.0022	0.5899	0.6036	0.0738	0.0000	0.0000	0.0000				
50	82	0.0792	8	1	1	1	0	0	0	0	0	N	N	N	N	N	N	N	N	N	N	N	N	0.0000	0.0000	0.0000	0.0000	0.0000	0.0000	0.0000	0.0000	0.0000	0.0000	0.0000	0.0000	0.0000	0.0017	0.0023	0.0000	0.0053	0.0054	0.0000	0.0000	0.0000	0.0000	0.0000	0.0000	-0.0000	0.0000	1.0114	1.7047	0.0202	0.0000	0.0000	0.0000	0.0000	0.0000	0.0000	0.0000	0.0000	0.0000	0.0000	0.0000	0.0000	0.0000	0.0000	0.0000	0.0000	0.0000	0.0000	0.0000	0.0000	0.0000	0.0000	0.0000	0.0000	0.0000	0.0000	0.0000	0.0042	0.0030	0.0011	0.0013	0.0013	0.0000	0.0029	0.0017	0.0011	0.0000	0.0000	0.0000	0.0000	0.0000	0.0000	0.0000	0.0000	0.0000	0.0017	0.0023	0.0000	0.0053	0.0054	0.0000	0.0000	0.0000	0.0000						
50	83	0.0587	7	1	1	1	0	0	0	0	0	N	N	N	N	N	N	N	N	N	N	N	N	0.0000	0.0000	0.0000	0.0000	0.0000	0.0000	0.0000	0.0000	0.0000	0.0000	0.0000	0.0000	0.0000	0.0000	0.0000	0.0020	0.0000	0.0067	0.0063	0.0000	0.2821	0.0000	0.0000	0.0000	inf	0.0000	0.0000	0.0000	5.9223	1.7047	3.6882	0.0000	0.0000	0.0000	0.0000	0.0000	0.0000	0.0000	0.0000	0.0000	0.0001	0.0000	0.0001	0.0001	0.0000	0.0001	0.0000	0.0000	0.0000	0.0000	0.0000	0.0000	0.0000	0.0000	0.0000	0.0000	0.0000	0.0000	0.0417	0.0291	0.0127	0.0133	0.0130	0.0003	0.0284	0.0161	0.0124	0.0000	0.0000	0.0000	0.0000	0.0000	0.0000	0.0000	0.0000	0.0000	0.0020	0.0000	0.0067	0.0063	0.0000	0.2761	0.0000	0.0000	0.0000				
50	84	0.1464	15	1	2	1	0	0	0	0	0	N	Y	N	N	N	N	N	N	N	N	N	N	0.0000	0.0000	0.0000	0.0000	0.0000	0.0000	0.0000	0.0000	0.0000	0.0000	0.0000	0.0000	0.0000	0.0000	0.0000	0.0023	0.0000	0.0089	0.0060	0.0000	0.1286	0.0002	0.0000	0.0004	inf	0.0000	0.0001	0.0000	7.1084	1.7047	28.8937	0.0000	0.0000	0.0000	0.0000	0.0000	0.0000	0.0000	0.0000	0.0000	0.0003	0.0000	0.0003	0.0003	0.0000	0.0003	0.0000	0.0000	0.0000	0.0000	0.0000	0.0000	0.0000	0.0000	0.0000	0.0000	0.0000	0.0000	0.1309	0.0967	0.0342	0.0482	0.0459	0.0022	0.0827	0.0508	0.0319	0.0000	0.0000	0.0000	0.0000	0.0000	0.0000	0.0000	0.0000	0.0000	0.0023	0.0000	0.0089	0.0060	0.0000	0.1286	0.0002	0.0000	0.0004				
50	85	0.1389	14	1	2	1	0	0	0	0	0	N	Y	N	N	N	N	N	N	N	N	N	N	0.0000	0.0000	0.0000	0.0000	0.0000	0.0000	0.0000	0.0000	0.0000	0.0000	0.0000	0.0000	0.0000	0.0000	0.0000	0.0000	0.0000	0.0000	0.0151	0.0118	0.0254	0.0374	0.0231	0.6431	0.0003	0.0000	0.0009	0.6975	0.0000	-0.0001	0.0000	2.2208	1.7047	3.9129	0.0000	0.0000	0.0000	0.0000	0.0000	0.0000	0.0000	0.0000	0.0000	0.0005	0.0003	0.0002	0.0005	0.0003	0.0002	0.0000	0.0000	0.0000	0.0000	0.0000	0.0000	0.0000	0.0000	0.0000	0.0000	0.0000	0.0000	0.0341	0.0257	0.0083	0.0136	0.0131	0.0005	0.0205	0.0126	0.0078	0.0000	0.0000	0.0000	0.0000	0.0000	0.0000	0.0000	0.0000	0.0000	0.0151	0.0118	0.0254	0.0374	0.0231	0.4376	0.0003	0.0000	0.0009	
50	86	0.2144	16	1	1	2	0	0	0	0	0	N	N	Y	N	N	N	N	N	N	N	N	N	0.0000	0.0000	0.0000	0.0000	0.0000	0.0000	0.0000	0.0000	0.0000	0.0000	0.0000	0.0000	0.0000	0.0000	0.0000	0.0079	0.0000	0.0310	0.0205	0.0000	0.6390	0.0005	0.0000	0.0012	inf	0.0000	0.0002	0.0000	5.3425	1.7047	7.0749	0.0000	0.0000	0.0000	0.0000	0.0000	0.0000	0.0000	0.0000	0.0000	0.0004	0.0000	0.0004	0.0004	0.0000	0.0004	0.0000	0.0000	0.0000	0.0000	0.0000	0.0000	0.0000	0.0000	0.0000	0.0000	0.0000	0.0000	0.0492	0.0367	0.0125	0.0182	0.0173	0.0009	0.0310	0.0194	0.0117	0.0000	0.0000	0.0000	0.0000	0.0000	0.0000	0.0000	0.0000	0.0000	0.0079	0.0000	0.0310	0.0205	0.0000	0.4345	0.0005	0.0000	0.0012				
50	87	0.1712	15	1	1	1	0	0	0	0	0	N	N	N	N	N	N	N	N	N	N	N	N	0.0000	0.0000	0.0000	0.0000	0.0000	0.0000	0.0000	0.0000	0.0000	0.0000	0.0000	0.0000	0.0000	0.0000	0.0000	0.0000	0.0000	0.0000	0.0394	0.0054	0.1381	0.0890	0.0105	1.2877	0.0048	0.0000	0.0125	8.7906	0.0000	0.0014	0.0000	7.0719	1.7047	13.7350	0.0000	0.0000	0.0000	0.0000	0.0000	0.0000	0.0000	0.0000	0.0000	0.0039	0.0004	0.0035	0.0036	0.0004	0.0032	0.0003	0.0000	0.0003	0.0000	0.0000	0.0000	0.0000	0.0000	0.0000	0.0000	0.0000	0.0000	0.0987	0.0734	0.0252	0.0404	0.0377	0.0028	0.0582	0.0358	0.0225	0.0000	0.0000	0.0000	0.0000	0.0000	0.0000	0.0000	0.0000	0.0000	0.0394	0.0054	0.1381	0.0890	0.0105	1.1539	0.0048	0.0000	0.0125	
50	88	0.0074	3	2	1	2	0	0	0	0	0	Y	N	Y	N	N	N	N	N	N	N	N	N	0.0000	0.0000	0.0000	0.0000	0.0000	0.0000	0.0000	0.0000	0.0000	0.0000	0.0000	0.0000	0.0000	0.0000	0.0000	0.0000	0.0000	0.0000	0.0000	0.0000	0.0000	0.0000	1.7047	0.0000	0.0000	0.0000	0.0000	0.0000	0.0000	0.0000	0.0000	0.0000	0.0000	0.0000	0.0000	0.0000	0.0000	0.0000	0.0000	0.0000	0.0000	0.0000	0.0000	0.0000	0.0000	0.0000	0.0000	0.0000	0.0000	0.0000	0.0000	0.0000	0.0000	0.0000	0.0000	0.0000	0.0000	0.0000	0.0000	0.0000	0.0000	0.0000	0.0000	0.0000	0.0000	0.0000	0.0000	0.0000	0.0000	0.0000	0.0000	0.0000	0.0000	0.0000	0.0000	0.0000	0.0000	0.0000											
50	89	0.0055	2	2	1	2	0	0	0	0	0	Y	N	Y	N	N	N	N	N	N	N	N	N	0.0000	0.0000	0.0000	0.0000	0.0000	0.0000	0.0000	0.0000	0.0000	0.0000	0.0000	0.0000	0.0000	0.0000	0.0000	0.5033	0.0000	1.3076	0.1389	0.0000	6.7891	0.7969	0.0000	1.2076	inf	0.0000	0.0029	0.0000	0.0001	1.7047	0.9161	0.0000	0.0000	0.0000	0.0000	0.0000	0.0000	0.0000	0.0000	0.0000	0.0062	0.0000	0.0062	0.0008	0.0000	0.0008	0.0055	0.0000	0.0055	0.0000	0.0000	0.0000	0.0000	0.0000	0.0000	0.0000	0.0000	0.0000	0.0124	0.0076	0.0048	0.0055	0.0053	0.0002	0.0069	0.0023	0.0045	0.0000	0.0000	0.0000	0.0000	0.0000	0.0000	0.0000	0.0000	0.0000	0.5033	0.0000	1.3076	0.1389	0.0000	3.1894	0.7969	0.0000	1.2076				
50	91	0.1194	13	1	2	1	1	0	0	0	0	N	Y	N	N	N	N	N	N	N	N	N	N	0.0000	0.0000	0.0000	0.0000	0.0000	0.0000	0.0000	0.0000	0.0000	0.0000	0.0000	0.0000	0.0000	0.0000	0.0000	8.0865	11.0769	0.0000	19.5060	22.0769	0.0000	0.0056	0.0088	0.0000	0.0000	0.0000	-0.3753	0.0000	1.8247	1.7047	16.3284	0.0000	0.0000	0.0000	0.0000	0.0000	0.0000	0.0000	0.0000	0.0000	0.6913	0.6913	0.0000	0.6910	0.6910	0.0000	0.0003	0.0003	0.0000	0.0000	0.0000	0.0000	0.0000	0.0000	0.0000	0.0000	0.0000	0.0000	0.0855	0.0624	0.0231	0.0360	0.0313	0.0047	0.0495	0.0311	0.0184	0.0000	0.0000	0.0000	0.0000	0.0000	0.0000	0.0000	0.0000	0.0000	8.0865	11.0769	0.0000	19.2070	22.0769	0.0000	0.0056	0.0088	0.0000				
50	92	0.1090	12	1	2	1	0	0	0	0	0	N	Y	N	N	N	N	N	N	N	N	N	N	0.0000	0.0000	0.0000	0.0000	0.0000	0.0000	0.0000	0.0000	0.0000	0.0000	0.0000	0.0000	0.0000	0.0000	0.0000	7.2464	9.9619	0.0000	21.3775	22.0734	0.0000	0.0000	0.0000	0.0000	0.0000	0.0000	-0.3826	0.0000	9.1310	1.7047	16.1726	0.0000	0.0000	0.0000	0.0000	0.0000	0.0000	0.0000	0.0000	0.0000	0.7046	0.7046	0.0000	0.7046	0.7046	0.0000	0.0000	0.0000	0.0000	0.0000	0.0000	0.0000	0.0000	0.0000	0.0000	0.0000	0.0000	0.0000	0.0972	0.0707	0.0265	0.0349	0.0319	0.0030	0.0623	0.0388	0.0235	0.0000	0.0000	0.0000	0.0000	0.0000	0.0000	0.0000	0.0000	0.0000	7.2464	9.9619	0.0000	20.1809	22.0734	0.0000	0.0000	0.0000	0.0000				
50	93	0.1939	18	1	2	1	0	0	0	0	0	N	Y	N	N	N	N	N	N	N	N	N	N	0.0000	0.0000	0.0000	0.0000	0.0000	0.0000	0.0000	0.0000	0.0000	0.0000	0.0000	0.0000	0.0000	0.0000	0.0000	0.0016	0.0000	0.0066	0.0037	0.0000	0.0639	0.0000	0.0000	0.0000	inf	0.0000	0.0000	0.0000	4.0959	1.7047	8.7137	0.0000	0.0000	0.0000	0.0000	0.0000	0.0000	0.0000	0.0000	0.0000	0.0001	0.0000	0.0001	0.0001	0.0000	0.0001	0.0000	0.0000	0.0000	0.0000	0.0000	0.0000	0.0000	0.0000	0.0000	0.0000	0.0000	0.0000	0.0532	0.0404	0.0128	0.0228	0.0215	0.0013	0.0304	0.0190	0.0114	0.0000	0.0000	0.0000	0.0000	0.0000	0.0000	0.0000	0.0000	0.0000	0.0016	0.0000	0.0066	0.0037	0.0000	0.0639	0.0000	0.0000	0.0000				
50	94	0.1757	17	1	2	1	0	0	0	0	0	N	Y	N	N	N	N	N	N	N	N	N	N	0.0000	0.0000	0.0000	0.0000	0.0000	0.0000	0.0000	0.0000	0.0000	0.0000	0.0000	0.0000	0.0000	0.0024	0.0031	0.0000	0.0058	0.0061	0.0000	0.0000	0.0000	0.0000	0.0000	0.0000	-0.0000	0.0000	2.9443	1.7047	6.1524	0.0000	0.0000	0.0000	0.0000	0.0000	0.0000	0.0000	0.0000	0.0000	0.0001	0.0001	0.0000	0.0001	0.0001	0.0000	0.0000	0.0000	0.0000	0.0000	0.0000	0.0000	0.0000	0.0000	0.0000	0.0000	0.0000	0.0000	0.0355	0.0271	0.0084	0.0146	0.0139	0.0007	0.0209	0.0131	0.0077	0.0000	0.0000	0.0000	0.0000	0.0000	0.0000	0.0000	0.0000	0.0000	0.0024	0.0031	0.0000	0.0058	0.0061	0.0000	0.0000	0.0000	0.0000						
50	95	0.1732	16	1	1	1	0	0	0	0	0	N	N	N	N	N	N	N	N	N	N	N	N	0.0000	0.0000	0.0000	0.0000	0.0000	0.0000	0.0000	0.0000	0.0000	0.0000	0.0000	0.0000	0.0000	0.0000	0.0000	0.0000	0.0000	0.0000	0.0000	0.0000	0.0000	0.8596	1.7047	1.2300	0.0000	0.0000	0.0000	0.0000	0.0000	0.0000	0.0000	0.0000	0.0000	0.0000	0.0000	0.0000	0.0000	0.0000	0.0000	0.0000	0.0000	0.0000	0.0000	0.0000	0.0000	0.0000	0.0000	0.0000	0.0000	0.0000	0.0000	0.0122	0.0092	0.0030	0.0052	0.0051	0.0001	0.0069	0.0041	0.0028	0.0000	0.0000	0.0000	0.0000	0.0000	0.0000	0.0000	0.0000	0.0000	0.0000	0.0000	0.0000	0.0000	0.0000	0.0000	0.0000	0.0000	0.0000											
50	96	0.1613	15	1	1	1	0	0	0	0	0	N	N	N	N	N	N	N	N	N	N	N	N	0.0000	0.0000	0.0000	0.0000	0.0000	0.0000	0.0000	0.0000	0.0000	0.0000	0.0000	0.0000	0.0000	0.0000	0.0000	0.0016	0.0000	0.0063	0.0039	0.0000	0.1104	0.0000	0.0000	0.0000	inf	0.0000	0.0000	0.0000	3.7737	1.7047	2.5241	0.0000	0.0000	0.0000	0.0000	0.0000	0.0000	0.0000	0.0000	0.0000	0.0000	0.0000	0.0000	0.0000	0.0000	0.0000	0.0000	0.0000	0.0000	0.0000	0.0000	0.0000	0.0000	0.0000	0.0000	0.0000	0.0000	0.0000	0.0306	0.0228	0.0078	0.0127	0.0123	0.0004	0.0179	0.0105	0.0074	0.0000	0.0000	0.0000	0.0000	0.0000	0.0000	0.0000	0.0000	0.0000	0.0016	0.0000	0.0063	0.0039	0.0000	0.1104	0.0000	0.0000	0.0000				
50	97	0.1405	14	1	1	1	0	0	0	0	0	N	N	N	N	N	N	N	N	N	N	N	N	0.0000	0.0000	0.0000	0.0000	0.0000	0.0000	0.0000	0.0000	0.0000	0.0000	0.0000	0.0000	0.0000	0.0000	0.0000	0.0000	0.0000	0.0000	0.0627	0.0014	0.2380	0.1446	0.0028	3.1732	0.0102	0.0000	0.0271	60.6758	0.0000	0.0013	0.0000	6.4922	1.7047	4.5502	0.0000	0.0000	0.0000	0.0000	0.0000	0.0000	0.0000	0.0000	0.0000	0.0030	0.0000	0.0030	0.0027	0.0000	0.0027	0.0003	0.0000	0.0003	0.0000	0.0000	0.0000	0.0000	0.0000	0.0000	0.0000	0.0000	0.0000	0.0485	0.0359	0.0126	0.0189	0.0175	0.0014	0.0296	0.0184	0.0112	0.0000	0.0000	0.0000	0.0000	0.0000	0.0000	0.0000	0.0000	0.0000	0.0627	0.0014	0.2380	0.1446	0.0028	1.9494	0.0102	0.0000	0.0271	
50	98	0.0303	3	1	2	1	0	0	0	0	0	N	Y	N	N	N	N	N	N	N	N	N	N	0.0000	0.0000	0.0000	0.0000	0.0000	0.0000	0.0000	0.0000	0.0000	0.0000	0.0000	0.0000	0.0000	0.0000	0.0000	0.0017	0.0000	0.0055	0.0043	0.0000	0.1951	0.0005	0.0000	0.0013	inf	0.0000	0.0000	0.0000	1.3608	1.7047	12.1483	0.0000	0.0000	0.0000	0.0000	0.0000	0.0000	0.0000	0.0000	0.0000	0.0001	0.0000	0.0001	0.0001	0.0000	0.0001	0.0000	0.0000	0.0000	0.0000	0.0000	0.0000	0.0000	0.0000	0.0000	0.0000	0.0000	0.0000	0.0550	0.0384	0.0166	0.0162	0.0159	0.0004	0.0388	0.0226	0.0162	0.0000	0.0000	0.0000	0.0000	0.0000	0.0000	0.0000	0.0000	0.0000	0.0017	0.0000	0.0055	0.0043	0.0000	0.1951	0.0005	0.0000	0.0013				
50	104	0.1954	16	1	2	1	0	0	0	0	0	N	Y	N	N	N	N	N	N	N	N	N	N	0.0000	0.0000	0.0000	0.0000	0.0000	0.0000	0.0000	0.0000	0.0000	0.0000	0.0000	0.0000	0.0000	0.0000	0.0000	0.1527	0.1886	0.0000	0.3143	0.3455	0.0000	0.0000	0.0000	0.0000	0.0000	0.0000	-0.0010	0.0000	0.0277	1.7047	1.3445	0.0000	0.0000	0.0000	0.0000	0.0000	0.0000	0.0000	0.0000	0.0000	0.0018	0.0018	0.0000	0.0018	0.0018	0.0000	0.0000	0.0000	0.0000	0.0000	0.0000	0.0000	0.0000	0.0000	0.0000	0.0000	0.0000	0.0000	0.0119	0.0096	0.0023	0.0058	0.0052	0.0005	0.0061	0.0044	0.0017	0.0000	0.0000	0.0000	0.0000	0.0000	0.0000	0.0000	0.0000	0.0000	0.1527	0.1886	0.0000	0.3143	0.3455	0.0000	0.0000	0.0000	0.0000				
50	105	0.1487	15	1	2	1	0	0	0	0	0	N	Y	N	N	N	N	N	N	N	N	N	N	0.0000	0.0000	0.0000	0.0000	0.0000	0.0000	0.0000	0.0000	0.0000	0.0000	0.0000	0.0000	0.0000	0.0000	0.0000	0.0000	0.0000	0.0000	8.0882	10.9147	0.0002	22.9813	22.5188	0.0014	0.0001	0.0001	0.0001	0.0000	0.0000	-0.3812	0.0000	5.1414	1.7047	16.4151	0.0000	0.0000	0.0000	0.0000	0.0000	0.0000	0.0000	0.0000	0.0000	0.7021	0.7021	0.0000	0.7021	0.7021	0.0000	0.0000	0.0000	0.0000	0.0000	0.0000	0.0000	0.0000	0.0000	0.0000	0.0000	0.0000	0.0000	0.0868	0.0643	0.0225	0.0337	0.0312	0.0025	0.0531	0.0332	0.0199	0.0000	0.0000	0.0000	0.0000	0.0000	0.0000	0.0000	0.0000	0.0000	8.0882	10.9147	0.0002	20.8182	22.5188	0.0014	0.0001	0.0001	0.0001	
50	106	0.1405	14	1	1	1	0	0	0	0	0	N	N	N	N	N	N	N	N	N	N	N	N	0.0000	0.0000	0.0000	0.0000	0.0000	0.0000	0.0000	0.0000	0.0000	0.0000	0.0000	0.0000	0.0000	0.0000	0.0000	0.0000	0.0000	0.0000	0.3704	0.3616	0.3953	0.8593	0.7032	4.2172	0.0180	0.0002	0.0470	0.3828	0.0000	-0.0028	0.0000	3.8974	1.7047	1.6364	0.0000	0.0000	0.0000	0.0000	0.0000	0.0000	0.0000	0.0000	0.0000	0.0107	0.0077	0.0030	0.0104	0.0077	0.0027	0.0003	0.0000	0.0003	0.0000	0.0000	0.0000	0.0000	0.0000	0.0000	0.0000	0.0000	0.0000	0.0288	0.0213	0.0075	0.0121	0.0110	0.0011	0.0168	0.0104	0.0064	0.0000	0.0000	0.0000	0.0000	0.0000	0.0000	0.0000	0.0000	0.0000	0.3704	0.3616	0.3953	0.8593	0.7032	2.4221	0.0180	0.0002	0.0470	
50	107	0.1194	13	1	1	1	0	0	0	0	0	N	N	N	N	N	N	N	N	N	N	N	N	0.0000	0.0000	0.0000	0.0000	0.0000	0.0000	0.0000	0.0000	0.0000	0.0000	0.0000	0.0000	0.0000	0.0000	0.0000	0.0000	0.0000	0.0000	0.3008	0.0688	0.9281	0.6353	0.1288	7.7096	0.0088	0.0001	0.0241	4.9892	0.0000	0.0051	0.0000	0.3701	1.7047	9.6236	0.0000	0.0000	0.0000	0.0000	0.0000	0.0000	0.0000	0.0000	0.0000	0.0177	0.0029	0.0147	0.0174	0.0029	0.0144	0.0003	0.0000	0.0003	0.0000	0.0000	0.0000	0.0000	0.0000	0.0000	0.0000	0.0000	0.0000	0.0587	0.0429	0.0159	0.0274	0.0229	0.0045	0.0314	0.0200	0.0114	0.0000	0.0000	0.0000	0.0000	0.0000	0.0000	0.0000	0.0000	0.0000	0.3008	0.0688	0.9281	0.6353	0.1288	3.2217	0.0088	0.0001	0.0241	
50	108	0.1090	12	1	1	1	0	0	0	0	0	N	N	N	N	N	N	N	N	N	N	N	N	0.0000	0.0000	0.0000	0.0000	0.0000	0.0000	0.0000	0.0000	0.0000	0.0000	0.0000	0.0000	0.0000	0.0000	0.0000	0.0000	0.0000	0.0000	0.7333	0.6538	0.9503	1.5957	1.2716	6.3645	0.0093	0.0003	0.0264	0.5323	0.0000	-0.0044	0.0000	0.4415	1.7047	4.8853	0.0000	0.0000	0.0000	0.0000	0.0000	0.0000	0.0000	0.0000	0.0000	0.0224	0.0146	0.0078	0.0223	0.0146	0.0076	0.0002	0.0000	0.0002	0.0000	0.0000	0.0000	0.0000	0.0000	0.0000	0.0000	0.0000	0.0000	0.0306	0.0224	0.0082	0.0140	0.0115	0.0025	0.0166	0.0109	0.0057	0.0000	0.0000	0.0000	0.0000	0.0000	0.0000	0.0000	0.0000	0.0000	0.7333	0.6538	0.9503	1.5957	1.2716	3.1174	0.0093	0.0003	0.0264	
50	109	0.1314	11	2	2	1	1	0	0	0	0	Y	Y	N	N	N	N	N	N	N	N	N	N	0.0000	0.0000	0.0000	0.0000	0.0000	0.0000	0.0000	0.0000	0.0000	0.0000	0.0000	0.0000	0.0000	0.0000	0.0000	0.0000	0.0000	0.0000	0.0000	0.0000	0.0000	0.0000	1.7047	0.0000	0.0000	0.0000	0.0000	0.0000	0.0000	0.0000	0.0000	0.0000	0.0000	0.0000	0.0000	0.0000	0.0000	0.0000	0.0000	0.0000	0.0000	0.0000	0.0000	0.0000	0.0000	0.0000	0.0000	0.0000	0.0000	0.0000	0.0000	0.0000	0.0000	0.0000	0.0000	0.0000	0.0000	0.0000	0.0000	0.0000	0.0000	0.0000	0.0000	0.0000	0.0000	0.0000	0.0000	0.0000	0.0000	0.0000	0.0000	0.0000	0.0000	0.0000	0.0000	0.0000	0.0000	0.0000											
50	110	0.1164	10	2	2	1	1	0	0	0	0	Y	Y	N	N	N	N	N	N	N	N	N	N	0.0000	0.0000	0.0000	0.0000	0.0000	0.0000	0.0000	0.0000	0.0000	0.0000	0.0000	0.0000	0.0000	0.0000	0.0000	21.8727	0.0000	218.8171	0.0094	0.0000	0.4687	33.7326	0.0000	228.7989	inf	0.0000	0.3220	0.0000	0.0000	1.7047	7.1240	0.0000	0.0000	0.0000	0.0000	0.0000	0.0000	0.0000	0.0000	0.0000	0.7046	0.0000	0.7046	0.0001	0.0000	0.0001	0.7045	0.0000	0.7045	0.0000	0.0000	0.0000	0.0000	0.0000	0.0000	0.0000	0.0000	0.0000	0.0322	0.0250	0.0073	0.0113	0.0110	0.0003	0.0209	0.0139	0.0070	0.0000	0.0000	0.0000	0.0000	0.0000	0.0000	0.0000	0.0000	0.0000	21.8727	0.0000	97.0842	0.0094	0.0000	0.3659	33.7326	0.0000	101.1203				
50	111	0.1254	12	1	2	1	1	0	0	0	0	N	Y	N	N	N	N	N	N	N	N	N	N	0.0000	0.0000	0.0000	0.0000	0.0000	0.0000	0.0000	0.0000	0.0000	0.0000	0.0000	0.0000	0.0000	0.0006	0.0008	0.0000	0.0018	0.0018	0.0000	0.0000	0.0000	0.0000	0.0000	0.0000	-0.0000	0.0000	0.0016	1.7047	5.0076	0.0000	0.0000	0.0000	0.0000	0.0000	0.0000	0.0000	0.0000	0.0000	0.0000	0.0000	0.0000	0.0000	0.0000	0.0000	0.0000	0.0000	0.0000	0.0000	0.0000	0.0000	0.0000	0.0000	0.0000	0.0000	0.0000	0.0000	0.0222	0.0174	0.0048	0.0079	0.0076	0.0003	0.0143	0.0097	0.0045	0.0000	0.0000	0.0000	0.0000	0.0000	0.0000	0.0000	0.0000	0.0000	0.0006	0.0008	0.0000	0.0018	0.0018	0.0000	0.0000	0.0000	0.0000						
50	112	0.1185	11	1	2	1	1	0	0	0	0	N	Y	N	N	N	N	N	N	N	N	N	N	0.0000	0.0000	0.0000	0.0000	0.0000	0.0000	0.0000	0.0000	0.0000	0.0000	0.0000	0.0000	0.0000	0.0009	0.0012	0.0000	0.0000	0.0000	0.0000	0.0015	0.0022	0.0000	0.0000	0.0000	-0.0000	0.0000	1.0012	1.7047	2.1373	0.0000	0.0000	0.0000	0.0000	0.0000	0.0000	0.0000	0.0000	0.0000	0.0000	0.0000	0.0000	0.0000	0.0000	0.0000	0.0000	0.0000	0.0000	0.0000	0.0000	0.0000	0.0000	0.0000	0.0000	0.0000	0.0000	0.0000	0.0149	0.0115	0.0034	0.0053	0.0052	0.0001	0.0096	0.0063	0.0033	0.0000	0.0000	0.0000	0.0000	0.0000	0.0000	0.0000	0.0000	0.0000	0.0009	0.0012	0.0000	0.0000	0.0000	0.0000	0.0015	0.0022	0.0000						
50	113	0.1269	11	1	2	1	0	0	0	0	0	N	Y	N	N	N	N	N	N	N	N	N	N	0.0000	0.0000	0.0000	0.0000	0.0000	0.0000	0.0000	0.0000	0.0000	0.0000	0.0000	0.0000	0.0000	0.0000	0.0000	0.0011	0.0014	0.0000	0.0030	0.0031	0.0000	0.0000	0.0000	0.0000	0.0000	0.0000	-0.0000	0.0000	0.9705	1.7047	5.0371	0.0000	0.0000	0.0000	0.0000	0.0000	0.0000	0.0000	0.0000	0.0000	0.0000	0.0000	0.0000	0.0000	0.0000	0.0000	0.0000	0.0000	0.0000	0.0000	0.0000	0.0000	0.0000	0.0000	0.0000	0.0000	0.0000	0.0000	0.0262	0.0206	0.0056	0.0095	0.0092	0.0002	0.0167	0.0114	0.0053	0.0000	0.0000	0.0000	0.0000	0.0000	0.0000	0.0000	0.0000	0.0000	0.0011	0.0014	0.0000	0.0030	0.0031	0.0000	0.0000	0.0000	0.0000				
50	114	0.1185	11	1	1	2	1	0	0	0	0	N	N	Y	N	N	N	N	N	N	N	N	N	0.0000	0.0000	0.0000	0.0000	0.0000	0.0000	0.0000	0.0000	0.0000	0.0000	0.0000	0.0000	0.0000	0.0000	0.0000	0.0000	0.0000	0.0000	0.0000	0.0000	0.0000	0.0000	1.7047	1.1303	0.0000	0.0000	0.0000	0.0000	0.0000	0.0000	0.0000	0.0000	0.0000	0.0000	0.0000	0.0000	0.0000	0.0000	0.0000	0.0000	0.0000	0.0000	0.0000	0.0000	0.0000	0.0000	0.0000	0.0000	0.0000	0.0000	0.0000	0.0060	0.0046	0.0015	0.0022	0.0022	0.0000	0.0038	0.0024	0.0014	0.0000	0.0000	0.0000	0.0000	0.0000	0.0000	0.0000	0.0000	0.0000	0.0000	0.0000	0.0000	0.0000	0.0000	0.0000	0.0000	0.0000	0.0000											
50	115	0.1164	10	1	1	1	1	0	0	0	0	N	N	N	N	N	N	N	N	N	N	N	N	0.0000	0.0000	0.0000	0.0000	0.0000	0.0000	0.0000	0.0000	0.0000	0.0000	0.0000	0.0000	0.0000	0.0000	0.0000	0.0351	0.0466	0.0000	0.0928	0.0952	0.0000	0.0000	0.0000	0.0000	0.0000	0.0000	-0.0001	0.0000	0.0000	1.7047	1.2340	0.0000	0.0000	0.0000	0.0000	0.0000	0.0000	0.0000	0.0000	0.0000	0.0002	0.0002	0.0000	0.0002	0.0002	0.0000	0.0000	0.0000	0.0000	0.0000	0.0000	0.0000	0.0000	0.0000	0.0000	0.0000	0.0000	0.0000	0.0068	0.0051	0.0017	0.0026	0.0025	0.0001	0.0042	0.0026	0.0016	0.0000	0.0000	0.0000	0.0000	0.0000	0.0000	0.0000	0.0000	0.0000	0.0351	0.0466	0.0000	0.0928	0.0952	0.0000	0.0000	0.0000	0.0000				
50	116	0.1239	11	1	1	2	1	0	0	0	0	N	N	Y	N	N	N	N	N	N	N	N	N	0.0000	0.0000	0.0000	0.0000	0.0000	0.0000	0.0000	0.0000	0.0000	0.0000	0.0000	0.0000	0.0000	0.0008	0.0010	0.0000	0.0022	0.0022	0.0000	0.0000	0.0000	0.0000	0.0000	0.0000	-0.0000	0.0000	0.9725	1.7047	0.9874	0.0000	0.0000	0.0000	0.0000	0.0000	0.0000	0.0000	0.0000	0.0000	0.0000	0.0000	0.0000	0.0000	0.0000	0.0000	0.0000	0.0000	0.0000	0.0000	0.0000	0.0000	0.0000	0.0000	0.0000	0.0000	0.0000	0.0000	0.0090	0.0071	0.0019	0.0032	0.0032	0.0001	0.0058	0.0040	0.0018	0.0000	0.0000	0.0000	0.0000	0.0000	0.0000	0.0000	0.0000	0.0000	0.0008	0.0010	0.0000	0.0022	0.0022	0.0000	0.0000	0.0000	0.0000						
50	117	0.1239	11	1	1	2	1	0	0	0	0	N	N	Y	N	N	N	N	N	N	N	N	N	0.0000	0.0000	0.0000	0.0000	0.0000	0.0000	0.0000	0.0000	0.0000	0.0000	0.0000	0.0000	0.0000	0.0004	0.0005	0.0000	0.0011	0.0011	0.0000	0.0000	0.0000	0.0000	0.0000	0.0000	-0.0000	0.0000	0.0285	1.7047	4.0215	0.0000	0.0000	0.0000	0.0000	0.0000	0.0000	0.0000	0.0000	0.0000	0.0000	0.0000	0.0000	0.0000	0.0000	0.0000	0.0000	0.0000	0.0000	0.0000	0.0000	0.0000	0.0000	0.0000	0.0000	0.0000	0.0000	0.0000	0.0181	0.0143	0.0038	0.0065	0.0063	0.0002	0.0116	0.0080	0.0037	0.0000	0.0000	0.0000	0.0000	0.0000	0.0000	0.0000	0.0000	0.0000	0.0004	0.0005	0.0000	0.0011	0.0011	0.0000	0.0000	0.0000	0.0000						
50	118	0.1164	10	1	1	2	1	0	0	0	0	N	N	Y	N	N	N	N	N	N	N	N	N	0.0000	0.0000	0.0000	0.0000	0.0000	0.0000	0.0000	0.0000	0.0000	0.0000	0.0000	0.0000	0.0000	0.0000	0.0000	0.0103	0.0133	0.0000	0.0281	0.0289	0.0000	0.0005	0.0007	0.0000	0.0000	0.0000	-0.0001	0.0000	3.0275	1.7047	2.1573	0.0000	0.0000	0.0000	0.0000	0.0000	0.0000	0.0000	0.0000	0.0000	0.0002	0.0002	0.0000	0.0002	0.0002	0.0000	0.0000	0.0000	0.0000	0.0000	0.0000	0.0000	0.0000	0.0000	0.0000	0.0000	0.0000	0.0000	0.0240	0.0186	0.0054	0.0085	0.0083	0.0002	0.0155	0.0103	0.0052	0.0000	0.0000	0.0000	0.0000	0.0000	0.0000	0.0000	0.0000	0.0000	0.0103	0.0133	0.0000	0.0281	0.0289	0.0000	0.0005	0.0007	0.0000				
50	119	0.1577	10	2	2	1	0	0	0	0	0	Y	Y	N	N	N	N	N	N	N	N	N	N	0.0000	0.0000	0.0000	0.0000	0.0000	0.0000	0.0000	0.0000	0.0000	0.0000	0.0000	0.0000	0.0000	0.0000	0.0000	0.0016	0.0000	0.0062	0.0045	0.0000	0.1368	0.0000	0.0000	0.0000	inf	0.0000	0.0000	0.0000	2.1883	1.7047	3.1271	0.0000	0.0000	0.0000	0.0000	0.0000	0.0000	0.0000	0.0000	0.0000	0.0000	0.0000	0.0000	0.0000	0.0000	0.0000	0.0000	0.0000	0.0000	0.0000	0.0000	0.0000	0.0000	0.0000	0.0000	0.0000	0.0000	0.0000	0.0220	0.0163	0.0057	0.0078	0.0076	0.0003	0.0141	0.0087	0.0054	0.0000	0.0000	0.0000	0.0000	0.0000	0.0000	0.0000	0.0000	0.0000	0.0016	0.0000	0.0062	0.0045	0.0000	0.1368	0.0000	0.0000	0.0000				
50	120	0.0907	9	2	2	1	0	0	0	0	0	Y	Y	N	N	N	N	N	N	N	N	N	N	0.0000	0.0000	0.0000	0.0000	0.0000	0.0000	0.0000	0.0000	0.0000	0.0000	0.0000	0.0000	0.0000	0.0000	0.0000	0.0000	0.0000	0.0000	0.0038	0.0005	0.0124	0.0094	0.0011	0.2509	0.0013	0.0000	0.0033	10.2013	0.0000	0.0001	0.0000	13.6104	1.7047	16.0982	0.0000	0.0000	0.0000	0.0000	0.0000	0.0000	0.0000	0.0000	0.0000	0.0004	0.0000	0.0004	0.0003	0.0000	0.0003	0.0001	0.0000	0.0001	0.0000	0.0000	0.0000	0.0000	0.0000	0.0000	0.0000	0.0000	0.0000	0.1036	0.0747	0.0290	0.0322	0.0311	0.0011	0.0714	0.0435	0.0279	0.0000	0.0000	0.0000	0.0000	0.0000	0.0000	0.0000	0.0000	0.0000	0.0038	0.0005	0.0124	0.0094	0.0011	0.2509	0.0013	0.0000	0.0033	
50	121	0.0953	9	1	2	1	0	0	0	0	0	N	Y	N	N	N	N	N	N	N	N	N	N	0.0000	0.0000	0.0000	0.0000	0.0000	0.0000	0.0000	0.0000	0.0000	0.0000	0.0000	0.0000	0.0000	0.0000	0.0000	0.0012	0.0000	0.0044	0.0029	0.0000	0.1069	0.0000	0.0000	0.0000	inf	0.0000	0.0000	0.0000	0.3548	1.7047	4.6068	0.0000	0.0000	0.0000	0.0000	0.0000	0.0000	0.0000	0.0000	0.0000	0.0000	0.0000	0.0000	0.0000	0.0000	0.0000	0.0000	0.0000	0.0000	0.0000	0.0000	0.0000	0.0000	0.0000	0.0000	0.0000	0.0000	0.0000	0.0305	0.0225	0.0080	0.0121	0.0118	0.0003	0.0184	0.0107	0.0077	0.0000	0.0000	0.0000	0.0000	0.0000	0.0000	0.0000	0.0000	0.0000	0.0012	0.0000	0.0044	0.0029	0.0000	0.1069	0.0000	0.0000	0.0000				
50	122	0.0804	8	1	2	1	0	0	0	0	0	N	Y	N	N	N	N	N	N	N	N	N	N	0.0000	0.0000	0.0000	0.0000	0.0000	0.0000	0.0000	0.0000	0.0000	0.0000	0.0000	0.0000	0.0000	0.0000	0.0000	0.0000	0.0000	0.0036	0.0017	0.0087	0.0106	0.0039	0.2172	0.0004	0.0000	0.0009	2.0000	0.0000	0.0000	0.0000	1.6911	1.7047	5.7022	0.0000	0.0000	0.0000	0.0000	0.0000	0.0000	0.0000	0.0000	0.0000	0.0001	0.0000	0.0001	0.0001	0.0000	0.0001	0.0000	0.0000	0.0000	0.0000	0.0000	0.0000	0.0000	0.0000	0.0000	0.0000	0.0000	0.0000	0.0292	0.0211	0.0081	0.0093	0.0090	0.0003	0.0200	0.0122	0.0078	0.0000	0.0000	0.0000	0.0000	0.0000	0.0000	0.0000	0.0000	0.0000	0.0036	0.0017	0.0087	0.0106	0.0039	0.2172	0.0004	0.0000	0.0009		
50	124	0.1315	12	2	2	1	0	0	0	0	0	Y	Y	N	N	N	N	N	N	N	N	N	N	0.0000	0.0000	0.0000	0.0000	0.0000	0.0000	0.0000	0.0000	0.0000	0.0000	0.0000	0.0000	0.0000	0.0000	0.0000	0.0000	0.0000	0.0000	0.0000	0.0000	0.0000	0.0000	1.7047	0.0000	0.0000	0.0000	0.0000	0.0000	0.0000	0.0000	0.0000	0.0000	0.0000	0.0000	0.0000	0.0000	0.0000	0.0000	0.0000	0.0000	0.0000	0.0000	0.0000	0.0000	0.0000	0.0000	0.0000	0.0000	0.0000	0.0000	0.0000	0.0000	0.0000	0.0000	0.0000	0.0000	0.0000	0.0000	0.0000	0.0000	0.0000	0.0000	0.0000	0.0000	0.0000	0.0000	0.0000	0.0000	0.0000	0.0000	0.0000	0.0000	0.0000	0.0000	0.0000	0.0000	0.0000	0.0000											
50	125	0.1269	11	2	2	1	0	0	0	0	0	Y	Y	N	N	N	N	N	N	N	N	N	N	0.0000	0.0000	0.0000	0.0000	0.0000	0.0000	0.0000	0.0000	0.0000	0.0000	0.0000	0.0000	0.0000	0.0000	0.0000	0.0029	0.0036	0.0000	0.0078	0.0080	0.0000	0.0000	0.0000	0.0000	0.0000	0.0000	-0.0000	0.0000	0.1434	1.7047	1.9839	0.0000	0.0000	0.0000	0.0000	0.0000	0.0000	0.0000	0.0000	0.0000	0.0000	0.0000	0.0000	0.0000	0.0000	0.0000	0.0000	0.0000	0.0000	0.0000	0.0000	0.0000	0.0000	0.0000	0.0000	0.0000	0.0000	0.0000	0.0098	0.0078	0.0021	0.0036	0.0035	0.0001	0.0062	0.0042	0.0020	0.0000	0.0000	0.0000	0.0000	0.0000	0.0000	0.0000	0.0000	0.0000	0.0029	0.0036	0.0000	0.0078	0.0080	0.0000	0.0000	0.0000	0.0000				
50	126	0.1164	10	1	2	1	0	0	0	0	0	N	Y	N	N	N	N	N	N	N	N	N	N	0.0000	0.0000	0.0000	0.0000	0.0000	0.0000	0.0000	0.0000	0.0000	0.0000	0.0000	0.0000	0.0000	0.0000	0.0000	0.0120	0.0155	0.0000	0.0302	0.0309	0.0000	0.0020	0.0030	0.0000	0.0000	0.0000	-0.0001	0.0000	1.8882	1.7047	2.9115	0.0000	0.0000	0.0000	0.0000	0.0000	0.0000	0.0000	0.0000	0.0000	0.0003	0.0003	0.0000	0.0002	0.0002	0.0000	0.0000	0.0000	0.0000	0.0000	0.0000	0.0000	0.0000	0.0000	0.0000	0.0000	0.0000	0.0000	0.0224	0.0173	0.0051	0.0079	0.0077	0.0002	0.0144	0.0096	0.0049	0.0000	0.0000	0.0000	0.0000	0.0000	0.0000	0.0000	0.0000	0.0000	0.0120	0.0155	0.0000	0.0302	0.0309	0.0000	0.0020	0.0030	0.0000				
50	127	0.0907	9	1	1	1	0	0	0	0	0	N	N	N	N	N	N	N	N	N	N	N	N	0.0000	0.0000	0.0000	0.0000	0.0000	0.0000	0.0000	0.0000	0.0000	0.0000	0.0000	0.0000	0.0000	0.0000	0.0000	0.0000	0.0000	0.0000	14.7061	20.3158	0.0000	51.6011	48.4379	0.0001	0.0000	0.0000	0.0000	0.0000	0.0000	-0.3825	0.0000	3.5543	1.7047	9.0319	0.0000	0.0000	0.0000	0.0000	0.0000	0.0000	0.0000	0.0000	0.0000	0.7045	0.7045	0.0000	0.7045	0.7045	0.0000	0.0000	0.0000	0.0000	0.0000	0.0000	0.0000	0.0000	0.0000	0.0000	0.0000	0.0000	0.0000	0.0479	0.0347	0.0132	0.0151	0.0145	0.0005	0.0328	0.0201	0.0127	0.0000	0.0000	0.0000	0.0000	0.0000	0.0000	0.0000	0.0000	0.0000	14.7061	20.3158	0.0000	46.7332	48.4379	0.0001	0.0000	0.0000	0.0000	
51	53	0.1550	10	2	2	1	0	0	0	0	0	Y	Y	N	N	N	N	N	N	N	N	N	N	0.0000	0.0000	0.0000	0.0000	0.0000	0.0000	0.0000	0.0000	0.0000	0.0000	0.0000	0.0000	0.0000	0.0000	0.0000	0.0022	0.0026	0.0000	0.0048	0.0049	0.0000	0.0000	0.0000	0.0000	0.0000	0.0000	-0.0000	0.0000	1.8240	0.2953	0.8872	0.0000	0.0000	0.0000	0.0000	0.0000	0.0000	0.0000	0.0000	0.0000	0.0000	0.0000	0.0000	0.0000	0.0000	0.0000	0.0000	0.0000	0.0000	0.0000	0.0000	0.0000	0.0000	0.0000	0.0000	0.0000	0.0000	0.0000	0.0066	0.0057	0.0009	0.0031	0.0030	0.0000	0.0036	0.0027	0.0009	0.0000	0.0000	0.0000	0.0000	0.0000	0.0000	0.0000	0.0000	0.0000	0.0022	0.0026	0.0000	0.0048	0.0049	0.0000	0.0000	0.0000	0.0000				
51	54	0.2391	22	1	2	1	1	0	0	0	0	N	Y	N	N	N	N	N	N	N	N	N	N	0.0000	0.0000	0.0000	0.0000	0.0000	0.0000	0.0000	0.0000	0.0000	0.0000	0.0000	0.0000	0.0000	0.0000	0.0000	0.0000	0.0000	0.0000	0.0000	0.0000	0.0000	0.0007	0.2953	4.7762	0.0000	0.0000	0.0000	0.0000	0.0000	0.0000	0.0000	0.0000	0.0000	0.0000	0.0000	0.0000	0.0000	0.0000	0.0000	0.0000	0.0000	0.0000	0.0000	0.0000	0.0000	0.0000	0.0000	0.0000	0.0000	0.0000	0.0000	0.0110	0.0096	0.0014	0.0052	0.0052	0.0001	0.0058	0.0045	0.0013	0.0000	0.0000	0.0000	0.0000	0.0000	0.0000	0.0000	0.0000	0.0000	0.0000	0.0000	0.0000	0.0000	0.0000	0.0000	0.0000	0.0000	0.0000											
51	55	0.2391	22	1	1	1	1	0	0	0	0	N	N	N	N	N	N	N	N	N	N	N	N	0.0000	0.0000	0.0000	0.0000	0.0000	0.0000	0.0000	0.0000	0.0000	0.0000	0.0000	0.0000	0.0000	0.0000	0.0000	0.0000	0.0000	0.0000	0.0000	0.0000	0.0000	0.0007	0.2953	3.2259	0.0000	0.0000	0.0000	0.0000	0.0000	0.0000	0.0000	0.0000	0.0000	0.0000	0.0000	0.0000	0.0000	0.0000	0.0000	0.0000	0.0000	0.0000	0.0000	0.0000	0.0000	0.0000	0.0000	0.0000	0.0000	0.0000	0.0000	0.0076	0.0066	0.0010	0.0036	0.0036	0.0000	0.0040	0.0031	0.0009	0.0000	0.0000	0.0000	0.0000	0.0000	0.0000	0.0000	0.0000	0.0000	0.0000	0.0000	0.0000	0.0000	0.0000	0.0000	0.0000	0.0000	0.0000											
51	56	0.2347	21	1	1	1	1	0	0	0	0	N	N	N	N	N	N	N	N	N	N	N	N	0.0000	0.0000	0.0000	0.0000	0.0000	0.0000	0.0000	0.0000	0.0000	0.0000	0.0000	0.0000	0.0000	0.0000	0.0000	0.0000	0.0000	0.0000	0.0000	0.0000	0.0000	0.9953	0.2953	1.3904	0.0000	0.0000	0.0000	0.0000	0.0000	0.0000	0.0000	0.0000	0.0000	0.0000	0.0000	0.0000	0.0000	0.0000	0.0000	0.0000	0.0000	0.0000	0.0000	0.0000	0.0000	0.0000	0.0000	0.0000	0.0000	0.0000	0.0000	0.0057	0.0050	0.0007	0.0027	0.0027	0.0000	0.0030	0.0023	0.0007	0.0000	0.0000	0.0000	0.0000	0.0000	0.0000	0.0000	0.0000	0.0000	0.0000	0.0000	0.0000	0.0000	0.0000	0.0000	0.0000	0.0000	0.0000											
51	57	0.2280	20	1	1	1	1	0	0	0	0	N	N	N	N	N	N	N	N	N	N	N	N	0.0000	0.0000	0.0000	0.0000	0.0000	0.0000	0.0000	0.0000	0.0000	0.0000	0.0000	0.0000	0.0000	0.0004	0.0004	0.0000	0.0008	0.0008	0.0000	0.0000	0.0000	0.0000	0.0000	0.0000	-0.0000	0.0000	0.0068	0.2953	3.2797	0.0000	0.0000	0.0000	0.0000	0.0000	0.0000	0.0000	0.0000	0.0000	0.0000	0.0000	0.0000	0.0000	0.0000	0.0000	0.0000	0.0000	0.0000	0.0000	0.0000	0.0000	0.0000	0.0000	0.0000	0.0000	0.0000	0.0000	0.0077	0.0067	0.0010	0.0036	0.0036	0.0000	0.0040	0.0031	0.0010	0.0000	0.0000	0.0000	0.0000	0.0000	0.0000	0.0000	0.0000	0.0000	0.0004	0.0004	0.0000	0.0008	0.0008	0.0000	0.0000	0.0000	0.0000						
51	58	0.1868	19	1	1	1	1	0	0	0	0	N	N	N	N	N	N	N	N	N	N	N	N	0.0000	0.0000	0.0000	0.0000	0.0000	0.0000	0.0000	0.0000	0.0000	0.0000	0.0000	0.0000	0.0000	0.0000	0.0000	0.1000	0.1249	0.0000	0.1977	0.2117	0.0000	0.0001	0.0002	0.0000	0.0000	0.0000	-0.0029	0.0000	5.8573	0.2953	13.1443	0.0000	0.0000	0.0000	0.0000	0.0000	0.0000	0.0000	0.0000	0.0000	0.0054	0.0054	0.0000	0.0054	0.0054	0.0000	0.0000	0.0000	0.0000	0.0000	0.0000	0.0000	0.0000	0.0000	0.0000	0.0000	0.0000	0.0000	0.0543	0.0435	0.0108	0.0275	0.0256	0.0018	0.0268	0.0179	0.0090	0.0000	0.0000	0.0000	0.0000	0.0000	0.0000	0.0000	0.0000	0.0000	0.1000	0.1249	0.0000	0.1977	0.2117	0.0000	0.0001	0.0002	0.0000				
51	59	0.0599	7	1	2	2	0	0	0	0	0	N	Y	Y	N	N	N	N	N	N	N	N	N	0.0000	0.0000	0.0000	0.0000	0.0000	0.0000	0.0000	0.0000	0.0000	0.0000	0.0000	0.0000	0.0000	0.0000	0.0000	9.6720	12.2392	0.0000	0.0164	0.0216	0.0000	26.2287	31.0769	0.0000	0.0000	0.0000	-0.1568	0.0000	0.9979	0.2953	4.0614	0.0000	0.0000	0.0000	0.0000	0.0000	0.0000	0.0000	0.0000	0.0000	0.2888	0.2888	0.0000	0.0003	0.0003	0.0000	0.2885	0.2885	0.0000	0.0000	0.0000	0.0000	0.0000	0.0000	0.0000	0.0000	0.0000	0.0000	0.0299	0.0236	0.0063	0.0189	0.0143	0.0045	0.0110	0.0093	0.0017	0.0000	0.0000	0.0000	0.0000	0.0000	0.0000	0.0000	0.0000	0.0000	9.6720	12.2392	0.0000	0.0164	0.0216	0.0000	26.2287	31.0769	0.0000				
51	60	0.0515	6	1	2	1	0	0	0	0	0	N	Y	N	N	N	N	N	N	N	N	N	N	0.0000	0.0000	0.0000	0.0000	0.0000	0.0000	0.0000	0.0000	0.0000	0.0000	0.0000	0.0000	0.0000	0.0000	0.0000	0.0000	0.0000	0.0000	0.6286	0.7324	0.0219	0.0391	0.0404	0.0002	1.1272	1.4806	0.0244	0.0051	0.0000	-0.0037	0.0000	2.2356	0.2953	2.2044	0.0000	0.0000	0.0000	0.0000	0.0000	0.0000	0.0000	0.0000	0.0000	0.0069	0.0069	0.0000	0.0002	0.0002	0.0000	0.0068	0.0067	0.0000	0.0000	0.0000	0.0000	0.0000	0.0000	0.0000	0.0000	0.0000	0.0000	0.0111	0.0094	0.0016	0.0051	0.0049	0.0002	0.0060	0.0045	0.0015	0.0000	0.0000	0.0000	0.0000	0.0000	0.0000	0.0000	0.0000	0.0000	0.6286	0.7324	0.0219	0.0391	0.0404	0.0002	1.1272	1.4806	0.0244	
51	61	0.0803	10	2	1	2	0	0	0	0	0	Y	N	Y	N	N	N	N	N	N	N	N	N	0.0000	0.0000	0.0000	0.0000	0.0000	0.0000	0.0000	0.0000	0.0000	0.0000	0.0000	0.0000	0.0000	0.0004	0.0005	0.0000	0.0010	0.0010	0.0000	0.0000	0.0000	0.0000	0.0000	0.0000	-0.0000	0.0000	2.0703	0.2953	7.0012	0.0000	0.0000	0.0000	0.0000	0.0000	0.0000	0.0000	0.0000	0.0000	0.0000	0.0000	0.0000	0.0000	0.0000	0.0000	0.0000	0.0000	0.0000	0.0000	0.0000	0.0000	0.0000	0.0000	0.0000	0.0000	0.0000	0.0000	0.0205	0.0176	0.0029	0.0091	0.0091	0.0001	0.0113	0.0085	0.0028	0.0000	0.0000	0.0000	0.0000	0.0000	0.0000	0.0000	0.0000	0.0000	0.0004	0.0005	0.0000	0.0010	0.0010	0.0000	0.0000	0.0000	0.0000						
51	62	0.0787	9	1	1	1	0	0	0	0	0	N	N	N	N	N	N	N	N	N	N	N	N	0.0000	0.0000	0.0000	0.0000	0.0000	0.0000	0.0000	0.0000	0.0000	0.0000	0.0000	0.0000	0.0000	0.0000	0.0000	0.0052	0.0061	0.0000	0.0029	0.0030	0.0000	0.0071	0.0094	0.0000	0.0000	0.0000	-0.0000	0.0000	0.9285	0.2953	0.0280	0.0000	0.0000	0.0000	0.0000	0.0000	0.0000	0.0000	0.0000	0.0000	0.0000	0.0000	0.0000	0.0000	0.0000	0.0000	0.0000	0.0000	0.0000	0.0000	0.0000	0.0000	0.0000	0.0000	0.0000	0.0000	0.0000	0.0000	0.0023	0.0019	0.0003	0.0010	0.0010	0.0000	0.0012	0.0009	0.0003	0.0000	0.0000	0.0000	0.0000	0.0000	0.0000	0.0000	0.0000	0.0000	0.0052	0.0061	0.0000	0.0029	0.0030	0.0000	0.0071	0.0094	0.0000				
51	63	0.1239	12	2	2	1	0	0	0	0	0	Y	Y	N	N	N	N	N	N	N	N	N	N	0.0000	0.0000	0.0000	0.0000	0.0000	0.0000	0.0000	0.0000	0.0000	0.0000	0.0000	0.0000	0.0000	0.0000	0.0000	8.2994	0.0000	36.9312	0.1320	0.0000	2.0137	17.6394	0.0000	42.3541	inf	0.0000	0.1317	0.0000	1.0023	0.2953	3.0135	0.0000	0.0000	0.0000	0.0000	0.0000	0.0000	0.0000	0.0000	0.0000	0.2882	0.0000	0.2882	0.0024	0.0000	0.0024	0.2858	0.0000	0.2858	0.0000	0.0000	0.0000	0.0000	0.0000	0.0000	0.0000	0.0000	0.0000	0.0347	0.0224	0.0123	0.0185	0.0169	0.0017	0.0162	0.0056	0.0106	0.0000	0.0000	0.0000	0.0000	0.0000	0.0000	0.0000	0.0000	0.0000	8.2994	0.0000	23.4050	0.1320	0.0000	1.4642	17.6394	0.0000	26.8488				
51	64	0.0975	11	2	2	1	0	0	0	0	0	Y	Y	N	N	N	N	N	N	N	N	N	N	0.0000	0.0000	0.0000	0.0000	0.0000	0.0000	0.0000	0.0000	0.0000	0.0000	0.0000	0.0000	0.0000	0.0000	0.0000	0.0000	0.0000	0.0000	0.3443	0.1187	1.6304	0.0424	0.0427	0.0322	0.6009	0.2022	1.7946	2.4105	0.0000	0.0016	0.0000	3.0820	0.2953	9.3392	0.0000	0.0000	0.0000	0.0000	0.0000	0.0000	0.0000	0.0000	0.0000	0.0101	0.0029	0.0071	0.0006	0.0006	0.0000	0.0095	0.0024	0.0071	0.0000	0.0000	0.0000	0.0000	0.0000	0.0000	0.0000	0.0000	0.0000	0.0292	0.0248	0.0044	0.0134	0.0130	0.0004	0.0158	0.0118	0.0040	0.0000	0.0000	0.0000	0.0000	0.0000	0.0000	0.0000	0.0000	0.0000	0.3443	0.1187	1.6304	0.0424	0.0427	0.0322	0.6009	0.2022	1.7946	
51	65	0.0515	6	1	2	1	0	0	0	0	0	N	Y	N	N	N	N	N	N	N	N	N	N	0.0000	0.0000	0.0000	0.0000	0.0000	0.0000	0.0000	0.0000	0.0000	0.0000	0.0000	0.0000	0.0000	0.0000	0.0000	0.0109	0.0128	0.0000	0.0242	0.0248	0.0000	0.0000	0.0000	0.0000	0.0000	0.0000	-0.0001	0.0000	1.7946	0.2953	5.9592	0.0000	0.0000	0.0000	0.0000	0.0000	0.0000	0.0000	0.0000	0.0000	0.0002	0.0002	0.0000	0.0002	0.0002	0.0000	0.0000	0.0000	0.0000	0.0000	0.0000	0.0000	0.0000	0.0000	0.0000	0.0000	0.0000	0.0000	0.0184	0.0157	0.0027	0.0083	0.0081	0.0002	0.0101	0.0076	0.0025	0.0000	0.0000	0.0000	0.0000	0.0000	0.0000	0.0000	0.0000	0.0000	0.0109	0.0128	0.0000	0.0242	0.0248	0.0000	0.0000	0.0000	0.0000				
51	66	0.0447	5	1	2	1	0	0	0	0	0	N	Y	N	N	N	N	N	N	N	N	N	N	0.0000	0.0000	0.0000	0.0000	0.0000	0.0000	0.0000	0.0000	0.0000	0.0000	0.0000	0.0000	0.0000	0.0000	0.0000	0.0000	0.0000	0.0292	0.0337	0.0025	0.0099	0.0100	0.0000	0.0446	0.0586	0.0026	0.0127	0.0000	-0.0001	0.0000	1.3569	0.2953	2.0560	0.0000	0.0000	0.0000	0.0000	0.0000	0.0000	0.0000	0.0000	0.0000	0.0002	0.0002	0.0000	0.0000	0.0000	0.0000	0.0002	0.0002	0.0000	0.0000	0.0000	0.0000	0.0000	0.0000	0.0000	0.0000	0.0000	0.0000	0.0081	0.0069	0.0012	0.0036	0.0035	0.0000	0.0045	0.0034	0.0011	0.0000	0.0000	0.0000	0.0000	0.0000	0.0000	0.0000	0.0000	0.0000	0.0292	0.0337	0.0025	0.0099	0.0100	0.0000	0.0446	0.0586	0.0026		
51	67	0.0313	4	1	2	1	0	0	0	0	0	N	Y	N	N	N	N	N	N	N	N	N	N	0.0000	0.0000	0.0000	0.0000	0.0000	0.0000	0.0000	0.0000	0.0000	0.0000	0.0000	0.0000	0.0000	0.0000	0.0000	0.0023	0.0028	0.0000	0.0004	0.0004	0.0000	0.0038	0.0053	0.0000	0.0000	0.0000	-0.0000	0.0000	4.9477	0.2953	2.0153	0.0000	0.0000	0.0000	0.0000	0.0000	0.0000	0.0000	0.0000	0.0000	0.0000	0.0000	0.0000	0.0000	0.0000	0.0000	0.0000	0.0000	0.0000	0.0000	0.0000	0.0000	0.0000	0.0000	0.0000	0.0000	0.0000	0.0000	0.0165	0.0139	0.0026	0.0072	0.0072	0.0000	0.0093	0.0067	0.0025	0.0000	0.0000	0.0000	0.0000	0.0000	0.0000	0.0000	0.0000	0.0000	0.0023	0.0028	0.0000	0.0004	0.0004	0.0000	0.0038	0.0053	0.0000				
51	68	0.2091	20	1	1	2	0	0	0	0	0	N	N	Y	N	N	N	N	N	N	N	N	N	0.0000	0.0000	0.0000	0.0000	0.0000	0.0000	0.0000	0.0000	0.0000	0.0000	0.0000	0.0000	0.0000	0.0000	0.0000	0.0010	0.0000	0.0113	0.0021	0.0000	0.2625	0.0000	0.0000	0.0000	inf	0.0000	0.0000	0.0000	0.0000	0.2953	4.0001	0.0000	0.0000	0.0000	0.0000	0.0000	0.0000	0.0000	0.0000	0.0000	0.0000	0.0000	0.0000	0.0000	0.0000	0.0000	0.0000	0.0000	0.0000	0.0000	0.0000	0.0000	0.0000	0.0000	0.0000	0.0000	0.0000	0.0000	0.0117	0.0107	0.0010	0.0056	0.0055	0.0000	0.0061	0.0051	0.0010	0.0000	0.0000	0.0000	0.0000	0.0000	0.0000	0.0000	0.0000	0.0000	0.0010	0.0000	0.0113	0.0021	0.0000	0.2625	0.0000	0.0000	0.0000				
51	69	0.1868	19	1	1	1	0	0	0	0	0	N	N	N	N	N	N	N	N	N	N	N	N	0.0000	0.0000	0.0000	0.0000	0.0000	0.0000	0.0000	0.0000	0.0000	0.0000	0.0000	0.0000	0.0000	0.0000	0.0000	0.0000	0.0000	0.0000	7.1983	0.0004	68.4413	0.1227	0.0000	1.9624	14.8945	0.0009	79.1685	24884.9727	0.0000	0.1336	0.0000	2.8240	0.2953	8.9883	0.0000	0.0000	0.0000	0.0000	0.0000	0.0000	0.0000	0.0000	0.0000	0.2924	0.0000	0.2924	0.0026	0.0000	0.0026	0.2898	0.0000	0.2898	0.0000	0.0000	0.0000	0.0000	0.0000	0.0000	0.0000	0.0000	0.0000	0.0406	0.0316	0.0090	0.0212	0.0194	0.0018	0.0195	0.0122	0.0072	0.0000	0.0000	0.0000	0.0000	0.0000	0.0000	0.0000	0.0000	0.0000	7.1983	0.0004	32.4201	0.1227	0.0000	1.4363	14.8945	0.0009	40.1897	
51	70	0.1779	18	1	1	1	0	0	0	0	0	N	N	N	N	N	N	N	N	N	N	N	N	0.0000	0.0000	0.0000	0.0000	0.0000	0.0000	0.0000	0.0000	0.0000	0.0000	0.0000	0.0000	0.0000	0.0000	0.0000	0.0000	0.0000	0.0000	0.4326	0.2393	1.6066	0.0099	0.0099	0.0109	0.8121	0.5371	1.6883	1.1047	0.0000	-0.0001	0.0000	1.4521	0.2953	3.5882	0.0000	0.0000	0.0000	0.0000	0.0000	0.0000	0.0000	0.0000	0.0000	0.0055	0.0026	0.0029	0.0001	0.0001	0.0000	0.0054	0.0025	0.0029	0.0000	0.0000	0.0000	0.0000	0.0000	0.0000	0.0000	0.0000	0.0000	0.0127	0.0109	0.0018	0.0060	0.0059	0.0001	0.0067	0.0050	0.0017	0.0000	0.0000	0.0000	0.0000	0.0000	0.0000	0.0000	0.0000	0.0000	0.4326	0.2393	1.6066	0.0099	0.0099	0.0109	0.8121	0.5120	1.6883	
51	71	0.1751	17	1	1	1	0	0	0	0	0	N	N	N	N	N	N	N	N	N	N	N	N	0.0000	0.0000	0.0000	0.0000	0.0000	0.0000	0.0000	0.0000	0.0000	0.0000	0.0000	0.0000	0.0000	0.0000	0.0000	0.0000	0.0000	0.0000	0.0131	0.0130	0.0137	0.0064	0.0065	0.0001	0.0193	0.0211	0.0143	0.1818	0.0000	-0.0000	0.0000	1.1783	0.2953	0.9542	0.0000	0.0000	0.0000	0.0000	0.0000	0.0000	0.0000	0.0000	0.0000	0.0001	0.0001	0.0000	0.0000	0.0000	0.0000	0.0001	0.0000	0.0000	0.0000	0.0000	0.0000	0.0000	0.0000	0.0000	0.0000	0.0000	0.0000	0.0058	0.0050	0.0009	0.0028	0.0027	0.0000	0.0031	0.0022	0.0008	0.0000	0.0000	0.0000	0.0000	0.0000	0.0000	0.0000	0.0000	0.0000	0.0131	0.0130	0.0137	0.0064	0.0065	0.0001	0.0193	0.0211	0.0143	
51	72	0.1706	16	1	1	1	0	0	0	0	0	N	N	N	N	N	N	N	N	N	N	N	N	0.0000	0.0000	0.0000	0.0000	0.0000	0.0000	0.0000	0.0000	0.0000	0.0000	0.0000	0.0000	0.0000	0.0000	0.0000	0.0000	0.0000	0.0020	0.0019	0.0024	0.0000	0.0000	0.0000	0.0038	0.0042	0.0025	0.2000	0.0000	-0.0000	0.0000	2.0762	0.2953	1.4610	0.0000	0.0000	0.0000	0.0000	0.0000	0.0000	0.0000	0.0000	0.0000	0.0000	0.0000	0.0000	0.0000	0.0000	0.0000	0.0000	0.0000	0.0000	0.0000	0.0000	0.0000	0.0000	0.0000	0.0000	0.0000	0.0000	0.0000	0.0088	0.0076	0.0012	0.0042	0.0041	0.0000	0.0047	0.0035	0.0012	0.0000	0.0000	0.0000	0.0000	0.0000	0.0000	0.0000	0.0000	0.0000	0.0020	0.0019	0.0024	0.0000	0.0000	0.0000	0.0038	0.0042	0.0025		
51	73	0.1063	12	1	1	1	0	0	0	0	0	N	N	N	N	N	N	N	N	N	N	N	N	0.0000	0.0000	0.0000	0.0000	0.0000	0.0000	0.0000	0.0000	0.0000	0.0000	0.0000	0.0000	0.0000	0.0000	0.0000	5.3520	6.4054	0.0000	0.0078	0.0085	0.0000	10.5947	14.0509	0.0000	0.0000	0.0000	-0.1586	0.0000	4.0673	0.2953	17.8409	0.0000	0.0000	0.0000	0.0000	0.0000	0.0000	0.0000	0.0000	0.0000	0.2921	0.2921	0.0000	0.0002	0.0002	0.0000	0.2919	0.2919	0.0000	0.0000	0.0000	0.0000	0.0000	0.0000	0.0000	0.0000	0.0000	0.0000	0.0546	0.0456	0.0090	0.0270	0.0248	0.0022	0.0276	0.0208	0.0068	0.0000	0.0000	0.0000	0.0000	0.0000	0.0000	0.0000	0.0000	0.0000	5.3520	6.4054	0.0000	0.0078	0.0085	0.0000	10.5947	14.0509	0.0000				
51	75	0.2431	16	1	1	1	0	0	0	0	0	N	N	N	N	N	N	N	N	N	N	N	N	0.0000	0.0000	0.0000	0.0000	0.0000	0.0000	0.0000	0.0000	0.0000	0.0000	0.0000	0.0000	0.0000	0.0000	0.0000	0.1493	0.1882	0.0000	0.2646	0.3043	0.0000	0.0000	0.0000	0.0000	0.0000	0.0000	-0.0117	0.0000	3.5843	0.2953	46.7516	0.0000	0.0000	0.0000	0.0000	0.0000	0.0000	0.0000	0.0000	0.0000	0.0215	0.0215	0.0000	0.0215	0.0215	0.0000	0.0000	0.0000	0.0000	0.0000	0.0000	0.0000	0.0000	0.0000	0.0000	0.0000	0.0000	0.0000	0.1443	0.1145	0.0298	0.0814	0.0708	0.0106	0.0628	0.0437	0.0191	0.0000	0.0000	0.0000	0.0000	0.0000	0.0000	0.0000	0.0000	0.0000	0.1493	0.1882	0.0000	0.2646	0.3043	0.0000	0.0000	0.0000	0.0000				
51	76	0.1076	12	2	2	2	0	0	0	0	0	Y	Y	Y	N	N	N	N	N	N	N	N	N	0.0000	0.0000	0.0000	0.0000	0.0000	0.0000	0.0000	0.0000	0.0000	0.0000	0.0000	0.0000	0.0000	0.0000	0.0000	0.0000	0.0000	0.0000	0.0000	0.0000	0.0000	1.0003	0.2953	1.0071	0.0000	0.0000	0.0000	0.0000	0.0000	0.0000	0.0000	0.0000	0.0000	0.0000	0.0000	0.0000	0.0000	0.0000	0.0000	0.0000	0.0000	0.0000	0.0000	0.0000	0.0000	0.0000	0.0000	0.0000	0.0000	0.0000	0.0000	0.0046	0.0040	0.0006	0.0021	0.0021	0.0000	0.0025	0.0019	0.0006	0.0000	0.0000	0.0000	0.0000	0.0000	0.0000	0.0000	0.0000	0.0000	0.0000	0.0000	0.0000	0.0000	0.0000	0.0000	0.0000	0.0000	0.0000											
51	77	0.1008	11	2	1	2	0	0	0	0	0	Y	N	Y	N	N	N	N	N	N	N	N	N	0.0000	0.0000	0.0000	0.0000	0.0000	0.0000	0.0000	0.0000	0.0000	0.0000	0.0000	0.0000	0.0000	0.0000	0.0000	0.0000	0.0000	0.0000	0.0000	0.0000	0.0000	0.9901	0.2953	2.2068	0.0000	0.0000	0.0000	0.0000	0.0000	0.0000	0.0000	0.0000	0.0000	0.0000	0.0000	0.0000	0.0000	0.0000	0.0000	0.0000	0.0000	0.0000	0.0000	0.0000	0.0000	0.0000	0.0000	0.0000	0.0000	0.0000	0.0000	0.0086	0.0074	0.0012	0.0040	0.0039	0.0000	0.0047	0.0035	0.0012	0.0000	0.0000	0.0000	0.0000	0.0000	0.0000	0.0000	0.0000	0.0000	0.0000	0.0000	0.0000	0.0000	0.0000	0.0000	0.0000	0.0000	0.0000											
51	78	0.1239	13	1	2	1	0	0	0	0	0	N	Y	N	N	N	N	N	N	N	N	N	N	0.0000	0.0000	0.0000	0.0000	0.0000	0.0000	0.0000	0.0000	0.0000	0.0000	0.0000	0.0000	0.0000	0.0000	0.0000	0.0058	0.0068	0.0000	0.0127	0.0130	0.0000	0.0000	0.0000	0.0000	0.0000	0.0000	-0.0002	0.0000	8.4371	0.2953	15.3349	0.0000	0.0000	0.0000	0.0000	0.0000	0.0000	0.0000	0.0000	0.0000	0.0003	0.0003	0.0000	0.0003	0.0003	0.0000	0.0000	0.0000	0.0000	0.0000	0.0000	0.0000	0.0000	0.0000	0.0000	0.0000	0.0000	0.0000	0.0521	0.0444	0.0077	0.0239	0.0235	0.0004	0.0282	0.0209	0.0073	0.0000	0.0000	0.0000	0.0000	0.0000	0.0000	0.0000	0.0000	0.0000	0.0058	0.0068	0.0000	0.0127	0.0130	0.0000	0.0000	0.0000	0.0000				
51	79	0.1008	11	2	1	2	0	0	0	0	0	Y	N	Y	N	N	N	N	N	N	N	N	N	0.0000	0.0000	0.0000	0.0000	0.0000	0.0000	0.0000	0.0000	0.0000	0.0000	0.0000	0.0000	0.0000	0.0000	0.0000	0.0000	0.0000	0.0000	0.0000	0.0000	0.0000	3.0096	0.2953	5.7427	0.0000	0.0000	0.0000	0.0000	0.0000	0.0000	0.0000	0.0000	0.0000	0.0000	0.0000	0.0000	0.0000	0.0000	0.0000	0.0000	0.0000	0.0000	0.0000	0.0000	0.0000	0.0000	0.0000	0.0000	0.0000	0.0000	0.0000	0.0209	0.0180	0.0029	0.0095	0.0094	0.0001	0.0114	0.0085	0.0028	0.0000	0.0000	0.0000	0.0000	0.0000	0.0000	0.0000	0.0000	0.0000	0.0000	0.0000	0.0000	0.0000	0.0000	0.0000	0.0000	0.0000	0.0000											
51	80	0.0852	10	2	1	2	0	0	0	0	0	Y	N	Y	N	N	N	N	N	N	N	N	N	0.0000	0.0000	0.0000	0.0000	0.0000	0.0000	0.0000	0.0000	0.0000	0.0000	0.0000	0.0000	0.0000	0.0000	0.0000	0.0479	0.0575	0.0000	0.1001	0.1054	0.0000	0.0000	0.0000	0.0000	0.0000	0.0000	-0.0005	0.0000	1.0477	0.2953	6.1154	0.0000	0.0000	0.0000	0.0000	0.0000	0.0000	0.0000	0.0000	0.0000	0.0009	0.0009	0.0000	0.0009	0.0009	0.0000	0.0000	0.0000	0.0000	0.0000	0.0000	0.0000	0.0000	0.0000	0.0000	0.0000	0.0000	0.0000	0.0190	0.0158	0.0032	0.0091	0.0086	0.0005	0.0099	0.0072	0.0027	0.0000	0.0000	0.0000	0.0000	0.0000	0.0000	0.0000	0.0000	0.0000	0.0479	0.0575	0.0000	0.1001	0.1054	0.0000	0.0000	0.0000	0.0000				
51	81	0.0787	9	1	1	1	0	0	0	0	0	N	N	N	N	N	N	N	N	N	N	N	N	0.0000	0.0000	0.0000	0.0000	0.0000	0.0000	0.0000	0.0000	0.0000	0.0000	0.0000	0.0000	0.0000	0.0000	0.0000	0.0000	0.0000	0.0000	0.1311	0.1014	0.3164	0.0010	0.0010	0.0029	0.2359	0.2078	0.3226	0.5000	0.0000	-0.0002	0.0000	1.9794	0.2953	1.0196	0.0000	0.0000	0.0000	0.0000	0.0000	0.0000	0.0000	0.0000	0.0000	0.0009	0.0006	0.0003	0.0000	0.0000	0.0000	0.0009	0.0006	0.0003	0.0000	0.0000	0.0000	0.0000	0.0000	0.0000	0.0000	0.0000	0.0000	0.0070	0.0060	0.0010	0.0031	0.0031	0.0000	0.0039	0.0029	0.0009	0.0000	0.0000	0.0000	0.0000	0.0000	0.0000	0.0000	0.0000	0.0000	0.1311	0.1014	0.3164	0.0010	0.0010	0.0029	0.2359	0.2078	0.3226	
51	82	0.0766	8	1	1	1	0	0	0	0	0	N	N	N	N	N	N	N	N	N	N	N	N	0.0000	0.0000	0.0000	0.0000	0.0000	0.0000	0.0000	0.0000	0.0000	0.0000	0.0000	0.0000	0.0000	0.0012	0.0014	0.0000	0.0000	0.0000	0.0000	0.0022	0.0029	0.0000	0.0000	0.0000	-0.0000	0.0000	1.0114	0.2953	0.0202	0.0000	0.0000	0.0000	0.0000	0.0000	0.0000	0.0000	0.0000	0.0000	0.0000	0.0000	0.0000	0.0000	0.0000	0.0000	0.0000	0.0000	0.0000	0.0000	0.0000	0.0000	0.0000	0.0000	0.0000	0.0000	0.0000	0.0000	0.0024	0.0021	0.0003	0.0011	0.0011	0.0000	0.0013	0.0010	0.0003	0.0000	0.0000	0.0000	0.0000	0.0000	0.0000	0.0000	0.0000	0.0000	0.0012	0.0014	0.0000	0.0000	0.0000	0.0000	0.0022	0.0029	0.0000						
51	83	0.0560	7	1	1	1	0	0	0	0	0	N	N	N	N	N	N	N	N	N	N	N	N	0.0000	0.0000	0.0000	0.0000	0.0000	0.0000	0.0000	0.0000	0.0000	0.0000	0.0000	0.0000	0.0000	0.0000	0.0000	0.0016	0.0019	0.0000	0.0035	0.0036	0.0000	0.0000	0.0000	0.0000	0.0000	0.0000	-0.0000	0.0000	5.9223	0.2953	3.6882	0.0000	0.0000	0.0000	0.0000	0.0000	0.0000	0.0000	0.0000	0.0000	0.0000	0.0000	0.0000	0.0000	0.0000	0.0000	0.0000	0.0000	0.0000	0.0000	0.0000	0.0000	0.0000	0.0000	0.0000	0.0000	0.0000	0.0000	0.0226	0.0191	0.0036	0.0100	0.0099	0.0001	0.0126	0.0091	0.0035	0.0000	0.0000	0.0000	0.0000	0.0000	0.0000	0.0000	0.0000	0.0000	0.0016	0.0019	0.0000	0.0035	0.0036	0.0000	0.0000	0.0000	0.0000				
51	84	0.1437	15	1	2	1	0	0	0	0	0	N	Y	N	N	N	N	N	N	N	N	N	N	0.0000	0.0000	0.0000	0.0000	0.0000	0.0000	0.0000	0.0000	0.0000	0.0000	0.0000	0.0000	0.0000	0.0000	0.0000	0.0017	0.0020	0.0000	0.0037	0.0038	0.0000	0.0000	0.0000	0.0000	0.0000	0.0000	-0.0001	0.0000	7.1084	0.2953	28.8937	0.0000	0.0000	0.0000	0.0000	0.0000	0.0000	0.0000	0.0000	0.0000	0.0001	0.0001	0.0000	0.0001	0.0001	0.0000	0.0000	0.0000	0.0000	0.0000	0.0000	0.0000	0.0000	0.0000	0.0000	0.0000	0.0000	0.0000	0.0739	0.0628	0.0111	0.0340	0.0336	0.0005	0.0399	0.0293	0.0107	0.0000	0.0000	0.0000	0.0000	0.0000	0.0000	0.0000	0.0000	0.0000	0.0017	0.0020	0.0000	0.0037	0.0038	0.0000	0.0000	0.0000	0.0000				
51	85	0.1363	14	1	2	1	0	0	0	0	0	N	Y	N	N	N	N	N	N	N	N	N	N	0.0000	0.0000	0.0000	0.0000	0.0000	0.0000	0.0000	0.0000	0.0000	0.0000	0.0000	0.0000	0.0000	0.0000	0.0000	0.0000	0.0000	0.0000	0.0134	0.0153	0.0025	0.0119	0.0121	0.0000	0.0148	0.0190	0.0027	0.0282	0.0000	-0.0001	0.0000	2.2208	0.2953	3.9129	0.0000	0.0000	0.0000	0.0000	0.0000	0.0000	0.0000	0.0000	0.0000	0.0002	0.0002	0.0000	0.0001	0.0001	0.0000	0.0001	0.0001	0.0000	0.0000	0.0000	0.0000	0.0000	0.0000	0.0000	0.0000	0.0000	0.0000	0.0160	0.0137	0.0023	0.0075	0.0073	0.0001	0.0086	0.0064	0.0022	0.0000	0.0000	0.0000	0.0000	0.0000	0.0000	0.0000	0.0000	0.0000	0.0134	0.0153	0.0025	0.0119	0.0121	0.0000	0.0148	0.0190	0.0027	
51	86	0.2118	16	1	1	2	0	0	0	0	0	N	N	Y	N	N	N	N	N	N	N	N	N	0.0000	0.0000	0.0000	0.0000	0.0000	0.0000	0.0000	0.0000	0.0000	0.0000	0.0000	0.0000	0.0000	0.0000	0.0000	0.0057	0.0067	0.0000	0.0123	0.0126	0.0000	0.0000	0.0000	0.0000	0.0000	0.0000	-0.0001	0.0000	5.3425	0.2953	7.0749	0.0000	0.0000	0.0000	0.0000	0.0000	0.0000	0.0000	0.0000	0.0000	0.0002	0.0002	0.0000	0.0002	0.0002	0.0000	0.0000	0.0000	0.0000	0.0000	0.0000	0.0000	0.0000	0.0000	0.0000	0.0000	0.0000	0.0000	0.0284	0.0244	0.0040	0.0132	0.0129	0.0002	0.0152	0.0115	0.0038	0.0000	0.0000	0.0000	0.0000	0.0000	0.0000	0.0000	0.0000	0.0000	0.0057	0.0067	0.0000	0.0123	0.0126	0.0000	0.0000	0.0000	0.0000				
51	87	0.1686	15	1	1	1	0	0	0	0	0	N	N	N	N	N	N	N	N	N	N	N	N	0.0000	0.0000	0.0000	0.0000	0.0000	0.0000	0.0000	0.0000	0.0000	0.0000	0.0000	0.0000	0.0000	0.0000	0.0000	0.0000	0.0000	0.0000	0.0315	0.0373	0.0007	0.0586	0.0615	0.0000	0.0061	0.0079	0.0008	0.0037	0.0000	-0.0009	0.0000	7.0719	0.2953	13.7350	0.0000	0.0000	0.0000	0.0000	0.0000	0.0000	0.0000	0.0000	0.0000	0.0016	0.0016	0.0000	0.0015	0.0015	0.0000	0.0002	0.0002	0.0000	0.0000	0.0000	0.0000	0.0000	0.0000	0.0000	0.0000	0.0000	0.0000	0.0515	0.0434	0.0082	0.0249	0.0238	0.0012	0.0266	0.0196	0.0070	0.0000	0.0000	0.0000	0.0000	0.0000	0.0000	0.0000	0.0000	0.0000	0.0315	0.0373	0.0007	0.0586	0.0615	0.0000	0.0061	0.0079	0.0008	
51	88	0.0048	3	2	1	2	0	0	0	0	0	Y	N	Y	N	N	N	N	N	N	N	N	N	0.0000	0.0000	0.0000	0.0000	0.0000	0.0000	0.0000	0.0000	0.0000	0.0000	0.0000	0.0000	0.0000	0.0000	0.0000	0.0000	0.0000	0.0000	0.0000	0.0000	0.0000	0.0000	0.2953	0.0000	0.0000	0.0000	0.0000	0.0000	0.0000	0.0000	0.0000	0.0000	0.0000	0.0000	0.0000	0.0000	0.0000	0.0000	0.0000	0.0000	0.0000	0.0000	0.0000	0.0000	0.0000	0.0000	0.0000	0.0000	0.0000	0.0000	0.0000	0.0000	0.0000	0.0000	0.0000	0.0000	0.0000	0.0000	0.0000	0.0000	0.0000	0.0000	0.0000	0.0000	0.0000	0.0000	0.0000	0.0000	0.0000	0.0000	0.0000	0.0000	0.0000	0.0000	0.0000	0.0000	0.0000	0.0000											
51	89	0.0029	2	2	1	2	0	0	0	0	0	Y	N	Y	N	N	N	N	N	N	N	N	N	0.0000	0.0000	0.0000	0.0000	0.0000	0.0000	0.0000	0.0000	0.0000	0.0000	0.0000	0.0000	0.0000	0.0000	0.0000	0.2703	0.4427	0.0000	0.5327	0.5588	0.0000	0.0000	0.0000	0.0000	0.0000	0.0000	-0.0014	0.0000	0.0001	0.2953	0.9161	0.0000	0.0000	0.0000	0.0000	0.0000	0.0000	0.0000	0.0000	0.0000	0.0026	0.0026	0.0000	0.0026	0.0026	0.0000	0.0000	0.0000	0.0000	0.0000	0.0000	0.0000	0.0000	0.0000	0.0000	0.0000	0.0000	0.0000	0.0097	0.0059	0.0038	0.0049	0.0047	0.0002	0.0048	0.0012	0.0035	0.0000	0.0000	0.0000	0.0000	0.0000	0.0000	0.0000	0.0000	0.0000	0.2703	0.4427	0.0000	0.5327	0.5588	0.0000	0.0000	0.0000	0.0000				
51	91	0.1168	13	1	2	1	1	0	0	0	0	N	Y	N	N	N	N	N	N	N	N	N	N	0.0000	0.0000	0.0000	0.0000	0.0000	0.0000	0.0000	0.0000	0.0000	0.0000	0.0000	0.0000	0.0000	0.0000	0.0000	5.2671	6.4255	0.0000	0.0199	0.0230	0.0000	11.4010	14.8794	0.0000	0.0000	0.0000	-0.1573	0.0000	1.8247	0.2953	16.3284	0.0000	0.0000	0.0000	0.0000	0.0000	0.0000	0.0000	0.0000	0.0000	0.2897	0.2897	0.0000	0.0006	0.0006	0.0000	0.2891	0.2891	0.0000	0.0000	0.0000	0.0000	0.0000	0.0000	0.0000	0.0000	0.0000	0.0000	0.0550	0.0451	0.0099	0.0296	0.0257	0.0040	0.0254	0.0194	0.0059	0.0000	0.0000	0.0000	0.0000	0.0000	0.0000	0.0000	0.0000	0.0000	5.2671	6.4255	0.0000	0.0199	0.0230	0.0000	11.4010	14.8794	0.0000				
51	92	0.1063	12	1	2	1	0	0	0	0	0	N	Y	N	N	N	N	N	N	N	N	N	N	0.0000	0.0000	0.0000	0.0000	0.0000	0.0000	0.0000	0.0000	0.0000	0.0000	0.0000	0.0000	0.0000	0.0000	0.0000	4.8562	0.0000	57.7133	0.1114	0.0000	2.2014	9.4123	0.0000	72.9798	inf	0.0000	0.1349	0.0000	9.1310	0.2953	16.1726	0.0000	0.0000	0.0000	0.0000	0.0000	0.0000	0.0000	0.0000	0.0000	0.2952	0.0000	0.2952	0.0033	0.0000	0.0033	0.2919	0.0000	0.2919	0.0000	0.0000	0.0000	0.0000	0.0000	0.0000	0.0000	0.0000	0.0000	0.0608	0.0508	0.0100	0.0298	0.0276	0.0022	0.0310	0.0233	0.0078	0.0000	0.0000	0.0000	0.0000	0.0000	0.0000	0.0000	0.0000	0.0000	4.8562	0.0000	29.6665	0.1114	0.0000	1.5166	9.4123	0.0000	37.5999				
51	93	0.1913	18	1	2	1	0	0	0	0	0	N	Y	N	N	N	N	N	N	N	N	N	N	0.0000	0.0000	0.0000	0.0000	0.0000	0.0000	0.0000	0.0000	0.0000	0.0000	0.0000	0.0000	0.0000	0.0000	0.0000	0.0012	0.0014	0.0000	0.0025	0.0026	0.0000	0.0000	0.0000	0.0000	0.0000	0.0000	-0.0000	0.0000	4.0959	0.2953	8.7137	0.0000	0.0000	0.0000	0.0000	0.0000	0.0000	0.0000	0.0000	0.0000	0.0000	0.0000	0.0000	0.0000	0.0000	0.0000	0.0000	0.0000	0.0000	0.0000	0.0000	0.0000	0.0000	0.0000	0.0000	0.0000	0.0000	0.0000	0.0294	0.0254	0.0040	0.0141	0.0138	0.0003	0.0153	0.0116	0.0038	0.0000	0.0000	0.0000	0.0000	0.0000	0.0000	0.0000	0.0000	0.0000	0.0012	0.0014	0.0000	0.0025	0.0026	0.0000	0.0000	0.0000	0.0000				
51	94	0.1730	17	1	2	1	0	0	0	0	0	N	Y	N	N	N	N	N	N	N	N	N	N	0.0000	0.0000	0.0000	0.0000	0.0000	0.0000	0.0000	0.0000	0.0000	0.0000	0.0000	0.0000	0.0000	0.0000	0.0000	0.0017	0.0020	0.0000	0.0000	0.0000	0.0000	0.0033	0.0043	0.0000	0.0000	0.0000	-0.0000	0.0000	2.9443	0.2953	6.1524	0.0000	0.0000	0.0000	0.0000	0.0000	0.0000	0.0000	0.0000	0.0000	0.0000	0.0000	0.0000	0.0000	0.0000	0.0000	0.0000	0.0000	0.0000	0.0000	0.0000	0.0000	0.0000	0.0000	0.0000	0.0000	0.0000	0.0000	0.0207	0.0180	0.0027	0.0098	0.0097	0.0001	0.0109	0.0083	0.0026	0.0000	0.0000	0.0000	0.0000	0.0000	0.0000	0.0000	0.0000	0.0000	0.0017	0.0020	0.0000	0.0000	0.0000	0.0000	0.0033	0.0043	0.0000				
51	95	0.1706	16	1	1	1	0	0	0	0	0	N	N	N	N	N	N	N	N	N	N	N	N	0.0000	0.0000	0.0000	0.0000	0.0000	0.0000	0.0000	0.0000	0.0000	0.0000	0.0000	0.0000	0.0000	0.0000	0.0000	0.0000	0.0000	0.0000	0.0000	0.0000	0.0000	0.8596	0.2953	1.2300	0.0000	0.0000	0.0000	0.0000	0.0000	0.0000	0.0000	0.0000	0.0000	0.0000	0.0000	0.0000	0.0000	0.0000	0.0000	0.0000	0.0000	0.0000	0.0000	0.0000	0.0000	0.0000	0.0000	0.0000	0.0000	0.0000	0.0000	0.0056	0.0048	0.0008	0.0026	0.0026	0.0000	0.0029	0.0022	0.0008	0.0000	0.0000	0.0000	0.0000	0.0000	0.0000	0.0000	0.0000	0.0000	0.0000	0.0000	0.0000	0.0000	0.0000	0.0000	0.0000	0.0000	0.0000											
51	96	0.1587	15	1	1	1	0	0	0	0	0	N	N	N	N	N	N	N	N	N	N	N	N	0.0000	0.0000	0.0000	0.0000	0.0000	0.0000	0.0000	0.0000	0.0000	0.0000	0.0000	0.0000	0.0000	0.0000	0.0000	0.0013	0.0016	0.0000	0.0028	0.0029	0.0000	0.0000	0.0000	0.0000	0.0000	0.0000	-0.0000	0.0000	3.7737	0.2953	2.5241	0.0000	0.0000	0.0000	0.0000	0.0000	0.0000	0.0000	0.0000	0.0000	0.0000	0.0000	0.0000	0.0000	0.0000	0.0000	0.0000	0.0000	0.0000	0.0000	0.0000	0.0000	0.0000	0.0000	0.0000	0.0000	0.0000	0.0000	0.0155	0.0133	0.0022	0.0073	0.0072	0.0001	0.0082	0.0061	0.0021	0.0000	0.0000	0.0000	0.0000	0.0000	0.0000	0.0000	0.0000	0.0000	0.0013	0.0016	0.0000	0.0028	0.0029	0.0000	0.0000	0.0000	0.0000				
51	97	0.1379	14	1	1	1	0	0	0	0	0	N	N	N	N	N	N	N	N	N	N	N	N	0.0000	0.0000	0.0000	0.0000	0.0000	0.0000	0.0000	0.0000	0.0000	0.0000	0.0000	0.0000	0.0000	0.0000	0.0000	0.0446	0.0529	0.0000	0.0895	0.0954	0.0000	0.0014	0.0019	0.0000	0.0000	0.0000	-0.0007	0.0000	6.4922	0.2953	4.5502	0.0000	0.0000	0.0000	0.0000	0.0000	0.0000	0.0000	0.0000	0.0000	0.0013	0.0013	0.0000	0.0013	0.0013	0.0000	0.0000	0.0000	0.0000	0.0000	0.0000	0.0000	0.0000	0.0000	0.0000	0.0000	0.0000	0.0000	0.0286	0.0241	0.0045	0.0140	0.0131	0.0009	0.0146	0.0110	0.0036	0.0000	0.0000	0.0000	0.0000	0.0000	0.0000	0.0000	0.0000	0.0000	0.0446	0.0529	0.0000	0.0895	0.0954	0.0000	0.0014	0.0019	0.0000				
51	98	0.0276	3	1	2	1	0	0	0	0	0	N	Y	N	N	N	N	N	N	N	N	N	N	0.0000	0.0000	0.0000	0.0000	0.0000	0.0000	0.0000	0.0000	0.0000	0.0000	0.0000	0.0000	0.0000	0.0000	0.0000	0.0012	0.0015	0.0000	0.0029	0.0029	0.0000	0.0000	0.0000	0.0000	0.0000	0.0000	-0.0000	0.0000	1.3608	0.2953	12.1483	0.0000	0.0000	0.0000	0.0000	0.0000	0.0000	0.0000	0.0000	0.0000	0.0000	0.0000	0.0000	0.0000	0.0000	0.0000	0.0000	0.0000	0.0000	0.0000	0.0000	0.0000	0.0000	0.0000	0.0000	0.0000	0.0000	0.0000	0.0308	0.0260	0.0048	0.0134	0.0134	0.0001	0.0173	0.0126	0.0047	0.0000	0.0000	0.0000	0.0000	0.0000	0.0000	0.0000	0.0000	0.0000	0.0012	0.0015	0.0000	0.0029	0.0029	0.0000	0.0000	0.0000	0.0000				
51	104	0.1928	16	1	2	1	0	0	0	0	0	N	Y	N	N	N	N	N	N	N	N	N	N	0.0000	0.0000	0.0000	0.0000	0.0000	0.0000	0.0000	0.0000	0.0000	0.0000	0.0000	0.0000	0.0000	0.0000	0.0000	0.1111	0.0000	0.6878	0.1533	0.0000	1.5440	0.0607	0.0000	0.2760	inf	0.0000	0.0003	0.0000	0.0277	0.2953	1.3445	0.0000	0.0000	0.0000	0.0000	0.0000	0.0000	0.0000	0.0000	0.0000	0.0008	0.0000	0.0008	0.0006	0.0000	0.0006	0.0002	0.0000	0.0002	0.0000	0.0000	0.0000	0.0000	0.0000	0.0000	0.0000	0.0000	0.0000	0.0068	0.0057	0.0011	0.0037	0.0033	0.0004	0.0031	0.0024	0.0007	0.0000	0.0000	0.0000	0.0000	0.0000	0.0000	0.0000	0.0000	0.0000	0.1111	0.0000	0.6878	0.1533	0.0000	1.3611	0.0607	0.0000	0.2760				
51	105	0.1461	15	1	2	1	0	0	0	0	0	N	Y	N	N	N	N	N	N	N	N	N	N	0.0000	0.0000	0.0000	0.0000	0.0000	0.0000	0.0000	0.0000	0.0000	0.0000	0.0000	0.0000	0.0000	0.0000	0.0000	0.0000	0.0000	0.0000	5.4531	0.0127	67.9329	0.0900	0.0002	1.8161	10.6554	0.0282	78.3353	515.4510	0.0000	0.1339	0.0000	5.1414	0.2953	16.4151	0.0000	0.0000	0.0000	0.0000	0.0000	0.0000	0.0000	0.0000	0.0000	0.2942	0.0006	0.2937	0.0024	0.0000	0.0024	0.2918	0.0006	0.2913	0.0000	0.0000	0.0000	0.0000	0.0000	0.0000	0.0000	0.0000	0.0000	0.0540	0.0449	0.0091	0.0266	0.0249	0.0017	0.0274	0.0200	0.0074	0.0000	0.0000	0.0000	0.0000	0.0000	0.0000	0.0000	0.0000	0.0000	5.4531	0.0127	32.3762	0.0900	0.0002	1.4348	10.6554	0.0282	39.3190	
51	106	0.1379	14	1	1	1	0	0	0	0	0	N	N	N	N	N	N	N	N	N	N	N	N	0.0000	0.0000	0.0000	0.0000	0.0000	0.0000	0.0000	0.0000	0.0000	0.0000	0.0000	0.0000	0.0000	0.0000	0.0000	0.0000	0.0000	0.0000	0.2668	0.2568	0.3161	0.1448	0.1597	0.0043	0.3959	0.3867	0.4439	0.2509	0.0000	-0.0015	0.0000	3.8974	0.2953	1.6364	0.0000	0.0000	0.0000	0.0000	0.0000	0.0000	0.0000	0.0000	0.0000	0.0045	0.0036	0.0009	0.0012	0.0012	0.0000	0.0032	0.0023	0.0009	0.0000	0.0000	0.0000	0.0000	0.0000	0.0000	0.0000	0.0000	0.0000	0.0168	0.0139	0.0028	0.0086	0.0078	0.0008	0.0081	0.0061	0.0020	0.0000	0.0000	0.0000	0.0000	0.0000	0.0000	0.0000	0.0000	0.0000	0.2668	0.2568	0.3161	0.1448	0.1597	0.0043	0.3959	0.3802	0.4439	
51	107	0.1168	13	1	1	1	0	0	0	0	0	N	N	N	N	N	N	N	N	N	N	N	N	0.0000	0.0000	0.0000	0.0000	0.0000	0.0000	0.0000	0.0000	0.0000	0.0000	0.0000	0.0000	0.0000	0.0000	0.0000	0.0000	0.0000	0.0000	0.1888	0.2303	0.0167	0.2728	0.3326	0.0006	0.0740	0.0845	0.0352	0.0174	0.0000	-0.0039	0.0000	0.3701	0.2953	9.6236	0.0000	0.0000	0.0000	0.0000	0.0000	0.0000	0.0000	0.0000	0.0000	0.0074	0.0073	0.0001	0.0062	0.0062	0.0000	0.0012	0.0011	0.0001	0.0000	0.0000	0.0000	0.0000	0.0000	0.0000	0.0000	0.0000	0.0000	0.0392	0.0316	0.0076	0.0226	0.0186	0.0041	0.0166	0.0130	0.0035	0.0000	0.0000	0.0000	0.0000	0.0000	0.0000	0.0000	0.0000	0.0000	0.1888	0.2303	0.0167	0.2728	0.3326	0.0006	0.0740	0.0845	0.0352	
51	108	0.1063	12	1	1	1	0	0	0	0	0	N	N	N	N	N	N	N	N	N	N	N	N	0.0000	0.0000	0.0000	0.0000	0.0000	0.0000	0.0000	0.0000	0.0000	0.0000	0.0000	0.0000	0.0000	0.0000	0.0000	0.0000	0.0000	0.0000	0.4404	0.5377	0.0283	0.2664	0.3262	0.0006	0.6770	0.8712	0.0628	0.0124	0.0000	-0.0050	0.0000	0.4415	0.2953	4.8853	0.0000	0.0000	0.0000	0.0000	0.0000	0.0000	0.0000	0.0000	0.0000	0.0094	0.0093	0.0001	0.0033	0.0033	0.0000	0.0061	0.0060	0.0001	0.0000	0.0000	0.0000	0.0000	0.0000	0.0000	0.0000	0.0000	0.0000	0.0213	0.0173	0.0041	0.0123	0.0100	0.0023	0.0090	0.0072	0.0018	0.0000	0.0000	0.0000	0.0000	0.0000	0.0000	0.0000	0.0000	0.0000	0.4404	0.5377	0.0283	0.2664	0.3262	0.0006	0.6770	0.8312	0.0628	
51	109	0.1287	11	2	2	1	1	0	0	0	0	Y	Y	N	N	N	N	N	N	N	N	N	N	0.0000	0.0000	0.0000	0.0000	0.0000	0.0000	0.0000	0.0000	0.0000	0.0000	0.0000	0.0000	0.0000	0.0000	0.0000	0.0000	0.0000	0.0000	0.0000	0.0000	0.0000	0.0000	0.2953	0.0000	0.0000	0.0000	0.0000	0.0000	0.0000	0.0000	0.0000	0.0000	0.0000	0.0000	0.0000	0.0000	0.0000	0.0000	0.0000	0.0000	0.0000	0.0000	0.0000	0.0000	0.0000	0.0000	0.0000	0.0000	0.0000	0.0000	0.0000	0.0000	0.0000	0.0000	0.0000	0.0000	0.0000	0.0000	0.0000	0.0000	0.0000	0.0000	0.0000	0.0000	0.0000	0.0000	0.0000	0.0000	0.0000	0.0000	0.0000	0.0000	0.0000	0.0000	0.0000	0.0000	0.0000	0.0000											
51	110	0.1138	10	2	2	1	1	0	0	0	0	Y	Y	N	N	N	N	N	N	N	N	N	N	0.0000	0.0000	0.0000	0.0000	0.0000	0.0000	0.0000	0.0000	0.0000	0.0000	0.0000	0.0000	0.0000	0.0000	0.0000	14.0376	15.7027	0.0000	30.8791	30.6473	0.0000	0.0000	0.0000	0.0000	0.0000	0.0000	-0.1603	0.0000	0.0000	0.2953	7.1240	0.0000	0.0000	0.0000	0.0000	0.0000	0.0000	0.0000	0.0000	0.0000	0.2952	0.2952	0.0000	0.2952	0.2952	0.0000	0.0000	0.0000	0.0000	0.0000	0.0000	0.0000	0.0000	0.0000	0.0000	0.0000	0.0000	0.0000	0.0210	0.0188	0.0022	0.0097	0.0096	0.0001	0.0113	0.0092	0.0022	0.0000	0.0000	0.0000	0.0000	0.0000	0.0000	0.0000	0.0000	0.0000	14.0376	15.7027	0.0000	30.4446	30.6473	0.0000	0.0000	0.0000	0.0000				
51	111	0.1227	12	1	2	1	1	0	0	0	0	N	Y	N	N	N	N	N	N	N	N	N	N	0.0000	0.0000	0.0000	0.0000	0.0000	0.0000	0.0000	0.0000	0.0000	0.0000	0.0000	0.0000	0.0000	0.0004	0.0000	0.0041	0.0009	0.0000	0.1180	0.0000	0.0000	0.0000	inf	0.0000	0.0000	0.0000	0.0016	0.2953	5.0076	0.0000	0.0000	0.0000	0.0000	0.0000	0.0000	0.0000	0.0000	0.0000	0.0000	0.0000	0.0000	0.0000	0.0000	0.0000	0.0000	0.0000	0.0000	0.0000	0.0000	0.0000	0.0000	0.0000	0.0000	0.0000	0.0000	0.0000	0.0147	0.0133	0.0014	0.0068	0.0067	0.0001	0.0079	0.0065	0.0014	0.0000	0.0000	0.0000	0.0000	0.0000	0.0000	0.0000	0.0000	0.0000	0.0004	0.0000	0.0041	0.0009	0.0000	0.1180	0.0000	0.0000	0.0000						
51	112	0.1159	11	1	2	1	1	0	0	0	0	N	Y	N	N	N	N	N	N	N	N	N	N	0.0000	0.0000	0.0000	0.0000	0.0000	0.0000	0.0000	0.0000	0.0000	0.0000	0.0000	0.0000	0.0000	0.0006	0.0007	0.0000	0.0014	0.0014	0.0000	0.0000	0.0000	0.0000	0.0000	0.0000	-0.0000	0.0000	1.0012	0.2953	2.1373	0.0000	0.0000	0.0000	0.0000	0.0000	0.0000	0.0000	0.0000	0.0000	0.0000	0.0000	0.0000	0.0000	0.0000	0.0000	0.0000	0.0000	0.0000	0.0000	0.0000	0.0000	0.0000	0.0000	0.0000	0.0000	0.0000	0.0000	0.0094	0.0085	0.0010	0.0043	0.0043	0.0000	0.0051	0.0042	0.0009	0.0000	0.0000	0.0000	0.0000	0.0000	0.0000	0.0000	0.0000	0.0000	0.0006	0.0007	0.0000	0.0014	0.0014	0.0000	0.0000	0.0000	0.0000						
51	113	0.1242	11	1	2	1	0	0	0	0	0	N	Y	N	N	N	N	N	N	N	N	N	N	0.0000	0.0000	0.0000	0.0000	0.0000	0.0000	0.0000	0.0000	0.0000	0.0000	0.0000	0.0000	0.0000	0.0000	0.0000	0.0007	0.0000	0.0069	0.0015	0.0000	0.2343	0.0000	0.0000	0.0000	inf	0.0000	0.0000	0.0000	0.9705	0.2953	5.0371	0.0000	0.0000	0.0000	0.0000	0.0000	0.0000	0.0000	0.0000	0.0000	0.0000	0.0000	0.0000	0.0000	0.0000	0.0000	0.0000	0.0000	0.0000	0.0000	0.0000	0.0000	0.0000	0.0000	0.0000	0.0000	0.0000	0.0000	0.0175	0.0158	0.0017	0.0081	0.0081	0.0001	0.0094	0.0077	0.0017	0.0000	0.0000	0.0000	0.0000	0.0000	0.0000	0.0000	0.0000	0.0000	0.0007	0.0000	0.0069	0.0015	0.0000	0.2343	0.0000	0.0000	0.0000				
51	114	0.1159	11	1	1	2	1	0	0	0	0	N	N	Y	N	N	N	N	N	N	N	N	N	0.0000	0.0000	0.0000	0.0000	0.0000	0.0000	0.0000	0.0000	0.0000	0.0000	0.0000	0.0000	0.0000	0.0000	0.0000	0.0000	0.0000	0.0000	0.0000	0.0000	0.0000	0.0000	0.2953	1.1303	0.0000	0.0000	0.0000	0.0000	0.0000	0.0000	0.0000	0.0000	0.0000	0.0000	0.0000	0.0000	0.0000	0.0000	0.0000	0.0000	0.0000	0.0000	0.0000	0.0000	0.0000	0.0000	0.0000	0.0000	0.0000	0.0000	0.0000	0.0035	0.0032	0.0004	0.0016	0.0016	0.0000	0.0019	0.0015	0.0004	0.0000	0.0000	0.0000	0.0000	0.0000	0.0000	0.0000	0.0000	0.0000	0.0000	0.0000	0.0000	0.0000	0.0000	0.0000	0.0000	0.0000	0.0000											
51	115	0.1138	10	1	1	1	1	0	0	0	0	N	N	N	N	N	N	N	N	N	N	N	N	0.0000	0.0000	0.0000	0.0000	0.0000	0.0000	0.0000	0.0000	0.0000	0.0000	0.0000	0.0000	0.0000	0.0000	0.0000	0.0242	0.0000	0.1842	0.0122	0.0000	1.1353	0.0348	0.0000	0.1477	inf	0.0000	0.0000	0.0000	0.0000	0.2953	1.2340	0.0000	0.0000	0.0000	0.0000	0.0000	0.0000	0.0000	0.0000	0.0000	0.0001	0.0000	0.0001	0.0000	0.0000	0.0000	0.0001	0.0000	0.0001	0.0000	0.0000	0.0000	0.0000	0.0000	0.0000	0.0000	0.0000	0.0000	0.0041	0.0036	0.0005	0.0019	0.0019	0.0000	0.0022	0.0017	0.0005	0.0000	0.0000	0.0000	0.0000	0.0000	0.0000	0.0000	0.0000	0.0000	0.0242	0.0000	0.1842	0.0122	0.0000	0.9415	0.0348	0.0000	0.1477				
51	116	0.1213	11	1	1	2	1	0	0	0	0	N	N	Y	N	N	N	N	N	N	N	N	N	0.0000	0.0000	0.0000	0.0000	0.0000	0.0000	0.0000	0.0000	0.0000	0.0000	0.0000	0.0000	0.0000	0.0005	0.0000	0.0052	0.0011	0.0000	0.1671	0.0000	0.0000	0.0000	inf	0.0000	0.0000	0.0000	0.9725	0.2953	0.9874	0.0000	0.0000	0.0000	0.0000	0.0000	0.0000	0.0000	0.0000	0.0000	0.0000	0.0000	0.0000	0.0000	0.0000	0.0000	0.0000	0.0000	0.0000	0.0000	0.0000	0.0000	0.0000	0.0000	0.0000	0.0000	0.0000	0.0000	0.0059	0.0053	0.0006	0.0027	0.0027	0.0000	0.0032	0.0026	0.0005	0.0000	0.0000	0.0000	0.0000	0.0000	0.0000	0.0000	0.0000	0.0000	0.0005	0.0000	0.0052	0.0011	0.0000	0.1671	0.0000	0.0000	0.0000						
51	117	0.1213	11	1	1	2	1	0	0	0	0	N	N	Y	N	N	N	N	N	N	N	N	N	0.0000	0.0000	0.0000	0.0000	0.0000	0.0000	0.0000	0.0000	0.0000	0.0000	0.0000	0.0000	0.0000	0.0002	0.0000	0.0025	0.0005	0.0000	0.0869	0.0000	0.0000	0.0000	inf	0.0000	0.0000	0.0000	0.0285	0.2953	4.0215	0.0000	0.0000	0.0000	0.0000	0.0000	0.0000	0.0000	0.0000	0.0000	0.0000	0.0000	0.0000	0.0000	0.0000	0.0000	0.0000	0.0000	0.0000	0.0000	0.0000	0.0000	0.0000	0.0000	0.0000	0.0000	0.0000	0.0000	0.0120	0.0108	0.0012	0.0055	0.0055	0.0000	0.0064	0.0053	0.0011	0.0000	0.0000	0.0000	0.0000	0.0000	0.0000	0.0000	0.0000	0.0000	0.0002	0.0000	0.0025	0.0005	0.0000	0.0869	0.0000	0.0000	0.0000						
51	118	0.1138	10	1	1	2	1	0	0	0	0	N	N	Y	N	N	N	N	N	N	N	N	N	0.0000	0.0000	0.0000	0.0000	0.0000	0.0000	0.0000	0.0000	0.0000	0.0000	0.0000	0.0000	0.0000	0.0000	0.0000	0.0000	0.0000	0.0066	0.0002	0.0598	0.0037	0.0004	0.6561	0.0091	0.0000	0.0472	34.0017	0.0000	0.0000	0.0000	3.0275	0.2953	2.1573	0.0000	0.0000	0.0000	0.0000	0.0000	0.0000	0.0000	0.0000	0.0000	0.0001	0.0000	0.0001	0.0000	0.0000	0.0000	0.0001	0.0000	0.0001	0.0000	0.0000	0.0000	0.0000	0.0000	0.0000	0.0000	0.0000	0.0000	0.0156	0.0139	0.0017	0.0072	0.0072	0.0001	0.0084	0.0068	0.0016	0.0000	0.0000	0.0000	0.0000	0.0000	0.0000	0.0000	0.0000	0.0000	0.0066	0.0002	0.0598	0.0037	0.0004	0.4586	0.0091	0.0000	0.0472		
51	119	0.1550	10	2	2	1	0	0	0	0	0	Y	Y	N	N	N	N	N	N	N	N	N	N	0.0000	0.0000	0.0000	0.0000	0.0000	0.0000	0.0000	0.0000	0.0000	0.0000	0.0000	0.0000	0.0000	0.0000	0.0000	0.0012	0.0014	0.0000	0.0026	0.0026	0.0000	0.0000	0.0000	0.0000	0.0000	0.0000	-0.0000	0.0000	2.1883	0.2953	3.1271	0.0000	0.0000	0.0000	0.0000	0.0000	0.0000	0.0000	0.0000	0.0000	0.0000	0.0000	0.0000	0.0000	0.0000	0.0000	0.0000	0.0000	0.0000	0.0000	0.0000	0.0000	0.0000	0.0000	0.0000	0.0000	0.0000	0.0000	0.0125	0.0107	0.0017	0.0057	0.0056	0.0001	0.0068	0.0051	0.0017	0.0000	0.0000	0.0000	0.0000	0.0000	0.0000	0.0000	0.0000	0.0000	0.0012	0.0014	0.0000	0.0026	0.0026	0.0000	0.0000	0.0000	0.0000				
51	120	0.0881	9	2	2	1	0	0	0	0	0	Y	Y	N	N	N	N	N	N	N	N	N	N	0.0000	0.0000	0.0000	0.0000	0.0000	0.0000	0.0000	0.0000	0.0000	0.0000	0.0000	0.0000	0.0000	0.0000	0.0000	0.0027	0.0032	0.0000	0.0055	0.0055	0.0000	0.0004	0.0006	0.0000	0.0000	0.0000	-0.0001	0.0000	13.6104	0.2953	16.0982	0.0000	0.0000	0.0000	0.0000	0.0000	0.0000	0.0000	0.0000	0.0000	0.0002	0.0002	0.0000	0.0002	0.0002	0.0000	0.0000	0.0000	0.0000	0.0000	0.0000	0.0000	0.0000	0.0000	0.0000	0.0000	0.0000	0.0000	0.0615	0.0522	0.0093	0.0274	0.0272	0.0002	0.0341	0.0250	0.0091	0.0000	0.0000	0.0000	0.0000	0.0000	0.0000	0.0000	0.0000	0.0000	0.0027	0.0032	0.0000	0.0055	0.0055	0.0000	0.0004	0.0006	0.0000				
51	121	0.0926	9	1	2	1	0	0	0	0	0	N	Y	N	N	N	N	N	N	N	N	N	N	0.0000	0.0000	0.0000	0.0000	0.0000	0.0000	0.0000	0.0000	0.0000	0.0000	0.0000	0.0000	0.0000	0.0000	0.0000	0.0011	0.0013	0.0000	0.0024	0.0024	0.0000	0.0000	0.0000	0.0000	0.0000	0.0000	-0.0000	0.0000	0.3548	0.2953	4.6068	0.0000	0.0000	0.0000	0.0000	0.0000	0.0000	0.0000	0.0000	0.0000	0.0000	0.0000	0.0000	0.0000	0.0000	0.0000	0.0000	0.0000	0.0000	0.0000	0.0000	0.0000	0.0000	0.0000	0.0000	0.0000	0.0000	0.0000	0.0134	0.0113	0.0021	0.0062	0.0061	0.0001	0.0072	0.0052	0.0020	0.0000	0.0000	0.0000	0.0000	0.0000	0.0000	0.0000	0.0000	0.0000	0.0011	0.0013	0.0000	0.0024	0.0024	0.0000	0.0000	0.0000	0.0000				
51	122	0.0777	8	1	2	1	0	0	0	0	0	N	Y	N	N	N	N	N	N	N	N	N	N	0.0000	0.0000	0.0000	0.0000	0.0000	0.0000	0.0000	0.0000	0.0000	0.0000	0.0000	0.0000	0.0000	0.0000	0.0000	0.0026	0.0030	0.0000	0.0039	0.0039	0.0000	0.0016	0.0021	0.0000	0.0000	0.0000	-0.0000	0.0000	1.6911	0.2953	5.7022	0.0000	0.0000	0.0000	0.0000	0.0000	0.0000	0.0000	0.0000	0.0000	0.0000	0.0000	0.0000	0.0000	0.0000	0.0000	0.0000	0.0000	0.0000	0.0000	0.0000	0.0000	0.0000	0.0000	0.0000	0.0000	0.0000	0.0000	0.0170	0.0146	0.0024	0.0076	0.0075	0.0001	0.0094	0.0071	0.0024	0.0000	0.0000	0.0000	0.0000	0.0000	0.0000	0.0000	0.0000	0.0000	0.0026	0.0030	0.0000	0.0039	0.0039	0.0000	0.0016	0.0021	0.0000				
51	124	0.1288	12	2	2	1	0	0	0	0	0	Y	Y	N	N	N	N	N	N	N	N	N	N	0.0000	0.0000	0.0000	0.0000	0.0000	0.0000	0.0000	0.0000	0.0000	0.0000	0.0000	0.0000	0.0000	0.0000	0.0000	0.0000	0.0000	0.0000	0.0000	0.0000	0.0000	0.0000	0.2953	0.0000	0.0000	0.0000	0.0000	0.0000	0.0000	0.0000	0.0000	0.0000	0.0000	0.0000	0.0000	0.0000	0.0000	0.0000	0.0000	0.0000	0.0000	0.0000	0.0000	0.0000	0.0000	0.0000	0.0000	0.0000	0.0000	0.0000	0.0000	0.0000	0.0000	0.0000	0.0000	0.0000	0.0000	0.0000	0.0000	0.0000	0.0000	0.0000	0.0000	0.0000	0.0000	0.0000	0.0000	0.0000	0.0000	0.0000	0.0000	0.0000	0.0000	0.0000	0.0000	0.0000	0.0000	0.0000											
51	125	0.1242	11	2	2	1	0	0	0	0	0	Y	Y	N	N	N	N	N	N	N	N	N	N	0.0000	0.0000	0.0000	0.0000	0.0000	0.0000	0.0000	0.0000	0.0000	0.0000	0.0000	0.0000	0.0000	0.0000	0.0000	0.0018	0.0000	0.0189	0.0040	0.0000	0.7223	0.0000	0.0000	0.0000	inf	0.0000	0.0000	0.0000	0.1434	0.2953	1.9839	0.0000	0.0000	0.0000	0.0000	0.0000	0.0000	0.0000	0.0000	0.0000	0.0000	0.0000	0.0000	0.0000	0.0000	0.0000	0.0000	0.0000	0.0000	0.0000	0.0000	0.0000	0.0000	0.0000	0.0000	0.0000	0.0000	0.0000	0.0064	0.0058	0.0006	0.0030	0.0030	0.0000	0.0034	0.0028	0.0006	0.0000	0.0000	0.0000	0.0000	0.0000	0.0000	0.0000	0.0000	0.0000	0.0018	0.0000	0.0189	0.0040	0.0000	0.5010	0.0000	0.0000	0.0000				
51	126	0.1138	10	1	2	1	0	0	0	0	0	N	Y	N	N	N	N	N	N	N	N	N	N	0.0000	0.0000	0.0000	0.0000	0.0000	0.0000	0.0000	0.0000	0.0000	0.0000	0.0000	0.0000	0.0000	0.0000	0.0000	0.0000	0.0000	0.0000	0.0077	0.0009	0.0640	0.0053	0.0018	0.6943	0.0098	0.0000	0.0505	8.5001	0.0000	0.0000	0.0000	1.8882	0.2953	2.9115	0.0000	0.0000	0.0000	0.0000	0.0000	0.0000	0.0000	0.0000	0.0000	0.0001	0.0000	0.0001	0.0000	0.0000	0.0000	0.0001	0.0000	0.0001	0.0000	0.0000	0.0000	0.0000	0.0000	0.0000	0.0000	0.0000	0.0000	0.0145	0.0129	0.0016	0.0067	0.0067	0.0000	0.0078	0.0063	0.0015	0.0000	0.0000	0.0000	0.0000	0.0000	0.0000	0.0000	0.0000	0.0000	0.0077	0.0009	0.0640	0.0053	0.0018	0.4823	0.0098	0.0000	0.0505	
51	127	0.0881	9	1	1	1	0	0	0	0	0	N	N	N	N	N	N	N	N	N	N	N	N	0.0000	0.0000	0.0000	0.0000	0.0000	0.0000	0.0000	0.0000	0.0000	0.0000	0.0000	0.0000	0.0000	0.0000	0.0000	0.0000	0.0000	0.0000	10.3932	0.0010	156.5173	0.0128	0.0000	1.2131	18.8114	0.0020	156.0625	12475.8798	0.0000	0.1349	0.0000	3.5543	0.2953	9.0319	0.0000	0.0000	0.0000	0.0000	0.0000	0.0000	0.0000	0.0000	0.0000	0.2952	0.0000	0.2952	0.0002	0.0000	0.0002	0.2950	0.0000	0.2950	0.0000	0.0000	0.0000	0.0000	0.0000	0.0000	0.0000	0.0000	0.0000	0.0284	0.0243	0.0041	0.0127	0.0126	0.0002	0.0157	0.0117	0.0040	0.0000	0.0000	0.0000	0.0000	0.0000	0.0000	0.0000	0.0000	0.0000	10.3932	0.0010	71.1653	0.0128	0.0000	1.0467	18.8114	0.0020	73.8854	
52	53	0.1550	9	2	2	1	0	0	0	0	0	Y	Y	N	N	N	N	N	N	N	N	N	N	0.0000	0.0000	0.0000	0.0000	0.0000	0.0000	0.0000	0.0000	0.0000	0.0000	0.0000	0.0000	0.0000	0.0000	0.0000	0.0000	0.0000	0.0000	1.5427	0.0012	3.2800	0.0088	0.0014	1.2171	2.8888	0.0000	3.2956	2355.3523	-0.0000	0.0376	0.0001	1.8240	1.7968	0.8872	0.0000	0.0000	0.0000	0.0000	0.0000	0.0000	0.0000	0.0000	0.0000	0.0824	0.0000	0.0824	0.0002	0.0000	0.0002	0.0822	0.0000	0.0822	0.0000	0.0000	0.0000	0.0000	0.0000	0.0000	0.0000	0.0000	0.0000	0.0534	0.0283	0.0251	0.0250	0.0248	0.0002	0.0284	0.0035	0.0249	0.0000	0.0000	0.0000	0.0000	0.0000	0.0000	0.0000	0.0000	0.0000	1.5427	0.0012	3.2800	0.0088	0.0014	1.0585	2.8888	0.0000	3.2956	
52	54	0.2390	21	1	2	1	1	0	0	0	0	N	Y	N	N	N	N	N	N	N	N	N	N	0.0000	0.0000	0.0000	0.0000	0.0000	0.0000	0.0000	0.0000	0.0000	0.0000	0.0000	0.0000	0.0000	0.0000	0.0000	0.0000	0.0000	0.0000	0.0000	0.0000	0.0001	0.0007	1.7968	4.7762	0.0000	0.0000	0.0000	0.0000	0.0000	0.0000	0.0000	0.0000	0.0000	0.0000	0.0000	0.0000	0.0000	0.0000	0.0000	0.0000	0.0000	0.0000	0.0000	0.0000	0.0000	0.0000	0.0000	0.0000	0.0000	0.0000	0.0000	0.0144	0.0097	0.0047	0.0052	0.0049	0.0003	0.0092	0.0048	0.0044	0.0000	0.0000	0.0000	0.0000	0.0000	0.0000	0.0000	0.0000	0.0000	0.0000	0.0000	0.0000	0.0000	0.0000	0.0000	0.0000	0.0000	0.0000											
52	55	0.2390	21	1	1	1	1	0	0	0	0	N	N	N	N	N	N	N	N	N	N	N	N	0.0000	0.0000	0.0000	0.0000	0.0000	0.0000	0.0000	0.0000	0.0000	0.0000	0.0000	0.0000	0.0000	0.0000	0.0000	0.0000	0.0000	0.0000	0.0000	0.0000	0.0001	0.0007	1.7968	3.2259	0.0000	0.0000	0.0000	0.0000	0.0000	0.0000	0.0000	0.0000	0.0000	0.0000	0.0000	0.0000	0.0000	0.0000	0.0000	0.0000	0.0000	0.0000	0.0000	0.0000	0.0000	0.0000	0.0000	0.0000	0.0000	0.0000	0.0000	0.0104	0.0071	0.0033	0.0038	0.0037	0.0002	0.0065	0.0034	0.0031	0.0000	0.0000	0.0000	0.0000	0.0000	0.0000	0.0000	0.0000	0.0000	0.0000	0.0000	0.0000	0.0000	0.0000	0.0000	0.0000	0.0000	0.0000											
52	56	0.2347	20	1	1	1	1	0	0	0	0	N	N	N	N	N	N	N	N	N	N	N	N	0.0000	0.0000	0.0000	0.0000	0.0000	0.0000	0.0000	0.0000	0.0000	0.0000	0.0000	0.0000	0.0000	0.0000	0.0000	0.0000	0.0000	0.0000	0.0000	0.0000	0.0001	0.9953	1.7968	1.3904	0.0000	0.0000	0.0000	0.0000	0.0000	0.0000	0.0000	0.0000	0.0000	0.0000	0.0000	0.0000	0.0000	0.0000	0.0000	0.0000	0.0000	0.0000	0.0000	0.0000	0.0000	0.0000	0.0000	0.0000	0.0000	0.0000	0.0000	0.0080	0.0055	0.0024	0.0030	0.0028	0.0001	0.0050	0.0027	0.0023	0.0000	0.0000	0.0000	0.0000	0.0000	0.0000	0.0000	0.0000	0.0000	0.0000	0.0000	0.0000	0.0000	0.0000	0.0000	0.0000	0.0000	0.0000											
52	57	0.2280	19	1	1	1	1	0	0	0	0	N	N	N	N	N	N	N	N	N	N	N	N	0.0000	0.0000	0.0000	0.0000	0.0000	0.0000	0.0000	0.0000	0.0000	0.0000	0.0000	0.0000	0.0000	0.0000	0.0000	0.0000	0.0000	0.0000	0.0007	0.0010	0.0000	0.0019	0.0020	0.0001	0.0000	0.0000	0.0000	0.0037	0.0000	-0.0000	0.0001	0.0068	1.7968	3.2797	0.0000	0.0000	0.0000	0.0000	0.0000	0.0000	0.0000	0.0000	0.0000	0.0000	0.0000	0.0000	0.0000	0.0000	0.0000	0.0000	0.0000	0.0000	0.0000	0.0000	0.0000	0.0000	0.0000	0.0000	0.0000	0.0000	0.0000	0.0102	0.0067	0.0035	0.0037	0.0035	0.0002	0.0065	0.0032	0.0033	0.0000	0.0000	0.0000	0.0000	0.0000	0.0000	0.0000	0.0000	0.0000	0.0007	0.0010	0.0000	0.0019	0.0020	0.0001	0.0000	0.0000	0.0000	
52	58	0.1868	18	1	1	1	1	0	0	0	0	N	N	N	N	N	N	N	N	N	N	N	N	0.0000	0.0000	0.0000	0.0000	0.0000	0.0000	0.0000	0.0000	0.0000	0.0000	0.0000	0.0000	0.0000	0.0000	0.0000	0.0000	0.0000	0.0000	0.2382	0.3658	0.0025	0.7066	0.7456	0.0244	0.0010	0.0006	0.0013	0.0037	0.0000	-0.0070	0.0001	5.8573	1.7968	13.1443	0.0000	0.0000	0.0000	0.0000	0.0000	0.0000	0.0000	0.0000	0.0000	0.0129	0.0129	0.0000	0.0129	0.0129	0.0000	0.0000	0.0000	0.0000	0.0000	0.0000	0.0000	0.0000	0.0000	0.0000	0.0000	0.0000	0.0000	0.0542	0.0352	0.0190	0.0182	0.0172	0.0010	0.0360	0.0179	0.0181	0.0000	0.0000	0.0000	0.0000	0.0000	0.0000	0.0000	0.0000	0.0000	0.2382	0.3658	0.0025	0.7066	0.7456	0.0244	0.0010	0.0006	0.0013	
52	59	0.0599	6	1	2	2	0	0	0	0	0	N	Y	Y	N	N	N	N	N	N	N	N	N	0.0000	0.0000	0.0000	0.0000	0.0000	0.0000	0.0000	0.0000	0.0000	0.0000	0.0000	0.0000	0.0000	0.0000	0.0000	0.0000	0.0000	0.0000	38.8033	60.6779	0.0015	0.8120	0.8659	0.0003	53.0875	100.6663	0.0016	0.0000	0.0000	-0.3727	0.0001	0.9979	1.7968	4.0614	0.0000	0.0000	0.0000	0.0000	0.0000	0.0000	0.0000	0.0000	0.0000	0.6864	0.6864	0.0000	0.0039	0.0039	0.0000	0.6825	0.6825	0.0000	0.0000	0.0000	0.0000	0.0000	0.0000	0.0000	0.0000	0.0000	0.0000	0.0177	0.0113	0.0064	0.0048	0.0045	0.0003	0.0129	0.0068	0.0061	0.0000	0.0000	0.0000	0.0000	0.0000	0.0000	0.0000	0.0000	0.0000	38.8033	60.6779	0.0015	0.8120	0.8659	0.0003	53.0875	100.6663	0.0016	
52	60	0.0515	5	1	2	1	0	0	0	0	0	N	Y	N	N	N	N	N	N	N	N	N	N	0.0000	0.0000	0.0000	0.0000	0.0000	0.0000	0.0000	0.0000	0.0000	0.0000	0.0000	0.0000	0.0000	0.0000	0.0000	0.0000	0.0000	0.0000	1.1067	1.7475	0.0157	0.1552	0.1590	0.0181	1.4189	2.7280	0.0157	0.0053	-0.0000	-0.0089	0.0001	2.2356	1.7968	2.2044	0.0000	0.0000	0.0000	0.0000	0.0000	0.0000	0.0000	0.0000	0.0000	0.0165	0.0165	0.0001	0.0006	0.0006	0.0000	0.0160	0.0159	0.0001	0.0000	0.0000	0.0000	0.0000	0.0000	0.0000	0.0000	0.0000	0.0000	0.0150	0.0094	0.0055	0.0037	0.0036	0.0001	0.0113	0.0058	0.0054	0.0000	0.0000	0.0000	0.0000	0.0000	0.0000	0.0000	0.0000	0.0000	1.1067	1.7475	0.0157	0.1552	0.1590	0.0181	1.4189	2.7280	0.0157	
52	61	0.0803	9	2	1	2	0	0	0	0	0	Y	N	Y	N	N	N	N	N	N	N	N	N	1.9456	1.4881	0.0000	1.2081	1.2405	0.0000	0.0000	0.0000	0.0000	0.0018	0.0020	0.0000	0.0045	0.0046	0.0000	0.0000	0.0000	0.0000	0.0009	0.0013	0.0002	0.0038	0.0037	0.0058	0.0001	0.0000	0.0001	0.0000	0.1038	-0.0000	-0.0000	0.0001	2.0703	1.7968	7.0012	0.0000	0.0000	0.0000	0.0000	0.0000	0.0000	0.0000	0.0000	0.0000	0.0000	0.0000	0.0000	0.0000	0.0000	0.0000	0.0000	0.0000	0.0000	0.0000	0.0000	0.0000	0.0000	0.0000	0.0000	0.0000	0.0000	0.0000	0.0257	0.0160	0.0097	0.0059	0.0057	0.0002	0.0198	0.0103	0.0095	1.9456	1.4881	0.0000	1.2081	1.2405	0.0000	0.0000	0.0000	0.0000	0.0009	0.0013	0.0002	0.0038	0.0037	0.0058	0.0001	0.0000	0.0001
52	62	0.0787	8	1	1	1	0	0	0	0	0	N	N	N	N	N	N	N	N	N	N	N	N	0.4981	0.1003	32.3375	0.2901	0.2851	0.0000	0.6309	0.0000	33.5460	0.0054	0.0017	0.0390	0.0040	0.0040	0.0000	0.0064	0.0000	0.0403	0.0109	0.0169	0.0012	0.0137	0.0140	0.0014	0.0101	0.0185	0.0012	2.5839	0.0435	0.0000	-0.0000	0.0001	0.9285	1.7968	0.0280	0.0000	0.0000	0.0000	0.0000	0.0000	0.0000	0.0000	0.0000	0.0000	0.0000	0.0000	0.0000	0.0000	0.0000	0.0000	0.0000	0.0000	0.0000	0.0000	0.0000	0.0000	0.0000	0.0000	0.0000	0.0000	0.0000	0.0000	0.0029	0.0018	0.0011	0.0007	0.0007	0.0000	0.0022	0.0011	0.0011	0.4981	0.1003	32.3375	0.2901	0.2851	0.0000	0.6309	0.0000	33.5460	0.0109	0.0169	0.0012	0.0137	0.0140	0.0014	0.0101	0.0185	0.0012
52	63	0.1239	11	2	2	1	0	0	0	0	0	Y	Y	N	N	N	N	N	N	N	N	N	N	0.0000	0.0000	0.0000	0.0000	0.0000	0.0000	0.0000	0.0000	0.0000	0.0000	0.0000	0.0000	0.0000	0.0000	0.0000	0.0000	0.0000	0.0000	50.1717	0.3025	296.9958	2.4062	0.7209	1452.6345	68.1115	0.0098	313.2441	262.2747	0.0000	0.3105	0.0001	1.0023	1.7968	3.0135	0.0000	0.0000	0.0000	0.0000	0.0000	0.0000	0.0000	0.0000	0.0000	0.6850	0.0026	0.6824	0.0090	0.0026	0.0064	0.6760	0.0000	0.6760	0.0000	0.0000	0.0000	0.0000	0.0000	0.0000	0.0000	0.0000	0.0000	0.0137	0.0086	0.0051	0.0037	0.0035	0.0002	0.0099	0.0051	0.0049	0.0000	0.0000	0.0000	0.0000	0.0000	0.0000	0.0000	0.0000	0.0000	50.1717	0.3025	135.1107	2.4062	0.7209	34.2414	68.1115	0.0098	138.9981	
52	64	0.0975	10	2	2	1	0	0	0	0	0	Y	Y	N	N	N	N	N	N	N	N	N	N	0.0000	0.0000	0.0000	0.0000	0.0000	0.0000	0.0000	0.0000	0.0000	0.0000	0.0000	0.0000	0.0000	0.0000	0.0000	0.0000	0.0000	0.0000	0.6576	0.3149	1.2121	0.1713	0.1720	0.1538	0.8073	0.4046	1.2378	2.3781	0.0000	0.0038	0.0001	3.0820	1.7968	9.3392	0.0000	0.0000	0.0000	0.0000	0.0000	0.0000	0.0000	0.0000	0.0000	0.0239	0.0071	0.0168	0.0015	0.0014	0.0001	0.0224	0.0057	0.0168	0.0000	0.0000	0.0000	0.0000	0.0000	0.0000	0.0000	0.0000	0.0000	0.0364	0.0225	0.0139	0.0086	0.0082	0.0003	0.0278	0.0142	0.0136	0.0000	0.0000	0.0000	0.0000	0.0000	0.0000	0.0000	0.0000	0.0000	0.6576	0.3149	1.2121	0.1713	0.1720	0.1538	0.8073	0.3975	1.2378	
52	65	0.0515	5	1	2	1	0	0	0	0	0	N	Y	N	N	N	N	N	N	N	N	N	N	0.0000	0.0000	0.0000	0.0000	0.0000	0.0000	0.0000	0.0000	0.0000	0.0000	0.0000	0.0000	0.0000	0.0000	0.0000	0.0000	0.0000	0.0000	0.0209	0.0338	0.0002	0.0908	0.0932	0.0102	0.0000	0.0000	0.0000	0.0035	-0.0000	-0.0003	0.0001	1.7946	1.7968	5.9592	0.0000	0.0000	0.0000	0.0000	0.0000	0.0000	0.0000	0.0000	0.0000	0.0005	0.0005	0.0000	0.0005	0.0005	0.0000	0.0000	0.0000	0.0000	0.0000	0.0000	0.0000	0.0000	0.0000	0.0000	0.0000	0.0000	0.0000	0.0242	0.0149	0.0093	0.0056	0.0054	0.0002	0.0186	0.0095	0.0091	0.0000	0.0000	0.0000	0.0000	0.0000	0.0000	0.0000	0.0000	0.0000	0.0209	0.0338	0.0002	0.0908	0.0932	0.0102	0.0000	0.0000	0.0000	
52	66	0.0447	4	1	2	1	0	0	0	0	0	N	Y	N	N	N	N	N	N	N	N	N	N	0.0823	0.0535	0.0000	0.0875	0.0863	0.0000	0.0000	0.0000	0.0000	0.0103	0.0115	0.0000	0.0269	0.0270	0.0000	0.0000	0.0000	0.0000	0.1255	0.2160	0.0052	0.3070	0.3128	0.0041	0.0475	0.1125	0.0053	0.0078	0.0183	-0.0000	-0.0010	0.0001	1.3569	1.7968	2.0560	0.0000	0.0000	0.0000	0.0000	0.0000	0.0000	0.0000	0.0000	0.0000	0.0019	0.0019	0.0000	0.0014	0.0014	0.0000	0.0005	0.0005	0.0000	0.0000	0.0000	0.0000	0.0000	0.0000	0.0000	0.0000	0.0000	0.0000	0.0151	0.0086	0.0065	0.0045	0.0045	0.0001	0.0106	0.0042	0.0064	0.0823	0.0535	0.0000	0.0875	0.0863	0.0000	0.0000	0.0000	0.0000	0.1255	0.2160	0.0052	0.3070	0.3128	0.0041	0.0475	0.1125	0.0053
52	67	0.0313	3	1	2	1	0	0	0	0	0	N	Y	N	N	N	N	N	N	N	N	N	N	0.0022	0.0005	7.0899	0.0006	0.0007	0.0000	0.8381	0.0383	7.3138	0.0048	0.0021	0.0291	0.0046	0.0047	0.0000	0.0049	0.0004	0.0301	2.1498	3.8772	0.0041	7.4777	6.3516	0.0023	0.0059	0.0097	0.0041	1.5304	0.0009	0.0000	-0.0489	0.0001	4.9477	1.7968	2.0153	0.0000	0.0000	0.0000	0.0000	0.0000	0.0000	0.0000	0.0000	0.0000	0.0902	0.0901	0.0001	0.0900	0.0900	0.0000	0.0002	0.0001	0.0001	0.0000	0.0000	0.0000	0.0000	0.0000	0.0000	0.0000	0.0000	0.0000	0.0420	0.0232	0.0187	0.0146	0.0145	0.0001	0.0274	0.0088	0.0186	0.0022	0.0005	7.0899	0.0008	0.0008	0.0000	0.8381	0.0383	7.3138	2.1498	3.8772	0.0041	6.1725	6.2247	0.0023	0.0059	0.0097	0.0041
52	68	0.2091	19	1	1	2	0	0	0	0	0	N	N	Y	N	N	N	N	N	N	N	N	N	0.0000	0.0000	0.0000	0.0000	0.0000	0.0000	0.0000	0.0000	0.0000	0.0000	0.0000	0.0000	0.0000	0.0000	0.0000	0.0000	0.0000	0.0000	8.9611	0.0000	50.7336	0.0444	0.0000	0.8385	13.7613	0.0000	49.1563	909623.9404	0.0000	0.0443	0.0001	0.0000	1.7968	4.0001	0.0000	0.0000	0.0000	0.0000	0.0000	0.0000	0.0000	0.0000	0.0000	0.0970	0.0000	0.0970	0.0002	0.0000	0.0002	0.0968	0.0000	0.0968	0.0000	0.0000	0.0000	0.0000	0.0000	0.0000	0.0000	0.0000	0.0000	0.0108	0.0072	0.0036	0.0038	0.0035	0.0003	0.0070	0.0037	0.0034	0.0000	0.0000	0.0000	0.0000	0.0000	0.0000	0.0000	0.0000	0.0000	8.9611	0.0000	26.6175	0.0444	0.0000	0.5783	13.7613	0.0000	28.8723	
52	69	0.1868	18	1	1	1	0	0	0	0	0	N	N	N	N	N	N	N	N	N	N	N	N	0.0000	0.0000	0.0000	0.0000	0.0000	0.0000	0.0000	0.0000	0.0000	0.0000	0.0000	0.0000	0.0000	0.0000	0.0000	0.0000	0.0000	0.0000	18.6329	0.1099	114.5234	0.7189	0.2099	50.6360	28.2637	0.0065	108.2654	259.3395	0.0000	0.3150	0.0001	2.8240	1.7968	8.9883	0.0000	0.0000	0.0000	0.0000	0.0000	0.0000	0.0000	0.0000	0.0000	0.6950	0.0027	0.6924	0.0094	0.0026	0.0068	0.6857	0.0001	0.6856	0.0000	0.0000	0.0000	0.0000	0.0000	0.0000	0.0000	0.0000	0.0000	0.0373	0.0243	0.0130	0.0130	0.0124	0.0007	0.0243	0.0119	0.0123	0.0000	0.0000	0.0000	0.0000	0.0000	0.0000	0.0000	0.0000	0.0000	18.6329	0.1099	53.2082	0.7189	0.2099	9.8077	28.2637	0.0065	55.6448	
52	70	0.1779	17	1	1	1	0	0	0	0	0	N	N	N	N	N	N	N	N	N	N	N	N	0.0122	0.0000	0.0575	0.8188	0.0000	17.9315	0.0000	0.0000	0.0000	0.0078	0.0000	0.0591	0.0211	0.0000	0.6149	0.0000	0.0000	0.0000	0.6343	0.4465	1.0289	0.0257	0.0254	0.0343	1.0094	0.9812	1.0698	inf	1.0961	0.0000	-0.0003	0.0001	1.4521	1.7968	3.5882	0.0000	0.0000	0.0000	0.0000	0.0000	0.0000	0.0000	0.0000	0.0000	0.0130	0.0062	0.0068	0.0002	0.0002	0.0000	0.0128	0.0060	0.0068	0.0000	0.0000	0.0000	0.0000	0.0000	0.0000	0.0000	0.0000	0.0000	0.0206	0.0139	0.0066	0.0078	0.0076	0.0003	0.0127	0.0064	0.0064	0.0122	0.0000	0.0575	0.8188	0.0000	17.9315	0.0000	0.0000	0.0000	0.6343	0.4465	1.0289	0.0257	0.0254	0.0343	1.0094	0.9489	1.0698
52	71	0.1751	16	1	1	1	0	0	0	0	0	N	N	N	N	N	N	N	N	N	N	N	N	1.4549	0.5093	13.4737	6.6729	2.5380	553.8766	0.0000	0.0000	0.0000	0.0234	0.0099	0.1101	0.0606	0.0236	0.7781	0.0000	0.0000	0.0000	0.0161	0.0195	0.0082	0.0091	0.0093	0.0014	0.0210	0.0336	0.0084	1.7132	0.1838	0.0000	-0.0001	0.0001	1.1783	1.7968	0.9542	0.0000	0.0000	0.0000	0.0000	0.0000	0.0000	0.0000	0.0000	0.0000	0.0002	0.0002	0.0000	0.0000	0.0000	0.0000	0.0001	0.0001	0.0000	0.0000	0.0000	0.0000	0.0000	0.0000	0.0000	0.0000	0.0000	0.0000	0.0114	0.0079	0.0035	0.0047	0.0046	0.0001	0.0067	0.0033	0.0033	1.4549	0.5093	13.4737	6.6729	2.5380	553.8766	0.0000	0.0000	0.0000	0.0161	0.0195	0.0082	0.0091	0.0093	0.0014	0.0210	0.0336	0.0084
52	72	0.1706	15	1	1	1	0	0	0	0	0	N	N	N	N	N	N	N	N	N	N	N	N	2103.5660	0.0000	37999.8972	302897.1040	0.0000	7574656.5448	0.0000	0.0000	0.0000	6.1858	0.0000	57.5583	11.2514	0.0000	351.0848	0.0000	0.0000	0.0000	0.0029	0.0036	0.0015	0.0000	0.0000	0.0000	0.0048	0.0080	0.0016	inf	0.1997	0.0000	-0.0000	0.0001	2.0762	1.7968	1.4610	0.0000	0.0000	0.0000	0.0000	0.0000	0.0000	0.0000	0.0000	0.0000	0.0000	0.0000	0.0000	0.0000	0.0000	0.0000	0.0000	0.0000	0.0000	0.0000	0.0000	0.0000	0.0000	0.0000	0.0000	0.0000	0.0000	0.0000	0.0143	0.0097	0.0046	0.0055	0.0053	0.0002	0.0088	0.0044	0.0044	2103.5660	0.0000	37999.8972	302897.1040	0.0000	7574656.5448	0.0000	0.0000	0.0000	0.0029	0.0036	0.0015	0.0000	0.0000	0.0000	0.0048	0.0080	0.0016
52	73	0.1063	11	1	1	1	0	0	0	0	0	N	N	N	N	N	N	N	N	N	N	N	N	0.0000	0.0000	0.0000	0.0000	0.0000	0.0000	0.0000	0.0000	0.0000	0.0000	0.0000	0.0000	0.0000	0.0000	0.0000	0.0000	0.0000	0.0000	11.4983	18.6830	0.0004	0.2601	0.2732	0.0001	15.1738	30.0223	0.0004	0.0000	0.0000	-0.3771	0.0001	4.0673	1.7968	17.8409	0.0000	0.0000	0.0000	0.0000	0.0000	0.0000	0.0000	0.0000	0.0000	0.6945	0.6945	0.0000	0.0039	0.0039	0.0000	0.6906	0.6906	0.0000	0.0000	0.0000	0.0000	0.0000	0.0000	0.0000	0.0000	0.0000	0.0000	0.0604	0.0372	0.0232	0.0149	0.0142	0.0007	0.0455	0.0230	0.0225	0.0000	0.0000	0.0000	0.0000	0.0000	0.0000	0.0000	0.0000	0.0000	11.4983	18.6830	0.0004	0.2601	0.2732	0.0001	15.1738	30.0223	0.0004	
52	75	0.2431	15	1	1	1	0	0	0	0	0	N	N	N	N	N	N	N	N	N	N	N	N	2.8743	0.0004	6.2755	0.0135	0.0004	0.6554	4.9382	0.0000	6.0172	1.5852	0.0001	6.2350	0.0068	0.0002	0.3170	2.9490	0.0000	6.4671	0.5515	0.3313	0.9935	0.5002	0.5113	0.4837	0.5972	0.0005	1.0748	16555.5882	1.4937	0.0000	0.0071	0.0001	3.5843	1.7968	46.7516	0.0000	0.0000	0.0000	0.0000	0.0000	0.0000	0.0000	0.0000	0.0000	0.1275	0.0511	0.0763	0.0545	0.0511	0.0034	0.0730	0.0000	0.0730	0.0000	0.0000	0.0000	0.0000	0.0000	0.0000	0.0000	0.0000	0.0000	0.2311	0.1543	0.0768	0.1089	0.0999	0.0089	0.1222	0.0543	0.0679	2.8743	0.0004	6.2755	0.0135	0.0004	0.8406	4.9382	0.0000	6.0172	0.5515	0.3313	0.9935	0.5002	0.5113	0.3772	0.5972	0.0005	1.0748
52	76	0.1076	11	2	2	2	0	0	0	0	0	Y	Y	Y	N	N	N	N	N	N	N	N	N	0.0000	0.0000	0.0000	0.0000	0.0000	0.0000	0.0000	0.0000	0.0000	0.0000	0.0000	0.0000	0.0000	0.0000	0.0000	0.0000	0.0000	0.0000	0.0000	0.0000	0.0001	1.0003	1.7968	1.0071	0.0000	0.0000	0.0000	0.0000	0.0000	0.0000	0.0000	0.0000	0.0000	0.0000	0.0000	0.0000	0.0000	0.0000	0.0000	0.0000	0.0000	0.0000	0.0000	0.0000	0.0000	0.0000	0.0000	0.0000	0.0000	0.0000	0.0000	0.0057	0.0036	0.0021	0.0016	0.0015	0.0001	0.0041	0.0021	0.0020	0.0000	0.0000	0.0000	0.0000	0.0000	0.0000	0.0000	0.0000	0.0000	0.0000	0.0000	0.0000	0.0000	0.0000	0.0000	0.0000	0.0000	0.0000											
52	77	0.1008	10	2	1	2	0	0	0	0	0	Y	N	Y	N	N	N	N	N	N	N	N	N	0.0000	0.0000	0.0000	0.0000	0.0000	0.0000	0.0000	0.0000	0.0000	0.0000	0.0000	0.0000	0.0000	0.0000	0.0000	0.0000	0.0000	0.0000	0.0000	0.0000	0.0000	0.0000	0.0000	0.0000	0.0000	0.2783	0.0000	-0.0000	0.0001	0.9901	1.7968	2.2068	0.0000	0.0000	0.0000	0.0000	0.0000	0.0000	0.0000	0.0000	0.0000	0.0000	0.0000	0.0000	0.0000	0.0000	0.0000	0.0000	0.0000	0.0000	0.0000	0.0000	0.0000	0.0000	0.0000	0.0000	0.0000	0.0000	0.0000	0.0167	0.0122	0.0045	0.0062	0.0061	0.0001	0.0105	0.0061	0.0044	0.0000	0.0000	0.0000	0.0000	0.0000	0.0000	0.0000	0.0000	0.0000	0.0000	0.0000	0.0000	0.0000	0.0000	0.0000	0.0000	0.0000	0.0000			
52	78	0.1239	12	1	2	1	0	0	0	0	0	N	Y	N	N	N	N	N	N	N	N	N	N	0.1545	0.1103	0.0000	0.1147	0.1112	0.0000	0.0000	0.0000	0.0000	0.0016	0.0017	0.0000	0.0041	0.0041	0.0000	0.0000	0.0000	0.0000	0.0102	0.0158	0.0001	0.0354	0.0371	0.0026	0.0000	0.0000	0.0000	0.0000	0.0037	-0.0000	-0.0004	0.0001	8.4371	1.7968	15.3349	0.0000	0.0000	0.0000	0.0000	0.0000	0.0000	0.0000	0.0000	0.0000	0.0007	0.0007	0.0000	0.0007	0.0007	0.0000	0.0000	0.0000	0.0000	0.0000	0.0000	0.0000	0.0000	0.0000	0.0000	0.0000	0.0000	0.0000	0.0713	0.0457	0.0256	0.0205	0.0195	0.0010	0.0508	0.0262	0.0246	0.1545	0.1103	0.0000	0.1147	0.1112	0.0000	0.0000	0.0000	0.0000	0.0102	0.0158	0.0001	0.0354	0.0371	0.0026	0.0000	0.0000	0.0000
52	79	0.1008	10	2	1	2	0	0	0	0	0	Y	N	Y	N	N	N	N	N	N	N	N	N	0.0000	0.0000	0.0000	0.0000	0.0000	0.0000	0.0000	0.0000	0.0000	0.0000	0.0000	0.0000	0.0000	0.0000	0.0000	0.0000	0.0000	0.0000	0.0000	0.0000	0.0000	0.0000	0.0000	0.0000	0.0000	0.2783	0.0000	-0.0000	0.0001	3.0096	1.7968	5.7427	0.0000	0.0000	0.0000	0.0000	0.0000	0.0000	0.0000	0.0000	0.0000	0.0000	0.0000	0.0000	0.0000	0.0000	0.0000	0.0000	0.0000	0.0000	0.0000	0.0000	0.0000	0.0000	0.0000	0.0000	0.0000	0.0000	0.0000	0.0316	0.0215	0.0101	0.0099	0.0097	0.0003	0.0216	0.0118	0.0098	0.0000	0.0000	0.0000	0.0000	0.0000	0.0000	0.0000	0.0000	0.0000	0.0000	0.0000	0.0000	0.0000	0.0000	0.0000	0.0000	0.0000	0.0000			
52	80	0.0852	9	2	1	2	0	0	0	0	0	Y	N	Y	N	N	N	N	N	N	N	N	N	0.0534	0.0454	0.0000	0.0443	0.0437	0.0000	0.0000	0.0000	0.0000	0.0061	0.0068	0.0000	0.0152	0.0154	0.0000	0.0000	0.0000	0.0000	0.1146	0.1509	0.0537	0.3443	0.3519	0.1224	0.0263	0.0001	0.0520	0.0000	0.2123	-0.0000	-0.0010	0.0001	1.0477	1.7968	6.1154	0.0000	0.0000	0.0000	0.0000	0.0000	0.0000	0.0000	0.0000	0.0000	0.0027	0.0022	0.0005	0.0022	0.0022	0.0000	0.0004	0.0000	0.0004	0.0000	0.0000	0.0000	0.0000	0.0000	0.0000	0.0000	0.0000	0.0000	0.0234	0.0147	0.0088	0.0065	0.0063	0.0002	0.0169	0.0084	0.0085	0.0534	0.0454	0.0000	0.0443	0.0437	0.0000	0.0000	0.0000	0.0000	0.1146	0.1509	0.0537	0.3443	0.3519	0.1224	0.0263	0.0001	0.0520
52	81	0.0787	8	1	1	1	0	0	0	0	0	N	N	N	N	N	N	N	N	N	N	N	N	0.0140	0.0023	0.1581	0.0084	0.0082	0.0000	0.0174	0.0000	0.1609	0.0042	0.0008	0.0344	0.0019	0.0019	0.0000	0.0056	0.0000	0.0357	0.2973	0.3457	0.2179	0.2243	0.2308	0.0137	0.3190	0.4125	0.2217	4.7521	0.3843	0.0000	-0.0007	0.0001	1.9794	1.7968	1.0196	0.0000	0.0000	0.0000	0.0000	0.0000	0.0000	0.0000	0.0000	0.0000	0.0026	0.0019	0.0007	0.0004	0.0004	0.0000	0.0022	0.0014	0.0007	0.0000	0.0000	0.0000	0.0000	0.0000	0.0000	0.0000	0.0000	0.0000	0.0088	0.0054	0.0033	0.0020	0.0019	0.0001	0.0068	0.0035	0.0033	0.0140	0.0023	0.1581	0.0084	0.0082	0.0000	0.0174	0.0000	0.1609	0.2973	0.3457	0.2179	0.2243	0.2308	0.0137	0.3190	0.4097	0.2217
52	82	0.0766	7	1	1	1	0	0	0	0	0	N	N	N	N	N	N	N	N	N	N	N	N	2.5755	0.0000	42.4231	0.0000	0.0000	0.0000	3.6365	0.0000	42.9486	0.0086	0.0000	0.0775	0.0000	0.0000	0.0000	0.0138	0.0000	0.0797	0.0033	0.0042	0.0018	0.0018	0.0018	0.0001	0.0038	0.0057	0.0019	inf	0.2643	0.0000	-0.0000	0.0001	1.0114	1.7968	0.0202	0.0000	0.0000	0.0000	0.0000	0.0000	0.0000	0.0000	0.0000	0.0000	0.0000	0.0000	0.0000	0.0000	0.0000	0.0000	0.0000	0.0000	0.0000	0.0000	0.0000	0.0000	0.0000	0.0000	0.0000	0.0000	0.0000	0.0000	0.0032	0.0020	0.0012	0.0007	0.0007	0.0000	0.0024	0.0012	0.0012	2.5755	0.0000	42.4231	0.0000	0.0000	0.0000	3.6365	0.0000	42.9486	0.0033	0.0042	0.0018	0.0018	0.0018	0.0001	0.0038	0.0057	0.0019
52	83	0.0560	6	1	1	1	0	0	0	0	0	N	N	N	N	N	N	N	N	N	N	N	N	0.1693	0.5664	0.5165	0.4489	0.6933	0.0000	0.1591	0.0000	0.5377	0.0117	0.0028	0.0811	0.0067	0.0067	0.0000	0.0148	0.0000	0.0835	0.0692	0.0050	0.1570	0.0149	0.0097	0.2901	0.0929	0.0000	0.1553	3.6712	22.9849	0.0000	0.0012	0.0001	5.9223	1.7968	3.6882	0.0000	0.0000	0.0000	0.0000	0.0000	0.0000	0.0000	0.0000	0.0000	0.0029	0.0001	0.0028	0.0002	0.0001	0.0001	0.0027	0.0000	0.0027	0.0000	0.0000	0.0000	0.0000	0.0000	0.0000	0.0000	0.0000	0.0000	0.0416	0.0240	0.0176	0.0126	0.0124	0.0002	0.0290	0.0116	0.0173	0.1693	0.5664	0.5165	0.4489	0.6933	0.0000	0.1591	0.0000	0.5377	0.0692	0.0050	0.1570	0.0149	0.0097	0.2820	0.0929	0.0000	0.1553
52	84	0.1437	14	1	2	1	0	0	0	0	0	N	Y	N	N	N	N	N	N	N	N	N	N	0.0000	0.0000	0.0000	0.0000	0.0000	0.0000	0.0000	0.0000	0.0000	0.0000	0.0000	0.0000	0.0000	0.0000	0.0000	0.0000	0.0000	0.0000	0.0030	0.0047	0.0000	0.0098	0.0104	0.0005	0.0000	0.0000	0.0000	0.0037	0.0000	-0.0002	0.0001	7.1084	1.7968	28.8937	0.0000	0.0000	0.0000	0.0000	0.0000	0.0000	0.0000	0.0000	0.0000	0.0003	0.0003	0.0000	0.0003	0.0003	0.0000	0.0000	0.0000	0.0000	0.0000	0.0000	0.0000	0.0000	0.0000	0.0000	0.0000	0.0000	0.0000	0.1020	0.0656	0.0363	0.0316	0.0297	0.0019	0.0704	0.0359	0.0345	0.0000	0.0000	0.0000	0.0000	0.0000	0.0000	0.0000	0.0000	0.0000	0.0030	0.0047	0.0000	0.0098	0.0104	0.0005	0.0000	0.0000	0.0000	
52	85	0.1363	13	1	2	1	0	0	0	0	0	N	Y	N	N	N	N	N	N	N	N	N	N	0.0000	0.0000	0.0000	0.0000	0.0000	0.0000	0.0000	0.0000	0.0000	0.0000	0.0000	0.0000	0.0000	0.0000	0.0000	0.0000	0.0000	0.0000	0.0183	0.0257	0.0020	0.0207	0.0213	0.0021	0.0169	0.0302	0.0020	0.0349	0.0000	-0.0003	0.0001	2.2208	1.7968	3.9129	0.0000	0.0000	0.0000	0.0000	0.0000	0.0000	0.0000	0.0000	0.0000	0.0005	0.0005	0.0000	0.0002	0.0002	0.0000	0.0003	0.0003	0.0000	0.0000	0.0000	0.0000	0.0000	0.0000	0.0000	0.0000	0.0000	0.0000	0.0288	0.0198	0.0090	0.0105	0.0101	0.0004	0.0183	0.0096	0.0086	0.0000	0.0000	0.0000	0.0000	0.0000	0.0000	0.0000	0.0000	0.0000	0.0183	0.0257	0.0020	0.0207	0.0213	0.0021	0.0169	0.0302	0.0020	
52	86	0.2118	15	1	1	2	0	0	0	0	0	N	N	Y	N	N	N	N	N	N	N	N	N	0.0000	0.0000	0.0000	0.0000	0.0000	0.0000	0.0000	0.0000	0.0000	0.0000	0.0000	0.0000	0.0000	0.0000	0.0000	0.0000	0.0000	0.0000	0.0161	0.0165	0.0153	0.0345	0.0364	0.0021	0.0079	0.0000	0.0160	0.5198	0.0000	-0.0001	0.0001	5.3425	1.7968	7.0749	0.0000	0.0000	0.0000	0.0000	0.0000	0.0000	0.0000	0.0000	0.0000	0.0006	0.0004	0.0002	0.0004	0.0004	0.0000	0.0002	0.0000	0.0002	0.0000	0.0000	0.0000	0.0000	0.0000	0.0000	0.0000	0.0000	0.0000	0.0379	0.0243	0.0136	0.0117	0.0110	0.0006	0.0263	0.0133	0.0129	0.0000	0.0000	0.0000	0.0000	0.0000	0.0000	0.0000	0.0000	0.0000	0.0161	0.0165	0.0153	0.0345	0.0364	0.0021	0.0079	0.0000	0.0160	
52	87	0.1686	14	1	1	1	0	0	0	0	0	N	N	N	N	N	N	N	N	N	N	N	N	0.0087	0.0060	0.0000	0.0081	0.0077	0.0000	0.0000	0.0000	0.0000	0.0005	0.0005	0.0000	0.0011	0.0011	0.0000	0.0000	0.0000	0.0000	0.0548	0.0817	0.0015	0.1365	0.1456	0.0060	0.0080	0.0146	0.0011	0.0714	0.0090	-0.0000	-0.0023	0.0001	7.0719	1.7968	13.7350	0.0000	0.0000	0.0000	0.0000	0.0000	0.0000	0.0000	0.0000	0.0000	0.0044	0.0043	0.0000	0.0040	0.0040	0.0000	0.0004	0.0004	0.0000	0.0000	0.0000	0.0000	0.0000	0.0000	0.0000	0.0000	0.0000	0.0000	0.0800	0.0532	0.0268	0.0291	0.0272	0.0019	0.0509	0.0259	0.0249	0.0087	0.0060	0.0000	0.0081	0.0077	0.0000	0.0000	0.0000	0.0000	0.0548	0.0817	0.0015	0.1365	0.1456	0.0060	0.0080	0.0146	0.0011
52	88	0.0048	2	2	1	2	0	0	0	0	0	Y	N	Y	N	N	N	N	N	N	N	N	N	0.0000	0.0000	0.0000	0.0000	0.0000	0.0000	0.0000	0.0000	0.0000	0.0000	0.0000	0.0000	0.0000	0.0000	0.0000	0.0000	0.0000	0.0000	0.0000	0.0000	0.0001	0.0000	1.7968	0.0000	0.0000	0.0000	0.0000	0.0000	0.0000	0.0000	0.0000	0.0000	0.0000	0.0000	0.0000	0.0000	0.0000	0.0000	0.0000	0.0000	0.0000	0.0000	0.0000	0.0000	0.0000	0.0000	0.0000	0.0000	0.0000	0.0000	0.0000	0.0000	0.0000	0.0000	0.0000	0.0000	0.0000	0.0000	0.0000	0.0000	0.0000	0.0000	0.0000	0.0000	0.0000	0.0000	0.0000	0.0000	0.0000	0.0000	0.0000	0.0000	0.0000	0.0000	0.0000	0.0000	0.0000	0.0000											
52	91	0.1168	12	1	2	1	1	0	0	0	0	N	Y	N	N	N	N	N	N	N	N	N	N	0.3098	0.2860	0.0000	28.9147	29.0452	0.0000	0.0000	0.0000	0.0000	4.2402	5.5069	0.0000	8.1816	8.3455	0.0000	0.0000	0.0000	0.0000	13.6882	19.2577	4.4676	0.2830	0.2873	0.1975	19.2494	34.6187	4.6358	0.0000	0.1401	-0.0000	-0.3297	0.0001	1.8247	1.7968	16.3284	0.0000	0.0000	0.0000	0.0000	0.0000	0.0000	0.0000	0.0000	0.0000	0.7849	0.6884	0.0965	0.0048	0.0046	0.0002	0.7802	0.6838	0.0963	0.0000	0.0000	0.0000	0.0000	0.0000	0.0000	0.0000	0.0000	0.0000	0.0573	0.0357	0.0216	0.0168	0.0160	0.0008	0.0405	0.0198	0.0208	0.3098	0.2860	0.0000	28.9147	29.0452	0.0000	0.0000	0.0000	0.0000	13.6882	19.2577	4.4676	0.2830	0.2873	0.1975	19.2494	34.6187	4.6358
52	92	0.1063	11	1	2	1	0	0	0	0	0	N	Y	N	N	N	N	N	N	N	N	N	N	0.0000	0.0000	0.0000	0.0000	0.0000	0.0000	0.0000	0.0000	0.0000	0.0000	0.0000	0.0000	0.0000	0.0000	0.0000	0.0000	0.0000	0.0000	10.2457	0.0632	50.6599	0.6619	0.1636	74.2826	13.3577	0.0019	43.9998	262.2740	0.0000	0.3180	0.0001	9.1310	1.7968	16.1726	0.0000	0.0000	0.0000	0.0000	0.0000	0.0000	0.0000	0.0000	0.0000	0.7017	0.0027	0.6991	0.0111	0.0026	0.0085	0.6906	0.0001	0.6906	0.0000	0.0000	0.0000	0.0000	0.0000	0.0000	0.0000	0.0000	0.0000	0.0685	0.0421	0.0263	0.0168	0.0160	0.0008	0.0517	0.0262	0.0255	0.0000	0.0000	0.0000	0.0000	0.0000	0.0000	0.0000	0.0000	0.0000	10.2457	0.0632	26.5395	0.6619	0.1636	10.5500	13.3577	0.0019	27.0438	
52	93	0.1913	17	1	2	1	0	0	0	0	0	N	Y	N	N	N	N	N	N	N	N	N	N	0.0000	0.0000	0.0000	0.0000	0.0000	0.0000	0.0000	0.0000	0.0000	0.0000	0.0000	0.0000	0.0000	0.0000	0.0000	0.0000	0.0000	0.0000	0.0021	0.0031	0.0000	0.0053	0.0057	0.0002	0.0000	0.0000	0.0000	0.0036	0.0000	-0.0000	0.0001	4.0959	1.7968	8.7137	0.0000	0.0000	0.0000	0.0000	0.0000	0.0000	0.0000	0.0000	0.0000	0.0001	0.0001	0.0000	0.0001	0.0001	0.0000	0.0000	0.0000	0.0000	0.0000	0.0000	0.0000	0.0000	0.0000	0.0000	0.0000	0.0000	0.0000	0.0419	0.0280	0.0139	0.0165	0.0153	0.0012	0.0254	0.0127	0.0127	0.0000	0.0000	0.0000	0.0000	0.0000	0.0000	0.0000	0.0000	0.0000	0.0021	0.0031	0.0000	0.0053	0.0057	0.0002	0.0000	0.0000	0.0000	
52	94	0.1730	16	1	2	1	0	0	0	0	0	N	Y	N	N	N	N	N	N	N	N	N	N	0.0000	0.0000	0.0000	0.0000	0.0000	0.0000	0.0000	0.0000	0.0000	0.0000	0.0000	0.0000	0.0000	0.0000	0.0000	0.0000	0.0000	0.0000	0.0090	0.0135	0.0001	0.0158	0.0168	0.0000	0.0050	0.0099	0.0001	0.0040	0.0000	-0.0001	0.0001	2.9443	1.7968	6.1524	0.0000	0.0000	0.0000	0.0000	0.0000	0.0000	0.0000	0.0000	0.0000	0.0002	0.0002	0.0000	0.0002	0.0002	0.0000	0.0001	0.0001	0.0000	0.0000	0.0000	0.0000	0.0000	0.0000	0.0000	0.0000	0.0000	0.0000	0.0273	0.0180	0.0092	0.0100	0.0094	0.0006	0.0172	0.0086	0.0087	0.0000	0.0000	0.0000	0.0000	0.0000	0.0000	0.0000	0.0000	0.0000	0.0090	0.0135	0.0001	0.0158	0.0168	0.0000	0.0050	0.0099	0.0001	
52	95	0.1706	15	1	1	1	0	0	0	0	0	N	N	N	N	N	N	N	N	N	N	N	N	2360.4367	1829.2165	1747.2998	1752.3756	0.0014	0.0016	0.0000	0.0026	0.0027	0.0000	0.0000	0.0000	0.0000	0.0000	0.0000	0.0000	0.0000	0.0000	0.0000	0.0000	0.0000	0.0000	0.0000	0.0000	-0.0000	-0.0000	0.0001	0.8596	1.7968	1.2300	0.0000	0.0000	0.0000	0.0000	0.0000	0.0000	0.0000	0.0000	0.0000	0.0000	0.0000	0.0000	0.0000	0.0000	0.0000	0.0000	0.0000	0.0000	0.0000	0.0000	0.0000	0.0000	0.0000	0.0000	0.0000	0.0000	0.0000	0.0104	0.0072	0.0032	0.0042	0.0041	0.0001	0.0062	0.0031	0.0031	2360.4367	1829.2165	0.0000	1747.2998	1752.3756	0.0000	0.0000	0.0000	0.0000	0.0000	0.0000	0.0000	0.0000	0.0000	0.0000	0.0000	0.0000	0.0000					
52	96	0.1587	14	1	1	1	0	0	0	0	0	N	N	N	N	N	N	N	N	N	N	N	N	0.1545	0.0000	121.8234	0.1082	0.0000	32.4340	0.0000	0.0000	0.0000	0.0003	0.0000	0.0026	0.0006	0.0000	0.0149	0.0000	0.0000	0.0000	0.0020	0.0029	0.0000	0.0051	0.0053	0.0005	0.0000	0.0000	0.0000	inf	0.0037	0.0000	-0.0000	0.0001	3.7737	1.7968	2.5241	0.0000	0.0000	0.0000	0.0000	0.0000	0.0000	0.0000	0.0000	0.0000	0.0000	0.0000	0.0000	0.0000	0.0000	0.0000	0.0000	0.0000	0.0000	0.0000	0.0000	0.0000	0.0000	0.0000	0.0000	0.0000	0.0000	0.0000	0.0251	0.0166	0.0085	0.0096	0.0092	0.0004	0.0155	0.0074	0.0081	0.1545	0.0000	121.8234	0.1082	0.0000	32.4340	0.0000	0.0000	0.0000	0.0020	0.0029	0.0000	0.0051	0.0053	0.0005	0.0000	0.0000	0.0000
52	97	0.1379	13	1	1	1	0	0	0	0	0	N	N	N	N	N	N	N	N	N	N	N	N	0.0010	0.0000	0.8645	0.0000	0.0000	0.0000	0.0823	0.0000	7.2506	0.0001	0.0000	0.0008	0.0000	0.0000	0.0000	0.0002	0.0000	0.0009	0.0850	0.1317	0.0009	0.2698	0.2830	0.0175	0.0021	0.0040	0.0001	inf	0.0037	0.0000	-0.0016	0.0001	6.4922	1.7968	4.5502	0.0000	0.0000	0.0000	0.0000	0.0000	0.0000	0.0000	0.0000	0.0000	0.0030	0.0030	0.0000	0.0030	0.0030	0.0000	0.0001	0.0000	0.0000	0.0000	0.0000	0.0000	0.0000	0.0000	0.0000	0.0000	0.0000	0.0000	0.0357	0.0229	0.0128	0.0110	0.0105	0.0005	0.0246	0.0124	0.0122	0.0010	0.0000	0.8645	0.0000	0.0000	0.0000	0.0823	0.0000	7.2506	0.0850	0.1317	0.0009	0.2698	0.2830	0.0175	0.0021	0.0040	0.0001
52	98	0.0276	2	1	2	1	0	0	0	0	0	N	Y	N	N	N	N	N	N	N	N	N	N	2.6569	130.0659	0.0000	71.7586	96.3893	0.0000	0.0000	0.0000	0.0000	0.2501	0.3690	0.0000	0.4661	0.5384	0.0000	0.0000	0.0000	0.0000	0.0942	0.0028	0.2142	0.0065	0.0056	0.0792	0.1303	0.0000	0.2153	0.0000	57.4440	-0.0000	0.0024	0.0001	1.3608	1.7968	12.1483	0.0000	0.0000	0.0000	0.0000	0.0000	0.0000	0.0000	0.0000	0.0000	0.0055	0.0001	0.0054	0.0001	0.0001	0.0000	0.0054	0.0000	0.0054	0.0000	0.0000	0.0000	0.0000	0.0000	0.0000	0.0000	0.0000	0.0000	0.0589	0.0334	0.0254	0.0172	0.0170	0.0002	0.0417	0.0165	0.0252	2.6569	130.0659	0.0000	71.7586	96.3893	0.0000	0.0000	0.0000	0.0000	0.0942	0.0028	0.2142	0.0065	0.0056	0.0792	0.1303	0.0000	0.2153
52	104	0.1928	15	1	2	1	0	0	0	0	0	N	Y	N	N	N	N	N	N	N	N	N	N	0.0000	0.0000	0.0000	0.0000	0.0000	0.0000	0.0000	0.0000	0.0000	0.0000	0.0000	0.0000	0.0000	0.0000	0.0000	0.0000	0.0000	0.0000	0.2304	0.0028	0.9921	0.3973	0.0050	26.8527	0.1011	0.0001	0.2749	106.8051	-0.0000	0.0008	0.0001	0.0277	1.7968	1.3445	0.0000	0.0000	0.0000	0.0000	0.0000	0.0000	0.0000	0.0000	0.0000	0.0018	0.0000	0.0018	0.0014	0.0000	0.0013	0.0004	0.0000	0.0004	0.0000	0.0000	0.0000	0.0000	0.0000	0.0000	0.0000	0.0000	0.0000	0.0079	0.0061	0.0018	0.0034	0.0033	0.0002	0.0044	0.0028	0.0016	0.0000	0.0000	0.0000	0.0000	0.0000	0.0000	0.0000	0.0000	0.0000	0.2304	0.0028	0.9921	0.3973	0.0050	7.4022	0.1011	0.0001	0.2749	
52	105	0.1461	14	1	2	1	0	0	0	0	0	N	Y	N	N	N	N	N	N	N	N	N	N	0.0000	0.0000	0.0000	0.0000	0.0000	0.0000	0.0000	0.0000	0.0000	0.0000	0.0000	0.0000	0.0000	0.0000	0.0000	0.0000	0.0000	0.0000	11.4603	0.1019	66.6336	0.4944	0.1535	23.3078	16.0571	0.0622	62.3461	173.4277	-0.0000	0.3156	0.0001	5.1414	1.7968	16.4151	0.0000	0.0000	0.0000	0.0000	0.0000	0.0000	0.0000	0.0000	0.0000	0.6993	0.0040	0.6953	0.0089	0.0026	0.0063	0.6904	0.0014	0.6890	0.0000	0.0000	0.0000	0.0000	0.0000	0.0000	0.0000	0.0000	0.0000	0.0610	0.0393	0.0217	0.0180	0.0171	0.0009	0.0430	0.0222	0.0207	0.0000	0.0000	0.0000	0.0000	0.0000	0.0000	0.0000	0.0000	0.0000	11.4603	0.1019	32.0834	0.4944	0.1535	6.8077	16.0571	0.0622	33.2081	
52	106	0.1379	13	1	1	1	0	0	0	0	0	N	N	N	N	N	N	N	N	N	N	N	N	0.0003	0.0000	0.0041	0.0000	0.0000	0.0000	0.0005	0.0000	0.0047	0.0001	0.0000	0.0012	0.0000	0.0000	0.0000	0.0003	0.0000	0.0014	0.5126	0.6272	0.2969	0.4348	0.4514	0.0666	0.5515	0.8280	0.3069	inf	0.2514	0.0000	-0.0036	0.0001	3.8974	1.7968	1.6364	0.0000	0.0000	0.0000	0.0000	0.0000	0.0000	0.0000	0.0000	0.0000	0.0106	0.0085	0.0021	0.0030	0.0030	0.0000	0.0076	0.0055	0.0021	0.0000	0.0000	0.0000	0.0000	0.0000	0.0000	0.0000	0.0000	0.0000	0.0208	0.0136	0.0072	0.0069	0.0066	0.0003	0.0138	0.0069	0.0069	0.0003	0.0000	0.0041	0.0000	0.0000	0.0000	0.0005	0.0000	0.0047	0.5126	0.6272	0.2969	0.4348	0.4514	0.0666	0.5515	0.7946	0.3069
52	107	0.1168	12	1	1	1	0	0	0	0	0	N	N	N	N	N	N	N	N	N	N	N	N	0.3165	0.0006	17.3766	0.0006	0.0005	0.0000	2.7251	0.0000	20.1125	0.1569	0.0005	0.4560	0.0008	0.0006	0.0000	0.3177	0.0000	0.4613	0.4959	0.7781	0.0262	1.3083	1.3680	0.1055	0.1166	0.2216	0.0229	482.8817	0.0203	0.0000	-0.0095	0.0001	0.3701	1.7968	9.6236	0.0000	0.0000	0.0000	0.0000	0.0000	0.0000	0.0000	0.0000	0.0000	0.0182	0.0178	0.0004	0.0153	0.0152	0.0001	0.0029	0.0026	0.0003	0.0000	0.0000	0.0000	0.0000	0.0000	0.0000	0.0000	0.0000	0.0000	0.0367	0.0229	0.0138	0.0117	0.0111	0.0006	0.0250	0.0118	0.0132	0.3165	0.0006	17.3766	0.0006	0.0005	0.0000	2.7251	0.0000	20.1125	0.4959	0.7781	0.0262	1.3083	1.3680	0.1055	0.1166	0.2216	0.0229
52	108	0.1063	11	1	1	1	0	0	0	0	0	N	N	N	N	N	N	N	N	N	N	N	N	0.2719	0.1932	0.0000	0.4149	0.4027	0.0000	0.0000	0.0000	0.0000	0.3609	0.3989	0.0000	0.6940	0.7090	0.0000	0.0000	0.0000	0.0000	1.3274	2.0645	0.1251	1.6725	1.7608	0.1241	1.1981	2.2807	0.1251	0.0000	0.0372	-0.0000	-0.0116	0.0001	0.4415	1.7968	4.8853	0.0000	0.0000	0.0000	0.0000	0.0000	0.0000	0.0000	0.0000	0.0000	0.0229	0.0221	0.0008	0.0079	0.0078	0.0000	0.0150	0.0142	0.0008	0.0000	0.0000	0.0000	0.0000	0.0000	0.0000	0.0000	0.0000	0.0000	0.0172	0.0107	0.0066	0.0047	0.0044	0.0003	0.0125	0.0062	0.0063	0.2719	0.1932	0.0000	0.4149	0.4027	0.0000	0.0000	0.0000	0.0000	1.3274	2.0645	0.1251	1.6725	1.7608	0.1241	1.1981	2.2807	0.1251
52	109	0.1287	10	2	2	1	1	0	0	0	0	Y	Y	N	N	N	N	N	N	N	N	N	N	0.0000	0.0000	0.0000	0.0000	0.0000	0.0000	0.0000	0.0000	0.0000	0.0000	0.0000	0.0000	0.0000	0.0000	0.0000	0.0000	0.0000	0.0000	0.0000	0.0000	0.0001	0.0000	1.7968	0.0000	0.0000	0.0000	0.0000	0.0000	0.0000	0.0000	0.0000	0.0000	0.0000	0.0000	0.0000	0.0000	0.0000	0.0000	0.0000	0.0000	0.0000	0.0000	0.0000	0.0000	0.0000	0.0000	0.0000	0.0000	0.0000	0.0000	0.0000	0.0000	0.0000	0.0000	0.0000	0.0000	0.0000	0.0000	0.0000	0.0000	0.0000	0.0000	0.0000	0.0000	0.0000	0.0000	0.0000	0.0000	0.0000	0.0000	0.0000	0.0000	0.0000	0.0000	0.0000	0.0000	0.0000	0.0000											
52	110	0.1138	9	2	2	1	1	0	0	0	0	Y	Y	N	N	N	N	N	N	N	N	N	N	0.0000	0.0000	0.0000	0.0000	0.0000	0.0000	0.0000	0.0000	0.0000	0.0000	0.0000	0.0000	0.0000	0.0000	0.0000	0.0000	0.0000	0.0000	33.2244	53.1240	0.3459	127.4973	132.6045	0.9968	0.1591	0.0001	0.3221	0.0039	0.0000	-0.3783	0.0001	0.0000	1.7968	7.1240	0.0000	0.0000	0.0000	0.0000	0.0000	0.0000	0.0000	0.0000	0.0000	0.7018	0.6991	0.0028	0.6994	0.6991	0.0003	0.0024	0.0000	0.0024	0.0000	0.0000	0.0000	0.0000	0.0000	0.0000	0.0000	0.0000	0.0000	0.0211	0.0132	0.0080	0.0058	0.0054	0.0004	0.0153	0.0077	0.0076	0.0000	0.0000	0.0000	0.0000	0.0000	0.0000	0.0000	0.0000	0.0000	33.2244	53.1240	0.3459	119.9760	128.9753	0.7866	0.1591	0.0001	0.3221	
52	111	0.1227	11	1	2	1	1	0	0	0	0	N	Y	N	N	N	N	N	N	N	N	N	N	0.0000	0.0000	0.0000	0.0000	0.0000	0.0000	0.0000	0.0000	0.0000	0.0000	0.0000	0.0000	0.0000	0.0000	0.0000	0.0000	0.0000	0.0000	0.0044	0.0055	0.0026	0.0034	0.0000	0.0386	0.0048	0.0094	0.0000	0.2797	0.0000	-0.0000	0.0001	0.0016	1.7968	5.0076	0.0000	0.0000	0.0000	0.0000	0.0000	0.0000	0.0000	0.0000	0.0000	0.0001	0.0000	0.0000	0.0000	0.0000	0.0000	0.0000	0.0000	0.0000	0.0000	0.0000	0.0000	0.0000	0.0000	0.0000	0.0000	0.0000	0.0000	0.0144	0.0090	0.0054	0.0041	0.0037	0.0004	0.0104	0.0053	0.0050	0.0000	0.0000	0.0000	0.0000	0.0000	0.0000	0.0000	0.0000	0.0000	0.0044	0.0055	0.0026	0.0034	0.0000	0.0386	0.0048	0.0094	0.0000	
52	112	0.1159	10	1	2	1	1	0	0	0	0	N	Y	N	N	N	N	N	N	N	N	N	N	0.0000	0.0000	0.0000	0.0000	0.0000	0.0000	0.0000	0.0000	0.0000	0.0000	0.0000	0.0000	0.0000	0.0000	0.0000	0.0014	0.0023	0.0000	0.0049	0.0052	0.0000	0.0000	0.0000	0.0000	0.0000	0.0000	-0.0000	0.0001	1.0012	1.7968	2.1373	0.0000	0.0000	0.0000	0.0000	0.0000	0.0000	0.0000	0.0000	0.0000	0.0000	0.0000	0.0000	0.0000	0.0000	0.0000	0.0000	0.0000	0.0000	0.0000	0.0000	0.0000	0.0000	0.0000	0.0000	0.0000	0.0000	0.0000	0.0100	0.0062	0.0038	0.0029	0.0027	0.0002	0.0071	0.0035	0.0036	0.0000	0.0000	0.0000	0.0000	0.0000	0.0000	0.0000	0.0000	0.0000	0.0014	0.0023	0.0000	0.0049	0.0052	0.0000	0.0000	0.0000	0.0000				
52	113	0.1242	10	1	2	1	0	0	0	0	0	N	Y	N	N	N	N	N	N	N	N	N	N	0.0000	0.0000	0.0000	0.0000	0.0000	0.0000	0.0000	0.0000	0.0000	0.0000	0.0000	0.0000	0.0000	0.0000	0.0000	0.0000	0.0000	0.0000	0.1069	0.1761	0.0083	0.2889	0.2978	0.0754	0.0036	0.0000	0.0059	0.0330	0.0000	-0.0014	0.0001	0.9705	1.7968	5.0371	0.0000	0.0000	0.0000	0.0000	0.0000	0.0000	0.0000	0.0000	0.0000	0.0027	0.0027	0.0001	0.0027	0.0027	0.0000	0.0001	0.0000	0.0001	0.0000	0.0000	0.0000	0.0000	0.0000	0.0000	0.0000	0.0000	0.0000	0.0257	0.0151	0.0106	0.0093	0.0089	0.0004	0.0164	0.0062	0.0102	0.0000	0.0000	0.0000	0.0000	0.0000	0.0000	0.0000	0.0000	0.0000	0.1069	0.1761	0.0083	0.2889	0.2978	0.0754	0.0036	0.0000	0.0059	
52	114	0.1159	10	1	1	2	1	0	0	0	0	N	N	Y	N	N	N	N	N	N	N	N	N	0.0000	0.0000	0.0000	0.0000	0.0000	0.0000	0.0000	0.0000	0.0000	0.0000	0.0000	0.0000	0.0000	0.0000	0.0000	0.0000	0.0000	0.0000	0.0000	0.0000	0.0001	0.0000	1.7968	1.1303	0.0000	0.0000	0.0000	0.0000	0.0000	0.0000	0.0000	0.0000	0.0000	0.0000	0.0000	0.0000	0.0000	0.0000	0.0000	0.0000	0.0000	0.0000	0.0000	0.0000	0.0000	0.0000	0.0000	0.0000	0.0000	0.0000	0.0000	0.0043	0.0027	0.0016	0.0014	0.0013	0.0001	0.0029	0.0014	0.0015	0.0000	0.0000	0.0000	0.0000	0.0000	0.0000	0.0000	0.0000	0.0000	0.0000	0.0000	0.0000	0.0000	0.0000	0.0000	0.0000	0.0000	0.0000											
52	115	0.1138	9	1	1	1	1	0	0	0	0	N	N	N	N	N	N	N	N	N	N	N	N	0.0000	0.0000	0.0000	0.0000	0.0000	0.0000	0.0000	0.0000	0.0000	0.0000	0.0000	0.0000	0.0000	0.0000	0.0000	0.0000	0.0000	0.0000	0.0512	0.0003	0.1365	0.0382	0.0006	0.9862	0.0574	0.0000	0.1089	262.2740	0.0000	0.0001	0.0001	0.0000	1.7968	1.2340	0.0000	0.0000	0.0000	0.0000	0.0000	0.0000	0.0000	0.0000	0.0000	0.0002	0.0000	0.0002	0.0001	0.0000	0.0001	0.0002	0.0000	0.0002	0.0000	0.0000	0.0000	0.0000	0.0000	0.0000	0.0000	0.0000	0.0000	0.0047	0.0029	0.0017	0.0015	0.0014	0.0001	0.0032	0.0015	0.0017	0.0000	0.0000	0.0000	0.0000	0.0000	0.0000	0.0000	0.0000	0.0000	0.0512	0.0003	0.1365	0.0382	0.0006	0.7555	0.0574	0.0000	0.1089	
52	116	0.1213	10	1	1	2	1	0	0	0	0	N	N	Y	N	N	N	N	N	N	N	N	N	0.0000	0.0000	0.0000	0.0000	0.0000	0.0000	0.0000	0.0000	0.0000	0.0000	0.0000	0.0000	0.0000	0.0000	0.0000	0.0000	0.0000	0.0000	0.0012	0.0000	0.0033	0.0041	0.0000	0.0547	0.0000	0.0000	0.0000	262.2740	0.0000	0.0000	0.0001	0.9725	1.7968	0.9874	0.0000	0.0000	0.0000	0.0000	0.0000	0.0000	0.0000	0.0000	0.0000	0.0000	0.0000	0.0000	0.0000	0.0000	0.0000	0.0000	0.0000	0.0000	0.0000	0.0000	0.0000	0.0000	0.0000	0.0000	0.0000	0.0000	0.0000	0.0059	0.0038	0.0021	0.0017	0.0016	0.0001	0.0042	0.0022	0.0020	0.0000	0.0000	0.0000	0.0000	0.0000	0.0000	0.0000	0.0000	0.0000	0.0012	0.0000	0.0033	0.0041	0.0000	0.0547	0.0000	0.0000	0.0000	
52	117	0.1213	10	1	1	2	1	0	0	0	0	N	N	Y	N	N	N	N	N	N	N	N	N	0.0000	0.0000	0.0000	0.0000	0.0000	0.0000	0.0000	0.0000	0.0000	0.0000	0.0000	0.0000	0.0000	0.0000	0.0000	0.0000	0.0000	0.0000	0.0006	0.0000	0.0016	0.0021	0.0000	0.0268	0.0000	0.0000	0.0000	262.2740	0.0000	0.0000	0.0001	0.0285	1.7968	4.0215	0.0000	0.0000	0.0000	0.0000	0.0000	0.0000	0.0000	0.0000	0.0000	0.0000	0.0000	0.0000	0.0000	0.0000	0.0000	0.0000	0.0000	0.0000	0.0000	0.0000	0.0000	0.0000	0.0000	0.0000	0.0000	0.0000	0.0000	0.0118	0.0075	0.0043	0.0034	0.0031	0.0003	0.0084	0.0044	0.0040	0.0000	0.0000	0.0000	0.0000	0.0000	0.0000	0.0000	0.0000	0.0000	0.0006	0.0000	0.0016	0.0021	0.0000	0.0268	0.0000	0.0000	0.0000	
52	118	0.1138	9	1	1	2	1	0	0	0	0	N	N	Y	N	N	N	N	N	N	N	N	N	0.0000	0.0000	0.0000	0.0000	0.0000	0.0000	0.0000	0.0000	0.0000	0.0000	0.0000	0.0000	0.0000	0.0000	0.0000	0.0000	0.0000	0.0000	0.0156	0.0008	0.0399	0.0144	0.0019	0.1862	0.0160	0.0000	0.0321	29.9999	0.0000	0.0001	0.0001	3.0275	1.7968	2.1573	0.0000	0.0000	0.0000	0.0000	0.0000	0.0000	0.0000	0.0000	0.0000	0.0002	0.0000	0.0002	0.0001	0.0000	0.0001	0.0002	0.0000	0.0002	0.0000	0.0000	0.0000	0.0000	0.0000	0.0000	0.0000	0.0000	0.0000	0.0158	0.0098	0.0060	0.0044	0.0041	0.0003	0.0114	0.0057	0.0057	0.0000	0.0000	0.0000	0.0000	0.0000	0.0000	0.0000	0.0000	0.0000	0.0156	0.0008	0.0399	0.0144	0.0019	0.1862	0.0160	0.0000	0.0321	
52	119	0.1550	9	2	2	1	0	0	0	0	0	Y	Y	N	N	N	N	N	N	N	N	N	N	0.0000	0.0000	0.0000	0.0000	0.0000	0.0000	0.0000	0.0000	0.0000	0.0000	0.0000	0.0000	0.0000	0.0000	0.0000	0.0000	0.0000	0.0000	0.2473	0.4577	0.0000	0.5595	0.5651	0.0005	0.0000	0.0000	0.0000	0.0000	-0.0000	-0.0080	0.0001	2.1883	1.7968	3.1271	0.0000	0.0000	0.0000	0.0000	0.0000	0.0000	0.0000	0.0000	0.0000	0.0147	0.0147	0.0000	0.0147	0.0147	0.0000	0.0000	0.0000	0.0000	0.0000	0.0000	0.0000	0.0000	0.0000	0.0000	0.0000	0.0000	0.0000	0.0596	0.0322	0.0274	0.0263	0.0261	0.0003	0.0332	0.0061	0.0271	0.0000	0.0000	0.0000	0.0000	0.0000	0.0000	0.0000	0.0000	0.0000	0.2473	0.4577	0.0000	0.5595	0.5651	0.0005	0.0000	0.0000	0.0000	
52	120	0.0881	8	2	2	1	0	0	0	0	0	Y	Y	N	N	N	N	N	N	N	N	N	N	1.7021	26.8479	0.0000	19.4142	19.9789	0.0000	0.0000	0.0000	0.0000	0.3276	0.3662	0.0000	0.6237	0.6427	0.0000	0.0000	0.0000	0.0000	0.1925	0.0136	0.4669	0.0321	0.0322	0.0311	0.2393	0.0033	0.4770	0.0001	22.3066	-0.0000	0.0063	0.0001	13.6104	1.7968	16.0982	0.0000	0.0000	0.0000	0.0000	0.0000	0.0000	0.0000	0.0000	0.0000	0.0152	0.0007	0.0146	0.0006	0.0006	0.0000	0.0147	0.0001	0.0146	0.0000	0.0000	0.0000	0.0000	0.0000	0.0000	0.0000	0.0000	0.0000	0.0792	0.0480	0.0313	0.0179	0.0172	0.0007	0.0613	0.0308	0.0305	1.7021	26.8479	0.0000	19.4142	19.9789	0.0000	0.0000	0.0000	0.0000	0.1925	0.0136	0.4669	0.0321	0.0322	0.0311	0.2393	0.0033	0.4770
52	121	0.0926	8	1	2	1	0	0	0	0	0	N	Y	N	N	N	N	N	N	N	N	N	N	0.0000	0.0000	0.0000	0.0000	0.0000	0.0000	0.0000	0.0000	0.0000	0.0000	0.0000	0.0000	0.0000	0.0000	0.0000	0.0000	0.0000	0.0000	0.0036	0.0054	0.0000	0.0098	0.0100	0.0004	0.0000	0.0000	0.0000	0.0015	0.0000	-0.0001	0.0001	0.3548	1.7968	4.6068	0.0000	0.0000	0.0000	0.0000	0.0000	0.0000	0.0000	0.0000	0.0000	0.0001	0.0001	0.0000	0.0001	0.0001	0.0000	0.0000	0.0000	0.0000	0.0000	0.0000	0.0000	0.0000	0.0000	0.0000	0.0000	0.0000	0.0000	0.0265	0.0178	0.0087	0.0098	0.0095	0.0003	0.0168	0.0083	0.0084	0.0000	0.0000	0.0000	0.0000	0.0000	0.0000	0.0000	0.0000	0.0000	0.0036	0.0054	0.0000	0.0098	0.0100	0.0004	0.0000	0.0000	0.0000	
52	122	0.0777	7	1	2	1	0	0	0	0	0	N	Y	N	N	N	N	N	N	N	N	N	N	0.0447	0.0255	2.0133	0.0037	0.0037	0.0000	1.1950	0.7488	2.3561	0.0017	0.0016	0.0025	0.0005	0.0005	0.0000	0.0031	0.0032	0.0030	0.0389	0.0646	0.0013	0.1384	0.1427	0.0012	0.0026	0.0042	0.0013	0.1818	0.0133	-0.0000	-0.0005	0.0001	1.6911	1.7968	5.7022	0.0000	0.0000	0.0000	0.0000	0.0000	0.0000	0.0000	0.0000	0.0000	0.0010	0.0010	0.0000	0.0009	0.0009	0.0000	0.0000	0.0000	0.0000	0.0000	0.0000	0.0000	0.0000	0.0000	0.0000	0.0000	0.0000	0.0000	0.0253	0.0151	0.0103	0.0068	0.0066	0.0002	0.0186	0.0085	0.0101	0.0447	0.0255	2.0133	0.0037	0.0037	0.0000	1.1950	0.7488	2.3561	0.0389	0.0646	0.0013	0.1384	0.1427	0.0012	0.0026	0.0042	0.0013
52	124	0.1288	11	2	2	1	0	0	0	0	0	Y	Y	N	N	N	N	N	N	N	N	N	N	0.0000	0.0000	0.0000	0.0000	0.0000	0.0000	0.0000	0.0000	0.0000	0.0000	0.0000	0.0000	0.0000	0.0000	0.0000	0.0000	0.0000	0.0000	0.0000	0.0000	0.0001	0.0000	1.7968	0.0000	0.0000	0.0000	0.0000	0.0000	0.0000	0.0000	0.0000	0.0000	0.0000	0.0000	0.0000	0.0000	0.0000	0.0000	0.0000	0.0000	0.0000	0.0000	0.0000	0.0000	0.0000	0.0000	0.0000	0.0000	0.0000	0.0000	0.0000	0.0000	0.0000	0.0000	0.0000	0.0000	0.0000	0.0000	0.0000	0.0000	0.0000	0.0000	0.0000	0.0000	0.0000	0.0000	0.0000	0.0000	0.0000	0.0000	0.0000	0.0000	0.0000	0.0000	0.0000	0.0000	0.0000	0.0000											
52	125	0.1242	10	2	2	1	0	0	0	0	0	Y	Y	N	N	N	N	N	N	N	N	N	N	0.0000	0.0000	0.0000	0.0000	0.0000	0.0000	0.0000	0.0000	0.0000	0.0000	0.0000	0.0000	0.0000	0.0000	0.0000	0.0000	0.0000	0.0000	6.0860	0.0000	13.8092	0.0274	0.0001	1.4508	10.4472	0.0000	14.0818	264898.7438	0.0000	0.0431	0.0001	0.1434	1.7968	1.9839	0.0000	0.0000	0.0000	0.0000	0.0000	0.0000	0.0000	0.0000	0.0000	0.0944	0.0000	0.0944	0.0002	0.0000	0.0002	0.0942	0.0000	0.0942	0.0000	0.0000	0.0000	0.0000	0.0000	0.0000	0.0000	0.0000	0.0000	0.0155	0.0087	0.0068	0.0065	0.0063	0.0001	0.0090	0.0023	0.0067	0.0000	0.0000	0.0000	0.0000	0.0000	0.0000	0.0000	0.0000	0.0000	6.0860	0.0000	13.8092	0.0274	0.0001	1.2263	10.4472	0.0000	14.0818	
52	126	0.1138	9	1	2	1	0	0	0	0	0	N	Y	N	N	N	N	N	N	N	N	N	N	0.0000	0.0000	0.0000	0.0000	0.0000	0.0000	0.0000	0.0000	0.0000	0.0000	0.0000	0.0000	0.0000	0.0000	0.0000	0.0000	0.0000	0.0000	0.1984	0.0046	0.5191	0.0214	0.0075	0.2143	0.2678	0.0026	0.5352	67.6685	0.0000	0.0013	0.0001	1.8882	1.7968	2.9115	0.0000	0.0000	0.0000	0.0000	0.0000	0.0000	0.0000	0.0000	0.0000	0.0029	0.0000	0.0029	0.0001	0.0000	0.0001	0.0028	0.0000	0.0028	0.0000	0.0000	0.0000	0.0000	0.0000	0.0000	0.0000	0.0000	0.0000	0.0147	0.0092	0.0055	0.0041	0.0039	0.0003	0.0106	0.0053	0.0053	0.0000	0.0000	0.0000	0.0000	0.0000	0.0000	0.0000	0.0000	0.0000	0.1984	0.0046	0.5191	0.0214	0.0075	0.2143	0.2678	0.0026	0.5352	
52	127	0.0881	8	1	1	1	0	0	0	0	0	N	N	N	N	N	N	N	N	N	N	N	N	0.1713	27.3872	0.0000	13.7861	18.6033	0.0000	0.0000	0.0000	0.0000	3.2457	3.6125	0.0000	6.1762	6.3516	0.0000	0.0000	0.0000	0.0000	18.9464	0.1319	107.3045	0.4480	0.3414	7.7047	24.5914	0.0075	103.7455	0.0000	236.6918	-0.0000	0.3178	0.0001	3.5543	1.7968	9.0319	0.0000	0.0000	0.0000	0.0000	0.0000	0.0000	0.0000	0.0000	0.0000	0.7018	0.0030	0.6989	0.0039	0.0028	0.0010	0.6980	0.0001	0.6979	0.0000	0.0000	0.0000	0.0000	0.0000	0.0000	0.0000	0.0000	0.0000	0.0370	0.0224	0.0147	0.0087	0.0083	0.0003	0.0284	0.0140	0.0143	0.1713	27.3872	0.0000	13.7861	18.6033	0.0000	0.0000	0.0000	0.0000	18.9464	0.1319	47.6790	0.4480	0.3414	3.2122	24.5914	0.0075	48.6764
53	54	0.2221	15	1	2	0	1	0	0	0	0	N	Y	N	N	N	N	N	N	N	N	N	N	0.0000	0.0000	0.0000	0.0000	0.0000	0.0000	0.0000	0.0000	0.0000	0.0000	0.0000	0.0000	0.0000	0.0000	0.0000	0.0000	0.0000	0.0349	0.0297	0.0450	0.0040	0.0043	0.0000	0.0522	0.0565	0.0478	0.7804	0.0000	-0.0001	1.8240	0.0007	0.8872	4.7762	0.0000	0.0000	0.0000	0.0000	0.0000	0.0000	0.0000	0.0000	0.0000	0.0007	0.0004	0.0003	0.0000	0.0000	0.0000	0.0007	0.0004	0.0003	0.0000	0.0000	0.0000	0.0000	0.0000	0.0000	0.0000	0.0000	0.0000	0.0209	0.0138	0.0071	0.0075	0.0071	0.0004	0.0134	0.0067	0.0067	0.0000	0.0000	0.0000	0.0000	0.0000	0.0000	0.0000	0.0000	0.0000	0.0349	0.0297	0.0450	0.0040	0.0043	0.0000	0.0522	0.0565	0.0478		
53	55	0.2221	15	1	1	0	1	0	0	0	0	N	N	N	N	N	N	N	N	N	N	N	N	0.0000	0.0000	0.0000	0.0000	0.0000	0.0000	0.0000	0.0000	0.0000	0.0000	0.0000	0.0000	0.0000	0.0000	0.0000	0.0000	0.0007	0.0001	0.0020	0.0002	0.0002	0.0000	0.0010	0.0000	0.0021	9.7665	0.0000	0.0000	1.8240	0.0007	0.8872	3.2259	0.0000	0.0000	0.0000	0.0000	0.0000	0.0000	0.0000	0.0000	0.0000	0.0000	0.0000	0.0000	0.0000	0.0000	0.0000	0.0000	0.0000	0.0000	0.0000	0.0000	0.0000	0.0000	0.0000	0.0000	0.0000	0.0000	0.0000	0.0151	0.0101	0.0050	0.0055	0.0052	0.0003	0.0095	0.0048	0.0047	0.0000	0.0000	0.0000	0.0000	0.0000	0.0000	0.0000	0.0000	0.0000	0.0007	0.0001	0.0020	0.0002	0.0002	0.0000	0.0010	0.0000	0.0021			
53	56	0.2178	14	1	1	0	1	0	0	0	0	N	N	N	N	N	N	N	N	N	N	N	N	0.0000	0.0000	0.0000	0.0000	0.0000	0.0000	0.0000	0.0000	0.0000	0.0000	0.0000	0.0000	0.0000	0.0000	0.0000	0.0000	0.0000	0.0001	0.0001	0.0001	0.0000	0.0000	0.0000	0.0001	0.0001	0.0002	0.8330	0.0000	-0.0000	1.8240	0.9953	0.8872	1.3904	0.0000	0.0000	0.0000	0.0000	0.0000	0.0000	0.0000	0.0000	0.0000	0.0000	0.0000	0.0000	0.0000	0.0000	0.0000	0.0000	0.0000	0.0000	0.0167	0.0146	0.0021	0.0064	0.0058	0.0007	0.0103	0.0089	0.0014	0.0116	0.0079	0.0037	0.0043	0.0041	0.0002	0.0073	0.0038	0.0035	0.0000	0.0000	0.0000	0.0000	0.0000	0.0000	0.0000	0.0000	0.0000	0.0001	0.0001	0.0001	0.0000	0.0000	0.0000	0.0001	0.0001	0.0002		
53	57	0.2111	13	1	1	0	1	0	0	0	0	N	N	N	N	N	N	N	N	N	N	N	N	23266.7376	25429.6070	0.0000	587.7241	637.8152	41237.4869	47194.2430	0.0000	0.0611	0.0697	0.0000	0.0017	0.0019	0.0000	0.1032	0.1198	0.0000	0.0000	0.0000	0.0000	0.0000	0.0000	0.0000	0.0000	0.0000	0.0000	0.0000	0.4866	-0.0000	-0.0000	1.8240	0.0068	0.8872	3.2797	0.0000	0.0000	0.0000	0.0000	0.0000	0.0000	0.0000	0.0000	0.0000	0.0000	0.0000	0.0000	0.0000	0.0000	0.0000	0.0000	0.0000	0.0000	0.0001	0.0001	0.0000	0.0001	0.0001	0.0000	0.0001	0.0001	0.0000	0.0148	0.0095	0.0053	0.0053	0.0050	0.0003	0.0095	0.0045	0.0050	23266.7376	25429.6070	0.0000	587.7241	637.8152	0.0000	41237.4869	47194.2430	0.0000	0.0000	0.0000	0.0000	0.0000	0.0000	0.0000	0.0000	0.0000	0.0000	
53	58	0.1699	12	1	1	0	1	0	0	0	0	N	N	N	N	N	N	N	N	N	N	N	N	505.7971	390.3797	0.0000	64.0469	77.6445	0.0000	67113.6884	98561.0127	0.0000	2.8401	3.4365	0.0000	1.1271	1.4454	0.0000	5.2939	5.9263	0.0000	0.0056	0.0088	0.0002	0.0176	0.0186	0.0012	0.0001	0.0001	0.0001	0.0000	0.0100	-0.2592	-0.0002	1.8240	5.8573	0.8872	13.1443	0.6803	0.6803	0.0000	0.1590	0.1590	0.0000	0.5213	0.5213	0.0000	0.0004	0.0004	0.0000	0.0004	0.0004	0.0000	0.0000	0.0000	0.0000	0.2395	0.1980	0.0416	0.1411	0.1100	0.0311	0.0985	0.0880	0.0105	0.0781	0.0493	0.0288	0.0247	0.0232	0.0014	0.0534	0.0261	0.0273	505.7971	390.3797	0.0000	64.0469	77.6445	0.0000	67113.6884	98561.0127	0.0000	0.0056	0.0088	0.0002	0.0176	0.0186	0.0012	0.0001	0.0001	0.0001
53	59	0.1566	10	1	2	1	0	0	0	0	0	N	Y	N	N	N	N	N	N	N	N	N	N	0.0001	0.0001	0.0000	0.0000	0.0000	0.0000	0.1332	0.1303	0.0000	0.0000	0.0000	0.0000	0.0000	0.0000	0.0000	0.0000	0.0000	0.0000	0.0024	0.0036	0.0000	0.0077	0.0080	0.0005	0.0000	0.0000	0.0000	0.0000	0.0027	-0.0000	-0.0000	1.8240	0.9979	0.8872	4.0614	0.0000	0.0000	0.0000	0.0000	0.0000	0.0000	0.0000	0.0000	0.0000	0.0001	0.0001	0.0000	0.0001	0.0001	0.0000	0.0000	0.0000	0.0000	0.0160	0.0143	0.0017	0.0040	0.0039	0.0001	0.0120	0.0104	0.0016	0.0241	0.0158	0.0083	0.0075	0.0072	0.0003	0.0166	0.0086	0.0080	0.0001	0.0001	0.0000	0.0000	0.0000	0.0000	0.1332	0.1303	0.0000	0.0024	0.0036	0.0000	0.0077	0.0080	0.0005	0.0000	0.0000	0.0000
53	60	0.1481	9	1	2	0	0	0	0	0	0	N	Y	N	N	N	N	N	N	N	N	N	N	0.0011	0.0008	0.0000	0.0001	0.0001	0.0000	0.0275	42.1762	0.0000	0.0000	0.0000	0.0000	0.0000	0.0000	0.0000	0.0000	0.0000	0.0000	0.0121	0.0180	0.0011	0.0382	0.0397	0.0001	0.0006	0.0000	0.0012	0.0000	0.0345	-0.0000	-0.0001	1.8240	2.2356	0.8872	2.2044	0.0000	0.0000	0.0000	0.0000	0.0000	0.0000	0.0000	0.0000	0.0000	0.0003	0.0002	0.0000	0.0002	0.0002	0.0000	0.0000	0.0000	0.0000	0.0365	0.0326	0.0039	0.0089	0.0086	0.0003	0.0276	0.0240	0.0036	0.0212	0.0138	0.0074	0.0065	0.0062	0.0002	0.0147	0.0076	0.0072	0.0011	0.0008	0.0000	0.0001	0.0001	0.0000	0.0275	42.1762	0.0000	0.0121	0.0180	0.0011	0.0382	0.0397	0.0001	0.0006	0.0000	0.0012
53	61	0.1275	7	2	1	1	0	0	0	0	0	Y	N	N	N	N	N	N	N	N	N	N	N	0.0000	0.0000	0.0000	0.0000	0.0000	0.0000	0.0000	0.0000	0.0000	0.0000	0.0000	0.0000	0.0000	0.0000	0.0000	0.0000	0.0000	0.0005	0.0000	0.0012	0.0009	0.0000	0.0231	0.0003	0.0000	0.0006	222.7833	0.0000	0.0000	1.8240	2.0703	0.8872	7.0012	0.0000	0.0000	0.0000	0.0000	0.0000	0.0000	0.0000	0.0000	0.0000	0.0000	0.0000	0.0000	0.0000	0.0000	0.0000	0.0000	0.0000	0.0000	0.0345	0.0308	0.0037	0.0083	0.0080	0.0002	0.0263	0.0228	0.0035	0.0372	0.0235	0.0137	0.0098	0.0094	0.0004	0.0274	0.0141	0.0133	0.0000	0.0000	0.0000	0.0000	0.0000	0.0000	0.0000	0.0000	0.0000	0.0005	0.0000	0.0012	0.0009	0.0000	0.0231	0.0003	0.0000	0.0006		
53	62	0.1259	6	1	1	0	0	0	0	0	0	N	N	N	N	N	N	N	N	N	N	N	N	0.0000	0.0000	0.0000	0.0000	0.0000	0.0000	0.0000	0.0000	0.0000	0.0000	0.0000	0.0000	0.0000	0.0000	0.0000	0.0000	0.0000	0.0062	0.0065	0.0056	0.0153	0.0158	0.0002	0.0028	0.0000	0.0057	0.5047	0.0000	-0.0000	1.8240	0.9285	0.8872	0.0280	0.0000	0.0000	0.0000	0.0000	0.0000	0.0000	0.0000	0.0000	0.0000	0.0000	0.0000	0.0000	0.0000	0.0000	0.0000	0.0000	0.0000	0.0000	0.0152	0.0136	0.0016	0.0035	0.0034	0.0001	0.0117	0.0102	0.0015	0.0042	0.0026	0.0015	0.0011	0.0011	0.0000	0.0030	0.0015	0.0015	0.0000	0.0000	0.0000	0.0000	0.0000	0.0000	0.0000	0.0000	0.0000	0.0062	0.0065	0.0056	0.0153	0.0158	0.0002	0.0028	0.0000	0.0057		
53	63	0.1070	5	2	2	0	0	0	0	0	0	Y	Y	N	N	N	N	N	N	N	N	N	N	25.3758	18.4707	0.0000	2.8595	3.1617	4767.9845	2966.0380	0.0000	0.0680	0.0784	0.0000	0.0293	0.0333	0.0000	0.0906	0.1053	0.0000	0.0027	0.0042	0.0000	0.0102	0.0105	0.0000	0.0000	0.0000	0.0000	0.0000	0.0002	-0.0005	-0.0000	1.8240	1.0023	0.8872	3.0135	0.0012	0.0012	0.0000	0.0002	0.0002	0.0000	0.0010	0.0010	0.0000	0.0000	0.0000	0.0000	0.0000	0.0000	0.0000	0.0000	0.0000	0.0000	0.0181	0.0157	0.0024	0.0067	0.0059	0.0008	0.0114	0.0098	0.0016	0.0184	0.0116	0.0068	0.0048	0.0046	0.0001	0.0136	0.0069	0.0066	25.3758	18.4707	0.0000	2.8595	3.1617	0.0000	4767.9845	2966.0380	0.0000	0.0027	0.0042	0.0000	0.0102	0.0105	0.0000	0.0000	0.0000	0.0000	
53	64	0.0806	4	2	2	0	0	0	0	0	0	Y	Y	N	N	N	N	N	N	N	N	N	N	2223.6681	1678.9676	0.0000	181.5657	238.9633	0.0000	852037.2190	28877265.0290	0.0000	5.8720	7.3170	0.0000	2.1331	2.8957	0.0000	10.5012	11.8782	0.0000	0.0026	0.0044	0.0000	0.0117	0.0121	0.0002	0.0000	0.0000	0.0000	0.0000	0.0041	-0.3187	-0.0001	1.8240	3.0820	0.8872	9.3392	0.8364	0.8364	0.0000	0.1681	0.1681	0.0000	0.6684	0.6684	0.0000	0.0001	0.0001	0.0000	0.0001	0.0001	0.0000	0.0000	0.0000	0.0000	0.1424	0.1143	0.0281	0.0788	0.0580	0.0208	0.0636	0.0563	0.0074	0.0529	0.0319	0.0210	0.0118	0.0115	0.0004	0.0410	0.0204	0.0206	2223.6681	1678.9676	0.0000	181.5657	238.9633	0.0000	852037.2190	28877265.0290	0.0000	0.0026	0.0044	0.0000	0.0117	0.0121	0.0002	0.0000	0.0000	0.0000
53	65	0.1481	9	1	2	0	0	0	0	0	0	N	Y	N	N	N	N	N	N	N	N	N	N	0.0022	0.0016	0.0000	0.0002	0.0002	0.0000	23.2664	86.1114	0.0000	0.0000	0.0000	0.0000	0.0000	0.0000	0.0000	0.0000	0.0000	0.0000	0.0072	0.0113	0.0000	0.0247	0.0258	0.0001	0.0000	0.0000	0.0000	0.0000	0.0002	-0.0000	-0.0001	1.8240	1.7946	0.8872	5.9592	0.0000	0.0000	0.0000	0.0000	0.0000	0.0000	0.0000	0.0000	0.0000	0.0002	0.0002	0.0000	0.0002	0.0002	0.0000	0.0000	0.0000	0.0000	0.0297	0.0265	0.0031	0.0073	0.0071	0.0002	0.0223	0.0194	0.0029	0.0342	0.0218	0.0124	0.0100	0.0096	0.0004	0.0242	0.0122	0.0120	0.0022	0.0016	0.0000	0.0002	0.0002	0.0000	23.2664	86.1114	0.0000	0.0072	0.0113	0.0000	0.0247	0.0258	0.0001	0.0000	0.0000	0.0000
53	66	0.1413	8	1	2	0	0	0	0	0	0	N	Y	N	N	N	N	N	N	N	N	N	N	0.0048	0.0032	0.0006	0.0004	0.0004	0.0000	0.1952	2.4468	0.0007	0.0026	0.0029	0.0000	0.0005	0.0006	0.0000	0.0034	0.0039	0.0000	0.5465	0.9147	0.0264	1.5331	1.5779	0.0011	0.0174	0.0016	0.0270	0.0007	0.0204	-0.0000	-0.0061	1.8240	1.3569	0.8872	2.0560	0.0001	0.0001	0.0000	0.0000	0.0000	0.0000	0.0001	0.0001	0.0000	0.0117	0.0115	0.0002	0.0115	0.0115	0.0000	0.0002	0.0000	0.0002	0.0235	0.0211	0.0025	0.0063	0.0061	0.0002	0.0173	0.0150	0.0023	0.0214	0.0125	0.0089	0.0075	0.0073	0.0002	0.0139	0.0053	0.0087	0.0048	0.0032	0.0006	0.0004	0.0004	0.0000	0.1952	2.4468	0.0007	0.5465	0.9147	0.0264	1.5331	1.5779	0.0011	0.0174	0.0016	0.0270
53	67	0.1279	7	1	2	0	0	0	0	0	0	N	Y	N	N	N	N	N	N	N	N	N	N	0.0005	0.0004	0.0002	0.0009	0.0010	0.0044	0.0008	0.0177	0.0001	0.0072	0.0082	0.0000	0.0326	0.0340	0.0000	0.0000	0.0000	0.0000	13.1960	23.2375	0.0259	35.1980	34.2150	0.0039	0.0187	0.0009	0.0263	0.0001	0.0009	-0.0002	-0.4277	1.8240	4.9477	0.8872	2.0153	0.0006	0.0006	0.0000	0.0006	0.0006	0.0000	0.0000	0.0000	0.0000	0.7889	0.7882	0.0007	0.7882	0.7882	0.0000	0.0007	0.0000	0.0007	0.0820	0.0728	0.0092	0.0182	0.0174	0.0008	0.0638	0.0554	0.0084	0.0598	0.0339	0.0259	0.0235	0.0230	0.0005	0.0363	0.0109	0.0254	0.0005	0.0004	0.0002	0.0010	0.0010	0.0044	0.0008	0.0177	0.0001	13.1960	23.2375	0.0259	33.5478	34.2150	0.0039	0.0187	0.0009	0.0263
53	68	0.1922	13	1	1	1	0	0	0	0	0	N	N	N	N	N	N	N	N	N	N	N	N	0.0000	0.0000	0.0000	0.0000	0.0000	0.0000	0.0000	0.0000	0.0000	0.0000	0.0000	0.0000	0.0000	0.0000	0.0000	0.0000	0.0000	0.0000	54.2257	0.0000	307.4779	0.1426	0.0000	3.1226	77.9126	0.0000	337.5396	114741968.3351	0.0000	0.3881	1.8240	0.0000	0.8872	4.0001	0.0000	0.0000	0.0000	0.0000	0.0000	0.0000	0.0000	0.0000	0.0000	0.8491	0.0000	0.8491	0.0007	0.0000	0.0007	0.8484	0.0000	0.8484	0.0000	0.0000	0.0000	0.0000	0.0000	0.0000	0.0000	0.0000	0.0000	0.0157	0.0099	0.0058	0.0048	0.0044	0.0004	0.0109	0.0055	0.0054	0.0000	0.0000	0.0000	0.0000	0.0000	0.0000	0.0000	0.0000	0.0000	54.2257	0.0000	147.5222	0.1426	0.0000	1.8885	77.9126	0.0000	157.2401	
53	69	0.1699	12	1	1	0	0	0	0	0	0	N	N	N	N	N	N	N	N	N	N	N	N	281.2032	243.2247	0.1642	136.3536	169.2663	0.0173	563.3413	342.8538	0.9225	3.4356	4.2360	0.0005	1.2719	1.6683	0.0000	7.6923	8.4840	0.0031	0.0122	0.0174	0.0032	0.0093	0.0099	0.0010	0.0137	0.0247	0.0033	0.0000	0.1056	-0.2627	-0.0003	1.8240	2.8240	0.8872	8.9883	0.6894	0.6894	0.0000	0.1692	0.1692	0.0000	0.5202	0.5202	0.0000	0.0007	0.0006	0.0001	0.0002	0.0002	0.0000	0.0005	0.0004	0.0001	0.2007	0.1628	0.0379	0.1330	0.1014	0.0316	0.0676	0.0613	0.0063	0.0537	0.0340	0.0196	0.0178	0.0168	0.0011	0.0358	0.0173	0.0185	281.2032	243.2247	0.1642	136.3536	169.2663	0.0173	563.3413	342.8538	0.9225	0.0122	0.0174	0.0032	0.0093	0.0099	0.0010	0.0137	0.0247	0.0033
53	70	0.1610	11	1	1	0	0	0	0	0	0	N	N	N	N	N	N	N	N	N	N	N	N	5064.1875	6102.2867	18.7110	222.5261	282.8964	0.3355	7293.1108	8143.5396	26.2057	12.4483	13.9376	0.0526	0.5718	0.6034	0.0045	17.4362	20.0357	0.0609	0.0025	0.0023	0.0028	0.0026	0.0021	0.0134	0.0024	0.0025	0.0023	0.0005	0.6031	-0.1201	-0.0000	1.8240	1.4521	0.8872	3.5882	0.3154	0.3153	0.0001	0.0043	0.0043	0.0000	0.3111	0.3110	0.0001	0.0001	0.0000	0.0000	0.0000	0.0000	0.0000	0.0000	0.0000	0.0000	0.0253	0.0226	0.0027	0.0075	0.0071	0.0004	0.0178	0.0155	0.0023	0.0301	0.0202	0.0099	0.0113	0.0109	0.0004	0.0187	0.0093	0.0094	5064.1875	6102.2867	18.7110	222.5261	282.8964	0.3355	7293.1108	8143.5396	26.2057	0.0025	0.0023	0.0028	0.0026	0.0021	0.0134	0.0024	0.0025	0.0023
53	71	0.1582	10	1	1	0	0	0	0	0	0	N	N	N	N	N	N	N	N	N	N	N	N	3.2222	2.6944	0.0162	0.3917	0.3998	0.0000	25.4768	59.5648	0.0202	0.0406	0.0453	0.0001	0.0108	0.0112	0.0000	0.0542	0.0628	0.0001	0.0126	0.0168	0.0035	0.0275	0.0279	0.0141	0.0021	0.0011	0.0031	0.0001	0.0966	-0.0004	-0.0001	1.8240	1.1783	0.8872	0.9542	0.0009	0.0009	0.0000	0.0001	0.0001	0.0000	0.0009	0.0009	0.0000	0.0002	0.0002	0.0000	0.0002	0.0002	0.0000	0.0000	0.0000	0.0000	0.0230	0.0206	0.0024	0.0072	0.0070	0.0002	0.0158	0.0137	0.0022	0.0174	0.0119	0.0055	0.0072	0.0070	0.0002	0.0102	0.0049	0.0053	3.2222	2.6944	0.0162	0.3917	0.3998	0.0000	25.4768	59.5648	0.0202	0.0126	0.0168	0.0035	0.0275	0.0279	0.0141	0.0021	0.0011	0.0031
53	72	0.1537	9	1	1	0	0	0	0	0	0	N	N	N	N	N	N	N	N	N	N	N	N	0.1066	0.1517	0.0018	0.0084	0.0084	0.0000	0.1810	26.4143	0.0019	0.0020	0.0022	0.0000	0.0002	0.0002	0.0000	0.0026	0.0029	0.0001	0.0185	0.0145	0.0261	0.0256	0.0263	0.0066	0.0141	0.0001	0.0270	0.0026	0.9308	-0.0000	-0.0000	1.8240	2.0762	0.8872	1.4610	0.0001	0.0001	0.0000	0.0000	0.0000	0.0000	0.0001	0.0001	0.0000	0.0004	0.0002	0.0002	0.0002	0.0002	0.0000	0.0002	0.0000	0.0002	0.0354	0.0316	0.0038	0.0090	0.0087	0.0003	0.0264	0.0229	0.0035	0.0217	0.0143	0.0074	0.0081	0.0078	0.0003	0.0135	0.0065	0.0071	0.1066	0.1517	0.0018	0.0084	0.0084	0.0000	0.1810	26.4143	0.0019	0.0185	0.0145	0.0261	0.0256	0.0263	0.0066	0.0141	0.0001	0.0270
53	73	0.0894	5	1	1	0	0	0	0	0	0	N	N	N	N	N	N	N	N	N	N	N	N	6012.3300	4432.7044	0.0000	524.8241	680.0177	0.0000	540704.9608	318855.3061	0.0000	5.3832	6.6414	0.0000	2.1402	2.8752	0.0000	8.8577	10.0493	0.0000	0.0009	0.0015	0.0000	0.0041	0.0042	0.0000	0.0000	0.0000	0.0000	0.0000	0.0007	-0.3205	-0.0000	1.8240	4.0673	0.8872	17.8409	0.8410	0.8410	0.0000	0.1730	0.1730	0.0000	0.6681	0.6681	0.0000	0.0001	0.0001	0.0000	0.0001	0.0001	0.0000	0.0000	0.0000	0.0000	0.1562	0.1266	0.0296	0.0808	0.0602	0.0207	0.0754	0.0665	0.0089	0.0871	0.0520	0.0351	0.0188	0.0182	0.0007	0.0682	0.0338	0.0344	6012.3300	4432.7044	0.0000	524.8241	680.0177	0.0000	540704.9608	318855.3061	0.0000	0.0009	0.0015	0.0000	0.0041	0.0042	0.0000	0.0000	0.0000	0.0000
53	75	0.2261	9	1	1	0	0	0	0	0	0	N	N	N	N	N	N	N	N	N	N	N	N	0.2936	15.5649	0.0000	1.1360	4.6840	0.0000	0.2847	22090.7090	0.0000	0.5736	0.6641	0.0000	0.2632	0.3052	0.0000	0.9863	1.1397	0.0000	1.9534	0.0427	5.5800	0.2317	0.0652	3.6591	3.4640	0.0001	6.0226	0.0000	68.9030	-0.0285	0.2996	1.8240	3.5843	0.8872	46.7516	0.0748	0.0748	0.0000	0.0196	0.0196	0.0000	0.0552	0.0552	0.0000	0.6767	0.0097	0.6671	0.0375	0.0097	0.0278	0.6392	0.0000	0.6392	0.1304	0.1126	0.0178	0.0744	0.0642	0.0102	0.0560	0.0484	0.0075	0.3464	0.2269	0.1195	0.1619	0.1485	0.0134	0.1845	0.0784	0.1061	0.2936	15.5649	0.0000	1.1360	4.6840	0.0000	0.2847	22090.7090	0.0000	1.9534	0.0427	5.5800	0.2317	0.0652	2.0764	3.4640	0.0001	6.0226
53	76	0.1548	9	2	2	1	0	0	0	0	0	Y	Y	N	N	N	N	N	N	N	N	N	N	0.0000	0.0000	0.0000	0.0000	0.0000	0.0000	0.0000	0.0000	0.0000	0.0000	0.0000	0.0000	0.0000	0.0000	0.0000	0.0000	0.0000	0.0000	0.0000	0.0000	0.0000	0.0000	0.0000	0.0000	-0.0000	1.8240	1.0003	0.8872	1.0071	0.0000	0.0000	0.0000	0.0000	0.0000	0.0000	0.0000	0.0000	0.0000	0.0000	0.0000	0.0000	0.0000	0.0000	0.0000	0.0000	0.0000	0.0000	0.0158	0.0141	0.0017	0.0040	0.0039	0.0001	0.0117	0.0102	0.0015	0.0082	0.0053	0.0030	0.0026	0.0025	0.0001	0.0056	0.0028	0.0028	0.0000	0.0000	0.0000	0.0000	0.0000	0.0000	0.0000	0.0000	0.0000	0.0000	0.0000	0.0000	0.0000	0.0000	0.0000	0.0000	0.0000	0.0000						
53	77	0.1480	8	2	1	1	0	0	0	0	0	Y	N	N	N	N	N	N	N	N	N	N	N	0.0000	0.0000	0.0000	0.0000	0.0000	0.0000	0.0000	0.0000	0.0000	0.0000	0.0000	0.0000	0.0000	0.0000	0.0000	0.0000	0.0000	0.0000	0.0000	0.0001	0.0000	0.0000	0.0000	0.0000	0.0000	0.0001	73.2836	0.0000	0.0000	1.8240	0.9901	0.8872	2.2068	0.0000	0.0000	0.0000	0.0000	0.0000	0.0000	0.0000	0.0000	0.0000	0.0000	0.0000	0.0000	0.0000	0.0000	0.0000	0.0000	0.0000	0.0000	0.0158	0.0141	0.0017	0.0041	0.0039	0.0001	0.0118	0.0102	0.0015	0.0246	0.0182	0.0064	0.0097	0.0095	0.0002	0.0149	0.0087	0.0063	0.0000	0.0000	0.0000	0.0000	0.0000	0.0000	0.0000	0.0000	0.0000	0.0000	0.0000	0.0001	0.0000	0.0000	0.0000	0.0000	0.0000	0.0001		
53	78	0.1070	6	1	2	0	0	0	0	0	0	N	Y	N	N	N	N	N	N	N	N	N	N	3579.0389	2863.0833	0.0000	1231.2742	1504.4115	0.0000	59427.0884	2457851.8232	0.0000	3.0103	3.6224	0.0000	3.5317	4.4683	0.0000	2.4135	2.7504	0.0000	0.0008	0.0013	0.0001	0.0029	0.0030	0.0005	0.0000	0.0000	0.0001	0.0000	0.0437	-0.3151	-0.0000	1.8240	8.4371	0.8872	15.3349	0.8269	0.8269	0.0000	0.5177	0.5177	0.0000	0.3092	0.3092	0.0000	0.0001	0.0001	0.0000	0.0001	0.0001	0.0000	0.0000	0.0000	0.0000	0.2747	0.2283	0.0464	0.1466	0.1159	0.0307	0.1281	0.1124	0.0157	0.1063	0.0677	0.0386	0.0301	0.0288	0.0013	0.0762	0.0389	0.0373	3579.0389	2863.0833	0.0000	1231.2742	1504.4115	0.0000	59427.0884	2457851.8232	0.0000	0.0008	0.0013	0.0001	0.0029	0.0030	0.0005	0.0000	0.0000	0.0001
53	79	0.1480	8	2	1	1	0	0	0	0	0	Y	N	N	N	N	N	N	N	N	N	N	N	0.0000	0.0000	0.0000	0.0000	0.0000	0.0000	0.0000	0.0000	0.0000	0.0000	0.0000	0.0000	0.0000	0.0000	0.0000	0.0000	0.0009	0.0009	0.0007	0.0019	0.0019	0.0000	0.0003	0.0000	0.0008	0.3489	0.0000	-0.0000	1.8240	3.0096	0.8872	5.7427	0.0000	0.0000	0.0000	0.0000	0.0000	0.0000	0.0000	0.0000	0.0000	0.0000	0.0000	0.0000	0.0000	0.0000	0.0000	0.0000	0.0000	0.0000	0.0471	0.0421	0.0050	0.0120	0.0116	0.0004	0.0352	0.0306	0.0046	0.0461	0.0318	0.0143	0.0160	0.0155	0.0005	0.0301	0.0163	0.0137	0.0000	0.0000	0.0000	0.0000	0.0000	0.0000	0.0000	0.0000	0.0000	0.0009	0.0009	0.0007	0.0019	0.0019	0.0000	0.0003	0.0000	0.0008			
53	80	0.1324	7	2	1	1	0	0	0	0	0	Y	N	N	N	N	N	N	N	N	N	N	N	0.0000	0.0000	0.0000	0.0000	0.0000	0.0000	0.0000	0.0000	0.0000	0.0000	0.0000	0.0000	0.0000	0.0000	0.0000	0.0000	0.0000	0.0803	0.0009	0.2183	0.0190	0.0020	0.6845	0.1080	0.0000	0.2101	135.4199	0.0000	0.0012	1.8240	1.0477	0.8872	6.1154	0.0000	0.0000	0.0000	0.0000	0.0000	0.0000	0.0000	0.0000	0.0000	0.0027	0.0000	0.0027	0.0002	0.0000	0.0002	0.0025	0.0000	0.0025	0.0183	0.0164	0.0019	0.0050	0.0049	0.0001	0.0132	0.0115	0.0017	0.0340	0.0216	0.0124	0.0106	0.0102	0.0004	0.0234	0.0114	0.0120	0.0000	0.0000	0.0000	0.0000	0.0000	0.0000	0.0000	0.0000	0.0000	0.0803	0.0009	0.2183	0.0190	0.0020	0.4809	0.1080	0.0000	0.2101		
53	81	0.1259	6	1	1	0	0	0	0	0	0	N	N	N	N	N	N	N	N	N	N	N	N	0.0000	0.0000	0.0000	0.0000	0.0000	0.0000	0.0000	0.0000	0.0000	0.0000	0.0000	0.0000	0.0000	0.0000	0.0000	0.0000	0.0000	0.0000	0.2149	0.3401	0.0018	0.8127	0.8441	0.0001	0.0009	0.0000	0.0019	0.0032	0.0000	-0.0015	1.8240	1.9794	0.8872	1.0196	0.0000	0.0000	0.0000	0.0000	0.0000	0.0000	0.0000	0.0000	0.0000	0.0027	0.0027	0.0000	0.0027	0.0027	0.0000	0.0000	0.0000	0.0000	0.0320	0.0286	0.0034	0.0073	0.0071	0.0002	0.0247	0.0215	0.0032	0.0127	0.0080	0.0047	0.0033	0.0032	0.0001	0.0093	0.0048	0.0046	0.0000	0.0000	0.0000	0.0000	0.0000	0.0000	0.0000	0.0000	0.0000	0.2149	0.3401	0.0018	0.8127	0.8441	0.0001	0.0009	0.0000	0.0019	
53	82	0.1238	5	1	1	0	0	0	0	0	0	N	N	N	N	N	N	N	N	N	N	N	N	0.4559	0.9533	0.0001	1.6870	1.6830	0.0000	0.0057	inf	0.0001	0.0026	0.0029	0.0000	0.0118	0.0122	0.0000	0.0000	0.0000	0.0000	0.0056	0.0030	0.0100	0.0070	0.0073	0.0003	0.0051	0.0000	0.0102	0.0000	1.9678	-0.0000	0.0000	1.8240	1.0114	0.8872	0.0202	0.0000	0.0000	0.0000	0.0000	0.0000	0.0000	0.0000	0.0000	0.0000	0.0000	0.0000	0.0000	0.0000	0.0000	0.0000	0.0000	0.0000	0.0000	0.0165	0.0147	0.0018	0.0035	0.0034	0.0001	0.0129	0.0112	0.0017	0.0046	0.0029	0.0017	0.0012	0.0012	0.0000	0.0033	0.0017	0.0017	0.4559	0.9533	0.0001	1.6870	1.6830	0.0000	0.0057	inf	0.0001	0.0056	0.0030	0.0100	0.0070	0.0073	0.0003	0.0051	0.0000	0.0102
53	83	0.1032	4	1	1	0	0	0	0	0	0	N	N	N	N	N	N	N	N	N	N	N	N	0.0373	3.1186	0.0054	1.1674	5.0628	0.0001	0.0055	42219.0630	0.0068	0.0151	0.0164	0.0053	0.0444	0.0482	0.0002	0.0032	0.0027	0.0065	0.4052	0.0053	0.9680	0.0380	0.0095	1.4060	0.5874	0.0000	0.9633	0.0423	130.5442	-0.0005	0.0109	1.8240	5.9223	0.8872	3.6882	0.0016	0.0015	0.0001	0.0014	0.0014	0.0000	0.0002	0.0002	0.0001	0.0243	0.0002	0.0241	0.0008	0.0002	0.0006	0.0235	0.0000	0.0235	0.1054	0.0931	0.0123	0.0305	0.0281	0.0024	0.0749	0.0650	0.0099	0.0600	0.0351	0.0249	0.0199	0.0194	0.0005	0.0401	0.0156	0.0244	0.0373	3.1186	0.0054	1.1674	5.0628	0.0001	0.0055	42219.0630	0.0068	0.4052	0.0053	0.9680	0.0380	0.0095	1.2137	0.5874	0.0000	0.9633
53	84	0.1268	8	1	2	0	0	0	0	0	0	N	Y	N	N	N	N	N	N	N	N	N	N	0.8210	0.5982	0.0000	0.0393	0.0414	0.0000	39.0647	48.8939	0.0000	0.1343	0.1538	0.0000	0.0211	0.0237	0.0000	0.2058	0.2387	0.0000	0.1635	0.2571	0.0054	0.5371	0.5732	0.0000	0.0053	0.0049	0.0057	0.0000	0.0124	-0.0065	-0.0127	1.8240	7.1084	0.8872	28.8937	0.0172	0.0172	0.0000	0.0010	0.0010	0.0000	0.0161	0.0161	0.0000	0.0239	0.0236	0.0003	0.0234	0.0234	0.0000	0.0005	0.0002	0.0003	0.1279	0.1116	0.0162	0.0495	0.0441	0.0055	0.0783	0.0676	0.0108	0.1464	0.0920	0.0544	0.0436	0.0408	0.0027	0.1028	0.0511	0.0517	0.8210	0.5982	0.0000	0.0393	0.0414	0.0000	39.0647	48.8939	0.0000	0.1635	0.2571	0.0054	0.5371	0.5732	0.0000	0.0053	0.0049	0.0057
53	85	0.1194	7	1	2	0	0	0	0	0	0	N	Y	N	N	N	N	N	N	N	N	N	N	57.8438	236.7374	0.0000	18.4904	23.6633	0.0000	112.7121	1225.5464	0.0000	1.2893	1.6085	0.0000	0.1836	0.2430	0.0000	3.3153	3.7415	0.0000	0.0223	0.0068	0.0553	0.0099	0.0103	0.0004	0.0294	0.0031	0.0576	0.0000	3.8182	-0.0716	0.0002	1.8240	2.2208	0.8872	3.9129	0.1880	0.1880	0.0000	0.0173	0.0173	0.0000	0.1706	0.1706	0.0000	0.0010	0.0002	0.0008	0.0002	0.0002	0.0000	0.0008	0.0000	0.0008	0.1458	0.1169	0.0289	0.0943	0.0712	0.0231	0.0515	0.0456	0.0059	0.0429	0.0292	0.0137	0.0157	0.0151	0.0005	0.0272	0.0141	0.0131	57.8438	236.7374	0.0000	18.4904	23.6633	0.0000	112.7121	1225.5464	0.0000	0.0223	0.0068	0.0553	0.0099	0.0103	0.0004	0.0294	0.0031	0.0576
53	86	0.1949	9	1	1	1	0	0	0	0	0	N	N	N	N	N	N	N	N	N	N	N	N	14.5524	10.8320	0.0000	16.8407	16.6127	0.0000	2.5590	269.7091	0.0000	0.0384	0.0428	0.0000	0.1335	0.1403	0.0000	0.0004	0.0005	0.0000	0.0026	0.0040	0.0003	0.0079	0.0084	0.0000	0.0002	0.0000	0.0003	0.0000	0.0426	-0.0014	-0.0001	1.8240	5.3425	0.8872	7.0749	0.0037	0.0037	0.0000	0.0037	0.0037	0.0000	0.0000	0.0000	0.0000	0.0001	0.0001	0.0000	0.0001	0.0001	0.0000	0.0000	0.0000	0.0000	0.0963	0.0863	0.0100	0.0275	0.0262	0.0013	0.0688	0.0601	0.0087	0.0539	0.0345	0.0194	0.0172	0.0161	0.0011	0.0367	0.0183	0.0184	14.5524	10.8320	0.0000	16.8407	16.6127	0.0000	2.5590	269.7091	0.0000	0.0026	0.0040	0.0003	0.0079	0.0084	0.0000	0.0002	0.0000	0.0003
53	87	0.1517	8	1	1	0	0	0	0	0	0	N	N	N	N	N	N	N	N	N	N	N	N	66.3441	57.0994	0.0239	49.7552	58.4365	0.2075	9.2697	42.4144	0.0210	2.8184	3.3759	0.0003	5.3000	6.6595	0.0003	0.0597	0.0680	0.0002	0.0425	0.0591	0.0106	0.1065	0.1140	0.0013	0.0064	0.0016	0.0113	0.0000	0.0937	-0.2464	-0.0023	1.8240	7.0719	0.8872	13.7350	0.6465	0.6465	0.0000	0.6400	0.6400	0.0000	0.0065	0.0065	0.0000	0.0049	0.0045	0.0004	0.0045	0.0045	0.0000	0.0005	0.0001	0.0004	0.2294	0.1915	0.0379	0.1208	0.0961	0.0247	0.1086	0.0954	0.0132	0.1161	0.0763	0.0398	0.0418	0.0390	0.0028	0.0743	0.0372	0.0371	66.3441	57.0994	0.0239	49.7552	58.4365	0.2075	9.2697	42.4144	0.0210	0.0425	0.0591	0.0106	0.1065	0.1140	0.0013	0.0064	0.0016	0.0113
53	88	0.1584	10	2	1	1	0	0	0	0	0	Y	N	N	N	N	N	N	N	N	N	N	N	0.0000	0.0000	0.0000	0.0000	0.0000	0.0000	0.0000	0.0000	0.0000	0.0000	0.0000	0.0000	0.0000	0.0000	0.0000	0.0000	0.0000	0.0000	0.0000	0.0000	1.8240	0.0000	0.8872	0.0000	0.0000	0.0000	0.0000	0.0000	0.0000	0.0000	0.0000	0.0000	0.0000	0.0000	0.0000	0.0000	0.0000	0.0000	0.0000	0.0000	0.0000	0.0000	0.0000	0.0000	0.0000	0.0000	0.0000	0.0000	0.0000	0.0000	0.0000	0.0000	0.0000	0.0000	0.0000	0.0000	0.0000	0.0000	0.0000	0.0000	0.0000	0.0000	0.0000	0.0000	0.0000	0.0000	0.0000	0.0000	0.0000	0.0000	0.0000	0.0000	0.0000	0.0000	0.0000	0.0000	0.0000	0.0000											
53	89	0.1564	9	2	1	1	0	0	0	0	0	Y	N	N	N	N	N	N	N	N	N	N	N	0.0000	0.0000	0.0000	0.0000	0.0000	0.0000	0.0000	0.0000	0.0000	0.0000	0.0000	0.0000	0.0000	0.0000	0.0000	0.0000	0.0000	0.0000	15.3103	29.2393	0.0000	32.7112	31.8673	0.0032	0.0000	0.0000	0.0000	0.0000	-0.0000	-0.4164	1.8240	0.0001	0.8872	0.9161	0.0000	0.0000	0.0000	0.0000	0.0000	0.0000	0.0000	0.0000	0.0000	0.7669	0.7669	0.0000	0.7669	0.7669	0.0000	0.0000	0.0000	0.0000	0.0000	0.0000	0.0000	0.0000	0.0000	0.0000	0.0000	0.0000	0.0000	0.0501	0.0262	0.0239	0.0242	0.0241	0.0001	0.0259	0.0022	0.0237	0.0000	0.0000	0.0000	0.0000	0.0000	0.0000	0.0000	0.0000	0.0000	15.3103	29.2393	0.0000	31.6995	31.8673	0.0032	0.0000	0.0000	0.0000	
53	90	0.1316	8	2	1	1	0	0	0	0	0	Y	N	N	N	N	N	N	N	N	N	N	N	0.0003	0.0003	0.0000	0.0008	0.0008	0.0001	0.0000	0.0018	0.0000	0.0005	0.0006	0.0000	0.0022	0.0023	0.0000	0.0000	0.0000	0.0000	1.5997	1.7492	1.3859	2.8869	2.9328	0.1445	0.8898	0.0004	1.4152	0.0081	0.5541	-0.0000	-0.0225	1.8240	3.7876	0.8872	7.8440	0.0000	0.0000	0.0000	0.0000	0.0000	0.0000	0.0000	0.0000	0.0000	0.1208	0.0777	0.0431	0.0778	0.0777	0.0001	0.0430	0.0000	0.0430	0.0623	0.0556	0.0067	0.0139	0.0135	0.0004	0.0484	0.0422	0.0062	0.0755	0.0444	0.0311	0.0272	0.0265	0.0007	0.0483	0.0179	0.0304	0.0003	0.0003	0.0000	0.0008	0.0008	0.0001	0.0000	0.0018	0.0000	1.5997	1.7492	1.3859	2.8595	2.9328	0.1445	0.8898	0.0004	1.4152
53	91	0.0999	6	1	2	0	1	0	0	0	0	N	Y	N	N	N	N	N	N	N	N	N	N	0.5306	325.8356	0.0000	1.9221	7.2582	0.0000	0.9843	765.8496	0.0000	5.4501	6.9251	0.0000	0.1193	0.1653	0.0000	13.7127	15.4259	0.0000	10.2708	0.0213	49.5903	0.0620	0.0228	1.2290	13.9320	0.0201	39.7741	0.0000	799.0529	-0.2572	0.3855	1.8240	1.8247	0.8872	16.3284	0.6749	0.6749	0.0000	0.0090	0.0090	0.0000	0.6659	0.6659	0.0000	0.8458	0.0011	0.8447	0.0013	0.0005	0.0009	0.8444	0.0006	0.8438	0.1238	0.0975	0.0264	0.0753	0.0543	0.0210	0.0486	0.0432	0.0054	0.0823	0.0497	0.0326	0.0217	0.0209	0.0008	0.0606	0.0288	0.0318	0.5306	325.8356	0.0000	1.9221	7.2582	0.0000	0.9843	765.8496	0.0000	10.2708	0.0213	25.9058	0.0620	0.0228	1.0982	13.9320	0.0201	26.5247
53	92	0.0894	5	1	2	0	0	0	0	0	0	N	Y	N	N	N	N	N	N	N	N	N	N	355.5861	1003.7719	2.8261	752.5456	925.9667	0.0000	7.2324	428.4180	6.1002	0.7375	0.8778	0.0109	1.7853	2.2780	0.0000	0.0144	0.0131	0.0240	0.0021	0.0009	0.0039	0.0024	0.0025	0.0000	0.0020	0.0000	0.0039	0.0024	2.9692	-0.0633	0.0000	1.8240	9.1310	0.8872	16.1726	0.1673	0.1669	0.0004	0.1653	0.1653	0.0000	0.0019	0.0015	0.0004	0.0002	0.0001	0.0002	0.0001	0.0001	0.0000	0.0002	0.0000	0.0002	0.2268	0.1901	0.0367	0.0926	0.0726	0.0200	0.1342	0.1175	0.0167	0.0988	0.0590	0.0398	0.0213	0.0205	0.0008	0.0775	0.0385	0.0390	355.5861	1003.7719	2.8261	752.5456	925.9667	0.0000	7.2324	428.4180	6.1002	0.0021	0.0009	0.0039	0.0024	0.0025	0.0000	0.0020	0.0000	0.0039
53	93	0.1744	11	1	2	0	0	0	0	0	0	N	Y	N	N	N	N	N	N	N	N	N	N	1.1176	0.8210	0.0000	1.9733	1.8760	0.0000	0.3104	1.3230	0.0000	0.0004	0.0004	0.0000	0.0019	0.0020	0.0000	0.0000	0.0000	0.0000	0.0004	0.0005	0.0000	0.0010	0.0011	0.0000	0.0000	0.0000	0.0000	0.0000	0.0016	-0.0000	-0.0000	1.8240	4.0959	0.8872	8.7137	0.0000	0.0000	0.0000	0.0000	0.0000	0.0000	0.0000	0.0000	0.0000	0.0000	0.0000	0.0000	0.0000	0.0000	0.0000	0.0000	0.0000	0.0000	0.0685	0.0609	0.0076	0.0140	0.0137	0.0004	0.0545	0.0472	0.0073	0.0616	0.0401	0.0214	0.0222	0.0206	0.0016	0.0393	0.0195	0.0198	1.1176	0.8210	0.0000	1.9733	1.8760	0.0000	0.3104	1.3230	0.0000	0.0004	0.0005	0.0000	0.0010	0.0011	0.0000	0.0000	0.0000	0.0000
53	94	0.1561	10	1	2	0	0	0	0	0	0	N	Y	N	N	N	N	N	N	N	N	N	N	0.9056	0.9716	0.3203	0.9216	0.9811	0.0000	0.9118	1.1089	0.3747	0.0008	0.0009	0.0003	0.0011	0.0011	0.0000	0.0007	0.0008	0.0003	0.0009	0.0009	0.0009	0.0011	0.0011	0.0016	0.0008	0.0007	0.0008	0.0387	0.5629	-0.0000	-0.0000	1.8240	2.9443	0.8872	6.1524	0.0000	0.0000	0.0000	0.0000	0.0000	0.0000	0.0000	0.0000	0.0000	0.0000	0.0000	0.0000	0.0000	0.0000	0.0000	0.0000	0.0000	0.0000	0.0548	0.0490	0.0058	0.0166	0.0160	0.0006	0.0382	0.0330	0.0052	0.0391	0.0249	0.0142	0.0129	0.0121	0.0007	0.0262	0.0128	0.0134	0.9056	0.9716	0.3203	0.9216	0.9811	0.0000	0.9118	1.1089	0.3747	0.0009	0.0009	0.0009	0.0011	0.0011	0.0016	0.0008	0.0007	0.0008
53	95	0.1537	9	1	1	0	0	0	0	0	0	N	N	N	N	N	N	N	N	N	N	N	N	0.0792	0.0542	1.5941	0.0014	0.0014	0.0000	5.1919	6017.4595	2.1617	0.0011	0.0011	0.0010	0.0000	0.0000	0.0000	0.0015	0.0015	0.0012	0.0133	0.0195	0.0007	0.0329	0.0337	0.0039	0.0003	0.0000	0.0005	0.1137	0.0165	-0.0000	-0.0001	1.8240	0.8596	0.8872	1.2300	0.0000	0.0000	0.0000	0.0000	0.0000	0.0000	0.0000	0.0000	0.0000	0.0002	0.0002	0.0000	0.0002	0.0002	0.0000	0.0000	0.0000	0.0000	0.0161	0.0144	0.0016	0.0049	0.0047	0.0002	0.0112	0.0097	0.0015	0.0159	0.0107	0.0052	0.0064	0.0062	0.0002	0.0096	0.0045	0.0050	0.0792	0.0542	1.5941	0.0014	0.0014	0.0000	5.1919	6017.4595	2.1617	0.0133	0.0195	0.0007	0.0329	0.0337	0.0039	0.0003	0.0000	0.0005
53	96	0.1418	8	1	1	0	0	0	0	0	0	N	N	N	N	N	N	N	N	N	N	N	N	0.0176	0.0111	1.3200	0.0007	0.0007	0.0000	4.2811	9479.0690	1.4780	0.0056	0.0058	0.0036	0.0005	0.0005	0.0000	0.0077	0.0083	0.0041	0.3158	0.5206	0.0027	0.7639	0.7819	0.0027	0.0018	0.0000	0.0027	0.0718	0.0034	-0.0001	-0.0092	1.8240	3.7737	0.8872	2.5241	0.0004	0.0004	0.0000	0.0000	0.0000	0.0000	0.0004	0.0004	0.0000	0.0170	0.0170	0.0001	0.0170	0.0170	0.0000	0.0001	0.0000	0.0001	0.0797	0.0715	0.0082	0.0239	0.0230	0.0009	0.0558	0.0485	0.0073	0.0539	0.0326	0.0213	0.0222	0.0217	0.0005	0.0317	0.0109	0.0208	0.0176	0.0111	1.3200	0.0007	0.0007	0.0000	4.2811	9479.0690	1.4780	0.3158	0.5206	0.0027	0.7639	0.7819	0.0027	0.0018	0.0000	0.0027
53	97	0.1209	7	1	1	0	0	0	0	0	0	N	N	N	N	N	N	N	N	N	N	N	N	0.4538	0.3227	0.6827	0.5888	0.5998	0.3884	0.5128	242.5812	0.7455	0.0559	0.0631	0.0016	0.2482	0.2650	0.0002	0.0006	0.0005	0.0018	0.1232	0.1954	0.0024	0.4216	0.4417	0.0004	0.0013	0.0000	0.0025	0.0034	0.0073	-0.0023	-0.0034	1.8240	6.4922	0.8872	4.5502	0.0061	0.0060	0.0000	0.0060	0.0060	0.0000	0.0001	0.0000	0.0000	0.0064	0.0063	0.0000	0.0063	0.0063	0.0000	0.0000	0.0000	0.0000	0.1085	0.0959	0.0126	0.0242	0.0227	0.0015	0.0842	0.0732	0.0111	0.0519	0.0325	0.0194	0.0151	0.0144	0.0007	0.0368	0.0181	0.0187	0.4538	0.3227	0.6827	0.5888	0.5998	0.3884	0.5128	242.5812	0.7455	0.1232	0.1954	0.0024	0.4216	0.4417	0.0004	0.0013	0.0000	0.0025
53	98	0.1316	8	1	2	0	0	0	0	0	0	N	Y	N	N	N	N	N	N	N	N	N	N	0.0010	1983.2712	0.0001	0.5550	4082.3094	0.0002	0.0000	inf	0.0001	0.0006	0.0006	0.0001	0.0022	0.0023	0.0000	0.0000	0.0000	0.0001	0.5816	0.0000	1.4247	0.0040	0.0000	0.1402	0.8951	0.0000	1.4568	0.0178	3057664.6666	-0.0000	0.0218	1.8240	1.3608	0.8872	12.1483	0.0000	0.0000	0.0000	0.0000	0.0000	0.0000	0.0000	0.0000	0.0000	0.0477	0.0000	0.0477	0.0001	0.0000	0.0001	0.0476	0.0000	0.0476	0.0243	0.0219	0.0025	0.0063	0.0061	0.0002	0.0180	0.0157	0.0023	0.0820	0.0485	0.0335	0.0289	0.0280	0.0008	0.0532	0.0205	0.0327	0.0010	1983.2712	0.0001	0.5550	4082.3094	0.0002	0.0000	inf	0.0001	0.5816	0.0000	1.4247	0.0040	0.0000	0.1402	0.8951	0.0000	1.4568
53	99	0.1279	7	1	1	0	0	0	0	0	0	N	N	N	N	N	N	N	N	N	N	N	N	0.0006	0.0007	0.0004	0.0020	0.0021	0.0002	0.0001	0.0011	0.0004	0.0013	0.0014	0.0009	0.0046	0.0049	0.0002	0.0001	0.0000	0.0010	2.1733	1.9487	2.4383	2.3489	2.3659	0.8988	2.0295	0.0011	2.4559	0.0863	1.0605	-0.0000	-0.0026	1.8240	1.5300	0.8872	0.7696	0.0000	0.0000	0.0000	0.0000	0.0000	0.0000	0.0000	0.0000	0.0000	0.0925	0.0449	0.0476	0.0450	0.0449	0.0001	0.0475	0.0000	0.0475	0.0290	0.0257	0.0033	0.0078	0.0073	0.0004	0.0213	0.0184	0.0029	0.0425	0.0230	0.0195	0.0192	0.0190	0.0002	0.0234	0.0041	0.0193	0.0006	0.0007	0.0004	0.0020	0.0021	0.0002	0.0001	0.0011	0.0004	2.1733	1.9487	2.4383	2.3489	2.3659	0.6598	2.0295	0.0011	2.4559
53	100	0.1191	6	1	1	0	0	0	0	0	0	N	N	N	N	N	N	N	N	N	N	N	N	0.0006	0.0004	0.0026	0.0004	0.0004	0.0003	0.0023	6.5624	0.0027	0.0011	0.0010	0.0016	0.0019	0.0020	0.0000	0.0009	0.0007	0.0017	1.8630	2.7367	0.6044	5.4299	4.8663	0.0640	0.3772	0.0001	0.6195	0.1915	0.1533	-0.0000	-0.0236	1.8240	3.6906	0.8872	1.4800	0.0001	0.0001	0.0000	0.0000	0.0000	0.0000	0.0000	0.0000	0.0000	0.0576	0.0499	0.0077	0.0500	0.0499	0.0000	0.0076	0.0000	0.0076	0.0594	0.0529	0.0065	0.0124	0.0120	0.0004	0.0470	0.0408	0.0061	0.0309	0.0182	0.0127	0.0107	0.0103	0.0003	0.0202	0.0079	0.0123	0.0006	0.0004	0.0026	0.0004	0.0004	0.0003	0.0023	6.5624	0.0027	1.8630	2.7367	0.6044	4.6816	4.8357	0.0640	0.3772	0.0001	0.6195
53	101	0.1191	5	1	1	0	0	0	0	0	0	N	N	N	N	N	N	N	N	N	N	N	N	0.0005	0.0003	0.0023	0.0006	0.0006	0.0019	0.0004	0.0235	0.0024	0.0006	0.0003	0.0031	0.0009	0.0009	0.0005	0.0004	0.0000	0.0032	1.2510	1.1581	1.3601	1.3571	1.3735	0.2636	1.1598	0.0001	1.3766	0.9824	1.0000	0.0000	-0.0007	1.8240	0.1361	0.8872	0.4500	0.0000	0.0000	0.0000	0.0000	0.0000	0.0000	0.0000	0.0000	0.0000	0.0161	0.0081	0.0081	0.0081	0.0081	0.0000	0.0080	0.0000	0.0080	0.0037	0.0034	0.0003	0.0012	0.0012	0.0000	0.0025	0.0022	0.0003	0.0129	0.0070	0.0059	0.0060	0.0059	0.0001	0.0069	0.0011	0.0058	0.0005	0.0003	0.0023	0.0006	0.0006	0.0019	0.0004	0.0235	0.0024	1.2510	1.1581	1.3601	1.3571	1.3735	0.2636	1.1598	0.0001	1.3766
53	102	0.1032	4	1	1	0	0	0	0	0	0	N	N	N	N	N	N	N	N	N	N	N	N	0.0367	0.0943	0.0064	0.1098	0.1271	0.0001	0.0109	193.1214	0.0087	0.0215	0.0235	0.0067	0.0497	0.0549	0.0002	0.0071	0.0069	0.0091	0.5856	0.2496	1.0517	0.4529	0.4322	1.5548	0.6550	0.0000	1.0459	0.0390	3.0388	-0.0005	0.0067	1.8240	3.5591	0.8872	4.5341	0.0015	0.0014	0.0001	0.0012	0.0012	0.0000	0.0003	0.0003	0.0001	0.0319	0.0079	0.0240	0.0085	0.0079	0.0006	0.0234	0.0000	0.0234	0.0696	0.0612	0.0084	0.0235	0.0212	0.0022	0.0462	0.0400	0.0062	0.0544	0.0316	0.0228	0.0187	0.0183	0.0004	0.0357	0.0134	0.0224	0.0367	0.0943	0.0064	0.1098	0.1271	0.0001	0.0109	193.1214	0.0087	0.5856	0.2496	1.0517	0.4529	0.4322	1.3628	0.6550	0.0000	1.0459
53	103	0.0815	3	1	1	0	0	0	0	0	0	N	N	N	N	N	N	N	N	N	N	N	N	0.0763	57.9997	0.0002	24.0569	147.9192	0.0001	0.0024	1.5836	0.0007	1.2277	1.5338	0.0153	2.1523	2.9381	0.0004	0.0501	0.0490	0.0583	16.0927	0.0264	79.6144	0.0895	0.0199	3.9217	21.2745	0.0309	78.5161	0.0025	1040.6795	-0.0656	0.3734	1.8240	2.8937	0.8872	8.0733	0.1732	0.1727	0.0004	0.1701	0.1700	0.0000	0.0031	0.0027	0.0004	0.8187	0.0008	0.8179	0.0011	0.0002	0.0009	0.8176	0.0005	0.8170	0.1410	0.1126	0.0284	0.0790	0.0579	0.0211	0.0620	0.0547	0.0073	0.0509	0.0297	0.0212	0.0124	0.0121	0.0004	0.0384	0.0177	0.0208	0.0763	57.9997	0.0004	24.0569	147.9192	0.0002	0.0024	1.5836	0.0015	16.0927	0.0264	38.6632	0.0895	0.0199	2.2200	21.2745	0.0309	39.3542
53	104	0.1759	9	1	2	0	0	0	0	0	0	N	Y	N	N	N	N	N	N	N	N	N	N	115.2711	126.6959	0.0000	5.2806	6.0981	0.0000	157.2253	144.4651	0.0000	0.4527	0.5437	0.0000	0.0098	0.0119	0.0000	0.9401	1.1208	0.0000	0.0039	0.0043	0.0029	0.0019	0.0019	0.0012	0.0060	0.0078	0.0034	0.0000	0.2450	-0.0002	-0.0000	1.8240	0.0277	0.8872	1.3445	0.0005	0.0005	0.0000	0.0000	0.0000	0.0000	0.0005	0.0005	0.0000	0.0000	0.0000	0.0000	0.0000	0.0000	0.0000	0.0000	0.0000	0.0000	0.0011	0.0009	0.0002	0.0006	0.0005	0.0001	0.0005	0.0004	0.0001	0.0116	0.0085	0.0031	0.0058	0.0051	0.0007	0.0058	0.0034	0.0024	115.2711	126.6959	0.0000	5.2806	6.0981	0.0000	157.2253	144.4651	0.0000	0.0039	0.0043	0.0029	0.0019	0.0019	0.0012	0.0060	0.0078	0.0034
53	105	0.1292	8	1	2	0	0	0	0	0	0	N	Y	N	N	N	N	N	N	N	N	N	N	1072.2721	963.7783	0.0000	64.6202	70.2202	0.0000	1343.3108	1045.3122	0.0000	9.2117	10.4430	0.0000	0.4644	0.5040	0.0000	12.2826	14.1463	0.0000	0.0086	0.0108	0.0048	0.0072	0.0072	0.0074	0.0091	0.0135	0.0047	0.0000	0.2590	-0.3177	-0.0003	1.8240	5.1414	0.8872	16.4151	0.8337	0.8337	0.0000	0.0109	0.0109	0.0000	0.8228	0.8228	0.0000	0.0008	0.0006	0.0002	0.0002	0.0002	0.0000	0.0006	0.0004	0.0001	0.0905	0.0798	0.0107	0.0235	0.0217	0.0018	0.0670	0.0582	0.0088	0.0877	0.0552	0.0325	0.0248	0.0234	0.0013	0.0629	0.0318	0.0311	1072.2721	963.7783	0.0000	64.6202	70.2202	0.0000	1343.3108	1045.3122	0.0000	0.0086	0.0108	0.0048	0.0072	0.0072	0.0074	0.0091	0.0135	0.0047
53	106	0.1209	7	1	1	0	0	0	0	0	0	N	N	N	N	N	N	N	N	N	N	N	N	35.7190	48.9490	0.1403	44.8659	47.2639	0.0740	33.0991	96.6137	0.1600	0.2007	0.2278	0.0010	0.3350	0.3637	0.0001	0.1578	0.1816	0.0012	0.0056	0.0047	0.0073	0.0075	0.0077	0.0015	0.0048	0.0019	0.0075	0.0006	0.8931	-0.0052	-0.0000	1.8240	3.8974	0.8872	1.6364	0.0138	0.0138	0.0000	0.0056	0.0056	0.0000	0.0082	0.0082	0.0000	0.0002	0.0001	0.0001	0.0001	0.0001	0.0000	0.0001	0.0000	0.0001	0.0686	0.0605	0.0082	0.0166	0.0153	0.0013	0.0520	0.0451	0.0069	0.0303	0.0193	0.0110	0.0096	0.0092	0.0004	0.0207	0.0101	0.0106	35.7190	48.9490	0.1403	44.8659	47.2639	0.0740	33.0991	96.6137	0.1600	0.0056	0.0047	0.0073	0.0075	0.0077	0.0015	0.0048	0.0019	0.0075
53	107	0.0999	6	1	1	0	0	0	0	0	0	N	N	N	N	N	N	N	N	N	N	N	N	17.6064	14.4088	0.0001	7.2811	10.0079	0.0000	43.0579	319.9496	0.0009	1.6757	2.1945	0.0000	2.3119	3.2826	0.0000	0.1909	0.2116	0.0000	0.0952	0.1523	0.0075	0.3175	0.3280	0.0026	0.0044	0.0007	0.0076	0.0000	0.0321	-0.0653	-0.0026	1.8240	0.3701	0.8872	9.6236	0.1714	0.1714	0.0000	0.1656	0.1656	0.0000	0.0059	0.0059	0.0000	0.0050	0.0048	0.0002	0.0048	0.0048	0.0000	0.0002	0.0000	0.0002	0.1023	0.0781	0.0242	0.0716	0.0504	0.0212	0.0307	0.0277	0.0030	0.0524	0.0317	0.0207	0.0152	0.0147	0.0005	0.0372	0.0170	0.0202	17.6064	14.4088	0.0001	7.2811	10.0079	0.0000	43.0579	319.9496	0.0009	0.0952	0.1523	0.0075	0.3175	0.3280	0.0026	0.0044	0.0007	0.0076
53	108	0.0894	5	1	1	0	0	0	0	0	0	N	N	N	N	N	N	N	N	N	N	N	N	11.2227	224.1855	0.0000	375.2249	598.0197	0.0000	14.0940	215.6174	0.0000	2.5991	3.3957	0.0000	1.8707	2.6504	0.0000	4.2662	4.7312	0.0000	0.2316	0.0151	0.5509	0.0050	0.0044	0.0220	0.3027	0.0219	0.5610	0.0000	24.6543	-0.1023	0.0024	1.8240	0.4415	0.8872	4.8853	0.2683	0.2683	0.0000	0.1344	0.1344	0.0000	0.1339	0.1339	0.0000	0.0057	0.0002	0.0055	0.0000	0.0000	0.0000	0.0057	0.0002	0.0055	0.1032	0.0790	0.0242	0.0718	0.0507	0.0211	0.0314	0.0283	0.0031	0.0245	0.0146	0.0099	0.0059	0.0057	0.0002	0.0187	0.0090	0.0097	11.2227	224.1855	0.0000	375.2249	598.0197	0.0000	14.0940	215.6174	0.0000	0.2316	0.0151	0.5509	0.0050	0.0044	0.0220	0.3027	0.0219	0.5610
53	109	0.1118	4	2	2	0	1	0	0	0	0	Y	Y	N	N	N	N	N	N	N	N	N	N	0.0000	0.0000	0.0000	0.0000	0.0000	0.0000	0.0000	0.0000	0.0000	0.0000	0.0000	0.0000	0.0000	0.0000	0.0000	0.0000	0.0000	0.0000	0.0000	0.0000	1.8240	0.0000	0.8872	0.0000	0.0000	0.0000	0.0000	0.0000	0.0000	0.0000	0.0000	0.0000	0.0000	0.0000	0.0000	0.0000	0.0000	0.0000	0.0000	0.0000	0.0000	0.0000	0.0000	0.0000	0.0000	0.0000	0.0000	0.0000	0.0000	0.0000	0.0000	0.0000	0.0000	0.0000	0.0000	0.0000	0.0000	0.0000	0.0000	0.0000	0.0000	0.0000	0.0000	0.0000	0.0000	0.0000	0.0000	0.0000	0.0000	0.0000	0.0000	0.0000	0.0000	0.0000	0.0000	0.0000	0.0000	0.0000											
53	110	0.0969	3	2	2	0	1	0	0	0	0	Y	Y	N	N	N	N	N	N	N	N	N	N	0.0000	0.0000	0.0000	0.0000	0.0000	0.0000	0.0000	0.0000	0.0000	0.0000	0.0000	0.0000	0.0000	0.0000	0.0000	0.0000	0.0000	0.0017	0.0001	0.0041	0.0071	0.0004	0.1463	0.0000	0.0000	0.0000	19.0981	0.0000	0.0000	1.8240	0.0000	0.8872	7.1240	0.0000	0.0000	0.0000	0.0000	0.0000	0.0000	0.0000	0.0000	0.0000	0.0001	0.0000	0.0000	0.0001	0.0000	0.0000	0.0000	0.0000	0.0000	0.0000	0.0000	0.0000	0.0000	0.0000	0.0000	0.0000	0.0000	0.0000	0.0304	0.0183	0.0122	0.0074	0.0071	0.0003	0.0230	0.0112	0.0118	0.0000	0.0000	0.0000	0.0000	0.0000	0.0000	0.0000	0.0000	0.0000	0.0017	0.0001	0.0041	0.0071	0.0004	0.1463	0.0000	0.0000	0.0000		
53	111	0.1058	5	1	2	0	1	0	0	0	0	N	Y	N	N	N	N	N	N	N	N	N	N	0.0000	0.0000	0.0000	0.0000	0.0000	0.0000	0.0000	0.0000	0.0000	0.0000	0.0000	0.0000	0.0000	0.0000	0.0000	0.0000	0.0000	0.0000	0.0000	0.0000	0.0000	0.0000	0.0000	0.0000	0.0000	0.0727	0.0000	-0.0000	1.8240	0.0016	0.8872	5.0076	0.0000	0.0000	0.0000	0.0000	0.0000	0.0000	0.0000	0.0000	0.0000	0.0000	0.0000	0.0000	0.0000	0.0000	0.0000	0.0000	0.0000	0.0000	0.0001	0.0001	0.0000	0.0000	0.0000	0.0000	0.0000	0.0000	0.0000	0.0209	0.0128	0.0081	0.0056	0.0052	0.0005	0.0153	0.0076	0.0077	0.0000	0.0000	0.0000	0.0000	0.0000	0.0000	0.0000	0.0000	0.0000	0.0000	0.0000	0.0000	0.0000	0.0000	0.0000	0.0000	0.0000	0.0000			
53	112	0.0990	4	1	2	0	1	0	0	0	0	N	Y	N	N	N	N	N	N	N	N	N	N	0.0000	0.0000	0.0000	0.0000	0.0000	0.0000	0.0000	0.0000	0.0000	0.0000	0.0000	0.0000	0.0000	0.0000	0.0000	0.0000	0.0002	0.0003	0.0000	0.0006	0.0007	0.0000	0.0000	0.0000	0.0000	0.0070	0.0000	-0.0000	1.8240	1.0012	0.8872	2.1373	0.0000	0.0000	0.0000	0.0000	0.0000	0.0000	0.0000	0.0000	0.0000	0.0000	0.0000	0.0000	0.0000	0.0000	0.0000	0.0000	0.0000	0.0000	0.0164	0.0145	0.0019	0.0057	0.0053	0.0004	0.0107	0.0092	0.0015	0.0146	0.0087	0.0058	0.0040	0.0038	0.0002	0.0105	0.0049	0.0056	0.0000	0.0000	0.0000	0.0000	0.0000	0.0000	0.0000	0.0000	0.0000	0.0002	0.0003	0.0000	0.0006	0.0007	0.0000	0.0000	0.0000	0.0000			
53	113	0.1073	4	1	2	0	0	0	0	0	0	N	Y	N	N	N	N	N	N	N	N	N	N	0.0000	0.0000	0.0000	0.0000	0.0000	0.0000	0.0000	0.0000	0.0000	0.0000	0.0000	0.0000	0.0000	0.0000	0.0000	0.0000	0.0000	0.6256	1.0953	0.0000	1.8553	1.9062	0.0000	0.0000	0.0000	0.0000	0.0000	0.0000	-0.0126	1.8240	0.9705	0.8872	5.0371	0.0000	0.0000	0.0000	0.0000	0.0000	0.0000	0.0000	0.0000	0.0000	0.0233	0.0233	0.0000	0.0233	0.0233	0.0000	0.0000	0.0000	0.0000	0.0181	0.0161	0.0020	0.0069	0.0065	0.0005	0.0112	0.0096	0.0016	0.0372	0.0212	0.0159	0.0125	0.0122	0.0003	0.0246	0.0090	0.0156	0.0000	0.0000	0.0000	0.0000	0.0000	0.0000	0.0000	0.0000	0.0000	0.6256	1.0953	0.0000	1.8553	1.9062	0.0000	0.0000	0.0000	0.0000		
53	114	0.0990	4	1	1	1	1	0	0	0	0	N	N	N	N	N	N	N	N	N	N	N	N	0.0000	0.0000	0.0000	0.0000	0.0000	0.0000	0.0000	0.0000	0.0000	0.0000	0.0000	0.0000	0.0000	0.0004	0.0007	0.0000	0.0013	0.0014	0.0000	0.0000	0.0000	0.0000	0.0000	0.0000	-0.0000	1.8240	0.0000	0.8872	1.1303	0.0000	0.0000	0.0000	0.0000	0.0000	0.0000	0.0000	0.0000	0.0000	0.0000	0.0000	0.0000	0.0000	0.0000	0.0000	0.0000	0.0000	0.0000	0.0000	0.0000	0.0000	0.0000	0.0000	0.0000	0.0000	0.0000	0.0000	0.0063	0.0037	0.0026	0.0020	0.0019	0.0001	0.0043	0.0018	0.0025	0.0000	0.0000	0.0000	0.0000	0.0000	0.0000	0.0000	0.0000	0.0000	0.0004	0.0007	0.0000	0.0013	0.0014	0.0000	0.0000	0.0000	0.0000						
53	115	0.0969	3	1	1	0	1	0	0	0	0	N	N	N	N	N	N	N	N	N	N	N	N	0.0000	0.0000	0.0000	0.0000	0.0000	0.0000	0.0000	0.0000	0.0000	0.0000	0.0000	0.0000	0.0000	0.0000	0.0000	0.0000	0.0000	0.0021	0.0031	0.0008	0.0061	0.0063	0.0000	0.0005	0.0000	0.0008	0.1842	0.0000	-0.0000	1.8240	0.0000	0.8872	1.2340	0.0000	0.0000	0.0000	0.0000	0.0000	0.0000	0.0000	0.0000	0.0000	0.0000	0.0000	0.0000	0.0000	0.0000	0.0000	0.0000	0.0000	0.0000	0.0000	0.0000	0.0000	0.0000	0.0000	0.0000	0.0000	0.0000	0.0000	0.0068	0.0040	0.0028	0.0020	0.0019	0.0001	0.0048	0.0021	0.0027	0.0000	0.0000	0.0000	0.0000	0.0000	0.0000	0.0000	0.0000	0.0000	0.0021	0.0031	0.0008	0.0061	0.0063	0.0000	0.0005	0.0000	0.0008		
53	116	0.1044	4	1	1	1	1	0	0	0	0	N	N	N	N	N	N	N	N	N	N	N	N	7179.4337	4942.9783	4071.7361	3899.8225	inf	inf	0.0070	0.0078	0.0000	0.0146	0.0155	0.0000	0.0001	0.0001	0.0000	0.0000	0.0000	0.0000	0.0000	0.0000	0.0000	0.0000	0.0000	0.0000	0.0000	0.0000	-0.0001	-0.0000	1.8240	0.9725	0.8872	0.9874	0.0001	0.0001	0.0000	0.0001	0.0001	0.0000	0.0000	0.0000	0.0000	0.0000	0.0000	0.0000	0.0000	0.0000	0.0000	0.0000	0.0000	0.0000	0.0205	0.0184	0.0021	0.0097	0.0091	0.0006	0.0108	0.0093	0.0015	0.0085	0.0053	0.0033	0.0022	0.0021	0.0001	0.0063	0.0032	0.0031	7179.4337	4942.9783	0.0000	4071.7361	3899.8225	0.0000	inf	inf	0.0000	0.0000	0.0000	0.0000	0.0000	0.0000	0.0000	0.0000	0.0000	0.0000			
53	117	0.1044	4	1	1	1	1	0	0	0	0	N	N	N	N	N	N	N	N	N	N	N	N	123392.9349	114142.7289	0.0000	86394.9598	79480.1265	5419.2376	inf	0.0000	0.0840	0.0908	0.0000	0.1593	0.1629	0.0000	0.0016	0.0018	0.0000	0.0000	0.0000	0.0000	0.0000	0.0000	0.0000	0.0000	0.0000	0.0000	0.0000	0.3976	-0.0001	-0.0000	1.8240	0.0285	0.8872	4.0215	0.0001	0.0001	0.0000	0.0001	0.0001	0.0000	0.0000	0.0000	0.0000	0.0000	0.0000	0.0000	0.0000	0.0000	0.0000	0.0000	0.0000	0.0000	0.0017	0.0016	0.0001	0.0009	0.0009	0.0000	0.0008	0.0007	0.0001	0.0170	0.0104	0.0066	0.0043	0.0040	0.0002	0.0128	0.0064	0.0064	123392.9349	114142.7289	0.0000	86394.9598	79480.1265	0.0000	5419.2376	inf	0.0000	0.0000	0.0000	0.0000	0.0000	0.0000	0.0000	0.0000	0.0000	0.0000	
53	118	0.0969	3	1	1	1	1	0	0	0	0	N	N	N	N	N	N	N	N	N	N	N	N	147854.2146	100567.5264	0.0000	106466.2888	109852.0039	425500.0200	857742.7338	0.0000	17.1626	19.4384	0.0000	49.4583	53.3939	0.0000	0.2333	0.2712	0.0000	0.0001	0.0002	0.0000	0.0005	0.0005	0.0000	0.0000	0.0000	0.0000	0.0000	0.0027	-0.3204	-0.0000	1.8240	3.0275	0.8872	2.1573	0.8409	0.8409	0.0000	0.8334	0.8334	0.0000	0.0075	0.0075	0.0000	0.0000	0.0000	0.0000	0.0000	0.0000	0.0000	0.0000	0.0000	0.0000	0.0490	0.0433	0.0057	0.0169	0.0156	0.0012	0.0321	0.0277	0.0045	0.0228	0.0136	0.0091	0.0057	0.0054	0.0003	0.0171	0.0082	0.0089	147854.2146	100567.5264	0.0000	106466.2888	109852.0039	0.0000	425500.0200	857742.7338	0.0000	0.0001	0.0002	0.0000	0.0005	0.0005	0.0000	0.0000	0.0000	0.0000	
53	121	0.0964	4	1	2	0	0	0	0	0	0	N	Y	N	N	N	N	N	N	N	N	N	N	11.1826	10.2015	0.0000	0.3391	0.3757	0.0000	394.4901	266.4189	0.0000	1.9692	2.5705	0.0000	0.1139	0.1600	0.0000	6.6439	7.3619	0.0000	0.1761	0.2520	0.0000	0.3359	0.4259	0.0000	0.0168	0.0276	0.0000	0.0000	0.0000	-0.1048	-0.0053	1.8240	0.3548	0.8872	4.6068	0.2750	0.2750	0.0000	0.0114	0.0114	0.0000	0.2636	0.2636	0.0000	0.0097	0.0097	0.0000	0.0092	0.0092	0.0000	0.0005	0.0005	0.0000	0.1397	0.1070	0.0327	0.1000	0.0712	0.0288	0.0397	0.0358	0.0039	0.0550	0.0385	0.0166	0.0275	0.0217	0.0058	0.0276	0.0168	0.0108	11.1826	10.2015	0.0000	0.3391	0.3757	0.0000	394.4901	266.4189	0.0000	0.1761	0.2520	0.0000	0.3359	0.4259	0.0000	0.0168	0.0276	0.0000
53	122	0.0815	3	1	2	0	0	0	0	0	0	N	Y	N	N	N	N	N	N	N	N	N	N	6.9742	5.2111	1.1952	0.3535	0.4757	0.0262	1989.2283	6822.1908	5.9964	4.1458	5.2829	0.0112	0.8032	1.1145	0.0029	9.4707	10.6733	0.0440	0.5944	1.0138	0.0094	2.2720	2.3427	0.1118	0.0048	0.0016	0.0073	0.0006	0.0067	-0.1954	-0.0118	1.8240	1.6911	0.8872	5.7022	0.5134	0.5131	0.0003	0.0611	0.0610	0.0001	0.4523	0.4521	0.0002	0.0219	0.0218	0.0001	0.0218	0.0218	0.0000	0.0001	0.0000	0.0001	0.1238	0.0971	0.0267	0.0761	0.0548	0.0213	0.0478	0.0424	0.0054	0.0369	0.0215	0.0154	0.0096	0.0093	0.0003	0.0273	0.0122	0.0151	6.9742	5.2111	1.1952	0.3535	0.4757	0.0262	1989.2283	6822.1908	5.9964	0.5944	1.0138	0.0094	2.2720	2.3427	0.1118	0.0048	0.0016	0.0073
53	123	0.0712	2	1	1	0	0	0	0	0	0	N	N	N	N	N	N	N	N	N	N	N	N	4.9514	15.7773	0.0011	4.5863	6.0710	0.0023	5.8502	174.9125	0.0044	1.9734	2.4623	0.0008	1.6781	2.2707	0.0001	2.3906	2.6873	0.0033	0.3986	0.1561	0.7420	0.3659	0.3740	0.0419	0.4086	0.0154	0.7519	0.0001	3.3567	-0.1038	0.0022	1.8240	2.0929	0.8872	3.1856	0.2724	0.2723	0.0000	0.1356	0.1356	0.0000	0.1368	0.1367	0.0000	0.0099	0.0023	0.0076	0.0021	0.0021	0.0000	0.0077	0.0001	0.0076	0.1380	0.1106	0.0274	0.0808	0.0597	0.0211	0.0572	0.0509	0.0063	0.0248	0.0145	0.0102	0.0058	0.0057	0.0001	0.0189	0.0088	0.0101	4.9514	15.7773	0.0011	4.5863	6.0710	0.0023	5.8502	174.9125	0.0044	0.3986	0.1561	0.7420	0.3659	0.3740	0.0419	0.4086	0.0154	0.7519
53	124	0.1119	5	2	2	0	0	0	0	0	0	Y	Y	N	N	N	N	N	N	N	N	N	N	0.0000	0.0000	0.0000	0.0000	0.0000	0.0000	0.0000	0.0000	0.0000	0.0000	0.0000	0.0000	0.0000	0.0000	0.0000	0.0000	0.0000	0.0000	0.0000	0.0000	1.8240	0.0000	0.8872	0.0000	0.0000	0.0000	0.0000	0.0000	0.0000	0.0000	0.0000	0.0000	0.0000	0.0000	0.0000	0.0000	0.0000	0.0000	0.0000	0.0000	0.0000	0.0000	0.0000	0.0000	0.0000	0.0000	0.0000	0.0000	0.0000	0.0000	0.0000	0.0000	0.0000	0.0000	0.0000	0.0000	0.0000	0.0000	0.0000	0.0000	0.0000	0.0000	0.0000	0.0000	0.0000	0.0000	0.0000	0.0000	0.0000	0.0000	0.0000	0.0000	0.0000	0.0000	0.0000	0.0000	0.0000	0.0000											
53	125	0.1073	4	2	2	0	0	0	0	0	0	Y	Y	N	N	N	N	N	N	N	N	N	N	0.0000	0.0000	0.0000	0.0000	0.0000	0.0000	0.0000	0.0000	0.0000	0.0000	0.0000	0.0000	0.0000	0.0000	0.0000	0.0000	0.0000	36.5077	0.0000	189.5927	0.0852	0.0000	23.0208	61.2830	0.0000	179.3109	413013909.5808	0.0000	0.3775	1.8240	0.1434	0.8872	1.9839	0.0000	0.0000	0.0000	0.0000	0.0000	0.0000	0.0000	0.0000	0.0000	0.8260	0.0000	0.8260	0.0008	0.0000	0.0008	0.8252	0.0000	0.8252	0.0046	0.0041	0.0004	0.0022	0.0021	0.0001	0.0024	0.0021	0.0003	0.0226	0.0124	0.0102	0.0092	0.0090	0.0001	0.0135	0.0034	0.0100	0.0000	0.0000	0.0000	0.0000	0.0000	0.0000	0.0000	0.0000	0.0000	36.5077	0.0000	81.1177	0.0852	0.0000	5.4145	61.2830	0.0000	82.2044		
53	126	0.0969	3	1	2	0	0	0	0	0	0	N	Y	N	N	N	N	N	N	N	N	N	N	0.0000	0.0000	0.0000	0.0000	0.0000	0.0000	0.0000	0.0000	0.0000	0.0000	0.0000	0.0000	0.0000	0.0000	0.0000	0.0000	0.0000	0.0000	1.0952	0.0094	2.7152	0.0035	0.0000	0.0793	1.4600	0.0156	2.7894	194.5727	0.0000	0.0105	1.8240	1.8882	0.8872	2.9115	0.0000	0.0000	0.0000	0.0000	0.0000	0.0000	0.0000	0.0000	0.0000	0.0233	0.0001	0.0231	0.0000	0.0000	0.0000	0.0232	0.0001	0.0231	0.0308	0.0272	0.0036	0.0106	0.0098	0.0008	0.0202	0.0173	0.0028	0.0212	0.0127	0.0085	0.0053	0.0051	0.0002	0.0159	0.0076	0.0083	0.0000	0.0000	0.0000	0.0000	0.0000	0.0000	0.0000	0.0000	0.0000	1.0952	0.0094	2.7152	0.0035	0.0000	0.0793	1.4600	0.0156	2.7894	
53	127	0.0712	2	1	1	0	0	0	0	0	0	N	N	N	N	N	N	N	N	N	N	N	N	85.8525	77.0531	0.0000	0.4956	0.6675	0.0000	864.4002	20636483.5706	0.0000	4.2246	5.1892	0.0000	0.0934	0.1242	0.0000	8.8741	10.0360	0.0000	0.0492	0.0673	0.0234	0.1885	0.1861	0.2722	0.0103	0.0000	0.0197	0.0000	0.2444	-0.2559	-0.0009	1.8240	3.5543	0.8872	9.0319	0.6714	0.6714	0.0000	0.0079	0.0079	0.0000	0.6636	0.6636	0.0000	0.0026	0.0021	0.0005	0.0022	0.0021	0.0001	0.0004	0.0000	0.0004	0.1589	0.1294	0.0295	0.0842	0.0633	0.0209	0.0748	0.0661	0.0087	0.0538	0.0316	0.0222	0.0118	0.0114	0.0003	0.0420	0.0201	0.0219	85.8525	77.0531	0.0000	0.4956	0.6675	0.0000	864.4002	20636483.5706	0.0000	0.0492	0.0673	0.0234	0.1885	0.1861	0.2722	0.0103	0.0000	0.0197
54	59	0.2466	22	0	2	1	1	0	0	0	0	N	Y	N	N	N	N	N	N	N	N	N	N	0.0000	0.0000	0.0000	0.0000	0.0000	0.0000	0.0000	0.0000	0.0000	0.0000	0.0000	0.0000	0.0000	0.0000	0.0000	0.0000	0.0000	0.0000	0.0000	0.0000	0.0000	0.0000	inf	0.0000	0.0000	0.0007	0.9979	4.7762	4.0614	0.0000	0.0000	0.0000	0.0000	0.0000	0.0000	0.0000	0.0000	0.0000	0.0000	0.0000	0.0000	0.0000	0.0000	0.0000	0.0000	0.0000	0.0000	0.0000	0.0000	0.0000	0.0000	0.0000	0.0000	0.0000	0.0000	0.0000	0.0318	0.0211	0.0108	0.0102	0.0094	0.0007	0.0217	0.0116	0.0101	0.0000	0.0000	0.0000	0.0000	0.0000	0.0000	0.0000	0.0000	0.0000	0.0000	0.0000	0.0000	0.0000	0.0000	0.0000	0.0000	0.0000	0.0000						
54	60	0.2381	21	0	2	0	1	0	0	0	0	N	Y	N	N	N	N	N	N	N	N	N	N	0.0000	0.0000	0.0000	0.0000	0.0000	0.0000	0.0000	0.0000	0.0000	0.0000	0.0000	0.0000	0.0000	0.0000	0.0000	0.0000	0.0000	0.0000	0.0000	0.0000	0.0000	0.0000	0.0000	0.0000	0.0000	11.4413	0.0000	0.0000	0.0007	2.2356	4.7762	2.2044	0.0000	0.0000	0.0000	0.0000	0.0000	0.0000	0.0000	0.0000	0.0000	0.0000	0.0000	0.0000	0.0000	0.0000	0.0000	0.0000	0.0000	0.0000	0.0000	0.0000	0.0000	0.0000	0.0000	0.0000	0.0000	0.0000	0.0000	0.0272	0.0177	0.0095	0.0083	0.0077	0.0006	0.0188	0.0100	0.0089	0.0000	0.0000	0.0000	0.0000	0.0000	0.0000	0.0000	0.0000	0.0000	0.0000	0.0000	0.0000	0.0000	0.0000	0.0000	0.0000	0.0000	0.0000			
54	61	0.2175	19	1	1	1	1	0	0	0	0	N	N	N	N	N	N	N	N	N	N	N	N	0.0000	0.0000	0.0000	0.0000	0.0000	0.0000	0.0000	0.0000	0.0000	0.0000	0.0000	0.0000	0.0000	0.0000	0.0000	0.0000	0.0000	0.0353	0.0559	0.0015	0.0008	0.0008	0.0000	0.0468	0.0878	0.0016	0.0160	0.0000	-0.0010	0.0007	2.0703	4.7762	7.0012	0.0000	0.0000	0.0000	0.0000	0.0000	0.0000	0.0000	0.0000	0.0000	0.0019	0.0019	0.0000	0.0000	0.0000	0.0000	0.0019	0.0019	0.0000	0.0000	0.0000	0.0000	0.0000	0.0000	0.0000	0.0000	0.0000	0.0000	0.0537	0.0334	0.0203	0.0133	0.0123	0.0011	0.0403	0.0211	0.0192	0.0000	0.0000	0.0000	0.0000	0.0000	0.0000	0.0000	0.0000	0.0000	0.0353	0.0559	0.0015	0.0008	0.0008	0.0000	0.0468	0.0878	0.0016		
54	62	0.2159	18	0	1	0	1	0	0	0	0	N	N	N	N	N	N	N	N	N	N	N	N	0.0000	0.0000	0.0000	0.0000	0.0000	0.0000	0.0000	0.0000	0.0000	0.0000	0.0000	0.0000	0.0000	0.0000	0.0000	0.0000	0.0000	0.0208	0.0093	0.0397	0.0198	0.0215	0.0000	0.0211	0.0019	0.0419	2.5896	0.0000	0.0000	0.0007	0.9285	4.7762	0.0280	0.0000	0.0000	0.0000	0.0000	0.0000	0.0000	0.0000	0.0000	0.0000	0.0001	0.0000	0.0001	0.0000	0.0000	0.0000	0.0001	0.0000	0.0001	0.0000	0.0000	0.0000	0.0000	0.0000	0.0000	0.0000	0.0000	0.0000	0.0060	0.0037	0.0023	0.0015	0.0014	0.0001	0.0045	0.0023	0.0021	0.0000	0.0000	0.0000	0.0000	0.0000	0.0000	0.0000	0.0000	0.0000	0.0208	0.0093	0.0397	0.0198	0.0215	0.0000	0.0211	0.0019	0.0419		
54	63	0.1782	13	1	2	0	1	0	0	0	0	N	Y	N	N	N	N	N	N	N	N	N	N	0.0000	0.0000	0.0000	0.0000	0.0000	0.0000	0.0000	0.0000	0.0000	0.0000	0.0000	0.0000	0.0000	0.0000	0.0000	0.0000	0.0008	0.0012	0.0000	0.0030	0.0032	0.0000	0.0000	0.0000	0.0000	0.0001	0.0000	-0.0000	0.0007	1.0023	4.7762	3.0135	0.0000	0.0000	0.0000	0.0000	0.0000	0.0000	0.0000	0.0000	0.0000	0.0000	0.0000	0.0000	0.0000	0.0000	0.0000	0.0000	0.0000	0.0000	0.0000	0.0000	0.0000	0.0000	0.0000	0.0000	0.0000	0.0000	0.0000	0.0253	0.0160	0.0092	0.0067	0.0062	0.0005	0.0186	0.0098	0.0088	0.0000	0.0000	0.0000	0.0000	0.0000	0.0000	0.0000	0.0000	0.0000	0.0008	0.0012	0.0000	0.0030	0.0032	0.0000	0.0000	0.0000	0.0000			
54	64	0.1518	12	1	2	0	1	0	0	0	0	N	Y	N	N	N	N	N	N	N	N	N	N	0.0000	0.0000	0.0000	0.0000	0.0000	0.0000	0.0000	0.0000	0.0000	0.0000	0.0000	0.0000	0.0000	0.0000	0.0000	0.0000	0.1188	0.1894	0.0007	0.4826	0.5183	0.0000	0.0004	0.0000	0.0008	0.0023	0.0000	-0.0047	0.0007	3.0820	4.7762	9.3392	0.0000	0.0000	0.0000	0.0000	0.0000	0.0000	0.0000	0.0000	0.0000	0.0086	0.0086	0.0000	0.0086	0.0086	0.0000	0.0000	0.0000	0.0000	0.0000	0.0000	0.0000	0.0000	0.0000	0.0000	0.0000	0.0000	0.0000	0.0725	0.0454	0.0271	0.0178	0.0166	0.0012	0.0547	0.0288	0.0259	0.0000	0.0000	0.0000	0.0000	0.0000	0.0000	0.0000	0.0000	0.0000	0.1188	0.1894	0.0007	0.4826	0.5183	0.0000	0.0004	0.0000	0.0008			
54	65	0.2381	21	0	2	0	1	0	0	0	0	N	Y	N	N	N	N	N	N	N	N	N	N	0.0000	0.0000	0.0000	0.0000	0.0000	0.0000	0.0000	0.0000	0.0000	0.0000	0.0000	0.0000	0.0000	0.0000	0.0000	0.0000	0.0002	0.0003	0.0000	0.0008	0.0008	0.0000	0.0000	0.0000	0.0000	0.0003	0.0000	-0.0000	0.0007	1.7946	4.7762	5.9592	0.0000	0.0000	0.0000	0.0000	0.0000	0.0000	0.0000	0.0000	0.0000	0.0000	0.0000	0.0000	0.0000	0.0000	0.0000	0.0000	0.0000	0.0000	0.0000	0.0000	0.0000	0.0000	0.0000	0.0000	0.0000	0.0000	0.0000	0.0446	0.0286	0.0160	0.0133	0.0122	0.0010	0.0314	0.0164	0.0150	0.0000	0.0000	0.0000	0.0000	0.0000	0.0000	0.0000	0.0000	0.0000	0.0002	0.0003	0.0000	0.0008	0.0008	0.0000	0.0000	0.0000	0.0000			
54	66	0.2313	20	0	2	0	1	0	0	0	0	N	Y	N	N	N	N	N	N	N	N	N	N	0.0000	0.0000	0.0000	0.0000	0.0000	0.0000	0.0000	0.0000	0.0000	0.0000	0.0000	0.0000	0.0000	0.0000	0.0000	0.0000	0.0005	0.0008	0.0000	0.0016	0.0018	0.0000	0.0000	0.0000	0.0000	0.0034	0.0000	-0.0000	0.0007	1.3569	4.7762	2.0560	0.0000	0.0000	0.0000	0.0000	0.0000	0.0000	0.0000	0.0000	0.0000	0.0000	0.0000	0.0000	0.0000	0.0000	0.0000	0.0000	0.0000	0.0000	0.0000	0.0000	0.0000	0.0000	0.0000	0.0000	0.0000	0.0000	0.0000	0.0207	0.0129	0.0078	0.0061	0.0057	0.0005	0.0146	0.0073	0.0073	0.0000	0.0000	0.0000	0.0000	0.0000	0.0000	0.0000	0.0000	0.0000	0.0005	0.0008	0.0000	0.0016	0.0018	0.0000	0.0000	0.0000	0.0000			
54	67	0.2179	19	0	2	0	1	0	0	0	0	N	Y	N	N	N	N	N	N	N	N	N	N	0.0000	0.0000	0.0000	0.0000	0.0000	0.0000	0.0000	0.0000	0.0000	0.0000	0.0000	0.0000	0.0000	0.0000	0.0000	0.0000	0.0002	0.0000	0.0007	0.0000	0.0000	0.0000	0.0004	0.0000	0.0007	5280.9026	0.0000	0.0000	0.0007	4.9477	4.7762	2.0153	0.0000	0.0000	0.0000	0.0000	0.0000	0.0000	0.0000	0.0000	0.0000	0.0000	0.0000	0.0000	0.0000	0.0000	0.0000	0.0000	0.0000	0.0000	0.0000	0.0000	0.0000	0.0000	0.0000	0.0000	0.0000	0.0000	0.0000	0.0414	0.0267	0.0148	0.0130	0.0120	0.0010	0.0284	0.0146	0.0137	0.0000	0.0000	0.0000	0.0000	0.0000	0.0000	0.0000	0.0000	0.0000	0.0002	0.0000	0.0007	0.0000	0.0000	0.0000	0.0004	0.0000	0.0007			
54	68	0.0847	5	0	1	1	1	0	0	0	0	N	N	N	N	N	N	N	N	N	N	N	N	0.0000	0.0000	0.0000	0.0000	0.0000	0.0000	0.0000	0.0000	0.0000	0.0000	0.0000	0.0000	0.0000	0.0000	0.0000	0.0000	0.0013	0.0016	0.0009	0.0043	0.0048	0.0000	0.0005	0.0000	0.0010	0.4334	0.0000	-0.0000	0.0007	0.0000	4.7762	4.0001	0.0000	0.0000	0.0000	0.0000	0.0000	0.0000	0.0000	0.0000	0.0000	0.0000	0.0000	0.0000	0.0000	0.0000	0.0000	0.0000	0.0000	0.0000	0.0000	0.0000	0.0000	0.0000	0.0000	0.0000	0.0000	0.0000	0.0000	0.0253	0.0147	0.0105	0.0054	0.0048	0.0006	0.0199	0.0100	0.0099	0.0000	0.0000	0.0000	0.0000	0.0000	0.0000	0.0000	0.0000	0.0000	0.0013	0.0016	0.0009	0.0043	0.0048	0.0000	0.0005	0.0000	0.0010			
54	69	0.0624	4	0	1	0	1	0	0	0	0	N	N	N	N	N	N	N	N	N	N	N	N	0.0000	0.0000	0.0000	0.0000	0.0000	0.0000	0.0000	0.0000	0.0000	0.0000	0.0000	0.0000	0.0000	0.0000	0.0000	0.0000	0.0000	0.0000	10.6345	0.0053	46.2726	0.0224	0.0139	0.1060	14.0380	0.0000	43.7081	3456.5533	0.0000	0.4500	0.0007	2.8240	4.7762	8.9883	0.0000	0.0000	0.0000	0.0000	0.0000	0.0000	0.0000	0.0000	0.0000	0.9853	0.0003	0.9850	0.0005	0.0003	0.0002	0.9848	0.0000	0.9848	0.0000	0.0000	0.0000	0.0000	0.0000	0.0000	0.0000	0.0000	0.0000	0.0926	0.0540	0.0387	0.0225	0.0204	0.0021	0.0701	0.0335	0.0366	0.0000	0.0000	0.0000	0.0000	0.0000	0.0000	0.0000	0.0000	0.0000	10.6345	0.0053	25.4665	0.0224	0.0139	0.1060	14.0380	0.0000	26.9011	
54	73	0.1429	11	0	1	0	1	0	0	0	0	N	N	N	N	N	N	N	N	N	N	N	N	0.0000	0.0000	0.0000	0.0000	0.0000	0.0000	0.0000	0.0000	0.0000	0.0000	0.0000	0.0000	0.0000	0.1012	0.0000	0.2629	0.0000	0.0000	0.0000	0.1343	0.0000	0.2761	inf	0.0000	0.0054	0.0007	4.0673	4.7762	17.8409	0.0000	0.0000	0.0000	0.0000	0.0000	0.0000	0.0000	0.0000	0.0000	0.0119	0.0000	0.0119	0.0000	0.0000	0.0000	0.0119	0.0000	0.0119	0.0000	0.0000	0.0000	0.0000	0.0000	0.0000	0.0000	0.0000	0.0000	0.1177	0.0724	0.0453	0.0290	0.0268	0.0022	0.0887	0.0456	0.0432	0.0000	0.0000	0.0000	0.0000	0.0000	0.0000	0.0000	0.0000	0.0000	0.1012	0.0000	0.2629	0.0000	0.0000	0.0000	0.1343	0.0000	0.2761						
54	75	0.2796	15	0	1	0	1	0	0	0	0	N	N	N	N	N	N	N	N	N	N	N	N	0.0004	0.0010	0.0000	0.0014	0.0014	0.0000	0.0000	0.0000	0.0000	0.0011	0.0013	0.0000	0.0029	0.0030	0.0000	0.0000	0.0000	0.0000	2.5553	1.3242	5.2106	2.0217	2.1143	1.5087	3.0518	0.0000	6.0176	0.0000	1.8244	-0.0000	0.1194	0.0007	3.5843	4.7762	46.7516	0.0000	0.0000	0.0000	0.0000	0.0000	0.0000	0.0000	0.0000	0.0000	1.1594	0.4105	0.7489	0.4421	0.4105	0.0316	0.7173	0.0000	0.7173	0.0000	0.0000	0.0000	0.0000	0.0000	0.0000	0.0000	0.0000	0.0000	0.4537	0.3100	0.1437	0.2187	0.1942	0.0245	0.2351	0.1158	0.1192	0.0004	0.0010	0.0000	0.0014	0.0014	0.0000	0.0000	0.0000	0.0000	2.5553	1.3242	5.2106	2.0217	2.1143	1.2890	3.0518	0.0000	6.0176
54	76	0.2448	21	1	2	1	1	0	0	0	0	N	Y	N	N	N	N	N	N	N	N	N	N	0.0000	0.0000	0.0000	0.0000	0.0000	0.0000	0.0000	0.0000	0.0000	0.0000	0.0000	0.0000	0.0000	0.0000	0.0000	0.0000	0.0000	0.0000	0.0000	0.0000	0.0007	1.0003	4.7762	1.0071	0.0000	0.0000	0.0000	0.0000	0.0000	0.0000	0.0000	0.0000	0.0000	0.0000	0.0000	0.0000	0.0000	0.0000	0.0000	0.0000	0.0000	0.0000	0.0000	0.0000	0.0000	0.0000	0.0000	0.0000	0.0000	0.0000	0.0000	0.0121	0.0077	0.0044	0.0036	0.0033	0.0003	0.0085	0.0044	0.0041	0.0000	0.0000	0.0000	0.0000	0.0000	0.0000	0.0000	0.0000	0.0000	0.0000	0.0000	0.0000	0.0000	0.0000	0.0000	0.0000	0.0000	0.0000											
54	77	0.2380	20	1	1	1	1	0	0	0	0	N	N	N	N	N	N	N	N	N	N	N	N	0.0000	0.0000	0.0000	0.0000	0.0000	0.0000	0.0000	0.0000	0.0000	0.0000	0.0000	0.0000	0.0000	0.0042	0.0000	0.0159	0.0000	0.0000	0.0000	0.0072	0.0000	0.0165	inf	0.0000	0.0001	0.0007	0.9901	4.7762	2.2068	0.0000	0.0000	0.0000	0.0000	0.0000	0.0000	0.0000	0.0000	0.0000	0.0002	0.0000	0.0002	0.0000	0.0000	0.0000	0.0002	0.0000	0.0002	0.0000	0.0000	0.0000	0.0000	0.0000	0.0000	0.0000	0.0000	0.0000	0.0502	0.0371	0.0132	0.0211	0.0206	0.0005	0.0292	0.0165	0.0127	0.0000	0.0000	0.0000	0.0000	0.0000	0.0000	0.0000	0.0000	0.0000	0.0042	0.0000	0.0159	0.0000	0.0000	0.0000	0.0072	0.0000	0.0165						
54	78	0.1605	12	0	2	0	1	0	0	0	0	N	Y	N	N	N	N	N	N	N	N	N	N	0.0000	0.0000	0.0000	0.0000	0.0000	0.0000	0.0000	0.0000	0.0000	0.0000	0.0000	0.0000	0.0000	0.0000	0.0000	0.0000	0.0000	0.0010	0.0003	0.0024	0.0010	0.0006	0.0060	0.0010	0.0000	0.0022	4.7175	0.0000	0.0000	0.0007	8.4371	4.7762	15.3349	0.0000	0.0000	0.0000	0.0000	0.0000	0.0000	0.0000	0.0000	0.0000	0.0002	0.0000	0.0001	0.0000	0.0000	0.0000	0.0001	0.0000	0.0001	0.0001	0.0001	0.0000	0.0000	0.0000	0.0000	0.0000	0.0000	0.0000	0.1528	0.0996	0.0532	0.0471	0.0438	0.0033	0.1057	0.0559	0.0499	0.0000	0.0000	0.0000	0.0000	0.0000	0.0000	0.0000	0.0000	0.0000	0.0010	0.0003	0.0024	0.0010	0.0006	0.0060	0.0010	0.0000	0.0022		
54	79	0.2380	20	1	1	1	1	0	0	0	0	N	N	N	N	N	N	N	N	N	N	N	N	0.0000	0.0000	0.0000	0.0000	0.0000	0.0000	0.0000	0.0000	0.0000	0.0000	0.0000	0.0000	0.0000	12.3559	17.8095	0.0000	36.4299	35.3599	0.0000	0.0000	0.0000	0.0000	0.0000	0.0000	-0.5409	0.0007	3.0096	4.7762	5.7427	0.0000	0.0000	0.0000	0.0000	0.0000	0.0000	0.0000	0.0000	0.0000	0.9961	0.9961	0.0000	0.9961	0.9961	0.0000	0.0000	0.0000	0.0000	0.0000	0.0000	0.0000	0.0000	0.0000	0.0000	0.0000	0.0000	0.0000	0.0806	0.0559	0.0247	0.0295	0.0282	0.0013	0.0511	0.0278	0.0234	0.0000	0.0000	0.0000	0.0000	0.0000	0.0000	0.0000	0.0000	0.0000	12.3559	17.8095	0.0000	33.7939	35.3599	0.0000	0.0000	0.0000	0.0000						
54	80	0.2224	19	1	1	1	1	0	0	0	0	N	N	N	N	N	N	N	N	N	N	N	N	0.0000	0.0000	0.0000	0.0000	0.0000	0.0000	0.0000	0.0000	0.0000	0.0000	0.0000	0.0000	0.0000	0.0000	0.0000	0.0000	0.0000	0.0772	0.0067	0.2021	0.0730	0.0155	1.0443	0.0790	0.0000	0.1628	16.9855	0.0000	0.0015	0.0007	1.0477	4.7762	6.1154	0.0000	0.0000	0.0000	0.0000	0.0000	0.0000	0.0000	0.0000	0.0000	0.0038	0.0002	0.0035	0.0011	0.0002	0.0008	0.0027	0.0000	0.0027	0.0000	0.0000	0.0000	0.0000	0.0000	0.0000	0.0000	0.0000	0.0000	0.0486	0.0311	0.0176	0.0145	0.0135	0.0010	0.0342	0.0176	0.0166	0.0000	0.0000	0.0000	0.0000	0.0000	0.0000	0.0000	0.0000	0.0000	0.0772	0.0067	0.2021	0.0730	0.0155	0.8715	0.0790	0.0000	0.1628		
54	81	0.2159	18	0	1	0	1	0	0	0	0	N	N	N	N	N	N	N	N	N	N	N	N	0.0000	0.0000	0.0000	0.0000	0.0000	0.0000	0.0000	0.0000	0.0000	0.0000	0.0000	0.0000	0.0000	0.0000	0.0000	0.0000	0.0000	0.1999	0.3135	0.0130	0.7845	0.8516	0.0000	0.0065	0.0000	0.0137	0.0252	0.0000	-0.0019	0.0007	1.9794	4.7762	1.0196	0.0000	0.0000	0.0000	0.0000	0.0000	0.0000	0.0000	0.0000	0.0000	0.0036	0.0035	0.0001	0.0035	0.0035	0.0000	0.0001	0.0000	0.0001	0.0000	0.0000	0.0000	0.0000	0.0000	0.0000	0.0000	0.0000	0.0000	0.0182	0.0113	0.0069	0.0045	0.0042	0.0004	0.0137	0.0072	0.0065	0.0000	0.0000	0.0000	0.0000	0.0000	0.0000	0.0000	0.0000	0.0000	0.1999	0.3135	0.0130	0.7845	0.8516	0.0000	0.0065	0.0000	0.0137		
54	82	0.2138	17	0	1	0	1	0	0	0	0	N	N	N	N	N	N	N	N	N	N	N	N	0.0000	0.0000	0.0000	0.0000	0.0000	0.0000	0.0000	0.0000	0.0000	0.0000	0.0000	0.0000	0.0000	0.0000	0.0000	0.0000	0.0000	0.0696	0.0221	0.1471	0.0534	0.0578	0.0000	0.0751	0.0001	0.1550	4.0776	0.0000	0.0001	0.0007	1.0114	4.7762	0.0202	0.0000	0.0000	0.0000	0.0000	0.0000	0.0000	0.0000	0.0000	0.0000	0.0005	0.0001	0.0004	0.0001	0.0001	0.0000	0.0004	0.0000	0.0004	0.0000	0.0000	0.0000	0.0000	0.0000	0.0000	0.0000	0.0000	0.0000	0.0066	0.0041	0.0025	0.0017	0.0016	0.0001	0.0049	0.0025	0.0024	0.0000	0.0000	0.0000	0.0000	0.0000	0.0000	0.0000	0.0000	0.0000	0.0696	0.0221	0.1471	0.0534	0.0578	0.0000	0.0751	0.0001	0.1550		
54	83	0.1932	16	0	1	0	1	0	0	0	0	N	N	N	N	N	N	N	N	N	N	N	N	0.0000	0.0000	0.0000	0.0000	0.0000	0.0000	0.0000	0.0000	0.0000	0.0000	0.0000	0.0000	0.0000	0.0000	0.0000	0.0000	0.0000	15.7274	0.0002	84.1968	0.0005	0.0005	0.0000	21.4152	0.0000	85.2301	122327.8484	0.0000	0.4460	0.0007	5.9223	4.7762	3.6882	0.0000	0.0000	0.0000	0.0000	0.0000	0.0000	0.0000	0.0000	0.0000	0.9758	0.0000	0.9758	0.0000	0.0000	0.0000	0.9758	0.0000	0.9758	0.0000	0.0000	0.0000	0.0000	0.0000	0.0000	0.0000	0.0000	0.0000	0.0620	0.0386	0.0235	0.0165	0.0153	0.0011	0.0456	0.0232	0.0223	0.0000	0.0000	0.0000	0.0000	0.0000	0.0000	0.0000	0.0000	0.0000	15.7274	0.0002	41.5986	0.0005	0.0005	0.0000	21.4152	0.0000	43.7202		
54	84	0.1803	14	0	2	0	1	0	0	0	0	N	Y	N	N	N	N	N	N	N	N	N	N	0.0000	0.0000	0.0000	0.0000	0.0000	0.0000	0.0000	0.0000	0.0000	0.0000	0.0000	0.0000	0.0000	0.0000	0.0000	0.0000	0.0000	0.0000	0.0020	0.0026	0.0009	0.0013	0.0011	0.0033	0.0023	0.0039	0.0006	0.1911	0.0000	-0.0002	0.0007	7.1084	4.7762	28.8937	0.0000	0.0000	0.0000	0.0000	0.0000	0.0000	0.0000	0.0000	0.0000	0.0004	0.0004	0.0001	0.0001	0.0001	0.0000	0.0003	0.0003	0.0000	0.0001	0.0000	0.0000	0.0000	0.0000	0.0000	0.0000	0.0000	0.0000	0.2191	0.1384	0.0806	0.0712	0.0620	0.0092	0.1478	0.0764	0.0715	0.0000	0.0000	0.0000	0.0000	0.0000	0.0000	0.0000	0.0000	0.0000	0.0020	0.0026	0.0009	0.0013	0.0011	0.0033	0.0023	0.0039	0.0006	
54	85	0.1728	13	0	2	0	1	0	0	0	0	N	Y	N	N	N	N	N	N	N	N	N	N	0.0000	0.0000	0.0000	0.0000	0.0000	0.0000	0.0000	0.0000	0.0000	0.0000	0.0000	0.0000	0.0000	0.0000	0.0000	0.0000	0.0000	0.0000	0.0252	0.0342	0.0050	0.0037	0.0040	0.0000	0.0405	0.0703	0.0057	0.0647	0.0000	-0.0008	0.0007	2.2208	4.7762	3.9129	0.0000	0.0000	0.0000	0.0000	0.0000	0.0000	0.0000	0.0000	0.0000	0.0017	0.0016	0.0001	0.0001	0.0001	0.0000	0.0016	0.0015	0.0001	0.0000	0.0000	0.0000	0.0000	0.0000	0.0000	0.0000	0.0000	0.0000	0.0666	0.0462	0.0204	0.0276	0.0252	0.0024	0.0390	0.0210	0.0180	0.0000	0.0000	0.0000	0.0000	0.0000	0.0000	0.0000	0.0000	0.0000	0.0252	0.0342	0.0050	0.0037	0.0040	0.0000	0.0405	0.0703	0.0057	
54	86	0.2483	15	0	1	1	1	0	0	0	0	N	N	N	N	N	N	N	N	N	N	N	N	0.0000	0.0000	0.0000	0.0000	0.0000	0.0000	0.0000	0.0000	0.0000	0.0000	0.0000	0.0000	0.0000	0.0000	0.0000	0.0000	0.0000	0.0057	0.0014	0.0129	0.0039	0.0028	0.0120	0.0067	0.0000	0.0131	5.4760	0.0000	0.0001	0.0007	5.3425	4.7762	7.0749	0.0000	0.0000	0.0000	0.0000	0.0000	0.0000	0.0000	0.0000	0.0000	0.0004	0.0001	0.0004	0.0001	0.0001	0.0000	0.0003	0.0000	0.0003	0.0000	0.0000	0.0000	0.0000	0.0000	0.0000	0.0000	0.0000	0.0000	0.0772	0.0484	0.0289	0.0274	0.0240	0.0033	0.0499	0.0244	0.0255	0.0000	0.0000	0.0000	0.0000	0.0000	0.0000	0.0000	0.0000	0.0000	0.0057	0.0014	0.0129	0.0039	0.0028	0.0120	0.0067	0.0000	0.0131		
54	87	0.2052	14	0	1	0	1	0	0	0	0	N	N	N	N	N	N	N	N	N	N	N	N	0.0000	0.0000	0.0000	0.0000	0.0000	0.0000	0.0000	0.0000	0.0000	0.0000	0.0000	0.0000	0.0000	0.0000	0.0000	0.0000	0.0000	0.0000	0.1264	0.0096	0.3626	0.0266	0.0176	0.1130	0.1928	0.0002	0.3947	18.6439	0.0000	0.0088	0.0007	7.0719	4.7762	13.7350	0.0000	0.0000	0.0000	0.0000	0.0000	0.0000	0.0000	0.0000	0.0000	0.0216	0.0011	0.0205	0.0018	0.0011	0.0007	0.0198	0.0000	0.0198	0.0001	0.0001	0.0000	0.0000	0.0000	0.0000	0.0000	0.0000	0.0000	0.1712	0.1145	0.0566	0.0684	0.0620	0.0064	0.1027	0.0526	0.0502	0.0000	0.0000	0.0000	0.0000	0.0000	0.0000	0.0000	0.0000	0.0000	0.1264	0.0096	0.3626	0.0266	0.0176	0.1130	0.1928	0.0002	0.3947	
54	88	0.2484	22	1	1	1	1	0	0	0	0	N	N	N	N	N	N	N	N	N	N	N	N	0.0000	0.0000	0.0000	0.0000	0.0000	0.0000	0.0000	0.0000	0.0000	0.0000	0.0000	0.0000	0.0000	0.0000	0.0000	0.0000	0.0000	0.0000	0.0000	0.0000	0.0007	0.0000	4.7762	0.0000	0.0000	0.0000	0.0000	0.0000	0.0000	0.0000	0.0000	0.0000	0.0000	0.0000	0.0000	0.0000	0.0000	0.0000	0.0000	0.0000	0.0000	0.0000	0.0000	0.0000	0.0000	0.0000	0.0000	0.0000	0.0000	0.0000	0.0000	0.0000	0.0000	0.0000	0.0000	0.0000	0.0000	0.0000	0.0000	0.0000	0.0000	0.0000	0.0000	0.0000	0.0000	0.0000	0.0000	0.0000	0.0000	0.0000	0.0000	0.0000	0.0000	0.0000	0.0000	0.0000	0.0000	0.0000											
54	89	0.2464	21	1	1	1	1	0	0	0	0	N	N	N	N	N	N	N	N	N	N	N	N	0.0000	0.0000	0.0000	0.0000	0.0000	0.0000	0.0000	0.0000	0.0000	0.0000	0.0000	0.0000	0.0000	0.0000	0.0000	0.0000	0.0000	0.0000	0.0000	0.0000	0.0007	0.0001	4.7762	0.9161	0.0000	0.0000	0.0000	0.0000	0.0000	0.0000	0.0000	0.0000	0.0000	0.0000	0.0000	0.0000	0.0000	0.0000	0.0000	0.0000	0.0000	0.0000	0.0000	0.0000	0.0000	0.0000	0.0000	0.0000	0.0000	0.0000	0.0000	0.0096	0.0066	0.0029	0.0038	0.0036	0.0001	0.0058	0.0030	0.0028	0.0000	0.0000	0.0000	0.0000	0.0000	0.0000	0.0000	0.0000	0.0000	0.0000	0.0000	0.0000	0.0000	0.0000	0.0000	0.0000	0.0000	0.0000											
54	90	0.2216	20	1	1	1	1	0	0	0	0	N	N	N	N	N	N	N	N	N	N	N	N	0.0000	0.0000	0.0000	0.0000	0.0000	0.0000	0.0000	0.0000	0.0000	0.0000	0.0000	0.0000	0.0000	0.0000	0.0000	0.0000	0.0001	0.0002	0.0000	0.0005	0.0005	0.0000	0.0000	0.0000	0.0000	0.0001	0.0000	-0.0000	0.0007	3.7876	4.7762	7.8440	0.0000	0.0000	0.0000	0.0000	0.0000	0.0000	0.0000	0.0000	0.0000	0.0000	0.0000	0.0000	0.0000	0.0000	0.0000	0.0000	0.0000	0.0000	0.0000	0.0000	0.0000	0.0000	0.0000	0.0000	0.0000	0.0000	0.0000	0.0691	0.0447	0.0244	0.0220	0.0204	0.0017	0.0471	0.0243	0.0228	0.0000	0.0000	0.0000	0.0000	0.0000	0.0000	0.0000	0.0000	0.0000	0.0001	0.0002	0.0000	0.0005	0.0005	0.0000	0.0000	0.0000	0.0000			
54	91	0.1325	10	0	2	0	2	0	0	0	0	N	Y	N	Y	N	N	N	N	N	N	N	N	0.0000	0.0000	0.0000	0.0000	0.0000	0.0000	0.0000	0.0000	0.0000	0.0000	0.0000	0.0000	0.0000	0.0000	0.0000	0.0000	0.0000	9.2306	14.9831	0.2052	39.6525	39.8402	0.0430	0.1049	0.0000	0.2117	0.0087	0.0000	-0.5345	0.0007	1.8247	4.7762	16.3284	0.0000	0.0000	0.0000	0.0000	0.0000	0.0000	0.0000	0.0000	0.0000	1.0003	0.9916	0.0087	0.9917	0.9916	0.0001	0.0086	0.0000	0.0086	0.0000	0.0000	0.0000	0.0000	0.0000	0.0000	0.0000	0.0000	0.0000	0.1084	0.0662	0.0422	0.0265	0.0249	0.0016	0.0819	0.0413	0.0406	0.0000	0.0000	0.0000	0.0000	0.0000	0.0000	0.0000	0.0000	0.0000	9.2306	14.9831	0.2052	37.4008	39.8402	0.0430	0.1049	0.0000	0.2117		
54	92	0.1429	11	0	2	0	1	0	0	0	0	N	Y	N	N	N	N	N	N	N	N	N	N	0.0000	0.0000	0.0000	0.0000	0.0000	0.0000	0.0000	0.0000	0.0000	0.0000	0.0000	0.0000	0.0000	0.0000	0.0000	0.0000	0.0207	0.0000	0.0537	0.0000	0.0000	0.0000	0.0274	0.0000	0.0564	30097.4516	0.0000	0.0013	0.0007	9.1310	4.7762	16.1726	0.0000	0.0000	0.0000	0.0000	0.0000	0.0000	0.0000	0.0000	0.0000	0.0028	0.0000	0.0028	0.0000	0.0000	0.0000	0.0028	0.0000	0.0028	0.0001	0.0001	0.0000	0.0000	0.0000	0.0000	0.0000	0.0000	0.0000	0.1337	0.0822	0.0515	0.0327	0.0303	0.0025	0.1009	0.0519	0.0490	0.0000	0.0000	0.0000	0.0000	0.0000	0.0000	0.0000	0.0000	0.0000	0.0207	0.0000	0.0537	0.0000	0.0000	0.0000	0.0274	0.0000	0.0564			
54	93	0.0994	9	0	2	0	1	0	0	0	0	N	Y	N	N	N	N	N	N	N	N	N	N	0.0000	0.0000	0.0000	0.0000	0.0000	0.0000	0.0000	0.0000	0.0000	0.0000	0.0000	0.0000	0.0000	0.0000	0.0000	0.0000	0.0000	5.6580	0.0000	17.1003	9.0331	0.0000	4976.9826	4.5050	0.0000	9.1824	30537521.2201	0.0000	0.2610	0.0007	4.0959	4.7762	8.7137	0.0000	0.0000	0.0000	0.0000	0.0000	0.0000	0.0000	0.0000	0.0000	0.5711	0.0000	0.5711	0.2621	0.0000	0.2621	0.3090	0.0000	0.3090	0.0000	0.0000	0.0000	0.0000	0.0000	0.0000	0.0000	0.0000	0.0000	0.1009	0.0639	0.0370	0.0323	0.0290	0.0034	0.0686	0.0349	0.0336	0.0000	0.0000	0.0000	0.0000	0.0000	0.0000	0.0000	0.0000	0.0000	5.6580	0.0000	15.4205	8.1031	0.0000	77.4744	4.5050	0.0000	9.1824		
54	94	0.0812	8	0	2	0	1	0	0	0	0	N	Y	N	N	N	N	N	N	N	N	N	N	0.0000	0.0000	0.0000	0.0000	0.0000	0.0000	0.0000	0.0000	0.0000	0.0000	0.0000	0.0000	0.0000	0.0000	0.0000	0.0000	0.0000	0.0000	27.3307	7.0046	140.7154	0.0221	0.0234	0.0045	36.0095	11.1087	128.2622	5.4237	0.0000	0.5076	0.0007	2.9443	4.7762	6.1524	0.0000	0.0000	0.0000	0.0000	0.0000	0.0000	0.0000	0.0000	0.0000	1.6845	0.2622	1.4223	0.0003	0.0003	0.0000	1.6842	0.2619	1.4223	0.0000	0.0000	0.0000	0.0000	0.0000	0.0000	0.0000	0.0000	0.0000	0.0616	0.0374	0.0242	0.0149	0.0139	0.0010	0.0468	0.0236	0.0232	0.0000	0.0000	0.0000	0.0000	0.0000	0.0000	0.0000	0.0000	0.0000	27.3307	7.0046	58.7793	0.0221	0.0234	0.0045	36.0095	11.1087	61.3220	
54	95	0.0787	7	0	1	0	1	0	0	0	0	N	N	N	N	N	N	N	N	N	N	N	N	0.0000	0.0000	0.0000	0.0000	0.0000	0.0000	0.0000	0.0000	0.0000	0.0000	0.0000	0.0000	0.0000	0.0000	0.0000	0.0000	0.0000	0.0000	0.0535	0.0384	0.0831	0.0755	0.0773	0.0000	0.0423	0.0000	0.0851	1.0987	0.0000	-0.0000	0.0007	0.8596	4.7762	1.2300	0.0000	0.0000	0.0000	0.0000	0.0000	0.0000	0.0000	0.0000	0.0000	0.0013	0.0006	0.0007	0.0006	0.0006	0.0000	0.0007	0.0000	0.0007	0.0000	0.0000	0.0000	0.0000	0.0000	0.0000	0.0000	0.0000	0.0000	0.0251	0.0166	0.0085	0.0085	0.0083	0.0002	0.0166	0.0084	0.0082	0.0000	0.0000	0.0000	0.0000	0.0000	0.0000	0.0000	0.0000	0.0000	0.0535	0.0384	0.0831	0.0755	0.0773	0.0000	0.0423	0.0000	0.0851	
54	98	0.2216	20	0	2	0	1	0	0	0	0	N	Y	N	N	N	N	N	N	N	N	N	N	0.0000	0.0000	0.0000	0.0000	0.0000	0.0000	0.0000	0.0000	0.0000	0.0000	0.0000	0.0000	0.0000	0.0000	0.0000	0.0000	0.0001	0.0002	0.0000	0.0004	0.0004	0.0000	0.0000	0.0000	0.0000	0.0001	0.0000	-0.0000	0.0007	1.3608	4.7762	12.1483	0.0000	0.0000	0.0000	0.0000	0.0000	0.0000	0.0000	0.0000	0.0000	0.0000	0.0000	0.0000	0.0000	0.0000	0.0000	0.0000	0.0000	0.0000	0.0000	0.0000	0.0000	0.0000	0.0000	0.0000	0.0000	0.0000	0.0000	0.0785	0.0506	0.0279	0.0248	0.0229	0.0019	0.0537	0.0277	0.0260	0.0000	0.0000	0.0000	0.0000	0.0000	0.0000	0.0000	0.0000	0.0000	0.0001	0.0002	0.0000	0.0004	0.0004	0.0000	0.0000	0.0000	0.0000			
54	99	0.2179	19	0	1	0	1	0	0	0	0	N	N	N	N	N	N	N	N	N	N	N	N	0.0000	0.0000	0.0000	0.0000	0.0000	0.0000	0.0000	0.0000	0.0000	0.0000	0.0000	0.0000	0.0000	0.0000	0.0000	0.0000	0.0006	0.0000	0.0018	0.0000	0.0000	0.0000	0.0009	0.0000	0.0019	9104.4017	0.0000	0.0000	0.0007	1.5300	4.7762	0.7696	0.0000	0.0000	0.0000	0.0000	0.0000	0.0000	0.0000	0.0000	0.0000	0.0000	0.0000	0.0000	0.0000	0.0000	0.0000	0.0000	0.0000	0.0000	0.0000	0.0000	0.0000	0.0000	0.0000	0.0000	0.0000	0.0000	0.0000	0.0165	0.0109	0.0056	0.0057	0.0053	0.0003	0.0108	0.0055	0.0053	0.0000	0.0000	0.0000	0.0000	0.0000	0.0000	0.0000	0.0000	0.0000	0.0006	0.0000	0.0018	0.0000	0.0000	0.0000	0.0009	0.0000	0.0019			
54	100	0.2091	18	0	1	0	1	0	0	0	0	N	N	N	N	N	N	N	N	N	N	N	N	0.0000	0.0000	0.0000	0.0000	0.0000	0.0000	0.0000	0.0000	0.0000	0.0000	0.0000	0.0000	0.0000	0.0006	0.0010	0.0000	0.0021	0.0023	0.0000	0.0000	0.0000	0.0000	0.0000	0.0000	-0.0000	0.0007	3.6906	4.7762	1.4800	0.0000	0.0000	0.0000	0.0000	0.0000	0.0000	0.0000	0.0000	0.0000	0.0000	0.0000	0.0000	0.0000	0.0000	0.0000	0.0000	0.0000	0.0000	0.0000	0.0000	0.0000	0.0000	0.0000	0.0000	0.0000	0.0000	0.0000	0.0319	0.0202	0.0117	0.0094	0.0085	0.0008	0.0225	0.0116	0.0109	0.0000	0.0000	0.0000	0.0000	0.0000	0.0000	0.0000	0.0000	0.0000	0.0006	0.0010	0.0000	0.0021	0.0023	0.0000	0.0000	0.0000	0.0000						
54	101	0.2091	17	0	1	0	1	0	0	0	0	N	N	N	N	N	N	N	N	N	N	N	N	0.0000	0.0000	0.0000	0.0000	0.0000	0.0000	0.0000	0.0000	0.0000	0.0000	0.0000	0.0000	0.0000	0.0000	0.0000	0.0000	0.0078	0.0059	0.0115	0.0106	0.0116	0.0000	0.0062	0.0000	0.0128	1.0000	0.0000	-0.0000	0.0007	0.1361	4.7762	0.4500	0.0000	0.0000	0.0000	0.0000	0.0000	0.0000	0.0000	0.0000	0.0000	0.0000	0.0000	0.0000	0.0000	0.0000	0.0000	0.0000	0.0000	0.0000	0.0000	0.0000	0.0000	0.0000	0.0000	0.0000	0.0000	0.0000	0.0000	0.0051	0.0034	0.0017	0.0019	0.0017	0.0002	0.0032	0.0016	0.0016	0.0000	0.0000	0.0000	0.0000	0.0000	0.0000	0.0000	0.0000	0.0000	0.0078	0.0059	0.0115	0.0106	0.0116	0.0000	0.0062	0.0000	0.0128			
54	102	0.1932	16	0	1	0	1	0	0	0	0	N	N	N	N	N	N	N	N	N	N	N	N	0.0000	0.0000	0.0000	0.0000	0.0000	0.0000	0.0000	0.0000	0.0000	0.0000	0.0000	0.0000	0.0000	0.0000	0.0000	0.0000	0.3770	0.6044	0.0015	1.3944	1.4943	0.0000	0.0008	0.0000	0.0015	0.0015	0.0000	-0.0109	0.0007	3.5591	4.7762	4.5341	0.0000	0.0000	0.0000	0.0000	0.0000	0.0000	0.0000	0.0000	0.0000	0.0202	0.0202	0.0000	0.0202	0.0202	0.0000	0.0000	0.0000	0.0000	0.0000	0.0000	0.0000	0.0000	0.0000	0.0000	0.0000	0.0000	0.0000	0.0535	0.0334	0.0202	0.0145	0.0135	0.0010	0.0391	0.0199	0.0192	0.0000	0.0000	0.0000	0.0000	0.0000	0.0000	0.0000	0.0000	0.0000	0.3770	0.6044	0.0015	1.3944	1.4943	0.0000	0.0008	0.0000	0.0015			
54	103	0.1715	15	0	1	0	1	0	0	0	0	N	N	N	N	N	N	N	N	N	N	N	N	0.0000	0.0000	0.0000	0.0000	0.0000	0.0000	0.0000	0.0000	0.0000	0.0000	0.0000	0.0000	0.0000	0.0000	0.0000	0.0000	0.0000	0.2885	0.0050	0.7364	0.0120	0.0129	0.0000	0.3828	0.0000	0.7711	93.6838	0.0000	0.0091	0.0007	2.8937	4.7762	8.0733	0.0000	0.0000	0.0000	0.0000	0.0000	0.0000	0.0000	0.0000	0.0000	0.0204	0.0002	0.0202	0.0002	0.0002	0.0000	0.0202	0.0000	0.0202	0.0000	0.0000	0.0000	0.0000	0.0000	0.0000	0.0000	0.0000	0.0000	0.0706	0.0432	0.0274	0.0179	0.0167	0.0012	0.0526	0.0265	0.0261	0.0000	0.0000	0.0000	0.0000	0.0000	0.0000	0.0000	0.0000	0.0000	0.2885	0.0050	0.7364	0.0120	0.0129	0.0000	0.3828	0.0000	0.7711		
54	104	0.1663	11	0	2	0	1	0	0	0	0	N	Y	N	N	N	N	N	N	N	N	N	N	0.0000	0.0000	0.0000	0.0000	0.0000	0.0000	0.0000	0.0000	0.0000	0.0000	0.0000	0.0000	0.0000	0.0000	0.0000	0.0000	0.0361	0.0480	0.0000	0.0869	0.0914	0.0000	0.0000	0.0000	0.0000	0.0000	0.0000	-0.0004	0.0007	0.0277	4.7762	1.3445	0.0000	0.0000	0.0000	0.0000	0.0000	0.0000	0.0000	0.0000	0.0000	0.0007	0.0007	0.0000	0.0007	0.0007	0.0000	0.0000	0.0000	0.0000	0.0000	0.0000	0.0000	0.0000	0.0000	0.0000	0.0000	0.0000	0.0000	0.0185	0.0139	0.0046	0.0077	0.0073	0.0004	0.0108	0.0066	0.0042	0.0000	0.0000	0.0000	0.0000	0.0000	0.0000	0.0000	0.0000	0.0000	0.0361	0.0480	0.0000	0.0869	0.0914	0.0000	0.0000	0.0000	0.0000			
54	105	0.1196	10	0	2	0	1	0	0	0	0	N	Y	N	N	N	N	N	N	N	N	N	N	0.0000	0.0000	0.0000	0.0000	0.0000	0.0000	0.0000	0.0000	0.0000	0.0000	0.0000	0.0000	0.0000	0.0000	0.0000	0.0000	0.0000	0.0000	4.6708	7.5636	0.0065	21.3931	21.5630	0.0064	0.0036	0.0009	0.0065	0.0005	0.0000	-0.3064	0.0007	5.1414	4.7762	16.4151	0.0000	0.0000	0.0000	0.0000	0.0000	0.0000	0.0000	0.0000	0.0000	0.5649	0.5646	0.0003	0.5646	0.5646	0.0000	0.0003	0.0000	0.0003	0.0000	0.0000	0.0000	0.0000	0.0000	0.0000	0.0000	0.0000	0.0000	0.1210	0.0747	0.0463	0.0277	0.0262	0.0016	0.0932	0.0485	0.0447	0.0000	0.0000	0.0000	0.0000	0.0000	0.0000	0.0000	0.0000	0.0000	4.6708	7.5636	0.0065	20.3469	21.5630	0.0064	0.0036	0.0009	0.0065	
54	106	0.1114	9	0	1	0	1	0	0	0	0	N	N	N	N	N	N	N	N	N	N	N	N	0.0000	0.0000	0.0000	0.0000	0.0000	0.0000	0.0000	0.0000	0.0000	0.0000	0.0000	0.0000	0.0000	0.0000	0.0000	0.0000	0.0000	0.0000	10.4334	8.2367	14.1895	17.7187	18.2583	0.1674	7.4114	0.0043	14.5371	1.0075	0.0000	-0.0202	0.0007	3.8974	4.7762	1.6364	0.0000	0.0000	0.0000	0.0000	0.0000	0.0000	0.0000	0.0000	0.0000	0.4906	0.2444	0.2462	0.2444	0.2443	0.0001	0.2462	0.0001	0.2461	0.0000	0.0000	0.0000	0.0000	0.0000	0.0000	0.0000	0.0000	0.0000	0.0470	0.0297	0.0174	0.0138	0.0134	0.0004	0.0332	0.0163	0.0169	0.0000	0.0000	0.0000	0.0000	0.0000	0.0000	0.0000	0.0000	0.0000	10.4334	8.2367	14.1895	17.7081	18.2583	0.1674	7.4114	0.0043	14.5371	
54	109	0.2018	16	1	2	0	2	0	0	0	0	N	Y	N	Y	N	N	N	N	N	N	N	N	0.0000	0.0000	0.0000	0.0000	0.0000	0.0000	0.0000	0.0000	0.0000	0.0000	0.0000	0.0000	0.0000	0.0000	0.0000	0.0000	0.0000	0.0000	0.0000	0.0000	0.0007	0.0000	4.7762	0.0000	0.0000	0.0000	0.0000	0.0000	0.0000	0.0000	0.0000	0.0000	0.0000	0.0000	0.0000	0.0000	0.0000	0.0000	0.0000	0.0000	0.0000	0.0000	0.0000	0.0000	0.0000	0.0000	0.0000	0.0000	0.0000	0.0000	0.0000	0.0000	0.0000	0.0000	0.0000	0.0000	0.0000	0.0000	0.0000	0.0000	0.0000	0.0000	0.0000	0.0000	0.0000	0.0000	0.0000	0.0000	0.0000	0.0000	0.0000	0.0000	0.0000	0.0000	0.0000	0.0000	0.0000	0.0000											
54	110	0.1869	15	1	2	0	2	0	0	0	0	N	Y	N	Y	N	N	N	N	N	N	N	N	0.0000	0.0000	0.0000	0.0000	0.0000	0.0000	0.0000	0.0000	0.0000	0.0000	0.0000	0.0000	0.0000	0.0000	0.0000	0.0000	0.0000	0.0000	0.0000	0.0000	0.0007	0.0000	4.7762	7.1240	0.0000	0.0000	0.0000	0.0000	0.0000	0.0000	0.0000	0.0000	0.0000	0.0000	0.0000	0.0000	0.0000	0.0000	0.0000	0.0000	0.0000	0.0000	0.0000	0.0000	0.0000	0.0000	0.0000	0.0000	0.0000	0.0000	0.0000	0.0450	0.0280	0.0170	0.0128	0.0116	0.0012	0.0322	0.0164	0.0158	0.0000	0.0000	0.0000	0.0000	0.0000	0.0000	0.0000	0.0000	0.0000	0.0000	0.0000	0.0000	0.0000	0.0000	0.0000	0.0000	0.0000	0.0000											
54	111	0.1958	17	0	2	0	2	0	0	0	0	N	Y	N	Y	N	N	N	N	N	N	N	N	0.0000	0.0000	0.0000	0.0000	0.0000	0.0000	0.0000	0.0000	0.0000	0.0000	0.0000	0.0000	0.0000	0.0000	0.0000	24.6910	0.0000	152.3436	0.0196	0.0000	0.1512	36.1790	0.0000	158.8947	inf	0.0000	0.3505	0.0007	0.0016	4.7762	5.0076	0.0000	0.0000	0.0000	0.0000	0.0000	0.0000	0.0000	0.0000	0.0000	0.7668	0.0000	0.7668	0.0002	0.0000	0.0002	0.7666	0.0000	0.7666	0.0000	0.0000	0.0000	0.0000	0.0000	0.0000	0.0000	0.0000	0.0000	0.0311	0.0195	0.0115	0.0099	0.0086	0.0013	0.0212	0.0109	0.0102	0.0000	0.0000	0.0000	0.0000	0.0000	0.0000	0.0000	0.0000	0.0000	24.6910	0.0000	66.5602	0.0196	0.0000	0.1512	36.1790	0.0000	74.8318				
54	112	0.1890	16	0	2	0	2	0	0	0	0	N	Y	N	Y	N	N	N	N	N	N	N	N	0.0000	0.0000	0.0000	0.0000	0.0000	0.0000	0.0000	0.0000	0.0000	0.0000	0.0000	0.0000	0.0000	0.0000	0.0000	0.0000	0.0000	0.0000	0.0152	0.0017	0.0377	0.0000	0.0000	0.0001	0.0223	0.0031	0.0412	13.3333	0.0000	0.0001	0.0007	1.0012	4.7762	2.1373	0.0000	0.0000	0.0000	0.0000	0.0000	0.0000	0.0000	0.0000	0.0000	0.0003	0.0000	0.0003	0.0000	0.0000	0.0000	0.0003	0.0000	0.0003	0.0000	0.0000	0.0000	0.0000	0.0000	0.0000	0.0000	0.0000	0.0000	0.0217	0.0136	0.0081	0.0069	0.0062	0.0007	0.0148	0.0073	0.0075	0.0000	0.0000	0.0000	0.0000	0.0000	0.0000	0.0000	0.0000	0.0000	0.0152	0.0017	0.0377	0.0000	0.0000	0.0001	0.0223	0.0031	0.0412	
54	113	0.1973	16	0	2	0	1	0	0	0	0	N	Y	N	N	N	N	N	N	N	N	N	N	0.0000	0.0000	0.0000	0.0000	0.0000	0.0000	0.0000	0.0000	0.0000	0.0000	0.0000	0.0000	0.0000	0.0000	0.0000	0.0000	0.0000	0.0000	0.0000	0.0000	0.0007	0.9705	4.7762	5.0371	0.0000	0.0000	0.0000	0.0000	0.0000	0.0000	0.0000	0.0000	0.0000	0.0000	0.0000	0.0000	0.0000	0.0000	0.0000	0.0000	0.0000	0.0000	0.0000	0.0000	0.0000	0.0000	0.0000	0.0000	0.0000	0.0000	0.0000	0.0375	0.0237	0.0138	0.0109	0.0098	0.0011	0.0266	0.0139	0.0127	0.0000	0.0000	0.0000	0.0000	0.0000	0.0000	0.0000	0.0000	0.0000	0.0000	0.0000	0.0000	0.0000	0.0000	0.0000	0.0000	0.0000	0.0000											
54	114	0.1890	16	0	1	1	2	0	0	0	0	N	N	N	Y	N	N	N	N	N	N	N	N	0.0000	0.0000	0.0000	0.0000	0.0000	0.0000	0.0000	0.0000	0.0000	0.0000	0.0000	0.0000	0.0000	0.0000	0.0000	0.0000	0.0000	0.0000	0.0000	0.0000	0.0007	0.0000	4.7762	1.1303	0.0000	0.0000	0.0000	0.0000	0.0000	0.0000	0.0000	0.0000	0.0000	0.0000	0.0000	0.0000	0.0000	0.0000	0.0000	0.0000	0.0000	0.0000	0.0000	0.0000	0.0000	0.0000	0.0000	0.0000	0.0000	0.0000	0.0000	0.0096	0.0060	0.0036	0.0034	0.0031	0.0002	0.0062	0.0029	0.0033	0.0000	0.0000	0.0000	0.0000	0.0000	0.0000	0.0000	0.0000	0.0000	0.0000	0.0000	0.0000	0.0000	0.0000	0.0000	0.0000	0.0000	0.0000											
54	115	0.1869	15	0	1	0	2	0	0	0	0	N	N	N	Y	N	N	N	N	N	N	N	N	0.0000	0.0000	0.0000	0.0000	0.0000	0.0000	0.0000	0.0000	0.0000	0.0000	0.0000	0.0000	0.0000	0.0000	0.0000	0.0000	0.0000	0.0000	0.0000	0.0000	0.0007	0.0000	4.7762	1.2340	0.0000	0.0000	0.0000	0.0000	0.0000	0.0000	0.0000	0.0000	0.0000	0.0000	0.0000	0.0000	0.0000	0.0000	0.0000	0.0000	0.0000	0.0000	0.0000	0.0000	0.0000	0.0000	0.0000	0.0000	0.0000	0.0000	0.0000	0.0103	0.0065	0.0039	0.0035	0.0032	0.0002	0.0069	0.0032	0.0036	0.0000	0.0000	0.0000	0.0000	0.0000	0.0000	0.0000	0.0000	0.0000	0.0000	0.0000	0.0000	0.0000	0.0000	0.0000	0.0000	0.0000	0.0000											
54	116	0.1944	16	0	1	1	2	0	0	0	0	N	N	N	Y	N	N	N	N	N	N	N	N	0.0000	0.0000	0.0000	0.0000	0.0000	0.0000	0.0000	0.0000	0.0000	0.0000	0.0000	0.0000	0.0000	0.0000	0.0000	0.0000	0.0000	0.0000	0.0000	0.0000	0.0000	0.0000	0.0000	0.0000	-0.0000	0.0007	0.9725	4.7762	0.9874	0.0000	0.0000	0.0000	0.0000	0.0000	0.0000	0.0000	0.0000	0.0000	0.0000	0.0000	0.0000	0.0000	0.0000	0.0000	0.0000	0.0000	0.0000	0.0000	0.0000	0.0000	0.0000	0.0000	0.0000	0.0000	0.0000	0.0000	0.0126	0.0081	0.0045	0.0038	0.0034	0.0004	0.0087	0.0047	0.0041	0.0000	0.0000	0.0000	0.0000	0.0000	0.0000	0.0000	0.0000	0.0000	0.0000	0.0000	0.0000	0.0000	0.0000	0.0000	0.0000	0.0000	0.0000						
54	117	0.1944	16	0	1	1	2	0	0	0	0	N	N	N	Y	N	N	N	N	N	N	N	N	0.0000	0.0000	0.0000	0.0000	0.0000	0.0000	0.0000	0.0000	0.0000	0.0000	0.0000	0.0000	0.0000	0.0004	0.0000	0.0011	0.0000	0.0000	0.0000	0.0006	0.0000	0.0012	inf	0.0000	0.0000	0.0007	0.0285	4.7762	4.0215	0.0000	0.0000	0.0000	0.0000	0.0000	0.0000	0.0000	0.0000	0.0000	0.0000	0.0000	0.0000	0.0000	0.0000	0.0000	0.0000	0.0000	0.0000	0.0000	0.0000	0.0000	0.0000	0.0000	0.0000	0.0000	0.0000	0.0000	0.0249	0.0159	0.0090	0.0074	0.0066	0.0008	0.0175	0.0093	0.0083	0.0000	0.0000	0.0000	0.0000	0.0000	0.0000	0.0000	0.0000	0.0000	0.0004	0.0000	0.0011	0.0000	0.0000	0.0000	0.0006	0.0000	0.0012						
54	118	0.1869	15	0	1	1	2	0	0	0	0	N	N	N	Y	N	N	N	N	N	N	N	N	0.0000	0.0000	0.0000	0.0000	0.0000	0.0000	0.0000	0.0000	0.0000	0.0000	0.0000	0.0000	0.0000	0.0000	0.0000	0.0000	0.0000	0.0000	0.0000	0.0000	0.0000	0.0000	inf	0.0000	0.0000	0.0007	3.0275	4.7762	2.1573	0.0000	0.0000	0.0000	0.0000	0.0000	0.0000	0.0000	0.0000	0.0000	0.0000	0.0000	0.0000	0.0000	0.0000	0.0000	0.0000	0.0000	0.0000	0.0000	0.0000	0.0000	0.0000	0.0000	0.0000	0.0000	0.0000	0.0000	0.0338	0.0210	0.0127	0.0098	0.0089	0.0009	0.0240	0.0121	0.0118	0.0000	0.0000	0.0000	0.0000	0.0000	0.0000	0.0000	0.0000	0.0000	0.0000	0.0000	0.0000	0.0000	0.0000	0.0000	0.0000	0.0000	0.0000						
54	119	0.2281	15	1	2	0	1	0	0	0	0	N	Y	N	N	N	N	N	N	N	N	N	N	0.0000	0.0000	0.0000	0.0000	0.0000	0.0000	0.0000	0.0000	0.0000	0.0000	0.0000	0.0000	0.0000	0.0000	0.0000	0.0000	0.0000	0.0213	0.0185	0.0264	0.0026	0.0028	0.0000	0.0305	0.0328	0.0282	0.7804	0.0000	-0.0001	0.0007	2.1883	4.7762	3.1271	0.0000	0.0000	0.0000	0.0000	0.0000	0.0000	0.0000	0.0000	0.0000	0.0007	0.0004	0.0003	0.0000	0.0000	0.0000	0.0007	0.0004	0.0003	0.0000	0.0000	0.0000	0.0000	0.0000	0.0000	0.0000	0.0000	0.0000	0.0342	0.0221	0.0121	0.0114	0.0106	0.0008	0.0229	0.0116	0.0113	0.0000	0.0000	0.0000	0.0000	0.0000	0.0000	0.0000	0.0000	0.0000	0.0213	0.0185	0.0264	0.0026	0.0028	0.0000	0.0305	0.0328	0.0282		
54	120	0.1612	14	1	2	0	1	0	0	0	0	N	Y	N	N	N	N	N	N	N	N	N	N	0.0000	0.0000	0.0000	0.0000	0.0000	0.0000	0.0000	0.0000	0.0000	0.0000	0.0000	0.0000	0.0000	0.0000	0.0000	0.0000	0.0000	12.0161	9.7650	17.4082	0.0000	0.0000	0.0000	15.7220	15.1641	16.3224	1.0002	0.0000	-0.0857	0.0007	13.6104	4.7762	16.0982	0.0000	0.0000	0.0000	0.0000	0.0000	0.0000	0.0000	0.0000	0.0000	1.9965	0.9982	0.9983	0.0000	0.0000	0.0000	1.9965	0.9982	0.9983	0.0001	0.0001	0.0000	0.0000	0.0000	0.0000	0.0001	0.0001	0.0000	0.1662	0.1022	0.0639	0.0392	0.0364	0.0028	0.1270	0.0658	0.0612	0.0000	0.0000	0.0000	0.0000	0.0000	0.0000	0.0000	0.0000	0.0000	12.0161	9.7650	15.6150	0.0000	0.0000	0.0000	15.7220	15.1641	16.3224		
54	121	0.1864	16	0	2	0	1	0	0	0	0	N	Y	N	N	N	N	N	N	N	N	N	N	0.0000	0.0000	0.0000	0.0000	0.0000	0.0000	0.0000	0.0000	0.0000	0.0000	0.0000	0.0000	0.0000	0.0000	0.0000	0.0000	0.0008	0.0013	0.0000	0.0020	0.0023	0.0000	0.0000	0.0000	0.0000	0.0000	0.0000	-0.0000	0.0007	0.3548	4.7762	4.6068	0.0000	0.0000	0.0000	0.0000	0.0000	0.0000	0.0000	0.0000	0.0000	0.0001	0.0001	0.0000	0.0001	0.0001	0.0000	0.0000	0.0000	0.0000	0.0000	0.0000	0.0000	0.0000	0.0000	0.0000	0.0000	0.0000	0.0000	0.0606	0.0391	0.0215	0.0251	0.0220	0.0032	0.0355	0.0172	0.0183	0.0000	0.0000	0.0000	0.0000	0.0000	0.0000	0.0000	0.0000	0.0000	0.0008	0.0013	0.0000	0.0020	0.0023	0.0000	0.0000	0.0000	0.0000			
54	122	0.1715	15	0	2	0	1	0	0	0	0	N	Y	N	N	N	N	N	N	N	N	N	N	0.0000	0.0000	0.0000	0.0000	0.0000	0.0000	0.0000	0.0000	0.0000	0.0000	0.0000	0.0000	0.0000	0.0000	0.0000	0.0000	0.0000	0.0052	0.0068	0.0026	0.0158	0.0169	0.0000	0.0014	0.0000	0.0027	0.2394	0.0000	-0.0001	0.0007	1.6911	4.7762	5.7022	0.0000	0.0000	0.0000	0.0000	0.0000	0.0000	0.0000	0.0000	0.0000	0.0003	0.0002	0.0001	0.0002	0.0002	0.0000	0.0001	0.0000	0.0001	0.0000	0.0000	0.0000	0.0000	0.0000	0.0000	0.0000	0.0000	0.0000	0.0503	0.0307	0.0195	0.0133	0.0124	0.0009	0.0369	0.0183	0.0186	0.0000	0.0000	0.0000	0.0000	0.0000	0.0000	0.0000	0.0000	0.0000	0.0052	0.0068	0.0026	0.0158	0.0169	0.0000	0.0014	0.0000	0.0027		
54	123	0.1612	14	0	1	0	1	0	0	0	0	N	N	N	N	N	N	N	N	N	N	N	N	0.0000	0.0000	0.0000	0.0000	0.0000	0.0000	0.0000	0.0000	0.0000	0.0000	0.0000	0.0000	0.0000	0.0000	0.0000	0.0000	0.0059	0.0005	0.0144	0.0011	0.0011	0.0000	0.0077	0.0000	0.0150	19.4617	0.0000	0.0001	0.0007	2.0929	4.7762	3.1856	0.0000	0.0000	0.0000	0.0000	0.0000	0.0000	0.0000	0.0000	0.0000	0.0002	0.0000	0.0002	0.0000	0.0000	0.0000	0.0002	0.0000	0.0002	0.0000	0.0000	0.0000	0.0000	0.0000	0.0000	0.0000	0.0000	0.0000	0.0373	0.0228	0.0145	0.0101	0.0096	0.0005	0.0272	0.0132	0.0140	0.0000	0.0000	0.0000	0.0000	0.0000	0.0000	0.0000	0.0000	0.0000	0.0059	0.0005	0.0144	0.0011	0.0011	0.0000	0.0077	0.0000	0.0150			
54	124	0.2019	17	1	2	0	1	0	0	0	0	N	Y	N	N	N	N	N	N	N	N	N	N	0.0000	0.0000	0.0000	0.0000	0.0000	0.0000	0.0000	0.0000	0.0000	0.0000	0.0000	0.0000	0.0000	0.0000	0.0000	0.0000	0.0000	0.0000	0.0000	0.0000	0.0007	0.0000	4.7762	0.0000	0.0000	0.0000	0.0000	0.0000	0.0000	0.0000	0.0000	0.0000	0.0000	0.0000	0.0000	0.0000	0.0000	0.0000	0.0000	0.0000	0.0000	0.0000	0.0000	0.0000	0.0000	0.0000	0.0000	0.0000	0.0000	0.0000	0.0000	0.0000	0.0000	0.0000	0.0000	0.0000	0.0000	0.0000	0.0000	0.0000	0.0000	0.0000	0.0000	0.0000	0.0000	0.0000	0.0000	0.0000	0.0000	0.0000	0.0000	0.0000	0.0000	0.0000	0.0000	0.0000	0.0000	0.0000											
54	125	0.1973	16	1	2	0	1	0	0	0	0	N	Y	N	N	N	N	N	N	N	N	N	N	0.0000	0.0000	0.0000	0.0000	0.0000	0.0000	0.0000	0.0000	0.0000	0.0000	0.0000	0.0000	0.0000	0.0000	0.0000	0.0000	0.0000	0.0000	0.0000	0.0000	0.0007	0.1434	4.7762	1.9839	0.0000	0.0000	0.0000	0.0000	0.0000	0.0000	0.0000	0.0000	0.0000	0.0000	0.0000	0.0000	0.0000	0.0000	0.0000	0.0000	0.0000	0.0000	0.0000	0.0000	0.0000	0.0000	0.0000	0.0000	0.0000	0.0000	0.0000	0.0146	0.0094	0.0053	0.0045	0.0041	0.0004	0.0101	0.0053	0.0049	0.0000	0.0000	0.0000	0.0000	0.0000	0.0000	0.0000	0.0000	0.0000	0.0000	0.0000	0.0000	0.0000	0.0000	0.0000	0.0000	0.0000	0.0000											
54	126	0.1869	15	0	2	0	1	0	0	0	0	N	Y	N	N	N	N	N	N	N	N	N	N	0.0000	0.0000	0.0000	0.0000	0.0000	0.0000	0.0000	0.0000	0.0000	0.0000	0.0000	0.0000	0.0000	0.0000	0.0000	0.0000	0.0000	0.0000	0.0000	-0.0000	0.0007	1.8882	4.7762	2.9115	0.0000	0.0000	0.0000	0.0000	0.0000	0.0000	0.0000	0.0000	0.0000	0.0000	0.0000	0.0000	0.0000	0.0000	0.0000	0.0000	0.0000	0.0000	0.0000	0.0000	0.0000	0.0000	0.0000	0.0000	0.0000	0.0000	0.0000	0.0315	0.0196	0.0119	0.0092	0.0083	0.0008	0.0223	0.0113	0.0110	0.0000	0.0000	0.0000	0.0000	0.0000	0.0000	0.0000	0.0000	0.0000	0.0000	0.0000	0.0000	0.0000	0.0000	0.0000	0.0000	0.0000	0.0000											
54	127	0.1612	14	0	1	0	1	0	0	0	0	N	N	N	N	N	N	N	N	N	N	N	N	0.0000	0.0000	0.0000	0.0000	0.0000	0.0000	0.0000	0.0000	0.0000	0.0000	0.0000	0.0000	0.0000	0.0001	0.0002	0.0000	0.0006	0.0006	0.0000	0.0000	0.0000	0.0000	0.0000	0.0000	-0.0000	0.0007	3.5543	4.7762	9.0319	0.0000	0.0000	0.0000	0.0000	0.0000	0.0000	0.0000	0.0000	0.0000	0.0000	0.0000	0.0000	0.0000	0.0000	0.0000	0.0000	0.0000	0.0000	0.0000	0.0000	0.0000	0.0000	0.0000	0.0000	0.0000	0.0000	0.0000	0.0787	0.0483	0.0304	0.0195	0.0183	0.0012	0.0591	0.0300	0.0291	0.0000	0.0000	0.0000	0.0000	0.0000	0.0000	0.0000	0.0000	0.0000	0.0001	0.0002	0.0000	0.0006	0.0006	0.0000	0.0000	0.0000	0.0000						
54	128	0.1575	13	0	1	0	1	0	0	0	0	N	N	N	N	N	N	N	N	N	N	N	N	0.0000	0.0000	0.0000	0.0000	0.0000	0.0000	0.0000	0.0000	0.0000	0.0000	0.0000	0.0000	0.0000	0.0000	0.0000	0.0000	0.0000	0.0055	0.0089	0.0000	0.0152	0.0158	0.0000	0.0005	0.0011	0.0000	0.0033	0.0000	-0.0001	0.0007	2.6246	4.7762	0.7212	0.0000	0.0000	0.0000	0.0000	0.0000	0.0000	0.0000	0.0000	0.0000	0.0002	0.0002	0.0000	0.0002	0.0002	0.0000	0.0000	0.0000	0.0000	0.0000	0.0000	0.0000	0.0000	0.0000	0.0000	0.0000	0.0000	0.0000	0.0313	0.0193	0.0120	0.0106	0.0103	0.0003	0.0207	0.0090	0.0117	0.0000	0.0000	0.0000	0.0000	0.0000	0.0000	0.0000	0.0000	0.0000	0.0055	0.0089	0.0000	0.0152	0.0158	0.0000	0.0005	0.0011	0.0000		
54	129	0.1518	12	0	1	0	1	0	0	0	0	N	N	N	N	N	N	N	N	N	N	N	N	0.0000	0.0000	0.0000	0.0000	0.0000	0.0000	0.0000	0.0000	0.0000	0.0000	0.0000	0.0000	0.0000	0.0000	0.0000	0.0000	0.0000	0.2774	0.4229	0.0141	1.0033	1.0632	0.0000	0.0069	0.0000	0.0147	0.0184	0.0000	-0.0046	0.0007	3.3474	4.7762	1.3769	0.0000	0.0000	0.0000	0.0000	0.0000	0.0000	0.0000	0.0000	0.0000	0.0088	0.0086	0.0002	0.0086	0.0086	0.0000	0.0002	0.0000	0.0002	0.0000	0.0000	0.0000	0.0000	0.0000	0.0000	0.0000	0.0000	0.0000	0.0316	0.0203	0.0112	0.0086	0.0081	0.0005	0.0230	0.0122	0.0108	0.0000	0.0000	0.0000	0.0000	0.0000	0.0000	0.0000	0.0000	0.0000	0.2774	0.4229	0.0141	1.0033	1.0632	0.0000	0.0069	0.0000	0.0147		
54	130	0.1429	11	0	1	0	1	0	0	0	0	N	N	N	N	N	N	N	N	N	N	N	N	0.0000	0.0000	0.0000	0.0000	0.0000	0.0000	0.0000	0.0000	0.0000	0.0000	0.0000	0.0000	0.0000	0.0000	0.0000	0.0000	0.0000	33.8516	54.5150	0.0021	138.8691	133.3431	0.0000	0.0011	0.0000	0.0022	0.0000	0.0000	-0.5360	0.0007	0.4686	4.7762	4.0374	0.0000	0.0000	0.0000	0.0000	0.0000	0.0000	0.0000	0.0000	0.0000	0.9873	0.9872	0.0000	0.9872	0.9872	0.0000	0.0000	0.0000	0.0000	0.0000	0.0000	0.0000	0.0000	0.0000	0.0000	0.0000	0.0000	0.0000	0.0292	0.0181	0.0111	0.0080	0.0076	0.0005	0.0211	0.0105	0.0106	0.0000	0.0000	0.0000	0.0000	0.0000	0.0000	0.0000	0.0000	0.0000	33.8516	54.5150	0.0021	122.7929	130.5310	0.0000	0.0011	0.0000	0.0022		
55	59	0.2432	22	0	1	1	1	0	0	0	0	N	N	N	N	N	N	N	N	N	N	N	N	0.0000	0.0000	0.0000	0.0000	0.0000	0.0000	0.0000	0.0000	0.0000	0.0000	0.0000	0.0000	0.0000	0.0000	0.0000	0.0000	0.0000	0.0000	0.0000	0.0000	0.0000	0.0000	inf	0.0000	0.0000	0.0007	0.9979	3.2259	4.0614	0.0000	0.0000	0.0000	0.0000	0.0000	0.0000	0.0000	0.0000	0.0000	0.0000	0.0000	0.0000	0.0000	0.0000	0.0000	0.0000	0.0000	0.0000	0.0000	0.0000	0.0000	0.0000	0.0000	0.0000	0.0000	0.0000	0.0000	0.0233	0.0156	0.0076	0.0077	0.0072	0.0005	0.0155	0.0084	0.0071	0.0000	0.0000	0.0000	0.0000	0.0000	0.0000	0.0000	0.0000	0.0000	0.0000	0.0000	0.0000	0.0000	0.0000	0.0000	0.0000	0.0000	0.0000						
55	60	0.2348	21	0	1	0	1	0	0	0	0	N	N	N	N	N	N	N	N	N	N	N	N	0.0000	0.0000	0.0000	0.0000	0.0000	0.0000	0.0000	0.0000	0.0000	0.0000	0.0000	0.0000	0.0000	0.0000	0.0000	0.0000	0.0000	0.0000	0.0000	0.0000	0.0000	0.0000	0.0000	0.0000	0.0000	11.4413	0.0000	0.0000	0.0007	2.2356	3.2259	2.2044	0.0000	0.0000	0.0000	0.0000	0.0000	0.0000	0.0000	0.0000	0.0000	0.0000	0.0000	0.0000	0.0000	0.0000	0.0000	0.0000	0.0000	0.0000	0.0000	0.0000	0.0000	0.0000	0.0000	0.0000	0.0000	0.0000	0.0000	0.0199	0.0132	0.0067	0.0064	0.0060	0.0004	0.0135	0.0072	0.0063	0.0000	0.0000	0.0000	0.0000	0.0000	0.0000	0.0000	0.0000	0.0000	0.0000	0.0000	0.0000	0.0000	0.0000	0.0000	0.0000	0.0000	0.0000			
55	61	0.2142	19	1	0	1	1	0	0	0	0	N	N	N	N	N	N	N	N	N	N	N	N	0.0000	0.0000	0.0000	0.0000	0.0000	0.0000	0.0000	0.0000	0.0000	0.0000	0.0000	0.0000	0.0000	0.0000	0.0000	25.3190	39.7947	0.0000	94.8195	102.0753	0.0000	0.0007	0.0013	0.0000	0.0000	0.0000	-0.5407	0.0007	2.0703	3.2259	7.0012	0.0000	0.0000	0.0000	0.0000	0.0000	0.0000	0.0000	0.0000	0.0000	0.9958	0.9958	0.0000	0.9958	0.9958	0.0000	0.0000	0.0000	0.0000	0.0000	0.0000	0.0000	0.0000	0.0000	0.0000	0.0000	0.0000	0.0000	0.0393	0.0250	0.0143	0.0105	0.0098	0.0007	0.0288	0.0153	0.0136	0.0000	0.0000	0.0000	0.0000	0.0000	0.0000	0.0000	0.0000	0.0000	25.3190	39.7947	0.0000	94.8195	102.0753	0.0000	0.0007	0.0013	0.0000				
55	62	0.2126	18	0	0	0	1	0	0	0	0	N	N	N	N	N	N	N	N	N	N	N	N	0.0000	0.0000	0.0000	0.0000	0.0000	0.0000	0.0000	0.0000	0.0000	0.0000	0.0000	0.0000	0.0000	0.0000	0.0000	0.0000	0.0000	0.5856	0.8489	0.1251	2.1502	2.1264	4.8875	0.0000	0.0000	0.0001	0.0842	0.0000	-0.0012	0.0007	0.9285	3.2259	0.0280	0.0000	0.0000	0.0000	0.0000	0.0000	0.0000	0.0000	0.0000	0.0000	0.0026	0.0024	0.0002	0.0026	0.0024	0.0002	0.0000	0.0000	0.0000	0.0000	0.0000	0.0000	0.0000	0.0000	0.0000	0.0000	0.0000	0.0000	0.0044	0.0028	0.0016	0.0012	0.0011	0.0001	0.0032	0.0017	0.0015	0.0000	0.0000	0.0000	0.0000	0.0000	0.0000	0.0000	0.0000	0.0000	0.5856	0.8489	0.1251	2.1502	2.1264	2.4804	0.0000	0.0000	0.0001		
55	63	0.1748	13	1	1	0	1	0	0	0	0	N	N	N	N	N	N	N	N	N	N	N	N	0.0000	0.0000	0.0000	0.0000	0.0000	0.0000	0.0000	0.0000	0.0000	0.0000	0.0000	0.0000	0.0000	0.0000	0.0000	0.0000	0.0000	0.0000	0.0000	0.0000	0.0000	0.0000	inf	0.0000	0.0000	0.0007	1.0023	3.2259	3.0135	0.0000	0.0000	0.0000	0.0000	0.0000	0.0000	0.0000	0.0000	0.0000	0.0000	0.0000	0.0000	0.0000	0.0000	0.0000	0.0000	0.0000	0.0000	0.0000	0.0000	0.0000	0.0000	0.0000	0.0000	0.0000	0.0000	0.0000	0.0184	0.0119	0.0065	0.0052	0.0049	0.0003	0.0133	0.0071	0.0062	0.0000	0.0000	0.0000	0.0000	0.0000	0.0000	0.0000	0.0000	0.0000	0.0000	0.0000	0.0000	0.0000	0.0000	0.0000	0.0000	0.0000	0.0000						
55	64	0.1484	12	1	1	0	1	0	0	0	0	N	N	N	N	N	N	N	N	N	N	N	N	0.0000	0.0000	0.0000	0.0000	0.0000	0.0000	0.0000	0.0000	0.0000	0.0000	0.0000	0.0000	0.0000	0.0000	0.0000	0.0000	0.0000	0.0002	0.0000	0.0007	0.0000	0.0000	0.0001	0.0003	0.0000	0.0007	422.4100	0.0000	0.0000	0.0007	3.0820	3.2259	9.3392	0.0000	0.0000	0.0000	0.0000	0.0000	0.0000	0.0000	0.0000	0.0000	0.0000	0.0000	0.0000	0.0000	0.0000	0.0000	0.0000	0.0000	0.0000	0.0000	0.0000	0.0000	0.0000	0.0000	0.0000	0.0000	0.0000	0.0000	0.0531	0.0340	0.0191	0.0140	0.0132	0.0008	0.0391	0.0208	0.0183	0.0000	0.0000	0.0000	0.0000	0.0000	0.0000	0.0000	0.0000	0.0000	0.0002	0.0000	0.0007	0.0000	0.0000	0.0001	0.0003	0.0000	0.0007		
55	65	0.2348	21	0	1	0	1	0	0	0	0	N	N	N	N	N	N	N	N	N	N	N	N	0.0000	0.0000	0.0000	0.0000	0.0000	0.0000	0.0000	0.0000	0.0000	0.0000	0.0000	0.0000	0.0000	0.0000	0.0000	0.0000	0.0003	0.0005	0.0000	0.0010	0.0010	0.0000	0.0000	0.0000	0.0000	0.0003	0.0000	-0.0000	0.0007	1.7946	3.2259	5.9592	0.0000	0.0000	0.0000	0.0000	0.0000	0.0000	0.0000	0.0000	0.0000	0.0000	0.0000	0.0000	0.0000	0.0000	0.0000	0.0000	0.0000	0.0000	0.0000	0.0000	0.0000	0.0000	0.0000	0.0000	0.0000	0.0000	0.0000	0.0328	0.0215	0.0113	0.0102	0.0095	0.0007	0.0225	0.0119	0.0106	0.0000	0.0000	0.0000	0.0000	0.0000	0.0000	0.0000	0.0000	0.0000	0.0003	0.0005	0.0000	0.0010	0.0010	0.0000	0.0000	0.0000	0.0000			
55	66	0.2280	20	0	1	0	1	0	0	0	0	N	N	N	N	N	N	N	N	N	N	N	N	0.0000	0.0000	0.0000	0.0000	0.0000	0.0000	0.0000	0.0000	0.0000	0.0000	0.0000	0.0000	0.0000	0.0000	0.0000	0.0000	0.0007	0.0000	0.0018	0.0000	0.0000	0.0000	0.0010	0.0000	0.0019	546.1655	0.0000	0.0000	0.0007	1.3569	3.2259	2.0560	0.0000	0.0000	0.0000	0.0000	0.0000	0.0000	0.0000	0.0000	0.0000	0.0000	0.0000	0.0000	0.0000	0.0000	0.0000	0.0000	0.0000	0.0000	0.0000	0.0000	0.0000	0.0000	0.0000	0.0000	0.0000	0.0000	0.0000	0.0152	0.0097	0.0055	0.0047	0.0044	0.0003	0.0105	0.0053	0.0052	0.0000	0.0000	0.0000	0.0000	0.0000	0.0000	0.0000	0.0000	0.0000	0.0007	0.0000	0.0018	0.0000	0.0000	0.0000	0.0010	0.0000	0.0019			
55	67	0.2146	19	0	1	0	1	0	0	0	0	N	N	N	N	N	N	N	N	N	N	N	N	0.0000	0.0000	0.0000	0.0000	0.0000	0.0000	0.0000	0.0000	0.0000	0.0000	0.0000	0.0000	0.0000	0.0000	0.0000	0.0000	0.0003	0.0005	0.0000	0.0010	0.0011	0.0000	0.0000	0.0000	0.0000	0.0004	0.0000	-0.0000	0.0007	4.9477	3.2259	2.0153	0.0000	0.0000	0.0000	0.0000	0.0000	0.0000	0.0000	0.0000	0.0000	0.0000	0.0000	0.0000	0.0000	0.0000	0.0000	0.0000	0.0000	0.0000	0.0000	0.0000	0.0000	0.0000	0.0000	0.0000	0.0000	0.0000	0.0000	0.0303	0.0199	0.0104	0.0100	0.0093	0.0007	0.0204	0.0106	0.0097	0.0000	0.0000	0.0000	0.0000	0.0000	0.0000	0.0000	0.0000	0.0000	0.0003	0.0005	0.0000	0.0010	0.0011	0.0000	0.0000	0.0000	0.0000			
55	68	0.0814	5	0	0	1	1	0	0	0	0	N	N	N	N	N	N	N	N	N	N	N	N	0.0000	0.0000	0.0000	0.0000	0.0000	0.0000	0.0000	0.0000	0.0000	0.0000	0.0000	0.0000	0.0000	0.0000	0.0000	0.0000	0.0000	0.0004	0.0000	0.0009	0.0000	0.0000	0.0000	0.0005	0.0000	0.0010	272.0545	0.0000	0.0000	0.0007	0.0000	3.2259	4.0001	0.0000	0.0000	0.0000	0.0000	0.0000	0.0000	0.0000	0.0000	0.0000	0.0000	0.0000	0.0000	0.0000	0.0000	0.0000	0.0000	0.0000	0.0000	0.0000	0.0000	0.0000	0.0000	0.0000	0.0000	0.0000	0.0000	0.0000	0.0184	0.0111	0.0074	0.0043	0.0039	0.0004	0.0142	0.0072	0.0070	0.0000	0.0000	0.0000	0.0000	0.0000	0.0000	0.0000	0.0000	0.0000	0.0004	0.0000	0.0009	0.0000	0.0000	0.0000	0.0005	0.0000	0.0010		
55	69	0.0591	4	0	0	0	1	0	0	0	0	N	N	N	N	N	N	N	N	N	N	N	N	0.0000	0.0000	0.0000	0.0000	0.0000	0.0000	0.0000	0.0000	0.0000	0.0000	0.0000	0.0000	0.0000	0.0000	0.0000	0.0000	0.0000	0.5765	0.0719	1.3178	0.1708	0.1806	0.0601	0.7174	0.0000	1.3866	12.4789	0.0000	0.0148	0.0007	2.8240	3.2259	8.9883	0.0000	0.0000	0.0000	0.0000	0.0000	0.0000	0.0000	0.0000	0.0000	0.0386	0.0029	0.0357	0.0029	0.0029	0.0001	0.0356	0.0000	0.0356	0.0000	0.0000	0.0000	0.0000	0.0000	0.0000	0.0000	0.0000	0.0000	0.0669	0.0398	0.0271	0.0172	0.0158	0.0014	0.0496	0.0240	0.0257	0.0000	0.0000	0.0000	0.0000	0.0000	0.0000	0.0000	0.0000	0.0000	0.5765	0.0719	1.3178	0.1708	0.1806	0.0601	0.7174	0.0000	1.3866		
55	73	0.1396	11	0	0	0	1	0	0	0	0	N	N	N	N	N	N	N	N	N	N	N	N	0.0000	0.0000	0.0000	0.0000	0.0000	0.0000	0.0000	0.0000	0.0000	0.0000	0.0000	0.0000	0.0000	11.4575	18.1851	0.0000	49.4611	46.1381	0.0000	0.0000	0.0000	0.0000	0.0000	0.0000	-0.5380	0.0007	4.0673	3.2259	17.8409	0.0000	0.0000	0.0000	0.0000	0.0000	0.0000	0.0000	0.0000	0.0000	0.9908	0.9908	0.0000	0.9908	0.9908	0.0000	0.0000	0.0000	0.0000	0.0000	0.0000	0.0000	0.0000	0.0000	0.0000	0.0000	0.0000	0.0000	0.0865	0.0545	0.0320	0.0230	0.0215	0.0015	0.0635	0.0330	0.0305	0.0000	0.0000	0.0000	0.0000	0.0000	0.0000	0.0000	0.0000	0.0000	11.4575	18.1851	0.0000	43.1718	46.1381	0.0000	0.0000	0.0000	0.0000						
55	75	0.2763	15	0	0	0	1	0	0	0	0	N	N	N	N	N	N	N	N	N	N	N	N	0.0003	0.0003	0.0000	0.0004	0.0004	0.0000	0.0000	0.0000	0.0000	0.0011	0.0013	0.0000	0.0029	0.0030	0.0000	0.0000	0.0000	0.0000	3.4283	4.6730	0.7436	7.9831	7.8521	3.1533	0.2614	0.0000	0.5083	0.0000	0.0738	-0.0000	-0.5465	0.0007	3.5843	3.2259	46.7516	0.0000	0.0000	0.0000	0.0000	0.0000	0.0000	0.0000	0.0000	0.0000	1.1524	1.0733	0.0792	1.1074	1.0733	0.0341	0.0450	0.0000	0.0450	0.0000	0.0000	0.0000	0.0000	0.0000	0.0000	0.0000	0.0000	0.0000	0.3361	0.2297	0.1065	0.1638	0.1460	0.0179	0.1723	0.0837	0.0886	0.0003	0.0003	0.0000	0.0004	0.0004	0.0000	0.0000	0.0000	0.0000	3.4283	4.6730	0.7436	6.7594	7.3530	1.9107	0.2614	0.0000	0.5083
55	76	0.2414	21	1	1	1	1	0	0	0	0	N	N	N	N	N	N	N	N	N	N	N	N	0.0000	0.0000	0.0000	0.0000	0.0000	0.0000	0.0000	0.0000	0.0000	0.0000	0.0000	0.0000	0.0000	0.0000	0.0000	0.0000	0.0000	0.0000	0.0000	0.0000	0.0007	1.0003	3.2259	1.0071	0.0000	0.0000	0.0000	0.0000	0.0000	0.0000	0.0000	0.0000	0.0000	0.0000	0.0000	0.0000	0.0000	0.0000	0.0000	0.0000	0.0000	0.0000	0.0000	0.0000	0.0000	0.0000	0.0000	0.0000	0.0000	0.0000	0.0000	0.0089	0.0058	0.0031	0.0028	0.0026	0.0002	0.0061	0.0032	0.0029	0.0000	0.0000	0.0000	0.0000	0.0000	0.0000	0.0000	0.0000	0.0000	0.0000	0.0000	0.0000	0.0000	0.0000	0.0000	0.0000	0.0000	0.0000											
55	77	0.2347	20	1	0	1	1	0	0	0	0	N	N	N	N	N	N	N	N	N	N	N	N	0.0000	0.0000	0.0000	0.0000	0.0000	0.0000	0.0000	0.0000	0.0000	0.0000	0.0000	0.0000	0.0000	0.0000	0.0000	0.0000	0.0001	0.0001	0.0000	0.0000	0.0000	0.0000	0.0001	0.0000	-0.0000	0.0007	0.9901	3.2259	2.2068	0.0000	0.0000	0.0000	0.0000	0.0000	0.0000	0.0000	0.0000	0.0000	0.0000	0.0000	0.0000	0.0000	0.0000	0.0000	0.0000	0.0000	0.0000	0.0000	0.0000	0.0000	0.0000	0.0000	0.0000	0.0000	0.0000	0.0000	0.0352	0.0261	0.0092	0.0149	0.0145	0.0003	0.0204	0.0115	0.0088	0.0000	0.0000	0.0000	0.0000	0.0000	0.0000	0.0000	0.0000	0.0000	0.0000	0.0000	0.0000	0.0001	0.0001	0.0000	0.0000	0.0000	0.0000						
55	78	0.1571	12	0	1	0	1	0	0	0	0	N	N	N	N	N	N	N	N	N	N	N	N	0.0000	0.0000	0.0000	0.0000	0.0000	0.0000	0.0000	0.0000	0.0000	0.0000	0.0000	0.0000	0.0000	0.0000	0.0000	0.0000	0.0000	0.0310	0.0000	0.0917	0.0933	0.0000	1.9948	0.0016	0.0000	0.0034	3702.7247	0.0000	0.0016	0.0007	8.4371	3.2259	15.3349	0.0000	0.0000	0.0000	0.0000	0.0000	0.0000	0.0000	0.0000	0.0000	0.0034	0.0000	0.0034	0.0033	0.0000	0.0033	0.0001	0.0000	0.0001	0.0001	0.0001	0.0000	0.0000	0.0000	0.0000	0.0000	0.0000	0.0000	0.1108	0.0734	0.0374	0.0355	0.0332	0.0023	0.0753	0.0402	0.0352	0.0000	0.0000	0.0000	0.0000	0.0000	0.0000	0.0000	0.0000	0.0000	0.0310	0.0000	0.0917	0.0933	0.0000	1.4570	0.0016	0.0000	0.0034		
55	79	0.2347	20	1	0	1	1	0	0	0	0	N	N	N	N	N	N	N	N	N	N	N	N	0.0000	0.0000	0.0000	0.0000	0.0000	0.0000	0.0000	0.0000	0.0000	0.0000	0.0000	0.0000	0.0000	0.0635	0.0000	0.2115	0.0000	0.0000	0.0000	0.1012	0.0000	0.2230	inf	0.0000	0.0017	0.0007	3.0096	3.2259	5.7427	0.0000	0.0000	0.0000	0.0000	0.0000	0.0000	0.0000	0.0000	0.0000	0.0037	0.0000	0.0037	0.0000	0.0000	0.0000	0.0037	0.0000	0.0037	0.0000	0.0000	0.0000	0.0000	0.0000	0.0000	0.0000	0.0000	0.0000	0.0576	0.0403	0.0173	0.0214	0.0205	0.0009	0.0362	0.0197	0.0164	0.0000	0.0000	0.0000	0.0000	0.0000	0.0000	0.0000	0.0000	0.0000	0.0635	0.0000	0.2115	0.0000	0.0000	0.0000	0.1012	0.0000	0.2230						
55	80	0.2191	19	1	0	1	1	0	0	0	0	N	N	N	N	N	N	N	N	N	N	N	N	0.0000	0.0000	0.0000	0.0000	0.0000	0.0000	0.0000	0.0000	0.0000	0.0000	0.0000	0.0000	0.0000	0.0000	0.0000	0.0000	0.0000	0.0000	0.0015	0.0005	0.0033	0.0029	0.0011	0.0302	0.0009	0.0000	0.0018	3.4538	0.0000	0.0000	0.0007	1.0477	3.2259	6.1154	0.0000	0.0000	0.0000	0.0000	0.0000	0.0000	0.0000	0.0000	0.0000	0.0001	0.0000	0.0000	0.0000	0.0000	0.0000	0.0000	0.0000	0.0000	0.0000	0.0000	0.0000	0.0000	0.0000	0.0000	0.0000	0.0000	0.0000	0.0353	0.0230	0.0124	0.0110	0.0103	0.0007	0.0244	0.0127	0.0117	0.0000	0.0000	0.0000	0.0000	0.0000	0.0000	0.0000	0.0000	0.0000	0.0015	0.0005	0.0033	0.0029	0.0011	0.0302	0.0009	0.0000	0.0018	
55	81	0.2126	18	0	0	0	1	0	0	0	0	N	N	N	N	N	N	N	N	N	N	N	N	0.0000	0.0000	0.0000	0.0000	0.0000	0.0000	0.0000	0.0000	0.0000	0.0000	0.0000	0.0000	0.0000	0.0000	0.0000	0.0000	0.0000	0.0000	0.0189	0.0050	0.0431	0.0674	0.0121	1.0217	0.0012	0.0004	0.0021	4.9291	0.0000	0.0001	0.0007	1.9794	3.2259	1.0196	0.0000	0.0000	0.0000	0.0000	0.0000	0.0000	0.0000	0.0000	0.0000	0.0003	0.0000	0.0002	0.0002	0.0000	0.0002	0.0000	0.0000	0.0000	0.0000	0.0000	0.0000	0.0000	0.0000	0.0000	0.0000	0.0000	0.0000	0.0133	0.0085	0.0049	0.0036	0.0033	0.0002	0.0098	0.0052	0.0046	0.0000	0.0000	0.0000	0.0000	0.0000	0.0000	0.0000	0.0000	0.0000	0.0189	0.0050	0.0431	0.0674	0.0121	0.8248	0.0012	0.0004	0.0021	
55	82	0.2104	17	0	0	0	1	0	0	0	0	N	N	N	N	N	N	N	N	N	N	N	N	0.0000	0.0000	0.0000	0.0000	0.0000	0.0000	0.0000	0.0000	0.0000	0.0000	0.0000	0.0000	0.0000	0.0000	0.0000	0.0000	0.0000	0.0852	0.0657	0.1189	0.3123	0.1637	4.3288	0.0001	0.0000	0.0002	1.0446	0.0000	-0.0000	0.0007	1.0114	3.2259	0.0202	0.0000	0.0000	0.0000	0.0000	0.0000	0.0000	0.0000	0.0000	0.0000	0.0004	0.0002	0.0002	0.0004	0.0002	0.0002	0.0000	0.0000	0.0000	0.0000	0.0000	0.0000	0.0000	0.0000	0.0000	0.0000	0.0000	0.0000	0.0048	0.0031	0.0018	0.0013	0.0012	0.0001	0.0035	0.0018	0.0017	0.0000	0.0000	0.0000	0.0000	0.0000	0.0000	0.0000	0.0000	0.0000	0.0852	0.0657	0.1189	0.3123	0.1637	2.4236	0.0001	0.0000	0.0002		
55	83	0.1899	16	0	0	0	1	0	0	0	0	N	N	N	N	N	N	N	N	N	N	N	N	0.0000	0.0000	0.0000	0.0000	0.0000	0.0000	0.0000	0.0000	0.0000	0.0000	0.0000	0.0000	0.0000	0.0000	0.0000	0.0000	0.0000	0.0000	0.0845	0.1321	0.0018	0.2986	0.3170	0.0129	0.0006	0.0000	0.0013	0.0079	0.0000	-0.0020	0.0007	5.9223	3.2259	3.6882	0.0000	0.0000	0.0000	0.0000	0.0000	0.0000	0.0000	0.0000	0.0000	0.0038	0.0038	0.0000	0.0038	0.0038	0.0000	0.0000	0.0000	0.0000	0.0000	0.0000	0.0000	0.0000	0.0000	0.0000	0.0000	0.0000	0.0000	0.0453	0.0287	0.0165	0.0127	0.0120	0.0008	0.0325	0.0168	0.0158	0.0000	0.0000	0.0000	0.0000	0.0000	0.0000	0.0000	0.0000	0.0000	0.0845	0.1321	0.0018	0.2986	0.3170	0.0129	0.0006	0.0000	0.0013	
55	84	0.1770	14	0	1	0	1	0	0	0	0	N	N	N	N	N	N	N	N	N	N	N	N	0.0000	0.0000	0.0000	0.0000	0.0000	0.0000	0.0000	0.0000	0.0000	0.0000	0.0000	0.0000	0.0000	0.0000	0.0000	0.0000	0.0000	1.0264	1.5936	0.0028	3.3052	3.4418	0.0000	0.0029	0.0027	0.0031	0.0010	0.0000	-0.0886	0.0007	7.1084	3.2259	28.8937	0.0000	0.0000	0.0000	0.0000	0.0000	0.0000	0.0000	0.0000	0.0000	0.1634	0.1633	0.0002	0.1631	0.1631	0.0000	0.0003	0.0001	0.0002	0.0001	0.0000	0.0000	0.0000	0.0000	0.0000	0.0000	0.0000	0.0000	0.1592	0.1024	0.0568	0.0537	0.0474	0.0063	0.1055	0.0551	0.0504	0.0000	0.0000	0.0000	0.0000	0.0000	0.0000	0.0000	0.0000	0.0000	1.0264	1.5936	0.0028	3.0354	3.4418	0.0000	0.0029	0.0027	0.0031		
55	85	0.1695	13	0	1	0	1	0	0	0	0	N	N	N	N	N	N	N	N	N	N	N	N	0.0000	0.0000	0.0000	0.0000	0.0000	0.0000	0.0000	0.0000	0.0000	0.0000	0.0000	0.0000	0.0000	0.0000	0.0000	0.0000	0.0000	0.0000	16.9710	24.0121	0.6295	48.6550	43.7565	18.6408	0.0221	0.0095	0.0369	0.0113	0.0000	-0.4269	0.0007	2.2208	3.2259	3.9129	0.0000	0.0000	0.0000	0.0000	0.0000	0.0000	0.0000	0.0000	0.0000	0.8027	0.7938	0.0090	0.8021	0.7936	0.0085	0.0006	0.0001	0.0005	0.0000	0.0000	0.0000	0.0000	0.0000	0.0000	0.0000	0.0000	0.0000	0.0473	0.0331	0.0142	0.0198	0.0181	0.0017	0.0275	0.0149	0.0126	0.0000	0.0000	0.0000	0.0000	0.0000	0.0000	0.0000	0.0000	0.0000	16.9710	24.0121	0.6295	40.5254	43.7565	5.1345	0.0221	0.0095	0.0369	
55	86	0.2450	15	0	0	1	1	0	0	0	0	N	N	N	N	N	N	N	N	N	N	N	N	0.0000	0.0000	0.0000	0.0000	0.0000	0.0000	0.0000	0.0000	0.0000	0.0000	0.0000	0.0000	0.0000	0.0000	0.0000	0.0000	0.0000	0.2803	0.4307	0.0143	0.7659	0.8489	0.0977	0.0020	0.0000	0.0039	0.0188	0.0000	-0.0083	0.0007	5.3425	3.2259	7.0749	0.0000	0.0000	0.0000	0.0000	0.0000	0.0000	0.0000	0.0000	0.0000	0.0158	0.0155	0.0003	0.0157	0.0155	0.0002	0.0001	0.0000	0.0001	0.0000	0.0000	0.0000	0.0000	0.0000	0.0000	0.0000	0.0000	0.0000	0.0564	0.0361	0.0204	0.0206	0.0183	0.0023	0.0359	0.0178	0.0181	0.0000	0.0000	0.0000	0.0000	0.0000	0.0000	0.0000	0.0000	0.0000	0.2803	0.4307	0.0143	0.7659	0.8489	0.0977	0.0020	0.0000	0.0039		
55	87	0.2018	14	0	0	0	1	0	0	0	0	N	N	N	N	N	N	N	N	N	N	N	N	0.0000	0.0000	0.0000	0.0000	0.0000	0.0000	0.0000	0.0000	0.0000	0.0000	0.0000	0.0000	0.0000	0.0000	0.0000	0.0000	0.0000	0.0000	7.3906	10.6830	0.5395	18.8197	19.4933	11.4175	0.0490	0.0000	0.1007	0.0243	0.0000	-0.4738	0.0007	7.0719	3.2259	13.7350	0.0000	0.0000	0.0000	0.0000	0.0000	0.0000	0.0000	0.0000	0.0000	0.9123	0.8907	0.0216	0.9087	0.8907	0.0180	0.0036	0.0000	0.0036	0.0001	0.0001	0.0000	0.0000	0.0000	0.0000	0.0000	0.0000	0.0000	0.1234	0.0834	0.0401	0.0501	0.0457	0.0044	0.0733	0.0377	0.0357	0.0000	0.0000	0.0000	0.0000	0.0000	0.0000	0.0000	0.0000	0.0000	7.3906	10.6830	0.5395	18.1375	19.4933	4.0875	0.0490	0.0000	0.1007	
55	88	0.2450	22	1	0	1	1	0	0	0	0	N	N	N	N	N	N	N	N	N	N	N	N	0.0000	0.0000	0.0000	0.0000	0.0000	0.0000	0.0000	0.0000	0.0000	0.0000	0.0000	0.0000	0.0000	0.0000	0.0000	0.0000	0.0000	0.0000	0.0000	0.0000	0.0007	0.0000	3.2259	0.0000	0.0000	0.0000	0.0000	0.0000	0.0000	0.0000	0.0000	0.0000	0.0000	0.0000	0.0000	0.0000	0.0000	0.0000	0.0000	0.0000	0.0000	0.0000	0.0000	0.0000	0.0000	0.0000	0.0000	0.0000	0.0000	0.0000	0.0000	0.0000	0.0000	0.0000	0.0000	0.0000	0.0000	0.0000	0.0000	0.0000	0.0000	0.0000	0.0000	0.0000	0.0000	0.0000	0.0000	0.0000	0.0000	0.0000	0.0000	0.0000	0.0000	0.0000	0.0000	0.0000	0.0000	0.0000											
55	89	0.2431	21	1	0	1	1	0	0	0	0	N	N	N	N	N	N	N	N	N	N	N	N	0.0000	0.0000	0.0000	0.0000	0.0000	0.0000	0.0000	0.0000	0.0000	0.0000	0.0000	0.0000	0.0000	0.0000	0.0000	0.0000	0.0000	0.0000	0.0000	0.0000	0.0007	0.0001	3.2259	0.9161	0.0000	0.0000	0.0000	0.0000	0.0000	0.0000	0.0000	0.0000	0.0000	0.0000	0.0000	0.0000	0.0000	0.0000	0.0000	0.0000	0.0000	0.0000	0.0000	0.0000	0.0000	0.0000	0.0000	0.0000	0.0000	0.0000	0.0000	0.0068	0.0047	0.0020	0.0027	0.0026	0.0001	0.0041	0.0021	0.0019	0.0000	0.0000	0.0000	0.0000	0.0000	0.0000	0.0000	0.0000	0.0000	0.0000	0.0000	0.0000	0.0000	0.0000	0.0000	0.0000	0.0000	0.0000											
55	90	0.2183	20	1	0	1	1	0	0	0	0	N	N	N	N	N	N	N	N	N	N	N	N	0.0000	0.0000	0.0000	0.0000	0.0000	0.0000	0.0000	0.0000	0.0000	0.0000	0.0000	0.0000	0.0000	0.0002	0.0000	0.0006	0.0000	0.0000	0.0000	0.0003	0.0000	0.0006	inf	0.0000	0.0000	0.0007	3.7876	3.2259	7.8440	0.0000	0.0000	0.0000	0.0000	0.0000	0.0000	0.0000	0.0000	0.0000	0.0000	0.0000	0.0000	0.0000	0.0000	0.0000	0.0000	0.0000	0.0000	0.0000	0.0000	0.0000	0.0000	0.0000	0.0000	0.0000	0.0000	0.0000	0.0506	0.0333	0.0173	0.0168	0.0157	0.0011	0.0338	0.0177	0.0161	0.0000	0.0000	0.0000	0.0000	0.0000	0.0000	0.0000	0.0000	0.0000	0.0002	0.0000	0.0006	0.0000	0.0000	0.0000	0.0003	0.0000	0.0006						
55	91	0.1291	10	0	1	0	2	0	0	0	0	N	N	N	Y	N	N	N	N	N	N	N	N	0.0000	0.0000	0.0000	0.0000	0.0000	0.0000	0.0000	0.0000	0.0000	0.0000	0.0000	0.0000	0.0000	0.0000	0.0000	0.0000	0.0000	0.0216	0.0005	0.0569	0.0011	0.0011	0.0001	0.0289	0.0000	0.0591	75.0017	0.0000	0.0008	0.0007	1.8247	3.2259	16.3284	0.0000	0.0000	0.0000	0.0000	0.0000	0.0000	0.0000	0.0000	0.0000	0.0017	0.0000	0.0017	0.0000	0.0000	0.0000	0.0017	0.0000	0.0017	0.0000	0.0000	0.0000	0.0000	0.0000	0.0000	0.0000	0.0000	0.0000	0.0791	0.0494	0.0297	0.0208	0.0197	0.0011	0.0584	0.0298	0.0286	0.0000	0.0000	0.0000	0.0000	0.0000	0.0000	0.0000	0.0000	0.0000	0.0216	0.0005	0.0569	0.0011	0.0011	0.0001	0.0289	0.0000	0.0591		
55	92	0.1396	11	0	1	0	1	0	0	0	0	N	N	N	N	N	N	N	N	N	N	N	N	0.0000	0.0000	0.0000	0.0000	0.0000	0.0000	0.0000	0.0000	0.0000	0.0000	0.0000	0.0000	0.0000	0.0000	0.0000	0.0000	0.0001	0.0001	0.0003	0.0002	0.0002	0.0000	0.0001	0.0000	0.0003	2.4667	0.0000	0.0000	0.0007	9.1310	3.2259	16.1726	0.0000	0.0000	0.0000	0.0000	0.0000	0.0000	0.0000	0.0000	0.0000	0.0000	0.0000	0.0000	0.0000	0.0000	0.0000	0.0000	0.0000	0.0000	0.0001	0.0001	0.0000	0.0000	0.0000	0.0000	0.0000	0.0000	0.0000	0.0982	0.0618	0.0363	0.0259	0.0243	0.0017	0.0722	0.0376	0.0347	0.0000	0.0000	0.0000	0.0000	0.0000	0.0000	0.0000	0.0000	0.0000	0.0001	0.0001	0.0003	0.0002	0.0002	0.0000	0.0001	0.0000	0.0003			
55	93	0.0961	9	0	1	0	1	0	0	0	0	N	N	N	N	N	N	N	N	N	N	N	N	0.0000	0.0000	0.0000	0.0000	0.0000	0.0000	0.0000	0.0000	0.0000	0.0000	0.0000	0.0000	0.0000	0.0000	0.0000	0.0000	0.0000	0.0207	0.0320	0.0004	0.0614	0.0682	0.0000	0.0002	0.0000	0.0004	0.0066	0.0000	-0.0008	0.0007	4.0959	3.2259	8.7137	0.0000	0.0000	0.0000	0.0000	0.0000	0.0000	0.0000	0.0000	0.0000	0.0015	0.0015	0.0000	0.0015	0.0015	0.0000	0.0000	0.0000	0.0000	0.0000	0.0000	0.0000	0.0000	0.0000	0.0000	0.0000	0.0000	0.0000	0.0736	0.0473	0.0263	0.0246	0.0222	0.0025	0.0489	0.0251	0.0238	0.0000	0.0000	0.0000	0.0000	0.0000	0.0000	0.0000	0.0000	0.0000	0.0207	0.0320	0.0004	0.0614	0.0682	0.0000	0.0002	0.0000	0.0004		
55	94	0.0778	8	0	1	0	1	0	0	0	0	N	N	N	N	N	N	N	N	N	N	N	N	0.0000	0.0000	0.0000	0.0000	0.0000	0.0000	0.0000	0.0000	0.0000	0.0000	0.0000	0.0000	0.0000	0.0000	0.0000	0.0000	0.0000	0.0000	0.1225	0.1956	0.0030	0.4739	0.5010	0.0439	0.0006	0.0000	0.0012	0.0092	0.0000	-0.0029	0.0007	2.9443	3.2259	6.1524	0.0000	0.0000	0.0000	0.0000	0.0000	0.0000	0.0000	0.0000	0.0000	0.0055	0.0054	0.0001	0.0055	0.0054	0.0000	0.0000	0.0000	0.0000	0.0000	0.0000	0.0000	0.0000	0.0000	0.0000	0.0000	0.0000	0.0000	0.0447	0.0278	0.0170	0.0115	0.0108	0.0007	0.0332	0.0169	0.0163	0.0000	0.0000	0.0000	0.0000	0.0000	0.0000	0.0000	0.0000	0.0000	0.1225	0.1956	0.0030	0.4739	0.5010	0.0439	0.0006	0.0000	0.0012	
55	95	0.0754	7	0	0	0	1	0	0	0	0	N	N	N	N	N	N	N	N	N	N	N	N	0.0000	0.0000	0.0000	0.0000	0.0000	0.0000	0.0000	0.0000	0.0000	0.0000	0.0000	0.0000	0.0000	0.0000	0.0000	0.0000	0.0000	0.0332	0.0403	0.0189	0.0783	0.0801	0.0000	0.0095	0.0000	0.0193	0.2322	0.0000	-0.0002	0.0007	0.8596	3.2259	1.2300	0.0000	0.0000	0.0000	0.0000	0.0000	0.0000	0.0000	0.0000	0.0000	0.0006	0.0005	0.0001	0.0005	0.0005	0.0000	0.0001	0.0000	0.0001	0.0000	0.0000	0.0000	0.0000	0.0000	0.0000	0.0000	0.0000	0.0000	0.0177	0.0119	0.0059	0.0061	0.0060	0.0001	0.0116	0.0059	0.0057	0.0000	0.0000	0.0000	0.0000	0.0000	0.0000	0.0000	0.0000	0.0000	0.0332	0.0403	0.0189	0.0783	0.0801	0.0000	0.0095	0.0000	0.0193		
55	98	0.2183	20	0	1	0	1	0	0	0	0	N	N	N	N	N	N	N	N	N	N	N	N	0.0000	0.0000	0.0000	0.0000	0.0000	0.0000	0.0000	0.0000	0.0000	0.0000	0.0000	0.0000	0.0000	0.0002	0.0000	0.0005	0.0000	0.0000	0.0000	0.0003	0.0000	0.0005	inf	0.0000	0.0000	0.0007	1.3608	3.2259	12.1483	0.0000	0.0000	0.0000	0.0000	0.0000	0.0000	0.0000	0.0000	0.0000	0.0000	0.0000	0.0000	0.0000	0.0000	0.0000	0.0000	0.0000	0.0000	0.0000	0.0000	0.0000	0.0000	0.0000	0.0000	0.0000	0.0000	0.0000	0.0575	0.0378	0.0197	0.0189	0.0176	0.0013	0.0386	0.0202	0.0184	0.0000	0.0000	0.0000	0.0000	0.0000	0.0000	0.0000	0.0000	0.0000	0.0002	0.0000	0.0005	0.0000	0.0000	0.0000	0.0003	0.0000	0.0005						
55	99	0.2146	19	0	0	0	1	0	0	0	0	N	N	N	N	N	N	N	N	N	N	N	N	0.0000	0.0000	0.0000	0.0000	0.0000	0.0000	0.0000	0.0000	0.0000	0.0000	0.0000	0.0000	0.0000	0.0008	0.0012	0.0000	0.0024	0.0025	0.0000	0.0000	0.0000	0.0000	0.0000	0.0000	-0.0000	0.0007	1.5300	3.2259	0.7696	0.0000	0.0000	0.0000	0.0000	0.0000	0.0000	0.0000	0.0000	0.0000	0.0000	0.0000	0.0000	0.0000	0.0000	0.0000	0.0000	0.0000	0.0000	0.0000	0.0000	0.0000	0.0000	0.0000	0.0000	0.0000	0.0000	0.0000	0.0119	0.0080	0.0039	0.0042	0.0040	0.0002	0.0077	0.0040	0.0037	0.0000	0.0000	0.0000	0.0000	0.0000	0.0000	0.0000	0.0000	0.0000	0.0008	0.0012	0.0000	0.0024	0.0025	0.0000	0.0000	0.0000	0.0000						
55	100	0.2058	18	0	0	0	1	0	0	0	0	N	N	N	N	N	N	N	N	N	N	N	N	0.0000	0.0000	0.0000	0.0000	0.0000	0.0000	0.0000	0.0000	0.0000	0.0000	0.0000	0.0000	0.0000	0.0000	0.0000	0.0000	0.0000	0.0000	0.0000	0.0000	0.0000	0.0000	inf	0.0000	0.0000	0.0007	3.6906	3.2259	1.4800	0.0000	0.0000	0.0000	0.0000	0.0000	0.0000	0.0000	0.0000	0.0000	0.0000	0.0000	0.0000	0.0000	0.0000	0.0000	0.0000	0.0000	0.0000	0.0000	0.0000	0.0000	0.0000	0.0000	0.0000	0.0000	0.0000	0.0000	0.0233	0.0151	0.0083	0.0072	0.0066	0.0006	0.0161	0.0084	0.0077	0.0000	0.0000	0.0000	0.0000	0.0000	0.0000	0.0000	0.0000	0.0000	0.0000	0.0000	0.0000	0.0000	0.0000	0.0000	0.0000	0.0000	0.0000						
55	101	0.2058	17	0	0	0	1	0	0	0	0	N	N	N	N	N	N	N	N	N	N	N	N	0.0000	0.0000	0.0000	0.0000	0.0000	0.0000	0.0000	0.0000	0.0000	0.0000	0.0000	0.0000	0.0000	0.0000	0.0000	0.0000	0.0000	0.0000	0.0001	0.0001	0.0001	0.0000	0.0000	0.0000	0.0001	1.0000	0.0000	-0.0000	0.0007	0.1361	3.2259	0.4500	0.0000	0.0000	0.0000	0.0000	0.0000	0.0000	0.0000	0.0000	0.0000	0.0000	0.0000	0.0000	0.0000	0.0000	0.0000	0.0000	0.0000	0.0000	0.0000	0.0000	0.0000	0.0000	0.0000	0.0000	0.0000	0.0000	0.0000	0.0036	0.0024	0.0012	0.0014	0.0013	0.0001	0.0023	0.0012	0.0011	0.0000	0.0000	0.0000	0.0000	0.0000	0.0000	0.0000	0.0000	0.0000	0.0000	0.0000	0.0001	0.0001	0.0001	0.0000	0.0000	0.0000	0.0001			
55	102	0.1899	16	0	0	0	1	0	0	0	0	N	N	N	N	N	N	N	N	N	N	N	N	0.0000	0.0000	0.0000	0.0000	0.0000	0.0000	0.0000	0.0000	0.0000	0.0000	0.0000	0.0000	0.0000	0.0000	0.0000	0.0000	0.0000	0.0027	0.0000	0.0073	0.0009	0.0000	0.0152	0.0034	0.0000	0.0069	1063.2871	0.0000	0.0000	0.0007	3.5591	3.2259	4.5341	0.0000	0.0000	0.0000	0.0000	0.0000	0.0000	0.0000	0.0000	0.0000	0.0001	0.0000	0.0001	0.0000	0.0000	0.0000	0.0001	0.0000	0.0001	0.0000	0.0000	0.0000	0.0000	0.0000	0.0000	0.0000	0.0000	0.0000	0.0390	0.0248	0.0142	0.0111	0.0105	0.0007	0.0279	0.0143	0.0136	0.0000	0.0000	0.0000	0.0000	0.0000	0.0000	0.0000	0.0000	0.0000	0.0027	0.0000	0.0073	0.0009	0.0000	0.0152	0.0034	0.0000	0.0069		
55	103	0.1682	15	0	0	0	1	0	0	0	0	N	N	N	N	N	N	N	N	N	N	N	N	0.0000	0.0000	0.0000	0.0000	0.0000	0.0000	0.0000	0.0000	0.0000	0.0000	0.0000	0.0000	0.0000	0.0000	0.0000	0.0000	0.0022	0.0032	0.0006	0.0075	0.0079	0.0000	0.0003	0.0000	0.0006	0.1033	0.0000	-0.0001	0.0007	2.8937	3.2259	8.0733	0.0000	0.0000	0.0000	0.0000	0.0000	0.0000	0.0000	0.0000	0.0000	0.0001	0.0001	0.0000	0.0001	0.0001	0.0000	0.0000	0.0000	0.0000	0.0000	0.0000	0.0000	0.0000	0.0000	0.0000	0.0000	0.0000	0.0000	0.0514	0.0322	0.0192	0.0139	0.0131	0.0008	0.0375	0.0191	0.0184	0.0000	0.0000	0.0000	0.0000	0.0000	0.0000	0.0000	0.0000	0.0000	0.0022	0.0032	0.0006	0.0075	0.0079	0.0000	0.0003	0.0000	0.0006			
55	104	0.1630	11	0	1	0	1	0	0	0	0	N	N	N	N	N	N	N	N	N	N	N	N	0.0000	0.0000	0.0000	0.0000	0.0000	0.0000	0.0000	0.0000	0.0000	0.0000	0.0000	0.0000	0.0000	0.0000	0.0000	0.0477	0.0000	0.1951	0.0277	0.0000	0.8302	0.0622	0.0000	0.1609	inf	0.0000	0.0003	0.0007	0.0277	3.2259	1.3445	0.0000	0.0000	0.0000	0.0000	0.0000	0.0000	0.0000	0.0000	0.0000	0.0006	0.0000	0.0006	0.0002	0.0000	0.0002	0.0005	0.0000	0.0005	0.0000	0.0000	0.0000	0.0000	0.0000	0.0000	0.0000	0.0000	0.0000	0.0130	0.0098	0.0032	0.0055	0.0052	0.0003	0.0076	0.0046	0.0029	0.0000	0.0000	0.0000	0.0000	0.0000	0.0000	0.0000	0.0000	0.0000	0.0477	0.0000	0.1951	0.0277	0.0000	0.5773	0.0622	0.0000	0.1609				
55	105	0.1163	10	0	1	0	1	0	0	0	0	N	N	N	N	N	N	N	N	N	N	N	N	0.0000	0.0000	0.0000	0.0000	0.0000	0.0000	0.0000	0.0000	0.0000	0.0000	0.0000	0.0000	0.0000	0.0000	0.0000	0.0000	0.0000	0.0000	0.0431	0.0110	0.0979	0.0284	0.0291	0.0151	0.0481	0.0000	0.1007	5.2026	0.0000	0.0011	0.0007	5.1414	3.2259	16.4151	0.0000	0.0000	0.0000	0.0000	0.0000	0.0000	0.0000	0.0000	0.0000	0.0038	0.0006	0.0032	0.0006	0.0006	0.0000	0.0032	0.0000	0.0032	0.0000	0.0000	0.0000	0.0000	0.0000	0.0000	0.0000	0.0000	0.0000	0.0893	0.0563	0.0330	0.0224	0.0213	0.0011	0.0668	0.0349	0.0319	0.0000	0.0000	0.0000	0.0000	0.0000	0.0000	0.0000	0.0000	0.0000	0.0431	0.0110	0.0979	0.0284	0.0291	0.0151	0.0481	0.0000	0.1007	
55	106	0.1081	9	0	0	0	1	0	0	0	0	N	N	N	N	N	N	N	N	N	N	N	N	0.0000	0.0000	0.0000	0.0000	0.0000	0.0000	0.0000	0.0000	0.0000	0.0000	0.0000	0.0000	0.0000	0.0000	0.0000	0.0000	0.0000	0.0000	0.3860	0.1084	0.8733	0.2235	0.2294	0.0090	0.4588	0.0000	0.8935	4.5871	0.0000	0.0037	0.0007	3.8974	3.2259	1.6364	0.0000	0.0000	0.0000	0.0000	0.0000	0.0000	0.0000	0.0000	0.0000	0.0134	0.0024	0.0110	0.0024	0.0024	0.0000	0.0110	0.0000	0.0110	0.0000	0.0000	0.0000	0.0000	0.0000	0.0000	0.0000	0.0000	0.0000	0.0346	0.0220	0.0126	0.0107	0.0104	0.0003	0.0239	0.0116	0.0123	0.0000	0.0000	0.0000	0.0000	0.0000	0.0000	0.0000	0.0000	0.0000	0.3860	0.1084	0.8733	0.2235	0.2294	0.0090	0.4588	0.0000	0.8935	
55	109	0.1985	16	1	1	0	2	0	0	0	0	N	N	N	Y	N	N	N	N	N	N	N	N	0.0000	0.0000	0.0000	0.0000	0.0000	0.0000	0.0000	0.0000	0.0000	0.0000	0.0000	0.0000	0.0000	0.0000	0.0000	0.0000	0.0000	0.0000	0.0000	0.0000	0.0007	0.0000	3.2259	0.0000	0.0000	0.0000	0.0000	0.0000	0.0000	0.0000	0.0000	0.0000	0.0000	0.0000	0.0000	0.0000	0.0000	0.0000	0.0000	0.0000	0.0000	0.0000	0.0000	0.0000	0.0000	0.0000	0.0000	0.0000	0.0000	0.0000	0.0000	0.0000	0.0000	0.0000	0.0000	0.0000	0.0000	0.0000	0.0000	0.0000	0.0000	0.0000	0.0000	0.0000	0.0000	0.0000	0.0000	0.0000	0.0000	0.0000	0.0000	0.0000	0.0000	0.0000	0.0000	0.0000	0.0000	0.0000											
55	110	0.1835	15	1	1	0	2	0	0	0	0	N	N	N	Y	N	N	N	N	N	N	N	N	0.0000	0.0000	0.0000	0.0000	0.0000	0.0000	0.0000	0.0000	0.0000	0.0000	0.0000	0.0000	0.0000	0.0000	0.0000	0.0000	0.0000	0.0000	0.0000	0.0000	0.0007	0.0000	3.2259	7.1240	0.0000	0.0000	0.0000	0.0000	0.0000	0.0000	0.0000	0.0000	0.0000	0.0000	0.0000	0.0000	0.0000	0.0000	0.0000	0.0000	0.0000	0.0000	0.0000	0.0000	0.0000	0.0000	0.0000	0.0000	0.0000	0.0000	0.0000	0.0328	0.0209	0.0120	0.0098	0.0090	0.0008	0.0230	0.0119	0.0111	0.0000	0.0000	0.0000	0.0000	0.0000	0.0000	0.0000	0.0000	0.0000	0.0000	0.0000	0.0000	0.0000	0.0000	0.0000	0.0000	0.0000	0.0000											
55	111	0.1925	17	0	1	0	2	0	0	0	0	N	N	N	Y	N	N	N	N	N	N	N	N	0.0000	0.0000	0.0000	0.0000	0.0000	0.0000	0.0000	0.0000	0.0000	0.0000	0.0000	0.0000	0.0000	0.0000	0.0000	10.2184	15.9171	0.0000	31.4075	34.8255	0.0000	0.0000	0.0000	0.0000	0.0000	0.0000	-0.1265	0.0007	0.0016	3.2259	5.0076	0.0000	0.0000	0.0000	0.0000	0.0000	0.0000	0.0000	0.0000	0.0000	0.2330	0.2330	0.0000	0.2330	0.2330	0.0000	0.0000	0.0000	0.0000	0.0000	0.0000	0.0000	0.0000	0.0000	0.0000	0.0000	0.0000	0.0000	0.0228	0.0146	0.0082	0.0076	0.0067	0.0009	0.0152	0.0079	0.0073	0.0000	0.0000	0.0000	0.0000	0.0000	0.0000	0.0000	0.0000	0.0000	10.2184	15.9171	0.0000	30.8192	34.8255	0.0000	0.0000	0.0000	0.0000				
55	112	0.1857	16	0	1	0	2	0	0	0	0	N	N	N	Y	N	N	N	N	N	N	N	N	0.0000	0.0000	0.0000	0.0000	0.0000	0.0000	0.0000	0.0000	0.0000	0.0000	0.0000	0.0000	0.0000	0.0064	0.0100	0.0000	0.0192	0.0211	0.0000	0.0000	0.0000	0.0000	0.0000	0.0000	-0.0001	0.0007	1.0012	3.2259	2.1373	0.0000	0.0000	0.0000	0.0000	0.0000	0.0000	0.0000	0.0000	0.0000	0.0001	0.0001	0.0000	0.0001	0.0001	0.0000	0.0000	0.0000	0.0000	0.0000	0.0000	0.0000	0.0000	0.0000	0.0000	0.0000	0.0000	0.0000	0.0158	0.0101	0.0057	0.0052	0.0048	0.0005	0.0106	0.0053	0.0052	0.0000	0.0000	0.0000	0.0000	0.0000	0.0000	0.0000	0.0000	0.0000	0.0064	0.0100	0.0000	0.0192	0.0211	0.0000	0.0000	0.0000	0.0000						
55	113	0.1940	16	0	1	0	1	0	0	0	0	N	N	N	N	N	N	N	N	N	N	N	N	0.0000	0.0000	0.0000	0.0000	0.0000	0.0000	0.0000	0.0000	0.0000	0.0000	0.0000	0.0000	0.0000	0.0000	0.0000	0.0000	0.0000	0.0000	0.0000	0.0000	0.0007	0.9705	3.2259	5.0371	0.0000	0.0000	0.0000	0.0000	0.0000	0.0000	0.0000	0.0000	0.0000	0.0000	0.0000	0.0000	0.0000	0.0000	0.0000	0.0000	0.0000	0.0000	0.0000	0.0000	0.0000	0.0000	0.0000	0.0000	0.0000	0.0000	0.0000	0.0274	0.0176	0.0097	0.0083	0.0076	0.0007	0.0190	0.0100	0.0090	0.0000	0.0000	0.0000	0.0000	0.0000	0.0000	0.0000	0.0000	0.0000	0.0000	0.0000	0.0000	0.0000	0.0000	0.0000	0.0000	0.0000	0.0000											
55	114	0.1857	16	0	0	1	2	0	0	0	0	N	N	N	Y	N	N	N	N	N	N	N	N	0.0000	0.0000	0.0000	0.0000	0.0000	0.0000	0.0000	0.0000	0.0000	0.0000	0.0000	0.0000	0.0000	0.0000	0.0000	0.0000	0.0000	0.0000	0.0000	0.0000	0.0007	0.0000	3.2259	1.1303	0.0000	0.0000	0.0000	0.0000	0.0000	0.0000	0.0000	0.0000	0.0000	0.0000	0.0000	0.0000	0.0000	0.0000	0.0000	0.0000	0.0000	0.0000	0.0000	0.0000	0.0000	0.0000	0.0000	0.0000	0.0000	0.0000	0.0000	0.0069	0.0044	0.0025	0.0025	0.0023	0.0002	0.0044	0.0021	0.0023	0.0000	0.0000	0.0000	0.0000	0.0000	0.0000	0.0000	0.0000	0.0000	0.0000	0.0000	0.0000	0.0000	0.0000	0.0000	0.0000	0.0000	0.0000											
55	115	0.1835	15	0	0	0	2	0	0	0	0	N	N	N	Y	N	N	N	N	N	N	N	N	0.0000	0.0000	0.0000	0.0000	0.0000	0.0000	0.0000	0.0000	0.0000	0.0000	0.0000	0.0000	0.0000	0.0000	0.0000	0.0000	0.0000	0.0000	0.0000	0.0000	0.0007	0.0000	3.2259	1.2340	0.0000	0.0000	0.0000	0.0000	0.0000	0.0000	0.0000	0.0000	0.0000	0.0000	0.0000	0.0000	0.0000	0.0000	0.0000	0.0000	0.0000	0.0000	0.0000	0.0000	0.0000	0.0000	0.0000	0.0000	0.0000	0.0000	0.0000	0.0074	0.0047	0.0027	0.0026	0.0024	0.0002	0.0049	0.0023	0.0025	0.0000	0.0000	0.0000	0.0000	0.0000	0.0000	0.0000	0.0000	0.0000	0.0000	0.0000	0.0000	0.0000	0.0000	0.0000	0.0000	0.0000	0.0000											
55	116	0.1910	16	0	0	1	2	0	0	0	0	N	N	N	Y	N	N	N	N	N	N	N	N	0.0000	0.0000	0.0000	0.0000	0.0000	0.0000	0.0000	0.0000	0.0000	0.0000	0.0000	0.0000	0.0000	0.0000	0.0000	0.0000	0.0000	0.0000	0.0000	0.0000	0.0000	0.0000	0.0000	0.0000	-0.0000	0.0007	0.9725	3.2259	0.9874	0.0000	0.0000	0.0000	0.0000	0.0000	0.0000	0.0000	0.0000	0.0000	0.0000	0.0000	0.0000	0.0000	0.0000	0.0000	0.0000	0.0000	0.0000	0.0000	0.0000	0.0000	0.0000	0.0000	0.0000	0.0000	0.0000	0.0000	0.0092	0.0060	0.0031	0.0029	0.0026	0.0003	0.0063	0.0034	0.0029	0.0000	0.0000	0.0000	0.0000	0.0000	0.0000	0.0000	0.0000	0.0000	0.0000	0.0000	0.0000	0.0000	0.0000	0.0000	0.0000	0.0000	0.0000						
55	117	0.1910	16	0	0	1	2	0	0	0	0	N	N	N	Y	N	N	N	N	N	N	N	N	0.0000	0.0000	0.0000	0.0000	0.0000	0.0000	0.0000	0.0000	0.0000	0.0000	0.0000	0.0000	0.0000	0.0005	0.0000	0.0016	0.0000	0.0000	0.0000	0.0008	0.0000	0.0017	inf	0.0000	0.0000	0.0007	0.0285	3.2259	4.0215	0.0000	0.0000	0.0000	0.0000	0.0000	0.0000	0.0000	0.0000	0.0000	0.0000	0.0000	0.0000	0.0000	0.0000	0.0000	0.0000	0.0000	0.0000	0.0000	0.0000	0.0000	0.0000	0.0000	0.0000	0.0000	0.0000	0.0000	0.0182	0.0119	0.0064	0.0057	0.0051	0.0005	0.0126	0.0067	0.0058	0.0000	0.0000	0.0000	0.0000	0.0000	0.0000	0.0000	0.0000	0.0000	0.0005	0.0000	0.0016	0.0000	0.0000	0.0000	0.0008	0.0000	0.0017						
55	118	0.1835	15	0	0	1	2	0	0	0	0	N	N	N	Y	N	N	N	N	N	N	N	N	0.0000	0.0000	0.0000	0.0000	0.0000	0.0000	0.0000	0.0000	0.0000	0.0000	0.0000	0.0000	0.0000	0.0000	0.0000	0.0000	0.0000	0.0000	0.0000	0.0000	0.0000	0.0000	inf	0.0000	0.0000	0.0007	3.0275	3.2259	2.1573	0.0000	0.0000	0.0000	0.0000	0.0000	0.0000	0.0000	0.0000	0.0000	0.0000	0.0000	0.0000	0.0000	0.0000	0.0000	0.0000	0.0000	0.0000	0.0000	0.0000	0.0000	0.0000	0.0000	0.0000	0.0000	0.0000	0.0000	0.0246	0.0156	0.0090	0.0075	0.0069	0.0006	0.0171	0.0088	0.0083	0.0000	0.0000	0.0000	0.0000	0.0000	0.0000	0.0000	0.0000	0.0000	0.0000	0.0000	0.0000	0.0000	0.0000	0.0000	0.0000	0.0000	0.0000						
55	119	0.2248	15	1	1	0	1	0	0	0	0	N	N	N	N	N	N	N	N	N	N	N	N	0.0000	0.0000	0.0000	0.0000	0.0000	0.0000	0.0000	0.0000	0.0000	0.0000	0.0000	0.0000	0.0000	0.0000	0.0000	0.0000	0.0004	0.0001	0.0012	0.0001	0.0001	0.0000	0.0006	0.0000	0.0012	9.7665	0.0000	0.0000	0.0007	2.1883	3.2259	3.1271	0.0000	0.0000	0.0000	0.0000	0.0000	0.0000	0.0000	0.0000	0.0000	0.0000	0.0000	0.0000	0.0000	0.0000	0.0000	0.0000	0.0000	0.0000	0.0000	0.0000	0.0000	0.0000	0.0000	0.0000	0.0000	0.0000	0.0000	0.0250	0.0164	0.0085	0.0086	0.0080	0.0005	0.0164	0.0084	0.0080	0.0000	0.0000	0.0000	0.0000	0.0000	0.0000	0.0000	0.0000	0.0000	0.0004	0.0001	0.0012	0.0001	0.0001	0.0000	0.0006	0.0000	0.0012			
55	120	0.1578	14	1	1	0	1	0	0	0	0	N	N	N	N	N	N	N	N	N	N	N	N	0.0000	0.0000	0.0000	0.0000	0.0000	0.0000	0.0000	0.0000	0.0000	0.0000	0.0000	0.0000	0.0000	0.0233	0.0370	0.0000	0.0915	0.0974	0.0000	0.0000	0.0000	0.0000	0.0000	0.0000	-0.0015	0.0007	13.6104	3.2259	16.0982	0.0000	0.0000	0.0000	0.0000	0.0000	0.0000	0.0000	0.0000	0.0000	0.0028	0.0028	0.0000	0.0028	0.0028	0.0000	0.0000	0.0000	0.0000	0.0001	0.0001	0.0000	0.0000	0.0000	0.0000	0.0001	0.0001	0.0000	0.1215	0.0764	0.0450	0.0309	0.0290	0.0019	0.0906	0.0474	0.0432	0.0000	0.0000	0.0000	0.0000	0.0000	0.0000	0.0000	0.0000	0.0000	0.0233	0.0370	0.0000	0.0915	0.0974	0.0000	0.0000	0.0000	0.0000						
55	121	0.1831	16	0	1	0	1	0	0	0	0	N	N	N	N	N	N	N	N	N	N	N	N	0.0000	0.0000	0.0000	0.0000	0.0000	0.0000	0.0000	0.0000	0.0000	0.0000	0.0000	0.0000	0.0000	0.0000	0.0000	0.0000	0.0002	0.0000	0.0007	0.0000	0.0000	0.0000	0.0004	0.0000	0.0008	31.5290	0.0000	0.0000	0.0007	0.3548	3.2259	4.6068	0.0000	0.0000	0.0000	0.0000	0.0000	0.0000	0.0000	0.0000	0.0000	0.0000	0.0000	0.0000	0.0000	0.0000	0.0000	0.0000	0.0000	0.0000	0.0000	0.0000	0.0000	0.0000	0.0000	0.0000	0.0000	0.0000	0.0000	0.0428	0.0279	0.0149	0.0179	0.0158	0.0021	0.0249	0.0122	0.0128	0.0000	0.0000	0.0000	0.0000	0.0000	0.0000	0.0000	0.0000	0.0000	0.0002	0.0000	0.0007	0.0000	0.0000	0.0000	0.0004	0.0000	0.0008			
55	122	0.1682	15	0	1	0	1	0	0	0	0	N	N	N	N	N	N	N	N	N	N	N	N	0.0000	0.0000	0.0000	0.0000	0.0000	0.0000	0.0000	0.0000	0.0000	0.0000	0.0000	0.0000	0.0000	0.0000	0.0000	0.0000	0.0000	0.0006	0.0005	0.0008	0.0010	0.0011	0.0000	0.0004	0.0000	0.0008	1.0247	0.0000	-0.0000	0.0007	1.6911	3.2259	5.7022	0.0000	0.0000	0.0000	0.0000	0.0000	0.0000	0.0000	0.0000	0.0000	0.0000	0.0000	0.0000	0.0000	0.0000	0.0000	0.0000	0.0000	0.0000	0.0000	0.0000	0.0000	0.0000	0.0000	0.0000	0.0000	0.0000	0.0000	0.0365	0.0228	0.0137	0.0102	0.0096	0.0006	0.0263	0.0132	0.0131	0.0000	0.0000	0.0000	0.0000	0.0000	0.0000	0.0000	0.0000	0.0000	0.0006	0.0005	0.0008	0.0010	0.0011	0.0000	0.0004	0.0000	0.0008		
55	123	0.1578	14	0	0	0	1	0	0	0	0	N	N	N	N	N	N	N	N	N	N	N	N	0.0000	0.0000	0.0000	0.0000	0.0000	0.0000	0.0000	0.0000	0.0000	0.0000	0.0000	0.0000	0.0000	0.0000	0.0000	0.0000	0.0000	0.0004	0.0007	0.0001	0.0015	0.0016	0.0000	0.0000	0.0000	0.0001	0.0550	0.0000	-0.0000	0.0007	2.0929	3.2259	3.1856	0.0000	0.0000	0.0000	0.0000	0.0000	0.0000	0.0000	0.0000	0.0000	0.0000	0.0000	0.0000	0.0000	0.0000	0.0000	0.0000	0.0000	0.0000	0.0000	0.0000	0.0000	0.0000	0.0000	0.0000	0.0000	0.0000	0.0000	0.0271	0.0169	0.0102	0.0077	0.0074	0.0004	0.0193	0.0095	0.0098	0.0000	0.0000	0.0000	0.0000	0.0000	0.0000	0.0000	0.0000	0.0000	0.0004	0.0007	0.0001	0.0015	0.0016	0.0000	0.0000	0.0000	0.0001		
55	124	0.1986	17	1	1	0	1	0	0	0	0	N	N	N	N	N	N	N	N	N	N	N	N	0.0000	0.0000	0.0000	0.0000	0.0000	0.0000	0.0000	0.0000	0.0000	0.0000	0.0000	0.0000	0.0000	0.0000	0.0000	0.0000	0.0000	0.0000	0.0000	0.0000	0.0007	0.0000	3.2259	0.0000	0.0000	0.0000	0.0000	0.0000	0.0000	0.0000	0.0000	0.0000	0.0000	0.0000	0.0000	0.0000	0.0000	0.0000	0.0000	0.0000	0.0000	0.0000	0.0000	0.0000	0.0000	0.0000	0.0000	0.0000	0.0000	0.0000	0.0000	0.0000	0.0000	0.0000	0.0000	0.0000	0.0000	0.0000	0.0000	0.0000	0.0000	0.0000	0.0000	0.0000	0.0000	0.0000	0.0000	0.0000	0.0000	0.0000	0.0000	0.0000	0.0000	0.0000	0.0000	0.0000	0.0000	0.0000											
55	125	0.1940	16	1	1	0	1	0	0	0	0	N	N	N	N	N	N	N	N	N	N	N	N	0.0000	0.0000	0.0000	0.0000	0.0000	0.0000	0.0000	0.0000	0.0000	0.0000	0.0000	0.0000	0.0000	0.0000	0.0000	0.0000	0.0000	0.0000	0.0000	0.0000	0.0007	0.1434	3.2259	1.9839	0.0000	0.0000	0.0000	0.0000	0.0000	0.0000	0.0000	0.0000	0.0000	0.0000	0.0000	0.0000	0.0000	0.0000	0.0000	0.0000	0.0000	0.0000	0.0000	0.0000	0.0000	0.0000	0.0000	0.0000	0.0000	0.0000	0.0000	0.0106	0.0069	0.0037	0.0034	0.0031	0.0003	0.0072	0.0038	0.0034	0.0000	0.0000	0.0000	0.0000	0.0000	0.0000	0.0000	0.0000	0.0000	0.0000	0.0000	0.0000	0.0000	0.0000	0.0000	0.0000	0.0000	0.0000											
55	126	0.1835	15	0	1	0	1	0	0	0	0	N	N	N	N	N	N	N	N	N	N	N	N	0.0000	0.0000	0.0000	0.0000	0.0000	0.0000	0.0000	0.0000	0.0000	0.0000	0.0000	0.0000	0.0000	0.0000	0.0000	0.0000	0.0000	0.0000	0.0000	-0.0000	0.0007	1.8882	3.2259	2.9115	0.0000	0.0000	0.0000	0.0000	0.0000	0.0000	0.0000	0.0000	0.0000	0.0000	0.0000	0.0000	0.0000	0.0000	0.0000	0.0000	0.0000	0.0000	0.0000	0.0000	0.0000	0.0000	0.0000	0.0000	0.0000	0.0000	0.0000	0.0230	0.0146	0.0084	0.0070	0.0064	0.0006	0.0159	0.0082	0.0078	0.0000	0.0000	0.0000	0.0000	0.0000	0.0000	0.0000	0.0000	0.0000	0.0000	0.0000	0.0000	0.0000	0.0000	0.0000	0.0000	0.0000	0.0000											
55	127	0.1578	14	0	0	0	1	0	0	0	0	N	N	N	N	N	N	N	N	N	N	N	N	0.0000	0.0000	0.0000	0.0000	0.0000	0.0000	0.0000	0.0000	0.0000	0.0000	0.0000	0.0000	0.0000	0.0000	0.0000	0.0000	0.0000	0.0000	0.0001	0.0001	0.0000	0.0000	0.0000	0.0000	0.0164	0.0000	-0.0000	0.0007	3.5543	3.2259	9.0319	0.0000	0.0000	0.0000	0.0000	0.0000	0.0000	0.0000	0.0000	0.0000	0.0000	0.0000	0.0000	0.0000	0.0000	0.0000	0.0000	0.0000	0.0000	0.0000	0.0000	0.0000	0.0000	0.0000	0.0000	0.0000	0.0000	0.0000	0.0574	0.0360	0.0214	0.0152	0.0144	0.0008	0.0421	0.0216	0.0205	0.0000	0.0000	0.0000	0.0000	0.0000	0.0000	0.0000	0.0000	0.0000	0.0000	0.0000	0.0000	0.0001	0.0001	0.0000	0.0000	0.0000	0.0000				
55	128	0.1542	13	0	0	0	1	0	0	0	0	N	N	N	N	N	N	N	N	N	N	N	N	0.0000	0.0000	0.0000	0.0000	0.0000	0.0000	0.0000	0.0000	0.0000	0.0000	0.0000	0.0000	0.0000	0.0000	0.0000	0.0000	0.0002	0.0002	0.0001	0.0003	0.0003	0.0000	0.0001	0.0000	0.0001	0.3040	0.0000	-0.0000	0.0007	2.6246	3.2259	0.7212	0.0000	0.0000	0.0000	0.0000	0.0000	0.0000	0.0000	0.0000	0.0000	0.0000	0.0000	0.0000	0.0000	0.0000	0.0000	0.0000	0.0000	0.0000	0.0000	0.0000	0.0000	0.0000	0.0000	0.0000	0.0000	0.0000	0.0000	0.0224	0.0140	0.0084	0.0078	0.0076	0.0002	0.0146	0.0065	0.0082	0.0000	0.0000	0.0000	0.0000	0.0000	0.0000	0.0000	0.0000	0.0000	0.0002	0.0002	0.0001	0.0003	0.0003	0.0000	0.0001	0.0000	0.0001			
55	129	0.1484	12	0	0	0	1	0	0	0	0	N	N	N	N	N	N	N	N	N	N	N	N	0.0000	0.0000	0.0000	0.0000	0.0000	0.0000	0.0000	0.0000	0.0000	0.0000	0.0000	0.0000	0.0000	0.0000	0.0000	0.0000	0.0000	0.0006	0.0000	0.0016	0.0000	0.0000	0.0002	0.0008	0.0000	0.0016	49.1663	0.0000	0.0000	0.0007	3.3474	3.2259	1.3769	0.0000	0.0000	0.0000	0.0000	0.0000	0.0000	0.0000	0.0000	0.0000	0.0000	0.0000	0.0000	0.0000	0.0000	0.0000	0.0000	0.0000	0.0000	0.0000	0.0000	0.0000	0.0000	0.0000	0.0000	0.0000	0.0000	0.0000	0.0230	0.0150	0.0079	0.0066	0.0062	0.0003	0.0164	0.0088	0.0076	0.0000	0.0000	0.0000	0.0000	0.0000	0.0000	0.0000	0.0000	0.0000	0.0006	0.0000	0.0016	0.0000	0.0000	0.0002	0.0008	0.0000	0.0016		
55	130	0.1396	11	0	0	0	1	0	0	0	0	N	N	N	N	N	N	N	N	N	N	N	N	0.0000	0.0000	0.0000	0.0000	0.0000	0.0000	0.0000	0.0000	0.0000	0.0000	0.0000	0.0000	0.0000	0.0000	0.0000	0.0000	0.0000	0.0679	0.0000	0.1857	0.0000	0.0000	0.0000	0.0958	0.0000	0.1938	15467.4285	0.0000	0.0007	0.0007	0.4686	3.2259	4.0374	0.0000	0.0000	0.0000	0.0000	0.0000	0.0000	0.0000	0.0000	0.0000	0.0014	0.0000	0.0014	0.0000	0.0000	0.0000	0.0014	0.0000	0.0014	0.0000	0.0000	0.0000	0.0000	0.0000	0.0000	0.0000	0.0000	0.0000	0.0213	0.0135	0.0078	0.0062	0.0059	0.0003	0.0151	0.0076	0.0074	0.0000	0.0000	0.0000	0.0000	0.0000	0.0000	0.0000	0.0000	0.0000	0.0679	0.0000	0.1857	0.0000	0.0000	0.0000	0.0958	0.0000	0.1938		
56	59	0.2363	21	0	1	1	1	0	0	0	0	N	N	N	N	N	N	N	N	N	N	N	N	0.0000	0.0000	0.0000	0.0000	0.0000	0.0000	0.0000	0.0000	0.0000	0.0000	0.0000	0.0000	0.0000	0.0000	0.0000	0.0000	0.0000	0.0000	0.0000	0.0000	0.0000	0.0000	0.0000	0.0000	0.0000	13.7518	0.0000	0.0000	0.9953	0.9979	1.3904	4.0614	0.0000	0.0000	0.0000	0.0000	0.0000	0.0000	0.0000	0.0000	0.0000	0.0000	0.0000	0.0000	0.0000	0.0000	0.0000	0.0000	0.0000	0.0000	0.0068	0.0059	0.0009	0.0012	0.0011	0.0001	0.0056	0.0048	0.0008	0.0180	0.0123	0.0057	0.0061	0.0057	0.0004	0.0119	0.0066	0.0053	0.0000	0.0000	0.0000	0.0000	0.0000	0.0000	0.0000	0.0000	0.0000	0.0000	0.0000	0.0000	0.0000	0.0000	0.0000	0.0000	0.0000	0.0000			
56	60	0.2279	20	0	1	0	1	0	0	0	0	N	N	N	N	N	N	N	N	N	N	N	N	0.0000	0.0000	0.0000	0.0000	0.0000	0.0000	0.0000	0.0000	0.0000	0.0000	0.0000	0.0000	0.0000	0.0000	0.0000	0.0000	0.0000	0.0001	0.0000	0.0003	0.0000	0.0000	0.0001	0.0001	0.0000	0.0003	38.5026	0.0000	0.0000	0.9953	2.2356	1.3904	2.2044	0.0000	0.0000	0.0000	0.0000	0.0000	0.0000	0.0000	0.0000	0.0000	0.0000	0.0000	0.0000	0.0000	0.0000	0.0000	0.0000	0.0000	0.0000	0.0156	0.0136	0.0020	0.0030	0.0028	0.0002	0.0127	0.0108	0.0018	0.0154	0.0104	0.0050	0.0050	0.0047	0.0003	0.0103	0.0057	0.0047	0.0000	0.0000	0.0000	0.0000	0.0000	0.0000	0.0000	0.0000	0.0000	0.0001	0.0000	0.0003	0.0000	0.0000	0.0001	0.0001	0.0000	0.0003		
56	61	0.2073	18	1	0	1	1	0	0	0	0	N	N	N	N	N	N	N	N	N	N	N	N	0.0000	0.0000	0.0000	0.0000	0.0000	0.0000	0.0000	0.0000	0.0000	0.0000	0.0000	0.0000	0.0000	0.0000	0.0000	0.0000	0.0000	0.0956	0.1462	0.0010	0.3442	0.3684	0.0000	0.0009	0.0008	0.0010	0.0035	0.0000	-0.0016	0.9953	2.0703	1.3904	7.0012	0.0000	0.0000	0.0000	0.0000	0.0000	0.0000	0.0000	0.0000	0.0000	0.0029	0.0029	0.0000	0.0029	0.0029	0.0000	0.0000	0.0000	0.0000	0.0151	0.0132	0.0019	0.0026	0.0025	0.0001	0.0125	0.0107	0.0018	0.0304	0.0198	0.0106	0.0084	0.0078	0.0005	0.0220	0.0120	0.0100	0.0000	0.0000	0.0000	0.0000	0.0000	0.0000	0.0000	0.0000	0.0000	0.0956	0.1462	0.0010	0.3442	0.3684	0.0000	0.0009	0.0008	0.0010		
56	62	0.2057	17	0	0	0	1	0	0	0	0	N	N	N	N	N	N	N	N	N	N	N	N	0.0000	0.0000	0.0000	0.0000	0.0000	0.0000	0.0000	0.0000	0.0000	0.0000	0.0000	0.0000	0.0000	0.0000	0.0000	0.0000	0.0000	0.0000	0.0019	0.0026	0.0006	0.0064	0.0064	0.0063	0.0002	0.0000	0.0003	0.1265	0.0000	-0.0000	0.9953	0.9285	1.3904	0.0280	0.0000	0.0000	0.0000	0.0000	0.0000	0.0000	0.0000	0.0000	0.0000	0.0000	0.0000	0.0000	0.0000	0.0000	0.0000	0.0000	0.0000	0.0000	0.0066	0.0058	0.0008	0.0010	0.0010	0.0000	0.0056	0.0048	0.0008	0.0034	0.0022	0.0012	0.0010	0.0009	0.0001	0.0024	0.0013	0.0011	0.0000	0.0000	0.0000	0.0000	0.0000	0.0000	0.0000	0.0000	0.0000	0.0019	0.0026	0.0006	0.0064	0.0064	0.0063	0.0002	0.0000	0.0003	
56	63	0.1679	12	1	1	0	1	0	0	0	0	N	N	N	N	N	N	N	N	N	N	N	N	0.0000	0.0000	0.0000	0.0000	0.0000	0.0000	0.0000	0.0000	0.0000	0.0000	0.0000	0.0000	0.0000	0.0000	0.0000	0.0000	0.0000	0.0000	0.0000	0.0000	0.0000	0.0000	0.0000	0.0000	0.0000	0.0779	0.0000	-0.0000	0.9953	1.0023	1.3904	3.0135	0.0000	0.0000	0.0000	0.0000	0.0000	0.0000	0.0000	0.0000	0.0000	0.0000	0.0000	0.0000	0.0000	0.0000	0.0000	0.0000	0.0000	0.0000	0.0072	0.0062	0.0009	0.0009	0.0008	0.0001	0.0062	0.0054	0.0009	0.0143	0.0094	0.0048	0.0041	0.0039	0.0002	0.0101	0.0055	0.0046	0.0000	0.0000	0.0000	0.0000	0.0000	0.0000	0.0000	0.0000	0.0000	0.0000	0.0000	0.0000	0.0000	0.0000	0.0000	0.0000	0.0000	0.0000			
56	64	0.1416	11	1	1	0	1	0	0	0	0	N	N	N	N	N	N	N	N	N	N	N	N	0.0000	0.0000	0.0000	0.0000	0.0000	0.0000	0.0000	0.0000	0.0000	0.0000	0.0000	0.0000	0.0000	0.0000	0.0000	0.0000	0.0000	0.0003	0.0005	0.0000	0.0011	0.0012	0.0000	0.0000	0.0000	0.0000	0.0231	0.0000	-0.0000	0.9953	3.0820	1.3904	9.3392	0.0000	0.0000	0.0000	0.0000	0.0000	0.0000	0.0000	0.0000	0.0000	0.0000	0.0000	0.0000	0.0000	0.0000	0.0000	0.0000	0.0000	0.0000	0.0270	0.0233	0.0037	0.0082	0.0072	0.0011	0.0188	0.0161	0.0026	0.0411	0.0269	0.0142	0.0112	0.0106	0.0006	0.0298	0.0163	0.0136	0.0000	0.0000	0.0000	0.0000	0.0000	0.0000	0.0000	0.0000	0.0000	0.0003	0.0005	0.0000	0.0011	0.0012	0.0000	0.0000	0.0000	0.0000		
56	65	0.2279	20	0	1	0	1	0	0	0	0	N	N	N	N	N	N	N	N	N	N	N	N	0.0000	0.0000	0.0000	0.0000	0.0000	0.0000	0.0000	0.0000	0.0000	0.0000	0.0000	0.0000	0.0000	0.0000	0.0000	0.0000	0.0409	0.0604	0.0012	0.1265	0.1350	0.0000	0.0006	0.0000	0.0013	0.0097	0.0000	-0.0006	0.9953	1.7946	1.3904	5.9592	0.0000	0.0000	0.0000	0.0000	0.0000	0.0000	0.0000	0.0000	0.0000	0.0010	0.0010	0.0000	0.0010	0.0010	0.0000	0.0000	0.0000	0.0000	0.0127	0.0111	0.0016	0.0025	0.0023	0.0001	0.0103	0.0088	0.0015	0.0254	0.0170	0.0084	0.0081	0.0076	0.0005	0.0173	0.0094	0.0079	0.0000	0.0000	0.0000	0.0000	0.0000	0.0000	0.0000	0.0000	0.0000	0.0409	0.0604	0.0012	0.1265	0.1350	0.0000	0.0006	0.0000	0.0013			
56	66	0.2211	19	0	1	0	1	0	0	0	0	N	N	N	N	N	N	N	N	N	N	N	N	0.0000	0.0000	0.0000	0.0000	0.0000	0.0000	0.0000	0.0000	0.0000	0.0000	0.0000	0.0000	0.0000	0.0000	0.0000	0.0000	0.0002	0.0002	0.0000	0.0004	0.0005	0.0000	0.0000	0.0000	0.0001	0.1204	0.0000	-0.0000	0.9953	1.3569	1.3904	2.0560	0.0000	0.0000	0.0000	0.0000	0.0000	0.0000	0.0000	0.0000	0.0000	0.0000	0.0000	0.0000	0.0000	0.0000	0.0000	0.0000	0.0000	0.0000	0.0104	0.0091	0.0013	0.0021	0.0020	0.0001	0.0083	0.0071	0.0012	0.0118	0.0077	0.0041	0.0037	0.0035	0.0002	0.0080	0.0042	0.0038	0.0000	0.0000	0.0000	0.0000	0.0000	0.0000	0.0000	0.0000	0.0000	0.0002	0.0002	0.0000	0.0004	0.0005	0.0000	0.0000	0.0000	0.0001			
56	67	0.2077	18	0	1	0	1	0	0	0	0	N	N	N	N	N	N	N	N	N	N	N	N	0.0000	0.0000	0.0000	0.0000	0.0000	0.0000	0.0000	0.0000	0.0000	0.0000	0.0000	0.0000	0.0000	0.0000	0.0000	0.0000	0.0000	0.0000	0.0000	0.0000	0.0000	0.0000	0.0000	0.0000	0.0000	0.3016	0.0000	-0.0000	0.9953	4.9477	1.3904	2.0153	0.0000	0.0000	0.0000	0.0000	0.0000	0.0000	0.0000	0.0000	0.0000	0.0000	0.0000	0.0000	0.0000	0.0000	0.0000	0.0000	0.0000	0.0000	0.0360	0.0314	0.0046	0.0067	0.0063	0.0004	0.0292	0.0251	0.0041	0.0235	0.0158	0.0077	0.0079	0.0074	0.0005	0.0156	0.0084	0.0072	0.0000	0.0000	0.0000	0.0000	0.0000	0.0000	0.0000	0.0000	0.0000	0.0000	0.0000	0.0000	0.0000	0.0000	0.0000	0.0000	0.0000	0.0000			
56	68	0.0745	4	0	0	1	1	0	0	0	0	N	N	N	N	N	N	N	N	N	N	N	N	0.0000	0.0000	0.0000	0.0000	0.0000	0.0000	0.0000	0.0000	0.0000	0.0000	0.0000	0.0000	0.0000	0.0000	0.0000	0.0000	0.0000	0.0000	0.0008	0.0006	0.0010	0.0015	0.0017	0.0000	0.0005	0.0000	0.0010	1.0049	0.0000	-0.0000	0.9953	0.0000	1.3904	4.0001	0.0000	0.0000	0.0000	0.0000	0.0000	0.0000	0.0000	0.0000	0.0000	0.0000	0.0000	0.0000	0.0000	0.0000	0.0000	0.0000	0.0000	0.0000	0.0000	0.0000	0.0000	0.0000	0.0000	0.0000	0.0000	0.0000	0.0000	0.0143	0.0088	0.0055	0.0035	0.0032	0.0003	0.0108	0.0056	0.0052	0.0000	0.0000	0.0000	0.0000	0.0000	0.0000	0.0000	0.0000	0.0000	0.0008	0.0006	0.0010	0.0015	0.0017	0.0000	0.0005	0.0000	0.0010	
56	69	0.0522	3	0	0	0	1	0	0	0	0	N	N	N	N	N	N	N	N	N	N	N	N	0.0000	0.0000	0.0000	0.0000	0.0000	0.0000	0.0000	0.0000	0.0000	0.0000	0.0000	0.0000	0.0000	0.0000	0.0000	0.0000	0.0000	0.0000	0.0617	0.0152	0.1333	0.0338	0.0362	0.0040	0.0720	0.0005	0.1402	5.7205	0.0000	0.0010	0.9953	2.8240	1.3904	8.9883	0.0000	0.0000	0.0000	0.0000	0.0000	0.0000	0.0000	0.0000	0.0000	0.0032	0.0005	0.0027	0.0005	0.0005	0.0000	0.0027	0.0000	0.0027	0.0282	0.0243	0.0038	0.0069	0.0062	0.0007	0.0212	0.0181	0.0031	0.0521	0.0315	0.0205	0.0140	0.0129	0.0010	0.0381	0.0186	0.0195	0.0000	0.0000	0.0000	0.0000	0.0000	0.0000	0.0000	0.0000	0.0000	0.0617	0.0152	0.1333	0.0338	0.0362	0.0040	0.0720	0.0005	0.1402	
56	73	0.1327	10	0	0	0	1	0	0	0	0	N	N	N	N	N	N	N	N	N	N	N	N	0.0000	0.0000	0.0000	0.0000	0.0000	0.0000	0.0000	0.0000	0.0000	0.0000	0.0000	0.0000	0.0000	0.0000	0.0000	0.0000	0.1401	0.2108	0.0110	0.4942	0.5251	0.0000	0.0054	0.0000	0.0115	0.0286	0.0000	-0.0048	0.9953	4.0673	1.3904	17.8409	0.0000	0.0000	0.0000	0.0000	0.0000	0.0000	0.0000	0.0000	0.0000	0.0094	0.0091	0.0003	0.0091	0.0091	0.0000	0.0003	0.0000	0.0003	0.0334	0.0289	0.0045	0.0091	0.0079	0.0011	0.0243	0.0209	0.0034	0.0672	0.0434	0.0238	0.0185	0.0174	0.0011	0.0486	0.0260	0.0227	0.0000	0.0000	0.0000	0.0000	0.0000	0.0000	0.0000	0.0000	0.0000	0.1401	0.2108	0.0110	0.4942	0.5251	0.0000	0.0054	0.0000	0.0115			
56	75	0.2694	14	0	0	0	1	0	0	0	0	N	N	N	N	N	N	N	N	N	N	N	N	0.0011	0.0017	0.0000	0.0030	0.0029	0.0000	0.0000	0.0000	0.0000	0.0015	0.0017	0.0000	0.0042	0.0044	0.0000	0.0000	0.0000	0.0000	1.3183	0.9747	2.0758	1.4000	1.5312	0.4106	1.2394	0.0019	2.4390	0.0000	0.9660	-0.0000	-0.0179	0.9953	3.5843	1.3904	46.7516	0.0001	0.0001	0.0000	0.0001	0.0001	0.0000	0.0000	0.0000	0.0000	0.3463	0.1761	0.1701	0.1807	0.1760	0.0047	0.1655	0.0001	0.1654	0.0400	0.0354	0.0046	0.0143	0.0135	0.0009	0.0257	0.0220	0.0037	0.2626	0.1807	0.0820	0.1291	0.1149	0.0141	0.1336	0.0657	0.0678	0.0011	0.0017	0.0000	0.0030	0.0029	0.0000	0.0000	0.0000	0.0000	1.3183	0.9747	2.0758	1.4000	1.5312	0.3328	1.2394	0.0019	2.4390
56	76	0.2346	20	1	1	1	1	0	0	0	0	N	N	N	N	N	N	N	N	N	N	N	N	0.0000	0.0000	0.0000	0.0000	0.0000	0.0000	0.0000	0.0000	0.0000	0.0000	0.0000	0.0000	0.0000	0.0000	0.0000	0.0000	0.0000	0.0000	0.0000	0.0000	0.0000	0.0000	0.0000	0.0000	-0.0000	0.9953	1.0003	1.3904	1.0071	0.0000	0.0000	0.0000	0.0000	0.0000	0.0000	0.0000	0.0000	0.0000	0.0000	0.0000	0.0000	0.0000	0.0000	0.0000	0.0000	0.0000	0.0000	0.0068	0.0059	0.0009	0.0011	0.0010	0.0001	0.0057	0.0049	0.0008	0.0069	0.0046	0.0023	0.0022	0.0021	0.0001	0.0047	0.0025	0.0022	0.0000	0.0000	0.0000	0.0000	0.0000	0.0000	0.0000	0.0000	0.0000	0.0000	0.0000	0.0000	0.0000	0.0000	0.0000	0.0000	0.0000	0.0000						
56	77	0.2278	19	1	0	1	1	0	0	0	0	N	N	N	N	N	N	N	N	N	N	N	N	0.0000	0.0000	0.0000	0.0000	0.0000	0.0000	0.0000	0.0000	0.0000	0.0000	0.0000	0.0000	0.0000	0.0000	0.0000	0.0000	0.0003	0.0003	0.0001	0.0006	0.0006	0.0000	0.0001	0.0000	0.0001	0.1202	0.0000	-0.0000	0.9953	0.9901	1.3904	2.2068	0.0000	0.0000	0.0000	0.0000	0.0000	0.0000	0.0000	0.0000	0.0000	0.0000	0.0000	0.0000	0.0000	0.0000	0.0000	0.0000	0.0000	0.0000	0.0068	0.0059	0.0009	0.0011	0.0010	0.0001	0.0057	0.0049	0.0008	0.0266	0.0198	0.0068	0.0113	0.0110	0.0002	0.0153	0.0088	0.0066	0.0000	0.0000	0.0000	0.0000	0.0000	0.0000	0.0000	0.0000	0.0000	0.0003	0.0003	0.0001	0.0006	0.0006	0.0000	0.0001	0.0000	0.0001			
56	78	0.1502	11	0	1	0	1	0	0	0	0	N	N	N	N	N	N	N	N	N	N	N	N	0.0000	0.0000	0.0000	0.0000	0.0000	0.0000	0.0000	0.0000	0.0000	0.0000	0.0000	0.0000	0.0000	0.0000	0.0000	0.0000	0.0000	0.0008	0.0011	0.0003	0.0025	0.0024	0.0037	0.0000	0.0000	0.0001	0.1243	0.0000	-0.0000	0.9953	8.4371	1.3904	15.3349	0.0000	0.0000	0.0000	0.0000	0.0000	0.0000	0.0000	0.0000	0.0000	0.0001	0.0001	0.0000	0.0001	0.0001	0.0000	0.0000	0.0000	0.0000	0.0679	0.0591	0.0088	0.0180	0.0161	0.0019	0.0500	0.0430	0.0070	0.0857	0.0578	0.0279	0.0280	0.0264	0.0017	0.0576	0.0314	0.0262	0.0000	0.0000	0.0000	0.0000	0.0000	0.0000	0.0000	0.0000	0.0000	0.0008	0.0011	0.0003	0.0025	0.0024	0.0037	0.0000	0.0000	0.0001		
56	79	0.2278	19	1	0	1	1	0	0	0	0	N	N	N	N	N	N	N	N	N	N	N	N	0.0000	0.0000	0.0000	0.0000	0.0000	0.0000	0.0000	0.0000	0.0000	0.0000	0.0000	0.0000	0.0000	0.0000	0.0000	0.0000	0.0857	0.1178	0.0078	0.2220	0.2312	0.0000	0.0036	0.0000	0.0082	0.0272	0.0000	-0.0019	0.9953	3.0096	1.3904	5.7427	0.0000	0.0000	0.0000	0.0000	0.0000	0.0000	0.0000	0.0000	0.0000	0.0038	0.0037	0.0001	0.0037	0.0037	0.0000	0.0001	0.0000	0.0001	0.0203	0.0177	0.0026	0.0032	0.0030	0.0002	0.0171	0.0147	0.0024	0.0440	0.0311	0.0128	0.0165	0.0159	0.0007	0.0274	0.0153	0.0122	0.0000	0.0000	0.0000	0.0000	0.0000	0.0000	0.0000	0.0000	0.0000	0.0857	0.1178	0.0078	0.2220	0.2312	0.0000	0.0036	0.0000	0.0082			
56	80	0.2122	18	1	0	1	1	0	0	0	0	N	N	N	N	N	N	N	N	N	N	N	N	0.0000	0.0000	0.0000	0.0000	0.0000	0.0000	0.0000	0.0000	0.0000	0.0000	0.0000	0.0000	0.0000	0.0000	0.0000	0.0000	0.0000	0.0000	0.0006	0.0003	0.0013	0.0008	0.0006	0.0045	0.0005	0.0000	0.0011	2.6146	0.0000	0.0000	0.9953	1.0477	1.3904	6.1154	0.0000	0.0000	0.0000	0.0000	0.0000	0.0000	0.0000	0.0000	0.0000	0.0000	0.0000	0.0000	0.0000	0.0000	0.0000	0.0000	0.0000	0.0000	0.0080	0.0071	0.0010	0.0016	0.0015	0.0001	0.0065	0.0056	0.0009	0.0272	0.0181	0.0091	0.0086	0.0081	0.0005	0.0186	0.0099	0.0087	0.0000	0.0000	0.0000	0.0000	0.0000	0.0000	0.0000	0.0000	0.0000	0.0006	0.0003	0.0013	0.0008	0.0006	0.0045	0.0005	0.0000	0.0011	
56	81	0.2057	17	0	0	0	1	0	0	0	0	N	N	N	N	N	N	N	N	N	N	N	N	0.0000	0.0000	0.0000	0.0000	0.0000	0.0000	0.0000	0.0000	0.0000	0.0000	0.0000	0.0000	0.0000	0.0000	0.0000	0.0000	0.0000	0.0000	0.0013	0.0018	0.0003	0.0044	0.0046	0.0021	0.0001	0.0000	0.0002	0.0869	0.0000	-0.0000	0.9953	1.9794	1.3904	1.0196	0.0000	0.0000	0.0000	0.0000	0.0000	0.0000	0.0000	0.0000	0.0000	0.0000	0.0000	0.0000	0.0000	0.0000	0.0000	0.0000	0.0000	0.0000	0.0139	0.0121	0.0017	0.0021	0.0020	0.0001	0.0117	0.0101	0.0016	0.0103	0.0067	0.0036	0.0028	0.0027	0.0002	0.0075	0.0041	0.0034	0.0000	0.0000	0.0000	0.0000	0.0000	0.0000	0.0000	0.0000	0.0000	0.0013	0.0018	0.0003	0.0044	0.0046	0.0021	0.0001	0.0000	0.0002	
56	82	0.2036	16	0	0	0	1	0	0	0	0	N	N	N	N	N	N	N	N	N	N	N	N	0.0000	0.0000	0.0000	0.0000	0.0000	0.0000	0.0000	0.0000	0.0000	0.0000	0.0000	0.0000	0.0000	0.0000	0.0000	0.0000	0.0000	0.0000	0.0007	0.0003	0.0013	0.0011	0.0008	0.0061	0.0005	0.0000	0.0011	2.3284	0.0000	0.0000	0.9953	1.0114	1.3904	0.0202	0.0000	0.0000	0.0000	0.0000	0.0000	0.0000	0.0000	0.0000	0.0000	0.0000	0.0000	0.0000	0.0000	0.0000	0.0000	0.0000	0.0000	0.0000	0.0071	0.0062	0.0009	0.0010	0.0009	0.0000	0.0062	0.0053	0.0009	0.0037	0.0024	0.0013	0.0010	0.0010	0.0001	0.0027	0.0014	0.0012	0.0000	0.0000	0.0000	0.0000	0.0000	0.0000	0.0000	0.0000	0.0000	0.0007	0.0003	0.0013	0.0011	0.0008	0.0061	0.0005	0.0000	0.0011	
56	83	0.1830	15	0	0	0	1	0	0	0	0	N	N	N	N	N	N	N	N	N	N	N	N	0.0000	0.0000	0.0000	0.0000	0.0000	0.0000	0.0000	0.0000	0.0000	0.0000	0.0000	0.0000	0.0000	0.0000	0.0000	0.0000	0.0000	0.0000	0.1060	0.0043	0.2944	0.0098	0.0104	0.0000	0.1450	0.0000	0.3089	36.5715	0.0000	0.0016	0.9953	5.9223	1.3904	3.6882	0.0000	0.0000	0.0000	0.0000	0.0000	0.0000	0.0000	0.0000	0.0000	0.0037	0.0001	0.0036	0.0001	0.0001	0.0000	0.0036	0.0000	0.0036	0.0430	0.0377	0.0054	0.0068	0.0065	0.0003	0.0362	0.0311	0.0050	0.0347	0.0226	0.0122	0.0100	0.0095	0.0006	0.0247	0.0131	0.0116	0.0000	0.0000	0.0000	0.0000	0.0000	0.0000	0.0000	0.0000	0.0000	0.1060	0.0043	0.2944	0.0098	0.0104	0.0000	0.1450	0.0000	0.3089	
56	84	0.1701	13	0	1	0	1	0	0	0	0	N	N	N	N	N	N	N	N	N	N	N	N	0.0000	0.0000	0.0000	0.0000	0.0000	0.0000	0.0000	0.0000	0.0000	0.0000	0.0000	0.0000	0.0000	0.0000	0.0000	0.0000	0.0000	0.0000	0.0309	0.0468	0.0005	0.0901	0.1011	0.0000	0.0003	0.0000	0.0006	0.0058	0.0000	-0.0020	0.9953	7.1084	1.3904	28.8937	0.0000	0.0000	0.0000	0.0000	0.0000	0.0000	0.0000	0.0000	0.0000	0.0038	0.0038	0.0000	0.0038	0.0038	0.0000	0.0000	0.0000	0.0000	0.0502	0.0438	0.0064	0.0088	0.0082	0.0006	0.0414	0.0356	0.0058	0.1223	0.0802	0.0421	0.0416	0.0371	0.0045	0.0806	0.0431	0.0376	0.0000	0.0000	0.0000	0.0000	0.0000	0.0000	0.0000	0.0000	0.0000	0.0309	0.0468	0.0005	0.0901	0.1011	0.0000	0.0003	0.0000	0.0006	
56	85	0.1626	12	0	1	0	1	0	0	0	0	N	N	N	N	N	N	N	N	N	N	N	N	0.0000	0.0000	0.0000	0.0000	0.0000	0.0000	0.0000	0.0000	0.0000	0.0000	0.0000	0.0000	0.0000	0.0000	0.0000	0.0000	0.0000	0.0000	0.0447	0.0600	0.0082	0.1015	0.1089	0.0136	0.0038	0.0007	0.0075	0.0573	0.0000	-0.0008	0.9953	2.2208	1.3904	3.9129	0.0000	0.0000	0.0000	0.0000	0.0000	0.0000	0.0000	0.0000	0.0000	0.0016	0.0015	0.0001	0.0015	0.0015	0.0000	0.0001	0.0000	0.0001	0.0269	0.0234	0.0035	0.0123	0.0109	0.0015	0.0145	0.0125	0.0020	0.0360	0.0253	0.0106	0.0151	0.0139	0.0012	0.0209	0.0115	0.0095	0.0000	0.0000	0.0000	0.0000	0.0000	0.0000	0.0000	0.0000	0.0000	0.0447	0.0600	0.0082	0.1015	0.1089	0.0136	0.0038	0.0007	0.0075	
56	86	0.2381	14	0	0	1	1	0	0	0	0	N	N	N	N	N	N	N	N	N	N	N	N	0.0000	0.0000	0.0000	0.0000	0.0000	0.0000	0.0000	0.0000	0.0000	0.0000	0.0000	0.0000	0.0000	0.0000	0.0000	0.0000	0.0000	0.0000	0.0041	0.0051	0.0022	0.0092	0.0101	0.0015	0.0011	0.0000	0.0023	0.2313	0.0000	-0.0001	0.9953	5.3425	1.3904	7.0749	0.0000	0.0000	0.0000	0.0000	0.0000	0.0000	0.0000	0.0000	0.0000	0.0002	0.0001	0.0000	0.0001	0.0001	0.0000	0.0000	0.0000	0.0000	0.0423	0.0373	0.0050	0.0082	0.0079	0.0004	0.0341	0.0295	0.0047	0.0435	0.0284	0.0151	0.0160	0.0144	0.0017	0.0274	0.0141	0.0134	0.0000	0.0000	0.0000	0.0000	0.0000	0.0000	0.0000	0.0000	0.0000	0.0041	0.0051	0.0022	0.0092	0.0101	0.0015	0.0011	0.0000	0.0023	
56	87	0.1949	13	0	0	0	1	0	0	0	0	N	N	N	N	N	N	N	N	N	N	N	N	0.0000	0.0000	0.0000	0.0000	0.0000	0.0000	0.0000	0.0000	0.0000	0.0000	0.0000	0.0000	0.0000	0.0000	0.0000	0.0000	0.0000	0.0000	0.0951	0.1312	0.0153	0.2245	0.2430	0.0300	0.0063	0.0001	0.0135	0.0529	0.0000	-0.0043	0.9953	7.0719	1.3904	13.7350	0.0000	0.0000	0.0000	0.0000	0.0000	0.0000	0.0000	0.0000	0.0000	0.0088	0.0084	0.0004	0.0085	0.0084	0.0001	0.0003	0.0000	0.0003	0.0634	0.0557	0.0076	0.0189	0.0173	0.0016	0.0445	0.0384	0.0060	0.0927	0.0638	0.0289	0.0377	0.0344	0.0033	0.0550	0.0294	0.0256	0.0000	0.0000	0.0000	0.0000	0.0000	0.0000	0.0000	0.0000	0.0000	0.0951	0.1312	0.0153	0.2245	0.2430	0.0300	0.0063	0.0001	0.0135	
56	88	0.2382	21	1	0	1	1	0	0	0	0	N	N	N	N	N	N	N	N	N	N	N	N	0.0000	0.0000	0.0000	0.0000	0.0000	0.0000	0.0000	0.0000	0.0000	0.0000	0.0000	0.0000	0.0000	0.0000	0.0000	0.0000	0.0000	0.0000	0.0000	0.0000	0.9953	0.0000	1.3904	0.0000	0.0000	0.0000	0.0000	0.0000	0.0000	0.0000	0.0000	0.0000	0.0000	0.0000	0.0000	0.0000	0.0000	0.0000	0.0000	0.0000	0.0000	0.0000	0.0000	0.0000	0.0000	0.0000	0.0000	0.0000	0.0000	0.0000	0.0000	0.0000	0.0000	0.0000	0.0000	0.0000	0.0000	0.0000	0.0000	0.0000	0.0000	0.0000	0.0000	0.0000	0.0000	0.0000	0.0000	0.0000	0.0000	0.0000	0.0000	0.0000	0.0000	0.0000	0.0000	0.0000	0.0000	0.0000											
56	89	0.2362	20	1	0	1	1	0	0	0	0	N	N	N	N	N	N	N	N	N	N	N	N	0.0000	0.0000	0.0000	0.0000	0.0000	0.0000	0.0000	0.0000	0.0000	0.0000	0.0000	0.0000	0.0000	0.0000	0.0000	0.0000	0.0000	0.0000	0.0000	0.0000	0.9953	0.0001	1.3904	0.9161	0.0000	0.0000	0.0000	0.0000	0.0000	0.0000	0.0000	0.0000	0.0000	0.0000	0.0000	0.0000	0.0000	0.0000	0.0000	0.0000	0.0000	0.0000	0.0000	0.0000	0.0000	0.0000	0.0000	0.0000	0.0000	0.0000	0.0000	0.0052	0.0037	0.0015	0.0021	0.0020	0.0001	0.0031	0.0016	0.0014	0.0000	0.0000	0.0000	0.0000	0.0000	0.0000	0.0000	0.0000	0.0000	0.0000	0.0000	0.0000	0.0000	0.0000	0.0000	0.0000	0.0000	0.0000											
56	90	0.2114	19	1	0	1	1	0	0	0	0	N	N	N	N	N	N	N	N	N	N	N	N	0.0000	0.0000	0.0000	0.0000	0.0000	0.0000	0.0000	0.0000	0.0000	0.0000	0.0000	0.0000	0.0000	0.0000	0.0000	0.0000	0.0000	0.0000	0.0000	0.0000	0.0000	0.0000	0.0000	0.0000	0.0000	2.3235	0.0000	0.0000	0.9953	3.7876	1.3904	7.8440	0.0000	0.0000	0.0000	0.0000	0.0000	0.0000	0.0000	0.0000	0.0000	0.0000	0.0000	0.0000	0.0000	0.0000	0.0000	0.0000	0.0000	0.0000	0.0280	0.0246	0.0034	0.0061	0.0057	0.0004	0.0219	0.0189	0.0031	0.0391	0.0263	0.0128	0.0132	0.0124	0.0008	0.0259	0.0139	0.0120	0.0000	0.0000	0.0000	0.0000	0.0000	0.0000	0.0000	0.0000	0.0000	0.0000	0.0000	0.0000	0.0000	0.0000	0.0000	0.0000	0.0000	0.0000			
56	91	0.1222	9	0	1	0	2	0	0	0	0	N	N	N	Y	N	N	N	N	N	N	N	N	0.0000	0.0000	0.0000	0.0000	0.0000	0.0000	0.0000	0.0000	0.0000	0.0000	0.0000	0.0000	0.0000	0.0000	0.0000	0.0000	0.0000	0.0000	0.0350	0.0533	0.0025	0.1254	0.1318	0.0002	0.0012	0.0000	0.0026	0.0261	0.0000	-0.0011	0.9953	1.8247	1.3904	16.3284	0.0000	0.0000	0.0000	0.0000	0.0000	0.0000	0.0000	0.0000	0.0000	0.0021	0.0021	0.0001	0.0021	0.0021	0.0000	0.0001	0.0000	0.0001	0.0181	0.0155	0.0026	0.0069	0.0059	0.0010	0.0112	0.0096	0.0016	0.0612	0.0392	0.0220	0.0166	0.0158	0.0008	0.0446	0.0233	0.0212	0.0000	0.0000	0.0000	0.0000	0.0000	0.0000	0.0000	0.0000	0.0000	0.0350	0.0533	0.0025	0.1254	0.1318	0.0002	0.0012	0.0000	0.0026	
56	92	0.1327	10	0	1	0	1	0	0	0	0	N	N	N	N	N	N	N	N	N	N	N	N	0.0000	0.0000	0.0000	0.0000	0.0000	0.0000	0.0000	0.0000	0.0000	0.0000	0.0000	0.0000	0.0000	0.0000	0.0000	0.0000	0.0001	0.0000	0.0002	0.0000	0.0000	0.0000	0.0001	0.0000	0.0002	33.9093	0.0000	0.0000	0.9953	9.1310	1.3904	16.1726	0.0000	0.0000	0.0000	0.0000	0.0000	0.0000	0.0000	0.0000	0.0000	0.0000	0.0000	0.0000	0.0000	0.0000	0.0000	0.0000	0.0000	0.0000	0.0665	0.0578	0.0087	0.0136	0.0123	0.0014	0.0529	0.0455	0.0074	0.0763	0.0493	0.0270	0.0209	0.0197	0.0012	0.0553	0.0296	0.0258	0.0000	0.0000	0.0000	0.0000	0.0000	0.0000	0.0000	0.0000	0.0000	0.0001	0.0000	0.0002	0.0000	0.0000	0.0000	0.0001	0.0000	0.0002			
56	93	0.0892	8	0	1	0	1	0	0	0	0	N	N	N	N	N	N	N	N	N	N	N	N	0.0000	0.0000	0.0000	0.0000	0.0000	0.0000	0.0000	0.0000	0.0000	0.0000	0.0000	0.0000	0.0000	0.0000	0.0000	0.0000	0.0000	0.0000	0.0280	0.0008	0.0796	0.0396	0.0017	0.6517	0.0225	0.0002	0.0474	49.9683	0.0000	0.0007	0.9953	4.0959	1.3904	8.7137	0.0000	0.0000	0.0000	0.0000	0.0000	0.0000	0.0000	0.0000	0.0000	0.0015	0.0000	0.0015	0.0007	0.0000	0.0007	0.0008	0.0000	0.0008	0.0311	0.0270	0.0041	0.0029	0.0028	0.0001	0.0282	0.0242	0.0040	0.0541	0.0354	0.0187	0.0177	0.0162	0.0015	0.0365	0.0192	0.0172	0.0000	0.0000	0.0000	0.0000	0.0000	0.0000	0.0000	0.0000	0.0000	0.0280	0.0008	0.0796	0.0396	0.0017	0.4550	0.0225	0.0002	0.0474	
56	94	0.0709	7	0	1	0	1	0	0	0	0	N	N	N	N	N	N	N	N	N	N	N	N	0.0000	0.0000	0.0000	0.0000	0.0000	0.0000	0.0000	0.0000	0.0000	0.0000	0.0000	0.0000	0.0000	0.0000	0.0000	0.0000	0.0000	0.0000	0.1604	0.0368	0.3749	0.0138	0.0146	0.0001	0.2137	0.0515	0.3904	5.8677	0.0000	0.0017	0.9953	2.9443	1.3904	6.1524	0.0000	0.0000	0.0000	0.0000	0.0000	0.0000	0.0000	0.0000	0.0000	0.0055	0.0008	0.0047	0.0001	0.0001	0.0000	0.0054	0.0007	0.0047	0.0236	0.0205	0.0032	0.0033	0.0032	0.0001	0.0203	0.0172	0.0031	0.0345	0.0219	0.0126	0.0092	0.0087	0.0005	0.0253	0.0132	0.0121	0.0000	0.0000	0.0000	0.0000	0.0000	0.0000	0.0000	0.0000	0.0000	0.1604	0.0368	0.3749	0.0138	0.0146	0.0001	0.2137	0.0515	0.3904	
56	95	0.0685	6	0	0	0	1	0	0	0	0	N	N	N	N	N	N	N	N	N	N	N	N	0.0000	0.0000	0.0000	0.0000	0.0000	0.0000	0.0000	0.0000	0.0000	0.0000	0.0000	0.0000	0.0000	0.0000	0.0000	0.0000	0.0000	0.0007	0.0007	0.0006	0.0013	0.0013	0.0000	0.0003	0.0000	0.0007	0.4695	0.0000	-0.0000	0.9953	0.8596	1.3904	1.2300	0.0000	0.0000	0.0000	0.0000	0.0000	0.0000	0.0000	0.0000	0.0000	0.0000	0.0000	0.0000	0.0000	0.0000	0.0000	0.0000	0.0000	0.0000	0.0069	0.0060	0.0009	0.0009	0.0009	0.0000	0.0060	0.0051	0.0009	0.0135	0.0091	0.0044	0.0047	0.0046	0.0001	0.0088	0.0045	0.0043	0.0000	0.0000	0.0000	0.0000	0.0000	0.0000	0.0000	0.0000	0.0000	0.0007	0.0007	0.0006	0.0013	0.0013	0.0000	0.0003	0.0000	0.0007		
56	98	0.2114	19	0	1	0	1	0	0	0	0	N	N	N	N	N	N	N	N	N	N	N	N	0.0000	0.0000	0.0000	0.0000	0.0000	0.0000	0.0000	0.0000	0.0000	0.0000	0.0000	0.0000	0.0000	0.0000	0.0000	0.0000	0.0000	0.0000	0.0000	0.0000	0.0000	0.0000	0.0000	0.0000	0.0000	2.3235	0.0000	0.0000	0.9953	1.3608	1.3904	12.1483	0.0000	0.0000	0.0000	0.0000	0.0000	0.0000	0.0000	0.0000	0.0000	0.0000	0.0000	0.0000	0.0000	0.0000	0.0000	0.0000	0.0000	0.0000	0.0116	0.0103	0.0013	0.0035	0.0033	0.0002	0.0081	0.0070	0.0011	0.0445	0.0299	0.0146	0.0150	0.0140	0.0010	0.0296	0.0159	0.0137	0.0000	0.0000	0.0000	0.0000	0.0000	0.0000	0.0000	0.0000	0.0000	0.0000	0.0000	0.0000	0.0000	0.0000	0.0000	0.0000	0.0000	0.0000			
56	99	0.2077	18	0	0	0	1	0	0	0	0	N	N	N	N	N	N	N	N	N	N	N	N	0.0000	0.0000	0.0000	0.0000	0.0000	0.0000	0.0000	0.0000	0.0000	0.0000	0.0000	0.0000	0.0000	0.0000	0.0000	0.0000	0.0000	0.0000	0.0000	0.0000	0.0000	0.0000	0.0000	0.0000	0.0000	0.4322	0.0000	-0.0000	0.9953	1.5300	1.3904	0.7696	0.0000	0.0000	0.0000	0.0000	0.0000	0.0000	0.0000	0.0000	0.0000	0.0000	0.0000	0.0000	0.0000	0.0000	0.0000	0.0000	0.0000	0.0000	0.0131	0.0114	0.0017	0.0032	0.0030	0.0002	0.0098	0.0084	0.0014	0.0092	0.0063	0.0029	0.0033	0.0031	0.0002	0.0059	0.0031	0.0027	0.0000	0.0000	0.0000	0.0000	0.0000	0.0000	0.0000	0.0000	0.0000	0.0000	0.0000	0.0000	0.0000	0.0000	0.0000	0.0000	0.0000	0.0000			
56	100	0.1989	17	0	0	0	1	0	0	0	0	N	N	N	N	N	N	N	N	N	N	N	N	0.0000	0.0000	0.0000	0.0000	0.0000	0.0000	0.0000	0.0000	0.0000	0.0000	0.0000	0.0000	0.0000	0.0000	0.0000	0.0000	0.0000	0.0000	0.0000	0.0000	0.0000	0.0000	0.0000	0.0000	0.0000	0.0340	0.0000	-0.0000	0.9953	3.6906	1.3904	1.4800	0.0000	0.0000	0.0000	0.0000	0.0000	0.0000	0.0000	0.0000	0.0000	0.0000	0.0000	0.0000	0.0000	0.0000	0.0000	0.0000	0.0000	0.0000	0.0260	0.0228	0.0033	0.0039	0.0037	0.0002	0.0222	0.0191	0.0031	0.0180	0.0119	0.0061	0.0057	0.0053	0.0004	0.0123	0.0066	0.0057	0.0000	0.0000	0.0000	0.0000	0.0000	0.0000	0.0000	0.0000	0.0000	0.0000	0.0000	0.0000	0.0000	0.0000	0.0000	0.0000	0.0000	0.0000			
56	101	0.1989	16	0	0	0	1	0	0	0	0	N	N	N	N	N	N	N	N	N	N	N	N	0.0000	0.0000	0.0000	0.0000	0.0000	0.0000	0.0000	0.0000	0.0000	0.0000	0.0000	0.0000	0.0000	0.0000	0.0000	0.0000	0.0001	0.0000	0.0001	0.0001	0.0001	0.0000	0.0000	0.0000	0.0001	1.0000	0.0000	-0.0000	0.9953	0.1361	1.3904	0.4500	0.0000	0.0000	0.0000	0.0000	0.0000	0.0000	0.0000	0.0000	0.0000	0.0000	0.0000	0.0000	0.0000	0.0000	0.0000	0.0000	0.0000	0.0000	0.0018	0.0016	0.0002	0.0006	0.0005	0.0000	0.0012	0.0011	0.0002	0.0028	0.0019	0.0009	0.0011	0.0010	0.0001	0.0017	0.0009	0.0008	0.0000	0.0000	0.0000	0.0000	0.0000	0.0000	0.0000	0.0000	0.0000	0.0001	0.0000	0.0001	0.0001	0.0001	0.0000	0.0000	0.0000	0.0001			
56	102	0.1830	15	0	0	0	1	0	0	0	0	N	N	N	N	N	N	N	N	N	N	N	N	0.0000	0.0000	0.0000	0.0000	0.0000	0.0000	0.0000	0.0000	0.0000	0.0000	0.0000	0.0000	0.0000	0.0000	0.0000	0.0000	0.0000	0.0026	0.0038	0.0002	0.0085	0.0090	0.0000	0.0001	0.0000	0.0002	0.0303	0.0000	-0.0000	0.9953	3.5591	1.3904	4.5341	0.0000	0.0000	0.0000	0.0000	0.0000	0.0000	0.0000	0.0000	0.0000	0.0001	0.0001	0.0000	0.0001	0.0001	0.0000	0.0000	0.0000	0.0000	0.0274	0.0240	0.0033	0.0048	0.0046	0.0002	0.0225	0.0194	0.0031	0.0299	0.0194	0.0105	0.0087	0.0082	0.0005	0.0212	0.0112	0.0100	0.0000	0.0000	0.0000	0.0000	0.0000	0.0000	0.0000	0.0000	0.0000	0.0026	0.0038	0.0002	0.0085	0.0090	0.0000	0.0001	0.0000	0.0002		
56	103	0.1613	14	0	0	0	1	0	0	0	0	N	N	N	N	N	N	N	N	N	N	N	N	0.0000	0.0000	0.0000	0.0000	0.0000	0.0000	0.0000	0.0000	0.0000	0.0000	0.0000	0.0000	0.0000	0.0000	0.0000	0.0000	0.0020	0.0001	0.0052	0.0003	0.0003	0.0000	0.0026	0.0000	0.0054	21.5452	0.0000	0.0000	0.9953	2.8937	1.3904	8.0733	0.0000	0.0000	0.0000	0.0000	0.0000	0.0000	0.0000	0.0000	0.0000	0.0001	0.0000	0.0001	0.0000	0.0000	0.0000	0.0001	0.0000	0.0001	0.0258	0.0221	0.0037	0.0076	0.0065	0.0011	0.0182	0.0156	0.0026	0.0397	0.0254	0.0143	0.0111	0.0105	0.0006	0.0286	0.0149	0.0137	0.0000	0.0000	0.0000	0.0000	0.0000	0.0000	0.0000	0.0000	0.0000	0.0020	0.0001	0.0052	0.0003	0.0003	0.0000	0.0026	0.0000	0.0054			
56	104	0.1561	10	0	1	0	1	0	0	0	0	N	N	N	N	N	N	N	N	N	N	N	N	0.0000	0.0000	0.0000	0.0000	0.0000	0.0000	0.0000	0.0000	0.0000	0.0000	0.0000	0.0000	0.0000	0.0000	0.0000	0.0000	0.0000	0.0000	0.0027	0.0017	0.0062	0.0052	0.0031	0.0471	0.0009	0.0000	0.0025	1.1700	0.0000	-0.0000	0.9953	0.0277	1.3904	1.3445	0.0000	0.0000	0.0000	0.0000	0.0000	0.0000	0.0000	0.0000	0.0000	0.0000	0.0000	0.0000	0.0000	0.0000	0.0000	0.0000	0.0000	0.0000	0.0003	0.0003	0.0000	0.0001	0.0001	0.0000	0.0002	0.0002	0.0000	0.0099	0.0075	0.0024	0.0041	0.0040	0.0002	0.0057	0.0035	0.0022	0.0000	0.0000	0.0000	0.0000	0.0000	0.0000	0.0000	0.0000	0.0000	0.0027	0.0017	0.0062	0.0052	0.0031	0.0471	0.0009	0.0000	0.0025	
56	105	0.1094	9	0	1	0	1	0	0	0	0	N	N	N	N	N	N	N	N	N	N	N	N	0.0000	0.0000	0.0000	0.0000	0.0000	0.0000	0.0000	0.0000	0.0000	0.0000	0.0000	0.0000	0.0000	0.0000	0.0000	0.0000	0.0000	0.0000	0.0225	0.0337	0.0018	0.0850	0.0890	0.0001	0.0010	0.0003	0.0019	0.0288	0.0000	-0.0008	0.9953	5.1414	1.3904	16.4151	0.0000	0.0000	0.0000	0.0000	0.0000	0.0000	0.0000	0.0000	0.0000	0.0015	0.0015	0.0000	0.0015	0.0015	0.0000	0.0001	0.0000	0.0000	0.0376	0.0330	0.0046	0.0078	0.0074	0.0004	0.0298	0.0255	0.0043	0.0676	0.0439	0.0237	0.0173	0.0165	0.0008	0.0503	0.0274	0.0229	0.0000	0.0000	0.0000	0.0000	0.0000	0.0000	0.0000	0.0000	0.0000	0.0225	0.0337	0.0018	0.0850	0.0890	0.0001	0.0010	0.0003	0.0019	
56	106	0.1012	8	0	0	0	1	0	0	0	0	N	N	N	N	N	N	N	N	N	N	N	N	0.0000	0.0000	0.0000	0.0000	0.0000	0.0000	0.0000	0.0000	0.0000	0.0000	0.0000	0.0000	0.0000	0.0000	0.0000	0.0000	0.0000	0.0000	0.0575	0.0409	0.0896	0.0894	0.0919	0.0011	0.0437	0.0003	0.0919	1.1319	0.0000	-0.0000	0.9953	3.8974	1.3904	1.6364	0.0000	0.0000	0.0000	0.0000	0.0000	0.0000	0.0000	0.0000	0.0000	0.0014	0.0007	0.0007	0.0007	0.0007	0.0000	0.0008	0.0000	0.0007	0.0287	0.0250	0.0037	0.0049	0.0046	0.0003	0.0238	0.0204	0.0034	0.0246	0.0162	0.0084	0.0074	0.0072	0.0002	0.0172	0.0090	0.0081	0.0000	0.0000	0.0000	0.0000	0.0000	0.0000	0.0000	0.0000	0.0000	0.0575	0.0409	0.0896	0.0894	0.0919	0.0011	0.0437	0.0003	0.0919	
56	109	0.1916	15	1	1	0	2	0	0	0	0	N	N	N	Y	N	N	N	N	N	N	N	N	0.0000	0.0000	0.0000	0.0000	0.0000	0.0000	0.0000	0.0000	0.0000	0.0000	0.0000	0.0000	0.0000	0.0000	0.0000	0.0000	0.0000	0.0000	0.0000	0.0000	0.9953	0.0000	1.3904	0.0000	0.0000	0.0000	0.0000	0.0000	0.0000	0.0000	0.0000	0.0000	0.0000	0.0000	0.0000	0.0000	0.0000	0.0000	0.0000	0.0000	0.0000	0.0000	0.0000	0.0000	0.0000	0.0000	0.0000	0.0000	0.0000	0.0000	0.0000	0.0000	0.0000	0.0000	0.0000	0.0000	0.0000	0.0000	0.0000	0.0000	0.0000	0.0000	0.0000	0.0000	0.0000	0.0000	0.0000	0.0000	0.0000	0.0000	0.0000	0.0000	0.0000	0.0000	0.0000	0.0000	0.0000	0.0000											
56	110	0.1767	14	1	1	0	2	0	0	0	0	N	N	N	Y	N	N	N	N	N	N	N	N	0.0000	0.0000	0.0000	0.0000	0.0000	0.0000	0.0000	0.0000	0.0000	0.0000	0.0000	0.0000	0.0000	0.0000	0.0000	0.0000	0.0000	0.0000	0.0000	0.0000	0.9953	0.0000	1.3904	7.1240	0.0000	0.0000	0.0000	0.0000	0.0000	0.0000	0.0000	0.0000	0.0000	0.0000	0.0000	0.0000	0.0000	0.0000	0.0000	0.0000	0.0000	0.0000	0.0000	0.0000	0.0000	0.0000	0.0000	0.0000	0.0000	0.0000	0.0000	0.0254	0.0165	0.0089	0.0078	0.0072	0.0006	0.0176	0.0093	0.0082	0.0000	0.0000	0.0000	0.0000	0.0000	0.0000	0.0000	0.0000	0.0000	0.0000	0.0000	0.0000	0.0000	0.0000	0.0000	0.0000	0.0000	0.0000											
56	111	0.1856	16	0	1	0	2	0	0	0	0	N	N	N	Y	N	N	N	N	N	N	N	N	0.0000	0.0000	0.0000	0.0000	0.0000	0.0000	0.0000	0.0000	0.0000	0.0000	0.0000	0.0000	0.0000	0.0000	0.0000	0.0000	0.0000	0.0000	20.1808	15.3974	56.2853	30.4266	33.3579	0.0696	15.2577	0.0208	61.3776	0.9979	0.0000	-0.0155	0.9953	0.0016	1.3904	5.0076	0.0000	0.0000	0.0000	0.0000	0.0000	0.0000	0.0000	0.0000	0.0000	0.3575	0.1789	0.1786	0.1788	0.1788	0.0000	0.1786	0.0001	0.1785	0.0000	0.0000	0.0000	0.0000	0.0000	0.0000	0.0000	0.0000	0.0000	0.0177	0.0116	0.0061	0.0060	0.0054	0.0006	0.0117	0.0063	0.0054	0.0000	0.0000	0.0000	0.0000	0.0000	0.0000	0.0000	0.0000	0.0000	20.1808	15.3974	29.3032	29.7786	33.3579	0.0696	15.2577	0.0208	32.7686	
56	112	0.1788	15	0	1	0	2	0	0	0	0	N	N	N	Y	N	N	N	N	N	N	N	N	0.0000	0.0000	0.0000	0.0000	0.0000	0.0000	0.0000	0.0000	0.0000	0.0000	0.0000	0.0000	0.0000	0.0000	0.0000	0.0000	0.0000	0.0000	0.0126	0.0104	0.0169	0.0188	0.0205	0.0000	0.0095	0.0013	0.0183	0.8679	0.0000	-0.0000	0.9953	1.0012	1.3904	2.1373	0.0000	0.0000	0.0000	0.0000	0.0000	0.0000	0.0000	0.0000	0.0000	0.0002	0.0001	0.0001	0.0001	0.0001	0.0000	0.0001	0.0000	0.0001	0.0069	0.0060	0.0009	0.0009	0.0008	0.0001	0.0060	0.0052	0.0008	0.0122	0.0079	0.0042	0.0041	0.0038	0.0003	0.0081	0.0042	0.0039	0.0000	0.0000	0.0000	0.0000	0.0000	0.0000	0.0000	0.0000	0.0000	0.0126	0.0104	0.0169	0.0188	0.0205	0.0000	0.0095	0.0013	0.0183	
56	113	0.1871	15	0	1	0	1	0	0	0	0	N	N	N	N	N	N	N	N	N	N	N	N	0.0000	0.0000	0.0000	0.0000	0.0000	0.0000	0.0000	0.0000	0.0000	0.0000	0.0000	0.0000	0.0000	0.0000	0.0000	0.0000	0.0000	0.0000	0.0000	0.0000	0.9953	0.9705	1.3904	5.0371	0.0000	0.0000	0.0000	0.0000	0.0000	0.0000	0.0000	0.0000	0.0000	0.0000	0.0000	0.0000	0.0000	0.0000	0.0000	0.0000	0.0000	0.0000	0.0079	0.0069	0.0010	0.0016	0.0015	0.0001	0.0063	0.0054	0.0009	0.0212	0.0140	0.0072	0.0066	0.0061	0.0005	0.0146	0.0079	0.0067	0.0000	0.0000	0.0000	0.0000	0.0000	0.0000	0.0000	0.0000	0.0000	0.0000	0.0000	0.0000	0.0000	0.0000	0.0000	0.0000	0.0000	0.0000											
56	114	0.1788	15	0	0	1	2	0	0	0	0	N	N	N	Y	N	N	N	N	N	N	N	N	0.0000	0.0000	0.0000	0.0000	0.0000	0.0000	0.0000	0.0000	0.0000	0.0000	0.0000	0.0000	0.0000	0.0000	0.0000	0.0000	0.0000	0.0000	0.0000	0.0000	0.9953	0.0000	1.3904	1.1303	0.0000	0.0000	0.0000	0.0000	0.0000	0.0000	0.0000	0.0000	0.0000	0.0000	0.0000	0.0000	0.0000	0.0000	0.0000	0.0000	0.0000	0.0000	0.0000	0.0000	0.0000	0.0000	0.0000	0.0000	0.0000	0.0000	0.0000	0.0053	0.0034	0.0019	0.0019	0.0018	0.0001	0.0034	0.0016	0.0017	0.0000	0.0000	0.0000	0.0000	0.0000	0.0000	0.0000	0.0000	0.0000	0.0000	0.0000	0.0000	0.0000	0.0000	0.0000	0.0000	0.0000	0.0000											
56	115	0.1767	14	0	0	0	2	0	0	0	0	N	N	N	Y	N	N	N	N	N	N	N	N	0.0000	0.0000	0.0000	0.0000	0.0000	0.0000	0.0000	0.0000	0.0000	0.0000	0.0000	0.0000	0.0000	0.0000	0.0000	0.0000	0.0000	0.0000	0.0000	0.0000	0.9953	0.0000	1.3904	1.2340	0.0000	0.0000	0.0000	0.0000	0.0000	0.0000	0.0000	0.0000	0.0000	0.0000	0.0000	0.0000	0.0000	0.0000	0.0000	0.0000	0.0000	0.0000	0.0000	0.0000	0.0000	0.0000	0.0000	0.0000	0.0000	0.0000	0.0000	0.0057	0.0037	0.0020	0.0020	0.0019	0.0001	0.0037	0.0018	0.0019	0.0000	0.0000	0.0000	0.0000	0.0000	0.0000	0.0000	0.0000	0.0000	0.0000	0.0000	0.0000	0.0000	0.0000	0.0000	0.0000	0.0000	0.0000											
56	116	0.1842	15	0	0	1	2	0	0	0	0	N	N	N	Y	N	N	N	N	N	N	N	N	0.0000	0.0000	0.0000	0.0000	0.0000	0.0000	0.0000	0.0000	0.0000	0.0000	0.0000	0.0000	0.0000	0.0000	0.0000	0.0000	0.0001	0.0001	0.0000	0.0002	0.0002	0.0000	0.0000	0.0000	0.0000	0.0294	0.0000	-0.0000	0.9953	0.9725	1.3904	0.9874	0.0000	0.0000	0.0000	0.0000	0.0000	0.0000	0.0000	0.0000	0.0000	0.0000	0.0000	0.0000	0.0000	0.0000	0.0000	0.0000	0.0000	0.0000	0.0075	0.0066	0.0009	0.0014	0.0013	0.0001	0.0061	0.0052	0.0008	0.0071	0.0048	0.0023	0.0023	0.0021	0.0002	0.0048	0.0026	0.0021	0.0000	0.0000	0.0000	0.0000	0.0000	0.0000	0.0000	0.0000	0.0000	0.0001	0.0001	0.0000	0.0002	0.0002	0.0000	0.0000	0.0000	0.0000			
56	117	0.1842	15	0	0	1	2	0	0	0	0	N	N	N	Y	N	N	N	N	N	N	N	N	0.0000	0.0000	0.0000	0.0000	0.0000	0.0000	0.0000	0.0000	0.0000	0.0000	0.0000	0.0000	0.0000	0.0000	0.0000	0.0000	0.0248	0.0011	0.0717	0.0022	0.0024	0.0000	0.0353	0.0000	0.0782	34.0102	0.0000	0.0001	0.9953	0.0285	1.3904	4.0215	0.0000	0.0000	0.0000	0.0000	0.0000	0.0000	0.0000	0.0000	0.0000	0.0003	0.0000	0.0003	0.0000	0.0000	0.0000	0.0003	0.0000	0.0003	0.0008	0.0007	0.0001	0.0003	0.0003	0.0000	0.0005	0.0004	0.0001	0.0141	0.0094	0.0047	0.0045	0.0041	0.0004	0.0096	0.0053	0.0043	0.0000	0.0000	0.0000	0.0000	0.0000	0.0000	0.0000	0.0000	0.0000	0.0248	0.0011	0.0717	0.0022	0.0024	0.0000	0.0353	0.0000	0.0782			
56	118	0.1767	14	0	0	1	2	0	0	0	0	N	N	N	Y	N	N	N	N	N	N	N	N	0.0000	0.0000	0.0000	0.0000	0.0000	0.0000	0.0000	0.0000	0.0000	0.0000	0.0000	0.0000	0.0000	0.0000	0.0000	0.0000	0.0000	0.0000	0.0001	0.0000	0.0000	0.0000	0.0000	0.0000	0.0001	33.3842	0.0000	0.0000	0.9953	3.0275	1.3904	2.1573	0.0000	0.0000	0.0000	0.0000	0.0000	0.0000	0.0000	0.0000	0.0000	0.0000	0.0000	0.0000	0.0000	0.0000	0.0000	0.0000	0.0000	0.0000	0.0207	0.0180	0.0027	0.0026	0.0025	0.0002	0.0181	0.0155	0.0025	0.0190	0.0124	0.0066	0.0059	0.0055	0.0005	0.0131	0.0069	0.0062	0.0000	0.0000	0.0000	0.0000	0.0000	0.0000	0.0000	0.0000	0.0000	0.0000	0.0000	0.0001	0.0000	0.0000	0.0000	0.0000	0.0000	0.0001			
56	119	0.2179	14	1	1	0	1	0	0	0	0	N	N	N	N	N	N	N	N	N	N	N	N	0.0000	0.0000	0.0000	0.0000	0.0000	0.0000	0.0000	0.0000	0.0000	0.0000	0.0000	0.0000	0.0000	0.0000	0.0000	0.0000	0.0000	0.0001	0.0000	0.0001	0.0000	0.0000	0.0000	0.0001	0.0001	0.0001	0.8330	0.0000	-0.0000	0.9953	2.1883	1.3904	3.1271	0.0000	0.0000	0.0000	0.0000	0.0000	0.0000	0.0000	0.0000	0.0000	0.0000	0.0000	0.0000	0.0000	0.0000	0.0000	0.0000	0.0000	0.0000	0.0191	0.0168	0.0024	0.0068	0.0061	0.0007	0.0123	0.0106	0.0017	0.0193	0.0129	0.0063	0.0067	0.0063	0.0004	0.0126	0.0066	0.0059	0.0000	0.0000	0.0000	0.0000	0.0000	0.0000	0.0000	0.0000	0.0000	0.0001	0.0000	0.0001	0.0000	0.0000	0.0000	0.0001	0.0001	0.0001		
56	120	0.1510	13	1	1	0	1	0	0	0	0	N	N	N	N	N	N	N	N	N	N	N	N	0.0000	0.0000	0.0000	0.0000	0.0000	0.0000	0.0000	0.0000	0.0000	0.0000	0.0000	0.0000	0.0000	0.0000	0.0000	0.0000	0.0000	0.0305	0.0248	0.0409	0.0020	0.0021	0.0000	0.0408	0.0391	0.0427	0.9134	0.0000	-0.0002	0.9953	13.6104	1.3904	16.0982	0.0000	0.0000	0.0000	0.0000	0.0000	0.0000	0.0000	0.0000	0.0000	0.0029	0.0015	0.0014	0.0001	0.0001	0.0000	0.0028	0.0014	0.0014	0.0957	0.0832	0.0125	0.0154	0.0140	0.0014	0.0804	0.0692	0.0111	0.0940	0.0606	0.0335	0.0249	0.0235	0.0014	0.0692	0.0371	0.0321	0.0000	0.0000	0.0000	0.0000	0.0000	0.0000	0.0000	0.0000	0.0000	0.0305	0.0248	0.0409	0.0020	0.0021	0.0000	0.0408	0.0391	0.0427		
56	121	0.1762	15	0	1	0	1	0	0	0	0	N	N	N	N	N	N	N	N	N	N	N	N	0.0000	0.0000	0.0000	0.0000	0.0000	0.0000	0.0000	0.0000	0.0000	0.0000	0.0000	0.0000	0.0000	0.0000	0.0000	0.0000	0.0000	0.0095	0.0009	0.0260	0.0016	0.0017	0.0012	0.0153	0.0000	0.0300	14.4770	0.0000	0.0001	0.9953	0.3548	1.3904	4.6068	0.0000	0.0000	0.0000	0.0000	0.0000	0.0000	0.0000	0.0000	0.0000	0.0003	0.0000	0.0003	0.0000	0.0000	0.0000	0.0003	0.0000	0.0003	0.0098	0.0082	0.0017	0.0074	0.0061	0.0013	0.0025	0.0021	0.0004	0.0332	0.0218	0.0114	0.0140	0.0124	0.0016	0.0192	0.0094	0.0098	0.0000	0.0000	0.0000	0.0000	0.0000	0.0000	0.0000	0.0000	0.0000	0.0095	0.0009	0.0260	0.0016	0.0017	0.0012	0.0153	0.0000	0.0300		
56	122	0.1613	14	0	1	0	1	0	0	0	0	N	N	N	N	N	N	N	N	N	N	N	N	0.0000	0.0000	0.0000	0.0000	0.0000	0.0000	0.0000	0.0000	0.0000	0.0000	0.0000	0.0000	0.0000	0.0000	0.0000	0.0000	0.0000	0.0000	0.0166	0.0013	0.0437	0.0002	0.0003	0.0000	0.0233	0.0021	0.0457	18.6964	0.0000	0.0002	0.9953	1.6911	1.3904	5.7022	0.0000	0.0000	0.0000	0.0000	0.0000	0.0000	0.0000	0.0000	0.0000	0.0005	0.0000	0.0004	0.0000	0.0000	0.0000	0.0005	0.0000	0.0004	0.0177	0.0151	0.0026	0.0068	0.0057	0.0010	0.0109	0.0093	0.0016	0.0282	0.0180	0.0102	0.0081	0.0077	0.0005	0.0200	0.0103	0.0097	0.0000	0.0000	0.0000	0.0000	0.0000	0.0000	0.0000	0.0000	0.0000	0.0166	0.0013	0.0437	0.0002	0.0003	0.0000	0.0233	0.0021	0.0457	
56	123	0.1510	13	0	0	0	1	0	0	0	0	N	N	N	N	N	N	N	N	N	N	N	N	0.0000	0.0000	0.0000	0.0000	0.0000	0.0000	0.0000	0.0000	0.0000	0.0000	0.0000	0.0000	0.0000	0.0000	0.0000	0.0000	0.0000	0.0002	0.0001	0.0003	0.0003	0.0003	0.0000	0.0002	0.0000	0.0004	1.6899	0.0000	0.0000	0.9953	2.0929	1.3904	3.1856	0.0000	0.0000	0.0000	0.0000	0.0000	0.0000	0.0000	0.0000	0.0000	0.0000	0.0000	0.0000	0.0000	0.0000	0.0000	0.0000	0.0000	0.0000	0.0218	0.0188	0.0030	0.0077	0.0067	0.0010	0.0141	0.0121	0.0020	0.0209	0.0133	0.0076	0.0061	0.0059	0.0003	0.0147	0.0074	0.0073	0.0000	0.0000	0.0000	0.0000	0.0000	0.0000	0.0000	0.0000	0.0000	0.0002	0.0001	0.0003	0.0003	0.0003	0.0000	0.0002	0.0000	0.0004		
56	124	0.1917	16	1	1	0	1	0	0	0	0	N	N	N	N	N	N	N	N	N	N	N	N	0.0000	0.0000	0.0000	0.0000	0.0000	0.0000	0.0000	0.0000	0.0000	0.0000	0.0000	0.0000	0.0000	0.0000	0.0000	0.0000	0.0000	0.0000	0.0000	0.0000	0.9953	0.0000	1.3904	0.0000	0.0000	0.0000	0.0000	0.0000	0.0000	0.0000	0.0000	0.0000	0.0000	0.0000	0.0000	0.0000	0.0000	0.0000	0.0000	0.0000	0.0000	0.0000	0.0000	0.0000	0.0000	0.0000	0.0000	0.0000	0.0000	0.0000	0.0000	0.0000	0.0000	0.0000	0.0000	0.0000	0.0000	0.0000	0.0000	0.0000	0.0000	0.0000	0.0000	0.0000	0.0000	0.0000	0.0000	0.0000	0.0000	0.0000	0.0000	0.0000	0.0000	0.0000	0.0000	0.0000	0.0000	0.0000											
56	125	0.1871	15	1	1	0	1	0	0	0	0	N	N	N	N	N	N	N	N	N	N	N	N	0.0000	0.0000	0.0000	0.0000	0.0000	0.0000	0.0000	0.0000	0.0000	0.0000	0.0000	0.0000	0.0000	0.0000	0.0000	0.0000	0.0000	0.0000	0.0000	0.0000	0.9953	0.1434	1.3904	1.9839	0.0000	0.0000	0.0000	0.0000	0.0000	0.0000	0.0000	0.0000	0.0000	0.0000	0.0000	0.0000	0.0000	0.0000	0.0000	0.0000	0.0000	0.0000	0.0022	0.0020	0.0002	0.0009	0.0008	0.0000	0.0013	0.0011	0.0002	0.0082	0.0055	0.0027	0.0027	0.0025	0.0002	0.0055	0.0030	0.0025	0.0000	0.0000	0.0000	0.0000	0.0000	0.0000	0.0000	0.0000	0.0000	0.0000	0.0000	0.0000	0.0000	0.0000	0.0000	0.0000	0.0000	0.0000											
56	126	0.1767	14	0	1	0	1	0	0	0	0	N	N	N	N	N	N	N	N	N	N	N	N	0.0000	0.0000	0.0000	0.0000	0.0000	0.0000	0.0000	0.0000	0.0000	0.0000	0.0000	0.0000	0.0000	0.0000	0.0000	0.0000	0.0000	0.0000	0.0000	-0.0000	0.9953	1.8882	1.3904	2.9115	0.0000	0.0000	0.0000	0.0000	0.0000	0.0000	0.0000	0.0000	0.0000	0.0000	0.0000	0.0000	0.0000	0.0000	0.0000	0.0000	0.0000	0.0000	0.0130	0.0113	0.0017	0.0016	0.0015	0.0001	0.0113	0.0097	0.0016	0.0177	0.0115	0.0062	0.0055	0.0051	0.0004	0.0122	0.0064	0.0058	0.0000	0.0000	0.0000	0.0000	0.0000	0.0000	0.0000	0.0000	0.0000	0.0000	0.0000	0.0000	0.0000	0.0000	0.0000	0.0000	0.0000	0.0000											
56	127	0.1510	13	0	0	0	1	0	0	0	0	N	N	N	N	N	N	N	N	N	N	N	N	0.0000	0.0000	0.0000	0.0000	0.0000	0.0000	0.0000	0.0000	0.0000	0.0000	0.0000	0.0000	0.0000	0.0000	0.0000	0.0000	0.0000	0.0000	0.0001	0.0001	0.0001	0.0000	0.0000	0.0000	0.0001	0.9852	0.0000	-0.0000	0.9953	3.5543	1.3904	9.0319	0.0000	0.0000	0.0000	0.0000	0.0000	0.0000	0.0000	0.0000	0.0000	0.0000	0.0000	0.0000	0.0000	0.0000	0.0000	0.0000	0.0000	0.0000	0.0317	0.0274	0.0043	0.0087	0.0077	0.0011	0.0229	0.0197	0.0032	0.0443	0.0285	0.0159	0.0122	0.0116	0.0006	0.0322	0.0169	0.0152	0.0000	0.0000	0.0000	0.0000	0.0000	0.0000	0.0000	0.0000	0.0000	0.0000	0.0000	0.0001	0.0001	0.0001	0.0000	0.0000	0.0000	0.0001			
56	128	0.1473	12	0	0	0	1	0	0	0	0	N	N	N	N	N	N	N	N	N	N	N	N	0.0000	0.0000	0.0000	0.0000	0.0000	0.0000	0.0000	0.0000	0.0000	0.0000	0.0000	0.0000	0.0000	0.0000	0.0000	0.0000	0.0000	0.0004	0.0003	0.0005	0.0006	0.0006	0.0000	0.0003	0.0000	0.0005	0.9292	0.0000	-0.0000	0.9953	2.6246	1.3904	0.7212	0.0000	0.0000	0.0000	0.0000	0.0000	0.0000	0.0000	0.0000	0.0000	0.0000	0.0000	0.0000	0.0000	0.0000	0.0000	0.0000	0.0000	0.0000	0.0253	0.0219	0.0035	0.0081	0.0071	0.0010	0.0172	0.0148	0.0024	0.0172	0.0109	0.0062	0.0060	0.0059	0.0002	0.0111	0.0050	0.0061	0.0000	0.0000	0.0000	0.0000	0.0000	0.0000	0.0000	0.0000	0.0000	0.0004	0.0003	0.0005	0.0006	0.0006	0.0000	0.0003	0.0000	0.0005		
56	129	0.1416	11	0	0	0	1	0	0	0	0	N	N	N	N	N	N	N	N	N	N	N	N	0.0000	0.0000	0.0000	0.0000	0.0000	0.0000	0.0000	0.0000	0.0000	0.0000	0.0000	0.0000	0.0000	0.0000	0.0000	0.0000	0.0000	0.0007	0.0011	0.0001	0.0024	0.0025	0.0000	0.0000	0.0000	0.0001	0.0414	0.0000	-0.0000	0.9953	3.3474	1.3904	1.3769	0.0000	0.0000	0.0000	0.0000	0.0000	0.0000	0.0000	0.0000	0.0000	0.0000	0.0000	0.0000	0.0000	0.0000	0.0000	0.0000	0.0000	0.0000	0.0288	0.0249	0.0039	0.0085	0.0074	0.0011	0.0203	0.0175	0.0029	0.0177	0.0118	0.0059	0.0052	0.0050	0.0002	0.0125	0.0069	0.0056	0.0000	0.0000	0.0000	0.0000	0.0000	0.0000	0.0000	0.0000	0.0000	0.0007	0.0011	0.0001	0.0024	0.0025	0.0000	0.0000	0.0000	0.0001		
56	130	0.1327	10	0	0	0	1	0	0	0	0	N	N	N	N	N	N	N	N	N	N	N	N	0.0000	0.0000	0.0000	0.0000	0.0000	0.0000	0.0000	0.0000	0.0000	0.0000	0.0000	0.0000	0.0000	0.0000	0.0000	0.0000	0.0000	0.0891	0.1345	0.0052	0.2920	0.3070	0.0000	0.0026	0.0000	0.0054	0.0207	0.0000	-0.0008	0.9953	0.4686	1.3904	4.0374	0.0000	0.0000	0.0000	0.0000	0.0000	0.0000	0.0000	0.0000	0.0000	0.0015	0.0014	0.0000	0.0014	0.0014	0.0000	0.0000	0.0000	0.0000	0.0088	0.0074	0.0014	0.0056	0.0047	0.0009	0.0031	0.0027	0.0004	0.0164	0.0107	0.0058	0.0049	0.0047	0.0002	0.0115	0.0060	0.0055	0.0000	0.0000	0.0000	0.0000	0.0000	0.0000	0.0000	0.0000	0.0000	0.0891	0.1345	0.0052	0.2920	0.3070	0.0000	0.0026	0.0000	0.0054		
57	59	0.2320	20	0	1	1	1	0	0	0	0	N	N	N	N	N	N	N	N	N	N	N	N	0.0000	0.0000	0.0000	0.0000	0.0000	0.0000	0.0000	0.0000	0.0000	0.0000	0.0000	0.0000	0.0000	0.0000	0.0000	0.0000	0.0000	0.0000	0.0006	0.0009	0.0000	0.0019	0.0020	0.0003	0.0000	0.0000	0.0000	0.0113	0.0000	-0.0000	0.0068	0.9979	3.2797	4.0614	0.0000	0.0000	0.0000	0.0000	0.0000	0.0000	0.0000	0.0000	0.0000	0.0000	0.0000	0.0000	0.0000	0.0000	0.0000	0.0000	0.0000	0.0000	0.0001	0.0000	0.0000	0.0000	0.0000	0.0000	0.0000	0.0000	0.0000	0.0226	0.0145	0.0081	0.0073	0.0068	0.0005	0.0154	0.0077	0.0076	0.0000	0.0000	0.0000	0.0000	0.0000	0.0000	0.0000	0.0000	0.0000	0.0006	0.0009	0.0000	0.0019	0.0020	0.0003	0.0000	0.0000	0.0000	
57	60	0.2236	19	0	1	0	1	0	0	0	0	N	N	N	N	N	N	N	N	N	N	N	N	0.0000	0.0000	0.0000	0.0000	0.0000	0.0000	0.0000	0.0000	0.0000	0.0000	0.0000	0.0000	0.0000	0.0000	0.0000	0.0000	0.0000	0.0000	0.0004	0.0004	0.0005	0.0009	0.0009	0.0000	0.0003	0.0000	0.0005	0.6447	0.0000	-0.0000	0.0068	2.2356	3.2797	2.2044	0.0000	0.0000	0.0000	0.0000	0.0000	0.0000	0.0000	0.0000	0.0000	0.0000	0.0000	0.0000	0.0000	0.0000	0.0000	0.0000	0.0000	0.0000	0.0001	0.0001	0.0000	0.0000	0.0000	0.0000	0.0001	0.0001	0.0000	0.0193	0.0122	0.0071	0.0060	0.0056	0.0004	0.0133	0.0066	0.0067	0.0000	0.0000	0.0000	0.0000	0.0000	0.0000	0.0000	0.0000	0.0000	0.0004	0.0004	0.0005	0.0009	0.0009	0.0000	0.0003	0.0000	0.0005	
57	61	0.2030	17	1	0	1	1	0	0	0	0	N	N	N	N	N	N	N	N	N	N	N	N	0.0000	0.0000	0.0000	0.0000	0.0000	0.0000	0.0000	0.0000	0.0000	0.0000	0.0000	0.0000	0.0000	0.0000	0.0000	0.0000	0.0000	0.0000	0.0275	0.0009	0.0679	0.0010	0.0011	0.0000	0.0364	0.0007	0.0714	51.5604	0.0000	0.0005	0.0068	2.0703	3.2797	7.0012	0.0000	0.0000	0.0000	0.0000	0.0000	0.0000	0.0000	0.0000	0.0000	0.0010	0.0000	0.0010	0.0000	0.0000	0.0000	0.0010	0.0000	0.0010	0.0001	0.0001	0.0000	0.0000	0.0000	0.0000	0.0001	0.0001	0.0000	0.0382	0.0230	0.0151	0.0097	0.0089	0.0007	0.0285	0.0141	0.0144	0.0000	0.0000	0.0000	0.0000	0.0000	0.0000	0.0000	0.0000	0.0000	0.0275	0.0009	0.0679	0.0010	0.0011	0.0000	0.0364	0.0007	0.0714	
57	62	0.2014	16	0	0	0	1	0	0	0	0	N	N	N	N	N	N	N	N	N	N	N	N	0.0000	0.0000	0.0000	0.0000	0.0000	0.0000	0.0000	0.0000	0.0000	0.0000	0.0000	0.0000	0.0000	0.0000	0.0000	0.0000	0.0000	0.0000	0.0003	0.0001	0.0007	0.0001	0.0001	0.0000	0.0004	0.0000	0.0007	9.1005	0.0000	0.0000	0.0068	0.9285	3.2797	0.0280	0.0000	0.0000	0.0000	0.0000	0.0000	0.0000	0.0000	0.0000	0.0000	0.0000	0.0000	0.0000	0.0000	0.0000	0.0000	0.0000	0.0000	0.0000	0.0001	0.0000	0.0000	0.0000	0.0000	0.0000	0.0000	0.0000	0.0000	0.0043	0.0026	0.0017	0.0011	0.0010	0.0001	0.0032	0.0015	0.0016	0.0000	0.0000	0.0000	0.0000	0.0000	0.0000	0.0000	0.0000	0.0000	0.0003	0.0001	0.0007	0.0001	0.0001	0.0000	0.0004	0.0000	0.0007	
57	63	0.1636	11	1	1	0	1	0	0	0	0	N	N	N	N	N	N	N	N	N	N	N	N	0.4505	0.0000	2472.6913	0.0972	0.0000	inf	39.4003	0.0000	2236.2696	0.0002	0.0000	0.0020	0.0002	0.0000	0.0059	0.0003	0.0000	0.0018	0.0006	0.0009	0.0000	0.0020	0.0022	0.0000	0.0000	0.0000	0.0000	inf	0.0006	0.0000	-0.0000	0.0068	1.0023	3.2797	3.0135	0.0000	0.0000	0.0000	0.0000	0.0000	0.0000	0.0000	0.0000	0.0000	0.0000	0.0000	0.0000	0.0000	0.0000	0.0000	0.0000	0.0000	0.0000	0.0001	0.0001	0.0000	0.0000	0.0000	0.0000	0.0000	0.0000	0.0000	0.0180	0.0111	0.0069	0.0048	0.0045	0.0003	0.0131	0.0065	0.0066	0.4505	0.0000	2472.6913	0.0972	0.0000	inf	39.4003	0.0000	2236.2696	0.0006	0.0009	0.0000	0.0020	0.0022	0.0000	0.0000	0.0000	0.0000
57	64	0.1372	10	1	1	0	1	0	0	0	0	N	N	N	N	N	N	N	N	N	N	N	N	23.0627	0.0069	24506.3037	4.0622	0.0055	10144.7039	105.8605	0.0137	28939.1720	0.0450	0.0000	0.3400	0.0253	0.0000	0.2188	0.0554	0.0000	0.3921	0.0020	0.0032	0.0000	0.0062	0.0066	0.0000	0.0005	0.0010	0.0000	2355.2049	0.0028	0.0000	-0.0001	0.0068	3.0820	3.2797	9.3392	0.0000	0.0000	0.0000	0.0000	0.0000	0.0000	0.0000	0.0000	0.0000	0.0001	0.0001	0.0000	0.0001	0.0001	0.0000	0.0000	0.0000	0.0000	0.0002	0.0002	0.0000	0.0001	0.0001	0.0000	0.0001	0.0001	0.0000	0.0516	0.0313	0.0203	0.0129	0.0121	0.0008	0.0387	0.0192	0.0195	23.0627	0.0069	24506.3037	4.0622	0.0055	10144.7039	105.8605	0.0137	28939.1720	0.0020	0.0032	0.0000	0.0062	0.0066	0.0000	0.0005	0.0010	0.0000
57	65	0.2236	19	0	1	0	1	0	0	0	0	N	N	N	N	N	N	N	N	N	N	N	N	0.0000	0.0000	0.0000	0.0000	0.0000	0.0000	0.0000	0.0000	0.0000	0.0000	0.0000	0.0000	0.0000	0.0000	0.0000	0.0000	0.0000	0.0338	0.0000	0.0892	0.0000	0.0000	0.0000	0.0483	0.0000	0.0947	325726.4477	0.0000	0.0005	0.0068	1.7946	3.2797	5.9592	0.0000	0.0000	0.0000	0.0000	0.0000	0.0000	0.0000	0.0000	0.0000	0.0011	0.0000	0.0011	0.0000	0.0000	0.0000	0.0011	0.0000	0.0011	0.0001	0.0001	0.0000	0.0000	0.0000	0.0000	0.0001	0.0001	0.0000	0.0318	0.0198	0.0120	0.0096	0.0089	0.0007	0.0222	0.0109	0.0114	0.0000	0.0000	0.0000	0.0000	0.0000	0.0000	0.0000	0.0000	0.0000	0.0338	0.0000	0.0892	0.0000	0.0000	0.0000	0.0483	0.0000	0.0947		
57	66	0.2168	18	0	1	0	1	0	0	0	0	N	N	N	N	N	N	N	N	N	N	N	N	0.0000	0.0000	0.0000	0.0000	0.0000	0.0000	0.0000	0.0000	0.0000	0.0000	0.0000	0.0000	0.0000	0.0000	0.0000	0.0000	0.0000	0.0000	0.0004	0.0000	0.0009	0.0000	0.0000	0.0000	0.0005	0.0000	0.0009	25.5983	0.0000	0.0000	0.0068	1.3569	3.2797	2.0560	0.0000	0.0000	0.0000	0.0000	0.0000	0.0000	0.0000	0.0000	0.0000	0.0000	0.0000	0.0000	0.0000	0.0000	0.0000	0.0000	0.0000	0.0000	0.0001	0.0001	0.0000	0.0000	0.0000	0.0000	0.0001	0.0001	0.0000	0.0148	0.0089	0.0058	0.0044	0.0041	0.0003	0.0104	0.0048	0.0055	0.0000	0.0000	0.0000	0.0000	0.0000	0.0000	0.0000	0.0000	0.0000	0.0004	0.0000	0.0009	0.0000	0.0000	0.0000	0.0005	0.0000	0.0009	
57	67	0.2034	17	0	1	0	1	0	0	0	0	N	N	N	N	N	N	N	N	N	N	N	N	0.0000	0.0000	0.0000	0.0000	0.0000	0.0000	0.0000	0.0000	0.0000	0.0000	0.0000	0.0000	0.0000	0.0000	0.0000	0.0000	0.0000	0.0000	0.0000	0.0000	0.0000	0.0000	0.0000	0.0000	0.0000	2.4309	0.0000	0.0000	0.0068	4.9477	3.2797	2.0153	0.0000	0.0000	0.0000	0.0000	0.0000	0.0000	0.0000	0.0000	0.0000	0.0000	0.0000	0.0000	0.0000	0.0000	0.0000	0.0000	0.0000	0.0000	0.0003	0.0003	0.0000	0.0001	0.0001	0.0000	0.0002	0.0002	0.0000	0.0295	0.0184	0.0111	0.0094	0.0087	0.0007	0.0201	0.0097	0.0104	0.0000	0.0000	0.0000	0.0000	0.0000	0.0000	0.0000	0.0000	0.0000	0.0000	0.0000	0.0000	0.0000	0.0000	0.0000	0.0000	0.0000	0.0000			
57	68	0.0701	3	0	0	1	1	0	0	0	0	N	N	N	N	N	N	N	N	N	N	N	N	0.0000	0.0000	0.0000	0.0000	0.0000	0.0000	0.0000	0.0000	0.0000	0.0000	0.0000	0.0000	0.0000	0.0000	0.0000	0.0000	0.0000	0.0005	0.0006	0.0003	0.0016	0.0018	0.0000	0.0001	0.0000	0.0003	0.3307	0.0000	-0.0000	0.0068	0.0000	3.2797	4.0001	0.0000	0.0000	0.0000	0.0000	0.0000	0.0000	0.0000	0.0000	0.0000	0.0000	0.0000	0.0000	0.0000	0.0000	0.0000	0.0000	0.0000	0.0000	0.0000	0.0000	0.0000	0.0000	0.0000	0.0000	0.0000	0.0000	0.0000	0.0179	0.0101	0.0078	0.0039	0.0035	0.0004	0.0140	0.0067	0.0073	0.0000	0.0000	0.0000	0.0000	0.0000	0.0000	0.0000	0.0000	0.0000	0.0005	0.0006	0.0003	0.0016	0.0018	0.0000	0.0001	0.0000	0.0003		
57	69	0.0479	2	0	0	0	1	0	0	0	0	N	N	N	N	N	N	N	N	N	N	N	N	0.0297	0.0187	0.0000	0.0073	0.0087	0.0000	23.9630	121.3009	0.0000	0.0357	0.0414	0.0000	0.0290	0.0320	0.0000	0.0385	0.0457	0.0000	1.2020	2.2115	0.0022	3.9644	3.6638	0.0010	0.0016	0.0004	0.0022	0.0000	0.0008	-0.0000	-0.0683	0.0068	2.8240	3.2797	8.9883	0.0000	0.0000	0.0000	0.0000	0.0000	0.0000	0.0000	0.0000	0.0000	0.1259	0.1258	0.0001	0.1258	0.1258	0.0000	0.0001	0.0000	0.0001	0.0002	0.0002	0.0000	0.0001	0.0001	0.0000	0.0002	0.0001	0.0000	0.1048	0.0569	0.0479	0.0358	0.0343	0.0014	0.0690	0.0226	0.0464	0.0297	0.0187	0.0000	0.0083	0.0087	0.0000	23.9630	121.3009	0.0000	1.2020	2.2115	0.0022	3.5178	3.6638	0.0010	0.0016	0.0004	0.0022
57	73	0.1284	9	0	0	0	1	0	0	0	0	N	N	N	N	N	N	N	N	N	N	N	N	11.3639	7.7836	0.0000	1.7975	1.8738	21903.6197	458148.5704	0.0000	0.0365	0.0420	0.0000	0.0229	0.0257	0.0000	0.0428	0.0498	0.0000	0.0032	0.0054	0.0000	0.0128	0.0137	0.0000	0.0000	0.0000	0.0000	0.0000	0.0004	-0.0000	-0.0001	0.0068	4.0673	3.2797	17.8409	0.0000	0.0000	0.0000	0.0000	0.0000	0.0000	0.0000	0.0000	0.0000	0.0003	0.0003	0.0000	0.0003	0.0003	0.0000	0.0000	0.0000	0.0000	0.0003	0.0002	0.0000	0.0001	0.0001	0.0000	0.0002	0.0002	0.0000	0.0841	0.0501	0.0340	0.0212	0.0197	0.0015	0.0629	0.0303	0.0325	11.3639	7.7836	0.0000	1.7975	1.8738	0.0000	21903.6197	458148.5704	0.0000	0.0032	0.0054	0.0000	0.0128	0.0137	0.0000	0.0000	0.0000	0.0000	
57	75	0.2651	13	0	0	0	1	0	0	0	0	N	N	N	N	N	N	N	N	N	N	N	N	0.0043	0.0127	0.0020	0.0109	0.0084	0.0544	0.0025	1.5002	0.0000	0.0041	0.0041	0.0045	0.0052	0.0041	0.0230	0.0034	0.0040	0.0000	0.9532	0.3197	2.2222	0.4789	0.4945	0.4236	1.3901	0.0027	2.5509	0.1412	3.4701	-0.0000	0.0725	0.0068	3.5843	3.2797	46.7516	0.0000	0.0000	0.0000	0.0000	0.0000	0.0000	0.0000	0.0000	0.0000	0.3106	0.0695	0.2411	0.0748	0.0693	0.0056	0.2358	0.0002	0.2356	0.0003	0.0003	0.0000	0.0001	0.0001	0.0000	0.0002	0.0002	0.0000	0.3259	0.2174	0.1085	0.1562	0.1401	0.0162	0.1696	0.0773	0.0923	0.0043	0.0127	0.0020	0.0109	0.0084	0.0671	0.0025	1.5002	0.0000	0.9532	0.3197	2.2222	0.4789	0.4945	0.3436	1.3901	0.0027	2.5509
57	76	0.2302	19	1	1	1	1	0	0	0	0	N	N	N	N	N	N	N	N	N	N	N	N	0.0000	0.0000	0.0000	0.0000	0.0000	0.0000	0.0000	0.0000	0.0000	0.0000	0.0000	0.0000	0.0000	0.0000	0.0000	0.0000	0.0000	0.0000	0.0000	0.0000	0.0000	0.0000	0.0000	0.0000	0.0000	3.4909	0.0000	0.0000	0.0068	1.0003	3.2797	1.0071	0.0000	0.0000	0.0000	0.0000	0.0000	0.0000	0.0000	0.0000	0.0000	0.0000	0.0000	0.0000	0.0000	0.0000	0.0000	0.0000	0.0000	0.0000	0.0001	0.0000	0.0000	0.0000	0.0000	0.0000	0.0000	0.0000	0.0000	0.0086	0.0053	0.0033	0.0026	0.0024	0.0002	0.0060	0.0029	0.0031	0.0000	0.0000	0.0000	0.0000	0.0000	0.0000	0.0000	0.0000	0.0000	0.0000	0.0000	0.0000	0.0000	0.0000	0.0000	0.0000	0.0000	0.0000			
57	77	0.2235	18	1	0	1	1	0	0	0	0	N	N	N	N	N	N	N	N	N	N	N	N	0.0000	0.0000	0.0000	0.0000	0.0000	0.0000	0.0000	0.0000	0.0000	0.0000	0.0000	0.0000	0.0000	0.0000	0.0000	0.0000	0.0000	0.0015	0.0003	0.0050	0.0004	0.0004	0.0000	0.0023	0.0000	0.0052	7.3785	0.0000	0.0000	0.0068	0.9901	3.2797	2.2068	0.0000	0.0000	0.0000	0.0000	0.0000	0.0000	0.0000	0.0000	0.0000	0.0001	0.0000	0.0000	0.0000	0.0000	0.0000	0.0000	0.0000	0.0000	0.0001	0.0000	0.0000	0.0000	0.0000	0.0000	0.0000	0.0000	0.0000	0.0352	0.0257	0.0096	0.0148	0.0145	0.0003	0.0204	0.0112	0.0092	0.0000	0.0000	0.0000	0.0000	0.0000	0.0000	0.0000	0.0000	0.0000	0.0015	0.0003	0.0050	0.0004	0.0004	0.0000	0.0023	0.0000	0.0052		
57	78	0.1459	10	0	1	0	1	0	0	0	0	N	N	N	N	N	N	N	N	N	N	N	N	14.7477	23.7782	0.0000	17.9893	21.2542	0.0000	11.3766	inf	0.0000	0.0177	0.0202	0.0000	0.0360	0.0395	0.0000	0.0096	0.0111	0.0000	0.0012	0.0009	0.0018	0.0020	0.0019	0.0040	0.0008	0.0000	0.0017	0.0000	1.2248	-0.0000	0.0000	0.0068	8.4371	3.2797	15.3349	0.0000	0.0000	0.0000	0.0000	0.0000	0.0000	0.0000	0.0000	0.0000	0.0001	0.0001	0.0001	0.0001	0.0001	0.0000	0.0001	0.0000	0.0001	0.0006	0.0005	0.0001	0.0002	0.0002	0.0000	0.0004	0.0003	0.0001	0.1087	0.0690	0.0397	0.0338	0.0316	0.0023	0.0748	0.0374	0.0374	14.7477	23.7782	0.0000	17.9893	21.2542	0.0000	11.3766	inf	0.0000	0.0012	0.0009	0.0018	0.0020	0.0019	0.0040	0.0008	0.0000	0.0017
57	79	0.2235	18	1	0	1	1	0	0	0	0	N	N	N	N	N	N	N	N	N	N	N	N	0.0000	0.0000	0.0000	0.0000	0.0000	0.0000	0.0000	0.0000	0.0000	0.0000	0.0000	0.0000	0.0000	0.0000	0.0000	0.0000	0.0032	0.0035	0.0026	0.0065	0.0068	0.0000	0.0013	0.0000	0.0028	0.3505	0.0000	-0.0001	0.0068	3.0096	3.2797	5.7427	0.0000	0.0000	0.0000	0.0000	0.0000	0.0000	0.0000	0.0000	0.0000	0.0002	0.0001	0.0000	0.0001	0.0001	0.0000	0.0000	0.0000	0.0000	0.0002	0.0001	0.0000	0.0000	0.0000	0.0000	0.0001	0.0001	0.0000	0.0569	0.0387	0.0182	0.0209	0.0200	0.0009	0.0360	0.0187	0.0173	0.0000	0.0000	0.0000	0.0000	0.0000	0.0000	0.0000	0.0000	0.0000	0.0032	0.0035	0.0026	0.0065	0.0068	0.0000	0.0013	0.0000	0.0028			
57	80	0.2079	17	1	0	1	1	0	0	0	0	N	N	N	N	N	N	N	N	N	N	N	N	0.0000	0.0000	0.0000	0.0000	0.0000	0.0000	0.0000	0.0000	0.0000	0.0000	0.0000	0.0000	0.0000	0.0000	0.0000	0.0000	0.0000	0.0005	0.0002	0.0010	0.0004	0.0004	0.0001	0.0005	0.0000	0.0010	3.4014	0.0000	0.0000	0.0068	1.0477	3.2797	6.1154	0.0000	0.0000	0.0000	0.0000	0.0000	0.0000	0.0000	0.0000	0.0000	0.0000	0.0000	0.0000	0.0000	0.0000	0.0000	0.0000	0.0000	0.0000	0.0001	0.0001	0.0000	0.0000	0.0000	0.0000	0.0000	0.0000	0.0000	0.0345	0.0214	0.0130	0.0104	0.0097	0.0007	0.0241	0.0117	0.0124	0.0000	0.0000	0.0000	0.0000	0.0000	0.0000	0.0000	0.0000	0.0000	0.0005	0.0002	0.0010	0.0004	0.0004	0.0001	0.0005	0.0000	0.0010		
57	81	0.2014	16	0	0	0	1	0	0	0	0	N	N	N	N	N	N	N	N	N	N	N	N	0.0000	0.0000	0.0000	0.0000	0.0000	0.0000	0.0000	0.0000	0.0000	0.0000	0.0000	0.0000	0.0000	0.0000	0.0000	0.0000	0.0000	0.0000	0.0001	0.0001	0.0001	0.0002	0.0002	0.0000	0.0000	0.0000	0.0001	0.4343	0.0000	-0.0000	0.0068	1.9794	3.2797	1.0196	0.0000	0.0000	0.0000	0.0000	0.0000	0.0000	0.0000	0.0000	0.0000	0.0000	0.0000	0.0000	0.0000	0.0000	0.0000	0.0000	0.0000	0.0000	0.0001	0.0001	0.0000	0.0000	0.0000	0.0000	0.0001	0.0001	0.0000	0.0129	0.0078	0.0051	0.0033	0.0030	0.0002	0.0097	0.0048	0.0049	0.0000	0.0000	0.0000	0.0000	0.0000	0.0000	0.0000	0.0000	0.0000	0.0001	0.0001	0.0001	0.0002	0.0002	0.0000	0.0000	0.0000	0.0001	
57	82	0.1992	15	0	0	0	1	0	0	0	0	N	N	N	N	N	N	N	N	N	N	N	N	0.0000	0.0000	0.0000	0.0000	0.0000	0.0000	0.0000	0.0000	0.0000	0.0000	0.0000	0.0000	0.0000	0.0000	0.0000	0.0000	0.0000	0.0000	0.0000	0.0000	0.0000	0.0000	0.0000	0.0000	0.0000	0.0000	0.0000	2.7855	-0.0000	0.0000	0.0068	1.0114	3.2797	0.0202	0.0000	0.0000	0.0000	0.0000	0.0000	0.0000	0.0000	0.0000	0.0000	0.0000	0.0000	0.0000	0.0000	0.0000	0.0000	0.0000	0.0000	0.0000	0.0001	0.0001	0.0000	0.0000	0.0000	0.0000	0.0000	0.0000	0.0000	0.0047	0.0028	0.0019	0.0012	0.0011	0.0001	0.0035	0.0017	0.0018	0.0000	0.0000	0.0000	0.0000	0.0000	0.0000	0.0000	0.0000	0.0000	0.0000	0.0000	0.0000	0.0000	0.0000	0.0000	0.0000	0.0000	0.0000	
57	83	0.1787	14	0	0	0	1	0	0	0	0	N	N	N	N	N	N	N	N	N	N	N	N	0.0176	2.8921	0.0000	5.0841	5.0945	0.0000	0.0000	0.0000	0.0000	0.0000	0.0000	0.0000	0.0002	0.0002	0.0000	0.0000	0.0000	0.0000	0.0022	0.0000	0.0057	0.0000	0.0000	0.0000	0.0031	0.0000	0.0059	0.0000	238.5487	-0.0000	0.0000	0.0068	5.9223	3.2797	3.6882	0.0000	0.0000	0.0000	0.0000	0.0000	0.0000	0.0000	0.0000	0.0000	0.0001	0.0000	0.0001	0.0000	0.0000	0.0000	0.0001	0.0000	0.0001	0.0004	0.0003	0.0000	0.0001	0.0001	0.0000	0.0003	0.0002	0.0000	0.0439	0.0266	0.0173	0.0118	0.0110	0.0008	0.0321	0.0155	0.0166	0.0176	2.8921	0.0000	5.0841	5.0945	0.0000	0.0000	0.0000	0.0000	0.0022	0.0000	0.0057	0.0000	0.0000	0.0000	0.0031	0.0000	0.0059
57	84	0.1658	12	0	1	0	1	0	0	0	0	N	N	N	N	N	N	N	N	N	N	N	N	0.0001	0.0001	0.0000	0.0000	0.0000	0.0000	0.0717	3.1302	0.0000	0.0005	0.0006	0.0000	0.0001	0.0001	0.0000	0.0006	0.0007	0.0000	5.8063	9.4379	0.0147	18.3634	20.2205	0.0000	0.0085	0.0002	0.0164	0.0000	0.0010	-0.0000	-0.4896	0.0068	7.1084	3.2797	28.8937	0.0000	0.0000	0.0000	0.0000	0.0000	0.0000	0.0000	0.0000	0.0000	0.9034	0.9025	0.0009	0.9025	0.9025	0.0000	0.0009	0.0000	0.0009	0.0004	0.0004	0.0000	0.0001	0.0001	0.0000	0.0003	0.0003	0.0000	0.1556	0.0956	0.0600	0.0507	0.0446	0.0061	0.1048	0.0510	0.0538	0.0001	0.0001	0.0000	0.0000	0.0000	0.0000	0.0717	3.1302	0.0000	5.8063	9.4379	0.0147	17.7846	20.2205	0.0000	0.0085	0.0002	0.0164
57	85	0.1583	11	0	1	0	1	0	0	0	0	N	N	N	N	N	N	N	N	N	N	N	N	0.4173	0.3468	0.0198	0.0320	0.0329	0.2407	6.3318	34.9372	0.0000	0.0105	0.0121	0.0001	0.0018	0.0020	0.0002	0.0184	0.0213	0.0000	0.0253	0.0348	0.0049	0.0571	0.0621	0.0007	0.0029	0.0006	0.0053	0.0012	0.0651	-0.0000	-0.0006	0.0068	2.2208	3.2797	3.9129	0.0000	0.0000	0.0000	0.0000	0.0000	0.0000	0.0000	0.0000	0.0000	0.0012	0.0011	0.0001	0.0011	0.0011	0.0000	0.0001	0.0000	0.0001	0.0002	0.0002	0.0000	0.0001	0.0001	0.0000	0.0001	0.0001	0.0000	0.0467	0.0318	0.0149	0.0193	0.0177	0.0016	0.0274	0.0141	0.0133	0.4173	0.3468	0.0198	0.0320	0.0329	0.2407	6.3318	34.9372	0.0000	0.0253	0.0348	0.0049	0.0571	0.0621	0.0007	0.0029	0.0006	0.0053
57	86	0.2338	13	0	0	1	1	0	0	0	0	N	N	N	N	N	N	N	N	N	N	N	N	0.1197	0.1014	0.0000	0.2156	0.1992	0.0000	0.0000	0.0000	0.0000	0.0001	0.0001	0.0000	0.0005	0.0005	0.0000	0.0000	0.0000	0.0000	0.0010	0.0013	0.0005	0.0023	0.0026	0.0003	0.0003	0.0000	0.0005	0.0000	0.2358	-0.0000	-0.0000	0.0068	5.3425	3.2797	7.0749	0.0000	0.0000	0.0000	0.0000	0.0000	0.0000	0.0000	0.0000	0.0000	0.0001	0.0000	0.0000	0.0000	0.0000	0.0000	0.0000	0.0000	0.0000	0.0003	0.0003	0.0000	0.0001	0.0001	0.0000	0.0003	0.0002	0.0000	0.0547	0.0333	0.0214	0.0195	0.0172	0.0023	0.0353	0.0161	0.0191	0.1197	0.1014	0.0000	0.2156	0.1992	0.0000	0.0000	0.0000	0.0000	0.0010	0.0013	0.0005	0.0023	0.0026	0.0003	0.0003	0.0000	0.0005
57	87	0.1906	12	0	0	0	1	0	0	0	0	N	N	N	N	N	N	N	N	N	N	N	N	2.2196	2.1160	0.0096	3.7999	3.9043	0.0259	0.0083	0.0119	0.0000	0.0151	0.0171	0.0000	0.0453	0.0490	0.0001	0.0000	0.0000	0.0000	0.0068	0.0081	0.0044	0.0119	0.0125	0.0057	0.0034	0.0026	0.0042	0.0003	0.2818	-0.0000	-0.0003	0.0068	7.0719	3.2797	13.7350	0.0000	0.0000	0.0000	0.0000	0.0000	0.0000	0.0000	0.0000	0.0000	0.0008	0.0006	0.0002	0.0006	0.0005	0.0000	0.0002	0.0001	0.0002	0.0005	0.0004	0.0001	0.0002	0.0002	0.0000	0.0003	0.0003	0.0000	0.1198	0.0787	0.0411	0.0479	0.0435	0.0045	0.0718	0.0353	0.0366	2.2196	2.1160	0.0096	3.7999	3.9043	0.0259	0.0083	0.0119	0.0000	0.0068	0.0081	0.0044	0.0119	0.0125	0.0057	0.0034	0.0026	0.0042
57	88	0.2338	20	1	0	1	1	0	0	0	0	N	N	N	N	N	N	N	N	N	N	N	N	0.0000	0.0000	0.0000	0.0000	0.0000	0.0000	0.0000	0.0000	0.0000	0.0000	0.0000	0.0000	0.0000	0.0000	0.0000	0.0000	0.0000	0.0000	0.0000	0.0000	0.0068	0.0000	3.2797	0.0000	0.0000	0.0000	0.0000	0.0000	0.0000	0.0000	0.0000	0.0000	0.0000	0.0000	0.0000	0.0000	0.0000	0.0000	0.0000	0.0000	0.0000	0.0000	0.0000	0.0000	0.0000	0.0000	0.0000	0.0000	0.0000	0.0000	0.0000	0.0000	0.0000	0.0000	0.0000	0.0000	0.0000	0.0000	0.0000	0.0000	0.0000	0.0000	0.0000	0.0000	0.0000	0.0000	0.0000	0.0000	0.0000	0.0000	0.0000	0.0000	0.0000	0.0000	0.0000	0.0000	0.0000	0.0000											
57	89	0.2319	19	1	0	1	1	0	0	0	0	N	N	N	N	N	N	N	N	N	N	N	N	0.0000	0.0000	0.0000	0.0000	0.0000	0.0000	0.0000	0.0000	0.0000	0.0000	0.0000	0.0000	0.0000	0.0000	0.0000	0.0000	0.0000	0.0000	0.0000	0.0000	0.0008	0.0000	0.0000	0.0000	inf	0.0000	0.0000	0.0068	0.0001	3.2797	0.9161	0.0000	0.0000	0.0000	0.0000	0.0000	0.0000	0.0000	0.0000	0.0000	0.0000	0.0000	0.0000	0.0000	0.0000	0.0000	0.0000	0.0000	0.0000	0.0000	0.0000	0.0000	0.0000	0.0000	0.0000	0.0000	0.0000	0.0000	0.0067	0.0046	0.0021	0.0027	0.0026	0.0001	0.0041	0.0020	0.0020	0.0000	0.0000	0.0000	0.0000	0.0000	0.0000	0.0000	0.0000	0.0000	0.0000	0.0000	0.0000	0.0000	0.0000	0.0008	0.0000	0.0000	0.0000				
57	90	0.2071	18	1	0	1	1	0	0	0	0	N	N	N	N	N	N	N	N	N	N	N	N	0.0000	0.0000	0.0000	0.0000	0.0000	0.0000	0.0000	0.0000	0.0000	0.0000	0.0000	0.0000	0.0000	0.0000	0.0000	0.0000	0.0000	0.0000	0.0000	0.0000	0.0000	0.0000	0.0000	0.0000	0.0000	0.0642	0.0000	-0.0000	0.0068	3.7876	3.2797	7.8440	0.0000	0.0000	0.0000	0.0000	0.0000	0.0000	0.0000	0.0000	0.0000	0.0000	0.0000	0.0000	0.0000	0.0000	0.0000	0.0000	0.0000	0.0000	0.0002	0.0002	0.0000	0.0001	0.0001	0.0000	0.0002	0.0001	0.0000	0.0492	0.0308	0.0183	0.0158	0.0147	0.0011	0.0334	0.0161	0.0172	0.0000	0.0000	0.0000	0.0000	0.0000	0.0000	0.0000	0.0000	0.0000	0.0000	0.0000	0.0000	0.0000	0.0000	0.0000	0.0000	0.0000	0.0000			
57	91	0.1179	8	0	1	0	2	0	0	0	0	N	N	N	Y	N	N	N	N	N	N	N	N	5.5942	4.1876	0.0000	0.0700	0.0778	0.0000	7.8951	4.7864	0.0000	0.0543	0.0632	0.0000	0.0003	0.0003	0.0000	0.0924	0.1076	0.0000	0.0097	0.0151	0.0019	0.0037	0.0039	0.0008	0.0117	0.0225	0.0019	0.0000	0.0848	-0.0000	-0.0003	0.0068	1.8247	3.2797	16.3284	0.0000	0.0000	0.0000	0.0000	0.0000	0.0000	0.0000	0.0000	0.0000	0.0007	0.0007	0.0001	0.0001	0.0001	0.0000	0.0007	0.0006	0.0001	0.0001	0.0001	0.0000	0.0001	0.0001	0.0000	0.0001	0.0001	0.0000	0.0771	0.0457	0.0314	0.0192	0.0182	0.0011	0.0578	0.0276	0.0303	5.5942	4.1876	0.0000	0.0700	0.0778	0.0000	7.8951	4.7864	0.0000	0.0097	0.0151	0.0019	0.0037	0.0039	0.0008	0.0117	0.0225	0.0019
57	92	0.1284	9	0	1	0	1	0	0	0	0	N	N	N	N	N	N	N	N	N	N	N	N	33.5626	23.0855	0.0000	32.9002	33.1259	0.0000	0.0000	0.0000	0.0036	0.0041	0.0000	0.0140	0.0151	0.0000	0.0000	0.0000	0.0000	0.0001	0.0002	0.0000	0.0004	0.0005	0.0000	0.0000	0.0000	0.0000	0.0000	0.0120	-0.0000	-0.0000	0.0068	9.1310	3.2797	16.1726	0.0000	0.0000	0.0000	0.0000	0.0000	0.0000	0.0000	0.0000	0.0000	0.0000	0.0000	0.0000	0.0000	0.0000	0.0000	0.0000	0.0000	0.0000	0.0005	0.0005	0.0001	0.0001	0.0001	0.0000	0.0004	0.0003	0.0001	0.0954	0.0568	0.0386	0.0239	0.0223	0.0017	0.0715	0.0346	0.0370	33.5626	23.0855	0.0000	32.9002	33.1259	0.0000	0.0000	0.0000	0.0000	0.0001	0.0002	0.0000	0.0004	0.0005	0.0000	0.0000	0.0000	0.0000	
57	93	0.0849	7	0	1	0	1	0	0	0	0	N	N	N	N	N	N	N	N	N	N	N	N	1.9222	8.9930	0.0000	7.2496	23.0978	0.0000	0.0000	0.0000	0.0008	0.0009	0.0000	0.0050	0.0051	0.0000	0.0000	0.0000	0.0000	0.0004	0.0001	0.0009	0.0007	0.0002	0.0053	0.0003	0.0000	0.0006	0.0000	5.6228	-0.0000	0.0000	0.0068	4.0959	3.2797	8.7137	0.0000	0.0000	0.0000	0.0000	0.0000	0.0000	0.0000	0.0000	0.0000	0.0000	0.0000	0.0000	0.0000	0.0000	0.0000	0.0000	0.0000	0.0000	0.0003	0.0002	0.0000	0.0000	0.0000	0.0000	0.0002	0.0002	0.0000	0.0693	0.0428	0.0265	0.0217	0.0197	0.0020	0.0476	0.0232	0.0245	1.9222	8.9930	0.0000	7.2496	23.0978	0.0000	0.0000	0.0000	0.0000	0.0004	0.0001	0.0009	0.0007	0.0002	0.0053	0.0003	0.0000	0.0006	
57	94	0.0666	6	0	1	0	1	0	0	0	0	N	N	N	N	N	N	N	N	N	N	N	N	34.9950	242.5043	1.0829	2503.1223	2396.6201	0.2887	0.0000	1.0766	0.1059	0.1202	0.0072	0.5371	0.5484	0.0000	0.0011	0.0000	0.0075	0.0030	0.0005	0.0067	0.0002	0.0002	0.0000	0.0039	0.0007	0.0069	0.0087	9.3348	-0.0000	0.0000	0.0068	2.9443	3.2797	6.1524	0.0000	0.0000	0.0000	0.0000	0.0000	0.0000	0.0000	0.0000	0.0000	0.0001	0.0000	0.0001	0.0000	0.0000	0.0000	0.0001	0.0000	0.0001	0.0002	0.0002	0.0000	0.0000	0.0000	0.0000	0.0002	0.0001	0.0000	0.0438	0.0259	0.0179	0.0108	0.0101	0.0007	0.0330	0.0158	0.0173	34.9950	242.5043	1.0829	2503.1223	2396.6201	0.0000	0.2887	0.0000	1.0766	0.0030	0.0005	0.0067	0.0002	0.0002	0.0000	0.0039	0.0007	0.0069	
57	95	0.0641	5	0	0	0	1	0	0	0	0	N	N	N	N	N	N	N	N	N	N	N	N	0.0000	0.0000	0.0000	0.0000	0.0000	0.0000	0.0000	0.0000	0.0000	0.0000	0.0000	0.0000	0.0000	0.0000	0.0000	0.0000	0.0044	0.0066	0.0003	0.0126	0.0129	0.0000	0.0002	0.0000	0.0004	0.0281	0.0000	-0.0000	0.0068	0.8596	3.2797	1.2300	0.0000	0.0000	0.0000	0.0000	0.0000	0.0000	0.0000	0.0000	0.0000	0.0001	0.0001	0.0000	0.0001	0.0001	0.0000	0.0000	0.0000	0.0000	0.0001	0.0000	0.0000	0.0000	0.0000	0.0000	0.0000	0.0000	0.0000	0.0177	0.0115	0.0061	0.0060	0.0058	0.0001	0.0117	0.0057	0.0060	0.0000	0.0000	0.0000	0.0000	0.0000	0.0000	0.0000	0.0000	0.0000	0.0044	0.0066	0.0003	0.0126	0.0129	0.0000	0.0002	0.0000	0.0004			
57	98	0.2071	18	0	1	0	1	0	0	0	0	N	N	N	N	N	N	N	N	N	N	N	N	0.0000	0.0000	0.0000	0.0000	0.0000	0.0000	0.0000	0.0000	0.0000	0.0000	0.0000	0.0000	0.0000	0.0000	0.0000	0.0000	0.0000	0.0009	0.0000	0.0024	0.0000	0.0000	0.0000	0.0013	0.0000	0.0025	23782.7253	0.0000	0.0000	0.0068	1.3608	3.2797	12.1483	0.0000	0.0000	0.0000	0.0000	0.0000	0.0000	0.0000	0.0000	0.0000	0.0000	0.0000	0.0000	0.0000	0.0000	0.0000	0.0000	0.0000	0.0000	0.0001	0.0001	0.0000	0.0000	0.0000	0.0000	0.0001	0.0001	0.0000	0.0559	0.0350	0.0209	0.0178	0.0165	0.0013	0.0381	0.0184	0.0196	0.0000	0.0000	0.0000	0.0000	0.0000	0.0000	0.0000	0.0000	0.0000	0.0009	0.0000	0.0024	0.0000	0.0000	0.0000	0.0013	0.0000	0.0025		
57	99	0.2034	17	0	0	0	1	0	0	0	0	N	N	N	N	N	N	N	N	N	N	N	N	0.0000	0.0000	0.0000	0.0000	0.0000	0.0000	0.0000	0.0000	0.0000	0.0000	0.0000	0.0000	0.0000	0.0000	0.0000	0.0000	0.0000	0.0000	0.0000	0.0000	0.0000	0.0000	0.0000	0.0000	0.0000	2.2894	0.0000	0.0000	0.0068	1.5300	3.2797	0.7696	0.0000	0.0000	0.0000	0.0000	0.0000	0.0000	0.0000	0.0000	0.0000	0.0000	0.0000	0.0000	0.0000	0.0000	0.0000	0.0000	0.0000	0.0000	0.0001	0.0001	0.0000	0.0000	0.0000	0.0000	0.0001	0.0001	0.0000	0.0117	0.0075	0.0042	0.0040	0.0038	0.0002	0.0076	0.0037	0.0039	0.0000	0.0000	0.0000	0.0000	0.0000	0.0000	0.0000	0.0000	0.0000	0.0000	0.0000	0.0000	0.0000	0.0000	0.0000	0.0000	0.0000	0.0000			
57	100	0.1945	16	0	0	0	1	0	0	0	0	N	N	N	N	N	N	N	N	N	N	N	N	0.0000	0.0000	0.0000	0.0000	0.0000	0.0000	0.0000	0.0000	0.0000	0.0000	0.0000	0.0000	0.0000	0.0000	0.0000	0.0000	0.0000	0.0000	0.0000	0.0000	0.0000	0.0000	0.0000	0.0000	0.0000	1.7361	0.0000	0.0000	0.0068	3.6906	3.2797	1.4800	0.0000	0.0000	0.0000	0.0000	0.0000	0.0000	0.0000	0.0000	0.0000	0.0000	0.0000	0.0000	0.0000	0.0000	0.0000	0.0000	0.0000	0.0000	0.0002	0.0002	0.0000	0.0000	0.0000	0.0000	0.0002	0.0001	0.0000	0.0227	0.0139	0.0088	0.0068	0.0062	0.0006	0.0159	0.0077	0.0082	0.0000	0.0000	0.0000	0.0000	0.0000	0.0000	0.0000	0.0000	0.0000	0.0000	0.0000	0.0000	0.0000	0.0000	0.0000	0.0000	0.0000	0.0000			
57	101	0.1945	15	0	0	0	1	0	0	0	0	N	N	N	N	N	N	N	N	N	N	N	N	0.0000	0.0000	0.0000	0.0000	0.0000	0.0000	0.0000	0.0000	0.0000	0.0000	0.0000	0.0000	0.0000	0.0000	0.0000	0.0000	0.0000	0.0000	0.0000	0.0000	0.0000	0.0000	0.0000	0.0000	0.0000	0.0000	0.9520	0.0000	-0.0000	0.0068	0.1361	3.2797	0.4500	0.0000	0.0000	0.0000	0.0000	0.0000	0.0000	0.0000	0.0000	0.0000	0.0000	0.0000	0.0000	0.0000	0.0000	0.0000	0.0000	0.0000	0.0000	0.0000	0.0000	0.0000	0.0000	0.0000	0.0000	0.0000	0.0000	0.0000	0.0036	0.0023	0.0013	0.0013	0.0012	0.0001	0.0023	0.0011	0.0012	0.0000	0.0000	0.0000	0.0000	0.0000	0.0000	0.0000	0.0000	0.0000	0.0000	0.0000	0.0000	0.0000	0.0000	0.0000	0.0000	0.0000	0.0000		
57	102	0.1787	14	0	0	0	1	0	0	0	0	N	N	N	N	N	N	N	N	N	N	N	N	0.9067	0.6449	0.0000	1.1265	1.0859	0.0000	0.0000	0.0000	0.0001	0.0001	0.0000	0.0003	0.0003	0.0000	0.0000	0.0000	0.0000	0.0001	0.0001	0.0000	0.0002	0.0003	0.0000	0.0000	0.0000	0.0000	0.0000	0.0382	-0.0000	-0.0000	0.0068	3.5591	3.2797	4.5341	0.0000	0.0000	0.0000	0.0000	0.0000	0.0000	0.0000	0.0000	0.0000	0.0000	0.0000	0.0000	0.0000	0.0000	0.0000	0.0000	0.0000	0.0000	0.0002	0.0002	0.0000	0.0001	0.0000	0.0000	0.0002	0.0001	0.0000	0.0378	0.0229	0.0149	0.0103	0.0097	0.0007	0.0275	0.0133	0.0142	0.9067	0.6449	0.0000	1.1265	1.0859	0.0000	0.0000	0.0000	0.0000	0.0001	0.0001	0.0000	0.0002	0.0003	0.0000	0.0000	0.0000	0.0000	
57	103	0.1570	13	0	0	0	1	0	0	0	0	N	N	N	N	N	N	N	N	N	N	N	N	0.8189	0.5611	4.4580	0.6230	0.6657	0.0000	2.2673	849.3529	6.1391	0.0099	0.0113	0.0010	0.0288	0.0328	0.0000	0.0003	0.0001	0.0015	0.0120	0.0201	0.0002	0.0462	0.0493	0.0000	0.0001	0.0000	0.0002	0.0146	0.0079	-0.0000	-0.0003	0.0068	2.8937	3.2797	8.0733	0.0000	0.0000	0.0000	0.0000	0.0000	0.0000	0.0000	0.0000	0.0000	0.0006	0.0006	0.0000	0.0006	0.0006	0.0000	0.0000	0.0000	0.0000	0.0002	0.0002	0.0000	0.0001	0.0001	0.0000	0.0001	0.0001	0.0000	0.0502	0.0299	0.0203	0.0130	0.0122	0.0008	0.0372	0.0177	0.0195	0.8189	0.5611	4.4580	0.6230	0.6657	0.0000	2.2673	849.3529	6.1391	0.0120	0.0201	0.0002	0.0462	0.0493	0.0000	0.0001	0.0000	0.0002
57	104	0.1517	9	0	1	0	1	0	0	0	0	N	N	N	N	N	N	N	N	N	N	N	N	1.3640	0.0000	6.9652	0.0000	0.0000	0.0000	5.7686	0.0000	12.1055	0.0022	0.0000	0.0164	0.0000	0.0000	0.0000	0.0033	0.0000	0.0171	0.0016	0.0013	0.0024	0.0030	0.0025	0.0136	0.0006	0.0000	0.0014	inf	0.6111	0.0000	-0.0000	0.0068	0.0277	3.2797	1.3445	0.0000	0.0000	0.0000	0.0000	0.0000	0.0000	0.0000	0.0000	0.0000	0.0000	0.0000	0.0000	0.0000	0.0000	0.0000	0.0000	0.0000	0.0000	0.0000	0.0000	0.0000	0.0000	0.0000	0.0000	0.0000	0.0000	0.0000	0.0129	0.0096	0.0033	0.0054	0.0051	0.0003	0.0076	0.0045	0.0031	1.3640	0.0000	6.9652	0.0000	0.0000	0.0000	5.7686	0.0000	12.1055	0.0016	0.0013	0.0024	0.0030	0.0025	0.0136	0.0006	0.0000	0.0014
57	105	0.1051	8	0	1	0	1	0	0	0	0	N	N	N	N	N	N	N	N	N	N	N	N	52.3411	0.0000	3233.8200	0.1135	0.0000	445.2318	207.7697	0.0000	3394.4030	0.0323	0.0000	0.2773	0.0002	0.0000	0.0067	0.0433	0.0000	0.2986	0.0006	0.0010	0.0001	0.0020	0.0021	0.0000	0.0002	0.0003	0.0001	inf	0.0589	0.0000	-0.0000	0.0068	5.1414	3.2797	16.4151	0.0000	0.0000	0.0000	0.0000	0.0000	0.0000	0.0000	0.0000	0.0000	0.0001	0.0000	0.0000	0.0000	0.0000	0.0000	0.0000	0.0000	0.0000	0.0003	0.0003	0.0000	0.0001	0.0001	0.0000	0.0002	0.0002	0.0000	0.0847	0.0509	0.0339	0.0196	0.0185	0.0010	0.0652	0.0323	0.0328	52.3411	0.0000	3233.8200	0.1135	0.0000	445.2318	207.7697	0.0000	3394.4030	0.0006	0.0010	0.0001	0.0020	0.0021	0.0000	0.0002	0.0003	0.0001
57	106	0.0968	7	0	0	0	1	0	0	0	0	N	N	N	N	N	N	N	N	N	N	N	N	0.5788	0.3526	2.1792	0.4960	0.4985	0.0000	0.7837	347.6876	2.2848	0.0007	0.0004	0.0029	0.0012	0.0013	0.0000	0.0005	0.0001	0.0031	0.0012	0.0011	0.0013	0.0025	0.0026	0.0004	0.0007	0.0000	0.0013	0.9806	0.7012	0.0000	-0.0000	0.0068	3.8974	3.2797	1.6364	0.0000	0.0000	0.0000	0.0000	0.0000	0.0000	0.0000	0.0000	0.0000	0.0000	0.0000	0.0000	0.0000	0.0000	0.0000	0.0000	0.0000	0.0000	0.0002	0.0002	0.0000	0.0001	0.0001	0.0000	0.0002	0.0002	0.0000	0.0314	0.0196	0.0118	0.0089	0.0086	0.0003	0.0225	0.0109	0.0115	0.5788	0.3526	2.1792	0.4960	0.4985	0.0000	0.7837	347.6876	2.2848	0.0012	0.0011	0.0013	0.0025	0.0026	0.0004	0.0007	0.0000	0.0013
57	109	0.1873	14	1	1	0	2	0	0	0	0	N	N	N	Y	N	N	N	N	N	N	N	N	0.0000	0.0000	0.0000	0.0000	0.0000	0.0000	0.0000	0.0000	0.0000	0.0000	0.0000	0.0000	0.0000	0.0000	0.0000	0.0000	0.0000	0.0000	0.0000	0.0000	0.0068	0.0000	3.2797	0.0000	0.0000	0.0000	0.0000	0.0000	0.0000	0.0000	0.0000	0.0000	0.0000	0.0000	0.0000	0.0000	0.0000	0.0000	0.0000	0.0000	0.0000	0.0000	0.0000	0.0000	0.0000	0.0000	0.0000	0.0000	0.0000	0.0000	0.0000	0.0000	0.0000	0.0000	0.0000	0.0000	0.0000	0.0000	0.0000	0.0000	0.0000	0.0000	0.0000	0.0000	0.0000	0.0000	0.0000	0.0000	0.0000	0.0000	0.0000	0.0000	0.0000	0.0000	0.0000	0.0000	0.0000	0.0000											
57	110	0.1723	13	1	1	0	2	0	0	0	0	N	N	N	Y	N	N	N	N	N	N	N	N	0.0000	0.0000	0.0000	0.0000	0.0000	0.0000	0.0000	0.0000	0.0000	0.0000	0.0000	0.0000	0.0000	0.0003	0.0000	0.0008	0.0011	0.0000	0.0119	0.0000	0.0000	0.0000	inf	0.0000	0.0000	0.0068	0.0000	3.2797	7.1240	0.0000	0.0000	0.0000	0.0000	0.0000	0.0000	0.0000	0.0000	0.0000	0.0000	0.0000	0.0000	0.0000	0.0000	0.0000	0.0000	0.0000	0.0000	0.0000	0.0000	0.0000	0.0000	0.0000	0.0000	0.0000	0.0000	0.0000	0.0320	0.0193	0.0127	0.0092	0.0084	0.0008	0.0227	0.0109	0.0118	0.0000	0.0000	0.0000	0.0000	0.0000	0.0000	0.0000	0.0000	0.0000	0.0003	0.0000	0.0008	0.0011	0.0000	0.0119	0.0000	0.0000	0.0000						
57	111	0.1813	15	0	1	0	2	0	0	0	0	N	N	N	Y	N	N	N	N	N	N	N	N	0.0000	0.0000	0.0000	0.0000	0.0000	0.0000	0.0000	0.0000	0.0000	0.0000	0.0000	0.0000	0.0000	0.0000	0.0000	0.0000	0.0000	0.0000	12.7975	5.2198	42.3622	10.2374	11.3331	0.0554	14.1442	0.0212	44.0195	3.0141	0.0000	0.0586	0.0068	0.0016	3.2797	5.0076	0.0000	0.0000	0.0000	0.0000	0.0000	0.0000	0.0000	0.0000	0.0000	0.2819	0.0702	0.2117	0.0701	0.0701	0.0000	0.2118	0.0002	0.2116	0.0000	0.0000	0.0000	0.0000	0.0000	0.0000	0.0000	0.0000	0.0000	0.0220	0.0135	0.0086	0.0071	0.0062	0.0009	0.0150	0.0073	0.0077	0.0000	0.0000	0.0000	0.0000	0.0000	0.0000	0.0000	0.0000	0.0000	12.7975	5.2198	24.6883	9.9393	11.3331	0.0554	14.1442	0.0212	27.4768	
57	112	0.1744	14	0	1	0	2	0	0	0	0	N	N	N	Y	N	N	N	N	N	N	N	N	0.0000	0.0000	0.0000	0.0000	0.0000	0.0000	0.0000	0.0000	0.0000	0.0000	0.0000	0.0000	0.0000	0.0000	0.0000	0.0000	0.0000	0.0000	0.0079	0.0039	0.0140	0.0061	0.0067	0.0000	0.0087	0.0013	0.0152	2.3169	0.0000	0.0000	0.0068	1.0012	3.2797	2.1373	0.0000	0.0000	0.0000	0.0000	0.0000	0.0000	0.0000	0.0000	0.0000	0.0001	0.0000	0.0001	0.0000	0.0000	0.0000	0.0001	0.0000	0.0001	0.0001	0.0001	0.0000	0.0000	0.0000	0.0000	0.0000	0.0000	0.0000	0.0154	0.0094	0.0060	0.0050	0.0045	0.0005	0.0105	0.0049	0.0056	0.0000	0.0000	0.0000	0.0000	0.0000	0.0000	0.0000	0.0000	0.0000	0.0079	0.0039	0.0140	0.0061	0.0067	0.0000	0.0087	0.0013	0.0152	
57	113	0.1828	14	0	1	0	1	0	0	0	0	N	N	N	N	N	N	N	N	N	N	N	N	0.0000	0.0000	0.0000	0.0000	0.0000	0.0000	0.0000	0.0000	0.0000	0.0000	0.0000	0.0000	0.0000	0.0000	0.0000	0.0000	0.0000	0.0000	0.0000	0.0000	-0.0000	0.0068	0.9705	3.2797	5.0371	0.0000	0.0000	0.0000	0.0000	0.0000	0.0000	0.0000	0.0000	0.0000	0.0000	0.0000	0.0000	0.0000	0.0000	0.0000	0.0000	0.0000	0.0000	0.0001	0.0001	0.0000	0.0000	0.0000	0.0000	0.0000	0.0000	0.0000	0.0267	0.0163	0.0103	0.0078	0.0071	0.0007	0.0188	0.0092	0.0096	0.0000	0.0000	0.0000	0.0000	0.0000	0.0000	0.0000	0.0000	0.0000	0.0000	0.0000	0.0000	0.0000	0.0000	0.0000	0.0000	0.0000	0.0000										
57	114	0.1744	14	0	0	1	2	0	0	0	0	N	N	N	Y	N	N	N	N	N	N	N	N	0.0000	0.0000	0.0000	0.0000	0.0000	0.0000	0.0000	0.0000	0.0000	0.0000	0.0000	0.0000	0.0000	0.0000	0.0000	0.0000	0.0000	0.0000	0.0000	0.0000	0.0068	0.0000	3.2797	1.1303	0.0000	0.0000	0.0000	0.0000	0.0000	0.0000	0.0000	0.0000	0.0000	0.0000	0.0000	0.0000	0.0000	0.0000	0.0000	0.0000	0.0000	0.0000	0.0000	0.0000	0.0000	0.0000	0.0000	0.0000	0.0000	0.0000	0.0000	0.0068	0.0041	0.0026	0.0024	0.0022	0.0002	0.0044	0.0019	0.0025	0.0000	0.0000	0.0000	0.0000	0.0000	0.0000	0.0000	0.0000	0.0000	0.0000	0.0000	0.0000	0.0000	0.0000	0.0000	0.0000	0.0000	0.0000											
57	115	0.1723	13	0	0	0	2	0	0	0	0	N	N	N	Y	N	N	N	N	N	N	N	N	0.0000	0.0000	0.0000	0.0000	0.0000	0.0000	0.0000	0.0000	0.0000	0.0000	0.0000	0.0000	0.0000	0.0000	0.0000	0.0000	0.0000	0.0000	0.0000	0.0000	0.0000	0.0000	0.0000	0.0000	-0.0000	0.0068	0.0000	3.2797	1.2340	0.0000	0.0000	0.0000	0.0000	0.0000	0.0000	0.0000	0.0000	0.0000	0.0000	0.0000	0.0000	0.0000	0.0000	0.0000	0.0000	0.0000	0.0000	0.0000	0.0000	0.0000	0.0000	0.0000	0.0000	0.0000	0.0000	0.0000	0.0073	0.0045	0.0028	0.0025	0.0023	0.0002	0.0048	0.0022	0.0027	0.0000	0.0000	0.0000	0.0000	0.0000	0.0000	0.0000	0.0000	0.0000	0.0000	0.0000	0.0000	0.0000	0.0000	0.0000	0.0000	0.0000	0.0000						
57	116	0.1798	14	0	0	1	2	0	0	0	0	N	N	N	Y	N	N	N	N	N	N	N	N	0.0041	0.0029	0.0000	0.0054	0.0051	0.0000	0.0000	0.0000	0.0000	0.0000	0.0001	0.0001	0.0000	0.0000	0.0000	0.0000	0.0068	0.0108	0.0001	0.0216	0.0238	0.0000	0.0001	0.0000	0.0002	0.0000	0.0082	-0.0000	-0.0000	0.0068	0.9725	3.2797	0.9874	0.0000	0.0000	0.0000	0.0000	0.0000	0.0000	0.0000	0.0000	0.0000	0.0001	0.0001	0.0000	0.0001	0.0001	0.0000	0.0000	0.0000	0.0000	0.0001	0.0001	0.0000	0.0000	0.0000	0.0000	0.0000	0.0000	0.0000	0.0092	0.0057	0.0035	0.0029	0.0026	0.0003	0.0063	0.0031	0.0032	0.0041	0.0029	0.0000	0.0054	0.0051	0.0000	0.0000	0.0000	0.0000	0.0068	0.0108	0.0001	0.0216	0.0238	0.0000	0.0001	0.0000	0.0002		
57	117	0.1798	14	0	0	1	2	0	0	0	0	N	N	N	Y	N	N	N	N	N	N	N	N	0.0001	0.0113	0.0000	0.0122	0.0111	0.0000	0.0000	0.0003	0.0003	0.0000	0.0007	0.0007	0.0000	0.0000	0.0000	0.0000	2.2299	0.0294	5.7710	0.0599	0.0664	0.0000	3.1732	0.0000	6.2543	0.0000	121.8374	-0.0000	0.0180	0.0068	0.0285	3.2797	4.0215	0.0000	0.0000	0.0000	0.0000	0.0000	0.0000	0.0000	0.0000	0.0000	0.0400	0.0003	0.0397	0.0003	0.0003	0.0000	0.0397	0.0000	0.0397	0.0000	0.0000	0.0000	0.0000	0.0000	0.0000	0.0000	0.0000	0.0000	0.0180	0.0111	0.0069	0.0054	0.0049	0.0005	0.0125	0.0062	0.0063	0.0001	0.0113	0.0000	0.0122	0.0111	0.0000	0.0000	0.0000	0.0000	2.2299	0.0294	5.7710	0.0599	0.0664	0.0000	3.1732	0.0000	6.2543		
57	118	0.1723	13	0	0	1	2	0	0	0	0	N	N	N	Y	N	N	N	N	N	N	N	N	22.5720	1893.6141	0.0000	4158.9391	3930.6503	0.0000	0.0000	0.0585	0.0665	0.0000	0.3006	0.3118	0.0000	0.0000	0.0000	0.0000	0.0026	0.0000	0.0065	0.0001	0.0001	0.0000	0.0036	0.0000	0.0070	0.0000	120.8589	-0.0000	0.0000	0.0068	3.0275	3.2797	2.1573	0.0000	0.0000	0.0000	0.0000	0.0000	0.0000	0.0000	0.0000	0.0000	0.0001	0.0000	0.0001	0.0000	0.0000	0.0000	0.0001	0.0000	0.0001	0.0002	0.0002	0.0000	0.0000	0.0000	0.0000	0.0001	0.0001	0.0000	0.0240	0.0145	0.0095	0.0070	0.0064	0.0006	0.0169	0.0081	0.0089	22.5720	1893.6141	0.0000	4158.9391	3930.6503	0.0000	0.0000	0.0000	0.0000	0.0026	0.0000	0.0065	0.0001	0.0001	0.0000	0.0036	0.0000	0.0070		
57	119	0.2136	13	1	1	0	1	0	0	0	0	N	N	N	N	N	N	N	N	N	N	N	N	6701.1563	7128.4721	0.0000	14714.1604	15649.3006	0.0000	0.0000	0.0000	0.0107	0.0122	0.0000	0.0274	0.0303	0.0000	0.0000	0.0000	0.0000	0.0000	0.0000	0.0000	0.0000	0.0000	0.0000	0.0000	0.0000	0.0000	0.0000	0.4866	-0.0000	-0.0000	0.0068	2.1883	3.2797	3.1271	0.0000	0.0000	0.0000	0.0000	0.0000	0.0000	0.0000	0.0000	0.0000	0.0000	0.0000	0.0000	0.0000	0.0000	0.0000	0.0000	0.0000	0.0000	0.0002	0.0001	0.0000	0.0001	0.0001	0.0000	0.0001	0.0001	0.0000	0.0243	0.0153	0.0091	0.0081	0.0076	0.0005	0.0162	0.0077	0.0085	6701.1563	7128.4721	0.0000	14714.1604	15649.3006	0.0000	0.0000	0.0000	0.0000	0.0000	0.0000	0.0000	0.0000	0.0000	0.0000	0.0000	0.0000	0.0000	
57	120	0.1466	12	1	1	0	1	0	0	0	0	N	N	N	N	N	N	N	N	N	N	N	N	6.2737	5.6757	0.2703	10.9058	10.8644	121.7258	3.9287	3.7035	0.2337	0.0042	0.0048	0.0001	0.0114	0.0122	0.0002	0.0022	0.0025	0.0001	0.0007	0.0008	0.0004	0.0010	0.0011	0.0000	0.0006	0.0007	0.0004	0.0033	0.3335	-0.0000	-0.0000	0.0068	13.6104	3.2797	16.0982	0.0000	0.0000	0.0000	0.0000	0.0000	0.0000	0.0000	0.0000	0.0000	0.0001	0.0001	0.0000	0.0000	0.0000	0.0000	0.0000	0.0000	0.0000	0.0008	0.0007	0.0001	0.0002	0.0002	0.0000	0.0006	0.0005	0.0001	0.1184	0.0707	0.0477	0.0286	0.0267	0.0019	0.0898	0.0440	0.0459	6.2737	5.6757	0.2703	10.9058	10.8644	121.7258	3.9287	3.7035	0.2337	0.0007	0.0008	0.0004	0.0010	0.0011	0.0000	0.0006	0.0007	0.0004
57	121	0.1719	14	0	1	0	1	0	0	0	0	N	N	N	N	N	N	N	N	N	N	N	N	0.0045	17.3761	0.0000	0.0138	0.4794	0.0000	0.0097	878497.1128	0.0000	0.0412	0.0499	0.0000	0.0020	0.0024	0.0000	0.1517	0.1763	0.0000	9.1648	0.0029	48.9311	0.1410	0.0050	1.2524	15.6414	0.0000	51.8825	0.0000	4974.7306	-0.0000	0.1828	0.0068	0.3548	3.2797	4.6068	0.0000	0.0000	0.0000	0.0000	0.0000	0.0000	0.0000	0.0000	0.0000	0.4002	0.0001	0.4001	0.0026	0.0001	0.0025	0.3976	0.0000	0.3976	0.0001	0.0001	0.0000	0.0001	0.0000	0.0000	0.0000	0.0000	0.0000	0.0437	0.0280	0.0157	0.0182	0.0161	0.0022	0.0254	0.0120	0.0135	0.0045	17.3761	0.0000	0.0138	0.4794	0.0000	0.0097	878497.1128	0.0000	9.1648	0.0029	25.5607	0.1410	0.0050	1.1370	15.6414	0.0000	29.5379
57	122	0.1570	13	0	1	0	1	0	0	0	0	N	N	N	N	N	N	N	N	N	N	N	N	0.0108	1.5853	0.0000	9.3034	10.5277	0.0420	0.0028	0.3682	0.0000	0.1812	0.2116	0.0017	0.3474	0.4055	0.0008	0.0644	0.0749	0.0023	16.8557	0.1335	84.0325	0.0373	0.0385	0.0198	23.0603	0.2035	84.2806	0.0013	211.2591	-0.0000	0.2721	0.0068	1.6911	3.2797	5.7022	0.0000	0.0000	0.0000	0.0000	0.0000	0.0000	0.0000	0.0000	0.0000	0.6016	0.0028	0.5988	0.0004	0.0003	0.0000	0.6012	0.0025	0.5988	0.0001	0.0001	0.0000	0.0001	0.0001	0.0000	0.0001	0.0001	0.0000	0.0357	0.0212	0.0145	0.0096	0.0090	0.0006	0.0261	0.0122	0.0138	0.0108	1.5853	0.0000	9.3034	10.5277	0.0420	0.0028	0.3682	0.0001	16.8557	0.1335	41.4247	0.0373	0.0385	0.0198	23.0603	0.2035	43.2327
57	123	0.1466	12	0	0	0	1	0	0	0	0	N	N	N	N	N	N	N	N	N	N	N	N	0.8136	24.7164	0.0022	47.1225	52.4275	0.0000	0.4815	15.4060	0.0026	0.0186	0.0214	0.0001	0.0241	0.0276	0.0000	0.0151	0.0175	0.0001	0.0228	0.0009	0.0550	0.0005	0.0005	0.0002	0.0313	0.0011	0.0569	0.0009	43.3104	-0.0000	0.0003	0.0068	2.0929	3.2797	3.1856	0.0000	0.0000	0.0000	0.0000	0.0000	0.0000	0.0000	0.0000	0.0000	0.0006	0.0000	0.0006	0.0000	0.0000	0.0000	0.0006	0.0000	0.0006	0.0002	0.0002	0.0000	0.0001	0.0001	0.0000	0.0001	0.0001	0.0000	0.0265	0.0157	0.0107	0.0073	0.0069	0.0004	0.0192	0.0088	0.0104	0.8136	24.7164	0.0022	47.1225	52.4275	0.0000	0.4815	15.4060	0.0026	0.0228	0.0009	0.0550	0.0005	0.0005	0.0002	0.0313	0.0011	0.0569
57	124	0.1873	15	1	1	0	1	0	0	0	0	N	N	N	N	N	N	N	N	N	N	N	N	0.0000	0.0000	0.0000	0.0000	0.0000	0.0000	0.0000	0.0000	0.0000	0.0000	0.0000	0.0000	0.0000	0.0000	0.0000	0.0000	0.0000	0.0000	0.0000	0.0000	0.0068	0.0000	3.2797	0.0000	0.0000	0.0000	0.0000	0.0000	0.0000	0.0000	0.0000	0.0000	0.0000	0.0000	0.0000	0.0000	0.0000	0.0000	0.0000	0.0000	0.0000	0.0000	0.0000	0.0000	0.0000	0.0000	0.0000	0.0000	0.0000	0.0000	0.0000	0.0000	0.0000	0.0000	0.0000	0.0000	0.0000	0.0000	0.0000	0.0000	0.0000	0.0000	0.0000	0.0000	0.0000	0.0000	0.0000	0.0000	0.0000	0.0000	0.0000	0.0000	0.0000	0.0000	0.0000	0.0000	0.0000	0.0000											
57	125	0.1828	14	1	1	0	1	0	0	0	0	N	N	N	N	N	N	N	N	N	N	N	N	0.0000	0.0000	0.0000	0.0000	0.0000	0.0000	0.0000	0.0000	0.0000	0.0000	0.0000	0.0000	0.0000	0.0000	0.0000	0.0000	0.0000	0.0000	0.0000	0.0000	-0.0000	0.0068	0.1434	3.2797	1.9839	0.0000	0.0000	0.0000	0.0000	0.0000	0.0000	0.0000	0.0000	0.0000	0.0000	0.0000	0.0000	0.0000	0.0000	0.0000	0.0000	0.0000	0.0000	0.0000	0.0000	0.0000	0.0000	0.0000	0.0000	0.0000	0.0000	0.0000	0.0104	0.0065	0.0039	0.0032	0.0030	0.0003	0.0072	0.0035	0.0036	0.0000	0.0000	0.0000	0.0000	0.0000	0.0000	0.0000	0.0000	0.0000	0.0000	0.0000	0.0000	0.0000	0.0000	0.0000	0.0000	0.0000	0.0000										
57	126	0.1723	13	0	1	0	1	0	0	0	0	N	N	N	N	N	N	N	N	N	N	N	N	0.0000	0.0000	0.0000	0.0000	0.0000	0.0000	0.0000	0.0000	0.0000	0.0000	0.0000	0.0000	0.0000	0.0000	0.0000	0.0000	0.0000	0.0000	0.0000	0.0000	0.0000	0.0000	0.0909	0.0000	-0.0000	0.0068	1.8882	3.2797	2.9115	0.0000	0.0000	0.0000	0.0000	0.0000	0.0000	0.0000	0.0000	0.0000	0.0000	0.0000	0.0000	0.0000	0.0000	0.0000	0.0000	0.0000	0.0000	0.0001	0.0001	0.0000	0.0000	0.0000	0.0000	0.0001	0.0001	0.0000	0.0224	0.0136	0.0088	0.0066	0.0060	0.0006	0.0158	0.0075	0.0083	0.0000	0.0000	0.0000	0.0000	0.0000	0.0000	0.0000	0.0000	0.0000	0.0000	0.0000	0.0000	0.0000	0.0000	0.0000	0.0000	0.0000	0.0000						
57	127	0.1466	12	0	0	0	1	0	0	0	0	N	N	N	N	N	N	N	N	N	N	N	N	147.3217	109.3069	0.0000	0.0414	0.0437	2112.7870	529944.3779	0.0000	0.0310	0.0357	0.0000	0.0000	0.0000	0.0000	0.0455	0.0529	0.0000	0.0002	0.0003	0.0000	0.0008	0.0008	0.0000	0.0000	0.0000	0.0000	0.0000	0.0825	-0.0000	-0.0000	0.0068	3.5543	3.2797	9.0319	0.0000	0.0000	0.0000	0.0000	0.0000	0.0000	0.0000	0.0000	0.0000	0.0000	0.0000	0.0000	0.0000	0.0000	0.0000	0.0000	0.0000	0.0000	0.0003	0.0002	0.0000	0.0001	0.0001	0.0000	0.0002	0.0002	0.0000	0.0560	0.0334	0.0226	0.0142	0.0133	0.0008	0.0418	0.0200	0.0218	147.3217	109.3069	0.0000	0.0414	0.0437	0.0000	2112.7870	529944.3779	0.0000	0.0002	0.0003	0.0000	0.0008	0.0008	0.0000	0.0000	0.0000	0.0000	
57	128	0.1430	11	0	0	0	1	0	0	0	0	N	N	N	N	N	N	N	N	N	N	N	N	53.8286	74.8486	0.2533	50.0981	55.0326	0.0000	56.7028	76154.2016	0.2903	0.0155	0.0178	0.0001	0.0211	0.0239	0.0000	0.0124	0.0144	0.0001	0.0003	0.0002	0.0004	0.0004	0.0004	0.0000	0.0002	0.0000	0.0004	0.0008	0.9979	-0.0000	-0.0000	0.0068	2.6246	3.2797	0.7212	0.0000	0.0000	0.0000	0.0000	0.0000	0.0000	0.0000	0.0000	0.0000	0.0000	0.0000	0.0000	0.0000	0.0000	0.0000	0.0000	0.0000	0.0000	0.0002	0.0002	0.0000	0.0001	0.0001	0.0000	0.0001	0.0001	0.0000	0.0221	0.0134	0.0088	0.0076	0.0073	0.0002	0.0146	0.0060	0.0085	53.8286	74.8486	0.2533	50.0981	55.0326	0.0000	56.7028	76154.2016	0.2903	0.0003	0.0002	0.0004	0.0004	0.0004	0.0000	0.0002	0.0000	0.0004
57	129	0.1372	10	0	0	0	1	0	0	0	0	N	N	N	N	N	N	N	N	N	N	N	N	437.7664	585.7193	7.4009	373.0847	420.8360	3.3255	459.2772	1821.1107	8.5362	0.0134	0.0153	0.0003	0.0202	0.0228	0.0002	0.0099	0.0114	0.0003	0.0000	0.0000	0.0000	0.0001	0.0001	0.0001	0.0000	0.0000	0.0000	0.0028	0.8606	-0.0000	-0.0000	0.0068	3.3474	3.2797	1.3769	0.0000	0.0000	0.0000	0.0000	0.0000	0.0000	0.0000	0.0000	0.0000	0.0000	0.0000	0.0000	0.0000	0.0000	0.0000	0.0000	0.0000	0.0000	0.0002	0.0002	0.0000	0.0001	0.0001	0.0000	0.0002	0.0001	0.0000	0.0224	0.0140	0.0084	0.0061	0.0058	0.0003	0.0162	0.0082	0.0080	437.7664	585.7193	7.4009	373.0847	420.8360	3.3255	459.2772	1821.1107	8.5362	0.0000	0.0000	0.0000	0.0001	0.0001	0.0001	0.0000	0.0000	0.0000
57	130	0.1284	9	0	0	0	1	0	0	0	0	N	N	N	N	N	N	N	N	N	N	N	N	15.6067	22.1234	1.1019	6.7965	7.7862	3.2196	31.5263	35451.3612	2.9276	0.0449	0.0528	0.0040	0.0351	0.0424	0.0011	0.0628	0.0706	0.0110	0.0029	0.0024	0.0036	0.0052	0.0054	0.0003	0.0020	0.0000	0.0038	0.0145	0.9996	-0.0000	-0.0000	0.0068	0.4686	3.2797	4.0374	0.0000	0.0000	0.0000	0.0000	0.0000	0.0000	0.0000	0.0000	0.0000	0.0001	0.0000	0.0000	0.0000	0.0000	0.0000	0.0000	0.0000	0.0000	0.0001	0.0001	0.0000	0.0000	0.0000	0.0000	0.0000	0.0000	0.0000	0.0207	0.0125	0.0082	0.0058	0.0055	0.0003	0.0149	0.0070	0.0079	15.6067	22.1234	1.1019	6.7965	7.7862	3.2196	31.5263	35451.3612	2.9276	0.0029	0.0024	0.0036	0.0052	0.0054	0.0003	0.0020	0.0000	0.0038
58	59	0.2253	19	0	1	1	1	0	0	0	0	N	N	N	N	N	N	N	N	N	N	N	N	0.0076	0.0056	0.0014	0.0101	0.0099	0.0000	0.0033	0.0000	0.0141	0.0053	0.0061	0.0000	0.0229	0.0241	0.0000	0.0000	0.0000	0.0000	0.7029	1.0827	0.0112	2.2641	2.4414	0.1490	0.0008	0.0003	0.0012	0.0004	0.0057	-0.0001	-0.0490	5.8573	0.9979	13.1443	4.0614	0.0002	0.0002	0.0000	0.0002	0.0002	0.0000	0.0000	0.0000	0.0000	0.0912	0.0907	0.0005	0.0911	0.0906	0.0005	0.0001	0.0000	0.0001	0.0450	0.0395	0.0055	0.0105	0.0099	0.0005	0.0346	0.0296	0.0050	0.1297	0.0837	0.0460	0.0402	0.0371	0.0031	0.0895	0.0466	0.0429	0.0076	0.0056	0.0014	0.0101	0.0099	0.0000	0.0033	0.0000	0.0141	0.7029	1.0827	0.0112	2.2641	2.4414	0.1490	0.0008	0.0003	0.0012
58	60	0.2169	18	0	1	0	1	0	0	0	0	N	N	N	N	N	N	N	N	N	N	N	N	1.7287	2.4891	0.0098	4.0069	3.9352	0.0000	0.0030	0.0000	0.0102	2.1350	2.4237	0.0165	8.5477	8.9471	0.0000	0.0026	0.0000	0.0182	1.2350	0.9737	1.6939	2.1332	2.2736	0.0114	0.8667	0.0009	1.7819	0.0009	0.9905	-0.0845	-0.0061	5.8573	2.2356	13.1443	2.2044	0.2224	0.2222	0.0002	0.2222	0.2222	0.0000	0.0002	0.0000	0.0002	0.1355	0.0681	0.0674	0.0680	0.0680	0.0000	0.0674	0.0000	0.0674	0.1042	0.0917	0.0125	0.0260	0.0248	0.0012	0.0782	0.0668	0.0113	0.1097	0.0699	0.0398	0.0319	0.0299	0.0020	0.0778	0.0400	0.0378	1.7287	2.4891	0.0098	4.0069	3.9352	0.0000	0.0030	0.0000	0.0102	1.2350	0.9737	1.6939	2.1332	2.2736	0.0114	0.8667	0.0009	1.7819
58	61	0.1962	16	1	0	1	1	0	0	0	0	N	N	N	N	N	N	N	N	N	N	N	N	2.0464	0.0000	36482.2266	0.0000	0.0000	0.0000	2.0952	0.0000	38791.8146	10.1501	0.0000	84.0315	0.0000	0.0000	0.0000	13.1256	0.0000	90.7395	4.9599	8.3984	0.0023	0.0039	0.0042	0.0014	6.2647	12.4553	0.0023	227113660.3322	0.0002	0.6185	-0.5371	5.8573	2.0703	13.1443	7.0012	0.9993	0.0000	0.9993	0.0000	0.0000	0.0000	0.9993	0.0000	0.9993	0.9895	0.9893	0.0002	0.0002	0.0002	0.0000	0.9894	0.9892	0.0002	0.0985	0.0866	0.0119	0.0223	0.0214	0.0009	0.0761	0.0651	0.0110	0.1995	0.1178	0.0817	0.0416	0.0384	0.0032	0.1579	0.0794	0.0785	2.0464	0.0000	36482.2266	0.0000	0.0000	0.0000	2.0952	0.0000	38791.8146	4.9599	8.3984	0.0023	0.0039	0.0042	0.0014	6.2647	12.4553	0.0023
58	62	0.1946	15	0	0	0	1	0	0	0	0	N	N	N	N	N	N	N	N	N	N	N	N	0.0469	0.0000	16.3635	0.0001	0.0001	0.0000	0.0546	0.0000	17.1282	0.0058	0.0000	0.0476	0.0000	0.0000	0.0000	0.0074	0.0000	0.0514	0.1234	0.2067	0.0029	0.0809	0.0872	0.0005	0.1350	0.2676	0.0030	5386.7862	0.0097	0.0002	-0.0015	5.8573	0.9285	13.1443	0.0280	0.0002	0.0000	0.0002	0.0000	0.0000	0.0000	0.0002	0.0000	0.0002	0.0027	0.0027	0.0000	0.0004	0.0004	0.0000	0.0024	0.0023	0.0000	0.0432	0.0380	0.0052	0.0093	0.0090	0.0004	0.0339	0.0290	0.0049	0.0222	0.0131	0.0091	0.0048	0.0044	0.0003	0.0174	0.0087	0.0087	0.0469	0.0000	16.3635	0.0001	0.0001	0.0000	0.0546	0.0000	17.1282	0.1234	0.2067	0.0029	0.0809	0.0872	0.0005	0.1350	0.2676	0.0030
58	63	0.1569	10	1	1	0	1	0	0	0	0	N	N	N	N	N	N	N	N	N	N	N	N	0.1191	0.0000	277.9565	0.0348	0.0000	455.8327	2.6070	0.0000	235.7128	0.0237	0.0000	0.1750	0.0271	0.0000	0.2924	0.0225	0.0000	0.1482	0.1991	0.3230	0.0006	0.7790	0.8400	0.0006	0.0086	0.0162	0.0006	215945.9438	0.0012	0.0007	-0.0104	5.8573	1.0023	13.1443	3.0135	0.0012	0.0000	0.0012	0.0004	0.0000	0.0004	0.0008	0.0000	0.0008	0.0191	0.0191	0.0000	0.0185	0.0185	0.0000	0.0006	0.0006	0.0000	0.0498	0.0430	0.0068	0.0135	0.0122	0.0013	0.0363	0.0308	0.0055	0.0961	0.0592	0.0369	0.0238	0.0220	0.0017	0.0723	0.0371	0.0352	0.1191	0.0000	277.9565	0.0348	0.0000	455.8327	2.6070	0.0000	235.7128	0.1991	0.3230	0.0006	0.7790	0.8400	0.0006	0.0086	0.0162	0.0006
58	64	0.1305	9	1	1	0	1	0	0	0	0	N	N	N	N	N	N	N	N	N	N	N	N	0.7573	0.0003	99.8968	0.2052	0.0002	506.3423	1.5195	0.0003	97.1172	2.5241	0.0014	11.0234	1.8693	0.0016	11.0635	3.0603	0.0012	11.0034	3.3331	5.5184	0.1103	9.1084	8.9104	0.0218	2.0140	3.8685	0.1133	2329.7906	0.0136	0.4975	-0.4782	5.8573	3.0820	13.1443	9.3392	0.8044	0.0003	0.8040	0.2682	0.0002	0.2680	0.5362	0.0002	0.5360	0.9030	0.8909	0.0121	0.4709	0.4708	0.0001	0.4320	0.4200	0.0120	0.3187	0.2457	0.0729	0.1435	0.1192	0.0242	0.1752	0.1265	0.0487	0.2709	0.1614	0.1095	0.0564	0.0529	0.0035	0.2145	0.1086	0.1059	0.7573	0.0003	99.8968	0.2239	0.0002	506.3423	1.5195	0.0003	97.1172	3.3331	5.5184	0.1103	8.3507	8.9077	0.0218	2.0140	3.8685	0.1133
58	65	0.2169	18	0	1	0	1	0	0	0	0	N	N	N	N	N	N	N	N	N	N	N	N	1.7211	0.0094	5.4761	0.0017	0.0140	0.0000	1.6755	5.7210	9.1436	0.0000	76.5242	0.0000	0.0000	0.0000	12.2445	0.0000	84.2730	5.3126	0.0001	13.9742	0.0018	0.0002	0.0223	7.3078	0.0000	14.7304	11816548.7226	92125.6465	0.4812	0.4232	5.8573	1.7946	13.1443	5.9592	0.7775	0.0000	0.7775	0.0000	0.0000	0.0000	0.7775	0.0000	0.7775	0.9261	0.0000	0.9261	0.0001	0.0000	0.0001	0.9260	0.0000	0.9260	0.0850	0.0749	0.0102	0.0215	0.0206	0.0009	0.0635	0.0543	0.0092	0.1743	0.1080	0.0663	0.0476	0.0442	0.0034	0.1267	0.0638	0.0629	1.7211	0.0094	5.4761	0.0017	0.0140	0.0000	1.6755	0.0000	5.7210	5.3126	0.0001	13.9742	0.0018	0.0002	0.0223	7.3078	0.0000	14.7304	
58	66	0.2100	17	0	1	0	1	0	0	0	0	N	N	N	N	N	N	N	N	N	N	N	N	5.2234	63.3183	9.0439	94.5115	91.6508	0.0008	2.6850	0.0000	9.4296	4.9942	2.8401	20.6732	9.6776	10.0764	0.0000	3.3655	0.0000	22.5821	0.9561	0.0449	2.2859	0.1024	0.1099	0.0048	1.2534	0.0007	2.3948	1.0000	34.9235	0.0411	0.0319	5.8573	1.3569	13.1443	2.0560	0.3457	0.1728	0.1728	0.1728	0.1728	0.0000	0.1728	0.0000	0.1728	0.0744	0.0021	0.0723	0.0021	0.0021	0.0000	0.0723	0.0000	0.0723	0.0692	0.0609	0.0084	0.0179	0.0172	0.0007	0.0514	0.0437	0.0077	0.0778	0.0462	0.0316	0.0201	0.0187	0.0014	0.0577	0.0275	0.0302	5.2234	63.3183	9.0439	94.5115	91.6508	0.0008	2.6850	0.0000	9.4296	0.9561	0.0449	2.2859	0.1024	0.1099	0.0048	1.2534	0.0007	2.3948
58	67	0.1967	16	0	1	0	1	0	0	0	0	N	N	N	N	N	N	N	N	N	N	N	N	54.7376	0.0152	219.0340	0.0269	0.0268	0.0000	64.5816	0.0000	233.5994	0.9457	0.0001	7.7368	0.0003	0.0003	0.0000	1.2460	0.0000	8.6826	0.0173	0.0058	0.0353	0.0120	0.0127	0.0030	0.0193	0.0009	0.0372	12159.9232	3.8501	0.1375	0.0007	5.8573	4.9477	13.1443	2.0153	0.2223	0.0000	0.2222	0.0000	0.0000	0.0000	0.2222	0.0000	0.2222	0.0027	0.0005	0.0021	0.0005	0.0005	0.0000	0.0022	0.0000	0.0021	0.2350	0.2063	0.0287	0.0567	0.0535	0.0031	0.1784	0.1528	0.0256	0.1543	0.0944	0.0599	0.0425	0.0393	0.0032	0.1118	0.0551	0.0567	54.7376	0.0152	219.0340	0.0269	0.0268	0.0000	64.5816	0.0000	233.5994	0.0173	0.0058	0.0353	0.0120	0.0127	0.0030	0.0193	0.0009	0.0372
58	68	0.0634	2	0	0	1	1	0	0	0	0	N	N	N	N	N	N	N	N	N	N	N	N	0.0000	0.0000	0.0000	0.0000	0.0000	0.0000	0.0000	0.0000	0.0000	0.0000	0.0000	0.0000	0.0000	0.0000	0.0000	0.0000	0.0000	0.0000	0.0002	0.0005	0.0000	0.0017	0.0018	0.0000	0.0000	0.0000	0.0000	0.0001	0.0000	-0.0000	5.8573	0.0000	13.1443	4.0001	0.0000	0.0000	0.0000	0.0000	0.0000	0.0000	0.0000	0.0000	0.0000	0.0000	0.0000	0.0000	0.0000	0.0000	0.0000	0.0000	0.0000	0.0000	0.0000	0.0000	0.0000	0.0000	0.0000	0.0000	0.0000	0.0000	0.0000	0.0992	0.0541	0.0451	0.0146	0.0132	0.0015	0.0845	0.0409	0.0436	0.0000	0.0000	0.0000	0.0000	0.0000	0.0000	0.0000	0.0000	0.0000	0.0002	0.0005	0.0000	0.0017	0.0018	0.0000	0.0000	0.0000	0.0000	
58	73	0.1216	8	0	0	0	1	0	0	0	0	N	N	N	N	N	N	N	N	N	N	N	N	46.4369	34.7993	0.0000	6.6792	7.4485	0.0000	2701.3052	45087.9608	0.0000	2.2546	2.8755	0.0000	1.8076	2.1573	0.0000	2.5778	3.4593	0.0000	0.0486	0.0826	0.0018	0.2706	0.2896	0.0016	0.0010	0.0001	0.0018	0.0000	0.0162	-0.3083	-0.0112	5.8573	4.0673	13.1443	17.8409	0.8089	0.8089	0.0000	0.2721	0.2721	0.0000	0.5368	0.5368	0.0000	0.0213	0.0210	0.0003	0.0210	0.0210	0.0000	0.0003	0.0000	0.0003	0.3588	0.2813	0.0775	0.1505	0.1261	0.0244	0.2083	0.1552	0.0531	0.4396	0.2542	0.1854	0.0776	0.0725	0.0051	0.3620	0.1817	0.1803	46.4369	34.7993	0.0000	6.6792	7.4485	0.0000	2701.3052	45087.9608	0.0000	0.0486	0.0826	0.0018	0.2706	0.2896	0.0016	0.0010	0.0001	0.0018
58	75	0.2583	12	0	0	0	1	0	0	0	0	N	N	N	N	N	N	N	N	N	N	N	N	0.1492	0.3941	0.0009	1.0019	1.0328	0.0795	0.0837	0.2080	0.0002	0.2416	0.2855	0.0032	0.2522	0.2819	0.0078	0.2326	0.2888	0.0010	1.6189	0.7245	3.4993	0.2517	0.2730	0.0985	2.7777	1.3885	4.2116	0.0020	2.2973	-0.0301	0.4047	5.8573	3.5843	13.1443	46.7516	0.0794	0.0792	0.0002	0.0378	0.0377	0.0001	0.0416	0.0415	0.0000	2.6320	0.7982	1.8338	0.1878	0.1788	0.0089	2.4443	0.6194	1.8249	0.3287	0.2775	0.0512	0.1500	0.1338	0.0163	0.1787	0.1438	0.0349	1.6259	1.1018	0.5240	0.7459	0.6551	0.0908	0.8800	0.4467	0.4333	0.1492	0.3941	0.0009	1.0019	1.0328	0.0795	0.0837	0.2083	0.0002	1.6189	0.7245	3.4993	0.2517	0.2730	0.0985	2.7777	1.3867	4.2116
58	76	0.2235	18	1	1	1	1	0	0	0	0	N	N	N	N	N	N	N	N	N	N	N	N	0.0000	0.0000	0.0000	0.0000	0.0000	0.0000	0.0000	0.0000	0.0000	0.0000	0.0000	0.0000	0.0000	0.0000	0.0000	0.0000	0.0000	0.0306	0.0000	0.0772	0.0000	0.0000	0.0001	0.0439	0.0000	0.0831	2359.4287	0.0000	0.0006	5.8573	1.0003	13.1443	1.0071	0.0000	0.0000	0.0000	0.0000	0.0000	0.0000	0.0000	0.0000	0.0000	0.0014	0.0000	0.0014	0.0000	0.0000	0.0000	0.0014	0.0000	0.0014	0.0446	0.0391	0.0055	0.0098	0.0094	0.0004	0.0348	0.0297	0.0050	0.0448	0.0271	0.0177	0.0136	0.0124	0.0012	0.0312	0.0147	0.0165	0.0000	0.0000	0.0000	0.0000	0.0000	0.0000	0.0000	0.0000	0.0000	0.0306	0.0000	0.0772	0.0000	0.0000	0.0001	0.0439	0.0000	0.0831		
58	77	0.2167	17	1	0	1	1	0	0	0	0	N	N	N	N	N	N	N	N	N	N	N	N	0.0000	0.0000	0.0000	0.0000	0.0000	0.0000	0.0000	0.0000	0.0000	0.0000	0.0000	0.0000	0.0000	0.0000	0.0000	0.0000	0.0000	0.0000	4.0360	0.0025	16.9167	0.0049	0.0045	0.0258	6.9120	0.0000	15.7619	2206.4720	0.0000	0.3765	5.8573	0.9901	13.1443	2.2068	0.0000	0.0000	0.0000	0.0000	0.0000	0.0000	0.0000	0.0000	0.0000	0.8246	0.0004	0.8243	0.0004	0.0004	0.0000	0.8242	0.0000	0.8242	0.0448	0.0393	0.0055	0.0099	0.0095	0.0004	0.0349	0.0298	0.0051	0.2043	0.1503	0.0540	0.0851	0.0833	0.0017	0.1192	0.0670	0.0523	0.0000	0.0000	0.0000	0.0000	0.0000	0.0000	0.0000	0.0000	0.0000	4.0360	0.0025	15.2591	0.0049	0.0045	0.0258	6.9120	0.0000	15.7619	
58	78	0.1392	9	0	1	0	1	0	0	0	0	N	N	N	N	N	N	N	N	N	N	N	N	6.5111	5.0280	0.0000	2.2872	2.5214	0.0000	781.1863	1265540.8554	0.0000	1.2178	1.5044	0.0000	1.6954	1.9914	0.0000	0.8810	1.1295	0.0000	0.1870	0.2992	0.0026	0.7413	0.7898	0.0101	0.0011	0.0000	0.0023	0.0000	0.0054	-0.3030	-0.0574	5.8573	8.4371	13.1443	15.3349	0.7952	0.7952	0.0000	0.4579	0.4579	0.0000	0.3374	0.3374	0.0000	0.1068	0.1063	0.0006	0.1064	0.1063	0.0001	0.0005	0.0000	0.0005	0.6530	0.5286	0.1244	0.2701	0.2299	0.0401	0.3830	0.2987	0.0843	0.5712	0.3552	0.2160	0.1435	0.1346	0.0089	0.4277	0.2206	0.2071	6.5111	5.0280	0.0000	2.2872	2.5214	0.0000	781.1863	1265540.8554	0.0000	0.1870	0.2992	0.0026	0.7413	0.7898	0.0101	0.0011	0.0000	0.0023
58	79	0.2167	17	1	0	1	1	0	0	0	0	N	N	N	N	N	N	N	N	N	N	N	N	0.0001	0.0004	0.0000	0.0007	0.0007	0.0000	0.0000	0.0000	0.0000	0.0001	0.0002	0.0000	0.0007	0.0007	0.0000	0.0000	0.0000	0.0000	2.9397	0.4812	8.2237	0.9248	0.9639	0.0072	4.0492	0.0002	8.6174	0.0000	7.9522	-0.0000	0.3209	5.8573	3.0096	13.1443	5.7427	0.0000	0.0000	0.0000	0.0000	0.0000	0.0000	0.0000	0.0000	0.0000	0.9292	0.1038	0.8254	0.1038	0.1038	0.0000	0.8254	0.0000	0.8254	0.1335	0.1172	0.0164	0.0291	0.0278	0.0013	0.1045	0.0894	0.0151	0.3161	0.2157	0.1004	0.1122	0.1077	0.0046	0.2038	0.1081	0.0958	0.0001	0.0004	0.0000	0.0007	0.0007	0.0000	0.0000	0.0000	0.0000	2.9397	0.4812	8.2237	0.9248	0.9639	0.0072	4.0492	0.0002	8.6174
58	80	0.2011	16	1	0	1	1	0	0	0	0	N	N	N	N	N	N	N	N	N	N	N	N	0.0000	0.0000	0.0000	0.0000	0.0000	0.0000	0.0000	0.0000	0.0000	0.0000	0.0000	0.0001	0.0000	0.0000	0.0000	0.0000	0.0000	0.0001	0.9617	0.0092	2.4622	0.0224	0.0229	0.0155	1.2980	0.0000	2.5756	inf	169.6062	0.0000	0.0785	5.8573	1.0477	13.1443	6.1154	0.0000	0.0000	0.0000	0.0000	0.0000	0.0000	0.0000	0.0000	0.0000	0.1740	0.0010	0.1729	0.0011	0.0010	0.0000	0.1729	0.0000	0.1729	0.0521	0.0459	0.0061	0.0127	0.0123	0.0004	0.0394	0.0337	0.0057	0.1809	0.1106	0.0702	0.0477	0.0446	0.0031	0.1332	0.0661	0.0671	0.0000	0.0000	0.0000	0.0000	0.0000	0.0000	0.0000	0.0000	0.0000	0.9617	0.0092	2.4622	0.0224	0.0229	0.0155	1.2980	0.0000	2.5756
58	81	0.1946	15	0	0	0	1	0	0	0	0	N	N	N	N	N	N	N	N	N	N	N	N	0.0104	0.0000	0.0464	0.0000	0.0000	0.0000	0.0132	0.0000	0.0482	0.0002	0.0000	0.0018	0.0000	0.0000	0.0000	0.0003	0.0000	0.0019	0.0207	0.0085	0.0383	0.0202	0.0218	0.0003	0.0209	0.0020	0.0399	inf	3.1419	0.0000	0.0003	5.8573	1.9794	13.1443	1.0196	0.0000	0.0000	0.0000	0.0000	0.0000	0.0000	0.0000	0.0000	0.0000	0.0014	0.0003	0.0011	0.0003	0.0003	0.0000	0.0011	0.0001	0.0011	0.0908	0.0798	0.0110	0.0194	0.0186	0.0008	0.0715	0.0612	0.0102	0.0676	0.0399	0.0277	0.0141	0.0130	0.0011	0.0535	0.0268	0.0267	0.0104	0.0000	0.0464	0.0000	0.0000	0.0000	0.0132	0.0000	0.0482	0.0207	0.0085	0.0383	0.0202	0.0218	0.0003	0.0209	0.0020	0.0399
58	82	0.1925	14	0	0	0	1	0	0	0	0	N	N	N	N	N	N	N	N	N	N	N	N	0.0508	0.0345	0.0183	0.0837	0.0815	0.0000	0.0229	0.0135	0.0191	0.0009	0.0010	0.0000	0.0034	0.0036	0.0000	0.0002	0.0003	0.0000	0.0171	0.0287	0.0004	0.0407	0.0438	0.0001	0.0106	0.0208	0.0005	0.0011	0.0107	-0.0000	-0.0002	5.8573	1.0114	13.1443	0.0202	0.0000	0.0000	0.0000	0.0000	0.0000	0.0000	0.0000	0.0000	0.0000	0.0004	0.0004	0.0000	0.0002	0.0002	0.0000	0.0002	0.0002	0.0000	0.0467	0.0409	0.0058	0.0092	0.0088	0.0004	0.0375	0.0321	0.0054	0.0245	0.0144	0.0100	0.0053	0.0049	0.0004	0.0192	0.0095	0.0097	0.0508	0.0345	0.0183	0.0837	0.0815	0.0000	0.0229	0.0135	0.0191	0.0171	0.0287	0.0004	0.0407	0.0438	0.0001	0.0106	0.0208	0.0005
58	83	0.1719	13	0	0	0	1	0	0	0	0	N	N	N	N	N	N	N	N	N	N	N	N	0.5542	0.3782	0.1609	0.6595	0.6525	0.0003	0.4140	0.2384	0.4600	0.0040	0.0045	0.0000	0.0142	0.0148	0.0000	0.0012	0.0014	0.0000	0.0072	0.0120	0.0002	0.0215	0.0227	0.0043	0.0029	0.0058	0.0001	0.0012	0.0142	-0.0004	-0.0009	5.8573	5.9223	13.1443	3.6882	0.0011	0.0011	0.0000	0.0009	0.0009	0.0000	0.0003	0.0003	0.0000	0.0017	0.0017	0.0000	0.0012	0.0012	0.0000	0.0005	0.0005	0.0000	0.2812	0.2472	0.0340	0.0608	0.0582	0.0026	0.2203	0.1889	0.0314	0.2332	0.1381	0.0951	0.0543	0.0508	0.0035	0.1788	0.0873	0.0916	0.5542	0.3782	0.1609	0.6595	0.6525	0.0003	0.4140	0.2384	0.4600	0.0072	0.0120	0.0002	0.0215	0.0227	0.0043	0.0029	0.0058	0.0001
58	84	0.1590	11	0	1	0	1	0	0	0	0	N	N	N	N	N	N	N	N	N	N	N	N	0.0275	0.0212	0.0000	0.0073	0.0084	0.0000	0.1016	0.0998	0.0000	0.0471	0.0543	0.0000	0.0446	0.0488	0.0000	0.0481	0.0567	0.0000	1.7134	2.5638	0.3955	6.1291	5.8009	0.0022	0.4732	0.5679	0.4189	0.0000	0.0995	-0.0063	-0.6296	5.8573	7.1084	13.1443	28.8937	0.0165	0.0165	0.0000	0.0044	0.0044	0.0000	0.0121	0.0121	0.0000	1.3916	1.2656	0.1260	1.1060	1.1059	0.0000	0.2856	0.1597	0.1259	0.3509	0.3043	0.0466	0.0987	0.0903	0.0084	0.2522	0.2140	0.0382	0.8122	0.4936	0.3185	0.2086	0.1907	0.0179	0.6036	0.3030	0.3006	0.0275	0.0212	0.0000	0.0084	0.0084	0.0000	0.1016	0.1075	0.0000	1.7134	2.5638	0.3955	5.3030	5.8009	0.0022	0.4732	0.5270	0.4189
58	85	0.1516	10	0	1	0	1	0	0	0	0	N	N	N	N	N	N	N	N	N	N	N	N	0.1768	0.1546	0.0551	1.7575	2.0231	0.1552	0.1791	0.1324	0.0293	0.5589	0.7245	0.0028	0.2889	0.3438	0.0050	0.8641	1.2441	0.0015	3.1606	4.6853	0.0514	0.1644	0.1699	0.0323	4.8243	9.3977	0.0523	0.0012	0.0054	-0.0687	-0.4337	5.8573	2.2208	13.1443	3.9129	0.1807	0.1805	0.0002	0.0496	0.0494	0.0001	0.1312	0.1311	0.0001	0.8068	0.8024	0.0043	0.0150	0.0149	0.0001	0.7918	0.7876	0.0042	0.3234	0.2492	0.0742	0.1716	0.1438	0.0278	0.1518	0.1054	0.0464	0.2553	0.1713	0.0840	0.0911	0.0875	0.0037	0.1641	0.0838	0.0803	0.1768	0.1546	0.0551	1.7575	2.0231	0.1552	0.1791	0.1324	0.0293	3.1606	4.6853	0.0514	0.1644	0.1699	0.0323	4.8243	9.3977	0.0523
58	86	0.2270	12	0	0	1	1	0	0	0	0	N	N	N	N	N	N	N	N	N	N	N	N	5.1050	4.2037	0.4157	5.1930	5.5030	0.0084	13.0180	39.5063	1.2628	0.0122	0.0137	0.0005	0.0393	0.0412	0.0001	0.0033	0.0037	0.0005	0.0024	0.0033	0.0011	0.0076	0.0075	0.0082	0.0003	0.0001	0.0004	0.0044	0.2302	-0.0013	-0.0002	5.8573	5.3425	13.1443	7.0749	0.0034	0.0033	0.0000	0.0027	0.0027	0.0000	0.0007	0.0007	0.0000	0.0007	0.0006	0.0001	0.0006	0.0005	0.0001	0.0001	0.0000	0.0000	0.2767	0.2441	0.0326	0.0683	0.0652	0.0031	0.2083	0.1789	0.0295	0.2884	0.1711	0.1173	0.0840	0.0734	0.0106	0.2044	0.0977	0.1067	5.1050	4.2037	0.4157	5.1930	5.5030	0.0084	13.0180	39.5063	1.2628	0.0024	0.0033	0.0011	0.0076	0.0075	0.0082	0.0003	0.0001	0.0004
58	87	0.1839	11	0	0	0	1	0	0	0	0	N	N	N	N	N	N	N	N	N	N	N	N	15.9007	13.1301	8.6029	10.6855	11.7036	0.0484	160.4227	402.2156	36.0848	1.1209	1.3412	0.1096	2.0624	2.3719	0.0047	0.4510	0.5310	0.1554	0.0705	0.1021	0.0127	0.1930	0.2027	0.0965	0.0028	0.0013	0.0043	0.0178	0.0683	-0.2299	-0.0219	5.8573	7.0719	13.1443	13.7350	0.6323	0.6212	0.0111	0.4837	0.4835	0.0001	0.1486	0.1377	0.0109	0.0457	0.0427	0.0029	0.0445	0.0425	0.0020	0.0012	0.0003	0.0009	0.5641	0.4632	0.1009	0.2345	0.2039	0.0307	0.3296	0.2594	0.0702	0.6477	0.4184	0.2293	0.2305	0.2095	0.0210	0.4172	0.2089	0.2083	15.9007	13.1301	8.6029	10.6855	11.7036	0.0484	160.4227	402.2156	36.0848	0.0705	0.1021	0.0127	0.1930	0.2027	0.0965	0.0028	0.0013	0.0043
58	88	0.2271	19	1	0	1	1	0	0	0	0	N	N	N	N	N	N	N	N	N	N	N	N	0.0000	0.0000	0.0000	0.0000	0.0000	0.0000	0.0000	0.0000	0.0000	0.0000	0.0000	0.0000	0.0000	0.0000	0.0000	0.0000	0.0000	0.0000	0.0000	0.0000	5.8573	0.0000	13.1443	0.0000	0.0000	0.0000	0.0000	0.0000	0.0000	0.0000	0.0000	0.0000	0.0000	0.0000	0.0000	0.0000	0.0000	0.0000	0.0000	0.0000	0.0000	0.0000	0.0000	0.0000	0.0000	0.0000	0.0000	0.0000	0.0000	0.0000	0.0000	0.0000	0.0000	0.0000	0.0000	0.0000	0.0000	0.0000	0.0000	0.0000	0.0000	0.0000	0.0000	0.0000	0.0000	0.0000	0.0000	0.0000	0.0000	0.0000	0.0000	0.0000	0.0000	0.0000	0.0000	0.0000	0.0000	0.0000											
58	89	0.2251	18	1	0	1	1	0	0	0	0	N	N	N	N	N	N	N	N	N	N	N	N	0.0000	0.0000	0.0000	0.0000	0.0000	0.0000	0.0000	0.0000	0.0000	0.0000	0.0000	0.0000	0.0000	0.0000	0.0000	0.0000	0.0000	0.0000	0.0050	0.0000	0.0153	0.0067	0.0000	0.1661	0.0040	0.0000	0.0080	1528.5014	0.0000	0.0001	5.8573	0.0001	13.1443	0.9161	0.0000	0.0000	0.0000	0.0000	0.0000	0.0000	0.0000	0.0000	0.0000	0.0002	0.0000	0.0002	0.0001	0.0000	0.0001	0.0001	0.0000	0.0001	0.0000	0.0000	0.0000	0.0000	0.0000	0.0000	0.0000	0.0000	0.0000	0.0361	0.0243	0.0118	0.0136	0.0130	0.0005	0.0226	0.0113	0.0113	0.0000	0.0000	0.0000	0.0000	0.0000	0.0000	0.0000	0.0000	0.0000	0.0050	0.0000	0.0153	0.0067	0.0000	0.1661	0.0040	0.0000	0.0080	
58	90	0.2004	17	1	0	1	1	0	0	0	0	N	N	N	N	N	N	N	N	N	N	N	N	0.0000	0.0000	0.0000	0.0000	0.0000	0.0000	0.0000	0.0000	0.0000	0.0000	0.0000	0.0000	0.0000	0.0000	0.0000	0.0000	0.0000	0.0000	0.0066	0.0105	0.0003	0.0233	0.0249	0.0025	0.0001	0.0000	0.0002	0.0166	0.0000	-0.0009	5.8573	3.7876	13.1443	7.8440	0.0000	0.0000	0.0000	0.0000	0.0000	0.0000	0.0000	0.0000	0.0000	0.0017	0.0017	0.0000	0.0017	0.0017	0.0000	0.0000	0.0000	0.0000	0.1831	0.1616	0.0215	0.0490	0.0465	0.0025	0.1340	0.1151	0.0190	0.2575	0.1585	0.0990	0.0723	0.0669	0.0053	0.1852	0.0915	0.0937	0.0000	0.0000	0.0000	0.0000	0.0000	0.0000	0.0000	0.0000	0.0000	0.0066	0.0105	0.0003	0.0233	0.0249	0.0025	0.0001	0.0000	0.0002	
58	91	0.1112	7	0	1	0	2	0	0	0	0	N	N	N	Y	N	N	N	N	N	N	N	N	0.9098	6.4737	0.0000	0.7153	0.8250	0.0000	1.2884	814.2947	0.0000	2.4642	3.3066	0.0001	1.1178	1.3653	0.0000	3.8299	5.7104	0.0002	2.7087	0.5108	5.7106	1.5628	1.6549	0.0503	2.9726	0.0070	5.8584	0.0000	8.1857	-0.2473	0.3866	5.8573	1.8247	13.1443	16.3284	0.6491	0.6491	0.0000	0.1483	0.1483	0.0000	0.5008	0.5008	0.0000	1.1105	0.1209	0.9896	0.1200	0.1197	0.0002	0.9905	0.0012	0.9893	0.2634	0.1963	0.0671	0.1326	0.1086	0.0240	0.1308	0.0877	0.0431	0.4100	0.2367	0.1733	0.0768	0.0724	0.0044	0.3332	0.1643	0.1689	0.9098	6.4737	0.0000	0.7153	0.8250	0.0000	1.2884	814.2947	0.0000	2.7087	0.5108	5.7106	1.5628	1.6549	0.0503	2.9726	0.0070	5.8584
58	92	0.1216	8	0	1	0	1	0	0	0	0	N	N	N	N	N	N	N	N	N	N	N	N	0.1386	0.0973	0.4987	2.6813	2.8884	5.0963	0.0388	0.0244	0.3140	0.2831	0.3441	0.0000	0.6594	0.7612	0.0000	0.0941	0.1174	0.0000	2.0431	3.5345	0.0000	0.2459	0.2636	0.0000	2.4241	4.8216	0.0000	0.0000	0.0000	-0.0611	-0.5534	5.8573	9.1310	13.1443	16.1726	0.1604	0.1604	0.0000	0.1249	0.1249	0.0000	0.0355	0.0355	0.0000	1.0192	1.0192	0.0000	0.0215	0.0215	0.0000	0.9978	0.9978	0.0000	0.5665	0.4662	0.1004	0.1895	0.1641	0.0253	0.3771	0.3021	0.0750	0.4989	0.2884	0.2105	0.0873	0.0814	0.0058	0.4116	0.2069	0.2047	0.1386	0.0973	0.4987	2.6813	2.8884	5.0963	0.0388	0.0244	0.3140	2.0431	3.5345	0.0000	0.2459	0.2636	0.0000	2.4241	4.8216	0.0000
58	93	0.0782	6	0	1	0	1	0	0	0	0	N	N	N	N	N	N	N	N	N	N	N	N	0.2694	0.0912	6.0449	0.2421	0.2220	2.1848	1.7966	0.0009	6.4934	0.0160	0.0084	0.0677	0.0476	0.0479	0.0418	0.0100	0.0000	0.0690	0.0595	0.0920	0.0112	0.1967	0.2156	0.0191	0.0056	0.0001	0.0106	1.1914	0.0822	0.0005	-0.0113	5.8573	4.0959	13.1443	8.7137	0.0033	0.0015	0.0018	0.0015	0.0015	0.0001	0.0017	0.0000	0.0017	0.0243	0.0224	0.0018	0.0226	0.0224	0.0002	0.0016	0.0000	0.0016	0.2030	0.1769	0.0261	0.0323	0.0310	0.0013	0.1707	0.1459	0.0248	0.4084	0.2439	0.1645	0.1151	0.1040	0.0111	0.2933	0.1399	0.1535	0.2694	0.0912	6.0449	0.2421	0.2220	2.1848	1.7966	0.0009	6.4934	0.0595	0.0920	0.0112	0.1967	0.2156	0.0191	0.0056	0.0001	0.0106
58	94	0.0599	5	0	1	0	1	0	0	0	0	N	N	N	N	N	N	N	N	N	N	N	N	1.4391	0.0038	3.7741	0.3411	0.0037	13.9916	1.4911	0.0657	3.9309	5.8670	0.0005	34.7125	0.1384	0.0015	2.8466	7.3683	0.0002	36.7150	4.0768	0.1366	9.1975	0.4058	0.4133	0.2034	4.9416	0.0031	9.3401	13687.3945	51.8202	0.6349	0.4503	5.8573	2.9443	13.1443	6.1524	1.0259	0.0001	1.0258	0.0050	0.0001	0.0050	1.0208	0.0000	1.0208	1.0279	0.0195	1.0084	0.0195	0.0192	0.0003	1.0084	0.0003	1.0081	0.1749	0.1453	0.0296	0.0363	0.0346	0.0017	0.1385	0.1107	0.0278	0.2521	0.1425	0.1096	0.0481	0.0464	0.0017	0.2041	0.0961	0.1079	1.4391	0.0038	3.7741	0.3411	0.0037	13.9916	1.4911	0.0657	3.9309	4.0768	0.1366	9.1975	0.4058	0.4133	0.2034	4.9416	0.0031	9.3401
58	95	0.0574	4	0	0	0	1	0	0	0	0	N	N	N	N	N	N	N	N	N	N	N	N	2.1588	1.8868	0.7646	4.6364	4.8333	1.3097	0.2309	0.0000	0.7419	0.5190	0.6038	0.0947	2.4445	2.5638	0.1365	0.0181	0.0000	0.0920	0.2404	0.3200	0.1239	0.5272	0.5304	0.1042	0.0786	0.0009	0.1240	0.0314	0.2646	-0.0094	-0.0112	5.8573	0.8596	13.1443	1.2300	0.0268	0.0260	0.0008	0.0261	0.0260	0.0001	0.0007	0.0000	0.0007	0.0335	0.0265	0.0070	0.0265	0.0265	0.0000	0.0070	0.0000	0.0070	0.0517	0.0431	0.0086	0.0107	0.0101	0.0005	0.0410	0.0329	0.0081	0.1395	0.0829	0.0566	0.0503	0.0499	0.0004	0.0892	0.0329	0.0562	2.1588	1.8868	0.7646	4.6364	4.8333	1.3097	0.2309	0.0000	0.7419	0.2404	0.3200	0.1239	0.5272	0.5304	0.1042	0.0786	0.0009	0.1240
58	98	0.2004	17	0	1	0	1	0	0	0	0	N	N	N	N	N	N	N	N	N	N	N	N	0.0000	0.0000	0.0000	0.0000	0.0000	0.0000	0.0000	0.0000	0.0000	0.0000	0.0000	0.0000	0.0000	0.0000	0.0000	0.0000	0.0000	3.4101	0.0002	8.8217	0.0012	0.0004	0.0102	4.7175	0.0000	9.3288	31669.8032	0.0000	0.4557	5.8573	1.3608	13.1443	12.1483	0.0000	0.0000	0.0000	0.0000	0.0000	0.0000	0.0000	0.0000	0.0000	0.9971	0.0000	0.9970	0.0001	0.0000	0.0001	0.9970	0.0000	0.9970	0.0749	0.0666	0.0083	0.0255	0.0242	0.0014	0.0494	0.0424	0.0070	0.2924	0.1794	0.1130	0.0810	0.0749	0.0062	0.2113	0.1045	0.1069	0.0000	0.0000	0.0000	0.0000	0.0000	0.0000	0.0000	0.0000	0.0000	3.4101	0.0002	8.8217	0.0012	0.0004	0.0102	4.7175	0.0000	9.3288		
58	99	0.1967	16	0	0	0	1	0	0	0	0	N	N	N	N	N	N	N	N	N	N	N	N	0.0095	0.0292	0.0000	0.0457	0.0462	0.0000	0.0000	0.0000	0.0000	0.0003	0.0003	0.0000	0.0009	0.0010	0.0000	0.0000	0.0000	0.0000	0.0285	0.0106	0.0594	0.0205	0.0217	0.0008	0.0321	0.0010	0.0625	0.0000	3.2639	-0.0000	0.0004	5.8573	1.5300	13.1443	0.7696	0.0000	0.0000	0.0000	0.0000	0.0000	0.0000	0.0000	0.0000	0.0000	0.0018	0.0004	0.0013	0.0004	0.0004	0.0000	0.0014	0.0000	0.0013	0.0841	0.0737	0.0104	0.0242	0.0227	0.0016	0.0599	0.0510	0.0089	0.0614	0.0389	0.0225	0.0191	0.0180	0.0011	0.0423	0.0209	0.0214	0.0095	0.0292	0.0000	0.0457	0.0462	0.0000	0.0000	0.0000	0.0000	0.0285	0.0106	0.0594	0.0205	0.0217	0.0008	0.0321	0.0010	0.0625
58	100	0.1878	15	0	0	0	1	0	0	0	0	N	N	N	N	N	N	N	N	N	N	N	N	15.0808	46.0091	0.1168	75.7366	78.7750	0.0000	0.0344	0.0000	0.1220	0.0641	0.0728	0.0010	0.3076	0.3213	0.0000	0.0001	0.0000	0.0010	0.0042	0.0016	0.0083	0.0041	0.0041	0.0039	0.0043	0.0000	0.0085	0.0018	3.4657	-0.0041	0.0001	5.8573	3.6906	13.1443	1.4800	0.0109	0.0109	0.0000	0.0109	0.0109	0.0000	0.0000	0.0000	0.0000	0.0005	0.0001	0.0004	0.0001	0.0001	0.0000	0.0004	0.0000	0.0004	0.1703	0.1496	0.0207	0.0354	0.0339	0.0015	0.1349	0.1157	0.0192	0.1186	0.0713	0.0473	0.0304	0.0277	0.0028	0.0882	0.0437	0.0445	15.0808	46.0091	0.1168	75.7366	78.7750	0.0000	0.0344	0.0000	0.1220	0.0042	0.0016	0.0083	0.0041	0.0041	0.0039	0.0043	0.0000	0.0085
58	101	0.1878	14	0	0	0	1	0	0	0	0	N	N	N	N	N	N	N	N	N	N	N	N	0.0215	0.0152	0.0815	0.0222	0.0206	0.0318	0.0213	0.0000	0.0790	0.0003	0.0001	0.0013	0.0004	0.0004	0.0000	0.0002	0.0000	0.0014	0.0118	0.0093	0.0163	0.0173	0.0189	0.0007	0.0090	0.0000	0.0178	1.0000	0.9981	0.0000	-0.0000	5.8573	0.1361	13.1443	0.4500	0.0000	0.0000	0.0000	0.0000	0.0000	0.0000	0.0000	0.0000	0.0000	0.0002	0.0001	0.0001	0.0001	0.0001	0.0000	0.0001	0.0000	0.0001	0.0111	0.0100	0.0011	0.0037	0.0036	0.0001	0.0074	0.0064	0.0010	0.0189	0.0121	0.0069	0.0065	0.0059	0.0006	0.0124	0.0061	0.0063	0.0215	0.0152	0.0815	0.0222	0.0206	0.0318	0.0213	0.0000	0.0790	0.0118	0.0093	0.0163	0.0173	0.0189	0.0007	0.0090	0.0000	0.0178
58	102	0.1719	13	0	0	0	1	0	0	0	0	N	N	N	N	N	N	N	N	N	N	N	N	0.7713	0.5669	0.0377	0.8496	0.8414	0.0005	0.6202	0.4885	0.0441	0.0061	0.0069	0.0001	0.0207	0.0216	0.0000	0.0017	0.0020	0.0001	0.0079	0.0122	0.0016	0.0244	0.0257	0.0049	0.0027	0.0040	0.0015	0.0012	0.0918	-0.0004	-0.0007	5.8573	3.5591	13.1443	4.5341	0.0011	0.0011	0.0000	0.0009	0.0009	0.0000	0.0002	0.0002	0.0000	0.0016	0.0015	0.0001	0.0012	0.0012	0.0000	0.0004	0.0003	0.0001	0.1785	0.1572	0.0214	0.0412	0.0395	0.0017	0.1373	0.1176	0.0197	0.2016	0.1196	0.0820	0.0481	0.0451	0.0030	0.1535	0.0745	0.0790	0.7713	0.5669	0.0377	0.8496	0.8414	0.0005	0.6202	0.4885	0.0441	0.0079	0.0122	0.0016	0.0244	0.0257	0.0049	0.0027	0.0040	0.0015
58	103	0.1503	12	0	0	0	1	0	0	0	0	N	N	N	N	N	N	N	N	N	N	N	N	1.6048	1.2272	1.1687	0.8116	0.9256	0.0341	2.0210	1.3713	2.7072	0.5291	0.6918	0.0010	0.9151	1.1074	0.0005	0.2160	0.3019	0.0013	0.3297	0.5637	0.0009	1.1276	1.1965	0.0137	0.1069	0.2201	0.0005	0.0005	0.0011	-0.0631	-0.0470	5.8573	2.8937	13.1443	8.0733	0.1659	0.1658	0.0001	0.1285	0.1285	0.0000	0.0374	0.0373	0.0001	0.0867	0.0866	0.0001	0.0647	0.0647	0.0000	0.0220	0.0219	0.0001	0.3136	0.2397	0.0739	0.1404	0.1160	0.0244	0.1732	0.1237	0.0495	0.2630	0.1537	0.1094	0.0574	0.0541	0.0033	0.2056	0.0996	0.1060	1.6048	1.2272	1.1687	0.8116	0.9256	0.0341	2.0210	1.3713	2.7072	0.3297	0.5637	0.0009	1.1276	1.1965	0.0137	0.1069	0.2201	0.0005
58	104	0.1450	8	0	1	0	1	0	0	0	0	N	N	N	N	N	N	N	N	N	N	N	N	0.3720	0.1189	0.6648	1.5674	0.1489	14.6962	0.2984	0.0000	0.6062	0.1739	0.0044	0.9406	0.0955	0.0090	0.9373	0.2360	0.0000	0.9415	0.4674	0.0372	1.4149	0.0609	0.0607	0.0638	0.7907	0.0017	1.5530	46.9476	17.2467	0.0003	0.0185	5.8573	0.0277	13.1443	1.3445	0.0005	0.0000	0.0005	0.0001	0.0000	0.0001	0.0004	0.0000	0.0004	0.0459	0.0025	0.0434	0.0027	0.0025	0.0002	0.0433	0.0000	0.0432	0.0028	0.0023	0.0005	0.0012	0.0011	0.0001	0.0015	0.0012	0.0004	0.0982	0.0675	0.0307	0.0435	0.0407	0.0028	0.0547	0.0269	0.0278	0.3720	0.1189	0.6648	1.5674	0.1489	14.6962	0.2984	0.0000	0.6062	0.4674	0.0372	1.4149	0.0609	0.0607	0.0638	0.7907	0.0017	1.5530
58	105	0.0983	7	0	1	0	1	0	0	0	0	N	N	N	N	N	N	N	N	N	N	N	N	1.3731	0.0005	4.7375	4.1516	0.0002	476.1939	1.2736	0.0364	4.1210	3.1506	0.0001	24.6649	2.6338	0.0001	44.6631	3.3443	0.0001	21.7860	2.2946	0.1823	5.2063	0.6344	0.6564	0.0938	2.6258	0.0018	5.2866	41769.5966	20.7202	0.4964	0.4330	5.8573	5.1414	13.1443	16.4151	0.8021	0.0000	0.8021	0.1828	0.0000	0.1828	0.6193	0.0000	0.6193	1.0536	0.0485	1.0051	0.0484	0.0482	0.0003	1.0052	0.0003	1.0049	0.2546	0.2221	0.0325	0.0694	0.0653	0.0041	0.1852	0.1568	0.0284	0.4592	0.2661	0.1931	0.0764	0.0734	0.0030	0.3828	0.1927	0.1901	1.3731	0.0005	4.7375	4.1516	0.0002	476.1939	1.2736	0.0364	4.1210	2.2946	0.1823	5.2063	0.6344	0.6564	0.0938	2.6258	0.0018	5.2866
58	106	0.0901	6	0	0	0	1	0	0	0	0	N	N	N	N	N	N	N	N	N	N	N	N	0.7476	0.8266	1.6900	1.0914	1.0666	0.4171	0.5881	25.0826	1.6230	0.0720	0.0407	0.2812	0.1469	0.1216	0.5390	0.0486	0.0128	0.2490	0.0963	0.0493	0.1664	0.1346	0.1140	1.2924	0.0826	0.0005	0.1534	1.0293	2.2602	0.0018	0.0027	5.8573	3.8974	13.1443	1.6364	0.0139	0.0068	0.0070	0.0067	0.0052	0.0015	0.0071	0.0016	0.0055	0.0181	0.0055	0.0125	0.0066	0.0055	0.0011	0.0114	0.0000	0.0114	0.1930	0.1680	0.0251	0.0459	0.0431	0.0028	0.1471	0.1248	0.0223	0.1879	0.1125	0.0753	0.0494	0.0484	0.0010	0.1385	0.0641	0.0744	0.7476	0.8266	1.6900	1.0914	1.0666	0.4657	0.5881	25.0826	1.6230	0.0963	0.0493	0.1664	0.1346	0.1140	1.1574	0.0826	0.0005	0.1534
58	109	0.1806	13	1	1	0	2	0	0	0	0	N	N	N	Y	N	N	N	N	N	N	N	N	0.0000	0.0000	0.0000	0.0000	0.0000	0.0000	0.0000	0.0000	0.0000	0.0000	0.0000	0.0000	0.0000	0.0000	0.0000	0.0000	0.0000	0.0000	0.0000	0.0000	5.8573	0.0000	13.1443	0.0000	0.0000	0.0000	0.0000	0.0000	0.0000	0.0000	0.0000	0.0000	0.0000	0.0000	0.0000	0.0000	0.0000	0.0000	0.0000	0.0000	0.0000	0.0000	0.0000	0.0000	0.0000	0.0000	0.0000	0.0000	0.0000	0.0000	0.0000	0.0000	0.0000	0.0000	0.0000	0.0000	0.0000	0.0000	0.0000	0.0000	0.0000	0.0000	0.0000	0.0000	0.0000	0.0000	0.0000	0.0000	0.0000	0.0000	0.0000	0.0000	0.0000	0.0000	0.0000	0.0000	0.0000	0.0000											
58	110	0.1656	12	1	1	0	2	0	0	0	0	N	N	N	Y	N	N	N	N	N	N	N	N	0.0000	0.0000	0.0000	0.0000	0.0000	0.0000	0.0000	0.0000	0.0000	0.0000	0.0000	0.0000	0.0000	0.0000	0.0000	0.0000	0.0000	0.0000	0.1098	0.0002	0.2693	0.2038	0.0005	2.9732	0.0780	0.0000	0.1531	922.9198	0.0000	0.0084	5.8573	0.0000	13.1443	7.1240	0.0000	0.0000	0.0000	0.0000	0.0000	0.0000	0.0000	0.0000	0.0000	0.0184	0.0000	0.0184	0.0086	0.0000	0.0086	0.0097	0.0000	0.0097	0.0000	0.0000	0.0000	0.0000	0.0000	0.0000	0.0000	0.0000	0.0000	0.1675	0.0992	0.0682	0.0424	0.0379	0.0046	0.1250	0.0614	0.0637	0.0000	0.0000	0.0000	0.0000	0.0000	0.0000	0.0000	0.0000	0.0000	0.1098	0.0002	0.2693	0.2038	0.0005	1.8858	0.0780	0.0000	0.1531	
58	111	0.1745	14	0	1	0	2	0	0	0	0	N	N	N	Y	N	N	N	N	N	N	N	N	0.0000	0.0000	0.0000	0.0000	0.0000	0.0000	0.0000	0.0000	0.0000	0.0000	0.0000	0.0000	0.0000	0.0000	0.0000	0.0000	0.0000	0.0000	0.7979	0.0039	1.9842	0.0030	0.0033	0.0010	1.1118	0.0044	2.2112	336.2173	0.0000	0.0415	5.8573	0.0016	13.1443	5.0076	0.0000	0.0000	0.0000	0.0000	0.0000	0.0000	0.0000	0.0000	0.0000	0.0914	0.0003	0.0912	0.0001	0.0001	0.0000	0.0913	0.0002	0.0912	0.0002	0.0002	0.0000	0.0001	0.0001	0.0000	0.0001	0.0001	0.0000	0.1146	0.0686	0.0459	0.0324	0.0277	0.0047	0.0822	0.0409	0.0412	0.0000	0.0000	0.0000	0.0000	0.0000	0.0000	0.0000	0.0000	0.0000	0.7979	0.0039	1.9842	0.0030	0.0033	0.0010	1.1118	0.0044	2.2112	
58	112	0.1677	13	0	1	0	2	0	0	0	0	N	N	N	Y	N	N	N	N	N	N	N	N	0.0000	0.0000	0.0000	0.0000	0.0000	0.0000	0.0000	0.0000	0.0000	0.0000	0.0000	0.0000	0.0000	0.0000	0.0000	0.0000	0.0000	0.0000	0.0006	0.0003	0.0012	0.0005	0.0005	0.0005	0.0007	0.0001	0.0013	2.9455	0.0000	0.0000	5.8573	1.0012	13.1443	2.1373	0.0000	0.0000	0.0000	0.0000	0.0000	0.0000	0.0000	0.0000	0.0000	0.0001	0.0000	0.0000	0.0000	0.0000	0.0000	0.0000	0.0000	0.0000	0.0463	0.0406	0.0057	0.0107	0.0100	0.0007	0.0356	0.0306	0.0050	0.0808	0.0483	0.0325	0.0234	0.0209	0.0025	0.0574	0.0275	0.0300	0.0000	0.0000	0.0000	0.0000	0.0000	0.0000	0.0000	0.0000	0.0000	0.0006	0.0003	0.0012	0.0005	0.0005	0.0005	0.0007	0.0001	0.0013	
58	113	0.1760	13	0	1	0	1	0	0	0	0	N	N	N	N	N	N	N	N	N	N	N	N	0.0000	0.0000	0.0000	0.0000	0.0000	0.0000	0.0000	0.0000	0.0000	0.0000	0.0000	0.0000	0.0000	0.0000	0.0000	0.0000	0.0000	0.0000	0.0003	0.0005	0.0000	0.0011	0.0013	0.0001	0.0000	0.0000	0.0000	0.0165	0.0000	-0.0000	5.8573	0.9705	13.1443	5.0371	0.0000	0.0000	0.0000	0.0000	0.0000	0.0000	0.0000	0.0000	0.0000	0.0000	0.0000	0.0000	0.0000	0.0000	0.0000	0.0000	0.0000	0.0000	0.0519	0.0458	0.0061	0.0148	0.0140	0.0008	0.0371	0.0319	0.0053	0.1396	0.0839	0.0557	0.0360	0.0321	0.0040	0.1036	0.0519	0.0517	0.0000	0.0000	0.0000	0.0000	0.0000	0.0000	0.0000	0.0000	0.0000	0.0003	0.0005	0.0000	0.0011	0.0013	0.0001	0.0000	0.0000	0.0000	
58	114	0.1677	13	0	0	1	2	0	0	0	0	N	N	N	Y	N	N	N	N	N	N	N	N	0.0000	0.0000	0.0000	0.0000	0.0000	0.0000	0.0000	0.0000	0.0000	0.0000	0.0000	0.0000	0.0000	0.0000	0.0000	0.0001	0.0000	0.0002	0.0001	0.0000	0.0014	0.0001	0.0000	0.0001	inf	0.0000	0.0000	5.8573	0.0000	13.1443	1.1303	0.0000	0.0000	0.0000	0.0000	0.0000	0.0000	0.0000	0.0000	0.0000	0.0000	0.0000	0.0000	0.0000	0.0000	0.0000	0.0000	0.0000	0.0000	0.0000	0.0000	0.0000	0.0000	0.0000	0.0000	0.0000	0.0000	0.0000	0.0356	0.0215	0.0141	0.0116	0.0107	0.0009	0.0240	0.0108	0.0132	0.0000	0.0000	0.0000	0.0000	0.0000	0.0000	0.0000	0.0000	0.0000	0.0001	0.0000	0.0002	0.0001	0.0000	0.0014	0.0001	0.0000	0.0001				
58	115	0.1656	12	0	0	0	2	0	0	0	0	N	N	N	Y	N	N	N	N	N	N	N	N	0.0000	0.0000	0.0000	0.0000	0.0000	0.0000	0.0000	0.0000	0.0000	0.0000	0.0000	0.0000	0.0000	0.0000	0.0000	0.0000	0.0000	0.0000	0.0011	0.0017	0.0002	0.0033	0.0034	0.0014	0.0001	0.0000	0.0001	0.0597	0.0000	-0.0000	5.8573	0.0000	13.1443	1.2340	0.0000	0.0000	0.0000	0.0000	0.0000	0.0000	0.0000	0.0000	0.0000	0.0000	0.0000	0.0000	0.0000	0.0000	0.0000	0.0000	0.0000	0.0000	0.0000	0.0000	0.0000	0.0000	0.0000	0.0000	0.0000	0.0000	0.0000	0.0384	0.0232	0.0152	0.0119	0.0111	0.0008	0.0265	0.0121	0.0144	0.0000	0.0000	0.0000	0.0000	0.0000	0.0000	0.0000	0.0000	0.0000	0.0011	0.0017	0.0002	0.0033	0.0034	0.0014	0.0001	0.0000	0.0001	
58	116	0.1731	13	0	0	1	2	0	0	0	0	N	N	N	Y	N	N	N	N	N	N	N	N	0.0903	0.0616	0.0000	0.0514	0.0472	0.0000	94.9927	301.1007	0.0000	0.0029	0.0032	0.0000	0.0060	0.0062	0.0000	0.0009	0.0011	0.0000	0.0317	0.0516	0.0000	0.1164	0.1309	0.0000	0.0000	0.0000	0.0000	0.0000	0.0002	-0.0001	-0.0008	5.8573	0.9725	13.1443	0.9874	0.0002	0.0002	0.0000	0.0001	0.0001	0.0000	0.0000	0.0000	0.0000	0.0015	0.0015	0.0000	0.0015	0.0015	0.0000	0.0000	0.0000	0.0000	0.0549	0.0495	0.0054	0.0212	0.0205	0.0007	0.0338	0.0290	0.0047	0.0468	0.0288	0.0180	0.0127	0.0113	0.0014	0.0340	0.0174	0.0166	0.0903	0.0616	0.0000	0.0514	0.0472	0.0000	94.9927	301.1007	0.0000	0.0317	0.0516	0.0000	0.1164	0.1309	0.0000	0.0000	0.0000	0.0000
58	117	0.1731	13	0	0	1	2	0	0	0	0	N	N	N	Y	N	N	N	N	N	N	N	N	0.0029	10.1993	0.0000	6.4393	6.1228	0.0000	0.0009	7730.5601	0.0000	0.0298	0.0323	0.0007	0.0493	0.0504	0.0000	0.0120	0.0136	0.0008	10.2895	0.0032	49.9140	0.0077	0.0082	0.0033	13.9858	0.0000	47.6366	0.0019	5355.6387	-0.0001	0.4362	5.8573	0.0285	13.1443	4.0215	0.0001	0.0001	0.0000	0.0001	0.0001	0.0000	0.0000	0.0000	0.0000	0.9549	0.0002	0.9547	0.0002	0.0002	0.0000	0.9547	0.0000	0.9547	0.0050	0.0046	0.0004	0.0024	0.0023	0.0001	0.0026	0.0022	0.0003	0.0928	0.0563	0.0365	0.0245	0.0216	0.0029	0.0683	0.0346	0.0336	0.0029	10.1993	0.0000	6.4393	6.1228	0.0000	0.0009	7730.5601	0.0000	10.2895	0.0032	26.1474	0.0077	0.0082	0.0033	13.9858	0.0000	28.3947
58	118	0.1656	12	0	0	1	2	0	0	0	0	N	N	N	Y	N	N	N	N	N	N	N	N	510.0004	31126.6187	0.0000	38823.4476	40385.3760	0.0000	106.1246	172821.5138	0.0000	6.0907	6.9518	0.0000	20.8115	22.3096	0.0000	1.6912	1.9684	0.0000	0.0119	0.0002	0.0291	0.0005	0.0006	0.0004	0.0159	0.0000	0.0311	0.0000	89.0743	-0.3212	0.0007	5.8573	3.0275	13.1443	2.1573	0.8429	0.8429	0.0000	0.6627	0.6627	0.0000	0.1802	0.1802	0.0000	0.0015	0.0000	0.0015	0.0000	0.0000	0.0000	0.0015	0.0000	0.0015	0.1384	0.1213	0.0171	0.0318	0.0297	0.0021	0.1065	0.0915	0.0150	0.1257	0.0746	0.0511	0.0326	0.0292	0.0034	0.0931	0.0454	0.0477	510.0004	31126.6187	0.0000	38823.4476	40385.3760	0.0000	106.1246	172821.5138	0.0000	0.0119	0.0002	0.0291	0.0005	0.0006	0.0004	0.0159	0.0000	0.0311
58	119	0.2068	12	1	1	0	1	0	0	0	0	N	N	N	N	N	N	N	N	N	N	N	N	136.7100	121.6215	0.0085	78.9837	95.8863	0.0042	15.4649	403.5232	0.0008	0.5344	0.6438	0.0000	0.9332	1.1895	0.0000	0.0125	0.0140	0.0000	0.0039	0.0053	0.0017	0.0118	0.0124	0.0047	0.0008	0.0000	0.0015	0.0000	0.2059	-0.0519	-0.0002	5.8573	2.1883	13.1443	3.1271	0.1363	0.1363	0.0000	0.1349	0.1349	0.0000	0.0014	0.0014	0.0000	0.0005	0.0004	0.0001	0.0004	0.0004	0.0000	0.0001	0.0000	0.0001	0.2551	0.2117	0.0433	0.1446	0.1134	0.0311	0.1105	0.0983	0.0122	0.1281	0.0784	0.0497	0.0361	0.0333	0.0028	0.0920	0.0451	0.0469	136.7100	121.6215	0.0085	78.9837	95.8863	0.0042	15.4649	403.5232	0.0008	0.0039	0.0053	0.0017	0.0118	0.0124	0.0047	0.0008	0.0000	0.0015
58	120	0.1399	11	1	1	0	1	0	0	0	0	N	N	N	N	N	N	N	N	N	N	N	N	0.2456	0.1719	47.0739	0.0970	0.1117	14.4437	3152.4171	22315.0031	46.0357	0.4070	0.4862	0.0071	0.8779	0.9939	0.0119	0.2213	0.2699	0.0059	1.6574	2.8293	0.0002	9.0496	8.8966	0.0008	0.0001	0.0000	0.0001	0.0029	0.0000	-0.1165	-0.5576	5.8573	13.6104	13.1443	16.0982	0.3081	0.3072	0.0009	0.1880	0.1877	0.0003	0.1202	0.1196	0.0006	1.0271	1.0271	0.0000	1.0271	1.0271	0.0000	0.0000	0.0000	0.0000	0.7570	0.6319	0.1252	0.2141	0.1888	0.0253	0.5429	0.4431	0.0999	0.6197	0.3630	0.2567	0.1239	0.1154	0.0085	0.4958	0.2476	0.2482	0.2456	0.1719	47.0739	0.1059	0.1117	14.4437	3152.4171	22315.0031	46.0357	1.6574	2.8293	0.0002	8.2895	8.8966	0.0008	0.0001	0.0000	0.0001
58	121	0.1651	13	0	1	0	1	0	0	0	0	N	N	N	N	N	N	N	N	N	N	N	N	127.2055	370.4695	0.0149	29.2076	160.8659	0.0000	514.8343	779.9552	0.1273	0.9762	1.3982	0.0002	0.3948	0.4931	0.0000	1.9208	3.6137	0.0004	0.0077	0.0038	0.0146	0.0135	0.0031	0.0836	0.0037	0.0046	0.0029	0.0001	2.1770	-0.1008	0.0003	5.8573	0.3548	13.1443	4.6068	0.2645	0.2645	0.0000	0.0662	0.0662	0.0000	0.1983	0.1983	0.0000	0.0018	0.0006	0.0012	0.0013	0.0002	0.0010	0.0005	0.0003	0.0002	0.2710	0.1892	0.0818	0.1677	0.1343	0.0334	0.1032	0.0549	0.0484	0.2318	0.1483	0.0834	0.0934	0.0813	0.0121	0.1384	0.0671	0.0713	127.2055	370.4695	0.0149	29.2076	160.8659	0.0000	514.8343	779.9552	0.1273	0.0077	0.0038	0.0146	0.0135	0.0031	0.0836	0.0037	0.0046	0.0029
58	122	0.1503	12	0	1	0	1	0	0	0	0	N	N	N	N	N	N	N	N	N	N	N	N	14.6080	11.7824	4.9666	31.2686	37.4766	1.5305	17.2185	12.2477	5.5025	1.8790	2.5217	0.0421	1.0715	1.3029	0.0392	2.7000	4.0476	0.0437	0.1286	0.2140	0.0085	0.0343	0.0348	0.0256	0.1568	0.3305	0.0079	0.0058	0.0282	-0.1853	-0.0124	5.8573	1.6911	13.1443	5.7022	0.4939	0.4910	0.0029	0.1420	0.1410	0.0010	0.3519	0.3500	0.0019	0.0241	0.0234	0.0007	0.0015	0.0014	0.0001	0.0226	0.0220	0.0006	0.2629	0.1947	0.0681	0.1325	0.1083	0.0243	0.1303	0.0865	0.0439	0.1873	0.1095	0.0778	0.0431	0.0407	0.0024	0.1442	0.0688	0.0755	14.6080	11.7824	4.9666	31.2686	37.4766	1.5305	17.2185	12.6407	5.5025	0.1286	0.2140	0.0085	0.0343	0.0348	0.0256	0.1568	0.3202	0.0079
58	123	0.1399	11	0	0	0	1	0	0	0	0	N	N	N	N	N	N	N	N	N	N	N	N	0.1308	0.0991	8.9199	24.0312	53.2545	0.0098	0.0984	0.0648	134.8561	0.9131	1.1809	0.1086	0.9191	1.1053	0.0035	0.9076	1.2677	0.1596	6.9831	11.9130	0.0122	0.0382	0.0208	0.3544	9.2236	19.5634	0.0012	0.0306	0.0007	-0.0948	-0.5297	5.8573	2.0929	13.1443	3.1856	0.2697	0.2617	0.0080	0.1311	0.1310	0.0001	0.1386	0.1307	0.0079	0.9769	0.9762	0.0007	0.0013	0.0007	0.0006	0.9756	0.9755	0.0001	0.2954	0.2216	0.0738	0.1426	0.1185	0.0241	0.1528	0.1031	0.0496	0.1399	0.0819	0.0580	0.0341	0.0321	0.0020	0.1058	0.0499	0.0559	0.1308	0.0991	8.9199	24.0312	53.2545	0.0111	0.0984	0.0648	134.8561	6.9831	11.9130	0.0122	0.0382	0.0208	0.3126	9.2236	19.5634	0.0012
58	124	0.1806	14	1	1	0	1	0	0	0	0	N	N	N	N	N	N	N	N	N	N	N	N	0.0000	0.0000	0.0000	0.0000	0.0000	0.0000	0.0000	0.0000	0.0000	0.0000	0.0000	0.0000	0.0000	0.0000	0.0000	0.0000	0.0000	0.0000	0.0000	0.0000	5.8573	0.0000	13.1443	0.0000	0.0000	0.0000	0.0000	0.0000	0.0000	0.0000	0.0000	0.0000	0.0000	0.0000	0.0000	0.0000	0.0000	0.0000	0.0000	0.0000	0.0000	0.0000	0.0000	0.0000	0.0000	0.0000	0.0000	0.0000	0.0000	0.0000	0.0000	0.0000	0.0000	0.0000	0.0000	0.0000	0.0000	0.0000	0.0000	0.0000	0.0000	0.0000	0.0000	0.0000	0.0000	0.0000	0.0000	0.0000	0.0000	0.0000	0.0000	0.0000	0.0000	0.0000	0.0000	0.0000	0.0000	0.0000											
58	125	0.1760	13	1	1	0	1	0	0	0	0	N	N	N	N	N	N	N	N	N	N	N	N	0.0000	0.0000	0.0000	0.0000	0.0000	0.0000	0.0000	0.0000	0.0000	0.0000	0.0000	0.0000	0.0000	0.0000	0.0000	0.0000	0.0000	0.0000	0.0006	0.0009	0.0000	0.0020	0.0022	0.0000	0.0000	0.0000	0.0000	0.0070	0.0000	-0.0000	5.8573	0.1434	13.1443	1.9839	0.0000	0.0000	0.0000	0.0000	0.0000	0.0000	0.0000	0.0000	0.0000	0.0000	0.0000	0.0000	0.0000	0.0000	0.0000	0.0000	0.0000	0.0000	0.0137	0.0123	0.0014	0.0059	0.0056	0.0002	0.0078	0.0067	0.0011	0.0545	0.0334	0.0211	0.0151	0.0137	0.0014	0.0394	0.0197	0.0197	0.0000	0.0000	0.0000	0.0000	0.0000	0.0000	0.0000	0.0000	0.0000	0.0006	0.0009	0.0000	0.0020	0.0022	0.0000	0.0000	0.0000	0.0000	
58	126	0.1656	12	0	1	0	1	0	0	0	0	N	N	N	N	N	N	N	N	N	N	N	N	0.0000	0.0000	0.0000	0.0000	0.0000	0.0000	0.0000	0.0000	0.0000	0.0000	0.0000	0.0000	0.0000	0.0000	0.0000	0.0000	0.0000	0.0000	0.0002	0.0004	0.0000	0.0008	0.0009	0.0000	0.0000	0.0000	0.0000	0.0016	0.0000	-0.0000	5.8573	1.8882	13.1443	2.9115	0.0000	0.0000	0.0000	0.0000	0.0000	0.0000	0.0000	0.0000	0.0000	0.0000	0.0000	0.0000	0.0000	0.0000	0.0000	0.0000	0.0000	0.0000	0.0869	0.0761	0.0108	0.0200	0.0187	0.0013	0.0668	0.0574	0.0094	0.1173	0.0697	0.0476	0.0306	0.0275	0.0031	0.0867	0.0422	0.0445	0.0000	0.0000	0.0000	0.0000	0.0000	0.0000	0.0000	0.0000	0.0000	0.0002	0.0004	0.0000	0.0008	0.0009	0.0000	0.0000	0.0000	0.0000	
58	127	0.1399	11	0	0	0	1	0	0	0	0	N	N	N	N	N	N	N	N	N	N	N	N	7.1433	5.3423	408.3586	0.8085	0.9004	0.0648	23053.0362	26452.3811	1565.3713	1.8307	2.3370	0.0968	0.9634	1.1460	0.0003	2.4759	3.3649	0.1384	0.2563	0.4374	0.0002	1.1915	1.2727	0.0046	0.0001	0.0001	0.0001	0.0121	0.0004	-0.2413	-0.0409	5.8573	3.5543	13.1443	9.0319	0.6536	0.6458	0.0078	0.1467	0.1467	0.0000	0.5069	0.4991	0.0078	0.0753	0.0753	0.0000	0.0753	0.0753	0.0000	0.0000	0.0000	0.0000	0.3570	0.2763	0.0807	0.1523	0.1280	0.0243	0.2047	0.1483	0.0564	0.2939	0.1721	0.1218	0.0632	0.0592	0.0040	0.2307	0.1130	0.1177	7.1433	5.3423	408.3586	0.8085	0.9004	0.0648	23053.0362	26452.3811	1565.3713	0.2563	0.4374	0.0002	1.1915	1.2727	0.0046	0.0001	0.0001	0.0001
58	128	0.1362	10	0	0	0	1	0	0	0	0	N	N	N	N	N	N	N	N	N	N	N	N	76.9844	74.4256	8.3032	41.2186	50.5995	0.0786	131.6832	142.1189	13.9714	0.8538	1.0979	0.0465	0.9114	1.0958	0.0030	0.8052	1.1001	0.0681	0.0111	0.0148	0.0056	0.0221	0.0217	0.0381	0.0061	0.0077	0.0049	0.0128	0.2526	-0.0956	-0.0004	5.8573	2.6246	13.1443	0.7212	0.2595	0.2562	0.0033	0.1269	0.1268	0.0001	0.1326	0.1294	0.0032	0.0013	0.0010	0.0003	0.0008	0.0008	0.0000	0.0005	0.0003	0.0002	0.3039	0.2333	0.0705	0.1392	0.1157	0.0235	0.1647	0.1176	0.0471	0.1146	0.0688	0.0458	0.0356	0.0347	0.0010	0.0789	0.0341	0.0448	76.9844	74.4256	8.3032	41.2186	50.5995	0.0786	131.6832	142.1189	13.9714	0.0111	0.0148	0.0056	0.0221	0.0217	0.0381	0.0061	0.0077	0.0049
58	129	0.1305	9	0	0	0	1	0	0	0	0	N	N	N	N	N	N	N	N	N	N	N	N	7.1021	86.2927	0.0363	43.1942	55.7831	0.1972	4.9642	131.1176	0.0353	0.7718	0.9929	0.0096	0.8922	1.0688	0.0096	0.6767	0.9243	0.0096	0.1087	0.0115	0.2650	0.0207	0.0192	0.0489	0.1363	0.0070	0.2721	0.0028	14.3132	-0.0963	0.0050	5.8573	3.3474	13.1443	1.3769	0.2546	0.2539	0.0007	0.1299	0.1297	0.0002	0.1247	0.1243	0.0005	0.0129	0.0008	0.0120	0.0006	0.0005	0.0001	0.0123	0.0003	0.0120	0.3299	0.2558	0.0742	0.1456	0.1213	0.0243	0.1843	0.1344	0.0499	0.1185	0.0731	0.0454	0.0283	0.0269	0.0014	0.0902	0.0462	0.0440	7.1021	86.2927	0.0363	43.1942	55.7831	0.1972	4.9642	131.1176	0.0353	0.1087	0.0115	0.2650	0.0207	0.0192	0.0489	0.1363	0.0070	0.2721
58	130	0.1216	8	0	0	0	1	0	0	0	0	N	N	N	N	N	N	N	N	N	N	N	N	0.0695	167.4875	0.0006	39.8589	80.1136	0.2419	0.0665	365.2598	0.0007	1.2606	1.7631	0.0612	1.0734	1.3214	0.0523	1.5336	2.6902	0.0670	18.1249	0.0105	94.7326	0.0269	0.0165	0.2160	23.0761	0.0074	90.7852	0.0145	2928.0039	-0.0945	0.9043	5.8573	0.4686	13.1443	4.0374	0.2576	0.2539	0.0037	0.1301	0.1289	0.0012	0.1274	0.1250	0.0025	1.9801	0.0007	1.9795	0.0006	0.0004	0.0003	1.9795	0.0003	1.9792	0.2043	0.1440	0.0603	0.1212	0.0975	0.0237	0.0831	0.0465	0.0366	0.1093	0.0642	0.0450	0.0235	0.0222	0.0012	0.0858	0.0420	0.0438	0.0695	167.4875	0.0014	39.8589	80.1136	0.2419	0.0665	365.2598	0.0015	18.1249	0.0105	43.9612	0.0269	0.0165	0.2160	23.0761	0.0074	45.1869
59	61	0.0884	10	1	1	2	0	0	0	0	0	N	N	Y	N	N	N	N	N	N	N	N	N	0.0526	0.0519	0.0000	0.0601	0.0812	0.0000	0.0000	0.0000	0.0000	0.0001	0.0001	0.0000	0.0004	0.0004	0.0000	0.0000	0.0000	0.0000	0.0012	0.0014	0.0009	0.0060	0.0046	0.0289	0.0001	0.0000	0.0001	0.0000	0.4240	-0.0000	-0.0000	0.9979	2.0703	4.0614	7.0012	0.0000	0.0000	0.0000	0.0000	0.0000	0.0000	0.0000	0.0000	0.0000	0.0001	0.0000	0.0000	0.0001	0.0000	0.0000	0.0000	0.0000	0.0000	0.0149	0.0131	0.0019	0.0026	0.0025	0.0001	0.0123	0.0106	0.0017	0.0585	0.0355	0.0230	0.0112	0.0106	0.0006	0.0472	0.0249	0.0224	0.0526	0.0519	0.0000	0.0601	0.0812	0.0000	0.0000	0.0000	0.0000	0.0012	0.0014	0.0009	0.0060	0.0046	0.0289	0.0001	0.0000	0.0001
59	62	0.0868	9	0	1	1	0	0	0	0	0	N	N	N	N	N	N	N	N	N	N	N	N	0.2133	0.1695	0.2842	0.5624	0.5673	0.0000	0.0304	0.0000	0.3037	0.0017	0.0017	0.0011	0.0093	0.0098	0.0000	0.0002	0.0000	0.0012	0.0078	0.0102	0.0040	0.0165	0.0172	0.0046	0.0056	0.0072	0.0039	0.0946	0.2508	-0.0000	-0.0000	0.9979	0.9285	4.0614	0.0280	0.0000	0.0000	0.0000	0.0000	0.0000	0.0000	0.0000	0.0000	0.0000	0.0001	0.0000	0.0000	0.0000	0.0000	0.0000	0.0000	0.0000	0.0000	0.0066	0.0057	0.0008	0.0011	0.0010	0.0001	0.0055	0.0047	0.0008	0.0065	0.0039	0.0026	0.0013	0.0012	0.0001	0.0052	0.0027	0.0025	0.2133	0.1695	0.2842	0.5624	0.5673	0.0000	0.0304	0.0000	0.3037	0.0078	0.0102	0.0040	0.0165	0.0172	0.0046	0.0056	0.0072	0.0039
59	63	0.1320	12	1	2	1	0	0	0	0	0	N	Y	N	N	N	N	N	N	N	N	N	N	0.0000	0.0000	0.0000	0.0000	0.0000	0.0000	0.0000	0.0000	0.0000	0.0000	0.0000	0.0000	0.0000	0.0000	0.0000	0.0000	0.0000	0.0000	30.1011	46.6283	0.0000	1.3077	1.4678	0.0002	39.6322	70.2273	0.0000	0.0000	0.0000	-0.5191	0.9979	1.0023	4.0614	3.0135	0.0000	0.0000	0.0000	0.0000	0.0000	0.0000	0.0000	0.0000	0.0000	0.9560	0.9560	0.0000	0.0103	0.0103	0.0000	0.9457	0.9457	0.0000	0.0071	0.0062	0.0009	0.0013	0.0012	0.0001	0.0058	0.0050	0.0008	0.0318	0.0205	0.0113	0.0079	0.0070	0.0009	0.0239	0.0135	0.0104	0.0000	0.0000	0.0000	0.0000	0.0000	0.0000	0.0000	0.0000	0.0000	30.1011	46.6283	0.0000	1.3077	1.4678	0.0002	39.6322	70.2273	0.0000	
59	64	0.1056	11	1	2	1	0	0	0	0	0	N	Y	N	N	N	N	N	N	N	N	N	N	0.0000	0.0000	0.0000	0.0000	0.0000	0.0000	0.0000	0.0000	0.0000	0.0000	0.0000	0.0000	0.0000	0.0000	0.0000	0.0000	0.0000	0.0000	0.3991	0.5942	0.0804	0.1216	0.1275	0.0047	0.4641	0.8262	0.0823	0.0828	0.0000	-0.0155	0.9979	3.0820	4.0614	9.3392	0.0000	0.0000	0.0000	0.0000	0.0000	0.0000	0.0000	0.0000	0.0000	0.0333	0.0308	0.0025	0.0019	0.0019	0.0000	0.0314	0.0288	0.0025	0.0260	0.0230	0.0031	0.0056	0.0054	0.0002	0.0205	0.0176	0.0029	0.0835	0.0518	0.0317	0.0158	0.0151	0.0008	0.0676	0.0367	0.0309	0.0000	0.0000	0.0000	0.0000	0.0000	0.0000	0.0000	0.0000	0.0000	0.3991	0.5942	0.0804	0.1216	0.1275	0.0047	0.4641	0.7857	0.0823	
59	65	0.0192	2	0	2	1	0	0	0	0	0	N	Y	N	N	N	N	N	N	N	N	N	N	0.5113	0.3372	1.0428	1.2466	1.3977	0.0000	0.2959	0.0000	1.0710	0.4553	0.5303	0.0003	5.9368	5.9924	0.0000	0.0000	0.0000	0.0003	0.8905	1.5726	0.0003	4.7625	4.2874	0.0022	0.0002	0.0000	0.0003	0.0001	0.0001	-0.0024	-0.0372	0.9979	1.7946	4.0614	5.9592	0.0063	0.0063	0.0000	0.0063	0.0063	0.0000	0.0000	0.0000	0.0000	0.0685	0.0685	0.0000	0.0685	0.0685	0.0000	0.0000	0.0000	0.0000	0.0138	0.0118	0.0020	0.0011	0.0010	0.0000	0.0127	0.0108	0.0019	0.0770	0.0436	0.0334	0.0163	0.0162	0.0001	0.0607	0.0274	0.0333	0.5113	0.3372	1.0428	1.4111	1.4150	0.0000	0.2959	0.0000	1.0710	0.8905	1.5726	0.0003	4.2072	4.2348	0.0022	0.0002	0.0000	0.0003
59	68	0.2172	20	0	1	2	0	0	0	0	0	N	N	Y	N	N	N	N	N	N	N	N	N	0.0000	0.0000	0.0000	0.0000	0.0000	0.0000	0.0000	0.0000	0.0000	0.0000	0.0000	0.0000	0.0000	0.0000	0.0000	0.0020	0.0030	0.0000	0.0059	0.0067	0.0000	0.0000	0.0000	0.0000	0.0000	0.0000	-0.0000	0.9979	0.0000	4.0614	4.0001	0.0000	0.0000	0.0000	0.0000	0.0000	0.0000	0.0000	0.0000	0.0000	0.0000	0.0000	0.0000	0.0000	0.0000	0.0000	0.0000	0.0000	0.0000	0.0000	0.0000	0.0000	0.0000	0.0000	0.0000	0.0000	0.0000	0.0000	0.0250	0.0164	0.0086	0.0083	0.0073	0.0010	0.0167	0.0091	0.0076	0.0000	0.0000	0.0000	0.0000	0.0000	0.0000	0.0000	0.0000	0.0000	0.0020	0.0030	0.0000	0.0059	0.0067	0.0000	0.0000	0.0000	0.0000				
59	69	0.1949	19	0	1	1	0	0	0	0	0	N	N	N	N	N	N	N	N	N	N	N	N	0.0000	0.0000	0.0023	0.0000	0.0000	0.0000	0.0000	0.0000	0.0086	0.0000	0.0000	0.0000	0.0000	0.0000	0.0000	0.0000	0.0000	0.0001	10.6487	16.3880	0.0202	0.3246	0.3352	0.1994	15.7544	30.6197	0.0060	inf	0.0007	0.0000	-0.5255	0.9979	2.8240	4.0614	8.9883	0.0000	0.0000	0.0000	0.0000	0.0000	0.0000	0.0000	0.0000	0.0000	0.9691	0.9685	0.0006	0.0098	0.0093	0.0005	0.9593	0.9592	0.0002	0.0258	0.0228	0.0030	0.0072	0.0069	0.0003	0.0185	0.0159	0.0027	0.0910	0.0591	0.0319	0.0301	0.0278	0.0023	0.0609	0.0313	0.0296	0.0000	0.0000	0.0023	0.0000	0.0000	0.0000	0.0000	0.0000	0.0086	10.6487	16.3880	0.0202	0.3246	0.3352	0.1994	15.7544	30.6197	0.0060
59	70	0.1860	18	0	1	1	0	0	0	0	0	N	N	N	N	N	N	N	N	N	N	N	N	0.0034	0.0000	0.0317	0.0005	0.0031	0.0000	0.0029	0.0000	0.0596	0.0013	0.0000	0.0097	0.0001	0.0001	0.0000	0.0016	0.0000	0.0104	0.3910	0.4301	0.3077	0.1464	0.0257	2.3460	0.5488	0.9270	0.1742	97.6876	0.3362	0.0000	-0.0062	0.9979	1.4521	4.0614	3.5882	0.0000	0.0000	0.0000	0.0000	0.0000	0.0000	0.0000	0.0000	0.0000	0.0214	0.0160	0.0054	0.0031	0.0005	0.0026	0.0182	0.0155	0.0027	0.0104	0.0090	0.0014	0.0018	0.0017	0.0001	0.0086	0.0073	0.0013	0.0547	0.0372	0.0175	0.0214	0.0197	0.0017	0.0332	0.0175	0.0158	0.0034	0.0000	0.0317	0.0005	0.0031	0.0000	0.0029	0.0000	0.0596	0.3910	0.4301	0.3077	0.1464	0.0257	1.5477	0.5488	0.8873	0.1742
59	71	0.1832	17	0	1	1	0	0	0	0	0	N	N	N	N	N	N	N	N	N	N	N	N	5.6553	0.0008	20.3281	0.0011	0.0020	0.0009	29.6603	0.0000	153.8849	0.4127	0.0000	2.9403	0.0002	0.0001	0.0011	0.5426	0.0000	3.1038	0.0730	0.0419	0.1446	0.1448	0.0608	1.2558	0.0183	0.0166	0.0202	14681.8090	1.4990	0.0026	0.0001	0.9979	1.1783	4.0614	0.9542	0.0042	0.0000	0.0042	0.0000	0.0000	0.0000	0.0042	0.0000	0.0042	0.0023	0.0009	0.0014	0.0020	0.0008	0.0012	0.0003	0.0002	0.0002	0.0101	0.0087	0.0014	0.0024	0.0024	0.0001	0.0077	0.0064	0.0013	0.0318	0.0221	0.0096	0.0137	0.0127	0.0011	0.0180	0.0095	0.0086	5.6553	0.0008	20.3281	0.0011	0.0020	0.0010	29.6603	0.0000	153.8849	0.0730	0.0419	0.1446	0.1448	0.0608	1.1537	0.0183	0.0166	0.0202
59	72	0.1786	16	0	1	1	0	0	0	0	0	N	N	N	N	N	N	N	N	N	N	N	N	0.1357	0.0004	0.6473	0.0003	0.0006	0.0000	1.1863	0.0020	5.8109	0.0060	0.0000	0.0473	0.0000	0.0000	0.0000	0.0075	0.0000	0.0510	0.0446	0.0310	0.0730	0.1044	0.0549	0.9021	0.0063	0.0041	0.0088	532.6085	1.1265	0.0001	-0.0000	0.9979	2.0762	4.0614	1.4610	0.0001	0.0000	0.0001	0.0000	0.0000	0.0000	0.0001	0.0000	0.0001	0.0017	0.0008	0.0009	0.0015	0.0007	0.0008	0.0001	0.0000	0.0001	0.0150	0.0131	0.0019	0.0029	0.0028	0.0001	0.0121	0.0103	0.0018	0.0377	0.0255	0.0122	0.0147	0.0135	0.0012	0.0230	0.0120	0.0110	0.1357	0.0004	0.6473	0.0003	0.0006	0.0000	1.1863	0.0020	5.8109	0.0446	0.0310	0.0730	0.1044	0.0549	0.6705	0.0063	0.0041	0.0088
59	73	0.1144	12	0	1	1	0	0	0	0	0	N	N	N	N	N	N	N	N	N	N	N	N	0.0000	0.0000	0.0000	0.0000	0.0000	0.0000	0.0000	0.0000	0.0000	0.0000	0.0000	0.0000	0.0000	0.0000	0.0000	0.0000	0.0000	7.0036	0.0000	24.8289	0.0511	0.0000	1.0976	8.7503	0.0000	22.1722	235977177.5474	0.0000	0.4422	0.9979	4.0673	4.0614	17.8409	0.0000	0.0000	0.0000	0.0000	0.0000	0.0000	0.0000	0.0000	0.0000	0.9675	0.0000	0.9675	0.0014	0.0000	0.0014	0.9661	0.0000	0.9661	0.0324	0.0285	0.0039	0.0064	0.0062	0.0002	0.0260	0.0223	0.0036	0.1381	0.0851	0.0531	0.0277	0.0262	0.0016	0.1104	0.0589	0.0515	0.0000	0.0000	0.0000	0.0000	0.0000	0.0000	0.0000	0.0000	0.0000	7.0036	0.0000	18.2237	0.0511	0.0000	0.8948	8.7503	0.0000	18.7568		
59	75	0.2511	16	0	1	1	0	0	0	0	0	N	N	N	N	N	N	N	N	N	N	N	N	0.0502	0.0043	1224.7132	0.0717	0.0074	3035.6002	0.5932	0.0015	160.3267	0.0118	0.0014	0.1018	0.0344	0.0040	0.9129	0.0007	0.0000	0.0050	0.2358	0.3302	0.0001	0.4798	0.5407	0.0003	0.0012	0.0021	0.0000	8.2160	0.0001	0.0003	-0.0634	0.9979	3.5843	4.0614	46.7516	0.0005	0.0001	0.0005	0.0005	0.0001	0.0004	0.0000	0.0000	0.0000	0.1168	0.1168	0.0000	0.1165	0.1165	0.0000	0.0003	0.0003	0.0000	0.0432	0.0387	0.0045	0.0143	0.0138	0.0005	0.0289	0.0249	0.0040	0.4955	0.3538	0.1416	0.2429	0.2155	0.0274	0.2525	0.1383	0.1142	0.0502	0.0043	1224.7132	0.0717	0.0074	3035.6002	0.5932	0.0015	160.3267	0.2358	0.3302	0.0001	0.4798	0.5407	0.0003	0.0012	0.0021	0.0000
59	76	0.1157	12	1	2	2	0	0	0	0	0	N	Y	Y	N	N	N	N	N	N	N	N	N	0.0000	0.0000	0.0000	0.0000	0.0000	0.0000	0.0000	0.0000	0.0000	0.0000	0.0000	0.0000	0.0000	0.0078	0.0135	0.0000	0.0418	0.0448	0.0000	0.0000	0.0000	0.0000	0.0000	0.0000	-0.0001	0.9979	1.0003	4.0614	1.0071	0.0000	0.0000	0.0000	0.0000	0.0000	0.0000	0.0000	0.0000	0.0000	0.0001	0.0001	0.0000	0.0001	0.0001	0.0000	0.0000	0.0000	0.0000	0.0068	0.0060	0.0009	0.0009	0.0009	0.0000	0.0059	0.0051	0.0008	0.0127	0.0074	0.0053	0.0024	0.0022	0.0002	0.0103	0.0052	0.0052	0.0000	0.0000	0.0000	0.0000	0.0000	0.0000	0.0000	0.0000	0.0000	0.0078	0.0135	0.0000	0.0418	0.0448	0.0000	0.0000	0.0000	0.0000						
59	77	0.1089	11	1	1	2	0	0	0	0	0	N	N	Y	N	N	N	N	N	N	N	N	N	0.0000	0.0000	0.1650	0.0000	0.0000	0.8806	0.0191	0.0877	0.0000	0.0000	0.0001	0.0000	0.0000	0.0009	0.0000	0.0000	0.0001	0.7725	1.2437	0.0006	1.8621	1.8760	0.0010	0.0004	0.0000	0.0006	inf	0.0003	0.0000	-0.0326	0.9979	0.9901	4.0614	2.2068	0.0000	0.0000	0.0000	0.0000	0.0000	0.0000	0.0000	0.0000	0.0000	0.0601	0.0601	0.0000	0.0601	0.0601	0.0000	0.0000	0.0000	0.0000	0.0069	0.0060	0.0009	0.0010	0.0009	0.0000	0.0059	0.0051	0.0008	0.0778	0.0483	0.0295	0.0323	0.0320	0.0002	0.0455	0.0163	0.0293	0.0000	0.0000	0.1650	0.0000	0.0000	0.8806	0.0191	0.0000	0.0877	0.7725	1.2437	0.0006	1.8621	1.8760	0.0010	0.0004	0.0000	0.0006	
59	78	0.1320	13	0	2	1	0	0	0	0	0	N	Y	N	N	N	N	N	N	N	N	N	N	0.0332	0.0000	67.5392	0.0000	0.0000	0.0000	159.0389	0.0000	2974.8150	0.0012	0.0000	0.0101	0.0000	0.0000	0.0000	0.0015	0.0000	0.0109	0.0362	0.0559	0.0001	0.1432	0.1520	0.0034	0.0000	0.0000	0.0000	1862.7506	0.0015	0.0000	-0.0032	0.9979	8.4371	4.0614	15.3349	0.0001	0.0000	0.0001	0.0000	0.0000	0.0000	0.0001	0.0000	0.0001	0.0060	0.0060	0.0000	0.0060	0.0060	0.0000	0.0000	0.0000	0.0000	0.0667	0.0587	0.0079	0.0128	0.0122	0.0006	0.0539	0.0466	0.0073	0.1650	0.1065	0.0585	0.0417	0.0392	0.0025	0.1233	0.0673	0.0560	0.0332	0.0000	67.5392	0.0000	0.0000	0.0000	159.0389	0.0000	2974.8150	0.0362	0.0559	0.0001	0.1432	0.1520	0.0034	0.0000	0.0000	0.0000
59	79	0.1089	11	1	1	2	0	0	0	0	0	N	N	Y	N	N	N	N	N	N	N	N	N	0.3547	0.2498	0.8879	0.9193	inf	inf	0.2092	0.2396	0.0000	1.5428	1.6251	0.0000	0.0000	0.0000	0.0000	0.5898	0.9591	0.0000	1.7377	1.7677	0.0000	0.0000	0.0000	0.0000	0.0000	0.0000	-0.0016	-0.0354	0.9979	3.0096	4.0614	5.7427	0.0043	0.0043	0.0000	0.0043	0.0043	0.0000	0.0000	0.0000	0.0000	0.0652	0.0652	0.0000	0.0652	0.0652	0.0000	0.0000	0.0000	0.0000	0.0205	0.0179	0.0026	0.0028	0.0026	0.0001	0.0177	0.0153	0.0025	0.1105	0.0679	0.0426	0.0375	0.0369	0.0006	0.0730	0.0311	0.0419	0.3547	0.2498	0.0000	0.8879	0.9193	0.0000	inf	inf	0.0000	0.5898	0.9591	0.0000	1.7377	1.7677	0.0000	0.0000	0.0000	0.0000			
59	80	0.0933	10	1	1	2	0	0	0	0	0	N	N	Y	N	N	N	N	N	N	N	N	N	0.0304	0.0000	20.2469	0.0001	0.0000	0.1794	7.0503	0.0000	21.4346	0.0090	0.0000	0.0656	0.0001	0.0001	0.0009	0.0109	0.0000	0.0686	0.2973	0.4800	0.0032	1.4291	1.4933	0.0049	0.0015	0.0001	0.0032	848.1500	0.0042	0.0000	-0.0084	0.9979	1.0477	4.0614	6.1154	0.0001	0.0000	0.0001	0.0000	0.0000	0.0000	0.0001	0.0000	0.0001	0.0157	0.0156	0.0001	0.0156	0.0156	0.0000	0.0001	0.0000	0.0001	0.0080	0.0069	0.0011	0.0014	0.0013	0.0000	0.0066	0.0056	0.0011	0.0527	0.0325	0.0202	0.0109	0.0105	0.0005	0.0418	0.0221	0.0197	0.0304	0.0000	20.2469	0.0001	0.0000	0.1794	7.0503	0.0000	21.4346	0.2973	0.4800	0.0032	1.4291	1.4933	0.0049	0.0015	0.0001	0.0032
59	81	0.0868	9	0	1	1	0	0	0	0	0	N	N	N	N	N	N	N	N	N	N	N	N	1.9528	0.0001	32.3888	0.0029	0.0032	0.0000	1.9384	0.0000	34.1724	0.3059	0.0000	2.4237	0.0001	0.0001	0.0000	0.3635	0.0000	2.5826	0.1567	0.2101	0.0748	0.0263	0.0251	0.0475	0.1875	0.2889	0.0756	20018.0634	0.2325	0.0026	-0.0011	0.9979	1.9794	4.0614	1.0196	0.0042	0.0000	0.0042	0.0000	0.0000	0.0000	0.0042	0.0000	0.0042	0.0031	0.0025	0.0006	0.0001	0.0001	0.0000	0.0030	0.0024	0.0006	0.0138	0.0120	0.0017	0.0022	0.0021	0.0001	0.0116	0.0099	0.0016	0.0198	0.0120	0.0078	0.0038	0.0036	0.0002	0.0160	0.0084	0.0076	1.9528	0.0001	32.3888	0.0029	0.0032	0.0000	1.9384	0.0000	34.1724	0.1567	0.2101	0.0748	0.0263	0.0251	0.0475	0.1875	0.2889	0.0756
59	82	0.0847	8	0	1	1	0	0	0	0	0	N	N	N	N	N	N	N	N	N	N	N	N	1.9023	0.6600	141.8373	25.8495	41.5672	0.0000	0.9667	0.0071	1513.6980	0.0027	0.0015	0.0109	0.0094	0.0099	0.0000	0.0017	0.0000	0.0115	0.0014	0.0023	0.0001	0.0004	0.0002	0.0027	0.0017	0.0033	0.0000	1.0456	0.0214	0.0000	-0.0000	0.9979	1.0114	4.0614	0.0202	0.0000	0.0000	0.0000	0.0000	0.0000	0.0000	0.0000	0.0000	0.0000	0.0000	0.0000	0.0000	0.0000	0.0000	0.0000	0.0000	0.0000	0.0000	0.0071	0.0062	0.0009	0.0010	0.0009	0.0001	0.0061	0.0052	0.0009	0.0071	0.0043	0.0028	0.0014	0.0013	0.0001	0.0057	0.0030	0.0027	1.9023	0.6600	141.8373	25.8495	41.5672	0.0000	0.9667	0.0071	1513.6980	0.0014	0.0023	0.0001	0.0004	0.0002	0.0027	0.0017	0.0033	0.0000
59	83	0.0641	7	0	1	1	0	0	0	0	0	N	N	N	N	N	N	N	N	N	N	N	N	14.1215	9.6288	109.1876	0.5822	0.5794	0.0000	8415.1762	12398.4268	459.8087	0.0245	0.0277	0.0018	0.0051	0.0054	0.0000	0.0276	0.0317	0.0019	0.0017	0.0029	0.0000	0.0088	0.0092	0.0005	0.0000	0.0000	0.0000	0.0091	0.0038	-0.0004	-0.0001	0.9979	5.9223	4.0614	3.6882	0.0010	0.0010	0.0000	0.0000	0.0000	0.0000	0.0010	0.0010	0.0000	0.0001	0.0001	0.0000	0.0001	0.0001	0.0000	0.0000	0.0000	0.0000	0.0427	0.0374	0.0053	0.0058	0.0056	0.0002	0.0368	0.0318	0.0051	0.0684	0.0411	0.0273	0.0134	0.0128	0.0006	0.0549	0.0283	0.0267	14.1215	9.6288	109.1876	0.5822	0.5794	0.0000	8415.1762	12398.4268	459.8087	0.0017	0.0029	0.0000	0.0088	0.0092	0.0005	0.0000	0.0000	0.0000
59	84	0.1518	15	0	2	1	0	0	0	0	0	N	Y	N	N	N	N	N	N	N	N	N	N	0.0000	0.0000	0.0000	0.0000	0.0000	0.0000	0.0000	0.0000	0.0000	0.0000	0.0000	0.0000	0.0000	0.0000	0.0000	0.0000	0.0000	0.0000	0.0144	0.0222	0.0001	0.0532	0.0569	0.0026	0.0000	0.0000	0.0000	0.0034	0.0000	-0.0018	0.9979	7.1084	4.0614	28.8937	0.0000	0.0000	0.0000	0.0000	0.0000	0.0000	0.0000	0.0000	0.0000	0.0034	0.0034	0.0000	0.0034	0.0034	0.0000	0.0000	0.0000	0.0000	0.0501	0.0438	0.0063	0.0077	0.0073	0.0004	0.0424	0.0366	0.0058	0.2372	0.1537	0.0835	0.0643	0.0600	0.0043	0.1729	0.0937	0.0792	0.0000	0.0000	0.0000	0.0000	0.0000	0.0000	0.0000	0.0000	0.0000	0.0144	0.0222	0.0001	0.0532	0.0569	0.0026	0.0000	0.0000	0.0000	
59	85	0.1443	14	0	2	1	0	0	0	0	0	N	Y	N	N	N	N	N	N	N	N	N	N	0.0000	0.0000	0.0005	0.0001	0.0000	0.0029	0.0000	0.0000	0.0000	0.0000	0.0000	0.0000	0.0000	0.0000	0.0000	0.0000	0.0000	0.0000	0.0123	0.0141	0.0082	0.0170	0.0172	0.0079	0.0098	0.0111	0.0082	inf	0.2545	0.0000	-0.0003	0.9979	2.2208	4.0614	3.9129	0.0000	0.0000	0.0000	0.0000	0.0000	0.0000	0.0000	0.0000	0.0000	0.0009	0.0007	0.0002	0.0004	0.0004	0.0000	0.0005	0.0003	0.0002	0.0260	0.0232	0.0028	0.0091	0.0086	0.0005	0.0169	0.0146	0.0023	0.0703	0.0489	0.0214	0.0242	0.0234	0.0008	0.0461	0.0255	0.0206	0.0000	0.0000	0.0005	0.0001	0.0000	0.0029	0.0000	0.0000	0.0000	0.0123	0.0141	0.0082	0.0170	0.0172	0.0079	0.0098	0.0111	0.0082
59	86	0.2198	16	0	1	2	0	0	0	0	0	N	N	Y	N	N	N	N	N	N	N	N	N	0.0001	0.0008	0.0000	0.0016	0.0016	0.0000	0.0000	0.0000	0.0000	0.0000	0.0000	0.0000	0.0000	0.0000	0.0000	0.0000	0.0000	0.0000	0.0774	0.0096	0.1972	0.0235	0.0248	0.0022	0.0967	0.0000	0.2060	0.0000	11.5594	-0.0000	0.0026	0.9979	5.3425	4.0614	7.0749	0.0000	0.0000	0.0000	0.0000	0.0000	0.0000	0.0000	0.0000	0.0000	0.0069	0.0005	0.0063	0.0006	0.0005	0.0000	0.0063	0.0000	0.0063	0.0411	0.0362	0.0048	0.0074	0.0071	0.0004	0.0337	0.0292	0.0045	0.0889	0.0568	0.0321	0.0234	0.0220	0.0014	0.0655	0.0348	0.0307	0.0001	0.0008	0.0000	0.0016	0.0016	0.0000	0.0000	0.0000	0.0000	0.0774	0.0096	0.1972	0.0235	0.0248	0.0022	0.0967	0.0000	0.2060
59	87	0.1767	15	0	1	1	0	0	0	0	0	N	N	N	N	N	N	N	N	N	N	N	N	0.0003	0.0285	0.0001	0.0623	0.0557	0.2488	0.0000	0.0027	0.0000	0.0013	0.0012	0.0014	0.0052	0.0048	0.0163	0.0000	0.0000	0.0000	4.9941	0.0434	16.8428	0.0843	0.0857	0.0657	7.5286	0.0059	16.3939	0.1440	169.8573	-0.0000	0.4312	0.9979	7.0719	4.0614	13.7350	0.0001	0.0001	0.0000	0.0001	0.0001	0.0000	0.0000	0.0000	0.0000	0.9558	0.0056	0.9502	0.0055	0.0052	0.0003	0.9503	0.0004	0.9499	0.0626	0.0556	0.0070	0.0149	0.0143	0.0006	0.0477	0.0414	0.0064	0.1914	0.1289	0.0625	0.0652	0.0606	0.0046	0.1262	0.0683	0.0579	0.0003	0.0285	0.0001	0.0623	0.0557	0.2488	0.0000	0.0027	0.0000	4.9941	0.0434	15.1998	0.0843	0.0857	0.0657	7.5286	0.0059	16.3939
59	88	0.0698	7	1	1	2	0	0	0	0	0	N	N	Y	N	N	N	N	N	N	N	N	N	0.0000	0.0000	0.0000	0.0000	0.0000	0.0000	0.0000	0.0000	0.0000	0.0000	0.0000	0.0000	0.0000	0.0000	0.0000	0.0000	0.0000	0.0000	0.0000	0.0000	0.9979	0.0000	4.0614	0.0000	0.0000	0.0000	0.0000	0.0000	0.0000	0.0000	0.0000	0.0000	0.0000	0.0000	0.0000	0.0000	0.0000	0.0000	0.0000	0.0000	0.0000	0.0000	0.0000	0.0000	0.0000	0.0000	0.0000	0.0000	0.0000	0.0000	0.0000	0.0000	0.0000	0.0000	0.0000	0.0000	0.0000	0.0000	0.0000	0.0000	0.0000	0.0000	0.0000	0.0000	0.0000	0.0000	0.0000	0.0000	0.0000	0.0000	0.0000	0.0000	0.0000	0.0000	0.0000	0.0000	0.0000	0.0000											
59	89	0.0679	6	1	1	2	0	0	0	0	0	N	N	Y	N	N	N	N	N	N	N	N	N	0.0000	0.0000	0.0000	0.0000	0.0000	0.0000	0.0000	0.0000	0.0000	0.0000	0.0000	0.0000	0.0000	0.0000	0.0000	0.0000	0.0000	0.0000	0.7392	1.1087	0.0023	2.2175	2.3659	0.0000	0.0013	0.0004	0.0025	0.0010	0.0000	-0.0047	0.9979	0.0001	4.0614	0.9161	0.0000	0.0000	0.0000	0.0000	0.0000	0.0000	0.0000	0.0000	0.0000	0.0087	0.0087	0.0000	0.0087	0.0087	0.0000	0.0000	0.0000	0.0000	0.0000	0.0000	0.0000	0.0000	0.0000	0.0000	0.0000	0.0000	0.0000	0.0117	0.0078	0.0039	0.0039	0.0037	0.0002	0.0078	0.0042	0.0037	0.0000	0.0000	0.0000	0.0000	0.0000	0.0000	0.0000	0.0000	0.0000	0.7392	1.1087	0.0023	2.2175	2.3659	0.0000	0.0013	0.0004	0.0025	
59	90	0.0431	5	1	1	2	0	0	0	0	0	N	N	Y	N	N	N	N	N	N	N	N	N	0.0065	0.0000	0.4754	0.0000	0.0000	0.0000	0.0065	0.0000	0.4967	0.0007	0.0000	0.0057	0.0000	0.0000	0.0000	0.0008	0.0000	0.0060	0.1102	0.1804	0.0120	0.0136	0.0138	0.0062	0.1262	0.2321	0.0120	inf	0.0474	0.0000	-0.0044	0.9979	3.7876	4.0614	7.8440	0.0000	0.0000	0.0000	0.0000	0.0000	0.0000	0.0000	0.0000	0.0000	0.0089	0.0085	0.0004	0.0002	0.0002	0.0000	0.0088	0.0084	0.0004	0.0276	0.0242	0.0035	0.0035	0.0034	0.0002	0.0241	0.0208	0.0033	0.0809	0.0472	0.0337	0.0115	0.0112	0.0003	0.0694	0.0360	0.0334	0.0065	0.0000	0.4754	0.0000	0.0000	0.0000	0.0065	0.0000	0.4967	0.1102	0.1804	0.0120	0.0136	0.0138	0.0062	0.1262	0.2321	0.0120
59	91	0.1249	13	0	2	1	1	0	0	0	0	N	Y	N	N	N	N	N	N	N	N	N	N	0.0000	0.0000	0.0000	0.0000	0.0000	0.0000	0.0000	0.0000	0.0000	0.0000	0.0000	0.0000	0.0000	0.0000	0.0000	0.0000	0.0000	0.0000	7.6732	0.0993	28.9915	0.3420	0.2710	2.3340	10.0413	0.0001	26.6576	0.0000	121.7237	-0.0000	0.4342	0.9979	1.8247	4.0614	16.3284	0.0000	0.0000	0.0000	0.0000	0.0000	0.0000	0.0000	0.0000	0.0000	0.9672	0.0079	0.9593	0.0105	0.0079	0.0027	0.9566	0.0000	0.9566	0.0172	0.0152	0.0020	0.0042	0.0041	0.0001	0.0130	0.0112	0.0018	0.1260	0.0794	0.0467	0.0308	0.0291	0.0017	0.0953	0.0503	0.0449	0.0000	0.0000	0.0000	0.0000	0.0000	0.0000	0.0000	0.0000	0.0000	7.6732	0.0993	20.5598	0.3420	0.2710	1.5468	10.0413	0.0001	21.2846
59	92	0.1144	12	0	2	1	0	0	0	0	0	N	Y	N	N	N	N	N	N	N	N	N	N	0.0002	0.0000	58.8260	0.0000	0.0000	0.0000	0.0002	0.0000	40702.2459	0.0012	0.0000	0.0099	0.0000	0.0000	0.0000	0.0015	0.0000	0.0106	6.2460	10.1441	0.0002	0.3754	0.3982	0.0056	7.7064	14.4157	0.0000	inf	0.0000	0.0000	-0.5309	0.9979	9.1310	4.0614	16.1726	0.0001	0.0000	0.0001	0.0000	0.0000	0.0000	0.0001	0.0000	0.0001	0.9778	0.9778	0.0000	0.0117	0.0117	0.0000	0.9661	0.9661	0.0000	0.0654	0.0574	0.0081	0.0112	0.0107	0.0005	0.0542	0.0466	0.0075	0.1565	0.0964	0.0602	0.0312	0.0294	0.0018	0.1254	0.0670	0.0583	0.0002	0.0000	58.8260	0.0000	0.0000	0.0000	0.0002	0.0000	40702.2459	6.2460	10.1441	0.0002	0.3754	0.3982	0.0056	7.7064	14.4157	0.0000
59	93	0.1994	18	0	2	1	0	0	0	0	0	N	Y	N	N	N	N	N	N	N	N	N	N	0.0000	0.0000	0.0000	0.0000	0.0000	0.0000	0.0000	0.0000	0.0000	0.0000	0.0000	0.0000	0.0000	0.0000	0.0000	0.0000	0.0000	0.0000	0.0216	0.0319	0.0016	0.0569	0.0629	0.0003	0.0009	0.0001	0.0017	0.0252	0.0000	-0.0011	0.9979	4.0959	4.0614	8.7137	0.0000	0.0000	0.0000	0.0000	0.0000	0.0000	0.0000	0.0000	0.0000	0.0022	0.0021	0.0001	0.0021	0.0021	0.0000	0.0001	0.0000	0.0001	0.0303	0.0264	0.0039	0.0054	0.0052	0.0002	0.0249	0.0213	0.0036	0.1015	0.0672	0.0344	0.0377	0.0341	0.0036	0.0638	0.0331	0.0307	0.0000	0.0000	0.0000	0.0000	0.0000	0.0000	0.0000	0.0000	0.0000	0.0216	0.0319	0.0016	0.0569	0.0629	0.0003	0.0009	0.0001	0.0017	
59	94	0.1811	17	0	2	1	0	0	0	0	0	N	Y	N	N	N	N	N	N	N	N	N	N	0.0000	0.0000	0.0000	0.0000	0.0000	0.0000	0.0000	0.0000	0.0000	0.0000	0.0000	0.0000	0.0000	0.0000	0.0000	0.0000	0.0000	0.0000	0.0175	0.0122	0.0276	0.0435	0.0212	0.3175	0.0041	0.0040	0.0042	1.1987	0.0000	0.0000	0.9979	2.9443	4.0614	6.1524	0.0000	0.0000	0.0000	0.0000	0.0000	0.0000	0.0000	0.0000	0.0000	0.0011	0.0005	0.0006	0.0010	0.0004	0.0005	0.0002	0.0001	0.0001	0.0231	0.0200	0.0030	0.0051	0.0049	0.0002	0.0179	0.0151	0.0028	0.0648	0.0423	0.0224	0.0220	0.0202	0.0018	0.0428	0.0222	0.0206	0.0000	0.0000	0.0000	0.0000	0.0000	0.0000	0.0000	0.0000	0.0000	0.0175	0.0122	0.0276	0.0435	0.0212	0.2900	0.0041	0.0040	0.0042	
59	95	0.1786	16	0	1	1	0	0	0	0	0	N	N	N	N	N	N	N	N	N	N	N	N	0.0003	0.0003	0.0000	0.0006	0.0008	0.0000	0.0000	0.0000	0.0000	0.0000	0.0000	0.0000	0.0001	0.0001	0.0000	0.0000	0.0000	0.0000	0.0417	0.0435	0.0378	0.0957	0.0771	0.3465	0.0020	0.0000	0.0042	0.0000	0.3857	-0.0000	-0.0003	0.9979	0.8596	4.0614	1.2300	0.0000	0.0000	0.0000	0.0000	0.0000	0.0000	0.0000	0.0000	0.0000	0.0012	0.0009	0.0003	0.0012	0.0009	0.0003	0.0000	0.0000	0.0000	0.0066	0.0058	0.0008	0.0014	0.0013	0.0001	0.0052	0.0044	0.0008	0.0289	0.0200	0.0089	0.0123	0.0113	0.0010	0.0167	0.0087	0.0079	0.0003	0.0003	0.0000	0.0006	0.0008	0.0000	0.0000	0.0000	0.0000	0.0417	0.0435	0.0378	0.0957	0.0771	0.3100	0.0020	0.0000	0.0042
59	96	0.1668	15	0	1	1	0	0	0	0	0	N	N	N	N	N	N	N	N	N	N	N	N	0.0001	0.0000	0.0008	0.0000	0.0000	0.0000	0.0017	0.0000	0.0066	0.0000	0.0000	0.0000	0.0000	0.0000	0.0000	0.0000	0.0000	0.0000	0.0272	0.0278	0.0261	0.0656	0.0482	0.4052	0.0019	0.0000	0.0035	inf	0.5152	0.0000	-0.0004	0.9979	3.7737	4.0614	2.5241	0.0000	0.0000	0.0000	0.0000	0.0000	0.0000	0.0000	0.0000	0.0000	0.0020	0.0013	0.0007	0.0019	0.0013	0.0006	0.0001	0.0000	0.0001	0.0371	0.0329	0.0042	0.0105	0.0100	0.0005	0.0266	0.0229	0.0037	0.0732	0.0472	0.0259	0.0290	0.0272	0.0018	0.0442	0.0200	0.0241	0.0001	0.0000	0.0008	0.0000	0.0000	0.0000	0.0017	0.0000	0.0066	0.0272	0.0278	0.0261	0.0656	0.0482	0.3314	0.0019	0.0000	0.0035
59	97	0.1459	14	0	1	1	0	0	0	0	0	N	N	N	N	N	N	N	N	N	N	N	N	0.0000	0.0000	0.0000	0.0000	0.0000	0.0000	0.0000	0.0000	0.0000	0.0000	0.0000	0.0000	0.0000	0.0000	0.0000	0.0000	0.0000	0.0000	0.0915	0.1407	0.0024	0.3371	0.3550	0.0293	0.0013	0.0014	0.0012	0.0000	0.0094	-0.0000	-0.0041	0.9979	6.4922	4.0614	4.5502	0.0000	0.0000	0.0000	0.0000	0.0000	0.0000	0.0000	0.0000	0.0000	0.0076	0.0075	0.0001	0.0075	0.0075	0.0000	0.0001	0.0000	0.0000	0.0457	0.0399	0.0058	0.0073	0.0069	0.0004	0.0385	0.0330	0.0054	0.0832	0.0536	0.0296	0.0224	0.0211	0.0012	0.0608	0.0325	0.0283	0.0000	0.0000	0.0000	0.0000	0.0000	0.0000	0.0000	0.0000	0.0000	0.0915	0.1407	0.0024	0.3371	0.3550	0.0293	0.0013	0.0014	0.0012
59	98	0.0431	5	0	2	1	0	0	0	0	0	N	Y	N	N	N	N	N	N	N	N	N	N	0.0023	0.0000	1552.5634	0.0000	0.0000	0.0000	1763.3493	0.0000	14448.8406	0.0018	0.0000	0.0150	0.0000	0.0000	0.0000	0.0022	0.0000	0.0161	0.7871	1.3520	0.0000	6.5338	5.8058	0.0009	0.0000	0.0000	0.0000	inf	0.0000	0.0000	-0.0395	0.9979	1.3608	4.0614	12.1483	0.0000	0.0000	0.0000	0.0000	0.0000	0.0000	0.0000	0.0000	0.0000	0.0728	0.0728	0.0000	0.0728	0.0728	0.0000	0.0000	0.0000	0.0000	0.0110	0.0097	0.0013	0.0020	0.0019	0.0001	0.0090	0.0077	0.0012	0.0925	0.0539	0.0387	0.0129	0.0125	0.0004	0.0796	0.0413	0.0383	0.0023	0.0000	1552.5634	0.0000	0.0000	0.0000	1763.3493	0.0000	14448.8406	0.7871	1.3520	0.0000	5.6432	5.8058	0.0009	0.0000	0.0000	0.0000
59	99	0.0394	4	0	1	1	0	0	0	0	0	N	N	N	N	N	N	N	N	N	N	N	N	1.7622	0.0716	22.8285	0.1098	0.1200	0.0000	3.5059	0.0000	30.4183	0.0241	0.0013	0.1726	0.0032	0.0036	0.0000	0.0348	0.0000	0.2314	0.0137	0.0177	0.0076	0.0296	0.0301	0.0025	0.0099	0.0121	0.0076	21.0080	0.2777	0.0003	-0.0001	0.9979	1.5300	4.0614	0.7696	0.0004	0.0000	0.0004	0.0000	0.0000	0.0000	0.0004	0.0000	0.0004	0.0003	0.0002	0.0001	0.0001	0.0001	0.0000	0.0002	0.0001	0.0001	0.0181	0.0157	0.0024	0.0061	0.0055	0.0006	0.0120	0.0102	0.0018	0.0194	0.0118	0.0076	0.0037	0.0037	0.0001	0.0157	0.0081	0.0076	1.7622	0.0716	22.8285	0.1098	0.1200	0.0000	3.5059	0.0000	30.4183	0.0137	0.0177	0.0076	0.0296	0.0301	0.0025	0.0099	0.0121	0.0076
59	104	0.2008	16	0	2	1	0	0	0	0	0	N	Y	N	N	N	N	N	N	N	N	N	N	0.0038	0.0035	0.0000	0.0064	0.0062	0.0000	0.0000	0.0000	0.0000	0.0005	0.0006	0.0000	0.0014	0.0014	0.0000	0.0000	0.0000	0.0000	0.1282	0.1625	0.0037	0.2192	0.2323	0.0205	0.0567	0.0849	0.0012	0.0000	0.0062	-0.0000	-0.0014	0.9979	0.0277	4.0614	1.3445	0.0000	0.0000	0.0000	0.0000	0.0000	0.0000	0.0000	0.0000	0.0000	0.0025	0.0025	0.0000	0.0019	0.0019	0.0000	0.0006	0.0006	0.0000	0.0003	0.0003	0.0000	0.0001	0.0001	0.0000	0.0002	0.0002	0.0000	0.0199	0.0156	0.0043	0.0088	0.0082	0.0005	0.0111	0.0074	0.0038	0.0038	0.0035	0.0000	0.0064	0.0062	0.0000	0.0000	0.0000	0.0000	0.1282	0.1625	0.0037	0.2192	0.2323	0.0205	0.0567	0.0849	0.0012
59	105	0.1542	15	0	2	1	0	0	0	0	0	N	Y	N	N	N	N	N	N	N	N	N	N	0.0000	0.0000	0.0000	0.0016	0.0016	0.0000	0.0000	0.0000	0.0000	0.0001	0.0001	0.0000	0.0004	0.0004	0.0000	0.0000	0.0000	0.0000	6.9298	10.6869	0.0131	0.2436	0.2587	0.0157	9.1944	16.7120	0.0130	0.0000	0.0007	-0.0000	-0.5285	0.9979	5.1414	4.0614	16.4151	0.0000	0.0000	0.0000	0.0000	0.0000	0.0000	0.0000	0.0000	0.0000	0.9745	0.9738	0.0006	0.0087	0.0086	0.0000	0.9658	0.9652	0.0006	0.0375	0.0328	0.0046	0.0074	0.0070	0.0003	0.0301	0.0258	0.0043	0.1406	0.0911	0.0495	0.0356	0.0334	0.0022	0.1050	0.0578	0.0473	0.0000	0.0000	0.0000	0.0016	0.0016	0.0000	0.0000	0.0000	0.0000	6.9298	10.6869	0.0131	0.2436	0.2587	0.0157	9.1944	16.7120	0.0130
59	106	0.1459	14	0	1	1	0	0	0	0	0	N	N	N	N	N	N	N	N	N	N	N	N	0.0003	0.0003	0.0000	0.0001	0.0001	0.0000	0.0004	0.0003	0.0000	0.0001	0.0001	0.0000	0.0000	0.0000	0.0000	0.0001	0.0001	0.0000	0.3059	0.3458	0.2292	0.2880	0.2935	0.1778	0.3137	0.3962	0.2314	0.0000	0.3444	-0.0000	-0.0043	0.9979	3.8974	4.0614	1.6364	0.0000	0.0000	0.0000	0.0000	0.0000	0.0000	0.0000	0.0000	0.0000	0.0151	0.0112	0.0039	0.0043	0.0042	0.0001	0.0108	0.0071	0.0037	0.0285	0.0249	0.0036	0.0048	0.0045	0.0002	0.0237	0.0203	0.0034	0.0494	0.0325	0.0169	0.0149	0.0142	0.0007	0.0345	0.0183	0.0162	0.0003	0.0003	0.0000	0.0001	0.0001	0.0000	0.0004	0.0004	0.0000	0.3059	0.3458	0.2292	0.2880	0.2935	0.1778	0.3137	0.3865	0.2314
59	107	0.1249	13	0	1	1	0	0	0	0	0	N	N	N	N	N	N	N	N	N	N	N	N	0.0000	0.0000	0.0000	0.0000	0.0000	0.0000	0.0001	0.0002	0.0000	0.0000	0.0000	0.0000	0.0000	0.0000	0.0000	0.0000	0.0000	0.0000	0.3146	0.4403	0.0966	0.9805	1.0276	0.0610	0.0714	0.0468	0.0980	0.0000	0.1265	-0.0000	-0.0107	0.9979	0.3701	4.0614	9.6236	0.0000	0.0000	0.0000	0.0000	0.0000	0.0000	0.0000	0.0000	0.0000	0.0248	0.0220	0.0028	0.0206	0.0206	0.0001	0.0041	0.0014	0.0027	0.0071	0.0065	0.0007	0.0027	0.0026	0.0000	0.0045	0.0038	0.0006	0.0787	0.0499	0.0288	0.0211	0.0200	0.0010	0.0577	0.0299	0.0278	0.0000	0.0000	0.0000	0.0000	0.0000	0.0000	0.0001	0.0002	0.0000	0.3146	0.4403	0.0966	0.9805	1.0276	0.0610	0.0714	0.0468	0.0980
59	108	0.1144	12	0	1	1	0	0	0	0	0	N	N	N	N	N	N	N	N	N	N	N	N	0.0000	0.0000	0.0000	0.0000	0.0000	0.0000	0.0000	0.0001	0.0000	0.0000	0.0000	0.0000	0.0000	0.0000	0.0000	0.0000	0.0000	0.0000	0.7801	0.5142	1.2095	1.1843	1.2373	0.0646	0.6584	0.1114	1.2417	0.0000	1.4565	-0.0000	0.0016	0.9979	0.4415	4.0614	4.8853	0.0000	0.0000	0.0000	0.0000	0.0000	0.0000	0.0000	0.0000	0.0000	0.0312	0.0127	0.0185	0.0110	0.0109	0.0000	0.0203	0.0018	0.0185	0.0077	0.0069	0.0007	0.0028	0.0027	0.0000	0.0049	0.0042	0.0007	0.0400	0.0247	0.0153	0.0093	0.0088	0.0004	0.0308	0.0159	0.0149	0.0000	0.0000	0.0000	0.0000	0.0000	0.0000	0.0000	0.0001	0.0000	0.7801	0.5142	1.2095	1.1843	1.2373	0.0646	0.6584	0.1114	1.2417
59	109	0.1368	11	1	2	1	1	0	0	0	0	N	Y	N	N	N	N	N	N	N	N	N	N	0.0000	0.0000	0.0000	0.0000	0.0000	0.0000	0.0000	0.0000	0.0000	0.0000	0.0000	0.0000	0.0000	0.0000	0.0000	0.0000	0.0000	0.0000	0.0000	0.0000	0.9979	0.0000	4.0614	0.0000	0.0000	0.0000	0.0000	0.0000	0.0000	0.0000	0.0000	0.0000	0.0000	0.0000	0.0000	0.0000	0.0000	0.0000	0.0000	0.0000	0.0000	0.0000	0.0000	0.0000	0.0000	0.0000	0.0000	0.0000	0.0000	0.0000	0.0000	0.0000	0.0000	0.0000	0.0000	0.0000	0.0000	0.0000	0.0000	0.0000	0.0000	0.0000	0.0000	0.0000	0.0000	0.0000	0.0000	0.0000	0.0000	0.0000	0.0000	0.0000	0.0000	0.0000	0.0000	0.0000	0.0000	0.0000											
59	110	0.1219	10	1	2	1	1	0	0	0	0	N	Y	N	N	N	N	N	N	N	N	N	N	0.0000	0.0000	0.0000	0.0000	0.0000	0.0000	0.0000	0.0000	0.0000	0.0000	0.0000	0.0000	0.0000	0.0000	0.0000	19.5851	31.2428	0.0000	72.8273	80.7889	0.0000	0.0033	0.0063	0.0000	0.0000	0.0000	-0.5309	0.9979	0.0000	4.0614	7.1240	0.0000	0.0000	0.0000	0.0000	0.0000	0.0000	0.0000	0.0000	0.0000	0.9777	0.9777	0.0000	0.9776	0.9776	0.0000	0.0001	0.0001	0.0000	0.0000	0.0000	0.0000	0.0000	0.0000	0.0000	0.0000	0.0000	0.0000	0.0499	0.0313	0.0186	0.0135	0.0121	0.0014	0.0364	0.0192	0.0172	0.0000	0.0000	0.0000	0.0000	0.0000	0.0000	0.0000	0.0000	0.0000	19.5851	31.2428	0.0000	72.2722	80.7889	0.0000	0.0033	0.0063	0.0000				
59	111	0.1308	12	0	2	1	1	0	0	0	0	N	Y	N	N	N	N	N	N	N	N	N	N	0.0000	0.0000	0.0000	0.0000	0.0000	0.0000	0.0000	0.0000	0.0000	0.0000	0.0000	0.0000	0.0000	0.0000	0.0000	0.0009	0.0014	0.0000	0.0031	0.0036	0.0000	0.0000	0.0000	0.0000	0.0000	0.0000	-0.0000	0.9979	0.0016	4.0614	5.0076	0.0000	0.0000	0.0000	0.0000	0.0000	0.0000	0.0000	0.0000	0.0000	0.0000	0.0000	0.0000	0.0000	0.0000	0.0000	0.0000	0.0000	0.0000	0.0000	0.0000	0.0000	0.0000	0.0000	0.0000	0.0000	0.0000	0.0000	0.0340	0.0214	0.0125	0.0095	0.0083	0.0012	0.0245	0.0132	0.0113	0.0000	0.0000	0.0000	0.0000	0.0000	0.0000	0.0000	0.0000	0.0000	0.0009	0.0014	0.0000	0.0031	0.0036	0.0000	0.0000	0.0000	0.0000				
59	112	0.1240	11	0	2	1	1	0	0	0	0	N	Y	N	N	N	N	N	N	N	N	N	N	0.0000	0.0000	0.0000	0.0000	0.0000	0.0000	0.0000	0.0000	0.0000	0.0000	0.0000	0.0000	0.0000	0.0000	0.0000	0.0000	0.0000	0.0000	0.0012	0.0007	0.0022	0.0029	0.0016	0.0154	0.0006	0.0000	0.0012	2.0265	0.0000	0.0000	0.9979	1.0012	4.0614	2.1373	0.0000	0.0000	0.0000	0.0000	0.0000	0.0000	0.0000	0.0000	0.0000	0.0000	0.0000	0.0000	0.0000	0.0000	0.0000	0.0000	0.0000	0.0000	0.0068	0.0059	0.0009	0.0011	0.0010	0.0001	0.0057	0.0049	0.0008	0.0238	0.0149	0.0089	0.0068	0.0062	0.0006	0.0170	0.0088	0.0083	0.0000	0.0000	0.0000	0.0000	0.0000	0.0000	0.0000	0.0000	0.0000	0.0012	0.0007	0.0022	0.0029	0.0016	0.0154	0.0006	0.0000	0.0012	
59	113	0.1323	11	0	2	1	0	0	0	0	0	N	Y	N	N	N	N	N	N	N	N	N	N	0.0000	0.0000	0.0000	0.0000	0.0000	0.0000	0.0000	0.0000	0.0000	0.0000	0.0000	0.0000	0.0000	0.0000	0.0000	0.0000	0.0000	0.0000	0.0010	0.0016	0.0000	0.0034	0.0039	0.0000	0.0000	0.0000	0.0000	0.0070	0.0000	-0.0000	0.9979	0.9705	4.0614	5.0371	0.0000	0.0000	0.0000	0.0000	0.0000	0.0000	0.0000	0.0000	0.0000	0.0000	0.0000	0.0000	0.0000	0.0000	0.0000	0.0000	0.0000	0.0000	0.0078	0.0069	0.0009	0.0018	0.0018	0.0001	0.0060	0.0051	0.0008	0.0396	0.0252	0.0144	0.0114	0.0101	0.0012	0.0282	0.0151	0.0132	0.0000	0.0000	0.0000	0.0000	0.0000	0.0000	0.0000	0.0000	0.0000	0.0010	0.0016	0.0000	0.0034	0.0039	0.0000	0.0000	0.0000	0.0000	
59	114	0.1240	11	0	1	2	1	0	0	0	0	N	N	Y	N	N	N	N	N	N	N	N	N	0.0000	0.0000	0.0000	0.0000	0.0000	0.0000	0.0000	0.0000	0.0000	0.0000	0.0000	0.0000	0.0000	0.0000	0.0000	0.0000	0.0000	0.0000	0.0000	0.0000	0.9979	0.0000	4.0614	1.1303	0.0000	0.0000	0.0000	0.0000	0.0000	0.0000	0.0000	0.0000	0.0000	0.0000	0.0000	0.0000	0.0000	0.0000	0.0000	0.0000	0.0000	0.0000	0.0000	0.0000	0.0000	0.0000	0.0000	0.0000	0.0000	0.0000	0.0000	0.0104	0.0065	0.0039	0.0034	0.0031	0.0002	0.0071	0.0034	0.0037	0.0000	0.0000	0.0000	0.0000	0.0000	0.0000	0.0000	0.0000	0.0000	0.0000	0.0000	0.0000	0.0000	0.0000	0.0000	0.0000	0.0000	0.0000											
59	115	0.1219	10	0	1	1	1	0	0	0	0	N	N	N	N	N	N	N	N	N	N	N	N	0.0000	0.0000	0.0000	0.0000	0.0000	0.0000	0.0000	0.0000	0.0000	0.0000	0.0000	0.0000	0.0000	0.0000	0.0000	0.0292	0.0464	0.0000	0.0213	0.0229	0.0000	0.0330	0.0677	0.0000	0.0000	0.0000	-0.0002	0.9979	0.0000	4.0614	1.2340	0.0000	0.0000	0.0000	0.0000	0.0000	0.0000	0.0000	0.0000	0.0000	0.0003	0.0003	0.0000	0.0001	0.0001	0.0000	0.0003	0.0003	0.0000	0.0000	0.0000	0.0000	0.0000	0.0000	0.0000	0.0000	0.0000	0.0000	0.0114	0.0072	0.0042	0.0037	0.0034	0.0003	0.0077	0.0038	0.0039	0.0000	0.0000	0.0000	0.0000	0.0000	0.0000	0.0000	0.0000	0.0000	0.0292	0.0464	0.0000	0.0213	0.0229	0.0000	0.0330	0.0677	0.0000				
59	116	0.1294	11	0	1	2	1	0	0	0	0	N	N	Y	N	N	N	N	N	N	N	N	N	0.0000	0.0000	0.0000	0.0000	0.0000	0.0000	0.0000	0.0000	0.0000	0.0000	0.0000	0.0000	0.0000	0.0000	0.0000	0.0007	0.0011	0.0000	0.0024	0.0027	0.0000	0.0000	0.0000	0.0000	0.0000	0.0000	-0.0000	0.9979	0.9725	4.0614	0.9874	0.0000	0.0000	0.0000	0.0000	0.0000	0.0000	0.0000	0.0000	0.0000	0.0000	0.0000	0.0000	0.0000	0.0000	0.0000	0.0000	0.0000	0.0000	0.0073	0.0064	0.0009	0.0015	0.0015	0.0001	0.0058	0.0050	0.0008	0.0140	0.0090	0.0049	0.0040	0.0036	0.0004	0.0099	0.0054	0.0045	0.0000	0.0000	0.0000	0.0000	0.0000	0.0000	0.0000	0.0000	0.0000	0.0007	0.0011	0.0000	0.0024	0.0027	0.0000	0.0000	0.0000	0.0000				
59	117	0.1294	11	0	1	2	1	0	0	0	0	N	N	Y	N	N	N	N	N	N	N	N	N	0.0000	0.0000	0.0000	0.0000	0.0000	0.0000	0.0000	0.0000	0.0000	0.0000	0.0000	0.0000	0.0000	0.0000	0.0000	0.0000	0.0000	0.0004	0.0006	0.0000	0.0013	0.0014	0.0000	0.0000	0.0000	0.0000	0.0002	0.0000	-0.0000	0.9979	0.0285	4.0614	4.0215	0.0000	0.0000	0.0000	0.0000	0.0000	0.0000	0.0000	0.0000	0.0000	0.0000	0.0000	0.0000	0.0000	0.0000	0.0000	0.0000	0.0000	0.0000	0.0008	0.0007	0.0001	0.0003	0.0003	0.0000	0.0004	0.0004	0.0001	0.0277	0.0178	0.0099	0.0078	0.0069	0.0009	0.0199	0.0109	0.0091	0.0000	0.0000	0.0000	0.0000	0.0000	0.0000	0.0000	0.0000	0.0000	0.0004	0.0006	0.0000	0.0013	0.0014	0.0000	0.0000	0.0000	0.0000		
59	118	0.1219	10	0	1	2	1	0	0	0	0	N	N	Y	N	N	N	N	N	N	N	N	N	0.0000	0.0000	0.0000	0.0000	0.0000	0.0000	0.0000	0.0000	0.0000	0.0000	0.0000	0.0000	0.0000	0.0000	0.0000	0.0091	0.0146	0.0000	0.0085	0.0095	0.0000	0.0094	0.0179	0.0000	0.0000	0.0000	-0.0002	0.9979	3.0275	4.0614	2.1573	0.0000	0.0000	0.0000	0.0000	0.0000	0.0000	0.0000	0.0000	0.0000	0.0003	0.0003	0.0000	0.0001	0.0001	0.0000	0.0003	0.0003	0.0000	0.0203	0.0178	0.0026	0.0033	0.0031	0.0002	0.0170	0.0147	0.0024	0.0375	0.0235	0.0140	0.0104	0.0093	0.0010	0.0271	0.0142	0.0129	0.0000	0.0000	0.0000	0.0000	0.0000	0.0000	0.0000	0.0000	0.0000	0.0091	0.0146	0.0000	0.0085	0.0095	0.0000	0.0094	0.0179	0.0000				
59	119	0.1631	10	1	2	1	0	0	0	0	0	N	Y	N	N	N	N	N	N	N	N	N	N	0.0002	0.0002	0.0000	0.0000	0.0000	0.0000	0.0062	0.1969	0.0000	0.0000	0.0000	0.0000	0.0000	0.0000	0.0000	0.0000	0.0000	0.0000	0.0013	0.0019	0.0001	0.0044	0.0046	0.0002	0.0001	0.0000	0.0001	0.0000	0.0353	-0.0000	-0.0000	0.9979	2.1883	4.0614	3.1271	0.0000	0.0000	0.0000	0.0000	0.0000	0.0000	0.0000	0.0000	0.0000	0.0001	0.0000	0.0000	0.0000	0.0000	0.0000	0.0000	0.0000	0.0000	0.0184	0.0164	0.0020	0.0044	0.0043	0.0002	0.0140	0.0121	0.0018	0.0400	0.0258	0.0143	0.0112	0.0106	0.0006	0.0288	0.0151	0.0137	0.0002	0.0002	0.0000	0.0000	0.0000	0.0000	0.0062	0.1969	0.0000	0.0013	0.0019	0.0001	0.0044	0.0046	0.0002	0.0001	0.0000	0.0001
59	120	0.0962	9	1	2	1	0	0	0	0	0	N	Y	N	N	N	N	N	N	N	N	N	N	0.2763	0.1955	0.0000	0.0000	0.0000	0.0000	2.9704	2.2745	0.0000	0.0008	0.0009	0.0000	0.0000	0.0000	0.0000	0.0010	0.0011	0.0000	0.0030	0.0048	0.0001	0.0141	0.0149	0.0000	0.0003	0.0005	0.0001	0.0000	0.0182	-0.0000	-0.0003	0.9979	13.6104	4.0614	16.0982	0.0001	0.0001	0.0000	0.0000	0.0000	0.0000	0.0001	0.0001	0.0000	0.0005	0.0005	0.0000	0.0005	0.0005	0.0000	0.0000	0.0000	0.0000	0.0974	0.0855	0.0119	0.0153	0.0146	0.0007	0.0821	0.0709	0.0112	0.1849	0.1128	0.0721	0.0354	0.0337	0.0017	0.1495	0.0791	0.0704	0.2763	0.1955	0.0000	0.0000	0.0000	0.0000	2.9704	2.2745	0.0000	0.0030	0.0048	0.0001	0.0141	0.0149	0.0000	0.0003	0.0005	0.0001
59	121	0.1007	9	0	2	1	0	0	0	0	0	N	Y	N	N	N	N	N	N	N	N	N	N	0.6625	0.0025	4.3955	0.5583	0.0026	3.6058	0.0000	0.0000	0.0000	0.0012	0.0000	0.0124	0.0029	0.0000	0.2335	0.0000	0.0000	0.0000	0.0018	0.0013	0.0028	0.0052	0.0028	0.0648	0.0001	0.0000	0.0001	400.3508	0.9506	0.0000	-0.0000	0.9979	0.3548	4.0614	4.6068	0.0000	0.0000	0.0000	0.0000	0.0000	0.0000	0.0000	0.0000	0.0000	0.0001	0.0001	0.0000	0.0001	0.0001	0.0000	0.0000	0.0000	0.0000	0.0085	0.0077	0.0008	0.0035	0.0034	0.0000	0.0050	0.0043	0.0008	0.0567	0.0394	0.0173	0.0191	0.0184	0.0007	0.0377	0.0211	0.0166	0.6625	0.0025	4.3955	0.5583	0.0026	3.6058	0.0000	0.0000	0.0000	0.0018	0.0013	0.0028	0.0052	0.0028	0.0648	0.0001	0.0000	0.0001
59	122	0.0858	8	0	2	1	0	0	0	0	0	N	Y	N	N	N	N	N	N	N	N	N	N	0.1612	0.1182	0.0122	0.1940	0.1922	0.0000	0.0016	0.0005	0.0137	0.0006	0.0007	0.0000	0.0025	0.0025	0.0000	0.0000	0.0000	0.0000	0.0037	0.0058	0.0006	0.0128	0.0133	0.0026	0.0012	0.0018	0.0006	0.0014	0.0691	-0.0000	-0.0001	0.9979	1.6911	4.0614	5.7022	0.0000	0.0000	0.0000	0.0000	0.0000	0.0000	0.0000	0.0000	0.0000	0.0002	0.0002	0.0000	0.0002	0.0002	0.0000	0.0001	0.0000	0.0000	0.0166	0.0146	0.0019	0.0040	0.0039	0.0001	0.0126	0.0107	0.0018	0.0546	0.0332	0.0215	0.0119	0.0114	0.0005	0.0428	0.0218	0.0210	0.1612	0.1182	0.0122	0.1940	0.1922	0.0000	0.0016	0.0005	0.0137	0.0037	0.0058	0.0006	0.0128	0.0133	0.0026	0.0012	0.0018	0.0006
59	124	0.1369	12	1	2	1	0	0	0	0	0	N	Y	N	N	N	N	N	N	N	N	N	N	0.0000	0.0000	0.0000	0.0000	0.0000	0.0000	0.0000	0.0000	0.0000	0.0000	0.0000	0.0000	0.0000	0.0000	0.0000	0.0000	0.0000	0.0000	0.0000	0.0000	0.9979	0.0000	4.0614	0.0000	0.0000	0.0000	0.0000	0.0000	0.0000	0.0000	0.0000	0.0000	0.0000	0.0000	0.0000	0.0000	0.0000	0.0000	0.0000	0.0000	0.0000	0.0000	0.0000	0.0000	0.0000	0.0000	0.0000	0.0000	0.0000	0.0000	0.0000	0.0000	0.0000	0.0000	0.0000	0.0000	0.0000	0.0000	0.0000	0.0000	0.0000	0.0000	0.0000	0.0000	0.0000	0.0000	0.0000	0.0000	0.0000	0.0000	0.0000	0.0000	0.0000	0.0000	0.0000	0.0000	0.0000	0.0000											
59	125	0.1323	11	1	2	1	0	0	0	0	0	N	Y	N	N	N	N	N	N	N	N	N	N	0.0000	0.0000	0.0000	0.0000	0.0000	0.0000	0.0000	0.0000	0.0000	0.0000	0.0000	0.0000	0.0000	0.0000	0.0000	0.0000	0.0000	0.0032	0.0050	0.0000	0.0105	0.0117	0.0000	0.0000	0.0000	0.0000	0.0000	0.0000	-0.0000	0.9979	0.1434	4.0614	1.9839	0.0000	0.0000	0.0000	0.0000	0.0000	0.0000	0.0000	0.0000	0.0000	0.0000	0.0000	0.0000	0.0000	0.0000	0.0000	0.0000	0.0000	0.0000	0.0022	0.0020	0.0002	0.0009	0.0009	0.0000	0.0013	0.0011	0.0002	0.0153	0.0098	0.0054	0.0046	0.0042	0.0004	0.0107	0.0057	0.0050	0.0000	0.0000	0.0000	0.0000	0.0000	0.0000	0.0000	0.0000	0.0000	0.0032	0.0050	0.0000	0.0105	0.0117	0.0000	0.0000	0.0000	0.0000		
59	126	0.1219	10	0	2	1	0	0	0	0	0	N	Y	N	N	N	N	N	N	N	N	N	N	0.0000	0.0000	0.0000	0.0000	0.0000	0.0000	0.0000	0.0000	0.0000	0.0000	0.0000	0.0000	0.0000	0.0000	0.0000	0.0000	0.0000	0.0000	0.0106	0.0165	0.0008	0.0121	0.0124	0.0100	0.0101	0.0193	0.0000	0.0270	0.0000	-0.0002	0.9979	1.8882	4.0614	2.9115	0.0000	0.0000	0.0000	0.0000	0.0000	0.0000	0.0000	0.0000	0.0000	0.0004	0.0004	0.0000	0.0001	0.0001	0.0000	0.0003	0.0003	0.0000	0.0127	0.0111	0.0016	0.0021	0.0019	0.0001	0.0107	0.0092	0.0015	0.0350	0.0219	0.0130	0.0097	0.0087	0.0010	0.0252	0.0132	0.0121	0.0000	0.0000	0.0000	0.0000	0.0000	0.0000	0.0000	0.0000	0.0000	0.0106	0.0165	0.0008	0.0121	0.0124	0.0100	0.0101	0.0193	0.0000	
59	127	0.0962	9	0	1	1	0	0	0	0	0	N	N	N	N	N	N	N	N	N	N	N	N	0.0000	0.0000	0.0000	0.0000	0.0000	0.0000	0.0000	0.0000	0.0000	0.0000	0.0000	0.0000	0.0000	0.0000	0.0000	0.0000	0.0000	0.0000	11.2525	18.3045	0.2757	0.0708	0.0733	0.0131	14.1483	27.0223	0.2817	0.0097	0.0000	-0.5265	0.9979	3.5543	4.0614	9.0319	0.0000	0.0000	0.0000	0.0000	0.0000	0.0000	0.0000	0.0000	0.0000	0.9871	0.9776	0.0095	0.0013	0.0013	0.0000	0.9858	0.9764	0.0094	0.0340	0.0303	0.0037	0.0079	0.0077	0.0002	0.0261	0.0226	0.0035	0.0877	0.0534	0.0343	0.0180	0.0173	0.0008	0.0697	0.0361	0.0335	0.0000	0.0000	0.0000	0.0000	0.0000	0.0000	0.0000	0.0000	0.0000	11.2525	18.3045	0.2757	0.0708	0.0733	0.0131	14.1483	27.0223	0.2817	
60	61	0.0776	9	1	1	1	0	0	0	0	0	N	N	N	N	N	N	N	N	N	N	N	N	0.2048	0.1432	0.0010	0.2149	0.2131	0.0000	0.0005	0.0000	0.0015	0.0063	0.0072	0.0000	0.0361	0.0376	0.0000	0.0000	0.0000	0.0000	0.0308	0.0503	0.0015	0.1682	0.1764	0.0208	0.0005	0.0000	0.0010	0.0000	0.0196	-0.0001	-0.0008	2.2356	2.0703	2.2044	7.0012	0.0002	0.0002	0.0000	0.0002	0.0002	0.0000	0.0000	0.0000	0.0000	0.0016	0.0015	0.0000	0.0015	0.0015	0.0000	0.0000	0.0000	0.0000	0.0346	0.0303	0.0043	0.0060	0.0058	0.0002	0.0286	0.0245	0.0041	0.0510	0.0306	0.0204	0.0092	0.0087	0.0005	0.0418	0.0219	0.0199	0.2048	0.1432	0.0010	0.2149	0.2131	0.0000	0.0005	0.0000	0.0015	0.0308	0.0503	0.0015	0.1682	0.1764	0.0208	0.0005	0.0000	0.0010
60	62	0.0760	8	0	1	0	0	0	0	0	0	N	N	N	N	N	N	N	N	N	N	N	N	65.6540	52.6929	82.6508	375.8641	377.4684	0.0352	6.7511	0.0000	86.2555	0.1659	0.1734	0.1140	0.9371	0.9783	0.0000	0.0171	0.0000	0.1205	0.0025	0.0033	0.0014	0.0025	0.0026	0.0006	0.0025	0.0036	0.0014	0.0946	0.2790	-0.0007	-0.0000	2.2356	0.9285	2.2044	0.0280	0.0025	0.0023	0.0002	0.0023	0.0023	0.0000	0.0002	0.0000	0.0002	0.0000	0.0000	0.0000	0.0000	0.0000	0.0000	0.0000	0.0000	0.0000	0.0152	0.0133	0.0019	0.0025	0.0024	0.0001	0.0127	0.0109	0.0018	0.0057	0.0034	0.0023	0.0011	0.0010	0.0001	0.0046	0.0024	0.0022	65.6540	52.6929	82.6508	375.8641	377.4684	0.0352	6.7511	0.0000	86.2555	0.0025	0.0033	0.0014	0.0025	0.0026	0.0006	0.0025	0.0036	0.0014
60	63	0.1212	11	1	2	0	0	0	0	0	0	N	Y	N	N	N	N	N	N	N	N	N	N	0.0000	0.0000	0.0000	0.0000	0.0000	0.0000	0.0000	0.0000	0.0000	0.0000	0.0000	0.0000	0.0000	0.0000	0.0000	0.0000	0.0000	0.0000	0.9621	1.5135	0.0136	0.1704	0.1772	0.0054	1.1533	2.0737	0.0137	0.0000	0.0052	-0.0000	-0.0132	2.2356	1.0023	2.2044	3.0135	0.0000	0.0000	0.0000	0.0000	0.0000	0.0000	0.0000	0.0000	0.0000	0.0245	0.0244	0.0001	0.0008	0.0008	0.0000	0.0237	0.0235	0.0001	0.0164	0.0144	0.0021	0.0028	0.0027	0.0001	0.0136	0.0117	0.0019	0.0255	0.0161	0.0094	0.0050	0.0048	0.0002	0.0205	0.0114	0.0092	0.0000	0.0000	0.0000	0.0000	0.0000	0.0000	0.0000	0.0000	0.0000	0.9621	1.5135	0.0136	0.1704	0.1772	0.0054	1.1533	2.0737	0.0137
60	64	0.0948	10	1	2	0	0	0	0	0	0	N	Y	N	N	N	N	N	N	N	N	N	N	0.0156	0.0118	0.0000	0.1652	0.1638	0.0000	0.0000	0.0000	0.0000	0.0002	0.0002	0.0000	0.0008	0.0009	0.0000	0.0000	0.0000	0.0000	0.0113	0.0169	0.0023	0.0051	0.0053	0.0008	0.0126	0.0214	0.0024	0.0000	0.0871	-0.0000	-0.0004	2.2356	3.0820	2.2044	9.3392	0.0000	0.0000	0.0000	0.0000	0.0000	0.0000	0.0000	0.0000	0.0000	0.0008	0.0008	0.0001	0.0001	0.0001	0.0000	0.0008	0.0007	0.0001	0.0600	0.0528	0.0071	0.0125	0.0122	0.0004	0.0474	0.0407	0.0067	0.0728	0.0447	0.0281	0.0130	0.0124	0.0006	0.0598	0.0323	0.0275	0.0156	0.0118	0.0000	0.1652	0.1638	0.0000	0.0000	0.0000	0.0000	0.0113	0.0169	0.0023	0.0051	0.0053	0.0008	0.0126	0.0214	0.0024
60	68	0.2064	19	0	1	1	0	0	0	0	0	N	N	N	N	N	N	N	N	N	N	N	N	0.0000	0.0000	0.0000	0.0000	0.0000	0.0000	0.0000	0.0000	0.0000	0.0000	0.0000	0.0000	0.0000	0.0000	0.0000	0.0000	0.0000	0.0000	0.0141	0.0211	0.0013	0.0457	0.0506	0.0000	0.0007	0.0000	0.0015	0.0344	0.0000	-0.0002	2.2356	0.0000	2.2044	4.0001	0.0000	0.0000	0.0000	0.0000	0.0000	0.0000	0.0000	0.0000	0.0000	0.0003	0.0003	0.0000	0.0003	0.0003	0.0000	0.0000	0.0000	0.0000	0.0000	0.0000	0.0000	0.0000	0.0000	0.0000	0.0000	0.0000	0.0000	0.0213	0.0138	0.0075	0.0064	0.0057	0.0006	0.0149	0.0081	0.0068	0.0000	0.0000	0.0000	0.0000	0.0000	0.0000	0.0000	0.0000	0.0000	0.0141	0.0211	0.0013	0.0457	0.0506	0.0000	0.0007	0.0000	0.0015	
60	69	0.1841	18	0	1	0	0	0	0	0	0	N	N	N	N	N	N	N	N	N	N	N	N	0.0036	0.0000	1.0942	0.0000	0.0000	0.0000	0.0038	0.0000	1.2212	0.0012	0.0000	0.0100	0.0000	0.0000	0.0000	0.0016	0.0000	0.0112	0.3176	0.4906	0.0091	0.0701	0.0738	0.0090	0.4281	0.8791	0.0091	1662.6728	0.0104	0.0000	-0.0129	2.2356	2.8240	2.2044	8.9883	0.0001	0.0000	0.0001	0.0000	0.0000	0.0000	0.0001	0.0000	0.0001	0.0242	0.0240	0.0002	0.0016	0.0016	0.0000	0.0226	0.0223	0.0002	0.0593	0.0525	0.0069	0.0174	0.0167	0.0007	0.0419	0.0357	0.0062	0.0762	0.0489	0.0274	0.0235	0.0222	0.0013	0.0527	0.0267	0.0260	0.0036	0.0000	1.0942	0.0000	0.0000	0.0000	0.0038	0.0000	1.2212	0.3176	0.4906	0.0091	0.0701	0.0738	0.0090	0.4281	0.8370	0.0091
60	70	0.1752	17	0	1	0	0	0	0	0	0	N	N	N	N	N	N	N	N	N	N	N	N	1.3695	0.0242	57.4433	0.0660	0.0673	0.0019	6.2026	0.0000	72.6018	0.1332	0.0033	1.0093	0.0149	0.0155	0.0002	0.1615	0.0000	1.0776	0.0973	0.1359	0.0176	0.2251	0.2305	0.0829	0.0260	0.0367	0.0148	45.4826	0.0626	0.0019	-0.0021	2.2356	1.4521	2.2044	3.5882	0.0032	0.0001	0.0031	0.0001	0.0001	0.0000	0.0031	0.0000	0.0031	0.0043	0.0040	0.0003	0.0036	0.0035	0.0000	0.0007	0.0005	0.0002	0.0240	0.0209	0.0031	0.0046	0.0044	0.0002	0.0194	0.0165	0.0029	0.0441	0.0297	0.0144	0.0158	0.0152	0.0006	0.0283	0.0145	0.0138	1.3695	0.0242	57.4433	0.0660	0.0673	0.0019	6.2026	0.0000	72.6018	0.0973	0.1359	0.0176	0.2251	0.2305	0.0829	0.0260	0.0367	0.0148
60	71	0.1724	16	0	1	0	0	0	0	0	0	N	N	N	N	N	N	N	N	N	N	N	N	413.6203	0.0283	24576.7965	0.1503	0.1115	2.6035	703.5324	0.0000	31717.4728	42.2881	0.0040	323.5311	0.0209	0.0157	0.1909	54.8229	0.0000	341.1360	0.1022	0.1417	0.0132	0.1388	0.1407	0.0733	0.0779	0.1429	0.0108	12142.7566	0.0411	0.5994	-0.0013	2.2356	1.1783	2.2044	0.9542	0.9685	0.0001	0.9684	0.0001	0.0001	0.0000	0.9684	0.0000	0.9684	0.0026	0.0025	0.0001	0.0014	0.0014	0.0000	0.0012	0.0011	0.0001	0.0229	0.0199	0.0030	0.0052	0.0051	0.0002	0.0177	0.0148	0.0028	0.0253	0.0175	0.0078	0.0101	0.0098	0.0003	0.0152	0.0077	0.0075	413.6203	0.0283	24576.7965	0.1503	0.1115	2.6035	703.5324	0.0000	31717.4728	0.1022	0.1417	0.0132	0.1388	0.1407	0.0733	0.0779	0.1429	0.0108
60	72	0.1679	15	0	1	0	0	0	0	0	0	N	N	N	N	N	N	N	N	N	N	N	N	11.1413	0.0215	507.1456	0.0559	0.0565	0.0245	19.2535	0.0122	609.3005	0.6044	0.0016	4.7038	0.0046	0.0047	0.0007	0.7441	0.0008	5.0283	0.0543	0.0763	0.0093	0.0817	0.0840	0.0299	0.0386	0.0680	0.0083	422.0147	0.0595	0.0129	-0.0008	2.2356	2.0762	2.2044	1.4610	0.0210	0.0000	0.0209	0.0000	0.0000	0.0000	0.0209	0.0000	0.0209	0.0017	0.0016	0.0001	0.0009	0.0009	0.0000	0.0008	0.0007	0.0001	0.0347	0.0302	0.0044	0.0066	0.0063	0.0003	0.0281	0.0240	0.0042	0.0308	0.0207	0.0101	0.0112	0.0107	0.0005	0.0196	0.0100	0.0097	11.1413	0.0215	507.1456	0.0559	0.0565	0.0245	19.2535	0.0122	609.3005	0.0543	0.0763	0.0093	0.0817	0.0840	0.0299	0.0386	0.0680	0.0083
60	73	0.1036	11	0	1	0	0	0	0	0	0	N	N	N	N	N	N	N	N	N	N	N	N	0.0000	0.0000	0.0000	0.0000	0.0000	0.0000	0.0000	0.0000	0.0000	0.0000	0.0000	0.0000	0.0000	0.0000	0.0000	0.0000	0.0000	0.0000	0.1944	0.0214	0.4643	0.0316	0.0328	0.0111	0.2321	0.0168	0.4767	13.8784	0.0000	0.0091	2.2356	4.0673	2.2044	17.8409	0.0000	0.0000	0.0000	0.0000	0.0000	0.0000	0.0000	0.0000	0.0000	0.0233	0.0016	0.0218	0.0007	0.0007	0.0000	0.0226	0.0009	0.0217	0.0747	0.0657	0.0090	0.0144	0.0139	0.0005	0.0603	0.0518	0.0085	0.1200	0.0732	0.0469	0.0226	0.0213	0.0012	0.0975	0.0518	0.0456	0.0000	0.0000	0.0000	0.0000	0.0000	0.0000	0.0000	0.0000	0.0000	0.1944	0.0214	0.4643	0.0316	0.0328	0.0111	0.2321	0.0168	0.4767	
60	75	0.2403	15	0	1	0	0	0	0	0	0	N	N	N	N	N	N	N	N	N	N	N	N	0.7298	0.5818	0.8994	1.8044	1.6553	5.7320	0.0005	0.0001	0.2006	0.0854	0.0951	0.0013	0.2649	0.2732	0.0107	0.0000	0.0000	0.0003	0.1170	0.1636	0.0014	0.1468	0.1651	0.0019	0.0881	0.1612	0.0013	0.0016	0.0035	-0.0032	-0.0273	2.2356	3.5843	2.2044	46.7516	0.0084	0.0084	0.0000	0.0084	0.0084	0.0000	0.0000	0.0000	0.0000	0.0506	0.0504	0.0002	0.0312	0.0312	0.0000	0.0194	0.0192	0.0001	0.0982	0.0880	0.0102	0.0316	0.0306	0.0010	0.0666	0.0573	0.0092	0.4326	0.3083	0.1243	0.2127	0.1889	0.0238	0.2199	0.1194	0.1005	0.7298	0.5818	0.8994	1.8044	1.6553	5.7320	0.0005	0.0001	0.2006	0.1170	0.1636	0.0014	0.1468	0.1651	0.0019	0.0881	0.1612	0.0013
60	76	0.1049	11	1	2	1	0	0	0	0	0	N	Y	N	N	N	N	N	N	N	N	N	N	0.0000	0.0000	0.0000	0.0000	0.0000	0.0000	0.0000	0.0000	0.0000	0.0000	0.0000	0.0000	0.0000	0.0000	0.0000	0.0000	0.0000	0.0000	0.0170	0.0148	0.0199	0.0480	0.0516	0.0000	0.0103	0.0000	0.0204	1.0041	0.0000	-0.0000	2.2356	1.0003	2.2044	1.0071	0.0000	0.0000	0.0000	0.0000	0.0000	0.0000	0.0000	0.0000	0.0000	0.0002	0.0001	0.0001	0.0001	0.0001	0.0000	0.0001	0.0000	0.0001	0.0159	0.0139	0.0020	0.0026	0.0025	0.0001	0.0133	0.0114	0.0019	0.0109	0.0062	0.0047	0.0019	0.0018	0.0001	0.0090	0.0044	0.0045	0.0000	0.0000	0.0000	0.0000	0.0000	0.0000	0.0000	0.0000	0.0000	0.0170	0.0148	0.0199	0.0480	0.0516	0.0000	0.0103	0.0000	0.0204	
60	77	0.0981	10	1	1	1	0	0	0	0	0	N	N	N	N	N	N	N	N	N	N	N	N	0.0008	0.0000	0.0051	0.0020	0.0000	14.1015	0.0006	0.0000	0.0027	0.0012	0.0000	0.0100	0.0037	0.0000	0.0906	0.0007	0.0000	0.0053	1.5362	1.2526	1.9836	1.8293	1.8407	0.0064	1.3250	0.0022	1.9969	inf	1.0041	0.0000	-0.0047	2.2356	0.9901	2.2044	2.2068	0.0000	0.0000	0.0000	0.0000	0.0000	0.0000	0.0000	0.0000	0.0000	0.1112	0.0555	0.0557	0.0555	0.0555	0.0000	0.0558	0.0000	0.0557	0.0160	0.0140	0.0020	0.0027	0.0026	0.0001	0.0133	0.0115	0.0019	0.0724	0.0443	0.0281	0.0303	0.0301	0.0002	0.0421	0.0142	0.0279	0.0008	0.0000	0.0051	0.0020	0.0000	14.1015	0.0006	0.0000	0.0027	1.5362	1.2526	1.9836	1.8293	1.8407	0.0064	1.3250	0.0022	1.9969
60	78	0.1212	12	0	2	0	0	0	0	0	0	N	Y	N	N	N	N	N	N	N	N	N	N	1.3529	0.0138	36.4024	0.7537	0.7900	0.0021	1.2772	0.0000	38.1462	0.0479	0.0007	0.3954	0.0032	0.0033	0.0000	0.0582	0.0000	0.4242	0.0354	0.0492	0.0109	0.0042	0.0042	0.0044	0.0456	0.0746	0.0111	79.3502	0.1235	0.0045	-0.0022	2.2356	8.4371	2.2044	15.3349	0.0074	0.0001	0.0073	0.0001	0.0001	0.0000	0.0073	0.0000	0.0073	0.0052	0.0046	0.0006	0.0002	0.0001	0.0000	0.0050	0.0045	0.0006	0.1538	0.1354	0.0184	0.0288	0.0276	0.0013	0.1250	0.1079	0.0172	0.1457	0.0934	0.0522	0.0358	0.0338	0.0020	0.1099	0.0596	0.0502	1.3529	0.0138	36.4024	0.7537	0.7900	0.0021	1.2772	0.0000	38.1462	0.0354	0.0492	0.0109	0.0042	0.0042	0.0044	0.0456	0.0746	0.0111
60	79	0.0981	10	1	1	1	0	0	0	0	0	N	N	N	N	N	N	N	N	N	N	N	N	17.9313	23.9010	0.0000	78.9228	81.2232	0.0000	0.0007	0.0039	0.0000	20.8307	23.7709	0.0000	127.6729	133.3364	0.0000	0.0006	0.0007	0.0000	1.1617	0.9946	1.4196	1.6177	1.6416	0.0024	0.9235	0.1801	1.4379	0.0000	0.9249	-0.3782	-0.0073	2.2356	3.0096	2.2044	5.7427	0.9924	0.9924	0.0000	0.9924	0.9924	0.0000	0.0000	0.0000	0.0000	0.1165	0.0605	0.0560	0.0557	0.0557	0.0000	0.0608	0.0048	0.0560	0.0476	0.0418	0.0059	0.0078	0.0074	0.0003	0.0399	0.0343	0.0056	0.1002	0.0608	0.0394	0.0344	0.0339	0.0005	0.0658	0.0269	0.0389	17.9313	23.9010	0.0000	78.9228	81.2232	0.0000	0.0007	0.0039	0.0000	1.1617	0.9946	1.4196	1.6177	1.6416	0.0024	0.9235	0.1801	1.4379
60	80	0.0825	9	1	1	1	0	0	0	0	0	N	N	N	N	N	N	N	N	N	N	N	N	1.7799	0.0030	11.1368	0.0067	0.0044	8.9040	3.5078	0.0379	11.5108	0.9223	0.0013	7.4011	0.0088	0.0060	0.0885	1.1318	0.0000	7.7904	0.5182	0.4248	0.6646	1.3128	1.3617	0.0099	0.3226	0.0003	0.6768	838.0442	0.9981	0.0103	-0.0010	2.2356	1.0477	2.2044	6.1154	0.0167	0.0000	0.0167	0.0000	0.0000	0.0000	0.0167	0.0000	0.0167	0.0235	0.0118	0.0117	0.0118	0.0118	0.0000	0.0117	0.0000	0.0117	0.0181	0.0159	0.0023	0.0034	0.0033	0.0001	0.0147	0.0126	0.0021	0.0454	0.0277	0.0177	0.0090	0.0086	0.0003	0.0364	0.0191	0.0173	1.7799	0.0030	11.1368	0.0067	0.0044	8.9040	3.5078	0.0379	11.5108	0.5182	0.4248	0.6646	1.3128	1.3617	0.0099	0.3226	0.0003	0.6768
60	81	0.0760	8	0	1	0	0	0	0	0	0	N	N	N	N	N	N	N	N	N	N	N	N	2238.0102	0.1644	17783.2717	0.4623	0.3865	146.0162	3370.2201	0.0550	18378.9796	30.5486	0.0022	243.1102	0.0124	0.0109	0.0446	36.2792	0.0004	257.1780	0.0136	0.0136	0.0137	0.0268	0.0282	0.0003	0.0108	0.0078	0.0140	15580.7064	0.6718	0.6025	-0.0000	2.2356	1.9794	2.2044	1.0196	0.9735	0.0001	0.9735	0.0001	0.0001	0.0000	0.9735	0.0000	0.9734	0.0002	0.0001	0.0001	0.0001	0.0001	0.0000	0.0002	0.0001	0.0001	0.0319	0.0279	0.0040	0.0050	0.0048	0.0002	0.0268	0.0230	0.0038	0.0173	0.0104	0.0070	0.0031	0.0030	0.0002	0.0142	0.0074	0.0068	2238.0102	0.1644	17783.2717	0.4623	0.3865	146.0162	3370.2201	0.0550	18378.9796	0.0136	0.0136	0.0137	0.0268	0.0282	0.0003	0.0108	0.0078	0.0140
60	82	0.0739	7	0	1	0	0	0	0	0	0	N	N	N	N	N	N	N	N	N	N	N	N	2111.6199	785.1290	42374.8212	4148.1015	4188.6432	3.4818	1551.2050	52.0464	46166.4414	0.2802	0.1603	1.0993	0.9463	0.9904	0.0002	0.1717	0.0099	1.1557	0.0001	0.0002	0.0000	0.0002	0.0002	0.0001	0.0001	0.0002	0.0000	1.0040	0.0851	0.0005	-0.0000	2.2356	1.0114	2.2044	0.0202	0.0046	0.0023	0.0023	0.0022	0.0022	0.0000	0.0024	0.0001	0.0023	0.0000	0.0000	0.0000	0.0000	0.0000	0.0000	0.0000	0.0000	0.0000	0.0164	0.0143	0.0021	0.0023	0.0022	0.0001	0.0141	0.0121	0.0020	0.0062	0.0037	0.0025	0.0012	0.0011	0.0001	0.0051	0.0026	0.0024	2111.6199	785.1290	42374.8212	4148.1015	4188.6432	3.4818	1551.2050	52.0464	46166.4414	0.0001	0.0002	0.0000	0.0002	0.0002	0.0001	0.0001	0.0002	0.0000
60	83	0.0533	6	0	1	0	0	0	0	0	0	N	N	N	N	N	N	N	N	N	N	N	N	46108.1425	32408.7075	8960.9598	1.6558	1.6452	0.4171	565202.0592	565452.6525	10655.4006	10.0975	11.5065	0.1768	0.0018	0.0019	0.0001	11.6549	13.4964	0.1835	0.0002	0.0004	0.0000	0.0011	0.0011	0.0001	0.0000	0.0000	0.0000	0.0022	0.0379	-0.3781	-0.0000	2.2356	5.9223	2.2044	3.6882	0.9980	0.9959	0.0022	0.0000	0.0000	0.0000	0.9980	0.9958	0.0022	0.0000	0.0000	0.0000	0.0000	0.0000	0.0000	0.0000	0.0000	0.0000	0.0988	0.0865	0.0123	0.0132	0.0128	0.0004	0.0856	0.0738	0.0118	0.0598	0.0355	0.0243	0.0111	0.0106	0.0005	0.0486	0.0249	0.0238	46108.1425	32408.7075	8960.9598	1.6558	1.6452	0.4171	565202.0592	565452.6525	10655.4006	0.0002	0.0004	0.0000	0.0011	0.0011	0.0001	0.0000	0.0000	0.0000
60	84	0.1410	14	0	2	0	0	0	0	0	0	N	Y	N	N	N	N	N	N	N	N	N	N	0.0003	0.0029	0.0000	0.0084	0.0086	0.0000	0.0000	0.0000	0.0000	0.0000	0.0000	0.0000	0.0000	0.0000	0.0000	0.0000	0.0000	0.0000	0.0152	0.0018	0.0394	0.0036	0.0037	0.0022	0.0196	0.0006	0.0416	0.0000	11.9051	-0.0000	0.0012	2.2356	7.1084	2.2044	28.8937	0.0000	0.0000	0.0000	0.0000	0.0000	0.0000	0.0000	0.0000	0.0000	0.0032	0.0002	0.0029	0.0002	0.0002	0.0000	0.0030	0.0000	0.0029	0.1161	0.1015	0.0146	0.0175	0.0166	0.0009	0.0987	0.0850	0.0137	0.2082	0.1340	0.0742	0.0567	0.0525	0.0041	0.1515	0.0815	0.0700	0.0003	0.0029	0.0000	0.0084	0.0086	0.0000	0.0000	0.0000	0.0000	0.0152	0.0018	0.0394	0.0036	0.0037	0.0022	0.0196	0.0006	0.0416
60	85	0.1336	13	0	2	0	0	0	0	0	0	N	Y	N	N	N	N	N	N	N	N	N	N	0.0647	0.0825	0.0093	0.1347	0.1396	0.0489	0.0001	0.0001	0.0000	0.0001	0.0001	0.0000	0.0003	0.0003	0.0001	0.0000	0.0000	0.0000	0.0014	0.0012	0.0018	0.0019	0.0019	0.0020	0.0011	0.0005	0.0018	0.0207	0.6735	-0.0000	-0.0000	2.2356	2.2208	2.2044	3.9129	0.0000	0.0000	0.0000	0.0000	0.0000	0.0000	0.0000	0.0000	0.0000	0.0001	0.0001	0.0000	0.0000	0.0000	0.0000	0.0000	0.0000	0.0000	0.0594	0.0530	0.0064	0.0204	0.0193	0.0011	0.0390	0.0337	0.0053	0.0624	0.0433	0.0191	0.0216	0.0209	0.0008	0.0407	0.0224	0.0183	0.0647	0.0825	0.0093	0.1347	0.1396	0.0489	0.0001	0.0001	0.0000	0.0014	0.0012	0.0018	0.0019	0.0019	0.0020	0.0011	0.0005	0.0018
60	86	0.2090	15	0	1	1	0	0	0	0	0	N	N	N	N	N	N	N	N	N	N	N	N	0.1800	0.5286	0.0294	1.0968	1.0758	1.5061	0.0001	0.0000	0.0003	0.0003	0.0003	0.0001	0.0016	0.0016	0.0014	0.0000	0.0000	0.0000	0.0015	0.0006	0.0032	0.0014	0.0015	0.0009	0.0016	0.0000	0.0033	0.0422	3.2524	-0.0000	0.0000	2.2356	5.3425	2.2044	7.0749	0.0000	0.0000	0.0000	0.0000	0.0000	0.0000	0.0000	0.0000	0.0000	0.0001	0.0000	0.0001	0.0000	0.0000	0.0000	0.0001	0.0000	0.0001	0.0950	0.0837	0.0113	0.0168	0.0160	0.0008	0.0782	0.0677	0.0105	0.0780	0.0495	0.0285	0.0206	0.0193	0.0014	0.0573	0.0302	0.0272	0.1800	0.5286	0.0294	1.0968	1.0758	1.5061	0.0001	0.0000	0.0003	0.0015	0.0006	0.0032	0.0014	0.0015	0.0009	0.0016	0.0000	0.0033
60	87	0.1659	14	0	1	0	0	0	0	0	0	N	N	N	N	N	N	N	N	N	N	N	N	0.0312	0.2175	0.0362	0.4279	0.2821	1.7765	0.0062	1.3679	0.0002	0.0016	0.0011	0.0052	0.0054	0.0030	0.0676	0.0004	0.0005	0.0000	0.0508	0.0052	0.1439	0.0126	0.0106	0.0381	0.0705	0.0004	0.1525	0.5837	13.6292	-0.0000	0.0033	2.2356	7.0719	2.2044	13.7350	0.0002	0.0001	0.0001	0.0002	0.0001	0.0001	0.0000	0.0000	0.0000	0.0085	0.0006	0.0079	0.0007	0.0006	0.0002	0.0078	0.0000	0.0077	0.1435	0.1274	0.0161	0.0331	0.0318	0.0012	0.1104	0.0956	0.0148	0.1668	0.1119	0.0549	0.0567	0.0525	0.0041	0.1101	0.0594	0.0507	0.0312	0.2175	0.0362	0.4279	0.2821	1.7765	0.0062	1.3679	0.0002	0.0508	0.0052	0.1439	0.0126	0.0106	0.0381	0.0705	0.0004	0.1525
60	88	0.0590	6	1	1	1	0	0	0	0	0	N	N	N	N	N	N	N	N	N	N	N	N	0.0000	0.0000	0.0000	0.0000	0.0000	0.0000	0.0000	0.0000	0.0000	0.0000	0.0000	0.0000	0.0000	0.0000	0.0000	0.0000	0.0000	0.0000	0.0000	0.0000	2.2356	0.0000	2.2044	0.0000	0.0000	0.0000	0.0000	0.0000	0.0000	0.0000	0.0000	0.0000	0.0000	0.0000	0.0000	0.0000	0.0000	0.0000	0.0000	0.0000	0.0000	0.0000	0.0000	0.0000	0.0000	0.0000	0.0000	0.0000	0.0000	0.0000	0.0000	0.0000	0.0000	0.0000	0.0000	0.0000	0.0000	0.0000	0.0000	0.0000	0.0000	0.0000	0.0000	0.0000	0.0000	0.0000	0.0000	0.0000	0.0000	0.0000	0.0000	0.0000	0.0000	0.0000	0.0000	0.0000	0.0000	0.0000											
60	89	0.0571	5	1	1	1	0	0	0	0	0	N	N	N	N	N	N	N	N	N	N	N	N	0.0000	0.0000	0.0000	0.0000	0.0000	0.0000	0.0000	0.0000	0.0000	0.0000	0.0000	0.0000	0.0000	0.0000	0.0000	0.0000	0.0000	0.0000	0.0492	0.0331	0.0800	0.0769	0.0733	0.2662	0.0372	0.0000	0.0769	1.2654	-0.0000	0.0000	2.2356	0.0001	2.2044	0.9161	0.0000	0.0000	0.0000	0.0000	0.0000	0.0000	0.0000	0.0000	0.0000	0.0005	0.0002	0.0003	0.0002	0.0002	0.0000	0.0003	0.0000	0.0003	0.0000	0.0000	0.0000	0.0000	0.0000	0.0000	0.0000	0.0000	0.0000	0.0097	0.0064	0.0033	0.0029	0.0029	0.0001	0.0068	0.0035	0.0033	0.0000	0.0000	0.0000	0.0000	0.0000	0.0000	0.0000	0.0000	0.0000	0.0492	0.0331	0.0800	0.0769	0.0733	0.2662	0.0372	0.0000	0.0769	
60	90	0.0323	4	1	1	1	0	0	0	0	0	N	N	N	N	N	N	N	N	N	N	N	N	0.0241	0.0213	0.0046	0.0856	0.0888	0.0000	0.0005	0.0000	0.0049	0.0002	0.0002	0.0000	0.0013	0.0013	0.0000	0.0000	0.0000	0.0000	0.0067	0.0086	0.0042	0.0149	0.0150	0.0118	0.0055	0.0068	0.0042	0.0155	0.3616	-0.0000	-0.0001	2.2356	3.7876	2.2044	7.8440	0.0000	0.0000	0.0000	0.0000	0.0000	0.0000	0.0000	0.0000	0.0000	0.0005	0.0004	0.0001	0.0001	0.0001	0.0000	0.0003	0.0002	0.0001	0.0640	0.0559	0.0081	0.0080	0.0077	0.0003	0.0560	0.0482	0.0078	0.0708	0.0408	0.0300	0.0093	0.0091	0.0002	0.0615	0.0317	0.0298	0.0241	0.0213	0.0046	0.0856	0.0888	0.0000	0.0005	0.0000	0.0049	0.0067	0.0086	0.0042	0.0149	0.0150	0.0118	0.0055	0.0068	0.0042
60	91	0.1141	12	0	2	0	1	0	0	0	0	N	Y	N	N	N	N	N	N	N	N	N	N	0.0009	0.0074	0.0000	0.0228	0.0239	0.0000	0.0000	0.0000	0.0000	0.0003	0.0003	0.0000	0.0011	0.0011	0.0000	0.0000	0.0000	0.0000	0.2878	0.0385	0.7044	0.0468	0.0456	0.0689	0.3602	0.0347	0.7256	0.0000	10.9489	-0.0000	0.0117	2.2356	1.8247	2.2044	16.3284	0.0000	0.0000	0.0000	0.0000	0.0000	0.0000	0.0000	0.0000	0.0000	0.0314	0.0026	0.0288	0.0012	0.0011	0.0001	0.0302	0.0015	0.0287	0.0394	0.0349	0.0045	0.0093	0.0091	0.0002	0.0301	0.0258	0.0043	0.1091	0.0683	0.0408	0.0252	0.0239	0.0013	0.0839	0.0444	0.0395	0.0009	0.0074	0.0000	0.0228	0.0239	0.0000	0.0000	0.0000	0.0000	0.2878	0.0385	0.7044	0.0468	0.0456	0.0689	0.3602	0.0347	0.7256
60	92	0.1036	11	0	2	0	0	0	0	0	0	N	Y	N	N	N	N	N	N	N	N	N	N	0.2811	0.0021	159.0631	0.0849	0.0847	0.0000	0.2831	0.0000	179.8230	0.0486	0.0006	0.3889	0.0031	0.0033	0.0000	0.0578	0.0000	0.4121	0.1730	0.2823	0.0024	0.0368	0.0385	0.0080	0.2042	0.3883	0.0023	91.7868	0.0056	0.0045	-0.0127	2.2356	9.1310	2.2044	16.1726	0.0074	0.0001	0.0073	0.0001	0.0001	0.0000	0.0073	0.0000	0.0073	0.0235	0.0234	0.0001	0.0009	0.0009	0.0000	0.0226	0.0225	0.0001	0.1515	0.1328	0.0187	0.0254	0.0244	0.0011	0.1261	0.1084	0.0177	0.1361	0.0830	0.0532	0.0254	0.0240	0.0014	0.1107	0.0590	0.0517	0.2811	0.0021	159.0631	0.0849	0.0847	0.0000	0.2831	0.0000	179.8230	0.1730	0.2823	0.0024	0.0368	0.0385	0.0080	0.2042	0.3814	0.0023
60	93	0.1886	17	0	2	0	0	0	0	0	0	N	Y	N	N	N	N	N	N	N	N	N	N	0.0000	0.0000	0.0000	0.0000	0.0000	0.0000	0.0000	0.0000	0.0000	0.0000	0.0000	0.0000	0.0000	0.0000	0.0000	0.0000	0.0000	0.0000	0.0248	0.0355	0.0041	0.0045	0.0049	0.0001	0.0364	0.0666	0.0045	0.0598	0.0000	-0.0011	2.2356	4.0959	2.2044	8.7137	0.0000	0.0000	0.0000	0.0000	0.0000	0.0000	0.0000	0.0000	0.0000	0.0022	0.0020	0.0001	0.0001	0.0001	0.0000	0.0020	0.0019	0.0001	0.0701	0.0611	0.0090	0.0122	0.0117	0.0005	0.0579	0.0494	0.0085	0.0875	0.0576	0.0299	0.0318	0.0291	0.0028	0.0557	0.0286	0.0271	0.0000	0.0000	0.0000	0.0000	0.0000	0.0000	0.0000	0.0000	0.0000	0.0248	0.0355	0.0041	0.0045	0.0049	0.0001	0.0364	0.0666	0.0045	
60	94	0.1703	16	0	2	0	0	0	0	0	0	N	Y	N	N	N	N	N	N	N	N	N	N	0.0000	0.0000	0.0000	0.0000	0.0000	0.0000	0.0000	0.0000	0.0000	0.0000	0.0000	0.0000	0.0000	0.0000	0.0000	0.0000	0.0000	0.0000	0.0265	0.0378	0.0055	0.0569	0.0605	0.0086	0.0115	0.0175	0.0053	0.0780	0.0000	-0.0007	2.2356	2.9443	2.2044	6.1524	0.0000	0.0000	0.0000	0.0000	0.0000	0.0000	0.0000	0.0000	0.0000	0.0015	0.0014	0.0001	0.0011	0.0010	0.0000	0.0004	0.0003	0.0001	0.0532	0.0463	0.0070	0.0115	0.0111	0.0004	0.0417	0.0352	0.0066	0.0558	0.0363	0.0195	0.0185	0.0172	0.0013	0.0374	0.0192	0.0182	0.0000	0.0000	0.0000	0.0000	0.0000	0.0000	0.0000	0.0000	0.0000	0.0265	0.0378	0.0055	0.0569	0.0605	0.0086	0.0115	0.0175	0.0053	
60	95	0.1679	15	0	1	0	0	0	0	0	0	N	N	N	N	N	N	N	N	N	N	N	N	0.0242	0.0207	0.0000	0.1562	0.1596	0.0000	0.0000	0.0000	0.0000	0.0013	0.0015	0.0000	0.0063	0.0065	0.0000	0.0000	0.0000	0.0000	0.0536	0.0720	0.0132	0.0401	0.0408	0.0187	0.0623	0.1100	0.0129	0.0000	0.0830	-0.0000	-0.0006	2.2356	0.8596	2.2044	1.2300	0.0000	0.0000	0.0000	0.0000	0.0000	0.0000	0.0000	0.0000	0.0000	0.0012	0.0011	0.0001	0.0004	0.0004	0.0000	0.0009	0.0008	0.0001	0.0153	0.0134	0.0020	0.0032	0.0030	0.0001	0.0121	0.0103	0.0018	0.0230	0.0158	0.0072	0.0090	0.0087	0.0003	0.0140	0.0071	0.0069	0.0242	0.0207	0.0000	0.1562	0.1596	0.0000	0.0000	0.0000	0.0000	0.0536	0.0720	0.0132	0.0401	0.0408	0.0187	0.0623	0.1100	0.0129
60	96	0.1560	14	0	1	0	0	0	0	0	0	N	N	N	N	N	N	N	N	N	N	N	N	0.0073	0.0000	0.2190	0.0010	0.0000	0.0577	0.0093	0.0000	0.2384	0.0002	0.0000	0.0021	0.0000	0.0000	0.0007	0.0003	0.0000	0.0023	0.0333	0.0466	0.0097	0.0309	0.0315	0.0128	0.0348	0.0666	0.0096	16095.5447	0.1179	0.0000	-0.0009	2.2356	3.7737	2.2044	2.5241	0.0000	0.0000	0.0000	0.0000	0.0000	0.0000	0.0000	0.0000	0.0000	0.0020	0.0018	0.0002	0.0007	0.0007	0.0000	0.0013	0.0011	0.0002	0.0850	0.0753	0.0097	0.0234	0.0224	0.0010	0.0616	0.0529	0.0087	0.0613	0.0392	0.0221	0.0232	0.0224	0.0008	0.0381	0.0168	0.0213	0.0073	0.0000	0.2190	0.0010	0.0000	0.0577	0.0093	0.0000	0.2384	0.0333	0.0466	0.0097	0.0309	0.0315	0.0128	0.0348	0.0666	0.0096
60	97	0.1351	13	0	1	0	0	0	0	0	0	N	N	N	N	N	N	N	N	N	N	N	N	0.0218	0.0044	0.5160	0.3444	0.0863	56.7480	0.0000	0.0000	0.0000	0.0011	0.0003	0.0066	0.0072	0.0019	0.1228	0.0000	0.0000	0.0000	0.0515	0.0733	0.0128	0.0210	0.0221	0.0022	0.0627	0.1071	0.0133	2.9651	0.0986	0.0000	-0.0017	2.2356	6.4922	2.2044	4.5502	0.0001	0.0000	0.0001	0.0001	0.0000	0.0001	0.0000	0.0000	0.0000	0.0038	0.0034	0.0003	0.0004	0.0004	0.0000	0.0034	0.0030	0.0003	0.1060	0.0926	0.0135	0.0165	0.0157	0.0007	0.0896	0.0768	0.0127	0.0733	0.0468	0.0264	0.0197	0.0186	0.0011	0.0535	0.0282	0.0253	0.0218	0.0044	0.5160	0.3444	0.0863	56.7480	0.0000	0.0000	0.0000	0.0515	0.0733	0.0128	0.0210	0.0221	0.0022	0.0627	0.1071	0.0133
60	98	0.0323	4	0	2	0	0	0	0	0	0	N	Y	N	N	N	N	N	N	N	N	N	N	0.0002	0.0003	0.0000	0.0000	0.0000	0.0000	0.0005	0.5439	0.0000	0.0004	0.0005	0.0001	0.0000	0.0000	0.0000	0.0005	0.0006	0.0001	1.6623	1.4417	1.9614	7.6215	6.9432	0.0125	0.9563	0.0010	1.9746	0.0173	1.0033	-0.0000	-0.0057	2.2356	1.3608	2.2044	12.1483	0.0000	0.0000	0.0000	0.0000	0.0000	0.0000	0.0000	0.0000	0.0000	0.1346	0.0672	0.0674	0.0671	0.0671	0.0000	0.0674	0.0000	0.0674	0.0253	0.0223	0.0031	0.0045	0.0044	0.0002	0.0208	0.0179	0.0029	0.0810	0.0466	0.0344	0.0104	0.0102	0.0002	0.0705	0.0364	0.0341	0.0002	0.0003	0.0000	0.0000	0.0000	0.0000	0.0005	0.5439	0.0000	1.6623	1.4417	1.9614	6.4267	6.5723	0.0125	0.9563	0.0010	1.9746
60	99	0.0286	3	0	1	0	0	0	0	0	0	N	N	N	N	N	N	N	N	N	N	N	N	0.0174	0.0072	0.0740	0.0059	0.0065	0.0000	0.0296	0.0043	0.0977	0.0003	0.0001	0.0014	0.0003	0.0003	0.0000	0.0003	0.0000	0.0019	0.0161	0.0138	0.0196	0.0439	0.0443	0.0130	0.0098	0.0006	0.0196	2.2321	0.9418	0.0000	-0.0000	2.2356	1.5300	2.2044	0.7696	0.0000	0.0000	0.0000	0.0000	0.0000	0.0000	0.0000	0.0000	0.0000	0.0003	0.0001	0.0001	0.0001	0.0001	0.0000	0.0001	0.0000	0.0001	0.0412	0.0357	0.0055	0.0136	0.0123	0.0013	0.0276	0.0235	0.0042	0.0170	0.0102	0.0068	0.0031	0.0031	0.0000	0.0139	0.0071	0.0068	0.0174	0.0072	0.0740	0.0059	0.0065	0.0000	0.0296	0.0043	0.0977	0.0161	0.0138	0.0196	0.0439	0.0443	0.0130	0.0098	0.0006	0.0196
60	104	0.1901	15	0	2	0	0	0	0	0	0	N	Y	N	N	N	N	N	N	N	N	N	N	6.8443	10.1725	0.0000	15.6437	16.9886	0.0000	0.0000	0.0000	0.0000	0.0499	0.0574	0.0000	0.1456	0.1482	0.0000	0.0000	0.0000	0.0000	0.0073	0.0056	0.0131	0.0093	0.0087	0.0196	0.0058	0.0023	0.0124	0.0000	0.6584	-0.0000	-0.0000	2.2356	0.0277	2.2044	1.3445	0.0000	0.0000	0.0000	0.0000	0.0000	0.0000	0.0000	0.0000	0.0000	0.0001	0.0001	0.0001	0.0001	0.0001	0.0000	0.0001	0.0000	0.0000	0.0008	0.0007	0.0001	0.0003	0.0003	0.0000	0.0005	0.0004	0.0001	0.0174	0.0136	0.0038	0.0074	0.0070	0.0004	0.0099	0.0065	0.0034	6.8443	10.1725	0.0000	15.6437	16.9886	0.0000	0.0000	0.0000	0.0000	0.0073	0.0056	0.0131	0.0093	0.0087	0.0196	0.0058	0.0023	0.0124
60	105	0.1434	14	0	2	0	0	0	0	0	0	N	Y	N	N	N	N	N	N	N	N	N	N	0.1648	0.1250	0.0000	5.6405	5.5343	0.0005	0.0023	0.0014	0.0000	0.0319	0.0364	0.0000	0.1648	0.1715	0.0000	0.0006	0.0007	0.0000	0.1935	0.2914	0.0182	0.0292	0.0310	0.0033	0.2503	0.4701	0.0189	0.0000	0.0348	-0.0011	-0.0123	2.2356	5.1414	2.2044	16.4151	0.0028	0.0028	0.0000	0.0027	0.0027	0.0000	0.0000	0.0000	0.0000	0.0242	0.0234	0.0008	0.0009	0.0009	0.0000	0.0233	0.0225	0.0008	0.0867	0.0759	0.0108	0.0165	0.0159	0.0006	0.0702	0.0600	0.0102	0.1252	0.0803	0.0448	0.0322	0.0301	0.0020	0.0930	0.0502	0.0428	0.1648	0.1250	0.0000	5.6405	5.5343	0.0005	0.0023	0.0015	0.0000	0.1935	0.2914	0.0182	0.0292	0.0310	0.0033	0.2503	0.4476	0.0189
60	106	0.1351	13	0	1	0	0	0	0	0	0	N	N	N	N	N	N	N	N	N	N	N	N	0.1974	2.3630	0.0000	0.0895	0.0966	0.0003	0.1706	4.6500	0.0000	0.0418	0.0479	0.0000	0.0028	0.0029	0.0000	0.0494	0.0577	0.0000	0.2118	0.0203	0.5714	0.0313	0.0302	0.0547	0.2897	0.0124	0.5915	0.0000	15.0160	-0.0011	0.0036	2.2356	3.8974	2.2044	1.6364	0.0028	0.0028	0.0000	0.0000	0.0000	0.0000	0.0027	0.0027	0.0000	0.0092	0.0006	0.0087	0.0004	0.0004	0.0000	0.0088	0.0002	0.0086	0.0659	0.0575	0.0084	0.0108	0.0103	0.0004	0.0551	0.0472	0.0079	0.0436	0.0284	0.0152	0.0131	0.0126	0.0006	0.0305	0.0159	0.0146	0.1974	2.3630	0.0000	0.0895	0.0966	0.0003	0.1706	4.6500	0.0000	0.2118	0.0203	0.5714	0.0313	0.0302	0.0547	0.2897	0.0124	0.5915
60	107	0.1141	12	0	1	0	0	0	0	0	0	N	N	N	N	N	N	N	N	N	N	N	N	0.1613	0.1557	0.0096	0.0480	0.0458	0.5491	0.3416	0.6114	0.0000	0.0025	0.0027	0.0001	0.0017	0.0017	0.0036	0.0029	0.0034	0.0000	0.0154	0.0176	0.0117	0.0354	0.0367	0.0065	0.0086	0.0056	0.0119	0.0043	0.3884	-0.0000	-0.0003	2.2356	0.3701	2.2044	9.6236	0.0000	0.0000	0.0000	0.0000	0.0000	0.0000	0.0000	0.0000	0.0000	0.0010	0.0008	0.0003	0.0006	0.0006	0.0000	0.0004	0.0001	0.0003	0.0161	0.0146	0.0015	0.0060	0.0059	0.0000	0.0102	0.0087	0.0015	0.0677	0.0428	0.0249	0.0171	0.0164	0.0008	0.0505	0.0264	0.0241	0.1613	0.1557	0.0096	0.0480	0.0458	0.5491	0.3416	0.6114	0.0000	0.0154	0.0176	0.0117	0.0354	0.0367	0.0065	0.0086	0.0056	0.0119
60	108	0.1036	11	0	1	0	0	0	0	0	0	N	N	N	N	N	N	N	N	N	N	N	N	0.0225	0.0345	0.0000	0.0000	0.0000	0.0000	0.0399	0.1269	0.0000	0.0006	0.0006	0.0000	0.0000	0.0000	0.0000	0.0009	0.0010	0.0000	0.0254	0.0183	0.0367	0.0371	0.0385	0.0046	0.0222	0.0081	0.0375	0.0001	1.2593	-0.0000	0.0000	2.2356	0.4415	2.2044	4.8853	0.0000	0.0000	0.0000	0.0000	0.0000	0.0000	0.0000	0.0000	0.0000	0.0009	0.0004	0.0005	0.0003	0.0003	0.0000	0.0006	0.0001	0.0005	0.0173	0.0157	0.0016	0.0061	0.0061	0.0001	0.0112	0.0096	0.0016	0.0342	0.0210	0.0132	0.0074	0.0070	0.0003	0.0269	0.0140	0.0129	0.0225	0.0345	0.0000	0.0000	0.0000	0.0000	0.0399	0.1269	0.0000	0.0254	0.0183	0.0367	0.0371	0.0385	0.0046	0.0222	0.0081	0.0375
60	109	0.1260	10	1	2	0	1	0	0	0	0	N	Y	N	N	N	N	N	N	N	N	N	N	0.0000	0.0000	0.0000	0.0000	0.0000	0.0000	0.0000	0.0000	0.0000	0.0000	0.0000	0.0000	0.0000	0.0000	0.0000	0.0000	0.0000	0.0000	0.0000	0.0000	2.2356	0.0000	2.2044	0.0000	0.0000	0.0000	0.0000	0.0000	0.0000	0.0000	0.0000	0.0000	0.0000	0.0000	0.0000	0.0000	0.0000	0.0000	0.0000	0.0000	0.0000	0.0000	0.0000	0.0000	0.0000	0.0000	0.0000	0.0000	0.0000	0.0000	0.0000	0.0000	0.0000	0.0000	0.0000	0.0000	0.0000	0.0000	0.0000	0.0000	0.0000	0.0000	0.0000	0.0000	0.0000	0.0000	0.0000	0.0000	0.0000	0.0000	0.0000	0.0000	0.0000	0.0000	0.0000	0.0000	0.0000	0.0000											
60	110	0.1111	9	1	2	0	1	0	0	0	0	N	Y	N	N	N	N	N	N	N	N	N	N	0.0000	0.0000	0.0000	0.0000	0.0000	0.0000	0.0000	0.0000	0.0000	0.0000	0.0000	0.0000	0.0000	0.0000	0.0000	0.0000	0.0000	0.0000	0.5440	0.8504	0.0406	2.2517	2.3792	0.9912	0.0003	0.0000	0.0006	0.0291	0.0000	-0.0121	2.2356	0.0000	2.2044	7.1240	0.0000	0.0000	0.0000	0.0000	0.0000	0.0000	0.0000	0.0000	0.0000	0.0235	0.0229	0.0007	0.0235	0.0229	0.0007	0.0000	0.0000	0.0000	0.0000	0.0000	0.0000	0.0000	0.0000	0.0000	0.0000	0.0000	0.0000	0.0432	0.0269	0.0164	0.0104	0.0096	0.0008	0.0328	0.0173	0.0155	0.0000	0.0000	0.0000	0.0000	0.0000	0.0000	0.0000	0.0000	0.0000	0.5440	0.8504	0.0406	2.2517	2.3792	0.7840	0.0003	0.0000	0.0006	
60	111	0.1200	11	0	2	0	1	0	0	0	0	N	Y	N	N	N	N	N	N	N	N	N	N	0.0000	0.0000	0.0000	0.0000	0.0000	0.0000	0.0000	0.0000	0.0000	0.0000	0.0000	0.0000	0.0000	0.0000	0.0000	0.0000	0.0000	0.0000	0.2097	0.3354	0.0000	0.8416	0.9396	0.0000	0.0000	0.0000	0.0000	0.0000	0.0000	-0.0034	2.2356	0.0016	2.2044	5.0076	0.0000	0.0000	0.0000	0.0000	0.0000	0.0000	0.0000	0.0000	0.0000	0.0062	0.0062	0.0000	0.0062	0.0062	0.0000	0.0000	0.0000	0.0000	0.0001	0.0001	0.0000	0.0000	0.0000	0.0000	0.0001	0.0000	0.0000	0.0295	0.0184	0.0110	0.0073	0.0066	0.0008	0.0221	0.0118	0.0103	0.0000	0.0000	0.0000	0.0000	0.0000	0.0000	0.0000	0.0000	0.0000	0.2097	0.3354	0.0000	0.8416	0.9396	0.0000	0.0000	0.0000	0.0000	
60	112	0.1132	10	0	2	0	1	0	0	0	0	N	Y	N	N	N	N	N	N	N	N	N	N	0.0000	0.0000	0.0000	0.0000	0.0000	0.0000	0.0000	0.0000	0.0000	0.0000	0.0000	0.0000	0.0000	0.0000	0.0000	0.0000	0.0000	0.0000	0.2988	0.0016	0.7869	0.0001	0.0001	0.0011	0.4028	0.0025	0.8264	304.4979	0.0000	0.0028	2.2356	1.0012	2.2044	2.1373	0.0000	0.0000	0.0000	0.0000	0.0000	0.0000	0.0000	0.0000	0.0000	0.0062	0.0000	0.0062	0.0000	0.0000	0.0000	0.0062	0.0000	0.0062	0.0158	0.0138	0.0020	0.0025	0.0024	0.0001	0.0133	0.0114	0.0019	0.0207	0.0129	0.0078	0.0053	0.0050	0.0004	0.0153	0.0079	0.0075	0.0000	0.0000	0.0000	0.0000	0.0000	0.0000	0.0000	0.0000	0.0000	0.2988	0.0016	0.7869	0.0001	0.0001	0.0011	0.4028	0.0025	0.8264	
60	113	0.1215	10	0	2	0	0	0	0	0	0	N	Y	N	N	N	N	N	N	N	N	N	N	0.0000	0.0000	0.0000	0.0000	0.0000	0.0000	0.0000	0.0000	0.0000	0.0000	0.0000	0.0000	0.0000	0.0000	0.0000	0.0000	0.0000	0.0000	0.0003	0.0001	0.0006	0.0002	0.0002	0.0004	0.0003	0.0000	0.0006	6.5433	0.0000	0.0000	2.2356	0.9705	2.2044	5.0371	0.0000	0.0000	0.0000	0.0000	0.0000	0.0000	0.0000	0.0000	0.0000	0.0000	0.0000	0.0000	0.0000	0.0000	0.0000	0.0000	0.0000	0.0000	0.0180	0.0158	0.0021	0.0041	0.0040	0.0002	0.0139	0.0119	0.0020	0.0342	0.0216	0.0126	0.0088	0.0080	0.0007	0.0255	0.0136	0.0119	0.0000	0.0000	0.0000	0.0000	0.0000	0.0000	0.0000	0.0000	0.0000	0.0003	0.0001	0.0006	0.0002	0.0002	0.0004	0.0003	0.0000	0.0006	
60	114	0.1132	10	0	1	1	1	0	0	0	0	N	N	N	N	N	N	N	N	N	N	N	N	0.0000	0.0000	0.0000	0.0000	0.0000	0.0000	0.0000	0.0000	0.0000	0.0000	0.0000	0.0000	0.0000	0.0000	0.0000	0.0000	0.0000	0.0000	0.0000	0.0000	2.2356	0.0000	2.2044	1.1303	0.0000	0.0000	0.0000	0.0000	0.0000	0.0000	0.0000	0.0000	0.0000	0.0000	0.0000	0.0000	0.0000	0.0000	0.0000	0.0000	0.0000	0.0000	0.0000	0.0000	0.0000	0.0000	0.0000	0.0000	0.0000	0.0000	0.0000	0.0091	0.0057	0.0034	0.0027	0.0026	0.0001	0.0064	0.0031	0.0033	0.0000	0.0000	0.0000	0.0000	0.0000	0.0000	0.0000	0.0000	0.0000	0.0000	0.0000	0.0000	0.0000	0.0000	0.0000	0.0000	0.0000	0.0000											
60	115	0.1111	9	0	1	0	1	0	0	0	0	N	N	N	N	N	N	N	N	N	N	N	N	0.0000	0.0000	0.0000	0.0000	0.0000	0.0000	0.0000	0.0000	0.0000	0.0000	0.0000	0.0000	0.0000	0.0000	0.0000	0.0000	0.0000	0.0000	0.0008	0.0013	0.0000	0.0007	0.0007	0.0001	0.0009	0.0018	0.0000	0.0051	0.0000	-0.0000	2.2356	0.0000	2.2044	1.2340	0.0000	0.0000	0.0000	0.0000	0.0000	0.0000	0.0000	0.0000	0.0000	0.0000	0.0000	0.0000	0.0000	0.0000	0.0000	0.0000	0.0000	0.0000	0.0000	0.0000	0.0000	0.0000	0.0000	0.0000	0.0000	0.0000	0.0000	0.0099	0.0062	0.0037	0.0030	0.0028	0.0002	0.0069	0.0034	0.0035	0.0000	0.0000	0.0000	0.0000	0.0000	0.0000	0.0000	0.0000	0.0000	0.0008	0.0013	0.0000	0.0007	0.0007	0.0001	0.0009	0.0018	0.0000	
60	116	0.1186	10	0	1	1	1	0	0	0	0	N	N	N	N	N	N	N	N	N	N	N	N	0.0000	0.0000	0.0000	0.0000	0.0000	0.0000	0.0000	0.0000	0.0000	0.0000	0.0000	0.0000	0.0000	0.0000	0.0000	0.0000	0.0000	0.0000	0.0001	0.0001	0.0000	0.0000	0.0000	0.0000	0.0051	0.0000	-0.0000	2.2356	0.9725	2.2044	0.9874	0.0000	0.0000	0.0000	0.0000	0.0000	0.0000	0.0000	0.0000	0.0000	0.0000	0.0000	0.0000	0.0000	0.0000	0.0000	0.0000	0.0000	0.0000	0.0169	0.0149	0.0020	0.0035	0.0033	0.0001	0.0134	0.0116	0.0019	0.0121	0.0078	0.0043	0.0031	0.0029	0.0003	0.0090	0.0049	0.0041	0.0000	0.0000	0.0000	0.0000	0.0000	0.0000	0.0000	0.0000	0.0000	0.0000	0.0000	0.0000	0.0001	0.0001	0.0000	0.0000	0.0000	0.0000				
60	117	0.1186	10	0	1	1	1	0	0	0	0	N	N	N	N	N	N	N	N	N	N	N	N	0.0000	0.0000	0.0000	0.0000	0.0000	0.0000	0.0000	0.0000	0.0000	0.0000	0.0000	0.0000	0.0000	0.0000	0.0000	0.0000	0.0000	0.0000	0.0000	0.0000	0.0000	0.0000	0.0000	0.0000	0.0000	0.0000	0.0114	0.0000	-0.0000	2.2356	0.0285	2.2044	4.0215	0.0000	0.0000	0.0000	0.0000	0.0000	0.0000	0.0000	0.0000	0.0000	0.0000	0.0000	0.0000	0.0000	0.0000	0.0000	0.0000	0.0000	0.0000	0.0017	0.0016	0.0001	0.0007	0.0007	0.0000	0.0010	0.0009	0.0001	0.0240	0.0153	0.0087	0.0060	0.0055	0.0005	0.0180	0.0098	0.0082	0.0000	0.0000	0.0000	0.0000	0.0000	0.0000	0.0000	0.0000	0.0000	0.0000	0.0000	0.0000	0.0000	0.0000	0.0000	0.0000	0.0000	0.0000		
60	118	0.1111	9	0	1	1	1	0	0	0	0	N	N	N	N	N	N	N	N	N	N	N	N	0.0000	0.0000	0.0000	0.0000	0.0000	0.0000	0.0000	0.0000	0.0000	0.0000	0.0000	0.0000	0.0000	0.0000	0.0000	0.0000	0.0000	0.0000	0.0003	0.0004	0.0000	0.0003	0.0003	0.0000	0.0002	0.0005	0.0000	0.0062	0.0000	-0.0000	2.2356	3.0275	2.2044	2.1573	0.0000	0.0000	0.0000	0.0000	0.0000	0.0000	0.0000	0.0000	0.0000	0.0000	0.0000	0.0000	0.0000	0.0000	0.0000	0.0000	0.0000	0.0000	0.0472	0.0412	0.0060	0.0074	0.0070	0.0004	0.0398	0.0342	0.0056	0.0325	0.0202	0.0123	0.0080	0.0074	0.0006	0.0244	0.0128	0.0116	0.0000	0.0000	0.0000	0.0000	0.0000	0.0000	0.0000	0.0000	0.0000	0.0003	0.0004	0.0000	0.0003	0.0003	0.0000	0.0002	0.0005	0.0000	
60	119	0.1523	9	1	2	0	0	0	0	0	0	N	Y	N	N	N	N	N	N	N	N	N	N	0.0086	0.1010	0.0000	0.0100	0.0158	0.0000	0.0082	inf	0.0000	0.0000	0.0000	0.0000	0.0000	0.0000	0.0000	0.0000	0.0000	0.0000	0.0013	0.0001	0.0035	0.0005	0.0003	0.0036	0.0017	0.0000	0.0034	0.0000	15.3568	-0.0000	0.0000	2.2356	2.1883	2.2044	3.1271	0.0000	0.0000	0.0000	0.0000	0.0000	0.0000	0.0000	0.0000	0.0000	0.0000	0.0000	0.0000	0.0000	0.0000	0.0000	0.0000	0.0000	0.0000	0.0421	0.0375	0.0046	0.0099	0.0095	0.0003	0.0322	0.0280	0.0042	0.0351	0.0224	0.0128	0.0095	0.0091	0.0005	0.0256	0.0133	0.0123	0.0086	0.1010	0.0000	0.0100	0.0158	0.0000	0.0082	inf	0.0000	0.0013	0.0001	0.0035	0.0005	0.0003	0.0036	0.0017	0.0000	0.0034
60	120	0.0854	8	1	2	0	0	0	0	0	0	N	Y	N	N	N	N	N	N	N	N	N	N	67.6091	48.1883	0.0000	1.9767	1.9701	0.0000	1408.7006	2969.7993	0.0000	0.0331	0.0377	0.0000	0.0051	0.0053	0.0000	0.0382	0.0443	0.0000	0.0005	0.0008	0.0000	0.0026	0.0027	0.0002	0.0000	0.0000	0.0000	0.0000	0.0365	-0.0028	-0.0000	2.2356	13.6104	2.2044	16.0982	0.0075	0.0075	0.0000	0.0002	0.0002	0.0000	0.0073	0.0073	0.0000	0.0001	0.0001	0.0000	0.0001	0.0001	0.0000	0.0000	0.0000	0.0000	0.2255	0.1979	0.0276	0.0347	0.0333	0.0014	0.1908	0.1645	0.0263	0.1616	0.0975	0.0641	0.0293	0.0279	0.0013	0.1324	0.0696	0.0628	67.6091	48.1883	0.0000	1.9767	1.9701	0.0000	1408.7006	2969.7993	0.0000	0.0005	0.0008	0.0000	0.0026	0.0027	0.0002	0.0000	0.0000	0.0000
60	121	0.0899	8	0	2	0	0	0	0	0	0	N	Y	N	N	N	N	N	N	N	N	N	N	0.2173	0.1528	3.1061	0.1638	0.1597	0.6011	1.4036	0.0000	4.1310	0.0007	0.0007	0.0007	0.0015	0.0015	0.0011	0.0001	0.0000	0.0007	0.0030	0.0043	0.0002	0.0091	0.0094	0.0018	0.0001	0.0000	0.0002	0.1109	0.0233	-0.0000	-0.0001	2.2356	0.3548	2.2044	4.6068	0.0000	0.0000	0.0000	0.0000	0.0000	0.0000	0.0000	0.0000	0.0000	0.0002	0.0001	0.0000	0.0001	0.0001	0.0000	0.0000	0.0000	0.0000	0.0191	0.0173	0.0018	0.0077	0.0076	0.0001	0.0114	0.0097	0.0017	0.0496	0.0343	0.0153	0.0163	0.0158	0.0006	0.0333	0.0185	0.0148	0.2173	0.1528	3.1061	0.1638	0.1597	0.6011	1.4036	0.0000	4.1310	0.0030	0.0043	0.0002	0.0091	0.0094	0.0018	0.0001	0.0000	0.0002
60	122	0.0750	7	0	2	0	0	0	0	0	0	N	Y	N	N	N	N	N	N	N	N	N	N	0.1783	0.1279	0.4819	0.4847	0.4805	0.0785	0.1204	0.0665	0.4942	0.0007	0.0006	0.0009	0.0013	0.0013	0.0000	0.0005	0.0004	0.0010	0.0038	0.0050	0.0019	0.0026	0.0027	0.0006	0.0041	0.0061	0.0020	0.1940	0.2589	-0.0000	-0.0001	2.2356	1.6911	2.2044	5.7022	0.0000	0.0000	0.0000	0.0000	0.0000	0.0000	0.0000	0.0000	0.0000	0.0002	0.0001	0.0000	0.0000	0.0000	0.0000	0.0002	0.0001	0.0000	0.0379	0.0335	0.0044	0.0089	0.0088	0.0002	0.0290	0.0247	0.0042	0.0479	0.0288	0.0191	0.0100	0.0096	0.0003	0.0379	0.0192	0.0187	0.1783	0.1279	0.4819	0.4847	0.4805	0.0785	0.1204	0.0665	0.4942	0.0038	0.0050	0.0019	0.0026	0.0027	0.0006	0.0041	0.0061	0.0020
60	124	0.1261	11	1	2	0	0	0	0	0	0	N	Y	N	N	N	N	N	N	N	N	N	N	0.0000	0.0000	0.0000	0.0000	0.0000	0.0000	0.0000	0.0000	0.0000	0.0000	0.0000	0.0000	0.0000	0.0000	0.0000	0.0000	0.0000	0.0000	0.0000	0.0000	2.2356	0.0000	2.2044	0.0000	0.0000	0.0000	0.0000	0.0000	0.0000	0.0000	0.0000	0.0000	0.0000	0.0000	0.0000	0.0000	0.0000	0.0000	0.0000	0.0000	0.0000	0.0000	0.0000	0.0000	0.0000	0.0000	0.0000	0.0000	0.0000	0.0000	0.0000	0.0000	0.0000	0.0000	0.0000	0.0000	0.0000	0.0000	0.0000	0.0000	0.0000	0.0000	0.0000	0.0000	0.0000	0.0000	0.0000	0.0000	0.0000	0.0000	0.0000	0.0000	0.0000	0.0000	0.0000	0.0000	0.0000	0.0000											
60	125	0.1215	10	1	2	0	0	0	0	0	0	N	Y	N	N	N	N	N	N	N	N	N	N	0.0000	0.0000	0.0000	0.0000	0.0000	0.0000	0.0000	0.0000	0.0000	0.0000	0.0000	0.0000	0.0000	0.0000	0.0000	0.0000	0.0000	0.0000	0.0221	0.0334	0.0020	0.0779	0.0841	0.0000	0.0010	0.0000	0.0022	0.0344	0.0000	-0.0001	2.2356	0.1434	2.2044	1.9839	0.0000	0.0000	0.0000	0.0000	0.0000	0.0000	0.0000	0.0000	0.0000	0.0003	0.0003	0.0000	0.0003	0.0003	0.0000	0.0000	0.0000	0.0000	0.0050	0.0045	0.0005	0.0020	0.0019	0.0001	0.0030	0.0025	0.0004	0.0133	0.0085	0.0048	0.0036	0.0034	0.0003	0.0096	0.0051	0.0045	0.0000	0.0000	0.0000	0.0000	0.0000	0.0000	0.0000	0.0000	0.0000	0.0221	0.0334	0.0020	0.0779	0.0841	0.0000	0.0010	0.0000	0.0022	
60	126	0.1111	9	0	2	0	0	0	0	0	0	N	Y	N	N	N	N	N	N	N	N	N	N	0.0000	0.0000	0.0000	0.0000	0.0000	0.0000	0.0000	0.0000	0.0000	0.0000	0.0000	0.0000	0.0000	0.0000	0.0000	0.0000	0.0000	0.0000	0.0007	0.0011	0.0001	0.0020	0.0021	0.0004	0.0003	0.0005	0.0000	0.0334	0.0000	-0.0000	2.2356	1.8882	2.2044	2.9115	0.0000	0.0000	0.0000	0.0000	0.0000	0.0000	0.0000	0.0000	0.0000	0.0000	0.0000	0.0000	0.0000	0.0000	0.0000	0.0000	0.0000	0.0000	0.0296	0.0259	0.0038	0.0046	0.0044	0.0002	0.0250	0.0214	0.0035	0.0303	0.0188	0.0114	0.0075	0.0070	0.0006	0.0227	0.0119	0.0109	0.0000	0.0000	0.0000	0.0000	0.0000	0.0000	0.0000	0.0000	0.0000	0.0007	0.0011	0.0001	0.0020	0.0021	0.0004	0.0003	0.0005	0.0000	
60	127	0.0854	8	0	1	0	0	0	0	0	0	N	N	N	N	N	N	N	N	N	N	N	N	0.0000	0.0000	0.0000	0.0000	0.0000	0.1857	0.0000	0.0000	0.0000	0.0000	0.0000	0.0003	0.0000	0.0000	0.0000	0.0000	0.0000	0.0003	13.1546	0.5111	67.7646	0.0596	0.0620	0.0003	16.3411	0.7667	61.9076	inf	41.7225	0.0000	0.4378	2.2356	3.5543	2.2044	9.0319	0.0000	0.0000	0.0000	0.0000	0.0000	0.0000	0.0000	0.0000	0.0000	1.0096	0.0236	0.9860	0.0009	0.0009	0.0000	1.0087	0.0227	0.9860	0.0780	0.0694	0.0086	0.0177	0.0173	0.0004	0.0603	0.0521	0.0082	0.0767	0.0462	0.0305	0.0150	0.0144	0.0006	0.0617	0.0318	0.0299	0.0000	0.0000	0.0000	0.0000	0.0000	0.1857	0.0000	0.0000	0.0000	13.1546	0.5111	32.3152	0.0596	0.0620	0.0003	16.3411	0.7149	32.9515
61	63	0.1125	9	2	1	1	0	0	0	0	0	Y	N	N	N	N	N	N	N	N	N	N	N	0.0000	0.0000	0.0000	0.0000	0.0000	0.0000	0.0000	0.0000	0.0000	0.0000	0.0000	0.0000	0.0000	0.0000	0.0000	0.0000	0.0000	0.0000	0.0111	0.0190	0.0000	0.0902	0.0941	0.0001	0.0000	0.0000	0.0000	0.0007	0.0000	-0.0003	2.0703	1.0023	7.0012	3.0135	0.0000	0.0000	0.0000	0.0000	0.0000	0.0000	0.0000	0.0000	0.0000	0.0005	0.0005	0.0000	0.0005	0.0005	0.0000	0.0000	0.0000	0.0000	0.0156	0.0137	0.0020	0.0029	0.0028	0.0001	0.0127	0.0109	0.0018	0.0430	0.0251	0.0178	0.0053	0.0051	0.0002	0.0377	0.0201	0.0176	0.0000	0.0000	0.0000	0.0000	0.0000	0.0000	0.0000	0.0000	0.0000	0.0111	0.0190	0.0000	0.0902	0.0941	0.0001	0.0000	0.0000	0.0000	
61	64	0.0861	8	2	1	1	0	0	0	0	0	Y	N	N	N	N	N	N	N	N	N	N	N	0.0000	0.0000	0.0000	0.0000	0.0000	0.0000	0.0000	0.0000	0.0000	0.0000	0.0000	0.0000	0.0000	0.0000	0.0000	0.0000	0.0000	0.0001	0.0002	0.0000	0.0013	0.0014	0.0001	0.0000	0.0000	0.0000	0.0063	0.0000	-0.0000	2.0703	3.0820	7.0012	9.3392	0.0000	0.0000	0.0000	0.0000	0.0000	0.0000	0.0000	0.0000	0.0000	0.0000	0.0000	0.0000	0.0000	0.0000	0.0000	0.0000	0.0000	0.0000	0.0566	0.0498	0.0068	0.0125	0.0120	0.0005	0.0441	0.0378	0.0064	0.1231	0.0683	0.0548	0.0112	0.0106	0.0006	0.1119	0.0577	0.0542	0.0000	0.0000	0.0000	0.0000	0.0000	0.0000	0.0000	0.0000	0.0000	0.0001	0.0002	0.0000	0.0013	0.0014	0.0001	0.0000	0.0000	0.0000		
61	65	0.0896	9	1	1	1	0	0	0	0	0	N	N	N	N	N	N	N	N	N	N	N	N	0.0000	0.0000	0.0000	0.0001	0.0000	0.0002	0.0000	0.0000	0.0000	0.0000	0.0002	0.0000	0.0000	0.0000	0.0000	0.0000	0.0002	12.3662	0.0004	56.8348	0.0049	0.0017	0.0478	14.5843	0.0000	55.7083	inf	49891.2984	0.0000	0.4558	2.0703	1.7946	7.0012	5.9592	0.0000	0.0000	0.0000	0.0000	0.0000	0.0000	0.0000	0.0000	0.0000	0.9974	0.0000	0.9974	0.0001	0.0000	0.0000	0.9974	0.0000	0.9974	0.0283	0.0248	0.0035	0.0051	0.0049	0.0002	0.0232	0.0199	0.0033	0.0807	0.0466	0.0340	0.0123	0.0114	0.0008	0.0684	0.0352	0.0332	0.0000	0.0000	0.0000	0.0001	0.0000	0.0002	0.0000	0.0000	0.0000	12.3662	0.0004	29.3130	0.0049	0.0017	0.0478	14.5843	0.0000	30.0531	
61	66	0.0828	8	1	1	1	0	0	0	0	0	N	N	N	N	N	N	N	N	N	N	N	N	0.0006	0.0005	0.0015	0.0006	0.0005	0.0000	0.0004	0.0000	0.0015	0.0000	0.0000	0.0001	0.0002	0.0002	0.0000	0.0000	0.0000	0.0001	0.0818	0.0715	0.0943	0.2989	0.3204	0.0292	0.0491	0.0013	0.0957	0.5580	1.0781	-0.0000	-0.0001	2.0703	1.3569	7.0012	2.0560	0.0000	0.0000	0.0000	0.0000	0.0000	0.0000	0.0000	0.0000	0.0000	0.0029	0.0014	0.0015	0.0014	0.0014	0.0000	0.0015	0.0000	0.0015	0.0231	0.0202	0.0029	0.0044	0.0042	0.0001	0.0188	0.0160	0.0028	0.0356	0.0196	0.0160	0.0046	0.0043	0.0003	0.0309	0.0153	0.0157	0.0006	0.0005	0.0015	0.0006	0.0005	0.0000	0.0004	0.0000	0.0015	0.0818	0.0715	0.0943	0.2989	0.3204	0.0292	0.0491	0.0013	0.0957
61	67	0.0694	7	1	1	1	0	0	0	0	0	N	N	N	N	N	N	N	N	N	N	N	N	0.0005	0.0076	0.0006	0.0174	0.0179	0.0000	0.0002	0.0000	0.0006	0.0000	0.0000	0.0000	0.0000	0.0000	0.0000	0.0000	0.0000	0.0000	0.0157	0.0008	0.0339	0.0022	0.0022	0.0000	0.0191	0.0000	0.0343	0.5270	35.7724	-0.0000	0.0006	2.0703	4.9477	7.0012	2.0153	0.0000	0.0000	0.0000	0.0000	0.0000	0.0000	0.0000	0.0000	0.0000	0.0014	0.0000	0.0014	0.0000	0.0000	0.0000	0.0014	0.0000	0.0014	0.0786	0.0683	0.0103	0.0107	0.0101	0.0006	0.0679	0.0582	0.0097	0.0900	0.0493	0.0407	0.0177	0.0172	0.0005	0.0723	0.0321	0.0402	0.0005	0.0076	0.0006	0.0174	0.0179	0.0000	0.0002	0.0000	0.0006	0.0157	0.0008	0.0339	0.0022	0.0022	0.0000	0.0191	0.0000	0.0343
61	68	0.1977	17	1	0	2	0	0	0	0	0	N	N	Y	N	N	N	N	N	N	N	N	N	0.0000	0.0000	0.0000	0.0000	0.0000	0.0000	0.0000	0.0000	0.0000	0.0000	0.0000	0.0000	0.0000	0.0000	0.0000	0.0000	0.0000	0.0005	0.0000	0.0013	0.0013	0.0000	0.0095	0.0003	0.0000	0.0007	16665.5000	0.0000	0.0000	2.0703	0.0000	7.0012	4.0001	0.0000	0.0000	0.0000	0.0000	0.0000	0.0000	0.0000	0.0000	0.0000	0.0000	0.0000	0.0000	0.0000	0.0000	0.0000	0.0000	0.0000	0.0000	0.0000	0.0000	0.0000	0.0000	0.0000	0.0000	0.0000	0.0000	0.0000	0.0380	0.0227	0.0154	0.0077	0.0066	0.0010	0.0304	0.0160	0.0143	0.0000	0.0000	0.0000	0.0000	0.0000	0.0000	0.0000	0.0000	0.0000	0.0005	0.0000	0.0013	0.0013	0.0000	0.0095	0.0003	0.0000	0.0007		
61	69	0.1755	16	1	0	1	0	0	0	0	0	N	N	N	N	N	N	N	N	N	N	N	N	0.1298	0.0899	0.0000	0.1142	0.1107	0.0000	0.0000	0.0000	0.0000	0.0081	0.0091	0.0000	0.0297	0.0308	0.0000	0.0000	0.0000	0.0000	0.0622	0.1017	0.0033	0.2599	0.2786	0.0019	0.0017	0.0000	0.0034	0.0000	0.0221	-0.0002	-0.0045	2.0703	2.8240	7.0012	8.9883	0.0004	0.0004	0.0000	0.0004	0.0004	0.0000	0.0000	0.0000	0.0000	0.0087	0.0085	0.0002	0.0085	0.0085	0.0000	0.0002	0.0000	0.0002	0.0557	0.0492	0.0065	0.0152	0.0146	0.0006	0.0405	0.0346	0.0059	0.1395	0.0835	0.0560	0.0327	0.0305	0.0022	0.1068	0.0530	0.0538	0.1298	0.0899	0.0000	0.1142	0.1107	0.0000	0.0000	0.0000	0.0000	0.0622	0.1017	0.0033	0.2599	0.2786	0.0019	0.0017	0.0000	0.0034
61	70	0.1665	15	1	0	1	0	0	0	0	0	N	N	N	N	N	N	N	N	N	N	N	N	0.1700	0.0003	4.1436	0.0323	0.0361	0.0000	0.1461	0.0000	4.3133	0.0200	0.0000	0.1556	0.0002	0.0002	0.0000	0.0245	0.0000	0.1645	0.1174	0.1614	0.0375	0.0067	0.0063	0.0194	0.1677	0.3056	0.0381	489.3963	0.1282	0.0003	-0.0042	2.0703	1.4521	7.0012	3.5882	0.0005	0.0000	0.0004	0.0000	0.0000	0.0000	0.0004	0.0000	0.0004	0.0097	0.0086	0.0011	0.0002	0.0002	0.0000	0.0095	0.0084	0.0011	0.0226	0.0197	0.0029	0.0042	0.0041	0.0002	0.0184	0.0156	0.0027	0.0824	0.0531	0.0293	0.0257	0.0248	0.0009	0.0567	0.0283	0.0284	0.1700	0.0003	4.1436	0.0323	0.0361	0.0000	0.1461	0.0000	4.3133	0.1174	0.1614	0.0375	0.0067	0.0063	0.0194	0.1677	0.2977	0.0381
61	71	0.1638	14	1	0	1	0	0	0	0	0	N	N	N	N	N	N	N	N	N	N	N	N	0.5673	1.0182	0.0002	2.7352	2.8176	0.0000	0.0008	0.0027	0.0002	0.0101	0.0116	0.0000	0.0440	0.0453	0.0000	0.0000	0.0000	0.0000	0.0178	0.0114	0.0310	0.0161	0.0161	0.0168	0.0188	0.0060	0.0314	0.0001	1.3329	-0.0001	0.0000	2.0703	1.1783	7.0012	0.9542	0.0002	0.0002	0.0000	0.0002	0.0002	0.0000	0.0000	0.0000	0.0000	0.0009	0.0004	0.0005	0.0003	0.0003	0.0000	0.0006	0.0001	0.0005	0.0213	0.0186	0.0027	0.0049	0.0047	0.0001	0.0164	0.0139	0.0026	0.0482	0.0324	0.0158	0.0178	0.0173	0.0005	0.0304	0.0151	0.0154	0.5673	1.0182	0.0002	2.7352	2.8176	0.0000	0.0008	0.0027	0.0002	0.0178	0.0114	0.0310	0.0161	0.0161	0.0168	0.0188	0.0060	0.0314
61	72	0.1592	13	1	0	1	0	0	0	0	0	N	N	N	N	N	N	N	N	N	N	N	N	0.9027	1.4002	0.0001	3.3451	3.3961	0.0019	0.0000	0.0000	0.0001	0.0096	0.0110	0.0000	0.0507	0.0528	0.0000	0.0000	0.0000	0.0000	0.0106	0.0079	0.0156	0.0152	0.0155	0.0067	0.0086	0.0010	0.0160	0.0000	1.1061	-0.0001	-0.0000	2.0703	2.0762	7.0012	1.4610	0.0003	0.0003	0.0000	0.0003	0.0003	0.0000	0.0000	0.0000	0.0000	0.0006	0.0003	0.0003	0.0003	0.0003	0.0000	0.0003	0.0000	0.0003	0.0327	0.0285	0.0042	0.0062	0.0060	0.0002	0.0265	0.0226	0.0039	0.0573	0.0368	0.0205	0.0181	0.0173	0.0008	0.0392	0.0194	0.0197	0.9027	1.4002	0.0001	3.3451	3.3961	0.0019	0.0000	0.0000	0.0001	0.0106	0.0079	0.0156	0.0152	0.0155	0.0067	0.0086	0.0010	0.0160
61	73	0.0950	9	1	0	1	0	0	0	0	0	N	N	N	N	N	N	N	N	N	N	N	N	0.0000	0.0000	0.0000	0.0000	0.0000	0.0000	0.0000	0.0000	0.0000	0.0000	0.0000	0.0000	0.0000	0.0000	0.0000	0.0000	0.0000	0.0062	0.0113	0.0000	0.0619	0.0670	0.0000	0.0000	0.0000	0.0000	0.0001	0.0000	-0.0007	2.0703	4.0673	7.0012	17.8409	0.0000	0.0000	0.0000	0.0000	0.0000	0.0000	0.0000	0.0000	0.0000	0.0012	0.0012	0.0000	0.0012	0.0012	0.0000	0.0000	0.0000	0.0000	0.0707	0.0621	0.0086	0.0143	0.0138	0.0005	0.0564	0.0483	0.0081	0.2020	0.1107	0.0913	0.0202	0.0186	0.0015	0.1818	0.0920	0.0898	0.0000	0.0000	0.0000	0.0000	0.0000	0.0000	0.0000	0.0000	0.0000	0.0062	0.0113	0.0000	0.0619	0.0670	0.0000	0.0000	0.0000	0.0000		
61	75	0.2317	13	1	0	1	0	0	0	0	0	N	N	N	N	N	N	N	N	N	N	N	N	0.2883	0.2181	1.5376	0.3642	0.3417	0.6824	0.3182	0.0000	1.7902	0.0565	0.0635	0.0005	0.1702	0.1776	0.0004	0.0001	0.0000	0.0005	0.1960	0.2910	0.0003	0.4673	0.5197	0.0005	0.0002	0.0002	0.0003	0.0009	0.0005	-0.0019	-0.0763	2.0703	3.5843	7.0012	46.7516	0.0050	0.0049	0.0000	0.0049	0.0049	0.0000	0.0000	0.0000	0.0000	0.1406	0.1405	0.0001	0.1405	0.1405	0.0000	0.0001	0.0000	0.0001	0.0876	0.0779	0.0097	0.0291	0.0279	0.0012	0.0585	0.0501	0.0085	0.7173	0.4828	0.2345	0.3006	0.2703	0.0303	0.4166	0.2125	0.2041	0.2883	0.2181	1.5376	0.3642	0.3417	0.6824	0.3182	0.0000	1.7902	0.1960	0.2910	0.0003	0.4673	0.5197	0.0005	0.0002	0.0002	0.0003
61	76	0.0508	5	2	1	2	0	0	0	0	0	Y	N	Y	N	N	N	N	N	N	N	N	N	245.5298	0.0000	inf	0.1605	0.0000	inf	inf	inf	0.0014	0.0000	0.0104	0.0000	0.0000	0.0003	0.0015	0.0000	0.0105	0.0000	0.0000	0.0000	0.0001	0.0001	0.0000	0.0000	0.0000	0.0000	inf	0.0000	0.0000	-0.0000	2.0703	1.0003	7.0012	1.0071	0.0000	0.0000	0.0000	0.0000	0.0000	0.0000	0.0000	0.0000	0.0000	0.0000	0.0000	0.0000	0.0000	0.0000	0.0000	0.0000	0.0000	0.0000	0.0150	0.0129	0.0021	0.0007	0.0007	0.0000	0.0143	0.0122	0.0021	0.0234	0.0115	0.0119	0.0025	0.0022	0.0003	0.0209	0.0092	0.0117	245.5298	0.0000	inf	0.1605	0.0000	inf	inf	0.0000	inf	0.0000	0.0000	0.0000	0.0001	0.0001	0.0000	0.0000	0.0000	0.0000	
61	77	0.0441	4	2	0	2	0	0	0	0	0	Y	N	Y	N	N	N	N	N	N	N	N	N	12471.2183	0.0330	4337564.6218	10.4417	0.1116	2359.2688	5625541.4401	12382099.7375	3.9276	0.0000	21.0117	0.0095	0.0001	0.9066	4.4593	0.0000	21.1463	0.0003	0.0005	0.0000	0.0009	0.0009	0.0004	0.0000	0.0000	0.0000	324440.8199	0.0047	0.0427	-0.0000	2.0703	0.9901	7.0012	2.2068	0.0690	0.0000	0.0690	0.0000	0.0000	0.0000	0.0690	0.0000	0.0690	0.0000	0.0000	0.0000	0.0000	0.0000	0.0000	0.0000	0.0000	0.0000	0.0176	0.0143	0.0033	0.0021	0.0021	0.0000	0.0155	0.0122	0.0033	0.1036	0.0719	0.0316	0.0357	0.0354	0.0003	0.0679	0.0365	0.0314	12471.2183	0.0330	4337564.6218	10.4417	0.1116	2359.2688	5625541.4401	0.0000	12382099.7375	0.0003	0.0005	0.0000	0.0009	0.0009	0.0004	0.0000	0.0000	0.0000	
61	78	0.1125	10	1	1	1	0	0	0	0	0	N	N	N	N	N	N	N	N	N	N	N	N	0.0000	0.0000	0.0001	0.0001	0.0000	0.0024	0.0000	0.0000	0.0001	0.0001	0.0000	0.0009	0.0000	0.0000	0.0003	0.0001	0.0000	0.0009	3.1740	0.0324	7.9692	0.1062	0.1045	0.1315	3.9421	0.0000	8.2311	inf	161.0458	0.0000	0.3856	2.0703	8.4371	7.0012	15.3349	0.0000	0.0000	0.0000	0.0000	0.0000	0.0000	0.0000	0.0000	0.0000	0.8551	0.0053	0.8499	0.0057	0.0053	0.0005	0.8494	0.0000	0.8494	0.1453	0.1277	0.0175	0.0279	0.0268	0.0011	0.1173	0.1009	0.0164	0.2694	0.1628	0.1066	0.0540	0.0505	0.0034	0.2155	0.1123	0.1032	0.0000	0.0000	0.0001	0.0001	0.0000	0.0024	0.0000	0.0000	0.0001	3.1740	0.0324	7.9692	0.1062	0.1045	0.1315	3.9421	0.0000	8.2311
61	79	0.0441	4	2	0	2	0	0	0	0	0	Y	N	Y	N	N	N	N	N	N	N	N	N	1.6132	1.1722	0.0000	3.6471	3.6452	75538.7596	inf	0.0000	0.0187	0.0222	0.0000	0.1814	0.1847	0.0000	0.0050	0.0060	0.0000	0.0116	0.0189	0.0000	0.0497	0.0507	0.0000	0.0000	0.0000	0.0000	0.0000	0.0000	-0.0003	-0.0010	2.0703	3.0096	7.0012	5.7427	0.0009	0.0009	0.0000	0.0007	0.0007	0.0000	0.0002	0.0002	0.0000	0.0019	0.0019	0.0000	0.0019	0.0019	0.0000	0.0000	0.0000	0.0000	0.0476	0.0402	0.0074	0.0037	0.0036	0.0001	0.0439	0.0366	0.0073	0.1613	0.0990	0.0623	0.0376	0.0370	0.0007	0.1237	0.0621	0.0616	1.6132	1.1722	0.0000	3.6471	3.6452	0.0000	75538.7596	inf	0.0000	0.0116	0.0189	0.0000	0.0497	0.0507	0.0000	0.0000	0.0000	0.0000	
61	80	0.0285	3	2	0	2	0	0	0	0	0	Y	N	Y	N	N	N	N	N	N	N	N	N	5.1803	1.1965	3392.7621	1.2988	1.2786	8.4581	1221.4375	3.0040	3646.2608	0.0561	0.0255	0.2189	0.1630	0.1643	0.0089	0.0398	0.0000	0.2204	0.0108	0.0213	0.0001	0.1255	0.1285	0.0011	0.0000	0.0000	0.0001	1.6067	0.0030	0.0003	-0.0005	2.0703	1.0477	7.0012	6.1154	0.0011	0.0004	0.0007	0.0004	0.0004	0.0000	0.0007	0.0000	0.0007	0.0010	0.0010	0.0000	0.0010	0.0010	0.0000	0.0000	0.0000	0.0000	0.0193	0.0163	0.0031	0.0026	0.0025	0.0000	0.0168	0.0137	0.0030	0.0940	0.0475	0.0465	0.0081	0.0079	0.0002	0.0859	0.0396	0.0463	5.1803	1.1965	3392.7621	1.2988	1.2786	8.4581	1221.4375	3.0040	3646.2608	0.0108	0.0213	0.0001	0.1255	0.1285	0.0011	0.0000	0.0000	0.0001
61	81	0.0220	2	1	0	1	0	0	0	0	0	N	N	N	N	N	N	N	N	N	N	N	N	1.0913	0.3928	39.3265	0.1410	0.1415	3.3705	9.7106	0.0000	39.3624	0.0335	0.0246	0.0812	0.3809	0.3820	0.0218	0.0134	0.0000	0.0813	0.0307	0.0626	0.0021	2.7004	2.6990	0.0065	0.0014	0.0006	0.0021	0.6128	0.0368	-0.0000	-0.0006	2.0703	1.9794	7.0012	1.0196	0.0011	0.0007	0.0004	0.0007	0.0007	0.0000	0.0004	0.0000	0.0004	0.0011	0.0011	0.0000	0.0010	0.0010	0.0000	0.0000	0.0000	0.0000	0.0325	0.0274	0.0051	0.0018	0.0018	0.0000	0.0307	0.0257	0.0051	0.0357	0.0168	0.0188	0.0004	0.0004	0.0000	0.0353	0.0164	0.0188	1.0913	0.3928	39.3265	0.1415	0.1415	3.3705	9.7106	0.0000	39.3624	0.0307	0.0626	0.0021	2.6911	2.6990	0.0065	0.0014	0.0006	0.0021
61	84	0.1324	12	1	1	1	0	0	0	0	0	N	N	N	N	N	N	N	N	N	N	N	N	0.2342	246.3903	0.0000	0.0265	0.1416	0.0000	0.2181	18216182.3552	0.0000	0.6308	0.7228	0.0001	0.0012	0.0013	0.0000	0.7485	0.8709	0.0001	2.6934	0.0029	6.6904	0.0450	0.0089	0.4862	3.4326	0.0000	7.0422	0.0000	1535.1627	-0.0265	0.4620	2.0703	7.1084	7.0012	28.8937	0.0696	0.0696	0.0000	0.0000	0.0000	0.0000	0.0696	0.0696	0.0000	1.0122	0.0007	1.0116	0.0037	0.0007	0.0030	1.0085	0.0000	1.0085	0.1104	0.0963	0.0141	0.0174	0.0164	0.0010	0.0930	0.0799	0.0131	0.3758	0.2246	0.1512	0.0820	0.0740	0.0080	0.2938	0.1506	0.1432	0.2342	246.3903	0.0000	0.0265	0.1416	0.0000	0.2181	18216182.3552	0.0000	2.6934	0.0029	6.6904	0.0450	0.0089	0.3792	3.4326	0.0000	7.0422
61	85	0.1249	11	1	1	1	0	0	0	0	0	N	N	N	N	N	N	N	N	N	N	N	N	0.0002	0.0007	0.0001	0.0001	0.0001	0.0000	0.0002	0.0280	0.0001	0.0014	0.0013	0.0018	0.0003	0.0003	0.0000	0.0019	0.0019	0.0023	8.9329	1.7743	35.7707	3.9834	3.6874	0.5386	11.5595	0.0665	32.9733	0.1804	6.5398	-0.0000	0.3432	2.0703	2.2208	7.0012	3.9129	0.0001	0.0001	0.0000	0.0000	0.0000	0.0000	0.0001	0.0001	0.0000	1.0578	0.1403	0.9175	0.1381	0.1375	0.0006	0.9197	0.0028	0.9169	0.0556	0.0493	0.0062	0.0194	0.0182	0.0012	0.0361	0.0311	0.0051	0.1184	0.0791	0.0393	0.0389	0.0373	0.0016	0.0796	0.0418	0.0378	0.0002	0.0007	0.0001	0.0001	0.0001	0.0000	0.0002	0.0280	0.0001	8.9329	1.7743	23.3206	3.5549	3.6874	0.3941	11.5595	0.0665	24.2691
61	86	0.2004	13	1	0	2	0	0	0	0	0	N	N	Y	N	N	N	N	N	N	N	N	N	0.0114	0.0112	0.0000	0.0033	0.0032	0.0000	0.0310	68198.8791	0.0000	0.0031	0.0035	0.0000	0.0025	0.0027	0.0000	0.0032	0.0037	0.0000	0.2711	0.3126	0.2081	0.7730	0.8384	0.2102	0.1031	0.0000	0.2079	0.0000	0.4391	-0.0001	-0.0088	2.0703	5.3425	7.0012	7.0749	0.0003	0.0003	0.0000	0.0000	0.0000	0.0000	0.0002	0.0002	0.0000	0.0370	0.0257	0.0113	0.0265	0.0257	0.0007	0.0105	0.0000	0.0105	0.0912	0.0800	0.0112	0.0147	0.0140	0.0007	0.0765	0.0659	0.0105	0.1366	0.0823	0.0543	0.0343	0.0307	0.0036	0.1023	0.0516	0.0507	0.0114	0.0112	0.0000	0.0033	0.0032	0.0000	0.0310	68198.8791	0.0000	0.2711	0.3126	0.2081	0.7730	0.8384	0.2102	0.1031	0.0000	0.2079
61	87	0.1572	12	1	0	1	0	0	0	0	0	N	N	N	N	N	N	N	N	N	N	N	N	0.0008	0.0214	0.0000	0.0298	0.0337	0.0001	0.0000	0.0049	0.0000	0.0025	0.0028	0.0001	0.0091	0.0098	0.0000	0.0001	0.0000	0.0001	2.9403	0.1300	7.5704	0.3057	0.2902	0.6622	4.0367	0.0086	8.0861	0.0057	35.3429	-0.0001	0.3558	2.0703	7.0719	7.0012	13.7350	0.0003	0.0003	0.0000	0.0003	0.0003	0.0000	0.0000	0.0000	0.0000	0.8285	0.0228	0.8057	0.0253	0.0219	0.0034	0.8031	0.0009	0.8023	0.1354	0.1192	0.0162	0.0361	0.0336	0.0025	0.0993	0.0857	0.0137	0.2818	0.1753	0.1064	0.0828	0.0756	0.0072	0.1990	0.0997	0.0992	0.0008	0.0214	0.0000	0.0298	0.0337	0.0001	0.0000	0.0049	0.0000	2.9403	0.1300	7.5704	0.3057	0.2902	0.4682	4.0367	0.0086	8.0861
61	88	0.0998	10	2	0	2	0	0	0	0	0	Y	N	Y	N	N	N	N	N	N	N	N	N	0.0000	0.0000	0.0000	0.0000	0.0000	0.0000	0.0000	0.0000	0.0000	0.0000	0.0000	0.0000	0.0000	0.0000	0.0000	0.0000	0.0000	0.0000	0.0000	0.0000	2.0703	0.0000	7.0012	0.0000	0.0000	0.0000	0.0000	0.0000	0.0000	0.0000	0.0000	0.0000	0.0000	0.0000	0.0000	0.0000	0.0000	0.0000	0.0000	0.0000	0.0000	0.0000	0.0000	0.0000	0.0000	0.0000	0.0000	0.0000	0.0000	0.0000	0.0000	0.0000	0.0000	0.0000	0.0000	0.0000	0.0000	0.0000	0.0000	0.0000	0.0000	0.0000	0.0000	0.0000	0.0000	0.0000	0.0000	0.0000	0.0000	0.0000	0.0000	0.0000	0.0000	0.0000	0.0000	0.0000	0.0000	0.0000											
61	89	0.0979	9	2	0	2	0	0	0	0	0	Y	N	Y	N	N	N	N	N	N	N	N	N	1.6093	1.2183	0.0000	1.2170	1.2213	0.0000	0.0000	0.0000	0.0000	0.0018	0.0020	0.0000	0.0045	0.0046	0.0000	0.0000	0.0000	0.0000	0.0011	0.0016	0.0001	0.0037	0.0038	0.0027	0.0000	0.0000	0.0000	0.0000	0.0235	-0.0000	-0.0000	2.0703	0.0001	7.0012	0.9161	0.0000	0.0000	0.0000	0.0000	0.0000	0.0000	0.0000	0.0000	0.0000	0.0000	0.0000	0.0000	0.0000	0.0000	0.0000	0.0000	0.0000	0.0000	0.0000	0.0000	0.0000	0.0000	0.0000	0.0000	0.0000	0.0000	0.0000	0.0170	0.0113	0.0057	0.0049	0.0048	0.0001	0.0121	0.0065	0.0056	1.6093	1.2183	0.0000	1.2170	1.2213	0.0000	0.0000	0.0000	0.0000	0.0011	0.0016	0.0001	0.0037	0.0038	0.0027	0.0000	0.0000	0.0000
61	90	0.0731	8	2	0	2	0	0	0	0	0	Y	N	Y	N	N	N	N	N	N	N	N	N	0.8142	102.5562	0.0000	18.7547	158.3875	0.0000	0.0000	0.0000	0.0050	0.0058	0.0000	0.0304	0.0320	0.0000	0.0000	0.0000	0.0000	0.0062	0.0001	0.0141	0.0016	0.0002	0.0341	0.0071	0.0000	0.0138	0.0000	195.0171	-0.0001	0.0004	2.0703	3.7876	7.0012	7.8440	0.0003	0.0003	0.0000	0.0003	0.0003	0.0000	0.0000	0.0000	0.0000	0.0008	0.0000	0.0008	0.0000	0.0000	0.0000	0.0008	0.0000	0.0008	0.0613	0.0536	0.0077	0.0102	0.0097	0.0005	0.0511	0.0440	0.0072	0.1311	0.0736	0.0574	0.0214	0.0205	0.0009	0.1097	0.0531	0.0565	0.8142	102.5562	0.0000	18.7547	158.3875	0.0000	0.0000	0.0000	0.0000	0.0062	0.0001	0.0141	0.0016	0.0002	0.0341	0.0071	0.0000	0.0138	
61	91	0.1055	10	1	1	1	1	0	0	0	0	N	N	N	N	N	N	N	N	N	N	N	N	0.0000	0.0000	0.0021	0.0000	0.0000	0.0018	0.0000	0.0000	0.0000	0.0000	0.0000	0.0000	0.0000	0.0000	0.0000	0.0000	0.0000	0.0000	0.0156	0.0271	0.0002	0.0912	0.0963	0.0054	0.0002	0.0002	0.0001	inf	0.0067	0.0000	-0.0016	2.0703	1.8247	7.0012	16.3284	0.0000	0.0000	0.0000	0.0000	0.0000	0.0000	0.0000	0.0000	0.0000	0.0030	0.0030	0.0000	0.0030	0.0029	0.0000	0.0000	0.0000	0.0000	0.0371	0.0328	0.0043	0.0090	0.0088	0.0002	0.0281	0.0240	0.0041	0.1919	0.1095	0.0824	0.0325	0.0306	0.0018	0.1595	0.0789	0.0806	0.0000	0.0000	0.0021	0.0000	0.0000	0.0018	0.0000	0.0000	0.0000	0.0156	0.0271	0.0002	0.0912	0.0963	0.0054	0.0002	0.0002	0.0001
61	92	0.0950	9	1	1	1	0	0	0	0	0	N	N	N	N	N	N	N	N	N	N	N	N	0.0000	0.0000	0.0000	0.0000	0.0000	0.0000	0.0000	0.0000	0.0000	0.0000	0.0000	0.0000	0.0000	0.0000	0.0000	0.0000	0.0000	0.0000	4.3546	0.0002	9.6291	0.0031	0.0014	0.0230	4.8271	0.0000	9.7931	33254.3491	0.0000	0.4558	2.0703	9.1310	7.0012	16.1726	0.0000	0.0000	0.0000	0.0000	0.0000	0.0000	0.0000	0.0000	0.0000	0.9974	0.0000	0.9974	0.0001	0.0000	0.0000	0.9974	0.0000	0.9974	0.1436	0.1257	0.0179	0.0256	0.0246	0.0011	0.1180	0.1012	0.0168	0.2291	0.1255	0.1036	0.0224	0.0207	0.0017	0.2066	0.1048	0.1018	0.0000	0.0000	0.0000	0.0000	0.0000	0.0000	0.0000	0.0000	0.0000	4.3546	0.0002	9.6291	0.0031	0.0014	0.0230	4.8271	0.0000	9.7931	
61	93	0.1799	15	1	1	1	0	0	0	0	0	N	N	N	N	N	N	N	N	N	N	N	N	0.0000	0.0000	0.0000	0.0000	0.0000	0.0000	0.0000	0.0000	0.0000	0.0000	0.0000	0.0000	0.0000	0.0000	0.0000	0.0000	0.0000	0.0000	6.2425	10.1729	0.0002	0.0067	0.0074	0.0001	8.8654	17.8846	0.0002	0.0000	0.0000	-0.5393	2.0703	4.0959	7.0012	8.7137	0.0000	0.0000	0.0000	0.0000	0.0000	0.0000	0.0000	0.0000	0.0000	0.9933	0.9933	0.0000	0.0003	0.0003	0.0000	0.9930	0.9930	0.0000	0.0661	0.0576	0.0085	0.0112	0.0108	0.0004	0.0549	0.0468	0.0081	0.1591	0.0976	0.0615	0.0471	0.0421	0.0050	0.1120	0.0555	0.0565	0.0000	0.0000	0.0000	0.0000	0.0000	0.0000	0.0000	0.0000	0.0000	6.2425	10.1729	0.0002	0.0067	0.0074	0.0001	8.8654	17.8846	0.0002	
61	94	0.1617	14	1	1	1	0	0	0	0	0	N	N	N	N	N	N	N	N	N	N	N	N	0.0000	0.0000	0.0000	0.0000	0.0000	0.0000	0.0000	0.0000	0.0000	0.0000	0.0000	0.0000	0.0000	0.0000	0.0000	0.0000	0.0000	0.0000	0.0634	0.0996	0.0070	0.0069	0.0074	0.0016	0.0832	0.1586	0.0073	0.0451	0.0000	-0.0032	2.0703	2.9443	7.0012	6.1524	0.0000	0.0000	0.0000	0.0000	0.0000	0.0000	0.0000	0.0000	0.0000	0.0063	0.0061	0.0003	0.0002	0.0002	0.0000	0.0062	0.0059	0.0003	0.0501	0.0436	0.0066	0.0106	0.0103	0.0003	0.0395	0.0333	0.0062	0.0999	0.0608	0.0391	0.0259	0.0237	0.0022	0.0740	0.0371	0.0369	0.0000	0.0000	0.0000	0.0000	0.0000	0.0000	0.0000	0.0000	0.0000	0.0634	0.0996	0.0070	0.0069	0.0074	0.0016	0.0832	0.1586	0.0073	
61	95	0.1592	13	1	0	1	0	0	0	0	0	N	N	N	N	N	N	N	N	N	N	N	N	0.0002	0.0002	0.0002	0.0000	0.0000	0.0000	0.0005	2.7764	0.0002	0.0000	0.0000	0.0000	0.0000	0.0000	0.0000	0.0000	0.0000	0.0000	0.0107	0.0109	0.0104	0.0205	0.0210	0.0043	0.0053	0.0000	0.0106	0.1419	0.4792	-0.0000	-0.0001	2.0703	0.8596	7.0012	1.2300	0.0000	0.0000	0.0000	0.0000	0.0000	0.0000	0.0000	0.0000	0.0000	0.0005	0.0003	0.0002	0.0003	0.0003	0.0000	0.0001	0.0000	0.0001	0.0144	0.0126	0.0018	0.0031	0.0030	0.0001	0.0113	0.0096	0.0017	0.0437	0.0290	0.0146	0.0156	0.0151	0.0005	0.0281	0.0139	0.0142	0.0002	0.0002	0.0002	0.0000	0.0000	0.0000	0.0005	2.7764	0.0002	0.0107	0.0109	0.0104	0.0205	0.0210	0.0043	0.0053	0.0000	0.0106
61	96	0.1473	12	1	0	1	0	0	0	0	0	N	N	N	N	N	N	N	N	N	N	N	N	0.0001	0.0001	0.0000	0.0001	0.0001	0.0000	0.0000	0.0000	0.0000	0.0000	0.0000	0.0000	0.0000	0.0000	0.0000	0.0000	0.0000	0.0000	0.0070	0.0073	0.0064	0.0147	0.0152	0.0029	0.0034	0.0000	0.0066	0.0000	0.5264	-0.0000	-0.0001	2.0703	3.7737	7.0012	2.5241	0.0000	0.0000	0.0000	0.0000	0.0000	0.0000	0.0000	0.0000	0.0000	0.0007	0.0005	0.0002	0.0005	0.0005	0.0000	0.0002	0.0000	0.0002	0.0792	0.0702	0.0090	0.0228	0.0218	0.0010	0.0564	0.0485	0.0080	0.0992	0.0621	0.0371	0.0312	0.0298	0.0014	0.0680	0.0323	0.0358	0.0001	0.0001	0.0000	0.0001	0.0001	0.0000	0.0000	0.0000	0.0000	0.0070	0.0073	0.0064	0.0147	0.0152	0.0029	0.0034	0.0000	0.0066
61	97	0.1265	11	1	0	1	0	0	0	0	0	N	N	N	N	N	N	N	N	N	N	N	N	0.0000	0.0000	0.0000	0.0000	0.0000	0.0000	0.0000	0.0000	0.0000	0.0000	0.0000	0.0000	0.0000	0.0000	0.0000	0.0000	0.0000	0.0000	0.0101	0.0169	0.0003	0.0486	0.0522	0.0007	0.0002	0.0000	0.0003	0.0000	0.0125	-0.0000	-0.0007	2.0703	6.4922	7.0012	4.5502	0.0000	0.0000	0.0000	0.0000	0.0000	0.0000	0.0000	0.0000	0.0000	0.0013	0.0013	0.0000	0.0013	0.0012	0.0000	0.0000	0.0000	0.0000	0.1006	0.0878	0.0128	0.0168	0.0161	0.0007	0.0838	0.0717	0.0121	0.1250	0.0741	0.0509	0.0257	0.0240	0.0018	0.0993	0.0502	0.0491	0.0000	0.0000	0.0000	0.0000	0.0000	0.0000	0.0000	0.0000	0.0000	0.0101	0.0169	0.0003	0.0486	0.0522	0.0007	0.0002	0.0000	0.0003
61	98	0.0731	8	1	1	1	0	0	0	0	0	N	N	N	N	N	N	N	N	N	N	N	N	0.1086	0.0000	0.9595	0.0000	0.0000	0.0000	5.3407	19.5343	0.0000	0.0000	0.0002	0.0000	0.0000	0.0000	0.0000	0.0000	0.0002	0.0002	0.0002	0.0002	0.0011	0.0007	0.0102	0.0000	0.0000	0.0000	inf	0.7306	0.0000	-0.0000	2.0703	1.3608	7.0012	12.1483	0.0000	0.0000	0.0000	0.0000	0.0000	0.0000	0.0000	0.0000	0.0000	0.0000	0.0000	0.0000	0.0000	0.0000	0.0000	0.0000	0.0000	0.0000	0.0253	0.0223	0.0030	0.0064	0.0061	0.0003	0.0189	0.0162	0.0026	0.1475	0.0825	0.0650	0.0229	0.0218	0.0010	0.1247	0.0607	0.0640	0.1086	0.0000	0.9595	0.0000	0.0000	0.0000	5.3407	0.0000	19.5343	0.0002	0.0002	0.0002	0.0011	0.0007	0.0102	0.0000	0.0000	0.0000	
61	99	0.0694	7	1	0	1	0	0	0	0	0	N	N	N	N	N	N	N	N	N	N	N	N	0.0226	0.0203	0.0457	0.0471	0.0519	0.0000	0.0122	0.0000	0.0527	0.0000	0.0000	0.0001	0.0001	0.0001	0.0000	0.0000	0.0000	0.0001	0.0011	0.0010	0.0012	0.0019	0.0018	0.0046	0.0008	0.0000	0.0012	0.4336	0.9959	-0.0000	-0.0000	2.0703	1.5300	7.0012	0.7696	0.0000	0.0000	0.0000	0.0000	0.0000	0.0000	0.0000	0.0000	0.0000	0.0001	0.0000	0.0000	0.0000	0.0000	0.0000	0.0000	0.0000	0.0000	0.0283	0.0246	0.0038	0.0056	0.0052	0.0004	0.0227	0.0194	0.0033	0.0465	0.0260	0.0205	0.0141	0.0139	0.0002	0.0324	0.0121	0.0203	0.0226	0.0203	0.0457	0.0471	0.0519	0.0000	0.0122	0.0000	0.0527	0.0011	0.0010	0.0012	0.0019	0.0018	0.0046	0.0008	0.0000	0.0012
61	100	0.0606	6	1	0	1	0	0	0	0	0	N	N	N	N	N	N	N	N	N	N	N	N	0.0004	0.0041	0.0000	0.0090	0.0151	0.0000	0.0000	0.0000	0.0000	0.0000	0.0000	0.0000	0.0000	0.0000	0.0000	0.0000	0.0000	0.0000	0.0098	0.0010	0.0197	0.0043	0.0026	0.0622	0.0114	0.0000	0.0192	0.0103	16.6472	-0.0000	0.0003	2.0703	3.6906	7.0012	1.4800	0.0000	0.0000	0.0000	0.0000	0.0000	0.0000	0.0000	0.0000	0.0000	0.0008	0.0000	0.0007	0.0001	0.0000	0.0000	0.0007	0.0000	0.0007	0.0570	0.0496	0.0074	0.0056	0.0054	0.0002	0.0515	0.0442	0.0073	0.0800	0.0424	0.0376	0.0174	0.0169	0.0005	0.0626	0.0255	0.0371	0.0004	0.0041	0.0000	0.0090	0.0151	0.0000	0.0000	0.0000	0.0000	0.0098	0.0010	0.0197	0.0043	0.0026	0.0622	0.0114	0.0000	0.0192
61	101	0.0606	5	1	0	1	0	0	0	0	0	N	N	N	N	N	N	N	N	N	N	N	N	0.0000	0.0000	0.0001	0.0000	0.0000	0.0000	0.0000	0.0000	0.0001	0.0000	0.0000	0.0000	0.0000	0.0000	0.0000	0.0000	0.0000	0.0000	0.0458	0.0434	0.0485	0.0554	0.0540	0.1593	0.0387	0.0011	0.0472	1.0000	1.0024	0.0000	-0.0001	2.0703	0.1361	7.0012	0.4500	0.0000	0.0000	0.0000	0.0000	0.0000	0.0000	0.0000	0.0000	0.0000	0.0015	0.0008	0.0008	0.0008	0.0008	0.0000	0.0007	0.0000	0.0007	0.0038	0.0034	0.0004	0.0011	0.0010	0.0000	0.0028	0.0024	0.0004	0.0334	0.0176	0.0158	0.0143	0.0141	0.0002	0.0191	0.0035	0.0156	0.0000	0.0000	0.0001	0.0000	0.0000	0.0000	0.0000	0.0000	0.0001	0.0458	0.0434	0.0485	0.0554	0.0540	0.1593	0.0387	0.0011	0.0472
61	102	0.0447	4	1	0	1	0	0	0	0	0	N	N	N	N	N	N	N	N	N	N	N	N	0.0000	0.0000	0.0000	0.0001	0.0000	0.0000	0.0000	0.0000	0.0000	0.0000	0.0000	0.0000	0.0000	0.0000	0.0005	0.0000	0.0000	0.0000	7.8826	0.0140	19.3596	0.0581	0.0404	11.8298	9.5467	0.0007	16.4739	81.0008	1079.1376	0.0000	0.4451	2.0703	3.5591	7.0012	4.5341	0.0000	0.0000	0.0000	0.0000	0.0000	0.0000	0.0000	0.0000	0.0000	0.9758	0.0009	0.9749	0.0013	0.0009	0.0004	0.9745	0.0000	0.9745	0.0713	0.0637	0.0076	0.0185	0.0182	0.0003	0.0529	0.0456	0.0073	0.1238	0.0646	0.0592	0.0217	0.0216	0.0001	0.1021	0.0429	0.0592	0.0000	0.0000	0.0000	0.0001	0.0000	0.0001	0.0000	0.0000	0.0000	7.8826	0.0140	16.4563	0.0581	0.0404	4.4648	9.5467	0.0007	16.4739
61	104	0.1814	13	1	1	1	0	0	0	0	0	N	N	N	N	N	N	N	N	N	N	N	N	0.0198	0.0009	5.1640	0.0023	0.0012	1.7144	2.3751	0.0000	6.9222	0.0002	0.0000	0.0018	0.0001	0.0000	0.0018	0.0003	0.0000	0.0018	0.0122	0.0158	0.0003	0.0293	0.0312	0.0010	0.0001	0.0001	0.0003	18.3656	0.0065	0.0000	-0.0002	2.0703	0.0277	7.0012	1.3445	0.0000	0.0000	0.0000	0.0000	0.0000	0.0000	0.0000	0.0000	0.0000	0.0004	0.0004	0.0000	0.0004	0.0004	0.0000	0.0000	0.0000	0.0000	0.0007	0.0006	0.0001	0.0003	0.0003	0.0000	0.0005	0.0004	0.0001	0.0314	0.0241	0.0073	0.0130	0.0122	0.0008	0.0184	0.0120	0.0064	0.0198	0.0009	5.1640	0.0023	0.0012	1.7144	2.3751	0.0000	6.9222	0.0122	0.0158	0.0003	0.0293	0.0312	0.0010	0.0001	0.0001	0.0003
61	105	0.1347	12	1	1	1	0	0	0	0	0	N	N	N	N	N	N	N	N	N	N	N	N	0.2566	0.0000	14.4874	0.0004	0.0004	0.0000	0.2723	0.0000	14.9461	0.0044	0.0000	0.0355	0.0000	0.0000	0.0000	0.0056	0.0000	0.0381	0.0171	0.0271	0.0025	0.0028	0.0031	0.0002	0.0204	0.0369	0.0025	19731.2273	0.0621	0.0002	-0.0017	2.0703	5.1414	7.0012	16.4151	0.0004	0.0000	0.0004	0.0000	0.0000	0.0000	0.0004	0.0000	0.0004	0.0035	0.0033	0.0002	0.0001	0.0001	0.0000	0.0034	0.0032	0.0002	0.0821	0.0720	0.0101	0.0173	0.0166	0.0007	0.0648	0.0553	0.0094	0.2027	0.1201	0.0825	0.0383	0.0347	0.0036	0.1644	0.0854	0.0790	0.2566	0.0000	14.4874	0.0004	0.0004	0.0000	0.2723	0.0000	14.9461	0.0171	0.0271	0.0025	0.0028	0.0031	0.0002	0.0204	0.0369	0.0025
61	106	0.1265	11	1	0	1	0	0	0	0	0	N	N	N	N	N	N	N	N	N	N	N	N	0.0019	0.0000	0.0134	0.0001	0.0001	0.0000	0.0025	0.0000	0.0146	0.0000	0.0000	0.0000	0.0000	0.0000	0.0000	0.0000	0.0000	0.0000	0.0023	0.0022	0.0026	0.0029	0.0029	0.0041	0.0021	0.0017	0.0025	76.0570	0.7440	0.0000	-0.0000	2.0703	3.8974	7.0012	1.6364	0.0000	0.0000	0.0000	0.0000	0.0000	0.0000	0.0000	0.0000	0.0000	0.0002	0.0001	0.0001	0.0001	0.0001	0.0000	0.0001	0.0000	0.0001	0.0625	0.0545	0.0080	0.0109	0.0105	0.0005	0.0516	0.0441	0.0075	0.0756	0.0465	0.0292	0.0190	0.0181	0.0009	0.0567	0.0284	0.0282	0.0019	0.0000	0.0134	0.0001	0.0001	0.0000	0.0025	0.0000	0.0146	0.0023	0.0022	0.0026	0.0029	0.0029	0.0041	0.0021	0.0017	0.0025
61	107	0.1055	10	1	0	1	0	0	0	0	0	N	N	N	N	N	N	N	N	N	N	N	N	0.0001	0.0000	0.0038	0.0000	0.0000	0.0025	0.0008	0.0000	0.0038	0.0000	0.0000	0.0000	0.0000	0.0000	0.0000	0.0000	0.0000	0.0000	0.0073	0.0118	0.0010	0.0335	0.0342	0.0186	0.0005	0.0003	0.0007	inf	0.0638	0.0000	-0.0004	2.0703	0.3701	7.0012	9.6236	0.0000	0.0000	0.0000	0.0000	0.0000	0.0000	0.0000	0.0000	0.0000	0.0009	0.0008	0.0001	0.0009	0.0008	0.0000	0.0000	0.0000	0.0000	0.0150	0.0135	0.0014	0.0055	0.0055	0.0000	0.0094	0.0080	0.0014	0.1232	0.0715	0.0517	0.0255	0.0244	0.0011	0.0977	0.0471	0.0506	0.0001	0.0000	0.0038	0.0000	0.0000	0.0025	0.0008	0.0000	0.0038	0.0073	0.0118	0.0010	0.0335	0.0342	0.0186	0.0005	0.0003	0.0007
61	108	0.0950	9	1	0	1	0	0	0	0	0	N	N	N	N	N	N	N	N	N	N	N	N	0.0000	0.0000	0.0000	0.0000	0.0000	0.0000	0.0000	0.0000	0.0000	0.0000	0.0000	0.0000	0.0000	0.0000	0.0000	0.0000	0.0000	0.0000	0.0111	0.0189	0.0012	0.0733	0.0770	0.0007	0.0010	0.0008	0.0012	0.0000	0.0496	-0.0000	-0.0003	2.0703	0.4415	7.0012	4.8853	0.0000	0.0000	0.0000	0.0000	0.0000	0.0000	0.0000	0.0000	0.0000	0.0006	0.0006	0.0000	0.0006	0.0006	0.0000	0.0001	0.0000	0.0000	0.0161	0.0146	0.0016	0.0058	0.0057	0.0001	0.0104	0.0089	0.0015	0.0583	0.0325	0.0258	0.0081	0.0077	0.0004	0.0502	0.0248	0.0254	0.0000	0.0000	0.0000	0.0000	0.0000	0.0000	0.0000	0.0000	0.0000	0.0111	0.0189	0.0012	0.0733	0.0770	0.0007	0.0010	0.0008	0.0012
61	109	0.1174	8	2	1	1	1	0	0	0	0	Y	N	N	N	N	N	N	N	N	N	N	N	0.0000	0.0000	0.0000	0.0000	0.0000	0.0000	0.0000	0.0000	0.0000	0.0000	0.0000	0.0000	0.0000	0.0000	0.0000	0.0000	0.0000	0.0000	0.0000	0.0000	2.0703	0.0000	7.0012	0.0000	0.0000	0.0000	0.0000	0.0000	0.0000	0.0000	0.0000	0.0000	0.0000	0.0000	0.0000	0.0000	0.0000	0.0000	0.0000	0.0000	0.0000	0.0000	0.0000	0.0000	0.0000	0.0000	0.0000	0.0000	0.0000	0.0000	0.0000	0.0000	0.0000	0.0000	0.0000	0.0000	0.0000	0.0000	0.0000	0.0000	0.0000	0.0000	0.0000	0.0000	0.0000	0.0000	0.0000	0.0000	0.0000	0.0000	0.0000	0.0000	0.0000	0.0000	0.0000	0.0000	0.0000	0.0000											
61	110	0.1024	7	2	1	1	1	0	0	0	0	Y	N	N	N	N	N	N	N	N	N	N	N	0.0000	0.0000	0.0000	0.0000	0.0000	0.0000	0.0000	0.0000	0.0000	0.0000	0.0000	0.0000	0.0000	0.0000	0.0000	0.0004	0.0000	0.0009	0.0030	0.0000	0.0229	0.0000	0.0000	0.0000	inf	0.0000	0.0000	2.0703	0.0000	7.0012	7.1240	0.0000	0.0000	0.0000	0.0000	0.0000	0.0000	0.0000	0.0000	0.0000	0.0000	0.0000	0.0000	0.0000	0.0000	0.0000	0.0000	0.0000	0.0000	0.0000	0.0000	0.0000	0.0000	0.0000	0.0000	0.0000	0.0000	0.0000	0.0756	0.0421	0.0336	0.0099	0.0086	0.0013	0.0658	0.0335	0.0323	0.0000	0.0000	0.0000	0.0000	0.0000	0.0000	0.0000	0.0000	0.0000	0.0004	0.0000	0.0009	0.0030	0.0000	0.0229	0.0000	0.0000	0.0000				
61	111	0.1114	9	1	1	1	1	0	0	0	0	N	N	N	N	N	N	N	N	N	N	N	N	0.0000	0.0000	0.0000	0.0000	0.0000	0.0000	0.0000	0.0000	0.0000	0.0000	0.0000	0.0000	0.0000	0.0000	0.0000	0.0000	0.0000	0.0000	0.0000	0.0000	0.0000	-0.0000	2.0703	0.0016	7.0012	5.0076	0.0000	0.0000	0.0000	0.0000	0.0000	0.0000	0.0000	0.0000	0.0000	0.0000	0.0000	0.0000	0.0000	0.0000	0.0000	0.0000	0.0000	0.0000	0.0001	0.0001	0.0000	0.0000	0.0000	0.0000	0.0000	0.0000	0.0000	0.0515	0.0290	0.0226	0.0082	0.0065	0.0017	0.0434	0.0225	0.0209	0.0000	0.0000	0.0000	0.0000	0.0000	0.0000	0.0000	0.0000	0.0000	0.0000	0.0000	0.0000	0.0000	0.0000	0.0000	0.0000	0.0000	0.0000									
61	112	0.1046	8	1	1	1	1	0	0	0	0	N	N	N	N	N	N	N	N	N	N	N	N	0.0000	0.0000	0.0000	0.0000	0.0000	0.0000	0.0000	0.0000	0.0000	0.0000	0.0000	0.0000	0.0000	0.0000	0.0000	0.0000	0.0000	0.0000	0.0000	0.0000	0.0000	0.0000	0.0000	0.0000	-0.0000	2.0703	1.0012	7.0012	2.1373	0.0000	0.0000	0.0000	0.0000	0.0000	0.0000	0.0000	0.0000	0.0000	0.0000	0.0000	0.0000	0.0000	0.0000	0.0000	0.0000	0.0000	0.0000	0.0152	0.0133	0.0019	0.0027	0.0026	0.0001	0.0125	0.0107	0.0018	0.0368	0.0208	0.0160	0.0066	0.0058	0.0008	0.0302	0.0150	0.0152	0.0000	0.0000	0.0000	0.0000	0.0000	0.0000	0.0000	0.0000	0.0000	0.0000	0.0000	0.0000	0.0000	0.0000	0.0000	0.0000	0.0000	0.0000						
61	113	0.1129	8	1	1	1	0	0	0	0	0	N	N	N	N	N	N	N	N	N	N	N	N	0.0000	0.0000	0.0000	0.0000	0.0000	0.0000	0.0000	0.0000	0.0000	0.0000	0.0000	0.0000	0.0000	0.0000	0.0000	0.0000	0.0000	0.0623	0.0000	0.1431	0.0001	0.0001	0.0000	0.0725	0.0000	0.1497	6788.0869	0.0000	0.0017	2.0703	0.9705	7.0012	5.0371	0.0000	0.0000	0.0000	0.0000	0.0000	0.0000	0.0000	0.0000	0.0000	0.0037	0.0000	0.0037	0.0000	0.0000	0.0000	0.0037	0.0000	0.0037	0.0172	0.0152	0.0020	0.0042	0.0040	0.0002	0.0130	0.0111	0.0019	0.0598	0.0337	0.0260	0.0084	0.0072	0.0012	0.0514	0.0265	0.0249	0.0000	0.0000	0.0000	0.0000	0.0000	0.0000	0.0000	0.0000	0.0000	0.0623	0.0000	0.1431	0.0001	0.0001	0.0000	0.0725	0.0000	0.1497		
61	114	0.1046	8	1	0	2	1	0	0	0	0	N	N	Y	N	N	N	N	N	N	N	N	N	0.0000	0.0000	0.0000	0.0000	0.0000	0.0000	0.0000	0.0000	0.0000	0.0000	0.0000	0.0000	0.0000	0.0000	0.0000	0.0000	0.0000	0.0000	0.0000	0.0000	2.0703	0.0000	7.0012	1.1303	0.0000	0.0000	0.0000	0.0000	0.0000	0.0000	0.0000	0.0000	0.0000	0.0000	0.0000	0.0000	0.0000	0.0000	0.0000	0.0000	0.0000	0.0000	0.0000	0.0000	0.0000	0.0000	0.0000	0.0000	0.0000	0.0000	0.0000	0.0165	0.0095	0.0070	0.0040	0.0037	0.0003	0.0125	0.0058	0.0067	0.0000	0.0000	0.0000	0.0000	0.0000	0.0000	0.0000	0.0000	0.0000	0.0000	0.0000	0.0000	0.0000	0.0000	0.0000	0.0000	0.0000	0.0000											
61	115	0.1024	7	1	0	1	1	0	0	0	0	N	N	N	N	N	N	N	N	N	N	N	N	0.0000	0.0000	0.0000	0.0000	0.0000	0.0000	0.0000	0.0000	0.0000	0.0000	0.0000	0.0000	0.0000	0.0000	0.0000	0.0000	0.0000	0.0000	0.0000	0.0000	0.0000	0.0000	0.0000	0.0000	0.0000	0.0000	-0.0000	2.0703	0.0000	7.0012	1.2340	0.0000	0.0000	0.0000	0.0000	0.0000	0.0000	0.0000	0.0000	0.0000	0.0000	0.0000	0.0000	0.0000	0.0000	0.0000	0.0000	0.0000	0.0000	0.0000	0.0000	0.0000	0.0000	0.0000	0.0000	0.0000	0.0000	0.0000	0.0178	0.0102	0.0075	0.0039	0.0037	0.0002	0.0138	0.0065	0.0073	0.0000	0.0000	0.0000	0.0000	0.0000	0.0000	0.0000	0.0000	0.0000	0.0000	0.0000	0.0000	0.0000	0.0000	0.0000	0.0000	0.0000	0.0000				
61	116	0.1099	8	1	0	2	1	0	0	0	0	N	N	Y	N	N	N	N	N	N	N	N	N	0.0000	0.0000	0.0000	0.0000	0.0000	0.0000	0.0000	0.0000	0.0000	0.0000	0.0000	0.0000	0.0000	0.0000	0.0000	0.0000	0.0000	0.0000	0.0000	-0.0000	2.0703	0.9725	7.0012	0.9874	0.0000	0.0000	0.0000	0.0000	0.0000	0.0000	0.0000	0.0000	0.0000	0.0000	0.0000	0.0000	0.0000	0.0000	0.0000	0.0000	0.0000	0.0000	0.0162	0.0143	0.0019	0.0036	0.0035	0.0001	0.0126	0.0108	0.0018	0.0211	0.0122	0.0089	0.0032	0.0027	0.0004	0.0180	0.0095	0.0084	0.0000	0.0000	0.0000	0.0000	0.0000	0.0000	0.0000	0.0000	0.0000	0.0000	0.0000	0.0000	0.0000	0.0000	0.0000	0.0000	0.0000	0.0000											
61	117	0.1099	8	1	0	2	1	0	0	0	0	N	N	Y	N	N	N	N	N	N	N	N	N	0.0000	0.0000	0.0000	0.0000	0.0000	0.0000	0.0000	0.0000	0.0000	0.0000	0.0000	0.0000	0.0000	0.0000	0.0000	0.0000	0.0000	0.0000	0.0000	0.0000	0.0000	0.0000	inf	0.0000	0.0000	2.0703	0.0285	7.0012	4.0215	0.0000	0.0000	0.0000	0.0000	0.0000	0.0000	0.0000	0.0000	0.0000	0.0000	0.0000	0.0000	0.0000	0.0000	0.0000	0.0000	0.0000	0.0000	0.0016	0.0015	0.0001	0.0007	0.0007	0.0000	0.0009	0.0008	0.0001	0.0417	0.0238	0.0180	0.0057	0.0048	0.0009	0.0360	0.0189	0.0171	0.0000	0.0000	0.0000	0.0000	0.0000	0.0000	0.0000	0.0000	0.0000	0.0000	0.0000	0.0000	0.0000	0.0000	0.0000	0.0000	0.0000	0.0000						
61	118	0.1024	7	1	0	2	1	0	0	0	0	N	N	Y	N	N	N	N	N	N	N	N	N	0.0000	0.0000	0.0000	0.0000	0.0000	0.0000	0.0000	0.0000	0.0000	0.0000	0.0000	0.0000	0.0000	0.0000	0.0000	0.0000	0.0000	0.0000	0.0000	0.0000	0.0000	0.0000	0.0000	0.0000	0.0000	0.0000	-0.0000	2.0703	3.0275	7.0012	2.1573	0.0000	0.0000	0.0000	0.0000	0.0000	0.0000	0.0000	0.0000	0.0000	0.0000	0.0000	0.0000	0.0000	0.0000	0.0000	0.0000	0.0000	0.0000	0.0454	0.0397	0.0057	0.0080	0.0077	0.0003	0.0374	0.0320	0.0053	0.0569	0.0318	0.0251	0.0080	0.0070	0.0010	0.0489	0.0248	0.0242	0.0000	0.0000	0.0000	0.0000	0.0000	0.0000	0.0000	0.0000	0.0000	0.0000	0.0000	0.0000	0.0000	0.0000	0.0000	0.0000	0.0000	0.0000				
61	119	0.1437	7	2	1	1	0	0	0	0	0	Y	N	N	N	N	N	N	N	N	N	N	N	0.0000	0.0000	0.0000	0.0000	0.0000	0.0000	0.0000	0.0000	0.0000	0.0000	0.0000	0.0000	0.0000	0.0000	0.0000	0.0000	0.0000	0.0000	0.0001	0.0001	0.0000	0.0002	0.0002	0.0000	0.0000	0.0000	0.0000	0.0363	0.0000	-0.0000	2.0703	2.1883	7.0012	3.1271	0.0000	0.0000	0.0000	0.0000	0.0000	0.0000	0.0000	0.0000	0.0000	0.0000	0.0000	0.0000	0.0000	0.0000	0.0000	0.0000	0.0000	0.0000	0.0399	0.0355	0.0044	0.0092	0.0089	0.0003	0.0307	0.0266	0.0041	0.0610	0.0369	0.0240	0.0133	0.0126	0.0007	0.0476	0.0243	0.0233	0.0000	0.0000	0.0000	0.0000	0.0000	0.0000	0.0000	0.0000	0.0000	0.0001	0.0001	0.0000	0.0002	0.0002	0.0000	0.0000	0.0000	0.0000	
61	120	0.0767	6	2	1	1	0	0	0	0	0	Y	N	N	N	N	N	N	N	N	N	N	N	0.0000	0.0000	0.0000	0.0000	0.0000	0.0000	0.0000	0.0000	0.0000	0.0000	0.0000	0.0000	0.0000	0.0000	0.0000	0.0000	0.0000	0.0000	0.0009	0.0017	0.0000	0.0140	0.0150	0.0011	0.0000	0.0000	0.0000	0.0000	0.0121	-0.0000	-0.0001	2.0703	13.6104	7.0012	16.0982	0.0000	0.0000	0.0000	0.0000	0.0000	0.0000	0.0000	0.0000	0.0000	0.0003	0.0003	0.0000	0.0003	0.0003	0.0000	0.0000	0.0000	0.0000	0.2077	0.1819	0.0258	0.0344	0.0332	0.0013	0.1733	0.1487	0.0245	0.2791	0.1508	0.1283	0.0187	0.0174	0.0014	0.2603	0.1334	0.1269	0.0000	0.0000	0.0000	0.0000	0.0000	0.0000	0.0000	0.0000	0.0000	0.0009	0.0017	0.0000	0.0140	0.0150	0.0011	0.0000	0.0000	0.0000
61	121	0.0813	6	1	1	1	0	0	0	0	0	N	N	N	N	N	N	N	N	N	N	N	N	0.0000	0.0000	0.0000	0.0001	0.0000	0.0092	0.0000	0.0000	0.0000	0.0002	0.0000	0.0016	0.0000	0.0000	0.0002	0.0003	0.0000	0.0017	8.8806	0.0182	45.3717	0.0378	0.0383	0.0186	12.9922	0.0000	37.5321	inf	748.9035	0.0000	0.4491	2.0703	0.3548	7.0012	4.6068	0.0000	0.0000	0.0000	0.0000	0.0000	0.0000	0.0000	0.0000	0.0000	0.9855	0.0013	0.9842	0.0013	0.0013	0.0000	0.9842	0.0000	0.9842	0.0178	0.0161	0.0017	0.0072	0.0071	0.0001	0.0106	0.0090	0.0016	0.1110	0.0723	0.0387	0.0352	0.0343	0.0009	0.0758	0.0380	0.0378	0.0000	0.0000	0.0001	0.0001	0.0000	0.0092	0.0000	0.0000	0.0001	8.8806	0.0182	25.4399	0.0378	0.0383	0.0186	12.9922	0.0000	26.0696
61	122	0.0664	5	1	1	1	0	0	0	0	0	N	N	N	N	N	N	N	N	N	N	N	N	0.0014	0.0066	0.0041	0.0058	0.0056	0.0198	0.0013	0.0000	0.0042	0.0003	0.0001	0.0016	0.0003	0.0003	0.0000	0.0003	0.0000	0.0017	0.1871	0.0133	0.3919	0.0548	0.0575	0.0011	0.2005	0.0048	0.3957	2.4678	25.0160	0.0000	0.0064	2.0703	1.6911	7.0012	5.7022	0.0000	0.0000	0.0000	0.0000	0.0000	0.0000	0.0000	0.0000	0.0000	0.0154	0.0006	0.0148	0.0004	0.0004	0.0000	0.0150	0.0002	0.0148	0.0358	0.0316	0.0042	0.0087	0.0085	0.0002	0.0271	0.0231	0.0041	0.0822	0.0445	0.0378	0.0075	0.0072	0.0004	0.0747	0.0373	0.0374	0.0014	0.0066	0.0041	0.0058	0.0056	0.0198	0.0013	0.0000	0.0042	0.1871	0.0133	0.3919	0.0548	0.0575	0.0011	0.2005	0.0048	0.3957
61	124	0.1175	9	2	1	1	0	0	0	0	0	Y	N	N	N	N	N	N	N	N	N	N	N	0.0000	0.0000	0.0000	0.0000	0.0000	0.0000	0.0000	0.0000	0.0000	0.0000	0.0000	0.0000	0.0000	0.0000	0.0000	0.0000	0.0000	0.0000	0.0000	0.0000	2.0703	0.0000	7.0012	0.0000	0.0000	0.0000	0.0000	0.0000	0.0000	0.0000	0.0000	0.0000	0.0000	0.0000	0.0000	0.0000	0.0000	0.0000	0.0000	0.0000	0.0000	0.0000	0.0000	0.0000	0.0000	0.0000	0.0000	0.0000	0.0000	0.0000	0.0000	0.0000	0.0000	0.0000	0.0000	0.0000	0.0000	0.0000	0.0000	0.0000	0.0000	0.0000	0.0000	0.0000	0.0000	0.0000	0.0000	0.0000	0.0000	0.0000	0.0000	0.0000	0.0000	0.0000	0.0000	0.0000	0.0000	0.0000											
61	125	0.1129	8	2	1	1	0	0	0	0	0	Y	N	N	N	N	N	N	N	N	N	N	N	0.0000	0.0000	0.0000	0.0000	0.0000	0.0000	0.0000	0.0000	0.0000	0.0000	0.0000	0.0000	0.0000	0.0000	0.0000	0.0000	0.0000	0.1588	0.0000	0.3802	0.0024	0.0000	0.0231	0.1914	0.0000	0.3962	3120631.2501	0.0000	0.0017	2.0703	0.1434	7.0012	1.9839	0.0000	0.0000	0.0000	0.0000	0.0000	0.0000	0.0000	0.0000	0.0000	0.0037	0.0000	0.0037	0.0000	0.0000	0.0000	0.0037	0.0000	0.0037	0.0047	0.0042	0.0005	0.0019	0.0019	0.0001	0.0028	0.0024	0.0004	0.0236	0.0137	0.0098	0.0041	0.0036	0.0004	0.0195	0.0101	0.0094	0.0000	0.0000	0.0000	0.0000	0.0000	0.0000	0.0000	0.0000	0.0000	0.1588	0.0000	0.3802	0.0024	0.0000	0.0231	0.1914	0.0000	0.3962		
61	126	0.1024	7	1	1	1	0	0	0	0	0	N	N	N	N	N	N	N	N	N	N	N	N	0.0000	0.0000	0.0000	0.0000	0.0000	0.0000	0.0000	0.0000	0.0000	0.0000	0.0000	0.0000	0.0000	0.0000	0.0000	0.0000	0.0000	0.0000	18.7177	0.0000	92.6183	0.0000	0.0000	0.0003	21.8330	0.0000	86.2763	61803985.4870	0.0000	0.4548	2.0703	1.8882	7.0012	2.9115	0.0000	0.0000	0.0000	0.0000	0.0000	0.0000	0.0000	0.0000	0.0000	0.9950	0.0000	0.9950	0.0000	0.0000	0.0000	0.9950	0.0000	0.9950	0.0285	0.0249	0.0036	0.0051	0.0048	0.0002	0.0234	0.0201	0.0034	0.0532	0.0297	0.0235	0.0076	0.0067	0.0009	0.0456	0.0230	0.0226	0.0000	0.0000	0.0000	0.0000	0.0000	0.0000	0.0000	0.0000	0.0000	18.7177	0.0000	42.4158	0.0000	0.0000	0.0003	21.8330	0.0000	44.0968	
61	127	0.0767	6	1	0	1	0	0	0	0	0	N	N	N	N	N	N	N	N	N	N	N	N	0.0002	0.0001	0.0000	0.0001	0.0001	0.0000	0.0000	0.0000	0.0000	0.0000	0.0000	0.0000	0.0000	0.0000	0.0000	0.0000	0.0000	0.0000	0.0002	0.0004	0.0000	0.0031	0.0033	0.0000	0.0000	0.0000	0.0000	0.0000	0.0002	-0.0000	-0.0000	2.0703	3.5543	7.0012	9.0319	0.0000	0.0000	0.0000	0.0000	0.0000	0.0000	0.0000	0.0000	0.0000	0.0000	0.0000	0.0000	0.0000	0.0000	0.0000	0.0000	0.0000	0.0000	0.0666	0.0588	0.0078	0.0143	0.0140	0.0004	0.0523	0.0448	0.0075	0.1294	0.0701	0.0593	0.0097	0.0091	0.0006	0.1197	0.0610	0.0587	0.0002	0.0001	0.0000	0.0001	0.0001	0.0000	0.0000	0.0000	0.0000	0.0002	0.0004	0.0000	0.0031	0.0033	0.0000	0.0000	0.0000	0.0000
62	63	0.0921	8	1	1	0	0	0	0	0	0	N	N	N	N	N	N	N	N	N	N	N	N	0.0000	0.0000	0.0000	0.0000	0.0000	0.0000	0.0000	0.0000	0.0000	0.0000	0.0000	0.0000	0.0000	0.0000	0.0000	0.0000	0.0000	0.1011	0.1732	0.0000	0.0168	0.0174	0.0000	0.1139	0.2165	0.0000	0.0001	0.0000	-0.0003	0.9285	1.0023	0.0280	3.0135	0.0000	0.0000	0.0000	0.0000	0.0000	0.0000	0.0000	0.0000	0.0000	0.0005	0.0005	0.0000	0.0000	0.0000	0.0000	0.0005	0.0005	0.0000	0.0068	0.0060	0.0009	0.0012	0.0011	0.0001	0.0057	0.0049	0.0008	0.0048	0.0028	0.0020	0.0006	0.0006	0.0000	0.0042	0.0022	0.0020	0.0000	0.0000	0.0000	0.0000	0.0000	0.0000	0.0000	0.0000	0.0000	0.1011	0.1732	0.0000	0.0168	0.0174	0.0000	0.1139	0.2165	0.0000		
62	64	0.0658	7	1	1	0	0	0	0	0	0	N	N	N	N	N	N	N	N	N	N	N	N	0.0000	0.0000	0.0000	0.0000	0.0000	0.0000	0.0000	0.0000	0.0000	0.0000	0.0000	0.0000	0.0000	0.0000	0.0000	0.0000	0.0000	0.0000	0.0004	0.0006	0.0001	0.0004	0.0004	0.0003	0.0004	0.0006	0.0001	0.1526	0.0000	-0.0000	0.9285	3.0820	0.0280	9.3392	0.0000	0.0000	0.0000	0.0000	0.0000	0.0000	0.0000	0.0000	0.0000	0.0000	0.0000	0.0000	0.0000	0.0000	0.0000	0.0000	0.0000	0.0000	0.0249	0.0219	0.0030	0.0053	0.0051	0.0002	0.0197	0.0169	0.0028	0.0138	0.0076	0.0062	0.0014	0.0013	0.0001	0.0124	0.0063	0.0061	0.0000	0.0000	0.0000	0.0000	0.0000	0.0000	0.0000	0.0000	0.0000	0.0004	0.0006	0.0001	0.0004	0.0004	0.0003	0.0004	0.0006	0.0001	
62	65	0.0692	8	0	1	0	0	0	0	0	0	N	N	N	N	N	N	N	N	N	N	N	N	0.0052	0.0171	0.0162	0.0494	0.0469	0.4542	0.0048	0.0000	0.0166	0.0007	0.0001	0.0049	0.0004	0.0004	0.0003	0.0007	0.0000	0.0052	0.1304	0.0039	0.3038	0.0073	0.0078	0.0006	0.1534	0.0026	0.3113	10.5169	56.7144	0.0000	0.0005	0.9285	1.7946	0.0280	5.9592	0.0000	0.0000	0.0000	0.0000	0.0000	0.0000	0.0000	0.0000	0.0000	0.0012	0.0000	0.0011	0.0000	0.0000	0.0000	0.0012	0.0000	0.0011	0.0124	0.0109	0.0016	0.0021	0.0020	0.0001	0.0103	0.0089	0.0015	0.0090	0.0052	0.0038	0.0014	0.0013	0.0001	0.0076	0.0039	0.0037	0.0052	0.0171	0.0162	0.0494	0.0469	0.4542	0.0048	0.0000	0.0166	0.1304	0.0039	0.3038	0.0073	0.0078	0.0006	0.1534	0.0026	0.3113
62	66	0.0624	7	0	1	0	0	0	0	0	0	N	N	N	N	N	N	N	N	N	N	N	N	0.7551	0.7935	0.6178	1.0936	1.0749	0.0000	0.1604	0.0015	0.6483	0.0009	0.0009	0.0008	0.0045	0.0047	0.0000	0.0001	0.0000	0.0008	0.0012	0.0012	0.0012	0.0041	0.0044	0.0011	0.0007	0.0002	0.0012	0.1189	0.8674	-0.0000	-0.0000	0.9285	1.3569	0.0280	2.0560	0.0000	0.0000	0.0000	0.0000	0.0000	0.0000	0.0000	0.0000	0.0000	0.0000	0.0000	0.0000	0.0000	0.0000	0.0000	0.0000	0.0000	0.0000	0.0102	0.0089	0.0013	0.0018	0.0017	0.0001	0.0084	0.0071	0.0012	0.0040	0.0022	0.0018	0.0005	0.0005	0.0000	0.0034	0.0017	0.0017	0.7551	0.7935	0.6178	1.0936	1.0749	0.0000	0.1604	0.0015	0.6483	0.0012	0.0012	0.0012	0.0041	0.0044	0.0011	0.0007	0.0002	0.0012
62	67	0.0490	6	0	1	0	0	0	0	0	0	N	N	N	N	N	N	N	N	N	N	N	N	0.2521	0.2438	0.0237	0.8627	0.9073	0.0000	0.0043	0.0000	0.0252	0.0015	0.0017	0.0001	0.0119	0.0127	0.0000	0.0000	0.0000	0.0001	0.0058	0.0068	0.0045	0.0137	0.0140	0.0050	0.0037	0.0027	0.0045	0.0098	0.5483	-0.0000	-0.0000	0.9285	4.9477	0.0280	2.0153	0.0001	0.0000	0.0000	0.0000	0.0000	0.0000	0.0000	0.0000	0.0000	0.0001	0.0000	0.0000	0.0000	0.0000	0.0000	0.0000	0.0000	0.0000	0.0344	0.0299	0.0045	0.0042	0.0039	0.0003	0.0302	0.0260	0.0043	0.0102	0.0056	0.0046	0.0021	0.0020	0.0001	0.0081	0.0035	0.0045	0.2521	0.2438	0.0237	0.8627	0.9073	0.0000	0.0043	0.0000	0.0252	0.0058	0.0068	0.0045	0.0137	0.0140	0.0050	0.0037	0.0027	0.0045
62	68	0.1774	16	0	0	1	0	0	0	0	0	N	N	N	N	N	N	N	N	N	N	N	N	0.0000	0.0000	0.0000	0.0000	0.0000	0.0000	0.0000	0.0000	0.0000	0.0000	0.0000	0.0000	0.0000	0.0000	0.0000	0.0000	0.0070	0.0079	0.0058	0.0223	0.0256	0.0000	0.0030	0.0000	0.0062	0.5000	0.0000	-0.0000	0.9285	0.0000	0.0280	4.0001	0.0000	0.0000	0.0000	0.0000	0.0000	0.0000	0.0000	0.0000	0.0000	0.0000	0.0000	0.0000	0.0000	0.0000	0.0000	0.0000	0.0000	0.0000	0.0000	0.0000	0.0000	0.0000	0.0000	0.0000	0.0000	0.0000	0.0000	0.0043	0.0025	0.0017	0.0009	0.0008	0.0001	0.0034	0.0018	0.0016	0.0000	0.0000	0.0000	0.0000	0.0000	0.0000	0.0000	0.0000	0.0000	0.0070	0.0079	0.0058	0.0223	0.0256	0.0000	0.0030	0.0000	0.0062			
62	69	0.1551	15	0	0	0	0	0	0	0	0	N	N	N	N	N	N	N	N	N	N	N	N	0.0004	0.0003	0.0012	0.0004	0.0004	0.0000	0.0001	0.0000	0.0016	0.0000	0.0000	0.0000	0.0000	0.0000	0.0000	0.0000	0.0000	0.0000	0.0165	0.0266	0.0013	0.0592	0.0627	0.0073	0.0030	0.0051	0.0011	0.0276	0.0326	-0.0000	-0.0001	0.9285	2.8240	0.0280	8.9883	0.0000	0.0000	0.0000	0.0000	0.0000	0.0000	0.0000	0.0000	0.0000	0.0003	0.0002	0.0000	0.0002	0.0002	0.0000	0.0000	0.0000	0.0000	0.0246	0.0217	0.0029	0.0065	0.0062	0.0003	0.0181	0.0154	0.0026	0.0155	0.0093	0.0062	0.0037	0.0035	0.0002	0.0118	0.0058	0.0060	0.0004	0.0003	0.0012	0.0004	0.0004	0.0000	0.0001	0.0000	0.0016	0.0165	0.0266	0.0013	0.0592	0.0627	0.0073	0.0030	0.0051	0.0011
62	70	0.1461	14	0	0	0	0	0	0	0	0	N	N	N	N	N	N	N	N	N	N	N	N	0.0066	0.0046	0.0271	0.0118	0.0115	7.3470	0.0053	0.0000	0.0219	0.0009	0.0009	0.0008	0.0044	0.0044	0.0033	0.0001	0.0000	0.0007	0.1304	0.1851	0.0309	0.3719	0.3850	0.0004	0.0194	0.0070	0.0318	0.1455	0.0915	-0.0000	-0.0005	0.9285	1.4521	0.0280	3.5882	0.0000	0.0000	0.0000	0.0000	0.0000	0.0000	0.0000	0.0000	0.0000	0.0012	0.0011	0.0001	0.0011	0.0011	0.0000	0.0001	0.0000	0.0001	0.0099	0.0086	0.0013	0.0017	0.0017	0.0001	0.0082	0.0070	0.0012	0.0091	0.0059	0.0032	0.0029	0.0028	0.0001	0.0062	0.0031	0.0031	0.0066	0.0046	0.0271	0.0118	0.0115	7.3470	0.0053	0.0000	0.0219	0.1304	0.1851	0.0309	0.3719	0.3850	0.0004	0.0194	0.0070	0.0318
62	71	0.1434	13	0	0	0	0	0	0	0	0	N	N	N	N	N	N	N	N	N	N	N	N	1.7731	1.9348	1.0695	4.1353	4.1418	3.7883	0.3513	0.0052	1.0868	0.2597	0.2741	0.1672	1.0565	1.0870	0.0064	0.0290	0.0000	0.1752	0.1465	0.1416	0.1564	0.2555	0.2624	0.0017	0.0825	0.0027	0.1612	0.0948	0.5363	-0.0007	-0.0002	0.9285	1.1783	0.0280	0.9542	0.0025	0.0023	0.0002	0.0023	0.0023	0.0000	0.0002	0.0000	0.0002	0.0008	0.0005	0.0003	0.0005	0.0005	0.0000	0.0003	0.0000	0.0003	0.0095	0.0083	0.0013	0.0021	0.0021	0.0001	0.0074	0.0062	0.0012	0.0053	0.0036	0.0017	0.0020	0.0019	0.0001	0.0033	0.0017	0.0017	1.7731	1.9348	1.0695	4.1353	4.1418	3.7883	0.3513	0.0052	1.0868	0.1465	0.1416	0.1564	0.2555	0.2624	0.0017	0.0825	0.0027	0.1612
62	72	0.1388	12	0	0	0	0	0	0	0	0	N	N	N	N	N	N	N	N	N	N	N	N	0.3499	0.1648	1.3947	1.1562	0.4080	16213.3700	0.0061	0.0002	0.0212	0.0337	0.0135	0.1703	0.1886	0.0695	2.8784	0.0004	0.0000	0.0027	0.0963	0.0820	0.1221	0.1631	0.1703	0.0002	0.0650	0.0021	0.1269	1.8620	0.8256	0.0001	-0.0001	0.9285	2.0762	0.0280	1.4610	0.0005	0.0002	0.0003	0.0005	0.0002	0.0003	0.0000	0.0000	0.0000	0.0006	0.0003	0.0003	0.0003	0.0003	0.0000	0.0003	0.0000	0.0003	0.0143	0.0125	0.0018	0.0025	0.0024	0.0001	0.0118	0.0101	0.0017	0.0063	0.0041	0.0023	0.0020	0.0019	0.0001	0.0043	0.0021	0.0022	0.3499	0.1648	1.3947	1.1562	0.4080	16213.3700	0.0061	0.0002	0.0212	0.0963	0.0820	0.1221	0.1631	0.1703	0.0002	0.0650	0.0021	0.1269
62	73	0.0746	8	0	0	0	0	0	0	0	0	N	N	N	N	N	N	N	N	N	N	N	N	0.0000	0.0000	0.0000	0.0000	0.0000	0.0000	0.0000	0.0000	0.0000	0.0000	0.0000	0.0000	0.0000	0.0000	0.0000	0.0000	0.0000	0.0000	0.1057	0.1288	0.0779	0.6233	0.6670	0.0001	0.0415	0.0039	0.0791	0.4994	0.0000	-0.0005	0.9285	4.0673	0.0280	17.8409	0.0000	0.0000	0.0000	0.0000	0.0000	0.0000	0.0000	0.0000	0.0000	0.0024	0.0016	0.0008	0.0016	0.0016	0.0000	0.0008	0.0000	0.0008	0.0311	0.0273	0.0038	0.0059	0.0057	0.0002	0.0251	0.0216	0.0036	0.0227	0.0124	0.0103	0.0025	0.0023	0.0002	0.0202	0.0101	0.0101	0.0000	0.0000	0.0000	0.0000	0.0000	0.0000	0.0000	0.0000	0.0000	0.1057	0.1288	0.0779	0.6233	0.6670	0.0001	0.0415	0.0039	0.0791	
62	75	0.2113	12	0	0	0	0	0	0	0	0	N	N	N	N	N	N	N	N	N	N	N	N	0.4090	0.1861	2.1528	0.6998	0.6616	1.3972	0.3010	0.0000	2.1702	0.0130	0.0058	0.0705	0.0161	0.0166	0.0066	0.0115	0.0000	0.0798	0.0318	0.0313	0.0328	0.0230	0.0250	0.0047	0.0381	0.0394	0.0368	1.5098	0.5129	0.0001	-0.0005	0.9285	3.5843	0.0280	46.7516	0.0005	0.0002	0.0003	0.0002	0.0002	0.0000	0.0003	0.0000	0.0003	0.0025	0.0017	0.0009	0.0008	0.0008	0.0000	0.0018	0.0009	0.0008	0.0388	0.0345	0.0043	0.0127	0.0121	0.0005	0.0261	0.0224	0.0038	0.0796	0.0534	0.0261	0.0335	0.0302	0.0033	0.0460	0.0232	0.0229	0.4090	0.1861	2.1528	0.6998	0.6616	1.3972	0.3010	0.0000	2.1702	0.0318	0.0313	0.0328	0.0230	0.0250	0.0047	0.0381	0.0394	0.0368
62	76	0.0305	4	1	1	1	0	0	0	0	0	N	N	N	N	N	N	N	N	N	N	N	N	453.4653	0.2420	3749.5829	1.5083	1.4307	758.6177	0.0418	3725.0348	0.0435	0.0000	0.3131	0.0006	0.0006	0.0000	0.0452	0.0000	0.3165	0.0001	0.0001	0.0001	0.0004	0.0004	0.0000	0.0001	0.0000	0.0001	1920.4319	0.7902	0.0002	-0.0000	0.9285	1.0003	0.0280	1.0071	0.0003	0.0000	0.0003	0.0000	0.0000	0.0000	0.0003	0.0000	0.0003	0.0000	0.0000	0.0000	0.0000	0.0000	0.0000	0.0000	0.0000	0.0000	0.0066	0.0057	0.0009	0.0003	0.0002	0.0000	0.0063	0.0054	0.0009	0.0026	0.0013	0.0013	0.0003	0.0003	0.0000	0.0023	0.0010	0.0013	453.4653	0.2420	3749.5829	1.5083	1.4307	0.0000	758.6177	0.0418	3725.0348	0.0001	0.0001	0.0001	0.0004	0.0004	0.0000	0.0001	0.0000	0.0001	
62	77	0.0237	3	1	0	1	0	0	0	0	0	N	N	N	N	N	N	N	N	N	N	N	N	25486.2174	19.2360	119500.3174	162.4267	164.7940	1.4196	32653.5160	2.2402	119575.0430	132.6733	0.0818	877.3146	1.1176	1.1417	0.0003	141.0104	0.0036	884.6828	0.0052	0.0043	0.0073	0.0069	0.0069	0.0002	0.0043	0.0016	0.0074	1909.1788	0.7693	0.5661	-0.0000	0.9285	0.9901	0.0280	2.2068	0.9154	0.0005	0.9149	0.0005	0.0005	0.0000	0.9150	0.0000	0.9149	0.0001	0.0000	0.0000	0.0000	0.0000	0.0000	0.0000	0.0000	0.0000	0.0069	0.0059	0.0010	0.0004	0.0004	0.0000	0.0065	0.0055	0.0010	0.0115	0.0080	0.0036	0.0040	0.0040	0.0000	0.0075	0.0040	0.0035	25486.2174	19.2360	119500.3174	162.4267	164.7940	1.4196	32653.5160	2.2402	119575.0430	0.0052	0.0043	0.0073	0.0069	0.0069	0.0002	0.0043	0.0016	0.0074
62	78	0.0921	9	0	1	0	0	0	0	0	0	N	N	N	N	N	N	N	N	N	N	N	N	0.0019	0.0310	0.0001	0.0837	0.0827	0.0757	0.0000	0.0000	0.0000	0.0003	0.0003	0.0000	0.0014	0.0014	0.0003	0.0000	0.0000	0.0000	0.1312	0.0091	0.3167	0.0166	0.0174	0.0042	0.1610	0.0052	0.3268	0.0101	22.8704	-0.0000	0.0016	0.9285	8.4371	0.0280	15.3349	0.0000	0.0000	0.0000	0.0000	0.0000	0.0000	0.0000	0.0000	0.0000	0.0039	0.0002	0.0038	0.0001	0.0001	0.0000	0.0038	0.0001	0.0038	0.0638	0.0561	0.0077	0.0115	0.0110	0.0005	0.0523	0.0451	0.0072	0.0301	0.0182	0.0119	0.0062	0.0059	0.0004	0.0239	0.0123	0.0116	0.0019	0.0310	0.0001	0.0837	0.0827	0.0757	0.0000	0.0000	0.0000	0.1312	0.0091	0.3167	0.0166	0.0174	0.0042	0.1610	0.0052	0.3268
62	79	0.0237	3	1	0	1	0	0	0	0	0	N	N	N	N	N	N	N	N	N	N	N	N	4.9923	3.6950	0.1448	249.9539	253.0836	0.0000	0.8838	0.5350	0.1446	0.5710	0.6657	0.0016	10.3106	10.6253	0.0000	0.1212	0.1420	0.0016	0.1144	0.1802	0.0107	0.0412	0.0420	0.0000	0.1372	0.2654	0.0109	0.0004	0.0378	-0.0044	-0.0010	0.9285	3.0096	0.0280	5.7427	0.0115	0.0114	0.0000	0.0091	0.0091	0.0000	0.0023	0.0023	0.0000	0.0021	0.0020	0.0001	0.0002	0.0002	0.0000	0.0019	0.0018	0.0001	0.0201	0.0172	0.0029	0.0009	0.0009	0.0000	0.0192	0.0163	0.0028	0.0180	0.0110	0.0070	0.0043	0.0042	0.0001	0.0137	0.0068	0.0069	4.9923	3.6950	0.1448	249.9539	253.0836	0.0000	0.8838	0.5350	0.1446	0.1144	0.1802	0.0107	0.0412	0.0420	0.0000	0.1372	0.2654	0.0109
62	80	0.0081	2	1	0	1	0	0	0	0	0	N	N	N	N	N	N	N	N	N	N	N	N	6.5238	2.1716	43.1701	4.1873	4.1590	0.0099	12.2589	0.0286	43.3373	1.7652	0.7901	7.5819	6.5768	6.6443	0.0003	1.2134	0.0000	7.6375	0.2706	0.3638	0.1756	1.5707	1.5976	0.0261	0.0990	0.0012	0.1762	1.6087	0.4740	0.0034	-0.0007	0.9285	1.0477	0.0280	6.1154	0.0144	0.0055	0.0089	0.0055	0.0055	0.0000	0.0089	0.0000	0.0089	0.0030	0.0020	0.0010	0.0020	0.0020	0.0000	0.0010	0.0000	0.0010	0.0081	0.0070	0.0012	0.0008	0.0008	0.0000	0.0073	0.0061	0.0012	0.0111	0.0056	0.0055	0.0013	0.0013	0.0000	0.0098	0.0043	0.0055	6.5238	2.1716	43.1701	4.1873	4.1590	0.0099	12.2589	0.0286	43.3373	0.2706	0.3638	0.1756	1.5707	1.5976	0.0261	0.0990	0.0012	0.1762
62	84	0.1120	11	0	1	0	0	0	0	0	0	N	N	N	N	N	N	N	N	N	N	N	N	267.7737	3876.1087	0.0096	8.5578	9.1164	0.0197	248.2327	5810.4244	0.0097	19.1287	21.9298	0.0016	0.0682	0.0726	0.0002	22.3096	25.9112	0.0017	0.0714	0.0057	0.1693	0.0080	0.0080	0.0081	0.0899	0.0045	0.1781	0.0000	20.1109	-0.3520	0.0012	0.9285	7.1084	0.0280	28.8937	0.9239	0.9238	0.0000	0.0005	0.0005	0.0000	0.9234	0.9234	0.0000	0.0030	0.0001	0.0029	0.0001	0.0001	0.0000	0.0029	0.0001	0.0028	0.0483	0.0421	0.0062	0.0069	0.0065	0.0004	0.0414	0.0356	0.0058	0.0419	0.0251	0.0168	0.0094	0.0086	0.0009	0.0325	0.0165	0.0160	267.7737	3876.1087	0.0096	8.5578	9.1164	0.0197	248.2327	5810.4244	0.0097	0.0714	0.0057	0.1693	0.0080	0.0080	0.0081	0.0899	0.0045	0.1781
62	85	0.1045	10	0	1	0	0	0	0	0	0	N	N	N	N	N	N	N	N	N	N	N	N	0.1717	0.6336	0.0078	0.0819	0.0842	0.0077	0.1945	4.2339	0.0093	0.0347	0.0386	0.0038	0.0090	0.0096	0.0001	0.0482	0.0552	0.0047	0.2021	0.0609	0.4842	0.1093	0.1134	0.0080	0.2479	0.0130	0.5034	0.0124	3.9769	-0.0003	0.0007	0.9285	2.2208	0.0280	3.9129	0.0009	0.0008	0.0000	0.0001	0.0001	0.0000	0.0008	0.0008	0.0000	0.0026	0.0005	0.0021	0.0005	0.0005	0.0000	0.0022	0.0001	0.0021	0.0246	0.0218	0.0028	0.0085	0.0079	0.0005	0.0161	0.0139	0.0022	0.0131	0.0087	0.0044	0.0043	0.0042	0.0002	0.0088	0.0046	0.0042	0.1717	0.6336	0.0078	0.0819	0.0842	0.0077	0.1945	4.2339	0.0093	0.2021	0.0609	0.4842	0.1093	0.1134	0.0080	0.2479	0.0130	0.5034
62	86	0.1800	12	0	0	1	0	0	0	0	0	N	N	N	N	N	N	N	N	N	N	N	N	1.8205	2.2210	0.0001	4.7161	4.7032	0.0000	0.5026	16.7997	0.0001	0.0070	0.0080	0.0000	0.0416	0.0437	0.0000	0.0011	0.0013	0.0000	0.0039	0.0036	0.0043	0.0088	0.0093	0.0045	0.0022	0.0001	0.0042	0.0000	0.7774	-0.0001	-0.0000	0.9285	5.3425	0.0280	7.0749	0.0003	0.0003	0.0000	0.0002	0.0002	0.0000	0.0000	0.0000	0.0000	0.0001	0.0000	0.0000	0.0000	0.0000	0.0000	0.0000	0.0000	0.0000	0.0399	0.0350	0.0049	0.0059	0.0056	0.0003	0.0340	0.0294	0.0046	0.0153	0.0092	0.0061	0.0039	0.0035	0.0004	0.0113	0.0057	0.0057	1.8205	2.2210	0.0001	4.7161	4.7032	0.0000	0.5026	16.7997	0.0001	0.0039	0.0036	0.0043	0.0088	0.0093	0.0045	0.0022	0.0001	0.0042
62	87	0.1368	11	0	0	0	0	0	0	0	0	N	N	N	N	N	N	N	N	N	N	N	N	0.0917	0.1820	0.2402	0.0268	0.0253	0.0511	0.0919	0.6329	0.2670	0.0056	0.0015	0.0354	0.0004	0.0004	0.0006	0.0074	0.0020	0.0419	0.0610	0.0085	0.1476	0.0150	0.0153	0.0116	0.0805	0.0031	0.1571	3.1260	10.5998	0.0001	0.0007	0.9285	7.0719	0.0280	13.7350	0.0003	0.0001	0.0003	0.0000	0.0000	0.0000	0.0003	0.0001	0.0003	0.0019	0.0002	0.0017	0.0001	0.0001	0.0000	0.0018	0.0000	0.0017	0.0596	0.0525	0.0071	0.0154	0.0143	0.0011	0.0442	0.0382	0.0060	0.0312	0.0194	0.0118	0.0093	0.0085	0.0008	0.0219	0.0109	0.0110	0.0917	0.1820	0.2402	0.0268	0.0253	0.0511	0.0919	0.6329	0.2670	0.0610	0.0085	0.1476	0.0150	0.0153	0.0116	0.0805	0.0031	0.1571
62	88	0.0794	9	1	0	1	0	0	0	0	0	N	N	N	N	N	N	N	N	N	N	N	N	0.0000	0.0000	0.0000	0.0000	0.0000	0.0000	0.0000	0.0000	0.0000	0.0000	0.0000	0.0000	0.0000	0.0000	0.0000	0.0000	0.0000	0.0000	0.0000	0.0000	0.9285	0.0000	0.0280	0.0000	0.0000	0.0000	0.0000	0.0000	0.0000	0.0000	0.0000	0.0000	0.0000	0.0000	0.0000	0.0000	0.0000	0.0000	0.0000	0.0000	0.0000	0.0000	0.0000	0.0000	0.0000	0.0000	0.0000	0.0000	0.0000	0.0000	0.0000	0.0000	0.0000	0.0000	0.0000	0.0000	0.0000	0.0000	0.0000	0.0000	0.0000	0.0000	0.0000	0.0000	0.0000	0.0000	0.0000	0.0000	0.0000	0.0000	0.0000	0.0000	0.0000	0.0000	0.0000	0.0000	0.0000	0.0000											
62	89	0.0775	8	1	0	1	0	0	0	0	0	N	N	N	N	N	N	N	N	N	N	N	N	0.3695	0.1148	2.6343	0.2310	0.2308	0.0000	0.4638	0.0000	2.7069	0.0054	0.0017	0.0390	0.0040	0.0040	0.0000	0.0064	0.0000	0.0403	0.0147	0.0147	0.0148	0.0171	0.0173	0.0083	0.0137	0.0127	0.0149	2.5839	0.5103	0.0000	-0.0000	0.9285	0.0001	0.0280	0.9161	0.0000	0.0000	0.0000	0.0000	0.0000	0.0000	0.0000	0.0000	0.0000	0.0000	0.0000	0.0000	0.0000	0.0000	0.0000	0.0000	0.0000	0.0000	0.0000	0.0000	0.0000	0.0000	0.0000	0.0000	0.0000	0.0000	0.0000	0.0019	0.0013	0.0006	0.0006	0.0005	0.0000	0.0013	0.0007	0.0006	0.3695	0.1148	2.6343	0.2310	0.2308	0.0000	0.4638	0.0000	2.7069	0.0147	0.0147	0.0148	0.0171	0.0173	0.0083	0.0137	0.0127	0.0149
62	90	0.0527	7	1	0	1	0	0	0	0	0	N	N	N	N	N	N	N	N	N	N	N	N	0.1004	0.0519	0.3842	0.0899	0.0926	0.0115	0.1089	0.0000	0.4083	0.0160	0.0051	0.0912	0.0292	0.0309	0.0012	0.0136	0.0000	0.0977	0.1591	0.0981	0.2373	0.3247	0.3333	0.1082	0.1248	0.0002	0.2393	2.5869	1.8864	0.0001	0.0003	0.9285	3.7876	0.0280	7.8440	0.0004	0.0001	0.0003	0.0001	0.0001	0.0000	0.0003	0.0000	0.0003	0.0023	0.0008	0.0015	0.0008	0.0008	0.0000	0.0015	0.0000	0.0015	0.0269	0.0235	0.0034	0.0041	0.0039	0.0002	0.0228	0.0196	0.0032	0.0147	0.0083	0.0064	0.0025	0.0024	0.0001	0.0122	0.0058	0.0063	0.1004	0.0519	0.3842	0.0899	0.0926	0.0115	0.1089	0.0000	0.4083	0.1591	0.0981	0.2373	0.3247	0.3333	0.1082	0.1248	0.0002	0.2393
62	91	0.0851	9	0	1	0	1	0	0	0	0	N	N	N	N	N	N	N	N	N	N	N	N	0.0000	0.0000	0.0002	0.0003	0.0000	0.1243	0.0000	0.0000	0.0000	0.0000	0.0000	0.0000	0.0000	0.0000	0.0002	0.0000	0.0000	0.0000	0.1352	0.1850	0.0701	0.0259	0.0271	0.0019	0.1607	0.2583	0.0715	10.5677	0.2895	0.0000	-0.0010	0.9285	1.8247	0.0280	16.3284	0.0000	0.0000	0.0000	0.0000	0.0000	0.0000	0.0000	0.0000	0.0000	0.0030	0.0023	0.0007	0.0001	0.0001	0.0000	0.0029	0.0022	0.0007	0.0164	0.0145	0.0019	0.0038	0.0037	0.0001	0.0125	0.0107	0.0018	0.0223	0.0126	0.0097	0.0042	0.0040	0.0002	0.0181	0.0086	0.0095	0.0000	0.0000	0.0002	0.0003	0.0000	0.1243	0.0000	0.0000	0.0000	0.1352	0.1850	0.0701	0.0259	0.0271	0.0019	0.1607	0.2583	0.0715
62	92	0.0746	8	0	1	0	0	0	0	0	0	N	N	N	N	N	N	N	N	N	N	N	N	0.0000	0.0000	0.0000	0.0000	0.0000	0.0000	0.0000	0.0000	0.0000	0.0000	0.0000	0.0000	0.0000	0.0000	0.0000	0.0000	0.0000	0.0894	0.0092	0.1864	0.0216	0.0232	0.0000	0.0976	0.0061	0.1895	16.6914	0.0000	0.0009	0.9285	9.1310	0.0280	16.1726	0.0000	0.0000	0.0000	0.0000	0.0000	0.0000	0.0000	0.0000	0.0000	0.0023	0.0001	0.0022	0.0001	0.0001	0.0000	0.0022	0.0001	0.0022	0.0630	0.0551	0.0079	0.0104	0.0100	0.0005	0.0525	0.0451	0.0074	0.0257	0.0141	0.0116	0.0028	0.0026	0.0002	0.0229	0.0115	0.0114	0.0000	0.0000	0.0000	0.0000	0.0000	0.0000	0.0000	0.0000	0.0000	0.0894	0.0092	0.1864	0.0216	0.0232	0.0000	0.0976	0.0061	0.1895		
62	93	0.1596	14	0	1	0	0	0	0	0	0	N	N	N	N	N	N	N	N	N	N	N	N	0.0000	0.0000	0.0000	0.0000	0.0000	0.0000	0.0000	0.0000	0.0000	0.0000	0.0000	0.0000	0.0000	0.0000	0.0000	0.0000	0.0000	0.0000	0.0801	0.1065	0.0382	0.0059	0.0064	0.0018	0.1121	0.1854	0.0413	0.2257	0.0000	-0.0005	0.9285	4.0959	0.0280	8.7137	0.0000	0.0000	0.0000	0.0000	0.0000	0.0000	0.0000	0.0000	0.0000	0.0014	0.0012	0.0003	0.0000	0.0000	0.0000	0.0014	0.0011	0.0003	0.0290	0.0252	0.0037	0.0045	0.0044	0.0002	0.0244	0.0209	0.0036	0.0177	0.0109	0.0068	0.0053	0.0048	0.0005	0.0124	0.0061	0.0063	0.0000	0.0000	0.0000	0.0000	0.0000	0.0000	0.0000	0.0000	0.0000	0.0801	0.1065	0.0382	0.0059	0.0064	0.0018	0.1121	0.1854	0.0413	
62	94	0.1413	13	0	1	0	0	0	0	0	0	N	N	N	N	N	N	N	N	N	N	N	N	0.0000	0.0000	0.0000	0.0000	0.0000	0.0000	0.0000	0.0000	0.0000	0.0000	0.0000	0.0000	0.0000	0.0000	0.0000	0.0000	0.0000	0.0000	0.0454	0.0380	0.0569	0.0839	0.0913	0.0001	0.0315	0.0023	0.0603	0.9610	0.0000	-0.0000	0.9285	2.9443	0.0280	6.1524	0.0000	0.0000	0.0000	0.0000	0.0000	0.0000	0.0000	0.0000	0.0000	0.0005	0.0003	0.0002	0.0002	0.0002	0.0000	0.0003	0.0000	0.0002	0.0220	0.0191	0.0029	0.0044	0.0043	0.0001	0.0176	0.0149	0.0027	0.0111	0.0068	0.0044	0.0030	0.0027	0.0002	0.0082	0.0041	0.0041	0.0000	0.0000	0.0000	0.0000	0.0000	0.0000	0.0000	0.0000	0.0000	0.0454	0.0380	0.0569	0.0839	0.0913	0.0001	0.0315	0.0023	0.0603	
62	95	0.1388	12	0	0	0	0	0	0	0	0	N	N	N	N	N	N	N	N	N	N	N	N	0.0002	0.0002	0.0003	0.0004	0.0004	0.0000	0.0001	0.0007	0.0003	0.0000	0.0000	0.0001	0.0000	0.0000	0.0000	0.0000	0.0000	0.0001	0.0946	0.0431	0.1975	0.0771	0.0794	0.0003	0.1043	0.0034	0.2039	0.9791	2.2935	0.0000	0.0001	0.9285	0.8596	0.0280	1.2300	0.0000	0.0000	0.0000	0.0000	0.0000	0.0000	0.0000	0.0000	0.0000	0.0005	0.0001	0.0003	0.0001	0.0001	0.0000	0.0003	0.0000	0.0003	0.0063	0.0055	0.0008	0.0013	0.0012	0.0000	0.0050	0.0043	0.0008	0.0048	0.0032	0.0016	0.0017	0.0017	0.0001	0.0031	0.0015	0.0015	0.0002	0.0002	0.0003	0.0004	0.0004	0.0000	0.0001	0.0007	0.0003	0.0946	0.0431	0.1975	0.0771	0.0794	0.0003	0.1043	0.0034	0.2039
62	96	0.1270	11	0	0	0	0	0	0	0	0	N	N	N	N	N	N	N	N	N	N	N	N	0.0000	0.0001	0.0001	0.0001	0.0001	0.0074	0.0000	0.0000	0.0000	0.0000	0.0000	0.0000	0.0000	0.0000	0.0001	0.0000	0.0000	0.0000	0.0652	0.0381	0.1106	0.0735	0.0764	0.0084	0.0614	0.0021	0.1145	0.5251	1.7297	-0.0000	0.0001	0.9285	3.7737	0.0280	2.5241	0.0000	0.0000	0.0000	0.0000	0.0000	0.0000	0.0000	0.0000	0.0000	0.0007	0.0003	0.0005	0.0003	0.0003	0.0000	0.0005	0.0000	0.0005	0.0350	0.0310	0.0040	0.0098	0.0094	0.0005	0.0252	0.0216	0.0035	0.0110	0.0069	0.0041	0.0035	0.0033	0.0001	0.0075	0.0035	0.0040	0.0000	0.0001	0.0001	0.0001	0.0001	0.0074	0.0000	0.0000	0.0000	0.0652	0.0381	0.1106	0.0735	0.0764	0.0084	0.0614	0.0021	0.1145
62	97	0.1061	10	0	0	0	0	0	0	0	0	N	N	N	N	N	N	N	N	N	N	N	N	0.0000	0.0000	0.0000	0.0000	0.0000	0.0000	0.0000	0.0000	0.0000	0.0000	0.0000	0.0000	0.0000	0.0000	0.0000	0.0000	0.0000	0.0000	0.0950	0.0140	0.2125	0.0328	0.0336	0.0207	0.1120	0.0039	0.2192	inf	10.4592	0.0000	0.0005	0.9285	6.4922	0.0280	4.5502	0.0000	0.0000	0.0000	0.0000	0.0000	0.0000	0.0000	0.0000	0.0000	0.0013	0.0001	0.0012	0.0001	0.0001	0.0000	0.0012	0.0000	0.0012	0.0441	0.0384	0.0057	0.0068	0.0064	0.0003	0.0373	0.0320	0.0053	0.0141	0.0083	0.0057	0.0030	0.0028	0.0002	0.0110	0.0055	0.0055	0.0000	0.0000	0.0000	0.0000	0.0000	0.0000	0.0000	0.0000	0.0000	0.0950	0.0140	0.2125	0.0328	0.0336	0.0207	0.1120	0.0039	0.2192
62	98	0.0527	7	0	1	0	0	0	0	0	0	N	N	N	N	N	N	N	N	N	N	N	N	1.4101	1.2616	0.0676	1.3212	1.3548	0.0000	0.0291	0.2429	0.0771	0.0045	0.0051	0.0001	0.0184	0.0194	0.0000	0.0000	0.0000	0.0002	0.0032	0.0041	0.0021	0.0139	0.0144	0.0032	0.0011	0.0000	0.0021	0.0038	0.4149	-0.0000	-0.0000	0.9285	1.3608	0.0280	12.1483	0.0001	0.0001	0.0000	0.0001	0.0001	0.0000	0.0000	0.0000	0.0000	0.0001	0.0000	0.0000	0.0000	0.0000	0.0000	0.0000	0.0000	0.0000	0.0111	0.0098	0.0013	0.0027	0.0026	0.0002	0.0084	0.0072	0.0012	0.0165	0.0092	0.0073	0.0027	0.0026	0.0001	0.0138	0.0067	0.0072	1.4101	1.2616	0.0676	1.3212	1.3548	0.0000	0.0291	0.2429	0.0771	0.0032	0.0041	0.0021	0.0139	0.0144	0.0032	0.0011	0.0000	0.0021
62	99	0.0490	6	0	0	0	0	0	0	0	0	N	N	N	N	N	N	N	N	N	N	N	N	0.0099	0.0056	0.0371	0.0155	0.0160	0.0106	0.0089	0.0003	0.0402	0.0001	0.0001	0.0006	0.0003	0.0004	0.0002	0.0001	0.0000	0.0007	0.0147	0.0128	0.0170	0.0224	0.0224	0.0216	0.0112	0.0011	0.0170	1.3549	1.0530	0.0000	-0.0000	0.9285	1.5300	0.0280	0.7696	0.0000	0.0000	0.0000	0.0000	0.0000	0.0000	0.0000	0.0000	0.0000	0.0001	0.0000	0.0000	0.0000	0.0000	0.0000	0.0000	0.0000	0.0000	0.0125	0.0108	0.0017	0.0023	0.0022	0.0002	0.0101	0.0086	0.0015	0.0053	0.0030	0.0024	0.0017	0.0016	0.0000	0.0037	0.0013	0.0023	0.0099	0.0056	0.0371	0.0155	0.0160	0.0106	0.0089	0.0003	0.0402	0.0147	0.0128	0.0170	0.0224	0.0224	0.0216	0.0112	0.0011	0.0170
62	100	0.0402	5	0	0	0	0	0	0	0	0	N	N	N	N	N	N	N	N	N	N	N	N	0.0047	0.0025	0.0196	0.0116	0.0118	0.0083	0.0046	0.0000	0.0205	0.0000	0.0000	0.0002	0.0003	0.0003	0.0006	0.0000	0.0000	0.0002	0.0103	0.0104	0.0103	0.0253	0.0239	0.0704	0.0059	0.0005	0.0095	1.1895	0.8797	0.0000	-0.0000	0.9285	3.6906	0.0280	1.4800	0.0000	0.0000	0.0000	0.0000	0.0000	0.0000	0.0000	0.0000	0.0000	0.0001	0.0001	0.0000	0.0001	0.0000	0.0000	0.0000	0.0000	0.0000	0.0250	0.0217	0.0033	0.0021	0.0020	0.0001	0.0229	0.0197	0.0032	0.0091	0.0048	0.0043	0.0021	0.0020	0.0001	0.0070	0.0028	0.0042	0.0047	0.0025	0.0196	0.0116	0.0118	0.0083	0.0046	0.0000	0.0205	0.0103	0.0104	0.0103	0.0253	0.0239	0.0704	0.0059	0.0005	0.0095
62	101	0.0402	4	0	0	0	0	0	0	0	0	N	N	N	N	N	N	N	N	N	N	N	N	0.0179	0.0092	0.0982	0.0293	0.0285	0.0947	0.0136	0.0000	0.0977	0.0005	0.0003	0.0026	0.0011	0.0010	0.0144	0.0003	0.0000	0.0024	0.0296	0.0321	0.0269	0.0367	0.0348	0.1520	0.0242	0.0207	0.0250	0.9975	0.7509	0.0000	-0.0000	0.9285	0.1361	0.0280	0.4500	0.0000	0.0000	0.0000	0.0000	0.0000	0.0000	0.0000	0.0000	0.0000	0.0001	0.0001	0.0001	0.0001	0.0001	0.0000	0.0001	0.0000	0.0000	0.0017	0.0015	0.0002	0.0005	0.0005	0.0000	0.0012	0.0011	0.0002	0.0039	0.0021	0.0019	0.0017	0.0017	0.0000	0.0022	0.0004	0.0018	0.0179	0.0092	0.0982	0.0293	0.0285	0.0947	0.0136	0.0000	0.0977	0.0296	0.0321	0.0269	0.0367	0.0348	0.1520	0.0242	0.0207	0.0250
62	102	0.0243	3	0	0	0	0	0	0	0	0	N	N	N	N	N	N	N	N	N	N	N	N	0.0001	0.0001	0.0001	0.0001	0.0001	0.0033	0.0000	0.0000	0.0000	0.0000	0.0000	0.0000	0.0001	0.0001	0.0004	0.0000	0.0000	0.0000	0.3214	0.2213	0.4302	0.5814	0.5830	0.1233	0.2601	0.0133	0.4306	0.1257	1.7881	-0.0000	0.0005	0.9285	3.5591	0.0280	4.5341	0.0000	0.0000	0.0000	0.0000	0.0000	0.0000	0.0000	0.0000	0.0000	0.0046	0.0016	0.0029	0.0016	0.0016	0.0000	0.0030	0.0001	0.0029	0.0315	0.0281	0.0034	0.0079	0.0078	0.0001	0.0236	0.0204	0.0032	0.0142	0.0074	0.0068	0.0027	0.0027	0.0000	0.0115	0.0047	0.0068	0.0001	0.0001	0.0001	0.0001	0.0001	0.0033	0.0000	0.0000	0.0000	0.3214	0.2213	0.4302	0.5814	0.5830	0.1233	0.2601	0.0133	0.4306
62	104	0.1610	12	0	1	0	0	0	0	0	0	N	N	N	N	N	N	N	N	N	N	N	N	0.5195	0.3347	3.4264	0.7618	0.5057	17.9470	0.0000	0.0000	0.0000	0.0008	0.0006	0.0022	0.0024	0.0016	0.0402	0.0000	0.0000	0.0000	0.0016	0.0019	0.0006	0.0031	0.0032	0.0022	0.0005	0.0006	0.0004	0.5051	0.1006	-0.0000	-0.0000	0.9285	0.0277	0.0280	1.3445	0.0000	0.0000	0.0000	0.0000	0.0000	0.0000	0.0000	0.0000	0.0000	0.0000	0.0000	0.0000	0.0000	0.0000	0.0000	0.0000	0.0000	0.0000	0.0003	0.0003	0.0000	0.0001	0.0001	0.0000	0.0002	0.0002	0.0000	0.0035	0.0027	0.0008	0.0014	0.0013	0.0001	0.0020	0.0013	0.0007	0.5195	0.3347	3.4264	0.7618	0.5057	17.9470	0.0000	0.0000	0.0000	0.0016	0.0019	0.0006	0.0031	0.0032	0.0022	0.0005	0.0006	0.0004
62	105	0.1143	11	0	1	0	0	0	0	0	0	N	N	N	N	N	N	N	N	N	N	N	N	0.0423	0.0288	0.0000	0.0743	0.0708	0.0000	0.0000	0.0000	0.0000	0.0100	0.0114	0.0000	0.0501	0.0523	0.0000	0.0000	0.0000	0.0000	0.2360	0.3956	0.0030	0.6746	0.7396	0.0001	0.1274	0.2446	0.0031	0.0000	0.0052	-0.0001	-0.0029	0.9285	5.1414	0.0280	16.4151	0.0004	0.0004	0.0000	0.0004	0.0004	0.0000	0.0000	0.0000	0.0000	0.0054	0.0053	0.0000	0.0030	0.0030	0.0000	0.0023	0.0023	0.0000	0.0360	0.0315	0.0045	0.0072	0.0069	0.0003	0.0288	0.0247	0.0042	0.0227	0.0135	0.0092	0.0045	0.0041	0.0004	0.0182	0.0094	0.0088	0.0423	0.0288	0.0000	0.0743	0.0708	0.0000	0.0000	0.0000	0.0000	0.2360	0.3956	0.0030	0.6746	0.7396	0.0001	0.1274	0.2446	0.0031
62	106	0.1061	10	0	0	0	0	0	0	0	0	N	N	N	N	N	N	N	N	N	N	N	N	0.0005	0.0005	0.0001	0.0012	0.0012	0.0000	0.0000	0.0000	0.0001	0.0000	0.0000	0.0000	0.0001	0.0001	0.0000	0.0000	0.0000	0.0000	0.0199	0.0241	0.0131	0.0510	0.0525	0.0198	0.0089	0.0048	0.0129	0.0131	0.3435	-0.0000	-0.0000	0.9285	3.8974	0.0280	1.6364	0.0000	0.0000	0.0000	0.0000	0.0000	0.0000	0.0000	0.0000	0.0000	0.0002	0.0001	0.0000	0.0001	0.0001	0.0000	0.0001	0.0000	0.0000	0.0274	0.0239	0.0035	0.0044	0.0042	0.0002	0.0230	0.0197	0.0033	0.0086	0.0052	0.0033	0.0022	0.0021	0.0001	0.0063	0.0031	0.0032	0.0005	0.0005	0.0001	0.0012	0.0012	0.0000	0.0000	0.0000	0.0001	0.0199	0.0241	0.0131	0.0510	0.0525	0.0198	0.0089	0.0048	0.0129
62	107	0.0851	9	0	0	0	0	0	0	0	0	N	N	N	N	N	N	N	N	N	N	N	N	0.0000	0.0000	0.0003	0.0000	0.0000	0.0948	0.0000	0.0000	0.0000	0.0000	0.0000	0.0000	0.0000	0.0000	0.0011	0.0000	0.0000	0.0000	0.1633	0.1907	0.1263	0.4752	0.4915	0.0116	0.0701	0.0010	0.1284	4.0026	0.4906	0.0000	-0.0005	0.9285	0.3701	0.0280	9.6236	0.0000	0.0000	0.0000	0.0000	0.0000	0.0000	0.0000	0.0000	0.0000	0.0024	0.0016	0.0008	0.0016	0.0016	0.0000	0.0008	0.0000	0.0008	0.0067	0.0060	0.0006	0.0025	0.0024	0.0000	0.0042	0.0036	0.0006	0.0146	0.0084	0.0062	0.0034	0.0033	0.0001	0.0113	0.0052	0.0061	0.0000	0.0000	0.0003	0.0000	0.0000	0.0948	0.0000	0.0000	0.0000	0.1633	0.1907	0.1263	0.4752	0.4915	0.0116	0.0701	0.0010	0.1284
62	108	0.0746	8	0	0	0	0	0	0	0	0	N	N	N	N	N	N	N	N	N	N	N	N	0.0000	0.0000	0.0000	0.0000	0.0000	0.0000	0.0000	0.0001	0.0000	0.0000	0.0000	0.0000	0.0000	0.0000	0.0000	0.0000	0.0000	0.0000	0.0748	0.0890	0.0569	0.3146	0.3287	0.0026	0.0332	0.0075	0.0577	0.0000	0.5077	-0.0000	-0.0001	0.9285	0.4415	0.0280	4.8853	0.0000	0.0000	0.0000	0.0000	0.0000	0.0000	0.0000	0.0000	0.0000	0.0005	0.0003	0.0002	0.0003	0.0003	0.0000	0.0002	0.0000	0.0002	0.0072	0.0065	0.0007	0.0025	0.0025	0.0000	0.0047	0.0040	0.0007	0.0065	0.0036	0.0029	0.0010	0.0009	0.0000	0.0056	0.0027	0.0029	0.0000	0.0000	0.0000	0.0000	0.0000	0.0000	0.0000	0.0001	0.0000	0.0748	0.0890	0.0569	0.3146	0.3287	0.0026	0.0332	0.0075	0.0577
62	109	0.0970	7	1	1	0	1	0	0	0	0	N	N	N	N	N	N	N	N	N	N	N	N	0.0000	0.0000	0.0000	0.0000	0.0000	0.0000	0.0000	0.0000	0.0000	0.0000	0.0000	0.0000	0.0000	0.0000	0.0000	0.0000	0.0000	0.0000	0.0000	0.0000	0.9285	0.0000	0.0280	0.0000	0.0000	0.0000	0.0000	0.0000	0.0000	0.0000	0.0000	0.0000	0.0000	0.0000	0.0000	0.0000	0.0000	0.0000	0.0000	0.0000	0.0000	0.0000	0.0000	0.0000	0.0000	0.0000	0.0000	0.0000	0.0000	0.0000	0.0000	0.0000	0.0000	0.0000	0.0000	0.0000	0.0000	0.0000	0.0000	0.0000	0.0000	0.0000	0.0000	0.0000	0.0000	0.0000	0.0000	0.0000	0.0000	0.0000	0.0000	0.0000	0.0000	0.0000	0.0000	0.0000	0.0000	0.0000											
62	110	0.0820	6	1	1	0	1	0	0	0	0	N	N	N	N	N	N	N	N	N	N	N	N	0.0000	0.0000	0.0000	0.0000	0.0000	0.0000	0.0000	0.0000	0.0000	0.0000	0.0000	0.0000	0.0000	0.0000	0.0000	0.0048	0.0064	0.0027	0.0347	0.0298	0.0694	0.0000	0.0000	0.0000	0.3333	0.0000	-0.0000	0.9285	0.0000	0.0280	7.1240	0.0000	0.0000	0.0000	0.0000	0.0000	0.0000	0.0000	0.0000	0.0000	0.0000	0.0000	0.0000	0.0000	0.0000	0.0000	0.0000	0.0000	0.0000	0.0000	0.0000	0.0000	0.0000	0.0000	0.0000	0.0000	0.0000	0.0000	0.0084	0.0047	0.0037	0.0012	0.0010	0.0001	0.0073	0.0037	0.0036	0.0000	0.0000	0.0000	0.0000	0.0000	0.0000	0.0000	0.0000	0.0000	0.0048	0.0064	0.0027	0.0347	0.0298	0.0694	0.0000	0.0000	0.0000				
62	111	0.0910	8	0	1	0	1	0	0	0	0	N	N	N	N	N	N	N	N	N	N	N	N	0.0000	0.0000	0.0000	0.0000	0.0000	0.0000	0.0000	0.0000	0.0000	0.0000	0.0000	0.0000	0.0000	0.0000	0.0000	0.0000	0.0000	0.0000	0.0000	0.0000	0.0000	0.0000	0.3333	0.0000	-0.0000	0.9285	0.0016	0.0280	5.0076	0.0000	0.0000	0.0000	0.0000	0.0000	0.0000	0.0000	0.0000	0.0000	0.0000	0.0000	0.0000	0.0000	0.0000	0.0000	0.0000	0.0000	0.0000	0.0000	0.0000	0.0000	0.0000	0.0000	0.0000	0.0000	0.0000	0.0000	0.0057	0.0032	0.0025	0.0009	0.0008	0.0002	0.0048	0.0025	0.0023	0.0000	0.0000	0.0000	0.0000	0.0000	0.0000	0.0000	0.0000	0.0000	0.0000	0.0000	0.0000	0.0000	0.0000	0.0000	0.0000	0.0000	0.0000						
62	112	0.0842	7	0	1	0	1	0	0	0	0	N	N	N	N	N	N	N	N	N	N	N	N	0.0000	0.0000	0.0000	0.0000	0.0000	0.0000	0.0000	0.0000	0.0000	0.0000	0.0000	0.0000	0.0000	0.0000	0.0000	0.0000	0.0000	0.0000	0.0000	0.0000	0.0000	-0.0000	0.9285	1.0012	0.0280	2.1373	0.0000	0.0000	0.0000	0.0000	0.0000	0.0000	0.0000	0.0000	0.0000	0.0000	0.0000	0.0000	0.0000	0.0000	0.0000	0.0000	0.0000	0.0000	0.0066	0.0058	0.0008	0.0011	0.0010	0.0001	0.0056	0.0048	0.0008	0.0041	0.0023	0.0018	0.0008	0.0007	0.0001	0.0033	0.0016	0.0017	0.0000	0.0000	0.0000	0.0000	0.0000	0.0000	0.0000	0.0000	0.0000	0.0000	0.0000	0.0000	0.0000	0.0000	0.0000	0.0000	0.0000	0.0000									
62	113	0.0925	7	0	1	0	0	0	0	0	0	N	N	N	N	N	N	N	N	N	N	N	N	0.0000	0.0000	0.0000	0.0000	0.0000	0.0000	0.0000	0.0000	0.0000	0.0000	0.0000	0.0000	0.0000	0.0000	0.0000	0.0000	0.0000	0.0000	0.0008	0.0002	0.0017	0.0003	0.0004	0.0000	0.0009	0.0001	0.0018	8.4558	0.0000	0.0000	0.9285	0.9705	0.0280	5.0371	0.0000	0.0000	0.0000	0.0000	0.0000	0.0000	0.0000	0.0000	0.0000	0.0000	0.0000	0.0000	0.0000	0.0000	0.0000	0.0000	0.0000	0.0000	0.0076	0.0067	0.0009	0.0018	0.0017	0.0001	0.0058	0.0050	0.0008	0.0066	0.0038	0.0029	0.0010	0.0008	0.0001	0.0057	0.0029	0.0028	0.0000	0.0000	0.0000	0.0000	0.0000	0.0000	0.0000	0.0000	0.0000	0.0008	0.0002	0.0017	0.0003	0.0004	0.0000	0.0009	0.0001	0.0018	
62	114	0.0842	7	0	0	1	1	0	0	0	0	N	N	N	N	N	N	N	N	N	N	N	N	0.0000	0.0000	0.0000	0.0000	0.0000	0.0000	0.0000	0.0000	0.0000	0.0000	0.0000	0.0000	0.0000	0.0000	0.0000	0.0000	0.0000	0.0000	0.0000	0.0000	0.9285	0.0000	0.0280	1.1303	0.0000	0.0000	0.0000	0.0000	0.0000	0.0000	0.0000	0.0000	0.0000	0.0000	0.0000	0.0000	0.0000	0.0000	0.0000	0.0000	0.0000	0.0000	0.0000	0.0000	0.0000	0.0000	0.0000	0.0000	0.0000	0.0000	0.0000	0.0018	0.0011	0.0008	0.0004	0.0004	0.0000	0.0014	0.0006	0.0007	0.0000	0.0000	0.0000	0.0000	0.0000	0.0000	0.0000	0.0000	0.0000	0.0000	0.0000	0.0000	0.0000	0.0000	0.0000	0.0000	0.0000	0.0000											
62	115	0.0820	6	0	0	0	1	0	0	0	0	N	N	N	N	N	N	N	N	N	N	N	N	0.0000	0.0000	0.0000	0.0000	0.0000	0.0000	0.0000	0.0000	0.0000	0.0000	0.0000	0.0000	0.0000	0.0000	0.0000	0.0000	0.0000	0.0000	0.0000	0.0000	0.0000	0.0000	0.0000	0.0000	0.0000	0.0000	-0.0000	0.9285	0.0000	0.0280	1.2340	0.0000	0.0000	0.0000	0.0000	0.0000	0.0000	0.0000	0.0000	0.0000	0.0000	0.0000	0.0000	0.0000	0.0000	0.0000	0.0000	0.0000	0.0000	0.0000	0.0000	0.0000	0.0000	0.0000	0.0000	0.0000	0.0000	0.0000	0.0020	0.0011	0.0008	0.0004	0.0004	0.0000	0.0015	0.0007	0.0008	0.0000	0.0000	0.0000	0.0000	0.0000	0.0000	0.0000	0.0000	0.0000	0.0000	0.0000	0.0000	0.0000	0.0000	0.0000	0.0000	0.0000	0.0000				
62	116	0.0895	7	0	0	1	1	0	0	0	0	N	N	N	N	N	N	N	N	N	N	N	N	0.0000	0.0000	0.0000	0.0000	0.0000	0.0000	0.0000	0.0000	0.0000	0.0000	0.0000	0.0000	0.0000	0.0000	0.0000	0.0000	0.0000	0.0000	0.0000	-0.0000	0.9285	0.9725	0.0280	0.9874	0.0000	0.0000	0.0000	0.0000	0.0000	0.0000	0.0000	0.0000	0.0000	0.0000	0.0000	0.0000	0.0000	0.0000	0.0000	0.0000	0.0000	0.0000	0.0071	0.0063	0.0008	0.0015	0.0014	0.0001	0.0056	0.0048	0.0008	0.0023	0.0014	0.0010	0.0004	0.0003	0.0000	0.0020	0.0010	0.0009	0.0000	0.0000	0.0000	0.0000	0.0000	0.0000	0.0000	0.0000	0.0000	0.0000	0.0000	0.0000	0.0000	0.0000	0.0000	0.0000	0.0000	0.0000											
62	117	0.0895	7	0	0	1	1	0	0	0	0	N	N	N	N	N	N	N	N	N	N	N	N	0.0000	0.0000	0.0000	0.0000	0.0000	0.0000	0.0000	0.0000	0.0000	0.0000	0.0000	0.0000	0.0000	0.0000	0.0000	0.0000	0.0000	0.0000	0.0000	0.0000	0.0000	0.0000	0.0000	0.0000	0.0000	0.6000	0.0000	-0.0000	0.9285	0.0285	0.0280	4.0215	0.0000	0.0000	0.0000	0.0000	0.0000	0.0000	0.0000	0.0000	0.0000	0.0000	0.0000	0.0000	0.0000	0.0000	0.0000	0.0000	0.0000	0.0000	0.0007	0.0007	0.0001	0.0003	0.0003	0.0000	0.0004	0.0004	0.0001	0.0046	0.0026	0.0020	0.0007	0.0006	0.0001	0.0040	0.0021	0.0019	0.0000	0.0000	0.0000	0.0000	0.0000	0.0000	0.0000	0.0000	0.0000	0.0000	0.0000	0.0000	0.0000	0.0000	0.0000	0.0000	0.0000	0.0000			
62	118	0.0820	6	0	0	1	1	0	0	0	0	N	N	N	N	N	N	N	N	N	N	N	N	0.0000	0.0000	0.0000	0.0000	0.0000	0.0000	0.0000	0.0000	0.0000	0.0000	0.0000	0.0000	0.0000	0.0000	0.0000	0.0000	0.0000	0.0000	0.0000	0.0000	0.0000	0.0000	0.0000	0.0000	0.0000	0.0000	0.1503	0.0000	-0.0000	0.9285	3.0275	0.0280	2.1573	0.0000	0.0000	0.0000	0.0000	0.0000	0.0000	0.0000	0.0000	0.0000	0.0000	0.0000	0.0000	0.0000	0.0000	0.0000	0.0000	0.0000	0.0000	0.0199	0.0174	0.0025	0.0033	0.0031	0.0002	0.0166	0.0143	0.0023	0.0063	0.0035	0.0028	0.0009	0.0008	0.0001	0.0054	0.0027	0.0027	0.0000	0.0000	0.0000	0.0000	0.0000	0.0000	0.0000	0.0000	0.0000	0.0000	0.0000	0.0000	0.0000	0.0000	0.0000	0.0000	0.0000	0.0000		
62	119	0.1233	6	1	1	0	0	0	0	0	0	N	N	N	N	N	N	N	N	N	N	N	N	0.0000	0.0000	0.0000	0.0000	0.0000	0.0000	0.0000	0.0000	0.0000	0.0000	0.0000	0.0000	0.0000	0.0000	0.0000	0.0000	0.0000	0.0000	0.0007	0.0008	0.0006	0.0011	0.0011	0.0001	0.0006	0.0006	0.0006	0.5205	0.0000	-0.0000	0.9285	2.1883	0.0280	3.1271	0.0000	0.0000	0.0000	0.0000	0.0000	0.0000	0.0000	0.0000	0.0000	0.0000	0.0000	0.0000	0.0000	0.0000	0.0000	0.0000	0.0000	0.0000	0.0176	0.0156	0.0019	0.0039	0.0037	0.0001	0.0137	0.0119	0.0018	0.0068	0.0041	0.0027	0.0016	0.0015	0.0001	0.0053	0.0027	0.0026	0.0000	0.0000	0.0000	0.0000	0.0000	0.0000	0.0000	0.0000	0.0000	0.0007	0.0008	0.0006	0.0011	0.0011	0.0001	0.0006	0.0006	0.0006	
62	120	0.0563	5	1	1	0	0	0	0	0	0	N	N	N	N	N	N	N	N	N	N	N	N	0.0000	0.0000	0.0000	0.0000	0.0000	0.0000	0.0000	0.0000	0.0000	0.0000	0.0000	0.0000	0.0000	0.0000	0.0000	0.0000	0.0000	0.0000	0.0085	0.0002	0.0182	0.0013	0.0014	0.0000	0.0091	0.0000	0.0184	inf	79.3260	0.0000	0.0001	0.9285	13.6104	0.0280	16.0982	0.0000	0.0000	0.0000	0.0000	0.0000	0.0000	0.0000	0.0000	0.0000	0.0003	0.0000	0.0003	0.0000	0.0000	0.0000	0.0003	0.0000	0.0003	0.0910	0.0796	0.0113	0.0139	0.0133	0.0006	0.0771	0.0663	0.0108	0.0313	0.0169	0.0144	0.0024	0.0023	0.0001	0.0289	0.0146	0.0142	0.0000	0.0000	0.0000	0.0000	0.0000	0.0000	0.0000	0.0000	0.0000	0.0085	0.0002	0.0182	0.0013	0.0014	0.0000	0.0091	0.0000	0.0184
62	121	0.0609	5	0	1	0	0	0	0	0	0	N	N	N	N	N	N	N	N	N	N	N	N	0.0011	0.0017	0.0000	0.0019	0.0018	0.0000	0.0000	0.0000	0.0000	0.0003	0.0004	0.0000	0.0009	0.0009	0.0000	0.0000	0.0000	0.0000	0.3159	0.2291	0.4746	0.4570	0.4684	0.0076	0.2484	0.0000	0.4854	0.0000	1.1350	-0.0000	-0.0000	0.9285	0.3548	0.0280	4.6068	0.0000	0.0000	0.0000	0.0000	0.0000	0.0000	0.0000	0.0000	0.0000	0.0040	0.0019	0.0021	0.0019	0.0019	0.0000	0.0021	0.0000	0.0021	0.0080	0.0072	0.0008	0.0032	0.0032	0.0000	0.0047	0.0040	0.0007	0.0126	0.0081	0.0045	0.0041	0.0040	0.0001	0.0085	0.0042	0.0044	0.0011	0.0017	0.0000	0.0019	0.0018	0.0000	0.0000	0.0000	0.0000	0.3159	0.2291	0.4746	0.4570	0.4684	0.0076	0.2484	0.0000	0.4854
62	122	0.0460	4	0	1	0	0	0	0	0	0	N	N	N	N	N	N	N	N	N	N	N	N	0.0307	0.0229	0.0819	0.0194	0.0190	0.0000	0.0204	0.0015	0.0843	0.0006	0.0005	0.0014	0.0019	0.0019	0.0000	0.0002	0.0000	0.0015	0.0198	0.0217	0.0176	0.0952	0.0993	0.0005	0.0112	0.0044	0.0177	0.3876	0.6888	-0.0000	-0.0000	0.9285	1.6911	0.0280	5.7022	0.0000	0.0000	0.0000	0.0000	0.0000	0.0000	0.0000	0.0000	0.0000	0.0002	0.0001	0.0001	0.0001	0.0001	0.0000	0.0001	0.0000	0.0001	0.0158	0.0139	0.0019	0.0037	0.0036	0.0001	0.0121	0.0103	0.0018	0.0093	0.0050	0.0043	0.0010	0.0009	0.0000	0.0083	0.0041	0.0042	0.0307	0.0229	0.0819	0.0194	0.0190	0.0000	0.0204	0.0015	0.0843	0.0198	0.0217	0.0176	0.0952	0.0993	0.0005	0.0112	0.0044	0.0177
62	124	0.0971	8	1	1	0	0	0	0	0	0	N	N	N	N	N	N	N	N	N	N	N	N	0.0000	0.0000	0.0000	0.0000	0.0000	0.0000	0.0000	0.0000	0.0000	0.0000	0.0000	0.0000	0.0000	0.0000	0.0000	0.0000	0.0000	0.0000	0.0000	0.0000	0.9285	0.0000	0.0280	0.0000	0.0000	0.0000	0.0000	0.0000	0.0000	0.0000	0.0000	0.0000	0.0000	0.0000	0.0000	0.0000	0.0000	0.0000	0.0000	0.0000	0.0000	0.0000	0.0000	0.0000	0.0000	0.0000	0.0000	0.0000	0.0000	0.0000	0.0000	0.0000	0.0000	0.0000	0.0000	0.0000	0.0000	0.0000	0.0000	0.0000	0.0000	0.0000	0.0000	0.0000	0.0000	0.0000	0.0000	0.0000	0.0000	0.0000	0.0000	0.0000	0.0000	0.0000	0.0000	0.0000	0.0000	0.0000											
62	125	0.0925	7	1	1	0	0	0	0	0	0	N	N	N	N	N	N	N	N	N	N	N	N	0.0000	0.0000	0.0000	0.0000	0.0000	0.0000	0.0000	0.0000	0.0000	0.0000	0.0000	0.0000	0.0000	0.0000	0.0000	0.0000	0.0000	0.0130	0.0128	0.0132	0.0419	0.0465	0.0000	0.0067	0.0000	0.0138	0.7401	0.0000	-0.0000	0.9285	0.1434	0.0280	1.9839	0.0000	0.0000	0.0000	0.0000	0.0000	0.0000	0.0000	0.0000	0.0000	0.0000	0.0000	0.0000	0.0000	0.0000	0.0000	0.0000	0.0000	0.0000	0.0021	0.0019	0.0002	0.0008	0.0008	0.0000	0.0012	0.0011	0.0002	0.0026	0.0015	0.0011	0.0005	0.0004	0.0000	0.0022	0.0011	0.0010	0.0000	0.0000	0.0000	0.0000	0.0000	0.0000	0.0000	0.0000	0.0000	0.0130	0.0128	0.0132	0.0419	0.0465	0.0000	0.0067	0.0000	0.0138		
62	126	0.0820	6	0	1	0	0	0	0	0	0	N	N	N	N	N	N	N	N	N	N	N	N	0.0000	0.0000	0.0000	0.0000	0.0000	0.0000	0.0000	0.0000	0.0000	0.0000	0.0000	0.0000	0.0000	0.0000	0.0000	0.0000	0.0000	0.0000	0.2143	0.0032	0.4819	0.0120	0.0135	0.0000	0.2495	0.0000	0.5008	119.4132	0.0000	0.0006	0.9285	1.8882	0.0280	2.9115	0.0000	0.0000	0.0000	0.0000	0.0000	0.0000	0.0000	0.0000	0.0000	0.0013	0.0000	0.0013	0.0000	0.0000	0.0000	0.0013	0.0000	0.0013	0.0125	0.0109	0.0016	0.0020	0.0019	0.0001	0.0104	0.0089	0.0015	0.0059	0.0033	0.0026	0.0009	0.0008	0.0001	0.0050	0.0025	0.0025	0.0000	0.0000	0.0000	0.0000	0.0000	0.0000	0.0000	0.0000	0.0000	0.2143	0.0032	0.4819	0.0120	0.0135	0.0000	0.2495	0.0000	0.5008	
62	127	0.0563	5	0	0	0	0	0	0	0	0	N	N	N	N	N	N	N	N	N	N	N	N	0.0000	0.0000	0.2388	0.0000	0.0000	0.0000	0.0001	0.0000	0.2698	0.0000	0.0000	0.0000	0.0000	0.0000	0.0000	0.0000	0.0000	0.0000	0.0028	0.0051	0.0000	0.0081	0.0085	0.0000	0.0023	0.0045	0.0000	inf	0.0007	0.0000	-0.0000	0.9285	3.5543	0.0280	9.0319	0.0000	0.0000	0.0000	0.0000	0.0000	0.0000	0.0000	0.0000	0.0000	0.0000	0.0000	0.0000	0.0000	0.0000	0.0000	0.0000	0.0000	0.0000	0.0293	0.0259	0.0035	0.0060	0.0059	0.0002	0.0233	0.0200	0.0033	0.0145	0.0079	0.0067	0.0012	0.0012	0.0001	0.0133	0.0067	0.0066	0.0000	0.0000	0.2388	0.0000	0.0000	0.0000	0.0001	0.0000	0.2698	0.0028	0.0051	0.0000	0.0081	0.0085	0.0000	0.0023	0.0045	0.0000
63	65	0.1204	11	1	2	0	0	0	0	0	0	N	Y	N	N	N	N	N	N	N	N	N	N	0.0000	0.0000	0.0000	0.0000	0.0000	0.0000	0.0000	0.0000	0.0000	0.0000	0.0000	0.0000	0.0000	0.0000	0.0000	0.0000	0.0000	0.0000	0.0166	0.0270	0.0000	0.0979	0.1028	0.0000	0.0001	0.0001	0.0000	0.0000	0.0000	-0.0000	-0.0004	1.0023	1.7946	3.0135	5.9592	0.0000	0.0000	0.0000	0.0000	0.0000	0.0000	0.0000	0.0000	0.0000	0.0007	0.0007	0.0000	0.0007	0.0007	0.0000	0.0000	0.0000	0.0000	0.0134	0.0117	0.0017	0.0024	0.0023	0.0001	0.0111	0.0095	0.0016	0.0406	0.0249	0.0156	0.0069	0.0065	0.0003	0.0337	0.0184	0.0153	0.0000	0.0000	0.0000	0.0000	0.0000	0.0000	0.0000	0.0000	0.0000	0.0166	0.0270	0.0000	0.0979	0.1028	0.0000	0.0001	0.0001	0.0000
63	66	0.1136	10	1	2	0	0	0	0	0	0	N	Y	N	N	N	N	N	N	N	N	N	N	0.0008	0.0006	0.0011	0.0041	0.0041	0.0303	0.0000	0.0000	0.0000	0.0000	0.0000	0.0000	0.0002	0.0002	0.0000	0.0000	0.0000	0.0000	0.0442	0.0741	0.0013	0.0456	0.0477	0.0007	0.0439	0.0825	0.0013	0.0052	0.0125	-0.0000	-0.0004	1.0023	1.3569	3.0135	2.0560	0.0000	0.0000	0.0000	0.0000	0.0000	0.0000	0.0000	0.0000	0.0000	0.0008	0.0008	0.0000	0.0001	0.0001	0.0000	0.0007	0.0007	0.0000	0.0111	0.0097	0.0014	0.0022	0.0021	0.0001	0.0089	0.0076	0.0013	0.0179	0.0105	0.0074	0.0027	0.0026	0.0001	0.0152	0.0080	0.0072	0.0008	0.0006	0.0011	0.0041	0.0041	0.0303	0.0000	0.0000	0.0000	0.0442	0.0741	0.0013	0.0456	0.0477	0.0007	0.0439	0.0825	0.0013
63	67	0.1002	9	1	2	0	0	0	0	0	0	N	Y	N	N	N	N	N	N	N	N	N	N	1.6002	1.1104	0.0471	21.3632	21.9804	0.0000	0.0001	0.0000	0.0494	0.0056	0.0065	0.0000	0.0385	0.0417	0.0000	0.0000	0.0000	0.0000	0.0035	0.0058	0.0001	0.0018	0.0019	0.0000	0.0039	0.0073	0.0001	0.0001	0.0064	-0.0001	-0.0001	1.0023	4.9477	3.0135	2.0153	0.0002	0.0002	0.0000	0.0002	0.0002	0.0000	0.0000	0.0000	0.0000	0.0001	0.0001	0.0000	0.0000	0.0000	0.0000	0.0001	0.0001	0.0000	0.0373	0.0324	0.0049	0.0054	0.0050	0.0004	0.0319	0.0274	0.0045	0.0366	0.0219	0.0147	0.0062	0.0059	0.0003	0.0304	0.0160	0.0144	1.6002	1.1104	0.0471	21.3632	21.9804	0.0000	0.0001	0.0000	0.0494	0.0035	0.0058	0.0001	0.0018	0.0019	0.0000	0.0039	0.0073	0.0001
63	68	0.1457	11	1	1	1	0	0	0	0	0	N	N	N	N	N	N	N	N	N	N	N	N	0.0000	0.0000	0.0000	0.0000	0.0000	0.0000	0.0000	0.0000	0.0000	0.0000	0.0000	0.0000	0.0000	0.0000	0.0000	0.0896	0.0000	0.2352	0.0112	0.0000	0.0870	0.1142	0.0000	0.2482	inf	0.0000	0.0007	1.0023	0.0000	3.0135	4.0001	0.0000	0.0000	0.0000	0.0000	0.0000	0.0000	0.0000	0.0000	0.0000	0.0016	0.0000	0.0016	0.0000	0.0000	0.0000	0.0016	0.0000	0.0016	0.0000	0.0000	0.0000	0.0000	0.0000	0.0000	0.0000	0.0000	0.0000	0.0183	0.0113	0.0070	0.0044	0.0038	0.0006	0.0139	0.0075	0.0064	0.0000	0.0000	0.0000	0.0000	0.0000	0.0000	0.0000	0.0000	0.0000	0.0896	0.0000	0.2352	0.0112	0.0000	0.0870	0.1142	0.0000	0.2482				
63	69	0.1234	10	1	1	0	0	0	0	0	0	N	N	N	N	N	N	N	N	N	N	N	N	0.0028	50.9421	0.0000	0.0463	833.8394	0.0000	0.0021	31.2484	0.0000	0.0402	0.0468	0.0000	0.0408	0.0455	0.0000	0.0400	0.0476	0.0000	14.2047	0.0009	79.5224	0.8805	0.0001	114.3189	19.2626	0.0015	76.8092	0.0000	24827.4526	-0.0005	0.4420	1.0023	2.8240	3.0135	8.9883	0.0012	0.0012	0.0000	0.0004	0.0004	0.0000	0.0008	0.0008	0.0000	0.9671	0.0000	0.9671	0.0165	0.0000	0.0165	0.9506	0.0000	0.9506	0.0297	0.0255	0.0042	0.0103	0.0093	0.0011	0.0194	0.0163	0.0031	0.0681	0.0424	0.0257	0.0187	0.0174	0.0013	0.0494	0.0249	0.0244	0.0028	50.9421	0.0000	0.0463	833.8394	0.0000	0.0021	31.2484	0.0000	14.2047	0.0009	37.5875	0.8805	0.0001	12.5444	19.2626	0.0015	38.9363
63	70	0.1145	9	1	1	0	0	0	0	0	0	N	N	N	N	N	N	N	N	N	N	N	N	0.1014	0.0830	0.2411	1.5391	1.0385	1.8336	0.0714	0.0424	0.2158	0.0507	0.0286	0.1968	0.0431	0.0226	0.4049	0.0523	0.0301	0.1803	0.5001	0.3451	0.8164	0.0280	0.0218	0.2209	0.7333	0.7098	0.8358	1.0368	1.1591	0.0001	-0.0001	1.0023	1.4521	3.0135	3.5882	0.0005	0.0003	0.0003	0.0001	0.0000	0.0000	0.0005	0.0002	0.0002	0.0189	0.0088	0.0101	0.0004	0.0003	0.0001	0.0186	0.0085	0.0101	0.0108	0.0094	0.0014	0.0019	0.0018	0.0001	0.0089	0.0076	0.0013	0.0378	0.0254	0.0124	0.0125	0.0121	0.0004	0.0253	0.0133	0.0120	0.1014	0.0830	0.2411	1.5391	1.0385	1.8336	0.0714	0.0470	0.2158	0.5001	0.3451	0.8164	0.0280	0.0218	0.2209	0.7333	0.6403	0.8358
63	71	0.1117	8	1	1	0	0	0	0	0	0	N	N	N	N	N	N	N	N	N	N	N	N	0.0130	0.0045	0.1104	0.0195	0.0111	0.1369	0.0108	0.0027	0.1032	0.0002	0.0001	0.0008	0.0002	0.0001	0.0020	0.0002	0.0001	0.0007	0.0122	0.0145	0.0072	0.0080	0.0079	0.0144	0.0148	0.0221	0.0069	1.7741	0.2195	0.0000	-0.0001	1.0023	1.1783	3.0135	0.9542	0.0000	0.0000	0.0000	0.0000	0.0000	0.0000	0.0000	0.0000	0.0000	0.0003	0.0002	0.0000	0.0001	0.0001	0.0000	0.0002	0.0002	0.0000	0.0102	0.0089	0.0013	0.0022	0.0021	0.0001	0.0080	0.0068	0.0012	0.0219	0.0151	0.0067	0.0083	0.0081	0.0002	0.0135	0.0070	0.0065	0.0130	0.0045	0.1104	0.0195	0.0111	0.1369	0.0108	0.0027	0.1032	0.0122	0.0145	0.0072	0.0080	0.0079	0.0144	0.0148	0.0221	0.0069
63	72	0.1071	7	1	1	0	0	0	0	0	0	N	N	N	N	N	N	N	N	N	N	N	N	0.0038	0.0016	0.0242	0.0107	0.0042	0.0200	0.0029	0.0010	0.0239	0.0000	0.0000	0.0000	0.0000	0.0000	0.0001	0.0000	0.0000	0.0000	0.0026	0.0029	0.0018	0.0007	0.0005	0.0054	0.0035	0.0053	0.0016	1.3665	0.2887	0.0000	-0.0000	1.0023	2.0762	3.0135	1.4610	0.0000	0.0000	0.0000	0.0000	0.0000	0.0000	0.0000	0.0000	0.0000	0.0001	0.0001	0.0000	0.0000	0.0000	0.0000	0.0001	0.0000	0.0000	0.0156	0.0135	0.0021	0.0023	0.0022	0.0001	0.0132	0.0113	0.0020	0.0269	0.0181	0.0088	0.0093	0.0089	0.0003	0.0176	0.0092	0.0084	0.0038	0.0016	0.0242	0.0107	0.0042	0.0200	0.0029	0.0010	0.0239	0.0026	0.0029	0.0018	0.0007	0.0005	0.0054	0.0035	0.0053	0.0016
63	73	0.0429	3	1	1	0	0	0	0	0	0	N	N	N	N	N	N	N	N	N	N	N	N	0.0048	0.0031	0.0085	0.1009	0.1152	0.0000	0.0037	0.0021	0.0108	0.0412	0.0482	0.0002	0.0632	0.0764	0.0000	0.0360	0.0419	0.0003	8.5617	15.6270	0.0289	0.6266	0.6634	0.0000	9.6794	19.6812	0.0294	0.0009	0.0015	-0.0006	-0.5236	1.0023	4.0673	3.0135	17.8409	0.0015	0.0015	0.0000	0.0004	0.0004	0.0000	0.0010	0.0010	0.0000	0.9671	0.9656	0.0015	0.0087	0.0087	0.0000	0.9584	0.9569	0.0015	0.0355	0.0303	0.0052	0.0067	0.0055	0.0012	0.0288	0.0247	0.0041	0.1130	0.0618	0.0512	0.0139	0.0132	0.0008	0.0990	0.0486	0.0504	0.0048	0.0031	0.0085	0.1009	0.1152	0.0000	0.0037	0.0021	0.0108	8.5617	15.6270	0.0289	0.6266	0.6634	0.0000	9.6794	19.6812	0.0294
63	75	0.1796	7	1	1	0	0	0	0	0	0	N	N	N	N	N	N	N	N	N	N	N	N	0.0160	0.0123	0.0056	0.0076	0.0073	0.0037	1.9858	1.4072	0.0060	0.0032	0.0036	0.0000	0.0035	0.0038	0.0000	0.0030	0.0035	0.0000	0.1974	0.2930	0.0011	0.4693	0.5213	0.0052	0.0015	0.0025	0.0005	0.0002	0.0018	-0.0001	-0.0392	1.0023	3.5843	3.0135	46.7516	0.0001	0.0001	0.0000	0.0001	0.0001	0.0000	0.0001	0.0001	0.0000	0.0725	0.0724	0.0001	0.0722	0.0721	0.0001	0.0003	0.0003	0.0001	0.0426	0.0375	0.0051	0.0148	0.0138	0.0010	0.0277	0.0237	0.0041	0.3674	0.2471	0.1203	0.1539	0.1384	0.0155	0.2135	0.1087	0.1048	0.0160	0.0123	0.0056	0.0076	0.0073	0.0037	1.9858	1.4072	0.0060	0.1974	0.2930	0.0011	0.4693	0.5213	0.0052	0.0015	0.0025	0.0005
63	76	0.1271	11	2	2	1	0	0	0	0	0	Y	Y	N	N	N	N	N	N	N	N	N	N	0.0000	0.0000	0.0000	0.0000	0.0000	0.0000	0.0000	0.0000	0.0000	0.0000	0.0000	0.0000	0.0000	0.0000	0.0000	0.0000	0.0000	0.0000	0.0000	0.0000	1.0023	1.0003	3.0135	1.0071	0.0000	0.0000	0.0000	0.0000	0.0000	0.0000	0.0000	0.0000	0.0000	0.0000	0.0000	0.0000	0.0000	0.0000	0.0000	0.0000	0.0000	0.0000	0.0070	0.0061	0.0009	0.0014	0.0013	0.0001	0.0056	0.0048	0.0008	0.0094	0.0056	0.0038	0.0017	0.0016	0.0001	0.0077	0.0040	0.0037	0.0000	0.0000	0.0000	0.0000	0.0000	0.0000	0.0000	0.0000	0.0000	0.0000	0.0000	0.0000	0.0000	0.0000	0.0000	0.0000	0.0000	0.0000											
63	77	0.1203	10	2	1	1	0	0	0	0	0	Y	N	N	N	N	N	N	N	N	N	N	N	0.0000	0.0000	0.0000	0.0000	0.0000	0.0000	0.0000	0.0000	0.0000	0.0000	0.0000	0.0000	0.0000	0.0000	0.0000	0.0000	0.0000	0.0000	0.0000	0.0000	0.0000	0.0000	0.0000	0.0000	0.0000	0.0000	58.1087	0.0000	0.0000	1.0023	0.9901	3.0135	2.2068	0.0000	0.0000	0.0000	0.0000	0.0000	0.0000	0.0000	0.0000	0.0000	0.0000	0.0000	0.0000	0.0000	0.0000	0.0000	0.0000	0.0000	0.0000	0.0071	0.0062	0.0009	0.0014	0.0014	0.0001	0.0056	0.0048	0.0008	0.0319	0.0233	0.0086	0.0109	0.0107	0.0002	0.0210	0.0125	0.0085	0.0000	0.0000	0.0000	0.0000	0.0000	0.0000	0.0000	0.0000	0.0000	0.0000	0.0000	0.0000	0.0000	0.0000	0.0000	0.0000	0.0000	0.0000		
63	78	0.0604	4	1	2	0	0	0	0	0	0	N	Y	N	N	N	N	N	N	N	N	N	N	0.5650	0.3827	0.0000	0.3575	0.3914	0.0000	338.2789	200.5810	0.0000	0.0201	0.0234	0.0000	0.0609	0.0698	0.0000	0.0101	0.0118	0.0000	0.0357	0.0611	0.0000	0.1704	0.1783	0.0000	0.0000	0.0001	0.0000	0.0000	0.0000	-0.0006	-0.0028	1.0023	8.4371	3.0135	15.3349	0.0015	0.0015	0.0000	0.0009	0.0009	0.0000	0.0006	0.0006	0.0000	0.0052	0.0052	0.0000	0.0052	0.0052	0.0000	0.0000	0.0000	0.0000	0.0721	0.0621	0.0099	0.0142	0.0124	0.0018	0.0579	0.0497	0.0081	0.1467	0.0856	0.0610	0.0307	0.0293	0.0014	0.1160	0.0563	0.0597	0.5650	0.3827	0.0000	0.3575	0.3914	0.0000	338.2789	200.5810	0.0000	0.0357	0.0611	0.0000	0.1704	0.1783	0.0000	0.0000	0.0001	0.0000
63	79	0.1203	10	2	1	1	0	0	0	0	0	Y	N	N	N	N	N	N	N	N	N	N	N	0.0000	0.0000	0.0000	0.0000	0.0000	0.0000	0.0000	0.0000	0.0000	0.0000	0.0000	0.0000	0.0000	0.0000	0.0000	0.0000	0.0043	0.0064	0.0000	0.0164	0.0169	0.0000	0.0000	0.0000	0.0000	0.0011	0.0000	-0.0001	1.0023	3.0096	3.0135	5.7427	0.0000	0.0000	0.0000	0.0000	0.0000	0.0000	0.0000	0.0000	0.0000	0.0002	0.0002	0.0000	0.0002	0.0002	0.0000	0.0000	0.0000	0.0000	0.0211	0.0184	0.0027	0.0042	0.0040	0.0002	0.0168	0.0144	0.0024	0.0564	0.0377	0.0187	0.0147	0.0142	0.0004	0.0417	0.0234	0.0183	0.0000	0.0000	0.0000	0.0000	0.0000	0.0000	0.0000	0.0000	0.0000	0.0043	0.0064	0.0000	0.0164	0.0169	0.0000	0.0000	0.0000	0.0000			
63	80	0.1047	9	2	1	1	0	0	0	0	0	Y	N	N	N	N	N	N	N	N	N	N	N	0.0000	0.0000	0.0000	0.0000	0.0000	0.0000	0.0000	0.0000	0.0000	0.0000	0.0000	0.0000	0.0000	0.0000	0.0000	0.0000	0.0000	0.0000	0.4142	0.1291	0.8428	0.4032	0.4208	0.0000	0.4168	0.0006	0.8600	4.3398	0.0000	0.0044	1.0023	1.0477	3.0135	6.1154	0.0000	0.0000	0.0000	0.0000	0.0000	0.0000	0.0000	0.0000	0.0000	0.0162	0.0030	0.0131	0.0030	0.0030	0.0000	0.0131	0.0000	0.0131	0.0083	0.0073	0.0010	0.0019	0.0019	0.0001	0.0064	0.0055	0.0009	0.0390	0.0234	0.0156	0.0075	0.0072	0.0003	0.0315	0.0163	0.0153	0.0000	0.0000	0.0000	0.0000	0.0000	0.0000	0.0000	0.0000	0.0000	0.4142	0.1291	0.8428	0.4032	0.4208	0.0000	0.4168	0.0006	0.8600	
63	81	0.0982	8	1	1	0	0	0	0	0	0	N	N	N	N	N	N	N	N	N	N	N	N	0.0000	0.0000	0.0000	0.0000	0.0000	0.0000	0.0000	0.0000	0.0000	0.0000	0.0000	0.0000	0.0000	0.0000	0.0000	0.0000	0.0000	0.0000	0.2149	0.2366	0.1847	0.0201	0.0161	0.1156	0.2422	0.3021	0.1856	0.5598	0.0000	-0.0006	1.0023	1.9794	3.0135	1.0196	0.0000	0.0000	0.0000	0.0000	0.0000	0.0000	0.0000	0.0000	0.0000	0.0031	0.0020	0.0011	0.0000	0.0000	0.0000	0.0031	0.0020	0.0011	0.0144	0.0125	0.0018	0.0024	0.0023	0.0001	0.0119	0.0102	0.0017	0.0146	0.0085	0.0061	0.0018	0.0017	0.0001	0.0128	0.0068	0.0060	0.0000	0.0000	0.0000	0.0000	0.0000	0.0000	0.0000	0.0000	0.0000	0.2149	0.2366	0.1847	0.0201	0.0161	0.1156	0.2422	0.2925	0.1856	
63	82	0.0961	7	1	1	0	0	0	0	0	0	N	N	N	N	N	N	N	N	N	N	N	N	0.0052	0.0035	0.0000	0.1542	0.1585	0.0008	0.0005	0.0000	0.0000	0.0000	0.0000	0.0001	0.0001	0.0000	0.0000	0.0000	0.0000	0.0019	0.0032	0.0001	0.0004	0.0004	0.0000	0.0021	0.0040	0.0001	0.0000	0.0188	-0.0000	-0.0000	1.0023	1.0114	3.0135	0.0202	0.0000	0.0000	0.0000	0.0000	0.0000	0.0000	0.0000	0.0000	0.0000	0.0000	0.0000	0.0000	0.0000	0.0000	0.0000	0.0000	0.0000	0.0000	0.0074	0.0064	0.0010	0.0011	0.0011	0.0001	0.0063	0.0054	0.0009	0.0053	0.0031	0.0022	0.0007	0.0007	0.0000	0.0046	0.0024	0.0022	0.0052	0.0035	0.0000	0.1542	0.1585	0.0000	0.0008	0.0005	0.0000	0.0019	0.0032	0.0001	0.0004	0.0004	0.0000	0.0021	0.0040	0.0001	
63	83	0.0755	6	1	1	0	0	0	0	0	0	N	N	N	N	N	N	N	N	N	N	N	N	0.0135	0.0090	0.0000	0.0093	0.0095	0.0000	0.0928	0.4042	0.0000	0.0001	0.0001	0.0000	0.0003	0.0003	0.0000	0.0000	0.0000	0.0000	0.0047	0.0080	0.0002	0.0327	0.0337	0.0010	0.0001	0.0000	0.0002	0.0000	0.0161	-0.0000	-0.0001	1.0023	5.9223	3.0135	3.6882	0.0000	0.0000	0.0000	0.0000	0.0000	0.0000	0.0000	0.0000	0.0000	0.0002	0.0002	0.0000	0.0002	0.0002	0.0000	0.0000	0.0000	0.0000	0.0477	0.0420	0.0057	0.0089	0.0085	0.0005	0.0387	0.0335	0.0052	0.0514	0.0298	0.0217	0.0073	0.0071	0.0002	0.0441	0.0227	0.0214	0.0135	0.0090	0.0000	0.0093	0.0095	0.0000	0.0928	0.4042	0.0000	0.0047	0.0080	0.0002	0.0327	0.0337	0.0010	0.0001	0.0000	0.0002
63	84	0.0803	6	1	2	0	0	0	0	0	0	N	Y	N	N	N	N	N	N	N	N	N	N	0.0057	0.0132	0.0000	0.0066	0.0066	0.0000	0.0058	18.2743	0.0000	0.0006	0.0007	0.0000	0.0009	0.0010	0.0000	0.0005	0.0006	0.0000	0.1000	0.0498	0.1735	0.1360	0.1460	0.0212	0.0899	0.0000	0.1805	0.0000	2.3789	-0.0000	0.0030	1.0023	7.1084	3.0135	28.8937	0.0000	0.0000	0.0000	0.0000	0.0000	0.0000	0.0000	0.0000	0.0000	0.0189	0.0056	0.0133	0.0057	0.0056	0.0001	0.0132	0.0000	0.0132	0.0525	0.0455	0.0070	0.0067	0.0061	0.0005	0.0459	0.0393	0.0065	0.1889	0.1122	0.0766	0.0416	0.0383	0.0033	0.1472	0.0739	0.0733	0.0057	0.0132	0.0000	0.0066	0.0066	0.0000	0.0058	18.2743	0.0000	0.1000	0.0498	0.1735	0.1360	0.1460	0.0212	0.0899	0.0000	0.1805
63	85	0.0728	5	1	2	0	0	0	0	0	0	N	Y	N	N	N	N	N	N	N	N	N	N	0.1927	0.2426	0.0019	0.0795	0.0881	0.0136	0.3099	0.8136	0.0013	0.0116	0.0135	0.0001	0.0070	0.0079	0.0002	0.0144	0.0169	0.0001	0.0603	0.0555	0.0693	0.0878	0.0901	0.0147	0.0466	0.0207	0.0709	0.0015	0.6816	-0.0001	-0.0005	1.0023	2.2208	3.0135	3.9129	0.0003	0.0003	0.0000	0.0001	0.0001	0.0000	0.0003	0.0003	0.0000	0.0038	0.0023	0.0016	0.0019	0.0019	0.0000	0.0020	0.0004	0.0015	0.0286	0.0247	0.0039	0.0107	0.0094	0.0013	0.0179	0.0153	0.0026	0.0634	0.0410	0.0224	0.0212	0.0205	0.0007	0.0422	0.0205	0.0217	0.1927	0.2426	0.0019	0.0795	0.0881	0.0136	0.3099	0.8136	0.0013	0.0603	0.0555	0.0693	0.0878	0.0901	0.0147	0.0466	0.0207	0.0709
63	86	0.1483	7	1	1	1	0	0	0	0	0	N	N	N	N	N	N	N	N	N	N	N	N	1.3252	1.3382	0.0000	0.0554	0.0563	0.0000	4.3471	237.0138	0.0000	0.0161	0.0183	0.0000	0.0021	0.0022	0.0000	0.0193	0.0224	0.0000	0.0121	0.0137	0.0098	0.0372	0.0385	0.0235	0.0044	0.0001	0.0090	0.0000	0.4623	-0.0003	-0.0002	1.0023	5.3425	3.0135	7.0749	0.0007	0.0007	0.0000	0.0000	0.0000	0.0000	0.0007	0.0007	0.0000	0.0008	0.0006	0.0003	0.0006	0.0006	0.0000	0.0002	0.0000	0.0002	0.0437	0.0384	0.0053	0.0082	0.0078	0.0004	0.0355	0.0306	0.0049	0.0671	0.0407	0.0264	0.0157	0.0144	0.0013	0.0514	0.0264	0.0250	1.3252	1.3382	0.0000	0.0554	0.0563	0.0000	4.3471	237.0138	0.0000	0.0121	0.0137	0.0098	0.0372	0.0385	0.0235	0.0044	0.0001	0.0090
63	87	0.1051	6	1	1	0	0	0	0	0	0	N	N	N	N	N	N	N	N	N	N	N	N	0.1474	0.3064	0.0003	0.4422	0.4653	0.0060	0.0320	0.4056	0.0002	0.0170	0.0195	0.0001	0.0536	0.0602	0.0001	0.0036	0.0042	0.0000	0.1153	0.0638	0.2031	0.1213	0.1294	0.0226	0.1126	0.0103	0.2152	0.0005	1.8695	-0.0004	0.0019	1.0023	7.0719	3.0135	13.7350	0.0011	0.0011	0.0000	0.0010	0.0010	0.0000	0.0002	0.0002	0.0000	0.0178	0.0062	0.0116	0.0057	0.0057	0.0001	0.0121	0.0006	0.0115	0.0665	0.0578	0.0087	0.0178	0.0158	0.0019	0.0487	0.0419	0.0067	0.1547	0.0975	0.0572	0.0474	0.0438	0.0036	0.1074	0.0537	0.0536	0.1474	0.3064	0.0003	0.4422	0.4653	0.0060	0.0320	0.4056	0.0002	0.1153	0.0638	0.2031	0.1213	0.1294	0.0226	0.1126	0.0103	0.2152
63	88	0.1307	12	2	1	1	0	0	0	0	0	Y	N	N	N	N	N	N	N	N	N	N	N	0.0000	0.0000	0.0000	0.0000	0.0000	0.0000	0.0000	0.0000	0.0000	0.0000	0.0000	0.0000	0.0000	0.0000	0.0000	0.0000	0.0000	0.0000	0.0000	0.0000	1.0023	0.0000	3.0135	0.0000	0.0000	0.0000	0.0000	0.0000	0.0000	0.0000	0.0000	0.0000	0.0000	0.0000	0.0000	0.0000	0.0000	0.0000	0.0000	0.0000	0.0000	0.0000	0.0000	0.0000	0.0000	0.0000	0.0000	0.0000	0.0000	0.0000	0.0000	0.0000	0.0000	0.0000	0.0000	0.0000	0.0000	0.0000	0.0000	0.0000	0.0000	0.0000	0.0000	0.0000	0.0000	0.0000	0.0000	0.0000	0.0000	0.0000	0.0000	0.0000	0.0000	0.0000	0.0000	0.0000	0.0000	0.0000											
63	89	0.1287	11	2	1	1	0	0	0	0	0	Y	N	N	N	N	N	N	N	N	N	N	N	0.0000	0.0000	0.0000	0.0000	0.0000	0.0000	0.0000	0.0000	0.0000	0.0000	0.0000	0.0000	0.0000	0.0000	0.0000	0.0000	0.0000	0.9244	1.4157	0.0007	2.7539	2.8831	0.0000	0.0012	0.0016	0.0007	0.0002	0.0000	-0.0047	1.0023	0.0001	3.0135	0.9161	0.0000	0.0000	0.0000	0.0000	0.0000	0.0000	0.0000	0.0000	0.0000	0.0086	0.0086	0.0000	0.0086	0.0086	0.0000	0.0000	0.0000	0.0000	0.0000	0.0000	0.0000	0.0000	0.0000	0.0000	0.0000	0.0000	0.0000	0.0094	0.0061	0.0032	0.0031	0.0030	0.0001	0.0062	0.0031	0.0031	0.0000	0.0000	0.0000	0.0000	0.0000	0.0000	0.0000	0.0000	0.0000	0.9244	1.4157	0.0007	2.7539	2.8831	0.0000	0.0012	0.0016	0.0007		
63	90	0.1039	10	2	1	1	0	0	0	0	0	Y	N	N	N	N	N	N	N	N	N	N	N	0.0000	0.0000	0.0000	0.0001	0.0000	0.0003	0.0000	0.0000	0.0000	0.0000	0.0000	0.0000	0.0000	0.0000	0.0000	0.0000	0.0000	0.0000	0.3598	0.0325	0.8545	0.0191	0.0139	0.1235	0.4337	0.0399	0.8705	inf	17.3667	0.0000	0.0089	1.0023	3.7876	3.0135	7.8440	0.0000	0.0000	0.0000	0.0000	0.0000	0.0000	0.0000	0.0000	0.0000	0.0220	0.0012	0.0208	0.0002	0.0001	0.0001	0.0218	0.0011	0.0208	0.0291	0.0254	0.0037	0.0051	0.0047	0.0003	0.0240	0.0207	0.0034	0.0612	0.0369	0.0244	0.0109	0.0104	0.0005	0.0503	0.0265	0.0239	0.0000	0.0000	0.0000	0.0001	0.0000	0.0003	0.0000	0.0000	0.0000	0.3598	0.0325	0.8545	0.0191	0.0139	0.1235	0.4337	0.0399	0.8705
63	91	0.0534	4	1	2	0	1	0	0	0	0	N	Y	N	N	N	N	N	N	N	N	N	N	0.0033	0.0022	0.3154	0.0566	0.0654	0.0000	0.0033	0.0019	0.4961	0.0598	0.0708	0.0003	0.0285	0.0350	0.0000	0.0745	0.0867	0.0004	18.3121	32.0027	0.0008	0.5038	0.5359	0.0000	22.5322	46.4563	0.0009	0.0007	0.0000	-0.0004	-1.0572	1.0023	1.8247	3.0135	16.3284	0.0012	0.0012	0.0000	0.0002	0.0002	0.0000	0.0010	0.0010	0.0000	1.9472	1.9472	0.0000	0.0103	0.0103	0.0000	1.9370	1.9369	0.0000	0.0196	0.0166	0.0030	0.0063	0.0051	0.0012	0.0133	0.0115	0.0019	0.1063	0.0608	0.0455	0.0204	0.0192	0.0012	0.0860	0.0417	0.0443	0.0033	0.0022	0.3154	0.0566	0.0654	0.0000	0.0033	0.0019	0.4961	18.3121	32.0027	0.0008	0.5038	0.5359	0.0000	22.5322	46.4563	0.0009
63	92	0.0429	3	1	2	0	0	0	0	0	0	N	Y	N	N	N	N	N	N	N	N	N	N	0.0006	50.7390	0.0000	0.0299	85.7579	0.0000	0.0001	inf	0.0000	0.0045	0.0053	0.0000	0.0363	0.0428	0.0000	0.0007	0.0008	0.0000	7.6437	0.0001	21.0132	1.2152	0.0005	169.7272	8.5295	0.0000	16.7983	0.0000	133618.1552	-0.0001	0.4467	1.0023	9.1310	3.0135	16.1726	0.0003	0.0003	0.0000	0.0003	0.0003	0.0000	0.0000	0.0000	0.0000	0.9775	0.0000	0.9775	0.0188	0.0000	0.0188	0.9586	0.0000	0.9586	0.0699	0.0600	0.0100	0.0076	0.0064	0.0012	0.0624	0.0536	0.0088	0.1279	0.0700	0.0579	0.0155	0.0146	0.0008	0.1124	0.0553	0.0571	0.0006	50.7390	0.0000	0.0299	85.7579	0.0000	0.0001	inf	0.0000	7.6437	0.0001	16.8790	1.2152	0.0005	22.3516	8.5295	0.0000	16.7983
63	93	0.1279	9	1	2	0	0	0	0	0	0	N	Y	N	N	N	N	N	N	N	N	N	N	0.0003	0.0003	0.0000	0.0010	0.0009	0.0000	0.0000	0.0000	0.0000	0.0000	0.0000	0.0000	0.0000	0.0000	0.0000	0.0000	0.0000	0.0000	0.0042	0.0055	0.0016	0.0106	0.0117	0.0000	0.0008	0.0000	0.0017	0.0000	0.1439	-0.0000	-0.0001	1.0023	4.0959	3.0135	8.7137	0.0000	0.0000	0.0000	0.0000	0.0000	0.0000	0.0000	0.0000	0.0000	0.0003	0.0003	0.0000	0.0003	0.0003	0.0000	0.0000	0.0000	0.0000	0.0315	0.0273	0.0042	0.0043	0.0041	0.0002	0.0272	0.0232	0.0040	0.0756	0.0500	0.0256	0.0259	0.0237	0.0023	0.0497	0.0263	0.0233	0.0003	0.0003	0.0000	0.0010	0.0009	0.0000	0.0000	0.0000	0.0000	0.0042	0.0055	0.0016	0.0106	0.0117	0.0000	0.0008	0.0000	0.0017
63	94	0.1096	8	1	2	0	0	0	0	0	0	N	Y	N	N	N	N	N	N	N	N	N	N	0.0000	0.0000	0.0161	0.0000	0.0000	0.0103	0.0005	0.0002	0.0182	0.0000	0.0000	0.0000	0.0000	0.0000	0.0000	0.0000	0.0000	0.0000	0.2746	0.4219	0.0003	0.8936	0.9575	0.0012	0.0036	0.0066	0.0002	0.5000	0.0004	-0.0000	-0.0072	1.0023	2.9443	3.0135	6.1524	0.0000	0.0000	0.0000	0.0000	0.0000	0.0000	0.0000	0.0000	0.0000	0.0132	0.0132	0.0000	0.0131	0.0131	0.0000	0.0001	0.0001	0.0000	0.0239	0.0207	0.0032	0.0043	0.0041	0.0002	0.0196	0.0165	0.0031	0.0481	0.0313	0.0168	0.0147	0.0137	0.0010	0.0335	0.0176	0.0158	0.0000	0.0000	0.0161	0.0000	0.0000	0.0103	0.0005	0.0002	0.0182	0.2746	0.4219	0.0003	0.8936	0.9575	0.0012	0.0036	0.0066	0.0002
63	95	0.1071	7	1	1	0	0	0	0	0	0	N	N	N	N	N	N	N	N	N	N	N	N	0.0090	0.0088	0.0000	0.0000	0.0000	0.0000	0.0500	inf	0.0000	0.0000	0.0000	0.0000	0.0000	0.0000	0.0000	0.0000	0.0000	0.0000	0.0006	0.0007	0.0004	0.0013	0.0013	0.0033	0.0001	0.0000	0.0003	0.0000	0.2348	-0.0000	-0.0000	1.0023	0.8596	3.0135	1.2300	0.0000	0.0000	0.0000	0.0000	0.0000	0.0000	0.0000	0.0000	0.0000	0.0000	0.0000	0.0000	0.0000	0.0000	0.0000	0.0000	0.0000	0.0000	0.0069	0.0060	0.0009	0.0012	0.0011	0.0001	0.0057	0.0049	0.0009	0.0202	0.0139	0.0063	0.0076	0.0074	0.0002	0.0126	0.0065	0.0061	0.0090	0.0088	0.0000	0.0000	0.0000	0.0000	0.0500	inf	0.0000	0.0006	0.0007	0.0004	0.0013	0.0013	0.0033	0.0001	0.0000	0.0003
63	96	0.0953	6	1	1	0	0	0	0	0	0	N	N	N	N	N	N	N	N	N	N	N	N	9.7213	7.7690	0.0000	3.0848	3.1076	0.0000	97.5344	1060.2445	0.0000	0.0168	0.0191	0.0000	0.0147	0.0151	0.0000	0.0175	0.0205	0.0000	0.0017	0.0025	0.0004	0.0048	0.0049	0.0022	0.0002	0.0000	0.0003	0.0000	0.0881	-0.0003	-0.0000	1.0023	3.7737	3.0135	2.5241	0.0007	0.0007	0.0000	0.0001	0.0001	0.0000	0.0005	0.0005	0.0000	0.0001	0.0001	0.0000	0.0001	0.0001	0.0000	0.0000	0.0000	0.0000	0.0394	0.0348	0.0046	0.0094	0.0092	0.0003	0.0300	0.0256	0.0044	0.0479	0.0311	0.0169	0.0162	0.0156	0.0006	0.0318	0.0155	0.0163	9.7213	7.7690	0.0000	3.0848	3.1076	0.0000	97.5344	1060.2445	0.0000	0.0017	0.0025	0.0004	0.0048	0.0049	0.0022	0.0002	0.0000	0.0003
63	97	0.0744	5	1	1	0	0	0	0	0	0	N	N	N	N	N	N	N	N	N	N	N	N	0.0653	0.0152	653.7552	0.0433	0.0402	96.2831	2.3749	0.3122	767.4071	0.0041	0.0016	0.0197	0.0119	0.0117	0.0159	0.0037	0.0010	0.0198	0.0629	0.1056	0.0000	0.2749	0.2914	0.0002	0.0015	0.0031	0.0000	1.9685	0.0002	0.0001	-0.0023	1.0023	6.4922	3.0135	4.5502	0.0002	0.0001	0.0001	0.0000	0.0000	0.0000	0.0002	0.0000	0.0001	0.0043	0.0043	0.0000	0.0042	0.0042	0.0000	0.0001	0.0001	0.0000	0.0479	0.0413	0.0066	0.0026	0.0025	0.0001	0.0453	0.0388	0.0065	0.0678	0.0404	0.0274	0.0152	0.0143	0.0009	0.0525	0.0260	0.0265	0.0653	0.0152	653.7552	0.0433	0.0402	96.2831	2.3749	0.3122	767.4071	0.0629	0.1056	0.0000	0.2749	0.2914	0.0002	0.0015	0.0031	0.0000
63	98	0.1039	10	1	2	0	0	0	0	0	0	N	Y	N	N	N	N	N	N	N	N	N	N	0.0000	0.0000	5.4373	0.0000	0.0000	1.1540	0.0000	0.0000	0.0000	0.0000	0.0000	0.0000	0.0000	0.0000	0.0001	0.0000	0.0000	0.0000	0.1973	0.3289	0.0000	1.1377	1.1974	0.0001	0.0000	0.0000	0.0000	inf	0.0000	0.0000	-0.0074	1.0023	1.3608	3.0135	12.1483	0.0000	0.0000	0.0000	0.0000	0.0000	0.0000	0.0000	0.0000	0.0000	0.0137	0.0137	0.0000	0.0137	0.0137	0.0000	0.0000	0.0000	0.0000	0.0120	0.0106	0.0014	0.0032	0.0030	0.0002	0.0088	0.0076	0.0012	0.0695	0.0417	0.0278	0.0121	0.0115	0.0006	0.0575	0.0303	0.0272	0.0000	0.0000	5.4373	0.0000	0.0000	1.1540	0.0000	0.0000	0.0000	0.1973	0.3289	0.0000	1.1377	1.1974	0.0001	0.0000	0.0000	0.0000
63	99	0.1002	9	1	1	0	0	0	0	0	0	N	N	N	N	N	N	N	N	N	N	N	N	0.0011	0.0001	0.0097	0.0050	0.0004	0.3243	0.0001	0.0000	0.0008	0.0000	0.0000	0.0001	0.0001	0.0000	0.0007	0.0000	0.0000	0.0000	0.0139	0.0155	0.0113	0.0133	0.0137	0.0023	0.0140	0.0164	0.0114	15.0350	0.4446	0.0000	-0.0000	1.0023	1.5300	3.0135	0.7696	0.0000	0.0000	0.0000	0.0000	0.0000	0.0000	0.0000	0.0000	0.0000	0.0002	0.0001	0.0001	0.0000	0.0000	0.0000	0.0002	0.0001	0.0001	0.0135	0.0117	0.0018	0.0029	0.0027	0.0002	0.0106	0.0091	0.0015	0.0145	0.0090	0.0055	0.0032	0.0031	0.0001	0.0113	0.0059	0.0054	0.0011	0.0001	0.0097	0.0050	0.0004	0.3243	0.0001	0.0000	0.0008	0.0139	0.0155	0.0113	0.0133	0.0137	0.0023	0.0140	0.0164	0.0114
63	100	0.0914	8	1	1	0	0	0	0	0	0	N	N	N	N	N	N	N	N	N	N	N	N	0.9379	0.0060	78.0387	0.0213	0.0209	0.4859	1.8001	0.0000	81.2099	0.0008	0.0000	0.0057	0.0001	0.0001	0.0000	0.0009	0.0000	0.0061	0.0008	0.0013	0.0001	0.0025	0.0027	0.0000	0.0005	0.0008	0.0001	109.4656	0.0390	0.0000	-0.0000	1.0023	3.6906	3.0135	1.4800	0.0000	0.0000	0.0000	0.0000	0.0000	0.0000	0.0000	0.0000	0.0000	0.0000	0.0000	0.0000	0.0000	0.0000	0.0000	0.0000	0.0000	0.0000	0.0268	0.0233	0.0035	0.0034	0.0032	0.0002	0.0234	0.0201	0.0033	0.0263	0.0155	0.0108	0.0042	0.0039	0.0003	0.0221	0.0117	0.0105	0.9379	0.0060	78.0387	0.0213	0.0209	0.4859	1.8001	0.0000	81.2099	0.0008	0.0013	0.0001	0.0025	0.0027	0.0000	0.0005	0.0008	0.0001
63	101	0.0914	7	1	1	0	0	0	0	0	0	N	N	N	N	N	N	N	N	N	N	N	N	0.0029	0.0010	0.3906	0.0031	0.0025	3.3860	0.0026	0.0000	0.3318	0.0000	0.0000	0.0001	0.0000	0.0000	0.0002	0.0000	0.0000	0.0001	0.0048	0.0074	0.0002	0.0087	0.0094	0.0001	0.0033	0.0061	0.0002	1.0000	0.0143	0.0000	-0.0000	1.0023	0.1361	3.0135	0.4500	0.0000	0.0000	0.0000	0.0000	0.0000	0.0000	0.0000	0.0000	0.0000	0.0000	0.0000	0.0000	0.0000	0.0000	0.0000	0.0000	0.0000	0.0000	0.0019	0.0017	0.0002	0.0006	0.0006	0.0000	0.0013	0.0011	0.0002	0.0042	0.0027	0.0016	0.0012	0.0011	0.0001	0.0031	0.0016	0.0015	0.0029	0.0010	0.3906	0.0031	0.0025	3.3860	0.0026	0.0000	0.3318	0.0048	0.0074	0.0002	0.0087	0.0094	0.0001	0.0033	0.0061	0.0002
63	102	0.0755	6	1	1	0	0	0	0	0	0	N	N	N	N	N	N	N	N	N	N	N	N	0.1638	0.0079	0.6983	0.0068	0.0072	0.0000	0.2049	0.0252	0.7680	0.0067	0.0001	0.0593	0.0002	0.0002	0.0000	0.0086	0.0000	0.0654	0.0408	0.0089	0.0849	0.0345	0.0339	0.0558	0.0419	0.0005	0.0852	106.6970	6.9209	0.0001	0.0006	1.0023	3.5591	3.0135	4.5341	0.0002	0.0000	0.0002	0.0000	0.0000	0.0000	0.0002	0.0000	0.0002	0.0018	0.0002	0.0016	0.0002	0.0002	0.0000	0.0016	0.0000	0.0016	0.0316	0.0280	0.0035	0.0072	0.0068	0.0003	0.0244	0.0212	0.0032	0.0444	0.0258	0.0187	0.0066	0.0064	0.0002	0.0378	0.0193	0.0185	0.1638	0.0079	0.6983	0.0068	0.0072	0.0000	0.2049	0.0252	0.7680	0.0408	0.0089	0.0849	0.0345	0.0339	0.0558	0.0419	0.0005	0.0852
63	103	0.0538	5	1	1	0	0	0	0	0	0	N	N	N	N	N	N	N	N	N	N	N	N	0.0456	0.0313	0.0128	0.0162	0.0189	0.0002	0.1990	0.6197	0.0191	0.0109	0.0127	0.0003	0.0307	0.0365	0.0000	0.0024	0.0028	0.0004	0.2393	0.4076	0.0207	1.8943	1.9342	0.0819	0.0123	0.0045	0.0203	0.0036	0.0391	-0.0001	-0.0070	1.0023	2.8937	3.0135	8.0733	0.0003	0.0003	0.0000	0.0003	0.0003	0.0000	0.0000	0.0000	0.0000	0.0139	0.0134	0.0005	0.0133	0.0132	0.0000	0.0006	0.0001	0.0005	0.0275	0.0235	0.0040	0.0083	0.0069	0.0013	0.0193	0.0165	0.0027	0.0580	0.0328	0.0252	0.0070	0.0068	0.0002	0.0510	0.0259	0.0251	0.0456	0.0313	0.0128	0.0162	0.0189	0.0002	0.1990	0.6197	0.0191	0.2393	0.4076	0.0207	1.8943	1.9342	0.0819	0.0123	0.0045	0.0203
63	104	0.1293	7	1	2	0	0	0	0	0	0	N	Y	N	N	N	N	N	N	N	N	N	N	0.0058	0.0000	0.0299	0.0016	0.0000	0.0466	0.0425	0.0000	0.0826	0.0023	0.0000	0.0164	0.0013	0.0000	0.1762	0.0027	0.0000	0.0141	0.3982	0.3477	0.5476	0.8132	0.6537	3.7786	0.0629	0.0003	0.1707	inf	0.5319	0.0000	-0.0014	1.0023	0.0277	3.0135	1.3445	0.0000	0.0000	0.0000	0.0000	0.0000	0.0000	0.0000	0.0000	0.0000	0.0072	0.0047	0.0025	0.0066	0.0047	0.0019	0.0006	0.0000	0.0006	0.0004	0.0003	0.0001	0.0001	0.0001	0.0000	0.0003	0.0002	0.0001	0.0181	0.0136	0.0046	0.0081	0.0072	0.0009	0.0100	0.0064	0.0037	0.0058	0.0000	0.0299	0.0016	0.0000	0.0840	0.0425	0.0000	0.0826	0.3982	0.3477	0.5476	0.8132	0.6537	2.0972	0.0629	0.0003	0.1707
63	105	0.0826	6	1	2	0	0	0	0	0	0	N	Y	N	N	N	N	N	N	N	N	N	N	0.0043	0.0000	0.0088	0.0813	0.0002	0.0360	0.0032	0.0000	0.0083	0.0370	0.0000	0.2751	0.0554	0.0000	1.5438	0.0349	0.0000	0.2398	8.6830	0.0379	31.2907	0.6823	0.0272	42.8389	10.8470	0.0433	28.7951	87809.7892	382.5746	0.0009	0.4428	1.0023	5.1414	3.0135	16.4151	0.0014	0.0000	0.0014	0.0002	0.0000	0.0002	0.0012	0.0000	0.0012	0.9745	0.0025	0.9720	0.0163	0.0006	0.0157	0.9582	0.0019	0.9563	0.0391	0.0339	0.0053	0.0040	0.0038	0.0001	0.0352	0.0301	0.0051	0.1122	0.0670	0.0453	0.0239	0.0222	0.0017	0.0883	0.0448	0.0436	0.0043	0.0000	0.0128	0.0813	0.0002	0.1677	0.0032	0.0000	0.0109	8.6830	0.0379	21.4741	0.6823	0.0272	9.2053	10.8470	0.0433	21.9544
63	106	0.0744	5	1	1	0	0	0	0	0	0	N	N	N	N	N	N	N	N	N	N	N	N	0.0023	0.0010	0.0161	0.0147	0.0124	0.3077	0.0014	0.0002	0.0138	0.0008	0.0005	0.0031	0.0058	0.0051	0.0224	0.0005	0.0001	0.0027	0.3675	0.4790	0.1906	0.3974	0.4133	0.0729	0.3568	0.5578	0.1945	1.0288	0.2508	0.0000	-0.0051	1.0023	3.8974	3.0135	1.6364	0.0000	0.0000	0.0000	0.0000	0.0000	0.0000	0.0000	0.0000	0.0000	0.0148	0.0119	0.0030	0.0042	0.0042	0.0000	0.0106	0.0077	0.0029	0.0298	0.0257	0.0041	0.0019	0.0019	0.0001	0.0279	0.0239	0.0041	0.0404	0.0248	0.0156	0.0107	0.0102	0.0005	0.0297	0.0146	0.0151	0.0023	0.0010	0.0161	0.0147	0.0124	0.3077	0.0014	0.0002	0.0138	0.3675	0.4790	0.1906	0.3974	0.4133	0.0729	0.3568	0.5247	0.1945
63	107	0.0534	4	1	1	0	0	0	0	0	0	N	N	N	N	N	N	N	N	N	N	N	N	0.0700	0.0489	0.2693	0.0233	0.0270	0.1028	0.2071	0.1146	0.7533	0.0328	0.0389	0.0040	0.0415	0.0512	0.0013	0.0162	0.0170	0.0112	0.4684	0.7951	0.0148	1.7816	1.8971	0.0130	0.0781	0.1479	0.0148	0.0216	0.0134	-0.0001	-0.0169	1.0023	0.3701	3.0135	9.6236	0.0003	0.0003	0.0000	0.0002	0.0002	0.0000	0.0001	0.0000	0.0000	0.0319	0.0315	0.0004	0.0278	0.0278	0.0000	0.0041	0.0037	0.0004	0.0091	0.0075	0.0016	0.0060	0.0048	0.0012	0.0031	0.0027	0.0004	0.0681	0.0396	0.0285	0.0156	0.0146	0.0010	0.0525	0.0249	0.0276	0.0700	0.0489	0.2693	0.0233	0.0270	0.1028	0.2071	0.1146	0.7533	0.4684	0.7951	0.0148	1.7816	1.8971	0.0130	0.0781	0.1479	0.0148
63	108	0.0429	3	1	1	0	0	0	0	0	0	N	N	N	N	N	N	N	N	N	N	N	N	0.0467	0.0313	0.0761	0.0202	0.0231	0.0302	0.0748	0.0413	0.2088	0.0482	0.0576	0.0020	0.0389	0.0480	0.0005	0.0634	0.0722	0.0056	1.0330	1.8423	0.0266	1.9240	2.0776	0.0172	0.8473	1.7471	0.0269	0.0072	0.0116	-0.0002	-0.0183	1.0023	0.4415	3.0135	4.8853	0.0005	0.0005	0.0000	0.0002	0.0002	0.0000	0.0002	0.0002	0.0000	0.0344	0.0340	0.0004	0.0110	0.0110	0.0000	0.0233	0.0229	0.0004	0.0097	0.0081	0.0016	0.0060	0.0049	0.0012	0.0037	0.0032	0.0005	0.0333	0.0184	0.0148	0.0057	0.0053	0.0004	0.0275	0.0131	0.0144	0.0467	0.0313	0.0761	0.0202	0.0231	0.0302	0.0748	0.0413	0.2088	1.0330	1.8423	0.0266	1.9240	2.0776	0.0172	0.8473	1.7471	0.0269
63	109	0.0841	6	2	2	0	1	0	0	0	0	Y	Y	N	N	N	N	N	N	N	N	N	N	0.0000	0.0000	0.0000	0.0000	0.0000	0.0000	0.0000	0.0000	0.0000	0.0000	0.0000	0.0000	0.0000	0.0000	0.0000	0.0000	0.0000	0.0000	0.0000	0.0000	1.0023	0.0000	3.0135	0.0000	0.0000	0.0000	0.0000	0.0000	0.0000	0.0000	0.0000	0.0000	0.0000	0.0000	0.0000	0.0000	0.0000	0.0000	0.0000	0.0000	0.0000	0.0000	0.0000	0.0000	0.0000	0.0000	0.0000	0.0000	0.0000	0.0000	0.0000	0.0000	0.0000	0.0000	0.0000	0.0000	0.0000	0.0000	0.0000	0.0000	0.0000	0.0000	0.0000	0.0000	0.0000	0.0000	0.0000	0.0000	0.0000	0.0000	0.0000	0.0000	0.0000	0.0000	0.0000	0.0000	0.0000	0.0000											
63	110	0.0692	5	2	2	0	1	0	0	0	0	Y	Y	N	N	N	N	N	N	N	N	N	N	0.0000	0.0000	0.0000	0.0000	0.0000	0.0000	0.0000	0.0000	0.0000	0.0000	0.0000	0.0000	0.0000	0.0000	0.0000	25.7130	44.1659	0.0000	168.2893	178.9715	0.0000	0.0000	0.0000	0.0000	0.0000	0.0000	-0.5325	1.0023	0.0000	3.0135	7.1240	0.0000	0.0000	0.0000	0.0000	0.0000	0.0000	0.0000	0.0000	0.0000	0.9808	0.9808	0.0000	0.9808	0.9808	0.0000	0.0000	0.0000	0.0000	0.0000	0.0000	0.0000	0.0000	0.0000	0.0000	0.0000	0.0000	0.0000	0.0381	0.0222	0.0159	0.0068	0.0061	0.0007	0.0313	0.0161	0.0152	0.0000	0.0000	0.0000	0.0000	0.0000	0.0000	0.0000	0.0000	0.0000	25.7130	44.1659	0.0000	144.0704	161.3770	0.0000	0.0000	0.0000	0.0000				
63	111	0.0781	7	1	2	0	1	0	0	0	0	N	Y	N	N	N	N	N	N	N	N	N	N	0.0000	0.0000	0.0000	0.0000	0.0000	0.0000	0.0000	0.0000	0.0000	0.0000	0.0000	0.0000	0.0000	0.0000	0.0000	0.0000	0.0000	0.0000	0.0014	0.0010	0.0018	0.0064	0.0035	0.0201	0.0000	0.0000	0.0000	1.2025	0.0000	0.0000	1.0023	0.0016	3.0135	5.0076	0.0000	0.0000	0.0000	0.0000	0.0000	0.0000	0.0000	0.0000	0.0000	0.0000	0.0000	0.0000	0.0000	0.0000	0.0000	0.0000	0.0000	0.0000	0.0000	0.0000	0.0000	0.0000	0.0000	0.0000	0.0000	0.0000	0.0000	0.0261	0.0155	0.0106	0.0056	0.0046	0.0010	0.0206	0.0109	0.0097	0.0000	0.0000	0.0000	0.0000	0.0000	0.0000	0.0000	0.0000	0.0000	0.0014	0.0010	0.0018	0.0064	0.0035	0.0201	0.0000	0.0000	0.0000	
63	112	0.0713	6	1	2	0	1	0	0	0	0	N	Y	N	N	N	N	N	N	N	N	N	N	0.0000	0.0000	0.0000	0.0000	0.0000	0.0000	0.0000	0.0000	0.0000	0.0000	0.0000	0.0000	0.0000	0.0000	0.0000	0.0000	0.2796	0.4801	0.0000	1.2724	1.4244	0.0000	0.0000	0.0000	0.0000	0.0000	0.0000	-0.0028	1.0023	1.0012	3.0135	2.1373	0.0000	0.0000	0.0000	0.0000	0.0000	0.0000	0.0000	0.0000	0.0000	0.0052	0.0052	0.0000	0.0052	0.0052	0.0000	0.0000	0.0000	0.0000	0.0071	0.0062	0.0010	0.0007	0.0007	0.0000	0.0064	0.0055	0.0009	0.0184	0.0107	0.0077	0.0040	0.0036	0.0004	0.0144	0.0071	0.0073	0.0000	0.0000	0.0000	0.0000	0.0000	0.0000	0.0000	0.0000	0.0000	0.2796	0.4801	0.0000	1.2724	1.4244	0.0000	0.0000	0.0000	0.0000			
63	113	0.0796	6	1	2	0	0	0	0	0	0	N	Y	N	N	N	N	N	N	N	N	N	N	0.0000	0.0000	0.0000	0.0000	0.0000	0.0000	0.0000	0.0000	0.0000	0.0000	0.0000	0.0000	0.0000	0.0000	0.0000	0.0000	0.0000	0.0086	0.0123	0.0032	0.0470	0.0451	0.0623	0.0000	0.0000	0.0000	0.1794	0.0000	-0.0001	1.0023	0.9705	3.0135	5.0371	0.0000	0.0000	0.0000	0.0000	0.0000	0.0000	0.0000	0.0000	0.0000	0.0003	0.0002	0.0000	0.0003	0.0002	0.0000	0.0000	0.0000	0.0000	0.0081	0.0071	0.0010	0.0015	0.0014	0.0001	0.0067	0.0057	0.0010	0.0303	0.0178	0.0124	0.0055	0.0049	0.0006	0.0248	0.0130	0.0118	0.0000	0.0000	0.0000	0.0000	0.0000	0.0000	0.0000	0.0000	0.0000	0.0086	0.0123	0.0032	0.0470	0.0451	0.0623	0.0000	0.0000	0.0000		
63	114	0.0713	6	1	1	1	1	0	0	0	0	N	N	N	N	N	N	N	N	N	N	N	N	0.0000	0.0000	0.0000	0.0000	0.0000	0.0000	0.0000	0.0000	0.0000	0.0000	0.0000	0.0000	0.0000	0.0011	0.0019	0.0000	0.0041	0.0044	0.0000	0.0000	0.0000	0.0000	0.0000	0.0000	-0.0000	1.0023	0.0000	3.0135	1.1303	0.0000	0.0000	0.0000	0.0000	0.0000	0.0000	0.0000	0.0000	0.0000	0.0000	0.0000	0.0000	0.0000	0.0000	0.0000	0.0000	0.0000	0.0000	0.0000	0.0000	0.0000	0.0000	0.0000	0.0000	0.0000	0.0000	0.0000	0.0082	0.0047	0.0035	0.0022	0.0021	0.0002	0.0060	0.0026	0.0033	0.0000	0.0000	0.0000	0.0000	0.0000	0.0000	0.0000	0.0000	0.0000	0.0011	0.0019	0.0000	0.0041	0.0044	0.0000	0.0000	0.0000	0.0000						
63	115	0.0692	5	1	1	0	1	0	0	0	0	N	N	N	N	N	N	N	N	N	N	N	N	0.0000	0.0000	0.0000	0.0000	0.0000	0.0000	0.0000	0.0000	0.0000	0.0000	0.0000	0.0000	0.0000	0.0000	0.0000	0.0000	0.0000	0.0416	0.0035	0.0938	0.0476	0.0084	0.8718	0.0395	0.0000	0.0723	19.5902	0.0000	0.0002	1.0023	0.0000	3.0135	1.2340	0.0000	0.0000	0.0000	0.0000	0.0000	0.0000	0.0000	0.0000	0.0000	0.0004	0.0000	0.0004	0.0001	0.0000	0.0001	0.0003	0.0000	0.0003	0.0000	0.0000	0.0000	0.0000	0.0000	0.0000	0.0000	0.0000	0.0000	0.0089	0.0051	0.0038	0.0023	0.0021	0.0001	0.0066	0.0030	0.0036	0.0000	0.0000	0.0000	0.0000	0.0000	0.0000	0.0000	0.0000	0.0000	0.0416	0.0035	0.0938	0.0476	0.0084	0.6313	0.0395	0.0000	0.0723		
63	116	0.0767	6	1	1	1	1	0	0	0	0	N	N	N	N	N	N	N	N	N	N	N	N	0.0000	0.0000	0.0000	0.0000	0.0000	0.0000	0.5170	0.6681	0.0000	0.0000	0.0000	0.0000	0.0002	0.0002	0.0000	0.0000	0.0000	0.0000	1.1268	1.8850	0.0021	5.4845	5.4894	0.0343	0.0000	0.0000	0.0000	0.0000	0.0007	-0.0000	-0.0072	1.0023	0.9725	3.0135	0.9874	0.0000	0.0000	0.0000	0.0000	0.0000	0.0000	0.0000	0.0000	0.0000	0.0133	0.0133	0.0000	0.0133	0.0133	0.0000	0.0000	0.0000	0.0000	0.0077	0.0067	0.0010	0.0012	0.0012	0.0000	0.0065	0.0056	0.0009	0.0118	0.0071	0.0048	0.0027	0.0025	0.0003	0.0091	0.0046	0.0045	0.0000	0.0000	0.0000	0.0000	0.0000	0.0000	0.5170	0.6681	0.0000	1.1268	1.8850	0.0021	4.8653	5.4216	0.0343	0.0000	0.0000	0.0000
63	117	0.0767	6	1	1	1	1	0	0	0	0	N	N	N	N	N	N	N	N	N	N	N	N	0.0214	0.2694	0.0000	0.1070	0.1602	0.0000	0.0047	18.6820	0.0000	0.0003	0.0003	0.0000	0.0007	0.0007	0.0000	0.0001	0.0001	0.0000	0.0149	0.0013	0.0348	0.0062	0.0042	0.0211	0.0172	0.0000	0.0357	0.0000	18.5007	-0.0000	0.0001	1.0023	0.0285	3.0135	4.0215	0.0000	0.0000	0.0000	0.0000	0.0000	0.0000	0.0000	0.0000	0.0000	0.0003	0.0000	0.0003	0.0000	0.0000	0.0000	0.0003	0.0000	0.0003	0.0008	0.0007	0.0001	0.0003	0.0003	0.0000	0.0005	0.0004	0.0001	0.0222	0.0132	0.0090	0.0046	0.0040	0.0006	0.0176	0.0092	0.0085	0.0214	0.2694	0.0000	0.1070	0.1602	0.0000	0.0047	18.6820	0.0000	0.0149	0.0013	0.0348	0.0062	0.0042	0.0211	0.0172	0.0000	0.0357
63	118	0.0692	5	1	1	1	1	0	0	0	0	N	N	N	N	N	N	N	N	N	N	N	N	0.3404	0.2428	0.0000	0.5687	0.5547	0.0000	1.0598	62701.8462	0.0000	0.0684	0.0791	0.0000	0.5861	0.6270	0.0000	0.0114	0.0133	0.0000	0.2011	0.3257	0.0277	1.0307	1.1302	0.1474	0.0108	0.0000	0.0220	0.0000	0.0611	-0.0006	-0.0028	1.0023	3.0275	3.0135	2.1573	0.0015	0.0015	0.0000	0.0012	0.0012	0.0000	0.0002	0.0002	0.0000	0.0058	0.0054	0.0003	0.0055	0.0054	0.0001	0.0003	0.0000	0.0003	0.0213	0.0185	0.0029	0.0021	0.0020	0.0001	0.0192	0.0165	0.0027	0.0287	0.0167	0.0120	0.0053	0.0048	0.0005	0.0233	0.0119	0.0115	0.3404	0.2428	0.0000	0.5687	0.5547	0.0000	1.0598	62701.8462	0.0000	0.2011	0.3257	0.0277	1.0307	1.1302	0.1474	0.0108	0.0000	0.0220
63	119	0.1104	5	2	2	0	0	0	0	0	0	Y	Y	N	N	N	N	N	N	N	N	N	N	7.3652	5.2125	0.0000	4.7295	5.1514	11.3069	7.1158	0.0000	0.0119	0.0138	0.0000	0.0350	0.0397	0.0000	0.0001	0.0001	0.0000	0.0016	0.0026	0.0000	0.0074	0.0077	0.0000	0.0000	0.0000	0.0000	0.0000	0.0002	-0.0001	-0.0000	1.0023	2.1883	3.0135	3.1271	0.0002	0.0002	0.0000	0.0002	0.0002	0.0000	0.0000	0.0000	0.0000	0.0000	0.0000	0.0000	0.0000	0.0000	0.0000	0.0000	0.0000	0.0000	0.0206	0.0179	0.0027	0.0070	0.0062	0.0008	0.0136	0.0117	0.0019	0.0303	0.0186	0.0117	0.0066	0.0063	0.0003	0.0237	0.0123	0.0114	7.3652	5.2125	0.0000	4.7295	5.1514	0.0000	11.3069	7.1158	0.0000	0.0016	0.0026	0.0000	0.0074	0.0077	0.0000	0.0000	0.0000	0.0000	
63	120	0.0435	4	2	2	0	0	0	0	0	0	Y	Y	N	N	N	N	N	N	N	N	N	N	1.6686	1.0915	1.3272	0.4923	0.5322	91.2313	11.2955	7.5138	1.0476	0.0070	0.0080	0.0001	0.0192	0.0214	0.0003	0.0050	0.0058	0.0001	0.0042	0.0074	0.0001	0.0390	0.0401	0.0000	0.0004	0.0008	0.0001	0.0022	0.0093	-0.0003	-0.0003	1.0023	13.6104	3.0135	16.0982	0.0007	0.0007	0.0000	0.0003	0.0003	0.0000	0.0004	0.0004	0.0000	0.0006	0.0006	0.0000	0.0005	0.0005	0.0000	0.0001	0.0000	0.0000	0.1031	0.0893	0.0137	0.0145	0.0130	0.0015	0.0886	0.0763	0.0123	0.1390	0.0783	0.0608	0.0135	0.0131	0.0004	0.1256	0.0652	0.0604	1.6686	1.0915	1.3272	0.4923	0.5322	91.2313	11.2955	7.5138	1.0476	0.0042	0.0074	0.0001	0.0390	0.0401	0.0000	0.0004	0.0008	0.0001
63	121	0.0687	6	1	2	0	0	0	0	0	0	N	Y	N	N	N	N	N	N	N	N	N	N	20.1582	16.2900	0.0000	1.5504	1.8797	0.0000	4249.8393	11644.4681	0.0000	0.0421	0.0512	0.0000	0.0099	0.0122	0.0000	0.1400	0.1613	0.0000	0.0021	0.0031	0.0001	0.0064	0.0065	0.0005	0.0000	0.0000	0.0001	0.0000	0.0103	-0.0002	-0.0001	1.0023	0.3548	3.0135	4.6068	0.0005	0.0005	0.0000	0.0001	0.0001	0.0000	0.0004	0.0004	0.0000	0.0001	0.0001	0.0000	0.0001	0.0001	0.0000	0.0000	0.0000	0.0000	0.0113	0.0093	0.0020	0.0085	0.0069	0.0016	0.0028	0.0024	0.0004	0.0524	0.0345	0.0179	0.0170	0.0166	0.0004	0.0354	0.0179	0.0175	20.1582	16.2900	0.0000	1.5504	1.8797	0.0000	4249.8393	11644.4681	0.0000	0.0021	0.0031	0.0001	0.0064	0.0065	0.0005	0.0000	0.0000	0.0001
63	122	0.0538	5	1	2	0	0	0	0	0	0	N	Y	N	N	N	N	N	N	N	N	N	N	0.1395	0.0931	0.4188	0.0106	0.0124	8.8688	17.3692	25.3621	0.5300	0.0465	0.0545	0.0017	0.0264	0.0316	0.0011	0.0598	0.0693	0.0022	0.3332	0.5852	0.0041	2.4917	2.5408	0.0001	0.0034	0.0027	0.0042	0.0057	0.0054	-0.0003	-0.0073	1.0023	1.6911	3.0135	5.7022	0.0009	0.0009	0.0000	0.0002	0.0002	0.0000	0.0007	0.0007	0.0000	0.0137	0.0136	0.0001	0.0135	0.0135	0.0000	0.0001	0.0000	0.0001	0.0192	0.0163	0.0029	0.0077	0.0064	0.0013	0.0115	0.0099	0.0016	0.0410	0.0232	0.0178	0.0054	0.0053	0.0001	0.0356	0.0179	0.0177	0.1395	0.0931	0.4188	0.0106	0.0124	8.8688	17.3692	25.3621	0.5300	0.3332	0.5852	0.0041	2.4917	2.5408	0.0001	0.0034	0.0027	0.0042
63	123	0.0435	4	1	1	0	0	0	0	0	0	N	N	N	N	N	N	N	N	N	N	N	N	0.5913	0.4033	0.0368	0.1133	0.1269	0.0498	2.7565	2.3416	0.0413	0.0175	0.0201	0.0001	0.0235	0.0269	0.0001	0.0140	0.0161	0.0001	0.0297	0.0499	0.0032	0.2073	0.2120	0.0019	0.0051	0.0069	0.0032	0.0009	0.0494	-0.0002	-0.0004	1.0023	2.0929	3.0135	3.1856	0.0005	0.0005	0.0000	0.0002	0.0002	0.0000	0.0002	0.0002	0.0000	0.0009	0.0008	0.0000	0.0007	0.0007	0.0000	0.0001	0.0001	0.0000	0.0270	0.0235	0.0035	0.0100	0.0088	0.0013	0.0169	0.0147	0.0022	0.0290	0.0165	0.0126	0.0035	0.0035	0.0001	0.0255	0.0130	0.0125	0.5913	0.4033	0.0368	0.1133	0.1269	0.0498	2.7565	2.3416	0.0413	0.0297	0.0499	0.0032	0.2073	0.2120	0.0019	0.0051	0.0069	0.0032
63	124	0.0842	7	2	2	0	0	0	0	0	0	Y	Y	N	N	N	N	N	N	N	N	N	N	0.0000	0.0000	0.0000	0.0000	0.0000	0.0000	0.0000	0.0000	0.0000	0.0000	0.0000	0.0000	0.0000	0.0000	0.0000	0.0000	0.0000	0.0000	0.0000	0.0000	1.0023	0.0000	3.0135	0.0000	0.0000	0.0000	0.0000	0.0000	0.0000	0.0000	0.0000	0.0000	0.0000	0.0000	0.0000	0.0000	0.0000	0.0000	0.0000	0.0000	0.0000	0.0000	0.0000	0.0000	0.0000	0.0000	0.0000	0.0000	0.0000	0.0000	0.0000	0.0000	0.0000	0.0000	0.0000	0.0000	0.0000	0.0000	0.0000	0.0000	0.0000	0.0000	0.0000	0.0000	0.0000	0.0000	0.0000	0.0000	0.0000	0.0000	0.0000	0.0000	0.0000	0.0000	0.0000	0.0000	0.0000	0.0000											
63	125	0.0796	6	2	2	0	0	0	0	0	0	Y	Y	N	N	N	N	N	N	N	N	N	N	0.0000	0.0000	0.0000	0.0000	0.0000	0.0000	0.0000	0.0000	0.0000	0.0000	0.0000	0.0000	0.0000	0.0000	0.0000	0.0000	0.0000	0.0033	0.0000	0.0084	0.0157	0.0000	0.1713	0.0001	0.0000	0.0002	561.9463	0.0000	0.0000	1.0023	0.1434	3.0135	1.9839	0.0000	0.0000	0.0000	0.0000	0.0000	0.0000	0.0000	0.0000	0.0000	0.0000	0.0000	0.0000	0.0000	0.0000	0.0000	0.0000	0.0000	0.0000	0.0022	0.0020	0.0002	0.0008	0.0008	0.0000	0.0014	0.0012	0.0002	0.0119	0.0071	0.0047	0.0025	0.0023	0.0002	0.0094	0.0049	0.0045	0.0000	0.0000	0.0000	0.0000	0.0000	0.0000	0.0000	0.0000	0.0000	0.0033	0.0000	0.0084	0.0157	0.0000	0.1713	0.0001	0.0000	0.0002		
63	126	0.0692	5	1	2	0	0	0	0	0	0	N	Y	N	N	N	N	N	N	N	N	N	N	0.0000	0.0000	0.0000	0.0000	0.0000	0.0000	0.0000	0.0000	0.0000	0.0000	0.0000	0.0000	0.0000	0.0000	0.0000	0.0000	0.0000	0.0000	0.0166	0.0025	0.0361	0.0258	0.0087	0.1806	0.0144	0.0000	0.0293	10.2593	0.0000	0.0002	1.0023	1.8882	3.0135	2.9115	0.0000	0.0000	0.0000	0.0000	0.0000	0.0000	0.0000	0.0000	0.0000	0.0004	0.0000	0.0004	0.0001	0.0000	0.0001	0.0003	0.0000	0.0003	0.0134	0.0116	0.0018	0.0013	0.0012	0.0001	0.0120	0.0103	0.0017	0.0268	0.0156	0.0112	0.0051	0.0046	0.0005	0.0217	0.0110	0.0107	0.0000	0.0000	0.0000	0.0000	0.0000	0.0000	0.0000	0.0000	0.0000	0.0166	0.0025	0.0361	0.0258	0.0087	0.1806	0.0144	0.0000	0.0293	
63	127	0.0435	4	1	1	0	0	0	0	0	0	N	N	N	N	N	N	N	N	N	N	N	N	0.0021	8.2381	0.0000	0.0130	1.5176	0.0000	0.0022	16.5642	0.0000	0.0314	0.0361	0.0000	0.0166	0.0189	0.0000	0.0374	0.0432	0.0000	15.1614	0.0044	77.7862	1.2716	0.0125	1950.4682	16.7850	0.0026	65.2666	0.0000	6131.1316	-0.0004	0.4457	1.0023	3.5543	3.0135	9.0319	0.0012	0.0012	0.0000	0.0002	0.0002	0.0000	0.0010	0.0010	0.0000	0.9756	0.0002	0.9755	0.0086	0.0001	0.0085	0.9671	0.0001	0.9670	0.0371	0.0323	0.0049	0.0106	0.0093	0.0013	0.0265	0.0229	0.0036	0.0644	0.0363	0.0281	0.0067	0.0066	0.0002	0.0576	0.0297	0.0279	0.0021	8.2381	0.0000	0.0130	1.5176	0.0000	0.0022	16.5642	0.0000	15.1614	0.0044	34.7276	1.2716	0.0125	49.1998	16.7850	0.0026	34.6382
63	128	0.0398	3	1	1	0	0	0	0	0	0	N	N	N	N	N	N	N	N	N	N	N	N	0.8614	0.7223	0.0044	0.2165	0.2504	0.0042	1.5148	1.3649	0.0047	0.0430	0.0501	0.0001	0.0312	0.0366	0.0001	0.0480	0.0558	0.0001	0.0499	0.0694	0.0220	0.1443	0.1463	0.0203	0.0317	0.0409	0.0220	0.0003	0.2214	-0.0004	-0.0004	1.0023	2.6246	3.0135	0.7212	0.0012	0.0012	0.0000	0.0003	0.0003	0.0000	0.0009	0.0009	0.0000	0.0010	0.0009	0.0002	0.0005	0.0005	0.0000	0.0006	0.0004	0.0002	0.0273	0.0234	0.0039	0.0082	0.0070	0.0012	0.0192	0.0165	0.0027	0.0210	0.0124	0.0086	0.0034	0.0033	0.0001	0.0176	0.0090	0.0086	0.8614	0.7223	0.0044	0.2165	0.2504	0.0042	1.5148	1.3649	0.0047	0.0499	0.0694	0.0220	0.1443	0.1463	0.0203	0.0317	0.0409	0.0220
63	129	0.0341	2	1	1	0	0	0	0	0	0	N	N	N	N	N	N	N	N	N	N	N	N	0.1764	0.1248	0.0401	0.0809	0.0951	0.0406	0.4704	0.4049	0.0456	0.0155	0.0181	0.0006	0.0368	0.0443	0.0003	0.0096	0.0111	0.0006	0.0880	0.1453	0.0137	0.4550	0.4659	0.0079	0.0205	0.0275	0.0138	0.0053	0.0729	-0.0002	-0.0013	1.0023	3.3474	3.0135	1.3769	0.0005	0.0005	0.0000	0.0002	0.0002	0.0000	0.0002	0.0002	0.0000	0.0027	0.0025	0.0002	0.0021	0.0021	0.0000	0.0005	0.0003	0.0002	0.0308	0.0262	0.0046	0.0067	0.0055	0.0011	0.0241	0.0207	0.0034	0.0302	0.0171	0.0132	0.0047	0.0046	0.0001	0.0255	0.0125	0.0130	0.1764	0.1248	0.0401	0.0809	0.0951	0.0406	0.4704	0.4049	0.0456	0.0880	0.1453	0.0137	0.4550	0.4659	0.0079	0.0205	0.0275	0.0138
64	65	0.1128	10	1	2	0	0	0	0	0	0	N	Y	N	N	N	N	N	N	N	N	N	N	1.0701	0.7635	0.0000	0.7913	0.7827	0.0000	0.0075	0.1635	0.0000	0.0002	0.0002	0.0000	0.0010	0.0010	0.0000	0.0000	0.0000	0.0000	0.0002	0.0003	0.0000	0.0013	0.0013	0.0004	0.0000	0.0000	0.0000	0.0000	0.0593	-0.0000	-0.0000	3.0820	1.7946	9.3392	5.9592	0.0000	0.0000	0.0000	0.0000	0.0000	0.0000	0.0000	0.0000	0.0000	0.0000	0.0000	0.0000	0.0000	0.0000	0.0000	0.0000	0.0000	0.0000	0.0489	0.0431	0.0058	0.0104	0.0101	0.0003	0.0385	0.0330	0.0055	0.1158	0.0688	0.0470	0.0175	0.0165	0.0010	0.0983	0.0523	0.0460	1.0701	0.7635	0.0000	0.7913	0.7827	0.0000	0.0075	0.1635	0.0000	0.0002	0.0003	0.0000	0.0013	0.0013	0.0004	0.0000	0.0000	0.0000
64	66	0.1059	9	1	2	0	0	0	0	0	0	N	Y	N	N	N	N	N	N	N	N	N	N	88.2991	65.2205	12.2028	272.9260	271.0487	99.1623	0.0447	0.0316	0.0000	0.0497	0.0561	0.0021	0.2150	0.2216	0.0310	0.0000	0.0000	0.0000	0.0006	0.0009	0.0002	0.0008	0.0008	0.0003	0.0005	0.0009	0.0002	0.0051	0.1529	-0.0007	-0.0000	3.0820	1.3569	9.3392	2.0560	0.0020	0.0020	0.0000	0.0020	0.0020	0.0000	0.0000	0.0000	0.0000	0.0000	0.0000	0.0000	0.0000	0.0000	0.0000	0.0000	0.0000	0.0000	0.0398	0.0351	0.0047	0.0092	0.0089	0.0003	0.0306	0.0262	0.0044	0.0512	0.0290	0.0221	0.0068	0.0064	0.0004	0.0444	0.0227	0.0217	88.2991	65.2205	12.2028	272.9260	271.0487	99.1623	0.0447	0.0316	0.0000	0.0006	0.0009	0.0002	0.0008	0.0008	0.0003	0.0005	0.0009	0.0002
64	67	0.0926	8	1	2	0	0	0	0	0	0	N	Y	N	N	N	N	N	N	N	N	N	N	7817.1505	101634.9355	1.1177	385010.0631	385380.7569	47.1572	0.6494	5.5892	1.1330	7.4125	8.4623	0.0024	38.8750	40.9084	0.0013	0.0007	0.0004	0.0025	0.0009	0.0001	0.0021	0.0001	0.0001	0.0000	0.0011	0.0001	0.0022	0.0000	18.7614	-0.3821	0.0000	3.0820	4.9477	9.3392	2.0153	1.0028	1.0028	0.0000	1.0027	1.0027	0.0000	0.0001	0.0000	0.0000	0.0001	0.0000	0.0001	0.0000	0.0000	0.0000	0.0001	0.0000	0.0001	0.1353	0.1185	0.0168	0.0258	0.0245	0.0013	0.1095	0.0940	0.0155	0.1042	0.0600	0.0441	0.0157	0.0146	0.0010	0.0885	0.0454	0.0431	7817.1505	101634.9355	1.1177	385010.0631	385380.7569	47.1572	0.6494	5.5892	1.1330	0.0009	0.0001	0.0021	0.0001	0.0001	0.0000	0.0011	0.0001	0.0022
64	68	0.1380	10	1	1	1	0	0	0	0	0	N	N	N	N	N	N	N	N	N	N	N	N	0.0000	0.0000	0.0000	0.0000	0.0000	0.0000	0.0000	0.0000	0.0000	0.0000	0.0000	0.0000	0.0000	0.0000	0.0000	0.0000	0.0000	0.0000	19.2963	0.0037	105.7572	0.0102	0.0116	0.0008	23.9396	0.0005	105.8342	8922.8658	0.0000	0.4558	3.0820	0.0000	9.3392	4.0001	0.0000	0.0000	0.0000	0.0000	0.0000	0.0000	0.0000	0.0000	0.0000	0.9976	0.0001	0.9975	0.0001	0.0001	0.0000	0.9975	0.0000	0.9975	0.0000	0.0000	0.0000	0.0000	0.0000	0.0000	0.0000	0.0000	0.0000	0.0517	0.0306	0.0211	0.0100	0.0088	0.0013	0.0417	0.0218	0.0198	0.0000	0.0000	0.0000	0.0000	0.0000	0.0000	0.0000	0.0000	0.0000	19.2963	0.0037	47.3116	0.0102	0.0116	0.0008	23.9396	0.0005	50.2954	
64	69	0.1157	9	1	1	0	0	0	0	0	0	N	N	N	N	N	N	N	N	N	N	N	N	1.0930	50.3578	0.0003	0.9640	60.5475	0.0000	1.3400	58.3360	0.0004	3.2434	4.4053	0.0022	2.3897	2.9331	0.0014	4.1766	6.4210	0.0026	2.9674	0.0875	7.3477	2.4788	0.0484	1687.0114	3.1169	0.1101	6.1136	0.0002	55.2222	-0.3105	0.2467	3.0820	2.8240	9.3392	8.9883	0.8151	0.8150	0.0001	0.3136	0.3136	0.0000	0.5015	0.5014	0.0001	0.5616	0.0100	0.5516	0.1099	0.0020	0.1079	0.4516	0.0080	0.4437	0.2513	0.1850	0.0663	0.1312	0.1069	0.0243	0.1201	0.0781	0.0420	0.1893	0.1142	0.0751	0.0444	0.0419	0.0025	0.1449	0.0723	0.0726	1.0930	50.3578	0.0003	0.9640	60.5475	0.0000	1.3400	58.3360	0.0004	2.9674	0.0875	7.3477	2.4788	0.0484	43.2012	3.1169	0.1101	6.1136
64	70	0.1068	8	1	1	0	0	0	0	0	0	N	N	N	N	N	N	N	N	N	N	N	N	1.7854	3.5102	3.0630	588.5593	314.7614	3344.0869	1.2703	2.0129	2.5965	9.3486	5.2517	37.8283	8.3287	4.3075	99.9561	9.6348	5.5500	32.9179	5.2363	1.4961	12.3502	0.0142	0.0137	0.0299	7.5844	2.7571	12.6776	1.0362	4.3400	0.0477	0.1561	3.0820	1.4521	9.3392	3.5882	0.3729	0.1831	0.1898	0.0728	0.0361	0.0367	0.3001	0.1471	0.1530	0.5787	0.1084	0.4703	0.0005	0.0005	0.0000	0.5782	0.1079	0.4703	0.0399	0.0349	0.0050	0.0087	0.0084	0.0004	0.0312	0.0265	0.0046	0.1105	0.0724	0.0381	0.0343	0.0333	0.0010	0.0762	0.0391	0.0371	1.7854	3.5102	3.0630	588.5593	314.7614	3344.0869	1.2703	2.0129	2.5965	5.2363	1.4961	12.3502	0.0142	0.0137	0.0299	7.5844	2.7571	12.6776
64	71	0.1040	7	1	1	0	0	0	0	0	0	N	N	N	N	N	N	N	N	N	N	N	N	2.4069	4.8303	4.6680	15.7972	8.0301	2488.7798	1.5949	3.4853	3.8485	0.0304	0.0125	0.1594	0.0320	0.0166	0.6434	0.0300	0.0111	0.1350	0.0126	0.0026	0.0341	0.0020	0.0021	0.0003	0.0188	0.0032	0.0351	1.7623	6.1440	0.0003	0.0003	3.0820	1.1783	9.3392	0.9542	0.0011	0.0004	0.0007	0.0003	0.0001	0.0001	0.0008	0.0003	0.0006	0.0008	0.0001	0.0007	0.0000	0.0000	0.0000	0.0008	0.0001	0.0007	0.0363	0.0319	0.0044	0.0086	0.0084	0.0002	0.0277	0.0235	0.0042	0.0640	0.0436	0.0204	0.0234	0.0229	0.0006	0.0406	0.0207	0.0198	2.4069	4.8303	4.6680	15.7972	8.0301	2488.7798	1.5949	3.4853	3.8485	0.0126	0.0026	0.0341	0.0020	0.0021	0.0003	0.0188	0.0032	0.0351
64	72	0.0995	6	1	1	0	0	0	0	0	0	N	N	N	N	N	N	N	N	N	N	N	N	2.2816	6.9608	3.3930	4.7442	1.3410	343.6953	1.8829	16.0199	2.7847	0.0023	0.0014	0.0086	0.0015	0.0004	0.0376	0.0025	0.0017	0.0073	0.0010	0.0002	0.0025	0.0003	0.0003	0.0001	0.0013	0.0001	0.0026	0.8474	6.5988	0.0000	0.0000	3.0820	2.0762	9.3392	1.4610	0.0001	0.0001	0.0001	0.0000	0.0000	0.0000	0.0001	0.0001	0.0000	0.0001	0.0000	0.0001	0.0000	0.0000	0.0000	0.0001	0.0000	0.0001	0.0566	0.0495	0.0070	0.0106	0.0103	0.0003	0.0460	0.0392	0.0067	0.0783	0.0508	0.0275	0.0243	0.0234	0.0009	0.0539	0.0274	0.0266	2.2816	6.9608	3.3930	4.7442	1.3410	343.6953	1.8829	16.0199	2.7847	0.0010	0.0002	0.0025	0.0003	0.0003	0.0001	0.0013	0.0001	0.0026
64	73	0.0352	2	1	1	0	0	0	0	0	0	N	N	N	N	N	N	N	N	N	N	N	N	1.3778	12.8935	0.0095	2.2773	2.2510	0.0000	1.3257	37.6054	0.0096	4.4361	6.2487	0.0580	4.4788	4.5415	0.0000	4.4168	7.5575	0.0589	3.2197	0.4846	6.0861	1.9667	2.0176	0.0038	3.3316	0.2010	6.1120	0.0038	11.9829	-0.3766	0.4116	3.0820	4.0673	9.3392	17.8409	0.9982	0.9944	0.0038	0.3136	0.3136	0.0000	0.6846	0.6808	0.0038	1.0830	0.0834	0.9996	0.0542	0.0542	0.0000	1.0288	0.0292	0.9996	0.2250	0.1591	0.0659	0.0700	0.0691	0.0010	0.1550	0.0901	0.0649	0.3364	0.1721	0.1642	0.0276	0.0269	0.0007	0.3088	0.1452	0.1635	1.3778	12.8935	0.0095	2.2773	2.2510	0.0000	1.3257	37.6054	0.0096	3.2197	0.4846	6.0861	1.9667	2.0176	0.0038	3.3316	0.2010	6.1120
64	75	0.1719	6	1	1	0	0	0	0	0	0	N	N	N	N	N	N	N	N	N	N	N	N	15.8918	13.3765	0.9912	7.4961	7.3309	3.4695	305.5416	8729.9713	0.5073	0.5100	0.6272	0.0029	0.5857	0.6311	0.0107	0.4593	0.6239	0.0015	0.0321	0.0469	0.0030	0.0781	0.0861	0.0031	0.0015	0.0001	0.0030	0.0011	0.0321	-0.0378	-0.0176	3.0820	3.5843	9.3392	46.7516	0.0994	0.0993	0.0001	0.0458	0.0458	0.0001	0.0536	0.0535	0.0000	0.0343	0.0333	0.0011	0.0334	0.0333	0.0001	0.0010	0.0000	0.0009	0.1948	0.1583	0.0366	0.0782	0.0725	0.0057	0.1166	0.0858	0.0308	1.0701	0.7097	0.3605	0.4272	0.3863	0.0410	0.6429	0.3234	0.3195	15.8918	13.3765	0.9912	7.4961	7.3309	3.4695	305.5416	8729.9713	0.5073	0.0321	0.0469	0.0030	0.0781	0.0861	0.0031	0.0015	0.0001	0.0030
64	76	0.1194	10	2	2	1	0	0	0	0	0	Y	Y	N	N	N	N	N	N	N	N	N	N	0.0000	0.0000	0.0000	0.0000	0.0000	0.0000	0.0000	0.0000	0.0000	0.0000	0.0000	0.0000	0.0000	0.0000	0.0000	0.0000	0.0000	0.0000	0.0000	0.0000	3.0820	1.0003	9.3392	1.0071	0.0000	0.0000	0.0000	0.0000	0.0000	0.0000	0.0000	0.0000	0.0000	0.0000	0.0000	0.0000	0.0000	0.0000	0.0000	0.0000	0.0000	0.0000	0.0258	0.0227	0.0031	0.0061	0.0059	0.0003	0.0197	0.0168	0.0028	0.0269	0.0152	0.0118	0.0041	0.0037	0.0004	0.0228	0.0114	0.0114	0.0000	0.0000	0.0000	0.0000	0.0000	0.0000	0.0000	0.0000	0.0000	0.0000	0.0000	0.0000	0.0000	0.0000	0.0000	0.0000	0.0000	0.0000											
64	77	0.1126	9	2	1	1	0	0	0	0	0	Y	N	N	N	N	N	N	N	N	N	N	N	0.0000	0.0000	0.0000	0.0000	0.0000	0.0000	0.0000	0.0000	0.0000	0.0000	0.0000	0.0000	0.0000	0.0000	0.0000	0.0000	0.0000	0.0000	0.0000	0.0000	0.0000	0.0000	0.0000	0.0000	0.0000	0.0618	0.0000	-0.0000	3.0820	0.9901	9.3392	2.2068	0.0000	0.0000	0.0000	0.0000	0.0000	0.0000	0.0000	0.0000	0.0000	0.0000	0.0000	0.0000	0.0000	0.0000	0.0000	0.0000	0.0000	0.0000	0.0259	0.0228	0.0031	0.0061	0.0059	0.0002	0.0197	0.0169	0.0028	0.0934	0.0671	0.0263	0.0309	0.0304	0.0005	0.0625	0.0367	0.0259	0.0000	0.0000	0.0000	0.0000	0.0000	0.0000	0.0000	0.0000	0.0000	0.0000	0.0000	0.0000	0.0000	0.0000	0.0000	0.0000	0.0000	0.0000			
64	78	0.0528	3	1	2	0	0	0	0	0	0	N	Y	N	N	N	N	N	N	N	N	N	N	40.7176	38.3011	0.2206	16.1613	16.2089	129.2381	114.7062	18040.1668	0.0096	2.3333	3.1838	0.0051	4.2168	4.4122	0.0880	1.4059	2.2568	0.0002	0.0573	0.0831	0.0232	0.2609	0.2722	0.0007	0.0123	0.0001	0.0236	0.0006	0.2112	-0.3858	-0.0089	3.0820	8.4371	9.3392	15.3349	1.0140	1.0134	0.0006	0.6046	0.6041	0.0006	0.4094	0.4094	0.0000	0.0242	0.0200	0.0042	0.0199	0.0199	0.0000	0.0042	0.0000	0.0042	0.4346	0.3183	0.1163	0.1434	0.1369	0.0065	0.2912	0.1814	0.1098	0.4217	0.2400	0.1817	0.0764	0.0732	0.0032	0.3453	0.1668	0.1785	40.7176	38.3011	0.2206	16.1613	16.2089	129.2381	114.7062	18040.1668	0.0096	0.0573	0.0831	0.0232	0.2609	0.2722	0.0007	0.0123	0.0001	0.0236
64	79	0.1126	9	2	1	1	0	0	0	0	0	Y	N	N	N	N	N	N	N	N	N	N	N	0.0000	0.0000	0.0000	0.0000	0.0000	0.0000	0.0000	0.0000	0.0000	0.0000	0.0000	0.0000	0.0000	0.0000	0.0000	0.0000	0.0000	0.0000	1.1980	1.8444	0.0031	5.5527	5.1171	0.0000	0.0016	0.0003	0.0032	0.0009	0.0000	-0.1062	3.0820	3.0096	9.3392	5.7427	0.0000	0.0000	0.0000	0.0000	0.0000	0.0000	0.0000	0.0000	0.0000	0.1960	0.1958	0.0002	0.1958	0.1958	0.0000	0.0002	0.0000	0.0002	0.0771	0.0679	0.0092	0.0181	0.0173	0.0007	0.0591	0.0506	0.0085	0.1636	0.1062	0.0574	0.0395	0.0383	0.0013	0.1241	0.0679	0.0562	0.0000	0.0000	0.0000	0.0000	0.0000	0.0000	0.0000	0.0000	0.0000	1.1980	1.8444	0.0031	4.9551	5.1171	0.0000	0.0016	0.0003	0.0032	
64	80	0.0970	8	2	1	1	0	0	0	0	0	Y	N	N	N	N	N	N	N	N	N	N	N	0.0000	0.0000	0.0000	0.0000	0.0000	0.0000	0.0000	0.0000	0.0000	0.0000	0.0000	0.0000	0.0000	0.0000	0.0000	0.0000	0.0000	0.0000	0.1270	0.2091	0.0159	0.7646	0.7976	0.0195	0.0079	0.0000	0.0158	0.0562	0.0000	-0.0068	3.0820	1.0477	9.3392	6.1154	0.0000	0.0000	0.0000	0.0000	0.0000	0.0000	0.0000	0.0000	0.0000	0.0140	0.0132	0.0007	0.0132	0.0132	0.0000	0.0007	0.0000	0.0007	0.0300	0.0265	0.0034	0.0077	0.0075	0.0003	0.0222	0.0191	0.0032	0.1100	0.0633	0.0467	0.0173	0.0166	0.0007	0.0927	0.0467	0.0460	0.0000	0.0000	0.0000	0.0000	0.0000	0.0000	0.0000	0.0000	0.0000	0.1270	0.2091	0.0159	0.7646	0.7976	0.0195	0.0079	0.0000	0.0158	
64	81	0.0905	7	1	1	0	0	0	0	0	0	N	N	N	N	N	N	N	N	N	N	N	N	0.0000	0.0000	0.0000	0.0000	0.0000	0.0000	0.0000	0.0000	0.0000	0.0000	0.0000	0.0000	0.0000	0.0000	0.0000	0.0000	0.0000	0.0000	0.0096	0.0157	0.0022	0.0783	0.0827	0.0004	0.0028	0.0033	0.0022	0.1140	0.0000	-0.0002	3.0820	1.9794	9.3392	1.0196	0.0000	0.0000	0.0000	0.0000	0.0000	0.0000	0.0000	0.0000	0.0000	0.0004	0.0004	0.0000	0.0003	0.0003	0.0000	0.0001	0.0001	0.0000	0.0524	0.0461	0.0063	0.0109	0.0105	0.0004	0.0415	0.0356	0.0059	0.0419	0.0231	0.0187	0.0038	0.0036	0.0002	0.0381	0.0195	0.0185	0.0000	0.0000	0.0000	0.0000	0.0000	0.0000	0.0000	0.0000	0.0000	0.0096	0.0157	0.0022	0.0783	0.0827	0.0004	0.0028	0.0033	0.0022	
64	82	0.0884	6	1	1	0	0	0	0	0	0	N	N	N	N	N	N	N	N	N	N	N	N	28.3434	24.3402	0.0948	26.5017	26.3899	11.7595	13.8296	0.0978	0.0019	0.0021	0.0000	0.0077	0.0080	0.0000	0.0005	0.0005	0.0000	0.0001	0.0001	0.0000	0.0003	0.0003	0.0000	0.0000	0.0000	0.0000	0.0002	0.3614	-0.0000	-0.0000	3.0820	1.0114	9.3392	0.0202	0.0001	0.0001	0.0000	0.0000	0.0000	0.0000	0.0000	0.0000	0.0000	0.0000	0.0000	0.0000	0.0000	0.0000	0.0000	0.0000	0.0000	0.0000	0.0269	0.0236	0.0033	0.0052	0.0050	0.0002	0.0217	0.0186	0.0031	0.0153	0.0084	0.0068	0.0016	0.0015	0.0001	0.0137	0.0069	0.0067	28.3434	24.3402	0.0948	26.5017	26.3899	0.0000	11.7595	13.8296	0.0978	0.0001	0.0001	0.0000	0.0003	0.0003	0.0000	0.0000	0.0000	0.0000	
64	83	0.0678	5	1	1	0	0	0	0	0	0	N	N	N	N	N	N	N	N	N	N	N	N	0.7978	0.5588	0.0007	0.2147	0.2166	0.0003	4.6821	320344.1745	0.0007	0.0777	0.0878	0.0000	0.1576	0.1642	0.0000	0.0550	0.0637	0.0000	0.0974	0.1572	0.0236	0.7343	0.7578	0.0512	0.0117	0.0000	0.0233	0.0000	0.1215	-0.0051	-0.0063	3.0820	5.9223	9.3392	3.6882	0.0133	0.0133	0.0000	0.0060	0.0060	0.0000	0.0074	0.0074	0.0000	0.0146	0.0130	0.0016	0.0130	0.0130	0.0000	0.0015	0.0000	0.0015	0.1717	0.1519	0.0199	0.0380	0.0365	0.0015	0.1337	0.1154	0.0183	0.1495	0.0826	0.0669	0.0177	0.0171	0.0006	0.1318	0.0655	0.0663	0.7978	0.5588	0.0007	0.2147	0.2166	0.0003	4.6821	320344.1745	0.0007	0.0974	0.1572	0.0236	0.7343	0.7578	0.0512	0.0117	0.0000	0.0233
64	84	0.0726	5	1	2	0	0	0	0	0	0	N	Y	N	N	N	N	N	N	N	N	N	N	0.0540	1.5317	0.0000	0.6977	0.6658	1.1261	0.0412	4.9778	0.0000	0.1025	0.1200	0.0001	0.1349	0.1408	0.0001	0.0943	0.1139	0.0001	1.8966	0.0783	4.3941	0.1933	0.2115	0.0001	2.2862	0.0229	4.5674	0.0002	40.8371	-0.0081	0.4416	3.0820	7.1084	9.3392	28.8937	0.0212	0.0212	0.0000	0.0056	0.0056	0.0000	0.0156	0.0156	0.0000	1.0196	0.0244	0.9952	0.0193	0.0193	0.0000	1.0002	0.0050	0.9952	0.2069	0.1767	0.0302	0.0419	0.0401	0.0018	0.1650	0.1366	0.0284	0.5376	0.3111	0.2265	0.1001	0.0915	0.0086	0.4375	0.2196	0.2179	0.0540	1.5317	0.0000	0.6977	0.6658	1.1261	0.0412	4.9778	0.0000	1.8966	0.0783	4.3941	0.1933	0.2115	0.0001	2.2862	0.0229	4.5674
64	85	0.0652	4	1	2	0	0	0	0	0	0	N	Y	N	N	N	N	N	N	N	N	N	N	12.8791	18.2080	0.1487	19.3687	19.2861	169.7867	12.6362	23.7826	0.0958	0.9986	1.5130	0.0100	0.7384	0.7600	0.0894	1.1968	2.8304	0.0066	0.0775	0.0831	0.0672	0.0381	0.0394	0.0005	0.0947	0.1190	0.0691	0.0034	0.4341	-0.0933	-0.0032	3.0820	2.2208	9.3392	3.9129	0.2471	0.2463	0.0008	0.0790	0.0787	0.0003	0.1681	0.1676	0.0005	0.0132	0.0092	0.0040	0.0020	0.0020	0.0000	0.0112	0.0072	0.0040	0.2474	0.1628	0.0847	0.1070	0.1036	0.0034	0.1404	0.0592	0.0813	0.1699	0.1106	0.0594	0.0516	0.0499	0.0017	0.1184	0.0607	0.0577	12.8791	18.2080	0.1487	19.3687	19.2861	169.7867	12.6362	23.7826	0.0958	0.0775	0.0831	0.0672	0.0381	0.0394	0.0005	0.0947	0.1190	0.0691
64	86	0.1406	6	1	1	1	0	0	0	0	0	N	N	N	N	N	N	N	N	N	N	N	N	99.4429	1787.4759	0.0006	30.9601	29.7997	0.0423	103.7423	247554.3889	0.0005	6.3264	7.1868	0.0001	0.3605	0.3713	0.0001	7.9868	9.3409	0.0001	0.0636	0.0040	0.1467	0.0116	0.0125	0.0031	0.0770	0.0000	0.1532	0.0000	26.1668	-0.3826	0.0052	3.0820	5.3425	9.3392	7.0749	1.0041	1.0041	0.0000	0.0125	0.0125	0.0000	0.9917	0.9917	0.0000	0.0125	0.0005	0.0120	0.0005	0.0005	0.0000	0.0120	0.0000	0.0120	0.1587	0.1397	0.0190	0.0346	0.0336	0.0010	0.1242	0.1062	0.0180	0.1960	0.1142	0.0819	0.0401	0.0366	0.0035	0.1559	0.0776	0.0784	99.4429	1787.4759	0.0006	30.9601	29.7997	0.0423	103.7423	247554.3889	0.0005	0.0636	0.0040	0.1467	0.0116	0.0125	0.0031	0.0770	0.0000	0.1532
64	87	0.0975	5	1	1	0	0	0	0	0	0	N	N	N	N	N	N	N	N	N	N	N	N	76.4399	63.8636	4.1410	51.3453	49.7494	29.0298	437.3697	3015.9727	3.3654	2.3186	3.0038	0.0120	5.3491	5.6277	0.0355	0.7294	1.0725	0.0101	0.0303	0.0470	0.0029	0.1042	0.1131	0.0012	0.0017	0.0004	0.0030	0.0012	0.0376	-0.3007	-0.0067	3.0820	7.0719	9.3392	13.7350	0.7915	0.7906	0.0009	0.6282	0.6280	0.0002	0.1633	0.1626	0.0007	0.0132	0.0128	0.0005	0.0127	0.0127	0.0000	0.0005	0.0001	0.0005	0.3414	0.2632	0.0782	0.1174	0.1116	0.0059	0.2239	0.1516	0.0723	0.4367	0.2714	0.1653	0.1221	0.1124	0.0098	0.3146	0.1591	0.1555	76.4399	63.8636	4.1410	51.3453	49.7494	29.0298	437.3697	3015.9727	3.3654	0.0303	0.0470	0.0029	0.1042	0.1131	0.0012	0.0017	0.0004	0.0030
64	88	0.1230	11	2	1	1	0	0	0	0	0	Y	N	N	N	N	N	N	N	N	N	N	N	0.0000	0.0000	0.0000	0.0000	0.0000	0.0000	0.0000	0.0000	0.0000	0.0000	0.0000	0.0000	0.0000	0.0000	0.0000	0.0000	0.0000	0.0000	0.0000	0.0000	3.0820	0.0000	9.3392	0.0000	0.0000	0.0000	0.0000	0.0000	0.0000	0.0000	0.0000	0.0000	0.0000	0.0000	0.0000	0.0000	0.0000	0.0000	0.0000	0.0000	0.0000	0.0000	0.0000	0.0000	0.0000	0.0000	0.0000	0.0000	0.0000	0.0000	0.0000	0.0000	0.0000	0.0000	0.0000	0.0000	0.0000	0.0000	0.0000	0.0000	0.0000	0.0000	0.0000	0.0000	0.0000	0.0000	0.0000	0.0000	0.0000	0.0000	0.0000	0.0000	0.0000	0.0000	0.0000	0.0000	0.0000	0.0000											
64	89	0.1210	10	2	1	1	0	0	0	0	0	Y	N	N	N	N	N	N	N	N	N	N	N	0.0000	0.0000	0.0000	0.0000	0.0000	0.0000	0.0000	0.0000	0.0000	0.0000	0.0000	0.0000	0.0000	0.0000	0.0000	0.0000	0.0000	0.0000	0.0163	0.0183	0.0127	0.0421	0.0412	0.0786	0.0055	0.0000	0.0112	0.3724	0.0000	-0.0001	3.0820	0.0001	9.3392	0.9161	0.0000	0.0000	0.0000	0.0000	0.0000	0.0000	0.0000	0.0000	0.0000	0.0004	0.0003	0.0001	0.0003	0.0003	0.0000	0.0001	0.0000	0.0001	0.0000	0.0000	0.0000	0.0000	0.0000	0.0000	0.0000	0.0000	0.0000	0.0241	0.0157	0.0084	0.0072	0.0070	0.0002	0.0170	0.0087	0.0083	0.0000	0.0000	0.0000	0.0000	0.0000	0.0000	0.0000	0.0000	0.0000	0.0163	0.0183	0.0127	0.0421	0.0412	0.0786	0.0055	0.0000	0.0112	
64	90	0.0963	9	2	1	1	0	0	0	0	0	Y	N	N	N	N	N	N	N	N	N	N	N	0.0075	0.0003	0.4726	0.0055	0.0000	194.9905	0.0090	0.0322	0.0099	0.0006	0.0000	0.0049	0.0027	0.0000	0.0608	0.0001	0.0000	0.0001	0.0813	0.1324	0.0103	0.4833	0.5152	0.0003	0.0058	0.0014	0.0106	18.9472	0.0563	0.0000	-0.0069	3.0820	3.7876	9.3392	7.8440	0.0001	0.0000	0.0001	0.0001	0.0000	0.0001	0.0000	0.0000	0.0000	0.0141	0.0134	0.0008	0.0133	0.0133	0.0000	0.0009	0.0001	0.0008	0.1051	0.0926	0.0125	0.0224	0.0214	0.0010	0.0827	0.0711	0.0115	0.1739	0.1010	0.0729	0.0275	0.0258	0.0017	0.1464	0.0753	0.0712	0.0075	0.0003	0.4726	0.0055	0.0000	194.9905	0.0090	0.0322	0.0099	0.0813	0.1324	0.0103	0.4833	0.5152	0.0003	0.0058	0.0014	0.0106
64	91	0.0457	3	1	2	0	1	0	0	0	0	N	Y	N	N	N	N	N	N	N	N	N	N	29.0524	30.8434	0.5587	25.9723	25.8365	0.0356	35.5613	49.5800	0.5646	4.8340	7.4086	0.0448	2.4313	2.4682	0.0012	6.3496	14.3965	0.0455	0.1664	0.2402	0.0801	0.0936	0.0955	0.0338	0.1786	0.2904	0.0806	0.0032	0.2855	-0.3024	-0.0165	3.0820	1.8247	9.3392	16.3284	0.8004	0.7978	0.0026	0.1557	0.1557	0.0000	0.6447	0.6421	0.0026	0.0515	0.0401	0.0114	0.0041	0.0041	0.0000	0.0473	0.0360	0.0114	0.1656	0.1077	0.0579	0.0640	0.0631	0.0010	0.1015	0.0446	0.0569	0.3094	0.1667	0.1427	0.0443	0.0429	0.0014	0.2651	0.1238	0.1413	29.0524	30.8434	0.5587	25.9723	25.8365	0.0356	35.5613	49.5800	0.5646	0.1664	0.2402	0.0801	0.0936	0.0955	0.0338	0.1786	0.2904	0.0806
64	92	0.0352	2	1	2	0	0	0	0	0	0	N	Y	N	N	N	N	N	N	N	N	N	N	0.2868	17.7519	0.0002	26.2228	28.4273	0.0029	0.0482	4.1253	0.0002	0.7829	1.0141	0.0010	2.9673	3.0061	0.0015	0.1423	0.2004	0.0010	2.7297	0.0571	5.5363	0.1132	0.1057	0.5022	2.9533	0.0486	5.5585	0.0003	92.2785	-0.1027	0.4628	3.0820	9.1310	9.3392	16.1726	0.2697	0.2696	0.0001	0.2318	0.2318	0.0000	0.0379	0.0378	0.0001	1.0370	0.0111	1.0258	0.0034	0.0031	0.0003	1.0336	0.0080	1.0255	0.3444	0.2658	0.0786	0.0781	0.0771	0.0010	0.2663	0.1887	0.0776	0.3799	0.1946	0.1853	0.0299	0.0291	0.0008	0.3500	0.1655	0.1845	0.2868	17.7519	0.0002	26.2228	28.4273	0.0038	0.0482	4.1253	0.0002	2.7297	0.0571	5.5363	0.1132	0.1057	0.3842	2.9533	0.0486	5.5585
64	93	0.1202	8	1	2	0	0	0	0	0	0	N	Y	N	N	N	N	N	N	N	N	N	N	0.0046	0.2323	0.0000	0.5294	0.5208	0.0086	0.0000	0.0000	0.0000	0.0003	0.0003	0.0000	0.0015	0.0015	0.0000	0.0000	0.0000	0.0000	0.0567	0.0013	0.1522	0.0028	0.0030	0.0016	0.0801	0.0000	0.1648	0.0002	68.3366	-0.0000	0.0055	3.0820	4.0959	9.3392	8.7137	0.0000	0.0000	0.0000	0.0000	0.0000	0.0000	0.0000	0.0000	0.0000	0.0125	0.0002	0.0123	0.0002	0.0002	0.0000	0.0123	0.0000	0.0123	0.1136	0.0994	0.0142	0.0199	0.0194	0.0005	0.0937	0.0800	0.0137	0.2209	0.1399	0.0811	0.0670	0.0607	0.0062	0.1540	0.0791	0.0748	0.0046	0.2323	0.0000	0.5294	0.5208	0.0086	0.0000	0.0000	0.0000	0.0567	0.0013	0.1522	0.0028	0.0030	0.0016	0.0801	0.0000	0.1648
64	94	0.1019	7	1	2	0	0	0	0	0	0	N	Y	N	N	N	N	N	N	N	N	N	N	0.0035	0.0387	0.0037	0.0198	0.0126	49.8273	0.0028	1.0404	0.0029	0.0003	0.0003	0.0009	0.0003	0.0002	0.0043	0.0004	0.0003	0.0008	0.0991	0.0069	0.2480	0.0161	0.0173	0.0001	0.1279	0.0003	0.2606	0.4997	22.3748	-0.0000	0.0058	3.0820	2.9443	9.3392	6.1524	0.0000	0.0000	0.0000	0.0000	0.0000	0.0000	0.0000	0.0000	0.0000	0.0139	0.0006	0.0133	0.0006	0.0006	0.0000	0.0133	0.0000	0.0133	0.0857	0.0748	0.0109	0.0181	0.0177	0.0004	0.0676	0.0571	0.0105	0.1401	0.0865	0.0536	0.0361	0.0335	0.0026	0.1041	0.0530	0.0510	0.0035	0.0387	0.0037	0.0198	0.0126	49.8273	0.0028	1.0404	0.0029	0.0991	0.0069	0.2480	0.0161	0.0173	0.0001	0.1279	0.0003	0.2606
64	95	0.0995	6	1	1	0	0	0	0	0	0	N	N	N	N	N	N	N	N	N	N	N	N	0.2925	0.2440	0.0000	0.0069	0.0069	0.0000	2.7907	33.0993	0.0000	0.0020	0.0023	0.0000	0.0001	0.0001	0.0000	0.0025	0.0030	0.0000	0.0070	0.0096	0.0017	0.0182	0.0187	0.0000	0.0009	0.0001	0.0017	0.0000	0.0871	-0.0000	-0.0002	3.0820	0.8596	9.3392	1.2300	0.0001	0.0001	0.0000	0.0000	0.0000	0.0000	0.0000	0.0000	0.0000	0.0004	0.0004	0.0000	0.0004	0.0004	0.0000	0.0000	0.0000	0.0000	0.0248	0.0217	0.0031	0.0050	0.0049	0.0001	0.0197	0.0168	0.0030	0.0589	0.0396	0.0193	0.0207	0.0201	0.0005	0.0383	0.0195	0.0188	0.2925	0.2440	0.0000	0.0069	0.0069	0.0000	2.7907	33.0993	0.0000	0.0070	0.0096	0.0017	0.0182	0.0187	0.0000	0.0009	0.0001	0.0017
64	96	0.0876	5	1	1	0	0	0	0	0	0	N	N	N	N	N	N	N	N	N	N	N	N	2283.7830	11374.6941	0.0059	4068.9348	4001.6858	0.0628	1964.1989	162304.1370	0.0060	6.9946	7.8972	0.0000	5.5604	5.6656	0.0000	7.4713	8.7497	0.0000	0.0031	0.0007	0.0070	0.0014	0.0014	0.0001	0.0038	0.0001	0.0072	0.0000	6.0795	-0.3606	0.0001	3.0820	3.7737	9.3392	2.5241	0.9463	0.9463	0.0000	0.1877	0.1877	0.0000	0.7586	0.7586	0.0000	0.0004	0.0001	0.0004	0.0001	0.0001	0.0000	0.0004	0.0000	0.0004	0.1353	0.1198	0.0155	0.0338	0.0331	0.0006	0.1015	0.0867	0.0148	0.1405	0.0875	0.0529	0.0427	0.0412	0.0016	0.0978	0.0464	0.0514	2283.7830	11374.6941	0.0059	4068.9348	4001.6858	0.0628	1964.1989	162304.1370	0.0060	0.0031	0.0007	0.0070	0.0014	0.0014	0.0001	0.0038	0.0001	0.0072
64	97	0.0667	4	1	1	0	0	0	0	0	0	N	N	N	N	N	N	N	N	N	N	N	N	489.9371	153.4298	6726.2903	185.8097	181.6463	87.9521	2669.5019	3553.5574	7038.9253	1.7063	0.8291	6.6674	3.1112	3.1888	0.1762	1.4898	0.4026	6.8196	0.0035	0.0054	0.0010	0.0167	0.0176	0.0020	0.0006	0.0001	0.0010	1.4219	0.1414	0.0654	-0.0003	3.0820	6.4922	9.3392	4.5502	0.3172	0.1310	0.1863	0.0772	0.0771	0.0001	0.2400	0.0539	0.1861	0.0007	0.0006	0.0001	0.0006	0.0006	0.0000	0.0001	0.0000	0.0001	0.1859	0.1580	0.0279	0.0248	0.0242	0.0006	0.1611	0.1338	0.0273	0.1976	0.1116	0.0860	0.0357	0.0338	0.0019	0.1619	0.0777	0.0842	489.9371	153.4298	6726.2903	185.8097	181.6463	87.9521	2669.5019	3553.5574	7038.9253	0.0035	0.0054	0.0010	0.0167	0.0176	0.0020	0.0006	0.0001	0.0010
64	98	0.0963	9	1	2	0	0	0	0	0	0	N	Y	N	N	N	N	N	N	N	N	N	N	0.0218	0.0747	0.0779	2.8629	0.0046	268.8388	0.0018	0.1291	0.0017	0.0015	0.0001	0.0127	0.0049	0.0000	0.1006	0.0001	0.0001	0.0003	0.0691	0.0011	0.1624	0.0017	0.0018	0.0004	0.0812	0.0009	0.1663	18.9472	103.5315	0.0000	0.0061	3.0820	1.3608	9.3392	12.1483	0.0001	0.0000	0.0001	0.0001	0.0000	0.0001	0.0000	0.0000	0.0000	0.0136	0.0001	0.0135	0.0001	0.0001	0.0000	0.0136	0.0001	0.0135	0.0427	0.0379	0.0048	0.0123	0.0117	0.0006	0.0304	0.0261	0.0042	0.1974	0.1143	0.0832	0.0302	0.0282	0.0020	0.1673	0.0860	0.0812	0.0218	0.0747	0.0779	2.8629	0.0046	268.8388	0.0018	0.1291	0.0017	0.0691	0.0011	0.1624	0.0017	0.0018	0.0004	0.0812	0.0009	0.1663
64	99	0.0926	8	1	1	0	0	0	0	0	0	N	N	N	N	N	N	N	N	N	N	N	N	10.7119	1.4567	63.5652	16.9805	1.2340	20249.3672	1.8692	5.6532	3.7887	0.0210	0.0025	0.1489	0.0778	0.0059	1.0976	0.0024	0.0013	0.0091	0.0020	0.0017	0.0023	0.0046	0.0048	0.0001	0.0013	0.0002	0.0024	8.6707	0.9076	0.0005	-0.0000	3.0820	1.5300	9.3392	0.7696	0.0010	0.0001	0.0009	0.0009	0.0001	0.0009	0.0001	0.0000	0.0000	0.0001	0.0000	0.0000	0.0000	0.0000	0.0000	0.0000	0.0000	0.0000	0.0483	0.0422	0.0061	0.0119	0.0111	0.0008	0.0364	0.0311	0.0053	0.0414	0.0250	0.0165	0.0085	0.0081	0.0004	0.0330	0.0169	0.0161	10.7119	1.4567	63.5652	16.9805	1.2340	20249.3672	1.8692	5.6532	3.7887	0.0020	0.0017	0.0023	0.0046	0.0048	0.0001	0.0013	0.0002	0.0024
64	100	0.0837	7	1	1	0	0	0	0	0	0	N	N	N	N	N	N	N	N	N	N	N	N	264.1423	37.7022	992.5258	46.9464	43.9360	919.0976	291.7488	7.3936	1014.6974	0.6317	0.0109	5.1044	0.0549	0.0563	0.0172	0.7542	0.0001	5.3665	0.0024	0.0003	0.0051	0.0012	0.0013	0.0000	0.0026	0.0000	0.0053	64.9881	13.5903	0.0372	0.0001	3.0820	3.6906	9.3392	1.4800	0.0616	0.0009	0.0606	0.0009	0.0009	0.0000	0.0606	0.0000	0.0606	0.0002	0.0000	0.0002	0.0000	0.0000	0.0000	0.0002	0.0000	0.0002	0.0975	0.0856	0.0119	0.0171	0.0165	0.0006	0.0804	0.0691	0.0113	0.0749	0.0424	0.0324	0.0103	0.0094	0.0009	0.0646	0.0331	0.0315	264.1423	37.7022	992.5258	46.9464	43.9360	919.0976	291.7488	7.3936	1014.6974	0.0024	0.0003	0.0051	0.0012	0.0013	0.0000	0.0026	0.0000	0.0053
64	101	0.0837	6	1	1	0	0	0	0	0	0	N	N	N	N	N	N	N	N	N	N	N	N	0.7629	0.5706	2.7304	0.7547	0.6070	5322.5731	0.6753	18.8120	2.2636	0.0209	0.0123	0.1000	0.0382	0.0337	0.3174	0.0129	0.0011	0.0882	0.0274	0.0216	0.0366	0.0506	0.0555	0.0001	0.0191	0.0001	0.0390	0.8767	1.0583	0.0000	-0.0000	3.0820	0.1361	9.3392	0.4500	0.0001	0.0001	0.0001	0.0001	0.0001	0.0000	0.0001	0.0000	0.0001	0.0003	0.0002	0.0002	0.0002	0.0002	0.0000	0.0002	0.0000	0.0002	0.0063	0.0057	0.0006	0.0020	0.0019	0.0000	0.0043	0.0037	0.0006	0.0121	0.0075	0.0047	0.0032	0.0029	0.0003	0.0090	0.0046	0.0044	0.7629	0.5706	2.7304	0.7547	0.6070	5322.5731	0.6753	18.8120	2.2636	0.0274	0.0216	0.0366	0.0506	0.0555	0.0001	0.0191	0.0001	0.0390
64	102	0.0678	5	1	1	0	0	0	0	0	0	N	N	N	N	N	N	N	N	N	N	N	N	1.1569	2.7067	3.7207	1.3859	1.6034	0.0002	1.3555	34.2267	4.8572	8.8148	0.0160	79.0536	0.0400	0.0417	0.0000	11.8223	0.0062	87.1680	7.6190	0.0059	21.2471	0.0289	0.0260	0.1191	8.7215	0.0002	17.9460	619.1385	2325.3067	0.6151	0.4506	3.0820	3.5591	9.3392	4.5341	0.9964	0.0016	0.9947	0.0012	0.0012	0.0000	0.9952	0.0005	0.9947	0.9868	0.0004	0.9864	0.0005	0.0004	0.0001	0.9863	0.0000	0.9863	0.1130	0.1004	0.0126	0.0289	0.0277	0.0012	0.0842	0.0728	0.0114	0.1295	0.0718	0.0577	0.0164	0.0159	0.0005	0.1131	0.0559	0.0572	1.1569	2.7067	4.6272	1.3859	1.6034	0.0002	1.3555	34.2267	5.0579	7.6190	0.0059	17.0844	0.0289	0.0260	0.1191	8.7215	0.0002	17.2339
64	103	0.0462	4	1	1	0	0	0	0	0	0	N	N	N	N	N	N	N	N	N	N	N	N	0.1787	6.1791	0.0065	1.1988	1.2212	0.0069	0.0629	759.4108	0.0066	1.1503	1.6235	0.0859	2.4130	2.4628	0.0101	0.4251	0.7277	0.0878	6.4363	0.2627	13.3162	2.0129	2.0167	1.4733	6.7631	0.0010	13.3248	0.0235	45.4783	-0.0768	0.4683	3.0820	2.8937	9.3392	8.0733	0.2144	0.2095	0.0049	0.1641	0.1641	0.0000	0.0503	0.0454	0.0049	1.0752	0.0231	1.0520	0.0231	0.0231	0.0001	1.0520	0.0001	1.0520	0.1864	0.1290	0.0574	0.0680	0.0666	0.0014	0.1184	0.0624	0.0560	0.1670	0.0880	0.0790	0.0115	0.0114	0.0001	0.1556	0.0766	0.0789	0.1787	6.1791	0.0065	1.1988	1.2212	0.0081	0.0629	759.4108	0.0066	6.4363	0.2627	13.3162	2.0129	2.0167	1.2442	6.7631	0.0010	13.3248
64	104	0.1217	6	1	2	0	0	0	0	0	0	N	Y	N	N	N	N	N	N	N	N	N	N	2.5800	0.0011	34.8985	2.1607	0.0032	19.9213	2.8712	0.0005	48.1307	0.3603	0.0002	2.1442	0.1575	0.0002	0.9742	0.5210	0.0001	3.0090	0.1397	0.1671	0.0614	0.0729	0.0742	0.0489	0.1815	0.2572	0.0625	2351.8206	0.1291	0.0004	-0.0028	3.0820	0.0277	9.3392	1.3445	0.0006	0.0000	0.0006	0.0001	0.0000	0.0001	0.0005	0.0000	0.0005	0.0065	0.0057	0.0007	0.0013	0.0013	0.0000	0.0052	0.0045	0.0007	0.0016	0.0013	0.0003	0.0007	0.0006	0.0001	0.0009	0.0007	0.0002	0.0464	0.0344	0.0121	0.0179	0.0169	0.0010	0.0285	0.0174	0.0111	2.5800	0.0011	34.8985	2.1607	0.0032	19.9213	2.8712	0.0005	48.1307	0.1397	0.1671	0.0614	0.0729	0.0742	0.0489	0.1815	0.2572	0.0625
64	105	0.0750	5	1	2	0	0	0	0	0	0	N	Y	N	N	N	N	N	N	N	N	N	N	2.1122	0.0412	7.0865	64.7882	0.0902	2135.5957	1.7190	0.0250	6.0003	6.7046	0.0034	50.6588	7.8642	0.0113	135.7676	6.4739	0.0017	43.9997	3.1743	0.0829	7.1486	0.1214	0.1256	0.0636	3.7661	0.0672	7.3329	2261.1066	67.0856	0.6097	0.4582	3.0820	5.1414	9.3392	16.4151	0.9858	0.0004	0.9853	0.1919	0.0003	0.1916	0.7939	0.0002	0.7937	1.0358	0.0152	1.0206	0.0064	0.0062	0.0002	1.0293	0.0090	1.0203	0.1470	0.1276	0.0195	0.0244	0.0230	0.0014	0.1226	0.1046	0.0180	0.3263	0.1835	0.1428	0.0530	0.0494	0.0036	0.2733	0.1342	0.1391	2.1122	0.0412	7.0865	64.7882	0.0902	2135.5957	1.7190	0.0250	6.0003	3.1743	0.0829	7.1486	0.1214	0.1256	0.0636	3.7661	0.0672	7.3329
64	106	0.0667	4	1	1	0	0	0	0	0	0	N	N	N	N	N	N	N	N	N	N	N	N	2.0210	1.2218	5.8970	18.5456	15.0257	586.6088	1.1390	0.2450	5.0829	0.1594	0.0853	0.5409	0.4348	0.3633	2.5622	0.1081	0.0236	0.4752	0.0789	0.0698	0.0917	0.0234	0.0242	0.0044	0.0949	0.0964	0.0935	1.2317	0.9266	0.0033	-0.0006	3.0820	3.8974	9.3392	1.6364	0.0192	0.0086	0.0106	0.0082	0.0066	0.0016	0.0110	0.0019	0.0090	0.0093	0.0048	0.0045	0.0006	0.0006	0.0000	0.0086	0.0042	0.0044	0.1203	0.1007	0.0196	0.0189	0.0183	0.0006	0.1013	0.0824	0.0189	0.1173	0.0688	0.0485	0.0263	0.0253	0.0010	0.0911	0.0435	0.0476	2.0210	1.2218	5.8970	18.5456	15.0257	586.6088	1.1390	0.2450	5.0829	0.0789	0.0698	0.0917	0.0234	0.0242	0.0044	0.0949	0.0964	0.0935
64	107	0.0457	3	1	1	0	0	0	0	0	0	N	N	N	N	N	N	N	N	N	N	N	N	41.6847	96.0112	2.2655	33.5258	33.1818	80.6895	22.3440	983.7030	1.8711	1.6083	2.6787	0.1168	2.6486	2.6709	1.2203	0.6620	2.7112	0.0971	0.0386	0.0279	0.0515	0.0790	0.0805	0.0151	0.0296	0.0028	0.0519	0.0313	1.5239	-0.0729	0.0005	3.0820	0.3701	9.3392	9.6236	0.2077	0.2014	0.0063	0.1630	0.1618	0.0012	0.0448	0.0396	0.0051	0.0076	0.0030	0.0046	0.0028	0.0028	0.0000	0.0048	0.0002	0.0046	0.1292	0.0752	0.0540	0.0615	0.0606	0.0009	0.0676	0.0146	0.0530	0.1976	0.1083	0.0893	0.0358	0.0350	0.0008	0.1618	0.0733	0.0885	41.6847	96.0112	2.2655	33.5258	33.1818	80.6895	22.3440	983.7030	1.8711	0.0386	0.0279	0.0515	0.0790	0.0805	0.0151	0.0296	0.0028	0.0519
64	108	0.0352	2	1	1	0	0	0	0	0	0	N	N	N	N	N	N	N	N	N	N	N	N	11.6857	10.5693	5.1367	1.9589	1.9594	13.8422	131.4394	587.9141	4.7867	2.3862	4.0169	0.0917	2.5226	2.5529	0.4797	2.2645	9.6945	0.0852	0.2042	0.3801	0.0179	1.2878	1.3029	0.0347	0.0172	0.0165	0.0178	0.0162	0.0443	-0.1180	-0.0107	3.0820	0.4415	9.3392	4.8853	0.3232	0.3181	0.0052	0.1612	0.1607	0.0004	0.1621	0.1574	0.0047	0.0213	0.0204	0.0009	0.0198	0.0198	0.0000	0.0015	0.0006	0.0009	0.1355	0.0792	0.0563	0.0639	0.0629	0.0009	0.0716	0.0162	0.0553	0.1043	0.0536	0.0506	0.0153	0.0152	0.0002	0.0889	0.0385	0.0504	11.6857	10.5693	5.1367	1.9589	1.9594	13.8422	131.4394	587.9141	4.7867	0.2042	0.3801	0.0179	1.2878	1.3029	0.0347	0.0172	0.0165	0.0178
64	109	0.0765	5	2	2	0	1	0	0	0	0	Y	Y	N	N	N	N	N	N	N	N	N	N	0.0000	0.0000	0.0000	0.0000	0.0000	0.0000	0.0000	0.0000	0.0000	0.0000	0.0000	0.0000	0.0000	0.0000	0.0000	0.0000	0.0000	0.0000	0.0000	0.0000	3.0820	0.0000	9.3392	0.0000	0.0000	0.0000	0.0000	0.0000	0.0000	0.0000	0.0000	0.0000	0.0000	0.0000	0.0000	0.0000	0.0000	0.0000	0.0000	0.0000	0.0000	0.0000	0.0000	0.0000	0.0000	0.0000	0.0000	0.0000	0.0000	0.0000	0.0000	0.0000	0.0000	0.0000	0.0000	0.0000	0.0000	0.0000	0.0000	0.0000	0.0000	0.0000	0.0000	0.0000	0.0000	0.0000	0.0000	0.0000	0.0000	0.0000	0.0000	0.0000	0.0000	0.0000	0.0000	0.0000	0.0000	0.0000											
64	110	0.0615	4	2	2	0	1	0	0	0	0	Y	Y	N	N	N	N	N	N	N	N	N	N	0.0000	0.0000	0.0000	0.0000	0.0000	0.0000	0.0000	0.0000	0.0000	0.0000	0.0000	0.0000	0.0000	0.0000	0.0000	0.0000	0.0000	0.0000	0.3656	0.6422	0.0438	2.2593	2.3579	1.3398	0.0544	0.0990	0.0138	0.0586	0.0000	-0.0206	3.0820	0.0000	9.3392	7.1240	0.0000	0.0000	0.0000	0.0000	0.0000	0.0000	0.0000	0.0000	0.0000	0.0422	0.0399	0.0023	0.0368	0.0352	0.0016	0.0054	0.0047	0.0007	0.0000	0.0000	0.0000	0.0000	0.0000	0.0000	0.0000	0.0000	0.0000	0.1154	0.0621	0.0534	0.0163	0.0149	0.0014	0.0992	0.0472	0.0520	0.0000	0.0000	0.0000	0.0000	0.0000	0.0000	0.0000	0.0000	0.0000	0.3656	0.6422	0.0438	2.2593	2.3579	1.1824	0.0544	0.0990	0.0138	
64	111	0.0704	6	1	2	0	1	0	0	0	0	N	Y	N	N	N	N	N	N	N	N	N	N	0.0000	0.0000	0.0000	0.0000	0.0000	0.0000	0.0000	0.0000	0.0000	0.0000	0.0000	0.0000	0.0000	0.0000	0.0000	0.0000	0.0000	0.0000	0.0007	0.0012	0.0000	0.0035	0.0043	0.0003	0.0002	0.0005	0.0000	0.0186	0.0000	-0.0000	3.0820	0.0016	9.3392	5.0076	0.0000	0.0000	0.0000	0.0000	0.0000	0.0000	0.0000	0.0000	0.0000	0.0001	0.0001	0.0000	0.0000	0.0000	0.0000	0.0000	0.0000	0.0000	0.0001	0.0001	0.0000	0.0001	0.0000	0.0000	0.0001	0.0001	0.0000	0.0727	0.0401	0.0326	0.0100	0.0081	0.0020	0.0627	0.0320	0.0306	0.0000	0.0000	0.0000	0.0000	0.0000	0.0000	0.0000	0.0000	0.0000	0.0007	0.0012	0.0000	0.0035	0.0043	0.0003	0.0002	0.0005	0.0000	
64	112	0.0636	5	1	2	0	1	0	0	0	0	N	Y	N	N	N	N	N	N	N	N	N	N	0.0000	0.0000	0.0000	0.0000	0.0000	0.0000	0.0000	0.0000	0.0000	0.0000	0.0000	0.0000	0.0000	0.0000	0.0000	0.0000	0.0000	0.0000	0.1345	0.2453	0.0057	0.2350	0.2536	0.0001	0.1076	0.2405	0.0059	0.0199	0.0000	-0.0043	3.0820	1.0012	9.3392	2.1373	0.0000	0.0000	0.0000	0.0000	0.0000	0.0000	0.0000	0.0000	0.0000	0.0082	0.0080	0.0002	0.0030	0.0030	0.0000	0.0052	0.0050	0.0002	0.0266	0.0234	0.0032	0.0044	0.0043	0.0001	0.0223	0.0191	0.0031	0.0609	0.0327	0.0281	0.0129	0.0119	0.0009	0.0480	0.0208	0.0272	0.0000	0.0000	0.0000	0.0000	0.0000	0.0000	0.0000	0.0000	0.0000	0.1345	0.2453	0.0057	0.2350	0.2536	0.0001	0.1076	0.2405	0.0059	
64	113	0.0719	5	1	2	0	0	0	0	0	0	N	Y	N	N	N	N	N	N	N	N	N	N	0.0000	0.0000	0.0000	0.0000	0.0000	0.0000	0.0000	0.0000	0.0000	0.0000	0.0000	0.0000	0.0000	0.0000	0.0000	0.0000	0.0000	0.0000	2.2859	4.1934	0.0074	20.6575	22.2503	0.0008	0.0038	0.0000	0.0077	0.0015	0.0000	-0.1060	3.0820	0.9705	9.3392	5.0371	0.0000	0.0000	0.0000	0.0000	0.0000	0.0000	0.0000	0.0000	0.0000	0.1958	0.1955	0.0003	0.1955	0.1955	0.0000	0.0003	0.0000	0.0003	0.0295	0.0261	0.0034	0.0066	0.0064	0.0002	0.0229	0.0197	0.0032	0.0857	0.0466	0.0390	0.0100	0.0088	0.0012	0.0757	0.0378	0.0378	0.0000	0.0000	0.0000	0.0000	0.0000	0.0000	0.0000	0.0000	0.0000	2.2859	4.1934	0.0074	19.5562	22.2503	0.0008	0.0038	0.0000	0.0077	
64	114	0.0636	5	1	1	1	1	0	0	0	0	N	N	N	N	N	N	N	N	N	N	N	N	0.0000	0.0000	0.0000	0.0000	0.0000	0.0000	0.0000	0.0000	0.0000	0.0000	0.0000	0.0000	0.0000	0.0000	0.0000	0.0000	0.0937	0.1756	0.0006	0.3083	0.3195	0.0000	0.0004	0.0000	0.0006	0.0029	0.0000	-0.0016	3.0820	0.0000	9.3392	1.1303	0.0000	0.0000	0.0000	0.0000	0.0000	0.0000	0.0000	0.0000	0.0000	0.0030	0.0030	0.0000	0.0030	0.0030	0.0000	0.0000	0.0000	0.0000	0.0000	0.0000	0.0000	0.0000	0.0000	0.0000	0.0000	0.0000	0.0000	0.0324	0.0172	0.0152	0.0098	0.0095	0.0003	0.0226	0.0078	0.0148	0.0000	0.0000	0.0000	0.0000	0.0000	0.0000	0.0000	0.0000	0.0000	0.0937	0.1756	0.0006	0.3083	0.3195	0.0000	0.0004	0.0000	0.0006			
64	115	0.0615	4	1	1	0	1	0	0	0	0	N	N	N	N	N	N	N	N	N	N	N	N	0.0000	0.0000	0.0000	0.0000	0.0000	0.0000	0.0000	0.0000	0.0000	0.0000	0.0000	0.0000	0.0000	0.0000	0.0000	0.0000	0.0000	0.0000	0.1555	0.1466	0.1658	0.2732	0.2801	0.0078	0.1086	0.0014	0.1683	0.9885	0.0000	-0.0002	3.0820	0.0000	9.3392	1.2340	0.0000	0.0000	0.0000	0.0000	0.0000	0.0000	0.0000	0.0000	0.0000	0.0053	0.0027	0.0026	0.0027	0.0027	0.0000	0.0027	0.0000	0.0026	0.0000	0.0000	0.0000	0.0000	0.0000	0.0000	0.0000	0.0000	0.0000	0.0342	0.0182	0.0159	0.0097	0.0095	0.0002	0.0244	0.0087	0.0157	0.0000	0.0000	0.0000	0.0000	0.0000	0.0000	0.0000	0.0000	0.0000	0.1555	0.1466	0.1658	0.2732	0.2801	0.0078	0.1086	0.0014	0.1683	
64	116	0.0690	5	1	1	1	1	0	0	0	0	N	N	N	N	N	N	N	N	N	N	N	N	0.0119	0.7618	0.0000	1.1938	1.0933	0.0000	0.0031	0.2719	0.0000	0.0053	0.0059	0.0000	0.0119	0.0123	0.0000	0.0016	0.0019	0.0000	0.4494	0.0078	1.0328	0.0100	0.0112	0.0011	0.5153	0.0069	1.0724	0.0000	100.2726	-0.0001	0.0060	3.0820	0.9725	9.3392	0.9874	0.0002	0.0002	0.0000	0.0001	0.0001	0.0000	0.0000	0.0000	0.0000	0.0133	0.0001	0.0132	0.0000	0.0000	0.0000	0.0133	0.0001	0.0132	0.0316	0.0285	0.0032	0.0114	0.0111	0.0003	0.0202	0.0173	0.0028	0.0297	0.0169	0.0128	0.0039	0.0034	0.0005	0.0258	0.0135	0.0123	0.0119	0.7618	0.0000	1.1938	1.0933	0.0000	0.0031	0.2719	0.0000	0.4494	0.0078	1.0328	0.0100	0.0112	0.0011	0.5153	0.0069	1.0724
64	117	0.0690	5	1	1	1	1	0	0	0	0	N	N	N	N	N	N	N	N	N	N	N	N	11.0578	6.7927	0.0000	2.3820	2.1095	0.0000	66.3928	45.3053	0.0000	0.0624	0.0680	0.0000	0.1084	0.1115	0.0000	0.0225	0.0259	0.0000	0.0056	0.0100	0.0001	0.0455	0.0529	0.0003	0.0003	0.0006	0.0001	0.0000	0.0074	-0.0001	-0.0002	3.0820	0.0285	9.3392	4.0215	0.0002	0.0002	0.0000	0.0001	0.0001	0.0000	0.0000	0.0000	0.0000	0.0003	0.0003	0.0000	0.0003	0.0003	0.0000	0.0000	0.0000	0.0000	0.0027	0.0025	0.0002	0.0013	0.0012	0.0000	0.0015	0.0013	0.0002	0.0588	0.0329	0.0259	0.0069	0.0059	0.0010	0.0519	0.0269	0.0249	11.0578	6.7927	0.0000	2.3820	2.1095	0.0000	66.3928	45.3053	0.0000	0.0056	0.0100	0.0001	0.0455	0.0529	0.0003	0.0003	0.0006	0.0001
64	118	0.0615	4	1	1	1	1	0	0	0	0	N	N	N	N	N	N	N	N	N	N	N	N	131.2568	88.4737	0.0000	287.3835	274.4614	0.0000	39.7947	25.0392	0.0000	12.4877	14.2196	0.0000	61.5929	63.2838	0.0000	2.8887	3.3605	0.0000	0.0951	0.1607	0.0190	0.2143	0.2306	0.0020	0.0726	0.1342	0.0195	0.0000	0.1020	-0.3789	-0.0038	3.0820	3.0275	9.3392	2.1573	0.9942	0.9942	0.0000	0.8018	0.8018	0.0000	0.1924	0.1924	0.0000	0.0085	0.0077	0.0008	0.0030	0.0030	0.0000	0.0054	0.0047	0.0008	0.0796	0.0699	0.0097	0.0130	0.0127	0.0003	0.0666	0.0572	0.0093	0.0891	0.0479	0.0413	0.0142	0.0132	0.0010	0.0749	0.0347	0.0402	131.2568	88.4737	0.0000	287.3835	274.4614	0.0000	39.7947	25.0392	0.0000	0.0951	0.1607	0.0190	0.2143	0.2306	0.0020	0.0726	0.1342	0.0195
64	119	0.1027	4	2	2	0	0	0	0	0	0	Y	Y	N	N	N	N	N	N	N	N	N	N	1375.0608	1276.3113	3.2629	572.0902	736.9280	9.5706	102.6293	108440.8808	0.4873	1.1080	1.3722	0.0014	2.0655	2.7838	0.0019	0.0223	0.0253	0.0002	0.0008	0.0011	0.0004	0.0036	0.0038	0.0002	0.0002	0.0000	0.0004	0.0002	0.2904	-0.0639	-0.0000	3.0820	2.1883	9.3392	3.1271	0.1677	0.1677	0.0000	0.1661	0.1661	0.0000	0.0016	0.0016	0.0000	0.0001	0.0001	0.0000	0.0001	0.0001	0.0000	0.0000	0.0000	0.0000	0.1514	0.1222	0.0292	0.0804	0.0597	0.0208	0.0709	0.0625	0.0084	0.0867	0.0504	0.0363	0.0150	0.0143	0.0007	0.0717	0.0360	0.0356	1375.0608	1276.3113	3.2629	572.0902	736.9280	9.5706	102.6293	108440.8808	0.4873	0.0008	0.0011	0.0004	0.0036	0.0038	0.0002	0.0002	0.0000	0.0004
64	120	0.0358	3	2	2	0	0	0	0	0	0	Y	Y	N	N	N	N	N	N	N	N	N	N	116.1567	79.9970	3.8363	3.2405	3.2773	33.1019	1937.7284	41434.7730	2.7257	3.1233	3.8463	0.0134	1.8884	1.9229	0.1771	3.4753	4.5505	0.0095	0.0269	0.0481	0.0035	0.5827	0.5867	0.0054	0.0018	0.0001	0.0035	0.0008	0.0660	-0.5320	-0.0052	3.0820	13.6104	9.3392	16.0982	1.3990	1.3979	0.0011	0.1876	0.1873	0.0003	1.2114	1.2106	0.0008	0.0108	0.0101	0.0007	0.0101	0.0101	0.0000	0.0007	0.0000	0.0007	0.4479	0.3634	0.0845	0.0994	0.0974	0.0020	0.3486	0.2660	0.0825	0.4006	0.2101	0.1904	0.0173	0.0172	0.0001	0.3832	0.1929	0.1903	116.1567	79.9970	3.8363	3.2405	3.2773	33.1019	1937.7284	41434.7730	2.7257	0.0269	0.0481	0.0035	0.5827	0.5867	0.0054	0.0018	0.0001	0.0035
64	121	0.0610	5	1	2	0	0	0	0	0	0	N	Y	N	N	N	N	N	N	N	N	N	N	567.5687	715.6138	0.6743	85.4776	86.6988	0.8946	4832.5525	3926799.3656	0.6731	1.9876	3.3879	0.0009	0.8675	0.8968	0.0008	3.1079	15.1096	0.0009	0.0035	0.0047	0.0013	0.0101	0.0103	0.0009	0.0006	0.0000	0.0013	0.0002	0.1489	-0.1239	-0.0002	3.0820	0.3548	9.3392	4.6068	0.3253	0.3252	0.0001	0.0710	0.0710	0.0000	0.2543	0.2542	0.0001	0.0005	0.0005	0.0001	0.0005	0.0005	0.0000	0.0001	0.0000	0.0001	0.1636	0.0960	0.0677	0.0818	0.0792	0.0027	0.0818	0.0168	0.0650	0.1518	0.0977	0.0541	0.0456	0.0447	0.0009	0.1061	0.0530	0.0531	567.5687	715.6138	0.6743	85.4776	86.6988	0.8946	4832.5525	3926799.3656	0.6731	0.0035	0.0047	0.0013	0.0101	0.0103	0.0009	0.0006	0.0000	0.0013
64	122	0.0462	4	1	2	0	0	0	0	0	0	N	Y	N	N	N	N	N	N	N	N	N	N	21.2630	52.3092	0.2531	3.4779	3.5113	18.6670	36.1513	6590.2953	0.1794	3.8590	5.8596	0.0657	2.4474	2.4801	0.8459	4.8477	11.2938	0.0466	0.1815	0.1120	0.2596	0.7037	0.7063	0.0453	0.1341	0.0017	0.2598	0.0059	2.0605	-0.2279	0.0028	3.0820	1.6911	9.3392	5.7022	0.6073	0.6038	0.0036	0.1587	0.1576	0.0011	0.4487	0.4462	0.0025	0.0215	0.0070	0.0145	0.0069	0.0069	0.0000	0.0145	0.0001	0.0145	0.1574	0.1030	0.0543	0.0648	0.0635	0.0013	0.0926	0.0395	0.0530	0.1183	0.0626	0.0557	0.0098	0.0098	0.0000	0.1084	0.0528	0.0556	21.2630	52.3092	0.2531	3.4779	3.5113	18.6670	36.1513	6590.2953	0.1794	0.1815	0.1120	0.2596	0.7037	0.7063	0.0453	0.1341	0.0017	0.2598
64	123	0.0358	3	1	1	0	0	0	0	0	0	N	N	N	N	N	N	N	N	N	N	N	N	15.5082	49.9542	0.0347	7.0129	7.1067	2.0284	15.2460	692.6899	0.0267	1.7558	2.5375	0.0064	2.1982	2.2346	0.0725	1.4624	2.9345	0.0049	0.1132	0.0508	0.1830	0.3135	0.3144	0.0357	0.0959	0.0042	0.1831	0.0011	3.2223	-0.1228	0.0021	3.0820	2.0929	9.3392	3.1856	0.3231	0.3228	0.0004	0.1613	0.1612	0.0001	0.1618	0.1616	0.0003	0.0097	0.0023	0.0074	0.0021	0.0021	0.0000	0.0076	0.0002	0.0074	0.1840	0.1272	0.0568	0.0734	0.0721	0.0012	0.1107	0.0551	0.0556	0.0855	0.0452	0.0404	0.0068	0.0068	0.0000	0.0787	0.0384	0.0404	15.5082	49.9542	0.0347	7.0129	7.1067	2.0284	15.2460	692.6899	0.0267	0.1132	0.0508	0.1830	0.3135	0.3144	0.0357	0.0959	0.0042	0.1831
64	124	0.0765	6	2	2	0	0	0	0	0	0	Y	Y	N	N	N	N	N	N	N	N	N	N	0.0000	0.0000	0.0000	0.0000	0.0000	0.0000	0.0000	0.0000	0.0000	0.0000	0.0000	0.0000	0.0000	0.0000	0.0000	0.0000	0.0000	0.0000	0.0000	0.0000	3.0820	0.0000	9.3392	0.0000	0.0000	0.0000	0.0000	0.0000	0.0000	0.0000	0.0000	0.0000	0.0000	0.0000	0.0000	0.0000	0.0000	0.0000	0.0000	0.0000	0.0000	0.0000	0.0000	0.0000	0.0000	0.0000	0.0000	0.0000	0.0000	0.0000	0.0000	0.0000	0.0000	0.0000	0.0000	0.0000	0.0000	0.0000	0.0000	0.0000	0.0000	0.0000	0.0000	0.0000	0.0000	0.0000	0.0000	0.0000	0.0000	0.0000	0.0000	0.0000	0.0000	0.0000	0.0000	0.0000	0.0000	0.0000											
64	125	0.0719	5	2	2	0	0	0	0	0	0	Y	Y	N	N	N	N	N	N	N	N	N	N	0.0000	0.0000	0.0000	0.0000	0.0000	0.0000	0.0000	0.0000	0.0000	0.0000	0.0000	0.0000	0.0000	0.0000	0.0000	0.0000	0.0000	0.0000	0.0133	0.0056	0.0230	0.0205	0.0217	0.0068	0.0120	0.0000	0.0235	3.2381	0.0000	0.0001	3.0820	0.1434	9.3392	1.9839	0.0000	0.0000	0.0000	0.0000	0.0000	0.0000	0.0000	0.0000	0.0000	0.0005	0.0001	0.0004	0.0001	0.0001	0.0000	0.0003	0.0000	0.0003	0.0076	0.0068	0.0008	0.0029	0.0028	0.0001	0.0046	0.0040	0.0007	0.0345	0.0193	0.0152	0.0054	0.0050	0.0004	0.0290	0.0143	0.0148	0.0000	0.0000	0.0000	0.0000	0.0000	0.0000	0.0000	0.0000	0.0000	0.0133	0.0056	0.0230	0.0205	0.0217	0.0068	0.0120	0.0000	0.0235	
64	126	0.0615	4	1	2	0	0	0	0	0	0	N	Y	N	N	N	N	N	N	N	N	N	N	0.0000	0.0000	0.0000	0.0000	0.0000	0.0000	0.0000	0.0000	0.0000	0.0000	0.0000	0.0000	0.0000	0.0000	0.0000	0.0000	0.0000	0.0000	0.2435	0.0074	0.5174	0.0243	0.0259	0.0023	0.2866	0.0001	0.5301	60.1927	0.0000	0.0090	3.0820	1.8882	9.3392	2.9115	0.0000	0.0000	0.0000	0.0000	0.0000	0.0000	0.0000	0.0000	0.0000	0.0204	0.0003	0.0201	0.0003	0.0003	0.0000	0.0201	0.0000	0.0201	0.0500	0.0439	0.0061	0.0082	0.0080	0.0002	0.0418	0.0359	0.0059	0.0839	0.0450	0.0388	0.0138	0.0128	0.0009	0.0701	0.0322	0.0379	0.0000	0.0000	0.0000	0.0000	0.0000	0.0000	0.0000	0.0000	0.0000	0.2435	0.0074	0.5174	0.0243	0.0259	0.0023	0.2866	0.0001	0.5301	
64	127	0.0358	3	1	1	0	0	0	0	0	0	N	N	N	N	N	N	N	N	N	N	N	N	12.2298	15.7597	0.0086	0.8842	0.8969	0.0006	24.5613	83.1901	0.0088	3.6241	5.0058	0.0023	2.0130	2.0485	0.0006	4.4938	7.6916	0.0024	0.2963	0.3176	0.2729	2.2767	2.2841	1.1000	0.1830	0.0925	0.2725	0.0002	0.7798	-0.3027	-0.0058	3.0820	3.5543	9.3392	9.0319	0.7948	0.7946	0.0001	0.1548	0.1548	0.0000	0.6400	0.6399	0.0001	0.0553	0.0311	0.0242	0.0230	0.0229	0.0000	0.0323	0.0081	0.0242	0.2193	0.1587	0.0606	0.0769	0.0756	0.0013	0.1424	0.0832	0.0592	0.1865	0.0978	0.0888	0.0101	0.0100	0.0001	0.1764	0.0877	0.0887	12.2298	15.7597	0.0086	0.8842	0.8969	0.0007	24.5613	83.1901	0.0088	0.2963	0.3176	0.2729	2.2767	2.2841	0.9137	0.1830	0.0925	0.2725
64	128	0.0321	2	1	1	0	0	0	0	0	0	N	N	N	N	N	N	N	N	N	N	N	N	22.2412	85.2534	0.0117	16.2843	16.5565	0.0785	24.2691	43013.7857	0.0095	6.9276	10.1818	0.0061	2.8903	2.9343	0.0697	9.3272	18.6775	0.0050	0.3115	0.1194	0.5220	0.1775	0.1772	0.8869	0.3843	0.0004	0.5220	0.0003	3.9866	-0.5190	0.0126	3.0820	2.6246	9.3392	0.7212	1.3629	1.3625	0.0004	0.2120	0.2119	0.0001	1.1509	1.1506	0.0003	0.0491	0.0099	0.0393	0.0099	0.0098	0.0000	0.0393	0.0000	0.0393	0.1967	0.1338	0.0629	0.0733	0.0722	0.0011	0.1234	0.0616	0.0618	0.1578	0.0825	0.0753	0.0556	0.0555	0.0000	0.1022	0.0270	0.0752	22.2412	85.2534	0.0117	16.2843	16.5565	0.1087	24.2691	43013.7857	0.0095	0.3115	0.1194	0.5220	0.1775	0.1772	0.6408	0.3843	0.0004	0.5220
65	68	0.2155	19	0	1	1	0	0	0	0	0	N	N	N	N	N	N	N	N	N	N	N	N	0.0000	0.0000	0.0000	0.0000	0.0000	0.0000	0.0000	0.0000	0.0000	0.0000	0.0000	0.0000	0.0000	0.0000	0.0000	0.0087	0.0138	0.0000	0.0311	0.0351	0.0000	0.0000	0.0000	0.0000	0.0000	0.0000	-0.0002	1.7946	0.0000	5.9592	4.0001	0.0000	0.0000	0.0000	0.0000	0.0000	0.0000	0.0000	0.0000	0.0000	0.0003	0.0003	0.0000	0.0003	0.0003	0.0000	0.0000	0.0000	0.0000	0.0000	0.0000	0.0000	0.0000	0.0000	0.0000	0.0000	0.0000	0.0000	0.0334	0.0210	0.0124	0.0093	0.0083	0.0011	0.0241	0.0128	0.0113	0.0000	0.0000	0.0000	0.0000	0.0000	0.0000	0.0000	0.0000	0.0000	0.0087	0.0138	0.0000	0.0311	0.0351	0.0000	0.0000	0.0000	0.0000				
65	69	0.1933	18	0	1	0	0	0	0	0	0	N	N	N	N	N	N	N	N	N	N	N	N	0.1831	0.1301	0.0000	0.1815	0.1775	0.0000	0.0000	0.0000	0.0000	0.0035	0.0040	0.0000	0.0119	0.0124	0.0000	0.0000	0.0000	0.0000	0.0193	0.0308	0.0003	0.0658	0.0701	0.0036	0.0001	0.0000	0.0001	0.0000	0.0049	-0.0001	-0.0013	1.7946	2.8240	5.9592	8.9883	0.0002	0.0002	0.0000	0.0002	0.0002	0.0000	0.0000	0.0000	0.0000	0.0024	0.0023	0.0000	0.0023	0.0023	0.0000	0.0000	0.0000	0.0000	0.0484	0.0428	0.0056	0.0143	0.0138	0.0006	0.0340	0.0290	0.0050	0.1217	0.0761	0.0456	0.0357	0.0334	0.0023	0.0860	0.0427	0.0433	0.1831	0.1301	0.0000	0.1815	0.1775	0.0000	0.0000	0.0000	0.0000	0.0193	0.0308	0.0003	0.0658	0.0701	0.0036	0.0001	0.0000	0.0001
65	70	0.1843	17	0	1	0	0	0	0	0	0	N	N	N	N	N	N	N	N	N	N	N	N	0.4122	0.5008	1.0542	0.9563	3.2599	0.0000	0.3297	0.0000	1.1144	0.0093	0.0006	0.0679	0.0027	0.0028	0.0000	0.0109	0.0000	0.0725	0.0225	0.0012	0.0644	0.0028	0.0009	0.0504	0.0330	0.0016	0.0650	16.5045	26.9219	0.0001	0.0007	1.7946	1.4521	5.9592	3.5882	0.0002	0.0000	0.0002	0.0000	0.0000	0.0000	0.0002	0.0000	0.0002	0.0016	0.0001	0.0016	0.0001	0.0000	0.0000	0.0015	0.0000	0.0015	0.0196	0.0171	0.0025	0.0039	0.0037	0.0002	0.0157	0.0134	0.0024	0.0716	0.0476	0.0241	0.0250	0.0240	0.0010	0.0466	0.0235	0.0231	0.4122	0.5008	1.0542	0.9563	3.2599	0.0000	0.3297	0.0000	1.1144	0.0225	0.0012	0.0644	0.0028	0.0009	0.0504	0.0330	0.0016	0.0650
65	71	0.1816	16	0	1	0	0	0	0	0	0	N	N	N	N	N	N	N	N	N	N	N	N	142.7543	296.8562	0.0390	296.2437	634.9657	0.0000	0.0447	1.6796	0.1329	0.1715	0.1974	0.0001	0.7360	0.7576	0.0000	0.0000	0.0000	0.0001	0.0012	0.0007	0.0024	0.0025	0.0012	0.0432	0.0004	0.0000	0.0007	0.0001	1.6316	-0.0012	0.0000	1.7946	1.1783	5.9592	0.9542	0.0032	0.0032	0.0000	0.0032	0.0032	0.0000	0.0000	0.0000	0.0000	0.0000	0.0000	0.0000	0.0000	0.0000	0.0000	0.0000	0.0000	0.0000	0.0187	0.0163	0.0025	0.0044	0.0042	0.0001	0.0144	0.0120	0.0023	0.0415	0.0285	0.0130	0.0164	0.0159	0.0005	0.0251	0.0126	0.0125	142.7543	296.8562	0.0390	296.2437	634.9657	0.0000	0.0447	1.6796	0.1329	0.0012	0.0007	0.0024	0.0025	0.0012	0.0432	0.0004	0.0000	0.0007
65	72	0.1770	15	0	1	0	0	0	0	0	0	N	N	N	N	N	N	N	N	N	N	N	N	3.7277	6.0623	0.0151	8.0922	14.5743	0.0000	0.0152	0.0000	0.0515	0.0028	0.0032	0.0000	0.0145	0.0151	0.0000	0.0000	0.0000	0.0000	0.0008	0.0005	0.0012	0.0018	0.0010	0.0174	0.0002	0.0000	0.0004	0.0008	1.1483	-0.0000	-0.0000	1.7946	2.0762	5.9592	1.4610	0.0001	0.0001	0.0000	0.0001	0.0001	0.0000	0.0000	0.0000	0.0000	0.0000	0.0000	0.0000	0.0000	0.0000	0.0000	0.0000	0.0000	0.0000	0.0283	0.0247	0.0036	0.0055	0.0053	0.0002	0.0229	0.0195	0.0034	0.0500	0.0331	0.0169	0.0177	0.0169	0.0008	0.0323	0.0162	0.0161	3.7277	6.0623	0.0151	8.0922	14.5743	0.0000	0.0152	0.0000	0.0515	0.0008	0.0005	0.0012	0.0018	0.0010	0.0174	0.0002	0.0000	0.0004
65	73	0.1128	11	0	1	0	0	0	0	0	0	N	N	N	N	N	N	N	N	N	N	N	N	0.0000	0.0000	0.0000	0.0000	0.0000	0.0000	0.0000	0.0000	0.0000	0.0000	0.0000	0.0000	0.0000	0.0000	0.0000	0.0000	0.0000	0.0000	0.0037	0.0063	0.0001	0.0229	0.0246	0.0000	0.0001	0.0000	0.0001	0.0142	0.0000	-0.0004	1.7946	4.0673	5.9592	17.8409	0.0000	0.0000	0.0000	0.0000	0.0000	0.0000	0.0000	0.0000	0.0000	0.0007	0.0007	0.0000	0.0007	0.0007	0.0000	0.0000	0.0000	0.0000	0.0609	0.0536	0.0073	0.0120	0.0116	0.0004	0.0489	0.0420	0.0069	0.1905	0.1122	0.0783	0.0307	0.0286	0.0021	0.1598	0.0836	0.0762	0.0000	0.0000	0.0000	0.0000	0.0000	0.0000	0.0000	0.0000	0.0000	0.0037	0.0063	0.0001	0.0229	0.0246	0.0000	0.0001	0.0000	0.0001	
65	75	0.2495	15	0	1	0	0	0	0	0	0	N	N	N	N	N	N	N	N	N	N	N	N	0.0112	0.0348	0.0005	0.2497	0.2300	3.9276	0.0001	0.0000	0.0003	0.0199	0.0219	0.0023	0.0609	0.0626	0.0068	0.0003	0.0000	0.0018	1.7773	0.6308	4.4910	0.2437	0.2722	0.0017	3.1302	1.2269	5.3867	0.0122	3.0080	-0.0006	0.2554	1.7946	3.5843	5.9592	46.7516	0.0016	0.0016	0.0000	0.0016	0.0016	0.0000	0.0000	0.0000	0.0000	1.2304	0.3070	0.9234	0.0791	0.0790	0.0001	1.1514	0.2280	0.9234	0.0798	0.0715	0.0083	0.0258	0.0250	0.0008	0.0539	0.0464	0.0075	0.6923	0.4867	0.2056	0.3245	0.2903	0.0342	0.3678	0.1964	0.1714	0.0112	0.0348	0.0005	0.2497	0.2300	3.9276	0.0001	0.0000	0.0003	1.7773	0.6308	4.4910	0.2437	0.2722	0.0017	3.1302	1.1608	5.3867
65	76	0.1140	11	1	2	1	0	0	0	0	0	N	Y	N	N	N	N	N	N	N	N	N	N	0.0000	0.0000	0.0000	0.0000	0.0000	0.0000	0.0000	0.0000	0.0000	0.0000	0.0000	0.0000	0.0000	0.0000	0.0000	0.0724	0.0000	0.1638	0.0000	0.0000	0.0001	0.0856	0.0000	0.1687	inf	0.0000	0.0006	1.7946	1.0003	5.9592	1.0071	0.0000	0.0000	0.0000	0.0000	0.0000	0.0000	0.0000	0.0000	0.0000	0.0013	0.0000	0.0013	0.0000	0.0000	0.0000	0.0013	0.0000	0.0013	0.0130	0.0114	0.0016	0.0022	0.0021	0.0001	0.0108	0.0093	0.0015	0.0175	0.0098	0.0078	0.0027	0.0025	0.0002	0.0148	0.0073	0.0075	0.0000	0.0000	0.0000	0.0000	0.0000	0.0000	0.0000	0.0000	0.0000	0.0724	0.0000	0.1638	0.0000	0.0000	0.0001	0.0856	0.0000	0.1687				
65	77	0.1073	10	1	1	1	0	0	0	0	0	N	N	N	N	N	N	N	N	N	N	N	N	0.0000	0.0016	0.0000	0.0046	0.0051	0.0000	0.0000	0.0000	0.0000	0.0000	0.0000	0.0000	0.0000	0.0000	0.0000	0.0000	0.0000	8.0458	0.0036	33.1435	0.0063	0.0059	0.0511	13.2654	0.0000	29.5490	0.0000	3478.6099	-0.0000	0.3499	1.7946	0.9901	5.9592	2.2068	0.0000	0.0000	0.0000	0.0000	0.0000	0.0000	0.0000	0.0000	0.0000	0.7660	0.0002	0.7658	0.0002	0.0002	0.0000	0.7658	0.0000	0.7658	0.0131	0.0115	0.0016	0.0022	0.0022	0.0001	0.0108	0.0093	0.0015	0.0952	0.0607	0.0345	0.0375	0.0372	0.0003	0.0577	0.0235	0.0342	0.0000	0.0016	0.0000	0.0046	0.0051	0.0000	0.0000	0.0000	0.0000	8.0458	0.0036	22.1957	0.0063	0.0059	0.0511	13.2654	0.0000	22.4050	
65	78	0.1303	12	0	2	0	0	0	0	0	0	N	Y	N	N	N	N	N	N	N	N	N	N	66.7044	0.0278	506.2839	0.0433	0.0453	0.0142	176.4594	0.0000	597.3274	0.0580	0.0000	0.4871	0.0001	0.0001	0.0000	0.0718	0.0000	0.5223	0.0009	0.0008	0.0010	0.0025	0.0024	0.0031	0.0004	0.0000	0.0009	2902.1303	0.7069	0.0045	-0.0000	1.7946	8.4371	5.9592	15.3349	0.0073	0.0000	0.0073	0.0000	0.0000	0.0000	0.0073	0.0000	0.0073	0.0002	0.0001	0.0001	0.0001	0.0001	0.0000	0.0001	0.0000	0.0001	0.1255	0.1105	0.0150	0.0240	0.0230	0.0010	0.1014	0.0875	0.0139	0.2335	0.1460	0.0875	0.0529	0.0495	0.0035	0.1806	0.0966	0.0840	66.7044	0.0278	506.2839	0.0433	0.0453	0.0142	176.4594	0.0000	597.3274	0.0009	0.0008	0.0010	0.0025	0.0024	0.0031	0.0004	0.0000	0.0009
65	79	0.1073	10	1	1	1	0	0	0	0	0	N	N	N	N	N	N	N	N	N	N	N	N	0.0155	75.6378	0.0000	0.5211	0.6122	0.0000	0.0129	inf	0.0000	0.0845	0.0963	0.0000	0.0015	0.0016	0.0000	0.1013	0.1177	0.0000	5.4619	0.0013	14.1891	0.0029	0.0026	0.0191	7.8822	0.0000	14.4192	0.0000	6971.8052	-0.0013	0.3504	1.7946	3.0096	5.9592	5.7427	0.0033	0.0033	0.0000	0.0000	0.0000	0.0000	0.0033	0.0033	0.0000	0.7670	0.0001	0.7669	0.0001	0.0001	0.0000	0.7668	0.0000	0.7668	0.0389	0.0342	0.0048	0.0066	0.0063	0.0003	0.0324	0.0279	0.0045	0.1404	0.0864	0.0540	0.0431	0.0423	0.0009	0.0973	0.0441	0.0532	0.0155	75.6378	0.0000	0.5211	0.6122	0.0000	0.0129	inf	0.0000	5.4619	0.0013	14.1891	0.0029	0.0026	0.0191	7.8822	0.0000	14.4192
65	80	0.0916	9	1	1	1	0	0	0	0	0	N	N	N	N	N	N	N	N	N	N	N	N	0.0017	0.1606	0.0000	0.2117	0.2106	0.0000	0.0000	inf	0.0000	0.0037	0.0043	0.0001	0.0194	0.0201	0.0000	0.0000	0.0000	0.0001	2.2400	0.0265	5.4469	0.0917	0.0953	0.0149	2.6878	0.0000	5.5514	0.0037	141.6038	-0.0000	0.0728	1.7946	1.0477	5.9592	6.1154	0.0001	0.0001	0.0000	0.0001	0.0001	0.0000	0.0000	0.0000	0.0000	0.1617	0.0011	0.1605	0.0011	0.0011	0.0000	0.1605	0.0000	0.1605	0.0148	0.0130	0.0019	0.0028	0.0028	0.0001	0.0120	0.0102	0.0018	0.0722	0.0427	0.0295	0.0124	0.0119	0.0006	0.0597	0.0308	0.0289	0.0017	0.1606	0.0000	0.2117	0.2106	0.0000	0.0000	inf	0.0000	2.2400	0.0265	5.4469	0.0917	0.0953	0.0149	2.6878	0.0000	5.5514
65	81	0.0852	8	0	1	0	0	0	0	0	0	N	N	N	N	N	N	N	N	N	N	N	N	2.5660	54.2734	0.0276	249.6865	243.9364	0.0000	0.0081	0.0000	0.0285	0.1243	0.1416	0.0031	0.7577	0.7904	0.0000	0.0005	0.0000	0.0032	0.0484	0.0026	0.1107	0.0030	0.0032	0.0002	0.0565	0.0024	0.1134	0.0031	31.2264	-0.0012	0.0006	1.7946	1.9794	5.9592	1.0196	0.0032	0.0032	0.0000	0.0032	0.0032	0.0000	0.0000	0.0000	0.0000	0.0013	0.0000	0.0013	0.0000	0.0000	0.0000	0.0013	0.0000	0.0013	0.0261	0.0228	0.0033	0.0043	0.0041	0.0002	0.0218	0.0187	0.0031	0.0274	0.0158	0.0116	0.0041	0.0039	0.0003	0.0232	0.0119	0.0113	2.5660	54.2734	0.0276	249.6865	243.9364	0.0000	0.0081	0.0000	0.0285	0.0484	0.0026	0.1107	0.0030	0.0032	0.0002	0.0565	0.0024	0.1134
65	82	0.0830	7	0	1	0	0	0	0	0	0	N	N	N	N	N	N	N	N	N	N	N	N	1.0926	119.2644	1.7651	177.1620	193.9934	6.6598	0.5202	1.8065	0.0011	0.0007	0.0042	0.0039	0.0041	0.0003	0.0006	0.0000	0.0044	0.0010	0.0000	0.0024	0.0000	0.0000	0.0000	0.0012	0.0000	0.0025	0.9378	318.9140	0.0000	0.0000	1.7946	1.0114	5.9592	0.0202	0.0000	0.0000	0.0000	0.0000	0.0000	0.0000	0.0000	0.0000	0.0000	0.0000	0.0000	0.0000	0.0000	0.0000	0.0000	0.0000	0.0000	0.0000	0.0134	0.0117	0.0017	0.0020	0.0019	0.0001	0.0114	0.0098	0.0016	0.0099	0.0057	0.0042	0.0016	0.0015	0.0001	0.0083	0.0042	0.0041	1.0926	119.2644	1.7651	177.1620	193.9934	6.6598	0.5202	0.0000	1.8065	0.0010	0.0000	0.0024	0.0000	0.0000	0.0000	0.0012	0.0000	0.0025	
65	83	0.0625	6	0	1	0	0	0	0	0	0	N	N	N	N	N	N	N	N	N	N	N	N	25.5385	16.8393	1.1282	29.7179	29.0948	0.1660	1.2877	12.9905	1.9367	0.0051	0.0058	0.0000	0.0364	0.0376	0.0000	0.0000	0.0000	0.0000	0.0002	0.0003	0.0000	0.0012	0.0013	0.0001	0.0000	0.0000	0.0000	0.0001	0.0072	-0.0002	-0.0000	1.7946	5.9223	5.9592	3.6882	0.0004	0.0004	0.0000	0.0004	0.0004	0.0000	0.0000	0.0000	0.0000	0.0000	0.0000	0.0000	0.0000	0.0000	0.0000	0.0000	0.0000	0.0000	0.0807	0.0707	0.0100	0.0112	0.0109	0.0004	0.0695	0.0599	0.0096	0.0953	0.0547	0.0406	0.0154	0.0145	0.0009	0.0800	0.0402	0.0398	25.5385	16.8393	1.1282	29.7179	29.0948	0.1660	1.2877	12.9905	1.9367	0.0002	0.0003	0.0000	0.0012	0.0013	0.0001	0.0000	0.0000	0.0000
65	84	0.1502	14	0	2	0	0	0	0	0	0	N	Y	N	N	N	N	N	N	N	N	N	N	0.0092	0.0069	0.0000	0.0151	0.0152	0.0000	0.0000	0.0000	0.0000	0.0000	0.0000	0.0000	0.0000	0.0000	0.0000	0.0000	0.0000	0.0000	0.0006	0.0009	0.0001	0.0024	0.0025	0.0012	0.0000	0.0000	0.0000	0.0000	0.0458	-0.0000	-0.0001	1.7946	7.1084	5.9592	28.8937	0.0000	0.0000	0.0000	0.0000	0.0000	0.0000	0.0000	0.0000	0.0000	0.0002	0.0002	0.0000	0.0002	0.0002	0.0000	0.0000	0.0000	0.0000	0.0949	0.0830	0.0118	0.0148	0.0141	0.0007	0.0801	0.0690	0.0111	0.3339	0.2097	0.1242	0.0852	0.0781	0.0071	0.2487	0.1316	0.1171	0.0092	0.0069	0.0000	0.0151	0.0152	0.0000	0.0000	0.0000	0.0000	0.0006	0.0009	0.0001	0.0024	0.0025	0.0012	0.0000	0.0000	0.0000
65	85	0.1427	13	0	2	0	0	0	0	0	0	N	Y	N	N	N	N	N	N	N	N	N	N	0.1417	0.2425	0.0149	0.3028	0.3155	0.0971	0.0001	0.4115	0.0000	0.0001	0.0001	0.0000	0.0003	0.0003	0.0001	0.0000	0.0000	0.0000	0.0008	0.0005	0.0014	0.0010	0.0010	0.0012	0.0006	0.0000	0.0014	0.0206	1.2721	-0.0000	0.0000	1.7946	2.2208	5.9592	3.9129	0.0000	0.0000	0.0000	0.0000	0.0000	0.0000	0.0000	0.0000	0.0000	0.0001	0.0000	0.0000	0.0000	0.0000	0.0000	0.0000	0.0000	0.0000	0.0482	0.0431	0.0052	0.0166	0.0158	0.0009	0.0316	0.0273	0.0043	0.1024	0.0703	0.0322	0.0348	0.0335	0.0013	0.0677	0.0368	0.0309	0.1417	0.2425	0.0149	0.3028	0.3155	0.0971	0.0001	0.4115	0.0000	0.0008	0.0005	0.0014	0.0010	0.0010	0.0012	0.0006	0.0000	0.0014
65	86	0.2182	15	0	1	1	0	0	0	0	0	N	N	N	N	N	N	N	N	N	N	N	N	0.0016	0.0011	2.5916	0.0022	0.0021	6.0398	0.0101	0.0000	0.0353	0.0003	0.0004	0.0001	0.0018	0.0019	0.0013	0.0000	0.0000	0.0000	0.2046	0.3312	0.0000	0.8295	0.8982	0.0002	0.0000	0.0000	0.0000	0.0314	0.0001	-0.0000	-0.0138	1.7946	5.3425	5.9592	7.0749	0.0000	0.0000	0.0000	0.0000	0.0000	0.0000	0.0000	0.0000	0.0000	0.0255	0.0255	0.0000	0.0255	0.0255	0.0000	0.0000	0.0000	0.0000	0.0776	0.0684	0.0092	0.0141	0.0135	0.0006	0.0635	0.0549	0.0085	0.1245	0.0769	0.0476	0.0307	0.0283	0.0023	0.0938	0.0485	0.0452	0.0016	0.0011	2.5916	0.0022	0.0021	6.0398	0.0101	0.0000	0.0353	0.2046	0.3312	0.0000	0.8295	0.8982	0.0002	0.0000	0.0000	0.0000
65	87	0.1750	14	0	1	0	0	0	0	0	0	N	N	N	N	N	N	N	N	N	N	N	N	0.0085	0.0100	0.0233	0.0667	0.0003	40.1855	0.0020	0.1464	0.0001	0.0009	0.0002	0.0064	0.0031	0.0000	0.0840	0.0003	0.0003	0.0000	0.1094	0.0241	0.2754	0.0459	0.0497	0.0021	0.1407	0.0022	0.2981	3.3480	5.8891	0.0000	0.0093	1.7946	7.0719	5.9592	13.7350	0.0001	0.0000	0.0001	0.0001	0.0000	0.0001	0.0000	0.0000	0.0000	0.0297	0.0043	0.0254	0.0041	0.0041	0.0000	0.0256	0.0002	0.0254	0.1169	0.1038	0.0130	0.0273	0.0263	0.0010	0.0896	0.0775	0.0120	0.2715	0.1793	0.0922	0.0896	0.0826	0.0071	0.1819	0.0967	0.0851	0.0085	0.0100	0.0233	0.0667	0.0003	40.1855	0.0020	0.1464	0.0001	0.1094	0.0241	0.2754	0.0459	0.0497	0.0021	0.1407	0.0022	0.2981
65	88	0.0682	6	1	1	1	0	0	0	0	0	N	N	N	N	N	N	N	N	N	N	N	N	0.0000	0.0000	0.0000	0.0000	0.0000	0.0000	0.0000	0.0000	0.0000	0.0000	0.0000	0.0000	0.0000	0.0000	0.0000	0.0000	0.0000	0.0000	0.0000	0.0000	1.7946	0.0000	5.9592	0.0000	0.0000	0.0000	0.0000	0.0000	0.0000	0.0000	0.0000	0.0000	0.0000	0.0000	0.0000	0.0000	0.0000	0.0000	0.0000	0.0000	0.0000	0.0000	0.0000	0.0000	0.0000	0.0000	0.0000	0.0000	0.0000	0.0000	0.0000	0.0000	0.0000	0.0000	0.0000	0.0000	0.0000	0.0000	0.0000	0.0000	0.0000	0.0000	0.0000	0.0000	0.0000	0.0000	0.0000	0.0000	0.0000	0.0000	0.0000	0.0000	0.0000	0.0000	0.0000	0.0000	0.0000	0.0000											
65	89	0.0662	5	1	1	1	0	0	0	0	0	N	N	N	N	N	N	N	N	N	N	N	N	0.0000	0.0000	0.0000	0.0000	0.0000	0.0000	0.0000	0.0000	0.0000	0.0000	0.0000	0.0000	0.0000	0.0000	0.0000	0.0000	0.0000	0.0168	0.0000	0.0478	0.0032	0.0000	0.1645	0.0224	0.0000	0.0459	83732.5312	-0.0000	0.0001	1.7946	0.0001	5.9592	0.9161	0.0000	0.0000	0.0000	0.0000	0.0000	0.0000	0.0000	0.0000	0.0000	0.0003	0.0000	0.0003	0.0000	0.0000	0.0000	0.0003	0.0000	0.0003	0.0000	0.0000	0.0000	0.0000	0.0000	0.0000	0.0000	0.0000	0.0000	0.0159	0.0103	0.0056	0.0046	0.0045	0.0001	0.0113	0.0058	0.0055	0.0000	0.0000	0.0000	0.0000	0.0000	0.0000	0.0000	0.0000	0.0000	0.0168	0.0000	0.0478	0.0032	0.0000	0.1645	0.0224	0.0000	0.0459		
65	90	0.0414	4	1	1	1	0	0	0	0	0	N	N	N	N	N	N	N	N	N	N	N	N	0.0166	0.0107	0.0000	0.0131	0.0132	0.0000	0.0000	0.0000	0.0000	0.0002	0.0002	0.0000	0.0015	0.0016	0.0000	0.0000	0.0000	0.0000	0.0118	0.0209	0.0005	0.1144	0.1179	0.0029	0.0003	0.0000	0.0005	0.0000	0.0205	-0.0000	-0.0007	1.7946	3.7876	5.9592	7.8440	0.0000	0.0000	0.0000	0.0000	0.0000	0.0000	0.0000	0.0000	0.0000	0.0013	0.0013	0.0000	0.0013	0.0013	0.0000	0.0000	0.0000	0.0000	0.0523	0.0457	0.0066	0.0068	0.0066	0.0003	0.0454	0.0391	0.0063	0.1126	0.0624	0.0501	0.0114	0.0110	0.0003	0.1012	0.0514	0.0498	0.0166	0.0107	0.0000	0.0131	0.0132	0.0000	0.0000	0.0000	0.0000	0.0118	0.0209	0.0005	0.1144	0.1179	0.0029	0.0003	0.0000	0.0005
65	91	0.1232	12	0	2	0	1	0	0	0	0	N	Y	N	N	N	N	N	N	N	N	N	N	0.0002	0.0000	0.8089	0.0001	0.0000	0.7536	0.0000	0.0000	0.0000	0.0000	0.0000	0.0000	0.0000	0.0000	0.0002	0.0000	0.0000	0.0000	0.0064	0.0105	0.0000	0.0303	0.0323	0.0002	0.0000	0.0000	0.0000	18.2778	0.0007	0.0000	-0.0006	1.7946	1.8247	5.9592	16.3284	0.0000	0.0000	0.0000	0.0000	0.0000	0.0000	0.0000	0.0000	0.0000	0.0011	0.0011	0.0000	0.0011	0.0011	0.0000	0.0000	0.0000	0.0000	0.0321	0.0284	0.0037	0.0077	0.0075	0.0002	0.0244	0.0209	0.0035	0.1741	0.1058	0.0683	0.0365	0.0343	0.0023	0.1376	0.0716	0.0660	0.0002	0.0000	0.8089	0.0001	0.0000	0.7536	0.0000	0.0000	0.0000	0.0064	0.0105	0.0000	0.0303	0.0323	0.0002	0.0000	0.0000	0.0000
65	92	0.1128	11	0	2	0	0	0	0	0	0	N	Y	N	N	N	N	N	N	N	N	N	N	18.4482	0.0000	4253.3907	0.0000	0.0000	0.0000	1998.2088	0.0000	13284252.5802	0.0589	0.0000	0.4790	0.0000	0.0000	0.0000	0.0712	0.0000	0.5073	0.0032	0.0053	0.0001	0.0198	0.0210	0.0041	0.0000	0.0001	0.0000	inf	0.0147	0.0045	-0.0004	1.7946	9.1310	5.9592	16.1726	0.0073	0.0000	0.0073	0.0000	0.0000	0.0000	0.0073	0.0000	0.0073	0.0007	0.0007	0.0000	0.0007	0.0007	0.0000	0.0000	0.0000	0.0000	0.1237	0.1085	0.0152	0.0214	0.0206	0.0008	0.1023	0.0880	0.0144	0.2160	0.1272	0.0889	0.0345	0.0321	0.0025	0.1815	0.0951	0.0864	18.4482	0.0000	4253.3907	0.0000	0.0000	0.0000	1998.2088	0.0000	13284252.5802	0.0032	0.0053	0.0001	0.0198	0.0210	0.0041	0.0000	0.0001	0.0000
65	93	0.1977	17	0	2	0	0	0	0	0	0	N	Y	N	N	N	N	N	N	N	N	N	N	0.0000	0.0000	0.0000	0.0000	0.0000	0.0000	0.0000	0.0000	0.0000	0.0000	0.0000	0.0000	0.0000	0.0000	0.0000	0.0000	0.0000	0.0000	0.0163	0.0253	0.0000	0.0063	0.0070	0.0000	0.0218	0.0432	0.0000	0.0003	0.0000	-0.0012	1.7946	4.0959	5.9592	8.7137	0.0000	0.0000	0.0000	0.0000	0.0000	0.0000	0.0000	0.0000	0.0000	0.0023	0.0023	0.0000	0.0003	0.0003	0.0000	0.0020	0.0020	0.0000	0.0572	0.0499	0.0073	0.0102	0.0098	0.0004	0.0470	0.0401	0.0069	0.1405	0.0907	0.0499	0.0497	0.0449	0.0048	0.0909	0.0458	0.0451	0.0000	0.0000	0.0000	0.0000	0.0000	0.0000	0.0000	0.0000	0.0000	0.0163	0.0253	0.0000	0.0063	0.0070	0.0000	0.0218	0.0432	0.0000	
65	94	0.1794	16	0	2	0	0	0	0	0	0	N	Y	N	N	N	N	N	N	N	N	N	N	0.0000	0.0000	0.0000	0.0000	0.0000	0.0000	0.0000	0.0000	0.0000	0.0000	0.0000	0.0000	0.0000	0.0000	0.0000	0.0000	0.0000	0.0000	11.2303	17.6994	0.0062	0.0007	0.0004	0.0042	16.4322	32.7306	0.0064	0.0002	0.0000	-0.5415	1.7946	2.9443	5.9592	6.1524	0.0000	0.0000	0.0000	0.0000	0.0000	0.0000	0.0000	0.0000	0.0000	0.9976	0.9974	0.0002	0.0000	0.0000	0.0000	0.9976	0.9974	0.0002	0.0434	0.0378	0.0057	0.0096	0.0092	0.0003	0.0339	0.0285	0.0053	0.0888	0.0564	0.0325	0.0281	0.0259	0.0022	0.0607	0.0305	0.0302	0.0000	0.0000	0.0000	0.0000	0.0000	0.0000	0.0000	0.0000	0.0000	11.2303	17.6994	0.0062	0.0007	0.0004	0.0042	16.4322	32.7306	0.0064	
65	95	0.1770	15	0	1	0	0	0	0	0	0	N	N	N	N	N	N	N	N	N	N	N	N	0.0071	0.0000	0.0623	0.0000	0.0000	0.0000	0.0596	0.1938	0.0000	0.0000	0.0000	0.0000	0.0000	0.0000	0.0000	0.0000	0.0000	0.0007	0.0008	0.0007	0.0018	0.0014	0.0110	0.0001	0.0000	0.0002	inf	0.3968	0.0000	-0.0000	1.7946	0.8596	5.9592	1.2300	0.0000	0.0000	0.0000	0.0000	0.0000	0.0000	0.0000	0.0000	0.0000	0.0000	0.0000	0.0000	0.0000	0.0000	0.0000	0.0000	0.0000	0.0000	0.0125	0.0109	0.0016	0.0026	0.0025	0.0001	0.0099	0.0084	0.0015	0.0377	0.0257	0.0120	0.0145	0.0141	0.0005	0.0232	0.0116	0.0116	0.0071	0.0000	0.0623	0.0000	0.0000	0.0000	0.0596	0.0000	0.1938	0.0007	0.0008	0.0007	0.0018	0.0014	0.0110	0.0001	0.0000	0.0002	
65	96	0.1651	14	0	1	0	0	0	0	0	0	N	N	N	N	N	N	N	N	N	N	N	N	0.0102	0.0024	0.0401	0.0402	0.0046	0.1231	0.0007	0.0000	0.0029	0.0000	0.0000	0.0001	0.0000	0.0000	0.0009	0.0000	0.0000	0.0000	0.0012	0.0005	0.0025	0.0010	0.0008	0.0075	0.0013	0.0000	0.0023	11.8291	3.2802	0.0000	0.0000	1.7946	3.7737	5.9592	2.5241	0.0000	0.0000	0.0000	0.0000	0.0000	0.0000	0.0000	0.0000	0.0000	0.0001	0.0000	0.0001	0.0000	0.0000	0.0000	0.0001	0.0000	0.0001	0.0692	0.0613	0.0079	0.0192	0.0184	0.0008	0.0500	0.0429	0.0070	0.0998	0.0628	0.0370	0.0371	0.0357	0.0014	0.0628	0.0272	0.0356	0.0102	0.0024	0.0401	0.0402	0.0046	0.1231	0.0007	0.0000	0.0029	0.0012	0.0005	0.0025	0.0010	0.0008	0.0075	0.0013	0.0000	0.0023
65	97	0.1443	13	0	1	0	0	0	0	0	0	N	N	N	N	N	N	N	N	N	N	N	N	0.4252	0.0002	82.9153	0.6710	0.0005	160.7840	0.0000	0.0000	0.0000	0.0010	0.0000	0.0081	0.0064	0.0000	0.1526	0.0000	0.0000	0.0000	0.0024	0.0038	0.0001	0.0095	0.0101	0.0009	0.0000	0.0000	0.0001	1257.8029	0.0155	0.0001	-0.0001	1.7946	6.4922	5.9592	4.5502	0.0001	0.0000	0.0001	0.0001	0.0000	0.0001	0.0000	0.0000	0.0000	0.0003	0.0003	0.0000	0.0003	0.0003	0.0000	0.0000	0.0000	0.0000	0.0866	0.0757	0.0109	0.0139	0.0133	0.0006	0.0727	0.0624	0.0103	0.1170	0.0730	0.0439	0.0294	0.0275	0.0019	0.0876	0.0455	0.0421	0.4252	0.0002	82.9153	0.6710	0.0005	160.7840	0.0000	0.0000	0.0000	0.0024	0.0038	0.0001	0.0095	0.0101	0.0009	0.0000	0.0000	0.0001
65	98	0.0414	4	0	2	0	0	0	0	0	0	N	Y	N	N	N	N	N	N	N	N	N	N	0.0001	0.8487	0.0000	0.0074	0.0136	0.0000	0.0001	25177.8949	0.0000	0.0005	0.0006	0.0000	0.0001	0.0001	0.0000	0.0006	0.0007	0.0000	7.1978	0.0007	18.6235	0.0068	0.0038	0.0971	7.9798	0.0000	16.2236	0.0016	19841.0982	-0.0000	0.4233	1.7946	1.3608	5.9592	12.1483	0.0000	0.0000	0.0000	0.0000	0.0000	0.0000	0.0000	0.0000	0.0000	0.9264	0.0000	0.9263	0.0001	0.0000	0.0000	0.9263	0.0000	0.9263	0.0207	0.0182	0.0025	0.0038	0.0036	0.0002	0.0169	0.0145	0.0023	0.1287	0.0712	0.0575	0.0126	0.0122	0.0004	0.1161	0.0590	0.0571	0.0001	0.8487	0.0000	0.0074	0.0136	0.0000	0.0001	25177.8949	0.0000	7.1978	0.0007	16.1120	0.0068	0.0038	0.0971	7.9798	0.0000	16.2236
65	99	0.0377	3	0	1	0	0	0	0	0	0	N	N	N	N	N	N	N	N	N	N	N	N	0.0095	0.0267	0.0004	0.0201	0.0219	0.0000	0.0002	0.0019	0.0005	0.0006	0.0007	0.0000	0.0017	0.0019	0.0000	0.0000	0.0000	0.0001	0.0604	0.0245	0.1107	0.0846	0.0859	0.0078	0.0557	0.0016	0.1114	0.0103	3.2257	-0.0000	0.0004	1.7946	1.5300	5.9592	0.7696	0.0000	0.0000	0.0000	0.0000	0.0000	0.0000	0.0000	0.0000	0.0000	0.0016	0.0004	0.0013	0.0004	0.0004	0.0000	0.0013	0.0000	0.0013	0.0335	0.0291	0.0045	0.0111	0.0101	0.0011	0.0224	0.0190	0.0034	0.0273	0.0159	0.0114	0.0044	0.0043	0.0001	0.0229	0.0116	0.0113	0.0095	0.0267	0.0004	0.0201	0.0219	0.0000	0.0002	0.0019	0.0005	0.0604	0.0245	0.1107	0.0846	0.0859	0.0078	0.0557	0.0016	0.1114
65	104	0.1992	15	0	2	0	0	0	0	0	0	N	Y	N	N	N	N	N	N	N	N	N	N	0.0271	0.0000	0.2397	0.0410	0.0000	10.5997	0.0000	0.0000	0.0000	0.0002	0.0000	0.0016	0.0006	0.0000	0.0330	0.0000	0.0000	0.0000	0.0075	0.0078	0.0066	0.0144	0.0151	0.0031	0.0024	0.0000	0.0070	inf	0.2404	0.0000	-0.0001	1.7946	0.0277	5.9592	1.3445	0.0000	0.0000	0.0000	0.0000	0.0000	0.0000	0.0000	0.0000	0.0000	0.0002	0.0002	0.0000	0.0002	0.0002	0.0000	0.0000	0.0000	0.0000	0.0006	0.0006	0.0001	0.0002	0.0002	0.0000	0.0004	0.0003	0.0001	0.0287	0.0223	0.0064	0.0122	0.0115	0.0007	0.0165	0.0108	0.0057	0.0271	0.0000	0.2397	0.0410	0.0000	10.5997	0.0000	0.0000	0.0000	0.0075	0.0078	0.0066	0.0144	0.0151	0.0031	0.0024	0.0000	0.0070
65	105	0.1525	14	0	2	0	0	0	0	0	0	N	Y	N	N	N	N	N	N	N	N	N	N	0.0022	0.0003	0.0128	0.0057	0.0006	1.3344	0.0000	0.0000	0.0000	0.0000	0.0000	0.0001	0.0001	0.0000	0.0021	0.0000	0.0000	0.0000	0.0080	0.0069	0.0098	0.0157	0.0169	0.0016	0.0056	0.0016	0.0102	7.6524	0.8500	0.0000	-0.0001	1.7946	5.1414	5.9592	16.4151	0.0000	0.0000	0.0000	0.0000	0.0000	0.0000	0.0000	0.0000	0.0000	0.0016	0.0009	0.0007	0.0007	0.0007	0.0000	0.0008	0.0001	0.0007	0.0708	0.0621	0.0088	0.0138	0.0133	0.0005	0.0570	0.0487	0.0083	0.1978	0.1237	0.0741	0.0464	0.0429	0.0035	0.1514	0.0808	0.0706	0.0022	0.0003	0.0128	0.0057	0.0006	1.3344	0.0000	0.0000	0.0000	0.0080	0.0069	0.0098	0.0157	0.0169	0.0016	0.0056	0.0016	0.0102
65	106	0.1443	13	0	1	0	0	0	0	0	0	N	N	N	N	N	N	N	N	N	N	N	N	0.0002	0.0347	0.0000	0.0455	0.0868	0.0017	0.0000	0.0000	0.0000	0.0000	0.0000	0.0000	0.0001	0.0001	0.0001	0.0000	0.0000	0.0000	0.1230	0.0008	0.3413	0.0032	0.0017	0.0317	0.1713	0.0001	0.3538	0.0149	242.8487	-0.0000	0.0039	1.7946	3.8974	5.9592	1.6364	0.0000	0.0000	0.0000	0.0000	0.0000	0.0000	0.0000	0.0000	0.0000	0.0086	0.0000	0.0086	0.0001	0.0000	0.0000	0.0086	0.0000	0.0085	0.0538	0.0470	0.0068	0.0091	0.0087	0.0004	0.0448	0.0383	0.0064	0.0700	0.0449	0.0251	0.0201	0.0191	0.0010	0.0499	0.0258	0.0242	0.0002	0.0347	0.0000	0.0455	0.0868	0.0017	0.0000	0.0000	0.0000	0.1230	0.0008	0.3413	0.0032	0.0017	0.0317	0.1713	0.0001	0.3538
65	107	0.1232	12	0	1	0	0	0	0	0	0	N	N	N	N	N	N	N	N	N	N	N	N	0.0070	0.0030	0.0310	0.0201	0.0027	1.4775	0.0000	0.0000	0.0000	0.0000	0.0000	0.0002	0.0000	0.0000	0.0053	0.0000	0.0000	0.0000	0.0026	0.0009	0.0053	0.0024	0.0023	0.0036	0.0026	0.0000	0.0054	6.7975	3.8695	0.0000	0.0001	1.7946	0.3701	5.9592	9.6236	0.0000	0.0000	0.0000	0.0000	0.0000	0.0000	0.0000	0.0000	0.0000	0.0003	0.0001	0.0002	0.0001	0.0001	0.0000	0.0002	0.0000	0.0002	0.0131	0.0118	0.0012	0.0048	0.0048	0.0000	0.0082	0.0070	0.0012	0.1086	0.0669	0.0417	0.0255	0.0242	0.0013	0.0830	0.0427	0.0404	0.0070	0.0030	0.0310	0.0201	0.0027	1.4775	0.0000	0.0000	0.0000	0.0026	0.0009	0.0053	0.0024	0.0023	0.0036	0.0026	0.0000	0.0054
65	108	0.1128	11	0	1	0	0	0	0	0	0	N	N	N	N	N	N	N	N	N	N	N	N	0.0035	0.0046	0.0000	0.0036	0.0036	0.0000	0.0000	0.0000	0.0000	0.0000	0.0000	0.0000	0.0000	0.0000	0.0000	0.0000	0.0000	0.0000	0.0007	0.0006	0.0009	0.0019	0.0019	0.0022	0.0004	0.0000	0.0008	0.0266	1.0293	-0.0000	-0.0000	1.7946	0.4415	5.9592	4.8853	0.0000	0.0000	0.0000	0.0000	0.0000	0.0000	0.0000	0.0000	0.0000	0.0000	0.0000	0.0000	0.0000	0.0000	0.0000	0.0000	0.0000	0.0000	0.0140	0.0127	0.0013	0.0050	0.0049	0.0000	0.0090	0.0078	0.0013	0.0546	0.0325	0.0221	0.0105	0.0100	0.0005	0.0441	0.0225	0.0216	0.0035	0.0046	0.0000	0.0036	0.0036	0.0000	0.0000	0.0000	0.0000	0.0007	0.0006	0.0009	0.0019	0.0019	0.0022	0.0004	0.0000	0.0008
65	109	0.1352	10	1	2	0	1	0	0	0	0	N	Y	N	N	N	N	N	N	N	N	N	N	0.0000	0.0000	0.0000	0.0000	0.0000	0.0000	0.0000	0.0000	0.0000	0.0000	0.0000	0.0000	0.0000	0.0000	0.0000	0.0000	0.0000	0.0000	0.0000	0.0000	1.7946	0.0000	5.9592	0.0000	0.0000	0.0000	0.0000	0.0000	0.0000	0.0000	0.0000	0.0000	0.0000	0.0000	0.0000	0.0000	0.0000	0.0000	0.0000	0.0000	0.0000	0.0000	0.0000	0.0000	0.0000	0.0000	0.0000	0.0000	0.0000	0.0000	0.0000	0.0000	0.0000	0.0000	0.0000	0.0000	0.0000	0.0000	0.0000	0.0000	0.0000	0.0000	0.0000	0.0000	0.0000	0.0000	0.0000	0.0000	0.0000	0.0000	0.0000	0.0000	0.0000	0.0000	0.0000	0.0000	0.0000	0.0000											
65	110	0.1202	9	1	2	0	1	0	0	0	0	N	Y	N	N	N	N	N	N	N	N	N	N	0.0000	0.0000	0.0000	0.0000	0.0000	0.0000	0.0000	0.0000	0.0000	0.0000	0.0000	0.0000	0.0000	0.0000	0.0000	0.0099	0.0000	0.0249	0.0445	0.0000	0.6652	0.0002	0.0000	0.0004	inf	0.0000	0.0003	1.7946	0.0000	5.9592	7.1240	0.0000	0.0000	0.0000	0.0000	0.0000	0.0000	0.0000	0.0000	0.0000	0.0007	0.0000	0.0007	0.0007	0.0000	0.0007	0.0000	0.0000	0.0000	0.0000	0.0000	0.0000	0.0000	0.0000	0.0000	0.0000	0.0000	0.0000	0.0687	0.0414	0.0273	0.0151	0.0136	0.0014	0.0537	0.0278	0.0259	0.0000	0.0000	0.0000	0.0000	0.0000	0.0000	0.0000	0.0000	0.0000	0.0099	0.0000	0.0249	0.0445	0.0000	0.4708	0.0002	0.0000	0.0004				
65	111	0.1292	11	0	2	0	1	0	0	0	0	N	Y	N	N	N	N	N	N	N	N	N	N	0.0000	0.0000	0.0000	0.0000	0.0000	0.0000	0.0000	0.0000	0.0000	0.0000	0.0000	0.0000	0.0000	0.0000	0.0000	0.0000	0.0000	0.0000	0.0007	0.0000	0.0018	0.0000	0.0000	0.0002	0.0009	0.0000	0.0019	2002.5671	0.0000	0.0000	1.7946	0.0016	5.9592	5.0076	0.0000	0.0000	0.0000	0.0000	0.0000	0.0000	0.0000	0.0000	0.0000	0.0000	0.0000	0.0000	0.0000	0.0000	0.0000	0.0000	0.0000	0.0000	0.0001	0.0001	0.0000	0.0000	0.0000	0.0000	0.0000	0.0000	0.0000	0.0466	0.0282	0.0184	0.0105	0.0092	0.0013	0.0361	0.0190	0.0171	0.0000	0.0000	0.0000	0.0000	0.0000	0.0000	0.0000	0.0000	0.0000	0.0007	0.0000	0.0018	0.0000	0.0000	0.0002	0.0009	0.0000	0.0019	
65	112	0.1223	10	0	2	0	1	0	0	0	0	N	Y	N	N	N	N	N	N	N	N	N	N	0.0000	0.0000	0.0000	0.0000	0.0000	0.0000	0.0000	0.0000	0.0000	0.0000	0.0000	0.0000	0.0000	0.0000	0.0000	0.0000	0.0010	0.0016	0.0000	0.0042	0.0045	0.0000	0.0000	0.0000	0.0000	0.0001	0.0000	-0.0000	1.7946	1.0012	5.9592	2.1373	0.0000	0.0000	0.0000	0.0000	0.0000	0.0000	0.0000	0.0000	0.0000	0.0000	0.0000	0.0000	0.0000	0.0000	0.0000	0.0000	0.0000	0.0000	0.0129	0.0113	0.0016	0.0021	0.0020	0.0001	0.0108	0.0093	0.0015	0.0330	0.0199	0.0131	0.0079	0.0072	0.0006	0.0251	0.0127	0.0125	0.0000	0.0000	0.0000	0.0000	0.0000	0.0000	0.0000	0.0000	0.0000	0.0010	0.0016	0.0000	0.0042	0.0045	0.0000	0.0000	0.0000	0.0000			
65	113	0.1306	10	0	2	0	0	0	0	0	0	N	Y	N	N	N	N	N	N	N	N	N	N	0.0000	0.0000	0.0000	0.0000	0.0000	0.0000	0.0000	0.0000	0.0000	0.0000	0.0000	0.0000	0.0000	0.0000	0.0000	0.0000	0.0000	0.0000	0.0001	0.0000	0.0004	0.0000	0.0000	0.0003	0.0002	0.0000	0.0004	263.8272	0.0000	0.0000	1.7946	0.9705	5.9592	5.0371	0.0000	0.0000	0.0000	0.0000	0.0000	0.0000	0.0000	0.0000	0.0000	0.0000	0.0000	0.0000	0.0000	0.0000	0.0000	0.0000	0.0000	0.0000	0.0147	0.0129	0.0017	0.0034	0.0033	0.0001	0.0112	0.0096	0.0016	0.0541	0.0331	0.0211	0.0126	0.0114	0.0012	0.0415	0.0217	0.0198	0.0000	0.0000	0.0000	0.0000	0.0000	0.0000	0.0000	0.0000	0.0000	0.0001	0.0000	0.0004	0.0000	0.0000	0.0003	0.0002	0.0000	0.0004	
65	114	0.1223	10	0	1	1	1	0	0	0	0	N	N	N	N	N	N	N	N	N	N	N	N	0.0000	0.0000	0.0000	0.0000	0.0000	0.0000	0.0000	0.0000	0.0000	0.0000	0.0000	0.0000	0.0000	0.0000	0.0000	0.0000	0.0000	0.0000	0.0000	0.0000	1.7946	0.0000	5.9592	1.1303	0.0000	0.0000	0.0000	0.0000	0.0000	0.0000	0.0000	0.0000	0.0000	0.0000	0.0000	0.0000	0.0000	0.0000	0.0000	0.0000	0.0000	0.0000	0.0000	0.0000	0.0000	0.0000	0.0000	0.0000	0.0000	0.0000	0.0000	0.0147	0.0089	0.0058	0.0042	0.0040	0.0002	0.0105	0.0049	0.0055	0.0000	0.0000	0.0000	0.0000	0.0000	0.0000	0.0000	0.0000	0.0000	0.0000	0.0000	0.0000	0.0000	0.0000	0.0000	0.0000	0.0000	0.0000											
65	115	0.1202	9	0	1	0	1	0	0	0	0	N	N	N	N	N	N	N	N	N	N	N	N	0.0000	0.0000	0.0000	0.0000	0.0000	0.0000	0.0000	0.0000	0.0000	0.0000	0.0000	0.0000	0.0000	0.0000	0.0000	0.0000	0.0000	0.0000	0.0000	0.0000	0.0000	0.0000	0.0000	0.0000	0.0000	0.0000	-0.0000	1.7946	0.0000	5.9592	1.2340	0.0000	0.0000	0.0000	0.0000	0.0000	0.0000	0.0000	0.0000	0.0000	0.0000	0.0000	0.0000	0.0000	0.0000	0.0000	0.0000	0.0000	0.0000	0.0000	0.0000	0.0000	0.0000	0.0000	0.0000	0.0000	0.0000	0.0000	0.0160	0.0098	0.0062	0.0046	0.0043	0.0003	0.0114	0.0054	0.0059	0.0000	0.0000	0.0000	0.0000	0.0000	0.0000	0.0000	0.0000	0.0000	0.0000	0.0000	0.0000	0.0000	0.0000	0.0000	0.0000	0.0000	0.0000				
65	116	0.1277	10	0	1	1	1	0	0	0	0	N	N	N	N	N	N	N	N	N	N	N	N	0.0000	0.0000	0.0000	0.0000	0.0000	0.0000	0.0000	0.0000	0.0000	0.0000	0.0000	0.0000	0.0000	0.0000	0.0000	0.0000	0.0000	0.0000	0.0000	0.0000	0.0000	0.0000	0.0000	0.0000	-0.0000	1.7946	0.9725	5.9592	0.9874	0.0000	0.0000	0.0000	0.0000	0.0000	0.0000	0.0000	0.0000	0.0000	0.0000	0.0000	0.0000	0.0000	0.0000	0.0000	0.0000	0.0000	0.0000	0.0138	0.0122	0.0016	0.0029	0.0028	0.0001	0.0109	0.0094	0.0015	0.0192	0.0120	0.0072	0.0046	0.0041	0.0005	0.0146	0.0079	0.0067	0.0000	0.0000	0.0000	0.0000	0.0000	0.0000	0.0000	0.0000	0.0000	0.0000	0.0000	0.0000	0.0000	0.0000	0.0000	0.0000	0.0000	0.0000						
65	117	0.1277	10	0	1	1	1	0	0	0	0	N	N	N	N	N	N	N	N	N	N	N	N	0.0000	0.0000	0.0000	0.0000	0.0000	0.0000	0.0000	0.0000	0.0000	0.0000	0.0000	0.0000	0.0000	0.0000	0.0000	0.0000	0.0000	0.0000	0.0000	0.0000	0.0000	0.0000	0.0000	0.0000	0.0000	0.2206	0.0000	-0.0000	1.7946	0.0285	5.9592	4.0215	0.0000	0.0000	0.0000	0.0000	0.0000	0.0000	0.0000	0.0000	0.0000	0.0000	0.0000	0.0000	0.0000	0.0000	0.0000	0.0000	0.0000	0.0000	0.0014	0.0013	0.0001	0.0006	0.0006	0.0000	0.0008	0.0007	0.0001	0.0380	0.0235	0.0146	0.0087	0.0078	0.0009	0.0293	0.0157	0.0136	0.0000	0.0000	0.0000	0.0000	0.0000	0.0000	0.0000	0.0000	0.0000	0.0000	0.0000	0.0000	0.0000	0.0000	0.0000	0.0000	0.0000	0.0000			
65	118	0.1202	9	0	1	1	1	0	0	0	0	N	N	N	N	N	N	N	N	N	N	N	N	0.0000	0.0000	0.0000	0.0000	0.0000	0.0000	0.0000	0.0000	0.0000	0.0000	0.0000	0.0000	0.0000	0.0000	0.0000	0.0000	0.0000	0.0000	0.0000	0.0000	0.0000	0.0000	0.0000	0.0000	0.0000	0.0000	-0.0000	1.7946	3.0275	5.9592	2.1573	0.0000	0.0000	0.0000	0.0000	0.0000	0.0000	0.0000	0.0000	0.0000	0.0000	0.0000	0.0000	0.0000	0.0000	0.0000	0.0000	0.0000	0.0000	0.0386	0.0337	0.0049	0.0063	0.0060	0.0003	0.0323	0.0278	0.0046	0.0517	0.0312	0.0205	0.0117	0.0106	0.0010	0.0400	0.0205	0.0195	0.0000	0.0000	0.0000	0.0000	0.0000	0.0000	0.0000	0.0000	0.0000	0.0000	0.0000	0.0000	0.0000	0.0000	0.0000	0.0000	0.0000	0.0000				
65	119	0.1614	9	1	2	0	0	0	0	0	0	N	Y	N	N	N	N	N	N	N	N	N	N	0.0179	inf	0.0000	0.0432	inf	0.0000	0.0166	inf	0.0000	0.0000	0.0000	0.0000	0.0000	0.0000	0.0000	0.0000	0.0000	0.0000	0.0008	0.0000	0.0021	0.0001	0.0000	0.0021	0.0010	0.0000	0.0021	0.0000	inf	-0.0000	0.0000	1.7946	2.1883	5.9592	3.1271	0.0000	0.0000	0.0000	0.0000	0.0000	0.0000	0.0000	0.0000	0.0000	0.0000	0.0000	0.0000	0.0000	0.0000	0.0000	0.0000	0.0000	0.0000	0.0343	0.0305	0.0037	0.0081	0.0079	0.0003	0.0261	0.0227	0.0034	0.0561	0.0348	0.0213	0.0142	0.0134	0.0008	0.0419	0.0214	0.0204	0.0179	inf	0.0000	0.0432	inf	0.0000	0.0166	inf	0.0000	0.0008	0.0000	0.0021	0.0001	0.0000	0.0021	0.0010	0.0000	0.0021
65	120	0.0945	8	1	2	0	0	0	0	0	0	N	Y	N	N	N	N	N	N	N	N	N	N	229.1440	155.7679	0.0000	2.9941	2.9468	0.0000	12305.8009	inf	0.0000	0.0401	0.0457	0.0000	0.0033	0.0035	0.0000	0.0471	0.0546	0.0000	0.0002	0.0003	0.0000	0.0011	0.0012	0.0001	0.0000	0.0000	0.0000	0.0000	0.0245	-0.0028	-0.0000	1.7946	13.6104	5.9592	16.0982	0.0074	0.0074	0.0000	0.0001	0.0001	0.0000	0.0073	0.0073	0.0000	0.0000	0.0000	0.0000	0.0000	0.0000	0.0000	0.0000	0.0000	0.0000	0.1842	0.1617	0.0224	0.0293	0.0282	0.0011	0.1549	0.1335	0.0214	0.2570	0.1498	0.1073	0.0396	0.0373	0.0023	0.2174	0.1124	0.1050	229.1440	155.7679	0.0000	2.9941	2.9468	0.0000	12305.8009	inf	0.0000	0.0002	0.0003	0.0000	0.0011	0.0012	0.0001	0.0000	0.0000	0.0000
65	121	0.0990	8	0	2	0	0	0	0	0	0	N	Y	N	N	N	N	N	N	N	N	N	N	0.1117	0.0461	12.6641	0.0488	0.0473	0.2170	25.9678	77.2087	0.0002	0.0001	0.0008	0.0002	0.0002	0.0003	0.0001	0.0000	0.0008	0.0015	0.0021	0.0001	0.0046	0.0047	0.0014	0.0000	0.0000	0.0000	0.8527	0.0138	0.0000	-0.0001	1.7946	0.3548	5.9592	4.6068	0.0000	0.0000	0.0000	0.0000	0.0000	0.0000	0.0000	0.0000	0.0000	0.0001	0.0001	0.0000	0.0001	0.0001	0.0000	0.0000	0.0000	0.0000	0.0155	0.0140	0.0015	0.0062	0.0062	0.0001	0.0092	0.0078	0.0014	0.0813	0.0555	0.0258	0.0260	0.0251	0.0010	0.0553	0.0305	0.0248	0.1117	0.0461	12.6641	0.0488	0.0473	0.2170	25.9678	0.0000	77.2087	0.0015	0.0021	0.0001	0.0046	0.0047	0.0014	0.0000	0.0000	0.0000	
65	122	0.0842	7	0	2	0	0	0	0	0	0	N	Y	N	N	N	N	N	N	N	N	N	N	0.0938	0.0323	0.4593	0.1067	0.1040	0.2514	0.0924	0.0024	0.4687	0.0002	0.0000	0.0012	0.0002	0.0002	0.0001	0.0002	0.0000	0.0012	0.0018	0.0014	0.0025	0.0015	0.0015	0.0003	0.0019	0.0013	0.0025	3.4460	1.3257	0.0000	0.0000	1.7946	1.6911	5.9592	5.7022	0.0000	0.0000	0.0000	0.0000	0.0000	0.0000	0.0000	0.0000	0.0000	0.0001	0.0001	0.0001	0.0000	0.0000	0.0000	0.0001	0.0000	0.0001	0.0309	0.0273	0.0036	0.0074	0.0072	0.0001	0.0235	0.0201	0.0034	0.0763	0.0444	0.0319	0.0141	0.0135	0.0006	0.0622	0.0309	0.0313	0.0938	0.0323	0.4593	0.1067	0.1040	0.2514	0.0924	0.0024	0.4687	0.0018	0.0014	0.0025	0.0015	0.0015	0.0003	0.0019	0.0013	0.0025
65	124	0.1352	11	1	2	0	0	0	0	0	0	N	Y	N	N	N	N	N	N	N	N	N	N	0.0000	0.0000	0.0000	0.0000	0.0000	0.0000	0.0000	0.0000	0.0000	0.0000	0.0000	0.0000	0.0000	0.0000	0.0000	0.0000	0.0000	0.0000	0.0000	0.0000	1.7946	0.0000	5.9592	0.0000	0.0000	0.0000	0.0000	0.0000	0.0000	0.0000	0.0000	0.0000	0.0000	0.0000	0.0000	0.0000	0.0000	0.0000	0.0000	0.0000	0.0000	0.0000	0.0000	0.0000	0.0000	0.0000	0.0000	0.0000	0.0000	0.0000	0.0000	0.0000	0.0000	0.0000	0.0000	0.0000	0.0000	0.0000	0.0000	0.0000	0.0000	0.0000	0.0000	0.0000	0.0000	0.0000	0.0000	0.0000	0.0000	0.0000	0.0000	0.0000	0.0000	0.0000	0.0000	0.0000	0.0000	0.0000											
65	125	0.1306	10	1	2	0	0	0	0	0	0	N	Y	N	N	N	N	N	N	N	N	N	N	0.0000	0.0000	0.0000	0.0000	0.0000	0.0000	0.0000	0.0000	0.0000	0.0000	0.0000	0.0000	0.0000	0.0000	0.0000	0.0000	0.0000	0.0134	0.0216	0.0000	0.0527	0.0575	0.0000	0.0000	0.0000	0.0000	0.0000	0.0000	-0.0002	1.7946	0.1434	5.9592	1.9839	0.0000	0.0000	0.0000	0.0000	0.0000	0.0000	0.0000	0.0000	0.0000	0.0003	0.0003	0.0000	0.0003	0.0003	0.0000	0.0000	0.0000	0.0000	0.0040	0.0036	0.0004	0.0016	0.0016	0.0001	0.0024	0.0021	0.0003	0.0211	0.0131	0.0080	0.0054	0.0049	0.0005	0.0157	0.0082	0.0075	0.0000	0.0000	0.0000	0.0000	0.0000	0.0000	0.0000	0.0000	0.0000	0.0134	0.0216	0.0000	0.0527	0.0575	0.0000	0.0000	0.0000	0.0000		
65	126	0.1202	9	0	2	0	0	0	0	0	0	N	Y	N	N	N	N	N	N	N	N	N	N	0.0000	0.0000	0.0000	0.0000	0.0000	0.0000	0.0000	0.0000	0.0000	0.0000	0.0000	0.0000	0.0000	0.0000	0.0000	0.0000	0.0000	0.0219	0.0003	0.0547	0.0007	0.0008	0.0000	0.0281	0.0000	0.0576	127.5766	0.0000	0.0005	1.7946	1.8882	5.9592	2.9115	0.0000	0.0000	0.0000	0.0000	0.0000	0.0000	0.0000	0.0000	0.0000	0.0011	0.0000	0.0010	0.0000	0.0000	0.0000	0.0010	0.0000	0.0010	0.0242	0.0212	0.0030	0.0039	0.0037	0.0002	0.0203	0.0174	0.0029	0.0482	0.0291	0.0191	0.0110	0.0100	0.0010	0.0372	0.0191	0.0182	0.0000	0.0000	0.0000	0.0000	0.0000	0.0000	0.0000	0.0000	0.0000	0.0219	0.0003	0.0547	0.0007	0.0008	0.0000	0.0281	0.0000	0.0576		
65	127	0.0945	8	0	1	0	0	0	0	0	0	N	N	N	N	N	N	N	N	N	N	N	N	0.0007	0.0000	22.9427	0.0000	0.0000	2.4915	5.6440	0.0000	24.1587	0.0000	0.0000	0.0003	0.0000	0.0000	0.0001	0.0000	0.0000	0.0003	0.0458	0.0786	0.0000	0.2687	0.2825	0.0000	0.0000	0.0000	0.0000	inf	0.0001	0.0000	-0.0030	1.7946	3.5543	5.9592	9.0319	0.0000	0.0000	0.0000	0.0000	0.0000	0.0000	0.0000	0.0000	0.0000	0.0056	0.0056	0.0000	0.0056	0.0056	0.0000	0.0000	0.0000	0.0000	0.0635	0.0565	0.0070	0.0146	0.0143	0.0003	0.0489	0.0423	0.0067	0.1222	0.0711	0.0510	0.0208	0.0198	0.0010	0.1013	0.0513	0.0500	0.0007	0.0000	22.9427	0.0000	0.0000	2.4915	5.6440	0.0000	24.1587	0.0458	0.0786	0.0000	0.2687	0.2825	0.0000	0.0000	0.0000	0.0000
66	68	0.1980	18	0	1	1	0	0	0	0	0	N	N	N	N	N	N	N	N	N	N	N	N	0.0000	0.0000	0.0000	0.0000	0.0000	0.0000	0.0000	0.0000	0.0000	0.0000	0.0000	0.0000	0.0000	0.0000	0.0000	0.0000	0.0000	0.0000	0.9289	1.5219	0.0463	3.7487	3.9570	0.0001	0.0261	0.0018	0.0501	0.0204	0.0000	-0.0072	1.3569	0.0000	2.0560	4.0001	0.0000	0.0000	0.0000	0.0000	0.0000	0.0000	0.0000	0.0000	0.0000	0.0138	0.0135	0.0003	0.0135	0.0135	0.0000	0.0003	0.0000	0.0003	0.0000	0.0000	0.0000	0.0000	0.0000	0.0000	0.0000	0.0000	0.0000	0.0148	0.0089	0.0060	0.0039	0.0034	0.0005	0.0110	0.0055	0.0055	0.0000	0.0000	0.0000	0.0000	0.0000	0.0000	0.0000	0.0000	0.0000	0.9289	1.5219	0.0463	3.4915	3.9570	0.0001	0.0261	0.0018	0.0501	
66	69	0.1757	17	0	1	0	0	0	0	0	0	N	N	N	N	N	N	N	N	N	N	N	N	0.0198	0.0069	1.1044	0.0109	0.0106	0.0026	0.0665	0.0000	1.1841	0.0020	0.0011	0.0083	0.0033	0.0034	0.0000	0.0014	0.0000	0.0092	0.0987	0.1594	0.0075	0.2989	0.3194	0.0025	0.0209	0.0357	0.0078	1.0018	0.0314	0.0000	-0.0028	1.3569	2.8240	2.0560	8.9883	0.0001	0.0000	0.0000	0.0000	0.0000	0.0000	0.0000	0.0000	0.0000	0.0054	0.0052	0.0002	0.0046	0.0045	0.0000	0.0008	0.0007	0.0002	0.0390	0.0344	0.0046	0.0116	0.0112	0.0004	0.0274	0.0232	0.0041	0.0544	0.0327	0.0217	0.0152	0.0142	0.0010	0.0392	0.0184	0.0208	0.0198	0.0069	1.1044	0.0109	0.0106	0.0026	0.0665	0.0000	1.1841	0.0987	0.1594	0.0075	0.2989	0.3194	0.0025	0.0209	0.0357	0.0078
66	70	0.1668	16	0	1	0	0	0	0	0	0	N	N	N	N	N	N	N	N	N	N	N	N	0.4751	0.2827	1.6347	0.6411	0.6796	0.0113	0.4801	0.0018	1.8029	0.0055	0.0028	0.0235	0.0118	0.0123	0.0003	0.0038	0.0000	0.0249	0.0115	0.0099	0.0144	0.0185	0.0181	0.0288	0.0079	0.0016	0.0138	1.2353	0.7964	0.0000	-0.0000	1.3569	1.4521	2.0560	3.5882	0.0001	0.0000	0.0000	0.0000	0.0000	0.0000	0.0000	0.0000	0.0000	0.0004	0.0002	0.0002	0.0002	0.0002	0.0000	0.0002	0.0000	0.0002	0.0160	0.0140	0.0021	0.0033	0.0032	0.0001	0.0127	0.0108	0.0019	0.0321	0.0207	0.0114	0.0109	0.0105	0.0004	0.0212	0.0102	0.0110	0.4751	0.2827	1.6347	0.6411	0.6796	0.0113	0.4801	0.0018	1.8029	0.0115	0.0099	0.0144	0.0185	0.0181	0.0288	0.0079	0.0016	0.0138
66	71	0.1640	15	0	1	0	0	0	0	0	0	N	N	N	N	N	N	N	N	N	N	N	N	37.8086	0.7158	269.5964	1.3897	1.5179	0.0540	68.5818	0.4392	319.2472	0.2172	0.0039	1.6846	0.0116	0.0119	0.0014	0.2805	0.0011	1.7733	0.0057	0.0055	0.0062	0.0084	0.0078	0.0254	0.0041	0.0025	0.0056	62.1944	0.5537	0.0020	-0.0000	1.3569	1.1783	2.0560	0.9542	0.0033	0.0001	0.0032	0.0000	0.0000	0.0000	0.0032	0.0000	0.0032	0.0001	0.0001	0.0000	0.0001	0.0001	0.0000	0.0000	0.0000	0.0000	0.0150	0.0131	0.0019	0.0035	0.0034	0.0001	0.0115	0.0096	0.0018	0.0187	0.0126	0.0061	0.0073	0.0070	0.0002	0.0114	0.0055	0.0059	37.8086	0.7158	269.5964	1.3897	1.5179	0.0540	68.5818	0.4392	319.2472	0.0057	0.0055	0.0062	0.0084	0.0078	0.0254	0.0041	0.0025	0.0056
66	72	0.1594	14	0	1	0	0	0	0	0	0	N	N	N	N	N	N	N	N	N	N	N	N	16.3375	15.0138	10.8388	40.1124	42.3515	5.5472	1.9642	0.0103	11.7512	0.0585	0.0632	0.0266	0.2713	0.2796	0.0565	0.0038	0.0000	0.0247	0.0036	0.0042	0.0025	0.0068	0.0066	0.0102	0.0019	0.0017	0.0021	0.0618	0.3243	-0.0004	-0.0000	1.3569	2.0762	2.0560	1.4610	0.0014	0.0013	0.0001	0.0013	0.0013	0.0000	0.0001	0.0000	0.0001	0.0001	0.0001	0.0000	0.0001	0.0000	0.0000	0.0000	0.0000	0.0000	0.0232	0.0202	0.0030	0.0048	0.0046	0.0002	0.0185	0.0157	0.0028	0.0224	0.0144	0.0080	0.0077	0.0074	0.0003	0.0147	0.0070	0.0077	16.3375	15.0138	10.8388	40.1124	42.3515	5.5472	1.9642	0.0103	11.7512	0.0036	0.0042	0.0025	0.0068	0.0066	0.0102	0.0019	0.0017	0.0021
66	73	0.0952	10	0	1	0	0	0	0	0	0	N	N	N	N	N	N	N	N	N	N	N	N	0.2339	0.2095	0.0000	0.2270	0.2203	0.0000	0.0000	0.0000	0.0000	0.0079	0.0089	0.0000	0.0365	0.0378	0.0000	0.0000	0.0000	0.0000	0.0336	0.0426	0.0220	0.1607	0.1714	0.0233	0.0125	0.0030	0.0220	0.0000	0.4032	-0.0001	-0.0007	1.3569	4.0673	2.0560	17.8409	0.0004	0.0004	0.0000	0.0004	0.0004	0.0000	0.0000	0.0000	0.0000	0.0028	0.0020	0.0008	0.0019	0.0019	0.0000	0.0009	0.0001	0.0008	0.0497	0.0437	0.0060	0.0107	0.0103	0.0004	0.0390	0.0334	0.0056	0.0843	0.0474	0.0369	0.0120	0.0111	0.0009	0.0723	0.0362	0.0361	0.2339	0.2095	0.0000	0.2270	0.2203	0.0000	0.0000	0.0000	0.0000	0.0336	0.0426	0.0220	0.1607	0.1714	0.0233	0.0125	0.0030	0.0220
66	75	0.2319	14	0	1	0	0	0	0	0	0	N	N	N	N	N	N	N	N	N	N	N	N	0.1806	0.1266	2.0648	0.3455	0.3154	29.1858	0.0323	0.0019	1.4153	0.0295	0.0295	0.0291	0.0795	0.0797	0.0753	0.0036	0.0004	0.0223	0.1632	0.2330	0.0141	0.2301	0.2526	0.0026	0.1113	0.2056	0.0157	0.1235	0.0284	-0.0005	-0.0258	1.3569	3.5843	2.0560	46.7516	0.0019	0.0017	0.0002	0.0018	0.0017	0.0001	0.0002	0.0000	0.0001	0.0500	0.0487	0.0014	0.0308	0.0308	0.0000	0.0192	0.0179	0.0014	0.0656	0.0583	0.0073	0.0224	0.0214	0.0009	0.0432	0.0369	0.0063	0.3067	0.2088	0.0979	0.1339	0.1218	0.0121	0.1728	0.0870	0.0858	0.1806	0.1266	2.0648	0.3455	0.3154	29.1858	0.0323	0.0019	1.4153	0.1632	0.2330	0.0141	0.2301	0.2526	0.0026	0.1113	0.2056	0.0157
66	76	0.0965	10	1	2	1	0	0	0	0	0	N	Y	N	N	N	N	N	N	N	N	N	N	0.0000	0.0000	0.0000	0.0000	0.0000	0.0000	0.0000	0.0000	0.0000	0.0000	0.0000	0.0000	0.0000	0.0000	0.0000	0.0000	0.0000	0.0127	0.0005	0.0272	0.0019	0.0020	0.0000	0.0146	0.0000	0.0280	44.7610	0.0000	0.0000	1.3569	1.0003	2.0560	1.0071	0.0000	0.0000	0.0000	0.0000	0.0000	0.0000	0.0000	0.0000	0.0000	0.0001	0.0000	0.0001	0.0000	0.0000	0.0000	0.0001	0.0000	0.0001	0.0106	0.0093	0.0013	0.0019	0.0018	0.0001	0.0087	0.0075	0.0013	0.0080	0.0043	0.0036	0.0012	0.0011	0.0001	0.0068	0.0033	0.0035	0.0000	0.0000	0.0000	0.0000	0.0000	0.0000	0.0000	0.0000	0.0000	0.0127	0.0005	0.0272	0.0019	0.0020	0.0000	0.0146	0.0000	0.0280		
66	77	0.0897	9	1	1	1	0	0	0	0	0	N	N	N	N	N	N	N	N	N	N	N	N	0.0000	0.0000	0.0000	0.0001	0.0000	44.4118	0.0000	0.0000	0.0000	0.0000	0.0000	0.0000	0.0000	0.0000	0.0005	0.0000	0.0000	0.0000	2.1731	0.0687	7.0872	0.1432	0.1453	0.0000	3.1802	0.0016	7.2022	inf	44.1921	0.0000	0.0266	1.3569	0.9901	2.0560	2.2068	0.0000	0.0000	0.0000	0.0000	0.0000	0.0000	0.0000	0.0000	0.0000	0.0610	0.0014	0.0597	0.0013	0.0013	0.0000	0.0597	0.0000	0.0597	0.0107	0.0093	0.0013	0.0019	0.0019	0.0001	0.0087	0.0075	0.0013	0.0281	0.0197	0.0084	0.0093	0.0092	0.0001	0.0188	0.0105	0.0083	0.0000	0.0000	0.0000	0.0001	0.0000	44.4118	0.0000	0.0000	0.0000	2.1731	0.0687	7.0872	0.1432	0.1453	0.0000	3.1802	0.0016	7.2022
66	78	0.1128	11	0	2	0	0	0	0	0	0	N	Y	N	N	N	N	N	N	N	N	N	N	163.3204	1.0216	565.1858	5.1301	2.3688	65.3433	167.2130	0.0023	589.0896	9.5112	0.0033	79.9544	0.0310	0.0143	0.4236	12.0825	0.0000	86.2694	0.0582	0.0032	0.1415	0.0061	0.0060	0.0065	0.0723	0.0019	0.1464	3255.3576	28.8042	0.6053	0.0026	1.3569	8.4371	2.0560	15.3349	0.9785	0.0003	0.9782	0.0007	0.0003	0.0004	0.9778	0.0000	0.9778	0.0060	0.0002	0.0058	0.0001	0.0001	0.0000	0.0059	0.0001	0.0058	0.1029	0.0906	0.0122	0.0220	0.0211	0.0009	0.0809	0.0696	0.0113	0.1038	0.0625	0.0413	0.0220	0.0205	0.0015	0.0818	0.0420	0.0398	163.3204	1.0216	565.1858	5.1301	2.3688	65.3433	167.2130	0.0023	589.0896	0.0582	0.0032	0.1415	0.0061	0.0060	0.0065	0.0723	0.0019	0.1464
66	79	0.0897	9	1	1	1	0	0	0	0	0	N	N	N	N	N	N	N	N	N	N	N	N	0.0835	2.5012	0.0000	5.0366	5.0606	0.0009	0.2974	0.0000	0.1047	0.1195	0.0000	0.5802	0.6014	0.0000	0.0015	0.0018	0.0000	1.2536	0.0478	3.3205	0.1152	0.1188	0.0000	1.6157	0.0060	3.3884	0.0000	40.5278	-0.0013	0.0265	1.3569	3.0096	2.0560	5.7427	0.0033	0.0033	0.0000	0.0033	0.0033	0.0000	0.0000	0.0000	0.0000	0.0613	0.0015	0.0598	0.0014	0.0014	0.0000	0.0599	0.0001	0.0598	0.0318	0.0279	0.0040	0.0057	0.0055	0.0002	0.0261	0.0224	0.0038	0.0489	0.0309	0.0180	0.0118	0.0114	0.0004	0.0371	0.0194	0.0176	0.0835	2.5012	0.0000	5.0366	5.0606	0.0000	0.0009	0.2974	0.0000	1.2536	0.0478	3.3205	0.1152	0.1188	0.0000	1.6157	0.0060	3.3884	
66	80	0.0741	8	1	1	1	0	0	0	0	0	N	N	N	N	N	N	N	N	N	N	N	N	0.0197	0.0048	0.0691	0.0050	0.0048	0.0418	0.0213	0.0788	0.0712	0.0080	0.0001	0.0625	0.0004	0.0004	0.0005	0.0099	0.0000	0.0654	0.4037	0.0214	0.9044	0.0780	0.0812	0.0114	0.4636	0.0003	0.9192	88.1192	32.2420	0.0001	0.0055	1.3569	1.0477	2.0560	6.1154	0.0001	0.0000	0.0001	0.0000	0.0000	0.0000	0.0001	0.0000	0.0001	0.0129	0.0004	0.0125	0.0004	0.0004	0.0000	0.0125	0.0000	0.0125	0.0120	0.0105	0.0015	0.0024	0.0023	0.0001	0.0096	0.0082	0.0015	0.0320	0.0182	0.0139	0.0050	0.0047	0.0002	0.0270	0.0134	0.0136	0.0197	0.0048	0.0691	0.0050	0.0048	0.0418	0.0213	0.0788	0.0712	0.4037	0.0214	0.9044	0.0780	0.0812	0.0114	0.4636	0.0003	0.9192
66	81	0.0676	7	0	1	0	0	0	0	0	0	N	N	N	N	N	N	N	N	N	N	N	N	9.3648	1.0788	35.3476	0.6453	1.4821	0.0000	10.8300	0.5580	38.6943	0.2608	0.0032	2.0497	0.0134	0.0138	0.0000	0.3131	0.0007	2.1558	0.0278	0.0030	0.0580	0.0207	0.0093	0.1632	0.0289	0.0012	0.0557	92.3905	16.1681	0.0034	0.0001	1.3569	1.9794	2.0560	1.0196	0.0056	0.0001	0.0055	0.0000	0.0000	0.0000	0.0055	0.0000	0.0055	0.0003	0.0000	0.0003	0.0000	0.0000	0.0000	0.0003	0.0000	0.0003	0.0214	0.0187	0.0027	0.0037	0.0036	0.0001	0.0176	0.0151	0.0026	0.0121	0.0066	0.0055	0.0016	0.0014	0.0001	0.0105	0.0052	0.0053	9.3648	1.0788	35.3476	0.6453	1.4821	0.0000	10.8300	0.5580	38.6943	0.0278	0.0030	0.0580	0.0207	0.0093	0.1632	0.0289	0.0012	0.0557
66	82	0.0655	6	0	1	0	0	0	0	0	0	N	N	N	N	N	N	N	N	N	N	N	N	5.8050	3.5151	21.3359	4.6921	4.8409	0.0000	6.4908	1.2132	23.4143	0.0014	0.0008	0.0056	0.0043	0.0045	0.0000	0.0009	0.0000	0.0058	0.0002	0.0002	0.0003	0.0009	0.0009	0.0009	0.0001	0.0000	0.0002	1.0389	0.9588	0.0000	-0.0000	1.3569	1.0114	2.0560	0.0202	0.0000	0.0000	0.0000	0.0000	0.0000	0.0000	0.0000	0.0000	0.0000	0.0000	0.0000	0.0000	0.0000	0.0000	0.0000	0.0000	0.0000	0.0000	0.0110	0.0096	0.0014	0.0017	0.0017	0.0001	0.0092	0.0079	0.0013	0.0044	0.0024	0.0020	0.0006	0.0006	0.0000	0.0038	0.0018	0.0019	5.8050	3.5151	21.3359	4.6921	4.8409	0.0000	6.4908	1.2132	23.4143	0.0002	0.0002	0.0003	0.0009	0.0009	0.0009	0.0001	0.0000	0.0002
66	83	0.0449	5	0	1	0	0	0	0	0	0	N	N	N	N	N	N	N	N	N	N	N	N	1.0172	0.6427	2.7961	0.3657	0.3548	3.1756	29.9602	260.6836	2.7613	0.0098	0.0110	0.0012	0.0223	0.0229	0.0020	0.0074	0.0085	0.0012	0.0096	0.0171	0.0004	0.0610	0.0644	0.0006	0.0002	0.0000	0.0004	0.0168	0.0215	-0.0002	-0.0002	1.3569	5.9223	2.0560	3.6882	0.0007	0.0006	0.0000	0.0002	0.0002	0.0000	0.0004	0.0004	0.0000	0.0004	0.0004	0.0000	0.0004	0.0004	0.0000	0.0000	0.0000	0.0000	0.0668	0.0581	0.0086	0.0104	0.0102	0.0003	0.0563	0.0480	0.0084	0.0435	0.0238	0.0197	0.0067	0.0063	0.0004	0.0368	0.0175	0.0193	1.0172	0.6427	2.7961	0.3657	0.3548	3.1756	29.9602	260.6836	2.7613	0.0096	0.0171	0.0004	0.0610	0.0644	0.0006	0.0002	0.0000	0.0004
66	84	0.1326	13	0	2	0	0	0	0	0	0	N	Y	N	N	N	N	N	N	N	N	N	N	0.1775	0.1270	0.0000	0.2500	0.2421	0.0000	0.0015	0.0077	0.0000	0.0055	0.0063	0.0000	0.0307	0.0323	0.0000	0.0000	0.0000	0.0000	0.0311	0.0496	0.0027	0.1226	0.1336	0.0030	0.0015	0.0004	0.0027	0.0000	0.0362	-0.0002	-0.0024	1.3569	7.1084	2.0560	28.8937	0.0004	0.0004	0.0000	0.0004	0.0004	0.0000	0.0000	0.0000	0.0000	0.0047	0.0045	0.0002	0.0045	0.0045	0.0000	0.0002	0.0000	0.0002	0.0782	0.0684	0.0098	0.0140	0.0133	0.0007	0.0641	0.0551	0.0091	0.1502	0.0907	0.0595	0.0366	0.0335	0.0031	0.1136	0.0572	0.0564	0.1775	0.1270	0.0000	0.2500	0.2421	0.0000	0.0015	0.0077	0.0000	0.0311	0.0496	0.0027	0.1226	0.1336	0.0030	0.0015	0.0004	0.0027
66	85	0.1251	12	0	2	0	0	0	0	0	0	N	Y	N	N	N	N	N	N	N	N	N	N	0.3636	0.5278	0.0458	0.6644	0.6652	3.4618	0.0018	0.3050	0.0002	0.0102	0.0111	0.0019	0.0275	0.0284	0.0104	0.0000	0.0000	0.0000	0.0279	0.0211	0.0414	0.0413	0.0427	0.0030	0.0211	0.0001	0.0427	0.0203	0.9959	-0.0001	-0.0001	1.3569	2.2208	2.0560	3.9129	0.0004	0.0004	0.0000	0.0004	0.0004	0.0000	0.0000	0.0000	0.0000	0.0013	0.0007	0.0007	0.0007	0.0007	0.0000	0.0007	0.0000	0.0007	0.0398	0.0355	0.0042	0.0147	0.0139	0.0008	0.0251	0.0216	0.0035	0.0479	0.0317	0.0161	0.0162	0.0156	0.0006	0.0317	0.0161	0.0156	0.3636	0.5278	0.0458	0.6644	0.6652	3.4618	0.0018	0.3050	0.0002	0.0279	0.0211	0.0414	0.0413	0.0427	0.0030	0.0211	0.0001	0.0427
66	86	0.2006	14	0	1	1	0	0	0	0	0	N	N	N	N	N	N	N	N	N	N	N	N	45.0437	35.9142	19.0558	63.3008	61.1183	107.2646	0.5695	14.7020	2.0780	0.0541	0.0601	0.0098	0.2759	0.2828	0.1244	0.0001	0.0000	0.0010	0.0012	0.0017	0.0005	0.0044	0.0046	0.0012	0.0002	0.0000	0.0005	0.0221	0.2109	-0.0012	-0.0000	1.3569	5.3425	2.0560	7.0749	0.0034	0.0034	0.0001	0.0034	0.0034	0.0001	0.0000	0.0000	0.0000	0.0001	0.0001	0.0000	0.0001	0.0001	0.0000	0.0000	0.0000	0.0000	0.0637	0.0561	0.0076	0.0125	0.0119	0.0005	0.0513	0.0442	0.0071	0.0556	0.0329	0.0227	0.0129	0.0119	0.0010	0.0427	0.0210	0.0217	45.0437	35.9142	19.0558	63.3008	61.1183	107.2646	0.5695	14.7020	2.0780	0.0012	0.0017	0.0005	0.0044	0.0046	0.0012	0.0002	0.0000	0.0005
66	87	0.1575	13	0	1	0	0	0	0	0	0	N	N	N	N	N	N	N	N	N	N	N	N	10.9382	3.5472	102.5006	11.0560	0.2645	480.1691	17.9235	1707.6333	1.3535	0.1018	0.0403	0.5770	0.2594	0.0065	4.8740	0.0470	0.0532	0.0072	0.0093	0.0114	0.0056	0.0235	0.0246	0.0102	0.0026	0.0000	0.0053	1.8513	0.2774	0.0026	-0.0004	1.3569	7.0719	2.0560	13.7350	0.0098	0.0034	0.0064	0.0065	0.0002	0.0063	0.0034	0.0033	0.0001	0.0011	0.0009	0.0002	0.0009	0.0009	0.0000	0.0002	0.0000	0.0002	0.0966	0.0856	0.0111	0.0249	0.0236	0.0013	0.0717	0.0619	0.0098	0.1222	0.0783	0.0439	0.0392	0.0362	0.0030	0.0830	0.0422	0.0408	10.9382	3.5472	102.5006	11.0560	0.2645	480.1691	17.9235	1707.6333	1.3535	0.0093	0.0114	0.0056	0.0235	0.0246	0.0102	0.0026	0.0000	0.0053
66	88	0.0506	5	1	1	1	0	0	0	0	0	N	N	N	N	N	N	N	N	N	N	N	N	0.0000	0.0000	0.0000	0.0000	0.0000	0.0000	0.0000	0.0000	0.0000	0.0000	0.0000	0.0000	0.0000	0.0000	0.0000	0.0000	0.0000	0.0000	0.0000	0.0000	1.3569	0.0000	2.0560	0.0000	0.0000	0.0000	0.0000	0.0000	0.0000	0.0000	0.0000	0.0000	0.0000	0.0000	0.0000	0.0000	0.0000	0.0000	0.0000	0.0000	0.0000	0.0000	0.0000	0.0000	0.0000	0.0000	0.0000	0.0000	0.0000	0.0000	0.0000	0.0000	0.0000	0.0000	0.0000	0.0000	0.0000	0.0000	0.0000	0.0000	0.0000	0.0000	0.0000	0.0000	0.0000	0.0000	0.0000	0.0000	0.0000	0.0000	0.0000	0.0000	0.0000	0.0000	0.0000	0.0000	0.0000	0.0000											
66	89	0.0487	4	1	1	1	0	0	0	0	0	N	N	N	N	N	N	N	N	N	N	N	N	0.0096	0.2936	0.0000	0.2538	0.4262	0.0000	0.0000	0.0000	0.0000	0.0103	0.0115	0.0000	0.0269	0.0270	0.0000	0.0000	0.0000	0.0000	1.0808	0.0393	2.5397	0.1058	0.0633	8.3545	1.6460	0.0000	2.5300	0.0078	46.1003	-0.0000	0.0054	1.3569	0.0001	2.0560	0.9161	0.0000	0.0000	0.0000	0.0000	0.0000	0.0000	0.0000	0.0000	0.0000	0.0125	0.0003	0.0122	0.0004	0.0003	0.0002	0.0120	0.0000	0.0120	0.0000	0.0000	0.0000	0.0000	0.0000	0.0000	0.0000	0.0000	0.0000	0.0115	0.0067	0.0048	0.0042	0.0042	0.0001	0.0073	0.0026	0.0047	0.0096	0.2936	0.0000	0.2538	0.4262	0.0000	0.0000	0.0000	0.0000	1.0808	0.0393	2.5397	0.1058	0.0633	3.3840	1.6460	0.0000	2.5300
66	90	0.0239	3	1	1	1	0	0	0	0	0	N	N	N	N	N	N	N	N	N	N	N	N	0.6671	0.8388	0.0364	0.9472	0.9750	0.0016	0.0169	0.2564	0.0381	0.0309	0.0352	0.0019	0.2093	0.2168	0.0003	0.0005	0.0002	0.0019	0.0464	0.0420	0.0513	0.2210	0.2224	0.1623	0.0269	0.0008	0.0508	0.0078	1.0944	-0.0005	-0.0000	1.3569	3.7876	2.0560	7.8440	0.0013	0.0013	0.0000	0.0013	0.0013	0.0000	0.0000	0.0000	0.0000	0.0024	0.0012	0.0013	0.0012	0.0011	0.0000	0.0013	0.0000	0.0012	0.0429	0.0374	0.0055	0.0063	0.0060	0.0002	0.0366	0.0314	0.0053	0.0521	0.0275	0.0246	0.0052	0.0051	0.0001	0.0469	0.0224	0.0245	0.6671	0.8388	0.0364	0.9472	0.9750	0.0016	0.0169	0.2564	0.0381	0.0464	0.0420	0.0513	0.2210	0.2224	0.1623	0.0269	0.0008	0.0508
66	91	0.1057	11	0	2	0	1	0	0	0	0	N	Y	N	N	N	N	N	N	N	N	N	N	0.0001	0.0000	0.0024	0.0001	0.0000	0.4466	0.0001	0.0000	0.0004	0.0000	0.0000	0.0001	0.0001	0.0000	0.0010	0.0000	0.0000	0.0000	0.1924	0.3088	0.0298	0.9204	0.9822	0.0023	0.0174	0.0041	0.0307	1.2340	0.0692	0.0000	-0.0071	1.3569	1.8247	2.0560	16.3284	0.0000	0.0000	0.0000	0.0000	0.0000	0.0000	0.0000	0.0000	0.0000	0.0149	0.0139	0.0010	0.0138	0.0138	0.0000	0.0011	0.0001	0.0010	0.0259	0.0229	0.0030	0.0065	0.0064	0.0002	0.0194	0.0165	0.0028	0.0774	0.0451	0.0323	0.0150	0.0140	0.0009	0.0624	0.0310	0.0313	0.0001	0.0000	0.0024	0.0001	0.0000	0.4466	0.0001	0.0000	0.0004	0.1924	0.3088	0.0298	0.9204	0.9822	0.0023	0.0174	0.0041	0.0307
66	92	0.0952	10	0	2	0	0	0	0	0	0	N	Y	N	N	N	N	N	N	N	N	N	N	1099.4836	0.0792	164293.2119	0.5031	0.5215	0.0000	1419.0058	0.0000	346357.4022	9.6516	0.0012	78.3901	0.0055	0.0057	0.0000	11.9695	0.0000	83.7242	0.0088	0.0153	0.0005	0.0109	0.0109	0.0101	0.0084	0.0166	0.0002	9108.4184	0.0244	0.6053	-0.0004	1.3569	9.1310	2.0560	16.1726	0.9782	0.0001	0.9781	0.0001	0.0001	0.0000	0.9781	0.0000	0.9781	0.0008	0.0008	0.0000	0.0001	0.0001	0.0000	0.0007	0.0007	0.0000	0.1013	0.0889	0.0125	0.0196	0.0188	0.0008	0.0817	0.0700	0.0117	0.0957	0.0537	0.0419	0.0135	0.0125	0.0010	0.0822	0.0412	0.0409	1099.4836	0.0792	164293.2119	0.5031	0.5215	0.0000	1419.0058	0.0000	346357.4022	0.0088	0.0153	0.0005	0.0109	0.0109	0.0101	0.0084	0.0166	0.0002
66	93	0.1802	16	0	2	0	0	0	0	0	0	N	Y	N	N	N	N	N	N	N	N	N	N	0.3524	0.2594	0.0000	0.6685	0.6251	0.0000	0.0003	0.0004	0.0000	0.0083	0.0095	0.0000	0.0436	0.0452	0.0000	0.0000	0.0000	0.0000	0.0236	0.0368	0.0018	0.0652	0.0723	0.0001	0.0020	0.0021	0.0020	0.0000	0.0303	-0.0001	-0.0008	1.3569	4.0959	2.0560	8.7137	0.0004	0.0004	0.0000	0.0004	0.0004	0.0000	0.0000	0.0000	0.0000	0.0015	0.0014	0.0000	0.0014	0.0014	0.0000	0.0001	0.0000	0.0000	0.0468	0.0408	0.0060	0.0089	0.0086	0.0003	0.0379	0.0322	0.0057	0.0627	0.0390	0.0237	0.0214	0.0193	0.0021	0.0413	0.0197	0.0216	0.3524	0.2594	0.0000	0.6685	0.6251	0.0000	0.0003	0.0004	0.0000	0.0236	0.0368	0.0018	0.0652	0.0723	0.0001	0.0020	0.0021	0.0020
66	94	0.1619	15	0	2	0	0	0	0	0	0	N	Y	N	N	N	N	N	N	N	N	N	N	0.0019	0.0013	0.0000	0.0291	0.0293	0.0000	0.0000	0.0000	0.0000	0.0000	0.0000	0.0000	0.0001	0.0001	0.0000	0.0000	0.0000	0.0000	0.0125	0.0201	0.0007	0.0035	0.0036	0.0025	0.0164	0.0340	0.0006	0.0000	0.0219	-0.0000	-0.0003	1.3569	2.9443	2.0560	6.1524	0.0000	0.0000	0.0000	0.0000	0.0000	0.0000	0.0000	0.0000	0.0000	0.0005	0.0005	0.0000	0.0000	0.0000	0.0000	0.0005	0.0004	0.0000	0.0354	0.0308	0.0046	0.0081	0.0078	0.0003	0.0273	0.0229	0.0044	0.0395	0.0241	0.0155	0.0119	0.0110	0.0010	0.0276	0.0131	0.0145	0.0019	0.0013	0.0000	0.0291	0.0293	0.0000	0.0000	0.0000	0.0000	0.0125	0.0201	0.0007	0.0035	0.0036	0.0025	0.0164	0.0340	0.0006
66	95	0.1594	14	0	1	0	0	0	0	0	0	N	N	N	N	N	N	N	N	N	N	N	N	0.0069	0.0079	0.0000	0.0122	0.0131	0.0000	0.0054	0.0062	0.0000	0.0000	0.0000	0.0000	0.0000	0.0000	0.0000	0.0000	0.0000	0.0000	0.0028	0.0028	0.0028	0.0029	0.0028	0.0065	0.0027	0.0027	0.0027	0.0041	0.5084	-0.0000	-0.0000	1.3569	0.8596	2.0560	1.2300	0.0000	0.0000	0.0000	0.0000	0.0000	0.0000	0.0000	0.0000	0.0000	0.0000	0.0000	0.0000	0.0000	0.0000	0.0000	0.0000	0.0000	0.0000	0.0102	0.0089	0.0013	0.0022	0.0022	0.0001	0.0080	0.0067	0.0012	0.0169	0.0113	0.0057	0.0064	0.0062	0.0002	0.0105	0.0051	0.0055	0.0069	0.0079	0.0000	0.0122	0.0131	0.0000	0.0054	0.0062	0.0000	0.0028	0.0028	0.0028	0.0029	0.0028	0.0065	0.0027	0.0027	0.0027
66	96	0.1476	13	0	1	0	0	0	0	0	0	N	N	N	N	N	N	N	N	N	N	N	N	0.0550	0.0361	0.1882	0.4918	0.0784	19.2717	0.0029	0.0000	0.0123	0.0013	0.0002	0.0093	0.0042	0.0007	0.0845	0.0001	0.0000	0.0006	0.0230	0.0058	0.0496	0.0086	0.0087	0.0044	0.0314	0.0017	0.0511	5.7894	5.4919	0.0000	0.0003	1.3569	3.7737	2.0560	2.5241	0.0001	0.0000	0.0001	0.0001	0.0000	0.0001	0.0000	0.0000	0.0000	0.0011	0.0002	0.0009	0.0001	0.0001	0.0000	0.0009	0.0000	0.0009	0.0558	0.0494	0.0065	0.0158	0.0152	0.0007	0.0400	0.0342	0.0058	0.0468	0.0285	0.0184	0.0173	0.0167	0.0006	0.0296	0.0118	0.0178	0.0550	0.0361	0.1882	0.4918	0.0784	19.2717	0.0029	0.0000	0.0123	0.0230	0.0058	0.0496	0.0086	0.0087	0.0044	0.0314	0.0017	0.0511
66	97	0.1267	12	0	1	0	0	0	0	0	0	N	N	N	N	N	N	N	N	N	N	N	N	0.2559	0.0024	246.9286	0.3388	0.0045	15060.8256	0.0750	0.0000	0.4853	0.0967	0.0015	0.7547	0.5252	0.0075	11.8241	0.0002	0.0000	0.0015	0.3779	0.6307	0.0031	1.5502	1.6533	0.0008	0.0030	0.0027	0.0031	72.3204	0.0033	0.0042	-0.0108	1.3569	6.4922	2.0560	4.5502	0.0069	0.0001	0.0068	0.0069	0.0001	0.0068	0.0000	0.0000	0.0000	0.0201	0.0200	0.0001	0.0200	0.0200	0.0000	0.0001	0.0001	0.0001	0.0712	0.0622	0.0090	0.0131	0.0125	0.0006	0.0581	0.0497	0.0084	0.0532	0.0317	0.0214	0.0129	0.0121	0.0008	0.0403	0.0197	0.0206	0.2559	0.0024	246.9286	0.3388	0.0045	15060.8256	0.0750	0.0000	0.4853	0.3779	0.6307	0.0031	1.5502	1.6533	0.0008	0.0030	0.0027	0.0031
66	98	0.0239	3	0	2	0	0	0	0	0	0	N	Y	N	N	N	N	N	N	N	N	N	N	0.1074	1.1733	0.0004	0.0119	0.0121	0.0000	0.1264	101.2273	0.0004	0.1386	0.1581	0.0011	0.0088	0.0092	0.0000	0.1705	0.1989	0.0011	1.2911	0.1347	2.5776	0.7399	0.7585	0.0153	1.3488	0.0020	2.5906	0.0009	17.1984	-0.0009	0.0307	1.3569	1.3608	2.0560	12.1483	0.0024	0.0023	0.0000	0.0000	0.0000	0.0000	0.0023	0.0023	0.0000	0.0764	0.0042	0.0722	0.0042	0.0041	0.0000	0.0723	0.0001	0.0722	0.0170	0.0149	0.0021	0.0033	0.0032	0.0001	0.0136	0.0117	0.0020	0.0592	0.0312	0.0280	0.0056	0.0055	0.0001	0.0536	0.0257	0.0279	0.1074	1.1733	0.0004	0.0119	0.0121	0.0000	0.1264	101.2273	0.0004	1.2911	0.1347	2.5776	0.7399	0.7585	0.0153	1.3488	0.0020	2.5906
66	99	0.0202	2	0	1	0	0	0	0	0	0	N	N	N	N	N	N	N	N	N	N	N	N	0.2366	0.2771	0.0399	0.1671	0.1863	0.0083	0.2307	29.0213	0.0466	0.0294	0.0336	0.0051	0.0529	0.0590	0.0028	0.0167	0.0189	0.0059	0.1244	0.1213	0.1282	0.3167	0.3168	0.3363	0.0724	0.0007	0.1272	0.0262	0.8604	-0.0003	-0.0001	1.3569	1.5300	2.0560	0.7696	0.0008	0.0008	0.0000	0.0005	0.0005	0.0000	0.0003	0.0003	0.0000	0.0019	0.0010	0.0009	0.0010	0.0010	0.0000	0.0008	0.0000	0.0008	0.0285	0.0243	0.0042	0.0100	0.0089	0.0011	0.0185	0.0154	0.0031	0.0149	0.0082	0.0067	0.0032	0.0031	0.0000	0.0117	0.0051	0.0067	0.2366	0.2771	0.0399	0.1671	0.1863	0.0093	0.2307	29.0213	0.0466	0.1244	0.1213	0.1282	0.3167	0.3168	0.3022	0.0724	0.0007	0.1272
66	104	0.1816	14	0	2	0	0	0	0	0	0	N	Y	N	N	N	N	N	N	N	N	N	N	0.0011	0.0531	0.0000	0.0216	0.0713	0.0005	0.0000	0.0000	0.0000	0.0004	0.0004	0.0000	0.0011	0.0011	0.0005	0.0000	0.0000	0.0000	0.3333	0.0080	1.3714	0.0493	0.0151	0.8849	0.5415	0.0001	1.4520	0.0084	53.7197	-0.0000	0.0019	1.3569	0.0277	2.0560	1.3445	0.0000	0.0000	0.0000	0.0000	0.0000	0.0000	0.0000	0.0000	0.0000	0.0044	0.0001	0.0043	0.0003	0.0001	0.0002	0.0041	0.0000	0.0041	0.0005	0.0004	0.0001	0.0002	0.0002	0.0000	0.0003	0.0003	0.0001	0.0131	0.0100	0.0031	0.0055	0.0052	0.0003	0.0076	0.0047	0.0028	0.0011	0.0531	0.0000	0.0216	0.0713	0.0007	0.0000	0.0000	0.0000	0.3333	0.0080	1.3714	0.0493	0.0151	0.6317	0.5415	0.0001	1.4520
66	105	0.1349	13	0	2	0	0	0	0	0	0	N	Y	N	N	N	N	N	N	N	N	N	N	0.0009	0.0093	0.0000	0.0163	0.0170	0.0002	0.0000	0.0002	0.0000	0.0007	0.0008	0.0000	0.0033	0.0034	0.0000	0.0000	0.0000	0.0000	0.8012	0.0872	1.8640	0.2002	0.2009	0.1911	0.9907	0.0197	1.9382	0.0004	14.3674	-0.0000	0.0290	1.3569	5.1414	2.0560	16.4151	0.0000	0.0000	0.0000	0.0000	0.0000	0.0000	0.0000	0.0000	0.0000	0.0741	0.0048	0.0693	0.0044	0.0041	0.0003	0.0697	0.0007	0.0690	0.0582	0.0509	0.0072	0.0126	0.0121	0.0005	0.0456	0.0389	0.0067	0.0925	0.0553	0.0372	0.0222	0.0206	0.0016	0.0703	0.0347	0.0356	0.0009	0.0093	0.0000	0.0163	0.0170	0.0002	0.0000	0.0002	0.0000	0.8012	0.0872	1.8640	0.2002	0.2009	0.1911	0.9907	0.0197	1.9382
66	106	0.1267	12	0	1	0	0	0	0	0	0	N	N	N	N	N	N	N	N	N	N	N	N	0.0007	0.2324	0.0000	0.5597	0.5849	0.0225	0.0000	0.0014	0.0000	0.0201	0.0230	0.0003	0.1052	0.1097	0.0044	0.0000	0.0000	0.0000	27.1573	0.0990	152.6233	0.1879	0.1875	0.1970	37.8261	0.0293	153.9893	0.0020	445.8196	-0.0003	0.4007	1.3569	3.8974	2.0560	1.6364	0.0009	0.0009	0.0000	0.0009	0.0009	0.0000	0.0000	0.0000	0.0000	0.8810	0.0020	0.8790	0.0017	0.0016	0.0001	0.8792	0.0003	0.8789	0.0442	0.0386	0.0056	0.0085	0.0081	0.0004	0.0358	0.0305	0.0052	0.0324	0.0199	0.0125	0.0092	0.0088	0.0004	0.0232	0.0111	0.0121	0.0007	0.2324	0.0000	0.5597	0.5849	0.0225	0.0000	0.0014	0.0000	27.1573	0.0990	70.1524	0.1879	0.1875	0.1970	37.8261	0.0293	72.5526
66	107	0.1057	11	0	1	0	0	0	0	0	0	N	N	N	N	N	N	N	N	N	N	N	N	0.0078	0.2000	0.0133	0.3902	0.2335	31.2097	0.0000	0.0005	0.0000	0.0033	0.0022	0.0135	0.0088	0.0054	0.3680	0.0000	0.0000	0.0000	0.4197	0.0110	1.0147	0.0226	0.0232	0.0118	0.5325	0.0044	1.0432	0.6465	63.0872	0.0000	0.0090	1.3569	0.3701	2.0560	9.6236	0.0000	0.0000	0.0000	0.0000	0.0000	0.0000	0.0000	0.0000	0.0000	0.0203	0.0003	0.0200	0.0002	0.0002	0.0000	0.0201	0.0001	0.0200	0.0102	0.0092	0.0010	0.0038	0.0038	0.0000	0.0064	0.0055	0.0009	0.0484	0.0287	0.0197	0.0107	0.0102	0.0005	0.0377	0.0185	0.0192	0.0078	0.2000	0.0133	0.3902	0.2335	31.2097	0.0000	0.0005	0.0000	0.4197	0.0110	1.0147	0.0226	0.0232	0.0118	0.5325	0.0044	1.0432
66	108	0.0952	10	0	1	0	0	0	0	0	0	N	N	N	N	N	N	N	N	N	N	N	N	0.0026	0.0043	0.0031	0.0039	0.0030	0.7377	0.0004	0.0115	0.0000	0.0000	0.0000	0.0001	0.0001	0.0001	0.0016	0.0000	0.0000	0.0000	0.0132	0.0073	0.0211	0.0228	0.0239	0.0022	0.0112	0.0005	0.0215	0.2177	2.1858	-0.0000	0.0000	1.3569	0.4415	2.0560	4.8853	0.0000	0.0000	0.0000	0.0000	0.0000	0.0000	0.0000	0.0000	0.0000	0.0003	0.0001	0.0002	0.0001	0.0001	0.0000	0.0002	0.0000	0.0002	0.0110	0.0100	0.0011	0.0040	0.0039	0.0000	0.0071	0.0061	0.0010	0.0242	0.0138	0.0104	0.0042	0.0040	0.0002	0.0199	0.0098	0.0102	0.0026	0.0043	0.0031	0.0039	0.0030	0.7377	0.0004	0.0115	0.0000	0.0132	0.0073	0.0211	0.0228	0.0239	0.0022	0.0112	0.0005	0.0215
66	109	0.1176	9	1	2	0	1	0	0	0	0	N	Y	N	N	N	N	N	N	N	N	N	N	0.0000	0.0000	0.0000	0.0000	0.0000	0.0000	0.0000	0.0000	0.0000	0.0000	0.0000	0.0000	0.0000	0.0000	0.0000	0.0000	0.0000	0.0000	0.0000	0.0000	1.3569	0.0000	2.0560	0.0000	0.0000	0.0000	0.0000	0.0000	0.0000	0.0000	0.0000	0.0000	0.0000	0.0000	0.0000	0.0000	0.0000	0.0000	0.0000	0.0000	0.0000	0.0000	0.0000	0.0000	0.0000	0.0000	0.0000	0.0000	0.0000	0.0000	0.0000	0.0000	0.0000	0.0000	0.0000	0.0000	0.0000	0.0000	0.0000	0.0000	0.0000	0.0000	0.0000	0.0000	0.0000	0.0000	0.0000	0.0000	0.0000	0.0000	0.0000	0.0000	0.0000	0.0000	0.0000	0.0000	0.0000	0.0000											
66	110	0.1027	8	1	2	0	1	0	0	0	0	N	Y	N	N	N	N	N	N	N	N	N	N	0.0000	0.0000	0.0000	0.0000	0.0000	0.0000	0.0000	0.0000	0.0000	0.0000	0.0000	0.0000	0.0000	0.0000	0.0000	0.0000	0.0000	0.0260	0.0385	0.0092	0.1275	0.1200	0.1971	0.0000	0.0000	0.0000	0.1764	0.0000	-0.0003	1.3569	0.0000	2.0560	7.1240	0.0000	0.0000	0.0000	0.0000	0.0000	0.0000	0.0000	0.0000	0.0000	0.0008	0.0007	0.0001	0.0008	0.0007	0.0001	0.0000	0.0000	0.0000	0.0000	0.0000	0.0000	0.0000	0.0000	0.0000	0.0000	0.0000	0.0000	0.0307	0.0177	0.0130	0.0063	0.0057	0.0006	0.0244	0.0120	0.0124	0.0000	0.0000	0.0000	0.0000	0.0000	0.0000	0.0000	0.0000	0.0000	0.0260	0.0385	0.0092	0.1275	0.1200	0.1971	0.0000	0.0000	0.0000		
66	111	0.1116	10	0	2	0	1	0	0	0	0	N	Y	N	N	N	N	N	N	N	N	N	N	0.0000	0.0000	0.0000	0.0000	0.0000	0.0000	0.0000	0.0000	0.0000	0.0000	0.0000	0.0000	0.0000	0.0000	0.0000	0.0000	0.0000	0.0000	0.0016	0.0027	0.0001	0.0076	0.0087	0.0000	0.0000	0.0000	0.0001	0.0246	0.0000	-0.0000	1.3569	0.0016	2.0560	5.0076	0.0000	0.0000	0.0000	0.0000	0.0000	0.0000	0.0000	0.0000	0.0000	0.0000	0.0000	0.0000	0.0000	0.0000	0.0000	0.0000	0.0000	0.0000	0.0001	0.0001	0.0000	0.0000	0.0000	0.0000	0.0000	0.0000	0.0000	0.0208	0.0120	0.0088	0.0043	0.0038	0.0006	0.0164	0.0082	0.0082	0.0000	0.0000	0.0000	0.0000	0.0000	0.0000	0.0000	0.0000	0.0000	0.0016	0.0027	0.0001	0.0076	0.0087	0.0000	0.0000	0.0000	0.0001	
66	112	0.1048	9	0	2	0	1	0	0	0	0	N	Y	N	N	N	N	N	N	N	N	N	N	0.0000	0.0000	0.0000	0.0000	0.0000	0.0000	0.0000	0.0000	0.0000	0.0000	0.0000	0.0000	0.0000	0.0000	0.0000	0.0000	0.0000	0.0000	0.0023	0.0001	0.0052	0.0002	0.0003	0.0000	0.0029	0.0001	0.0055	29.3854	0.0000	0.0000	1.3569	1.0012	2.0560	2.1373	0.0000	0.0000	0.0000	0.0000	0.0000	0.0000	0.0000	0.0000	0.0000	0.0000	0.0000	0.0000	0.0000	0.0000	0.0000	0.0000	0.0000	0.0000	0.0106	0.0093	0.0013	0.0019	0.0018	0.0001	0.0087	0.0075	0.0013	0.0148	0.0085	0.0062	0.0033	0.0030	0.0003	0.0114	0.0055	0.0060	0.0000	0.0000	0.0000	0.0000	0.0000	0.0000	0.0000	0.0000	0.0000	0.0023	0.0001	0.0052	0.0002	0.0003	0.0000	0.0029	0.0001	0.0055	
66	113	0.1131	9	0	2	0	0	0	0	0	0	N	Y	N	N	N	N	N	N	N	N	N	N	0.0000	0.0000	0.0000	0.0000	0.0000	0.0000	0.0000	0.0000	0.0000	0.0000	0.0000	0.0000	0.0000	0.0000	0.0000	0.0000	0.0000	0.0000	0.0148	0.0005	0.0344	0.0026	0.0015	0.0136	0.0185	0.0000	0.0355	46.7921	0.0000	0.0002	1.3569	0.9705	2.0560	5.0371	0.0000	0.0000	0.0000	0.0000	0.0000	0.0000	0.0000	0.0000	0.0000	0.0004	0.0000	0.0004	0.0000	0.0000	0.0000	0.0004	0.0000	0.0004	0.0119	0.0105	0.0014	0.0029	0.0028	0.0001	0.0091	0.0077	0.0013	0.0255	0.0147	0.0108	0.0059	0.0054	0.0005	0.0196	0.0094	0.0102	0.0000	0.0000	0.0000	0.0000	0.0000	0.0000	0.0000	0.0000	0.0000	0.0148	0.0005	0.0344	0.0026	0.0015	0.0136	0.0185	0.0000	0.0355	
66	114	0.1048	9	0	1	1	1	0	0	0	0	N	N	N	N	N	N	N	N	N	N	N	N	0.0000	0.0000	0.0000	0.0000	0.0000	0.0000	0.0000	0.0000	0.0000	0.0000	0.0000	0.0000	0.0000	0.0000	0.0000	0.0000	0.0000	0.0000	0.0000	0.0000	1.3569	0.0000	2.0560	1.1303	0.0000	0.0000	0.0000	0.0000	0.0000	0.0000	0.0000	0.0000	0.0000	0.0000	0.0000	0.0000	0.0000	0.0000	0.0000	0.0000	0.0000	0.0000	0.0000	0.0000	0.0000	0.0000	0.0000	0.0000	0.0000	0.0000	0.0000	0.0066	0.0039	0.0027	0.0018	0.0017	0.0001	0.0048	0.0021	0.0026	0.0000	0.0000	0.0000	0.0000	0.0000	0.0000	0.0000	0.0000	0.0000	0.0000	0.0000	0.0000	0.0000	0.0000	0.0000	0.0000	0.0000	0.0000											
66	115	0.1027	8	0	1	0	1	0	0	0	0	N	N	N	N	N	N	N	N	N	N	N	N	0.0000	0.0000	0.0000	0.0000	0.0000	0.0000	0.0000	0.0000	0.0000	0.0000	0.0000	0.0000	0.0000	0.0000	0.0000	0.0000	0.0000	0.0000	0.0001	0.0000	0.0000	0.0000	0.0000	0.0000	0.0001	0.0000	0.0127	0.0000	-0.0000	1.3569	0.0000	2.0560	1.2340	0.0000	0.0000	0.0000	0.0000	0.0000	0.0000	0.0000	0.0000	0.0000	0.0000	0.0000	0.0000	0.0000	0.0000	0.0000	0.0000	0.0000	0.0000	0.0000	0.0000	0.0000	0.0000	0.0000	0.0000	0.0000	0.0000	0.0000	0.0071	0.0042	0.0029	0.0020	0.0019	0.0001	0.0052	0.0024	0.0028	0.0000	0.0000	0.0000	0.0000	0.0000	0.0000	0.0000	0.0000	0.0000	0.0000	0.0001	0.0000	0.0000	0.0000	0.0000	0.0000	0.0001	0.0000		
66	116	0.1102	9	0	1	1	1	0	0	0	0	N	N	N	N	N	N	N	N	N	N	N	N	35905.0572	24704.5211	38258.5376	34210.0294	0.0335	0.0381	0.0000	0.1519	0.1572	0.0000	0.0000	0.0000	0.0000	0.0000	0.0000	0.0000	0.0000	0.0000	0.0000	0.0000	0.0000	0.0000	0.0000	0.0127	-0.0001	-0.0000	1.3569	0.9725	2.0560	0.9874	0.0004	0.0004	0.0000	0.0004	0.0004	0.0000	0.0000	0.0000	0.0000	0.0000	0.0000	0.0000	0.0000	0.0000	0.0000	0.0000	0.0000	0.0000	0.0113	0.0100	0.0014	0.0025	0.0024	0.0001	0.0088	0.0075	0.0013	0.0086	0.0051	0.0035	0.0019	0.0017	0.0002	0.0067	0.0034	0.0033	35905.0572	24704.5211	0.0000	38258.5376	34210.0294	0.0000	0.0000	0.0000	0.0000	0.0000	0.0000	0.0000	0.0000	0.0000	0.0000	0.0000	0.0000	0.0000					
66	117	0.1102	9	0	1	1	1	0	0	0	0	N	N	N	N	N	N	N	N	N	N	N	N	12663.9399	0.0000	205287.9626	6558.1937	0.0000	inf	16021.0224	62528.6034	0.0098	0.0000	0.1087	0.0165	0.0000	0.7600	0.0048	0.0000	0.0342	0.0000	0.0000	0.0000	0.0000	0.0000	0.0000	0.0000	0.0000	0.0000	inf	0.3937	0.0000	-0.0000	1.3569	0.0285	2.0560	4.0215	0.0000	0.0000	0.0000	0.0000	0.0000	0.0000	0.0000	0.0000	0.0000	0.0000	0.0000	0.0000	0.0000	0.0000	0.0000	0.0000	0.0000	0.0000	0.0011	0.0010	0.0001	0.0005	0.0005	0.0000	0.0006	0.0006	0.0001	0.0170	0.0100	0.0070	0.0036	0.0032	0.0004	0.0134	0.0068	0.0066	12663.9399	0.0000	205287.9626	6558.1937	0.0000	inf	16021.0224	0.0000	62528.6034	0.0000	0.0000	0.0000	0.0000	0.0000	0.0000	0.0000	0.0000	0.0000	
66	118	0.1027	8	0	1	1	1	0	0	0	0	N	N	N	N	N	N	N	N	N	N	N	N	27.8434	18.7529	0.0000	92.4203	88.8123	0.0000	0.0000	0.0000	0.0000	0.0003	0.0004	0.0000	0.0019	0.0020	0.0000	0.0000	0.0000	0.0000	0.0000	0.0000	0.0000	0.0000	0.0000	0.0000	0.0000	0.0000	0.0000	0.0000	0.0200	-0.0000	-0.0000	1.3569	3.0275	2.0560	2.1573	0.0000	0.0000	0.0000	0.0000	0.0000	0.0000	0.0000	0.0000	0.0000	0.0000	0.0000	0.0000	0.0000	0.0000	0.0000	0.0000	0.0000	0.0000	0.0318	0.0278	0.0040	0.0056	0.0054	0.0002	0.0262	0.0224	0.0038	0.0231	0.0133	0.0098	0.0049	0.0044	0.0004	0.0182	0.0089	0.0093	27.8434	18.7529	0.0000	92.4203	88.8123	0.0000	0.0000	0.0000	0.0000	0.0000	0.0000	0.0000	0.0000	0.0000	0.0000	0.0000	0.0000	0.0000
66	119	0.1439	8	1	2	0	0	0	0	0	0	N	Y	N	N	N	N	N	N	N	N	N	N	0.0336	1.0508	0.0001	0.0537	0.1013	0.0000	0.0314	1491.5945	0.0001	0.0023	0.0026	0.0000	0.0005	0.0005	0.0000	0.0029	0.0033	0.0000	0.0679	0.0024	0.1588	0.0091	0.0050	0.1036	0.0926	0.0000	0.1604	0.0007	47.0718	-0.0000	0.0009	1.3569	2.1883	2.0560	3.1271	0.0001	0.0001	0.0000	0.0000	0.0000	0.0000	0.0001	0.0001	0.0000	0.0021	0.0000	0.0020	0.0001	0.0000	0.0000	0.0020	0.0000	0.0020	0.0272	0.0243	0.0029	0.0070	0.0068	0.0002	0.0202	0.0175	0.0027	0.0308	0.0179	0.0129	0.0091	0.0087	0.0004	0.0217	0.0092	0.0125	0.0336	1.0508	0.0001	0.0537	0.1013	0.0000	0.0314	1491.5945	0.0001	0.0679	0.0024	0.1588	0.0091	0.0050	0.1036	0.0926	0.0000	0.1604
66	120	0.0770	7	1	2	0	0	0	0	0	0	N	Y	N	N	N	N	N	N	N	N	N	N	354.1276	232.4312	3.4063	2.8767	2.8066	0.0465	10880.2269	259043.0135	3.5253	6.5495	7.4754	0.0047	0.3648	0.3769	0.0000	7.8470	9.1576	0.0049	0.0185	0.0322	0.0014	0.1268	0.1343	0.0005	0.0007	0.0000	0.0014	0.0001	0.0340	-0.3763	-0.0011	1.3569	13.6104	2.0560	16.0982	0.9876	0.9875	0.0001	0.0095	0.0095	0.0000	0.9781	0.9780	0.0001	0.0021	0.0021	0.0001	0.0021	0.0021	0.0000	0.0001	0.0000	0.0001	0.1508	0.1321	0.0187	0.0261	0.0253	0.0008	0.1246	0.1068	0.0178	0.1154	0.0642	0.0512	0.0163	0.0154	0.0009	0.0991	0.0488	0.0503	354.1276	232.4312	3.4063	2.8767	2.8066	0.0465	10880.2269	259043.0135	3.5253	0.0185	0.0322	0.0014	0.1268	0.1343	0.0005	0.0007	0.0000	0.0014
66	121	0.0815	7	0	2	0	0	0	0	0	0	N	Y	N	N	N	N	N	N	N	N	N	N	8.6688	4.7199	94.1411	5.5347	5.4217	23.3363	33.2434	16.1946	98.5216	0.0215	0.0160	0.0671	0.0357	0.0358	0.0274	0.0118	0.0000	0.0688	0.0025	0.0034	0.0007	0.0065	0.0066	0.0012	0.0004	0.0000	0.0007	0.5008	0.1089	-0.0000	-0.0000	1.3569	0.3548	2.0560	4.6068	0.0003	0.0002	0.0001	0.0002	0.0002	0.0000	0.0001	0.0000	0.0001	0.0001	0.0001	0.0000	0.0001	0.0001	0.0000	0.0000	0.0000	0.0000	0.0124	0.0110	0.0013	0.0050	0.0050	0.0001	0.0074	0.0061	0.0013	0.0437	0.0288	0.0150	0.0152	0.0148	0.0004	0.0285	0.0140	0.0145	8.6688	4.7199	94.1411	5.5347	5.4217	23.3363	33.2434	16.1946	98.5216	0.0025	0.0034	0.0007	0.0065	0.0066	0.0012	0.0004	0.0000	0.0007
66	122	0.0666	6	0	2	0	0	0	0	0	0	N	Y	N	N	N	N	N	N	N	N	N	N	1.4660	0.3450	8.2778	0.3930	0.3875	0.5249	2.6494	0.0995	8.5559	0.0187	0.0040	0.1182	0.0139	0.0140	0.0085	0.0204	0.0000	0.1219	0.0128	0.0116	0.0143	0.0354	0.0361	0.0161	0.0077	0.0001	0.0143	4.3815	0.9860	0.0002	-0.0000	1.3569	1.6911	2.0560	5.7022	0.0005	0.0001	0.0004	0.0001	0.0001	0.0000	0.0004	0.0000	0.0004	0.0005	0.0002	0.0002	0.0002	0.0002	0.0000	0.0002	0.0000	0.0002	0.0256	0.0223	0.0033	0.0065	0.0064	0.0001	0.0191	0.0159	0.0032	0.0355	0.0197	0.0158	0.0065	0.0063	0.0002	0.0290	0.0134	0.0155	1.4660	0.3450	8.2778	0.3930	0.3875	0.5249	2.6494	0.0995	8.5559	0.0128	0.0116	0.0143	0.0354	0.0361	0.0161	0.0077	0.0001	0.0143
66	124	0.1177	10	1	2	0	0	0	0	0	0	N	Y	N	N	N	N	N	N	N	N	N	N	0.0000	0.0000	0.0000	0.0000	0.0000	0.0000	0.0000	0.0000	0.0000	0.0000	0.0000	0.0000	0.0000	0.0000	0.0000	0.0000	0.0000	0.0000	0.0000	0.0000	1.3569	0.0000	2.0560	0.0000	0.0000	0.0000	0.0000	0.0000	0.0000	0.0000	0.0000	0.0000	0.0000	0.0000	0.0000	0.0000	0.0000	0.0000	0.0000	0.0000	0.0000	0.0000	0.0000	0.0000	0.0000	0.0000	0.0000	0.0000	0.0000	0.0000	0.0000	0.0000	0.0000	0.0000	0.0000	0.0000	0.0000	0.0000	0.0000	0.0000	0.0000	0.0000	0.0000	0.0000	0.0000	0.0000	0.0000	0.0000	0.0000	0.0000	0.0000	0.0000	0.0000	0.0000	0.0000	0.0000	0.0000	0.0000											
66	125	0.1131	9	1	2	0	0	0	0	0	0	N	Y	N	N	N	N	N	N	N	N	N	N	0.0000	0.0000	0.0000	0.0000	0.0000	0.0000	0.0000	0.0000	0.0000	0.0000	0.0000	0.0000	0.0000	0.0000	0.0000	0.0000	0.0000	0.0000	1.2469	2.0973	0.0598	5.2288	4.8023	0.0005	0.0356	0.0027	0.0626	0.0204	0.0000	-0.0070	1.3569	0.1434	2.0560	1.9839	0.0000	0.0000	0.0000	0.0000	0.0000	0.0000	0.0000	0.0000	0.0000	0.0134	0.0131	0.0003	0.0131	0.0131	0.0000	0.0003	0.0000	0.0003	0.0032	0.0029	0.0003	0.0013	0.0012	0.0000	0.0019	0.0016	0.0003	0.0108	0.0063	0.0045	0.0029	0.0027	0.0002	0.0078	0.0035	0.0043	0.0000	0.0000	0.0000	0.0000	0.0000	0.0000	0.0000	0.0000	0.0000	1.2469	2.0973	0.0598	4.4753	4.8023	0.0005	0.0356	0.0027	0.0626	
66	126	0.1027	8	0	2	0	0	0	0	0	0	N	Y	N	N	N	N	N	N	N	N	N	N	0.0000	0.0000	0.0000	0.0000	0.0000	0.0000	0.0000	0.0000	0.0000	0.0000	0.0000	0.0000	0.0000	0.0000	0.0000	0.0000	0.0000	0.0000	0.0177	0.0298	0.0013	0.0804	0.0883	0.0000	0.0007	0.0001	0.0013	0.0310	0.0000	-0.0002	1.3569	1.8882	2.0560	2.9115	0.0000	0.0000	0.0000	0.0000	0.0000	0.0000	0.0000	0.0000	0.0000	0.0004	0.0004	0.0000	0.0004	0.0004	0.0000	0.0000	0.0000	0.0000	0.0199	0.0174	0.0025	0.0035	0.0034	0.0001	0.0164	0.0140	0.0024	0.0216	0.0124	0.0091	0.0046	0.0042	0.0004	0.0170	0.0083	0.0087	0.0000	0.0000	0.0000	0.0000	0.0000	0.0000	0.0000	0.0000	0.0000	0.0177	0.0298	0.0013	0.0804	0.0883	0.0000	0.0007	0.0001	0.0013	
66	127	0.0770	7	0	1	0	0	0	0	0	0	N	N	N	N	N	N	N	N	N	N	N	N	0.0170	0.0003	0.1372	0.0005	0.0003	5.6953	0.0344	0.0000	0.1392	0.0032	0.0000	0.0276	0.0003	0.0002	0.0068	0.0042	0.0000	0.0285	0.1907	0.1822	0.2014	0.5545	0.5809	0.0012	0.1211	0.0301	0.2047	76.5181	0.8844	0.0001	-0.0008	1.3569	3.5543	2.0560	9.0319	0.0002	0.0000	0.0002	0.0000	0.0000	0.0000	0.0002	0.0000	0.0002	0.0106	0.0056	0.0050	0.0049	0.0049	0.0000	0.0056	0.0007	0.0050	0.0517	0.0457	0.0060	0.0124	0.0121	0.0002	0.0393	0.0336	0.0057	0.0554	0.0308	0.0246	0.0089	0.0085	0.0004	0.0465	0.0223	0.0242	0.0170	0.0003	0.1372	0.0005	0.0003	5.6953	0.0344	0.0000	0.1392	0.1907	0.1822	0.2014	0.5545	0.5809	0.0012	0.1211	0.0301	0.2047
67	68	0.1912	17	0	1	1	0	0	0	0	0	N	N	N	N	N	N	N	N	N	N	N	N	0.0000	0.0000	0.0000	0.0000	0.0000	0.0000	0.0000	0.0000	0.0000	0.0000	0.0000	0.0000	0.0000	0.0000	0.0000	0.0000	0.0000	0.0000	31.5353	50.7404	0.0707	111.4763	126.4277	0.0015	0.0379	0.0011	0.0774	0.0009	0.0000	-0.5036	4.9477	0.0000	2.0153	4.0001	0.0000	0.0000	0.0000	0.0000	0.0000	0.0000	0.0000	0.0000	0.0000	0.9290	0.9282	0.0008	0.9282	0.9282	0.0000	0.0008	0.0000	0.0008	0.0000	0.0000	0.0000	0.0000	0.0000	0.0000	0.0000	0.0000	0.0000	0.0295	0.0183	0.0112	0.0083	0.0073	0.0010	0.0211	0.0110	0.0102	0.0000	0.0000	0.0000	0.0000	0.0000	0.0000	0.0000	0.0000	0.0000	31.5353	50.7404	0.0707	111.4763	126.4277	0.0015	0.0379	0.0011	0.0774	
67	69	0.1689	16	0	1	0	0	0	0	0	0	N	N	N	N	N	N	N	N	N	N	N	N	0.0092	0.1326	0.0000	0.3867	0.4132	0.0000	0.0000	0.0000	0.0000	0.0004	0.0004	0.0000	0.0014	0.0014	0.0000	0.0000	0.0000	0.0000	0.0421	0.0033	0.1050	0.0035	0.0035	0.0043	0.0584	0.0032	0.1107	0.0001	19.5519	-0.0000	0.0019	4.9477	2.8240	2.0153	8.9883	0.0001	0.0001	0.0000	0.0001	0.0001	0.0000	0.0000	0.0000	0.0000	0.0045	0.0002	0.0043	0.0001	0.0001	0.0000	0.0044	0.0001	0.0043	0.1331	0.1174	0.0156	0.0379	0.0360	0.0019	0.0952	0.0814	0.0138	0.1076	0.0665	0.0411	0.0318	0.0296	0.0022	0.0758	0.0369	0.0389	0.0092	0.1326	0.0000	0.3867	0.4132	0.0000	0.0000	0.0000	0.0000	0.0421	0.0033	0.1050	0.0035	0.0035	0.0043	0.0584	0.0032	0.1107
67	70	0.1599	15	0	1	0	0	0	0	0	0	N	N	N	N	N	N	N	N	N	N	N	N	1.9187	3.4695	1.2855	9.0695	9.2025	32.6293	0.3779	0.0006	1.3161	0.0055	0.0052	0.0070	0.0246	0.0260	0.0016	0.0011	0.0000	0.0075	0.0029	0.0015	0.0054	0.0027	0.0028	0.0000	0.0029	0.0001	0.0057	0.2017	1.8651	-0.0001	0.0000	4.9477	1.4521	2.0153	3.5882	0.0003	0.0002	0.0000	0.0002	0.0002	0.0000	0.0000	0.0000	0.0000	0.0002	0.0001	0.0001	0.0001	0.0001	0.0000	0.0001	0.0000	0.0001	0.0544	0.0472	0.0071	0.0101	0.0095	0.0006	0.0443	0.0377	0.0066	0.0638	0.0420	0.0218	0.0224	0.0215	0.0009	0.0413	0.0205	0.0208	1.9187	3.4695	1.2855	9.0695	9.2025	32.6293	0.3779	0.0006	1.3161	0.0029	0.0015	0.0054	0.0027	0.0028	0.0000	0.0029	0.0001	0.0057
67	71	0.1572	14	0	1	0	0	0	0	0	0	N	N	N	N	N	N	N	N	N	N	N	N	1.9294	0.0438	11.7732	0.1590	0.0886	323.4191	3.2141	0.0576	12.0201	0.0028	0.0001	0.0211	0.0003	0.0002	0.0034	0.0035	0.0000	0.0224	0.0014	0.0013	0.0018	0.0020	0.0020	0.0000	0.0011	0.0003	0.0019	56.0966	0.6523	0.0001	-0.0000	4.9477	1.1783	2.0153	0.9542	0.0001	0.0000	0.0001	0.0000	0.0000	0.0000	0.0001	0.0000	0.0001	0.0001	0.0000	0.0000	0.0000	0.0000	0.0000	0.0000	0.0000	0.0000	0.0512	0.0446	0.0066	0.0112	0.0107	0.0005	0.0400	0.0338	0.0061	0.0370	0.0253	0.0117	0.0147	0.0142	0.0005	0.0223	0.0111	0.0112	1.9294	0.0438	11.7732	0.1590	0.0886	323.4191	3.2141	0.0576	12.0201	0.0014	0.0013	0.0018	0.0020	0.0020	0.0000	0.0011	0.0003	0.0019
67	72	0.1526	13	0	1	0	0	0	0	0	0	N	N	N	N	N	N	N	N	N	N	N	N	35.5356	30.3635	86.9588	282.2094	108.8114	inf	0.0171	0.0045	0.0632	0.0262	0.0115	0.1240	0.1434	0.0581	1.5118	0.0000	0.0000	0.0001	0.0007	0.0004	0.0014	0.0005	0.0005	0.0000	0.0009	0.0002	0.0015	1.6244	1.9677	0.0005	0.0000	4.9477	2.0762	2.0153	1.4610	0.0021	0.0008	0.0013	0.0021	0.0008	0.0013	0.0000	0.0000	0.0000	0.0000	0.0000	0.0000	0.0000	0.0000	0.0000	0.0000	0.0000	0.0000	0.0787	0.0684	0.0103	0.0144	0.0135	0.0008	0.0643	0.0549	0.0095	0.0443	0.0291	0.0152	0.0158	0.0151	0.0008	0.0285	0.0141	0.0145	35.5356	30.3635	86.9588	282.2094	108.8114	inf	0.0171	0.0045	0.0632	0.0007	0.0004	0.0014	0.0005	0.0005	0.0000	0.0009	0.0002	0.0015
67	73	0.0884	9	0	1	0	0	0	0	0	0	N	N	N	N	N	N	N	N	N	N	N	N	0.0303	0.0893	0.0421	0.0000	0.0000	0.0000	0.0322	0.0939	0.0453	0.0025	0.0019	0.0070	0.0000	0.0000	0.0000	0.0031	0.0023	0.0075	0.0838	0.0212	0.1670	0.0236	0.0110	0.1735	0.0953	0.0248	0.1668	0.5315	5.9136	-0.0000	0.0045	4.9477	4.0673	2.0153	17.8409	0.0004	0.0003	0.0001	0.0000	0.0000	0.0000	0.0004	0.0003	0.0001	0.0144	0.0021	0.0123	0.0006	0.0003	0.0004	0.0137	0.0018	0.0119	0.1688	0.1476	0.0212	0.0290	0.0275	0.0015	0.1398	0.1201	0.0197	0.1714	0.0979	0.0736	0.0275	0.0253	0.0021	0.1440	0.0725	0.0714	0.0303	0.0893	0.0421	0.0000	0.0000	0.0000	0.0322	0.0939	0.0453	0.0838	0.0212	0.1670	0.0236	0.0110	0.1735	0.0953	0.0248	0.1668
67	75	0.2251	13	0	1	0	0	0	0	0	0	N	N	N	N	N	N	N	N	N	N	N	N	0.3416	0.0687	270.6335	0.1866	0.0716	207.5532	34.6506	2.3481	251.0228	0.4037	0.1190	1.5372	0.5029	0.2090	1.8136	0.3094	0.0297	1.3157	1.1820	1.7337	0.0057	2.6952	2.9197	0.0087	0.0089	0.0126	0.0052	3.2431	0.0015	0.0613	-0.3970	4.9477	3.5843	2.0153	46.7516	0.1600	0.0377	0.1223	0.0972	0.0330	0.0642	0.0629	0.0047	0.0581	0.7333	0.7322	0.0011	0.7302	0.7300	0.0002	0.0031	0.0022	0.0009	0.3964	0.3168	0.0796	0.1933	0.1579	0.0354	0.2032	0.1590	0.0442	0.6204	0.4223	0.1981	0.2749	0.2500	0.0248	0.3456	0.1723	0.1733	0.3416	0.0687	270.6335	0.1893	0.0716	207.5532	34.6506	2.3481	251.0228	1.1820	1.7337	0.0057	2.6567	2.9197	0.0087	0.0089	0.0126	0.0052
67	76	0.0896	9	1	2	1	0	0	0	0	0	N	Y	N	N	N	N	N	N	N	N	N	N	0.0000	0.0000	0.0000	0.0000	0.0000	0.0000	0.0000	0.0000	0.0000	0.0000	0.0000	0.0000	0.0000	0.0000	0.0000	0.0000	0.0001	0.0000	0.0003	0.0001	0.0001	0.0000	0.0002	0.0000	0.0003	4.4293	0.0000	0.0000	4.9477	1.0003	2.0153	1.0071	0.0000	0.0000	0.0000	0.0000	0.0000	0.0000	0.0000	0.0000	0.0000	0.0000	0.0000	0.0000	0.0000	0.0000	0.0000	0.0000	0.0000	0.0000	0.0352	0.0305	0.0046	0.0051	0.0048	0.0004	0.0301	0.0258	0.0043	0.0199	0.0107	0.0091	0.0043	0.0041	0.0002	0.0156	0.0066	0.0090	0.0000	0.0000	0.0000	0.0000	0.0000	0.0000	0.0000	0.0000	0.0000	0.0001	0.0000	0.0003	0.0001	0.0001	0.0000	0.0002	0.0000	0.0003			
67	77	0.0829	8	1	1	1	0	0	0	0	0	N	N	N	N	N	N	N	N	N	N	N	N	0.0000	0.0000	0.0000	0.0000	0.0000	0.0000	0.0000	0.0000	0.0000	0.0000	0.0000	0.0000	0.0000	0.0000	0.0000	0.0000	0.0286	0.0077	0.0748	0.0154	0.0156	0.0000	0.0356	0.0000	0.0757	4.4234	0.0000	0.0005	4.9477	0.9901	2.0153	2.2068	0.0000	0.0000	0.0000	0.0000	0.0000	0.0000	0.0000	0.0000	0.0000	0.0017	0.0003	0.0014	0.0003	0.0003	0.0000	0.0014	0.0000	0.0014	0.0354	0.0307	0.0047	0.0052	0.0049	0.0003	0.0302	0.0259	0.0043	0.0608	0.0418	0.0190	0.0208	0.0206	0.0002	0.0399	0.0212	0.0188	0.0000	0.0000	0.0000	0.0000	0.0000	0.0000	0.0000	0.0000	0.0000	0.0286	0.0077	0.0748	0.0154	0.0156	0.0000	0.0356	0.0000	0.0757			
67	78	0.1059	10	0	2	0	0	0	0	0	0	N	Y	N	N	N	N	N	N	N	N	N	N	0.4752	93.0695	1.4353	2001.4951	204.4755	6523.9713	0.2057	10.2033	0.7204	2.2493	0.0949	17.4064	7.1505	0.5133	114.3104	1.2577	0.0024	9.1099	4.7337	0.0010	12.1277	0.0036	0.0025	0.0175	6.1149	0.0002	12.6451	26.0769	7614.4562	0.4562	0.4548	4.9477	8.4371	2.0153	15.3349	0.7838	0.0289	0.7548	0.4193	0.0283	0.3909	0.3645	0.0006	0.3639	0.9953	0.0001	0.9952	0.0002	0.0001	0.0001	0.9952	0.0000	0.9951	0.3484	0.3051	0.0434	0.0586	0.0552	0.0034	0.2898	0.2499	0.0399	0.2103	0.1282	0.0821	0.0475	0.0442	0.0034	0.1627	0.0840	0.0787	0.4752	93.0695	1.4353	2001.4951	204.4755	6523.9713	0.2057	10.2033	0.7204	4.7337	0.0010	12.1277	0.0036	0.0025	0.0175	6.1149	0.0002	12.6451
67	79	0.0829	8	1	1	1	0	0	0	0	0	N	N	N	N	N	N	N	N	N	N	N	N	0.0230	0.0854	0.0000	0.2480	0.2609	0.0000	0.0000	0.0000	0.0004	0.0004	0.0000	0.0026	0.0028	0.0000	0.0000	0.0000	0.0000	0.0165	0.0051	0.0349	0.0106	0.0108	0.0000	0.0187	0.0008	0.0354	0.0000	4.2252	-0.0000	0.0005	4.9477	3.0096	2.0153	5.7427	0.0000	0.0000	0.0000	0.0000	0.0000	0.0000	0.0000	0.0000	0.0000	0.0018	0.0004	0.0015	0.0003	0.0003	0.0000	0.0015	0.0000	0.0015	0.1055	0.0916	0.0139	0.0152	0.0141	0.0010	0.0903	0.0775	0.0128	0.1119	0.0692	0.0428	0.0305	0.0299	0.0006	0.0815	0.0393	0.0422	0.0230	0.0854	0.0000	0.2480	0.2609	0.0000	0.0000	0.0000	0.0000	0.0165	0.0051	0.0349	0.0106	0.0108	0.0000	0.0187	0.0008	0.0354	
67	80	0.0673	7	1	1	1	0	0	0	0	0	N	N	N	N	N	N	N	N	N	N	N	N	7.1226	0.0004	80.3041	0.0114	0.0009	0.3458	22.8335	0.0000	87.8582	0.3934	0.0000	3.0570	0.0020	0.0001	0.0384	0.4819	0.0000	3.2784	0.0552	0.0689	0.0381	0.1732	0.1745	0.1109	0.0211	0.0000	0.0373	15040.9676	0.4399	0.0103	-0.0011	4.9477	1.0477	2.0153	6.1154	0.0166	0.0000	0.0166	0.0000	0.0000	0.0000	0.0166	0.0000	0.0166	0.0045	0.0031	0.0014	0.0031	0.0031	0.0000	0.0013	0.0000	0.0013	0.0421	0.0367	0.0054	0.0078	0.0074	0.0004	0.0343	0.0293	0.0050	0.0807	0.0449	0.0358	0.0181	0.0177	0.0004	0.0626	0.0272	0.0354	7.1226	0.0004	80.3041	0.0114	0.0009	0.3458	22.8335	0.0000	87.8582	0.0552	0.0689	0.0381	0.1732	0.1745	0.1109	0.0211	0.0000	0.0373
67	81	0.0608	6	0	1	0	0	0	0	0	0	N	N	N	N	N	N	N	N	N	N	N	N	29.1368	0.0149	103.0981	1.1140	0.0809	0.4844	27.5071	0.0000	111.0911	13.4434	0.0004	101.6143	0.0998	0.0029	1.4082	15.2400	0.0000	108.2227	0.4614	0.0248	0.9856	0.0896	0.0358	2.9074	0.5540	0.0188	0.9742	41940.5554	33.0349	0.6018	0.0061	4.9477	1.9794	2.0153	1.0196	0.9724	0.0000	0.9724	0.0009	0.0000	0.0008	0.9716	0.0000	0.9716	0.0142	0.0004	0.0138	0.0006	0.0002	0.0003	0.0137	0.0002	0.0135	0.0723	0.0628	0.0096	0.0086	0.0080	0.0006	0.0638	0.0548	0.0090	0.0309	0.0168	0.0140	0.0062	0.0060	0.0002	0.0247	0.0109	0.0138	29.1368	0.0149	103.0981	1.1140	0.0809	0.7594	27.5071	0.0000	111.0911	0.4614	0.0248	0.9856	0.0896	0.0358	1.8543	0.5540	0.0188	0.9742
67	82	0.0586	5	0	1	0	0	0	0	0	0	N	N	N	N	N	N	N	N	N	N	N	N	0.2551	0.0012	1.7559	0.0048	0.0042	0.0167	0.4610	0.0000	1.8731	0.0013	0.0000	0.0100	0.0001	0.0001	0.0002	0.0015	0.0000	0.0106	0.0053	0.0049	0.0057	0.0129	0.0130	0.0090	0.0032	0.0000	0.0056	261.1422	0.9607	0.0000	-0.0000	4.9477	1.0114	2.0153	0.0202	0.0000	0.0000	0.0000	0.0000	0.0000	0.0000	0.0000	0.0000	0.0000	0.0001	0.0000	0.0000	0.0000	0.0000	0.0000	0.0000	0.0000	0.0000	0.0371	0.0322	0.0050	0.0037	0.0035	0.0003	0.0334	0.0287	0.0047	0.0113	0.0062	0.0051	0.0024	0.0023	0.0001	0.0089	0.0039	0.0051	0.2551	0.0012	1.7559	0.0048	0.0042	0.0167	0.4610	0.0000	1.8731	0.0053	0.0049	0.0057	0.0129	0.0130	0.0090	0.0032	0.0000	0.0056
67	83	0.0381	4	0	1	0	0	0	0	0	0	N	N	N	N	N	N	N	N	N	N	N	N	1.2675	0.8000	0.0051	4.0993	4.3231	0.1537	2.4427	973.2499	0.0045	0.1714	0.1976	0.0001	1.5135	1.6090	0.0003	0.0242	0.0281	0.0001	0.1352	0.2470	0.0135	0.3692	0.3722	0.0016	0.0099	0.0000	0.0135	0.0001	0.0501	-0.0146	-0.0140	4.9477	5.9223	2.0153	3.6882	0.0384	0.0384	0.0000	0.0335	0.0335	0.0000	0.0049	0.0049	0.0000	0.0283	0.0269	0.0013	0.0269	0.0269	0.0000	0.0013	0.0000	0.0013	0.2242	0.1944	0.0297	0.0222	0.0208	0.0013	0.2020	0.1736	0.0284	0.2092	0.1091	0.1002	0.0730	0.0724	0.0006	0.1363	0.0367	0.0996	1.2675	0.8000	0.0051	4.0993	4.3231	0.1537	2.4427	973.2499	0.0045	0.1352	0.2470	0.0135	0.3692	0.3722	0.0016	0.0099	0.0000	0.0135
67	84	0.1258	12	0	2	0	0	0	0	0	0	N	Y	N	N	N	N	N	N	N	N	N	N	1.5382	5.7791	0.1696	180.0555	490.0949	0.0095	0.0837	0.1421	0.1758	0.0237	0.0264	0.0055	0.1722	0.1877	0.0001	0.0017	0.0010	0.0060	0.0154	0.0046	0.0325	0.0010	0.0004	0.0069	0.0203	0.0071	0.0340	0.0315	4.4959	-0.0022	0.0013	4.9477	7.1084	2.0153	28.8937	0.0062	0.0060	0.0002	0.0058	0.0058	0.0000	0.0004	0.0002	0.0002	0.0046	0.0008	0.0038	0.0001	0.0000	0.0000	0.0045	0.0008	0.0037	0.2632	0.2287	0.0345	0.0339	0.0311	0.0028	0.2293	0.1976	0.0317	0.3006	0.1842	0.1164	0.0765	0.0698	0.0067	0.2241	0.1144	0.1097	1.5382	5.7791	0.1696	180.0555	490.0949	0.0095	0.0837	0.1421	0.1758	0.0154	0.0046	0.0325	0.0010	0.0004	0.0069	0.0203	0.0071	0.0340
67	85	0.1183	11	0	2	0	0	0	0	0	0	N	Y	N	N	N	N	N	N	N	N	N	N	27.1578	39.4189	3.3466	53.4177	54.4626	32.2971	0.0246	2.4052	0.0147	0.4218	0.4643	0.0781	1.2810	1.3261	0.4860	0.0003	0.0003	0.0003	0.0155	0.0118	0.0234	0.0240	0.0243	0.0150	0.0112	0.0001	0.0237	0.0209	0.9506	-0.0203	-0.0001	4.9477	2.2208	2.0153	3.9129	0.0563	0.0551	0.0011	0.0563	0.0551	0.0011	0.0000	0.0000	0.0000	0.0014	0.0007	0.0007	0.0007	0.0007	0.0000	0.0007	0.0000	0.0007	0.1334	0.1187	0.0147	0.0439	0.0416	0.0024	0.0895	0.0772	0.0124	0.0922	0.0623	0.0299	0.0312	0.0300	0.0012	0.0610	0.0323	0.0286	27.1578	39.4189	3.3466	53.4177	54.4626	32.2971	0.0246	2.4052	0.0147	0.0155	0.0118	0.0234	0.0240	0.0243	0.0150	0.0112	0.0001	0.0237
67	86	0.1938	13	0	1	1	0	0	0	0	0	N	N	N	N	N	N	N	N	N	N	N	N	35.3820	32.7264	90.8264	79.7920	66.3428	125.1145	0.5078	300.5961	1.4864	0.0797	0.0450	0.3289	0.4575	0.2433	3.6327	0.0006	0.0001	0.0033	0.0023	0.0014	0.0036	0.0057	0.0037	0.0290	0.0011	0.0000	0.0022	1.0143	1.6816	0.0021	0.0000	4.9477	5.3425	2.0153	7.0749	0.0171	0.0085	0.0086	0.0170	0.0085	0.0085	0.0001	0.0000	0.0001	0.0002	0.0001	0.0002	0.0002	0.0001	0.0001	0.0001	0.0000	0.0001	0.2149	0.1887	0.0262	0.0372	0.0349	0.0024	0.1777	0.1538	0.0239	0.1104	0.0674	0.0431	0.0275	0.0253	0.0022	0.0829	0.0421	0.0408	35.3820	32.7264	90.8264	79.7920	66.3428	125.1145	0.5078	300.5961	1.4864	0.0023	0.0014	0.0036	0.0057	0.0037	0.0290	0.0011	0.0000	0.0022
67	87	0.1506	12	0	1	0	0	0	0	0	0	N	N	N	N	N	N	N	N	N	N	N	N	124.5741	32.2748	371.4762	801.3892	63.4200	1045.6083	0.0461	20.2677	0.1203	2.8312	0.0417	23.0978	12.5309	0.1737	169.7170	0.0012	0.0004	0.0065	0.0227	0.0013	0.0622	0.0156	0.0027	0.1623	0.0262	0.0000	0.0540	76.2917	26.1660	0.5599	0.0023	4.9477	7.0719	2.0153	13.7350	0.9239	0.0120	0.9120	0.9236	0.0119	0.9117	0.0003	0.0001	0.0002	0.0056	0.0002	0.0054	0.0013	0.0002	0.0011	0.0043	0.0000	0.0043	0.3263	0.2869	0.0395	0.0737	0.0683	0.0054	0.2526	0.2185	0.0341	0.2449	0.1587	0.0862	0.0807	0.0742	0.0065	0.1642	0.0845	0.0797	124.5741	32.2748	371.4762	801.3892	63.4200	1045.6083	0.0461	20.2677	0.1203	0.0227	0.0013	0.0622	0.0156	0.0027	0.1623	0.0262	0.0000	0.0540
67	88	0.0438	4	1	1	1	0	0	0	0	0	N	N	N	N	N	N	N	N	N	N	N	N	0.0000	0.0000	0.0000	0.0000	0.0000	0.0000	0.0000	0.0000	0.0000	0.0000	0.0000	0.0000	0.0000	0.0000	0.0000	0.0000	0.0000	0.0000	0.0000	0.0000	4.9477	0.0000	2.0153	0.0000	0.0000	0.0000	0.0000	0.0000	0.0000	0.0000	0.0000	0.0000	0.0000	0.0000	0.0000	0.0000	0.0000	0.0000	0.0000	0.0000	0.0000	0.0000	0.0000	0.0000	0.0000	0.0000	0.0000	0.0000	0.0000	0.0000	0.0000	0.0000	0.0000	0.0000	0.0000	0.0000	0.0000	0.0000	0.0000	0.0000	0.0000	0.0000	0.0000	0.0000	0.0000	0.0000	0.0000	0.0000	0.0000	0.0000	0.0000	0.0000	0.0000	0.0000	0.0000	0.0000	0.0000	0.0000											
67	89	0.0418	3	1	1	1	0	0	0	0	0	N	N	N	N	N	N	N	N	N	N	N	N	0.0002	0.0446	0.0002	0.0656	0.0865	0.0000	0.0001	0.0118	0.0003	0.0048	0.0021	0.0291	0.0046	0.0047	0.0000	0.0049	0.0004	0.0301	25.0611	0.0477	129.3819	0.0708	0.0542	7.0483	41.9002	0.0314	120.1214	1.5304	934.6590	0.0000	0.3826	4.9477	0.0001	2.0153	0.9161	0.0000	0.0000	0.0000	0.0000	0.0000	0.0000	0.0000	0.0000	0.0000	0.8391	0.0009	0.8382	0.0010	0.0007	0.0002	0.8382	0.0002	0.8380	0.0000	0.0000	0.0000	0.0000	0.0000	0.0000	0.0000	0.0000	0.0000	0.0335	0.0188	0.0147	0.0135	0.0134	0.0001	0.0200	0.0054	0.0146	0.0002	0.0446	0.0005	0.0656	0.0865	0.0000	0.0001	0.0118	0.0005	25.0611	0.0477	57.1596	0.0708	0.0542	3.1894	41.9002	0.0314	57.4239
67	90	0.0171	2	1	1	1	0	0	0	0	0	N	N	N	N	N	N	N	N	N	N	N	N	0.1546	0.2162	0.0505	0.4324	0.4938	0.0023	0.0475	4.9111	0.0596	0.1203	0.1330	0.0484	0.5232	0.5984	0.0004	0.0296	0.0246	0.0571	0.7784	0.6152	0.9572	1.2099	1.2118	0.1985	0.6230	0.0050	0.9580	0.0640	1.4208	-0.0068	0.0064	4.9477	3.7876	2.0153	7.8440	0.0213	0.0200	0.0013	0.0170	0.0170	0.0000	0.0043	0.0030	0.0013	0.1450	0.0599	0.0851	0.0597	0.0597	0.0000	0.0853	0.0002	0.0851	0.1769	0.1504	0.0265	0.0325	0.0284	0.0041	0.1444	0.1220	0.0224	0.1863	0.0974	0.0889	0.0493	0.0492	0.0001	0.1370	0.0481	0.0888	0.1546	0.2162	0.0505	0.4324	0.4938	0.0023	0.0475	4.9111	0.0596	0.7784	0.6152	0.9572	1.2099	1.2118	0.1985	0.6230	0.0050	0.9580
67	91	0.0989	10	0	2	0	1	0	0	0	0	N	Y	N	N	N	N	N	N	N	N	N	N	0.0001	0.0000	0.3826	0.0000	0.0000	0.0000	0.1032	0.0000	0.3953	0.0008	0.0003	0.0052	0.0010	0.0011	0.0000	0.0008	0.0000	0.0055	5.8597	9.9121	0.0136	29.3885	29.7904	0.0009	0.0077	0.0013	0.0140	2.7510	0.0009	0.0000	-0.5010	4.9477	1.8247	2.0153	16.3284	0.0001	0.0000	0.0001	0.0000	0.0000	0.0000	0.0001	0.0000	0.0001	0.9243	0.9234	0.0009	0.9234	0.9234	0.0000	0.0010	0.0001	0.0009	0.0886	0.0780	0.0106	0.0192	0.0185	0.0007	0.0694	0.0595	0.0099	0.1577	0.0932	0.0646	0.0332	0.0310	0.0022	0.1245	0.0622	0.0624	0.0001	0.0000	0.3826	0.0000	0.0000	0.0000	0.1032	0.0000	0.3953	5.8597	9.9121	0.0136	27.7966	29.7904	0.0009	0.0077	0.0013	0.0140
67	92	0.0884	9	0	2	0	0	0	0	0	0	N	Y	N	N	N	N	N	N	N	N	N	N	2.9758	0.0767	2782.7818	2.4371	2.3980	2.9713	0.0000	2912.8283	0.0447	0.0020	0.3333	0.0120	0.0128	0.0000	0.0503	0.0000	0.3594	0.0150	0.0262	0.0001	0.0049	0.0053	0.0000	0.0169	0.0334	0.0001	24.5071	0.0034	0.0089	-0.0016	4.9477	9.1310	2.0153	16.1726	0.0153	0.0006	0.0147	0.0006	0.0006	0.0000	0.0147	0.0000	0.0147	0.0029	0.0029	0.0000	0.0002	0.0002	0.0000	0.0028	0.0028	0.0000	0.3431	0.2989	0.0442	0.0501	0.0469	0.0032	0.2930	0.2520	0.0410	0.1944	0.1110	0.0835	0.0309	0.0284	0.0024	0.1636	0.0826	0.0810	2.9758	0.0767	2782.7818	2.4371	2.3980	0.0000	2.9713	0.0000	2912.8283	0.0150	0.0262	0.0001	0.0049	0.0053	0.0000	0.0169	0.0334	0.0001	
67	93	0.1734	15	0	2	0	0	0	0	0	0	N	Y	N	N	N	N	N	N	N	N	N	N	0.2135	0.1687	0.0000	0.0065	0.0092	0.0000	0.1685	0.1039	0.0000	0.0025	0.0028	0.0000	0.0000	0.0000	0.0000	0.0029	0.0035	0.0000	0.0115	0.0167	0.0022	0.0006	0.0005	0.0021	0.0175	0.0333	0.0022	0.0000	0.0743	-0.0001	-0.0007	4.9477	4.0959	2.0153	8.7137	0.0004	0.0004	0.0000	0.0000	0.0000	0.0000	0.0004	0.0004	0.0000	0.0014	0.0013	0.0001	0.0000	0.0000	0.0000	0.0014	0.0013	0.0001	0.1588	0.1379	0.0208	0.0268	0.0253	0.0015	0.1320	0.1126	0.0193	0.1249	0.0797	0.0451	0.0446	0.0402	0.0044	0.0802	0.0395	0.0407	0.2135	0.1687	0.0000	0.0065	0.0092	0.0000	0.1685	0.1039	0.0000	0.0115	0.0167	0.0022	0.0006	0.0005	0.0021	0.0175	0.0333	0.0022
67	94	0.1551	14	0	2	0	0	0	0	0	0	N	Y	N	N	N	N	N	N	N	N	N	N	0.0061	0.0114	0.0008	0.0000	0.0000	0.0000	0.0071	0.0282	0.0008	0.0000	0.0000	0.0000	0.0000	0.0000	0.0000	0.0000	0.0000	0.0000	0.0011	0.0007	0.0019	0.0010	0.0010	0.0000	0.0012	0.0004	0.0021	0.0315	1.6731	-0.0000	0.0000	4.9477	2.9443	2.0153	6.1524	0.0000	0.0000	0.0000	0.0000	0.0000	0.0000	0.0000	0.0000	0.0000	0.0001	0.0000	0.0001	0.0000	0.0000	0.0000	0.0001	0.0000	0.0001	0.1204	0.1044	0.0161	0.0253	0.0241	0.0012	0.0952	0.0803	0.0149	0.0787	0.0493	0.0294	0.0252	0.0231	0.0021	0.0535	0.0262	0.0273	0.0061	0.0114	0.0008	0.0000	0.0000	0.0000	0.0071	0.0282	0.0008	0.0011	0.0007	0.0019	0.0010	0.0010	0.0000	0.0012	0.0004	0.0021
67	95	0.1526	13	0	1	0	0	0	0	0	0	N	N	N	N	N	N	N	N	N	N	N	N	0.0176	0.0270	0.0000	0.1065	0.1083	0.0047	0.0077	0.0000	0.0000	0.0000	0.0000	0.0000	0.0000	0.0000	0.0000	0.0000	0.0000	0.0004	0.0003	0.0006	0.0002	0.0002	0.0000	0.0005	0.0003	0.0006	0.0000	0.9599	-0.0000	-0.0000	4.9477	0.8596	2.0153	1.2300	0.0000	0.0000	0.0000	0.0000	0.0000	0.0000	0.0000	0.0000	0.0000	0.0000	0.0000	0.0000	0.0000	0.0000	0.0000	0.0000	0.0000	0.0000	0.0347	0.0302	0.0045	0.0070	0.0066	0.0004	0.0277	0.0236	0.0042	0.0335	0.0227	0.0108	0.0130	0.0125	0.0005	0.0205	0.0102	0.0103	0.0176	0.0270	0.0000	0.1065	0.1083	0.0000	0.0047	0.0077	0.0000	0.0004	0.0003	0.0006	0.0002	0.0002	0.0000	0.0005	0.0003	0.0006	
67	96	0.1408	12	0	1	0	0	0	0	0	0	N	N	N	N	N	N	N	N	N	N	N	N	45.2880	96.5644	88.6016	527.9192	230.6222	443678.8100	1.6205	0.0310	6.1230	0.0730	0.0341	0.3398	0.2419	0.1110	1.7665	0.0036	0.0000	0.0246	0.0016	0.0004	0.0038	0.0005	0.0005	0.0000	0.0022	0.0002	0.0040	1.4530	6.1499	0.0031	0.0000	4.9477	3.7737	2.0153	2.5241	0.0146	0.0060	0.0087	0.0141	0.0060	0.0082	0.0005	0.0000	0.0005	0.0001	0.0000	0.0001	0.0000	0.0000	0.0000	0.0001	0.0000	0.0001	0.2004	0.1749	0.0255	0.0583	0.0537	0.0046	0.1420	0.1211	0.0209	0.0778	0.0497	0.0281	0.0274	0.0261	0.0013	0.0504	0.0236	0.0268	45.2880	96.5644	88.6016	527.9192	230.6222	443678.8100	1.6205	0.0310	6.1230	0.0016	0.0004	0.0038	0.0005	0.0005	0.0000	0.0022	0.0002	0.0040
67	97	0.1199	11	0	1	0	0	0	0	0	0	N	N	N	N	N	N	N	N	N	N	N	N	701.8282	0.8820	12564.0234	1569.5944	2.4038	78885.6813	10.1558	0.0188	41.0350	4.0892	0.0071	30.8870	30.5172	0.0493	429.8673	0.0135	0.0000	0.0952	0.0058	0.0080	0.0025	0.0194	0.0205	0.0054	0.0013	0.0003	0.0023	667.1221	0.1981	0.6071	-0.0002	4.9477	6.4922	2.0153	4.5502	0.9833	0.0015	0.9818	0.9805	0.0015	0.9790	0.0028	0.0000	0.0028	0.0006	0.0005	0.0001	0.0005	0.0005	0.0000	0.0001	0.0000	0.0001	0.2405	0.2087	0.0318	0.0321	0.0299	0.0023	0.2083	0.1788	0.0295	0.1044	0.0635	0.0409	0.0259	0.0241	0.0018	0.0785	0.0394	0.0391	701.8282	0.8820	12564.0234	1569.5944	2.4038	78885.6813	10.1558	0.0188	41.0350	0.0058	0.0080	0.0025	0.0194	0.0205	0.0054	0.0013	0.0003	0.0023
67	98	0.0171	2	0	2	0	0	0	0	0	0	N	Y	N	N	N	N	N	N	N	N	N	N	43.3006	28.2981	0.0158	0.4708	0.5528	0.0045	680.8449	647.5682	0.0133	12.2302	14.7646	0.0003	0.4985	0.5863	0.0005	16.9572	20.6893	0.0003	0.2824	0.5218	0.0210	1.0588	1.0607	0.1101	0.0249	0.0319	0.0209	0.0000	0.0368	-0.3793	-0.0288	4.9477	1.3608	2.0153	12.1483	0.9953	0.9953	0.0000	0.0117	0.0116	0.0000	0.9836	0.9836	0.0000	0.0568	0.0548	0.0020	0.0531	0.0531	0.0000	0.0038	0.0018	0.0020	0.0814	0.0674	0.0140	0.0234	0.0199	0.0035	0.0580	0.0475	0.0105	0.2012	0.1051	0.0962	0.0501	0.0500	0.0001	0.1511	0.0550	0.0961	43.3006	28.2981	0.0158	0.4708	0.5528	0.0045	680.8449	647.5682	0.0133	0.2824	0.5218	0.0210	1.0588	1.0607	0.1101	0.0249	0.0319	0.0209
67	104	0.1748	13	0	2	0	0	0	0	0	0	N	Y	N	N	N	N	N	N	N	N	N	N	0.0103	0.1636	0.0005	0.1133	0.2098	0.0000	0.0023	0.1988	0.0005	0.0000	0.0001	0.0000	0.0001	0.0001	0.0000	0.0000	0.0000	0.0000	0.0044	0.0003	0.0181	0.0009	0.0005	0.0077	0.0069	0.0001	0.0193	0.0256	17.3658	-0.0000	0.0000	4.9477	0.0277	2.0153	1.3445	0.0000	0.0000	0.0000	0.0000	0.0000	0.0000	0.0000	0.0000	0.0000	0.0001	0.0000	0.0001	0.0000	0.0000	0.0000	0.0001	0.0000	0.0001	0.0018	0.0015	0.0002	0.0006	0.0006	0.0000	0.0012	0.0010	0.0002	0.0256	0.0197	0.0059	0.0109	0.0103	0.0006	0.0147	0.0094	0.0052	0.0103	0.1636	0.0005	0.1133	0.2098	0.0000	0.0023	0.1988	0.0005	0.0044	0.0003	0.0181	0.0009	0.0005	0.0077	0.0069	0.0001	0.0193
67	105	0.1281	12	0	2	0	0	0	0	0	0	N	Y	N	N	N	N	N	N	N	N	N	N	0.0712	0.3788	0.0154	1.0689	1.2768	0.0009	0.0181	0.1149	0.0161	0.0008	0.0009	0.0004	0.0036	0.0038	0.0000	0.0003	0.0002	0.0004	0.0114	0.0023	0.0256	0.0034	0.0030	0.0074	0.0139	0.0019	0.0266	0.0671	7.1202	-0.0001	0.0007	4.9477	5.1414	2.0153	16.4151	0.0002	0.0001	0.0000	0.0001	0.0001	0.0000	0.0000	0.0000	0.0000	0.0020	0.0002	0.0017	0.0001	0.0001	0.0000	0.0019	0.0001	0.0017	0.1965	0.1710	0.0254	0.0329	0.0310	0.0019	0.1635	0.1400	0.0235	0.1747	0.1063	0.0684	0.0413	0.0377	0.0035	0.1334	0.0686	0.0648	0.0712	0.3788	0.0154	1.0689	1.2768	0.0009	0.0181	0.1149	0.0161	0.0114	0.0023	0.0256	0.0034	0.0030	0.0074	0.0139	0.0019	0.0266
67	106	0.1199	11	0	1	0	0	0	0	0	0	N	N	N	N	N	N	N	N	N	N	N	N	0.0672	5.5344	0.0361	14.7916	15.8819	4.7722	0.0218	3.5134	0.0329	0.0237	0.0222	0.0339	0.1027	0.1061	0.0559	0.0107	0.0071	0.0322	0.3529	0.0040	0.9392	0.0069	0.0067	0.0117	0.4896	0.0020	0.9781	0.2325	139.4101	-0.0007	0.0099	4.9477	3.8974	2.0153	1.6364	0.0035	0.0029	0.0007	0.0022	0.0021	0.0001	0.0014	0.0008	0.0006	0.0219	0.0002	0.0218	0.0001	0.0001	0.0000	0.0218	0.0000	0.0218	0.1494	0.1297	0.0198	0.0212	0.0198	0.0014	0.1282	0.1099	0.0183	0.0621	0.0390	0.0232	0.0176	0.0167	0.0009	0.0445	0.0223	0.0223	0.0672	5.5344	0.0361	14.7916	15.8819	4.7722	0.0218	3.5134	0.0329	0.3529	0.0040	0.9392	0.0069	0.0067	0.0117	0.4896	0.0020	0.9781
67	107	0.0989	10	0	1	0	0	0	0	0	0	N	N	N	N	N	N	N	N	N	N	N	N	0.7057	3.8583	2.5918	10.9468	3.9769	66.5406	0.0193	1.7736	0.0484	0.0601	0.0073	0.5443	0.1648	0.0177	13.2152	0.0021	0.0007	0.0102	0.0852	0.0019	0.2100	0.0151	0.0044	0.1986	0.1070	0.0004	0.2104	8.1015	73.8071	0.0011	0.0037	4.9477	0.3701	2.0153	9.6236	0.0021	0.0002	0.0019	0.0021	0.0002	0.0019	0.0000	0.0000	0.0000	0.0084	0.0001	0.0083	0.0004	0.0001	0.0003	0.0081	0.0000	0.0081	0.0357	0.0322	0.0035	0.0127	0.0126	0.0001	0.0230	0.0196	0.0034	0.0988	0.0593	0.0396	0.0234	0.0222	0.0013	0.0754	0.0371	0.0383	0.7057	3.8583	2.5918	10.9468	3.9769	66.5406	0.0193	1.7736	0.0484	0.0852	0.0019	0.2100	0.0151	0.0044	0.1986	0.1070	0.0004	0.2104
67	108	0.0884	9	0	1	0	0	0	0	0	0	N	N	N	N	N	N	N	N	N	N	N	N	0.0199	0.0054	5.5993	0.0060	0.0044	60.9148	1.2286	0.0577	4.5760	0.0021	0.0010	0.0125	0.0033	0.0026	0.0588	0.0015	0.0000	0.0104	0.1063	0.1823	0.0022	0.5514	0.5853	0.0010	0.0012	0.0001	0.0023	1.4075	0.0089	0.0000	-0.0028	4.9477	0.4415	2.0153	4.8853	0.0001	0.0000	0.0000	0.0000	0.0000	0.0000	0.0000	0.0000	0.0000	0.0052	0.0052	0.0000	0.0052	0.0052	0.0000	0.0000	0.0000	0.0000	0.0385	0.0347	0.0038	0.0131	0.0130	0.0002	0.0254	0.0217	0.0036	0.0491	0.0284	0.0207	0.0094	0.0088	0.0005	0.0397	0.0195	0.0202	0.0199	0.0054	5.5993	0.0060	0.0044	60.9148	1.2286	0.0577	4.5760	0.1063	0.1823	0.0022	0.5514	0.5853	0.0010	0.0012	0.0001	0.0023
67	109	0.1108	8	1	2	0	1	0	0	0	0	N	Y	N	N	N	N	N	N	N	N	N	N	0.0000	0.0000	0.0000	0.0000	0.0000	0.0000	0.0000	0.0000	0.0000	0.0000	0.0000	0.0000	0.0000	0.0000	0.0000	0.0000	0.0000	0.0000	0.0000	0.0000	4.9477	0.0000	2.0153	0.0000	0.0000	0.0000	0.0000	0.0000	0.0000	0.0000	0.0000	0.0000	0.0000	0.0000	0.0000	0.0000	0.0000	0.0000	0.0000	0.0000	0.0000	0.0000	0.0000	0.0000	0.0000	0.0000	0.0000	0.0000	0.0000	0.0000	0.0000	0.0000	0.0000	0.0000	0.0000	0.0000	0.0000	0.0000	0.0000	0.0000	0.0000	0.0000	0.0000	0.0000	0.0000	0.0000	0.0000	0.0000	0.0000	0.0000	0.0000	0.0000	0.0000	0.0000	0.0000	0.0000	0.0000	0.0000											
67	110	0.0958	7	1	2	0	1	0	0	0	0	N	Y	N	N	N	N	N	N	N	N	N	N	0.0000	0.0000	0.0000	0.0000	0.0000	0.0000	0.0000	0.0000	0.0000	0.0000	0.0000	0.0000	0.0000	0.0000	0.0000	0.0035	0.0058	0.0004	0.0175	0.0187	0.0074	0.0000	0.0000	0.0000	0.0500	0.0000	-0.0001	4.9477	0.0000	2.0153	7.1240	0.0000	0.0000	0.0000	0.0000	0.0000	0.0000	0.0000	0.0000	0.0000	0.0002	0.0002	0.0000	0.0002	0.0002	0.0000	0.0000	0.0000	0.0000	0.0000	0.0000	0.0000	0.0000	0.0000	0.0000	0.0000	0.0000	0.0000	0.0604	0.0347	0.0257	0.0120	0.0107	0.0013	0.0484	0.0240	0.0243	0.0000	0.0000	0.0000	0.0000	0.0000	0.0000	0.0000	0.0000	0.0000	0.0035	0.0058	0.0004	0.0175	0.0187	0.0074	0.0000	0.0000	0.0000				
67	111	0.1048	9	0	2	0	1	0	0	0	0	N	Y	N	N	N	N	N	N	N	N	N	N	0.0000	0.0000	0.0000	0.0000	0.0000	0.0000	0.0000	0.0000	0.0000	0.0000	0.0000	0.0000	0.0000	0.0003	0.0005	0.0000	0.0013	0.0015	0.0000	0.0000	0.0000	0.0000	0.0000	0.0000	-0.0000	4.9477	0.0016	2.0153	5.0076	0.0000	0.0000	0.0000	0.0000	0.0000	0.0000	0.0000	0.0000	0.0000	0.0000	0.0000	0.0000	0.0000	0.0000	0.0000	0.0000	0.0000	0.0000	0.0002	0.0002	0.0000	0.0001	0.0001	0.0000	0.0001	0.0001	0.0000	0.0407	0.0235	0.0173	0.0083	0.0071	0.0012	0.0324	0.0164	0.0160	0.0000	0.0000	0.0000	0.0000	0.0000	0.0000	0.0000	0.0000	0.0000	0.0003	0.0005	0.0000	0.0013	0.0015	0.0000	0.0000	0.0000	0.0000						
67	112	0.0980	8	0	2	0	1	0	0	0	0	N	Y	N	N	N	N	N	N	N	N	N	N	0.0000	0.0000	0.0000	0.0000	0.0000	0.0000	0.0000	0.0000	0.0000	0.0000	0.0000	0.0000	0.0000	0.0000	0.0000	0.0000	0.0000	0.0000	0.0000	0.0000	0.0001	0.0000	0.0000	0.0000	0.0000	0.0000	0.0001	49.8057	0.0000	0.0000	4.9477	1.0012	2.0153	2.1373	0.0000	0.0000	0.0000	0.0000	0.0000	0.0000	0.0000	0.0000	0.0000	0.0000	0.0000	0.0000	0.0000	0.0000	0.0000	0.0000	0.0000	0.0000	0.0359	0.0312	0.0047	0.0054	0.0051	0.0004	0.0304	0.0261	0.0043	0.0290	0.0168	0.0123	0.0064	0.0058	0.0006	0.0227	0.0110	0.0117	0.0000	0.0000	0.0000	0.0000	0.0000	0.0000	0.0000	0.0000	0.0000	0.0000	0.0000	0.0001	0.0000	0.0000	0.0000	0.0000	0.0000	0.0001	
67	113	0.1063	8	0	2	0	0	0	0	0	0	N	Y	N	N	N	N	N	N	N	N	N	N	0.0000	0.0000	0.0000	0.0000	0.0000	0.0000	0.0000	0.0000	0.0000	0.0000	0.0000	0.0000	0.0000	0.0000	0.0000	0.0000	0.0000	0.0000	0.4784	0.0036	1.1187	0.0183	0.0089	0.1124	0.6262	0.0003	1.1739	231.6987	0.0000	0.0116	4.9477	0.9705	2.0153	5.0371	0.0000	0.0000	0.0000	0.0000	0.0000	0.0000	0.0000	0.0000	0.0000	0.0255	0.0001	0.0254	0.0002	0.0001	0.0001	0.0253	0.0000	0.0253	0.0407	0.0357	0.0050	0.0091	0.0086	0.0005	0.0316	0.0271	0.0045	0.0533	0.0306	0.0227	0.0130	0.0118	0.0012	0.0404	0.0188	0.0215	0.0000	0.0000	0.0000	0.0000	0.0000	0.0000	0.0000	0.0000	0.0000	0.4784	0.0036	1.1187	0.0183	0.0089	0.1124	0.6262	0.0003	1.1739	
67	114	0.0980	8	0	1	1	1	0	0	0	0	N	N	N	N	N	N	N	N	N	N	N	N	0.0000	0.0000	0.0000	0.0000	0.0000	0.0000	0.0000	0.0000	0.0000	0.0000	0.0000	0.0000	0.0000	0.0000	0.0000	0.0000	0.0000	0.0000	0.0000	0.0000	4.9477	0.0000	2.0153	1.1303	0.0000	0.0000	0.0000	0.0000	0.0000	0.0000	0.0000	0.0000	0.0000	0.0000	0.0000	0.0000	0.0000	0.0000	0.0000	0.0000	0.0000	0.0000	0.0000	0.0000	0.0000	0.0000	0.0000	0.0000	0.0000	0.0000	0.0000	0.0130	0.0076	0.0054	0.0035	0.0033	0.0002	0.0094	0.0043	0.0051	0.0000	0.0000	0.0000	0.0000	0.0000	0.0000	0.0000	0.0000	0.0000	0.0000	0.0000	0.0000	0.0000	0.0000	0.0000	0.0000	0.0000	0.0000											
67	115	0.0958	7	0	1	0	1	0	0	0	0	N	N	N	N	N	N	N	N	N	N	N	N	0.0000	0.0000	0.0000	0.0000	0.0000	0.0000	0.0000	0.0000	0.0000	0.0000	0.0000	0.0000	0.0000	0.0000	0.0000	0.0000	0.0000	0.0000	0.0000	0.0000	0.0000	0.0000	0.0002	0.0000	0.0000	0.0000	0.9570	0.0000	-0.0000	4.9477	0.0000	2.0153	1.2340	0.0000	0.0000	0.0000	0.0000	0.0000	0.0000	0.0000	0.0000	0.0000	0.0000	0.0000	0.0000	0.0000	0.0000	0.0000	0.0000	0.0000	0.0000	0.0000	0.0000	0.0000	0.0000	0.0000	0.0000	0.0000	0.0000	0.0000	0.0141	0.0083	0.0058	0.0038	0.0036	0.0002	0.0103	0.0047	0.0055	0.0000	0.0000	0.0000	0.0000	0.0000	0.0000	0.0000	0.0000	0.0000	0.0000	0.0000	0.0000	0.0000	0.0000	0.0002	0.0000	0.0000	0.0000		
67	116	0.1033	8	0	1	1	1	0	0	0	0	N	N	N	N	N	N	N	N	N	N	N	N	2.8464	1.3906	inf	0.0000	0.0000	inf	inf	inf	inf	0.0099	0.0081	0.0229	0.0000	0.0000	0.0000	0.0123	0.0103	0.0249	0.0035	0.0058	0.0000	0.0160	0.0181	0.0000	0.0000	0.0000	0.0000	0.3929	0.0000	-0.0000	-0.0000	4.9477	0.9725	2.0153	0.9874	0.0004	0.0003	0.0001	0.0000	0.0000	0.0000	0.0004	0.0003	0.0001	0.0001	0.0001	0.0000	0.0001	0.0001	0.0000	0.0000	0.0000	0.0000	0.0383	0.0336	0.0047	0.0076	0.0072	0.0004	0.0307	0.0264	0.0043	0.0169	0.0101	0.0068	0.0037	0.0032	0.0004	0.0132	0.0068	0.0064	2.8464	1.3906	inf	0.0000	0.0000	inf	inf	inf	inf	0.0035	0.0058	0.0000	0.0160	0.0181	0.0000	0.0000	0.0000	0.0000
67	117	0.1033	8	0	1	1	1	0	0	0	0	N	N	N	N	N	N	N	N	N	N	N	N	71.3521	12585.0648	0.0000	7960.2021	8739.5496	0.0000	0.0000	0.0000	0.0029	0.0031	0.0000	0.0070	0.0071	0.0000	0.0000	0.0000	0.0000	0.0000	0.0000	0.0001	0.0000	0.0000	0.0000	0.0001	0.0000	0.0001	0.0000	274.6198	-0.0000	0.0000	4.9477	0.0285	2.0153	4.0215	0.0000	0.0000	0.0000	0.0000	0.0000	0.0000	0.0000	0.0000	0.0000	0.0000	0.0000	0.0000	0.0000	0.0000	0.0000	0.0000	0.0000	0.0000	0.0038	0.0035	0.0003	0.0016	0.0015	0.0000	0.0022	0.0019	0.0003	0.0334	0.0196	0.0137	0.0069	0.0061	0.0009	0.0264	0.0136	0.0129	71.3521	12585.0648	0.0000	7960.2021	8739.5496	0.0000	0.0000	0.0000	0.0000	0.0000	0.0000	0.0001	0.0000	0.0000	0.0000	0.0001	0.0000	0.0001	
67	118	0.0958	7	0	1	1	1	0	0	0	0	N	N	N	N	N	N	N	N	N	N	N	N	3.2168	1.5802	91.9971	0.0000	0.0000	0.0000	122.1189	56.0288	1221.1501	0.0001	0.0001	0.0002	0.0000	0.0000	0.0000	0.0001	0.0001	0.0002	0.0000	0.0001	0.0000	0.0001	0.0002	0.0000	0.0000	0.0000	0.0000	0.3927	0.0333	-0.0000	-0.0000	4.9477	3.0275	2.0153	2.1573	0.0000	0.0000	0.0000	0.0000	0.0000	0.0000	0.0000	0.0000	0.0000	0.0000	0.0000	0.0000	0.0000	0.0000	0.0000	0.0000	0.0000	0.0000	0.1073	0.0934	0.0139	0.0163	0.0151	0.0011	0.0911	0.0783	0.0128	0.0454	0.0262	0.0192	0.0094	0.0084	0.0010	0.0360	0.0178	0.0183	3.2168	1.5802	91.9971	0.0000	0.0000	0.0000	122.1189	56.0288	1221.1501	0.0000	0.0001	0.0000	0.0001	0.0002	0.0000	0.0000	0.0000	0.0000
67	119	0.1371	7	1	2	0	0	0	0	0	0	N	Y	N	N	N	N	N	N	N	N	N	N	0.0036	2.1730	0.0000	1.0885	6.9592	0.0000	0.0000	0.0093	0.0000	0.0063	0.0071	0.0000	0.0296	0.0310	0.0000	0.0000	0.0000	0.0000	1.7249	0.0033	3.9767	0.0272	0.0044	0.9906	2.6281	0.0015	4.0536	0.0001	932.5679	-0.0002	0.0642	4.9477	2.1883	2.0153	3.1271	0.0006	0.0006	0.0000	0.0006	0.0006	0.0000	0.0000	0.0000	0.0000	0.1408	0.0002	0.1406	0.0008	0.0001	0.0006	0.1400	0.0000	0.1400	0.0947	0.0839	0.0109	0.0201	0.0192	0.0009	0.0747	0.0647	0.0099	0.0816	0.0463	0.0354	0.0283	0.0275	0.0008	0.0533	0.0187	0.0345	0.0036	2.1730	0.0000	1.0885	6.9592	0.0000	0.0000	0.0093	0.0000	1.7249	0.0033	3.9767	0.0272	0.0044	0.7795	2.6281	0.0015	4.0536
67	120	0.0701	6	1	2	0	0	0	0	0	0	N	Y	N	N	N	N	N	N	N	N	N	N	6.1203	3.9723	0.3643	4.8314	5.4447	329.6880	3.6148	301.9393	0.1331	3.8756	4.4343	0.0074	25.8032	27.3511	0.0720	0.0377	0.0433	0.0028	0.6332	1.1163	0.0203	5.3407	5.0234	0.0002	0.0104	0.0001	0.0208	0.0002	0.0143	-0.7525	-0.0753	4.9477	13.6104	2.0153	16.0982	1.9761	1.9756	0.0005	1.9597	1.9594	0.0003	0.0163	0.0162	0.0002	0.1424	0.1403	0.0020	0.1403	0.1403	0.0000	0.0020	0.0000	0.0020	0.5099	0.4455	0.0643	0.0759	0.0716	0.0043	0.4339	0.3739	0.0600	0.2248	0.1257	0.0991	0.0303	0.0280	0.0023	0.1945	0.0978	0.0968	6.1203	3.9723	0.3643	5.5703	5.4515	329.6880	3.6148	301.9393	0.1331	0.6332	1.1163	0.0203	4.6323	5.0172	0.0002	0.0104	0.0001	0.0208
67	121	0.0747	6	0	2	0	0	0	0	0	0	N	Y	N	N	N	N	N	N	N	N	N	N	115.1009	0.9776	461.1717	8.8630	0.7266	83.0043	151.2491	3.3367	489.9102	0.3045	0.0006	3.0444	0.0126	0.0008	0.8299	0.4974	0.0005	3.1772	0.0026	0.0006	0.0066	0.0014	0.0011	0.0100	0.0033	0.0001	0.0065	539.7230	5.2302	0.0079	0.0001	4.9477	0.3548	2.0153	4.6068	0.0128	0.0000	0.0128	0.0002	0.0000	0.0002	0.0126	0.0000	0.0126	0.0002	0.0000	0.0002	0.0000	0.0000	0.0000	0.0002	0.0000	0.0002	0.0421	0.0379	0.0042	0.0167	0.0165	0.0002	0.0253	0.0214	0.0040	0.0849	0.0563	0.0285	0.0292	0.0283	0.0009	0.0556	0.0280	0.0276	115.1009	0.9776	461.1717	8.8630	0.7266	83.0043	151.2491	3.3367	489.9102	0.0026	0.0006	0.0066	0.0014	0.0011	0.0100	0.0033	0.0001	0.0065
67	122	0.0598	5	0	2	0	0	0	0	0	0	N	Y	N	N	N	N	N	N	N	N	N	N	3.9154	27.8775	10.2149	19.2895	31.5698	0.6598	3.1503	1.5289	10.7153	0.5083	0.1665	2.9343	0.6418	0.6560	0.1576	0.4687	0.0005	3.0893	0.1298	0.0060	0.2873	0.0333	0.0208	0.2389	0.1488	0.0003	0.2883	2.4818	37.8206	0.0144	0.0037	4.9477	1.6911	2.0153	5.7022	0.0433	0.0124	0.0308	0.0125	0.0124	0.0001	0.0308	0.0000	0.0308	0.0086	0.0002	0.0084	0.0004	0.0002	0.0001	0.0083	0.0000	0.0083	0.0851	0.0746	0.0105	0.0195	0.0189	0.0006	0.0657	0.0557	0.0100	0.0665	0.0372	0.0293	0.0109	0.0103	0.0006	0.0556	0.0269	0.0287	3.9154	27.8775	10.2149	19.2895	31.5698	0.6598	3.1503	1.5289	10.7153	0.1298	0.0060	0.2873	0.0333	0.0208	0.2389	0.1488	0.0003	0.2883
67	124	0.1109	9	1	2	0	0	0	0	0	0	N	Y	N	N	N	N	N	N	N	N	N	N	0.0000	0.0000	0.0000	0.0000	0.0000	0.0000	0.0000	0.0000	0.0000	0.0000	0.0000	0.0000	0.0000	0.0000	0.0000	0.0000	0.0000	0.0000	0.0000	0.0000	4.9477	0.0000	2.0153	0.0000	0.0000	0.0000	0.0000	0.0000	0.0000	0.0000	0.0000	0.0000	0.0000	0.0000	0.0000	0.0000	0.0000	0.0000	0.0000	0.0000	0.0000	0.0000	0.0000	0.0000	0.0000	0.0000	0.0000	0.0000	0.0000	0.0000	0.0000	0.0000	0.0000	0.0000	0.0000	0.0000	0.0000	0.0000	0.0000	0.0000	0.0000	0.0000	0.0000	0.0000	0.0000	0.0000	0.0000	0.0000	0.0000	0.0000	0.0000	0.0000	0.0000	0.0000	0.0000	0.0000	0.0000	0.0000											
67	125	0.1063	8	1	2	0	0	0	0	0	0	N	Y	N	N	N	N	N	N	N	N	N	N	0.0000	0.0000	0.0000	0.0000	0.0000	0.0000	0.0000	0.0000	0.0000	0.0000	0.0000	0.0000	0.0000	0.0000	0.0000	0.0000	0.0000	0.0000	36.8550	64.1493	0.0736	143.6947	143.4609	0.0035	0.0453	0.0016	0.0766	0.0009	0.0000	-0.4899	4.9477	0.1434	2.0153	1.9839	0.0000	0.0000	0.0000	0.0000	0.0000	0.0000	0.0000	0.0000	0.0000	0.9038	0.9030	0.0008	0.9030	0.9030	0.0000	0.0008	0.0000	0.0008	0.0111	0.0100	0.0011	0.0044	0.0042	0.0002	0.0067	0.0057	0.0010	0.0245	0.0141	0.0104	0.0073	0.0069	0.0004	0.0172	0.0072	0.0100	0.0000	0.0000	0.0000	0.0000	0.0000	0.0000	0.0000	0.0000	0.0000	36.8550	64.1493	0.0736	122.8784	130.6213	0.0035	0.0453	0.0016	0.0766	
67	126	0.0958	7	0	2	0	0	0	0	0	0	N	Y	N	N	N	N	N	N	N	N	N	N	0.0000	0.0000	0.0000	0.0000	0.0000	0.0000	0.0000	0.0000	0.0000	0.0000	0.0000	0.0000	0.0000	0.0000	0.0000	0.0000	0.0000	0.0000	0.6003	1.0400	0.0012	2.9565	3.2073	0.0001	0.0007	0.0000	0.0013	0.0009	0.0000	-0.0138	4.9477	1.8882	2.0153	2.9115	0.0000	0.0000	0.0000	0.0000	0.0000	0.0000	0.0000	0.0000	0.0000	0.0254	0.0254	0.0000	0.0254	0.0254	0.0000	0.0000	0.0000	0.0000	0.0673	0.0586	0.0087	0.0102	0.0095	0.0007	0.0571	0.0491	0.0080	0.0424	0.0244	0.0179	0.0088	0.0079	0.0009	0.0336	0.0165	0.0170	0.0000	0.0000	0.0000	0.0000	0.0000	0.0000	0.0000	0.0000	0.0000	0.6003	1.0400	0.0012	2.8753	3.2073	0.0001	0.0007	0.0000	0.0013	
67	127	0.0701	6	0	1	0	0	0	0	0	0	N	N	N	N	N	N	N	N	N	N	N	N	2.0649	0.3648	8.0717	2.2898	1.0785	656.5201	2.2557	0.0007	8.3203	0.1372	0.0012	1.1843	0.0100	0.0050	0.1643	0.1732	0.0000	1.2489	0.0665	0.0033	0.1467	0.0044	0.0047	0.0003	0.0768	0.0029	0.1501	126.4815	34.6095	0.0147	0.0030	4.9477	3.5543	2.0153	9.0319	0.0241	0.0002	0.0239	0.0004	0.0002	0.0002	0.0237	0.0000	0.0237	0.0069	0.0002	0.0067	0.0001	0.0001	0.0000	0.0069	0.0001	0.0067	0.1753	0.1552	0.0202	0.0386	0.0374	0.0012	0.1367	0.1177	0.0190	0.1043	0.0584	0.0459	0.0149	0.0138	0.0010	0.0895	0.0446	0.0449	2.0649	0.3648	8.0717	2.2898	1.0785	656.5201	2.2557	0.0007	8.3203	0.0665	0.0033	0.1467	0.0044	0.0047	0.0003	0.0768	0.0029	0.1501
68	73	0.1113	9	0	0	1	0	0	0	0	0	N	N	N	N	N	N	N	N	N	N	N	N	0.0000	0.0000	0.0000	0.0000	0.0000	0.0000	0.0000	0.0000	0.0000	0.0000	0.0000	0.0000	0.0000	0.0000	0.0000	0.0005	0.0008	0.0000	0.0030	0.0035	0.0000	0.0000	0.0000	0.0000	0.0000	0.0000	-0.0000	0.0000	4.0673	4.0001	17.8409	0.0000	0.0000	0.0000	0.0000	0.0000	0.0000	0.0000	0.0000	0.0000	0.0000	0.0000	0.0000	0.0000	0.0000	0.0000	0.0000	0.0000	0.0000	0.0000	0.0000	0.0000	0.0000	0.0000	0.0000	0.0000	0.0000	0.0000	0.0838	0.0479	0.0359	0.0134	0.0114	0.0020	0.0704	0.0365	0.0339	0.0000	0.0000	0.0000	0.0000	0.0000	0.0000	0.0000	0.0000	0.0000	0.0005	0.0008	0.0000	0.0030	0.0035	0.0000	0.0000	0.0000	0.0000				
68	75	0.2480	13	0	0	1	0	0	0	0	0	N	N	N	N	N	N	N	N	N	N	N	N	0.0000	0.0000	0.0000	0.0000	0.0000	0.0000	0.0000	0.0000	0.0000	0.0000	0.0000	0.0000	0.0000	0.0000	0.0000	0.0000	0.0000	0.0000	5.2875	0.0064	18.9744	0.2366	0.0108	2.8788	9.5235	0.0000	22.5888	1219.8517	0.0000	0.7703	0.0000	3.5843	4.0001	46.7516	0.0000	0.0000	0.0000	0.0000	0.0000	0.0000	0.0000	0.0000	0.0000	1.6884	0.0014	1.6870	0.0345	0.0014	0.0331	1.6540	0.0000	1.6539	0.0000	0.0000	0.0000	0.0000	0.0000	0.0000	0.0000	0.0000	0.0000	0.3193	0.2153	0.1040	0.1456	0.1278	0.0179	0.1737	0.0875	0.0862	0.0000	0.0000	0.0000	0.0000	0.0000	0.0000	0.0000	0.0000	0.0000	5.2875	0.0064	16.2137	0.2366	0.0108	1.8514	9.5235	0.0000	19.1911	
68	76	0.2131	19	1	1	2	0	0	0	0	0	N	N	Y	N	N	N	N	N	N	N	N	N	0.0000	0.0000	0.0000	0.0000	0.0000	0.0000	0.0000	0.0000	0.0000	0.0000	0.0000	0.0000	0.0000	0.0000	0.0000	0.0000	0.0000	0.0000	0.0000	0.0000	0.0000	1.0003	4.0001	1.0071	0.0000	0.0000	0.0000	0.0000	0.0000	0.0000	0.0000	0.0000	0.0000	0.0000	0.0000	0.0000	0.0000	0.0000	0.0000	0.0000	0.0000	0.0000	0.0000	0.0000	0.0000	0.0000	0.0000	0.0000	0.0000	0.0000	0.0000	0.0085	0.0052	0.0033	0.0027	0.0024	0.0004	0.0058	0.0029	0.0029	0.0000	0.0000	0.0000	0.0000	0.0000	0.0000	0.0000	0.0000	0.0000	0.0000	0.0000	0.0000	0.0000	0.0000	0.0000	0.0000	0.0000	0.0000											
68	77	0.2064	18	1	0	2	0	0	0	0	0	N	N	Y	N	N	N	N	N	N	N	N	N	0.0000	0.0000	0.0000	0.0000	0.0000	0.0000	0.0000	0.0000	0.0000	0.0000	0.0000	0.0000	0.0000	0.0000	0.0000	0.0000	0.0000	0.0000	0.0000	0.0000	0.0000	0.9901	4.0001	2.2068	0.0000	0.0000	0.0000	0.0000	0.0000	0.0000	0.0000	0.0000	0.0000	0.0000	0.0000	0.0000	0.0000	0.0000	0.0000	0.0000	0.0000	0.0000	0.0000	0.0000	0.0000	0.0000	0.0000	0.0000	0.0000	0.0000	0.0000	0.0438	0.0327	0.0111	0.0187	0.0182	0.0005	0.0251	0.0145	0.0106	0.0000	0.0000	0.0000	0.0000	0.0000	0.0000	0.0000	0.0000	0.0000	0.0000	0.0000	0.0000	0.0000	0.0000	0.0000	0.0000	0.0000	0.0000											
68	78	0.1288	10	0	1	1	0	0	0	0	0	N	N	N	N	N	N	N	N	N	N	N	N	0.0000	0.0000	0.0000	0.0000	0.0000	0.0000	0.0000	0.0000	0.0000	0.0000	0.0000	0.0000	0.0000	0.0000	0.0000	0.0000	0.0000	0.0000	0.0004	0.0006	0.0000	0.0015	0.0016	0.0000	0.0000	0.0000	0.0000	0.0001	0.0000	-0.0000	0.0000	8.4371	4.0001	15.3349	0.0000	0.0000	0.0000	0.0000	0.0000	0.0000	0.0000	0.0000	0.0000	0.0000	0.0000	0.0000	0.0000	0.0000	0.0000	0.0000	0.0000	0.0000	0.0000	0.0000	0.0000	0.0000	0.0000	0.0000	0.0000	0.0000	0.0000	0.1132	0.0698	0.0434	0.0275	0.0247	0.0028	0.0857	0.0451	0.0406	0.0000	0.0000	0.0000	0.0000	0.0000	0.0000	0.0000	0.0000	0.0000	0.0004	0.0006	0.0000	0.0015	0.0016	0.0000	0.0000	0.0000	0.0000	
68	79	0.2064	18	1	0	2	0	0	0	0	0	N	N	Y	N	N	N	N	N	N	N	N	N	0.0000	0.0000	0.0000	0.0000	0.0000	0.0000	0.0000	0.0000	0.0000	0.0000	0.0000	0.0000	0.0000	0.0000	0.0000	0.0000	0.0000	0.0000	0.0000	0.0000	0.0000	3.0096	4.0001	5.7427	0.0000	0.0000	0.0000	0.0000	0.0000	0.0000	0.0000	0.0000	0.0000	0.0000	0.0000	0.0000	0.0000	0.0000	0.0000	0.0000	0.0000	0.0000	0.0000	0.0000	0.0000	0.0000	0.0000	0.0000	0.0000	0.0000	0.0000	0.0649	0.0451	0.0198	0.0238	0.0225	0.0014	0.0410	0.0226	0.0184	0.0000	0.0000	0.0000	0.0000	0.0000	0.0000	0.0000	0.0000	0.0000	0.0000	0.0000	0.0000	0.0000	0.0000	0.0000	0.0000	0.0000	0.0000											
68	80	0.1908	17	1	0	2	0	0	0	0	0	N	N	Y	N	N	N	N	N	N	N	N	N	0.0000	0.0000	0.0000	0.0000	0.0000	0.0000	0.0000	0.0000	0.0000	0.0000	0.0000	0.0000	0.0000	0.0000	0.0000	0.0000	0.0000	0.0000	0.0885	0.0000	0.2327	0.0222	0.0000	0.2158	0.1128	0.0000	0.2340	25321.9442	0.0000	0.0014	0.0000	1.0477	4.0001	6.1154	0.0000	0.0000	0.0000	0.0000	0.0000	0.0000	0.0000	0.0000	0.0000	0.0031	0.0000	0.0031	0.0002	0.0000	0.0002	0.0029	0.0000	0.0029	0.0000	0.0000	0.0000	0.0000	0.0000	0.0000	0.0000	0.0000	0.0000	0.0353	0.0219	0.0135	0.0095	0.0085	0.0010	0.0259	0.0134	0.0125	0.0000	0.0000	0.0000	0.0000	0.0000	0.0000	0.0000	0.0000	0.0000	0.0885	0.0000	0.2327	0.0222	0.0000	0.2158	0.1128	0.0000	0.2340	
68	81	0.1843	16	0	0	1	0	0	0	0	0	N	N	N	N	N	N	N	N	N	N	N	N	0.0000	0.0000	0.0000	0.0000	0.0000	0.0000	0.0000	0.0000	0.0000	0.0000	0.0000	0.0000	0.0000	0.0000	0.0000	0.0000	0.0000	0.0000	0.2429	0.4070	0.0019	1.1923	1.3793	0.0001	0.0010	0.0000	0.0020	0.0032	0.0000	-0.0017	0.0000	1.9794	4.0001	1.0196	0.0000	0.0000	0.0000	0.0000	0.0000	0.0000	0.0000	0.0000	0.0000	0.0031	0.0031	0.0000	0.0031	0.0031	0.0000	0.0000	0.0000	0.0000	0.0000	0.0000	0.0000	0.0000	0.0000	0.0000	0.0000	0.0000	0.0000	0.0129	0.0077	0.0052	0.0026	0.0023	0.0004	0.0103	0.0054	0.0049	0.0000	0.0000	0.0000	0.0000	0.0000	0.0000	0.0000	0.0000	0.0000	0.2429	0.4070	0.0019	1.1923	1.3793	0.0001	0.0010	0.0000	0.0020	
68	82	0.1821	15	0	0	1	0	0	0	0	0	N	N	N	N	N	N	N	N	N	N	N	N	0.0000	0.0000	0.0000	0.0000	0.0000	0.0000	0.0000	0.0000	0.0000	0.0000	0.0000	0.0000	0.0000	0.0000	0.0000	0.0000	0.0064	0.0036	0.0105	0.0100	0.0114	0.0000	0.0054	0.0000	0.0112	1.9999	0.0000	0.0000	0.0000	1.0114	4.0001	0.0202	0.0000	0.0000	0.0000	0.0000	0.0000	0.0000	0.0000	0.0000	0.0000	0.0000	0.0000	0.0000	0.0000	0.0000	0.0000	0.0000	0.0000	0.0000	0.0000	0.0000	0.0000	0.0000	0.0000	0.0000	0.0000	0.0000	0.0000	0.0047	0.0028	0.0019	0.0010	0.0009	0.0001	0.0037	0.0019	0.0018	0.0000	0.0000	0.0000	0.0000	0.0000	0.0000	0.0000	0.0000	0.0000	0.0064	0.0036	0.0105	0.0100	0.0114	0.0000	0.0054	0.0000	0.0112			
68	83	0.1616	14	0	0	1	0	0	0	0	0	N	N	N	N	N	N	N	N	N	N	N	N	0.0000	0.0000	0.0000	0.0000	0.0000	0.0000	0.0000	0.0000	0.0000	0.0000	0.0000	0.0000	0.0000	0.0000	0.0000	0.0000	0.0000	0.0000	0.9200	0.4732	1.5857	1.3104	1.4048	0.7929	0.8051	0.0000	1.6551	2.2486	0.0000	0.0061	0.0000	5.9223	4.0001	3.6882	0.0000	0.0000	0.0000	0.0000	0.0000	0.0000	0.0000	0.0000	0.0000	0.0410	0.0126	0.0284	0.0133	0.0126	0.0006	0.0277	0.0000	0.0277	0.0000	0.0000	0.0000	0.0000	0.0000	0.0000	0.0000	0.0000	0.0000	0.0446	0.0267	0.0179	0.0101	0.0090	0.0011	0.0345	0.0177	0.0168	0.0000	0.0000	0.0000	0.0000	0.0000	0.0000	0.0000	0.0000	0.0000	0.9200	0.4732	1.5857	1.3104	1.4048	0.5685	0.8051	0.0000	1.6551	
68	84	0.1487	12	0	1	1	0	0	0	0	0	N	N	N	N	N	N	N	N	N	N	N	N	0.0000	0.0000	0.0000	0.0000	0.0000	0.0000	0.0000	0.0000	0.0000	0.0000	0.0000	0.0000	0.0000	0.0000	0.0000	0.0000	0.0000	0.0000	0.0005	0.0008	0.0001	0.0021	0.0024	0.0000	0.0001	0.0000	0.0001	0.1034	0.0000	-0.0000	0.0000	7.1084	4.0001	28.8937	0.0000	0.0000	0.0000	0.0000	0.0000	0.0000	0.0000	0.0000	0.0000	0.0001	0.0001	0.0000	0.0001	0.0001	0.0000	0.0000	0.0000	0.0000	0.0000	0.0000	0.0000	0.0000	0.0000	0.0000	0.0000	0.0000	0.0000	0.1612	0.0951	0.0661	0.0385	0.0336	0.0049	0.1228	0.0615	0.0612	0.0000	0.0000	0.0000	0.0000	0.0000	0.0000	0.0000	0.0000	0.0000	0.0005	0.0008	0.0001	0.0021	0.0024	0.0000	0.0001	0.0000	0.0001	
68	85	0.1412	11	0	1	1	0	0	0	0	0	N	N	N	N	N	N	N	N	N	N	N	N	0.0000	0.0000	0.0000	0.0000	0.0000	0.0000	0.0000	0.0000	0.0000	0.0000	0.0000	0.0000	0.0000	0.0000	0.0000	0.0000	0.0000	0.0000	0.0026	0.0029	0.0018	0.0028	0.0030	0.0000	0.0024	0.0029	0.0020	0.3106	0.0000	-0.0000	0.0000	2.2208	4.0001	3.9129	0.0000	0.0000	0.0000	0.0000	0.0000	0.0000	0.0000	0.0000	0.0000	0.0001	0.0001	0.0000	0.0001	0.0001	0.0000	0.0001	0.0001	0.0000	0.0000	0.0000	0.0000	0.0000	0.0000	0.0000	0.0000	0.0000	0.0000	0.0516	0.0346	0.0170	0.0181	0.0171	0.0010	0.0335	0.0175	0.0161	0.0000	0.0000	0.0000	0.0000	0.0000	0.0000	0.0000	0.0000	0.0000	0.0026	0.0029	0.0018	0.0028	0.0030	0.0000	0.0024	0.0029	0.0020	
68	86	0.2167	13	0	0	2	0	0	0	0	0	N	N	Y	N	N	N	N	N	N	N	N	N	0.0000	0.0000	0.0000	0.0000	0.0000	0.0000	0.0000	0.0000	0.0000	0.0000	0.0000	0.0000	0.0000	0.0000	0.0000	0.0000	0.0000	0.0031	0.0053	0.0000	0.0110	0.0134	0.0000	0.0000	0.0000	0.0000	0.0001	0.0000	-0.0001	0.0000	5.3425	4.0001	7.0749	0.0000	0.0000	0.0000	0.0000	0.0000	0.0000	0.0000	0.0000	0.0000	0.0002	0.0002	0.0000	0.0002	0.0002	0.0000	0.0000	0.0000	0.0000	0.0000	0.0000	0.0000	0.0000	0.0000	0.0000	0.0000	0.0000	0.0000	0.0556	0.0322	0.0234	0.0155	0.0127	0.0028	0.0401	0.0195	0.0206	0.0000	0.0000	0.0000	0.0000	0.0000	0.0000	0.0000	0.0000	0.0000	0.0031	0.0053	0.0000	0.0110	0.0134	0.0000	0.0000	0.0000	0.0000		
68	87	0.1735	12	0	0	1	0	0	0	0	0	N	N	N	N	N	N	N	N	N	N	N	N	0.0000	0.0000	0.0000	0.0000	0.0000	0.0000	0.0000	0.0000	0.0000	0.0000	0.0000	0.0000	0.0000	0.0000	0.0000	0.0000	0.0000	0.0000	0.0498	0.0771	0.0021	0.1407	0.1590	0.0000	0.0020	0.0016	0.0024	0.0159	0.0000	-0.0034	0.0000	7.0719	4.0001	13.7350	0.0000	0.0000	0.0000	0.0000	0.0000	0.0000	0.0000	0.0000	0.0000	0.0064	0.0063	0.0001	0.0063	0.0063	0.0000	0.0002	0.0001	0.0001	0.0000	0.0000	0.0000	0.0000	0.0000	0.0000	0.0000	0.0000	0.0000	0.1291	0.0820	0.0470	0.0445	0.0394	0.0051	0.0846	0.0427	0.0419	0.0000	0.0000	0.0000	0.0000	0.0000	0.0000	0.0000	0.0000	0.0000	0.0498	0.0771	0.0021	0.1407	0.1590	0.0000	0.0020	0.0016	0.0024	
68	88	0.2167	20	1	0	2	0	0	0	0	0	N	N	Y	N	N	N	N	N	N	N	N	N	0.0000	0.0000	0.0000	0.0000	0.0000	0.0000	0.0000	0.0000	0.0000	0.0000	0.0000	0.0000	0.0000	0.0000	0.0000	0.0000	0.0000	0.0000	0.0000	0.0000	0.0000	0.0000	4.0001	0.0000	0.0000	0.0000	0.0000	0.0000	0.0000	0.0000	0.0000	0.0000	0.0000	0.0000	0.0000	0.0000	0.0000	0.0000	0.0000	0.0000	0.0000	0.0000	0.0000	0.0000	0.0000	0.0000	0.0000	0.0000	0.0000	0.0000	0.0000	0.0000	0.0000	0.0000	0.0000	0.0000	0.0000	0.0000	0.0000	0.0000	0.0000	0.0000	0.0000	0.0000	0.0000	0.0000	0.0000	0.0000	0.0000	0.0000	0.0000	0.0000	0.0000	0.0000	0.0000	0.0000	0.0000	0.0000											
68	89	0.2148	19	1	0	2	0	0	0	0	0	N	N	Y	N	N	N	N	N	N	N	N	N	0.0000	0.0000	0.0000	0.0000	0.0000	0.0000	0.0000	0.0000	0.0000	0.0000	0.0000	0.0000	0.0000	0.0000	0.0000	132.6733	176.1916	0.0000	310.9857	328.8403	0.0000	0.0000	0.0000	0.0000	0.0000	0.0000	-0.4904	0.0000	0.0001	4.0001	0.9161	0.0000	0.0000	0.0000	0.0000	0.0000	0.0000	0.0000	0.0000	0.0000	0.9031	0.9031	0.0000	0.9031	0.9031	0.0000	0.0000	0.0000	0.0000	0.0000	0.0000	0.0000	0.0000	0.0000	0.0000	0.0000	0.0000	0.0000	0.0074	0.0051	0.0023	0.0029	0.0027	0.0002	0.0045	0.0024	0.0022	0.0000	0.0000	0.0000	0.0000	0.0000	0.0000	0.0000	0.0000	0.0000	121.3851	176.1916	0.0000	310.9857	328.8403	0.0000	0.0000	0.0000	0.0000				
68	90	0.1900	18	1	0	2	0	0	0	0	0	N	N	Y	N	N	N	N	N	N	N	N	N	0.0000	0.0000	0.0000	0.0000	0.0000	0.0000	0.0000	0.0000	0.0000	0.0000	0.0000	0.0000	0.0000	0.0000	0.0000	0.0000	0.0000	0.0000	2.8842	2.9699	2.7413	7.6304	7.5554	0.0505	1.4424	0.0004	2.9990	0.5539	0.0000	-0.0265	0.0000	3.7876	4.0001	7.8440	0.0000	0.0000	0.0000	0.0000	0.0000	0.0000	0.0000	0.0000	0.0000	0.1422	0.0915	0.0507	0.0916	0.0915	0.0001	0.0506	0.0000	0.0506	0.0000	0.0000	0.0000	0.0000	0.0000	0.0000	0.0000	0.0000	0.0000	0.0493	0.0308	0.0185	0.0142	0.0126	0.0016	0.0351	0.0182	0.0169	0.0000	0.0000	0.0000	0.0000	0.0000	0.0000	0.0000	0.0000	0.0000	2.8842	2.9699	2.7413	6.4429	7.2630	0.0505	1.4424	0.0004	2.9990	
68	91	0.1008	8	0	1	1	1	0	0	0	0	N	N	N	N	N	N	N	N	N	N	N	N	0.0000	0.0000	0.0000	0.0000	0.0000	0.0000	0.0000	0.0000	0.0000	0.0000	0.0000	0.0000	0.0000	0.0000	0.0000	0.0000	0.0000	0.0000	12.7140	0.0009	57.5583	0.0203	0.0034	0.1430	15.3027	0.0000	57.3399	25349.3783	0.0000	0.4545	0.0000	1.8247	4.0001	16.3284	0.0000	0.0000	0.0000	0.0000	0.0000	0.0000	0.0000	0.0000	0.0000	0.9946	0.0000	0.9946	0.0003	0.0000	0.0002	0.9944	0.0000	0.9944	0.0000	0.0000	0.0000	0.0000	0.0000	0.0000	0.0000	0.0000	0.0000	0.0782	0.0446	0.0336	0.0133	0.0116	0.0016	0.0650	0.0330	0.0320	0.0000	0.0000	0.0000	0.0000	0.0000	0.0000	0.0000	0.0000	0.0000	12.7140	0.0009	29.6045	0.0203	0.0034	0.1430	15.3027	0.0000	31.0857	
68	92	0.1113	9	0	1	1	0	0	0	0	0	N	N	N	N	N	N	N	N	N	N	N	N	0.0000	0.0000	0.0000	0.0000	0.0000	0.0000	0.0000	0.0000	0.0000	0.0000	0.0000	0.0000	0.0000	0.0000	0.0000	0.0004	0.0000	0.0010	0.0027	0.0000	0.0179	0.0000	0.0000	0.0000	inf	0.0000	0.0000	0.0000	9.1310	4.0001	16.1726	0.0000	0.0000	0.0000	0.0000	0.0000	0.0000	0.0000	0.0000	0.0000	0.0000	0.0000	0.0000	0.0000	0.0000	0.0000	0.0000	0.0000	0.0000	0.0000	0.0000	0.0000	0.0000	0.0000	0.0000	0.0000	0.0000	0.0000	0.0950	0.0543	0.0407	0.0150	0.0127	0.0022	0.0800	0.0416	0.0385	0.0000	0.0000	0.0000	0.0000	0.0000	0.0000	0.0000	0.0000	0.0000	0.0004	0.0000	0.0010	0.0027	0.0000	0.0179	0.0000	0.0000	0.0000				
68	93	0.0678	7	0	1	1	0	0	0	0	0	N	N	N	N	N	N	N	N	N	N	N	N	0.0000	0.0000	0.0000	0.0000	0.0000	0.0000	0.0000	0.0000	0.0000	0.0000	0.0000	0.0000	0.0000	0.0000	0.0000	0.0000	0.0000	0.0000	0.0004	0.0005	0.0002	0.0013	0.0014	0.0013	0.0001	0.0000	0.0001	0.2759	0.0000	-0.0000	0.0000	4.0959	4.0001	8.7137	0.0000	0.0000	0.0000	0.0000	0.0000	0.0000	0.0000	0.0000	0.0000	0.0000	0.0000	0.0000	0.0000	0.0000	0.0000	0.0000	0.0000	0.0000	0.0000	0.0000	0.0000	0.0000	0.0000	0.0000	0.0000	0.0000	0.0000	0.0706	0.0423	0.0283	0.0169	0.0148	0.0021	0.0537	0.0275	0.0262	0.0000	0.0000	0.0000	0.0000	0.0000	0.0000	0.0000	0.0000	0.0000	0.0004	0.0005	0.0002	0.0013	0.0014	0.0013	0.0001	0.0000	0.0001	
68	94	0.0495	6	0	1	1	0	0	0	0	0	N	N	N	N	N	N	N	N	N	N	N	N	0.0000	0.0000	0.0000	0.0000	0.0000	0.0000	0.0000	0.0000	0.0000	0.0000	0.0000	0.0000	0.0000	0.0000	0.0000	0.0000	0.0000	0.0006	0.0005	0.0007	0.0000	0.0000	0.0000	0.0007	0.0007	0.0008	1.1461	0.0000	-0.0000	0.0000	2.9443	4.0001	6.1524	0.0000	0.0000	0.0000	0.0000	0.0000	0.0000	0.0000	0.0000	0.0000	0.0000	0.0000	0.0000	0.0000	0.0000	0.0000	0.0000	0.0000	0.0000	0.0000	0.0000	0.0000	0.0000	0.0000	0.0000	0.0000	0.0000	0.0000	0.0459	0.0265	0.0194	0.0085	0.0076	0.0009	0.0374	0.0189	0.0185	0.0000	0.0000	0.0000	0.0000	0.0000	0.0000	0.0000	0.0000	0.0000	0.0006	0.0005	0.0007	0.0000	0.0000	0.0000	0.0007	0.0007	0.0008		
68	95	0.0470	5	0	0	1	0	0	0	0	0	N	N	N	N	N	N	N	N	N	N	N	N	0.0000	0.0000	0.0000	0.0000	0.0000	0.0000	0.0000	0.0000	0.0000	0.0000	0.0000	0.0000	0.0000	0.0000	0.0000	0.0000	0.0000	0.0000	0.0000	0.0000	0.0000	0.0000	0.0000	0.0000	0.0000	0.6435	0.0000	-0.0000	0.0000	0.8596	4.0001	1.2300	0.0000	0.0000	0.0000	0.0000	0.0000	0.0000	0.0000	0.0000	0.0000	0.0000	0.0000	0.0000	0.0000	0.0000	0.0000	0.0000	0.0000	0.0000	0.0000	0.0000	0.0000	0.0000	0.0000	0.0000	0.0000	0.0000	0.0000	0.0196	0.0128	0.0068	0.0062	0.0060	0.0002	0.0134	0.0068	0.0066	0.0000	0.0000	0.0000	0.0000	0.0000	0.0000	0.0000	0.0000	0.0000	0.0000	0.0000	0.0000	0.0000	0.0000	0.0000	0.0000	0.0000	0.0000			
68	98	0.1900	18	0	1	1	0	0	0	0	0	N	N	N	N	N	N	N	N	N	N	N	N	0.0000	0.0000	0.0000	0.0000	0.0000	0.0000	0.0000	0.0000	0.0000	0.0000	0.0000	0.0000	0.0000	0.0000	0.0000	0.0000	0.0000	0.0000	1.0052	0.0000	2.6648	0.0057	0.0000	0.0483	1.4023	0.0000	2.9185	10397420.2726	0.0000	0.0257	0.0000	1.3608	4.0001	12.1483	0.0000	0.0000	0.0000	0.0000	0.0000	0.0000	0.0000	0.0000	0.0000	0.0561	0.0000	0.0561	0.0001	0.0000	0.0001	0.0561	0.0000	0.0561	0.0000	0.0000	0.0000	0.0000	0.0000	0.0000	0.0000	0.0000	0.0000	0.0559	0.0348	0.0211	0.0159	0.0140	0.0019	0.0400	0.0208	0.0192	0.0000	0.0000	0.0000	0.0000	0.0000	0.0000	0.0000	0.0000	0.0000	1.0052	0.0000	2.6648	0.0057	0.0000	0.0483	1.4023	0.0000	2.9185	
68	99	0.1863	17	0	0	1	0	0	0	0	0	N	N	N	N	N	N	N	N	N	N	N	N	0.0000	0.0000	0.0000	0.0000	0.0000	0.0000	0.0000	0.0000	0.0000	0.0000	0.0000	0.0000	0.0000	0.0000	0.0000	0.0000	0.0000	0.0000	9.0237	6.8077	13.0230	13.6231	14.8836	0.3458	6.8379	0.0013	14.1008	1.0600	0.0000	-0.0031	0.0000	1.5300	4.0001	0.7696	0.0000	0.0000	0.0000	0.0000	0.0000	0.0000	0.0000	0.0000	0.0000	0.1088	0.0528	0.0560	0.0529	0.0528	0.0001	0.0559	0.0000	0.0559	0.0000	0.0000	0.0000	0.0000	0.0000	0.0000	0.0000	0.0000	0.0000	0.0121	0.0078	0.0043	0.0039	0.0035	0.0003	0.0082	0.0042	0.0040	0.0000	0.0000	0.0000	0.0000	0.0000	0.0000	0.0000	0.0000	0.0000	9.0237	6.8077	13.0230	13.6231	14.8836	0.3090	6.8379	0.0013	14.1008	
68	100	0.1774	16	0	0	1	0	0	0	0	0	N	N	N	N	N	N	N	N	N	N	N	N	0.0000	0.0000	0.0000	0.0000	0.0000	0.0000	0.0000	0.0000	0.0000	0.0000	0.0000	0.0000	0.0000	0.0000	0.0000	0.0000	0.0000	0.0000	2.9776	4.2395	1.0193	10.2463	11.5414	0.0230	0.5382	0.0001	1.1196	0.1549	0.0000	-0.0277	0.0000	3.6906	4.0001	1.4800	0.0000	0.0000	0.0000	0.0000	0.0000	0.0000	0.0000	0.0000	0.0000	0.0679	0.0588	0.0091	0.0588	0.0588	0.0000	0.0091	0.0000	0.0091	0.0000	0.0000	0.0000	0.0000	0.0000	0.0000	0.0000	0.0000	0.0000	0.0228	0.0139	0.0089	0.0059	0.0051	0.0008	0.0169	0.0088	0.0081	0.0000	0.0000	0.0000	0.0000	0.0000	0.0000	0.0000	0.0000	0.0000	2.9776	4.2395	1.0193	9.9489	11.5414	0.0230	0.5382	0.0001	1.1196	
68	101	0.1774	15	0	0	1	0	0	0	0	0	N	N	N	N	N	N	N	N	N	N	N	N	0.0000	0.0000	0.0000	0.0000	0.0000	0.0000	0.0000	0.0000	0.0000	0.0000	0.0000	0.0000	0.0000	0.0000	0.0000	0.0000	0.0000	0.0000	5.0326	3.8901	7.1222	8.2770	8.3458	0.1288	3.9034	0.0002	8.0244	1.0010	0.0000	-0.0008	0.0000	0.1361	4.0001	0.4500	0.0000	0.0000	0.0000	0.0000	0.0000	0.0000	0.0000	0.0000	0.0000	0.0192	0.0096	0.0096	0.0096	0.0096	0.0000	0.0096	0.0000	0.0096	0.0000	0.0000	0.0000	0.0000	0.0000	0.0000	0.0000	0.0000	0.0000	0.0038	0.0025	0.0013	0.0014	0.0012	0.0002	0.0025	0.0013	0.0012	0.0000	0.0000	0.0000	0.0000	0.0000	0.0000	0.0000	0.0000	0.0000	5.0326	3.8901	7.1222	7.0721	7.9598	0.1288	3.9034	0.0002	8.0244	
68	102	0.1616	14	0	0	1	0	0	0	0	0	N	N	N	N	N	N	N	N	N	N	N	N	0.0000	0.0000	0.0000	0.0000	0.0000	0.0000	0.0000	0.0000	0.0000	0.0000	0.0000	0.0000	0.0000	0.0000	0.0000	0.0000	0.0000	0.0000	26.5643	0.3996	151.3998	1.1048	1.1546	0.9248	34.2906	0.0000	153.7732	109.7907	0.0000	0.4590	0.0000	3.5591	4.0001	4.5341	0.0000	0.0000	0.0000	0.0000	0.0000	0.0000	0.0000	0.0000	0.0000	1.0246	0.0092	1.0154	0.0099	0.0092	0.0007	1.0147	0.0000	1.0147	0.0000	0.0000	0.0000	0.0000	0.0000	0.0000	0.0000	0.0000	0.0000	0.0386	0.0231	0.0154	0.0090	0.0080	0.0010	0.0296	0.0151	0.0145	0.0000	0.0000	0.0000	0.0000	0.0000	0.0000	0.0000	0.0000	0.0000	26.5643	0.3996	65.8111	1.1048	1.1546	0.6941	34.2906	0.0000	70.1831	
68	103	0.1399	13	0	0	1	0	0	0	0	0	N	N	N	N	N	N	N	N	N	N	N	N	0.0000	0.0000	0.0000	0.0000	0.0000	0.0000	0.0000	0.0000	0.0000	0.0000	0.0000	0.0000	0.0000	0.0000	0.0000	0.0000	0.0000	0.0000	19.1359	0.0327	102.2894	0.0421	0.0311	0.1355	24.3031	0.0334	104.2438	998.7747	0.0000	0.4454	0.0000	2.8937	4.0001	8.0733	0.0000	0.0000	0.0000	0.0000	0.0000	0.0000	0.0000	0.0000	0.0000	0.9766	0.0010	0.9756	0.0005	0.0003	0.0002	0.9761	0.0007	0.9754	0.0000	0.0000	0.0000	0.0000	0.0000	0.0000	0.0000	0.0000	0.0000	0.0510	0.0299	0.0211	0.0109	0.0097	0.0011	0.0402	0.0202	0.0200	0.0000	0.0000	0.0000	0.0000	0.0000	0.0000	0.0000	0.0000	0.0000	19.1359	0.0327	46.1982	0.0421	0.0311	0.1355	24.3031	0.0334	48.8440	
68	104	0.1346	9	0	1	1	0	0	0	0	0	N	N	N	N	N	N	N	N	N	N	N	N	0.0000	0.0000	0.0000	0.0000	0.0000	0.0000	0.0000	0.0000	0.0000	0.0000	0.0000	0.0000	0.0000	0.0000	0.0000	0.0000	0.0000	0.0000	0.0000	0.0001	0.0000	0.0000	0.0000	0.0001	0.0001	0.0001	0.0000	0.1661	0.0000	-0.0000	0.0000	0.0277	4.0001	1.3445	0.0000	0.0000	0.0000	0.0000	0.0000	0.0000	0.0000	0.0000	0.0000	0.0000	0.0000	0.0000	0.0000	0.0000	0.0000	0.0000	0.0000	0.0000	0.0000	0.0000	0.0000	0.0000	0.0000	0.0000	0.0000	0.0000	0.0000	0.0151	0.0108	0.0044	0.0069	0.0060	0.0009	0.0083	0.0048	0.0035	0.0000	0.0000	0.0000	0.0000	0.0000	0.0000	0.0000	0.0000	0.0000	0.0000	0.0001	0.0000	0.0000	0.0000	0.0001	0.0001	0.0001	0.0000	
68	105	0.0880	8	0	1	1	0	0	0	0	0	N	N	N	N	N	N	N	N	N	N	N	N	0.0000	0.0000	0.0000	0.0000	0.0000	0.0000	0.0000	0.0000	0.0000	0.0000	0.0000	0.0000	0.0000	0.0000	0.0000	0.0000	0.0000	0.0000	0.0011	0.0011	0.0011	0.0072	0.0044	0.0253	0.0001	0.0002	0.0000	0.7221	0.0000	-0.0000	0.0000	5.1414	4.0001	16.4151	0.0000	0.0000	0.0000	0.0000	0.0000	0.0000	0.0000	0.0000	0.0000	0.0001	0.0001	0.0000	0.0001	0.0000	0.0000	0.0000	0.0000	0.0000	0.0000	0.0000	0.0000	0.0000	0.0000	0.0000	0.0000	0.0000	0.0000	0.0833	0.0482	0.0351	0.0119	0.0104	0.0016	0.0714	0.0378	0.0335	0.0000	0.0000	0.0000	0.0000	0.0000	0.0000	0.0000	0.0000	0.0000	0.0011	0.0011	0.0011	0.0072	0.0044	0.0253	0.0001	0.0002	0.0000	
68	106	0.0797	7	0	0	1	0	0	0	0	0	N	N	N	N	N	N	N	N	N	N	N	N	0.0000	0.0000	0.0000	0.0000	0.0000	0.0000	0.0000	0.0000	0.0000	0.0000	0.0000	0.0000	0.0000	0.0000	0.0000	0.0000	0.0000	0.0000	0.0037	0.0049	0.0018	0.0105	0.0111	0.0003	0.0017	0.0016	0.0019	0.2430	0.0000	-0.0000	0.0000	3.8974	4.0001	1.6364	0.0000	0.0000	0.0000	0.0000	0.0000	0.0000	0.0000	0.0000	0.0000	0.0001	0.0001	0.0000	0.0001	0.0001	0.0000	0.0000	0.0000	0.0000	0.0000	0.0000	0.0000	0.0000	0.0000	0.0000	0.0000	0.0000	0.0000	0.0314	0.0191	0.0124	0.0070	0.0065	0.0004	0.0245	0.0125	0.0119	0.0000	0.0000	0.0000	0.0000	0.0000	0.0000	0.0000	0.0000	0.0000	0.0037	0.0049	0.0018	0.0105	0.0111	0.0003	0.0017	0.0016	0.0019	
68	109	0.1702	14	1	1	1	1	0	0	0	0	N	N	N	N	N	N	N	N	N	N	N	N	0.0000	0.0000	0.0000	0.0000	0.0000	0.0000	0.0000	0.0000	0.0000	0.0000	0.0000	0.0000	0.0000	0.0000	0.0000	0.0000	0.0000	0.0000	0.0000	0.0000	0.0000	0.0000	4.0001	0.0000	0.0000	0.0000	0.0000	0.0000	0.0000	0.0000	0.0000	0.0000	0.0000	0.0000	0.0000	0.0000	0.0000	0.0000	0.0000	0.0000	0.0000	0.0000	0.0000	0.0000	0.0000	0.0000	0.0000	0.0000	0.0000	0.0000	0.0000	0.0000	0.0000	0.0000	0.0000	0.0000	0.0000	0.0000	0.0000	0.0000	0.0000	0.0000	0.0000	0.0000	0.0000	0.0000	0.0000	0.0000	0.0000	0.0000	0.0000	0.0000	0.0000	0.0000	0.0000	0.0000	0.0000	0.0000											
68	110	0.1552	13	1	1	1	1	0	0	0	0	N	N	N	N	N	N	N	N	N	N	N	N	0.0000	0.0000	0.0000	0.0000	0.0000	0.0000	0.0000	0.0000	0.0000	0.0000	0.0000	0.0000	0.0000	0.0000	0.0000	0.0012	0.0021	0.0000	0.0073	0.0079	0.0000	0.0000	0.0000	0.0000	0.0000	0.0000	-0.0000	0.0000	0.0000	4.0001	7.1240	0.0000	0.0000	0.0000	0.0000	0.0000	0.0000	0.0000	0.0000	0.0000	0.0000	0.0000	0.0000	0.0000	0.0000	0.0000	0.0000	0.0000	0.0000	0.0000	0.0000	0.0000	0.0000	0.0000	0.0000	0.0000	0.0000	0.0000	0.0336	0.0188	0.0148	0.0055	0.0051	0.0004	0.0281	0.0138	0.0143	0.0000	0.0000	0.0000	0.0000	0.0000	0.0000	0.0000	0.0000	0.0000	0.0012	0.0021	0.0000	0.0073	0.0079	0.0000	0.0000	0.0000	0.0000				
68	111	0.1642	15	0	1	1	1	0	0	0	0	N	N	N	N	N	N	N	N	N	N	N	N	0.0000	0.0000	0.0000	0.0000	0.0000	0.0000	0.0000	0.0000	0.0000	0.0000	0.0000	0.0000	0.0000	0.0013	0.0023	0.0000	0.0068	0.0079	0.0000	0.0000	0.0000	0.0000	0.0000	0.0000	-0.0000	0.0000	0.0016	4.0001	5.0076	0.0000	0.0000	0.0000	0.0000	0.0000	0.0000	0.0000	0.0000	0.0000	0.0000	0.0000	0.0000	0.0000	0.0000	0.0000	0.0000	0.0000	0.0000	0.0000	0.0000	0.0000	0.0000	0.0000	0.0000	0.0000	0.0000	0.0000	0.0229	0.0130	0.0099	0.0044	0.0038	0.0006	0.0185	0.0092	0.0093	0.0000	0.0000	0.0000	0.0000	0.0000	0.0000	0.0000	0.0000	0.0000	0.0013	0.0023	0.0000	0.0068	0.0079	0.0000	0.0000	0.0000	0.0000						
68	112	0.1573	14	0	1	1	1	0	0	0	0	N	N	N	N	N	N	N	N	N	N	N	N	0.0000	0.0000	0.0000	0.0000	0.0000	0.0000	0.0000	0.0000	0.0000	0.0000	0.0000	0.0000	0.0000	0.0000	0.0000	0.0000	0.0000	0.0000	0.0000	0.0000	0.0000	0.0000	0.0000	0.0000	-0.0000	0.0000	1.0012	4.0001	2.1373	0.0000	0.0000	0.0000	0.0000	0.0000	0.0000	0.0000	0.0000	0.0000	0.0000	0.0000	0.0000	0.0000	0.0000	0.0000	0.0000	0.0000	0.0000	0.0000	0.0000	0.0000	0.0000	0.0000	0.0000	0.0000	0.0000	0.0000	0.0164	0.0093	0.0071	0.0035	0.0032	0.0003	0.0129	0.0062	0.0068	0.0000	0.0000	0.0000	0.0000	0.0000	0.0000	0.0000	0.0000	0.0000	0.0000	0.0000	0.0000	0.0000	0.0000	0.0000	0.0000	0.0000	0.0000						
68	113	0.1657	14	0	1	1	0	0	0	0	0	N	N	N	N	N	N	N	N	N	N	N	N	0.0000	0.0000	0.0000	0.0000	0.0000	0.0000	0.0000	0.0000	0.0000	0.0000	0.0000	0.0000	0.0000	0.0000	0.0000	0.0000	0.9795	1.7218	0.0000	6.7749	6.7877	0.0000	0.0000	0.0000	0.0000	0.0000	0.0000	-0.0149	0.0000	0.9705	4.0001	5.0371	0.0000	0.0000	0.0000	0.0000	0.0000	0.0000	0.0000	0.0000	0.0000	0.0274	0.0274	0.0000	0.0274	0.0274	0.0000	0.0000	0.0000	0.0000	0.0000	0.0000	0.0000	0.0000	0.0000	0.0000	0.0000	0.0000	0.0000	0.0280	0.0159	0.0120	0.0047	0.0043	0.0004	0.0233	0.0116	0.0117	0.0000	0.0000	0.0000	0.0000	0.0000	0.0000	0.0000	0.0000	0.0000	0.9795	1.7218	0.0000	5.8604	6.4006	0.0000	0.0000	0.0000	0.0000			
68	114	0.1573	14	0	0	2	1	0	0	0	0	N	N	Y	N	N	N	N	N	N	N	N	N	0.0000	0.0000	0.0000	0.0000	0.0000	0.0000	0.0000	0.0000	0.0000	0.0000	0.0000	0.0000	0.0000	0.0000	0.0000	0.0000	0.0000	0.0000	0.0000	0.0000	0.0000	0.0000	4.0001	1.1303	0.0000	0.0000	0.0000	0.0000	0.0000	0.0000	0.0000	0.0000	0.0000	0.0000	0.0000	0.0000	0.0000	0.0000	0.0000	0.0000	0.0000	0.0000	0.0000	0.0000	0.0000	0.0000	0.0000	0.0000	0.0000	0.0000	0.0000	0.0074	0.0043	0.0031	0.0020	0.0019	0.0001	0.0054	0.0024	0.0030	0.0000	0.0000	0.0000	0.0000	0.0000	0.0000	0.0000	0.0000	0.0000	0.0000	0.0000	0.0000	0.0000	0.0000	0.0000	0.0000	0.0000	0.0000											
68	115	0.1552	13	0	0	1	1	0	0	0	0	N	N	N	N	N	N	N	N	N	N	N	N	0.0000	0.0000	0.0000	0.0000	0.0000	0.0000	0.0000	0.0000	0.0000	0.0000	0.0000	0.0000	0.0000	0.0000	0.0000	0.0000	0.0000	0.0000	0.0000	0.0000	0.0001	0.0000	0.0000	0.0000	inf	0.0000	0.0000	0.0000	0.0000	4.0001	1.2340	0.0000	0.0000	0.0000	0.0000	0.0000	0.0000	0.0000	0.0000	0.0000	0.0000	0.0000	0.0000	0.0000	0.0000	0.0000	0.0000	0.0000	0.0000	0.0000	0.0000	0.0000	0.0000	0.0000	0.0000	0.0000	0.0000	0.0000	0.0080	0.0046	0.0033	0.0020	0.0019	0.0001	0.0060	0.0027	0.0033	0.0000	0.0000	0.0000	0.0000	0.0000	0.0000	0.0000	0.0000	0.0000	0.0000	0.0000	0.0000	0.0000	0.0000	0.0001	0.0000	0.0000	0.0000				
68	116	0.1627	14	0	0	2	1	0	0	0	0	N	N	Y	N	N	N	N	N	N	N	N	N	0.0000	0.0000	0.0000	0.0000	0.0000	0.0000	0.0000	0.0000	0.0000	0.0000	0.0000	0.0000	0.0000	0.0000	0.0000	0.0000	0.0000	0.0000	0.0000	0.0000	0.0000	0.9725	4.0001	0.9874	0.0000	0.0000	0.0000	0.0000	0.0000	0.0000	0.0000	0.0000	0.0000	0.0000	0.0000	0.0000	0.0000	0.0000	0.0000	0.0000	0.0000	0.0000	0.0000	0.0000	0.0000	0.0000	0.0000	0.0000	0.0000	0.0000	0.0000	0.0091	0.0055	0.0036	0.0017	0.0016	0.0002	0.0074	0.0039	0.0035	0.0000	0.0000	0.0000	0.0000	0.0000	0.0000	0.0000	0.0000	0.0000	0.0000	0.0000	0.0000	0.0000	0.0000	0.0000	0.0000	0.0000	0.0000											
68	117	0.1627	14	0	0	2	1	0	0	0	0	N	N	Y	N	N	N	N	N	N	N	N	N	0.0000	0.0000	0.0000	0.0000	0.0000	0.0000	0.0000	0.0000	0.0000	0.0000	0.0000	0.0000	0.0000	0.0000	0.0000	0.0000	0.0000	0.0000	0.0000	0.0000	0.0000	0.0285	4.0001	4.0215	0.0000	0.0000	0.0000	0.0000	0.0000	0.0000	0.0000	0.0000	0.0000	0.0000	0.0000	0.0000	0.0000	0.0000	0.0000	0.0000	0.0000	0.0000	0.0000	0.0000	0.0000	0.0000	0.0000	0.0000	0.0000	0.0000	0.0000	0.0180	0.0106	0.0074	0.0032	0.0029	0.0003	0.0148	0.0078	0.0070	0.0000	0.0000	0.0000	0.0000	0.0000	0.0000	0.0000	0.0000	0.0000	0.0000	0.0000	0.0000	0.0000	0.0000	0.0000	0.0000	0.0000	0.0000											
68	118	0.1552	13	0	0	2	1	0	0	0	0	N	N	Y	N	N	N	N	N	N	N	N	N	0.0000	0.0000	0.0000	0.0000	0.0000	0.0000	0.0000	0.0000	0.0000	0.0000	0.0000	0.0000	0.0000	0.0000	0.0000	0.0000	0.0000	0.0000	0.0000	0.0000	0.0000	0.0000	0.0000	0.0000	inf	0.0000	0.0000	0.0000	3.0275	4.0001	2.1573	0.0000	0.0000	0.0000	0.0000	0.0000	0.0000	0.0000	0.0000	0.0000	0.0000	0.0000	0.0000	0.0000	0.0000	0.0000	0.0000	0.0000	0.0000	0.0000	0.0000	0.0000	0.0000	0.0000	0.0000	0.0000	0.0000	0.0000	0.0253	0.0142	0.0111	0.0044	0.0040	0.0003	0.0209	0.0102	0.0108	0.0000	0.0000	0.0000	0.0000	0.0000	0.0000	0.0000	0.0000	0.0000	0.0000	0.0000	0.0000	0.0000	0.0000	0.0000	0.0000	0.0000	0.0000				
68	119	0.1965	13	1	1	1	0	0	0	0	0	N	N	N	N	N	N	N	N	N	N	N	N	0.0000	0.0000	0.0000	0.0000	0.0000	0.0000	0.0000	0.0000	0.0000	0.0000	0.0000	0.0000	0.0000	0.0000	0.0000	6.0381	9.8814	0.0000	25.4811	25.6592	0.0000	0.0000	0.0000	0.0000	0.0000	0.0000	-0.0823	0.0000	2.1883	4.0001	3.1271	0.0000	0.0000	0.0000	0.0000	0.0000	0.0000	0.0000	0.0000	0.0000	0.1515	0.1515	0.0000	0.1515	0.1515	0.0000	0.0000	0.0000	0.0000	0.0000	0.0000	0.0000	0.0000	0.0000	0.0000	0.0000	0.0000	0.0000	0.0251	0.0153	0.0098	0.0066	0.0059	0.0007	0.0185	0.0094	0.0091	0.0000	0.0000	0.0000	0.0000	0.0000	0.0000	0.0000	0.0000	0.0000	6.0381	9.8814	0.0000	22.9886	25.6592	0.0000	0.0000	0.0000	0.0000				
68	120	0.1295	12	1	1	1	0	0	0	0	0	N	N	N	N	N	N	N	N	N	N	N	N	0.0000	0.0000	0.0000	0.0000	0.0000	0.0000	0.0000	0.0000	0.0000	0.0000	0.0000	0.0000	0.0000	0.0000	0.0000	0.0000	0.0000	1.2877	0.0395	3.0592	0.0902	0.1041	0.0000	1.5735	0.0138	3.2619	54.5676	0.0000	0.0673	0.0000	13.6104	4.0001	16.0982	0.0000	0.0000	0.0000	0.0000	0.0000	0.0000	0.0000	0.0000	0.0000	0.1532	0.0028	0.1505	0.0021	0.0021	0.0000	0.1512	0.0007	0.1505	0.0000	0.0000	0.0000	0.0000	0.0000	0.0000	0.0000	0.0000	0.0000	0.1190	0.0698	0.0492	0.0229	0.0199	0.0031	0.0961	0.0499	0.0461	0.0000	0.0000	0.0000	0.0000	0.0000	0.0000	0.0000	0.0000	0.0000	1.2877	0.0395	3.0592	0.0902	0.1041	0.0000	1.5735	0.0138	3.2619		
68	121	0.1548	14	0	1	1	0	0	0	0	0	N	N	N	N	N	N	N	N	N	N	N	N	0.0000	0.0000	0.0000	0.0000	0.0000	0.0000	0.0000	0.0000	0.0000	0.0000	0.0000	0.0000	0.0000	0.0000	0.0000	0.0000	0.0000	0.0027	0.0042	0.0000	0.0066	0.0076	0.0000	0.0000	0.0000	0.0000	0.0001	0.0000	-0.0001	0.0000	0.3548	4.0001	4.6068	0.0000	0.0000	0.0000	0.0000	0.0000	0.0000	0.0000	0.0000	0.0000	0.0001	0.0001	0.0000	0.0001	0.0001	0.0000	0.0000	0.0000	0.0000	0.0000	0.0000	0.0000	0.0000	0.0000	0.0000	0.0000	0.0000	0.0000	0.0486	0.0310	0.0177	0.0198	0.0171	0.0028	0.0288	0.0139	0.0149	0.0000	0.0000	0.0000	0.0000	0.0000	0.0000	0.0000	0.0000	0.0000	0.0027	0.0042	0.0000	0.0066	0.0076	0.0000	0.0000	0.0000	0.0000		
68	122	0.1399	13	0	1	1	0	0	0	0	0	N	N	N	N	N	N	N	N	N	N	N	N	0.0000	0.0000	0.0000	0.0000	0.0000	0.0000	0.0000	0.0000	0.0000	0.0000	0.0000	0.0000	0.0000	0.0000	0.0000	0.0000	0.0000	0.0000	0.2489	0.4189	0.0079	1.0829	1.1987	0.0000	0.0046	0.0007	0.0083	0.0132	0.0000	-0.0048	0.0000	1.6911	4.0001	5.7022	0.0000	0.0000	0.0000	0.0000	0.0000	0.0000	0.0000	0.0000	0.0000	0.0091	0.0090	0.0001	0.0090	0.0090	0.0000	0.0001	0.0000	0.0001	0.0000	0.0000	0.0000	0.0000	0.0000	0.0000	0.0000	0.0000	0.0000	0.0366	0.0214	0.0151	0.0083	0.0075	0.0008	0.0283	0.0140	0.0143	0.0000	0.0000	0.0000	0.0000	0.0000	0.0000	0.0000	0.0000	0.0000	0.2489	0.4189	0.0079	1.0829	1.1987	0.0000	0.0046	0.0007	0.0083	
68	123	0.1295	12	0	0	1	0	0	0	0	0	N	N	N	N	N	N	N	N	N	N	N	N	0.0000	0.0000	0.0000	0.0000	0.0000	0.0000	0.0000	0.0000	0.0000	0.0000	0.0000	0.0000	0.0000	0.0000	0.0000	0.0000	0.0000	0.4142	0.1622	0.7588	0.3485	0.4014	0.0000	0.4364	0.0162	0.8236	3.4213	0.0000	0.0026	0.0000	2.0929	4.0001	3.1856	0.0000	0.0000	0.0000	0.0000	0.0000	0.0000	0.0000	0.0000	0.0000	0.0114	0.0026	0.0088	0.0024	0.0024	0.0000	0.0089	0.0002	0.0088	0.0000	0.0000	0.0000	0.0000	0.0000	0.0000	0.0000	0.0000	0.0000	0.0274	0.0158	0.0116	0.0069	0.0060	0.0009	0.0205	0.0098	0.0107	0.0000	0.0000	0.0000	0.0000	0.0000	0.0000	0.0000	0.0000	0.0000	0.4142	0.1622	0.7588	0.3485	0.4014	0.0000	0.4364	0.0162	0.8236		
68	124	0.1702	15	1	1	1	0	0	0	0	0	N	N	N	N	N	N	N	N	N	N	N	N	0.0000	0.0000	0.0000	0.0000	0.0000	0.0000	0.0000	0.0000	0.0000	0.0000	0.0000	0.0000	0.0000	0.0000	0.0000	0.0000	0.0000	0.0000	0.0000	0.0000	0.0000	0.0000	4.0001	0.0000	0.0000	0.0000	0.0000	0.0000	0.0000	0.0000	0.0000	0.0000	0.0000	0.0000	0.0000	0.0000	0.0000	0.0000	0.0000	0.0000	0.0000	0.0000	0.0000	0.0000	0.0000	0.0000	0.0000	0.0000	0.0000	0.0000	0.0000	0.0000	0.0000	0.0000	0.0000	0.0000	0.0000	0.0000	0.0000	0.0000	0.0000	0.0000	0.0000	0.0000	0.0000	0.0000	0.0000	0.0000	0.0000	0.0000	0.0000	0.0000	0.0000	0.0000	0.0000	0.0000	0.0000	0.0000											
68	125	0.1657	14	1	1	1	0	0	0	0	0	N	N	N	N	N	N	N	N	N	N	N	N	0.0000	0.0000	0.0000	0.0000	0.0000	0.0000	0.0000	0.0000	0.0000	0.0000	0.0000	0.0000	0.0000	0.0000	0.0000	88.1263	0.0000	390.9340	0.0646	0.0000	1.1508	109.6541	0.0000	417.7058	inf	0.0000	0.4446	0.0000	0.1434	4.0001	1.9839	0.0000	0.0000	0.0000	0.0000	0.0000	0.0000	0.0000	0.0000	0.0000	0.9727	0.0000	0.9727	0.0001	0.0000	0.0001	0.9726	0.0000	0.9726	0.0000	0.0000	0.0000	0.0000	0.0000	0.0000	0.0000	0.0000	0.0000	0.0110	0.0064	0.0046	0.0022	0.0020	0.0001	0.0089	0.0044	0.0045	0.0000	0.0000	0.0000	0.0000	0.0000	0.0000	0.0000	0.0000	0.0000	88.1263	0.0000	211.6389	0.0646	0.0000	0.9909	109.6541	0.0000	218.3193				
68	126	0.1552	13	0	1	1	0	0	0	0	0	N	N	N	N	N	N	N	N	N	N	N	N	0.0000	0.0000	0.0000	0.0000	0.0000	0.0000	0.0000	0.0000	0.0000	0.0000	0.0000	0.0000	0.0000	0.0000	0.0000	0.0000	0.0000	0.0000	1.1579	0.0105	2.6322	0.0000	0.0000	0.0000	1.4034	0.0148	2.7106	194.5693	0.0000	0.0124	0.0000	1.8882	4.0001	2.9115	0.0000	0.0000	0.0000	0.0000	0.0000	0.0000	0.0000	0.0000	0.0000	0.0274	0.0001	0.0272	0.0000	0.0000	0.0000	0.0274	0.0001	0.0272	0.0000	0.0000	0.0000	0.0000	0.0000	0.0000	0.0000	0.0000	0.0000	0.0236	0.0133	0.0103	0.0041	0.0038	0.0003	0.0195	0.0095	0.0100	0.0000	0.0000	0.0000	0.0000	0.0000	0.0000	0.0000	0.0000	0.0000	1.1579	0.0105	2.6322	0.0000	0.0000	0.0000	1.4034	0.0148	2.7106	
68	127	0.1295	12	0	0	1	0	0	0	0	0	N	N	N	N	N	N	N	N	N	N	N	N	0.0000	0.0000	0.0000	0.0000	0.0000	0.0000	0.0000	0.0000	0.0000	0.0000	0.0000	0.0000	0.0000	0.0000	0.0000	0.0000	0.0000	0.0000	17.6401	30.2312	0.0021	0.2004	0.2271	0.0250	22.3699	44.1809	0.0005	0.0000	0.0000	-0.5442	0.0000	3.5543	4.0001	9.0319	0.0000	0.0000	0.0000	0.0000	0.0000	0.0000	0.0000	0.0000	0.0000	1.0024	1.0023	0.0000	0.0024	0.0024	0.0000	1.0000	0.9999	0.0000	0.0000	0.0000	0.0000	0.0000	0.0000	0.0000	0.0000	0.0000	0.0000	0.0568	0.0332	0.0237	0.0121	0.0105	0.0016	0.0447	0.0226	0.0221	0.0000	0.0000	0.0000	0.0000	0.0000	0.0000	0.0000	0.0000	0.0000	17.6401	30.2312	0.0021	0.2004	0.2271	0.0250	22.3699	44.1809	0.0005	
68	128	0.1259	11	0	0	1	0	0	0	0	0	N	N	N	N	N	N	N	N	N	N	N	N	0.0000	0.0000	0.0000	0.0000	0.0000	0.0000	0.0000	0.0000	0.0000	0.0000	0.0000	0.0000	0.0000	0.0000	0.0000	0.0000	0.0000	0.0000	0.2143	0.1923	0.2466	0.3521	0.3701	0.0001	0.1495	0.0058	0.2564	0.8751	0.0000	-0.0004	0.0000	2.6246	4.0001	0.7212	0.0000	0.0000	0.0000	0.0000	0.0000	0.0000	0.0000	0.0000	0.0000	0.0051	0.0027	0.0024	0.0027	0.0027	0.0000	0.0024	0.0000	0.0024	0.0000	0.0000	0.0000	0.0000	0.0000	0.0000	0.0000	0.0000	0.0000	0.0238	0.0142	0.0097	0.0076	0.0073	0.0004	0.0162	0.0069	0.0093	0.0000	0.0000	0.0000	0.0000	0.0000	0.0000	0.0000	0.0000	0.0000	0.2143	0.1923	0.2466	0.3521	0.3701	0.0001	0.1495	0.0058	0.2564	
68	129	0.1201	10	0	0	1	0	0	0	0	0	N	N	N	N	N	N	N	N	N	N	N	N	0.0000	0.0000	0.0000	0.0000	0.0000	0.0000	0.0000	0.0000	0.0000	0.0000	0.0000	0.0000	0.0000	0.0000	0.0000	0.0000	0.0000	0.0000	0.1607	0.0711	0.3046	0.1868	0.2067	0.0000	0.1529	0.0021	0.3232	2.6701	0.0000	0.0007	0.0000	3.3474	4.0001	1.3769	0.0000	0.0000	0.0000	0.0000	0.0000	0.0000	0.0000	0.0000	0.0000	0.0037	0.0010	0.0027	0.0010	0.0010	0.0000	0.0027	0.0000	0.0027	0.0000	0.0000	0.0000	0.0000	0.0000	0.0000	0.0000	0.0000	0.0000	0.0228	0.0141	0.0088	0.0052	0.0047	0.0005	0.0176	0.0093	0.0083	0.0000	0.0000	0.0000	0.0000	0.0000	0.0000	0.0000	0.0000	0.0000	0.1607	0.0711	0.3046	0.1868	0.2067	0.0000	0.1529	0.0021	0.3232	
68	130	0.1113	9	0	0	1	0	0	0	0	0	N	N	N	N	N	N	N	N	N	N	N	N	0.0000	0.0000	0.0000	0.0000	0.0000	0.0000	0.0000	0.0000	0.0000	0.0000	0.0000	0.0000	0.0000	0.0000	0.0000	0.0000	0.0000	0.0000	0.0461	0.0000	0.1105	0.0001	0.0001	0.0000	0.0588	0.0000	0.1177	1894.7650	0.0000	0.0004	0.0000	0.4686	4.0001	4.0374	0.0000	0.0000	0.0000	0.0000	0.0000	0.0000	0.0000	0.0000	0.0000	0.0010	0.0000	0.0010	0.0000	0.0000	0.0000	0.0010	0.0000	0.0010	0.0000	0.0000	0.0000	0.0000	0.0000	0.0000	0.0000	0.0000	0.0000	0.0212	0.0124	0.0089	0.0046	0.0040	0.0005	0.0167	0.0083	0.0083	0.0000	0.0000	0.0000	0.0000	0.0000	0.0000	0.0000	0.0000	0.0000	0.0461	0.0000	0.1105	0.0001	0.0001	0.0000	0.0588	0.0000	0.1177	
69	73	0.1028	8	0	0	0	0	0	0	0	0	N	N	N	N	N	N	N	N	N	N	N	N	0.9422	0.7391	0.0000	16.3031	18.7181	0.0000	0.9195	0.6718	0.0000	2.9984	4.0001	0.0000	2.3377	2.8466	0.0000	3.6532	5.3833	0.0000	3.1825	5.4125	0.0028	0.1434	0.1521	0.0024	3.9730	8.0129	0.0028	0.0000	0.0004	-0.3124	-0.5317	2.8240	4.0673	8.9883	17.8409	0.8197	0.8197	0.0000	0.3181	0.3181	0.0000	0.5016	0.5016	0.0000	0.9800	0.9796	0.0004	0.0091	0.0091	0.0000	0.9709	0.9705	0.0004	0.2734	0.2049	0.0685	0.1361	0.1117	0.0243	0.1373	0.0932	0.0441	0.3079	0.1810	0.1269	0.0636	0.0599	0.0037	0.2444	0.1211	0.1233	0.9422	0.7391	0.0000	16.3031	18.7181	0.0000	0.9195	0.6718	0.0000	3.1825	5.4125	0.0028	0.1434	0.1521	0.0024	3.9730	8.0129	0.0028
69	75	0.2395	12	0	0	0	0	0	0	0	0	N	N	N	N	N	N	N	N	N	N	N	N	0.4418	0.0333	2.0195	0.2858	0.0368	221.6856	0.7254	0.0581	1.5584	0.3534	0.0249	1.8333	0.3054	0.0449	1.9945	0.4053	0.0004	1.7333	0.7999	0.7484	0.9078	1.0688	1.2225	0.0090	0.5588	0.0074	1.1122	16.3156	0.5789	0.0434	-0.1588	2.8240	3.5843	8.9883	46.7516	0.0773	0.0045	0.0729	0.0348	0.0044	0.0303	0.0426	0.0000	0.0425	0.9005	0.5703	0.3302	0.5688	0.5682	0.0006	0.3318	0.0022	0.3296	0.2188	0.1791	0.0397	0.1138	0.0986	0.0152	0.1050	0.0805	0.0245	1.1258	0.7621	0.3637	0.5322	0.4648	0.0674	0.5937	0.2974	0.2963	0.4418	0.0333	2.0195	0.2858	0.0368	221.6856	0.7254	0.0581	1.5584	0.7999	0.7484	0.9078	1.0688	1.2225	0.0090	0.5588	0.0074	1.1122
69	76	0.2046	18	1	1	1	0	0	0	0	0	N	N	N	N	N	N	N	N	N	N	N	N	0.0000	0.0000	0.0000	0.0000	0.0000	0.0000	0.0000	0.0000	0.0000	0.0000	0.0000	0.0000	0.0000	0.0000	0.0000	0.0001	0.0001	0.0000	0.0003	0.0003	0.0000	0.0000	0.0000	0.0000	0.0027	0.0000	-0.0000	2.8240	1.0003	8.9883	1.0071	0.0000	0.0000	0.0000	0.0000	0.0000	0.0000	0.0000	0.0000	0.0000	0.0000	0.0000	0.0000	0.0000	0.0000	0.0000	0.0000	0.0000	0.0000	0.0255	0.0225	0.0030	0.0069	0.0066	0.0003	0.0186	0.0159	0.0027	0.0313	0.0191	0.0122	0.0101	0.0093	0.0008	0.0212	0.0099	0.0113	0.0000	0.0000	0.0000	0.0000	0.0000	0.0000	0.0000	0.0000	0.0000	0.0001	0.0001	0.0000	0.0003	0.0003	0.0000	0.0000	0.0000	0.0000				
69	77	0.1979	17	1	0	1	0	0	0	0	0	N	N	N	N	N	N	N	N	N	N	N	N	0.0000	0.0000	0.0000	0.0000	0.0000	0.0000	0.0000	0.0000	0.0000	0.0000	0.0000	0.0000	0.0000	0.0000	0.0000	0.0000	0.0000	0.0000	0.0110	0.0148	0.0003	0.0261	0.0264	0.0098	0.0000	0.0000	0.0000	0.0081	0.0000	-0.0008	2.8240	0.9901	8.9883	2.2068	0.0000	0.0000	0.0000	0.0000	0.0000	0.0000	0.0000	0.0000	0.0000	0.0015	0.0015	0.0000	0.0015	0.0015	0.0000	0.0000	0.0000	0.0000	0.0255	0.0225	0.0030	0.0069	0.0066	0.0003	0.0187	0.0159	0.0027	0.1362	0.0999	0.0363	0.0573	0.0561	0.0012	0.0790	0.0438	0.0352	0.0000	0.0000	0.0000	0.0000	0.0000	0.0000	0.0000	0.0000	0.0000	0.0110	0.0148	0.0003	0.0261	0.0264	0.0098	0.0000	0.0000	0.0000	
69	78	0.1203	9	0	1	0	0	0	0	0	0	N	N	N	N	N	N	N	N	N	N	N	N	5.6373	4.5380	0.0000	2.2054	2.4980	0.0000	6401.8170	55728.6344	0.0000	1.7003	2.1824	0.0000	2.4486	2.9389	0.0000	0.9645	1.3287	0.0000	0.3016	0.4809	0.0009	1.1103	1.1765	0.0151	0.0002	0.0000	0.0003	0.0000	0.0011	-0.3071	-0.0647	2.8240	8.4371	8.9883	15.3349	0.8059	0.8059	0.0000	0.5754	0.5754	0.0000	0.2305	0.2305	0.0000	0.1193	0.1192	0.0001	0.1193	0.1192	0.0001	0.0000	0.0000	0.0000	0.4740	0.3693	0.1047	0.2350	0.1958	0.0392	0.2390	0.1735	0.0655	0.3956	0.2478	0.1478	0.1074	0.1013	0.0061	0.2882	0.1465	0.1417	5.6373	4.5380	0.0000	2.2054	2.4980	0.0000	6401.8170	55728.6344	0.0000	0.3016	0.4809	0.0009	1.1103	1.1765	0.0151	0.0002	0.0000	0.0003
69	79	0.1979	17	1	0	1	0	0	0	0	0	N	N	N	N	N	N	N	N	N	N	N	N	0.0005	0.0004	0.0000	0.0007	0.0007	0.0000	0.0000	0.0000	0.0003	0.0003	0.0000	0.0010	0.0010	0.0000	0.0000	0.0000	0.0000	0.4899	0.7175	0.0004	1.3441	1.3995	0.0000	0.0002	0.0000	0.0004	0.0000	0.0003	-0.0000	-0.0571	2.8240	3.0096	8.9883	5.7427	0.0000	0.0000	0.0000	0.0000	0.0000	0.0000	0.0000	0.0000	0.0000	0.1052	0.1051	0.0000	0.1051	0.1051	0.0000	0.0000	0.0000	0.0000	0.0762	0.0672	0.0090	0.0204	0.0195	0.0008	0.0558	0.0477	0.0081	0.2146	0.1465	0.0681	0.0782	0.0751	0.0031	0.1364	0.0714	0.0650	0.0005	0.0004	0.0000	0.0007	0.0007	0.0000	0.0000	0.0000	0.0000	0.4899	0.7175	0.0004	1.3441	1.3995	0.0000	0.0002	0.0000	0.0004	
69	80	0.1822	16	1	0	1	0	0	0	0	0	N	N	N	N	N	N	N	N	N	N	N	N	0.0003	0.0000	0.0039	0.0000	0.0000	0.0000	0.0037	0.0000	0.0132	0.0000	0.0000	0.0001	0.0000	0.0000	0.0000	0.0000	0.0000	0.0001	0.0374	0.0447	0.0255	0.1211	0.1036	0.5263	0.0044	0.0002	0.0084	inf	0.3531	0.0000	-0.0013	2.8240	1.0477	8.9883	6.1154	0.0000	0.0000	0.0000	0.0000	0.0000	0.0000	0.0000	0.0000	0.0000	0.0047	0.0035	0.0012	0.0043	0.0034	0.0008	0.0004	0.0000	0.0004	0.0293	0.0260	0.0033	0.0084	0.0081	0.0003	0.0209	0.0179	0.0031	0.1252	0.0773	0.0479	0.0354	0.0333	0.0021	0.0898	0.0440	0.0458	0.0003	0.0000	0.0039	0.0000	0.0000	0.0000	0.0037	0.0000	0.0132	0.0374	0.0447	0.0255	0.1211	0.1036	0.3935	0.0044	0.0002	0.0084
69	81	0.1758	15	0	0	0	0	0	0	0	0	N	N	N	N	N	N	N	N	N	N	N	N	0.0042	0.0000	0.0581	0.0000	0.0000	0.0000	0.0061	0.0000	0.0619	0.0004	0.0000	0.0032	0.0000	0.0000	0.0000	0.0005	0.0000	0.0036	0.0901	0.1130	0.0559	0.1077	0.1144	0.0145	0.0847	0.1123	0.0575	inf	0.3321	0.0000	-0.0012	2.8240	1.9794	8.9883	1.0196	0.0000	0.0000	0.0000	0.0000	0.0000	0.0000	0.0000	0.0000	0.0000	0.0043	0.0032	0.0011	0.0012	0.0012	0.0000	0.0031	0.0020	0.0010	0.0517	0.0456	0.0060	0.0136	0.0130	0.0005	0.0381	0.0326	0.0055	0.0472	0.0282	0.0190	0.0111	0.0103	0.0007	0.0362	0.0179	0.0182	0.0042	0.0000	0.0581	0.0000	0.0000	0.0000	0.0061	0.0000	0.0619	0.0901	0.1130	0.0559	0.1077	0.1144	0.0145	0.0847	0.1123	0.0575
69	82	0.1736	14	0	0	0	0	0	0	0	0	N	N	N	N	N	N	N	N	N	N	N	N	1.0541	0.9495	0.0162	2.3499	2.7587	0.0000	0.0021	0.0000	0.0241	0.0015	0.0018	0.0000	0.0062	0.0065	0.0000	0.0000	0.0000	0.0000	0.0015	0.0018	0.0009	0.0026	0.0023	0.0071	0.0011	0.0015	0.0007	0.0011	0.3294	-0.0000	-0.0000	2.8240	1.0114	8.9883	0.0202	0.0000	0.0000	0.0000	0.0000	0.0000	0.0000	0.0000	0.0000	0.0000	0.0000	0.0000	0.0000	0.0000	0.0000	0.0000	0.0000	0.0000	0.0000	0.0266	0.0234	0.0032	0.0066	0.0064	0.0003	0.0200	0.0171	0.0029	0.0171	0.0102	0.0069	0.0041	0.0038	0.0003	0.0130	0.0064	0.0066	1.0541	0.9495	0.0162	2.3499	2.7587	0.0000	0.0021	0.0000	0.0241	0.0015	0.0018	0.0009	0.0026	0.0023	0.0071	0.0011	0.0015	0.0007
69	83	0.1531	13	0	0	0	0	0	0	0	0	N	N	N	N	N	N	N	N	N	N	N	N	0.8860	0.5890	6.5058	0.8425	0.8236	3.4421	2.1409	6.9049	6.4243	0.0072	0.0078	0.0023	0.0262	0.0271	0.0055	0.0003	0.0001	0.0019	0.0081	0.0133	0.0003	0.0311	0.0329	0.0016	0.0002	0.0000	0.0003	0.0385	0.0175	-0.0004	-0.0007	2.8240	5.9223	8.9883	3.6882	0.0011	0.0011	0.0000	0.0011	0.0011	0.0000	0.0000	0.0000	0.0000	0.0013	0.0013	0.0000	0.0013	0.0013	0.0000	0.0000	0.0000	0.0000	0.1592	0.1404	0.0188	0.0420	0.0403	0.0018	0.1172	0.1002	0.0170	0.1628	0.0975	0.0654	0.0417	0.0393	0.0024	0.1211	0.0581	0.0630	0.8860	0.5890	6.5058	0.8425	0.8236	3.4421	2.1409	6.9049	6.4243	0.0081	0.0133	0.0003	0.0311	0.0329	0.0016	0.0002	0.0000	0.0003
69	84	0.1401	11	0	1	0	0	0	0	0	0	N	N	N	N	N	N	N	N	N	N	N	N	0.0416	0.0003	0.1343	0.1234	0.0005	192.7991	0.0365	0.0000	0.1220	0.0797	0.0001	0.5781	0.0609	0.0003	0.6431	0.0901	0.0000	0.5570	1.9144	0.4068	4.3042	0.4936	0.5358	0.0033	2.4662	0.3290	4.5655	836.6307	6.6749	0.0103	0.3545	2.8240	7.1084	8.9883	28.8937	0.0168	0.0000	0.0167	0.0046	0.0000	0.0046	0.0122	0.0000	0.0122	1.0848	0.1413	0.9435	0.0782	0.0782	0.0000	1.0066	0.0632	0.9434	0.2102	0.1813	0.0289	0.0751	0.0680	0.0071	0.1352	0.1133	0.0219	0.5667	0.3475	0.2192	0.1585	0.1459	0.0126	0.4082	0.2015	0.2066	0.0416	0.0003	0.1343	0.1234	0.0005	192.7991	0.0365	0.0000	0.1220	1.9144	0.4068	4.3042	0.4936	0.5358	0.0033	2.4662	0.3134	4.5655
69	85	0.1327	10	0	1	0	0	0	0	0	0	N	N	N	N	N	N	N	N	N	N	N	N	0.4230	0.0563	0.9784	0.1625	0.0463	39.8007	0.8811	0.1752	1.1670	0.7142	0.0713	2.4779	0.3699	0.1097	1.5358	1.1836	0.0020	3.0904	1.6884	1.2669	2.5325	2.2765	2.3695	0.0386	1.3434	0.0117	2.6481	12.6628	0.9983	0.1000	-0.0130	2.8240	2.2208	8.9883	3.9129	0.1832	0.0134	0.1698	0.0547	0.0133	0.0415	0.1284	0.0001	0.1283	0.2990	0.1496	0.1494	0.1491	0.1490	0.0001	0.1499	0.0006	0.1493	0.2564	0.1879	0.0685	0.1479	0.1209	0.0270	0.1085	0.0670	0.0415	0.1771	0.1181	0.0590	0.0655	0.0629	0.0026	0.1116	0.0552	0.0564	0.4230	0.0563	0.9784	0.1625	0.0463	39.8007	0.8811	0.1752	1.1670	1.6884	1.2669	2.5325	2.2765	2.3695	0.0386	1.3434	0.0117	2.6481
69	86	0.2082	12	0	0	1	0	0	0	0	0	N	N	N	N	N	N	N	N	N	N	N	N	1.0081	4.3380	0.0177	6.2173	6.3406	0.0104	0.0217	2.8137	0.0184	0.0218	0.0246	0.0008	0.0735	0.0773	0.0001	0.0006	0.0005	0.0009	0.0216	0.0057	0.0455	0.0118	0.0122	0.0090	0.0260	0.0002	0.0490	0.0044	5.3592	-0.0013	0.0013	2.8240	5.3425	8.9883	7.0749	0.0034	0.0034	0.0000	0.0033	0.0033	0.0000	0.0001	0.0000	0.0000	0.0043	0.0007	0.0037	0.0007	0.0007	0.0001	0.0036	0.0000	0.0036	0.1564	0.1380	0.0184	0.0455	0.0433	0.0022	0.1109	0.0947	0.0162	0.2008	0.1204	0.0804	0.0621	0.0550	0.0070	0.1387	0.0654	0.0733	1.0081	4.3380	0.0177	6.2173	6.3406	0.0104	0.0217	2.8137	0.0184	0.0216	0.0057	0.0455	0.0118	0.0122	0.0090	0.0260	0.0002	0.0490
69	87	0.1650	11	0	0	0	0	0	0	0	0	N	N	N	N	N	N	N	N	N	N	N	N	1.6684	62.6225	0.0513	48.1709	66.1454	0.0387	0.0388	0.6755	0.0714	1.6273	2.0271	0.1387	3.2724	3.8633	0.0065	0.0584	0.0027	0.2109	0.9754	0.0324	2.7028	0.0679	0.0584	0.1685	1.5058	0.0041	2.9547	0.0184	45.5814	-0.2325	0.1902	2.8240	7.0719	8.9883	13.7350	0.6406	0.6290	0.0116	0.6288	0.6286	0.0002	0.0118	0.0004	0.0114	0.4366	0.0094	0.4273	0.0112	0.0088	0.0024	0.4254	0.0006	0.4249	0.3936	0.3103	0.0833	0.1922	0.1627	0.0294	0.2015	0.1476	0.0539	0.4477	0.2896	0.1581	0.1651	0.1508	0.0143	0.2825	0.1387	0.1438	1.6684	62.6225	0.0513	48.1709	66.1454	0.0387	0.0388	0.6755	0.0714	0.9754	0.0324	2.7028	0.0679	0.0584	0.1685	1.5058	0.0041	2.9547
69	88	0.2082	19	1	0	1	0	0	0	0	0	N	N	N	N	N	N	N	N	N	N	N	N	0.0000	0.0000	0.0000	0.0000	0.0000	0.0000	0.0000	0.0000	0.0000	0.0000	0.0000	0.0000	0.0000	0.0000	0.0000	0.0000	0.0000	0.0000	0.0000	0.0000	2.8240	0.0000	8.9883	0.0000	0.0000	0.0000	0.0000	0.0000	0.0000	0.0000	0.0000	0.0000	0.0000	0.0000	0.0000	0.0000	0.0000	0.0000	0.0000	0.0000	0.0000	0.0000	0.0000	0.0000	0.0000	0.0000	0.0000	0.0000	0.0000	0.0000	0.0000	0.0000	0.0000	0.0000	0.0000	0.0000	0.0000	0.0000	0.0000	0.0000	0.0000	0.0000	0.0000	0.0000	0.0000	0.0000	0.0000	0.0000	0.0000	0.0000	0.0000	0.0000	0.0000	0.0000	0.0000	0.0000	0.0000	0.0000											
69	89	0.2062	18	1	0	1	0	0	0	0	0	N	N	N	N	N	N	N	N	N	N	N	N	0.0000	0.0000	0.0000	0.0000	0.0000	0.0000	0.0000	0.0000	0.0000	0.0000	0.0000	0.0000	0.0000	0.0000	0.0000	0.0000	0.0000	0.0000	0.3599	0.5331	0.0023	0.9332	0.9727	0.0229	0.0010	0.0007	0.0012	0.0020	0.0000	-0.0048	2.8240	0.0001	8.9883	0.9161	0.0000	0.0000	0.0000	0.0000	0.0000	0.0000	0.0000	0.0000	0.0000	0.0089	0.0088	0.0000	0.0088	0.0088	0.0000	0.0000	0.0000	0.0000	0.0000	0.0000	0.0000	0.0000	0.0000	0.0000	0.0000	0.0000	0.0000	0.0246	0.0166	0.0080	0.0095	0.0091	0.0004	0.0151	0.0075	0.0076	0.0000	0.0000	0.0000	0.0000	0.0000	0.0000	0.0000	0.0000	0.0000	0.3599	0.5331	0.0023	0.9332	0.9727	0.0229	0.0010	0.0007	0.0012	
69	90	0.1815	17	1	0	1	0	0	0	0	0	N	N	N	N	N	N	N	N	N	N	N	N	0.0000	0.0000	0.0000	0.0000	0.0000	0.0000	0.0000	0.0000	0.0000	0.0000	0.0000	0.0000	0.0000	0.0000	0.0000	0.0000	0.0000	0.0000	0.0508	0.0124	0.1138	0.0072	0.0062	0.0221	0.0694	0.0175	0.1190	5.5981	0.0000	0.0028	2.8240	3.7876	8.9883	7.8440	0.0000	0.0000	0.0000	0.0000	0.0000	0.0000	0.0000	0.0000	0.0000	0.0091	0.0014	0.0077	0.0004	0.0003	0.0001	0.0087	0.0011	0.0076	0.1035	0.0918	0.0117	0.0318	0.0303	0.0015	0.0717	0.0614	0.0103	0.1793	0.1114	0.0679	0.0538	0.0502	0.0036	0.1255	0.0612	0.0643	0.0000	0.0000	0.0000	0.0000	0.0000	0.0000	0.0000	0.0000	0.0000	0.0508	0.0124	0.1138	0.0072	0.0062	0.0221	0.0694	0.0175	0.1190	
69	91	0.0923	7	0	1	0	1	0	0	0	0	N	N	N	N	N	N	N	N	N	N	N	N	0.7859	0.0000	142.1393	0.6819	0.0000	305.6322	1.1957	0.0000	171.6483	2.9688	0.0000	10.3187	1.2591	0.0000	6.4242	5.1593	0.0000	12.7320	3.7776	6.3913	0.0726	1.8463	1.9555	0.0210	4.3147	8.7812	0.0742	115399288.7233	0.0080	0.4071	-0.5811	2.8240	1.8247	8.9883	16.3284	0.6578	0.0000	0.6578	0.1567	0.0000	0.1567	0.5011	0.0000	0.5011	1.0862	1.0776	0.0086	0.1155	0.1154	0.0001	0.9707	0.9621	0.0086	0.2216	0.1578	0.0637	0.1244	0.1000	0.0244	0.0971	0.0578	0.0394	0.2875	0.1686	0.1189	0.0626	0.0590	0.0035	0.2250	0.1096	0.1154	0.7859	0.0000	142.1393	0.6819	0.0000	305.6322	1.1957	0.0000	171.6483	3.7776	6.3913	0.0726	1.8463	1.9555	0.0210	4.3147	8.7812	0.0742
69	92	0.1028	8	0	1	0	0	0	0	0	0	N	N	N	N	N	N	N	N	N	N	N	N	0.1480	45.7230	0.0000	3.2978	34.1353	0.0000	0.0004	5.9390	0.0000	0.4204	0.5284	0.0000	1.0035	1.1817	0.0000	0.0013	0.0017	0.0000	2.8397	0.0116	6.8699	0.3043	0.0346	14.4443	3.4936	0.0003	6.9371	0.0000	417.1331	-0.0619	0.4512	2.8240	9.1310	8.9883	16.1726	0.1625	0.1625	0.0000	0.1623	0.1623	0.0000	0.0003	0.0003	0.0000	0.9924	0.0024	0.9900	0.0218	0.0023	0.0195	0.9706	0.0000	0.9705	0.3867	0.3076	0.0791	0.1617	0.1373	0.0244	0.2250	0.1703	0.0547	0.3495	0.2054	0.1441	0.0716	0.0674	0.0042	0.2778	0.1379	0.1399	0.1480	45.7230	0.0000	3.2978	34.1353	0.0000	0.0004	5.9390	0.0000	2.8397	0.0116	6.8699	0.3043	0.0346	4.6321	3.4936	0.0003	6.9371
69	93	0.0593	6	0	1	0	0	0	0	0	0	N	N	N	N	N	N	N	N	N	N	N	N	0.0311	0.8701	0.0000	0.0868	1.7139	0.0000	0.0015	259.7334	0.0000	0.0582	0.0665	0.0000	0.2652	0.2755	0.0000	0.0021	0.0024	0.0000	1.8727	0.0764	4.5539	3.0549	0.1607	430.0840	1.3927	0.0000	2.5666	0.0001	39.9465	-0.0025	0.2407	2.8240	4.0959	8.9883	8.7137	0.0067	0.0067	0.0000	0.0065	0.0065	0.0000	0.0002	0.0002	0.0000	0.5565	0.0136	0.5429	0.2721	0.0136	0.2585	0.2843	0.0000	0.2843	0.1149	0.1006	0.0143	0.0245	0.0236	0.0009	0.0904	0.0770	0.0134	0.2971	0.1779	0.1192	0.0930	0.0845	0.0084	0.2042	0.0934	0.1108	0.0311	0.8701	0.0000	0.0906	1.7139	0.0000	0.0015	259.7334	0.0000	1.8727	0.0764	4.5539	2.9267	0.1607	30.6870	1.3927	0.0000	2.5666
69	94	0.0410	5	0	1	0	0	0	0	0	0	N	N	N	N	N	N	N	N	N	N	N	N	1.8345	3.4622	0.0000	101.5618	105.1941	0.0000	0.0592	0.0973	0.0000	7.2748	8.9808	0.0000	25.3255	26.7432	0.0000	0.2994	0.3954	0.0000	3.9655	2.5940	5.7772	0.2494	0.2542	0.0964	5.0550	4.0653	5.8709	0.0000	1.6861	-0.2982	0.0612	2.8240	2.9443	8.9883	6.1524	0.7826	0.7826	0.0000	0.7594	0.7594	0.0000	0.0232	0.0232	0.0000	0.7216	0.2686	0.4530	0.0103	0.0102	0.0001	0.7113	0.2585	0.4529	0.1076	0.0871	0.0204	0.0300	0.0284	0.0016	0.0776	0.0587	0.0188	0.1820	0.1036	0.0784	0.0413	0.0400	0.0013	0.1407	0.0636	0.0771	1.8345	3.4622	0.0000	101.5618	105.1941	0.0000	0.0592	0.0973	0.0000	3.9655	2.5940	5.7772	0.2494	0.2542	0.0964	5.0550	4.0653	5.8709
69	95	0.0385	4	0	0	0	0	0	0	0	0	N	N	N	N	N	N	N	N	N	N	N	N	98.7121	100.6684	0.0002	8.3202	8.7565	0.0000	268.7885	1069902.5994	0.0003	23.6088	29.1323	0.0000	3.5777	3.7811	0.0000	31.3594	41.3797	0.0000	0.2392	0.2894	0.1700	0.4300	0.4318	0.1812	0.1167	0.0000	0.1700	0.0000	0.4269	-0.2876	-0.0066	2.8240	0.8596	8.9883	1.2300	0.7547	0.7547	0.0000	0.0319	0.0319	0.0000	0.7228	0.7228	0.0000	0.0271	0.0190	0.0081	0.0191	0.0190	0.0001	0.0081	0.0000	0.0081	0.0320	0.0259	0.0061	0.0089	0.0084	0.0005	0.0230	0.0175	0.0056	0.1134	0.0657	0.0477	0.0443	0.0440	0.0003	0.0691	0.0217	0.0474	98.7121	100.6684	0.0002	8.3202	8.7565	0.0000	268.7885	1069902.5994	0.0003	0.2392	0.2894	0.1700	0.4300	0.4318	0.1812	0.1167	0.0000	0.1700
69	98	0.1815	17	0	1	0	0	0	0	0	0	N	N	N	N	N	N	N	N	N	N	N	N	0.0000	0.0000	0.0000	0.0000	0.0000	0.0000	0.0000	0.0000	0.0000	0.0000	0.0000	0.0000	0.0000	0.0000	0.0000	0.0000	0.0000	0.0000	0.0089	0.0143	0.0001	0.0299	0.0320	0.0003	0.0000	0.0000	0.0001	0.0042	0.0000	-0.0010	2.8240	1.3608	8.9883	12.1483	0.0000	0.0000	0.0000	0.0000	0.0000	0.0000	0.0000	0.0000	0.0000	0.0018	0.0018	0.0000	0.0018	0.0018	0.0000	0.0000	0.0000	0.0000	0.0417	0.0372	0.0045	0.0153	0.0146	0.0008	0.0264	0.0226	0.0038	0.2038	0.1263	0.0775	0.0606	0.0564	0.0042	0.1433	0.0699	0.0733	0.0000	0.0000	0.0000	0.0000	0.0000	0.0000	0.0000	0.0000	0.0000	0.0089	0.0143	0.0001	0.0299	0.0320	0.0003	0.0000	0.0000	0.0001	
69	99	0.1778	16	0	0	0	0	0	0	0	0	N	N	N	N	N	N	N	N	N	N	N	N	0.0124	0.0124	0.0002	0.0545	0.0560	0.0000	0.0000	0.0000	0.0002	0.0001	0.0001	0.0000	0.0002	0.0002	0.0000	0.0000	0.0000	0.0000	0.0047	0.0053	0.0036	0.0033	0.0034	0.0013	0.0053	0.0071	0.0037	0.0016	0.3870	-0.0000	-0.0001	2.8240	1.5300	8.9883	0.7696	0.0000	0.0000	0.0000	0.0000	0.0000	0.0000	0.0000	0.0000	0.0000	0.0002	0.0001	0.0001	0.0000	0.0000	0.0000	0.0002	0.0001	0.0001	0.0469	0.0413	0.0056	0.0151	0.0142	0.0009	0.0318	0.0271	0.0047	0.0423	0.0270	0.0154	0.0138	0.0130	0.0007	0.0285	0.0139	0.0146	0.0124	0.0124	0.0002	0.0545	0.0560	0.0000	0.0000	0.0000	0.0002	0.0047	0.0053	0.0036	0.0033	0.0034	0.0013	0.0053	0.0071	0.0037
69	100	0.1689	15	0	0	0	0	0	0	0	0	N	N	N	N	N	N	N	N	N	N	N	N	158.9411	238.8784	0.0000	363.7666	566.9074	0.0000	0.0000	0.0000	0.0000	0.1127	0.1277	0.0000	0.4389	0.4570	0.0000	0.0000	0.0000	0.0000	0.0007	0.0005	0.0010	0.0012	0.0008	0.0057	0.0005	0.0003	0.0007	0.0000	1.1811	-0.0041	-0.0000	2.8240	3.6906	8.9883	1.4800	0.0109	0.0109	0.0000	0.0109	0.0109	0.0000	0.0000	0.0000	0.0000	0.0001	0.0000	0.0000	0.0000	0.0000	0.0000	0.0000	0.0000	0.0000	0.0966	0.0853	0.0113	0.0248	0.0238	0.0010	0.0718	0.0615	0.0103	0.0826	0.0503	0.0324	0.0229	0.0211	0.0019	0.0597	0.0292	0.0305	158.9411	238.8784	0.0000	363.7666	566.9074	0.0000	0.0000	0.0000	0.0000	0.0007	0.0005	0.0010	0.0012	0.0008	0.0057	0.0005	0.0003	0.0007
69	101	0.1689	14	0	0	0	0	0	0	0	0	N	N	N	N	N	N	N	N	N	N	N	N	0.2407	0.0957	4.1638	0.2353	0.2243	0.0454	0.2470	0.0000	4.5655	0.0005	0.0003	0.0025	0.0007	0.0007	0.0000	0.0004	0.0000	0.0027	0.0020	0.0028	0.0006	0.0029	0.0031	0.0008	0.0015	0.0024	0.0006	1.0000	0.1219	0.0000	-0.0000	2.8240	0.1361	8.9883	0.4500	0.0000	0.0000	0.0000	0.0000	0.0000	0.0000	0.0000	0.0000	0.0000	0.0000	0.0000	0.0000	0.0000	0.0000	0.0000	0.0000	0.0000	0.0000	0.0059	0.0054	0.0006	0.0021	0.0021	0.0000	0.0038	0.0033	0.0005	0.0129	0.0083	0.0046	0.0046	0.0042	0.0004	0.0083	0.0041	0.0043	0.2407	0.0957	4.1638	0.2353	0.2243	0.0454	0.2470	0.0000	4.5655	0.0020	0.0028	0.0006	0.0029	0.0031	0.0008	0.0015	0.0024	0.0006
69	102	0.1531	13	0	0	0	0	0	0	0	0	N	N	N	N	N	N	N	N	N	N	N	N	1.1387	0.7977	0.1456	1.1092	1.0964	0.0006	0.2577	0.5842	0.1696	0.0109	0.0124	0.0001	0.0392	0.0409	0.0000	0.0001	0.0001	0.0001	0.0096	0.0155	0.0008	0.0354	0.0374	0.0017	0.0005	0.0002	0.0007	0.0012	0.0327	-0.0004	-0.0007	2.8240	3.5591	8.9883	4.5341	0.0011	0.0011	0.0000	0.0011	0.0011	0.0000	0.0000	0.0000	0.0000	0.0014	0.0013	0.0000	0.0013	0.0013	0.0000	0.0000	0.0000	0.0000	0.1008	0.0890	0.0119	0.0278	0.0267	0.0012	0.0730	0.0623	0.0107	0.1408	0.0844	0.0564	0.0368	0.0347	0.0020	0.1040	0.0497	0.0544	1.1387	0.7977	0.1456	1.1092	1.0964	0.0006	0.2577	0.5842	0.1696	0.0096	0.0155	0.0008	0.0354	0.0374	0.0017	0.0005	0.0002	0.0007
69	103	0.1314	12	0	0	0	0	0	0	0	0	N	N	N	N	N	N	N	N	N	N	N	N	1.8937	1.5313	5.7384	0.8826	1.0303	0.5743	3.3447	0.5619	8.4130	0.6724	0.9162	0.0130	1.2815	1.5782	0.0080	0.0064	0.0011	0.0159	0.3551	0.5983	0.0023	1.4520	1.5318	0.0140	0.0019	0.0019	0.0019	0.0053	0.0026	-0.0632	-0.0353	2.8240	2.8937	8.9883	8.0733	0.1681	0.1673	0.0009	0.1674	0.1672	0.0002	0.0008	0.0001	0.0007	0.0652	0.0651	0.0002	0.0650	0.0649	0.0000	0.0003	0.0001	0.0001	0.2501	0.1826	0.0675	0.1306	0.1059	0.0247	0.1195	0.0766	0.0428	0.1838	0.1088	0.0750	0.0447	0.0424	0.0024	0.1390	0.0664	0.0726	1.8937	1.5313	5.7384	0.8826	1.0303	0.5743	3.3447	0.5619	8.4130	0.3551	0.5983	0.0023	1.4520	1.5318	0.0140	0.0019	0.0019	0.0019
69	104	0.1261	8	0	1	0	0	0	0	0	0	N	N	N	N	N	N	N	N	N	N	N	N	0.2843	0.2501	0.0071	0.3174	0.3898	0.0000	0.2876	0.1837	0.0322	0.2651	0.3353	0.0008	0.1267	0.1445	0.0000	0.4012	0.5689	0.0011	0.9326	1.3405	0.1070	0.3992	0.3706	0.9890	1.3953	3.0965	0.0328	0.0006	0.0394	-0.0002	-0.0358	2.8240	0.0277	8.9883	1.3445	0.0005	0.0005	0.0000	0.0001	0.0001	0.0000	0.0004	0.0004	0.0000	0.0709	0.0682	0.0027	0.0141	0.0122	0.0019	0.0568	0.0561	0.0007	0.0018	0.0014	0.0004	0.0009	0.0008	0.0001	0.0009	0.0006	0.0003	0.0761	0.0509	0.0252	0.0353	0.0328	0.0025	0.0407	0.0181	0.0226	0.2843	0.2501	0.0071	0.3174	0.3898	0.0000	0.2876	0.1837	0.0322	0.9326	1.3405	0.1070	0.3992	0.3706	0.7685	1.3953	3.0965	0.0328
69	105	0.0795	7	0	1	0	0	0	0	0	0	N	N	N	N	N	N	N	N	N	N	N	N	0.7284	0.8230	0.0005	0.4430	0.4966	0.0000	0.8506	1.0348	0.0006	5.4941	6.3221	0.0036	4.1230	4.4054	0.0000	6.1467	7.3420	0.0042	7.5428	7.6816	7.3452	9.3061	8.8717	25.7078	7.2264	7.0949	7.3540	0.0001	0.6717	-0.3111	-0.3467	2.8240	5.1414	8.9883	16.4151	0.8166	0.8165	0.0001	0.1976	0.1976	0.0000	0.6190	0.6189	0.0001	2.4560	1.4692	0.9868	0.5766	0.5603	0.0164	1.8794	0.9089	0.9705	0.1486	0.1292	0.0195	0.0479	0.0449	0.0031	0.1007	0.0843	0.0164	0.3256	0.1913	0.1343	0.0655	0.0632	0.0024	0.2601	0.1281	0.1320	0.7284	0.8230	0.0005	0.4686	0.4966	0.0000	0.8506	1.0348	0.0006	7.5428	7.6816	7.3452	8.7983	8.8717	6.8558	7.2264	7.0949	7.3540
69	106	0.0712	6	0	0	0	0	0	0	0	0	N	N	N	N	N	N	N	N	N	N	N	N	0.0422	0.0526	0.0205	0.0292	0.0335	0.3077	0.0499	0.5018	0.0180	0.1563	0.1659	0.0926	0.2089	0.2126	0.1543	0.1346	0.1445	0.0822	3.6996	3.1532	4.5102	7.1518	6.3521	0.5016	2.6948	0.2880	4.5734	0.0844	0.9639	-0.0053	-0.0265	2.8240	3.8974	8.9883	1.6364	0.0175	0.0162	0.0014	0.0068	0.0065	0.0003	0.0107	0.0097	0.0010	0.5077	0.2585	0.2492	0.2466	0.2463	0.0003	0.2611	0.0122	0.2489	0.1122	0.0975	0.0147	0.0328	0.0306	0.0021	0.0795	0.0668	0.0126	0.1372	0.0820	0.0552	0.0403	0.0395	0.0008	0.0969	0.0425	0.0544	0.0422	0.0526	0.0205	0.0342	0.0341	0.4027	0.0499	0.5018	0.0180	3.6996	3.1532	4.5102	6.1127	6.2335	0.3833	2.6948	0.2880	4.5734
69	109	0.1617	13	1	1	0	1	0	0	0	0	N	N	N	N	N	N	N	N	N	N	N	N	0.0000	0.0000	0.0000	0.0000	0.0000	0.0000	0.0000	0.0000	0.0000	0.0000	0.0000	0.0000	0.0000	0.0000	0.0000	0.0000	0.0000	0.0000	0.0000	0.0000	2.8240	0.0000	8.9883	0.0000	0.0000	0.0000	0.0000	0.0000	0.0000	0.0000	0.0000	0.0000	0.0000	0.0000	0.0000	0.0000	0.0000	0.0000	0.0000	0.0000	0.0000	0.0000	0.0000	0.0000	0.0000	0.0000	0.0000	0.0000	0.0000	0.0000	0.0000	0.0000	0.0000	0.0000	0.0000	0.0000	0.0000	0.0000	0.0000	0.0000	0.0000	0.0000	0.0000	0.0000	0.0000	0.0000	0.0000	0.0000	0.0000	0.0000	0.0000	0.0000	0.0000	0.0000	0.0000	0.0000	0.0000	0.0000											
69	110	0.1467	12	1	1	0	1	0	0	0	0	N	N	N	N	N	N	N	N	N	N	N	N	0.0000	0.0000	0.0000	0.0000	0.0000	0.0000	0.0000	0.0000	0.0000	0.0000	0.0000	0.0000	0.0000	0.0000	0.0000	0.0000	0.0000	0.0000	8.4614	14.1072	0.0001	30.8395	33.7443	0.0004	0.0000	0.0000	0.0000	0.0000	0.0000	-0.5375	2.8240	0.0000	8.9883	7.1240	0.0000	0.0000	0.0000	0.0000	0.0000	0.0000	0.0000	0.0000	0.0000	0.9900	0.9900	0.0000	0.9900	0.9900	0.0000	0.0000	0.0000	0.0000	0.0000	0.0000	0.0000	0.0000	0.0000	0.0000	0.0000	0.0000	0.0000	0.1170	0.0702	0.0468	0.0327	0.0293	0.0034	0.0843	0.0408	0.0435	0.0000	0.0000	0.0000	0.0000	0.0000	0.0000	0.0000	0.0000	0.0000	8.4614	14.1072	0.0001	30.2733	33.7443	0.0004	0.0000	0.0000	0.0000	
69	111	0.1557	14	0	1	0	1	0	0	0	0	N	N	N	N	N	N	N	N	N	N	N	N	0.0000	0.0000	0.0000	0.0000	0.0000	0.0000	0.0000	0.0000	0.0000	0.0000	0.0000	0.0000	0.0000	0.0000	0.0000	0.0000	0.0000	0.0019	0.0021	0.0016	0.0049	0.0047	0.0060	0.0005	0.0000	0.0011	0.4988	0.0000	-0.0000	2.8240	0.0016	8.9883	5.0076	0.0000	0.0000	0.0000	0.0000	0.0000	0.0000	0.0000	0.0000	0.0000	0.0001	0.0001	0.0000	0.0001	0.0001	0.0000	0.0000	0.0000	0.0000	0.0001	0.0001	0.0000	0.0001	0.0001	0.0000	0.0001	0.0001	0.0000	0.0803	0.0487	0.0316	0.0247	0.0214	0.0033	0.0556	0.0273	0.0283	0.0000	0.0000	0.0000	0.0000	0.0000	0.0000	0.0000	0.0000	0.0000	0.0019	0.0021	0.0016	0.0049	0.0047	0.0060	0.0005	0.0000	0.0011		
69	112	0.1488	13	0	1	0	1	0	0	0	0	N	N	N	N	N	N	N	N	N	N	N	N	0.0000	0.0000	0.0000	0.0000	0.0000	0.0000	0.0000	0.0000	0.0000	0.0000	0.0000	0.0000	0.0000	0.0000	0.0000	0.0000	0.0000	0.0006	0.0009	0.0001	0.0018	0.0019	0.0007	0.0000	0.0000	0.0001	0.0876	0.0000	-0.0000	2.8240	1.0012	8.9883	2.1373	0.0000	0.0000	0.0000	0.0000	0.0000	0.0000	0.0000	0.0000	0.0000	0.0000	0.0000	0.0000	0.0000	0.0000	0.0000	0.0000	0.0000	0.0000	0.0268	0.0236	0.0032	0.0082	0.0077	0.0006	0.0186	0.0160	0.0026	0.0562	0.0339	0.0222	0.0175	0.0157	0.0018	0.0387	0.0183	0.0204	0.0000	0.0000	0.0000	0.0000	0.0000	0.0000	0.0000	0.0000	0.0000	0.0006	0.0009	0.0001	0.0018	0.0019	0.0007	0.0000	0.0000	0.0001		
69	113	0.1572	13	0	1	0	0	0	0	0	0	N	N	N	N	N	N	N	N	N	N	N	N	0.0000	0.0000	0.0000	0.0000	0.0000	0.0000	0.0000	0.0000	0.0000	0.0000	0.0000	0.0000	0.0000	0.0000	0.0000	0.0000	0.0000	0.0008	0.0007	0.0011	0.0029	0.0017	0.0137	0.0000	0.0000	0.0000	0.9634	0.0000	-0.0000	2.8240	0.9705	8.9883	5.0371	0.0000	0.0000	0.0000	0.0000	0.0000	0.0000	0.0000	0.0000	0.0000	0.0001	0.0000	0.0000	0.0001	0.0000	0.0000	0.0000	0.0000	0.0000	0.0294	0.0261	0.0034	0.0101	0.0095	0.0006	0.0193	0.0166	0.0027	0.0976	0.0593	0.0383	0.0277	0.0248	0.0029	0.0699	0.0345	0.0354	0.0000	0.0000	0.0000	0.0000	0.0000	0.0000	0.0000	0.0000	0.0000	0.0008	0.0007	0.0011	0.0029	0.0017	0.0137	0.0000	0.0000	0.0000		
69	114	0.1488	13	0	0	1	1	0	0	0	0	N	N	N	N	N	N	N	N	N	N	N	N	0.0000	0.0000	0.0000	0.0000	0.0000	0.0000	0.0000	0.0000	0.0000	0.0000	0.0000	0.0000	0.0000	0.0000	0.0000	0.0001	0.0000	0.0003	0.0002	0.0000	0.0020	0.0001	0.0000	0.0001	inf	0.0000	0.0000	2.8240	0.0000	8.9883	1.1303	0.0000	0.0000	0.0000	0.0000	0.0000	0.0000	0.0000	0.0000	0.0000	0.0000	0.0000	0.0000	0.0000	0.0000	0.0000	0.0000	0.0000	0.0000	0.0000	0.0000	0.0000	0.0000	0.0000	0.0000	0.0000	0.0000	0.0000	0.0244	0.0149	0.0096	0.0084	0.0077	0.0007	0.0161	0.0071	0.0089	0.0000	0.0000	0.0000	0.0000	0.0000	0.0000	0.0000	0.0000	0.0000	0.0001	0.0000	0.0003	0.0002	0.0000	0.0020	0.0001	0.0000	0.0001				
69	115	0.1467	12	0	0	0	1	0	0	0	0	N	N	N	N	N	N	N	N	N	N	N	N	0.0000	0.0000	0.0000	0.0000	0.0000	0.0000	0.0000	0.0000	0.0000	0.0000	0.0000	0.0000	0.0000	0.0000	0.0000	0.0000	0.0000	0.0000	0.0141	0.0020	0.0328	0.0132	0.0040	0.1360	0.0145	0.0000	0.0264	10.5018	0.0000	0.0001	2.8240	0.0000	8.9883	1.2340	0.0000	0.0000	0.0000	0.0000	0.0000	0.0000	0.0000	0.0000	0.0000	0.0004	0.0000	0.0003	0.0001	0.0000	0.0001	0.0003	0.0000	0.0003	0.0000	0.0000	0.0000	0.0000	0.0000	0.0000	0.0000	0.0000	0.0000	0.0264	0.0161	0.0103	0.0086	0.0080	0.0006	0.0178	0.0080	0.0097	0.0000	0.0000	0.0000	0.0000	0.0000	0.0000	0.0000	0.0000	0.0000	0.0141	0.0020	0.0328	0.0132	0.0040	0.1360	0.0145	0.0000	0.0264	
69	116	0.1542	13	0	0	1	1	0	0	0	0	N	N	N	N	N	N	N	N	N	N	N	N	25.3032	8460.1826	0.0000	8.7263	2384.2901	0.0000	58.8359	inf	0.0000	0.0128	0.0139	0.0000	0.0089	0.0092	0.0000	0.0169	0.0197	0.0000	0.0005	0.0000	0.0013	0.0010	0.0000	0.0096	0.0003	0.0000	0.0006	0.0000	493.3962	-0.0002	0.0000	2.8240	0.9725	8.9883	0.9874	0.0004	0.0004	0.0000	0.0002	0.0002	0.0000	0.0003	0.0003	0.0000	0.0000	0.0000	0.0000	0.0000	0.0000	0.0000	0.0000	0.0000	0.0000	0.0342	0.0314	0.0028	0.0177	0.0171	0.0005	0.0166	0.0142	0.0023	0.0327	0.0203	0.0124	0.0097	0.0087	0.0010	0.0230	0.0116	0.0114	25.3032	8460.1826	0.0000	8.7263	2384.2901	0.0000	58.8359	inf	0.0000	0.0005	0.0000	0.0013	0.0010	0.0000	0.0096	0.0003	0.0000	0.0006
69	117	0.1542	13	0	0	1	1	0	0	0	0	N	N	N	N	N	N	N	N	N	N	N	N	2.3770	1.5820	3.3251	0.4454	0.4104	0.0000	137197.4158	inf	532.6137	0.1551	0.1681	0.0013	0.1001	0.1035	0.0000	0.2183	0.2502	0.0017	0.0653	0.1062	0.0004	0.2247	0.2522	0.0047	0.0000	0.0000	0.0000	0.0007	0.0023	-0.0002	-0.0023	2.8240	0.0285	8.9883	4.0215	0.0004	0.0004	0.0000	0.0001	0.0001	0.0000	0.0003	0.0003	0.0000	0.0042	0.0042	0.0000	0.0042	0.0042	0.0000	0.0000	0.0000	0.0000	0.0028	0.0025	0.0002	0.0015	0.0014	0.0000	0.0013	0.0011	0.0002	0.0650	0.0399	0.0252	0.0189	0.0168	0.0021	0.0461	0.0231	0.0231	2.3770	1.5820	3.3251	0.4454	0.4104	0.0000	137197.4158	inf	532.6137	0.0653	0.1062	0.0004	0.2247	0.2522	0.0047	0.0000	0.0000	0.0000
69	118	0.1467	12	0	0	1	1	0	0	0	0	N	N	N	N	N	N	N	N	N	N	N	N	5425.4072	51187.7444	0.0000	7939.1938	31661.4421	0.0000	4236.9748	47783600.7766	0.0000	22.6289	25.6986	0.0000	34.6283	37.2431	0.0000	17.3507	20.2014	0.0000	0.0042	0.0005	0.0097	0.0044	0.0012	0.0333	0.0041	0.0000	0.0079	0.0000	12.8312	-0.6909	0.0001	2.8240	3.0275	8.9883	2.1573	1.8132	1.8132	0.0000	0.8476	0.8476	0.0000	0.9655	0.9655	0.0000	0.0004	0.0000	0.0003	0.0001	0.0000	0.0001	0.0003	0.0000	0.0003	0.0801	0.0706	0.0096	0.0245	0.0228	0.0017	0.0556	0.0478	0.0079	0.0877	0.0527	0.0350	0.0249	0.0225	0.0025	0.0627	0.0302	0.0325	5425.4072	51187.7444	0.0000	7939.1938	31661.4421	0.0000	4236.9748	47783600.7766	0.0000	0.0042	0.0005	0.0097	0.0044	0.0012	0.0333	0.0041	0.0000	0.0079
69	119	0.1880	12	1	1	0	0	0	0	0	0	N	N	N	N	N	N	N	N	N	N	N	N	87.8134	76.1402	0.2068	162.3651	211.1880	0.0029	0.4323	0.2504	1.1932	0.6600	0.8102	0.0005	1.0182	1.3284	0.0000	0.0035	0.0036	0.0027	0.0075	0.0106	0.0025	0.0063	0.0063	0.0060	0.0081	0.0143	0.0022	0.0001	0.1442	-0.0526	-0.0003	2.8240	2.1883	8.9883	3.1271	0.1382	0.1381	0.0000	0.1379	0.1379	0.0000	0.0003	0.0002	0.0000	0.0007	0.0006	0.0001	0.0002	0.0002	0.0000	0.0005	0.0004	0.0001	0.2093	0.1705	0.0388	0.1354	0.1038	0.0316	0.0739	0.0667	0.0072	0.0890	0.0550	0.0341	0.0270	0.0249	0.0020	0.0620	0.0300	0.0320	87.8134	76.1402	0.2068	162.3651	211.1880	0.0029	0.4323	0.2504	1.1932	0.0075	0.0106	0.0025	0.0063	0.0063	0.0060	0.0081	0.0143	0.0022
69	120	0.1210	11	1	1	0	0	0	0	0	0	N	N	N	N	N	N	N	N	N	N	N	N	1.1703	0.1838	20701.4448	103.1491	97.0681	4217.6468	1.1815	0.0572	26715.0113	2.5740	0.6802	10.7367	1.2201	1.2217	1.2100	3.3608	0.3302	14.0772	2.1995	3.7000	0.0005	0.0118	0.0126	0.0003	2.8446	5.7699	0.0005	3.6625	0.0001	0.5142	-0.5177	2.8240	13.6104	8.9883	16.0982	1.2714	0.2727	0.9987	0.2215	0.1923	0.0292	1.0499	0.0804	0.9695	0.9536	0.9535	0.0001	0.0012	0.0012	0.0000	0.9524	0.9523	0.0001	0.4939	0.4009	0.0930	0.1815	0.1574	0.0241	0.3124	0.2435	0.0689	0.4335	0.2577	0.1758	0.0987	0.0926	0.0061	0.3348	0.1651	0.1698	1.1703	0.1838	20701.4448	103.1491	97.0681	4217.6468	1.1815	0.0572	26715.0113	2.1995	3.7000	0.0005	0.0118	0.0126	0.0003	2.8446	5.7699	0.0005
69	121	0.1463	13	0	1	0	0	0	0	0	0	N	N	N	N	N	N	N	N	N	N	N	N	104.1756	0.0000	161.5755	19.1398	0.0000	16.3424	1373.5180	0.0000	1707.0707	1.0450	0.0000	3.2409	0.4241	0.0000	2.0133	2.1263	0.0000	4.1115	0.0100	0.0044	0.0201	0.0222	0.0075	0.1232	0.0015	0.0006	0.0024	inf	2.5142	0.1659	0.0003	2.8240	0.3548	8.9883	4.6068	0.2681	0.0000	0.2681	0.0691	0.0000	0.0691	0.1990	0.0000	0.1990	0.0016	0.0004	0.0011	0.0014	0.0004	0.0010	0.0001	0.0000	0.0001	0.2565	0.1738	0.0827	0.1629	0.1286	0.0343	0.0936	0.0452	0.0484	0.1572	0.1009	0.0562	0.0647	0.0565	0.0082	0.0925	0.0445	0.0480	104.1756	0.0000	161.5755	19.1398	0.0000	16.3424	1373.5180	0.0000	1707.0707	0.0100	0.0044	0.0201	0.0222	0.0075	0.1232	0.0015	0.0006	0.0024
69	122	0.1314	12	0	1	0	0	0	0	0	0	N	N	N	N	N	N	N	N	N	N	N	N	119.1111	16.9183	522.2220	25.1025	10.7382	138.6524	441.2655	30.4694	672.6827	2.2500	0.3887	6.7724	1.2829	0.5605	4.2171	3.4939	0.0868	8.3469	0.0189	0.0230	0.0130	0.0511	0.0522	0.0304	0.0079	0.0029	0.0124	7.1711	0.3894	0.2485	-0.0006	2.8240	1.6911	8.9883	5.7022	0.5005	0.0612	0.4392	0.1606	0.0563	0.1043	0.3399	0.0050	0.3350	0.0025	0.0018	0.0007	0.0017	0.0016	0.0001	0.0008	0.0001	0.0006	0.2224	0.1576	0.0649	0.1251	0.1004	0.0247	0.0973	0.0572	0.0401	0.1308	0.0774	0.0534	0.0332	0.0316	0.0017	0.0975	0.0458	0.0517	119.1111	16.9183	522.2220	25.1025	10.7382	138.6524	441.2655	30.4694	672.6827	0.0189	0.0230	0.0130	0.0511	0.0522	0.0304	0.0079	0.0029	0.0124
69	123	0.1210	11	0	0	0	0	0	0	0	0	N	N	N	N	N	N	N	N	N	N	N	N	4.7318	1.9089	1034.4224	1.4340	1.3327	1780.7954	131.6787	0.2670	1207.8259	1.1247	0.7612	2.0331	1.2354	1.2225	1.2923	0.9923	0.0037	2.4370	0.2377	0.3987	0.0020	0.8615	0.9173	0.0007	0.0075	0.0138	0.0020	1.0691	0.0034	0.0371	-0.0126	2.8240	2.0929	8.9883	3.1856	0.2732	0.1321	0.1412	0.1635	0.1318	0.0317	0.1098	0.0002	0.1095	0.0233	0.0232	0.0001	0.0228	0.0228	0.0000	0.0005	0.0005	0.0001	0.2429	0.1735	0.0694	0.1323	0.1078	0.0245	0.1106	0.0657	0.0449	0.0980	0.0582	0.0398	0.0264	0.0248	0.0016	0.0716	0.0334	0.0382	4.7318	1.9089	1034.4224	1.4340	1.3327	1780.7954	131.6787	0.2670	1207.8259	0.2377	0.3987	0.0020	0.8615	0.9173	0.0007	0.0075	0.0138	0.0020
69	124	0.1617	14	1	1	0	0	0	0	0	0	N	N	N	N	N	N	N	N	N	N	N	N	0.0000	0.0000	0.0000	0.0000	0.0000	0.0000	0.0000	0.0000	0.0000	0.0000	0.0000	0.0000	0.0000	0.0000	0.0000	0.0000	0.0000	0.0000	0.0000	0.0000	2.8240	0.0000	8.9883	0.0000	0.0000	0.0000	0.0000	0.0000	0.0000	0.0000	0.0000	0.0000	0.0000	0.0000	0.0000	0.0000	0.0000	0.0000	0.0000	0.0000	0.0000	0.0000	0.0000	0.0000	0.0000	0.0000	0.0000	0.0000	0.0000	0.0000	0.0000	0.0000	0.0000	0.0000	0.0000	0.0000	0.0000	0.0000	0.0000	0.0000	0.0000	0.0000	0.0000	0.0000	0.0000	0.0000	0.0000	0.0000	0.0000	0.0000	0.0000	0.0000	0.0000	0.0000	0.0000	0.0000	0.0000	0.0000											
69	125	0.1572	13	1	1	0	0	0	0	0	0	N	N	N	N	N	N	N	N	N	N	N	N	0.0000	0.0000	0.0000	0.0000	0.0000	0.0000	0.0000	0.0000	0.0000	0.0000	0.0000	0.0000	0.0000	0.0000	0.0000	0.0000	0.0000	0.0000	0.0036	0.0013	0.0075	0.0061	0.0029	0.0375	0.0026	0.0000	0.0051	3.6658	0.0000	0.0000	2.8240	0.1434	8.9883	1.9839	0.0000	0.0000	0.0000	0.0000	0.0000	0.0000	0.0000	0.0000	0.0000	0.0001	0.0000	0.0001	0.0001	0.0000	0.0000	0.0001	0.0000	0.0001	0.0073	0.0066	0.0007	0.0033	0.0031	0.0002	0.0040	0.0034	0.0006	0.0379	0.0234	0.0145	0.0114	0.0103	0.0011	0.0265	0.0131	0.0134	0.0000	0.0000	0.0000	0.0000	0.0000	0.0000	0.0000	0.0000	0.0000	0.0036	0.0013	0.0075	0.0061	0.0029	0.0375	0.0026	0.0000	0.0051	
69	126	0.1467	12	0	1	0	0	0	0	0	0	N	N	N	N	N	N	N	N	N	N	N	N	0.0000	0.0000	0.0000	0.0000	0.0000	0.0000	0.0000	0.0000	0.0000	0.0000	0.0000	0.0000	0.0000	0.0000	0.0000	0.0000	0.0000	0.0000	0.0048	0.0012	0.0104	0.0059	0.0027	0.0353	0.0044	0.0000	0.0085	5.8562	0.0000	0.0001	2.8240	1.8882	8.9883	2.9115	0.0000	0.0000	0.0000	0.0000	0.0000	0.0000	0.0000	0.0000	0.0000	0.0004	0.0001	0.0003	0.0001	0.0001	0.0001	0.0003	0.0000	0.0003	0.0503	0.0443	0.0060	0.0154	0.0143	0.0011	0.0349	0.0300	0.0049	0.0818	0.0492	0.0326	0.0234	0.0211	0.0023	0.0584	0.0281	0.0304	0.0000	0.0000	0.0000	0.0000	0.0000	0.0000	0.0000	0.0000	0.0000	0.0048	0.0012	0.0104	0.0059	0.0027	0.0353	0.0044	0.0000	0.0085	
69	127	0.1210	11	0	0	0	0	0	0	0	0	N	N	N	N	N	N	N	N	N	N	N	N	0.1692	0.0000	0.2442	5.9508	0.0000	1.0041	0.1980	0.0000	0.3164	2.3949	0.0000	9.1197	1.1173	0.0000	6.3507	3.6861	0.0000	10.5255	14.1546	7.7657	37.3507	0.1878	0.0075	6.3248	18.6157	12.5789	33.2627	inf	2.0676	0.4099	0.3818	2.8240	3.5543	8.9883	9.0319	0.6622	0.0000	0.6622	0.1553	0.0000	0.1553	0.5069	0.0000	0.5069	2.9134	0.9497	1.9637	0.0094	0.0003	0.0090	2.9040	0.9494	1.9547	0.2765	0.2039	0.0726	0.1390	0.1145	0.0245	0.1375	0.0894	0.0482	0.2058	0.1223	0.0835	0.0498	0.0468	0.0030	0.1560	0.0755	0.0805	0.1692	0.0000	0.3879	5.9508	0.0000	2.1184	0.1980	0.0000	0.4336	14.1546	7.7657	23.5086	0.1878	0.0075	2.9979	18.6157	12.5789	24.2738
69	128	0.1174	10	0	0	0	0	0	0	0	0	N	N	N	N	N	N	N	N	N	N	N	N	3.8968	1.5754	141.2395	16.3356	15.6042	591.3457	2.4438	0.0041	168.0439	1.0900	0.7146	2.1165	1.2386	1.2155	1.3394	0.9239	0.0036	2.5674	0.2797	0.4536	0.0150	0.0758	0.0779	0.0023	0.3781	0.8900	0.0153	1.0831	0.0217	0.0365	-0.0115	2.8240	2.6246	8.9883	0.7212	0.2629	0.1262	0.1367	0.1577	0.1259	0.0318	0.1052	0.0003	0.1049	0.0220	0.0216	0.0005	0.0019	0.0019	0.0000	0.0201	0.0196	0.0005	0.2412	0.1766	0.0646	0.1273	0.1036	0.0237	0.1139	0.0730	0.0409	0.0788	0.0475	0.0312	0.0256	0.0249	0.0007	0.0531	0.0226	0.0305	3.8968	1.5754	141.2395	16.3356	15.6042	591.3457	2.4438	0.0042	168.0439	0.2797	0.4536	0.0150	0.0758	0.0779	0.0023	0.3781	0.8677	0.0153
69	129	0.1116	9	0	0	0	0	0	0	0	0	N	N	N	N	N	N	N	N	N	N	N	N	21.5849	9.5515	435.1215	11.0997	10.4963	601.4924	32.1255	0.3179	510.5704	1.0022	0.6882	1.8970	1.2098	1.2003	1.2523	0.7817	0.0139	2.2654	0.0464	0.0721	0.0044	0.1090	0.1143	0.0021	0.0243	0.0439	0.0044	0.9675	0.0368	0.0286	-0.0019	2.8240	3.3474	8.9883	1.3769	0.2581	0.1312	0.1269	0.1605	0.1300	0.0305	0.0976	0.0011	0.0964	0.0038	0.0037	0.0001	0.0023	0.0023	0.0000	0.0015	0.0013	0.0001	0.2575	0.1906	0.0669	0.1326	0.1083	0.0243	0.1248	0.0823	0.0426	0.0823	0.0511	0.0311	0.0215	0.0204	0.0010	0.0608	0.0307	0.0301	21.5849	9.5515	435.1215	11.0997	10.4963	601.4924	32.1255	0.3179	510.5704	0.0464	0.0721	0.0044	0.1090	0.1143	0.0021	0.0243	0.0439	0.0044
69	130	0.1028	8	0	0	0	0	0	0	0	0	N	N	N	N	N	N	N	N	N	N	N	N	5.4167	2.5223	105.7886	1.4761	1.4463	15.4240	35.8463	1.1762	148.7592	1.3810	1.0451	2.0942	1.3869	1.4249	1.2422	1.3715	0.0705	2.6655	0.2550	0.4144	0.0198	0.9396	0.9852	0.0805	0.0383	0.0599	0.0179	0.9436	0.0324	0.0273	-0.0099	2.8240	0.4686	8.9883	4.0374	0.2610	0.1343	0.1267	0.1619	0.1317	0.0302	0.0991	0.0025	0.0965	0.0194	0.0188	0.0006	0.0172	0.0171	0.0001	0.0022	0.0017	0.0005	0.1890	0.1285	0.0605	0.1167	0.0925	0.0243	0.0722	0.0360	0.0362	0.0762	0.0454	0.0308	0.0183	0.0174	0.0009	0.0579	0.0280	0.0299	5.4167	2.5223	105.7886	1.4761	1.4463	15.4240	35.8463	1.1762	148.7592	0.2550	0.4144	0.0198	0.9396	0.9852	0.0805	0.0383	0.0599	0.0179
70	73	0.0805	7	0	0	0	0	0	0	0	0	N	N	N	N	N	N	N	N	N	N	N	N	65.2475	62.4480	0.0426	714.3569	729.4908	3.5912	47.6182	37.2705	0.0404	7.5738	8.6781	0.0032	7.5135	7.8600	0.0045	7.5891	8.9102	0.0031	0.1161	0.1390	0.0744	0.0105	0.0108	0.0013	0.1594	0.2391	0.0761	0.0001	0.2942	-0.1429	-0.0066	1.4521	4.0673	3.5882	17.8409	0.3752	0.3751	0.0000	0.0751	0.0751	0.0000	0.3001	0.3000	0.0000	0.0210	0.0162	0.0048	0.0006	0.0006	0.0000	0.0205	0.0157	0.0048	0.0495	0.0432	0.0063	0.0100	0.0096	0.0004	0.0395	0.0337	0.0059	0.1811	0.1169	0.0642	0.0527	0.0512	0.0014	0.1284	0.0656	0.0628	65.2475	62.4480	0.0426	714.3569	729.4908	3.5912	47.6182	37.2705	0.0404	0.1161	0.1390	0.0744	0.0105	0.0108	0.0013	0.1594	0.2391	0.0761
70	75	0.2172	11	0	0	0	0	0	0	0	0	N	N	N	N	N	N	N	N	N	N	N	N	1.1530	0.5245	13.4078	0.6281	0.2612	860.4263	3.1087	2.6243	7.1248	0.5709	0.3298	2.3957	0.4543	0.2341	4.8316	0.6338	0.3878	1.9868	0.4951	0.6287	0.1787	0.7233	0.8961	0.0056	0.2039	0.1478	0.2789	0.9600	0.1200	0.0038	-0.1430	1.4521	3.5843	3.5882	46.7516	0.0345	0.0176	0.0169	0.0096	0.0047	0.0049	0.0249	0.0129	0.0120	0.3281	0.2929	0.0351	0.2687	0.2683	0.0004	0.0593	0.0246	0.0347	0.0604	0.0534	0.0071	0.0212	0.0202	0.0010	0.0393	0.0332	0.0060	0.6626	0.4659	0.1967	0.3716	0.2994	0.0721	0.2911	0.1665	0.1246	1.1530	0.5245	13.4078	0.6281	0.2612	860.4263	3.1087	2.6243	7.1248	0.4951	0.6287	0.1787	0.7233	0.8961	0.0056	0.2039	0.1478	0.2789
70	76	0.1823	17	1	1	1	0	0	0	0	0	N	N	N	N	N	N	N	N	N	N	N	N	0.0000	0.0000	0.0000	0.0000	0.0000	0.0000	0.0000	0.0000	0.0000	0.0000	0.0000	0.0000	0.0000	0.0000	0.0000	0.0000	0.0000	0.0000	0.0002	0.0000	0.0004	0.0000	0.0000	0.0000	0.0002	0.0000	0.0004	9.0845	0.0000	0.0000	1.4521	1.0003	3.5882	1.0071	0.0000	0.0000	0.0000	0.0000	0.0000	0.0000	0.0000	0.0000	0.0000	0.0000	0.0000	0.0000	0.0000	0.0000	0.0000	0.0000	0.0000	0.0000	0.0101	0.0088	0.0013	0.0018	0.0017	0.0001	0.0083	0.0071	0.0012	0.0184	0.0121	0.0063	0.0070	0.0066	0.0004	0.0114	0.0055	0.0060	0.0000	0.0000	0.0000	0.0000	0.0000	0.0000	0.0000	0.0000	0.0000	0.0002	0.0000	0.0004	0.0000	0.0000	0.0000	0.0002	0.0000	0.0004	
70	77	0.1756	16	1	0	1	0	0	0	0	0	N	N	N	N	N	N	N	N	N	N	N	N	0.0003	0.0000	0.0006	0.0115	0.0000	0.0069	0.0001	0.0000	0.0003	0.0000	0.0000	0.0000	0.0000	0.0000	0.0004	0.0000	0.0000	0.0000	0.0227	0.0019	0.0824	0.0015	0.0005	0.0591	0.0390	0.0037	0.0830	inf	15.3561	0.0000	0.0006	1.4521	0.9901	3.5882	2.2068	0.0000	0.0000	0.0000	0.0000	0.0000	0.0000	0.0000	0.0000	0.0000	0.0015	0.0001	0.0014	0.0000	0.0000	0.0000	0.0015	0.0001	0.0014	0.0102	0.0089	0.0013	0.0018	0.0017	0.0001	0.0084	0.0071	0.0013	0.0671	0.0497	0.0174	0.0291	0.0286	0.0005	0.0380	0.0211	0.0169	0.0003	0.0000	0.0006	0.0115	0.0000	0.0069	0.0001	0.0000	0.0003	0.0227	0.0019	0.0824	0.0015	0.0005	0.0591	0.0390	0.0037	0.0830
70	78	0.0980	8	0	1	0	0	0	0	0	0	N	N	N	N	N	N	N	N	N	N	N	N	1.3368	1.0818	0.0033	1.1431	1.2788	1.2726	7.3765	729.5022	0.0013	3.6412	4.1609	0.0016	10.0751	10.6193	0.0105	1.7532	2.0541	0.0006	2.7237	3.8464	0.4723	8.8140	8.3044	0.0082	0.2377	0.0028	0.4886	0.0001	0.0612	-0.1405	-0.2995	1.4521	8.4371	3.5882	15.3349	0.3687	0.3687	0.0000	0.2315	0.2314	0.0000	0.1372	0.1372	0.0000	0.6172	0.5816	0.0356	0.5814	0.5814	0.0000	0.0358	0.0002	0.0356	0.1013	0.0886	0.0127	0.0230	0.0218	0.0012	0.0783	0.0668	0.0115	0.2266	0.1512	0.0754	0.0759	0.0734	0.0026	0.1507	0.0778	0.0728	1.3368	1.0818	0.0033	1.3160	1.3403	1.2726	7.3765	729.5022	0.0013	2.7237	3.8464	0.4723	7.6561	7.9234	0.0082	0.2377	0.0028	0.4886
70	79	0.1756	16	1	0	1	0	0	0	0	0	N	N	N	N	N	N	N	N	N	N	N	N	0.0190	0.0154	0.0000	0.0453	0.0460	0.0000	0.0015	0.0009	0.0000	0.1042	0.1199	0.0000	0.5925	0.6194	0.0000	0.0008	0.0009	0.0000	5.4865	7.7925	0.0475	13.0676	13.4572	0.0999	0.5446	1.0661	0.0454	0.0000	0.0026	-0.0012	-0.3368	1.4521	3.0096	3.5882	5.7427	0.0032	0.0032	0.0000	0.0031	0.0031	0.0000	0.0000	0.0000	0.0000	0.6232	0.6216	0.0016	0.5857	0.5856	0.0001	0.0374	0.0360	0.0015	0.0304	0.0264	0.0040	0.0053	0.0051	0.0002	0.0251	0.0214	0.0037	0.1136	0.0798	0.0338	0.0448	0.0435	0.0013	0.0688	0.0362	0.0325	0.0190	0.0154	0.0000	0.0453	0.0460	0.0000	0.0015	0.0009	0.0000	5.4865	7.7925	0.0475	13.0676	13.4572	0.0999	0.5446	0.9923	0.0454
70	80	0.1600	15	1	0	1	0	0	0	0	0	N	N	N	N	N	N	N	N	N	N	N	N	0.4952	0.0150	2.0543	0.0358	0.0380	0.0164	0.6254	0.0000	2.2017	0.0044	0.0001	0.0332	0.0003	0.0003	0.0004	0.0055	0.0000	0.0349	0.0089	0.0051	0.0162	0.0091	0.0085	0.0240	0.0088	0.0017	0.0159	65.0791	1.6498	0.0000	0.0001	1.4521	1.0477	3.5882	6.1154	0.0001	0.0000	0.0001	0.0000	0.0000	0.0000	0.0001	0.0000	0.0001	0.0006	0.0002	0.0004	0.0002	0.0002	0.0000	0.0004	0.0000	0.0004	0.0122	0.0106	0.0016	0.0026	0.0025	0.0001	0.0096	0.0081	0.0015	0.0710	0.0466	0.0243	0.0242	0.0233	0.0009	0.0468	0.0233	0.0235	0.4952	0.0150	2.0543	0.0358	0.0380	0.0164	0.6254	0.0000	2.2017	0.0089	0.0051	0.0162	0.0091	0.0085	0.0240	0.0088	0.0017	0.0159
70	81	0.1535	14	0	0	0	0	0	0	0	0	N	N	N	N	N	N	N	N	N	N	N	N	21.8525	0.1862	133.2173	0.8598	0.8481	9.8255	25.7590	0.0004	136.5809	0.1496	0.0011	1.1473	0.0057	0.0058	0.0029	0.1793	0.0000	1.2128	0.0068	0.0059	0.0086	0.0066	0.0068	0.0003	0.0070	0.0051	0.0089	156.0820	0.8030	0.0019	-0.0000	1.4521	1.9794	3.5882	1.0196	0.0031	0.0000	0.0031	0.0000	0.0000	0.0000	0.0031	0.0000	0.0031	0.0002	0.0001	0.0001	0.0001	0.0001	0.0000	0.0001	0.0000	0.0001	0.0208	0.0181	0.0027	0.0036	0.0034	0.0001	0.0172	0.0147	0.0025	0.0277	0.0179	0.0098	0.0086	0.0083	0.0003	0.0191	0.0096	0.0095	21.8525	0.1862	133.2173	0.8598	0.8481	9.8255	25.7590	0.0004	136.5809	0.0068	0.0059	0.0086	0.0066	0.0068	0.0003	0.0070	0.0051	0.0089
70	82	0.1513	13	0	0	0	0	0	0	0	0	N	N	N	N	N	N	N	N	N	N	N	N	0.4059	0.3551	0.7201	1.0185	1.0225	7.7198	0.1991	0.0010	0.7238	0.0031	0.0028	0.0053	0.0157	0.0163	0.0016	0.0008	0.0000	0.0055	0.0076	0.0078	0.0074	0.0154	0.0159	0.0002	0.0041	0.0005	0.0076	0.2907	0.5217	-0.0000	-0.0000	1.4521	1.0114	3.5882	0.0202	0.0000	0.0000	0.0000	0.0000	0.0000	0.0000	0.0000	0.0000	0.0000	0.0001	0.0000	0.0000	0.0000	0.0000	0.0000	0.0000	0.0000	0.0000	0.0107	0.0093	0.0014	0.0016	0.0016	0.0001	0.0090	0.0077	0.0013	0.0099	0.0064	0.0035	0.0031	0.0030	0.0001	0.0068	0.0034	0.0034	0.4059	0.3551	0.7201	1.0185	1.0225	7.7198	0.1991	0.0010	0.7238	0.0076	0.0078	0.0074	0.0154	0.0159	0.0002	0.0041	0.0005	0.0076
70	83	0.1308	12	0	0	0	0	0	0	0	0	N	N	N	N	N	N	N	N	N	N	N	N	0.0620	0.0362	5.9097	0.0844	0.0847	0.0767	2.4998	7.3477	7.4099	0.0105	0.0095	0.0178	0.0446	0.0463	0.0014	0.0033	0.0007	0.0187	0.1694	0.2609	0.0030	0.5282	0.5464	0.0182	0.0013	0.0001	0.0025	0.2732	0.0063	-0.0001	-0.0083	1.4521	5.9223	3.5882	3.6882	0.0007	0.0005	0.0001	0.0005	0.0005	0.0000	0.0002	0.0000	0.0001	0.0155	0.0154	0.0001	0.0154	0.0154	0.0000	0.0001	0.0000	0.0001	0.0644	0.0562	0.0082	0.0113	0.0108	0.0004	0.0531	0.0454	0.0078	0.0914	0.0590	0.0324	0.0292	0.0282	0.0010	0.0623	0.0308	0.0314	0.0620	0.0362	5.9097	0.0844	0.0847	0.0767	2.4998	7.3477	7.4099	0.1694	0.2609	0.0030	0.5282	0.5464	0.0182	0.0013	0.0001	0.0025
70	84	0.1179	10	0	1	0	0	0	0	0	0	N	N	N	N	N	N	N	N	N	N	N	N	0.0166	0.0122	0.0448	0.0035	0.0024	2.1977	0.0262	0.1176	0.0441	0.1026	0.0622	0.3754	0.0354	0.0237	0.2424	0.1184	0.0722	0.3867	6.1975	5.0871	8.3763	9.9914	10.0035	0.1103	4.5255	0.6137	8.7729	0.8953	0.8391	0.0007	-0.1676	1.4521	7.1084	3.5882	28.8937	0.0078	0.0041	0.0037	0.0005	0.0003	0.0002	0.0073	0.0038	0.0035	1.9332	1.0512	0.8821	0.9918	0.9913	0.0005	0.9414	0.0599	0.8815	0.0759	0.0661	0.0098	0.0144	0.0136	0.0008	0.0615	0.0524	0.0090	0.3119	0.2066	0.1053	0.1039	0.0991	0.0048	0.2080	0.1075	0.1005	0.0166	0.0122	0.0448	0.0037	0.0024	2.1977	0.0262	0.1296	0.0441	6.1975	5.0871	8.3763	9.5444	10.0035	0.1103	4.5255	0.5567	8.7729
70	85	0.1104	9	0	1	0	0	0	0	0	0	N	N	N	N	N	N	N	N	N	N	N	N	9.5466	6.0098	36.5689	2.3848	2.3393	4.4735	13.1247	7.7806	44.0515	2.1328	1.3351	8.2758	0.4809	0.4773	0.5371	3.1163	1.8983	10.1473	0.2234	0.2222	0.2263	0.2017	0.2040	0.1201	0.2374	0.2440	0.2304	0.8050	0.4431	0.0054	-0.0047	1.4521	2.2208	3.5882	3.9129	0.0838	0.0464	0.0374	0.0071	0.0066	0.0005	0.0767	0.0398	0.0369	0.0197	0.0137	0.0061	0.0070	0.0069	0.0001	0.0128	0.0068	0.0059	0.0393	0.0348	0.0045	0.0147	0.0138	0.0009	0.0246	0.0210	0.0036	0.0883	0.0616	0.0268	0.0346	0.0336	0.0010	0.0537	0.0279	0.0258	9.5466	6.0098	36.5689	2.3848	2.3393	4.4735	13.1247	7.7806	44.0515	0.2234	0.2222	0.2263	0.2017	0.2040	0.1201	0.2374	0.2440	0.2304
70	86	0.1859	11	0	0	1	0	0	0	0	0	N	N	N	N	N	N	N	N	N	N	N	N	8.5587	27.8365	13.0224	14.4616	65.0171	0.0927	7.2845	0.4449	26.1445	0.0456	0.0279	0.1744	0.1187	0.1229	0.0082	0.0265	0.0000	0.1856	0.0053	0.0010	0.0134	0.0082	0.0019	0.0889	0.0036	0.0000	0.0071	0.8581	7.1594	0.0002	0.0002	1.4521	5.3425	3.5882	7.0749	0.0029	0.0016	0.0013	0.0016	0.0015	0.0000	0.0013	0.0000	0.0013	0.0006	0.0001	0.0005	0.0003	0.0001	0.0003	0.0003	0.0000	0.0003	0.0632	0.0556	0.0076	0.0131	0.0126	0.0005	0.0501	0.0430	0.0071	0.1151	0.0749	0.0401	0.0425	0.0394	0.0031	0.0725	0.0355	0.0370	8.5587	27.8365	13.0224	14.4616	65.0171	0.0927	7.2845	0.4449	26.1445	0.0053	0.0010	0.0134	0.0082	0.0019	0.0889	0.0036	0.0000	0.0071
70	87	0.1427	10	0	0	0	0	0	0	0	0	N	N	N	N	N	N	N	N	N	N	N	N	152.4881	235.4943	361.2853	92.9602	456.6503	0.2829	220.5862	6.7314	741.5109	13.4821	3.4446	89.7494	11.3170	11.8230	0.3505	14.2793	0.0042	99.9111	0.0884	0.0146	0.2484	0.1217	0.0259	1.2391	0.0647	0.0006	0.1347	3.4292	7.8322	0.5005	0.0075	1.4521	7.0719	3.5882	13.7350	1.2730	0.2874	0.9856	0.2876	0.2872	0.0004	0.9855	0.0003	0.9852	0.0217	0.0025	0.0192	0.0124	0.0024	0.0100	0.0093	0.0000	0.0092	0.0944	0.0834	0.0110	0.0254	0.0243	0.0011	0.0690	0.0592	0.0099	0.2454	0.1679	0.0775	0.1019	0.0931	0.0089	0.1435	0.0749	0.0686	152.4881	235.4943	361.2853	92.9602	456.6503	0.3112	220.5862	6.7314	741.5109	0.0884	0.0146	0.2484	0.1217	0.0259	1.1264	0.0647	0.0006	0.1347
70	88	0.1859	18	1	0	1	0	0	0	0	0	N	N	N	N	N	N	N	N	N	N	N	N	0.0000	0.0000	0.0000	0.0000	0.0000	0.0000	0.0000	0.0000	0.0000	0.0000	0.0000	0.0000	0.0000	0.0000	0.0000	0.0000	0.0000	0.0000	0.0000	0.0000	1.4521	0.0000	3.5882	0.0000	0.0000	0.0000	0.0000	0.0000	0.0000	0.0000	0.0000	0.0000	0.0000	0.0000	0.0000	0.0000	0.0000	0.0000	0.0000	0.0000	0.0000	0.0000	0.0000	0.0000	0.0000	0.0000	0.0000	0.0000	0.0000	0.0000	0.0000	0.0000	0.0000	0.0000	0.0000	0.0000	0.0000	0.0000	0.0000	0.0000	0.0000	0.0000	0.0000	0.0000	0.0000	0.0000	0.0000	0.0000	0.0000	0.0000	0.0000	0.0000	0.0000	0.0000	0.0000	0.0000	0.0000	0.0000											
70	89	0.1840	17	1	0	1	0	0	0	0	0	N	N	N	N	N	N	N	N	N	N	N	N	0.5445	0.0000	132.4990	0.5970	0.0000	62.6932	0.0000	0.0000	0.0000	0.0078	0.0000	0.0591	0.0211	0.0000	0.6149	0.0000	0.0000	0.0000	0.0143	0.0204	0.0004	0.0353	0.0360	0.0098	0.0001	0.0000	0.0001	inf	0.0097	0.0000	-0.0001	1.4521	0.0001	3.5882	0.9161	0.0000	0.0000	0.0000	0.0000	0.0000	0.0000	0.0000	0.0000	0.0000	0.0002	0.0002	0.0000	0.0002	0.0002	0.0000	0.0000	0.0000	0.0000	0.0000	0.0000	0.0000	0.0000	0.0000	0.0000	0.0000	0.0000	0.0000	0.0128	0.0089	0.0039	0.0052	0.0050	0.0001	0.0077	0.0038	0.0038	0.5445	0.0000	132.4990	0.5970	0.0000	62.6932	0.0000	0.0000	0.0000	0.0143	0.0204	0.0004	0.0353	0.0360	0.0098	0.0001	0.0000	0.0001
70	90	0.1592	16	1	0	1	0	0	0	0	0	N	N	N	N	N	N	N	N	N	N	N	N	0.9848	0.0000	23.8015	1.9596	0.0000	393.0549	0.0000	0.0000	0.0000	0.0172	0.0000	0.1367	0.0798	0.0000	1.5436	0.0000	0.0000	0.0000	0.0175	0.0235	0.0057	0.0407	0.0423	0.0039	0.0047	0.0036	0.0058	inf	0.1255	0.0005	-0.0008	1.4521	3.7876	3.5882	7.8440	0.0007	0.0000	0.0007	0.0007	0.0000	0.0007	0.0000	0.0000	0.0000	0.0018	0.0016	0.0002	0.0015	0.0015	0.0000	0.0003	0.0001	0.0002	0.0424	0.0370	0.0053	0.0091	0.0087	0.0005	0.0332	0.0284	0.0049	0.1054	0.0697	0.0358	0.0373	0.0358	0.0015	0.0681	0.0339	0.0342	0.9848	0.0000	23.8015	1.9596	0.0000	393.0549	0.0000	0.0000	0.0000	0.0175	0.0235	0.0057	0.0407	0.0423	0.0039	0.0047	0.0036	0.0058
70	91	0.0700	6	0	1	0	1	0	0	0	0	N	N	N	N	N	N	N	N	N	N	N	N	3.1583	1.2072	428.7290	0.0183	0.0128	17.7483	28.8243	9.1533	460.4655	11.4151	6.7698	44.2717	0.1925	0.1391	1.4731	15.1281	9.2518	48.0162	3.6143	5.6076	0.1033	10.5310	10.8836	0.0830	0.5248	1.0108	0.1043	0.9246	0.0105	0.0299	-0.3397	1.4521	1.8247	3.5882	16.3284	0.3009	0.1564	0.1446	0.0013	0.0009	0.0004	0.2997	0.1555	0.1442	0.6378	0.6312	0.0066	0.5744	0.5742	0.0003	0.0633	0.0570	0.0063	0.0264	0.0231	0.0033	0.0066	0.0063	0.0003	0.0198	0.0168	0.0030	0.1765	0.1126	0.0639	0.0558	0.0528	0.0030	0.1207	0.0598	0.0609	3.1583	1.2072	428.7290	0.0187	0.0128	17.7483	28.8243	9.7098	460.4655	3.6143	5.6076	0.1033	10.2937	10.8836	0.0830	0.5248	0.9528	0.1043
70	92	0.0805	7	0	1	0	0	0	0	0	0	N	N	N	N	N	N	N	N	N	N	N	N	7.0048	9.6413	0.0713	193.6400	217.3435	1.4387	0.0045	0.0013	0.0236	0.7448	0.8540	0.0099	4.2781	4.4865	0.1061	0.0006	0.0002	0.0033	0.1063	0.0886	0.1387	0.0221	0.0206	0.0738	0.1407	0.1412	0.1401	0.0017	0.8596	-0.0282	-0.0018	1.4521	9.1310	3.5882	16.1726	0.0744	0.0742	0.0001	0.0743	0.0742	0.0001	0.0001	0.0000	0.0000	0.0218	0.0117	0.0101	0.0013	0.0012	0.0001	0.0205	0.0105	0.0100	0.0998	0.0869	0.0129	0.0174	0.0165	0.0008	0.0825	0.0704	0.0121	0.2052	0.1325	0.0727	0.0594	0.0578	0.0016	0.1458	0.0747	0.0711	7.0048	9.6413	0.0713	193.6400	217.3435	1.4387	0.0045	0.0013	0.0236	0.1063	0.0886	0.1387	0.0221	0.0206	0.0738	0.1407	0.1412	0.1401
70	93	0.0370	5	0	1	0	0	0	0	0	0	N	N	N	N	N	N	N	N	N	N	N	N	0.0328	0.0141	0.2788	0.0677	0.0709	0.0016	0.0986	0.2246	0.3895	0.0137	0.0085	0.0442	0.0672	0.0688	0.0044	0.0075	0.0003	0.0450	0.4181	0.6050	0.1587	0.9936	0.9711	2.7273	0.0756	0.0015	0.1154	0.8811	0.1891	0.0001	-0.0351	1.4521	4.0959	3.5882	8.7137	0.0007	0.0004	0.0003	0.0003	0.0003	0.0000	0.0003	0.0000	0.0003	0.0915	0.0769	0.0145	0.0811	0.0769	0.0042	0.0104	0.0001	0.0103	0.0481	0.0411	0.0070	0.0051	0.0049	0.0001	0.0431	0.0362	0.0069	0.2188	0.1271	0.0917	0.0816	0.0791	0.0025	0.1372	0.0480	0.0892	0.0328	0.0141	0.2788	0.0677	0.0709	0.0026	0.0986	0.2246	0.3895	0.4181	0.6050	0.1587	0.9936	0.9711	1.7059	0.0756	0.0015	0.1154
70	94	0.0187	4	0	1	0	0	0	0	0	0	N	N	N	N	N	N	N	N	N	N	N	N	1.0370	0.8651	1.4680	1.3964	1.3933	3.5228	0.8885	0.0634	1.4661	0.9588	0.5663	1.8708	1.3923	1.3957	0.1497	0.7888	0.0093	1.8753	0.9246	0.6546	1.2744	0.9971	1.0018	0.0425	0.8878	0.1473	1.2791	1.4217	1.5027	0.0129	0.0078	1.4521	2.9443	3.5882	6.1524	0.0627	0.0259	0.0368	0.0256	0.0256	0.0000	0.0370	0.0003	0.0368	0.1350	0.0539	0.0810	0.0490	0.0490	0.0000	0.0860	0.0049	0.0810	0.0654	0.0457	0.0197	0.0184	0.0184	0.0001	0.0470	0.0273	0.0196	0.1460	0.0824	0.0636	0.0492	0.0489	0.0002	0.0968	0.0335	0.0634	1.0370	0.8651	1.4680	1.3964	1.3933	3.5228	0.8885	0.0634	1.4661	0.9246	0.6546	1.2744	0.9971	1.0018	0.0425	0.8878	0.1473	1.2791
70	95	0.0163	3	0	0	0	0	0	0	0	0	N	N	N	N	N	N	N	N	N	N	N	N	3.1954	2.2940	5.5800	4.3586	4.3672	0.0769	3.2957	87.4687	5.5910	3.0456	2.8920	3.3966	6.2588	6.2744	0.0227	1.7661	0.5572	3.4044	0.9531	1.2607	0.6087	1.4359	1.4367	0.2957	0.5359	0.0064	0.6089	0.5139	0.4311	-0.0025	-0.0371	1.4521	0.8596	3.5882	1.2300	0.0599	0.0396	0.0203	0.0351	0.0351	0.0000	0.0249	0.0045	0.0203	0.1536	0.1074	0.0463	0.1073	0.1073	0.0000	0.0463	0.0001	0.0463	0.0197	0.0137	0.0060	0.0056	0.0056	0.0000	0.0141	0.0081	0.0060	0.1612	0.0852	0.0760	0.0747	0.0747	0.0000	0.0865	0.0105	0.0760	3.1954	2.2940	5.5800	4.3586	4.3672	0.0800	3.2957	87.4687	5.5910	0.9531	1.2607	0.6087	1.4359	1.4367	0.2840	0.5359	0.0064	0.6089
70	98	0.1592	16	0	1	0	0	0	0	0	0	N	N	N	N	N	N	N	N	N	N	N	N	0.0047	0.1078	0.0000	0.8243	2.0212	0.0000	0.0000	0.0000	0.0000	0.0001	0.0001	0.0000	0.0002	0.0002	0.0000	0.0000	0.0000	0.0000	0.0140	0.0007	0.0400	0.0003	0.0001	0.0038	0.0215	0.0013	0.0416	0.0000	29.4743	-0.0000	0.0007	1.4521	1.3608	3.5882	12.1483	0.0000	0.0000	0.0000	0.0000	0.0000	0.0000	0.0000	0.0000	0.0000	0.0017	0.0001	0.0016	0.0000	0.0000	0.0000	0.0017	0.0001	0.0016	0.0175	0.0154	0.0021	0.0052	0.0050	0.0003	0.0122	0.0105	0.0018	0.1201	0.0793	0.0408	0.0423	0.0405	0.0017	0.0778	0.0387	0.0391	0.0047	0.1078	0.0000	0.8243	2.0212	0.0000	0.0000	0.0000	0.0000	0.0140	0.0007	0.0400	0.0003	0.0001	0.0038	0.0215	0.0013	0.0416
70	99	0.1555	15	0	0	0	0	0	0	0	0	N	N	N	N	N	N	N	N	N	N	N	N	8.0356	8.1226	0.3889	17.8370	18.4500	25.3639	0.0000	0.0000	0.0000	0.0127	0.0145	0.0004	0.0521	0.0557	0.0035	0.0000	0.0000	0.0000	0.0016	0.0018	0.0011	0.0029	0.0030	0.0001	0.0008	0.0004	0.0012	0.0047	0.3180	-0.0001	-0.0000	1.4521	1.5300	3.5882	0.7696	0.0002	0.0002	0.0000	0.0002	0.0002	0.0000	0.0000	0.0000	0.0000	0.0000	0.0000	0.0000	0.0000	0.0000	0.0000	0.0000	0.0000	0.0000	0.0197	0.0171	0.0026	0.0048	0.0044	0.0003	0.0149	0.0126	0.0023	0.0242	0.0162	0.0080	0.0089	0.0086	0.0003	0.0153	0.0076	0.0077	8.0356	8.1226	0.3889	17.8370	18.4500	25.3639	0.0000	0.0000	0.0000	0.0016	0.0018	0.0011	0.0029	0.0030	0.0001	0.0008	0.0004	0.0012
70	100	0.1467	14	0	0	0	0	0	0	0	0	N	N	N	N	N	N	N	N	N	N	N	N	36922.8096	29386.0405	4.3585	81684.9138	81232.6385	28.8254	0.8602	0.0025	3.5980	25.3379	29.0924	0.0005	152.7447	159.2522	0.0019	0.0001	0.0000	0.0004	0.0007	0.0010	0.0001	0.0019	0.0020	0.0001	0.0001	0.0000	0.0001	0.0000	0.0610	-0.3767	-0.0000	1.4521	3.6906	3.5882	1.4800	0.9885	0.9885	0.0000	0.9885	0.9885	0.0000	0.0000	0.0000	0.0000	0.0000	0.0000	0.0000	0.0000	0.0000	0.0000	0.0000	0.0000	0.0000	0.0390	0.0340	0.0050	0.0065	0.0062	0.0003	0.0325	0.0278	0.0048	0.0480	0.0314	0.0167	0.0164	0.0156	0.0008	0.0316	0.0157	0.0159	36922.8096	29386.0405	4.3585	81684.9138	81232.6385	28.8254	0.8602	0.0025	3.5980	0.0007	0.0010	0.0001	0.0019	0.0020	0.0001	0.0001	0.0000	0.0001
70	101	0.1467	13	0	0	0	0	0	0	0	0	N	N	N	N	N	N	N	N	N	N	N	N	17.3454	12.5894	59.6599	21.2543	20.2798	0.0000	15.5580	0.0155	57.8439	0.0968	0.0537	0.4926	0.1526	0.1545	0.0000	0.0709	0.0000	0.5126	0.0056	0.0043	0.0083	0.0072	0.0076	0.0003	0.0046	0.0002	0.0089	0.9999	0.9541	0.0000	-0.0000	1.4521	0.1361	3.5882	0.4500	0.0003	0.0001	0.0001	0.0001	0.0001	0.0000	0.0001	0.0000	0.0001	0.0000	0.0000	0.0000	0.0000	0.0000	0.0000	0.0000	0.0000	0.0000	0.0027	0.0024	0.0003	0.0008	0.0008	0.0000	0.0018	0.0016	0.0003	0.0070	0.0047	0.0023	0.0028	0.0026	0.0002	0.0043	0.0021	0.0022	17.3454	12.5894	59.6599	21.2543	20.2798	0.0000	15.5580	0.0155	57.8439	0.0056	0.0043	0.0083	0.0072	0.0076	0.0003	0.0046	0.0002	0.0089
70	102	0.1308	12	0	0	0	0	0	0	0	0	N	N	N	N	N	N	N	N	N	N	N	N	0.0931	0.0581	6.9207	0.1327	0.1328	0.1028	1.9893	0.0182	8.7390	0.0183	0.0176	0.0235	0.0807	0.0835	0.0022	0.0036	0.0000	0.0247	0.1970	0.3032	0.0034	0.6084	0.6289	0.0215	0.0018	0.0008	0.0028	0.1898	0.0061	-0.0002	-0.0083	1.4521	3.5591	3.5882	4.5341	0.0008	0.0006	0.0001	0.0006	0.0006	0.0000	0.0001	0.0000	0.0001	0.0155	0.0154	0.0001	0.0154	0.0154	0.0000	0.0001	0.0000	0.0001	0.0409	0.0358	0.0051	0.0078	0.0075	0.0003	0.0331	0.0283	0.0048	0.0786	0.0507	0.0279	0.0253	0.0244	0.0009	0.0533	0.0263	0.0270	0.0931	0.0581	6.9207	0.1327	0.1328	0.1028	1.9893	0.0182	8.7390	0.1970	0.3032	0.0034	0.6084	0.6289	0.0215	0.0018	0.0008	0.0028
70	103	0.1091	11	0	0	0	0	0	0	0	0	N	N	N	N	N	N	N	N	N	N	N	N	0.2476	0.1739	45.4110	0.3331	0.3468	2.1857	18.7761	19.6005	56.6894	2.1661	2.3515	0.9011	9.4695	9.8457	0.2900	0.1755	0.0378	0.9443	8.7485	13.5193	0.0198	28.4291	28.3891	0.1327	0.0093	0.0019	0.0167	0.0561	0.0008	-0.0268	-0.4926	1.4521	2.8937	3.5882	8.0733	0.0818	0.0774	0.0043	0.0766	0.0765	0.0001	0.0052	0.0010	0.0043	0.9086	0.9078	0.0007	0.9079	0.9078	0.0001	0.0007	0.0001	0.0006	0.0378	0.0329	0.0048	0.0081	0.0078	0.0003	0.0297	0.0252	0.0045	0.1039	0.0672	0.0367	0.0330	0.0320	0.0010	0.0709	0.0352	0.0357	0.2476	0.1739	45.4110	0.3440	0.3468	2.1857	18.7761	19.6005	56.6894	8.7485	13.5193	0.0198	27.5255	28.3891	0.1327	0.0093	0.0019	0.0167
70	104	0.1039	7	0	1	0	0	0	0	0	0	N	N	N	N	N	N	N	N	N	N	N	N	1.3311	0.8616	3.9724	0.0166	0.0162	0.0388	1.9669	1.9282	4.0979	0.4225	0.2402	1.5254	0.0050	0.0050	0.0092	0.6499	0.3983	1.6110	0.3174	0.2788	0.3840	0.3033	0.3064	0.2368	0.3304	0.2066	0.3931	1.0501	0.8002	0.0000	-0.0016	1.4521	0.0277	3.5882	1.3445	0.0002	0.0001	0.0001	0.0000	0.0000	0.0000	0.0002	0.0001	0.0001	0.0160	0.0089	0.0071	0.0073	0.0071	0.0003	0.0087	0.0018	0.0068	0.0005	0.0004	0.0001	0.0002	0.0002	0.0000	0.0003	0.0003	0.0001	0.0504	0.0319	0.0185	0.0241	0.0230	0.0011	0.0263	0.0088	0.0174	1.3311	0.8616	3.9724	0.0166	0.0162	0.0388	1.9669	1.9282	4.0979	0.3174	0.2788	0.3840	0.3033	0.3064	0.2368	0.3304	0.2066	0.3931
70	105	0.0572	6	0	1	0	0	0	0	0	0	N	N	N	N	N	N	N	N	N	N	N	N	15.8415	7.4965	93.5549	0.3488	0.2779	1.9727	19.8672	7.7691	100.1275	6.4801	3.6612	25.0186	0.1417	0.1133	0.8133	8.1480	4.7223	26.6790	0.4091	0.4884	0.2674	0.4063	0.4075	0.4123	0.4101	0.6078	0.2664	1.0391	0.3067	0.0479	-0.0237	1.4521	5.1414	3.5882	16.4151	0.3726	0.1827	0.1899	0.0017	0.0013	0.0004	0.3709	0.1814	0.1895	0.0769	0.0588	0.0180	0.0215	0.0212	0.0003	0.0554	0.0376	0.0177	0.0575	0.0499	0.0076	0.0120	0.0115	0.0005	0.0455	0.0384	0.0071	0.1880	0.1205	0.0675	0.0530	0.0521	0.0009	0.1350	0.0684	0.0666	15.8415	7.4965	93.5549	0.3488	0.2779	2.4055	19.8672	8.5883	100.1275	0.4091	0.4884	0.2674	0.4063	0.4075	0.3381	0.4101	0.5499	0.2664
70	106	0.0490	5	0	0	0	0	0	0	0	0	N	N	N	N	N	N	N	N	N	N	N	N	0.3515	0.6056	0.4310	1.0450	1.1719	0.0109	0.2251	3.8809	0.4632	0.1519	0.1226	0.3445	0.3794	0.3952	0.0278	0.1062	0.0610	0.3628	0.4321	0.2025	0.7994	0.3631	0.3372	2.5575	0.4717	0.0157	0.7833	0.4264	2.4678	-0.0005	0.0063	1.4521	3.8974	3.5882	1.6364	0.0066	0.0046	0.0020	0.0027	0.0027	0.0000	0.0038	0.0019	0.0020	0.0373	0.0108	0.0266	0.0114	0.0104	0.0010	0.0259	0.0004	0.0255	0.0433	0.0376	0.0057	0.0072	0.0069	0.0003	0.0361	0.0307	0.0054	0.0864	0.0532	0.0332	0.0315	0.0309	0.0006	0.0549	0.0223	0.0326	0.3515	0.6056	0.4310	1.0450	1.1719	0.0170	0.2251	3.8809	0.4632	0.4321	0.2025	0.7994	0.3631	0.3372	1.6341	0.4717	0.0157	0.7833
70	109	0.1394	12	1	1	0	1	0	0	0	0	N	N	N	N	N	N	N	N	N	N	N	N	0.0000	0.0000	0.0000	0.0000	0.0000	0.0000	0.0000	0.0000	0.0000	0.0000	0.0000	0.0000	0.0000	0.0000	0.0000	0.0000	0.0000	0.0000	0.0000	0.0000	1.4521	0.0000	3.5882	0.0000	0.0000	0.0000	0.0000	0.0000	0.0000	0.0000	0.0000	0.0000	0.0000	0.0000	0.0000	0.0000	0.0000	0.0000	0.0000	0.0000	0.0000	0.0000	0.0000	0.0000	0.0000	0.0000	0.0000	0.0000	0.0000	0.0000	0.0000	0.0000	0.0000	0.0000	0.0000	0.0000	0.0000	0.0000	0.0000	0.0000	0.0000	0.0000	0.0000	0.0000	0.0000	0.0000	0.0000	0.0000	0.0000	0.0000	0.0000	0.0000	0.0000	0.0000	0.0000	0.0000	0.0000	0.0000											
70	110	0.1244	11	1	1	0	1	0	0	0	0	N	N	N	N	N	N	N	N	N	N	N	N	0.0000	0.0000	0.0000	0.0000	0.0000	0.0000	0.0000	0.0000	0.0000	0.0000	0.0000	0.0000	0.0000	0.0000	0.0000	0.0000	0.0000	0.0000	0.2803	0.4215	0.0091	0.8047	0.8476	0.1163	0.0012	0.0000	0.0024	0.0113	0.0000	-0.0099	1.4521	0.0000	3.5882	7.1240	0.0000	0.0000	0.0000	0.0000	0.0000	0.0000	0.0000	0.0000	0.0000	0.0186	0.0184	0.0002	0.0185	0.0184	0.0002	0.0001	0.0000	0.0001	0.0000	0.0000	0.0000	0.0000	0.0000	0.0000	0.0000	0.0000	0.0000	0.0663	0.0436	0.0227	0.0230	0.0217	0.0014	0.0433	0.0219	0.0214	0.0000	0.0000	0.0000	0.0000	0.0000	0.0000	0.0000	0.0000	0.0000	0.2803	0.4215	0.0091	0.8047	0.8476	0.1163	0.0012	0.0000	0.0024	
70	111	0.1334	13	0	1	0	1	0	0	0	0	N	N	N	N	N	N	N	N	N	N	N	N	0.0000	0.0000	0.0000	0.0000	0.0000	0.0000	0.0000	0.0000	0.0000	0.0000	0.0000	0.0000	0.0000	0.0000	0.0000	0.0000	0.0000	0.0000	0.0023	0.0007	0.0054	0.0002	0.0000	0.0022	0.0035	0.0014	0.0057	4.0929	0.0000	0.0000	1.4521	0.0016	3.5882	5.0076	0.0000	0.0000	0.0000	0.0000	0.0000	0.0000	0.0000	0.0000	0.0000	0.0001	0.0000	0.0001	0.0000	0.0000	0.0000	0.0001	0.0000	0.0001	0.0001	0.0001	0.0000	0.0000	0.0000	0.0000	0.0000	0.0000	0.0000	0.0459	0.0305	0.0154	0.0170	0.0157	0.0014	0.0289	0.0148	0.0141	0.0000	0.0000	0.0000	0.0000	0.0000	0.0000	0.0000	0.0000	0.0000	0.0023	0.0007	0.0054	0.0002	0.0000	0.0022	0.0035	0.0014	0.0057	
70	112	0.1266	12	0	1	0	1	0	0	0	0	N	N	N	N	N	N	N	N	N	N	N	N	0.0000	0.0000	0.0000	0.0000	0.0000	0.0000	0.0000	0.0000	0.0000	0.0000	0.0000	0.0000	0.0000	0.0000	0.0000	0.0000	0.0000	0.0000	0.0005	0.0008	0.0001	0.0005	0.0005	0.0001	0.0006	0.0010	0.0001	0.0908	0.0000	-0.0000	1.4521	1.0012	3.5882	2.1373	0.0000	0.0000	0.0000	0.0000	0.0000	0.0000	0.0000	0.0000	0.0000	0.0000	0.0000	0.0000	0.0000	0.0000	0.0000	0.0000	0.0000	0.0000	0.0103	0.0090	0.0014	0.0017	0.0016	0.0001	0.0086	0.0074	0.0013	0.0315	0.0207	0.0108	0.0116	0.0109	0.0007	0.0198	0.0098	0.0100	0.0000	0.0000	0.0000	0.0000	0.0000	0.0000	0.0000	0.0000	0.0000	0.0005	0.0008	0.0001	0.0005	0.0005	0.0001	0.0006	0.0010	0.0001	
70	113	0.1349	12	0	1	0	0	0	0	0	0	N	N	N	N	N	N	N	N	N	N	N	N	0.0000	0.0000	0.0000	0.0000	0.0000	0.0000	0.0000	0.0000	0.0000	0.0000	0.0000	0.0000	0.0000	0.0000	0.0000	0.0000	0.0000	0.0000	0.0007	0.0000	0.0022	0.0001	0.0001	0.0003	0.0011	0.0000	0.0023	35.9864	0.0000	0.0000	1.4521	0.9705	3.5882	5.0371	0.0000	0.0000	0.0000	0.0000	0.0000	0.0000	0.0000	0.0000	0.0000	0.0000	0.0000	0.0000	0.0000	0.0000	0.0000	0.0000	0.0000	0.0000	0.0118	0.0104	0.0014	0.0028	0.0027	0.0001	0.0090	0.0077	0.0013	0.0556	0.0369	0.0187	0.0195	0.0184	0.0012	0.0360	0.0185	0.0175	0.0000	0.0000	0.0000	0.0000	0.0000	0.0000	0.0000	0.0000	0.0000	0.0007	0.0000	0.0022	0.0001	0.0001	0.0003	0.0011	0.0000	0.0023	
70	114	0.1266	12	0	0	1	1	0	0	0	0	N	N	N	N	N	N	N	N	N	N	N	N	0.0000	0.0000	0.0000	0.0000	0.0000	0.0000	0.0000	0.0000	0.0000	0.0000	0.0000	0.0000	0.0000	0.0000	0.0000	0.0000	0.0003	0.0003	0.0003	0.0005	0.0005	0.0000	0.0002	0.0000	0.0003	0.5000	0.0000	-0.0000	1.4521	0.0000	3.5882	1.1303	0.0000	0.0000	0.0000	0.0000	0.0000	0.0000	0.0000	0.0000	0.0000	0.0000	0.0000	0.0000	0.0000	0.0000	0.0000	0.0000	0.0000	0.0000	0.0000	0.0000	0.0000	0.0000	0.0000	0.0000	0.0000	0.0000	0.0000	0.0132	0.0086	0.0046	0.0051	0.0049	0.0003	0.0081	0.0038	0.0043	0.0000	0.0000	0.0000	0.0000	0.0000	0.0000	0.0000	0.0000	0.0000	0.0003	0.0003	0.0003	0.0005	0.0005	0.0000	0.0002	0.0000	0.0003			
70	115	0.1244	11	0	0	0	1	0	0	0	0	N	N	N	N	N	N	N	N	N	N	N	N	0.0000	0.0000	0.0000	0.0000	0.0000	0.0000	0.0000	0.0000	0.0000	0.0000	0.0000	0.0000	0.0000	0.0000	0.0000	0.0000	0.0000	0.0000	0.0030	0.0040	0.0011	0.0009	0.0008	0.0032	0.0043	0.0079	0.0010	0.1487	0.0000	-0.0000	1.4521	0.0000	3.5882	1.2340	0.0000	0.0000	0.0000	0.0000	0.0000	0.0000	0.0000	0.0000	0.0000	0.0000	0.0000	0.0000	0.0000	0.0000	0.0000	0.0000	0.0000	0.0000	0.0000	0.0000	0.0000	0.0000	0.0000	0.0000	0.0000	0.0000	0.0000	0.0143	0.0094	0.0049	0.0054	0.0051	0.0002	0.0089	0.0042	0.0047	0.0000	0.0000	0.0000	0.0000	0.0000	0.0000	0.0000	0.0000	0.0000	0.0030	0.0040	0.0011	0.0009	0.0008	0.0032	0.0043	0.0079	0.0010	
70	116	0.1320	12	0	0	1	1	0	0	0	0	N	N	N	N	N	N	N	N	N	N	N	N	46.1207	36.9256	66.4854	69.1687	69.4868	0.0667	47.3875	6755.4113	81.0073	0.0181	0.0196	0.0072	0.0695	0.0733	0.0000	0.0022	0.0013	0.0080	0.0004	0.0005	0.0001	0.0010	0.0011	0.0002	0.0000	0.0000	0.0001	0.0503	0.0989	-0.0001	-0.0000	1.4521	0.9725	3.5882	0.9874	0.0002	0.0002	0.0000	0.0002	0.0002	0.0000	0.0000	0.0000	0.0000	0.0000	0.0000	0.0000	0.0000	0.0000	0.0000	0.0000	0.0000	0.0000	0.0112	0.0099	0.0014	0.0027	0.0025	0.0001	0.0086	0.0073	0.0012	0.0186	0.0125	0.0061	0.0067	0.0063	0.0004	0.0119	0.0062	0.0057	46.1207	36.9256	66.4854	69.1687	69.4868	0.0667	47.3875	6755.4113	81.0073	0.0004	0.0005	0.0001	0.0010	0.0011	0.0002	0.0000	0.0000	0.0001
70	117	0.1320	12	0	0	1	1	0	0	0	0	N	N	N	N	N	N	N	N	N	N	N	N	0.6163	5.5892	0.0833	5.8383	5.6384	139.1519	0.1042	10.2583	0.0842	0.0756	0.0804	0.0284	0.1483	0.1529	0.0160	0.0184	0.0165	0.0309	0.1227	0.0144	0.3414	0.0254	0.0271	0.0001	0.1769	0.0016	0.3666	0.0355	11.7621	-0.0000	0.0017	1.4521	0.0285	3.5882	4.0215	0.0001	0.0001	0.0000	0.0001	0.0001	0.0000	0.0000	0.0000	0.0000	0.0046	0.0004	0.0042	0.0003	0.0003	0.0000	0.0042	0.0000	0.0042	0.0012	0.0011	0.0001	0.0005	0.0005	0.0000	0.0007	0.0006	0.0001	0.0372	0.0249	0.0123	0.0133	0.0125	0.0008	0.0239	0.0124	0.0115	0.6163	5.5892	0.0833	5.8383	5.6384	139.1519	0.1042	10.2583	0.0842	0.1227	0.0144	0.3414	0.0254	0.0271	0.0001	0.1769	0.0016	0.3666
70	118	0.1244	11	0	0	1	1	0	0	0	0	N	N	N	N	N	N	N	N	N	N	N	N	26406.7216	87006.4238	6.0079	291102.5959	349600.9907	49.3615	1806.5368	10545.2247	4.0206	14.6519	16.8481	0.0075	81.5628	85.9150	0.0418	1.2699	1.4868	0.0051	0.0006	0.0002	0.0012	0.0003	0.0002	0.0008	0.0007	0.0001	0.0013	0.0001	3.3601	-0.1729	0.0000	1.4521	3.0275	3.5882	2.1573	0.4539	0.4538	0.0000	0.4211	0.4211	0.0000	0.0328	0.0328	0.0000	0.0000	0.0000	0.0000	0.0000	0.0000	0.0000	0.0000	0.0000	0.0000	0.0310	0.0269	0.0040	0.0052	0.0049	0.0003	0.0258	0.0220	0.0038	0.0495	0.0325	0.0170	0.0174	0.0164	0.0010	0.0322	0.0162	0.0160	26406.7216	87006.4238	6.0079	291102.5959	349600.9907	49.3615	1806.5368	10545.2247	4.0206	0.0006	0.0002	0.0012	0.0003	0.0002	0.0008	0.0007	0.0001	0.0013
70	119	0.1657	11	1	1	0	0	0	0	0	0	N	N	N	N	N	N	N	N	N	N	N	N	187.4602	764.9934	1.2150	1398.3584	1495.3399	34.2513	0.0104	0.0735	0.0263	2.1650	2.4262	0.0341	7.5558	7.9668	0.2395	0.0002	0.0001	0.0008	0.0115	0.0032	0.0281	0.0054	0.0053	0.0070	0.0150	0.0009	0.0291	0.0017	4.4893	-0.0240	0.0002	1.4521	2.1883	3.5882	3.1271	0.0632	0.0631	0.0001	0.0632	0.0631	0.0001	0.0000	0.0000	0.0000	0.0006	0.0001	0.0005	0.0001	0.0001	0.0000	0.0005	0.0000	0.0005	0.0292	0.0260	0.0032	0.0084	0.0079	0.0004	0.0208	0.0181	0.0027	0.0515	0.0342	0.0173	0.0185	0.0177	0.0008	0.0330	0.0165	0.0165	187.4602	764.9934	1.2150	1398.3584	1495.3399	34.2513	0.0104	0.0735	0.0263	0.0115	0.0032	0.0281	0.0054	0.0053	0.0070	0.0150	0.0009	0.0291
70	120	0.0987	10	1	1	0	0	0	0	0	0	N	N	N	N	N	N	N	N	N	N	N	N	17.9147	13.1364	298.9572	86.7397	87.5781	639.0129	3.7734	2.0173	294.0333	3.2618	3.6809	0.3980	16.9771	17.7170	0.4106	0.6647	0.7095	0.3973	0.1821	0.2802	0.0013	0.1957	0.2023	0.0006	0.1761	0.3517	0.0014	0.0158	0.0026	-0.1769	-0.0244	1.4521	13.6104	3.5882	16.0982	0.4840	0.4765	0.0075	0.4011	0.4007	0.0004	0.0829	0.0758	0.0071	0.0451	0.0450	0.0001	0.0147	0.0147	0.0000	0.0304	0.0303	0.0001	0.1484	0.1294	0.0189	0.0236	0.0226	0.0010	0.1248	0.1068	0.0179	0.2478	0.1606	0.0872	0.0750	0.0726	0.0024	0.1727	0.0880	0.0847	17.9147	13.1364	298.9572	86.7397	87.5781	639.0129	3.7734	2.0596	294.0333	0.1821	0.2802	0.0013	0.1957	0.2023	0.0006	0.1761	0.3445	0.0014
70	121	0.1240	12	0	1	0	0	0	0	0	0	N	N	N	N	N	N	N	N	N	N	N	N	122.7131	434.8449	196.2577	4.5605	25.7715	7.1471	1918.3381	1207.6075	5510.2542	9.2481	5.3372	40.4563	0.7002	0.3939	8.4792	15.5468	9.5369	45.8503	0.0754	0.0123	0.2061	0.1535	0.0153	1.1864	0.0081	0.0079	0.0083	0.9499	8.1023	0.0132	0.0023	1.4521	0.3548	3.5882	4.6068	0.1242	0.0637	0.0605	0.0040	0.0022	0.0018	0.1203	0.0616	0.0587	0.0066	0.0007	0.0058	0.0062	0.0005	0.0056	0.0004	0.0002	0.0002	0.0134	0.0119	0.0015	0.0057	0.0055	0.0002	0.0077	0.0065	0.0013	0.0869	0.0586	0.0283	0.0402	0.0347	0.0055	0.0467	0.0239	0.0228	122.7131	434.8449	196.2577	4.5605	25.7715	8.2059	1918.3381	1207.6075	5510.2542	0.0754	0.0123	0.2061	0.1535	0.0153	1.0333	0.0081	0.0079	0.0083
70	122	0.1091	11	0	1	0	0	0	0	0	0	N	N	N	N	N	N	N	N	N	N	N	N	59.0977	42.6208	172.9557	16.3889	16.6965	6.2889	101.4972	236.9290	186.4320	9.1738	5.9578	31.7015	4.1875	4.2994	1.2082	10.8713	6.6019	34.1244	0.1552	0.1398	0.1833	0.2555	0.2575	0.1921	0.1071	0.0279	0.1830	0.7596	0.7216	0.0119	-0.0014	1.4521	1.6911	3.5882	5.7022	0.2346	0.1333	0.1013	0.0272	0.0269	0.0003	0.2074	0.1064	0.1010	0.0114	0.0066	0.0048	0.0061	0.0059	0.0001	0.0053	0.0007	0.0046	0.0256	0.0224	0.0032	0.0065	0.0063	0.0002	0.0191	0.0161	0.0030	0.0734	0.0474	0.0261	0.0238	0.0231	0.0007	0.0496	0.0243	0.0253	59.0977	42.6208	172.9557	16.3889	16.6965	6.2889	101.4972	236.9290	186.4320	0.1552	0.1398	0.1833	0.2555	0.2575	0.1921	0.1071	0.0279	0.1830
70	123	0.0987	10	0	0	0	0	0	0	0	0	N	N	N	N	N	N	N	N	N	N	N	N	141.6315	12.2279	6574.0612	16.8086	17.2027	1.0101	463.5155	12.5026	11527.2523	22.3889	2.8237	181.3262	5.9107	6.0526	0.4281	28.8335	1.3880	193.8460	0.1581	0.2309	0.0276	0.3516	0.3518	0.4238	0.0622	0.1110	0.0168	7.9050	0.0667	0.4201	-0.0042	1.4521	2.0929	3.5882	3.1856	0.8291	0.0931	0.7360	0.0615	0.0614	0.0001	0.7676	0.0317	0.7359	0.0087	0.0082	0.0005	0.0064	0.0062	0.0002	0.0023	0.0020	0.0003	0.0370	0.0330	0.0041	0.0104	0.0101	0.0003	0.0266	0.0228	0.0038	0.0553	0.0355	0.0198	0.0183	0.0177	0.0006	0.0370	0.0178	0.0192	141.6315	12.2279	6574.0612	16.8086	17.2027	1.2363	463.5155	12.5026	11527.2523	0.1581	0.2309	0.0276	0.3516	0.3518	0.3463	0.0622	0.1110	0.0168
70	124	0.1395	13	1	1	0	0	0	0	0	0	N	N	N	N	N	N	N	N	N	N	N	N	0.0000	0.0000	0.0000	0.0000	0.0000	0.0000	0.0000	0.0000	0.0000	0.0000	0.0000	0.0000	0.0000	0.0000	0.0000	0.0000	0.0000	0.0000	0.0000	0.0000	1.4521	0.0000	3.5882	0.0000	0.0000	0.0000	0.0000	0.0000	0.0000	0.0000	0.0000	0.0000	0.0000	0.0000	0.0000	0.0000	0.0000	0.0000	0.0000	0.0000	0.0000	0.0000	0.0000	0.0000	0.0000	0.0000	0.0000	0.0000	0.0000	0.0000	0.0000	0.0000	0.0000	0.0000	0.0000	0.0000	0.0000	0.0000	0.0000	0.0000	0.0000	0.0000	0.0000	0.0000	0.0000	0.0000	0.0000	0.0000	0.0000	0.0000	0.0000	0.0000	0.0000	0.0000	0.0000	0.0000	0.0000	0.0000											
70	125	0.1349	12	1	1	0	0	0	0	0	0	N	N	N	N	N	N	N	N	N	N	N	N	0.0000	0.0000	0.0000	0.0000	0.0000	0.0000	0.0000	0.0000	0.0000	0.0000	0.0000	0.0000	0.0000	0.0000	0.0000	0.0000	0.0000	0.0000	0.0014	0.0014	0.0014	0.0001	0.0001	0.0009	0.0022	0.0028	0.0015	0.5015	0.0000	-0.0000	1.4521	0.1434	3.5882	1.9839	0.0000	0.0000	0.0000	0.0000	0.0000	0.0000	0.0000	0.0000	0.0000	0.0000	0.0000	0.0000	0.0000	0.0000	0.0000	0.0000	0.0000	0.0000	0.0033	0.0029	0.0003	0.0013	0.0013	0.0000	0.0019	0.0016	0.0003	0.0213	0.0142	0.0070	0.0077	0.0073	0.0004	0.0136	0.0070	0.0066	0.0000	0.0000	0.0000	0.0000	0.0000	0.0000	0.0000	0.0000	0.0000	0.0014	0.0014	0.0014	0.0001	0.0001	0.0009	0.0022	0.0028	0.0015	
70	126	0.1244	11	0	1	0	0	0	0	0	0	N	N	N	N	N	N	N	N	N	N	N	N	0.0000	0.0000	0.0000	0.0000	0.0000	0.0000	0.0000	0.0000	0.0000	0.0000	0.0000	0.0000	0.0000	0.0000	0.0000	0.0000	0.0000	0.0000	0.0007	0.0007	0.0008	0.0007	0.0007	0.0011	0.0008	0.0008	0.0008	0.5961	0.0000	-0.0000	1.4521	1.8882	3.5882	2.9115	0.0000	0.0000	0.0000	0.0000	0.0000	0.0000	0.0000	0.0000	0.0000	0.0000	0.0000	0.0000	0.0000	0.0000	0.0000	0.0000	0.0000	0.0000	0.0194	0.0169	0.0025	0.0032	0.0031	0.0002	0.0162	0.0138	0.0024	0.0462	0.0303	0.0158	0.0162	0.0153	0.0009	0.0299	0.0150	0.0149	0.0000	0.0000	0.0000	0.0000	0.0000	0.0000	0.0000	0.0000	0.0000	0.0007	0.0007	0.0008	0.0007	0.0007	0.0011	0.0008	0.0008	0.0008	
70	127	0.0987	10	0	0	0	0	0	0	0	0	N	N	N	N	N	N	N	N	N	N	N	N	25.5710	4.7861	164.7957	0.1541	0.1238	74.5495	27.5507	4.4219	170.2101	19.4538	3.3973	140.6883	0.0629	0.0523	0.4093	25.4042	4.5602	149.6417	0.7608	0.7098	0.8537	0.4085	0.4221	0.0055	0.9221	1.0313	0.8792	5.4846	0.6594	0.4688	-0.0131	1.4521	3.5543	3.5882	9.0319	1.0089	0.1556	0.8533	0.0008	0.0006	0.0001	1.0081	0.1550	0.8531	0.0897	0.0540	0.0356	0.0151	0.0151	0.0000	0.0746	0.0389	0.0356	0.0519	0.0458	0.0061	0.0122	0.0118	0.0004	0.0397	0.0340	0.0057	0.1179	0.0761	0.0417	0.0370	0.0358	0.0012	0.0809	0.0403	0.0405	25.5710	4.7861	164.7957	0.1541	0.1238	74.5495	27.5507	4.7245	170.2101	0.7608	0.7098	0.8537	0.4085	0.4221	0.0055	0.9221	0.9652	0.8792
70	128	0.0951	9	0	0	0	0	0	0	0	0	N	N	N	N	N	N	N	N	N	N	N	N	416.0959	77.0726	8568.1618	290.7578	304.3343	11.0815	440.3281	25.0078	9913.1895	10.7122	2.7634	66.9256	6.9316	7.1642	0.4442	11.8228	1.2948	71.4300	0.0257	0.0359	0.0078	0.0238	0.0235	0.0401	0.0269	0.0518	0.0072	3.4247	0.1228	0.1567	-0.0005	1.4521	2.6246	3.5882	0.7212	0.3988	0.0901	0.3087	0.0586	0.0585	0.0001	0.3402	0.0317	0.3085	0.0011	0.0010	0.0001	0.0004	0.0004	0.0000	0.0007	0.0006	0.0001	0.0372	0.0326	0.0046	0.0085	0.0082	0.0003	0.0288	0.0245	0.0043	0.0431	0.0275	0.0155	0.0158	0.0155	0.0003	0.0272	0.0120	0.0152	416.0959	77.0726	8568.1618	290.7578	304.3343	11.0815	440.3281	25.0078	9913.1895	0.0257	0.0359	0.0078	0.0238	0.0235	0.0401	0.0269	0.0518	0.0072
70	129	0.0893	8	0	0	0	0	0	0	0	0	N	N	N	N	N	N	N	N	N	N	N	N	245.9406	160.9866	1312.4107	233.4805	236.9906	354.0993	536.0519	432.2581	1383.3285	2.7957	2.4142	5.4380	6.5804	6.8404	0.7221	1.7622	1.0540	5.8053	0.0114	0.0150	0.0041	0.0282	0.0289	0.0020	0.0033	0.0024	0.0042	0.3253	0.1388	-0.0162	-0.0002	1.4521	3.3474	3.5882	1.3769	0.1191	0.0899	0.0292	0.0602	0.0599	0.0003	0.0590	0.0300	0.0290	0.0005	0.0005	0.0001	0.0004	0.0004	0.0000	0.0001	0.0000	0.0001	0.0426	0.0372	0.0054	0.0091	0.0088	0.0004	0.0335	0.0285	0.0050	0.0468	0.0312	0.0157	0.0152	0.0148	0.0004	0.0316	0.0164	0.0153	245.9406	160.9866	1312.4107	233.4805	236.9906	354.0993	536.0519	432.2581	1383.3285	0.0114	0.0150	0.0041	0.0282	0.0289	0.0020	0.0033	0.0024	0.0042
70	130	0.0805	7	0	0	0	0	0	0	0	0	N	N	N	N	N	N	N	N	N	N	N	N	64.5465	556.1996	53.0782	767.1178	777.6323	356.9621	36.1289	374.9612	57.9317	9.7777	8.3426	21.2846	13.4481	13.8454	2.0762	7.6512	4.6944	23.6994	0.1515	0.0150	0.4010	0.0175	0.0178	0.0058	0.2118	0.0125	0.4091	0.3182	14.6237	-0.0167	0.0026	1.4521	0.4686	3.5882	4.0374	0.1194	0.0906	0.0288	0.0602	0.0599	0.0003	0.0592	0.0307	0.0285	0.0066	0.0004	0.0062	0.0002	0.0002	0.0000	0.0064	0.0002	0.0062	0.0122	0.0109	0.0014	0.0045	0.0043	0.0002	0.0077	0.0065	0.0012	0.0439	0.0284	0.0155	0.0136	0.0133	0.0003	0.0303	0.0151	0.0152	64.5465	556.1996	53.0782	767.1178	777.6323	356.9621	36.1289	374.9612	57.9317	0.1515	0.0150	0.4010	0.0175	0.0178	0.0058	0.2118	0.0125	0.4091
71	73	0.0715	6	0	0	0	0	0	0	0	0	N	N	N	N	N	N	N	N	N	N	N	N	0.6237	0.9313	0.2277	0.6994	0.7022	0.8774	0.6412	6.1707	0.2332	0.0303	0.0321	0.0178	0.0431	0.0443	0.0000	0.0266	0.0280	0.0186	0.0486	0.0345	0.0780	0.0617	0.0631	0.0000	0.0415	0.0045	0.0799	0.0781	1.0905	-0.0004	-0.0001	1.1783	4.0673	0.9542	17.8409	0.0014	0.0013	0.0001	0.0004	0.0004	0.0000	0.0009	0.0008	0.0001	0.0051	0.0025	0.0027	0.0023	0.0023	0.0000	0.0028	0.0002	0.0027	0.0456	0.0399	0.0056	0.0102	0.0100	0.0003	0.0353	0.0300	0.0054	0.1056	0.0712	0.0343	0.0373	0.0364	0.0008	0.0683	0.0348	0.0335	0.6237	0.9313	0.2277	0.6994	0.7022	0.8774	0.6412	6.1707	0.2332	0.0486	0.0345	0.0780	0.0617	0.0631	0.0000	0.0415	0.0045	0.0799
71	75	0.2083	10	0	0	0	0	0	0	0	0	N	N	N	N	N	N	N	N	N	N	N	N	0.2558	0.1907	0.9573	0.6737	0.4629	231.1487	0.0085	0.0033	0.0421	0.1426	0.1326	0.2159	0.3862	0.3353	1.4108	0.0045	0.0022	0.0164	0.5575	0.6956	0.2255	0.5733	0.7243	0.0061	0.5337	0.6870	0.3904	0.2216	0.1349	-0.0016	-0.0921	1.1783	3.5843	0.9542	46.7516	0.0078	0.0064	0.0014	0.0077	0.0064	0.0013	0.0002	0.0001	0.0001	0.2172	0.1913	0.0258	0.1339	0.1336	0.0003	0.0832	0.0577	0.0255	0.0550	0.0484	0.0066	0.0199	0.0190	0.0009	0.0351	0.0295	0.0057	0.3895	0.2751	0.1144	0.2336	0.1845	0.0491	0.1560	0.0906	0.0653	0.2558	0.1907	0.9573	0.6737	0.4629	231.1487	0.0085	0.0035	0.0421	0.5575	0.6956	0.2255	0.5733	0.7243	0.0061	0.5337	0.6371	0.3904
71	76	0.1734	16	1	1	1	0	0	0	0	0	N	N	N	N	N	N	N	N	N	N	N	N	0.0000	0.0000	0.0000	0.0000	0.0000	0.0000	0.0000	0.0000	0.0000	0.0000	0.0000	0.0000	0.0000	0.0000	0.0000	0.0000	0.0000	0.0000	0.0000	0.0000	0.0000	0.0000	0.0000	0.0000	0.0000	0.3333	0.0000	-0.0000	1.1783	1.0003	0.9542	1.0071	0.0000	0.0000	0.0000	0.0000	0.0000	0.0000	0.0000	0.0000	0.0000	0.0000	0.0000	0.0000	0.0000	0.0000	0.0000	0.0000	0.0000	0.0000	0.0096	0.0084	0.0012	0.0024	0.0023	0.0001	0.0073	0.0061	0.0012	0.0107	0.0073	0.0034	0.0044	0.0042	0.0002	0.0063	0.0030	0.0032	0.0000	0.0000	0.0000	0.0000	0.0000	0.0000	0.0000	0.0000	0.0000	0.0000	0.0000	0.0000	0.0000	0.0000	0.0000	0.0000	0.0000	0.0000			
71	77	0.1667	15	1	0	1	0	0	0	0	0	N	N	N	N	N	N	N	N	N	N	N	N	1.4333	0.0001	6.7368	1.5033	0.0003	2.0733	3.8090	10.8087	0.0020	0.0000	0.0158	0.0041	0.0000	0.1305	0.0013	0.0000	0.0084	0.0014	0.0011	0.0023	0.0027	0.0018	0.0629	0.0004	0.0000	0.0008	14681.8090	0.7518	0.0000	-0.0000	1.1783	0.9901	0.9542	2.2068	0.0000	0.0000	0.0000	0.0000	0.0000	0.0000	0.0000	0.0000	0.0000	0.0000	0.0000	0.0000	0.0000	0.0000	0.0000	0.0000	0.0000	0.0000	0.0097	0.0084	0.0012	0.0024	0.0023	0.0001	0.0073	0.0061	0.0012	0.0332	0.0247	0.0086	0.0147	0.0145	0.0002	0.0185	0.0101	0.0084	1.4333	0.0001	6.7368	1.5033	0.0003	2.0733	3.8090	0.0000	10.8087	0.0014	0.0011	0.0023	0.0027	0.0018	0.0629	0.0004	0.0000	0.0008	
71	78	0.0891	7	0	1	0	0	0	0	0	0	N	N	N	N	N	N	N	N	N	N	N	N	0.0038	0.0045	0.0002	0.0049	0.0058	0.0000	0.0032	15.4965	0.0002	0.0120	0.0136	0.0006	0.0310	0.0321	0.0000	0.0057	0.0066	0.0006	3.1544	3.0090	3.4726	6.3545	5.5493	0.0731	1.7629	0.0004	3.5908	0.0060	0.5271	-0.0004	-0.0813	1.1783	8.4371	0.9542	15.3349	0.0011	0.0011	0.0000	0.0007	0.0007	0.0000	0.0004	0.0004	0.0000	0.4109	0.2691	0.1418	0.2691	0.2690	0.0001	0.1417	0.0000	0.1417	0.0934	0.0820	0.0114	0.0233	0.0224	0.0008	0.0702	0.0596	0.0106	0.1303	0.0894	0.0408	0.0499	0.0485	0.0014	0.0804	0.0409	0.0395	0.0038	0.0045	0.0002	0.0057	0.0058	0.0000	0.0032	15.4965	0.0002	3.1544	3.0090	3.4726	5.3985	5.5493	0.0731	1.7629	0.0004	3.5908
71	79	0.1667	15	1	0	1	0	0	0	0	0	N	N	N	N	N	N	N	N	N	N	N	N	4.9204	4.0171	0.0000	12.6576	12.9888	0.0000	0.0009	0.0005	0.0000	33.7580	38.7017	0.0000	138.8659	143.4571	0.0000	0.0035	0.0041	0.0000	6.8608	9.6343	0.0009	10.9710	11.0447	0.0140	4.0520	7.7525	0.0005	0.0000	0.0000	-0.3719	-0.2248	1.1783	3.0096	0.9542	5.7427	0.9759	0.9759	0.0000	0.9758	0.9758	0.0000	0.0001	0.0001	0.0000	0.4140	0.4140	0.0000	0.2713	0.2713	0.0000	0.1427	0.1427	0.0000	0.0289	0.0252	0.0037	0.0070	0.0068	0.0002	0.0219	0.0184	0.0035	0.0603	0.0430	0.0174	0.0251	0.0246	0.0006	0.0352	0.0184	0.0168	4.9204	4.0171	0.0000	12.8590	12.9888	0.0000	0.0009	0.0005	0.0000	6.8608	9.6343	0.0009	10.7991	11.0447	0.0140	4.0520	7.7525	0.0005
71	80	0.1510	14	1	0	1	0	0	0	0	0	N	N	N	N	N	N	N	N	N	N	N	N	512.0536	0.7842	3332.5075	1.8928	1.3659	10.4040	1353.7755	0.1442	3941.2683	1.3070	0.0020	8.0844	0.0085	0.0059	0.1274	1.8395	0.0001	8.4075	0.0026	0.0026	0.0024	0.0045	0.0043	0.0122	0.0014	0.0006	0.0021	759.9435	0.4376	0.0102	-0.0000	1.1783	1.0477	0.9542	6.1154	0.0164	0.0000	0.0164	0.0000	0.0000	0.0000	0.0164	0.0000	0.0164	0.0001	0.0001	0.0000	0.0001	0.0001	0.0000	0.0000	0.0000	0.0000	0.0126	0.0105	0.0020	0.0037	0.0036	0.0001	0.0089	0.0070	0.0020	0.0401	0.0272	0.0128	0.0153	0.0149	0.0004	0.0248	0.0124	0.0125	512.0536	0.7842	3332.5075	1.8928	1.3659	10.4040	1353.7755	0.1442	3941.2683	0.0026	0.0026	0.0024	0.0045	0.0043	0.0122	0.0014	0.0006	0.0021
71	81	0.1445	13	0	0	0	0	0	0	0	0	N	N	N	N	N	N	N	N	N	N	N	N	10572.0793	2.2810	45899.3220	6.3183	5.2993	3227.5975	13455.8832	0.8247	46790.9375	48.1803	0.0066	368.0105	0.0285	0.0246	0.1585	61.7028	0.0008	387.0260	0.0046	0.0029	0.0080	0.0045	0.0046	0.0000	0.0046	0.0009	0.0083	8421.1249	1.3422	0.5924	0.0000	1.1783	1.9794	0.9542	1.0196	0.9573	0.0001	0.9572	0.0001	0.0001	0.0000	0.9571	0.0000	0.9571	0.0001	0.0000	0.0000	0.0000	0.0000	0.0000	0.0000	0.0000	0.0000	0.0199	0.0173	0.0026	0.0044	0.0042	0.0001	0.0155	0.0130	0.0025	0.0161	0.0109	0.0053	0.0059	0.0058	0.0002	0.0102	0.0051	0.0051	10572.0793	2.2810	45899.3220	6.3183	5.2993	3227.5975	13455.8832	0.8247	46790.9375	0.0046	0.0029	0.0080	0.0045	0.0046	0.0000	0.0046	0.0009	0.0083
71	82	0.1424	12	0	0	0	0	0	0	0	0	N	N	N	N	N	N	N	N	N	N	N	N	58.9825	41.8518	157.0814	96.1920	96.4377	21.9554	51.5509	11.5695	159.4373	0.4272	0.2400	1.6235	1.0052	1.0348	0.0032	0.2770	0.0001	1.6977	0.0072	0.0057	0.0103	0.0104	0.0107	0.0001	0.0054	0.0000	0.0106	1.0590	0.8800	0.0006	-0.0000	1.1783	1.0114	0.9542	0.0202	0.0044	0.0021	0.0023	0.0021	0.0021	0.0000	0.0023	0.0000	0.0023	0.0000	0.0000	0.0000	0.0000	0.0000	0.0000	0.0000	0.0000	0.0000	0.0103	0.0089	0.0014	0.0021	0.0021	0.0001	0.0082	0.0068	0.0013	0.0057	0.0039	0.0019	0.0021	0.0021	0.0001	0.0036	0.0018	0.0018	58.9825	41.8518	157.0814	96.1920	96.4377	21.9554	51.5509	11.5695	159.4373	0.0072	0.0057	0.0103	0.0104	0.0107	0.0001	0.0054	0.0000	0.0106
71	83	0.1219	11	0	0	0	0	0	0	0	0	N	N	N	N	N	N	N	N	N	N	N	N	81.9857	74.8617	137.9857	1.6039	1.6996	0.0255	210.2468	22643.3785	158.1143	0.3492	0.3095	0.6230	0.0127	0.0131	0.0004	0.4394	0.4008	0.6531	0.0043	0.0041	0.0045	0.0079	0.0077	0.0165	0.0021	0.0000	0.0041	0.2914	0.5310	-0.0033	-0.0000	1.1783	5.9223	0.9542	3.6882	0.0213	0.0165	0.0048	0.0002	0.0002	0.0000	0.0211	0.0163	0.0048	0.0002	0.0001	0.0001	0.0002	0.0001	0.0000	0.0001	0.0000	0.0001	0.0609	0.0532	0.0077	0.0129	0.0125	0.0004	0.0481	0.0407	0.0074	0.0523	0.0352	0.0171	0.0194	0.0189	0.0005	0.0329	0.0163	0.0166	81.9857	74.8617	137.9857	1.6039	1.6996	0.0255	210.2468	22643.3785	158.1143	0.0043	0.0041	0.0045	0.0079	0.0077	0.0165	0.0021	0.0000	0.0041
71	84	0.1089	9	0	1	0	0	0	0	0	0	N	N	N	N	N	N	N	N	N	N	N	N	0.0051	0.0044	0.0025	0.0098	0.0099	0.0092	0.0035	0.0024	0.0024	0.0042	0.0047	0.0007	0.0105	0.0109	0.0006	0.0023	0.0026	0.0008	0.8202	1.0616	0.3007	1.0706	1.1047	0.0606	0.6710	1.0707	0.3103	0.0232	0.1316	-0.0001	-0.0623	1.1783	7.1084	0.9542	28.8937	0.0003	0.0003	0.0000	0.0002	0.0002	0.0000	0.0001	0.0001	0.0000	0.1460	0.1291	0.0170	0.0712	0.0710	0.0001	0.0749	0.0580	0.0169	0.0715	0.0625	0.0091	0.0159	0.0153	0.0006	0.0557	0.0472	0.0085	0.1780	0.1216	0.0565	0.0665	0.0643	0.0022	0.1116	0.0572	0.0543	0.0051	0.0044	0.0025	0.0098	0.0099	0.0092	0.0035	0.0026	0.0024	0.8202	1.0616	0.3007	1.0706	1.1047	0.0606	0.6710	1.0132	0.3103
71	85	0.1015	8	0	1	0	0	0	0	0	0	N	N	N	N	N	N	N	N	N	N	N	N	0.1353	0.1532	0.1791	0.0990	0.1034	0.0242	0.1694	0.6077	0.2093	0.0094	0.0082	0.0192	0.0083	0.0085	0.0031	0.0101	0.0079	0.0223	0.0694	0.0532	0.1071	0.0834	0.0824	0.1277	0.0594	0.0130	0.1064	0.2959	0.8623	-0.0000	-0.0003	1.1783	2.2208	0.9542	3.9129	0.0003	0.0003	0.0001	0.0001	0.0001	0.0000	0.0002	0.0001	0.0001	0.0034	0.0018	0.0016	0.0017	0.0016	0.0001	0.0017	0.0002	0.0015	0.0348	0.0309	0.0039	0.0131	0.0124	0.0006	0.0217	0.0184	0.0033	0.0485	0.0340	0.0146	0.0201	0.0197	0.0005	0.0284	0.0143	0.0141	0.1353	0.1532	0.1791	0.0990	0.1034	0.0242	0.1694	0.6077	0.2093	0.0694	0.0532	0.1071	0.0834	0.0824	0.1277	0.0594	0.0130	0.1064
71	86	0.1770	10	0	0	1	0	0	0	0	0	N	N	N	N	N	N	N	N	N	N	N	N	0.0351	0.0382	0.0685	0.0823	0.0831	0.1466	0.0047	0.0000	0.0163	0.0002	0.0001	0.0007	0.0008	0.0005	0.0118	0.0000	0.0000	0.0001	0.0057	0.0034	0.0106	0.0098	0.0060	0.0805	0.0030	0.0000	0.0058	0.7596	1.5008	0.0000	0.0000	1.1783	5.3425	0.9542	7.0749	0.0000	0.0000	0.0000	0.0000	0.0000	0.0000	0.0000	0.0000	0.0000	0.0004	0.0002	0.0002	0.0003	0.0002	0.0001	0.0001	0.0000	0.0001	0.0589	0.0519	0.0071	0.0139	0.0135	0.0004	0.0451	0.0384	0.0067	0.0666	0.0450	0.0217	0.0268	0.0254	0.0014	0.0398	0.0195	0.0203	0.0351	0.0382	0.0685	0.0823	0.0831	0.1466	0.0047	0.0000	0.0163	0.0057	0.0034	0.0106	0.0098	0.0060	0.0805	0.0030	0.0000	0.0058
71	87	0.1338	9	0	0	0	0	0	0	0	0	N	N	N	N	N	N	N	N	N	N	N	N	0.1446	0.1825	0.2169	0.2523	0.3448	0.2340	0.0709	0.0340	0.2327	0.0145	0.0110	0.0417	0.0426	0.0350	0.2597	0.0032	0.0001	0.0217	0.1003	0.0602	0.1921	0.1690	0.1016	1.1097	0.0457	0.0017	0.0930	0.4927	1.3969	-0.0001	0.0006	1.1783	7.0719	0.9542	13.7350	0.0013	0.0008	0.0004	0.0011	0.0008	0.0002	0.0002	0.0000	0.0002	0.0139	0.0058	0.0081	0.0104	0.0057	0.0046	0.0035	0.0001	0.0035	0.0863	0.0764	0.0099	0.0247	0.0238	0.0008	0.0616	0.0526	0.0091	0.1384	0.0963	0.0421	0.0613	0.0563	0.0050	0.0771	0.0399	0.0371	0.1446	0.1825	0.2169	0.2523	0.3448	0.2792	0.0709	0.0340	0.2327	0.1003	0.0602	0.1921	0.1690	0.1016	0.9302	0.0457	0.0017	0.0930
71	88	0.1770	17	1	0	1	0	0	0	0	0	N	N	N	N	N	N	N	N	N	N	N	N	0.0000	0.0000	0.0000	0.0000	0.0000	0.0000	0.0000	0.0000	0.0000	0.0000	0.0000	0.0000	0.0000	0.0000	0.0000	0.0000	0.0000	0.0000	0.0000	0.0000	1.1783	0.0000	0.9542	0.0000	0.0000	0.0000	0.0000	0.0000	0.0000	0.0000	0.0000	0.0000	0.0000	0.0000	0.0000	0.0000	0.0000	0.0000	0.0000	0.0000	0.0000	0.0000	0.0000	0.0000	0.0000	0.0000	0.0000	0.0000	0.0000	0.0000	0.0000	0.0000	0.0000	0.0000	0.0000	0.0000	0.0000	0.0000	0.0000	0.0000	0.0000	0.0000	0.0000	0.0000	0.0000	0.0000	0.0000	0.0000	0.0000	0.0000	0.0000	0.0000	0.0000	0.0000	0.0000	0.0000	0.0000	0.0000											
71	89	0.1750	16	1	0	1	0	0	0	0	0	N	N	N	N	N	N	N	N	N	N	N	N	61.3897	26.3608	283.2766	78.5663	37.3413	117.8267	0.0000	0.0000	0.0000	0.0234	0.0099	0.1101	0.0606	0.0236	0.7781	0.0000	0.0000	0.0000	0.0004	0.0004	0.0004	0.0008	0.0006	0.0066	0.0001	0.0000	0.0002	1.7132	0.4331	0.0000	-0.0000	1.1783	0.0001	0.9542	0.9161	0.0000	0.0000	0.0000	0.0000	0.0000	0.0000	0.0000	0.0000	0.0000	0.0000	0.0000	0.0000	0.0000	0.0000	0.0000	0.0000	0.0000	0.0000	0.0000	0.0000	0.0000	0.0000	0.0000	0.0000	0.0000	0.0000	0.0000	0.0068	0.0048	0.0020	0.0029	0.0028	0.0001	0.0039	0.0020	0.0019	61.3897	26.3608	283.2766	78.5663	37.3413	117.8267	0.0000	0.0000	0.0000	0.0004	0.0004	0.0004	0.0008	0.0006	0.0066	0.0001	0.0000	0.0002
71	90	0.1503	15	1	0	1	0	0	0	0	0	N	N	N	N	N	N	N	N	N	N	N	N	1.8658	4.0432	3.4408	38.3892	14.6946	786.8524	0.0082	0.0001	0.0287	0.0496	0.0209	0.2520	0.2024	0.0780	3.2969	0.0003	0.0000	0.0022	0.0266	0.0052	0.0733	0.0053	0.0053	0.0042	0.0407	0.0050	0.0761	1.7131	6.5132	0.0005	0.0005	1.1783	3.7876	0.9542	7.8440	0.0020	0.0007	0.0012	0.0020	0.0007	0.0012	0.0000	0.0000	0.0000	0.0016	0.0002	0.0014	0.0001	0.0001	0.0000	0.0015	0.0001	0.0014	0.0398	0.0349	0.0049	0.0097	0.0093	0.0004	0.0301	0.0255	0.0046	0.0609	0.0417	0.0192	0.0242	0.0235	0.0008	0.0367	0.0183	0.0184	1.8658	4.0432	3.4408	38.3892	14.6946	786.8524	0.0082	0.0001	0.0287	0.0266	0.0052	0.0733	0.0053	0.0053	0.0042	0.0407	0.0050	0.0761
71	91	0.0611	5	0	1	0	1	0	0	0	0	N	N	N	N	N	N	N	N	N	N	N	N	0.0097	0.0053	20.8929	0.0016	0.0017	0.1818	0.0215	0.0086	32.3481	0.0382	0.0310	0.0917	0.0125	0.0127	0.0047	0.0473	0.0385	0.0959	3.9236	5.9066	0.0044	7.9081	7.4827	0.0258	2.2021	4.4704	0.0030	0.3986	0.0004	-0.0001	-0.2227	1.1783	1.8247	0.9542	16.3284	0.0009	0.0006	0.0003	0.0001	0.0001	0.0000	0.0008	0.0006	0.0003	0.4104	0.4103	0.0002	0.2675	0.2675	0.0001	0.1429	0.1428	0.0001	0.0236	0.0208	0.0028	0.0061	0.0060	0.0001	0.0175	0.0148	0.0027	0.1046	0.0695	0.0351	0.0397	0.0375	0.0022	0.0649	0.0319	0.0329	0.0097	0.0053	20.8929	0.0019	0.0018	0.1818	0.0215	0.0086	32.3481	3.9236	5.9066	0.0044	6.7366	7.1295	0.0258	2.2021	4.4704	0.0030
71	92	0.0715	6	0	1	0	0	0	0	0	0	N	N	N	N	N	N	N	N	N	N	N	N	0.2219	0.1544	1.6361	1.6855	1.6077	44.0847	0.0217	0.0000	1.1113	0.0026	0.0025	0.0029	0.0113	0.0110	0.0208	0.0003	0.0000	0.0020	0.0115	0.0162	0.0018	0.0067	0.0068	0.0005	0.0142	0.0260	0.0018	0.1695	0.0533	-0.0001	-0.0007	1.1783	9.1310	0.9542	16.1726	0.0002	0.0002	0.0000	0.0002	0.0002	0.0000	0.0000	0.0000	0.0000	0.0014	0.0013	0.0001	0.0003	0.0003	0.0000	0.0011	0.0010	0.0001	0.0934	0.0816	0.0118	0.0192	0.0186	0.0006	0.0742	0.0630	0.0112	0.1196	0.0808	0.0389	0.0421	0.0411	0.0009	0.0775	0.0396	0.0379	0.2219	0.1544	1.6361	1.6855	1.6077	44.0847	0.0217	0.0000	1.1113	0.0115	0.0162	0.0018	0.0067	0.0068	0.0005	0.0142	0.0260	0.0018
71	93	0.0281	4	0	1	0	0	0	0	0	0	N	N	N	N	N	N	N	N	N	N	N	N	0.0498	0.0327	0.1550	0.1042	0.1046	0.0092	0.0498	37.0870	0.1579	0.0199	0.0146	0.0518	0.0663	0.0671	0.0057	0.0115	0.0034	0.0525	0.3990	0.4453	0.3344	0.6361	0.6411	0.6149	0.2314	0.0001	0.3323	0.5894	0.5381	-0.0000	-0.0108	1.1783	4.0959	0.9542	8.7137	0.0009	0.0006	0.0003	0.0005	0.0005	0.0000	0.0004	0.0001	0.0003	0.0559	0.0363	0.0196	0.0369	0.0363	0.0006	0.0190	0.0000	0.0190	0.0457	0.0392	0.0065	0.0070	0.0069	0.0001	0.0388	0.0323	0.0064	0.1401	0.0816	0.0585	0.0580	0.0567	0.0013	0.0821	0.0249	0.0571	0.0498	0.0327	0.1550	0.1042	0.1046	0.0135	0.0498	37.0870	0.1579	0.3990	0.4453	0.3344	0.6361	0.6411	0.4226	0.2314	0.0001	0.3323
71	94	0.0098	3	0	1	0	0	0	0	0	0	N	N	N	N	N	N	N	N	N	N	N	N	1.2927	1.0840	1.7593	1.6115	1.6100	0.0000	1.1359	0.0013	1.7581	1.1350	0.7812	1.9125	1.6775	1.6799	0.0000	0.8796	0.0000	1.9153	0.8780	0.7206	1.0870	1.0409	1.0434	0.0816	0.7744	0.0366	1.0894	1.1141	1.1353	0.0110	-0.0009	1.1783	2.9443	0.9542	6.1524	0.0752	0.0356	0.0396	0.0356	0.0356	0.0000	0.0396	0.0000	0.0396	0.0830	0.0389	0.0441	0.0383	0.0382	0.0000	0.0448	0.0006	0.0441	0.0663	0.0456	0.0207	0.0212	0.0212	0.0000	0.0451	0.0244	0.0207	0.0946	0.0540	0.0406	0.0367	0.0367	0.0001	0.0578	0.0173	0.0405	1.2927	1.0840	1.7593	1.6115	1.6100	0.0000	1.1359	0.0013	1.7581	0.8780	0.7206	1.0870	1.0409	1.0434	0.0816	0.7744	0.0366	1.0894
71	95	0.0073	2	0	0	0	0	0	0	0	0	N	N	N	N	N	N	N	N	N	N	N	N	4.0105	2.8681	6.4641	5.3133	5.3185	0.0457	3.4592	0.5094	6.4713	3.4443	2.6862	5.0034	5.4290	5.4355	0.0396	2.4541	0.0010	5.0094	0.8588	0.9366	0.7740	1.0218	1.0220	0.8660	0.7095	0.0019	0.7741	0.9057	0.7577	0.0069	-0.0114	1.1783	0.8596	0.9542	1.2300	0.0729	0.0383	0.0347	0.0383	0.0383	0.0000	0.0347	0.0000	0.0347	0.1018	0.0579	0.0439	0.0579	0.0579	0.0000	0.0439	0.0000	0.0439	0.0212	0.0142	0.0069	0.0070	0.0070	0.0000	0.0141	0.0072	0.0069	0.1185	0.0618	0.0567	0.0567	0.0566	0.0000	0.0618	0.0052	0.0566	4.0105	2.8681	6.4641	5.3133	5.3185	0.0641	3.4592	0.5094	6.4713	0.8588	0.9366	0.7740	1.0218	1.0220	0.6168	0.7095	0.0019	0.7741
71	98	0.1503	15	0	1	0	0	0	0	0	0	N	N	N	N	N	N	N	N	N	N	N	N	0.1399	0.1191	0.0000	0.1196	0.1249	0.0000	0.7437	1473.6767	0.0000	0.0002	0.0002	0.0000	0.0004	0.0004	0.0000	0.0001	0.0001	0.0000	0.0014	0.0019	0.0004	0.0034	0.0034	0.0032	0.0001	0.0000	0.0003	0.0000	0.0968	-0.0000	-0.0000	1.1783	1.3608	0.9542	12.1483	0.0000	0.0000	0.0000	0.0000	0.0000	0.0000	0.0000	0.0000	0.0000	0.0001	0.0001	0.0000	0.0001	0.0001	0.0000	0.0000	0.0000	0.0000	0.0162	0.0143	0.0019	0.0051	0.0049	0.0002	0.0111	0.0094	0.0017	0.0695	0.0476	0.0219	0.0276	0.0267	0.0009	0.0419	0.0209	0.0210	0.1399	0.1191	0.0000	0.1196	0.1249	0.0000	0.7437	1473.6767	0.0000	0.0014	0.0019	0.0004	0.0034	0.0034	0.0032	0.0001	0.0000	0.0003
71	99	0.1466	14	0	0	0	0	0	0	0	0	N	N	N	N	N	N	N	N	N	N	N	N	0.2113	0.1741	0.4752	0.6059	0.3650	257.4226	0.0351	0.0814	0.0177	0.0003	0.0002	0.0009	0.0010	0.0006	0.0073	0.0000	0.0000	0.0000	0.0014	0.0012	0.0018	0.0016	0.0017	0.0000	0.0012	0.0005	0.0019	0.6215	0.6866	0.0000	-0.0000	1.1783	1.5300	0.9542	0.7696	0.0000	0.0000	0.0000	0.0000	0.0000	0.0000	0.0000	0.0000	0.0000	0.0000	0.0000	0.0000	0.0000	0.0000	0.0000	0.0000	0.0000	0.0000	0.0182	0.0158	0.0024	0.0048	0.0046	0.0003	0.0133	0.0112	0.0021	0.0137	0.0094	0.0042	0.0056	0.0054	0.0002	0.0081	0.0040	0.0041	0.2113	0.1741	0.4752	0.6059	0.3650	257.4226	0.0351	0.0814	0.0177	0.0014	0.0012	0.0018	0.0016	0.0017	0.0000	0.0012	0.0005	0.0019
71	100	0.1377	13	0	0	0	0	0	0	0	0	N	N	N	N	N	N	N	N	N	N	N	N	350.7057	514.3524	12.4877	1443.3261	1427.0588	inf	1.6791	0.0000	6.2324	0.0069	0.0078	0.0004	0.0334	0.0342	0.0041	0.0000	0.0000	0.0002	0.0000	0.0000	0.0000	0.0000	0.0000	0.0000	0.0000	0.0000	0.0000	0.0068	0.8938	-0.0001	-0.0000	1.1783	3.6906	0.9542	1.4800	0.0003	0.0003	0.0000	0.0003	0.0003	0.0000	0.0000	0.0000	0.0000	0.0000	0.0000	0.0000	0.0000	0.0000	0.0000	0.0000	0.0000	0.0000	0.0371	0.0323	0.0048	0.0076	0.0074	0.0002	0.0295	0.0250	0.0046	0.0278	0.0189	0.0089	0.0108	0.0104	0.0004	0.0170	0.0085	0.0085	350.7057	514.3524	12.4877	1443.3261	1427.0588	inf	1.6791	0.0000	6.2324	0.0000	0.0000	0.0000	0.0000	0.0000	0.0000	0.0000	0.0000	0.0000
71	101	0.1377	12	0	0	0	0	0	0	0	0	N	N	N	N	N	N	N	N	N	N	N	N	369.8054	305.0352	879.1606	450.6197	442.8751	6.6317	330.0831	1889.1108	868.7593	0.0410	0.0247	0.1554	0.0606	0.0614	0.0003	0.0310	0.0020	0.1609	0.0001	0.0001	0.0002	0.0001	0.0001	0.0001	0.0001	0.0000	0.0002	0.8951	0.9889	0.0000	-0.0000	1.1783	0.1361	0.9542	0.4500	0.0001	0.0001	0.0000	0.0001	0.0001	0.0000	0.0001	0.0000	0.0000	0.0000	0.0000	0.0000	0.0000	0.0000	0.0000	0.0000	0.0000	0.0000	0.0025	0.0022	0.0003	0.0009	0.0008	0.0000	0.0017	0.0014	0.0003	0.0039	0.0027	0.0012	0.0016	0.0015	0.0001	0.0022	0.0011	0.0011	369.8054	305.0352	879.1606	450.6197	442.8751	6.6317	330.0831	1889.1108	868.7593	0.0001	0.0001	0.0002	0.0001	0.0001	0.0001	0.0001	0.0000	0.0002
71	102	0.1219	11	0	0	0	0	0	0	0	0	N	N	N	N	N	N	N	N	N	N	N	N	0.7774	0.5867	2.1024	1.1511	1.2153	0.1648	0.7805	7.0683	2.4031	0.0036	0.0026	0.0102	0.0099	0.0101	0.0032	0.0017	0.0001	0.0106	0.0046	0.0045	0.0049	0.0086	0.0083	0.0194	0.0022	0.0000	0.0044	0.5609	0.5317	-0.0000	-0.0000	1.1783	3.5591	0.9542	4.5341	0.0001	0.0001	0.0000	0.0001	0.0001	0.0000	0.0001	0.0000	0.0000	0.0002	0.0001	0.0001	0.0001	0.0001	0.0000	0.0001	0.0000	0.0001	0.0386	0.0337	0.0048	0.0087	0.0084	0.0002	0.0299	0.0253	0.0046	0.0449	0.0302	0.0147	0.0167	0.0162	0.0005	0.0282	0.0139	0.0142	0.7774	0.5867	2.1024	1.1511	1.2153	0.1648	0.7805	7.0683	2.4031	0.0046	0.0045	0.0049	0.0086	0.0083	0.0194	0.0022	0.0000	0.0044
71	103	0.1002	10	0	0	0	0	0	0	0	0	N	N	N	N	N	N	N	N	N	N	N	N	0.4034	0.4215	0.1126	0.3991	0.3958	0.6787	0.6469	43.5598	0.0966	0.0693	0.0767	0.0170	0.1322	0.1335	0.0728	0.0503	0.0568	0.0147	0.1719	0.1819	0.1511	0.3312	0.3372	0.1072	0.0777	0.0013	0.1525	0.0313	0.4042	-0.0008	-0.0026	1.1783	2.8937	0.9542	8.0733	0.0024	0.0023	0.0001	0.0011	0.0010	0.0000	0.0013	0.0013	0.0001	0.0103	0.0073	0.0030	0.0074	0.0073	0.0001	0.0029	0.0000	0.0029	0.0343	0.0301	0.0042	0.0080	0.0078	0.0002	0.0264	0.0223	0.0041	0.0600	0.0404	0.0196	0.0223	0.0217	0.0006	0.0377	0.0187	0.0191	0.4034	0.4215	0.1126	0.3991	0.3958	0.6787	0.6469	43.5598	0.0966	0.1719	0.1819	0.1511	0.3312	0.3372	0.1072	0.0777	0.0013	0.1525
71	104	0.0949	6	0	1	0	0	0	0	0	0	N	N	N	N	N	N	N	N	N	N	N	N	0.6045	0.0947	1.7302	0.1093	0.1093	0.0146	1.4074	0.0051	1.7474	0.2253	0.0411	0.5008	0.0533	0.0535	0.0068	0.3722	0.0008	0.5035	0.3727	0.4344	0.2895	0.4877	0.4896	0.4675	0.2644	0.1618	0.2881	8.1353	0.4945	0.0002	-0.0034	1.1783	0.0277	0.9542	1.3445	0.0004	0.0000	0.0003	0.0000	0.0000	0.0000	0.0003	0.0000	0.0003	0.0160	0.0107	0.0053	0.0102	0.0101	0.0001	0.0059	0.0007	0.0052	0.0017	0.0010	0.0007	0.0008	0.0008	0.0000	0.0009	0.0002	0.0007	0.0430	0.0247	0.0183	0.0209	0.0205	0.0003	0.0222	0.0042	0.0180	0.6045	0.0947	1.7302	0.1093	0.1093	0.0187	1.4074	0.0051	1.7474	0.3727	0.4344	0.2895	0.4877	0.4896	0.3650	0.2644	0.1618	0.2881
71	105	0.0482	5	0	1	0	0	0	0	0	0	N	N	N	N	N	N	N	N	N	N	N	N	9.4324	0.1146	134.7044	0.5195	0.5427	0.0131	10.4882	0.0335	145.6554	1.5604	0.0235	11.6486	0.0574	0.0590	0.0033	2.0321	0.0106	12.3041	0.1654	0.2052	0.0865	0.1105	0.1088	0.2539	0.1938	0.3151	0.0845	75.4775	0.2124	0.0514	-0.0068	1.1783	5.1414	0.9542	16.4151	0.0848	0.0011	0.0837	0.0007	0.0007	0.0000	0.0841	0.0004	0.0837	0.0184	0.0151	0.0032	0.0042	0.0041	0.0001	0.0142	0.0111	0.0031	0.0543	0.0472	0.0072	0.0130	0.0126	0.0004	0.0414	0.0346	0.0068	0.1110	0.0738	0.0372	0.0378	0.0373	0.0004	0.0733	0.0365	0.0368	9.4324	0.1146	134.7044	0.5195	0.5427	0.0131	10.4882	0.0348	145.6554	0.1654	0.2052	0.0865	0.1105	0.1088	0.2539	0.1938	0.3038	0.0845
71	106	0.0400	4	0	0	0	0	0	0	0	0	N	N	N	N	N	N	N	N	N	N	N	N	0.0621	0.0698	0.1039	0.1526	0.1651	0.0024	0.0380	0.3558	0.1122	0.0189	0.0146	0.0474	0.0510	0.0524	0.0031	0.0108	0.0037	0.0495	0.3040	0.2098	0.4562	0.3340	0.3174	1.3010	0.2832	0.0103	0.4410	0.4815	1.3460	-0.0000	0.0005	1.1783	3.8974	0.9542	1.6364	0.0008	0.0005	0.0002	0.0004	0.0004	0.0000	0.0003	0.0001	0.0002	0.0164	0.0070	0.0094	0.0074	0.0069	0.0005	0.0090	0.0001	0.0089	0.0407	0.0354	0.0053	0.0082	0.0080	0.0002	0.0325	0.0275	0.0050	0.0540	0.0334	0.0207	0.0221	0.0217	0.0004	0.0319	0.0117	0.0202	0.0621	0.0698	0.1039	0.1526	0.1651	0.0027	0.0380	0.3558	0.1122	0.3040	0.2098	0.4562	0.3340	0.3174	1.1653	0.2832	0.0103	0.4410
71	109	0.1305	11	1	1	0	1	0	0	0	0	N	N	N	N	N	N	N	N	N	N	N	N	0.0000	0.0000	0.0000	0.0000	0.0000	0.0000	0.0000	0.0000	0.0000	0.0000	0.0000	0.0000	0.0000	0.0000	0.0000	0.0000	0.0000	0.0000	0.0000	0.0000	1.1783	0.0000	0.9542	0.0000	0.0000	0.0000	0.0000	0.0000	0.0000	0.0000	0.0000	0.0000	0.0000	0.0000	0.0000	0.0000	0.0000	0.0000	0.0000	0.0000	0.0000	0.0000	0.0000	0.0000	0.0000	0.0000	0.0000	0.0000	0.0000	0.0000	0.0000	0.0000	0.0000	0.0000	0.0000	0.0000	0.0000	0.0000	0.0000	0.0000	0.0000	0.0000	0.0000	0.0000	0.0000	0.0000	0.0000	0.0000	0.0000	0.0000	0.0000	0.0000	0.0000	0.0000	0.0000	0.0000	0.0000	0.0000											
71	110	0.1155	10	1	1	0	1	0	0	0	0	N	N	N	N	N	N	N	N	N	N	N	N	0.0000	0.0000	0.0000	0.0000	0.0000	0.0000	0.0000	0.0000	0.0000	0.0000	0.0000	0.0000	0.0000	0.0000	0.0000	0.0000	0.0000	0.0000	0.0075	0.0076	0.0072	0.0166	0.0138	0.0842	0.0017	0.0000	0.0033	0.4411	0.0000	-0.0001	1.1783	0.0000	0.9542	7.1240	0.0000	0.0000	0.0000	0.0000	0.0000	0.0000	0.0000	0.0000	0.0000	0.0003	0.0002	0.0001	0.0003	0.0002	0.0000	0.0000	0.0000	0.0000	0.0000	0.0000	0.0000	0.0000	0.0000	0.0000	0.0000	0.0000	0.0000	0.0386	0.0263	0.0123	0.0151	0.0145	0.0006	0.0234	0.0118	0.0117	0.0000	0.0000	0.0000	0.0000	0.0000	0.0000	0.0000	0.0000	0.0000	0.0075	0.0076	0.0072	0.0166	0.0138	0.0842	0.0017	0.0000	0.0033	
71	111	0.1245	12	0	1	0	1	0	0	0	0	N	N	N	N	N	N	N	N	N	N	N	N	0.0000	0.0000	0.0000	0.0000	0.0000	0.0000	0.0000	0.0000	0.0000	0.0000	0.0000	0.0000	0.0000	0.0000	0.0000	0.0000	0.0000	0.0001	0.0002	0.0000	0.0003	0.0003	0.0001	0.0000	0.0000	0.0000	0.1028	0.0000	-0.0000	1.1783	0.0016	0.9542	5.0076	0.0000	0.0000	0.0000	0.0000	0.0000	0.0000	0.0000	0.0000	0.0000	0.0000	0.0000	0.0000	0.0000	0.0000	0.0000	0.0000	0.0000	0.0000	0.0000	0.0000	0.0000	0.0000	0.0000	0.0000	0.0000	0.0000	0.0000	0.0268	0.0185	0.0084	0.0110	0.0104	0.0006	0.0158	0.0080	0.0078	0.0000	0.0000	0.0000	0.0000	0.0000	0.0000	0.0000	0.0000	0.0000	0.0001	0.0002	0.0000	0.0003	0.0003	0.0001	0.0000	0.0000	0.0000		
71	112	0.1176	11	0	1	0	1	0	0	0	0	N	N	N	N	N	N	N	N	N	N	N	N	0.0000	0.0000	0.0000	0.0000	0.0000	0.0000	0.0000	0.0000	0.0000	0.0000	0.0000	0.0000	0.0000	0.0000	0.0000	0.0000	0.0000	0.0000	0.0018	0.0004	0.0050	0.0002	0.0002	0.0000	0.0029	0.0005	0.0053	6.4742	0.0000	0.0000	1.1783	1.0012	0.9542	2.1373	0.0000	0.0000	0.0000	0.0000	0.0000	0.0000	0.0000	0.0000	0.0000	0.0000	0.0000	0.0000	0.0000	0.0000	0.0000	0.0000	0.0000	0.0000	0.0098	0.0086	0.0013	0.0020	0.0019	0.0001	0.0078	0.0066	0.0012	0.0181	0.0123	0.0058	0.0074	0.0071	0.0003	0.0107	0.0053	0.0055	0.0000	0.0000	0.0000	0.0000	0.0000	0.0000	0.0000	0.0000	0.0000	0.0018	0.0004	0.0050	0.0002	0.0002	0.0000	0.0029	0.0005	0.0053	
71	113	0.1259	11	0	1	0	0	0	0	0	0	N	N	N	N	N	N	N	N	N	N	N	N	0.0000	0.0000	0.0000	0.0000	0.0000	0.0000	0.0000	0.0000	0.0000	0.0000	0.0000	0.0000	0.0000	0.0000	0.0000	0.0000	0.0000	0.0000	0.0000	0.0000	0.0000	0.0001	0.0001	0.0000	0.0000	0.0000	0.0000	0.0496	0.0000	-0.0000	1.1783	0.9705	0.9542	5.0371	0.0000	0.0000	0.0000	0.0000	0.0000	0.0000	0.0000	0.0000	0.0000	0.0000	0.0000	0.0000	0.0000	0.0000	0.0000	0.0000	0.0000	0.0000	0.0110	0.0096	0.0013	0.0028	0.0027	0.0001	0.0081	0.0069	0.0012	0.0324	0.0223	0.0101	0.0128	0.0123	0.0005	0.0196	0.0100	0.0096	0.0000	0.0000	0.0000	0.0000	0.0000	0.0000	0.0000	0.0000	0.0000	0.0000	0.0000	0.0000	0.0001	0.0001	0.0000	0.0000	0.0000	0.0000	
71	114	0.1176	11	0	0	1	1	0	0	0	0	N	N	N	N	N	N	N	N	N	N	N	N	0.0000	0.0000	0.0000	0.0000	0.0000	0.0000	0.0000	0.0000	0.0000	0.0000	0.0000	0.0000	0.0000	0.0000	0.0000	0.0000	0.0040	0.0003	0.0118	0.0004	0.0004	0.0000	0.0066	0.0000	0.0124	22.0048	0.0000	0.0000	1.1783	0.0000	0.9542	1.1303	0.0000	0.0000	0.0000	0.0000	0.0000	0.0000	0.0000	0.0000	0.0000	0.0000	0.0000	0.0000	0.0000	0.0000	0.0000	0.0000	0.0000	0.0000	0.0000	0.0000	0.0000	0.0000	0.0000	0.0000	0.0000	0.0000	0.0000	0.0074	0.0050	0.0024	0.0031	0.0030	0.0001	0.0043	0.0020	0.0023	0.0000	0.0000	0.0000	0.0000	0.0000	0.0000	0.0000	0.0000	0.0000	0.0040	0.0003	0.0118	0.0004	0.0004	0.0000	0.0066	0.0000	0.0124			
71	115	0.1155	10	0	0	0	1	0	0	0	0	N	N	N	N	N	N	N	N	N	N	N	N	0.0000	0.0000	0.0000	0.0000	0.0000	0.0000	0.0000	0.0000	0.0000	0.0000	0.0000	0.0000	0.0000	0.0000	0.0000	0.0000	0.0000	0.0000	0.0065	0.0048	0.0100	0.0079	0.0082	0.0000	0.0055	0.0000	0.0104	1.0022	0.0000	-0.0000	1.1783	0.0000	0.9542	1.2340	0.0000	0.0000	0.0000	0.0000	0.0000	0.0000	0.0000	0.0000	0.0000	0.0001	0.0000	0.0000	0.0000	0.0000	0.0000	0.0000	0.0000	0.0000	0.0000	0.0000	0.0000	0.0000	0.0000	0.0000	0.0000	0.0000	0.0000	0.0080	0.0054	0.0026	0.0033	0.0032	0.0001	0.0047	0.0022	0.0025	0.0000	0.0000	0.0000	0.0000	0.0000	0.0000	0.0000	0.0000	0.0000	0.0065	0.0048	0.0100	0.0079	0.0082	0.0000	0.0055	0.0000	0.0104	
71	116	0.1230	11	0	0	1	1	0	0	0	0	N	N	N	N	N	N	N	N	N	N	N	N	219.2355	294.0080	308.4184	499.3887	500.9815	inf	121.0046	inf	323.7789	0.0276	0.0209	0.0773	0.0611	0.0640	0.0001	0.0155	0.0035	0.0858	0.0001	0.0001	0.0003	0.0001	0.0001	0.0000	0.0001	0.0000	0.0003	0.5032	1.5576	-0.0000	0.0000	1.1783	0.9725	0.9542	0.9874	0.0003	0.0002	0.0001	0.0002	0.0002	0.0000	0.0001	0.0000	0.0001	0.0000	0.0000	0.0000	0.0000	0.0000	0.0000	0.0000	0.0000	0.0000	0.0105	0.0093	0.0013	0.0028	0.0027	0.0001	0.0077	0.0066	0.0011	0.0108	0.0075	0.0033	0.0044	0.0042	0.0002	0.0065	0.0033	0.0031	219.2355	294.0080	308.4184	499.3887	500.9815	inf	121.0046	inf	323.7789	0.0001	0.0001	0.0003	0.0001	0.0001	0.0000	0.0001	0.0000	0.0003
71	117	0.1230	11	0	0	1	1	0	0	0	0	N	N	N	N	N	N	N	N	N	N	N	N	0.9152	1.0445	0.8979	0.7827	0.7059	inf	1.0553	inf	0.5982	0.0344	0.0333	0.0454	0.0431	0.0406	0.0980	0.0274	0.0267	0.0320	0.0376	0.0319	0.0505	0.0550	0.0575	0.0000	0.0260	0.0000	0.0535	0.1446	0.7084	-0.0000	-0.0001	1.1783	0.0285	0.9542	4.0215	0.0000	0.0000	0.0000	0.0000	0.0000	0.0000	0.0000	0.0000	0.0000	0.0008	0.0005	0.0003	0.0005	0.0005	0.0000	0.0003	0.0000	0.0003	0.0010	0.0009	0.0001	0.0005	0.0004	0.0000	0.0006	0.0005	0.0001	0.0218	0.0150	0.0067	0.0087	0.0083	0.0004	0.0130	0.0067	0.0063	0.9152	1.0445	0.8979	0.7827	0.7059	inf	1.0553	inf	0.5982	0.0376	0.0319	0.0505	0.0550	0.0575	0.0000	0.0260	0.0000	0.0535
71	118	0.1155	10	0	0	1	1	0	0	0	0	N	N	N	N	N	N	N	N	N	N	N	N	2990.1878	33425.3461	0.2320	45065.7859	44893.9791	0.0000	1141.4363	445508.2113	0.2331	3.2818	3.7633	0.0007	8.6166	8.9096	0.0000	1.9251	2.2705	0.0008	0.0011	0.0001	0.0032	0.0002	0.0002	0.0000	0.0017	0.0000	0.0034	0.0000	13.3081	-0.0368	0.0000	1.1783	3.0275	0.9542	2.1573	0.0967	0.0967	0.0000	0.0515	0.0515	0.0000	0.0452	0.0452	0.0000	0.0000	0.0000	0.0000	0.0000	0.0000	0.0000	0.0000	0.0000	0.0000	0.0295	0.0257	0.0038	0.0060	0.0058	0.0002	0.0235	0.0199	0.0036	0.0287	0.0196	0.0092	0.0113	0.0109	0.0004	0.0174	0.0087	0.0087	2990.1878	33425.3461	0.2320	45065.7859	44893.9791	0.0000	1141.4363	445508.2113	0.2331	0.0011	0.0001	0.0032	0.0002	0.0002	0.0000	0.0017	0.0000	0.0034
71	119	0.1567	10	1	1	0	0	0	0	0	0	N	N	N	N	N	N	N	N	N	N	N	N	0.0255	0.3177	0.0058	0.5842	0.5486	5.9901	0.0002	0.0968	0.0002	0.0071	0.0073	0.0048	0.0229	0.0220	0.0465	0.0001	0.0001	0.0001	0.2774	0.0231	0.8248	0.0391	0.0401	0.0078	0.4372	0.0006	0.8577	0.0775	16.5722	-0.0001	0.0033	1.1783	2.1883	0.9542	3.1271	0.0002	0.0002	0.0000	0.0002	0.0002	0.0000	0.0000	0.0000	0.0000	0.0084	0.0005	0.0079	0.0005	0.0005	0.0000	0.0079	0.0000	0.0079	0.0267	0.0239	0.0028	0.0082	0.0079	0.0003	0.0185	0.0160	0.0025	0.0302	0.0206	0.0096	0.0121	0.0117	0.0004	0.0181	0.0089	0.0092	0.0255	0.3177	0.0058	0.5842	0.5486	5.9901	0.0002	0.0968	0.0002	0.2774	0.0231	0.8248	0.0391	0.0401	0.0078	0.4372	0.0006	0.8577
71	120	0.0898	9	1	1	0	0	0	0	0	0	N	N	N	N	N	N	N	N	N	N	N	N	7.7355	5.8915	37.8535	60.4596	60.5347	346.5745	3.4007	1.9433	38.2257	0.7130	0.7922	0.1581	1.9035	1.9545	0.0153	0.4293	0.4754	0.1642	0.0922	0.1345	0.0042	0.0315	0.0323	0.0000	0.1262	0.2446	0.0043	0.0285	0.0149	-0.0349	-0.0070	1.1783	13.6104	0.9542	16.0982	0.0988	0.0961	0.0027	0.0508	0.0508	0.0000	0.0481	0.0453	0.0027	0.0132	0.0130	0.0002	0.0016	0.0016	0.0000	0.0115	0.0114	0.0002	0.1386	0.1213	0.0173	0.0267	0.0260	0.0007	0.1119	0.0953	0.0166	0.1428	0.0965	0.0464	0.0513	0.0501	0.0013	0.0915	0.0464	0.0451	7.7355	5.8915	37.8535	60.4596	60.5347	346.5745	3.4007	1.9433	38.2257	0.0922	0.1345	0.0042	0.0315	0.0323	0.0000	0.1262	0.2446	0.0043
71	121	0.1151	11	0	1	0	0	0	0	0	0	N	N	N	N	N	N	N	N	N	N	N	N	0.2425	0.2047	0.6186	0.0538	0.1009	0.0684	0.4160	0.1909	18.5460	0.0338	0.0266	0.0999	0.0083	0.0076	0.0522	0.0515	0.0419	0.1028	0.1395	0.1300	0.1615	0.1538	0.0758	0.7633	0.1238	0.2196	0.0055	0.4110	0.5413	-0.0000	-0.0015	1.1783	0.3548	0.9542	4.6068	0.0004	0.0003	0.0001	0.0000	0.0000	0.0000	0.0003	0.0002	0.0001	0.0076	0.0050	0.0027	0.0044	0.0018	0.0026	0.0032	0.0032	0.0001	0.0108	0.0097	0.0011	0.0044	0.0043	0.0001	0.0064	0.0054	0.0010	0.0547	0.0381	0.0166	0.0287	0.0237	0.0050	0.0260	0.0143	0.0116	0.2425	0.2047	0.6186	0.0538	0.1009	0.0991	0.4160	0.1909	18.5460	0.1395	0.1300	0.1615	0.1538	0.0758	0.5267	0.1238	0.2196	0.0055
71	122	0.1002	10	0	1	0	0	0	0	0	0	N	N	N	N	N	N	N	N	N	N	N	N	0.1322	0.0765	2.6547	0.0988	0.0960	0.2828	0.1385	0.0529	3.2191	0.0301	0.0250	0.0673	0.0198	0.0194	0.0448	0.0337	0.0273	0.0682	0.2274	0.3268	0.0253	0.2009	0.2021	0.1583	0.2434	0.5166	0.0212	0.3659	0.0381	-0.0001	-0.0049	1.1783	1.6911	0.9542	5.7022	0.0007	0.0005	0.0002	0.0001	0.0001	0.0000	0.0006	0.0004	0.0002	0.0096	0.0093	0.0004	0.0032	0.0031	0.0001	0.0064	0.0061	0.0003	0.0227	0.0200	0.0027	0.0060	0.0059	0.0001	0.0168	0.0141	0.0026	0.0423	0.0284	0.0139	0.0159	0.0155	0.0004	0.0264	0.0129	0.0135	0.1322	0.0765	2.6547	0.0988	0.0960	0.2828	0.1385	0.0573	3.2191	0.2274	0.3268	0.0253	0.2009	0.2021	0.1583	0.2434	0.4769	0.0212
71	123	0.0898	9	0	0	0	0	0	0	0	0	N	N	N	N	N	N	N	N	N	N	N	N	0.2953	0.1494	3.2693	0.4432	0.4427	0.6561	0.2391	0.0594	3.8089	0.0152	0.0102	0.0572	0.0205	0.0198	0.0772	0.0131	0.0058	0.0564	0.0515	0.0686	0.0175	0.0463	0.0446	0.1177	0.0546	0.0982	0.0148	0.6590	0.1283	0.0000	-0.0007	1.1783	2.0929	0.9542	3.1856	0.0005	0.0003	0.0002	0.0002	0.0002	0.0000	0.0003	0.0001	0.0002	0.0016	0.0014	0.0002	0.0005	0.0005	0.0000	0.0011	0.0009	0.0002	0.0325	0.0291	0.0034	0.0093	0.0092	0.0001	0.0232	0.0199	0.0033	0.0313	0.0209	0.0105	0.0118	0.0115	0.0003	0.0195	0.0093	0.0102	0.2953	0.1494	3.2693	0.4432	0.4427	0.6561	0.2391	0.0594	3.8089	0.0515	0.0686	0.0175	0.0463	0.0446	0.1177	0.0546	0.0982	0.0148
71	124	0.1305	12	1	1	0	0	0	0	0	0	N	N	N	N	N	N	N	N	N	N	N	N	0.0000	0.0000	0.0000	0.0000	0.0000	0.0000	0.0000	0.0000	0.0000	0.0000	0.0000	0.0000	0.0000	0.0000	0.0000	0.0000	0.0000	0.0000	0.0000	0.0000	1.1783	0.0000	0.9542	0.0000	0.0000	0.0000	0.0000	0.0000	0.0000	0.0000	0.0000	0.0000	0.0000	0.0000	0.0000	0.0000	0.0000	0.0000	0.0000	0.0000	0.0000	0.0000	0.0000	0.0000	0.0000	0.0000	0.0000	0.0000	0.0000	0.0000	0.0000	0.0000	0.0000	0.0000	0.0000	0.0000	0.0000	0.0000	0.0000	0.0000	0.0000	0.0000	0.0000	0.0000	0.0000	0.0000	0.0000	0.0000	0.0000	0.0000	0.0000	0.0000	0.0000	0.0000	0.0000	0.0000	0.0000	0.0000											
71	125	0.1259	11	1	1	0	0	0	0	0	0	N	N	N	N	N	N	N	N	N	N	N	N	0.0000	0.0000	0.0000	0.0000	0.0000	0.0000	0.0000	0.0000	0.0000	0.0000	0.0000	0.0000	0.0000	0.0000	0.0000	0.0000	0.0000	0.0000	0.0001	0.0001	0.0000	0.0002	0.0002	0.0000	0.0000	0.0000	0.0000	0.0496	0.0000	-0.0000	1.1783	0.1434	0.9542	1.9839	0.0000	0.0000	0.0000	0.0000	0.0000	0.0000	0.0000	0.0000	0.0000	0.0000	0.0000	0.0000	0.0000	0.0000	0.0000	0.0000	0.0000	0.0000	0.0029	0.0026	0.0003	0.0012	0.0011	0.0000	0.0017	0.0014	0.0003	0.0122	0.0084	0.0038	0.0049	0.0047	0.0002	0.0073	0.0037	0.0036	0.0000	0.0000	0.0000	0.0000	0.0000	0.0000	0.0000	0.0000	0.0000	0.0001	0.0001	0.0000	0.0002	0.0002	0.0000	0.0000	0.0000	0.0000	
71	126	0.1155	10	0	1	0	0	0	0	0	0	N	N	N	N	N	N	N	N	N	N	N	N	0.0000	0.0000	0.0000	0.0000	0.0000	0.0000	0.0000	0.0000	0.0000	0.0000	0.0000	0.0000	0.0000	0.0000	0.0000	0.0000	0.0000	0.0000	0.0074	0.0105	0.0010	0.0180	0.0188	0.0000	0.0005	0.0000	0.0011	0.0463	0.0000	-0.0001	1.1783	1.8882	0.9542	2.9115	0.0000	0.0000	0.0000	0.0000	0.0000	0.0000	0.0000	0.0000	0.0000	0.0002	0.0002	0.0000	0.0002	0.0002	0.0000	0.0000	0.0000	0.0000	0.0185	0.0161	0.0024	0.0037	0.0036	0.0001	0.0147	0.0125	0.0022	0.0267	0.0182	0.0085	0.0105	0.0101	0.0004	0.0162	0.0081	0.0081	0.0000	0.0000	0.0000	0.0000	0.0000	0.0000	0.0000	0.0000	0.0000	0.0074	0.0105	0.0010	0.0180	0.0188	0.0000	0.0005	0.0000	0.0011	
71	127	0.0898	9	0	0	0	0	0	0	0	0	N	N	N	N	N	N	N	N	N	N	N	N	0.0687	0.0401	0.3883	0.0235	0.0233	12.6904	0.0745	0.0330	0.3930	0.0218	0.0153	0.0731	0.0055	0.0056	0.0006	0.0273	0.0190	0.0760	0.3176	0.3809	0.1881	0.2342	0.2400	0.0000	0.3659	0.5748	0.1933	0.6141	0.2413	-0.0000	-0.0075	1.1783	3.5543	0.9542	9.0319	0.0010	0.0006	0.0004	0.0001	0.0001	0.0000	0.0010	0.0006	0.0004	0.0215	0.0173	0.0042	0.0058	0.0058	0.0000	0.0157	0.0115	0.0042	0.0466	0.0413	0.0053	0.0116	0.0114	0.0002	0.0350	0.0299	0.0051	0.0678	0.0455	0.0222	0.0248	0.0243	0.0006	0.0429	0.0213	0.0216	0.0687	0.0401	0.3883	0.0235	0.0233	12.6904	0.0745	0.0350	0.3930	0.3176	0.3809	0.1881	0.2342	0.2400	0.0000	0.3659	0.5416	0.1933
71	128	0.0862	8	0	0	0	0	0	0	0	0	N	N	N	N	N	N	N	N	N	N	N	N	0.3747	0.2333	1.7971	0.5192	0.4789	9.2476	0.3501	0.1458	1.6449	0.0129	0.0098	0.0351	0.0233	0.0218	0.1017	0.0095	0.0054	0.0324	0.0343	0.0421	0.0195	0.0449	0.0455	0.0110	0.0271	0.0368	0.0197	0.4893	0.2438	-0.0000	-0.0003	1.1783	2.6246	0.9542	0.7212	0.0004	0.0003	0.0001	0.0002	0.0002	0.0000	0.0002	0.0001	0.0001	0.0008	0.0007	0.0002	0.0004	0.0004	0.0000	0.0004	0.0002	0.0002	0.0336	0.0295	0.0040	0.0082	0.0080	0.0002	0.0254	0.0215	0.0039	0.0242	0.0159	0.0083	0.0098	0.0096	0.0002	0.0144	0.0063	0.0082	0.3747	0.2333	1.7971	0.5192	0.4789	9.2476	0.3501	0.1458	1.6449	0.0343	0.0421	0.0195	0.0449	0.0455	0.0110	0.0271	0.0368	0.0197
71	129	0.0804	7	0	0	0	0	0	0	0	0	N	N	N	N	N	N	N	N	N	N	N	N	9.6758	5.5373	41.3574	26.3832	12.2968	1396.8262	3.9880	3.1000	8.8286	0.0142	0.0085	0.0556	0.0427	0.0202	0.9201	0.0055	0.0043	0.0120	0.0015	0.0015	0.0013	0.0016	0.0016	0.0007	0.0014	0.0014	0.0014	0.9161	0.4000	0.0001	-0.0000	1.1783	3.3474	0.9542	1.3769	0.0006	0.0003	0.0003	0.0004	0.0002	0.0002	0.0002	0.0001	0.0001	0.0000	0.0000	0.0000	0.0000	0.0000	0.0000	0.0000	0.0000	0.0000	0.0389	0.0342	0.0048	0.0091	0.0089	0.0002	0.0298	0.0253	0.0045	0.0267	0.0184	0.0083	0.0100	0.0098	0.0002	0.0167	0.0086	0.0081	9.6758	5.5373	41.3574	26.3832	12.2968	1396.8262	3.9880	3.1000	8.8286	0.0015	0.0015	0.0013	0.0016	0.0016	0.0007	0.0014	0.0014	0.0014
71	130	0.0715	6	0	0	0	0	0	0	0	0	N	N	N	N	N	N	N	N	N	N	N	N	10.9437	12.0466	14.9855	10.8632	10.2427	92.2817	11.2057	235.1898	12.8614	0.0352	0.0317	0.0663	0.0526	0.0500	0.2821	0.0256	0.0200	0.0573	0.0032	0.0026	0.0044	0.0048	0.0049	0.0031	0.0023	0.0001	0.0045	0.2349	0.8162	-0.0001	-0.0000	1.1783	0.4686	0.9542	4.0374	0.0004	0.0003	0.0001	0.0002	0.0002	0.0000	0.0002	0.0001	0.0001	0.0001	0.0000	0.0000	0.0000	0.0000	0.0000	0.0000	0.0000	0.0000	0.0101	0.0091	0.0010	0.0036	0.0036	0.0000	0.0065	0.0055	0.0010	0.0253	0.0170	0.0083	0.0092	0.0090	0.0002	0.0160	0.0080	0.0081	10.9437	12.0466	14.9855	10.8632	10.2427	92.2817	11.2057	235.1898	12.8614	0.0032	0.0026	0.0044	0.0048	0.0049	0.0031	0.0023	0.0001	0.0045
72	73	0.0688	5	0	0	0	0	0	0	0	0	N	N	N	N	N	N	N	N	N	N	N	N	0.1387	0.0742	1.0110	0.0192	0.0191	0.0000	0.6788	2.4848	1.0263	0.0034	0.0024	0.0102	0.0014	0.0014	0.0000	0.0039	0.0027	0.0107	0.0247	0.0330	0.0101	0.0712	0.0739	0.0000	0.0057	0.0011	0.0104	0.6057	0.1727	-0.0000	-0.0012	2.0762	4.0673	1.4610	17.8409	0.0002	0.0002	0.0001	0.0000	0.0000	0.0000	0.0002	0.0001	0.0001	0.0032	0.0027	0.0005	0.0026	0.0026	0.0000	0.0005	0.0000	0.0005	0.0705	0.0616	0.0089	0.0120	0.0116	0.0004	0.0585	0.0499	0.0086	0.1275	0.0815	0.0460	0.0370	0.0357	0.0013	0.0905	0.0458	0.0447	0.1387	0.0742	1.0110	0.0192	0.0191	0.0000	0.6788	2.4848	1.0263	0.0247	0.0330	0.0101	0.0712	0.0739	0.0000	0.0057	0.0011	0.0104
72	75	0.2055	9	0	0	0	0	0	0	0	0	N	N	N	N	N	N	N	N	N	N	N	N	29.8290	0.0148	515.2360	93.1432	0.0382	122030.5692	0.0080	0.0016	0.0584	10.6589	0.0064	94.4206	29.3837	0.0150	664.4047	0.0033	0.0008	0.0170	0.3573	0.4319	0.1833	0.3155	0.3935	0.0054	0.4109	0.5311	0.2905	1883.3040	0.1818	0.5793	-0.0645	2.0762	3.5843	1.4610	46.7516	0.9368	0.0005	0.9363	0.9367	0.0005	0.9362	0.0002	0.0000	0.0001	0.1657	0.1402	0.0255	0.0821	0.0818	0.0003	0.0836	0.0584	0.0252	0.0879	0.0780	0.0099	0.0319	0.0305	0.0014	0.0560	0.0475	0.0085	0.4638	0.3247	0.1391	0.2603	0.2080	0.0523	0.2035	0.1167	0.0868	29.8290	0.0148	515.2360	93.1432	0.0382	122030.5692	0.0080	0.0017	0.0584	0.3573	0.4319	0.1833	0.3155	0.3935	0.0054	0.4109	0.5004	0.2905
72	76	0.1707	15	1	1	1	0	0	0	0	0	N	N	N	N	N	N	N	N	N	N	N	N	0.0000	0.0000	0.0000	0.0000	0.0000	0.0000	0.0000	0.0000	0.0000	0.0000	0.0000	0.0000	0.0000	0.0000	0.0000	0.0000	0.0000	0.0000	0.0000	0.0000	0.0000	0.0000	0.0000	0.0000	0.0000	0.0000	0.0000	0.5691	0.0000	-0.0000	2.0762	1.0003	1.4610	1.0071	0.0000	0.0000	0.0000	0.0000	0.0000	0.0000	0.0000	0.0000	0.0000	0.0000	0.0000	0.0000	0.0000	0.0000	0.0000	0.0000	0.0000	0.0000	0.0147	0.0128	0.0019	0.0030	0.0029	0.0001	0.0117	0.0099	0.0017	0.0126	0.0083	0.0044	0.0047	0.0045	0.0002	0.0079	0.0038	0.0041	0.0000	0.0000	0.0000	0.0000	0.0000	0.0000	0.0000	0.0000	0.0000	0.0000	0.0000	0.0000	0.0000	0.0000	0.0000	0.0000	0.0000	0.0000	
72	77	0.1639	14	1	0	1	0	0	0	0	0	N	N	N	N	N	N	N	N	N	N	N	N	0.0217	0.0000	0.0967	0.0333	0.0000	0.0361	0.0245	0.0000	0.1089	0.0000	0.0000	0.0002	0.0001	0.0000	0.0016	0.0000	0.0000	0.0001	0.0013	0.0010	0.0023	0.0021	0.0014	0.0438	0.0007	0.0004	0.0011	inf	0.8427	0.0000	-0.0000	2.0762	0.9901	1.4610	2.2068	0.0000	0.0000	0.0000	0.0000	0.0000	0.0000	0.0000	0.0000	0.0000	0.0001	0.0000	0.0000	0.0000	0.0000	0.0000	0.0000	0.0000	0.0000	0.0148	0.0129	0.0019	0.0031	0.0029	0.0001	0.0117	0.0100	0.0018	0.0469	0.0347	0.0122	0.0203	0.0200	0.0003	0.0266	0.0147	0.0119	0.0217	0.0000	0.0967	0.0333	0.0000	0.0361	0.0245	0.0000	0.1089	0.0013	0.0010	0.0023	0.0021	0.0014	0.0438	0.0007	0.0004	0.0011
72	78	0.0863	6	0	1	0	0	0	0	0	0	N	N	N	N	N	N	N	N	N	N	N	N	0.0042	0.0059	0.0001	0.0008	0.0009	0.0000	0.0072	26.8608	0.0001	0.0085	0.0097	0.0002	0.0030	0.0032	0.0000	0.0101	0.0117	0.0002	2.0315	1.6557	2.7844	3.6337	3.3850	0.0252	1.4045	0.0004	2.9032	0.0027	0.8396	-0.0005	-0.0280	2.0762	8.4371	1.4610	15.3349	0.0012	0.0012	0.0000	0.0001	0.0001	0.0000	0.0011	0.0011	0.0000	0.3234	0.1758	0.1476	0.1758	0.1758	0.0001	0.1476	0.0000	0.1476	0.1451	0.1272	0.0179	0.0317	0.0302	0.0015	0.1134	0.0970	0.0164	0.1592	0.1062	0.0530	0.0541	0.0519	0.0022	0.1051	0.0543	0.0508	0.0042	0.0059	0.0001	0.0009	0.0009	0.0000	0.0072	26.8608	0.0001	2.0315	1.6557	2.7844	3.2491	3.3850	0.0252	1.4045	0.0004	2.9032
72	79	0.1639	14	1	0	1	0	0	0	0	0	N	N	N	N	N	N	N	N	N	N	N	N	0.1157	0.0929	0.0000	0.3570	0.4173	0.0000	0.0002	0.0001	0.0000	0.4790	0.5489	0.0000	2.3500	2.4602	0.0000	0.0006	0.0007	0.0000	4.1399	5.9106	0.0014	6.5830	5.8947	0.0089	3.1156	5.9296	0.0011	0.0000	0.0001	-0.0080	-0.1769	2.0762	3.0096	1.4610	5.7427	0.0211	0.0211	0.0000	0.0211	0.0211	0.0000	0.0000	0.0000	0.0000	0.3259	0.3258	0.0000	0.1770	0.1770	0.0000	0.1489	0.1488	0.0000	0.0441	0.0385	0.0056	0.0090	0.0086	0.0004	0.0351	0.0299	0.0052	0.0787	0.0551	0.0236	0.0309	0.0300	0.0009	0.0478	0.0251	0.0227	0.1157	0.0929	0.0000	0.4107	0.4173	0.0000	0.0002	0.0001	0.0000	4.1399	5.9106	0.0014	5.7220	5.8947	0.0089	3.1156	5.9296	0.0011
72	80	0.1483	13	1	0	1	0	0	0	0	0	N	N	N	N	N	N	N	N	N	N	N	N	23.0961	15.7896	77.3485	33.8127	35.5957	0.2595	19.3873	0.0439	88.4339	0.0531	0.0372	0.1694	0.1393	0.1442	0.0015	0.0266	0.0000	0.1816	0.0023	0.0024	0.0022	0.0041	0.0041	0.0059	0.0014	0.0007	0.0021	0.6217	0.4934	0.0000	-0.0000	2.0762	1.0477	1.4610	6.1154	0.0009	0.0006	0.0004	0.0006	0.0006	0.0000	0.0004	0.0000	0.0004	0.0001	0.0001	0.0000	0.0001	0.0001	0.0000	0.0000	0.0000	0.0000	0.0174	0.0153	0.0021	0.0041	0.0040	0.0001	0.0133	0.0114	0.0020	0.0489	0.0319	0.0170	0.0165	0.0159	0.0006	0.0324	0.0161	0.0164	23.0961	15.7896	77.3485	33.8127	35.5957	0.2595	19.3873	0.0439	88.4339	0.0023	0.0024	0.0022	0.0041	0.0041	0.0059	0.0014	0.0007	0.0021
72	81	0.1418	12	0	0	0	0	0	0	0	0	N	N	N	N	N	N	N	N	N	N	N	N	173.2791	1.8056	1008.0408	20.9412	4.1298	inf	276.4304	2.5081	1002.0231	0.7114	0.0061	5.4712	0.1357	0.0280	2.4986	0.8323	0.0009	5.6565	0.0041	0.0034	0.0054	0.0065	0.0068	0.0000	0.0030	0.0004	0.0056	133.0907	0.8905	0.0131	-0.0000	2.0762	1.9794	1.4610	1.0196	0.0214	0.0002	0.0212	0.0007	0.0001	0.0006	0.0207	0.0000	0.0207	0.0001	0.0000	0.0000	0.0000	0.0000	0.0000	0.0000	0.0000	0.0000	0.0301	0.0262	0.0039	0.0052	0.0050	0.0002	0.0249	0.0212	0.0037	0.0193	0.0124	0.0069	0.0061	0.0058	0.0003	0.0132	0.0066	0.0066	173.2791	1.8056	1008.0408	20.9412	4.1298	inf	276.4304	2.5081	1002.0231	0.0041	0.0034	0.0054	0.0065	0.0068	0.0000	0.0030	0.0004	0.0056
72	82	0.1397	11	0	0	0	0	0	0	0	0	N	N	N	N	N	N	N	N	N	N	N	N	2.9683	0.9568	12.8743	9.1737	2.5998	inf	1.1228	27.7730	3.7955	0.0140	0.0036	0.0835	0.0694	0.0205	1.1095	0.0038	0.0001	0.0256	0.0047	0.0038	0.0065	0.0076	0.0079	0.0000	0.0034	0.0000	0.0067	3.5016	0.9651	0.0001	-0.0000	2.0762	1.0114	1.4610	0.0202	0.0002	0.0000	0.0002	0.0002	0.0000	0.0001	0.0000	0.0000	0.0000	0.0000	0.0000	0.0000	0.0000	0.0000	0.0000	0.0000	0.0000	0.0000	0.0154	0.0134	0.0020	0.0024	0.0023	0.0001	0.0130	0.0111	0.0019	0.0069	0.0044	0.0025	0.0022	0.0021	0.0001	0.0047	0.0023	0.0024	2.9683	0.9568	12.8743	9.1737	2.5998	inf	1.1228	27.7730	3.7955	0.0047	0.0038	0.0065	0.0076	0.0079	0.0000	0.0034	0.0000	0.0067
72	83	0.1191	10	0	0	0	0	0	0	0	0	N	N	N	N	N	N	N	N	N	N	N	N	190.0690	224.5212	90.7776	280.1682	301.2435	0.0078	209.9765	50246.0809	103.3520	0.4072	0.4332	0.2293	1.1599	1.2084	0.0001	0.2500	0.2513	0.2425	0.0021	0.0019	0.0025	0.0041	0.0040	0.0071	0.0012	0.0000	0.0023	0.0774	0.7258	-0.0118	-0.0000	2.0762	5.9223	1.4610	3.6882	0.0381	0.0353	0.0027	0.0187	0.0187	0.0000	0.0193	0.0166	0.0027	0.0001	0.0001	0.0001	0.0001	0.0001	0.0000	0.0001	0.0000	0.0001	0.0935	0.0816	0.0119	0.0162	0.0155	0.0006	0.0774	0.0661	0.0113	0.0635	0.0408	0.0226	0.0205	0.0196	0.0009	0.0430	0.0212	0.0218	190.0690	224.5212	90.7776	280.1682	301.2435	0.0078	209.9765	50246.0809	103.3520	0.0021	0.0019	0.0025	0.0041	0.0040	0.0071	0.0012	0.0000	0.0023
72	84	0.1062	8	0	1	0	0	0	0	0	0	N	N	N	N	N	N	N	N	N	N	N	N	0.0034	0.0031	0.0002	0.0002	0.0002	0.0005	0.0117	0.0197	0.0002	0.0015	0.0017	0.0000	0.0002	0.0003	0.0000	0.0018	0.0021	0.0000	0.4416	0.5677	0.1986	1.0356	1.0862	0.0394	0.1550	0.1072	0.2063	0.0031	0.1815	-0.0001	-0.0372	2.0762	7.1084	1.4610	28.8937	0.0002	0.0002	0.0000	0.0000	0.0000	0.0000	0.0002	0.0002	0.0000	0.0954	0.0808	0.0147	0.0728	0.0727	0.0001	0.0226	0.0081	0.0145	0.1097	0.0956	0.0141	0.0202	0.0191	0.0011	0.0895	0.0764	0.0130	0.2161	0.1423	0.0738	0.0703	0.0669	0.0034	0.1458	0.0754	0.0704	0.0034	0.0031	0.0002	0.0002	0.0002	0.0005	0.0117	0.0197	0.0002	0.4416	0.5677	0.1986	1.0356	1.0862	0.0394	0.1550	0.1072	0.2063
72	85	0.0987	7	0	1	0	0	0	0	0	0	N	N	N	N	N	N	N	N	N	N	N	N	0.0551	0.0741	0.0248	0.0855	0.0910	0.0009	0.0252	0.1826	0.0301	0.0018	0.0019	0.0012	0.0038	0.0040	0.0001	0.0006	0.0005	0.0015	0.0324	0.0250	0.0496	0.0448	0.0445	0.0558	0.0246	0.0026	0.0494	0.0832	0.8499	-0.0000	-0.0002	2.0762	2.2208	1.4610	3.9129	0.0001	0.0001	0.0000	0.0001	0.0001	0.0000	0.0000	0.0000	0.0000	0.0020	0.0011	0.0009	0.0011	0.0010	0.0000	0.0009	0.0001	0.0009	0.0556	0.0494	0.0062	0.0202	0.0191	0.0011	0.0354	0.0303	0.0051	0.0611	0.0427	0.0183	0.0236	0.0229	0.0007	0.0375	0.0198	0.0176	0.0551	0.0741	0.0248	0.0855	0.0910	0.0009	0.0252	0.1826	0.0301	0.0324	0.0250	0.0496	0.0448	0.0445	0.0558	0.0246	0.0026	0.0494
72	86	0.1742	9	0	0	1	0	0	0	0	0	N	N	N	N	N	N	N	N	N	N	N	N	0.1583	0.0205	0.8579	0.0324	0.0480	0.0000	0.5250	0.0000	1.9032	0.0006	0.0001	0.0045	0.0003	0.0003	0.0000	0.0007	0.0000	0.0048	0.0038	0.0029	0.0053	0.0081	0.0057	0.0378	0.0013	0.0000	0.0025	10.1962	0.9761	0.0000	-0.0000	2.0762	5.3425	1.4610	7.0749	0.0001	0.0000	0.0000	0.0000	0.0000	0.0000	0.0000	0.0000	0.0000	0.0003	0.0002	0.0001	0.0002	0.0002	0.0001	0.0001	0.0000	0.0001	0.0914	0.0804	0.0110	0.0186	0.0179	0.0007	0.0728	0.0625	0.0103	0.0803	0.0519	0.0284	0.0292	0.0270	0.0022	0.0511	0.0249	0.0262	0.1583	0.0205	0.8579	0.0324	0.0480	0.0000	0.5250	0.0000	1.9032	0.0038	0.0029	0.0053	0.0081	0.0057	0.0378	0.0013	0.0000	0.0025
72	87	0.1310	8	0	0	0	0	0	0	0	0	N	N	N	N	N	N	N	N	N	N	N	N	0.0641	0.0914	0.0015	0.1189	0.1775	0.0002	0.0032	0.0347	0.0040	0.0038	0.0043	0.0001	0.0145	0.0151	0.0001	0.0001	0.0000	0.0001	0.0599	0.0473	0.0869	0.1222	0.0853	0.7143	0.0163	0.0011	0.0329	0.0039	0.8569	-0.0002	-0.0008	2.0762	7.0719	1.4610	13.7350	0.0005	0.0005	0.0000	0.0005	0.0005	0.0000	0.0000	0.0000	0.0000	0.0102	0.0055	0.0047	0.0086	0.0054	0.0031	0.0016	0.0001	0.0016	0.1353	0.1198	0.0155	0.0354	0.0340	0.0014	0.0999	0.0858	0.0141	0.1707	0.1164	0.0543	0.0702	0.0638	0.0064	0.1005	0.0526	0.0479	0.0641	0.0914	0.0015	0.1189	0.1775	0.0003	0.0032	0.0347	0.0040	0.0599	0.0473	0.0869	0.1222	0.0853	0.4930	0.0163	0.0011	0.0329
72	88	0.1743	16	1	0	1	0	0	0	0	0	N	N	N	N	N	N	N	N	N	N	N	N	0.0000	0.0000	0.0000	0.0000	0.0000	0.0000	0.0000	0.0000	0.0000	0.0000	0.0000	0.0000	0.0000	0.0000	0.0000	0.0000	0.0000	0.0000	0.0000	0.0000	2.0762	0.0000	1.4610	0.0000	0.0000	0.0000	0.0000	0.0000	0.0000	0.0000	0.0000	0.0000	0.0000	0.0000	0.0000	0.0000	0.0000	0.0000	0.0000	0.0000	0.0000	0.0000	0.0000	0.0000	0.0000	0.0000	0.0000	0.0000	0.0000	0.0000	0.0000	0.0000	0.0000	0.0000	0.0000	0.0000	0.0000	0.0000	0.0000	0.0000	0.0000	0.0000	0.0000	0.0000	0.0000	0.0000	0.0000	0.0000	0.0000	0.0000	0.0000	0.0000	0.0000	0.0000	0.0000	0.0000	0.0000	0.0000											
72	89	0.1723	15	1	0	1	0	0	0	0	0	N	N	N	N	N	N	N	N	N	N	N	N	100131.1361	0.0000	7833824.2306	76851.5556	0.0000	17573095.4654	0.0000	0.0000	0.0000	6.1858	0.0000	57.5583	11.2514	0.0000	351.0848	0.0000	0.0000	0.0000	0.0001	0.0001	0.0000	0.0001	0.0002	0.0000	0.0000	0.0000	0.0000	inf	0.0381	0.0000	-0.0000	2.0762	0.0001	1.4610	0.9161	0.0000	0.0000	0.0000	0.0000	0.0000	0.0000	0.0000	0.0000	0.0000	0.0000	0.0000	0.0000	0.0000	0.0000	0.0000	0.0000	0.0000	0.0000	0.0000	0.0000	0.0000	0.0000	0.0000	0.0000	0.0000	0.0000	0.0000	0.0090	0.0062	0.0028	0.0036	0.0035	0.0001	0.0053	0.0027	0.0027	100131.1361	0.0000	7833824.2306	76851.5556	0.0000	17573095.4654	0.0000	0.0000	0.0000	0.0001	0.0001	0.0000	0.0001	0.0002	0.0000	0.0000	0.0000	0.0000
72	90	0.1475	14	1	0	1	0	0	0	0	0	N	N	N	N	N	N	N	N	N	N	N	N	9145.5179	0.6067	28101.4878	310164.2989	4.4021	1005621.2682	0.0004	0.0000	0.0016	16.2456	0.0002	129.3309	76.4820	0.0008	1452.4799	0.0000	0.0000	0.0000	0.0018	0.0003	0.0046	0.0002	0.0002	0.0014	0.0026	0.0004	0.0048	98177.2205	7.6456	0.6171	0.0000	2.0762	3.7876	1.4610	7.8440	0.9970	0.0000	0.9970	0.9970	0.0000	0.9970	0.0000	0.0000	0.0000	0.0001	0.0000	0.0001	0.0000	0.0000	0.0000	0.0001	0.0000	0.0001	0.0614	0.0537	0.0077	0.0130	0.0123	0.0007	0.0483	0.0413	0.0070	0.0733	0.0483	0.0250	0.0263	0.0250	0.0013	0.0470	0.0232	0.0238	9145.5179	0.6067	28101.4878	310164.2989	4.4021	1005621.2682	0.0004	0.0000	0.0016	0.0018	0.0003	0.0046	0.0002	0.0002	0.0014	0.0026	0.0004	0.0048
72	91	0.0583	4	0	1	0	1	0	0	0	0	N	N	N	N	N	N	N	N	N	N	N	N	0.0007	0.0004	0.8206	0.0000	0.0000	0.0087	0.0013	0.0006	1.0580	0.0018	0.0015	0.0038	0.0001	0.0001	0.0002	0.0022	0.0019	0.0039	2.5901	4.0894	0.0046	5.2183	4.7348	0.0203	1.7340	3.5207	0.0037	0.3450	0.0007	-0.0000	-0.1751	2.0762	1.8247	1.4610	16.3284	0.0001	0.0000	0.0000	0.0000	0.0000	0.0000	0.0001	0.0000	0.0000	0.3229	0.3227	0.0002	0.1751	0.1750	0.0000	0.1478	0.1477	0.0002	0.0370	0.0326	0.0045	0.0080	0.0078	0.0002	0.0290	0.0248	0.0043	0.1247	0.0789	0.0458	0.0394	0.0370	0.0024	0.0853	0.0419	0.0433	0.0007	0.0004	0.8206	0.0000	0.0000	0.0087	0.0013	0.0006	1.0580	2.5901	4.0894	0.0046	4.4424	4.7348	0.0203	1.7340	3.5207	0.0037
72	92	0.0688	5	0	1	0	0	0	0	0	0	N	N	N	N	N	N	N	N	N	N	N	N	0.1911	0.3498	0.1376	13.5409	13.8983	0.0000	0.0580	0.0556	0.1399	0.0004	0.0004	0.0005	0.0017	0.0017	0.0000	0.0002	0.0001	0.0005	0.0020	0.0010	0.0037	0.0001	0.0001	0.0001	0.0027	0.0017	0.0038	0.2102	2.0135	-0.0000	0.0000	2.0762	9.1310	1.4610	16.1726	0.0001	0.0000	0.0000	0.0000	0.0000	0.0000	0.0000	0.0000	0.0000	0.0003	0.0001	0.0002	0.0000	0.0000	0.0000	0.0003	0.0001	0.0002	0.1433	0.1246	0.0187	0.0207	0.0198	0.0008	0.1226	0.1048	0.0178	0.1445	0.0924	0.0521	0.0418	0.0402	0.0015	0.1027	0.0522	0.0506	0.1911	0.3498	0.1376	13.5409	13.8983	0.0000	0.0580	0.0556	0.1399	0.0020	0.0010	0.0037	0.0001	0.0001	0.0001	0.0027	0.0017	0.0038
72	93	0.0253	3	0	1	0	0	0	0	0	0	N	N	N	N	N	N	N	N	N	N	N	N	0.0423	0.0311	0.1113	0.1353	0.1368	0.0112	0.0392	8.6360	0.1128	0.0122	0.0083	0.0350	0.0590	0.0599	0.0054	0.0080	0.0030	0.0353	0.2876	0.2679	0.3142	0.4363	0.4381	0.4813	0.2037	0.0003	0.3126	0.7089	0.8727	0.0000	-0.0034	2.0762	4.0959	1.4610	8.7137	0.0008	0.0005	0.0004	0.0003	0.0003	0.0000	0.0005	0.0002	0.0004	0.0440	0.0235	0.0205	0.0241	0.0235	0.0006	0.0199	0.0000	0.0199	0.0696	0.0595	0.0100	0.0057	0.0056	0.0001	0.0639	0.0539	0.0099	0.1529	0.0877	0.0652	0.0552	0.0536	0.0016	0.0977	0.0341	0.0636	0.0423	0.0311	0.1113	0.1353	0.1368	0.0144	0.0392	8.6360	0.1128	0.2876	0.2679	0.3142	0.4363	0.4381	0.3759	0.2037	0.0003	0.3126
72	94	0.0070	2	0	1	0	0	0	0	0	0	N	N	N	N	N	N	N	N	N	N	N	N	1.4896	1.1483	2.3726	2.0359	2.0287	0.0000	1.3008	0.0008	2.3666	0.9408	0.6489	1.6956	1.9183	1.9192	0.0000	0.6254	0.0000	1.6964	0.6316	0.5651	0.7147	0.9422	0.9461	0.0239	0.4808	0.0264	0.7168	1.0104	1.0115	0.0097	-0.0026	2.0762	2.9443	1.4610	6.1524	0.0801	0.0398	0.0403	0.0398	0.0398	0.0000	0.0403	0.0000	0.0403	0.0655	0.0326	0.0329	0.0319	0.0319	0.0000	0.0336	0.0006	0.0329	0.0851	0.0614	0.0237	0.0208	0.0208	0.0000	0.0644	0.0406	0.0237	0.1037	0.0576	0.0461	0.0339	0.0338	0.0001	0.0698	0.0239	0.0460	1.4896	1.1483	2.3726	2.0359	2.0287	0.0000	1.3008	0.0008	2.3666	0.6316	0.5651	0.7147	0.9422	0.9461	0.0239	0.4808	0.0264	0.7168
72	98	0.1475	14	0	1	0	0	0	0	0	0	N	N	N	N	N	N	N	N	N	N	N	N	57.9816	260.5783	0.0089	927.9557	1264.1534	0.0318	0.0020	0.0000	0.0078	0.0627	0.0711	0.0000	0.2111	0.2231	0.0000	0.0000	0.0000	0.0000	0.0011	0.0003	0.0026	0.0002	0.0002	0.0012	0.0016	0.0004	0.0027	0.0000	5.0259	-0.0006	0.0000	2.0762	1.3608	1.4610	12.1483	0.0016	0.0016	0.0000	0.0016	0.0016	0.0000	0.0000	0.0000	0.0000	0.0001	0.0000	0.0001	0.0000	0.0000	0.0000	0.0001	0.0000	0.0001	0.0253	0.0223	0.0030	0.0075	0.0071	0.0004	0.0178	0.0152	0.0026	0.0835	0.0549	0.0286	0.0298	0.0283	0.0014	0.0537	0.0266	0.0271	57.9816	260.5783	0.0089	927.9557	1264.1534	0.0318	0.0020	0.0000	0.0078	0.0011	0.0003	0.0026	0.0002	0.0002	0.0012	0.0016	0.0004	0.0027
72	99	0.1438	13	0	0	0	0	0	0	0	0	N	N	N	N	N	N	N	N	N	N	N	N	127.1047	44.1669	675.2925	380.0240	118.6015	inf	0.0686	0.0000	0.3327	0.0801	0.0279	0.4233	0.3331	0.1084	3.2957	0.0000	0.0000	0.0002	0.0006	0.0006	0.0006	0.0009	0.0009	0.0000	0.0005	0.0003	0.0007	2.3071	0.4960	0.0007	-0.0000	2.0762	1.5300	1.4610	0.7696	0.0023	0.0007	0.0016	0.0023	0.0007	0.0016	0.0000	0.0000	0.0000	0.0000	0.0000	0.0000	0.0000	0.0000	0.0000	0.0000	0.0000	0.0000	0.0284	0.0247	0.0038	0.0068	0.0063	0.0005	0.0216	0.0183	0.0033	0.0169	0.0113	0.0056	0.0063	0.0061	0.0003	0.0106	0.0052	0.0054	127.1047	44.1669	675.2925	380.0240	118.6015	inf	0.0686	0.0000	0.3327	0.0006	0.0006	0.0006	0.0009	0.0009	0.0000	0.0005	0.0003	0.0007
72	100	0.1350	12	0	0	0	0	0	0	0	0	N	N	N	N	N	N	N	N	N	N	N	N	2269.8128	340.1653	8519.3463	14819.5298	1047.2381	inf	187.1222	0.0000	672.2739	0.0142	0.0011	0.1021	0.0804	0.0060	1.7716	0.0013	0.0000	0.0085	0.0000	0.0000	0.0000	0.0000	0.0000	0.0000	0.0000	0.0000	0.0000	14.0718	2.0191	0.0004	0.0000	2.0762	3.6906	1.4610	1.4800	0.0008	0.0001	0.0008	0.0007	0.0001	0.0007	0.0001	0.0000	0.0001	0.0000	0.0000	0.0000	0.0000	0.0000	0.0000	0.0000	0.0000	0.0000	0.0567	0.0493	0.0074	0.0093	0.0089	0.0004	0.0474	0.0405	0.0070	0.0334	0.0218	0.0117	0.0116	0.0109	0.0006	0.0218	0.0108	0.0110	2269.8128	340.1653	8519.3463	14819.5298	1047.2381	inf	187.1222	0.0000	672.2739	0.0000	0.0000	0.0000	0.0000	0.0000	0.0000	0.0000	0.0000	0.0000
72	101	0.1350	11	0	0	0	0	0	0	0	0	N	N	N	N	N	N	N	N	N	N	N	N	950.9234	714.5401	2774.2734	1195.7321	1105.0835	inf	826.3906	443.9895	2591.3576	0.0420	0.0245	0.1780	0.0674	0.0661	0.1621	0.0299	0.0012	0.1787	0.0000	0.0000	0.0001	0.0001	0.0001	0.0000	0.0000	0.0000	0.0001	0.9367	0.9290	0.0000	-0.0000	2.0762	0.1361	1.4610	0.4500	0.0002	0.0001	0.0001	0.0001	0.0001	0.0000	0.0001	0.0000	0.0001	0.0000	0.0000	0.0000	0.0000	0.0000	0.0000	0.0000	0.0000	0.0000	0.0040	0.0035	0.0005	0.0013	0.0013	0.0000	0.0027	0.0023	0.0004	0.0049	0.0033	0.0016	0.0019	0.0018	0.0001	0.0030	0.0015	0.0015	950.9234	714.5401	2774.2734	1195.7321	1105.0835	inf	826.3906	443.9895	2591.3576	0.0000	0.0000	0.0001	0.0001	0.0001	0.0000	0.0000	0.0000	0.0001
72	102	0.1191	10	0	0	0	0	0	0	0	0	N	N	N	N	N	N	N	N	N	N	N	N	5.4294	6.0480	5.8798	3.4467	3.1016	7.6360	8.7816	1865.3003	5.2578	0.0113	0.0107	0.0156	0.0132	0.0113	0.0636	0.0108	0.0105	0.0127	0.0021	0.0018	0.0026	0.0038	0.0036	0.0083	0.0012	0.0000	0.0024	0.2096	0.8300	-0.0001	-0.0000	2.0762	3.5591	1.4610	4.5341	0.0007	0.0006	0.0001	0.0001	0.0001	0.0000	0.0005	0.0004	0.0001	0.0001	0.0001	0.0001	0.0001	0.0001	0.0000	0.0000	0.0000	0.0000	0.0595	0.0520	0.0075	0.0113	0.0109	0.0004	0.0482	0.0412	0.0071	0.0545	0.0351	0.0194	0.0177	0.0170	0.0007	0.0368	0.0181	0.0187	5.4294	6.0480	5.8798	3.4467	3.1016	7.6360	8.7816	1865.3003	5.2578	0.0021	0.0018	0.0026	0.0038	0.0036	0.0083	0.0012	0.0000	0.0024
72	103	0.0974	9	0	0	0	0	0	0	0	0	N	N	N	N	N	N	N	N	N	N	N	N	262.3166	335.4766	0.2889	0.1000	0.1008	0.0012	523.2201	42314.0890	0.2983	18.6630	21.3567	0.0244	0.0130	0.0133	0.0001	22.8210	26.8143	0.0253	0.0711	0.0637	0.0845	0.1298	0.1319	0.0765	0.0436	0.0006	0.0847	0.0002	0.7464	-0.3803	-0.0006	2.0762	2.8937	1.4610	8.0733	0.9983	0.9981	0.0002	0.0001	0.0001	0.0000	0.9982	0.9980	0.0002	0.0053	0.0030	0.0023	0.0031	0.0030	0.0001	0.0022	0.0000	0.0022	0.0535	0.0467	0.0068	0.0098	0.0095	0.0002	0.0437	0.0372	0.0065	0.0740	0.0474	0.0266	0.0236	0.0227	0.0009	0.0504	0.0246	0.0257	262.3166	335.4766	0.2889	0.1000	0.1008	0.0012	523.2201	42314.0890	0.2983	0.0711	0.0637	0.0845	0.1298	0.1319	0.0765	0.0436	0.0006	0.0847
72	104	0.0922	5	0	1	0	0	0	0	0	0	N	N	N	N	N	N	N	N	N	N	N	N	149.9230	1.9375	622.7042	2.9012	3.8818	0.0000	279.7117	0.0031	899.5708	4.9125	0.0475	35.7568	0.1217	0.1239	0.0000	7.3456	0.0000	37.3271	0.0328	0.0245	0.0574	0.0420	0.0319	0.2616	0.0263	0.0162	0.0415	118.7207	0.7835	0.0023	-0.0001	2.0762	0.0277	1.4610	1.3445	0.0037	0.0000	0.0037	0.0000	0.0000	0.0000	0.0037	0.0000	0.0037	0.0005	0.0003	0.0002	0.0003	0.0002	0.0001	0.0003	0.0001	0.0002	0.0008	0.0007	0.0001	0.0003	0.0002	0.0000	0.0005	0.0004	0.0001	0.0165	0.0124	0.0041	0.0068	0.0065	0.0003	0.0097	0.0058	0.0038	149.9230	1.9375	622.7042	2.9012	3.8818	0.0000	279.7117	0.0031	899.5708	0.0328	0.0245	0.0574	0.0420	0.0319	0.2616	0.0263	0.0162	0.0415
72	105	0.0455	4	0	1	0	0	0	0	0	0	N	N	N	N	N	N	N	N	N	N	N	N	248.3643	0.1147	2209.5430	0.3223	0.3393	0.0016	383.2073	0.0331	2399.3325	11.0433	0.0056	83.0713	0.0225	0.0234	0.0002	13.4587	0.0011	87.6016	0.0445	0.0484	0.0376	0.0698	0.0689	0.1187	0.0351	0.0338	0.0365	2291.6465	0.4499	0.5646	-0.0014	2.0762	5.1414	1.4610	16.4151	0.9128	0.0004	0.9124	0.0003	0.0003	0.0000	0.9125	0.0001	0.9124	0.0059	0.0041	0.0018	0.0025	0.0024	0.0001	0.0034	0.0016	0.0017	0.0827	0.0717	0.0110	0.0149	0.0143	0.0006	0.0678	0.0574	0.0104	0.1324	0.0838	0.0486	0.0357	0.0350	0.0006	0.0967	0.0487	0.0479	248.3643	0.1147	2209.5430	0.3223	0.3393	0.0016	383.2073	0.0331	2399.3325	0.0445	0.0484	0.0376	0.0698	0.0689	0.1187	0.0351	0.0338	0.0365
72	106	0.0373	3	0	0	0	0	0	0	0	0	N	N	N	N	N	N	N	N	N	N	N	N	0.0942	0.0412	0.3675	0.0864	0.0935	0.0000	0.1155	0.7324	0.3978	0.0198	0.0067	0.1044	0.0256	0.0266	0.0000	0.0189	0.0031	0.1091	0.2104	0.1637	0.2842	0.2956	0.2849	1.0310	0.1635	0.0042	0.2741	2.3883	1.0990	0.0004	-0.0002	2.0762	3.8974	1.4610	1.6364	0.0012	0.0004	0.0009	0.0002	0.0002	0.0000	0.0010	0.0001	0.0009	0.0126	0.0060	0.0066	0.0063	0.0060	0.0003	0.0063	0.0001	0.0063	0.0624	0.0541	0.0083	0.0087	0.0084	0.0004	0.0537	0.0457	0.0080	0.0601	0.0368	0.0233	0.0213	0.0209	0.0004	0.0387	0.0159	0.0229	0.0942	0.0412	0.3675	0.0864	0.0935	0.0000	0.1155	0.7324	0.3978	0.2104	0.1637	0.2842	0.2956	0.2849	0.8302	0.1635	0.0042	0.2741
72	109	0.1277	10	1	1	0	1	0	0	0	0	N	N	N	N	N	N	N	N	N	N	N	N	0.0000	0.0000	0.0000	0.0000	0.0000	0.0000	0.0000	0.0000	0.0000	0.0000	0.0000	0.0000	0.0000	0.0000	0.0000	0.0000	0.0000	0.0000	0.0000	0.0000	2.0762	0.0000	1.4610	0.0000	0.0000	0.0000	0.0000	0.0000	0.0000	0.0000	0.0000	0.0000	0.0000	0.0000	0.0000	0.0000	0.0000	0.0000	0.0000	0.0000	0.0000	0.0000	0.0000	0.0000	0.0000	0.0000	0.0000	0.0000	0.0000	0.0000	0.0000	0.0000	0.0000	0.0000	0.0000	0.0000	0.0000	0.0000	0.0000	0.0000	0.0000	0.0000	0.0000	0.0000	0.0000	0.0000	0.0000	0.0000	0.0000	0.0000	0.0000	0.0000	0.0000	0.0000	0.0000	0.0000	0.0000	0.0000											
72	110	0.1128	9	1	1	0	1	0	0	0	0	N	N	N	N	N	N	N	N	N	N	N	N	0.0000	0.0000	0.0000	0.0000	0.0000	0.0000	0.0000	0.0000	0.0000	0.0000	0.0000	0.0000	0.0000	0.0019	0.0029	0.0000	0.0055	0.0058	0.0000	0.0000	0.0000	0.0000	0.0000	0.0000	-0.0000	2.0762	0.0000	1.4610	7.1240	0.0000	0.0000	0.0000	0.0000	0.0000	0.0000	0.0000	0.0000	0.0000	0.0001	0.0001	0.0000	0.0001	0.0001	0.0000	0.0000	0.0000	0.0000	0.0000	0.0000	0.0000	0.0000	0.0000	0.0000	0.0000	0.0000	0.0000	0.0470	0.0307	0.0163	0.0162	0.0152	0.0009	0.0308	0.0154	0.0154	0.0000	0.0000	0.0000	0.0000	0.0000	0.0000	0.0000	0.0000	0.0000	0.0019	0.0029	0.0000	0.0055	0.0058	0.0000	0.0000	0.0000	0.0000						
72	111	0.1217	11	0	1	0	1	0	0	0	0	N	N	N	N	N	N	N	N	N	N	N	N	0.0000	0.0000	0.0000	0.0000	0.0000	0.0000	0.0000	0.0000	0.0000	0.0000	0.0000	0.0000	0.0000	0.0000	0.0000	0.0000	0.0000	0.0000	0.0000	0.0000	0.0000	0.0000	0.0000	0.0000	0.0000	0.0458	0.0000	-0.0000	2.0762	0.0016	1.4610	5.0076	0.0000	0.0000	0.0000	0.0000	0.0000	0.0000	0.0000	0.0000	0.0000	0.0000	0.0000	0.0000	0.0000	0.0000	0.0000	0.0000	0.0000	0.0000	0.0001	0.0001	0.0000	0.0000	0.0000	0.0000	0.0000	0.0000	0.0000	0.0325	0.0214	0.0111	0.0120	0.0110	0.0009	0.0206	0.0104	0.0102	0.0000	0.0000	0.0000	0.0000	0.0000	0.0000	0.0000	0.0000	0.0000	0.0000	0.0000	0.0000	0.0000	0.0000	0.0000	0.0000	0.0000	0.0000			
72	112	0.1149	10	0	1	0	1	0	0	0	0	N	N	N	N	N	N	N	N	N	N	N	N	0.0000	0.0000	0.0000	0.0000	0.0000	0.0000	0.0000	0.0000	0.0000	0.0000	0.0000	0.0000	0.0000	0.0000	0.0000	0.0000	0.0000	0.0013	0.0020	0.0000	0.0035	0.0037	0.0000	0.0000	0.0000	0.0000	0.0078	0.0000	-0.0000	2.0762	1.0012	1.4610	2.1373	0.0000	0.0000	0.0000	0.0000	0.0000	0.0000	0.0000	0.0000	0.0000	0.0000	0.0000	0.0000	0.0000	0.0000	0.0000	0.0000	0.0000	0.0000	0.0149	0.0130	0.0020	0.0020	0.0019	0.0001	0.0129	0.0110	0.0019	0.0223	0.0146	0.0077	0.0082	0.0077	0.0005	0.0141	0.0069	0.0072	0.0000	0.0000	0.0000	0.0000	0.0000	0.0000	0.0000	0.0000	0.0000	0.0013	0.0020	0.0000	0.0035	0.0037	0.0000	0.0000	0.0000	0.0000		
72	113	0.1232	10	0	1	0	0	0	0	0	0	N	N	N	N	N	N	N	N	N	N	N	N	0.0000	0.0000	0.0000	0.0000	0.0000	0.0000	0.0000	0.0000	0.0000	0.0000	0.0000	0.0000	0.0000	0.0000	0.0000	0.0000	0.0000	0.0000	0.0001	0.0000	0.0000	0.0000	0.0000	0.0000	0.0001	42.6060	0.0000	0.0000	2.0762	0.9705	1.4610	5.0371	0.0000	0.0000	0.0000	0.0000	0.0000	0.0000	0.0000	0.0000	0.0000	0.0000	0.0000	0.0000	0.0000	0.0000	0.0000	0.0000	0.0000	0.0000	0.0170	0.0149	0.0021	0.0036	0.0034	0.0002	0.0134	0.0115	0.0020	0.0394	0.0260	0.0134	0.0137	0.0129	0.0008	0.0257	0.0130	0.0126	0.0000	0.0000	0.0000	0.0000	0.0000	0.0000	0.0000	0.0000	0.0000	0.0000	0.0000	0.0001	0.0000	0.0000	0.0000	0.0000	0.0000	0.0001			
72	114	0.1149	10	0	0	1	1	0	0	0	0	N	N	N	N	N	N	N	N	N	N	N	N	0.0000	0.0000	0.0000	0.0000	0.0000	0.0000	0.0000	0.0000	0.0000	0.0000	0.0000	0.0000	0.0000	0.0031	0.0047	0.0000	0.0080	0.0084	0.0000	0.0000	0.0000	0.0000	0.0000	0.0000	-0.0000	2.0762	0.0000	1.4610	1.1303	0.0000	0.0000	0.0000	0.0000	0.0000	0.0000	0.0000	0.0000	0.0000	0.0000	0.0000	0.0000	0.0000	0.0000	0.0000	0.0000	0.0000	0.0000	0.0000	0.0000	0.0000	0.0000	0.0000	0.0000	0.0000	0.0000	0.0000	0.0094	0.0061	0.0033	0.0036	0.0034	0.0002	0.0058	0.0027	0.0031	0.0000	0.0000	0.0000	0.0000	0.0000	0.0000	0.0000	0.0000	0.0000	0.0031	0.0047	0.0000	0.0080	0.0084	0.0000	0.0000	0.0000	0.0000						
72	115	0.1128	9	0	0	0	1	0	0	0	0	N	N	N	N	N	N	N	N	N	N	N	N	0.0000	0.0000	0.0000	0.0000	0.0000	0.0000	0.0000	0.0000	0.0000	0.0000	0.0000	0.0000	0.0000	0.0000	0.0000	0.0000	0.0000	0.0049	0.0038	0.0070	0.0066	0.0069	0.0000	0.0039	0.0000	0.0074	0.9945	0.0000	-0.0000	2.0762	0.0000	1.4610	1.2340	0.0000	0.0000	0.0000	0.0000	0.0000	0.0000	0.0000	0.0000	0.0000	0.0000	0.0000	0.0000	0.0000	0.0000	0.0000	0.0000	0.0000	0.0000	0.0000	0.0000	0.0000	0.0000	0.0000	0.0000	0.0000	0.0000	0.0000	0.0101	0.0066	0.0035	0.0038	0.0036	0.0002	0.0064	0.0030	0.0034	0.0000	0.0000	0.0000	0.0000	0.0000	0.0000	0.0000	0.0000	0.0000	0.0049	0.0038	0.0070	0.0066	0.0069	0.0000	0.0039	0.0000	0.0074		
72	116	0.1203	10	0	0	1	1	0	0	0	0	N	N	N	N	N	N	N	N	N	N	N	N	179.3598	73.0921	15895.6874	25.5571	25.6266	0.0000	inf	inf	inf	0.0115	0.0069	0.0441	0.0046	0.0048	0.0000	0.0132	0.0075	0.0479	0.0001	0.0001	0.0000	0.0002	0.0002	0.0000	0.0000	0.0000	0.0000	0.8981	0.0146	0.0000	-0.0000	2.0762	0.9725	1.4610	0.9874	0.0002	0.0001	0.0001	0.0000	0.0000	0.0000	0.0002	0.0001	0.0001	0.0000	0.0000	0.0000	0.0000	0.0000	0.0000	0.0000	0.0000	0.0000	0.0161	0.0141	0.0020	0.0032	0.0031	0.0002	0.0129	0.0110	0.0018	0.0132	0.0088	0.0044	0.0047	0.0044	0.0003	0.0085	0.0044	0.0041	179.3598	73.0921	15895.6874	25.5571	25.6266	0.0000	inf	inf	inf	0.0001	0.0001	0.0000	0.0002	0.0002	0.0000	0.0000	0.0000	0.0000
72	117	0.1203	10	0	0	1	1	0	0	0	0	N	N	N	N	N	N	N	N	N	N	N	N	1.0917	38.5620	0.0000	25.1186	24.2339	0.5386	inf	0.0000	0.0203	0.0222	0.0000	0.0272	0.0280	0.0000	0.0152	0.0175	0.0000	0.0186	0.0006	0.0543	0.0011	0.0012	0.0000	0.0282	0.0000	0.0581	0.0000	47.5670	-0.0000	0.0002	2.0762	0.0285	1.4610	4.0215	0.0000	0.0000	0.0000	0.0000	0.0000	0.0000	0.0000	0.0000	0.0000	0.0005	0.0000	0.0005	0.0000	0.0000	0.0000	0.0005	0.0000	0.0005	0.0017	0.0015	0.0001	0.0007	0.0007	0.0000	0.0010	0.0008	0.0001	0.0263	0.0175	0.0088	0.0093	0.0087	0.0006	0.0170	0.0087	0.0083	1.0917	38.5620	0.0000	25.1186	24.2339	0.0000	0.5386	inf	0.0000	0.0186	0.0006	0.0543	0.0011	0.0012	0.0000	0.0282	0.0000	0.0581	
72	118	0.1128	9	0	0	1	1	0	0	0	0	N	N	N	N	N	N	N	N	N	N	N	N	2679.7503	2073.0216	6.2908	3548.1513	3524.4799	0.0000	35526.5612	1328287.1420	6.2674	2.2624	2.6084	0.0004	8.3903	8.8216	0.0000	1.2947	1.5158	0.0004	0.0008	0.0013	0.0001	0.0024	0.0025	0.0000	0.0000	0.0000	0.0001	0.0000	0.0286	-0.0386	-0.0000	2.0762	3.0275	1.4610	2.1573	0.1013	0.1012	0.0000	0.0512	0.0512	0.0000	0.0500	0.0500	0.0000	0.0000	0.0000	0.0000	0.0000	0.0000	0.0000	0.0000	0.0000	0.0000	0.0448	0.0388	0.0059	0.0061	0.0058	0.0003	0.0387	0.0330	0.0056	0.0351	0.0229	0.0122	0.0122	0.0115	0.0007	0.0229	0.0114	0.0115	2679.7503	2073.0216	6.2908	3548.1513	3524.4799	0.0000	35526.5612	1328287.1420	6.2674	0.0008	0.0013	0.0001	0.0024	0.0025	0.0000	0.0000	0.0000	0.0001
72	119	0.1540	9	1	1	0	0	0	0	0	0	N	N	N	N	N	N	N	N	N	N	N	N	0.0009	0.0013	0.0001	0.0024	0.0024	0.0000	0.0001	0.5957	0.0001	0.0004	0.0004	0.0000	0.0015	0.0015	0.0000	0.0000	0.0000	0.0000	0.4451	0.3281	0.6655	0.6023	0.6294	0.0035	0.3581	0.0001	0.6963	0.0117	1.0761	-0.0000	-0.0004	2.0762	2.1883	1.4610	3.1271	0.0000	0.0000	0.0000	0.0000	0.0000	0.0000	0.0000	0.0000	0.0000	0.0163	0.0078	0.0084	0.0078	0.0078	0.0000	0.0084	0.0000	0.0084	0.0409	0.0364	0.0045	0.0100	0.0096	0.0004	0.0309	0.0268	0.0041	0.0365	0.0239	0.0127	0.0130	0.0124	0.0006	0.0235	0.0114	0.0121	0.0009	0.0013	0.0001	0.0024	0.0024	0.0000	0.0001	0.5957	0.0001	0.4451	0.3281	0.6655	0.6023	0.6294	0.0035	0.3581	0.0001	0.6963
72	120	0.0871	8	1	1	0	0	0	0	0	0	N	N	N	N	N	N	N	N	N	N	N	N	43.3654	34.6715	30.8035	477.1340	476.2620	32.4709	19.2857	12.1088	30.9656	0.5016	0.5604	0.1033	1.9316	2.0055	0.0000	0.2858	0.3155	0.1073	0.0116	0.0162	0.0034	0.0040	0.0042	0.0000	0.0148	0.0261	0.0035	0.0272	0.1161	-0.0379	-0.0009	2.0762	13.6104	1.4610	16.0982	0.1069	0.1041	0.0028	0.0540	0.0540	0.0000	0.0529	0.0501	0.0028	0.0020	0.0018	0.0002	0.0002	0.0002	0.0000	0.0018	0.0016	0.0002	0.2131	0.1857	0.0274	0.0279	0.0269	0.0010	0.1852	0.1588	0.0264	0.1748	0.1121	0.0627	0.0528	0.0508	0.0020	0.1220	0.0613	0.0607	43.3654	34.6715	30.8035	477.1340	476.2620	32.4709	19.2857	12.1088	30.9656	0.0116	0.0162	0.0034	0.0040	0.0042	0.0000	0.0148	0.0261	0.0035
72	121	0.1123	10	0	1	0	0	0	0	0	0	N	N	N	N	N	N	N	N	N	N	N	N	0.0106	0.0073	0.0485	0.0018	0.0017	0.0141	0.0229	0.0110	0.8641	0.0016	0.0013	0.0039	0.0003	0.0003	0.0045	0.0023	0.0021	0.0038	0.1463	0.1779	0.0796	0.1912	0.1708	0.3222	0.1023	0.1888	0.0044	0.3186	0.2124	-0.0000	-0.0037	2.0762	0.3548	1.4610	4.6068	0.0000	0.0000	0.0000	0.0000	0.0000	0.0000	0.0000	0.0000	0.0000	0.0102	0.0084	0.0018	0.0066	0.0049	0.0017	0.0036	0.0035	0.0001	0.0179	0.0162	0.0017	0.0071	0.0070	0.0001	0.0108	0.0092	0.0017	0.0694	0.0471	0.0223	0.0344	0.0285	0.0059	0.0351	0.0186	0.0165	0.0106	0.0073	0.0485	0.0018	0.0017	0.0156	0.0229	0.0110	0.8641	0.1463	0.1779	0.0796	0.1912	0.1708	0.2902	0.1023	0.1888	0.0044
72	122	0.0974	9	0	1	0	0	0	0	0	0	N	N	N	N	N	N	N	N	N	N	N	N	0.0279	0.0200	0.1202	0.0683	0.0674	0.0044	0.0082	0.0035	0.1349	0.0073	0.0080	0.0028	0.0275	0.0280	0.0003	0.0016	0.0014	0.0029	0.2631	0.3989	0.0235	0.4023	0.4150	0.0789	0.1956	0.3955	0.0215	0.0489	0.0333	-0.0001	-0.0071	2.0762	1.6911	1.4610	5.7022	0.0003	0.0003	0.0000	0.0002	0.0002	0.0000	0.0000	0.0000	0.0000	0.0138	0.0134	0.0004	0.0069	0.0069	0.0001	0.0069	0.0065	0.0004	0.0359	0.0315	0.0044	0.0079	0.0078	0.0001	0.0279	0.0237	0.0042	0.0525	0.0335	0.0190	0.0172	0.0165	0.0006	0.0354	0.0170	0.0184	0.0279	0.0200	0.1202	0.0683	0.0674	0.0044	0.0082	0.0036	0.1349	0.2631	0.3989	0.0235	0.4023	0.4150	0.0789	0.1956	0.3834	0.0215
72	123	0.0871	8	0	0	0	0	0	0	0	0	N	N	N	N	N	N	N	N	N	N	N	N	0.2369	0.2524	0.0634	0.0385	0.0379	0.0527	0.4080	0.7722	0.0636	0.0046	0.0050	0.0012	0.0012	0.0012	0.0001	0.0058	0.0066	0.0012	0.0196	0.0200	0.0189	0.0305	0.0314	0.0010	0.0143	0.0085	0.0194	0.0281	0.5479	-0.0001	-0.0001	2.0762	2.0929	1.4610	3.1856	0.0002	0.0002	0.0000	0.0000	0.0000	0.0000	0.0002	0.0002	0.0000	0.0008	0.0005	0.0003	0.0004	0.0004	0.0000	0.0004	0.0001	0.0003	0.0521	0.0466	0.0055	0.0133	0.0131	0.0002	0.0388	0.0335	0.0053	0.0391	0.0248	0.0144	0.0128	0.0124	0.0004	0.0263	0.0123	0.0140	0.2369	0.2524	0.0634	0.0385	0.0379	0.0527	0.4080	0.7722	0.0636	0.0196	0.0200	0.0189	0.0305	0.0314	0.0010	0.0143	0.0085	0.0194
72	124	0.1278	11	1	1	0	0	0	0	0	0	N	N	N	N	N	N	N	N	N	N	N	N	0.0000	0.0000	0.0000	0.0000	0.0000	0.0000	0.0000	0.0000	0.0000	0.0000	0.0000	0.0000	0.0000	0.0000	0.0000	0.0000	0.0000	0.0000	0.0000	0.0000	2.0762	0.0000	1.4610	0.0000	0.0000	0.0000	0.0000	0.0000	0.0000	0.0000	0.0000	0.0000	0.0000	0.0000	0.0000	0.0000	0.0000	0.0000	0.0000	0.0000	0.0000	0.0000	0.0000	0.0000	0.0000	0.0000	0.0000	0.0000	0.0000	0.0000	0.0000	0.0000	0.0000	0.0000	0.0000	0.0000	0.0000	0.0000	0.0000	0.0000	0.0000	0.0000	0.0000	0.0000	0.0000	0.0000	0.0000	0.0000	0.0000	0.0000	0.0000	0.0000	0.0000	0.0000	0.0000	0.0000	0.0000	0.0000											
72	125	0.1232	10	1	1	0	0	0	0	0	0	N	N	N	N	N	N	N	N	N	N	N	N	0.0000	0.0000	0.0000	0.0000	0.0000	0.0000	0.0000	0.0000	0.0000	0.0000	0.0000	0.0000	0.0000	0.0000	0.0000	0.0000	0.0001	0.0000	0.0002	0.0000	0.0000	0.0000	0.0001	0.0000	0.0002	42.6060	0.0000	0.0000	2.0762	0.1434	1.4610	1.9839	0.0000	0.0000	0.0000	0.0000	0.0000	0.0000	0.0000	0.0000	0.0000	0.0000	0.0000	0.0000	0.0000	0.0000	0.0000	0.0000	0.0000	0.0000	0.0047	0.0042	0.0005	0.0018	0.0018	0.0001	0.0028	0.0024	0.0004	0.0151	0.0100	0.0051	0.0054	0.0051	0.0003	0.0097	0.0049	0.0048	0.0000	0.0000	0.0000	0.0000	0.0000	0.0000	0.0000	0.0000	0.0000	0.0001	0.0000	0.0002	0.0000	0.0000	0.0000	0.0001	0.0000	0.0002			
72	126	0.1128	9	0	1	0	0	0	0	0	0	N	N	N	N	N	N	N	N	N	N	N	N	0.0000	0.0000	0.0000	0.0000	0.0000	0.0000	0.0000	0.0000	0.0000	0.0000	0.0000	0.0000	0.0000	0.0000	0.0000	0.0000	0.0000	0.0000	0.0058	0.0000	0.0167	0.0000	0.0000	0.0000	0.0089	0.0000	0.0177	1137.5329	0.0000	0.0001	2.0762	1.8882	1.4610	2.9115	0.0000	0.0000	0.0000	0.0000	0.0000	0.0000	0.0000	0.0000	0.0000	0.0002	0.0000	0.0002	0.0000	0.0000	0.0000	0.0002	0.0000	0.0002	0.0281	0.0243	0.0037	0.0038	0.0036	0.0002	0.0242	0.0207	0.0035	0.0327	0.0213	0.0114	0.0114	0.0108	0.0006	0.0213	0.0106	0.0108	0.0000	0.0000	0.0000	0.0000	0.0000	0.0000	0.0000	0.0000	0.0000	0.0058	0.0000	0.0167	0.0000	0.0000	0.0000	0.0089	0.0000	0.0177	
72	127	0.0871	8	0	0	0	0	0	0	0	0	N	N	N	N	N	N	N	N	N	N	N	N	0.0121	0.0199	0.0137	0.0108	0.0106	5.3325	0.0108	0.0163	0.0137	0.0009	0.0008	0.0019	0.0002	0.0002	0.0000	0.0011	0.0010	0.0020	0.0753	0.0391	0.1392	0.0166	0.0173	0.0000	0.1020	0.0587	0.1435	0.3185	2.0162	-0.0000	0.0008	2.0762	3.5543	1.4610	9.0319	0.0001	0.0001	0.0000	0.0000	0.0000	0.0000	0.0001	0.0000	0.0000	0.0063	0.0021	0.0042	0.0004	0.0004	0.0000	0.0058	0.0016	0.0042	0.0735	0.0651	0.0085	0.0152	0.0149	0.0003	0.0583	0.0501	0.0082	0.0834	0.0532	0.0302	0.0261	0.0251	0.0009	0.0573	0.0281	0.0292	0.0121	0.0199	0.0137	0.0108	0.0106	5.3325	0.0108	0.0163	0.0137	0.0753	0.0391	0.1392	0.0166	0.0173	0.0000	0.1020	0.0587	0.1435
72	128	0.0834	7	0	0	0	0	0	0	0	0	N	N	N	N	N	N	N	N	N	N	N	N	0.0642	0.0381	0.2395	0.0885	0.0881	0.1877	0.0666	0.0707	0.2421	0.0023	0.0013	0.0100	0.0047	0.0048	0.0015	0.0018	0.0003	0.0103	0.0365	0.0333	0.0419	0.0534	0.0544	0.0081	0.0263	0.0038	0.0426	1.1019	0.7419	0.0000	-0.0001	2.0762	2.6246	1.4610	0.7212	0.0001	0.0001	0.0001	0.0000	0.0000	0.0000	0.0001	0.0000	0.0001	0.0012	0.0007	0.0005	0.0006	0.0006	0.0000	0.0005	0.0000	0.0005	0.0527	0.0463	0.0065	0.0104	0.0102	0.0002	0.0423	0.0361	0.0062	0.0321	0.0202	0.0119	0.0120	0.0117	0.0003	0.0201	0.0084	0.0116	0.0642	0.0381	0.2395	0.0885	0.0881	0.1877	0.0666	0.0707	0.2421	0.0365	0.0333	0.0419	0.0534	0.0544	0.0081	0.0263	0.0038	0.0426
72	129	0.0776	6	0	0	0	0	0	0	0	0	N	N	N	N	N	N	N	N	N	N	N	N	4.2063	5.3600	0.7298	12.8648	12.8343	13.8739	0.7449	3.0070	0.6007	0.0040	0.0044	0.0009	0.0195	0.0200	0.0038	0.0005	0.0005	0.0007	0.0009	0.0008	0.0012	0.0015	0.0016	0.0003	0.0007	0.0002	0.0012	0.0278	0.7372	-0.0001	-0.0000	2.0762	3.3474	1.4610	1.3769	0.0002	0.0002	0.0000	0.0002	0.0002	0.0000	0.0000	0.0000	0.0000	0.0000	0.0000	0.0000	0.0000	0.0000	0.0000	0.0000	0.0000	0.0000	0.0605	0.0529	0.0076	0.0111	0.0108	0.0003	0.0494	0.0422	0.0072	0.0335	0.0221	0.0114	0.0109	0.0106	0.0004	0.0225	0.0115	0.0110	4.2063	5.3600	0.7298	12.8648	12.8343	13.8739	0.7449	3.0070	0.6007	0.0009	0.0008	0.0012	0.0015	0.0016	0.0003	0.0007	0.0002	0.0012
72	130	0.0688	5	0	0	0	0	0	0	0	0	N	N	N	N	N	N	N	N	N	N	N	N	0.8978	1.5594	0.8249	1.2905	1.2569	inf	0.6689	42.1146	0.8169	0.0018	0.0017	0.0031	0.0029	0.0029	0.0013	0.0013	0.0010	0.0031	0.0020	0.0011	0.0037	0.0022	0.0023	0.0000	0.0020	0.0000	0.0038	0.2031	1.9346	-0.0000	0.0000	2.0762	0.4686	1.4610	4.0374	0.0000	0.0000	0.0000	0.0000	0.0000	0.0000	0.0000	0.0000	0.0000	0.0001	0.0000	0.0000	0.0000	0.0000	0.0000	0.0000	0.0000	0.0000	0.0166	0.0149	0.0017	0.0056	0.0055	0.0000	0.0110	0.0094	0.0016	0.0310	0.0199	0.0111	0.0096	0.0093	0.0003	0.0214	0.0105	0.0108	0.8978	1.5594	0.8249	1.2905	1.2569	inf	0.6689	42.1146	0.8169	0.0020	0.0011	0.0037	0.0022	0.0023	0.0000	0.0020	0.0000	0.0038
73	75	0.1836	5	0	0	0	0	0	0	0	0	N	N	N	N	N	N	N	N	N	N	N	N	0.7250	12.4272	0.0005	2.9642	3.4231	0.0195	0.5875	1558.2241	0.0002	1.1886	1.4406	0.0023	0.6958	0.7410	0.0108	1.4850	1.9623	0.0010	1.6395	0.1159	4.5316	0.2347	0.2165	0.5553	2.5277	0.0013	5.0488	0.0003	20.5930	-0.1037	1.1932	4.0673	3.5843	17.8409	46.7516	0.2724	0.2723	0.0001	0.0599	0.0598	0.0001	0.2125	0.2125	0.0000	2.9051	0.1345	2.7706	0.1611	0.1339	0.0273	2.7440	0.0007	2.7433	0.2292	0.1891	0.0402	0.0861	0.0808	0.0053	0.1431	0.1083	0.0348	1.7720	1.1606	0.6114	0.6864	0.6184	0.0680	1.0856	0.5422	0.5434	0.7250	12.4272	0.0005	2.9642	3.4231	0.0270	0.5875	1558.2241	0.0002	1.6395	0.1159	4.5316	0.2347	0.2165	0.4007	2.5277	0.0013	5.0488
73	76	0.1488	11	1	1	1	0	0	0	0	0	N	N	N	N	N	N	N	N	N	N	N	N	0.0000	0.0000	0.0000	0.0000	0.0000	0.0000	0.0000	0.0000	0.0000	0.0000	0.0000	0.0000	0.0000	0.0000	0.0000	0.0000	0.0000	0.0000	0.0000	0.0000	0.0000	0.0000	inf	0.0000	0.0000	4.0673	1.0003	17.8409	1.0071	0.0000	0.0000	0.0000	0.0000	0.0000	0.0000	0.0000	0.0000	0.0000	0.0000	0.0000	0.0000	0.0000	0.0000	0.0000	0.0000	0.0000	0.0000	0.0321	0.0282	0.0039	0.0070	0.0067	0.0003	0.0251	0.0215	0.0036	0.0442	0.0246	0.0196	0.0072	0.0065	0.0007	0.0369	0.0180	0.0189	0.0000	0.0000	0.0000	0.0000	0.0000	0.0000	0.0000	0.0000	0.0000	0.0000	0.0000	0.0000	0.0000	0.0000	0.0000	0.0000	0.0000	0.0000						
73	77	0.1420	10	1	0	1	0	0	0	0	0	N	N	N	N	N	N	N	N	N	N	N	N	0.0000	0.0000	0.0000	0.0000	0.0000	0.0000	0.0000	0.0000	0.0000	0.0000	0.0000	0.0000	0.0000	0.0000	0.0000	0.0000	0.0000	0.0000	0.0000	0.0000	0.0000	0.0000	0.0000	0.0000	0.0888	0.0000	-0.0000	4.0673	0.9901	17.8409	2.2068	0.0000	0.0000	0.0000	0.0000	0.0000	0.0000	0.0000	0.0000	0.0000	0.0000	0.0000	0.0000	0.0000	0.0000	0.0000	0.0000	0.0000	0.0000	0.0322	0.0283	0.0039	0.0070	0.0068	0.0003	0.0252	0.0216	0.0036	0.1556	0.1116	0.0439	0.0526	0.0517	0.0010	0.1029	0.0600	0.0430	0.0000	0.0000	0.0000	0.0000	0.0000	0.0000	0.0000	0.0000	0.0000	0.0000	0.0000	0.0000	0.0000	0.0000	0.0000	0.0000	0.0000	0.0000				
73	78	0.0645	2	0	1	0	0	0	0	0	0	N	N	N	N	N	N	N	N	N	N	N	N	0.8602	126.4911	0.0000	59.0600	59.5432	0.0000	0.4146	5839701.5147	0.0000	2.0458	2.7297	0.0000	4.0893	4.2507	0.0000	1.1860	1.7970	0.0000	2.3783	0.0216	5.2839	0.0692	0.0714	0.0080	2.8606	0.0000	5.3538	0.0000	198.5999	-0.3847	0.7781	4.0673	8.4371	17.8409	15.3349	1.0095	1.0095	0.0000	0.5975	0.5975	0.0000	0.4119	0.4119	0.0000	1.7214	0.0086	1.7128	0.0087	0.0086	0.0000	1.7127	0.0000	1.7127	0.4934	0.3698	0.1236	0.1461	0.1406	0.0056	0.3473	0.2292	0.1181	0.7238	0.3996	0.3241	0.1250	0.1208	0.0042	0.5987	0.2788	0.3199	0.8602	126.4911	0.0000	59.0600	59.5432	0.0000	0.4146	5839701.5147	0.0000	2.3783	0.0216	5.2839	0.0692	0.0714	0.0080	2.8606	0.0000	5.3538
73	79	0.1420	10	1	0	1	0	0	0	0	0	N	N	N	N	N	N	N	N	N	N	N	N	0.0000	0.0000	0.0000	0.0000	0.0000	0.0000	0.0000	0.0000	0.0000	0.0000	0.0000	0.0000	0.0000	0.0001	0.0002	0.0000	0.0004	0.0005	0.0000	0.0000	0.0000	0.0000	0.0000	0.0000	-0.0000	4.0673	3.0096	17.8409	5.7427	0.0000	0.0000	0.0000	0.0000	0.0000	0.0000	0.0000	0.0000	0.0000	0.0000	0.0000	0.0000	0.0000	0.0000	0.0000	0.0000	0.0000	0.0000	0.0960	0.0844	0.0115	0.0207	0.0199	0.0008	0.0753	0.0646	0.0108	0.2705	0.1748	0.0957	0.0679	0.0653	0.0026	0.2026	0.1094	0.0931	0.0000	0.0000	0.0000	0.0000	0.0000	0.0000	0.0000	0.0000	0.0000	0.0001	0.0002	0.0000	0.0004	0.0005	0.0000	0.0000	0.0000	0.0000						
73	80	0.1264	9	1	0	1	0	0	0	0	0	N	N	N	N	N	N	N	N	N	N	N	N	0.0000	0.0000	0.0000	0.0000	0.0000	0.0000	0.0000	0.0000	0.0000	0.0000	0.0000	0.0000	0.0000	0.0000	0.0000	0.0000	0.0000	0.0000	0.4971	0.0299	1.1160	0.1249	0.1077	0.6150	0.5719	0.0000	1.1310	28.1737	0.0000	0.0381	4.0673	1.0477	17.8409	6.1154	0.0000	0.0000	0.0000	0.0000	0.0000	0.0000	0.0000	0.0000	0.0000	0.0900	0.0031	0.0869	0.0038	0.0031	0.0007	0.0862	0.0000	0.0862	0.0375	0.0332	0.0043	0.0091	0.0088	0.0003	0.0284	0.0244	0.0040	0.1811	0.1032	0.0779	0.0303	0.0287	0.0017	0.1508	0.0746	0.0763	0.0000	0.0000	0.0000	0.0000	0.0000	0.0000	0.0000	0.0000	0.0000	0.4971	0.0299	1.1160	0.1249	0.1077	0.4242	0.5719	0.0000	1.1310	
73	81	0.1199	8	0	0	0	0	0	0	0	0	N	N	N	N	N	N	N	N	N	N	N	N	0.0000	0.0000	0.0000	0.0000	0.0000	0.0000	0.0000	0.0000	0.0000	0.0000	0.0000	0.0000	0.0000	0.0000	0.0000	0.0000	0.0000	0.0000	13.3245	0.0885	55.9949	0.0239	0.0244	0.0185	14.8037	0.1016	54.0766	275.1034	0.0000	0.4151	4.0673	1.9794	17.8409	1.0196	0.0000	0.0000	0.0000	0.0000	0.0000	0.0000	0.0000	0.0000	0.0000	0.9156	0.0033	0.9122	0.0002	0.0002	0.0000	0.9154	0.0032	0.9122	0.0653	0.0573	0.0080	0.0123	0.0118	0.0005	0.0530	0.0455	0.0075	0.0687	0.0375	0.0312	0.0069	0.0064	0.0005	0.0618	0.0311	0.0307	0.0000	0.0000	0.0000	0.0000	0.0000	0.0000	0.0000	0.0000	0.0000	13.3245	0.0885	29.2071	0.0239	0.0244	0.0185	14.8037	0.1016	29.6920	
73	82	0.1178	7	0	0	0	0	0	0	0	0	N	N	N	N	N	N	N	N	N	N	N	N	0.0151	0.0252	0.0000	0.0221	0.0215	0.0050	0.2291	0.0000	0.0015	0.0017	0.0000	0.0069	0.0072	0.0000	0.0004	0.0004	0.0000	0.0986	0.0676	0.1361	0.3146	0.3351	0.0000	0.0705	0.0018	0.1383	0.0000	1.6661	-0.0000	0.0002	4.0673	1.0114	17.8409	0.0202	0.0000	0.0000	0.0000	0.0000	0.0000	0.0000	0.0000	0.0000	0.0000	0.0025	0.0009	0.0015	0.0009	0.0009	0.0000	0.0016	0.0000	0.0015	0.0336	0.0294	0.0042	0.0058	0.0056	0.0002	0.0278	0.0238	0.0039	0.0251	0.0137	0.0114	0.0029	0.0027	0.0002	0.0222	0.0110	0.0112	0.0151	0.0252	0.0000	0.0221	0.0215	0.0000	0.0050	0.2291	0.0000	0.0986	0.0676	0.1361	0.3146	0.3351	0.0000	0.0705	0.0018	0.1383	
73	83	0.0972	6	0	0	0	0	0	0	0	0	N	N	N	N	N	N	N	N	N	N	N	N	0.0351	0.0321	0.0000	0.0265	0.0262	0.0000	0.0249	6992.7954	0.0000	0.0065	0.0073	0.0000	0.0254	0.0263	0.0000	0.0017	0.0020	0.0000	0.1850	0.2291	0.1319	0.9589	1.0042	0.0336	0.0686	0.0000	0.1332	0.0000	0.4785	-0.0005	-0.0101	4.0673	5.9223	17.8409	3.6882	0.0014	0.0014	0.0000	0.0011	0.0011	0.0000	0.0003	0.0003	0.0000	0.0460	0.0311	0.0149	0.0312	0.0311	0.0001	0.0148	0.0000	0.0148	0.2139	0.1891	0.0247	0.0432	0.0417	0.0015	0.1706	0.1474	0.0232	0.2488	0.1358	0.1129	0.0325	0.0310	0.0015	0.2163	0.1048	0.1114	0.0351	0.0321	0.0000	0.0265	0.0262	0.0000	0.0249	6992.7954	0.0000	0.1850	0.2291	0.1319	0.9589	1.0042	0.0336	0.0686	0.0000	0.1332
73	84	0.0843	4	0	1	0	0	0	0	0	0	N	N	N	N	N	N	N	N	N	N	N	N	3.5251	251.0083	0.0000	2.1056	1.9997	0.0000	3.5919	22837103.8567	0.0000	4.0470	4.7203	0.0000	0.1414	0.1460	0.0000	4.8590	5.8242	0.0000	1.1481	0.0188	2.5933	0.0671	0.0730	0.0090	1.3528	0.0000	2.6824	0.0000	107.7483	-0.3890	0.4523	4.0673	7.1084	17.8409	28.8937	1.0209	1.0209	0.0000	0.0061	0.0061	0.0000	1.0147	1.0147	0.0000	1.0099	0.0093	1.0006	0.0094	0.0093	0.0001	1.0005	0.0000	1.0005	0.2523	0.2163	0.0360	0.0434	0.0420	0.0014	0.2088	0.1742	0.0346	0.8797	0.4938	0.3859	0.1401	0.1272	0.0129	0.7396	0.3666	0.3730	3.5251	251.0083	0.0000	2.1056	1.9997	0.0000	3.5919	22837103.8567	0.0000	1.1481	0.0188	2.5933	0.0671	0.0730	0.0090	1.3528	0.0000	2.6824
73	85	0.0768	3	0	1	0	0	0	0	0	0	N	N	N	N	N	N	N	N	N	N	N	N	15.7554	33.8270	0.0968	8.5858	8.4280	0.0115	21.9928	561.4176	0.0957	0.9316	1.3755	0.0089	0.7220	0.7296	0.0001	1.0727	2.3029	0.0090	0.0591	0.0407	0.0921	0.0841	0.0866	0.0059	0.0488	0.0041	0.0943	0.0031	1.2684	-0.0927	0.0003	4.0673	2.2208	17.8409	3.9129	0.2453	0.2445	0.0008	0.0765	0.0765	0.0000	0.1688	0.1680	0.0008	0.0169	0.0074	0.0094	0.0070	0.0070	0.0000	0.0099	0.0004	0.0094	0.2633	0.1778	0.0855	0.1059	0.1048	0.0011	0.1574	0.0730	0.0844	0.2858	0.1832	0.1026	0.0838	0.0812	0.0026	0.2020	0.1020	0.1000	15.7554	33.8270	0.0968	8.5858	8.4280	0.0115	21.9928	561.4176	0.0957	0.0591	0.0407	0.0921	0.0841	0.0866	0.0059	0.0488	0.0041	0.0943
73	86	0.1523	5	0	0	1	0	0	0	0	0	N	N	N	N	N	N	N	N	N	N	N	N	0.0439	3.6134	0.0000	4.9253	4.6337	0.0000	0.0012	3.8408	0.0000	0.1341	0.1524	0.0000	0.6469	0.6668	0.0000	0.0046	0.0054	0.0000	3.0542	0.0422	6.9939	0.1313	0.1439	0.0175	3.6961	0.0014	7.2943	0.0000	126.7840	-0.0101	0.4395	4.0673	5.3425	17.8409	7.0749	0.0265	0.0265	0.0000	0.0258	0.0258	0.0000	0.0007	0.0007	0.0000	0.9783	0.0077	0.9706	0.0076	0.0075	0.0001	0.9707	0.0002	0.9705	0.1978	0.1740	0.0238	0.0399	0.0387	0.0012	0.1579	0.1353	0.0226	0.3203	0.1815	0.1388	0.0577	0.0519	0.0057	0.2626	0.1296	0.1331	0.0439	3.6134	0.0000	4.9253	4.6337	0.0000	0.0012	3.8408	0.0000	3.0542	0.0422	6.9939	0.1313	0.1439	0.0175	3.6961	0.0014	7.2943
73	87	0.1092	4	0	0	0	0	0	0	0	0	N	N	N	N	N	N	N	N	N	N	N	N	1.4559	25.6541	0.0124	22.6347	21.6118	0.8107	0.3483	419.5386	0.0121	2.0735	2.6163	0.0435	5.3132	5.4946	0.0161	0.6443	0.8886	0.0448	1.4242	0.1020	3.4958	0.2347	0.2542	0.0199	1.8502	0.0021	3.7032	0.0044	21.8777	-0.3023	0.4256	4.0673	7.0719	17.8409	13.7350	0.8027	0.7992	0.0036	0.6296	0.6296	0.0001	0.1731	0.1696	0.0035	1.0298	0.0450	0.9848	0.0448	0.0444	0.0003	0.9850	0.0006	0.9845	0.3871	0.3055	0.0817	0.1185	0.1146	0.0039	0.2686	0.1909	0.0778	0.7231	0.4414	0.2817	0.1907	0.1748	0.0159	0.5324	0.2665	0.2658	1.4559	25.6541	0.0124	22.6347	21.6118	0.8107	0.3483	419.5386	0.0121	1.4242	0.1020	3.4958	0.2347	0.2542	0.0199	1.8502	0.0021	3.7032
73	88	0.1524	12	1	0	1	0	0	0	0	0	N	N	N	N	N	N	N	N	N	N	N	N	0.0000	0.0000	0.0000	0.0000	0.0000	0.0000	0.0000	0.0000	0.0000	0.0000	0.0000	0.0000	0.0000	0.0000	0.0000	0.0000	0.0000	0.0000	0.0000	0.0000	4.0673	0.0000	17.8409	0.0000	0.0000	0.0000	0.0000	0.0000	0.0000	0.0000	0.0000	0.0000	0.0000	0.0000	0.0000	0.0000	0.0000	0.0000	0.0000	0.0000	0.0000	0.0000	0.0000	0.0000	0.0000	0.0000	0.0000	0.0000	0.0000	0.0000	0.0000	0.0000	0.0000	0.0000	0.0000	0.0000	0.0000	0.0000	0.0000	0.0000	0.0000	0.0000	0.0000	0.0000	0.0000	0.0000	0.0000	0.0000	0.0000	0.0000	0.0000	0.0000	0.0000	0.0000	0.0000	0.0000	0.0000	0.0000											
73	89	0.1504	11	1	0	1	0	0	0	0	0	N	N	N	N	N	N	N	N	N	N	N	N	0.0000	0.0000	0.0000	0.0000	0.0000	0.0000	0.0000	0.0000	0.0000	0.0000	0.0000	0.0000	0.0000	0.0000	0.0000	0.0000	0.0000	0.2209	0.3404	0.0000	0.7196	0.7444	0.0000	0.0001	0.0001	0.0000	0.0000	0.0000	-0.0048	4.0673	0.0001	17.8409	0.9161	0.0000	0.0000	0.0000	0.0000	0.0000	0.0000	0.0000	0.0000	0.0000	0.0089	0.0089	0.0000	0.0089	0.0089	0.0000	0.0000	0.0000	0.0000	0.0000	0.0000	0.0000	0.0000	0.0000	0.0000	0.0000	0.0000	0.0000	0.0403	0.0262	0.0142	0.0124	0.0120	0.0004	0.0279	0.0142	0.0137	0.0000	0.0000	0.0000	0.0000	0.0000	0.0000	0.0000	0.0000	0.0000	0.2209	0.3404	0.0000	0.7196	0.7444	0.0000	0.0001	0.0001	0.0000		
73	90	0.1256	10	1	0	1	0	0	0	0	0	N	N	N	N	N	N	N	N	N	N	N	N	0.0000	0.0000	0.0306	0.0000	0.0000	0.0000	0.0003	0.0000	0.0321	0.0000	0.0000	0.0001	0.0000	0.0000	0.0000	0.0000	0.0000	0.0001	3.4729	6.0308	0.0025	22.8197	22.1460	0.0001	0.0368	0.0703	0.0026	inf	0.0003	0.0000	-0.5393	4.0673	3.7876	17.8409	7.8440	0.0000	0.0000	0.0000	0.0000	0.0000	0.0000	0.0000	0.0000	0.0000	0.9939	0.9936	0.0003	0.9851	0.9851	0.0000	0.0088	0.0085	0.0003	0.1313	0.1155	0.0158	0.0258	0.0246	0.0012	0.1055	0.0909	0.0147	0.2862	0.1647	0.1214	0.0480	0.0445	0.0035	0.2382	0.1203	0.1179	0.0000	0.0000	0.0306	0.0000	0.0000	0.0000	0.0003	0.0000	0.0321	3.4729	6.0308	0.0025	20.5224	22.1460	0.0001	0.0368	0.0703	0.0026
73	91	0.0574	2	0	1	0	1	0	0	0	0	N	N	N	N	N	N	N	N	N	N	N	N	1.1428	465.8781	0.0051	25.6894	41.3982	0.0000	1.2512	7334989.5666	0.0051	4.4630	6.6509	0.0416	2.4823	2.5016	0.0000	5.5730	11.3809	0.0420	3.9052	0.0143	8.1463	0.0966	0.0604	2.7144	4.4543	0.0000	8.1844	0.0031	523.5094	-0.3044	0.9240	4.0673	1.8247	17.8409	16.3284	0.8054	0.8029	0.0025	0.1609	0.1609	0.0000	0.6445	0.6420	0.0025	2.0302	0.0039	2.0263	0.0063	0.0039	0.0025	2.0238	0.0000	2.0238	0.1805	0.1207	0.0597	0.0648	0.0643	0.0005	0.1157	0.0564	0.0592	0.5199	0.2711	0.2487	0.0655	0.0640	0.0015	0.4544	0.2071	0.2473	1.1428	465.8781	0.0051	25.6894	41.3982	0.0000	1.2512	7334989.5666	0.0051	3.9052	0.0143	8.1463	0.0966	0.0604	1.6871	4.4543	0.0000	8.1844
73	93	0.1319	7	0	1	0	0	0	0	0	0	N	N	N	N	N	N	N	N	N	N	N	N	12614.3340	10994.8147	0.0000	8.2958	8.0931	0.0000	75679.0933	43621516.4874	0.0000	7.0369	8.0628	0.0000	0.0143	0.0147	0.0000	8.3541	9.7777	0.0000	0.0006	0.0007	0.0003	0.0017	0.0018	0.0009	0.0001	0.0000	0.0002	0.0000	0.2271	-0.3804	-0.0001	4.0673	4.0959	17.8409	8.7137	0.9982	0.9982	0.0000	0.0003	0.0003	0.0000	0.9978	0.9978	0.0000	0.0002	0.0002	0.0000	0.0002	0.0002	0.0000	0.0000	0.0000	0.0000	0.1418	0.1238	0.0180	0.0224	0.0217	0.0007	0.1194	0.1021	0.0174	0.3582	0.2220	0.1361	0.0995	0.0895	0.0099	0.2587	0.1325	0.1262	12614.3340	10994.8147	0.0000	8.2958	8.0931	0.0000	75679.0933	43621516.4874	0.0000	0.0006	0.0007	0.0003	0.0017	0.0018	0.0009	0.0001	0.0000	0.0002
73	94	0.1136	6	0	1	0	0	0	0	0	0	N	N	N	N	N	N	N	N	N	N	N	N	23.7534	20.4022	26.8195	0.3683	0.3495	0.0000	28.6727	23.7196	26.7446	0.0201	0.0208	0.0158	0.0003	0.0003	0.0000	0.0250	0.0266	0.0165	0.0008	0.0010	0.0006	0.0008	0.0008	0.0000	0.0009	0.0011	0.0006	0.1134	0.3846	-0.0006	-0.0001	4.0673	2.9443	17.8409	6.1524	0.0022	0.0019	0.0002	0.0000	0.0000	0.0000	0.0022	0.0019	0.0002	0.0002	0.0001	0.0001	0.0000	0.0000	0.0000	0.0002	0.0001	0.0001	0.1072	0.0933	0.0139	0.0211	0.0205	0.0006	0.0862	0.0728	0.0133	0.2264	0.1361	0.0903	0.0513	0.0474	0.0039	0.1750	0.0887	0.0863	23.7534	20.4022	26.8195	0.3683	0.3495	0.0000	28.6727	23.7196	26.7446	0.0008	0.0010	0.0006	0.0008	0.0008	0.0000	0.0009	0.0011	0.0006
73	95	0.1111	5	0	0	0	0	0	0	0	0	N	N	N	N	N	N	N	N	N	N	N	N	0.0041	0.0956	0.0000	0.2248	0.2256	0.0000	0.0000	0.0000	0.0000	0.0000	0.0001	0.0001	0.0000	0.0000	0.0000	0.0000	0.0049	0.0002	0.0140	0.0005	0.0005	0.0000	0.0071	0.0000	0.0143	0.0000	29.6319	-0.0000	0.0002	4.0673	0.8596	17.8409	1.2300	0.0000	0.0000	0.0000	0.0000	0.0000	0.0000	0.0000	0.0000	0.0000	0.0005	0.0000	0.0005	0.0000	0.0000	0.0000	0.0005	0.0000	0.0005	0.0310	0.0270	0.0039	0.0058	0.0056	0.0002	0.0252	0.0214	0.0038	0.0964	0.0641	0.0323	0.0323	0.0315	0.0008	0.0641	0.0326	0.0315	0.0041	0.0956	0.0000	0.2248	0.2256	0.0000	0.0000	0.0000	0.0000	0.0049	0.0002	0.0140	0.0005	0.0005	0.0000	0.0071	0.0000	0.0143		
73	96	0.0993	4	0	0	0	0	0	0	0	0	N	N	N	N	N	N	N	N	N	N	N	N	0.0808	0.6072	0.0005	1.0583	1.0377	0.0002	0.7783	0.0005	0.0021	0.0023	0.0000	0.0087	0.0088	0.0000	0.0000	0.0000	0.0000	0.0254	0.0038	0.0596	0.0082	0.0085	0.0000	0.0323	0.0000	0.0612	0.0018	9.9084	-0.0001	0.0021	4.0673	3.7737	17.8409	2.5241	0.0003	0.0003	0.0000	0.0003	0.0003	0.0000	0.0000	0.0000	0.0000	0.0058	0.0005	0.0053	0.0005	0.0005	0.0000	0.0053	0.0000	0.0053	0.1693	0.1501	0.0191	0.0399	0.0393	0.0007	0.1293	0.1109	0.0185	0.2293	0.1404	0.0889	0.0651	0.0628	0.0023	0.1642	0.0776	0.0866	0.0808	0.6072	0.0005	1.0583	1.0377	0.0000	0.0002	0.7783	0.0005	0.0254	0.0038	0.0596	0.0082	0.0085	0.0000	0.0323	0.0000	0.0612	
73	97	0.0784	3	0	0	0	0	0	0	0	0	N	N	N	N	N	N	N	N	N	N	N	N	0.1433	20.0298	0.0005	43.9136	42.7397	1.8717	0.0011	10.6929	0.0005	0.4430	0.5197	0.0034	4.0931	4.2030	0.0061	0.0040	0.0041	0.0033	3.0917	0.0259	6.8419	0.0932	0.0983	0.0032	3.6282	0.0004	6.9687	0.0011	215.5468	-0.0385	0.4477	4.0673	6.4922	17.8409	4.5502	0.1013	0.1011	0.0001	0.1004	0.1004	0.0000	0.0008	0.0007	0.0001	0.9896	0.0046	0.9850	0.0045	0.0045	0.0000	0.9851	0.0000	0.9850	0.2286	0.1946	0.0340	0.0245	0.0239	0.0006	0.2040	0.1707	0.0333	0.3201	0.1761	0.1440	0.0486	0.0460	0.0026	0.2715	0.1302	0.1414	0.1433	20.0298	0.0005	43.9136	42.7397	1.8717	0.0011	10.6929	0.0005	3.0917	0.0259	6.8419	0.0932	0.0983	0.0032	3.6282	0.0004	6.9687
73	98	0.1256	10	0	1	0	0	0	0	0	0	N	N	N	N	N	N	N	N	N	N	N	N	0.0000	0.0000	0.0000	0.0000	0.0000	0.0000	0.0000	0.0000	0.0000	0.0000	0.0000	0.0002	0.0000	0.0000	0.0000	0.0000	0.0000	0.0002	3.1270	0.0009	7.3233	0.0121	0.0033	0.1184	3.7313	0.0000	7.5403	inf	6400.6481	0.0000	0.4640	4.0673	1.3608	17.8409	12.1483	0.0000	0.0000	0.0000	0.0000	0.0000	0.0000	0.0000	0.0000	0.0000	1.0155	0.0002	1.0154	0.0006	0.0002	0.0005	1.0149	0.0000	1.0149	0.0536	0.0475	0.0061	0.0148	0.0141	0.0007	0.0388	0.0334	0.0054	0.3248	0.1861	0.1386	0.0528	0.0487	0.0041	0.2720	0.1374	0.1346	0.0000	0.0000	0.0000	0.0000	0.0000	0.0000	0.0000	0.0000	0.0000	3.1270	0.0009	7.3233	0.0121	0.0033	0.1184	3.7313	0.0000	7.5403
73	99	0.1219	9	0	0	0	0	0	0	0	0	N	N	N	N	N	N	N	N	N	N	N	N	0.0015	0.0001	0.0107	0.0001	0.0001	0.0000	0.0035	0.0000	0.0121	0.0007	0.0000	0.0050	0.0001	0.0001	0.0000	0.0008	0.0000	0.0057	0.4292	0.3995	0.4734	1.1317	1.1656	0.7209	0.2379	0.0057	0.4729	31.5195	0.7947	0.0000	-0.0029	4.0673	1.5300	17.8409	0.7696	0.0000	0.0000	0.0000	0.0000	0.0000	0.0000	0.0000	0.0000	0.0000	0.0294	0.0164	0.0130	0.0166	0.0162	0.0004	0.0128	0.0002	0.0126	0.0604	0.0528	0.0077	0.0140	0.0130	0.0009	0.0465	0.0397	0.0068	0.0685	0.0410	0.0275	0.0147	0.0139	0.0007	0.0538	0.0271	0.0267	0.0015	0.0001	0.0107	0.0001	0.0001	0.0000	0.0035	0.0000	0.0121	0.4292	0.3995	0.4734	1.1317	1.1656	0.4930	0.2379	0.0057	0.4729
73	100	0.1131	8	0	0	0	0	0	0	0	0	N	N	N	N	N	N	N	N	N	N	N	N	1.8767	0.0000	10.6096	0.0000	0.0000	0.0000	3.9505	0.0000	14.0870	0.5066	0.0000	4.1068	0.0000	0.0000	0.0000	0.5997	0.0000	4.2879	0.2699	0.1782	0.3871	0.9551	0.7529	6.2195	0.1518	0.0007	0.3044	inf	1.7006	0.0381	0.0029	4.0673	3.6906	17.8409	1.4800	0.0616	0.0000	0.0616	0.0000	0.0000	0.0000	0.0616	0.0000	0.0616	0.0332	0.0123	0.0209	0.0173	0.0123	0.0050	0.0159	0.0000	0.0159	0.1215	0.1065	0.0150	0.0189	0.0182	0.0006	0.1027	0.0883	0.0144	0.1230	0.0690	0.0540	0.0181	0.0163	0.0018	0.1049	0.0527	0.0522	1.8767	0.0000	10.6096	0.0000	0.0000	0.0000	3.9505	0.0000	14.0870	0.2699	0.1782	0.3871	0.9551	0.7529	2.7765	0.1518	0.0007	0.3044
73	101	0.1131	7	0	0	0	0	0	0	0	0	N	N	N	N	N	N	N	N	N	N	N	N	0.0001	0.0001	0.0006	0.0001	0.0001	0.0000	0.0002	0.0000	0.0008	0.0003	0.0002	0.0016	0.0005	0.0005	0.0000	0.0002	0.0000	0.0017	2.0703	1.6957	2.6620	5.4567	4.2510	60.1780	1.0839	0.0125	2.1633	1.0000	0.9941	0.0000	-0.0019	4.0673	0.1361	17.8409	0.4500	0.0000	0.0000	0.0000	0.0000	0.0000	0.0000	0.0000	0.0000	0.0000	0.0417	0.0209	0.0208	0.0258	0.0208	0.0050	0.0159	0.0001	0.0158	0.0080	0.0072	0.0008	0.0024	0.0024	0.0000	0.0055	0.0048	0.0007	0.0201	0.0123	0.0078	0.0055	0.0050	0.0005	0.0146	0.0073	0.0073	0.0001	0.0001	0.0006	0.0001	0.0001	0.0000	0.0002	0.0000	0.0008	2.0703	1.6957	2.6620	4.7051	4.1828	9.8113	1.0839	0.0125	2.1633
73	102	0.0972	6	0	0	0	0	0	0	0	0	N	N	N	N	N	N	N	N	N	N	N	N	0.0021	0.0714	0.0000	0.0749	0.0763	0.0000	0.0004	0.0484	0.0000	0.0095	0.0107	0.0001	0.0326	0.0337	0.0000	0.0024	0.0027	0.0001	4.5921	0.1499	9.9800	0.4347	0.4412	0.3170	5.2670	0.0560	10.1100	0.0009	54.8822	-0.0005	0.4357	4.0673	3.5591	17.8409	4.5341	0.0013	0.0013	0.0000	0.0011	0.0011	0.0000	0.0003	0.0003	0.0000	0.9921	0.0178	0.9743	0.0131	0.0127	0.0004	0.9790	0.0050	0.9739	0.1407	0.1252	0.0155	0.0334	0.0323	0.0011	0.1073	0.0929	0.0144	0.2160	0.1184	0.0976	0.0302	0.0289	0.0013	0.1859	0.0895	0.0963	0.0021	0.0714	0.0000	0.0749	0.0763	0.0000	0.0004	0.0484	0.0000	4.5921	0.1499	9.9800	0.4347	0.4412	0.2889	5.2670	0.0560	10.1100
73	103	0.0755	5	0	0	0	0	0	0	0	0	N	N	N	N	N	N	N	N	N	N	N	N	0.1537	0.2057	0.0000	0.0480	0.0562	0.0000	0.0928	135.6407	0.0000	0.9874	1.3877	0.0000	2.3534	2.3832	0.0000	0.2966	0.5186	0.0000	6.4238	6.7457	6.0764	49.0695	42.4391	0.0147	3.1960	0.0038	6.1065	0.0000	0.8351	-0.0781	-0.1582	4.0673	2.8937	17.8409	8.0733	0.2051	0.2051	0.0000	0.1641	0.1641	0.0000	0.0409	0.0409	0.0000	1.8006	0.9812	0.8194	0.9807	0.9807	0.0000	0.8199	0.0005	0.8194	0.2077	0.1478	0.0599	0.0697	0.0689	0.0009	0.1379	0.0789	0.0590	0.2803	0.1455	0.1349	0.0238	0.0231	0.0007	0.2565	0.1223	0.1342	0.1537	0.2057	0.0000	0.0570	0.0562	0.0000	0.0928	135.6407	0.0000	6.4238	6.7457	6.0764	41.2529	42.4391	0.0147	3.1960	0.0038	6.1065
73	104	0.1333	5	0	1	0	0	0	0	0	0	N	N	N	N	N	N	N	N	N	N	N	N	6.3742	6.9159	0.0544	1.6030	1.8093	0.0154	16.3611	25.4915	0.0780	0.3271	0.3897	0.0020	0.1447	0.1694	0.0005	0.4552	0.5492	0.0029	0.0513	0.0563	0.0372	0.0903	0.0936	0.0321	0.0278	0.0215	0.0377	0.0010	0.2360	-0.0002	-0.0014	4.0673	0.0277	17.8409	1.3445	0.0006	0.0006	0.0000	0.0001	0.0001	0.0000	0.0005	0.0005	0.0000	0.0040	0.0032	0.0008	0.0026	0.0026	0.0001	0.0013	0.0006	0.0007	0.0019	0.0016	0.0003	0.0008	0.0007	0.0001	0.0011	0.0009	0.0002	0.0771	0.0568	0.0203	0.0290	0.0274	0.0016	0.0481	0.0294	0.0187	6.3742	6.9159	0.0544	1.6030	1.8093	0.0154	16.3611	25.4915	0.0780	0.0513	0.0563	0.0372	0.0903	0.0936	0.0321	0.0278	0.0215	0.0377
73	105	0.0866	4	0	1	0	0	0	0	0	0	N	N	N	N	N	N	N	N	N	N	N	N	1.5688	1.9819	0.0005	49.4118	48.4369	0.0000	1.3090	1.5151	0.0005	5.9186	6.8262	0.0022	7.6288	8.0873	0.0000	5.6340	6.5944	0.0023	3.7727	3.4443	4.1661	0.1544	0.1670	0.0026	4.3041	4.3524	4.2577	0.0000	1.0096	-0.4099	-0.0805	4.0673	5.1414	17.8409	16.4151	1.0759	1.0758	0.0001	0.1979	0.1979	0.0000	0.8780	0.8780	0.0001	1.9838	0.9871	0.9966	0.0104	0.0104	0.0000	1.9734	0.9768	0.9966	0.1818	0.1576	0.0242	0.0259	0.0245	0.0015	0.1558	0.1331	0.0227	0.5258	0.2866	0.2392	0.0673	0.0622	0.0051	0.4585	0.2244	0.2341	1.5688	1.9819	0.0005	49.4118	48.4369	0.0000	1.3090	1.5151	0.0005	3.7727	3.4443	4.1661	0.1544	0.1670	0.0026	4.3041	4.3524	4.2577
73	106	0.0784	3	0	0	0	0	0	0	0	0	N	N	N	N	N	N	N	N	N	N	N	N	36.5358	36.2863	0.8843	1.4887	1.4847	0.3733	61.8912	86.2461	0.8934	6.1654	7.3085	0.1101	0.5809	0.6002	0.0043	6.9976	8.4849	0.1130	0.1687	0.2014	0.1245	0.3902	0.4042	0.0115	0.1131	0.0984	0.1265	0.0028	0.4567	-0.3424	-0.0074	4.0673	3.8974	17.8409	1.6364	0.9052	0.9026	0.0026	0.0111	0.0111	0.0000	0.8941	0.8915	0.0026	0.0323	0.0222	0.0101	0.0150	0.0150	0.0000	0.0173	0.0072	0.0101	0.1468	0.1235	0.0233	0.0190	0.0184	0.0006	0.1278	0.1051	0.0227	0.1913	0.1100	0.0813	0.0384	0.0371	0.0014	0.1529	0.0730	0.0799	36.5358	36.2863	0.8843	1.4887	1.4847	0.3733	61.8912	86.2461	0.8934	0.1687	0.2014	0.1245	0.3902	0.4042	0.0115	0.1131	0.0984	0.1265
73	107	0.0574	2	0	0	0	0	0	0	0	0	N	N	N	N	N	N	N	N	N	N	N	N	6.2910	20.4553	0.1004	6.1683	6.1488	0.0006	4.3142	373.9805	0.1009	1.8158	3.0179	0.0451	2.6183	2.6384	0.0001	1.1202	4.3151	0.0455	0.2886	0.1475	0.4490	0.4245	0.4291	0.1202	0.2597	0.0115	0.4509	0.0101	2.6778	-0.0907	0.0183	4.0673	0.3701	17.8409	9.6236	0.2445	0.2421	0.0025	0.1637	0.1637	0.0000	0.0808	0.0784	0.0025	0.0987	0.0268	0.0719	0.0255	0.0254	0.0001	0.0732	0.0014	0.0717	0.1347	0.0802	0.0545	0.0625	0.0621	0.0005	0.0721	0.0182	0.0540	0.3419	0.1819	0.1600	0.0601	0.0592	0.0009	0.2818	0.1226	0.1591	6.2910	20.4553	0.1004	6.1683	6.1488	0.0006	4.3142	373.9805	0.1009	0.2886	0.1475	0.4490	0.4245	0.4291	0.1202	0.2597	0.0115	0.4509
73	109	0.1058	6	1	1	0	1	0	0	0	0	N	N	N	N	N	N	N	N	N	N	N	N	0.0000	0.0000	0.0000	0.0000	0.0000	0.0000	0.0000	0.0000	0.0000	0.0000	0.0000	0.0000	0.0000	0.0000	0.0000	0.0000	0.0000	0.0000	0.0000	0.0000	4.0673	0.0000	17.8409	0.0000	0.0000	0.0000	0.0000	0.0000	0.0000	0.0000	0.0000	0.0000	0.0000	0.0000	0.0000	0.0000	0.0000	0.0000	0.0000	0.0000	0.0000	0.0000	0.0000	0.0000	0.0000	0.0000	0.0000	0.0000	0.0000	0.0000	0.0000	0.0000	0.0000	0.0000	0.0000	0.0000	0.0000	0.0000	0.0000	0.0000	0.0000	0.0000	0.0000	0.0000	0.0000	0.0000	0.0000	0.0000	0.0000	0.0000	0.0000	0.0000	0.0000	0.0000	0.0000	0.0000	0.0000	0.0000											
73	110	0.0909	5	1	1	0	1	0	0	0	0	N	N	N	N	N	N	N	N	N	N	N	N	0.0000	0.0000	0.0000	0.0000	0.0000	0.0000	0.0000	0.0000	0.0000	0.0000	0.0000	0.0000	0.0000	0.0000	0.0000	0.0000	0.0000	4.9270	8.4181	1.0417	24.9887	23.3849	0.0000	0.6191	0.0029	1.0699	0.1112	0.0000	-0.4867	4.0673	0.0000	17.8409	7.1240	0.0000	0.0000	0.0000	0.0000	0.0000	0.0000	0.0000	0.0000	0.0000	1.0990	0.9890	0.1100	0.9888	0.9888	0.0000	0.1102	0.0002	0.1100	0.0000	0.0000	0.0000	0.0000	0.0000	0.0000	0.0000	0.0000	0.0000	0.2230	0.1175	0.1056	0.0451	0.0423	0.0028	0.1780	0.0752	0.1028	0.0000	0.0000	0.0000	0.0000	0.0000	0.0000	0.0000	0.0000	0.0000	4.9270	8.4181	1.0417	21.9436	23.3849	0.0000	0.6191	0.0029	1.0699		
73	111	0.0998	7	0	1	0	1	0	0	0	0	N	N	N	N	N	N	N	N	N	N	N	N	0.0000	0.0000	0.0000	0.0000	0.0000	0.0000	0.0000	0.0000	0.0000	0.0000	0.0000	0.0000	0.0000	0.0000	0.0000	0.0000	0.0000	0.0000	0.0188	0.0003	0.0408	0.0040	0.0014	0.0137	0.0213	0.0000	0.0427	111.8156	0.0000	0.0010	4.0673	0.0016	17.8409	5.0076	0.0000	0.0000	0.0000	0.0000	0.0000	0.0000	0.0000	0.0000	0.0000	0.0022	0.0000	0.0022	0.0001	0.0000	0.0001	0.0022	0.0000	0.0022	0.0002	0.0002	0.0000	0.0001	0.0001	0.0000	0.0001	0.0001	0.0000	0.1190	0.0647	0.0543	0.0175	0.0139	0.0037	0.1015	0.0509	0.0506	0.0000	0.0000	0.0000	0.0000	0.0000	0.0000	0.0000	0.0000	0.0000	0.0188	0.0003	0.0408	0.0040	0.0014	0.0137	0.0213	0.0000	0.0427	
73	112	0.0930	6	0	1	0	1	0	0	0	0	N	N	N	N	N	N	N	N	N	N	N	N	0.0000	0.0000	0.0000	0.0000	0.0000	0.0000	0.0000	0.0000	0.0000	0.0000	0.0000	0.0000	0.0000	0.0000	0.0000	0.0000	0.0000	0.0000	8.2159	0.0117	21.8517	0.0200	0.0207	0.0055	11.5893	0.0015	19.6529	1339.4815	0.0000	0.5060	4.0673	1.0012	17.8409	2.1373	0.0000	0.0000	0.0000	0.0000	0.0000	0.0000	0.0000	0.0000	0.0000	1.1089	0.0008	1.1081	0.0008	0.0008	0.0000	1.1081	0.0001	1.1080	0.0330	0.0289	0.0041	0.0047	0.0045	0.0001	0.0283	0.0243	0.0040	0.1350	0.0708	0.0642	0.0394	0.0376	0.0018	0.0956	0.0332	0.0624	0.0000	0.0000	0.0000	0.0000	0.0000	0.0000	0.0000	0.0000	0.0000	8.2159	0.0117	17.2644	0.0200	0.0207	0.0055	11.5893	0.0015	17.7624	
73	113	0.1013	6	0	1	0	0	0	0	0	0	N	N	N	N	N	N	N	N	N	N	N	N	0.0000	0.0000	0.0000	0.0000	0.0000	0.0000	0.0000	0.0000	0.0000	0.0000	0.0000	0.0000	0.0000	0.0000	0.0000	0.0000	0.0000	0.0283	0.0527	0.0000	0.2241	0.2600	0.0000	0.0000	0.0000	0.0000	0.0000	0.0000	-0.0022	4.0673	0.9705	17.8409	5.0371	0.0000	0.0000	0.0000	0.0000	0.0000	0.0000	0.0000	0.0000	0.0000	0.0040	0.0040	0.0000	0.0040	0.0040	0.0000	0.0000	0.0000	0.0000	0.0369	0.0325	0.0044	0.0077	0.0074	0.0002	0.0292	0.0251	0.0041	0.1401	0.0752	0.0650	0.0177	0.0152	0.0024	0.1224	0.0599	0.0625	0.0000	0.0000	0.0000	0.0000	0.0000	0.0000	0.0000	0.0000	0.0000	0.0283	0.0527	0.0000	0.2241	0.2600	0.0000	0.0000	0.0000	0.0000		
73	114	0.0930	6	0	0	1	1	0	0	0	0	N	N	N	N	N	N	N	N	N	N	N	N	0.0000	0.0000	0.0000	0.0000	0.0000	0.0000	0.0000	0.0000	0.0000	0.0000	0.0000	0.0000	0.0000	1.2297	0.0000	2.5524	0.0000	0.0000	0.0000	2.0006	0.0000	2.5920	inf	0.0000	0.0500	4.0673	0.0000	17.8409	1.1303	0.0000	0.0000	0.0000	0.0000	0.0000	0.0000	0.0000	0.0000	0.0000	0.1095	0.0000	0.1095	0.0000	0.0000	0.0000	0.1095	0.0000	0.1095	0.0000	0.0000	0.0000	0.0000	0.0000	0.0000	0.0000	0.0000	0.0000	0.0890	0.0461	0.0429	0.0343	0.0337	0.0007	0.0547	0.0125	0.0422	0.0000	0.0000	0.0000	0.0000	0.0000	0.0000	0.0000	0.0000	0.0000	1.2297	0.0000	2.5524	0.0000	0.0000	0.0000	2.0006	0.0000	2.5920						
73	115	0.0909	5	0	0	0	1	0	0	0	0	N	N	N	N	N	N	N	N	N	N	N	N	0.0000	0.0000	0.0000	0.0000	0.0000	0.0000	0.0000	0.0000	0.0000	0.0000	0.0000	0.0000	0.0000	0.0000	0.0000	0.0000	0.0000	2.0743	1.9944	2.1607	2.7840	2.8183	0.0000	1.6577	0.0182	2.1856	1.0015	0.0000	-0.0081	4.0673	0.0000	17.8409	1.2340	0.0000	0.0000	0.0000	0.0000	0.0000	0.0000	0.0000	0.0000	0.0000	0.1911	0.0955	0.0956	0.0952	0.0952	0.0000	0.0959	0.0003	0.0956	0.0000	0.0000	0.0000	0.0000	0.0000	0.0000	0.0000	0.0000	0.0000	0.0921	0.0479	0.0443	0.0343	0.0338	0.0005	0.0578	0.0141	0.0438	0.0000	0.0000	0.0000	0.0000	0.0000	0.0000	0.0000	0.0000	0.0000	2.0743	1.9944	2.1607	2.7769	2.8183	0.0000	1.6577	0.0182	2.1856		
73	116	0.0984	6	0	0	1	1	0	0	0	0	N	N	N	N	N	N	N	N	N	N	N	N	3446.3868	0.0000	15613.6046	2.7692	0.0000	inf	4733.3143	0.0000	16369.9660	25.3022	0.0000	240.4770	0.0120	0.0000	0.4113	37.0491	0.0000	263.6831	0.0073	0.0011	0.0154	0.0043	0.0050	0.0000	0.0078	0.0000	0.0161	inf	11.1295	0.6017	0.0001	4.0673	0.9725	17.8409	0.9874	0.9722	0.0000	0.9722	0.0001	0.0000	0.0001	0.9720	0.0000	0.9720	0.0004	0.0000	0.0003	0.0000	0.0000	0.0000	0.0003	0.0000	0.0003	0.0384	0.0344	0.0040	0.0122	0.0118	0.0004	0.0262	0.0225	0.0037	0.0486	0.0274	0.0213	0.0068	0.0058	0.0009	0.0419	0.0215	0.0203	3446.3868	0.0000	15613.6046	2.7692	0.0000	inf	4733.3143	0.0000	16369.9660	0.0073	0.0011	0.0154	0.0043	0.0050	0.0000	0.0078	0.0000	0.0161
73	117	0.0984	6	0	0	1	1	0	0	0	0	N	N	N	N	N	N	N	N	N	N	N	N	2335.5836	47733.0830	79.1793	22304.1904	19146.5358	inf	4.5326	0.0000	17.0872	8.2197	8.9002	0.6043	18.2766	18.6249	3.7786	0.0177	0.0000	0.1364	0.0035	0.0002	0.0076	0.0008	0.0010	0.0000	0.0039	0.0000	0.0080	0.0061	33.1716	-0.0106	0.0001	4.0673	0.0285	17.8409	4.0215	0.0282	0.0280	0.0002	0.0282	0.0280	0.0001	0.0000	0.0000	0.0000	0.0003	0.0000	0.0003	0.0000	0.0000	0.0000	0.0003	0.0000	0.0003	0.0034	0.0031	0.0003	0.0015	0.0015	0.0000	0.0019	0.0016	0.0002	0.0961	0.0531	0.0430	0.0121	0.0102	0.0019	0.0840	0.0429	0.0411	2335.5836	47733.0830	79.1793	22304.1904	19146.5358	inf	4.5326	0.0000	17.0872	0.0035	0.0002	0.0076	0.0008	0.0010	0.0000	0.0039	0.0000	0.0080
73	118	0.0909	5	0	0	1	1	0	0	0	0	N	N	N	N	N	N	N	N	N	N	N	N	17.0336	0.0174	65.3109	6393.0281	0.0000	inf	3.3515	0.0296	14.4253	10.4235	0.0001	83.7426	57.5534	0.0000	1950.4057	2.6552	0.0001	18.9486	0.6119	0.0067	1.2822	0.0090	0.0095	0.0000	0.7923	0.0046	1.3136	102782.0000	174.0659	0.6361	0.0499	4.0673	3.0275	17.8409	2.1573	1.0278	0.0000	1.0278	0.8030	0.0000	0.8030	0.2248	0.0000	0.2248	0.1106	0.0006	0.1099	0.0004	0.0004	0.0000	0.1102	0.0003	0.1099	0.0986	0.0863	0.0123	0.0140	0.0135	0.0004	0.0847	0.0728	0.0119	0.1807	0.0949	0.0857	0.0416	0.0395	0.0020	0.1391	0.0554	0.0837	17.0336	0.0174	65.3109	6393.0281	0.0000	inf	3.3515	0.0296	14.4253	0.6119	0.0067	1.2822	0.0090	0.0095	0.0000	0.7923	0.0046	1.3136
73	119	0.1321	5	1	1	0	0	0	0	0	0	N	N	N	N	N	N	N	N	N	N	N	N	1836.0070	1290.3253	0.0000	609.7117	768.4834	0.0000	1852.9097	1105.1614	0.0000	1.0065	1.2347	0.0000	2.0219	2.6970	0.0000	0.0174	0.0198	0.0000	0.0005	0.0010	0.0000	0.0033	0.0035	0.0000	0.0000	0.0000	0.0000	0.0000	0.0007	-0.0642	-0.0000	4.0673	2.1883	17.8409	3.1271	0.1685	0.1685	0.0000	0.1670	0.1670	0.0000	0.0015	0.0015	0.0000	0.0001	0.0001	0.0000	0.0001	0.0001	0.0000	0.0000	0.0000	0.0000	0.1674	0.1365	0.0309	0.0826	0.0619	0.0207	0.0848	0.0745	0.0103	0.1422	0.0814	0.0608	0.0232	0.0219	0.0013	0.1190	0.0595	0.0595	1836.0070	1290.3253	0.0000	609.7117	768.4834	0.0000	1852.9097	1105.1614	0.0000	0.0005	0.0010	0.0000	0.0033	0.0035	0.0000	0.0000	0.0000	0.0000
73	120	0.0652	4	1	1	0	0	0	0	0	0	N	N	N	N	N	N	N	N	N	N	N	N	17.1542	12.0839	0.0323	2.6658	2.5741	1049.4281	50.9126	67.2472	0.0222	0.7373	0.8977	0.0003	1.8087	1.8394	0.0055	0.4799	0.6133	0.0002	0.0430	0.0743	0.0097	0.6785	0.7146	0.0000	0.0094	0.0091	0.0097	0.0001	0.1223	-0.1510	-0.0123	4.0673	13.6104	17.8409	16.0982	0.3965	0.3964	0.0000	0.1884	0.1884	0.0000	0.2080	0.2080	0.0000	0.0283	0.0252	0.0031	0.0224	0.0224	0.0000	0.0059	0.0028	0.0031	0.5377	0.4416	0.0961	0.1042	0.1024	0.0017	0.4335	0.3391	0.0944	0.6582	0.3393	0.3189	0.0330	0.0313	0.0017	0.6252	0.3079	0.3172	17.1542	12.0839	0.0323	2.6658	2.5741	1049.4281	50.9126	67.2472	0.0222	0.0430	0.0743	0.0097	0.6785	0.7146	0.0000	0.0094	0.0091	0.0097
73	121	0.0904	6	0	1	0	0	0	0	0	0	N	N	N	N	N	N	N	N	N	N	N	N	139.1100	152.0423	0.0000	20.0778	20.0950	0.0000	6492.7009	81821302.3231	0.0000	1.9274	3.2183	0.0000	0.8744	0.8961	0.0000	2.9425	12.4917	0.0000	0.0139	0.0212	0.0009	0.0436	0.0446	0.0002	0.0005	0.0000	0.0009	0.0000	0.0232	-0.1246	-0.0019	4.0673	0.3548	17.8409	4.6068	0.3270	0.3270	0.0000	0.0728	0.0728	0.0000	0.2542	0.2542	0.0000	0.0036	0.0035	0.0001	0.0035	0.0035	0.0000	0.0001	0.0000	0.0001	0.1697	0.1016	0.0681	0.0833	0.0813	0.0020	0.0864	0.0203	0.0660	0.2573	0.1646	0.0927	0.0800	0.0781	0.0019	0.1773	0.0865	0.0908	139.1100	152.0423	0.0000	20.0778	20.0950	0.0000	6492.7009	81821302.3231	0.0000	0.0139	0.0212	0.0009	0.0436	0.0446	0.0002	0.0005	0.0000	0.0009
73	122	0.0755	5	0	1	0	0	0	0	0	0	N	N	N	N	N	N	N	N	N	N	N	N	18.5749	17.7954	0.0190	1.6357	1.6185	21.3943	103.4371	19077.7107	0.0131	3.5670	5.2940	0.0015	2.4363	2.4641	0.0338	4.2834	9.0308	0.0010	0.1920	0.2975	0.0771	1.4894	1.5224	0.0016	0.0414	0.0005	0.0775	0.0001	0.2379	-0.2326	-0.0135	4.0673	1.6911	17.8409	5.7022	0.6105	0.6104	0.0001	0.1617	0.1617	0.0000	0.4488	0.4487	0.0001	0.0386	0.0312	0.0074	0.0312	0.0312	0.0000	0.0075	0.0000	0.0074	0.1711	0.1153	0.0558	0.0664	0.0656	0.0008	0.1048	0.0497	0.0551	0.2011	0.1049	0.0962	0.0209	0.0205	0.0005	0.1802	0.0844	0.0958	18.5749	17.7954	0.0190	1.6357	1.6185	21.3943	103.4371	19077.7107	0.0131	0.1920	0.2975	0.0771	1.4894	1.5224	0.0016	0.0414	0.0005	0.0775
73	123	0.0652	4	0	0	0	0	0	0	0	0	N	N	N	N	N	N	N	N	N	N	N	N	4.0588	5.9770	0.0002	1.1333	1.1201	0.0301	5.7584	1840.3305	0.0002	1.5817	2.2187	0.0001	2.1028	2.1229	0.0000	1.2676	2.3235	0.0001	0.3897	0.3712	0.4097	1.8554	1.8953	0.0001	0.2201	0.0013	0.4116	0.0000	1.0199	-0.1237	-0.0022	4.0673	2.0929	17.8409	3.1856	0.3246	0.3246	0.0000	0.1623	0.1623	0.0000	0.1623	0.1623	0.0000	0.0572	0.0283	0.0289	0.0282	0.0282	0.0000	0.0289	0.0001	0.0289	0.2052	0.1463	0.0589	0.0772	0.0765	0.0007	0.1280	0.0698	0.0582	0.1467	0.0762	0.0704	0.0152	0.0149	0.0003	0.1315	0.0614	0.0701	4.0588	5.9770	0.0002	1.1333	1.1201	0.0301	5.7584	1840.3305	0.0002	0.3897	0.3712	0.4097	1.8554	1.8953	0.0001	0.2201	0.0013	0.4116
73	124	0.1059	7	1	1	0	0	0	0	0	0	N	N	N	N	N	N	N	N	N	N	N	N	0.0000	0.0000	0.0000	0.0000	0.0000	0.0000	0.0000	0.0000	0.0000	0.0000	0.0000	0.0000	0.0000	0.0000	0.0000	0.0000	0.0000	0.0000	0.0000	0.0000	4.0673	0.0000	17.8409	0.0000	0.0000	0.0000	0.0000	0.0000	0.0000	0.0000	0.0000	0.0000	0.0000	0.0000	0.0000	0.0000	0.0000	0.0000	0.0000	0.0000	0.0000	0.0000	0.0000	0.0000	0.0000	0.0000	0.0000	0.0000	0.0000	0.0000	0.0000	0.0000	0.0000	0.0000	0.0000	0.0000	0.0000	0.0000	0.0000	0.0000	0.0000	0.0000	0.0000	0.0000	0.0000	0.0000	0.0000	0.0000	0.0000	0.0000	0.0000	0.0000	0.0000	0.0000	0.0000	0.0000	0.0000	0.0000											
73	125	0.1013	6	1	1	0	0	0	0	0	0	N	N	N	N	N	N	N	N	N	N	N	N	0.0000	0.0000	0.0000	0.0000	0.0000	0.0000	0.0000	0.0000	0.0000	0.0000	0.0000	0.0000	0.0000	0.0000	0.0000	0.0000	0.0000	0.0699	0.1264	0.0000	0.4155	0.4580	0.0000	0.0000	0.0000	0.0000	0.0000	0.0000	-0.0022	4.0673	0.1434	17.8409	1.9839	0.0000	0.0000	0.0000	0.0000	0.0000	0.0000	0.0000	0.0000	0.0000	0.0040	0.0040	0.0000	0.0040	0.0040	0.0000	0.0000	0.0000	0.0000	0.0096	0.0087	0.0010	0.0037	0.0036	0.0001	0.0060	0.0051	0.0009	0.0567	0.0314	0.0254	0.0095	0.0087	0.0009	0.0472	0.0227	0.0245	0.0000	0.0000	0.0000	0.0000	0.0000	0.0000	0.0000	0.0000	0.0000	0.0699	0.1264	0.0000	0.4155	0.4580	0.0000	0.0000	0.0000	0.0000		
73	126	0.0909	5	0	1	0	0	0	0	0	0	N	N	N	N	N	N	N	N	N	N	N	N	0.0000	0.0000	0.0000	0.0000	0.0000	0.0000	0.0000	0.0000	0.0000	0.0000	0.0000	0.0000	0.0000	0.0000	0.0000	0.0000	0.0000	0.0000	4.2273	8.0438	0.0064	18.2777	18.6443	0.0052	0.0059	0.0050	0.0064	0.0007	0.0000	-0.3946	4.0673	1.8882	17.8409	2.9115	0.0000	0.0000	0.0000	0.0000	0.0000	0.0000	0.0000	0.0000	0.0000	0.7278	0.7273	0.0005	0.7270	0.7270	0.0000	0.0008	0.0003	0.0005	0.0619	0.0542	0.0077	0.0088	0.0085	0.0003	0.0531	0.0457	0.0075	0.1722	0.0904	0.0818	0.0409	0.0390	0.0019	0.1313	0.0514	0.0799	0.0000	0.0000	0.0000	0.0000	0.0000	0.0000	0.0000	0.0000	0.0000	4.2273	8.0438	0.0064	17.7786	18.6443	0.0052	0.0059	0.0050	0.0064	
73	127	0.0652	4	0	0	0	0	0	0	0	0	N	N	N	N	N	N	N	N	N	N	N	N	0.5831	0.6957	0.0000	11.0900	10.8135	0.0000	0.6453	0.8581	0.0000	3.2012	4.3031	0.0000	1.9705	1.9920	0.0000	3.7905	6.0508	0.0000	5.4896	6.1855	4.7485	0.1777	0.1842	0.0000	5.8737	7.0514	4.7721	0.0000	0.7208	-0.3045	-0.2118	4.0673	3.5543	17.8409	9.0319	0.7991	0.7991	0.0000	0.1593	0.1593	0.0000	0.6398	0.6398	0.0000	1.7064	0.9917	0.7148	0.0037	0.0037	0.0000	1.7027	0.9879	0.7148	0.2496	0.1857	0.0639	0.0808	0.0800	0.0009	0.1688	0.1057	0.0631	0.3108	0.1603	0.1505	0.0210	0.0202	0.0007	0.2899	0.1401	0.1498	0.5831	0.6957	0.0000	11.0900	10.8135	0.0000	0.6453	0.8581	0.0000	5.4896	6.1855	4.7485	0.1777	0.1842	0.0000	5.8737	7.0514	4.7721
73	128	0.0615	3	0	0	0	0	0	0	0	0	N	N	N	N	N	N	N	N	N	N	N	N	3.0367	7.2375	0.0009	2.4770	2.4728	0.0616	2.4944	283.9918	0.0009	1.7229	2.4555	0.0008	2.8483	2.8737	0.0001	1.1315	2.0590	0.0008	0.5673	0.3393	0.8602	1.1499	1.1622	0.0009	0.4536	0.0073	0.8636	0.0001	1.9745	-0.1423	0.0077	4.0673	2.6246	17.8409	0.7212	0.3737	0.3736	0.0001	0.2128	0.2128	0.0000	0.1609	0.1608	0.0001	0.0637	0.0214	0.0423	0.0211	0.0211	0.0000	0.0426	0.0003	0.0423	0.2169	0.1522	0.0647	0.0747	0.0740	0.0007	0.1422	0.0781	0.0641	0.1123	0.0632	0.0492	0.0183	0.0182	0.0002	0.0940	0.0450	0.0490	3.0367	7.2375	0.0009	2.4770	2.4728	0.0616	2.4944	283.9918	0.0009	0.5673	0.3393	0.8602	1.1499	1.1622	0.0009	0.4536	0.0073	0.8636
73	129	0.0558	2	0	0	0	0	0	0	0	0	N	N	N	N	N	N	N	N	N	N	N	N	0.2201	6.8885	0.0039	2.2784	2.2813	0.0000	0.1335	494.0293	0.0039	1.4061	1.9500	0.0520	2.4114	2.4451	0.0000	0.9711	1.5952	0.0528	6.3880	0.2831	13.4474	1.0584	1.0718	0.0010	7.2717	0.0032	13.4994	0.0107	41.0815	-0.1215	0.4280	4.0673	3.3474	17.8409	1.3769	0.3279	0.3244	0.0035	0.1698	0.1698	0.0000	0.1581	0.1546	0.0035	0.9878	0.0235	0.9643	0.0233	0.0233	0.0000	0.9645	0.0002	0.9643	0.2332	0.1664	0.0668	0.0704	0.0694	0.0010	0.1628	0.0969	0.0659	0.1546	0.0829	0.0717	0.0220	0.0217	0.0003	0.1326	0.0612	0.0714	0.2201	6.8885	0.0039	2.2784	2.2813	0.0000	0.1335	494.0293	0.0039	6.3880	0.2831	13.4474	1.0584	1.0718	0.0010	7.2717	0.0032	13.4994
75	76	0.3547	15	1	1	1	0	0	0	0	0	N	N	N	N	N	N	N	N	N	N	N	N	0.0002	0.0001	0.0000	0.0005	0.0005	0.0000	0.0000	0.0000	0.0000	0.0000	0.0000	0.0000	0.0000	0.0000	0.0000	0.0000	0.0000	0.0000	0.0046	0.0057	0.0022	0.0042	0.0043	0.0036	0.0048	0.0076	0.0020	0.0000	0.1870	-0.0000	-0.0003	3.5843	1.0003	46.7516	1.0071	0.0000	0.0000	0.0000	0.0000	0.0000	0.0000	0.0000	0.0000	0.0000	0.0007	0.0006	0.0001	0.0003	0.0003	0.0000	0.0004	0.0003	0.0001	0.0405	0.0361	0.0044	0.0141	0.0135	0.0006	0.0264	0.0226	0.0038	0.1569	0.1059	0.0510	0.0689	0.0618	0.0071	0.0880	0.0441	0.0439	0.0002	0.0001	0.0000	0.0005	0.0005	0.0000	0.0000	0.0000	0.0000	0.0046	0.0057	0.0022	0.0042	0.0043	0.0036	0.0048	0.0076	0.0020
75	77	0.3479	14	1	0	1	0	0	0	0	0	N	N	N	N	N	N	N	N	N	N	N	N	0.0038	0.0040	0.0000	0.0269	0.0322	0.0000	0.0000	0.0000	0.0000	0.0022	0.0025	0.0000	0.0063	0.0066	0.0000	0.0000	0.0000	0.0000	0.5778	0.6245	0.4538	0.2353	0.2051	0.6559	1.0225	1.5309	0.4531	0.0000	0.2732	-0.0000	-0.1094	3.5843	0.9901	46.7516	2.2068	0.0001	0.0001	0.0000	0.0001	0.0001	0.0000	0.0000	0.0000	0.0000	0.3332	0.2617	0.0715	0.0767	0.0588	0.0179	0.2566	0.2029	0.0536	0.0405	0.0361	0.0044	0.0141	0.0135	0.0006	0.0264	0.0226	0.0038	0.5767	0.4191	0.1576	0.3258	0.2866	0.0392	0.2509	0.1326	0.1184	0.0038	0.0040	0.0000	0.0269	0.0322	0.0000	0.0000	0.0000	0.0000	0.5778	0.6245	0.4538	0.2353	0.2051	0.4557	1.0225	1.5309	0.4531
75	78	0.2353	4	0	1	0	0	0	0	0	0	N	N	N	N	N	N	N	N	N	N	N	N	0.9880	0.3357	11.1003	1.4841	1.4296	1.5382	0.8102	0.0766	11.9198	0.5615	0.2516	2.2267	0.4472	0.4738	0.1162	0.6262	0.1053	2.6638	0.5683	0.7494	0.2006	0.3013	0.3314	0.0755	0.7729	1.3749	0.2235	1.6467	0.1319	0.0635	-0.5789	3.5843	8.4371	46.7516	15.3349	0.2633	0.0995	0.1638	0.0759	0.0744	0.0015	0.1875	0.0251	0.1624	1.3575	1.1993	0.1582	0.3124	0.3031	0.0092	1.0451	0.8962	0.1489	0.4690	0.3954	0.0736	0.1696	0.1570	0.0126	0.2994	0.2384	0.0610	2.3888	1.6004	0.7884	1.0365	0.9146	0.1219	1.3522	0.6857	0.6665	0.9880	0.3357	11.1003	1.4841	1.4296	1.5382	0.8102	0.0806	11.9198	0.5683	0.7494	0.2006	0.3013	0.3314	0.0755	0.7729	1.3069	0.2235
75	79	0.3479	14	1	0	1	0	0	0	0	0	N	N	N	N	N	N	N	N	N	N	N	N	0.1214	0.1476	0.0000	0.2653	0.2629	0.0002	0.0441	0.0719	0.0000	0.1463	0.1642	0.0001	0.3223	0.3371	0.0002	0.0526	0.0615	0.0000	1.2048	1.1121	1.4268	1.2148	1.2821	0.9154	1.1945	0.8551	1.6062	0.0000	0.5361	-0.0067	-0.2308	3.5843	3.0096	46.7516	5.7427	0.0177	0.0177	0.0000	0.0136	0.0136	0.0000	0.0042	0.0042	0.0000	1.1897	0.7745	0.4152	0.6103	0.5713	0.0389	0.5795	0.2032	0.3763	0.1211	0.1079	0.0132	0.0420	0.0402	0.0018	0.0790	0.0677	0.0113	0.9875	0.6965	0.2910	0.5023	0.4456	0.0567	0.4851	0.2509	0.2343	0.1214	0.1476	0.0000	0.2653	0.2629	0.0003	0.0441	0.0759	0.0000	1.2048	1.1121	1.4268	1.2148	1.2821	0.6862	1.1945	0.8101	1.6062
75	80	0.3323	13	1	0	1	0	0	0	0	0	N	N	N	N	N	N	N	N	N	N	N	N	0.0172	0.0195	0.0001	0.1750	0.2522	0.0001	0.0000	0.0000	0.0000	0.0414	0.0464	0.0001	0.1153	0.1202	0.0004	0.0000	0.0000	0.0001	2.4031	2.3774	2.4566	0.6592	0.4765	4.6609	3.7571	5.0834	2.4590	0.0003	0.4979	-0.0007	-0.3186	3.5843	1.0477	46.7516	6.1154	0.0019	0.0019	0.0000	0.0019	0.0019	0.0000	0.0000	0.0000	0.0000	1.5130	1.0101	0.5029	0.1814	0.1189	0.0625	1.3316	0.8912	0.4404	0.0463	0.0413	0.0051	0.0166	0.0159	0.0007	0.0297	0.0253	0.0044	0.6296	0.4249	0.2047	0.2752	0.2496	0.0256	0.3544	0.1753	0.1791	0.0172	0.0195	0.0001	0.1750	0.2522	0.0002	0.0000	0.0000	0.0000	2.4031	2.3774	2.4566	0.6592	0.4765	2.4404	3.7571	5.0834	2.4590
75	81	0.3258	12	0	0	0	0	0	0	0	0	N	N	N	N	N	N	N	N	N	N	N	N	0.6818	0.7523	0.4746	1.8232	1.8767	0.0109	0.0920	0.0000	0.5264	0.0743	0.0762	0.0593	0.2085	0.2178	0.0011	0.0097	0.0000	0.0678	0.1090	0.1013	0.1249	0.1144	0.1161	0.0987	0.1052	0.0824	0.1287	0.0966	0.6003	-0.0018	-0.0044	3.5843	1.9794	46.7516	1.0196	0.0061	0.0055	0.0005	0.0055	0.0055	0.0000	0.0005	0.0000	0.0005	0.0265	0.0165	0.0099	0.0116	0.0106	0.0010	0.0148	0.0059	0.0089	0.0817	0.0727	0.0090	0.0266	0.0254	0.0011	0.0551	0.0473	0.0079	0.2428	0.1633	0.0795	0.1018	0.0917	0.0101	0.1410	0.0716	0.0694	0.6818	0.7523	0.4746	1.8232	1.8767	0.0109	0.0920	0.0000	0.5264	0.1090	0.1013	0.1249	0.1144	0.1161	0.0987	0.1052	0.0824	0.1287
75	82	0.3237	11	0	0	0	0	0	0	0	0	N	N	N	N	N	N	N	N	N	N	N	N	0.8252	0.6692	1.7348	1.2354	1.1736	1.7402	0.4653	0.0616	1.7360	0.0199	0.0191	0.0266	0.0541	0.0563	0.0056	0.0043	0.0001	0.0296	0.0241	0.0285	0.0154	0.0438	0.0480	0.0032	0.0092	0.0009	0.0170	0.1758	0.2679	-0.0002	-0.0007	3.5843	1.0114	46.7516	0.0202	0.0008	0.0007	0.0001	0.0007	0.0007	0.0000	0.0001	0.0000	0.0001	0.0022	0.0018	0.0005	0.0018	0.0017	0.0000	0.0005	0.0000	0.0005	0.0420	0.0373	0.0047	0.0132	0.0126	0.0006	0.0288	0.0247	0.0041	0.0926	0.0618	0.0307	0.0400	0.0363	0.0038	0.0525	0.0256	0.0270	0.8252	0.6692	1.7348	1.2354	1.1736	1.7402	0.4653	0.0616	1.7360	0.0241	0.0285	0.0154	0.0438	0.0480	0.0032	0.0092	0.0009	0.0170
75	83	0.3031	10	0	0	0	0	0	0	0	0	N	N	N	N	N	N	N	N	N	N	N	N	0.9408	6.8300	0.0011	6.8127	7.7470	0.0042	0.2851	753.9636	0.0011	0.3372	0.3773	0.0011	0.6967	0.7319	0.0007	0.1573	0.1819	0.0011	0.3584	0.0552	0.9640	0.1023	0.0945	0.1758	0.5518	0.0002	1.0752	0.0003	8.7370	-0.0341	0.1107	3.5843	5.9223	46.7516	3.6882	0.0895	0.0895	0.0000	0.0617	0.0617	0.0000	0.0278	0.0278	0.0000	0.3125	0.0321	0.2804	0.0384	0.0320	0.0063	0.2742	0.0001	0.2741	0.2655	0.2372	0.0283	0.0885	0.0843	0.0043	0.1769	0.1529	0.0240	0.8719	0.5810	0.2909	0.3751	0.3391	0.0360	0.4968	0.2419	0.2549	0.9408	6.8300	0.0011	6.8127	7.7470	0.0042	0.2851	753.9636	0.0011	0.3584	0.0552	0.9640	0.1023	0.0945	0.1758	0.5518	0.0002	1.0752
75	84	0.2304	4	0	1	0	0	0	0	0	0	N	N	N	N	N	N	N	N	N	N	N	N	0.4367	0.5779	0.0305	0.7555	0.7398	0.7790	0.3531	0.3912	0.0212	0.5993	0.6749	0.0534	0.3053	0.3121	0.1638	0.7092	0.8271	0.0407	1.3723	1.1679	1.7513	0.4040	0.4218	0.2103	2.0088	2.1141	1.9137	0.0109	0.8086	-0.0696	-0.4322	3.5843	7.1084	46.7516	28.8937	0.1880	0.1859	0.0020	0.0261	0.0254	0.0006	0.1619	0.1605	0.0014	4.5082	2.4926	2.0156	0.5265	0.5034	0.0231	3.9817	1.9892	1.9925	0.3137	0.2755	0.0382	0.0854	0.0814	0.0039	0.2283	0.1941	0.0342	3.2852	2.1343	1.1509	1.3031	1.1934	0.1097	1.9821	0.9409	1.0412	0.4367	0.5779	0.0305	0.7555	0.7398	0.7790	0.3531	0.3912	0.0212	1.3723	1.1679	1.7513	0.4040	0.4218	0.2103	2.0088	2.1141	1.9137
75	85	0.2229	3	0	1	0	0	0	0	0	0	N	N	N	N	N	N	N	N	N	N	N	N	0.7887	0.5562	2.4897	0.5890	0.5269	4.3032	1.1408	0.6368	2.4943	0.2872	0.2596	0.4115	0.2876	0.2797	0.3489	0.2868	0.2296	0.4443	0.3642	0.4667	0.1653	0.4882	0.5309	0.0811	0.2514	0.3606	0.1781	0.3525	0.1826	-0.0094	-0.1572	3.5843	2.2208	46.7516	3.9129	0.0781	0.0577	0.0204	0.0431	0.0372	0.0059	0.0349	0.0205	0.0144	0.4046	0.3421	0.0625	0.2583	0.2542	0.0041	0.1463	0.0879	0.0584	0.2719	0.2224	0.0495	0.1500	0.1330	0.0170	0.1219	0.0894	0.0324	1.1110	0.7330	0.3780	0.5290	0.4789	0.0502	0.5819	0.2541	0.3278	0.7887	0.5562	2.4897	0.5890	0.5269	4.3032	1.1408	0.6640	2.4943	0.3642	0.4667	0.1653	0.4882	0.5309	0.0811	0.2514	0.3459	0.1781
75	86	0.2338	3	0	0	1	0	0	0	0	0	N	N	N	N	N	N	N	N	N	N	N	N	0.0416	0.0389	0.0593	0.2203	0.2088	1.1674	0.0189	0.0111	0.0578	0.0840	0.0784	0.1206	0.1345	0.1394	0.0767	0.0565	0.0416	0.1320	2.0224	2.0155	2.0354	0.6107	0.6677	0.0657	2.9939	3.7536	2.2838	0.2388	0.5313	-0.0041	-0.4769	3.5843	5.3425	46.7516	7.0749	0.0218	0.0176	0.0042	0.0123	0.0118	0.0006	0.0095	0.0058	0.0037	2.4331	1.5889	0.8442	0.2995	0.2965	0.0030	2.1336	1.2924	0.8412	0.2596	0.2247	0.0349	0.0917	0.0845	0.0072	0.1679	0.1402	0.0277	1.2031	0.7883	0.4148	0.4905	0.4440	0.0464	0.7126	0.3443	0.3683	0.0416	0.0389	0.0593	0.2203	0.2088	1.1674	0.0189	0.0111	0.0578	2.0224	2.0155	2.0354	0.6107	0.6677	0.0657	2.9939	3.7536	2.2838
75	87	0.1906	2	0	0	0	0	0	0	0	0	N	N	N	N	N	N	N	N	N	N	N	N	0.7712	0.7447	0.0888	0.9659	0.9964	0.4814	0.2972	0.5040	0.0952	0.3339	0.4109	0.0198	0.6539	0.7445	0.0092	0.0630	0.0767	0.0240	0.4329	0.5518	0.2224	0.6769	0.7472	0.0191	0.2121	0.1521	0.2520	0.0118	0.2277	-0.0735	-0.5707	3.5843	7.0719	46.7516	13.7350	0.1990	0.1967	0.0023	0.1786	0.1783	0.0003	0.0203	0.0183	0.0020	1.5964	1.3003	0.2961	1.1859	1.1826	0.0032	0.4105	0.1177	0.2928	0.5959	0.4786	0.1174	0.2732	0.2395	0.0337	0.3227	0.2391	0.0837	3.6874	2.3564	1.3310	1.7518	1.5827	0.1691	1.9356	0.7737	1.1619	0.7712	0.7447	0.0888	0.9659	0.9964	0.4814	0.2972	0.5040	0.0952	0.4329	0.5518	0.2224	0.6769	0.7472	0.0191	0.2121	0.1521	0.2520
75	88	0.3583	16	1	0	1	0	0	0	0	0	N	N	N	N	N	N	N	N	N	N	N	N	0.0000	0.0000	0.0000	0.0000	0.0000	0.0000	0.0000	0.0000	0.0000	0.0000	0.0000	0.0000	0.0000	0.0000	0.0000	0.0000	0.0000	0.0000	0.0000	0.0000	3.5843	0.0000	46.7516	0.0000	0.0000	0.0000	0.0000	0.0000	0.0000	0.0000	0.0000	0.0000	0.0000	0.0000	0.0000	0.0000	0.0000	0.0000	0.0000	0.0000	0.0000	0.0000	0.0000	0.0000	0.0000	0.0000	0.0000	0.0000	0.0000	0.0000	0.0000	0.0000	0.0000	0.0000	0.0000	0.0000	0.0000	0.0000	0.0000	0.0000	0.0000	0.0000	0.0000	0.0000	0.0000	0.0000	0.0000	0.0000	0.0000	0.0000	0.0000	0.0000	0.0000	0.0000	0.0000	0.0000	0.0000	0.0000											
75	89	0.3563	15	1	0	1	0	0	0	0	0	N	N	N	N	N	N	N	N	N	N	N	N	0.3559	0.0000	517.8685	0.0007	0.0000	3.6544	1716.0064	0.0000	2256.6820	1.5852	0.0001	6.2350	0.0068	0.0002	0.3170	2.9490	0.0000	6.4671	4.4540	6.7293	0.0120	9.6468	9.8767	0.0868	0.0017	0.0001	0.0029	16555.5882	0.0009	0.0000	-0.3848	3.5843	0.0001	46.7516	0.9161	0.0000	0.0000	0.0000	0.0000	0.0000	0.0000	0.0000	0.0000	0.0000	0.7099	0.7092	0.0006	0.7097	0.7092	0.0005	0.0001	0.0000	0.0001	0.0000	0.0000	0.0000	0.0000	0.0000	0.0000	0.0000	0.0000	0.0000	0.1594	0.1054	0.0540	0.0777	0.0718	0.0059	0.0817	0.0336	0.0481	0.3559	0.0000	517.8685	0.0007	0.0000	3.6544	1716.0064	0.0000	2256.6820	4.4540	6.7293	0.0120	9.1330	9.8767	0.0868	0.0017	0.0001	0.0029
75	90	0.3315	14	1	0	1	0	0	0	0	0	N	N	N	N	N	N	N	N	N	N	N	N	36.0956	0.1094	305.5915	0.1901	0.0793	2.4041	113.6441	281.8840	411.6417	5.3429	0.0162	45.3574	0.0457	0.0199	0.3240	8.4784	0.0138	61.9026	0.1480	0.1478	0.1484	0.2404	0.2508	0.1348	0.0746	0.0000	0.1504	373.4211	0.4637	0.5788	-0.0339	3.5843	3.7876	46.7516	7.8440	0.9391	0.0025	0.9366	0.0030	0.0012	0.0018	0.9362	0.0013	0.9348	0.1499	0.1024	0.0475	0.1078	0.1024	0.0054	0.0421	0.0000	0.0421	0.1758	0.1551	0.0207	0.0654	0.0598	0.0055	0.1104	0.0953	0.0151	1.0125	0.6926	0.3199	0.4483	0.4082	0.0401	0.5642	0.2844	0.2798	36.0956	0.1094	305.5915	0.1901	0.0793	2.4041	113.6441	281.8840	411.6417	0.1480	0.1478	0.1484	0.2404	0.2508	0.1348	0.0746	0.0000	0.1504
75	91	0.2633	6	0	1	0	1	0	0	0	0	N	N	N	N	N	N	N	N	N	N	N	N	0.3656	0.0058	1.6864	1.0764	0.0571	8.0924	0.2925	0.0000	1.3076	0.5114	0.0082	2.3149	0.3191	0.0162	4.1310	0.6528	0.0001	2.0120	1.3986	1.4120	1.3727	0.2964	0.2846	0.5105	2.2315	2.9568	1.5386	78.9044	0.5018	0.0438	-0.4943	3.5843	1.8247	46.7516	16.3284	0.0723	0.0009	0.0714	0.0191	0.0009	0.0182	0.0532	0.0000	0.0532	2.3668	1.5760	0.7908	0.2159	0.1836	0.0323	2.1509	1.3924	0.7585	0.1414	0.1105	0.0308	0.0599	0.0555	0.0044	0.0815	0.0550	0.0264	1.6922	1.1161	0.5761	0.7284	0.6452	0.0831	0.9639	0.4709	0.4930	0.3656	0.0058	1.6864	1.0764	0.0571	10.6428	0.2925	0.0000	1.3076	1.3986	1.4120	1.3727	0.2964	0.2846	0.3881	2.2315	2.9568	1.5386
75	92	0.2528	5	0	1	0	0	0	0	0	0	N	N	N	N	N	N	N	N	N	N	N	N	0.1662	0.6098	0.0000	0.6301	0.8628	0.0000	0.0000	0.0238	0.0000	0.0839	0.0980	0.0000	0.2461	0.2596	0.0000	0.0000	0.0000	0.0000	0.5045	0.1607	1.1578	0.3906	0.3009	1.3745	0.5764	0.0015	1.1519	0.0000	3.7925	-0.0134	0.2526	3.5843	9.1310	46.7516	16.1726	0.0353	0.0353	0.0000	0.0353	0.0353	0.0000	0.0000	0.0000	0.0000	1.0168	0.2122	0.8046	0.3044	0.2112	0.0931	0.7124	0.0009	0.7115	0.4209	0.3602	0.0607	0.1434	0.1359	0.0075	0.2775	0.2243	0.0532	2.0153	1.3204	0.6950	0.7793	0.7020	0.0773	1.2360	0.6183	0.6177	0.1662	0.6098	0.0000	0.6301	0.8628	0.0000	0.0000	0.0238	0.0000	0.5045	0.1607	1.1578	0.3906	0.3009	1.2055	0.5764	0.0015	1.1519
75	93	0.3378	11	0	1	0	0	0	0	0	0	N	N	N	N	N	N	N	N	N	N	N	N	4.6598	0.0024	32495.0573	1.0801	0.0050	23526.2187	17.3504	0.0000	39829.4126	1.0423	0.0008	9.1862	0.3792	0.0021	9.7948	1.3948	0.0000	9.1049	0.2237	0.3233	0.0003	0.3511	0.4219	0.0004	0.0804	0.1505	0.0002	1483.2685	0.0004	0.1125	-0.1717	3.5843	4.0959	46.7516	8.7137	0.1820	0.0001	0.1818	0.0230	0.0001	0.0229	0.1590	0.0000	0.1590	0.3164	0.3162	0.0001	0.2629	0.2628	0.0001	0.0535	0.0534	0.0001	0.1746	0.1548	0.0198	0.0606	0.0583	0.0023	0.1140	0.0965	0.0175	1.4144	0.9781	0.4363	0.7487	0.6230	0.1257	0.6657	0.3551	0.3106	4.6598	0.0024	32495.0573	1.0801	0.0050	23526.2187	17.3504	0.0000	39829.4126	0.2237	0.3233	0.0003	0.3511	0.4219	0.0004	0.0804	0.1505	0.0002
75	94	0.3195	10	0	1	0	0	0	0	0	0	N	N	N	N	N	N	N	N	N	N	N	N	0.0616	0.0015	187.5529	0.0609	0.0015	486.5064	0.1565	0.0037	99.4235	0.0301	0.0011	0.2478	0.0538	0.0016	1.1600	0.0159	0.0007	0.0951	0.4890	0.7112	0.0013	0.8837	1.0537	0.0024	0.1017	0.1881	0.0010	31.3197	0.0008	0.0023	-0.2182	3.5843	2.9443	46.7516	6.1524	0.0040	0.0001	0.0039	0.0027	0.0001	0.0026	0.0013	0.0000	0.0013	0.4025	0.4021	0.0003	0.3602	0.3601	0.0002	0.0423	0.0421	0.0002	0.1322	0.1167	0.0156	0.0495	0.0473	0.0022	0.0827	0.0693	0.0133	0.8231	0.5654	0.2576	0.4076	0.3417	0.0659	0.4155	0.2237	0.1918	0.0616	0.0015	187.5529	0.0609	0.0015	486.5064	0.1565	0.0037	99.4235	0.4890	0.7112	0.0013	0.8837	1.0537	0.0024	0.1017	0.1881	0.0010
75	95	0.3170	9	0	0	0	0	0	0	0	0	N	N	N	N	N	N	N	N	N	N	N	N	0.0940	0.0750	0.2974	1.1065	0.8991	39.5477	0.0003	0.0000	0.0544	0.0918	0.1024	0.0112	0.2447	0.2548	0.0509	0.0006	0.0000	0.0037	0.9763	1.3639	0.0377	0.2212	0.2835	0.0013	2.1220	3.4963	0.0682	0.0144	0.0114	-0.0013	-0.1827	3.5843	0.8596	46.7516	1.2300	0.0035	0.0035	0.0001	0.0035	0.0035	0.0000	0.0000	0.0000	0.0000	0.3436	0.3397	0.0039	0.0469	0.0469	0.0001	0.2967	0.2929	0.0038	0.0386	0.0341	0.0045	0.0144	0.0137	0.0007	0.0242	0.0204	0.0038	0.3519	0.2491	0.1029	0.2121	0.1653	0.0468	0.1398	0.0838	0.0561	0.0940	0.0750	0.2974	1.1065	0.8991	39.5477	0.0003	0.0000	0.0544	0.9763	1.3639	0.0377	0.2212	0.2835	0.0013	2.1220	3.4963	0.0682
75	96	0.3052	8	0	0	0	0	0	0	0	0	N	N	N	N	N	N	N	N	N	N	N	N	0.1106	0.2357	0.0037	1.0176	0.9519	0.4318	0.0010	0.0021	0.0000	0.0560	0.0629	0.0036	0.1434	0.1488	0.0249	0.0009	0.0011	0.0000	0.5067	0.2668	0.9799	0.1409	0.1563	0.0576	0.9160	0.5270	1.2787	0.0075	1.8621	-0.0043	0.0494	3.5843	3.7737	46.7516	2.5241	0.0114	0.0113	0.0001	0.0113	0.0112	0.0001	0.0001	0.0001	0.0000	0.4590	0.1604	0.2986	0.0674	0.0631	0.0043	0.3916	0.0973	0.2943	0.2037	0.1802	0.0236	0.0788	0.0754	0.0034	0.1249	0.1048	0.0201	0.9060	0.6012	0.3048	0.4785	0.4039	0.0746	0.4275	0.1973	0.2302	0.1106	0.2357	0.0037	1.0176	0.9519	0.4318	0.0010	0.0022	0.0000	0.5067	0.2668	0.9799	0.1409	0.1563	0.0576	0.9160	0.4929	1.2787
75	97	0.2843	7	0	0	0	0	0	0	0	0	N	N	N	N	N	N	N	N	N	N	N	N	0.7903	1.1813	0.0450	4.6701	5.1882	0.0129	0.2824	0.3251	0.0543	0.4432	0.5006	0.0367	0.7990	0.8775	0.0024	0.2426	0.2749	0.0489	0.5608	0.4238	0.8167	0.1711	0.1691	0.1897	0.8589	0.8456	0.9002	0.0104	1.0317	-0.0480	-0.0235	3.5843	6.4922	46.7516	4.5502	0.1295	0.1282	0.0013	0.0842	0.0842	0.0000	0.0453	0.0440	0.0013	0.6691	0.3293	0.3398	0.0885	0.0792	0.0093	0.5806	0.2501	0.3305	0.2922	0.2560	0.0362	0.1054	0.0959	0.0095	0.1868	0.1601	0.0267	1.1931	0.7770	0.4160	0.5171	0.4682	0.0489	0.6760	0.3088	0.3672	0.7903	1.1813	0.0450	4.6701	5.1882	0.0129	0.2824	0.3394	0.0543	0.5608	0.4238	0.8167	0.1711	0.1691	0.1897	0.8589	0.8100	0.9002
75	98	0.3315	14	0	1	0	0	0	0	0	0	N	N	N	N	N	N	N	N	N	N	N	N	0.0222	0.1447	0.0000	0.2271	0.4852	0.0000	0.0078	0.0464	0.0000	0.0536	0.0612	0.0000	0.0820	0.0921	0.0000	0.0314	0.0363	0.0000	2.4124	0.4228	6.7186	0.3611	0.1898	3.7633	4.0344	0.7825	7.3856	0.0000	7.3421	-0.0015	0.9376	3.5843	1.3608	46.7516	12.1483	0.0040	0.0040	0.0000	0.0027	0.0027	0.0000	0.0013	0.0013	0.0000	2.7808	0.3333	2.4474	0.1838	0.0879	0.0959	2.5970	0.2455	2.3515	0.0749	0.0656	0.0093	0.0328	0.0292	0.0036	0.0420	0.0363	0.0057	1.1527	0.7884	0.3643	0.5090	0.4631	0.0459	0.6437	0.3253	0.3184	0.0222	0.1447	0.0000	0.2271	0.4852	0.0000	0.0078	0.0481	0.0000	2.4124	0.4228	6.7186	0.3611	0.1898	2.0906	4.0344	0.7546	7.3856
75	99	0.3278	13	0	0	0	0	0	0	0	0	N	N	N	N	N	N	N	N	N	N	N	N	1.0726	1.9869	0.0599	0.7273	0.8904	0.0567	1.5957	107.5105	0.0938	0.3896	0.5079	0.0353	0.2858	0.3632	0.0128	0.5397	0.7382	0.0597	0.3632	0.2556	0.5886	0.3929	0.4079	0.2263	0.3382	0.0069	0.6367	0.0232	1.0995	-0.0366	-0.0017	3.5843	1.5300	46.7516	0.7696	0.1022	0.0998	0.0023	0.0443	0.0438	0.0004	0.0579	0.0560	0.0019	0.0907	0.0432	0.0475	0.0449	0.0428	0.0021	0.0458	0.0004	0.0454	0.2622	0.1966	0.0656	0.1549	0.1207	0.0342	0.1072	0.0759	0.0314	0.2497	0.1690	0.0807	0.1143	0.1048	0.0095	0.1354	0.0642	0.0712	1.0726	1.9869	0.0599	0.7273	0.8904	0.0567	1.5957	107.5105	0.0938	0.3632	0.2556	0.5886	0.3929	0.4079	0.2263	0.3382	0.0069	0.6367
75	100	0.3190	12	0	0	0	0	0	0	0	0	N	N	N	N	N	N	N	N	N	N	N	N	4.8385	2.6044	37.0654	0.5263	0.3405	22.8543	31.3483	535.3631	46.3413	0.6263	0.4309	1.9167	0.1320	0.0948	0.4031	0.9084	0.6265	2.6758	0.1294	0.1655	0.0517	0.2509	0.2783	0.0176	0.0290	0.0012	0.0577	0.6735	0.1448	0.0024	-0.0238	3.5843	3.6906	46.7516	1.4800	0.1104	0.0660	0.0444	0.0085	0.0053	0.0031	0.1019	0.0606	0.0413	0.0572	0.0500	0.0072	0.0502	0.0498	0.0004	0.0070	0.0001	0.0069	0.1763	0.1531	0.0232	0.0641	0.0563	0.0077	0.1122	0.0968	0.0154	0.4420	0.3020	0.1400	0.2001	0.1790	0.0210	0.2419	0.1230	0.1189	4.8385	2.6044	37.0654	0.5263	0.3405	22.8543	31.3483	535.3631	46.3413	0.1294	0.1655	0.0517	0.2509	0.2783	0.0176	0.0290	0.0012	0.0577
75	101	0.3190	11	0	0	0	0	0	0	0	0	N	N	N	N	N	N	N	N	N	N	N	N	1.8131	2.9899	0.1218	1.2411	1.5998	0.0239	2.9910	46.7151	0.6092	0.4226	0.5276	0.0433	0.3158	0.4316	0.0029	0.6373	0.6857	0.2436	0.2331	0.1765	0.3557	0.2544	0.2698	0.1216	0.2131	0.0147	0.3998	0.0227	0.9309	-0.0051	-0.0010	3.5843	0.1361	46.7516	0.4500	0.0141	0.0138	0.0003	0.0071	0.0070	0.0000	0.0071	0.0068	0.0003	0.0158	0.0082	0.0076	0.0084	0.0079	0.0004	0.0075	0.0002	0.0072	0.0334	0.0262	0.0072	0.0223	0.0163	0.0060	0.0111	0.0099	0.0012	0.0679	0.0465	0.0215	0.0329	0.0295	0.0034	0.0350	0.0170	0.0181	1.8131	2.9899	0.1218	1.2411	1.5998	0.0239	2.9910	46.7151	0.6092	0.2331	0.1765	0.3557	0.2544	0.2698	0.1216	0.2131	0.0147	0.3998
75	102	0.3031	10	0	0	0	0	0	0	0	0	N	N	N	N	N	N	N	N	N	N	N	N	0.0985	0.4372	0.0082	0.1632	0.3237	0.0004	0.0702	72.0975	0.0106	0.0862	0.0942	0.0179	0.1124	0.1184	0.0047	0.0715	0.0793	0.0208	0.8758	0.2154	2.1898	0.6888	0.3657	11.0656	1.0181	0.0011	1.9686	0.0221	5.1100	-0.0054	0.1935	3.5843	3.5591	46.7516	4.5341	0.0150	0.0146	0.0003	0.0070	0.0070	0.0000	0.0079	0.0076	0.0003	0.6595	0.1079	0.5515	0.2241	0.1077	0.1164	0.4353	0.0002	0.4351	0.1735	0.1555	0.0181	0.0624	0.0592	0.0032	0.1111	0.0963	0.0148	0.7530	0.5011	0.2519	0.3254	0.2945	0.0308	0.4276	0.2066	0.2210	0.0985	0.4372	0.0082	0.1632	0.3237	0.0012	0.0702	72.0975	0.0106	0.8758	0.2154	2.1898	0.6888	0.3657	3.7748	1.0181	0.0011	1.9686
75	103	0.2814	9	0	0	0	0	0	0	0	0	N	N	N	N	N	N	N	N	N	N	N	N	2.8965	103.2610	0.0014	67.3112	121.7265	0.0069	0.0622	47.5849	0.0013	5.2201	6.4676	0.0075	12.2340	13.1776	0.0072	0.1817	0.2495	0.0075	1.8022	0.0626	5.1719	0.1818	0.1083	1.0330	2.9225	0.0052	5.7711	0.0003	42.6279	-0.3757	0.7343	3.5843	2.8937	46.7516	8.0733	0.9866	0.9863	0.0003	0.9666	0.9665	0.0000	0.0200	0.0197	0.0002	1.6914	0.0388	1.6526	0.0697	0.0373	0.0324	1.6217	0.0014	1.6202	0.1890	0.1525	0.0365	0.0790	0.0733	0.0057	0.1100	0.0792	0.0308	0.9385	0.6190	0.3195	0.3836	0.3448	0.0388	0.5549	0.2741	0.2808	2.8965	103.2610	0.0014	67.3112	121.7265	0.0086	0.0622	47.5849	0.0013	1.8022	0.0626	5.1719	0.1818	0.1083	0.8352	2.9225	0.0052	5.7711
75	104	0.3392	9	0	1	0	0	0	0	0	0	N	N	N	N	N	N	N	N	N	N	N	N	0.1328	0.3969	0.0205	0.1866	0.2144	0.0193	0.1081	28.5053	0.0234	0.0487	0.0532	0.0219	0.0445	0.0483	0.0087	0.0530	0.0586	0.0287	0.3670	0.1341	1.0676	0.2382	0.2254	0.4506	0.4905	0.0021	1.2262	0.0683	2.6473	-0.0000	0.0150	3.5843	0.0277	46.7516	1.3445	0.0001	0.0001	0.0000	0.0000	0.0000	0.0000	0.0001	0.0000	0.0000	0.0818	0.0224	0.0594	0.0260	0.0223	0.0037	0.0558	0.0001	0.0557	0.0020	0.0017	0.0003	0.0010	0.0009	0.0001	0.0010	0.0008	0.0002	0.2229	0.1673	0.0556	0.1091	0.0989	0.0102	0.1138	0.0684	0.0454	0.1328	0.3969	0.0205	0.1866	0.2144	0.0240	0.1081	28.5053	0.0234	0.3670	0.1341	1.0676	0.2382	0.2254	0.3625	0.4905	0.0021	1.2262
75	105	0.2925	8	0	1	0	0	0	0	0	0	N	N	N	N	N	N	N	N	N	N	N	N	0.4101	1.3594	0.0977	0.3850	0.4186	0.1047	0.4432	81.8050	0.1623	0.4289	0.4604	0.2350	0.2136	0.2459	0.0227	0.6158	0.6445	0.4322	1.0460	0.3386	2.4047	0.5548	0.5874	0.2169	1.3896	0.0079	2.6637	0.0828	3.6967	-0.0356	0.4886	3.5843	5.1414	46.7516	16.4151	0.1167	0.1078	0.0089	0.0270	0.0266	0.0004	0.0897	0.0812	0.0085	2.0017	0.4262	1.5755	0.4370	0.4219	0.0150	1.5647	0.0043	1.5604	0.2722	0.2342	0.0380	0.1265	0.1082	0.0183	0.1457	0.1260	0.0197	1.9137	1.2585	0.6552	0.7877	0.7183	0.0694	1.1260	0.5402	0.5858	0.4101	1.3594	0.0977	0.3850	0.4186	0.1047	0.4432	81.8050	0.1623	1.0460	0.3386	2.4047	0.5548	0.5874	0.2169	1.3896	0.0079	2.6637
75	106	0.2843	7	0	0	0	0	0	0	0	0	N	N	N	N	N	N	N	N	N	N	N	N	4.3220	6.0346	0.0226	1.0166	1.0760	0.0783	7.3219	96.2107	0.0198	1.2901	1.4815	0.0089	0.3530	0.3962	0.0097	1.8885	2.1986	0.0085	0.2985	0.2455	0.3943	0.3473	0.3682	0.1243	0.2579	0.0229	0.4275	0.0009	0.8886	-0.0938	-0.0165	3.5843	3.8974	46.7516	1.6364	0.2468	0.2466	0.0002	0.0263	0.0262	0.0001	0.2205	0.2203	0.0001	0.2273	0.1204	0.1069	0.1201	0.1164	0.0037	0.1072	0.0040	0.1032	0.1913	0.1664	0.0249	0.0746	0.0662	0.0083	0.1167	0.1002	0.0165	0.7615	0.4902	0.2712	0.3457	0.3160	0.0297	0.4157	0.1742	0.2415	4.3220	6.0346	0.0226	1.0166	1.0760	0.0783	7.3219	96.2107	0.0198	0.2985	0.2455	0.3943	0.3473	0.3682	0.1243	0.2579	0.0229	0.4275
75	107	0.2633	6	0	0	0	0	0	0	0	0	N	N	N	N	N	N	N	N	N	N	N	N	0.3231	0.7253	0.0068	2.0041	2.7282	0.0316	0.1133	0.2710	0.0047	0.3162	0.4438	0.0114	0.4460	0.4867	0.0247	0.1811	0.3604	0.0090	0.9788	0.6119	1.6849	0.2225	0.1784	0.7817	1.5978	1.3299	1.8969	0.0107	1.4312	-0.0097	0.0483	3.5843	0.3701	46.7516	9.6236	0.0263	0.0260	0.0003	0.0189	0.0188	0.0001	0.0074	0.0072	0.0002	1.0568	0.4347	0.6221	0.1081	0.0763	0.0318	0.9487	0.3583	0.5903	0.0832	0.0586	0.0245	0.0424	0.0387	0.0037	0.0407	0.0199	0.0208	1.0796	0.7104	0.3692	0.4859	0.4279	0.0580	0.5937	0.2825	0.3112	0.3231	0.7253	0.0068	2.0041	2.7282	0.0451	0.1133	0.2842	0.0047	0.9788	0.6119	1.6849	0.2225	0.1784	0.5480	1.5978	1.2683	1.8969
75	108	0.2528	5	0	0	0	0	0	0	0	0	N	N	N	N	N	N	N	N	N	N	N	N	0.2235	0.1050	7.5994	0.4573	0.3619	15.1600	0.1335	0.0022	6.5258	0.3334	0.2358	0.5754	0.4154	0.3617	0.9868	0.2508	0.0082	0.5028	1.4916	2.2467	0.0757	0.9084	0.9996	0.0651	1.8789	3.7853	0.0771	0.9836	0.0180	0.0033	-0.3850	3.5843	0.4415	46.7516	4.8853	0.0286	0.0144	0.0142	0.0179	0.0142	0.0036	0.0107	0.0002	0.0105	0.7330	0.7200	0.0129	0.1782	0.1769	0.0012	0.5548	0.5431	0.0117	0.0858	0.0612	0.0247	0.0431	0.0394	0.0037	0.0428	0.0218	0.0210	0.4914	0.3205	0.1709	0.1962	0.1770	0.0191	0.2953	0.1435	0.1518	0.2235	0.1050	7.5994	0.4573	0.3619	15.1600	0.1335	0.0022	6.5258	1.4916	2.2467	0.0757	0.9084	0.9996	0.0651	1.8789	3.7853	0.0771
75	109	0.3117	10	1	1	0	1	0	0	0	0	N	N	N	N	N	N	N	N	N	N	N	N	0.0000	0.0000	0.0000	0.0000	0.0000	0.0000	0.0000	0.0000	0.0000	0.0000	0.0000	0.0000	0.0000	0.0000	0.0000	0.0000	0.0000	0.0000	0.0000	0.0000	3.5843	0.0000	46.7516	0.0000	0.0000	0.0000	0.0000	0.0000	0.0000	0.0000	0.0000	0.0000	0.0000	0.0000	0.0000	0.0000	0.0000	0.0000	0.0000	0.0000	0.0000	0.0000	0.0000	0.0000	0.0000	0.0000	0.0000	0.0000	0.0000	0.0000	0.0000	0.0000	0.0000	0.0000	0.0000	0.0000	0.0000	0.0000	0.0000	0.0000	0.0000	0.0000	0.0000	0.0000	0.0000	0.0000	0.0000	0.0000	0.0000	0.0000	0.0000	0.0000	0.0000	0.0000	0.0000	0.0000	0.0000	0.0000											
75	110	0.2968	9	1	1	0	1	0	0	0	0	N	N	N	N	N	N	N	N	N	N	N	N	0.0000	0.0000	0.0000	0.0000	0.0000	0.0000	0.0000	0.0000	0.0000	0.0000	0.0000	0.0000	0.0000	0.0000	0.0000	0.0000	0.0000	0.0000	1.2497	1.7286	0.3477	1.0358	0.9053	3.6323	1.4071	2.8387	0.0701	0.1068	0.0000	-0.3374	3.5843	0.0000	46.7516	7.1240	0.0000	0.0000	0.0000	0.0000	0.0000	0.0000	0.0000	0.0000	0.0000	0.7557	0.6828	0.0729	0.2656	0.2053	0.0603	0.4901	0.4775	0.0126	0.0000	0.0000	0.0000	0.0000	0.0000	0.0000	0.0000	0.0000	0.0000	0.6047	0.3950	0.2097	0.2564	0.2268	0.0297	0.3483	0.1682	0.1801	0.0000	0.0000	0.0000	0.0000	0.0000	0.0000	0.0000	0.0000	0.0000	1.2497	1.7286	0.3477	1.0358	0.9053	2.0336	1.4071	2.8387	0.0701	
75	111	0.3057	11	0	1	0	1	0	0	0	0	N	N	N	N	N	N	N	N	N	N	N	N	0.0018	0.0232	0.0003	0.0231	0.0294	0.0084	0.0000	0.0000	0.0001	0.0044	0.0046	0.0021	0.0100	0.0100	0.0101	0.0001	0.0000	0.0012	2.3756	0.1983	6.6156	0.4320	0.3396	1.2100	3.9310	0.0000	7.7850	0.0401	17.1359	-0.0000	0.4028	3.5843	0.0016	46.7516	5.0076	0.0000	0.0000	0.0000	0.0000	0.0000	0.0000	0.0000	0.0000	0.0000	1.0023	0.0553	0.9470	0.0810	0.0553	0.0258	0.9213	0.0000	0.9213	0.0002	0.0002	0.0000	0.0001	0.0001	0.0000	0.0001	0.0001	0.0000	0.4219	0.2787	0.1431	0.1875	0.1627	0.0248	0.2344	0.1160	0.1183	0.0018	0.0232	0.0003	0.0231	0.0294	0.0098	0.0000	0.0000	0.0001	2.3756	0.1983	6.6156	0.4320	0.3396	1.0380	3.9310	0.0000	7.7850
75	112	0.2989	10	0	1	0	1	0	0	0	0	N	N	N	N	N	N	N	N	N	N	N	N	0.0266	0.8559	0.0000	1.0612	1.5100	0.0000	0.0000	0.0000	0.0000	0.0919	0.1033	0.0000	0.2954	0.3055	0.0000	0.0000	0.0000	0.0000	3.4521	0.1207	9.5951	0.2784	0.2023	1.0376	5.9050	0.0010	11.0545	0.0000	43.0945	-0.0014	0.4299	3.5843	1.0012	46.7516	2.1373	0.0037	0.0037	0.0000	0.0037	0.0037	0.0000	0.0000	0.0000	0.0000	0.9898	0.0224	0.9673	0.0348	0.0224	0.0124	0.9550	0.0001	0.9549	0.0406	0.0361	0.0045	0.0126	0.0122	0.0004	0.0280	0.0239	0.0041	0.2867	0.1859	0.1008	0.1250	0.1106	0.0144	0.1617	0.0753	0.0864	0.0266	0.8559	0.0000	1.0612	1.5100	0.0000	0.0000	0.0000	0.0000	3.4521	0.1207	9.5951	0.2784	0.2023	0.8608	5.9050	0.0010	11.0545
75	113	0.3072	10	0	1	0	0	0	0	0	0	N	N	N	N	N	N	N	N	N	N	N	N	0.0018	0.0316	0.0000	0.0021	0.0473	0.0000	0.0021	0.1375	0.0000	0.0029	0.0033	0.0000	0.0079	0.0082	0.0000	0.0003	0.0004	0.0000	1.6026	0.1032	4.4880	3.7260	0.1725	194.6576	0.1399	0.0026	0.2689	0.0000	22.5923	-0.0000	0.3416	3.5843	0.9705	46.7516	5.0371	0.0001	0.0001	0.0000	0.0001	0.0001	0.0000	0.0000	0.0000	0.0000	0.8239	0.0349	0.7890	0.7841	0.0346	0.7495	0.0399	0.0004	0.0395	0.0437	0.0390	0.0047	0.0151	0.0146	0.0005	0.0287	0.0245	0.0042	0.5141	0.3383	0.1758	0.2293	0.2004	0.0289	0.2848	0.1380	0.1469	0.0018	0.0316	0.0000	0.0023	0.0473	0.0000	0.0021	0.1375	0.0000	1.6026	0.1032	4.4880	3.4195	0.1725	25.9149	0.1399	0.0026	0.2689
75	114	0.2989	10	0	0	1	1	0	0	0	0	N	N	N	N	N	N	N	N	N	N	N	N	0.0000	0.0000	0.0000	0.0000	0.0000	0.0000	0.0000	0.0000	0.0000	0.0000	0.0000	0.0000	0.0000	0.0077	0.0121	0.0000	0.0173	0.0192	0.0000	0.0000	0.0000	0.0000	0.0000	0.0000	-0.0005	3.5843	0.0000	46.7516	1.1303	0.0000	0.0000	0.0000	0.0000	0.0000	0.0000	0.0000	0.0000	0.0000	0.0009	0.0009	0.0000	0.0009	0.0009	0.0000	0.0000	0.0000	0.0000	0.0000	0.0000	0.0000	0.0000	0.0000	0.0000	0.0000	0.0000	0.0000	0.1194	0.0759	0.0436	0.0531	0.0478	0.0053	0.0664	0.0281	0.0383	0.0000	0.0000	0.0000	0.0000	0.0000	0.0000	0.0000	0.0000	0.0000	0.0077	0.0121	0.0000	0.0173	0.0192	0.0000	0.0000	0.0000	0.0000						
75	115	0.2968	9	0	0	0	1	0	0	0	0	N	N	N	N	N	N	N	N	N	N	N	N	0.0000	0.0000	0.0000	0.0000	0.0000	0.0000	0.0000	0.0000	0.0000	0.0000	0.0000	0.0000	0.0000	0.0000	0.0000	0.0000	0.0000	0.0000	6.1601	9.6431	0.0127	13.3653	14.7636	0.0123	0.5516	1.3083	0.0128	0.0007	0.0000	-0.4299	3.5843	0.0000	46.7516	1.2340	0.0000	0.0000	0.0000	0.0000	0.0000	0.0000	0.0000	0.0000	0.0000	0.7928	0.7922	0.0006	0.7529	0.7528	0.0001	0.0399	0.0394	0.0005	0.0000	0.0000	0.0000	0.0000	0.0000	0.0000	0.0000	0.0000	0.0000	0.1287	0.0822	0.0465	0.0563	0.0510	0.0053	0.0724	0.0312	0.0412	0.0000	0.0000	0.0000	0.0000	0.0000	0.0000	0.0000	0.0000	0.0000	6.1601	9.6431	0.0127	13.3653	14.7636	0.0123	0.5516	1.2641	0.0128	
75	116	0.3043	10	0	0	1	1	0	0	0	0	N	N	N	N	N	N	N	N	N	N	N	N	20.6234	292.4082	0.0000	19.5040	41.7959	0.0000	23.3252	666655.9802	0.0000	2.9611	3.4224	0.0000	0.7230	0.8409	0.0000	5.3232	6.1126	0.0000	0.1436	0.0117	0.4146	0.0371	0.0201	0.1657	0.2282	0.0000	0.4612	0.0000	17.2358	-0.0675	0.0098	3.5843	0.9725	46.7516	0.9874	0.1770	0.1770	0.0000	0.0222	0.0222	0.0000	0.1548	0.1548	0.0000	0.0243	0.0013	0.0230	0.0028	0.0013	0.0014	0.0216	0.0000	0.0215	0.0598	0.0517	0.0081	0.0307	0.0264	0.0043	0.0291	0.0253	0.0038	0.1695	0.1140	0.0555	0.0750	0.0663	0.0087	0.0944	0.0477	0.0467	20.6234	292.4082	0.0000	19.5040	41.7959	0.0000	23.3252	666655.9802	0.0000	0.1436	0.0117	0.4146	0.0371	0.0201	0.1657	0.2282	0.0000	0.4612
75	117	0.3043	10	0	0	1	1	0	0	0	0	N	N	N	N	N	N	N	N	N	N	N	N	0.1067	3.6351	0.0000	2.1934	2.8395	0.0000	0.0088	8350.9000	0.0000	0.2637	0.3318	0.0000	0.3336	0.4492	0.0000	0.0379	0.0394	0.0000	2.4713	0.0913	7.3401	0.1521	0.1582	0.1076	4.2973	0.0000	8.7297	0.0000	39.3075	-0.0020	0.3597	3.5843	0.0285	46.7516	4.0215	0.0051	0.0051	0.0000	0.0049	0.0049	0.0000	0.0002	0.0002	0.0000	0.8322	0.0206	0.8116	0.0226	0.0206	0.0019	0.8097	0.0000	0.8097	0.0194	0.0154	0.0040	0.0148	0.0110	0.0038	0.0046	0.0044	0.0002	0.3368	0.2262	0.1106	0.1483	0.1305	0.0178	0.1884	0.0957	0.0927	0.1067	3.6351	0.0000	2.1934	2.8395	0.0000	0.0088	8350.9000	0.0000	2.4713	0.0913	7.3401	0.1521	0.1582	0.1076	4.2973	0.0000	8.7297
75	118	0.2968	9	0	0	1	1	0	0	0	0	N	N	N	N	N	N	N	N	N	N	N	N	15.1417	11.9983	0.0000	21.3290	19.6060	0.0000	7.8564	2172.6134	0.0000	0.8122	0.9134	0.0000	2.4941	2.5795	0.0000	0.0533	0.0624	0.0000	0.0536	0.0761	0.0116	0.1169	0.1316	0.0029	0.0068	0.0000	0.0130	0.0000	0.0813	-0.0376	-0.0113	3.5843	3.0275	46.7516	2.1573	0.0987	0.0987	0.0000	0.0942	0.0942	0.0000	0.0045	0.0045	0.0000	0.0242	0.0223	0.0018	0.0224	0.0223	0.0001	0.0018	0.0000	0.0018	0.1215	0.1080	0.0134	0.0378	0.0365	0.0013	0.0837	0.0715	0.0122	0.4504	0.2935	0.1569	0.1916	0.1698	0.0218	0.2588	0.1237	0.1351	15.1417	11.9983	0.0000	21.3290	19.6060	0.0000	7.8564	2172.6134	0.0000	0.0536	0.0761	0.0116	0.1169	0.1316	0.0029	0.0068	0.0000	0.0130
75	119	0.3380	9	1	1	0	0	0	0	0	0	N	N	N	N	N	N	N	N	N	N	N	N	0.1076	0.3492	0.0000	0.3583	0.3911	0.0000	0.0007	9.2973	0.0000	0.1038	0.1198	0.0000	0.1881	0.2166	0.0000	0.0009	0.0010	0.0000	0.9645	0.3430	2.1898	0.5250	0.5537	0.2418	1.3277	0.0001	2.4644	0.0000	3.2387	-0.0057	0.1158	3.5843	2.1883	46.7516	3.1271	0.0150	0.0150	0.0000	0.0149	0.0149	0.0000	0.0001	0.0001	0.0000	0.5239	0.1236	0.4003	0.1290	0.1236	0.0055	0.3948	0.0000	0.3948	0.1446	0.1253	0.0193	0.0795	0.0690	0.0104	0.0651	0.0562	0.0089	0.5432	0.3604	0.1828	0.2458	0.2232	0.0226	0.2974	0.1372	0.1602	0.1076	0.3492	0.0000	0.3583	0.3911	0.0000	0.0007	9.2973	0.0000	0.9645	0.3430	2.1898	0.5250	0.5537	0.2418	1.3277	0.0001	2.4644
75	120	0.2711	8	1	1	0	0	0	0	0	0	N	N	N	N	N	N	N	N	N	N	N	N	0.2422	1.9999	0.0053	1.7343	1.8410	0.1021	0.0996	9.4337	0.0041	0.1222	0.1394	0.0072	0.2121	0.2217	0.0142	0.0755	0.0901	0.0062	0.5044	0.0697	1.3539	0.1223	0.1204	0.1392	0.7579	0.0095	1.5164	0.0077	9.9414	-0.0274	0.4218	3.5843	13.6104	46.7516	16.0982	0.0733	0.0727	0.0006	0.0435	0.0433	0.0001	0.0298	0.0294	0.0004	1.1537	0.1054	1.0482	0.1115	0.0988	0.0127	1.0421	0.0066	1.0355	0.5999	0.5217	0.0781	0.2050	0.1955	0.0095	0.3949	0.3262	0.0686	2.2872	1.5129	0.7742	0.9122	0.8209	0.0914	1.3749	0.6920	0.6829	0.2422	1.9999	0.0053	1.7343	1.8410	0.1021	0.0996	9.4337	0.0041	0.5044	0.0697	1.3539	0.1223	0.1204	0.1392	0.7579	0.0095	1.5164
75	121	0.2963	10	0	1	0	0	0	0	0	0	N	N	N	N	N	N	N	N	N	N	N	N	0.5428	0.0078	694.0274	0.6461	0.0289	1177.5110	0.4856	0.0002	585.6368	0.2695	0.0056	0.8761	0.1423	0.0080	1.3743	0.4169	0.0003	0.7711	0.4966	0.7215	0.0013	0.2203	0.2751	0.0012	0.8584	1.5870	0.0013	67.8097	0.0008	0.0179	-0.2805	3.5843	0.3548	46.7516	4.6068	0.0296	0.0004	0.0291	0.0084	0.0004	0.0080	0.0212	0.0000	0.0212	0.5174	0.5170	0.0004	0.1302	0.1300	0.0001	0.3872	0.3869	0.0003	0.1097	0.0764	0.0333	0.0589	0.0531	0.0058	0.0508	0.0234	0.0275	1.0420	0.7165	0.3255	0.5909	0.4727	0.1182	0.4511	0.2438	0.2073	0.5428	0.0078	694.0274	0.6461	0.0289	1177.5110	0.4856	0.0002	585.6368	0.4966	0.7215	0.0013	0.2203	0.2751	0.0012	0.8584	1.5870	0.0013
75	122	0.2814	9	0	1	0	0	0	0	0	0	N	N	N	N	N	N	N	N	N	N	N	N	0.3532	0.0472	8.4889	0.7581	0.2879	25.6088	0.2912	0.0061	7.1017	0.3947	0.0757	1.5142	0.3013	0.1243	2.3339	0.4728	0.0190	1.3532	1.1175	1.6038	0.1784	0.3974	0.4319	0.0911	1.6232	3.1126	0.1905	5.7053	0.0576	0.0264	-0.3584	3.5843	1.6911	46.7516	5.7022	0.0562	0.0084	0.0478	0.0195	0.0074	0.0121	0.0367	0.0010	0.0357	0.7337	0.6937	0.0400	0.1076	0.1051	0.0025	0.6260	0.5886	0.0375	0.1423	0.1107	0.0316	0.0647	0.0595	0.0052	0.0776	0.0512	0.0264	0.6565	0.4325	0.2240	0.2708	0.2434	0.0274	0.3857	0.1891	0.1966	0.3532	0.0472	8.4889	0.7581	0.2879	25.6088	0.2912	0.0061	7.1017	1.1175	1.6038	0.1784	0.3974	0.4319	0.0911	1.6232	3.1126	0.1905
75	123	0.2711	8	0	0	0	0	0	0	0	0	N	N	N	N	N	N	N	N	N	N	N	N	4.2024	2.9692	8.3832	7.5465	6.6926	16.9318	3.0032	0.2084	7.7267	0.2276	0.1164	0.6975	0.2585	0.2200	0.7974	0.2033	0.0098	0.6794	0.0542	0.0392	0.0832	0.0343	0.0329	0.0471	0.0677	0.0471	0.0879	1.4177	1.0925	0.0081	-0.0005	3.5843	2.0929	46.7516	3.1856	0.0396	0.0164	0.0232	0.0198	0.0157	0.0041	0.0198	0.0007	0.0191	0.0251	0.0120	0.0131	0.0064	0.0056	0.0009	0.0187	0.0064	0.0122	0.1739	0.1406	0.0333	0.0764	0.0713	0.0051	0.0975	0.0693	0.0282	0.4635	0.3060	0.1575	0.1878	0.1696	0.0182	0.2757	0.1364	0.1393	4.2024	2.9692	8.3832	7.5465	6.6926	16.9318	3.0032	0.2084	7.7267	0.0542	0.0392	0.0832	0.0343	0.0329	0.0471	0.0677	0.0471	0.0879
75	124	0.3118	11	1	1	0	0	0	0	0	0	N	N	N	N	N	N	N	N	N	N	N	N	0.0000	0.0000	0.0000	0.0000	0.0000	0.0000	0.0000	0.0000	0.0000	0.0000	0.0000	0.0000	0.0000	0.0000	0.0000	0.0000	0.0000	0.0000	0.0000	0.0000	3.5843	0.0000	46.7516	0.0000	0.0000	0.0000	0.0000	0.0000	0.0000	0.0000	0.0000	0.0000	0.0000	0.0000	0.0000	0.0000	0.0000	0.0000	0.0000	0.0000	0.0000	0.0000	0.0000	0.0000	0.0000	0.0000	0.0000	0.0000	0.0000	0.0000	0.0000	0.0000	0.0000	0.0000	0.0000	0.0000	0.0000	0.0000	0.0000	0.0000	0.0000	0.0000	0.0000	0.0000	0.0000	0.0000	0.0000	0.0000	0.0000	0.0000	0.0000	0.0000	0.0000	0.0000	0.0000	0.0000	0.0000	0.0000											
75	125	0.3072	10	1	1	0	0	0	0	0	0	N	N	N	N	N	N	N	N	N	N	N	N	0.0004	0.0013	0.0000	0.0052	0.0075	0.0000	0.0000	0.0000	0.0000	0.0019	0.0022	0.0000	0.0044	0.0046	0.0000	0.0000	0.0000	0.0000	4.7702	1.7207	10.6634	0.8463	0.6052	4.4191	8.1964	3.4975	12.4660	0.0000	3.2069	-0.0000	0.2198	3.5843	0.1434	46.7516	1.9839	0.0000	0.0000	0.0000	0.0000	0.0000	0.0000	0.0000	0.0000	0.0000	1.0021	0.2382	0.7639	0.0829	0.0515	0.0314	0.9192	0.1867	0.7325	0.0102	0.0092	0.0010	0.0045	0.0044	0.0002	0.0057	0.0049	0.0008	0.2101	0.1384	0.0716	0.0979	0.0850	0.0129	0.1121	0.0534	0.0588	0.0004	0.0013	0.0000	0.0052	0.0075	0.0000	0.0000	0.0000	0.0000	4.7702	1.7207	10.6634	0.8463	0.6052	2.4386	8.1964	3.4975	12.4660
75	126	0.2968	9	0	1	0	0	0	0	0	0	N	N	N	N	N	N	N	N	N	N	N	N	0.3281	0.6974	0.0000	1.1031	1.3979	0.0000	0.0000	0.0000	0.0000	0.0354	0.0398	0.0000	0.1137	0.1176	0.0000	0.0000	0.0000	0.0000	0.1078	0.0570	0.2025	0.1031	0.0841	0.2515	0.1112	0.0196	0.1947	0.0000	1.9019	-0.0010	0.0051	3.5843	1.8882	46.7516	2.9115	0.0027	0.0027	0.0000	0.0027	0.0027	0.0000	0.0000	0.0000	0.0000	0.0452	0.0156	0.0296	0.0184	0.0133	0.0051	0.0268	0.0023	0.0245	0.0762	0.0678	0.0084	0.0237	0.0229	0.0008	0.0525	0.0448	0.0077	0.4194	0.2732	0.1463	0.1786	0.1584	0.0202	0.2408	0.1148	0.1261	0.3281	0.6974	0.0000	1.1031	1.3979	0.0000	0.0000	0.0000	0.0000	0.1078	0.0570	0.2025	0.1031	0.0841	0.2515	0.1112	0.0196	0.1947
75	127	0.2711	8	0	0	0	0	0	0	0	0	N	N	N	N	N	N	N	N	N	N	N	N	0.3593	0.0457	13.8718	1.2762	0.5076	232177.3143	0.2551	0.0000	10.6807	0.3630	0.0668	1.8047	0.3288	0.1452	3.1631	0.3864	0.0001	1.5748	1.0103	1.4619	0.1301	0.2576	0.2861	0.0000	1.5148	2.8807	0.1474	5.5545	0.0457	0.0390	-0.5267	3.5843	3.5543	46.7516	9.0319	0.0837	0.0128	0.0710	0.0308	0.0128	0.0180	0.0530	0.0000	0.0530	1.0549	1.0089	0.0461	0.1080	0.1080	0.0000	0.9470	0.9009	0.0461	0.2307	0.1913	0.0393	0.0936	0.0879	0.0057	0.1371	0.1035	0.0336	1.0442	0.6901	0.3541	0.4190	0.3774	0.0416	0.6252	0.3127	0.3124	0.3593	0.0457	13.8718	1.2762	0.5076	232177.3143	0.2551	0.0000	10.6807	1.0103	1.4619	0.1301	0.2576	0.2861	0.0000	1.5148	2.8807	0.1474
75	128	0.2674	7	0	0	0	0	0	0	0	0	N	N	N	N	N	N	N	N	N	N	N	N	11.2959	9.1017	20.1841	10.8799	9.7674	43.5823	11.0655	22.2633	18.0784	0.2057	0.1607	0.3907	0.3205	0.3051	0.4712	0.1144	0.0169	0.3692	0.0182	0.0177	0.0194	0.0295	0.0312	0.0108	0.0103	0.0008	0.0204	0.5902	0.5216	-0.0004	-0.0012	3.5843	2.6246	46.7516	0.7212	0.0390	0.0246	0.0145	0.0269	0.0233	0.0037	0.0121	0.0013	0.0108	0.0060	0.0039	0.0021	0.0040	0.0039	0.0001	0.0020	0.0001	0.0019	0.1898	0.1527	0.0371	0.0840	0.0762	0.0078	0.1058	0.0765	0.0293	0.3299	0.2235	0.1064	0.1357	0.1240	0.0118	0.1942	0.0996	0.0946	11.2959	9.1017	20.1841	10.8799	9.7674	43.5823	11.0655	22.2633	18.0784	0.0182	0.0177	0.0194	0.0295	0.0312	0.0108	0.0103	0.0008	0.0204
75	129	0.2617	6	0	0	0	0	0	0	0	0	N	N	N	N	N	N	N	N	N	N	N	N	45.0980	63.7993	16.8826	57.1789	60.6088	26.3519	33.9051	117.1749	14.9201	0.6772	0.7468	0.3679	1.0551	1.0890	0.6171	0.4291	0.4662	0.3221	0.0150	0.0117	0.0218	0.0185	0.0180	0.0234	0.0127	0.0040	0.0216	0.1108	0.9101	-0.0391	-0.0004	3.5843	3.3474	46.7516	1.3769	0.1390	0.1251	0.0139	0.0858	0.0822	0.0036	0.0532	0.0429	0.0103	0.0068	0.0035	0.0032	0.0034	0.0030	0.0004	0.0034	0.0005	0.0028	0.2052	0.1675	0.0377	0.0813	0.0755	0.0058	0.1239	0.0920	0.0318	0.4503	0.3025	0.1479	0.1834	0.1671	0.0163	0.2670	0.1354	0.1316	45.0980	63.7993	16.8826	57.1789	60.6088	26.3519	33.9051	117.1749	14.9201	0.0150	0.0117	0.0218	0.0185	0.0180	0.0234	0.0127	0.0040	0.0216
75	130	0.2528	5	0	0	0	0	0	0	0	0	N	N	N	N	N	N	N	N	N	N	N	N	0.8677	1.7037	0.6639	1.8030	1.4588	25.5184	0.5075	3.9168	0.5176	0.3364	0.2480	0.5580	0.4243	0.3744	0.9587	0.2486	0.0244	0.4875	0.3877	0.1455	0.8405	0.2353	0.2566	0.0376	0.4899	0.0062	0.9418	0.8974	3.0876	0.0027	0.0349	3.5843	0.4686	46.7516	4.0374	0.0292	0.0154	0.0138	0.0184	0.0149	0.0036	0.0108	0.0005	0.0103	0.1643	0.0402	0.1241	0.0401	0.0394	0.0006	0.1242	0.0008	0.1235	0.0869	0.0621	0.0248	0.0434	0.0397	0.0037	0.0435	0.0224	0.0211	0.4238	0.2762	0.1477	0.1702	0.1537	0.0165	0.2536	0.1225	0.1311	0.8677	1.7037	0.6639	1.8030	1.4588	25.5184	0.5075	3.9168	0.5176	0.3877	0.1455	0.8405	0.2353	0.2566	0.0376	0.4899	0.0062	0.9418
75	131	0.2353	4	0	0	0	0	0	0	0	0	N	N	N	N	N	N	N	N	N	N	N	N	2.6164	3.8702	0.0779	0.3828	0.4269	0.0850	4.2920	8.1887	0.0640	3.6640	4.5129	0.1485	0.5227	0.5519	0.2421	6.1518	8.4278	0.1230	1.4004	1.1661	1.9051	1.3655	1.2929	2.8468	1.4333	1.0292	1.9236	0.0079	0.7585	-0.3746	-0.2123	3.5843	3.2951	46.7516	6.3724	1.0039	0.9960	0.0079	0.0633	0.0605	0.0028	0.9406	0.9354	0.0052	1.9019	1.0815	0.8204	0.9002	0.7378	0.1623	1.0017	0.3437	0.6580	0.2740	0.2207	0.0533	0.1211	0.1097	0.0114	0.1529	0.1110	0.0419	1.3581	0.9275	0.4306	0.6592	0.5707	0.0885	0.6989	0.3568	0.3421	2.6164	3.8702	0.0779	0.3828	0.4269	0.1320	4.2920	8.7494	0.0640	1.4004	1.1661	1.9051	1.3655	1.2929	1.8336	1.4333	0.9632	1.9236
75	132	0.2229	3	0	0	0	0	0	0	0	0	N	N	N	N	N	N	N	N	N	N	N	N	0.5422	0.3991	3.6015	1.1380	1.1396	2.1965	0.1475	0.0419	4.1808	0.3884	0.4205	0.2426	0.6050	0.6580	0.1882	0.1286	0.0782	0.2708	0.7163	1.0537	0.0674	0.5316	0.5774	0.0857	0.8721	1.8665	0.0648	0.1271	0.0332	-0.0289	-0.4796	3.5843	2.3562	46.7516	6.2610	0.1077	0.0955	0.0121	0.0915	0.0882	0.0032	0.0162	0.0073	0.0089	0.9389	0.9087	0.0302	0.3187	0.3139	0.0048	0.6201	0.5947	0.0254	0.2772	0.2272	0.0500	0.1512	0.1341	0.0171	0.1260	0.0931	0.0330	1.3106	0.8624	0.4482	0.5996	0.5438	0.0558	0.7111	0.3186	0.3925	0.5422	0.3991	3.6015	1.1380	1.1396	2.1965	0.1475	0.0419	4.1808	0.7163	1.0537	0.0674	0.5316	0.5774	0.0857	0.8721	1.8665	0.0648
75	133	0.1906	2	0	0	0	0	0	0	0	0	N	N	N	N	N	N	N	N	N	N	N	N	0.4999	0.3885	1.7050	0.4554	0.4501	3.1741	0.5511	0.2983	1.6456	0.4265	0.4937	0.1955	0.4069	0.4432	0.1794	0.4489	0.5679	0.2033	0.8531	1.2709	0.1147	0.8936	0.9847	0.0565	0.8146	1.9037	0.1235	0.1152	0.0510	-0.0543	-1.4448	3.5843	3.4088	46.7516	13.4864	0.1955	0.1753	0.0202	0.0998	0.0937	0.0061	0.0958	0.0816	0.0142	2.9223	2.7804	0.1419	1.4929	1.4836	0.0093	1.4294	1.2968	0.1326	0.4585	0.3551	0.1033	0.2452	0.2114	0.0337	0.2133	0.1437	0.0696	3.4254	2.1877	1.2376	1.6705	1.5066	0.1640	1.7548	0.6812	1.0737	0.4999	0.3885	1.7050	0.4554	0.4501	3.1741	0.5511	0.2983	1.6456	0.8531	1.2709	0.1147	0.8936	0.9847	0.0565	0.8146	1.9037	0.1235
76	78	0.1239	12	1	2	1	0	0	0	0	0	N	Y	N	N	N	N	N	N	N	N	N	N	0.0000	0.0000	0.0000	0.0000	0.0000	0.0000	0.0000	0.0000	0.0000	0.0000	0.0000	0.0000	0.0000	0.0000	0.0000	0.0000	0.0000	0.0015	0.0024	0.0000	0.0055	0.0060	0.0000	0.0000	0.0000	0.0000	0.0011	0.0000	-0.0000	1.0003	8.4371	1.0071	15.3349	0.0000	0.0000	0.0000	0.0000	0.0000	0.0000	0.0000	0.0000	0.0000	0.0001	0.0001	0.0000	0.0001	0.0001	0.0000	0.0000	0.0000	0.0000	0.0659	0.0580	0.0079	0.0136	0.0130	0.0006	0.0523	0.0450	0.0073	0.0590	0.0364	0.0226	0.0161	0.0147	0.0014	0.0429	0.0217	0.0212	0.0000	0.0000	0.0000	0.0000	0.0000	0.0000	0.0000	0.0000	0.0000	0.0015	0.0024	0.0000	0.0055	0.0060	0.0000	0.0000	0.0000	0.0000		
76	79	0.0113	2	2	1	2	0	0	0	0	0	Y	N	Y	N	N	N	N	N	N	N	N	N	0.0016	0.0083	0.0000	0.5222	0.5384	0.0000	0.0000	0.0000	0.0001	0.0002	0.0000	0.0261	0.0270	0.0000	0.0000	0.0000	0.0000	0.0893	0.0201	0.1836	0.0499	0.0501	0.0417	0.1014	0.0000	0.1850	0.0000	6.6759	-0.0000	0.0011	1.0003	3.0096	1.0071	5.7427	0.0000	0.0000	0.0000	0.0000	0.0000	0.0000	0.0000	0.0000	0.0000	0.0033	0.0004	0.0029	0.0004	0.0004	0.0000	0.0029	0.0000	0.0029	0.0208	0.0178	0.0029	0.0001	0.0001	0.0000	0.0206	0.0177	0.0029	0.0375	0.0216	0.0159	0.0089	0.0087	0.0002	0.0286	0.0129	0.0157	0.0016	0.0083	0.0000	0.5222	0.5384	0.0000	0.0000	0.0000	0.0000	0.0893	0.0201	0.1836	0.0499	0.0501	0.0417	0.1014	0.0000	0.1850	
76	84	0.1438	14	1	2	1	0	0	0	0	0	N	Y	N	N	N	N	N	N	N	N	N	N	42.5006	30.0064	0.0008	0.0007	11139.8528	6381.0258	0.0062	0.0072	0.0000	0.0000	0.0000	0.0000	0.0075	0.0087	0.0000	0.0001	0.0002	0.0000	0.0005	0.0005	0.0000	0.0000	0.0000	0.0000	0.0000	0.0000	-0.0001	-0.0000	1.0003	7.1084	1.0071	28.8937	0.0003	0.0003	0.0000	0.0000	0.0000	0.0000	0.0003	0.0003	0.0000	0.0000	0.0000	0.0000	0.0000	0.0000	0.0000	0.0000	0.0000	0.0000	0.0496	0.0433	0.0063	0.0084	0.0079	0.0005	0.0412	0.0354	0.0058	0.0827	0.0510	0.0317	0.0251	0.0226	0.0025	0.0576	0.0284	0.0292	42.5006	30.0064	0.0000	0.0008	0.0007	0.0000	11139.8528	6381.0258	0.0000	0.0001	0.0002	0.0000	0.0005	0.0005	0.0000	0.0000	0.0000	0.0000			
76	85	0.1363	13	1	2	1	0	0	0	0	0	N	Y	N	N	N	N	N	N	N	N	N	N	0.0028	0.0022	0.0026	0.0002	0.0002	0.0000	0.0853	0.0945	0.0076	0.0000	0.0000	0.0000	0.0000	0.0000	0.0000	0.0000	0.0000	0.0000	0.0040	0.0057	0.0004	0.0104	0.0108	0.0042	0.0002	0.0002	0.0002	0.0111	0.0355	-0.0000	-0.0001	1.0003	2.2208	1.0071	3.9129	0.0000	0.0000	0.0000	0.0000	0.0000	0.0000	0.0000	0.0000	0.0000	0.0001	0.0001	0.0000	0.0001	0.0001	0.0000	0.0000	0.0000	0.0000	0.0257	0.0229	0.0029	0.0094	0.0088	0.0006	0.0163	0.0140	0.0023	0.0261	0.0177	0.0084	0.0097	0.0092	0.0005	0.0164	0.0085	0.0079	0.0028	0.0022	0.0026	0.0002	0.0002	0.0000	0.0853	0.0945	0.0076	0.0040	0.0057	0.0004	0.0104	0.0108	0.0042	0.0002	0.0002	0.0002
76	86	0.2118	15	1	1	2	0	0	0	0	0	N	N	Y	N	N	N	N	N	N	N	N	N	0.0000	0.0000	0.0000	0.0000	0.0000	0.0000	0.0000	0.0000	0.0000	0.0000	0.0000	0.0000	0.0000	0.0000	0.0000	0.0000	0.0000	0.0000	0.0000	0.0000	0.0000	0.0000	0.0003	0.0000	0.0000	0.0000	15.0588	0.0000	0.0000	1.0003	5.3425	1.0071	7.0749	0.0000	0.0000	0.0000	0.0000	0.0000	0.0000	0.0000	0.0000	0.0000	0.0000	0.0000	0.0000	0.0000	0.0000	0.0000	0.0000	0.0000	0.0000	0.0411	0.0361	0.0050	0.0071	0.0067	0.0004	0.0341	0.0294	0.0047	0.0298	0.0182	0.0117	0.0089	0.0080	0.0009	0.0209	0.0102	0.0107	0.0000	0.0000	0.0000	0.0000	0.0000	0.0000	0.0000	0.0000	0.0000	0.0000	0.0000	0.0000	0.0000	0.0000	0.0003	0.0000	0.0000	0.0000		
76	87	0.1686	14	1	1	1	0	0	0	0	0	N	N	N	N	N	N	N	N	N	N	N	N	0.0000	0.0000	0.0000	0.0000	0.0000	0.0000	0.0000	0.0000	0.0000	0.0000	0.0000	0.0000	0.0000	0.0000	0.0000	0.0000	0.0000	0.0000	0.0009	0.0004	0.0019	0.0027	0.0008	0.0218	0.0001	0.0000	0.0001	2.8949	0.0000	0.0000	1.0003	7.0719	1.0071	13.7350	0.0000	0.0000	0.0000	0.0000	0.0000	0.0000	0.0000	0.0000	0.0000	0.0001	0.0000	0.0000	0.0001	0.0000	0.0000	0.0000	0.0000	0.0000	0.0618	0.0545	0.0073	0.0175	0.0163	0.0013	0.0443	0.0382	0.0060	0.0618	0.0389	0.0229	0.0205	0.0187	0.0018	0.0413	0.0202	0.0211	0.0000	0.0000	0.0000	0.0000	0.0000	0.0000	0.0000	0.0000	0.0000	0.0009	0.0004	0.0019	0.0027	0.0008	0.0218	0.0001	0.0000	0.0001	
76	88	0.1112	12	2	1	2	0	0	0	0	0	Y	N	Y	N	N	N	N	N	N	N	N	N	0.0000	0.0000	0.0000	0.0000	0.0000	0.0000	0.0000	0.0000	0.0000	0.0000	0.0000	0.0000	0.0000	0.0000	0.0000	0.0000	0.0000	0.0000	0.0000	0.0000	1.0003	0.0000	1.0071	0.0000	0.0000	0.0000	0.0000	0.0000	0.0000	0.0000	0.0000	0.0000	0.0000	0.0000	0.0000	0.0000	0.0000	0.0000	0.0000	0.0000	0.0000	0.0000	0.0000	0.0000	0.0000	0.0000	0.0000	0.0000	0.0000	0.0000	0.0000	0.0000	0.0000	0.0000	0.0000	0.0000	0.0000	0.0000	0.0000	0.0000	0.0000	0.0000	0.0000	0.0000	0.0000	0.0000	0.0000	0.0000	0.0000	0.0000	0.0000	0.0000	0.0000	0.0000	0.0000	0.0000	0.0000	0.0000											
76	89	0.1093	11	2	1	2	0	0	0	0	0	Y	N	Y	N	N	N	N	N	N	N	N	N	0.0000	0.0000	0.0000	0.0000	0.0000	0.0000	0.0000	0.0000	0.0000	0.0000	0.0000	0.0000	0.0000	0.0000	0.0000	0.0000	0.0000	0.0000	0.0000	0.0000	1.0003	0.0001	1.0071	0.9161	0.0000	0.0000	0.0000	0.0000	0.0000	0.0000	0.0000	0.0000	0.0000	0.0000	0.0000	0.0000	0.0000	0.0000	0.0000	0.0000	0.0000	0.0000	0.0000	0.0000	0.0000	0.0000	0.0000	0.0000	0.0000	0.0000	0.0000	0.0038	0.0025	0.0012	0.0012	0.0012	0.0000	0.0026	0.0013	0.0012	0.0000	0.0000	0.0000	0.0000	0.0000	0.0000	0.0000	0.0000	0.0000	0.0000	0.0000	0.0000	0.0000	0.0000	0.0000	0.0000	0.0000	0.0000											
76	90	0.0845	10	2	1	2	0	0	0	0	0	Y	N	Y	N	N	N	N	N	N	N	N	N	0.0000	0.0000	0.0000	0.0000	0.0000	0.0000	0.0000	0.0000	0.0000	0.0000	0.0000	0.0000	0.0000	0.0001	0.0002	0.0000	0.0005	0.0005	0.0000	0.0000	0.0000	0.0000	0.0001	0.0000	-0.0000	1.0003	3.7876	1.0071	7.8440	0.0000	0.0000	0.0000	0.0000	0.0000	0.0000	0.0000	0.0000	0.0000	0.0000	0.0000	0.0000	0.0000	0.0000	0.0000	0.0000	0.0000	0.0000	0.0275	0.0240	0.0035	0.0049	0.0046	0.0003	0.0226	0.0194	0.0032	0.0274	0.0149	0.0125	0.0045	0.0043	0.0003	0.0229	0.0107	0.0122	0.0000	0.0000	0.0000	0.0000	0.0000	0.0000	0.0000	0.0000	0.0000	0.0001	0.0002	0.0000	0.0005	0.0005	0.0000	0.0000	0.0000	0.0000						
76	91	0.1168	12	1	2	1	1	0	0	0	0	N	Y	N	N	N	N	N	N	N	N	N	N	0.0000	0.0000	0.0000	0.0000	0.0000	0.0000	0.0000	0.0000	0.0000	0.0000	0.0000	0.0000	0.0000	0.0000	0.0000	0.0000	0.0001	0.0000	0.0002	0.0002	0.0000	0.0000	0.0000	0.0000	0.0039	0.0000	-0.0000	1.0003	1.8247	1.0071	16.3284	0.0000	0.0000	0.0000	0.0000	0.0000	0.0000	0.0000	0.0000	0.0000	0.0000	0.0000	0.0000	0.0000	0.0000	0.0000	0.0000	0.0000	0.0000	0.0170	0.0150	0.0020	0.0044	0.0043	0.0001	0.0126	0.0108	0.0018	0.0413	0.0238	0.0175	0.0091	0.0084	0.0007	0.0322	0.0154	0.0167	0.0000	0.0000	0.0000	0.0000	0.0000	0.0000	0.0000	0.0000	0.0000	0.0000	0.0001	0.0000	0.0002	0.0002	0.0000	0.0000	0.0000	0.0000				
76	92	0.1064	11	1	2	1	0	0	0	0	0	N	Y	N	N	N	N	N	N	N	N	N	N	0.0000	0.0000	0.0000	0.0000	0.0000	0.0000	0.0000	0.0000	0.0000	0.0000	0.0000	0.0000	0.0000	0.0034	0.0000	0.0077	0.0000	0.0000	0.0000	0.0041	0.0000	0.0079	inf	0.0000	0.0001	1.0003	9.1310	1.0071	16.1726	0.0000	0.0000	0.0000	0.0000	0.0000	0.0000	0.0000	0.0000	0.0000	0.0002	0.0000	0.0002	0.0000	0.0000	0.0000	0.0002	0.0000	0.0002	0.0648	0.0568	0.0080	0.0125	0.0119	0.0006	0.0523	0.0449	0.0074	0.0501	0.0278	0.0222	0.0081	0.0073	0.0008	0.0419	0.0205	0.0214	0.0000	0.0000	0.0000	0.0000	0.0000	0.0000	0.0000	0.0000	0.0000	0.0034	0.0000	0.0077	0.0000	0.0000	0.0000	0.0041	0.0000	0.0079						
76	93	0.1913	17	1	2	1	0	0	0	0	0	N	Y	N	N	N	N	N	N	N	N	N	N	0.0000	0.0000	0.0000	0.0000	0.0000	0.0000	0.0000	0.0000	0.0000	0.0000	0.0000	0.0000	0.0000	0.0000	0.0000	0.0000	0.0000	0.0000	0.0000	0.0000	0.0000	0.0000	0.0000	0.0000	-0.0000	1.0003	4.0959	1.0071	8.7137	0.0000	0.0000	0.0000	0.0000	0.0000	0.0000	0.0000	0.0000	0.0000	0.0000	0.0000	0.0000	0.0000	0.0000	0.0000	0.0000	0.0000	0.0000	0.0298	0.0260	0.0038	0.0055	0.0052	0.0002	0.0243	0.0207	0.0036	0.0352	0.0220	0.0132	0.0131	0.0118	0.0014	0.0221	0.0103	0.0118	0.0000	0.0000	0.0000	0.0000	0.0000	0.0000	0.0000	0.0000	0.0000	0.0000	0.0000	0.0000	0.0000	0.0000	0.0000	0.0000	0.0000	0.0000						
76	94	0.1730	16	1	2	1	0	0	0	0	0	N	Y	N	N	N	N	N	N	N	N	N	N	0.0000	0.0000	0.0000	0.0000	0.0000	0.0000	0.0000	0.0000	0.0000	0.0000	0.0000	0.0000	0.0000	0.0000	0.0000	0.0000	0.0000	0.0000	0.0001	0.0001	0.0000	0.0001	0.0001	0.0000	0.0000	0.0000	0.0001	0.3910	0.0000	-0.0000	1.0003	2.9443	1.0071	6.1524	0.0000	0.0000	0.0000	0.0000	0.0000	0.0000	0.0000	0.0000	0.0000	0.0000	0.0000	0.0000	0.0000	0.0000	0.0000	0.0000	0.0000	0.0000	0.0227	0.0197	0.0030	0.0052	0.0050	0.0002	0.0175	0.0147	0.0028	0.0220	0.0137	0.0084	0.0076	0.0069	0.0007	0.0144	0.0067	0.0077	0.0000	0.0000	0.0000	0.0000	0.0000	0.0000	0.0000	0.0000	0.0000	0.0001	0.0001	0.0000	0.0001	0.0001	0.0000	0.0000	0.0000	0.0001	
76	95	0.1706	15	1	1	1	0	0	0	0	0	N	N	N	N	N	N	N	N	N	N	N	N	0.0000	0.0000	0.0000	0.0000	0.0000	0.0000	0.0000	0.0000	0.0000	0.0000	0.0000	0.0000	0.0000	0.0000	0.0000	0.0000	0.0000	0.0001	0.0000	0.0003	0.0000	0.0000	0.0001	0.0001	0.0000	0.0003	10.0947	0.0000	0.0000	1.0003	0.8596	1.0071	1.2300	0.0000	0.0000	0.0000	0.0000	0.0000	0.0000	0.0000	0.0000	0.0000	0.0000	0.0000	0.0000	0.0000	0.0000	0.0000	0.0000	0.0000	0.0000	0.0065	0.0057	0.0008	0.0015	0.0014	0.0001	0.0050	0.0042	0.0008	0.0096	0.0065	0.0031	0.0039	0.0037	0.0001	0.0058	0.0028	0.0030	0.0000	0.0000	0.0000	0.0000	0.0000	0.0000	0.0000	0.0000	0.0000	0.0001	0.0000	0.0003	0.0000	0.0000	0.0001	0.0001	0.0000	0.0003		
76	96	0.1587	14	1	1	1	0	0	0	0	0	N	N	N	N	N	N	N	N	N	N	N	N	0.0000	0.0000	0.0000	0.0000	0.0000	0.0000	0.0000	0.0000	0.0000	0.0000	0.0000	0.0000	0.0000	0.0000	0.0000	0.0000	0.0000	0.0007	0.0000	0.0018	0.0018	0.0000	0.0322	0.0000	0.0000	0.0000	43.1004	0.0000	0.0000	1.0003	3.7737	1.0071	2.5241	0.0000	0.0000	0.0000	0.0000	0.0000	0.0000	0.0000	0.0000	0.0000	0.0000	0.0000	0.0000	0.0000	0.0000	0.0000	0.0000	0.0000	0.0000	0.0364	0.0323	0.0041	0.0111	0.0106	0.0005	0.0253	0.0217	0.0036	0.0220	0.0140	0.0080	0.0083	0.0078	0.0004	0.0137	0.0062	0.0076	0.0000	0.0000	0.0000	0.0000	0.0000	0.0000	0.0000	0.0000	0.0000	0.0007	0.0000	0.0018	0.0018	0.0000	0.0322	0.0000	0.0000	0.0000		
76	97	0.1379	13	1	1	1	0	0	0	0	0	N	N	N	N	N	N	N	N	N	N	N	N	0.0000	0.0000	0.0000	0.0000	0.0000	0.0000	0.0000	0.0000	0.0000	0.0000	0.0000	0.0000	0.0000	0.0000	0.0000	0.0000	0.0000	0.0000	0.0005	0.0009	0.0000	0.0022	0.0024	0.0001	0.0000	0.0000	0.0000	0.0055	0.0000	-0.0000	1.0003	6.4922	1.0071	4.5502	0.0000	0.0000	0.0000	0.0000	0.0000	0.0000	0.0000	0.0000	0.0000	0.0000	0.0000	0.0000	0.0000	0.0000	0.0000	0.0000	0.0000	0.0000	0.0453	0.0395	0.0058	0.0082	0.0078	0.0004	0.0371	0.0317	0.0053	0.0272	0.0161	0.0111	0.0065	0.0060	0.0005	0.0207	0.0100	0.0106	0.0000	0.0000	0.0000	0.0000	0.0000	0.0000	0.0000	0.0000	0.0000	0.0005	0.0009	0.0000	0.0022	0.0024	0.0001	0.0000	0.0000	0.0000	
76	98	0.0845	10	1	2	1	0	0	0	0	0	N	Y	N	N	N	N	N	N	N	N	N	N	0.0000	0.0000	0.0000	0.0000	0.0000	0.0000	0.0000	0.0000	0.0000	0.0000	0.0000	0.0000	0.0000	0.0000	0.0000	0.0495	0.0000	0.1085	0.0000	0.0000	0.0001	0.0589	0.0000	0.1110	inf	0.0000	0.0007	1.0003	1.3608	1.0071	12.1483	0.0000	0.0000	0.0000	0.0000	0.0000	0.0000	0.0000	0.0000	0.0000	0.0015	0.0000	0.0015	0.0000	0.0000	0.0000	0.0015	0.0000	0.0015	0.0113	0.0100	0.0013	0.0031	0.0029	0.0002	0.0083	0.0071	0.0012	0.0311	0.0169	0.0142	0.0049	0.0046	0.0003	0.0261	0.0123	0.0139	0.0000	0.0000	0.0000	0.0000	0.0000	0.0000	0.0000	0.0000	0.0000	0.0495	0.0000	0.1085	0.0000	0.0000	0.0001	0.0589	0.0000	0.1110				
76	99	0.0808	9	1	1	1	0	0	0	0	0	N	N	N	N	N	N	N	N	N	N	N	N	0.0000	0.0000	0.0000	0.0000	0.0000	0.0000	0.0000	0.0000	0.0000	0.0000	0.0000	0.0000	0.0000	0.0000	0.0000	0.0000	0.0000	0.0003	0.0001	0.0005	0.0002	0.0002	0.0000	0.0003	0.0000	0.0005	3.9677	0.0000	0.0000	1.0003	1.5300	1.0071	0.7696	0.0000	0.0000	0.0000	0.0000	0.0000	0.0000	0.0000	0.0000	0.0000	0.0000	0.0000	0.0000	0.0000	0.0000	0.0000	0.0000	0.0000	0.0000	0.0127	0.0110	0.0017	0.0026	0.0024	0.0002	0.0100	0.0085	0.0015	0.0103	0.0057	0.0046	0.0033	0.0032	0.0001	0.0071	0.0025	0.0046	0.0000	0.0000	0.0000	0.0000	0.0000	0.0000	0.0000	0.0000	0.0000	0.0003	0.0001	0.0005	0.0002	0.0002	0.0000	0.0003	0.0000	0.0005		
76	100	0.0719	8	1	1	1	0	0	0	0	0	N	N	N	N	N	N	N	N	N	N	N	N	0.0000	0.0000	0.0000	0.0000	0.0000	0.0000	0.0000	0.0000	0.0000	0.0000	0.0000	0.0000	0.0000	0.0000	0.0000	0.0000	0.0000	0.0000	0.0001	0.0000	0.0000	0.0000	0.0000	0.0000	0.0001	3.5324	0.0000	0.0000	1.0003	3.6906	1.0071	1.4800	0.0000	0.0000	0.0000	0.0000	0.0000	0.0000	0.0000	0.0000	0.0000	0.0000	0.0000	0.0000	0.0000	0.0000	0.0000	0.0000	0.0000	0.0000	0.0254	0.0221	0.0033	0.0026	0.0025	0.0001	0.0228	0.0196	0.0032	0.0181	0.0097	0.0084	0.0048	0.0047	0.0002	0.0133	0.0050	0.0083	0.0000	0.0000	0.0000	0.0000	0.0000	0.0000	0.0000	0.0000	0.0000	0.0000	0.0000	0.0001	0.0000	0.0000	0.0000	0.0000	0.0000	0.0001			
76	101	0.0719	7	1	1	1	0	0	0	0	0	N	N	N	N	N	N	N	N	N	N	N	N	0.0000	0.0000	0.0000	0.0000	0.0000	0.0000	0.0000	0.0000	0.0000	0.0000	0.0000	0.0000	0.0000	0.0000	0.0000	0.0000	0.0000	0.0001	0.0001	0.0001	0.0001	0.0001	0.0000	0.0001	0.0001	0.0001	0.5549	0.0000	-0.0000	1.0003	0.1361	1.0071	0.4500	0.0000	0.0000	0.0000	0.0000	0.0000	0.0000	0.0000	0.0000	0.0000	0.0000	0.0000	0.0000	0.0000	0.0000	0.0000	0.0000	0.0000	0.0000	0.0016	0.0014	0.0002	0.0004	0.0004	0.0000	0.0012	0.0010	0.0002	0.0078	0.0041	0.0037	0.0034	0.0034	0.0000	0.0044	0.0007	0.0036	0.0000	0.0000	0.0000	0.0000	0.0000	0.0000	0.0000	0.0000	0.0000	0.0001	0.0001	0.0001	0.0001	0.0001	0.0000	0.0001	0.0001	0.0001		
76	102	0.0561	6	1	1	1	0	0	0	0	0	N	N	N	N	N	N	N	N	N	N	N	N	0.0000	0.0000	0.0000	0.0000	0.0000	0.0000	0.0000	0.0000	0.0000	0.0000	0.0000	0.0000	0.0000	0.0000	0.0000	0.0000	0.0000	0.0000	0.0000	0.0000	0.0001	0.0001	0.0000	0.0000	0.0000	0.0000	0.3394	0.0000	-0.0000	1.0003	3.5591	1.0071	4.5341	0.0000	0.0000	0.0000	0.0000	0.0000	0.0000	0.0000	0.0000	0.0000	0.0000	0.0000	0.0000	0.0000	0.0000	0.0000	0.0000	0.0000	0.0000	0.0327	0.0292	0.0034	0.0090	0.0088	0.0002	0.0237	0.0204	0.0033	0.0278	0.0149	0.0129	0.0070	0.0068	0.0002	0.0208	0.0081	0.0126	0.0000	0.0000	0.0000	0.0000	0.0000	0.0000	0.0000	0.0000	0.0000	0.0000	0.0000	0.0000	0.0001	0.0001	0.0000	0.0000	0.0000	0.0000		
76	104	0.1928	15	1	2	1	0	0	0	0	0	N	Y	N	N	N	N	N	N	N	N	N	N	0.0000	0.0000	0.0000	0.0000	0.0000	0.0000	0.0000	0.0000	0.0000	0.0000	0.0000	0.0000	0.0000	0.0000	0.0000	0.0000	0.0001	0.0001	0.0000	0.0000	0.0000	0.0000	0.0000	0.0000	-0.0000	1.0003	0.0277	1.0071	1.3445	0.0000	0.0000	0.0000	0.0000	0.0000	0.0000	0.0000	0.0000	0.0000	0.0000	0.0000	0.0000	0.0000	0.0000	0.0000	0.0000	0.0000	0.0000	0.0003	0.0003	0.0000	0.0001	0.0001	0.0000	0.0002	0.0002	0.0000	0.0070	0.0054	0.0016	0.0030	0.0028	0.0002	0.0039	0.0025	0.0014	0.0000	0.0000	0.0000	0.0000	0.0000	0.0000	0.0000	0.0000	0.0000	0.0000	0.0000	0.0000	0.0001	0.0001	0.0000	0.0000	0.0000	0.0000						
76	105	0.1461	14	1	2	1	0	0	0	0	0	N	Y	N	N	N	N	N	N	N	N	N	N	0.0000	0.0000	0.0000	0.0000	0.0000	0.0000	0.0000	0.0000	0.0000	0.0000	0.0000	0.0000	0.0000	0.0000	0.0000	0.0000	0.0000	0.0000	0.0000	0.0000	0.0000	0.0000	0.0000	0.0000	0.0000	0.0000	0.0000	0.5944	0.0000	-0.0000	1.0003	5.1414	1.0071	16.4151	0.0000	0.0000	0.0000	0.0000	0.0000	0.0000	0.0000	0.0000	0.0000	0.0000	0.0000	0.0000	0.0000	0.0000	0.0000	0.0000	0.0000	0.0000	0.0370	0.0325	0.0045	0.0085	0.0081	0.0004	0.0286	0.0244	0.0042	0.0441	0.0260	0.0181	0.0101	0.0092	0.0010	0.0339	0.0169	0.0171	0.0000	0.0000	0.0000	0.0000	0.0000	0.0000	0.0000	0.0000	0.0000	0.0000	0.0000	0.0000	0.0000	0.0000	0.0000	0.0000	0.0000	0.0000	
76	106	0.1379	13	1	1	1	0	0	0	0	0	N	N	N	N	N	N	N	N	N	N	N	N	0.0000	0.0000	0.0000	0.0000	0.0000	0.0000	0.0000	0.0000	0.0000	0.0000	0.0000	0.0000	0.0000	0.0000	0.0000	0.0000	0.0000	0.0000	0.0000	0.0000	0.0000	0.0000	0.0003	0.0000	0.0000	0.0000	1.8672	0.0000	0.0000	1.0003	3.8974	1.0071	1.6364	0.0000	0.0000	0.0000	0.0000	0.0000	0.0000	0.0000	0.0000	0.0000	0.0000	0.0000	0.0000	0.0000	0.0000	0.0000	0.0000	0.0000	0.0000	0.0282	0.0246	0.0036	0.0053	0.0051	0.0003	0.0228	0.0195	0.0033	0.0165	0.0101	0.0064	0.0046	0.0044	0.0003	0.0119	0.0057	0.0061	0.0000	0.0000	0.0000	0.0000	0.0000	0.0000	0.0000	0.0000	0.0000	0.0000	0.0000	0.0000	0.0000	0.0000	0.0003	0.0000	0.0000	0.0000		
76	107	0.1168	12	1	1	1	0	0	0	0	0	N	N	N	N	N	N	N	N	N	N	N	N	0.0000	0.0000	0.0000	0.0000	0.0000	0.0000	0.0000	0.0000	0.0000	0.0000	0.0000	0.0000	0.0000	0.0000	0.0000	0.0000	0.0000	0.0000	0.0001	0.0001	0.0000	0.0003	0.0003	0.0000	0.0000	0.0000	0.0000	0.0175	0.0000	-0.0000	1.0003	0.3701	1.0071	9.6236	0.0000	0.0000	0.0000	0.0000	0.0000	0.0000	0.0000	0.0000	0.0000	0.0000	0.0000	0.0000	0.0000	0.0000	0.0000	0.0000	0.0000	0.0000	0.0071	0.0064	0.0007	0.0027	0.0027	0.0000	0.0044	0.0037	0.0006	0.0262	0.0154	0.0108	0.0066	0.0062	0.0004	0.0197	0.0092	0.0104	0.0000	0.0000	0.0000	0.0000	0.0000	0.0000	0.0000	0.0000	0.0000	0.0001	0.0001	0.0000	0.0003	0.0003	0.0000	0.0000	0.0000	0.0000	
76	108	0.1064	11	1	1	1	0	0	0	0	0	N	N	N	N	N	N	N	N	N	N	N	N	0.0000	0.0000	0.0000	0.0000	0.0000	0.0000	0.0000	0.0000	0.0000	0.0000	0.0000	0.0000	0.0000	0.0000	0.0000	0.0000	0.0000	0.0014	0.0025	0.0000	0.0071	0.0076	0.0000	0.0000	0.0000	0.0000	0.0002	0.0000	-0.0000	1.0003	0.4415	1.0071	4.8853	0.0000	0.0000	0.0000	0.0000	0.0000	0.0000	0.0000	0.0000	0.0000	0.0000	0.0000	0.0000	0.0000	0.0000	0.0000	0.0000	0.0000	0.0000	0.0076	0.0069	0.0007	0.0028	0.0028	0.0000	0.0048	0.0041	0.0007	0.0128	0.0072	0.0056	0.0025	0.0024	0.0002	0.0103	0.0049	0.0054	0.0000	0.0000	0.0000	0.0000	0.0000	0.0000	0.0000	0.0000	0.0000	0.0014	0.0025	0.0000	0.0071	0.0076	0.0000	0.0000	0.0000	0.0000		
76	109	0.1288	10	2	2	1	1	0	0	0	0	Y	Y	N	N	N	N	N	N	N	N	N	N	0.0000	0.0000	0.0000	0.0000	0.0000	0.0000	0.0000	0.0000	0.0000	0.0000	0.0000	0.0000	0.0000	0.0000	0.0000	0.0000	0.0000	0.0000	0.0000	0.0000	1.0003	0.0000	1.0071	0.0000	0.0000	0.0000	0.0000	0.0000	0.0000	0.0000	0.0000	0.0000	0.0000	0.0000	0.0000	0.0000	0.0000	0.0000	0.0000	0.0000	0.0000	0.0000	0.0000	0.0000	0.0000	0.0000	0.0000	0.0000	0.0000	0.0000	0.0000	0.0000	0.0000	0.0000	0.0000	0.0000	0.0000	0.0000	0.0000	0.0000	0.0000	0.0000	0.0000	0.0000	0.0000	0.0000	0.0000	0.0000	0.0000	0.0000	0.0000	0.0000	0.0000	0.0000	0.0000	0.0000	0.0000	0.0000											
76	110	0.1138	9	2	2	1	1	0	0	0	0	Y	Y	N	N	N	N	N	N	N	N	N	N	0.0000	0.0000	0.0000	0.0000	0.0000	0.0000	0.0000	0.0000	0.0000	0.0000	0.0000	0.0000	0.0000	0.0000	0.0000	0.0000	0.0000	0.0000	0.0000	0.0000	1.0003	0.0000	1.0071	7.1240	0.0000	0.0000	0.0000	0.0000	0.0000	0.0000	0.0000	0.0000	0.0000	0.0000	0.0000	0.0000	0.0000	0.0000	0.0000	0.0000	0.0000	0.0000	0.0000	0.0000	0.0000	0.0000	0.0000	0.0000	0.0000	0.0000	0.0000	0.0168	0.0096	0.0072	0.0039	0.0034	0.0005	0.0129	0.0062	0.0067	0.0000	0.0000	0.0000	0.0000	0.0000	0.0000	0.0000	0.0000	0.0000	0.0000	0.0000	0.0000	0.0000	0.0000	0.0000	0.0000	0.0000	0.0000											
76	111	0.1228	11	1	2	1	1	0	0	0	0	N	Y	N	N	N	N	N	N	N	N	N	N	0.0000	0.0000	0.0000	0.0000	0.0000	0.0000	0.0000	0.0000	0.0000	0.0000	0.0000	0.0000	0.0000	0.0000	0.0000	0.0000	0.0000	0.0000	0.0000	0.0000	1.0003	0.0016	1.0071	5.0076	0.0000	0.0000	0.0000	0.0000	0.0000	0.0000	0.0000	0.0000	0.0000	0.0000	0.0000	0.0000	0.0000	0.0000	0.0000	0.0000	0.0000	0.0000	0.0000	0.0000	0.0000	0.0000	0.0000	0.0000	0.0000	0.0000	0.0000	0.0114	0.0066	0.0048	0.0031	0.0025	0.0005	0.0084	0.0041	0.0043	0.0000	0.0000	0.0000	0.0000	0.0000	0.0000	0.0000	0.0000	0.0000	0.0000	0.0000	0.0000	0.0000	0.0000	0.0000	0.0000	0.0000	0.0000											
76	112	0.1159	10	1	2	1	1	0	0	0	0	N	Y	N	N	N	N	N	N	N	N	N	N	0.0000	0.0000	0.0000	0.0000	0.0000	0.0000	0.0000	0.0000	0.0000	0.0000	0.0000	0.0000	0.0000	0.0000	0.0000	0.0000	0.0000	0.0000	0.0000	0.0000	1.0003	1.0012	1.0071	2.1373	0.0000	0.0000	0.0000	0.0000	0.0000	0.0000	0.0000	0.0000	0.0000	0.0000	0.0000	0.0000	0.0000	0.0000	0.0000	0.0000	0.0000	0.0000	0.0068	0.0060	0.0008	0.0013	0.0013	0.0001	0.0055	0.0047	0.0008	0.0082	0.0047	0.0034	0.0023	0.0020	0.0003	0.0059	0.0028	0.0032	0.0000	0.0000	0.0000	0.0000	0.0000	0.0000	0.0000	0.0000	0.0000	0.0000	0.0000	0.0000	0.0000	0.0000	0.0000	0.0000	0.0000	0.0000											
76	113	0.1242	10	1	2	1	0	0	0	0	0	N	Y	N	N	N	N	N	N	N	N	N	N	0.0000	0.0000	0.0000	0.0000	0.0000	0.0000	0.0000	0.0000	0.0000	0.0000	0.0000	0.0000	0.0000	0.0000	0.0000	0.0000	0.0000	0.0000	0.0000	0.0000	0.0000	0.0000	0.0000	0.0000	-0.0000	1.0003	0.9705	1.0071	5.0371	0.0000	0.0000	0.0000	0.0000	0.0000	0.0000	0.0000	0.0000	0.0000	0.0000	0.0000	0.0000	0.0000	0.0000	0.0000	0.0000	0.0000	0.0000	0.0078	0.0069	0.0009	0.0021	0.0020	0.0001	0.0058	0.0049	0.0008	0.0132	0.0077	0.0055	0.0033	0.0029	0.0004	0.0099	0.0048	0.0051	0.0000	0.0000	0.0000	0.0000	0.0000	0.0000	0.0000	0.0000	0.0000	0.0000	0.0000	0.0000	0.0000	0.0000	0.0000	0.0000	0.0000	0.0000						
76	114	0.1159	10	1	1	2	1	0	0	0	0	N	N	Y	N	N	N	N	N	N	N	N	N	0.0000	0.0000	0.0000	0.0000	0.0000	0.0000	0.0000	0.0000	0.0000	0.0000	0.0000	0.0000	0.0000	0.0000	0.0000	0.0000	0.0000	0.0000	0.0000	0.0000	1.0003	0.0000	1.0071	1.1303	0.0000	0.0000	0.0000	0.0000	0.0000	0.0000	0.0000	0.0000	0.0000	0.0000	0.0000	0.0000	0.0000	0.0000	0.0000	0.0000	0.0000	0.0000	0.0000	0.0000	0.0000	0.0000	0.0000	0.0000	0.0000	0.0000	0.0000	0.0037	0.0022	0.0015	0.0012	0.0011	0.0001	0.0025	0.0011	0.0014	0.0000	0.0000	0.0000	0.0000	0.0000	0.0000	0.0000	0.0000	0.0000	0.0000	0.0000	0.0000	0.0000	0.0000	0.0000	0.0000	0.0000	0.0000											
76	115	0.1138	9	1	1	1	1	0	0	0	0	N	N	N	N	N	N	N	N	N	N	N	N	0.0000	0.0000	0.0000	0.0000	0.0000	0.0000	0.0000	0.0000	0.0000	0.0000	0.0000	0.0000	0.0000	0.0000	0.0000	0.0000	0.0000	0.0000	0.0000	0.0000	1.0003	0.0000	1.0071	1.2340	0.0000	0.0000	0.0000	0.0000	0.0000	0.0000	0.0000	0.0000	0.0000	0.0000	0.0000	0.0000	0.0000	0.0000	0.0000	0.0000	0.0000	0.0000	0.0000	0.0000	0.0000	0.0000	0.0000	0.0000	0.0000	0.0000	0.0000	0.0040	0.0023	0.0016	0.0012	0.0011	0.0001	0.0028	0.0012	0.0015	0.0000	0.0000	0.0000	0.0000	0.0000	0.0000	0.0000	0.0000	0.0000	0.0000	0.0000	0.0000	0.0000	0.0000	0.0000	0.0000	0.0000	0.0000											
76	116	0.1213	10	1	1	2	1	0	0	0	0	N	N	Y	N	N	N	N	N	N	N	N	N	0.0000	0.0000	0.0000	0.0000	0.0000	0.0000	0.0000	0.0000	0.0000	0.0000	0.0000	0.0000	0.0000	0.0002	0.0000	0.0005	0.0000	0.0000	0.0000	0.0003	0.0000	0.0005	inf	0.0000	0.0000	1.0003	0.9725	1.0071	0.9874	0.0000	0.0000	0.0000	0.0000	0.0000	0.0000	0.0000	0.0000	0.0000	0.0000	0.0000	0.0000	0.0000	0.0000	0.0000	0.0000	0.0000	0.0000	0.0073	0.0065	0.0009	0.0018	0.0017	0.0001	0.0056	0.0048	0.0008	0.0047	0.0028	0.0019	0.0012	0.0010	0.0002	0.0035	0.0018	0.0017	0.0000	0.0000	0.0000	0.0000	0.0000	0.0000	0.0000	0.0000	0.0000	0.0002	0.0000	0.0005	0.0000	0.0000	0.0000	0.0003	0.0000	0.0005						
76	117	0.1213	10	1	1	2	1	0	0	0	0	N	N	Y	N	N	N	N	N	N	N	N	N	0.0000	0.0000	0.0000	0.0000	0.0000	0.0000	0.0000	0.0000	0.0000	0.0000	0.0000	0.0000	0.0000	0.0821	0.1399	0.0000	0.3341	0.3880	0.0000	0.0000	0.0000	0.0000	0.0000	0.0000	-0.0004	1.0003	0.0285	1.0071	4.0215	0.0000	0.0000	0.0000	0.0000	0.0000	0.0000	0.0000	0.0000	0.0000	0.0008	0.0008	0.0000	0.0008	0.0008	0.0000	0.0000	0.0000	0.0000	0.0008	0.0007	0.0001	0.0003	0.0003	0.0000	0.0004	0.0004	0.0001	0.0093	0.0054	0.0038	0.0023	0.0020	0.0003	0.0070	0.0035	0.0035	0.0000	0.0000	0.0000	0.0000	0.0000	0.0000	0.0000	0.0000	0.0000	0.0821	0.1399	0.0000	0.3341	0.3880	0.0000	0.0000	0.0000	0.0000						
76	118	0.1138	9	1	1	2	1	0	0	0	0	N	N	Y	N	N	N	N	N	N	N	N	N	0.0000	0.0000	0.0000	0.0000	0.0000	0.0000	0.0000	0.0000	0.0000	0.0000	0.0000	0.0000	0.0000	0.0001	0.0001	0.0000	0.0003	0.0003	0.0000	0.0000	0.0000	0.0000	0.0000	0.0000	-0.0000	1.0003	3.0275	1.0071	2.1573	0.0000	0.0000	0.0000	0.0000	0.0000	0.0000	0.0000	0.0000	0.0000	0.0000	0.0000	0.0000	0.0000	0.0000	0.0000	0.0000	0.0000	0.0000	0.0204	0.0178	0.0025	0.0039	0.0037	0.0002	0.0164	0.0141	0.0023	0.0126	0.0073	0.0054	0.0031	0.0027	0.0004	0.0096	0.0046	0.0050	0.0000	0.0000	0.0000	0.0000	0.0000	0.0000	0.0000	0.0000	0.0000	0.0001	0.0001	0.0000	0.0003	0.0003	0.0000	0.0000	0.0000	0.0000						
76	119	0.1550	9	2	2	1	0	0	0	0	0	Y	Y	N	N	N	N	N	N	N	N	N	N	0.0000	0.0000	0.0000	0.0000	0.0000	0.0000	0.0000	0.0000	0.0000	0.0000	0.0000	0.0000	0.0000	0.0000	0.0000	0.0000	0.0000	0.0000	0.0000	0.0000	0.0000	0.0000	0.0000	0.0000	-0.0000	1.0003	2.1883	1.0071	3.1271	0.0000	0.0000	0.0000	0.0000	0.0000	0.0000	0.0000	0.0000	0.0000	0.0000	0.0000	0.0000	0.0000	0.0000	0.0000	0.0000	0.0000	0.0000	0.0182	0.0162	0.0020	0.0045	0.0043	0.0002	0.0137	0.0119	0.0018	0.0134	0.0083	0.0052	0.0038	0.0035	0.0003	0.0097	0.0048	0.0049	0.0000	0.0000	0.0000	0.0000	0.0000	0.0000	0.0000	0.0000	0.0000	0.0000	0.0000	0.0000	0.0000	0.0000	0.0000	0.0000	0.0000	0.0000						
76	120	0.0881	8	2	2	1	0	0	0	0	0	Y	Y	N	N	N	N	N	N	N	N	N	N	0.0000	0.0000	0.0000	0.0000	0.0000	0.0000	0.0000	0.0000	0.0000	0.0000	0.0000	0.0000	0.0000	0.0003	0.0006	0.0000	0.0019	0.0021	0.0000	0.0000	0.0000	0.0000	0.0000	0.0000	-0.0000	1.0003	13.6104	1.0071	16.0982	0.0000	0.0000	0.0000	0.0000	0.0000	0.0000	0.0000	0.0000	0.0000	0.0000	0.0000	0.0000	0.0000	0.0000	0.0000	0.0000	0.0000	0.0000	0.0936	0.0820	0.0116	0.0167	0.0160	0.0007	0.0769	0.0660	0.0108	0.0617	0.0346	0.0271	0.0106	0.0096	0.0010	0.0510	0.0250	0.0260	0.0000	0.0000	0.0000	0.0000	0.0000	0.0000	0.0000	0.0000	0.0000	0.0003	0.0006	0.0000	0.0019	0.0021	0.0000	0.0000	0.0000	0.0000						
76	121	0.0926	8	1	2	1	0	0	0	0	0	N	Y	N	N	N	N	N	N	N	N	N	N	0.0000	0.0000	0.0000	0.0000	0.0000	0.0000	0.0000	0.0000	0.0000	0.0000	0.0000	0.0000	0.0000	0.0000	0.0000	0.0000	0.0000	0.0000	0.0006	0.0008	0.0000	0.0015	0.0016	0.0003	0.0000	0.0000	0.0000	0.0104	0.0000	-0.0000	1.0003	0.3548	1.0071	4.6068	0.0000	0.0000	0.0000	0.0000	0.0000	0.0000	0.0000	0.0000	0.0000	0.0000	0.0000	0.0000	0.0000	0.0000	0.0000	0.0000	0.0000	0.0000	0.0084	0.0076	0.0008	0.0035	0.0035	0.0000	0.0049	0.0042	0.0008	0.0248	0.0164	0.0083	0.0092	0.0088	0.0004	0.0156	0.0076	0.0080	0.0000	0.0000	0.0000	0.0000	0.0000	0.0000	0.0000	0.0000	0.0000	0.0006	0.0008	0.0000	0.0015	0.0016	0.0003	0.0000	0.0000	0.0000	
76	122	0.0778	7	1	2	1	0	0	0	0	0	N	Y	N	N	N	N	N	N	N	N	N	N	0.0000	0.0000	0.0000	0.0000	0.0000	0.0000	0.0000	0.0000	0.0000	0.0000	0.0000	0.0000	0.0000	0.0000	0.0000	0.0000	0.0000	0.0000	0.0008	0.0012	0.0003	0.0002	0.0002	0.0000	0.0009	0.0017	0.0003	0.1848	0.0000	-0.0000	1.0003	1.6911	1.0071	5.7022	0.0000	0.0000	0.0000	0.0000	0.0000	0.0000	0.0000	0.0000	0.0000	0.0000	0.0000	0.0000	0.0000	0.0000	0.0000	0.0000	0.0000	0.0000	0.0164	0.0145	0.0019	0.0042	0.0041	0.0001	0.0122	0.0104	0.0018	0.0182	0.0102	0.0080	0.0035	0.0032	0.0003	0.0147	0.0070	0.0077	0.0000	0.0000	0.0000	0.0000	0.0000	0.0000	0.0000	0.0000	0.0000	0.0008	0.0012	0.0003	0.0002	0.0002	0.0000	0.0009	0.0017	0.0003	
76	124	0.1288	11	2	2	1	0	0	0	0	0	Y	Y	N	N	N	N	N	N	N	N	N	N	0.0000	0.0000	0.0000	0.0000	0.0000	0.0000	0.0000	0.0000	0.0000	0.0000	0.0000	0.0000	0.0000	0.0000	0.0000	0.0000	0.0000	0.0000	0.0000	0.0000	1.0003	0.0000	1.0071	0.0000	0.0000	0.0000	0.0000	0.0000	0.0000	0.0000	0.0000	0.0000	0.0000	0.0000	0.0000	0.0000	0.0000	0.0000	0.0000	0.0000	0.0000	0.0000	0.0000	0.0000	0.0000	0.0000	0.0000	0.0000	0.0000	0.0000	0.0000	0.0000	0.0000	0.0000	0.0000	0.0000	0.0000	0.0000	0.0000	0.0000	0.0000	0.0000	0.0000	0.0000	0.0000	0.0000	0.0000	0.0000	0.0000	0.0000	0.0000	0.0000	0.0000	0.0000	0.0000	0.0000	0.0000	0.0000											
76	125	0.1242	10	2	2	1	0	0	0	0	0	Y	Y	N	N	N	N	N	N	N	N	N	N	0.0000	0.0000	0.0000	0.0000	0.0000	0.0000	0.0000	0.0000	0.0000	0.0000	0.0000	0.0000	0.0000	0.0000	0.0000	0.0000	0.0000	0.0000	0.0000	0.0000	0.0000	0.0000	0.0000	0.0000	-0.0000	1.0003	0.1434	1.0071	1.9839	0.0000	0.0000	0.0000	0.0000	0.0000	0.0000	0.0000	0.0000	0.0000	0.0000	0.0000	0.0000	0.0000	0.0000	0.0000	0.0000	0.0000	0.0000	0.0022	0.0020	0.0002	0.0009	0.0009	0.0000	0.0013	0.0011	0.0002	0.0052	0.0031	0.0021	0.0014	0.0013	0.0002	0.0038	0.0018	0.0019	0.0000	0.0000	0.0000	0.0000	0.0000	0.0000	0.0000	0.0000	0.0000	0.0000	0.0000	0.0000	0.0000	0.0000	0.0000	0.0000	0.0000	0.0000						
76	126	0.1138	9	1	2	1	0	0	0	0	0	N	Y	N	N	N	N	N	N	N	N	N	N	0.0000	0.0000	0.0000	0.0000	0.0000	0.0000	0.0000	0.0000	0.0000	0.0000	0.0000	0.0000	0.0000	0.0000	0.0000	0.0000	0.0000	0.0000	0.0000	0.0000	0.0000	0.0000	inf	0.0000	0.0000	1.0003	1.8882	1.0071	2.9115	0.0000	0.0000	0.0000	0.0000	0.0000	0.0000	0.0000	0.0000	0.0000	0.0000	0.0000	0.0000	0.0000	0.0000	0.0000	0.0000	0.0000	0.0000	0.0128	0.0112	0.0016	0.0025	0.0023	0.0001	0.0103	0.0088	0.0015	0.0118	0.0068	0.0050	0.0029	0.0025	0.0003	0.0089	0.0042	0.0047	0.0000	0.0000	0.0000	0.0000	0.0000	0.0000	0.0000	0.0000	0.0000	0.0000	0.0000	0.0000	0.0000	0.0000	0.0000	0.0000	0.0000	0.0000						
76	127	0.0881	8	1	1	1	0	0	0	0	0	N	N	N	N	N	N	N	N	N	N	N	N	0.0000	0.0000	0.0000	0.0000	0.0000	0.0000	0.0000	0.0000	0.0000	0.0000	0.0000	0.0000	0.0000	0.0000	0.0000	0.0000	0.0000	0.0000	0.0000	0.0000	0.0000	0.0000	0.0018	0.0000	-0.0000	1.0003	3.5543	1.0071	9.0319	0.0000	0.0000	0.0000	0.0000	0.0000	0.0000	0.0000	0.0000	0.0000	0.0000	0.0000	0.0000	0.0000	0.0000	0.0000	0.0000	0.0000	0.0000	0.0304	0.0268	0.0035	0.0070	0.0068	0.0002	0.0234	0.0200	0.0033	0.0286	0.0161	0.0125	0.0052	0.0047	0.0005	0.0234	0.0114	0.0120	0.0000	0.0000	0.0000	0.0000	0.0000	0.0000	0.0000	0.0000	0.0000	0.0000	0.0000	0.0000	0.0000	0.0000	0.0000	0.0000	0.0000	0.0000						
77	78	0.1194	11	1	1	1	0	0	0	0	0	N	N	N	N	N	N	N	N	N	N	N	N	0.0000	0.0000	0.0000	0.0000	0.0000	0.0000	0.0000	0.0000	0.0000	0.0000	0.0000	0.0000	0.0000	0.0000	0.0000	0.0000	0.0000	0.0000	0.2201	0.2967	0.0000	0.3775	0.4572	0.0000	0.0012	0.0018	0.0000	0.0000	-0.0000	-0.0390	0.9901	8.4371	2.2068	15.3349	0.0000	0.0000	0.0000	0.0000	0.0000	0.0000	0.0000	0.0000	0.0000	0.0718	0.0718	0.0000	0.0717	0.0717	0.0000	0.0002	0.0002	0.0000	0.0662	0.0583	0.0079	0.0137	0.0131	0.0006	0.0525	0.0452	0.0073	0.3262	0.2420	0.0842	0.1898	0.1567	0.0331	0.1364	0.0853	0.0511	0.0000	0.0000	0.0000	0.0000	0.0000	0.0000	0.0000	0.0000	0.0000	0.2201	0.2967	0.0000	0.3775	0.4572	0.0000	0.0012	0.0018	0.0000	
77	84	0.1393	13	1	1	1	0	0	0	0	0	N	N	N	N	N	N	N	N	N	N	N	N	2709.0950	2318.7123	0.0000	0.1141	0.1094	0.0000	116159.9973	89966.2102	0.0000	19.8103	22.6808	0.0000	0.0015	0.0016	0.0000	23.9125	27.8208	0.0000	0.0073	0.0098	0.0001	0.0132	0.0146	0.0000	0.0002	0.0003	0.0001	0.0000	0.0024	-0.3770	-0.0016	0.9901	7.1084	2.2068	28.8937	0.9892	0.9892	0.0000	0.0000	0.0000	0.0000	0.9892	0.9892	0.0000	0.0030	0.0030	0.0000	0.0030	0.0030	0.0000	0.0000	0.0000	0.0000	0.0499	0.0436	0.0063	0.0086	0.0081	0.0005	0.0414	0.0356	0.0058	0.4131	0.3081	0.1050	0.2262	0.2039	0.0223	0.1869	0.1042	0.0827	2709.0950	2318.7123	0.0000	0.1141	0.1094	0.0000	116159.9973	89966.2102	0.0000	0.0073	0.0098	0.0001	0.0132	0.0146	0.0000	0.0002	0.0003	0.0001
77	85	0.1318	12	1	1	1	0	0	0	0	0	N	N	N	N	N	N	N	N	N	N	N	N	0.0838	0.0717	0.0740	0.0115	0.0096	0.0000	4.1063	5.2561	0.2800	0.0350	0.0390	0.0035	0.0074	0.0078	0.0000	0.0510	0.0586	0.0044	0.4184	0.5437	0.0469	0.6412	0.8149	0.0681	0.0124	0.0111	0.0156	0.0111	0.0291	-0.0003	-0.0371	0.9901	2.2208	2.2068	3.9129	0.0009	0.0009	0.0000	0.0001	0.0001	0.0000	0.0008	0.0008	0.0000	0.0721	0.0701	0.0020	0.0714	0.0696	0.0018	0.0008	0.0005	0.0003	0.0257	0.0229	0.0029	0.0094	0.0088	0.0006	0.0163	0.0140	0.0023	0.1724	0.1289	0.0435	0.1113	0.0854	0.0259	0.0611	0.0435	0.0176	0.0838	0.0717	0.0740	0.0115	0.0096	0.0000	4.1063	5.2561	0.2800	0.4184	0.5437	0.0469	0.6412	0.8149	0.0681	0.0124	0.0111	0.0156
77	86	0.2073	14	1	0	2	0	0	0	0	0	N	N	Y	N	N	N	N	N	N	N	N	N	0.0000	0.0000	0.0000	0.0000	0.0000	0.0000	0.0000	0.0000	0.0000	0.0000	0.0000	0.0000	0.0000	0.0000	0.0000	0.0000	0.0000	0.0029	0.0002	0.0103	0.0065	0.0004	0.1638	0.0005	0.0000	0.0013	19.4996	0.0000	0.0001	0.9901	5.3425	2.2068	7.0749	0.0000	0.0000	0.0000	0.0000	0.0000	0.0000	0.0000	0.0000	0.0000	0.0003	0.0000	0.0003	0.0003	0.0000	0.0002	0.0000	0.0000	0.0000	0.0413	0.0363	0.0050	0.0072	0.0068	0.0004	0.0342	0.0295	0.0047	0.0983	0.0721	0.0261	0.0388	0.0373	0.0015	0.0595	0.0348	0.0247	0.0000	0.0000	0.0000	0.0000	0.0000	0.0000	0.0000	0.0000	0.0000	0.0029	0.0002	0.0103	0.0065	0.0004	0.1638	0.0005	0.0000	0.0013		
77	87	0.1641	13	1	0	1	0	0	0	0	0	N	N	N	N	N	N	N	N	N	N	N	N	0.0000	0.0000	0.0000	0.0000	0.0000	0.0000	0.0000	0.0000	0.0000	0.0000	0.0000	0.0000	0.0000	0.0000	0.0000	0.0000	0.0000	0.0000	0.1665	0.0177	0.5648	0.3368	0.0313	4.1319	0.0136	0.0000	0.0339	11.8920	-0.0000	0.0143	0.9901	7.0719	2.2068	13.7350	0.0000	0.0000	0.0000	0.0000	0.0000	0.0000	0.0000	0.0000	0.0000	0.0376	0.0029	0.0347	0.0360	0.0029	0.0330	0.0016	0.0000	0.0016	0.0620	0.0547	0.0073	0.0176	0.0163	0.0013	0.0444	0.0383	0.0061	0.2256	0.1643	0.0614	0.1067	0.0930	0.0137	0.1189	0.0713	0.0476	0.0000	0.0000	0.0000	0.0000	0.0000	0.0000	0.0000	0.0000	0.0000	0.1665	0.0177	0.5648	0.3368	0.0313	2.4040	0.0136	0.0000	0.0339	
77	88	0.1067	11	2	0	2	0	0	0	0	0	Y	N	Y	N	N	N	N	N	N	N	N	N	0.0000	0.0000	0.0000	0.0000	0.0000	0.0000	0.0000	0.0000	0.0000	0.0000	0.0000	0.0000	0.0000	0.0000	0.0000	0.0000	0.0000	0.0000	0.0000	0.0000	0.9901	0.0000	2.2068	0.0000	0.0000	0.0000	0.0000	0.0000	0.0000	0.0000	0.0000	0.0000	0.0000	0.0000	0.0000	0.0000	0.0000	0.0000	0.0000	0.0000	0.0000	0.0000	0.0000	0.0000	0.0000	0.0000	0.0000	0.0000	0.0000	0.0000	0.0000	0.0000	0.0000	0.0000	0.0000	0.0000	0.0000	0.0000	0.0000	0.0000	0.0000	0.0000	0.0000	0.0000	0.0000	0.0000	0.0000	0.0000	0.0000	0.0000	0.0000	0.0000	0.0000	0.0000	0.0000	0.0000	0.0000	0.0000											
77	89	0.1047	10	2	0	2	0	0	0	0	0	Y	N	Y	N	N	N	N	N	N	N	N	N	0.0000	0.0000	0.0000	0.0000	0.0000	0.0000	0.0000	0.0000	0.0000	0.0000	0.0000	0.0000	0.0000	0.0000	0.0000	0.0000	0.0000	0.0000	0.0000	0.0000	0.0000	0.0000	0.0000	0.0000	0.0000	0.2783	0.0000	-0.0000	0.9901	0.0001	2.2068	0.9161	0.0000	0.0000	0.0000	0.0000	0.0000	0.0000	0.0000	0.0000	0.0000	0.0000	0.0000	0.0000	0.0000	0.0000	0.0000	0.0000	0.0000	0.0000	0.0000	0.0000	0.0000	0.0000	0.0000	0.0000	0.0000	0.0000	0.0000	0.0099	0.0074	0.0026	0.0039	0.0038	0.0001	0.0061	0.0036	0.0025	0.0000	0.0000	0.0000	0.0000	0.0000	0.0000	0.0000	0.0000	0.0000	0.0000	0.0000	0.0000	0.0000	0.0000	0.0000	0.0000	0.0000	0.0000			
77	90	0.0800	9	2	0	2	0	0	0	0	0	Y	N	Y	N	N	N	N	N	N	N	N	N	0.0000	0.0000	0.0000	0.0000	0.0000	0.0000	0.0000	0.0000	0.0000	0.0000	0.0000	0.0000	0.0000	0.0000	0.0000	0.0000	0.0000	0.0150	0.0212	0.0007	0.0445	0.0450	0.0000	0.0003	0.0000	0.0008	0.0151	0.0000	-0.0007	0.9901	3.7876	2.2068	7.8440	0.0000	0.0000	0.0000	0.0000	0.0000	0.0000	0.0000	0.0000	0.0000	0.0014	0.0014	0.0000	0.0014	0.0014	0.0000	0.0000	0.0000	0.0000	0.0276	0.0242	0.0035	0.0050	0.0047	0.0003	0.0227	0.0195	0.0032	0.0925	0.0648	0.0277	0.0308	0.0304	0.0004	0.0617	0.0344	0.0273	0.0000	0.0000	0.0000	0.0000	0.0000	0.0000	0.0000	0.0000	0.0000	0.0150	0.0212	0.0007	0.0445	0.0450	0.0000	0.0003	0.0000	0.0008		
77	91	0.1123	11	1	1	1	1	0	0	0	0	N	N	N	N	N	N	N	N	N	N	N	N	0.0000	0.0000	0.0000	0.0000	0.0000	0.0000	0.0000	0.0000	0.0000	0.0000	0.0000	0.0000	0.0000	0.0000	0.0000	0.0000	0.0000	0.0000	0.0004	0.0005	0.0002	0.0012	0.0010	0.0062	0.0000	0.0000	0.0001	0.1628	-0.0000	-0.0000	0.9901	1.8247	2.2068	16.3284	0.0000	0.0000	0.0000	0.0000	0.0000	0.0000	0.0000	0.0000	0.0000	0.0001	0.0001	0.0000	0.0001	0.0001	0.0000	0.0000	0.0000	0.0000	0.0170	0.0151	0.0020	0.0044	0.0043	0.0001	0.0126	0.0108	0.0018	0.1377	0.0990	0.0386	0.0492	0.0482	0.0010	0.0885	0.0509	0.0376	0.0000	0.0000	0.0000	0.0000	0.0000	0.0000	0.0000	0.0000	0.0000	0.0004	0.0005	0.0002	0.0012	0.0010	0.0062	0.0000	0.0000	0.0001	
77	92	0.1019	10	1	1	1	0	0	0	0	0	N	N	N	N	N	N	N	N	N	N	N	N	0.0000	0.0000	0.0000	0.0000	0.0000	0.0000	0.0000	0.0000	0.0000	0.0000	0.0000	0.0000	0.0000	0.0000	0.0000	0.0000	0.0000	0.5938	0.0012	2.1009	0.0026	0.0026	0.0000	0.8954	0.0000	2.1486	688.0140	0.0000	0.0478	0.9901	9.1310	2.2068	16.1726	0.0000	0.0000	0.0000	0.0000	0.0000	0.0000	0.0000	0.0000	0.0000	0.1049	0.0002	0.1047	0.0002	0.0002	0.0000	0.1047	0.0000	0.1047	0.0652	0.0571	0.0081	0.0126	0.0121	0.0006	0.0525	0.0450	0.0075	0.1766	0.1268	0.0498	0.0597	0.0586	0.0011	0.1170	0.0682	0.0487	0.0000	0.0000	0.0000	0.0000	0.0000	0.0000	0.0000	0.0000	0.0000	0.5938	0.0012	2.1009	0.0026	0.0026	0.0000	0.8954	0.0000	2.1486		
77	93	0.1868	16	1	1	1	0	0	0	0	0	N	N	N	N	N	N	N	N	N	N	N	N	0.0000	0.0000	0.0000	0.0000	0.0000	0.0000	0.0000	0.0000	0.0000	0.0000	0.0000	0.0000	0.0000	0.0000	0.0000	0.0000	0.0000	0.0000	0.0010	0.0012	0.0001	0.0021	0.0022	0.0000	0.0001	0.0000	0.0001	0.0335	0.0000	-0.0001	0.9901	4.0959	2.2068	8.7137	0.0000	0.0000	0.0000	0.0000	0.0000	0.0000	0.0000	0.0000	0.0000	0.0001	0.0001	0.0000	0.0001	0.0001	0.0000	0.0000	0.0000	0.0000	0.0300	0.0261	0.0038	0.0055	0.0053	0.0002	0.0244	0.0208	0.0036	0.1483	0.1095	0.0388	0.0648	0.0628	0.0020	0.0835	0.0466	0.0368	0.0000	0.0000	0.0000	0.0000	0.0000	0.0000	0.0000	0.0000	0.0000	0.0010	0.0012	0.0001	0.0021	0.0022	0.0000	0.0001	0.0000	0.0001	
77	94	0.1685	15	1	1	1	0	0	0	0	0	N	N	N	N	N	N	N	N	N	N	N	N	0.0000	0.0000	0.0000	0.0000	0.0000	0.0000	0.0000	0.0000	0.0000	0.0000	0.0000	0.0000	0.0000	0.0000	0.0000	0.0000	0.0000	0.0000	0.0055	0.0034	0.0115	0.0051	0.0050	0.0063	0.0058	0.0012	0.0117	1.1848	0.0000	-0.0000	0.9901	2.9443	2.2068	6.1524	0.0000	0.0000	0.0000	0.0000	0.0000	0.0000	0.0000	0.0000	0.0000	0.0006	0.0003	0.0003	0.0002	0.0002	0.0000	0.0003	0.0000	0.0003	0.0228	0.0198	0.0030	0.0052	0.0050	0.0002	0.0176	0.0148	0.0028	0.1021	0.0757	0.0264	0.0440	0.0431	0.0009	0.0581	0.0326	0.0254	0.0000	0.0000	0.0000	0.0000	0.0000	0.0000	0.0000	0.0000	0.0000	0.0055	0.0034	0.0115	0.0051	0.0050	0.0063	0.0058	0.0012	0.0117	
77	95	0.1661	14	1	0	1	0	0	0	0	0	N	N	N	N	N	N	N	N	N	N	N	N	0.0000	0.0000	0.0000	0.0000	0.0000	0.0000	0.0000	0.0000	0.0000	0.0000	0.0000	0.0000	0.0000	0.0000	0.0000	0.0000	0.0000	0.0000	0.0074	0.0012	0.0251	0.0028	0.0021	0.0461	0.0111	0.0000	0.0246	7.1175	-0.0000	0.0001	0.9901	0.8596	2.2068	1.2300	0.0000	0.0000	0.0000	0.0000	0.0000	0.0000	0.0000	0.0000	0.0000	0.0002	0.0000	0.0002	0.0000	0.0000	0.0000	0.0002	0.0000	0.0002	0.0065	0.0057	0.0008	0.0015	0.0015	0.0001	0.0050	0.0042	0.0008	0.0313	0.0232	0.0081	0.0138	0.0136	0.0002	0.0175	0.0096	0.0079	0.0000	0.0000	0.0000	0.0000	0.0000	0.0000	0.0000	0.0000	0.0000	0.0074	0.0012	0.0251	0.0028	0.0021	0.0461	0.0111	0.0000	0.0246	
77	96	0.1542	13	1	0	1	0	0	0	0	0	N	N	N	N	N	N	N	N	N	N	N	N	0.0000	0.0000	0.0000	0.0000	0.0000	0.0000	0.0000	0.0000	0.0000	0.0000	0.0000	0.0000	0.0000	0.0000	0.0000	0.0000	0.0000	0.0000	0.1225	0.0016	0.4576	0.2483	0.0027	4.8320	0.0024	0.0000	0.0056	102.9657	0.0000	0.0054	0.9901	3.7737	2.2068	2.5241	0.0000	0.0000	0.0000	0.0000	0.0000	0.0000	0.0000	0.0000	0.0000	0.0121	0.0001	0.0119	0.0119	0.0001	0.0118	0.0001	0.0000	0.0001	0.0364	0.0323	0.0041	0.0111	0.0106	0.0005	0.0253	0.0218	0.0036	0.0984	0.0723	0.0261	0.0481	0.0433	0.0048	0.0504	0.0291	0.0213	0.0000	0.0000	0.0000	0.0000	0.0000	0.0000	0.0000	0.0000	0.0000	0.1225	0.0016	0.4576	0.2483	0.0027	2.4577	0.0024	0.0000	0.0056	
77	97	0.1334	12	1	0	1	0	0	0	0	0	N	N	N	N	N	N	N	N	N	N	N	N	0.0000	0.0000	0.0000	0.0000	0.0000	0.0000	0.0000	0.0000	0.0000	0.0000	0.0000	0.0000	0.0000	0.0000	0.0000	0.0000	0.0000	0.0000	0.1360	0.1870	0.0028	0.3723	0.3791	0.0768	0.0003	0.0002	0.0005	0.0057	0.0000	-0.0065	0.9901	6.4922	2.2068	4.5502	0.0000	0.0000	0.0000	0.0000	0.0000	0.0000	0.0000	0.0000	0.0000	0.0120	0.0120	0.0001	0.0120	0.0120	0.0001	0.0000	0.0000	0.0000	0.0456	0.0398	0.0058	0.0083	0.0079	0.0004	0.0372	0.0319	0.0054	0.0886	0.0641	0.0245	0.0323	0.0316	0.0007	0.0563	0.0325	0.0238	0.0000	0.0000	0.0000	0.0000	0.0000	0.0000	0.0000	0.0000	0.0000	0.1360	0.1870	0.0028	0.3723	0.3791	0.0768	0.0003	0.0002	0.0005	
77	98	0.0800	9	1	1	1	0	0	0	0	0	N	N	N	N	N	N	N	N	N	N	N	N	0.0000	0.0000	0.0000	0.0000	0.0000	0.0000	0.0000	0.0000	0.0000	0.0000	0.0000	0.0000	0.0000	0.0000	0.0000	0.0000	0.0000	8.8195	0.0053	57.1094	0.0117	0.0113	0.0450	13.1763	0.0000	55.1814	2388.6995	0.0000	0.4244	0.9901	1.3608	2.2068	12.1483	0.0000	0.0000	0.0000	0.0000	0.0000	0.0000	0.0000	0.0000	0.0000	0.9294	0.0004	0.9290	0.0004	0.0004	0.0000	0.9290	0.0000	0.9290	0.0114	0.0100	0.0014	0.0031	0.0029	0.0002	0.0083	0.0071	0.0012	0.1054	0.0739	0.0314	0.0349	0.0345	0.0004	0.0705	0.0395	0.0310	0.0000	0.0000	0.0000	0.0000	0.0000	0.0000	0.0000	0.0000	0.0000	8.8195	0.0053	29.5499	0.0117	0.0113	0.0450	13.1763	0.0000	29.9433		
77	99	0.0763	8	1	0	1	0	0	0	0	0	N	N	N	N	N	N	N	N	N	N	N	N	0.0000	0.0000	0.0000	0.0000	0.0000	0.0000	0.0000	0.0000	0.0000	0.0000	0.0000	0.0000	0.0000	0.0000	0.0000	0.0000	0.0000	0.0641	0.0195	0.1511	0.0322	0.0324	0.0000	0.0835	0.0025	0.1523	3.9748	0.0000	0.0004	0.9901	1.5300	2.2068	0.7696	0.0000	0.0000	0.0000	0.0000	0.0000	0.0000	0.0000	0.0000	0.0000	0.0017	0.0003	0.0014	0.0003	0.0003	0.0000	0.0014	0.0000	0.0014	0.0127	0.0110	0.0017	0.0026	0.0024	0.0002	0.0101	0.0086	0.0015	0.0264	0.0174	0.0089	0.0100	0.0099	0.0001	0.0164	0.0075	0.0089	0.0000	0.0000	0.0000	0.0000	0.0000	0.0000	0.0000	0.0000	0.0000	0.0641	0.0195	0.1511	0.0322	0.0324	0.0000	0.0835	0.0025	0.1523		
77	100	0.0674	7	1	0	1	0	0	0	0	0	N	N	N	N	N	N	N	N	N	N	N	N	0.0000	0.0000	0.0000	0.0000	0.0000	0.0000	0.0000	0.0000	0.0000	0.0000	0.0000	0.0000	0.0000	0.0000	0.0000	0.0000	0.0061	0.0019	0.0153	0.0035	0.0035	0.0000	0.0077	0.0000	0.0155	3.5316	-0.0000	0.0001	0.9901	3.6906	2.2068	1.4800	0.0000	0.0000	0.0000	0.0000	0.0000	0.0000	0.0000	0.0000	0.0000	0.0004	0.0001	0.0003	0.0001	0.0001	0.0000	0.0003	0.0000	0.0003	0.0256	0.0223	0.0033	0.0027	0.0026	0.0001	0.0229	0.0196	0.0032	0.0676	0.0467	0.0210	0.0261	0.0259	0.0002	0.0415	0.0207	0.0208	0.0000	0.0000	0.0000	0.0000	0.0000	0.0000	0.0000	0.0000	0.0000	0.0061	0.0019	0.0153	0.0035	0.0035	0.0000	0.0077	0.0000	0.0155			
77	101	0.0674	6	1	0	1	0	0	0	0	0	N	N	N	N	N	N	N	N	N	N	N	N	0.0000	0.0000	0.0000	0.0000	0.0000	0.0000	0.0000	0.0000	0.0000	0.0000	0.0000	0.0000	0.0000	0.0000	0.0000	0.0000	0.0000	0.0000	0.0146	0.0140	0.0155	0.0163	0.0163	0.0010	0.0132	0.0073	0.0155	0.7284	0.0000	-0.0000	0.9901	0.1361	2.2068	0.4500	0.0000	0.0000	0.0000	0.0000	0.0000	0.0000	0.0000	0.0000	0.0000	0.0002	0.0001	0.0001	0.0001	0.0001	0.0000	0.0001	0.0000	0.0001	0.0016	0.0014	0.0002	0.0004	0.0004	0.0000	0.0012	0.0010	0.0002	0.0169	0.0102	0.0067	0.0076	0.0075	0.0000	0.0093	0.0026	0.0067	0.0000	0.0000	0.0000	0.0000	0.0000	0.0000	0.0000	0.0000	0.0000	0.0146	0.0140	0.0155	0.0163	0.0163	0.0010	0.0132	0.0073	0.0155	
77	102	0.0516	5	1	0	1	0	0	0	0	0	N	N	N	N	N	N	N	N	N	N	N	N	0.0000	0.0000	0.0000	0.0000	0.0000	0.0000	0.0000	0.0000	0.0000	0.0000	0.0000	0.0000	0.0000	0.0000	0.0000	0.0000	0.0000	0.0000	0.0024	0.0020	0.0032	0.0032	0.0033	0.0003	0.0019	0.0006	0.0033	0.7048	0.0000	-0.0000	0.9901	3.5591	2.2068	4.5341	0.0000	0.0000	0.0000	0.0000	0.0000	0.0000	0.0000	0.0000	0.0000	0.0003	0.0001	0.0001	0.0001	0.0001	0.0000	0.0001	0.0000	0.0001	0.0328	0.0293	0.0034	0.0090	0.0089	0.0002	0.0237	0.0205	0.0033	0.1041	0.0719	0.0321	0.0397	0.0394	0.0003	0.0644	0.0326	0.0319	0.0000	0.0000	0.0000	0.0000	0.0000	0.0000	0.0000	0.0000	0.0000	0.0024	0.0020	0.0032	0.0032	0.0033	0.0003	0.0019	0.0006	0.0033	
77	104	0.1883	14	1	1	1	0	0	0	0	0	N	N	N	N	N	N	N	N	N	N	N	N	0.0000	0.0000	0.0000	0.0000	0.0000	0.0000	0.0000	0.0000	0.0000	0.0000	0.0000	0.0000	0.0000	0.0000	0.0000	0.0000	0.0000	0.0058	0.0073	0.0000	0.0129	0.0134	0.0002	0.0000	0.0000	0.0000	0.0010	-0.0000	-0.0001	0.9901	0.0277	2.2068	1.3445	0.0000	0.0000	0.0000	0.0000	0.0000	0.0000	0.0000	0.0000	0.0000	0.0001	0.0001	0.0000	0.0001	0.0001	0.0000	0.0000	0.0000	0.0000	0.0003	0.0003	0.0000	0.0001	0.0001	0.0000	0.0002	0.0002	0.0000	0.0170	0.0136	0.0034	0.0077	0.0074	0.0003	0.0093	0.0062	0.0031	0.0000	0.0000	0.0000	0.0000	0.0000	0.0000	0.0000	0.0000	0.0000	0.0058	0.0073	0.0000	0.0129	0.0134	0.0002	0.0000	0.0000	0.0000		
77	105	0.1416	13	1	1	1	0	0	0	0	0	N	N	N	N	N	N	N	N	N	N	N	N	0.0000	0.0000	0.0000	0.0000	0.0000	0.0000	0.0000	0.0000	0.0000	0.0000	0.0000	0.0000	0.0000	0.0000	0.0000	0.0000	0.0000	0.0000	0.0007	0.0006	0.0011	0.0002	0.0000	0.0090	0.0010	0.0011	0.0009	0.7019	-0.0000	-0.0000	0.9901	5.1414	2.2068	16.4151	0.0000	0.0000	0.0000	0.0000	0.0000	0.0000	0.0000	0.0000	0.0000	0.0001	0.0001	0.0000	0.0000	0.0000	0.0000	0.0001	0.0001	0.0000	0.0372	0.0327	0.0046	0.0085	0.0081	0.0004	0.0287	0.0245	0.0042	0.1539	0.1128	0.0412	0.0566	0.0552	0.0014	0.0973	0.0576	0.0397	0.0000	0.0000	0.0000	0.0000	0.0000	0.0000	0.0000	0.0000	0.0000	0.0007	0.0006	0.0011	0.0002	0.0000	0.0090	0.0010	0.0011	0.0009	
77	106	0.1334	12	1	0	1	0	0	0	0	0	N	N	N	N	N	N	N	N	N	N	N	N	0.0000	0.0000	0.0000	0.0000	0.0000	0.0000	0.0000	0.0000	0.0000	0.0000	0.0000	0.0000	0.0000	0.0000	0.0000	0.0000	0.0000	0.0000	0.0017	0.0004	0.0051	0.0039	0.0008	0.1496	0.0004	0.0000	0.0009	4.8696	0.0000	0.0000	0.9901	3.8974	2.2068	1.6364	0.0000	0.0000	0.0000	0.0000	0.0000	0.0000	0.0000	0.0000	0.0000	0.0001	0.0000	0.0001	0.0001	0.0000	0.0001	0.0000	0.0000	0.0000	0.0283	0.0247	0.0036	0.0054	0.0051	0.0003	0.0229	0.0196	0.0033	0.0496	0.0359	0.0137	0.0187	0.0183	0.0004	0.0309	0.0176	0.0133	0.0000	0.0000	0.0000	0.0000	0.0000	0.0000	0.0000	0.0000	0.0000	0.0017	0.0004	0.0051	0.0039	0.0008	0.1496	0.0004	0.0000	0.0009	
77	107	0.1123	11	1	0	1	0	0	0	0	0	N	N	N	N	N	N	N	N	N	N	N	N	0.0000	0.0000	0.0000	0.0000	0.0000	0.0000	0.0000	0.0000	0.0000	0.0000	0.0000	0.0000	0.0000	0.0000	0.0000	0.0000	0.0000	0.0000	0.0032	0.0011	0.0083	0.0024	0.0022	0.0125	0.0036	0.0000	0.0082	2.9227	-0.0000	0.0001	0.9901	0.3701	2.2068	9.6236	0.0000	0.0000	0.0000	0.0000	0.0000	0.0000	0.0000	0.0000	0.0000	0.0003	0.0001	0.0002	0.0001	0.0001	0.0000	0.0002	0.0000	0.0002	0.0070	0.0064	0.0007	0.0027	0.0027	0.0000	0.0044	0.0037	0.0006	0.0830	0.0595	0.0235	0.0303	0.0297	0.0006	0.0527	0.0297	0.0229	0.0000	0.0000	0.0000	0.0000	0.0000	0.0000	0.0000	0.0000	0.0000	0.0032	0.0011	0.0083	0.0024	0.0022	0.0125	0.0036	0.0000	0.0082	
77	108	0.1019	10	1	0	1	0	0	0	0	0	N	N	N	N	N	N	N	N	N	N	N	N	0.0000	0.0000	0.0000	0.0000	0.0000	0.0000	0.0000	0.0000	0.0000	0.0000	0.0000	0.0000	0.0000	0.0000	0.0000	0.0000	0.0000	0.0000	0.0015	0.0003	0.0045	0.0005	0.0005	0.0000	0.0020	0.0000	0.0046	7.2028	-0.0000	0.0000	0.9901	0.4415	2.2068	4.8853	0.0000	0.0000	0.0000	0.0000	0.0000	0.0000	0.0000	0.0000	0.0000	0.0001	0.0000	0.0001	0.0000	0.0000	0.0000	0.0001	0.0000	0.0001	0.0076	0.0069	0.0007	0.0028	0.0028	0.0000	0.0048	0.0041	0.0007	0.0428	0.0306	0.0122	0.0149	0.0146	0.0002	0.0280	0.0160	0.0120	0.0000	0.0000	0.0000	0.0000	0.0000	0.0000	0.0000	0.0000	0.0000	0.0015	0.0003	0.0045	0.0005	0.0005	0.0000	0.0020	0.0000	0.0046	
77	109	0.1243	9	2	1	1	1	0	0	0	0	Y	N	N	N	N	N	N	N	N	N	N	N	0.0000	0.0000	0.0000	0.0000	0.0000	0.0000	0.0000	0.0000	0.0000	0.0000	0.0000	0.0000	0.0000	0.0000	0.0000	0.0000	0.0000	0.0000	0.0000	0.0000	0.9901	0.0000	2.2068	0.0000	0.0000	0.0000	0.0000	0.0000	0.0000	0.0000	0.0000	0.0000	0.0000	0.0000	0.0000	0.0000	0.0000	0.0000	0.0000	0.0000	0.0000	0.0000	0.0000	0.0000	0.0000	0.0000	0.0000	0.0000	0.0000	0.0000	0.0000	0.0000	0.0000	0.0000	0.0000	0.0000	0.0000	0.0000	0.0000	0.0000	0.0000	0.0000	0.0000	0.0000	0.0000	0.0000	0.0000	0.0000	0.0000	0.0000	0.0000	0.0000	0.0000	0.0000	0.0000	0.0000	0.0000	0.0000											
77	110	0.1093	8	2	1	1	1	0	0	0	0	Y	N	N	N	N	N	N	N	N	N	N	N	0.0000	0.0000	0.0000	0.0000	0.0000	0.0000	0.0000	0.0000	0.0000	0.0000	0.0000	0.0000	0.0000	0.0000	0.0000	0.0000	0.0000	0.0000	0.0000	0.0000	0.9901	0.0000	2.2068	7.1240	0.0000	0.0000	0.0000	0.0000	0.0000	0.0000	0.0000	0.0000	0.0000	0.0000	0.0000	0.0000	0.0000	0.0000	0.0000	0.0000	0.0000	0.0000	0.0000	0.0000	0.0000	0.0000	0.0000	0.0000	0.0000	0.0000	0.0000	0.0796	0.0579	0.0217	0.0314	0.0307	0.0007	0.0482	0.0271	0.0211	0.0000	0.0000	0.0000	0.0000	0.0000	0.0000	0.0000	0.0000	0.0000	0.0000	0.0000	0.0000	0.0000	0.0000	0.0000	0.0000	0.0000	0.0000											
77	111	0.1182	10	1	1	1	1	0	0	0	0	N	N	N	N	N	N	N	N	N	N	N	N	0.0000	0.0000	0.0000	0.0000	0.0000	0.0000	0.0000	0.0000	0.0000	0.0000	0.0000	0.0000	0.0000	0.0000	0.0000	0.0000	0.0000	0.0000	0.0000	0.0000	0.9901	0.0016	2.2068	5.0076	0.0000	0.0000	0.0000	0.0000	0.0000	0.0000	0.0000	0.0000	0.0000	0.0000	0.0000	0.0000	0.0000	0.0000	0.0000	0.0000	0.0000	0.0000	0.0000	0.0000	0.0000	0.0000	0.0000	0.0000	0.0000	0.0000	0.0000	0.0558	0.0408	0.0150	0.0227	0.0220	0.0007	0.0331	0.0188	0.0143	0.0000	0.0000	0.0000	0.0000	0.0000	0.0000	0.0000	0.0000	0.0000	0.0000	0.0000	0.0000	0.0000	0.0000	0.0000	0.0000	0.0000	0.0000											
77	112	0.1114	9	1	1	1	1	0	0	0	0	N	N	N	N	N	N	N	N	N	N	N	N	0.0000	0.0000	0.0000	0.0000	0.0000	0.0000	0.0000	0.0000	0.0000	0.0000	0.0000	0.0000	0.0000	0.0000	0.0000	0.0000	0.0000	0.0000	0.0000	-0.0000	0.9901	1.0012	2.2068	2.1373	0.0000	0.0000	0.0000	0.0000	0.0000	0.0000	0.0000	0.0000	0.0000	0.0000	0.0000	0.0000	0.0000	0.0000	0.0000	0.0000	0.0000	0.0000	0.0068	0.0060	0.0009	0.0013	0.0013	0.0001	0.0055	0.0047	0.0008	0.0369	0.0267	0.0101	0.0149	0.0145	0.0004	0.0219	0.0122	0.0097	0.0000	0.0000	0.0000	0.0000	0.0000	0.0000	0.0000	0.0000	0.0000	0.0000	0.0000	0.0000	0.0000	0.0000	0.0000	0.0000	0.0000	0.0000											
77	113	0.1197	9	1	1	1	0	0	0	0	0	N	N	N	N	N	N	N	N	N	N	N	N	0.0000	0.0000	0.0000	0.0000	0.0000	0.0000	0.0000	0.0000	0.0000	0.0000	0.0000	0.0000	0.0000	0.0000	0.0000	0.0000	0.0001	0.0001	0.0000	0.0002	0.0002	0.0000	0.0000	0.0000	0.0000	0.0015	0.0000	-0.0000	0.9901	0.9705	2.2068	5.0371	0.0000	0.0000	0.0000	0.0000	0.0000	0.0000	0.0000	0.0000	0.0000	0.0000	0.0000	0.0000	0.0000	0.0000	0.0000	0.0000	0.0000	0.0000	0.0078	0.0069	0.0009	0.0021	0.0020	0.0001	0.0058	0.0049	0.0008	0.0659	0.0483	0.0176	0.0266	0.0260	0.0006	0.0393	0.0223	0.0170	0.0000	0.0000	0.0000	0.0000	0.0000	0.0000	0.0000	0.0000	0.0000	0.0001	0.0001	0.0000	0.0002	0.0002	0.0000	0.0000	0.0000	0.0000			
77	114	0.1114	9	1	0	2	1	0	0	0	0	N	N	Y	N	N	N	N	N	N	N	N	N	0.0000	0.0000	0.0000	0.0000	0.0000	0.0000	0.0000	0.0000	0.0000	0.0000	0.0000	0.0000	0.0000	0.0000	0.0000	0.0000	0.0000	0.0000	0.0000	0.0000	0.9901	0.0000	2.2068	1.1303	0.0000	0.0000	0.0000	0.0000	0.0000	0.0000	0.0000	0.0000	0.0000	0.0000	0.0000	0.0000	0.0000	0.0000	0.0000	0.0000	0.0000	0.0000	0.0000	0.0000	0.0000	0.0000	0.0000	0.0000	0.0000	0.0000	0.0000	0.0145	0.0104	0.0041	0.0060	0.0059	0.0001	0.0085	0.0046	0.0040	0.0000	0.0000	0.0000	0.0000	0.0000	0.0000	0.0000	0.0000	0.0000	0.0000	0.0000	0.0000	0.0000	0.0000	0.0000	0.0000	0.0000	0.0000											
77	115	0.1093	8	1	0	1	1	0	0	0	0	N	N	N	N	N	N	N	N	N	N	N	N	0.0000	0.0000	0.0000	0.0000	0.0000	0.0000	0.0000	0.0000	0.0000	0.0000	0.0000	0.0000	0.0000	0.0000	0.0000	0.0000	0.0000	0.0000	0.0000	0.0000	0.9901	0.0000	2.2068	1.2340	0.0000	0.0000	0.0000	0.0000	0.0000	0.0000	0.0000	0.0000	0.0000	0.0000	0.0000	0.0000	0.0000	0.0000	0.0000	0.0000	0.0000	0.0000	0.0000	0.0000	0.0000	0.0000	0.0000	0.0000	0.0000	0.0000	0.0000	0.0158	0.0113	0.0045	0.0064	0.0063	0.0001	0.0094	0.0050	0.0043	0.0000	0.0000	0.0000	0.0000	0.0000	0.0000	0.0000	0.0000	0.0000	0.0000	0.0000	0.0000	0.0000	0.0000	0.0000	0.0000	0.0000	0.0000											
77	116	0.1168	9	1	0	2	1	0	0	0	0	N	N	Y	N	N	N	N	N	N	N	N	N	0.0000	0.0000	0.0000	0.0000	0.0000	0.0000	0.0000	0.0000	0.0000	0.0000	0.0000	0.0000	0.0000	0.0000	0.0000	0.0000	0.0000	0.0320	0.0000	0.1158	0.0000	0.0000	0.0001	0.0538	0.0000	0.1198	2204.1127	0.0000	0.0003	0.9901	0.9725	2.2068	0.9874	0.0000	0.0000	0.0000	0.0000	0.0000	0.0000	0.0000	0.0000	0.0000	0.0008	0.0000	0.0008	0.0000	0.0000	0.0000	0.0008	0.0000	0.0008	0.0074	0.0065	0.0009	0.0018	0.0017	0.0001	0.0056	0.0048	0.0008	0.0235	0.0170	0.0065	0.0096	0.0093	0.0002	0.0140	0.0077	0.0063	0.0000	0.0000	0.0000	0.0000	0.0000	0.0000	0.0000	0.0000	0.0000	0.0320	0.0000	0.1158	0.0000	0.0000	0.0001	0.0538	0.0000	0.1198		
77	117	0.1168	9	1	0	2	1	0	0	0	0	N	N	Y	N	N	N	N	N	N	N	N	N	0.0000	0.0000	0.0000	0.0000	0.0000	0.0000	0.0000	0.0000	0.0000	0.0000	0.0000	0.0000	0.0000	0.0000	0.0000	0.0000	0.0000	13.4862	18.5085	0.0225	34.6322	34.2609	0.0000	0.0102	0.0000	0.0233	0.0005	0.0000	-0.3393	0.9901	0.0285	2.2068	4.0215	0.0000	0.0000	0.0000	0.0000	0.0000	0.0000	0.0000	0.0000	0.0000	0.6254	0.6251	0.0003	0.6251	0.6251	0.0000	0.0003	0.0000	0.0003	0.0008	0.0007	0.0001	0.0003	0.0003	0.0000	0.0004	0.0004	0.0001	0.0464	0.0338	0.0126	0.0187	0.0182	0.0004	0.0277	0.0155	0.0122	0.0000	0.0000	0.0000	0.0000	0.0000	0.0000	0.0000	0.0000	0.0000	13.4862	18.5085	0.0225	33.4623	34.2609	0.0000	0.0102	0.0000	0.0233		
77	118	0.1093	8	1	0	2	1	0	0	0	0	N	N	Y	N	N	N	N	N	N	N	N	N	0.0000	0.0000	0.0000	0.0000	0.0000	0.0000	0.0000	0.0000	0.0000	0.0000	0.0000	0.0000	0.0000	0.0000	0.0000	0.0000	0.0127	0.0175	0.0000	0.0322	0.0329	0.0000	0.0000	0.0000	0.0000	0.0005	0.0000	-0.0004	0.9901	3.0275	2.2068	2.1573	0.0000	0.0000	0.0000	0.0000	0.0000	0.0000	0.0000	0.0000	0.0000	0.0008	0.0008	0.0000	0.0008	0.0008	0.0000	0.0000	0.0000	0.0000	0.0205	0.0179	0.0026	0.0040	0.0038	0.0002	0.0165	0.0141	0.0024	0.0590	0.0428	0.0162	0.0233	0.0228	0.0005	0.0357	0.0200	0.0157	0.0000	0.0000	0.0000	0.0000	0.0000	0.0000	0.0000	0.0000	0.0000	0.0127	0.0175	0.0000	0.0322	0.0329	0.0000	0.0000	0.0000	0.0000			
77	119	0.1505	8	2	1	1	0	0	0	0	0	Y	N	N	N	N	N	N	N	N	N	N	N	0.0000	0.0000	0.0000	0.0000	0.0000	0.0000	0.0000	0.0000	0.0000	0.0000	0.0000	0.0000	0.0000	0.0000	0.0000	0.0000	0.0004	0.0006	0.0000	0.0012	0.0012	0.0000	0.0000	0.0000	0.0000	0.0012	0.0000	-0.0000	0.9901	2.1883	2.2068	3.1271	0.0000	0.0000	0.0000	0.0000	0.0000	0.0000	0.0000	0.0000	0.0000	0.0000	0.0000	0.0000	0.0000	0.0000	0.0000	0.0000	0.0000	0.0000	0.0182	0.0162	0.0020	0.0045	0.0043	0.0001	0.0137	0.0119	0.0018	0.0437	0.0321	0.0116	0.0167	0.0163	0.0004	0.0270	0.0157	0.0112	0.0000	0.0000	0.0000	0.0000	0.0000	0.0000	0.0000	0.0000	0.0000	0.0004	0.0006	0.0000	0.0012	0.0012	0.0000	0.0000	0.0000	0.0000			
77	120	0.0836	7	2	1	1	0	0	0	0	0	Y	N	N	N	N	N	N	N	N	N	N	N	0.0000	0.0000	0.0000	0.0000	0.0000	0.0000	0.0000	0.0000	0.0000	0.0000	0.0000	0.0000	0.0000	0.0000	0.0000	0.0000	0.0001	0.0000	0.0003	0.0000	0.0000	0.0000	0.0001	0.0000	0.0003	40.0173	0.0000	0.0000	0.9901	13.6104	2.2068	16.0982	0.0000	0.0000	0.0000	0.0000	0.0000	0.0000	0.0000	0.0000	0.0000	0.0000	0.0000	0.0000	0.0000	0.0000	0.0000	0.0000	0.0000	0.0000	0.0942	0.0826	0.0116	0.0170	0.0163	0.0007	0.0772	0.0663	0.0109	0.2912	0.2114	0.0798	0.1088	0.1076	0.0013	0.1824	0.1038	0.0786	0.0000	0.0000	0.0000	0.0000	0.0000	0.0000	0.0000	0.0000	0.0000	0.0001	0.0000	0.0003	0.0000	0.0000	0.0000	0.0001	0.0000	0.0003			
77	121	0.0881	7	1	1	1	0	0	0	0	0	N	N	N	N	N	N	N	N	N	N	N	N	0.0000	0.0000	0.0000	0.0000	0.0000	0.0000	0.0000	0.0000	0.0000	0.0000	0.0000	0.0000	0.0000	0.0000	0.0000	0.0000	0.0000	0.0000	0.0159	0.0162	0.0153	0.0299	0.0283	0.1088	0.0056	0.0000	0.0124	0.3498	0.0000	-0.0004	0.9901	0.3548	2.2068	4.6068	0.0000	0.0000	0.0000	0.0000	0.0000	0.0000	0.0000	0.0000	0.0000	0.0012	0.0009	0.0003	0.0010	0.0009	0.0001	0.0003	0.0000	0.0003	0.0084	0.0076	0.0008	0.0035	0.0034	0.0000	0.0049	0.0042	0.0008	0.0780	0.0569	0.0210	0.0331	0.0325	0.0006	0.0449	0.0245	0.0204	0.0000	0.0000	0.0000	0.0000	0.0000	0.0000	0.0000	0.0000	0.0000	0.0159	0.0162	0.0153	0.0299	0.0283	0.1088	0.0056	0.0000	0.0124	
77	122	0.0732	6	1	1	1	0	0	0	0	0	N	N	N	N	N	N	N	N	N	N	N	N	0.0000	0.0000	0.0000	0.0000	0.0000	0.0000	0.0000	0.0000	0.0000	0.0000	0.0000	0.0000	0.0000	0.0000	0.0000	0.0000	0.0000	0.0000	0.0136	0.0099	0.0233	0.0069	0.0070	0.0005	0.0177	0.0130	0.0236	0.9141	0.0000	-0.0001	0.9901	1.6911	2.2068	5.7022	0.0000	0.0000	0.0000	0.0000	0.0000	0.0000	0.0000	0.0000	0.0000	0.0011	0.0006	0.0005	0.0002	0.0002	0.0000	0.0009	0.0004	0.0005	0.0164	0.0145	0.0019	0.0042	0.0041	0.0001	0.0122	0.0104	0.0018	0.0839	0.0604	0.0234	0.0317	0.0314	0.0004	0.0522	0.0291	0.0231	0.0000	0.0000	0.0000	0.0000	0.0000	0.0000	0.0000	0.0000	0.0000	0.0136	0.0099	0.0233	0.0069	0.0070	0.0005	0.0177	0.0130	0.0236	
77	124	0.1243	10	2	1	1	0	0	0	0	0	Y	N	N	N	N	N	N	N	N	N	N	N	0.0000	0.0000	0.0000	0.0000	0.0000	0.0000	0.0000	0.0000	0.0000	0.0000	0.0000	0.0000	0.0000	0.0000	0.0000	0.0000	0.0000	0.0000	0.0000	0.0000	0.9901	0.0000	2.2068	0.0000	0.0000	0.0000	0.0000	0.0000	0.0000	0.0000	0.0000	0.0000	0.0000	0.0000	0.0000	0.0000	0.0000	0.0000	0.0000	0.0000	0.0000	0.0000	0.0000	0.0000	0.0000	0.0000	0.0000	0.0000	0.0000	0.0000	0.0000	0.0000	0.0000	0.0000	0.0000	0.0000	0.0000	0.0000	0.0000	0.0000	0.0000	0.0000	0.0000	0.0000	0.0000	0.0000	0.0000	0.0000	0.0000	0.0000	0.0000	0.0000	0.0000	0.0000	0.0000	0.0000	0.0000	0.0000											
77	125	0.1197	9	2	1	1	0	0	0	0	0	Y	N	N	N	N	N	N	N	N	N	N	N	0.0000	0.0000	0.0000	0.0000	0.0000	0.0000	0.0000	0.0000	0.0000	0.0000	0.0000	0.0000	0.0000	0.0000	0.0000	0.0000	0.0003	0.0004	0.0000	0.0006	0.0007	0.0000	0.0000	0.0000	0.0000	0.0015	0.0000	-0.0000	0.9901	0.1434	2.2068	1.9839	0.0000	0.0000	0.0000	0.0000	0.0000	0.0000	0.0000	0.0000	0.0000	0.0000	0.0000	0.0000	0.0000	0.0000	0.0000	0.0000	0.0000	0.0000	0.0022	0.0020	0.0002	0.0009	0.0009	0.0000	0.0013	0.0011	0.0002	0.0245	0.0180	0.0065	0.0100	0.0098	0.0002	0.0145	0.0082	0.0063	0.0000	0.0000	0.0000	0.0000	0.0000	0.0000	0.0000	0.0000	0.0000	0.0003	0.0004	0.0000	0.0006	0.0007	0.0000	0.0000	0.0000	0.0000			
77	126	0.1093	8	1	1	1	0	0	0	0	0	N	N	N	N	N	N	N	N	N	N	N	N	0.0000	0.0000	0.0000	0.0000	0.0000	0.0000	0.0000	0.0000	0.0000	0.0000	0.0000	0.0000	0.0000	0.0000	0.0000	0.0000	0.0001	0.0000	0.0004	0.0000	0.0000	0.0000	0.0002	0.0000	0.0004	646.7855	0.0000	0.0000	0.9901	1.8882	2.2068	2.9115	0.0000	0.0000	0.0000	0.0000	0.0000	0.0000	0.0000	0.0000	0.0000	0.0000	0.0000	0.0000	0.0000	0.0000	0.0000	0.0000	0.0000	0.0000	0.0129	0.0113	0.0016	0.0025	0.0024	0.0001	0.0104	0.0089	0.0015	0.0549	0.0398	0.0151	0.0217	0.0213	0.0005	0.0332	0.0186	0.0146	0.0000	0.0000	0.0000	0.0000	0.0000	0.0000	0.0000	0.0000	0.0000	0.0001	0.0000	0.0004	0.0000	0.0000	0.0000	0.0002	0.0000	0.0004			
77	127	0.0836	7	1	0	1	0	0	0	0	0	N	N	N	N	N	N	N	N	N	N	N	N	0.0000	0.0000	0.0000	0.0000	0.0000	0.0000	0.0000	0.0000	0.0000	0.0000	0.0000	0.0000	0.0000	0.0000	0.0000	0.0000	0.0000	0.0004	0.0005	0.0000	0.0010	0.0010	0.0001	0.0000	0.0000	0.0000	0.0016	0.0000	-0.0000	0.9901	3.5543	2.2068	9.0319	0.0000	0.0000	0.0000	0.0000	0.0000	0.0000	0.0000	0.0000	0.0000	0.0001	0.0001	0.0000	0.0001	0.0001	0.0000	0.0000	0.0000	0.0000	0.0305	0.0269	0.0036	0.0070	0.0068	0.0002	0.0234	0.0201	0.0034	0.1353	0.0980	0.0373	0.0509	0.0503	0.0006	0.0844	0.0477	0.0367	0.0000	0.0000	0.0000	0.0000	0.0000	0.0000	0.0000	0.0000	0.0000	0.0004	0.0005	0.0000	0.0010	0.0010	0.0001	0.0000	0.0000	0.0000		
78	79	0.1645	11	1	1	1	0	0	0	0	0	N	N	N	N	N	N	N	N	N	N	N	N	0.0000	0.0000	0.0000	0.0614	0.0541	0.0000	0.0000	0.0000	0.0001	0.0001	0.0000	0.0002	0.0003	0.0000	0.0000	0.0000	0.0000	2.1833	3.1333	0.0003	0.0040	0.0048	0.0000	4.0982	7.1813	0.0004	0.0000	0.0000	-0.0000	-0.5618	8.4371	3.0096	15.3349	5.7427	0.0000	0.0000	0.0000	0.0000	0.0000	0.0000	0.0000	0.0000	0.0000	1.0347	1.0347	0.0000	0.0009	0.0009	0.0000	1.0338	1.0338	0.0000	0.1974	0.1738	0.0236	0.0403	0.0385	0.0018	0.1570	0.1353	0.0218	0.4739	0.3302	0.1437	0.2217	0.1863	0.0354	0.2523	0.1440	0.1083	0.0000	0.0000	0.0000	0.0614	0.0541	0.0000	0.0000	0.0000	0.0000	2.1833	3.1333	0.0003	0.0040	0.0048	0.0000	4.0982	7.1813	0.0004	
78	80	0.1489	10	1	1	1	0	0	0	0	0	N	N	N	N	N	N	N	N	N	N	N	N	0.0000	0.0000	0.2954	0.0028	0.0006	0.6950	0.0000	0.0000	0.0036	0.0000	0.0000	0.0001	0.0000	0.0000	0.0010	0.0000	0.0000	0.0000	0.3003	0.4856	0.0003	0.0164	0.0174	0.0014	0.3975	0.8109	0.0002	3.8616	0.0003	0.0000	-0.0389	8.4371	1.0477	15.3349	6.1154	0.0000	0.0000	0.0000	0.0000	0.0000	0.0000	0.0000	0.0000	0.0000	0.0716	0.0716	0.0000	0.0010	0.0010	0.0000	0.0707	0.0706	0.0000	0.0769	0.0681	0.0088	0.0178	0.0171	0.0006	0.0591	0.0510	0.0081	0.2386	0.1475	0.0911	0.0608	0.0567	0.0041	0.1777	0.0908	0.0870	0.0000	0.0000	0.2954	0.0028	0.0006	0.6950	0.0000	0.0000	0.0036	0.3003	0.4856	0.0003	0.0164	0.0174	0.0014	0.3975	0.7782	0.0002
78	81	0.1424	9	0	1	0	0	0	0	0	0	N	N	N	N	N	N	N	N	N	N	N	N	0.0069	0.0050	0.0051	0.0567	0.0550	1.1314	0.0000	0.0000	0.0000	0.0001	0.0001	0.0000	0.0004	0.0005	0.0001	0.0000	0.0000	0.0000	0.0114	0.0178	0.0017	0.0078	0.0083	0.0001	0.0123	0.0221	0.0017	0.0131	0.0613	-0.0000	-0.0005	8.4371	1.9794	15.3349	1.0196	0.0000	0.0000	0.0000	0.0000	0.0000	0.0000	0.0000	0.0000	0.0000	0.0010	0.0010	0.0001	0.0001	0.0001	0.0000	0.0009	0.0008	0.0001	0.1341	0.1179	0.0162	0.0239	0.0228	0.0011	0.1103	0.0951	0.0152	0.0916	0.0552	0.0364	0.0184	0.0172	0.0012	0.0732	0.0380	0.0353	0.0069	0.0050	0.0051	0.0567	0.0550	1.1314	0.0000	0.0000	0.0000	0.0114	0.0178	0.0017	0.0078	0.0083	0.0001	0.0123	0.0221	0.0017
78	82	0.1402	8	0	1	0	0	0	0	0	0	N	N	N	N	N	N	N	N	N	N	N	N	0.1486	0.2606	0.0003	0.2068	0.2041	0.1772	0.1327	inf	0.0000	0.0008	0.0009	0.0000	0.0020	0.0021	0.0000	0.0005	0.0006	0.0000	0.0051	0.0033	0.0078	0.0096	0.0102	0.0002	0.0039	0.0000	0.0081	0.0004	1.5576	-0.0000	0.0000	8.4371	1.0114	15.3349	0.0202	0.0001	0.0001	0.0000	0.0000	0.0000	0.0000	0.0000	0.0000	0.0000	0.0002	0.0001	0.0001	0.0001	0.0001	0.0000	0.0001	0.0000	0.0001	0.0689	0.0604	0.0085	0.0112	0.0107	0.0005	0.0577	0.0497	0.0080	0.0332	0.0199	0.0132	0.0069	0.0065	0.0004	0.0262	0.0134	0.0128	0.1486	0.2606	0.0003	0.2068	0.2041	0.1772	0.1327	inf	0.0000	0.0051	0.0033	0.0078	0.0096	0.0102	0.0002	0.0039	0.0000	0.0081
78	83	0.1197	7	0	1	0	0	0	0	0	0	N	N	N	N	N	N	N	N	N	N	N	N	1.3601	1.5693	0.0010	2.5169	2.4938	0.0005	0.0791	7287.1742	0.0010	0.1395	0.1574	0.0001	0.6813	0.7081	0.0000	0.0044	0.0050	0.0001	0.1026	0.1003	0.1060	0.2707	0.2840	0.0147	0.0550	0.0000	0.1085	0.0001	0.7223	-0.0235	-0.0042	8.4371	5.9223	15.3349	3.6882	0.0617	0.0617	0.0000	0.0602	0.0602	0.0000	0.0015	0.0015	0.0000	0.0339	0.0197	0.0142	0.0197	0.0197	0.0001	0.0142	0.0000	0.0142	0.4421	0.3920	0.0501	0.0883	0.0849	0.0033	0.3538	0.3071	0.0468	0.3302	0.1962	0.1340	0.0729	0.0693	0.0036	0.2574	0.1269	0.1305	1.3601	1.5693	0.0010	2.5169	2.4938	0.0005	0.0791	7287.1742	0.0010	0.1026	0.1003	0.1060	0.2707	0.2840	0.0147	0.0550	0.0000	0.1085
78	84	0.0717	3	0	2	0	0	0	0	0	0	N	Y	N	N	N	N	N	N	N	N	N	N	1.2962	0.1849	4.0503	0.2952	0.2946	0.0709	1.3342	3633.5070	4.1003	1.9697	0.0605	13.0253	0.2650	0.2734	0.0100	2.2552	0.0191	13.4459	1.5196	0.3271	3.2159	0.8975	0.9279	0.1417	1.6903	0.0000	3.2793	37.1904	6.9109	0.6101	0.6533	8.4371	7.1084	15.3349	28.8937	1.0293	0.0270	1.0023	0.0199	0.0198	0.0000	1.0094	0.0071	1.0023	1.9760	0.2498	1.7262	0.2513	0.2498	0.0015	1.7247	0.0000	1.7247	0.5226	0.4456	0.0770	0.0750	0.0726	0.0024	0.4476	0.3730	0.0745	1.3004	0.7636	0.5368	0.2800	0.2692	0.0108	1.0204	0.4944	0.5259	1.2962	0.1849	4.0503	0.2952	0.2946	0.0709	1.3342	3633.5070	4.1003	1.5196	0.3271	3.2159	0.8975	0.9279	0.1417	1.6903	0.0000	3.2793
78	85	0.0642	2	0	2	0	0	0	0	0	0	N	Y	N	N	N	N	N	N	N	N	N	N	0.7564	0.9815	0.5333	0.6686	0.6805	0.0262	0.8292	31.3564	0.5462	0.6006	0.6290	0.5462	0.6669	0.6858	0.0149	0.5529	0.5369	0.5651	0.7940	0.6408	1.0243	0.9975	1.0078	0.5704	0.6668	0.0171	1.0346	0.4528	1.0631	-0.0263	-0.0132	8.4371	2.2208	15.3349	3.9129	0.3793	0.2610	0.1182	0.1761	0.1760	0.0001	0.2032	0.0851	0.1181	0.4784	0.2319	0.2465	0.2312	0.2296	0.0016	0.2472	0.0023	0.2449	0.6315	0.4150	0.2164	0.2641	0.2566	0.0074	0.3674	0.1584	0.2090	0.6025	0.3618	0.2407	0.2317	0.2278	0.0039	0.3708	0.1340	0.2367	0.7564	0.9815	0.5333	0.6686	0.6805	0.0371	0.8292	31.3564	0.5462	0.7940	0.6408	1.0243	0.9975	1.0078	0.4033	0.6668	0.0171	1.0346
78	86	0.1397	4	0	1	1	0	0	0	0	0	N	N	N	N	N	N	N	N	N	N	N	N	0.0483	0.0345	0.0001	0.3584	0.3621	0.0004	0.0370	0.0223	0.0000	0.0948	0.1097	0.0000	0.0917	0.1017	0.0000	0.0958	0.1125	0.0000	1.9625	3.1769	0.0570	0.2559	0.2808	0.0508	2.5890	5.0437	0.0575	0.0000	0.0114	-0.0158	-0.4537	8.4371	5.3425	15.3349	7.0749	0.0415	0.0415	0.0000	0.0098	0.0098	0.0000	0.0316	0.0316	0.0000	0.8533	0.8436	0.0096	0.0299	0.0292	0.0006	0.8234	0.8144	0.0090	0.4373	0.3779	0.0594	0.1073	0.0968	0.0105	0.3300	0.2811	0.0489	0.4348	0.2656	0.1692	0.1168	0.1041	0.0127	0.3180	0.1615	0.1566	0.0483	0.0345	0.0001	0.3584	0.3621	0.0004	0.0370	0.0223	0.0000	1.9625	3.1769	0.0570	0.2559	0.2808	0.0508	2.5890	5.0437	0.0575
78	87	0.0965	3	0	1	0	0	0	0	0	0	N	N	N	N	N	N	N	N	N	N	N	N	1.1598	2.7838	0.0012	1.9764	2.0423	0.0074	0.8756	6.6817	0.0012	1.0471	1.2996	0.0019	1.3706	1.5120	0.0010	0.8888	1.1750	0.0021	0.9029	0.4668	1.6292	0.6935	0.7403	0.1347	1.0152	0.1759	1.7451	0.0004	2.0951	-0.3308	0.1360	8.4371	7.0719	15.3349	13.7350	0.8689	0.8686	0.0003	0.3736	0.3736	0.0000	0.4952	0.4950	0.0003	1.0153	0.3280	0.6872	0.2722	0.2682	0.0041	0.7430	0.0599	0.6831	0.8298	0.6683	0.1615	0.2726	0.2471	0.0255	0.5572	0.4212	0.1359	1.1245	0.7026	0.4218	0.3926	0.3622	0.0304	0.7319	0.3404	0.3915	1.1598	2.7838	0.0012	1.9764	2.0423	0.0074	0.8756	6.6817	0.0012	0.9029	0.4668	1.6292	0.6935	0.7403	0.1347	1.0152	0.1759	1.7451
78	88	0.1748	13	1	1	1	0	0	0	0	0	N	N	N	N	N	N	N	N	N	N	N	N	0.0000	0.0000	0.0000	0.0000	0.0000	0.0000	0.0000	0.0000	0.0000	0.0000	0.0000	0.0000	0.0000	0.0000	0.0000	0.0000	0.0000	0.0000	0.0000	0.0000	8.4371	0.0000	15.3349	0.0000	0.0000	0.0000	0.0000	0.0000	0.0000	0.0000	0.0000	0.0000	0.0000	0.0000	0.0000	0.0000	0.0000	0.0000	0.0000	0.0000	0.0000	0.0000	0.0000	0.0000	0.0000	0.0000	0.0000	0.0000	0.0000	0.0000	0.0000	0.0000	0.0000	0.0000	0.0000	0.0000	0.0000	0.0000	0.0000	0.0000	0.0000	0.0000	0.0000	0.0000	0.0000	0.0000	0.0000	0.0000	0.0000	0.0000	0.0000	0.0000	0.0000	0.0000	0.0000	0.0000	0.0000	0.0000											
78	89	0.1729	12	1	1	1	0	0	0	0	0	N	N	N	N	N	N	N	N	N	N	N	N	1.6167	7310.7126	0.0000	2.3707	8343.0967	0.0000	0.0000	0.0000	0.0016	0.0017	0.0000	0.0041	0.0041	0.0000	0.0000	0.0000	0.0000	0.0010	0.0000	0.0029	0.0017	0.0000	0.0524	0.0006	0.0000	0.0012	0.0000	6116.2027	-0.0000	0.0000	8.4371	0.0001	15.3349	0.9161	0.0000	0.0000	0.0000	0.0000	0.0000	0.0000	0.0000	0.0000	0.0000	0.0000	0.0000	0.0000	0.0000	0.0000	0.0000	0.0000	0.0000	0.0000	0.0000	0.0000	0.0000	0.0000	0.0000	0.0000	0.0000	0.0000	0.0000	0.0465	0.0310	0.0155	0.0155	0.0150	0.0005	0.0310	0.0160	0.0150	1.6167	7310.7126	0.0000	2.3707	8343.0967	0.0000	0.0000	0.0000	0.0000	0.0010	0.0000	0.0029	0.0017	0.0000	0.0524	0.0006	0.0000	0.0012	
78	90	0.1481	11	1	1	1	0	0	0	0	0	N	N	N	N	N	N	N	N	N	N	N	N	27.1986	32.5050	0.0000	26.6156	27.8964	0.0000	34.1662	405775.3166	0.0000	0.0597	0.0677	0.0000	0.1563	0.1647	0.0000	0.0369	0.0427	0.0000	0.0022	0.0021	0.0024	0.0059	0.0059	0.0055	0.0011	0.0000	0.0022	0.0000	0.7176	-0.0061	-0.0001	8.4371	3.7876	15.3349	7.8440	0.0161	0.0161	0.0000	0.0080	0.0080	0.0000	0.0081	0.0081	0.0000	0.0008	0.0004	0.0003	0.0005	0.0004	0.0000	0.0003	0.0000	0.0003	0.2700	0.2379	0.0322	0.0514	0.0488	0.0026	0.2186	0.1891	0.0296	0.3511	0.2152	0.1359	0.0815	0.0760	0.0055	0.2696	0.1392	0.1304	27.1986	32.5050	0.0000	26.6156	27.8964	0.0000	34.1662	405775.3166	0.0000	0.0022	0.0021	0.0024	0.0059	0.0059	0.0055	0.0011	0.0000	0.0022
78	91	0.0798	3	0	2	0	1	0	0	0	0	N	Y	N	N	N	N	N	N	N	N	N	N	1.4155	1.3129	0.0000	20.0900	21.2671	0.0008	0.6589	0.6278	0.0000	2.4081	3.4287	0.0000	4.1040	4.2843	0.0002	1.4023	2.5462	0.0000	1.7012	2.6116	0.4863	0.2043	0.2015	0.2889	2.1283	4.0558	0.4901	0.0000	0.1395	-0.3058	-0.4790	8.4371	1.8247	15.3349	16.3284	0.8026	0.8026	0.0000	0.5092	0.5092	0.0000	0.2934	0.2934	0.0000	1.1391	0.9997	0.1395	0.0304	0.0289	0.0015	1.1088	0.9708	0.1380	0.3333	0.2341	0.0992	0.1241	0.1188	0.0052	0.2092	0.1152	0.0940	0.6696	0.3828	0.2868	0.1487	0.1434	0.0052	0.5210	0.2393	0.2816	1.4155	1.3129	0.0000	20.0900	21.2671	0.0008	0.6589	0.6278	0.0000	1.7012	2.6116	0.4863	0.2043	0.2015	0.2818	2.1283	4.0558	0.4901
78	92	0.0694	2	0	2	0	0	0	0	0	0	N	Y	N	N	N	N	N	N	N	N	N	N	1.7698	0.7276	6.1674	0.4131	0.4142	0.1025	1.9862	0.7464	6.3397	4.3374	1.8472	14.4445	0.4357	0.4515	0.0089	5.4288	2.3444	15.0403	2.4508	2.5388	2.3421	1.0547	1.0901	0.0870	2.7332	3.1408	2.3724	1.9266	0.7461	0.9693	-0.2305	8.4371	9.1310	15.3349	16.1726	3.4964	1.1947	2.3017	0.0768	0.0767	0.0001	3.4197	1.1180	2.3016	1.9925	1.1412	0.8514	0.1443	0.1438	0.0004	1.8483	0.9973	0.8510	0.8061	0.6468	0.1593	0.1762	0.1699	0.0063	0.6299	0.4769	0.1530	0.8130	0.4495	0.3635	0.1368	0.1320	0.0048	0.6762	0.3175	0.3587	1.7698	0.7276	6.1674	0.4131	0.4142	0.1025	1.9862	0.7464	6.3397	2.4508	2.5388	2.3421	1.0547	1.0901	0.0870	2.7332	3.1408	2.3724
78	93	0.1543	8	0	2	0	0	0	0	0	0	N	Y	N	N	N	N	N	N	N	N	N	N	0.0005	0.6338	0.0000	0.1429	1.3273	0.0000	0.0000	0.1027	0.0000	0.0001	0.0002	0.0000	0.0007	0.0007	0.0000	0.0000	0.0000	0.0000	0.2853	0.0002	0.8397	0.0046	0.0005	0.0468	0.4274	0.0000	0.9159	0.0000	1770.8369	-0.0000	0.0586	8.4371	4.0959	15.3349	8.7137	0.0000	0.0000	0.0000	0.0000	0.0000	0.0000	0.0000	0.0000	0.0000	0.1284	0.0001	0.1284	0.0007	0.0001	0.0006	0.1277	0.0000	0.1277	0.2914	0.2554	0.0360	0.0596	0.0569	0.0026	0.2319	0.1985	0.0334	0.4502	0.2973	0.1529	0.1513	0.1379	0.0134	0.2989	0.1594	0.1395	0.0005	0.6338	0.0000	0.1429	1.3273	0.0000	0.0000	0.1027	0.0000	0.2853	0.0002	0.8397	0.0046	0.0005	0.0468	0.4274	0.0000	0.9159
78	94	0.1360	7	0	2	0	0	0	0	0	0	N	Y	N	N	N	N	N	N	N	N	N	N	0.0002	0.0002	0.0000	0.0003	0.0003	0.0000	0.0002	0.1037	0.0000	0.0001	0.0002	0.0000	0.0003	0.0004	0.0000	0.0001	0.0001	0.0000	0.6508	0.6229	0.7024	1.3481	1.4476	0.0060	0.3525	0.0007	0.7460	0.0000	0.6106	-0.0000	-0.0311	8.4371	2.9443	15.3349	6.1524	0.0000	0.0000	0.0000	0.0000	0.0000	0.0000	0.0000	0.0000	0.0000	0.1897	0.1178	0.0719	0.1177	0.1177	0.0000	0.0720	0.0001	0.0719	0.2203	0.1926	0.0277	0.0529	0.0508	0.0021	0.1674	0.1417	0.0257	0.2915	0.1891	0.1024	0.0873	0.0813	0.0060	0.2042	0.1078	0.0964	0.0002	0.0002	0.0000	0.0003	0.0003	0.0000	0.0002	0.1037	0.0000	0.6508	0.6229	0.7024	1.3481	1.4476	0.0060	0.3525	0.0007	0.7460
78	95	0.1336	6	0	1	0	0	0	0	0	0	N	N	N	N	N	N	N	N	N	N	N	N	0.0000	0.0000	0.0001	0.0000	0.0000	0.0000	0.0000	0.0005	0.0001	0.0001	0.0000	0.0004	0.0000	0.0000	0.0000	0.0001	0.0000	0.0005	2.0295	0.8289	4.6052	1.5202	1.5657	0.0479	2.3314	0.0000	4.7710	29.4640	2.5896	0.0000	0.0428	8.4371	0.8596	15.3349	1.2300	0.0000	0.0000	0.0000	0.0000	0.0000	0.0000	0.0000	0.0000	0.0000	0.2400	0.0669	0.1732	0.0669	0.0669	0.0001	0.1731	0.0000	0.1731	0.0636	0.0558	0.0078	0.0148	0.0142	0.0006	0.0488	0.0416	0.0072	0.1183	0.0807	0.0376	0.0440	0.0427	0.0013	0.0743	0.0380	0.0363	0.0000	0.0000	0.0001	0.0000	0.0000	0.0000	0.0000	0.0005	0.0001	2.0295	0.8289	4.6052	1.5202	1.5657	0.0479	2.3314	0.0000	4.7710
78	96	0.1217	5	0	1	0	0	0	0	0	0	N	N	N	N	N	N	N	N	N	N	N	N	0.0200	0.0390	0.0058	0.0655	0.0649	0.0006	0.0021	21.4015	0.0060	0.0260	0.0276	0.0137	0.0883	0.0909	0.0000	0.0027	0.0007	0.0147	1.3004	0.7064	2.3711	1.3481	1.4002	0.0561	1.2762	0.0000	2.4593	0.0623	1.8623	-0.0029	0.0410	8.4371	3.7737	15.3349	2.5241	0.0091	0.0085	0.0005	0.0084	0.0084	0.0000	0.0007	0.0002	0.0005	0.3805	0.1329	0.2476	0.1332	0.1329	0.0002	0.2474	0.0000	0.2474	0.3479	0.3091	0.0388	0.0948	0.0920	0.0028	0.2531	0.2171	0.0360	0.2926	0.1882	0.1044	0.0988	0.0949	0.0038	0.1938	0.0933	0.1006	0.0200	0.0390	0.0058	0.0655	0.0649	0.0006	0.0021	21.4015	0.0060	1.3004	0.7064	2.3711	1.3481	1.4002	0.0561	1.2762	0.0000	2.4593
78	97	0.1009	4	0	1	0	0	0	0	0	0	N	N	N	N	N	N	N	N	N	N	N	N	1.7307	68.9277	1.0531	10.7964	12.4292	0.0680	1.4876	2318.7853	1.0584	2.9433	2.6739	4.4221	1.2122	1.2522	0.0258	3.2714	2.9906	4.5757	1.7006	0.0388	4.1990	0.1123	0.1007	0.3799	2.1991	0.0013	4.3232	0.3013	72.0007	-0.2128	0.3048	8.4371	6.4922	15.3349	4.5502	1.4235	1.0938	0.3296	0.0934	0.0933	0.0001	1.3301	1.0005	0.3296	0.6876	0.0094	0.6782	0.0108	0.0092	0.0016	0.6767	0.0002	0.6765	0.4836	0.4091	0.0745	0.0770	0.0745	0.0025	0.4066	0.3346	0.0720	0.4043	0.2428	0.1615	0.0966	0.0916	0.0050	0.3077	0.1512	0.1565	1.7307	68.9277	1.0531	10.7964	12.4292	0.0801	1.4876	2318.7853	1.0584	1.7006	0.0388	4.1990	0.1123	0.1007	0.3226	2.1991	0.0013	4.3232
78	98	0.1481	11	0	2	0	0	0	0	0	0	N	Y	N	N	N	N	N	N	N	N	N	N	0.3961	282.2138	0.0002	82.2257	156.4465	0.0584	0.2264	6836137.1788	0.0000	0.1357	0.1530	0.0001	0.2312	0.2441	0.0011	0.1003	0.1160	0.0000	0.3426	0.0005	0.8801	0.0028	0.0016	0.0194	0.4431	0.0000	0.9171	0.0001	1033.3561	-0.0057	0.0624	8.4371	1.3608	15.3349	12.1483	0.0150	0.0150	0.0000	0.0069	0.0069	0.0000	0.0081	0.0081	0.0000	0.1367	0.0001	0.1366	0.0003	0.0001	0.0001	0.1365	0.0000	0.1365	0.1103	0.0979	0.0125	0.0298	0.0283	0.0016	0.0805	0.0696	0.0109	0.3990	0.2438	0.1552	0.0911	0.0847	0.0064	0.3079	0.1591	0.1488	0.3961	282.2138	0.0002	82.2257	156.4465	0.0584	0.2264	6836137.1788	0.0000	0.3426	0.0005	0.8801	0.0028	0.0016	0.0194	0.4431	0.0000	0.9171
78	99	0.1444	10	0	1	0	0	0	0	0	0	N	N	N	N	N	N	N	N	N	N	N	N	97.8684	278.5156	3.1443	187.2992	197.1770	34.6621	71.7401	8427.0802	1.6703	4.8549	5.5154	0.3150	9.0304	9.6387	1.2549	3.5948	4.1680	0.1715	0.0496	0.0198	0.1002	0.0482	0.0489	0.0362	0.0501	0.0005	0.1027	0.0083	2.9810	-0.2276	0.0008	8.4371	1.5300	15.3349	0.7696	0.6105	0.6055	0.0050	0.2632	0.2606	0.0027	0.3472	0.3449	0.0024	0.0041	0.0010	0.0031	0.0011	0.0010	0.0000	0.0030	0.0000	0.0030	0.1257	0.1098	0.0160	0.0292	0.0270	0.0021	0.0966	0.0827	0.0139	0.0824	0.0518	0.0305	0.0218	0.0207	0.0012	0.0605	0.0312	0.0294	97.8684	278.5156	3.1443	187.2992	197.1770	34.6621	71.7401	8427.0802	1.6703	0.0496	0.0198	0.1002	0.0482	0.0489	0.0362	0.0501	0.0005	0.1027
78	100	0.1355	9	0	1	0	0	0	0	0	0	N	N	N	N	N	N	N	N	N	N	N	N	1.2950	2431.8920	0.4638	783.2596	1236.4242	115.2907	0.9525	12133.9914	0.5117	7.9363	7.8647	8.4503	10.0061	10.1022	7.7046	7.5831	7.4404	8.4877	6.1285	0.0032	18.2194	0.0128	0.0082	0.0668	7.9610	0.0006	16.5881	0.1496	3092.1994	-0.4972	0.4549	8.4371	3.6906	15.3349	1.4800	1.9815	1.7236	0.2579	0.3642	0.3530	0.0112	1.6173	1.3706	0.2467	0.9961	0.0003	0.9958	0.0005	0.0003	0.0002	0.9956	0.0000	0.9956	0.2497	0.2192	0.0305	0.0364	0.0349	0.0015	0.2133	0.1842	0.0291	0.1625	0.0996	0.0630	0.0375	0.0345	0.0029	0.1251	0.0650	0.0600	1.2950	2431.8920	0.5343	783.2596	1236.4242	115.2907	0.9525	12133.9914	0.5117	6.1285	0.0032	15.8162	0.0128	0.0082	0.0668	7.9610	0.0006	16.5881
78	101	0.1355	8	0	1	0	0	0	0	0	0	N	N	N	N	N	N	N	N	N	N	N	N	44.2179	61.3305	7.2053	45.2326	42.9928	21.6557	44.3075	3723.9056	6.9131	5.2483	5.6881	1.1910	8.5076	8.6531	0.8674	3.8106	4.2083	1.2111	0.1187	0.0927	0.1653	0.1881	0.2013	0.0401	0.0860	0.0011	0.1752	0.0227	0.9923	-0.0309	-0.0001	8.4371	0.1361	15.3349	0.4500	0.0862	0.0842	0.0019	0.0427	0.0427	0.0001	0.0434	0.0416	0.0018	0.0030	0.0015	0.0015	0.0015	0.0015	0.0000	0.0015	0.0000	0.0015	0.0164	0.0148	0.0016	0.0050	0.0049	0.0001	0.0114	0.0099	0.0015	0.0255	0.0164	0.0091	0.0082	0.0075	0.0007	0.0173	0.0089	0.0085	44.2179	61.3305	7.2053	45.2326	42.9928	21.6557	44.3075	3723.9056	6.9131	0.1187	0.0927	0.1653	0.1881	0.2013	0.0401	0.0860	0.0011	0.1752
78	102	0.1197	7	0	1	0	0	0	0	0	0	N	N	N	N	N	N	N	N	N	N	N	N	0.0549	71.4606	0.0083	1.6445	4.8703	0.0005	0.0534	696.2283	0.0088	0.1622	0.1745	0.0603	0.0288	0.0299	0.0001	0.2040	0.2247	0.0655	2.9558	0.0024	7.2860	0.0175	0.0061	0.2490	3.8209	0.0003	7.4761	0.0417	2035.3952	-0.0161	0.3869	8.4371	3.5591	15.3349	4.5341	0.0473	0.0455	0.0019	0.0020	0.0020	0.0000	0.0453	0.0434	0.0019	0.8476	0.0004	0.8471	0.0011	0.0004	0.0008	0.8464	0.0000	0.8464	0.2919	0.2605	0.0314	0.0696	0.0671	0.0025	0.2223	0.1934	0.0289	0.2867	0.1705	0.1163	0.0652	0.0622	0.0031	0.2215	0.1083	0.1132	0.0549	71.4606	0.0083	1.6445	4.8703	0.0005	0.0534	696.2283	0.0088	2.9558	0.0024	7.2860	0.0175	0.0061	0.2490	3.8209	0.0003	7.4761
78	103	0.0980	6	0	1	0	0	0	0	0	0	N	N	N	N	N	N	N	N	N	N	N	N	0.2608	10.7216	0.0040	3.4495	3.4815	0.2479	0.1818	281.4492	0.0041	0.6076	0.7987	0.0214	0.7899	0.8308	0.0049	0.5089	0.7732	0.0227	2.3294	0.0745	5.3682	0.2290	0.2386	0.0198	2.7988	0.0027	5.4713	0.0087	53.4744	-0.0857	0.3701	8.4371	2.8937	15.3349	8.0733	0.2302	0.2282	0.0020	0.1051	0.1051	0.0000	0.1251	0.1231	0.0020	0.8436	0.0155	0.8281	0.0151	0.0151	0.0001	0.8285	0.0004	0.8281	0.3789	0.2857	0.0932	0.1330	0.1265	0.0066	0.2458	0.1593	0.0866	0.3622	0.2079	0.1543	0.0661	0.0632	0.0029	0.2960	0.1447	0.1514	0.2608	10.7216	0.0040	3.4495	3.4815	0.2479	0.1818	281.4492	0.0041	2.3294	0.0745	5.3682	0.2290	0.2386	0.0198	2.7988	0.0027	5.4713
78	104	0.1558	6	0	2	0	0	0	0	0	0	N	Y	N	N	N	N	N	N	N	N	N	N	11.2288	11.1189	3.7097	8.2170	9.1691	0.0016	39.8052	3397.3648	6.9479	0.1914	0.2209	0.0325	0.3182	0.3585	0.0001	0.1032	0.1164	0.0460	0.0170	0.0199	0.0088	0.0387	0.0391	0.0321	0.0026	0.0000	0.0066	0.0273	0.1503	-0.0003	-0.0006	8.4371	0.0277	15.3349	1.3445	0.0007	0.0007	0.0000	0.0005	0.0005	0.0000	0.0002	0.0002	0.0000	0.0015	0.0013	0.0002	0.0014	0.0013	0.0001	0.0001	0.0000	0.0001	0.0038	0.0032	0.0006	0.0016	0.0014	0.0002	0.0022	0.0018	0.0004	0.0886	0.0661	0.0225	0.0355	0.0336	0.0019	0.0532	0.0326	0.0206	11.2288	11.1189	3.7097	8.2170	9.1691	0.0016	39.8052	3397.3648	6.9479	0.0170	0.0199	0.0088	0.0387	0.0391	0.0321	0.0026	0.0000	0.0066
78	105	0.1091	5	0	2	0	0	0	0	0	0	N	Y	N	N	N	N	N	N	N	N	N	N	168.6083	131.6769	144.0088	146.1723	146.1228	7.4032	327.7188	876.9099	159.8375	2.7581	3.0156	0.9916	9.1070	9.5909	0.1039	1.3496	1.3981	1.0613	0.0164	0.0229	0.0069	0.0623	0.0656	0.0140	0.0041	0.0016	0.0066	0.0479	0.2077	-0.3433	-0.0039	8.4371	5.1414	15.3349	16.4151	1.0237	0.9769	0.0468	0.6137	0.6134	0.0004	0.4100	0.3635	0.0465	0.0105	0.0087	0.0018	0.0084	0.0083	0.0001	0.0021	0.0004	0.0017	0.3712	0.3240	0.0472	0.0674	0.0640	0.0034	0.3038	0.2600	0.0438	0.6443	0.3810	0.2632	0.1355	0.1268	0.0088	0.5087	0.2543	0.2545	168.6083	131.6769	144.0088	146.1723	146.1228	7.4032	327.7188	876.9099	159.8375	0.0164	0.0229	0.0069	0.0623	0.0656	0.0140	0.0041	0.0016	0.0066
78	106	0.1009	4	0	1	0	0	0	0	0	0	N	N	N	N	N	N	N	N	N	N	N	N	18.0537	0.6047	121.0234	1.0177	0.9934	3.3412	47.5087	6.2253	124.3708	3.2557	0.1190	18.6223	0.4509	0.4543	0.3543	3.8880	0.0277	19.3139	0.1803	0.1968	0.1539	0.4430	0.4573	0.1060	0.0818	0.0045	0.1553	31.9356	0.4877	0.6042	-0.0092	8.4371	3.8974	15.3349	1.6364	1.0266	0.0312	0.9954	0.0262	0.0255	0.0007	1.0004	0.0057	0.9947	0.0429	0.0289	0.0141	0.0288	0.0285	0.0003	0.0142	0.0004	0.0138	0.3153	0.2619	0.0535	0.0580	0.0561	0.0019	0.2573	0.2058	0.0515	0.2381	0.1466	0.0915	0.0649	0.0623	0.0026	0.1732	0.0843	0.0888	18.0537	0.6047	121.0234	1.0177	0.9934	3.3412	47.5087	6.2253	124.3708	0.1803	0.1968	0.1539	0.4430	0.4573	0.1060	0.0818	0.0045	0.1553
78	107	0.0798	3	0	1	0	0	0	0	0	0	N	N	N	N	N	N	N	N	N	N	N	N	0.1878	2.9453	0.0146	0.7552	0.7817	0.0009	0.1682	238.7389	0.0153	0.9632	1.4317	0.1666	0.8138	0.8507	0.0008	1.1022	3.0213	0.1765	5.1292	0.4861	11.3811	1.0776	1.0883	0.9472	6.5510	0.0127	11.5649	0.0684	17.3879	-0.0727	0.9102	8.4371	0.3701	15.3349	9.6236	0.2293	0.2146	0.0147	0.0934	0.0934	0.0000	0.1359	0.1212	0.0147	2.2605	0.1229	2.1375	0.1234	0.1211	0.0022	2.1371	0.0018	2.1353	0.2380	0.1499	0.0882	0.1148	0.1098	0.0050	0.1233	0.0401	0.0832	0.4407	0.2529	0.1878	0.1145	0.1113	0.0032	0.3262	0.1416	0.1846	0.1878	2.9453	0.0146	0.7552	0.7817	0.0012	0.1682	238.7389	0.0153	5.1292	0.4861	11.3811	1.0776	1.0883	0.7030	6.5510	0.0127	11.5649
78	108	0.0694	2	0	1	0	0	0	0	0	0	N	N	N	N	N	N	N	N	N	N	N	N	0.2190	9.9806	0.0100	5.2082	5.7674	0.0003	0.1497	22.0892	0.0104	1.3584	2.0864	0.1332	1.5061	1.5692	0.0005	1.2241	3.4735	0.1404	6.2040	0.2090	13.3808	0.2892	0.2721	1.4483	8.1784	0.1572	13.5026	0.0379	53.4680	-0.1213	0.6733	8.4371	0.4415	15.3349	4.8853	0.3521	0.3392	0.0129	0.1858	0.1858	0.0000	0.1662	0.1534	0.0129	1.5349	0.0282	1.5068	0.0179	0.0165	0.0014	1.5170	0.0116	1.5054	0.2592	0.1626	0.0966	0.1234	0.1184	0.0050	0.1358	0.0442	0.0916	0.2474	0.1348	0.1126	0.0619	0.0608	0.0011	0.1855	0.0740	0.1115	0.2190	9.9806	0.0100	5.2082	5.7674	0.0004	0.1497	22.0892	0.0104	6.2040	0.2090	13.3808	0.2892	0.2721	1.2207	8.1784	0.1572	13.5026
78	109	0.1283	7	1	2	0	1	0	0	0	0	N	Y	N	N	N	N	N	N	N	N	N	N	0.0000	0.0000	0.0000	0.0000	0.0000	0.0000	0.0000	0.0000	0.0000	0.0000	0.0000	0.0000	0.0000	0.0000	0.0000	0.0000	0.0000	0.0000	0.0000	0.0000	8.4371	0.0000	15.3349	0.0000	0.0000	0.0000	0.0000	0.0000	0.0000	0.0000	0.0000	0.0000	0.0000	0.0000	0.0000	0.0000	0.0000	0.0000	0.0000	0.0000	0.0000	0.0000	0.0000	0.0000	0.0000	0.0000	0.0000	0.0000	0.0000	0.0000	0.0000	0.0000	0.0000	0.0000	0.0000	0.0000	0.0000	0.0000	0.0000	0.0000	0.0000	0.0000	0.0000	0.0000	0.0000	0.0000	0.0000	0.0000	0.0000	0.0000	0.0000	0.0000	0.0000	0.0000	0.0000	0.0000	0.0000	0.0000											
78	110	0.1133	6	1	2	0	1	0	0	0	0	N	Y	N	N	N	N	N	N	N	N	N	N	0.0000	0.0000	0.0000	0.0000	0.0000	0.0000	0.0000	0.0000	0.0000	0.0000	0.0000	0.0000	0.0000	0.0000	0.0000	0.0000	0.0000	0.4114	0.0001	0.9594	0.0146	0.0003	0.2367	0.5491	0.0000	0.9866	5614.6465	0.0000	0.0513	8.4371	0.0000	15.3349	7.1240	0.0000	0.0000	0.0000	0.0000	0.0000	0.0000	0.0000	0.0000	0.0000	0.1122	0.0000	0.1122	0.0010	0.0000	0.0010	0.1112	0.0000	0.1112	0.0000	0.0000	0.0000	0.0000	0.0000	0.0000	0.0000	0.0000	0.0000	0.2727	0.1558	0.1169	0.0703	0.0660	0.0042	0.2024	0.0898	0.1127	0.0000	0.0000	0.0000	0.0000	0.0000	0.0000	0.0000	0.0000	0.0000	0.4114	0.0001	0.9594	0.0146	0.0003	0.2367	0.5491	0.0000	0.9866		
78	111	0.1223	8	0	2	0	1	0	0	0	0	N	Y	N	N	N	N	N	N	N	N	N	N	741.0502	42118.6372	0.0000	46318.6590	36379.1658	0.0000	0.0000	0.0000	0.0000	4.1581	4.5246	0.0000	10.5178	10.5853	0.0000	0.0000	0.0000	0.0000	0.0056	0.0001	0.0133	0.0002	0.0003	0.0000	0.0077	0.0000	0.0156	0.0000	88.7762	-0.0005	0.0004	8.4371	0.0016	15.3349	5.0076	0.0014	0.0014	0.0000	0.0014	0.0014	0.0000	0.0000	0.0000	0.0000	0.0009	0.0000	0.0009	0.0000	0.0000	0.0000	0.0009	0.0000	0.0009	0.0003	0.0003	0.0000	0.0001	0.0001	0.0000	0.0002	0.0002	0.0000	0.1607	0.0935	0.0672	0.0444	0.0345	0.0099	0.1163	0.0590	0.0573	741.0502	42118.6372	0.0000	46318.6590	36379.1658	0.0000	0.0000	0.0000	0.0000	0.0056	0.0001	0.0133	0.0002	0.0003	0.0000	0.0077	0.0000	0.0156
78	112	0.1154	7	0	2	0	1	0	0	0	0	N	Y	N	N	N	N	N	N	N	N	N	N	0.0300	0.0000	0.1103	0.0000	0.0000	0.0000	0.0239	0.1082	0.0210	0.0000	0.1710	0.0000	0.0000	0.0000	0.0254	0.0000	0.1825	0.6995	0.0089	1.5509	0.0143	0.0159	0.0009	1.0625	0.0000	1.6860	inf	140.7219	0.0009	0.0501	8.4371	1.0012	15.3349	2.1373	0.0014	0.0000	0.0014	0.0000	0.0000	0.0000	0.0014	0.0000	0.0014	0.1113	0.0008	0.1105	0.0008	0.0008	0.0000	0.1105	0.0000	0.1105	0.0675	0.0592	0.0083	0.0116	0.0110	0.0005	0.0560	0.0482	0.0078	0.1591	0.0879	0.0713	0.0551	0.0494	0.0057	0.1040	0.0385	0.0656	0.0300	0.0000	0.1103	0.0000	0.0000	0.0000	0.0239	0.0000	0.1082	0.6995	0.0089	1.5509	0.0143	0.0159	0.0009	1.0625	0.0000	1.6860	
78	113	0.1238	7	0	2	0	0	0	0	0	0	N	Y	N	N	N	N	N	N	N	N	N	N	0.3180	0.2133	0.0000	0.0000	0.0000	0.0000	2210.2747	50375.2568	0.0000	0.0068	0.0076	0.0000	0.0000	0.0000	0.0000	0.0088	0.0102	0.0000	0.0212	0.0358	0.0000	0.0929	0.1043	0.0001	0.0000	0.0000	0.0000	0.0000	0.0003	-0.0002	-0.0022	8.4371	0.9705	15.3349	5.0371	0.0005	0.0005	0.0000	0.0000	0.0000	0.0000	0.0005	0.0005	0.0000	0.0040	0.0040	0.0000	0.0040	0.0040	0.0000	0.0000	0.0000	0.0000	0.0755	0.0667	0.0088	0.0176	0.0169	0.0007	0.0579	0.0498	0.0081	0.1872	0.1109	0.0763	0.0428	0.0381	0.0046	0.1444	0.0728	0.0716	0.3180	0.2133	0.0000	0.0000	0.0000	0.0000	2210.2747	50375.2568	0.0000	0.0212	0.0358	0.0000	0.0929	0.1043	0.0001	0.0000	0.0000	0.0000
78	114	0.1154	7	0	1	1	1	0	0	0	0	N	N	N	N	N	N	N	N	N	N	N	N	0.0000	0.0000	0.0000	0.0000	0.0000	0.0000	0.0000	0.0000	0.0000	0.0000	0.0000	0.0000	0.0000	0.0000	0.0000	1.1472	0.0000	2.4721	0.0001	0.0000	0.0025	1.9379	0.0000	2.5929	inf	0.0000	0.0506	8.4371	0.0000	15.3349	1.1303	0.0000	0.0000	0.0000	0.0000	0.0000	0.0000	0.0000	0.0000	0.0000	0.1106	0.0000	0.1106	0.0000	0.0000	0.0000	0.1106	0.0000	0.1106	0.0000	0.0000	0.0000	0.0000	0.0000	0.0000	0.0000	0.0000	0.0000	0.0964	0.0517	0.0448	0.0394	0.0373	0.0021	0.0571	0.0144	0.0427	0.0000	0.0000	0.0000	0.0000	0.0000	0.0000	0.0000	0.0000	0.0000	1.1472	0.0000	2.4721	0.0001	0.0000	0.0025	1.9379	0.0000	2.5929				
78	115	0.1133	6	0	1	0	1	0	0	0	0	N	N	N	N	N	N	N	N	N	N	N	N	0.0000	0.0000	0.0000	0.0000	0.0000	0.0000	0.0000	0.0000	0.0000	0.0000	0.0000	0.0000	0.0000	0.0000	0.0000	0.0000	0.0000	0.0000	1.9427	1.7845	2.1305	2.5362	2.5888	0.0059	1.5757	0.0000	2.1673	1.0050	0.0000	-0.0080	8.4371	0.0000	15.3349	1.2340	0.0000	0.0000	0.0000	0.0000	0.0000	0.0000	0.0000	0.0000	0.0000	0.1928	0.0962	0.0966	0.0962	0.0962	0.0000	0.0966	0.0000	0.0966	0.0000	0.0000	0.0000	0.0000	0.0000	0.0000	0.0000	0.0000	0.0000	0.0993	0.0539	0.0454	0.0379	0.0371	0.0008	0.0613	0.0167	0.0446	0.0000	0.0000	0.0000	0.0000	0.0000	0.0000	0.0000	0.0000	0.0000	1.9427	1.7845	2.1305	2.5362	2.5888	0.0059	1.5757	0.0000	2.1673	
78	116	0.1208	7	0	1	1	1	0	0	0	0	N	N	N	N	N	N	N	N	N	N	N	N	0.0013	0.8229	0.0000	0.2548	0.4229	0.0000	0.0008	238.4304	0.0000	0.0023	0.0026	0.0000	0.0031	0.0032	0.0000	0.0019	0.0023	0.0000	1.8402	0.0031	4.5798	0.0121	0.0076	0.0662	2.5115	0.0000	4.8272	0.0000	978.8215	-0.0001	0.0611	8.4371	0.9725	15.3349	0.9874	0.0002	0.0002	0.0000	0.0001	0.0001	0.0000	0.0001	0.0001	0.0000	0.1340	0.0001	0.1339	0.0002	0.0001	0.0001	0.1338	0.0000	0.1338	0.0766	0.0685	0.0081	0.0242	0.0233	0.0009	0.0524	0.0452	0.0073	0.0728	0.0436	0.0292	0.0196	0.0180	0.0015	0.0533	0.0256	0.0277	0.0013	0.8229	0.0000	0.2548	0.4229	0.0000	0.0008	238.4304	0.0000	1.8402	0.0031	4.5798	0.0121	0.0076	0.0662	2.5115	0.0000	4.8272
78	117	0.1208	7	0	1	1	1	0	0	0	0	N	N	N	N	N	N	N	N	N	N	N	N	0.0281	0.0183	0.0834	0.1985	0.1843	0.0000	0.0243	0.0139	0.0887	0.0245	0.0265	0.0005	0.0213	0.0217	0.0000	0.0270	0.0309	0.0006	0.8697	1.4467	0.0061	0.1072	0.1178	0.0000	1.1126	2.2161	0.0065	0.0017	0.0028	-0.0001	-0.0633	8.4371	0.0285	15.3349	4.0215	0.0002	0.0002	0.0000	0.0001	0.0001	0.0000	0.0001	0.0001	0.0000	0.1172	0.1169	0.0003	0.0035	0.0035	0.0000	0.1137	0.1134	0.0003	0.0068	0.0063	0.0005	0.0031	0.0030	0.0001	0.0038	0.0033	0.0005	0.1347	0.0808	0.0540	0.0326	0.0296	0.0029	0.1022	0.0512	0.0510	0.0281	0.0183	0.0834	0.1985	0.1843	0.0000	0.0243	0.0139	0.0887	0.8697	1.4467	0.0061	0.1072	0.1178	0.0000	1.1126	2.2161	0.0065
78	118	0.1133	6	0	1	1	1	0	0	0	0	N	N	N	N	N	N	N	N	N	N	N	N	9.1985	1556.5261	0.0000	2164.4023	2201.7667	0.0000	4.9203	1980.8392	0.0000	4.8667	5.5471	0.0000	11.0756	11.5980	0.0000	3.5871	4.1646	0.0000	0.5291	0.0036	1.2172	0.0051	0.0053	0.0024	0.7290	0.0021	1.2591	0.0000	260.8321	-0.3746	0.0519	8.4371	3.0275	15.3349	2.1573	0.9829	0.9829	0.0000	0.3822	0.3822	0.0000	0.6007	0.6007	0.0000	0.1146	0.0004	0.1141	0.0003	0.0003	0.0000	0.1143	0.0001	0.1141	0.2020	0.1772	0.0248	0.0345	0.0330	0.0016	0.1675	0.1442	0.0232	0.2166	0.1228	0.0938	0.0598	0.0567	0.0031	0.1567	0.0661	0.0906	9.1985	1556.5261	0.0000	2164.4023	2201.7667	0.0000	4.9203	1980.8392	0.0000	0.5291	0.0036	1.2172	0.0051	0.0053	0.0024	0.7290	0.0021	1.2591
78	119	0.1546	6	1	2	0	0	0	0	0	0	N	Y	N	N	N	N	N	N	N	N	N	N	561.3563	435.3912	0.0000	270.4745	328.0913	0.0000	1283.1406	67355.7922	0.0000	0.5563	0.6662	0.0000	1.0617	1.3337	0.0000	0.0318	0.0363	0.0000	0.0010	0.0015	0.0001	0.0039	0.0041	0.0015	0.0000	0.0000	0.0001	0.0000	0.0414	-0.0632	-0.0001	8.4371	2.1883	15.3349	3.1271	0.1658	0.1658	0.0000	0.1611	0.1611	0.0000	0.0046	0.0046	0.0000	0.0002	0.0002	0.0000	0.0002	0.0002	0.0000	0.0000	0.0000	0.0000	0.2980	0.2488	0.0492	0.1517	0.1208	0.0309	0.1462	0.1280	0.0182	0.1775	0.1104	0.0671	0.0440	0.0415	0.0024	0.1335	0.0688	0.0647	561.3563	435.3912	0.0000	270.4745	328.0913	0.0000	1283.1406	67355.7922	0.0000	0.0010	0.0015	0.0001	0.0039	0.0041	0.0015	0.0000	0.0000	0.0001
78	120	0.0876	5	1	2	0	0	0	0	0	0	N	Y	N	N	N	N	N	N	N	N	N	N	50.3655	34.6141	0.5112	10.7003	10.5832	9.9653	7209.7289	6388.5821	0.2307	1.5845	1.8869	0.0001	2.1657	2.2675	0.0005	1.4165	1.7567	0.0000	0.0315	0.0545	0.0001	0.2024	0.2143	0.0001	0.0002	0.0003	0.0001	0.0000	0.0015	-0.6444	-0.0144	8.4371	13.6104	15.3349	16.0982	1.6910	1.6910	0.0000	0.5182	0.5182	0.0000	1.1728	1.1728	0.0000	0.0266	0.0265	0.0000	0.0264	0.0264	0.0000	0.0001	0.0001	0.0000	1.0672	0.8961	0.1710	0.2393	0.2285	0.0107	0.8279	0.6676	0.1603	0.8444	0.4866	0.3579	0.1306	0.1233	0.0072	0.7139	0.3632	0.3506	50.3655	34.6141	0.5112	10.7003	10.5832	9.9653	7209.7289	6388.5821	0.2307	0.0315	0.0545	0.0001	0.2024	0.2143	0.0001	0.0002	0.0003	0.0001
78	121	0.1129	7	0	2	0	0	0	0	0	0	N	Y	N	N	N	N	N	N	N	N	N	N	1.1589	38.8433	0.0013	11.5099	18.9037	0.0001	0.5688	65091.2942	0.0014	1.1715	1.8111	0.0035	1.4614	1.5578	0.0002	0.8669	2.5466	0.0038	1.0109	0.0466	2.6632	0.1270	0.0824	2.6220	1.5242	0.0000	2.6910	0.0010	33.3327	-0.1227	0.1597	8.4371	0.3548	15.3349	4.6068	0.3230	0.3226	0.0003	0.2064	0.2064	0.0000	0.1165	0.1162	0.0003	0.3731	0.0109	0.3623	0.0172	0.0109	0.0064	0.3559	0.0000	0.3559	0.2757	0.1781	0.0975	0.1412	0.1325	0.0087	0.1344	0.0456	0.0888	0.3691	0.2331	0.1360	0.1356	0.1318	0.0038	0.2335	0.1013	0.1323	1.1589	38.8433	0.0013	11.5099	18.9037	0.0001	0.5688	65091.2942	0.0014	1.0109	0.0466	2.6632	0.1270	0.0824	1.6862	1.5242	0.0000	2.6910
78	122	0.0980	6	0	2	0	0	0	0	0	0	N	Y	N	N	N	N	N	N	N	N	N	N	0.3019	8.9565	0.0013	4.8276	5.0567	0.0091	0.1655	15.0256	0.0014	1.9912	2.7537	0.0199	2.9578	3.1126	0.0071	1.3344	2.3439	0.0209	6.5956	0.3075	15.2512	0.6127	0.6155	0.7782	8.0617	0.1560	15.3248	0.0028	36.3961	-0.2282	0.7359	8.4371	1.6911	15.3349	5.7022	0.6033	0.6016	0.0017	0.3626	0.3625	0.0000	0.2407	0.2391	0.0016	1.7102	0.0457	1.6645	0.0313	0.0302	0.0011	1.6789	0.0156	1.6634	0.3030	0.2185	0.0845	0.1226	0.1165	0.0061	0.1804	0.1020	0.0784	0.2593	0.1487	0.1106	0.0510	0.0490	0.0020	0.2083	0.0997	0.1085	0.3019	8.9565	0.0013	4.8276	5.0567	0.0131	0.1655	15.0256	0.0014	6.5956	0.3075	15.0562	0.6127	0.6155	0.5434	8.0617	0.1560	15.3248
78	123	0.0876	5	0	1	0	0	0	0	0	0	N	N	N	N	N	N	N	N	N	N	N	N	2.9144	5.5862	0.9797	1.8308	1.8327	2.4281	3.2688	186.4146	1.0281	0.9774	1.1314	0.5050	1.1124	1.1601	0.0263	0.8901	1.1029	0.5395	0.3354	0.2025	0.5155	0.6076	0.6330	0.0108	0.2723	0.0059	0.5248	0.1455	1.8772	-0.0931	0.0067	8.4371	2.0929	15.3349	3.1856	0.3664	0.3199	0.0465	0.1639	0.1637	0.0002	0.2026	0.1562	0.0464	0.0615	0.0214	0.0401	0.0210	0.0209	0.0000	0.0405	0.0004	0.0401	0.3749	0.2827	0.0922	0.1473	0.1411	0.0062	0.2276	0.1416	0.0860	0.1834	0.1055	0.0778	0.0345	0.0331	0.0014	0.1489	0.0724	0.0764	2.9144	5.5862	0.9797	1.8308	1.8327	2.4281	3.2688	186.4146	1.0281	0.3354	0.2025	0.5155	0.6076	0.6330	0.0108	0.2723	0.0059	0.5248
78	124	0.1283	8	1	2	0	0	0	0	0	0	N	Y	N	N	N	N	N	N	N	N	N	N	0.0000	0.0000	0.0000	0.0000	0.0000	0.0000	0.0000	0.0000	0.0000	0.0000	0.0000	0.0000	0.0000	0.0000	0.0000	0.0000	0.0000	0.0000	0.0000	0.0000	8.4371	0.0000	15.3349	0.0000	0.0000	0.0000	0.0000	0.0000	0.0000	0.0000	0.0000	0.0000	0.0000	0.0000	0.0000	0.0000	0.0000	0.0000	0.0000	0.0000	0.0000	0.0000	0.0000	0.0000	0.0000	0.0000	0.0000	0.0000	0.0000	0.0000	0.0000	0.0000	0.0000	0.0000	0.0000	0.0000	0.0000	0.0000	0.0000	0.0000	0.0000	0.0000	0.0000	0.0000	0.0000	0.0000	0.0000	0.0000	0.0000	0.0000	0.0000	0.0000	0.0000	0.0000	0.0000	0.0000	0.0000	0.0000											
78	125	0.1238	7	1	2	0	0	0	0	0	0	N	Y	N	N	N	N	N	N	N	N	N	N	0.4906	0.3298	0.0000	0.0000	0.0000	0.0000	32794.6498	83283.5375	0.0000	0.0258	0.0287	0.0000	0.0000	0.0000	0.0000	0.0427	0.0498	0.0000	0.0526	0.0870	0.0000	0.1957	0.2206	0.0000	0.0000	0.0000	0.0000	0.0000	0.0000	-0.0002	-0.0022	8.4371	0.1434	15.3349	1.9839	0.0005	0.0005	0.0000	0.0000	0.0000	0.0000	0.0005	0.0005	0.0000	0.0040	0.0040	0.0000	0.0040	0.0040	0.0000	0.0000	0.0000	0.0000	0.0197	0.0178	0.0020	0.0078	0.0075	0.0003	0.0119	0.0102	0.0017	0.0763	0.0462	0.0301	0.0205	0.0182	0.0023	0.0557	0.0280	0.0278	0.4906	0.3298	0.0000	0.0000	0.0000	0.0000	32794.6498	83283.5375	0.0000	0.0526	0.0870	0.0000	0.1957	0.2206	0.0000	0.0000	0.0000	0.0000
78	126	0.1133	6	0	2	0	0	0	0	0	0	N	Y	N	N	N	N	N	N	N	N	N	N	2.2020	1.4214	0.0000	0.0000	0.0000	0.0000	2704.7671	22003646.9602	0.0000	7.8841	8.9876	0.0000	0.0005	0.0005	0.0000	9.5116	11.0449	0.0000	3.5805	6.3229	0.0058	12.7261	13.3996	0.0000	0.0035	0.0000	0.0060	0.0000	0.0007	-0.3808	-0.3986	8.4371	1.8882	15.3349	2.9115	0.9993	0.9993	0.0000	0.0000	0.0000	0.0000	0.9992	0.9992	0.0000	0.7351	0.7346	0.0005	0.7346	0.7346	0.0000	0.0005	0.0000	0.0005	0.1267	0.1112	0.0156	0.0217	0.0207	0.0010	0.1051	0.0905	0.0146	0.2053	0.1162	0.0891	0.0577	0.0548	0.0029	0.1476	0.0614	0.0862	2.2020	1.4214	0.0000	0.0000	0.0000	0.0000	2704.7671	22003646.9602	0.0000	3.5805	6.3229	0.0058	12.7261	13.3996	0.0000	0.0035	0.0000	0.0060
78	127	0.0876	5	0	1	0	0	0	0	0	0	N	N	N	N	N	N	N	N	N	N	N	N	0.9054	25.1470	0.0097	10.3524	10.2907	1.9987	0.4426	1220097.0050	0.0099	1.6902	2.1551	0.0417	3.0891	3.2259	0.0208	0.9640	1.3816	0.0431	1.8667	0.0857	4.2827	0.2984	0.3135	0.0104	2.1780	0.0000	4.3673	0.0055	36.8390	-0.2967	0.3181	8.4371	3.5543	15.3349	9.0319	0.7898	0.7855	0.0043	0.4933	0.4931	0.0001	0.2965	0.2924	0.0041	0.7388	0.0195	0.7192	0.0196	0.0195	0.0000	0.7192	0.0000	0.7192	0.4673	0.3645	0.1028	0.1597	0.1529	0.0068	0.3076	0.2116	0.0960	0.3958	0.2278	0.1679	0.0655	0.0623	0.0033	0.3302	0.1655	0.1647	0.9054	25.1470	0.0097	10.3524	10.2907	1.9987	0.4426	1220097.0050	0.0099	1.8667	0.0857	4.2827	0.2984	0.3135	0.0104	2.1780	0.0000	4.3673
78	128	0.0840	4	0	1	0	0	0	0	0	0	N	N	N	N	N	N	N	N	N	N	N	N	5.0351	4.5992	6.6681	1.7411	1.7751	6.6253	8.4716	5358254.6388	7.0158	1.4731	1.0161	2.6842	1.0236	1.0750	0.0100	1.7412	0.9596	2.8724	0.2926	0.2209	0.4025	0.5879	0.6056	0.0015	0.2055	0.0000	0.4094	0.9967	1.1866	0.0743	-0.0000	8.4371	2.6246	15.3349	0.7212	0.6292	0.3151	0.3141	0.1634	0.1633	0.0001	0.4658	0.1518	0.3140	0.0390	0.0178	0.0212	0.0178	0.0178	0.0000	0.0212	0.0000	0.0212	0.4271	0.3101	0.1170	0.1596	0.1519	0.0077	0.2675	0.1582	0.1093	0.1333	0.0807	0.0526	0.0303	0.0294	0.0009	0.1030	0.0513	0.0517	5.0351	4.5992	6.6681	1.7411	1.7751	6.6253	8.4716	5358254.6388	7.0158	0.2926	0.2209	0.4025	0.5879	0.6056	0.0015	0.2055	0.0000	0.4094
78	129	0.0782	3	0	1	0	0	0	0	0	0	N	N	N	N	N	N	N	N	N	N	N	N	15.6261	6.9200	36.8828	3.7950	3.8522	1.9072	30.6086	490.5903	38.4135	3.1171	1.2398	8.4093	1.8142	1.8995	0.0026	3.7336	0.7708	8.8999	0.1995	0.1792	0.2280	0.4780	0.4931	0.0014	0.1220	0.0016	0.2317	2.4060	0.9065	0.4579	-0.0025	8.4371	3.3474	15.3349	1.3769	1.4075	0.4133	0.9943	0.2631	0.2631	0.0000	1.1444	0.1502	0.9943	0.0374	0.0196	0.0178	0.0195	0.0195	0.0000	0.0179	0.0001	0.0178	0.4516	0.3333	0.1182	0.1450	0.1385	0.0065	0.3065	0.1948	0.1117	0.1872	0.1093	0.0779	0.0408	0.0395	0.0012	0.1465	0.0698	0.0767	15.6261	6.9200	36.8828	3.7950	3.8522	1.9072	30.6086	490.5903	38.4135	0.1995	0.1792	0.2280	0.4780	0.4931	0.0014	0.1220	0.0016	0.2317
78	130	0.0694	2	0	1	0	0	0	0	0	0	N	N	N	N	N	N	N	N	N	N	N	N	2.0257	1.7795	2.1586	0.6271	0.6427	0.1427	13.3628	52170934.6365	2.2544	1.4300	2.0630	0.3567	1.4995	1.5623	0.0007	1.3675	3.3665	0.3760	0.7059	1.1593	0.1653	2.3912	2.4306	0.0048	0.1023	0.0000	0.1668	0.1020	0.1195	-0.1077	-0.0683	8.4371	0.4686	15.3349	4.0374	0.3732	0.3386	0.0345	0.1853	0.1853	0.0000	0.1879	0.1534	0.0345	0.1567	0.1400	0.0167	0.1400	0.1400	0.0000	0.0167	0.0000	0.0167	0.2610	0.1642	0.0968	0.1236	0.1186	0.0050	0.1374	0.0456	0.0918	0.2220	0.1207	0.1012	0.0585	0.0576	0.0010	0.1634	0.0631	0.1003	2.0257	1.7795	2.1586	0.6271	0.6427	0.1427	13.3628	52170934.6365	2.2544	0.7059	1.1593	0.1653	2.3912	2.4306	0.0048	0.1023	0.0000	0.1668
79	84	0.1523	13	1	1	1	0	0	0	0	0	N	N	N	N	N	N	N	N	N	N	N	N	13.8796	11.3529	0.0000	64.4307	62.1086	0.0000	0.0002	0.0001	0.0000	0.0648	0.0742	0.0000	0.3862	0.4111	0.0000	0.0000	0.0000	0.0000	0.0047	0.0065	0.0004	0.0060	0.0066	0.0003	0.0036	0.0064	0.0004	0.0000	0.0269	-0.0037	-0.0015	3.0096	7.1084	5.7427	28.8937	0.0096	0.0096	0.0000	0.0096	0.0096	0.0000	0.0000	0.0000	0.0000	0.0029	0.0028	0.0001	0.0016	0.0016	0.0000	0.0013	0.0012	0.0001	0.1487	0.1299	0.0188	0.0249	0.0234	0.0015	0.1237	0.1064	0.0173	0.6190	0.4307	0.1883	0.2733	0.2461	0.0272	0.3457	0.1845	0.1611	13.8796	11.3529	0.0000	64.4307	62.1086	0.0000	0.0002	0.0001	0.0000	0.0047	0.0065	0.0004	0.0060	0.0066	0.0003	0.0036	0.0064	0.0004
79	85	0.1448	12	1	1	1	0	0	0	0	0	N	N	N	N	N	N	N	N	N	N	N	N	0.0006	0.0005	0.0122	0.0163	0.0129	0.6000	0.0000	0.0000	0.0000	0.0001	0.0001	0.0001	0.0003	0.0003	0.0004	0.0000	0.0000	0.0000	0.1905	0.2607	0.0065	0.0192	0.0238	0.0006	0.4106	0.7147	0.0105	0.0833	0.0095	-0.0000	-0.0241	3.0096	2.2208	5.7427	3.9129	0.0000	0.0000	0.0000	0.0000	0.0000	0.0000	0.0000	0.0000	0.0000	0.0452	0.0448	0.0004	0.0026	0.0025	0.0000	0.0426	0.0422	0.0004	0.0769	0.0683	0.0085	0.0281	0.0263	0.0018	0.0488	0.0420	0.0068	0.2371	0.1717	0.0655	0.1334	0.1067	0.0266	0.1038	0.0649	0.0389	0.0006	0.0005	0.0122	0.0163	0.0129	0.6000	0.0000	0.0000	0.0000	0.1905	0.2607	0.0065	0.0192	0.0238	0.0006	0.4106	0.6500	0.0105
79	86	0.2203	14	1	0	2	0	0	0	0	0	N	N	Y	N	N	N	N	N	N	N	N	N	0.0000	0.0000	0.0000	0.0000	0.0000	0.0000	0.0000	0.0000	0.0000	0.0000	0.0000	0.0000	0.0000	0.0000	0.0000	0.0000	0.0000	0.0057	0.0069	0.0031	0.0141	0.0145	0.0074	0.0013	0.0000	0.0028	0.2150	0.0000	-0.0004	3.0096	5.3425	5.7427	7.0749	0.0000	0.0000	0.0000	0.0000	0.0000	0.0000	0.0000	0.0000	0.0000	0.0010	0.0008	0.0002	0.0008	0.0008	0.0000	0.0001	0.0000	0.0001	0.1233	0.1083	0.0150	0.0210	0.0200	0.0011	0.1023	0.0883	0.0139	0.1761	0.1193	0.0568	0.0603	0.0565	0.0037	0.1158	0.0628	0.0530	0.0000	0.0000	0.0000	0.0000	0.0000	0.0000	0.0000	0.0000	0.0000	0.0057	0.0069	0.0031	0.0141	0.0145	0.0074	0.0013	0.0000	0.0028		
79	87	0.1771	13	1	0	1	0	0	0	0	0	N	N	N	N	N	N	N	N	N	N	N	N	0.0037	0.0034	0.0000	0.0056	0.0054	0.0000	0.0025	0.0250	0.0000	0.0005	0.0006	0.0000	0.0015	0.0017	0.0000	0.0001	0.0001	0.0000	0.1299	0.1618	0.0605	0.2745	0.3047	0.0437	0.0306	0.0035	0.0635	0.0000	0.1722	-0.0000	-0.0199	3.0096	7.0719	5.7427	13.7350	0.0001	0.0001	0.0000	0.0001	0.0001	0.0000	0.0000	0.0000	0.0000	0.0502	0.0428	0.0074	0.0432	0.0424	0.0008	0.0070	0.0004	0.0066	0.1851	0.1632	0.0219	0.0522	0.0484	0.0038	0.1329	0.1148	0.0181	0.3865	0.2647	0.1218	0.1573	0.1391	0.0182	0.2292	0.1256	0.1036	0.0037	0.0034	0.0000	0.0056	0.0054	0.0000	0.0025	0.0250	0.0000	0.1299	0.1618	0.0605	0.2745	0.3047	0.0437	0.0306	0.0035	0.0635
79	88	0.1197	11	2	0	2	0	0	0	0	0	Y	N	Y	N	N	N	N	N	N	N	N	N	0.0000	0.0000	0.0000	0.0000	0.0000	0.0000	0.0000	0.0000	0.0000	0.0000	0.0000	0.0000	0.0000	0.0000	0.0000	0.0000	0.0000	0.0000	0.0000	0.0000	3.0096	0.0000	5.7427	0.0000	0.0000	0.0000	0.0000	0.0000	0.0000	0.0000	0.0000	0.0000	0.0000	0.0000	0.0000	0.0000	0.0000	0.0000	0.0000	0.0000	0.0000	0.0000	0.0000	0.0000	0.0000	0.0000	0.0000	0.0000	0.0000	0.0000	0.0000	0.0000	0.0000	0.0000	0.0000	0.0000	0.0000	0.0000	0.0000	0.0000	0.0000	0.0000	0.0000	0.0000	0.0000	0.0000	0.0000	0.0000	0.0000	0.0000	0.0000	0.0000	0.0000	0.0000	0.0000	0.0000	0.0000	0.0000											
79	89	0.1178	10	2	0	2	0	0	0	0	0	Y	N	Y	N	N	N	N	N	N	N	N	N	0.0000	0.0000	0.0000	0.0000	0.0000	0.0000	0.0000	0.0000	0.0000	0.0000	0.0000	0.0000	0.0000	0.0000	0.0000	0.0000	0.0000	0.0000	0.0000	0.0000	0.0000	0.0000	0.0000	0.0000	0.0000	0.2783	0.0000	-0.0000	3.0096	0.0001	5.7427	0.9161	0.0000	0.0000	0.0000	0.0000	0.0000	0.0000	0.0000	0.0000	0.0000	0.0000	0.0000	0.0000	0.0000	0.0000	0.0000	0.0000	0.0000	0.0000	0.0000	0.0000	0.0000	0.0000	0.0000	0.0000	0.0000	0.0000	0.0000	0.0198	0.0140	0.0058	0.0069	0.0068	0.0001	0.0129	0.0072	0.0057	0.0000	0.0000	0.0000	0.0000	0.0000	0.0000	0.0000	0.0000	0.0000	0.0000	0.0000	0.0000	0.0000	0.0000	0.0000	0.0000	0.0000	0.0000			
79	90	0.0930	9	2	0	2	0	0	0	0	0	Y	N	Y	N	N	N	N	N	N	N	N	N	0.0000	0.0000	0.0000	0.0000	0.0000	0.0000	0.0000	0.0000	0.0000	0.0000	0.0000	0.0000	0.0000	0.0000	0.0000	0.0000	0.0000	0.0202	0.0112	0.0354	0.0291	0.0293	0.0187	0.0173	0.0000	0.0357	1.8561	0.0000	0.0004	3.0096	3.7876	5.7427	7.8440	0.0000	0.0000	0.0000	0.0000	0.0000	0.0000	0.0000	0.0000	0.0000	0.0033	0.0012	0.0021	0.0012	0.0012	0.0000	0.0021	0.0000	0.0021	0.0824	0.0720	0.0104	0.0146	0.0137	0.0009	0.0678	0.0583	0.0095	0.1635	0.1030	0.0605	0.0404	0.0394	0.0010	0.1231	0.0636	0.0595	0.0000	0.0000	0.0000	0.0000	0.0000	0.0000	0.0000	0.0000	0.0000	0.0202	0.0112	0.0354	0.0291	0.0293	0.0187	0.0173	0.0000	0.0357		
79	91	0.1253	11	1	1	1	1	0	0	0	0	N	N	N	N	N	N	N	N	N	N	N	N	0.0000	0.0000	0.0000	0.0048	0.0048	0.0000	0.0000	0.0000	0.0002	0.0002	0.0000	0.0008	0.0008	0.0000	0.0000	0.0000	0.0000	4.0350	6.1668	0.0003	0.1589	0.1653	0.0000	5.5853	10.5104	0.0004	0.0000	0.0000	-0.0000	-0.5377	3.0096	1.8247	5.7427	16.3284	0.0000	0.0000	0.0000	0.0000	0.0000	0.0000	0.0000	0.0000	0.0000	0.9903	0.9903	0.0000	0.0111	0.0111	0.0000	0.9792	0.9791	0.0000	0.0508	0.0450	0.0058	0.0130	0.0127	0.0004	0.0378	0.0323	0.0055	0.2454	0.1606	0.0848	0.0701	0.0674	0.0027	0.1753	0.0932	0.0822	0.0000	0.0000	0.0000	0.0048	0.0048	0.0000	0.0000	0.0000	0.0000	4.0350	6.1668	0.0003	0.1589	0.1653	0.0000	5.5853	10.5104	0.0004	
79	92	0.1149	10	1	1	1	0	0	0	0	0	N	N	N	N	N	N	N	N	N	N	N	N	1.7665	0.0000	inf	0.0000	0.0000	inf	inf	5.1526	0.0000	41.6803	0.0000	0.0000	0.0000	6.3651	0.0000	44.9267	2.9168	4.5138	0.0000	11.6602	12.1284	0.0000	0.0000	0.0000	0.0000	inf	0.0000	0.6189	-0.4861	3.0096	9.1310	5.7427	16.1726	1.0000	0.0000	1.0000	0.0000	0.0000	0.0000	1.0000	0.0000	1.0000	0.8953	0.8953	0.0000	0.8953	0.8953	0.0000	0.0000	0.0000	0.0000	0.1941	0.1701	0.0240	0.0370	0.0352	0.0017	0.1571	0.1348	0.0223	0.3069	0.1983	0.1086	0.0768	0.0738	0.0030	0.2302	0.1245	0.1056	1.7665	0.0000	inf	0.0000	0.0000	0.0000	inf	0.0000	inf	2.9168	4.5138	0.0000	11.6602	12.1284	0.0000	0.0000	0.0000	0.0000		
79	93	0.1998	16	1	1	1	0	0	0	0	0	N	N	N	N	N	N	N	N	N	N	N	N	0.0000	0.0000	0.0000	0.0000	0.0000	0.0000	0.0000	0.0000	0.0000	0.0000	0.0000	0.0000	0.0000	0.0000	0.0000	0.0000	0.0000	0.6354	0.9200	0.0001	0.2299	0.2438	0.0000	0.8993	1.7077	0.0001	0.0001	0.0000	-0.0816	3.0096	4.0959	5.7427	8.7137	0.0000	0.0000	0.0000	0.0000	0.0000	0.0000	0.0000	0.0000	0.0000	0.1503	0.1502	0.0000	0.0214	0.0214	0.0000	0.1288	0.1288	0.0000	0.0893	0.0779	0.0114	0.0162	0.0156	0.0007	0.0731	0.0624	0.0107	0.2365	0.1633	0.0731	0.0932	0.0879	0.0053	0.1433	0.0754	0.0678	0.0000	0.0000	0.0000	0.0000	0.0000	0.0000	0.0000	0.0000	0.0000	0.6354	0.9200	0.0001	0.2299	0.2438	0.0000	0.8993	1.7077	0.0001		
79	94	0.1815	15	1	1	1	0	0	0	0	0	N	N	N	N	N	N	N	N	N	N	N	N	0.0000	0.0000	0.0000	0.0000	0.0000	0.0000	0.0000	0.0000	0.0000	0.0000	0.0000	0.0000	0.0000	0.0000	0.0000	0.0000	0.0000	0.0000	7.4677	10.7771	0.0032	19.1761	19.2655	0.0219	0.7472	1.4060	0.0022	0.0001	0.0000	-0.6353	3.0096	2.9443	5.7427	6.1524	0.0000	0.0000	0.0000	0.0000	0.0000	0.0000	0.0000	0.0000	0.0000	1.1704	1.1702	0.0002	1.0977	1.0976	0.0001	0.0727	0.0726	0.0001	0.0680	0.0592	0.0089	0.0153	0.0148	0.0005	0.0527	0.0444	0.0083	0.1567	0.1086	0.0481	0.0595	0.0570	0.0025	0.0972	0.0516	0.0456	0.0000	0.0000	0.0000	0.0000	0.0000	0.0000	0.0000	0.0000	0.0000	7.4677	10.7771	0.0032	18.4547	19.2655	0.0219	0.7472	1.4060	0.0022	
79	95	0.1791	14	1	0	1	0	0	0	0	0	N	N	N	N	N	N	N	N	N	N	N	N	0.0002	0.0002	0.0000	0.0000	0.0000	0.0000	0.0003	0.0002	0.0000	0.0010	0.0012	0.0000	0.0000	0.0000	0.0000	0.0013	0.0016	0.0000	4.3482	6.1252	0.0126	3.1115	3.0265	0.0000	5.3178	10.1455	0.0130	0.0000	0.0008	-0.0000	-0.1314	3.0096	0.8596	5.7427	1.2300	0.0000	0.0000	0.0000	0.0000	0.0000	0.0000	0.0000	0.0000	0.0000	0.2424	0.2422	0.0002	0.0676	0.0676	0.0000	0.1748	0.1746	0.0002	0.0195	0.0170	0.0025	0.0045	0.0043	0.0002	0.0150	0.0127	0.0023	0.0557	0.0395	0.0162	0.0229	0.0223	0.0005	0.0329	0.0172	0.0157	0.0002	0.0002	0.0000	0.0000	0.0000	0.0000	0.0003	0.0002	0.0000	4.3482	6.1252	0.0126	2.9546	3.0265	0.0000	5.3178	10.1455	0.0130
79	96	0.1672	13	1	0	1	0	0	0	0	0	N	N	N	N	N	N	N	N	N	N	N	N	0.0001	0.0001	0.0000	0.0003	0.0003	0.0000	0.0000	0.0000	0.0000	0.0002	0.0002	0.0000	0.0006	0.0006	0.0000	0.0000	0.0000	0.0000	2.5365	3.6540	0.0004	2.0979	2.2972	0.0000	2.8712	5.4485	0.0005	0.0000	0.0001	-0.0000	-0.2110	3.0096	3.7737	5.7427	2.5241	0.0000	0.0000	0.0000	0.0000	0.0000	0.0000	0.0000	0.0000	0.0000	0.3886	0.3886	0.0000	0.1391	0.1391	0.0000	0.2495	0.2495	0.0000	0.1088	0.0966	0.0122	0.0330	0.0314	0.0015	0.0758	0.0652	0.0106	0.1532	0.1063	0.0469	0.0663	0.0606	0.0058	0.0869	0.0458	0.0411	0.0001	0.0001	0.0000	0.0003	0.0003	0.0000	0.0000	0.0000	0.0000	2.5365	3.6540	0.0004	2.0979	2.2972	0.0000	2.8712	5.4485	0.0005
79	97	0.1464	12	1	0	1	0	0	0	0	0	N	N	N	N	N	N	N	N	N	N	N	N	0.0000	0.0000	0.0000	0.0000	0.0000	0.0000	0.0000	0.0000	0.0000	0.0000	0.0000	0.0000	0.0000	0.0000	0.0000	0.0000	0.0000	0.0000	4.3221	6.5205	0.0018	0.2013	0.2097	0.0003	6.0807	11.3444	0.0018	0.0001	0.0000	-0.3744	3.0096	6.4922	5.7427	4.5502	0.0000	0.0000	0.0000	0.0000	0.0000	0.0000	0.0000	0.0000	0.0000	0.6897	0.6896	0.0001	0.0096	0.0096	0.0000	0.6801	0.6800	0.0001	0.1357	0.1185	0.0172	0.0243	0.0230	0.0012	0.1114	0.0954	0.0160	0.1596	0.1058	0.0538	0.0477	0.0458	0.0019	0.1118	0.0599	0.0519	0.0000	0.0000	0.0000	0.0000	0.0000	0.0000	0.0000	0.0000	0.0000	4.3221	6.5205	0.0018	0.2013	0.2097	0.0003	6.0807	11.3444	0.0018	
79	98	0.0930	9	1	1	1	0	0	0	0	0	N	N	N	N	N	N	N	N	N	N	N	N	0.0000	0.0000	0.0000	0.0000	0.0000	0.0000	0.0000	0.0000	0.0000	0.0000	0.0000	0.0000	0.0000	0.0000	0.0000	0.0000	0.0000	9.2495	7.6250	12.0197	20.8950	20.2455	0.0150	5.8719	0.0000	12.2159	0.9244	0.0000	-0.1076	3.0096	1.3608	5.7427	12.1483	0.0000	0.0000	0.0000	0.0000	0.0000	0.0000	0.0000	0.0000	0.0000	1.7188	0.8932	0.8257	0.8932	0.8932	0.0000	0.8256	0.0000	0.8256	0.0340	0.0299	0.0040	0.0092	0.0086	0.0005	0.0248	0.0213	0.0035	0.1858	0.1171	0.0687	0.0452	0.0441	0.0011	0.1406	0.0730	0.0676	0.0000	0.0000	0.0000	0.0000	0.0000	0.0000	0.0000	0.0000	0.0000	9.2495	7.6250	12.0197	19.7512	20.2455	0.0150	5.8719	0.0000	12.2159		
79	99	0.0893	8	1	0	1	0	0	0	0	0	N	N	N	N	N	N	N	N	N	N	N	N	0.0000	0.0000	0.0000	0.0000	0.0000	0.0000	0.0000	0.0000	0.0000	0.0000	0.0000	0.0000	0.0000	0.0000	0.0000	0.0000	0.0000	0.0693	0.0775	0.0566	0.1370	0.1385	0.0000	0.0348	0.0026	0.0571	0.4772	0.0000	-0.0008	3.0096	1.5300	5.7427	0.7696	0.0000	0.0000	0.0000	0.0000	0.0000	0.0000	0.0000	0.0000	0.0000	0.0037	0.0025	0.0012	0.0024	0.0024	0.0000	0.0012	0.0000	0.0012	0.0379	0.0329	0.0051	0.0078	0.0072	0.0006	0.0301	0.0257	0.0044	0.0527	0.0319	0.0208	0.0178	0.0176	0.0002	0.0350	0.0143	0.0207	0.0000	0.0000	0.0000	0.0000	0.0000	0.0000	0.0000	0.0000	0.0000	0.0693	0.0775	0.0566	0.1370	0.1385	0.0000	0.0348	0.0026	0.0571		
79	100	0.0804	7	1	0	1	0	0	0	0	0	N	N	N	N	N	N	N	N	N	N	N	N	0.0303	0.0687	0.0000	0.0000	0.0000	0.0336	inf	0.0000	0.0001	0.0002	0.0000	0.0000	0.0000	0.0000	0.0001	0.0002	0.0000	0.0043	0.0022	0.0078	0.0043	0.0044	0.0000	0.0044	0.0000	0.0079	0.0000	2.1754	-0.0000	0.0001	3.0096	3.6906	5.7427	1.4800	0.0000	0.0000	0.0000	0.0000	0.0000	0.0000	0.0000	0.0000	0.0000	0.0005	0.0002	0.0003	0.0002	0.0002	0.0000	0.0003	0.0000	0.0003	0.0762	0.0663	0.0100	0.0078	0.0074	0.0003	0.0685	0.0588	0.0096	0.1125	0.0699	0.0426	0.0357	0.0352	0.0005	0.0768	0.0347	0.0421	0.0303	0.0687	0.0000	0.0000	0.0000	0.0000	0.0336	inf	0.0000	0.0043	0.0022	0.0078	0.0043	0.0044	0.0000	0.0044	0.0000	0.0079	
79	101	0.0804	6	1	0	1	0	0	0	0	0	N	N	N	N	N	N	N	N	N	N	N	N	0.5372	0.5942	0.0000	0.8972	0.9047	0.0000	0.4105	0.8005	0.0000	0.0043	0.0048	0.0000	0.0082	0.0083	0.0000	0.0029	0.0033	0.0000	0.0079	0.0080	0.0078	0.0091	0.0091	0.0000	0.0070	0.0042	0.0078	0.0000	0.7614	-0.0000	-0.0000	3.0096	0.1361	5.7427	0.4500	0.0000	0.0000	0.0000	0.0000	0.0000	0.0000	0.0000	0.0000	0.0000	0.0003	0.0002	0.0001	0.0001	0.0001	0.0000	0.0001	0.0000	0.0001	0.0047	0.0042	0.0005	0.0012	0.0012	0.0000	0.0035	0.0030	0.0005	0.0362	0.0203	0.0159	0.0157	0.0157	0.0001	0.0205	0.0047	0.0158	0.5372	0.5942	0.0000	0.8972	0.9047	0.0000	0.4105	0.8005	0.0000	0.0079	0.0080	0.0078	0.0091	0.0091	0.0000	0.0070	0.0042	0.0078
79	102	0.0646	5	1	0	1	0	0	0	0	0	N	N	N	N	N	N	N	N	N	N	N	N	0.0017	0.1020	0.0000	0.0901	0.0906	0.0000	0.0008	0.4636	0.0000	0.0002	0.0002	0.0000	0.0004	0.0004	0.0000	0.0001	0.0002	0.0000	0.1187	0.0022	0.3111	0.0042	0.0042	0.0000	0.1700	0.0004	0.3145	0.0000	84.0215	-0.0000	0.0092	3.0096	3.5591	5.7427	4.5341	0.0000	0.0000	0.0000	0.0000	0.0000	0.0000	0.0000	0.0000	0.0000	0.0206	0.0002	0.0203	0.0002	0.0002	0.0000	0.0204	0.0000	0.0203	0.0977	0.0874	0.0102	0.0267	0.0262	0.0005	0.0710	0.0613	0.0097	0.1733	0.1079	0.0654	0.0535	0.0528	0.0007	0.1198	0.0551	0.0647	0.0017	0.1020	0.0000	0.0901	0.0906	0.0000	0.0008	0.4636	0.0000	0.1187	0.0022	0.3111	0.0042	0.0042	0.0000	0.1700	0.0004	0.3145
79	104	0.2013	14	1	1	1	0	0	0	0	0	N	N	N	N	N	N	N	N	N	N	N	N	1.0005	0.9071	0.0000	1.1952	1.1580	0.0000	0.0000	0.0386	0.0443	0.0000	0.1046	0.1068	0.0000	0.0000	0.0000	0.0000	0.0386	0.0488	0.0013	0.0875	0.0923	0.0000	0.0005	0.0000	0.0015	0.0000	0.0074	-0.0000	-0.0007	3.0096	0.0277	5.7427	1.3445	0.0000	0.0000	0.0000	0.0000	0.0000	0.0000	0.0000	0.0000	0.0000	0.0014	0.0014	0.0000	0.0014	0.0014	0.0000	0.0000	0.0000	0.0000	0.0010	0.0009	0.0001	0.0004	0.0004	0.0000	0.0007	0.0005	0.0001	0.0355	0.0278	0.0077	0.0155	0.0147	0.0008	0.0200	0.0131	0.0069	1.0005	0.9071	0.0000	1.1952	1.1580	0.0000	0.0000	0.0000	0.0000	0.0386	0.0488	0.0013	0.0875	0.0923	0.0000	0.0005	0.0000	0.0015		
79	105	0.1546	13	1	1	1	0	0	0	0	0	N	N	N	N	N	N	N	N	N	N	N	N	0.0117	0.0093	0.0000	0.0185	0.0185	0.0000	0.0000	0.0000	0.0000	0.0004	0.0004	0.0000	0.0016	0.0017	0.0000	0.0000	0.0000	0.0000	0.0308	0.0442	0.0035	0.0863	0.0906	0.0004	0.0073	0.0103	0.0037	0.0000	0.0393	-0.0000	-0.0042	3.0096	5.1414	5.7427	16.4151	0.0000	0.0000	0.0000	0.0000	0.0000	0.0000	0.0000	0.0000	0.0000	0.0083	0.0080	0.0003	0.0069	0.0069	0.0000	0.0014	0.0011	0.0003	0.1109	0.0973	0.0136	0.0250	0.0239	0.0011	0.0858	0.0734	0.0125	0.2689	0.1801	0.0888	0.0800	0.0762	0.0038	0.1889	0.1039	0.0850	0.0117	0.0093	0.0000	0.0185	0.0185	0.0000	0.0000	0.0000	0.0000	0.0308	0.0442	0.0035	0.0863	0.0906	0.0004	0.0073	0.0103	0.0037
79	106	0.1464	12	1	0	1	0	0	0	0	0	N	N	N	N	N	N	N	N	N	N	N	N	0.0000	0.0000	0.0000	0.0000	0.0000	0.0000	0.0000	0.0000	0.0000	0.0000	0.0000	0.0000	0.0000	0.0000	0.0000	0.0000	0.0000	0.0000	0.3654	0.5428	0.0028	0.9071	0.9384	0.0019	0.1072	0.1994	0.0028	0.0025	0.0000	-0.0183	3.0096	3.8974	5.7427	1.6364	0.0000	0.0000	0.0000	0.0000	0.0000	0.0000	0.0000	0.0000	0.0000	0.0339	0.0338	0.0001	0.0271	0.0271	0.0000	0.0067	0.0066	0.0001	0.0844	0.0737	0.0107	0.0158	0.0150	0.0008	0.0686	0.0587	0.0100	0.0927	0.0622	0.0304	0.0299	0.0289	0.0010	0.0627	0.0333	0.0294	0.0000	0.0000	0.0000	0.0000	0.0000	0.0000	0.0000	0.0000	0.0000	0.3654	0.5428	0.0028	0.9071	0.9384	0.0019	0.1072	0.1994	0.0028	
79	107	0.1253	11	1	0	1	0	0	0	0	0	N	N	N	N	N	N	N	N	N	N	N	N	0.0015	0.0011	0.0000	0.0028	0.0027	0.0000	0.0000	0.0000	0.0000	0.0005	0.0005	0.0000	0.0012	0.0013	0.0000	0.0000	0.0000	0.0000	0.3130	0.4743	0.0061	0.4475	0.4631	0.0013	0.2546	0.5187	0.0062	0.0000	0.0068	-0.0000	-0.0254	3.0096	0.3701	5.7427	9.6236	0.0000	0.0000	0.0000	0.0000	0.0000	0.0000	0.0000	0.0000	0.0000	0.0475	0.0471	0.0003	0.0205	0.0205	0.0000	0.0269	0.0266	0.0003	0.0211	0.0190	0.0020	0.0080	0.0079	0.0001	0.0130	0.0111	0.0019	0.1516	0.0994	0.0522	0.0459	0.0444	0.0016	0.1057	0.0550	0.0507	0.0015	0.0011	0.0000	0.0028	0.0027	0.0000	0.0000	0.0000	0.0000	0.3130	0.4743	0.0061	0.4475	0.4631	0.0013	0.2546	0.4833	0.0062
79	108	0.1149	10	1	0	1	0	0	0	0	0	N	N	N	N	N	N	N	N	N	N	N	N	0.0016	0.0012	0.0000	0.4207	0.4117	0.0000	0.0000	0.0000	0.0000	0.0004	0.0005	0.0000	0.0012	0.0012	0.0000	0.0000	0.0000	0.0000	0.2746	0.4151	0.0173	0.0029	0.0030	0.0000	0.3750	0.7294	0.0178	0.0000	0.0228	-0.0000	-0.0109	3.0096	0.4415	5.7427	4.8853	0.0000	0.0000	0.0000	0.0000	0.0000	0.0000	0.0000	0.0000	0.0000	0.0209	0.0204	0.0005	0.0001	0.0001	0.0000	0.0208	0.0204	0.0005	0.0226	0.0205	0.0022	0.0083	0.0082	0.0001	0.0143	0.0123	0.0021	0.0762	0.0492	0.0269	0.0206	0.0199	0.0007	0.0556	0.0294	0.0262	0.0016	0.0012	0.0000	0.4207	0.4117	0.0000	0.0000	0.0000	0.0000	0.2746	0.4151	0.0173	0.0029	0.0030	0.0000	0.3750	0.6942	0.0178
79	109	0.1373	9	2	1	1	1	0	0	0	0	Y	N	N	N	N	N	N	N	N	N	N	N	0.0000	0.0000	0.0000	0.0000	0.0000	0.0000	0.0000	0.0000	0.0000	0.0000	0.0000	0.0000	0.0000	0.0000	0.0000	0.0000	0.0000	0.0000	0.0000	0.0000	3.0096	0.0000	5.7427	0.0000	0.0000	0.0000	0.0000	0.0000	0.0000	0.0000	0.0000	0.0000	0.0000	0.0000	0.0000	0.0000	0.0000	0.0000	0.0000	0.0000	0.0000	0.0000	0.0000	0.0000	0.0000	0.0000	0.0000	0.0000	0.0000	0.0000	0.0000	0.0000	0.0000	0.0000	0.0000	0.0000	0.0000	0.0000	0.0000	0.0000	0.0000	0.0000	0.0000	0.0000	0.0000	0.0000	0.0000	0.0000	0.0000	0.0000	0.0000	0.0000	0.0000	0.0000	0.0000	0.0000	0.0000	0.0000											
79	110	0.1223	8	2	1	1	1	0	0	0	0	Y	N	N	N	N	N	N	N	N	N	N	N	0.0000	0.0000	0.0000	0.0000	0.0000	0.0000	0.0000	0.0000	0.0000	0.0000	0.0000	0.0000	0.0000	0.0000	0.0000	0.0000	0.0000	0.0000	0.0000	0.0000	3.0096	0.0000	5.7427	7.1240	0.0000	0.0000	0.0000	0.0000	0.0000	0.0000	0.0000	0.0000	0.0000	0.0000	0.0000	0.0000	0.0000	0.0000	0.0000	0.0000	0.0000	0.0000	0.0000	0.0000	0.0000	0.0000	0.0000	0.0000	0.0000	0.0000	0.0000	0.1213	0.0807	0.0406	0.0382	0.0364	0.0018	0.0832	0.0443	0.0388	0.0000	0.0000	0.0000	0.0000	0.0000	0.0000	0.0000	0.0000	0.0000	0.0000	0.0000	0.0000	0.0000	0.0000	0.0000	0.0000	0.0000	0.0000											
79	111	0.1313	10	1	1	1	1	0	0	0	0	N	N	N	N	N	N	N	N	N	N	N	N	0.0000	0.0000	0.0000	0.0000	0.0000	0.0000	0.0000	0.0000	0.0000	0.0000	0.0000	0.0000	0.0000	0.0000	0.0000	0.0000	0.0000	0.0000	0.0000	0.0000	3.0096	0.0016	5.7427	5.0076	0.0000	0.0000	0.0000	0.0000	0.0000	0.0000	0.0000	0.0000	0.0000	0.0000	0.0000	0.0000	0.0000	0.0000	0.0000	0.0000	0.0000	0.0000	0.0001	0.0001	0.0000	0.0000	0.0000	0.0000	0.0001	0.0001	0.0000	0.0841	0.0565	0.0277	0.0282	0.0262	0.0020	0.0559	0.0302	0.0257	0.0000	0.0000	0.0000	0.0000	0.0000	0.0000	0.0000	0.0000	0.0000	0.0000	0.0000	0.0000	0.0000	0.0000	0.0000	0.0000	0.0000	0.0000											
79	112	0.1244	9	1	1	1	1	0	0	0	0	N	N	N	N	N	N	N	N	N	N	N	N	0.0000	0.0000	0.0000	0.0000	0.0000	0.0000	0.0000	0.0000	0.0000	0.0000	0.0000	0.0000	0.0000	0.0000	0.0000	0.0000	0.0000	0.0000	0.0000	-0.0000	3.0096	1.0012	5.7427	2.1373	0.0000	0.0000	0.0000	0.0000	0.0000	0.0000	0.0000	0.0000	0.0000	0.0000	0.0000	0.0000	0.0000	0.0000	0.0000	0.0000	0.0000	0.0000	0.0204	0.0178	0.0025	0.0039	0.0037	0.0002	0.0165	0.0141	0.0023	0.0573	0.0381	0.0192	0.0193	0.0182	0.0010	0.0380	0.0199	0.0182	0.0000	0.0000	0.0000	0.0000	0.0000	0.0000	0.0000	0.0000	0.0000	0.0000	0.0000	0.0000	0.0000	0.0000	0.0000	0.0000	0.0000	0.0000											
79	113	0.1328	9	1	1	1	0	0	0	0	0	N	N	N	N	N	N	N	N	N	N	N	N	0.0000	0.0000	0.0000	0.0000	0.0000	0.0000	0.0000	0.0000	0.0000	0.0000	0.0000	0.0000	0.0000	0.0000	0.0000	0.0000	0.0000	10.1352	0.0001	62.3260	0.0005	0.0002	0.0064	15.0765	0.0000	61.1510	154382.8735	0.0000	0.4565	3.0096	0.9705	5.7427	5.0371	0.0000	0.0000	0.0000	0.0000	0.0000	0.0000	0.0000	0.0000	0.0000	0.9988	0.0000	0.9988	0.0000	0.0000	0.0000	0.9988	0.0000	0.9988	0.0234	0.0207	0.0027	0.0061	0.0058	0.0003	0.0173	0.0148	0.0025	0.0985	0.0665	0.0321	0.0323	0.0307	0.0016	0.0662	0.0357	0.0305	0.0000	0.0000	0.0000	0.0000	0.0000	0.0000	0.0000	0.0000	0.0000	10.1352	0.0001	31.1285	0.0005	0.0002	0.0064	15.0765	0.0000	32.7326		
79	114	0.1244	9	1	0	2	1	0	0	0	0	N	N	Y	N	N	N	N	N	N	N	N	N	0.0000	0.0000	0.0000	0.0000	0.0000	0.0000	0.0000	0.0000	0.0000	0.0000	0.0000	0.0000	0.0000	0.0000	0.0000	0.0000	0.0000	0.0000	0.0000	0.0000	3.0096	0.0000	5.7427	1.1303	0.0000	0.0000	0.0000	0.0000	0.0000	0.0000	0.0000	0.0000	0.0000	0.0000	0.0000	0.0000	0.0000	0.0000	0.0000	0.0000	0.0000	0.0000	0.0000	0.0000	0.0000	0.0000	0.0000	0.0000	0.0000	0.0000	0.0000	0.0239	0.0158	0.0081	0.0085	0.0081	0.0004	0.0153	0.0076	0.0077	0.0000	0.0000	0.0000	0.0000	0.0000	0.0000	0.0000	0.0000	0.0000	0.0000	0.0000	0.0000	0.0000	0.0000	0.0000	0.0000	0.0000	0.0000											
79	115	0.1223	8	1	0	1	1	0	0	0	0	N	N	N	N	N	N	N	N	N	N	N	N	0.0000	0.0000	0.0000	0.0000	0.0000	0.0000	0.0000	0.0000	0.0000	0.0000	0.0000	0.0000	0.0000	0.0000	0.0000	0.0000	0.0000	0.0000	0.0000	0.0000	3.0096	0.0000	5.7427	1.2340	0.0000	0.0000	0.0000	0.0000	0.0000	0.0000	0.0000	0.0000	0.0000	0.0000	0.0000	0.0000	0.0000	0.0000	0.0000	0.0000	0.0000	0.0000	0.0000	0.0000	0.0000	0.0000	0.0000	0.0000	0.0000	0.0000	0.0000	0.0258	0.0171	0.0088	0.0089	0.0086	0.0003	0.0169	0.0085	0.0084	0.0000	0.0000	0.0000	0.0000	0.0000	0.0000	0.0000	0.0000	0.0000	0.0000	0.0000	0.0000	0.0000	0.0000	0.0000	0.0000	0.0000	0.0000											
79	116	0.1298	9	1	0	2	1	0	0	0	0	N	N	Y	N	N	N	N	N	N	N	N	N	0.0000	0.0000	0.0000	0.0000	0.0000	0.0000	0.0000	0.0000	0.0000	0.0000	0.0000	0.0000	0.0000	0.0128	0.0189	0.0000	0.0384	0.0404	0.0000	0.0000	0.0000	0.0000	0.0000	0.0000	-0.0002	3.0096	0.9725	5.7427	0.9874	0.0000	0.0000	0.0000	0.0000	0.0000	0.0000	0.0000	0.0000	0.0000	0.0004	0.0004	0.0000	0.0004	0.0004	0.0000	0.0000	0.0000	0.0000	0.0219	0.0194	0.0026	0.0052	0.0050	0.0002	0.0167	0.0144	0.0024	0.0351	0.0237	0.0114	0.0117	0.0111	0.0006	0.0234	0.0126	0.0109	0.0000	0.0000	0.0000	0.0000	0.0000	0.0000	0.0000	0.0000	0.0000	0.0128	0.0189	0.0000	0.0384	0.0404	0.0000	0.0000	0.0000	0.0000						
79	117	0.1298	9	1	0	2	1	0	0	0	0	N	N	Y	N	N	N	N	N	N	N	N	N	0.0000	0.0000	0.0000	0.0000	0.0000	0.0000	0.0000	0.0000	0.0000	0.0000	0.0000	0.0000	0.0000	0.0000	0.0000	5.3879	0.0000	19.8302	0.0004	0.0000	0.0086	7.9913	0.0000	18.9525	inf	0.0000	0.1706	3.0096	0.0285	5.7427	4.0215	0.0000	0.0000	0.0000	0.0000	0.0000	0.0000	0.0000	0.0000	0.0000	0.3732	0.0000	0.3732	0.0000	0.0000	0.0000	0.3732	0.0000	0.3732	0.0023	0.0021	0.0002	0.0010	0.0010	0.0000	0.0013	0.0011	0.0002	0.0693	0.0466	0.0226	0.0226	0.0214	0.0012	0.0467	0.0252	0.0215	0.0000	0.0000	0.0000	0.0000	0.0000	0.0000	0.0000	0.0000	0.0000	5.3879	0.0000	16.4903	0.0004	0.0000	0.0086	7.9913	0.0000	17.3809				
79	118	0.1223	8	1	0	2	1	0	0	0	0	N	N	Y	N	N	N	N	N	N	N	N	N	0.0000	0.0000	0.0000	0.0000	0.0000	0.0000	0.0000	0.0000	0.0000	0.0000	0.0000	0.0000	0.0000	0.0000	0.0000	0.0050	0.0000	0.0148	0.0000	0.0000	0.0000	0.0073	0.0000	0.0155	inf	0.0000	0.0002	3.0096	3.0275	5.7427	2.1573	0.0000	0.0000	0.0000	0.0000	0.0000	0.0000	0.0000	0.0000	0.0000	0.0004	0.0000	0.0004	0.0000	0.0000	0.0000	0.0004	0.0000	0.0004	0.0610	0.0534	0.0076	0.0116	0.0111	0.0006	0.0494	0.0424	0.0070	0.0905	0.0601	0.0303	0.0287	0.0274	0.0013	0.0617	0.0327	0.0290	0.0000	0.0000	0.0000	0.0000	0.0000	0.0000	0.0000	0.0000	0.0000	0.0050	0.0000	0.0148	0.0000	0.0000	0.0000	0.0073	0.0000	0.0155				
79	119	0.1635	8	2	1	1	0	0	0	0	0	Y	N	N	N	N	N	N	N	N	N	N	N	0.0000	0.0000	0.0000	0.0000	0.0000	0.0000	0.0000	0.0000	0.0000	0.0000	0.0000	0.0000	0.0000	0.0000	0.0000	0.0000	0.0008	0.0009	0.0004	0.0019	0.0020	0.0000	0.0002	0.0000	0.0004	0.2019	0.0000	-0.0000	3.0096	2.1883	5.7427	3.1271	0.0000	0.0000	0.0000	0.0000	0.0000	0.0000	0.0000	0.0000	0.0000	0.0001	0.0000	0.0000	0.0000	0.0000	0.0000	0.0000	0.0000	0.0000	0.0543	0.0484	0.0059	0.0133	0.0128	0.0004	0.0410	0.0356	0.0054	0.0786	0.0534	0.0252	0.0255	0.0246	0.0010	0.0530	0.0288	0.0242	0.0000	0.0000	0.0000	0.0000	0.0000	0.0000	0.0000	0.0000	0.0000	0.0008	0.0009	0.0004	0.0019	0.0020	0.0000	0.0002	0.0000	0.0004			
79	120	0.0966	7	2	1	1	0	0	0	0	0	Y	N	N	N	N	N	N	N	N	N	N	N	0.0930	0.0744	0.0000	0.1780	0.1809	0.0000	0.0000	0.0000	0.0000	0.0000	0.0000	0.0002	0.0002	0.0000	0.0000	0.0000	0.0000	0.0004	0.0005	0.0001	0.0011	0.0012	0.0000	0.0001	0.0001	0.0001	0.0000	0.0624	-0.0000	-0.0001	3.0096	13.6104	5.7427	16.0982	0.0000	0.0000	0.0000	0.0000	0.0000	0.0000	0.0000	0.0000	0.0000	0.0002	0.0002	0.0000	0.0001	0.0001	0.0000	0.0000	0.0000	0.0000	0.2805	0.2459	0.0346	0.0495	0.0474	0.0021	0.2310	0.1985	0.0325	0.4447	0.2938	0.1510	0.1239	0.1205	0.0034	0.3208	0.1732	0.1476	0.0930	0.0744	0.0000	0.1780	0.1809	0.0000	0.0000	0.0000	0.0000	0.0004	0.0005	0.0001	0.0011	0.0012	0.0000	0.0001	0.0001	0.0001	
79	121	0.1011	7	1	1	1	0	0	0	0	0	N	N	N	N	N	N	N	N	N	N	N	N	0.0000	0.0000	0.0000	0.0000	0.0000	0.0000	0.0000	0.0000	0.0000	0.0000	0.0000	0.0000	0.0000	0.0000	0.0000	0.0000	0.0000	0.0000	0.0791	0.1093	0.0098	0.1984	0.2022	0.0565	0.0039	0.0000	0.0082	0.0388	0.0000	-0.0057	3.0096	0.3548	5.7427	4.6068	0.0000	0.0000	0.0000	0.0000	0.0000	0.0000	0.0000	0.0000	0.0000	0.0112	0.0108	0.0004	0.0108	0.0108	0.0001	0.0003	0.0000	0.0003	0.0251	0.0227	0.0024	0.0104	0.0103	0.0001	0.0147	0.0125	0.0023	0.1413	0.0985	0.0428	0.0546	0.0532	0.0014	0.0866	0.0453	0.0414	0.0000	0.0000	0.0000	0.0000	0.0000	0.0000	0.0000	0.0000	0.0000	0.0791	0.1093	0.0098	0.1984	0.2022	0.0565	0.0039	0.0000	0.0082	
79	122	0.0863	6	1	1	1	0	0	0	0	0	N	N	N	N	N	N	N	N	N	N	N	N	0.0000	0.0000	0.0000	0.0000	0.0000	0.0000	0.0000	0.0000	0.0000	0.0000	0.0000	0.0000	0.0000	0.0000	0.0000	0.0000	0.0000	0.0000	0.0894	0.0145	0.2323	0.0151	0.0155	0.0005	0.1194	0.0138	0.2372	8.3684	0.0000	0.0040	3.0096	1.6911	5.7427	5.7022	0.0000	0.0000	0.0000	0.0000	0.0000	0.0000	0.0000	0.0000	0.0000	0.0115	0.0012	0.0103	0.0006	0.0006	0.0000	0.0110	0.0007	0.0103	0.0490	0.0433	0.0057	0.0125	0.0122	0.0003	0.0365	0.0311	0.0054	0.1291	0.0848	0.0444	0.0372	0.0363	0.0009	0.0919	0.0485	0.0435	0.0000	0.0000	0.0000	0.0000	0.0000	0.0000	0.0000	0.0000	0.0000	0.0894	0.0145	0.2323	0.0151	0.0155	0.0005	0.1194	0.0138	0.2372	
79	124	0.1373	10	2	1	1	0	0	0	0	0	Y	N	N	N	N	N	N	N	N	N	N	N	0.0000	0.0000	0.0000	0.0000	0.0000	0.0000	0.0000	0.0000	0.0000	0.0000	0.0000	0.0000	0.0000	0.0000	0.0000	0.0000	0.0000	0.0000	0.0000	0.0000	3.0096	0.0000	5.7427	0.0000	0.0000	0.0000	0.0000	0.0000	0.0000	0.0000	0.0000	0.0000	0.0000	0.0000	0.0000	0.0000	0.0000	0.0000	0.0000	0.0000	0.0000	0.0000	0.0000	0.0000	0.0000	0.0000	0.0000	0.0000	0.0000	0.0000	0.0000	0.0000	0.0000	0.0000	0.0000	0.0000	0.0000	0.0000	0.0000	0.0000	0.0000	0.0000	0.0000	0.0000	0.0000	0.0000	0.0000	0.0000	0.0000	0.0000	0.0000	0.0000	0.0000	0.0000	0.0000	0.0000	0.0000	0.0000											
79	125	0.1328	9	2	1	1	0	0	0	0	0	Y	N	N	N	N	N	N	N	N	N	N	N	0.0000	0.0000	0.0000	0.0000	0.0000	0.0000	0.0000	0.0000	0.0000	0.0000	0.0000	0.0000	0.0000	0.0330	0.0486	0.0000	0.0979	0.1025	0.0000	0.0000	0.0000	0.0000	0.0000	0.0000	-0.0007	3.0096	0.1434	5.7427	1.9839	0.0000	0.0000	0.0000	0.0000	0.0000	0.0000	0.0000	0.0000	0.0000	0.0012	0.0012	0.0000	0.0012	0.0012	0.0000	0.0000	0.0000	0.0000	0.0066	0.0059	0.0006	0.0028	0.0027	0.0001	0.0038	0.0032	0.0005	0.0375	0.0254	0.0120	0.0126	0.0121	0.0006	0.0248	0.0134	0.0114	0.0000	0.0000	0.0000	0.0000	0.0000	0.0000	0.0000	0.0000	0.0000	0.0330	0.0486	0.0000	0.0979	0.1025	0.0000	0.0000	0.0000	0.0000						
79	126	0.1223	8	1	1	1	0	0	0	0	0	N	N	N	N	N	N	N	N	N	N	N	N	0.0000	0.0000	0.0000	0.0000	0.0000	0.0000	0.0000	0.0000	0.0000	0.0000	0.0000	0.0000	0.0000	0.0000	0.0000	0.0147	0.0002	0.0434	0.0000	0.0000	0.0000	0.0215	0.0003	0.0454	122.6445	0.0000	0.0006	3.0096	1.8882	5.7427	2.9115	0.0000	0.0000	0.0000	0.0000	0.0000	0.0000	0.0000	0.0000	0.0000	0.0012	0.0000	0.0012	0.0000	0.0000	0.0000	0.0012	0.0000	0.0012	0.0383	0.0335	0.0048	0.0073	0.0070	0.0004	0.0310	0.0266	0.0044	0.0843	0.0560	0.0283	0.0268	0.0256	0.0012	0.0574	0.0304	0.0270	0.0000	0.0000	0.0000	0.0000	0.0000	0.0000	0.0000	0.0000	0.0000	0.0147	0.0002	0.0434	0.0000	0.0000	0.0000	0.0215	0.0003	0.0454				
79	127	0.0966	7	1	0	1	0	0	0	0	0	N	N	N	N	N	N	N	N	N	N	N	N	12496.4735	0.0000	1408535641.1176	0.0000	0.0000	398011338.1555	1459373711.8092	11.0045	0.0000	94.3752	0.0000	0.0000	0.0000	14.2587	0.0000	99.9475	0.0009	0.0013	0.0000	0.0031	0.0032	0.0000	0.0000	0.0000	0.0000	inf	0.0000	0.6189	-0.0001	3.0096	3.5543	5.7427	9.0319	1.0000	0.0000	1.0000	0.0000	0.0000	0.0000	1.0000	0.0000	1.0000	0.0002	0.0002	0.0000	0.0002	0.0002	0.0000	0.0000	0.0000	0.0000	0.0909	0.0803	0.0106	0.0207	0.0201	0.0006	0.0701	0.0601	0.0100	0.2064	0.1363	0.0701	0.0585	0.0569	0.0015	0.1479	0.0793	0.0686	12496.4735	0.0000	1408535641.1176	0.0000	0.0000	0.0000	398011338.1555	0.0000	1459373711.8092	0.0009	0.0013	0.0000	0.0031	0.0032	0.0000	0.0000	0.0000	0.0000		
80	84	0.1325	12	1	1	1	0	0	0	0	0	N	N	N	N	N	N	N	N	N	N	N	N	17.1663	12.1126	0.0000	14.0685	13.6511	0.0000	25.0030	14.9647	0.0000	0.2641	0.2999	0.0000	0.4999	0.5234	0.0000	0.2046	0.2374	0.0000	0.0154	0.0248	0.0004	0.0355	0.0383	0.0014	0.0082	0.0159	0.0004	0.0000	0.0107	-0.0059	-0.0027	1.0477	7.1084	6.1154	28.8937	0.0155	0.0155	0.0000	0.0059	0.0059	0.0000	0.0096	0.0096	0.0000	0.0051	0.0051	0.0001	0.0031	0.0031	0.0000	0.0020	0.0020	0.0000	0.0586	0.0516	0.0070	0.0118	0.0113	0.0005	0.0468	0.0403	0.0065	0.3346	0.2057	0.1289	0.0881	0.0814	0.0067	0.2465	0.1243	0.1222	17.1663	12.1126	0.0000	14.0685	13.6511	0.0000	25.0030	14.9647	0.0000	0.0154	0.0248	0.0004	0.0355	0.0383	0.0014	0.0082	0.0159	0.0004
80	85	0.1250	11	1	1	1	0	0	0	0	0	N	N	N	N	N	N	N	N	N	N	N	N	0.0007	0.0005	0.0142	0.0078	0.0074	0.0329	0.0004	0.0003	0.0035	0.0005	0.0005	0.0002	0.0006	0.0006	0.0007	0.0004	0.0005	0.0000	0.7040	1.0385	0.0115	0.0714	0.0743	0.0202	1.0553	2.0086	0.0110	0.0375	0.0053	-0.0000	-0.0387	1.0477	2.2208	6.1154	3.9129	0.0000	0.0000	0.0000	0.0000	0.0000	0.0000	0.0000	0.0000	0.0000	0.0719	0.0715	0.0004	0.0026	0.0026	0.0000	0.0693	0.0690	0.0003	0.0291	0.0260	0.0031	0.0109	0.0102	0.0006	0.0182	0.0157	0.0025	0.1022	0.0689	0.0333	0.0365	0.0345	0.0019	0.0657	0.0343	0.0313	0.0007	0.0005	0.0142	0.0078	0.0074	0.0329	0.0004	0.0003	0.0035	0.7040	1.0385	0.0115	0.0714	0.0743	0.0202	1.0553	2.0086	0.0110
80	86	0.2005	13	1	0	2	0	0	0	0	0	N	N	Y	N	N	N	N	N	N	N	N	N	0.0000	0.0000	0.0000	0.0000	0.0000	0.0000	0.0000	0.0000	0.0000	0.0000	0.0000	0.0000	0.0000	0.0000	0.0000	0.0000	0.0000	0.0000	0.0058	0.0086	0.0013	0.0187	0.0203	0.0008	0.0007	0.0000	0.0014	0.0954	0.0000	-0.0003	1.0477	5.3425	6.1154	7.0749	0.0000	0.0000	0.0000	0.0000	0.0000	0.0000	0.0000	0.0000	0.0000	0.0007	0.0006	0.0001	0.0006	0.0006	0.0000	0.0001	0.0000	0.0001	0.0482	0.0426	0.0056	0.0097	0.0093	0.0004	0.0385	0.0333	0.0052	0.1202	0.0741	0.0462	0.0343	0.0316	0.0027	0.0859	0.0425	0.0434	0.0000	0.0000	0.0000	0.0000	0.0000	0.0000	0.0000	0.0000	0.0000	0.0058	0.0086	0.0013	0.0187	0.0203	0.0008	0.0007	0.0000	0.0014	
80	87	0.1573	12	1	0	1	0	0	0	0	0	N	N	N	N	N	N	N	N	N	N	N	N	0.0001	0.0000	0.0020	0.0001	0.0001	0.0000	0.0006	0.0000	0.0028	0.0000	0.0000	0.0000	0.0000	0.0000	0.0000	0.0000	0.0000	0.0000	0.1875	0.2910	0.0098	0.5720	0.6160	0.0290	0.0058	0.0031	0.0084	0.2377	0.0196	-0.0000	-0.0240	1.0477	7.0719	6.1154	13.7350	0.0000	0.0000	0.0000	0.0000	0.0000	0.0000	0.0000	0.0000	0.0000	0.0458	0.0449	0.0009	0.0449	0.0447	0.0002	0.0010	0.0003	0.0007	0.0714	0.0633	0.0081	0.0214	0.0200	0.0013	0.0500	0.0433	0.0068	0.2444	0.1544	0.0900	0.0784	0.0725	0.0059	0.1660	0.0819	0.0841	0.0001	0.0000	0.0020	0.0001	0.0001	0.0000	0.0006	0.0000	0.0028	0.1875	0.2910	0.0098	0.5720	0.6160	0.0290	0.0058	0.0031	0.0084
80	88	0.0999	10	2	0	2	0	0	0	0	0	Y	N	Y	N	N	N	N	N	N	N	N	N	0.0000	0.0000	0.0000	0.0000	0.0000	0.0000	0.0000	0.0000	0.0000	0.0000	0.0000	0.0000	0.0000	0.0000	0.0000	0.0000	0.0000	0.0000	0.0000	0.0000	1.0477	0.0000	6.1154	0.0000	0.0000	0.0000	0.0000	0.0000	0.0000	0.0000	0.0000	0.0000	0.0000	0.0000	0.0000	0.0000	0.0000	0.0000	0.0000	0.0000	0.0000	0.0000	0.0000	0.0000	0.0000	0.0000	0.0000	0.0000	0.0000	0.0000	0.0000	0.0000	0.0000	0.0000	0.0000	0.0000	0.0000	0.0000	0.0000	0.0000	0.0000	0.0000	0.0000	0.0000	0.0000	0.0000	0.0000	0.0000	0.0000	0.0000	0.0000	0.0000	0.0000	0.0000	0.0000	0.0000	0.0000	0.0000											
80	89	0.0980	9	2	0	2	0	0	0	0	0	Y	N	Y	N	N	N	N	N	N	N	N	N	0.0311	0.0244	0.0000	0.0271	0.0268	0.0000	0.0000	0.0000	0.0000	0.0061	0.0068	0.0000	0.0152	0.0154	0.0000	0.0000	0.0000	0.0000	0.1969	0.2810	0.0349	0.5634	0.5740	0.1418	0.0161	0.0000	0.0323	0.0000	0.0643	-0.0000	-0.0015	1.0477	0.0001	6.1154	0.9161	0.0000	0.0000	0.0000	0.0000	0.0000	0.0000	0.0000	0.0000	0.0000	0.0031	0.0029	0.0002	0.0029	0.0029	0.0000	0.0002	0.0000	0.0002	0.0000	0.0000	0.0000	0.0000	0.0000	0.0000	0.0000	0.0000	0.0000	0.0156	0.0103	0.0053	0.0052	0.0050	0.0001	0.0105	0.0052	0.0052	0.0311	0.0244	0.0000	0.0271	0.0268	0.0000	0.0000	0.0000	0.0000	0.1969	0.2810	0.0349	0.5634	0.5740	0.1418	0.0161	0.0000	0.0323
80	90	0.0732	8	2	0	2	0	0	0	0	0	Y	N	Y	N	N	N	N	N	N	N	N	N	0.0022	0.0173	0.0000	0.0198	0.0233	0.0000	0.0000	0.0000	0.0000	0.0211	0.0240	0.0000	0.0978	0.1034	0.0000	0.0000	0.0000	0.0000	9.5084	1.3852	28.6459	4.9456	4.4354	0.0193	10.6582	0.0000	24.5546	0.0000	11.1794	-0.0003	0.4038	1.0477	3.7876	6.1154	7.8440	0.0007	0.0007	0.0000	0.0007	0.0007	0.0000	0.0000	0.0000	0.0000	1.0769	0.0884	0.9885	0.0884	0.0884	0.0000	0.9885	0.0000	0.9885	0.0329	0.0289	0.0040	0.0071	0.0067	0.0004	0.0258	0.0222	0.0036	0.1133	0.0638	0.0494	0.0205	0.0199	0.0006	0.0927	0.0439	0.0488	0.0022	0.0173	0.0000	0.0227	0.0233	0.0000	0.0000	0.0000	0.0000	9.5084	1.3852	19.9985	4.3105	4.4354	0.0193	10.6582	0.0000	20.2360
80	91	0.1056	10	1	1	1	1	0	0	0	0	N	N	N	N	N	N	N	N	N	N	N	N	0.0002	0.0003	0.0000	0.0004	0.0004	0.0000	0.0000	0.0000	0.0000	0.0000	0.0000	0.0000	0.0000	0.0000	0.0000	0.0000	0.0000	0.0000	0.0349	0.0300	0.0417	0.0774	0.0756	0.1176	0.0216	0.0008	0.0398	0.0006	0.9964	-0.0000	-0.0003	1.0477	1.8247	6.1154	16.3284	0.0000	0.0000	0.0000	0.0000	0.0000	0.0000	0.0000	0.0000	0.0000	0.0063	0.0031	0.0031	0.0033	0.0031	0.0002	0.0030	0.0001	0.0029	0.0196	0.0174	0.0022	0.0054	0.0053	0.0001	0.0142	0.0121	0.0020	0.1795	0.1045	0.0751	0.0427	0.0408	0.0018	0.1369	0.0637	0.0732	0.0002	0.0003	0.0000	0.0004	0.0004	0.0000	0.0000	0.0000	0.0000	0.0349	0.0300	0.0417	0.0774	0.0756	0.1176	0.0216	0.0008	0.0398
80	92	0.0951	9	1	1	1	0	0	0	0	0	N	N	N	N	N	N	N	N	N	N	N	N	3.0265	0.0000	11.1842	0.0000	0.0000	0.0000	3.2607	0.0000	11.7475	13.0928	0.0000	111.9051	0.0000	0.0000	0.0000	16.8235	0.0000	120.0925	4.3261	0.0378	10.0056	0.1312	0.1372	0.0286	5.1595	0.0001	10.2228	inf	200.0942	0.6177	0.4017	1.0477	9.1310	6.1154	16.1726	0.9980	0.0000	0.9980	0.0000	0.0000	0.0000	0.9980	0.0000	0.9980	0.8886	0.0044	0.8842	0.0045	0.0044	0.0001	0.8842	0.0000	0.8841	0.0762	0.0673	0.0089	0.0169	0.0163	0.0006	0.0593	0.0510	0.0083	0.2054	0.1170	0.0884	0.0340	0.0322	0.0019	0.1714	0.0849	0.0865	3.0265	0.0000	11.1842	0.0000	0.0000	0.0000	3.2607	0.0000	11.7475	4.3261	0.0378	10.0056	0.1312	0.1372	0.0286	5.1595	0.0001	10.2228
80	93	0.1801	15	1	1	1	0	0	0	0	0	N	N	N	N	N	N	N	N	N	N	N	N	0.0000	0.0000	0.0000	0.0000	0.0000	0.0000	0.0000	0.0000	0.0000	0.0000	0.0000	0.0000	0.0000	0.0000	0.0000	0.0000	0.0000	0.0000	0.0884	0.1321	0.0144	0.2625	0.2757	0.1253	0.0026	0.0001	0.0050	0.0646	0.0000	-0.0060	1.0477	4.0959	6.1154	8.7137	0.0000	0.0000	0.0000	0.0000	0.0000	0.0000	0.0000	0.0000	0.0000	0.0125	0.0118	0.0008	0.0123	0.0118	0.0005	0.0003	0.0000	0.0002	0.0351	0.0309	0.0042	0.0075	0.0073	0.0002	0.0276	0.0236	0.0040	0.1416	0.0890	0.0526	0.0467	0.0426	0.0041	0.0949	0.0464	0.0485	0.0000	0.0000	0.0000	0.0000	0.0000	0.0000	0.0000	0.0000	0.0000	0.0884	0.1321	0.0144	0.2625	0.2757	0.1253	0.0026	0.0001	0.0050	
80	94	0.1618	14	1	1	1	0	0	0	0	0	N	N	N	N	N	N	N	N	N	N	N	N	0.0000	0.0000	0.0000	0.0000	0.0000	0.0000	0.0000	0.0000	0.0000	0.0000	0.0000	0.0000	0.0000	0.0000	0.0000	0.0000	0.0000	0.0000	11.0522	17.6244	0.0884	38.8794	39.7183	0.2228	0.0426	0.0033	0.0811	0.0030	0.0000	-0.5309	1.0477	2.9443	6.1154	6.1524	0.0000	0.0000	0.0000	0.0000	0.0000	0.0000	0.0000	0.0000	0.0000	0.9833	0.9803	0.0029	0.9806	0.9802	0.0004	0.0027	0.0001	0.0026	0.0266	0.0233	0.0033	0.0067	0.0065	0.0002	0.0199	0.0168	0.0031	0.0890	0.0556	0.0333	0.0264	0.0247	0.0017	0.0626	0.0309	0.0316	0.0000	0.0000	0.0000	0.0000	0.0000	0.0000	0.0000	0.0000	0.0000	11.0522	17.6244	0.0884	37.1528	39.7183	0.2228	0.0426	0.0033	0.0811	
80	95	0.1593	13	1	0	1	0	0	0	0	0	N	N	N	N	N	N	N	N	N	N	N	N	0.0088	0.0139	0.0000	0.0246	0.0250	0.0000	0.0018	0.0139	0.0000	0.0001	0.0001	0.0000	0.0002	0.0002	0.0000	0.0000	0.0000	0.0000	0.0058	0.0042	0.0092	0.0071	0.0072	0.0033	0.0051	0.0008	0.0094	0.0005	1.0618	-0.0000	-0.0000	1.0477	0.8596	6.1154	1.2300	0.0000	0.0000	0.0000	0.0000	0.0000	0.0000	0.0000	0.0000	0.0000	0.0002	0.0001	0.0001	0.0001	0.0001	0.0000	0.0001	0.0000	0.0001	0.0077	0.0067	0.0009	0.0020	0.0019	0.0001	0.0057	0.0048	0.0009	0.0365	0.0246	0.0119	0.0135	0.0132	0.0004	0.0230	0.0114	0.0115	0.0088	0.0139	0.0000	0.0246	0.0250	0.0000	0.0018	0.0139	0.0000	0.0058	0.0042	0.0092	0.0071	0.0072	0.0033	0.0051	0.0008	0.0094
80	96	0.1475	12	1	0	1	0	0	0	0	0	N	N	N	N	N	N	N	N	N	N	N	N	0.0001	0.0000	0.0075	0.0000	0.0000	0.0000	0.0024	0.0000	0.0099	0.0000	0.0000	0.0001	0.0000	0.0000	0.0000	0.0000	0.0000	0.0001	0.1597	0.2455	0.0100	0.4586	0.4757	0.0455	0.0049	0.0007	0.0086	5.8610	0.0233	0.0000	-0.0072	1.0477	3.7737	6.1154	2.5241	0.0000	0.0000	0.0000	0.0000	0.0000	0.0000	0.0000	0.0000	0.0000	0.0139	0.0136	0.0003	0.0136	0.0136	0.0001	0.0003	0.0000	0.0003	0.0417	0.0372	0.0045	0.0133	0.0127	0.0005	0.0284	0.0245	0.0040	0.0870	0.0553	0.0317	0.0297	0.0285	0.0012	0.0574	0.0268	0.0305	0.0001	0.0000	0.0075	0.0000	0.0000	0.0000	0.0024	0.0000	0.0099	0.1597	0.2455	0.0100	0.4586	0.4757	0.0455	0.0049	0.0007	0.0086
80	97	0.1266	11	1	0	1	0	0	0	0	0	N	N	N	N	N	N	N	N	N	N	N	N	0.0000	0.0000	0.0000	0.0000	0.0000	0.0000	0.0000	0.0000	0.0000	0.0000	0.0000	0.0000	0.0000	0.0000	0.0000	0.0000	0.0000	0.0000	0.2894	0.1984	0.4295	0.0594	0.0624	0.0072	0.3659	0.2853	0.4444	1.4059	0.0000	0.0013	1.0477	6.4922	6.1154	4.5502	0.0000	0.0000	0.0000	0.0000	0.0000	0.0000	0.0000	0.0000	0.0000	0.0323	0.0134	0.0189	0.0017	0.0016	0.0000	0.0306	0.0118	0.0189	0.0535	0.0471	0.0064	0.0114	0.0109	0.0004	0.0421	0.0362	0.0060	0.1115	0.0676	0.0439	0.0278	0.0263	0.0015	0.0837	0.0413	0.0424	0.0000	0.0000	0.0000	0.0000	0.0000	0.0000	0.0000	0.0000	0.0000	0.2894	0.1984	0.4295	0.0594	0.0624	0.0072	0.3659	0.2853	0.4444	
80	98	0.0732	8	1	1	1	0	0	0	0	0	N	N	N	N	N	N	N	N	N	N	N	N	0.1467	21.9141	0.0000	0.0349	0.0375	0.0000	0.1744	inf	0.0000	1.2187	1.3846	0.0006	0.0074	0.0079	0.0000	1.7458	2.0361	0.0007	8.3051	0.0632	26.0411	0.2106	0.2106	0.2100	10.0115	0.0000	22.5649	0.0001	232.4198	-0.0063	0.4804	1.0477	1.3608	6.1154	12.1483	0.0167	0.0167	0.0000	0.0000	0.0000	0.0000	0.0166	0.0166	0.0000	1.0611	0.0045	1.0566	0.0047	0.0045	0.0001	1.0564	0.0000	1.0564	0.0137	0.0120	0.0016	0.0041	0.0039	0.0003	0.0095	0.0082	0.0014	0.1278	0.0719	0.0558	0.0222	0.0216	0.0007	0.1055	0.0504	0.0552	0.1467	21.9141	0.0000	0.0349	0.0375	0.0000	0.1744	inf	0.0000	8.3051	0.0632	18.9282	0.2106	0.2106	0.2100	10.0115	0.0000	19.1525
80	99	0.0695	7	1	0	1	0	0	0	0	0	N	N	N	N	N	N	N	N	N	N	N	N	0.1020	0.2571	0.0417	0.3257	0.3537	0.0002	0.0519	4.5653	0.0468	0.0185	0.0193	0.0131	0.0428	0.0457	0.0001	0.0106	0.0098	0.0147	0.1809	0.0752	0.3143	0.1316	0.1293	0.4112	0.2045	0.0021	0.3141	0.1110	3.3122	-0.0001	0.0017	1.0477	1.5300	6.1154	0.7696	0.0003	0.0003	0.0000	0.0002	0.0002	0.0000	0.0001	0.0001	0.0000	0.0077	0.0018	0.0059	0.0018	0.0018	0.0001	0.0059	0.0000	0.0058	0.0153	0.0132	0.0022	0.0037	0.0035	0.0002	0.0116	0.0097	0.0019	0.0424	0.0237	0.0188	0.0138	0.0136	0.0002	0.0287	0.0101	0.0186	0.1020	0.2571	0.0417	0.3257	0.3537	0.0003	0.0519	4.5653	0.0468	0.1809	0.0752	0.3143	0.1316	0.1293	0.3331	0.2045	0.0021	0.3141
80	100	0.0607	6	1	0	1	0	0	0	0	0	N	N	N	N	N	N	N	N	N	N	N	N	0.2240	0.1909	0.6105	0.3509	0.4724	0.0010	0.2139	25.5788	0.7943	0.0098	0.0059	0.0364	0.0311	0.0319	0.0010	0.0061	0.0006	0.0375	0.0439	0.0309	0.0596	0.0885	0.0675	0.9784	0.0283	0.0000	0.0473	0.9142	1.5962	0.0000	0.0002	1.0477	3.6906	6.1154	1.4800	0.0003	0.0002	0.0001	0.0001	0.0001	0.0000	0.0002	0.0000	0.0001	0.0033	0.0013	0.0020	0.0017	0.0013	0.0004	0.0016	0.0000	0.0016	0.0307	0.0267	0.0040	0.0046	0.0045	0.0001	0.0261	0.0222	0.0038	0.0750	0.0410	0.0340	0.0194	0.0188	0.0006	0.0557	0.0223	0.0334	0.2240	0.1909	0.6105	0.3509	0.4724	0.0013	0.2139	25.5788	0.7943	0.0439	0.0309	0.0596	0.0885	0.0675	0.7470	0.0283	0.0000	0.0473
80	101	0.0607	5	1	0	1	0	0	0	0	0	N	N	N	N	N	N	N	N	N	N	N	N	1.0858	0.7867	2.3869	1.1779	1.4468	0.0048	1.1748	2.4559	3.1705	0.1225	0.0831	0.2891	0.1828	0.1871	0.0058	0.0921	0.0125	0.3015	0.1128	0.1057	0.1211	0.1552	0.1293	1.2082	0.0784	0.0051	0.0951	0.8215	0.9843	0.0000	-0.0002	1.0477	0.1361	6.1154	0.4500	0.0003	0.0002	0.0001	0.0001	0.0001	0.0000	0.0001	0.0000	0.0001	0.0038	0.0019	0.0019	0.0023	0.0019	0.0004	0.0015	0.0000	0.0014	0.0023	0.0019	0.0004	0.0008	0.0008	0.0000	0.0016	0.0011	0.0004	0.0336	0.0181	0.0155	0.0151	0.0146	0.0004	0.0185	0.0034	0.0151	1.0858	0.7867	2.3869	1.1779	1.4468	0.0056	1.1748	2.4559	3.1705	0.1128	0.1057	0.1211	0.1552	0.1293	1.0362	0.0784	0.0051	0.0951
80	102	0.0448	4	1	0	1	0	0	0	0	0	N	N	N	N	N	N	N	N	N	N	N	N	0.0048	0.0029	0.0217	0.0002	0.0001	0.0003	0.0057	0.0485	0.0228	0.0039	0.0004	0.0343	0.0001	0.0000	0.0014	0.0054	0.0006	0.0359	0.8079	0.1469	1.5810	0.3460	0.3232	5.4518	0.9503	0.0126	1.5759	8.9493	9.2009	0.0001	0.0333	1.0477	3.5591	6.1154	4.5341	0.0001	0.0000	0.0001	0.0000	0.0000	0.0000	0.0001	0.0000	0.0001	0.0927	0.0091	0.0836	0.0094	0.0086	0.0007	0.0834	0.0004	0.0829	0.0376	0.0338	0.0038	0.0110	0.0108	0.0002	0.0267	0.0230	0.0036	0.1148	0.0619	0.0529	0.0270	0.0268	0.0003	0.0877	0.0351	0.0526	0.0048	0.0029	0.0217	0.0002	0.0001	0.0006	0.0057	0.0485	0.0228	0.8079	0.1469	1.5810	0.3460	0.3232	2.5392	0.9503	0.0126	1.5759
80	104	0.1815	13	1	1	1	0	0	0	0	0	N	N	N	N	N	N	N	N	N	N	N	N	0.3367	0.4598	0.0000	0.5993	0.5784	0.0000	0.0000	0.0000	0.0000	0.0018	0.0020	0.0000	0.0046	0.0047	0.0000	0.0000	0.0000	0.0000	0.0052	0.0044	0.0081	0.0077	0.0082	0.0002	0.0034	0.0002	0.0090	0.0006	0.5545	-0.0000	-0.0000	1.0477	0.0277	6.1154	1.3445	0.0000	0.0000	0.0000	0.0000	0.0000	0.0000	0.0000	0.0000	0.0000	0.0001	0.0001	0.0000	0.0001	0.0001	0.0000	0.0001	0.0000	0.0000	0.0004	0.0003	0.0000	0.0001	0.0001	0.0000	0.0002	0.0002	0.0000	0.0262	0.0202	0.0061	0.0111	0.0105	0.0006	0.0151	0.0097	0.0054	0.3367	0.4598	0.0000	0.5993	0.5784	0.0000	0.0000	0.0000	0.0000	0.0052	0.0044	0.0081	0.0077	0.0082	0.0002	0.0034	0.0002	0.0090
80	105	0.1348	12	1	1	1	0	0	0	0	0	N	N	N	N	N	N	N	N	N	N	N	N	0.0003	0.0005	0.0000	0.0000	0.0000	0.0000	0.0005	0.0068	0.0000	0.0000	0.0000	0.0000	0.0000	0.0000	0.0000	0.0000	0.0000	0.0000	0.0537	0.0371	0.0797	0.0908	0.0975	0.0002	0.0424	0.0036	0.0831	0.0000	1.3755	-0.0000	0.0003	1.0477	5.1414	6.1154	16.4151	0.0000	0.0000	0.0000	0.0000	0.0000	0.0000	0.0000	0.0000	0.0000	0.0096	0.0041	0.0056	0.0038	0.0038	0.0000	0.0058	0.0003	0.0056	0.0436	0.0386	0.0051	0.0111	0.0107	0.0004	0.0325	0.0279	0.0047	0.1795	0.1095	0.0700	0.0419	0.0391	0.0029	0.1376	0.0705	0.0672	0.0003	0.0005	0.0000	0.0000	0.0000	0.0000	0.0005	0.0068	0.0000	0.0537	0.0371	0.0797	0.0908	0.0975	0.0002	0.0424	0.0036	0.0831
80	106	0.1266	11	1	0	1	0	0	0	0	0	N	N	N	N	N	N	N	N	N	N	N	N	0.0000	0.0000	0.0000	0.0000	0.0000	0.0000	0.0000	0.0000	0.0000	0.0000	0.0000	0.0000	0.0000	0.0000	0.0000	0.0000	0.0000	0.0000	0.3663	0.1389	0.7407	0.3086	0.3113	0.2504	0.3898	0.0007	0.7582	3.2380	0.0000	0.0055	1.0477	3.8974	6.1154	1.6364	0.0000	0.0000	0.0000	0.0000	0.0000	0.0000	0.0000	0.0000	0.0000	0.0248	0.0058	0.0189	0.0060	0.0058	0.0002	0.0187	0.0000	0.0187	0.0332	0.0292	0.0040	0.0073	0.0070	0.0003	0.0259	0.0222	0.0037	0.0676	0.0421	0.0256	0.0196	0.0187	0.0009	0.0480	0.0234	0.0247	0.0000	0.0000	0.0000	0.0000	0.0000	0.0000	0.0000	0.0000	0.0000	0.3663	0.1389	0.7407	0.3086	0.3113	0.2504	0.3898	0.0007	0.7582	
80	107	0.1056	10	1	0	1	0	0	0	0	0	N	N	N	N	N	N	N	N	N	N	N	N	0.0000	0.0005	0.0000	0.0005	0.0005	0.0000	0.0000	0.0000	0.0000	0.0000	0.0000	0.0000	0.0001	0.0001	0.0000	0.0000	0.0000	0.0000	6.6959	0.0516	18.6030	0.1101	0.1122	0.0509	9.1759	0.0015	16.4157	0.0006	221.1270	-0.0000	0.3581	1.0477	0.3701	6.1154	9.6236	0.0000	0.0000	0.0000	0.0000	0.0000	0.0000	0.0000	0.0000	0.0000	0.7914	0.0036	0.7878	0.0036	0.0035	0.0001	0.7878	0.0001	0.7878	0.0078	0.0070	0.0007	0.0030	0.0030	0.0000	0.0048	0.0041	0.0007	0.1182	0.0691	0.0491	0.0323	0.0312	0.0011	0.0859	0.0379	0.0480	0.0000	0.0005	0.0000	0.0005	0.0005	0.0000	0.0000	0.0000	0.0000	6.6959	0.0516	16.0529	0.1101	0.1122	0.0509	9.1759	0.0015	16.4157
80	108	0.0951	9	1	0	1	0	0	0	0	0	N	N	N	N	N	N	N	N	N	N	N	N	0.0000	0.0051	0.0000	0.0000	0.0000	0.0000	0.0000	0.0833	0.0000	0.0000	0.0000	0.0000	0.0000	0.0000	0.0000	0.0000	0.0000	0.0000	2.9514	0.0044	6.9725	0.0146	0.0124	0.0640	3.6766	0.0004	7.1146	0.0000	1168.3976	-0.0000	0.0699	1.0477	0.4415	6.1154	4.8853	0.0000	0.0000	0.0000	0.0000	0.0000	0.0000	0.0000	0.0000	0.0000	0.1531	0.0001	0.1530	0.0002	0.0001	0.0000	0.1530	0.0000	0.1530	0.0084	0.0076	0.0008	0.0031	0.0031	0.0000	0.0053	0.0045	0.0008	0.0519	0.0299	0.0219	0.0103	0.0098	0.0004	0.0416	0.0201	0.0215	0.0000	0.0051	0.0000	0.0000	0.0000	0.0000	0.0000	0.0833	0.0000	2.9514	0.0044	6.9725	0.0146	0.0124	0.0640	3.6766	0.0004	7.1146
80	109	0.1175	8	2	1	1	1	0	0	0	0	Y	N	N	N	N	N	N	N	N	N	N	N	0.0000	0.0000	0.0000	0.0000	0.0000	0.0000	0.0000	0.0000	0.0000	0.0000	0.0000	0.0000	0.0000	0.0000	0.0000	0.0000	0.0000	0.0000	0.0000	0.0000	1.0477	0.0000	6.1154	0.0000	0.0000	0.0000	0.0000	0.0000	0.0000	0.0000	0.0000	0.0000	0.0000	0.0000	0.0000	0.0000	0.0000	0.0000	0.0000	0.0000	0.0000	0.0000	0.0000	0.0000	0.0000	0.0000	0.0000	0.0000	0.0000	0.0000	0.0000	0.0000	0.0000	0.0000	0.0000	0.0000	0.0000	0.0000	0.0000	0.0000	0.0000	0.0000	0.0000	0.0000	0.0000	0.0000	0.0000	0.0000	0.0000	0.0000	0.0000	0.0000	0.0000	0.0000	0.0000	0.0000	0.0000	0.0000											
80	110	0.1025	7	2	1	1	1	0	0	0	0	Y	N	N	N	N	N	N	N	N	N	N	N	0.0000	0.0000	0.0000	0.0000	0.0000	0.0000	0.0000	0.0000	0.0000	0.0000	0.0000	0.0000	0.0000	0.0000	0.0000	0.0455	0.0000	0.1085	0.1563	0.0000	2.6008	0.0189	0.0000	0.0380	inf	0.0000	0.0014	1.0477	0.0000	6.1154	7.1240	0.0000	0.0000	0.0000	0.0000	0.0000	0.0000	0.0000	0.0000	0.0000	0.0031	0.0000	0.0031	0.0020	0.0000	0.0020	0.0010	0.0000	0.0010	0.0000	0.0000	0.0000	0.0000	0.0000	0.0000	0.0000	0.0000	0.0000	0.0676	0.0392	0.0284	0.0131	0.0119	0.0012	0.0545	0.0274	0.0271	0.0000	0.0000	0.0000	0.0000	0.0000	0.0000	0.0000	0.0000	0.0000	0.0455	0.0000	0.1085	0.1563	0.0000	1.6505	0.0189	0.0000	0.0380				
80	111	0.1115	9	1	1	1	1	0	0	0	0	N	N	N	N	N	N	N	N	N	N	N	N	0.0000	0.0000	0.0000	0.0000	0.0000	0.0000	0.0000	0.0000	0.0000	0.0000	0.0000	0.0000	0.0000	0.0000	0.0000	0.0000	0.0000	0.0000	0.0000	0.0000	0.0000	0.0000	0.0000	0.0000	0.0000	0.0000	1.5430	0.0000	0.0000	1.0477	0.0016	6.1154	5.0076	0.0000	0.0000	0.0000	0.0000	0.0000	0.0000	0.0000	0.0000	0.0000	0.0000	0.0000	0.0000	0.0000	0.0000	0.0000	0.0000	0.0000	0.0000	0.0000	0.0000	0.0000	0.0000	0.0000	0.0000	0.0000	0.0000	0.0000	0.0463	0.0271	0.0192	0.0102	0.0088	0.0015	0.0361	0.0184	0.0177	0.0000	0.0000	0.0000	0.0000	0.0000	0.0000	0.0000	0.0000	0.0000	0.0000	0.0000	0.0000	0.0000	0.0000	0.0000	0.0000	0.0000	0.0000		
80	112	0.1047	8	1	1	1	1	0	0	0	0	N	N	N	N	N	N	N	N	N	N	N	N	0.0000	0.0000	0.0000	0.0000	0.0000	0.0000	0.0000	0.0000	0.0000	0.0000	0.0000	0.0000	0.0000	0.0000	0.0000	0.0000	0.0000	0.0000	0.0000	0.0001	0.0000	0.0000	0.0000	0.0001	0.0000	0.0001	8.3750	0.0000	0.0000	1.0477	1.0012	6.1154	2.1373	0.0000	0.0000	0.0000	0.0000	0.0000	0.0000	0.0000	0.0000	0.0000	0.0000	0.0000	0.0000	0.0000	0.0000	0.0000	0.0000	0.0000	0.0000	0.0081	0.0071	0.0010	0.0018	0.0018	0.0001	0.0063	0.0054	0.0009	0.0326	0.0191	0.0135	0.0076	0.0069	0.0008	0.0250	0.0123	0.0128	0.0000	0.0000	0.0000	0.0000	0.0000	0.0000	0.0000	0.0000	0.0000	0.0000	0.0000	0.0001	0.0000	0.0000	0.0000	0.0001	0.0000	0.0001		
80	113	0.1130	8	1	1	1	0	0	0	0	0	N	N	N	N	N	N	N	N	N	N	N	N	0.0000	0.0000	0.0000	0.0000	0.0000	0.0000	0.0000	0.0000	0.0000	0.0000	0.0000	0.0000	0.0000	0.0000	0.0000	0.0000	0.0000	0.0000	0.0018	0.0031	0.0000	0.0089	0.0098	0.0000	0.0000	0.0000	0.0000	0.0025	0.0000	-0.0001	1.0477	0.9705	6.1154	5.0371	0.0000	0.0000	0.0000	0.0000	0.0000	0.0000	0.0000	0.0000	0.0000	0.0001	0.0001	0.0000	0.0001	0.0001	0.0000	0.0000	0.0000	0.0000	0.0091	0.0081	0.0010	0.0026	0.0025	0.0001	0.0065	0.0056	0.0009	0.0540	0.0318	0.0222	0.0112	0.0101	0.0011	0.0428	0.0217	0.0211	0.0000	0.0000	0.0000	0.0000	0.0000	0.0000	0.0000	0.0000	0.0000	0.0018	0.0031	0.0000	0.0089	0.0098	0.0000	0.0000	0.0000	0.0000	
80	114	0.1047	8	1	0	2	1	0	0	0	0	N	N	Y	N	N	N	N	N	N	N	N	N	0.0000	0.0000	0.0000	0.0000	0.0000	0.0000	0.0000	0.0000	0.0000	0.0000	0.0000	0.0000	0.0000	0.0000	0.0000	0.0000	0.0544	0.0916	0.0002	0.1938	0.2079	0.0000	0.0001	0.0000	0.0002	0.0017	0.0000	-0.0004	1.0477	0.0000	6.1154	1.1303	0.0000	0.0000	0.0000	0.0000	0.0000	0.0000	0.0000	0.0000	0.0000	0.0008	0.0008	0.0000	0.0008	0.0008	0.0000	0.0000	0.0000	0.0000	0.0000	0.0000	0.0000	0.0000	0.0000	0.0000	0.0000	0.0000	0.0000	0.0144	0.0085	0.0058	0.0040	0.0038	0.0003	0.0103	0.0048	0.0056	0.0000	0.0000	0.0000	0.0000	0.0000	0.0000	0.0000	0.0000	0.0000	0.0544	0.0916	0.0002	0.1938	0.2079	0.0000	0.0001	0.0000	0.0002			
80	115	0.1025	7	1	0	1	1	0	0	0	0	N	N	N	N	N	N	N	N	N	N	N	N	0.0000	0.0000	0.0000	0.0000	0.0000	0.0000	0.0000	0.0000	0.0000	0.0000	0.0000	0.0000	0.0000	0.0000	0.0000	0.0000	0.0000	0.0009	0.0013	0.0002	0.0030	0.0031	0.0000	0.0001	0.0000	0.0002	0.0935	0.0000	-0.0000	1.0477	0.0000	6.1154	1.2340	0.0000	0.0000	0.0000	0.0000	0.0000	0.0000	0.0000	0.0000	0.0000	0.0000	0.0000	0.0000	0.0000	0.0000	0.0000	0.0000	0.0000	0.0000	0.0000	0.0000	0.0000	0.0000	0.0000	0.0000	0.0000	0.0000	0.0000	0.0155	0.0092	0.0063	0.0041	0.0039	0.0002	0.0114	0.0053	0.0061	0.0000	0.0000	0.0000	0.0000	0.0000	0.0000	0.0000	0.0000	0.0000	0.0009	0.0013	0.0002	0.0030	0.0031	0.0000	0.0001	0.0000	0.0002		
80	116	0.1101	8	1	0	2	1	0	0	0	0	N	N	Y	N	N	N	N	N	N	N	N	N	0.0000	0.0000	0.0000	0.0000	0.0000	0.0000	0.0000	0.0000	0.0000	0.0000	0.0000	0.0000	0.0000	0.0000	0.0000	0.0000	0.0000	0.0000	0.0396	0.0656	0.0004	0.1866	0.2072	0.0001	0.0002	0.0000	0.0005	0.0044	0.0000	-0.0004	1.0477	0.9725	6.1154	0.9874	0.0000	0.0000	0.0000	0.0000	0.0000	0.0000	0.0000	0.0000	0.0000	0.0007	0.0007	0.0000	0.0007	0.0007	0.0000	0.0000	0.0000	0.0000	0.0086	0.0077	0.0010	0.0023	0.0022	0.0001	0.0063	0.0055	0.0009	0.0189	0.0114	0.0076	0.0040	0.0036	0.0004	0.0149	0.0078	0.0072	0.0000	0.0000	0.0000	0.0000	0.0000	0.0000	0.0000	0.0000	0.0000	0.0396	0.0656	0.0004	0.1866	0.2072	0.0001	0.0002	0.0000	0.0005	
80	117	0.1101	8	1	0	2	1	0	0	0	0	N	N	Y	N	N	N	N	N	N	N	N	N	0.0000	0.0000	0.0000	0.0000	0.0000	0.0000	0.0000	0.0000	0.0000	0.0000	0.0000	0.0000	0.0000	0.0000	0.0000	0.0000	0.0000	0.0000	16.6268	0.1221	83.0770	0.3630	0.4004	0.0537	20.7398	0.0006	83.7287	228.7230	0.0000	0.2824	1.0477	0.0285	6.1154	4.0215	0.0000	0.0000	0.0000	0.0000	0.0000	0.0000	0.0000	0.0000	0.0000	0.6238	0.0027	0.6211	0.0027	0.0027	0.0000	0.6211	0.0000	0.6211	0.0008	0.0008	0.0001	0.0004	0.0004	0.0000	0.0005	0.0004	0.0001	0.0375	0.0222	0.0153	0.0076	0.0068	0.0008	0.0299	0.0155	0.0145	0.0000	0.0000	0.0000	0.0000	0.0000	0.0000	0.0000	0.0000	0.0000	16.6268	0.1221	40.6685	0.3630	0.4004	0.0537	20.7398	0.0006	42.9586	
80	118	0.1025	7	1	0	2	1	0	0	0	0	N	N	Y	N	N	N	N	N	N	N	N	N	0.0000	0.0000	0.0000	0.0000	0.0000	0.0000	0.0000	0.0000	0.0000	0.0000	0.0000	0.0000	0.0000	0.0000	0.0000	0.0000	0.0000	0.0000	0.0148	0.0002	0.0352	0.0004	0.0005	0.0001	0.0184	0.0000	0.0368	162.5783	0.0000	0.0003	1.0477	3.0275	6.1154	2.1573	0.0000	0.0000	0.0000	0.0000	0.0000	0.0000	0.0000	0.0000	0.0000	0.0008	0.0000	0.0007	0.0000	0.0000	0.0000	0.0007	0.0000	0.0007	0.0242	0.0214	0.0028	0.0055	0.0052	0.0002	0.0188	0.0161	0.0026	0.0508	0.0295	0.0212	0.0102	0.0093	0.0009	0.0406	0.0202	0.0203	0.0000	0.0000	0.0000	0.0000	0.0000	0.0000	0.0000	0.0000	0.0000	0.0148	0.0002	0.0352	0.0004	0.0005	0.0001	0.0184	0.0000	0.0368	
80	119	0.1438	7	2	1	1	0	0	0	0	0	Y	N	N	N	N	N	N	N	N	N	N	N	0.0000	0.0000	0.0000	0.0000	0.0000	0.0000	0.0000	0.0000	0.0000	0.0000	0.0000	0.0000	0.0000	0.0000	0.0000	0.0000	0.0000	0.0000	0.0496	0.0799	0.0010	0.1795	0.1880	0.0001	0.0005	0.0000	0.0010	0.0076	0.0000	-0.0015	1.0477	2.1883	6.1154	3.1271	0.0000	0.0000	0.0000	0.0000	0.0000	0.0000	0.0000	0.0000	0.0000	0.0028	0.0027	0.0000	0.0027	0.0027	0.0000	0.0000	0.0000	0.0000	0.0211	0.0189	0.0022	0.0057	0.0055	0.0002	0.0155	0.0134	0.0020	0.0555	0.0342	0.0213	0.0152	0.0145	0.0007	0.0403	0.0197	0.0206	0.0000	0.0000	0.0000	0.0000	0.0000	0.0000	0.0000	0.0000	0.0000	0.0496	0.0799	0.0010	0.1795	0.1880	0.0001	0.0005	0.0000	0.0010	
80	120	0.0768	6	2	1	1	0	0	0	0	0	Y	N	N	N	N	N	N	N	N	N	N	N	0.0000	0.0000	0.0000	0.0000	0.0000	0.0000	0.0000	0.0000	0.0000	0.0000	0.0000	0.0000	0.0000	0.0000	0.0000	0.0000	0.0000	0.0000	0.0036	0.0014	0.0066	0.0065	0.0058	0.0197	0.0032	0.0000	0.0064	3.5915	0.0000	0.0002	1.0477	13.6104	6.1154	16.0982	0.0000	0.0000	0.0000	0.0000	0.0000	0.0000	0.0000	0.0000	0.0000	0.0009	0.0002	0.0007	0.0002	0.0002	0.0000	0.0007	0.0000	0.0007	0.1101	0.0973	0.0129	0.0230	0.0223	0.0007	0.0871	0.0750	0.0121	0.2530	0.1431	0.1099	0.0358	0.0341	0.0017	0.2173	0.1090	0.1082	0.0000	0.0000	0.0000	0.0000	0.0000	0.0000	0.0000	0.0000	0.0000	0.0036	0.0014	0.0066	0.0065	0.0058	0.0197	0.0032	0.0000	0.0064	
80	121	0.0814	6	1	1	1	0	0	0	0	0	N	N	N	N	N	N	N	N	N	N	N	N	0.0000	0.0000	0.0000	0.0000	0.0000	0.0000	0.0000	0.0000	0.0000	0.0000	0.0000	0.0000	0.0000	0.0000	0.0000	0.0000	0.0000	0.0000	9.3441	0.0265	50.7933	0.0475	0.0493	0.0042	14.4422	0.0017	45.8600	539.2126	0.0000	0.4252	1.0477	0.3548	6.1154	4.6068	0.0000	0.0000	0.0000	0.0000	0.0000	0.0000	0.0000	0.0000	0.0000	0.9341	0.0017	0.9323	0.0017	0.0017	0.0000	0.9324	0.0001	0.9323	0.0092	0.0083	0.0009	0.0038	0.0038	0.0000	0.0054	0.0045	0.0008	0.1000	0.0653	0.0347	0.0354	0.0340	0.0014	0.0646	0.0313	0.0333	0.0000	0.0000	0.0000	0.0000	0.0000	0.0000	0.0000	0.0000	0.0000	9.3441	0.0265	26.8803	0.0475	0.0493	0.0042	14.4422	0.0017	27.9937	
80	122	0.0665	5	1	1	1	0	0	0	0	0	N	N	N	N	N	N	N	N	N	N	N	N	0.0000	0.0000	0.0000	0.0000	0.0000	0.0000	0.0000	0.0000	0.0000	0.0000	0.0000	0.0000	0.0000	0.0000	0.0000	0.0000	0.0000	0.0000	0.7233	0.1512	1.4634	0.4947	0.5134	0.0092	0.7678	0.0118	1.4839	0.0000	7.4788	-0.0000	0.0184	1.0477	1.6911	6.1154	5.7022	0.0000	0.0000	0.0000	0.0000	0.0000	0.0000	0.0000	0.0000	0.0000	0.0541	0.0064	0.0477	0.0060	0.0060	0.0000	0.0481	0.0004	0.0477	0.0188	0.0167	0.0021	0.0052	0.0051	0.0001	0.0137	0.0116	0.0020	0.0748	0.0422	0.0326	0.0122	0.0117	0.0005	0.0626	0.0305	0.0322	0.0000	0.0000	0.0000	0.0000	0.0000	0.0000	0.0000	0.0000	0.0000	0.7233	0.1512	1.4634	0.4947	0.5134	0.0092	0.7678	0.0118	1.4839
80	124	0.1176	9	2	1	1	0	0	0	0	0	Y	N	N	N	N	N	N	N	N	N	N	N	0.0000	0.0000	0.0000	0.0000	0.0000	0.0000	0.0000	0.0000	0.0000	0.0000	0.0000	0.0000	0.0000	0.0000	0.0000	0.0000	0.0000	0.0000	0.0000	0.0000	1.0477	0.0000	6.1154	0.0000	0.0000	0.0000	0.0000	0.0000	0.0000	0.0000	0.0000	0.0000	0.0000	0.0000	0.0000	0.0000	0.0000	0.0000	0.0000	0.0000	0.0000	0.0000	0.0000	0.0000	0.0000	0.0000	0.0000	0.0000	0.0000	0.0000	0.0000	0.0000	0.0000	0.0000	0.0000	0.0000	0.0000	0.0000	0.0000	0.0000	0.0000	0.0000	0.0000	0.0000	0.0000	0.0000	0.0000	0.0000	0.0000	0.0000	0.0000	0.0000	0.0000	0.0000	0.0000	0.0000	0.0000	0.0000											
80	125	0.1130	8	2	1	1	0	0	0	0	0	Y	N	N	N	N	N	N	N	N	N	N	N	0.0000	0.0000	0.0000	0.0000	0.0000	0.0000	0.0000	0.0000	0.0000	0.0000	0.0000	0.0000	0.0000	0.0000	0.0000	0.0000	0.0000	0.0000	0.1436	0.0003	0.3597	0.0422	0.0008	0.7492	0.1744	0.0000	0.3523	832.9036	0.0000	0.0014	1.0477	0.1434	6.1154	1.9839	0.0000	0.0000	0.0000	0.0000	0.0000	0.0000	0.0000	0.0000	0.0000	0.0030	0.0000	0.0030	0.0002	0.0000	0.0002	0.0028	0.0000	0.0028	0.0024	0.0022	0.0002	0.0010	0.0010	0.0000	0.0014	0.0012	0.0002	0.0212	0.0128	0.0085	0.0049	0.0045	0.0004	0.0163	0.0082	0.0081	0.0000	0.0000	0.0000	0.0000	0.0000	0.0000	0.0000	0.0000	0.0000	0.1436	0.0003	0.3597	0.0422	0.0008	0.5093	0.1744	0.0000	0.3523	
80	126	0.1025	7	1	1	1	0	0	0	0	0	N	N	N	N	N	N	N	N	N	N	N	N	0.0000	0.0000	0.0000	0.0000	0.0000	0.0000	0.0000	0.0000	0.0000	0.0000	0.0000	0.0000	0.0000	0.0000	0.0000	0.0000	0.0000	0.0000	0.0021	0.0004	0.0045	0.0016	0.0011	0.0067	0.0022	0.0000	0.0044	8.3990	0.0000	0.0000	1.0477	1.8882	6.1154	2.9115	0.0000	0.0000	0.0000	0.0000	0.0000	0.0000	0.0000	0.0000	0.0000	0.0001	0.0000	0.0001	0.0000	0.0000	0.0000	0.0001	0.0000	0.0001	0.0152	0.0134	0.0018	0.0034	0.0033	0.0001	0.0118	0.0101	0.0017	0.0474	0.0276	0.0198	0.0096	0.0088	0.0008	0.0378	0.0188	0.0190	0.0000	0.0000	0.0000	0.0000	0.0000	0.0000	0.0000	0.0000	0.0000	0.0021	0.0004	0.0045	0.0016	0.0011	0.0067	0.0022	0.0000	0.0044	
80	127	0.0768	6	1	0	1	0	0	0	0	0	N	N	N	N	N	N	N	N	N	N	N	N	0.0000	0.0000	0.0000	0.0000	0.0000	0.0000	0.0000	0.0000	0.0000	0.0000	0.0000	0.0000	0.0000	0.0000	0.0000	0.0000	0.0000	0.0000	0.0287	0.0472	0.0047	0.1807	0.1887	0.0007	0.0024	0.0000	0.0047	0.0757	0.0000	-0.0016	1.0477	3.5543	6.1154	9.0319	0.0000	0.0000	0.0000	0.0000	0.0000	0.0000	0.0000	0.0000	0.0000	0.0034	0.0031	0.0002	0.0031	0.0031	0.0000	0.0002	0.0000	0.0002	0.0352	0.0313	0.0039	0.0089	0.0087	0.0002	0.0263	0.0226	0.0037	0.1173	0.0664	0.0509	0.0173	0.0166	0.0007	0.0999	0.0498	0.0501	0.0000	0.0000	0.0000	0.0000	0.0000	0.0000	0.0000	0.0000	0.0000	0.0287	0.0472	0.0047	0.1807	0.1887	0.0007	0.0024	0.0000	0.0047	
81	84	0.1169	11	0	1	0	0	0	0	0	0	N	N	N	N	N	N	N	N	N	N	N	N	6.2769	55.0137	0.0000	98.6764	95.2233	0.0000	2.8512	62.2411	0.0000	0.1233	0.1414	0.0000	0.4655	0.4963	0.0000	0.0679	0.0788	0.0000	0.0196	0.0026	0.0450	0.0047	0.0052	0.0001	0.0238	0.0013	0.0475	0.0000	11.7953	-0.0048	0.0009	1.9794	7.1084	1.0196	28.8937	0.0125	0.0125	0.0000	0.0066	0.0066	0.0000	0.0059	0.0059	0.0000	0.0025	0.0002	0.0023	0.0001	0.0001	0.0000	0.0024	0.0001	0.0023	0.1014	0.0884	0.0130	0.0141	0.0132	0.0009	0.0873	0.0752	0.0121	0.1273	0.0760	0.0513	0.0278	0.0251	0.0027	0.0995	0.0509	0.0486	6.2769	55.0137	0.0000	98.6764	95.2233	0.0000	2.8512	62.2411	0.0000	0.0196	0.0026	0.0450	0.0047	0.0052	0.0001	0.0238	0.0013	0.0475
81	85	0.1094	10	0	1	0	0	0	0	0	0	N	N	N	N	N	N	N	N	N	N	N	N	0.0079	0.0060	0.0167	0.0222	0.0212	0.4689	0.0043	0.0028	0.0023	0.0002	0.0002	0.0001	0.0004	0.0004	0.0004	0.0001	0.0002	0.0000	0.0280	0.0392	0.0054	0.0162	0.0168	0.0009	0.0337	0.0592	0.0055	0.0478	0.0680	-0.0000	-0.0005	1.9794	2.2208	1.0196	3.9129	0.0000	0.0000	0.0000	0.0000	0.0000	0.0000	0.0000	0.0000	0.0000	0.0011	0.0010	0.0001	0.0002	0.0002	0.0000	0.0009	0.0008	0.0001	0.0518	0.0460	0.0058	0.0178	0.0167	0.0011	0.0340	0.0293	0.0047	0.0401	0.0267	0.0133	0.0131	0.0126	0.0005	0.0269	0.0141	0.0128	0.0079	0.0060	0.0167	0.0222	0.0212	0.4689	0.0043	0.0028	0.0023	0.0280	0.0392	0.0054	0.0162	0.0168	0.0009	0.0337	0.0592	0.0055
81	86	0.1849	12	0	0	1	0	0	0	0	0	N	N	N	N	N	N	N	N	N	N	N	N	0.0000	0.0000	0.0010	0.0000	0.0000	0.0000	0.0001	0.0000	0.0012	0.0000	0.0000	0.0000	0.0000	0.0000	0.0000	0.0000	0.0000	0.0000	0.0024	0.0038	0.0001	0.0084	0.0094	0.0002	0.0003	0.0005	0.0001	inf	0.0193	0.0000	-0.0001	1.9794	5.3425	1.0196	7.0749	0.0000	0.0000	0.0000	0.0000	0.0000	0.0000	0.0000	0.0000	0.0000	0.0001	0.0001	0.0000	0.0001	0.0001	0.0000	0.0000	0.0000	0.0000	0.0839	0.0735	0.0103	0.0121	0.0115	0.0006	0.0718	0.0620	0.0097	0.0464	0.0279	0.0185	0.0116	0.0104	0.0012	0.0347	0.0174	0.0173	0.0000	0.0000	0.0010	0.0000	0.0000	0.0000	0.0001	0.0000	0.0012	0.0024	0.0038	0.0001	0.0084	0.0094	0.0002	0.0003	0.0005	0.0001
81	87	0.1417	11	0	0	0	0	0	0	0	0	N	N	N	N	N	N	N	N	N	N	N	N	0.0340	0.0175	0.4017	0.0291	0.0288	0.0037	0.0986	0.0000	0.4632	0.0005	0.0004	0.0013	0.0012	0.0013	0.0000	0.0002	0.0000	0.0016	0.0139	0.0203	0.0033	0.0422	0.0460	0.0020	0.0022	0.0009	0.0034	0.5062	0.0988	-0.0000	-0.0006	1.9794	7.0719	1.0196	13.7350	0.0001	0.0000	0.0000	0.0000	0.0000	0.0000	0.0000	0.0000	0.0000	0.0013	0.0012	0.0001	0.0012	0.0012	0.0000	0.0001	0.0000	0.0001	0.1254	0.1104	0.0150	0.0321	0.0297	0.0024	0.0933	0.0807	0.0126	0.0953	0.0592	0.0360	0.0280	0.0255	0.0024	0.0673	0.0337	0.0336	0.0340	0.0175	0.4017	0.0291	0.0288	0.0037	0.0986	0.0000	0.4632	0.0139	0.0203	0.0033	0.0422	0.0460	0.0020	0.0022	0.0009	0.0034
81	88	0.0843	9	1	0	1	0	0	0	0	0	N	N	N	N	N	N	N	N	N	N	N	N	0.0000	0.0000	0.0000	0.0000	0.0000	0.0000	0.0000	0.0000	0.0000	0.0000	0.0000	0.0000	0.0000	0.0000	0.0000	0.0000	0.0000	0.0000	0.0000	0.0000	1.9794	0.0000	1.0196	0.0000	0.0000	0.0000	0.0000	0.0000	0.0000	0.0000	0.0000	0.0000	0.0000	0.0000	0.0000	0.0000	0.0000	0.0000	0.0000	0.0000	0.0000	0.0000	0.0000	0.0000	0.0000	0.0000	0.0000	0.0000	0.0000	0.0000	0.0000	0.0000	0.0000	0.0000	0.0000	0.0000	0.0000	0.0000	0.0000	0.0000	0.0000	0.0000	0.0000	0.0000	0.0000	0.0000	0.0000	0.0000	0.0000	0.0000	0.0000	0.0000	0.0000	0.0000	0.0000	0.0000	0.0000	0.0000											
81	89	0.0824	8	1	0	1	0	0	0	0	0	N	N	N	N	N	N	N	N	N	N	N	N	0.0080	0.0087	0.0254	0.0191	0.0190	0.0000	0.0081	0.0000	0.0259	0.0042	0.0008	0.0344	0.0019	0.0019	0.0000	0.0056	0.0000	0.0357	0.5175	0.0925	1.3560	0.0988	0.1003	0.0158	0.6887	0.0865	1.3777	4.7521	7.4346	0.0000	0.0010	1.9794	0.0001	1.0196	0.9161	0.0000	0.0000	0.0000	0.0000	0.0000	0.0000	0.0000	0.0000	0.0000	0.0030	0.0004	0.0026	0.0002	0.0002	0.0000	0.0028	0.0002	0.0026	0.0000	0.0000	0.0000	0.0000	0.0000	0.0000	0.0000	0.0000	0.0000	0.0058	0.0038	0.0019	0.0017	0.0016	0.0000	0.0041	0.0022	0.0019	0.0080	0.0087	0.0254	0.0191	0.0190	0.0000	0.0081	0.0000	0.0259	0.5175	0.0925	1.3560	0.0988	0.1003	0.0158	0.6887	0.0865	1.3777
81	90	0.0576	7	1	0	1	0	0	0	0	0	N	N	N	N	N	N	N	N	N	N	N	N	0.0069	0.0042	0.1644	0.0068	0.0073	0.0030	0.0462	0.0000	0.1738	0.1410	0.1499	0.0796	0.8741	0.9276	0.0000	0.0118	0.0000	0.0854	20.3017	35.8890	0.4840	127.6817	127.3120	0.0033	0.2565	0.0030	0.4914	0.0769	0.0106	-0.0025	-0.4832	1.9794	3.7876	1.0196	7.8440	0.0080	0.0074	0.0006	0.0074	0.0074	0.0000	0.0006	0.0000	0.0006	0.9075	0.8980	0.0095	0.8979	0.8979	0.0000	0.0096	0.0001	0.0095	0.0565	0.0493	0.0072	0.0085	0.0080	0.0005	0.0480	0.0414	0.0067	0.0447	0.0250	0.0197	0.0074	0.0071	0.0003	0.0373	0.0180	0.0194	0.0069	0.0042	0.1644	0.0072	0.0073	0.0030	0.0462	0.0000	0.1738	20.3017	35.8890	0.4840	122.1053	127.3120	0.0033	0.2565	0.0030	0.4914
81	91	0.0900	9	0	1	0	1	0	0	0	0	N	N	N	N	N	N	N	N	N	N	N	N	0.0030	0.0021	0.0000	0.0043	0.0042	0.0000	0.0000	0.0000	0.0000	0.0003	0.0003	0.0000	0.0012	0.0013	0.0000	0.0000	0.0000	0.0000	0.0954	0.1524	0.0206	0.2822	0.2981	0.0018	0.0563	0.0934	0.0211	0.0000	0.1033	-0.0000	-0.0028	1.9794	1.8247	1.0196	16.3284	0.0000	0.0000	0.0000	0.0000	0.0000	0.0000	0.0000	0.0000	0.0000	0.0063	0.0057	0.0006	0.0032	0.0032	0.0000	0.0031	0.0025	0.0006	0.0344	0.0304	0.0040	0.0080	0.0078	0.0002	0.0264	0.0227	0.0038	0.0660	0.0375	0.0286	0.0114	0.0108	0.0006	0.0546	0.0267	0.0280	0.0030	0.0021	0.0000	0.0043	0.0042	0.0000	0.0000	0.0000	0.0000	0.0954	0.1524	0.0206	0.2822	0.2981	0.0018	0.0563	0.0934	0.0211
81	92	0.0795	8	0	1	0	0	0	0	0	0	N	N	N	N	N	N	N	N	N	N	N	N	0.0743	0.0000	0.3135	0.0000	0.0000	0.0000	0.0804	0.0000	0.3282	0.0148	0.0000	0.1184	0.0000	0.0000	0.0000	0.0177	0.0000	0.1260	0.1996	0.0511	0.3778	0.0124	0.0118	0.0195	0.2200	0.0589	0.3838	inf	6.1659	0.0012	0.0049	1.9794	9.1310	1.0196	16.1726	0.0020	0.0000	0.0020	0.0000	0.0000	0.0000	0.0020	0.0000	0.0020	0.0156	0.0022	0.0134	0.0001	0.0001	0.0000	0.0155	0.0021	0.0134	0.1322	0.1157	0.0166	0.0215	0.0205	0.0010	0.1108	0.0952	0.0156	0.0779	0.0425	0.0354	0.0077	0.0071	0.0006	0.0703	0.0354	0.0348	0.0743	0.0000	0.3135	0.0000	0.0000	0.0000	0.0804	0.0000	0.3282	0.1996	0.0511	0.3778	0.0124	0.0118	0.0195	0.2200	0.0589	0.3838
81	93	0.1645	14	0	1	0	0	0	0	0	0	N	N	N	N	N	N	N	N	N	N	N	N	0.0000	0.0000	0.0000	0.0000	0.0000	0.0000	0.0000	0.0000	0.0000	0.0000	0.0000	0.0000	0.0000	0.0000	0.0000	0.0000	0.0000	0.0000	0.0175	0.0247	0.0060	0.0509	0.0569	0.0000	0.0033	0.0001	0.0065	0.1529	0.0000	-0.0004	1.9794	4.0959	1.0196	8.7137	0.0000	0.0000	0.0000	0.0000	0.0000	0.0000	0.0000	0.0000	0.0000	0.0009	0.0008	0.0001	0.0008	0.0008	0.0000	0.0001	0.0000	0.0001	0.0609	0.0530	0.0079	0.0093	0.0090	0.0004	0.0515	0.0440	0.0075	0.0540	0.0331	0.0209	0.0160	0.0143	0.0017	0.0379	0.0188	0.0192	0.0000	0.0000	0.0000	0.0000	0.0000	0.0000	0.0000	0.0000	0.0000	0.0175	0.0247	0.0060	0.0509	0.0569	0.0000	0.0033	0.0001	0.0065	
81	94	0.1462	13	0	1	0	0	0	0	0	0	N	N	N	N	N	N	N	N	N	N	N	N	0.0000	0.0000	0.0000	0.0000	0.0000	0.0000	0.0000	0.0000	0.0000	0.0000	0.0000	0.0000	0.0000	0.0000	0.0000	0.0000	0.0000	0.0000	0.3740	0.6073	0.0115	1.3847	1.5095	0.0405	0.0181	0.0264	0.0097	0.0122	0.0000	-0.0067	1.9794	2.9443	1.0196	6.1524	0.0000	0.0000	0.0000	0.0000	0.0000	0.0000	0.0000	0.0000	0.0000	0.0127	0.0125	0.0002	0.0122	0.0122	0.0000	0.0005	0.0003	0.0001	0.0463	0.0402	0.0061	0.0091	0.0088	0.0003	0.0371	0.0314	0.0058	0.0339	0.0206	0.0133	0.0088	0.0081	0.0008	0.0251	0.0125	0.0125	0.0000	0.0000	0.0000	0.0000	0.0000	0.0000	0.0000	0.0000	0.0000	0.3740	0.6073	0.0115	1.3847	1.5095	0.0405	0.0181	0.0264	0.0097	
81	95	0.1437	12	0	0	0	0	0	0	0	0	N	N	N	N	N	N	N	N	N	N	N	N	0.3861	0.9054	0.0000	2.4157	2.4373	0.0003	0.0023	0.0000	0.0015	0.0017	0.0000	0.0074	0.0077	0.0000	0.0000	0.0000	0.0000	0.0038	0.0019	0.0078	0.0031	0.0032	0.0000	0.0043	0.0005	0.0080	0.0000	2.0590	-0.0000	0.0000	1.9794	0.8596	1.0196	1.2300	0.0000	0.0000	0.0000	0.0000	0.0000	0.0000	0.0000	0.0000	0.0000	0.0001	0.0000	0.0000	0.0000	0.0000	0.0000	0.0000	0.0000	0.0000	0.0133	0.0116	0.0017	0.0027	0.0026	0.0001	0.0106	0.0090	0.0016	0.0146	0.0098	0.0049	0.0052	0.0050	0.0002	0.0094	0.0047	0.0047	0.3861	0.9054	0.0000	2.4157	2.4373	0.0000	0.0003	0.0023	0.0000	0.0038	0.0019	0.0078	0.0031	0.0032	0.0000	0.0043	0.0005	0.0080	
81	96	0.1319	11	0	0	0	0	0	0	0	0	N	N	N	N	N	N	N	N	N	N	N	N	0.0048	0.0000	0.0175	0.0002	0.0001	0.2022	0.0050	0.0000	0.0190	0.0003	0.0000	0.0024	0.0000	0.0000	0.0001	0.0004	0.0000	0.0026	0.0556	0.0087	0.1344	0.0162	0.0170	0.0003	0.0736	0.0011	0.1395	1053.3621	9.2307	0.0000	0.0007	1.9794	3.7737	1.0196	2.5241	0.0000	0.0000	0.0000	0.0000	0.0000	0.0000	0.0000	0.0000	0.0000	0.0019	0.0002	0.0017	0.0002	0.0002	0.0000	0.0017	0.0000	0.0017	0.0736	0.0652	0.0084	0.0205	0.0196	0.0010	0.0531	0.0457	0.0074	0.0335	0.0210	0.0125	0.0105	0.0100	0.0005	0.0230	0.0109	0.0120	0.0048	0.0000	0.0175	0.0002	0.0001	0.2022	0.0050	0.0000	0.0190	0.0556	0.0087	0.1344	0.0162	0.0170	0.0003	0.0736	0.0011	0.1395
81	97	0.1110	10	0	0	0	0	0	0	0	0	N	N	N	N	N	N	N	N	N	N	N	N	0.0000	0.0000	0.0000	0.0000	0.0000	0.0000	0.0000	0.0000	0.0000	0.0000	0.0000	0.0000	0.0000	0.0000	0.0000	0.0000	0.0000	0.0000	0.0481	0.0298	0.0746	0.0142	0.0152	0.0005	0.0569	0.0369	0.0772	1.7265	0.0000	0.0002	1.9794	6.4922	1.0196	4.5502	0.0000	0.0000	0.0000	0.0000	0.0000	0.0000	0.0000	0.0000	0.0000	0.0020	0.0008	0.0013	0.0001	0.0001	0.0000	0.0019	0.0006	0.0013	0.0926	0.0807	0.0119	0.0139	0.0132	0.0007	0.0787	0.0675	0.0112	0.0426	0.0252	0.0174	0.0088	0.0082	0.0006	0.0338	0.0170	0.0168	0.0000	0.0000	0.0000	0.0000	0.0000	0.0000	0.0000	0.0000	0.0000	0.0481	0.0298	0.0746	0.0142	0.0152	0.0005	0.0569	0.0369	0.0772	
81	98	0.0576	7	0	1	0	0	0	0	0	0	N	N	N	N	N	N	N	N	N	N	N	N	73.5138	4383.4688	0.0001	4.0822	11.7987	0.0000	83.6246	14428.8758	0.0001	41.7566	47.3780	0.0001	0.3140	0.3330	0.0000	55.1041	63.9640	0.0001	0.5680	0.0108	1.2696	0.0769	0.0282	1.2424	0.6589	0.0044	1.2717	0.0000	93.2910	-0.3726	0.0128	1.9794	1.3608	1.0196	12.1483	0.9777	0.9777	0.0000	0.0018	0.0018	0.0000	0.9759	0.9759	0.0000	0.0286	0.0003	0.0283	0.0006	0.0002	0.0004	0.0280	0.0001	0.0279	0.0234	0.0206	0.0028	0.0057	0.0054	0.0003	0.0177	0.0153	0.0025	0.0503	0.0280	0.0223	0.0079	0.0075	0.0003	0.0424	0.0205	0.0219	73.5138	4383.4688	0.0001	4.0822	11.7987	0.0000	83.6246	14428.8758	0.0001	0.5680	0.0108	1.2696	0.0769	0.0282	1.1343	0.6589	0.0044	1.2717
81	99	0.0539	6	0	0	0	0	0	0	0	0	N	N	N	N	N	N	N	N	N	N	N	N	0.3895	0.3934	0.3001	0.5580	0.6828	0.0002	0.3474	43.9140	0.3447	0.6313	0.6564	0.4685	1.9243	2.0924	0.0036	0.3375	0.3052	0.5270	1.6210	1.6685	1.5614	3.4486	3.0644	22.0736	0.9713	0.0069	1.5286	0.1099	0.7460	-0.0047	-0.0030	1.9794	1.5300	1.0196	0.7696	0.0165	0.0149	0.0016	0.0093	0.0093	0.0000	0.0072	0.0056	0.0016	0.0261	0.0150	0.0112	0.0153	0.0149	0.0003	0.0109	0.0000	0.0108	0.0262	0.0227	0.0035	0.0049	0.0045	0.0004	0.0214	0.0183	0.0031	0.0161	0.0090	0.0071	0.0049	0.0049	0.0001	0.0112	0.0041	0.0071	0.3895	0.3934	0.3001	0.6224	0.6828	0.0007	0.3474	43.9140	0.3447	1.6210	1.6685	1.5614	3.0918	3.0644	5.1699	0.9713	0.0069	1.5286
81	100	0.0451	5	0	0	0	0	0	0	0	0	N	N	N	N	N	N	N	N	N	N	N	N	0.3079	0.2685	0.8298	0.8095	1.1570	0.0001	0.2809	5.8213	1.0980	0.3372	0.2026	1.2254	2.0579	2.1363	0.0473	0.1919	0.0199	1.2522	1.0951	0.7546	1.4768	2.5423	1.8465	351.0848	0.6830	0.0034	1.1405	0.9165	1.7454	0.0017	0.0028	1.9794	3.6906	1.0196	1.4800	0.0177	0.0092	0.0085	0.0084	0.0084	0.0000	0.0093	0.0008	0.0085	0.0303	0.0110	0.0192	0.0156	0.0110	0.0046	0.0147	0.0000	0.0147	0.0525	0.0455	0.0069	0.0041	0.0039	0.0002	0.0484	0.0416	0.0067	0.0276	0.0146	0.0130	0.0061	0.0060	0.0002	0.0215	0.0087	0.0129	0.3079	0.2685	0.8298	0.8095	1.1570	0.0018	0.2809	5.8213	1.0980	1.0951	0.7546	1.4768	2.5423	1.8465	26.8490	0.6830	0.0034	1.1405
81	101	0.0451	4	0	0	0	0	0	0	0	0	N	N	N	N	N	N	N	N	N	N	N	N	1.4528	0.9302	6.2129	1.6332	2.3147	0.0004	1.4832	4.9308	8.2037	4.6830	2.8574	21.0715	8.7217	8.7705	1.0529	3.2004	0.3647	21.4161	3.2233	3.0719	3.3916	5.3404	3.7891	2479.2079	2.1578	0.0740	2.6105	0.8215	0.9935	0.0012	-0.0017	1.9794	0.1361	1.0196	0.4500	0.0168	0.0092	0.0076	0.0084	0.0084	0.0000	0.0084	0.0008	0.0076	0.0381	0.0191	0.0190	0.0236	0.0190	0.0046	0.0145	0.0001	0.0144	0.0036	0.0032	0.0004	0.0010	0.0010	0.0000	0.0026	0.0023	0.0004	0.0118	0.0062	0.0056	0.0051	0.0050	0.0001	0.0067	0.0012	0.0055	1.4528	0.9302	6.2129	1.8832	2.3147	0.0164	1.4832	4.9308	8.2037	3.2233	3.0719	3.3916	4.6315	3.7891	64.1763	2.1578	0.0740	2.6105
81	102	0.0292	3	0	0	0	0	0	0	0	0	N	N	N	N	N	N	N	N	N	N	N	N	0.0062	0.0533	0.0115	0.0130	0.0185	0.0000	0.0068	0.0511	0.0135	0.1283	0.0145	1.0824	0.0018	0.0018	0.0002	0.1701	0.0192	1.1251	20.6648	0.2714	94.3756	0.1381	0.0989	80.9208	25.1626	0.3758	83.3633	8.9302	145.5907	0.0044	0.3973	1.9794	3.5591	1.0196	4.5341	0.0085	0.0009	0.0076	0.0000	0.0000	0.0000	0.0085	0.0008	0.0076	0.8825	0.0060	0.8765	0.0011	0.0008	0.0003	0.8814	0.0053	0.8762	0.0662	0.0592	0.0071	0.0165	0.0162	0.0003	0.0498	0.0430	0.0068	0.0427	0.0222	0.0205	0.0077	0.0076	0.0000	0.0350	0.0145	0.0205	0.0062	0.0533	0.0253	0.0130	0.0185	0.0000	0.0068	0.0531	0.0263	20.6648	0.2714	42.7009	0.1381	0.0989	10.6472	25.1626	0.3622	42.7455
81	104	0.1659	12	0	1	0	0	0	0	0	0	N	N	N	N	N	N	N	N	N	N	N	N	2.9381	2.6516	0.0098	3.5925	3.4662	0.0438	0.0000	0.0000	0.0000	0.0563	0.0647	0.0000	0.1619	0.1651	0.0003	0.0000	0.0000	0.0000	0.0192	0.0244	0.0018	0.0451	0.0476	0.0074	0.0009	0.0008	0.0010	0.0000	0.0216	-0.0000	-0.0001	1.9794	0.0277	1.0196	1.3445	0.0000	0.0000	0.0000	0.0000	0.0000	0.0000	0.0000	0.0000	0.0000	0.0002	0.0002	0.0000	0.0002	0.0002	0.0000	0.0000	0.0000	0.0000	0.0007	0.0006	0.0001	0.0002	0.0002	0.0000	0.0005	0.0004	0.0001	0.0106	0.0082	0.0025	0.0044	0.0041	0.0003	0.0062	0.0041	0.0022	2.9381	2.6516	0.0098	3.5925	3.4662	0.0438	0.0000	0.0000	0.0000	0.0192	0.0244	0.0018	0.0451	0.0476	0.0074	0.0009	0.0008	0.0010
81	105	0.1192	11	0	1	0	0	0	0	0	0	N	N	N	N	N	N	N	N	N	N	N	N	0.0054	0.0047	0.0000	0.0001	0.0001	0.0000	0.0057	0.0044	0.0000	0.0005	0.0006	0.0000	0.0000	0.0000	0.0000	0.0006	0.0008	0.0000	0.0963	0.1273	0.0512	0.0233	0.0250	0.0074	0.1134	0.1696	0.0531	0.0000	0.2768	-0.0000	-0.0022	1.9794	5.1414	1.0196	16.4151	0.0000	0.0000	0.0000	0.0000	0.0000	0.0000	0.0000	0.0000	0.0000	0.0066	0.0052	0.0014	0.0003	0.0003	0.0000	0.0063	0.0049	0.0014	0.0756	0.0662	0.0094	0.0148	0.0142	0.0007	0.0607	0.0520	0.0087	0.0688	0.0407	0.0281	0.0131	0.0119	0.0012	0.0557	0.0288	0.0269	0.0054	0.0047	0.0000	0.0001	0.0001	0.0000	0.0057	0.0044	0.0000	0.0963	0.1273	0.0512	0.0233	0.0250	0.0074	0.1134	0.1696	0.0531
81	106	0.1110	10	0	0	0	0	0	0	0	0	N	N	N	N	N	N	N	N	N	N	N	N	0.0000	0.0000	0.0000	0.0000	0.0000	0.0000	0.0000	0.0000	0.0000	0.0000	0.0000	0.0000	0.0000	0.0000	0.0000	0.0000	0.0000	0.0000	0.0514	0.0466	0.0589	0.0742	0.0778	0.0013	0.0436	0.0264	0.0607	0.7985	0.0000	-0.0001	1.9794	3.8974	1.0196	1.6364	0.0000	0.0000	0.0000	0.0000	0.0000	0.0000	0.0000	0.0000	0.0000	0.0013	0.0007	0.0006	0.0005	0.0005	0.0000	0.0008	0.0003	0.0006	0.0576	0.0502	0.0074	0.0091	0.0087	0.0004	0.0484	0.0415	0.0070	0.0258	0.0158	0.0100	0.0065	0.0062	0.0003	0.0193	0.0096	0.0097	0.0000	0.0000	0.0000	0.0000	0.0000	0.0000	0.0000	0.0000	0.0000	0.0514	0.0466	0.0589	0.0742	0.0778	0.0013	0.0436	0.0264	0.0607	
81	107	0.0900	9	0	0	0	0	0	0	0	0	N	N	N	N	N	N	N	N	N	N	N	N	0.0013	0.0092	0.0000	0.0102	0.0099	0.0000	0.0000	0.0000	0.0000	0.0007	0.0008	0.0000	0.0019	0.0019	0.0000	0.0000	0.0000	0.0000	0.5281	0.0839	1.1328	0.1862	0.1936	0.0043	0.6201	0.0239	1.1553	0.0000	9.9134	-0.0000	0.0082	1.9794	0.3701	1.0196	9.6236	0.0000	0.0000	0.0000	0.0000	0.0000	0.0000	0.0000	0.0000	0.0000	0.0225	0.0021	0.0205	0.0017	0.0017	0.0000	0.0209	0.0004	0.0205	0.0141	0.0127	0.0014	0.0052	0.0051	0.0000	0.0089	0.0076	0.0013	0.0427	0.0246	0.0181	0.0091	0.0087	0.0004	0.0336	0.0159	0.0177	0.0013	0.0092	0.0000	0.0102	0.0099	0.0000	0.0000	0.0000	0.0000	0.5281	0.0839	1.1328	0.1862	0.1936	0.0043	0.6201	0.0239	1.1553
81	108	0.0795	8	0	0	0	0	0	0	0	0	N	N	N	N	N	N	N	N	N	N	N	N	0.0029	0.0183	0.0000	0.0000	0.0000	0.0000	0.0042	0.1278	0.0000	0.0006	0.0007	0.0000	0.0000	0.0000	0.0000	0.0010	0.0012	0.0000	0.2222	0.0391	0.4512	0.1285	0.1348	0.0013	0.2374	0.0091	0.4579	0.0000	9.2210	-0.0000	0.0016	1.9794	0.4415	1.0196	4.8853	0.0000	0.0000	0.0000	0.0000	0.0000	0.0000	0.0000	0.0000	0.0000	0.0044	0.0004	0.0040	0.0004	0.0004	0.0000	0.0041	0.0001	0.0040	0.0152	0.0137	0.0015	0.0054	0.0053	0.0001	0.0098	0.0084	0.0014	0.0199	0.0110	0.0088	0.0028	0.0026	0.0001	0.0171	0.0084	0.0087	0.0029	0.0183	0.0000	0.0000	0.0000	0.0000	0.0042	0.1278	0.0000	0.2222	0.0391	0.4512	0.1285	0.1348	0.0013	0.2374	0.0091	0.4579
81	109	0.1019	7	1	1	0	1	0	0	0	0	N	N	N	N	N	N	N	N	N	N	N	N	0.0000	0.0000	0.0000	0.0000	0.0000	0.0000	0.0000	0.0000	0.0000	0.0000	0.0000	0.0000	0.0000	0.0000	0.0000	0.0000	0.0000	0.0000	0.0000	0.0000	1.9794	0.0000	1.0196	0.0000	0.0000	0.0000	0.0000	0.0000	0.0000	0.0000	0.0000	0.0000	0.0000	0.0000	0.0000	0.0000	0.0000	0.0000	0.0000	0.0000	0.0000	0.0000	0.0000	0.0000	0.0000	0.0000	0.0000	0.0000	0.0000	0.0000	0.0000	0.0000	0.0000	0.0000	0.0000	0.0000	0.0000	0.0000	0.0000	0.0000	0.0000	0.0000	0.0000	0.0000	0.0000	0.0000	0.0000	0.0000	0.0000	0.0000	0.0000	0.0000	0.0000	0.0000	0.0000	0.0000	0.0000	0.0000											
81	110	0.0869	6	1	1	0	1	0	0	0	0	N	N	N	N	N	N	N	N	N	N	N	N	0.0000	0.0000	0.0000	0.0000	0.0000	0.0000	0.0000	0.0000	0.0000	0.0000	0.0000	0.0000	0.0000	0.0000	0.0000	0.1204	0.2165	0.0009	0.9239	1.0628	0.0223	0.0000	0.0000	0.0000	0.0032	0.0000	-0.0017	1.9794	0.0000	1.0196	7.1240	0.0000	0.0000	0.0000	0.0000	0.0000	0.0000	0.0000	0.0000	0.0000	0.0031	0.0031	0.0000	0.0031	0.0031	0.0000	0.0000	0.0000	0.0000	0.0000	0.0000	0.0000	0.0000	0.0000	0.0000	0.0000	0.0000	0.0000	0.0257	0.0142	0.0114	0.0033	0.0029	0.0004	0.0223	0.0113	0.0110	0.0000	0.0000	0.0000	0.0000	0.0000	0.0000	0.0000	0.0000	0.0000	0.1204	0.2165	0.0009	0.9239	1.0628	0.0223	0.0000	0.0000	0.0000				
81	111	0.0959	8	0	1	0	1	0	0	0	0	N	N	N	N	N	N	N	N	N	N	N	N	0.0000	0.0000	0.0000	0.0000	0.0000	0.0000	0.0000	0.0000	0.0000	0.0000	0.0000	0.0000	0.0000	0.0000	0.0000	0.0000	0.0000	0.0000	0.0001	0.0001	0.0000	0.0000	0.0000	0.0000	0.1547	0.0000	-0.0000	1.9794	0.0016	1.0196	5.0076	0.0000	0.0000	0.0000	0.0000	0.0000	0.0000	0.0000	0.0000	0.0000	0.0000	0.0000	0.0000	0.0000	0.0000	0.0000	0.0000	0.0000	0.0000	0.0001	0.0001	0.0000	0.0000	0.0000	0.0000	0.0000	0.0000	0.0000	0.0175	0.0098	0.0077	0.0028	0.0022	0.0006	0.0147	0.0076	0.0071	0.0000	0.0000	0.0000	0.0000	0.0000	0.0000	0.0000	0.0000	0.0000	0.0000	0.0000	0.0000	0.0001	0.0001	0.0000	0.0000	0.0000	0.0000				
81	112	0.0891	7	0	1	0	1	0	0	0	0	N	N	N	N	N	N	N	N	N	N	N	N	0.0000	0.0000	0.0000	0.0000	0.0000	0.0000	0.0000	0.0000	0.0000	0.0000	0.0000	0.0000	0.0000	0.0000	0.0000	0.0000	0.0000	0.0001	0.0002	0.0000	0.0006	0.0007	0.0001	0.0000	0.0000	0.0000	0.0851	0.0000	-0.0000	1.9794	1.0012	1.0196	2.1373	0.0000	0.0000	0.0000	0.0000	0.0000	0.0000	0.0000	0.0000	0.0000	0.0000	0.0000	0.0000	0.0000	0.0000	0.0000	0.0000	0.0000	0.0000	0.0139	0.0122	0.0018	0.0022	0.0021	0.0001	0.0117	0.0100	0.0017	0.0125	0.0070	0.0055	0.0022	0.0020	0.0003	0.0103	0.0051	0.0052	0.0000	0.0000	0.0000	0.0000	0.0000	0.0000	0.0000	0.0000	0.0000	0.0001	0.0002	0.0000	0.0006	0.0007	0.0001	0.0000	0.0000	0.0000		
81	113	0.0974	7	0	1	0	0	0	0	0	0	N	N	N	N	N	N	N	N	N	N	N	N	0.0000	0.0000	0.0000	0.0000	0.0000	0.0000	0.0000	0.0000	0.0000	0.0000	0.0000	0.0000	0.0000	0.0000	0.0000	0.0000	0.0000	0.0000	0.0052	0.0014	0.0101	0.0004	0.0003	0.0011	0.0060	0.0018	0.0106	5.4871	0.0000	0.0000	1.9794	0.9705	1.0196	5.0371	0.0000	0.0000	0.0000	0.0000	0.0000	0.0000	0.0000	0.0000	0.0000	0.0001	0.0000	0.0001	0.0000	0.0000	0.0000	0.0001	0.0000	0.0001	0.0159	0.0140	0.0019	0.0037	0.0035	0.0002	0.0122	0.0105	0.0017	0.0203	0.0114	0.0089	0.0028	0.0024	0.0004	0.0174	0.0090	0.0085	0.0000	0.0000	0.0000	0.0000	0.0000	0.0000	0.0000	0.0000	0.0000	0.0052	0.0014	0.0101	0.0004	0.0003	0.0011	0.0060	0.0018	0.0106	
81	114	0.0891	7	0	0	1	1	0	0	0	0	N	N	N	N	N	N	N	N	N	N	N	N	0.0000	0.0000	0.0000	0.0000	0.0000	0.0000	0.0000	0.0000	0.0000	0.0000	0.0000	0.0000	0.0000	0.0000	0.0000	0.1392	0.2421	0.0000	0.0010	0.0010	0.0000	0.1831	0.4009	0.0000	0.0000	0.0000	-0.0004	1.9794	0.0000	1.0196	1.1303	0.0000	0.0000	0.0000	0.0000	0.0000	0.0000	0.0000	0.0000	0.0000	0.0008	0.0008	0.0000	0.0000	0.0000	0.0000	0.0008	0.0008	0.0000	0.0000	0.0000	0.0000	0.0000	0.0000	0.0000	0.0000	0.0000	0.0000	0.0056	0.0032	0.0024	0.0014	0.0012	0.0001	0.0043	0.0020	0.0023	0.0000	0.0000	0.0000	0.0000	0.0000	0.0000	0.0000	0.0000	0.0000	0.1392	0.2421	0.0000	0.0010	0.0010	0.0000	0.1831	0.3942	0.0000				
81	115	0.0869	6	0	0	0	1	0	0	0	0	N	N	N	N	N	N	N	N	N	N	N	N	0.0000	0.0000	0.0000	0.0000	0.0000	0.0000	0.0000	0.0000	0.0000	0.0000	0.0000	0.0000	0.0000	0.0000	0.0000	0.0000	0.0000	0.0000	0.0022	0.0034	0.0006	0.0010	0.0010	0.0010	0.0025	0.0048	0.0006	0.1252	0.0000	-0.0000	1.9794	0.0000	1.0196	1.2340	0.0000	0.0000	0.0000	0.0000	0.0000	0.0000	0.0000	0.0000	0.0000	0.0000	0.0000	0.0000	0.0000	0.0000	0.0000	0.0000	0.0000	0.0000	0.0000	0.0000	0.0000	0.0000	0.0000	0.0000	0.0000	0.0000	0.0000	0.0060	0.0035	0.0026	0.0013	0.0013	0.0001	0.0047	0.0022	0.0025	0.0000	0.0000	0.0000	0.0000	0.0000	0.0000	0.0000	0.0000	0.0000	0.0022	0.0034	0.0006	0.0010	0.0010	0.0010	0.0025	0.0048	0.0006	
81	116	0.0944	7	0	0	1	1	0	0	0	0	N	N	N	N	N	N	N	N	N	N	N	N	0.0000	0.0000	0.0000	0.0000	0.0000	0.0000	0.0000	0.0000	0.0000	0.0000	0.0000	0.0000	0.0000	0.0000	0.0000	0.0012	0.0021	0.0000	0.0082	0.0095	0.0001	0.0000	0.0000	0.0000	0.0012	0.0000	-0.0000	1.9794	0.9725	1.0196	0.9874	0.0000	0.0000	0.0000	0.0000	0.0000	0.0000	0.0000	0.0000	0.0000	0.0000	0.0000	0.0000	0.0000	0.0000	0.0000	0.0000	0.0000	0.0000	0.0149	0.0132	0.0018	0.0031	0.0030	0.0001	0.0118	0.0102	0.0017	0.0072	0.0041	0.0030	0.0011	0.0009	0.0001	0.0061	0.0032	0.0029	0.0000	0.0000	0.0000	0.0000	0.0000	0.0000	0.0000	0.0000	0.0000	0.0012	0.0021	0.0000	0.0082	0.0095	0.0001	0.0000	0.0000	0.0000				
81	117	0.0944	7	0	0	1	1	0	0	0	0	N	N	N	N	N	N	N	N	N	N	N	N	0.0000	0.0000	0.0000	0.0000	0.0000	0.0000	0.0000	0.0000	0.0000	0.0000	0.0000	0.0000	0.0000	0.0000	0.0000	0.0000	0.0000	0.0000	0.5113	0.0087	1.1706	0.0001	0.0002	0.0000	0.5918	0.0109	1.2307	102.1645	0.0000	0.0032	1.9794	0.0285	1.0196	4.0215	0.0000	0.0000	0.0000	0.0000	0.0000	0.0000	0.0000	0.0000	0.0000	0.0072	0.0001	0.0072	0.0000	0.0000	0.0000	0.0072	0.0001	0.0072	0.0015	0.0014	0.0001	0.0006	0.0006	0.0000	0.0009	0.0008	0.0001	0.0142	0.0080	0.0061	0.0019	0.0016	0.0003	0.0122	0.0064	0.0058	0.0000	0.0000	0.0000	0.0000	0.0000	0.0000	0.0000	0.0000	0.0000	0.5113	0.0087	1.1706	0.0001	0.0002	0.0000	0.5918	0.0109	1.2307	
81	118	0.0869	6	0	0	1	1	0	0	0	0	N	N	N	N	N	N	N	N	N	N	N	N	0.0000	0.0000	0.0000	0.0000	0.0000	0.0000	0.0000	0.0000	0.0000	0.0000	0.0000	0.0000	0.0000	0.0000	0.0000	0.0000	0.0000	0.0000	0.0006	0.0002	0.0011	0.0006	0.0006	0.0003	0.0006	0.0001	0.0011	4.3770	0.0000	0.0000	1.9794	3.0275	1.0196	2.1573	0.0000	0.0000	0.0000	0.0000	0.0000	0.0000	0.0000	0.0000	0.0000	0.0000	0.0000	0.0000	0.0000	0.0000	0.0000	0.0000	0.0000	0.0000	0.0417	0.0364	0.0053	0.0067	0.0063	0.0003	0.0350	0.0301	0.0049	0.0193	0.0107	0.0086	0.0027	0.0024	0.0003	0.0166	0.0084	0.0082	0.0000	0.0000	0.0000	0.0000	0.0000	0.0000	0.0000	0.0000	0.0000	0.0006	0.0002	0.0011	0.0006	0.0006	0.0003	0.0006	0.0001	0.0011	
81	119	0.1282	6	1	1	0	0	0	0	0	0	N	N	N	N	N	N	N	N	N	N	N	N	0.0000	0.0000	0.0000	0.0000	0.0000	0.0000	0.0000	0.0000	0.0000	0.0000	0.0000	0.0000	0.0000	0.0000	0.0000	0.0000	0.0000	0.0000	0.1307	0.0036	0.3243	0.0012	0.0008	0.0086	0.1671	0.0050	0.3335	59.5563	0.0000	0.0012	1.9794	2.1883	1.0196	3.1271	0.0000	0.0000	0.0000	0.0000	0.0000	0.0000	0.0000	0.0000	0.0000	0.0027	0.0000	0.0027	0.0000	0.0000	0.0000	0.0027	0.0000	0.0027	0.0369	0.0328	0.0041	0.0080	0.0078	0.0003	0.0289	0.0251	0.0038	0.0208	0.0125	0.0082	0.0046	0.0043	0.0002	0.0162	0.0082	0.0080	0.0000	0.0000	0.0000	0.0000	0.0000	0.0000	0.0000	0.0000	0.0000	0.1307	0.0036	0.3243	0.0012	0.0008	0.0086	0.1671	0.0050	0.3335	
81	120	0.0612	5	1	1	0	0	0	0	0	0	N	N	N	N	N	N	N	N	N	N	N	N	0.0000	0.0000	0.0000	0.0000	0.0000	0.0000	0.0000	0.0000	0.0000	0.0000	0.0000	0.0000	0.0000	0.0000	0.0000	0.0000	0.0000	0.0000	0.0059	0.0096	0.0017	0.0746	0.0803	0.0002	0.0010	0.0002	0.0017	0.1543	0.0000	-0.0002	1.9794	13.6104	1.0196	16.0982	0.0000	0.0000	0.0000	0.0000	0.0000	0.0000	0.0000	0.0000	0.0000	0.0006	0.0005	0.0001	0.0005	0.0005	0.0000	0.0001	0.0000	0.0001	0.1911	0.1672	0.0239	0.0284	0.0273	0.0012	0.1626	0.1399	0.0227	0.0950	0.0511	0.0439	0.0064	0.0059	0.0005	0.0885	0.0451	0.0434	0.0000	0.0000	0.0000	0.0000	0.0000	0.0000	0.0000	0.0000	0.0000	0.0059	0.0096	0.0017	0.0746	0.0803	0.0002	0.0010	0.0002	0.0017	
81	121	0.0658	5	0	1	0	0	0	0	0	0	N	N	N	N	N	N	N	N	N	N	N	N	0.0000	0.0000	0.0000	0.0000	0.0000	0.0000	0.0000	0.0000	0.0000	0.0000	0.0000	0.0000	0.0000	0.0000	0.0000	0.0000	0.0000	0.0000	0.7051	0.1119	1.8011	0.1544	0.1584	0.0027	0.9626	0.0692	1.8441	8.7106	0.0000	0.0095	1.9794	0.3548	1.0196	4.6068	0.0000	0.0000	0.0000	0.0000	0.0000	0.0000	0.0000	0.0000	0.0000	0.0268	0.0028	0.0240	0.0019	0.0019	0.0000	0.0249	0.0009	0.0240	0.0168	0.0152	0.0016	0.0068	0.0067	0.0001	0.0100	0.0085	0.0015	0.0380	0.0247	0.0133	0.0121	0.0118	0.0003	0.0259	0.0129	0.0130	0.0000	0.0000	0.0000	0.0000	0.0000	0.0000	0.0000	0.0000	0.0000	0.7051	0.1119	1.8011	0.1544	0.1584	0.0027	0.9626	0.0692	1.8441	
81	122	0.0509	4	0	1	0	0	0	0	0	0	N	N	N	N	N	N	N	N	N	N	N	N	0.0000	0.0000	0.0000	0.0000	0.0000	0.0000	0.0000	0.0000	0.0000	0.0000	0.0000	0.0000	0.0000	0.0000	0.0000	0.0000	0.0000	0.0000	0.1039	0.1103	0.0964	0.1191	0.1247	0.0055	0.1024	0.1075	0.0973	0.0000	0.7489	-0.0000	-0.0003	1.9794	1.6911	1.0196	5.7022	0.0000	0.0000	0.0000	0.0000	0.0000	0.0000	0.0000	0.0000	0.0000	0.0029	0.0017	0.0012	0.0003	0.0003	0.0000	0.0026	0.0014	0.0012	0.0332	0.0293	0.0039	0.0077	0.0076	0.0001	0.0255	0.0217	0.0038	0.0280	0.0151	0.0129	0.0026	0.0025	0.0001	0.0254	0.0126	0.0128	0.0000	0.0000	0.0000	0.0000	0.0000	0.0000	0.0000	0.0000	0.0000	0.1039	0.1103	0.0964	0.1191	0.1247	0.0055	0.1024	0.1075	0.0973
81	124	0.1020	8	1	1	0	0	0	0	0	0	N	N	N	N	N	N	N	N	N	N	N	N	0.0000	0.0000	0.0000	0.0000	0.0000	0.0000	0.0000	0.0000	0.0000	0.0000	0.0000	0.0000	0.0000	0.0000	0.0000	0.0000	0.0000	0.0000	0.0000	0.0000	1.9794	0.0000	1.0196	0.0000	0.0000	0.0000	0.0000	0.0000	0.0000	0.0000	0.0000	0.0000	0.0000	0.0000	0.0000	0.0000	0.0000	0.0000	0.0000	0.0000	0.0000	0.0000	0.0000	0.0000	0.0000	0.0000	0.0000	0.0000	0.0000	0.0000	0.0000	0.0000	0.0000	0.0000	0.0000	0.0000	0.0000	0.0000	0.0000	0.0000	0.0000	0.0000	0.0000	0.0000	0.0000	0.0000	0.0000	0.0000	0.0000	0.0000	0.0000	0.0000	0.0000	0.0000	0.0000	0.0000	0.0000	0.0000											
81	125	0.0974	7	1	1	0	0	0	0	0	0	N	N	N	N	N	N	N	N	N	N	N	N	0.0000	0.0000	0.0000	0.0000	0.0000	0.0000	0.0000	0.0000	0.0000	0.0000	0.0000	0.0000	0.0000	0.0000	0.0000	0.0000	0.0000	0.0000	0.3820	0.6559	0.0029	2.2162	2.4749	0.0003	0.0015	0.0000	0.0030	0.0032	0.0000	-0.0016	1.9794	0.1434	1.0196	1.9839	0.0000	0.0000	0.0000	0.0000	0.0000	0.0000	0.0000	0.0000	0.0000	0.0031	0.0030	0.0000	0.0030	0.0030	0.0000	0.0000	0.0000	0.0000	0.0044	0.0040	0.0004	0.0018	0.0017	0.0001	0.0026	0.0022	0.0004	0.0080	0.0046	0.0034	0.0014	0.0012	0.0001	0.0066	0.0034	0.0032	0.0000	0.0000	0.0000	0.0000	0.0000	0.0000	0.0000	0.0000	0.0000	0.3820	0.6559	0.0029	2.2162	2.4749	0.0003	0.0015	0.0000	0.0030	
81	126	0.0869	6	0	1	0	0	0	0	0	0	N	N	N	N	N	N	N	N	N	N	N	N	0.0000	0.0000	0.0000	0.0000	0.0000	0.0000	0.0000	0.0000	0.0000	0.0000	0.0000	0.0000	0.0000	0.0000	0.0000	0.0000	0.0000	0.0000	0.0059	0.0096	0.0012	0.0374	0.0424	0.0005	0.0007	0.0001	0.0012	0.1004	0.0000	-0.0000	1.9794	1.8882	1.0196	2.9115	0.0000	0.0000	0.0000	0.0000	0.0000	0.0000	0.0000	0.0000	0.0000	0.0001	0.0001	0.0000	0.0001	0.0001	0.0000	0.0000	0.0000	0.0000	0.0262	0.0229	0.0033	0.0042	0.0040	0.0002	0.0220	0.0189	0.0031	0.0180	0.0100	0.0080	0.0026	0.0023	0.0003	0.0155	0.0078	0.0077	0.0000	0.0000	0.0000	0.0000	0.0000	0.0000	0.0000	0.0000	0.0000	0.0059	0.0096	0.0012	0.0374	0.0424	0.0005	0.0007	0.0001	0.0012	
81	127	0.0612	5	0	0	0	0	0	0	0	0	N	N	N	N	N	N	N	N	N	N	N	N	0.0000	0.0000	0.0000	0.0000	0.0000	0.0000	0.0000	0.0000	0.0000	0.0000	0.0000	0.0000	0.0000	0.0000	0.0000	0.0000	0.0000	0.0000	0.0710	0.0876	0.0517	0.0063	0.0066	0.0020	0.0763	0.0998	0.0522	0.5044	0.0000	-0.0006	1.9794	3.5543	1.0196	9.0319	0.0000	0.0000	0.0000	0.0000	0.0000	0.0000	0.0000	0.0000	0.0000	0.0031	0.0021	0.0010	0.0000	0.0000	0.0000	0.0031	0.0021	0.0010	0.0617	0.0544	0.0073	0.0125	0.0122	0.0003	0.0492	0.0422	0.0070	0.0440	0.0237	0.0203	0.0033	0.0031	0.0002	0.0407	0.0206	0.0201	0.0000	0.0000	0.0000	0.0000	0.0000	0.0000	0.0000	0.0000	0.0000	0.0710	0.0876	0.0517	0.0063	0.0066	0.0020	0.0763	0.0998	0.0522	
82	84	0.1104	10	0	1	0	0	0	0	0	0	N	N	N	N	N	N	N	N	N	N	N	N	42.7225	66.8015	0.0153	0.6203	0.6085	0.2623	67.2639	inf	0.0131	0.1276	0.1466	0.0001	0.0036	0.0039	0.0002	0.1447	0.1680	0.0001	0.0030	0.0022	0.0042	0.0058	0.0063	0.0006	0.0022	0.0000	0.0043	0.0001	1.2806	-0.0025	0.0000	1.0114	7.1084	0.0202	28.8937	0.0066	0.0066	0.0000	0.0000	0.0000	0.0000	0.0066	0.0066	0.0000	0.0001	0.0001	0.0001	0.0001	0.0001	0.0000	0.0001	0.0000	0.0001	0.0520	0.0453	0.0067	0.0063	0.0059	0.0004	0.0457	0.0394	0.0063	0.0462	0.0275	0.0186	0.0105	0.0095	0.0009	0.0357	0.0180	0.0177	42.7225	66.8015	0.0153	0.6203	0.6085	0.2623	67.2639	inf	0.0131	0.0030	0.0022	0.0042	0.0058	0.0063	0.0006	0.0022	0.0000	0.0043
82	85	0.1029	9	0	1	0	0	0	0	0	0	N	N	N	N	N	N	N	N	N	N	N	N	0.0728	0.1046	0.0078	0.1203	0.1236	0.0112	0.0219	3.1662	0.0092	0.0018	0.0020	0.0003	0.0045	0.0049	0.0000	0.0004	0.0004	0.0003	0.0244	0.0188	0.0355	0.0378	0.0393	0.0008	0.0178	0.0001	0.0369	0.0179	0.9499	-0.0000	-0.0000	1.0114	2.2208	0.0202	3.9129	0.0000	0.0000	0.0000	0.0000	0.0000	0.0000	0.0000	0.0000	0.0000	0.0003	0.0002	0.0002	0.0002	0.0002	0.0000	0.0002	0.0000	0.0002	0.0267	0.0237	0.0030	0.0089	0.0083	0.0006	0.0178	0.0153	0.0025	0.0143	0.0095	0.0048	0.0047	0.0045	0.0002	0.0096	0.0050	0.0046	0.0728	0.1046	0.0078	0.1203	0.1236	0.0112	0.0219	3.1662	0.0092	0.0244	0.0188	0.0355	0.0378	0.0393	0.0008	0.0178	0.0001	0.0369
82	86	0.1784	11	0	0	1	0	0	0	0	0	N	N	N	N	N	N	N	N	N	N	N	N	5.7372	0.0058	33.1130	0.0198	0.0124	0.2537	9.2769	34.9171	0.0014	0.0000	0.0116	0.0000	0.0000	0.0001	0.0017	0.0000	0.0124	0.0002	0.0002	0.0004	0.0004	0.0005	0.0003	0.0002	0.0000	0.0004	1603.3083	1.3763	0.0000	0.0000	1.0114	5.3425	0.0202	7.0749	0.0001	0.0000	0.0001	0.0000	0.0000	0.0000	0.0001	0.0000	0.0001	0.0000	0.0000	0.0000	0.0000	0.0000	0.0000	0.0000	0.0000	0.0000	0.0430	0.0379	0.0052	0.0070	0.0067	0.0003	0.0360	0.0312	0.0048	0.0164	0.0098	0.0066	0.0041	0.0037	0.0004	0.0123	0.0061	0.0063	5.7372	0.0058	33.1130	0.0198	0.0124	0.2537	9.2769	0.0000	34.9171	0.0002	0.0002	0.0004	0.0004	0.0005	0.0003	0.0002	0.0000	0.0004	
82	87	0.1352	10	0	0	0	0	0	0	0	0	N	N	N	N	N	N	N	N	N	N	N	N	3783.8619	0.3510	15692.5829	14.5051	0.6390	448.9158	4749.5816	0.0612	17400.9174	15.4145	0.0006	126.9051	0.0527	0.0024	0.6586	20.3329	0.0000	149.7101	0.0041	0.0018	0.0081	0.0036	0.0038	0.0015	0.0043	0.0000	0.0086	28111.7012	2.6012	0.6152	0.0000	1.0114	7.0719	0.0202	13.7350	0.9940	0.0000	0.9940	0.0008	0.0000	0.0008	0.9932	0.0000	0.9932	0.0001	0.0000	0.0001	0.0000	0.0000	0.0000	0.0001	0.0000	0.0001	0.0645	0.0567	0.0078	0.0156	0.0144	0.0012	0.0488	0.0422	0.0066	0.0366	0.0233	0.0133	0.0117	0.0108	0.0010	0.0249	0.0125	0.0124	3783.8619	0.3510	15692.5829	14.5051	0.6390	448.9158	4749.5816	0.0612	17400.9174	0.0041	0.0018	0.0081	0.0036	0.0038	0.0015	0.0043	0.0000	0.0086
82	88	0.0778	8	1	0	1	0	0	0	0	0	N	N	N	N	N	N	N	N	N	N	N	N	0.0000	0.0000	0.0000	0.0000	0.0000	0.0000	0.0000	0.0000	0.0000	0.0000	0.0000	0.0000	0.0000	0.0000	0.0000	0.0000	0.0000	0.0000	0.0000	0.0000	1.0114	0.0000	0.0202	0.0000	0.0000	0.0000	0.0000	0.0000	0.0000	0.0000	0.0000	0.0000	0.0000	0.0000	0.0000	0.0000	0.0000	0.0000	0.0000	0.0000	0.0000	0.0000	0.0000	0.0000	0.0000	0.0000	0.0000	0.0000	0.0000	0.0000	0.0000	0.0000	0.0000	0.0000	0.0000	0.0000	0.0000	0.0000	0.0000	0.0000	0.0000	0.0000	0.0000	0.0000	0.0000	0.0000	0.0000	0.0000	0.0000	0.0000	0.0000	0.0000	0.0000	0.0000	0.0000	0.0000	0.0000	0.0000											
82	89	0.0759	7	1	0	1	0	0	0	0	0	N	N	N	N	N	N	N	N	N	N	N	N	0.6400	0.0000	5.8757	0.0000	0.0000	0.0000	2.1781	5.9542	0.0086	0.0000	0.0775	0.0000	0.0000	0.0000	0.0138	0.0000	0.0797	0.0134	0.0135	0.0132	0.0302	0.0308	0.0001	0.0063	0.0000	0.0134	inf	0.5025	0.0000	-0.0000	1.0114	0.0001	0.0202	0.9161	0.0000	0.0000	0.0000	0.0000	0.0000	0.0000	0.0000	0.0000	0.0000	0.0000	0.0000	0.0000	0.0000	0.0000	0.0000	0.0000	0.0000	0.0000	0.0000	0.0000	0.0000	0.0000	0.0000	0.0000	0.0000	0.0000	0.0000	0.0021	0.0014	0.0007	0.0006	0.0006	0.0000	0.0015	0.0008	0.0007	0.6400	0.0000	5.8757	0.0000	0.0000	0.0000	2.1781	0.0000	5.9542	0.0134	0.0135	0.0132	0.0302	0.0308	0.0001	0.0063	0.0000	0.0134	
82	90	0.0511	6	1	0	1	0	0	0	0	0	N	N	N	N	N	N	N	N	N	N	N	N	0.1692	0.0001	1.5845	0.0002	0.0002	0.0000	0.4399	0.0000	1.6661	0.0259	0.0000	0.2015	0.0001	0.0001	0.0000	0.0298	0.0000	0.2149	0.1528	0.1729	0.1272	0.5532	0.5741	0.0038	0.0677	0.0000	0.1290	2025.1720	0.5762	0.0005	-0.0004	1.0114	3.7876	0.0202	7.8440	0.0007	0.0000	0.0007	0.0000	0.0000	0.0000	0.0007	0.0000	0.0007	0.0025	0.0016	0.0009	0.0016	0.0016	0.0000	0.0009	0.0000	0.0009	0.0290	0.0253	0.0037	0.0038	0.0036	0.0002	0.0252	0.0217	0.0035	0.0162	0.0091	0.0071	0.0028	0.0027	0.0001	0.0134	0.0064	0.0070	0.1692	0.0001	1.5845	0.0002	0.0002	0.0000	0.4399	0.0000	1.6661	0.1528	0.1729	0.1272	0.5532	0.5741	0.0038	0.0677	0.0000	0.1290
82	91	0.0835	8	0	1	0	1	0	0	0	0	N	N	N	N	N	N	N	N	N	N	N	N	6.5123	4.9023	0.0054	15.7299	15.4470	0.7479	0.0000	0.0000	0.0000	0.0370	0.0421	0.0000	0.1686	0.1729	0.0002	0.0000	0.0000	0.0000	0.0057	0.0086	0.0019	0.0107	0.0112	0.0003	0.0045	0.0073	0.0020	0.0000	0.1724	-0.0003	-0.0001	1.0114	1.8247	0.0202	16.3284	0.0007	0.0007	0.0000	0.0007	0.0007	0.0000	0.0000	0.0000	0.0000	0.0001	0.0001	0.0000	0.0001	0.0001	0.0000	0.0001	0.0001	0.0000	0.0178	0.0156	0.0021	0.0039	0.0038	0.0001	0.0139	0.0118	0.0020	0.0249	0.0141	0.0108	0.0048	0.0046	0.0002	0.0200	0.0094	0.0106	6.5123	4.9023	0.0054	15.7299	15.4470	0.7479	0.0000	0.0000	0.0000	0.0057	0.0086	0.0019	0.0107	0.0112	0.0003	0.0045	0.0073	0.0020
82	92	0.0730	7	0	1	0	0	0	0	0	0	N	N	N	N	N	N	N	N	N	N	N	N	0.0453	0.0000	0.2962	0.0008	0.0000	inf	0.0714	0.0000	0.3059	0.0001	0.0000	0.0012	0.0000	0.0000	0.0002	0.0002	0.0000	0.0012	0.0032	0.0027	0.0039	0.0098	0.0105	0.0000	0.0024	0.0008	0.0039	inf	1.2023	0.0000	0.0000	1.0114	9.1310	0.0202	16.1726	0.0000	0.0000	0.0000	0.0000	0.0000	0.0000	0.0000	0.0000	0.0000	0.0001	0.0000	0.0001	0.0000	0.0000	0.0000	0.0001	0.0000	0.0001	0.0679	0.0593	0.0086	0.0099	0.0094	0.0005	0.0580	0.0499	0.0082	0.0285	0.0156	0.0129	0.0032	0.0030	0.0002	0.0252	0.0126	0.0127	0.0453	0.0000	0.2962	0.0008	0.0000	inf	0.0714	0.0000	0.3059	0.0032	0.0027	0.0039	0.0098	0.0105	0.0000	0.0024	0.0008	0.0039
82	93	0.1580	13	0	1	0	0	0	0	0	0	N	N	N	N	N	N	N	N	N	N	N	N	0.0000	0.0000	0.0002	0.0001	0.0000	0.1193	0.0000	0.0000	0.0000	0.0000	0.0000	0.0000	0.0000	0.0000	0.0000	0.0000	0.0000	0.0000	0.0022	0.0023	0.0021	0.0029	0.0032	0.0001	0.0019	0.0015	0.0023	inf	0.5851	0.0000	-0.0000	1.0114	4.0959	0.0202	8.7137	0.0000	0.0000	0.0000	0.0000	0.0000	0.0000	0.0000	0.0000	0.0000	0.0000	0.0000	0.0000	0.0000	0.0000	0.0000	0.0000	0.0000	0.0000	0.0312	0.0272	0.0041	0.0042	0.0041	0.0002	0.0270	0.0231	0.0039	0.0195	0.0119	0.0076	0.0059	0.0053	0.0006	0.0136	0.0066	0.0070	0.0000	0.0000	0.0002	0.0001	0.0000	0.1193	0.0000	0.0000	0.0000	0.0022	0.0023	0.0021	0.0029	0.0032	0.0001	0.0019	0.0015	0.0023
82	94	0.1397	12	0	1	0	0	0	0	0	0	N	N	N	N	N	N	N	N	N	N	N	N	0.0000	0.0000	0.0000	0.0000	0.0000	0.0000	0.0000	0.0000	0.0000	0.0000	0.0000	0.0000	0.0000	0.0000	0.0000	0.0000	0.0000	0.0399	0.0146	0.0792	0.0333	0.0361	0.0000	0.0423	0.0000	0.0837	0.0000	3.5088	-0.0000	0.0001	1.0114	2.9443	0.0202	6.1524	0.0000	0.0000	0.0000	0.0000	0.0000	0.0000	0.0000	0.0000	0.0000	0.0005	0.0001	0.0004	0.0001	0.0001	0.0000	0.0004	0.0000	0.0004	0.0238	0.0206	0.0032	0.0043	0.0042	0.0001	0.0194	0.0164	0.0030	0.0123	0.0075	0.0048	0.0033	0.0030	0.0003	0.0090	0.0045	0.0046	0.0000	0.0000	0.0000	0.0000	0.0000	0.0000	0.0000	0.0000	0.0000	0.0399	0.0146	0.0792	0.0333	0.0361	0.0000	0.0423	0.0000	0.0837	
82	95	0.1372	11	0	0	0	0	0	0	0	0	N	N	N	N	N	N	N	N	N	N	N	N	0.0358	0.0551	0.0145	0.0079	0.0080	0.0491	inf	0.0149	0.0002	0.0002	0.0001	0.0000	0.0000	0.0000	0.0002	0.0002	0.0001	0.0047	0.0032	0.0076	0.0059	0.0061	0.0000	0.0040	0.0000	0.0078	0.0947	1.1997	-0.0000	0.0000	1.0114	0.8596	0.0202	1.2300	0.0000	0.0000	0.0000	0.0000	0.0000	0.0000	0.0000	0.0000	0.0000	0.0000	0.0000	0.0000	0.0000	0.0000	0.0000	0.0000	0.0000	0.0000	0.0068	0.0059	0.0009	0.0013	0.0012	0.0000	0.0056	0.0047	0.0008	0.0052	0.0035	0.0017	0.0019	0.0018	0.0001	0.0034	0.0017	0.0017	0.0358	0.0551	0.0145	0.0079	0.0080	0.0000	0.0491	inf	0.0149	0.0047	0.0032	0.0076	0.0059	0.0061	0.0000	0.0040	0.0000	0.0078	
82	96	0.1254	10	0	0	0	0	0	0	0	0	N	N	N	N	N	N	N	N	N	N	N	N	0.5314	0.6698	0.5445	0.0022	0.0021	0.0050	0.9587	inf	0.6094	0.0019	0.0018	0.0027	0.0000	0.0000	0.0000	0.0026	0.0025	0.0031	0.0035	0.0026	0.0050	0.0054	0.0054	0.0049	0.0027	0.0000	0.0050	0.2017	1.1439	-0.0000	-0.0000	1.0114	3.7737	0.0202	2.5241	0.0001	0.0001	0.0000	0.0000	0.0000	0.0000	0.0001	0.0001	0.0000	0.0000	0.0000	0.0000	0.0000	0.0000	0.0000	0.0000	0.0000	0.0000	0.0378	0.0335	0.0044	0.0101	0.0096	0.0005	0.0278	0.0239	0.0039	0.0120	0.0075	0.0045	0.0038	0.0036	0.0002	0.0082	0.0039	0.0043	0.5314	0.6698	0.5445	0.0022	0.0021	0.0050	0.9587	inf	0.6094	0.0035	0.0026	0.0050	0.0054	0.0054	0.0049	0.0027	0.0000	0.0050
82	97	0.1045	9	0	0	0	0	0	0	0	0	N	N	N	N	N	N	N	N	N	N	N	N	0.1088	0.1325	0.0946	0.3214	0.3231	0.0779	0.0267	0.0011	0.0961	0.0012	0.0012	0.0014	0.0080	0.0084	0.0006	0.0002	0.0000	0.0014	0.0113	0.0091	0.0144	0.0248	0.0259	0.0073	0.0075	0.0002	0.0147	0.1693	1.0966	-0.0000	-0.0000	1.0114	6.4922	0.0202	4.5502	0.0001	0.0000	0.0000	0.0001	0.0000	0.0000	0.0000	0.0000	0.0000	0.0002	0.0001	0.0001	0.0001	0.0001	0.0000	0.0001	0.0000	0.0001	0.0475	0.0413	0.0062	0.0063	0.0060	0.0003	0.0412	0.0354	0.0059	0.0155	0.0092	0.0064	0.0034	0.0032	0.0002	0.0122	0.0060	0.0062	0.1088	0.1325	0.0946	0.3214	0.3231	0.0779	0.0267	0.0011	0.0961	0.0113	0.0091	0.0144	0.0248	0.0259	0.0073	0.0075	0.0002	0.0147
82	98	0.0511	6	0	1	0	0	0	0	0	0	N	N	N	N	N	N	N	N	N	N	N	N	0.9504	1.1155	0.0000	0.0183	0.0189	0.0000	2.2318	283.8206	0.0000	0.0042	0.0048	0.0000	0.0003	0.0003	0.0000	0.0054	0.0062	0.0000	0.0044	0.0043	0.0046	0.0144	0.0148	0.0055	0.0024	0.0000	0.0046	0.0000	0.8486	-0.0000	-0.0000	1.0114	1.3608	0.0202	12.1483	0.0001	0.0001	0.0000	0.0000	0.0000	0.0000	0.0000	0.0000	0.0000	0.0001	0.0000	0.0000	0.0000	0.0000	0.0000	0.0000	0.0000	0.0000	0.0120	0.0106	0.0014	0.0027	0.0026	0.0002	0.0093	0.0080	0.0013	0.0183	0.0102	0.0081	0.0031	0.0029	0.0001	0.0152	0.0073	0.0079	0.9504	1.1155	0.0000	0.0183	0.0189	0.0000	2.2318	283.8206	0.0000	0.0044	0.0043	0.0046	0.0144	0.0148	0.0055	0.0024	0.0000	0.0046
82	99	0.0474	5	0	0	0	0	0	0	0	0	N	N	N	N	N	N	N	N	N	N	N	N	0.0044	0.0024	0.0177	0.0048	0.0052	0.0000	0.0062	0.0837	0.0198	0.0001	0.0001	0.0004	0.0003	0.0003	0.0000	0.0001	0.0000	0.0004	0.0267	0.0302	0.0223	0.0530	0.0533	0.0254	0.0145	0.0004	0.0223	0.8313	0.5922	0.0000	-0.0000	1.0114	1.5300	0.0202	0.7696	0.0000	0.0000	0.0000	0.0000	0.0000	0.0000	0.0000	0.0000	0.0000	0.0002	0.0001	0.0001	0.0001	0.0001	0.0000	0.0001	0.0000	0.0001	0.0135	0.0116	0.0018	0.0023	0.0021	0.0002	0.0112	0.0095	0.0016	0.0060	0.0033	0.0027	0.0019	0.0019	0.0000	0.0041	0.0014	0.0026	0.0044	0.0024	0.0177	0.0048	0.0052	0.0000	0.0062	0.0837	0.0198	0.0267	0.0302	0.0223	0.0530	0.0533	0.0254	0.0145	0.0004	0.0223
82	100	0.0386	4	0	0	0	0	0	0	0	0	N	N	N	N	N	N	N	N	N	N	N	N	0.0196	0.0201	0.0078	0.1222	0.1316	0.0000	0.0021	0.0119	0.0085	0.0004	0.0005	0.0002	0.0067	0.0070	0.0000	0.0000	0.0000	0.0002	0.0216	0.0231	0.0198	0.0550	0.0531	0.1279	0.0113	0.0002	0.0184	0.0511	0.7616	-0.0000	-0.0000	1.0114	3.6906	0.0202	1.4800	0.0000	0.0000	0.0000	0.0000	0.0000	0.0000	0.0000	0.0000	0.0000	0.0002	0.0001	0.0001	0.0001	0.0001	0.0000	0.0001	0.0000	0.0001	0.0269	0.0233	0.0036	0.0016	0.0015	0.0001	0.0253	0.0218	0.0035	0.0102	0.0054	0.0048	0.0024	0.0023	0.0001	0.0078	0.0031	0.0047	0.0196	0.0201	0.0078	0.1222	0.1316	0.0000	0.0021	0.0119	0.0085	0.0216	0.0231	0.0198	0.0550	0.0531	0.1279	0.0113	0.0002	0.0184
82	101	0.0386	3	0	0	0	0	0	0	0	0	N	N	N	N	N	N	N	N	N	N	N	N	0.2035	0.1151	0.9870	0.3239	0.3404	0.0000	0.1646	0.0032	1.0532	0.0117	0.0065	0.0576	0.0227	0.0228	0.0000	0.0079	0.0000	0.0584	0.0576	0.0569	0.0584	0.0700	0.0669	0.3227	0.0480	0.0113	0.0554	0.9919	0.9276	0.0000	-0.0000	1.0114	0.1361	0.0202	0.4500	0.0000	0.0000	0.0000	0.0000	0.0000	0.0000	0.0000	0.0000	0.0000	0.0003	0.0001	0.0001	0.0001	0.0001	0.0000	0.0001	0.0000	0.0001	0.0018	0.0017	0.0002	0.0005	0.0005	0.0000	0.0014	0.0012	0.0002	0.0045	0.0024	0.0021	0.0020	0.0019	0.0000	0.0025	0.0004	0.0021	0.2035	0.1151	0.9870	0.3239	0.3404	0.0000	0.1646	0.0032	1.0532	0.0576	0.0569	0.0584	0.0700	0.0669	0.2928	0.0480	0.0113	0.0554
82	102	0.0227	2	0	0	0	0	0	0	0	0	N	N	N	N	N	N	N	N	N	N	N	N	0.1117	0.1562	0.0140	0.2316	0.2346	0.0004	0.0033	0.0006	0.0144	0.0191	0.0210	0.0029	0.0798	0.0811	0.0000	0.0004	0.0000	0.0030	0.1709	0.1346	0.2102	0.3447	0.3456	0.0643	0.1273	0.0034	0.2104	0.0169	1.4387	-0.0002	0.0001	1.0114	3.5591	0.0202	4.5341	0.0006	0.0006	0.0000	0.0006	0.0006	0.0000	0.0000	0.0000	0.0000	0.0027	0.0011	0.0016	0.0011	0.0011	0.0000	0.0016	0.0000	0.0016	0.0340	0.0303	0.0037	0.0080	0.0079	0.0001	0.0260	0.0225	0.0036	0.0160	0.0083	0.0077	0.0032	0.0032	0.0000	0.0128	0.0051	0.0077	0.1117	0.1562	0.0140	0.2316	0.2346	0.0004	0.0033	0.0006	0.0144	0.1709	0.1346	0.2102	0.3447	0.3456	0.0643	0.1273	0.0034	0.2104
82	104	0.1594	11	0	1	0	0	0	0	0	0	N	N	N	N	N	N	N	N	N	N	N	N	0.3121	0.1713	3.9292	0.4827	0.2764	28.3068	0.0000	0.0000	0.0000	0.0006	0.0004	0.0019	0.0018	0.0011	0.0364	0.0000	0.0000	0.0000	0.0019	0.0023	0.0005	0.0036	0.0038	0.0013	0.0006	0.0008	0.0004	0.6981	0.0631	0.0000	-0.0000	1.0114	0.0277	0.0202	1.3445	0.0000	0.0000	0.0000	0.0000	0.0000	0.0000	0.0000	0.0000	0.0000	0.0000	0.0000	0.0000	0.0000	0.0000	0.0000	0.0000	0.0000	0.0000	0.0004	0.0003	0.0000	0.0001	0.0001	0.0000	0.0002	0.0002	0.0000	0.0038	0.0029	0.0009	0.0016	0.0015	0.0001	0.0022	0.0014	0.0008	0.3121	0.1713	3.9292	0.4827	0.2764	28.3068	0.0000	0.0000	0.0000	0.0019	0.0023	0.0005	0.0036	0.0038	0.0013	0.0006	0.0008	0.0004
82	105	0.1127	10	0	1	0	0	0	0	0	0	N	N	N	N	N	N	N	N	N	N	N	N	0.0030	0.0020	0.0000	0.0051	0.0049	0.0000	0.0000	0.0000	0.0000	0.0013	0.0015	0.0000	0.0072	0.0075	0.0000	0.0000	0.0000	0.0000	0.4360	0.7325	0.0059	1.4191	1.5509	0.0001	0.1865	0.3727	0.0062	0.0000	0.0056	-0.0000	-0.0059	1.0114	5.1414	0.0202	16.4151	0.0001	0.0001	0.0000	0.0000	0.0000	0.0000	0.0000	0.0000	0.0000	0.0110	0.0109	0.0001	0.0072	0.0072	0.0000	0.0037	0.0037	0.0001	0.0388	0.0339	0.0049	0.0069	0.0066	0.0003	0.0319	0.0273	0.0046	0.0252	0.0149	0.0103	0.0051	0.0047	0.0004	0.0201	0.0103	0.0099	0.0030	0.0020	0.0000	0.0051	0.0049	0.0000	0.0000	0.0000	0.0000	0.4360	0.7325	0.0059	1.4191	1.5509	0.0001	0.1865	0.3598	0.0062
82	106	0.1045	9	0	0	0	0	0	0	0	0	N	N	N	N	N	N	N	N	N	N	N	N	0.0022	0.0016	0.0059	0.0038	0.0028	0.0662	0.0020	0.0028	0.0029	0.0000	0.0000	0.0001	0.0002	0.0001	0.0009	0.0000	0.0000	0.0000	0.0198	0.0225	0.0156	0.0438	0.0452	0.0135	0.0113	0.0067	0.0157	0.3877	0.4449	-0.0000	-0.0000	1.0114	3.8974	0.0202	1.6364	0.0000	0.0000	0.0000	0.0000	0.0000	0.0000	0.0000	0.0000	0.0000	0.0002	0.0001	0.0001	0.0001	0.0001	0.0000	0.0001	0.0000	0.0001	0.0296	0.0257	0.0039	0.0042	0.0040	0.0002	0.0254	0.0217	0.0036	0.0094	0.0058	0.0037	0.0025	0.0024	0.0001	0.0070	0.0034	0.0036	0.0022	0.0016	0.0059	0.0038	0.0028	0.0662	0.0020	0.0028	0.0029	0.0198	0.0225	0.0156	0.0438	0.0452	0.0135	0.0113	0.0067	0.0157
82	107	0.0835	8	0	0	0	0	0	0	0	0	N	N	N	N	N	N	N	N	N	N	N	N	0.0129	0.0003	0.1192	0.0003	0.0003	1.2980	0.0337	0.0240	0.1200	0.0030	0.0001	0.0294	0.0002	0.0001	0.0050	0.0047	0.0000	0.0301	0.2365	0.2289	0.2466	0.5556	0.5737	0.0039	0.1381	0.0004	0.2509	51.2473	0.8049	0.0000	-0.0004	1.0114	0.3701	0.0202	9.6236	0.0000	0.0000	0.0000	0.0000	0.0000	0.0000	0.0000	0.0000	0.0000	0.0039	0.0021	0.0017	0.0021	0.0021	0.0000	0.0017	0.0000	0.0017	0.0073	0.0066	0.0007	0.0027	0.0026	0.0000	0.0047	0.0040	0.0007	0.0164	0.0094	0.0070	0.0039	0.0037	0.0001	0.0125	0.0056	0.0069	0.0129	0.0003	0.1192	0.0003	0.0003	1.2980	0.0337	0.0240	0.1200	0.2365	0.2289	0.2466	0.5556	0.5737	0.0039	0.1381	0.0004	0.2509
82	108	0.0730	7	0	0	0	0	0	0	0	0	N	N	N	N	N	N	N	N	N	N	N	N	0.0354	0.0274	0.1056	0.0195	0.0188	inf	0.0304	0.0291	0.1068	0.0036	0.0028	0.0102	0.0074	0.0074	0.0024	0.0015	0.0000	0.0105	0.1005	0.1033	0.0970	0.3794	0.3957	0.0000	0.0508	0.0003	0.0984	0.3971	0.7473	-0.0000	-0.0001	1.0114	0.4415	0.0202	4.8853	0.0000	0.0000	0.0000	0.0000	0.0000	0.0000	0.0000	0.0000	0.0000	0.0007	0.0004	0.0003	0.0004	0.0004	0.0000	0.0003	0.0000	0.0003	0.0078	0.0071	0.0008	0.0027	0.0027	0.0000	0.0051	0.0044	0.0008	0.0072	0.0040	0.0032	0.0011	0.0010	0.0000	0.0061	0.0030	0.0032	0.0354	0.0274	0.1056	0.0195	0.0188	inf	0.0304	0.0291	0.1068	0.1005	0.1033	0.0970	0.3794	0.3957	0.0000	0.0508	0.0003	0.0984
82	109	0.0954	6	1	1	0	1	0	0	0	0	N	N	N	N	N	N	N	N	N	N	N	N	0.0000	0.0000	0.0000	0.0000	0.0000	0.0000	0.0000	0.0000	0.0000	0.0000	0.0000	0.0000	0.0000	0.0000	0.0000	0.0000	0.0000	0.0000	0.0000	0.0000	1.0114	0.0000	0.0202	0.0000	0.0000	0.0000	0.0000	0.0000	0.0000	0.0000	0.0000	0.0000	0.0000	0.0000	0.0000	0.0000	0.0000	0.0000	0.0000	0.0000	0.0000	0.0000	0.0000	0.0000	0.0000	0.0000	0.0000	0.0000	0.0000	0.0000	0.0000	0.0000	0.0000	0.0000	0.0000	0.0000	0.0000	0.0000	0.0000	0.0000	0.0000	0.0000	0.0000	0.0000	0.0000	0.0000	0.0000	0.0000	0.0000	0.0000	0.0000	0.0000	0.0000	0.0000	0.0000	0.0000	0.0000	0.0000											
82	110	0.0804	5	1	1	0	1	0	0	0	0	N	N	N	N	N	N	N	N	N	N	N	N	0.0000	0.0000	0.0000	0.0000	0.0000	0.0000	0.0000	0.0000	0.0000	0.0000	0.0000	0.0000	0.0000	0.0000	0.0000	0.0000	0.0012	0.0019	0.0003	0.0077	0.0088	0.0000	0.0002	0.0000	0.0003	0.1309	0.0000	-0.0000	1.0114	0.0000	0.0202	7.1240	0.0000	0.0000	0.0000	0.0000	0.0000	0.0000	0.0000	0.0000	0.0000	0.0000	0.0000	0.0000	0.0000	0.0000	0.0000	0.0000	0.0000	0.0000	0.0000	0.0000	0.0000	0.0000	0.0000	0.0000	0.0000	0.0000	0.0000	0.0093	0.0052	0.0041	0.0013	0.0011	0.0002	0.0080	0.0040	0.0040	0.0000	0.0000	0.0000	0.0000	0.0000	0.0000	0.0000	0.0000	0.0000	0.0012	0.0019	0.0003	0.0077	0.0088	0.0000	0.0002	0.0000	0.0003			
82	111	0.0894	7	0	1	0	1	0	0	0	0	N	N	N	N	N	N	N	N	N	N	N	N	0.0000	0.0000	0.0000	0.0000	0.0000	0.0000	0.0000	0.0000	0.0000	0.0000	0.0000	0.0000	0.0000	0.0000	0.0000	0.0000	0.0000	0.0000	0.0000	0.0000	0.0000	0.0000	inf	0.0000	0.0000	1.0114	0.0016	0.0202	5.0076	0.0000	0.0000	0.0000	0.0000	0.0000	0.0000	0.0000	0.0000	0.0000	0.0000	0.0000	0.0000	0.0000	0.0000	0.0000	0.0000	0.0000	0.0000	0.0000	0.0000	0.0000	0.0000	0.0000	0.0000	0.0000	0.0000	0.0000	0.0063	0.0035	0.0028	0.0011	0.0009	0.0002	0.0053	0.0027	0.0026	0.0000	0.0000	0.0000	0.0000	0.0000	0.0000	0.0000	0.0000	0.0000	0.0000	0.0000	0.0000	0.0000	0.0000	0.0000	0.0000	0.0000	0.0000						
82	112	0.0826	6	0	1	0	1	0	0	0	0	N	N	N	N	N	N	N	N	N	N	N	N	0.0000	0.0000	0.0000	0.0000	0.0000	0.0000	0.0000	0.0000	0.0000	0.0000	0.0000	0.0000	0.0000	0.0000	0.0000	0.0000	0.0003	0.0000	0.0007	0.0000	0.0000	0.0000	0.0004	0.0000	0.0007	139.5471	0.0000	0.0000	1.0114	1.0012	0.0202	2.1373	0.0000	0.0000	0.0000	0.0000	0.0000	0.0000	0.0000	0.0000	0.0000	0.0000	0.0000	0.0000	0.0000	0.0000	0.0000	0.0000	0.0000	0.0000	0.0072	0.0062	0.0009	0.0010	0.0010	0.0001	0.0061	0.0053	0.0009	0.0045	0.0025	0.0020	0.0008	0.0007	0.0001	0.0037	0.0018	0.0019	0.0000	0.0000	0.0000	0.0000	0.0000	0.0000	0.0000	0.0000	0.0000	0.0003	0.0000	0.0007	0.0000	0.0000	0.0000	0.0004	0.0000	0.0007			
82	113	0.0909	6	0	1	0	0	0	0	0	0	N	N	N	N	N	N	N	N	N	N	N	N	0.0000	0.0000	0.0000	0.0000	0.0000	0.0000	0.0000	0.0000	0.0000	0.0000	0.0000	0.0000	0.0000	0.0000	0.0000	0.0000	0.0000	0.0001	0.0001	0.0001	0.0005	0.0006	0.0000	0.0000	0.0000	0.0001	0.5224	0.0000	-0.0000	1.0114	0.9705	0.0202	5.0371	0.0000	0.0000	0.0000	0.0000	0.0000	0.0000	0.0000	0.0000	0.0000	0.0000	0.0000	0.0000	0.0000	0.0000	0.0000	0.0000	0.0000	0.0000	0.0082	0.0072	0.0010	0.0018	0.0017	0.0001	0.0064	0.0055	0.0009	0.0073	0.0041	0.0032	0.0011	0.0010	0.0001	0.0062	0.0032	0.0031	0.0000	0.0000	0.0000	0.0000	0.0000	0.0000	0.0000	0.0000	0.0000	0.0001	0.0001	0.0001	0.0005	0.0006	0.0000	0.0000	0.0000	0.0001		
82	114	0.0826	6	0	0	1	1	0	0	0	0	N	N	N	N	N	N	N	N	N	N	N	N	0.0000	0.0000	0.0000	0.0000	0.0000	0.0000	0.0000	0.0000	0.0000	0.0000	0.0000	0.0000	0.0000	0.0006	0.0000	0.0015	0.0000	0.0000	0.0000	0.0009	0.0000	0.0016	inf	0.0000	0.0000	1.0114	0.0000	0.0202	1.1303	0.0000	0.0000	0.0000	0.0000	0.0000	0.0000	0.0000	0.0000	0.0000	0.0000	0.0000	0.0000	0.0000	0.0000	0.0000	0.0000	0.0000	0.0000	0.0000	0.0000	0.0000	0.0000	0.0000	0.0000	0.0000	0.0000	0.0000	0.0020	0.0012	0.0009	0.0005	0.0005	0.0000	0.0015	0.0007	0.0008	0.0000	0.0000	0.0000	0.0000	0.0000	0.0000	0.0000	0.0000	0.0000	0.0006	0.0000	0.0015	0.0000	0.0000	0.0000	0.0009	0.0000	0.0016						
82	115	0.0804	5	0	0	0	1	0	0	0	0	N	N	N	N	N	N	N	N	N	N	N	N	0.0000	0.0000	0.0000	0.0000	0.0000	0.0000	0.0000	0.0000	0.0000	0.0000	0.0000	0.0000	0.0000	0.0000	0.0000	0.0000	0.0000	0.0011	0.0009	0.0012	0.0023	0.0025	0.0000	0.0007	0.0000	0.0013	1.0020	0.0000	-0.0000	1.0114	0.0000	0.0202	1.2340	0.0000	0.0000	0.0000	0.0000	0.0000	0.0000	0.0000	0.0000	0.0000	0.0000	0.0000	0.0000	0.0000	0.0000	0.0000	0.0000	0.0000	0.0000	0.0000	0.0000	0.0000	0.0000	0.0000	0.0000	0.0000	0.0000	0.0000	0.0022	0.0012	0.0009	0.0005	0.0005	0.0000	0.0017	0.0008	0.0009	0.0000	0.0000	0.0000	0.0000	0.0000	0.0000	0.0000	0.0000	0.0000	0.0011	0.0009	0.0012	0.0023	0.0025	0.0000	0.0007	0.0000	0.0013		
82	116	0.0879	6	0	0	1	1	0	0	0	0	N	N	N	N	N	N	N	N	N	N	N	N	0.7160	inf	0.0000	0.7648	inf	0.0000	0.0000	0.0000	0.0000	0.0000	0.0000	0.0000	0.0000	0.0000	0.0000	0.0000	0.0000	0.0000	0.0000	0.0000	0.0000	0.0000	0.0000	0.0000	0.0000	inf	-0.0000	0.0000	1.0114	0.9725	0.0202	0.9874	0.0000	0.0000	0.0000	0.0000	0.0000	0.0000	0.0000	0.0000	0.0000	0.0000	0.0000	0.0000	0.0000	0.0000	0.0000	0.0000	0.0000	0.0000	0.0077	0.0067	0.0009	0.0015	0.0014	0.0001	0.0062	0.0053	0.0009	0.0026	0.0015	0.0011	0.0004	0.0004	0.0001	0.0022	0.0011	0.0010	0.7160	inf	0.0000	0.0000	0.0000	0.0000	0.7648	inf	0.0000	0.0000	0.0000	0.0000	0.0000	0.0000	0.0000	0.0000	0.0000	0.0000			
82	117	0.0879	6	0	0	1	1	0	0	0	0	N	N	N	N	N	N	N	N	N	N	N	N	9.5839	21.4817	0.0000	0.0000	0.0000	19.2809	inf	0.0000	0.0000	0.0000	0.0000	0.0000	0.0000	0.0000	0.0000	0.0000	0.0000	0.0000	0.0000	0.0000	0.0000	0.0000	0.0000	0.0000	0.0000	0.0000	0.0000	2.6250	-0.0000	0.0000	1.0114	0.0285	0.0202	4.0215	0.0000	0.0000	0.0000	0.0000	0.0000	0.0000	0.0000	0.0000	0.0000	0.0000	0.0000	0.0000	0.0000	0.0000	0.0000	0.0000	0.0000	0.0000	0.0008	0.0007	0.0001	0.0003	0.0003	0.0000	0.0005	0.0004	0.0001	0.0051	0.0029	0.0022	0.0007	0.0006	0.0001	0.0044	0.0023	0.0021	9.5839	21.4817	0.0000	0.0000	0.0000	0.0000	19.2809	inf	0.0000	0.0000	0.0000	0.0000	0.0000	0.0000	0.0000	0.0000	0.0000	0.0000	
82	118	0.0804	5	0	0	1	1	0	0	0	0	N	N	N	N	N	N	N	N	N	N	N	N	12.3560	1468.4101	0.0000	0.0000	0.0000	12.2936	3610.8102	0.0000	0.0023	0.0027	0.0000	0.0000	0.0000	0.0000	0.0027	0.0032	0.0000	0.0002	0.0000	0.0004	0.0000	0.0000	0.0000	0.0002	0.0000	0.0004	0.0000	184.7491	-0.0000	0.0000	1.0114	3.0275	0.0202	2.1573	0.0000	0.0000	0.0000	0.0000	0.0000	0.0000	0.0000	0.0000	0.0000	0.0000	0.0000	0.0000	0.0000	0.0000	0.0000	0.0000	0.0000	0.0000	0.0214	0.0187	0.0027	0.0030	0.0029	0.0002	0.0184	0.0158	0.0026	0.0070	0.0039	0.0031	0.0010	0.0009	0.0001	0.0059	0.0030	0.0030	12.3560	1468.4101	0.0000	0.0000	0.0000	0.0000	12.2936	3610.8102	0.0000	0.0002	0.0000	0.0004	0.0000	0.0000	0.0000	0.0002	0.0000	0.0004	
82	119	0.1217	5	1	1	0	0	0	0	0	0	N	N	N	N	N	N	N	N	N	N	N	N	0.7025	0.0000	7.5449	1.1303	0.0000	710.5700	0.0917	0.3493	0.0004	0.0000	0.0040	0.0021	0.0000	0.0627	0.0000	0.0000	0.0002	0.0006	0.0007	0.0005	0.0019	0.0019	0.0001	0.0003	0.0000	0.0005	inf	0.4952	0.0000	-0.0000	1.0114	2.1883	0.0202	3.1271	0.0000	0.0000	0.0000	0.0000	0.0000	0.0000	0.0000	0.0000	0.0000	0.0000	0.0000	0.0000	0.0000	0.0000	0.0000	0.0000	0.0000	0.0000	0.0190	0.0169	0.0021	0.0038	0.0037	0.0001	0.0151	0.0131	0.0020	0.0076	0.0046	0.0030	0.0017	0.0017	0.0001	0.0058	0.0029	0.0029	0.7025	0.0000	7.5449	1.1303	0.0000	710.5700	0.0917	0.0000	0.3493	0.0006	0.0007	0.0005	0.0019	0.0019	0.0001	0.0003	0.0000	0.0005	
82	120	0.0547	4	1	1	0	0	0	0	0	0	N	N	N	N	N	N	N	N	N	N	N	N	1.7961	0.4823	10.5714	0.3991	0.3929	inf	3.2355	24.7705	10.9366	0.0004	0.0001	0.0023	0.0005	0.0005	0.0000	0.0004	0.0000	0.0024	0.0002	0.0002	0.0002	0.0013	0.0014	0.0000	0.0001	0.0000	0.0002	3.4019	0.9108	0.0000	-0.0000	1.0114	13.6104	0.0202	16.0982	0.0000	0.0000	0.0000	0.0000	0.0000	0.0000	0.0000	0.0000	0.0000	0.0000	0.0000	0.0000	0.0000	0.0000	0.0000	0.0000	0.0000	0.0000	0.0981	0.0857	0.0124	0.0129	0.0124	0.0005	0.0852	0.0733	0.0119	0.0346	0.0187	0.0159	0.0029	0.0027	0.0002	0.0317	0.0160	0.0157	1.7961	0.4823	10.5714	0.3991	0.3929	inf	3.2355	24.7705	10.9366	0.0002	0.0002	0.0002	0.0013	0.0014	0.0000	0.0001	0.0000	0.0002
82	121	0.0593	4	0	1	0	0	0	0	0	0	N	N	N	N	N	N	N	N	N	N	N	N	0.0060	0.0074	0.0000	0.0084	0.0083	0.0267	0.0000	0.0000	0.0019	0.0021	0.0000	0.0047	0.0048	0.0001	0.0000	0.0000	0.0000	0.3156	0.2833	0.3740	0.5618	0.5756	0.0047	0.1972	0.0000	0.3823	0.0007	0.7304	-0.0000	-0.0005	1.0114	0.3548	0.0202	4.6068	0.0000	0.0000	0.0000	0.0000	0.0000	0.0000	0.0000	0.0000	0.0000	0.0044	0.0025	0.0018	0.0025	0.0025	0.0000	0.0018	0.0000	0.0018	0.0087	0.0078	0.0009	0.0035	0.0034	0.0000	0.0052	0.0044	0.0008	0.0138	0.0089	0.0049	0.0045	0.0044	0.0001	0.0093	0.0045	0.0048	0.0060	0.0074	0.0000	0.0084	0.0083	0.0267	0.0000	0.0000	0.0000	0.3156	0.2833	0.3740	0.5618	0.5756	0.0047	0.1972	0.0000	0.3823	
82	122	0.0444	3	0	1	0	0	0	0	0	0	N	N	N	N	N	N	N	N	N	N	N	N	0.0820	0.0792	0.0775	0.0633	0.0620	0.3602	0.0238	0.0618	0.0793	0.0018	0.0018	0.0016	0.0073	0.0074	0.0001	0.0003	0.0000	0.0016	0.0218	0.0229	0.0205	0.1148	0.1193	0.0003	0.0107	0.0002	0.0207	0.1195	0.7619	-0.0000	-0.0000	1.0114	1.6911	0.0202	5.7022	0.0000	0.0000	0.0000	0.0000	0.0000	0.0000	0.0000	0.0000	0.0000	0.0002	0.0001	0.0001	0.0001	0.0001	0.0000	0.0001	0.0000	0.0001	0.0171	0.0150	0.0021	0.0037	0.0037	0.0001	0.0133	0.0114	0.0020	0.0102	0.0055	0.0047	0.0011	0.0011	0.0000	0.0091	0.0045	0.0047	0.0820	0.0792	0.0775	0.0633	0.0620	0.3602	0.0238	0.0618	0.0793	0.0218	0.0229	0.0205	0.1148	0.1193	0.0003	0.0107	0.0002	0.0207
82	124	0.0955	7	1	1	0	0	0	0	0	0	N	N	N	N	N	N	N	N	N	N	N	N	0.0000	0.0000	0.0000	0.0000	0.0000	0.0000	0.0000	0.0000	0.0000	0.0000	0.0000	0.0000	0.0000	0.0000	0.0000	0.0000	0.0000	0.0000	0.0000	0.0000	1.0114	0.0000	0.0202	0.0000	0.0000	0.0000	0.0000	0.0000	0.0000	0.0000	0.0000	0.0000	0.0000	0.0000	0.0000	0.0000	0.0000	0.0000	0.0000	0.0000	0.0000	0.0000	0.0000	0.0000	0.0000	0.0000	0.0000	0.0000	0.0000	0.0000	0.0000	0.0000	0.0000	0.0000	0.0000	0.0000	0.0000	0.0000	0.0000	0.0000	0.0000	0.0000	0.0000	0.0000	0.0000	0.0000	0.0000	0.0000	0.0000	0.0000	0.0000	0.0000	0.0000	0.0000	0.0000	0.0000	0.0000	0.0000											
82	125	0.0909	6	1	1	0	0	0	0	0	0	N	N	N	N	N	N	N	N	N	N	N	N	0.0000	0.0000	0.0000	0.0000	0.0000	0.0000	0.0000	0.0000	0.0000	0.0000	0.0000	0.0000	0.0000	0.0000	0.0000	0.0000	0.0000	0.0101	0.0058	0.0161	0.0189	0.0209	0.0001	0.0082	0.0000	0.0168	1.9939	0.0000	0.0000	1.0114	0.1434	0.0202	1.9839	0.0000	0.0000	0.0000	0.0000	0.0000	0.0000	0.0000	0.0000	0.0000	0.0000	0.0000	0.0000	0.0000	0.0000	0.0000	0.0000	0.0000	0.0000	0.0023	0.0020	0.0002	0.0009	0.0009	0.0000	0.0014	0.0012	0.0002	0.0029	0.0017	0.0012	0.0005	0.0005	0.0000	0.0024	0.0012	0.0012	0.0000	0.0000	0.0000	0.0000	0.0000	0.0000	0.0000	0.0000	0.0000	0.0101	0.0058	0.0161	0.0189	0.0209	0.0001	0.0082	0.0000	0.0168		
82	126	0.0804	5	0	1	0	0	0	0	0	0	N	N	N	N	N	N	N	N	N	N	N	N	0.0000	0.0000	0.0000	0.0000	0.0000	0.0000	0.0000	0.0000	0.0000	0.0000	0.0000	0.0000	0.0000	0.0000	0.0000	0.0000	0.0000	0.0030	0.0025	0.0037	0.0091	0.0102	0.0000	0.0019	0.0000	0.0038	1.1774	0.0000	-0.0000	1.0114	1.8882	0.0202	2.9115	0.0000	0.0000	0.0000	0.0000	0.0000	0.0000	0.0000	0.0000	0.0000	0.0000	0.0000	0.0000	0.0000	0.0000	0.0000	0.0000	0.0000	0.0000	0.0134	0.0117	0.0017	0.0019	0.0018	0.0001	0.0115	0.0099	0.0016	0.0065	0.0036	0.0029	0.0010	0.0009	0.0001	0.0055	0.0028	0.0028	0.0000	0.0000	0.0000	0.0000	0.0000	0.0000	0.0000	0.0000	0.0000	0.0030	0.0025	0.0037	0.0091	0.0102	0.0000	0.0019	0.0000	0.0038		
82	127	0.0547	4	0	0	0	0	0	0	0	0	N	N	N	N	N	N	N	N	N	N	N	N	18.2441	20.6753	0.0000	1777.1685	1745.9325	0.0000	0.0000	0.0000	0.0211	0.0240	0.0000	0.1122	0.1152	0.0000	0.0000	0.0000	0.0000	0.0012	0.0012	0.0012	0.0001	0.0001	0.0000	0.0013	0.0014	0.0012	0.0000	0.8428	-0.0003	-0.0000	1.0114	3.5543	0.0202	9.0319	0.0007	0.0007	0.0000	0.0007	0.0007	0.0000	0.0000	0.0000	0.0000	0.0000	0.0000	0.0000	0.0000	0.0000	0.0000	0.0000	0.0000	0.0000	0.0317	0.0279	0.0038	0.0060	0.0058	0.0002	0.0257	0.0221	0.0037	0.0160	0.0087	0.0074	0.0014	0.0014	0.0001	0.0146	0.0073	0.0073	18.2441	20.6753	0.0000	1777.1685	1745.9325	0.0000	0.0000	0.0000	0.0000	0.0012	0.0012	0.0012	0.0001	0.0001	0.0000	0.0013	0.0014	0.0012	
83	84	0.1083	9	0	1	0	0	0	0	0	0	N	N	N	N	N	N	N	N	N	N	N	N	1.1314	1.7413	0.0003	3.5727	3.5059	0.0007	0.0089	906.1445	0.0003	0.1128	0.1280	0.0000	0.6872	0.7264	0.0000	0.0006	0.0007	0.0000	0.0997	0.0735	0.1377	0.1923	0.2072	0.0244	0.0722	0.0000	0.1431	0.0000	1.2897	-0.0145	0.0009	5.9223	7.1084	3.6882	28.8937	0.0379	0.0379	0.0000	0.0378	0.0378	0.0000	0.0002	0.0002	0.0000	0.0446	0.0195	0.0251	0.0197	0.0195	0.0002	0.0249	0.0000	0.0249	0.3365	0.2964	0.0400	0.0550	0.0520	0.0030	0.2815	0.2444	0.0370	0.4475	0.2650	0.1825	0.1023	0.0940	0.0083	0.3451	0.1710	0.1741	1.1314	1.7413	0.0003	3.5727	3.5059	0.0007	0.0089	906.1445	0.0003	0.0997	0.0735	0.1377	0.1923	0.2072	0.0244	0.0722	0.0000	0.1431
83	85	0.1008	8	0	1	0	0	0	0	0	0	N	N	N	N	N	N	N	N	N	N	N	N	76.9239	114.3254	0.0564	137.2457	141.1677	0.3228	3.0878	374.9642	0.0350	3.4005	3.7802	0.0037	8.8434	9.2597	0.0103	0.1047	0.1205	0.0023	0.0442	0.0331	0.0649	0.0644	0.0656	0.0319	0.0339	0.0003	0.0660	0.0001	1.0570	-0.2266	-0.0002	5.9223	2.2208	3.6882	3.9129	0.5947	0.5947	0.0001	0.5833	0.5833	0.0000	0.0114	0.0114	0.0000	0.0063	0.0031	0.0033	0.0031	0.0031	0.0001	0.0032	0.0000	0.0032	0.1749	0.1573	0.0176	0.0660	0.0630	0.0030	0.1089	0.0943	0.0146	0.1435	0.0933	0.0502	0.0485	0.0468	0.0017	0.0951	0.0465	0.0486	76.9239	114.3254	0.0564	137.2457	141.1677	0.3228	3.0878	374.9642	0.0350	0.0442	0.0331	0.0649	0.0644	0.0656	0.0319	0.0339	0.0003	0.0660
83	86	0.1763	10	0	0	1	0	0	0	0	0	N	N	N	N	N	N	N	N	N	N	N	N	1.0978	0.7183	10.6234	1.4191	1.3057	66.8510	3.2256	4.4064	1.3146	0.0043	0.0046	0.0015	0.0217	0.0217	0.0201	0.0004	0.0004	0.0002	0.0039	0.0064	0.0001	0.0153	0.0166	0.0003	0.0001	0.0001	0.0001	0.0414	0.0149	-0.0004	-0.0003	5.9223	5.3425	3.6882	7.0749	0.0012	0.0011	0.0000	0.0011	0.0011	0.0000	0.0001	0.0001	0.0000	0.0006	0.0006	0.0000	0.0006	0.0006	0.0000	0.0000	0.0000	0.0000	0.2751	0.2440	0.0311	0.0506	0.0485	0.0021	0.2245	0.1955	0.0290	0.1586	0.0945	0.0642	0.0396	0.0363	0.0033	0.1191	0.0582	0.0608	1.0978	0.7183	10.6234	1.4191	1.3057	66.8510	3.2256	4.4064	1.3146	0.0039	0.0064	0.0001	0.0153	0.0166	0.0003	0.0001	0.0001	0.0001
83	87	0.1331	9	0	0	0	0	0	0	0	0	N	N	N	N	N	N	N	N	N	N	N	N	23.2638	16.7024	15.7363	28.4099	28.2349	2.8369	4.8983	6.5022	18.3992	1.7244	1.9362	0.0529	6.4590	6.9424	0.0110	0.0087	0.0010	0.0612	0.0741	0.1159	0.0034	0.2274	0.2459	0.0039	0.0018	0.0001	0.0033	0.0035	0.0171	-0.2743	-0.0139	5.9223	7.0719	3.6882	13.7350	0.7263	0.7238	0.0025	0.7236	0.7235	0.0001	0.0027	0.0003	0.0024	0.0263	0.0259	0.0004	0.0259	0.0259	0.0000	0.0004	0.0000	0.0004	0.4212	0.3738	0.0474	0.1120	0.1042	0.0078	0.3092	0.2696	0.0396	0.3553	0.2234	0.1319	0.1140	0.1052	0.0087	0.2414	0.1181	0.1232	23.2638	16.7024	15.7363	28.4099	28.2349	2.8369	4.8983	6.5022	18.3992	0.0741	0.1159	0.0034	0.2274	0.2459	0.0039	0.0018	0.0001	0.0033
83	88	0.0757	7	1	0	1	0	0	0	0	0	N	N	N	N	N	N	N	N	N	N	N	N	0.0000	0.0000	0.0000	0.0000	0.0000	0.0000	0.0000	0.0000	0.0000	0.0000	0.0000	0.0000	0.0000	0.0000	0.0000	0.0000	0.0000	0.0000	0.0000	0.0000	5.9223	0.0000	3.6882	0.0000	0.0000	0.0000	0.0000	0.0000	0.0000	0.0000	0.0000	0.0000	0.0000	0.0000	0.0000	0.0000	0.0000	0.0000	0.0000	0.0000	0.0000	0.0000	0.0000	0.0000	0.0000	0.0000	0.0000	0.0000	0.0000	0.0000	0.0000	0.0000	0.0000	0.0000	0.0000	0.0000	0.0000	0.0000	0.0000	0.0000	0.0000	0.0000	0.0000	0.0000	0.0000	0.0000	0.0000	0.0000	0.0000	0.0000	0.0000	0.0000	0.0000	0.0000	0.0000	0.0000	0.0000	0.0000											
83	89	0.0737	6	1	0	1	0	0	0	0	0	N	N	N	N	N	N	N	N	N	N	N	N	0.0136	0.0020	44.4830	0.0028	0.0028	0.0000	13.5103	0.0000	47.5038	0.0117	0.0028	0.0811	0.0067	0.0067	0.0000	0.0148	0.0000	0.0835	0.8652	1.4451	0.0018	2.4010	2.4354	0.0069	0.0011	0.0000	0.0018	3.6712	0.0008	0.0000	-0.0139	5.9223	0.0001	3.6882	0.9161	0.0000	0.0000	0.0000	0.0000	0.0000	0.0000	0.0000	0.0000	0.0000	0.0257	0.0257	0.0000	0.0257	0.0257	0.0000	0.0000	0.0000	0.0000	0.0000	0.0000	0.0000	0.0000	0.0000	0.0000	0.0000	0.0000	0.0000	0.0297	0.0178	0.0119	0.0107	0.0105	0.0002	0.0190	0.0072	0.0118	0.0136	0.0020	44.4830	0.0028	0.0028	0.0000	13.5103	0.0000	47.5038	0.8652	1.4451	0.0018	2.4010	2.4354	0.0069	0.0011	0.0000	0.0018
83	90	0.0490	5	1	0	1	0	0	0	0	0	N	N	N	N	N	N	N	N	N	N	N	N	0.1137	0.0248	1.0567	0.0765	0.0798	0.0003	0.2527	146.9919	1.1249	0.0362	0.0104	0.2158	0.0662	0.0697	0.0001	0.0317	0.0006	0.2277	0.3185	0.4169	0.2042	0.8656	0.8737	0.5133	0.1255	0.0000	0.2024	3.0023	0.4218	0.0023	-0.0169	5.9223	3.7876	3.6882	7.8440	0.0063	0.0016	0.0048	0.0015	0.0015	0.0000	0.0048	0.0001	0.0048	0.0687	0.0483	0.0204	0.0487	0.0483	0.0004	0.0200	0.0000	0.0200	0.1749	0.1529	0.0220	0.0228	0.0216	0.0012	0.1521	0.1313	0.0209	0.2158	0.1160	0.0998	0.0563	0.0553	0.0009	0.1595	0.0606	0.0989	0.1137	0.0248	1.0567	0.0765	0.0798	0.0003	0.2527	146.9919	1.1249	0.3185	0.4169	0.2042	0.8656	0.8737	0.3908	0.1255	0.0000	0.2024
83	91	0.0813	7	0	1	0	1	0	0	0	0	N	N	N	N	N	N	N	N	N	N	N	N	0.3406	0.7766	0.1779	0.8988	0.9434	0.0003	0.0517	0.3203	0.1890	0.0571	0.0578	0.0514	0.2112	0.2168	0.0001	0.0079	0.0001	0.0544	0.1677	0.0745	0.2891	0.2350	0.2298	0.4283	0.1518	0.0004	0.2879	0.1143	2.9788	-0.0018	0.0081	5.9223	1.8247	3.6882	16.3284	0.0064	0.0057	0.0007	0.0057	0.0057	0.0000	0.0007	0.0000	0.0007	0.0393	0.0099	0.0294	0.0105	0.0098	0.0007	0.0288	0.0000	0.0288	0.1119	0.0991	0.0127	0.0271	0.0264	0.0007	0.0848	0.0727	0.0120	0.2343	0.1326	0.1017	0.0447	0.0428	0.0019	0.1896	0.0898	0.0999	0.3406	0.7766	0.1779	0.8988	0.9434	0.0004	0.0517	0.3203	0.1890	0.1677	0.0745	0.2891	0.2350	0.2298	0.3550	0.1518	0.0004	0.2879
83	92	0.0709	6	0	1	0	0	0	0	0	0	N	N	N	N	N	N	N	N	N	N	N	N	22.5424	14.1339	1.9064	10.6169	10.5428	83.2190	616.8084	340113.8313	1.9047	2.0679	2.3421	0.0052	7.5254	7.8519	0.0042	0.8753	1.0098	0.0053	0.0917	0.1657	0.0027	0.7088	0.7448	0.0001	0.0014	0.0000	0.0028	0.0003	0.0137	-0.3431	-0.0137	5.9223	9.1310	3.6882	16.1726	0.9012	0.9009	0.0003	0.5881	0.5881	0.0000	0.3131	0.3128	0.0003	0.0258	0.0254	0.0003	0.0254	0.0254	0.0000	0.0003	0.0000	0.0003	0.4358	0.3847	0.0511	0.0782	0.0749	0.0033	0.3576	0.3098	0.0479	0.2811	0.1535	0.1276	0.0359	0.0342	0.0017	0.2452	0.1194	0.1259	22.5424	14.1339	1.9064	10.6169	10.5428	83.2190	616.8084	340113.8313	1.9047	0.0917	0.1657	0.0027	0.7088	0.7448	0.0001	0.0014	0.0000	0.0028
83	93	0.1558	12	0	1	0	0	0	0	0	0	N	N	N	N	N	N	N	N	N	N	N	N	0.0000	0.0000	0.0000	0.0002	0.0000	0.0010	0.0000	0.0000	0.0000	0.0000	0.0000	0.0000	0.0000	0.0000	0.0000	0.0000	0.0000	0.0000	0.1597	0.0030	0.4180	0.0092	0.0065	0.0360	0.2298	0.0000	0.4503	26.8333	84.6372	0.0000	0.0130	5.9223	4.0959	3.6882	8.7137	0.0000	0.0000	0.0000	0.0000	0.0000	0.0000	0.0000	0.0000	0.0000	0.0292	0.0003	0.0288	0.0005	0.0003	0.0002	0.0286	0.0000	0.0286	0.1881	0.1642	0.0239	0.0297	0.0286	0.0011	0.1584	0.1356	0.0229	0.1825	0.1136	0.0689	0.0580	0.0526	0.0054	0.1245	0.0610	0.0635	0.0000	0.0000	0.0000	0.0002	0.0000	0.0010	0.0000	0.0000	0.0000	0.1597	0.0030	0.4180	0.0092	0.0065	0.0360	0.2298	0.0000	0.4503
83	94	0.1375	11	0	1	0	0	0	0	0	0	N	N	N	N	N	N	N	N	N	N	N	N	0.0000	0.0001	0.0000	0.0008	0.0009	0.0000	0.0000	0.0000	0.0000	0.0000	0.0000	0.0000	0.0000	0.0000	0.0000	0.0000	0.0000	0.0000	8.4356	0.0050	31.7594	0.0017	0.0017	0.0019	11.6402	0.0074	29.7204	0.0000	2739.6881	-0.0000	0.4415	5.9223	2.9443	3.6882	6.1524	0.0000	0.0000	0.0000	0.0000	0.0000	0.0000	0.0000	0.0000	0.0000	0.9669	0.0004	0.9665	0.0001	0.0000	0.0000	0.9668	0.0003	0.9665	0.1427	0.1242	0.0185	0.0285	0.0276	0.0009	0.1143	0.0967	0.0176	0.1146	0.0700	0.0446	0.0316	0.0291	0.0024	0.0831	0.0409	0.0422	0.0000	0.0001	0.0000	0.0008	0.0009	0.0000	0.0000	0.0000	0.0000	8.4356	0.0050	21.6682	0.0017	0.0017	0.0019	11.6402	0.0074	22.9141
83	95	0.1351	10	0	0	0	0	0	0	0	0	N	N	N	N	N	N	N	N	N	N	N	N	101.1354	458.6295	43.5416	1.0381	1.1100	0.0244	94.7903	2187909.7397	45.0172	0.4602	0.4532	0.5079	0.0020	0.0021	0.0001	0.5695	0.5753	0.5368	0.0046	0.0010	0.0117	0.0020	0.0019	0.0039	0.0060	0.0000	0.0119	0.1648	5.9105	-0.0046	0.0001	5.9223	0.8596	3.6882	1.2300	0.0190	0.0164	0.0027	0.0000	0.0000	0.0000	0.0190	0.0163	0.0027	0.0002	0.0000	0.0002	0.0000	0.0000	0.0000	0.0002	0.0000	0.0002	0.0414	0.0361	0.0053	0.0080	0.0077	0.0003	0.0334	0.0284	0.0050	0.0475	0.0317	0.0159	0.0171	0.0166	0.0005	0.0304	0.0151	0.0153	101.1354	458.6295	43.5416	1.0381	1.1100	0.0244	94.7903	2187909.7397	45.0172	0.0046	0.0010	0.0117	0.0020	0.0019	0.0039	0.0060	0.0000	0.0119
83	96	0.1232	9	0	0	0	0	0	0	0	0	N	N	N	N	N	N	N	N	N	N	N	N	884.8078	1410.4063	912.7407	667.0721	673.2169	2.0405	990.3527	13401620.6509	973.5891	9.7481	8.5744	17.4723	7.9061	8.2399	0.0056	10.5181	8.7361	19.2127	0.0110	0.0061	0.0191	0.0119	0.0122	0.0027	0.0106	0.0000	0.0197	0.3096	1.9135	-0.3570	0.0001	5.9223	3.7737	3.6882	2.5241	2.4682	1.8847	0.5835	0.5901	0.5901	0.0000	1.8781	1.2946	0.5835	0.0013	0.0004	0.0008	0.0004	0.0004	0.0000	0.0008	0.0000	0.0008	0.2532	0.2198	0.0334	0.0746	0.0716	0.0030	0.1786	0.1482	0.0304	0.1143	0.0711	0.0432	0.0368	0.0353	0.0015	0.0775	0.0358	0.0417	884.8078	1410.4063	912.7407	667.0721	673.2169	2.0405	990.3527	13401620.6509	973.5891	0.0110	0.0061	0.0191	0.0119	0.0122	0.0027	0.0106	0.0000	0.0197
83	97	0.1024	8	0	0	0	0	0	0	0	0	N	N	N	N	N	N	N	N	N	N	N	N	31.3147	265.5416	31.6955	697.2414	703.2227	1.4552	8.5449	0.2488	32.8103	4.6539	3.8089	10.8742	19.8247	20.7661	0.0157	1.5665	0.0015	11.6185	0.1486	0.0143	0.3431	0.0284	0.0295	0.0108	0.1833	0.0059	0.3541	0.3879	16.5153	-0.1447	0.0088	5.9223	6.4922	3.6882	4.5502	1.4244	1.0263	0.3981	1.0261	1.0260	0.0000	0.3984	0.0003	0.3981	0.0220	0.0013	0.0207	0.0009	0.0009	0.0000	0.0210	0.0003	0.0207	0.3061	0.2695	0.0366	0.0518	0.0494	0.0023	0.2543	0.2201	0.0343	0.1478	0.0874	0.0604	0.0331	0.0312	0.0019	0.1147	0.0563	0.0584	31.3147	265.5416	31.6955	697.2414	703.2227	1.4552	8.5449	0.2488	32.8103	0.1486	0.0143	0.3431	0.0284	0.0295	0.0108	0.1833	0.0059	0.3541
83	98	0.0490	5	0	1	0	0	0	0	0	0	N	N	N	N	N	N	N	N	N	N	N	N	0.0231	0.0137	0.1512	0.0176	0.0182	0.0218	0.1837	1223.6332	0.1650	0.0038	0.0040	0.0023	0.0113	0.0119	0.0008	0.0017	0.0015	0.0024	0.1660	0.2963	0.0150	0.6405	0.6517	0.0367	0.0090	0.0000	0.0147	0.0751	0.0436	-0.0001	-0.0197	5.9223	1.3608	3.6882	12.1483	0.0003	0.0003	0.0000	0.0002	0.0002	0.0000	0.0001	0.0001	0.0000	0.0393	0.0376	0.0016	0.0377	0.0376	0.0000	0.0016	0.0000	0.0016	0.0726	0.0640	0.0086	0.0165	0.0156	0.0009	0.0561	0.0484	0.0077	0.2367	0.1270	0.1096	0.0588	0.0578	0.0011	0.1778	0.0693	0.1086	0.0231	0.0137	0.1512	0.0176	0.0182	0.0218	0.1837	1223.6332	0.1650	0.1660	0.2963	0.0150	0.6405	0.6517	0.0367	0.0090	0.0000	0.0147
83	99	0.0453	4	0	0	0	0	0	0	0	0	N	N	N	N	N	N	N	N	N	N	N	N	0.0159	0.0101	0.0484	0.0076	0.0082	0.0058	0.0333	16.8403	0.0531	0.0118	0.0103	0.0211	0.0094	0.0101	0.0011	0.0123	0.0104	0.0231	0.7402	1.0242	0.4346	1.2281	1.2317	0.1888	0.3684	0.0006	0.4354	0.3220	0.3944	-0.0001	-0.0302	5.9223	1.5300	3.6882	0.7696	0.0010	0.0007	0.0002	0.0001	0.0001	0.0000	0.0008	0.0006	0.0002	0.1163	0.0834	0.0329	0.0834	0.0834	0.0000	0.0328	0.0000	0.0328	0.0814	0.0703	0.0111	0.0137	0.0127	0.0010	0.0677	0.0576	0.0101	0.1571	0.0814	0.0757	0.0679	0.0677	0.0002	0.0891	0.0137	0.0754	0.0159	0.0101	0.0484	0.0076	0.0082	0.0058	0.0333	16.8403	0.0531	0.7402	1.0242	0.4346	1.2281	1.2317	0.1888	0.3684	0.0006	0.4354
83	100	0.0364	3	0	0	0	0	0	0	0	0	N	N	N	N	N	N	N	N	N	N	N	N	0.1221	0.1137	0.0029	1.2361	1.2420	0.1071	0.0006	0.1703	0.0028	0.0968	0.1113	0.0017	1.6014	1.6197	0.0029	0.0003	0.0000	0.0017	0.7927	0.9788	0.5975	1.2956	1.3041	0.0269	0.4754	0.0003	0.6005	0.0023	0.5815	-0.0060	-0.0317	5.9223	3.6906	3.6882	1.4800	0.0158	0.0157	0.0000	0.0157	0.0157	0.0000	0.0000	0.0000	0.0000	0.1806	0.1142	0.0664	0.1142	0.1142	0.0000	0.0664	0.0000	0.0664	0.1630	0.1414	0.0216	0.0098	0.0097	0.0001	0.1532	0.1317	0.0215	0.2278	0.1167	0.1111	0.0881	0.0876	0.0006	0.1397	0.0291	0.1106	0.1221	0.1137	0.0029	1.2361	1.2420	0.1071	0.0006	0.1703	0.0028	0.7927	0.9788	0.5975	1.2956	1.3041	0.0269	0.4754	0.0003	0.6005
83	101	0.0364	2	0	0	0	0	0	0	0	0	N	N	N	N	N	N	N	N	N	N	N	N	2.1744	1.2729	7.9905	3.8455	3.8395	2.4480	1.5424	0.0605	7.9936	2.5397	1.4706	9.4367	4.6374	4.6455	0.1515	1.7465	0.0014	9.4709	1.1680	1.1553	1.1810	1.2059	1.2099	0.0619	1.1323	0.0235	1.1848	0.9947	0.9972	0.0036	-0.0089	5.9223	0.1361	3.6882	0.4500	0.0303	0.0152	0.0151	0.0152	0.0152	0.0000	0.0151	0.0000	0.0151	0.2040	0.1022	0.1019	0.1021	0.1021	0.0000	0.1019	0.0001	0.1018	0.0119	0.0103	0.0016	0.0033	0.0033	0.0000	0.0087	0.0071	0.0016	0.1747	0.0884	0.0863	0.0846	0.0844	0.0003	0.0900	0.0041	0.0860	2.1744	1.2729	7.9905	3.8455	3.8395	2.4480	1.5424	0.0605	7.9936	1.1680	1.1553	1.1810	1.2059	1.2099	0.0619	1.1323	0.0235	1.1848
83	104	0.1573	10	0	1	0	0	0	0	0	0	N	N	N	N	N	N	N	N	N	N	N	N	0.0438	0.0381	0.0813	0.5878	0.6450	0.0000	0.0035	0.0010	0.0942	0.0004	0.0005	0.0002	0.0011	0.0012	0.0000	0.0001	0.0000	0.0002	0.0099	0.0123	0.0023	0.0020	0.0018	0.0041	0.0155	0.0233	0.0021	0.0557	0.0578	-0.0000	-0.0002	5.9223	0.0277	3.6882	1.3445	0.0000	0.0000	0.0000	0.0000	0.0000	0.0000	0.0000	0.0000	0.0000	0.0003	0.0003	0.0000	0.0000	0.0000	0.0000	0.0003	0.0003	0.0000	0.0022	0.0019	0.0003	0.0008	0.0007	0.0000	0.0014	0.0012	0.0003	0.0352	0.0268	0.0084	0.0146	0.0137	0.0009	0.0206	0.0131	0.0075	0.0438	0.0381	0.0813	0.5878	0.6450	0.0000	0.0035	0.0010	0.0942	0.0099	0.0123	0.0023	0.0020	0.0018	0.0041	0.0155	0.0233	0.0021
83	105	0.1106	9	0	1	0	0	0	0	0	0	N	N	N	N	N	N	N	N	N	N	N	N	0.0042	0.0028	0.0271	5.4223	7.0844	0.0001	0.0002	0.0001	0.0285	0.0172	0.0189	0.0038	0.0778	0.0811	0.0000	0.0011	0.0006	0.0041	4.0891	6.8079	0.1406	0.0144	0.0114	0.0494	5.1717	10.1152	0.1444	0.0264	0.0142	-0.0015	-0.5232	5.9223	5.1414	3.6882	16.4151	0.0043	0.0042	0.0001	0.0041	0.0041	0.0000	0.0002	0.0001	0.0001	0.9892	0.9754	0.0139	0.0007	0.0005	0.0002	0.9885	0.9748	0.0137	0.2492	0.2203	0.0288	0.0522	0.0501	0.0021	0.1970	0.1703	0.0267	0.2419	0.1433	0.0986	0.0508	0.0469	0.0039	0.1911	0.0964	0.0948	0.0042	0.0028	0.0271	5.4223	7.0844	0.0001	0.0002	0.0001	0.0285	4.0891	6.8079	0.1406	0.0144	0.0114	0.0494	5.1717	10.1152	0.1444
83	106	0.1024	8	0	0	0	0	0	0	0	0	N	N	N	N	N	N	N	N	N	N	N	N	0.1779	0.2091	0.0084	0.2610	0.2629	0.1539	0.1594	0.1667	0.0072	0.0253	0.0286	0.0013	0.0161	0.0167	0.0034	0.0273	0.0314	0.0011	0.1423	0.1368	0.1510	0.0617	0.0635	0.0219	0.1712	0.1885	0.1549	0.0060	0.7043	-0.0018	-0.0016	5.9223	3.8974	3.6882	1.6364	0.0048	0.0048	0.0000	0.0005	0.0005	0.0000	0.0043	0.0042	0.0000	0.0126	0.0074	0.0052	0.0014	0.0014	0.0000	0.0112	0.0060	0.0052	0.1901	0.1673	0.0228	0.0336	0.0321	0.0015	0.1565	0.1352	0.0213	0.0886	0.0541	0.0345	0.0234	0.0224	0.0010	0.0652	0.0317	0.0335	0.1779	0.2091	0.0084	0.2610	0.2629	0.1539	0.1594	0.1667	0.0072	0.1423	0.1368	0.1510	0.0617	0.0635	0.0219	0.1712	0.1885	0.1549
83	107	0.0813	7	0	0	0	0	0	0	0	0	N	N	N	N	N	N	N	N	N	N	N	N	0.0083	0.4348	0.0102	0.4480	0.4362	2.0997	0.0034	0.1490	0.0111	0.0541	0.0406	0.1705	0.0978	0.0973	0.1520	0.0287	0.0018	0.1712	6.5069	0.0934	16.6899	0.2183	0.2230	0.0724	8.3696	0.0118	15.3707	0.4885	120.5909	-0.0001	0.4436	5.9223	0.3701	3.6882	9.6236	0.0024	0.0016	0.0008	0.0016	0.0016	0.0000	0.0008	0.0000	0.0008	0.9885	0.0081	0.9803	0.0076	0.0075	0.0001	0.9809	0.0006	0.9802	0.0443	0.0397	0.0046	0.0163	0.0162	0.0002	0.0280	0.0236	0.0045	0.1519	0.0871	0.0649	0.0347	0.0336	0.0011	0.1172	0.0534	0.0638	0.0083	0.4348	0.0113	0.4480	0.4362	2.0997	0.0034	0.1490	0.0111	6.5069	0.0934	15.1150	0.2183	0.2230	0.0724	8.3696	0.0118	15.3707
83	108	0.0709	6	0	0	0	0	0	0	0	0	N	N	N	N	N	N	N	N	N	N	N	N	0.0360	0.1722	0.0729	0.1572	0.1538	0.4607	0.0194	0.0080	0.0715	0.0117	0.0076	0.0487	0.0199	0.0194	0.0606	0.0072	0.0000	0.0482	0.3248	0.0438	0.6686	0.1265	0.1263	0.1315	0.3710	0.0024	0.6748	0.7198	12.4605	0.0000	0.0096	5.9223	0.4415	3.6882	4.8853	0.0006	0.0003	0.0002	0.0003	0.0003	0.0000	0.0002	0.0000	0.0002	0.0250	0.0019	0.0231	0.0018	0.0018	0.0001	0.0232	0.0001	0.0231	0.0476	0.0428	0.0048	0.0168	0.0166	0.0002	0.0308	0.0262	0.0046	0.0770	0.0424	0.0346	0.0146	0.0142	0.0004	0.0624	0.0282	0.0342	0.0360	0.1722	0.0729	0.1572	0.1538	0.4607	0.0194	0.0080	0.0715	0.3248	0.0438	0.6686	0.1265	0.1263	0.1315	0.3710	0.0024	0.6748
83	109	0.0933	5	1	1	0	1	0	0	0	0	N	N	N	N	N	N	N	N	N	N	N	N	0.0000	0.0000	0.0000	0.0000	0.0000	0.0000	0.0000	0.0000	0.0000	0.0000	0.0000	0.0000	0.0000	0.0000	0.0000	0.0000	0.0000	0.0000	0.0000	0.0000	5.9223	0.0000	3.6882	0.0000	0.0000	0.0000	0.0000	0.0000	0.0000	0.0000	0.0000	0.0000	0.0000	0.0000	0.0000	0.0000	0.0000	0.0000	0.0000	0.0000	0.0000	0.0000	0.0000	0.0000	0.0000	0.0000	0.0000	0.0000	0.0000	0.0000	0.0000	0.0000	0.0000	0.0000	0.0000	0.0000	0.0000	0.0000	0.0000	0.0000	0.0000	0.0000	0.0000	0.0000	0.0000	0.0000	0.0000	0.0000	0.0000	0.0000	0.0000	0.0000	0.0000	0.0000	0.0000	0.0000	0.0000	0.0000											
83	110	0.0783	4	1	1	0	1	0	0	0	0	N	N	N	N	N	N	N	N	N	N	N	N	0.0000	0.0000	0.0000	0.0000	0.0000	0.0000	0.0000	0.0000	0.0000	0.0000	0.0000	0.0000	0.0000	0.0000	0.0000	0.0000	0.0000	0.0240	0.0002	0.0531	0.0085	0.0008	0.0940	0.0272	0.0000	0.0518	204.1106	0.0000	0.0010	5.9223	0.0000	3.6882	7.1240	0.0000	0.0000	0.0000	0.0000	0.0000	0.0000	0.0000	0.0000	0.0000	0.0023	0.0000	0.0023	0.0001	0.0000	0.0001	0.0022	0.0000	0.0022	0.0000	0.0000	0.0000	0.0000	0.0000	0.0000	0.0000	0.0000	0.0000	0.0962	0.0530	0.0433	0.0163	0.0149	0.0014	0.0799	0.0380	0.0419	0.0000	0.0000	0.0000	0.0000	0.0000	0.0000	0.0000	0.0000	0.0000	0.0240	0.0002	0.0531	0.0085	0.0008	0.0940	0.0272	0.0000	0.0518		
83	111	0.0872	6	0	1	0	1	0	0	0	0	N	N	N	N	N	N	N	N	N	N	N	N	0.0000	0.0000	0.0000	0.0000	0.0000	0.0000	0.0000	0.0000	0.0000	0.0000	0.0000	0.0000	0.0000	0.0000	0.0000	0.0000	0.0000	0.0000	0.0003	0.0000	0.0006	0.0000	0.0000	0.0000	0.0003	0.0000	0.0007	396.2506	0.0000	0.0000	5.9223	0.0016	3.6882	5.0076	0.0000	0.0000	0.0000	0.0000	0.0000	0.0000	0.0000	0.0000	0.0000	0.0000	0.0000	0.0000	0.0000	0.0000	0.0000	0.0000	0.0000	0.0000	0.0002	0.0002	0.0000	0.0001	0.0001	0.0000	0.0001	0.0001	0.0000	0.0614	0.0343	0.0271	0.0105	0.0087	0.0017	0.0510	0.0256	0.0254	0.0000	0.0000	0.0000	0.0000	0.0000	0.0000	0.0000	0.0000	0.0000	0.0003	0.0000	0.0006	0.0000	0.0000	0.0000	0.0003	0.0000	0.0007	
83	112	0.0804	5	0	1	0	1	0	0	0	0	N	N	N	N	N	N	N	N	N	N	N	N	0.0000	0.0000	0.0000	0.0000	0.0000	0.0000	0.0000	0.0000	0.0000	0.0000	0.0000	0.0000	0.0000	0.0000	0.0000	0.0000	0.0000	0.0439	0.0010	0.0970	0.0030	0.0025	0.0090	0.0561	0.0000	0.1006	81.9077	0.0000	0.0010	5.9223	1.0012	3.6882	2.1373	0.0000	0.0000	0.0000	0.0000	0.0000	0.0000	0.0000	0.0000	0.0000	0.0022	0.0000	0.0022	0.0000	0.0000	0.0000	0.0022	0.0000	0.0022	0.0463	0.0408	0.0055	0.0076	0.0073	0.0003	0.0387	0.0335	0.0052	0.0500	0.0277	0.0223	0.0115	0.0106	0.0009	0.0385	0.0170	0.0215	0.0000	0.0000	0.0000	0.0000	0.0000	0.0000	0.0000	0.0000	0.0000	0.0439	0.0010	0.0970	0.0030	0.0025	0.0090	0.0561	0.0000	0.1006		
83	113	0.0887	5	0	1	0	0	0	0	0	0	N	N	N	N	N	N	N	N	N	N	N	N	0.0000	0.0000	0.0000	0.0000	0.0000	0.0000	0.0000	0.0000	0.0000	0.0000	0.0000	0.0000	0.0000	0.0000	0.0000	0.0000	0.0000	0.0000	0.0139	0.0249	0.0000	0.0830	0.0919	0.0000	0.0000	0.0000	0.0000	0.0006	0.0000	-0.0006	5.9223	0.9705	3.6882	5.0371	0.0000	0.0000	0.0000	0.0000	0.0000	0.0000	0.0000	0.0000	0.0000	0.0010	0.0010	0.0000	0.0010	0.0010	0.0000	0.0000	0.0000	0.0000	0.0519	0.0461	0.0058	0.0119	0.0115	0.0004	0.0400	0.0346	0.0054	0.0743	0.0415	0.0328	0.0125	0.0113	0.0012	0.0618	0.0302	0.0316	0.0000	0.0000	0.0000	0.0000	0.0000	0.0000	0.0000	0.0000	0.0000	0.0139	0.0249	0.0000	0.0830	0.0919	0.0000	0.0000	0.0000	0.0000	
83	114	0.0804	5	0	0	1	1	0	0	0	0	N	N	N	N	N	N	N	N	N	N	N	N	0.0000	0.0000	0.0000	0.0000	0.0000	0.0000	0.0000	0.0000	0.0000	0.0000	0.0000	0.0000	0.0000	0.0000	0.0000	0.0000	0.0000	0.0839	0.0001	0.1879	0.0011	0.0002	0.0243	0.1213	0.0000	0.1926	1693.0886	0.0000	0.0010	5.9223	0.0000	3.6882	1.1303	0.0000	0.0000	0.0000	0.0000	0.0000	0.0000	0.0000	0.0000	0.0000	0.0022	0.0000	0.0022	0.0000	0.0000	0.0000	0.0022	0.0000	0.0022	0.0000	0.0000	0.0000	0.0000	0.0000	0.0000	0.0000	0.0000	0.0000	0.0259	0.0143	0.0115	0.0080	0.0077	0.0003	0.0178	0.0066	0.0112	0.0000	0.0000	0.0000	0.0000	0.0000	0.0000	0.0000	0.0000	0.0000	0.0839	0.0001	0.1879	0.0011	0.0002	0.0243	0.1213	0.0000	0.1926		
83	115	0.0783	4	0	0	0	1	0	0	0	0	N	N	N	N	N	N	N	N	N	N	N	N	0.0000	0.0000	0.0000	0.0000	0.0000	0.0000	0.0000	0.0000	0.0000	0.0000	0.0000	0.0000	0.0000	0.0000	0.0000	0.0000	0.0000	0.0000	0.1389	0.1256	0.1555	0.2377	0.2445	0.0272	0.0977	0.0000	0.1582	0.9945	0.0000	-0.0002	5.9223	0.0000	3.6882	1.2340	0.0000	0.0000	0.0000	0.0000	0.0000	0.0000	0.0000	0.0000	0.0000	0.0038	0.0019	0.0019	0.0019	0.0019	0.0000	0.0019	0.0000	0.0019	0.0000	0.0000	0.0000	0.0000	0.0000	0.0000	0.0000	0.0000	0.0000	0.0274	0.0152	0.0122	0.0080	0.0078	0.0003	0.0193	0.0074	0.0119	0.0000	0.0000	0.0000	0.0000	0.0000	0.0000	0.0000	0.0000	0.0000	0.1389	0.1256	0.1555	0.2377	0.2445	0.0272	0.0977	0.0000	0.1582	
83	116	0.0858	5	0	0	1	1	0	0	0	0	N	N	N	N	N	N	N	N	N	N	N	N	0.0008	0.0006	0.0000	0.0001	0.0001	0.0000	0.0181	69.6347	0.0000	0.0000	0.0000	0.0000	0.0000	0.0000	0.0000	0.0000	0.0000	0.0000	0.0057	0.0095	0.0006	0.0336	0.0378	0.0001	0.0003	0.0000	0.0006	0.0000	0.0475	-0.0000	-0.0001	5.9223	0.9725	3.6882	0.9874	0.0000	0.0000	0.0000	0.0000	0.0000	0.0000	0.0000	0.0000	0.0000	0.0001	0.0001	0.0000	0.0001	0.0001	0.0000	0.0000	0.0000	0.0000	0.0490	0.0436	0.0055	0.0101	0.0098	0.0003	0.0389	0.0337	0.0052	0.0251	0.0144	0.0107	0.0041	0.0036	0.0004	0.0210	0.0108	0.0102	0.0008	0.0006	0.0000	0.0001	0.0001	0.0000	0.0181	69.6347	0.0000	0.0057	0.0095	0.0006	0.0336	0.0378	0.0001	0.0003	0.0000	0.0006
83	117	0.0858	5	0	0	1	1	0	0	0	0	N	N	N	N	N	N	N	N	N	N	N	N	0.1298	0.1562	0.0000	0.0072	0.0066	0.0000	0.3604	inf	0.0000	0.0001	0.0001	0.0000	0.0000	0.0000	0.0000	0.0001	0.0001	0.0000	0.0004	0.0004	0.0004	0.0014	0.0015	0.0003	0.0002	0.0000	0.0005	0.0000	0.9616	-0.0000	-0.0000	5.9223	0.0285	3.6882	4.0215	0.0000	0.0000	0.0000	0.0000	0.0000	0.0000	0.0000	0.0000	0.0000	0.0000	0.0000	0.0000	0.0000	0.0000	0.0000	0.0000	0.0000	0.0000	0.0046	0.0042	0.0004	0.0019	0.0019	0.0000	0.0027	0.0024	0.0003	0.0498	0.0281	0.0216	0.0075	0.0066	0.0009	0.0422	0.0215	0.0207	0.1298	0.1562	0.0000	0.0072	0.0066	0.0000	0.3604	inf	0.0000	0.0004	0.0004	0.0004	0.0014	0.0015	0.0003	0.0002	0.0000	0.0005
83	118	0.0783	4	0	0	1	1	0	0	0	0	N	N	N	N	N	N	N	N	N	N	N	N	0.3378	23.1009	0.0000	2.3764	3.1743	0.0000	0.3071	59779.4018	0.0000	0.0100	0.0114	0.0000	0.0049	0.0050	0.0000	0.0111	0.0128	0.0000	0.0297	0.0005	0.0655	0.0020	0.0016	0.0078	0.0360	0.0000	0.0673	0.0000	108.4942	-0.0005	0.0010	5.9223	3.0275	3.6882	2.1573	0.0014	0.0014	0.0000	0.0001	0.0001	0.0000	0.0013	0.0013	0.0000	0.0022	0.0000	0.0022	0.0000	0.0000	0.0000	0.0022	0.0000	0.0022	0.1384	0.1220	0.0164	0.0226	0.0218	0.0008	0.1158	0.1002	0.0156	0.0740	0.0407	0.0332	0.0136	0.0126	0.0010	0.0603	0.0281	0.0322	0.3378	23.1009	0.0000	2.3764	3.1743	0.0000	0.3071	59779.4018	0.0000	0.0297	0.0005	0.0655	0.0020	0.0016	0.0078	0.0360	0.0000	0.0673
83	119	0.1195	4	1	1	0	0	0	0	0	0	N	N	N	N	N	N	N	N	N	N	N	N	0.1100	0.0400	221.7324	0.0780	0.0437	3193.1393	39.5667	191.8562	69.1933	0.0054	0.0034	0.0200	0.0134	0.0078	0.0762	0.0023	0.0016	0.0064	0.0492	0.0861	0.0001	0.1723	0.1777	0.0000	0.0001	0.0000	0.0001	0.7864	0.0008	0.0000	-0.0025	5.9223	2.1883	3.6882	3.1271	0.0007	0.0004	0.0003	0.0005	0.0002	0.0002	0.0002	0.0001	0.0001	0.0045	0.0045	0.0000	0.0045	0.0045	0.0000	0.0000	0.0000	0.0000	0.1219	0.1074	0.0145	0.0343	0.0315	0.0028	0.0876	0.0759	0.0117	0.0919	0.0525	0.0394	0.0262	0.0254	0.0008	0.0656	0.0271	0.0386	0.1100	0.0400	221.7324	0.0780	0.0437	3193.1393	39.5667	191.8562	69.1933	0.0492	0.0861	0.0001	0.1723	0.1777	0.0000	0.0001	0.0000	0.0001
83	120	0.0526	3	1	1	0	0	0	0	0	0	N	N	N	N	N	N	N	N	N	N	N	N	142.9290	105.4550	478.6443	64.9449	66.4170	0.4229	177.7696	5427.9924	505.7440	3.0379	1.6248	13.4506	6.0055	6.1945	0.0315	2.4892	0.6769	14.0106	0.0213	0.0154	0.0281	0.0925	0.0933	0.0745	0.0140	0.0001	0.0277	1.1235	1.5576	0.2844	0.0005	5.9223	13.6104	3.6882	16.0982	1.9215	0.9049	1.0166	0.5928	0.5927	0.0001	1.3288	0.3122	1.0165	0.0071	0.0028	0.0043	0.0029	0.0028	0.0001	0.0043	0.0000	0.0042	0.6325	0.5569	0.0756	0.0987	0.0957	0.0030	0.5338	0.4613	0.0726	0.3348	0.1806	0.1542	0.0309	0.0296	0.0013	0.3039	0.1510	0.1529	142.9290	105.4550	478.6443	64.9449	66.4170	0.4229	177.7696	5427.9924	505.7440	0.0213	0.0154	0.0281	0.0925	0.0933	0.0745	0.0140	0.0001	0.0277
83	121	0.0571	3	0	1	0	0	0	0	0	0	N	N	N	N	N	N	N	N	N	N	N	N	0.3376	0.3093	0.0503	0.3201	0.3182	0.2630	0.0907	174.0512	0.0511	0.0311	0.0348	0.0028	0.0729	0.0742	0.0013	0.0026	0.0026	0.0029	0.0921	0.1124	0.0555	0.2278	0.2333	0.0048	0.0290	0.0000	0.0566	0.0105	0.2745	-0.0006	-0.0038	5.9223	0.3548	3.6882	4.6068	0.0017	0.0017	0.0000	0.0016	0.0016	0.0000	0.0001	0.0001	0.0000	0.0116	0.0091	0.0025	0.0091	0.0091	0.0000	0.0025	0.0000	0.0025	0.0543	0.0480	0.0063	0.0220	0.0216	0.0004	0.0323	0.0265	0.0059	0.1262	0.0811	0.0451	0.0400	0.0391	0.0010	0.0861	0.0420	0.0441	0.3376	0.3093	0.0503	0.3201	0.3182	0.2630	0.0907	174.0512	0.0511	0.0921	0.1124	0.0555	0.2278	0.2333	0.0048	0.0290	0.0000	0.0566
83	122	0.0422	2	0	1	0	0	0	0	0	0	N	N	N	N	N	N	N	N	N	N	N	N	1.4192	0.9273	3.6057	0.7056	0.7031	4.0482	1.8415	3.5039	3.7334	0.0435	0.0441	0.0394	0.1387	0.1422	0.0070	0.0123	0.0066	0.0410	0.0307	0.0476	0.0109	0.1966	0.2023	0.0017	0.0067	0.0019	0.0110	0.1333	0.1969	-0.0013	-0.0012	5.9223	1.6911	3.6882	5.7022	0.0049	0.0043	0.0006	0.0039	0.0038	0.0000	0.0010	0.0005	0.0006	0.0031	0.0026	0.0005	0.0025	0.0025	0.0000	0.0006	0.0001	0.0005	0.1125	0.0979	0.0146	0.0278	0.0271	0.0007	0.0847	0.0708	0.0139	0.1014	0.0546	0.0468	0.0128	0.0124	0.0004	0.0886	0.0421	0.0464	1.4192	0.9273	3.6057	0.7056	0.7031	4.0482	1.8415	3.5039	3.7334	0.0307	0.0476	0.0109	0.1966	0.2023	0.0017	0.0067	0.0019	0.0110
83	124	0.0933	6	1	1	0	0	0	0	0	0	N	N	N	N	N	N	N	N	N	N	N	N	0.0000	0.0000	0.0000	0.0000	0.0000	0.0000	0.0000	0.0000	0.0000	0.0000	0.0000	0.0000	0.0000	0.0000	0.0000	0.0000	0.0000	0.0000	0.0000	0.0000	5.9223	0.0000	3.6882	0.0000	0.0000	0.0000	0.0000	0.0000	0.0000	0.0000	0.0000	0.0000	0.0000	0.0000	0.0000	0.0000	0.0000	0.0000	0.0000	0.0000	0.0000	0.0000	0.0000	0.0000	0.0000	0.0000	0.0000	0.0000	0.0000	0.0000	0.0000	0.0000	0.0000	0.0000	0.0000	0.0000	0.0000	0.0000	0.0000	0.0000	0.0000	0.0000	0.0000	0.0000	0.0000	0.0000	0.0000	0.0000	0.0000	0.0000	0.0000	0.0000	0.0000	0.0000	0.0000	0.0000	0.0000	0.0000											
83	125	0.0887	5	1	1	0	0	0	0	0	0	N	N	N	N	N	N	N	N	N	N	N	N	0.0000	0.0000	0.0000	0.0000	0.0000	0.0000	0.0000	0.0000	0.0000	0.0000	0.0000	0.0000	0.0000	0.0000	0.0000	0.0000	0.0000	0.0000	0.8990	0.0055	2.0839	0.1116	0.0158	1.7666	1.1120	0.0000	2.1084	285.7703	0.0000	0.0126	5.9223	0.1434	3.6882	1.9839	0.0000	0.0000	0.0000	0.0000	0.0000	0.0000	0.0000	0.0000	0.0000	0.0277	0.0001	0.0276	0.0007	0.0001	0.0006	0.0270	0.0000	0.0270	0.0137	0.0124	0.0013	0.0054	0.0052	0.0002	0.0083	0.0072	0.0012	0.0308	0.0176	0.0133	0.0066	0.0061	0.0005	0.0243	0.0115	0.0128	0.0000	0.0000	0.0000	0.0000	0.0000	0.0000	0.0000	0.0000	0.0000	0.8990	0.0055	2.0839	0.1116	0.0158	1.3944	1.1120	0.0000	2.1084	
83	126	0.0783	4	0	1	0	0	0	0	0	0	N	N	N	N	N	N	N	N	N	N	N	N	0.0000	0.0000	0.0000	0.0000	0.0000	0.0000	0.0000	0.0000	0.0000	0.0000	0.0000	0.0000	0.0000	0.0000	0.0000	0.0000	0.0000	0.0000	0.2188	0.3765	0.0254	1.1011	1.1839	0.0191	0.0138	0.0001	0.0256	0.0550	0.0000	-0.0075	5.9223	1.8882	3.6882	2.9115	0.0000	0.0000	0.0000	0.0000	0.0000	0.0000	0.0000	0.0000	0.0000	0.0152	0.0144	0.0008	0.0144	0.0144	0.0000	0.0008	0.0000	0.0008	0.0868	0.0765	0.0103	0.0142	0.0137	0.0005	0.0726	0.0629	0.0098	0.0695	0.0383	0.0312	0.0131	0.0122	0.0009	0.0564	0.0261	0.0303	0.0000	0.0000	0.0000	0.0000	0.0000	0.0000	0.0000	0.0000	0.0000	0.2188	0.3765	0.0254	1.1011	1.1839	0.0191	0.0138	0.0001	0.0256	
83	127	0.0526	3	0	0	0	0	0	0	0	0	N	N	N	N	N	N	N	N	N	N	N	N	0.4660	11.3030	0.1565	7.7032	8.7726	0.0002	0.0474	270.9957	0.1632	0.0431	0.0448	0.0307	0.1864	0.1914	0.0000	0.0047	0.0001	0.0322	0.0925	0.0040	0.1964	0.0242	0.0218	0.0864	0.1003	0.0000	0.1973	0.0933	42.2433	-0.0026	0.0063	5.9223	3.5543	3.6882	9.0319	0.0088	0.0081	0.0008	0.0081	0.0081	0.0000	0.0008	0.0000	0.0008	0.0144	0.0003	0.0141	0.0004	0.0003	0.0001	0.0141	0.0000	0.0141	0.2046	0.1801	0.0245	0.0432	0.0421	0.0011	0.1614	0.1380	0.0234	0.1560	0.0842	0.0718	0.0159	0.0153	0.0006	0.1402	0.0689	0.0712	0.4660	11.3030	0.1565	7.7032	8.7726	0.0002	0.0474	270.9957	0.1632	0.0925	0.0040	0.1964	0.0242	0.0218	0.0864	0.1003	0.0000	0.1973
84	86	0.1643	4	0	1	1	0	0	0	0	0	N	N	N	N	N	N	N	N	N	N	N	N	0.3134	0.2505	0.0000	0.4746	0.4587	0.0000	0.1582	0.8342	0.0000	0.0824	0.0940	0.0000	0.4363	0.4636	0.0000	0.0090	0.0104	0.0000	0.2630	0.3751	0.0987	0.9192	1.0106	0.0609	0.0570	0.0125	0.1010	0.0000	0.1797	-0.0096	-0.0608	7.1084	5.3425	28.8937	7.0749	0.0251	0.0251	0.0000	0.0229	0.0229	0.0000	0.0023	0.0023	0.0000	0.1557	0.1320	0.0237	0.1300	0.1292	0.0008	0.0257	0.0028	0.0229	0.3051	0.2676	0.0375	0.0524	0.0493	0.0031	0.2527	0.2183	0.0345	0.5922	0.3519	0.2403	0.1414	0.1278	0.0136	0.4507	0.2240	0.2267	0.3134	0.2505	0.0000	0.4746	0.4587	0.0000	0.1582	0.8342	0.0000	0.2630	0.3751	0.0987	0.9192	1.0106	0.0609	0.0570	0.0125	0.1010
84	87	0.1211	3	0	1	0	0	0	0	0	0	N	N	N	N	N	N	N	N	N	N	N	N	0.0922	0.9070	0.0002	1.1851	1.3267	0.0011	0.0362	2.1889	0.0002	0.1646	0.1921	0.0007	0.4389	0.4906	0.0005	0.0884	0.1044	0.0007	1.7859	0.2118	4.1301	0.3703	0.3698	0.5005	2.4466	0.0477	4.2590	0.0006	13.0927	-0.0323	1.0914	7.1084	7.0719	28.8937	13.7350	0.0849	0.0848	0.0001	0.0492	0.0492	0.0000	0.0357	0.0357	0.0000	2.8270	0.2006	2.6264	0.1865	0.1784	0.0081	2.6404	0.0222	2.6183	0.5157	0.4416	0.0740	0.1121	0.1003	0.0118	0.4036	0.3414	0.0622	1.5830	0.9471	0.6359	0.5037	0.4826	0.0212	1.0792	0.4645	0.6148	0.0922	0.9070	0.0002	1.1851	1.3267	0.0014	0.0362	2.1889	0.0002	1.7859	0.2118	4.1301	0.3703	0.3698	0.3829	2.4466	0.0477	4.2590
84	88	0.2242	15	1	1	1	0	0	0	0	0	N	N	N	N	N	N	N	N	N	N	N	N	0.0000	0.0000	0.0000	0.0000	0.0000	0.0000	0.0000	0.0000	0.0000	0.0000	0.0000	0.0000	0.0000	0.0000	0.0000	0.0000	0.0000	0.0000	0.0000	0.0000	7.1084	0.0000	28.8937	0.0000	0.0000	0.0000	0.0000	0.0000	0.0000	0.0000	0.0000	0.0000	0.0000	0.0000	0.0000	0.0000	0.0000	0.0000	0.0000	0.0000	0.0000	0.0000	0.0000	0.0000	0.0000	0.0000	0.0000	0.0000	0.0000	0.0000	0.0000	0.0000	0.0000	0.0000	0.0000	0.0000	0.0000	0.0000	0.0000	0.0000	0.0000	0.0000	0.0000	0.0000	0.0000	0.0000	0.0000	0.0000	0.0000	0.0000	0.0000	0.0000	0.0000	0.0000	0.0000	0.0000	0.0000	0.0000											
84	89	0.2222	14	1	1	1	0	0	0	0	0	N	N	N	N	N	N	N	N	N	N	N	N	0.0000	0.0000	0.0000	0.0000	0.0000	0.0000	0.0000	0.0000	0.0000	0.0000	0.0000	0.0000	0.0000	0.0000	0.0000	0.0000	0.0000	0.0011	0.0000	0.0035	0.0021	0.0000	0.0496	0.0006	0.0000	0.0013	457.4696	0.0000	0.0000	7.1084	0.0001	28.8937	0.9161	0.0000	0.0000	0.0000	0.0000	0.0000	0.0000	0.0000	0.0000	0.0000	0.0001	0.0000	0.0001	0.0000	0.0000	0.0000	0.0000	0.0000	0.0000	0.0000	0.0000	0.0000	0.0000	0.0000	0.0000	0.0000	0.0000	0.0000	0.0664	0.0444	0.0220	0.0233	0.0223	0.0010	0.0431	0.0221	0.0210	0.0000	0.0000	0.0000	0.0000	0.0000	0.0000	0.0000	0.0000	0.0000	0.0011	0.0000	0.0035	0.0021	0.0000	0.0496	0.0006	0.0000	0.0013		
84	90	0.1974	13	1	1	1	0	0	0	0	0	N	N	N	N	N	N	N	N	N	N	N	N	0.0016	0.0019	0.0000	0.0035	0.0035	0.0000	0.0007	12.7492	0.0000	0.0000	0.0000	0.0000	0.0001	0.0001	0.0000	0.0000	0.0000	0.0000	0.0103	0.0102	0.0106	0.0247	0.0264	0.0061	0.0053	0.0000	0.0109	0.0000	0.6477	-0.0000	-0.0008	7.1084	3.7876	28.8937	7.8440	0.0000	0.0000	0.0000	0.0000	0.0000	0.0000	0.0000	0.0000	0.0000	0.0052	0.0032	0.0020	0.0032	0.0032	0.0001	0.0020	0.0000	0.0020	0.2051	0.1793	0.0258	0.0320	0.0298	0.0022	0.1731	0.1494	0.0236	0.5019	0.3091	0.1928	0.1304	0.1194	0.0111	0.3715	0.1898	0.1817	0.0016	0.0019	0.0000	0.0035	0.0035	0.0000	0.0007	12.7492	0.0000	0.0103	0.0102	0.0106	0.0247	0.0264	0.0061	0.0053	0.0000	0.0109
84	91	0.1292	5	0	2	0	1	0	0	0	0	N	Y	N	N	N	N	N	N	N	N	N	N	0.0535	0.0038	0.2874	0.8733	0.4382	88.5666	0.0486	0.0000	0.2728	0.1236	0.0076	0.7805	0.0539	0.0285	1.1353	0.1448	0.0000	0.7674	2.3087	2.0045	2.7159	0.0617	0.0651	0.0128	2.9788	3.1707	2.8127	18.0280	1.0123	0.0098	-0.0811	7.1084	1.8247	28.8937	16.3284	0.0173	0.0009	0.0164	0.0018	0.0009	0.0008	0.0155	0.0000	0.0155	2.0324	1.0100	1.0225	0.0125	0.0123	0.0002	2.0200	0.9977	1.0223	0.1399	0.1189	0.0210	0.0326	0.0319	0.0007	0.1072	0.0870	0.0202	0.8803	0.5039	0.3765	0.2022	0.1892	0.0130	0.6781	0.3147	0.3635	0.0535	0.0038	0.2874	0.8733	0.4382	88.5666	0.0486	0.0000	0.2728	2.3087	2.0045	2.7159	0.0617	0.0651	0.0128	2.9788	3.1707	2.8127
84	92	0.1187	4	0	2	0	0	0	0	0	0	N	Y	N	N	N	N	N	N	N	N	N	N	0.0326	8.4228	0.0720	9.0349	14.6094	0.7292	0.0217	0.2841	0.0721	0.0278	0.0100	0.1400	0.0658	0.0676	0.0242	0.0220	0.0000	0.1448	0.8529	0.0012	1.9434	0.0073	0.0046	0.0332	1.0112	0.0000	2.0095	2.2338	1284.4174	0.0043	0.3886	7.1084	9.1310	28.8937	16.1726	0.0137	0.0042	0.0095	0.0043	0.0042	0.0001	0.0094	0.0000	0.0094	0.8516	0.0007	0.8509	0.0011	0.0007	0.0005	0.8505	0.0000	0.8505	0.4944	0.4266	0.0678	0.0655	0.0628	0.0027	0.4289	0.3639	0.0651	0.9984	0.5606	0.4379	0.1574	0.1427	0.0146	0.8410	0.4178	0.4232	0.0326	8.4228	0.0720	9.0349	14.6094	0.7292	0.0217	0.2841	0.0721	0.8529	0.0012	1.9434	0.0073	0.0046	0.0332	1.0112	0.0000	2.0095
84	93	0.2037	10	0	2	0	0	0	0	0	0	N	Y	N	N	N	N	N	N	N	N	N	N	5.4783	68.8986	7.7412	0.1675	0.1575	0.5166	4.6023	136703.4577	7.5359	9.0304	5.1796	35.0239	0.0255	0.0263	0.0105	10.8735	6.3506	37.5305	1.6484	0.0752	4.5244	0.1524	0.1671	0.0203	2.3626	0.0000	4.9802	1.0018	32.9215	0.2385	0.4378	7.1084	4.0959	28.8937	8.7137	1.9977	0.9980	0.9997	0.0010	0.0009	0.0000	1.9968	0.9970	0.9997	1.0240	0.0302	0.9938	0.0306	0.0302	0.0004	0.9934	0.0000	0.9934	0.2212	0.1927	0.0285	0.0376	0.0357	0.0019	0.1836	0.1570	0.0266	0.6212	0.4016	0.2197	0.2007	0.1806	0.0202	0.4205	0.2210	0.1995	5.4783	68.8986	7.7412	0.1675	0.1575	0.5166	4.6023	136703.4577	7.5359	1.6484	0.0752	4.5244	0.1524	0.1671	0.0203	2.3626	0.0000	4.9802
84	94	0.1854	9	0	2	0	0	0	0	0	0	N	Y	N	N	N	N	N	N	N	N	N	N	0.1572	0.3029	0.0600	0.0004	0.0004	0.0004	0.2137	6.2932	0.0604	0.0140	0.0147	0.0095	0.0000	0.0000	0.0000	0.0177	0.0191	0.0102	0.0890	0.0484	0.1586	0.1042	0.1132	0.0036	0.0830	0.0030	0.1691	0.0981	1.9086	-0.0007	0.0040	7.1084	2.9443	28.8937	6.1524	0.0024	0.0021	0.0002	0.0000	0.0000	0.0000	0.0023	0.0021	0.0002	0.0357	0.0123	0.0234	0.0118	0.0118	0.0000	0.0238	0.0005	0.0234	0.1680	0.1460	0.0221	0.0356	0.0340	0.0015	0.1325	0.1119	0.0205	0.4008	0.2533	0.1476	0.1137	0.1043	0.0094	0.2871	0.1489	0.1382	0.1572	0.3029	0.0600	0.0004	0.0004	0.0004	0.2137	6.2932	0.0604	0.0890	0.0484	0.1586	0.1042	0.1132	0.0036	0.0830	0.0030	0.1691
84	95	0.1829	8	0	1	0	0	0	0	0	0	N	N	N	N	N	N	N	N	N	N	N	N	0.0000	0.0000	0.0001	0.0000	0.0000	0.0000	0.0000	0.0000	0.0001	0.0000	0.0000	0.0000	0.0000	0.0000	0.0000	0.0000	0.0000	0.0000	0.1234	0.0821	0.2107	0.0055	0.0055	0.0048	0.1897	0.1623	0.2192	inf	1.2167	0.0000	0.0001	7.1084	0.8596	28.8937	1.2300	0.0000	0.0000	0.0000	0.0000	0.0000	0.0000	0.0000	0.0000	0.0000	0.0197	0.0089	0.0108	0.0003	0.0003	0.0000	0.0194	0.0086	0.0108	0.0484	0.0422	0.0062	0.0098	0.0093	0.0004	0.0386	0.0329	0.0058	0.1597	0.1083	0.0513	0.0574	0.0554	0.0020	0.1022	0.0529	0.0493	0.0000	0.0000	0.0001	0.0000	0.0000	0.0000	0.0000	0.0000	0.0001	0.1234	0.0821	0.2107	0.0055	0.0055	0.0048	0.1897	0.1623	0.2192
84	96	0.1711	7	0	1	0	0	0	0	0	0	N	N	N	N	N	N	N	N	N	N	N	N	0.0006	0.0148	0.0001	0.0345	0.0342	0.0047	0.0001	0.0055	0.0001	0.0013	0.0013	0.0005	0.0037	0.0039	0.0001	0.0004	0.0004	0.0006	2.0076	0.0911	5.3458	0.1081	0.1128	0.0106	2.9101	0.0708	5.5742	0.0496	33.6874	-0.0001	0.3395	7.1084	3.7737	28.8937	2.5241	0.0003	0.0003	0.0000	0.0003	0.0003	0.0000	0.0001	0.0001	0.0000	0.7929	0.0229	0.7701	0.0137	0.0137	0.0001	0.7792	0.0092	0.7700	0.2698	0.2392	0.0306	0.0685	0.0662	0.0022	0.2013	0.1729	0.0284	0.3950	0.2509	0.1441	0.1272	0.1213	0.0059	0.2677	0.1296	0.1381	0.0006	0.0148	0.0001	0.0345	0.0342	0.0047	0.0001	0.0055	0.0001	2.0076	0.0911	5.3458	0.1081	0.1128	0.0106	2.9101	0.0708	5.5742
84	97	0.1502	6	0	1	0	0	0	0	0	0	N	N	N	N	N	N	N	N	N	N	N	N	0.0627	0.0859	0.0371	23.8371	23.5142	17.5106	0.0323	0.0345	0.0373	0.2635	0.2712	0.2136	0.9147	0.9648	0.0310	0.1747	0.1665	0.2228	4.2017	3.1588	5.7553	0.0384	0.0410	0.0018	5.4045	4.8321	5.9812	0.1218	1.2230	-0.0243	0.0158	7.1084	6.4922	28.8937	4.5502	0.0892	0.0795	0.0097	0.0371	0.0371	0.0001	0.0520	0.0424	0.0096	2.2024	0.9908	1.2117	0.0045	0.0045	0.0000	2.1979	0.9863	1.2117	0.3384	0.2931	0.0453	0.0406	0.0384	0.0022	0.2978	0.2547	0.0431	0.5242	0.3137	0.2105	0.1175	0.1095	0.0080	0.4067	0.2041	0.2026	0.0627	0.0859	0.0371	23.8371	23.5142	17.5106	0.0323	0.0345	0.0373	4.2017	3.1588	5.7553	0.0384	0.0410	0.0018	5.4045	4.8321	5.9812
84	98	0.1974	13	0	2	0	0	0	0	0	0	N	Y	N	N	N	N	N	N	N	N	N	N	0.0000	0.0000	0.0000	0.0000	0.0000	0.0000	10.8760	148.1080	0.0000	0.0000	0.0000	0.0000	0.0001	0.0001	0.0000	0.0000	0.0000	0.0000	1.5227	2.4795	0.0001	6.7909	6.8990	0.0010	0.0000	0.0000	0.0000	0.0000	0.0000	-0.0000	-0.4718	7.1084	1.3608	28.8937	12.1483	0.0000	0.0000	0.0000	0.0000	0.0000	0.0000	0.0000	0.0000	0.0000	0.8689	0.8689	0.0000	0.8689	0.8689	0.0000	0.0000	0.0000	0.0000	0.0848	0.0748	0.0100	0.0210	0.0197	0.0013	0.0638	0.0551	0.0087	0.5707	0.3504	0.2202	0.1464	0.1336	0.0128	0.4243	0.2169	0.2074	0.0000	0.0000	0.0000	0.0000	0.0000	0.0000	10.8760	148.1080	0.0000	1.5227	2.4795	0.0001	5.9373	6.5053	0.0010	0.0000	0.0000	0.0000
84	99	0.1938	12	0	1	0	0	0	0	0	0	N	N	N	N	N	N	N	N	N	N	N	N	0.0289	0.0217	0.0091	0.0367	0.0377	0.0007	0.0946	0.2574	0.0103	0.0005	0.0006	0.0000	0.0022	0.0024	0.0000	0.0001	0.0001	0.0000	0.0180	0.0275	0.0018	0.0594	0.0636	0.0013	0.0011	0.0005	0.0018	0.0041	0.0376	-0.0000	-0.0011	7.1084	1.5300	28.8937	0.7696	0.0000	0.0000	0.0000	0.0000	0.0000	0.0000	0.0000	0.0000	0.0000	0.0021	0.0020	0.0001	0.0020	0.0020	0.0000	0.0001	0.0000	0.0001	0.0955	0.0829	0.0126	0.0190	0.0173	0.0017	0.0764	0.0656	0.0109	0.1177	0.0744	0.0433	0.0341	0.0318	0.0023	0.0836	0.0426	0.0410	0.0289	0.0217	0.0091	0.0367	0.0377	0.0007	0.0946	0.2574	0.0103	0.0180	0.0275	0.0018	0.0594	0.0636	0.0013	0.0011	0.0005	0.0018
84	100	0.1849	11	0	1	0	0	0	0	0	0	N	N	N	N	N	N	N	N	N	N	N	N	15.5876	102.8922	0.0000	261.6747	338.3883	0.0000	0.0013	67.5582	0.0000	0.0538	0.0618	0.0000	0.5218	0.5552	0.0000	0.0000	0.0000	0.0000	0.0035	0.0006	0.0079	0.0020	0.0016	0.0050	0.0039	0.0000	0.0081	0.0000	8.4600	-0.0039	0.0003	7.1084	3.6906	28.8937	1.4800	0.0102	0.0102	0.0000	0.0102	0.0102	0.0000	0.0000	0.0000	0.0000	0.0008	0.0001	0.0007	0.0001	0.0001	0.0000	0.0007	0.0000	0.0007	0.1888	0.1644	0.0244	0.0195	0.0183	0.0012	0.1693	0.1461	0.0232	0.2260	0.1373	0.0887	0.0562	0.0502	0.0060	0.1697	0.0871	0.0827	15.5876	102.8922	0.0000	261.6747	338.3883	0.0000	0.0013	67.5582	0.0000	0.0035	0.0006	0.0079	0.0020	0.0016	0.0050	0.0039	0.0000	0.0081
84	101	0.1849	10	0	1	0	0	0	0	0	0	N	N	N	N	N	N	N	N	N	N	N	N	0.0180	0.0251	0.0029	0.0355	0.0339	0.0011	0.0041	8.4605	0.0029	0.0007	0.0007	0.0002	0.0021	0.0021	0.0000	0.0001	0.0001	0.0002	0.0383	0.0298	0.0536	0.0592	0.0631	0.0236	0.0278	0.0000	0.0566	0.0233	1.0118	-0.0000	-0.0001	7.1084	0.1361	28.8937	0.4500	0.0000	0.0000	0.0000	0.0000	0.0000	0.0000	0.0000	0.0000	0.0000	0.0014	0.0007	0.0007	0.0007	0.0007	0.0000	0.0007	0.0000	0.0007	0.0129	0.0117	0.0013	0.0037	0.0037	0.0001	0.0092	0.0080	0.0012	0.0355	0.0227	0.0128	0.0119	0.0107	0.0012	0.0236	0.0120	0.0116	0.0180	0.0251	0.0029	0.0355	0.0339	0.0011	0.0041	8.4605	0.0029	0.0383	0.0298	0.0536	0.0592	0.0631	0.0236	0.0278	0.0000	0.0566
84	102	0.1690	9	0	1	0	0	0	0	0	0	N	N	N	N	N	N	N	N	N	N	N	N	0.0009	1.9624	0.0000	0.6733	3.2456	0.0000	0.0001	1.5318	0.0000	0.0020	0.0023	0.0000	0.0089	0.0094	0.0000	0.0002	0.0003	0.0000	2.2132	0.0012	5.4397	0.0133	0.0029	0.1357	2.8858	0.0002	5.6890	0.0008	3210.3829	-0.0002	0.3910	7.1084	3.5591	28.8937	4.5341	0.0005	0.0005	0.0000	0.0004	0.0004	0.0000	0.0000	0.0000	0.0000	0.8560	0.0003	0.8558	0.0012	0.0002	0.0010	0.8548	0.0000	0.8548	0.2231	0.1981	0.0251	0.0461	0.0438	0.0023	0.1771	0.1543	0.0228	0.3868	0.2295	0.1573	0.0906	0.0835	0.0071	0.2962	0.1460	0.1503	0.0009	1.9624	0.0000	0.6733	3.2456	0.0000	0.0001	1.5318	0.0000	2.2132	0.0012	5.4397	0.0133	0.0029	0.1357	2.8858	0.0002	5.6890
84	103	0.1473	8	0	1	0	0	0	0	0	0	N	N	N	N	N	N	N	N	N	N	N	N	0.0124	2.4885	0.0003	2.7454	2.8071	0.0110	0.0016	3.0243	0.0003	0.0513	0.0593	0.0031	0.1984	0.2075	0.0006	0.0078	0.0088	0.0033	4.1215	0.0238	9.5857	0.0723	0.0739	0.0549	5.0358	0.0029	9.9553	0.0086	301.9030	-0.0037	0.9077	7.1084	2.8937	28.8937	8.0733	0.0100	0.0099	0.0001	0.0088	0.0088	0.0000	0.0012	0.0011	0.0001	2.0005	0.0066	1.9939	0.0065	0.0060	0.0004	1.9941	0.0006	1.9935	0.1951	0.1674	0.0276	0.0445	0.0425	0.0020	0.1506	0.1249	0.0257	0.4854	0.2774	0.2080	0.0894	0.0817	0.0078	0.3960	0.1957	0.2002	0.0124	2.4885	0.0003	2.7454	2.8071	0.0110	0.0016	3.0243	0.0003	4.1215	0.0238	9.5857	0.0723	0.0739	0.0549	5.0358	0.0029	9.9553
84	104	0.2051	8	0	2	0	0	0	0	0	0	N	Y	N	N	N	N	N	N	N	N	N	N	0.0099	14.1505	0.0001	3.2293	12.3666	0.0002	0.0031	3152.8616	0.0001	0.0713	0.0820	0.0046	0.1358	0.1421	0.0001	0.0373	0.0447	0.0052	7.1924	0.0058	55.3936	0.0420	0.0115	0.7970	11.9741	0.0000	59.4003	0.0090	1649.0362	-0.0001	0.4080	7.1084	0.0277	28.8937	1.3445	0.0002	0.0002	0.0000	0.0001	0.0001	0.0000	0.0001	0.0001	0.0000	0.8939	0.0005	0.8933	0.0021	0.0005	0.0016	0.8918	0.0000	0.8918	0.0026	0.0022	0.0004	0.0009	0.0008	0.0000	0.0017	0.0014	0.0003	0.1243	0.0935	0.0308	0.0498	0.0471	0.0027	0.0745	0.0464	0.0280	0.0099	14.1505	0.0002	3.2293	12.3666	0.0002	0.0031	3152.8616	0.0002	7.1924	0.0058	29.0408	0.0420	0.0115	0.5695	11.9741	0.0000	31.8102
84	105	0.1585	7	0	2	0	0	0	0	0	0	N	Y	N	N	N	N	N	N	N	N	N	N	0.3088	19.6754	0.0303	0.4866	0.4949	0.0024	0.2953	128.1829	0.0312	0.3933	0.4373	0.0942	0.0293	0.0308	0.0001	0.4655	0.5269	0.1006	1.2735	0.0222	3.1059	0.0602	0.0623	0.0347	1.5766	0.0041	3.2217	0.0317	95.4293	-0.0379	0.4983	7.1084	5.1414	28.8937	16.4151	0.1083	0.1049	0.0033	0.0013	0.0013	0.0000	0.1069	0.1036	0.0033	1.1156	0.0116	1.1040	0.0105	0.0101	0.0004	1.1051	0.0015	1.1036	0.2753	0.2400	0.0353	0.0456	0.0433	0.0022	0.2297	0.1966	0.0331	0.8760	0.5205	0.3555	0.1751	0.1622	0.0129	0.7009	0.3584	0.3425	0.3088	19.6754	0.0303	0.4866	0.4949	0.0024	0.2953	128.1829	0.0312	1.2735	0.0222	3.1059	0.0602	0.0623	0.0347	1.5766	0.0041	3.2217
84	106	0.1502	6	0	1	0	0	0	0	0	0	N	N	N	N	N	N	N	N	N	N	N	N	49.7923	64.9473	0.0152	0.9098	0.9130	0.2282	88.8263	1114.1046	0.0149	4.1966	4.8522	0.0015	0.1541	0.1626	0.0013	4.8099	5.6429	0.0015	0.0843	0.0747	0.0997	0.1694	0.1781	0.0056	0.0541	0.0051	0.1031	0.0000	0.8287	-0.3379	-0.0023	7.1084	3.8974	28.8937	1.6364	0.8869	0.8869	0.0000	0.0043	0.0043	0.0000	0.8826	0.8826	0.0000	0.0262	0.0143	0.0119	0.0138	0.0137	0.0000	0.0124	0.0006	0.0118	0.2113	0.1828	0.0286	0.0278	0.0264	0.0015	0.1835	0.1564	0.0271	0.3104	0.1915	0.1189	0.0812	0.0771	0.0041	0.2292	0.1144	0.1148	49.7923	64.9473	0.0152	0.9098	0.9130	0.2282	88.8263	1114.1046	0.0149	0.0843	0.0747	0.0997	0.1694	0.1781	0.0056	0.0541	0.0051	0.1031
84	107	0.1292	5	0	1	0	0	0	0	0	0	N	N	N	N	N	N	N	N	N	N	N	N	5.9098	12.7527	0.2366	1.7745	1.7422	0.3689	8.6176	84.1120	0.2352	0.6182	0.7358	0.0398	0.1928	0.1950	0.0163	0.8886	1.1999	0.0405	0.1046	0.0577	0.1682	0.1086	0.1119	0.0442	0.1031	0.0143	0.1721	0.0110	2.1506	-0.0152	0.0085	7.1084	0.3701	28.8937	9.6236	0.0409	0.0405	0.0004	0.0050	0.0050	0.0000	0.0360	0.0355	0.0004	0.0611	0.0194	0.0417	0.0171	0.0167	0.0003	0.0440	0.0027	0.0413	0.0662	0.0550	0.0112	0.0257	0.0254	0.0003	0.0405	0.0296	0.0109	0.5838	0.3359	0.2479	0.1570	0.1494	0.0076	0.4268	0.1866	0.2402	5.9098	12.7527	0.2366	1.7745	1.7422	0.3689	8.6176	84.1120	0.2352	0.1046	0.0577	0.1682	0.1086	0.1119	0.0442	0.1031	0.0143	0.1721
84	108	0.1187	4	0	1	0	0	0	0	0	0	N	N	N	N	N	N	N	N	N	N	N	N	0.0766	0.0958	0.1281	0.0670	0.0604	159.4555	0.0697	0.8933	0.1218	0.1127	0.0741	0.3037	0.1511	0.1466	0.5037	0.0897	0.0160	0.2978	1.4710	0.7742	2.3708	2.2549	2.4257	0.0032	1.2866	0.0180	2.4459	0.8284	2.3713	0.0006	0.0592	7.1084	0.4415	28.8937	4.8853	0.0080	0.0044	0.0036	0.0040	0.0038	0.0002	0.0040	0.0005	0.0035	0.3691	0.1095	0.2596	0.1078	0.1077	0.0000	0.2614	0.0017	0.2596	0.0709	0.0590	0.0119	0.0266	0.0262	0.0003	0.0443	0.0327	0.0116	0.2509	0.1414	0.1095	0.0478	0.0444	0.0034	0.2031	0.0970	0.1061	0.0766	0.0958	0.1281	0.0670	0.0604	159.4555	0.0697	0.8933	0.1218	1.4710	0.7742	2.3708	2.2549	2.4257	0.0032	1.2866	0.0180	2.4459
84	109	0.1776	9	1	2	0	1	0	0	0	0	N	Y	N	N	N	N	N	N	N	N	N	N	0.0000	0.0000	0.0000	0.0000	0.0000	0.0000	0.0000	0.0000	0.0000	0.0000	0.0000	0.0000	0.0000	0.0000	0.0000	0.0000	0.0000	0.0000	0.0000	0.0000	7.1084	0.0000	28.8937	0.0000	0.0000	0.0000	0.0000	0.0000	0.0000	0.0000	0.0000	0.0000	0.0000	0.0000	0.0000	0.0000	0.0000	0.0000	0.0000	0.0000	0.0000	0.0000	0.0000	0.0000	0.0000	0.0000	0.0000	0.0000	0.0000	0.0000	0.0000	0.0000	0.0000	0.0000	0.0000	0.0000	0.0000	0.0000	0.0000	0.0000	0.0000	0.0000	0.0000	0.0000	0.0000	0.0000	0.0000	0.0000	0.0000	0.0000	0.0000	0.0000	0.0000	0.0000	0.0000	0.0000	0.0000	0.0000											
84	110	0.1627	8	1	2	0	1	0	0	0	0	N	Y	N	N	N	N	N	N	N	N	N	N	0.0000	0.0000	0.0000	0.0000	0.0000	0.0000	0.0000	0.0000	0.0000	0.0000	0.0000	0.0000	0.0000	0.0000	0.0000	0.0000	0.0000	0.0000	3.0991	5.4362	0.0031	0.0126	0.0078	0.0490	3.9798	8.2819	0.0002	0.0004	0.0000	-0.5411	7.1084	0.0000	28.8937	7.1240	0.0000	0.0000	0.0000	0.0000	0.0000	0.0000	0.0000	0.0000	0.0000	0.9973	0.9969	0.0004	0.0009	0.0005	0.0004	0.9964	0.9964	0.0000	0.0000	0.0000	0.0000	0.0000	0.0000	0.0000	0.0000	0.0000	0.0000	0.3218	0.1834	0.1384	0.0714	0.0631	0.0084	0.2504	0.1203	0.1301	0.0000	0.0000	0.0000	0.0000	0.0000	0.0000	0.0000	0.0000	0.0000	3.0991	5.4362	0.0031	0.0126	0.0078	0.0490	3.9798	8.2819	0.0002	
84	111	0.1716	10	0	2	0	1	0	0	0	0	N	Y	N	N	N	N	N	N	N	N	N	N	150.1633	233.3427	0.0000	214.2341	193.8070	0.0000	0.0000	0.0000	0.0000	5.1077	5.5640	0.0000	13.2363	13.2988	0.0000	0.0000	0.0000	0.0000	0.0340	0.0238	0.0480	0.0618	0.0686	0.0215	0.0255	0.0000	0.0503	0.0000	1.4673	-0.0005	0.0004	7.1084	0.0016	28.8937	5.0076	0.0014	0.0014	0.0000	0.0014	0.0014	0.0000	0.0000	0.0000	0.0000	0.0075	0.0030	0.0045	0.0032	0.0030	0.0002	0.0043	0.0000	0.0043	0.0003	0.0003	0.0000	0.0001	0.0001	0.0000	0.0002	0.0001	0.0000	0.2203	0.1274	0.0929	0.0518	0.0443	0.0075	0.1686	0.0831	0.0854	150.1633	233.3427	0.0000	214.2341	193.8070	0.0000	0.0000	0.0000	0.0000	0.0340	0.0238	0.0480	0.0618	0.0686	0.0215	0.0255	0.0000	0.0503
84	112	0.1648	9	0	2	0	1	0	0	0	0	N	Y	N	N	N	N	N	N	N	N	N	N	0.0022	0.0000	0.0035	0.0000	0.0000	0.0000	0.0019	0.0000	0.0038	0.0283	0.0000	0.2147	0.0000	0.0000	0.0000	0.0317	0.0000	0.2251	12.9018	0.0033	61.7312	0.0154	0.0039	0.1143	17.0805	0.0030	59.0917	inf	6791.9488	0.0009	0.9114	7.1084	1.0012	28.8937	2.1373	0.0014	0.0000	0.0014	0.0000	0.0000	0.0000	0.0014	0.0000	0.0014	1.9947	0.0003	1.9944	0.0006	0.0001	0.0004	1.9941	0.0002	1.9940	0.0502	0.0436	0.0066	0.0054	0.0051	0.0003	0.0448	0.0385	0.0063	0.1546	0.0880	0.0666	0.0379	0.0339	0.0039	0.1167	0.0541	0.0627	0.0022	0.0000	0.0072	0.0000	0.0000	0.0000	0.0019	0.0000	0.0071	12.9018	0.0033	29.9402	0.0154	0.0039	0.1143	17.0805	0.0030	31.8076
84	113	0.1731	9	0	2	0	0	0	0	0	0	N	Y	N	N	N	N	N	N	N	N	N	N	0.0000	0.0000	0.0000	0.0000	0.0000	0.0000	0.0000	0.0000	0.0000	0.0000	0.0000	0.0000	0.0000	0.0000	0.0000	0.0000	0.0000	0.0000	3.9043	6.7944	0.0001	0.0213	0.0244	0.0002	5.0665	10.4217	0.0001	0.0000	0.0000	-0.5469	7.1084	0.9705	28.8937	5.0371	0.0000	0.0000	0.0000	0.0000	0.0000	0.0000	0.0000	0.0000	0.0000	1.0072	1.0072	0.0000	0.0013	0.0013	0.0000	1.0059	1.0059	0.0000	0.0571	0.0501	0.0070	0.0107	0.0102	0.0005	0.0465	0.0399	0.0066	0.2580	0.1482	0.1097	0.0594	0.0517	0.0077	0.1985	0.0965	0.1020	0.0000	0.0000	0.0000	0.0000	0.0000	0.0000	0.0000	0.0000	0.0000	3.9043	6.7944	0.0001	0.0213	0.0244	0.0002	5.0665	10.4217	0.0001	
84	114	0.1648	9	0	1	1	1	0	0	0	0	N	N	N	N	N	N	N	N	N	N	N	N	0.0000	0.0000	0.0000	0.0000	0.0000	0.0000	0.0000	0.0000	0.0000	0.0000	0.0000	0.0000	0.0000	0.0019	0.0034	0.0000	0.0067	0.0072	0.0000	0.0000	0.0000	0.0000	0.0000	0.0000	-0.0001	7.1084	0.0000	28.8937	1.1303	0.0000	0.0000	0.0000	0.0000	0.0000	0.0000	0.0000	0.0000	0.0000	0.0001	0.0001	0.0000	0.0001	0.0001	0.0000	0.0000	0.0000	0.0000	0.0000	0.0000	0.0000	0.0000	0.0000	0.0000	0.0000	0.0000	0.0000	0.0675	0.0382	0.0294	0.0194	0.0180	0.0014	0.0481	0.0202	0.0279	0.0000	0.0000	0.0000	0.0000	0.0000	0.0000	0.0000	0.0000	0.0000	0.0019	0.0034	0.0000	0.0067	0.0072	0.0000	0.0000	0.0000	0.0000						
84	115	0.1627	8	0	1	0	1	0	0	0	0	N	N	N	N	N	N	N	N	N	N	N	N	0.0000	0.0000	0.0000	0.0000	0.0000	0.0000	0.0000	0.0000	0.0000	0.0000	0.0000	0.0000	0.0000	0.0000	0.0000	0.0000	0.0000	0.1520	0.2648	0.0036	0.1753	0.1891	0.0000	0.1428	0.3357	0.0038	0.0103	0.0000	-0.0059	7.1084	0.0000	28.8937	1.2340	0.0000	0.0000	0.0000	0.0000	0.0000	0.0000	0.0000	0.0000	0.0000	0.0111	0.0110	0.0001	0.0036	0.0036	0.0000	0.0075	0.0074	0.0001	0.0000	0.0000	0.0000	0.0000	0.0000	0.0000	0.0000	0.0000	0.0000	0.0729	0.0414	0.0315	0.0206	0.0191	0.0015	0.0523	0.0223	0.0300	0.0000	0.0000	0.0000	0.0000	0.0000	0.0000	0.0000	0.0000	0.0000	0.1520	0.2648	0.0036	0.1753	0.1891	0.0000	0.1428	0.3295	0.0038		
84	116	0.1702	9	0	1	1	1	0	0	0	0	N	N	N	N	N	N	N	N	N	N	N	N	2.0267	1.3724	0.0000	0.0018	0.0017	478.0342	268.9289	0.0000	17.9084	20.3637	0.0000	0.0606	0.0631	0.0000	22.2689	25.8973	0.0000	8.8363	14.8384	0.0000	33.2797	36.2745	0.0000	0.0466	0.0963	0.0000	0.0000	0.0000	-0.3703	-0.4640	7.1084	0.9725	28.8937	0.9874	0.9718	0.9718	0.0000	0.0006	0.0006	0.0000	0.9712	0.9712	0.0000	0.8545	0.8545	0.0000	0.8513	0.8513	0.0000	0.0033	0.0033	0.0000	0.0543	0.0477	0.0065	0.0107	0.0102	0.0004	0.0436	0.0375	0.0061	0.0967	0.0576	0.0391	0.0262	0.0235	0.0027	0.0705	0.0341	0.0364	2.0267	1.3724	0.0000	0.0019	0.0017	0.0000	478.0342	268.9289	0.0000	8.8363	14.8384	0.0000	32.5293	36.2745	0.0000	0.0466	0.0963	0.0000	
84	117	0.1702	9	0	1	1	1	0	0	0	0	N	N	N	N	N	N	N	N	N	N	N	N	36.0532	92.4816	0.0000	3544.7913	3595.0761	0.0000	0.0162	0.0375	0.0000	5.1325	5.5998	0.0000	12.3962	12.5471	0.0000	0.0031	0.0035	0.0000	0.1424	0.0606	0.2619	0.0035	0.0035	0.0035	0.1887	0.0943	0.2822	0.0000	2.9595	-0.0107	0.0053	7.1084	0.0285	28.8937	4.0215	0.0280	0.0280	0.0000	0.0280	0.0280	0.0000	0.0000	0.0000	0.0000	0.0261	0.0066	0.0195	0.0002	0.0001	0.0000	0.0259	0.0065	0.0195	0.0055	0.0050	0.0005	0.0023	0.0022	0.0000	0.0032	0.0028	0.0004	0.1834	0.1089	0.0745	0.0459	0.0405	0.0054	0.1375	0.0684	0.0691	36.0532	92.4816	0.0000	3544.7913	3595.0761	0.0000	0.0162	0.0375	0.0000	0.1424	0.0606	0.2619	0.0035	0.0035	0.0035	0.1887	0.0943	0.2822
84	118	0.1627	8	0	1	1	1	0	0	0	0	N	N	N	N	N	N	N	N	N	N	N	N	0.0768	0.0503	0.0000	3.4766	3.2718	0.0392	0.0217	0.0000	0.3223	0.3710	0.0000	1.2642	1.3397	0.0000	0.2088	0.2429	0.0000	4.1992	7.3740	0.0000	0.3636	0.4095	0.0000	5.3318	11.2159	0.0000	0.0000	0.0000	-0.0185	-0.5501	7.1084	3.0275	28.8937	2.1573	0.0484	0.0484	0.0000	0.0204	0.0204	0.0000	0.0280	0.0280	0.0000	1.0131	1.0131	0.0000	0.0200	0.0200	0.0000	0.9931	0.9931	0.0000	0.1502	0.1305	0.0197	0.0162	0.0152	0.0009	0.1341	0.1153	0.0188	0.2413	0.1374	0.1039	0.0550	0.0488	0.0062	0.1863	0.0885	0.0977	0.0768	0.0503	0.0000	3.4766	3.2718	0.0000	0.0392	0.0217	0.0000	4.1992	7.3740	0.0000	0.3636	0.4095	0.0000	5.3318	11.2159	0.0000	
84	119	0.2039	8	1	2	0	0	0	0	0	0	N	Y	N	N	N	N	N	N	N	N	N	N	0.0059	14.4221	0.0000	55.1871	150.8769	0.0000	0.0000	0.0048	0.0000	0.0236	0.0271	0.0000	0.0655	0.0734	0.0000	0.0000	0.0000	0.0000	4.0186	0.0019	10.3347	0.0012	0.0005	0.0089	5.4465	0.0028	10.9482	0.0000	3500.7022	-0.0013	0.4445	7.1084	2.1883	28.8937	3.1271	0.0034	0.0034	0.0000	0.0034	0.0034	0.0000	0.0000	0.0000	0.0000	0.9733	0.0003	0.9730	0.0001	0.0000	0.0000	0.9732	0.0002	0.9730	0.1456	0.1271	0.0185	0.0525	0.0469	0.0057	0.0931	0.0803	0.0128	0.2422	0.1480	0.0941	0.0635	0.0582	0.0053	0.1787	0.0898	0.0889	0.0059	14.4221	0.0000	55.1871	150.8769	0.0000	0.0000	0.0048	0.0000	4.0186	0.0019	10.3347	0.0012	0.0005	0.0089	5.4465	0.0028	10.9482
84	120	0.1370	7	1	2	0	0	0	0	0	0	N	Y	N	N	N	N	N	N	N	N	N	N	0.0285	0.0243	0.0021	115.3537	109.3583	31.3191	0.0047	0.0035	0.0020	0.0319	0.0364	0.0013	0.1791	0.1881	0.0012	0.0063	0.0071	0.0013	1.1184	1.4969	0.6132	0.0016	0.0017	0.0000	1.3410	2.0272	0.6378	0.0053	0.3070	-0.0087	-0.4020	7.1084	13.6104	28.8937	16.0982	0.0231	0.0230	0.0001	0.0193	0.0193	0.0000	0.0039	0.0038	0.0001	1.3050	0.9985	0.3065	0.0003	0.0003	0.0000	1.3047	0.9982	0.3065	0.7259	0.6321	0.0939	0.1076	0.1024	0.0052	0.6184	0.5297	0.0887	1.1668	0.6670	0.4998	0.1939	0.1746	0.0193	0.9729	0.4924	0.4805	0.0285	0.0243	0.0021	115.3537	109.3583	31.3191	0.0047	0.0035	0.0020	1.1184	1.4969	0.6132	0.0016	0.0017	0.0000	1.3410	2.0272	0.6378
84	121	0.1622	9	0	2	0	0	0	0	0	0	N	Y	N	N	N	N	N	N	N	N	N	N	0.0990	0.0068	1099.9854	0.0881	0.0487	55.6114	0.1099	0.0000	12651.3446	0.0909	0.0099	0.4992	0.0336	0.0193	0.5620	0.1356	0.0000	0.4945	0.9188	1.4440	0.0005	0.3809	0.3966	0.0101	1.2333	2.7581	0.0000	10.0204	0.0002	0.0039	-0.2483	7.1084	0.3548	28.8937	4.6068	0.0074	0.0007	0.0067	0.0012	0.0007	0.0005	0.0062	0.0000	0.0062	0.4574	0.4573	0.0001	0.0700	0.0699	0.0001	0.3874	0.3874	0.0000	0.0810	0.0676	0.0134	0.0355	0.0345	0.0009	0.0456	0.0331	0.0125	0.4978	0.3167	0.1811	0.1837	0.1762	0.0075	0.3141	0.1405	0.1737	0.0990	0.0068	1099.9854	0.0881	0.0487	55.6114	0.1099	0.0000	12651.3446	0.9188	1.4440	0.0005	0.3809	0.3966	0.0101	1.2333	2.7581	0.0000
84	122	0.1473	8	0	2	0	0	0	0	0	0	N	Y	N	N	N	N	N	N	N	N	N	N	0.0217	0.0020	4.0875	0.0040	0.0029	11.6112	0.0521	0.0005	4.1033	0.0983	0.0156	0.5815	0.0570	0.0445	0.3515	0.1145	0.0021	0.6011	4.5276	7.8020	0.1423	14.2588	15.5110	0.0303	2.1988	4.3386	0.1465	6.3961	0.0136	0.0065	-0.8188	7.1084	1.6911	28.8937	5.7022	0.0134	0.0018	0.0116	0.0022	0.0016	0.0006	0.0112	0.0002	0.0110	1.5462	1.5255	0.0208	0.9403	0.9401	0.0002	0.6059	0.5853	0.0206	0.1363	0.1164	0.0199	0.0385	0.0369	0.0016	0.0978	0.0795	0.0184	0.3415	0.1955	0.1460	0.0659	0.0606	0.0053	0.2756	0.1349	0.1407	0.0217	0.0020	4.0875	0.0040	0.0029	11.6112	0.0521	0.0005	4.1033	4.5276	7.8020	0.1423	14.2588	15.5110	0.0303	2.1988	4.3386	0.1465
84	123	0.1370	7	0	1	0	0	0	0	0	0	N	N	N	N	N	N	N	N	N	N	N	N	0.5492	0.2012	3.2555	0.2676	0.2402	417.7716	0.7573	0.0099	3.2687	0.0543	0.0217	0.2824	0.0667	0.0654	0.1110	0.0491	0.0004	0.2944	0.0989	0.1079	0.0868	0.2493	0.2724	0.0003	0.0649	0.0393	0.0901	1.8604	0.5966	0.0028	-0.0040	7.1084	2.0929	28.8937	3.1856	0.0103	0.0036	0.0067	0.0037	0.0036	0.0002	0.0066	0.0000	0.0065	0.0239	0.0150	0.0089	0.0111	0.0111	0.0000	0.0128	0.0039	0.0089	0.1902	0.1664	0.0238	0.0561	0.0545	0.0016	0.1341	0.1119	0.0222	0.2415	0.1387	0.1029	0.0446	0.0408	0.0038	0.1970	0.0979	0.0991	0.5492	0.2012	3.2555	0.2676	0.2402	417.7716	0.7573	0.0099	3.2687	0.0989	0.1079	0.0868	0.2493	0.2724	0.0003	0.0649	0.0393	0.0901
84	124	0.1777	10	1	2	0	0	0	0	0	0	N	Y	N	N	N	N	N	N	N	N	N	N	0.0000	0.0000	0.0000	0.0000	0.0000	0.0000	0.0000	0.0000	0.0000	0.0000	0.0000	0.0000	0.0000	0.0000	0.0000	0.0000	0.0000	0.0000	0.0000	0.0000	7.1084	0.0000	28.8937	0.0000	0.0000	0.0000	0.0000	0.0000	0.0000	0.0000	0.0000	0.0000	0.0000	0.0000	0.0000	0.0000	0.0000	0.0000	0.0000	0.0000	0.0000	0.0000	0.0000	0.0000	0.0000	0.0000	0.0000	0.0000	0.0000	0.0000	0.0000	0.0000	0.0000	0.0000	0.0000	0.0000	0.0000	0.0000	0.0000	0.0000	0.0000	0.0000	0.0000	0.0000	0.0000	0.0000	0.0000	0.0000	0.0000	0.0000	0.0000	0.0000	0.0000	0.0000	0.0000	0.0000	0.0000	0.0000											
84	125	0.1731	9	1	2	0	0	0	0	0	0	N	Y	N	N	N	N	N	N	N	N	N	N	0.0000	0.0000	0.0000	0.0000	0.0000	0.0000	0.0000	0.0000	0.0000	0.0000	0.0000	0.0000	0.0000	0.0000	0.0000	0.0000	0.0000	0.0000	0.0065	0.0111	0.0001	0.0254	0.0289	0.0000	0.0001	0.0001	0.0001	0.0073	0.0000	-0.0004	7.1084	0.1434	28.8937	1.9839	0.0000	0.0000	0.0000	0.0000	0.0000	0.0000	0.0000	0.0000	0.0000	0.0007	0.0007	0.0000	0.0006	0.0006	0.0000	0.0000	0.0000	0.0000	0.0157	0.0141	0.0016	0.0060	0.0058	0.0002	0.0097	0.0083	0.0014	0.1004	0.0588	0.0416	0.0256	0.0225	0.0031	0.0748	0.0363	0.0385	0.0000	0.0000	0.0000	0.0000	0.0000	0.0000	0.0000	0.0000	0.0000	0.0065	0.0111	0.0001	0.0254	0.0289	0.0000	0.0001	0.0001	0.0001	
84	126	0.1627	8	0	2	0	0	0	0	0	0	N	Y	N	N	N	N	N	N	N	N	N	N	0.0000	0.0000	0.0000	0.0000	0.0000	0.0000	0.0000	0.0000	0.0000	0.0000	0.0000	0.0000	0.0000	0.0000	0.0000	0.0000	0.0000	0.0000	0.0169	0.0228	0.0091	0.0462	0.0519	0.0000	0.0082	0.0064	0.0097	0.3035	0.0000	-0.0012	7.1084	1.8882	28.8937	2.9115	0.0000	0.0000	0.0000	0.0000	0.0000	0.0000	0.0000	0.0000	0.0000	0.0038	0.0029	0.0009	0.0024	0.0024	0.0000	0.0014	0.0005	0.0009	0.0942	0.0819	0.0124	0.0101	0.0096	0.0006	0.0841	0.0723	0.0118	0.2251	0.1282	0.0969	0.0517	0.0460	0.0057	0.1734	0.0822	0.0912	0.0000	0.0000	0.0000	0.0000	0.0000	0.0000	0.0000	0.0000	0.0000	0.0169	0.0228	0.0091	0.0462	0.0519	0.0000	0.0082	0.0064	0.0097	
84	127	0.1370	7	0	1	0	0	0	0	0	0	N	N	N	N	N	N	N	N	N	N	N	N	0.0411	0.0526	0.1378	1.1061	0.1521	17601.1475	0.0422	0.0005	0.1342	0.0633	0.0006	0.4940	0.0153	0.0023	0.4027	0.0785	0.0000	0.5000	1.5413	0.0119	3.5838	0.0139	0.0153	0.0000	1.8587	0.0106	3.7256	114.9429	225.5604	0.0101	0.3754	7.1084	3.5543	28.8937	9.0319	0.0166	0.0001	0.0164	0.0010	0.0001	0.0008	0.0156	0.0000	0.0156	0.8294	0.0037	0.8257	0.0013	0.0013	0.0000	0.8281	0.0024	0.8257	0.2617	0.2284	0.0332	0.0630	0.0610	0.0020	0.1987	0.1675	0.0312	0.5381	0.3077	0.2304	0.0926	0.0838	0.0088	0.4455	0.2239	0.2216	0.0411	0.0526	0.1378	1.1061	0.1521	17601.1475	0.0422	0.0005	0.1342	1.5413	0.0119	3.5838	0.0139	0.0153	0.0000	1.8587	0.0106	3.7256
84	128	0.1333	6	0	1	0	0	0	0	0	0	N	N	N	N	N	N	N	N	N	N	N	N	40.2138	18.8885	126.0498	21.4314	20.4968	173.2420	50.7746	35.8971	138.8145	0.0842	0.0240	0.4265	0.0679	0.0687	0.0575	0.0903	0.0053	0.4855	0.0021	0.0013	0.0034	0.0032	0.0034	0.0003	0.0018	0.0001	0.0035	3.1332	1.7073	0.0063	0.0000	7.1084	2.6246	28.8937	0.7212	0.0166	0.0040	0.0126	0.0036	0.0034	0.0002	0.0130	0.0006	0.0124	0.0004	0.0001	0.0002	0.0001	0.0001	0.0000	0.0002	0.0000	0.0002	0.1977	0.1681	0.0296	0.0536	0.0496	0.0041	0.1441	0.1186	0.0255	0.1718	0.1048	0.0670	0.0391	0.0367	0.0024	0.1328	0.0681	0.0646	40.2138	18.8885	126.0498	21.4314	20.4968	173.2420	50.7746	35.8971	138.8145	0.0021	0.0013	0.0034	0.0032	0.0034	0.0003	0.0018	0.0001	0.0035
84	129	0.1276	5	0	1	0	0	0	0	0	0	N	N	N	N	N	N	N	N	N	N	N	N	32.3534	23.0431	74.5575	4.2165	3.9941	37.7460	308.2806	2620.0167	77.1781	0.2297	0.2483	0.1197	0.1263	0.1275	0.0979	0.2549	0.2823	0.1210	0.0071	0.0108	0.0016	0.0300	0.0319	0.0026	0.0008	0.0001	0.0016	0.0817	0.0997	-0.0154	-0.0007	7.1084	3.3474	28.8937	1.3769	0.0505	0.0467	0.0038	0.0054	0.0053	0.0002	0.0451	0.0415	0.0036	0.0016	0.0015	0.0001	0.0015	0.0015	0.0000	0.0002	0.0000	0.0001	0.2200	0.1881	0.0319	0.0431	0.0413	0.0018	0.1769	0.1468	0.0301	0.2323	0.1391	0.0931	0.0500	0.0466	0.0034	0.1822	0.0925	0.0898	32.3534	23.0431	74.5575	4.2165	3.9941	37.7460	308.2806	2620.0167	77.1781	0.0071	0.0108	0.0016	0.0300	0.0319	0.0026	0.0008	0.0001	0.0016
84	130	0.1187	4	0	1	0	0	0	0	0	0	N	N	N	N	N	N	N	N	N	N	N	N	7.6824	13.9158	11.6916	10.2885	9.6207	71.3551	6.0450	88.5350	11.2359	0.1101	0.0702	0.3081	0.1510	0.1466	0.4837	0.0861	0.0107	0.3029	0.0143	0.0050	0.0264	0.0147	0.0152	0.0068	0.0142	0.0001	0.0270	0.8828	4.0316	0.0007	0.0008	7.1084	0.4686	28.8937	4.0374	0.0080	0.0042	0.0037	0.0040	0.0039	0.0002	0.0039	0.0004	0.0036	0.0031	0.0006	0.0025	0.0006	0.0006	0.0000	0.0025	0.0000	0.0025	0.0723	0.0602	0.0121	0.0267	0.0264	0.0003	0.0456	0.0338	0.0118	0.2176	0.1228	0.0948	0.0429	0.0400	0.0029	0.1747	0.0828	0.0919	7.6824	13.9158	11.6916	10.2885	9.6207	71.3551	6.0450	88.5350	11.2359	0.0143	0.0050	0.0264	0.0147	0.0152	0.0068	0.0142	0.0001	0.0270
84	131	0.1012	3	0	1	0	0	0	0	0	0	N	N	N	N	N	N	N	N	N	N	N	N	0.0240	0.0220	0.0163	0.5014	0.5015	0.5940	0.0015	0.0000	0.0148	0.0898	0.0991	0.0412	0.3578	0.3642	0.1216	0.0077	0.0001	0.0380	3.7368	4.5064	2.5290	0.7137	0.7261	0.2047	5.0231	7.9540	2.5723	0.0794	0.3576	-0.0076	-0.8206	7.1084	3.2951	28.8937	6.3724	0.0248	0.0230	0.0018	0.0232	0.0230	0.0002	0.0016	0.0000	0.0016	2.9353	2.1622	0.7731	0.1673	0.1662	0.0011	2.7679	1.9960	0.7719	0.2761	0.2318	0.0443	0.0647	0.0630	0.0017	0.2113	0.1687	0.0426	0.7855	0.4798	0.3057	0.2345	0.2289	0.0056	0.5510	0.2509	0.3001	0.0240	0.0220	0.0163	0.5014	0.5015	0.5940	0.0015	0.0000	0.0148	3.7368	4.5064	2.5290	0.7137	0.7261	0.2047	5.0231	7.9540	2.5723
84	132	0.0888	2	0	1	0	0	0	0	0	0	N	N	N	N	N	N	N	N	N	N	N	N	0.1321	0.1827	0.0902	0.3426	0.3452	0.1882	0.0368	0.0767	0.0892	0.1490	0.1519	0.1376	0.4457	0.4507	0.1791	0.0379	0.0014	0.1366	1.1285	0.8312	1.5254	1.3007	1.3055	0.9519	1.0298	0.0179	1.5310	0.2288	1.3742	-0.0073	0.0456	7.1084	2.3562	28.8937	6.2610	0.0373	0.0303	0.0069	0.0304	0.0301	0.0002	0.0069	0.0002	0.0067	1.2737	0.5365	0.7372	0.5346	0.5322	0.0024	0.7391	0.0042	0.7348	0.2500	0.1996	0.0504	0.0681	0.0669	0.0013	0.1819	0.1327	0.0491	1.1287	0.6454	0.4833	0.4110	0.4077	0.0033	0.7177	0.2377	0.4800	0.1321	0.1827	0.0902	0.3426	0.3452	0.2519	0.0368	0.0767	0.0892	1.1285	0.8312	1.5254	1.3007	1.3055	0.7110	1.0298	0.0179	1.5310
85	86	0.0830	3	0	1	1	0	0	0	0	0	N	N	N	N	N	N	N	N	N	N	N	N	0.1740	0.1344	0.0522	0.0867	0.0885	0.0339	0.2549	0.1557	0.0626	0.1543	0.1800	0.0030	0.0946	0.1063	0.0014	0.1942	0.2326	0.0037	0.8871	1.3389	0.0576	1.0915	1.2014	0.0411	0.7622	1.4942	0.0594	0.0028	0.0234	-0.0106	-0.0979	2.2208	5.3425	3.9129	7.0749	0.0280	0.0279	0.0001	0.0069	0.0069	0.0000	0.0211	0.0210	0.0001	0.1883	0.1840	0.0043	0.0879	0.0876	0.0003	0.1004	0.0964	0.0040	0.1811	0.1549	0.0263	0.0726	0.0645	0.0080	0.1086	0.0904	0.0182	0.2123	0.1374	0.0748	0.0805	0.0729	0.0076	0.1318	0.0645	0.0672	0.1740	0.1344	0.0522	0.0867	0.0885	0.0339	0.2549	0.1557	0.0626	0.8871	1.3389	0.0576	1.0915	1.2014	0.0411	0.7622	1.4942	0.0594
85	87	0.0398	2	0	1	0	0	0	0	0	0	N	N	N	N	N	N	N	N	N	N	N	N	1.0382	1.4687	0.0864	1.0221	1.1813	0.0142	0.9480	12.6688	0.1316	0.9727	1.2605	0.0908	1.1466	1.3745	0.0049	0.7470	1.0708	0.1439	0.9369	0.8582	1.0512	1.1218	1.1635	0.3445	0.7879	0.0845	1.0932	0.0235	0.8435	-0.2418	-0.0609	2.2208	7.0719	3.9129	13.7350	0.6753	0.6598	0.0155	0.4497	0.4493	0.0003	0.2256	0.2104	0.0152	0.7136	0.3871	0.3265	0.3814	0.3763	0.0051	0.3323	0.0108	0.3215	0.6942	0.5234	0.1708	0.3922	0.3269	0.0653	0.3021	0.1965	0.1055	0.7617	0.4510	0.3106	0.3400	0.3234	0.0165	0.4217	0.1276	0.2941	1.0382	1.4687	0.0864	1.0221	1.1813	0.0160	0.9480	12.6688	0.1316	0.9369	0.8582	1.0512	1.1218	1.1635	0.3060	0.7879	0.0845	1.0932
85	88	0.1428	14	1	1	1	0	0	0	0	0	N	N	N	N	N	N	N	N	N	N	N	N	0.0000	0.0000	0.0000	0.0000	0.0000	0.0000	0.0000	0.0000	0.0000	0.0000	0.0000	0.0000	0.0000	0.0000	0.0000	0.0000	0.0000	0.0000	0.0000	0.0000	2.2208	0.0000	3.9129	0.0000	0.0000	0.0000	0.0000	0.0000	0.0000	0.0000	0.0000	0.0000	0.0000	0.0000	0.0000	0.0000	0.0000	0.0000	0.0000	0.0000	0.0000	0.0000	0.0000	0.0000	0.0000	0.0000	0.0000	0.0000	0.0000	0.0000	0.0000	0.0000	0.0000	0.0000	0.0000	0.0000	0.0000	0.0000	0.0000	0.0000	0.0000	0.0000	0.0000	0.0000	0.0000	0.0000	0.0000	0.0000	0.0000	0.0000	0.0000	0.0000	0.0000	0.0000	0.0000	0.0000	0.0000	0.0000											
85	89	0.1409	13	1	1	1	0	0	0	0	0	N	N	N	N	N	N	N	N	N	N	N	N	0.0000	0.0000	0.0000	0.0000	0.0000	0.0000	0.0000	0.0000	0.0000	0.0000	0.0000	0.0000	0.0000	0.0000	0.0000	0.0000	0.0000	0.0000	0.0071	0.0062	0.0091	0.0143	0.0116	0.1116	0.0026	0.0000	0.0054	0.6274	0.0000	-0.0000	2.2208	0.0001	3.9129	0.9161	0.0000	0.0000	0.0000	0.0000	0.0000	0.0000	0.0000	0.0000	0.0000	0.0001	0.0001	0.0000	0.0001	0.0001	0.0000	0.0000	0.0000	0.0000	0.0000	0.0000	0.0000	0.0000	0.0000	0.0000	0.0000	0.0000	0.0000	0.0175	0.0122	0.0053	0.0068	0.0066	0.0002	0.0108	0.0057	0.0051	0.0000	0.0000	0.0000	0.0000	0.0000	0.0000	0.0000	0.0000	0.0000	0.0071	0.0062	0.0091	0.0143	0.0116	0.1116	0.0026	0.0000	0.0054	
85	90	0.1161	12	1	1	1	0	0	0	0	0	N	N	N	N	N	N	N	N	N	N	N	N	0.0151	0.0130	0.0013	0.1292	0.1335	0.0000	0.0021	0.0014	0.0015	0.0004	0.0004	0.0000	0.0010	0.0010	0.0000	0.0001	0.0001	0.0000	0.0245	0.0317	0.0095	0.0074	0.0076	0.0038	0.0334	0.0546	0.0097	0.0035	0.1432	-0.0000	-0.0016	2.2208	3.7876	3.9129	7.8440	0.0000	0.0000	0.0000	0.0000	0.0000	0.0000	0.0000	0.0000	0.0000	0.0038	0.0033	0.0005	0.0004	0.0004	0.0000	0.0034	0.0029	0.0005	0.1023	0.0915	0.0108	0.0347	0.0329	0.0018	0.0676	0.0585	0.0091	0.1536	0.1039	0.0497	0.0525	0.0505	0.0020	0.1010	0.0534	0.0477	0.0151	0.0130	0.0013	0.1292	0.1335	0.0000	0.0021	0.0014	0.0015	0.0245	0.0317	0.0095	0.0074	0.0076	0.0038	0.0334	0.0546	0.0097
85	91	0.0479	4	0	2	0	1	0	0	0	0	N	Y	N	N	N	N	N	N	N	N	N	N	3.1196	2.6181	3.1481	2.4312	2.2354	43.1794	3.6639	0.2185	3.0664	0.9989	0.2200	2.2880	0.3332	0.3117	2.4667	1.5252	0.0048	2.2859	0.3202	0.0840	0.7268	0.1370	0.1394	0.0571	0.4163	0.0220	0.7455	6.2854	5.0251	0.0929	0.0273	2.2208	1.8247	3.9129	16.3284	0.1929	0.0265	0.1664	0.0284	0.0263	0.0021	0.1645	0.0002	0.1643	0.0938	0.0156	0.0783	0.0138	0.0137	0.0002	0.0800	0.0019	0.0781	0.1931	0.1204	0.0727	0.0853	0.0844	0.0009	0.1079	0.0360	0.0719	0.2931	0.1854	0.1077	0.1008	0.0979	0.0029	0.1922	0.0875	0.1048	3.1196	2.6181	3.1481	2.4312	2.2354	43.1794	3.6639	0.2185	3.0664	0.3202	0.0840	0.7268	0.1370	0.1394	0.0571	0.4163	0.0220	0.7455
85	92	0.0374	3	0	2	0	0	0	0	0	0	N	Y	N	N	N	N	N	N	N	N	N	N	1.1854	0.2660	2.9681	0.2594	0.2543	2.8496	2.2541	0.3456	2.9461	0.9506	0.1682	3.2803	0.3581	0.3621	0.0511	1.2689	0.0025	3.3391	0.8019	0.6326	1.1052	1.3805	1.4241	0.0179	0.5629	0.0072	1.1334	6.5473	0.9756	0.1757	-0.0128	2.2208	9.1310	3.9129	16.1726	0.3612	0.0479	0.3134	0.0476	0.0475	0.0001	0.3137	0.0004	0.3133	0.2600	0.1316	0.1284	0.1308	0.1308	0.0001	0.1292	0.0008	0.1283	0.3800	0.2845	0.0955	0.1328	0.1311	0.0017	0.2472	0.1534	0.0938	0.3242	0.2081	0.1162	0.0948	0.0918	0.0029	0.2295	0.1162	0.1132	1.1854	0.2660	2.9681	0.2594	0.2543	2.8496	2.2541	0.3456	2.9461	0.8019	0.6326	1.1052	1.3805	1.4241	0.0179	0.5629	0.0072	1.1334
85	93	0.1224	9	0	2	0	0	0	0	0	0	N	Y	N	N	N	N	N	N	N	N	N	N	0.9847	2.7222	0.1346	1.3252	1.4156	0.0397	0.8814	4.0657	0.1506	0.0099	0.0107	0.0033	0.0061	0.0064	0.0002	0.0119	0.0133	0.0039	0.0100	0.0039	0.0242	0.0046	0.0045	0.0056	0.0135	0.0033	0.0257	0.0384	2.6446	-0.0004	0.0003	2.2208	4.0959	3.9129	8.7137	0.0011	0.0011	0.0000	0.0002	0.0002	0.0000	0.0009	0.0008	0.0000	0.0018	0.0005	0.0013	0.0003	0.0003	0.0000	0.0015	0.0002	0.0013	0.1109	0.0985	0.0124	0.0389	0.0368	0.0021	0.0720	0.0617	0.0103	0.1835	0.1283	0.0552	0.0718	0.0678	0.0040	0.1117	0.0606	0.0511	0.9847	2.7222	0.1346	1.3252	1.4156	0.0397	0.8814	4.0657	0.1506	0.0100	0.0039	0.0242	0.0046	0.0045	0.0056	0.0135	0.0033	0.0257
85	94	0.1041	8	0	2	0	0	0	0	0	0	N	Y	N	N	N	N	N	N	N	N	N	N	0.0219	0.0335	0.0012	0.0055	0.0061	0.0001	0.0358	0.1365	0.0015	0.0001	0.0001	0.0000	0.0000	0.0000	0.0000	0.0002	0.0002	0.0000	0.0049	0.0036	0.0080	0.0061	0.0058	0.0138	0.0042	0.0013	0.0077	0.0103	0.9747	-0.0000	-0.0000	2.2208	2.9443	3.9129	6.1524	0.0000	0.0000	0.0000	0.0000	0.0000	0.0000	0.0000	0.0000	0.0000	0.0006	0.0003	0.0003	0.0003	0.0003	0.0000	0.0003	0.0001	0.0003	0.0827	0.0733	0.0094	0.0308	0.0292	0.0015	0.0519	0.0441	0.0079	0.1231	0.0856	0.0376	0.0458	0.0439	0.0019	0.0774	0.0417	0.0357	0.0219	0.0335	0.0012	0.0055	0.0061	0.0001	0.0358	0.1365	0.0015	0.0049	0.0036	0.0080	0.0061	0.0058	0.0138	0.0042	0.0013	0.0077
85	95	0.1016	7	0	1	0	0	0	0	0	0	N	N	N	N	N	N	N	N	N	N	N	N	0.0103	0.0003	0.0646	0.0004	0.0005	0.0000	0.0197	0.0000	0.0794	0.0001	0.0000	0.0012	0.0000	0.0000	0.0000	0.0002	0.0000	0.0015	0.0136	0.0114	0.0190	0.0174	0.0171	0.0300	0.0111	0.0042	0.0187	48.9492	0.6946	0.0000	-0.0001	2.2208	0.8596	3.9129	1.2300	0.0000	0.0000	0.0000	0.0000	0.0000	0.0000	0.0000	0.0000	0.0000	0.0006	0.0003	0.0002	0.0003	0.0003	0.0000	0.0003	0.0001	0.0002	0.0240	0.0214	0.0027	0.0089	0.0084	0.0005	0.0152	0.0129	0.0022	0.0429	0.0304	0.0126	0.0174	0.0169	0.0004	0.0256	0.0134	0.0122	0.0103	0.0003	0.0646	0.0004	0.0005	0.0000	0.0197	0.0000	0.0794	0.0136	0.0114	0.0190	0.0174	0.0171	0.0300	0.0111	0.0042	0.0187
85	96	0.0898	6	0	1	0	0	0	0	0	0	N	N	N	N	N	N	N	N	N	N	N	N	0.1998	0.1872	0.4377	0.0526	0.0518	0.1685	0.3551	6.0757	0.5132	0.0119	0.0086	0.0380	0.0041	0.0042	0.0038	0.0167	0.0118	0.0456	0.0594	0.0461	0.0868	0.0787	0.0802	0.0228	0.0472	0.0019	0.0889	0.5467	0.9190	-0.0000	-0.0004	2.2208	3.7737	3.9129	2.5241	0.0015	0.0010	0.0005	0.0002	0.0002	0.0000	0.0013	0.0008	0.0005	0.0070	0.0036	0.0033	0.0036	0.0036	0.0000	0.0034	0.0001	0.0033	0.1271	0.1130	0.0140	0.0491	0.0465	0.0026	0.0780	0.0665	0.0115	0.1171	0.0787	0.0384	0.0457	0.0444	0.0012	0.0715	0.0343	0.0372	0.1998	0.1872	0.4377	0.0526	0.0518	0.1685	0.3551	6.0757	0.5132	0.0594	0.0461	0.0868	0.0787	0.0802	0.0228	0.0472	0.0019	0.0889
85	97	0.0689	5	0	1	0	0	0	0	0	0	N	N	N	N	N	N	N	N	N	N	N	N	68.3796	105.7013	63.8097	20.7997	20.5919	34.8473	78.3903	179.5727	65.2108	4.6581	3.8356	8.3677	0.8623	0.8683	0.6650	6.3563	5.5518	8.7777	0.0681	0.0363	0.1311	0.0415	0.0422	0.0191	0.0811	0.0309	0.1346	0.4837	1.8256	-0.0537	0.0011	2.2208	6.4922	3.9129	4.5502	0.9755	0.6575	0.3180	0.0558	0.0545	0.0013	0.9197	0.6029	0.3167	0.0110	0.0039	0.0071	0.0022	0.0022	0.0000	0.0088	0.0017	0.0071	0.2094	0.1714	0.0380	0.0647	0.0628	0.0019	0.1447	0.1086	0.0361	0.1620	0.1076	0.0544	0.0530	0.0514	0.0016	0.1090	0.0563	0.0527	68.3796	105.7013	63.8097	20.7997	20.5919	34.8473	78.3903	179.5727	65.2108	0.0681	0.0363	0.1311	0.0415	0.0422	0.0191	0.0811	0.0309	0.1346
85	98	0.1161	12	0	2	0	0	0	0	0	0	N	Y	N	N	N	N	N	N	N	N	N	N	0.0007	0.0011	0.0000	0.0011	0.0011	0.0000	0.0002	0.2956	0.0000	0.0009	0.0010	0.0000	0.0021	0.0022	0.0000	0.0002	0.0002	0.0000	1.2892	0.9472	2.0027	1.8795	1.9560	0.0099	0.9842	0.0007	2.0886	0.0035	1.0133	-0.0000	-0.0090	2.2208	1.3608	3.9129	12.1483	0.0000	0.0000	0.0000	0.0000	0.0000	0.0000	0.0000	0.0000	0.0000	0.2261	0.1123	0.1138	0.1123	0.1122	0.0000	0.1138	0.0000	0.1137	0.0405	0.0364	0.0041	0.0157	0.0148	0.0008	0.0249	0.0215	0.0033	0.1753	0.1185	0.0568	0.0597	0.0574	0.0023	0.1156	0.0612	0.0545	0.0007	0.0011	0.0000	0.0011	0.0011	0.0000	0.0002	0.2956	0.0000	1.2892	0.9472	2.0027	1.8795	1.9560	0.0099	0.9842	0.0007	2.0886
85	99	0.1124	11	0	1	0	0	0	0	0	0	N	N	N	N	N	N	N	N	N	N	N	N	0.8231	1.2282	0.0826	1.4383	1.4808	0.2603	0.1833	2.2286	0.0927	0.0138	0.0153	0.0021	0.0331	0.0352	0.0007	0.0024	0.0024	0.0025	0.0167	0.0124	0.0260	0.0230	0.0237	0.0026	0.0133	0.0011	0.0269	0.0181	0.9715	-0.0002	-0.0000	2.2208	1.5300	3.9129	0.7696	0.0007	0.0006	0.0000	0.0006	0.0006	0.0000	0.0001	0.0001	0.0000	0.0006	0.0003	0.0003	0.0003	0.0003	0.0000	0.0003	0.0000	0.0003	0.0473	0.0418	0.0054	0.0175	0.0164	0.0010	0.0298	0.0254	0.0044	0.0343	0.0234	0.0109	0.0122	0.0117	0.0004	0.0221	0.0117	0.0105	0.8231	1.2282	0.0826	1.4383	1.4808	0.2603	0.1833	2.2286	0.0927	0.0167	0.0124	0.0260	0.0230	0.0237	0.0026	0.0133	0.0011	0.0269
85	100	0.1036	10	0	1	0	0	0	0	0	0	N	N	N	N	N	N	N	N	N	N	N	N	711.6861	902.6429	101.6615	1345.4046	1384.7952	1.2643	31.5401	2.4127	116.4212	3.5310	3.8830	0.6438	11.0421	11.5992	0.0062	0.1027	0.0011	0.7464	0.0050	0.0043	0.0063	0.0082	0.0084	0.0049	0.0033	0.0005	0.0064	0.0202	0.7083	-0.1220	-0.0000	2.2208	3.6906	3.9129	1.4800	0.3377	0.3310	0.0067	0.3310	0.3310	0.0000	0.0067	0.0001	0.0067	0.0003	0.0002	0.0001	0.0002	0.0002	0.0000	0.0001	0.0000	0.0001	0.0956	0.0852	0.0104	0.0300	0.0285	0.0014	0.0657	0.0567	0.0090	0.0701	0.0474	0.0228	0.0242	0.0230	0.0012	0.0460	0.0244	0.0216	711.6861	902.6429	101.6615	1345.4046	1384.7952	1.2643	31.5401	2.4127	116.4212	0.0050	0.0043	0.0063	0.0082	0.0084	0.0049	0.0033	0.0005	0.0064
85	101	0.1036	9	0	1	0	0	0	0	0	0	N	N	N	N	N	N	N	N	N	N	N	N	0.3593	0.4775	0.2302	0.6058	0.5862	1.4116	0.0952	1.0373	0.1924	0.0174	0.0175	0.0170	0.0383	0.0386	0.0310	0.0037	0.0020	0.0149	0.0485	0.0366	0.0737	0.0633	0.0658	0.0219	0.0390	0.0019	0.0775	0.0996	0.9516	-0.0000	-0.0000	2.2208	0.1361	3.9129	0.4500	0.0001	0.0001	0.0000	0.0001	0.0001	0.0000	0.0000	0.0000	0.0000	0.0005	0.0003	0.0002	0.0003	0.0002	0.0000	0.0002	0.0000	0.0002	0.0056	0.0051	0.0005	0.0022	0.0022	0.0001	0.0034	0.0029	0.0005	0.0103	0.0070	0.0033	0.0040	0.0038	0.0002	0.0063	0.0032	0.0031	0.3593	0.4775	0.2302	0.6058	0.5862	1.4116	0.0952	1.0373	0.1924	0.0485	0.0366	0.0737	0.0633	0.0658	0.0219	0.0390	0.0019	0.0775
85	102	0.0877	8	0	1	0	0	0	0	0	0	N	N	N	N	N	N	N	N	N	N	N	N	0.0243	0.0343	0.0008	0.0356	0.0378	0.0200	0.0030	0.4631	0.0009	0.0489	0.0538	0.0023	0.1112	0.1161	0.0012	0.0046	0.0049	0.0025	2.0154	1.5704	2.8348	3.1204	3.0726	0.0594	1.5191	0.0105	2.9279	0.0045	0.9802	-0.0022	-0.0120	2.2208	3.5591	3.9129	4.5341	0.0057	0.0057	0.0000	0.0054	0.0054	0.0000	0.0003	0.0003	0.0000	0.2510	0.1268	0.1243	0.1264	0.1263	0.0001	0.1246	0.0004	0.1242	0.1171	0.1059	0.0112	0.0487	0.0466	0.0021	0.0684	0.0593	0.0091	0.1246	0.0807	0.0438	0.0425	0.0411	0.0014	0.0820	0.0396	0.0424	0.0243	0.0343	0.0008	0.0374	0.0378	0.0200	0.0030	0.4631	0.0009	2.0154	1.5704	2.8348	2.9719	3.0726	0.0594	1.5191	0.0105	2.9279
85	103	0.0660	7	0	1	0	0	0	0	0	0	N	N	N	N	N	N	N	N	N	N	N	N	4.3765	7.6074	0.3978	5.3060	5.2943	0.2753	1.2495	27.6866	0.4016	0.5281	0.7358	0.0651	1.0347	1.0612	0.0094	0.1090	0.1590	0.0672	0.1207	0.0967	0.1637	0.1950	0.2004	0.0340	0.0872	0.0057	0.1675	0.0397	0.9427	-0.0354	-0.0011	2.2208	2.8937	3.9129	8.0733	0.1032	0.0992	0.0039	0.0915	0.0915	0.0000	0.0117	0.0077	0.0039	0.0187	0.0096	0.0091	0.0094	0.0093	0.0001	0.0093	0.0003	0.0090	0.1953	0.1349	0.0605	0.0884	0.0862	0.0022	0.1069	0.0486	0.0583	0.1551	0.0996	0.0555	0.0481	0.0465	0.0016	0.1070	0.0531	0.0539	4.3765	7.6074	0.3978	5.3060	5.2943	0.2753	1.2495	27.6866	0.4016	0.1207	0.0967	0.1637	0.1950	0.2004	0.0340	0.0872	0.0057	0.1675
85	104	0.1238	7	0	2	0	0	0	0	0	0	N	Y	N	N	N	N	N	N	N	N	N	N	2.0524	4.0517	0.4627	0.6935	0.8117	0.0558	2.8341	6.8139	0.8280	0.0946	0.1037	0.0514	0.0154	0.0182	0.0010	0.1802	0.1994	0.0980	0.0461	0.0256	0.1112	0.0222	0.0224	0.0179	0.0636	0.0293	0.1184	0.1050	1.3670	-0.0000	0.0000	2.2208	0.0277	3.9129	1.3445	0.0001	0.0001	0.0000	0.0000	0.0000	0.0000	0.0001	0.0001	0.0000	0.0014	0.0006	0.0008	0.0003	0.0003	0.0000	0.0011	0.0003	0.0008	0.0015	0.0013	0.0003	0.0008	0.0007	0.0001	0.0007	0.0006	0.0001	0.0309	0.0235	0.0074	0.0131	0.0126	0.0005	0.0179	0.0110	0.0069	2.0524	4.0517	0.4627	0.6935	0.8117	0.0558	2.8341	6.8139	0.8280	0.0461	0.0256	0.1112	0.0222	0.0224	0.0179	0.0636	0.0293	0.1184
85	105	0.0771	6	0	2	0	0	0	0	0	0	N	Y	N	N	N	N	N	N	N	N	N	N	77.7525	97.6376	54.5088	17.9284	18.3732	7.8856	114.2447	252.4664	60.6949	1.7653	1.7696	1.7343	0.4993	0.5193	0.1050	2.3232	2.3885	1.9614	0.0227	0.0181	0.0318	0.0278	0.0283	0.0133	0.0203	0.0095	0.0323	0.1349	0.8824	-0.0669	-0.0005	2.2208	5.1414	3.9129	16.4151	0.2551	0.2248	0.0303	0.0221	0.0218	0.0002	0.2331	0.2030	0.0301	0.0063	0.0033	0.0029	0.0024	0.0024	0.0000	0.0038	0.0009	0.0029	0.1445	0.1270	0.0175	0.0442	0.0421	0.0021	0.1003	0.0850	0.0153	0.2757	0.1835	0.0922	0.0870	0.0845	0.0024	0.1887	0.0989	0.0898	77.7525	97.6376	54.5088	17.9284	18.3732	7.8856	114.2447	252.4664	60.6949	0.0227	0.0181	0.0318	0.0278	0.0283	0.0133	0.0203	0.0095	0.0323
85	106	0.0689	5	0	1	0	0	0	0	0	0	N	N	N	N	N	N	N	N	N	N	N	N	2.7052	5.4924	0.3884	5.9129	6.0131	1.7394	0.7487	19.3498	0.3674	0.1363	0.1635	0.0357	0.3364	0.3459	0.0597	0.0352	0.0355	0.0344	0.0504	0.0298	0.0919	0.0569	0.0575	0.0343	0.0470	0.0018	0.0936	0.0591	1.5315	-0.0064	0.0003	2.2208	3.8974	3.9129	1.6364	0.0197	0.0186	0.0011	0.0164	0.0163	0.0001	0.0034	0.0024	0.0010	0.0046	0.0018	0.0028	0.0018	0.0018	0.0000	0.0028	0.0001	0.0028	0.1449	0.1140	0.0309	0.0486	0.0470	0.0016	0.0962	0.0670	0.0293	0.0923	0.0617	0.0306	0.0318	0.0310	0.0009	0.0605	0.0307	0.0297	2.7052	5.4924	0.3884	5.9129	6.0131	1.7394	0.7487	19.3498	0.3674	0.0504	0.0298	0.0919	0.0569	0.0575	0.0343	0.0470	0.0018	0.0936
85	107	0.0479	4	0	1	0	0	0	0	0	0	N	N	N	N	N	N	N	N	N	N	N	N	0.5602	2.5066	0.1371	1.6210	1.6381	0.0972	0.2176	30.7822	0.1356	0.4632	0.6392	0.2413	0.7077	0.7132	0.0672	0.2297	0.1507	0.2429	0.8269	0.2550	1.7597	0.4366	0.4354	0.6914	1.0556	0.0049	1.7915	0.2992	4.2311	-0.0110	0.0435	2.2208	0.3701	3.9129	9.6236	0.0729	0.0561	0.0168	0.0545	0.0544	0.0000	0.0185	0.0017	0.0168	0.1635	0.0313	0.1322	0.0319	0.0310	0.0009	0.1316	0.0003	0.1314	0.1575	0.0878	0.0696	0.0769	0.0763	0.0007	0.0805	0.0116	0.0690	0.1977	0.1226	0.0752	0.0730	0.0712	0.0018	0.1247	0.0514	0.0733	0.5602	2.5066	0.1371	1.6210	1.6381	0.1394	0.2176	30.7822	0.1356	0.8269	0.2550	1.7597	0.4366	0.4354	0.4822	1.0556	0.0049	1.7915
85	108	0.0374	3	0	1	0	0	0	0	0	0	N	N	N	N	N	N	N	N	N	N	N	N	0.0602	0.2924	0.0169	0.1528	0.1641	1.4216	0.0426	0.4623	0.0188	0.5918	0.5707	0.6183	0.6520	0.6519	0.6700	0.5347	0.0340	0.6179	9.8345	1.9515	36.5034	4.2673	3.9728	0.4713	12.5459	0.0735	32.9188	0.8638	6.9739	0.0086	0.2673	2.2208	0.4415	3.9129	4.8853	0.1040	0.0558	0.0482	0.0558	0.0554	0.0004	0.0482	0.0004	0.0478	0.8061	0.1011	0.7050	0.0994	0.0991	0.0003	0.7067	0.0020	0.7047	0.1758	0.0978	0.0780	0.0856	0.0849	0.0007	0.0902	0.0128	0.0773	0.0820	0.0518	0.0302	0.0256	0.0249	0.0007	0.0563	0.0269	0.0295	0.0602	0.2924	0.0265	0.1682	0.1641	1.8016	0.0426	0.4623	0.0258	9.8345	1.9515	23.3715	3.8764	3.9728	0.3719	12.5459	0.0735	23.9070
85	109	0.0963	8	1	2	0	1	0	0	0	0	N	Y	N	N	N	N	N	N	N	N	N	N	0.0000	0.0000	0.0000	0.0000	0.0000	0.0000	0.0000	0.0000	0.0000	0.0000	0.0000	0.0000	0.0000	0.0000	0.0000	0.0000	0.0000	0.0000	0.0000	0.0000	2.2208	0.0000	3.9129	0.0000	0.0000	0.0000	0.0000	0.0000	0.0000	0.0000	0.0000	0.0000	0.0000	0.0000	0.0000	0.0000	0.0000	0.0000	0.0000	0.0000	0.0000	0.0000	0.0000	0.0000	0.0000	0.0000	0.0000	0.0000	0.0000	0.0000	0.0000	0.0000	0.0000	0.0000	0.0000	0.0000	0.0000	0.0000	0.0000	0.0000	0.0000	0.0000	0.0000	0.0000	0.0000	0.0000	0.0000	0.0000	0.0000	0.0000	0.0000	0.0000	0.0000	0.0000	0.0000	0.0000	0.0000	0.0000											
85	110	0.0814	7	1	2	0	1	0	0	0	0	N	Y	N	N	N	N	N	N	N	N	N	N	0.0000	0.0000	0.0000	0.0000	0.0000	0.0000	0.0000	0.0000	0.0000	0.0000	0.0000	0.0000	0.0000	0.0000	0.0000	0.0000	0.0000	0.0000	0.0271	0.0314	0.0193	0.0404	0.0335	0.1727	0.0205	0.0294	0.0119	0.3406	0.0000	-0.0008	2.2208	0.0000	3.9129	7.1240	0.0000	0.0000	0.0000	0.0000	0.0000	0.0000	0.0000	0.0000	0.0000	0.0028	0.0021	0.0007	0.0014	0.0011	0.0003	0.0014	0.0010	0.0004	0.0000	0.0000	0.0000	0.0000	0.0000	0.0000	0.0000	0.0000	0.0000	0.1016	0.0654	0.0362	0.0338	0.0322	0.0017	0.0678	0.0332	0.0346	0.0000	0.0000	0.0000	0.0000	0.0000	0.0000	0.0000	0.0000	0.0000	0.0271	0.0314	0.0193	0.0404	0.0335	0.1727	0.0205	0.0294	0.0119	
85	111	0.0903	9	0	2	0	1	0	0	0	0	N	Y	N	N	N	N	N	N	N	N	N	N	0.2449	0.1176	4.9112	3.2311	2.9662	0.0000	0.1076	0.0000	4.8283	0.0110	0.0076	0.0482	0.0160	0.0162	0.0000	0.0073	0.0000	0.0526	0.0450	0.0643	0.0098	0.0049	0.0055	0.0000	0.0674	0.1231	0.0109	0.5960	0.0835	-0.0000	-0.0015	2.2208	0.0016	3.9129	5.0076	0.0000	0.0000	0.0000	0.0000	0.0000	0.0000	0.0000	0.0000	0.0000	0.0032	0.0029	0.0002	0.0001	0.0001	0.0000	0.0030	0.0028	0.0002	0.0001	0.0001	0.0000	0.0000	0.0000	0.0000	0.0001	0.0001	0.0000	0.0703	0.0455	0.0248	0.0252	0.0228	0.0025	0.0451	0.0227	0.0224	0.2449	0.1176	4.9112	3.2311	2.9662	0.0000	0.1076	0.0000	4.8283	0.0450	0.0643	0.0098	0.0049	0.0055	0.0000	0.0674	0.1231	0.0109
85	112	0.0835	8	0	2	0	1	0	0	0	0	N	Y	N	N	N	N	N	N	N	N	N	N	0.0009	0.0005	0.0036	0.0014	0.0013	0.0000	0.0008	0.0000	0.0040	0.0000	0.0000	0.0003	0.0000	0.0001	0.0000	0.0000	0.0000	0.0003	0.0482	0.0353	0.0702	0.0362	0.0393	0.0000	0.0550	0.0309	0.0761	1.6778	1.1593	0.0000	-0.0000	2.2208	1.0012	3.9129	2.1373	0.0000	0.0000	0.0000	0.0000	0.0000	0.0000	0.0000	0.0000	0.0000	0.0024	0.0011	0.0013	0.0006	0.0006	0.0000	0.0017	0.0005	0.0013	0.0266	0.0237	0.0029	0.0088	0.0084	0.0005	0.0178	0.0153	0.0024	0.0491	0.0310	0.0181	0.0178	0.0164	0.0014	0.0313	0.0146	0.0167	0.0009	0.0005	0.0036	0.0014	0.0013	0.0000	0.0008	0.0000	0.0040	0.0482	0.0353	0.0702	0.0362	0.0393	0.0000	0.0550	0.0309	0.0761
85	113	0.0918	8	0	2	0	0	0	0	0	0	N	Y	N	N	N	N	N	N	N	N	N	N	0.0000	0.0000	0.0000	0.0000	0.0000	0.0000	0.0000	0.0000	0.0000	0.0000	0.0000	0.0000	0.0000	0.0000	0.0000	0.0000	0.0000	0.0000	0.5526	0.8331	0.0270	0.4019	0.4010	0.5982	0.6313	1.2976	0.0024	0.0173	0.0000	-0.0240	2.2208	0.9705	3.9129	5.0371	0.0000	0.0000	0.0000	0.0000	0.0000	0.0000	0.0000	0.0000	0.0000	0.0456	0.0448	0.0008	0.0114	0.0107	0.0007	0.0342	0.0341	0.0001	0.0285	0.0254	0.0030	0.0103	0.0098	0.0005	0.0182	0.0157	0.0025	0.0825	0.0538	0.0287	0.0283	0.0266	0.0017	0.0542	0.0272	0.0270	0.0000	0.0000	0.0000	0.0000	0.0000	0.0000	0.0000	0.0000	0.0000	0.5526	0.8331	0.0270	0.4019	0.4010	0.4159	0.6313	1.2549	0.0024	
85	114	0.0835	8	0	1	1	1	0	0	0	0	N	N	N	N	N	N	N	N	N	N	N	N	0.0000	0.0000	0.0000	0.0000	0.0000	0.0000	0.0000	0.0000	0.0000	0.0000	0.0000	0.0000	0.0000	0.0000	0.0000	0.0000	0.0313	0.0410	0.0159	0.0656	0.0701	0.0000	0.0099	0.0000	0.0170	0.2431	0.0000	-0.0002	2.2208	0.0000	3.9129	1.1303	0.0000	0.0000	0.0000	0.0000	0.0000	0.0000	0.0000	0.0000	0.0000	0.0007	0.0005	0.0001	0.0005	0.0005	0.0000	0.0001	0.0000	0.0001	0.0000	0.0000	0.0000	0.0000	0.0000	0.0000	0.0000	0.0000	0.0000	0.0212	0.0130	0.0081	0.0081	0.0076	0.0005	0.0130	0.0054	0.0076	0.0000	0.0000	0.0000	0.0000	0.0000	0.0000	0.0000	0.0000	0.0000	0.0313	0.0410	0.0159	0.0656	0.0701	0.0000	0.0099	0.0000	0.0170			
85	115	0.0814	7	0	1	0	1	0	0	0	0	N	N	N	N	N	N	N	N	N	N	N	N	0.0000	0.0000	0.0000	0.0000	0.0000	0.0000	0.0000	0.0000	0.0000	0.0000	0.0000	0.0000	0.0000	0.0000	0.0000	0.0000	0.0000	0.0000	2.0406	3.2093	0.1124	1.4487	1.4576	1.4083	2.3830	5.5033	0.0719	0.0212	0.0000	-0.0240	2.2208	0.0000	3.9129	1.2340	0.0000	0.0000	0.0000	0.0000	0.0000	0.0000	0.0000	0.0000	0.0000	0.0460	0.0451	0.0010	0.0120	0.0116	0.0004	0.0341	0.0335	0.0006	0.0000	0.0000	0.0000	0.0000	0.0000	0.0000	0.0000	0.0000	0.0000	0.0226	0.0140	0.0085	0.0083	0.0080	0.0003	0.0143	0.0061	0.0082	0.0000	0.0000	0.0000	0.0000	0.0000	0.0000	0.0000	0.0000	0.0000	2.0406	3.2093	0.1124	1.4487	1.4576	1.2145	2.3830	5.5033	0.0719	
85	116	0.0889	8	0	1	1	1	0	0	0	0	N	N	N	N	N	N	N	N	N	N	N	N	0.0057	0.0053	0.0153	0.0019	0.0020	0.0016	0.0107	23.9360	0.0196	0.0335	0.0249	0.1207	0.0161	0.0169	0.0001	0.0519	0.0343	0.1615	5.8620	4.6571	7.8747	8.5085	8.2407	0.0350	4.8397	0.0014	8.2508	0.4801	1.0123	-0.0001	-0.0088	2.2208	0.9725	3.9129	0.9874	0.0010	0.0007	0.0003	0.0003	0.0003	0.0000	0.0008	0.0004	0.0003	0.2215	0.1101	0.1114	0.1101	0.1100	0.0000	0.1114	0.0000	0.1114	0.0313	0.0285	0.0028	0.0160	0.0153	0.0007	0.0152	0.0131	0.0021	0.0378	0.0236	0.0141	0.0148	0.0141	0.0006	0.0230	0.0095	0.0135	0.0057	0.0053	0.0153	0.0022	0.0022	0.0016	0.0107	23.9360	0.0196	5.8620	4.6571	7.8747	7.4564	7.7970	0.0350	4.8397	0.0014	8.2508
85	117	0.0889	8	0	1	1	1	0	0	0	0	N	N	N	N	N	N	N	N	N	N	N	N	0.0163	0.0106	0.3005	0.2169	0.2063	1.5458	0.0021	0.0005	0.2047	0.0296	0.0293	0.0331	0.0518	0.0514	0.0609	0.0056	0.0029	0.0233	1.8104	2.7615	0.1100	0.2387	0.2490	0.0394	2.7270	5.7871	0.1137	0.1061	0.0223	-0.0000	-0.0619	2.2208	0.0285	3.9129	4.0215	0.0001	0.0001	0.0000	0.0001	0.0001	0.0000	0.0000	0.0000	0.0000	0.1188	0.1162	0.0026	0.0058	0.0057	0.0000	0.1130	0.1105	0.0025	0.0023	0.0021	0.0002	0.0012	0.0011	0.0001	0.0011	0.0009	0.0001	0.0656	0.0421	0.0235	0.0242	0.0230	0.0012	0.0414	0.0191	0.0224	0.0163	0.0106	0.3005	0.2169	0.2063	1.5458	0.0021	0.0005	0.2047	1.8104	2.7615	0.1100	0.2387	0.2490	0.0394	2.7270	5.7871	0.1137
85	118	0.0814	7	0	1	1	1	0	0	0	0	N	N	N	N	N	N	N	N	N	N	N	N	29.6217	36.0342	0.0104	63.5776	63.9225	0.0014	3.7775	7.7368	0.0119	2.8096	3.1553	0.0011	7.8630	8.3053	0.0000	0.3032	0.3513	0.0013	0.0948	0.0876	0.1079	0.1237	0.1299	0.0006	0.0803	0.0454	0.1130	0.0000	0.6891	-0.0851	-0.0010	2.2208	3.0275	3.9129	2.1573	0.2234	0.2234	0.0000	0.2073	0.2073	0.0000	0.0161	0.0161	0.0000	0.0072	0.0043	0.0029	0.0032	0.0032	0.0000	0.0041	0.0011	0.0029	0.0795	0.0708	0.0087	0.0264	0.0250	0.0014	0.0532	0.0458	0.0073	0.0760	0.0488	0.0273	0.0256	0.0243	0.0012	0.0505	0.0244	0.0260	29.6217	36.0342	0.0104	63.5776	63.9225	0.0014	3.7775	7.7368	0.0119	0.0948	0.0876	0.1079	0.1237	0.1299	0.0006	0.0803	0.0454	0.1130
85	119	0.1226	7	1	2	0	0	0	0	0	0	N	Y	N	N	N	N	N	N	N	N	N	N	3.0000	9.6755	0.4550	6.9131	8.1498	33.8093	0.0236	0.3251	0.0871	0.2436	0.2812	0.0866	0.3835	0.4697	0.1063	0.0022	0.0003	0.0173	0.0812	0.0291	0.1903	0.0555	0.0576	0.0031	0.0951	0.0008	0.1987	0.0736	3.1306	-0.0118	0.0013	2.2208	2.1883	3.9129	3.1271	0.0377	0.0351	0.0026	0.0376	0.0351	0.0025	0.0001	0.0000	0.0001	0.0061	0.0015	0.0046	0.0015	0.0015	0.0000	0.0046	0.0000	0.0046	0.1547	0.1249	0.0298	0.0980	0.0747	0.0232	0.0568	0.0501	0.0066	0.0748	0.0506	0.0242	0.0262	0.0252	0.0010	0.0486	0.0254	0.0232	3.0000	9.6755	0.4550	6.9131	8.1498	33.8093	0.0236	0.3251	0.0871	0.0812	0.0291	0.1903	0.0555	0.0576	0.0031	0.0951	0.0008	0.1987
85	120	0.0557	6	1	2	0	0	0	0	0	0	N	Y	N	N	N	N	N	N	N	N	N	N	0.5382	16.1145	0.0083	15.7845	15.8531	90.1837	0.0660	16.7625	0.0087	1.0277	1.2565	0.0445	2.4615	2.5638	0.0041	0.1744	0.2229	0.0479	1.9096	0.0780	5.3280	0.1559	0.1617	0.0000	2.6407	0.0133	5.4936	0.0082	36.6122	-0.1745	0.2987	2.2208	13.6104	3.9129	16.0982	0.4680	0.4642	0.0038	0.4182	0.4182	0.0000	0.0498	0.0460	0.0038	0.6940	0.0185	0.6755	0.0167	0.0167	0.0000	0.6773	0.0018	0.6755	0.4554	0.3694	0.0860	0.1699	0.1631	0.0068	0.2855	0.2063	0.0792	0.3634	0.2366	0.1268	0.1069	0.1031	0.0038	0.2565	0.1335	0.1230	0.5382	16.1145	0.0083	15.7845	15.8531	90.1837	0.0660	16.7625	0.0087	1.9096	0.0780	5.3280	0.1559	0.1617	0.0000	2.6407	0.0133	5.4936
85	121	0.0809	8	0	2	0	0	0	0	0	0	N	Y	N	N	N	N	N	N	N	N	N	N	1.0187	0.1848	1.6631	0.2251	0.1575	3.1271	1.9181	0.0848	1.6256	0.4329	0.0621	0.9393	0.1006	0.0710	1.1277	0.7818	0.0057	0.9326	0.4250	0.3358	0.5648	0.4470	0.4511	0.3606	0.4076	0.0672	0.5737	11.0875	1.0720	0.0397	-0.0021	2.2208	0.3548	3.9129	4.6068	0.0741	0.0061	0.0680	0.0088	0.0061	0.0028	0.0653	0.0001	0.0652	0.0814	0.0393	0.0421	0.0377	0.0369	0.0008	0.0436	0.0024	0.0413	0.1712	0.0988	0.0724	0.0877	0.0852	0.0025	0.0835	0.0136	0.0699	0.1914	0.1169	0.0745	0.0844	0.0818	0.0026	0.1070	0.0351	0.0719	1.0187	0.1848	1.6631	0.2251	0.1575	3.5503	1.9181	0.0848	1.6256	0.4250	0.3358	0.5648	0.4470	0.4511	0.3176	0.4076	0.0672	0.5737
85	122	0.0660	7	0	2	0	0	0	0	0	0	N	Y	N	N	N	N	N	N	N	N	N	N	0.2675	0.1036	0.4411	0.0612	0.0648	3.8211	0.5457	0.5342	0.4374	0.8388	0.2507	1.9414	0.3342	0.3249	0.7611	1.3004	0.0625	1.9770	3.1359	2.4202	4.4013	5.4641	5.0107	0.1992	2.3830	0.1170	4.5202	4.1313	1.0284	0.0593	-0.0124	2.2208	1.6911	3.9129	5.7022	0.1399	0.0273	0.1126	0.0266	0.0253	0.0013	0.1132	0.0019	0.1113	0.3454	0.1703	0.1751	0.1662	0.1660	0.0002	0.1792	0.0043	0.1749	0.1667	0.1087	0.0580	0.0797	0.0780	0.0017	0.0871	0.0308	0.0563	0.1102	0.0704	0.0398	0.0350	0.0339	0.0011	0.0752	0.0365	0.0387	0.2675	0.1036	0.4411	0.0703	0.0663	3.8211	0.5457	0.5342	0.4374	3.1359	2.4202	4.4013	4.7551	4.9023	0.1992	2.3830	0.1170	4.5202
85	123	0.0557	6	0	1	0	0	0	0	0	0	N	N	N	N	N	N	N	N	N	N	N	N	9.1617	6.7043	12.2383	4.6576	4.5406	73.0846	14.3885	4.5633	12.1616	0.5792	0.3246	1.1081	0.4710	0.4744	0.3078	0.6737	0.0115	1.1323	0.0632	0.0484	0.0905	0.1011	0.1045	0.0042	0.0468	0.0025	0.0931	1.6435	1.0133	0.0271	-0.0002	2.2208	2.0929	3.9129	3.1856	0.1125	0.0425	0.0699	0.0426	0.0421	0.0006	0.0698	0.0005	0.0693	0.0047	0.0023	0.0024	0.0023	0.0023	0.0000	0.0024	0.0001	0.0024	0.1941	0.1311	0.0631	0.0905	0.0886	0.0018	0.1037	0.0424	0.0612	0.0741	0.0481	0.0260	0.0224	0.0216	0.0007	0.0517	0.0264	0.0253	9.1617	6.7043	12.2383	4.6576	4.5406	73.0846	14.3885	4.5633	12.1616	0.0632	0.0484	0.0905	0.1011	0.1045	0.0042	0.0468	0.0025	0.0931
85	124	0.0964	9	1	2	0	0	0	0	0	0	N	Y	N	N	N	N	N	N	N	N	N	N	0.0000	0.0000	0.0000	0.0000	0.0000	0.0000	0.0000	0.0000	0.0000	0.0000	0.0000	0.0000	0.0000	0.0000	0.0000	0.0000	0.0000	0.0000	0.0000	0.0000	2.2208	0.0000	3.9129	0.0000	0.0000	0.0000	0.0000	0.0000	0.0000	0.0000	0.0000	0.0000	0.0000	0.0000	0.0000	0.0000	0.0000	0.0000	0.0000	0.0000	0.0000	0.0000	0.0000	0.0000	0.0000	0.0000	0.0000	0.0000	0.0000	0.0000	0.0000	0.0000	0.0000	0.0000	0.0000	0.0000	0.0000	0.0000	0.0000	0.0000	0.0000	0.0000	0.0000	0.0000	0.0000	0.0000	0.0000	0.0000	0.0000	0.0000	0.0000	0.0000	0.0000	0.0000	0.0000	0.0000	0.0000	0.0000											
85	125	0.0918	8	1	2	0	0	0	0	0	0	N	Y	N	N	N	N	N	N	N	N	N	N	0.0000	0.0000	0.0000	0.0000	0.0000	0.0000	0.0000	0.0000	0.0000	0.0000	0.0000	0.0000	0.0000	0.0000	0.0000	0.0000	0.0000	0.0000	0.0134	0.0162	0.0080	0.0258	0.0241	0.0485	0.0064	0.0080	0.0048	0.2580	0.0000	-0.0001	2.2208	0.1434	3.9129	1.9839	0.0000	0.0000	0.0000	0.0000	0.0000	0.0000	0.0000	0.0000	0.0000	0.0004	0.0003	0.0001	0.0003	0.0003	0.0000	0.0001	0.0001	0.0000	0.0065	0.0059	0.0006	0.0029	0.0028	0.0001	0.0036	0.0031	0.0005	0.0317	0.0208	0.0109	0.0114	0.0106	0.0008	0.0203	0.0102	0.0101	0.0000	0.0000	0.0000	0.0000	0.0000	0.0000	0.0000	0.0000	0.0000	0.0134	0.0162	0.0080	0.0258	0.0241	0.0485	0.0064	0.0080	0.0048	
85	126	0.0814	7	0	2	0	0	0	0	0	0	N	Y	N	N	N	N	N	N	N	N	N	N	0.0000	0.0000	0.0000	0.0000	0.0000	0.0000	0.0000	0.0000	0.0000	0.0000	0.0000	0.0000	0.0000	0.0000	0.0000	0.0000	0.0000	0.0000	0.0657	0.0244	0.1394	0.0390	0.0408	0.0038	0.0793	0.0081	0.1457	3.1969	0.0000	0.0010	2.2208	1.8882	3.9129	2.9115	0.0000	0.0000	0.0000	0.0000	0.0000	0.0000	0.0000	0.0000	0.0000	0.0047	0.0011	0.0035	0.0009	0.0009	0.0000	0.0037	0.0002	0.0035	0.0499	0.0444	0.0055	0.0166	0.0157	0.0009	0.0334	0.0288	0.0046	0.0709	0.0454	0.0255	0.0239	0.0228	0.0011	0.0470	0.0227	0.0243	0.0000	0.0000	0.0000	0.0000	0.0000	0.0000	0.0000	0.0000	0.0000	0.0657	0.0244	0.1394	0.0390	0.0408	0.0038	0.0793	0.0081	0.1457	
85	127	0.0557	6	0	1	0	0	0	0	0	0	N	N	N	N	N	N	N	N	N	N	N	N	0.4578	0.0650	1.0359	0.0507	0.0469	12456.3716	1.0602	0.3080	1.0326	0.8037	0.0890	2.5633	0.1612	0.1451	0.7922	1.3115	0.0028	2.6331	1.7554	1.3677	2.4744	3.1822	3.0935	0.0001	1.2370	0.0091	2.5500	11.7045	0.9757	0.0994	-0.0144	2.2208	3.5543	3.9129	9.0319	0.1841	0.0145	0.1696	0.0163	0.0143	0.0020	0.1678	0.0002	0.1676	0.2929	0.1482	0.1446	0.1477	0.1477	0.0000	0.1452	0.0006	0.1446	0.2290	0.1629	0.0662	0.1011	0.0986	0.0025	0.1279	0.0643	0.0636	0.1668	0.1084	0.0585	0.0495	0.0477	0.0017	0.1174	0.0606	0.0567	0.4578	0.0650	1.0359	0.0540	0.0469	12456.3716	1.0602	0.3080	1.0326	1.7554	1.3677	2.4744	2.9851	3.0935	0.0001	1.2370	0.0091	2.5500
85	128	0.0520	5	0	1	0	0	0	0	0	0	N	N	N	N	N	N	N	N	N	N	N	N	225.2304	58.6747	388.5739	33.1834	33.7289	164.7033	533.7494	891.8776	409.4031	1.5203	0.3069	3.7941	0.3573	0.3736	0.0814	2.6042	0.1524	4.1060	0.0068	0.0052	0.0098	0.0108	0.0111	0.0005	0.0049	0.0002	0.0100	6.5972	0.9410	0.1909	-0.0000	2.2208	2.6246	3.9129	0.7212	0.3917	0.0516	0.3402	0.0444	0.0438	0.0006	0.3473	0.0077	0.3396	0.0003	0.0002	0.0002	0.0002	0.0002	0.0000	0.0002	0.0000	0.0002	0.2577	0.1680	0.0897	0.1243	0.1173	0.0069	0.1334	0.0507	0.0827	0.0510	0.0339	0.0171	0.0162	0.0157	0.0005	0.0348	0.0182	0.0166	225.2304	58.6747	388.5739	33.1834	33.7289	164.7033	533.7494	891.8776	409.4031	0.0068	0.0052	0.0098	0.0108	0.0111	0.0005	0.0049	0.0002	0.0100
85	129	0.0462	4	0	1	0	0	0	0	0	0	N	N	N	N	N	N	N	N	N	N	N	N	662.7973	1181.4592	106.1314	129.4462	128.2461	392.8947	1404.4670	199260.0782	105.0208	2.9610	4.1173	0.6747	0.9399	0.9551	0.4812	4.4696	9.3418	0.6829	0.0045	0.0035	0.0064	0.0073	0.0074	0.0012	0.0032	0.0000	0.0065	0.0829	0.9485	-0.2288	-0.0000	2.2208	3.3474	3.9129	1.3769	0.7514	0.6939	0.0575	0.1019	0.1003	0.0017	0.6495	0.5936	0.0558	0.0003	0.0002	0.0002	0.0002	0.0002	0.0000	0.0002	0.0000	0.0002	0.2538	0.1685	0.0852	0.1085	0.1050	0.0035	0.1453	0.0635	0.0818	0.0709	0.0466	0.0242	0.0223	0.0217	0.0007	0.0485	0.0250	0.0236	662.7973	1181.4592	106.1314	129.4462	128.2461	392.8947	1404.4670	199260.0782	105.0208	0.0045	0.0035	0.0064	0.0073	0.0074	0.0012	0.0032	0.0000	0.0065
85	130	0.0374	3	0	1	0	0	0	0	0	0	N	N	N	N	N	N	N	N	N	N	N	N	15.6268	18.3871	12.5044	9.8836	9.7375	22.7367	21.4048	288.8103	12.3759	0.6480	0.6165	0.6877	0.6533	0.6532	0.6641	0.6430	0.3817	0.6879	0.0415	0.0335	0.0550	0.0661	0.0671	0.0292	0.0300	0.0013	0.0556	0.8846	0.9623	0.0101	-0.0002	2.2208	0.4686	3.9129	4.0374	0.1143	0.0607	0.0537	0.0560	0.0556	0.0004	0.0583	0.0051	0.0532	0.0029	0.0015	0.0014	0.0015	0.0015	0.0000	0.0015	0.0000	0.0014	0.1764	0.0984	0.0780	0.0858	0.0851	0.0007	0.0907	0.0133	0.0774	0.0711	0.0448	0.0263	0.0225	0.0220	0.0006	0.0486	0.0229	0.0257	15.6268	18.3871	12.5044	9.8836	9.7375	22.7367	21.4048	288.8103	12.3759	0.0415	0.0335	0.0550	0.0661	0.0671	0.0292	0.0300	0.0013	0.0556
85	131	0.0199	2	0	1	0	0	0	0	0	0	N	N	N	N	N	N	N	N	N	N	N	N	0.8006	1.0403	0.2421	1.0098	1.0219	1.0679	0.2339	0.2241	0.2355	0.8000	1.2148	0.1862	1.5501	1.5895	0.2709	0.1366	0.0084	0.1832	0.9993	1.1677	0.7692	1.5350	1.5555	0.2537	0.5840	0.0377	0.7777	0.1036	0.4823	-0.1200	-0.0980	2.2208	3.2951	3.9129	6.3724	0.4178	0.3786	0.0392	0.3800	0.3780	0.0020	0.0379	0.0006	0.0372	0.4503	0.3038	0.1465	0.3021	0.3013	0.0008	0.1482	0.0025	0.1457	0.5223	0.3117	0.2106	0.2451	0.2378	0.0073	0.2771	0.0739	0.2033	0.4506	0.2601	0.1905	0.1968	0.1937	0.0031	0.2538	0.0665	0.1874	0.8006	1.0403	0.2421	1.0098	1.0219	1.0679	0.2339	0.2241	0.2355	0.9993	1.1677	0.7692	1.5350	1.5555	0.2537	0.5840	0.0377	0.7777
86	88	0.2382	16	1	0	2	0	0	0	0	0	N	N	Y	N	N	N	N	N	N	N	N	N	0.0000	0.0000	0.0000	0.0000	0.0000	0.0000	0.0000	0.0000	0.0000	0.0000	0.0000	0.0000	0.0000	0.0000	0.0000	0.0000	0.0000	0.0000	0.0000	0.0000	5.3425	0.0000	7.0749	0.0000	0.0000	0.0000	0.0000	0.0000	0.0000	0.0000	0.0000	0.0000	0.0000	0.0000	0.0000	0.0000	0.0000	0.0000	0.0000	0.0000	0.0000	0.0000	0.0000	0.0000	0.0000	0.0000	0.0000	0.0000	0.0000	0.0000	0.0000	0.0000	0.0000	0.0000	0.0000	0.0000	0.0000	0.0000	0.0000	0.0000	0.0000	0.0000	0.0000	0.0000	0.0000	0.0000	0.0000	0.0000	0.0000	0.0000	0.0000	0.0000	0.0000	0.0000	0.0000	0.0000	0.0000	0.0000											
86	89	0.2362	15	1	0	2	0	0	0	0	0	N	N	Y	N	N	N	N	N	N	N	N	N	0.0000	0.0000	0.0000	0.0000	0.0000	0.0000	0.0000	0.0000	0.0000	0.0000	0.0000	0.0000	0.0000	0.0000	0.0000	0.0000	0.0000	0.0000	0.0143	0.0000	0.0430	0.0078	0.0000	0.2000	0.0178	0.0000	0.0363	1710.0836	0.0000	0.0002	5.3425	0.0001	7.0749	0.9161	0.0000	0.0000	0.0000	0.0000	0.0000	0.0000	0.0000	0.0000	0.0000	0.0004	0.0000	0.0004	0.0001	0.0000	0.0001	0.0003	0.0000	0.0003	0.0000	0.0000	0.0000	0.0000	0.0000	0.0000	0.0000	0.0000	0.0000	0.0249	0.0166	0.0083	0.0087	0.0084	0.0003	0.0162	0.0082	0.0079	0.0000	0.0000	0.0000	0.0000	0.0000	0.0000	0.0000	0.0000	0.0000	0.0143	0.0000	0.0430	0.0078	0.0000	0.2000	0.0178	0.0000	0.0363	
86	90	0.2114	14	1	0	2	0	0	0	0	0	N	N	Y	N	N	N	N	N	N	N	N	N	0.0000	0.0035	0.0000	0.0041	0.0062	0.0000	0.0000	0.1298	0.0000	0.0000	0.0000	0.0000	0.0002	0.0002	0.0000	0.0000	0.0000	0.0000	10.6795	0.0104	53.9375	0.0384	0.0270	0.1718	14.3318	0.0000	50.4830	0.0000	1678.2714	-0.0000	0.8984	5.3425	3.7876	7.0749	7.8440	0.0000	0.0000	0.0000	0.0000	0.0000	0.0000	0.0000	0.0000	0.0000	1.9684	0.0012	1.9672	0.0018	0.0012	0.0006	1.9666	0.0000	1.9666	0.1673	0.1477	0.0196	0.0334	0.0316	0.0019	0.1339	0.1161	0.0177	0.1843	0.1131	0.0712	0.0471	0.0434	0.0037	0.1372	0.0697	0.0675	0.0000	0.0035	0.0000	0.0041	0.0062	0.0000	0.0000	0.1298	0.0000	10.6795	0.0104	27.6393	0.0384	0.0270	0.1718	14.3318	0.0000	29.1461
86	91	0.1432	6	0	1	1	1	0	0	0	0	N	N	N	N	N	N	N	N	N	N	N	N	0.1212	0.0807	0.4954	2.2821	1.9775	161.7698	0.0001	0.0000	0.0400	0.0321	0.0364	0.0010	0.1321	0.1349	0.0183	0.0000	0.0000	0.0001	0.2650	0.4508	0.0019	0.0579	0.0682	0.0001	0.3457	0.7500	0.0021	0.0036	0.0030	-0.0013	-0.0458	5.3425	1.8247	7.0749	16.3284	0.0033	0.0033	0.0000	0.0033	0.0033	0.0000	0.0000	0.0000	0.0000	0.0848	0.0845	0.0003	0.0052	0.0052	0.0000	0.0796	0.0793	0.0003	0.1038	0.0914	0.0124	0.0252	0.0246	0.0006	0.0786	0.0667	0.0119	0.3199	0.1874	0.1324	0.0897	0.0761	0.0136	0.2302	0.1113	0.1188	0.1212	0.0807	0.4954	2.2821	1.9775	161.7698	0.0001	0.0000	0.0400	0.2650	0.4508	0.0019	0.0579	0.0682	0.0001	0.3457	0.7125	0.0021
86	92	0.1327	5	0	1	1	0	0	0	0	0	N	N	N	N	N	N	N	N	N	N	N	N	0.2313	0.3053	0.2359	0.3862	0.3851	0.3335	0.1129	1.7636	0.2254	0.0121	0.0115	0.0170	0.0495	0.0499	0.0386	0.0041	0.0022	0.0158	0.0525	0.0376	0.0720	0.1283	0.1296	0.1159	0.0360	0.0012	0.0701	0.2022	1.4621	-0.0010	0.0010	5.3425	9.1310	7.0749	16.1726	0.0049	0.0041	0.0008	0.0035	0.0034	0.0001	0.0013	0.0006	0.0007	0.0191	0.0077	0.0113	0.0083	0.0076	0.0007	0.0108	0.0002	0.0106	0.4018	0.3535	0.0484	0.0714	0.0689	0.0025	0.3305	0.2846	0.0459	0.3631	0.2059	0.1573	0.0648	0.0583	0.0065	0.2983	0.1475	0.1508	0.2313	0.3053	0.2359	0.3862	0.3851	0.3335	0.1129	1.7636	0.2254	0.0525	0.0376	0.0720	0.1283	0.1296	0.1159	0.0360	0.0012	0.0701
86	93	0.2177	11	0	1	1	0	0	0	0	0	N	N	N	N	N	N	N	N	N	N	N	N	0.0284	11.3551	0.0000	29.3765	28.0068	0.0111	0.0000	0.0415	0.0000	0.1213	0.1380	0.0000	0.6372	0.6608	0.0001	0.0000	0.0000	0.0000	4.2671	0.0122	11.5170	0.0217	0.0236	0.0087	6.7608	0.0001	13.1996	0.0000	556.2182	-0.0085	0.4432	5.3425	4.0959	7.0749	8.7137	0.0223	0.0223	0.0000	0.0223	0.0223	0.0000	0.0000	0.0000	0.0000	0.9736	0.0017	0.9718	0.0018	0.0017	0.0001	0.9717	0.0000	0.9717	0.1842	0.1619	0.0223	0.0351	0.0338	0.0013	0.1491	0.1281	0.0210	0.2282	0.1438	0.0844	0.0844	0.0737	0.0108	0.1437	0.0701	0.0736	0.0284	11.3551	0.0000	29.3765	28.0068	0.0111	0.0000	0.0415	0.0000	4.2671	0.0122	11.5170	0.0217	0.0236	0.0087	6.7608	0.0001	13.1996
86	94	0.1994	10	0	1	1	0	0	0	0	0	N	N	N	N	N	N	N	N	N	N	N	N	0.0061	0.0393	0.0000	0.0783	0.0792	0.0000	0.0000	0.0000	0.0000	0.0003	0.0004	0.0000	0.0015	0.0016	0.0000	0.0000	0.0000	0.0000	0.0561	0.0100	0.1297	0.0193	0.0197	0.0165	0.0743	0.0012	0.1428	0.0000	8.1440	-0.0000	0.0028	5.3425	2.9443	7.0749	6.1524	0.0000	0.0000	0.0000	0.0000	0.0000	0.0000	0.0000	0.0000	0.0000	0.0081	0.0009	0.0072	0.0009	0.0008	0.0001	0.0072	0.0001	0.0071	0.1391	0.1219	0.0172	0.0316	0.0306	0.0010	0.1075	0.0913	0.0162	0.1441	0.0885	0.0555	0.0477	0.0419	0.0057	0.0964	0.0466	0.0498	0.0061	0.0393	0.0000	0.0783	0.0792	0.0000	0.0000	0.0000	0.0000	0.0561	0.0100	0.1297	0.0193	0.0197	0.0165	0.0743	0.0012	0.1428
86	95	0.1969	9	0	0	1	0	0	0	0	0	N	N	N	N	N	N	N	N	N	N	N	N	0.0796	0.0000	0.3104	0.0000	0.0000	0.0000	0.0913	0.0000	0.3214	0.0012	0.0000	0.0103	0.0000	0.0000	0.0000	0.0016	0.0000	0.0109	0.0155	0.0068	0.0331	0.0128	0.0123	0.0203	0.0173	0.0000	0.0340	inf	2.4062	0.0000	0.0002	5.3425	0.8596	7.0749	1.2300	0.0000	0.0000	0.0000	0.0000	0.0000	0.0000	0.0000	0.0000	0.0000	0.0009	0.0003	0.0007	0.0003	0.0003	0.0000	0.0006	0.0000	0.0006	0.0401	0.0353	0.0048	0.0088	0.0085	0.0003	0.0314	0.0268	0.0045	0.0604	0.0404	0.0200	0.0237	0.0224	0.0013	0.0367	0.0180	0.0187	0.0796	0.0000	0.3104	0.0000	0.0000	0.0000	0.0913	0.0000	0.3214	0.0155	0.0068	0.0331	0.0128	0.0123	0.0203	0.0173	0.0000	0.0340
86	96	0.1851	8	0	0	1	0	0	0	0	0	N	N	N	N	N	N	N	N	N	N	N	N	635.7575	0.0176	3226.5507	488.7167	0.0357	5549.4782	678.8570	0.0000	2896.3087	4.1854	0.0001	37.3436	3.0533	0.0002	80.8859	4.6066	0.0000	32.9679	0.0066	0.0034	0.0116	0.0062	0.0057	0.0146	0.0068	0.0002	0.0114	78863.1429	2.1884	0.5821	0.0002	5.3425	3.7737	7.0749	2.5241	0.9406	0.0000	0.9406	0.1861	0.0000	0.1860	0.7545	0.0000	0.7545	0.0011	0.0003	0.0007	0.0004	0.0003	0.0001	0.0007	0.0000	0.0007	0.2247	0.1995	0.0252	0.0609	0.0586	0.0023	0.1638	0.1409	0.0229	0.1633	0.0996	0.0638	0.0614	0.0576	0.0038	0.1019	0.0419	0.0599	635.7575	0.0176	3226.5507	488.7167	0.0357	5549.4782	678.8570	0.0000	2896.3087	0.0066	0.0034	0.0116	0.0062	0.0057	0.0146	0.0068	0.0002	0.0114
86	97	0.1642	7	0	0	1	0	0	0	0	0	N	N	N	N	N	N	N	N	N	N	N	N	9.8585	49.2651	9.0800	12.6705	0.3306	1550.3939	8.8440	67.5697	7.6561	0.8763	0.7479	1.7911	0.2027	0.0058	4.0610	1.0153	0.9170	1.6268	0.0889	0.0152	0.1973	0.0160	0.0177	0.0026	0.1148	0.0136	0.2125	0.3361	8.8377	-0.0322	0.0061	5.3425	6.4922	7.0749	4.5502	0.2487	0.1862	0.0626	0.0098	0.0003	0.0096	0.2389	0.1859	0.0530	0.0172	0.0017	0.0155	0.0008	0.0008	0.0000	0.0164	0.0010	0.0154	0.2838	0.2489	0.0349	0.0485	0.0462	0.0024	0.2353	0.2027	0.0326	0.1935	0.1152	0.0784	0.0508	0.0451	0.0057	0.1428	0.0701	0.0727	9.8585	49.2651	9.0800	12.6705	0.3306	1550.3939	8.8440	67.5697	7.6561	0.0889	0.0152	0.1973	0.0160	0.0177	0.0026	0.1148	0.0136	0.2125
86	98	0.2114	14	0	1	1	0	0	0	0	0	N	N	N	N	N	N	N	N	N	N	N	N	0.0013	0.0009	0.0000	0.0012	0.0012	0.0000	0.1632	4.0574	0.0000	0.0001	0.0001	0.0000	0.0003	0.0003	0.0000	0.0000	0.0000	0.0000	0.0591	0.0965	0.0001	0.2344	0.2549	0.0009	0.0000	0.0000	0.0000	0.0000	0.0004	-0.0000	-0.0067	5.3425	1.3608	7.0749	12.1483	0.0000	0.0000	0.0000	0.0000	0.0000	0.0000	0.0000	0.0000	0.0000	0.0124	0.0124	0.0000	0.0124	0.0124	0.0000	0.0000	0.0000	0.0000	0.0685	0.0609	0.0076	0.0192	0.0181	0.0011	0.0493	0.0428	0.0065	0.2094	0.1282	0.0812	0.0528	0.0485	0.0043	0.1566	0.0796	0.0769	0.0013	0.0009	0.0000	0.0012	0.0012	0.0000	0.1632	4.0574	0.0000	0.0591	0.0965	0.0001	0.2344	0.2549	0.0009	0.0000	0.0000	0.0000
86	99	0.2078	13	0	0	1	0	0	0	0	0	N	N	N	N	N	N	N	N	N	N	N	N	0.0105	0.1580	0.0020	0.3983	0.3931	0.5628	0.0003	0.0132	0.0000	0.0010	0.0011	0.0005	0.0043	0.0043	0.0036	0.0000	0.0000	0.0000	0.0967	0.0069	0.2495	0.0107	0.0110	0.0063	0.1311	0.0038	0.2617	0.0653	21.3639	-0.0000	0.0017	5.3425	1.5300	7.0749	0.7696	0.0001	0.0001	0.0000	0.0001	0.0001	0.0000	0.0000	0.0000	0.0000	0.0042	0.0002	0.0040	0.0001	0.0001	0.0000	0.0041	0.0001	0.0040	0.0771	0.0675	0.0096	0.0176	0.0163	0.0013	0.0594	0.0512	0.0083	0.0436	0.0274	0.0161	0.0125	0.0117	0.0008	0.0311	0.0157	0.0154	0.0105	0.1580	0.0020	0.3983	0.3931	0.5628	0.0003	0.0132	0.0000	0.0967	0.0069	0.2495	0.0107	0.0110	0.0063	0.1311	0.0038	0.2617
86	100	0.1989	12	0	0	1	0	0	0	0	0	N	N	N	N	N	N	N	N	N	N	N	N	1.7752	1.5519	1.1056	4.1376	3.7973	22.5348	0.0441	0.0009	0.1753	0.0092	0.0100	0.0037	0.0640	0.0643	0.0573	0.0001	0.0000	0.0006	0.0052	0.0064	0.0033	0.0155	0.0169	0.0025	0.0018	0.0002	0.0034	0.0505	0.3406	-0.0005	-0.0001	5.3425	3.6906	7.0749	1.4800	0.0014	0.0014	0.0001	0.0014	0.0014	0.0001	0.0000	0.0000	0.0000	0.0004	0.0003	0.0001	0.0003	0.0003	0.0000	0.0001	0.0000	0.0001	0.1560	0.1372	0.0189	0.0223	0.0213	0.0010	0.1337	0.1159	0.0178	0.0810	0.0488	0.0322	0.0202	0.0181	0.0021	0.0608	0.0307	0.0302	1.7752	1.5519	1.1056	4.1376	3.7973	22.5348	0.0441	0.0009	0.1753	0.0052	0.0064	0.0033	0.0155	0.0169	0.0025	0.0018	0.0002	0.0034
86	101	0.1989	11	0	0	1	0	0	0	0	0	N	N	N	N	N	N	N	N	N	N	N	N	0.0321	0.0117	3.1949	0.0714	0.0339	35.6181	0.0010	0.0000	0.1267	0.0014	0.0008	0.0074	0.0048	0.0025	0.1548	0.0000	0.0000	0.0003	0.0449	0.0689	0.0023	0.0667	0.0735	0.0043	0.0336	0.0647	0.0021	0.9761	0.0190	0.0000	-0.0003	5.3425	0.1361	7.0749	0.4500	0.0000	0.0000	0.0000	0.0000	0.0000	0.0000	0.0000	0.0000	0.0000	0.0006	0.0006	0.0000	0.0003	0.0003	0.0000	0.0003	0.0003	0.0000	0.0103	0.0093	0.0010	0.0031	0.0030	0.0000	0.0072	0.0063	0.0009	0.0130	0.0083	0.0047	0.0044	0.0040	0.0004	0.0086	0.0043	0.0043	0.0321	0.0117	3.1949	0.0714	0.0339	35.6181	0.0010	0.0000	0.1267	0.0449	0.0689	0.0023	0.0667	0.0735	0.0043	0.0336	0.0647	0.0021
86	102	0.1830	10	0	0	1	0	0	0	0	0	N	N	N	N	N	N	N	N	N	N	N	N	0.5732	7.9317	0.0041	7.6242	26.1029	0.0286	0.0054	0.1084	0.0015	0.0487	0.0545	0.0008	0.2238	0.2323	0.0075	0.0006	0.0006	0.0003	0.0849	0.0069	0.2004	0.0294	0.0089	0.2603	0.1038	0.0056	0.1971	0.0018	19.7217	-0.0033	0.0048	5.3425	3.5591	7.0749	4.5341	0.0088	0.0088	0.0000	0.0087	0.0087	0.0000	0.0001	0.0001	0.0000	0.0116	0.0006	0.0111	0.0010	0.0003	0.0007	0.0106	0.0003	0.0103	0.1810	0.1614	0.0196	0.0390	0.0375	0.0015	0.1420	0.1239	0.0181	0.1370	0.0817	0.0552	0.0348	0.0320	0.0028	0.1022	0.0498	0.0524	0.5732	7.9317	0.0041	7.6242	26.1029	0.0286	0.0054	0.1084	0.0015	0.0849	0.0069	0.2004	0.0294	0.0089	0.2603	0.1038	0.0056	0.1971
86	103	0.1613	9	0	0	1	0	0	0	0	0	N	N	N	N	N	N	N	N	N	N	N	N	3.0450	2.1023	6.2982	1.3100	1.3173	4.2417	19.3692	21.5552	6.7022	0.1448	0.1632	0.0357	0.2415	0.2647	0.0252	0.1109	0.1250	0.0379	0.0475	0.0776	0.0057	0.1844	0.2009	0.0059	0.0057	0.0058	0.0057	0.0371	0.0525	-0.0083	-0.0043	5.3425	2.8937	7.0749	8.0733	0.0241	0.0232	0.0009	0.0104	0.0103	0.0001	0.0137	0.0129	0.0008	0.0087	0.0082	0.0004	0.0079	0.0078	0.0000	0.0008	0.0004	0.0004	0.1661	0.1421	0.0240	0.0430	0.0389	0.0042	0.1231	0.1032	0.0199	0.1823	0.1060	0.0762	0.0427	0.0390	0.0036	0.1396	0.0670	0.0726	3.0450	2.1023	6.2982	1.3100	1.3173	4.2417	19.3692	21.5552	6.7022	0.0475	0.0776	0.0057	0.1844	0.2009	0.0059	0.0057	0.0058	0.0057
86	104	0.2191	9	0	1	1	0	0	0	0	0	N	N	N	N	N	N	N	N	N	N	N	N	0.4100	0.3698	0.0000	0.0655	0.0633	0.0000	565.0099	538.9948	0.0000	0.1460	0.1741	0.0000	0.0499	0.0552	0.0000	0.2136	0.2698	0.0000	0.3560	0.4708	0.0003	0.7617	0.8716	0.0007	0.0004	0.0005	0.0001	0.0000	0.0002	-0.0001	-0.0102	5.3425	0.0277	7.0749	1.3445	0.0004	0.0004	0.0000	0.0001	0.0001	0.0000	0.0003	0.0003	0.0000	0.0188	0.0188	0.0000	0.0188	0.0188	0.0000	0.0000	0.0000	0.0000	0.0024	0.0020	0.0004	0.0010	0.0009	0.0001	0.0014	0.0011	0.0003	0.0527	0.0399	0.0129	0.0246	0.0215	0.0031	0.0281	0.0183	0.0098	0.4100	0.3698	0.0000	0.0655	0.0633	0.0000	565.0099	538.9948	0.0000	0.3560	0.4708	0.0003	0.7617	0.8716	0.0007	0.0004	0.0005	0.0001
86	105	0.1725	8	0	1	1	0	0	0	0	0	N	N	N	N	N	N	N	N	N	N	N	N	174.9014	196.1261	0.0019	43.5151	42.3164	0.0203	365.2098	2863.6684	0.0001	3.3318	3.8029	0.0000	2.0572	2.2051	0.0003	3.7036	4.3088	0.0000	0.0190	0.0194	0.0186	0.0473	0.0521	0.0141	0.0101	0.0015	0.0189	0.0000	0.6580	-0.2996	-0.0009	5.3425	5.1414	7.0749	16.4151	0.7862	0.7862	0.0000	0.1096	0.1096	0.0000	0.6766	0.6766	0.0000	0.0061	0.0037	0.0024	0.0036	0.0035	0.0001	0.0025	0.0002	0.0023	0.2360	0.2067	0.0292	0.0533	0.0497	0.0036	0.1827	0.1570	0.0257	0.3185	0.1887	0.1298	0.0764	0.0667	0.0097	0.2421	0.1220	0.1201	174.9014	196.1261	0.0019	43.5151	42.3164	0.0203	365.2098	2863.6684	0.0001	0.0190	0.0194	0.0186	0.0473	0.0521	0.0141	0.0101	0.0015	0.0189
86	106	0.1642	7	0	0	1	0	0	0	0	0	N	N	N	N	N	N	N	N	N	N	N	N	12.0861	9.5451	1.0023	51.8962	58.4395	1.5364	0.2863	0.1751	0.2892	0.1766	0.2011	0.0044	0.9546	1.0060	0.0473	0.0037	0.0042	0.0007	0.0146	0.0211	0.0044	0.0184	0.0172	0.0308	0.0130	0.0241	0.0025	0.0031	0.1300	-0.0118	-0.0007	5.3425	3.8974	7.0749	1.6364	0.0313	0.0312	0.0001	0.0308	0.0307	0.0001	0.0005	0.0005	0.0000	0.0017	0.0015	0.0002	0.0006	0.0005	0.0001	0.0011	0.0010	0.0001	0.1773	0.1553	0.0220	0.0322	0.0305	0.0017	0.1451	0.1248	0.0203	0.1155	0.0709	0.0446	0.0342	0.0312	0.0030	0.0813	0.0397	0.0416	12.0861	9.5451	1.0023	51.8962	58.4395	1.5364	0.2863	0.1751	0.2892	0.0146	0.0211	0.0044	0.0184	0.0172	0.0308	0.0130	0.0241	0.0025
86	107	0.1432	6	0	0	1	0	0	0	0	0	N	N	N	N	N	N	N	N	N	N	N	N	0.1254	0.0479	28.7646	0.8660	0.6803	37.7856	0.0717	0.0095	33.0477	0.0494	0.0314	0.1860	0.0667	0.0595	0.6356	0.0392	0.0114	0.1674	0.3941	0.6559	0.0065	0.0770	0.0875	0.0168	0.5465	1.2005	0.0051	0.7788	0.0067	0.0001	-0.0449	5.3425	0.3701	7.0749	9.6236	0.0021	0.0012	0.0009	0.0010	0.0009	0.0001	0.0010	0.0002	0.0008	0.0838	0.0832	0.0006	0.0053	0.0051	0.0002	0.0784	0.0781	0.0004	0.0419	0.0371	0.0049	0.0156	0.0154	0.0002	0.0263	0.0217	0.0047	0.2125	0.1268	0.0857	0.0690	0.0587	0.0102	0.1435	0.0681	0.0754	0.1254	0.0479	28.7646	0.8660	0.6803	37.7856	0.0717	0.0100	33.0477	0.3941	0.6559	0.0065	0.0770	0.0875	0.0168	0.5465	1.1463	0.0051
86	108	0.1327	5	0	0	1	0	0	0	0	0	N	N	N	N	N	N	N	N	N	N	N	N	0.0032	0.0010	4.6002	0.0339	0.0281	14.7634	0.0018	0.0000	4.2122	0.0294	0.0168	0.1276	0.0463	0.0421	0.3799	0.0200	0.0001	0.1172	9.2110	16.1324	0.0277	1.3649	1.4992	0.0257	11.3762	23.8302	0.0278	0.9744	0.0013	0.0001	-0.4637	5.3425	0.4415	7.0749	4.8853	0.0013	0.0007	0.0007	0.0008	0.0007	0.0001	0.0006	0.0000	0.0006	0.8561	0.8549	0.0011	0.0274	0.0274	0.0000	0.8286	0.8276	0.0011	0.0453	0.0401	0.0052	0.0162	0.0160	0.0002	0.0291	0.0241	0.0050	0.0929	0.0530	0.0399	0.0201	0.0183	0.0018	0.0728	0.0347	0.0381	0.0032	0.0010	4.6002	0.0339	0.0281	14.7634	0.0018	0.0000	4.2122	9.2110	16.1324	0.0277	1.3649	1.4992	0.0257	11.3762	23.8302	0.0278
86	109	0.1916	10	1	1	1	1	0	0	0	0	N	N	N	N	N	N	N	N	N	N	N	N	0.0000	0.0000	0.0000	0.0000	0.0000	0.0000	0.0000	0.0000	0.0000	0.0000	0.0000	0.0000	0.0000	0.0000	0.0000	0.0000	0.0000	0.0000	0.0000	0.0000	5.3425	0.0000	7.0749	0.0000	0.0000	0.0000	0.0000	0.0000	0.0000	0.0000	0.0000	0.0000	0.0000	0.0000	0.0000	0.0000	0.0000	0.0000	0.0000	0.0000	0.0000	0.0000	0.0000	0.0000	0.0000	0.0000	0.0000	0.0000	0.0000	0.0000	0.0000	0.0000	0.0000	0.0000	0.0000	0.0000	0.0000	0.0000	0.0000	0.0000	0.0000	0.0000	0.0000	0.0000	0.0000	0.0000	0.0000	0.0000	0.0000	0.0000	0.0000	0.0000	0.0000	0.0000	0.0000	0.0000	0.0000	0.0000											
86	110	0.1767	9	1	1	1	1	0	0	0	0	N	N	N	N	N	N	N	N	N	N	N	N	0.0000	0.0000	0.0000	0.0000	0.0000	0.0000	0.0000	0.0000	0.0000	0.0000	0.0000	0.0000	0.0000	0.0000	0.0000	0.0000	0.0000	0.0000	8.8385	0.3122	30.8900	0.7164	0.7883	0.1554	11.7630	0.0000	30.2133	46.7793	0.0000	0.4371	5.3425	0.0000	7.0749	7.1240	0.0000	0.0000	0.0000	0.0000	0.0000	0.0000	0.0000	0.0000	0.0000	1.0022	0.0210	0.9812	0.0215	0.0210	0.0005	0.9807	0.0000	0.9807	0.0000	0.0000	0.0000	0.0000	0.0000	0.0000	0.0000	0.0000	0.0000	0.1134	0.0672	0.0462	0.0300	0.0266	0.0034	0.0834	0.0406	0.0428	0.0000	0.0000	0.0000	0.0000	0.0000	0.0000	0.0000	0.0000	0.0000	8.8385	0.3122	21.2402	0.7164	0.7883	0.1554	11.7630	0.0000	22.9205	
86	111	0.1856	11	0	1	1	1	0	0	0	0	N	N	N	N	N	N	N	N	N	N	N	N	0.0000	0.0000	0.0000	0.0000	0.0000	0.0000	0.0000	0.0000	0.0000	0.0000	0.0000	0.0000	0.0000	0.0000	0.0000	0.0000	0.0000	0.0000	0.0433	0.0016	0.1062	0.0172	0.0039	0.0926	0.0538	0.0001	0.1078	43.3875	0.0000	0.0015	5.3425	0.0016	7.0749	5.0076	0.0000	0.0000	0.0000	0.0000	0.0000	0.0000	0.0000	0.0000	0.0000	0.0034	0.0001	0.0033	0.0004	0.0001	0.0003	0.0030	0.0000	0.0030	0.0002	0.0002	0.0000	0.0001	0.0001	0.0000	0.0001	0.0001	0.0000	0.0777	0.0468	0.0310	0.0224	0.0190	0.0033	0.0554	0.0277	0.0276	0.0000	0.0000	0.0000	0.0000	0.0000	0.0000	0.0000	0.0000	0.0000	0.0433	0.0016	0.1062	0.0172	0.0039	0.0926	0.0538	0.0001	0.1078	
86	112	0.1788	10	0	1	1	1	0	0	0	0	N	N	N	N	N	N	N	N	N	N	N	N	0.0000	0.0000	0.0000	0.0000	0.0000	0.0000	0.0000	0.0000	0.0000	0.0000	0.0000	0.0000	0.0000	0.0000	0.0000	0.0000	0.0000	0.0000	0.3829	0.6479	0.0001	1.3426	1.4887	0.0002	0.0001	0.0000	0.0001	0.0001	0.0000	-0.0114	5.3425	1.0012	7.0749	2.1373	0.0000	0.0000	0.0000	0.0000	0.0000	0.0000	0.0000	0.0000	0.0000	0.0209	0.0209	0.0000	0.0209	0.0209	0.0000	0.0000	0.0000	0.0000	0.0424	0.0373	0.0051	0.0069	0.0066	0.0002	0.0355	0.0306	0.0049	0.0547	0.0323	0.0224	0.0156	0.0141	0.0015	0.0391	0.0182	0.0208	0.0000	0.0000	0.0000	0.0000	0.0000	0.0000	0.0000	0.0000	0.0000	0.3829	0.6479	0.0001	1.3426	1.4887	0.0002	0.0001	0.0000	0.0001	
86	113	0.1871	10	0	1	1	0	0	0	0	0	N	N	N	N	N	N	N	N	N	N	N	N	4014.0526	2816.0297	0.0000	7602.5708	7324.7561	0.0000	975.5508	566.5176	0.0000	20.1917	22.8302	0.0000	76.8295	80.2360	0.0000	3.0187	3.5009	0.0000	0.0050	0.0081	0.0004	0.0101	0.0110	0.0041	0.0031	0.0062	0.0001	0.0000	0.0355	-0.3693	-0.0002	5.3425	0.9705	7.0749	5.0371	0.9691	0.9691	0.0000	0.8579	0.8579	0.0000	0.1112	0.1112	0.0000	0.0005	0.0004	0.0000	0.0003	0.0002	0.0000	0.0002	0.0002	0.0000	0.0480	0.0424	0.0055	0.0112	0.0107	0.0005	0.0368	0.0318	0.0051	0.0901	0.0540	0.0361	0.0249	0.0218	0.0031	0.0652	0.0322	0.0330	4014.0526	2816.0297	0.0000	7602.5708	7324.7561	0.0000	975.5508	566.5176	0.0000	0.0050	0.0081	0.0004	0.0101	0.0110	0.0041	0.0031	0.0062	0.0001
86	114	0.1788	10	0	0	2	1	0	0	0	0	N	N	Y	N	N	N	N	N	N	N	N	N	0.0000	0.0000	0.0000	0.0000	0.0000	0.0000	0.0000	0.0000	0.0000	0.0000	0.0000	0.0000	0.0000	0.0002	0.0004	0.0000	0.0007	0.0007	0.0000	0.0000	0.0000	0.0000	0.0000	0.0000	-0.0000	5.3425	0.0000	7.0749	1.1303	0.0000	0.0000	0.0000	0.0000	0.0000	0.0000	0.0000	0.0000	0.0000	0.0000	0.0000	0.0000	0.0000	0.0000	0.0000	0.0000	0.0000	0.0000	0.0000	0.0000	0.0000	0.0000	0.0000	0.0000	0.0000	0.0000	0.0000	0.0242	0.0141	0.0101	0.0078	0.0073	0.0006	0.0164	0.0068	0.0095	0.0000	0.0000	0.0000	0.0000	0.0000	0.0000	0.0000	0.0000	0.0000	0.0002	0.0004	0.0000	0.0007	0.0007	0.0000	0.0000	0.0000	0.0000						
86	115	0.1767	9	0	0	1	1	0	0	0	0	N	N	N	N	N	N	N	N	N	N	N	N	0.0000	0.0000	0.0000	0.0000	0.0000	0.0000	0.0000	0.0000	0.0000	0.0000	0.0000	0.0000	0.0000	0.0000	0.0000	0.0000	0.0000	0.0000	0.0182	0.0276	0.0050	0.0316	0.0287	0.0665	0.0119	0.0263	0.0011	0.1283	0.0000	-0.0002	5.3425	0.0000	7.0749	1.2340	0.0000	0.0000	0.0000	0.0000	0.0000	0.0000	0.0000	0.0000	0.0000	0.0005	0.0004	0.0001	0.0003	0.0002	0.0000	0.0002	0.0002	0.0000	0.0000	0.0000	0.0000	0.0000	0.0000	0.0000	0.0000	0.0000	0.0000	0.0263	0.0154	0.0109	0.0085	0.0078	0.0006	0.0178	0.0076	0.0102	0.0000	0.0000	0.0000	0.0000	0.0000	0.0000	0.0000	0.0000	0.0000	0.0182	0.0276	0.0050	0.0316	0.0287	0.0665	0.0119	0.0263	0.0011	
86	116	0.1842	10	0	0	2	1	0	0	0	0	N	N	Y	N	N	N	N	N	N	N	N	N	1.8817	1.3190	0.0000	2.4083	2.2558	0.0000	1.2030	1.3174	0.0000	0.4609	0.5250	0.0000	1.9950	2.1392	0.0000	0.0000	0.0000	0.0000	0.2450	0.3980	0.0000	0.8284	0.9483	0.0004	0.0000	0.0000	0.0000	0.0000	0.0001	-0.0083	-0.0043	5.3425	0.9725	7.0749	0.9874	0.0218	0.0218	0.0000	0.0218	0.0218	0.0000	0.0000	0.0000	0.0000	0.0080	0.0080	0.0000	0.0080	0.0080	0.0000	0.0000	0.0000	0.0000	0.0472	0.0414	0.0058	0.0109	0.0102	0.0007	0.0363	0.0313	0.0050	0.0325	0.0200	0.0125	0.0096	0.0084	0.0012	0.0229	0.0116	0.0113	1.8817	1.3190	0.0000	2.4083	2.2558	0.0000	1.2030	1.3174	0.0000	0.2450	0.3980	0.0000	0.8284	0.9483	0.0004	0.0000	0.0000	0.0000
86	117	0.1842	10	0	0	2	1	0	0	0	0	N	N	Y	N	N	N	N	N	N	N	N	N	8.3777	0.0089	88.9183	5.1767	0.0008	537.6179	7.2701	31.3481	23.4849	0.0975	0.0001	0.6465	0.1610	0.0000	1.0789	0.0282	0.0002	0.1841	0.0116	0.0144	0.0073	0.0311	0.0356	0.0020	0.0039	0.0000	0.0078	891.0026	0.3240	0.0004	-0.0002	5.3425	0.0285	7.0749	4.0215	0.0006	0.0000	0.0006	0.0005	0.0000	0.0005	0.0001	0.0000	0.0001	0.0007	0.0006	0.0002	0.0006	0.0006	0.0000	0.0002	0.0000	0.0002	0.0064	0.0055	0.0010	0.0034	0.0029	0.0005	0.0031	0.0026	0.0005	0.0636	0.0387	0.0249	0.0181	0.0157	0.0024	0.0455	0.0230	0.0225	8.3777	0.0089	88.9183	5.1767	0.0008	537.6179	7.2701	31.3481	23.4849	0.0116	0.0144	0.0073	0.0311	0.0356	0.0020	0.0039	0.0000	0.0078
86	118	0.1767	9	0	0	2	1	0	0	0	0	N	N	Y	N	N	N	N	N	N	N	N	N	0.1519	0.1022	0.0000	0.0579	0.0534	0.0000	32766.7491	42078.3793	0.0000	0.0376	0.0427	0.0000	0.0529	0.0548	0.0000	0.0346	0.0401	0.0000	0.2472	0.4176	0.0000	0.9133	1.0251	0.0001	0.0000	0.0000	0.0000	0.0000	0.0000	-0.0018	-0.0114	5.3425	3.0275	7.0749	2.1573	0.0048	0.0048	0.0000	0.0011	0.0011	0.0000	0.0037	0.0037	0.0000	0.0211	0.0211	0.0000	0.0211	0.0211	0.0000	0.0000	0.0000	0.0000	0.1269	0.1116	0.0153	0.0206	0.0198	0.0007	0.1064	0.0918	0.0146	0.0852	0.0504	0.0348	0.0231	0.0205	0.0025	0.0621	0.0299	0.0322	0.1519	0.1022	0.0000	0.0579	0.0534	0.0000	32766.7491	42078.3793	0.0000	0.2472	0.4176	0.0000	0.9133	1.0251	0.0001	0.0000	0.0000	0.0000
86	119	0.2179	9	1	1	1	0	0	0	0	0	N	N	N	N	N	N	N	N	N	N	N	N	3738.2606	2988.3119	72.6333	2.8320	0.0233	85.7878	47326.1766	52295581.0613	5.4151	8.9939	10.0489	0.0594	0.0219	0.0002	0.4506	12.4175	14.2316	0.0029	0.0024	0.0034	0.0008	0.0077	0.0080	0.0053	0.0003	0.0000	0.0005	0.0007	0.1465	-0.3804	-0.0001	5.3425	2.1883	7.0749	3.1271	1.0001	0.9994	0.0007	0.0007	0.0000	0.0007	0.9994	0.9994	0.0000	0.0002	0.0002	0.0000	0.0002	0.0002	0.0000	0.0000	0.0000	0.0000	0.1112	0.0995	0.0117	0.0307	0.0292	0.0015	0.0805	0.0702	0.0103	0.0887	0.0553	0.0333	0.0254	0.0234	0.0020	0.0633	0.0320	0.0313	3738.2606	2988.3119	72.6333	2.8320	0.0233	85.7878	47326.1766	52295581.0613	5.4151	0.0024	0.0034	0.0008	0.0077	0.0080	0.0053	0.0003	0.0000	0.0005
86	120	0.1510	8	1	1	1	0	0	0	0	0	N	N	N	N	N	N	N	N	N	N	N	N	14.4090	31.9758	1.5162	63.8454	61.0847	21.9415	0.5634	13.0212	1.3539	0.0569	0.0634	0.0102	0.3518	0.3618	0.0286	0.0020	0.0008	0.0094	0.0040	0.0020	0.0067	0.0055	0.0059	0.0013	0.0035	0.0001	0.0070	0.0221	2.4186	-0.0119	0.0003	5.3425	13.6104	7.0749	16.0982	0.0331	0.0324	0.0007	0.0321	0.0321	0.0001	0.0010	0.0003	0.0006	0.0017	0.0005	0.0012	0.0005	0.0005	0.0000	0.0012	0.0000	0.0012	0.5816	0.5113	0.0703	0.0914	0.0886	0.0027	0.4902	0.4227	0.0676	0.4225	0.2464	0.1761	0.0887	0.0807	0.0079	0.3339	0.1657	0.1682	14.4090	31.9758	1.5162	63.8454	61.0847	21.9415	0.5634	13.0212	1.3539	0.0040	0.0020	0.0067	0.0055	0.0059	0.0013	0.0035	0.0001	0.0070
86	121	0.1762	10	0	1	1	0	0	0	0	0	N	N	N	N	N	N	N	N	N	N	N	N	0.1025	0.0791	9.9876	0.9666	0.8549	35.2076	0.0555	0.0349	1.4669	0.1619	0.1870	0.0152	0.1623	0.1693	0.0655	0.1617	0.2035	0.0021	1.5807	2.3641	0.0015	0.1679	0.1980	0.0019	2.9157	5.8272	0.0014	0.0138	0.0003	-0.0034	-0.2034	5.3425	0.3548	7.0749	4.6068	0.0093	0.0091	0.0001	0.0041	0.0040	0.0001	0.0051	0.0051	0.0000	0.3749	0.3748	0.0001	0.0193	0.0193	0.0000	0.3555	0.3555	0.0001	0.0572	0.0489	0.0083	0.0254	0.0237	0.0017	0.0319	0.0252	0.0066	0.2372	0.1585	0.0786	0.1152	0.0975	0.0177	0.1219	0.0610	0.0609	0.1025	0.0791	9.9876	0.9666	0.8549	35.2076	0.0555	0.0349	1.4669	1.5807	2.3641	0.0015	0.1679	0.1980	0.0019	2.9157	5.8272	0.0014
86	122	0.1613	9	0	1	1	0	0	0	0	0	N	N	N	N	N	N	N	N	N	N	N	N	0.0491	0.0333	0.3918	0.2758	0.2757	1.3128	0.0350	0.0198	0.2198	0.2163	0.2499	0.0308	0.2655	0.2874	0.0795	0.1939	0.2314	0.0175	4.4086	7.5145	0.0786	0.9624	1.0424	0.0605	5.5420	11.6586	0.0795	0.0224	0.0075	-0.0091	-0.3084	5.3425	1.6911	7.0749	5.7022	0.0254	0.0248	0.0006	0.0097	0.0094	0.0003	0.0157	0.0154	0.0002	0.5760	0.5717	0.0043	0.0311	0.0310	0.0002	0.5449	0.5407	0.0041	0.1173	0.0993	0.0180	0.0366	0.0327	0.0039	0.0807	0.0666	0.0141	0.1306	0.0761	0.0546	0.0323	0.0297	0.0026	0.0983	0.0464	0.0519	0.0491	0.0333	0.3918	0.2758	0.2757	1.3128	0.0350	0.0198	0.2198	4.4086	7.5145	0.0786	0.9624	1.0424	0.0605	5.5420	11.6586	0.0795
86	123	0.1510	8	0	0	1	0	0	0	0	0	N	N	N	N	N	N	N	N	N	N	N	N	70.2861	47.4304	21.9495	135.5721	130.2147	132.1622	65.3811	36.6604	19.1835	6.0702	6.8808	0.1216	3.3027	3.3665	0.4121	6.9727	8.2029	0.1081	0.0864	0.1451	0.0055	0.0244	0.0259	0.0031	0.1066	0.2238	0.0056	0.0024	0.0277	-0.2912	-0.0042	5.3425	2.0929	7.0749	3.1856	0.7690	0.7671	0.0018	0.1029	0.1026	0.0003	0.6661	0.6645	0.0016	0.0082	0.0080	0.0002	0.0006	0.0006	0.0000	0.0076	0.0074	0.0002	0.1267	0.1115	0.0152	0.0312	0.0305	0.0007	0.0955	0.0810	0.0145	0.0948	0.0549	0.0399	0.0234	0.0218	0.0015	0.0714	0.0331	0.0383	70.2861	47.4304	21.9495	135.5721	130.2147	132.1622	65.3811	36.6604	19.1835	0.0864	0.1451	0.0055	0.0244	0.0259	0.0031	0.1066	0.2238	0.0056
86	124	0.1917	11	1	1	1	0	0	0	0	0	N	N	N	N	N	N	N	N	N	N	N	N	0.0000	0.0000	0.0000	0.0000	0.0000	0.0000	0.0000	0.0000	0.0000	0.0000	0.0000	0.0000	0.0000	0.0000	0.0000	0.0000	0.0000	0.0000	0.0000	0.0000	5.3425	0.0000	7.0749	0.0000	0.0000	0.0000	0.0000	0.0000	0.0000	0.0000	0.0000	0.0000	0.0000	0.0000	0.0000	0.0000	0.0000	0.0000	0.0000	0.0000	0.0000	0.0000	0.0000	0.0000	0.0000	0.0000	0.0000	0.0000	0.0000	0.0000	0.0000	0.0000	0.0000	0.0000	0.0000	0.0000	0.0000	0.0000	0.0000	0.0000	0.0000	0.0000	0.0000	0.0000	0.0000	0.0000	0.0000	0.0000	0.0000	0.0000	0.0000	0.0000	0.0000	0.0000	0.0000	0.0000	0.0000	0.0000											
86	125	0.1871	10	1	1	1	0	0	0	0	0	N	N	N	N	N	N	N	N	N	N	N	N	1778.7314	1210.2732	0.0000	289.6114	269.2834	0.0000	301540.3559	263708.2292	0.0000	10.9755	12.2259	0.0000	5.9387	6.2463	0.0000	14.4580	16.7911	0.0000	0.0062	0.0101	0.0000	0.0205	0.0232	0.0001	0.0000	0.0001	0.0000	0.0000	0.0027	-0.0544	-0.0001	5.3425	0.1434	7.0749	1.9839	0.1427	0.1427	0.0000	0.0316	0.0316	0.0000	0.1112	0.1112	0.0000	0.0002	0.0002	0.0000	0.0002	0.0002	0.0000	0.0000	0.0000	0.0000	0.0130	0.0117	0.0013	0.0053	0.0051	0.0003	0.0077	0.0066	0.0011	0.0353	0.0215	0.0138	0.0106	0.0093	0.0012	0.0247	0.0122	0.0126	1778.7314	1210.2732	0.0000	289.6114	269.2834	0.0000	301540.3559	263708.2292	0.0000	0.0062	0.0101	0.0000	0.0205	0.0232	0.0001	0.0000	0.0001	0.0000
86	126	0.1767	9	0	1	1	0	0	0	0	0	N	N	N	N	N	N	N	N	N	N	N	N	9583.1141	74817.1151	0.0000	3.0040	20.0807	0.0000	17957.5101	385955.3537	0.0000	11.1541	12.6843	0.0000	0.0069	0.0071	0.0000	13.3097	15.4259	0.0000	0.0012	0.0002	0.0026	0.0023	0.0004	0.0183	0.0007	0.0000	0.0014	0.0000	10.6013	-0.3383	0.0000	5.3425	1.8882	7.0749	2.9115	0.8879	0.8879	0.0000	0.0001	0.0001	0.0000	0.8878	0.8878	0.0000	0.0001	0.0000	0.0001	0.0000	0.0000	0.0000	0.0000	0.0000	0.0000	0.0796	0.0700	0.0096	0.0129	0.0124	0.0005	0.0667	0.0576	0.0092	0.0795	0.0471	0.0325	0.0217	0.0193	0.0023	0.0579	0.0277	0.0301	9583.1141	74817.1151	0.0000	3.0040	20.0807	0.0000	17957.5101	385955.3537	0.0000	0.0012	0.0002	0.0026	0.0023	0.0004	0.0183	0.0007	0.0000	0.0014
86	127	0.1510	8	0	0	1	0	0	0	0	0	N	N	N	N	N	N	N	N	N	N	N	N	2.2118	2.5837	3.4730	4.4109	3.9118	4571.7061	0.8140	1.8180	2.8621	0.0241	0.0201	0.0527	0.0900	0.0867	0.2205	0.0066	0.0000	0.0453	0.0109	0.0078	0.0152	0.0204	0.0222	0.0000	0.0082	0.0000	0.0158	0.3599	1.4022	-0.0005	0.0001	5.3425	3.5543	7.0749	9.0319	0.0045	0.0033	0.0012	0.0035	0.0033	0.0002	0.0010	0.0000	0.0010	0.0022	0.0009	0.0013	0.0009	0.0009	0.0000	0.0013	0.0000	0.0013	0.1872	0.1646	0.0226	0.0391	0.0382	0.0009	0.1481	0.1264	0.0217	0.2000	0.1163	0.0837	0.0444	0.0409	0.0036	0.1556	0.0754	0.0802	2.2118	2.5837	3.4730	4.4109	3.9118	4571.7061	0.8140	1.8180	2.8621	0.0109	0.0078	0.0152	0.0204	0.0222	0.0000	0.0082	0.0000	0.0158
86	128	0.1473	7	0	0	1	0	0	0	0	0	N	N	N	N	N	N	N	N	N	N	N	N	438.2993	0.4333	3907.3667	1.7120	0.8649	1488.5522	1013.8008	0.1916	4051.3104	6.6287	0.0069	54.7442	0.0514	0.0270	0.7632	8.5972	0.0001	58.3814	0.0151	0.0159	0.0140	0.0300	0.0312	0.0005	0.0085	0.0004	0.0144	1093.5622	0.6144	0.6106	-0.0002	5.3425	2.6246	7.0749	0.7212	0.9880	0.0009	0.9871	0.0018	0.0009	0.0009	0.9862	0.0000	0.9862	0.0012	0.0008	0.0005	0.0008	0.0008	0.0000	0.0005	0.0000	0.0005	0.1490	0.1310	0.0180	0.0343	0.0332	0.0011	0.1147	0.0978	0.0169	0.0826	0.0486	0.0339	0.0255	0.0245	0.0010	0.0571	0.0241	0.0329	438.2993	0.4333	3907.3667	1.7120	0.8649	1488.5522	1013.8008	0.1916	4051.3104	0.0151	0.0159	0.0140	0.0300	0.0312	0.0005	0.0085	0.0004	0.0144
86	129	0.1416	6	0	0	1	0	0	0	0	0	N	N	N	N	N	N	N	N	N	N	N	N	0.7429	0.9393	2.3400	10.8007	1.9756	849.6591	0.3477	0.1968	1.2033	0.1111	0.0138	0.8254	0.2804	0.0538	7.7093	0.0651	0.0015	0.4418	0.1495	0.0147	0.3527	0.0260	0.0272	0.0091	0.1871	0.0076	0.3672	8.1381	15.9167	0.0096	0.0051	5.3425	3.3474	7.0749	1.3769	0.0189	0.0021	0.0168	0.0102	0.0019	0.0083	0.0087	0.0002	0.0085	0.0128	0.0008	0.0120	0.0005	0.0005	0.0000	0.0122	0.0002	0.0120	0.1698	0.1494	0.0203	0.0363	0.0352	0.0011	0.1335	0.1142	0.0193	0.0854	0.0513	0.0340	0.0199	0.0186	0.0014	0.0654	0.0328	0.0327	0.7429	0.9393	2.3400	10.8007	1.9756	849.6591	0.3477	0.1968	1.2033	0.1495	0.0147	0.3527	0.0260	0.0272	0.0091	0.1871	0.0076	0.3672
86	130	0.1327	5	0	0	1	0	0	0	0	0	N	N	N	N	N	N	N	N	N	N	N	N	0.0045	0.2013	0.0043	0.1260	0.0976	29.1625	0.0037	2.4300	0.0042	0.0542	0.0313	0.2324	0.0480	0.0407	0.6119	0.0576	0.0252	0.2167	12.0459	0.1554	54.2560	0.3813	0.4168	0.0210	15.4137	0.0104	51.2456	0.9566	134.6413	0.0003	0.4379	5.3425	0.4686	7.0749	4.0374	0.0025	0.0013	0.0012	0.0008	0.0007	0.0001	0.0017	0.0006	0.0011	0.9739	0.0072	0.9667	0.0069	0.0069	0.0000	0.9670	0.0003	0.9667	0.0465	0.0412	0.0053	0.0164	0.0162	0.0002	0.0301	0.0250	0.0051	0.0808	0.0462	0.0347	0.0181	0.0165	0.0016	0.0627	0.0297	0.0330	0.0045	0.2013	0.0083	0.1260	0.0976	29.1625	0.0037	2.4300	0.0074	12.0459	0.1554	27.8930	0.3813	0.4168	0.0210	15.4137	0.0104	29.2652
86	131	0.1152	4	0	0	1	0	0	0	0	0	N	N	N	N	N	N	N	N	N	N	N	N	7.5234	6.0902	0.7449	7.7709	7.8727	1.1261	6.8121	7.3979	0.7986	3.2051	3.7564	0.0605	8.1373	9.2040	0.0358	0.6507	0.7665	0.0695	0.4260	0.6168	0.0813	1.0471	1.1691	0.0318	0.0955	0.1036	0.0871	0.0028	0.0729	-0.2837	-0.0517	5.3425	3.2951	7.0749	6.3724	0.7501	0.7480	0.0021	0.6498	0.6495	0.0003	0.1003	0.0985	0.0018	0.1088	0.1014	0.0074	0.0929	0.0926	0.0003	0.0159	0.0088	0.0071	0.2340	0.1991	0.0349	0.0799	0.0706	0.0093	0.1542	0.1286	0.0256	0.2553	0.1644	0.0910	0.0887	0.0792	0.0095	0.1667	0.0852	0.0814	7.5234	6.0902	0.7449	7.7709	7.8727	1.1261	6.8121	7.3979	0.7986	0.4260	0.6168	0.0813	1.0471	1.1691	0.0318	0.0955	0.1036	0.0871
86	132	0.1028	3	0	0	1	0	0	0	0	0	N	N	N	N	N	N	N	N	N	N	N	N	0.4952	0.3681	1.1355	0.4250	0.4319	0.5302	0.5467	0.3133	1.4078	0.3512	0.4027	0.0452	0.4459	0.4989	0.0181	0.2899	0.3364	0.0568	0.7091	1.0940	0.0398	1.0492	1.1550	0.0342	0.5303	1.0738	0.0404	0.0189	0.0209	-0.0238	-0.0914	5.3425	2.3562	7.0749	6.2610	0.0656	0.0644	0.0012	0.0327	0.0326	0.0001	0.0329	0.0318	0.0011	0.1749	0.1713	0.0036	0.0892	0.0889	0.0003	0.0857	0.0824	0.0033	0.1867	0.1598	0.0269	0.0734	0.0653	0.0081	0.1134	0.0945	0.0188	0.2467	0.1566	0.0901	0.0850	0.0770	0.0080	0.1617	0.0796	0.0820	0.4952	0.3681	1.1355	0.4250	0.4319	0.5302	0.5467	0.3250	1.4078	0.7091	1.0940	0.0398	1.0492	1.1550	0.0342	0.5303	1.0350	0.0404
86	133	0.0705	2	0	0	1	0	0	0	0	0	N	N	N	N	N	N	N	N	N	N	N	N	1.1286	1.0295	0.1688	1.1306	1.1197	0.6567	0.4155	0.3723	0.1314	0.6195	0.9043	0.0065	1.2899	1.3540	0.0275	0.1183	0.2402	0.0050	0.5489	0.8784	0.0385	1.1409	1.2093	0.0418	0.2848	0.6450	0.0384	0.0033	0.0283	-0.1184	-0.1267	5.3425	3.4088	7.0749	13.4864	0.3133	0.3123	0.0010	0.2791	0.2788	0.0003	0.0342	0.0335	0.0008	0.2459	0.2391	0.0068	0.1577	0.1573	0.0003	0.0882	0.0818	0.0064	0.5058	0.3453	0.1605	0.2164	0.2059	0.0105	0.2894	0.1394	0.1500	0.4479	0.2722	0.1757	0.1382	0.1301	0.0081	0.3097	0.1421	0.1676	1.1286	1.0295	0.1688	1.1306	1.1197	0.6567	0.4155	0.4174	0.1314	0.5489	0.8784	0.0385	1.1409	1.2093	0.0418	0.2848	0.5754	0.0384
87	88	0.2109	15	1	0	1	0	0	0	0	0	N	N	N	N	N	N	N	N	N	N	N	N	0.0000	0.0000	0.0000	0.0000	0.0000	0.0000	0.0000	0.0000	0.0000	0.0000	0.0000	0.0000	0.0000	0.0000	0.0000	0.0000	0.0000	0.0000	0.0000	0.0000	7.0719	0.0000	13.7350	0.0000	0.0000	0.0000	0.0000	0.0000	0.0000	0.0000	0.0000	0.0000	0.0000	0.0000	0.0000	0.0000	0.0000	0.0000	0.0000	0.0000	0.0000	0.0000	0.0000	0.0000	0.0000	0.0000	0.0000	0.0000	0.0000	0.0000	0.0000	0.0000	0.0000	0.0000	0.0000	0.0000	0.0000	0.0000	0.0000	0.0000	0.0000	0.0000	0.0000	0.0000	0.0000	0.0000	0.0000	0.0000	0.0000	0.0000	0.0000	0.0000	0.0000	0.0000	0.0000	0.0000	0.0000	0.0000											
87	89	0.2089	14	1	0	1	0	0	0	0	0	N	N	N	N	N	N	N	N	N	N	N	N	0.0049	0.1126	0.0000	0.0180	0.1414	0.0000	0.0000	0.0000	0.0000	0.0005	0.0005	0.0000	0.0011	0.0011	0.0000	0.0000	0.0000	0.0000	0.0967	0.0044	0.2927	0.0615	0.0080	1.1714	0.1194	0.0000	0.2423	0.0714	31.7004	-0.0000	0.0021	7.0719	0.0001	13.7350	0.9161	0.0000	0.0000	0.0000	0.0000	0.0000	0.0000	0.0000	0.0000	0.0000	0.0049	0.0001	0.0047	0.0012	0.0001	0.0011	0.0037	0.0000	0.0037	0.0000	0.0000	0.0000	0.0000	0.0000	0.0000	0.0000	0.0000	0.0000	0.0506	0.0344	0.0162	0.0198	0.0188	0.0010	0.0308	0.0156	0.0152	0.0049	0.1126	0.0000	0.0180	0.1414	0.0000	0.0000	0.0000	0.0000	0.0967	0.0044	0.2927	0.0615	0.0080	1.0312	0.1194	0.0000	0.2423
87	90	0.1841	13	1	0	1	0	0	0	0	0	N	N	N	N	N	N	N	N	N	N	N	N	0.0378	0.2059	0.0032	0.5282	0.5722	0.0005	0.0017	0.0094	0.0034	0.0034	0.0037	0.0007	0.0133	0.0142	0.0000	0.0002	0.0001	0.0008	0.0889	0.0180	0.2204	0.0252	0.0247	0.0310	0.1206	0.0120	0.2359	0.0246	6.6003	-0.0003	0.0118	7.0719	3.7876	13.7350	7.8440	0.0008	0.0008	0.0000	0.0008	0.0008	0.0000	0.0000	0.0000	0.0000	0.0362	0.0048	0.0314	0.0034	0.0031	0.0003	0.0328	0.0017	0.0311	0.2501	0.2215	0.0286	0.0602	0.0567	0.0035	0.1899	0.1648	0.0251	0.4071	0.2646	0.1425	0.1356	0.1248	0.0107	0.2715	0.1397	0.1318	0.0378	0.2059	0.0032	0.5282	0.5722	0.0005	0.0017	0.0094	0.0034	0.0889	0.0180	0.2204	0.0252	0.0247	0.0310	0.1206	0.0120	0.2359
87	91	0.1159	5	0	1	0	1	0	0	0	0	N	N	N	N	N	N	N	N	N	N	N	N	7.4034	7.7376	0.0905	33.0732	30.9415	1.5847	0.0169	0.0013	0.0829	2.4549	3.3331	0.0153	6.6685	6.8492	0.0197	0.0066	0.0009	0.0151	0.3316	0.4308	0.1690	0.2016	0.2214	0.0124	0.3923	0.6857	0.1825	0.0017	0.2392	-0.2340	-0.0799	7.0719	1.8247	13.7350	16.3284	0.6168	0.6158	0.0010	0.6157	0.6157	0.0000	0.0011	0.0001	0.0010	0.2283	0.1842	0.0441	0.0442	0.0440	0.0003	0.1841	0.1403	0.0438	0.2513	0.1847	0.0665	0.0923	0.0899	0.0024	0.1589	0.0949	0.0641	0.6885	0.4276	0.2608	0.2193	0.1986	0.0207	0.4691	0.2291	0.2401	7.4034	7.7376	0.0905	33.0732	30.9415	1.5847	0.0169	0.0015	0.0829	0.3316	0.4308	0.1690	0.2016	0.2214	0.0124	0.3923	0.6123	0.1825
87	92	0.1054	4	0	1	0	0	0	0	0	0	N	N	N	N	N	N	N	N	N	N	N	N	1.7355	40.1978	0.5432	0.5026	0.4295	1.6618	1.7580	620.9878	0.5406	1.7000	1.7749	1.3291	0.0570	0.0454	0.3293	2.2654	2.4991	1.3956	0.9796	0.0442	2.4466	0.1134	0.1057	0.1982	1.2887	0.0040	2.5813	0.1512	35.3306	-0.2893	0.3456	7.0719	9.1310	13.7350	16.1726	1.1584	1.0062	0.1521	0.0099	0.0076	0.0023	1.1484	0.9987	0.1498	0.8047	0.0222	0.7826	0.0245	0.0209	0.0036	0.7802	0.0012	0.7790	0.6814	0.5669	0.1145	0.1745	0.1673	0.0071	0.5069	0.3996	0.1073	0.8215	0.5017	0.3199	0.2161	0.1980	0.0181	0.6055	0.3037	0.3018	1.7355	40.1978	0.5432	0.5026	0.4295	1.6618	1.7580	620.9878	0.5406	0.9796	0.0442	2.4466	0.1134	0.1057	0.1982	1.2887	0.0040	2.5813
87	93	0.1904	10	0	1	0	0	0	0	0	0	N	N	N	N	N	N	N	N	N	N	N	N	1.6345	4.6848	0.0774	2.7802	3.3862	0.0729	1.2619	155.9286	0.0766	0.1254	0.1400	0.0134	0.1775	0.1843	0.0100	0.1082	0.1236	0.0138	0.0767	0.0299	0.1736	0.0639	0.0544	0.1378	0.0857	0.0008	0.1795	0.0125	2.8083	-0.0125	0.0074	7.0719	4.0959	13.7350	8.7137	0.0340	0.0336	0.0004	0.0120	0.0119	0.0000	0.0221	0.0217	0.0004	0.0380	0.0100	0.0280	0.0130	0.0099	0.0032	0.0250	0.0001	0.0248	0.2713	0.2400	0.0313	0.0673	0.0647	0.0026	0.2040	0.1753	0.0287	0.4954	0.3340	0.1615	0.2041	0.1811	0.0231	0.2913	0.1529	0.1384	1.6345	4.6848	0.0774	2.7802	3.3862	0.0729	1.2619	155.9286	0.0766	0.0767	0.0299	0.1736	0.0639	0.0544	0.1378	0.0857	0.0008	0.1795
87	94	0.1721	9	0	1	0	0	0	0	0	0	N	N	N	N	N	N	N	N	N	N	N	N	0.0122	0.0178	0.0094	0.0187	0.0305	0.0000	0.0096	0.0123	0.0128	0.0005	0.0005	0.0007	0.0009	0.0009	0.0000	0.0004	0.0004	0.0008	0.0449	0.0293	0.0759	0.0454	0.0289	0.1932	0.0445	0.0298	0.0605	0.1820	1.2934	-0.0000	0.0003	7.0719	2.9443	13.7350	6.1524	0.0001	0.0001	0.0000	0.0000	0.0000	0.0000	0.0001	0.0000	0.0000	0.0144	0.0063	0.0081	0.0056	0.0032	0.0024	0.0088	0.0031	0.0057	0.2042	0.1801	0.0241	0.0570	0.0549	0.0020	0.1472	0.1252	0.0220	0.3205	0.2136	0.1069	0.1231	0.1107	0.0123	0.1974	0.1029	0.0945	0.0122	0.0178	0.0094	0.0187	0.0305	0.0000	0.0096	0.0123	0.0128	0.0449	0.0293	0.0759	0.0454	0.0289	0.1932	0.0445	0.0298	0.0605
87	95	0.1696	8	0	0	0	0	0	0	0	0	N	N	N	N	N	N	N	N	N	N	N	N	0.0022	0.0019	0.0018	0.0035	0.0036	0.0000	0.0012	0.0001	0.0046	0.0003	0.0003	0.0001	0.0009	0.0010	0.0000	0.0000	0.0000	0.0001	0.1243	0.1577	0.0481	0.2689	0.2714	0.2426	0.0123	0.0051	0.0204	0.0383	0.1340	-0.0000	-0.0066	7.0719	0.8596	13.7350	1.2300	0.0000	0.0000	0.0000	0.0000	0.0000	0.0000	0.0000	0.0000	0.0000	0.0156	0.0137	0.0018	0.0147	0.0135	0.0012	0.0009	0.0002	0.0007	0.0591	0.0523	0.0068	0.0161	0.0155	0.0006	0.0430	0.0368	0.0062	0.1253	0.0871	0.0382	0.0547	0.0499	0.0048	0.0706	0.0372	0.0335	0.0022	0.0019	0.0018	0.0035	0.0036	0.0000	0.0012	0.0001	0.0046	0.1243	0.1577	0.0481	0.2689	0.2714	0.2426	0.0123	0.0051	0.0204
87	96	0.1578	7	0	0	0	0	0	0	0	0	N	N	N	N	N	N	N	N	N	N	N	N	0.6706	0.0537	5.0980	0.7937	0.0908	10.9007	0.7078	0.0771	2.7118	0.0519	0.0038	0.4523	0.1061	0.0113	2.5574	0.0276	0.0001	0.1995	0.0773	0.0713	0.0887	0.1337	0.1249	0.2346	0.0391	0.0011	0.0736	14.1674	0.6537	0.0092	-0.0036	7.0719	3.7737	13.7350	2.5241	0.0166	0.0011	0.0155	0.0105	0.0011	0.0094	0.0061	0.0000	0.0061	0.0242	0.0147	0.0096	0.0169	0.0146	0.0024	0.0073	0.0001	0.0072	0.3197	0.2855	0.0342	0.0986	0.0949	0.0037	0.2211	0.1906	0.0306	0.3134	0.2054	0.1080	0.1266	0.1165	0.0102	0.1868	0.0890	0.0978	0.6706	0.0537	5.0980	0.7937	0.0908	10.9007	0.7078	0.0771	2.7118	0.0773	0.0713	0.0887	0.1337	0.1249	0.2346	0.0391	0.0011	0.0736
87	97	0.1369	6	0	0	0	0	0	0	0	0	N	N	N	N	N	N	N	N	N	N	N	N	1.8239	0.3375	5.4622	69.3130	0.5856	13019.9413	0.3832	1.5261	1.3426	3.8512	0.0332	30.5024	13.2958	0.1212	207.4480	1.1560	0.0058	8.0530	2.1115	0.0985	5.5843	0.1918	0.2070	0.0159	3.0167	0.0038	5.9983	131.4450	32.8648	0.9947	0.3901	7.0719	6.4922	13.7350	4.5502	1.6269	0.0123	1.6146	1.2470	0.0106	1.2363	0.3799	0.0016	0.3783	0.9125	0.0269	0.8855	0.0266	0.0264	0.0002	0.8859	0.0006	0.8853	0.4224	0.3695	0.0529	0.0938	0.0878	0.0060	0.3287	0.2817	0.0470	0.4321	0.2736	0.1586	0.1385	0.1275	0.0110	0.2937	0.1461	0.1476	1.8239	0.3375	5.4622	69.3130	0.5856	13019.9413	0.3832	1.5261	1.3426	2.1115	0.0985	5.5843	0.1918	0.2070	0.0159	3.0167	0.0038	5.9983
87	98	0.1841	13	0	1	0	0	0	0	0	0	N	N	N	N	N	N	N	N	N	N	N	N	0.0029	0.0021	0.0073	0.0026	0.0029	0.0233	0.0619	0.5249	0.0075	0.0053	0.0060	0.0001	0.0167	0.0177	0.0000	0.0003	0.0003	0.0001	1.8625	2.8658	0.0080	6.4600	6.1064	0.0012	0.0044	0.0006	0.0085	0.0012	0.0015	-0.0002	-0.4682	7.0719	1.3608	13.7350	12.1483	0.0005	0.0005	0.0000	0.0005	0.0005	0.0000	0.0000	0.0000	0.0000	0.8646	0.8633	0.0013	0.8633	0.8633	0.0000	0.0014	0.0001	0.0013	0.1013	0.0902	0.0111	0.0313	0.0295	0.0019	0.0699	0.0607	0.0092	0.4642	0.3013	0.1630	0.1537	0.1414	0.0124	0.3105	0.1599	0.1506	0.0029	0.0021	0.0073	0.0030	0.0029	0.0233	0.0619	0.5249	0.0075	1.8625	2.8658	0.0080	5.6150	6.1064	0.0012	0.0044	0.0006	0.0085
87	99	0.1804	12	0	0	0	0	0	0	0	0	N	N	N	N	N	N	N	N	N	N	N	N	2.4455	2.0570	2.4963	3.1794	3.1449	5.5091	1.3209	29.6791	0.0708	0.0729	0.0785	0.0341	0.2335	0.2413	0.1575	0.0083	0.0095	0.0009	0.0298	0.0382	0.0136	0.0734	0.0767	0.0286	0.0063	0.0003	0.0125	0.0633	0.1855	-0.0028	-0.0011	7.0719	1.5300	13.7350	0.7696	0.0087	0.0081	0.0005	0.0080	0.0075	0.0005	0.0007	0.0007	0.0000	0.0028	0.0023	0.0004	0.0024	0.0023	0.0001	0.0004	0.0000	0.0004	0.1189	0.1037	0.0151	0.0341	0.0309	0.0032	0.0848	0.0728	0.0119	0.0933	0.0614	0.0319	0.0327	0.0304	0.0022	0.0606	0.0310	0.0296	2.4455	2.0570	2.4963	3.1794	3.1449	5.5091	1.3209	29.6791	0.0708	0.0298	0.0382	0.0136	0.0734	0.0767	0.0286	0.0063	0.0003	0.0125
87	100	0.1716	11	0	0	0	0	0	0	0	0	N	N	N	N	N	N	N	N	N	N	N	N	602.5228	1539.1787	35.3461	2812.5429	3516.1790	137.0225	5.5085	0.2722	20.6787	4.3467	4.8530	0.5171	20.8925	21.9515	2.6005	0.0391	0.0001	0.2938	0.0072	0.0032	0.0146	0.0074	0.0062	0.0190	0.0071	0.0004	0.0142	0.0141	2.5411	-0.3716	0.0002	7.0719	3.6906	13.7350	1.4800	1.0121	0.9981	0.0141	1.0049	0.9981	0.0068	0.0072	0.0000	0.0072	0.0013	0.0004	0.0009	0.0004	0.0003	0.0001	0.0008	0.0000	0.0008	0.2328	0.2057	0.0272	0.0481	0.0455	0.0026	0.1848	0.1602	0.0246	0.1787	0.1154	0.0632	0.0602	0.0546	0.0056	0.1185	0.0609	0.0576	602.5228	1539.1787	35.3461	2812.5429	3516.1790	137.0225	5.5085	0.2722	20.6787	0.0072	0.0032	0.0146	0.0074	0.0062	0.0190	0.0071	0.0004	0.0142
87	101	0.1716	10	0	0	0	0	0	0	0	0	N	N	N	N	N	N	N	N	N	N	N	N	2.3140	1.6322	8.0584	4.5012	2.5113	55.7275	0.3673	0.0378	1.4793	0.1216	0.0679	0.5972	0.3231	0.1849	2.9712	0.0148	0.0002	0.1133	0.0526	0.0416	0.0741	0.0718	0.0736	0.0533	0.0402	0.0045	0.0766	0.9936	0.9061	0.0002	-0.0001	7.0719	0.1361	13.7350	0.4500	0.0018	0.0009	0.0009	0.0017	0.0009	0.0008	0.0001	0.0000	0.0001	0.0014	0.0007	0.0007	0.0008	0.0007	0.0001	0.0007	0.0000	0.0006	0.0152	0.0136	0.0015	0.0053	0.0050	0.0003	0.0099	0.0086	0.0013	0.0269	0.0178	0.0091	0.0105	0.0096	0.0010	0.0164	0.0083	0.0081	2.3140	1.6322	8.0584	4.5012	2.5113	55.7275	0.3673	0.0378	1.4793	0.0526	0.0416	0.0741	0.0718	0.0736	0.0533	0.0402	0.0045	0.0766
87	102	0.1557	9	0	0	0	0	0	0	0	0	N	N	N	N	N	N	N	N	N	N	N	N	0.0652	4.0239	0.0283	4.0021	5.2448	1.0810	0.0134	7.3538	0.0067	0.1640	0.1609	0.1895	0.4252	0.4006	0.7305	0.0492	0.0493	0.0480	2.5144	0.0400	6.6988	0.1062	0.0764	0.6758	3.6703	0.0067	7.1318	0.1453	99.0668	-0.0117	0.3451	7.0719	3.5591	13.7350	4.5341	0.0461	0.0403	0.0059	0.0365	0.0318	0.0047	0.0096	0.0084	0.0012	0.7719	0.0077	0.7642	0.0106	0.0070	0.0035	0.7614	0.0007	0.7607	0.2812	0.2503	0.0309	0.0859	0.0795	0.0064	0.1953	0.1708	0.0245	0.3070	0.1929	0.1141	0.0996	0.0921	0.0074	0.2074	0.1008	0.1067	0.0652	4.0239	0.0283	4.0021	5.2448	1.5318	0.0134	7.3538	0.0067	2.5144	0.0400	6.6988	0.1062	0.0764	0.4769	3.6703	0.0067	7.1318
87	103	0.1340	8	0	0	0	0	0	0	0	0	N	N	N	N	N	N	N	N	N	N	N	N	32.3525	87.9830	10.9812	87.2530	88.1110	10.4024	7.3281	1.9251	11.0115	3.1745	3.4986	2.1058	7.4774	7.7719	0.5980	0.7559	0.0065	2.2081	0.0981	0.0398	0.1918	0.0857	0.0882	0.0575	0.1031	0.0034	0.2005	0.1825	3.0054	-0.2380	0.0078	7.0719	2.8937	13.7350	8.0733	1.0497	0.8877	0.1620	0.8897	0.8868	0.0029	0.1600	0.0009	0.1591	0.0377	0.0094	0.0283	0.0095	0.0090	0.0005	0.0282	0.0005	0.0278	0.3307	0.2537	0.0769	0.1190	0.1141	0.0049	0.2117	0.1396	0.0721	0.3845	0.2369	0.1476	0.1107	0.1016	0.0090	0.2738	0.1352	0.1386	32.3525	87.9830	10.9812	87.2530	88.1110	10.4024	7.3281	1.9251	11.0115	0.0981	0.0398	0.1918	0.0857	0.0882	0.0575	0.1031	0.0034	0.2005
87	104	0.1918	8	0	1	0	0	0	0	0	0	N	N	N	N	N	N	N	N	N	N	N	N	1.0292	0.9548	0.1070	7.4510	7.8735	0.1085	0.0119	0.0064	0.1280	0.2514	0.2961	0.0047	0.5695	0.6381	0.0014	0.0044	0.0040	0.0061	0.2443	0.3101	0.0439	0.0764	0.0810	0.0131	0.3723	0.6240	0.0480	0.0029	0.0465	-0.0003	-0.0109	7.0719	0.0277	13.7350	1.3445	0.0008	0.0008	0.0000	0.0008	0.0008	0.0000	0.0000	0.0000	0.0000	0.0219	0.0209	0.0010	0.0030	0.0029	0.0000	0.0189	0.0180	0.0009	0.0033	0.0028	0.0005	0.0015	0.0013	0.0002	0.0019	0.0015	0.0004	0.0896	0.0674	0.0221	0.0387	0.0361	0.0026	0.0508	0.0313	0.0195	1.0292	0.9548	0.1070	7.4510	7.8735	0.1085	0.0119	0.0070	0.1280	0.2443	0.3101	0.0439	0.0764	0.0810	0.0131	0.3723	0.5746	0.0480
87	105	0.1451	7	0	1	0	0	0	0	0	0	N	N	N	N	N	N	N	N	N	N	N	N	4.5352	60.5309	0.0469	95.0161	102.3356	0.3624	0.0525	5.3941	0.0474	4.7313	5.3744	0.1269	17.7950	19.1180	0.0697	0.0745	0.0642	0.1369	1.0432	0.0888	2.7042	0.1873	0.1868	0.1925	1.4175	0.0119	2.8897	0.0033	17.5018	-0.6174	0.3039	7.0719	5.1414	13.7350	16.4151	1.6343	1.6289	0.0054	1.6153	1.6149	0.0004	0.0190	0.0140	0.0049	0.7541	0.0408	0.7134	0.0412	0.0377	0.0035	0.7129	0.0031	0.7099	0.3454	0.3031	0.0423	0.0908	0.0845	0.0063	0.2546	0.2186	0.0360	0.7229	0.4591	0.2638	0.2199	0.2018	0.0181	0.5029	0.2573	0.2457	4.5352	60.5309	0.0469	95.0161	102.3356	0.3624	0.0525	5.3941	0.0474	1.0432	0.0888	2.7042	0.1873	0.1868	0.1925	1.4175	0.0119	2.8897
87	106	0.1369	6	0	0	0	0	0	0	0	0	N	N	N	N	N	N	N	N	N	N	N	N	2.5516	2.2079	5.1270	2.7073	2.5203	6.5967	3.1928	21.6924	4.8346	0.2231	0.1851	0.4811	0.4281	0.4080	0.7014	0.1603	0.1106	0.4495	0.0874	0.0838	0.0938	0.1581	0.1619	0.1063	0.0502	0.0051	0.0930	0.3828	0.6285	-0.0062	-0.0035	7.0719	3.8974	13.7350	1.6364	0.0592	0.0428	0.0164	0.0266	0.0236	0.0030	0.0326	0.0192	0.0134	0.0222	0.0137	0.0086	0.0139	0.0132	0.0006	0.0084	0.0004	0.0080	0.2654	0.2313	0.0341	0.0622	0.0579	0.0043	0.2032	0.1734	0.0298	0.2545	0.1630	0.0915	0.0877	0.0818	0.0059	0.1667	0.0811	0.0856	2.5516	2.2079	5.1270	2.7073	2.5203	6.5967	3.1928	21.6924	4.8346	0.0874	0.0838	0.0938	0.1581	0.1619	0.1063	0.0502	0.0051	0.0930
87	107	0.1159	5	0	0	0	0	0	0	0	0	N	N	N	N	N	N	N	N	N	N	N	N	4.0527	0.2230	14.6329	0.4719	0.2398	29.4430	7.6198	0.1655	14.0325	0.9981	0.0629	2.7444	0.1312	0.0707	3.2009	1.7504	0.0445	2.7324	0.2463	0.2819	0.1876	0.2780	0.2951	0.1087	0.2297	0.2686	0.1947	23.3854	0.4030	0.0934	-0.0277	7.0719	0.3701	13.7350	9.6236	0.1615	0.0066	0.1549	0.0099	0.0052	0.0046	0.1517	0.0014	0.1503	0.1082	0.0771	0.0311	0.0419	0.0404	0.0015	0.0663	0.0367	0.0296	0.1618	0.1054	0.0564	0.0752	0.0737	0.0015	0.0866	0.0317	0.0550	0.4395	0.2737	0.1658	0.1508	0.1370	0.0138	0.2887	0.1367	0.1520	4.0527	0.2230	14.6329	0.4719	0.2398	29.4430	7.6198	0.1655	14.0325	0.2463	0.2819	0.1876	0.2780	0.2951	0.1087	0.2297	0.2686	0.1947
87	108	0.1054	4	0	0	0	0	0	0	0	0	N	N	N	N	N	N	N	N	N	N	N	N	0.2694	0.1276	7.8112	0.8436	0.7901	5.7849	0.1947	0.0007	7.8117	1.4733	1.1231	2.1493	1.6388	1.6456	1.3001	1.3337	0.0092	2.1721	5.4678	8.8041	0.2752	1.9426	2.0828	0.2247	6.8495	13.8254	0.2781	0.9911	0.0201	0.0287	-0.5794	7.0719	0.4415	13.7350	4.8853	0.2459	0.1235	0.1224	0.1251	0.1232	0.0019	0.1208	0.0003	0.1205	1.1072	1.0854	0.0218	0.1108	0.1098	0.0010	0.9964	0.9756	0.0208	0.1669	0.1100	0.0569	0.0763	0.0749	0.0015	0.0906	0.0351	0.0555	0.2025	0.1233	0.0792	0.0570	0.0527	0.0043	0.1455	0.0706	0.0749	0.2694	0.1276	7.8112	0.8436	0.7901	5.7849	0.1947	0.0007	7.8117	5.4678	8.8041	0.2752	1.9426	2.0828	0.2247	6.8495	13.8254	0.2781
87	109	0.1643	9	1	1	0	1	0	0	0	0	N	N	N	N	N	N	N	N	N	N	N	N	0.0000	0.0000	0.0000	0.0000	0.0000	0.0000	0.0000	0.0000	0.0000	0.0000	0.0000	0.0000	0.0000	0.0000	0.0000	0.0000	0.0000	0.0000	0.0000	0.0000	7.0719	0.0000	13.7350	0.0000	0.0000	0.0000	0.0000	0.0000	0.0000	0.0000	0.0000	0.0000	0.0000	0.0000	0.0000	0.0000	0.0000	0.0000	0.0000	0.0000	0.0000	0.0000	0.0000	0.0000	0.0000	0.0000	0.0000	0.0000	0.0000	0.0000	0.0000	0.0000	0.0000	0.0000	0.0000	0.0000	0.0000	0.0000	0.0000	0.0000	0.0000	0.0000	0.0000	0.0000	0.0000	0.0000	0.0000	0.0000	0.0000	0.0000	0.0000	0.0000	0.0000	0.0000	0.0000	0.0000	0.0000	0.0000											
87	110	0.1494	8	1	1	0	1	0	0	0	0	N	N	N	N	N	N	N	N	N	N	N	N	0.0000	0.0000	0.0000	0.0000	0.0000	0.0000	0.0000	0.0000	0.0000	0.0000	0.0000	0.0000	0.0000	0.0000	0.0000	0.0000	0.0000	0.0000	0.2118	0.1678	0.2818	0.1590	0.1122	0.8202	0.2358	0.2146	0.2556	1.0574	0.0000	-0.0015	7.0719	0.0000	13.7350	7.1240	0.0000	0.0000	0.0000	0.0000	0.0000	0.0000	0.0000	0.0000	0.0000	0.0531	0.0258	0.0273	0.0124	0.0079	0.0046	0.0406	0.0179	0.0227	0.0000	0.0000	0.0000	0.0000	0.0000	0.0000	0.0000	0.0000	0.0000	0.2506	0.1538	0.0968	0.0782	0.0703	0.0079	0.1723	0.0834	0.0889	0.0000	0.0000	0.0000	0.0000	0.0000	0.0000	0.0000	0.0000	0.0000	0.2118	0.1678	0.2818	0.1590	0.1122	0.5760	0.2358	0.2146	0.2556	
87	111	0.1583	10	0	1	0	1	0	0	0	0	N	N	N	N	N	N	N	N	N	N	N	N	0.0000	0.0013	0.0000	0.0002	0.0019	0.0000	0.0000	0.0000	0.0000	0.0000	0.0000	0.0000	0.0000	0.0000	0.0000	0.0000	0.0000	0.0000	5.4863	0.0111	14.4544	0.1399	0.0167	1.1544	8.1048	0.0063	16.0555	0.0000	791.5558	-0.0000	0.4335	7.0719	0.0016	13.7350	5.0076	0.0000	0.0000	0.0000	0.0000	0.0000	0.0000	0.0000	0.0000	0.0000	0.9511	0.0012	0.9499	0.0080	0.0008	0.0071	0.9431	0.0004	0.9428	0.0003	0.0003	0.0000	0.0001	0.0001	0.0000	0.0002	0.0002	0.0000	0.1734	0.1076	0.0657	0.0570	0.0500	0.0070	0.1164	0.0576	0.0587	0.0000	0.0013	0.0000	0.0002	0.0019	0.0000	0.0000	0.0000	0.0000	5.4863	0.0111	14.4544	0.1399	0.0167	1.0201	8.1048	0.0063	16.0555
87	112	0.1515	9	0	1	0	1	0	0	0	0	N	N	N	N	N	N	N	N	N	N	N	N	0.0015	0.0011	0.0000	0.0190	0.0178	0.0000	0.0000	0.0000	0.0000	0.0003	0.0004	0.0000	0.0015	0.0015	0.0000	0.0000	0.0000	0.0000	0.2078	0.3185	0.0345	0.0777	0.0861	0.0021	0.2715	0.5692	0.0375	0.0000	0.0693	-0.0000	-0.0118	7.0719	1.0012	13.7350	2.1373	0.0000	0.0000	0.0000	0.0000	0.0000	0.0000	0.0000	0.0000	0.0000	0.0247	0.0231	0.0016	0.0030	0.0030	0.0000	0.0217	0.0201	0.0016	0.0631	0.0559	0.0073	0.0136	0.0130	0.0005	0.0496	0.0428	0.0067	0.1191	0.0726	0.0464	0.0392	0.0353	0.0039	0.0799	0.0374	0.0425	0.0015	0.0011	0.0000	0.0190	0.0178	0.0000	0.0000	0.0000	0.0000	0.2078	0.3185	0.0345	0.0777	0.0861	0.0021	0.2715	0.5379	0.0375
87	113	0.1598	9	0	1	0	0	0	0	0	0	N	N	N	N	N	N	N	N	N	N	N	N	0.1036	0.0732	0.0000	0.2995	0.2841	0.0000	0.0175	0.0100	0.0000	0.0143	0.0161	0.0000	0.0477	0.0496	0.0000	0.0022	0.0026	0.0000	0.1385	0.2202	0.0054	0.1593	0.1744	0.0364	0.1285	0.2603	0.0022	0.0000	0.0150	-0.0004	-0.0149	7.0719	0.9705	13.7350	5.0371	0.0010	0.0010	0.0000	0.0009	0.0009	0.0000	0.0001	0.0001	0.0000	0.0282	0.0278	0.0004	0.0105	0.0103	0.0003	0.0177	0.0175	0.0002	0.0696	0.0620	0.0077	0.0185	0.0178	0.0007	0.0511	0.0441	0.0070	0.2037	0.1262	0.0775	0.0661	0.0588	0.0072	0.1377	0.0674	0.0703	0.1036	0.0732	0.0000	0.2995	0.2841	0.0000	0.0175	0.0100	0.0000	0.1385	0.2202	0.0054	0.1593	0.1744	0.0364	0.1285	0.2603	0.0022
87	114	0.1515	9	0	0	1	1	0	0	0	0	N	N	N	N	N	N	N	N	N	N	N	N	0.0000	0.0000	0.0000	0.0000	0.0000	0.0000	0.0000	0.0000	0.0000	0.0000	0.0000	0.0000	0.0000	0.0000	0.0000	0.0000	0.0024	0.0038	0.0003	0.0065	0.0071	0.0000	0.0002	0.0000	0.0003	0.0451	0.0000	-0.0001	7.0719	0.0000	13.7350	1.1303	0.0000	0.0000	0.0000	0.0000	0.0000	0.0000	0.0000	0.0000	0.0000	0.0001	0.0001	0.0000	0.0001	0.0001	0.0000	0.0000	0.0000	0.0000	0.0000	0.0000	0.0000	0.0000	0.0000	0.0000	0.0000	0.0000	0.0000	0.0504	0.0303	0.0201	0.0178	0.0164	0.0014	0.0326	0.0139	0.0187	0.0000	0.0000	0.0000	0.0000	0.0000	0.0000	0.0000	0.0000	0.0000	0.0024	0.0038	0.0003	0.0065	0.0071	0.0000	0.0002	0.0000	0.0003			
87	115	0.1494	8	0	0	0	1	0	0	0	0	N	N	N	N	N	N	N	N	N	N	N	N	0.0000	0.0000	0.0000	0.0000	0.0000	0.0000	0.0000	0.0000	0.0000	0.0000	0.0000	0.0000	0.0000	0.0000	0.0000	0.0000	0.0000	0.0000	0.5170	0.8506	0.0085	0.5505	0.5903	0.0594	0.4992	1.1919	0.0049	0.0065	0.0000	-0.0151	7.0719	0.0000	13.7350	1.2340	0.0000	0.0000	0.0000	0.0000	0.0000	0.0000	0.0000	0.0000	0.0000	0.0281	0.0279	0.0002	0.0104	0.0103	0.0001	0.0177	0.0176	0.0001	0.0000	0.0000	0.0000	0.0000	0.0000	0.0000	0.0000	0.0000	0.0000	0.0544	0.0328	0.0215	0.0188	0.0174	0.0014	0.0355	0.0154	0.0201	0.0000	0.0000	0.0000	0.0000	0.0000	0.0000	0.0000	0.0000	0.0000	0.5170	0.8506	0.0085	0.5505	0.5903	0.0594	0.4992	1.1451	0.0049	
87	116	0.1569	9	0	0	1	1	0	0	0	0	N	N	N	N	N	N	N	N	N	N	N	N	0.0441	0.0279	10.2292	0.0156	0.0151	0.9719	19.8755	124.6688	11.4415	0.4662	0.4740	0.3997	0.4759	0.4956	0.0267	0.4611	0.4615	0.4589	10.5778	16.9853	0.0391	30.5198	32.9108	0.0275	0.0232	0.0037	0.0401	0.0987	0.0014	-0.0097	-0.4521	7.0719	0.9725	13.7350	0.9874	0.0332	0.0303	0.0030	0.0116	0.0116	0.0000	0.0216	0.0187	0.0030	0.8348	0.8336	0.0012	0.8336	0.8335	0.0001	0.0012	0.0001	0.0011	0.0713	0.0638	0.0075	0.0244	0.0234	0.0010	0.0469	0.0404	0.0064	0.0789	0.0491	0.0298	0.0278	0.0253	0.0024	0.0511	0.0238	0.0274	0.0441	0.0279	10.2292	0.0159	0.0151	0.9719	19.8755	124.6688	11.4415	10.5778	16.9853	0.0391	30.0217	32.9108	0.0275	0.0232	0.0037	0.0401
87	117	0.1569	9	0	0	1	1	0	0	0	0	N	N	N	N	N	N	N	N	N	N	N	N	0.2880	0.1886	1.1319	0.2125	0.1489	145.7164	0.2909	4.8233	0.3774	0.1523	0.1202	0.3935	0.2497	0.1940	0.8872	0.0582	0.0427	0.1438	0.5290	0.6372	0.3477	1.1747	1.3026	0.0061	0.2002	0.0089	0.3810	0.4362	0.3259	-0.0001	-0.0232	7.0719	0.0285	13.7350	4.0215	0.0011	0.0008	0.0003	0.0009	0.0006	0.0002	0.0002	0.0001	0.0001	0.0782	0.0590	0.0192	0.0586	0.0586	0.0000	0.0196	0.0004	0.0192	0.0071	0.0063	0.0008	0.0035	0.0032	0.0003	0.0036	0.0031	0.0006	0.1479	0.0926	0.0553	0.0499	0.0450	0.0049	0.0980	0.0476	0.0504	0.2880	0.1886	1.1319	0.2125	0.1489	145.7164	0.2909	4.8233	0.3774	0.5290	0.6372	0.3477	1.1747	1.3026	0.0061	0.2002	0.0089	0.3810
87	118	0.1494	8	0	0	1	1	0	0	0	0	N	N	N	N	N	N	N	N	N	N	N	N	17.7781	13.2336	0.0952	0.4923	0.4614	0.5273	31.5276	20.4426	0.0936	4.0716	4.5985	0.0040	0.1835	0.1907	0.0005	5.1334	5.9385	0.0042	0.2290	0.3475	0.0417	0.3727	0.4133	0.0010	0.1628	0.2905	0.0452	0.0001	0.0759	-0.2930	-0.0202	7.0719	3.0275	13.7350	2.1573	0.7690	0.7689	0.0001	0.0074	0.0074	0.0000	0.7616	0.7615	0.0001	0.0428	0.0398	0.0030	0.0220	0.0220	0.0000	0.0208	0.0178	0.0030	0.1889	0.1672	0.0217	0.0405	0.0390	0.0015	0.1484	0.1282	0.0201	0.1870	0.1146	0.0725	0.0590	0.0532	0.0058	0.1280	0.0614	0.0666	17.7781	13.2336	0.0952	0.4923	0.4614	0.5273	31.5276	20.4426	0.0936	0.2290	0.3475	0.0417	0.3727	0.4133	0.0010	0.1628	0.2905	0.0452
87	119	0.1906	8	1	1	0	0	0	0	0	0	N	N	N	N	N	N	N	N	N	N	N	N	7.9167	0.0527	212.9789	5.4473	0.0336	146.9569	7.3414	870.3884	27.3714	0.5187	0.0049	3.2064	0.9826	0.0065	4.9600	0.0487	0.0034	0.3703	0.0655	0.0928	0.0151	0.1804	0.1928	0.0338	0.0066	0.0000	0.0135	125.4707	0.0876	0.0796	-0.0060	7.0719	2.1883	13.7350	3.1271	0.1303	0.0010	0.1292	0.1242	0.0007	0.1235	0.0061	0.0004	0.0057	0.0129	0.0119	0.0010	0.0120	0.0119	0.0002	0.0009	0.0000	0.0009	0.2511	0.2108	0.0403	0.1264	0.1015	0.0249	0.1247	0.1093	0.0154	0.1967	0.1278	0.0690	0.0667	0.0615	0.0052	0.1301	0.0663	0.0638	7.9167	0.0527	212.9789	5.4473	0.0336	146.9569	7.3414	870.3884	27.3714	0.0655	0.0928	0.0151	0.1804	0.1928	0.0338	0.0066	0.0000	0.0135
87	120	0.1237	7	1	1	0	0	0	0	0	0	N	N	N	N	N	N	N	N	N	N	N	N	11.1774	40.2110	3.3237	57.6415	55.3320	10.4389	1.6527	122.8448	3.3104	1.5217	1.6164	0.9695	5.2181	5.4140	0.1388	0.2537	0.0795	1.0270	0.1361	0.0402	0.2917	0.0905	0.0978	0.0133	0.1535	0.0006	0.3102	0.1028	4.4761	-0.4238	0.0347	7.0719	13.6104	13.7350	16.0982	1.4723	1.3351	0.1372	1.2896	1.2883	0.0013	0.1827	0.0468	0.1360	0.1263	0.0231	0.1032	0.0231	0.0228	0.0003	0.1032	0.0002	0.1030	0.9675	0.8260	0.1416	0.2471	0.2380	0.0092	0.7204	0.5880	0.1324	0.9278	0.5738	0.3540	0.2556	0.2335	0.0221	0.6722	0.3403	0.3318	11.1774	40.2110	3.3237	57.6415	55.3320	10.4389	1.6527	122.8448	3.3104	0.1361	0.0402	0.2917	0.0905	0.0978	0.0133	0.1535	0.0006	0.3102
87	121	0.1489	9	0	1	0	0	0	0	0	0	N	N	N	N	N	N	N	N	N	N	N	N	5.5384	6.1239	2.1734	8.3155	7.5332	84.5251	0.1168	0.0141	0.3025	1.2471	1.8298	0.1816	2.4968	2.4805	2.9065	0.0194	0.0036	0.0274	0.2252	0.2988	0.0836	0.3003	0.3293	0.0344	0.1660	0.2523	0.0907	0.0543	0.1454	-0.0895	-0.0364	7.0719	0.3548	13.7350	4.6068	0.2715	0.2575	0.0140	0.2694	0.2574	0.0120	0.0021	0.0001	0.0020	0.0874	0.0763	0.0111	0.0514	0.0508	0.0006	0.0361	0.0255	0.0105	0.2177	0.1407	0.0770	0.1079	0.1038	0.0041	0.1098	0.0370	0.0728	0.3882	0.2554	0.1328	0.1711	0.1542	0.0168	0.2172	0.1012	0.1159	5.5384	6.1239	2.1734	8.3155	7.5332	84.5251	0.1168	0.0141	0.3025	0.2252	0.2988	0.0836	0.3003	0.3293	0.0344	0.1660	0.2523	0.0907
87	122	0.1340	8	0	1	0	0	0	0	0	0	N	N	N	N	N	N	N	N	N	N	N	N	0.5797	0.4155	7.1570	0.3943	0.3556	54.7043	1.3599	0.0898	4.9852	2.0766	2.3714	1.2693	4.5276	4.4305	6.7871	0.4026	0.0384	0.9013	3.5819	5.7074	0.1774	11.4816	12.4590	0.1241	0.2960	0.4280	0.1808	0.1955	0.0194	-0.1171	-0.5067	7.0719	1.6911	13.7350	5.7022	0.5382	0.4502	0.0880	0.4762	0.4468	0.0294	0.0620	0.0034	0.0586	0.9671	0.9487	0.0184	0.9107	0.9099	0.0008	0.0564	0.0388	0.0176	0.2592	0.1899	0.0693	0.1052	0.1008	0.0043	0.1540	0.0890	0.0650	0.2700	0.1662	0.1038	0.0793	0.0730	0.0063	0.1907	0.0932	0.0975	0.5797	0.4155	7.1570	0.3943	0.3556	54.7043	1.3599	0.0922	4.9852	3.5819	5.7074	0.1774	11.4816	12.4590	0.1241	0.2960	0.4166	0.1808
87	123	0.1237	7	0	0	0	0	0	0	0	0	N	N	N	N	N	N	N	N	N	N	N	N	91.3012	41.9492	1165.8016	40.1742	37.4475	789.0617	480.1958	10.1388	1179.6914	5.9493	4.1551	11.9830	8.2764	8.3568	5.8464	4.4491	0.0817	12.3386	0.0652	0.0991	0.0103	0.2060	0.2232	0.0074	0.0093	0.0081	0.0105	0.8576	0.0641	0.1504	-0.0060	7.0719	2.0929	13.7350	3.1856	1.8660	1.0045	0.8614	1.0175	0.9945	0.0230	0.8485	0.0100	0.8384	0.0123	0.0116	0.0007	0.0111	0.0110	0.0000	0.0013	0.0005	0.0007	0.3136	0.2418	0.0719	0.1229	0.1190	0.0039	0.1907	0.1228	0.0680	0.1893	0.1170	0.0723	0.0538	0.0495	0.0043	0.1355	0.0675	0.0680	91.3012	41.9492	1165.8016	40.1742	37.4475	789.0617	480.1958	10.1388	1179.6914	0.0652	0.0991	0.0103	0.2060	0.2232	0.0074	0.0093	0.0081	0.0105
87	124	0.1644	10	1	1	0	0	0	0	0	0	N	N	N	N	N	N	N	N	N	N	N	N	0.0000	0.0000	0.0000	0.0000	0.0000	0.0000	0.0000	0.0000	0.0000	0.0000	0.0000	0.0000	0.0000	0.0000	0.0000	0.0000	0.0000	0.0000	0.0000	0.0000	7.0719	0.0000	13.7350	0.0000	0.0000	0.0000	0.0000	0.0000	0.0000	0.0000	0.0000	0.0000	0.0000	0.0000	0.0000	0.0000	0.0000	0.0000	0.0000	0.0000	0.0000	0.0000	0.0000	0.0000	0.0000	0.0000	0.0000	0.0000	0.0000	0.0000	0.0000	0.0000	0.0000	0.0000	0.0000	0.0000	0.0000	0.0000	0.0000	0.0000	0.0000	0.0000	0.0000	0.0000	0.0000	0.0000	0.0000	0.0000	0.0000	0.0000	0.0000	0.0000	0.0000	0.0000	0.0000	0.0000	0.0000	0.0000											
87	125	0.1598	9	1	1	0	0	0	0	0	0	N	N	N	N	N	N	N	N	N	N	N	N	0.0663	0.0459	0.2409	0.0126	0.0115	2.7786	2.1470	1.9532	0.2001	0.0084	0.0092	0.0008	0.0046	0.0047	0.0013	0.0110	0.0127	0.0008	0.1267	0.2005	0.0035	0.3620	0.4060	0.0005	0.0051	0.0065	0.0038	0.0098	0.0104	-0.0001	-0.0053	7.0719	0.1434	13.7350	1.9839	0.0001	0.0001	0.0000	0.0000	0.0000	0.0000	0.0001	0.0001	0.0000	0.0100	0.0099	0.0001	0.0097	0.0097	0.0000	0.0003	0.0002	0.0001	0.0175	0.0158	0.0017	0.0071	0.0069	0.0002	0.0104	0.0090	0.0015	0.0786	0.0492	0.0294	0.0268	0.0239	0.0029	0.0518	0.0253	0.0265	0.0663	0.0459	0.2409	0.0126	0.0115	2.7786	2.1470	1.9532	0.2001	0.1267	0.2005	0.0035	0.3620	0.4060	0.0005	0.0051	0.0065	0.0038
87	126	0.1494	8	0	1	0	0	0	0	0	0	N	N	N	N	N	N	N	N	N	N	N	N	1.0460	1.6029	0.0600	0.0000	0.0000	0.0000	1.4721	6.5315	0.0606	0.0077	0.0086	0.0006	0.0000	0.0000	0.0000	0.0098	0.0113	0.0007	0.0074	0.0054	0.0105	0.0089	0.0096	0.0026	0.0067	0.0017	0.0112	0.0095	1.2364	-0.0003	0.0000	7.0719	1.8882	13.7350	2.9115	0.0009	0.0009	0.0000	0.0000	0.0000	0.0000	0.0009	0.0009	0.0000	0.0013	0.0006	0.0007	0.0005	0.0005	0.0000	0.0008	0.0001	0.0007	0.1185	0.1049	0.0136	0.0254	0.0245	0.0010	0.0931	0.0804	0.0126	0.1743	0.1067	0.0676	0.0551	0.0497	0.0054	0.1191	0.0570	0.0622	1.0460	1.6029	0.0600	0.0000	0.0000	0.0000	1.4721	6.5315	0.0606	0.0074	0.0054	0.0105	0.0089	0.0096	0.0026	0.0067	0.0017	0.0112
87	127	0.1237	7	0	0	0	0	0	0	0	0	N	N	N	N	N	N	N	N	N	N	N	N	12.5196	51.8468	14.0829	59.2438	54.1783	14696.1233	7.9808	0.1121	13.5999	3.3690	1.9178	9.0745	4.5517	4.5427	4.8147	2.7375	0.0005	9.3326	0.2691	0.0370	0.6444	0.0768	0.0838	0.0003	0.3430	0.0042	0.6862	1.2036	10.7752	0.2230	0.0426	7.0719	3.5543	13.7350	9.0319	1.3503	0.6128	0.7375	0.6351	0.6127	0.0224	0.7153	0.0001	0.7152	0.1144	0.0097	0.1047	0.0091	0.0091	0.0000	0.1054	0.0006	0.1047	0.4008	0.3195	0.0813	0.1395	0.1349	0.0046	0.2613	0.1847	0.0766	0.4253	0.2628	0.1625	0.1181	0.1082	0.0099	0.3072	0.1546	0.1526	12.5196	51.8468	14.0829	59.2438	54.1783	14696.1233	7.9808	0.1121	13.5999	0.2691	0.0370	0.6444	0.0768	0.0838	0.0003	0.3430	0.0042	0.6862
87	128	0.1200	6	0	0	0	0	0	0	0	0	N	N	N	N	N	N	N	N	N	N	N	N	198.5589	53.8373	965.4882	69.7909	49.8283	1589.7510	640.9974	15.6204	934.7582	1.8445	0.5961	5.8995	1.6499	1.2479	6.3640	1.9720	0.0014	5.8287	0.0093	0.0111	0.0061	0.0236	0.0250	0.0040	0.0031	0.0001	0.0062	3.0469	0.3095	0.2357	-0.0004	7.0719	2.6246	13.7350	0.7212	0.6340	0.1567	0.4773	0.2245	0.1565	0.0680	0.4095	0.0002	0.4093	0.0013	0.0010	0.0003	0.0010	0.0010	0.0000	0.0003	0.0000	0.0003	0.3437	0.2628	0.0809	0.1361	0.1254	0.0107	0.2077	0.1374	0.0702	0.1352	0.0866	0.0486	0.0408	0.0381	0.0027	0.0943	0.0485	0.0458	198.5589	53.8373	965.4882	69.7909	49.8283	1589.7510	640.9974	15.6204	934.7582	0.0093	0.0111	0.0061	0.0236	0.0250	0.0040	0.0031	0.0001	0.0062
87	129	0.1143	5	0	0	0	0	0	0	0	0	N	N	N	N	N	N	N	N	N	N	N	N	1399.7594	191.8081	3819.5375	1931.5421	206.5149	37571.1850	754.2506	32.8385	1213.8397	5.0252	0.4834	20.7775	10.8339	1.1650	194.6390	2.0706	0.0045	6.6219	0.0036	0.0025	0.0054	0.0056	0.0056	0.0052	0.0027	0.0001	0.0055	12.3923	1.2482	0.9773	0.0000	7.0719	3.3474	13.7350	1.3769	1.7956	0.1341	1.6615	1.3052	0.1333	1.1718	0.4904	0.0007	0.4897	0.0007	0.0003	0.0004	0.0003	0.0003	0.0000	0.0004	0.0000	0.0003	0.3573	0.2773	0.0800	0.1205	0.1144	0.0060	0.2368	0.1629	0.0739	0.1843	0.1168	0.0675	0.0544	0.0505	0.0038	0.1299	0.0662	0.0637	1399.7594	191.8081	3819.5375	1931.5421	206.5149	37571.1850	754.2506	32.8385	1213.8397	0.0036	0.0025	0.0054	0.0056	0.0056	0.0052	0.0027	0.0001	0.0055
87	130	0.1054	4	0	0	0	0	0	0	0	0	N	N	N	N	N	N	N	N	N	N	N	N	7.5416	8.8556	7.2570	6.3690	5.7130	75.3273	7.7682	13.0070	6.6398	1.5178	1.1037	2.3253	1.7184	1.6262	6.3245	1.3504	0.0215	2.2172	0.2013	0.1246	0.3204	0.2698	0.2847	0.0840	0.1738	0.0017	0.3339	1.0802	1.6528	0.0354	0.0028	7.0719	0.4686	13.7350	4.0374	0.2559	0.1230	0.1329	0.1317	0.1222	0.0095	0.1241	0.0008	0.1233	0.0352	0.0133	0.0219	0.0135	0.0132	0.0003	0.0217	0.0001	0.0216	0.1686	0.1114	0.0571	0.0767	0.0752	0.0015	0.0919	0.0363	0.0556	0.1749	0.1065	0.0684	0.0500	0.0463	0.0037	0.1249	0.0602	0.0647	7.5416	8.8556	7.2570	6.3690	5.7130	75.3273	7.7682	13.0070	6.6398	0.2013	0.1246	0.3204	0.2698	0.2847	0.0840	0.1738	0.0017	0.3339
87	131	0.0879	3	0	0	0	0	0	0	0	0	N	N	N	N	N	N	N	N	N	N	N	N	1.4593	0.8620	2.5795	0.7628	0.6644	1.8640	1.6423	0.8945	2.8230	2.5297	0.8478	7.7727	0.5870	0.5326	1.0634	3.9846	1.1727	9.2520	1.7335	0.9835	3.0133	0.7695	0.8017	0.5705	2.4261	1.3110	3.2774	2.9412	1.7952	0.4957	0.1230	7.0719	3.2951	13.7350	6.3724	1.3575	0.3444	1.0130	0.1349	0.1098	0.0250	1.2226	0.2346	0.9880	1.2393	0.4434	0.7960	0.2300	0.2202	0.0099	1.0093	0.2232	0.7861	0.5366	0.4063	0.1303	0.2298	0.2062	0.0235	0.3068	0.2000	0.1068	0.7149	0.4508	0.2641	0.2989	0.2746	0.0243	0.4160	0.1762	0.2399	1.4593	0.8620	2.5795	0.7628	0.6644	2.6182	1.6423	0.9255	2.8230	1.7335	0.9835	3.0133	0.7695	0.8017	0.4062	2.4261	1.2671	3.2774
87	132	0.0755	2	0	0	0	0	0	0	0	0	N	N	N	N	N	N	N	N	N	N	N	N	2.8174	2.8063	2.2256	0.8310	0.9518	0.1436	7.6017	31.8409	3.4447	2.2378	2.4863	1.4699	0.9886	1.1762	0.0465	3.8257	4.6036	2.3429	0.7943	0.8860	0.6604	1.1897	1.2357	0.3242	0.5033	0.1446	0.6802	0.1913	0.5105	-0.3465	-0.1368	7.0719	2.3562	13.7350	6.2610	1.5713	1.3190	0.2523	0.3885	0.3855	0.0030	1.1828	0.9336	0.2492	0.6672	0.4417	0.2255	0.4237	0.4186	0.0051	0.2435	0.0231	0.2204	0.7022	0.5305	0.1716	0.3930	0.3277	0.0653	0.3092	0.2028	0.1064	0.8400	0.4986	0.3414	0.3561	0.3388	0.0174	0.4839	0.1598	0.3241	2.8174	2.8063	2.2256	0.8310	0.9518	0.1589	7.6017	31.8409	3.4447	0.7943	0.8860	0.6604	1.1897	1.2357	0.2929	0.5033	0.1446	0.6802
88	91	0.1159	13	1	1	1	1	0	0	0	0	N	N	N	N	N	N	N	N	N	N	N	N	0.0000	0.0000	0.0000	0.0000	0.0000	0.0000	0.0000	0.0000	0.0000	0.0000	0.0000	0.0000	0.0000	0.0000	0.0000	0.0000	0.0000	0.0000	0.0000	0.0000	0.0000	1.8247	0.0000	16.3284	0.0000	0.0000	0.0000	0.0000	0.0000	0.0000	0.0000	0.0000	0.0000	0.0000	0.0000	0.0000	0.0000	0.0000	0.0000	0.0000	0.0000	0.0000	0.0000	0.0000	0.0000	0.0000	0.0000	0.0000	0.0000	0.0000	0.0000	0.0000	0.0000	0.0000	0.0000	0.0000	0.0000	0.0000	0.0000	0.0000	0.0000	0.0000	0.0000	0.0000	0.0000	0.0000	0.0000	0.0000	0.0000	0.0000	0.0000	0.0000	0.0000	0.0000	0.0000	0.0000	0.0000	0.0000											
88	92	0.1055	12	1	1	1	0	0	0	0	0	N	N	N	N	N	N	N	N	N	N	N	N	0.0000	0.0000	0.0000	0.0000	0.0000	0.0000	0.0000	0.0000	0.0000	0.0000	0.0000	0.0000	0.0000	0.0000	0.0000	0.0000	0.0000	0.0000	0.0000	0.0000	0.0000	9.1310	0.0000	16.1726	0.0000	0.0000	0.0000	0.0000	0.0000	0.0000	0.0000	0.0000	0.0000	0.0000	0.0000	0.0000	0.0000	0.0000	0.0000	0.0000	0.0000	0.0000	0.0000	0.0000	0.0000	0.0000	0.0000	0.0000	0.0000	0.0000	0.0000	0.0000	0.0000	0.0000	0.0000	0.0000	0.0000	0.0000	0.0000	0.0000	0.0000	0.0000	0.0000	0.0000	0.0000	0.0000	0.0000	0.0000	0.0000	0.0000	0.0000	0.0000	0.0000	0.0000	0.0000	0.0000	0.0000	0.0000											
88	93	0.1904	18	1	1	1	0	0	0	0	0	N	N	N	N	N	N	N	N	N	N	N	N	0.0000	0.0000	0.0000	0.0000	0.0000	0.0000	0.0000	0.0000	0.0000	0.0000	0.0000	0.0000	0.0000	0.0000	0.0000	0.0000	0.0000	0.0000	0.0000	0.0000	0.0000	4.0959	0.0000	8.7137	0.0000	0.0000	0.0000	0.0000	0.0000	0.0000	0.0000	0.0000	0.0000	0.0000	0.0000	0.0000	0.0000	0.0000	0.0000	0.0000	0.0000	0.0000	0.0000	0.0000	0.0000	0.0000	0.0000	0.0000	0.0000	0.0000	0.0000	0.0000	0.0000	0.0000	0.0000	0.0000	0.0000	0.0000	0.0000	0.0000	0.0000	0.0000	0.0000	0.0000	0.0000	0.0000	0.0000	0.0000	0.0000	0.0000	0.0000	0.0000	0.0000	0.0000	0.0000	0.0000	0.0000	0.0000											
88	94	0.1721	17	1	1	1	0	0	0	0	0	N	N	N	N	N	N	N	N	N	N	N	N	0.0000	0.0000	0.0000	0.0000	0.0000	0.0000	0.0000	0.0000	0.0000	0.0000	0.0000	0.0000	0.0000	0.0000	0.0000	0.0000	0.0000	0.0000	0.0000	0.0000	0.0000	2.9443	0.0000	6.1524	0.0000	0.0000	0.0000	0.0000	0.0000	0.0000	0.0000	0.0000	0.0000	0.0000	0.0000	0.0000	0.0000	0.0000	0.0000	0.0000	0.0000	0.0000	0.0000	0.0000	0.0000	0.0000	0.0000	0.0000	0.0000	0.0000	0.0000	0.0000	0.0000	0.0000	0.0000	0.0000	0.0000	0.0000	0.0000	0.0000	0.0000	0.0000	0.0000	0.0000	0.0000	0.0000	0.0000	0.0000	0.0000	0.0000	0.0000	0.0000	0.0000	0.0000	0.0000	0.0000	0.0000	0.0000											
88	95	0.1697	16	1	0	1	0	0	0	0	0	N	N	N	N	N	N	N	N	N	N	N	N	0.0000	0.0000	0.0000	0.0000	0.0000	0.0000	0.0000	0.0000	0.0000	0.0000	0.0000	0.0000	0.0000	0.0000	0.0000	0.0000	0.0000	0.0000	0.0000	0.0000	0.0000	0.8596	0.0000	1.2300	0.0000	0.0000	0.0000	0.0000	0.0000	0.0000	0.0000	0.0000	0.0000	0.0000	0.0000	0.0000	0.0000	0.0000	0.0000	0.0000	0.0000	0.0000	0.0000	0.0000	0.0000	0.0000	0.0000	0.0000	0.0000	0.0000	0.0000	0.0000	0.0000	0.0000	0.0000	0.0000	0.0000	0.0000	0.0000	0.0000	0.0000	0.0000	0.0000	0.0000	0.0000	0.0000	0.0000	0.0000	0.0000	0.0000	0.0000	0.0000	0.0000	0.0000	0.0000	0.0000	0.0000	0.0000											
88	96	0.1578	15	1	0	1	0	0	0	0	0	N	N	N	N	N	N	N	N	N	N	N	N	0.0000	0.0000	0.0000	0.0000	0.0000	0.0000	0.0000	0.0000	0.0000	0.0000	0.0000	0.0000	0.0000	0.0000	0.0000	0.0000	0.0000	0.0000	0.0000	0.0000	0.0000	3.7737	0.0000	2.5241	0.0000	0.0000	0.0000	0.0000	0.0000	0.0000	0.0000	0.0000	0.0000	0.0000	0.0000	0.0000	0.0000	0.0000	0.0000	0.0000	0.0000	0.0000	0.0000	0.0000	0.0000	0.0000	0.0000	0.0000	0.0000	0.0000	0.0000	0.0000	0.0000	0.0000	0.0000	0.0000	0.0000	0.0000	0.0000	0.0000	0.0000	0.0000	0.0000	0.0000	0.0000	0.0000	0.0000	0.0000	0.0000	0.0000	0.0000	0.0000	0.0000	0.0000	0.0000	0.0000	0.0000	0.0000											
88	97	0.1370	14	1	0	1	0	0	0	0	0	N	N	N	N	N	N	N	N	N	N	N	N	0.0000	0.0000	0.0000	0.0000	0.0000	0.0000	0.0000	0.0000	0.0000	0.0000	0.0000	0.0000	0.0000	0.0000	0.0000	0.0000	0.0000	0.0000	0.0000	0.0000	0.0000	6.4922	0.0000	4.5502	0.0000	0.0000	0.0000	0.0000	0.0000	0.0000	0.0000	0.0000	0.0000	0.0000	0.0000	0.0000	0.0000	0.0000	0.0000	0.0000	0.0000	0.0000	0.0000	0.0000	0.0000	0.0000	0.0000	0.0000	0.0000	0.0000	0.0000	0.0000	0.0000	0.0000	0.0000	0.0000	0.0000	0.0000	0.0000	0.0000	0.0000	0.0000	0.0000	0.0000	0.0000	0.0000	0.0000	0.0000	0.0000	0.0000	0.0000	0.0000	0.0000	0.0000	0.0000	0.0000	0.0000	0.0000											
88	98	0.0267	3	1	1	1	0	0	0	0	0	N	N	N	N	N	N	N	N	N	N	N	N	0.0000	0.0000	0.0000	0.0000	0.0000	0.0000	0.0000	0.0000	0.0000	0.0000	0.0000	0.0000	0.0000	0.0000	0.0000	0.0000	0.0000	0.0000	0.0000	0.0000	0.0000	1.3608	0.0000	12.1483	0.0000	0.0000	0.0000	0.0000	0.0000	0.0000	0.0000	0.0000	0.0000	0.0000	0.0000	0.0000	0.0000	0.0000	0.0000	0.0000	0.0000	0.0000	0.0000	0.0000	0.0000	0.0000	0.0000	0.0000	0.0000	0.0000	0.0000	0.0000	0.0000	0.0000	0.0000	0.0000	0.0000	0.0000	0.0000	0.0000	0.0000	0.0000	0.0000	0.0000	0.0000	0.0000	0.0000	0.0000	0.0000	0.0000	0.0000	0.0000	0.0000	0.0000	0.0000	0.0000	0.0000	0.0000											
88	104	0.1919	16	1	1	1	0	0	0	0	0	N	N	N	N	N	N	N	N	N	N	N	N	0.0000	0.0000	0.0000	0.0000	0.0000	0.0000	0.0000	0.0000	0.0000	0.0000	0.0000	0.0000	0.0000	0.0000	0.0000	0.0000	0.0000	0.0000	0.0000	0.0000	0.0000	0.0277	0.0000	1.3445	0.0000	0.0000	0.0000	0.0000	0.0000	0.0000	0.0000	0.0000	0.0000	0.0000	0.0000	0.0000	0.0000	0.0000	0.0000	0.0000	0.0000	0.0000	0.0000	0.0000	0.0000	0.0000	0.0000	0.0000	0.0000	0.0000	0.0000	0.0000	0.0000	0.0000	0.0000	0.0000	0.0000	0.0000	0.0000	0.0000	0.0000	0.0000	0.0000	0.0000	0.0000	0.0000	0.0000	0.0000	0.0000	0.0000	0.0000	0.0000	0.0000	0.0000	0.0000	0.0000	0.0000	0.0000											
88	105	0.1452	15	1	1	1	0	0	0	0	0	N	N	N	N	N	N	N	N	N	N	N	N	0.0000	0.0000	0.0000	0.0000	0.0000	0.0000	0.0000	0.0000	0.0000	0.0000	0.0000	0.0000	0.0000	0.0000	0.0000	0.0000	0.0000	0.0000	0.0000	0.0000	0.0000	5.1414	0.0000	16.4151	0.0000	0.0000	0.0000	0.0000	0.0000	0.0000	0.0000	0.0000	0.0000	0.0000	0.0000	0.0000	0.0000	0.0000	0.0000	0.0000	0.0000	0.0000	0.0000	0.0000	0.0000	0.0000	0.0000	0.0000	0.0000	0.0000	0.0000	0.0000	0.0000	0.0000	0.0000	0.0000	0.0000	0.0000	0.0000	0.0000	0.0000	0.0000	0.0000	0.0000	0.0000	0.0000	0.0000	0.0000	0.0000	0.0000	0.0000	0.0000	0.0000	0.0000	0.0000	0.0000	0.0000	0.0000											
88	106	0.1370	14	1	0	1	0	0	0	0	0	N	N	N	N	N	N	N	N	N	N	N	N	0.0000	0.0000	0.0000	0.0000	0.0000	0.0000	0.0000	0.0000	0.0000	0.0000	0.0000	0.0000	0.0000	0.0000	0.0000	0.0000	0.0000	0.0000	0.0000	0.0000	0.0000	3.8974	0.0000	1.6364	0.0000	0.0000	0.0000	0.0000	0.0000	0.0000	0.0000	0.0000	0.0000	0.0000	0.0000	0.0000	0.0000	0.0000	0.0000	0.0000	0.0000	0.0000	0.0000	0.0000	0.0000	0.0000	0.0000	0.0000	0.0000	0.0000	0.0000	0.0000	0.0000	0.0000	0.0000	0.0000	0.0000	0.0000	0.0000	0.0000	0.0000	0.0000	0.0000	0.0000	0.0000	0.0000	0.0000	0.0000	0.0000	0.0000	0.0000	0.0000	0.0000	0.0000	0.0000	0.0000	0.0000	0.0000											
88	107	0.1159	13	1	0	1	0	0	0	0	0	N	N	N	N	N	N	N	N	N	N	N	N	0.0000	0.0000	0.0000	0.0000	0.0000	0.0000	0.0000	0.0000	0.0000	0.0000	0.0000	0.0000	0.0000	0.0000	0.0000	0.0000	0.0000	0.0000	0.0000	0.0000	0.0000	0.3701	0.0000	9.6236	0.0000	0.0000	0.0000	0.0000	0.0000	0.0000	0.0000	0.0000	0.0000	0.0000	0.0000	0.0000	0.0000	0.0000	0.0000	0.0000	0.0000	0.0000	0.0000	0.0000	0.0000	0.0000	0.0000	0.0000	0.0000	0.0000	0.0000	0.0000	0.0000	0.0000	0.0000	0.0000	0.0000	0.0000	0.0000	0.0000	0.0000	0.0000	0.0000	0.0000	0.0000	0.0000	0.0000	0.0000	0.0000	0.0000	0.0000	0.0000	0.0000	0.0000	0.0000	0.0000	0.0000	0.0000											
88	108	0.1055	12	1	0	1	0	0	0	0	0	N	N	N	N	N	N	N	N	N	N	N	N	0.0000	0.0000	0.0000	0.0000	0.0000	0.0000	0.0000	0.0000	0.0000	0.0000	0.0000	0.0000	0.0000	0.0000	0.0000	0.0000	0.0000	0.0000	0.0000	0.0000	0.0000	0.4415	0.0000	4.8853	0.0000	0.0000	0.0000	0.0000	0.0000	0.0000	0.0000	0.0000	0.0000	0.0000	0.0000	0.0000	0.0000	0.0000	0.0000	0.0000	0.0000	0.0000	0.0000	0.0000	0.0000	0.0000	0.0000	0.0000	0.0000	0.0000	0.0000	0.0000	0.0000	0.0000	0.0000	0.0000	0.0000	0.0000	0.0000	0.0000	0.0000	0.0000	0.0000	0.0000	0.0000	0.0000	0.0000	0.0000	0.0000	0.0000	0.0000	0.0000	0.0000	0.0000	0.0000	0.0000	0.0000	0.0000											
88	109	0.1278	11	2	1	1	1	0	0	0	0	Y	N	N	N	N	N	N	N	N	N	N	N	0.0000	0.0000	0.0000	0.0000	0.0000	0.0000	0.0000	0.0000	0.0000	0.0000	0.0000	0.0000	0.0000	0.0000	0.0000	0.0000	0.0000	0.0000	0.0000	0.0000	0.0000	0.0000	0.0000	0.0000	0.0000	0.0000	0.0000	0.0000	0.0000	0.0000	0.0000	0.0000	0.0000	0.0000	0.0000	0.0000	0.0000	0.0000	0.0000	0.0000	0.0000	0.0000	0.0000	0.0000	0.0000	0.0000	0.0000	0.0000	0.0000	0.0000	0.0000	0.0000	0.0000	0.0000	0.0000	0.0000	0.0000	0.0000	0.0000	0.0000	0.0000	0.0000	0.0000	0.0000	0.0000	0.0000	0.0000	0.0000	0.0000	0.0000	0.0000	0.0000	0.0000	0.0000	0.0000	0.0000	0.0000	0.0000											
88	110	0.1129	10	2	1	1	1	0	0	0	0	Y	N	N	N	N	N	N	N	N	N	N	N	0.0000	0.0000	0.0000	0.0000	0.0000	0.0000	0.0000	0.0000	0.0000	0.0000	0.0000	0.0000	0.0000	0.0000	0.0000	0.0000	0.0000	0.0000	0.0000	0.0000	0.0000	0.0000	0.0000	7.1240	0.0000	0.0000	0.0000	0.0000	0.0000	0.0000	0.0000	0.0000	0.0000	0.0000	0.0000	0.0000	0.0000	0.0000	0.0000	0.0000	0.0000	0.0000	0.0000	0.0000	0.0000	0.0000	0.0000	0.0000	0.0000	0.0000	0.0000	0.0000	0.0000	0.0000	0.0000	0.0000	0.0000	0.0000	0.0000	0.0000	0.0000	0.0000	0.0000	0.0000	0.0000	0.0000	0.0000	0.0000	0.0000	0.0000	0.0000	0.0000	0.0000	0.0000	0.0000	0.0000	0.0000	0.0000											
88	111	0.1218	12	1	1	1	1	0	0	0	0	N	N	N	N	N	N	N	N	N	N	N	N	0.0000	0.0000	0.0000	0.0000	0.0000	0.0000	0.0000	0.0000	0.0000	0.0000	0.0000	0.0000	0.0000	0.0000	0.0000	0.0000	0.0000	0.0000	0.0000	0.0000	0.0000	0.0016	0.0000	5.0076	0.0000	0.0000	0.0000	0.0000	0.0000	0.0000	0.0000	0.0000	0.0000	0.0000	0.0000	0.0000	0.0000	0.0000	0.0000	0.0000	0.0000	0.0000	0.0000	0.0000	0.0000	0.0000	0.0000	0.0000	0.0000	0.0000	0.0000	0.0000	0.0000	0.0000	0.0000	0.0000	0.0000	0.0000	0.0000	0.0000	0.0000	0.0000	0.0000	0.0000	0.0000	0.0000	0.0000	0.0000	0.0000	0.0000	0.0000	0.0000	0.0000	0.0000	0.0000	0.0000	0.0000	0.0000											
88	112	0.1150	11	1	1	1	1	0	0	0	0	N	N	N	N	N	N	N	N	N	N	N	N	0.0000	0.0000	0.0000	0.0000	0.0000	0.0000	0.0000	0.0000	0.0000	0.0000	0.0000	0.0000	0.0000	0.0000	0.0000	0.0000	0.0000	0.0000	0.0000	0.0000	0.0000	1.0012	0.0000	2.1373	0.0000	0.0000	0.0000	0.0000	0.0000	0.0000	0.0000	0.0000	0.0000	0.0000	0.0000	0.0000	0.0000	0.0000	0.0000	0.0000	0.0000	0.0000	0.0000	0.0000	0.0000	0.0000	0.0000	0.0000	0.0000	0.0000	0.0000	0.0000	0.0000	0.0000	0.0000	0.0000	0.0000	0.0000	0.0000	0.0000	0.0000	0.0000	0.0000	0.0000	0.0000	0.0000	0.0000	0.0000	0.0000	0.0000	0.0000	0.0000	0.0000	0.0000	0.0000	0.0000	0.0000	0.0000											
88	113	0.1233	11	1	1	1	0	0	0	0	0	N	N	N	N	N	N	N	N	N	N	N	N	0.0000	0.0000	0.0000	0.0000	0.0000	0.0000	0.0000	0.0000	0.0000	0.0000	0.0000	0.0000	0.0000	0.0000	0.0000	0.0000	0.0000	0.0000	0.0000	0.0000	0.0000	0.9705	0.0000	5.0371	0.0000	0.0000	0.0000	0.0000	0.0000	0.0000	0.0000	0.0000	0.0000	0.0000	0.0000	0.0000	0.0000	0.0000	0.0000	0.0000	0.0000	0.0000	0.0000	0.0000	0.0000	0.0000	0.0000	0.0000	0.0000	0.0000	0.0000	0.0000	0.0000	0.0000	0.0000	0.0000	0.0000	0.0000	0.0000	0.0000	0.0000	0.0000	0.0000	0.0000	0.0000	0.0000	0.0000	0.0000	0.0000	0.0000	0.0000	0.0000	0.0000	0.0000	0.0000	0.0000	0.0000	0.0000											
88	114	0.1150	11	1	0	2	1	0	0	0	0	N	N	Y	N	N	N	N	N	N	N	N	N	0.0000	0.0000	0.0000	0.0000	0.0000	0.0000	0.0000	0.0000	0.0000	0.0000	0.0000	0.0000	0.0000	0.0000	0.0000	0.0000	0.0000	0.0000	0.0000	0.0000	0.0000	0.0000	0.0000	1.1303	0.0000	0.0000	0.0000	0.0000	0.0000	0.0000	0.0000	0.0000	0.0000	0.0000	0.0000	0.0000	0.0000	0.0000	0.0000	0.0000	0.0000	0.0000	0.0000	0.0000	0.0000	0.0000	0.0000	0.0000	0.0000	0.0000	0.0000	0.0000	0.0000	0.0000	0.0000	0.0000	0.0000	0.0000	0.0000	0.0000	0.0000	0.0000	0.0000	0.0000	0.0000	0.0000	0.0000	0.0000	0.0000	0.0000	0.0000	0.0000	0.0000	0.0000	0.0000	0.0000	0.0000	0.0000											
88	115	0.1129	10	1	0	1	1	0	0	0	0	N	N	N	N	N	N	N	N	N	N	N	N	0.0000	0.0000	0.0000	0.0000	0.0000	0.0000	0.0000	0.0000	0.0000	0.0000	0.0000	0.0000	0.0000	0.0000	0.0000	0.0000	0.0000	0.0000	0.0000	0.0000	0.0000	0.0000	0.0000	1.2340	0.0000	0.0000	0.0000	0.0000	0.0000	0.0000	0.0000	0.0000	0.0000	0.0000	0.0000	0.0000	0.0000	0.0000	0.0000	0.0000	0.0000	0.0000	0.0000	0.0000	0.0000	0.0000	0.0000	0.0000	0.0000	0.0000	0.0000	0.0000	0.0000	0.0000	0.0000	0.0000	0.0000	0.0000	0.0000	0.0000	0.0000	0.0000	0.0000	0.0000	0.0000	0.0000	0.0000	0.0000	0.0000	0.0000	0.0000	0.0000	0.0000	0.0000	0.0000	0.0000	0.0000	0.0000											
88	116	0.1204	11	1	0	2	1	0	0	0	0	N	N	Y	N	N	N	N	N	N	N	N	N	0.0000	0.0000	0.0000	0.0000	0.0000	0.0000	0.0000	0.0000	0.0000	0.0000	0.0000	0.0000	0.0000	0.0000	0.0000	0.0000	0.0000	0.0000	0.0000	0.0000	0.0000	0.9725	0.0000	0.9874	0.0000	0.0000	0.0000	0.0000	0.0000	0.0000	0.0000	0.0000	0.0000	0.0000	0.0000	0.0000	0.0000	0.0000	0.0000	0.0000	0.0000	0.0000	0.0000	0.0000	0.0000	0.0000	0.0000	0.0000	0.0000	0.0000	0.0000	0.0000	0.0000	0.0000	0.0000	0.0000	0.0000	0.0000	0.0000	0.0000	0.0000	0.0000	0.0000	0.0000	0.0000	0.0000	0.0000	0.0000	0.0000	0.0000	0.0000	0.0000	0.0000	0.0000	0.0000	0.0000	0.0000	0.0000											
88	117	0.1204	11	1	0	2	1	0	0	0	0	N	N	Y	N	N	N	N	N	N	N	N	N	0.0000	0.0000	0.0000	0.0000	0.0000	0.0000	0.0000	0.0000	0.0000	0.0000	0.0000	0.0000	0.0000	0.0000	0.0000	0.0000	0.0000	0.0000	0.0000	0.0000	0.0000	0.0285	0.0000	4.0215	0.0000	0.0000	0.0000	0.0000	0.0000	0.0000	0.0000	0.0000	0.0000	0.0000	0.0000	0.0000	0.0000	0.0000	0.0000	0.0000	0.0000	0.0000	0.0000	0.0000	0.0000	0.0000	0.0000	0.0000	0.0000	0.0000	0.0000	0.0000	0.0000	0.0000	0.0000	0.0000	0.0000	0.0000	0.0000	0.0000	0.0000	0.0000	0.0000	0.0000	0.0000	0.0000	0.0000	0.0000	0.0000	0.0000	0.0000	0.0000	0.0000	0.0000	0.0000	0.0000	0.0000	0.0000											
88	118	0.1129	10	1	0	2	1	0	0	0	0	N	N	Y	N	N	N	N	N	N	N	N	N	0.0000	0.0000	0.0000	0.0000	0.0000	0.0000	0.0000	0.0000	0.0000	0.0000	0.0000	0.0000	0.0000	0.0000	0.0000	0.0000	0.0000	0.0000	0.0000	0.0000	0.0000	3.0275	0.0000	2.1573	0.0000	0.0000	0.0000	0.0000	0.0000	0.0000	0.0000	0.0000	0.0000	0.0000	0.0000	0.0000	0.0000	0.0000	0.0000	0.0000	0.0000	0.0000	0.0000	0.0000	0.0000	0.0000	0.0000	0.0000	0.0000	0.0000	0.0000	0.0000	0.0000	0.0000	0.0000	0.0000	0.0000	0.0000	0.0000	0.0000	0.0000	0.0000	0.0000	0.0000	0.0000	0.0000	0.0000	0.0000	0.0000	0.0000	0.0000	0.0000	0.0000	0.0000	0.0000	0.0000	0.0000	0.0000											
88	119	0.1541	10	2	1	1	0	0	0	0	0	Y	N	N	N	N	N	N	N	N	N	N	N	0.0000	0.0000	0.0000	0.0000	0.0000	0.0000	0.0000	0.0000	0.0000	0.0000	0.0000	0.0000	0.0000	0.0000	0.0000	0.0000	0.0000	0.0000	0.0000	0.0000	0.0000	2.1883	0.0000	3.1271	0.0000	0.0000	0.0000	0.0000	0.0000	0.0000	0.0000	0.0000	0.0000	0.0000	0.0000	0.0000	0.0000	0.0000	0.0000	0.0000	0.0000	0.0000	0.0000	0.0000	0.0000	0.0000	0.0000	0.0000	0.0000	0.0000	0.0000	0.0000	0.0000	0.0000	0.0000	0.0000	0.0000	0.0000	0.0000	0.0000	0.0000	0.0000	0.0000	0.0000	0.0000	0.0000	0.0000	0.0000	0.0000	0.0000	0.0000	0.0000	0.0000	0.0000	0.0000	0.0000	0.0000	0.0000											
88	120	0.0872	9	2	1	1	0	0	0	0	0	Y	N	N	N	N	N	N	N	N	N	N	N	0.0000	0.0000	0.0000	0.0000	0.0000	0.0000	0.0000	0.0000	0.0000	0.0000	0.0000	0.0000	0.0000	0.0000	0.0000	0.0000	0.0000	0.0000	0.0000	0.0000	0.0000	13.6104	0.0000	16.0982	0.0000	0.0000	0.0000	0.0000	0.0000	0.0000	0.0000	0.0000	0.0000	0.0000	0.0000	0.0000	0.0000	0.0000	0.0000	0.0000	0.0000	0.0000	0.0000	0.0000	0.0000	0.0000	0.0000	0.0000	0.0000	0.0000	0.0000	0.0000	0.0000	0.0000	0.0000	0.0000	0.0000	0.0000	0.0000	0.0000	0.0000	0.0000	0.0000	0.0000	0.0000	0.0000	0.0000	0.0000	0.0000	0.0000	0.0000	0.0000	0.0000	0.0000	0.0000	0.0000	0.0000	0.0000											
88	121	0.0917	9	1	1	1	0	0	0	0	0	N	N	N	N	N	N	N	N	N	N	N	N	0.0000	0.0000	0.0000	0.0000	0.0000	0.0000	0.0000	0.0000	0.0000	0.0000	0.0000	0.0000	0.0000	0.0000	0.0000	0.0000	0.0000	0.0000	0.0000	0.0000	0.0000	0.3548	0.0000	4.6068	0.0000	0.0000	0.0000	0.0000	0.0000	0.0000	0.0000	0.0000	0.0000	0.0000	0.0000	0.0000	0.0000	0.0000	0.0000	0.0000	0.0000	0.0000	0.0000	0.0000	0.0000	0.0000	0.0000	0.0000	0.0000	0.0000	0.0000	0.0000	0.0000	0.0000	0.0000	0.0000	0.0000	0.0000	0.0000	0.0000	0.0000	0.0000	0.0000	0.0000	0.0000	0.0000	0.0000	0.0000	0.0000	0.0000	0.0000	0.0000	0.0000	0.0000	0.0000	0.0000	0.0000	0.0000											
88	122	0.0768	8	1	1	1	0	0	0	0	0	N	N	N	N	N	N	N	N	N	N	N	N	0.0000	0.0000	0.0000	0.0000	0.0000	0.0000	0.0000	0.0000	0.0000	0.0000	0.0000	0.0000	0.0000	0.0000	0.0000	0.0000	0.0000	0.0000	0.0000	0.0000	0.0000	1.6911	0.0000	5.7022	0.0000	0.0000	0.0000	0.0000	0.0000	0.0000	0.0000	0.0000	0.0000	0.0000	0.0000	0.0000	0.0000	0.0000	0.0000	0.0000	0.0000	0.0000	0.0000	0.0000	0.0000	0.0000	0.0000	0.0000	0.0000	0.0000	0.0000	0.0000	0.0000	0.0000	0.0000	0.0000	0.0000	0.0000	0.0000	0.0000	0.0000	0.0000	0.0000	0.0000	0.0000	0.0000	0.0000	0.0000	0.0000	0.0000	0.0000	0.0000	0.0000	0.0000	0.0000	0.0000	0.0000	0.0000											
88	124	0.1279	12	2	1	1	0	0	0	0	0	Y	N	N	N	N	N	N	N	N	N	N	N	0.0000	0.0000	0.0000	0.0000	0.0000	0.0000	0.0000	0.0000	0.0000	0.0000	0.0000	0.0000	0.0000	0.0000	0.0000	0.0000	0.0000	0.0000	0.0000	0.0000	0.0000	0.0000	0.0000	0.0000	0.0000	0.0000	0.0000	0.0000	0.0000	0.0000	0.0000	0.0000	0.0000	0.0000	0.0000	0.0000	0.0000	0.0000	0.0000	0.0000	0.0000	0.0000	0.0000	0.0000	0.0000	0.0000	0.0000	0.0000	0.0000	0.0000	0.0000	0.0000	0.0000	0.0000	0.0000	0.0000	0.0000	0.0000	0.0000	0.0000	0.0000	0.0000	0.0000	0.0000	0.0000	0.0000	0.0000	0.0000	0.0000	0.0000	0.0000	0.0000	0.0000	0.0000	0.0000	0.0000	0.0000	0.0000											
88	125	0.1233	11	2	1	1	0	0	0	0	0	Y	N	N	N	N	N	N	N	N	N	N	N	0.0000	0.0000	0.0000	0.0000	0.0000	0.0000	0.0000	0.0000	0.0000	0.0000	0.0000	0.0000	0.0000	0.0000	0.0000	0.0000	0.0000	0.0000	0.0000	0.0000	0.0000	0.1434	0.0000	1.9839	0.0000	0.0000	0.0000	0.0000	0.0000	0.0000	0.0000	0.0000	0.0000	0.0000	0.0000	0.0000	0.0000	0.0000	0.0000	0.0000	0.0000	0.0000	0.0000	0.0000	0.0000	0.0000	0.0000	0.0000	0.0000	0.0000	0.0000	0.0000	0.0000	0.0000	0.0000	0.0000	0.0000	0.0000	0.0000	0.0000	0.0000	0.0000	0.0000	0.0000	0.0000	0.0000	0.0000	0.0000	0.0000	0.0000	0.0000	0.0000	0.0000	0.0000	0.0000	0.0000	0.0000	0.0000											
88	126	0.1129	10	1	1	1	0	0	0	0	0	N	N	N	N	N	N	N	N	N	N	N	N	0.0000	0.0000	0.0000	0.0000	0.0000	0.0000	0.0000	0.0000	0.0000	0.0000	0.0000	0.0000	0.0000	0.0000	0.0000	0.0000	0.0000	0.0000	0.0000	0.0000	0.0000	1.8882	0.0000	2.9115	0.0000	0.0000	0.0000	0.0000	0.0000	0.0000	0.0000	0.0000	0.0000	0.0000	0.0000	0.0000	0.0000	0.0000	0.0000	0.0000	0.0000	0.0000	0.0000	0.0000	0.0000	0.0000	0.0000	0.0000	0.0000	0.0000	0.0000	0.0000	0.0000	0.0000	0.0000	0.0000	0.0000	0.0000	0.0000	0.0000	0.0000	0.0000	0.0000	0.0000	0.0000	0.0000	0.0000	0.0000	0.0000	0.0000	0.0000	0.0000	0.0000	0.0000	0.0000	0.0000	0.0000	0.0000											
88	127	0.0872	9	1	0	1	0	0	0	0	0	N	N	N	N	N	N	N	N	N	N	N	N	0.0000	0.0000	0.0000	0.0000	0.0000	0.0000	0.0000	0.0000	0.0000	0.0000	0.0000	0.0000	0.0000	0.0000	0.0000	0.0000	0.0000	0.0000	0.0000	0.0000	0.0000	3.5543	0.0000	9.0319	0.0000	0.0000	0.0000	0.0000	0.0000	0.0000	0.0000	0.0000	0.0000	0.0000	0.0000	0.0000	0.0000	0.0000	0.0000	0.0000	0.0000	0.0000	0.0000	0.0000	0.0000	0.0000	0.0000	0.0000	0.0000	0.0000	0.0000	0.0000	0.0000	0.0000	0.0000	0.0000	0.0000	0.0000	0.0000	0.0000	0.0000	0.0000	0.0000	0.0000	0.0000	0.0000	0.0000	0.0000	0.0000	0.0000	0.0000	0.0000	0.0000	0.0000	0.0000	0.0000	0.0000	0.0000											
89	91	0.1159	12	1	1	1	1	0	0	0	0	N	N	N	N	N	N	N	N	N	N	N	N	0.1789	0.1509	0.0000	0.1187	0.1164	0.0000	0.0000	0.0000	0.0000	4.2402	5.5069	0.0000	8.1816	8.3455	0.0000	0.0000	0.0000	0.0000	23.6985	36.4882	0.0000	68.9001	71.6710	0.0000	0.0002	0.0003	0.0000	0.0000	0.0000	-0.0000	-0.4925	0.0001	1.8247	0.9161	16.3284	0.0000	0.0000	0.0000	0.0000	0.0000	0.0000	0.0000	0.0000	0.0000	0.9070	0.9070	0.0000	0.9070	0.9070	0.0000	0.0000	0.0000	0.0000	0.0000	0.0000	0.0000	0.0000	0.0000	0.0000	0.0000	0.0000	0.0000	0.0383	0.0249	0.0134	0.0132	0.0127	0.0005	0.0251	0.0122	0.0129	0.1789	0.1509	0.0000	0.1187	0.1164	0.0000	0.0000	0.0000	0.0000	23.6985	36.4882	0.0000	68.9001	71.6710	0.0000	0.0002	0.0003	0.0000
89	92	0.1055	11	1	1	1	0	0	0	0	0	N	N	N	N	N	N	N	N	N	N	N	N	0.0000	0.0000	0.0000	0.0000	0.0000	0.0000	0.0000	0.0000	0.0000	0.0000	0.0000	0.0000	0.0000	0.0000	0.0000	0.0000	0.0000	0.1937	0.2986	0.0000	0.6334	0.6549	0.0000	0.0001	0.0002	0.0000	0.0000	0.0000	-0.0048	0.0001	9.1310	0.9161	16.1726	0.0000	0.0000	0.0000	0.0000	0.0000	0.0000	0.0000	0.0000	0.0000	0.0089	0.0089	0.0000	0.0089	0.0089	0.0000	0.0000	0.0000	0.0000	0.0000	0.0000	0.0000	0.0000	0.0000	0.0000	0.0000	0.0000	0.0000	0.0457	0.0297	0.0161	0.0140	0.0135	0.0005	0.0317	0.0161	0.0156	0.0000	0.0000	0.0000	0.0000	0.0000	0.0000	0.0000	0.0000	0.0000	0.1937	0.2986	0.0000	0.6334	0.6549	0.0000	0.0001	0.0002	0.0000		
89	93	0.1904	17	1	1	1	0	0	0	0	0	N	N	N	N	N	N	N	N	N	N	N	N	0.0000	0.0000	0.0000	0.0000	0.0000	0.0000	0.0000	0.0000	0.0000	0.0000	0.0000	0.0000	0.0000	0.0000	0.0000	0.0000	0.0000	0.0008	0.0001	0.0023	0.0011	0.0002	0.0161	0.0006	0.0000	0.0012	10.2169	0.0000	0.0000	0.0001	4.0959	0.9161	8.7137	0.0000	0.0000	0.0000	0.0000	0.0000	0.0000	0.0000	0.0000	0.0000	0.0000	0.0000	0.0000	0.0000	0.0000	0.0000	0.0000	0.0000	0.0000	0.0000	0.0000	0.0000	0.0000	0.0000	0.0000	0.0000	0.0000	0.0000	0.0271	0.0186	0.0085	0.0113	0.0107	0.0006	0.0158	0.0080	0.0079	0.0000	0.0000	0.0000	0.0000	0.0000	0.0000	0.0000	0.0000	0.0000	0.0008	0.0001	0.0023	0.0011	0.0002	0.0161	0.0006	0.0000	0.0012		
89	94	0.1721	16	1	1	1	0	0	0	0	0	N	N	N	N	N	N	N	N	N	N	N	N	0.0000	0.0000	0.0000	0.0000	0.0000	0.0000	0.0000	0.0000	0.0000	0.0000	0.0000	0.0000	0.0000	0.0000	0.0000	0.0000	0.0000	0.0098	0.0144	0.0000	0.0247	0.0258	0.0000	0.0000	0.0000	0.0000	0.0000	0.0000	-0.0001	0.0001	2.9443	0.9161	6.1524	0.0000	0.0000	0.0000	0.0000	0.0000	0.0000	0.0000	0.0000	0.0000	0.0002	0.0002	0.0000	0.0002	0.0002	0.0000	0.0000	0.0000	0.0000	0.0000	0.0000	0.0000	0.0000	0.0000	0.0000	0.0000	0.0000	0.0000	0.0180	0.0123	0.0057	0.0072	0.0069	0.0003	0.0109	0.0054	0.0054	0.0000	0.0000	0.0000	0.0000	0.0000	0.0000	0.0000	0.0000	0.0000	0.0098	0.0144	0.0000	0.0247	0.0258	0.0000	0.0000	0.0000	0.0000		
89	95	0.1697	15	1	0	1	0	0	0	0	0	N	N	N	N	N	N	N	N	N	N	N	N	1427.8841	1123.1791	1094.5705	1103.7261	0.0014	0.0016	0.0000	0.0026	0.0027	0.0000	0.0000	0.0000	0.0000	0.0000	0.0000	0.0000	0.0000	0.0000	0.0000	0.0000	0.0000	0.0000	0.0000	0.0000	-0.0000	-0.0000	0.0001	0.8596	0.9161	1.2300	0.0000	0.0000	0.0000	0.0000	0.0000	0.0000	0.0000	0.0000	0.0000	0.0000	0.0000	0.0000	0.0000	0.0000	0.0000	0.0000	0.0000	0.0000	0.0000	0.0000	0.0000	0.0000	0.0000	0.0000	0.0000	0.0000	0.0000	0.0063	0.0044	0.0019	0.0027	0.0026	0.0001	0.0036	0.0018	0.0018	1427.8841	1123.1791	0.0000	1094.5705	1103.7261	0.0000	0.0000	0.0000	0.0000	0.0000	0.0000	0.0000	0.0000	0.0000	0.0000	0.0000	0.0000	0.0000					
89	96	0.1578	14	1	0	1	0	0	0	0	0	N	N	N	N	N	N	N	N	N	N	N	N	7.4800	0.0000	21.3328	5.9069	0.0000	4.9471	0.0000	0.0000	0.0003	0.0000	0.0026	0.0006	0.0000	0.0149	0.0000	0.0000	0.0000	0.0000	0.0000	0.0001	0.0001	0.0000	0.0030	0.0000	0.0000	0.0000	inf	41.0728	0.0000	0.0000	0.0001	3.7737	0.9161	2.5241	0.0000	0.0000	0.0000	0.0000	0.0000	0.0000	0.0000	0.0000	0.0000	0.0000	0.0000	0.0000	0.0000	0.0000	0.0000	0.0000	0.0000	0.0000	0.0000	0.0000	0.0000	0.0000	0.0000	0.0000	0.0000	0.0000	0.0000	0.0157	0.0107	0.0050	0.0064	0.0062	0.0002	0.0094	0.0045	0.0048	7.4800	0.0000	21.3328	5.9069	0.0000	4.9471	0.0000	0.0000	0.0000	0.0000	0.0000	0.0001	0.0001	0.0000	0.0030	0.0000	0.0000	0.0000	
89	97	0.1370	13	1	0	1	0	0	0	0	0	N	N	N	N	N	N	N	N	N	N	N	N	0.0184	0.0000	0.0578	0.0000	0.0000	0.0000	0.0437	0.0000	0.1113	0.0001	0.0000	0.0008	0.0000	0.0000	0.0000	0.0002	0.0000	0.0009	0.0044	0.0001	0.0130	0.0053	0.0002	0.1395	0.0039	0.0000	0.0080	inf	61.1060	0.0000	0.0000	0.0001	6.4922	0.9161	4.5502	0.0000	0.0000	0.0000	0.0000	0.0000	0.0000	0.0000	0.0000	0.0000	0.0001	0.0000	0.0001	0.0000	0.0000	0.0000	0.0001	0.0000	0.0001	0.0000	0.0000	0.0000	0.0000	0.0000	0.0000	0.0000	0.0000	0.0000	0.0232	0.0155	0.0077	0.0082	0.0079	0.0003	0.0151	0.0076	0.0074	0.0184	0.0000	0.0578	0.0000	0.0000	0.0000	0.0437	0.0000	0.1113	0.0044	0.0001	0.0130	0.0053	0.0002	0.1395	0.0039	0.0000	0.0080
89	98	0.0267	2	1	1	1	0	0	0	0	0	N	N	N	N	N	N	N	N	N	N	N	N	0.2163	0.1869	0.0000	0.1302	0.1651	0.0000	0.0000	0.0000	0.0000	0.2501	0.3690	0.0000	0.4661	0.5384	0.0000	0.0000	0.0000	0.0000	1.1564	1.9742	0.0003	3.5791	3.2615	0.0073	0.0002	0.0000	0.0002	0.0000	0.0001	-0.0000	-0.0275	0.0001	1.3608	0.9161	12.1483	0.0000	0.0000	0.0000	0.0000	0.0000	0.0000	0.0000	0.0000	0.0000	0.0507	0.0507	0.0000	0.0507	0.0507	0.0000	0.0000	0.0000	0.0000	0.0000	0.0000	0.0000	0.0000	0.0000	0.0000	0.0000	0.0000	0.0000	0.0439	0.0257	0.0182	0.0157	0.0156	0.0001	0.0282	0.0101	0.0181	0.2163	0.1869	0.0000	0.1440	0.1651	0.0000	0.0000	0.0000	0.0000	1.1564	1.9742	0.0003	3.2372	3.2615	0.0073	0.0002	0.0000	0.0002
89	104	0.1919	15	1	1	1	0	0	0	0	0	N	N	N	N	N	N	N	N	N	N	N	N	0.0000	0.0000	0.0000	0.0000	0.0000	0.0000	0.0000	0.0000	0.0000	0.0000	0.0000	0.0000	0.0000	0.0000	0.0000	0.0000	0.0000	0.0000	0.0048	0.0063	0.0001	0.0102	0.0107	0.0001	0.0005	0.0008	0.0000	0.0026	-0.0000	-0.0000	0.0001	0.0277	0.9161	1.3445	0.0000	0.0000	0.0000	0.0000	0.0000	0.0000	0.0000	0.0000	0.0000	0.0000	0.0000	0.0000	0.0000	0.0000	0.0000	0.0000	0.0000	0.0000	0.0000	0.0000	0.0000	0.0000	0.0000	0.0000	0.0000	0.0000	0.0000	0.0047	0.0036	0.0011	0.0021	0.0020	0.0001	0.0026	0.0016	0.0010	0.0000	0.0000	0.0000	0.0000	0.0000	0.0000	0.0000	0.0000	0.0000	0.0048	0.0063	0.0001	0.0102	0.0107	0.0001	0.0005	0.0008	0.0000	
89	105	0.1452	14	1	1	1	0	0	0	0	0	N	N	N	N	N	N	N	N	N	N	N	N	0.0000	0.0000	0.0000	0.0000	0.0000	0.0000	0.0000	0.0000	0.0000	0.0000	0.0000	0.0000	0.0000	0.0000	0.0000	0.0000	0.0000	0.0000	0.2189	0.3251	0.0027	0.6364	0.6592	0.0357	0.0008	0.0003	0.0014	0.0041	-0.0000	-0.0048	0.0001	5.1414	0.9161	16.4151	0.0000	0.0000	0.0000	0.0000	0.0000	0.0000	0.0000	0.0000	0.0000	0.0089	0.0088	0.0000	0.0088	0.0088	0.0000	0.0000	0.0000	0.0000	0.0000	0.0000	0.0000	0.0000	0.0000	0.0000	0.0000	0.0000	0.0000	0.0405	0.0272	0.0133	0.0139	0.0134	0.0005	0.0266	0.0138	0.0128	0.0000	0.0000	0.0000	0.0000	0.0000	0.0000	0.0000	0.0000	0.0000	0.2189	0.3251	0.0027	0.6364	0.6592	0.0357	0.0008	0.0003	0.0014	
89	106	0.1370	13	1	0	1	0	0	0	0	0	N	N	N	N	N	N	N	N	N	N	N	N	0.0075	0.0000	0.0525	0.0000	0.0000	0.0000	0.0395	0.0000	0.1006	0.0001	0.0000	0.0012	0.0000	0.0000	0.0000	0.0003	0.0000	0.0014	0.0177	0.0151	0.0233	0.0361	0.0286	0.2422	0.0071	0.0000	0.0143	inf	0.7504	0.0000	-0.0000	0.0001	3.8974	0.9161	1.6364	0.0000	0.0000	0.0000	0.0000	0.0000	0.0000	0.0000	0.0000	0.0000	0.0002	0.0001	0.0001	0.0002	0.0001	0.0000	0.0001	0.0000	0.0001	0.0000	0.0000	0.0000	0.0000	0.0000	0.0000	0.0000	0.0000	0.0000	0.0132	0.0089	0.0043	0.0049	0.0047	0.0002	0.0084	0.0042	0.0041	0.0075	0.0000	0.0525	0.0000	0.0000	0.0000	0.0395	0.0000	0.1006	0.0177	0.0151	0.0233	0.0361	0.0286	0.2422	0.0071	0.0000	0.0143
89	107	0.1159	12	1	0	1	0	0	0	0	0	N	N	N	N	N	N	N	N	N	N	N	N	0.7158	0.0555	0.7552	0.0136	0.0391	0.0000	1.0213	0.0000	0.7889	0.1569	0.0005	0.4560	0.0008	0.0006	0.0000	0.3177	0.0000	0.4613	0.2192	0.0089	0.6038	0.0588	0.0165	1.1603	0.3111	0.0000	0.5847	482.8817	37.1214	0.0000	0.0023	0.0001	0.3701	0.9161	9.6236	0.0000	0.0000	0.0000	0.0000	0.0000	0.0000	0.0000	0.0000	0.0000	0.0054	0.0001	0.0052	0.0005	0.0001	0.0004	0.0048	0.0000	0.0048	0.0000	0.0000	0.0000	0.0000	0.0000	0.0000	0.0000	0.0000	0.0000	0.0244	0.0158	0.0086	0.0089	0.0085	0.0004	0.0155	0.0073	0.0083	0.7158	0.0555	0.7552	0.0136	0.0391	0.0000	1.0213	0.0000	0.7889	0.2192	0.0089	0.6038	0.0588	0.0165	1.0257	0.3111	0.0000	0.5847
89	108	0.1055	11	1	0	1	0	0	0	0	0	N	N	N	N	N	N	N	N	N	N	N	N	0.7757	0.5687	0.0000	0.4905	0.4862	0.0000	0.0000	0.0000	0.0000	0.3609	0.3989	0.0000	0.6940	0.7090	0.0000	0.0000	0.0000	0.0000	0.4653	0.7013	0.0246	1.4149	1.4582	0.7654	0.0007	0.0000	0.0014	0.0000	0.0188	-0.0000	-0.0028	0.0001	0.4415	0.9161	4.8853	0.0000	0.0000	0.0000	0.0000	0.0000	0.0000	0.0000	0.0000	0.0000	0.0053	0.0052	0.0001	0.0053	0.0052	0.0001	0.0000	0.0000	0.0000	0.0000	0.0000	0.0000	0.0000	0.0000	0.0000	0.0000	0.0000	0.0000	0.0114	0.0074	0.0040	0.0038	0.0036	0.0002	0.0077	0.0039	0.0038	0.7757	0.5687	0.0000	0.4905	0.4862	0.0000	0.0000	0.0000	0.0000	0.4653	0.7013	0.0246	1.4149	1.4582	0.5295	0.0007	0.0000	0.0014
89	109	0.1278	10	2	1	1	1	0	0	0	0	Y	N	N	N	N	N	N	N	N	N	N	N	0.0000	0.0000	0.0000	0.0000	0.0000	0.0000	0.0000	0.0000	0.0000	0.0000	0.0000	0.0000	0.0000	0.0000	0.0000	0.0000	0.0000	0.0000	0.0000	0.0000	0.0001	0.0000	0.9161	0.0000	0.0000	0.0000	0.0000	0.0000	0.0000	0.0000	0.0000	0.0000	0.0000	0.0000	0.0000	0.0000	0.0000	0.0000	0.0000	0.0000	0.0000	0.0000	0.0000	0.0000	0.0000	0.0000	0.0000	0.0000	0.0000	0.0000	0.0000	0.0000	0.0000	0.0000	0.0000	0.0000	0.0000	0.0000	0.0000	0.0000	0.0000	0.0000	0.0000	0.0000	0.0000	0.0000	0.0000	0.0000	0.0000	0.0000	0.0000	0.0000	0.0000	0.0000	0.0000	0.0000	0.0000	0.0000											
89	110	0.1129	9	2	1	1	1	0	0	0	0	Y	N	N	N	N	N	N	N	N	N	N	N	0.0000	0.0000	0.0000	0.0000	0.0000	0.0000	0.0000	0.0000	0.0000	0.0000	0.0000	0.0000	0.0000	0.0000	0.0000	0.6368	0.0000	1.8527	0.2335	0.0000	17.5154	0.8359	0.0000	1.7075	inf	0.0000	0.0041	0.0001	0.0000	0.9161	7.1240	0.0000	0.0000	0.0000	0.0000	0.0000	0.0000	0.0000	0.0000	0.0000	0.0090	0.0000	0.0090	0.0011	0.0000	0.0011	0.0079	0.0000	0.0079	0.0000	0.0000	0.0000	0.0000	0.0000	0.0000	0.0000	0.0000	0.0000	0.0141	0.0093	0.0049	0.0047	0.0044	0.0002	0.0095	0.0048	0.0046	0.0000	0.0000	0.0000	0.0000	0.0000	0.0000	0.0000	0.0000	0.0000	0.6368	0.0000	1.8527	0.2335	0.0000	4.8334	0.8359	0.0000	1.7075				
89	111	0.1218	11	1	1	1	1	0	0	0	0	N	N	N	N	N	N	N	N	N	N	N	N	0.0000	0.0000	0.0000	0.0000	0.0000	0.0000	0.0000	0.0000	0.0000	0.0000	0.0000	0.0000	0.0000	0.0000	0.0000	0.0051	0.0078	0.0000	0.0001	0.0001	0.0000	0.0077	0.0150	0.0000	0.0000	0.0000	-0.0000	0.0001	0.0016	0.9161	5.0076	0.0000	0.0000	0.0000	0.0000	0.0000	0.0000	0.0000	0.0000	0.0000	0.0001	0.0001	0.0000	0.0000	0.0000	0.0000	0.0000	0.0000	0.0000	0.0000	0.0000	0.0000	0.0000	0.0000	0.0000	0.0000	0.0000	0.0000	0.0097	0.0064	0.0033	0.0033	0.0031	0.0002	0.0065	0.0033	0.0031	0.0000	0.0000	0.0000	0.0000	0.0000	0.0000	0.0000	0.0000	0.0000	0.0051	0.0078	0.0000	0.0001	0.0001	0.0000	0.0077	0.0150	0.0000				
89	112	0.1150	10	1	1	1	1	0	0	0	0	N	N	N	N	N	N	N	N	N	N	N	N	0.0000	0.0000	0.0000	0.0000	0.0000	0.0000	0.0000	0.0000	0.0000	0.0000	0.0000	0.0000	0.0000	0.0000	0.0000	0.0000	0.0001	0.0000	0.0000	0.0000	0.0000	0.0000	0.0001	0.0000	0.0000	0.0000	-0.0000	0.0001	1.0012	0.9161	2.1373	0.0000	0.0000	0.0000	0.0000	0.0000	0.0000	0.0000	0.0000	0.0000	0.0000	0.0000	0.0000	0.0000	0.0000	0.0000	0.0000	0.0000	0.0000	0.0000	0.0000	0.0000	0.0000	0.0000	0.0000	0.0000	0.0000	0.0000	0.0066	0.0043	0.0023	0.0022	0.0021	0.0001	0.0044	0.0022	0.0022	0.0000	0.0000	0.0000	0.0000	0.0000	0.0000	0.0000	0.0000	0.0000	0.0000	0.0001	0.0000	0.0000	0.0000	0.0000	0.0000	0.0001	0.0000				
89	113	0.1233	10	1	1	1	0	0	0	0	0	N	N	N	N	N	N	N	N	N	N	N	N	0.0000	0.0000	0.0000	0.0000	0.0000	0.0000	0.0000	0.0000	0.0000	0.0000	0.0000	0.0000	0.0000	0.0000	0.0000	0.0000	0.0000	0.0000	1.2226	0.0000	3.0107	0.0156	0.0000	0.8672	2.0681	0.0000	3.0735	69945.1044	0.0000	0.0113	0.0001	0.9705	0.9161	5.0371	0.0000	0.0000	0.0000	0.0000	0.0000	0.0000	0.0000	0.0000	0.0000	0.0248	0.0000	0.0248	0.0001	0.0000	0.0001	0.0247	0.0000	0.0247	0.0000	0.0000	0.0000	0.0000	0.0000	0.0000	0.0000	0.0000	0.0000	0.0203	0.0120	0.0082	0.0084	0.0081	0.0002	0.0119	0.0039	0.0080	0.0000	0.0000	0.0000	0.0000	0.0000	0.0000	0.0000	0.0000	0.0000	1.2226	0.0000	3.0107	0.0156	0.0000	0.6178	2.0681	0.0000	3.0735	
89	114	0.1150	10	1	0	2	1	0	0	0	0	N	N	Y	N	N	N	N	N	N	N	N	N	0.0000	0.0000	0.0000	0.0000	0.0000	0.0000	0.0000	0.0000	0.0000	0.0000	0.0000	0.0000	0.0000	0.0000	0.0000	0.0000	0.0000	0.0000	0.0000	0.0000	0.0001	0.0000	0.9161	1.1303	0.0000	0.0000	0.0000	0.0000	0.0000	0.0000	0.0000	0.0000	0.0000	0.0000	0.0000	0.0000	0.0000	0.0000	0.0000	0.0000	0.0000	0.0000	0.0000	0.0000	0.0000	0.0000	0.0000	0.0000	0.0000	0.0000	0.0000	0.0027	0.0018	0.0010	0.0010	0.0009	0.0000	0.0018	0.0008	0.0009	0.0000	0.0000	0.0000	0.0000	0.0000	0.0000	0.0000	0.0000	0.0000	0.0000	0.0000	0.0000	0.0000	0.0000	0.0000	0.0000	0.0000	0.0000											
89	115	0.1129	9	1	0	1	1	0	0	0	0	N	N	N	N	N	N	N	N	N	N	N	N	0.0000	0.0000	0.0000	0.0000	0.0000	0.0000	0.0000	0.0000	0.0000	0.0000	0.0000	0.0000	0.0000	0.0000	0.0000	0.0010	0.0015	0.0000	0.0028	0.0029	0.0000	0.0000	0.0001	0.0000	0.0000	0.0000	-0.0000	0.0001	0.0000	0.9161	1.2340	0.0000	0.0000	0.0000	0.0000	0.0000	0.0000	0.0000	0.0000	0.0000	0.0000	0.0000	0.0000	0.0000	0.0000	0.0000	0.0000	0.0000	0.0000	0.0000	0.0000	0.0000	0.0000	0.0000	0.0000	0.0000	0.0000	0.0000	0.0030	0.0019	0.0010	0.0011	0.0010	0.0000	0.0019	0.0009	0.0010	0.0000	0.0000	0.0000	0.0000	0.0000	0.0000	0.0000	0.0000	0.0000	0.0010	0.0015	0.0000	0.0028	0.0029	0.0000	0.0000	0.0001	0.0000				
89	116	0.1204	10	1	0	2	1	0	0	0	0	N	N	Y	N	N	N	N	N	N	N	N	N	0.0000	0.0000	0.0000	0.0000	0.0000	0.0000	0.0000	0.0000	0.0000	0.0000	0.0000	0.0000	0.0000	0.0000	0.0000	0.0000	0.0000	0.0000	0.0001	0.0001	0.0000	0.0000	0.0000	0.0000	0.0000	0.0000	-0.0000	0.0001	0.9725	0.9161	0.9874	0.0000	0.0000	0.0000	0.0000	0.0000	0.0000	0.0000	0.0000	0.0000	0.0000	0.0000	0.0000	0.0000	0.0000	0.0000	0.0000	0.0000	0.0000	0.0000	0.0000	0.0000	0.0000	0.0000	0.0000	0.0000	0.0000	0.0000	0.0040	0.0027	0.0013	0.0014	0.0013	0.0001	0.0026	0.0014	0.0012	0.0000	0.0000	0.0000	0.0000	0.0000	0.0000	0.0000	0.0000	0.0000	0.0000	0.0000	0.0000	0.0001	0.0001	0.0000	0.0000	0.0000	0.0000				
89	117	0.1204	10	1	0	2	1	0	0	0	0	N	N	Y	N	N	N	N	N	N	N	N	N	0.0000	0.0000	0.0000	0.0000	0.0000	0.0000	0.0000	0.0000	0.0000	0.0000	0.0000	0.0000	0.0000	0.0000	0.0000	0.0000	0.0000	0.0000	0.0000	0.0000	0.0000	0.0000	0.0000	0.0000	0.0000	0.0000	-0.0000	0.0001	0.0285	0.9161	4.0215	0.0000	0.0000	0.0000	0.0000	0.0000	0.0000	0.0000	0.0000	0.0000	0.0000	0.0000	0.0000	0.0000	0.0000	0.0000	0.0000	0.0000	0.0000	0.0000	0.0000	0.0000	0.0000	0.0000	0.0000	0.0000	0.0000	0.0000	0.0079	0.0053	0.0027	0.0027	0.0025	0.0001	0.0053	0.0027	0.0025	0.0000	0.0000	0.0000	0.0000	0.0000	0.0000	0.0000	0.0000	0.0000	0.0000	0.0000	0.0000	0.0000	0.0000	0.0000	0.0000	0.0000	0.0000				
89	118	0.1129	9	1	0	2	1	0	0	0	0	N	N	Y	N	N	N	N	N	N	N	N	N	0.0000	0.0000	0.0000	0.0000	0.0000	0.0000	0.0000	0.0000	0.0000	0.0000	0.0000	0.0000	0.0000	0.0000	0.0000	0.0003	0.0004	0.0000	0.0008	0.0009	0.0000	0.0000	0.0000	0.0000	0.0000	0.0000	-0.0000	0.0001	3.0275	0.9161	2.1573	0.0000	0.0000	0.0000	0.0000	0.0000	0.0000	0.0000	0.0000	0.0000	0.0000	0.0000	0.0000	0.0000	0.0000	0.0000	0.0000	0.0000	0.0000	0.0000	0.0000	0.0000	0.0000	0.0000	0.0000	0.0000	0.0000	0.0000	0.0105	0.0069	0.0036	0.0035	0.0033	0.0002	0.0070	0.0036	0.0035	0.0000	0.0000	0.0000	0.0000	0.0000	0.0000	0.0000	0.0000	0.0000	0.0003	0.0004	0.0000	0.0008	0.0009	0.0000	0.0000	0.0000	0.0000				
89	119	0.1541	9	2	1	1	0	0	0	0	0	Y	N	N	N	N	N	N	N	N	N	N	N	0.0000	0.0000	0.0000	0.0000	0.0000	0.0000	0.0000	0.0000	0.0000	0.0000	0.0000	0.0000	0.0000	0.0000	0.0000	2.5370	0.0000	5.4600	0.0252	0.0000	10.6333	4.7465	0.0000	5.4723	inf	-0.0000	0.0625	0.0001	2.1883	0.9161	3.1271	0.0000	0.0000	0.0000	0.0000	0.0000	0.0000	0.0000	0.0000	0.0000	0.1368	0.0000	0.1368	0.0006	0.0000	0.0006	0.1362	0.0000	0.1362	0.0000	0.0000	0.0000	0.0000	0.0000	0.0000	0.0000	0.0000	0.0000	0.0539	0.0289	0.0251	0.0252	0.0251	0.0002	0.0287	0.0038	0.0249	0.0000	0.0000	0.0000	0.0000	0.0000	0.0000	0.0000	0.0000	0.0000	2.5370	0.0000	5.4600	0.0252	0.0000	3.6766	4.7465	0.0000	5.4723				
89	120	0.0872	8	2	1	1	0	0	0	0	0	Y	N	N	N	N	N	N	N	N	N	N	N	0.1254	0.0909	0.0000	0.0667	0.0707	0.0000	0.0000	0.0000	0.0000	0.3276	0.3662	0.0000	0.6237	0.6427	0.0000	0.0000	0.0000	0.0000	2.6122	4.0271	0.0963	9.3550	9.0898	0.0097	0.0488	0.0001	0.0980	0.0001	0.0135	-0.0000	-0.0733	0.0001	13.6104	0.9161	16.0982	0.0000	0.0000	0.0000	0.0000	0.0000	0.0000	0.0000	0.0000	0.0000	0.1384	0.1365	0.0018	0.1365	0.1365	0.0000	0.0018	0.0000	0.0018	0.0000	0.0000	0.0000	0.0000	0.0000	0.0000	0.0000	0.0000	0.0000	0.0530	0.0339	0.0191	0.0154	0.0150	0.0004	0.0376	0.0189	0.0187	0.1254	0.0909	0.0000	0.0703	0.0707	0.0000	0.0000	0.0000	0.0000	2.6122	4.0271	0.0963	8.8711	9.0898	0.0097	0.0488	0.0001	0.0980
89	121	0.0917	8	1	1	1	0	0	0	0	0	N	N	N	N	N	N	N	N	N	N	N	N	0.0000	0.0000	0.0000	0.0000	0.0000	0.0000	0.0000	0.0000	0.0000	0.0000	0.0000	0.0000	0.0000	0.0000	0.0000	0.0000	0.0000	0.0000	0.0104	0.0044	0.0235	0.0093	0.0080	0.0673	0.0112	0.0000	0.0222	2.4600	0.0000	0.0000	0.0001	0.3548	0.9161	4.6068	0.0000	0.0000	0.0000	0.0000	0.0000	0.0000	0.0000	0.0000	0.0000	0.0002	0.0000	0.0001	0.0001	0.0000	0.0000	0.0001	0.0000	0.0001	0.0000	0.0000	0.0000	0.0000	0.0000	0.0000	0.0000	0.0000	0.0000	0.0159	0.0109	0.0050	0.0062	0.0060	0.0001	0.0097	0.0048	0.0049	0.0000	0.0000	0.0000	0.0000	0.0000	0.0000	0.0000	0.0000	0.0000	0.0104	0.0044	0.0235	0.0093	0.0080	0.0673	0.0112	0.0000	0.0222	
89	122	0.0768	7	1	1	1	0	0	0	0	0	N	N	N	N	N	N	N	N	N	N	N	N	0.0038	0.1516	0.0021	0.0112	0.0251	0.0000	0.0047	128.2352	0.0025	0.0017	0.0016	0.0025	0.0005	0.0005	0.0000	0.0031	0.0032	0.0030	0.4612	0.0109	1.1911	0.0453	0.0207	1.5035	0.6665	0.0000	1.1896	0.1818	67.6295	-0.0000	0.0036	0.0001	1.6911	0.9161	5.7022	0.0000	0.0000	0.0000	0.0000	0.0000	0.0000	0.0000	0.0000	0.0000	0.0082	0.0001	0.0081	0.0003	0.0001	0.0001	0.0079	0.0000	0.0079	0.0000	0.0000	0.0000	0.0000	0.0000	0.0000	0.0000	0.0000	0.0000	0.0177	0.0110	0.0068	0.0059	0.0057	0.0001	0.0119	0.0052	0.0067	0.0038	0.1516	0.0021	0.0112	0.0251	0.0000	0.0047	128.2352	0.0025	0.4612	0.0109	1.1911	0.0453	0.0207	1.2784	0.6665	0.0000	1.1896
89	124	0.1279	11	2	1	1	0	0	0	0	0	Y	N	N	N	N	N	N	N	N	N	N	N	0.0000	0.0000	0.0000	0.0000	0.0000	0.0000	0.0000	0.0000	0.0000	0.0000	0.0000	0.0000	0.0000	0.0000	0.0000	0.0000	0.0000	0.0000	0.0000	0.0000	0.0001	0.0000	0.9161	0.0000	0.0000	0.0000	0.0000	0.0000	0.0000	0.0000	0.0000	0.0000	0.0000	0.0000	0.0000	0.0000	0.0000	0.0000	0.0000	0.0000	0.0000	0.0000	0.0000	0.0000	0.0000	0.0000	0.0000	0.0000	0.0000	0.0000	0.0000	0.0000	0.0000	0.0000	0.0000	0.0000	0.0000	0.0000	0.0000	0.0000	0.0000	0.0000	0.0000	0.0000	0.0000	0.0000	0.0000	0.0000	0.0000	0.0000	0.0000	0.0000	0.0000	0.0000	0.0000	0.0000	0.0000	0.0000											
89	125	0.1233	10	2	1	1	0	0	0	0	0	Y	N	N	N	N	N	N	N	N	N	N	N	0.0000	0.0000	0.0000	0.0000	0.0000	0.0000	0.0000	0.0000	0.0000	0.0000	0.0000	0.0000	0.0000	0.0000	0.0000	65.4449	117.7681	0.0000	183.7486	159.2574	0.0000	0.0000	0.0000	0.0000	0.0000	0.0000	-0.4770	0.0001	0.1434	0.9161	1.9839	0.0000	0.0000	0.0000	0.0000	0.0000	0.0000	0.0000	0.0000	0.0000	0.8786	0.8786	0.0000	0.8786	0.8786	0.0000	0.0000	0.0000	0.0000	0.0000	0.0000	0.0000	0.0000	0.0000	0.0000	0.0000	0.0000	0.0000	0.0134	0.0075	0.0060	0.0061	0.0060	0.0001	0.0073	0.0015	0.0059	0.0000	0.0000	0.0000	0.0000	0.0000	0.0000	0.0000	0.0000	0.0000	65.4449	117.7681	0.0000	144.4540	146.5461	0.0000	0.0000	0.0000	0.0000				
89	126	0.1129	9	1	1	1	0	0	0	0	0	N	N	N	N	N	N	N	N	N	N	N	N	0.0000	0.0000	0.0000	0.0000	0.0000	0.0000	0.0000	0.0000	0.0000	0.0000	0.0000	0.0000	0.0000	0.0000	0.0000	0.0000	0.0000	2.5238	3.8476	0.0001	8.5825	8.3455	0.0000	0.0001	0.0001	0.0001	0.0000	0.0000	-0.0134	0.0001	1.8882	0.9161	2.9115	0.0000	0.0000	0.0000	0.0000	0.0000	0.0000	0.0000	0.0000	0.0000	0.0247	0.0247	0.0000	0.0247	0.0247	0.0000	0.0000	0.0000	0.0000	0.0000	0.0000	0.0000	0.0000	0.0000	0.0000	0.0000	0.0000	0.0000	0.0098	0.0064	0.0034	0.0033	0.0031	0.0002	0.0065	0.0033	0.0032	0.0000	0.0000	0.0000	0.0000	0.0000	0.0000	0.0000	0.0000	0.0000	2.5238	3.8476	0.0001	7.5589	7.9329	0.0000	0.0001	0.0001	0.0001		
89	127	0.0872	8	1	0	1	0	0	0	0	0	N	N	N	N	N	N	N	N	N	N	N	N	7.3307	6.4676	0.0000	5.1597	5.1849	0.0000	0.0000	0.0000	0.0000	3.2457	3.6125	0.0000	6.1762	6.3516	0.0000	0.0000	0.0000	0.0000	0.4428	0.5586	0.2392	1.1970	1.2250	0.0020	0.1235	0.0000	0.2438	0.0000	0.2437	-0.0000	-0.0038	0.0001	3.5543	0.9161	9.0319	0.0000	0.0000	0.0000	0.0000	0.0000	0.0000	0.0000	0.0000	0.0000	0.0110	0.0089	0.0022	0.0089	0.0089	0.0000	0.0022	0.0000	0.0022	0.0000	0.0000	0.0000	0.0000	0.0000	0.0000	0.0000	0.0000	0.0000	0.0249	0.0159	0.0090	0.0074	0.0072	0.0002	0.0175	0.0086	0.0089	7.3307	6.4676	0.0000	5.1597	5.1849	0.0000	0.0000	0.0000	0.0000	0.4428	0.5586	0.2392	1.1970	1.2250	0.0020	0.1235	0.0000	0.2438
90	91	0.1140	11	1	1	1	1	0	0	0	0	N	N	N	N	N	N	N	N	N	N	N	N	24.7891	25.1651	0.0002	37.0654	35.8673	0.0000	0.0001	0.0000	0.0002	14.2298	16.0855	0.0001	59.9339	61.9386	0.0000	0.0000	0.0000	0.0001	0.5740	0.6392	0.4783	1.6170	1.7269	0.0282	0.2872	0.0813	0.4944	0.0000	0.5093	-0.3736	-0.0309	3.7876	1.8247	7.8440	16.3284	0.9803	0.9803	0.0000	0.9803	0.9803	0.0000	0.0000	0.0000	0.0000	0.1504	0.0997	0.0508	0.0914	0.0913	0.0001	0.0590	0.0084	0.0507	0.0689	0.0609	0.0079	0.0164	0.0158	0.0005	0.0525	0.0451	0.0074	0.2620	0.1559	0.1061	0.0565	0.0529	0.0037	0.2055	0.1030	0.1025	24.7891	25.1651	0.0002	37.0654	35.8673	0.0000	0.0001	0.0000	0.0002	0.5740	0.6392	0.4783	1.6170	1.7269	0.0282	0.2872	0.0813	0.4944
90	92	0.1035	10	1	1	1	0	0	0	0	0	N	N	N	N	N	N	N	N	N	N	N	N	0.0020	0.0039	0.0000	0.0084	0.0085	0.0000	0.0000	0.0000	0.0000	0.0001	0.0001	0.0000	0.0004	0.0004	0.0000	0.0000	0.0000	0.0000	0.0359	0.0207	0.0565	0.0483	0.0503	0.0240	0.0334	0.0099	0.0574	0.0000	2.0106	-0.0000	0.0015	3.7876	9.1310	7.8440	16.1726	0.0000	0.0000	0.0000	0.0000	0.0000	0.0000	0.0000	0.0000	0.0000	0.0116	0.0039	0.0078	0.0026	0.0025	0.0001	0.0090	0.0014	0.0077	0.2673	0.2342	0.0331	0.0464	0.0438	0.0026	0.2209	0.1904	0.0305	0.3246	0.1869	0.1377	0.0540	0.0500	0.0040	0.2706	0.1369	0.1337	0.0020	0.0039	0.0000	0.0084	0.0085	0.0000	0.0000	0.0000	0.0000	0.0359	0.0207	0.0565	0.0483	0.0503	0.0240	0.0334	0.0099	0.0574
90	93	0.1885	16	1	1	1	0	0	0	0	0	N	N	N	N	N	N	N	N	N	N	N	N	0.0000	0.0000	0.0000	0.0000	0.0000	0.0000	0.0000	0.0000	0.0000	0.0000	0.0000	0.0000	0.0000	0.0000	0.0000	0.0000	0.0000	0.0000	0.0566	0.0881	0.0002	0.1571	0.1737	0.0015	0.0000	0.0000	0.0000	0.0010	0.0000	-0.0064	3.7876	4.0959	7.8440	8.7137	0.0000	0.0000	0.0000	0.0000	0.0000	0.0000	0.0000	0.0000	0.0000	0.0117	0.0117	0.0000	0.0117	0.0117	0.0000	0.0000	0.0000	0.0000	0.1238	0.1082	0.0156	0.0245	0.0232	0.0012	0.0993	0.0849	0.0144	0.2076	0.1332	0.0744	0.0747	0.0675	0.0072	0.1329	0.0657	0.0672	0.0000	0.0000	0.0000	0.0000	0.0000	0.0000	0.0000	0.0000	0.0000	0.0566	0.0881	0.0002	0.1571	0.1737	0.0015	0.0000	0.0000	0.0000	
90	94	0.1702	15	1	1	1	0	0	0	0	0	N	N	N	N	N	N	N	N	N	N	N	N	0.0000	0.0000	0.0000	0.0000	0.0000	0.0000	0.0000	0.0000	0.0000	0.0000	0.0000	0.0000	0.0000	0.0000	0.0000	0.0000	0.0000	0.0000	7.5183	11.9304	0.0002	25.8136	25.2433	0.0003	0.0004	0.0005	0.0002	0.0000	0.0000	-0.5353	3.7876	2.9443	7.8440	6.1524	0.0000	0.0000	0.0000	0.0000	0.0000	0.0000	0.0000	0.0000	0.0000	0.9859	0.9858	0.0000	0.9858	0.9858	0.0000	0.0000	0.0000	0.0000	0.0938	0.0817	0.0121	0.0222	0.0212	0.0010	0.0716	0.0605	0.0111	0.1311	0.0826	0.0485	0.0425	0.0391	0.0035	0.0886	0.0436	0.0450	0.0000	0.0000	0.0000	0.0000	0.0000	0.0000	0.0000	0.0000	0.0000	7.5183	11.9304	0.0002	23.1887	25.2433	0.0003	0.0004	0.0005	0.0002	
90	95	0.1677	14	1	0	1	0	0	0	0	0	N	N	N	N	N	N	N	N	N	N	N	N	4.1537	3.3655	0.0000	7.2778	7.4732	0.0000	0.0000	0.0000	0.0037	0.0042	0.0000	0.0162	0.0170	0.0000	0.0000	0.0000	0.0000	0.0009	0.0013	0.0001	0.0022	0.0023	0.0009	0.0000	0.0000	0.0001	0.0000	0.0433	-0.0000	-0.0000	3.7876	0.8596	7.8440	1.2300	0.0001	0.0001	0.0000	0.0001	0.0001	0.0000	0.0000	0.0000	0.0000	0.0000	0.0000	0.0000	0.0000	0.0000	0.0000	0.0000	0.0000	0.0000	0.0270	0.0236	0.0034	0.0062	0.0059	0.0003	0.0209	0.0178	0.0031	0.0552	0.0375	0.0177	0.0214	0.0207	0.0007	0.0338	0.0168	0.0170	4.1537	3.3655	0.0000	7.2778	7.4732	0.0000	0.0000	0.0000	0.0000	0.0009	0.0013	0.0001	0.0022	0.0023	0.0009	0.0000	0.0000	0.0001	
90	96	0.1559	13	1	0	1	0	0	0	0	0	N	N	N	N	N	N	N	N	N	N	N	N	6.0307	2.9923	60.7840	5.9995	2.9870	62.3155	15.8975	6498.2764	0.0000	0.0015	0.0010	0.0053	0.0039	0.0019	0.0379	0.0005	0.0006	0.0000	0.0003	0.0003	0.0001	0.0006	0.0007	0.0006	0.0000	0.0000	0.0001	0.6658	0.1430	0.0000	-0.0000	3.7876	3.7737	7.8440	2.5241	0.0002	0.0001	0.0001	0.0002	0.0001	0.0001	0.0001	0.0001	0.0000	0.0000	0.0000	0.0000	0.0000	0.0000	0.0000	0.0000	0.0000	0.0000	0.1485	0.1316	0.0169	0.0437	0.0414	0.0024	0.1048	0.0902	0.0145	0.1286	0.0824	0.0462	0.0456	0.0434	0.0022	0.0831	0.0390	0.0440	6.0307	2.9923	60.7840	5.9995	2.9870	62.3155	15.8975	6498.2764	0.0000	0.0003	0.0003	0.0001	0.0006	0.0007	0.0006	0.0000	0.0000	0.0001
90	97	0.1350	12	1	0	1	0	0	0	0	0	N	N	N	N	N	N	N	N	N	N	N	N	1.3967	0.9419	12.4087	1.9847	1.9724	0.3174	3.0778	1.5371	15.1544	0.0038	0.0041	0.0017	0.0201	0.0214	0.0002	0.0007	0.0005	0.0018	0.0027	0.0044	0.0001	0.0101	0.0108	0.0005	0.0002	0.0003	0.0001	0.0597	0.0198	-0.0002	-0.0002	3.7876	6.4922	7.8440	4.5502	0.0007	0.0007	0.0000	0.0006	0.0006	0.0000	0.0001	0.0001	0.0000	0.0005	0.0005	0.0000	0.0004	0.0004	0.0000	0.0000	0.0000	0.0000	0.1873	0.1636	0.0238	0.0303	0.0285	0.0018	0.1570	0.1351	0.0220	0.1737	0.1063	0.0674	0.0440	0.0410	0.0030	0.1297	0.0653	0.0644	1.3967	0.9419	12.4087	1.9847	1.9724	0.3174	3.0778	1.5371	15.1544	0.0027	0.0044	0.0001	0.0101	0.0108	0.0005	0.0002	0.0003	0.0001
90	104	0.1899	14	1	1	1	0	0	0	0	0	N	N	N	N	N	N	N	N	N	N	N	N	3.6614	34.1337	0.0000	7.8726	48.3111	0.0000	0.0000	0.0000	0.0000	0.0217	0.0250	0.0000	0.0638	0.0653	0.0000	0.0000	0.0000	0.0000	0.0059	0.0007	0.0234	0.0081	0.0014	0.1193	0.0043	0.0001	0.0120	0.0000	9.5238	-0.0000	0.0001	3.7876	0.0277	7.8440	1.3445	0.0000	0.0000	0.0000	0.0000	0.0000	0.0000	0.0000	0.0000	0.0000	0.0003	0.0000	0.0002	0.0001	0.0000	0.0001	0.0001	0.0000	0.0001	0.0014	0.0012	0.0002	0.0005	0.0005	0.0000	0.0009	0.0007	0.0002	0.0422	0.0326	0.0097	0.0181	0.0170	0.0010	0.0242	0.0156	0.0086	3.6614	34.1337	0.0000	7.8726	48.3111	0.0000	0.0000	0.0000	0.0000	0.0059	0.0007	0.0234	0.0081	0.0014	0.1193	0.0043	0.0001	0.0120
90	105	0.1432	13	1	1	1	0	0	0	0	0	N	N	N	N	N	N	N	N	N	N	N	N	0.0062	0.0273	0.0000	0.1581	0.1831	0.0000	0.0000	0.0001	0.0000	0.0002	0.0002	0.0000	0.0010	0.0011	0.0000	0.0000	0.0000	0.0000	0.0318	0.0082	0.0689	0.0064	0.0058	0.0127	0.0399	0.0096	0.0720	0.0005	5.3134	-0.0000	0.0028	3.7876	5.1414	7.8440	16.4151	0.0000	0.0000	0.0000	0.0000	0.0000	0.0000	0.0000	0.0000	0.0000	0.0092	0.0015	0.0078	0.0004	0.0004	0.0001	0.0088	0.0011	0.0077	0.1531	0.1340	0.0191	0.0298	0.0283	0.0015	0.1233	0.1058	0.0175	0.2910	0.1781	0.1129	0.0703	0.0645	0.0058	0.2207	0.1136	0.1071	0.0062	0.0273	0.0000	0.1581	0.1831	0.0000	0.0000	0.0001	0.0000	0.0318	0.0082	0.0689	0.0064	0.0058	0.0127	0.0399	0.0096	0.0720
90	106	0.1350	12	1	0	1	0	0	0	0	0	N	N	N	N	N	N	N	N	N	N	N	N	0.1848	0.0373	1.8836	0.0040	0.0041	0.0000	0.2565	0.0494	2.0182	0.0004	0.0001	0.0028	0.0000	0.0000	0.0000	0.0005	0.0001	0.0030	0.0024	0.0030	0.0015	0.0033	0.0034	0.0012	0.0021	0.0027	0.0015	3.6088	0.2886	0.0000	-0.0001	3.7876	3.8974	7.8440	1.6364	0.0001	0.0000	0.0000	0.0000	0.0000	0.0000	0.0001	0.0000	0.0000	0.0002	0.0002	0.0001	0.0001	0.0001	0.0000	0.0002	0.0001	0.0001	0.1163	0.1016	0.0148	0.0196	0.0185	0.0011	0.0967	0.0830	0.0137	0.1031	0.0649	0.0381	0.0296	0.0280	0.0015	0.0735	0.0369	0.0366	0.1848	0.0373	1.8836	0.0040	0.0041	0.0000	0.2565	0.0494	2.0182	0.0024	0.0030	0.0015	0.0033	0.0034	0.0012	0.0021	0.0027	0.0015
90	107	0.1140	11	1	0	1	0	0	0	0	0	N	N	N	N	N	N	N	N	N	N	N	N	57.8796	0.1481	550.9237	0.2641	0.2159	4.3360	113.1222	0.0011	586.5083	0.6861	0.0017	7.1210	0.0050	0.0041	0.0894	1.0806	0.0000	7.4293	0.0119	0.0112	0.0129	0.0191	0.0190	0.0206	0.0096	0.0064	0.0127	458.5058	0.7605	0.0117	-0.0002	3.7876	0.3701	7.8440	9.6236	0.0190	0.0000	0.0189	0.0001	0.0000	0.0000	0.0189	0.0000	0.0189	0.0019	0.0011	0.0008	0.0008	0.0007	0.0000	0.0012	0.0004	0.0008	0.0277	0.0250	0.0027	0.0101	0.0100	0.0001	0.0175	0.0150	0.0025	0.1635	0.0987	0.0648	0.0394	0.0373	0.0021	0.1241	0.0614	0.0627	57.8796	0.1481	550.9237	0.2641	0.2159	4.3360	113.1222	0.0011	586.5083	0.0119	0.0112	0.0129	0.0191	0.0190	0.0206	0.0096	0.0064	0.0127
90	108	0.1035	10	1	0	1	0	0	0	0	0	N	N	N	N	N	N	N	N	N	N	N	N	43.6634	37.1878	0.0488	43.0490	41.2718	0.0000	0.0078	0.0000	0.0501	0.6368	0.7041	0.0004	1.8086	1.8316	0.0000	0.0001	0.0000	0.0004	0.0146	0.0189	0.0085	0.0420	0.0444	0.0019	0.0078	0.0070	0.0087	0.0001	0.3230	-0.0072	-0.0004	3.7876	0.4415	7.8440	4.8853	0.0189	0.0189	0.0000	0.0189	0.0189	0.0000	0.0000	0.0000	0.0000	0.0012	0.0009	0.0003	0.0007	0.0007	0.0000	0.0005	0.0002	0.0003	0.0297	0.0269	0.0028	0.0105	0.0103	0.0001	0.0193	0.0166	0.0027	0.0818	0.0476	0.0342	0.0161	0.0152	0.0009	0.0657	0.0324	0.0333	43.6634	37.1878	0.0488	43.0490	41.2718	0.0000	0.0078	0.0000	0.0501	0.0146	0.0189	0.0085	0.0420	0.0444	0.0019	0.0078	0.0070	0.0087
90	109	0.1259	9	2	1	1	1	0	0	0	0	Y	N	N	N	N	N	N	N	N	N	N	N	0.0000	0.0000	0.0000	0.0000	0.0000	0.0000	0.0000	0.0000	0.0000	0.0000	0.0000	0.0000	0.0000	0.0000	0.0000	0.0000	0.0000	0.0000	0.0000	0.0000	3.7876	0.0000	7.8440	0.0000	0.0000	0.0000	0.0000	0.0000	0.0000	0.0000	0.0000	0.0000	0.0000	0.0000	0.0000	0.0000	0.0000	0.0000	0.0000	0.0000	0.0000	0.0000	0.0000	0.0000	0.0000	0.0000	0.0000	0.0000	0.0000	0.0000	0.0000	0.0000	0.0000	0.0000	0.0000	0.0000	0.0000	0.0000	0.0000	0.0000	0.0000	0.0000	0.0000	0.0000	0.0000	0.0000	0.0000	0.0000	0.0000	0.0000	0.0000	0.0000	0.0000	0.0000	0.0000	0.0000	0.0000	0.0000											
90	110	0.1109	8	2	1	1	1	0	0	0	0	Y	N	N	N	N	N	N	N	N	N	N	N	0.0000	0.0000	0.0000	0.0000	0.0000	0.0000	0.0000	0.0000	0.0000	0.0000	0.0000	0.0000	0.0000	0.0000	0.0000	0.0000	0.0000	0.0000	9.9858	0.1665	36.9463	0.4735	0.5244	0.0450	12.4496	0.0000	33.7869	102.5523	0.0000	0.4505	3.7876	0.0000	7.8440	7.1240	0.0000	0.0000	0.0000	0.0000	0.0000	0.0000	0.0000	0.0000	0.0000	1.0070	0.0097	0.9972	0.0098	0.0097	0.0001	0.9971	0.0000	0.9971	0.0000	0.0000	0.0000	0.0000	0.0000	0.0000	0.0000	0.0000	0.0000	0.1008	0.0584	0.0424	0.0207	0.0185	0.0022	0.0801	0.0399	0.0402	0.0000	0.0000	0.0000	0.0000	0.0000	0.0000	0.0000	0.0000	0.0000	9.9858	0.1665	23.5036	0.4735	0.5244	0.0450	12.4496	0.0000	24.7867	
90	111	0.1199	10	1	1	1	1	0	0	0	0	N	N	N	N	N	N	N	N	N	N	N	N	0.0000	0.0000	0.0000	0.0000	0.0000	0.0000	0.0000	0.0000	0.0000	0.0000	0.0000	0.0000	0.0000	0.0000	0.0000	0.0000	0.0000	0.0000	14.6467	25.2048	0.0000	0.0014	0.0016	0.0001	18.5598	36.6453	0.0000	0.0000	0.0000	-0.5416	3.7876	0.0016	7.8440	5.0076	0.0000	0.0000	0.0000	0.0000	0.0000	0.0000	0.0000	0.0000	0.0000	0.9976	0.9976	0.0000	0.0000	0.0000	0.0000	0.9976	0.9976	0.0000	0.0002	0.0001	0.0000	0.0001	0.0001	0.0000	0.0001	0.0001	0.0000	0.0681	0.0396	0.0285	0.0144	0.0124	0.0020	0.0537	0.0272	0.0265	0.0000	0.0000	0.0000	0.0000	0.0000	0.0000	0.0000	0.0000	0.0000	14.6467	25.2048	0.0000	0.0014	0.0016	0.0001	18.5598	36.6453	0.0000	
90	112	0.1131	9	1	1	1	1	0	0	0	0	N	N	N	N	N	N	N	N	N	N	N	N	0.0000	0.0000	0.0000	0.0000	0.0000	0.0000	0.0000	0.0000	0.0000	0.0000	0.0000	0.0000	0.0000	0.0000	0.0000	0.0000	0.0000	0.0244	0.0419	0.0000	0.0000	0.0000	0.0000	0.0314	0.0647	0.0000	0.0000	0.0000	-0.0006	3.7876	1.0012	7.8440	2.1373	0.0000	0.0000	0.0000	0.0000	0.0000	0.0000	0.0000	0.0000	0.0000	0.0012	0.0012	0.0000	0.0000	0.0000	0.0000	0.0012	0.0012	0.0000	0.0280	0.0245	0.0035	0.0051	0.0048	0.0003	0.0228	0.0197	0.0032	0.0484	0.0281	0.0203	0.0109	0.0099	0.0010	0.0375	0.0182	0.0193	0.0000	0.0000	0.0000	0.0000	0.0000	0.0000	0.0000	0.0000	0.0000	0.0244	0.0419	0.0000	0.0000	0.0000	0.0000	0.0314	0.0647	0.0000		
90	113	0.1214	9	1	1	1	0	0	0	0	0	N	N	N	N	N	N	N	N	N	N	N	N	0.0000	0.0000	0.0000	0.0000	0.0000	0.0000	0.0000	0.0000	0.0000	0.0000	0.0000	0.0000	0.0000	0.0000	0.0000	0.0000	0.0000	0.0000	7.0753	0.0278	20.7818	0.0672	0.0722	0.0172	9.3481	0.0001	19.3218	437.7360	0.0000	0.2823	3.7876	0.9705	7.8440	5.0371	0.0000	0.0000	0.0000	0.0000	0.0000	0.0000	0.0000	0.0000	0.0000	0.6208	0.0014	0.6194	0.0014	0.0014	0.0000	0.6193	0.0000	0.6193	0.0317	0.0280	0.0037	0.0079	0.0075	0.0004	0.0238	0.0205	0.0033	0.0877	0.0508	0.0369	0.0215	0.0196	0.0019	0.0663	0.0313	0.0350	0.0000	0.0000	0.0000	0.0000	0.0000	0.0000	0.0000	0.0000	0.0000	7.0753	0.0278	16.7822	0.0672	0.0722	0.0172	9.3481	0.0001	17.7095	
90	114	0.1131	9	1	0	2	1	0	0	0	0	N	N	Y	N	N	N	N	N	N	N	N	N	0.0000	0.0000	0.0000	0.0000	0.0000	0.0000	0.0000	0.0000	0.0000	0.0000	0.0000	0.0000	0.0000	0.0000	0.0000	0.0000	0.0000	0.0000	0.0000	0.0000	3.7876	0.0000	7.8440	1.1303	0.0000	0.0000	0.0000	0.0000	0.0000	0.0000	0.0000	0.0000	0.0000	0.0000	0.0000	0.0000	0.0000	0.0000	0.0000	0.0000	0.0000	0.0000	0.0000	0.0000	0.0000	0.0000	0.0000	0.0000	0.0000	0.0000	0.0000	0.0215	0.0127	0.0088	0.0059	0.0056	0.0004	0.0156	0.0071	0.0085	0.0000	0.0000	0.0000	0.0000	0.0000	0.0000	0.0000	0.0000	0.0000	0.0000	0.0000	0.0000	0.0000	0.0000	0.0000	0.0000	0.0000	0.0000											
90	115	0.1109	8	1	0	1	1	0	0	0	0	N	N	N	N	N	N	N	N	N	N	N	N	0.0000	0.0000	0.0000	0.0000	0.0000	0.0000	0.0000	0.0000	0.0000	0.0000	0.0000	0.0000	0.0000	0.0000	0.0000	0.0000	0.0000	0.0000	0.0003	0.0000	0.0007	0.0007	0.0000	0.0108	0.0001	0.0000	0.0002	15.2558	0.0000	0.0000	3.7876	0.0000	7.8440	1.2340	0.0000	0.0000	0.0000	0.0000	0.0000	0.0000	0.0000	0.0000	0.0000	0.0000	0.0000	0.0000	0.0000	0.0000	0.0000	0.0000	0.0000	0.0000	0.0000	0.0000	0.0000	0.0000	0.0000	0.0000	0.0000	0.0000	0.0000	0.0234	0.0139	0.0095	0.0064	0.0061	0.0004	0.0170	0.0078	0.0091	0.0000	0.0000	0.0000	0.0000	0.0000	0.0000	0.0000	0.0000	0.0000	0.0003	0.0000	0.0007	0.0007	0.0000	0.0108	0.0001	0.0000	0.0002	
90	116	0.1184	9	1	0	2	1	0	0	0	0	N	N	Y	N	N	N	N	N	N	N	N	N	0.0000	0.0000	0.0000	0.0000	0.0000	0.0000	0.0000	0.0000	0.0000	0.0000	0.0000	0.0000	0.0000	0.0000	0.0000	0.0000	0.0000	0.0787	0.1310	0.0000	0.3483	0.3910	0.0001	0.0000	0.0000	0.0000	0.0000	0.0000	-0.0012	3.7876	0.9725	7.8440	0.9874	0.0000	0.0000	0.0000	0.0000	0.0000	0.0000	0.0000	0.0000	0.0000	0.0022	0.0022	0.0000	0.0022	0.0022	0.0000	0.0000	0.0000	0.0000	0.0298	0.0263	0.0035	0.0068	0.0064	0.0003	0.0231	0.0199	0.0032	0.0283	0.0170	0.0113	0.0064	0.0057	0.0007	0.0219	0.0113	0.0106	0.0000	0.0000	0.0000	0.0000	0.0000	0.0000	0.0000	0.0000	0.0000	0.0787	0.1310	0.0000	0.3483	0.3910	0.0001	0.0000	0.0000	0.0000		
90	117	0.1184	9	1	0	2	1	0	0	0	0	N	N	Y	N	N	N	N	N	N	N	N	N	0.0000	0.0000	0.0000	0.0000	0.0000	0.0000	0.0000	0.0000	0.0000	0.0000	0.0000	0.0000	0.0000	0.0000	0.0000	0.0000	0.0000	0.0009	0.0000	0.0022	0.0001	0.0000	0.0007	0.0011	0.0000	0.0023	4199.6355	0.0000	0.0000	3.7876	0.0285	7.8440	4.0215	0.0000	0.0000	0.0000	0.0000	0.0000	0.0000	0.0000	0.0000	0.0000	0.0001	0.0000	0.0001	0.0000	0.0000	0.0000	0.0001	0.0000	0.0001	0.0029	0.0027	0.0002	0.0012	0.0012	0.0000	0.0017	0.0015	0.0002	0.0559	0.0331	0.0228	0.0121	0.0106	0.0014	0.0439	0.0225	0.0214	0.0000	0.0000	0.0000	0.0000	0.0000	0.0000	0.0000	0.0000	0.0000	0.0009	0.0000	0.0022	0.0001	0.0000	0.0007	0.0011	0.0000	0.0023		
90	118	0.1109	8	1	0	2	1	0	0	0	0	N	N	Y	N	N	N	N	N	N	N	N	N	0.0000	0.0000	0.0000	0.0000	0.0000	0.0000	0.0000	0.0000	0.0000	0.0000	0.0000	0.0000	0.0000	0.0000	0.0000	0.0000	0.0000	0.0000	0.0008	0.0012	0.0002	0.0034	0.0035	0.0027	0.0000	0.0000	0.0001	0.1227	0.0000	-0.0000	3.7876	3.0275	7.8440	2.1573	0.0000	0.0000	0.0000	0.0000	0.0000	0.0000	0.0000	0.0000	0.0000	0.0001	0.0001	0.0000	0.0001	0.0001	0.0000	0.0000	0.0000	0.0000	0.0838	0.0734	0.0104	0.0154	0.0145	0.0009	0.0684	0.0589	0.0095	0.0758	0.0440	0.0318	0.0161	0.0145	0.0016	0.0596	0.0295	0.0302	0.0000	0.0000	0.0000	0.0000	0.0000	0.0000	0.0000	0.0000	0.0000	0.0008	0.0012	0.0002	0.0034	0.0035	0.0027	0.0000	0.0000	0.0001	
90	119	0.1522	8	2	1	1	0	0	0	0	0	Y	N	N	N	N	N	N	N	N	N	N	N	0.0022	0.0040	0.0001	0.0088	0.0088	0.0002	0.0000	0.0009	0.0001	0.0004	0.0005	0.0000	0.0020	0.0021	0.0000	0.0000	0.0000	0.0000	0.1979	0.1210	0.3056	0.2278	0.2351	0.0478	0.1843	0.0006	0.3134	0.0081	1.8003	-0.0000	0.0022	3.7876	2.1883	7.8440	3.1271	0.0000	0.0000	0.0000	0.0000	0.0000	0.0000	0.0000	0.0000	0.0000	0.0216	0.0077	0.0139	0.0077	0.0077	0.0001	0.0138	0.0000	0.0138	0.0720	0.0641	0.0079	0.0153	0.0148	0.0005	0.0567	0.0493	0.0074	0.1090	0.0636	0.0454	0.0340	0.0327	0.0013	0.0750	0.0310	0.0441	0.0022	0.0040	0.0001	0.0088	0.0088	0.0002	0.0000	0.0009	0.0001	0.1979	0.1210	0.3056	0.2278	0.2351	0.0478	0.1843	0.0006	0.3134
90	120	0.0852	7	2	1	1	0	0	0	0	0	Y	N	N	N	N	N	N	N	N	N	N	N	32.4892	33.2245	0.2239	41.3519	40.4689	0.0093	0.1472	11.0642	0.2367	1.9343	2.1983	0.0114	10.8308	11.4097	0.0000	0.0038	0.0025	0.0123	0.0595	0.0662	0.0509	0.2619	0.2819	0.0032	0.0259	0.0002	0.0521	0.0007	0.5942	-0.2922	-0.0038	3.7876	13.6104	7.8440	16.0982	0.7682	0.7676	0.0005	0.7669	0.7669	0.0000	0.0012	0.0007	0.0005	0.0223	0.0140	0.0083	0.0140	0.0140	0.0000	0.0083	0.0000	0.0083	0.3971	0.3492	0.0479	0.0708	0.0672	0.0036	0.3263	0.2820	0.0443	0.3749	0.2116	0.1633	0.0534	0.0495	0.0038	0.3216	0.1621	0.1595	32.4892	33.2245	0.2239	41.3519	40.4689	0.0093	0.1472	11.0642	0.2367	0.0595	0.0662	0.0509	0.2619	0.2819	0.0032	0.0259	0.0002	0.0521
90	121	0.0898	7	1	1	1	0	0	0	0	0	N	N	N	N	N	N	N	N	N	N	N	N	0.0897	0.0294	2.4098	0.0340	0.0335	0.0000	0.7742	0.0000	2.5395	0.0005	0.0002	0.0032	0.0005	0.0005	0.0000	0.0005	0.0000	0.0034	0.0059	0.0081	0.0013	0.0157	0.0161	0.0009	0.0007	0.0000	0.0014	1.4265	0.0830	0.0000	-0.0004	3.7876	0.3548	7.8440	4.6068	0.0000	0.0000	0.0000	0.0000	0.0000	0.0000	0.0000	0.0000	0.0000	0.0008	0.0008	0.0001	0.0008	0.0008	0.0000	0.0001	0.0000	0.0001	0.0324	0.0293	0.0031	0.0132	0.0130	0.0002	0.0192	0.0163	0.0029	0.1401	0.0932	0.0469	0.0485	0.0469	0.0016	0.0916	0.0463	0.0453	0.0897	0.0294	2.4098	0.0340	0.0335	0.0000	0.7742	0.0000	2.5395	0.0059	0.0081	0.0013	0.0157	0.0161	0.0009	0.0007	0.0000	0.0014
90	122	0.0749	6	1	1	1	0	0	0	0	0	N	N	N	N	N	N	N	N	N	N	N	N	0.0498	0.0804	0.0457	0.0225	0.0220	0.0002	0.0629	0.5952	0.0477	0.0043	0.0041	0.0061	0.0035	0.0036	0.0000	0.0046	0.0043	0.0065	0.0866	0.0507	0.1333	0.1546	0.1629	0.0144	0.0730	0.0072	0.1359	0.1971	2.0250	-0.0001	0.0012	3.7876	1.6911	7.8440	5.7022	0.0003	0.0002	0.0000	0.0001	0.0001	0.0000	0.0002	0.0002	0.0000	0.0095	0.0031	0.0064	0.0028	0.0028	0.0000	0.0067	0.0003	0.0063	0.0657	0.0581	0.0077	0.0163	0.0159	0.0005	0.0494	0.0422	0.0072	0.1095	0.0619	0.0476	0.0183	0.0173	0.0010	0.0912	0.0446	0.0466	0.0498	0.0804	0.0457	0.0225	0.0220	0.0002	0.0629	0.5952	0.0477	0.0866	0.0507	0.1333	0.1546	0.1629	0.0144	0.0730	0.0072	0.1359
90	124	0.1260	10	2	1	1	0	0	0	0	0	Y	N	N	N	N	N	N	N	N	N	N	N	0.0000	0.0000	0.0000	0.0000	0.0000	0.0000	0.0000	0.0000	0.0000	0.0000	0.0000	0.0000	0.0000	0.0000	0.0000	0.0000	0.0000	0.0000	0.0000	0.0000	3.7876	0.0000	7.8440	0.0000	0.0000	0.0000	0.0000	0.0000	0.0000	0.0000	0.0000	0.0000	0.0000	0.0000	0.0000	0.0000	0.0000	0.0000	0.0000	0.0000	0.0000	0.0000	0.0000	0.0000	0.0000	0.0000	0.0000	0.0000	0.0000	0.0000	0.0000	0.0000	0.0000	0.0000	0.0000	0.0000	0.0000	0.0000	0.0000	0.0000	0.0000	0.0000	0.0000	0.0000	0.0000	0.0000	0.0000	0.0000	0.0000	0.0000	0.0000	0.0000	0.0000	0.0000	0.0000	0.0000	0.0000	0.0000											
90	125	0.1214	9	2	1	1	0	0	0	0	0	Y	N	N	N	N	N	N	N	N	N	N	N	0.0000	0.0000	0.0000	0.0000	0.0000	0.0000	0.0000	0.0000	0.0000	0.0000	0.0000	0.0000	0.0000	0.0000	0.0000	0.0000	0.0000	0.0000	3.5783	4.0136	2.9781	8.8445	8.4958	0.1221	1.7763	0.0006	3.1057	0.5383	0.0000	-0.0272	3.7876	0.1434	7.8440	1.9839	0.0000	0.0000	0.0000	0.0000	0.0000	0.0000	0.0000	0.0000	0.0000	0.1410	0.0916	0.0493	0.0917	0.0916	0.0001	0.0492	0.0000	0.0492	0.0086	0.0077	0.0009	0.0035	0.0034	0.0001	0.0051	0.0043	0.0007	0.0394	0.0228	0.0166	0.0117	0.0110	0.0007	0.0277	0.0119	0.0159	0.0000	0.0000	0.0000	0.0000	0.0000	0.0000	0.0000	0.0000	0.0000	3.5783	4.0136	2.9781	7.8597	8.3596	0.1221	1.7763	0.0006	3.1057	
90	126	0.1109	8	1	1	1	0	0	0	0	0	N	N	N	N	N	N	N	N	N	N	N	N	0.0000	0.0000	0.0000	0.0000	0.0000	0.0000	0.0000	0.0000	0.0000	0.0000	0.0000	0.0000	0.0000	0.0000	0.0000	0.0000	0.0000	0.0000	0.1038	0.0823	0.1336	0.2222	0.2463	0.0020	0.0714	0.0003	0.1406	1.1717	0.0000	-0.0000	3.7876	1.8882	7.8440	2.9115	0.0000	0.0000	0.0000	0.0000	0.0000	0.0000	0.0000	0.0000	0.0000	0.0073	0.0034	0.0040	0.0034	0.0034	0.0000	0.0040	0.0000	0.0040	0.0525	0.0460	0.0065	0.0096	0.0091	0.0006	0.0429	0.0369	0.0059	0.0707	0.0411	0.0296	0.0152	0.0137	0.0015	0.0555	0.0274	0.0281	0.0000	0.0000	0.0000	0.0000	0.0000	0.0000	0.0000	0.0000	0.0000	0.1038	0.0823	0.1336	0.2222	0.2463	0.0020	0.0714	0.0003	0.1406	
90	127	0.0852	7	1	0	1	0	0	0	0	0	N	N	N	N	N	N	N	N	N	N	N	N	133.3581	593.9761	0.0000	2840.6826	2773.0231	0.0000	0.0000	0.0000	0.0000	7.3560	8.2598	0.0000	30.4258	31.3678	0.0000	0.0000	0.0000	0.0000	0.0552	0.0139	0.1087	0.0107	0.0113	0.0022	0.0630	0.0148	0.1112	0.0000	6.0226	-0.3808	0.0030	3.7876	3.5543	7.8440	9.0319	0.9993	0.9993	0.0000	0.9993	0.9993	0.0000	0.0000	0.0000	0.0000	0.0096	0.0014	0.0082	0.0003	0.0003	0.0000	0.0093	0.0011	0.0082	0.1358	0.1210	0.0149	0.0328	0.0319	0.0010	0.1030	0.0891	0.0139	0.1736	0.0981	0.0756	0.0259	0.0242	0.0017	0.1477	0.0739	0.0739	133.3581	593.9761	0.0000	2840.6826	2773.0231	0.0000	0.0000	0.0000	0.0000	0.0552	0.0139	0.1087	0.0107	0.0113	0.0022	0.0630	0.0148	0.1112
91	92	0.0488	2	0	2	0	1	0	0	0	0	N	Y	N	N	N	N	N	N	N	N	N	N	0.4476	0.3154	0.0000	5.2372	5.1531	0.0000	0.0000	0.0000	0.0000	0.7691	1.0383	0.0000	2.7393	2.7595	0.0000	0.0000	0.0000	0.0000	1.7181	3.2925	0.0000	0.5231	0.5355	0.0001	1.8837	4.1059	0.0000	0.0000	0.0000	-0.0751	-0.5458	1.8247	9.1310	16.3284	16.1726	0.1971	0.1971	0.0000	0.1971	0.1971	0.0000	0.0000	0.0000	0.0000	1.0052	1.0052	0.0000	0.0372	0.0372	0.0000	0.9680	0.9680	0.0000	0.2563	0.1899	0.0665	0.0720	0.0714	0.0005	0.1844	0.1184	0.0659	0.5851	0.3053	0.2798	0.0712	0.0696	0.0017	0.5139	0.2358	0.2781	0.4476	0.3154	0.0000	5.2372	5.1531	0.0000	0.0000	0.0000	0.0000	1.7181	3.2925	0.0000	0.5231	0.5355	0.0001	1.8837	4.1059	0.0000
91	93	0.1128	6	0	2	0	1	0	0	0	0	N	Y	N	N	N	N	N	N	N	N	N	N	0.0159	0.0115	0.0000	0.1529	0.1553	0.0000	0.0000	0.0000	0.0001	0.0071	0.0080	0.0000	0.0346	0.0354	0.0000	0.0000	0.0000	0.0000	0.4422	0.6950	0.0365	0.2266	0.2277	0.2174	0.5315	1.1037	0.0207	0.0000	0.0327	-0.0002	-0.0774	1.8247	4.0959	16.3284	8.7137	0.0005	0.0005	0.0000	0.0005	0.0005	0.0000	0.0000	0.0000	0.0000	0.1514	0.1466	0.0048	0.0227	0.0204	0.0023	0.1287	0.1261	0.0025	0.0742	0.0652	0.0090	0.0151	0.0148	0.0003	0.0591	0.0504	0.0087	0.3423	0.2109	0.1314	0.1003	0.0897	0.0106	0.2420	0.1212	0.1209	0.0159	0.0115	0.0000	0.1529	0.1553	0.0000	0.0000	0.0000	0.0001	0.4422	0.6950	0.0365	0.2266	0.2277	0.2174	0.5315	1.0411	0.0207
91	94	0.0945	5	0	2	0	1	0	0	0	0	N	Y	N	N	N	N	N	N	N	N	N	N	0.0006	0.0003	0.0054	0.0000	0.0000	0.0000	0.0013	0.0007	0.0055	0.0006	0.0005	0.0015	0.0001	0.0001	0.0000	0.0008	0.0007	0.0015	1.0049	1.5014	0.2669	2.3100	2.4926	0.1169	0.5980	0.9721	0.2740	0.3970	0.1196	-0.0000	-0.0935	1.8247	2.9443	16.3284	6.1524	0.0000	0.0000	0.0000	0.0000	0.0000	0.0000	0.0000	0.0000	0.0000	0.2143	0.1914	0.0229	0.1171	0.1166	0.0005	0.0972	0.0748	0.0224	0.0557	0.0489	0.0069	0.0131	0.0129	0.0003	0.0426	0.0360	0.0066	0.2133	0.1275	0.0858	0.0507	0.0468	0.0039	0.1626	0.0807	0.0819	0.0006	0.0003	0.0054	0.0000	0.0000	0.0000	0.0013	0.0007	0.0055	1.0049	1.5014	0.2669	2.3100	2.4926	0.1169	0.5980	0.9267	0.2740
91	95	0.0921	4	0	1	0	1	0	0	0	0	N	N	N	N	N	N	N	N	N	N	N	N	0.0000	0.0000	0.0051	0.0001	0.0001	0.0000	0.0000	0.0000	0.0102	0.0000	0.0000	0.0000	0.0001	0.0001	0.0000	0.0000	0.0000	0.0000	2.5042	3.8220	0.0005	1.9519	2.0721	0.0040	2.8202	5.7424	0.0002	0.0110	0.0001	-0.0000	-0.1301	1.8247	0.8596	16.3284	1.2300	0.0000	0.0000	0.0000	0.0000	0.0000	0.0000	0.0000	0.0000	0.0000	0.2397	0.2397	0.0000	0.0680	0.0680	0.0000	0.1717	0.1717	0.0000	0.0161	0.0142	0.0019	0.0037	0.0036	0.0001	0.0125	0.0106	0.0019	0.0957	0.0627	0.0330	0.0348	0.0328	0.0020	0.0609	0.0299	0.0310	0.0000	0.0000	0.0051	0.0001	0.0001	0.0000	0.0000	0.0000	0.0102	2.5042	3.8220	0.0005	1.9519	2.0721	0.0040	2.8202	5.7424	0.0002
91	96	0.0802	3	0	1	0	1	0	0	0	0	N	N	N	N	N	N	N	N	N	N	N	N	0.0005	0.0003	0.2475	0.0016	0.0016	0.0815	0.0000	0.0000	0.3736	0.0009	0.0010	0.0001	0.0032	0.0033	0.0002	0.0000	0.0000	0.0001	1.7217	2.8235	0.0002	1.9818	2.0966	0.0022	1.6082	3.4705	0.0001	0.0074	0.0001	-0.0000	-0.2051	1.8247	3.7737	16.3284	2.5241	0.0001	0.0001	0.0000	0.0001	0.0001	0.0000	0.0000	0.0000	0.0000	0.3779	0.3778	0.0000	0.1321	0.1321	0.0000	0.2457	0.2457	0.0000	0.0860	0.0765	0.0095	0.0228	0.0225	0.0003	0.0633	0.0541	0.0092	0.2195	0.1338	0.0856	0.0667	0.0630	0.0037	0.1528	0.0708	0.0820	0.0005	0.0003	0.2475	0.0016	0.0016	0.0815	0.0000	0.0000	0.3736	1.7217	2.8235	0.0002	1.9818	2.0966	0.0022	1.6082	3.4705	0.0001
91	97	0.0594	2	0	1	0	1	0	0	0	0	N	N	N	N	N	N	N	N	N	N	N	N	0.1615	0.1044	0.3375	4.2895	4.2551	0.0892	0.0001	0.0000	0.3482	0.3575	0.4202	0.0012	2.0767	2.1372	0.0007	0.0003	0.0002	0.0012	2.2141	4.0253	0.0035	0.4841	0.5023	0.0075	2.5920	5.6397	0.0035	0.0005	0.0007	-0.0168	-0.3722	1.8247	6.4922	16.3284	4.5502	0.0440	0.0440	0.0000	0.0440	0.0440	0.0000	0.0000	0.0000	0.0000	0.6863	0.6858	0.0005	0.0269	0.0269	0.0000	0.6594	0.6590	0.0005	0.1232	0.1047	0.0184	0.0212	0.0206	0.0006	0.1020	0.0842	0.0178	0.3100	0.1704	0.1396	0.0556	0.0535	0.0020	0.2544	0.1168	0.1376	0.1615	0.1044	0.3375	4.2895	4.2551	0.0892	0.0001	0.0000	0.3482	2.2141	4.0253	0.0035	0.4841	0.5023	0.0075	2.5920	5.6397	0.0035
91	98	0.1275	11	0	2	0	1	0	0	0	0	N	Y	N	N	N	N	N	N	N	N	N	N	0.1315	0.0004	0.4853	0.0003	0.0002	0.0009	0.1498	0.1155	0.5261	0.0248	0.0000	0.2237	0.0000	0.0000	0.0000	0.0356	0.0000	0.2509	0.1884	0.0011	0.4611	0.0048	0.0034	0.0244	0.2376	0.0000	0.4768	63661.3148	276.4103	0.0004	0.0254	1.8247	1.3608	16.3284	12.1483	0.0007	0.0000	0.0007	0.0000	0.0000	0.0000	0.0007	0.0000	0.0007	0.0561	0.0002	0.0559	0.0003	0.0002	0.0001	0.0557	0.0000	0.0557	0.0278	0.0247	0.0031	0.0084	0.0081	0.0003	0.0193	0.0166	0.0027	0.2976	0.1764	0.1211	0.0629	0.0587	0.0042	0.2347	0.1177	0.1169	0.1315	0.0004	0.4853	0.0003	0.0002	0.0009	0.1498	0.1155	0.5261	0.1884	0.0011	0.4611	0.0048	0.0034	0.0244	0.2376	0.0000	0.4768
91	99	0.1238	10	0	1	0	1	0	0	0	0	N	N	N	N	N	N	N	N	N	N	N	N	0.0138	0.0183	0.0063	0.0229	0.0257	0.0000	0.0020	0.0006	0.0069	0.0238	0.0251	0.0144	0.0834	0.0879	0.0000	0.0024	0.0000	0.0162	1.7230	1.3680	2.2833	3.6480	3.4229	0.1503	1.1911	0.0057	2.3532	0.0797	1.0572	-0.0002	-0.0032	1.8247	1.5300	16.3284	0.7696	0.0007	0.0007	0.0001	0.0007	0.0007	0.0000	0.0001	0.0000	0.0001	0.1084	0.0527	0.0557	0.0527	0.0526	0.0001	0.0557	0.0001	0.0556	0.0312	0.0274	0.0038	0.0082	0.0078	0.0004	0.0230	0.0196	0.0034	0.0629	0.0385	0.0244	0.0161	0.0154	0.0008	0.0468	0.0232	0.0236	0.0138	0.0183	0.0063	0.0255	0.0257	0.0000	0.0020	0.0006	0.0069	1.7230	1.3680	2.2833	3.2659	3.4229	0.1503	1.1911	0.0057	2.3532
91	100	0.1150	9	0	1	0	1	0	0	0	0	N	N	N	N	N	N	N	N	N	N	N	N	0.9212	0.0005	28.4312	0.0007	0.0007	0.0000	8.0501	0.0007	28.4920	0.6298	0.0005	5.3648	0.0023	0.0023	0.0000	0.7907	0.0000	5.5807	0.6837	1.0384	0.1887	3.3599	3.3116	0.0114	0.0982	0.0002	0.1959	1364.8598	0.1302	0.0250	-0.0330	1.8247	3.6906	16.3284	1.4800	0.0404	0.0000	0.0404	0.0000	0.0000	0.0000	0.0404	0.0000	0.0404	0.0772	0.0683	0.0089	0.0683	0.0683	0.0000	0.0089	0.0000	0.0089	0.0641	0.0566	0.0075	0.0131	0.0128	0.0003	0.0511	0.0438	0.0072	0.1130	0.0658	0.0472	0.0225	0.0206	0.0018	0.0905	0.0452	0.0453	0.9212	0.0005	28.4312	0.0007	0.0007	0.0000	8.0501	0.0007	28.4920	0.6837	1.0384	0.1887	3.0421	3.3116	0.0114	0.0982	0.0002	0.1959
91	101	0.1150	8	0	1	0	1	0	0	0	0	N	N	N	N	N	N	N	N	N	N	N	N	0.0197	0.0136	0.0770	0.0184	0.0171	0.0000	0.0203	0.0020	0.0748	0.0202	0.0112	0.1052	0.0312	0.0315	0.0000	0.0150	0.0000	0.1093	1.0298	0.8268	1.3659	1.6908	1.8408	0.0486	0.7393	0.0016	1.4618	0.9993	0.9979	0.0000	-0.0008	1.8247	0.1361	16.3284	0.4500	0.0001	0.0000	0.0000	0.0000	0.0000	0.0000	0.0000	0.0000	0.0000	0.0188	0.0094	0.0094	0.0094	0.0094	0.0000	0.0094	0.0000	0.0094	0.0040	0.0036	0.0004	0.0013	0.0013	0.0000	0.0027	0.0023	0.0004	0.0183	0.0114	0.0069	0.0056	0.0051	0.0005	0.0127	0.0063	0.0064	0.0197	0.0136	0.0770	0.0184	0.0171	0.0000	0.0203	0.0020	0.0748	1.0298	0.8268	1.3659	1.6908	1.8408	0.0486	0.7393	0.0016	1.4618
91	102	0.0991	7	0	1	0	1	0	0	0	0	N	N	N	N	N	N	N	N	N	N	N	N	70.0152	0.2008	360.9682	0.2165	0.2262	0.0321	104.3216	0.0604	387.3840	13.3439	0.0165	120.0255	0.0546	0.0555	0.0191	18.3023	0.0000	128.2345	0.1906	0.0823	0.3325	0.2520	0.2454	0.5956	0.1754	0.0001	0.3310	907.2284	3.0819	0.6039	0.0082	1.8247	3.5591	16.3284	4.5341	0.9774	0.0011	0.9764	0.0011	0.0011	0.0000	0.9763	0.0000	0.9763	0.0387	0.0095	0.0293	0.0101	0.0095	0.0007	0.0286	0.0000	0.0286	0.0732	0.0651	0.0081	0.0199	0.0194	0.0005	0.0533	0.0457	0.0076	0.2033	0.1153	0.0880	0.0402	0.0386	0.0016	0.1631	0.0767	0.0864	70.0152	0.2008	360.9682	0.2165	0.2262	0.0462	104.3216	0.0604	387.3840	0.1906	0.0823	0.3325	0.2520	0.2454	0.4135	0.1754	0.0001	0.3310
91	103	0.0774	6	0	1	0	1	0	0	0	0	N	N	N	N	N	N	N	N	N	N	N	N	0.2764	98.0580	0.0115	50.7456	65.1673	0.0074	0.0128	0.1605	0.0115	1.0857	1.6201	0.0998	2.6123	2.6364	0.0036	0.0592	0.0012	0.1008	3.9276	0.0165	8.6592	0.0515	0.0405	0.4908	4.6257	0.0077	8.7504	0.0334	433.2344	-0.0590	0.4669	1.8247	2.8937	16.3284	8.0733	0.1693	0.1638	0.0055	0.1637	0.1637	0.0000	0.0055	0.0000	0.0055	1.0268	0.0024	1.0244	0.0021	0.0016	0.0005	1.0247	0.0008	1.0239	0.1559	0.1011	0.0548	0.0627	0.0621	0.0006	0.0932	0.0390	0.0542	0.2614	0.1431	0.1183	0.0399	0.0386	0.0013	0.2215	0.1045	0.1170	0.2764	98.0580	0.0115	50.7456	65.1673	0.0095	0.0128	0.1605	0.0115	3.9276	0.0165	8.6592	0.0515	0.0405	0.3814	4.6257	0.0077	8.7504
91	104	0.1143	4	0	2	0	1	0	0	0	0	N	Y	N	N	N	N	N	N	N	N	N	N	6.9358	6.1909	0.0881	0.0123	0.0146	0.0036	53.6668	39.0350	0.2412	0.4018	0.4892	0.0001	0.0016	0.0020	0.0000	0.8182	0.9717	0.0002	0.0579	0.0790	0.0010	0.1298	0.1368	0.0038	0.0152	0.0249	0.0007	0.0000	0.0045	-0.0002	-0.0021	1.8247	0.0277	16.3284	1.3445	0.0005	0.0005	0.0000	0.0000	0.0000	0.0000	0.0005	0.0005	0.0000	0.0039	0.0039	0.0000	0.0033	0.0033	0.0000	0.0007	0.0006	0.0000	0.0012	0.0010	0.0002	0.0006	0.0005	0.0001	0.0006	0.0005	0.0001	0.0680	0.0496	0.0184	0.0254	0.0240	0.0013	0.0427	0.0256	0.0170	6.9358	6.1909	0.0881	0.0123	0.0146	0.0036	53.6668	39.0350	0.2412	0.0579	0.0790	0.0010	0.1298	0.1368	0.0038	0.0152	0.0249	0.0007
91	105	0.0676	3	0	2	0	1	0	0	0	0	N	Y	N	N	N	N	N	N	N	N	N	N	4.0391	2.5486	0.5514	0.4943	0.5027	0.0003	4.4353	2.5000	0.6158	8.1065	9.3443	0.0022	0.1489	0.1595	0.0000	10.1829	11.9765	0.0025	2.0070	3.6664	0.0040	0.3013	0.3173	0.0044	2.2959	4.7906	0.0040	0.0000	0.0009	-0.3031	-0.5370	1.8247	5.1414	16.3284	16.4151	0.7955	0.7955	0.0000	0.0030	0.0030	0.0000	0.7925	0.7924	0.0000	0.9907	0.9898	0.0009	0.0215	0.0215	0.0000	0.9692	0.9683	0.0009	0.0981	0.0851	0.0130	0.0203	0.0190	0.0013	0.0778	0.0662	0.0117	0.4936	0.2700	0.2237	0.0715	0.0678	0.0036	0.4221	0.2021	0.2200	4.0391	2.5486	0.5514	0.4943	0.5027	0.0003	4.4353	2.5000	0.6158	2.0070	3.6664	0.0040	0.3013	0.3173	0.0044	2.2959	4.7906	0.0040
91	106	0.0594	2	0	1	0	1	0	0	0	0	N	N	N	N	N	N	N	N	N	N	N	N	0.6828	0.4253	2.9118	0.4947	0.5002	0.3365	1.0808	0.6031	3.0204	0.1923	0.1854	0.2278	0.3736	0.3877	0.0143	0.1480	0.1263	0.2379	0.2817	0.4359	0.0782	0.7553	0.7751	0.0424	0.1369	0.2094	0.0788	0.2408	0.1360	-0.0029	-0.0228	1.8247	3.8974	16.3284	1.6364	0.0154	0.0124	0.0030	0.0059	0.0059	0.0000	0.0095	0.0066	0.0030	0.0539	0.0475	0.0065	0.0338	0.0338	0.0001	0.0201	0.0137	0.0064	0.0802	0.0671	0.0131	0.0158	0.0152	0.0006	0.0644	0.0519	0.0125	0.1914	0.1089	0.0825	0.0448	0.0436	0.0012	0.1466	0.0653	0.0813	0.6828	0.4253	2.9118	0.4947	0.5002	0.3365	1.0808	0.6031	3.0204	0.2817	0.4359	0.0782	0.7553	0.7751	0.0424	0.1369	0.2094	0.0788
91	109	0.1077	7	1	2	0	2	0	0	0	0	N	Y	N	Y	N	N	N	N	N	N	N	N	0.0000	0.0000	0.0000	0.0000	0.0000	0.0000	0.0000	0.0000	0.0000	0.0000	0.0000	0.0000	0.0000	0.0000	0.0000	0.0000	0.0000	0.0000	0.0000	0.0000	1.8247	0.0000	16.3284	0.0000	0.0000	0.0000	0.0000	0.0000	0.0000	0.0000	0.0000	0.0000	0.0000	0.0000	0.0000	0.0000	0.0000	0.0000	0.0000	0.0000	0.0000	0.0000	0.0000	0.0000	0.0000	0.0000	0.0000	0.0000	0.0000	0.0000	0.0000	0.0000	0.0000	0.0000	0.0000	0.0000	0.0000	0.0000	0.0000	0.0000	0.0000	0.0000	0.0000	0.0000	0.0000	0.0000	0.0000	0.0000	0.0000	0.0000	0.0000	0.0000	0.0000	0.0000	0.0000	0.0000	0.0000	0.0000											
91	110	0.0928	6	1	2	0	2	0	0	0	0	N	Y	N	Y	N	N	N	N	N	N	N	N	0.0000	0.0000	0.0000	0.0000	0.0000	0.0000	0.0000	0.0000	0.0000	0.0000	0.0000	0.0000	0.0000	0.0000	0.0000	0.0000	0.0000	0.0000	5.3978	9.6605	0.1113	27.1273	26.6154	0.0052	0.0661	0.0060	0.1154	0.0093	0.0000	-0.5283	1.8247	0.0000	16.3284	7.1240	0.0000	0.0000	0.0000	0.0000	0.0000	0.0000	0.0000	0.0000	0.0000	0.9897	0.9806	0.0091	0.9803	0.9802	0.0000	0.0095	0.0004	0.0091	0.0000	0.0000	0.0000	0.0000	0.0000	0.0000	0.0000	0.0000	0.0000	0.1834	0.1015	0.0818	0.0398	0.0368	0.0030	0.1435	0.0647	0.0789	0.0000	0.0000	0.0000	0.0000	0.0000	0.0000	0.0000	0.0000	0.0000	5.3978	9.6605	0.1113	24.6148	26.6154	0.0052	0.0661	0.0060	0.1154	
91	111	0.1017	8	0	2	0	2	0	0	0	0	N	Y	N	Y	N	N	N	N	N	N	N	N	0.0000	0.0000	0.0000	0.0000	0.0000	0.0000	0.0000	0.0000	0.0000	0.0000	0.0000	0.0000	0.0000	0.0000	0.0000	0.0000	0.0000	0.0000	0.0009	0.0003	0.0016	0.0009	0.0011	0.0000	0.0008	0.0000	0.0017	3.7213	0.0000	0.0000	1.8247	0.0016	16.3284	5.0076	0.0000	0.0000	0.0000	0.0000	0.0000	0.0000	0.0000	0.0000	0.0000	0.0001	0.0000	0.0001	0.0000	0.0000	0.0000	0.0001	0.0000	0.0001	0.0001	0.0001	0.0000	0.0000	0.0000	0.0000	0.0000	0.0000	0.0000	0.1090	0.0618	0.0472	0.0219	0.0184	0.0035	0.0870	0.0434	0.0436	0.0000	0.0000	0.0000	0.0000	0.0000	0.0000	0.0000	0.0000	0.0000	0.0009	0.0003	0.0016	0.0009	0.0011	0.0000	0.0008	0.0000	0.0017	
91	112	0.0949	7	0	2	0	2	0	0	0	0	N	Y	N	Y	N	N	N	N	N	N	N	N	0.0000	0.0000	0.0000	0.0000	0.0000	0.0000	0.0000	0.0000	0.0000	0.0000	0.0000	0.0000	0.0000	0.0000	0.0000	0.0000	0.0000	0.0000	0.0900	0.0015	0.1989	0.0037	0.0031	0.0140	0.1244	0.0000	0.2065	108.8269	0.0000	0.0041	1.8247	1.0012	16.3284	2.1373	0.0000	0.0000	0.0000	0.0000	0.0000	0.0000	0.0000	0.0000	0.0000	0.0092	0.0001	0.0091	0.0001	0.0001	0.0000	0.0090	0.0000	0.0090	0.0178	0.0157	0.0021	0.0035	0.0035	0.0001	0.0142	0.0122	0.0020	0.1018	0.0562	0.0456	0.0291	0.0272	0.0018	0.0727	0.0289	0.0438	0.0000	0.0000	0.0000	0.0000	0.0000	0.0000	0.0000	0.0000	0.0000	0.0900	0.0015	0.1989	0.0037	0.0031	0.0140	0.1244	0.0000	0.2065	
91	113	0.1032	7	0	2	0	1	0	0	0	0	N	Y	N	N	N	N	N	N	N	N	N	N	0.0000	0.0000	0.0000	0.0000	0.0000	0.0000	0.0000	0.0000	0.0000	0.0000	0.0000	0.0000	0.0000	0.0000	0.0000	0.0000	0.0000	0.0000	0.2154	0.3799	0.0000	1.1331	1.2696	0.0000	0.0000	0.0000	0.0000	0.0000	0.0000	-0.0150	1.8247	0.9705	16.3284	5.0371	0.0000	0.0000	0.0000	0.0000	0.0000	0.0000	0.0000	0.0000	0.0000	0.0276	0.0276	0.0000	0.0276	0.0276	0.0000	0.0000	0.0000	0.0000	0.0194	0.0173	0.0022	0.0049	0.0047	0.0001	0.0146	0.0125	0.0021	0.1284	0.0728	0.0556	0.0244	0.0218	0.0026	0.1040	0.0510	0.0530	0.0000	0.0000	0.0000	0.0000	0.0000	0.0000	0.0000	0.0000	0.0000	0.2154	0.3799	0.0000	1.1331	1.2696	0.0000	0.0000	0.0000	0.0000	
91	114	0.0949	7	0	1	1	2	0	0	0	0	N	N	N	Y	N	N	N	N	N	N	N	N	0.0000	0.0000	0.0000	0.0000	0.0000	0.0000	0.0000	0.0000	0.0000	0.0000	0.0000	0.0000	0.0000	0.0000	0.0000	0.1532	0.0000	0.3364	0.0007	0.0000	0.0234	0.2413	0.0000	0.3443	inf	0.0000	0.0041	1.8247	0.0000	16.3284	1.1303	0.0000	0.0000	0.0000	0.0000	0.0000	0.0000	0.0000	0.0000	0.0000	0.0091	0.0000	0.0091	0.0000	0.0000	0.0000	0.0091	0.0000	0.0091	0.0000	0.0000	0.0000	0.0000	0.0000	0.0000	0.0000	0.0000	0.0000	0.0592	0.0323	0.0270	0.0217	0.0210	0.0007	0.0375	0.0112	0.0263	0.0000	0.0000	0.0000	0.0000	0.0000	0.0000	0.0000	0.0000	0.0000	0.1532	0.0000	0.3364	0.0007	0.0000	0.0234	0.2413	0.0000	0.3443				
91	115	0.0928	6	0	1	0	2	0	0	0	0	N	N	N	Y	N	N	N	N	N	N	N	N	0.0000	0.0000	0.0000	0.0000	0.0000	0.0000	0.0000	0.0000	0.0000	0.0000	0.0000	0.0000	0.0000	0.0000	0.0000	0.0000	0.0000	0.0000	0.2611	0.2439	0.2817	0.3674	0.3763	0.0247	0.2033	0.0202	0.2869	0.9596	0.0000	-0.0009	1.8247	0.0000	16.3284	1.2340	0.0000	0.0000	0.0000	0.0000	0.0000	0.0000	0.0000	0.0000	0.0000	0.0162	0.0083	0.0079	0.0080	0.0080	0.0000	0.0082	0.0003	0.0079	0.0000	0.0000	0.0000	0.0000	0.0000	0.0000	0.0000	0.0000	0.0000	0.0620	0.0339	0.0281	0.0218	0.0213	0.0006	0.0402	0.0126	0.0276	0.0000	0.0000	0.0000	0.0000	0.0000	0.0000	0.0000	0.0000	0.0000	0.2611	0.2439	0.2817	0.3674	0.3763	0.0247	0.2033	0.0202	0.2869	
91	116	0.1003	7	0	1	1	2	0	0	0	0	N	N	N	Y	N	N	N	N	N	N	N	N	33.5260	80.9422	0.0000	52.7043	48.4903	0.0000	0.0005	0.6029	0.0000	0.0279	0.0307	0.0000	0.0609	0.0628	0.0000	0.0000	0.0000	0.0000	0.0008	0.0004	0.0015	0.0012	0.0013	0.0001	0.0008	0.0000	0.0015	0.0000	2.7620	-0.0002	0.0000	1.8247	0.9725	16.3284	0.9874	0.0006	0.0006	0.0000	0.0006	0.0006	0.0000	0.0000	0.0000	0.0000	0.0000	0.0000	0.0000	0.0000	0.0000	0.0000	0.0000	0.0000	0.0000	0.0223	0.0203	0.0020	0.0102	0.0099	0.0003	0.0121	0.0104	0.0017	0.0444	0.0260	0.0185	0.0086	0.0076	0.0010	0.0359	0.0184	0.0175	33.5260	80.9422	0.0000	52.7043	48.4903	0.0000	0.0005	0.6029	0.0000	0.0008	0.0004	0.0015	0.0012	0.0013	0.0001	0.0008	0.0000	0.0015
91	117	0.1003	7	0	1	1	2	0	0	0	0	N	N	N	Y	N	N	N	N	N	N	N	N	128.2639	140.3269	119.8599	87.3847	73.5650	12108.5621	0.8498	0.0000	3.2851	0.0830	0.0826	0.0870	0.1628	0.1560	0.2885	0.0003	0.0000	0.0025	0.0006	0.0006	0.0007	0.0019	0.0021	0.0000	0.0004	0.0000	0.0008	0.1027	0.9113	-0.0000	-0.0000	1.8247	0.0285	16.3284	4.0215	0.0002	0.0001	0.0000	0.0002	0.0001	0.0000	0.0000	0.0000	0.0000	0.0001	0.0000	0.0000	0.0000	0.0000	0.0000	0.0000	0.0000	0.0000	0.0018	0.0017	0.0002	0.0009	0.0009	0.0000	0.0009	0.0008	0.0001	0.0881	0.0507	0.0374	0.0160	0.0141	0.0020	0.0720	0.0366	0.0354	128.2639	140.3269	119.8599	87.3847	73.5650	12108.5621	0.8498	0.0000	3.2851	0.0006	0.0006	0.0007	0.0019	0.0021	0.0000	0.0004	0.0000	0.0008
91	118	0.0928	6	0	1	1	2	0	0	0	0	N	N	N	Y	N	N	N	N	N	N	N	N	229.5164	3610.7639	0.0000	18752.6524	20163.5779	0.0000	0.0000	0.0000	0.0000	15.1120	17.0967	0.0000	76.0585	77.5051	0.0000	0.0000	0.0000	0.0000	0.0658	0.0047	0.1413	0.0041	0.0038	0.0071	0.0849	0.0053	0.1460	0.0000	24.1689	-0.3057	0.0040	1.8247	3.0275	16.3284	2.1573	0.8023	0.8023	0.0000	0.8023	0.8023	0.0000	0.0000	0.0000	0.0000	0.0095	0.0004	0.0091	0.0001	0.0001	0.0000	0.0093	0.0003	0.0091	0.0531	0.0469	0.0062	0.0105	0.0104	0.0002	0.0425	0.0366	0.0060	0.1441	0.0796	0.0645	0.0340	0.0318	0.0022	0.1101	0.0478	0.0623	229.5164	3610.7639	0.0000	18752.6524	20163.5779	0.0000	0.0000	0.0000	0.0000	0.0658	0.0047	0.1413	0.0041	0.0038	0.0071	0.0849	0.0053	0.1460
91	119	0.1340	6	1	2	0	1	0	0	0	0	N	Y	N	N	N	N	N	N	N	N	N	N	0.9248	0.6839	0.0000	0.2992	0.4499	0.0000	0.0082	0.0053	0.0000	1.0437	1.3184	0.0000	1.7686	2.4362	0.0000	0.0001	0.0001	0.0000	1.1286	1.9279	0.0018	5.9115	5.4146	0.0001	0.0065	0.0114	0.0019	0.0000	0.0007	-0.0515	-0.0824	1.8247	2.1883	16.3284	3.1271	0.1352	0.1352	0.0000	0.1352	0.1352	0.0000	0.0000	0.0000	0.0000	0.1519	0.1518	0.0001	0.1512	0.1512	0.0000	0.0007	0.0006	0.0001	0.1296	0.1026	0.0270	0.0765	0.0555	0.0210	0.0531	0.0471	0.0060	0.1346	0.0788	0.0559	0.0295	0.0281	0.0015	0.1051	0.0507	0.0544	0.9248	0.6839	0.0000	0.3455	0.4519	0.0000	0.0082	0.0053	0.0000	1.1286	1.9279	0.0018	5.1191	5.3910	0.0001	0.0065	0.0114	0.0019
91	120	0.0671	5	1	2	0	1	0	0	0	0	N	Y	N	N	N	N	N	N	N	N	N	N	0.2637	0.2028	0.0782	0.1439	0.1394	1.0570	0.2710	0.2244	0.0783	0.9610	1.2052	0.0693	1.8708	1.8915	0.0116	0.6271	0.8544	0.0701	3.6450	5.9422	0.8859	13.0044	13.5649	0.0109	2.3140	3.8081	0.8959	0.0157	0.1241	-0.1130	-0.9709	1.8247	13.6104	16.3284	16.0982	0.3091	0.3043	0.0048	0.1616	0.1616	0.0000	0.1476	0.1428	0.0048	2.2446	1.9967	0.2478	0.9970	0.9970	0.0000	1.2476	0.9997	0.2478	0.3217	0.2525	0.0691	0.0864	0.0854	0.0010	0.2353	0.1671	0.0682	0.6158	0.3360	0.2798	0.0767	0.0735	0.0032	0.5391	0.2625	0.2766	0.2637	0.2028	0.0782	0.1439	0.1394	1.0570	0.2710	0.2244	0.0783	3.6450	5.9422	0.8859	13.0044	13.5649	0.0109	2.3140	3.8081	0.8959
91	121	0.0923	7	0	2	0	1	0	0	0	0	N	Y	N	N	N	N	N	N	N	N	N	N	11.4069	0.0024	12.7709	1.1073	0.0016	6.7489	18.4832	0.0000	12.8480	1.6855	0.0001	3.8172	0.1085	0.0001	4.3279	3.2772	0.0000	3.8022	0.1478	0.0535	0.2989	0.0980	0.0904	0.6413	0.1773	0.0001	0.2959	23259.2530	3.4829	0.1624	0.0105	1.8247	0.3548	16.3284	4.6068	0.2624	0.0000	0.2624	0.0085	0.0000	0.0085	0.2539	0.0000	0.2539	0.0449	0.0100	0.0349	0.0111	0.0100	0.0011	0.0338	0.0000	0.0338	0.1557	0.0869	0.0687	0.0782	0.0762	0.0020	0.0775	0.0107	0.0668	0.3040	0.1873	0.1168	0.1132	0.1107	0.0025	0.1908	0.0765	0.1143	11.4069	0.0024	12.7709	1.1073	0.0016	9.9309	18.4832	0.0000	12.8480	0.1478	0.0535	0.2989	0.0980	0.0904	0.4358	0.1773	0.0001	0.2959
91	122	0.0774	6	0	2	0	1	0	0	0	0	N	Y	N	N	N	N	N	N	N	N	N	N	8.9477	3.3185	12.9831	2.2359	2.2926	1.8563	14.2018	1.8419	13.1411	3.5660	0.7127	8.0787	0.9092	0.8993	2.0341	5.6370	0.2584	8.1389	0.3985	0.2148	0.6222	0.4066	0.3923	1.0958	0.3969	0.1403	0.6193	7.1675	2.3804	0.2432	0.0120	1.8247	1.6911	16.3284	5.7022	0.4899	0.0600	0.4299	0.0547	0.0536	0.0011	0.4352	0.0063	0.4289	0.0744	0.0220	0.0524	0.0127	0.0119	0.0008	0.0617	0.0101	0.0516	0.1374	0.0842	0.0532	0.0602	0.0597	0.0005	0.0772	0.0245	0.0527	0.1866	0.1024	0.0841	0.0312	0.0303	0.0009	0.1554	0.0722	0.0833	8.9477	3.3185	12.9831	2.2359	2.2926	2.2798	14.2018	1.8419	13.1411	0.3985	0.2148	0.6222	0.4066	0.3923	0.8922	0.3969	0.1403	0.6193
91	123	0.0671	5	0	1	0	1	0	0	0	0	N	N	N	N	N	N	N	N	N	N	N	N	13.5045	18.8168	12.3761	8.9957	8.8288	13.6140	13.7484	0.8409	12.3627	1.6946	1.3101	2.3923	1.9823	1.9930	0.5955	1.4809	0.0077	2.4090	0.1255	0.0696	0.1933	0.2204	0.2257	0.0437	0.1077	0.0092	0.1949	1.0064	2.2870	0.0314	0.0025	1.8247	2.0929	16.3284	3.1856	0.2604	0.1298	0.1306	0.1298	0.1295	0.0003	0.1306	0.0003	0.1303	0.0166	0.0051	0.0116	0.0046	0.0046	0.0000	0.0120	0.0005	0.0116	0.1537	0.0991	0.0546	0.0655	0.0650	0.0005	0.0882	0.0341	0.0541	0.1326	0.0727	0.0599	0.0209	0.0203	0.0006	0.1117	0.0524	0.0593	13.5045	18.8168	12.3761	8.9957	8.8288	13.6140	13.7484	0.8409	12.3627	0.1255	0.0696	0.1933	0.2204	0.2257	0.0437	0.1077	0.0092	0.1949
91	124	0.1078	8	1	2	0	1	0	0	0	0	N	Y	N	N	N	N	N	N	N	N	N	N	0.0000	0.0000	0.0000	0.0000	0.0000	0.0000	0.0000	0.0000	0.0000	0.0000	0.0000	0.0000	0.0000	0.0000	0.0000	0.0000	0.0000	0.0000	0.0000	0.0000	1.8247	0.0000	16.3284	0.0000	0.0000	0.0000	0.0000	0.0000	0.0000	0.0000	0.0000	0.0000	0.0000	0.0000	0.0000	0.0000	0.0000	0.0000	0.0000	0.0000	0.0000	0.0000	0.0000	0.0000	0.0000	0.0000	0.0000	0.0000	0.0000	0.0000	0.0000	0.0000	0.0000	0.0000	0.0000	0.0000	0.0000	0.0000	0.0000	0.0000	0.0000	0.0000	0.0000	0.0000	0.0000	0.0000	0.0000	0.0000	0.0000	0.0000	0.0000	0.0000	0.0000	0.0000	0.0000	0.0000	0.0000	0.0000											
91	125	0.1032	7	1	2	0	1	0	0	0	0	N	Y	N	N	N	N	N	N	N	N	N	N	0.0000	0.0000	0.0000	0.0000	0.0000	0.0000	0.0000	0.0000	0.0000	0.0000	0.0000	0.0000	0.0000	0.0000	0.0000	0.0000	0.0000	0.0000	18.8448	0.0126	100.8757	0.0647	0.0359	0.4892	24.1971	0.0000	99.9576	2585.0687	0.0000	0.4420	1.8247	0.1434	16.3284	1.9839	0.0000	0.0000	0.0000	0.0000	0.0000	0.0000	0.0000	0.0000	0.0000	0.9679	0.0004	0.9676	0.0007	0.0004	0.0004	0.9672	0.0000	0.9672	0.0048	0.0043	0.0005	0.0019	0.0018	0.0001	0.0029	0.0025	0.0004	0.0514	0.0298	0.0216	0.0114	0.0104	0.0010	0.0400	0.0193	0.0206	0.0000	0.0000	0.0000	0.0000	0.0000	0.0000	0.0000	0.0000	0.0000	18.8448	0.0126	44.7995	0.0647	0.0359	0.3804	24.1971	0.0000	46.8528	
91	126	0.0928	6	0	2	0	1	0	0	0	0	N	Y	N	N	N	N	N	N	N	N	N	N	0.0000	0.0000	0.0000	0.0000	0.0000	0.0000	0.0000	0.0000	0.0000	0.0000	0.0000	0.0000	0.0000	0.0000	0.0000	0.0000	0.0000	0.0000	0.6453	0.8076	0.4452	1.8378	1.9596	0.0079	0.2663	0.0089	0.4604	0.4470	0.0000	-0.0206	1.8247	1.8882	16.3284	2.9115	0.0000	0.0000	0.0000	0.0000	0.0000	0.0000	0.0000	0.0000	0.0000	0.0879	0.0607	0.0271	0.0604	0.0603	0.0000	0.0275	0.0004	0.0271	0.0333	0.0295	0.0039	0.0066	0.0065	0.0001	0.0267	0.0230	0.0037	0.1362	0.0752	0.0610	0.0328	0.0308	0.0020	0.1033	0.0444	0.0589	0.0000	0.0000	0.0000	0.0000	0.0000	0.0000	0.0000	0.0000	0.0000	0.6453	0.8076	0.4452	1.8378	1.9596	0.0079	0.2663	0.0089	0.4604	
91	127	0.0671	5	0	1	0	1	0	0	0	0	N	N	N	N	N	N	N	N	N	N	N	N	2.5429	0.0007	63.5562	0.2282	0.0586	33.4778	3.6055	0.0000	63.5593	9.2087	0.0043	28.6759	0.0292	0.0076	2.6206	15.0245	0.0000	28.9386	3.6214	6.2622	0.4512	0.1279	0.1298	0.0783	4.1671	8.1836	0.4553	3148.3558	0.0600	1.0035	-0.5068	1.8247	3.5543	16.3284	9.0319	1.6221	0.0005	1.6216	0.0020	0.0005	0.0015	1.6202	0.0000	1.6202	1.0421	0.9831	0.0590	0.0050	0.0049	0.0001	1.0372	0.9783	0.0589	0.1762	0.1196	0.0566	0.0683	0.0678	0.0006	0.1078	0.0518	0.0560	0.2878	0.1570	0.1308	0.0389	0.0375	0.0014	0.2489	0.1195	0.1294	2.5429	0.0007	63.5562	0.2282	0.0586	33.4778	3.6055	0.0000	63.5593	3.6214	6.2622	0.4512	0.1279	0.1298	0.0783	4.1671	8.1836	0.4553
91	128	0.0634	4	0	1	0	1	0	0	0	0	N	N	N	N	N	N	N	N	N	N	N	N	19.3233	18.4922	21.1688	10.8588	10.7198	58.1951	22.7959	0.5267	21.1192	1.8163	1.5585	2.2790	2.4686	2.4820	0.7794	1.3703	0.0044	2.2925	0.0940	0.0843	0.1077	0.2273	0.2315	0.0134	0.0601	0.0084	0.1086	0.8145	0.9081	0.0198	-0.0006	1.8247	2.6246	16.3284	0.7212	0.2915	0.1606	0.1308	0.1609	0.1605	0.0004	0.1306	0.0002	0.1304	0.0093	0.0049	0.0044	0.0046	0.0046	0.0000	0.0048	0.0003	0.0044	0.1605	0.1031	0.0574	0.0652	0.0647	0.0005	0.0953	0.0384	0.0569	0.0994	0.0581	0.0413	0.0201	0.0198	0.0004	0.0793	0.0384	0.0409	19.3233	18.4922	21.1688	10.8588	10.7198	58.1951	22.7959	0.5267	21.1192	0.0940	0.0843	0.1077	0.2273	0.2315	0.0134	0.0601	0.0084	0.1086
91	129	0.0576	3	0	1	0	1	0	0	0	0	N	N	N	N	N	N	N	N	N	N	N	N	12.3708	22.3441	10.2598	13.4611	13.4292	12.2548	10.3167	2.8794	10.2955	1.5184	1.1771	2.1711	2.0417	2.0576	0.9906	1.1980	0.0119	2.1909	0.1227	0.0527	0.2116	0.1517	0.1532	0.0808	0.1161	0.0041	0.2128	0.9642	3.1663	0.0283	0.0037	1.8247	3.3474	16.3284	1.3769	0.2577	0.1312	0.1265	0.1316	0.1306	0.0010	0.1261	0.0006	0.1255	0.0170	0.0041	0.0129	0.0039	0.0039	0.0000	0.0131	0.0002	0.0129	0.1697	0.1114	0.0583	0.0644	0.0635	0.0010	0.1053	0.0480	0.0573	0.1384	0.0774	0.0610	0.0257	0.0252	0.0005	0.1126	0.0522	0.0605	12.3708	22.3441	10.2598	13.4611	13.4292	12.2548	10.3167	2.8794	10.2955	0.1227	0.0527	0.2116	0.1517	0.1532	0.0808	0.1161	0.0041	0.2128
91	130	0.0488	2	0	1	0	1	0	0	0	0	N	N	N	N	N	N	N	N	N	N	N	N	0.3184	6.6829	0.1698	3.2206	3.2148	3.0620	0.2424	26.5655	0.1699	2.0990	1.9321	2.3100	2.2092	2.2192	0.9871	1.9974	0.2878	2.3218	6.5927	0.2891	13.6003	0.6860	0.6903	0.3224	8.2391	0.0108	13.6671	0.9449	42.3139	0.0273	0.4374	1.8247	0.4686	16.3284	4.0374	0.2601	0.1337	0.1264	0.1313	0.1308	0.0005	0.1289	0.0030	0.1259	1.0079	0.0233	0.9847	0.0229	0.0228	0.0001	0.9851	0.0005	0.9845	0.1239	0.0692	0.0547	0.0594	0.0589	0.0005	0.0645	0.0103	0.0542	0.1529	0.0805	0.0724	0.0333	0.0330	0.0004	0.1196	0.0475	0.0720	0.3184	6.6829	0.1698	3.2206	3.2148	3.3985	0.2424	26.5655	0.1699	6.5927	0.2891	13.6003	0.6860	0.6903	0.2905	8.2391	0.0108	13.6671
92	93	0.1423	7	0	2	0	0	0	0	0	0	N	Y	N	N	N	N	N	N	N	N	N	N	0.0041	0.0000	141.9909	0.0431	0.0000	1248.0566	0.0000	0.0000	0.4392	0.0000	0.0000	0.0002	0.0002	0.0000	0.0042	0.0000	0.0000	0.0000	0.0050	0.0081	0.0000	0.0036	0.0040	0.0000	0.0055	0.0108	0.0000	inf	0.0001	0.0000	-0.0011	9.1310	4.0959	16.1726	8.7137	0.0000	0.0000	0.0000	0.0000	0.0000	0.0000	0.0000	0.0000	0.0000	0.0020	0.0020	0.0000	0.0004	0.0004	0.0000	0.0016	0.0016	0.0000	0.2885	0.2509	0.0377	0.0380	0.0366	0.0014	0.2505	0.2143	0.0362	0.4063	0.2519	0.1544	0.1123	0.1010	0.0113	0.2940	0.1509	0.1431	0.0041	0.0000	141.9909	0.0431	0.0000	1248.0566	0.0000	0.0000	0.4392	0.0050	0.0081	0.0000	0.0036	0.0040	0.0000	0.0055	0.0108	0.0000
92	94	0.1240	6	0	2	0	0	0	0	0	0	N	Y	N	N	N	N	N	N	N	N	N	N	0.0000	0.0000	0.0000	0.6345	2.0422	0.0000	0.0000	0.0000	0.0000	0.0000	0.0000	0.0000	0.0002	0.0002	0.0000	0.0000	0.0000	0.0000	3.8904	6.4701	0.0024	0.0002	0.0001	0.0022	5.0202	9.8810	0.0024	0.0000	0.0002	-0.0000	-0.5419	9.1310	2.9443	16.1726	6.1524	0.0000	0.0000	0.0000	0.0000	0.0000	0.0000	0.0000	0.0000	0.0000	0.9985	0.9983	0.0002	0.0000	0.0000	0.0000	0.9985	0.9983	0.0002	0.2190	0.1899	0.0291	0.0381	0.0369	0.0012	0.1809	0.1530	0.0279	0.2567	0.1543	0.1024	0.0578	0.0533	0.0045	0.1989	0.1010	0.0979	0.0000	0.0000	0.0000	0.6345	2.0422	0.0000	0.0000	0.0000	0.0000	3.8904	6.4701	0.0024	0.0002	0.0001	0.0022	5.0202	9.8810	0.0024
92	95	0.1216	5	0	1	0	0	0	0	0	0	N	N	N	N	N	N	N	N	N	N	N	N	1.8969	0.8649	17.5073	0.0000	0.0000	2.1539	0.8238	17.8412	0.0003	0.0002	0.0011	0.0000	0.0000	0.0000	0.0004	0.0002	0.0012	0.0002	0.0002	0.0001	0.0001	0.0001	0.0000	0.0002	0.0003	0.0001	0.9384	0.1569	0.0000	-0.0000	9.1310	0.8596	16.1726	1.2300	0.0000	0.0000	0.0000	0.0000	0.0000	0.0000	0.0000	0.0000	0.0000	0.0000	0.0000	0.0000	0.0000	0.0000	0.0000	0.0000	0.0000	0.0000	0.0631	0.0550	0.0082	0.0104	0.0100	0.0004	0.0528	0.0450	0.0078	0.1092	0.0726	0.0366	0.0365	0.0356	0.0009	0.0727	0.0370	0.0357	1.8969	0.8649	17.5073	0.0000	0.0000	0.0000	2.1539	0.8238	17.8412	0.0002	0.0002	0.0001	0.0001	0.0001	0.0000	0.0002	0.0003	0.0001	
92	96	0.1097	4	0	1	0	0	0	0	0	0	N	N	N	N	N	N	N	N	N	N	N	N	7953.4468	5736.0483	1028.5255	1.8286	1.7728	inf	47735.6894	36501.9990	1037.4847	2.8669	3.2317	0.0409	0.0020	0.0020	0.0014	3.6720	4.2690	0.0424	0.0004	0.0006	0.0000	0.0011	0.0011	0.0000	0.0001	0.0001	0.0000	0.0016	0.0447	-0.3799	-0.0000	9.1310	3.7737	16.1726	2.5241	1.0013	0.9996	0.0016	0.0002	0.0001	0.0000	1.0011	0.9995	0.0016	0.0001	0.0001	0.0000	0.0001	0.0001	0.0000	0.0000	0.0000	0.0000	0.3493	0.3093	0.0399	0.0766	0.0752	0.0014	0.2726	0.2341	0.0385	0.2599	0.1591	0.1007	0.0734	0.0708	0.0026	0.1864	0.0884	0.0981	7953.4468	5736.0483	1028.5255	1.8286	1.7728	inf	47735.6894	36501.9990	1037.4847	0.0004	0.0006	0.0000	0.0011	0.0011	0.0000	0.0001	0.0001	0.0000
92	97	0.0889	3	0	1	0	0	0	0	0	0	N	N	N	N	N	N	N	N	N	N	N	N	181.2277	0.0284	2146799.6215	0.3590	0.0416	120771.4641	362.5501	0.0390	2155459.0461	4.2126	0.0012	29.3839	0.0303	0.0037	1.0287	4.4931	0.0010	29.7106	0.0232	0.0422	0.0000	0.0845	0.0894	0.0000	0.0124	0.0258	0.0000	4103.5676	0.0003	1.1751	-0.0046	9.1310	6.4922	16.1726	4.5502	1.8993	0.0005	1.8989	0.0009	0.0001	0.0008	1.8985	0.0004	1.8981	0.0084	0.0084	0.0000	0.0046	0.0046	0.0000	0.0038	0.0038	0.0000	0.4509	0.3862	0.0646	0.0283	0.0276	0.0007	0.4225	0.3586	0.0639	0.3629	0.1998	0.1631	0.0546	0.0516	0.0030	0.3083	0.1482	0.1601	181.2277	0.0284	2146799.6215	0.3590	0.0416	120771.4641	362.5501	0.0390	2155459.0461	0.0232	0.0422	0.0000	0.0845	0.0894	0.0000	0.0124	0.0258	0.0000
92	98	0.1361	10	0	2	0	0	0	0	0	0	N	Y	N	N	N	N	N	N	N	N	N	N	0.0001	0.0905	0.0000	0.1926	0.2213	0.0000	0.0000	0.0000	0.0000	0.0002	0.0002	0.0000	0.0006	0.0007	0.0000	0.0000	0.0000	0.0000	2.7093	0.0021	6.3427	0.0034	0.0031	0.0065	3.2286	0.0018	6.5351	0.0000	2217.3839	-0.0000	0.4557	9.1310	1.3608	16.1726	12.1483	0.0000	0.0000	0.0000	0.0000	0.0000	0.0000	0.0000	0.0000	0.0000	0.9981	0.0004	0.9977	0.0002	0.0002	0.0000	0.9979	0.0003	0.9976	0.1102	0.0973	0.0128	0.0290	0.0273	0.0016	0.0812	0.0700	0.0112	0.3684	0.2111	0.1573	0.0593	0.0547	0.0046	0.3091	0.1564	0.1527	0.0001	0.0905	0.0000	0.1926	0.2213	0.0000	0.0000	0.0000	0.0000	2.7093	0.0021	6.3427	0.0034	0.0031	0.0065	3.2286	0.0018	6.5351
92	99	0.1324	9	0	1	0	0	0	0	0	0	N	N	N	N	N	N	N	N	N	N	N	N	0.0698	0.0818	0.0152	0.8952	0.9434	0.0000	0.0023	0.0000	0.0169	0.0050	0.0056	0.0012	0.0228	0.0247	0.0000	0.0002	0.0000	0.0013	0.0717	0.0681	0.0770	0.0255	0.0262	0.0122	0.0842	0.0895	0.0788	0.0312	0.7574	-0.0002	-0.0006	9.1310	1.5300	16.1726	0.7696	0.0006	0.0006	0.0000	0.0006	0.0006	0.0000	0.0000	0.0000	0.0000	0.0056	0.0032	0.0024	0.0004	0.0004	0.0000	0.0051	0.0028	0.0024	0.1239	0.1079	0.0161	0.0264	0.0243	0.0020	0.0976	0.0835	0.0140	0.0777	0.0465	0.0312	0.0165	0.0157	0.0008	0.0611	0.0308	0.0303	0.0698	0.0818	0.0152	0.8952	0.9434	0.0000	0.0023	0.0000	0.0169	0.0717	0.0681	0.0770	0.0255	0.0262	0.0122	0.0842	0.0895	0.0788
92	100	0.1235	8	0	1	0	0	0	0	0	0	N	N	N	N	N	N	N	N	N	N	N	N	0.5324	0.3422	0.0239	1943.9947	2020.0853	0.0000	0.0000	0.0000	0.0251	3.8075	4.3597	0.0003	29.9401	31.3107	0.0000	0.0000	0.0000	0.0003	7.1509	12.7418	0.0134	0.0154	0.0155	0.0145	8.3653	16.6069	0.0134	0.0000	0.0008	-0.3573	-0.5408	9.1310	3.6906	16.1726	1.4800	0.9378	0.9378	0.0000	0.9378	0.9378	0.0000	0.0000	0.0000	0.0000	0.9976	0.9968	0.0008	0.0003	0.0003	0.0000	0.9973	0.9965	0.0008	0.2463	0.2151	0.0312	0.0313	0.0300	0.0014	0.2150	0.1851	0.0298	0.1395	0.0782	0.0613	0.0203	0.0182	0.0021	0.1192	0.0600	0.0592	0.5324	0.3422	0.0239	1943.9947	2020.0853	0.0000	0.0000	0.0000	0.0251	7.1509	12.7418	0.0134	0.0154	0.0155	0.0145	8.3653	16.6069	0.0134
92	101	0.1235	7	0	1	0	0	0	0	0	0	N	N	N	N	N	N	N	N	N	N	N	N	0.0190	0.0089	0.1370	0.0169	0.0159	0.0000	0.0201	0.0000	0.1393	0.0023	0.0012	0.0115	0.0038	0.0038	0.0000	0.0016	0.0000	0.0120	0.1189	0.1410	0.0839	0.2230	0.2407	0.0517	0.0801	0.0741	0.0862	1.0000	0.3767	0.0000	-0.0007	9.1310	0.1361	16.1726	0.4500	0.0000	0.0000	0.0000	0.0000	0.0000	0.0000	0.0000	0.0000	0.0000	0.0027	0.0020	0.0007	0.0014	0.0014	0.0000	0.0013	0.0006	0.0007	0.0166	0.0150	0.0016	0.0050	0.0049	0.0001	0.0117	0.0101	0.0016	0.0228	0.0140	0.0089	0.0062	0.0056	0.0006	0.0166	0.0084	0.0083	0.0190	0.0089	0.1370	0.0169	0.0159	0.0000	0.0201	0.0000	0.1393	0.1189	0.1410	0.0839	0.2230	0.2407	0.0517	0.0801	0.0741	0.0862
92	102	0.1077	6	0	1	0	0	0	0	0	0	N	N	N	N	N	N	N	N	N	N	N	N	0.3762	65.3731	0.0009	20.3683	22.7508	0.0239	0.2999	251.1902	0.0009	1.5118	1.6998	0.0083	1.9438	2.0220	0.0057	1.3913	1.6004	0.0085	4.0186	0.0260	8.8640	0.0954	0.0889	0.2367	4.6388	0.0064	8.9811	0.0006	280.9034	-0.1655	0.4446	9.1310	3.5591	16.1726	4.5341	0.4351	0.4348	0.0003	0.1220	0.1220	0.0000	0.3131	0.3128	0.0003	0.9804	0.0035	0.9769	0.0032	0.0028	0.0003	0.9772	0.0006	0.9766	0.2878	0.2558	0.0320	0.0628	0.0603	0.0024	0.2250	0.1955	0.0296	0.2440	0.1337	0.1102	0.0333	0.0318	0.0015	0.2107	0.1019	0.1087	0.3762	65.3731	0.0009	20.3683	22.7508	0.0239	0.2999	251.1902	0.0009	4.0186	0.0260	8.8640	0.0954	0.0889	0.2367	4.6388	0.0064	8.9811
92	103	0.0860	5	0	1	0	0	0	0	0	0	N	N	N	N	N	N	N	N	N	N	N	N	3.6080	2.9167	2.2871	0.0039	0.0036	6.0131	19.4248	1165.9232	2.3093	2.2729	2.7272	0.6877	0.0270	0.0229	0.2512	3.0848	4.0920	0.6974	0.6300	0.9350	0.3007	6.9329	6.2766	0.0418	0.1588	0.0035	0.3020	0.0723	0.2980	-0.2285	-0.0624	9.1310	2.8937	16.1726	8.0733	0.7283	0.6792	0.0491	0.0023	0.0019	0.0004	0.7260	0.6773	0.0487	0.1990	0.1533	0.0457	0.1528	0.1528	0.0000	0.0461	0.0005	0.0456	0.3204	0.2491	0.0714	0.0851	0.0835	0.0015	0.2354	0.1655	0.0698	0.3158	0.1639	0.1519	0.0253	0.0246	0.0008	0.2905	0.1393	0.1511	3.6080	2.9167	2.2871	0.0045	0.0037	6.0131	19.4248	1165.9232	2.3093	0.6300	0.9350	0.3007	6.0290	6.2140	0.0418	0.1588	0.0035	0.3020
92	104	0.1438	5	0	2	0	0	0	0	0	0	N	Y	N	N	N	N	N	N	N	N	N	N	1.8024	10.3734	0.0000	2.4927	13.6003	0.0000	0.0000	0.0000	0.0622	0.0730	0.0000	0.1803	0.1986	0.0000	0.0000	0.0000	0.0000	0.0345	0.0070	0.1116	0.0723	0.0146	1.2205	0.0117	0.0000	0.0301	0.0000	5.6449	-0.0001	0.0009	9.1310	0.0277	16.1726	1.3445	0.0002	0.0002	0.0000	0.0002	0.0002	0.0000	0.0000	0.0000	0.0000	0.0030	0.0005	0.0026	0.0024	0.0005	0.0019	0.0006	0.0000	0.0006	0.0036	0.0031	0.0005	0.0012	0.0011	0.0001	0.0024	0.0019	0.0004	0.0877	0.0647	0.0230	0.0330	0.0312	0.0018	0.0547	0.0335	0.0213	1.8024	10.3734	0.0000	2.4927	13.6003	0.0000	0.0000	0.0000	0.0000	0.0345	0.0070	0.1116	0.0723	0.0146	1.0819	0.0117	0.0000	0.0301	
92	105	0.0971	4	0	2	0	0	0	0	0	0	N	Y	N	N	N	N	N	N	N	N	N	N	0.3261	29.4796	0.0006	16.8738	82.0948	0.0001	0.0007	0.1346	0.0006	0.5477	0.6317	0.0021	5.2412	5.4961	0.0005	0.0013	0.0012	0.0021	1.6793	0.0214	3.6666	0.3106	0.0669	7.0782	1.8776	0.0090	3.6769	0.0005	142.7443	-0.0757	0.4508	9.1310	5.1414	16.1726	16.4151	0.1989	0.1988	0.0001	0.1984	0.1984	0.0000	0.0004	0.0003	0.0001	1.0015	0.0070	0.9945	0.0234	0.0047	0.0188	0.9781	0.0023	0.9757	0.3631	0.3147	0.0485	0.0379	0.0361	0.0018	0.3253	0.2786	0.0467	0.5964	0.3252	0.2712	0.0755	0.0696	0.0059	0.5209	0.2555	0.2654	0.3261	29.4796	0.0006	16.8738	82.0948	0.0002	0.0007	0.1346	0.0006	1.6793	0.0214	3.6666	0.3106	0.0669	3.1984	1.8776	0.0090	3.6769
92	106	0.0889	3	0	1	0	0	0	0	0	0	N	N	N	N	N	N	N	N	N	N	N	N	1.4170	1.2750	1.0254	15.8587	15.6715	26.5939	0.0958	0.0001	0.8162	0.1573	0.1703	0.0824	1.8430	1.8650	1.1047	0.0105	0.0000	0.0661	0.1110	0.1336	0.0804	0.1162	0.1190	0.0415	0.1097	0.1409	0.0810	0.0842	0.4434	-0.0136	-0.0057	9.1310	3.8974	16.1726	1.6364	0.0448	0.0413	0.0035	0.0421	0.0413	0.0007	0.0028	0.0000	0.0028	0.0241	0.0167	0.0074	0.0050	0.0050	0.0001	0.0190	0.0117	0.0073	0.2850	0.2427	0.0423	0.0228	0.0222	0.0007	0.2621	0.2205	0.0416	0.2169	0.1249	0.0920	0.0434	0.0418	0.0016	0.1736	0.0831	0.0905	1.4170	1.2750	1.0254	15.8587	15.6715	26.5939	0.0958	0.0001	0.8162	0.1110	0.1336	0.0804	0.1162	0.1190	0.0415	0.1097	0.1409	0.0810
92	107	0.0678	2	0	1	0	0	0	0	0	0	N	N	N	N	N	N	N	N	N	N	N	N	0.2657	0.0700	348.6166	1.0705	1.0446	90.2245	0.2675	0.0006	353.9893	0.7105	0.3512	1.4220	0.5472	0.5421	1.2994	0.8344	0.0043	1.4230	2.6739	5.0175	0.0041	0.5111	0.5190	0.0144	3.1191	7.0915	0.0040	2.0453	0.0007	0.0333	-0.5554	9.1310	0.3701	16.1726	9.6236	0.1147	0.0377	0.0771	0.0381	0.0375	0.0006	0.0766	0.0002	0.0765	1.0242	1.0234	0.0007	0.0334	0.0334	0.0000	0.9908	0.9900	0.0007	0.1615	0.1073	0.0542	0.0697	0.0692	0.0005	0.0918	0.0381	0.0537	0.3830	0.2040	0.1790	0.0654	0.0644	0.0010	0.3176	0.1396	0.1780	0.2657	0.0700	348.6166	1.0705	1.0446	90.2245	0.2675	0.0006	353.9893	2.6739	5.0175	0.0041	0.5111	0.5190	0.0144	3.1191	7.0915	0.0040
92	109	0.1163	6	1	2	0	1	0	0	0	0	N	Y	N	N	N	N	N	N	N	N	N	N	0.0000	0.0000	0.0000	0.0000	0.0000	0.0000	0.0000	0.0000	0.0000	0.0000	0.0000	0.0000	0.0000	0.0000	0.0000	0.0000	0.0000	0.0000	0.0000	0.0000	9.1310	0.0000	16.1726	0.0000	0.0000	0.0000	0.0000	0.0000	0.0000	0.0000	0.0000	0.0000	0.0000	0.0000	0.0000	0.0000	0.0000	0.0000	0.0000	0.0000	0.0000	0.0000	0.0000	0.0000	0.0000	0.0000	0.0000	0.0000	0.0000	0.0000	0.0000	0.0000	0.0000	0.0000	0.0000	0.0000	0.0000	0.0000	0.0000	0.0000	0.0000	0.0000	0.0000	0.0000	0.0000	0.0000	0.0000	0.0000	0.0000	0.0000	0.0000	0.0000	0.0000	0.0000	0.0000	0.0000	0.0000	0.0000											
92	110	0.1013	5	1	2	0	1	0	0	0	0	N	Y	N	N	N	N	N	N	N	N	N	N	0.0000	0.0000	0.0000	0.0000	0.0000	0.0000	0.0000	0.0000	0.0000	0.0000	0.0000	0.0000	0.0000	0.0000	0.0000	4.1628	7.8929	0.0000	23.5528	23.3872	0.0000	0.0000	0.0000	0.0000	0.0000	0.0000	-0.5541	9.1310	0.0000	16.1726	7.1240	0.0000	0.0000	0.0000	0.0000	0.0000	0.0000	0.0000	0.0000	0.0000	1.0204	1.0204	0.0000	1.0204	1.0204	0.0000	0.0000	0.0000	0.0000	0.0000	0.0000	0.0000	0.0000	0.0000	0.0000	0.0000	0.0000	0.0000	0.2451	0.1293	0.1158	0.0468	0.0436	0.0031	0.1984	0.0857	0.1127	0.0000	0.0000	0.0000	0.0000	0.0000	0.0000	0.0000	0.0000	0.0000	4.1628	7.8929	0.0000	21.8272	23.3872	0.0000	0.0000	0.0000	0.0000				
92	111	0.1103	7	0	2	0	1	0	0	0	0	N	Y	N	N	N	N	N	N	N	N	N	N	0.0000	0.0000	0.0000	0.0000	0.0000	0.0000	0.0000	0.0000	0.0000	0.0000	0.0000	0.0000	0.0000	0.0000	0.0000	0.0000	0.0000	0.0014	0.0023	0.0003	0.0096	0.0109	0.0048	0.0000	0.0000	0.0000	0.1193	0.0000	-0.0001	9.1310	0.0016	16.1726	5.0076	0.0000	0.0000	0.0000	0.0000	0.0000	0.0000	0.0000	0.0000	0.0000	0.0002	0.0002	0.0000	0.0002	0.0002	0.0000	0.0000	0.0000	0.0000	0.0004	0.0003	0.0000	0.0001	0.0001	0.0000	0.0002	0.0002	0.0000	0.1349	0.0733	0.0616	0.0195	0.0154	0.0041	0.1153	0.0579	0.0574	0.0000	0.0000	0.0000	0.0000	0.0000	0.0000	0.0000	0.0000	0.0000	0.0014	0.0023	0.0003	0.0096	0.0109	0.0048	0.0000	0.0000	0.0000		
92	112	0.1034	6	0	2	0	1	0	0	0	0	N	Y	N	N	N	N	N	N	N	N	N	N	0.0000	0.0000	0.0000	0.0000	0.0000	0.0000	0.0000	0.0000	0.0000	0.0000	0.0000	0.0000	0.0000	0.0000	0.0000	0.0000	0.1445	0.2730	0.0021	0.5149	0.5421	0.0000	0.0014	0.0000	0.0022	0.0070	0.0000	-0.0112	9.1310	1.0012	16.1726	2.1373	0.0000	0.0000	0.0000	0.0000	0.0000	0.0000	0.0000	0.0000	0.0000	0.0210	0.0208	0.0001	0.0208	0.0208	0.0000	0.0001	0.0000	0.0001	0.0661	0.0575	0.0086	0.0071	0.0068	0.0003	0.0589	0.0507	0.0083	0.1450	0.0762	0.0688	0.0404	0.0384	0.0020	0.1046	0.0379	0.0668	0.0000	0.0000	0.0000	0.0000	0.0000	0.0000	0.0000	0.0000	0.0000	0.1445	0.2730	0.0021	0.5149	0.5421	0.0000	0.0014	0.0000	0.0022			
92	113	0.1118	6	0	2	0	0	0	0	0	0	N	Y	N	N	N	N	N	N	N	N	N	N	0.0011	inf	0.0000	0.0000	0.0000	0.0012	inf	0.0000	0.0068	0.0078	0.0000	0.0000	0.0000	0.0000	0.0084	0.0097	0.0000	6.3078	0.0000	13.6112	0.0020	0.0000	0.0145	7.1931	0.0000	14.1381	0.0000	inf	-0.0002	0.4572	9.1310	0.9705	16.1726	5.0371	0.0005	0.0005	0.0000	0.0000	0.0000	0.0000	0.0005	0.0005	0.0000	1.0005	0.0000	1.0005	0.0000	0.0000	0.0000	1.0004	0.0000	1.0004	0.0748	0.0657	0.0091	0.0138	0.0133	0.0005	0.0610	0.0524	0.0086	0.1586	0.0851	0.0735	0.0195	0.0168	0.0027	0.1391	0.0683	0.0708	0.0011	inf	0.0000	0.0000	0.0000	0.0000	0.0012	inf	0.0000	6.3078	0.0000	13.6112	0.0020	0.0000	0.0145	7.1931	0.0000	14.1381	
92	114	0.1034	6	0	1	1	1	0	0	0	0	N	N	N	N	N	N	N	N	N	N	N	N	0.0000	0.0000	0.0000	0.0000	0.0000	0.0000	0.0000	0.0000	0.0000	0.0000	0.0000	0.0000	0.0000	0.2242	0.4313	0.0000	0.5986	0.6116	0.0000	0.0000	0.0000	0.0000	0.0000	0.0000	-0.0113	9.1310	0.0000	16.1726	1.1303	0.0000	0.0000	0.0000	0.0000	0.0000	0.0000	0.0000	0.0000	0.0000	0.0208	0.0208	0.0000	0.0208	0.0208	0.0000	0.0000	0.0000	0.0000	0.0000	0.0000	0.0000	0.0000	0.0000	0.0000	0.0000	0.0000	0.0000	0.0928	0.0483	0.0446	0.0348	0.0340	0.0007	0.0581	0.0142	0.0438	0.0000	0.0000	0.0000	0.0000	0.0000	0.0000	0.0000	0.0000	0.0000	0.2242	0.4313	0.0000	0.5986	0.6116	0.0000	0.0000	0.0000	0.0000						
92	115	0.1013	5	0	1	0	1	0	0	0	0	N	N	N	N	N	N	N	N	N	N	N	N	0.0000	0.0000	0.0000	0.0000	0.0000	0.0000	0.0000	0.0000	0.0000	0.0000	0.0000	0.0000	0.0000	0.0000	0.0000	0.0000	0.0000	0.3800	0.3620	0.3996	0.5257	0.5320	0.1460	0.2978	0.0000	0.4027	1.0137	0.0000	-0.0014	9.1310	0.0000	16.1726	1.2340	0.0000	0.0000	0.0000	0.0000	0.0000	0.0000	0.0000	0.0000	0.0000	0.0366	0.0182	0.0184	0.0183	0.0182	0.0001	0.0183	0.0000	0.0183	0.0000	0.0000	0.0000	0.0000	0.0000	0.0000	0.0000	0.0000	0.0000	0.0963	0.0502	0.0461	0.0347	0.0342	0.0006	0.0616	0.0160	0.0456	0.0000	0.0000	0.0000	0.0000	0.0000	0.0000	0.0000	0.0000	0.0000	0.3800	0.3620	0.3996	0.5257	0.5320	0.1460	0.2978	0.0000	0.4027		
92	116	0.1088	6	0	1	1	1	0	0	0	0	N	N	N	N	N	N	N	N	N	N	N	N	0.0449	0.0291	0.0000	0.0002	0.0002	0.0000	8450.5275	inf	0.0000	0.0005	0.0005	0.0000	0.0000	0.0000	0.0000	0.0006	0.0007	0.0000	0.0102	0.0178	0.0004	0.0743	0.0848	0.0095	0.0000	0.0000	0.0000	0.0000	0.0181	-0.0000	-0.0003	9.1310	0.9725	16.1726	0.9874	0.0000	0.0000	0.0000	0.0000	0.0000	0.0000	0.0000	0.0000	0.0000	0.0006	0.0006	0.0000	0.0006	0.0006	0.0000	0.0000	0.0000	0.0000	0.0736	0.0651	0.0085	0.0165	0.0160	0.0005	0.0571	0.0491	0.0080	0.0551	0.0310	0.0241	0.0076	0.0065	0.0011	0.0476	0.0245	0.0231	0.0449	0.0291	0.0000	0.0002	0.0002	0.0000	8450.5275	inf	0.0000	0.0102	0.0178	0.0004	0.0743	0.0848	0.0095	0.0000	0.0000	0.0000
92	117	0.1088	6	0	1	1	1	0	0	0	0	N	N	N	N	N	N	N	N	N	N	N	N	0.0005	5.0248	0.0000	0.0160	0.0158	0.0000	0.0008	inf	0.0000	0.0048	0.0052	0.0000	0.0001	0.0001	0.0000	0.0082	0.0094	0.0000	9.1795	0.0010	28.7415	0.0054	0.0055	0.0047	10.4698	0.0000	28.0021	0.0000	16045.3529	-0.0000	0.4568	9.1310	0.0285	16.1726	4.0215	0.0000	0.0000	0.0000	0.0000	0.0000	0.0000	0.0000	0.0000	0.0000	0.9996	0.0001	0.9995	0.0001	0.0001	0.0000	0.9995	0.0000	0.9995	0.0070	0.0065	0.0006	0.0030	0.0029	0.0000	0.0041	0.0036	0.0005	0.1089	0.0601	0.0488	0.0134	0.0113	0.0021	0.0955	0.0488	0.0466	0.0005	5.0248	0.0000	0.0160	0.0158	0.0000	0.0008	inf	0.0000	9.1795	0.0010	20.4941	0.0054	0.0055	0.0047	10.4698	0.0000	21.4363
92	118	0.1013	5	0	1	1	1	0	0	0	0	N	N	N	N	N	N	N	N	N	N	N	N	9.0770	5.7134	0.0000	0.1442	0.1429	0.0000	219.9718	31803712.1115	0.0000	1.0033	1.1522	0.0000	0.0706	0.0736	0.0000	1.1157	1.2971	0.0000	0.1105	0.2017	0.0093	0.4895	0.5152	0.0360	0.0051	0.0000	0.0086	0.0000	0.0413	-0.0755	-0.0110	9.1310	3.0275	16.1726	2.1573	0.1983	0.1983	0.0000	0.0015	0.0015	0.0000	0.1968	0.1968	0.0000	0.0218	0.0209	0.0009	0.0210	0.0209	0.0001	0.0008	0.0000	0.0008	0.1976	0.1721	0.0255	0.0212	0.0204	0.0009	0.1764	0.1517	0.0247	0.1969	0.1037	0.0933	0.0429	0.0406	0.0023	0.1541	0.0631	0.0910	9.0770	5.7134	0.0000	0.1442	0.1429	0.0000	219.9718	31803712.1115	0.0000	0.1105	0.2017	0.0093	0.4895	0.5152	0.0360	0.0051	0.0000	0.0086
92	119	0.1425	5	1	2	0	0	0	0	0	0	N	Y	N	N	N	N	N	N	N	N	N	N	106.8893	0.9104	383.7260	172.6609	0.3030	1000082.9908	10.9827	25.7332	42.3607	0.1358	0.0005	0.8535	0.3345	0.0006	1.5851	0.0125	0.0004	0.0962	0.0013	0.0006	0.0022	0.0019	0.0021	0.0000	0.0011	0.0000	0.0023	316.2552	2.9694	0.0209	0.0000	9.1310	2.1883	16.1726	3.1271	0.0339	0.0001	0.0338	0.0320	0.0000	0.0319	0.0019	0.0001	0.0019	0.0002	0.0001	0.0002	0.0001	0.0001	0.0000	0.0002	0.0000	0.0002	0.2498	0.2102	0.0396	0.0956	0.0755	0.0202	0.1542	0.1347	0.0195	0.1613	0.0924	0.0689	0.0260	0.0246	0.0015	0.1352	0.0678	0.0675	106.8893	0.9104	383.7260	172.6609	0.3030	1000082.9908	10.9827	25.7332	42.3607	0.0013	0.0006	0.0022	0.0019	0.0021	0.0000	0.0011	0.0000	0.0023
92	120	0.0756	4	1	2	0	0	0	0	0	0	N	Y	N	N	N	N	N	N	N	N	N	N	2.2091	217.3241	2.4088	186.7345	181.0123	inf	1.6731	177.5582	2.4503	2.9884	2.3170	6.6981	6.7566	6.9238	0.0852	2.3727	1.4276	6.8497	1.3528	0.0107	2.7807	0.0362	0.0383	0.0000	1.4181	0.0080	2.7954	0.5232	245.1398	-0.1128	0.4566	9.1310	13.6104	16.1726	16.0982	3.0023	1.9710	1.0313	0.9534	0.9532	0.0003	2.0489	1.0179	1.0310	1.0080	0.0041	1.0039	0.0013	0.0013	0.0000	1.0067	0.0028	1.0039	1.0047	0.8507	0.1540	0.1411	0.1377	0.0035	0.8635	0.7130	0.1505	0.7452	0.3841	0.3610	0.0352	0.0333	0.0019	0.7099	0.3508	0.3591	2.2091	217.3241	2.4088	186.7345	181.0123	inf	1.6731	177.5582	2.4503	1.3528	0.0107	2.7807	0.0362	0.0383	0.0000	1.4181	0.0080	2.7954
92	121	0.1009	6	0	2	0	0	0	0	0	0	N	Y	N	N	N	N	N	N	N	N	N	N	22.7560	23.7929	0.1306	16.2333	16.2250	0.0000	0.1882	95.4001	0.1324	0.3281	0.4926	0.0004	0.6955	0.7119	0.0000	0.0003	0.0001	0.0004	0.0144	0.0207	0.0032	0.0428	0.0439	0.0001	0.0017	0.0000	0.0033	0.0004	0.0871	-0.0251	-0.0019	9.1310	0.3548	16.1726	4.6068	0.0658	0.0658	0.0000	0.0658	0.0658	0.0000	0.0000	0.0000	0.0000	0.0042	0.0039	0.0003	0.0039	0.0039	0.0000	0.0003	0.0000	0.0003	0.2006	0.1336	0.0671	0.0946	0.0924	0.0022	0.1060	0.0412	0.0649	0.2910	0.1864	0.1046	0.0901	0.0880	0.0021	0.2009	0.0985	0.1025	22.7560	23.7929	0.1306	16.2333	16.2250	0.0000	0.1882	95.4001	0.1324	0.0144	0.0207	0.0032	0.0428	0.0439	0.0001	0.0017	0.0000	0.0033
92	122	0.0860	5	0	2	0	0	0	0	0	0	N	Y	N	N	N	N	N	N	N	N	N	N	3.4590	12.6237	0.8740	5.8656	5.8536	1.5144	0.6269	1.0866	0.8816	0.5064	0.6027	0.2220	1.3749	1.3961	0.0943	0.0858	0.0050	0.2248	0.1464	0.0477	0.2540	0.2344	0.2385	0.0623	0.1368	0.0046	0.2550	0.1247	4.8777	-0.0335	0.0095	9.1310	1.6911	16.1726	5.7022	0.1240	0.1102	0.0137	0.1098	0.1097	0.0001	0.0141	0.0005	0.0136	0.0331	0.0056	0.0275	0.0052	0.0052	0.0000	0.0279	0.0004	0.0274	0.2448	0.1829	0.0619	0.0799	0.0786	0.0013	0.1649	0.1043	0.0606	0.2259	0.1179	0.1081	0.0223	0.0218	0.0005	0.2037	0.0961	0.1075	3.4590	12.6237	0.8740	5.8656	5.8536	1.5144	0.6269	1.0866	0.8816	0.1464	0.0477	0.2540	0.2344	0.2385	0.0623	0.1368	0.0046	0.2550
92	123	0.0756	4	0	1	0	0	0	0	0	0	N	N	N	N	N	N	N	N	N	N	N	N	0.0422	2.1198	0.0540	1.0064	0.9763	1740.0979	0.0319	1.1802	0.0540	0.2529	0.1387	0.6712	0.3417	0.3392	0.5445	0.2108	0.0022	0.6736	5.9984	0.0654	12.4254	0.3395	0.3474	0.0003	6.6121	0.0019	12.4831	1.3222	175.3543	0.0150	0.4457	9.1310	2.0929	16.1726	3.1856	0.0797	0.0343	0.0454	0.0347	0.0340	0.0007	0.0450	0.0003	0.0447	0.9875	0.0056	0.9819	0.0055	0.0055	0.0000	0.9821	0.0001	0.9819	0.3151	0.2475	0.0676	0.1015	0.1002	0.0012	0.2137	0.1473	0.0664	0.1646	0.0856	0.0790	0.0161	0.0157	0.0004	0.1485	0.0699	0.0787	0.0422	2.1198	0.0540	1.0064	0.9763	1740.0979	0.0319	1.1802	0.0540	5.9984	0.0654	12.4254	0.3395	0.3474	0.0003	6.6121	0.0019	12.4831
92	124	0.1163	7	1	2	0	0	0	0	0	0	N	Y	N	N	N	N	N	N	N	N	N	N	0.0000	0.0000	0.0000	0.0000	0.0000	0.0000	0.0000	0.0000	0.0000	0.0000	0.0000	0.0000	0.0000	0.0000	0.0000	0.0000	0.0000	0.0000	0.0000	0.0000	9.1310	0.0000	16.1726	0.0000	0.0000	0.0000	0.0000	0.0000	0.0000	0.0000	0.0000	0.0000	0.0000	0.0000	0.0000	0.0000	0.0000	0.0000	0.0000	0.0000	0.0000	0.0000	0.0000	0.0000	0.0000	0.0000	0.0000	0.0000	0.0000	0.0000	0.0000	0.0000	0.0000	0.0000	0.0000	0.0000	0.0000	0.0000	0.0000	0.0000	0.0000	0.0000	0.0000	0.0000	0.0000	0.0000	0.0000	0.0000	0.0000	0.0000	0.0000	0.0000	0.0000	0.0000	0.0000	0.0000	0.0000	0.0000											
92	125	0.1118	6	1	2	0	0	0	0	0	0	N	Y	N	N	N	N	N	N	N	N	N	N	1.4389	2.9956	0.0000	0.0000	0.0000	0.0000	2.8844	inf	0.0000	0.0251	0.0279	0.0000	0.0000	0.0000	0.0000	0.0402	0.0469	0.0000	0.0174	0.0093	0.0275	0.0351	0.0346	0.0401	0.0139	0.0000	0.0270	0.0000	2.3816	-0.0002	0.0002	9.1310	0.1434	16.1726	1.9839	0.0005	0.0005	0.0000	0.0000	0.0000	0.0000	0.0005	0.0005	0.0000	0.0011	0.0003	0.0008	0.0004	0.0003	0.0000	0.0007	0.0000	0.0007	0.0203	0.0183	0.0021	0.0077	0.0074	0.0003	0.0127	0.0109	0.0018	0.0640	0.0354	0.0286	0.0105	0.0095	0.0010	0.0535	0.0259	0.0276	1.4389	2.9956	0.0000	0.0000	0.0000	0.0000	2.8844	inf	0.0000	0.0174	0.0093	0.0275	0.0351	0.0346	0.0401	0.0139	0.0000	0.0270
92	126	0.1013	5	0	2	0	0	0	0	0	0	N	Y	N	N	N	N	N	N	N	N	N	N	10.8633	6629.1978	0.0000	0.0000	0.0000	0.0000	9.4529	59793902.1356	0.0000	8.0616	9.2593	0.0000	0.0000	0.0000	0.0000	9.0347	10.5056	0.0000	0.7421	0.0014	1.5643	0.0052	0.0034	0.0387	0.9558	0.0000	1.6019	0.0000	1008.9186	-0.3809	0.0634	9.1310	1.8882	16.1726	2.9115	0.9995	0.9995	0.0000	0.0000	0.0000	0.0000	0.9995	0.9995	0.0000	0.1390	0.0001	0.1388	0.0002	0.0001	0.0001	0.1388	0.0000	0.1388	0.1240	0.1079	0.0160	0.0134	0.0128	0.0005	0.1106	0.0951	0.0155	0.1873	0.0985	0.0888	0.0421	0.0400	0.0021	0.1452	0.0586	0.0866	10.8633	6629.1978	0.0000	0.0000	0.0000	0.0000	9.4529	59793902.1356	0.0000	0.7421	0.0014	1.5643	0.0052	0.0034	0.0387	0.9558	0.0000	1.6019
92	127	0.0756	4	0	1	0	0	0	0	0	0	N	N	N	N	N	N	N	N	N	N	N	N	0.8894	0.6507	2.1694	0.1908	0.2286	0.0022	1.1197	0.0034	2.2260	2.8783	0.4877	12.7674	1.5006	1.5189	0.2553	3.3682	0.0000	13.0159	3.2361	0.7494	5.8852	7.8647	6.6448	117.9493	3.0081	0.0005	5.8471	6.3291	7.3715	0.5654	0.3833	9.1310	3.5543	16.1726	9.0319	1.1719	0.1599	1.0120	0.1603	0.1599	0.0004	1.0116	0.0000	1.0116	1.1355	0.1356	0.9999	0.1470	0.1356	0.0114	0.9885	0.0001	0.9884	0.4071	0.3279	0.0793	0.1068	0.1053	0.0015	0.3003	0.2226	0.0777	0.3509	0.1810	0.1699	0.0223	0.0214	0.0008	0.3286	0.1596	0.1690	0.8894	0.6507	2.1694	0.2274	0.2401	0.0189	1.1197	0.0034	2.2260	3.2361	0.7494	5.8852	6.5979	6.3256	13.4740	3.0081	0.0005	5.8471
92	128	0.0720	3	0	1	0	0	0	0	0	0	N	N	N	N	N	N	N	N	N	N	N	N	41.2137	1.9928	175.8003	1.7063	1.6871	60.5151	97.4881	0.3115	177.4458	2.8445	0.1396	11.9002	0.3929	0.3927	0.4113	3.7691	0.0023	12.0552	0.0690	0.0700	0.0677	0.2303	0.2328	0.0068	0.0387	0.0074	0.0679	25.4640	0.7487	0.5435	-0.0010	9.1310	2.6246	16.1726	0.7212	0.9353	0.0353	0.8999	0.0354	0.0350	0.0004	0.8999	0.0004	0.8995	0.0087	0.0050	0.0037	0.0046	0.0046	0.0000	0.0041	0.0004	0.0037	0.3288	0.2532	0.0756	0.0900	0.0890	0.0010	0.2388	0.1641	0.0746	0.1261	0.0710	0.0550	0.0200	0.0198	0.0002	0.1061	0.0513	0.0548	41.2137	1.9928	175.8003	1.7063	1.6871	60.5151	97.4881	0.3115	177.4458	0.0690	0.0700	0.0677	0.2303	0.2328	0.0068	0.0387	0.0074	0.0679
92	129	0.0662	2	0	1	0	0	0	0	0	0	N	N	N	N	N	N	N	N	N	N	N	N	50.4201	3.8922	279.6334	3.8387	3.7950	283.5085	133.2697	0.0769	281.9224	3.1871	0.2995	13.2173	1.0812	1.0829	0.9472	3.7717	0.0005	13.3742	0.0632	0.0769	0.0473	0.2816	0.2854	0.0033	0.0283	0.0063	0.0474	12.7065	0.5290	0.6287	-0.0022	9.1310	3.3474	16.1726	1.3769	1.1516	0.0840	1.0675	0.0849	0.0839	0.0010	1.0667	0.0001	1.0666	0.0110	0.0072	0.0038	0.0067	0.0067	0.0000	0.0042	0.0004	0.0038	0.3613	0.2806	0.0808	0.0785	0.0775	0.0010	0.2828	0.2031	0.0797	0.1738	0.0934	0.0804	0.0240	0.0236	0.0003	0.1499	0.0698	0.0801	50.4201	3.8922	279.6334	3.8387	3.7950	283.5085	133.2697	0.0769	281.9224	0.0632	0.0769	0.0473	0.2816	0.2854	0.0033	0.0283	0.0063	0.0474
93	98	0.1893	16	0	2	0	0	0	0	0	0	N	Y	N	N	N	N	N	N	N	N	N	N	0.0000	0.0000	0.0000	0.0000	0.0000	0.0000	0.0000	0.0000	0.0000	0.0000	0.0000	0.0000	0.0000	0.0000	0.0000	0.0000	0.0000	0.0000	0.0006	0.0007	0.0003	0.0013	0.0015	0.0000	0.0002	0.0000	0.0004	0.2484	0.0000	-0.0000	4.0959	1.3608	8.7137	12.1483	0.0000	0.0000	0.0000	0.0000	0.0000	0.0000	0.0000	0.0000	0.0000	0.0001	0.0001	0.0000	0.0001	0.0001	0.0000	0.0000	0.0000	0.0000	0.0509	0.0449	0.0060	0.0144	0.0136	0.0008	0.0365	0.0313	0.0053	0.2361	0.1511	0.0849	0.0845	0.0762	0.0083	0.1516	0.0750	0.0766	0.0000	0.0000	0.0000	0.0000	0.0000	0.0000	0.0000	0.0000	0.0000	0.0006	0.0007	0.0003	0.0013	0.0015	0.0000	0.0002	0.0000	0.0004	
93	99	0.1856	15	0	1	0	0	0	0	0	0	N	N	N	N	N	N	N	N	N	N	N	N	0.0000	0.0000	0.0000	0.0000	0.0000	0.0000	0.0000	0.0000	0.0000	0.0000	0.0000	0.0000	0.0000	0.0000	0.0000	0.0000	0.0000	0.0000	0.0028	0.0017	0.0049	0.0029	0.0031	0.0005	0.0027	0.0001	0.0053	1.5347	0.0000	0.0000	4.0959	1.5300	8.7137	0.7696	0.0000	0.0000	0.0000	0.0000	0.0000	0.0000	0.0000	0.0000	0.0000	0.0001	0.0001	0.0001	0.0001	0.0001	0.0000	0.0001	0.0000	0.0001	0.0571	0.0496	0.0076	0.0129	0.0120	0.0009	0.0442	0.0375	0.0067	0.0487	0.0318	0.0169	0.0184	0.0169	0.0015	0.0303	0.0149	0.0154	0.0000	0.0000	0.0000	0.0000	0.0000	0.0000	0.0000	0.0000	0.0000	0.0028	0.0017	0.0049	0.0029	0.0031	0.0005	0.0027	0.0001	0.0053	
93	100	0.1768	14	0	1	0	0	0	0	0	0	N	N	N	N	N	N	N	N	N	N	N	N	0.0000	0.0000	0.0000	0.0000	0.0000	0.0000	0.0000	0.0000	0.0000	0.0000	0.0000	0.0000	0.0000	0.0000	0.0000	0.0000	0.0000	0.0000	0.0005	0.0004	0.0009	0.0010	0.0007	0.0030	0.0003	0.0000	0.0006	1.4615	0.0000	0.0000	4.0959	3.6906	8.7137	1.4800	0.0000	0.0000	0.0000	0.0000	0.0000	0.0000	0.0000	0.0000	0.0000	0.0001	0.0000	0.0000	0.0000	0.0000	0.0000	0.0000	0.0000	0.0000	0.1142	0.0994	0.0148	0.0169	0.0163	0.0007	0.0972	0.0831	0.0141	0.0941	0.0594	0.0346	0.0325	0.0289	0.0035	0.0616	0.0305	0.0311	0.0000	0.0000	0.0000	0.0000	0.0000	0.0000	0.0000	0.0000	0.0000	0.0005	0.0004	0.0009	0.0010	0.0007	0.0030	0.0003	0.0000	0.0006	
93	101	0.1768	13	0	1	0	0	0	0	0	0	N	N	N	N	N	N	N	N	N	N	N	N	0.0000	0.0000	0.0000	0.0000	0.0000	0.0000	0.0000	0.0000	0.0000	0.0000	0.0000	0.0000	0.0000	0.0000	0.0000	0.0000	0.0000	0.0028	0.0021	0.0040	0.0035	0.0039	0.0005	0.0023	0.0000	0.0045	0.9949	0.0000	-0.0000	4.0959	0.1361	8.7137	0.4500	0.0000	0.0000	0.0000	0.0000	0.0000	0.0000	0.0000	0.0000	0.0000	0.0000	0.0000	0.0000	0.0000	0.0000	0.0000	0.0000	0.0000	0.0000	0.0076	0.0069	0.0008	0.0023	0.0023	0.0000	0.0053	0.0046	0.0007	0.0145	0.0095	0.0050	0.0058	0.0052	0.0006	0.0087	0.0043	0.0044	0.0000	0.0000	0.0000	0.0000	0.0000	0.0000	0.0000	0.0000	0.0000	0.0028	0.0021	0.0040	0.0035	0.0039	0.0005	0.0023	0.0000	0.0045		
93	102	0.1609	12	0	1	0	0	0	0	0	0	N	N	N	N	N	N	N	N	N	N	N	N	0.0000	0.0000	0.0000	0.0001	0.0000	0.0014	0.0000	0.0000	0.0000	0.0000	0.0000	0.0000	0.0000	0.0000	0.0001	0.0000	0.0000	0.0000	0.0587	0.0079	0.1427	0.0192	0.0169	0.0424	0.0774	0.0000	0.1510	inf	10.8761	0.0000	0.0034	4.0959	3.5591	8.7137	4.5341	0.0000	0.0000	0.0000	0.0000	0.0000	0.0000	0.0000	0.0000	0.0000	0.0093	0.0008	0.0085	0.0010	0.0008	0.0002	0.0083	0.0000	0.0083	0.1193	0.1044	0.0149	0.0207	0.0201	0.0007	0.0986	0.0843	0.0142	0.1575	0.0981	0.0594	0.0506	0.0460	0.0046	0.1069	0.0521	0.0548	0.0000	0.0000	0.0000	0.0001	0.0000	0.0014	0.0000	0.0000	0.0000	0.0587	0.0079	0.1427	0.0192	0.0169	0.0424	0.0774	0.0000	0.1510
93	103	0.1392	11	0	1	0	0	0	0	0	0	N	N	N	N	N	N	N	N	N	N	N	N	0.0000	0.0036	0.0000	0.0335	0.0123	0.2940	0.0000	0.0000	0.0000	0.0001	0.0000	0.0004	0.0004	0.0001	0.0159	0.0000	0.0000	0.0000	4.7965	0.0058	12.7240	0.0132	0.0090	0.0542	6.9516	0.0032	13.7769	3.0813	1316.2248	0.0000	0.4547	4.0959	2.8937	8.7137	8.0733	0.0000	0.0000	0.0000	0.0000	0.0000	0.0000	0.0000	0.0000	0.0000	0.9966	0.0008	0.9958	0.0009	0.0005	0.0003	0.9957	0.0002	0.9955	0.1074	0.0938	0.0136	0.0182	0.0179	0.0004	0.0891	0.0759	0.0132	0.2078	0.1295	0.0783	0.0645	0.0585	0.0060	0.1432	0.0710	0.0723	0.0000	0.0036	0.0000	0.0335	0.0123	0.2940	0.0000	0.0000	0.0000	4.7965	0.0058	12.7240	0.0132	0.0090	0.0542	6.9516	0.0032	13.7769
93	104	0.1340	7	0	2	0	0	0	0	0	0	N	Y	N	N	N	N	N	N	N	N	N	N	1.3937	2.8597	0.0000	0.0024	0.0024	0.0000	2.2458	3952.7775	0.0000	0.0328	0.0377	0.0000	0.0001	0.0001	0.0000	0.0505	0.0622	0.0000	0.0236	0.0132	0.0570	0.0250	0.0253	0.0204	0.0225	0.0000	0.0621	0.0000	1.3449	-0.0000	0.0000	4.0959	0.0277	8.7137	1.3445	0.0000	0.0000	0.0000	0.0000	0.0000	0.0000	0.0000	0.0000	0.0000	0.0012	0.0005	0.0007	0.0005	0.0005	0.0000	0.0007	0.0000	0.0007	0.0015	0.0013	0.0002	0.0005	0.0005	0.0000	0.0010	0.0008	0.0002	0.0508	0.0388	0.0120	0.0216	0.0201	0.0015	0.0292	0.0186	0.0106	1.3937	2.8597	0.0000	0.0024	0.0024	0.0000	2.2458	3952.7775	0.0000	0.0236	0.0132	0.0570	0.0250	0.0253	0.0204	0.0225	0.0000	0.0621
93	105	0.0873	6	0	2	0	0	0	0	0	0	N	Y	N	N	N	N	N	N	N	N	N	N	0.4930	1.4928	0.0003	2.6736	2.2864	0.0035	0.2188	1300.3957	0.0002	1.0473	1.2043	0.0012	3.2487	3.3920	0.0000	0.6090	0.7146	0.0013	2.1243	0.8067	4.3887	1.2151	1.4835	0.0099	2.7832	0.0005	5.5394	0.0002	3.1654	-0.0661	0.2833	4.0959	5.1414	8.7137	16.4151	0.1737	0.1736	0.0000	0.0894	0.0894	0.0000	0.0842	0.0842	0.0000	1.3057	0.3135	0.9922	0.3138	0.3134	0.0005	0.9919	0.0001	0.9918	0.1658	0.1442	0.0216	0.0275	0.0264	0.0012	0.1383	0.1178	0.0205	0.6147	0.3886	0.2261	0.2583	0.2112	0.0471	0.3564	0.1773	0.1790	0.4930	1.4928	0.0003	2.6736	2.2864	0.0035	0.2188	1300.3957	0.0002	2.1243	0.8067	4.3887	1.2151	1.4835	0.0099	2.7832	0.0005	5.5394
93	106	0.0791	5	0	1	0	0	0	0	0	0	N	N	N	N	N	N	N	N	N	N	N	N	10.4913	15.6071	0.0001	0.2322	0.2827	0.0001	20.1664	3088.6576	0.0001	7.0136	8.0978	0.0001	0.2076	0.2162	0.0003	8.0169	9.4064	0.0001	0.6685	0.5189	0.9377	0.8937	0.7650	1.8047	0.3975	0.0030	0.7301	0.0000	1.0048	-0.3371	-0.0117	4.0959	3.8974	8.7137	1.6364	0.8846	0.8846	0.0000	0.0034	0.0034	0.0000	0.8812	0.8812	0.0000	0.2792	0.1393	0.1399	0.2038	0.1390	0.0648	0.0754	0.0003	0.0751	0.1261	0.1092	0.0169	0.0162	0.0156	0.0007	0.1099	0.0937	0.0162	0.4176	0.2684	0.1492	0.2281	0.1817	0.0464	0.1895	0.0867	0.1028	10.4913	15.6071	0.0001	0.2322	0.2827	0.0002	20.1664	3088.6576	0.0001	0.6685	0.5189	0.9377	0.8937	0.7650	1.3978	0.3975	0.0030	0.7301
93	109	0.1695	12	1	2	0	1	0	0	0	0	N	Y	N	N	N	N	N	N	N	N	N	N	0.0000	0.0000	0.0000	0.0000	0.0000	0.0000	0.0000	0.0000	0.0000	0.0000	0.0000	0.0000	0.0000	0.0000	0.0000	0.0000	0.0000	0.0000	0.0000	0.0000	4.0959	0.0000	8.7137	0.0000	0.0000	0.0000	0.0000	0.0000	0.0000	0.0000	0.0000	0.0000	0.0000	0.0000	0.0000	0.0000	0.0000	0.0000	0.0000	0.0000	0.0000	0.0000	0.0000	0.0000	0.0000	0.0000	0.0000	0.0000	0.0000	0.0000	0.0000	0.0000	0.0000	0.0000	0.0000	0.0000	0.0000	0.0000	0.0000	0.0000	0.0000	0.0000	0.0000	0.0000	0.0000	0.0000	0.0000	0.0000	0.0000	0.0000	0.0000	0.0000	0.0000	0.0000	0.0000	0.0000	0.0000	0.0000											
93	110	0.1546	11	1	2	0	1	0	0	0	0	N	Y	N	N	N	N	N	N	N	N	N	N	0.0000	0.0000	0.0000	0.0000	0.0000	0.0000	0.0000	0.0000	0.0000	0.0000	0.0000	0.0000	0.0000	0.0000	0.0000	0.0000	0.0000	0.0010	0.0001	0.0026	0.0030	0.0003	0.0243	0.0000	0.0000	0.0000	12.2879	0.0000	0.0001	4.0959	0.0000	8.7137	7.1240	0.0000	0.0000	0.0000	0.0000	0.0000	0.0000	0.0000	0.0000	0.0000	0.0001	0.0000	0.0001	0.0001	0.0000	0.0001	0.0000	0.0000	0.0000	0.0000	0.0000	0.0000	0.0000	0.0000	0.0000	0.0000	0.0000	0.0000	0.1305	0.0833	0.0473	0.0443	0.0393	0.0050	0.0862	0.0440	0.0423	0.0000	0.0000	0.0000	0.0000	0.0000	0.0000	0.0000	0.0000	0.0000	0.0010	0.0001	0.0026	0.0030	0.0003	0.0243	0.0000	0.0000	0.0000		
93	111	0.1635	13	0	2	0	1	0	0	0	0	N	Y	N	N	N	N	N	N	N	N	N	N	0.0000	0.0000	0.0000	0.0000	0.0000	0.0000	0.0000	0.0000	0.0000	0.0000	0.0000	0.0000	0.0000	0.0000	0.0000	0.0000	0.0000	0.0000	0.0000	0.0000	0.0000	0.0000	0.0000	0.0000	0.0000	0.0000	0.0000	0.6246	0.0000	-0.0000	4.0959	0.0016	8.7137	5.0076	0.0000	0.0000	0.0000	0.0000	0.0000	0.0000	0.0000	0.0000	0.0000	0.0000	0.0000	0.0000	0.0000	0.0000	0.0000	0.0000	0.0000	0.0000	0.0002	0.0001	0.0000	0.0001	0.0001	0.0000	0.0001	0.0001	0.0000	0.0897	0.0579	0.0318	0.0331	0.0285	0.0046	0.0566	0.0294	0.0273	0.0000	0.0000	0.0000	0.0000	0.0000	0.0000	0.0000	0.0000	0.0000	0.0000	0.0000	0.0000	0.0000	0.0000	0.0000	0.0000	0.0000	0.0000	
93	112	0.1567	12	0	2	0	1	0	0	0	0	N	Y	N	N	N	N	N	N	N	N	N	N	0.0000	0.0000	0.0000	0.0000	0.0000	0.0000	0.0000	0.0000	0.0000	0.0000	0.0000	0.0000	0.0000	0.0000	0.0000	0.0000	0.0000	0.0002	0.0002	0.0001	0.0005	0.0005	0.0005	0.0000	0.0000	0.0001	0.2607	0.0000	-0.0000	4.0959	1.0012	8.7137	2.1373	0.0000	0.0000	0.0000	0.0000	0.0000	0.0000	0.0000	0.0000	0.0000	0.0000	0.0000	0.0000	0.0000	0.0000	0.0000	0.0000	0.0000	0.0000	0.0303	0.0262	0.0040	0.0037	0.0035	0.0002	0.0265	0.0227	0.0039	0.0626	0.0400	0.0226	0.0229	0.0204	0.0026	0.0396	0.0197	0.0200	0.0000	0.0000	0.0000	0.0000	0.0000	0.0000	0.0000	0.0000	0.0000	0.0002	0.0002	0.0001	0.0005	0.0005	0.0005	0.0000	0.0000	0.0001		
93	113	0.1650	12	0	2	0	0	0	0	0	0	N	Y	N	N	N	N	N	N	N	N	N	N	0.0000	0.0000	0.0000	0.0000	0.0000	0.0000	0.0000	0.0000	0.0000	0.0000	0.0000	0.0000	0.0000	0.0000	0.0000	0.0000	0.0000	0.0000	0.0003	0.0004	0.0000	0.0008	0.0009	0.0001	0.0000	0.0000	0.0000	0.0222	0.0000	-0.0000	4.0959	0.9705	8.7137	5.0371	0.0000	0.0000	0.0000	0.0000	0.0000	0.0000	0.0000	0.0000	0.0000	0.0000	0.0000	0.0000	0.0000	0.0000	0.0000	0.0000	0.0000	0.0000	0.0343	0.0300	0.0043	0.0067	0.0064	0.0003	0.0276	0.0235	0.0040	0.1090	0.0704	0.0386	0.0376	0.0333	0.0043	0.0714	0.0372	0.0343	0.0000	0.0000	0.0000	0.0000	0.0000	0.0000	0.0000	0.0000	0.0000	0.0003	0.0004	0.0000	0.0008	0.0009	0.0001	0.0000	0.0000	0.0000	
93	114	0.1567	12	0	1	1	1	0	0	0	0	N	N	N	N	N	N	N	N	N	N	N	N	0.0000	0.0000	0.0000	0.0000	0.0000	0.0000	0.0000	0.0000	0.0000	0.0000	0.0000	0.0000	0.0000	0.0000	0.0000	0.0001	0.0000	0.0003	0.0001	0.0000	0.0014	0.0001	0.0000	0.0001	inf	0.0000	0.0000	4.0959	0.0000	8.7137	1.1303	0.0000	0.0000	0.0000	0.0000	0.0000	0.0000	0.0000	0.0000	0.0000	0.0000	0.0000	0.0000	0.0000	0.0000	0.0000	0.0000	0.0000	0.0000	0.0000	0.0000	0.0000	0.0000	0.0000	0.0000	0.0000	0.0000	0.0000	0.0271	0.0173	0.0098	0.0105	0.0096	0.0009	0.0166	0.0077	0.0089	0.0000	0.0000	0.0000	0.0000	0.0000	0.0000	0.0000	0.0000	0.0000	0.0001	0.0000	0.0003	0.0001	0.0000	0.0014	0.0001	0.0000	0.0001				
93	115	0.1546	11	0	1	0	1	0	0	0	0	N	N	N	N	N	N	N	N	N	N	N	N	0.0000	0.0000	0.0000	0.0000	0.0000	0.0000	0.0000	0.0000	0.0000	0.0000	0.0000	0.0000	0.0000	0.0000	0.0000	0.0000	0.0000	0.0000	0.0008	0.0012	0.0002	0.0021	0.0022	0.0013	0.0001	0.0000	0.0001	0.1031	0.0000	-0.0000	4.0959	0.0000	8.7137	1.2340	0.0000	0.0000	0.0000	0.0000	0.0000	0.0000	0.0000	0.0000	0.0000	0.0000	0.0000	0.0000	0.0000	0.0000	0.0000	0.0000	0.0000	0.0000	0.0000	0.0000	0.0000	0.0000	0.0000	0.0000	0.0000	0.0000	0.0000	0.0292	0.0187	0.0106	0.0109	0.0100	0.0009	0.0183	0.0086	0.0097	0.0000	0.0000	0.0000	0.0000	0.0000	0.0000	0.0000	0.0000	0.0000	0.0008	0.0012	0.0002	0.0021	0.0022	0.0013	0.0001	0.0000	0.0001	
93	116	0.1621	12	0	1	1	1	0	0	0	0	N	N	N	N	N	N	N	N	N	N	N	N	18991060.2623	23838130.1426	0.0000	17804.9218	17825.6461	0.0000	42275685.0471	inf	0.0000	29.8719	34.1826	0.0000	0.0515	0.0536	0.0000	36.2305	42.3512	0.0000	0.0000	0.0000	0.0000	0.0000	0.0000	0.0000	0.0000	0.0000	0.0000	0.0000	0.6813	-0.3697	-0.0000	4.0959	0.9725	8.7137	0.9874	0.9702	0.9702	0.0000	0.0003	0.0003	0.0000	0.9699	0.9699	0.0000	0.0000	0.0000	0.0000	0.0000	0.0000	0.0000	0.0000	0.0000	0.0000	0.0325	0.0284	0.0041	0.0057	0.0055	0.0002	0.0268	0.0229	0.0039	0.0366	0.0239	0.0127	0.0129	0.0114	0.0015	0.0237	0.0125	0.0112	18991060.2623	23838130.1426	0.0000	17804.9218	17825.6461	0.0000	42275685.0471	inf	0.0000	0.0000	0.0000	0.0000	0.0000	0.0000	0.0000	0.0000	0.0000	0.0000
93	117	0.1621	12	0	1	1	1	0	0	0	0	N	N	N	N	N	N	N	N	N	N	N	N	59885.4674	42797.9552	0.0000	48805.6996	44730.2106	0.0000	31352.6025	inf	0.0000	8.2522	9.1148	0.0000	19.3577	20.1773	0.0000	0.0032	0.0037	0.0000	0.0001	0.0002	0.0000	0.0004	0.0005	0.0000	0.0000	0.0000	0.0000	0.0000	0.0008	-0.0107	-0.0000	4.0959	0.0285	8.7137	4.0215	0.0280	0.0280	0.0000	0.0280	0.0280	0.0000	0.0000	0.0000	0.0000	0.0000	0.0000	0.0000	0.0000	0.0000	0.0000	0.0000	0.0000	0.0000	0.0034	0.0031	0.0003	0.0014	0.0014	0.0001	0.0019	0.0017	0.0003	0.0728	0.0470	0.0257	0.0253	0.0222	0.0031	0.0475	0.0248	0.0227	59885.4674	42797.9552	0.0000	48805.6996	44730.2106	0.0000	31352.6025	inf	0.0000	0.0001	0.0002	0.0000	0.0004	0.0005	0.0000	0.0000	0.0000	0.0000
93	118	0.1546	11	0	1	1	1	0	0	0	0	N	N	N	N	N	N	N	N	N	N	N	N	2967.1977	2754.0164	0.0000	1794.8446	1892.3960	0.0000	17207.3386	2231826.6525	0.0000	0.3831	0.4419	0.0000	0.6054	0.6339	0.0000	0.3520	0.4119	0.0000	0.0001	0.0002	0.0001	0.0003	0.0003	0.0004	0.0000	0.0000	0.0000	0.0000	0.2615	-0.0132	-0.0000	4.0959	3.0275	8.7137	2.1573	0.0347	0.0347	0.0000	0.0067	0.0067	0.0000	0.0280	0.0280	0.0000	0.0000	0.0000	0.0000	0.0000	0.0000	0.0000	0.0000	0.0000	0.0000	0.0905	0.0785	0.0120	0.0111	0.0106	0.0005	0.0794	0.0679	0.0115	0.0978	0.0624	0.0354	0.0335	0.0299	0.0037	0.0642	0.0325	0.0317	2967.1977	2754.0164	0.0000	1794.8446	1892.3960	0.0000	17207.3386	2231826.6525	0.0000	0.0001	0.0002	0.0001	0.0003	0.0003	0.0004	0.0000	0.0000	0.0000
93	119	0.1958	11	1	2	0	0	0	0	0	0	N	Y	N	N	N	N	N	N	N	N	N	N	0.0089	0.0018	0.6431	0.0158	0.0041	3.3622	0.0008	0.0000	0.0030	0.0001	0.0000	0.0006	0.0005	0.0001	0.0121	0.0000	0.0000	0.0000	0.0099	0.0150	0.0009	0.0286	0.0311	0.0036	0.0003	0.0000	0.0006	2.6368	0.0328	0.0000	-0.0005	4.0959	2.1883	8.7137	3.1271	0.0000	0.0000	0.0000	0.0000	0.0000	0.0000	0.0000	0.0000	0.0000	0.0010	0.0010	0.0000	0.0010	0.0010	0.0000	0.0000	0.0000	0.0000	0.0792	0.0702	0.0090	0.0154	0.0149	0.0004	0.0638	0.0552	0.0086	0.1030	0.0658	0.0372	0.0349	0.0317	0.0031	0.0681	0.0341	0.0341	0.0089	0.0018	0.6431	0.0158	0.0041	3.3622	0.0008	0.0000	0.0030	0.0099	0.0150	0.0009	0.0286	0.0311	0.0036	0.0003	0.0000	0.0006
93	120	0.1289	10	1	2	0	0	0	0	0	0	N	Y	N	N	N	N	N	N	N	N	N	N	125.9866	1134.9441	0.0210	3940.8941	3696.9789	132.7690	0.0000	0.0000	0.0000	0.2237	0.2567	0.0001	1.8746	1.9381	0.0030	0.0000	0.0000	0.0000	0.0018	0.0002	0.0044	0.0005	0.0005	0.0000	0.0023	0.0000	0.0047	0.0001	11.5704	-0.0365	0.0003	4.0959	13.6104	8.7137	16.0982	0.0959	0.0959	0.0000	0.0959	0.0959	0.0000	0.0000	0.0000	0.0000	0.0009	0.0001	0.0008	0.0001	0.0001	0.0000	0.0008	0.0000	0.0008	0.4286	0.3734	0.0552	0.0511	0.0495	0.0017	0.3774	0.3239	0.0535	0.4943	0.3086	0.1857	0.1442	0.1303	0.0140	0.3500	0.1783	0.1717	125.9866	1134.9441	0.0210	3940.8941	3696.9789	132.7690	0.0000	0.0000	0.0000	0.0018	0.0002	0.0044	0.0005	0.0005	0.0000	0.0023	0.0000	0.0047
93	121	0.1541	12	0	2	0	0	0	0	0	0	N	Y	N	N	N	N	N	N	N	N	N	N	0.0631	0.0502	0.0854	0.0770	0.0693	0.0000	0.0284	0.0154	0.0941	0.0006	0.0006	0.0003	0.0014	0.0015	0.0000	0.0001	0.0000	0.0003	0.0094	0.0124	0.0035	0.0187	0.0210	0.0043	0.0018	0.0002	0.0033	0.0520	0.1460	-0.0000	-0.0007	4.0959	0.3548	8.7137	4.6068	0.0000	0.0000	0.0000	0.0000	0.0000	0.0000	0.0000	0.0000	0.0000	0.0016	0.0014	0.0002	0.0015	0.0014	0.0000	0.0002	0.0000	0.0002	0.0353	0.0318	0.0034	0.0137	0.0135	0.0001	0.0216	0.0183	0.0033	0.1735	0.1143	0.0592	0.0777	0.0669	0.0108	0.0959	0.0474	0.0485	0.0631	0.0502	0.0854	0.0770	0.0693	0.0000	0.0284	0.0154	0.0941	0.0094	0.0124	0.0035	0.0187	0.0210	0.0043	0.0018	0.0002	0.0033
93	122	0.1392	11	0	2	0	0	0	0	0	0	N	Y	N	N	N	N	N	N	N	N	N	N	0.3912	0.0049	3.8359	0.0161	0.0134	1.4856	0.6689	0.0000	3.6723	0.0188	0.0003	0.1520	0.0012	0.0011	0.0085	0.0234	0.0000	0.1558	0.0479	0.0530	0.0396	0.0756	0.0825	0.0057	0.0350	0.0272	0.0424	81.1676	0.4542	0.0008	-0.0016	4.0959	1.6911	8.7137	5.7022	0.0013	0.0000	0.0013	0.0000	0.0000	0.0000	0.0013	0.0000	0.0013	0.0071	0.0049	0.0022	0.0036	0.0035	0.0000	0.0035	0.0013	0.0022	0.0717	0.0630	0.0087	0.0150	0.0148	0.0002	0.0567	0.0482	0.0085	0.1476	0.0918	0.0558	0.0471	0.0428	0.0043	0.1005	0.0490	0.0515	0.3912	0.0049	3.8359	0.0161	0.0134	1.4856	0.6689	0.0000	3.6723	0.0479	0.0530	0.0396	0.0756	0.0825	0.0057	0.0350	0.0272	0.0424
93	123	0.1289	10	0	1	0	0	0	0	0	0	N	N	N	N	N	N	N	N	N	N	N	N	0.0023	0.0018	0.0074	0.0519	0.0245	26.1714	0.0004	0.0000	0.0021	0.0001	0.0001	0.0006	0.0004	0.0002	0.0170	0.0000	0.0000	0.0002	0.0496	0.0293	0.0823	0.0074	0.0080	0.0006	0.0693	0.0486	0.0881	1.3840	1.7375	0.0000	0.0005	4.0959	2.0929	8.7137	3.1856	0.0000	0.0000	0.0000	0.0000	0.0000	0.0000	0.0000	0.0000	0.0000	0.0054	0.0020	0.0035	0.0003	0.0003	0.0000	0.0052	0.0017	0.0035	0.1037	0.0927	0.0111	0.0253	0.0250	0.0003	0.0784	0.0677	0.0108	0.1098	0.0678	0.0419	0.0349	0.0322	0.0027	0.0748	0.0356	0.0392	0.0023	0.0018	0.0074	0.0519	0.0245	26.1714	0.0004	0.0000	0.0021	0.0496	0.0293	0.0823	0.0074	0.0080	0.0006	0.0693	0.0486	0.0881
93	124	0.1696	13	1	2	0	0	0	0	0	0	N	Y	N	N	N	N	N	N	N	N	N	N	0.0000	0.0000	0.0000	0.0000	0.0000	0.0000	0.0000	0.0000	0.0000	0.0000	0.0000	0.0000	0.0000	0.0000	0.0000	0.0000	0.0000	0.0000	0.0000	0.0000	4.0959	0.0000	8.7137	0.0000	0.0000	0.0000	0.0000	0.0000	0.0000	0.0000	0.0000	0.0000	0.0000	0.0000	0.0000	0.0000	0.0000	0.0000	0.0000	0.0000	0.0000	0.0000	0.0000	0.0000	0.0000	0.0000	0.0000	0.0000	0.0000	0.0000	0.0000	0.0000	0.0000	0.0000	0.0000	0.0000	0.0000	0.0000	0.0000	0.0000	0.0000	0.0000	0.0000	0.0000	0.0000	0.0000	0.0000	0.0000	0.0000	0.0000	0.0000	0.0000	0.0000	0.0000	0.0000	0.0000	0.0000	0.0000											
93	125	0.1650	12	1	2	0	0	0	0	0	0	N	Y	N	N	N	N	N	N	N	N	N	N	0.0000	0.0000	0.0000	0.0000	0.0000	0.0000	0.0000	0.0000	0.0000	0.0000	0.0000	0.0000	0.0000	0.0000	0.0000	0.0000	0.0000	0.0000	0.0007	0.0011	0.0000	0.0020	0.0022	0.0000	0.0000	0.0000	0.0000	0.0052	0.0000	-0.0000	4.0959	0.1434	8.7137	1.9839	0.0000	0.0000	0.0000	0.0000	0.0000	0.0000	0.0000	0.0000	0.0000	0.0000	0.0000	0.0000	0.0000	0.0000	0.0000	0.0000	0.0000	0.0000	0.0093	0.0083	0.0010	0.0036	0.0034	0.0001	0.0057	0.0049	0.0008	0.0422	0.0276	0.0146	0.0151	0.0135	0.0016	0.0272	0.0141	0.0131	0.0000	0.0000	0.0000	0.0000	0.0000	0.0000	0.0000	0.0000	0.0000	0.0007	0.0011	0.0000	0.0020	0.0022	0.0000	0.0000	0.0000	0.0000	
93	126	0.1546	11	0	2	0	0	0	0	0	0	N	Y	N	N	N	N	N	N	N	N	N	N	0.0000	0.0000	0.0000	0.0000	0.0000	0.0000	0.0000	0.0000	0.0000	0.0000	0.0000	0.0000	0.0000	0.0000	0.0000	0.0000	0.0000	0.0000	0.0002	0.0003	0.0000	0.0006	0.0006	0.0000	0.0000	0.0000	0.0000	0.0021	0.0000	-0.0000	4.0959	1.8882	8.7137	2.9115	0.0000	0.0000	0.0000	0.0000	0.0000	0.0000	0.0000	0.0000	0.0000	0.0000	0.0000	0.0000	0.0000	0.0000	0.0000	0.0000	0.0000	0.0000	0.0568	0.0492	0.0076	0.0070	0.0067	0.0003	0.0498	0.0426	0.0072	0.0912	0.0582	0.0330	0.0314	0.0280	0.0034	0.0598	0.0302	0.0296	0.0000	0.0000	0.0000	0.0000	0.0000	0.0000	0.0000	0.0000	0.0000	0.0002	0.0003	0.0000	0.0006	0.0006	0.0000	0.0000	0.0000	0.0000	
93	127	0.1289	10	0	1	0	0	0	0	0	0	N	N	N	N	N	N	N	N	N	N	N	N	0.1925	0.1483	0.0000	0.3114	0.3017	0.0000	0.0004	0.0250	0.0000	0.0002	0.0002	0.0000	0.0008	0.0008	0.0000	0.0000	0.0000	0.0000	0.0008	0.0012	0.0002	0.0027	0.0028	0.0013	0.0001	0.0000	0.0001	0.0000	0.0951	-0.0000	-0.0001	4.0959	3.5543	8.7137	9.0319	0.0000	0.0000	0.0000	0.0000	0.0000	0.0000	0.0000	0.0000	0.0000	0.0002	0.0002	0.0000	0.0002	0.0002	0.0000	0.0000	0.0000	0.0000	0.1471	0.1300	0.0170	0.0287	0.0283	0.0005	0.1183	0.1018	0.0166	0.2339	0.1454	0.0885	0.0706	0.0643	0.0063	0.1633	0.0812	0.0821	0.1925	0.1483	0.0000	0.3114	0.3017	0.0000	0.0004	0.0250	0.0000	0.0008	0.0012	0.0002	0.0027	0.0028	0.0013	0.0001	0.0000	0.0001
93	128	0.1252	9	0	1	0	0	0	0	0	0	N	N	N	N	N	N	N	N	N	N	N	N	0.0156	0.0276	0.0292	0.1496	0.0747	55.2450	0.0000	0.0014	0.0000	0.0001	0.0001	0.0004	0.0005	0.0003	0.0134	0.0000	0.0000	0.0000	0.0058	0.0019	0.0122	0.0032	0.0034	0.0002	0.0073	0.0000	0.0128	0.9413	3.8298	0.0000	0.0001	4.0959	2.6246	8.7137	0.7212	0.0000	0.0000	0.0000	0.0000	0.0000	0.0000	0.0000	0.0000	0.0000	0.0005	0.0001	0.0004	0.0001	0.0001	0.0000	0.0004	0.0000	0.0004	0.1056	0.0926	0.0130	0.0196	0.0192	0.0003	0.0860	0.0734	0.0126	0.0904	0.0564	0.0340	0.0334	0.0316	0.0018	0.0570	0.0248	0.0322	0.0156	0.0276	0.0292	0.1496	0.0747	55.2450	0.0000	0.0014	0.0000	0.0058	0.0019	0.0122	0.0032	0.0034	0.0002	0.0073	0.0000	0.0128
93	129	0.1195	8	0	1	0	0	0	0	0	0	N	N	N	N	N	N	N	N	N	N	N	N	0.0006	0.0059	0.0009	0.0298	0.0143	1.9666	0.0000	0.0009	0.0000	0.0001	0.0000	0.0003	0.0005	0.0002	0.0085	0.0000	0.0000	0.0000	0.1322	0.0075	0.3606	0.0152	0.0161	0.0043	0.1879	0.0001	0.3884	1.0222	26.3468	0.0000	0.0053	4.0959	3.3474	8.7137	1.3769	0.0000	0.0000	0.0000	0.0000	0.0000	0.0000	0.0000	0.0000	0.0000	0.0127	0.0005	0.0122	0.0005	0.0005	0.0000	0.0122	0.0000	0.0122	0.1216	0.1063	0.0153	0.0208	0.0202	0.0006	0.1008	0.0861	0.0147	0.0960	0.0621	0.0339	0.0310	0.0285	0.0025	0.0650	0.0336	0.0315	0.0006	0.0059	0.0009	0.0298	0.0143	1.9666	0.0000	0.0009	0.0000	0.1322	0.0075	0.3606	0.0152	0.0161	0.0043	0.1879	0.0001	0.3884
93	130	0.1106	7	0	1	0	0	0	0	0	0	N	N	N	N	N	N	N	N	N	N	N	N	0.0000	0.2358	0.0000	0.6094	0.3959	11.0661	0.0000	0.0005	0.0000	0.0003	0.0002	0.0014	0.0009	0.0004	0.0559	0.0000	0.0000	0.0000	11.1733	0.0007	57.5599	0.0015	0.0011	0.0050	15.9894	0.0003	58.3902	1.0002	26130.7565	0.0000	0.4482	4.0959	0.4686	8.7137	4.0374	0.0000	0.0000	0.0000	0.0000	0.0000	0.0000	0.0000	0.0000	0.0000	0.9808	0.0000	0.9807	0.0000	0.0000	0.0000	0.9807	0.0000	0.9807	0.0328	0.0295	0.0033	0.0107	0.0107	0.0001	0.0221	0.0189	0.0032	0.0878	0.0547	0.0331	0.0264	0.0242	0.0022	0.0613	0.0305	0.0309	0.0000	0.2358	0.0000	0.6094	0.3959	11.0661	0.0000	0.0005	0.0000	11.1733	0.0007	29.6635	0.0015	0.0011	0.0050	15.9894	0.0003	31.7763
94	98	0.1637	15	0	2	0	0	0	0	0	0	N	Y	N	N	N	N	N	N	N	N	N	N	0.0000	0.0000	0.0000	0.0000	0.0000	0.0000	0.0000	0.0000	0.0000	0.0000	0.0000	0.0000	0.0000	0.0000	0.0000	0.0000	0.0000	0.0000	0.0162	0.0003	0.0431	0.0004	0.0004	0.0003	0.0237	0.0002	0.0465	85.5238	0.0000	0.0011	2.9443	1.3608	6.1524	12.1483	0.0000	0.0000	0.0000	0.0000	0.0000	0.0000	0.0000	0.0000	0.0000	0.0024	0.0000	0.0024	0.0000	0.0000	0.0000	0.0024	0.0000	0.0024	0.0383	0.0337	0.0046	0.0120	0.0114	0.0006	0.0263	0.0223	0.0041	0.1489	0.0935	0.0553	0.0478	0.0438	0.0040	0.1010	0.0497	0.0513	0.0000	0.0000	0.0000	0.0000	0.0000	0.0000	0.0000	0.0000	0.0000	0.0162	0.0003	0.0431	0.0004	0.0004	0.0003	0.0237	0.0002	0.0465	
94	99	0.1600	14	0	1	0	0	0	0	0	0	N	N	N	N	N	N	N	N	N	N	N	N	0.0000	0.0000	0.0000	0.0000	0.0000	0.0000	0.0000	0.0000	0.0000	0.0000	0.0000	0.0000	0.0000	0.0000	0.0000	0.0000	0.0000	0.0000	0.0777	0.1174	0.0054	0.2170	0.2323	0.0000	0.0030	0.0001	0.0058	0.0253	0.0000	-0.0013	2.9443	1.5300	6.1524	0.7696	0.0000	0.0000	0.0000	0.0000	0.0000	0.0000	0.0000	0.0000	0.0000	0.0024	0.0024	0.0001	0.0024	0.0024	0.0000	0.0001	0.0000	0.0001	0.0431	0.0373	0.0058	0.0112	0.0105	0.0007	0.0318	0.0268	0.0051	0.0313	0.0202	0.0111	0.0109	0.0102	0.0007	0.0204	0.0100	0.0104	0.0000	0.0000	0.0000	0.0000	0.0000	0.0000	0.0000	0.0000	0.0000	0.0777	0.1174	0.0054	0.2170	0.2323	0.0000	0.0030	0.0001	0.0058	
94	100	0.1511	13	0	1	0	0	0	0	0	0	N	N	N	N	N	N	N	N	N	N	N	N	0.0000	0.0000	0.0000	0.0000	0.0000	0.0000	0.0000	0.0000	0.0000	0.0000	0.0000	0.0000	0.0000	0.0000	0.0000	0.0000	0.0000	0.0012	0.0019	0.0001	0.0039	0.0043	0.0000	0.0000	0.0000	0.0001	0.0169	0.0000	-0.0000	2.9443	3.6906	6.1524	1.4800	0.0000	0.0000	0.0000	0.0000	0.0000	0.0000	0.0000	0.0000	0.0000	0.0001	0.0001	0.0000	0.0001	0.0001	0.0000	0.0000	0.0000	0.0000	0.0868	0.0754	0.0114	0.0167	0.0161	0.0006	0.0701	0.0592	0.0109	0.0594	0.0368	0.0226	0.0182	0.0165	0.0018	0.0412	0.0203	0.0209	0.0000	0.0000	0.0000	0.0000	0.0000	0.0000	0.0000	0.0000	0.0000	0.0012	0.0019	0.0001	0.0039	0.0043	0.0000	0.0000	0.0000	0.0001		
94	101	0.1511	12	0	1	0	0	0	0	0	0	N	N	N	N	N	N	N	N	N	N	N	N	0.0000	0.0000	0.0000	0.0000	0.0000	0.0000	0.0000	0.0000	0.0000	0.0000	0.0000	0.0000	0.0000	0.0000	0.0000	0.0000	0.0000	0.0000	0.0044	0.0034	0.0062	0.0058	0.0064	0.0000	0.0035	0.0001	0.0069	0.9685	0.0000	-0.0000	2.9443	0.1361	6.1524	0.4500	0.0000	0.0000	0.0000	0.0000	0.0000	0.0000	0.0000	0.0000	0.0000	0.0000	0.0000	0.0000	0.0000	0.0000	0.0000	0.0000	0.0000	0.0000	0.0057	0.0051	0.0006	0.0018	0.0018	0.0000	0.0038	0.0033	0.0006	0.0095	0.0062	0.0033	0.0036	0.0033	0.0003	0.0059	0.0029	0.0030	0.0000	0.0000	0.0000	0.0000	0.0000	0.0000	0.0000	0.0000	0.0000	0.0044	0.0034	0.0062	0.0058	0.0064	0.0000	0.0035	0.0001	0.0069	
94	102	0.1353	11	0	1	0	0	0	0	0	0	N	N	N	N	N	N	N	N	N	N	N	N	0.0000	0.0000	0.0000	0.0000	0.0000	0.0000	0.0000	0.0000	0.0000	0.0000	0.0000	0.0000	0.0000	0.0000	0.0000	0.0000	0.0000	0.0000	0.2807	0.3331	0.1981	0.7181	0.7757	0.0022	0.1111	0.0093	0.2092	0.0000	0.3770	-0.0000	-0.0075	2.9443	3.5591	6.1524	4.5341	0.0000	0.0000	0.0000	0.0000	0.0000	0.0000	0.0000	0.0000	0.0000	0.0278	0.0202	0.0076	0.0198	0.0198	0.0000	0.0079	0.0003	0.0076	0.0903	0.0788	0.0115	0.0193	0.0187	0.0006	0.0711	0.0601	0.0109	0.0989	0.0605	0.0384	0.0276	0.0256	0.0021	0.0712	0.0349	0.0363	0.0000	0.0000	0.0000	0.0000	0.0000	0.0000	0.0000	0.0000	0.0000	0.2807	0.3331	0.1981	0.7181	0.7757	0.0022	0.1111	0.0093	0.2092
94	103	0.1136	10	0	1	0	0	0	0	0	0	N	N	N	N	N	N	N	N	N	N	N	N	0.0024	0.0745	0.0000	4.6044	4.5569	0.0000	0.0000	0.0000	0.0000	0.0183	0.0210	0.0000	0.0890	0.0908	0.0000	0.0000	0.0000	0.0000	7.7062	0.2825	27.0303	0.0193	0.0199	0.0110	10.5118	0.4768	24.5489	0.0000	43.8771	-0.0006	0.4449	2.9443	2.8937	6.1524	8.0733	0.0015	0.0015	0.0000	0.0015	0.0015	0.0000	0.0000	0.0000	0.0000	1.0234	0.0228	1.0005	0.0007	0.0007	0.0000	1.0227	0.0221	1.0005	0.0810	0.0705	0.0104	0.0167	0.0163	0.0003	0.0643	0.0542	0.0101	0.1328	0.0807	0.0521	0.0355	0.0331	0.0024	0.0973	0.0476	0.0496	0.0024	0.0745	0.0000	4.6044	4.5569	0.0000	0.0000	0.0000	0.0000	7.7062	0.2825	19.2159	0.0193	0.0199	0.0110	10.5118	0.4648	20.1527
94	104	0.1083	6	0	2	0	0	0	0	0	0	N	Y	N	N	N	N	N	N	N	N	N	N	0.0047	0.0048	0.0024	0.0000	0.0000	0.0000	0.0301	0.2432	0.0034	0.0001	0.0001	0.0000	0.0000	0.0000	0.0000	0.0002	0.0002	0.0000	0.0233	0.0246	0.0192	0.0505	0.0494	0.0731	0.0058	0.0008	0.0145	0.0581	0.2467	-0.0000	-0.0003	2.9443	0.0277	6.1524	1.3445	0.0000	0.0000	0.0000	0.0000	0.0000	0.0000	0.0000	0.0000	0.0000	0.0008	0.0006	0.0002	0.0007	0.0006	0.0000	0.0001	0.0000	0.0001	0.0011	0.0010	0.0001	0.0004	0.0004	0.0000	0.0007	0.0006	0.0001	0.0330	0.0251	0.0079	0.0129	0.0123	0.0006	0.0201	0.0128	0.0073	0.0047	0.0048	0.0024	0.0000	0.0000	0.0000	0.0301	0.2432	0.0034	0.0233	0.0246	0.0192	0.0505	0.0494	0.0731	0.0058	0.0008	0.0145
94	105	0.0617	5	0	2	0	0	0	0	0	0	N	Y	N	N	N	N	N	N	N	N	N	N	0.7017	0.4850	2.6912	0.2831	0.2954	0.0012	23.6211	151.3577	2.7797	1.2356	1.4068	0.1769	2.6997	2.7853	0.0000	0.8462	0.9797	0.1855	1.7608	2.9008	0.0657	9.5365	9.4281	0.0216	0.0358	0.0065	0.0667	0.0203	0.0152	-0.0570	-0.2163	2.9443	5.1414	6.1524	16.4151	0.1579	0.1547	0.0031	0.0725	0.0725	0.0000	0.0854	0.0823	0.0031	0.4097	0.4035	0.0062	0.4029	0.4029	0.0000	0.0067	0.0006	0.0061	0.1278	0.1100	0.0178	0.0268	0.0260	0.0008	0.1009	0.0840	0.0170	0.2327	0.1391	0.0936	0.0448	0.0427	0.0021	0.1879	0.0964	0.0915	0.7017	0.4850	2.6912	0.3002	0.2954	0.0012	23.6211	151.3577	2.7797	1.7608	2.9008	0.0657	8.9932	9.4281	0.0216	0.0358	0.0065	0.0667
94	106	0.0534	4	0	1	0	0	0	0	0	0	N	N	N	N	N	N	N	N	N	N	N	N	0.0154	0.0143	0.0150	0.0236	0.0267	0.0000	0.0118	0.0139	0.0153	0.0590	0.0608	0.0476	0.1935	0.1998	0.0000	0.0314	0.0280	0.0496	3.8355	4.2480	3.1824	8.1816	7.4919	0.4032	2.6583	2.0207	3.2399	0.1235	0.4731	-0.0015	-0.0790	2.9443	3.8974	6.1524	1.6364	0.0056	0.0050	0.0006	0.0031	0.0031	0.0000	0.0025	0.0019	0.0006	0.3561	0.2417	0.1144	0.1771	0.1768	0.0002	0.1790	0.0649	0.1141	0.0955	0.0825	0.0130	0.0163	0.0158	0.0005	0.0793	0.0668	0.0125	0.0928	0.0569	0.0359	0.0255	0.0248	0.0007	0.0673	0.0321	0.0352	0.0154	0.0143	0.0150	0.0279	0.0280	0.0000	0.0118	0.0139	0.0153	3.8355	4.2480	3.1824	6.9458	7.1354	0.3313	2.6583	2.0207	3.2399
94	109	0.1439	11	1	2	0	1	0	0	0	0	N	Y	N	N	N	N	N	N	N	N	N	N	0.0000	0.0000	0.0000	0.0000	0.0000	0.0000	0.0000	0.0000	0.0000	0.0000	0.0000	0.0000	0.0000	0.0000	0.0000	0.0000	0.0000	0.0000	0.0000	0.0000	2.9443	0.0000	6.1524	0.0000	0.0000	0.0000	0.0000	0.0000	0.0000	0.0000	0.0000	0.0000	0.0000	0.0000	0.0000	0.0000	0.0000	0.0000	0.0000	0.0000	0.0000	0.0000	0.0000	0.0000	0.0000	0.0000	0.0000	0.0000	0.0000	0.0000	0.0000	0.0000	0.0000	0.0000	0.0000	0.0000	0.0000	0.0000	0.0000	0.0000	0.0000	0.0000	0.0000	0.0000	0.0000	0.0000	0.0000	0.0000	0.0000	0.0000	0.0000	0.0000	0.0000	0.0000	0.0000	0.0000	0.0000	0.0000											
94	110	0.1289	10	1	2	0	1	0	0	0	0	N	Y	N	N	N	N	N	N	N	N	N	N	0.0000	0.0000	0.0000	0.0000	0.0000	0.0000	0.0000	0.0000	0.0000	0.0000	0.0000	0.0000	0.0000	0.0000	0.0000	0.0000	0.0017	0.0025	0.0003	0.0052	0.0058	0.0000	0.0002	0.0000	0.0003	0.0752	0.0000	-0.0001	2.9443	0.0000	6.1524	7.1240	0.0000	0.0000	0.0000	0.0000	0.0000	0.0000	0.0000	0.0000	0.0000	0.0001	0.0001	0.0000	0.0001	0.0001	0.0000	0.0000	0.0000	0.0000	0.0000	0.0000	0.0000	0.0000	0.0000	0.0000	0.0000	0.0000	0.0000	0.0839	0.0523	0.0317	0.0254	0.0229	0.0025	0.0586	0.0294	0.0292	0.0000	0.0000	0.0000	0.0000	0.0000	0.0000	0.0000	0.0000	0.0000	0.0017	0.0025	0.0003	0.0052	0.0058	0.0000	0.0002	0.0000	0.0003			
94	111	0.1379	12	0	2	0	1	0	0	0	0	N	Y	N	N	N	N	N	N	N	N	N	N	0.0000	0.0000	0.0000	0.0000	0.0000	0.0000	0.0000	0.0000	0.0000	0.0000	0.0000	0.0000	0.0000	0.0000	0.0000	0.0000	0.0000	0.0000	0.0000	0.0000	0.0000	0.0000	0.0000	0.0000	0.0000	0.0000	0.0355	0.0000	-0.0000	2.9443	0.0016	6.1524	5.0076	0.0000	0.0000	0.0000	0.0000	0.0000	0.0000	0.0000	0.0000	0.0000	0.0000	0.0000	0.0000	0.0000	0.0000	0.0000	0.0000	0.0000	0.0000	0.0001	0.0001	0.0000	0.0000	0.0000	0.0000	0.0001	0.0001	0.0000	0.0575	0.0362	0.0212	0.0192	0.0167	0.0025	0.0383	0.0195	0.0187	0.0000	0.0000	0.0000	0.0000	0.0000	0.0000	0.0000	0.0000	0.0000	0.0000	0.0000	0.0000	0.0000	0.0000	0.0000	0.0000	0.0000	0.0000		
94	112	0.1310	11	0	2	0	1	0	0	0	0	N	Y	N	N	N	N	N	N	N	N	N	N	0.0000	0.0000	0.0000	0.0000	0.0000	0.0000	0.0000	0.0000	0.0000	0.0000	0.0000	0.0000	0.0000	0.0000	0.0000	0.0000	0.0000	0.0000	0.0003	0.0005	0.0000	0.0002	0.0002	0.0000	0.0004	0.0008	0.0000	0.0014	0.0000	-0.0000	2.9443	1.0012	6.1524	2.1373	0.0000	0.0000	0.0000	0.0000	0.0000	0.0000	0.0000	0.0000	0.0000	0.0000	0.0000	0.0000	0.0000	0.0000	0.0000	0.0000	0.0000	0.0000	0.0230	0.0199	0.0031	0.0039	0.0038	0.0001	0.0191	0.0161	0.0030	0.0406	0.0254	0.0152	0.0136	0.0123	0.0014	0.0270	0.0131	0.0138	0.0000	0.0000	0.0000	0.0000	0.0000	0.0000	0.0000	0.0000	0.0000	0.0003	0.0005	0.0000	0.0002	0.0002	0.0000	0.0004	0.0008	0.0000	
94	113	0.1394	11	0	2	0	0	0	0	0	0	N	Y	N	N	N	N	N	N	N	N	N	N	0.0000	0.0000	0.0000	0.0000	0.0000	0.0000	0.0000	0.0000	0.0000	0.0000	0.0000	0.0000	0.0000	0.0000	0.0000	0.0000	0.0000	0.0000	0.0004	0.0000	0.0012	0.0001	0.0000	0.0003	0.0006	0.0000	0.0013	41.9133	0.0000	0.0000	2.9443	0.9705	6.1524	5.0371	0.0000	0.0000	0.0000	0.0000	0.0000	0.0000	0.0000	0.0000	0.0000	0.0000	0.0000	0.0000	0.0000	0.0000	0.0000	0.0000	0.0000	0.0000	0.0259	0.0226	0.0033	0.0060	0.0058	0.0002	0.0199	0.0168	0.0031	0.0700	0.0442	0.0258	0.0215	0.0194	0.0022	0.0484	0.0248	0.0236	0.0000	0.0000	0.0000	0.0000	0.0000	0.0000	0.0000	0.0000	0.0000	0.0004	0.0000	0.0012	0.0001	0.0000	0.0003	0.0006	0.0000	0.0013	
94	114	0.1310	11	0	1	1	1	0	0	0	0	N	N	N	N	N	N	N	N	N	N	N	N	0.0000	0.0000	0.0000	0.0000	0.0000	0.0000	0.0000	0.0000	0.0000	0.0000	0.0000	0.0000	0.0000	0.0001	0.0002	0.0000	0.0004	0.0004	0.0000	0.0000	0.0000	0.0000	0.0000	0.0000	-0.0000	2.9443	0.0000	6.1524	1.1303	0.0000	0.0000	0.0000	0.0000	0.0000	0.0000	0.0000	0.0000	0.0000	0.0000	0.0000	0.0000	0.0000	0.0000	0.0000	0.0000	0.0000	0.0000	0.0000	0.0000	0.0000	0.0000	0.0000	0.0000	0.0000	0.0000	0.0000	0.0179	0.0112	0.0067	0.0065	0.0060	0.0005	0.0114	0.0052	0.0062	0.0000	0.0000	0.0000	0.0000	0.0000	0.0000	0.0000	0.0000	0.0000	0.0001	0.0002	0.0000	0.0004	0.0004	0.0000	0.0000	0.0000	0.0000						
94	115	0.1289	10	0	1	0	1	0	0	0	0	N	N	N	N	N	N	N	N	N	N	N	N	0.0000	0.0000	0.0000	0.0000	0.0000	0.0000	0.0000	0.0000	0.0000	0.0000	0.0000	0.0000	0.0000	0.0000	0.0000	0.0000	0.0000	0.0013	0.0019	0.0002	0.0003	0.0004	0.0000	0.0018	0.0036	0.0002	0.0482	0.0000	-0.0000	2.9443	0.0000	6.1524	1.2340	0.0000	0.0000	0.0000	0.0000	0.0000	0.0000	0.0000	0.0000	0.0000	0.0000	0.0000	0.0000	0.0000	0.0000	0.0000	0.0000	0.0000	0.0000	0.0000	0.0000	0.0000	0.0000	0.0000	0.0000	0.0000	0.0000	0.0000	0.0193	0.0121	0.0072	0.0067	0.0063	0.0004	0.0126	0.0058	0.0068	0.0000	0.0000	0.0000	0.0000	0.0000	0.0000	0.0000	0.0000	0.0000	0.0013	0.0019	0.0002	0.0003	0.0004	0.0000	0.0018	0.0036	0.0002		
94	116	0.1364	11	0	1	1	1	0	0	0	0	N	N	N	N	N	N	N	N	N	N	N	N	37922.5272	59147.3606	17659.7416	11454.2347	10931.6407	inf	53843.0085	inf	18056.5142	0.0928	0.0961	0.0691	0.0376	0.0398	0.0000	0.1106	0.1163	0.0774	0.0000	0.0000	0.0000	0.0000	0.0000	0.0000	0.0000	0.0000	0.0000	0.1026	1.3469	-0.0007	0.0000	2.9443	0.9725	6.1524	0.9874	0.0023	0.0021	0.0002	0.0002	0.0002	0.0000	0.0021	0.0019	0.0002	0.0000	0.0000	0.0000	0.0000	0.0000	0.0000	0.0000	0.0000	0.0000	0.0248	0.0217	0.0031	0.0061	0.0057	0.0003	0.0187	0.0160	0.0028	0.0235	0.0151	0.0084	0.0075	0.0067	0.0008	0.0160	0.0083	0.0077	37922.5272	59147.3606	17659.7416	11454.2347	10931.6407	inf	53843.0085	inf	18056.5142	0.0000	0.0000	0.0000	0.0000	0.0000	0.0000	0.0000	0.0000	0.0000
94	117	0.1364	11	0	1	1	1	0	0	0	0	N	N	N	N	N	N	N	N	N	N	N	N	531.4193	157766.5123	0.0000	156121.9930	147566.2978	0.9355	inf	0.0000	0.1145	0.1265	0.0000	0.2554	0.2692	0.0000	0.0003	0.0003	0.0000	0.0002	0.0000	0.0006	0.0000	0.0000	0.0000	0.0003	0.0000	0.0006	0.0000	422.6793	-0.0001	0.0000	2.9443	0.0285	6.1524	4.0215	0.0003	0.0003	0.0000	0.0003	0.0003	0.0000	0.0000	0.0000	0.0000	0.0000	0.0000	0.0000	0.0000	0.0000	0.0000	0.0000	0.0000	0.0000	0.0025	0.0023	0.0002	0.0011	0.0011	0.0001	0.0014	0.0012	0.0002	0.0466	0.0296	0.0171	0.0145	0.0130	0.0016	0.0321	0.0166	0.0155	531.4193	157766.5123	0.0000	156121.9930	147566.2978	0.0000	0.9355	inf	0.0000	0.0002	0.0000	0.0006	0.0000	0.0000	0.0000	0.0003	0.0000	0.0006	
94	118	0.1289	10	0	1	1	1	0	0	0	0	N	N	N	N	N	N	N	N	N	N	N	N	56932.1619	194862.6571	1.5730	495897.1374	466495.9603	111.1804	18837.6378	1.5225	11.4143	13.2004	0.0007	67.2623	69.8445	0.0000	0.0255	0.0301	0.0007	0.0002	0.0001	0.0004	0.0001	0.0001	0.0000	0.0002	0.0000	0.0005	0.0000	3.7487	-0.2998	0.0000	2.9443	3.0275	6.1524	2.1573	0.7867	0.7867	0.0000	0.7852	0.7852	0.0000	0.0015	0.0015	0.0000	0.0000	0.0000	0.0000	0.0000	0.0000	0.0000	0.0000	0.0000	0.0000	0.0689	0.0596	0.0093	0.0117	0.0112	0.0004	0.0572	0.0484	0.0089	0.0630	0.0393	0.0238	0.0194	0.0175	0.0018	0.0437	0.0217	0.0219	56932.1619	194862.6571	1.5730	495897.1374	466495.9603	0.0000	111.1804	18837.6378	1.5225	0.0002	0.0001	0.0004	0.0001	0.0001	0.0000	0.0002	0.0000	0.0005	
94	119	0.1702	10	1	2	0	0	0	0	0	0	N	Y	N	N	N	N	N	N	N	N	N	N	0.1671	0.1901	0.0935	0.2701	0.2636	0.0000	0.0276	0.8576	0.1004	0.0004	0.0004	0.0002	0.0012	0.0012	0.0000	0.0000	0.0000	0.0003	0.0023	0.0021	0.0026	0.0044	0.0047	0.0008	0.0014	0.0000	0.0027	0.0738	0.7587	-0.0000	-0.0000	2.9443	2.1883	6.1524	3.1271	0.0000	0.0000	0.0000	0.0000	0.0000	0.0000	0.0000	0.0000	0.0000	0.0001	0.0001	0.0001	0.0001	0.0001	0.0000	0.0001	0.0000	0.0001	0.0635	0.0566	0.0069	0.0188	0.0181	0.0007	0.0447	0.0385	0.0061	0.0640	0.0397	0.0244	0.0190	0.0176	0.0014	0.0450	0.0221	0.0229	0.1671	0.1901	0.0935	0.2701	0.2636	0.0000	0.0276	0.8576	0.1004	0.0023	0.0021	0.0026	0.0044	0.0047	0.0008	0.0014	0.0000	0.0027
94	120	0.1032	9	1	2	0	0	0	0	0	0	N	Y	N	N	N	N	N	N	N	N	N	N	1545.5178	1066.1832	5349.6692	2422.8172	2305.0732	2.4318	1083.4771	33.1654	5282.1983	2.8940	3.0403	1.9240	16.3459	16.8266	0.0000	0.3060	0.0063	1.9942	0.0019	0.0029	0.0004	0.0067	0.0073	0.0000	0.0003	0.0002	0.0004	0.0955	0.0816	-0.2767	-0.0003	2.9443	13.6104	6.1524	16.0982	0.9414	0.8593	0.0820	0.8579	0.8579	0.0000	0.0835	0.0014	0.0820	0.0006	0.0005	0.0000	0.0005	0.0005	0.0000	0.0001	0.0000	0.0000	0.3253	0.2826	0.0426	0.0525	0.0510	0.0015	0.2728	0.2317	0.0411	0.3150	0.1913	0.1238	0.0775	0.0716	0.0059	0.2375	0.1196	0.1179	1545.5178	1066.1832	5349.6692	2422.8172	2305.0732	2.4318	1083.4771	33.1654	5282.1983	0.0019	0.0029	0.0004	0.0067	0.0073	0.0000	0.0003	0.0002	0.0004
94	121	0.1285	11	0	2	0	0	0	0	0	0	N	Y	N	N	N	N	N	N	N	N	N	N	1.4750	0.0260	10.4739	0.0008	0.0015	0.0000	9.9707	0.0801	247.8539	0.0304	0.0004	0.3036	0.0000	0.0000	0.0000	0.0506	0.0007	0.3176	0.0206	0.0161	0.0290	0.0406	0.0213	0.1630	0.0051	0.0090	0.0013	79.2313	0.9569	0.0005	-0.0001	2.9443	0.3548	6.1524	4.6068	0.0008	0.0000	0.0008	0.0000	0.0000	0.0000	0.0008	0.0000	0.0008	0.0024	0.0012	0.0012	0.0021	0.0009	0.0011	0.0003	0.0003	0.0000	0.0260	0.0234	0.0026	0.0104	0.0103	0.0001	0.0156	0.0131	0.0025	0.1179	0.0769	0.0410	0.0515	0.0445	0.0070	0.0664	0.0325	0.0340	1.4750	0.0260	10.4739	0.0008	0.0015	0.0000	9.9707	0.0801	247.8539	0.0206	0.0161	0.0290	0.0406	0.0213	0.1630	0.0051	0.0090	0.0013
94	122	0.1136	10	0	2	0	0	0	0	0	0	N	Y	N	N	N	N	N	N	N	N	N	N	58.5907	0.0008	23261.4722	0.0009	0.0009	0.0028	72.6546	0.0007	26506.6524	18.5079	0.0004	149.3073	0.0002	0.0002	0.0001	24.3578	0.0005	153.9817	0.3159	0.5159	0.0064	0.2654	0.2824	0.0192	0.3353	0.7263	0.0058	51323.6607	0.0080	0.6167	-0.0160	2.9443	1.6911	6.1524	5.7022	0.9964	0.0000	0.9964	0.0000	0.0000	0.0000	0.9964	0.0000	0.9964	0.0299	0.0297	0.0002	0.0070	0.0069	0.0000	0.0229	0.0227	0.0002	0.0538	0.0472	0.0067	0.0129	0.0127	0.0002	0.0409	0.0344	0.0065	0.0946	0.0575	0.0372	0.0263	0.0246	0.0017	0.0684	0.0329	0.0355	58.5907	0.0008	23261.4722	0.0009	0.0009	0.0028	72.6546	0.0007	26506.6524	0.3159	0.5159	0.0064	0.2654	0.2824	0.0192	0.3353	0.6902	0.0058
94	123	0.1032	9	0	1	0	0	0	0	0	0	N	N	N	N	N	N	N	N	N	N	N	N	0.0014	0.0000	0.8731	0.0162	0.0154	0.0000	0.0014	0.0000	0.8636	0.0192	0.0001	0.1752	0.0002	0.0002	0.0000	0.0262	0.0001	0.1805	13.8167	22.7958	0.2006	0.0143	0.0152	0.0001	19.2258	40.7403	0.2091	152.2018	0.0058	0.0009	-0.5275	2.9443	2.0929	6.1524	3.1856	0.0015	0.0000	0.0015	0.0000	0.0000	0.0000	0.0015	0.0000	0.0015	0.9819	0.9762	0.0057	0.0003	0.0003	0.0000	0.9816	0.9760	0.0057	0.0775	0.0690	0.0084	0.0208	0.0206	0.0003	0.0566	0.0484	0.0082	0.0711	0.0428	0.0282	0.0200	0.0189	0.0011	0.0511	0.0240	0.0271	0.0014	0.0000	0.8731	0.0162	0.0154	0.0000	0.0014	0.0000	0.8636	13.8167	22.7958	0.2006	0.0143	0.0152	0.0001	19.2258	40.7403	0.2091
94	124	0.1439	12	1	2	0	0	0	0	0	0	N	Y	N	N	N	N	N	N	N	N	N	N	0.0000	0.0000	0.0000	0.0000	0.0000	0.0000	0.0000	0.0000	0.0000	0.0000	0.0000	0.0000	0.0000	0.0000	0.0000	0.0000	0.0000	0.0000	0.0000	0.0000	2.9443	0.0000	6.1524	0.0000	0.0000	0.0000	0.0000	0.0000	0.0000	0.0000	0.0000	0.0000	0.0000	0.0000	0.0000	0.0000	0.0000	0.0000	0.0000	0.0000	0.0000	0.0000	0.0000	0.0000	0.0000	0.0000	0.0000	0.0000	0.0000	0.0000	0.0000	0.0000	0.0000	0.0000	0.0000	0.0000	0.0000	0.0000	0.0000	0.0000	0.0000	0.0000	0.0000	0.0000	0.0000	0.0000	0.0000	0.0000	0.0000	0.0000	0.0000	0.0000	0.0000	0.0000	0.0000	0.0000	0.0000	0.0000											
94	125	0.1394	11	1	2	0	0	0	0	0	0	N	Y	N	N	N	N	N	N	N	N	N	N	0.0000	0.0000	0.0000	0.0000	0.0000	0.0000	0.0000	0.0000	0.0000	0.0000	0.0000	0.0000	0.0000	0.0000	0.0000	0.0000	0.0000	0.0000	0.0029	0.0040	0.0010	0.0056	0.0061	0.0000	0.0016	0.0021	0.0011	0.1412	0.0000	-0.0000	2.9443	0.1434	6.1524	1.9839	0.0000	0.0000	0.0000	0.0000	0.0000	0.0000	0.0000	0.0000	0.0000	0.0001	0.0001	0.0000	0.0000	0.0000	0.0000	0.0000	0.0000	0.0000	0.0069	0.0062	0.0007	0.0028	0.0027	0.0001	0.0041	0.0035	0.0006	0.0273	0.0175	0.0098	0.0089	0.0081	0.0008	0.0185	0.0095	0.0090	0.0000	0.0000	0.0000	0.0000	0.0000	0.0000	0.0000	0.0000	0.0000	0.0029	0.0040	0.0010	0.0056	0.0061	0.0000	0.0016	0.0021	0.0011	
94	126	0.1289	10	0	2	0	0	0	0	0	0	N	Y	N	N	N	N	N	N	N	N	N	N	0.0000	0.0000	0.0000	0.0000	0.0000	0.0000	0.0000	0.0000	0.0000	0.0000	0.0000	0.0000	0.0000	0.0000	0.0000	0.0000	0.0000	0.0000	0.0003	0.0003	0.0004	0.0000	0.0000	0.0000	0.0004	0.0004	0.0004	0.9390	0.0000	-0.0000	2.9443	1.8882	6.1524	2.9115	0.0000	0.0000	0.0000	0.0000	0.0000	0.0000	0.0000	0.0000	0.0000	0.0000	0.0000	0.0000	0.0000	0.0000	0.0000	0.0000	0.0000	0.0000	0.0432	0.0374	0.0059	0.0073	0.0071	0.0003	0.0359	0.0303	0.0056	0.0588	0.0367	0.0222	0.0182	0.0165	0.0017	0.0407	0.0202	0.0205	0.0000	0.0000	0.0000	0.0000	0.0000	0.0000	0.0000	0.0000	0.0000	0.0003	0.0003	0.0004	0.0000	0.0000	0.0000	0.0004	0.0004	0.0004	
94	127	0.1032	9	0	1	0	0	0	0	0	0	N	N	N	N	N	N	N	N	N	N	N	N	0.0470	0.0341	0.0000	0.0000	0.0000	0.0000	0.1753	0.1285	0.0000	0.0002	0.0002	0.0000	0.0000	0.0000	0.0000	0.0003	0.0003	0.0000	0.0046	0.0072	0.0006	0.0132	0.0142	0.0000	0.0016	0.0026	0.0007	0.0000	0.0581	-0.0000	-0.0003	2.9443	3.5543	6.1524	9.0319	0.0000	0.0000	0.0000	0.0000	0.0000	0.0000	0.0000	0.0000	0.0000	0.0007	0.0007	0.0000	0.0005	0.0005	0.0000	0.0002	0.0001	0.0000	0.1105	0.0974	0.0131	0.0251	0.0246	0.0004	0.0854	0.0728	0.0126	0.1498	0.0907	0.0591	0.0389	0.0362	0.0026	0.1110	0.0545	0.0565	0.0470	0.0341	0.0000	0.0000	0.0000	0.0000	0.1753	0.1285	0.0000	0.0046	0.0072	0.0006	0.0132	0.0142	0.0000	0.0016	0.0026	0.0007
94	128	0.0996	8	0	1	0	0	0	0	0	0	N	N	N	N	N	N	N	N	N	N	N	N	0.0047	0.0041	0.0000	0.0057	0.0056	0.0000	0.0056	0.0060	0.0000	0.0001	0.0001	0.0000	0.0003	0.0003	0.0000	0.0001	0.0001	0.0000	0.0254	0.0335	0.0126	0.0469	0.0485	0.0043	0.0140	0.0156	0.0129	0.0003	0.2384	-0.0000	-0.0005	2.9443	2.6246	6.1524	0.7212	0.0000	0.0000	0.0000	0.0000	0.0000	0.0000	0.0000	0.0000	0.0000	0.0015	0.0012	0.0003	0.0010	0.0010	0.0000	0.0006	0.0003	0.0003	0.0794	0.0695	0.0099	0.0173	0.0170	0.0003	0.0620	0.0524	0.0096	0.0602	0.0368	0.0233	0.0209	0.0201	0.0007	0.0393	0.0167	0.0226	0.0047	0.0041	0.0000	0.0057	0.0056	0.0000	0.0056	0.0060	0.0000	0.0254	0.0335	0.0126	0.0469	0.0485	0.0043	0.0140	0.0156	0.0129
94	129	0.0938	7	0	1	0	0	0	0	0	0	N	N	N	N	N	N	N	N	N	N	N	N	0.0039	0.0076	0.0000	0.0077	0.0074	0.0158	0.0027	0.0553	0.0000	0.0001	0.0001	0.0000	0.0003	0.0003	0.0000	0.0001	0.0001	0.0000	0.0262	0.0155	0.0447	0.0330	0.0350	0.0002	0.0235	0.0014	0.0468	0.0009	1.6534	-0.0000	0.0001	2.9443	3.3474	6.1524	1.3769	0.0000	0.0000	0.0000	0.0000	0.0000	0.0000	0.0000	0.0000	0.0000	0.0016	0.0006	0.0010	0.0006	0.0006	0.0000	0.0010	0.0000	0.0010	0.0918	0.0800	0.0117	0.0190	0.0185	0.0005	0.0727	0.0615	0.0113	0.0615	0.0391	0.0225	0.0175	0.0164	0.0010	0.0441	0.0226	0.0214	0.0039	0.0076	0.0000	0.0077	0.0074	0.0158	0.0027	0.0553	0.0000	0.0262	0.0155	0.0447	0.0330	0.0350	0.0002	0.0235	0.0014	0.0468
94	130	0.0850	6	0	1	0	0	0	0	0	0	N	N	N	N	N	N	N	N	N	N	N	N	0.0027	0.0234	0.0001	0.0137	0.0129	inf	0.0016	0.3166	0.0000	0.0004	0.0004	0.0000	0.0006	0.0006	0.0001	0.0003	0.0003	0.0000	0.1469	0.0186	0.3457	0.0422	0.0449	0.0000	0.1835	0.0011	0.3599	0.0048	11.9770	-0.0000	0.0031	2.9443	0.4686	6.1524	4.0374	0.0000	0.0000	0.0000	0.0000	0.0000	0.0000	0.0000	0.0000	0.0000	0.0083	0.0006	0.0076	0.0006	0.0006	0.0000	0.0076	0.0000	0.0076	0.0243	0.0218	0.0025	0.0083	0.0083	0.0001	0.0160	0.0135	0.0024	0.0562	0.0342	0.0220	0.0145	0.0137	0.0009	0.0417	0.0205	0.0212	0.0027	0.0234	0.0001	0.0137	0.0129	inf	0.0016	0.3166	0.0000	0.1469	0.0186	0.3457	0.0422	0.0449	0.0000	0.1835	0.0011	0.3599
95	98	0.1454	14	0	1	0	0	0	0	0	0	N	N	N	N	N	N	N	N	N	N	N	N	0.0974	0.0972	0.0000	0.0147	0.0164	0.0000	0.4938	inf	0.0000	0.0000	0.0000	0.0000	0.0000	0.0000	0.0000	0.0000	0.0000	0.0000	0.0001	0.0002	0.0001	0.0003	0.0003	0.0008	0.0000	0.0000	0.0001	0.0000	0.2972	-0.0000	-0.0000	0.8596	1.3608	1.2300	12.1483	0.0000	0.0000	0.0000	0.0000	0.0000	0.0000	0.0000	0.0000	0.0000	0.0000	0.0000	0.0000	0.0000	0.0000	0.0000	0.0000	0.0000	0.0000	0.0111	0.0098	0.0013	0.0034	0.0032	0.0002	0.0077	0.0065	0.0011	0.0630	0.0427	0.0202	0.0244	0.0235	0.0009	0.0386	0.0192	0.0194	0.0974	0.0972	0.0000	0.0147	0.0164	0.0000	0.4938	inf	0.0000	0.0001	0.0002	0.0001	0.0003	0.0003	0.0008	0.0000	0.0000	0.0001
95	99	0.1417	13	0	0	0	0	0	0	0	0	N	N	N	N	N	N	N	N	N	N	N	N	0.0282	0.0533	0.0000	0.1480	0.1532	0.0070	0.0168	0.0000	0.0000	0.0000	0.0000	0.0001	0.0001	0.0000	0.0000	0.0000	0.0000	0.0007	0.0005	0.0014	0.0004	0.0004	0.0000	0.0010	0.0005	0.0014	0.0008	1.3993	-0.0000	0.0000	0.8596	1.5300	1.2300	0.7696	0.0000	0.0000	0.0000	0.0000	0.0000	0.0000	0.0000	0.0000	0.0000	0.0000	0.0000	0.0000	0.0000	0.0000	0.0000	0.0000	0.0000	0.0000	0.0124	0.0108	0.0016	0.0031	0.0029	0.0002	0.0093	0.0079	0.0014	0.0125	0.0085	0.0039	0.0050	0.0048	0.0002	0.0075	0.0037	0.0038	0.0282	0.0533	0.0000	0.1480	0.1532	0.0000	0.0070	0.0168	0.0000	0.0007	0.0005	0.0014	0.0004	0.0004	0.0000	0.0010	0.0005	0.0014	
95	100	0.1329	12	0	0	0	0	0	0	0	0	N	N	N	N	N	N	N	N	N	N	N	N	986.2243	5497.6263	1.4796	14613.9861	14554.5976	0.4497	1.4863	0.0021	0.0024	0.0000	0.0114	0.0118	0.0000	0.0000	0.0000	0.0000	0.0000	0.0000	0.0000	0.0000	0.0000	0.0000	0.0000	0.0000	0.0000	0.0005	6.2023	-0.0000	0.0000	0.8596	3.6906	1.2300	1.4800	0.0001	0.0001	0.0000	0.0001	0.0001	0.0000	0.0000	0.0000	0.0000	0.0000	0.0000	0.0000	0.0000	0.0000	0.0000	0.0000	0.0000	0.0000	0.0251	0.0219	0.0033	0.0046	0.0045	0.0002	0.0205	0.0174	0.0031	0.0253	0.0170	0.0082	0.0096	0.0092	0.0004	0.0157	0.0078	0.0079	986.2243	5497.6263	1.4796	14613.9861	14554.5976	0.0000	0.4497	0.0000	1.4863	0.0000	0.0000	0.0000	0.0000	0.0000	0.0000	0.0000	0.0000	0.0000		
95	101	0.1329	11	0	0	0	0	0	0	0	0	N	N	N	N	N	N	N	N	N	N	N	N	1295.9695	957.5205	3315.7377	1565.6287	1529.5343	1162.5097	330.9361	3269.1923	0.0465	0.0287	0.1614	0.0688	0.0699	0.0000	0.0351	0.0029	0.1677	0.0000	0.0000	0.0000	0.0000	0.0000	0.0000	0.0000	0.0000	0.0001	0.8727	0.7525	0.0000	-0.0000	0.8596	0.1361	1.2300	0.4500	0.0001	0.0000	0.0000	0.0000	0.0000	0.0000	0.0000	0.0000	0.0000	0.0000	0.0000	0.0000	0.0000	0.0000	0.0000	0.0000	0.0000	0.0000	0.0018	0.0016	0.0002	0.0006	0.0006	0.0000	0.0012	0.0010	0.0002	0.0036	0.0024	0.0011	0.0015	0.0014	0.0001	0.0021	0.0010	0.0010	1295.9695	957.5205	3315.7377	1565.6287	1529.5343	0.0000	1162.5097	330.9361	3269.1923	0.0000	0.0000	0.0000	0.0000	0.0000	0.0000	0.0000	0.0000	0.0001	
95	102	0.1170	10	0	0	0	0	0	0	0	0	N	N	N	N	N	N	N	N	N	N	N	N	2.8857	4.0066	4.3080	8.1255	8.7764	1.4012	1.4480	166.2929	4.5167	0.0044	0.0032	0.0130	0.0131	0.0133	0.0065	0.0022	0.0002	0.0134	0.0015	0.0008	0.0030	0.0016	0.0015	0.0046	0.0015	0.0000	0.0030	0.5937	1.8985	-0.0000	0.0000	0.8596	3.5591	1.2300	4.5341	0.0001	0.0001	0.0000	0.0001	0.0001	0.0000	0.0000	0.0000	0.0000	0.0001	0.0000	0.0000	0.0000	0.0000	0.0000	0.0000	0.0000	0.0000	0.0263	0.0230	0.0033	0.0055	0.0053	0.0002	0.0208	0.0177	0.0032	0.0408	0.0272	0.0136	0.0147	0.0143	0.0004	0.0260	0.0129	0.0132	2.8857	4.0066	4.3080	8.1255	8.7764	1.4012	1.4480	166.2929	4.5167	0.0015	0.0008	0.0030	0.0016	0.0015	0.0046	0.0015	0.0000	0.0030
95	103	0.0953	9	0	0	0	0	0	0	0	0	N	N	N	N	N	N	N	N	N	N	N	N	0.1850	1.8877	0.1503	3.2963	3.7010	0.0034	0.0688	5.1209	0.1518	0.0076	0.0062	0.0173	0.0216	0.0221	0.0001	0.0041	0.0017	0.0179	0.0411	0.0033	0.1153	0.0066	0.0060	0.0269	0.0603	0.0003	0.1180	0.4028	17.8896	-0.0000	0.0009	0.8596	2.8937	1.2300	8.0733	0.0002	0.0001	0.0001	0.0001	0.0001	0.0000	0.0001	0.0000	0.0001	0.0023	0.0001	0.0022	0.0001	0.0001	0.0000	0.0021	0.0000	0.0021	0.0234	0.0205	0.0029	0.0046	0.0045	0.0001	0.0188	0.0159	0.0029	0.0555	0.0367	0.0187	0.0198	0.0193	0.0006	0.0356	0.0175	0.0182	0.1850	1.8877	0.1503	3.2963	3.7010	0.0034	0.0688	5.1209	0.1518	0.0411	0.0033	0.1153	0.0066	0.0060	0.0269	0.0603	0.0003	0.1180
95	104	0.0901	5	0	1	0	0	0	0	0	0	N	N	N	N	N	N	N	N	N	N	N	N	0.1768	0.2107	0.0028	0.2727	0.2961	0.0149	0.0000	0.0000	0.0000	0.0048	0.0055	0.0001	0.0139	0.0141	0.0019	0.0000	0.0000	0.0000	0.0270	0.0263	0.0291	0.0509	0.0475	0.1297	0.0090	0.0000	0.0217	0.0024	0.3797	-0.0000	-0.0001	0.8596	0.0277	1.2300	1.3445	0.0000	0.0000	0.0000	0.0000	0.0000	0.0000	0.0000	0.0000	0.0000	0.0003	0.0002	0.0001	0.0003	0.0002	0.0000	0.0001	0.0000	0.0001	0.0003	0.0003	0.0000	0.0001	0.0001	0.0000	0.0002	0.0002	0.0000	0.0115	0.0086	0.0029	0.0049	0.0047	0.0002	0.0066	0.0038	0.0027	0.1768	0.2107	0.0028	0.2727	0.2961	0.0149	0.0000	0.0000	0.0000	0.0270	0.0263	0.0291	0.0509	0.0475	0.1297	0.0090	0.0000	0.0217
95	105	0.0434	4	0	1	0	0	0	0	0	0	N	N	N	N	N	N	N	N	N	N	N	N	83.0109	98.1648	0.3163	8.7802	9.0898	0.0000	181.3158	1596.4157	0.3367	2.2524	2.6075	0.0089	0.4664	0.4818	0.0000	2.7018	3.2263	0.0094	0.0271	0.0266	0.0282	0.0531	0.0530	0.0622	0.0149	0.0020	0.0278	0.0005	0.5559	-0.0316	-0.0005	0.8596	5.1414	1.2300	16.4151	0.0830	0.0830	0.0000	0.0035	0.0035	0.0000	0.0796	0.0795	0.0000	0.0027	0.0018	0.0010	0.0017	0.0017	0.0000	0.0010	0.0001	0.0009	0.0369	0.0318	0.0050	0.0074	0.0072	0.0002	0.0295	0.0247	0.0048	0.1005	0.0660	0.0345	0.0322	0.0318	0.0004	0.0683	0.0342	0.0341	83.0109	98.1648	0.3163	8.7802	9.0898	0.0000	181.3158	1596.4157	0.3367	0.0271	0.0266	0.0282	0.0531	0.0530	0.0622	0.0149	0.0020	0.0278
95	106	0.0352	3	0	0	0	0	0	0	0	0	N	N	N	N	N	N	N	N	N	N	N	N	0.6040	0.0356	4.4759	0.1204	0.1247	0.0000	1.1034	0.0186	4.7338	0.1142	0.0069	0.8124	0.0361	0.0373	0.0000	0.1290	0.0003	0.8464	0.1890	0.1937	0.1815	0.2998	0.2994	0.3681	0.1169	0.0153	0.1788	18.1204	0.5838	0.0018	-0.0016	0.8596	3.8974	1.2300	1.6364	0.0031	0.0002	0.0030	0.0002	0.0002	0.0000	0.0030	0.0000	0.0030	0.0091	0.0057	0.0033	0.0057	0.0056	0.0001	0.0034	0.0002	0.0032	0.0275	0.0239	0.0037	0.0044	0.0043	0.0001	0.0231	0.0196	0.0035	0.0480	0.0296	0.0184	0.0189	0.0186	0.0004	0.0291	0.0110	0.0181	0.6040	0.0356	4.4759	0.1204	0.1247	0.0000	1.1034	0.0186	4.7338	0.1890	0.1937	0.1815	0.2998	0.2994	0.3197	0.1169	0.0153	0.1788
95	109	0.1256	10	1	1	0	1	0	0	0	0	N	N	N	N	N	N	N	N	N	N	N	N	0.0000	0.0000	0.0000	0.0000	0.0000	0.0000	0.0000	0.0000	0.0000	0.0000	0.0000	0.0000	0.0000	0.0000	0.0000	0.0000	0.0000	0.0000	0.0000	0.0000	0.8596	0.0000	1.2300	0.0000	0.0000	0.0000	0.0000	0.0000	0.0000	0.0000	0.0000	0.0000	0.0000	0.0000	0.0000	0.0000	0.0000	0.0000	0.0000	0.0000	0.0000	0.0000	0.0000	0.0000	0.0000	0.0000	0.0000	0.0000	0.0000	0.0000	0.0000	0.0000	0.0000	0.0000	0.0000	0.0000	0.0000	0.0000	0.0000	0.0000	0.0000	0.0000	0.0000	0.0000	0.0000	0.0000	0.0000	0.0000	0.0000	0.0000	0.0000	0.0000	0.0000	0.0000	0.0000	0.0000	0.0000	0.0000											
95	110	0.1106	9	1	1	0	1	0	0	0	0	N	N	N	N	N	N	N	N	N	N	N	N	0.0000	0.0000	0.0000	0.0000	0.0000	0.0000	0.0000	0.0000	0.0000	0.0000	0.0000	0.0000	0.0000	0.0003	0.0000	0.0009	0.0000	0.0000	0.0000	0.0005	0.0000	0.0009	inf	0.0000	0.0000	0.8596	0.0000	1.2300	7.1240	0.0000	0.0000	0.0000	0.0000	0.0000	0.0000	0.0000	0.0000	0.0000	0.0000	0.0000	0.0000	0.0000	0.0000	0.0000	0.0000	0.0000	0.0000	0.0000	0.0000	0.0000	0.0000	0.0000	0.0000	0.0000	0.0000	0.0000	0.0354	0.0238	0.0115	0.0133	0.0128	0.0005	0.0220	0.0110	0.0110	0.0000	0.0000	0.0000	0.0000	0.0000	0.0000	0.0000	0.0000	0.0000	0.0003	0.0000	0.0009	0.0000	0.0000	0.0000	0.0005	0.0000	0.0009						
95	111	0.1196	11	0	1	0	1	0	0	0	0	N	N	N	N	N	N	N	N	N	N	N	N	0.0000	0.0000	0.0000	0.0000	0.0000	0.0000	0.0000	0.0000	0.0000	0.0000	0.0000	0.0000	0.0000	0.0000	0.0000	0.0000	0.0000	0.0000	0.0000	0.0000	0.0000	0.0000	0.0000	0.0000	0.0000	0.2300	0.0000	-0.0000	0.8596	0.0016	1.2300	5.0076	0.0000	0.0000	0.0000	0.0000	0.0000	0.0000	0.0000	0.0000	0.0000	0.0000	0.0000	0.0000	0.0000	0.0000	0.0000	0.0000	0.0000	0.0000	0.0000	0.0000	0.0000	0.0000	0.0000	0.0000	0.0000	0.0000	0.0000	0.0246	0.0167	0.0079	0.0098	0.0092	0.0006	0.0149	0.0075	0.0073	0.0000	0.0000	0.0000	0.0000	0.0000	0.0000	0.0000	0.0000	0.0000	0.0000	0.0000	0.0000	0.0000	0.0000	0.0000	0.0000	0.0000	0.0000			
95	112	0.1128	10	0	1	0	1	0	0	0	0	N	N	N	N	N	N	N	N	N	N	N	N	0.0000	0.0000	0.0000	0.0000	0.0000	0.0000	0.0000	0.0000	0.0000	0.0000	0.0000	0.0000	0.0000	0.0000	0.0000	0.0000	0.0000	0.0000	0.0000	0.0000	0.0000	0.0000	0.0000	0.0000	0.0000	4.3486	0.0000	0.0000	0.8596	1.0012	1.2300	2.1373	0.0000	0.0000	0.0000	0.0000	0.0000	0.0000	0.0000	0.0000	0.0000	0.0000	0.0000	0.0000	0.0000	0.0000	0.0000	0.0000	0.0000	0.0000	0.0066	0.0057	0.0009	0.0010	0.0010	0.0000	0.0056	0.0047	0.0008	0.0166	0.0112	0.0054	0.0065	0.0062	0.0003	0.0101	0.0050	0.0051	0.0000	0.0000	0.0000	0.0000	0.0000	0.0000	0.0000	0.0000	0.0000	0.0000	0.0000	0.0000	0.0000	0.0000	0.0000	0.0000	0.0000	0.0000			
95	113	0.1211	10	0	1	0	0	0	0	0	0	N	N	N	N	N	N	N	N	N	N	N	N	0.0000	0.0000	0.0000	0.0000	0.0000	0.0000	0.0000	0.0000	0.0000	0.0000	0.0000	0.0000	0.0000	0.0000	0.0000	0.0000	0.0000	0.0000	0.0000	0.0001	0.0001	0.0000	0.0000	0.0000	0.0000	0.0089	0.0000	-0.0000	0.8596	0.9705	1.2300	5.0371	0.0000	0.0000	0.0000	0.0000	0.0000	0.0000	0.0000	0.0000	0.0000	0.0000	0.0000	0.0000	0.0000	0.0000	0.0000	0.0000	0.0000	0.0000	0.0075	0.0065	0.0009	0.0017	0.0016	0.0001	0.0058	0.0049	0.0009	0.0297	0.0202	0.0095	0.0113	0.0108	0.0005	0.0184	0.0093	0.0091	0.0000	0.0000	0.0000	0.0000	0.0000	0.0000	0.0000	0.0000	0.0000	0.0000	0.0000	0.0000	0.0001	0.0001	0.0000	0.0000	0.0000	0.0000			
95	114	0.1128	10	0	0	1	1	0	0	0	0	N	N	N	N	N	N	N	N	N	N	N	N	0.0000	0.0000	0.0000	0.0000	0.0000	0.0000	0.0000	0.0000	0.0000	0.0000	0.0000	0.0000	0.0000	0.0000	0.0000	0.0000	0.0000	0.0000	0.0000	0.0000	0.8596	0.0000	1.2300	1.1303	0.0000	0.0000	0.0000	0.0000	0.0000	0.0000	0.0000	0.0000	0.0000	0.0000	0.0000	0.0000	0.0000	0.0000	0.0000	0.0000	0.0000	0.0000	0.0000	0.0000	0.0000	0.0000	0.0000	0.0000	0.0000	0.0000	0.0000	0.0068	0.0045	0.0023	0.0028	0.0026	0.0001	0.0040	0.0019	0.0021	0.0000	0.0000	0.0000	0.0000	0.0000	0.0000	0.0000	0.0000	0.0000	0.0000	0.0000	0.0000	0.0000	0.0000	0.0000	0.0000	0.0000	0.0000											
95	115	0.1106	9	0	0	0	1	0	0	0	0	N	N	N	N	N	N	N	N	N	N	N	N	0.0000	0.0000	0.0000	0.0000	0.0000	0.0000	0.0000	0.0000	0.0000	0.0000	0.0000	0.0000	0.0000	0.0000	0.0000	0.0000	0.0000	0.0000	0.0000	0.0000	0.8596	0.0000	1.2300	1.2340	0.0000	0.0000	0.0000	0.0000	0.0000	0.0000	0.0000	0.0000	0.0000	0.0000	0.0000	0.0000	0.0000	0.0000	0.0000	0.0000	0.0000	0.0000	0.0000	0.0000	0.0000	0.0000	0.0000	0.0000	0.0000	0.0000	0.0000	0.0074	0.0049	0.0024	0.0029	0.0028	0.0001	0.0044	0.0021	0.0023	0.0000	0.0000	0.0000	0.0000	0.0000	0.0000	0.0000	0.0000	0.0000	0.0000	0.0000	0.0000	0.0000	0.0000	0.0000	0.0000	0.0000	0.0000											
95	116	0.1181	10	0	0	1	1	0	0	0	0	N	N	N	N	N	N	N	N	N	N	N	N	25442.1428	inf	0.0000	613.8371	inf	0.0000	inf	inf	0.0308	0.0351	0.0000	0.0019	0.0020	0.0000	0.0399	0.0464	0.0000	0.0000	0.0000	0.0000	0.0000	0.0000	0.0001	0.0000	0.0000	0.0000	0.0000	inf	-0.0001	0.0000	0.8596	0.9725	1.2300	0.9874	0.0002	0.0002	0.0000	0.0000	0.0000	0.0000	0.0002	0.0002	0.0000	0.0000	0.0000	0.0000	0.0000	0.0000	0.0000	0.0000	0.0000	0.0000	0.0071	0.0063	0.0009	0.0017	0.0016	0.0001	0.0054	0.0047	0.0008	0.0099	0.0068	0.0031	0.0038	0.0037	0.0002	0.0061	0.0031	0.0029	25442.1428	inf	0.0000	613.8371	inf	0.0000	inf	inf	0.0000	0.0000	0.0000	0.0000	0.0000	0.0000	0.0001	0.0000	0.0000	0.0000	
95	117	0.1181	10	0	0	1	1	0	0	0	0	N	N	N	N	N	N	N	N	N	N	N	N	591.5912	446.6369	7.5732	7.6394	inf	inf	0.2971	0.3281	0.0000	0.0099	0.0104	0.0000	0.5299	0.6075	0.0000	0.0005	0.0007	0.0000	0.0013	0.0014	0.0000	0.0000	0.0000	0.0000	0.0000	0.0000	-0.0001	-0.0000	0.8596	0.0285	1.2300	4.0215	0.0002	0.0002	0.0000	0.0000	0.0000	0.0000	0.0002	0.0002	0.0000	0.0000	0.0000	0.0000	0.0000	0.0000	0.0000	0.0000	0.0000	0.0000	0.0007	0.0007	0.0001	0.0003	0.0003	0.0000	0.0004	0.0004	0.0001	0.0199	0.0136	0.0063	0.0077	0.0073	0.0003	0.0122	0.0063	0.0059	591.5912	446.6369	0.0000	7.5732	7.6394	0.0000	inf	inf	0.0000	0.0005	0.0007	0.0000	0.0013	0.0014	0.0000	0.0000	0.0000	0.0000			
95	118	0.1106	9	0	0	1	1	0	0	0	0	N	N	N	N	N	N	N	N	N	N	N	N	82053668.4789	63626994.4582	2928737.6773	2927662.2064	inf	inf	38.3194	44.1390	0.0000	3.6093	3.7589	0.0000	44.8324	52.6893	0.0000	0.0000	0.0000	0.0000	0.0000	0.0000	0.0000	0.0000	0.0000	0.0000	0.0000	0.0000	-0.2893	-0.0000	0.8596	3.0275	1.2300	2.1573	0.7591	0.7591	0.0000	0.0113	0.0113	0.0000	0.7478	0.7478	0.0000	0.0000	0.0000	0.0000	0.0000	0.0000	0.0000	0.0000	0.0000	0.0000	0.0198	0.0172	0.0026	0.0031	0.0030	0.0001	0.0167	0.0142	0.0025	0.0263	0.0177	0.0086	0.0100	0.0096	0.0004	0.0164	0.0082	0.0082	82053668.4789	63626994.4582	0.0000	2928737.6773	2927662.2064	0.0000	inf	inf	0.0000	0.0000	0.0000	0.0000	0.0000	0.0000	0.0000	0.0000	0.0000	0.0000			
95	119	0.1519	9	1	1	0	0	0	0	0	0	N	N	N	N	N	N	N	N	N	N	N	N	0.0029	0.2634	0.0009	0.0067	0.0069	0.0000	0.0025	9237.3176	0.0010	0.0009	0.0009	0.0009	0.0000	0.0000	0.0000	0.0013	0.0013	0.0010	0.3133	0.0035	0.9449	0.0061	0.0062	0.0025	0.5061	0.0000	0.9814	0.1137	133.9172	-0.0000	0.0038	0.8596	2.1883	1.2300	3.1271	0.0000	0.0000	0.0000	0.0000	0.0000	0.0000	0.0000	0.0000	0.0000	0.0086	0.0001	0.0085	0.0001	0.0001	0.0000	0.0085	0.0000	0.0085	0.0186	0.0167	0.0019	0.0056	0.0053	0.0002	0.0131	0.0113	0.0017	0.0273	0.0183	0.0090	0.0105	0.0102	0.0003	0.0168	0.0081	0.0086	0.0029	0.2634	0.0009	0.0067	0.0069	0.0000	0.0025	9237.3176	0.0010	0.3133	0.0035	0.9449	0.0061	0.0062	0.0025	0.5061	0.0000	0.9814
95	120	0.0849	8	1	1	0	0	0	0	0	0	N	N	N	N	N	N	N	N	N	N	N	N	4877.6036	24015.3511	1450.6142	1557.8797	1563.1772	4120.5795	45427.8382	1462.8618	8.9665	9.2773	6.8485	0.8029	0.8280	0.0000	10.4215	10.9862	7.1027	0.0018	0.0004	0.0047	0.0005	0.0005	0.0000	0.0025	0.0002	0.0049	0.1083	6.1554	-0.2385	0.0001	0.8596	13.6104	1.2300	16.0982	0.8417	0.7594	0.0823	0.0114	0.0114	0.0000	0.8303	0.7480	0.0823	0.0002	0.0000	0.0002	0.0000	0.0000	0.0000	0.0002	0.0000	0.0002	0.0939	0.0819	0.0120	0.0142	0.0138	0.0004	0.0797	0.0681	0.0116	0.1310	0.0871	0.0439	0.0449	0.0437	0.0012	0.0861	0.0434	0.0427	4877.6036	24015.3511	1450.6142	1557.8797	1563.1772	0.0000	4120.5795	45427.8382	1462.8618	0.0018	0.0004	0.0047	0.0005	0.0005	0.0000	0.0025	0.0002	0.0049	
95	121	0.1102	10	0	1	0	0	0	0	0	0	N	N	N	N	N	N	N	N	N	N	N	N	0.0002	0.0002	0.0000	0.0006	0.0007	0.0000	0.0000	0.0000	0.0000	0.0000	0.0000	0.0000	0.0001	0.0001	0.0000	0.0000	0.0000	0.0000	0.1185	0.1528	0.0413	0.1023	0.0959	0.1317	0.1363	0.2459	0.0013	0.0040	0.1200	-0.0000	-0.0027	0.8596	0.3548	1.2300	4.6068	0.0000	0.0000	0.0000	0.0000	0.0000	0.0000	0.0000	0.0000	0.0000	0.0062	0.0055	0.0007	0.0028	0.0022	0.0006	0.0034	0.0034	0.0000	0.0076	0.0069	0.0007	0.0030	0.0030	0.0000	0.0046	0.0039	0.0007	0.0523	0.0362	0.0161	0.0274	0.0225	0.0049	0.0249	0.0138	0.0112	0.0002	0.0002	0.0000	0.0006	0.0007	0.0000	0.0000	0.0000	0.0000	0.1185	0.1528	0.0413	0.1023	0.0959	0.1317	0.1363	0.2459	0.0013
95	122	0.0953	9	0	1	0	0	0	0	0	0	N	N	N	N	N	N	N	N	N	N	N	N	0.0001	0.0001	0.0011	0.0005	0.0004	0.0094	0.0001	0.0000	0.0007	0.0000	0.0000	0.0000	0.0000	0.0000	0.0004	0.0000	0.0000	0.0000	0.2081	0.3029	0.0241	0.0654	0.0662	0.0377	0.2894	0.6212	0.0236	0.1849	0.0409	-0.0000	-0.0041	0.8596	1.6911	1.2300	5.7022	0.0000	0.0000	0.0000	0.0000	0.0000	0.0000	0.0000	0.0000	0.0000	0.0082	0.0078	0.0003	0.0009	0.0009	0.0000	0.0072	0.0069	0.0003	0.0156	0.0137	0.0019	0.0036	0.0036	0.0001	0.0120	0.0101	0.0018	0.0392	0.0259	0.0133	0.0142	0.0138	0.0004	0.0250	0.0121	0.0129	0.0001	0.0001	0.0011	0.0005	0.0004	0.0094	0.0001	0.0000	0.0007	0.2081	0.3029	0.0241	0.0654	0.0662	0.0377	0.2894	0.5739	0.0236
95	123	0.0849	8	0	0	0	0	0	0	0	0	N	N	N	N	N	N	N	N	N	N	N	N	0.0009	0.0003	0.0054	0.0006	0.0006	0.0343	0.0010	0.0001	0.0054	0.0000	0.0000	0.0001	0.0000	0.0000	0.0001	0.0000	0.0000	0.0001	0.0151	0.0144	0.0164	0.0185	0.0189	0.0017	0.0132	0.0092	0.0167	2.6365	0.5981	0.0000	-0.0001	0.8596	2.0929	1.2300	3.1856	0.0000	0.0000	0.0000	0.0000	0.0000	0.0000	0.0000	0.0000	0.0000	0.0004	0.0003	0.0002	0.0002	0.0002	0.0000	0.0002	0.0001	0.0002	0.0225	0.0201	0.0024	0.0059	0.0059	0.0001	0.0166	0.0143	0.0023	0.0291	0.0190	0.0101	0.0105	0.0103	0.0002	0.0185	0.0087	0.0098	0.0009	0.0003	0.0054	0.0006	0.0006	0.0343	0.0010	0.0001	0.0054	0.0151	0.0144	0.0164	0.0185	0.0189	0.0017	0.0132	0.0092	0.0167
95	124	0.1257	11	1	1	0	0	0	0	0	0	N	N	N	N	N	N	N	N	N	N	N	N	0.0000	0.0000	0.0000	0.0000	0.0000	0.0000	0.0000	0.0000	0.0000	0.0000	0.0000	0.0000	0.0000	0.0000	0.0000	0.0000	0.0000	0.0000	0.0000	0.0000	0.8596	0.0000	1.2300	0.0000	0.0000	0.0000	0.0000	0.0000	0.0000	0.0000	0.0000	0.0000	0.0000	0.0000	0.0000	0.0000	0.0000	0.0000	0.0000	0.0000	0.0000	0.0000	0.0000	0.0000	0.0000	0.0000	0.0000	0.0000	0.0000	0.0000	0.0000	0.0000	0.0000	0.0000	0.0000	0.0000	0.0000	0.0000	0.0000	0.0000	0.0000	0.0000	0.0000	0.0000	0.0000	0.0000	0.0000	0.0000	0.0000	0.0000	0.0000	0.0000	0.0000	0.0000	0.0000	0.0000	0.0000	0.0000											
95	125	0.1211	10	1	1	0	0	0	0	0	0	N	N	N	N	N	N	N	N	N	N	N	N	0.0000	0.0000	0.0000	0.0000	0.0000	0.0000	0.0000	0.0000	0.0000	0.0000	0.0000	0.0000	0.0000	0.0000	0.0000	0.0000	0.0000	0.0044	0.0064	0.0000	0.0000	0.0000	0.0000	0.0072	0.0142	0.0000	0.0001	0.0000	-0.0000	0.8596	0.1434	1.2300	1.9839	0.0000	0.0000	0.0000	0.0000	0.0000	0.0000	0.0000	0.0000	0.0000	0.0000	0.0000	0.0000	0.0000	0.0000	0.0000	0.0000	0.0000	0.0000	0.0020	0.0018	0.0002	0.0008	0.0008	0.0000	0.0012	0.0010	0.0002	0.0112	0.0077	0.0036	0.0044	0.0042	0.0002	0.0069	0.0035	0.0034	0.0000	0.0000	0.0000	0.0000	0.0000	0.0000	0.0000	0.0000	0.0000	0.0044	0.0064	0.0000	0.0000	0.0000	0.0000	0.0072	0.0142	0.0000		
95	126	0.1106	9	0	1	0	0	0	0	0	0	N	N	N	N	N	N	N	N	N	N	N	N	0.0000	0.0000	0.0000	0.0000	0.0000	0.0000	0.0000	0.0000	0.0000	0.0000	0.0000	0.0000	0.0000	0.0000	0.0000	0.0000	0.0000	0.0000	0.0000	0.0000	0.0000	0.0000	0.0000	0.0000	0.0001	0.0000	0.0469	0.0000	-0.0000	0.8596	1.8882	1.2300	2.9115	0.0000	0.0000	0.0000	0.0000	0.0000	0.0000	0.0000	0.0000	0.0000	0.0000	0.0000	0.0000	0.0000	0.0000	0.0000	0.0000	0.0000	0.0000	0.0124	0.0108	0.0016	0.0020	0.0019	0.0001	0.0105	0.0089	0.0016	0.0245	0.0165	0.0080	0.0093	0.0089	0.0004	0.0152	0.0076	0.0076	0.0000	0.0000	0.0000	0.0000	0.0000	0.0000	0.0000	0.0000	0.0000	0.0000	0.0000	0.0000	0.0000	0.0000	0.0000	0.0000	0.0001	0.0000		
95	127	0.0849	8	0	0	0	0	0	0	0	0	N	N	N	N	N	N	N	N	N	N	N	N	0.0013	0.0003	0.0717	0.0006	0.0005	10.5634	0.0196	0.0000	0.0699	0.0000	0.0000	0.0000	0.0000	0.0000	0.0000	0.0000	0.0000	0.0000	0.0041	0.0060	0.0005	0.0113	0.0116	0.0000	0.0003	0.0000	0.0005	2.9677	0.0414	0.0000	-0.0001	0.8596	3.5543	1.2300	9.0319	0.0000	0.0000	0.0000	0.0000	0.0000	0.0000	0.0000	0.0000	0.0000	0.0003	0.0002	0.0000	0.0002	0.0002	0.0000	0.0000	0.0000	0.0000	0.0320	0.0283	0.0037	0.0070	0.0069	0.0001	0.0250	0.0214	0.0036	0.0625	0.0413	0.0211	0.0219	0.0214	0.0005	0.0405	0.0199	0.0206	0.0013	0.0003	0.0717	0.0006	0.0005	10.5634	0.0196	0.0000	0.0699	0.0041	0.0060	0.0005	0.0113	0.0116	0.0000	0.0003	0.0000	0.0005
95	128	0.0813	7	0	0	0	0	0	0	0	0	N	N	N	N	N	N	N	N	N	N	N	N	0.0670	0.0002	1.1402	0.0005	0.0005	0.1239	0.2999	1.3186	1.1564	0.0026	0.0000	0.0209	0.0000	0.0000	0.0001	0.0032	0.0000	0.0216	0.0383	0.0494	0.0184	0.0802	0.0815	0.0009	0.0108	0.0000	0.0187	280.4143	0.2053	0.0000	-0.0003	0.8596	2.6246	1.2300	0.7212	0.0001	0.0000	0.0001	0.0000	0.0000	0.0000	0.0001	0.0000	0.0001	0.0009	0.0007	0.0002	0.0007	0.0007	0.0000	0.0002	0.0000	0.0002	0.0230	0.0202	0.0028	0.0048	0.0048	0.0001	0.0181	0.0154	0.0027	0.0233	0.0150	0.0083	0.0092	0.0091	0.0002	0.0140	0.0059	0.0081	0.0670	0.0002	1.1402	0.0005	0.0005	0.1239	0.2999	1.3186	1.1564	0.0383	0.0494	0.0184	0.0802	0.0815	0.0009	0.0108	0.0000	0.0187
95	129	0.0755	6	0	0	0	0	0	0	0	0	N	N	N	N	N	N	N	N	N	N	N	N	0.0079	0.0029	0.1416	0.0508	0.0510	0.0000	0.0046	0.0005	0.1441	0.0001	0.0000	0.0003	0.0001	0.0001	0.0000	0.0001	0.0000	0.0003	0.0088	0.0119	0.0022	0.0023	0.0024	0.0001	0.0124	0.0223	0.0022	1.2509	0.0862	0.0000	-0.0001	0.8596	3.3474	1.2300	1.3769	0.0000	0.0000	0.0000	0.0000	0.0000	0.0000	0.0000	0.0000	0.0000	0.0002	0.0002	0.0000	0.0000	0.0000	0.0000	0.0002	0.0002	0.0000	0.0265	0.0232	0.0033	0.0053	0.0051	0.0001	0.0212	0.0181	0.0032	0.0248	0.0169	0.0080	0.0090	0.0088	0.0002	0.0159	0.0081	0.0078	0.0079	0.0029	0.1416	0.0508	0.0510	0.0000	0.0046	0.0005	0.1441	0.0088	0.0119	0.0022	0.0023	0.0024	0.0001	0.0124	0.0223	0.0022
95	130	0.0667	5	0	0	0	0	0	0	0	0	N	N	N	N	N	N	N	N	N	N	N	N	0.0061	0.0507	0.0105	0.0948	0.0935	0.0032	0.0070	0.0105	0.0002	0.0001	0.0008	0.0002	0.0002	0.0000	0.0001	0.0000	0.0009	0.0279	0.0019	0.0794	0.0025	0.0026	0.0000	0.0416	0.0011	0.0812	0.9741	21.3063	0.0000	0.0003	0.8596	0.4686	1.2300	4.0374	0.0000	0.0000	0.0000	0.0000	0.0000	0.0000	0.0000	0.0000	0.0000	0.0006	0.0000	0.0006	0.0000	0.0000	0.0000	0.0006	0.0000	0.0006	0.0071	0.0064	0.0007	0.0024	0.0024	0.0000	0.0047	0.0040	0.0007	0.0232	0.0154	0.0078	0.0081	0.0079	0.0002	0.0151	0.0075	0.0076	0.0061	0.0507	0.0105	0.0948	0.0935	0.0000	0.0032	0.0070	0.0105	0.0279	0.0019	0.0794	0.0025	0.0026	0.0000	0.0416	0.0011	0.0812	
96	98	0.1429	13	0	1	0	0	0	0	0	0	N	N	N	N	N	N	N	N	N	N	N	N	9.6859	7.9857	0.0000	5.9329	6.2915	0.0000	50.1838	inf	0.0000	0.0021	0.0024	0.0000	0.0033	0.0035	0.0000	0.0014	0.0016	0.0000	0.0002	0.0003	0.0001	0.0006	0.0006	0.0006	0.0000	0.0000	0.0001	0.0000	0.1472	-0.0000	-0.0000	3.7737	1.3608	2.5241	12.1483	0.0001	0.0001	0.0000	0.0001	0.0001	0.0000	0.0001	0.0001	0.0000	0.0000	0.0000	0.0000	0.0000	0.0000	0.0000	0.0000	0.0000	0.0000	0.0598	0.0532	0.0066	0.0212	0.0200	0.0012	0.0386	0.0332	0.0053	0.1465	0.0937	0.0528	0.0516	0.0491	0.0025	0.0949	0.0446	0.0503	9.6859	7.9857	0.0000	5.9329	6.2915	0.0000	50.1838	inf	0.0000	0.0002	0.0003	0.0001	0.0006	0.0006	0.0006	0.0000	0.0000	0.0001
96	99	0.1392	12	0	0	0	0	0	0	0	0	N	N	N	N	N	N	N	N	N	N	N	N	159.8679	214.4575	8.2819	273.0794	293.0086	827.6639	100.7821	173.8087	4.0018	0.0646	0.0750	0.0042	0.1058	0.1183	0.0095	0.0417	0.0495	0.0021	0.0004	0.0003	0.0005	0.0004	0.0004	0.0000	0.0004	0.0003	0.0005	0.0096	0.7778	-0.0018	-0.0000	3.7737	1.5300	2.5241	0.7696	0.0050	0.0049	0.0000	0.0029	0.0029	0.0000	0.0021	0.0020	0.0000	0.0000	0.0000	0.0000	0.0000	0.0000	0.0000	0.0000	0.0000	0.0000	0.0770	0.0657	0.0112	0.0275	0.0243	0.0031	0.0495	0.0414	0.0081	0.0296	0.0193	0.0103	0.0109	0.0105	0.0005	0.0187	0.0088	0.0099	159.8679	214.4575	8.2819	273.0794	293.0086	827.6639	100.7821	173.8087	4.0018	0.0004	0.0003	0.0005	0.0004	0.0004	0.0000	0.0004	0.0003	0.0005
96	100	0.1304	11	0	0	0	0	0	0	0	0	N	N	N	N	N	N	N	N	N	N	N	N	532.6131	38580.9303	18.4921	61641.5607	62195.2369	25241.2051	1.4707	inf	3.5786	0.1033	0.1197	0.0097	0.3650	0.3780	0.0916	0.0004	0.0001	0.0020	0.0002	0.0000	0.0005	0.0000	0.0000	0.0000	0.0003	0.0000	0.0006	0.0141	97.7794	-0.0058	0.0000	3.7737	3.6906	2.5241	1.4800	0.0157	0.0155	0.0002	0.0157	0.0155	0.0002	0.0000	0.0000	0.0000	0.0000	0.0000	0.0000	0.0000	0.0000	0.0000	0.0000	0.0000	0.0000	0.1522	0.1295	0.0226	0.0429	0.0410	0.0019	0.1092	0.0885	0.0207	0.0586	0.0371	0.0215	0.0200	0.0189	0.0011	0.0385	0.0182	0.0204	532.6131	38580.9303	18.4921	61641.5607	62195.2369	25241.2051	1.4707	inf	3.5786	0.0002	0.0000	0.0005	0.0000	0.0000	0.0000	0.0003	0.0000	0.0006
96	101	0.1304	10	0	0	0	0	0	0	0	0	N	N	N	N	N	N	N	N	N	N	N	N	3257.4005	3286.7618	3255.0420	2852.2406	2692.9602	18660.7797	3563.6493	inf	3083.2111	0.7899	0.6094	1.1414	0.8917	0.8931	0.8568	0.7033	0.0336	1.1564	0.0002	0.0002	0.0004	0.0003	0.0003	0.0000	0.0002	0.0000	0.0004	0.9618	0.9981	0.0020	-0.0000	3.7737	0.1361	2.5241	0.4500	0.0181	0.0092	0.0089	0.0094	0.0091	0.0003	0.0087	0.0002	0.0085	0.0000	0.0000	0.0000	0.0000	0.0000	0.0000	0.0000	0.0000	0.0000	0.0229	0.0151	0.0078	0.0105	0.0101	0.0004	0.0124	0.0050	0.0074	0.0086	0.0056	0.0030	0.0034	0.0032	0.0002	0.0052	0.0025	0.0028	3257.4005	3286.7618	3255.0420	2852.2406	2692.9602	18660.7797	3563.6493	inf	3083.2111	0.0002	0.0002	0.0004	0.0003	0.0003	0.0000	0.0002	0.0000	0.0004
96	102	0.1145	9	0	0	0	0	0	0	0	0	N	N	N	N	N	N	N	N	N	N	N	N	294.0295	55.3285	859.8373	781.2248	76.2742	8310.7177	232.1759	7934.9125	665.4214	2.6769	0.0826	18.6024	2.4562	0.2269	60.1314	2.7810	0.0019	14.7365	0.0091	0.0015	0.0216	0.0031	0.0030	0.0072	0.0120	0.0000	0.0221	36.6727	8.7985	0.2697	0.0003	3.7737	3.5591	2.5241	4.5341	0.4552	0.0121	0.4431	0.1339	0.0119	0.1220	0.3213	0.0002	0.3212	0.0009	0.0001	0.0008	0.0001	0.0001	0.0000	0.0008	0.0000	0.0008	0.1701	0.1462	0.0238	0.0545	0.0525	0.0020	0.1155	0.0938	0.0218	0.0986	0.0613	0.0373	0.0321	0.0308	0.0013	0.0665	0.0305	0.0360	294.0295	55.3285	859.8373	781.2248	76.2742	8310.7177	232.1759	7934.9125	665.4214	0.0091	0.0015	0.0216	0.0031	0.0030	0.0072	0.0120	0.0000	0.0221
96	103	0.0928	8	0	0	0	0	0	0	0	0	N	N	N	N	N	N	N	N	N	N	N	N	20.0476	22.5310	65.5286	3.7591	3.4372	45.9738	18.7424	2939.9878	69.4461	5.5944	1.1861	38.9234	0.3091	0.2894	0.8199	7.4284	1.5362	42.3319	0.2791	0.0526	0.5940	0.0822	0.0842	0.0178	0.3963	0.0005	0.6096	4.3406	8.1120	0.3052	0.0187	3.7737	2.8937	2.5241	8.0733	0.7071	0.1324	0.5747	0.0101	0.0091	0.0010	0.6970	0.1233	0.5737	0.0538	0.0059	0.0479	0.0059	0.0059	0.0000	0.0479	0.0000	0.0479	0.1264	0.1116	0.0148	0.0326	0.0313	0.0012	0.0938	0.0803	0.0136	0.1928	0.1122	0.0806	0.0720	0.0699	0.0021	0.1208	0.0423	0.0785	20.0476	22.5310	65.5286	3.7591	3.4372	45.9738	18.7424	2939.9878	69.4461	0.2791	0.0526	0.5940	0.0822	0.0842	0.0178	0.3963	0.0005	0.6096
96	104	0.0876	4	0	1	0	0	0	0	0	0	N	N	N	N	N	N	N	N	N	N	N	N	0.0567	0.0011	0.3566	0.0013	0.0014	0.0000	0.2159	0.0000	0.5033	0.0010	0.0000	0.0078	0.0000	0.0000	0.0000	0.0015	0.0000	0.0081	0.0170	0.0153	0.0219	0.0318	0.0286	0.1065	0.0068	0.0001	0.0161	66.2670	0.5150	0.0000	-0.0001	3.7737	0.0277	2.5241	1.3445	0.0000	0.0000	0.0000	0.0000	0.0000	0.0000	0.0000	0.0000	0.0000	0.0005	0.0003	0.0002	0.0004	0.0003	0.0001	0.0001	0.0000	0.0001	0.0016	0.0014	0.0002	0.0006	0.0006	0.0000	0.0011	0.0009	0.0002	0.0293	0.0216	0.0077	0.0119	0.0115	0.0005	0.0173	0.0101	0.0072	0.0567	0.0011	0.3566	0.0013	0.0014	0.0000	0.2159	0.0000	0.5033	0.0170	0.0153	0.0219	0.0318	0.0286	0.1065	0.0068	0.0001	0.0161
96	105	0.0409	3	0	1	0	0	0	0	0	0	N	N	N	N	N	N	N	N	N	N	N	N	0.1584	0.0920	0.6617	0.1071	0.1093	0.0015	0.2293	0.5535	0.6998	0.0038	0.0021	0.0171	0.0055	0.0056	0.0001	0.0032	0.0008	0.0179	0.0239	0.0227	0.0259	0.0512	0.0512	0.0537	0.0141	0.0014	0.0256	1.0521	0.7377	0.0001	-0.0007	3.7737	5.1414	2.5241	16.4151	0.0008	0.0004	0.0004	0.0003	0.0003	0.0000	0.0005	0.0001	0.0004	0.0057	0.0033	0.0024	0.0032	0.0032	0.0001	0.0025	0.0001	0.0024	0.2002	0.1775	0.0227	0.0488	0.0479	0.0010	0.1514	0.1296	0.0217	0.2377	0.1444	0.0932	0.0627	0.0616	0.0011	0.1750	0.0828	0.0922	0.1584	0.0920	0.6617	0.1071	0.1093	0.0015	0.2293	0.5535	0.6998	0.0239	0.0227	0.0259	0.0512	0.0512	0.0537	0.0141	0.0014	0.0256
96	106	0.0327	2	0	0	0	0	0	0	0	0	N	N	N	N	N	N	N	N	N	N	N	N	0.0558	0.0503	0.0831	0.1102	0.1127	0.0015	0.0260	0.1466	0.0878	0.0091	0.0086	0.0124	0.0332	0.0338	0.0007	0.0023	0.0005	0.0128	0.1626	0.1717	0.1489	0.3009	0.2996	0.4783	0.0894	0.0035	0.1455	0.1938	0.5819	-0.0003	-0.0030	3.7737	3.8974	2.5241	1.6364	0.0014	0.0012	0.0002	0.0011	0.0011	0.0000	0.0003	0.0001	0.0002	0.0170	0.0107	0.0063	0.0109	0.0106	0.0002	0.0061	0.0001	0.0060	0.1538	0.1355	0.0183	0.0337	0.0331	0.0006	0.1201	0.1024	0.0177	0.1045	0.0626	0.0420	0.0362	0.0355	0.0006	0.0684	0.0270	0.0414	0.0558	0.0503	0.0831	0.1102	0.1127	0.0019	0.0260	0.1466	0.0878	0.1626	0.1717	0.1489	0.3009	0.2996	0.3739	0.0894	0.0035	0.1455
96	109	0.1231	9	1	1	0	1	0	0	0	0	N	N	N	N	N	N	N	N	N	N	N	N	0.0000	0.0000	0.0000	0.0000	0.0000	0.0000	0.0000	0.0000	0.0000	0.0000	0.0000	0.0000	0.0000	0.0000	0.0000	0.0000	0.0000	0.0000	0.0000	0.0000	3.7737	0.0000	2.5241	0.0000	0.0000	0.0000	0.0000	0.0000	0.0000	0.0000	0.0000	0.0000	0.0000	0.0000	0.0000	0.0000	0.0000	0.0000	0.0000	0.0000	0.0000	0.0000	0.0000	0.0000	0.0000	0.0000	0.0000	0.0000	0.0000	0.0000	0.0000	0.0000	0.0000	0.0000	0.0000	0.0000	0.0000	0.0000	0.0000	0.0000	0.0000	0.0000	0.0000	0.0000	0.0000	0.0000	0.0000	0.0000	0.0000	0.0000	0.0000	0.0000	0.0000	0.0000	0.0000	0.0000	0.0000	0.0000											
96	110	0.1082	8	1	1	0	1	0	0	0	0	N	N	N	N	N	N	N	N	N	N	N	N	0.0000	0.0000	0.0000	0.0000	0.0000	0.0000	0.0000	0.0000	0.0000	0.0000	0.0000	0.0000	0.0000	0.0000	0.0000	0.0007	0.0000	0.0018	0.0020	0.0000	0.0439	0.0000	0.0000	0.0000	inf	0.0000	0.0000	3.7737	0.0000	2.5241	7.1240	0.0000	0.0000	0.0000	0.0000	0.0000	0.0000	0.0000	0.0000	0.0000	0.0001	0.0000	0.0001	0.0001	0.0000	0.0001	0.0000	0.0000	0.0000	0.0000	0.0000	0.0000	0.0000	0.0000	0.0000	0.0000	0.0000	0.0000	0.0996	0.0603	0.0393	0.0358	0.0342	0.0016	0.0638	0.0260	0.0377	0.0000	0.0000	0.0000	0.0000	0.0000	0.0000	0.0000	0.0000	0.0000	0.0007	0.0000	0.0018	0.0020	0.0000	0.0439	0.0000	0.0000	0.0000				
96	111	0.1171	10	0	1	0	1	0	0	0	0	N	N	N	N	N	N	N	N	N	N	N	N	0.0000	0.0000	0.0000	0.0000	0.0000	0.0000	0.0000	0.0000	0.0000	0.0000	0.0000	0.0000	0.0000	0.0000	0.0000	0.0000	0.0000	0.0001	0.0000	0.0001	0.0001	0.0000	0.0000	0.0000	0.0000	0.0096	0.0000	-0.0000	3.7737	0.0016	2.5241	5.0076	0.0000	0.0000	0.0000	0.0000	0.0000	0.0000	0.0000	0.0000	0.0000	0.0000	0.0000	0.0000	0.0000	0.0000	0.0000	0.0000	0.0000	0.0000	0.0002	0.0002	0.0000	0.0001	0.0001	0.0000	0.0001	0.0001	0.0000	0.0694	0.0423	0.0272	0.0264	0.0247	0.0016	0.0431	0.0176	0.0255	0.0000	0.0000	0.0000	0.0000	0.0000	0.0000	0.0000	0.0000	0.0000	0.0000	0.0001	0.0000	0.0001	0.0001	0.0000	0.0000	0.0000	0.0000			
96	112	0.1103	9	0	1	0	1	0	0	0	0	N	N	N	N	N	N	N	N	N	N	N	N	0.0000	0.0000	0.0000	0.0000	0.0000	0.0000	0.0000	0.0000	0.0000	0.0000	0.0000	0.0000	0.0000	0.0000	0.0000	0.0000	0.0001	0.0000	0.0002	0.0000	0.0000	0.0000	0.0001	0.0000	0.0002	151.7908	0.0000	0.0000	3.7737	1.0012	2.5241	2.1373	0.0000	0.0000	0.0000	0.0000	0.0000	0.0000	0.0000	0.0000	0.0000	0.0000	0.0000	0.0000	0.0000	0.0000	0.0000	0.0000	0.0000	0.0000	0.0371	0.0327	0.0044	0.0087	0.0083	0.0004	0.0284	0.0244	0.0040	0.0470	0.0285	0.0185	0.0178	0.0169	0.0009	0.0292	0.0117	0.0176	0.0000	0.0000	0.0000	0.0000	0.0000	0.0000	0.0000	0.0000	0.0000	0.0001	0.0000	0.0002	0.0000	0.0000	0.0000	0.0001	0.0000	0.0002			
96	113	0.1186	9	0	1	0	0	0	0	0	0	N	N	N	N	N	N	N	N	N	N	N	N	0.0048	0.0033	0.0000	0.0000	0.0000	7.1452	44.7142	0.0000	0.0000	0.0000	0.0000	0.0000	0.0000	0.0000	0.0000	0.0000	0.0000	0.0004	0.0006	0.0000	0.0011	0.0011	0.0000	0.0000	0.0000	0.0000	0.0000	0.0006	-0.0000	-0.0000	3.7737	0.9705	2.5241	5.0371	0.0000	0.0000	0.0000	0.0000	0.0000	0.0000	0.0000	0.0000	0.0000	0.0000	0.0000	0.0000	0.0000	0.0000	0.0000	0.0000	0.0000	0.0000	0.0405	0.0359	0.0046	0.0113	0.0108	0.0005	0.0293	0.0251	0.0041	0.0837	0.0511	0.0327	0.0305	0.0291	0.0014	0.0533	0.0220	0.0313	0.0048	0.0033	0.0000	0.0000	0.0000	0.0000	7.1452	44.7142	0.0000	0.0004	0.0006	0.0000	0.0011	0.0011	0.0000	0.0000	0.0000	0.0000	
96	114	0.1103	9	0	0	1	1	0	0	0	0	N	N	N	N	N	N	N	N	N	N	N	N	0.0000	0.0000	0.0000	0.0000	0.0000	0.0000	0.0000	0.0000	0.0000	0.0000	0.0000	0.0000	0.0000	0.0001	0.0000	0.0002	0.0000	0.0000	0.0000	0.0001	0.0000	0.0002	inf	0.0000	0.0000	3.7737	0.0000	2.5241	1.1303	0.0000	0.0000	0.0000	0.0000	0.0000	0.0000	0.0000	0.0000	0.0000	0.0000	0.0000	0.0000	0.0000	0.0000	0.0000	0.0000	0.0000	0.0000	0.0000	0.0000	0.0000	0.0000	0.0000	0.0000	0.0000	0.0000	0.0000	0.0194	0.0118	0.0076	0.0076	0.0073	0.0003	0.0118	0.0045	0.0072	0.0000	0.0000	0.0000	0.0000	0.0000	0.0000	0.0000	0.0000	0.0000	0.0001	0.0000	0.0002	0.0000	0.0000	0.0000	0.0001	0.0000	0.0002						
96	115	0.1082	8	0	0	0	1	0	0	0	0	N	N	N	N	N	N	N	N	N	N	N	N	0.0000	0.0000	0.0000	0.0000	0.0000	0.0000	0.0000	0.0000	0.0000	0.0000	0.0000	0.0000	0.0000	0.0000	0.0000	0.0000	0.0000	0.0015	0.0024	0.0001	0.0039	0.0040	0.0000	0.0001	0.0000	0.0001	0.0365	0.0000	-0.0000	3.7737	0.0000	2.5241	1.2340	0.0000	0.0000	0.0000	0.0000	0.0000	0.0000	0.0000	0.0000	0.0000	0.0000	0.0000	0.0000	0.0000	0.0000	0.0000	0.0000	0.0000	0.0000	0.0000	0.0000	0.0000	0.0000	0.0000	0.0000	0.0000	0.0000	0.0000	0.0210	0.0128	0.0082	0.0080	0.0077	0.0003	0.0129	0.0050	0.0079	0.0000	0.0000	0.0000	0.0000	0.0000	0.0000	0.0000	0.0000	0.0000	0.0015	0.0024	0.0001	0.0039	0.0040	0.0000	0.0001	0.0000	0.0001		
96	116	0.1157	9	0	0	1	1	0	0	0	0	N	N	N	N	N	N	N	N	N	N	N	N	5.5670	12.9245	0.0000	7.4390	24.3481	0.0000	49.5242	inf	0.0000	0.0064	0.0073	0.0000	0.0229	0.0238	0.0000	0.0005	0.0006	0.0000	0.0012	0.0006	0.0021	0.0031	0.0010	0.0442	0.0000	0.0000	0.0000	0.0000	2.3345	-0.0001	0.0000	3.7737	0.9725	2.5241	0.9874	0.0002	0.0002	0.0000	0.0002	0.0002	0.0000	0.0000	0.0000	0.0000	0.0000	0.0000	0.0000	0.0000	0.0000	0.0000	0.0000	0.0000	0.0000	0.0387	0.0343	0.0044	0.0102	0.0098	0.0004	0.0285	0.0245	0.0040	0.0282	0.0174	0.0108	0.0105	0.0100	0.0005	0.0177	0.0074	0.0103	5.5670	12.9245	0.0000	7.4390	24.3481	0.0000	49.5242	inf	0.0000	0.0012	0.0006	0.0021	0.0031	0.0010	0.0442	0.0000	0.0000	0.0000
96	117	0.1157	9	0	0	1	1	0	0	0	0	N	N	N	N	N	N	N	N	N	N	N	N	0.0208	0.0097	2385.4753	0.0030	0.0000	inf	35.7298	14.6530	1108.7769	0.0070	0.0053	0.0252	0.0028	0.0000	0.2301	0.0101	0.0097	0.0123	0.3369	0.5495	0.0000	0.9110	0.9581	0.0000	0.0003	0.0007	0.0000	0.4278	0.0000	-0.0000	-0.0103	3.7737	0.0285	2.5241	4.0215	0.0000	0.0000	0.0000	0.0000	0.0000	0.0000	0.0000	0.0000	0.0000	0.0190	0.0190	0.0000	0.0190	0.0190	0.0000	0.0000	0.0000	0.0000	0.0032	0.0029	0.0003	0.0013	0.0013	0.0000	0.0019	0.0016	0.0003	0.0565	0.0346	0.0219	0.0209	0.0198	0.0010	0.0356	0.0148	0.0208	0.0208	0.0097	2385.4753	0.0030	0.0000	inf	35.7298	14.6530	1108.7769	0.3369	0.5495	0.0000	0.9110	0.9581	0.0000	0.0003	0.0007	0.0000
96	118	0.1082	8	0	0	1	1	0	0	0	0	N	N	N	N	N	N	N	N	N	N	N	N	1486.7790	1078.3588	0.0000	10.1723	10.1700	22731.2149	961896.0323	0.0000	0.4885	0.5540	0.0000	0.0087	0.0091	0.0000	0.6344	0.7386	0.0000	0.0003	0.0005	0.0000	0.0009	0.0009	0.0000	0.0000	0.0000	0.0000	0.0000	0.0566	-0.0207	-0.0000	3.7737	3.0275	2.5241	2.1573	0.0542	0.0542	0.0000	0.0002	0.0002	0.0000	0.0540	0.0540	0.0000	0.0000	0.0000	0.0000	0.0000	0.0000	0.0000	0.0000	0.0000	0.0000	0.1110	0.0978	0.0131	0.0259	0.0248	0.0011	0.0851	0.0731	0.0120	0.0743	0.0450	0.0293	0.0269	0.0258	0.0012	0.0474	0.0192	0.0282	1486.7790	1078.3588	0.0000	10.1723	10.1700	0.0000	22731.2149	961896.0323	0.0000	0.0003	0.0005	0.0000	0.0009	0.0009	0.0000	0.0000	0.0000	0.0000	
96	119	0.1494	8	1	1	0	0	0	0	0	0	N	N	N	N	N	N	N	N	N	N	N	N	0.0005	0.1049	0.0001	0.0029	0.0021	0.0444	0.0005	14890.2322	0.0001	0.0047	0.0049	0.0032	0.0002	0.0002	0.0016	0.0066	0.0070	0.0034	8.8622	0.0465	34.1452	0.0751	0.0764	0.0359	14.3593	0.0000	30.7828	0.0774	310.2992	-0.0001	0.3226	3.7737	2.1883	2.5241	3.1271	0.0004	0.0004	0.0000	0.0000	0.0000	0.0000	0.0004	0.0004	0.0000	0.7108	0.0023	0.7085	0.0023	0.0023	0.0000	0.7085	0.0000	0.7085	0.0928	0.0831	0.0097	0.0272	0.0262	0.0011	0.0656	0.0569	0.0087	0.0802	0.0491	0.0311	0.0309	0.0299	0.0010	0.0493	0.0192	0.0301	0.0005	0.1049	0.0001	0.0029	0.0021	0.0444	0.0005	14890.2322	0.0001	8.8622	0.0465	22.7944	0.0751	0.0764	0.0359	14.3593	0.0000	23.5361
96	120	0.0825	7	1	1	0	0	0	0	0	0	N	N	N	N	N	N	N	N	N	N	N	N	74.2563	5125.6142	93.6605	191.5940	195.3651	24.5275	63.1812	8688.7180	99.1779	3.2390	2.3527	9.9600	0.1024	0.1065	0.0034	4.1325	3.0654	10.7845	0.0436	0.0005	0.1063	0.0005	0.0005	0.0001	0.0654	0.0004	0.1087	0.5583	159.4200	-0.0378	0.0077	3.7737	13.6104	2.5241	16.0982	1.6566	1.0631	0.5935	0.0116	0.0116	0.0000	1.6450	1.0515	0.5935	0.0171	0.0001	0.0170	0.0001	0.0001	0.0000	0.0170	0.0000	0.0170	0.5115	0.4519	0.0596	0.1134	0.1088	0.0046	0.3981	0.3430	0.0550	0.3917	0.2320	0.1597	0.1316	0.1280	0.0035	0.2601	0.1040	0.1561	74.2563	5125.6142	93.6605	191.5940	195.3651	24.5275	63.1812	8688.7180	99.1779	0.0436	0.0005	0.1063	0.0005	0.0005	0.0001	0.0654	0.0004	0.1087
96	121	0.1077	9	0	1	0	0	0	0	0	0	N	N	N	N	N	N	N	N	N	N	N	N	0.0260	0.0174	2.1385	0.4372	0.3087	13.3841	0.0003	0.0000	0.7400	0.0254	0.0244	0.0348	0.0610	0.0549	0.3463	0.0007	0.0000	0.0046	0.9778	1.3985	0.0163	0.1396	0.1778	0.0259	2.3382	3.8304	0.0063	0.1546	0.0051	-0.0002	-0.1667	3.7737	0.3548	2.5241	4.6068	0.0009	0.0008	0.0001	0.0009	0.0008	0.0001	0.0000	0.0000	0.0000	0.3099	0.3084	0.0016	0.0274	0.0261	0.0013	0.2825	0.2823	0.0003	0.0363	0.0328	0.0035	0.0149	0.0145	0.0003	0.0215	0.0182	0.0032	0.3170	0.2205	0.0965	0.1961	0.1468	0.0493	0.1208	0.0737	0.0472	0.0260	0.0174	2.1385	0.4372	0.3087	13.3841	0.0003	0.0000	0.7400	0.9778	1.3985	0.0163	0.1396	0.1778	0.0259	2.3382	3.8304	0.0063
96	122	0.0928	8	0	1	0	0	0	0	0	0	N	N	N	N	N	N	N	N	N	N	N	N	0.0118	0.0070	0.1194	0.2432	0.2176	5.8255	0.0028	0.0009	0.0433	0.0372	0.0367	0.0412	0.0967	0.0888	0.3180	0.0137	0.0134	0.0153	3.1473	5.2193	0.3450	0.3978	0.4079	0.0546	4.9107	14.5652	0.3528	0.1455	0.0489	-0.0008	-0.2353	3.7737	1.6911	2.5241	5.7022	0.0031	0.0027	0.0004	0.0023	0.0020	0.0003	0.0008	0.0007	0.0001	0.4740	0.4520	0.0221	0.0234	0.0233	0.0001	0.4506	0.4286	0.0220	0.0828	0.0733	0.0095	0.0235	0.0227	0.0008	0.0593	0.0506	0.0087	0.1506	0.0866	0.0640	0.0589	0.0572	0.0017	0.0918	0.0294	0.0623	0.0118	0.0070	0.1194	0.2432	0.2176	5.8255	0.0028	0.0009	0.0433	3.1473	5.2193	0.3450	0.3978	0.4079	0.0546	4.9107	14.5652	0.3528
96	123	0.0825	7	0	0	0	0	0	0	0	0	N	N	N	N	N	N	N	N	N	N	N	N	0.1041	0.0964	0.1432	0.1391	0.1274	1184.4117	0.0891	0.1726	0.0962	0.0345	0.0333	0.0449	0.0592	0.0549	0.2211	0.0239	0.0228	0.0306	0.3317	0.3459	0.3138	0.4256	0.4311	0.0002	0.2681	0.1324	0.3175	0.1542	0.7187	-0.0010	-0.0054	3.7737	2.0929	2.5241	3.1856	0.0040	0.0035	0.0005	0.0021	0.0019	0.0002	0.0019	0.0016	0.0003	0.0435	0.0253	0.0182	0.0225	0.0225	0.0000	0.0210	0.0028	0.0182	0.1157	0.1039	0.0119	0.0349	0.0340	0.0009	0.0809	0.0699	0.0110	0.1311	0.0732	0.0580	0.0530	0.0523	0.0007	0.0781	0.0209	0.0573	0.1041	0.0964	0.1432	0.1391	0.1274	1184.4117	0.0891	0.1726	0.0962	0.3317	0.3459	0.3138	0.4256	0.4311	0.0002	0.2681	0.1324	0.3175
96	124	0.1232	10	1	1	0	0	0	0	0	0	N	N	N	N	N	N	N	N	N	N	N	N	0.0000	0.0000	0.0000	0.0000	0.0000	0.0000	0.0000	0.0000	0.0000	0.0000	0.0000	0.0000	0.0000	0.0000	0.0000	0.0000	0.0000	0.0000	0.0000	0.0000	3.7737	0.0000	2.5241	0.0000	0.0000	0.0000	0.0000	0.0000	0.0000	0.0000	0.0000	0.0000	0.0000	0.0000	0.0000	0.0000	0.0000	0.0000	0.0000	0.0000	0.0000	0.0000	0.0000	0.0000	0.0000	0.0000	0.0000	0.0000	0.0000	0.0000	0.0000	0.0000	0.0000	0.0000	0.0000	0.0000	0.0000	0.0000	0.0000	0.0000	0.0000	0.0000	0.0000	0.0000	0.0000	0.0000	0.0000	0.0000	0.0000	0.0000	0.0000	0.0000	0.0000	0.0000	0.0000	0.0000	0.0000	0.0000											
96	125	0.1186	9	1	1	0	0	0	0	0	0	N	N	N	N	N	N	N	N	N	N	N	N	0.0812	0.0590	0.0000	0.0000	0.0000	0.0000	1.4445	84.2699	0.0000	0.0000	0.0000	0.0000	0.0000	0.0000	0.0000	0.0000	0.0000	0.0000	0.0001	0.0001	0.0000	0.0002	0.0003	0.0000	0.0000	0.0000	0.0000	0.0000	0.0636	-0.0000	-0.0000	3.7737	0.1434	2.5241	1.9839	0.0000	0.0000	0.0000	0.0000	0.0000	0.0000	0.0000	0.0000	0.0000	0.0000	0.0000	0.0000	0.0000	0.0000	0.0000	0.0000	0.0000	0.0000	0.0099	0.0089	0.0010	0.0040	0.0039	0.0001	0.0059	0.0050	0.0008	0.0319	0.0196	0.0122	0.0118	0.0113	0.0005	0.0200	0.0083	0.0117	0.0812	0.0590	0.0000	0.0000	0.0000	0.0000	1.4445	84.2699	0.0000	0.0001	0.0001	0.0000	0.0002	0.0003	0.0000	0.0000	0.0000	0.0000
96	126	0.1082	8	0	1	0	0	0	0	0	0	N	N	N	N	N	N	N	N	N	N	N	N	12.7797	11.5567	0.0000	0.0000	0.0000	44.0878	19489.0109	0.0000	0.0022	0.0024	0.0000	0.0000	0.0000	0.0000	0.0028	0.0033	0.0000	0.0002	0.0002	0.0001	0.0004	0.0004	0.0000	0.0001	0.0000	0.0001	0.0000	0.3171	-0.0001	-0.0000	3.7737	1.8882	2.5241	2.9115	0.0001	0.0001	0.0000	0.0000	0.0000	0.0000	0.0001	0.0001	0.0000	0.0000	0.0000	0.0000	0.0000	0.0000	0.0000	0.0000	0.0000	0.0000	0.0696	0.0614	0.0082	0.0163	0.0156	0.0007	0.0534	0.0458	0.0075	0.0693	0.0419	0.0273	0.0251	0.0240	0.0011	0.0441	0.0179	0.0262	12.7797	11.5567	0.0000	0.0000	0.0000	0.0000	44.0878	19489.0109	0.0000	0.0002	0.0002	0.0001	0.0004	0.0004	0.0000	0.0001	0.0000	0.0001	
96	127	0.0825	7	0	0	0	0	0	0	0	0	N	N	N	N	N	N	N	N	N	N	N	N	0.0947	0.0534	6.8525	0.1262	0.1133	46409.6659	0.2693	0.0048	1.4131	0.0110	0.0107	0.0137	0.0397	0.0364	0.1466	0.0004	0.0000	0.0029	0.1161	0.1996	0.0020	0.3148	0.3213	0.0000	0.0015	0.0004	0.0020	0.1567	0.0073	-0.0005	-0.0135	3.7737	3.5543	2.5241	9.0319	0.0019	0.0016	0.0003	0.0018	0.0016	0.0002	0.0000	0.0000	0.0000	0.0252	0.0250	0.0002	0.0250	0.0250	0.0000	0.0002	0.0000	0.0002	0.1687	0.1504	0.0183	0.0454	0.0441	0.0014	0.1233	0.1063	0.0170	0.2170	0.1253	0.0917	0.0794	0.0778	0.0016	0.1377	0.0475	0.0901	0.0947	0.0534	6.8525	0.1262	0.1133	46409.6659	0.2693	0.0048	1.4131	0.1161	0.1996	0.0020	0.3148	0.3213	0.0000	0.0015	0.0004	0.0020
96	128	0.0788	6	0	0	0	0	0	0	0	0	N	N	N	N	N	N	N	N	N	N	N	N	15.1537	0.0428	309.6659	6.1463	0.0676	495614.2213	49.9020	721.5142	273.7068	7.2541	0.0315	57.6864	5.2458	0.0580	117.9249	8.0161	0.0200	51.2428	0.4787	0.7343	0.1863	0.8535	0.8578	0.0002	0.1606	0.0000	0.1872	262.6817	0.2218	0.5819	-0.0322	3.7737	2.6246	2.5241	0.7212	0.9459	0.0036	0.9423	0.1881	0.0020	0.1861	0.7578	0.0016	0.7562	0.0892	0.0730	0.0162	0.0730	0.0730	0.0000	0.0162	0.0000	0.0162	0.1304	0.1141	0.0163	0.0359	0.0343	0.0016	0.0945	0.0798	0.0148	0.1864	0.0994	0.0869	0.0856	0.0851	0.0004	0.1008	0.0143	0.0865	15.1537	0.0428	309.6659	6.1463	0.0676	495614.2213	49.9020	721.5142	273.7068	0.4787	0.7343	0.1863	0.8535	0.8578	0.0002	0.1606	0.0000	0.1872
96	129	0.0731	5	0	0	0	0	0	0	0	0	N	N	N	N	N	N	N	N	N	N	N	N	9.3100	1.4416	114.6493	2.6105	0.9059	21433.4310	32.1265	215.6913	100.8605	0.1326	0.0254	0.9624	0.0910	0.0326	3.1532	0.1462	0.0227	0.8705	0.0142	0.0176	0.0084	0.0348	0.0360	0.0001	0.0046	0.0001	0.0086	4.9008	0.2739	0.0086	-0.0003	3.7737	3.3474	2.5241	1.3769	0.0192	0.0033	0.0160	0.0033	0.0011	0.0021	0.0160	0.0021	0.0139	0.0009	0.0007	0.0002	0.0007	0.0007	0.0000	0.0002	0.0000	0.0002	0.1451	0.1285	0.0166	0.0358	0.0351	0.0007	0.1093	0.0934	0.0159	0.0599	0.0381	0.0219	0.0192	0.0186	0.0006	0.0408	0.0195	0.0213	9.3100	1.4416	114.6493	2.6105	0.9059	21433.4310	32.1265	215.6913	100.8605	0.0142	0.0176	0.0084	0.0348	0.0360	0.0001	0.0046	0.0001	0.0086
96	130	0.0642	4	0	0	0	0	0	0	0	0	N	N	N	N	N	N	N	N	N	N	N	N	64.0789	66.8312	177.2181	35.3025	24.0536	1395.1356	82.8265	4577.4358	151.7080	0.0391	0.0231	0.1829	0.0255	0.0173	1.2551	0.0464	0.0269	0.1571	0.0006	0.0003	0.0010	0.0007	0.0007	0.0009	0.0006	0.0000	0.0010	0.8757	1.8598	0.0001	0.0000	3.7737	0.4686	2.5241	4.0374	0.0014	0.0007	0.0006	0.0003	0.0002	0.0001	0.0011	0.0005	0.0005	0.0000	0.0000	0.0000	0.0000	0.0000	0.0000	0.0000	0.0000	0.0000	0.0351	0.0316	0.0035	0.0123	0.0123	0.0001	0.0228	0.0194	0.0034	0.0555	0.0342	0.0213	0.0168	0.0163	0.0005	0.0387	0.0178	0.0208	64.0789	66.8312	177.2181	35.3025	24.0536	1395.1356	82.8265	4577.4358	151.7080	0.0006	0.0003	0.0010	0.0007	0.0007	0.0009	0.0006	0.0000	0.0010
97	98	0.1311	12	0	1	0	0	0	0	0	0	N	N	N	N	N	N	N	N	N	N	N	N	5.4198	4.0541	0.0999	5.1757	5.1415	0.4821	7.6274	inf	0.0008	0.0087	0.0099	0.0000	0.0310	0.0329	0.0002	0.0011	0.0013	0.0000	0.0016	0.0024	0.0003	0.0060	0.0064	0.0005	0.0001	0.0000	0.0003	0.0004	0.0803	-0.0003	-0.0001	6.4922	1.3608	4.5502	12.1483	0.0007	0.0007	0.0000	0.0006	0.0006	0.0000	0.0001	0.0001	0.0000	0.0003	0.0003	0.0000	0.0003	0.0003	0.0000	0.0000	0.0000	0.0000	0.0774	0.0682	0.0092	0.0196	0.0185	0.0011	0.0577	0.0497	0.0081	0.1974	0.1205	0.0770	0.0493	0.0459	0.0034	0.1481	0.0746	0.0735	5.4198	4.0541	0.0999	5.1757	5.1415	0.4821	7.6274	inf	0.0008	0.0016	0.0024	0.0003	0.0060	0.0064	0.0005	0.0001	0.0000	0.0003
97	99	0.1274	11	0	0	0	0	0	0	0	0	N	N	N	N	N	N	N	N	N	N	N	N	112.5578	278.9222	20.3840	715.8657	793.8595	212.8804	26.9179	100.7242	1.4864	0.1463	0.1608	0.0513	0.5603	0.5764	0.3804	0.0405	0.0468	0.0038	0.0013	0.0006	0.0025	0.0008	0.0007	0.0018	0.0015	0.0005	0.0025	0.0489	2.5924	-0.0043	0.0000	6.4922	1.5300	4.5502	0.7696	0.0127	0.0122	0.0006	0.0099	0.0094	0.0006	0.0028	0.0028	0.0000	0.0001	0.0000	0.0000	0.0000	0.0000	0.0000	0.0000	0.0000	0.0000	0.0872	0.0756	0.0116	0.0177	0.0163	0.0015	0.0694	0.0593	0.0101	0.0409	0.0257	0.0153	0.0116	0.0110	0.0006	0.0293	0.0147	0.0146	112.5578	278.9222	20.3840	715.8657	793.8595	212.8804	26.9179	100.7242	1.4864	0.0013	0.0006	0.0025	0.0008	0.0007	0.0018	0.0015	0.0005	0.0025
97	100	0.1186	10	0	0	0	0	0	0	0	0	N	N	N	N	N	N	N	N	N	N	N	N	110.0482	24221.9895	3.0510	6447.1525	73577.3228	85.1904	0.5066	4082.3185	0.7288	5.6625	6.4506	0.3930	49.4470	51.6141	7.0736	0.0333	0.0231	0.0957	0.0515	0.0003	0.1288	0.0077	0.0007	0.0830	0.0658	0.0000	0.1313	0.0091	320.0690	-0.3634	0.0018	6.4922	3.6906	4.5502	1.4800	0.9769	0.9681	0.0088	0.9718	0.9650	0.0068	0.0051	0.0030	0.0021	0.0039	0.0000	0.0039	0.0001	0.0000	0.0001	0.0037	0.0000	0.0037	0.1725	0.1501	0.0224	0.0197	0.0187	0.0010	0.1529	0.1314	0.0215	0.0753	0.0453	0.0300	0.0185	0.0170	0.0016	0.0567	0.0283	0.0284	110.0482	24221.9895	3.0510	6447.1525	73577.3228	85.1904	0.5066	4082.3185	0.7288	0.0515	0.0003	0.1288	0.0077	0.0007	0.0830	0.0658	0.0000	0.1313
97	101	0.1186	9	0	0	0	0	0	0	0	0	N	N	N	N	N	N	N	N	N	N	N	N	306.9418	227.2385	1060.4049	378.7946	321.7356	19502.1400	263.1515	3075.8374	918.3567	1.1622	0.6769	5.5194	2.1766	2.0004	14.4354	0.7387	0.0463	5.1321	0.0038	0.0030	0.0052	0.0057	0.0062	0.0007	0.0028	0.0000	0.0056	0.9082	0.9946	0.0013	-0.0000	6.4922	0.1361	4.5502	0.4500	0.0138	0.0072	0.0066	0.0076	0.0069	0.0007	0.0062	0.0003	0.0058	0.0000	0.0000	0.0000	0.0000	0.0000	0.0000	0.0000	0.0000	0.0000	0.0118	0.0107	0.0012	0.0035	0.0034	0.0000	0.0084	0.0072	0.0011	0.0118	0.0075	0.0043	0.0039	0.0036	0.0003	0.0079	0.0039	0.0040	306.9418	227.2385	1060.4049	378.7946	321.7356	19502.1400	263.1515	3075.8374	918.3567	0.0038	0.0030	0.0052	0.0057	0.0062	0.0007	0.0028	0.0000	0.0056
97	102	0.1027	8	0	0	0	0	0	0	0	0	N	N	N	N	N	N	N	N	N	N	N	N	2.1072	101.9317	1.8039	180.5938	162.6195	577.3316	0.2483	1675.2216	0.9044	0.2621	0.2261	0.5451	1.1007	0.9888	3.6578	0.0396	0.0029	0.2821	0.1244	0.0022	0.3022	0.0061	0.0061	0.0063	0.1595	0.0000	0.3119	0.3065	93.5992	-0.0078	0.0071	6.4922	3.5591	4.5502	4.5341	0.0531	0.0406	0.0125	0.0467	0.0402	0.0065	0.0063	0.0004	0.0059	0.0159	0.0002	0.0157	0.0002	0.0002	0.0000	0.0157	0.0000	0.0157	0.2025	0.1796	0.0228	0.0425	0.0407	0.0018	0.1600	0.1389	0.0211	0.1276	0.0756	0.0520	0.0292	0.0276	0.0016	0.0984	0.0480	0.0503	2.1072	101.9317	1.8039	180.5938	162.6195	577.3316	0.2483	1675.2216	0.9044	0.1244	0.0022	0.3022	0.0061	0.0061	0.0063	0.1595	0.0000	0.3119
97	103	0.0810	7	0	0	0	0	0	0	0	0	N	N	N	N	N	N	N	N	N	N	N	N	0.9830	279.5730	0.0336	438.9312	438.8504	136.9754	0.0081	2.9348	0.0269	5.5961	6.3676	0.4510	30.8392	32.3673	1.5548	0.0564	0.0018	0.3699	5.6927	0.0228	13.4249	0.0703	0.0738	0.0114	6.9701	0.0006	13.7619	0.0106	432.2253	-0.3490	0.4227	6.4922	2.8937	4.5502	8.0733	0.9417	0.9318	0.0099	0.9339	0.9316	0.0023	0.0078	0.0002	0.0076	0.9295	0.0021	0.9273	0.0021	0.0021	0.0000	0.9274	0.0000	0.9273	0.1683	0.1463	0.0219	0.0303	0.0288	0.0015	0.1380	0.1176	0.0204	0.1633	0.0942	0.0691	0.0302	0.0285	0.0017	0.1330	0.0657	0.0674	0.9830	279.5730	0.0336	438.9312	438.8504	136.9754	0.0081	2.9348	0.0269	5.6927	0.0228	13.4249	0.0703	0.0738	0.0114	6.9701	0.0006	13.7619
97	104	0.0758	3	0	1	0	0	0	0	0	0	N	N	N	N	N	N	N	N	N	N	N	N	0.0568	0.0580	0.0020	0.0882	0.0861	0.0000	0.0011	0.0194	0.0019	0.0025	0.0029	0.0001	0.0089	0.0090	0.0000	0.0000	0.0000	0.0001	0.0439	0.0498	0.0286	0.1006	0.1043	0.0167	0.0121	0.0002	0.0293	0.0032	0.2208	-0.0000	-0.0007	6.4922	0.0277	4.5502	1.3445	0.0000	0.0000	0.0000	0.0000	0.0000	0.0000	0.0000	0.0000	0.0000	0.0020	0.0016	0.0004	0.0016	0.0016	0.0000	0.0004	0.0000	0.0003	0.0023	0.0020	0.0003	0.0007	0.0006	0.0000	0.0017	0.0014	0.0003	0.0452	0.0326	0.0126	0.0162	0.0156	0.0007	0.0289	0.0171	0.0119	0.0568	0.0580	0.0020	0.0882	0.0861	0.0000	0.0011	0.0194	0.0019	0.0439	0.0498	0.0286	0.1006	0.1043	0.0167	0.0121	0.0002	0.0293
97	105	0.0291	2	0	1	0	0	0	0	0	0	N	N	N	N	N	N	N	N	N	N	N	N	0.0646	0.8320	0.0005	3.6752	3.7569	0.0007	0.0002	0.0185	0.0005	0.0419	0.0491	0.0007	0.4240	0.4307	0.0002	0.0002	0.0001	0.0007	0.6489	0.0590	1.3234	0.1154	0.1146	0.3303	0.8433	0.0038	1.3257	0.0026	19.6004	-0.0042	0.1376	6.4922	5.1414	4.5502	16.4151	0.0110	0.0110	0.0000	0.0110	0.0110	0.0000	0.0000	0.0000	0.0000	0.3369	0.0164	0.3205	0.0160	0.0158	0.0002	0.3209	0.0005	0.3204	0.2627	0.2235	0.0393	0.0259	0.0255	0.0004	0.2369	0.1980	0.0389	0.5192	0.2770	0.2422	0.1386	0.1381	0.0006	0.3805	0.1389	0.2416	0.0646	0.8320	0.0005	3.6752	3.7569	0.0008	0.0002	0.0185	0.0005	0.6489	0.0590	1.3234	0.1154	0.1146	0.2997	0.8433	0.0038	1.3257
97	109	0.1113	8	1	1	0	1	0	0	0	0	N	N	N	N	N	N	N	N	N	N	N	N	0.0000	0.0000	0.0000	0.0000	0.0000	0.0000	0.0000	0.0000	0.0000	0.0000	0.0000	0.0000	0.0000	0.0000	0.0000	0.0000	0.0000	0.0000	0.0000	0.0000	6.4922	0.0000	4.5502	0.0000	0.0000	0.0000	0.0000	0.0000	0.0000	0.0000	0.0000	0.0000	0.0000	0.0000	0.0000	0.0000	0.0000	0.0000	0.0000	0.0000	0.0000	0.0000	0.0000	0.0000	0.0000	0.0000	0.0000	0.0000	0.0000	0.0000	0.0000	0.0000	0.0000	0.0000	0.0000	0.0000	0.0000	0.0000	0.0000	0.0000	0.0000	0.0000	0.0000	0.0000	0.0000	0.0000	0.0000	0.0000	0.0000	0.0000	0.0000	0.0000	0.0000	0.0000	0.0000	0.0000	0.0000	0.0000											
97	110	0.0963	7	1	1	0	1	0	0	0	0	N	N	N	N	N	N	N	N	N	N	N	N	0.0000	0.0000	0.0000	0.0000	0.0000	0.0000	0.0000	0.0000	0.0000	0.0000	0.0000	0.0000	0.0000	0.0000	0.0000	0.0000	0.0000	0.0000	0.0420	0.0013	0.0994	0.1666	0.0039	2.5627	0.0065	0.0000	0.0130	53.5761	0.0000	0.0019	6.4922	0.0000	4.5502	7.1240	0.0000	0.0000	0.0000	0.0000	0.0000	0.0000	0.0000	0.0000	0.0000	0.0044	0.0001	0.0043	0.0039	0.0001	0.0038	0.0005	0.0000	0.0005	0.0000	0.0000	0.0000	0.0000	0.0000	0.0000	0.0000	0.0000	0.0000	0.1055	0.0618	0.0438	0.0234	0.0210	0.0023	0.0822	0.0407	0.0414	0.0000	0.0000	0.0000	0.0000	0.0000	0.0000	0.0000	0.0000	0.0000	0.0420	0.0013	0.0994	0.1666	0.0039	1.6353	0.0065	0.0000	0.0130	
97	111	0.1053	9	0	1	0	1	0	0	0	0	N	N	N	N	N	N	N	N	N	N	N	N	0.0000	0.0000	0.0000	0.0000	0.0000	0.0000	0.0000	0.0000	0.0000	0.0000	0.0000	0.0000	0.0000	0.0000	0.0000	0.0000	0.0000	0.0000	0.0000	0.0000	0.0000	0.0000	0.0000	0.0000	0.0000	0.0000	0.0000	6.8322	0.0000	0.0000	6.4922	0.0016	4.5502	5.0076	0.0000	0.0000	0.0000	0.0000	0.0000	0.0000	0.0000	0.0000	0.0000	0.0000	0.0000	0.0000	0.0000	0.0000	0.0000	0.0000	0.0000	0.0000	0.0003	0.0002	0.0000	0.0001	0.0001	0.0000	0.0002	0.0001	0.0000	0.0721	0.0426	0.0294	0.0178	0.0153	0.0025	0.0542	0.0273	0.0269	0.0000	0.0000	0.0000	0.0000	0.0000	0.0000	0.0000	0.0000	0.0000	0.0000	0.0000	0.0000	0.0000	0.0000	0.0000	0.0000	0.0000	0.0000	
97	112	0.0985	8	0	1	0	1	0	0	0	0	N	N	N	N	N	N	N	N	N	N	N	N	0.0000	0.0000	0.0000	0.0000	0.0000	0.0000	0.0000	0.0000	0.0000	0.0000	0.0000	0.0000	0.0000	0.0000	0.0000	0.0000	0.0000	0.0000	0.0024	0.0004	0.0052	0.0010	0.0010	0.0010	0.0028	0.0000	0.0055	8.9045	0.0000	0.0000	6.4922	1.0012	4.5502	2.1373	0.0000	0.0000	0.0000	0.0000	0.0000	0.0000	0.0000	0.0000	0.0000	0.0001	0.0000	0.0001	0.0000	0.0000	0.0000	0.0001	0.0000	0.0001	0.0459	0.0398	0.0061	0.0046	0.0044	0.0002	0.0413	0.0354	0.0059	0.0510	0.0301	0.0209	0.0132	0.0119	0.0013	0.0378	0.0182	0.0196	0.0000	0.0000	0.0000	0.0000	0.0000	0.0000	0.0000	0.0000	0.0000	0.0024	0.0004	0.0052	0.0010	0.0010	0.0010	0.0028	0.0000	0.0055	
97	113	0.1068	8	0	1	0	0	0	0	0	0	N	N	N	N	N	N	N	N	N	N	N	N	3.1023	2.3907	0.0000	0.0000	0.0000	0.0000	24.2505	7452.1362	0.0000	0.0098	0.0111	0.0000	0.0000	0.0000	0.0000	0.0119	0.0139	0.0000	0.0031	0.0047	0.0009	0.0118	0.0131	0.0001	0.0005	0.0000	0.0010	0.0000	0.1365	-0.0002	-0.0001	6.4922	0.9705	4.5502	5.0371	0.0005	0.0005	0.0000	0.0000	0.0000	0.0000	0.0005	0.0005	0.0000	0.0003	0.0002	0.0000	0.0002	0.0002	0.0000	0.0000	0.0000	0.0000	0.0522	0.0457	0.0065	0.0094	0.0090	0.0004	0.0428	0.0367	0.0061	0.0841	0.0499	0.0342	0.0198	0.0178	0.0020	0.0643	0.0321	0.0322	3.1023	2.3907	0.0000	0.0000	0.0000	0.0000	24.2505	7452.1362	0.0000	0.0031	0.0047	0.0009	0.0118	0.0131	0.0001	0.0005	0.0000	0.0010
97	114	0.0985	8	0	0	1	1	0	0	0	0	N	N	N	N	N	N	N	N	N	N	N	N	0.0000	0.0000	0.0000	0.0000	0.0000	0.0000	0.0000	0.0000	0.0000	0.0000	0.0000	0.0000	0.0000	0.0000	0.0000	0.0000	0.0000	0.0049	0.0001	0.0119	0.0004	0.0002	0.0027	0.0068	0.0000	0.0124	83.0673	0.0000	0.0000	6.4922	0.0000	4.5502	1.1303	0.0000	0.0000	0.0000	0.0000	0.0000	0.0000	0.0000	0.0000	0.0000	0.0001	0.0000	0.0001	0.0000	0.0000	0.0000	0.0001	0.0000	0.0001	0.0000	0.0000	0.0000	0.0000	0.0000	0.0000	0.0000	0.0000	0.0000	0.0225	0.0134	0.0091	0.0068	0.0063	0.0005	0.0157	0.0071	0.0086	0.0000	0.0000	0.0000	0.0000	0.0000	0.0000	0.0000	0.0000	0.0000	0.0049	0.0001	0.0119	0.0004	0.0002	0.0027	0.0068	0.0000	0.0124		
97	115	0.0963	7	0	0	0	1	0	0	0	0	N	N	N	N	N	N	N	N	N	N	N	N	0.0000	0.0000	0.0000	0.0000	0.0000	0.0000	0.0000	0.0000	0.0000	0.0000	0.0000	0.0000	0.0000	0.0000	0.0000	0.0000	0.0000	0.0000	0.0186	0.0247	0.0097	0.0473	0.0502	0.0027	0.0072	0.0038	0.0101	0.2682	0.0000	-0.0001	6.4922	0.0000	4.5502	1.2340	0.0000	0.0000	0.0000	0.0000	0.0000	0.0000	0.0000	0.0000	0.0000	0.0005	0.0004	0.0001	0.0003	0.0003	0.0000	0.0001	0.0000	0.0001	0.0000	0.0000	0.0000	0.0000	0.0000	0.0000	0.0000	0.0000	0.0000	0.0243	0.0145	0.0098	0.0069	0.0065	0.0004	0.0173	0.0080	0.0094	0.0000	0.0000	0.0000	0.0000	0.0000	0.0000	0.0000	0.0000	0.0000	0.0186	0.0247	0.0097	0.0473	0.0502	0.0027	0.0072	0.0038	0.0101	
97	116	0.1038	8	0	0	1	1	0	0	0	0	N	N	N	N	N	N	N	N	N	N	N	N	585.4597	589.3571	17.3843	1023.8436	1032.0618	22.8810	11.8223	3697.9891	18.8506	0.6603	0.7590	0.0153	3.3797	3.7872	0.0034	0.0053	0.0034	0.0176	0.0011	0.0013	0.0009	0.0033	0.0037	0.0002	0.0005	0.0000	0.0009	0.0031	0.4457	-0.0131	-0.0000	6.4922	0.9725	4.5502	0.9874	0.0347	0.0346	0.0001	0.0345	0.0344	0.0000	0.0002	0.0001	0.0001	0.0000	0.0000	0.0000	0.0000	0.0000	0.0000	0.0000	0.0000	0.0000	0.0525	0.0455	0.0070	0.0102	0.0091	0.0011	0.0423	0.0365	0.0059	0.0294	0.0178	0.0116	0.0070	0.0062	0.0007	0.0224	0.0116	0.0109	585.4597	589.3571	17.3843	1023.8436	1032.0618	22.8810	11.8223	3697.9891	18.8506	0.0011	0.0013	0.0009	0.0033	0.0037	0.0002	0.0005	0.0000	0.0009
97	117	0.1038	8	0	0	1	1	0	0	0	0	N	N	N	N	N	N	N	N	N	N	N	N	0.3680	0.0020	115.1143	29.5414	0.2373	91249.5215	0.0018	0.0002	0.8421	0.1205	0.0011	0.7857	0.2179	0.0020	1.1171	0.0008	0.0002	0.0061	0.3274	0.5427	0.0068	0.0074	0.0083	0.0000	0.4224	0.8687	0.0073	126.9379	0.0085	0.0006	-0.0102	6.4922	0.0285	4.5502	4.0215	0.0010	0.0000	0.0010	0.0010	0.0000	0.0010	0.0000	0.0000	0.0000	0.0191	0.0190	0.0002	0.0001	0.0001	0.0000	0.0190	0.0189	0.0002	0.0083	0.0070	0.0013	0.0046	0.0037	0.0009	0.0037	0.0034	0.0004	0.0584	0.0349	0.0235	0.0134	0.0119	0.0015	0.0450	0.0230	0.0220	0.3680	0.0020	115.1143	29.5414	0.2373	91249.5215	0.0018	0.0002	0.8421	0.3274	0.5427	0.0068	0.0074	0.0083	0.0000	0.4224	0.8184	0.0073
97	118	0.0963	7	0	0	1	1	0	0	0	0	N	N	N	N	N	N	N	N	N	N	N	N	31.7055	86.5901	0.0508	447.6861	468.8657	0.2125	11.6692	38.3039	0.0488	0.0580	0.0668	0.0002	0.3567	0.3749	0.0002	0.0249	0.0290	0.0002	0.0018	0.0008	0.0033	0.0008	0.0008	0.0008	0.0021	0.0008	0.0035	0.0004	3.0403	-0.0030	0.0000	6.4922	3.0275	4.5502	2.1573	0.0080	0.0080	0.0000	0.0049	0.0049	0.0000	0.0031	0.0031	0.0000	0.0001	0.0000	0.0001	0.0000	0.0000	0.0000	0.0001	0.0000	0.0001	0.1373	0.1190	0.0183	0.0137	0.0130	0.0007	0.1236	0.1060	0.0176	0.0792	0.0464	0.0328	0.0180	0.0163	0.0017	0.0612	0.0301	0.0311	31.7055	86.5901	0.0508	447.6861	468.8657	0.2125	11.6692	38.3039	0.0488	0.0018	0.0008	0.0033	0.0008	0.0008	0.0008	0.0021	0.0008	0.0035
97	119	0.1376	7	1	1	0	0	0	0	0	0	N	N	N	N	N	N	N	N	N	N	N	N	0.0043	0.1273	0.0099	0.7073	0.2264	120.6646	0.0001	0.0030	0.0004	0.0131	0.0046	0.0767	0.0606	0.0205	0.6516	0.0005	0.0000	0.0035	3.0526	0.0360	7.7674	0.0856	0.0908	0.0054	4.0680	0.0006	8.0851	2.2367	137.8889	0.0005	0.1184	6.4922	2.1883	4.5502	3.1271	0.0016	0.0005	0.0011	0.0016	0.0005	0.0011	0.0000	0.0000	0.0000	0.2631	0.0019	0.2612	0.0019	0.0019	0.0000	0.2612	0.0000	0.2612	0.1248	0.1100	0.0147	0.0262	0.0246	0.0017	0.0985	0.0855	0.0131	0.0862	0.0526	0.0336	0.0220	0.0207	0.0013	0.0642	0.0319	0.0323	0.0043	0.1273	0.0099	0.7073	0.2264	120.6646	0.0001	0.0030	0.0004	3.0526	0.0360	7.7674	0.0856	0.0908	0.0054	4.0680	0.0006	8.0851
97	120	0.0706	6	1	1	0	0	0	0	0	0	N	N	N	N	N	N	N	N	N	N	N	N	171.9325	1768.3031	102.5585	5074.2744	4972.5158	1199.7170	29.8030	66.5076	103.0378	3.5616	3.3851	4.7357	28.2753	29.4624	0.4114	0.7098	0.0252	4.8804	0.0207	0.0019	0.0462	0.0056	0.0059	0.0003	0.0238	0.0004	0.0474	0.2102	17.8111	-0.4853	0.0033	6.4922	13.6104	4.5502	16.0982	2.3404	1.9339	0.4065	1.9222	1.9211	0.0011	0.4181	0.0128	0.4054	0.0082	0.0004	0.0078	0.0004	0.0004	0.0000	0.0078	0.0001	0.0078	0.6571	0.5713	0.0858	0.0680	0.0652	0.0028	0.5891	0.5061	0.0831	0.3964	0.2280	0.1684	0.0674	0.0631	0.0043	0.3290	0.1649	0.1641	171.9325	1768.3031	102.5585	5074.2744	4972.5158	1199.7170	29.8030	66.5076	103.0378	0.0207	0.0019	0.0462	0.0056	0.0059	0.0003	0.0238	0.0004	0.0474
97	121	0.0959	8	0	1	0	0	0	0	0	0	N	N	N	N	N	N	N	N	N	N	N	N	0.2717	0.0344	4.6927	2.3163	0.3381	192.5268	0.0031	0.0003	0.0498	0.2507	0.0409	1.8140	0.5808	0.0877	10.6307	0.0040	0.0006	0.0200	0.9229	1.1900	0.3866	0.2508	0.2595	0.0552	1.2914	2.1497	0.4024	5.9500	0.1618	0.0072	-0.0549	6.4922	0.3548	4.5502	4.6068	0.0151	0.0022	0.0129	0.0150	0.0022	0.0128	0.0001	0.0000	0.0001	0.1360	0.1170	0.0189	0.0131	0.0130	0.0001	0.1229	0.1041	0.0188	0.0602	0.0531	0.0071	0.0257	0.0245	0.0012	0.0344	0.0285	0.0059	0.1473	0.0983	0.0490	0.0522	0.0499	0.0022	0.0952	0.0484	0.0467	0.2717	0.0344	4.6927	2.3163	0.3381	192.5268	0.0031	0.0003	0.0498	0.9229	1.1900	0.3866	0.2508	0.2595	0.0552	1.2914	2.1497	0.4024
97	122	0.0810	7	0	1	0	0	0	0	0	0	N	N	N	N	N	N	N	N	N	N	N	N	0.2686	0.0630	14.7042	5.6371	1.9409	341.1567	0.0020	0.0000	0.1596	0.4165	0.1620	2.1560	1.7580	0.6316	23.2973	0.0037	0.0002	0.0237	1.5504	2.5730	0.1466	0.3119	0.3254	0.0683	1.8460	3.6088	0.1486	1.9470	0.0415	0.0133	-0.0893	6.4922	1.6911	4.5502	5.7022	0.0476	0.0162	0.0315	0.0473	0.0161	0.0312	0.0003	0.0000	0.0003	0.1775	0.1704	0.0071	0.0069	0.0068	0.0001	0.1706	0.1636	0.0070	0.1144	0.0998	0.0146	0.0269	0.0256	0.0013	0.0874	0.0742	0.0133	0.1145	0.0662	0.0482	0.0221	0.0209	0.0012	0.0924	0.0453	0.0471	0.2686	0.0630	14.7042	5.6371	1.9409	341.1567	0.0020	0.0000	0.1596	1.5504	2.5730	0.1466	0.3119	0.3254	0.0683	1.8460	3.6088	0.1486
97	123	0.0706	6	0	0	0	0	0	0	0	0	N	N	N	N	N	N	N	N	N	N	N	N	5.4404	8.4599	13.2295	236.5134	144.2287	2047.5268	1.1030	0.0036	4.7453	0.4127	0.2174	1.9101	1.3097	0.7699	18.6245	0.1016	0.0001	0.7007	0.0759	0.0257	0.1444	0.0055	0.0053	0.0091	0.0922	0.0348	0.1477	1.1458	4.1127	0.0104	0.0016	6.4922	2.0929	4.5502	3.1856	0.0683	0.0318	0.0364	0.0558	0.0318	0.0240	0.0125	0.0000	0.0125	0.0063	0.0012	0.0050	0.0001	0.0001	0.0000	0.0062	0.0011	0.0050	0.1654	0.1463	0.0191	0.0426	0.0413	0.0013	0.1228	0.1050	0.0178	0.0825	0.0476	0.0349	0.0155	0.0147	0.0008	0.0670	0.0329	0.0341	5.4404	8.4599	13.2295	236.5134	144.2287	2047.5268	1.1030	0.0036	4.7453	0.0759	0.0257	0.1444	0.0055	0.0053	0.0091	0.0922	0.0348	0.1477
97	124	0.1114	9	1	1	0	0	0	0	0	0	N	N	N	N	N	N	N	N	N	N	N	N	0.0000	0.0000	0.0000	0.0000	0.0000	0.0000	0.0000	0.0000	0.0000	0.0000	0.0000	0.0000	0.0000	0.0000	0.0000	0.0000	0.0000	0.0000	0.0000	0.0000	6.4922	0.0000	4.5502	0.0000	0.0000	0.0000	0.0000	0.0000	0.0000	0.0000	0.0000	0.0000	0.0000	0.0000	0.0000	0.0000	0.0000	0.0000	0.0000	0.0000	0.0000	0.0000	0.0000	0.0000	0.0000	0.0000	0.0000	0.0000	0.0000	0.0000	0.0000	0.0000	0.0000	0.0000	0.0000	0.0000	0.0000	0.0000	0.0000	0.0000	0.0000	0.0000	0.0000	0.0000	0.0000	0.0000	0.0000	0.0000	0.0000	0.0000	0.0000	0.0000	0.0000	0.0000	0.0000	0.0000	0.0000	0.0000											
97	125	0.1068	8	1	1	0	0	0	0	0	0	N	N	N	N	N	N	N	N	N	N	N	N	15.8617	10.8897	0.0000	0.0000	0.0000	0.0000	1316.2362	13638.7788	0.0000	0.0355	0.0396	0.0000	0.0000	0.0000	0.0000	0.0570	0.0665	0.0000	0.0022	0.0036	0.0001	0.0086	0.0093	0.0004	0.0000	0.0000	0.0001	0.0000	0.0184	-0.0002	-0.0000	6.4922	0.1434	4.5502	1.9839	0.0005	0.0005	0.0000	0.0000	0.0000	0.0000	0.0005	0.0005	0.0000	0.0001	0.0001	0.0000	0.0001	0.0001	0.0000	0.0000	0.0000	0.0000	0.0144	0.0129	0.0015	0.0054	0.0052	0.0002	0.0089	0.0077	0.0013	0.0329	0.0199	0.0130	0.0085	0.0077	0.0007	0.0244	0.0122	0.0123	15.8617	10.8897	0.0000	0.0000	0.0000	0.0000	1316.2362	13638.7788	0.0000	0.0022	0.0036	0.0001	0.0086	0.0093	0.0004	0.0000	0.0000	0.0001
97	126	0.0963	7	0	1	0	0	0	0	0	0	N	N	N	N	N	N	N	N	N	N	N	N	1171.0608	802.6851	0.0000	0.0003	0.0003	0.0000	77352.8870	2736479.2737	0.0000	11.5956	13.3770	0.0000	0.0000	0.0000	0.0000	12.8820	15.0232	0.0000	0.0099	0.0167	0.0003	0.0426	0.0470	0.0000	0.0002	0.0000	0.0003	0.0000	0.0129	-0.3805	-0.0004	6.4922	1.8882	4.5502	2.9115	0.9985	0.9985	0.0000	0.0000	0.0000	0.0000	0.9985	0.9985	0.0000	0.0007	0.0007	0.0000	0.0007	0.0007	0.0000	0.0000	0.0000	0.0000	0.0861	0.0746	0.0115	0.0086	0.0082	0.0004	0.0775	0.0665	0.0110	0.0739	0.0434	0.0306	0.0170	0.0154	0.0016	0.0570	0.0280	0.0290	1171.0608	802.6851	0.0000	0.0003	0.0003	0.0000	77352.8870	2736479.2737	0.0000	0.0099	0.0167	0.0003	0.0426	0.0470	0.0000	0.0002	0.0000	0.0003
97	127	0.0706	6	0	0	0	0	0	0	0	0	N	N	N	N	N	N	N	N	N	N	N	N	6.1639	0.6029	134.2119	4.5489	0.8004	3627.3309	12.1442	0.0859	46.4799	0.1795	0.0263	1.2851	0.6399	0.1195	16.1698	0.0650	0.0001	0.4510	0.0291	0.0436	0.0096	0.1407	0.1493	0.0045	0.0053	0.0009	0.0097	6.7775	0.1626	0.0203	-0.0022	6.4922	3.5543	4.5502	9.0319	0.0414	0.0053	0.0361	0.0294	0.0053	0.0241	0.0120	0.0000	0.0120	0.0053	0.0046	0.0007	0.0045	0.0045	0.0000	0.0008	0.0001	0.0007	0.2310	0.2029	0.0281	0.0460	0.0445	0.0015	0.1850	0.1584	0.0266	0.1834	0.1054	0.0780	0.0322	0.0303	0.0019	0.1512	0.0751	0.0761	6.1639	0.6029	134.2119	4.5489	0.8004	3627.3309	12.1442	0.0859	46.4799	0.0291	0.0436	0.0096	0.1407	0.1493	0.0045	0.0053	0.0009	0.0097
97	128	0.0670	5	0	0	0	0	0	0	0	0	N	N	N	N	N	N	N	N	N	N	N	N	1681.4369	588.0476	5685.7756	161.2503	106.7857	2505.1861	2480.8976	1271269.7165	5809.7126	6.9190	1.4074	38.7029	1.0774	0.7200	12.8607	8.3606	1.6075	39.7636	0.0041	0.0024	0.0068	0.0067	0.0067	0.0051	0.0034	0.0000	0.0068	4.7685	1.8188	0.5452	0.0000	6.4922	2.6246	4.5502	0.7212	1.2236	0.2121	1.0115	0.0377	0.0245	0.0133	1.1859	0.1877	0.9982	0.0003	0.0001	0.0002	0.0001	0.0001	0.0000	0.0002	0.0000	0.0002	0.1768	0.1507	0.0261	0.0350	0.0340	0.0010	0.1418	0.1167	0.0251	0.0611	0.0373	0.0238	0.0137	0.0132	0.0005	0.0474	0.0240	0.0233	1681.4369	588.0476	5685.7756	161.2503	106.7857	2505.1861	2480.8976	1271269.7165	5809.7126	0.0041	0.0024	0.0068	0.0067	0.0067	0.0051	0.0034	0.0000	0.0068
97	129	0.0612	4	0	0	0	0	0	0	0	0	N	N	N	N	N	N	N	N	N	N	N	N	10987.5954	601.1537	52557.1874	1064.3163	1157.6570	251.0425	18671.3587	6594.4784	58057.4127	10.2497	0.4208	66.1306	2.2701	2.2916	1.4594	11.4046	0.1039	67.5712	0.0009	0.0007	0.0013	0.0021	0.0020	0.0058	0.0006	0.0000	0.0012	27.6420	1.2863	1.1851	0.0000	6.4922	3.3474	4.5502	1.3769	2.0293	0.0708	1.9584	0.0568	0.0559	0.0009	1.9724	0.0150	1.9575	0.0001	0.0000	0.0000	0.0000	0.0000	0.0000	0.0000	0.0000	0.0000	0.1980	0.1684	0.0296	0.0250	0.0244	0.0006	0.1729	0.1440	0.0290	0.0862	0.0502	0.0359	0.0182	0.0175	0.0007	0.0679	0.0327	0.0352	10987.5954	601.1537	52557.1874	1064.3163	1157.6570	251.0425	18671.3587	6594.4784	58057.4127	0.0009	0.0007	0.0013	0.0021	0.0020	0.0058	0.0006	0.0000	0.0012
97	130	0.0524	3	0	0	0	0	0	0	0	0	N	N	N	N	N	N	N	N	N	N	N	N	388.4575	147.4322	2803.8457	113.3358	116.6735	34.4185	1734.6955	1745.6898	3735.1210	1.9727	1.0817	6.2635	2.6285	2.6712	1.0439	1.6314	0.0105	6.5515	0.0051	0.0073	0.0022	0.0232	0.0229	0.0303	0.0009	0.0000	0.0018	1.2025	0.2418	0.0206	-0.0001	6.4922	0.4686	4.5502	4.0374	0.1251	0.0568	0.0683	0.0571	0.0565	0.0006	0.0680	0.0003	0.0677	0.0004	0.0003	0.0001	0.0003	0.0003	0.0000	0.0001	0.0000	0.0001	0.0634	0.0525	0.0109	0.0217	0.0211	0.0006	0.0417	0.0314	0.0103	0.0789	0.0440	0.0349	0.0147	0.0141	0.0006	0.0642	0.0299	0.0343	388.4575	147.4322	2803.8457	113.3358	116.6735	34.4185	1734.6955	1745.6898	3735.1210	0.0051	0.0073	0.0022	0.0232	0.0229	0.0303	0.0009	0.0000	0.0018
98	104	0.1961	14	0	2	0	0	0	0	0	0	N	Y	N	N	N	N	N	N	N	N	N	N	0.0296	0.0261	0.0000	0.0329	0.0319	0.0000	0.0000	0.0000	0.0000	0.0001	0.0001	0.0000	0.0002	0.0002	0.0000	0.0000	0.0000	0.0000	0.0030	0.0039	0.0000	0.0070	0.0074	0.0000	0.0000	0.0000	0.0000	0.0000	0.0005	-0.0000	-0.0001	1.3608	0.0277	12.1483	1.3445	0.0000	0.0000	0.0000	0.0000	0.0000	0.0000	0.0000	0.0000	0.0000	0.0001	0.0001	0.0000	0.0001	0.0001	0.0000	0.0000	0.0000	0.0000	0.0005	0.0005	0.0001	0.0002	0.0002	0.0000	0.0003	0.0003	0.0001	0.0484	0.0373	0.0111	0.0206	0.0195	0.0012	0.0277	0.0178	0.0099	0.0296	0.0261	0.0000	0.0329	0.0319	0.0000	0.0000	0.0000	0.0000	0.0030	0.0039	0.0000	0.0070	0.0074	0.0000	0.0000	0.0000	0.0000
98	105	0.1494	13	0	2	0	0	0	0	0	0	N	Y	N	N	N	N	N	N	N	N	N	N	0.0001	0.0001	0.0048	0.0000	0.0000	0.0000	0.0035	0.0028	0.0052	0.0000	0.0000	0.0000	0.0000	0.0000	0.0000	0.0000	0.0000	0.0000	0.0217	0.0353	0.0004	0.0894	0.0977	0.0000	0.0006	0.0007	0.0004	0.0952	0.0073	-0.0000	-0.0038	1.3608	5.1414	12.1483	16.4151	0.0000	0.0000	0.0000	0.0000	0.0000	0.0000	0.0000	0.0000	0.0000	0.0072	0.0071	0.0001	0.0070	0.0070	0.0000	0.0001	0.0001	0.0001	0.0630	0.0557	0.0074	0.0177	0.0168	0.0009	0.0453	0.0389	0.0064	0.3305	0.2016	0.1289	0.0785	0.0718	0.0067	0.2520	0.1298	0.1222	0.0001	0.0001	0.0048	0.0000	0.0000	0.0000	0.0035	0.0028	0.0052	0.0217	0.0353	0.0004	0.0894	0.0977	0.0000	0.0006	0.0007	0.0004
98	106	0.1412	12	0	1	0	0	0	0	0	0	N	N	N	N	N	N	N	N	N	N	N	N	0.0042	0.0652	0.0009	0.0028	0.0028	0.0000	0.0041	0.4888	0.0010	0.0003	0.0003	0.0001	0.0000	0.0000	0.0000	0.0003	0.0004	0.0002	0.0610	0.0041	0.1573	0.0082	0.0086	0.0004	0.0819	0.0007	0.1639	0.0724	22.5268	-0.0000	0.0030	1.3608	3.8974	12.1483	1.6364	0.0000	0.0000	0.0000	0.0000	0.0000	0.0000	0.0000	0.0000	0.0000	0.0072	0.0003	0.0069	0.0003	0.0003	0.0000	0.0069	0.0000	0.0069	0.0479	0.0422	0.0057	0.0124	0.0117	0.0007	0.0355	0.0305	0.0050	0.1174	0.0738	0.0436	0.0334	0.0316	0.0018	0.0840	0.0422	0.0418	0.0042	0.0652	0.0009	0.0028	0.0028	0.0000	0.0041	0.4888	0.0010	0.0610	0.0041	0.1573	0.0082	0.0086	0.0004	0.0819	0.0007	0.1639
98	107	0.1201	11	0	1	0	0	0	0	0	0	N	N	N	N	N	N	N	N	N	N	N	N	0.3092	0.4979	0.1050	0.4306	0.4282	0.0000	0.0367	2.1296	0.1115	0.0015	0.0016	0.0008	0.0036	0.0037	0.0000	0.0001	0.0000	0.0008	0.0049	0.0032	0.0075	0.0084	0.0086	0.0052	0.0038	0.0000	0.0076	0.0522	1.5448	-0.0000	0.0001	1.3608	0.3701	12.1483	9.6236	0.0000	0.0000	0.0000	0.0000	0.0000	0.0000	0.0000	0.0000	0.0000	0.0009	0.0004	0.0006	0.0004	0.0004	0.0000	0.0005	0.0000	0.0005	0.0107	0.0096	0.0010	0.0042	0.0042	0.0001	0.0064	0.0055	0.0010	0.1858	0.1119	0.0739	0.0441	0.0416	0.0024	0.1417	0.0702	0.0715	0.3092	0.4979	0.1050	0.4306	0.4282	0.0000	0.0367	2.1296	0.1115	0.0049	0.0032	0.0075	0.0084	0.0086	0.0052	0.0038	0.0000	0.0076
98	108	0.1097	10	0	1	0	0	0	0	0	0	N	N	N	N	N	N	N	N	N	N	N	N	0.3157	0.0720	1.5647	0.0908	0.0917	0.0000	0.4311	0.0018	1.6567	0.0013	0.0001	0.0134	0.0002	0.0002	0.0000	0.0020	0.0000	0.0145	0.0042	0.0010	0.0086	0.0019	0.0019	0.0016	0.0047	0.0006	0.0088	18.6264	5.9941	0.0000	0.0001	1.3608	0.4415	12.1483	4.8853	0.0000	0.0000	0.0000	0.0000	0.0000	0.0000	0.0000	0.0000	0.0000	0.0004	0.0001	0.0003	0.0000	0.0000	0.0000	0.0004	0.0000	0.0003	0.0115	0.0104	0.0011	0.0044	0.0043	0.0001	0.0071	0.0061	0.0010	0.0929	0.0539	0.0390	0.0179	0.0169	0.0010	0.0750	0.0370	0.0380	0.3157	0.0720	1.5647	0.0908	0.0917	0.0000	0.4311	0.0018	1.6567	0.0042	0.0010	0.0086	0.0019	0.0019	0.0016	0.0047	0.0006	0.0088
98	109	0.1320	9	1	2	0	1	0	0	0	0	N	Y	N	N	N	N	N	N	N	N	N	N	0.0000	0.0000	0.0000	0.0000	0.0000	0.0000	0.0000	0.0000	0.0000	0.0000	0.0000	0.0000	0.0000	0.0000	0.0000	0.0000	0.0000	0.0000	0.0000	0.0000	1.3608	0.0000	12.1483	0.0000	0.0000	0.0000	0.0000	0.0000	0.0000	0.0000	0.0000	0.0000	0.0000	0.0000	0.0000	0.0000	0.0000	0.0000	0.0000	0.0000	0.0000	0.0000	0.0000	0.0000	0.0000	0.0000	0.0000	0.0000	0.0000	0.0000	0.0000	0.0000	0.0000	0.0000	0.0000	0.0000	0.0000	0.0000	0.0000	0.0000	0.0000	0.0000	0.0000	0.0000	0.0000	0.0000	0.0000	0.0000	0.0000	0.0000	0.0000	0.0000	0.0000	0.0000	0.0000	0.0000	0.0000	0.0000											
98	110	0.1171	8	1	2	0	1	0	0	0	0	N	Y	N	N	N	N	N	N	N	N	N	N	0.0000	0.0000	0.0000	0.0000	0.0000	0.0000	0.0000	0.0000	0.0000	0.0000	0.0000	0.0000	0.0000	0.0000	0.0000	0.0000	0.0000	0.0000	8.7176	15.1149	0.0027	0.1243	0.1348	0.0395	10.8796	21.8535	0.0007	0.0001	0.0000	-0.5416	1.3608	0.0000	12.1483	7.1240	0.0000	0.0000	0.0000	0.0000	0.0000	0.0000	0.0000	0.0000	0.0000	0.9978	0.9977	0.0001	0.0029	0.0028	0.0001	0.9949	0.9949	0.0000	0.0000	0.0000	0.0000	0.0000	0.0000	0.0000	0.0000	0.0000	0.0000	0.1145	0.0660	0.0485	0.0230	0.0205	0.0025	0.0914	0.0455	0.0459	0.0000	0.0000	0.0000	0.0000	0.0000	0.0000	0.0000	0.0000	0.0000	8.7176	15.1149	0.0027	0.1243	0.1348	0.0395	10.8796	21.8535	0.0007	
98	111	0.1260	10	0	2	0	1	0	0	0	0	N	Y	N	N	N	N	N	N	N	N	N	N	0.0000	0.0000	0.0000	0.0000	0.0000	0.0000	0.0000	0.0000	0.0000	0.0000	0.0000	0.0000	0.0000	0.0000	0.0000	0.0000	0.0000	0.0156	0.0270	0.0000	0.0759	0.0888	0.0000	0.0000	0.0000	0.0000	0.0000	0.0000	-0.0007	1.3608	0.0016	12.1483	5.0076	0.0000	0.0000	0.0000	0.0000	0.0000	0.0000	0.0000	0.0000	0.0000	0.0012	0.0012	0.0000	0.0012	0.0012	0.0000	0.0000	0.0000	0.0000	0.0001	0.0001	0.0000	0.0000	0.0000	0.0000	0.0000	0.0000	0.0000	0.0773	0.0447	0.0326	0.0159	0.0136	0.0023	0.0613	0.0311	0.0303	0.0000	0.0000	0.0000	0.0000	0.0000	0.0000	0.0000	0.0000	0.0000	0.0156	0.0270	0.0000	0.0759	0.0888	0.0000	0.0000	0.0000	0.0000		
98	112	0.1192	9	0	2	0	1	0	0	0	0	N	Y	N	N	N	N	N	N	N	N	N	N	0.0000	0.0000	0.0000	0.0000	0.0000	0.0000	0.0000	0.0000	0.0000	0.0000	0.0000	0.0000	0.0000	0.0000	0.0000	0.0000	0.0001	0.0001	0.0000	0.0000	0.0000	0.0000	0.0000	0.0000	-0.0000	1.3608	1.0012	12.1483	2.1373	0.0000	0.0000	0.0000	0.0000	0.0000	0.0000	0.0000	0.0000	0.0000	0.0000	0.0000	0.0000	0.0000	0.0000	0.0000	0.0000	0.0000	0.0000	0.0116	0.0103	0.0014	0.0032	0.0030	0.0002	0.0084	0.0072	0.0012	0.0550	0.0318	0.0231	0.0122	0.0110	0.0011	0.0428	0.0208	0.0220	0.0000	0.0000	0.0000	0.0000	0.0000	0.0000	0.0000	0.0000	0.0000	0.0000	0.0000	0.0000	0.0001	0.0001	0.0000	0.0000	0.0000	0.0000						
98	113	0.1275	9	0	2	0	0	0	0	0	0	N	Y	N	N	N	N	N	N	N	N	N	N	0.0000	0.0000	0.0000	0.0000	0.0000	0.0000	0.0000	0.0000	0.0000	0.0000	0.0000	0.0000	0.0000	0.0000	0.0000	0.0000	0.0000	0.0212	0.0367	0.0000	0.0659	0.0729	0.0000	0.0073	0.0154	0.0000	0.0000	0.0000	-0.0011	1.3608	0.9705	12.1483	5.0371	0.0000	0.0000	0.0000	0.0000	0.0000	0.0000	0.0000	0.0000	0.0000	0.0021	0.0021	0.0000	0.0015	0.0015	0.0000	0.0005	0.0005	0.0000	0.0129	0.0115	0.0014	0.0042	0.0040	0.0002	0.0087	0.0075	0.0012	0.0983	0.0568	0.0415	0.0233	0.0211	0.0022	0.0750	0.0357	0.0393	0.0000	0.0000	0.0000	0.0000	0.0000	0.0000	0.0000	0.0000	0.0000	0.0212	0.0367	0.0000	0.0659	0.0729	0.0000	0.0073	0.0154	0.0000		
98	114	0.1192	9	0	1	1	1	0	0	0	0	N	N	N	N	N	N	N	N	N	N	N	N	0.0000	0.0000	0.0000	0.0000	0.0000	0.0000	0.0000	0.0000	0.0000	0.0000	0.0000	0.0000	0.0000	0.0000	0.0000	0.0000	0.0000	0.0000	0.0000	0.0000	1.3608	0.0000	12.1483	1.1303	0.0000	0.0000	0.0000	0.0000	0.0000	0.0000	0.0000	0.0000	0.0000	0.0000	0.0000	0.0000	0.0000	0.0000	0.0000	0.0000	0.0000	0.0000	0.0000	0.0000	0.0000	0.0000	0.0000	0.0000	0.0000	0.0000	0.0000	0.0245	0.0144	0.0101	0.0067	0.0063	0.0004	0.0178	0.0081	0.0097	0.0000	0.0000	0.0000	0.0000	0.0000	0.0000	0.0000	0.0000	0.0000	0.0000	0.0000	0.0000	0.0000	0.0000	0.0000	0.0000	0.0000	0.0000											
98	115	0.1171	8	0	1	0	1	0	0	0	0	N	N	N	N	N	N	N	N	N	N	N	N	0.0000	0.0000	0.0000	0.0000	0.0000	0.0000	0.0000	0.0000	0.0000	0.0000	0.0000	0.0000	0.0000	0.0000	0.0000	0.1586	0.2682	0.0000	0.5817	0.6207	0.0000	0.0000	0.0000	0.0000	0.0000	0.0000	-0.0023	1.3608	0.0000	12.1483	1.2340	0.0000	0.0000	0.0000	0.0000	0.0000	0.0000	0.0000	0.0000	0.0000	0.0042	0.0042	0.0000	0.0042	0.0042	0.0000	0.0000	0.0000	0.0000	0.0000	0.0000	0.0000	0.0000	0.0000	0.0000	0.0000	0.0000	0.0000	0.0266	0.0158	0.0109	0.0073	0.0068	0.0005	0.0194	0.0090	0.0104	0.0000	0.0000	0.0000	0.0000	0.0000	0.0000	0.0000	0.0000	0.0000	0.1586	0.2682	0.0000	0.5817	0.6207	0.0000	0.0000	0.0000	0.0000				
98	116	0.1246	9	0	1	1	1	0	0	0	0	N	N	N	N	N	N	N	N	N	N	N	N	0.0000	0.0000	0.0000	0.0000	0.0000	0.0000	0.0000	0.0000	0.0000	0.0000	0.0000	0.0000	0.0000	0.0000	0.0000	0.0000	0.0000	30.3729	0.0005	176.2016	0.0097	0.0016	0.0735	39.0040	0.0000	162.2380	97615.2268	0.0000	0.4458	1.3608	0.9725	12.1483	0.9874	0.0000	0.0000	0.0000	0.0000	0.0000	0.0000	0.0000	0.0000	0.0000	0.9754	0.0000	0.9754	0.0001	0.0000	0.0001	0.9754	0.0000	0.9754	0.0123	0.0109	0.0014	0.0038	0.0036	0.0002	0.0085	0.0073	0.0012	0.0321	0.0192	0.0129	0.0071	0.0063	0.0008	0.0250	0.0129	0.0121	0.0000	0.0000	0.0000	0.0000	0.0000	0.0000	0.0000	0.0000	0.0000	30.3729	0.0005	75.6693	0.0097	0.0016	0.0735	39.0040	0.0000	80.6932		
98	117	0.1246	9	0	1	1	1	0	0	0	0	N	N	N	N	N	N	N	N	N	N	N	N	0.0000	0.0000	0.0000	0.0000	0.0000	0.0000	0.0000	0.0000	0.0000	0.0000	0.0000	0.0000	0.0000	0.0000	0.0000	0.0000	0.0000	0.3527	0.5977	0.0000	1.6738	1.9081	0.0000	0.0000	0.0000	0.0000	0.0000	0.0000	-0.0121	1.3608	0.0285	12.1483	4.0215	0.0000	0.0000	0.0000	0.0000	0.0000	0.0000	0.0000	0.0000	0.0000	0.0224	0.0224	0.0000	0.0224	0.0224	0.0000	0.0000	0.0000	0.0000	0.0011	0.0010	0.0001	0.0005	0.0005	0.0000	0.0006	0.0005	0.0001	0.0634	0.0374	0.0260	0.0134	0.0117	0.0016	0.0501	0.0257	0.0244	0.0000	0.0000	0.0000	0.0000	0.0000	0.0000	0.0000	0.0000	0.0000	0.3527	0.5977	0.0000	1.6738	1.9081	0.0000	0.0000	0.0000	0.0000		
98	118	0.1171	8	0	1	1	1	0	0	0	0	N	N	N	N	N	N	N	N	N	N	N	N	0.0000	0.0000	0.0000	0.0000	0.0000	0.0000	0.0000	0.0000	0.0000	0.0000	0.0000	0.0000	0.0000	0.0000	0.0000	0.0000	0.0000	0.0000	0.3092	0.0856	0.6155	0.2359	0.2632	0.0005	0.3285	0.0009	0.6488	5.2488	0.0000	0.0079	1.3608	3.0275	12.1483	2.1573	0.0000	0.0000	0.0000	0.0000	0.0000	0.0000	0.0000	0.0000	0.0000	0.0266	0.0043	0.0223	0.0042	0.0042	0.0000	0.0224	0.0000	0.0223	0.0348	0.0308	0.0040	0.0096	0.0091	0.0006	0.0252	0.0217	0.0035	0.0860	0.0497	0.0363	0.0179	0.0161	0.0019	0.0681	0.0337	0.0344	0.0000	0.0000	0.0000	0.0000	0.0000	0.0000	0.0000	0.0000	0.0000	0.3092	0.0856	0.6155	0.2359	0.2632	0.0005	0.3285	0.0009	0.6488	
98	119	0.1583	8	1	2	0	0	0	0	0	0	N	Y	N	N	N	N	N	N	N	N	N	N	0.0071	0.0046	0.2109	0.0084	0.0083	8.5703	0.0539	1.6446	0.2168	0.0005	0.0006	0.0001	0.0020	0.0020	0.0000	0.0000	0.0000	0.0001	0.0711	0.1213	0.0004	0.2344	0.2446	0.0000	0.0002	0.0000	0.0004	0.0178	0.0023	-0.0000	-0.0046	1.3608	2.1883	12.1483	3.1271	0.0000	0.0000	0.0000	0.0000	0.0000	0.0000	0.0000	0.0000	0.0000	0.0085	0.0085	0.0000	0.0085	0.0085	0.0000	0.0000	0.0000	0.0000	0.0282	0.0252	0.0029	0.0071	0.0068	0.0002	0.0211	0.0184	0.0027	0.1199	0.0701	0.0497	0.0363	0.0348	0.0015	0.0836	0.0354	0.0482	0.0071	0.0046	0.2109	0.0084	0.0083	8.5703	0.0539	1.6446	0.2168	0.0711	0.1213	0.0004	0.2344	0.2446	0.0000	0.0002	0.0000	0.0004
98	120	0.0914	7	1	2	0	0	0	0	0	0	N	Y	N	N	N	N	N	N	N	N	N	N	101.8285	3139.5928	0.6046	2930.1656	3128.4667	0.0151	0.4291	32.8667	0.6752	2.1319	2.4024	0.0283	7.9823	8.4314	0.0000	0.0102	0.0067	0.0323	0.0209	0.0008	0.0468	0.0027	0.0027	0.0031	0.0238	0.0002	0.0478	0.0015	47.7182	-0.1323	0.0039	1.3608	13.6104	12.1483	16.0982	0.3486	0.3481	0.0005	0.3474	0.3474	0.0000	0.0012	0.0007	0.0005	0.0089	0.0002	0.0087	0.0002	0.0001	0.0000	0.0087	0.0000	0.0087	0.1635	0.1449	0.0186	0.0435	0.0412	0.0023	0.1200	0.1037	0.0163	0.4255	0.2389	0.1865	0.0581	0.0537	0.0044	0.3673	0.1852	0.1821	101.8285	3139.5928	0.6046	2930.1656	3128.4667	0.0151	0.4291	32.8667	0.6752	0.0209	0.0008	0.0468	0.0027	0.0027	0.0031	0.0238	0.0002	0.0478
98	121	0.0959	7	0	2	0	0	0	0	0	0	N	Y	N	N	N	N	N	N	N	N	N	N	0.0304	0.1535	0.0000	0.1603	0.1657	0.0000	0.0000	0.0000	0.0000	0.0006	0.0006	0.0000	0.0013	0.0013	0.0000	0.0000	0.0000	0.0000	0.0187	0.0041	0.0476	0.0083	0.0081	0.0119	0.0242	0.0000	0.0489	0.0000	5.8813	-0.0000	0.0009	1.3608	0.3548	12.1483	4.6068	0.0000	0.0000	0.0000	0.0000	0.0000	0.0000	0.0000	0.0000	0.0000	0.0030	0.0004	0.0026	0.0005	0.0004	0.0000	0.0025	0.0000	0.0025	0.0124	0.0112	0.0012	0.0053	0.0052	0.0001	0.0071	0.0060	0.0011	0.1601	0.1064	0.0537	0.0552	0.0534	0.0018	0.1049	0.0530	0.0519	0.0304	0.1535	0.0000	0.1603	0.1657	0.0000	0.0000	0.0000	0.0000	0.0187	0.0041	0.0476	0.0083	0.0081	0.0119	0.0242	0.0000	0.0489
98	122	0.0810	6	0	2	0	0	0	0	0	0	N	Y	N	N	N	N	N	N	N	N	N	N	0.0001	0.0652	0.0001	0.0589	0.0714	0.0000	0.0000	0.0016	0.0001	0.0009	0.0007	0.0023	0.0021	0.0022	0.0000	0.0004	0.0000	0.0025	7.9367	0.0113	24.1453	0.0355	0.0304	0.1179	9.4578	0.0043	21.5536	0.3852	1242.1146	-0.0000	0.4494	1.3608	1.6911	12.1483	5.7022	0.0000	0.0000	0.0000	0.0000	0.0000	0.0000	0.0000	0.0000	0.0000	0.9850	0.0008	0.9842	0.0007	0.0006	0.0001	0.9843	0.0002	0.9841	0.0264	0.0235	0.0030	0.0083	0.0080	0.0003	0.0182	0.0155	0.0027	0.1241	0.0698	0.0543	0.0200	0.0189	0.0012	0.1041	0.0510	0.0531	0.0001	0.0652	0.0001	0.0589	0.0714	0.0000	0.0000	0.0016	0.0001	7.9367	0.0113	18.1344	0.0355	0.0304	0.1179	9.4578	0.0043	18.5346
98	124	0.1321	10	1	2	0	0	0	0	0	0	N	Y	N	N	N	N	N	N	N	N	N	N	0.0000	0.0000	0.0000	0.0000	0.0000	0.0000	0.0000	0.0000	0.0000	0.0000	0.0000	0.0000	0.0000	0.0000	0.0000	0.0000	0.0000	0.0000	0.0000	0.0000	1.3608	0.0000	12.1483	0.0000	0.0000	0.0000	0.0000	0.0000	0.0000	0.0000	0.0000	0.0000	0.0000	0.0000	0.0000	0.0000	0.0000	0.0000	0.0000	0.0000	0.0000	0.0000	0.0000	0.0000	0.0000	0.0000	0.0000	0.0000	0.0000	0.0000	0.0000	0.0000	0.0000	0.0000	0.0000	0.0000	0.0000	0.0000	0.0000	0.0000	0.0000	0.0000	0.0000	0.0000	0.0000	0.0000	0.0000	0.0000	0.0000	0.0000	0.0000	0.0000	0.0000	0.0000	0.0000	0.0000	0.0000	0.0000											
98	125	0.1275	9	1	2	0	0	0	0	0	0	N	Y	N	N	N	N	N	N	N	N	N	N	0.0000	0.0000	0.0000	0.0000	0.0000	0.0000	0.0000	0.0000	0.0000	0.0000	0.0000	0.0000	0.0000	0.0000	0.0000	0.0000	0.0000	0.0000	1.2698	0.0218	2.9938	0.0077	0.0000	0.1174	1.7774	0.0405	3.1278	99.3954	0.0000	0.0247	1.3608	0.1434	12.1483	1.9839	0.0000	0.0000	0.0000	0.0000	0.0000	0.0000	0.0000	0.0000	0.0000	0.0552	0.0005	0.0546	0.0001	0.0000	0.0001	0.0551	0.0005	0.0545	0.0033	0.0030	0.0003	0.0015	0.0014	0.0001	0.0018	0.0016	0.0003	0.0434	0.0252	0.0182	0.0125	0.0116	0.0008	0.0310	0.0136	0.0174	0.0000	0.0000	0.0000	0.0000	0.0000	0.0000	0.0000	0.0000	0.0000	1.2698	0.0218	2.9938	0.0077	0.0000	0.1174	1.7774	0.0405	3.1278	
98	126	0.1171	8	0	2	0	0	0	0	0	0	N	Y	N	N	N	N	N	N	N	N	N	N	0.0000	0.0000	0.0000	0.0000	0.0000	0.0000	0.0000	0.0000	0.0000	0.0000	0.0000	0.0000	0.0000	0.0000	0.0000	0.0000	0.0000	0.0000	12.3998	21.4027	0.0452	0.0003	0.0002	0.0014	15.7035	31.7804	0.0475	0.0015	0.0000	-0.5392	1.3608	1.8882	12.1483	2.9115	0.0000	0.0000	0.0000	0.0000	0.0000	0.0000	0.0000	0.0000	0.0000	0.9959	0.9944	0.0015	0.0000	0.0000	0.0000	0.9959	0.9944	0.0015	0.0218	0.0193	0.0025	0.0060	0.0057	0.0004	0.0158	0.0136	0.0022	0.0803	0.0465	0.0339	0.0169	0.0152	0.0017	0.0634	0.0313	0.0321	0.0000	0.0000	0.0000	0.0000	0.0000	0.0000	0.0000	0.0000	0.0000	12.3998	21.4027	0.0452	0.0003	0.0002	0.0014	15.7035	31.7804	0.0475	
98	127	0.0914	7	0	1	0	0	0	0	0	0	N	N	N	N	N	N	N	N	N	N	N	N	0.5692	0.0067	4966385.3321	0.0765	0.0739	0.7378	0.0000	5476699.4929	0.0131	0.0003	0.1219	0.0008	0.0008	0.0000	0.0185	0.0000	0.1368	0.0229	0.0408	0.0000	0.0104	0.0112	0.0000	0.0251	0.0501	0.0000	52.6036	0.0000	0.0004	-0.0025	1.3608	3.5543	12.1483	9.0319	0.0007	0.0000	0.0007	0.0000	0.0000	0.0000	0.0007	0.0000	0.0007	0.0045	0.0045	0.0000	0.0003	0.0003	0.0000	0.0042	0.0042	0.0000	0.0546	0.0489	0.0057	0.0167	0.0161	0.0006	0.0379	0.0328	0.0051	0.1970	0.1107	0.0863	0.0283	0.0264	0.0020	0.1687	0.0844	0.0843	0.5692	0.0067	4966385.3321	0.0765	0.0739	0.0000	0.7378	0.0000	5476699.4929	0.0229	0.0408	0.0000	0.0104	0.0112	0.0000	0.0251	0.0501	0.0000	
99	104	0.1651	13	0	1	0	0	0	0	0	0	N	N	N	N	N	N	N	N	N	N	N	N	0.1414	0.2362	0.0000	0.2546	0.3901	0.0000	0.0000	0.0000	0.0000	0.0001	0.0001	0.0000	0.0003	0.0003	0.0000	0.0000	0.0000	0.0000	0.0008	0.0005	0.0016	0.0013	0.0008	0.0085	0.0004	0.0002	0.0009	0.0000	0.8828	-0.0000	-0.0000	1.5300	0.0277	0.7696	1.3445	0.0000	0.0000	0.0000	0.0000	0.0000	0.0000	0.0000	0.0000	0.0000	0.0000	0.0000	0.0000	0.0000	0.0000	0.0000	0.0000	0.0000	0.0000	0.0006	0.0005	0.0001	0.0002	0.0002	0.0000	0.0004	0.0003	0.0001	0.0093	0.0072	0.0022	0.0040	0.0038	0.0002	0.0053	0.0034	0.0019	0.1414	0.2362	0.0000	0.2546	0.3901	0.0000	0.0000	0.0000	0.0000	0.0008	0.0005	0.0016	0.0013	0.0008	0.0085	0.0004	0.0002	0.0009
99	105	0.1184	12	0	1	0	0	0	0	0	0	N	N	N	N	N	N	N	N	N	N	N	N	0.0173	0.0134	0.0346	0.0200	0.0212	0.0000	0.0164	0.0107	0.0396	0.0000	0.0000	0.0000	0.0000	0.0000	0.0000	0.0000	0.0000	0.0001	0.0026	0.0033	0.0014	0.0019	0.0019	0.0013	0.0029	0.0043	0.0014	0.1646	0.2504	-0.0000	-0.0001	1.5300	5.1414	0.7696	16.4151	0.0000	0.0000	0.0000	0.0000	0.0000	0.0000	0.0000	0.0000	0.0000	0.0002	0.0001	0.0000	0.0000	0.0000	0.0000	0.0001	0.0001	0.0000	0.0709	0.0617	0.0092	0.0164	0.0152	0.0012	0.0545	0.0465	0.0080	0.0694	0.0437	0.0257	0.0192	0.0180	0.0012	0.0502	0.0257	0.0245	0.0173	0.0134	0.0346	0.0200	0.0212	0.0000	0.0164	0.0107	0.0396	0.0026	0.0033	0.0014	0.0019	0.0019	0.0013	0.0029	0.0043	0.0014
99	106	0.1102	11	0	0	0	0	0	0	0	0	N	N	N	N	N	N	N	N	N	N	N	N	2.6156	3.2967	0.7866	0.2439	0.2580	0.0291	4.8154	44.6848	0.8865	0.0098	0.0107	0.0036	0.0016	0.0017	0.0001	0.0119	0.0133	0.0041	0.0037	0.0032	0.0046	0.0065	0.0067	0.0033	0.0025	0.0003	0.0046	0.0519	0.7923	-0.0002	-0.0000	1.5300	3.8974	0.7696	1.6364	0.0005	0.0005	0.0000	0.0000	0.0000	0.0000	0.0005	0.0005	0.0000	0.0001	0.0000	0.0000	0.0000	0.0000	0.0000	0.0000	0.0000	0.0000	0.0540	0.0468	0.0072	0.0113	0.0104	0.0009	0.0427	0.0364	0.0063	0.0239	0.0153	0.0086	0.0074	0.0071	0.0003	0.0165	0.0082	0.0083	2.6156	3.2967	0.7866	0.2439	0.2580	0.0291	4.8154	44.6848	0.8865	0.0037	0.0032	0.0046	0.0065	0.0067	0.0033	0.0025	0.0003	0.0046
99	107	0.0892	10	0	0	0	0	0	0	0	0	N	N	N	N	N	N	N	N	N	N	N	N	0.0797	0.1733	0.1636	0.1613	0.1672	0.1024	0.0557	2.7888	0.1693	0.0072	0.0044	0.0320	0.0098	0.0097	0.0120	0.0057	0.0007	0.0336	0.0905	0.0253	0.1958	0.0606	0.0582	0.1171	0.1021	0.0002	0.1982	0.8367	4.8040	0.0000	0.0010	1.5300	0.3701	0.7696	9.6236	0.0001	0.0000	0.0000	0.0000	0.0000	0.0000	0.0000	0.0000	0.0000	0.0036	0.0006	0.0029	0.0007	0.0006	0.0001	0.0029	0.0000	0.0029	0.0120	0.0108	0.0012	0.0045	0.0044	0.0001	0.0075	0.0064	0.0011	0.0393	0.0242	0.0150	0.0109	0.0105	0.0005	0.0284	0.0138	0.0146	0.0797	0.1733	0.1636	0.1613	0.1672	0.1024	0.0557	2.7888	0.1693	0.0905	0.0253	0.1958	0.0606	0.0582	0.1171	0.1021	0.0002	0.1982
99	108	0.0787	9	0	0	0	0	0	0	0	0	N	N	N	N	N	N	N	N	N	N	N	N	0.1745	0.1213	0.6441	0.1237	0.1217	0.0092	0.1938	0.0000	0.6823	0.0059	0.0033	0.0283	0.0081	0.0083	0.0001	0.0046	0.0000	0.0307	0.0338	0.0271	0.0440	0.0657	0.0683	0.0056	0.0239	0.0022	0.0449	1.0034	1.0705	0.0000	-0.0000	1.5300	0.4415	0.7696	4.8853	0.0001	0.0000	0.0000	0.0000	0.0000	0.0000	0.0000	0.0000	0.0000	0.0007	0.0003	0.0003	0.0003	0.0003	0.0000	0.0004	0.0000	0.0003	0.0130	0.0117	0.0014	0.0047	0.0046	0.0001	0.0083	0.0071	0.0013	0.0194	0.0117	0.0077	0.0046	0.0044	0.0002	0.0148	0.0073	0.0075	0.1745	0.1213	0.6441	0.1237	0.1217	0.0092	0.1938	0.0000	0.6823	0.0338	0.0271	0.0440	0.0657	0.0683	0.0056	0.0239	0.0022	0.0449
99	109	0.1011	8	1	1	0	1	0	0	0	0	N	N	N	N	N	N	N	N	N	N	N	N	0.0000	0.0000	0.0000	0.0000	0.0000	0.0000	0.0000	0.0000	0.0000	0.0000	0.0000	0.0000	0.0000	0.0000	0.0000	0.0000	0.0000	0.0000	0.0000	0.0000	1.5300	0.0000	0.7696	0.0000	0.0000	0.0000	0.0000	0.0000	0.0000	0.0000	0.0000	0.0000	0.0000	0.0000	0.0000	0.0000	0.0000	0.0000	0.0000	0.0000	0.0000	0.0000	0.0000	0.0000	0.0000	0.0000	0.0000	0.0000	0.0000	0.0000	0.0000	0.0000	0.0000	0.0000	0.0000	0.0000	0.0000	0.0000	0.0000	0.0000	0.0000	0.0000	0.0000	0.0000	0.0000	0.0000	0.0000	0.0000	0.0000	0.0000	0.0000	0.0000	0.0000	0.0000	0.0000	0.0000	0.0000	0.0000											
99	110	0.0862	7	1	1	0	1	0	0	0	0	N	N	N	N	N	N	N	N	N	N	N	N	0.0000	0.0000	0.0000	0.0000	0.0000	0.0000	0.0000	0.0000	0.0000	0.0000	0.0000	0.0000	0.0000	0.0000	0.0000	0.0000	0.0000	0.0000	0.1597	0.0743	0.2888	0.0370	0.0383	0.0217	0.1999	0.0962	0.3023	2.5741	0.0000	0.0007	1.5300	0.0000	0.7696	7.1240	0.0000	0.0000	0.0000	0.0000	0.0000	0.0000	0.0000	0.0000	0.0000	0.0038	0.0011	0.0028	0.0002	0.0002	0.0000	0.0036	0.0009	0.0028	0.0000	0.0000	0.0000	0.0000	0.0000	0.0000	0.0000	0.0000	0.0000	0.0241	0.0145	0.0096	0.0059	0.0055	0.0005	0.0181	0.0090	0.0091	0.0000	0.0000	0.0000	0.0000	0.0000	0.0000	0.0000	0.0000	0.0000	0.1597	0.0743	0.2888	0.0370	0.0383	0.0217	0.1999	0.0962	0.3023	
99	111	0.0951	9	0	1	0	1	0	0	0	0	N	N	N	N	N	N	N	N	N	N	N	N	0.0000	0.0000	0.0000	0.0000	0.0000	0.0000	0.0000	0.0000	0.0000	0.0000	0.0000	0.0000	0.0000	0.0000	0.0000	0.0000	0.0000	0.0744	0.1222	0.0015	0.0024	0.0027	0.0000	0.0988	0.1941	0.0016	0.0083	0.0000	-0.0007	1.5300	0.0016	0.7696	5.0076	0.0000	0.0000	0.0000	0.0000	0.0000	0.0000	0.0000	0.0000	0.0000	0.0012	0.0012	0.0000	0.0000	0.0000	0.0000	0.0012	0.0012	0.0000	0.0001	0.0001	0.0000	0.0000	0.0000	0.0000	0.0000	0.0000	0.0000	0.0164	0.0099	0.0065	0.0041	0.0037	0.0004	0.0122	0.0062	0.0061	0.0000	0.0000	0.0000	0.0000	0.0000	0.0000	0.0000	0.0000	0.0000	0.0744	0.1222	0.0015	0.0024	0.0027	0.0000	0.0988	0.1941	0.0016		
99	112	0.0883	8	0	1	0	1	0	0	0	0	N	N	N	N	N	N	N	N	N	N	N	N	0.0000	0.0000	0.0000	0.0000	0.0000	0.0000	0.0000	0.0000	0.0000	0.0000	0.0000	0.0000	0.0000	0.0000	0.0000	0.0000	0.0000	0.0000	0.0001	0.0002	0.0000	0.0000	0.0000	0.0000	0.0002	0.0003	0.0000	0.0097	0.0000	-0.0000	1.5300	1.0012	0.7696	2.1373	0.0000	0.0000	0.0000	0.0000	0.0000	0.0000	0.0000	0.0000	0.0000	0.0000	0.0000	0.0000	0.0000	0.0000	0.0000	0.0000	0.0000	0.0000	0.0130	0.0113	0.0017	0.0028	0.0026	0.0002	0.0102	0.0087	0.0015	0.0115	0.0069	0.0046	0.0030	0.0028	0.0002	0.0085	0.0041	0.0044	0.0000	0.0000	0.0000	0.0000	0.0000	0.0000	0.0000	0.0000	0.0000	0.0001	0.0002	0.0000	0.0000	0.0000	0.0000	0.0002	0.0003	0.0000	
99	113	0.0966	8	0	1	0	0	0	0	0	0	N	N	N	N	N	N	N	N	N	N	N	N	0.0000	0.0000	0.0000	0.0000	0.0000	0.0000	0.0000	0.0000	0.0000	0.0000	0.0000	0.0000	0.0000	0.0000	0.0000	0.0000	0.0000	0.0000	15.0527	1.5949	71.5803	3.0892	3.0850	0.0183	20.7098	0.0031	68.9516	15.1550	0.0000	0.1500	1.5300	0.9705	0.7696	5.0371	0.0000	0.0000	0.0000	0.0000	0.0000	0.0000	0.0000	0.0000	0.0000	0.3797	0.0235	0.3562	0.0235	0.0235	0.0000	0.3562	0.0000	0.3562	0.0145	0.0127	0.0018	0.0039	0.0037	0.0003	0.0106	0.0090	0.0015	0.0252	0.0147	0.0105	0.0080	0.0076	0.0004	0.0172	0.0071	0.0101	0.0000	0.0000	0.0000	0.0000	0.0000	0.0000	0.0000	0.0000	0.0000	15.0527	1.5949	33.9627	2.9271	3.0850	0.0183	20.7098	0.0031	35.3544	
99	114	0.0883	8	0	0	1	1	0	0	0	0	N	N	N	N	N	N	N	N	N	N	N	N	0.0000	0.0000	0.0000	0.0000	0.0000	0.0000	0.0000	0.0000	0.0000	0.0000	0.0000	0.0000	0.0000	0.0000	0.0000	0.0000	0.0000	0.0000	0.0000	0.0000	1.5300	0.0000	0.7696	1.1303	0.0000	0.0000	0.0000	0.0000	0.0000	0.0000	0.0000	0.0000	0.0000	0.0000	0.0000	0.0000	0.0000	0.0000	0.0000	0.0000	0.0000	0.0000	0.0000	0.0000	0.0000	0.0000	0.0000	0.0000	0.0000	0.0000	0.0000	0.0050	0.0030	0.0020	0.0015	0.0014	0.0001	0.0035	0.0016	0.0019	0.0000	0.0000	0.0000	0.0000	0.0000	0.0000	0.0000	0.0000	0.0000	0.0000	0.0000	0.0000	0.0000	0.0000	0.0000	0.0000	0.0000	0.0000											
99	115	0.0862	7	0	0	0	1	0	0	0	0	N	N	N	N	N	N	N	N	N	N	N	N	0.0000	0.0000	0.0000	0.0000	0.0000	0.0000	0.0000	0.0000	0.0000	0.0000	0.0000	0.0000	0.0000	0.0000	0.0000	0.0000	0.0000	0.0000	0.0007	0.0011	0.0000	0.0023	0.0024	0.0005	0.0000	0.0000	0.0000	0.0141	0.0000	-0.0000	1.5300	0.0000	0.7696	1.2340	0.0000	0.0000	0.0000	0.0000	0.0000	0.0000	0.0000	0.0000	0.0000	0.0000	0.0000	0.0000	0.0000	0.0000	0.0000	0.0000	0.0000	0.0000	0.0000	0.0000	0.0000	0.0000	0.0000	0.0000	0.0000	0.0000	0.0000	0.0054	0.0033	0.0021	0.0016	0.0015	0.0001	0.0038	0.0018	0.0020	0.0000	0.0000	0.0000	0.0000	0.0000	0.0000	0.0000	0.0000	0.0000	0.0007	0.0011	0.0000	0.0023	0.0024	0.0005	0.0000	0.0000	0.0000	
99	116	0.0937	8	0	0	1	1	0	0	0	0	N	N	N	N	N	N	N	N	N	N	N	N	0.0000	0.0000	0.0000	0.0000	0.0000	0.0000	0.0000	0.0000	0.0000	0.0000	0.0000	0.0000	0.0000	0.0000	0.0000	0.0000	0.0000	0.0000	0.3399	0.0234	0.8580	0.0331	0.0361	0.0003	0.4493	0.0153	0.9100	22.4271	0.0000	0.0009	1.5300	0.9725	0.7696	0.9874	0.0000	0.0000	0.0000	0.0000	0.0000	0.0000	0.0000	0.0000	0.0000	0.0023	0.0001	0.0022	0.0001	0.0001	0.0000	0.0022	0.0000	0.0022	0.0138	0.0121	0.0017	0.0035	0.0032	0.0002	0.0103	0.0088	0.0015	0.0067	0.0042	0.0026	0.0018	0.0016	0.0001	0.0050	0.0026	0.0024	0.0000	0.0000	0.0000	0.0000	0.0000	0.0000	0.0000	0.0000	0.0000	0.3399	0.0234	0.8580	0.0331	0.0361	0.0003	0.4493	0.0153	0.9100	
99	117	0.0937	8	0	0	1	1	0	0	0	0	N	N	N	N	N	N	N	N	N	N	N	N	0.0000	0.0000	0.0000	0.0000	0.0000	0.0000	0.0000	0.0000	0.0000	0.0000	0.0000	0.0000	0.0000	0.0000	0.0000	0.0000	0.0000	0.0039	0.0062	0.0003	0.0149	0.0164	0.0000	0.0001	0.0000	0.0003	0.0263	0.0000	-0.0000	1.5300	0.0285	0.7696	4.0215	0.0000	0.0000	0.0000	0.0000	0.0000	0.0000	0.0000	0.0000	0.0000	0.0001	0.0001	0.0000	0.0001	0.0001	0.0000	0.0000	0.0000	0.0000	0.0012	0.0011	0.0001	0.0005	0.0005	0.0000	0.0007	0.0006	0.0001	0.0134	0.0082	0.0052	0.0034	0.0031	0.0003	0.0100	0.0051	0.0049	0.0000	0.0000	0.0000	0.0000	0.0000	0.0000	0.0000	0.0000	0.0000	0.0039	0.0062	0.0003	0.0149	0.0164	0.0000	0.0001	0.0000	0.0003		
99	118	0.0862	7	0	0	1	1	0	0	0	0	N	N	N	N	N	N	N	N	N	N	N	N	0.0000	0.0000	0.0000	0.0000	0.0000	0.0000	0.0000	0.0000	0.0000	0.0000	0.0000	0.0000	0.0000	0.0000	0.0000	0.0000	0.0000	0.0000	0.0031	0.0006	0.0070	0.0011	0.0012	0.0001	0.0038	0.0001	0.0073	8.3538	0.0000	0.0000	1.5300	3.0275	0.7696	2.1573	0.0000	0.0000	0.0000	0.0000	0.0000	0.0000	0.0000	0.0000	0.0000	0.0001	0.0000	0.0001	0.0000	0.0000	0.0000	0.0001	0.0000	0.0001	0.0391	0.0340	0.0051	0.0085	0.0078	0.0007	0.0306	0.0262	0.0044	0.0180	0.0109	0.0072	0.0045	0.0042	0.0003	0.0135	0.0067	0.0068	0.0000	0.0000	0.0000	0.0000	0.0000	0.0000	0.0000	0.0000	0.0000	0.0031	0.0006	0.0070	0.0011	0.0012	0.0001	0.0038	0.0001	0.0073	
99	119	0.1274	7	1	1	0	0	0	0	0	0	N	N	N	N	N	N	N	N	N	N	N	N	0.0037	0.0041	0.0023	0.0107	0.0113	0.0012	0.0005	0.0006	0.0026	0.0012	0.0012	0.0008	0.0041	0.0044	0.0001	0.0001	0.0000	0.0009	0.3131	0.2936	0.3367	0.3834	0.3872	0.1154	0.2619	0.0018	0.3397	0.0863	0.9436	-0.0000	-0.0010	1.5300	2.1883	0.7696	3.1271	0.0000	0.0000	0.0000	0.0000	0.0000	0.0000	0.0000	0.0000	0.0000	0.0165	0.0085	0.0080	0.0085	0.0085	0.0000	0.0080	0.0000	0.0080	0.0337	0.0297	0.0040	0.0087	0.0082	0.0005	0.0249	0.0215	0.0034	0.0529	0.0290	0.0239	0.0223	0.0220	0.0003	0.0306	0.0070	0.0235	0.0037	0.0041	0.0023	0.0107	0.0113	0.0012	0.0005	0.0006	0.0026	0.3131	0.2936	0.3367	0.3834	0.3872	0.1154	0.2619	0.0018	0.3397
99	120	0.0605	6	1	1	0	0	0	0	0	0	N	N	N	N	N	N	N	N	N	N	N	N	25.0810	35.1664	1.1468	48.0438	49.3336	0.6800	0.3986	4.0041	1.2619	4.8791	5.5561	0.2830	22.9753	24.6948	0.0131	0.0504	0.0054	0.3179	0.1945	0.1580	0.2468	0.4782	0.5006	0.0193	0.1264	0.0013	0.2519	0.0075	1.0920	-0.3356	-0.0004	1.5300	13.6104	0.7696	16.0982	0.8984	0.8917	0.0067	0.8910	0.8910	0.0000	0.0073	0.0007	0.0067	0.0175	0.0084	0.0091	0.0083	0.0083	0.0000	0.0092	0.0000	0.0091	0.1841	0.1605	0.0236	0.0388	0.0361	0.0027	0.1453	0.1244	0.0209	0.0901	0.0530	0.0371	0.0174	0.0166	0.0008	0.0726	0.0364	0.0363	25.0810	35.1664	1.1468	48.0438	49.3336	0.6800	0.3986	4.0041	1.2619	0.1945	0.1580	0.2468	0.4782	0.5006	0.0193	0.1264	0.0013	0.2519
99	121	0.0650	6	0	1	0	0	0	0	0	0	N	N	N	N	N	N	N	N	N	N	N	N	2.8745	2.9332	2.0254	3.3318	3.3823	0.2442	0.7504	0.0000	2.2091	0.0067	0.0070	0.0045	0.0151	0.0154	0.0010	0.0008	0.0000	0.0048	0.0023	0.0024	0.0022	0.0045	0.0046	0.0040	0.0011	0.0000	0.0022	0.0793	0.4657	-0.0000	-0.0000	1.5300	0.3548	0.7696	4.6068	0.0001	0.0001	0.0000	0.0001	0.0001	0.0000	0.0000	0.0000	0.0000	0.0001	0.0000	0.0000	0.0001	0.0000	0.0000	0.0000	0.0000	0.0000	0.0142	0.0126	0.0015	0.0058	0.0057	0.0001	0.0084	0.0069	0.0014	0.0313	0.0210	0.0103	0.0112	0.0109	0.0003	0.0201	0.0101	0.0100	2.8745	2.9332	2.0254	3.3318	3.3823	0.2442	0.7504	0.0000	2.2091	0.0023	0.0024	0.0022	0.0045	0.0046	0.0040	0.0011	0.0000	0.0022
99	122	0.0501	5	0	1	0	0	0	0	0	0	N	N	N	N	N	N	N	N	N	N	N	N	0.0859	0.2102	0.1049	0.2787	0.2848	0.0047	0.0352	0.0163	0.1130	0.0106	0.0084	0.0251	0.0264	0.0275	0.0002	0.0046	0.0001	0.0275	0.1231	0.0398	0.2397	0.0947	0.0967	0.0389	0.1315	0.0053	0.2437	0.4563	4.3033	-0.0000	0.0009	1.5300	1.6911	0.7696	5.7022	0.0003	0.0002	0.0001	0.0002	0.0002	0.0000	0.0001	0.0000	0.0001	0.0034	0.0006	0.0028	0.0006	0.0006	0.0000	0.0028	0.0001	0.0027	0.0304	0.0264	0.0040	0.0083	0.0080	0.0004	0.0221	0.0184	0.0037	0.0276	0.0161	0.0115	0.0063	0.0061	0.0002	0.0213	0.0100	0.0113	0.0859	0.2102	0.1049	0.2787	0.2848	0.0047	0.0352	0.0163	0.1130	0.1231	0.0398	0.2397	0.0947	0.0967	0.0389	0.1315	0.0053	0.2437
99	124	0.1012	9	1	1	0	0	0	0	0	0	N	N	N	N	N	N	N	N	N	N	N	N	0.0000	0.0000	0.0000	0.0000	0.0000	0.0000	0.0000	0.0000	0.0000	0.0000	0.0000	0.0000	0.0000	0.0000	0.0000	0.0000	0.0000	0.0000	0.0000	0.0000	1.5300	0.0000	0.7696	0.0000	0.0000	0.0000	0.0000	0.0000	0.0000	0.0000	0.0000	0.0000	0.0000	0.0000	0.0000	0.0000	0.0000	0.0000	0.0000	0.0000	0.0000	0.0000	0.0000	0.0000	0.0000	0.0000	0.0000	0.0000	0.0000	0.0000	0.0000	0.0000	0.0000	0.0000	0.0000	0.0000	0.0000	0.0000	0.0000	0.0000	0.0000	0.0000	0.0000	0.0000	0.0000	0.0000	0.0000	0.0000	0.0000	0.0000	0.0000	0.0000	0.0000	0.0000	0.0000	0.0000	0.0000	0.0000											
99	125	0.0966	8	1	1	0	0	0	0	0	0	N	N	N	N	N	N	N	N	N	N	N	N	0.0000	0.0000	0.0000	0.0000	0.0000	0.0000	0.0000	0.0000	0.0000	0.0000	0.0000	0.0000	0.0000	0.0000	0.0000	0.0000	0.0000	0.0000	7.8774	6.8484	9.2199	10.5180	10.5264	0.9359	6.4378	0.0021	9.4517	1.0320	0.0000	-0.0038	1.5300	0.1434	0.7696	1.9839	0.0000	0.0000	0.0000	0.0000	0.0000	0.0000	0.0000	0.0000	0.0000	0.1074	0.0529	0.0546	0.0530	0.0529	0.0001	0.0545	0.0000	0.0545	0.0037	0.0033	0.0004	0.0015	0.0015	0.0001	0.0022	0.0019	0.0003	0.0136	0.0077	0.0059	0.0052	0.0050	0.0002	0.0085	0.0027	0.0058	0.0000	0.0000	0.0000	0.0000	0.0000	0.0000	0.0000	0.0000	0.0000	7.8774	6.8484	9.2199	10.2290	10.5264	0.6946	6.4378	0.0021	9.4517	
99	126	0.0862	7	0	1	0	0	0	0	0	0	N	N	N	N	N	N	N	N	N	N	N	N	0.0000	0.0000	0.0000	0.0000	0.0000	0.0000	0.0000	0.0000	0.0000	0.0000	0.0000	0.0000	0.0000	0.0000	0.0000	0.0000	0.0000	0.0000	0.3227	0.2390	0.4497	0.3638	0.3921	0.0090	0.3088	0.1412	0.4715	1.2418	0.0000	0.0001	1.5300	1.8882	0.7696	2.9115	0.0000	0.0000	0.0000	0.0000	0.0000	0.0000	0.0000	0.0000	0.0000	0.0054	0.0024	0.0030	0.0016	0.0015	0.0000	0.0039	0.0009	0.0030	0.0245	0.0213	0.0032	0.0053	0.0049	0.0004	0.0192	0.0164	0.0028	0.0168	0.0101	0.0067	0.0043	0.0039	0.0003	0.0126	0.0062	0.0064	0.0000	0.0000	0.0000	0.0000	0.0000	0.0000	0.0000	0.0000	0.0000	0.3227	0.2390	0.4497	0.3638	0.3921	0.0090	0.3088	0.1412	0.4715	
99	127	0.0605	6	0	0	0	0	0	0	0	0	N	N	N	N	N	N	N	N	N	N	N	N	1.6638	1.7101	0.5978	3.2905	3.2994	2.1216	0.1129	0.0000	0.6484	0.0176	0.0192	0.0058	0.0640	0.0671	0.0002	0.0009	0.0000	0.0064	0.0106	0.0113	0.0096	0.0195	0.0203	0.0001	0.0084	0.0068	0.0098	0.0411	0.6003	-0.0004	-0.0001	1.5300	3.5543	0.7696	9.0319	0.0011	0.0011	0.0000	0.0011	0.0011	0.0000	0.0000	0.0000	0.0000	0.0004	0.0003	0.0002	0.0002	0.0002	0.0000	0.0003	0.0001	0.0002	0.0621	0.0546	0.0075	0.0164	0.0157	0.0007	0.0457	0.0389	0.0067	0.0419	0.0247	0.0173	0.0084	0.0081	0.0004	0.0335	0.0166	0.0169	1.6638	1.7101	0.5978	3.2905	3.2994	2.1216	0.1129	0.0000	0.6484	0.0106	0.0113	0.0096	0.0195	0.0203	0.0001	0.0084	0.0068	0.0098
100	104	0.1614	12	0	1	0	0	0	0	0	0	N	N	N	N	N	N	N	N	N	N	N	N	0.0418	0.0575	0.0000	0.0701	0.0849	0.0000	0.0000	0.0000	0.0000	0.0000	0.0000	0.0000	0.0000	0.0000	0.0000	0.0000	0.0000	0.0000	0.0004	0.0003	0.0006	0.0007	0.0006	0.0026	0.0001	0.0000	0.0004	0.0193	0.5787	-0.0000	-0.0000	3.6906	0.0277	1.4800	1.3445	0.0000	0.0000	0.0000	0.0000	0.0000	0.0000	0.0000	0.0000	0.0000	0.0000	0.0000	0.0000	0.0000	0.0000	0.0000	0.0000	0.0000	0.0000	0.0013	0.0011	0.0002	0.0004	0.0004	0.0000	0.0009	0.0007	0.0002	0.0186	0.0144	0.0042	0.0080	0.0075	0.0005	0.0106	0.0068	0.0037	0.0418	0.0575	0.0000	0.0701	0.0849	0.0000	0.0000	0.0000	0.0000	0.0004	0.0003	0.0006	0.0007	0.0006	0.0026	0.0001	0.0000	0.0004
100	105	0.1147	11	0	1	0	0	0	0	0	0	N	N	N	N	N	N	N	N	N	N	N	N	9.0716	39.3319	5.3666	5.6184	8.9930	0.0000	9.2943	134.9649	5.8181	0.0311	0.0298	0.0401	0.0146	0.0153	0.0000	0.0342	0.0329	0.0423	0.0034	0.0008	0.0075	0.0026	0.0017	0.0104	0.0037	0.0002	0.0073	0.1934	6.5089	-0.0010	0.0001	3.6906	5.1414	1.4800	16.4151	0.0044	0.0037	0.0007	0.0003	0.0003	0.0000	0.0040	0.0033	0.0007	0.0004	0.0001	0.0004	0.0001	0.0000	0.0000	0.0003	0.0000	0.0003	0.1409	0.1232	0.0177	0.0226	0.0217	0.0009	0.1183	0.1015	0.0168	0.1234	0.0743	0.0490	0.0293	0.0263	0.0030	0.0941	0.0481	0.0460	9.0716	39.3319	5.3666	5.6184	8.9930	0.0000	9.2943	134.9649	5.8181	0.0034	0.0008	0.0075	0.0026	0.0017	0.0104	0.0037	0.0002	0.0073
100	106	0.1065	10	0	0	0	0	0	0	0	0	N	N	N	N	N	N	N	N	N	N	N	N	102.5483	823.8610	12.8921	1.5612	2.0286	0.2150	94.8440	276274.4414	13.2673	9.6592	10.6644	2.9378	0.0604	0.0616	0.0347	11.0053	12.3191	3.0673	0.0942	0.0129	0.2279	0.0387	0.0304	0.1613	0.1160	0.0000	0.2312	0.0412	10.6991	-0.3539	0.0016	3.6906	3.8974	1.4800	1.6364	1.0364	0.9954	0.0410	0.0008	0.0008	0.0000	1.0356	0.9947	0.0410	0.0042	0.0004	0.0039	0.0005	0.0004	0.0001	0.0037	0.0000	0.0037	0.1073	0.0933	0.0140	0.0132	0.0126	0.0006	0.0941	0.0807	0.0134	0.0450	0.0280	0.0170	0.0127	0.0119	0.0008	0.0323	0.0161	0.0162	102.5483	823.8610	12.8921	1.5612	2.0286	0.2150	94.8440	276274.4414	13.2673	0.0942	0.0129	0.2279	0.0387	0.0304	0.1613	0.1160	0.0000	0.2312
100	107	0.0855	9	0	0	0	0	0	0	0	0	N	N	N	N	N	N	N	N	N	N	N	N	0.2181	250.1571	0.2041	161.6195	531.6123	0.6823	0.1316	16.2747	0.2188	3.0330	1.7243	15.2433	4.2590	4.2869	0.2046	2.3652	0.1016	15.6271	13.9042	0.0069	74.6862	0.0264	0.0081	0.2999	17.9685	0.0062	71.4362	0.9474	3400.5948	0.0084	0.4494	3.6906	0.3701	1.4800	9.6236	0.0796	0.0409	0.0387	0.0394	0.0394	0.0000	0.0402	0.0015	0.0387	0.9840	0.0003	0.9837	0.0004	0.0001	0.0003	0.9836	0.0002	0.9834	0.0262	0.0237	0.0025	0.0092	0.0092	0.0001	0.0170	0.0145	0.0025	0.0708	0.0420	0.0288	0.0160	0.0150	0.0011	0.0547	0.0270	0.0277	0.2181	250.1571	0.4463	161.6195	531.6123	0.7144	0.1316	16.2747	0.4410	13.9042	0.0069	34.1525	0.0264	0.0081	0.2864	17.9685	0.0062	35.4378
100	108	0.0750	8	0	0	0	0	0	0	0	0	N	N	N	N	N	N	N	N	N	N	N	N	11.3561	26.6019	34.2167	30.1836	28.2247	1.1535	9.2742	0.0000	34.0978	3.4454	1.4904	21.5668	4.0050	4.0366	0.0009	3.1624	0.0000	22.1653	0.3034	0.0560	0.6303	0.1327	0.1430	0.0008	0.3410	0.0198	0.6501	1.5611	8.5128	0.0221	0.0038	3.6906	0.4415	1.4800	4.8853	0.0969	0.0378	0.0591	0.0378	0.0378	0.0000	0.0591	0.0000	0.0591	0.0107	0.0011	0.0096	0.0008	0.0008	0.0000	0.0099	0.0003	0.0096	0.0281	0.0254	0.0027	0.0095	0.0094	0.0001	0.0187	0.0160	0.0027	0.0354	0.0202	0.0153	0.0064	0.0059	0.0005	0.0290	0.0142	0.0148	11.3561	26.6019	34.2167	30.1836	28.2247	1.1535	9.2742	0.0000	34.0978	0.3034	0.0560	0.6303	0.1327	0.1430	0.0008	0.3410	0.0198	0.6501
100	109	0.0974	7	1	1	0	1	0	0	0	0	N	N	N	N	N	N	N	N	N	N	N	N	0.0000	0.0000	0.0000	0.0000	0.0000	0.0000	0.0000	0.0000	0.0000	0.0000	0.0000	0.0000	0.0000	0.0000	0.0000	0.0000	0.0000	0.0000	0.0000	0.0000	3.6906	0.0000	1.4800	0.0000	0.0000	0.0000	0.0000	0.0000	0.0000	0.0000	0.0000	0.0000	0.0000	0.0000	0.0000	0.0000	0.0000	0.0000	0.0000	0.0000	0.0000	0.0000	0.0000	0.0000	0.0000	0.0000	0.0000	0.0000	0.0000	0.0000	0.0000	0.0000	0.0000	0.0000	0.0000	0.0000	0.0000	0.0000	0.0000	0.0000	0.0000	0.0000	0.0000	0.0000	0.0000	0.0000	0.0000	0.0000	0.0000	0.0000	0.0000	0.0000	0.0000	0.0000	0.0000	0.0000	0.0000	0.0000											
100	110	0.0825	6	1	1	0	1	0	0	0	0	N	N	N	N	N	N	N	N	N	N	N	N	0.0000	0.0000	0.0000	0.0000	0.0000	0.0000	0.0000	0.0000	0.0000	0.0000	0.0000	0.0000	0.0000	0.0000	0.0000	0.0000	0.0000	0.0000	0.0022	0.0008	0.0040	0.0025	0.0014	0.0092	0.0021	0.0005	0.0037	4.0745	0.0000	0.0000	3.6906	0.0000	1.4800	7.1240	0.0000	0.0000	0.0000	0.0000	0.0000	0.0000	0.0000	0.0000	0.0000	0.0001	0.0000	0.0001	0.0000	0.0000	0.0000	0.0001	0.0000	0.0001	0.0000	0.0000	0.0000	0.0000	0.0000	0.0000	0.0000	0.0000	0.0000	0.0466	0.0263	0.0203	0.0082	0.0071	0.0011	0.0384	0.0192	0.0192	0.0000	0.0000	0.0000	0.0000	0.0000	0.0000	0.0000	0.0000	0.0000	0.0022	0.0008	0.0040	0.0025	0.0014	0.0092	0.0021	0.0005	0.0037	
100	111	0.0914	8	0	1	0	1	0	0	0	0	N	N	N	N	N	N	N	N	N	N	N	N	0.0836	0.0518	0.0000	inf	inf	0.0000	0.0000	0.0000	0.0000	0.0000	0.0000	0.0001	0.0001	0.0000	0.0000	0.0000	0.0000	0.0003	0.0006	0.0000	0.0000	0.0000	0.0000	0.0004	0.0008	0.0000	0.0000	0.0011	-0.0000	-0.0000	3.6906	0.0016	1.4800	5.0076	0.0000	0.0000	0.0000	0.0000	0.0000	0.0000	0.0000	0.0000	0.0000	0.0000	0.0000	0.0000	0.0000	0.0000	0.0000	0.0000	0.0000	0.0000	0.0001	0.0001	0.0000	0.0001	0.0001	0.0000	0.0001	0.0001	0.0000	0.0318	0.0181	0.0137	0.0064	0.0053	0.0012	0.0253	0.0129	0.0125	0.0836	0.0518	0.0000	inf	inf	0.0000	0.0000	0.0000	0.0000	0.0003	0.0006	0.0000	0.0000	0.0000	0.0000	0.0004	0.0008	0.0000	
100	112	0.0846	7	0	1	0	1	0	0	0	0	N	N	N	N	N	N	N	N	N	N	N	N	13.1227	532.0001	0.0000	3486.4888	3225.2579	0.0000	0.0000	0.0000	0.0008	0.0009	0.0000	0.0069	0.0072	0.0000	0.0000	0.0000	0.0000	0.0001	0.0000	0.0001	0.0000	0.0000	0.0000	0.0001	0.0000	0.0001	0.0000	60.7471	-0.0000	0.0000	3.6906	1.0012	1.4800	2.1373	0.0000	0.0000	0.0000	0.0000	0.0000	0.0000	0.0000	0.0000	0.0000	0.0000	0.0000	0.0000	0.0000	0.0000	0.0000	0.0000	0.0000	0.0000	0.0260	0.0226	0.0034	0.0029	0.0028	0.0001	0.0231	0.0199	0.0032	0.0226	0.0129	0.0097	0.0049	0.0043	0.0006	0.0176	0.0086	0.0090	13.1227	532.0001	0.0000	3486.4888	3225.2579	0.0000	0.0000	0.0000	0.0000	0.0001	0.0000	0.0001	0.0000	0.0000	0.0000	0.0001	0.0000	0.0001	
100	113	0.0929	7	0	1	0	0	0	0	0	0	N	N	N	N	N	N	N	N	N	N	N	N	0.0000	0.0000	0.0000	0.0000	0.0000	0.0000	0.0000	0.0000	0.0000	0.0000	0.0000	0.0000	0.0000	0.0000	0.0000	0.0000	0.0000	0.0000	1.0930	0.2246	2.2481	0.6571	0.7520	0.0087	1.1988	0.0002	2.3863	7.5231	0.0000	0.0141	3.6906	0.9705	1.4800	5.0371	0.0000	0.0000	0.0000	0.0000	0.0000	0.0000	0.0000	0.0000	0.0000	0.0414	0.0049	0.0366	0.0049	0.0049	0.0000	0.0366	0.0000	0.0366	0.0296	0.0260	0.0036	0.0057	0.0054	0.0002	0.0240	0.0206	0.0034	0.0379	0.0216	0.0163	0.0074	0.0065	0.0009	0.0305	0.0152	0.0153	0.0000	0.0000	0.0000	0.0000	0.0000	0.0000	0.0000	0.0000	0.0000	1.0930	0.2246	2.2481	0.6571	0.7520	0.0087	1.1988	0.0002	2.3863	
100	114	0.0846	7	0	0	1	1	0	0	0	0	N	N	N	N	N	N	N	N	N	N	N	N	0.0000	0.0000	0.0000	0.0000	0.0000	0.0000	0.0000	0.0000	0.0000	0.0000	0.0000	0.0000	0.0000	0.0001	0.0000	0.0003	0.0000	0.0000	0.0000	0.0002	0.0000	0.0003	inf	0.0000	0.0000	3.6906	0.0000	1.4800	1.1303	0.0000	0.0000	0.0000	0.0000	0.0000	0.0000	0.0000	0.0000	0.0000	0.0000	0.0000	0.0000	0.0000	0.0000	0.0000	0.0000	0.0000	0.0000	0.0000	0.0000	0.0000	0.0000	0.0000	0.0000	0.0000	0.0000	0.0000	0.0100	0.0058	0.0042	0.0027	0.0025	0.0002	0.0073	0.0034	0.0040	0.0000	0.0000	0.0000	0.0000	0.0000	0.0000	0.0000	0.0000	0.0000	0.0001	0.0000	0.0003	0.0000	0.0000	0.0000	0.0002	0.0000	0.0003						
100	115	0.0825	6	0	0	0	1	0	0	0	0	N	N	N	N	N	N	N	N	N	N	N	N	0.0000	0.0000	0.0000	0.0000	0.0000	0.0000	0.0000	0.0000	0.0000	0.0000	0.0000	0.0000	0.0000	0.0000	0.0000	0.0000	0.0000	0.0002	0.0002	0.0003	0.0004	0.0005	0.0000	0.0001	0.0000	0.0003	0.9595	0.0000	-0.0000	3.6906	0.0000	1.4800	1.2340	0.0000	0.0000	0.0000	0.0000	0.0000	0.0000	0.0000	0.0000	0.0000	0.0000	0.0000	0.0000	0.0000	0.0000	0.0000	0.0000	0.0000	0.0000	0.0000	0.0000	0.0000	0.0000	0.0000	0.0000	0.0000	0.0000	0.0000	0.0108	0.0063	0.0045	0.0027	0.0025	0.0002	0.0081	0.0038	0.0043	0.0000	0.0000	0.0000	0.0000	0.0000	0.0000	0.0000	0.0000	0.0000	0.0002	0.0002	0.0003	0.0004	0.0005	0.0000	0.0001	0.0000	0.0003		
100	116	0.0900	7	0	0	1	1	0	0	0	0	N	N	N	N	N	N	N	N	N	N	N	N	0.0000	0.0000	0.0000	0.0000	0.0000	0.0000	0.0000	0.0000	0.0000	0.0000	0.0000	0.0000	0.0000	0.0000	0.0000	0.0045	0.0000	0.0109	0.0000	0.0000	0.0000	0.0056	0.0000	0.0116	inf	0.0000	0.0000	3.6906	0.9725	1.4800	0.9874	0.0000	0.0000	0.0000	0.0000	0.0000	0.0000	0.0000	0.0000	0.0000	0.0001	0.0000	0.0001	0.0000	0.0000	0.0000	0.0001	0.0000	0.0001	0.0278	0.0245	0.0034	0.0045	0.0044	0.0001	0.0233	0.0200	0.0032	0.0130	0.0076	0.0054	0.0025	0.0022	0.0003	0.0105	0.0055	0.0050	0.0000	0.0000	0.0000	0.0000	0.0000	0.0000	0.0000	0.0000	0.0000	0.0045	0.0000	0.0109	0.0000	0.0000	0.0000	0.0056	0.0000	0.0116				
100	117	0.0900	7	0	0	1	1	0	0	0	0	N	N	N	N	N	N	N	N	N	N	N	N	0.0000	0.0000	0.0000	0.0000	0.0000	0.0000	0.0000	0.0000	0.0000	0.0000	0.0000	0.0000	0.0000	0.0000	0.0000	0.0000	0.0001	0.0001	0.0000	0.0003	0.0003	0.0000	0.0000	0.0000	0.0000	0.0033	0.0000	-0.0000	3.6906	0.0285	1.4800	4.0215	0.0000	0.0000	0.0000	0.0000	0.0000	0.0000	0.0000	0.0000	0.0000	0.0000	0.0000	0.0000	0.0000	0.0000	0.0000	0.0000	0.0000	0.0000	0.0028	0.0026	0.0002	0.0011	0.0011	0.0000	0.0017	0.0015	0.0002	0.0257	0.0149	0.0109	0.0047	0.0040	0.0007	0.0210	0.0109	0.0102	0.0000	0.0000	0.0000	0.0000	0.0000	0.0000	0.0000	0.0000	0.0000	0.0001	0.0001	0.0000	0.0003	0.0003	0.0000	0.0000	0.0000	0.0000			
100	118	0.0825	6	0	0	1	1	0	0	0	0	N	N	N	N	N	N	N	N	N	N	N	N	0.0000	0.0000	0.0000	0.0000	0.0000	0.0000	0.0000	0.0000	0.0000	0.0000	0.0000	0.0000	0.0000	0.0000	0.0000	0.0000	0.0000	0.0001	0.0000	0.0002	0.0000	0.0000	0.0000	0.0001	0.0000	0.0002	48.6816	0.0000	0.0000	3.6906	3.0275	1.4800	2.1573	0.0000	0.0000	0.0000	0.0000	0.0000	0.0000	0.0000	0.0000	0.0000	0.0000	0.0000	0.0000	0.0000	0.0000	0.0000	0.0000	0.0000	0.0000	0.0778	0.0677	0.0100	0.0087	0.0083	0.0004	0.0691	0.0595	0.0096	0.0350	0.0198	0.0152	0.0064	0.0056	0.0008	0.0286	0.0142	0.0144	0.0000	0.0000	0.0000	0.0000	0.0000	0.0000	0.0000	0.0000	0.0000	0.0001	0.0000	0.0002	0.0000	0.0000	0.0000	0.0001	0.0000	0.0002		
100	119	0.1237	6	1	1	0	0	0	0	0	0	N	N	N	N	N	N	N	N	N	N	N	N	0.0044	0.0177	0.0031	0.0187	0.0190	0.0003	0.0028	0.5198	0.0032	0.0009	0.0009	0.0013	0.0018	0.0018	0.0000	0.0007	0.0006	0.0014	0.2121	0.0502	0.4311	0.0947	0.0962	0.0616	0.2648	0.0012	0.4431	0.1915	6.3583	-0.0000	0.0033	3.6906	2.1883	1.4800	3.1271	0.0001	0.0001	0.0000	0.0000	0.0000	0.0000	0.0000	0.0000	0.0000	0.0104	0.0014	0.0089	0.0014	0.0014	0.0000	0.0089	0.0000	0.0089	0.0685	0.0608	0.0077	0.0135	0.0131	0.0004	0.0550	0.0477	0.0072	0.0488	0.0281	0.0208	0.0151	0.0145	0.0007	0.0337	0.0136	0.0201	0.0044	0.0177	0.0031	0.0187	0.0190	0.0003	0.0028	0.5198	0.0032	0.2121	0.0502	0.4311	0.0947	0.0962	0.0616	0.2648	0.0012	0.4431
100	120	0.0568	5	1	1	0	0	0	0	0	0	N	N	N	N	N	N	N	N	N	N	N	N	53.3240	32.8314	208.2148	1.8447	1.7140	0.0732	262.5303	42303.7357	209.3345	3.6648	3.2862	6.2686	0.8949	0.9278	0.0001	4.0036	3.6092	6.4652	0.0687	0.1001	0.0301	0.4851	0.5413	0.0014	0.0153	0.0001	0.0309	0.2773	0.2443	-0.2139	-0.0041	3.6906	13.6104	1.4800	16.0982	1.3046	1.0213	0.2832	0.0347	0.0347	0.0000	1.2698	0.9866	0.2832	0.0117	0.0094	0.0023	0.0094	0.0094	0.0000	0.0023	0.0000	0.0023	0.3560	0.3108	0.0452	0.0388	0.0374	0.0014	0.3172	0.2734	0.0438	0.1701	0.0939	0.0763	0.0194	0.0173	0.0020	0.1508	0.0765	0.0742	53.3240	32.8314	208.2148	1.8447	1.7140	0.0732	262.5303	42303.7357	209.3345	0.0687	0.1001	0.0301	0.4851	0.5413	0.0014	0.0153	0.0001	0.0309
100	121	0.0613	5	0	1	0	0	0	0	0	0	N	N	N	N	N	N	N	N	N	N	N	N	13.5192	9.6398	76.4941	11.2931	11.0363	9.2324	25.8959	0.7696	84.7985	0.0569	0.0599	0.0291	0.1396	0.1410	0.0108	0.0045	0.0000	0.0299	0.0042	0.0062	0.0004	0.0124	0.0128	0.0012	0.0002	0.0000	0.0004	0.0522	0.0321	-0.0006	-0.0001	3.6906	0.3548	1.4800	4.6068	0.0018	0.0017	0.0001	0.0017	0.0017	0.0000	0.0001	0.0000	0.0001	0.0003	0.0003	0.0000	0.0003	0.0003	0.0000	0.0000	0.0000	0.0000	0.0310	0.0280	0.0030	0.0120	0.0119	0.0001	0.0190	0.0161	0.0029	0.0649	0.0426	0.0223	0.0215	0.0207	0.0008	0.0434	0.0219	0.0215	13.5192	9.6398	76.4941	11.2931	11.0363	9.2324	25.8959	0.7696	84.7985	0.0042	0.0062	0.0004	0.0124	0.0128	0.0012	0.0002	0.0000	0.0004
100	122	0.0464	4	0	1	0	0	0	0	0	0	N	N	N	N	N	N	N	N	N	N	N	N	4.7609	5.4760	8.7407	7.7688	7.4848	0.2040	2.2240	0.0514	8.8549	0.0993	0.0783	0.2526	0.3453	0.3500	0.0036	0.0381	0.0002	0.2584	0.0209	0.0143	0.0289	0.0444	0.0468	0.0175	0.0171	0.0048	0.0292	0.4408	1.6449	-0.0005	0.0001	3.6906	1.6911	1.4800	5.7022	0.0061	0.0042	0.0019	0.0042	0.0042	0.0000	0.0019	0.0000	0.0019	0.0010	0.0004	0.0007	0.0003	0.0003	0.0000	0.0007	0.0001	0.0006	0.0617	0.0542	0.0074	0.0123	0.0121	0.0002	0.0494	0.0421	0.0072	0.0503	0.0277	0.0226	0.0068	0.0063	0.0005	0.0434	0.0214	0.0220	4.7609	5.4760	8.7407	7.7688	7.4848	0.2040	2.2240	0.0514	8.8549	0.0209	0.0143	0.0289	0.0444	0.0468	0.0175	0.0171	0.0048	0.0292
100	124	0.0975	8	1	1	0	0	0	0	0	0	N	N	N	N	N	N	N	N	N	N	N	N	0.0000	0.0000	0.0000	0.0000	0.0000	0.0000	0.0000	0.0000	0.0000	0.0000	0.0000	0.0000	0.0000	0.0000	0.0000	0.0000	0.0000	0.0000	0.0000	0.0000	3.6906	0.0000	1.4800	0.0000	0.0000	0.0000	0.0000	0.0000	0.0000	0.0000	0.0000	0.0000	0.0000	0.0000	0.0000	0.0000	0.0000	0.0000	0.0000	0.0000	0.0000	0.0000	0.0000	0.0000	0.0000	0.0000	0.0000	0.0000	0.0000	0.0000	0.0000	0.0000	0.0000	0.0000	0.0000	0.0000	0.0000	0.0000	0.0000	0.0000	0.0000	0.0000	0.0000	0.0000	0.0000	0.0000	0.0000	0.0000	0.0000	0.0000	0.0000	0.0000	0.0000	0.0000	0.0000	0.0000	0.0000	0.0000											
100	125	0.0929	7	1	1	0	0	0	0	0	0	N	N	N	N	N	N	N	N	N	N	N	N	0.0000	0.0000	0.0000	0.0000	0.0000	0.0000	0.0000	0.0000	0.0000	0.0000	0.0000	0.0000	0.0000	0.0000	0.0000	0.0000	0.0000	0.0000	4.2595	6.3376	1.3501	16.1299	17.5817	0.0568	0.7314	0.0002	1.4229	0.1522	0.0000	-0.0271	3.6906	0.1434	1.4800	1.9839	0.0000	0.0000	0.0000	0.0000	0.0000	0.0000	0.0000	0.0000	0.0000	0.0660	0.0573	0.0087	0.0573	0.0573	0.0000	0.0087	0.0000	0.0087	0.0082	0.0074	0.0008	0.0031	0.0030	0.0001	0.0050	0.0043	0.0007	0.0155	0.0090	0.0065	0.0036	0.0033	0.0003	0.0119	0.0058	0.0061	0.0000	0.0000	0.0000	0.0000	0.0000	0.0000	0.0000	0.0000	0.0000	4.2595	6.3376	1.3501	15.9088	17.5817	0.0568	0.7314	0.0002	1.4229	
100	126	0.0825	6	0	1	0	0	0	0	0	0	N	N	N	N	N	N	N	N	N	N	N	N	0.0000	0.0000	0.0000	0.0000	0.0000	0.0000	0.0000	0.0000	0.0000	0.0000	0.0000	0.0000	0.0000	0.0000	0.0000	0.0000	0.0000	0.0000	0.0624	0.0891	0.0275	0.2708	0.3083	0.0007	0.0150	0.0009	0.0290	0.2365	0.0000	-0.0007	3.6906	1.8882	1.4800	2.9115	0.0000	0.0000	0.0000	0.0000	0.0000	0.0000	0.0000	0.0000	0.0000	0.0020	0.0016	0.0004	0.0016	0.0016	0.0000	0.0004	0.0000	0.0004	0.0488	0.0425	0.0063	0.0054	0.0052	0.0003	0.0433	0.0373	0.0060	0.0327	0.0185	0.0142	0.0060	0.0053	0.0007	0.0266	0.0132	0.0134	0.0000	0.0000	0.0000	0.0000	0.0000	0.0000	0.0000	0.0000	0.0000	0.0624	0.0891	0.0275	0.2708	0.3083	0.0007	0.0150	0.0009	0.0290	
100	127	0.0568	5	0	0	0	0	0	0	0	0	N	N	N	N	N	N	N	N	N	N	N	N	2384.8195	7536.8604	3.0762	11446.8891	10577.3857	1105.9108	0.8195	0.0000	3.0638	6.3602	7.2293	0.0147	37.8304	38.6092	0.0035	0.0021	0.0000	0.0150	0.0027	0.0010	0.0048	0.0033	0.0037	0.0000	0.0026	0.0003	0.0049	0.0003	4.0314	-0.2780	0.0001	3.6906	3.5543	1.4800	9.0319	0.7301	0.7299	0.0002	0.7299	0.7299	0.0000	0.0002	0.0000	0.0002	0.0002	0.0000	0.0002	0.0000	0.0000	0.0000	0.0002	0.0000	0.0002	0.1148	0.1010	0.0138	0.0193	0.0189	0.0004	0.0955	0.0821	0.0134	0.0789	0.0436	0.0353	0.0095	0.0086	0.0009	0.0694	0.0350	0.0344	2384.8195	7536.8604	3.0762	11446.8891	10577.3857	1105.9108	0.8195	0.0000	3.0638	0.0027	0.0010	0.0048	0.0033	0.0037	0.0000	0.0026	0.0003	0.0049
101	104	0.1526	11	0	1	0	0	0	0	0	0	N	N	N	N	N	N	N	N	N	N	N	N	0.0000	0.0000	0.0000	0.0000	0.0000	0.0000	0.0000	0.0000	0.0000	0.0000	0.0000	0.0000	0.0000	0.0000	0.0000	0.0000	0.0000	0.0000	0.0035	0.0028	0.0056	0.0057	0.0045	0.0218	0.0016	0.0007	0.0031	0.6075	0.0000	-0.0000	0.1361	0.0277	0.4500	1.3445	0.0000	0.0000	0.0000	0.0000	0.0000	0.0000	0.0000	0.0000	0.0000	0.0000	0.0000	0.0000	0.0000	0.0000	0.0000	0.0000	0.0000	0.0000	0.0001	0.0001	0.0000	0.0000	0.0000	0.0000	0.0000	0.0000	0.0000	0.0026	0.0020	0.0006	0.0012	0.0011	0.0001	0.0014	0.0009	0.0005	0.0000	0.0000	0.0000	0.0000	0.0000	0.0000	0.0000	0.0000	0.0000	0.0035	0.0028	0.0056	0.0057	0.0045	0.0218	0.0016	0.0007	0.0031	
101	105	0.1059	10	0	1	0	0	0	0	0	0	N	N	N	N	N	N	N	N	N	N	N	N	0.0177	0.0099	0.4300	0.0198	0.0186	0.0000	0.0160	0.0046	0.5962	0.0001	0.0001	0.0002	0.0001	0.0001	0.0000	0.0001	0.0000	0.0002	0.0045	0.0068	0.0005	0.0070	0.0076	0.0016	0.0033	0.0061	0.0004	0.3194	0.0380	-0.0000	-0.0000	0.1361	5.1414	0.4500	16.4151	0.0000	0.0000	0.0000	0.0000	0.0000	0.0000	0.0000	0.0000	0.0000	0.0001	0.0001	0.0000	0.0000	0.0000	0.0000	0.0000	0.0000	0.0000	0.0095	0.0086	0.0009	0.0030	0.0030	0.0000	0.0065	0.0056	0.0009	0.0201	0.0129	0.0072	0.0067	0.0061	0.0006	0.0133	0.0068	0.0065	0.0177	0.0099	0.4300	0.0198	0.0186	0.0000	0.0160	0.0046	0.5962	0.0045	0.0068	0.0005	0.0070	0.0076	0.0016	0.0033	0.0061	0.0004
101	106	0.0977	9	0	0	0	0	0	0	0	0	N	N	N	N	N	N	N	N	N	N	N	N	7.2431	8.2585	5.7458	8.1028	7.9938	8.3590	7.0915	23.4646	5.6296	0.0107	0.0107	0.0103	0.0182	0.0183	0.0149	0.0075	0.0071	0.0101	0.0015	0.0013	0.0018	0.0022	0.0023	0.0018	0.0011	0.0003	0.0018	0.1086	0.7518	-0.0000	-0.0000	0.1361	3.8974	0.4500	1.6364	0.0001	0.0001	0.0000	0.0000	0.0000	0.0000	0.0000	0.0000	0.0000	0.0000	0.0000	0.0000	0.0000	0.0000	0.0000	0.0000	0.0000	0.0000	0.0073	0.0066	0.0007	0.0022	0.0021	0.0000	0.0051	0.0044	0.0007	0.0068	0.0044	0.0024	0.0024	0.0022	0.0002	0.0044	0.0022	0.0022	7.2431	8.2585	5.7458	8.1028	7.9938	8.3590	7.0915	23.4646	5.6296	0.0015	0.0013	0.0018	0.0022	0.0023	0.0018	0.0011	0.0003	0.0018
101	107	0.0767	8	0	0	0	0	0	0	0	0	N	N	N	N	N	N	N	N	N	N	N	N	0.1323	0.0949	0.5237	0.1231	0.1021	38.3558	0.1272	0.2490	0.4357	0.0160	0.0093	0.0836	0.0233	0.0208	0.4441	0.0113	0.0007	0.0739	0.1209	0.0979	0.1596	0.1893	0.2035	0.0116	0.0886	0.0028	0.1697	0.8916	0.9702	0.0000	-0.0001	0.1361	0.3701	0.4500	9.6236	0.0000	0.0000	0.0000	0.0000	0.0000	0.0000	0.0000	0.0000	0.0000	0.0014	0.0007	0.0007	0.0007	0.0007	0.0000	0.0007	0.0000	0.0007	0.0013	0.0012	0.0001	0.0005	0.0005	0.0000	0.0008	0.0007	0.0001	0.0113	0.0071	0.0042	0.0036	0.0034	0.0003	0.0077	0.0037	0.0039	0.1323	0.0949	0.5237	0.1231	0.1021	38.3558	0.1272	0.2490	0.4357	0.1209	0.0979	0.1596	0.1893	0.2035	0.0116	0.0886	0.0028	0.1697
101	108	0.0662	7	0	0	0	0	0	0	0	0	N	N	N	N	N	N	N	N	N	N	N	N	0.0313	0.0210	0.1362	0.0238	0.0220	0.9781	0.0359	0.0000	0.1314	0.0038	0.0021	0.0210	0.0049	0.0050	0.0020	0.0030	0.0000	0.0216	0.1202	0.0987	0.1544	0.2080	0.2261	0.0020	0.0845	0.0016	0.1643	0.9943	0.9810	0.0000	-0.0000	0.1361	0.4415	0.4500	4.8853	0.0000	0.0000	0.0000	0.0000	0.0000	0.0000	0.0000	0.0000	0.0000	0.0007	0.0003	0.0003	0.0003	0.0003	0.0000	0.0003	0.0000	0.0003	0.0014	0.0013	0.0001	0.0006	0.0005	0.0000	0.0009	0.0008	0.0001	0.0057	0.0035	0.0022	0.0016	0.0015	0.0001	0.0040	0.0020	0.0020	0.0313	0.0210	0.1362	0.0238	0.0220	0.9781	0.0359	0.0000	0.1314	0.1202	0.0987	0.1544	0.2080	0.2261	0.0020	0.0845	0.0016	0.1643
101	109	0.0886	6	1	1	0	1	0	0	0	0	N	N	N	N	N	N	N	N	N	N	N	N	0.0000	0.0000	0.0000	0.0000	0.0000	0.0000	0.0000	0.0000	0.0000	0.0000	0.0000	0.0000	0.0000	0.0000	0.0000	0.0000	0.0000	0.0000	0.0000	0.0000	0.1361	0.0000	0.4500	0.0000	0.0000	0.0000	0.0000	0.0000	0.0000	0.0000	0.0000	0.0000	0.0000	0.0000	0.0000	0.0000	0.0000	0.0000	0.0000	0.0000	0.0000	0.0000	0.0000	0.0000	0.0000	0.0000	0.0000	0.0000	0.0000	0.0000	0.0000	0.0000	0.0000	0.0000	0.0000	0.0000	0.0000	0.0000	0.0000	0.0000	0.0000	0.0000	0.0000	0.0000	0.0000	0.0000	0.0000	0.0000	0.0000	0.0000	0.0000	0.0000	0.0000	0.0000	0.0000	0.0000	0.0000	0.0000											
101	110	0.0736	5	1	1	0	1	0	0	0	0	N	N	N	N	N	N	N	N	N	N	N	N	0.0000	0.0000	0.0000	0.0000	0.0000	0.0000	0.0000	0.0000	0.0000	0.0000	0.0000	0.0000	0.0000	0.0000	0.0000	0.0000	0.0000	0.0030	0.0025	0.0039	0.0100	0.0059	0.0435	0.0002	0.0000	0.0005	1.0000	0.0000	-0.0000	0.1361	0.0000	0.4500	7.1240	0.0000	0.0000	0.0000	0.0000	0.0000	0.0000	0.0000	0.0000	0.0000	0.0000	0.0000	0.0000	0.0000	0.0000	0.0000	0.0000	0.0000	0.0000	0.0000	0.0000	0.0000	0.0000	0.0000	0.0000	0.0000	0.0000	0.0000	0.0074	0.0046	0.0029	0.0021	0.0019	0.0002	0.0053	0.0027	0.0027	0.0000	0.0000	0.0000	0.0000	0.0000	0.0000	0.0000	0.0000	0.0000	0.0030	0.0025	0.0039	0.0100	0.0059	0.0435	0.0002	0.0000	0.0005		
101	111	0.0826	7	0	1	0	1	0	0	0	0	N	N	N	N	N	N	N	N	N	N	N	N	263.3775	345.6115	0.0000	196.0049	169.0475	312.0441	inf	0.0000	0.0011	0.0012	0.0000	0.0014	0.0014	0.0000	0.0009	0.0011	0.0000	0.0000	0.0000	0.0000	0.0000	0.0000	0.0000	0.0000	0.0000	0.0000	0.0000	0.9640	-0.0000	-0.0000	0.1361	0.0016	0.4500	5.0076	0.0000	0.0000	0.0000	0.0000	0.0000	0.0000	0.0000	0.0000	0.0000	0.0000	0.0000	0.0000	0.0000	0.0000	0.0000	0.0000	0.0000	0.0000	0.0000	0.0000	0.0000	0.0000	0.0000	0.0000	0.0000	0.0000	0.0000	0.0051	0.0032	0.0020	0.0016	0.0014	0.0002	0.0036	0.0018	0.0018	263.3775	345.6115	0.0000	196.0049	169.0475	0.0000	312.0441	inf	0.0000	0.0000	0.0000	0.0000	0.0000	0.0000	0.0000	0.0000	0.0000	0.0000	
101	112	0.0758	6	0	1	0	1	0	0	0	0	N	N	N	N	N	N	N	N	N	N	N	N	29.6820	40.4616	0.0000	31.6839	28.5412	28.8571	inf	0.0000	0.0220	0.0244	0.0000	0.0376	0.0380	0.0000	0.0155	0.0180	0.0000	0.0007	0.0006	0.0010	0.0012	0.0013	0.0000	0.0005	0.0000	0.0011	0.0000	0.9998	-0.0000	-0.0000	0.1361	1.0012	0.4500	2.1373	0.0000	0.0000	0.0000	0.0000	0.0000	0.0000	0.0000	0.0000	0.0000	0.0000	0.0000	0.0000	0.0000	0.0000	0.0000	0.0000	0.0000	0.0000	0.0018	0.0016	0.0002	0.0005	0.0005	0.0000	0.0013	0.0011	0.0002	0.0035	0.0022	0.0014	0.0011	0.0010	0.0001	0.0024	0.0012	0.0012	29.6820	40.4616	0.0000	31.6839	28.5412	0.0000	28.8571	inf	0.0000	0.0007	0.0006	0.0010	0.0012	0.0013	0.0000	0.0005	0.0000	0.0011	
101	113	0.0841	6	0	1	0	0	0	0	0	0	N	N	N	N	N	N	N	N	N	N	N	N	0.0000	0.0000	0.0000	0.0000	0.0000	0.0000	0.0000	0.0000	0.0000	0.0000	0.0000	0.0000	0.0000	0.0000	0.0000	0.0000	0.0000	0.0000	1.4299	1.1858	1.8005	2.1722	2.3763	0.0066	1.0656	0.0003	1.9385	0.9998	0.0000	-0.0004	0.1361	0.9705	0.4500	5.0371	0.0000	0.0000	0.0000	0.0000	0.0000	0.0000	0.0000	0.0000	0.0000	0.0101	0.0050	0.0050	0.0050	0.0050	0.0000	0.0050	0.0000	0.0050	0.0019	0.0017	0.0002	0.0006	0.0006	0.0000	0.0013	0.0011	0.0002	0.0070	0.0042	0.0028	0.0023	0.0021	0.0002	0.0047	0.0021	0.0026	0.0000	0.0000	0.0000	0.0000	0.0000	0.0000	0.0000	0.0000	0.0000	1.4299	1.1858	1.8005	2.1722	2.3763	0.0066	1.0656	0.0003	1.9385	
101	114	0.0758	6	0	0	1	1	0	0	0	0	N	N	N	N	N	N	N	N	N	N	N	N	0.0000	0.0000	0.0000	0.0000	0.0000	0.0000	0.0000	0.0000	0.0000	0.0000	0.0000	0.0000	0.0000	0.0000	0.0000	0.0000	0.0017	0.0014	0.0023	0.0026	0.0028	0.0000	0.0013	0.0000	0.0024	1.0000	0.0000	-0.0000	0.1361	0.0000	0.4500	1.1303	0.0000	0.0000	0.0000	0.0000	0.0000	0.0000	0.0000	0.0000	0.0000	0.0000	0.0000	0.0000	0.0000	0.0000	0.0000	0.0000	0.0000	0.0000	0.0000	0.0000	0.0000	0.0000	0.0000	0.0000	0.0000	0.0000	0.0000	0.0015	0.0009	0.0006	0.0005	0.0005	0.0000	0.0010	0.0005	0.0005	0.0000	0.0000	0.0000	0.0000	0.0000	0.0000	0.0000	0.0000	0.0000	0.0017	0.0014	0.0023	0.0026	0.0028	0.0000	0.0013	0.0000	0.0024			
101	115	0.0736	5	0	0	0	1	0	0	0	0	N	N	N	N	N	N	N	N	N	N	N	N	0.0000	0.0000	0.0000	0.0000	0.0000	0.0000	0.0000	0.0000	0.0000	0.0000	0.0000	0.0000	0.0000	0.0000	0.0000	0.0000	0.0000	0.0151	0.0223	0.0037	0.0232	0.0252	0.0000	0.0112	0.0195	0.0039	0.1019	0.0000	-0.0000	0.1361	0.0000	0.4500	1.2340	0.0000	0.0000	0.0000	0.0000	0.0000	0.0000	0.0000	0.0000	0.0000	0.0000	0.0000	0.0000	0.0000	0.0000	0.0000	0.0000	0.0000	0.0000	0.0000	0.0000	0.0000	0.0000	0.0000	0.0000	0.0000	0.0000	0.0000	0.0016	0.0010	0.0006	0.0005	0.0005	0.0000	0.0011	0.0005	0.0006	0.0000	0.0000	0.0000	0.0000	0.0000	0.0000	0.0000	0.0000	0.0000	0.0151	0.0223	0.0037	0.0232	0.0252	0.0000	0.0112	0.0195	0.0039		
101	116	0.0811	6	0	0	1	1	0	0	0	0	N	N	N	N	N	N	N	N	N	N	N	N	0.0000	0.0000	0.0000	0.0000	0.0000	0.0000	0.0000	0.0000	0.0000	0.0000	0.0000	0.0000	0.0000	0.0000	0.0000	0.0000	0.0000	0.0000	0.0000	0.0000	0.0000	0.0000	0.0000	0.0000	0.0000	0.9512	0.0000	-0.0000	0.1361	0.9725	0.4500	0.9874	0.0000	0.0000	0.0000	0.0000	0.0000	0.0000	0.0000	0.0000	0.0000	0.0000	0.0000	0.0000	0.0000	0.0000	0.0000	0.0000	0.0000	0.0000	0.0019	0.0017	0.0002	0.0006	0.0006	0.0000	0.0013	0.0011	0.0002	0.0021	0.0013	0.0008	0.0006	0.0006	0.0001	0.0015	0.0008	0.0007	0.0000	0.0000	0.0000	0.0000	0.0000	0.0000	0.0000	0.0000	0.0000	0.0000	0.0000	0.0000	0.0000	0.0000	0.0000	0.0000	0.0000	0.0000			
101	117	0.0811	6	0	0	1	1	0	0	0	0	N	N	N	N	N	N	N	N	N	N	N	N	0.0000	0.0000	0.0000	0.0000	0.0000	0.0000	0.0000	0.0000	0.0000	0.0000	0.0000	0.0000	0.0000	0.0000	0.0000	0.0000	0.0000	0.0000	0.0000	0.0000	0.0000	0.0000	0.0000	0.0000	0.0000	0.9574	0.0000	-0.0000	0.1361	0.0285	0.4500	4.0215	0.0000	0.0000	0.0000	0.0000	0.0000	0.0000	0.0000	0.0000	0.0000	0.0000	0.0000	0.0000	0.0000	0.0000	0.0000	0.0000	0.0000	0.0000	0.0001	0.0001	0.0000	0.0001	0.0001	0.0000	0.0001	0.0001	0.0000	0.0042	0.0026	0.0016	0.0012	0.0011	0.0001	0.0029	0.0015	0.0014	0.0000	0.0000	0.0000	0.0000	0.0000	0.0000	0.0000	0.0000	0.0000	0.0000	0.0000	0.0000	0.0000	0.0000	0.0000	0.0000	0.0000	0.0000			
101	118	0.0736	5	0	0	1	1	0	0	0	0	N	N	N	N	N	N	N	N	N	N	N	N	0.0000	0.0000	0.0000	0.0000	0.0000	0.0000	0.0000	0.0000	0.0000	0.0000	0.0000	0.0000	0.0000	0.0000	0.0000	0.0000	0.0000	0.0005	0.0004	0.0006	0.0008	0.0009	0.0000	0.0003	0.0000	0.0007	0.9948	0.0000	-0.0000	0.1361	3.0275	0.4500	2.1573	0.0000	0.0000	0.0000	0.0000	0.0000	0.0000	0.0000	0.0000	0.0000	0.0000	0.0000	0.0000	0.0000	0.0000	0.0000	0.0000	0.0000	0.0000	0.0054	0.0049	0.0005	0.0016	0.0016	0.0000	0.0039	0.0033	0.0005	0.0056	0.0034	0.0022	0.0016	0.0014	0.0002	0.0040	0.0020	0.0020	0.0000	0.0000	0.0000	0.0000	0.0000	0.0000	0.0000	0.0000	0.0000	0.0005	0.0004	0.0006	0.0008	0.0009	0.0000	0.0003	0.0000	0.0007		
101	119	0.1149	5	1	1	0	0	0	0	0	0	N	N	N	N	N	N	N	N	N	N	N	N	0.0032	0.0019	0.0158	0.0045	0.0044	0.0107	0.0026	0.0019	0.0162	0.0005	0.0003	0.0026	0.0008	0.0008	0.0004	0.0004	0.0000	0.0027	0.1533	0.1420	0.1667	0.1709	0.1733	0.0398	0.1390	0.0016	0.1690	0.9824	0.9960	0.0000	-0.0001	0.1361	2.1883	0.4500	3.1271	0.0000	0.0000	0.0000	0.0000	0.0000	0.0000	0.0000	0.0000	0.0000	0.0030	0.0015	0.0015	0.0015	0.0015	0.0000	0.0015	0.0000	0.0015	0.0044	0.0040	0.0004	0.0014	0.0014	0.0000	0.0030	0.0026	0.0004	0.0193	0.0104	0.0089	0.0087	0.0085	0.0002	0.0106	0.0019	0.0087	0.0032	0.0019	0.0158	0.0045	0.0044	0.0107	0.0026	0.0019	0.0162	0.1533	0.1420	0.1667	0.1709	0.1733	0.0398	0.1390	0.0016	0.1690
101	120	0.0479	4	1	1	0	0	0	0	0	0	N	N	N	N	N	N	N	N	N	N	N	N	7.8915	5.3069	30.9857	6.8076	6.2367	0.5611	8.3262	7.6139	29.9128	1.2534	0.7006	6.1838	2.2020	2.2192	0.0027	0.8756	0.0047	6.3227	0.1588	0.1320	0.1996	0.3235	0.3558	0.0048	0.1052	0.0006	0.2114	0.9895	0.9944	0.0035	-0.0002	0.1361	13.6104	0.4500	16.0982	0.0304	0.0153	0.0151	0.0152	0.0152	0.0000	0.0152	0.0001	0.0151	0.0044	0.0022	0.0022	0.0022	0.0022	0.0000	0.0022	0.0000	0.0022	0.0242	0.0218	0.0024	0.0069	0.0068	0.0001	0.0173	0.0149	0.0024	0.0276	0.0167	0.0110	0.0068	0.0062	0.0006	0.0208	0.0105	0.0103	7.8915	5.3069	30.9857	6.8076	6.2367	0.5611	8.3262	7.6139	29.9128	0.1588	0.1320	0.1996	0.3235	0.3558	0.0048	0.1052	0.0006	0.2114
101	121	0.0525	4	0	1	0	0	0	0	0	0	N	N	N	N	N	N	N	N	N	N	N	N	0.4874	0.3596	1.6381	0.4394	0.4242	1.9791	0.5225	0.0000	1.6131	0.0129	0.0072	0.0644	0.0158	0.0157	0.0308	0.0108	0.0000	0.0656	0.0264	0.0199	0.0393	0.0360	0.0370	0.0155	0.0207	0.0000	0.0406	1.0000	0.9997	0.0000	-0.0000	0.1361	0.3548	0.4500	4.6068	0.0000	0.0000	0.0000	0.0000	0.0000	0.0000	0.0000	0.0000	0.0000	0.0002	0.0001	0.0001	0.0001	0.0001	0.0000	0.0001	0.0000	0.0001	0.0015	0.0014	0.0002	0.0006	0.0006	0.0000	0.0009	0.0007	0.0001	0.0092	0.0061	0.0031	0.0035	0.0033	0.0002	0.0058	0.0028	0.0029	0.4874	0.3596	1.6381	0.4394	0.4242	1.9791	0.5225	0.0000	1.6131	0.0264	0.0199	0.0393	0.0360	0.0370	0.0155	0.0207	0.0000	0.0406
101	122	0.0376	3	0	1	0	0	0	0	0	0	N	N	N	N	N	N	N	N	N	N	N	N	0.2434	0.1614	0.9215	0.2036	0.1896	1.0474	0.2625	0.0622	0.8923	0.0172	0.0097	0.0796	0.0271	0.0272	0.0098	0.0126	0.0001	0.0807	0.0706	0.0600	0.0864	0.1329	0.1432	0.0093	0.0479	0.0011	0.0905	0.9908	0.9782	0.0000	-0.0000	0.1361	1.6911	0.4500	5.7022	0.0001	0.0000	0.0000	0.0000	0.0000	0.0000	0.0000	0.0000	0.0000	0.0006	0.0003	0.0003	0.0003	0.0003	0.0000	0.0003	0.0000	0.0003	0.0038	0.0034	0.0004	0.0012	0.0012	0.0000	0.0026	0.0022	0.0004	0.0084	0.0050	0.0034	0.0022	0.0021	0.0002	0.0062	0.0029	0.0032	0.2434	0.1614	0.9215	0.2036	0.1896	1.0474	0.2625	0.0622	0.8923	0.0706	0.0600	0.0864	0.1329	0.1432	0.0093	0.0479	0.0011	0.0905
101	124	0.0887	7	1	1	0	0	0	0	0	0	N	N	N	N	N	N	N	N	N	N	N	N	0.0000	0.0000	0.0000	0.0000	0.0000	0.0000	0.0000	0.0000	0.0000	0.0000	0.0000	0.0000	0.0000	0.0000	0.0000	0.0000	0.0000	0.0000	0.0000	0.0000	0.1361	0.0000	0.4500	0.0000	0.0000	0.0000	0.0000	0.0000	0.0000	0.0000	0.0000	0.0000	0.0000	0.0000	0.0000	0.0000	0.0000	0.0000	0.0000	0.0000	0.0000	0.0000	0.0000	0.0000	0.0000	0.0000	0.0000	0.0000	0.0000	0.0000	0.0000	0.0000	0.0000	0.0000	0.0000	0.0000	0.0000	0.0000	0.0000	0.0000	0.0000	0.0000	0.0000	0.0000	0.0000	0.0000	0.0000	0.0000	0.0000	0.0000	0.0000	0.0000	0.0000	0.0000	0.0000	0.0000	0.0000	0.0000											
101	125	0.0841	6	1	1	0	0	0	0	0	0	N	N	N	N	N	N	N	N	N	N	N	N	0.0000	0.0000	0.0000	0.0000	0.0000	0.0000	0.0000	0.0000	0.0000	0.0000	0.0000	0.0000	0.0000	0.0000	0.0000	0.0000	0.0000	0.0000	5.4598	4.6339	6.6438	8.3908	8.0911	0.2885	4.3369	0.0002	7.0006	1.0000	0.0000	-0.0008	0.1361	0.1434	0.4500	1.9839	0.0000	0.0000	0.0000	0.0000	0.0000	0.0000	0.0000	0.0000	0.0000	0.0184	0.0092	0.0092	0.0092	0.0092	0.0000	0.0092	0.0000	0.0092	0.0004	0.0004	0.0000	0.0002	0.0002	0.0000	0.0002	0.0002	0.0000	0.0034	0.0020	0.0014	0.0013	0.0012	0.0001	0.0021	0.0008	0.0013	0.0000	0.0000	0.0000	0.0000	0.0000	0.0000	0.0000	0.0000	0.0000	5.4598	4.6339	6.6438	7.3556	7.7963	0.2805	4.3369	0.0002	7.0006	
101	126	0.0736	5	0	1	0	0	0	0	0	0	N	N	N	N	N	N	N	N	N	N	N	N	0.0000	0.0000	0.0000	0.0000	0.0000	0.0000	0.0000	0.0000	0.0000	0.0000	0.0000	0.0000	0.0000	0.0000	0.0000	0.0000	0.0000	0.0000	0.1105	0.0906	0.1419	0.1903	0.2119	0.0035	0.0778	0.0007	0.1536	0.9908	0.0000	-0.0000	0.1361	1.8882	0.4500	2.9115	0.0000	0.0000	0.0000	0.0000	0.0000	0.0000	0.0000	0.0000	0.0000	0.0006	0.0003	0.0003	0.0003	0.0003	0.0000	0.0003	0.0000	0.0003	0.0034	0.0031	0.0003	0.0010	0.0010	0.0000	0.0024	0.0021	0.0003	0.0052	0.0032	0.0020	0.0015	0.0014	0.0002	0.0037	0.0018	0.0019	0.0000	0.0000	0.0000	0.0000	0.0000	0.0000	0.0000	0.0000	0.0000	0.1105	0.0906	0.1419	0.1903	0.2119	0.0035	0.0778	0.0007	0.1536	
101	127	0.0479	4	0	0	0	0	0	0	0	0	N	N	N	N	N	N	N	N	N	N	N	N	6.3617	3.4440	31.6519	5.1942	4.7644	1254.3804	6.8768	0.0000	30.4569	0.0406	0.0227	0.1922	0.0661	0.0665	0.0100	0.0293	0.0000	0.1958	0.0064	0.0066	0.0061	0.0127	0.0140	0.0000	0.0043	0.0021	0.0064	1.0000	0.6069	0.0000	-0.0000	0.1361	3.5543	0.4500	9.0319	0.0003	0.0002	0.0002	0.0002	0.0002	0.0000	0.0002	0.0000	0.0002	0.0001	0.0001	0.0000	0.0000	0.0000	0.0000	0.0000	0.0000	0.0000	0.0074	0.0066	0.0008	0.0023	0.0023	0.0000	0.0051	0.0044	0.0008	0.0129	0.0077	0.0051	0.0032	0.0029	0.0003	0.0096	0.0048	0.0048	6.3617	3.4440	31.6519	5.1942	4.7644	1254.3804	6.8768	0.0000	30.4569	0.0064	0.0066	0.0061	0.0127	0.0140	0.0000	0.0043	0.0021	0.0064
102	104	0.1526	10	0	1	0	0	0	0	0	0	N	N	N	N	N	N	N	N	N	N	N	N	0.0769	0.0655	0.1992	0.0863	0.0835	0.0000	0.1021	0.0000	0.2195	0.0006	0.0006	0.0003	0.0015	0.0016	0.0000	0.0001	0.0000	0.0003	0.0077	0.0097	0.0015	0.0178	0.0189	0.0020	0.0005	0.0000	0.0014	0.0639	0.0486	-0.0000	-0.0001	3.5591	0.0277	4.5341	1.3445	0.0000	0.0000	0.0000	0.0000	0.0000	0.0000	0.0000	0.0000	0.0000	0.0002	0.0002	0.0000	0.0002	0.0002	0.0000	0.0000	0.0000	0.0000	0.0014	0.0012	0.0002	0.0005	0.0005	0.0000	0.0009	0.0007	0.0002	0.0301	0.0229	0.0072	0.0125	0.0118	0.0007	0.0176	0.0111	0.0065	0.0769	0.0655	0.1992	0.0863	0.0835	0.0000	0.1021	0.0000	0.2195	0.0077	0.0097	0.0015	0.0178	0.0189	0.0020	0.0005	0.0000	0.0014
102	105	0.1059	9	0	1	0	0	0	0	0	0	N	N	N	N	N	N	N	N	N	N	N	N	0.0767	0.0726	0.0652	0.0954	0.0925	0.0784	0.0180	0.0256	0.0660	0.0088	0.0091	0.0065	0.0330	0.0341	0.0045	0.0009	0.0000	0.0067	0.1149	0.1252	0.0999	0.3459	0.3688	0.0580	0.0515	0.0018	0.1016	0.0879	0.5456	-0.0004	-0.0046	3.5591	5.1414	4.5341	16.4151	0.0015	0.0013	0.0001	0.0013	0.0013	0.0000	0.0001	0.0000	0.0001	0.0240	0.0155	0.0085	0.0156	0.0154	0.0002	0.0084	0.0001	0.0083	0.1645	0.1465	0.0180	0.0405	0.0389	0.0016	0.1240	0.1076	0.0164	0.2090	0.1241	0.0849	0.0450	0.0417	0.0033	0.1639	0.0823	0.0816	0.0767	0.0726	0.0652	0.0954	0.0925	0.0784	0.0180	0.0256	0.0660	0.1149	0.1252	0.0999	0.3459	0.3688	0.0580	0.0515	0.0018	0.1016
102	106	0.0977	8	0	0	0	0	0	0	0	0	N	N	N	N	N	N	N	N	N	N	N	N	0.3274	0.2721	0.4025	0.2634	0.2592	0.3574	0.5784	1.1455	0.3347	0.0016	0.0016	0.0012	0.0034	0.0033	0.0048	0.0011	0.0011	0.0009	0.0048	0.0060	0.0030	0.0129	0.0129	0.0134	0.0019	0.0010	0.0027	0.0951	0.3206	-0.0001	-0.0001	3.5591	3.8974	4.5341	1.6364	0.0002	0.0002	0.0000	0.0001	0.0001	0.0000	0.0001	0.0001	0.0000	0.0004	0.0003	0.0001	0.0003	0.0003	0.0000	0.0001	0.0000	0.0001	0.1256	0.1114	0.0142	0.0272	0.0261	0.0011	0.0984	0.0854	0.0131	0.0764	0.0467	0.0297	0.0205	0.0196	0.0009	0.0559	0.0271	0.0289	0.3274	0.2721	0.4025	0.2634	0.2592	0.3574	0.5784	1.1455	0.3347	0.0048	0.0060	0.0030	0.0129	0.0129	0.0134	0.0019	0.0010	0.0027
102	107	0.0767	7	0	0	0	0	0	0	0	0	N	N	N	N	N	N	N	N	N	N	N	N	8.3526	6.4611	3.0095	6.2153	6.0983	15.2452	0.8795	0.5170	2.8698	0.6769	0.7464	0.1042	1.7500	1.7672	0.1988	0.0170	0.0001	0.1004	0.0810	0.1155	0.0346	0.2816	0.2898	0.0130	0.0193	0.0002	0.0350	0.0169	0.2227	-0.0070	-0.0039	3.5591	0.3701	4.5341	9.6236	0.0193	0.0189	0.0003	0.0190	0.0189	0.0000	0.0003	0.0000	0.0003	0.0107	0.0088	0.0019	0.0088	0.0087	0.0000	0.0019	0.0000	0.0019	0.0285	0.0254	0.0031	0.0108	0.0107	0.0001	0.0176	0.0147	0.0030	0.1321	0.0758	0.0563	0.0311	0.0302	0.0009	0.1010	0.0456	0.0554	8.3526	6.4611	3.0095	6.2153	6.0983	15.2452	0.8795	0.5170	2.8698	0.0810	0.1155	0.0346	0.2816	0.2898	0.0130	0.0193	0.0002	0.0350
102	108	0.0662	6	0	0	0	0	0	0	0	0	N	N	N	N	N	N	N	N	N	N	N	N	2.9583	0.3197	13.7734	0.2783	0.2757	0.5268	3.9641	0.5381	14.2991	0.6330	0.0083	6.1301	0.0203	0.0195	0.0803	0.9881	0.0006	6.4112	0.2140	0.0258	0.4451	0.0729	0.0709	0.1524	0.2493	0.0012	0.4484	84.3053	14.0190	0.0117	0.0056	3.5591	0.4415	4.5341	4.8853	0.0193	0.0002	0.0191	0.0002	0.0002	0.0000	0.0191	0.0000	0.0191	0.0145	0.0010	0.0135	0.0010	0.0009	0.0001	0.0135	0.0000	0.0135	0.0305	0.0274	0.0031	0.0112	0.0110	0.0001	0.0193	0.0163	0.0030	0.0676	0.0373	0.0303	0.0135	0.0132	0.0003	0.0541	0.0241	0.0300	2.9583	0.3197	13.7734	0.2783	0.2757	0.5268	3.9641	0.5381	14.2991	0.2140	0.0258	0.4451	0.0729	0.0709	0.1524	0.2493	0.0012	0.4484
102	109	0.0886	5	1	1	0	1	0	0	0	0	N	N	N	N	N	N	N	N	N	N	N	N	0.0000	0.0000	0.0000	0.0000	0.0000	0.0000	0.0000	0.0000	0.0000	0.0000	0.0000	0.0000	0.0000	0.0000	0.0000	0.0000	0.0000	0.0000	0.0000	0.0000	3.5591	0.0000	4.5341	0.0000	0.0000	0.0000	0.0000	0.0000	0.0000	0.0000	0.0000	0.0000	0.0000	0.0000	0.0000	0.0000	0.0000	0.0000	0.0000	0.0000	0.0000	0.0000	0.0000	0.0000	0.0000	0.0000	0.0000	0.0000	0.0000	0.0000	0.0000	0.0000	0.0000	0.0000	0.0000	0.0000	0.0000	0.0000	0.0000	0.0000	0.0000	0.0000	0.0000	0.0000	0.0000	0.0000	0.0000	0.0000	0.0000	0.0000	0.0000	0.0000	0.0000	0.0000	0.0000	0.0000	0.0000	0.0000											
102	110	0.0736	4	1	1	0	1	0	0	0	0	N	N	N	N	N	N	N	N	N	N	N	N	0.0000	0.0000	0.0000	0.0000	0.0000	0.0000	0.0000	0.0000	0.0000	0.0000	0.0000	0.0000	0.0000	0.0000	0.0000	0.0000	0.0000	0.0276	0.0005	0.0610	0.0099	0.0015	0.1104	0.0315	0.0000	0.0595	108.1343	0.0000	0.0010	3.5591	0.0000	4.5341	7.1240	0.0000	0.0000	0.0000	0.0000	0.0000	0.0000	0.0000	0.0000	0.0000	0.0023	0.0000	0.0023	0.0001	0.0000	0.0001	0.0022	0.0000	0.0022	0.0000	0.0000	0.0000	0.0000	0.0000	0.0000	0.0000	0.0000	0.0000	0.0840	0.0464	0.0377	0.0150	0.0139	0.0012	0.0690	0.0325	0.0365	0.0000	0.0000	0.0000	0.0000	0.0000	0.0000	0.0000	0.0000	0.0000	0.0276	0.0005	0.0610	0.0099	0.0015	0.1104	0.0315	0.0000	0.0595		
102	111	0.0826	6	0	1	0	1	0	0	0	0	N	N	N	N	N	N	N	N	N	N	N	N	0.0775	18.4797	0.0000	0.0000	0.0000	0.0000	0.1070	708.8018	0.0000	0.0000	0.0000	0.0000	0.0000	0.0000	0.0000	0.0000	0.0000	0.0000	0.0003	0.0000	0.0008	0.0000	0.0000	0.0000	0.0004	0.0000	0.0008	0.0000	392.2264	-0.0000	0.0000	3.5591	0.0016	4.5341	5.0076	0.0000	0.0000	0.0000	0.0000	0.0000	0.0000	0.0000	0.0000	0.0000	0.0000	0.0000	0.0000	0.0000	0.0000	0.0000	0.0000	0.0000	0.0000	0.0001	0.0001	0.0000	0.0001	0.0001	0.0000	0.0001	0.0001	0.0000	0.0530	0.0298	0.0233	0.0094	0.0079	0.0015	0.0437	0.0219	0.0218	0.0775	18.4797	0.0000	0.0000	0.0000	0.0000	0.1070	708.8018	0.0000	0.0003	0.0000	0.0008	0.0000	0.0000	0.0000	0.0004	0.0000	0.0008
102	112	0.0758	5	0	1	0	1	0	0	0	0	N	N	N	N	N	N	N	N	N	N	N	N	0.0131	0.6774	0.0000	0.0000	0.0000	0.0000	0.0126	inf	0.0000	0.0007	0.0007	0.0000	0.0000	0.0000	0.0000	0.0008	0.0009	0.0000	0.0497	0.0011	0.1101	0.0032	0.0027	0.0105	0.0645	0.0000	0.1140	0.0000	81.9074	-0.0000	0.0010	3.5591	1.0012	4.5341	2.1373	0.0000	0.0000	0.0000	0.0000	0.0000	0.0000	0.0000	0.0000	0.0000	0.0022	0.0000	0.0022	0.0000	0.0000	0.0000	0.0022	0.0000	0.0022	0.0307	0.0272	0.0034	0.0061	0.0060	0.0002	0.0245	0.0213	0.0032	0.0441	0.0244	0.0197	0.0106	0.0099	0.0007	0.0335	0.0145	0.0189	0.0131	0.6774	0.0000	0.0000	0.0000	0.0000	0.0126	inf	0.0000	0.0497	0.0011	0.1101	0.0032	0.0027	0.0105	0.0645	0.0000	0.1140
102	113	0.0841	5	0	1	0	0	0	0	0	0	N	N	N	N	N	N	N	N	N	N	N	N	0.0000	0.0000	0.0000	0.0000	0.0000	0.0000	0.0000	0.0000	0.0000	0.0000	0.0000	0.0000	0.0000	0.0000	0.0000	0.0000	0.0000	0.0000	0.0947	0.0284	0.1793	0.0901	0.0990	0.0014	0.0957	0.0000	0.1860	4.9645	0.0000	0.0018	3.5591	0.9705	4.5341	5.0371	0.0000	0.0000	0.0000	0.0000	0.0000	0.0000	0.0000	0.0000	0.0000	0.0061	0.0010	0.0051	0.0010	0.0010	0.0000	0.0051	0.0000	0.0051	0.0340	0.0304	0.0036	0.0087	0.0084	0.0003	0.0253	0.0220	0.0034	0.0646	0.0362	0.0284	0.0114	0.0104	0.0010	0.0532	0.0258	0.0274	0.0000	0.0000	0.0000	0.0000	0.0000	0.0000	0.0000	0.0000	0.0000	0.0947	0.0284	0.1793	0.0901	0.0990	0.0014	0.0957	0.0000	0.1860	
102	114	0.0758	5	0	0	1	1	0	0	0	0	N	N	N	N	N	N	N	N	N	N	N	N	0.0000	0.0000	0.0000	0.0000	0.0000	0.0000	0.0000	0.0000	0.0000	0.0000	0.0000	0.0000	0.0000	0.0000	0.0000	0.0000	0.0000	0.0933	0.0001	0.2082	0.0012	0.0002	0.0285	0.1370	0.0000	0.2131	1693.0886	0.0000	0.0010	3.5591	0.0000	4.5341	1.1303	0.0000	0.0000	0.0000	0.0000	0.0000	0.0000	0.0000	0.0000	0.0000	0.0022	0.0000	0.0022	0.0000	0.0000	0.0000	0.0022	0.0000	0.0022	0.0000	0.0000	0.0000	0.0000	0.0000	0.0000	0.0000	0.0000	0.0000	0.0233	0.0129	0.0104	0.0075	0.0072	0.0003	0.0158	0.0056	0.0101	0.0000	0.0000	0.0000	0.0000	0.0000	0.0000	0.0000	0.0000	0.0000	0.0933	0.0001	0.2082	0.0012	0.0002	0.0285	0.1370	0.0000	0.2131		
102	115	0.0736	4	0	0	0	1	0	0	0	0	N	N	N	N	N	N	N	N	N	N	N	N	0.0000	0.0000	0.0000	0.0000	0.0000	0.0000	0.0000	0.0000	0.0000	0.0000	0.0000	0.0000	0.0000	0.0000	0.0000	0.0000	0.0000	0.0000	0.1551	0.1409	0.1727	0.2548	0.2613	0.0318	0.1113	0.0016	0.1755	0.9893	0.0000	-0.0002	3.5591	0.0000	4.5341	1.2340	0.0000	0.0000	0.0000	0.0000	0.0000	0.0000	0.0000	0.0000	0.0000	0.0038	0.0019	0.0019	0.0019	0.0019	0.0000	0.0019	0.0000	0.0019	0.0000	0.0000	0.0000	0.0000	0.0000	0.0000	0.0000	0.0000	0.0000	0.0246	0.0136	0.0110	0.0075	0.0073	0.0002	0.0171	0.0063	0.0108	0.0000	0.0000	0.0000	0.0000	0.0000	0.0000	0.0000	0.0000	0.0000	0.1551	0.1409	0.1727	0.2548	0.2613	0.0318	0.1113	0.0016	0.1755	
102	116	0.0811	5	0	0	1	1	0	0	0	0	N	N	N	N	N	N	N	N	N	N	N	N	0.0011	0.0007	0.0000	0.0000	0.0000	0.0000	0.0245	inf	0.0000	0.0000	0.0000	0.0000	0.0000	0.0000	0.0000	0.0000	0.0000	0.0000	0.0066	0.0110	0.0007	0.0376	0.0419	0.0001	0.0004	0.0000	0.0007	0.0000	0.0475	-0.0000	-0.0001	3.5591	0.9725	4.5341	0.9874	0.0000	0.0000	0.0000	0.0000	0.0000	0.0000	0.0000	0.0000	0.0000	0.0001	0.0001	0.0000	0.0001	0.0001	0.0000	0.0000	0.0000	0.0000	0.0323	0.0289	0.0034	0.0077	0.0075	0.0002	0.0247	0.0214	0.0033	0.0216	0.0125	0.0092	0.0036	0.0033	0.0004	0.0180	0.0092	0.0088	0.0011	0.0007	0.0000	0.0000	0.0000	0.0000	0.0245	inf	0.0000	0.0066	0.0110	0.0007	0.0376	0.0419	0.0001	0.0004	0.0000	0.0007
102	117	0.0811	5	0	0	1	1	0	0	0	0	N	N	N	N	N	N	N	N	N	N	N	N	0.1728	0.2086	0.0000	0.0056	0.0051	0.0000	0.4982	inf	0.0000	0.0001	0.0001	0.0000	0.0000	0.0000	0.0000	0.0001	0.0001	0.0000	0.0005	0.0004	0.0005	0.0015	0.0017	0.0003	0.0003	0.0000	0.0005	0.0000	0.9616	-0.0000	-0.0000	3.5591	0.0285	4.5341	4.0215	0.0000	0.0000	0.0000	0.0000	0.0000	0.0000	0.0000	0.0000	0.0000	0.0000	0.0000	0.0000	0.0000	0.0000	0.0000	0.0000	0.0000	0.0000	0.0029	0.0027	0.0002	0.0012	0.0012	0.0000	0.0017	0.0015	0.0002	0.0430	0.0244	0.0186	0.0068	0.0060	0.0008	0.0362	0.0184	0.0178	0.1728	0.2086	0.0000	0.0056	0.0051	0.0000	0.4982	inf	0.0000	0.0005	0.0004	0.0005	0.0015	0.0017	0.0003	0.0003	0.0000	0.0005
102	118	0.0736	4	0	0	1	1	0	0	0	0	N	N	N	N	N	N	N	N	N	N	N	N	0.4302	29.2523	0.0000	1.4795	1.9760	0.0000	0.4188	56001.6029	0.0000	0.0146	0.0164	0.0000	0.0033	0.0034	0.0000	0.0174	0.0201	0.0000	0.0339	0.0006	0.0750	0.0022	0.0017	0.0092	0.0416	0.0000	0.0770	0.0000	108.4743	-0.0005	0.0010	3.5591	3.0275	4.5341	2.1573	0.0013	0.0013	0.0000	0.0001	0.0001	0.0000	0.0013	0.0013	0.0000	0.0022	0.0000	0.0022	0.0000	0.0000	0.0000	0.0022	0.0000	0.0022	0.0918	0.0815	0.0102	0.0183	0.0178	0.0005	0.0735	0.0638	0.0097	0.0648	0.0357	0.0290	0.0126	0.0118	0.0009	0.0522	0.0240	0.0282	0.4302	29.2523	0.0000	1.4795	1.9760	0.0000	0.4188	56001.6029	0.0000	0.0339	0.0006	0.0750	0.0022	0.0017	0.0092	0.0416	0.0000	0.0770
102	119	0.1149	4	1	1	0	0	0	0	0	0	N	N	N	N	N	N	N	N	N	N	N	N	0.1047	0.0481	0.6819	0.0566	0.0114	8.0206	0.2387	41.4335	0.2122	0.0074	0.0044	0.0286	0.0100	0.0021	0.0828	0.0061	0.0057	0.0090	0.0707	0.0924	0.0419	0.1766	0.1814	0.0103	0.0256	0.0001	0.0425	0.8973	0.3424	0.0001	-0.0017	3.5591	2.1883	4.5341	3.1271	0.0006	0.0003	0.0003	0.0003	0.0000	0.0002	0.0003	0.0003	0.0001	0.0058	0.0044	0.0015	0.0044	0.0044	0.0000	0.0015	0.0000	0.0015	0.0806	0.0708	0.0099	0.0267	0.0240	0.0026	0.0540	0.0467	0.0073	0.0827	0.0471	0.0356	0.0247	0.0240	0.0007	0.0580	0.0231	0.0349	0.1047	0.0481	0.6819	0.0566	0.0114	8.0206	0.2387	41.4335	0.2122	0.0707	0.0924	0.0419	0.1766	0.1814	0.0103	0.0256	0.0001	0.0425
102	120	0.0479	3	1	1	0	0	0	0	0	0	N	N	N	N	N	N	N	N	N	N	N	N	212.8347	242.5372	519.5488	19.3317	19.8281	0.4558	329.6019	30659.3595	549.1298	5.9553	3.9013	21.8434	1.7290	1.7759	0.0393	6.9606	4.4701	22.8795	0.0280	0.0161	0.0420	0.0894	0.0896	0.0863	0.0211	0.0001	0.0417	0.7238	2.2111	0.0968	0.0012	3.5591	13.6104	4.5341	16.0982	2.4931	1.4462	1.0468	0.1391	0.1390	0.0001	2.3540	1.3072	1.0468	0.0081	0.0025	0.0056	0.0026	0.0025	0.0001	0.0055	0.0000	0.0055	0.4186	0.3707	0.0479	0.0804	0.0783	0.0022	0.3382	0.2924	0.0458	0.2894	0.1568	0.1326	0.0291	0.0279	0.0011	0.2604	0.1288	0.1315	212.8347	242.5372	519.5488	19.3317	19.8281	0.4558	329.6019	30659.3595	549.1298	0.0280	0.0161	0.0420	0.0894	0.0896	0.0863	0.0211	0.0001	0.0417
102	121	0.0525	3	0	1	0	0	0	0	0	0	N	N	N	N	N	N	N	N	N	N	N	N	4.6425	4.0593	0.6719	4.1945	4.2079	0.2623	0.4296	19.5725	0.7020	0.0351	0.0399	0.0024	0.0832	0.0850	0.0012	0.0008	0.0004	0.0025	0.0076	0.0098	0.0035	0.0198	0.0202	0.0046	0.0018	0.0000	0.0035	0.0086	0.1999	-0.0005	-0.0003	3.5591	0.3548	4.5341	4.6068	0.0012	0.0012	0.0000	0.0012	0.0012	0.0000	0.0000	0.0000	0.0000	0.0008	0.0007	0.0001	0.0007	0.0007	0.0000	0.0001	0.0000	0.0001	0.0355	0.0310	0.0045	0.0148	0.0145	0.0003	0.0207	0.0165	0.0042	0.1083	0.0696	0.0388	0.0346	0.0338	0.0008	0.0737	0.0358	0.0379	4.6425	4.0593	0.6719	4.1945	4.2079	0.2623	0.4296	19.5725	0.7020	0.0076	0.0098	0.0035	0.0198	0.0202	0.0046	0.0018	0.0000	0.0035
102	122	0.0376	2	0	1	0	0	0	0	0	0	N	N	N	N	N	N	N	N	N	N	N	N	1.4787	0.9614	4.2154	0.7480	0.7460	4.8702	1.5550	1.1060	4.3284	0.0472	0.0454	0.0589	0.1304	0.1334	0.0302	0.0150	0.0052	0.0607	0.0319	0.0472	0.0140	0.1743	0.1788	0.0062	0.0096	0.0047	0.0140	0.2022	0.2518	-0.0008	-0.0010	3.5591	1.6911	4.5341	5.7022	0.0036	0.0030	0.0006	0.0027	0.0027	0.0000	0.0008	0.0002	0.0006	0.0028	0.0022	0.0006	0.0021	0.0021	0.0000	0.0007	0.0002	0.0006	0.0754	0.0653	0.0102	0.0211	0.0205	0.0006	0.0544	0.0448	0.0096	0.0881	0.0476	0.0405	0.0119	0.0116	0.0003	0.0761	0.0360	0.0402	1.4787	0.9614	4.2154	0.7480	0.7460	4.8702	1.5550	1.1060	4.3284	0.0319	0.0472	0.0140	0.1743	0.1788	0.0062	0.0096	0.0047	0.0140
102	124	0.0887	6	1	1	0	0	0	0	0	0	N	N	N	N	N	N	N	N	N	N	N	N	0.0000	0.0000	0.0000	0.0000	0.0000	0.0000	0.0000	0.0000	0.0000	0.0000	0.0000	0.0000	0.0000	0.0000	0.0000	0.0000	0.0000	0.0000	0.0000	0.0000	3.5591	0.0000	4.5341	0.0000	0.0000	0.0000	0.0000	0.0000	0.0000	0.0000	0.0000	0.0000	0.0000	0.0000	0.0000	0.0000	0.0000	0.0000	0.0000	0.0000	0.0000	0.0000	0.0000	0.0000	0.0000	0.0000	0.0000	0.0000	0.0000	0.0000	0.0000	0.0000	0.0000	0.0000	0.0000	0.0000	0.0000	0.0000	0.0000	0.0000	0.0000	0.0000	0.0000	0.0000	0.0000	0.0000	0.0000	0.0000	0.0000	0.0000	0.0000	0.0000	0.0000	0.0000	0.0000	0.0000	0.0000	0.0000											
102	125	0.0841	5	1	1	0	0	0	0	0	0	N	N	N	N	N	N	N	N	N	N	N	N	0.0000	0.0000	0.0000	0.0000	0.0000	0.0000	0.0000	0.0000	0.0000	0.0000	0.0000	0.0000	0.0000	0.0000	0.0000	0.0000	0.0000	0.0000	1.3485	0.5895	2.3570	1.6149	1.6153	2.4672	1.2722	0.0001	2.3831	3.0095	0.0000	0.0076	3.5591	0.1434	4.5341	1.9839	0.0000	0.0000	0.0000	0.0000	0.0000	0.0000	0.0000	0.0000	0.0000	0.0365	0.0091	0.0274	0.0097	0.0091	0.0006	0.0267	0.0000	0.0267	0.0087	0.0079	0.0008	0.0035	0.0034	0.0001	0.0052	0.0045	0.0007	0.0270	0.0154	0.0116	0.0060	0.0056	0.0004	0.0210	0.0098	0.0112	0.0000	0.0000	0.0000	0.0000	0.0000	0.0000	0.0000	0.0000	0.0000	1.3485	0.5895	2.3570	1.6149	1.6153	1.6095	1.2722	0.0001	2.3831	
102	126	0.0736	4	0	1	0	0	0	0	0	0	N	N	N	N	N	N	N	N	N	N	N	N	0.0000	0.0000	0.0000	0.0000	0.0000	0.0000	0.0000	0.0000	0.0000	0.0000	0.0000	0.0000	0.0000	0.0000	0.0000	0.0000	0.0000	0.0000	0.2539	0.4361	0.0295	1.2109	1.2942	0.0221	0.0162	0.0002	0.0297	0.0549	0.0000	-0.0076	3.5591	1.8882	4.5341	2.9115	0.0000	0.0000	0.0000	0.0000	0.0000	0.0000	0.0000	0.0000	0.0000	0.0155	0.0147	0.0008	0.0147	0.0147	0.0000	0.0008	0.0000	0.0008	0.0576	0.0511	0.0064	0.0115	0.0112	0.0003	0.0461	0.0400	0.0061	0.0609	0.0336	0.0273	0.0121	0.0113	0.0008	0.0488	0.0223	0.0265	0.0000	0.0000	0.0000	0.0000	0.0000	0.0000	0.0000	0.0000	0.0000	0.2539	0.4361	0.0295	1.2109	1.2942	0.0221	0.0162	0.0002	0.0297	
102	127	0.0479	3	0	0	0	0	0	0	0	0	N	N	N	N	N	N	N	N	N	N	N	N	68.7052	4.7555	270.2124	3.1142	3.5597	0.0016	82.7573	0.9150	284.3028	7.3624	0.0224	61.7252	0.0808	0.0830	0.0002	9.6992	0.0002	65.2414	0.1072	0.0047	0.2284	0.0259	0.0233	0.1010	0.1172	0.0002	0.2295	372.2207	40.9879	0.6150	0.0063	3.5591	3.5543	4.5341	9.0319	0.9980	0.0027	0.9953	0.0027	0.0027	0.0000	0.9953	0.0000	0.9953	0.0145	0.0003	0.0141	0.0004	0.0003	0.0001	0.0141	0.0000	0.0141	0.1355	0.1194	0.0161	0.0329	0.0321	0.0009	0.1026	0.0874	0.0153	0.1350	0.0732	0.0618	0.0149	0.0144	0.0005	0.1202	0.0588	0.0613	68.7052	4.7555	270.2124	3.1142	3.5597	0.0016	82.7573	0.9150	284.3028	0.1072	0.0047	0.2284	0.0259	0.0233	0.1010	0.1172	0.0002	0.2295
103	104	0.1367	9	0	1	0	0	0	0	0	0	N	N	N	N	N	N	N	N	N	N	N	N	2.6675	6.5673	0.3180	5.1967	6.8752	0.0007	0.3007	0.8054	0.5819	0.1005	0.1150	0.0316	0.1965	0.2348	0.0001	0.0113	0.0009	0.0579	0.0377	0.0175	0.0995	0.0378	0.0342	0.1004	0.0376	0.0011	0.0994	0.0577	1.8554	-0.0001	0.0002	2.8937	0.0277	8.0733	1.3445	0.0002	0.0001	0.0000	0.0001	0.0001	0.0000	0.0000	0.0000	0.0000	0.0015	0.0005	0.0010	0.0006	0.0005	0.0001	0.0009	0.0000	0.0009	0.0016	0.0013	0.0003	0.0008	0.0006	0.0001	0.0008	0.0007	0.0001	0.0397	0.0299	0.0098	0.0157	0.0148	0.0009	0.0240	0.0151	0.0089	2.6675	6.5673	0.3180	5.1967	6.8752	0.0007	0.3007	0.8054	0.5819	0.0377	0.0175	0.0995	0.0378	0.0342	0.1004	0.0376	0.0011	0.0994
103	105	0.0900	8	0	1	0	0	0	0	0	0	N	N	N	N	N	N	N	N	N	N	N	N	0.4224	11.9477	0.1220	45.5249	47.4974	0.0966	0.0424	0.1150	0.1340	1.5957	1.6748	1.0610	6.3545	6.8012	0.0091	0.1905	0.0160	1.1995	3.7775	0.1402	8.6975	0.1396	0.1432	0.0947	4.4949	0.1391	8.9528	0.0936	45.8698	-0.0657	0.4391	2.8937	5.1414	8.0733	16.4151	0.2225	0.2035	0.0191	0.2020	0.2020	0.0000	0.0205	0.0015	0.0190	1.0077	0.0215	0.9862	0.0061	0.0058	0.0003	1.0016	0.0157	0.9859	0.1395	0.1215	0.0180	0.0318	0.0297	0.0021	0.1077	0.0918	0.0159	0.2668	0.1534	0.1134	0.0439	0.0407	0.0033	0.2228	0.1127	0.1101	0.4224	11.9477	0.1220	45.5249	47.4974	0.0966	0.0424	0.1150	0.1340	3.7775	0.1402	8.6975	0.1396	0.1432	0.0947	4.4949	0.1391	8.9528
103	106	0.0818	7	0	0	0	0	0	0	0	0	N	N	N	N	N	N	N	N	N	N	N	N	0.3340	0.2399	0.8983	0.4980	0.3839	21.8608	0.2535	0.2184	0.4237	0.0515	0.0448	0.0948	0.1489	0.1190	0.6453	0.0281	0.0249	0.0455	0.1542	0.1867	0.1056	0.2990	0.3099	0.0295	0.1107	0.1142	0.1073	0.3271	0.3787	-0.0007	-0.0041	2.8937	3.8974	8.0733	1.6364	0.0055	0.0041	0.0013	0.0031	0.0023	0.0008	0.0024	0.0018	0.0006	0.0151	0.0110	0.0041	0.0068	0.0067	0.0000	0.0083	0.0042	0.0041	0.1060	0.0919	0.0142	0.0206	0.0194	0.0012	0.0855	0.0725	0.0130	0.0980	0.0587	0.0393	0.0226	0.0217	0.0009	0.0753	0.0369	0.0384	0.3340	0.2399	0.8983	0.4980	0.3839	21.8608	0.2535	0.2184	0.4237	0.1542	0.1867	0.1056	0.2990	0.3099	0.0295	0.1107	0.1142	0.1073
103	107	0.0608	6	0	0	0	0	0	0	0	0	N	N	N	N	N	N	N	N	N	N	N	N	0.6206	0.4289	0.6756	0.1978	0.1756	6.9379	0.9789	4.8804	0.6678	0.3612	0.0500	0.7871	0.0647	0.0582	1.0957	0.6310	0.0130	0.7849	0.5820	0.1166	1.1650	0.3273	0.3313	0.1579	0.6446	0.0027	1.1754	11.4998	7.9750	0.0236	0.0343	2.8937	0.3701	8.0733	9.6236	0.0439	0.0035	0.0404	0.0037	0.0033	0.0004	0.0401	0.0002	0.0400	0.0994	0.0111	0.0883	0.0110	0.0109	0.0001	0.0883	0.0002	0.0882	0.1215	0.0702	0.0513	0.0579	0.0575	0.0004	0.0636	0.0127	0.0509	0.1707	0.0949	0.0758	0.0337	0.0329	0.0008	0.1370	0.0620	0.0750	0.6206	0.4289	0.6756	0.1978	0.1756	6.9379	0.9789	4.8804	0.6678	0.5820	0.1166	1.1650	0.3273	0.3313	0.1579	0.6446	0.0027	1.1754
103	108	0.0503	5	0	0	0	0	0	0	0	0	N	N	N	N	N	N	N	N	N	N	N	N	0.0631	1.1066	0.0295	0.4530	0.4468	15.4753	0.0504	0.4396	0.0336	0.5329	0.4587	0.6367	0.5711	0.5694	0.8502	0.4988	0.0053	0.6352	8.4494	0.4145	21.5735	1.2607	1.2744	0.0549	9.9040	0.0120	18.8780	0.9925	38.0587	0.0077	0.3333	2.8937	0.4415	8.0733	4.8853	0.0655	0.0329	0.0326	0.0331	0.0328	0.0003	0.0324	0.0001	0.0323	0.7726	0.0198	0.7528	0.0194	0.0194	0.0000	0.7532	0.0004	0.7528	0.1230	0.0717	0.0513	0.0580	0.0576	0.0004	0.0650	0.0141	0.0509	0.0914	0.0477	0.0437	0.0154	0.0152	0.0002	0.0760	0.0325	0.0435	0.0631	1.1066	0.0370	0.4530	0.4468	15.4753	0.0504	0.4396	0.0367	8.4494	0.4145	17.2186	1.2607	1.2744	0.0549	9.9040	0.0120	17.2865
103	109	0.0727	4	1	1	0	1	0	0	0	0	N	N	N	N	N	N	N	N	N	N	N	N	0.0000	0.0000	0.0000	0.0000	0.0000	0.0000	0.0000	0.0000	0.0000	0.0000	0.0000	0.0000	0.0000	0.0000	0.0000	0.0000	0.0000	0.0000	0.0000	0.0000	2.8937	0.0000	8.0733	0.0000	0.0000	0.0000	0.0000	0.0000	0.0000	0.0000	0.0000	0.0000	0.0000	0.0000	0.0000	0.0000	0.0000	0.0000	0.0000	0.0000	0.0000	0.0000	0.0000	0.0000	0.0000	0.0000	0.0000	0.0000	0.0000	0.0000	0.0000	0.0000	0.0000	0.0000	0.0000	0.0000	0.0000	0.0000	0.0000	0.0000	0.0000	0.0000	0.0000	0.0000	0.0000	0.0000	0.0000	0.0000	0.0000	0.0000	0.0000	0.0000	0.0000	0.0000	0.0000	0.0000	0.0000	0.0000											
103	110	0.0577	3	1	1	0	1	0	0	0	0	N	N	N	N	N	N	N	N	N	N	N	N	0.0000	0.0000	0.0000	0.0000	0.0000	0.0000	0.0000	0.0000	0.0000	0.0000	0.0000	0.0000	0.0000	0.0000	0.0000	0.0000	0.0000	0.0000	1.0443	0.0032	2.1351	0.0151	0.0109	0.0767	1.2328	0.0002	2.1780	636.7215	0.0000	0.0569	2.8937	0.0000	8.0733	7.1240	0.0000	0.0000	0.0000	0.0000	0.0000	0.0000	0.0000	0.0000	0.0000	0.1250	0.0002	0.1248	0.0003	0.0002	0.0001	0.1247	0.0000	0.1247	0.0000	0.0000	0.0000	0.0000	0.0000	0.0000	0.0000	0.0000	0.0000	0.1197	0.0612	0.0584	0.0185	0.0173	0.0012	0.1011	0.0439	0.0572	0.0000	0.0000	0.0000	0.0000	0.0000	0.0000	0.0000	0.0000	0.0000	1.0443	0.0032	2.1351	0.0151	0.0109	0.0767	1.2328	0.0002	2.1780	
103	111	0.0667	5	0	1	0	1	0	0	0	0	N	N	N	N	N	N	N	N	N	N	N	N	0.0000	0.0000	0.0000	0.0000	0.0000	0.0000	0.0000	0.0000	0.0000	0.0000	0.0000	0.0000	0.0000	0.0000	0.0000	0.0000	0.0000	0.0000	0.0135	0.0000	0.0282	0.0001	0.0001	0.0000	0.0157	0.0000	0.0297	1430.8007	0.0000	0.0005	2.8937	0.0016	8.0733	5.0076	0.0000	0.0000	0.0000	0.0000	0.0000	0.0000	0.0000	0.0000	0.0000	0.0010	0.0000	0.0010	0.0000	0.0000	0.0000	0.0010	0.0000	0.0010	0.0001	0.0001	0.0000	0.0000	0.0000	0.0000	0.0001	0.0001	0.0000	0.0739	0.0385	0.0354	0.0104	0.0086	0.0017	0.0635	0.0299	0.0337	0.0000	0.0000	0.0000	0.0000	0.0000	0.0000	0.0000	0.0000	0.0000	0.0135	0.0000	0.0282	0.0001	0.0001	0.0000	0.0157	0.0000	0.0297	
103	112	0.0599	4	0	1	0	1	0	0	0	0	N	N	N	N	N	N	N	N	N	N	N	N	0.0000	0.0000	0.0000	0.0000	0.0000	0.0000	0.0000	0.0000	0.0000	0.0000	0.0000	0.0000	0.0000	0.0000	0.0000	0.0000	0.0000	0.0000	1.9436	0.0289	3.9697	0.0649	0.0687	0.0015	2.4899	0.0009	4.0779	129.7646	0.0000	0.0561	2.8937	1.0012	8.0733	2.1373	0.0000	0.0000	0.0000	0.0000	0.0000	0.0000	0.0000	0.0000	0.0000	0.1249	0.0010	0.1240	0.0009	0.0009	0.0000	0.1240	0.0000	0.1240	0.0254	0.0222	0.0032	0.0035	0.0035	0.0000	0.0219	0.0188	0.0031	0.0643	0.0330	0.0312	0.0145	0.0137	0.0008	0.0498	0.0194	0.0304	0.0000	0.0000	0.0000	0.0000	0.0000	0.0000	0.0000	0.0000	0.0000	1.9436	0.0289	3.9697	0.0649	0.0687	0.0015	2.4899	0.0009	4.0779	
103	113	0.0682	4	0	1	0	0	0	0	0	0	N	N	N	N	N	N	N	N	N	N	N	N	0.0010	0.0006	0.0000	0.0006	0.0005	0.0000	0.0001	0.0373	0.0000	0.0003	0.0004	0.0000	0.0017	0.0018	0.0000	0.0000	0.0000	0.0000	0.3551	0.6863	0.0044	2.9524	3.1872	0.0001	0.0025	0.0000	0.0045	0.0000	0.0061	-0.0000	-0.0167	2.8937	0.9705	8.0733	5.0371	0.0000	0.0000	0.0000	0.0000	0.0000	0.0000	0.0000	0.0000	0.0000	0.0311	0.0309	0.0002	0.0309	0.0309	0.0000	0.0002	0.0000	0.0002	0.0282	0.0248	0.0034	0.0057	0.0055	0.0001	0.0225	0.0193	0.0032	0.0875	0.0450	0.0425	0.0107	0.0097	0.0011	0.0767	0.0353	0.0414	0.0010	0.0006	0.0000	0.0006	0.0005	0.0000	0.0001	0.0373	0.0000	0.3551	0.6863	0.0044	2.8733	3.1872	0.0001	0.0025	0.0000	0.0045
103	114	0.0599	4	0	0	1	1	0	0	0	0	N	N	N	N	N	N	N	N	N	N	N	N	0.0000	0.0000	0.0000	0.0000	0.0000	0.0000	0.0000	0.0000	0.0000	0.0000	0.0000	0.0000	0.0000	0.0000	0.0000	0.0000	0.0000	0.0000	3.5199	0.0042	7.2441	0.0062	0.0062	0.0042	5.1595	0.0010	7.3744	1640.5496	0.0000	0.0567	2.8937	0.0000	8.0733	1.1303	0.0000	0.0000	0.0000	0.0000	0.0000	0.0000	0.0000	0.0000	0.0000	0.1242	0.0001	0.1241	0.0001	0.0001	0.0000	0.1241	0.0000	0.1241	0.0000	0.0000	0.0000	0.0000	0.0000	0.0000	0.0000	0.0000	0.0000	0.0353	0.0181	0.0171	0.0112	0.0109	0.0003	0.0241	0.0072	0.0168	0.0000	0.0000	0.0000	0.0000	0.0000	0.0000	0.0000	0.0000	0.0000	3.5199	0.0042	7.2441	0.0062	0.0062	0.0042	5.1595	0.0010	7.3744	
103	115	0.0577	3	0	0	0	1	0	0	0	0	N	N	N	N	N	N	N	N	N	N	N	N	0.0000	0.0000	0.0000	0.0000	0.0000	0.0000	0.0000	0.0000	0.0000	0.0000	0.0000	0.0000	0.0000	0.0000	0.0000	0.0000	0.0000	0.0000	5.8338	5.6460	6.0336	10.0784	9.8200	0.0052	4.1903	0.0033	6.1074	1.0045	0.0000	-0.0091	2.8937	0.0000	8.0733	1.2340	0.0000	0.0000	0.0000	0.0000	0.0000	0.0000	0.0000	0.0000	0.0000	0.2164	0.1080	0.1085	0.1080	0.1080	0.0000	0.1085	0.0000	0.1085	0.0000	0.0000	0.0000	0.0000	0.0000	0.0000	0.0000	0.0000	0.0000	0.0371	0.0191	0.0180	0.0112	0.0110	0.0002	0.0259	0.0081	0.0178	0.0000	0.0000	0.0000	0.0000	0.0000	0.0000	0.0000	0.0000	0.0000	5.8338	5.6460	6.0336	9.6297	9.8200	0.0052	4.1903	0.0033	6.1074	
103	116	0.0652	4	0	0	1	1	0	0	0	0	N	N	N	N	N	N	N	N	N	N	N	N	0.0031	0.0019	0.0000	0.0000	0.0000	0.0000	0.0920	2.6604	0.0000	0.0011	0.0013	0.0000	0.0000	0.0000	0.0000	0.0018	0.0021	0.0000	0.3734	0.6669	0.0345	2.4697	2.7215	0.0000	0.0191	0.0008	0.0355	0.0000	0.0448	-0.0000	-0.0058	2.8937	0.9725	8.0733	0.9874	0.0000	0.0000	0.0000	0.0000	0.0000	0.0000	0.0000	0.0000	0.0000	0.0116	0.0111	0.0005	0.0111	0.0111	0.0000	0.0005	0.0000	0.0005	0.0304	0.0273	0.0031	0.0107	0.0104	0.0003	0.0197	0.0169	0.0028	0.0310	0.0166	0.0144	0.0045	0.0041	0.0004	0.0266	0.0126	0.0140	0.0031	0.0019	0.0000	0.0000	0.0000	0.0000	0.0920	2.6604	0.0000	0.3734	0.6669	0.0345	2.4697	2.7215	0.0000	0.0191	0.0008	0.0355
103	117	0.0652	4	0	0	1	1	0	0	0	0	N	N	N	N	N	N	N	N	N	N	N	N	1.2856	141.5893	0.0000	0.2836	0.4542	0.0000	2.0838	27921.6569	0.0000	0.0135	0.0148	0.0000	0.0002	0.0002	0.0000	0.0249	0.0287	0.0000	0.0105	0.0001	0.0222	0.0007	0.0005	0.0029	0.0120	0.0000	0.0227	0.0000	190.2515	-0.0000	0.0003	2.8937	0.0285	8.0733	4.0215	0.0000	0.0000	0.0000	0.0000	0.0000	0.0000	0.0000	0.0000	0.0000	0.0006	0.0000	0.0006	0.0000	0.0000	0.0000	0.0006	0.0000	0.0006	0.0026	0.0024	0.0002	0.0012	0.0012	0.0000	0.0014	0.0012	0.0002	0.0607	0.0320	0.0287	0.0078	0.0069	0.0008	0.0529	0.0251	0.0278	1.2856	141.5893	0.0000	0.2836	0.4542	0.0000	2.0838	27921.6569	0.0000	0.0105	0.0001	0.0222	0.0007	0.0005	0.0029	0.0120	0.0000	0.0227
103	118	0.0577	3	0	0	1	1	0	0	0	0	N	N	N	N	N	N	N	N	N	N	N	N	2.0029	224.7804	0.0000	3.5248	3.3861	0.0000	1.9151	14896.4494	0.0000	2.6978	3.0841	0.0000	0.1409	0.1428	0.0000	3.1068	3.6257	0.0000	1.3469	0.0137	2.7452	0.0400	0.0422	0.0015	1.6222	0.0002	2.7994	0.0000	190.7702	-0.0781	0.0566	2.8937	3.0275	8.0733	2.1573	0.2050	0.2050	0.0000	0.0015	0.0015	0.0000	0.2035	0.2035	0.0000	0.1253	0.0007	0.1246	0.0006	0.0006	0.0000	0.1246	0.0000	0.1246	0.0760	0.0665	0.0095	0.0105	0.0103	0.0001	0.0655	0.0561	0.0094	0.0930	0.0476	0.0454	0.0162	0.0153	0.0009	0.0768	0.0323	0.0445	2.0029	224.7804	0.0000	3.5248	3.3861	0.0000	1.9151	14896.4494	0.0000	1.3469	0.0137	2.7452	0.0400	0.0422	0.0015	1.6222	0.0002	2.7994
103	119	0.0990	3	1	1	0	0	0	0	0	0	N	N	N	N	N	N	N	N	N	N	N	N	0.1260	0.0011	592.3771	0.0398	0.0003	1068.0355	23.5114	6.7895	117.0908	0.2360	0.0038	1.1839	0.4106	0.0031	1.5564	0.0322	0.0045	0.2352	1.8736	3.3309	0.0020	10.3147	10.5877	0.0015	0.0014	0.0007	0.0020	76.5496	0.0005	0.0214	-0.0817	2.8937	2.1883	8.0733	3.1271	0.0353	0.0005	0.0348	0.0330	0.0002	0.0329	0.0022	0.0003	0.0019	0.1505	0.1505	0.0001	0.1504	0.1504	0.0000	0.0001	0.0000	0.0001	0.1494	0.1200	0.0294	0.0805	0.0594	0.0211	0.0689	0.0606	0.0083	0.0803	0.0452	0.0352	0.0149	0.0142	0.0007	0.0655	0.0310	0.0345	0.1260	0.0011	592.3771	0.0406	0.0003	1068.0355	23.5114	6.7895	117.0908	1.8736	3.3309	0.0020	10.1201	10.5877	0.0015	0.0014	0.0007	0.0020
103	120	0.0320	2	1	1	0	0	0	0	0	0	N	N	N	N	N	N	N	N	N	N	N	N	8.9374	14.2563	15.2225	0.3738	0.3703	2.1566	12.2279	626.0863	15.2907	3.9957	2.1272	11.3998	0.3670	0.3644	0.8869	4.9392	2.7374	11.4538	0.4471	0.1492	0.7489	0.9818	0.9838	0.4113	0.4039	0.0044	0.7491	1.3524	4.9532	0.3280	0.0531	2.8937	13.6104	8.0733	16.0982	1.6921	0.7193	0.9728	0.0321	0.0317	0.0004	1.6601	0.6877	0.9724	0.1837	0.0309	0.1528	0.0301	0.0301	0.0000	0.1536	0.0008	0.1528	0.4235	0.3382	0.0853	0.0874	0.0870	0.0004	0.3361	0.2512	0.0849	0.4109	0.2068	0.2041	0.0307	0.0306	0.0001	0.3802	0.1762	0.2040	8.9374	14.2563	15.2225	0.3738	0.3703	2.6529	12.2279	626.0863	15.2907	0.4471	0.1492	0.7489	0.9818	0.9838	0.3343	0.4039	0.0044	0.7491
103	121	0.0366	2	0	1	0	0	0	0	0	0	N	N	N	N	N	N	N	N	N	N	N	N	3.0882	4.7232	0.0565	3.0462	3.0478	3.0833	0.0798	1.7051	0.0556	0.4786	0.8278	0.0070	0.9696	0.9899	0.0068	0.0059	0.0011	0.0070	0.1550	0.1753	0.1244	0.3183	0.3248	0.0022	0.0744	0.0006	0.1265	0.0063	0.4711	-0.0299	-0.0061	2.8937	0.3548	8.0733	4.6068	0.0799	0.0794	0.0005	0.0794	0.0794	0.0000	0.0005	0.0000	0.0005	0.0274	0.0186	0.0088	0.0186	0.0186	0.0000	0.0088	0.0000	0.0088	0.1669	0.0959	0.0710	0.0819	0.0802	0.0017	0.0851	0.0157	0.0693	0.1766	0.1062	0.0704	0.0584	0.0572	0.0012	0.1183	0.0490	0.0693	3.0882	4.7232	0.0565	3.0462	3.0478	3.0833	0.0798	1.7051	0.0556	0.1550	0.1753	0.1244	0.3183	0.3248	0.0022	0.0744	0.0006	0.1265
103	124	0.0728	5	1	1	0	0	0	0	0	0	N	N	N	N	N	N	N	N	N	N	N	N	0.0000	0.0000	0.0000	0.0000	0.0000	0.0000	0.0000	0.0000	0.0000	0.0000	0.0000	0.0000	0.0000	0.0000	0.0000	0.0000	0.0000	0.0000	0.0000	0.0000	2.8937	0.0000	8.0733	0.0000	0.0000	0.0000	0.0000	0.0000	0.0000	0.0000	0.0000	0.0000	0.0000	0.0000	0.0000	0.0000	0.0000	0.0000	0.0000	0.0000	0.0000	0.0000	0.0000	0.0000	0.0000	0.0000	0.0000	0.0000	0.0000	0.0000	0.0000	0.0000	0.0000	0.0000	0.0000	0.0000	0.0000	0.0000	0.0000	0.0000	0.0000	0.0000	0.0000	0.0000	0.0000	0.0000	0.0000	0.0000	0.0000	0.0000	0.0000	0.0000	0.0000	0.0000	0.0000	0.0000	0.0000	0.0000											
103	125	0.0682	4	1	1	0	0	0	0	0	0	N	N	N	N	N	N	N	N	N	N	N	N	0.0000	0.0008	0.0000	0.0006	0.0006	0.0000	0.0000	0.0000	0.0000	0.0002	0.0002	0.0000	0.0005	0.0006	0.0000	0.0000	0.0000	0.0000	26.8883	0.2869	125.0550	0.8827	0.8935	0.9676	31.8813	0.0471	123.4164	0.0000	176.0130	-0.0000	0.4253	2.8937	0.1434	8.0733	1.9839	0.0000	0.0000	0.0000	0.0000	0.0000	0.0000	0.0000	0.0000	0.0000	0.9422	0.0053	0.9369	0.0050	0.0047	0.0003	0.9372	0.0006	0.9366	0.0072	0.0064	0.0007	0.0027	0.0026	0.0001	0.0045	0.0039	0.0007	0.0350	0.0186	0.0165	0.0056	0.0053	0.0004	0.0294	0.0133	0.0161	0.0000	0.0008	0.0000	0.0006	0.0006	0.0000	0.0000	0.0000	0.0000	26.8883	0.2869	56.8253	0.8827	0.8935	0.7364	31.8813	0.0471	58.1786
103	126	0.0577	3	0	1	0	0	0	0	0	0	N	N	N	N	N	N	N	N	N	N	N	N	0.0000	0.0000	0.0000	0.0000	0.0000	0.0000	0.0000	0.0000	0.0000	0.0002	0.0002	0.0000	0.0013	0.0014	0.0000	0.0000	0.0000	0.0000	9.7155	18.3676	0.6375	56.0664	55.3340	0.0054	0.3811	0.0051	0.6498	0.0000	0.0331	-0.0000	-0.4351	2.8937	1.8882	8.0733	2.9115	0.0000	0.0000	0.0000	0.0000	0.0000	0.0000	0.0000	0.0000	0.0000	0.8516	0.8243	0.0273	0.8241	0.8241	0.0000	0.0274	0.0002	0.0273	0.0477	0.0417	0.0060	0.0066	0.0065	0.0001	0.0411	0.0352	0.0059	0.0876	0.0449	0.0428	0.0157	0.0149	0.0008	0.0719	0.0300	0.0420	0.0000	0.0000	0.0000	0.0000	0.0000	0.0000	0.0000	0.0000	0.0000	9.7155	18.3676	0.6375	52.4621	55.3340	0.0054	0.3811	0.0051	0.6498
103	127	0.0320	2	0	0	0	0	0	0	0	0	N	N	N	N	N	N	N	N	N	N	N	N	0.2399	12.1214	0.0173	5.9613	5.9723	0.0307	0.0141	0.2267	0.0174	0.9410	1.2920	0.1350	2.6788	2.6867	0.0056	0.0620	0.0005	0.1355	3.9232	0.1066	7.7842	0.4494	0.4499	0.1832	4.3851	0.0023	7.7875	0.0455	72.1913	-0.0659	0.3627	2.8937	3.5543	8.0733	9.0319	0.1952	0.1867	0.0085	0.1867	0.1867	0.0000	0.0085	0.0000	0.0085	0.8182	0.0112	0.8070	0.0110	0.0110	0.0000	0.8072	0.0002	0.8070	0.2075	0.1445	0.0629	0.0697	0.0695	0.0002	0.1378	0.0750	0.0627	0.2085	0.1049	0.1037	0.0245	0.0244	0.0000	0.1841	0.0804	0.1036	0.2399	12.1214	0.0173	5.9613	5.9723	0.0307	0.0141	0.2267	0.0174	3.9232	0.1066	7.7842	0.4494	0.4499	0.1832	4.3851	0.0023	7.7875
104	109	0.1482	10	1	2	0	1	0	0	0	0	N	Y	N	N	N	N	N	N	N	N	N	N	0.0000	0.0000	0.0000	0.0000	0.0000	0.0000	0.0000	0.0000	0.0000	0.0000	0.0000	0.0000	0.0000	0.0000	0.0000	0.0000	0.0000	0.0000	0.0000	0.0000	0.0277	0.0000	1.3445	0.0000	0.0000	0.0000	0.0000	0.0000	0.0000	0.0000	0.0000	0.0000	0.0000	0.0000	0.0000	0.0000	0.0000	0.0000	0.0000	0.0000	0.0000	0.0000	0.0000	0.0000	0.0000	0.0000	0.0000	0.0000	0.0000	0.0000	0.0000	0.0000	0.0000	0.0000	0.0000	0.0000	0.0000	0.0000	0.0000	0.0000	0.0000	0.0000	0.0000	0.0000	0.0000	0.0000	0.0000	0.0000	0.0000	0.0000	0.0000	0.0000	0.0000	0.0000	0.0000	0.0000	0.0000	0.0000											
104	110	0.1333	9	1	2	0	1	0	0	0	0	N	Y	N	N	N	N	N	N	N	N	N	N	0.0000	0.0000	0.0000	0.0000	0.0000	0.0000	0.0000	0.0000	0.0000	0.0000	0.0000	0.0000	0.0000	0.0000	0.0000	0.0000	0.0000	0.0000	34.0694	46.8966	0.0040	0.3285	0.3705	0.0059	60.4788	100.3826	0.0036	0.0000	0.0000	-0.4853	0.0277	0.0000	1.3445	7.1240	0.0000	0.0000	0.0000	0.0000	0.0000	0.0000	0.0000	0.0000	0.0000	0.8939	0.8939	0.0000	0.0038	0.0038	0.0000	0.8901	0.8901	0.0000	0.0000	0.0000	0.0000	0.0000	0.0000	0.0000	0.0000	0.0000	0.0000	0.0262	0.0191	0.0072	0.0115	0.0102	0.0013	0.0147	0.0089	0.0059	0.0000	0.0000	0.0000	0.0000	0.0000	0.0000	0.0000	0.0000	0.0000	34.0694	46.8966	0.0040	0.3285	0.3705	0.0059	60.4788	100.3826	0.0036	
104	111	0.1422	11	0	2	0	1	0	0	0	0	N	Y	N	N	N	N	N	N	N	N	N	N	0.0000	0.0000	0.0000	0.0000	0.0000	0.0000	0.0000	0.0000	0.0000	0.0000	0.0000	0.0000	0.0000	0.0000	0.0000	0.0000	0.0000	0.0000	0.1463	0.0107	0.5367	0.0291	0.0197	0.1187	0.2401	0.0000	0.6192	17.4915	0.0000	0.0012	0.0277	0.0016	1.3445	5.0076	0.0000	0.0000	0.0000	0.0000	0.0000	0.0000	0.0000	0.0000	0.0000	0.0030	0.0002	0.0028	0.0003	0.0002	0.0001	0.0027	0.0000	0.0027	0.0000	0.0000	0.0000	0.0000	0.0000	0.0000	0.0000	0.0000	0.0000	0.0202	0.0150	0.0052	0.0090	0.0081	0.0009	0.0112	0.0069	0.0044	0.0000	0.0000	0.0000	0.0000	0.0000	0.0000	0.0000	0.0000	0.0000	0.1463	0.0107	0.5367	0.0291	0.0197	0.1187	0.2401	0.0000	0.6192	
104	112	0.1354	10	0	2	0	1	0	0	0	0	N	Y	N	N	N	N	N	N	N	N	N	N	0.0000	0.0000	0.0000	0.0000	0.0000	0.0000	0.0000	0.0000	0.0000	0.0000	0.0000	0.0000	0.0000	0.0000	0.0000	0.0000	0.0000	0.0000	75.4432	0.0116	513.5270	0.2383	0.0001	4.2360	132.5479	0.0250	537.5709	9028.3699	0.0000	0.4070	0.0277	1.0012	1.3445	2.1373	0.0000	0.0000	0.0000	0.0000	0.0000	0.0000	0.0000	0.0000	0.0000	0.8908	0.0001	0.8907	0.0012	0.0000	0.0012	0.8896	0.0001	0.8895	0.0004	0.0003	0.0000	0.0001	0.0001	0.0000	0.0002	0.0002	0.0000	0.0118	0.0085	0.0033	0.0051	0.0046	0.0005	0.0067	0.0039	0.0028	0.0000	0.0000	0.0000	0.0000	0.0000	0.0000	0.0000	0.0000	0.0000	75.4432	0.0116	270.5737	0.2383	0.0001	2.4222	132.5479	0.0250	318.7352	
104	113	0.1437	10	0	2	0	0	0	0	0	0	N	Y	N	N	N	N	N	N	N	N	N	N	0.0000	0.0000	0.0000	0.0000	0.0000	0.0000	0.0000	0.0000	0.0000	0.0000	0.0000	0.0000	0.0000	0.0000	0.0000	0.0000	0.0000	0.0000	0.0025	0.0033	0.0002	0.0056	0.0061	0.0008	0.0000	0.0000	0.0000	0.0181	0.0000	-0.0000	0.0277	0.9705	1.3445	5.0371	0.0000	0.0000	0.0000	0.0000	0.0000	0.0000	0.0000	0.0000	0.0000	0.0001	0.0001	0.0000	0.0001	0.0001	0.0000	0.0000	0.0000	0.0000	0.0004	0.0003	0.0000	0.0001	0.0001	0.0000	0.0002	0.0002	0.0000	0.0207	0.0152	0.0055	0.0092	0.0082	0.0009	0.0115	0.0070	0.0045	0.0000	0.0000	0.0000	0.0000	0.0000	0.0000	0.0000	0.0000	0.0000	0.0025	0.0033	0.0002	0.0056	0.0061	0.0008	0.0000	0.0000	0.0000	
104	114	0.1354	10	0	1	1	1	0	0	0	0	N	N	N	N	N	N	N	N	N	N	N	N	0.0000	0.0000	0.0000	0.0000	0.0000	0.0000	0.0000	0.0000	0.0000	0.0000	0.0000	0.0000	0.0000	0.0000	0.0000	0.0059	0.0000	0.0204	0.0037	0.0000	0.0419	0.0077	0.0000	0.0171	inf	0.0000	0.0000	0.0277	0.0000	1.3445	1.1303	0.0000	0.0000	0.0000	0.0000	0.0000	0.0000	0.0000	0.0000	0.0000	0.0000	0.0000	0.0000	0.0000	0.0000	0.0000	0.0000	0.0000	0.0000	0.0000	0.0000	0.0000	0.0000	0.0000	0.0000	0.0000	0.0000	0.0000	0.0048	0.0034	0.0014	0.0021	0.0019	0.0002	0.0027	0.0015	0.0012	0.0000	0.0000	0.0000	0.0000	0.0000	0.0000	0.0000	0.0000	0.0000	0.0059	0.0000	0.0204	0.0037	0.0000	0.0419	0.0077	0.0000	0.0171				
104	115	0.1333	9	0	1	0	1	0	0	0	0	N	N	N	N	N	N	N	N	N	N	N	N	0.0000	0.0000	0.0000	0.0000	0.0000	0.0000	0.0000	0.0000	0.0000	0.0000	0.0000	0.0000	0.0000	0.0000	0.0000	0.0000	0.0000	0.0000	0.3533	0.4868	0.0149	0.7208	0.8383	0.0174	0.0065	0.0011	0.0140	0.0120	0.0000	-0.0012	0.0277	0.0000	1.3445	1.2340	0.0000	0.0000	0.0000	0.0000	0.0000	0.0000	0.0000	0.0000	0.0000	0.0022	0.0022	0.0000	0.0022	0.0021	0.0000	0.0000	0.0000	0.0000	0.0000	0.0000	0.0000	0.0000	0.0000	0.0000	0.0000	0.0000	0.0000	0.0062	0.0044	0.0017	0.0030	0.0026	0.0004	0.0032	0.0019	0.0013	0.0000	0.0000	0.0000	0.0000	0.0000	0.0000	0.0000	0.0000	0.0000	0.3533	0.4868	0.0149	0.7208	0.8383	0.0174	0.0065	0.0011	0.0140	
104	116	0.1408	10	0	1	1	1	0	0	0	0	N	N	N	N	N	N	N	N	N	N	N	N	0.3619	0.2943	0.0000	0.2414	0.1981	0.0000	0.2518	0.1862	0.0000	0.1263	0.1448	0.0000	0.0006	0.0007	0.0000	0.2137	0.2633	0.0000	0.3490	0.4921	0.0000	0.0026	0.0033	0.0000	0.8487	1.4140	0.0001	0.0000	0.0000	-0.0000	-0.0016	0.0277	0.9725	1.3445	0.9874	0.0000	0.0000	0.0000	0.0000	0.0000	0.0000	0.0000	0.0000	0.0000	0.0029	0.0029	0.0000	0.0000	0.0000	0.0000	0.0029	0.0029	0.0000	0.0004	0.0003	0.0000	0.0002	0.0002	0.0000	0.0002	0.0002	0.0000	0.0084	0.0060	0.0025	0.0050	0.0039	0.0011	0.0035	0.0021	0.0014	0.3619	0.2943	0.0000	0.2414	0.1981	0.0000	0.2518	0.1862	0.0000	0.3490	0.4921	0.0000	0.0026	0.0033	0.0000	0.8487	1.4140	0.0001
104	117	0.1408	10	0	1	1	1	0	0	0	0	N	N	N	N	N	N	N	N	N	N	N	N	0.2238	0.1869	0.0000	38.0352	35.9716	0.0000	0.0000	0.0000	0.0000	0.0419	0.0497	0.0000	0.0540	0.0641	0.0000	0.0000	0.0000	0.0000	0.1870	0.2658	0.0000	0.0014	0.0018	0.0000	0.4415	0.7999	0.0000	0.0000	0.0000	-0.0000	-0.0016	0.0277	0.0285	1.3445	4.0215	0.0000	0.0000	0.0000	0.0000	0.0000	0.0000	0.0000	0.0000	0.0000	0.0029	0.0029	0.0000	0.0000	0.0000	0.0000	0.0029	0.0029	0.0000	0.0000	0.0000	0.0000	0.0000	0.0000	0.0000	0.0000	0.0000	0.0000	0.0158	0.0111	0.0047	0.0091	0.0072	0.0019	0.0066	0.0038	0.0028	0.2238	0.1869	0.0000	38.0352	35.9716	0.0000	0.0000	0.0000	0.0000	0.1870	0.2658	0.0000	0.0014	0.0018	0.0000	0.4415	0.7625	0.0000
104	118	0.1333	9	0	1	1	1	0	0	0	0	N	N	N	N	N	N	N	N	N	N	N	N	0.0122	0.0103	0.0000	11.7207	10.7400	0.0000	0.0000	0.0000	0.0000	0.5503	0.6369	0.0000	1.6314	1.6838	0.0000	0.0020	0.0025	0.0000	45.0366	62.0784	0.0055	0.1392	0.1568	0.0082	80.8687	134.5979	0.0048	0.0000	0.0000	-0.0002	-0.4823	0.0277	3.0275	1.3445	2.1573	0.0006	0.0006	0.0000	0.0006	0.0006	0.0000	0.0000	0.0000	0.0000	0.8884	0.8884	0.0000	0.0012	0.0012	0.0000	0.8872	0.8872	0.0000	0.0011	0.0009	0.0001	0.0004	0.0003	0.0000	0.0007	0.0006	0.0001	0.0197	0.0143	0.0054	0.0088	0.0077	0.0010	0.0110	0.0066	0.0044	0.0122	0.0103	0.0000	11.7207	10.7400	0.0000	0.0000	0.0000	0.0000	45.0366	62.0784	0.0055	0.1392	0.1568	0.0082	80.8687	134.5979	0.0048
104	119	0.1745	9	1	2	0	0	0	0	0	0	N	Y	N	N	N	N	N	N	N	N	N	N	30.1312	31.6010	0.0000	79.9783	86.5818	0.0000	0.0000	0.0000	0.0000	0.0814	0.0973	0.0000	0.1621	0.1935	0.0000	0.0000	0.0000	0.0000	0.0027	0.0031	0.0016	0.0020	0.0022	0.0006	0.0034	0.0043	0.0020	0.0000	0.1918	-0.0000	-0.0000	0.0277	2.1883	1.3445	3.1271	0.0001	0.0001	0.0000	0.0001	0.0001	0.0000	0.0000	0.0000	0.0000	0.0001	0.0000	0.0000	0.0000	0.0000	0.0000	0.0000	0.0000	0.0000	0.0012	0.0010	0.0002	0.0006	0.0005	0.0001	0.0006	0.0005	0.0001	0.0206	0.0151	0.0054	0.0102	0.0089	0.0013	0.0104	0.0063	0.0041	30.1312	31.6010	0.0000	79.9783	86.5818	0.0000	0.0000	0.0000	0.0000	0.0027	0.0031	0.0016	0.0020	0.0022	0.0006	0.0034	0.0043	0.0020
104	120	0.1076	8	1	2	0	0	0	0	0	0	N	Y	N	N	N	N	N	N	N	N	N	N	0.0210	0.0272	0.0004	0.2660	0.3061	0.0016	0.0082	0.0095	0.0003	0.0377	0.0437	0.0009	0.0641	0.0688	0.0010	0.0233	0.0282	0.0009	1.7909	1.6065	2.3572	0.2412	0.2247	0.6456	2.8514	2.9752	2.6329	0.0033	0.4779	-0.0001	-0.0401	0.0277	13.6104	1.3445	16.0982	0.0002	0.0002	0.0000	0.0001	0.0001	0.0000	0.0001	0.0001	0.0000	0.1825	0.1235	0.0590	0.0100	0.0086	0.0014	0.1725	0.1149	0.0576	0.0052	0.0044	0.0007	0.0018	0.0017	0.0001	0.0033	0.0027	0.0006	0.1019	0.0768	0.0250	0.0414	0.0382	0.0031	0.0605	0.0386	0.0219	0.0210	0.0272	0.0004	0.2660	0.3061	0.0024	0.0082	0.0095	0.0003	1.7909	1.6065	2.3572	0.2412	0.2247	0.4415	2.8514	2.9752	2.6329
104	121	0.1328	10	0	2	0	0	0	0	0	0	N	Y	N	N	N	N	N	N	N	N	N	N	50.5933	105.6805	1.8233	1.5547	2.5025	0.0039	250.3032	120745.1841	16.1644	0.2241	0.2816	0.0182	0.0091	0.0121	0.0001	0.8398	0.9276	0.1375	0.0044	0.0027	0.0100	0.0058	0.0048	0.0285	0.0034	0.0000	0.0085	0.0181	1.1891	-0.0001	0.0000	0.0277	0.3548	1.3445	4.6068	0.0002	0.0002	0.0000	0.0000	0.0000	0.0000	0.0002	0.0002	0.0000	0.0001	0.0001	0.0001	0.0001	0.0001	0.0000	0.0001	0.0000	0.0001	0.0009	0.0007	0.0002	0.0006	0.0005	0.0002	0.0002	0.0002	0.0000	0.0269	0.0204	0.0065	0.0117	0.0112	0.0005	0.0152	0.0092	0.0060	50.5933	105.6805	1.8233	1.5547	2.5025	0.0039	250.3032	120745.1841	16.1644	0.0044	0.0027	0.0100	0.0058	0.0048	0.0285	0.0034	0.0000	0.0085
104	122	0.1179	9	0	2	0	0	0	0	0	0	N	Y	N	N	N	N	N	N	N	N	N	N	94.5043	99.8805	24.1103	8.6915	11.0786	0.2733	1249.6070	3601.3253	108.8975	0.3150	0.3764	0.0484	0.0664	0.0814	0.0034	0.6169	0.7289	0.1069	0.0033	0.0038	0.0020	0.0076	0.0074	0.0125	0.0005	0.0002	0.0010	0.0296	0.1747	-0.0001	-0.0000	0.0277	1.6911	1.3445	5.7022	0.0004	0.0004	0.0000	0.0000	0.0000	0.0000	0.0003	0.0003	0.0000	0.0001	0.0001	0.0000	0.0001	0.0001	0.0000	0.0000	0.0000	0.0000	0.0012	0.0009	0.0002	0.0006	0.0005	0.0001	0.0005	0.0004	0.0001	0.0275	0.0207	0.0068	0.0109	0.0103	0.0006	0.0166	0.0104	0.0062	94.5043	99.8805	24.1103	8.6915	11.0786	0.2733	1249.6070	3601.3253	108.8975	0.0033	0.0038	0.0020	0.0076	0.0074	0.0125	0.0005	0.0002	0.0010
104	123	0.1076	8	0	1	0	0	0	0	0	0	N	N	N	N	N	N	N	N	N	N	N	N	7.7914	2.0880	1041.8484	1.1301	1.1633	0.1986	103.1762	15.4904	2065.7620	0.4479	0.1589	1.9722	0.1290	0.1551	0.0003	0.7858	0.1628	4.3240	0.0575	0.0761	0.0019	0.1142	0.1333	0.0014	0.0076	0.0105	0.0021	2.3532	0.0083	0.0002	-0.0007	0.0277	2.0929	1.3445	3.1856	0.0006	0.0002	0.0004	0.0001	0.0001	0.0000	0.0005	0.0001	0.0004	0.0014	0.0014	0.0000	0.0013	0.0013	0.0000	0.0001	0.0001	0.0000	0.0014	0.0012	0.0002	0.0007	0.0006	0.0001	0.0007	0.0006	0.0001	0.0242	0.0181	0.0061	0.0113	0.0097	0.0016	0.0129	0.0085	0.0044	7.7914	2.0880	1041.8484	1.1301	1.1633	0.1986	103.1762	15.4904	2065.7620	0.0575	0.0761	0.0019	0.1142	0.1333	0.0014	0.0076	0.0105	0.0021
104	124	0.1483	11	1	2	0	0	0	0	0	0	N	Y	N	N	N	N	N	N	N	N	N	N	0.0000	0.0000	0.0000	0.0000	0.0000	0.0000	0.0000	0.0000	0.0000	0.0000	0.0000	0.0000	0.0000	0.0000	0.0000	0.0000	0.0000	0.0000	0.0000	0.0000	0.0277	0.0000	1.3445	0.0000	0.0000	0.0000	0.0000	0.0000	0.0000	0.0000	0.0000	0.0000	0.0000	0.0000	0.0000	0.0000	0.0000	0.0000	0.0000	0.0000	0.0000	0.0000	0.0000	0.0000	0.0000	0.0000	0.0000	0.0000	0.0000	0.0000	0.0000	0.0000	0.0000	0.0000	0.0000	0.0000	0.0000	0.0000	0.0000	0.0000	0.0000	0.0000	0.0000	0.0000	0.0000	0.0000	0.0000	0.0000	0.0000	0.0000	0.0000	0.0000	0.0000	0.0000	0.0000	0.0000	0.0000	0.0000											
104	125	0.1437	10	1	2	0	0	0	0	0	0	N	Y	N	N	N	N	N	N	N	N	N	N	0.0000	0.0000	0.0000	0.0000	0.0000	0.0000	0.0000	0.0000	0.0000	0.0000	0.0000	0.0000	0.0000	0.0000	0.0000	0.0000	0.0000	0.0000	0.0103	0.0139	0.0001	0.0230	0.0256	0.0002	0.0000	0.0000	0.0000	0.0017	0.0000	-0.0000	0.0277	0.1434	1.3445	1.9839	0.0000	0.0000	0.0000	0.0000	0.0000	0.0000	0.0000	0.0000	0.0000	0.0001	0.0001	0.0000	0.0001	0.0001	0.0000	0.0000	0.0000	0.0000	0.0001	0.0001	0.0000	0.0000	0.0000	0.0000	0.0000	0.0000	0.0000	0.0077	0.0057	0.0021	0.0034	0.0031	0.0003	0.0043	0.0026	0.0017	0.0000	0.0000	0.0000	0.0000	0.0000	0.0000	0.0000	0.0000	0.0000	0.0103	0.0139	0.0001	0.0230	0.0256	0.0002	0.0000	0.0000	0.0000	
104	126	0.1333	9	0	2	0	0	0	0	0	0	N	Y	N	N	N	N	N	N	N	N	N	N	0.0000	0.0000	0.0000	0.0000	0.0000	0.0000	0.0000	0.0000	0.0000	0.0000	0.0000	0.0000	0.0000	0.0000	0.0000	0.0000	0.0000	0.0000	0.1290	0.1779	0.0002	0.2885	0.3274	0.0007	0.0011	0.0018	0.0001	0.0004	0.0000	-0.0013	0.0277	1.8882	1.3445	2.9115	0.0000	0.0000	0.0000	0.0000	0.0000	0.0000	0.0000	0.0000	0.0000	0.0024	0.0024	0.0000	0.0024	0.0024	0.0000	0.0000	0.0000	0.0000	0.0007	0.0006	0.0001	0.0002	0.0002	0.0000	0.0004	0.0004	0.0001	0.0184	0.0134	0.0051	0.0082	0.0072	0.0010	0.0102	0.0061	0.0041	0.0000	0.0000	0.0000	0.0000	0.0000	0.0000	0.0000	0.0000	0.0000	0.1290	0.1779	0.0002	0.2885	0.3274	0.0007	0.0011	0.0018	0.0001	
104	127	0.1076	8	0	1	0	0	0	0	0	0	N	N	N	N	N	N	N	N	N	N	N	N	0.1808	0.1676	0.0000	0.0006	0.0009	0.0000	0.2106	0.1641	0.0000	0.2437	0.2877	0.0000	0.0002	0.0002	0.0000	0.4477	0.5346	0.0000	1.3480	1.7162	0.2276	0.3047	0.2338	1.1173	2.1259	3.2576	0.0778	0.0000	0.0436	-0.0002	-0.0331	0.0277	3.5543	1.3445	9.0319	0.0005	0.0005	0.0000	0.0000	0.0000	0.0000	0.0005	0.0005	0.0000	0.0660	0.0633	0.0028	0.0064	0.0044	0.0020	0.0597	0.0589	0.0008	0.0019	0.0016	0.0003	0.0009	0.0007	0.0001	0.0010	0.0009	0.0002	0.0490	0.0369	0.0121	0.0209	0.0188	0.0021	0.0281	0.0181	0.0100	0.1808	0.1676	0.0000	0.0006	0.0009	0.0000	0.2106	0.1641	0.0000	1.3480	1.7162	0.2276	0.3047	0.2338	0.9305	2.1259	3.2576	0.0778
104	128	0.1039	7	0	1	0	0	0	0	0	0	N	N	N	N	N	N	N	N	N	N	N	N	1.2999	1.1923	0.1257	4.4277	5.0779	0.0275	0.8600	0.6567	0.2135	0.1244	0.1488	0.0006	0.1273	0.1523	0.0002	0.1218	0.1457	0.0009	0.0957	0.1248	0.0049	0.0287	0.0300	0.0088	0.1416	0.2218	0.0044	0.0008	0.0125	-0.0001	-0.0007	0.0277	2.6246	1.3445	0.7212	0.0002	0.0002	0.0000	0.0001	0.0001	0.0000	0.0001	0.0001	0.0000	0.0013	0.0013	0.0000	0.0002	0.0002	0.0000	0.0012	0.0012	0.0000	0.0015	0.0012	0.0002	0.0007	0.0006	0.0001	0.0008	0.0006	0.0001	0.0139	0.0106	0.0034	0.0057	0.0053	0.0003	0.0083	0.0052	0.0030	1.2999	1.1923	0.1257	4.4277	5.0779	0.0275	0.8600	0.6567	0.2135	0.0957	0.1248	0.0049	0.0287	0.0300	0.0088	0.1416	0.2218	0.0044
104	129	0.0982	6	0	1	0	0	0	0	0	0	N	N	N	N	N	N	N	N	N	N	N	N	18.4792	18.1364	0.5262	20.1415	23.3486	0.1063	14.3850	12.9094	0.8055	0.1712	0.2049	0.0018	0.2734	0.3238	0.0009	0.0932	0.1123	0.0025	0.0093	0.0113	0.0034	0.0136	0.0139	0.0081	0.0065	0.0087	0.0031	0.0018	0.1069	-0.0001	-0.0001	0.0277	3.3474	1.3445	1.3769	0.0003	0.0003	0.0000	0.0002	0.0002	0.0000	0.0001	0.0001	0.0000	0.0002	0.0002	0.0000	0.0001	0.0001	0.0000	0.0001	0.0001	0.0000	0.0017	0.0014	0.0003	0.0007	0.0006	0.0001	0.0010	0.0008	0.0002	0.0193	0.0143	0.0050	0.0076	0.0072	0.0004	0.0118	0.0071	0.0046	18.4792	18.1364	0.5262	20.1415	23.3486	0.1063	14.3850	12.9094	0.8055	0.0093	0.0113	0.0034	0.0136	0.0139	0.0081	0.0065	0.0087	0.0031
104	130	0.0893	5	0	1	0	0	0	0	0	0	N	N	N	N	N	N	N	N	N	N	N	N	14.4792	53.4438	0.4342	19.0490	24.4426	1.1004	17.2910	305.6048	1.8306	0.2707	0.3356	0.0228	0.2030	0.2695	0.0049	0.4120	0.4523	0.1040	0.0187	0.0063	0.0525	0.0107	0.0110	0.0045	0.0238	0.0015	0.0568	0.0178	3.0711	-0.0001	0.0001	0.0277	0.4686	1.3445	4.0374	0.0002	0.0002	0.0000	0.0001	0.0001	0.0000	0.0001	0.0001	0.0000	0.0003	0.0001	0.0003	0.0001	0.0001	0.0000	0.0003	0.0000	0.0003	0.0007	0.0005	0.0001	0.0005	0.0003	0.0001	0.0002	0.0002	0.0000	0.0182	0.0133	0.0049	0.0071	0.0067	0.0004	0.0111	0.0066	0.0045	14.4792	53.4438	0.4342	19.0490	24.4426	1.1004	17.2910	305.6048	1.8306	0.0187	0.0063	0.0525	0.0107	0.0110	0.0045	0.0238	0.0015	0.0568
105	109	0.1453	9	1	2	0	1	0	0	0	0	N	Y	N	N	N	N	N	N	N	N	N	N	0.0000	0.0000	0.0000	0.0000	0.0000	0.0000	0.0000	0.0000	0.0000	0.0000	0.0000	0.0000	0.0000	0.0000	0.0000	0.0000	0.0000	0.0000	0.0000	0.0000	5.1414	0.0000	16.4151	0.0000	0.0000	0.0000	0.0000	0.0000	0.0000	0.0000	0.0000	0.0000	0.0000	0.0000	0.0000	0.0000	0.0000	0.0000	0.0000	0.0000	0.0000	0.0000	0.0000	0.0000	0.0000	0.0000	0.0000	0.0000	0.0000	0.0000	0.0000	0.0000	0.0000	0.0000	0.0000	0.0000	0.0000	0.0000	0.0000	0.0000	0.0000	0.0000	0.0000	0.0000	0.0000	0.0000	0.0000	0.0000	0.0000	0.0000	0.0000	0.0000	0.0000	0.0000	0.0000	0.0000	0.0000	0.0000											
105	110	0.1304	8	1	2	0	1	0	0	0	0	N	Y	N	N	N	N	N	N	N	N	N	N	0.0000	0.0000	0.0000	0.0000	0.0000	0.0000	0.0000	0.0000	0.0000	0.0000	0.0000	0.0000	0.0000	0.0000	0.0000	0.0000	0.0000	0.0000	6.3761	10.9211	0.0124	29.2557	31.6473	0.0015	0.7836	1.5340	0.0132	0.0008	0.0000	-0.5984	5.1414	0.0000	16.4151	7.1240	0.0000	0.0000	0.0000	0.0000	0.0000	0.0000	0.0000	0.0000	0.0000	1.1038	1.1029	0.0009	0.9963	0.9963	0.0000	0.1075	0.1066	0.0009	0.0000	0.0000	0.0000	0.0000	0.0000	0.0000	0.0000	0.0000	0.0000	0.1731	0.1010	0.0721	0.0359	0.0315	0.0044	0.1372	0.0695	0.0677	0.0000	0.0000	0.0000	0.0000	0.0000	0.0000	0.0000	0.0000	0.0000	6.3761	10.9211	0.0124	27.7428	31.6473	0.0015	0.7836	1.5340	0.0132	
105	111	0.1393	10	0	2	0	1	0	0	0	0	N	Y	N	N	N	N	N	N	N	N	N	N	0.0000	0.0000	0.0000	0.0000	0.0000	0.0000	0.0000	0.0000	0.0000	0.0000	0.0000	0.0000	0.0000	0.0000	0.0000	0.0000	0.0000	0.0000	0.0044	0.0021	0.0077	0.0013	0.0001	0.0080	0.0053	0.0030	0.0077	2.5825	0.0000	0.0001	5.1414	0.0016	16.4151	5.0076	0.0000	0.0000	0.0000	0.0000	0.0000	0.0000	0.0000	0.0000	0.0000	0.0005	0.0001	0.0004	0.0000	0.0000	0.0000	0.0005	0.0001	0.0003	0.0002	0.0002	0.0000	0.0001	0.0001	0.0000	0.0001	0.0001	0.0000	0.1167	0.0684	0.0484	0.0249	0.0209	0.0039	0.0919	0.0474	0.0444	0.0000	0.0000	0.0000	0.0000	0.0000	0.0000	0.0000	0.0000	0.0000	0.0044	0.0021	0.0077	0.0013	0.0001	0.0080	0.0053	0.0030	0.0077	
105	112	0.1325	9	0	2	0	1	0	0	0	0	N	Y	N	N	N	N	N	N	N	N	N	N	0.0000	0.0000	0.0000	0.0000	0.0000	0.0000	0.0000	0.0000	0.0000	0.0000	0.0000	0.0000	0.0000	0.0000	0.0000	0.0000	0.0000	0.0000	1.2946	0.0304	3.0798	0.0142	0.0155	0.0033	1.6722	0.0384	3.2680	71.7609	0.0000	0.0477	5.1414	1.0012	16.4151	2.1373	0.0000	0.0000	0.0000	0.0000	0.0000	0.0000	0.0000	0.0000	0.0000	0.1077	0.0015	0.1062	0.0003	0.0003	0.0000	0.1074	0.0012	0.1062	0.0375	0.0327	0.0048	0.0057	0.0054	0.0002	0.0318	0.0273	0.0046	0.0832	0.0487	0.0345	0.0189	0.0170	0.0020	0.0643	0.0317	0.0325	0.0000	0.0000	0.0000	0.0000	0.0000	0.0000	0.0000	0.0000	0.0000	1.2946	0.0304	3.0798	0.0142	0.0155	0.0033	1.6722	0.0384	3.2680	
105	113	0.1408	9	0	2	0	0	0	0	0	0	N	Y	N	N	N	N	N	N	N	N	N	N	0.0003	0.0004	0.0000	0.0006	0.0023	0.0000	0.0000	0.0000	0.0000	0.0000	0.0000	0.0000	0.0000	0.0000	0.0000	0.0000	0.0000	0.0000	0.0007	0.0007	0.0008	0.0017	0.0005	0.0104	0.0004	0.0007	0.0000	0.0000	0.7914	-0.0000	-0.0000	5.1414	0.9705	16.4151	5.0371	0.0000	0.0000	0.0000	0.0000	0.0000	0.0000	0.0000	0.0000	0.0000	0.0001	0.0001	0.0000	0.0001	0.0000	0.0000	0.0000	0.0000	0.0000	0.0425	0.0374	0.0052	0.0094	0.0091	0.0004	0.0331	0.0283	0.0048	0.1366	0.0808	0.0558	0.0303	0.0264	0.0039	0.1063	0.0543	0.0519	0.0003	0.0004	0.0000	0.0006	0.0023	0.0000	0.0000	0.0000	0.0000	0.0007	0.0007	0.0008	0.0017	0.0005	0.0104	0.0004	0.0007	0.0000
105	114	0.1325	9	0	1	1	1	0	0	0	0	N	N	N	N	N	N	N	N	N	N	N	N	0.0000	0.0000	0.0000	0.0000	0.0000	0.0000	0.0000	0.0000	0.0000	0.0000	0.0000	0.0000	0.0000	0.0000	0.0000	0.0000	0.0000	0.0000	0.0014	0.0013	0.0015	0.0029	0.0030	0.0018	0.0008	0.0000	0.0014	0.7726	0.0000	-0.0000	5.1414	0.0000	16.4151	1.1303	0.0000	0.0000	0.0000	0.0000	0.0000	0.0000	0.0000	0.0000	0.0000	0.0001	0.0000	0.0000	0.0000	0.0000	0.0000	0.0000	0.0000	0.0000	0.0000	0.0000	0.0000	0.0000	0.0000	0.0000	0.0000	0.0000	0.0000	0.0372	0.0221	0.0151	0.0104	0.0097	0.0007	0.0268	0.0124	0.0144	0.0000	0.0000	0.0000	0.0000	0.0000	0.0000	0.0000	0.0000	0.0000	0.0014	0.0013	0.0015	0.0029	0.0030	0.0018	0.0008	0.0000	0.0014	
105	115	0.1304	8	0	1	0	1	0	0	0	0	N	N	N	N	N	N	N	N	N	N	N	N	0.0000	0.0000	0.0000	0.0000	0.0000	0.0000	0.0000	0.0000	0.0000	0.0000	0.0000	0.0000	0.0000	0.0000	0.0000	0.0000	0.0000	0.0000	0.0169	0.0128	0.0231	0.0341	0.0287	0.1039	0.0103	0.0005	0.0189	1.2203	0.0000	0.0000	5.1414	0.0000	16.4151	1.2340	0.0000	0.0000	0.0000	0.0000	0.0000	0.0000	0.0000	0.0000	0.0000	0.0007	0.0003	0.0004	0.0004	0.0003	0.0001	0.0003	0.0000	0.0003	0.0000	0.0000	0.0000	0.0000	0.0000	0.0000	0.0000	0.0000	0.0000	0.0404	0.0241	0.0163	0.0113	0.0105	0.0008	0.0292	0.0137	0.0155	0.0000	0.0000	0.0000	0.0000	0.0000	0.0000	0.0000	0.0000	0.0000	0.0169	0.0128	0.0231	0.0341	0.0287	0.1039	0.0103	0.0005	0.0189	
105	116	0.1379	9	0	1	1	1	0	0	0	0	N	N	N	N	N	N	N	N	N	N	N	N	218.2151	160.3568	0.0000	12.5404	24.3956	0.0000	263.8364	162.3390	0.0000	1.6996	1.9900	0.0000	0.0248	0.0298	0.0000	2.5040	2.8938	0.0000	0.0078	0.0124	0.0007	0.0020	0.0012	0.0071	0.0095	0.0178	0.0002	0.0000	0.0356	-0.0314	-0.0002	5.1414	0.9725	16.4151	0.9874	0.0824	0.0824	0.0000	0.0004	0.0004	0.0000	0.0820	0.0820	0.0000	0.0004	0.0004	0.0000	0.0000	0.0000	0.0000	0.0004	0.0004	0.0000	0.0485	0.0414	0.0071	0.0157	0.0131	0.0027	0.0327	0.0283	0.0044	0.0483	0.0293	0.0190	0.0109	0.0095	0.0014	0.0374	0.0197	0.0176	218.2151	160.3568	0.0000	12.5404	24.3956	0.0000	263.8364	162.3390	0.0000	0.0078	0.0124	0.0007	0.0020	0.0012	0.0071	0.0095	0.0178	0.0002
105	117	0.1379	9	0	1	1	1	0	0	0	0	N	N	N	N	N	N	N	N	N	N	N	N	49.7407	38.8840	1.4555	134.3794	207.3356	0.1466	0.0991	0.0549	0.0000	0.2063	0.2611	0.0005	0.2724	0.3695	0.0005	0.0005	0.0005	0.0000	0.0041	0.0067	0.0003	0.0020	0.0018	0.0036	0.0047	0.0090	0.0001	0.0005	0.0342	-0.0010	-0.0002	5.1414	0.0285	16.4151	4.0215	0.0025	0.0025	0.0000	0.0025	0.0025	0.0000	0.0000	0.0000	0.0000	0.0004	0.0004	0.0000	0.0000	0.0000	0.0000	0.0004	0.0004	0.0000	0.0123	0.0097	0.0026	0.0093	0.0069	0.0025	0.0030	0.0029	0.0001	0.0956	0.0571	0.0385	0.0207	0.0179	0.0028	0.0749	0.0392	0.0357	49.7407	38.8840	1.4555	134.3794	207.3356	0.1466	0.0991	0.0549	0.0000	0.0041	0.0067	0.0003	0.0020	0.0018	0.0036	0.0047	0.0090	0.0001
105	118	0.1304	8	0	1	1	1	0	0	0	0	N	N	N	N	N	N	N	N	N	N	N	N	10.7331	7.2843	0.0026	4813.9923	5872.6026	0.0001	0.0403	0.0239	0.0027	8.8882	10.2000	0.0001	58.7803	61.4745	0.0000	0.0423	0.0494	0.0001	0.8281	1.4003	0.0227	0.0122	0.0105	0.0254	1.0512	2.0676	0.0225	0.0000	0.0115	-0.3801	-0.0573	5.1414	3.0275	16.4151	2.1573	0.9974	0.9974	0.0000	0.9934	0.9934	0.0000	0.0040	0.0040	0.0000	0.1078	0.1065	0.0012	0.0003	0.0003	0.0001	0.1074	0.1063	0.0011	0.1122	0.0978	0.0144	0.0169	0.0162	0.0007	0.0953	0.0816	0.0137	0.1301	0.0761	0.0540	0.0279	0.0247	0.0033	0.1022	0.0514	0.0508	10.7331	7.2843	0.0026	4813.9923	5872.6026	0.0001	0.0403	0.0239	0.0027	0.8281	1.4003	0.0227	0.0122	0.0105	0.0254	1.0512	2.0676	0.0225
105	119	0.1716	8	1	2	0	0	0	0	0	0	N	Y	N	N	N	N	N	N	N	N	N	N	207.3311	166.6107	0.0288	423.4885	435.1954	0.0976	0.0822	0.0637	0.0005	1.6096	1.8277	0.0001	6.5324	7.0725	0.0005	0.0004	0.0005	0.0000	0.0078	0.0110	0.0027	0.0154	0.0163	0.0050	0.0053	0.0079	0.0026	0.0000	0.1572	-0.0637	-0.0005	5.1414	2.1883	16.4151	3.1271	0.1671	0.1671	0.0000	0.1670	0.1670	0.0000	0.0000	0.0000	0.0000	0.0011	0.0010	0.0002	0.0005	0.0005	0.0000	0.0006	0.0004	0.0001	0.1038	0.0914	0.0124	0.0256	0.0236	0.0020	0.0782	0.0678	0.0104	0.1439	0.0880	0.0559	0.0349	0.0323	0.0026	0.1090	0.0557	0.0533	207.3311	166.6107	0.0288	423.4885	435.1954	0.0976	0.0822	0.0637	0.0005	0.0078	0.0110	0.0027	0.0154	0.0163	0.0050	0.0053	0.0079	0.0026
105	120	0.1047	7	1	2	0	0	0	0	0	0	N	Y	N	N	N	N	N	N	N	N	N	N	0.5827	0.5749	0.0047	162.6689	163.2308	7.1817	0.4956	0.4453	0.0039	2.5139	2.8746	0.0161	2.5422	2.6578	0.0625	2.5090	2.9167	0.0136	4.3141	5.0003	3.3990	0.0156	0.0163	0.0087	5.0628	6.5499	3.5034	0.0008	0.5097	-0.5127	-0.5762	5.1414	13.6104	16.4151	16.0982	1.3482	1.3471	0.0011	0.2026	0.2024	0.0002	1.1456	1.1447	0.0009	2.8062	1.8588	0.9474	0.0015	0.0014	0.0001	2.8047	1.8573	0.9474	0.5363	0.4686	0.0677	0.0797	0.0761	0.0036	0.4566	0.3925	0.0641	0.6505	0.3717	0.2787	0.0965	0.0882	0.0083	0.5540	0.2836	0.2704	0.5827	0.5749	0.0047	162.6689	163.2308	7.1817	0.4956	0.4453	0.0039	4.3141	5.0003	3.3990	0.0156	0.0163	0.0087	5.0628	6.5499	3.5034
105	121	0.1299	9	0	2	0	0	0	0	0	0	N	Y	N	N	N	N	N	N	N	N	N	N	233.9110	1238.7106	16.2470	34.7546	40.3532	0.5596	330.2731	137661.7784	23.0685	6.3522	7.0921	1.1669	0.4297	0.4672	0.0196	11.5172	13.4002	1.6880	0.0272	0.0057	0.0718	0.0124	0.0116	0.0351	0.0349	0.0001	0.0732	0.0235	6.0188	-0.1188	0.0021	5.1414	0.3548	16.4151	4.6068	0.3318	0.3241	0.0076	0.0105	0.0104	0.0000	0.3213	0.3137	0.0076	0.0067	0.0009	0.0057	0.0010	0.0009	0.0001	0.0056	0.0000	0.0056	0.0522	0.0457	0.0065	0.0243	0.0223	0.0020	0.0279	0.0234	0.0045	0.2450	0.1656	0.0794	0.0840	0.0812	0.0028	0.1610	0.0844	0.0766	233.9110	1238.7106	16.2470	34.7546	40.3532	0.5596	330.2731	137661.7784	23.0685	0.0272	0.0057	0.0718	0.0124	0.0116	0.0351	0.0349	0.0001	0.0732
105	122	0.1150	8	0	2	0	0	0	0	0	0	N	Y	N	N	N	N	N	N	N	N	N	N	227.7961	169.3310	188.6789	20.9077	21.0532	13.5861	1123.7547	1739.4555	228.8291	6.6166	7.3156	1.8335	2.7848	2.9689	0.3752	8.1176	9.1758	2.1044	0.0290	0.0432	0.0097	0.1332	0.1410	0.0276	0.0072	0.0053	0.0092	0.0366	0.1647	-0.2183	-0.0022	5.1414	1.6911	16.4151	5.7022	0.6315	0.6092	0.0223	0.0748	0.0741	0.0007	0.5567	0.5351	0.0216	0.0054	0.0047	0.0008	0.0043	0.0043	0.0001	0.0011	0.0004	0.0007	0.0954	0.0833	0.0122	0.0269	0.0250	0.0019	0.0686	0.0583	0.0103	0.1872	0.1080	0.0791	0.0324	0.0302	0.0022	0.1547	0.0779	0.0769	227.7961	169.3310	188.6789	20.9077	21.0532	13.5861	1123.7547	1739.4555	228.8291	0.0290	0.0432	0.0097	0.1332	0.1410	0.0276	0.0072	0.0053	0.0092
105	123	0.1047	7	0	1	0	0	0	0	0	0	N	N	N	N	N	N	N	N	N	N	N	N	56.2080	10.4063	1177.8542	4.8596	4.7364	7.0510	338.1683	141.6741	1310.4015	9.6337	2.6718	65.4196	4.0482	4.2491	0.0304	11.9338	1.9550	74.7769	0.1714	0.2567	0.0555	0.8330	0.8971	0.0043	0.0353	0.0138	0.0571	3.0557	0.1594	0.4844	-0.0094	5.1414	2.0929	16.4151	3.1856	1.3008	0.3207	0.9800	0.1594	0.1594	0.0001	1.1413	0.1614	0.9800	0.0233	0.0201	0.0032	0.0193	0.0193	0.0000	0.0040	0.0008	0.0032	0.1350	0.1200	0.0150	0.0394	0.0375	0.0019	0.0956	0.0825	0.0131	0.1357	0.0781	0.0576	0.0232	0.0215	0.0017	0.1126	0.0566	0.0559	56.2080	10.4063	1177.8542	4.8596	4.7364	7.0510	338.1683	141.6741	1310.4015	0.1714	0.2567	0.0555	0.8330	0.8971	0.0043	0.0353	0.0138	0.0571
105	124	0.1454	10	1	2	0	0	0	0	0	0	N	Y	N	N	N	N	N	N	N	N	N	N	0.0000	0.0000	0.0000	0.0000	0.0000	0.0000	0.0000	0.0000	0.0000	0.0000	0.0000	0.0000	0.0000	0.0000	0.0000	0.0000	0.0000	0.0000	0.0000	0.0000	5.1414	0.0000	16.4151	0.0000	0.0000	0.0000	0.0000	0.0000	0.0000	0.0000	0.0000	0.0000	0.0000	0.0000	0.0000	0.0000	0.0000	0.0000	0.0000	0.0000	0.0000	0.0000	0.0000	0.0000	0.0000	0.0000	0.0000	0.0000	0.0000	0.0000	0.0000	0.0000	0.0000	0.0000	0.0000	0.0000	0.0000	0.0000	0.0000	0.0000	0.0000	0.0000	0.0000	0.0000	0.0000	0.0000	0.0000	0.0000	0.0000	0.0000	0.0000	0.0000	0.0000	0.0000	0.0000	0.0000	0.0000	0.0000											
105	125	0.1408	9	1	2	0	0	0	0	0	0	N	Y	N	N	N	N	N	N	N	N	N	N	0.0003	0.0003	0.0000	0.0003	0.0005	0.0000	0.0000	0.0000	0.0000	0.0000	0.0000	0.0000	0.0000	0.0000	0.0000	0.0000	0.0000	0.0000	0.0030	0.0034	0.0024	0.0069	0.0044	0.0284	0.0018	0.0029	0.0006	0.0000	0.4588	-0.0000	-0.0000	5.1414	0.1434	16.4151	1.9839	0.0000	0.0000	0.0000	0.0000	0.0000	0.0000	0.0000	0.0000	0.0000	0.0002	0.0001	0.0001	0.0001	0.0001	0.0000	0.0001	0.0001	0.0000	0.0116	0.0104	0.0012	0.0046	0.0044	0.0002	0.0070	0.0060	0.0010	0.0534	0.0322	0.0212	0.0131	0.0117	0.0014	0.0403	0.0206	0.0198	0.0003	0.0003	0.0000	0.0003	0.0005	0.0000	0.0000	0.0000	0.0000	0.0030	0.0034	0.0024	0.0069	0.0044	0.0284	0.0018	0.0029	0.0006
105	126	0.1304	8	0	2	0	0	0	0	0	0	N	Y	N	N	N	N	N	N	N	N	N	N	0.0336	0.0464	0.0000	0.0942	0.1032	0.0000	0.0000	0.0000	0.0000	0.0003	0.0003	0.0000	0.0019	0.0020	0.0000	0.0000	0.0000	0.0000	0.0084	0.0070	0.0105	0.0200	0.0191	0.0271	0.0052	0.0011	0.0094	0.0000	1.0563	-0.0000	-0.0000	5.1414	1.8882	16.4151	2.9115	0.0000	0.0000	0.0000	0.0000	0.0000	0.0000	0.0000	0.0000	0.0000	0.0010	0.0005	0.0005	0.0005	0.0004	0.0001	0.0005	0.0001	0.0004	0.0704	0.0613	0.0091	0.0106	0.0102	0.0005	0.0598	0.0512	0.0086	0.1215	0.0711	0.0504	0.0263	0.0233	0.0030	0.0952	0.0478	0.0474	0.0336	0.0464	0.0000	0.0942	0.1032	0.0000	0.0000	0.0000	0.0000	0.0084	0.0070	0.0105	0.0200	0.0191	0.0271	0.0052	0.0011	0.0094
105	127	0.1047	7	0	1	0	0	0	0	0	0	N	N	N	N	N	N	N	N	N	N	N	N	0.6581	0.8894	0.0000	0.1896	1.7560	0.0000	0.7313	0.8969	0.0000	4.1968	4.7540	0.0000	0.0377	0.0395	0.0000	5.4930	6.3808	0.0000	6.3768	5.3454	7.7555	0.1987	0.0225	3.8997	7.5117	7.1139	7.9228	0.0000	1.0855	-0.3016	-0.0430	5.1414	3.5543	16.4151	9.0319	0.7914	0.7914	0.0000	0.0017	0.0017	0.0000	0.7897	0.7897	0.0000	1.9161	0.9188	0.9973	0.0093	0.0010	0.0083	1.9068	0.9178	0.9890	0.1886	0.1665	0.0221	0.0448	0.0427	0.0021	0.1438	0.1238	0.0200	0.3005	0.1719	0.1286	0.0466	0.0429	0.0038	0.2538	0.1290	0.1248	0.6581	0.8894	0.0000	0.1896	1.7560	0.0000	0.7313	0.8969	0.0000	6.3768	5.3454	7.7555	0.1987	0.0225	2.2059	7.5117	7.1139	7.9228
105	128	0.1010	6	0	1	0	0	0	0	0	0	N	N	N	N	N	N	N	N	N	N	N	N	11.2550	8.0026	2.0573	72.6974	73.4090	11.6289	6.3064	3.7142	1.8202	2.2794	2.6056	0.0149	4.9379	5.2187	0.0289	1.5089	1.7660	0.0134	0.2025	0.3256	0.0073	0.0679	0.0711	0.0025	0.2393	0.4755	0.0074	0.0008	0.0140	-0.1197	-0.0110	5.1414	2.6246	16.4151	0.7212	0.3149	0.3146	0.0003	0.1533	0.1532	0.0000	0.1616	0.1614	0.0002	0.0208	0.0205	0.0003	0.0015	0.0015	0.0000	0.0193	0.0190	0.0003	0.1381	0.1207	0.0174	0.0310	0.0294	0.0017	0.1071	0.0914	0.0157	0.1025	0.0629	0.0396	0.0220	0.0210	0.0010	0.0805	0.0419	0.0386	11.2550	8.0026	2.0573	72.6974	73.4090	11.6289	6.3064	3.8995	1.8202	0.2025	0.3256	0.0073	0.0679	0.0711	0.0025	0.2393	0.4529	0.0074
105	129	0.0953	5	0	1	0	0	0	0	0	0	N	N	N	N	N	N	N	N	N	N	N	N	33.5510	39.3473	0.7825	51.1307	51.5405	37.0621	26.8588	58.0428	0.6831	2.0010	2.2993	0.0480	6.4073	6.7873	0.1175	1.1637	1.3566	0.0429	0.0596	0.0584	0.0613	0.1253	0.1317	0.0032	0.0433	0.0234	0.0628	0.0032	0.7469	-0.1186	-0.0010	5.1414	3.3474	16.4151	1.3769	0.3139	0.3129	0.0010	0.1605	0.1603	0.0002	0.1534	0.1526	0.0008	0.0086	0.0049	0.0037	0.0036	0.0036	0.0000	0.0050	0.0013	0.0037	0.1569	0.1361	0.0208	0.0250	0.0236	0.0014	0.1318	0.1125	0.0194	0.1439	0.0841	0.0598	0.0286	0.0272	0.0014	0.1153	0.0569	0.0584	33.5510	39.3473	0.7825	51.1307	51.5405	37.0621	26.8588	58.0428	0.6831	0.0596	0.0584	0.0613	0.1253	0.1317	0.0032	0.0433	0.0234	0.0628
105	130	0.0864	4	0	1	0	0	0	0	0	0	N	N	N	N	N	N	N	N	N	N	N	N	0.8678	41.9281	0.0365	17.9651	18.2565	161.9355	0.5683	182.3269	0.0413	6.7223	7.5757	0.7762	9.3525	10.0424	0.7132	5.2289	6.0412	0.7933	7.7463	0.1807	21.2915	0.5206	0.5501	0.0044	9.2003	0.0331	19.2151	0.0147	76.2231	-0.1157	0.4479	5.1414	0.4686	16.4151	4.0374	0.3157	0.3112	0.0046	0.1591	0.1582	0.0009	0.1566	0.1530	0.0037	1.0086	0.0131	0.9955	0.0114	0.0113	0.0000	0.9973	0.0017	0.9955	0.0470	0.0411	0.0059	0.0170	0.0158	0.0013	0.0300	0.0253	0.0046	0.1302	0.0723	0.0579	0.0218	0.0206	0.0012	0.1084	0.0517	0.0567	0.8678	41.9281	0.0452	17.9651	18.2565	161.9355	0.5683	182.3269	0.0452	7.7463	0.1807	17.1889	0.5206	0.5501	0.0044	9.2003	0.0331	17.5458
106	109	0.0986	8	1	1	0	1	0	0	0	0	N	N	N	N	N	N	N	N	N	N	N	N	0.0000	0.0000	0.0000	0.0000	0.0000	0.0000	0.0000	0.0000	0.0000	0.0000	0.0000	0.0000	0.0000	0.0000	0.0000	0.0000	0.0000	0.0000	0.0000	0.0000	3.8974	0.0000	1.6364	0.0000	0.0000	0.0000	0.0000	0.0000	0.0000	0.0000	0.0000	0.0000	0.0000	0.0000	0.0000	0.0000	0.0000	0.0000	0.0000	0.0000	0.0000	0.0000	0.0000	0.0000	0.0000	0.0000	0.0000	0.0000	0.0000	0.0000	0.0000	0.0000	0.0000	0.0000	0.0000	0.0000	0.0000	0.0000	0.0000	0.0000	0.0000	0.0000	0.0000	0.0000	0.0000	0.0000	0.0000	0.0000	0.0000	0.0000	0.0000	0.0000	0.0000	0.0000	0.0000	0.0000	0.0000	0.0000											
106	110	0.0837	7	1	1	0	1	0	0	0	0	N	N	N	N	N	N	N	N	N	N	N	N	0.0000	0.0000	0.0000	0.0000	0.0000	0.0000	0.0000	0.0000	0.0000	0.0000	0.0000	0.0000	0.0000	0.0000	0.0000	0.0000	0.0000	0.0000	0.2461	0.2917	0.1756	0.8893	0.7161	6.3508	0.0169	0.0088	0.0248	0.3891	0.0000	-0.0041	3.8974	0.0000	1.6364	7.1240	0.0000	0.0000	0.0000	0.0000	0.0000	0.0000	0.0000	0.0000	0.0000	0.0155	0.0112	0.0044	0.0147	0.0110	0.0038	0.0008	0.0002	0.0006	0.0000	0.0000	0.0000	0.0000	0.0000	0.0000	0.0000	0.0000	0.0000	0.0631	0.0383	0.0248	0.0166	0.0153	0.0013	0.0465	0.0230	0.0235	0.0000	0.0000	0.0000	0.0000	0.0000	0.0000	0.0000	0.0000	0.0000	0.2461	0.2917	0.1756	0.8893	0.7161	3.0102	0.0169	0.0088	0.0248	
106	111	0.0926	9	0	1	0	1	0	0	0	0	N	N	N	N	N	N	N	N	N	N	N	N	0.0000	0.0000	0.0000	0.0000	0.0000	0.0000	0.0000	0.0000	0.0000	0.0000	0.0000	0.0000	0.0000	0.0000	0.0000	0.0000	0.0000	0.0000	0.0000	0.0000	0.0001	0.0000	0.0000	0.0001	0.0001	0.0000	0.0001	2.4883	0.0000	0.0000	3.8974	0.0016	1.6364	5.0076	0.0000	0.0000	0.0000	0.0000	0.0000	0.0000	0.0000	0.0000	0.0000	0.0000	0.0000	0.0000	0.0000	0.0000	0.0000	0.0000	0.0000	0.0000	0.0002	0.0001	0.0000	0.0001	0.0001	0.0000	0.0001	0.0001	0.0000	0.0432	0.0265	0.0167	0.0124	0.0110	0.0013	0.0309	0.0155	0.0154	0.0000	0.0000	0.0000	0.0000	0.0000	0.0000	0.0000	0.0000	0.0000	0.0000	0.0000	0.0001	0.0000	0.0000	0.0001	0.0001	0.0000	0.0001	
106	112	0.0858	8	0	1	0	1	0	0	0	0	N	N	N	N	N	N	N	N	N	N	N	N	0.0000	0.0000	0.0000	0.0000	0.0000	0.0000	0.0000	0.0000	0.0000	0.0000	0.0000	0.0000	0.0000	0.0000	0.0000	0.0000	0.0000	0.0000	0.0126	0.0045	0.0252	0.0039	0.0040	0.0019	0.0162	0.0048	0.0267	3.5888	0.0000	0.0001	3.8974	1.0012	1.6364	2.1373	0.0000	0.0000	0.0000	0.0000	0.0000	0.0000	0.0000	0.0000	0.0000	0.0004	0.0001	0.0003	0.0000	0.0000	0.0000	0.0003	0.0000	0.0003	0.0286	0.0248	0.0038	0.0032	0.0030	0.0001	0.0254	0.0217	0.0037	0.0303	0.0185	0.0118	0.0089	0.0082	0.0007	0.0214	0.0103	0.0111	0.0000	0.0000	0.0000	0.0000	0.0000	0.0000	0.0000	0.0000	0.0000	0.0126	0.0045	0.0252	0.0039	0.0040	0.0019	0.0162	0.0048	0.0267	
106	113	0.0941	8	0	1	0	0	0	0	0	0	N	N	N	N	N	N	N	N	N	N	N	N	0.0362	0.0758	0.0000	0.1487	0.1519	0.0000	0.0011	0.0786	0.0000	0.0000	0.0000	0.0000	0.0001	0.0001	0.0000	0.0000	0.0000	0.0000	0.0004	0.0002	0.0007	0.0005	0.0005	0.0004	0.0003	0.0000	0.0007	0.0000	1.9827	-0.0000	0.0000	3.8974	0.9705	1.6364	5.0371	0.0000	0.0000	0.0000	0.0000	0.0000	0.0000	0.0000	0.0000	0.0000	0.0000	0.0000	0.0000	0.0000	0.0000	0.0000	0.0000	0.0000	0.0000	0.0324	0.0283	0.0040	0.0061	0.0058	0.0002	0.0263	0.0225	0.0038	0.0506	0.0311	0.0194	0.0140	0.0129	0.0011	0.0366	0.0182	0.0184	0.0362	0.0758	0.0000	0.1487	0.1519	0.0000	0.0011	0.0786	0.0000	0.0004	0.0002	0.0007	0.0005	0.0005	0.0004	0.0003	0.0000	0.0007
106	114	0.0858	8	0	0	1	1	0	0	0	0	N	N	N	N	N	N	N	N	N	N	N	N	0.0000	0.0000	0.0000	0.0000	0.0000	0.0000	0.0000	0.0000	0.0000	0.0000	0.0000	0.0000	0.0000	0.0000	0.0000	0.0000	0.0000	0.0000	0.0099	0.0028	0.0210	0.0054	0.0054	0.0050	0.0121	0.0000	0.0219	4.8852	0.0000	0.0000	3.8974	0.0000	1.6364	1.1303	0.0000	0.0000	0.0000	0.0000	0.0000	0.0000	0.0000	0.0000	0.0000	0.0001	0.0000	0.0001	0.0000	0.0000	0.0000	0.0001	0.0000	0.0001	0.0000	0.0000	0.0000	0.0000	0.0000	0.0000	0.0000	0.0000	0.0000	0.0132	0.0080	0.0051	0.0043	0.0041	0.0003	0.0089	0.0040	0.0049	0.0000	0.0000	0.0000	0.0000	0.0000	0.0000	0.0000	0.0000	0.0000	0.0099	0.0028	0.0210	0.0054	0.0054	0.0050	0.0121	0.0000	0.0219	
106	115	0.0837	7	0	0	0	1	0	0	0	0	N	N	N	N	N	N	N	N	N	N	N	N	0.0000	0.0000	0.0000	0.0000	0.0000	0.0000	0.0000	0.0000	0.0000	0.0000	0.0000	0.0000	0.0000	0.0000	0.0000	0.0000	0.0000	0.0000	0.0164	0.0138	0.0205	0.0265	0.0276	0.0061	0.0118	0.0007	0.0212	0.9476	0.0000	-0.0000	3.8974	0.0000	1.6364	1.2340	0.0000	0.0000	0.0000	0.0000	0.0000	0.0000	0.0000	0.0000	0.0000	0.0002	0.0001	0.0001	0.0001	0.0001	0.0000	0.0001	0.0000	0.0001	0.0000	0.0000	0.0000	0.0000	0.0000	0.0000	0.0000	0.0000	0.0000	0.0142	0.0087	0.0055	0.0045	0.0042	0.0002	0.0098	0.0045	0.0053	0.0000	0.0000	0.0000	0.0000	0.0000	0.0000	0.0000	0.0000	0.0000	0.0164	0.0138	0.0205	0.0265	0.0276	0.0061	0.0118	0.0007	0.0212	
106	116	0.0912	8	0	0	1	1	0	0	0	0	N	N	N	N	N	N	N	N	N	N	N	N	39234.6773	30043.1821	90.1387	4783.8220	7952.1083	3.6420	37903.3319	23560.7799	137.2605	25.2624	29.2821	0.0083	0.3893	0.4492	0.0013	32.5404	37.7626	0.0103	0.0006	0.0010	0.0001	0.0001	0.0001	0.0004	0.0009	0.0016	0.0001	0.0000	0.0567	-0.3282	-0.0000	3.8974	0.9725	1.6364	0.9874	0.8614	0.8614	0.0000	0.0030	0.0030	0.0000	0.8584	0.8584	0.0000	0.0000	0.0000	0.0000	0.0000	0.0000	0.0000	0.0000	0.0000	0.0000	0.0341	0.0294	0.0047	0.0077	0.0067	0.0010	0.0264	0.0227	0.0036	0.0176	0.0110	0.0066	0.0048	0.0045	0.0004	0.0127	0.0065	0.0062	39234.6773	30043.1821	90.1387	4783.8220	7952.1083	3.6420	37903.3319	23560.7799	137.2605	0.0006	0.0010	0.0001	0.0001	0.0001	0.0004	0.0009	0.0016	0.0001
106	117	0.0912	8	0	0	1	1	0	0	0	0	N	N	N	N	N	N	N	N	N	N	N	N	1011.7086	821.4164	93.7196	600.7546	714.0959	2128.6100	1.1282	0.8988	0.9990	3.7972	4.5819	0.0736	6.3741	8.2712	0.0925	0.0014	0.0014	0.0008	0.0038	0.0056	0.0008	0.0106	0.0116	0.0000	0.0012	0.0016	0.0008	0.0034	0.0866	-0.0094	-0.0001	3.8974	0.0285	1.6364	4.0215	0.0248	0.0248	0.0001	0.0248	0.0247	0.0001	0.0000	0.0000	0.0000	0.0001	0.0001	0.0000	0.0001	0.0001	0.0000	0.0000	0.0000	0.0000	0.0065	0.0054	0.0011	0.0039	0.0030	0.0009	0.0026	0.0024	0.0002	0.0350	0.0217	0.0133	0.0095	0.0087	0.0008	0.0256	0.0130	0.0125	1011.7086	821.4164	93.7196	600.7546	714.0959	2128.6100	1.1282	0.8988	0.9990	0.0038	0.0056	0.0008	0.0106	0.0116	0.0000	0.0012	0.0016	0.0008
106	118	0.0837	7	0	0	1	1	0	0	0	0	N	N	N	N	N	N	N	N	N	N	N	N	65.0904	74.4846	0.1088	511.5515	519.7078	0.0549	41.1602	40.8942	0.1081	0.5305	0.6116	0.0009	1.4629	1.5322	0.0001	0.4151	0.4846	0.0009	0.0081	0.0082	0.0081	0.0029	0.0029	0.0017	0.0101	0.0118	0.0084	0.0002	0.6337	-0.0173	-0.0001	3.8974	3.0275	1.6364	2.1573	0.0453	0.0453	0.0000	0.0138	0.0138	0.0000	0.0316	0.0316	0.0000	0.0004	0.0002	0.0001	0.0000	0.0000	0.0000	0.0003	0.0002	0.0001	0.0855	0.0741	0.0114	0.0094	0.0090	0.0004	0.0761	0.0651	0.0109	0.0473	0.0287	0.0186	0.0127	0.0117	0.0009	0.0346	0.0170	0.0176	65.0904	74.4846	0.1088	511.5515	519.7078	0.0549	41.1602	40.8942	0.1081	0.0081	0.0082	0.0081	0.0029	0.0029	0.0017	0.0101	0.0118	0.0084
106	119	0.1249	7	1	1	0	0	0	0	0	0	N	N	N	N	N	N	N	N	N	N	N	N	0.6128	0.3050	5.4746	0.8882	0.5588	256.5667	0.0408	0.3923	0.1425	0.0351	0.0241	0.1153	0.1519	0.1001	0.7654	0.0005	0.0000	0.0031	0.0573	0.0789	0.0211	0.1710	0.1791	0.0030	0.0111	0.0001	0.0217	0.6591	0.1596	0.0000	-0.0012	3.8974	2.1883	1.6364	3.1271	0.0028	0.0017	0.0011	0.0027	0.0017	0.0011	0.0000	0.0000	0.0000	0.0029	0.0025	0.0004	0.0025	0.0025	0.0000	0.0004	0.0000	0.0004	0.0788	0.0693	0.0095	0.0180	0.0166	0.0014	0.0608	0.0526	0.0081	0.0512	0.0321	0.0192	0.0148	0.0141	0.0007	0.0364	0.0180	0.0185	0.6128	0.3050	5.4746	0.8882	0.5588	256.5667	0.0408	0.3923	0.1425	0.0573	0.0789	0.0211	0.1710	0.1791	0.0030	0.0111	0.0001	0.0217
106	120	0.0580	6	1	1	0	0	0	0	0	0	N	N	N	N	N	N	N	N	N	N	N	N	67.2968	65.2413	0.7700	8.5356	7.6200	475.0866	64.5161	54.8791	0.3486	2.5186	2.8980	0.0208	0.1229	0.1144	0.3226	2.8288	3.3015	0.0096	0.0374	0.0444	0.0270	0.0144	0.0150	0.0007	0.0438	0.0602	0.0276	0.0011	0.4071	-0.3927	-0.0023	3.8974	13.6104	1.6364	16.0982	1.0333	1.0322	0.0011	0.0058	0.0052	0.0006	1.0276	1.0271	0.0005	0.0089	0.0063	0.0026	0.0007	0.0007	0.0000	0.0082	0.0056	0.0026	0.4103	0.3562	0.0541	0.0470	0.0451	0.0019	0.3633	0.3111	0.0522	0.2378	0.1424	0.0954	0.0519	0.0496	0.0022	0.1860	0.0928	0.0932	67.2968	65.2413	0.7700	8.5356	7.6200	475.0866	64.5161	54.8791	0.3486	0.0374	0.0444	0.0270	0.0144	0.0150	0.0007	0.0438	0.0602	0.0276
106	121	0.0832	8	0	1	0	0	0	0	0	0	N	N	N	N	N	N	N	N	N	N	N	N	0.4594	1.2135	0.1585	0.6200	0.6515	0.0963	0.4046	18.9544	0.1847	0.1379	0.1427	0.1063	0.1315	0.1389	0.0183	0.1430	0.1462	0.1292	0.3002	0.1176	0.6708	0.2120	0.2132	0.1898	0.3535	0.0077	0.6995	0.1132	2.8098	-0.0015	0.0050	3.8974	0.3548	1.6364	4.6068	0.0054	0.0049	0.0006	0.0023	0.0023	0.0000	0.0031	0.0026	0.0005	0.0258	0.0068	0.0190	0.0069	0.0066	0.0003	0.0189	0.0002	0.0187	0.0393	0.0341	0.0052	0.0174	0.0163	0.0011	0.0219	0.0178	0.0041	0.0859	0.0575	0.0283	0.0324	0.0308	0.0016	0.0535	0.0268	0.0268	0.4594	1.2135	0.1585	0.6200	0.6515	0.0963	0.4046	18.9544	0.1847	0.3002	0.1176	0.6708	0.2120	0.2132	0.1898	0.3535	0.0077	0.6995
106	122	0.0683	7	0	1	0	0	0	0	0	0	N	N	N	N	N	N	N	N	N	N	N	N	2.2028	2.1070	2.3922	1.6489	1.6361	2.2165	2.8574	7.8049	2.2373	0.1400	0.1396	0.1422	0.2507	0.2516	0.2350	0.1031	0.0979	0.1307	0.0635	0.0663	0.0595	0.1520	0.1538	0.1060	0.0361	0.0125	0.0584	0.1561	0.5990	-0.0025	-0.0007	3.8974	1.6911	1.6364	5.7022	0.0101	0.0088	0.0014	0.0045	0.0043	0.0003	0.0056	0.0045	0.0011	0.0044	0.0027	0.0016	0.0025	0.0024	0.0001	0.0019	0.0003	0.0016	0.0725	0.0629	0.0096	0.0181	0.0171	0.0011	0.0544	0.0458	0.0086	0.0686	0.0411	0.0274	0.0162	0.0156	0.0006	0.0523	0.0255	0.0268	2.2028	2.1070	2.3922	1.6489	1.6361	2.2165	2.8574	7.8049	2.2373	0.0635	0.0663	0.0595	0.1520	0.1538	0.1060	0.0361	0.0125	0.0584
106	123	0.0580	6	0	0	0	0	0	0	0	0	N	N	N	N	N	N	N	N	N	N	N	N	8.0776	6.5038	19.8091	7.1845	6.2771	33.2885	8.1397	20.0088	15.7579	0.0642	0.0505	0.1629	0.1360	0.1193	0.5750	0.0376	0.0216	0.1264	0.0079	0.0078	0.0082	0.0189	0.0190	0.0173	0.0046	0.0011	0.0080	0.4486	0.7098	-0.0005	-0.0001	3.8974	2.0929	1.6364	3.1856	0.0067	0.0046	0.0021	0.0038	0.0032	0.0006	0.0029	0.0014	0.0015	0.0004	0.0002	0.0002	0.0002	0.0002	0.0000	0.0002	0.0000	0.0002	0.1046	0.0918	0.0128	0.0282	0.0272	0.0010	0.0764	0.0647	0.0117	0.0492	0.0295	0.0197	0.0114	0.0110	0.0004	0.0378	0.0185	0.0193	8.0776	6.5038	19.8091	7.1845	6.2771	33.2885	8.1397	20.0088	15.7579	0.0079	0.0078	0.0082	0.0189	0.0190	0.0173	0.0046	0.0011	0.0080
106	124	0.0987	9	1	1	0	0	0	0	0	0	N	N	N	N	N	N	N	N	N	N	N	N	0.0000	0.0000	0.0000	0.0000	0.0000	0.0000	0.0000	0.0000	0.0000	0.0000	0.0000	0.0000	0.0000	0.0000	0.0000	0.0000	0.0000	0.0000	0.0000	0.0000	3.8974	0.0000	1.6364	0.0000	0.0000	0.0000	0.0000	0.0000	0.0000	0.0000	0.0000	0.0000	0.0000	0.0000	0.0000	0.0000	0.0000	0.0000	0.0000	0.0000	0.0000	0.0000	0.0000	0.0000	0.0000	0.0000	0.0000	0.0000	0.0000	0.0000	0.0000	0.0000	0.0000	0.0000	0.0000	0.0000	0.0000	0.0000	0.0000	0.0000	0.0000	0.0000	0.0000	0.0000	0.0000	0.0000	0.0000	0.0000	0.0000	0.0000	0.0000	0.0000	0.0000	0.0000	0.0000	0.0000	0.0000	0.0000											
106	125	0.0941	8	1	1	0	0	0	0	0	0	N	N	N	N	N	N	N	N	N	N	N	N	0.0081	0.0067	0.0000	0.0103	0.0099	0.0000	0.0005	0.0005	0.0000	0.0001	0.0001	0.0000	0.0001	0.0001	0.0000	0.0000	0.0000	0.0000	0.0062	0.0083	0.0028	0.0127	0.0136	0.0003	0.0036	0.0043	0.0029	0.0000	0.1995	-0.0000	-0.0000	3.8974	0.1434	1.6364	1.9839	0.0000	0.0000	0.0000	0.0000	0.0000	0.0000	0.0000	0.0000	0.0000	0.0001	0.0001	0.0000	0.0001	0.0001	0.0000	0.0000	0.0000	0.0000	0.0088	0.0079	0.0009	0.0033	0.0032	0.0001	0.0055	0.0047	0.0008	0.0196	0.0122	0.0074	0.0057	0.0053	0.0004	0.0138	0.0069	0.0070	0.0081	0.0067	0.0000	0.0103	0.0099	0.0000	0.0005	0.0005	0.0000	0.0062	0.0083	0.0028	0.0127	0.0136	0.0003	0.0036	0.0043	0.0029
106	126	0.0837	7	0	1	0	0	0	0	0	0	N	N	N	N	N	N	N	N	N	N	N	N	0.8085	0.6737	0.0000	2.3281	2.2642	0.0000	0.0890	0.6715	0.0000	0.0162	0.0187	0.0000	0.1437	0.1505	0.0000	0.0004	0.0005	0.0000	0.0201	0.0278	0.0081	0.0617	0.0665	0.0005	0.0047	0.0007	0.0085	0.0000	0.1889	-0.0003	-0.0003	3.8974	1.8882	1.6364	2.9115	0.0009	0.0009	0.0000	0.0008	0.0008	0.0000	0.0000	0.0000	0.0000	0.0009	0.0007	0.0001	0.0007	0.0007	0.0000	0.0002	0.0000	0.0001	0.0536	0.0465	0.0071	0.0059	0.0056	0.0003	0.0477	0.0408	0.0069	0.0441	0.0268	0.0173	0.0119	0.0110	0.0009	0.0322	0.0158	0.0165	0.8085	0.6737	0.0000	2.3281	2.2642	0.0000	0.0890	0.6715	0.0000	0.0201	0.0278	0.0081	0.0617	0.0665	0.0005	0.0047	0.0007	0.0085
106	127	0.0580	6	0	0	0	0	0	0	0	0	N	N	N	N	N	N	N	N	N	N	N	N	0.4962	0.3775	0.8183	1.0014	1.0018	0.3053	0.3608	0.2289	0.8537	0.0942	0.0973	0.0730	0.1902	0.1974	0.0066	0.0685	0.0670	0.0775	0.1899	0.2578	0.0892	0.1899	0.1970	0.0215	0.1899	0.2926	0.0908	0.1084	0.2331	-0.0039	-0.0074	3.8974	3.5543	1.6364	9.0319	0.0137	0.0124	0.0013	0.0058	0.0058	0.0000	0.0079	0.0065	0.0013	0.0209	0.0169	0.0039	0.0046	0.0046	0.0000	0.0162	0.0123	0.0039	0.1454	0.1270	0.0184	0.0307	0.0296	0.0012	0.1147	0.0975	0.0172	0.1100	0.0657	0.0442	0.0245	0.0235	0.0010	0.0855	0.0422	0.0433	0.4962	0.3775	0.8183	1.0014	1.0018	0.3053	0.3608	0.2297	0.8537	0.1899	0.2578	0.0892	0.1899	0.1970	0.0215	0.1899	0.2915	0.0908
106	128	0.0543	5	0	0	0	0	0	0	0	0	N	N	N	N	N	N	N	N	N	N	N	N	57.3962	48.4001	37.8542	137.7299	138.7325	101.6204	6.3402	2.7510	28.8995	0.3831	0.4373	0.1041	1.6315	1.6659	0.6592	0.0309	0.0194	0.0773	0.0067	0.0090	0.0028	0.0118	0.0120	0.0065	0.0049	0.0070	0.0027	0.0463	0.1831	-0.0149	-0.0001	3.8974	2.6246	1.6364	0.7212	0.0441	0.0422	0.0020	0.0413	0.0408	0.0006	0.0028	0.0014	0.0014	0.0002	0.0002	0.0000	0.0001	0.0001	0.0000	0.0001	0.0001	0.0000	0.1151	0.0964	0.0187	0.0253	0.0245	0.0009	0.0898	0.0719	0.0179	0.0357	0.0223	0.0134	0.0092	0.0090	0.0003	0.0265	0.0133	0.0132	57.3962	48.4001	37.8542	137.7299	138.7325	101.6204	6.3402	2.7510	28.8995	0.0067	0.0090	0.0028	0.0118	0.0120	0.0065	0.0049	0.0070	0.0027
106	129	0.0486	4	0	0	0	0	0	0	0	0	N	N	N	N	N	N	N	N	N	N	N	N	30.6262	23.4030	67.7491	85.6313	85.4254	86.1600	16.5819	4.9254	64.4326	0.1201	0.0937	0.2568	0.4880	0.4724	0.9542	0.0553	0.0147	0.2353	0.0039	0.0040	0.0038	0.0057	0.0055	0.0111	0.0033	0.0030	0.0037	0.5269	0.6311	-0.0006	-0.0000	3.8974	3.3474	1.6364	1.3769	0.0153	0.0100	0.0053	0.0093	0.0087	0.0006	0.0060	0.0013	0.0047	0.0002	0.0001	0.0001	0.0001	0.0001	0.0000	0.0001	0.0001	0.0001	0.1278	0.1071	0.0206	0.0191	0.0185	0.0006	0.1086	0.0887	0.0200	0.0505	0.0303	0.0202	0.0125	0.0121	0.0004	0.0380	0.0182	0.0198	30.6262	23.4030	67.7491	85.6313	85.4254	86.1600	16.5819	4.9254	64.4326	0.0039	0.0040	0.0038	0.0057	0.0055	0.0111	0.0033	0.0030	0.0037
106	130	0.0397	3	0	0	0	0	0	0	0	0	N	N	N	N	N	N	N	N	N	N	N	N	3.3120	10.4108	2.9862	8.1423	7.6190	18.3985	2.0802	36.7843	2.6591	0.2279	0.1792	0.4169	0.3459	0.3205	1.0329	0.1593	0.0656	0.3749	0.0688	0.0172	0.1396	0.0425	0.0421	0.0561	0.0766	0.0018	0.1410	0.5993	5.9099	-0.0001	0.0010	3.8974	0.4686	1.6364	4.0374	0.0101	0.0063	0.0038	0.0056	0.0050	0.0006	0.0044	0.0013	0.0032	0.0032	0.0005	0.0028	0.0005	0.0004	0.0000	0.0028	0.0000	0.0027	0.0441	0.0351	0.0090	0.0162	0.0156	0.0006	0.0279	0.0195	0.0085	0.0468	0.0271	0.0197	0.0107	0.0104	0.0003	0.0361	0.0167	0.0194	3.3120	10.4108	2.9862	8.1423	7.6190	18.3985	2.0802	36.7843	2.6591	0.0688	0.0172	0.1396	0.0425	0.0421	0.0561	0.0766	0.0018	0.1410
107	109	0.0904	7	1	1	0	1	0	0	0	0	N	N	N	N	N	N	N	N	N	N	N	N	0.0000	0.0000	0.0000	0.0000	0.0000	0.0000	0.0000	0.0000	0.0000	0.0000	0.0000	0.0000	0.0000	0.0000	0.0000	0.0000	0.0000	0.0000	0.0000	0.0000	0.3701	0.0000	9.6236	0.0000	0.0000	0.0000	0.0000	0.0000	0.0000	0.0000	0.0000	0.0000	0.0000	0.0000	0.0000	0.0000	0.0000	0.0000	0.0000	0.0000	0.0000	0.0000	0.0000	0.0000	0.0000	0.0000	0.0000	0.0000	0.0000	0.0000	0.0000	0.0000	0.0000	0.0000	0.0000	0.0000	0.0000	0.0000	0.0000	0.0000	0.0000	0.0000	0.0000	0.0000	0.0000	0.0000	0.0000	0.0000	0.0000	0.0000	0.0000	0.0000	0.0000	0.0000	0.0000	0.0000	0.0000	0.0000											
107	110	0.0755	6	1	1	0	1	0	0	0	0	N	N	N	N	N	N	N	N	N	N	N	N	0.0000	0.0000	0.0000	0.0000	0.0000	0.0000	0.0000	0.0000	0.0000	0.0000	0.0000	0.0000	0.0000	0.0000	0.0000	0.0000	0.0000	0.0000	0.2738	0.0614	0.5426	0.7393	0.1358	80.4459	0.1035	0.0000	0.1779	6.9822	0.0000	0.0114	0.3701	0.0000	9.6236	7.1240	0.0000	0.0000	0.0000	0.0000	0.0000	0.0000	0.0000	0.0000	0.0000	0.0343	0.0043	0.0300	0.0248	0.0043	0.0205	0.0095	0.0000	0.0095	0.0000	0.0000	0.0000	0.0000	0.0000	0.0000	0.0000	0.0000	0.0000	0.1252	0.0700	0.0553	0.0335	0.0316	0.0019	0.0917	0.0384	0.0533	0.0000	0.0000	0.0000	0.0000	0.0000	0.0000	0.0000	0.0000	0.0000	0.2738	0.0614	0.5426	0.7393	0.1358	10.6347	0.1035	0.0000	0.1779	
107	111	0.0844	8	0	1	0	1	0	0	0	0	N	N	N	N	N	N	N	N	N	N	N	N	0.0000	0.0000	0.0000	0.0000	0.0000	0.0000	0.0000	0.0000	0.0000	0.0000	0.0000	0.0000	0.0000	0.0000	0.0000	0.0000	0.0000	0.0000	0.0011	0.0000	0.0025	0.0001	0.0001	0.0001	0.0014	0.0000	0.0027	52.8613	0.0000	0.0000	0.3701	0.0016	9.6236	5.0076	0.0000	0.0000	0.0000	0.0000	0.0000	0.0000	0.0000	0.0000	0.0000	0.0001	0.0000	0.0001	0.0000	0.0000	0.0000	0.0001	0.0000	0.0001	0.0000	0.0000	0.0000	0.0000	0.0000	0.0000	0.0000	0.0000	0.0000	0.0684	0.0396	0.0288	0.0160	0.0138	0.0022	0.0524	0.0258	0.0266	0.0000	0.0000	0.0000	0.0000	0.0000	0.0000	0.0000	0.0000	0.0000	0.0011	0.0000	0.0025	0.0001	0.0001	0.0001	0.0014	0.0000	0.0027	
107	112	0.0776	7	0	1	0	1	0	0	0	0	N	N	N	N	N	N	N	N	N	N	N	N	0.0000	0.0000	0.0000	0.0000	0.0000	0.0000	0.0000	0.0000	0.0000	0.0000	0.0000	0.0000	0.0000	0.0000	0.0000	0.0000	0.0000	0.0000	0.1244	0.0045	0.2715	0.0076	0.0073	0.0137	0.1833	0.0006	0.2807	49.0690	0.0000	0.0040	0.3701	1.0012	9.6236	2.1373	0.0000	0.0000	0.0000	0.0000	0.0000	0.0000	0.0000	0.0000	0.0000	0.0092	0.0002	0.0091	0.0002	0.0002	0.0000	0.0091	0.0000	0.0090	0.0077	0.0070	0.0007	0.0028	0.0028	0.0000	0.0049	0.0043	0.0007	0.0743	0.0409	0.0334	0.0249	0.0238	0.0011	0.0494	0.0172	0.0322	0.0000	0.0000	0.0000	0.0000	0.0000	0.0000	0.0000	0.0000	0.0000	0.1244	0.0045	0.2715	0.0076	0.0073	0.0137	0.1833	0.0006	0.2807	
107	113	0.0859	7	0	1	0	0	0	0	0	0	N	N	N	N	N	N	N	N	N	N	N	N	0.0058	0.0064	0.0000	0.0000	0.0000	0.0000	0.0146	0.0512	0.0000	0.0001	0.0001	0.0000	0.0000	0.0000	0.0000	0.0001	0.0001	0.0000	0.0094	0.0093	0.0095	0.0209	0.0226	0.0043	0.0060	0.0020	0.0098	0.0000	0.7441	-0.0000	-0.0001	0.3701	0.9705	9.6236	5.0371	0.0000	0.0000	0.0000	0.0000	0.0000	0.0000	0.0000	0.0000	0.0000	0.0008	0.0004	0.0003	0.0004	0.0004	0.0000	0.0004	0.0001	0.0003	0.0079	0.0072	0.0007	0.0030	0.0030	0.0000	0.0050	0.0043	0.0007	0.0812	0.0469	0.0343	0.0184	0.0167	0.0017	0.0629	0.0302	0.0326	0.0058	0.0064	0.0000	0.0000	0.0000	0.0000	0.0146	0.0512	0.0000	0.0094	0.0093	0.0095	0.0209	0.0226	0.0043	0.0060	0.0020	0.0098
107	114	0.0776	7	0	0	1	1	0	0	0	0	N	N	N	N	N	N	N	N	N	N	N	N	0.0000	0.0000	0.0000	0.0000	0.0000	0.0000	0.0000	0.0000	0.0000	0.0000	0.0000	0.0000	0.0000	0.0000	0.0000	0.0000	0.0000	0.0000	0.1919	0.0039	0.4107	0.0060	0.0053	0.0370	0.3198	0.0000	0.4180	90.0047	0.0000	0.0041	0.3701	0.0000	9.6236	1.1303	0.0000	0.0000	0.0000	0.0000	0.0000	0.0000	0.0000	0.0000	0.0000	0.0092	0.0001	0.0091	0.0001	0.0001	0.0000	0.0090	0.0000	0.0090	0.0000	0.0000	0.0000	0.0000	0.0000	0.0000	0.0000	0.0000	0.0000	0.0478	0.0257	0.0221	0.0194	0.0190	0.0004	0.0283	0.0067	0.0217	0.0000	0.0000	0.0000	0.0000	0.0000	0.0000	0.0000	0.0000	0.0000	0.1919	0.0039	0.4107	0.0060	0.0053	0.0370	0.3198	0.0000	0.4180	
107	115	0.0755	6	0	0	0	1	0	0	0	0	N	N	N	N	N	N	N	N	N	N	N	N	0.0000	0.0000	0.0000	0.0000	0.0000	0.0000	0.0000	0.0000	0.0000	0.0000	0.0000	0.0000	0.0000	0.0000	0.0000	0.0000	0.0000	0.0000	0.3283	0.3088	0.3512	0.4093	0.4163	0.0378	0.2752	0.0312	0.3563	0.9708	0.0000	-0.0008	0.3701	0.0000	9.6236	1.2340	0.0000	0.0000	0.0000	0.0000	0.0000	0.0000	0.0000	0.0000	0.0000	0.0163	0.0082	0.0080	0.0080	0.0080	0.0000	0.0082	0.0002	0.0080	0.0000	0.0000	0.0000	0.0000	0.0000	0.0000	0.0000	0.0000	0.0000	0.0495	0.0267	0.0228	0.0196	0.0193	0.0004	0.0299	0.0075	0.0224	0.0000	0.0000	0.0000	0.0000	0.0000	0.0000	0.0000	0.0000	0.0000	0.3283	0.3088	0.3512	0.4093	0.4163	0.0378	0.2752	0.0312	0.3563	
107	116	0.0830	7	0	0	1	1	0	0	0	0	N	N	N	N	N	N	N	N	N	N	N	N	3010.1533	75213.9777	44.1548	442.5008	449.2732	1.2719	10125.7100	11008385.2809	70.0272	3.0195	3.1899	0.1064	0.0531	0.0547	0.0001	12.7481	14.8174	0.1779	0.0010	0.0000	0.0024	0.0001	0.0001	0.0001	0.0013	0.0000	0.0025	0.0020	38.8085	-0.0132	0.0000	0.3701	0.9725	9.6236	0.9874	0.0349	0.0349	0.0001	0.0005	0.0005	0.0000	0.0345	0.0344	0.0001	0.0000	0.0000	0.0000	0.0000	0.0000	0.0000	0.0000	0.0000	0.0000	0.0116	0.0109	0.0006	0.0089	0.0086	0.0003	0.0027	0.0023	0.0004	0.0278	0.0165	0.0113	0.0062	0.0056	0.0006	0.0216	0.0109	0.0107	3010.1533	75213.9777	44.1548	442.5008	449.2732	1.2719	10125.7100	11008385.2809	70.0272	0.0010	0.0000	0.0024	0.0001	0.0001	0.0001	0.0013	0.0000	0.0025
107	117	0.0830	7	0	0	1	1	0	0	0	0	N	N	N	N	N	N	N	N	N	N	N	N	551.7522	474.8708	116.4764	1199.3914	1176.0429	6875.9458	52.2475	41.3412	6.4779	1.4752	1.6196	0.1896	2.0766	2.2670	0.2842	0.1532	0.1711	0.0111	0.0027	0.0034	0.0016	0.0017	0.0019	0.0000	0.0029	0.0041	0.0017	0.0132	0.3364	-0.0004	-0.0000	0.3701	0.0285	9.6236	4.0215	0.0010	0.0010	0.0000	0.0010	0.0010	0.0000	0.0000	0.0000	0.0000	0.0001	0.0001	0.0000	0.0000	0.0000	0.0000	0.0001	0.0001	0.0000	0.0007	0.0006	0.0001	0.0005	0.0004	0.0000	0.0002	0.0002	0.0000	0.0552	0.0324	0.0228	0.0119	0.0107	0.0012	0.0433	0.0217	0.0216	551.7522	474.8708	116.4764	1199.3914	1176.0429	6875.9458	52.2475	41.3412	6.4779	0.0027	0.0034	0.0016	0.0017	0.0019	0.0000	0.0029	0.0041	0.0017
107	118	0.0755	6	0	0	1	1	0	0	0	0	N	N	N	N	N	N	N	N	N	N	N	N	96.9067	3819.3328	0.0055	152.6162	162.2581	0.0000	105.9441	268819.7088	0.0054	8.9044	9.7889	0.0011	0.8277	0.8329	0.0000	13.4464	15.5929	0.0011	0.0919	0.0026	0.2035	0.0054	0.0051	0.0111	0.1269	0.0001	0.2099	0.0000	63.5316	-0.0781	0.0041	0.3701	3.0275	9.6236	2.1573	0.2049	0.2049	0.0000	0.0069	0.0069	0.0000	0.1981	0.1981	0.0000	0.0093	0.0001	0.0091	0.0002	0.0001	0.0000	0.0091	0.0000	0.0091	0.0230	0.0209	0.0021	0.0083	0.0082	0.0001	0.0147	0.0127	0.0020	0.1007	0.0560	0.0448	0.0290	0.0276	0.0014	0.0717	0.0283	0.0433	96.9067	3819.3328	0.0055	152.6162	162.2581	0.0000	105.9441	268819.7088	0.0054	0.0919	0.0026	0.2035	0.0054	0.0051	0.0111	0.1269	0.0001	0.2099
107	119	0.1167	6	1	1	0	0	0	0	0	0	N	N	N	N	N	N	N	N	N	N	N	N	7.9184	6.2858	13.9167	70.1963	4.0804	34.4446	0.8654	2.5316	4.5845	0.3289	0.0127	1.3700	0.4539	0.0197	1.5086	0.0461	0.0002	0.4579	0.0415	0.0020	0.0984	0.0065	0.0048	0.0438	0.0533	0.0001	0.0999	32.7472	33.8155	0.0202	0.0015	0.3701	2.1883	9.6236	3.1271	0.0344	0.0010	0.0333	0.0329	0.0010	0.0319	0.0015	0.0000	0.0015	0.0036	0.0001	0.0035	0.0001	0.0001	0.0000	0.0034	0.0000	0.0034	0.1044	0.0801	0.0243	0.0724	0.0513	0.0211	0.0320	0.0288	0.0032	0.0859	0.0507	0.0352	0.0216	0.0207	0.0009	0.0644	0.0301	0.0343	7.9184	6.2858	13.9167	70.1963	4.0804	34.4446	0.8654	2.5316	4.5845	0.0415	0.0020	0.0984	0.0065	0.0048	0.0438	0.0533	0.0001	0.0999
107	120	0.0498	5	1	1	0	0	0	0	0	0	N	N	N	N	N	N	N	N	N	N	N	N	3.1575	17.9488	1.1672	13.0145	12.6794	185.2240	2.6421	22.2407	1.1537	0.8815	0.9719	0.6556	0.9294	0.9306	0.7323	0.8472	1.0292	0.6549	0.2792	0.0541	0.5616	0.0714	0.0734	0.0040	0.3206	0.0463	0.5677	0.2701	8.2622	-0.0267	0.0384	0.3701	13.6104	9.6236	16.0982	0.1583	0.1246	0.0337	0.0696	0.0693	0.0003	0.0887	0.0554	0.0333	0.1100	0.0119	0.0982	0.0047	0.0047	0.0000	0.1054	0.0072	0.0982	0.1795	0.1282	0.0513	0.0748	0.0744	0.0004	0.1047	0.0538	0.0509	0.3942	0.2194	0.1748	0.0656	0.0637	0.0019	0.3286	0.1557	0.1729	3.1575	17.9488	1.1672	13.0145	12.6794	185.2240	2.6421	22.2407	1.1537	0.2792	0.0541	0.5616	0.0714	0.0734	0.0040	0.3206	0.0463	0.5677
107	121	0.0750	7	0	1	0	0	0	0	0	0	N	N	N	N	N	N	N	N	N	N	N	N	0.1249	21.7064	0.0012	14.1938	18.5116	0.0280	0.0039	9.9779	0.0012	0.4563	0.8554	0.0112	0.8706	0.8927	0.0255	0.0235	0.2224	0.0108	3.6532	0.0394	9.0202	0.0613	0.0482	0.9130	6.0759	0.0223	9.1956	0.0117	154.1183	-0.0246	0.3665	0.3701	0.3548	9.6236	4.6068	0.0667	0.0659	0.0008	0.0650	0.0650	0.0000	0.0017	0.0010	0.0007	0.8135	0.0052	0.8082	0.0055	0.0042	0.0013	0.8080	0.0010	0.8070	0.1461	0.0770	0.0691	0.0747	0.0728	0.0019	0.0715	0.0043	0.0672	0.2227	0.1331	0.0896	0.0897	0.0878	0.0018	0.1330	0.0452	0.0878	0.1249	21.7064	0.0012	14.1938	18.5116	0.0373	0.0039	9.9779	0.0012	3.6532	0.0394	9.0202	0.0613	0.0482	0.6849	6.0759	0.0223	9.1956
107	122	0.0601	6	0	1	0	0	0	0	0	0	N	N	N	N	N	N	N	N	N	N	N	N	1.3707	11.9899	0.1716	6.2577	6.8359	0.2609	0.2949	4.3016	0.1703	1.0842	1.7393	0.2747	1.9398	1.9488	0.5385	0.2716	0.2635	0.2729	0.7910	0.1451	1.6010	0.3100	0.2851	2.0643	0.9210	0.0613	1.6021	0.1278	8.8014	-0.0333	0.0346	0.3701	1.6911	9.6236	5.7022	0.1245	0.1104	0.0141	0.1085	0.1083	0.0002	0.0160	0.0021	0.0139	0.0973	0.0099	0.0874	0.0081	0.0073	0.0008	0.0892	0.0026	0.0866	0.1149	0.0635	0.0514	0.0559	0.0556	0.0004	0.0589	0.0079	0.0510	0.1230	0.0684	0.0546	0.0262	0.0256	0.0005	0.0969	0.0428	0.0540	1.3707	11.9899	0.1716	6.2577	6.8359	0.3618	0.2949	4.3016	0.1703	0.7910	0.1451	1.6010	0.3100	0.2851	1.4885	0.9210	0.0613	1.6021
107	123	0.0498	5	0	0	0	0	0	0	0	0	N	N	N	N	N	N	N	N	N	N	N	N	5.4974	12.3356	3.5373	5.2559	5.1814	16.8014	5.3603	41.7106	3.5001	0.5595	0.5058	0.6299	0.5895	0.5869	1.0215	0.5316	0.0595	0.6272	0.1018	0.0410	0.1781	0.1122	0.1133	0.0608	0.0992	0.0014	0.1792	0.9507	3.4595	0.0071	0.0020	0.3701	2.0929	9.6236	3.1856	0.0671	0.0344	0.0327	0.0341	0.0338	0.0004	0.0330	0.0006	0.0324	0.0088	0.0020	0.0068	0.0020	0.0019	0.0000	0.0068	0.0000	0.0068	0.1200	0.0680	0.0519	0.0579	0.0576	0.0003	0.0620	0.0105	0.0516	0.0865	0.0481	0.0383	0.0174	0.0170	0.0004	0.0691	0.0311	0.0380	5.4974	12.3356	3.5373	5.2559	5.1814	16.8014	5.3603	41.7106	3.5001	0.1018	0.0410	0.1781	0.1122	0.1133	0.0608	0.0992	0.0014	0.1792
107	124	0.0905	8	1	1	0	0	0	0	0	0	N	N	N	N	N	N	N	N	N	N	N	N	0.0000	0.0000	0.0000	0.0000	0.0000	0.0000	0.0000	0.0000	0.0000	0.0000	0.0000	0.0000	0.0000	0.0000	0.0000	0.0000	0.0000	0.0000	0.0000	0.0000	0.3701	0.0000	9.6236	0.0000	0.0000	0.0000	0.0000	0.0000	0.0000	0.0000	0.0000	0.0000	0.0000	0.0000	0.0000	0.0000	0.0000	0.0000	0.0000	0.0000	0.0000	0.0000	0.0000	0.0000	0.0000	0.0000	0.0000	0.0000	0.0000	0.0000	0.0000	0.0000	0.0000	0.0000	0.0000	0.0000	0.0000	0.0000	0.0000	0.0000	0.0000	0.0000	0.0000	0.0000	0.0000	0.0000	0.0000	0.0000	0.0000	0.0000	0.0000	0.0000	0.0000	0.0000	0.0000	0.0000	0.0000	0.0000											
107	125	0.0859	7	1	1	0	0	0	0	0	0	N	N	N	N	N	N	N	N	N	N	N	N	0.0016	0.0010	0.0000	0.0000	0.0000	0.0000	0.1657	0.6521	0.0000	0.0003	0.0003	0.0000	0.0000	0.0000	0.0000	0.0005	0.0006	0.0000	0.1783	0.3006	0.0046	0.6889	0.7434	0.0002	0.0030	0.0009	0.0048	0.0000	0.0107	-0.0000	-0.0031	0.3701	0.1434	9.6236	1.9839	0.0000	0.0000	0.0000	0.0000	0.0000	0.0000	0.0000	0.0000	0.0000	0.0058	0.0058	0.0001	0.0058	0.0058	0.0000	0.0001	0.0000	0.0001	0.0016	0.0014	0.0001	0.0007	0.0007	0.0000	0.0009	0.0008	0.0001	0.0327	0.0192	0.0135	0.0084	0.0077	0.0006	0.0243	0.0114	0.0129	0.0016	0.0010	0.0000	0.0000	0.0000	0.0000	0.1657	0.6521	0.0000	0.1783	0.3006	0.0046	0.6889	0.7434	0.0002	0.0030	0.0009	0.0048
107	126	0.0755	6	0	1	0	0	0	0	0	0	N	N	N	N	N	N	N	N	N	N	N	N	0.0920	0.0568	0.0000	0.0000	0.0000	0.0000	8.5596	276.9952	0.0000	0.0587	0.0645	0.0000	0.0000	0.0000	0.0000	0.0917	0.1064	0.0000	0.6375	1.1356	0.0168	2.1445	2.2502	0.0002	0.0107	0.0004	0.0173	0.0000	0.0119	-0.0003	-0.0324	0.3701	1.8882	9.6236	2.9115	0.0008	0.0008	0.0000	0.0000	0.0000	0.0000	0.0008	0.0008	0.0000	0.0611	0.0604	0.0007	0.0603	0.0603	0.0000	0.0007	0.0000	0.0007	0.0145	0.0132	0.0013	0.0052	0.0052	0.0000	0.0093	0.0080	0.0013	0.0958	0.0531	0.0427	0.0281	0.0268	0.0013	0.0677	0.0263	0.0413	0.0920	0.0568	0.0000	0.0000	0.0000	0.0000	8.5596	276.9952	0.0000	0.6375	1.1356	0.0168	2.1445	2.2502	0.0002	0.0107	0.0004	0.0173
107	127	0.0498	5	0	0	0	0	0	0	0	0	N	N	N	N	N	N	N	N	N	N	N	N	3.1066	9.4521	0.0645	4.4371	4.3700	1.4075	0.1682	2.6108	0.0627	1.4279	2.3683	0.0465	2.9564	2.9730	0.1857	0.0698	0.1464	0.0456	0.4596	0.2506	0.7211	0.6663	0.6803	0.1320	0.4150	0.0561	0.7272	0.0134	2.3011	-0.0672	0.0131	0.3701	3.5543	9.6236	9.0319	0.1827	0.1803	0.0024	0.1780	0.1780	0.0001	0.0047	0.0024	0.0023	0.0852	0.0258	0.0594	0.0219	0.0218	0.0001	0.0633	0.0040	0.0593	0.1280	0.0761	0.0518	0.0602	0.0599	0.0004	0.0678	0.0163	0.0515	0.1854	0.1030	0.0824	0.0329	0.0321	0.0008	0.1524	0.0709	0.0815	3.1066	9.4521	0.0645	4.4371	4.3700	1.4075	0.1682	2.6108	0.0627	0.4596	0.2506	0.7211	0.6663	0.6803	0.1320	0.4150	0.0561	0.7272
107	128	0.0461	4	0	0	0	0	0	0	0	0	N	N	N	N	N	N	N	N	N	N	N	N	19.5993	21.7324	17.5640	10.4444	10.3450	28.3326	26.7713	247.2059	17.5126	1.0851	0.9668	1.2431	1.1482	1.1492	1.0004	1.0274	0.0732	1.2450	0.0554	0.0445	0.0708	0.1099	0.1111	0.0353	0.0384	0.0003	0.0711	0.9630	1.1231	0.0150	-0.0000	0.3701	2.6246	9.6236	0.7212	0.1370	0.0698	0.0672	0.0693	0.0689	0.0004	0.0677	0.0009	0.0668	0.0035	0.0017	0.0019	0.0017	0.0017	0.0000	0.0019	0.0000	0.0019	0.1262	0.0722	0.0541	0.0604	0.0599	0.0004	0.0659	0.0122	0.0537	0.0641	0.0376	0.0265	0.0152	0.0150	0.0002	0.0489	0.0226	0.0263	19.5993	21.7324	17.5640	10.4444	10.3450	28.3326	26.7713	247.2059	17.5126	0.0554	0.0445	0.0708	0.1099	0.1111	0.0353	0.0384	0.0003	0.0711
107	129	0.0404	3	0	0	0	0	0	0	0	0	N	N	N	N	N	N	N	N	N	N	N	N	14.9332	12.6084	18.1158	6.4715	6.3450	22.7106	23.8422	14.4217	18.0038	0.5915	0.4883	0.7380	0.6073	0.6007	1.0368	0.5772	0.0521	0.7327	0.0396	0.0387	0.0407	0.0938	0.0947	0.0457	0.0242	0.0036	0.0407	1.0634	0.8140	0.0104	-0.0003	0.3701	3.3474	9.6236	1.3769	0.0773	0.0374	0.0398	0.0376	0.0366	0.0010	0.0397	0.0008	0.0388	0.0035	0.0019	0.0016	0.0018	0.0018	0.0000	0.0017	0.0001	0.0016	0.1306	0.0767	0.0539	0.0619	0.0610	0.0009	0.0687	0.0157	0.0530	0.0889	0.0501	0.0388	0.0197	0.0193	0.0003	0.0692	0.0308	0.0384	14.9332	12.6084	18.1158	6.4715	6.3450	22.7106	23.8422	14.4217	18.0038	0.0396	0.0387	0.0407	0.0938	0.0947	0.0457	0.0242	0.0036	0.0407
107	130	0.0315	2	0	0	0	0	0	0	0	0	N	N	N	N	N	N	N	N	N	N	N	N	3.3787	1.9138	18.0077	1.0388	1.0275	7.3145	26.9655	1045.1560	18.1561	0.6448	0.6263	0.6651	0.6516	0.6484	1.0152	0.6381	0.2375	0.6619	0.1908	0.3272	0.0369	0.6272	0.6311	0.1388	0.0237	0.0002	0.0365	0.9693	0.1000	0.0082	-0.0095	0.3701	0.4686	9.6236	4.0374	0.0739	0.0375	0.0364	0.0372	0.0368	0.0005	0.0366	0.0008	0.0359	0.0210	0.0191	0.0019	0.0191	0.0191	0.0000	0.0019	0.0000	0.0019	0.1146	0.0599	0.0547	0.0572	0.0567	0.0005	0.0574	0.0032	0.0542	0.1102	0.0584	0.0518	0.0305	0.0303	0.0002	0.0797	0.0281	0.0515	3.3787	1.9138	18.0077	1.0388	1.0275	7.3145	26.9655	1045.1560	18.1561	0.1908	0.3272	0.0369	0.6272	0.6311	0.1388	0.0237	0.0002	0.0365
108	109	0.0694	6	1	1	0	1	0	0	0	0	N	N	N	N	N	N	N	N	N	N	N	N	0.0000	0.0000	0.0000	0.0000	0.0000	0.0000	0.0000	0.0000	0.0000	0.0000	0.0000	0.0000	0.0000	0.0000	0.0000	0.0000	0.0000	0.0000	0.0000	0.0000	0.4415	0.0000	4.8853	0.0000	0.0000	0.0000	0.0000	0.0000	0.0000	0.0000	0.0000	0.0000	0.0000	0.0000	0.0000	0.0000	0.0000	0.0000	0.0000	0.0000	0.0000	0.0000	0.0000	0.0000	0.0000	0.0000	0.0000	0.0000	0.0000	0.0000	0.0000	0.0000	0.0000	0.0000	0.0000	0.0000	0.0000	0.0000	0.0000	0.0000	0.0000	0.0000	0.0000	0.0000	0.0000	0.0000	0.0000	0.0000	0.0000	0.0000	0.0000	0.0000	0.0000	0.0000	0.0000	0.0000	0.0000	0.0000											
108	110	0.0544	5	1	1	0	1	0	0	0	0	N	N	N	N	N	N	N	N	N	N	N	N	0.0000	0.0000	0.0000	0.0000	0.0000	0.0000	0.0000	0.0000	0.0000	0.0000	0.0000	0.0000	0.0000	0.0000	0.0000	0.0000	0.0000	0.0000	1.2832	0.4037	2.2399	0.9199	0.6343	108.7275	1.4703	0.0009	2.0630	5.1004	0.0000	0.0397	0.4415	0.0000	4.8853	7.1240	0.0000	0.0000	0.0000	0.0000	0.0000	0.0000	0.0000	0.0000	0.0000	0.1356	0.0222	0.1134	0.0330	0.0222	0.0108	0.1026	0.0000	0.1025	0.0000	0.0000	0.0000	0.0000	0.0000	0.0000	0.0000	0.0000	0.0000	0.1057	0.0551	0.0506	0.0359	0.0350	0.0009	0.0697	0.0200	0.0497	0.0000	0.0000	0.0000	0.0000	0.0000	0.0000	0.0000	0.0000	0.0000	1.2832	0.4037	2.2399	0.9199	0.6343	11.8944	1.4703	0.0009	2.0630	
108	111	0.0634	7	0	1	0	1	0	0	0	0	N	N	N	N	N	N	N	N	N	N	N	N	0.0000	0.0000	0.0000	0.0000	0.0000	0.0000	0.0000	0.0000	0.0000	0.0000	0.0000	0.0000	0.0000	0.0000	0.0000	0.0000	0.0000	0.0000	0.0240	0.0006	0.0529	0.0018	0.0022	0.0000	0.0293	0.0000	0.0569	65.9221	0.0000	0.0004	0.4415	0.0016	4.8853	5.0076	0.0000	0.0000	0.0000	0.0000	0.0000	0.0000	0.0000	0.0000	0.0000	0.0008	0.0000	0.0008	0.0000	0.0000	0.0000	0.0008	0.0000	0.0008	0.0000	0.0000	0.0000	0.0000	0.0000	0.0000	0.0000	0.0000	0.0000	0.0348	0.0193	0.0155	0.0067	0.0057	0.0011	0.0280	0.0136	0.0144	0.0000	0.0000	0.0000	0.0000	0.0000	0.0000	0.0000	0.0000	0.0000	0.0240	0.0006	0.0529	0.0018	0.0022	0.0000	0.0293	0.0000	0.0569	
108	112	0.0566	6	0	1	0	1	0	0	0	0	N	N	N	N	N	N	N	N	N	N	N	N	0.0000	0.0000	0.0000	0.0000	0.0000	0.0000	0.0000	0.0000	0.0000	0.0000	0.0000	0.0000	0.0000	0.0000	0.0000	0.0000	0.0000	0.0000	1.2789	0.0523	2.5779	0.0645	0.0656	0.0004	2.1303	0.0026	2.6146	46.5700	0.0000	0.0453	0.4415	1.0012	4.8853	2.1373	0.0000	0.0000	0.0000	0.0000	0.0000	0.0000	0.0000	0.0000	0.0000	0.1039	0.0022	0.1018	0.0022	0.0022	0.0000	0.1018	0.0000	0.1018	0.0082	0.0075	0.0008	0.0028	0.0028	0.0000	0.0054	0.0047	0.0007	0.0813	0.0418	0.0395	0.0335	0.0329	0.0006	0.0478	0.0089	0.0389	0.0000	0.0000	0.0000	0.0000	0.0000	0.0000	0.0000	0.0000	0.0000	1.2789	0.0523	2.5779	0.0645	0.0656	0.0004	2.1303	0.0026	2.6146	
108	113	0.0649	6	0	1	0	0	0	0	0	0	N	N	N	N	N	N	N	N	N	N	N	N	0.0000	0.0000	0.0000	0.0000	0.0000	0.0000	0.0000	0.0000	0.0000	0.0000	0.0000	0.0000	0.0000	0.0000	0.0000	0.0000	0.0000	0.0000	0.0924	0.1671	0.0047	0.4836	0.5377	0.0000	0.0030	0.0006	0.0049	0.0240	0.0000	-0.0020	0.4415	0.9705	4.8853	5.0371	0.0000	0.0000	0.0000	0.0000	0.0000	0.0000	0.0000	0.0000	0.0000	0.0039	0.0038	0.0001	0.0038	0.0038	0.0000	0.0001	0.0000	0.0001	0.0085	0.0077	0.0008	0.0031	0.0031	0.0000	0.0054	0.0047	0.0007	0.0423	0.0228	0.0195	0.0079	0.0071	0.0008	0.0344	0.0158	0.0187	0.0000	0.0000	0.0000	0.0000	0.0000	0.0000	0.0000	0.0000	0.0000	0.0924	0.1671	0.0047	0.4836	0.5377	0.0000	0.0030	0.0006	0.0049	
108	114	0.0566	6	0	0	1	1	0	0	0	0	N	N	N	N	N	N	N	N	N	N	N	N	0.0000	0.0000	0.0000	0.0000	0.0000	0.0000	0.0000	0.0000	0.0000	0.0000	0.0000	0.0000	0.0000	0.0000	0.0000	0.0000	0.0000	1.5054	0.0420	3.0150	0.0457	0.0460	0.0000	2.7602	0.0040	3.0331	69.6567	0.0000	0.0458	0.4415	0.0000	4.8853	1.1303	0.0000	0.0000	0.0000	0.0000	0.0000	0.0000	0.0000	0.0000	0.0000	0.1033	0.0015	0.1019	0.0014	0.0014	0.0000	0.1019	0.0000	0.1019	0.0000	0.0000	0.0000	0.0000	0.0000	0.0000	0.0000	0.0000	0.0000	0.0686	0.0348	0.0338	0.0317	0.0315	0.0002	0.0369	0.0033	0.0336	0.0000	0.0000	0.0000	0.0000	0.0000	0.0000	0.0000	0.0000	0.0000	1.5054	0.0420	3.0150	0.0457	0.0460	0.0000	2.7602	0.0040	3.0331		
108	115	0.0544	5	0	0	0	1	0	0	0	0	N	N	N	N	N	N	N	N	N	N	N	N	0.0000	0.0000	0.0000	0.0000	0.0000	0.0000	0.0000	0.0000	0.0000	0.0000	0.0000	0.0000	0.0000	0.0000	0.0000	0.0000	0.0000	0.0000	2.5858	2.5376	2.6357	2.8215	2.8364	0.0002	2.3874	0.0158	2.6486	1.0040	0.0000	-0.0076	0.4415	0.0000	4.8853	1.2340	0.0000	0.0000	0.0000	0.0000	0.0000	0.0000	0.0000	0.0000	0.0000	0.1801	0.0899	0.0902	0.0898	0.0898	0.0000	0.0903	0.0001	0.0902	0.0000	0.0000	0.0000	0.0000	0.0000	0.0000	0.0000	0.0000	0.0000	0.0697	0.0354	0.0342	0.0318	0.0317	0.0002	0.0378	0.0038	0.0341	0.0000	0.0000	0.0000	0.0000	0.0000	0.0000	0.0000	0.0000	0.0000	2.5858	2.5376	2.6357	2.8215	2.8364	0.0002	2.3874	0.0158	2.6486	
108	116	0.0619	6	0	0	1	1	0	0	0	0	N	N	N	N	N	N	N	N	N	N	N	N	1.9304	15.5426	0.2847	0.3343	0.3054	0.0000	6.1336	24869.3834	0.4235	0.0449	0.0467	0.0143	0.0031	0.0032	0.0000	0.1621	0.1844	0.0223	0.0232	0.0030	0.0501	0.0092	0.0104	0.0000	0.0264	0.0000	0.0526	0.0183	12.5632	-0.0002	0.0001	0.4415	0.9725	4.8853	0.9874	0.0005	0.0005	0.0000	0.0000	0.0000	0.0000	0.0005	0.0005	0.0000	0.0003	0.0000	0.0003	0.0000	0.0000	0.0000	0.0003	0.0000	0.0003	0.0120	0.0114	0.0007	0.0089	0.0086	0.0002	0.0032	0.0027	0.0004	0.0142	0.0081	0.0061	0.0026	0.0023	0.0003	0.0115	0.0057	0.0058	1.9304	15.5426	0.2847	0.3343	0.3054	0.0000	6.1336	24869.3834	0.4235	0.0232	0.0030	0.0501	0.0092	0.0104	0.0000	0.0264	0.0000	0.0526
108	117	0.0619	6	0	0	1	1	0	0	0	0	N	N	N	N	N	N	N	N	N	N	N	N	8.1747	113.0088	0.0000	91.8117	86.6449	0.0000	7.9264	144.6023	0.0000	0.0967	0.1059	0.0000	0.0889	0.0958	0.0000	0.1117	0.1266	0.0000	0.0118	0.0009	0.0258	0.0010	0.0011	0.0000	0.0141	0.0009	0.0271	0.0000	21.4645	-0.0000	0.0001	0.4415	0.0285	4.8853	4.0215	0.0001	0.0001	0.0000	0.0000	0.0000	0.0000	0.0000	0.0000	0.0000	0.0003	0.0000	0.0003	0.0000	0.0000	0.0000	0.0003	0.0000	0.0003	0.0007	0.0006	0.0001	0.0005	0.0004	0.0000	0.0002	0.0002	0.0000	0.0279	0.0157	0.0122	0.0048	0.0042	0.0006	0.0231	0.0115	0.0116	8.1747	113.0088	0.0000	91.8117	86.6449	0.0000	7.9264	144.6023	0.0000	0.0118	0.0009	0.0258	0.0010	0.0011	0.0000	0.0141	0.0009	0.0271
108	118	0.0544	5	0	0	1	1	0	0	0	0	N	N	N	N	N	N	N	N	N	N	N	N	11.7571	399.6843	0.0001	384.4454	379.5972	0.0000	5.6886	8931.2898	0.0001	13.0088	14.3186	0.0001	19.1738	19.3060	0.0000	9.7953	11.3317	0.0001	1.1065	0.0358	2.2570	0.0499	0.0509	0.0001	1.7219	0.0013	2.2909	0.0000	58.6261	-0.1216	0.0458	0.4415	3.0275	4.8853	2.1573	0.3190	0.3190	0.0000	0.1611	0.1611	0.0000	0.1579	0.1579	0.0000	0.1040	0.0017	0.1023	0.0017	0.0017	0.0000	0.1023	0.0000	0.1023	0.0245	0.0223	0.0022	0.0084	0.0083	0.0001	0.0161	0.0139	0.0022	0.0940	0.0487	0.0453	0.0346	0.0339	0.0007	0.0594	0.0148	0.0446	11.7571	399.6843	0.0001	384.4454	379.5972	0.0000	5.6886	8931.2898	0.0001	1.1065	0.0358	2.2570	0.0499	0.0509	0.0001	1.7219	0.0013	2.2909
108	119	0.0957	5	1	1	0	0	0	0	0	0	N	N	N	N	N	N	N	N	N	N	N	N	11.1260	8.9009	19.2325	6.5313	4.5134	976.6909	1.1936	1.8200	6.1442	0.5092	0.3326	1.0973	0.7229	0.5228	1.2131	0.0361	0.0001	0.3577	0.0458	0.0374	0.0571	0.1107	0.1158	0.0012	0.0302	0.0001	0.0582	0.9908	1.1363	0.0063	-0.0000	0.4415	2.1883	4.8853	3.1271	0.0538	0.0270	0.0268	0.0526	0.0270	0.0256	0.0012	0.0000	0.0012	0.0019	0.0009	0.0010	0.0009	0.0009	0.0000	0.0010	0.0000	0.0010	0.1056	0.0812	0.0244	0.0727	0.0516	0.0211	0.0329	0.0296	0.0033	0.0406	0.0233	0.0173	0.0078	0.0075	0.0004	0.0327	0.0158	0.0170	11.1260	8.9009	19.2325	6.5313	4.5134	976.6909	1.1936	1.8200	6.1442	0.0458	0.0374	0.0571	0.1107	0.1158	0.0012	0.0302	0.0001	0.0582
108	120	0.0287	4	1	1	0	0	0	0	0	0	N	N	N	N	N	N	N	N	N	N	N	N	0.2291	4.4156	0.0550	0.9521	0.9360	63.4416	0.1941	35.7719	0.0547	1.0857	1.3018	0.5272	1.2096	1.2135	0.5402	1.0015	1.4132	0.5271	4.7388	0.2948	9.5854	1.2705	1.2965	0.0085	5.1593	0.0395	9.6293	0.1567	29.8122	-0.0501	0.3956	0.4415	13.6104	4.8853	16.0982	0.2038	0.1762	0.0276	0.0919	0.0917	0.0002	0.1119	0.0846	0.0274	0.9317	0.0302	0.9015	0.0270	0.0270	0.0000	0.9047	0.0032	0.9015	0.1878	0.1354	0.0524	0.0760	0.0755	0.0004	0.1118	0.0598	0.0519	0.1966	0.1026	0.0940	0.0213	0.0208	0.0004	0.1754	0.0817	0.0936	0.2291	4.4156	0.0550	0.9521	0.9360	63.4416	0.1941	35.7719	0.0547	4.7388	0.2948	9.5854	1.2705	1.2965	0.0085	5.1593	0.0395	9.6293
108	121	0.0540	6	0	1	0	0	0	0	0	0	N	N	N	N	N	N	N	N	N	N	N	N	0.1057	18.4613	0.0321	2.6038	14.6477	0.0088	0.0707	3.7505	0.0355	0.7138	0.6784	0.7536	0.7200	0.7157	0.8848	0.7074	0.0884	0.7499	6.7552	0.0367	23.4619	0.2765	0.0489	99.9792	10.0045	0.0236	21.1527	0.9893	291.9311	0.0121	0.2330	0.4415	0.3548	4.8853	4.6068	0.1043	0.0524	0.0519	0.0537	0.0520	0.0017	0.0506	0.0004	0.0502	0.5136	0.0018	0.5119	0.0070	0.0012	0.0058	0.5066	0.0005	0.5060	0.1462	0.0773	0.0688	0.0746	0.0727	0.0019	0.0716	0.0046	0.0670	0.0760	0.0477	0.0283	0.0254	0.0249	0.0005	0.0506	0.0228	0.0278	0.1057	18.4613	0.0417	2.6038	14.6477	0.0801	0.0707	3.7505	0.0412	6.7552	0.0367	18.0735	0.2765	0.0489	11.0435	10.0045	0.0236	18.2065
108	122	0.0391	5	0	1	0	0	0	0	0	0	N	N	N	N	N	N	N	N	N	N	N	N	0.1989	1.5609	0.0910	0.8264	0.8250	0.7731	0.1623	0.8241	0.1117	1.6833	1.5442	1.8580	1.7406	1.7462	0.8541	1.6295	0.2600	1.8650	8.4620	0.9893	20.4243	2.1063	2.1166	1.1048	10.0384	0.3155	16.6921	0.9580	15.3737	0.0211	0.2309	0.4415	1.6911	4.8853	5.7022	0.1948	0.0995	0.0953	0.0975	0.0972	0.0003	0.0973	0.0023	0.0950	0.5831	0.0356	0.5475	0.0288	0.0287	0.0001	0.5542	0.0069	0.5473	0.1157	0.0644	0.0513	0.0560	0.0557	0.0004	0.0597	0.0088	0.0509	0.0689	0.0360	0.0329	0.0137	0.0136	0.0001	0.0552	0.0224	0.0328	0.1989	1.5609	0.1117	0.8264	0.8250	0.9212	0.1623	0.8479	0.1117	8.4620	0.9893	16.6353	2.1063	2.1166	0.9272	10.0384	0.3067	16.6921
108	123	0.0287	4	0	0	0	0	0	0	0	0	N	N	N	N	N	N	N	N	N	N	N	N	0.8382	1.0095	0.7518	0.4771	0.4735	19.4046	1.0201	2.1061	0.7500	0.8546	0.7535	0.9897	0.8988	0.8991	0.8534	0.8139	0.0275	0.9907	1.0196	0.7464	1.3165	1.8839	1.8989	0.0440	0.7979	0.0130	1.3209	0.9827	1.6229	0.0120	0.0040	0.4415	2.0929	4.8853	3.1856	0.1046	0.0527	0.0518	0.0527	0.0524	0.0003	0.0518	0.0003	0.0515	0.0522	0.0199	0.0323	0.0197	0.0197	0.0000	0.0325	0.0002	0.0323	0.1223	0.0700	0.0524	0.0586	0.0583	0.0003	0.0637	0.0117	0.0520	0.0512	0.0267	0.0245	0.0105	0.0104	0.0001	0.0408	0.0163	0.0245	0.8382	1.0095	0.7518	0.4771	0.4735	19.4046	1.0201	2.1061	0.7500	1.0196	0.7464	1.3165	1.8839	1.8989	0.0440	0.7979	0.0130	1.3209
108	124	0.0695	7	1	1	0	0	0	0	0	0	N	N	N	N	N	N	N	N	N	N	N	N	0.0000	0.0000	0.0000	0.0000	0.0000	0.0000	0.0000	0.0000	0.0000	0.0000	0.0000	0.0000	0.0000	0.0000	0.0000	0.0000	0.0000	0.0000	0.0000	0.0000	0.4415	0.0000	4.8853	0.0000	0.0000	0.0000	0.0000	0.0000	0.0000	0.0000	0.0000	0.0000	0.0000	0.0000	0.0000	0.0000	0.0000	0.0000	0.0000	0.0000	0.0000	0.0000	0.0000	0.0000	0.0000	0.0000	0.0000	0.0000	0.0000	0.0000	0.0000	0.0000	0.0000	0.0000	0.0000	0.0000	0.0000	0.0000	0.0000	0.0000	0.0000	0.0000	0.0000	0.0000	0.0000	0.0000	0.0000	0.0000	0.0000	0.0000	0.0000	0.0000	0.0000	0.0000	0.0000	0.0000	0.0000	0.0000											
108	125	0.0649	6	1	1	0	0	0	0	0	0	N	N	N	N	N	N	N	N	N	N	N	N	0.0000	0.0000	0.0000	0.0000	0.0000	0.0000	0.0000	0.0000	0.0000	0.0000	0.0000	0.0000	0.0000	0.0000	0.0000	0.0000	0.0000	0.0000	0.5057	0.3911	0.6459	0.8579	0.9198	0.0027	0.3970	0.0392	0.6695	1.3499	0.0000	0.0003	0.4415	0.1434	4.8853	1.9839	0.0000	0.0000	0.0000	0.0000	0.0000	0.0000	0.0000	0.0000	0.0000	0.0091	0.0039	0.0052	0.0037	0.0037	0.0000	0.0055	0.0002	0.0052	0.0017	0.0016	0.0001	0.0007	0.0007	0.0000	0.0010	0.0009	0.0001	0.0181	0.0099	0.0081	0.0043	0.0040	0.0003	0.0138	0.0060	0.0078	0.0000	0.0000	0.0000	0.0000	0.0000	0.0000	0.0000	0.0000	0.0000	0.5057	0.3911	0.6459	0.8579	0.9198	0.0027	0.3970	0.0392	0.6695	
108	126	0.0544	5	0	1	0	0	0	0	0	0	N	N	N	N	N	N	N	N	N	N	N	N	0.0000	0.0000	0.0000	0.0000	0.0000	0.0000	0.0000	0.0000	0.0000	0.0000	0.0000	0.0000	0.0000	0.0000	0.0000	0.0000	0.0000	0.0000	7.4895	14.2628	0.2311	20.8124	20.0594	0.0004	0.1789	0.0021	0.2344	0.0151	0.0000	-0.3626	0.4415	1.8882	4.8853	2.9115	0.0000	0.0000	0.0000	0.0000	0.0000	0.0000	0.0000	0.0000	0.0000	0.6866	0.6764	0.0102	0.6764	0.6764	0.0000	0.0103	0.0000	0.0102	0.0154	0.0140	0.0014	0.0053	0.0053	0.0000	0.0101	0.0088	0.0014	0.0917	0.0474	0.0443	0.0343	0.0337	0.0006	0.0573	0.0137	0.0436	0.0000	0.0000	0.0000	0.0000	0.0000	0.0000	0.0000	0.0000	0.0000	7.4895	14.2628	0.2311	19.6955	20.0594	0.0004	0.1789	0.0021	0.2344	
108	127	0.0287	4	0	0	0	0	0	0	0	0	N	N	N	N	N	N	N	N	N	N	N	N	0.2909	1.9118	0.1980	1.2668	1.2542	34.5121	0.2575	0.0939	0.1982	2.0961	1.6346	2.7909	2.0998	2.1075	0.8115	2.0929	0.0562	2.8047	7.2055	0.8550	14.0933	1.6575	1.6804	0.0235	8.1277	0.5984	14.1513	1.1342	15.1974	0.0413	0.2792	0.4415	3.5543	4.8853	9.0319	0.2749	0.1288	0.1461	0.1281	0.1278	0.0003	0.1468	0.0010	0.1458	0.7062	0.0436	0.6626	0.0232	0.0232	0.0000	0.6830	0.0204	0.6626	0.1311	0.0788	0.0523	0.0610	0.0606	0.0004	0.0701	0.0182	0.0520	0.0980	0.0510	0.0470	0.0140	0.0138	0.0002	0.0840	0.0372	0.0468	0.2909	1.9118	0.1980	1.2668	1.2542	34.5121	0.2575	0.1023	0.1982	7.2055	0.8550	14.0933	1.6575	1.6804	0.0235	8.1277	0.5494	14.1513
108	128	0.0251	3	0	0	0	0	0	0	0	0	N	N	N	N	N	N	N	N	N	N	N	N	1.5597	1.8066	1.3583	0.9998	0.9976	21.4736	1.8275	24.8277	1.3582	1.4349	1.3819	1.5063	1.6732	1.6779	0.9359	1.2197	0.0229	1.5103	0.9199	0.7649	1.1090	1.6735	1.6820	0.0436	0.6674	0.0009	1.1120	0.8085	1.1889	0.0126	0.0000	0.4415	2.6246	4.8853	0.7212	0.1904	0.1053	0.0851	0.1054	0.1050	0.0004	0.0851	0.0003	0.0848	0.0364	0.0166	0.0198	0.0166	0.0166	0.0000	0.0198	0.0000	0.0198	0.1327	0.0762	0.0565	0.0630	0.0626	0.0004	0.0697	0.0136	0.0561	0.0396	0.0218	0.0178	0.0099	0.0099	0.0001	0.0297	0.0119	0.0178	1.5597	1.8066	1.3583	0.9998	0.9976	21.4736	1.8275	24.8277	1.3582	0.9199	0.7649	1.1090	1.6735	1.6820	0.0436	0.6674	0.0009	1.1120
108	129	0.0193	2	0	0	0	0	0	0	0	0	N	N	N	N	N	N	N	N	N	N	N	N	1.2474	1.1047	1.4528	0.5911	0.5871	12.3547	1.8384	37.9887	1.4479	0.8608	0.7698	0.9914	0.9763	0.9755	1.0306	0.7587	0.0227	0.9907	0.6901	0.6968	0.6824	1.6516	1.6617	0.0834	0.4127	0.0006	0.6842	0.8970	0.8660	0.0108	-0.0029	0.4415	3.3474	4.8853	1.3769	0.1180	0.0622	0.0558	0.0628	0.0618	0.0010	0.0552	0.0004	0.0548	0.0362	0.0194	0.0168	0.0194	0.0194	0.0000	0.0168	0.0000	0.0168	0.1371	0.0808	0.0563	0.0643	0.0633	0.0009	0.0728	0.0174	0.0553	0.0525	0.0278	0.0246	0.0117	0.0117	0.0001	0.0407	0.0162	0.0245	1.2474	1.1047	1.4528	0.5911	0.5871	12.3547	1.8384	37.9887	1.4479	0.6901	0.6968	0.6824	1.6516	1.6617	0.0834	0.4127	0.0006	0.6842
109	111	0.0239	4	1	2	0	2	0	0	0	0	N	Y	N	Y	N	N	N	N	N	N	N	N	0.0000	0.0000	0.0000	0.0000	0.0000	0.0000	0.0000	0.0000	0.0000	0.0000	0.0000	0.0000	0.0000	0.0000	0.0000	0.0000	0.0000	0.0000	0.0000	0.0000	0.0000	0.0016	0.0000	5.0076	0.0000	0.0000	0.0000	0.0000	0.0000	0.0000	0.0000	0.0000	0.0000	0.0000	0.0000	0.0000	0.0000	0.0000	0.0000	0.0000	0.0000	0.0000	0.0000	0.0000	0.0000	0.0000	0.0000	0.0000	0.0000	0.0000	0.0000	0.0000	0.0000	0.0000	0.0000	0.0000	0.0000	0.0000	0.0000	0.0000	0.0000	0.0000	0.0000	0.0000	0.0000	0.0000	0.0000	0.0000	0.0000	0.0000	0.0000	0.0000	0.0000	0.0000	0.0000	0.0000	0.0000	0.0000											
109	112	0.0171	3	1	2	0	2	0	0	0	0	N	Y	N	Y	N	N	N	N	N	N	N	N	0.0000	0.0000	0.0000	0.0000	0.0000	0.0000	0.0000	0.0000	0.0000	0.0000	0.0000	0.0000	0.0000	0.0000	0.0000	0.0000	0.0000	0.0000	0.0000	0.0000	0.0000	1.0012	0.0000	2.1373	0.0000	0.0000	0.0000	0.0000	0.0000	0.0000	0.0000	0.0000	0.0000	0.0000	0.0000	0.0000	0.0000	0.0000	0.0000	0.0000	0.0000	0.0000	0.0000	0.0000	0.0000	0.0000	0.0000	0.0000	0.0000	0.0000	0.0000	0.0000	0.0000	0.0000	0.0000	0.0000	0.0000	0.0000	0.0000	0.0000	0.0000	0.0000	0.0000	0.0000	0.0000	0.0000	0.0000	0.0000	0.0000	0.0000	0.0000	0.0000	0.0000	0.0000	0.0000	0.0000	0.0000	0.0000											
109	113	0.0254	3	1	2	0	1	0	0	0	0	N	Y	N	N	N	N	N	N	N	N	N	N	0.0000	0.0000	0.0000	0.0000	0.0000	0.0000	0.0000	0.0000	0.0000	0.0000	0.0000	0.0000	0.0000	0.0000	0.0000	0.0000	0.0000	0.0000	0.0000	0.0000	0.0000	0.9705	0.0000	5.0371	0.0000	0.0000	0.0000	0.0000	0.0000	0.0000	0.0000	0.0000	0.0000	0.0000	0.0000	0.0000	0.0000	0.0000	0.0000	0.0000	0.0000	0.0000	0.0000	0.0000	0.0000	0.0000	0.0000	0.0000	0.0000	0.0000	0.0000	0.0000	0.0000	0.0000	0.0000	0.0000	0.0000	0.0000	0.0000	0.0000	0.0000	0.0000	0.0000	0.0000	0.0000	0.0000	0.0000	0.0000	0.0000	0.0000	0.0000	0.0000	0.0000	0.0000	0.0000	0.0000	0.0000	0.0000											
109	114	0.0171	3	1	1	1	2	0	0	0	0	N	N	N	Y	N	N	N	N	N	N	N	N	0.0000	0.0000	0.0000	0.0000	0.0000	0.0000	0.0000	0.0000	0.0000	0.0000	0.0000	0.0000	0.0000	0.0000	0.0000	0.0000	0.0000	0.0000	0.0000	0.0000	0.0000	0.0000	0.0000	1.1303	0.0000	0.0000	0.0000	0.0000	0.0000	0.0000	0.0000	0.0000	0.0000	0.0000	0.0000	0.0000	0.0000	0.0000	0.0000	0.0000	0.0000	0.0000	0.0000	0.0000	0.0000	0.0000	0.0000	0.0000	0.0000	0.0000	0.0000	0.0000	0.0000	0.0000	0.0000	0.0000	0.0000	0.0000	0.0000	0.0000	0.0000	0.0000	0.0000	0.0000	0.0000	0.0000	0.0000	0.0000	0.0000	0.0000	0.0000	0.0000	0.0000	0.0000	0.0000	0.0000	0.0000	0.0000											
109	115	0.0150	2	1	1	0	2	0	0	0	0	N	N	N	Y	N	N	N	N	N	N	N	N	0.0000	0.0000	0.0000	0.0000	0.0000	0.0000	0.0000	0.0000	0.0000	0.0000	0.0000	0.0000	0.0000	0.0000	0.0000	0.0000	0.0000	0.0000	0.0000	0.0000	0.0000	0.0000	0.0000	1.2340	0.0000	0.0000	0.0000	0.0000	0.0000	0.0000	0.0000	0.0000	0.0000	0.0000	0.0000	0.0000	0.0000	0.0000	0.0000	0.0000	0.0000	0.0000	0.0000	0.0000	0.0000	0.0000	0.0000	0.0000	0.0000	0.0000	0.0000	0.0000	0.0000	0.0000	0.0000	0.0000	0.0000	0.0000	0.0000	0.0000	0.0000	0.0000	0.0000	0.0000	0.0000	0.0000	0.0000	0.0000	0.0000	0.0000	0.0000	0.0000	0.0000	0.0000	0.0000	0.0000	0.0000	0.0000											
109	116	0.0225	3	1	1	1	2	0	0	0	0	N	N	N	Y	N	N	N	N	N	N	N	N	0.0000	0.0000	0.0000	0.0000	0.0000	0.0000	0.0000	0.0000	0.0000	0.0000	0.0000	0.0000	0.0000	0.0000	0.0000	0.0000	0.0000	0.0000	0.0000	0.0000	0.0000	0.9725	0.0000	0.9874	0.0000	0.0000	0.0000	0.0000	0.0000	0.0000	0.0000	0.0000	0.0000	0.0000	0.0000	0.0000	0.0000	0.0000	0.0000	0.0000	0.0000	0.0000	0.0000	0.0000	0.0000	0.0000	0.0000	0.0000	0.0000	0.0000	0.0000	0.0000	0.0000	0.0000	0.0000	0.0000	0.0000	0.0000	0.0000	0.0000	0.0000	0.0000	0.0000	0.0000	0.0000	0.0000	0.0000	0.0000	0.0000	0.0000	0.0000	0.0000	0.0000	0.0000	0.0000	0.0000	0.0000	0.0000											
109	117	0.0225	3	1	1	1	2	0	0	0	0	N	N	N	Y	N	N	N	N	N	N	N	N	0.0000	0.0000	0.0000	0.0000	0.0000	0.0000	0.0000	0.0000	0.0000	0.0000	0.0000	0.0000	0.0000	0.0000	0.0000	0.0000	0.0000	0.0000	0.0000	0.0000	0.0000	0.0285	0.0000	4.0215	0.0000	0.0000	0.0000	0.0000	0.0000	0.0000	0.0000	0.0000	0.0000	0.0000	0.0000	0.0000	0.0000	0.0000	0.0000	0.0000	0.0000	0.0000	0.0000	0.0000	0.0000	0.0000	0.0000	0.0000	0.0000	0.0000	0.0000	0.0000	0.0000	0.0000	0.0000	0.0000	0.0000	0.0000	0.0000	0.0000	0.0000	0.0000	0.0000	0.0000	0.0000	0.0000	0.0000	0.0000	0.0000	0.0000	0.0000	0.0000	0.0000	0.0000	0.0000	0.0000	0.0000	0.0000											
109	118	0.0150	2	1	1	1	2	0	0	0	0	N	N	N	Y	N	N	N	N	N	N	N	N	0.0000	0.0000	0.0000	0.0000	0.0000	0.0000	0.0000	0.0000	0.0000	0.0000	0.0000	0.0000	0.0000	0.0000	0.0000	0.0000	0.0000	0.0000	0.0000	0.0000	0.0000	3.0275	0.0000	2.1573	0.0000	0.0000	0.0000	0.0000	0.0000	0.0000	0.0000	0.0000	0.0000	0.0000	0.0000	0.0000	0.0000	0.0000	0.0000	0.0000	0.0000	0.0000	0.0000	0.0000	0.0000	0.0000	0.0000	0.0000	0.0000	0.0000	0.0000	0.0000	0.0000	0.0000	0.0000	0.0000	0.0000	0.0000	0.0000	0.0000	0.0000	0.0000	0.0000	0.0000	0.0000	0.0000	0.0000	0.0000	0.0000	0.0000	0.0000	0.0000	0.0000	0.0000	0.0000	0.0000	0.0000	0.0000											
109	119	0.1076	4	2	2	0	1	0	0	0	0	Y	Y	N	N	N	N	N	N	N	N	N	N	0.0000	0.0000	0.0000	0.0000	0.0000	0.0000	0.0000	0.0000	0.0000	0.0000	0.0000	0.0000	0.0000	0.0000	0.0000	0.0000	0.0000	0.0000	0.0000	0.0000	0.0000	2.1883	0.0000	3.1271	0.0000	0.0000	0.0000	0.0000	0.0000	0.0000	0.0000	0.0000	0.0000	0.0000	0.0000	0.0000	0.0000	0.0000	0.0000	0.0000	0.0000	0.0000	0.0000	0.0000	0.0000	0.0000	0.0000	0.0000	0.0000	0.0000	0.0000	0.0000	0.0000	0.0000	0.0000	0.0000	0.0000	0.0000	0.0000	0.0000	0.0000	0.0000	0.0000	0.0000	0.0000	0.0000	0.0000	0.0000	0.0000	0.0000	0.0000	0.0000	0.0000	0.0000	0.0000	0.0000	0.0000	0.0000											
109	120	0.0407	3	2	2	0	1	0	0	0	0	Y	Y	N	N	N	N	N	N	N	N	N	N	0.0000	0.0000	0.0000	0.0000	0.0000	0.0000	0.0000	0.0000	0.0000	0.0000	0.0000	0.0000	0.0000	0.0000	0.0000	0.0000	0.0000	0.0000	0.0000	0.0000	0.0000	13.6104	0.0000	16.0982	0.0000	0.0000	0.0000	0.0000	0.0000	0.0000	0.0000	0.0000	0.0000	0.0000	0.0000	0.0000	0.0000	0.0000	0.0000	0.0000	0.0000	0.0000	0.0000	0.0000	0.0000	0.0000	0.0000	0.0000	0.0000	0.0000	0.0000	0.0000	0.0000	0.0000	0.0000	0.0000	0.0000	0.0000	0.0000	0.0000	0.0000	0.0000	0.0000	0.0000	0.0000	0.0000	0.0000	0.0000	0.0000	0.0000	0.0000	0.0000	0.0000	0.0000	0.0000	0.0000	0.0000	0.0000											
109	121	0.0659	5	1	2	0	1	0	0	0	0	N	Y	N	N	N	N	N	N	N	N	N	N	0.0000	0.0000	0.0000	0.0000	0.0000	0.0000	0.0000	0.0000	0.0000	0.0000	0.0000	0.0000	0.0000	0.0000	0.0000	0.0000	0.0000	0.0000	0.0000	0.0000	0.0000	0.3548	0.0000	4.6068	0.0000	0.0000	0.0000	0.0000	0.0000	0.0000	0.0000	0.0000	0.0000	0.0000	0.0000	0.0000	0.0000	0.0000	0.0000	0.0000	0.0000	0.0000	0.0000	0.0000	0.0000	0.0000	0.0000	0.0000	0.0000	0.0000	0.0000	0.0000	0.0000	0.0000	0.0000	0.0000	0.0000	0.0000	0.0000	0.0000	0.0000	0.0000	0.0000	0.0000	0.0000	0.0000	0.0000	0.0000	0.0000	0.0000	0.0000	0.0000	0.0000	0.0000	0.0000	0.0000	0.0000	0.0000											
109	122	0.0510	4	1	2	0	1	0	0	0	0	N	Y	N	N	N	N	N	N	N	N	N	N	0.0000	0.0000	0.0000	0.0000	0.0000	0.0000	0.0000	0.0000	0.0000	0.0000	0.0000	0.0000	0.0000	0.0000	0.0000	0.0000	0.0000	0.0000	0.0000	0.0000	0.0000	1.6911	0.0000	5.7022	0.0000	0.0000	0.0000	0.0000	0.0000	0.0000	0.0000	0.0000	0.0000	0.0000	0.0000	0.0000	0.0000	0.0000	0.0000	0.0000	0.0000	0.0000	0.0000	0.0000	0.0000	0.0000	0.0000	0.0000	0.0000	0.0000	0.0000	0.0000	0.0000	0.0000	0.0000	0.0000	0.0000	0.0000	0.0000	0.0000	0.0000	0.0000	0.0000	0.0000	0.0000	0.0000	0.0000	0.0000	0.0000	0.0000	0.0000	0.0000	0.0000	0.0000	0.0000	0.0000	0.0000	0.0000											
109	123	0.0407	3	1	1	0	1	0	0	0	0	N	N	N	N	N	N	N	N	N	N	N	N	0.0000	0.0000	0.0000	0.0000	0.0000	0.0000	0.0000	0.0000	0.0000	0.0000	0.0000	0.0000	0.0000	0.0000	0.0000	0.0000	0.0000	0.0000	0.0000	0.0000	0.0000	2.0929	0.0000	3.1856	0.0000	0.0000	0.0000	0.0000	0.0000	0.0000	0.0000	0.0000	0.0000	0.0000	0.0000	0.0000	0.0000	0.0000	0.0000	0.0000	0.0000	0.0000	0.0000	0.0000	0.0000	0.0000	0.0000	0.0000	0.0000	0.0000	0.0000	0.0000	0.0000	0.0000	0.0000	0.0000	0.0000	0.0000	0.0000	0.0000	0.0000	0.0000	0.0000	0.0000	0.0000	0.0000	0.0000	0.0000	0.0000	0.0000	0.0000	0.0000	0.0000	0.0000	0.0000	0.0000	0.0000	0.0000											
109	124	0.0300	4	2	2	0	1	0	0	0	0	Y	Y	N	N	N	N	N	N	N	N	N	N	0.0000	0.0000	0.0000	0.0000	0.0000	0.0000	0.0000	0.0000	0.0000	0.0000	0.0000	0.0000	0.0000	0.0000	0.0000	0.0000	0.0000	0.0000	0.0000	0.0000	0.0000	0.0000	0.0000	0.0000	0.0000	0.0000	0.0000	0.0000	0.0000	0.0000	0.0000	0.0000	0.0000	0.0000	0.0000	0.0000	0.0000	0.0000	0.0000	0.0000	0.0000	0.0000	0.0000	0.0000	0.0000	0.0000	0.0000	0.0000	0.0000	0.0000	0.0000	0.0000	0.0000	0.0000	0.0000	0.0000	0.0000	0.0000	0.0000	0.0000	0.0000	0.0000	0.0000	0.0000	0.0000	0.0000	0.0000	0.0000	0.0000	0.0000	0.0000	0.0000	0.0000	0.0000	0.0000	0.0000	0.0000	0.0000											
109	125	0.0254	3	2	2	0	1	0	0	0	0	Y	Y	N	N	N	N	N	N	N	N	N	N	0.0000	0.0000	0.0000	0.0000	0.0000	0.0000	0.0000	0.0000	0.0000	0.0000	0.0000	0.0000	0.0000	0.0000	0.0000	0.0000	0.0000	0.0000	0.0000	0.0000	0.0000	0.1434	0.0000	1.9839	0.0000	0.0000	0.0000	0.0000	0.0000	0.0000	0.0000	0.0000	0.0000	0.0000	0.0000	0.0000	0.0000	0.0000	0.0000	0.0000	0.0000	0.0000	0.0000	0.0000	0.0000	0.0000	0.0000	0.0000	0.0000	0.0000	0.0000	0.0000	0.0000	0.0000	0.0000	0.0000	0.0000	0.0000	0.0000	0.0000	0.0000	0.0000	0.0000	0.0000	0.0000	0.0000	0.0000	0.0000	0.0000	0.0000	0.0000	0.0000	0.0000	0.0000	0.0000	0.0000	0.0000	0.0000											
109	126	0.0150	2	1	2	0	1	0	0	0	0	N	Y	N	N	N	N	N	N	N	N	N	N	0.0000	0.0000	0.0000	0.0000	0.0000	0.0000	0.0000	0.0000	0.0000	0.0000	0.0000	0.0000	0.0000	0.0000	0.0000	0.0000	0.0000	0.0000	0.0000	0.0000	0.0000	1.8882	0.0000	2.9115	0.0000	0.0000	0.0000	0.0000	0.0000	0.0000	0.0000	0.0000	0.0000	0.0000	0.0000	0.0000	0.0000	0.0000	0.0000	0.0000	0.0000	0.0000	0.0000	0.0000	0.0000	0.0000	0.0000	0.0000	0.0000	0.0000	0.0000	0.0000	0.0000	0.0000	0.0000	0.0000	0.0000	0.0000	0.0000	0.0000	0.0000	0.0000	0.0000	0.0000	0.0000	0.0000	0.0000	0.0000	0.0000	0.0000	0.0000	0.0000	0.0000	0.0000	0.0000	0.0000	0.0000	0.0000											
110	111	0.0239	3	1	2	0	2	0	0	0	0	N	Y	N	Y	N	N	N	N	N	N	N	N	0.0000	0.0000	0.0000	0.0000	0.0000	0.0000	0.0000	0.0000	0.0000	0.0000	0.0000	0.0000	0.0000	0.0000	0.0000	0.0000	0.0000	0.0659	0.1287	0.0054	0.0315	0.0370	0.0000	0.0690	0.1441	0.0056	0.0437	0.0000	-0.0016	0.0000	0.0016	7.1240	5.0076	0.0000	0.0000	0.0000	0.0000	0.0000	0.0000	0.0000	0.0000	0.0000	0.0033	0.0031	0.0001	0.0001	0.0001	0.0000	0.0032	0.0030	0.0001	0.0000	0.0000	0.0000	0.0000	0.0000	0.0000	0.0000	0.0000	0.0000	0.0498	0.0244	0.0254	0.0041	0.0035	0.0006	0.0457	0.0209	0.0247	0.0000	0.0000	0.0000	0.0000	0.0000	0.0000	0.0000	0.0000	0.0000	0.0659	0.1287	0.0054	0.0315	0.0370	0.0000	0.0690	0.1441	0.0056		
110	112	0.0171	2	1	2	0	2	0	0	0	0	N	Y	N	Y	N	N	N	N	N	N	N	N	0.0000	0.0000	0.0000	0.0000	0.0000	0.0000	0.0000	0.0000	0.0000	0.0000	0.0000	0.0000	0.0000	0.0000	0.0000	0.0000	0.0000	12.3050	24.2584	0.4140	0.0044	0.0044	0.0000	18.4514	72.0603	0.4159	0.0172	0.0000	-0.5323	0.0000	1.0012	7.1240	2.1373	0.0000	0.0000	0.0000	0.0000	0.0000	0.0000	0.0000	0.0000	0.0000	1.0118	0.9947	0.0171	0.0001	0.0001	0.0000	1.0117	0.9946	0.0171	0.0000	0.0000	0.0000	0.0000	0.0000	0.0000	0.0000	0.0000	0.0000	0.0822	0.0410	0.0412	0.0274	0.0272	0.0002	0.0548	0.0138	0.0410	0.0000	0.0000	0.0000	0.0000	0.0000	0.0000	0.0000	0.0000	0.0000	12.3050	24.2584	0.4140	0.0044	0.0044	0.0000	18.4514	72.0603	0.4159		
110	113	0.0254	2	1	2	0	1	0	0	0	0	N	Y	N	N	N	N	N	N	N	N	N	N	0.0000	0.0000	0.0000	0.0000	0.0000	0.0000	0.0000	0.0000	0.0000	0.0000	0.0000	0.0000	0.0000	0.0000	0.0000	0.0000	0.0000	0.0208	0.0239	0.0179	0.1536	0.1549	0.0000	0.0099	0.0000	0.0179	0.7926	0.0000	-0.0001	0.0000	0.9705	7.1240	5.0371	0.0000	0.0000	0.0000	0.0000	0.0000	0.0000	0.0000	0.0000	0.0000	0.0012	0.0007	0.0005	0.0007	0.0007	0.0000	0.0005	0.0000	0.0005	0.0000	0.0000	0.0000	0.0000	0.0000	0.0000	0.0000	0.0000	0.0000	0.0595	0.0289	0.0307	0.0045	0.0045	0.0000	0.0550	0.0244	0.0306	0.0000	0.0000	0.0000	0.0000	0.0000	0.0000	0.0000	0.0000	0.0000	0.0208	0.0239	0.0179	0.1536	0.1549	0.0000	0.0099	0.0000	0.0179		
110	114	0.0171	2	1	1	1	2	0	0	0	0	N	N	N	Y	N	N	N	N	N	N	N	N	0.0000	0.0000	0.0000	0.0000	0.0000	0.0000	0.0000	0.0000	0.0000	0.0000	0.0000	0.0000	0.0000	0.2687	0.0000	0.5415	0.0000	0.0000	0.0000	0.4644	0.0000	0.5428	inf	0.0000	0.0078	0.0000	0.0000	7.1240	1.1303	0.0000	0.0000	0.0000	0.0000	0.0000	0.0000	0.0000	0.0000	0.0000	0.0171	0.0000	0.0171	0.0000	0.0000	0.0000	0.0171	0.0000	0.0171	0.0000	0.0000	0.0000	0.0000	0.0000	0.0000	0.0000	0.0000	0.0000	0.0635	0.0320	0.0315	0.0267	0.0267	0.0001	0.0367	0.0053	0.0314	0.0000	0.0000	0.0000	0.0000	0.0000	0.0000	0.0000	0.0000	0.0000	0.2687	0.0000	0.5415	0.0000	0.0000	0.0000	0.4644	0.0000	0.5428						
110	116	0.0225	2	1	1	1	2	0	0	0	0	N	N	N	Y	N	N	N	N	N	N	N	N	0.0000	0.0000	0.0000	0.0000	0.0000	0.0000	0.0000	0.0000	0.0000	0.0000	0.0000	0.0000	0.0000	0.0000	0.0000	0.0000	0.0000	0.1702	0.0019	0.3532	0.0192	0.0132	0.2019	0.1832	0.0000	0.3540	167.5354	0.0000	0.0015	0.0000	0.9725	7.1240	0.9874	0.0000	0.0000	0.0000	0.0000	0.0000	0.0000	0.0000	0.0000	0.0000	0.0034	0.0000	0.0033	0.0000	0.0000	0.0000	0.0033	0.0000	0.0033	0.0000	0.0000	0.0000	0.0000	0.0000	0.0000	0.0000	0.0000	0.0000	0.0198	0.0103	0.0095	0.0016	0.0015	0.0000	0.0182	0.0088	0.0094	0.0000	0.0000	0.0000	0.0000	0.0000	0.0000	0.0000	0.0000	0.0000	0.1702	0.0019	0.3532	0.0192	0.0132	0.2019	0.1832	0.0000	0.3540		
110	117	0.0225	2	1	1	1	2	0	0	0	0	N	N	N	Y	N	N	N	N	N	N	N	N	0.0000	0.0000	0.0000	0.0000	0.0000	0.0000	0.0000	0.0000	0.0000	0.0000	0.0000	0.0000	0.0000	0.0000	0.0000	0.0000	0.0000	0.0862	0.0010	0.1754	0.0121	0.0084	0.0989	0.0913	0.0000	0.1758	167.5354	0.0000	0.0015	0.0000	0.0285	7.1240	4.0215	0.0000	0.0000	0.0000	0.0000	0.0000	0.0000	0.0000	0.0000	0.0000	0.0034	0.0000	0.0033	0.0000	0.0000	0.0000	0.0033	0.0000	0.0033	0.0000	0.0000	0.0000	0.0000	0.0000	0.0000	0.0000	0.0000	0.0000	0.0390	0.0199	0.0191	0.0025	0.0024	0.0001	0.0365	0.0176	0.0190	0.0000	0.0000	0.0000	0.0000	0.0000	0.0000	0.0000	0.0000	0.0000	0.0862	0.0010	0.1754	0.0121	0.0084	0.0989	0.0913	0.0000	0.1758		
110	119	0.1076	3	2	2	0	1	0	0	0	0	Y	Y	N	N	N	N	N	N	N	N	N	N	0.0000	0.0000	0.0000	0.0000	0.0000	0.0000	0.0000	0.0000	0.0000	0.0000	0.0000	0.0000	0.0000	0.0000	0.0000	0.0000	0.0000	0.0011	0.0001	0.0024	0.0054	0.0003	0.0760	0.0000	0.0000	0.0000	19.0981	0.0000	0.0000	0.0000	2.1883	7.1240	3.1271	0.0000	0.0000	0.0000	0.0000	0.0000	0.0000	0.0000	0.0000	0.0000	0.0001	0.0000	0.0000	0.0001	0.0000	0.0000	0.0000	0.0000	0.0000	0.0000	0.0000	0.0000	0.0000	0.0000	0.0000	0.0000	0.0000	0.0000	0.0498	0.0287	0.0211	0.0098	0.0091	0.0007	0.0400	0.0196	0.0205	0.0000	0.0000	0.0000	0.0000	0.0000	0.0000	0.0000	0.0000	0.0000	0.0011	0.0001	0.0024	0.0054	0.0003	0.0760	0.0000	0.0000	0.0000		
110	120	0.0407	2	2	2	0	1	0	0	0	0	Y	Y	N	N	N	N	N	N	N	N	N	N	0.0000	0.0000	0.0000	0.0000	0.0000	0.0000	0.0000	0.0000	0.0000	0.0000	0.0000	0.0000	0.0000	0.0000	0.0000	0.0000	0.0000	0.0000	0.0151	0.0255	0.0041	0.1419	0.1429	0.1338	0.0006	0.0000	0.0011	0.1516	0.0000	-0.0016	0.0000	13.6104	7.1240	16.0982	0.0000	0.0000	0.0000	0.0000	0.0000	0.0000	0.0000	0.0000	0.0000	0.0039	0.0034	0.0005	0.0038	0.0034	0.0004	0.0001	0.0000	0.0001	0.0000	0.0000	0.0000	0.0000	0.0000	0.0000	0.0000	0.0000	0.0000	0.2587	0.1324	0.1262	0.0265	0.0237	0.0028	0.2322	0.1088	0.1234	0.0000	0.0000	0.0000	0.0000	0.0000	0.0000	0.0000	0.0000	0.0000	0.0151	0.0255	0.0041	0.1419	0.1429	0.1338	0.0006	0.0000	0.0011	
110	121	0.0659	4	1	2	0	1	0	0	0	0	N	Y	N	N	N	N	N	N	N	N	N	N	0.0000	0.0000	0.0000	0.0000	0.0000	0.0000	0.0000	0.0000	0.0000	0.0000	0.0000	0.0000	0.0000	0.0000	0.0000	0.0000	0.0000	0.0023	0.0028	0.0014	0.0073	0.0058	0.0457	0.0000	0.0000	0.0000	0.3055	0.0000	-0.0001	0.0000	0.3548	7.1240	4.6068	0.0000	0.0000	0.0000	0.0000	0.0000	0.0000	0.0000	0.0000	0.0000	0.0002	0.0002	0.0000	0.0002	0.0002	0.0000	0.0000	0.0000	0.0000	0.0000	0.0000	0.0000	0.0000	0.0000	0.0000	0.0000	0.0000	0.0000	0.0945	0.0590	0.0355	0.0295	0.0284	0.0011	0.0650	0.0306	0.0344	0.0000	0.0000	0.0000	0.0000	0.0000	0.0000	0.0000	0.0000	0.0000	0.0023	0.0028	0.0014	0.0073	0.0058	0.0457	0.0000	0.0000	0.0000		
110	122	0.0510	3	1	2	0	1	0	0	0	0	N	Y	N	N	N	N	N	N	N	N	N	N	0.0000	0.0000	0.0000	0.0000	0.0000	0.0000	0.0000	0.0000	0.0000	0.0000	0.0000	0.0000	0.0000	0.0000	0.0000	0.0000	0.0000	0.0000	0.0493	0.0909	0.0056	0.2577	0.2655	0.1096	0.0024	0.0007	0.0036	0.0580	0.0000	-0.0022	0.0000	1.6911	7.1240	5.7022	0.0000	0.0000	0.0000	0.0000	0.0000	0.0000	0.0000	0.0000	0.0000	0.0044	0.0042	0.0002	0.0042	0.0042	0.0001	0.0002	0.0000	0.0002	0.0000	0.0000	0.0000	0.0000	0.0000	0.0000	0.0000	0.0000	0.0000	0.0895	0.0460	0.0436	0.0165	0.0157	0.0008	0.0731	0.0303	0.0428	0.0000	0.0000	0.0000	0.0000	0.0000	0.0000	0.0000	0.0000	0.0000	0.0493	0.0909	0.0056	0.2577	0.2655	0.1096	0.0024	0.0007	0.0036	
110	123	0.0407	2	1	1	0	1	0	0	0	0	N	N	N	N	N	N	N	N	N	N	N	N	0.0000	0.0000	0.0000	0.0000	0.0000	0.0000	0.0000	0.0000	0.0000	0.0000	0.0000	0.0000	0.0000	0.0000	0.0000	0.0000	0.0000	0.0000	0.1149	0.0953	0.1354	0.2683	0.2516	0.8873	0.0760	0.0001	0.1263	1.3556	0.0000	0.0003	0.0000	2.0929	7.1240	3.1856	0.0000	0.0000	0.0000	0.0000	0.0000	0.0000	0.0000	0.0000	0.0000	0.0078	0.0033	0.0045	0.0037	0.0033	0.0004	0.0041	0.0000	0.0041	0.0000	0.0000	0.0000	0.0000	0.0000	0.0000	0.0000	0.0000	0.0000	0.0682	0.0349	0.0333	0.0138	0.0132	0.0006	0.0544	0.0217	0.0327	0.0000	0.0000	0.0000	0.0000	0.0000	0.0000	0.0000	0.0000	0.0000	0.1149	0.0953	0.1354	0.2683	0.2516	0.6422	0.0760	0.0001	0.1263	
110	124	0.0300	3	2	2	0	1	0	0	0	0	Y	Y	N	N	N	N	N	N	N	N	N	N	0.0000	0.0000	0.0000	0.0000	0.0000	0.0000	0.0000	0.0000	0.0000	0.0000	0.0000	0.0000	0.0000	0.0000	0.0000	0.0000	0.0000	0.0000	0.0000	0.0000	0.0000	0.0000	7.1240	0.0000	0.0000	0.0000	0.0000	0.0000	0.0000	0.0000	0.0000	0.0000	0.0000	0.0000	0.0000	0.0000	0.0000	0.0000	0.0000	0.0000	0.0000	0.0000	0.0000	0.0000	0.0000	0.0000	0.0000	0.0000	0.0000	0.0000	0.0000	0.0000	0.0000	0.0000	0.0000	0.0000	0.0000	0.0000	0.0000	0.0000	0.0000	0.0000	0.0000	0.0000	0.0000	0.0000	0.0000	0.0000	0.0000	0.0000	0.0000	0.0000	0.0000	0.0000	0.0000	0.0000	0.0000	0.0000											
110	125	0.0254	2	2	2	0	1	0	0	0	0	Y	Y	N	N	N	N	N	N	N	N	N	N	0.0000	0.0000	0.0000	0.0000	0.0000	0.0000	0.0000	0.0000	0.0000	0.0000	0.0000	0.0000	0.0000	0.0000	0.0000	0.0000	0.0000	0.0000	0.0494	0.0537	0.0450	0.2116	0.2125	0.0116	0.0256	0.0000	0.0450	0.8286	0.0000	-0.0001	0.0000	0.1434	7.1240	1.9839	0.0000	0.0000	0.0000	0.0000	0.0000	0.0000	0.0000	0.0000	0.0000	0.0012	0.0007	0.0005	0.0007	0.0007	0.0000	0.0005	0.0000	0.0005	0.0000	0.0000	0.0000	0.0000	0.0000	0.0000	0.0000	0.0000	0.0000	0.0245	0.0123	0.0122	0.0031	0.0031	0.0000	0.0214	0.0092	0.0122	0.0000	0.0000	0.0000	0.0000	0.0000	0.0000	0.0000	0.0000	0.0000	0.0494	0.0537	0.0450	0.2116	0.2125	0.0116	0.0256	0.0000	0.0450	
111	113	0.0303	4	0	2	0	1	0	0	0	0	N	Y	N	N	N	N	N	N	N	N	N	N	0.0000	0.0000	0.0000	0.0000	0.0000	0.0000	0.0000	0.0000	0.0000	0.0000	0.0000	0.0000	0.0000	0.0000	0.0000	0.0001	0.0003	0.0000	0.0014	0.0017	0.0000	0.0000	0.0000	0.0000	0.0002	0.0000	-0.0000	0.0016	0.9705	5.0076	5.0371	0.0000	0.0000	0.0000	0.0000	0.0000	0.0000	0.0000	0.0000	0.0000	0.0000	0.0000	0.0000	0.0000	0.0000	0.0000	0.0000	0.0000	0.0000	0.0000	0.0000	0.0000	0.0000	0.0000	0.0000	0.0000	0.0000	0.0000	0.0396	0.0195	0.0201	0.0035	0.0030	0.0006	0.0360	0.0166	0.0195	0.0000	0.0000	0.0000	0.0000	0.0000	0.0000	0.0000	0.0000	0.0000	0.0001	0.0003	0.0000	0.0014	0.0017	0.0000	0.0000	0.0000	0.0000				
111	114	0.0178	2	0	1	1	2	0	0	0	0	N	N	N	Y	N	N	N	N	N	N	N	N	0.0000	0.0000	0.0000	0.0000	0.0000	0.0000	0.0000	0.0000	0.0000	0.0000	0.0000	0.0000	0.0000	0.0125	0.0000	0.0258	0.0000	0.0000	0.0000	0.0150	0.0000	0.0260	inf	0.0000	0.0001	0.0016	0.0000	5.0076	1.1303	0.0000	0.0000	0.0000	0.0000	0.0000	0.0000	0.0000	0.0000	0.0000	0.0001	0.0000	0.0001	0.0000	0.0000	0.0000	0.0001	0.0000	0.0001	0.0000	0.0000	0.0000	0.0000	0.0000	0.0000	0.0000	0.0000	0.0000	0.0109	0.0056	0.0053	0.0018	0.0018	0.0000	0.0091	0.0039	0.0053	0.0000	0.0000	0.0000	0.0000	0.0000	0.0000	0.0000	0.0000	0.0000	0.0125	0.0000	0.0258	0.0000	0.0000	0.0000	0.0150	0.0000	0.0260						
111	116	0.0274	4	0	1	1	2	0	0	0	0	N	N	N	Y	N	N	N	N	N	N	N	N	0.0000	0.0000	0.0000	0.0000	0.0000	0.0000	0.0000	0.0000	0.0000	0.0000	0.0000	0.0000	0.0000	0.0000	0.0000	0.0000	0.0000	0.0008	0.0015	0.0001	0.0003	0.0004	0.0000	0.0008	0.0017	0.0001	0.0397	0.0000	-0.0000	0.0016	0.9725	5.0076	0.9874	0.0000	0.0000	0.0000	0.0000	0.0000	0.0000	0.0000	0.0000	0.0000	0.0000	0.0000	0.0000	0.0000	0.0000	0.0000	0.0000	0.0000	0.0000	0.0000	0.0000	0.0000	0.0000	0.0000	0.0000	0.0000	0.0000	0.0000	0.0135	0.0070	0.0065	0.0013	0.0010	0.0003	0.0122	0.0060	0.0062	0.0000	0.0000	0.0000	0.0000	0.0000	0.0000	0.0000	0.0000	0.0000	0.0008	0.0015	0.0001	0.0003	0.0004	0.0000	0.0008	0.0017	0.0001		
111	117	0.0274	4	0	1	1	2	0	0	0	0	N	N	N	Y	N	N	N	N	N	N	N	N	0.0000	0.0000	0.0000	0.0000	0.0000	0.0000	0.0000	0.0000	0.0000	0.0000	0.0000	0.0000	0.0000	0.0000	0.0000	0.0000	0.0000	0.0004	0.0008	0.0000	0.0002	0.0003	0.0000	0.0004	0.0008	0.0000	0.0397	0.0000	-0.0000	0.0016	0.0285	5.0076	4.0215	0.0000	0.0000	0.0000	0.0000	0.0000	0.0000	0.0000	0.0000	0.0000	0.0000	0.0000	0.0000	0.0000	0.0000	0.0000	0.0000	0.0000	0.0000	0.0000	0.0000	0.0000	0.0000	0.0000	0.0000	0.0000	0.0000	0.0000	0.0267	0.0136	0.0131	0.0020	0.0015	0.0005	0.0247	0.0120	0.0126	0.0000	0.0000	0.0000	0.0000	0.0000	0.0000	0.0000	0.0000	0.0000	0.0004	0.0008	0.0000	0.0002	0.0003	0.0000	0.0004	0.0008	0.0000		
111	118	0.0199	3	0	1	1	2	0	0	0	0	N	N	N	Y	N	N	N	N	N	N	N	N	0.0000	0.0000	0.0000	0.0000	0.0000	0.0000	0.0000	0.0000	0.0000	0.0000	0.0000	0.0000	0.0000	0.0000	0.0000	0.0000	0.0000	0.0000	0.0867	0.1682	0.0072	0.0313	0.0359	0.0000	0.0924	0.1944	0.0074	0.0441	0.0000	-0.0016	0.0016	3.0275	5.0076	2.1573	0.0000	0.0000	0.0000	0.0000	0.0000	0.0000	0.0000	0.0000	0.0000	0.0033	0.0031	0.0001	0.0001	0.0001	0.0000	0.0031	0.0030	0.0001	0.0001	0.0001	0.0000	0.0000	0.0000	0.0000	0.0001	0.0001	0.0000	0.0375	0.0185	0.0190	0.0035	0.0031	0.0005	0.0340	0.0154	0.0185	0.0000	0.0000	0.0000	0.0000	0.0000	0.0000	0.0000	0.0000	0.0000	0.0867	0.1682	0.0072	0.0313	0.0359	0.0000	0.0924	0.1944	0.0074	
111	119	0.1125	5	1	2	0	1	0	0	0	0	N	Y	N	N	N	N	N	N	N	N	N	N	0.0000	0.0000	0.0000	0.0000	0.0000	0.0000	0.0000	0.0000	0.0000	0.0000	0.0000	0.0000	0.0000	0.0000	0.0000	0.0000	0.0000	0.0000	0.0000	0.0000	0.0000	0.0000	0.0000	0.0000	0.0000	0.0727	0.0000	-0.0000	0.0016	2.1883	5.0076	3.1271	0.0000	0.0000	0.0000	0.0000	0.0000	0.0000	0.0000	0.0000	0.0000	0.0000	0.0000	0.0000	0.0000	0.0000	0.0000	0.0000	0.0000	0.0000	0.0001	0.0001	0.0000	0.0000	0.0000	0.0000	0.0001	0.0000	0.0000	0.0340	0.0200	0.0140	0.0076	0.0067	0.0009	0.0264	0.0132	0.0131	0.0000	0.0000	0.0000	0.0000	0.0000	0.0000	0.0000	0.0000	0.0000	0.0000	0.0000	0.0000	0.0000	0.0000	0.0000	0.0000	0.0000	0.0000			
111	120	0.0456	4	1	2	0	1	0	0	0	0	N	Y	N	N	N	N	N	N	N	N	N	N	0.0000	0.0000	0.0000	0.0000	0.0000	0.0000	0.0000	0.0000	0.0000	0.0000	0.0000	0.0000	0.0000	0.0000	0.0000	0.0000	0.0000	0.0002	0.0003	0.0000	0.0014	0.0018	0.0000	0.0000	0.0000	0.0000	0.0013	0.0000	-0.0000	0.0016	13.6104	5.0076	16.0982	0.0000	0.0000	0.0000	0.0000	0.0000	0.0000	0.0000	0.0000	0.0000	0.0000	0.0000	0.0000	0.0000	0.0000	0.0000	0.0000	0.0000	0.0000	0.0005	0.0005	0.0000	0.0002	0.0002	0.0000	0.0003	0.0003	0.0000	0.1712	0.0891	0.0821	0.0194	0.0151	0.0042	0.1518	0.0740	0.0778	0.0000	0.0000	0.0000	0.0000	0.0000	0.0000	0.0000	0.0000	0.0000	0.0002	0.0003	0.0000	0.0014	0.0018	0.0000	0.0000	0.0000	0.0000		
111	121	0.0708	6	0	2	0	1	0	0	0	0	N	Y	N	N	N	N	N	N	N	N	N	N	91.8225	0.0000	9241.2310	0.0000	0.0000	0.0000	7642.2182	18011.2339	0.0293	0.0000	0.2324	0.0000	0.0000	0.0000	0.0521	0.0000	0.2344	0.0003	0.0005	0.0000	0.0010	0.0010	0.0003	0.0000	0.0000	0.0000	inf	0.0300	0.0000	-0.0000	0.0016	0.3548	5.0076	4.6068	0.0000	0.0000	0.0000	0.0000	0.0000	0.0000	0.0000	0.0000	0.0000	0.0000	0.0000	0.0000	0.0000	0.0000	0.0000	0.0000	0.0000	0.0000	0.0000	0.0000	0.0000	0.0000	0.0000	0.0000	0.0000	0.0000	0.0000	0.0658	0.0415	0.0243	0.0216	0.0204	0.0012	0.0443	0.0211	0.0231	91.8225	0.0000	9241.2310	0.0000	0.0000	0.0000	7642.2182	0.0000	18011.2339	0.0003	0.0005	0.0000	0.0010	0.0010	0.0003	0.0000	0.0000	0.0000	
111	122	0.0559	5	0	2	0	1	0	0	0	0	N	Y	N	N	N	N	N	N	N	N	N	N	10.7956	10.0069	0.0000	7.1893	6.1791	0.0000	0.0000	0.0000	0.0111	0.0121	0.0000	0.0288	0.0289	0.0000	0.0000	0.0000	0.0000	0.0010	0.0012	0.0008	0.0040	0.0047	0.0000	0.0005	0.0000	0.0009	0.0000	0.6295	-0.0000	-0.0000	0.0016	1.6911	5.0076	5.7022	0.0000	0.0000	0.0000	0.0000	0.0000	0.0000	0.0000	0.0000	0.0000	0.0001	0.0000	0.0000	0.0000	0.0000	0.0000	0.0000	0.0000	0.0000	0.0001	0.0001	0.0000	0.0000	0.0000	0.0000	0.0000	0.0000	0.0000	0.0531	0.0278	0.0253	0.0084	0.0072	0.0012	0.0448	0.0206	0.0241	10.7956	10.0069	0.0000	7.1893	6.1791	0.0000	0.0000	0.0000	0.0000	0.0010	0.0012	0.0008	0.0040	0.0047	0.0000	0.0005	0.0000	0.0009	
111	123	0.0456	4	0	1	0	1	0	0	0	0	N	N	N	N	N	N	N	N	N	N	N	N	0.0000	0.0000	0.0000	0.0000	0.0000	0.0000	0.0000	0.0000	0.0000	0.0000	0.0000	0.0000	0.0000	0.0000	0.0000	0.0000	0.0000	0.0015	0.0013	0.0017	0.0038	0.0044	0.0000	0.0010	0.0000	0.0018	1.2392	0.0000	0.0000	0.0016	2.0929	5.0076	3.1856	0.0000	0.0000	0.0000	0.0000	0.0000	0.0000	0.0000	0.0000	0.0000	0.0001	0.0000	0.0000	0.0000	0.0000	0.0000	0.0000	0.0000	0.0000	0.0001	0.0001	0.0000	0.0000	0.0000	0.0000	0.0001	0.0001	0.0000	0.0400	0.0209	0.0191	0.0069	0.0061	0.0009	0.0331	0.0148	0.0183	0.0000	0.0000	0.0000	0.0000	0.0000	0.0000	0.0000	0.0000	0.0000	0.0015	0.0013	0.0017	0.0038	0.0044	0.0000	0.0010	0.0000	0.0018		
111	124	0.0349	5	1	2	0	1	0	0	0	0	N	Y	N	N	N	N	N	N	N	N	N	N	0.0000	0.0000	0.0000	0.0000	0.0000	0.0000	0.0000	0.0000	0.0000	0.0000	0.0000	0.0000	0.0000	0.0000	0.0000	0.0000	0.0000	0.0000	0.0000	0.0000	0.0016	0.0000	5.0076	0.0000	0.0000	0.0000	0.0000	0.0000	0.0000	0.0000	0.0000	0.0000	0.0000	0.0000	0.0000	0.0000	0.0000	0.0000	0.0000	0.0000	0.0000	0.0000	0.0000	0.0000	0.0000	0.0000	0.0000	0.0000	0.0000	0.0000	0.0000	0.0000	0.0000	0.0000	0.0000	0.0000	0.0000	0.0000	0.0000	0.0000	0.0000	0.0000	0.0000	0.0000	0.0000	0.0000	0.0000	0.0000	0.0000	0.0000	0.0000	0.0000	0.0000	0.0000	0.0000	0.0000	0.0000	0.0000											
111	125	0.0303	4	1	2	0	1	0	0	0	0	N	Y	N	N	N	N	N	N	N	N	N	N	0.0000	0.0000	0.0000	0.0000	0.0000	0.0000	0.0000	0.0000	0.0000	0.0000	0.0000	0.0000	0.0000	0.0000	0.0000	0.0003	0.0006	0.0000	0.0024	0.0027	0.0000	0.0000	0.0000	0.0000	0.0002	0.0000	-0.0000	0.0016	0.1434	5.0076	1.9839	0.0000	0.0000	0.0000	0.0000	0.0000	0.0000	0.0000	0.0000	0.0000	0.0000	0.0000	0.0000	0.0000	0.0000	0.0000	0.0000	0.0000	0.0000	0.0000	0.0000	0.0000	0.0000	0.0000	0.0000	0.0000	0.0000	0.0000	0.0156	0.0080	0.0076	0.0021	0.0018	0.0003	0.0135	0.0062	0.0073	0.0000	0.0000	0.0000	0.0000	0.0000	0.0000	0.0000	0.0000	0.0000	0.0003	0.0006	0.0000	0.0024	0.0027	0.0000	0.0000	0.0000	0.0000				
111	126	0.0199	3	0	2	0	1	0	0	0	0	N	Y	N	N	N	N	N	N	N	N	N	N	0.0000	0.0000	0.0000	0.0000	0.0000	0.0000	0.0000	0.0000	0.0000	0.0000	0.0000	0.0000	0.0000	0.0000	0.0000	0.0000	0.0000	0.0000	0.0262	0.0529	0.0000	0.2703	0.3090	0.0000	0.0000	0.0000	0.0000	0.0007	0.0000	-0.0005	0.0016	1.8882	5.0076	2.9115	0.0000	0.0000	0.0000	0.0000	0.0000	0.0000	0.0000	0.0000	0.0000	0.0009	0.0009	0.0000	0.0009	0.0009	0.0000	0.0000	0.0000	0.0000	0.0001	0.0001	0.0000	0.0000	0.0000	0.0000	0.0000	0.0000	0.0000	0.0350	0.0173	0.0177	0.0034	0.0030	0.0004	0.0316	0.0144	0.0173	0.0000	0.0000	0.0000	0.0000	0.0000	0.0000	0.0000	0.0000	0.0000	0.0262	0.0529	0.0000	0.2703	0.3090	0.0000	0.0000	0.0000	0.0000	
112	113	0.0194	3	0	2	0	1	0	0	0	0	N	Y	N	N	N	N	N	N	N	N	N	N	0.0000	0.0000	0.0000	0.0000	0.0000	0.0000	0.0000	0.0000	0.0000	0.0000	0.0000	0.0000	0.0000	0.0000	0.0000	0.0000	0.0208	0.0419	0.0003	0.1467	0.1551	0.0000	0.0002	0.0000	0.0003	0.0069	0.0000	-0.0003	1.0012	0.9705	2.1373	5.0371	0.0000	0.0000	0.0000	0.0000	0.0000	0.0000	0.0000	0.0000	0.0000	0.0006	0.0006	0.0000	0.0006	0.0006	0.0000	0.0000	0.0000	0.0000	0.0080	0.0069	0.0011	0.0008	0.0008	0.0000	0.0072	0.0061	0.0010	0.0299	0.0147	0.0152	0.0042	0.0040	0.0002	0.0257	0.0107	0.0150	0.0000	0.0000	0.0000	0.0000	0.0000	0.0000	0.0000	0.0000	0.0000	0.0208	0.0419	0.0003	0.1467	0.1551	0.0000	0.0002	0.0000	0.0003			
112	116	0.0165	3	0	1	1	2	0	0	0	0	N	N	N	Y	N	N	N	N	N	N	N	N	0.0000	0.0000	0.0000	0.0000	0.0000	0.0000	0.0000	0.0000	0.0000	0.0000	0.0000	0.0000	0.0000	0.0000	0.0000	0.0000	0.0000	0.3480	0.6473	0.0113	0.0084	0.0090	0.0000	0.3979	0.8771	0.0115	0.0155	0.0000	-0.0018	1.0012	0.9725	2.1373	0.9874	0.0000	0.0000	0.0000	0.0000	0.0000	0.0000	0.0000	0.0000	0.0000	0.0033	0.0033	0.0001	0.0000	0.0000	0.0000	0.0033	0.0033	0.0001	0.0075	0.0065	0.0010	0.0007	0.0007	0.0000	0.0068	0.0058	0.0010	0.0096	0.0051	0.0045	0.0012	0.0012	0.0001	0.0084	0.0039	0.0044	0.0000	0.0000	0.0000	0.0000	0.0000	0.0000	0.0000	0.0000	0.0000	0.3480	0.6473	0.0113	0.0084	0.0090	0.0000	0.3979	0.8346	0.0115		
112	117	0.0165	3	0	1	1	2	0	0	0	0	N	N	N	Y	N	N	N	N	N	N	N	N	0.0000	0.0000	0.0000	0.0000	0.0000	0.0000	0.0000	0.0000	0.0000	0.0000	0.0000	0.0000	0.0000	0.0000	0.0000	0.0000	0.0000	0.1767	0.3340	0.0056	0.0048	0.0052	0.0000	0.1987	0.4394	0.0057	0.0155	0.0000	-0.0018	1.0012	0.0285	2.1373	4.0215	0.0000	0.0000	0.0000	0.0000	0.0000	0.0000	0.0000	0.0000	0.0000	0.0033	0.0033	0.0001	0.0000	0.0000	0.0000	0.0033	0.0033	0.0001	0.0008	0.0007	0.0001	0.0003	0.0003	0.0000	0.0005	0.0004	0.0001	0.0189	0.0099	0.0091	0.0021	0.0020	0.0002	0.0168	0.0079	0.0089	0.0000	0.0000	0.0000	0.0000	0.0000	0.0000	0.0000	0.0000	0.0000	0.1767	0.3340	0.0056	0.0048	0.0052	0.0000	0.1987	0.4173	0.0057		
112	118	0.0089	2	0	1	1	2	0	0	0	0	N	N	N	Y	N	N	N	N	N	N	N	N	0.0000	0.0000	0.0000	0.0000	0.0000	0.0000	0.0000	0.0000	0.0000	0.0000	0.0000	0.0000	0.0000	0.0000	0.0000	0.0000	0.0000	13.5787	26.7173	0.4590	0.0063	0.0064	0.0000	21.3578	97.2656	0.4608	0.0172	0.0000	-0.5305	1.0012	3.0275	2.1373	2.1573	0.0000	0.0000	0.0000	0.0000	0.0000	0.0000	0.0000	0.0000	0.0000	1.0085	0.9915	0.0171	0.0002	0.0002	0.0000	1.0084	0.9913	0.0171	0.0208	0.0178	0.0030	0.0000	0.0000	0.0000	0.0208	0.0178	0.0030	0.0743	0.0371	0.0372	0.0271	0.0269	0.0001	0.0472	0.0102	0.0370	0.0000	0.0000	0.0000	0.0000	0.0000	0.0000	0.0000	0.0000	0.0000	13.5787	26.7173	0.4590	0.0063	0.0064	0.0000	21.3578	97.2656	0.4608		
112	119	0.1016	4	1	2	0	1	0	0	0	0	N	Y	N	N	N	N	N	N	N	N	N	N	0.0000	0.0000	0.0000	0.0000	0.0000	0.0000	0.0000	0.0000	0.0000	0.0000	0.0000	0.0000	0.0000	0.0000	0.0000	0.0000	0.0001	0.0002	0.0000	0.0005	0.0005	0.0000	0.0000	0.0000	0.0000	0.0070	0.0000	-0.0000	1.0012	2.1883	2.1373	3.1271	0.0000	0.0000	0.0000	0.0000	0.0000	0.0000	0.0000	0.0000	0.0000	0.0000	0.0000	0.0000	0.0000	0.0000	0.0000	0.0000	0.0000	0.0000	0.0188	0.0166	0.0022	0.0060	0.0056	0.0004	0.0128	0.0110	0.0018	0.0241	0.0139	0.0102	0.0057	0.0053	0.0004	0.0184	0.0086	0.0098	0.0000	0.0000	0.0000	0.0000	0.0000	0.0000	0.0000	0.0000	0.0000	0.0001	0.0002	0.0000	0.0005	0.0005	0.0000	0.0000	0.0000	0.0000			
112	120	0.0346	3	1	2	0	1	0	0	0	0	N	Y	N	N	N	N	N	N	N	N	N	N	0.0000	0.0000	0.0000	0.0000	0.0000	0.0000	0.0000	0.0000	0.0000	0.0000	0.0000	0.0000	0.0000	0.0000	0.0000	0.0000	0.0000	0.0257	0.0495	0.0004	0.1585	0.1753	0.0000	0.0002	0.0000	0.0004	0.0078	0.0000	-0.0018	1.0012	13.6104	2.1373	16.0982	0.0000	0.0000	0.0000	0.0000	0.0000	0.0000	0.0000	0.0000	0.0000	0.0033	0.0033	0.0000	0.0033	0.0033	0.0000	0.0000	0.0000	0.0000	0.0952	0.0826	0.0126	0.0065	0.0063	0.0002	0.0887	0.0764	0.0124	0.1298	0.0670	0.0628	0.0209	0.0189	0.0020	0.1089	0.0481	0.0608	0.0000	0.0000	0.0000	0.0000	0.0000	0.0000	0.0000	0.0000	0.0000	0.0257	0.0495	0.0004	0.1585	0.1753	0.0000	0.0002	0.0000	0.0004		
112	121	0.0599	5	0	2	0	1	0	0	0	0	N	Y	N	N	N	N	N	N	N	N	N	N	0.0727	0.0500	0.0000	0.0633	0.0609	0.0000	0.0000	0.0001	0.0001	0.0000	0.0002	0.0002	0.0000	0.0000	0.0000	0.0000	0.0012	0.0020	0.0000	0.0037	0.0039	0.0000	0.0000	0.0000	0.0000	0.0000	0.0069	-0.0000	-0.0000	1.0012	0.3548	2.1373	4.6068	0.0000	0.0000	0.0000	0.0000	0.0000	0.0000	0.0000	0.0000	0.0000	0.0001	0.0001	0.0000	0.0001	0.0001	0.0000	0.0000	0.0000	0.0000	0.0094	0.0085	0.0008	0.0036	0.0035	0.0000	0.0058	0.0050	0.0008	0.0443	0.0275	0.0167	0.0146	0.0139	0.0006	0.0297	0.0136	0.0161	0.0727	0.0500	0.0000	0.0633	0.0609	0.0000	0.0000	0.0000	0.0000	0.0012	0.0020	0.0000	0.0037	0.0039	0.0000	0.0000	0.0000	0.0000		
112	122	0.0450	4	0	2	0	1	0	0	0	0	N	Y	N	N	N	N	N	N	N	N	N	N	0.0006	0.0000	0.1219	0.0000	0.0000	0.0000	0.0272	0.0000	0.1208	0.0000	0.0000	0.0004	0.0000	0.0000	0.0000	0.0001	0.0000	0.0004	0.0836	0.1592	0.0033	0.3183	0.3331	0.0000	0.0022	0.0000	0.0034	inf	0.0197	0.0000	-0.0022	1.0012	1.6911	2.1373	5.7022	0.0000	0.0000	0.0000	0.0000	0.0000	0.0000	0.0000	0.0000	0.0000	0.0042	0.0041	0.0001	0.0041	0.0041	0.0000	0.0001	0.0000	0.0001	0.0173	0.0153	0.0021	0.0033	0.0032	0.0000	0.0141	0.0120	0.0020	0.0498	0.0257	0.0242	0.0128	0.0123	0.0006	0.0370	0.0134	0.0236	0.0006	0.0000	0.1219	0.0000	0.0000	0.0000	0.0272	0.0000	0.1208	0.0836	0.1592	0.0033	0.3183	0.3331	0.0000	0.0022	0.0000	0.0034
112	123	0.0346	3	0	1	0	1	0	0	0	0	N	N	N	N	N	N	N	N	N	N	N	N	0.0000	0.0000	0.0000	0.0000	0.0000	0.0000	0.0000	0.0000	0.0000	0.0000	0.0000	0.0000	0.0000	0.0000	0.0000	0.0000	0.0000	0.1886	0.1644	0.2141	0.3076	0.3201	0.0000	0.1436	0.0001	0.2189	1.2358	0.0000	0.0001	1.0012	2.0929	2.1373	3.1856	0.0000	0.0000	0.0000	0.0000	0.0000	0.0000	0.0000	0.0000	0.0000	0.0072	0.0032	0.0040	0.0032	0.0032	0.0000	0.0040	0.0000	0.0040	0.0215	0.0190	0.0025	0.0041	0.0040	0.0000	0.0174	0.0150	0.0024	0.0384	0.0197	0.0187	0.0105	0.0101	0.0004	0.0279	0.0096	0.0183	0.0000	0.0000	0.0000	0.0000	0.0000	0.0000	0.0000	0.0000	0.0000	0.1886	0.1644	0.2141	0.3076	0.3201	0.0000	0.1436	0.0001	0.2189		
112	124	0.0240	4	1	2	0	1	0	0	0	0	N	Y	N	N	N	N	N	N	N	N	N	N	0.0000	0.0000	0.0000	0.0000	0.0000	0.0000	0.0000	0.0000	0.0000	0.0000	0.0000	0.0000	0.0000	0.0000	0.0000	0.0000	0.0000	0.0000	0.0000	0.0000	1.0012	0.0000	2.1373	0.0000	0.0000	0.0000	0.0000	0.0000	0.0000	0.0000	0.0000	0.0000	0.0000	0.0000	0.0000	0.0000	0.0000	0.0000	0.0000	0.0000	0.0000	0.0000	0.0000	0.0000	0.0000	0.0000	0.0000	0.0000	0.0000	0.0000	0.0000	0.0000	0.0000	0.0000	0.0000	0.0000	0.0000	0.0000	0.0000	0.0000	0.0000	0.0000	0.0000	0.0000	0.0000	0.0000	0.0000	0.0000	0.0000	0.0000	0.0000	0.0000	0.0000	0.0000	0.0000	0.0000	0.0000	0.0000											
112	125	0.0194	3	1	2	0	1	0	0	0	0	N	Y	N	N	N	N	N	N	N	N	N	N	0.0000	0.0000	0.0000	0.0000	0.0000	0.0000	0.0000	0.0000	0.0000	0.0000	0.0000	0.0000	0.0000	0.0000	0.0000	0.0000	0.0481	0.0938	0.0007	0.2310	0.2413	0.0000	0.0004	0.0000	0.0007	0.0069	0.0000	-0.0003	1.0012	0.1434	2.1373	1.9839	0.0000	0.0000	0.0000	0.0000	0.0000	0.0000	0.0000	0.0000	0.0000	0.0006	0.0006	0.0000	0.0006	0.0006	0.0000	0.0000	0.0000	0.0000	0.0022	0.0020	0.0002	0.0007	0.0007	0.0000	0.0015	0.0013	0.0002	0.0129	0.0066	0.0064	0.0027	0.0026	0.0001	0.0103	0.0040	0.0062	0.0000	0.0000	0.0000	0.0000	0.0000	0.0000	0.0000	0.0000	0.0000	0.0481	0.0938	0.0007	0.2310	0.2413	0.0000	0.0004	0.0000	0.0007			
112	126	0.0089	2	0	2	0	1	0	0	0	0	N	Y	N	N	N	N	N	N	N	N	N	N	0.0000	0.0000	0.0000	0.0000	0.0000	0.0000	0.0000	0.0000	0.0000	0.0000	0.0000	0.0000	0.0000	0.0000	0.0000	0.0000	0.0000	1.5941	3.1651	0.0239	4.8673	4.4041	0.0000	0.0193	0.0011	0.0240	0.0076	0.0000	-0.0620	1.0012	1.8882	2.1373	2.9115	0.0000	0.0000	0.0000	0.0000	0.0000	0.0000	0.0000	0.0000	0.0000	0.1159	0.1150	0.0009	0.1150	0.1150	0.0000	0.0009	0.0000	0.0009	0.0130	0.0112	0.0019	0.0000	0.0000	0.0000	0.0130	0.0112	0.0019	0.0727	0.0363	0.0363	0.0270	0.0269	0.0001	0.0457	0.0095	0.0362	0.0000	0.0000	0.0000	0.0000	0.0000	0.0000	0.0000	0.0000	0.0000	1.5941	3.1651	0.0239	4.2594	4.2804	0.0000	0.0193	0.0011	0.0240		
113	114	0.0258	3	0	1	1	1	0	0	0	0	N	N	N	N	N	N	N	N	N	N	N	N	0.0000	0.0000	0.0000	0.0000	0.0000	0.0000	0.0000	0.0000	0.0000	0.0000	0.0000	0.0000	0.0000	0.0425	0.0849	0.0000	0.1872	0.1921	0.0000	0.0000	0.0000	0.0000	0.0000	0.0000	-0.0003	0.9705	0.0000	5.0371	1.1303	0.0000	0.0000	0.0000	0.0000	0.0000	0.0000	0.0000	0.0000	0.0000	0.0006	0.0006	0.0000	0.0006	0.0006	0.0000	0.0000	0.0000	0.0000	0.0000	0.0000	0.0000	0.0000	0.0000	0.0000	0.0000	0.0000	0.0000	0.0143	0.0072	0.0071	0.0033	0.0032	0.0001	0.0111	0.0040	0.0071	0.0000	0.0000	0.0000	0.0000	0.0000	0.0000	0.0000	0.0000	0.0000	0.0425	0.0849	0.0000	0.1872	0.1921	0.0000	0.0000	0.0000	0.0000						
113	115	0.0236	2	0	1	0	1	0	0	0	0	N	N	N	N	N	N	N	N	N	N	N	N	0.0000	0.0000	0.0000	0.0000	0.0000	0.0000	0.0000	0.0000	0.0000	0.0000	0.0000	0.0000	0.0000	0.0000	0.0000	0.0000	0.0000	0.0000	65.0321	129.6795	0.0693	0.1789	0.1793	0.0017	81.8435	219.6015	0.0693	0.0005	0.0000	-0.5401	0.9705	0.0000	5.0371	1.2340	0.0000	0.0000	0.0000	0.0000	0.0000	0.0000	0.0000	0.0000	0.0000	0.9957	0.9951	0.0005	0.0006	0.0006	0.0000	0.9951	0.9946	0.0005	0.0000	0.0000	0.0000	0.0000	0.0000	0.0000	0.0000	0.0000	0.0000	0.0153	0.0077	0.0076	0.0032	0.0031	0.0000	0.0122	0.0045	0.0076	0.0000	0.0000	0.0000	0.0000	0.0000	0.0000	0.0000	0.0000	0.0000	65.0321	129.6795	0.0693	0.1789	0.1793	0.0017	81.8435	219.6015	0.0693	
113	116	0.0311	3	0	1	1	1	0	0	0	0	N	N	N	N	N	N	N	N	N	N	N	N	0.0000	0.0000	0.0000	0.0000	0.0000	0.0000	0.0000	0.0000	0.0000	0.0000	0.0000	0.0000	0.0000	0.0001	0.0002	0.0000	0.0015	0.0015	0.0000	0.0000	0.0000	0.0000	0.0002	0.0000	-0.0000	0.9705	0.9725	5.0371	0.9874	0.0000	0.0000	0.0000	0.0000	0.0000	0.0000	0.0000	0.0000	0.0000	0.0000	0.0000	0.0000	0.0000	0.0000	0.0000	0.0000	0.0000	0.0000	0.0084	0.0074	0.0010	0.0014	0.0014	0.0000	0.0070	0.0060	0.0010	0.0156	0.0082	0.0074	0.0013	0.0012	0.0001	0.0144	0.0070	0.0074	0.0000	0.0000	0.0000	0.0000	0.0000	0.0000	0.0000	0.0000	0.0000	0.0001	0.0002	0.0000	0.0015	0.0015	0.0000	0.0000	0.0000	0.0000						
113	117	0.0311	3	0	1	1	1	0	0	0	0	N	N	N	N	N	N	N	N	N	N	N	N	0.0000	0.0000	0.0000	0.0000	0.0000	0.0000	0.0000	0.0000	0.0000	0.0000	0.0000	0.0000	0.0000	0.0000	0.0001	0.0001	0.0000	0.0009	0.0009	0.0000	0.0000	0.0000	0.0000	0.0005	0.0000	-0.0000	0.9705	0.0285	5.0371	4.0215	0.0000	0.0000	0.0000	0.0000	0.0000	0.0000	0.0000	0.0000	0.0000	0.0000	0.0000	0.0000	0.0000	0.0000	0.0000	0.0000	0.0000	0.0000	0.0008	0.0007	0.0001	0.0003	0.0003	0.0000	0.0005	0.0004	0.0001	0.0310	0.0159	0.0150	0.0021	0.0020	0.0001	0.0289	0.0140	0.0149	0.0000	0.0000	0.0000	0.0000	0.0000	0.0000	0.0000	0.0000	0.0000	0.0001	0.0001	0.0000	0.0009	0.0009	0.0000	0.0000	0.0000	0.0000					
113	118	0.0236	2	0	1	1	1	0	0	0	0	N	N	N	N	N	N	N	N	N	N	N	N	0.0000	0.0000	0.0000	0.0000	0.0000	0.0000	0.0000	0.0000	0.0000	0.0000	0.0000	0.0000	0.0000	0.0000	0.0000	0.0000	0.0000	0.0145	0.0297	0.0001	0.1607	0.1618	0.0004	0.0000	0.0000	0.0001	0.0025	0.0000	-0.0004	0.9705	3.0275	5.0371	2.1573	0.0000	0.0000	0.0000	0.0000	0.0000	0.0000	0.0000	0.0000	0.0000	0.0007	0.0007	0.0000	0.0007	0.0007	0.0000	0.0000	0.0000	0.0000	0.0238	0.0207	0.0031	0.0023	0.0023	0.0001	0.0215	0.0184	0.0031	0.0453	0.0220	0.0232	0.0041	0.0040	0.0000	0.0412	0.0180	0.0232	0.0000	0.0000	0.0000	0.0000	0.0000	0.0000	0.0000	0.0000	0.0000	0.0145	0.0297	0.0001	0.1607	0.1618	0.0004	0.0000	0.0000	0.0001		
113	119	0.1163	4	1	2	0	0	0	0	0	0	N	Y	N	N	N	N	N	N	N	N	N	N	0.0000	0.0000	0.0000	0.0000	0.0000	0.0000	0.0000	0.0000	0.0000	0.0000	0.0000	0.0000	0.0000	0.0000	0.0000	0.0000	0.0000	0.0000	0.0799	0.0003	0.1826	0.0035	0.0007	0.0648	0.1087	0.0000	0.1858	417.0316	0.0000	0.0019	0.9705	2.1883	5.0371	3.1271	0.0000	0.0000	0.0000	0.0000	0.0000	0.0000	0.0000	0.0000	0.0000	0.0042	0.0000	0.0041	0.0000	0.0000	0.0000	0.0041	0.0000	0.0041	0.0209	0.0185	0.0024	0.0075	0.0070	0.0005	0.0134	0.0115	0.0019	0.0520	0.0293	0.0227	0.0142	0.0136	0.0006	0.0378	0.0157	0.0221	0.0000	0.0000	0.0000	0.0000	0.0000	0.0000	0.0000	0.0000	0.0000	0.0799	0.0003	0.1826	0.0035	0.0007	0.0648	0.1087	0.0000	0.1858	
113	120	0.0493	3	1	2	0	0	0	0	0	0	N	Y	N	N	N	N	N	N	N	N	N	N	0.0000	0.0000	0.0000	0.0000	0.0000	0.0000	0.0000	0.0000	0.0000	0.0000	0.0000	0.0000	0.0000	0.0000	0.0000	0.0000	0.0000	0.0000	0.0222	0.0414	0.0019	0.2386	0.2778	0.0001	0.0010	0.0000	0.0019	0.0432	0.0000	-0.0022	0.9705	13.6104	5.0371	16.0982	0.0000	0.0000	0.0000	0.0000	0.0000	0.0000	0.0000	0.0000	0.0000	0.0045	0.0043	0.0002	0.0043	0.0043	0.0000	0.0002	0.0000	0.0002	0.1082	0.0948	0.0134	0.0165	0.0159	0.0006	0.0917	0.0789	0.0128	0.2003	0.1030	0.0972	0.0179	0.0154	0.0025	0.1824	0.0877	0.0947	0.0000	0.0000	0.0000	0.0000	0.0000	0.0000	0.0000	0.0000	0.0000	0.0222	0.0414	0.0019	0.2386	0.2778	0.0001	0.0010	0.0000	0.0019	
113	121	0.0746	5	0	2	0	0	0	0	0	0	N	Y	N	N	N	N	N	N	N	N	N	N	3.1628	17.8910	0.0000	19.0123	19.1932	0.0000	0.0016	948.9521	0.0000	0.1708	0.1894	0.0000	0.3979	0.4175	0.0000	0.0001	0.0001	0.0000	0.0540	0.0106	0.1274	0.0209	0.0218	0.0003	0.0694	0.0000	0.1317	0.0000	7.1163	-0.0007	0.0014	0.9705	0.3548	5.0371	4.6068	0.0018	0.0018	0.0000	0.0018	0.0018	0.0000	0.0000	0.0000	0.0000	0.0042	0.0005	0.0037	0.0005	0.0005	0.0000	0.0037	0.0000	0.0037	0.0105	0.0094	0.0010	0.0045	0.0043	0.0002	0.0060	0.0051	0.0008	0.0778	0.0489	0.0289	0.0247	0.0238	0.0009	0.0530	0.0251	0.0279	3.1628	17.8910	0.0000	19.0123	19.1932	0.0000	0.0016	948.9521	0.0000	0.0540	0.0106	0.1274	0.0209	0.0218	0.0003	0.0694	0.0000	0.1317
113	122	0.0597	4	0	2	0	0	0	0	0	0	N	Y	N	N	N	N	N	N	N	N	N	N	6.0282	18.9546	0.0000	77.2416	83.5582	0.0000	0.8067	2.7166	0.0000	0.0952	0.1074	0.0000	0.3549	0.3609	0.0000	0.0142	0.0167	0.0000	0.0158	0.0057	0.0266	0.0046	0.0043	0.0077	0.0177	0.0061	0.0270	0.0000	4.3949	-0.0007	0.0003	0.9705	1.6911	5.0371	5.7022	0.0018	0.0018	0.0000	0.0016	0.0016	0.0000	0.0002	0.0002	0.0000	0.0010	0.0002	0.0008	0.0000	0.0000	0.0000	0.0010	0.0001	0.0008	0.0189	0.0167	0.0022	0.0045	0.0044	0.0001	0.0144	0.0123	0.0021	0.0633	0.0327	0.0306	0.0090	0.0083	0.0007	0.0542	0.0243	0.0299	6.0282	18.9546	0.0000	77.2416	83.5582	0.0000	0.8067	2.7166	0.0000	0.0158	0.0057	0.0266	0.0046	0.0043	0.0077	0.0177	0.0061	0.0270
113	123	0.0493	3	0	1	0	0	0	0	0	0	N	N	N	N	N	N	N	N	N	N	N	N	0.0270	0.0220	0.0000	0.0222	0.0210	0.0000	0.0118	65.1869	0.0000	0.0004	0.0005	0.0000	0.0015	0.0016	0.0000	0.0001	0.0001	0.0000	0.0154	0.0213	0.0092	0.0695	0.0747	0.0006	0.0053	0.0000	0.0094	0.0000	0.4082	-0.0000	-0.0002	0.9705	2.0929	5.0371	3.1856	0.0000	0.0000	0.0000	0.0000	0.0000	0.0000	0.0000	0.0000	0.0000	0.0007	0.0005	0.0002	0.0005	0.0005	0.0000	0.0002	0.0000	0.0002	0.0234	0.0208	0.0026	0.0056	0.0055	0.0001	0.0178	0.0153	0.0025	0.0473	0.0243	0.0230	0.0074	0.0069	0.0005	0.0398	0.0174	0.0224	0.0270	0.0220	0.0000	0.0222	0.0210	0.0000	0.0118	65.1869	0.0000	0.0154	0.0213	0.0092	0.0695	0.0747	0.0006	0.0053	0.0000	0.0094
113	124	0.0178	2	1	2	0	0	0	0	0	0	N	Y	N	N	N	N	N	N	N	N	N	N	0.0000	0.0000	0.0000	0.0000	0.0000	0.0000	0.0000	0.0000	0.0000	0.0000	0.0000	0.0000	0.0000	0.0000	0.0000	0.0000	0.0000	0.0000	0.0000	0.0000	0.9705	0.0000	5.0371	0.0000	0.0000	0.0000	0.0000	0.0000	0.0000	0.0000	0.0000	0.0000	0.0000	0.0000	0.0000	0.0000	0.0000	0.0000	0.0000	0.0000	0.0000	0.0000	0.0000	0.0000	0.0000	0.0000	0.0000	0.0000	0.0000	0.0000	0.0000	0.0000	0.0000	0.0000	0.0000	0.0000	0.0000	0.0000	0.0000	0.0000	0.0000	0.0000	0.0000	0.0000	0.0000	0.0000	0.0000	0.0000	0.0000	0.0000	0.0000	0.0000	0.0000	0.0000	0.0000	0.0000	0.0000	0.0000											
114	116	0.0121	3	0	0	2	2	0	0	0	0	N	N	Y	Y	N	N	N	N	N	N	N	N	0.0000	0.0000	0.0000	0.0000	0.0000	0.0000	0.0000	0.0000	0.0000	0.0000	0.0000	0.0000	0.0000	0.0118	0.0000	0.0259	0.0000	0.0000	0.0000	0.0147	0.0000	0.0263	inf	0.0000	0.0000	0.0000	0.9725	1.1303	0.9874	0.0000	0.0000	0.0000	0.0000	0.0000	0.0000	0.0000	0.0000	0.0000	0.0001	0.0000	0.0001	0.0000	0.0000	0.0000	0.0001	0.0000	0.0001	0.0000	0.0000	0.0000	0.0000	0.0000	0.0000	0.0000	0.0000	0.0000	0.0043	0.0023	0.0020	0.0009	0.0008	0.0000	0.0034	0.0015	0.0019	0.0000	0.0000	0.0000	0.0000	0.0000	0.0000	0.0000	0.0000	0.0000	0.0118	0.0000	0.0259	0.0000	0.0000	0.0000	0.0147	0.0000	0.0263						
114	117	0.0121	3	0	0	2	2	0	0	0	0	N	N	Y	Y	N	N	N	N	N	N	N	N	0.0000	0.0000	0.0000	0.0000	0.0000	0.0000	0.0000	0.0000	0.0000	0.0000	0.0000	0.0000	0.0000	0.0060	0.0000	0.0131	0.0000	0.0000	0.0000	0.0074	0.0000	0.0133	inf	0.0000	0.0000	0.0000	0.0285	1.1303	4.0215	0.0000	0.0000	0.0000	0.0000	0.0000	0.0000	0.0000	0.0000	0.0000	0.0001	0.0000	0.0001	0.0000	0.0000	0.0000	0.0001	0.0000	0.0001	0.0000	0.0000	0.0000	0.0000	0.0000	0.0000	0.0000	0.0000	0.0000	0.0084	0.0045	0.0039	0.0016	0.0015	0.0001	0.0069	0.0030	0.0038	0.0000	0.0000	0.0000	0.0000	0.0000	0.0000	0.0000	0.0000	0.0000	0.0060	0.0000	0.0131	0.0000	0.0000	0.0000	0.0074	0.0000	0.0133						
114	118	0.0046	2	0	0	2	2	0	0	0	0	N	N	Y	Y	N	N	N	N	N	N	N	N	0.0000	0.0000	0.0000	0.0000	0.0000	0.0000	0.0000	0.0000	0.0000	0.0000	0.0000	0.0000	0.0000	0.0000	0.0000	0.0000	0.2830	0.0015	0.5684	0.0017	0.0017	0.0000	0.5035	0.0000	0.5693	385.9414	0.0000	0.0078	0.0000	3.0275	1.1303	2.1573	0.0000	0.0000	0.0000	0.0000	0.0000	0.0000	0.0000	0.0000	0.0000	0.0171	0.0000	0.0170	0.0000	0.0000	0.0000	0.0170	0.0000	0.0170	0.0000	0.0000	0.0000	0.0000	0.0000	0.0000	0.0000	0.0000	0.0000	0.0604	0.0304	0.0300	0.0265	0.0265	0.0001	0.0339	0.0039	0.0299	0.0000	0.0000	0.0000	0.0000	0.0000	0.0000	0.0000	0.0000	0.0000	0.2830	0.0015	0.5684	0.0017	0.0017	0.0000	0.5035	0.0000	0.5693			
114	119	0.0972	4	1	1	1	1	0	0	0	0	N	N	N	N	N	N	N	N	N	N	N	N	0.0000	0.0000	0.0000	0.0000	0.0000	0.0000	0.0000	0.0000	0.0000	0.0000	0.0000	0.0000	0.0000	0.0002	0.0004	0.0000	0.0009	0.0009	0.0000	0.0000	0.0000	0.0000	0.0000	0.0000	-0.0000	0.0000	2.1883	1.1303	3.1271	0.0000	0.0000	0.0000	0.0000	0.0000	0.0000	0.0000	0.0000	0.0000	0.0000	0.0000	0.0000	0.0000	0.0000	0.0000	0.0000	0.0000	0.0000	0.0000	0.0000	0.0000	0.0000	0.0000	0.0000	0.0000	0.0000	0.0000	0.0107	0.0061	0.0046	0.0030	0.0029	0.0002	0.0076	0.0032	0.0044	0.0000	0.0000	0.0000	0.0000	0.0000	0.0000	0.0000	0.0000	0.0000	0.0002	0.0004	0.0000	0.0009	0.0009	0.0000	0.0000	0.0000	0.0000						
114	120	0.0303	3	1	1	1	1	0	0	0	0	N	N	N	N	N	N	N	N	N	N	N	N	0.0000	0.0000	0.0000	0.0000	0.0000	0.0000	0.0000	0.0000	0.0000	0.0000	0.0000	0.0000	0.0000	0.0000	0.0000	0.0000	0.0532	0.1024	0.0001	0.2182	0.2293	0.0000	0.0001	0.0000	0.0001	0.0008	0.0000	-0.0018	0.0000	13.6104	1.1303	16.0982	0.0000	0.0000	0.0000	0.0000	0.0000	0.0000	0.0000	0.0000	0.0000	0.0033	0.0033	0.0000	0.0033	0.0033	0.0000	0.0000	0.0000	0.0000	0.0000	0.0000	0.0000	0.0000	0.0000	0.0000	0.0000	0.0000	0.0000	0.0623	0.0324	0.0300	0.0152	0.0145	0.0007	0.0471	0.0179	0.0292	0.0000	0.0000	0.0000	0.0000	0.0000	0.0000	0.0000	0.0000	0.0000	0.0532	0.1024	0.0001	0.2182	0.2293	0.0000	0.0001	0.0000	0.0001			
114	121	0.0555	5	0	1	1	1	0	0	0	0	N	N	N	N	N	N	N	N	N	N	N	N	0.0000	0.0000	0.0000	0.0000	0.0000	0.0000	0.0000	0.0000	0.0000	0.0000	0.0000	0.0000	0.0000	0.0046	0.0076	0.0000	0.0133	0.0139	0.0000	0.0000	0.0000	0.0000	0.0000	0.0000	-0.0000	0.0000	0.3548	1.1303	4.6068	0.0000	0.0000	0.0000	0.0000	0.0000	0.0000	0.0000	0.0000	0.0000	0.0001	0.0001	0.0000	0.0001	0.0001	0.0000	0.0000	0.0000	0.0000	0.0000	0.0000	0.0000	0.0000	0.0000	0.0000	0.0000	0.0000	0.0000	0.0180	0.0110	0.0070	0.0063	0.0060	0.0002	0.0118	0.0050	0.0067	0.0000	0.0000	0.0000	0.0000	0.0000	0.0000	0.0000	0.0000	0.0000	0.0046	0.0076	0.0000	0.0133	0.0139	0.0000	0.0000	0.0000	0.0000						
114	122	0.0406	4	0	1	1	1	0	0	0	0	N	N	N	N	N	N	N	N	N	N	N	N	0.0000	0.0000	0.0000	0.0000	0.0000	0.0000	0.0000	0.0000	0.0000	0.0000	0.0000	0.0000	0.0000	0.0000	0.0000	0.0000	0.0000	0.1435	0.2754	0.0044	0.4033	0.4118	0.0000	0.0043	0.0040	0.0044	0.0150	0.0000	-0.0022	0.0000	1.6911	1.1303	5.7022	0.0000	0.0000	0.0000	0.0000	0.0000	0.0000	0.0000	0.0000	0.0000	0.0042	0.0041	0.0001	0.0041	0.0041	0.0000	0.0001	0.0000	0.0001	0.0000	0.0000	0.0000	0.0000	0.0000	0.0000	0.0000	0.0000	0.0000	0.0291	0.0149	0.0141	0.0101	0.0099	0.0002	0.0189	0.0050	0.0139	0.0000	0.0000	0.0000	0.0000	0.0000	0.0000	0.0000	0.0000	0.0000	0.1435	0.2754	0.0044	0.4033	0.4118	0.0000	0.0043	0.0040	0.0044		
114	123	0.0303	3	0	0	1	1	0	0	0	0	N	N	N	N	N	N	N	N	N	N	N	N	0.0000	0.0000	0.0000	0.0000	0.0000	0.0000	0.0000	0.0000	0.0000	0.0000	0.0000	0.0000	0.0000	0.0000	0.0000	0.0000	0.0000	0.3164	0.2760	0.3587	0.3906	0.3979	0.0000	0.2743	0.0004	0.3636	1.2397	0.0000	0.0001	0.0000	2.0929	1.1303	3.1856	0.0000	0.0000	0.0000	0.0000	0.0000	0.0000	0.0000	0.0000	0.0000	0.0072	0.0032	0.0040	0.0032	0.0032	0.0000	0.0040	0.0000	0.0040	0.0000	0.0000	0.0000	0.0000	0.0000	0.0000	0.0000	0.0000	0.0000	0.0227	0.0116	0.0111	0.0082	0.0081	0.0001	0.0145	0.0036	0.0110	0.0000	0.0000	0.0000	0.0000	0.0000	0.0000	0.0000	0.0000	0.0000	0.3164	0.2760	0.3587	0.3906	0.3979	0.0000	0.2743	0.0004	0.3636		
114	124	0.0196	4	1	1	1	1	0	0	0	0	N	N	N	N	N	N	N	N	N	N	N	N	0.0000	0.0000	0.0000	0.0000	0.0000	0.0000	0.0000	0.0000	0.0000	0.0000	0.0000	0.0000	0.0000	0.0000	0.0000	0.0000	0.0000	0.0000	0.0000	0.0000	0.0000	0.0000	1.1303	0.0000	0.0000	0.0000	0.0000	0.0000	0.0000	0.0000	0.0000	0.0000	0.0000	0.0000	0.0000	0.0000	0.0000	0.0000	0.0000	0.0000	0.0000	0.0000	0.0000	0.0000	0.0000	0.0000	0.0000	0.0000	0.0000	0.0000	0.0000	0.0000	0.0000	0.0000	0.0000	0.0000	0.0000	0.0000	0.0000	0.0000	0.0000	0.0000	0.0000	0.0000	0.0000	0.0000	0.0000	0.0000	0.0000	0.0000	0.0000	0.0000	0.0000	0.0000	0.0000	0.0000	0.0000	0.0000											
114	125	0.0150	3	1	1	1	1	0	0	0	0	N	N	N	N	N	N	N	N	N	N	N	N	0.0000	0.0000	0.0000	0.0000	0.0000	0.0000	0.0000	0.0000	0.0000	0.0000	0.0000	0.0000	0.0000	0.0894	0.1750	0.0000	0.3009	0.3073	0.0000	0.0000	0.0000	0.0000	0.0000	0.0000	-0.0003	0.0000	0.1434	1.1303	1.9839	0.0000	0.0000	0.0000	0.0000	0.0000	0.0000	0.0000	0.0000	0.0000	0.0006	0.0006	0.0000	0.0006	0.0006	0.0000	0.0000	0.0000	0.0000	0.0000	0.0000	0.0000	0.0000	0.0000	0.0000	0.0000	0.0000	0.0000	0.0068	0.0035	0.0033	0.0020	0.0020	0.0000	0.0048	0.0015	0.0033	0.0000	0.0000	0.0000	0.0000	0.0000	0.0000	0.0000	0.0000	0.0000	0.0894	0.1750	0.0000	0.3009	0.3073	0.0000	0.0000	0.0000	0.0000						
114	126	0.0046	2	0	1	1	1	0	0	0	0	N	N	N	N	N	N	N	N	N	N	N	N	0.0000	0.0000	0.0000	0.0000	0.0000	0.0000	0.0000	0.0000	0.0000	0.0000	0.0000	0.0000	0.0000	0.0000	0.0000	0.0000	1.8876	3.7487	0.0027	4.8404	4.3090	0.0000	0.0024	0.0000	0.0027	0.0007	0.0000	-0.0612	0.0000	1.8882	1.1303	2.9115	0.0000	0.0000	0.0000	0.0000	0.0000	0.0000	0.0000	0.0000	0.0000	0.1128	0.1127	0.0001	0.1127	0.1127	0.0000	0.0001	0.0000	0.0001	0.0000	0.0000	0.0000	0.0000	0.0000	0.0000	0.0000	0.0000	0.0000	0.0598	0.0301	0.0297	0.0265	0.0264	0.0000	0.0333	0.0036	0.0296	0.0000	0.0000	0.0000	0.0000	0.0000	0.0000	0.0000	0.0000	0.0000	1.8876	3.7487	0.0027	4.2567	4.2644	0.0000	0.0024	0.0000	0.0027			
115	116	0.0096	2	0	0	1	2	0	0	0	0	N	N	N	Y	N	N	N	N	N	N	N	N	0.0000	0.0000	0.0000	0.0000	0.0000	0.0000	0.0000	0.0000	0.0000	0.0000	0.0000	0.0000	0.0000	0.0000	0.0000	0.0000	0.0000	0.0207	0.0205	0.0210	0.0611	0.0618	0.0003	0.0117	0.0000	0.0210	0.8542	0.0000	-0.0000	0.0000	0.9725	1.2340	0.9874	0.0000	0.0000	0.0000	0.0000	0.0000	0.0000	0.0000	0.0000	0.0000	0.0001	0.0001	0.0000	0.0001	0.0001	0.0000	0.0000	0.0000	0.0000	0.0000	0.0000	0.0000	0.0000	0.0000	0.0000	0.0000	0.0000	0.0000	0.0047	0.0025	0.0021	0.0009	0.0008	0.0000	0.0038	0.0017	0.0021	0.0000	0.0000	0.0000	0.0000	0.0000	0.0000	0.0000	0.0000	0.0000	0.0207	0.0205	0.0210	0.0611	0.0618	0.0003	0.0117	0.0000	0.0210		
115	117	0.0096	2	0	0	1	2	0	0	0	0	N	N	N	Y	N	N	N	N	N	N	N	N	0.0000	0.0000	0.0000	0.0000	0.0000	0.0000	0.0000	0.0000	0.0000	0.0000	0.0000	0.0000	0.0000	0.0000	0.0000	0.0000	0.0000	0.0106	0.0106	0.0106	0.0342	0.0346	0.0002	0.0059	0.0000	0.0106	0.8542	0.0000	-0.0000	0.0000	0.0285	1.2340	4.0215	0.0000	0.0000	0.0000	0.0000	0.0000	0.0000	0.0000	0.0000	0.0000	0.0001	0.0001	0.0000	0.0001	0.0001	0.0000	0.0000	0.0000	0.0000	0.0000	0.0000	0.0000	0.0000	0.0000	0.0000	0.0000	0.0000	0.0000	0.0091	0.0049	0.0042	0.0015	0.0015	0.0000	0.0076	0.0034	0.0042	0.0000	0.0000	0.0000	0.0000	0.0000	0.0000	0.0000	0.0000	0.0000	0.0106	0.0106	0.0106	0.0342	0.0346	0.0002	0.0059	0.0000	0.0106		
115	119	0.0948	3	1	1	0	1	0	0	0	0	N	N	N	N	N	N	N	N	N	N	N	N	0.0000	0.0000	0.0000	0.0000	0.0000	0.0000	0.0000	0.0000	0.0000	0.0000	0.0000	0.0000	0.0000	0.0000	0.0000	0.0000	0.0000	0.0013	0.0019	0.0005	0.0040	0.0042	0.0000	0.0003	0.0000	0.0005	0.1842	0.0000	-0.0000	0.0000	2.1883	1.2340	3.1271	0.0000	0.0000	0.0000	0.0000	0.0000	0.0000	0.0000	0.0000	0.0000	0.0000	0.0000	0.0000	0.0000	0.0000	0.0000	0.0000	0.0000	0.0000	0.0000	0.0000	0.0000	0.0000	0.0000	0.0000	0.0000	0.0000	0.0000	0.0115	0.0066	0.0049	0.0031	0.0029	0.0001	0.0084	0.0036	0.0048	0.0000	0.0000	0.0000	0.0000	0.0000	0.0000	0.0000	0.0000	0.0000	0.0013	0.0019	0.0005	0.0040	0.0042	0.0000	0.0003	0.0000	0.0005		
115	120	0.0278	2	1	1	0	1	0	0	0	0	N	N	N	N	N	N	N	N	N	N	N	N	0.0000	0.0000	0.0000	0.0000	0.0000	0.0000	0.0000	0.0000	0.0000	0.0000	0.0000	0.0000	0.0000	0.0000	0.0000	0.0000	0.0000	0.0870	0.0839	0.0904	0.1929	0.1998	0.0000	0.0561	0.0005	0.0919	0.9915	0.0000	-0.0003	0.0000	13.6104	1.2340	16.0982	0.0000	0.0000	0.0000	0.0000	0.0000	0.0000	0.0000	0.0000	0.0000	0.0058	0.0029	0.0029	0.0029	0.0029	0.0000	0.0029	0.0000	0.0029	0.0000	0.0000	0.0000	0.0000	0.0000	0.0000	0.0000	0.0000	0.0000	0.0666	0.0347	0.0319	0.0150	0.0145	0.0005	0.0515	0.0202	0.0314	0.0000	0.0000	0.0000	0.0000	0.0000	0.0000	0.0000	0.0000	0.0000	0.0870	0.0839	0.0904	0.1929	0.1998	0.0000	0.0561	0.0005	0.0919		
115	121	0.0531	4	0	1	0	1	0	0	0	0	N	N	N	N	N	N	N	N	N	N	N	N	0.0000	0.0000	0.0000	0.0000	0.0000	0.0000	0.0000	0.0000	0.0000	0.0000	0.0000	0.0000	0.0000	0.0000	0.0000	0.0000	0.0000	0.0258	0.0381	0.0062	0.0694	0.0715	0.0000	0.0036	0.0000	0.0063	0.1017	0.0000	-0.0002	0.0000	0.3548	1.2340	4.6068	0.0000	0.0000	0.0000	0.0000	0.0000	0.0000	0.0000	0.0000	0.0000	0.0005	0.0005	0.0000	0.0005	0.0005	0.0000	0.0000	0.0000	0.0000	0.0000	0.0000	0.0000	0.0000	0.0000	0.0000	0.0000	0.0000	0.0000	0.0195	0.0120	0.0075	0.0066	0.0064	0.0002	0.0129	0.0056	0.0073	0.0000	0.0000	0.0000	0.0000	0.0000	0.0000	0.0000	0.0000	0.0000	0.0258	0.0381	0.0062	0.0694	0.0715	0.0000	0.0036	0.0000	0.0063		
115	122	0.0382	3	0	1	0	1	0	0	0	0	N	N	N	N	N	N	N	N	N	N	N	N	0.0000	0.0000	0.0000	0.0000	0.0000	0.0000	0.0000	0.0000	0.0000	0.0000	0.0000	0.0000	0.0000	0.0000	0.0000	0.0000	0.0000	0.0000	0.2517	0.2571	0.2459	0.3581	0.3633	0.0075	0.1982	0.0677	0.2484	0.9034	0.0000	-0.0005	0.0000	1.6911	1.2340	5.7022	0.0000	0.0000	0.0000	0.0000	0.0000	0.0000	0.0000	0.0000	0.0000	0.0076	0.0040	0.0036	0.0036	0.0036	0.0000	0.0040	0.0004	0.0036	0.0000	0.0000	0.0000	0.0000	0.0000	0.0000	0.0000	0.0000	0.0000	0.0304	0.0156	0.0147	0.0102	0.0100	0.0002	0.0202	0.0056	0.0146	0.0000	0.0000	0.0000	0.0000	0.0000	0.0000	0.0000	0.0000	0.0000	0.2517	0.2571	0.2459	0.3581	0.3633	0.0075	0.1982	0.0677	0.2484	
115	123	0.0278	2	0	0	0	1	0	0	0	0	N	N	N	N	N	N	N	N	N	N	N	N	0.0000	0.0000	0.0000	0.0000	0.0000	0.0000	0.0000	0.0000	0.0000	0.0000	0.0000	0.0000	0.0000	0.0000	0.0000	0.0000	0.0000	0.5293	0.5170	0.5422	0.7590	0.7691	0.0000	0.4066	0.0053	0.5473	0.9970	0.0000	-0.0005	0.0000	2.0929	1.2340	3.1856	0.0000	0.0000	0.0000	0.0000	0.0000	0.0000	0.0000	0.0000	0.0000	0.0126	0.0063	0.0063	0.0063	0.0063	0.0000	0.0063	0.0000	0.0063	0.0000	0.0000	0.0000	0.0000	0.0000	0.0000	0.0000	0.0000	0.0000	0.0237	0.0122	0.0116	0.0083	0.0082	0.0001	0.0155	0.0040	0.0115	0.0000	0.0000	0.0000	0.0000	0.0000	0.0000	0.0000	0.0000	0.0000	0.5293	0.5170	0.5422	0.7590	0.7691	0.0000	0.4066	0.0053	0.5473		
115	124	0.0172	3	1	1	0	1	0	0	0	0	N	N	N	N	N	N	N	N	N	N	N	N	0.0000	0.0000	0.0000	0.0000	0.0000	0.0000	0.0000	0.0000	0.0000	0.0000	0.0000	0.0000	0.0000	0.0000	0.0000	0.0000	0.0000	0.0000	0.0000	0.0000	0.0000	0.0000	1.2340	0.0000	0.0000	0.0000	0.0000	0.0000	0.0000	0.0000	0.0000	0.0000	0.0000	0.0000	0.0000	0.0000	0.0000	0.0000	0.0000	0.0000	0.0000	0.0000	0.0000	0.0000	0.0000	0.0000	0.0000	0.0000	0.0000	0.0000	0.0000	0.0000	0.0000	0.0000	0.0000	0.0000	0.0000	0.0000	0.0000	0.0000	0.0000	0.0000	0.0000	0.0000	0.0000	0.0000	0.0000	0.0000	0.0000	0.0000	0.0000	0.0000	0.0000	0.0000	0.0000	0.0000	0.0000	0.0000											
115	125	0.0126	2	1	1	0	1	0	0	0	0	N	N	N	N	N	N	N	N	N	N	N	N	0.0000	0.0000	0.0000	0.0000	0.0000	0.0000	0.0000	0.0000	0.0000	0.0000	0.0000	0.0000	0.0000	0.0000	0.0000	0.0000	0.0000	0.9034	1.6260	0.1505	3.3027	3.0369	0.0044	0.1015	0.0000	0.1506	0.0888	0.0000	-0.0030	0.0000	0.1434	1.2340	1.9839	0.0000	0.0000	0.0000	0.0000	0.0000	0.0000	0.0000	0.0000	0.0000	0.0065	0.0060	0.0005	0.0060	0.0060	0.0000	0.0005	0.0000	0.0005	0.0000	0.0000	0.0000	0.0000	0.0000	0.0000	0.0000	0.0000	0.0000	0.0072	0.0037	0.0035	0.0020	0.0020	0.0000	0.0052	0.0017	0.0035	0.0000	0.0000	0.0000	0.0000	0.0000	0.0000	0.0000	0.0000	0.0000	0.9034	1.6260	0.1505	3.0329	3.0369	0.0044	0.1015	0.0000	0.1506		
116	119	0.1023	4	1	1	1	1	0	0	0	0	N	N	N	N	N	N	N	N	N	N	N	N	2087.5694	1392.8494	1011.2977	944.4796	inf	inf	0.0012	0.0014	0.0000	0.0027	0.0029	0.0000	0.0001	0.0001	0.0000	0.0000	0.0000	0.0000	0.0000	0.0000	0.0000	0.0000	0.0000	0.0000	0.0000	0.0000	-0.0000	-0.0000	0.9725	2.1883	0.9874	3.1271	0.0000	0.0000	0.0000	0.0000	0.0000	0.0000	0.0000	0.0000	0.0000	0.0000	0.0000	0.0000	0.0000	0.0000	0.0000	0.0000	0.0000	0.0000	0.0231	0.0207	0.0024	0.0102	0.0096	0.0006	0.0129	0.0111	0.0018	0.0140	0.0084	0.0056	0.0030	0.0027	0.0002	0.0110	0.0056	0.0054	2087.5694	1392.8494	0.0000	1011.2977	944.4796	0.0000	inf	inf	0.0000	0.0000	0.0000	0.0000	0.0000	0.0000	0.0000	0.0000	0.0000	0.0000			
116	120	0.0354	3	1	1	1	1	0	0	0	0	N	N	N	N	N	N	N	N	N	N	N	N	11.7622	7.1939	1.7319	0.4936	0.4383	inf	24227.9002	67385.7942	0.3505	0.0033	0.0038	0.0000	0.0013	0.0013	0.0000	0.0037	0.0043	0.0000	0.0003	0.0005	0.0000	0.0026	0.0030	0.0000	0.0000	0.0000	0.0000	0.0000	0.0004	-0.0001	-0.0000	0.9725	13.6104	0.9874	16.0982	0.0003	0.0003	0.0000	0.0000	0.0000	0.0000	0.0003	0.0003	0.0000	0.0000	0.0000	0.0000	0.0000	0.0000	0.0000	0.0000	0.0000	0.0000	0.1045	0.0920	0.0125	0.0177	0.0172	0.0004	0.0869	0.0748	0.0121	0.0699	0.0376	0.0323	0.0075	0.0065	0.0010	0.0624	0.0311	0.0313	11.7622	7.1939	1.7319	0.4936	0.4383	inf	24227.9002	67385.7942	0.3505	0.0003	0.0005	0.0000	0.0026	0.0030	0.0000	0.0000	0.0000	0.0000
116	121	0.0606	5	0	1	1	1	0	0	0	0	N	N	N	N	N	N	N	N	N	N	N	N	0.0405	424.7110	0.0000	2.0278	248.5562	0.0000	0.0000	0.0000	0.0038	0.0040	0.0000	0.0047	0.0048	0.0000	0.0000	0.0000	0.0000	0.0939	0.0000	0.2592	0.0023	0.0000	0.0573	0.1381	0.0000	0.2666	0.0000	15605.3996	-0.0000	0.0011	0.9725	0.3548	0.9874	4.6068	0.0001	0.0001	0.0000	0.0001	0.0001	0.0000	0.0000	0.0000	0.0000	0.0025	0.0000	0.0025	0.0000	0.0000	0.0000	0.0025	0.0000	0.0025	0.0146	0.0139	0.0007	0.0120	0.0116	0.0003	0.0027	0.0023	0.0004	0.0267	0.0170	0.0097	0.0087	0.0083	0.0003	0.0180	0.0087	0.0093	0.0405	424.7110	0.0000	2.0278	248.5562	0.0000	0.0000	0.0000	0.0000	0.0939	0.0000	0.2592	0.0023	0.0000	0.0573	0.1381	0.0000	0.2666	
116	122	0.0457	4	0	1	1	1	0	0	0	0	N	N	N	N	N	N	N	N	N	N	N	N	0.0001	1.0524	0.0000	0.2186	0.7990	0.0001	0.0000	0.5040	0.0000	0.0048	0.0052	0.0000	0.0093	0.0095	0.0000	0.0010	0.0011	0.0000	42.7224	0.0050	217.1057	0.0424	0.0119	0.5755	51.1685	0.0022	221.4546	0.0001	15970.7491	-0.0000	0.4406	0.9725	1.6911	0.9874	5.7022	0.0001	0.0001	0.0000	0.0001	0.0001	0.0000	0.0000	0.0000	0.0000	0.9642	0.0001	0.9641	0.0002	0.0000	0.0001	0.9640	0.0000	0.9640	0.0218	0.0198	0.0020	0.0100	0.0097	0.0003	0.0118	0.0101	0.0017	0.0226	0.0121	0.0105	0.0037	0.0034	0.0003	0.0188	0.0087	0.0102	0.0001	1.0524	0.0000	0.2186	0.7990	0.0001	0.0000	0.5040	0.0000	42.7224	0.0050	92.2369	0.0424	0.0119	0.4095	51.1685	0.0022	94.8225
116	123	0.0354	3	0	0	1	1	0	0	0	0	N	N	N	N	N	N	N	N	N	N	N	N	0.0031	0.1736	0.0000	0.3571	0.3425	0.0000	0.0022	0.1328	0.0000	0.0021	0.0023	0.0000	0.0026	0.0026	0.0000	0.0018	0.0021	0.0000	0.6824	0.0134	1.4550	0.0072	0.0077	0.0011	0.8180	0.0157	1.4954	0.0000	93.9781	-0.0000	0.0050	0.9725	2.0929	0.9874	3.1856	0.0001	0.0001	0.0000	0.0000	0.0000	0.0000	0.0000	0.0000	0.0000	0.0111	0.0001	0.0110	0.0000	0.0000	0.0000	0.0111	0.0001	0.0110	0.0260	0.0237	0.0024	0.0109	0.0106	0.0003	0.0152	0.0131	0.0021	0.0163	0.0087	0.0076	0.0027	0.0025	0.0002	0.0136	0.0062	0.0074	0.0031	0.1736	0.0000	0.3571	0.3425	0.0000	0.0022	0.1328	0.0000	0.6824	0.0134	1.4550	0.0072	0.0077	0.0011	0.8180	0.0157	1.4954
116	124	0.0247	4	1	1	1	1	0	0	0	0	N	N	N	N	N	N	N	N	N	N	N	N	0.0000	0.0000	0.0000	0.0000	0.0000	0.0000	0.0000	0.0000	0.0000	0.0000	0.0000	0.0000	0.0000	0.0000	0.0000	0.0000	0.0000	0.0000	0.0000	0.0000	0.9725	0.0000	0.9874	0.0000	0.0000	0.0000	0.0000	0.0000	0.0000	0.0000	0.0000	0.0000	0.0000	0.0000	0.0000	0.0000	0.0000	0.0000	0.0000	0.0000	0.0000	0.0000	0.0000	0.0000	0.0000	0.0000	0.0000	0.0000	0.0000	0.0000	0.0000	0.0000	0.0000	0.0000	0.0000	0.0000	0.0000	0.0000	0.0000	0.0000	0.0000	0.0000	0.0000	0.0000	0.0000	0.0000	0.0000	0.0000	0.0000	0.0000	0.0000	0.0000	0.0000	0.0000	0.0000	0.0000	0.0000	0.0000											
116	125	0.0201	3	1	1	1	1	0	0	0	0	N	N	N	N	N	N	N	N	N	N	N	N	0.0000	0.0000	0.0000	0.0000	0.0000	0.0000	0.0000	0.0000	0.0000	0.0000	0.0000	0.0000	0.0000	0.0003	0.0006	0.0000	0.0027	0.0027	0.0000	0.0000	0.0000	0.0000	0.0002	0.0000	-0.0000	0.9725	0.1434	0.9874	1.9839	0.0000	0.0000	0.0000	0.0000	0.0000	0.0000	0.0000	0.0000	0.0000	0.0000	0.0000	0.0000	0.0000	0.0000	0.0000	0.0000	0.0000	0.0000	0.0023	0.0020	0.0002	0.0008	0.0008	0.0000	0.0014	0.0012	0.0002	0.0061	0.0033	0.0028	0.0007	0.0007	0.0000	0.0054	0.0026	0.0028	0.0000	0.0000	0.0000	0.0000	0.0000	0.0000	0.0000	0.0000	0.0000	0.0003	0.0006	0.0000	0.0027	0.0027	0.0000	0.0000	0.0000	0.0000						
116	126	0.0097	2	0	1	1	1	0	0	0	0	N	N	N	N	N	N	N	N	N	N	N	N	0.0000	0.0000	0.0000	0.0000	0.0000	0.0000	0.0000	0.0000	0.0000	0.0000	0.0000	0.0000	0.0000	0.0000	0.0000	0.0000	0.0000	0.0256	0.0488	0.0000	0.2767	0.2841	0.0001	0.0000	0.0000	0.0000	0.0008	0.0000	-0.0002	0.9725	1.8882	0.9874	2.9115	0.0000	0.0000	0.0000	0.0000	0.0000	0.0000	0.0000	0.0000	0.0000	0.0004	0.0004	0.0000	0.0004	0.0004	0.0000	0.0000	0.0000	0.0000	0.0141	0.0122	0.0018	0.0013	0.0013	0.0000	0.0127	0.0109	0.0018	0.0139	0.0073	0.0066	0.0013	0.0013	0.0000	0.0126	0.0060	0.0066	0.0000	0.0000	0.0000	0.0000	0.0000	0.0000	0.0000	0.0000	0.0000	0.0256	0.0488	0.0000	0.2767	0.2841	0.0001	0.0000	0.0000	0.0000		
117	119	0.1090	4	1	1	1	1	0	0	0	0	N	N	N	N	N	N	N	N	N	N	N	N	34647.9205	30899.2654	0.0000	19472.0502	17397.4666	7838.3514	inf	0.0000	0.0145	0.0157	0.0000	0.0273	0.0279	0.0000	0.0013	0.0015	0.0000	0.0000	0.0000	0.0000	0.0000	0.0000	0.0000	0.0000	0.0000	0.0000	0.0000	0.3976	-0.0000	-0.0000	0.0285	2.1883	4.0215	3.1271	0.0000	0.0000	0.0000	0.0000	0.0000	0.0000	0.0000	0.0000	0.0000	0.0000	0.0000	0.0000	0.0000	0.0000	0.0000	0.0000	0.0000	0.0000	0.0020	0.0018	0.0001	0.0010	0.0010	0.0000	0.0010	0.0008	0.0001	0.0277	0.0164	0.0114	0.0056	0.0052	0.0005	0.0221	0.0112	0.0109	34647.9205	30899.2654	0.0000	19472.0502	17397.4666	0.0000	7838.3514	inf	0.0000	0.0000	0.0000	0.0000	0.0000	0.0000	0.0000	0.0000	0.0000	0.0000	
117	120	0.0420	3	1	1	1	1	0	0	0	0	N	N	N	N	N	N	N	N	N	N	N	N	468.0657	275.0538	1.7759	7.3936	6.2942	inf	28851.6375	1916219.5729	0.3643	0.0344	0.0373	0.0000	0.0056	0.0057	0.0001	0.0538	0.0617	0.0000	0.0001	0.0001	0.0000	0.0008	0.0009	0.0000	0.0000	0.0000	0.0000	0.0000	0.0234	-0.0001	-0.0000	0.0285	13.6104	4.0215	16.0982	0.0003	0.0003	0.0000	0.0000	0.0000	0.0000	0.0003	0.0003	0.0000	0.0000	0.0000	0.0000	0.0000	0.0000	0.0000	0.0000	0.0000	0.0000	0.0101	0.0093	0.0008	0.0041	0.0040	0.0000	0.0060	0.0053	0.0008	0.1385	0.0732	0.0653	0.0131	0.0110	0.0020	0.1255	0.0622	0.0633	468.0657	275.0538	1.7759	7.3936	6.2942	inf	28851.6375	1916219.5729	0.3643	0.0001	0.0001	0.0000	0.0008	0.0009	0.0000	0.0000	0.0000	0.0000
117	121	0.0673	5	0	1	1	1	0	0	0	0	N	N	N	N	N	N	N	N	N	N	N	N	10.3873	7.2686	0.0000	4.5911	4.7913	0.0000	0.0000	0.0715	0.0786	0.0000	0.0984	0.1071	0.0000	0.0000	0.0000	0.0000	0.0069	0.0108	0.0000	0.0214	0.0224	0.0000	0.0000	0.0000	0.0000	0.0000	0.0000	-0.0000	-0.0002	0.0285	0.3548	4.0215	4.6068	0.0001	0.0001	0.0000	0.0001	0.0001	0.0000	0.0000	0.0000	0.0000	0.0004	0.0004	0.0000	0.0004	0.0004	0.0000	0.0000	0.0000	0.0000	0.0008	0.0007	0.0001	0.0006	0.0005	0.0000	0.0002	0.0002	0.0000	0.0533	0.0339	0.0194	0.0171	0.0164	0.0007	0.0362	0.0175	0.0187	10.3873	7.2686	0.0000	4.5911	4.7913	0.0000	0.0000	0.0000	0.0000	0.0069	0.0108	0.0000	0.0214	0.0224	0.0000	0.0000	0.0000	0.0000		
117	122	0.0524	4	0	1	1	1	0	0	0	0	N	N	N	N	N	N	N	N	N	N	N	N	0.1212	0.0707	0.0103	0.0299	0.0305	29.3348	1.6363	2.2573	0.0027	0.0619	0.0677	0.0001	0.1099	0.1146	0.0003	0.0136	0.0156	0.0000	0.5109	0.9573	0.0092	3.6800	3.7524	0.0000	0.0083	0.0069	0.0095	0.0001	0.0086	-0.0000	-0.0120	0.0285	1.6911	4.0215	5.7022	0.0001	0.0001	0.0000	0.0001	0.0001	0.0000	0.0000	0.0000	0.0000	0.0224	0.0222	0.0002	0.0221	0.0221	0.0000	0.0003	0.0001	0.0002	0.0017	0.0015	0.0001	0.0008	0.0008	0.0000	0.0008	0.0007	0.0001	0.0439	0.0232	0.0207	0.0065	0.0059	0.0006	0.0374	0.0173	0.0201	0.1212	0.0707	0.0103	0.0322	0.0305	29.3348	1.6363	2.2573	0.0027	0.5109	0.9573	0.0092	3.4157	3.7524	0.0000	0.0083	0.0069	0.0095
117	123	0.0420	3	0	0	1	1	0	0	0	0	N	N	N	N	N	N	N	N	N	N	N	N	3.2011	1.9280	0.0000	0.5486	0.5219	58.8121	64094.3823	0.0000	0.0273	0.0298	0.0000	0.0285	0.0295	0.0000	0.0262	0.0301	0.0000	0.0085	0.0154	0.0008	0.0519	0.0565	0.0000	0.0004	0.0000	0.0008	0.0000	0.0460	-0.0000	-0.0001	0.0285	2.0929	4.0215	3.1856	0.0001	0.0001	0.0000	0.0000	0.0000	0.0000	0.0000	0.0000	0.0000	0.0003	0.0003	0.0000	0.0003	0.0003	0.0000	0.0000	0.0000	0.0000	0.0020	0.0018	0.0002	0.0010	0.0009	0.0000	0.0010	0.0009	0.0001	0.0324	0.0171	0.0153	0.0051	0.0047	0.0004	0.0273	0.0124	0.0149	3.2011	1.9280	0.0000	0.5486	0.5219	0.0000	58.8121	64094.3823	0.0000	0.0085	0.0154	0.0008	0.0519	0.0565	0.0000	0.0004	0.0000	0.0008	
117	124	0.0314	4	1	1	1	1	0	0	0	0	N	N	N	N	N	N	N	N	N	N	N	N	0.0000	0.0000	0.0000	0.0000	0.0000	0.0000	0.0000	0.0000	0.0000	0.0000	0.0000	0.0000	0.0000	0.0000	0.0000	0.0000	0.0000	0.0000	0.0000	0.0000	0.0285	0.0000	4.0215	0.0000	0.0000	0.0000	0.0000	0.0000	0.0000	0.0000	0.0000	0.0000	0.0000	0.0000	0.0000	0.0000	0.0000	0.0000	0.0000	0.0000	0.0000	0.0000	0.0000	0.0000	0.0000	0.0000	0.0000	0.0000	0.0000	0.0000	0.0000	0.0000	0.0000	0.0000	0.0000	0.0000	0.0000	0.0000	0.0000	0.0000	0.0000	0.0000	0.0000	0.0000	0.0000	0.0000	0.0000	0.0000	0.0000	0.0000	0.0000	0.0000	0.0000	0.0000	0.0000	0.0000	0.0000	0.0000											
117	125	0.0268	3	1	1	1	1	0	0	0	0	N	N	N	N	N	N	N	N	N	N	N	N	0.0000	0.0000	0.0000	0.0000	0.0000	0.0000	0.0000	0.0000	0.0000	0.0000	0.0000	0.0000	0.0000	0.0000	0.0002	0.0003	0.0000	0.0015	0.0015	0.0000	0.0000	0.0000	0.0000	0.0005	0.0000	-0.0000	0.0285	0.1434	4.0215	1.9839	0.0000	0.0000	0.0000	0.0000	0.0000	0.0000	0.0000	0.0000	0.0000	0.0000	0.0000	0.0000	0.0000	0.0000	0.0000	0.0000	0.0000	0.0000	0.0001	0.0001	0.0000	0.0001	0.0001	0.0000	0.0001	0.0001	0.0000	0.0122	0.0065	0.0057	0.0012	0.0012	0.0000	0.0109	0.0053	0.0057	0.0000	0.0000	0.0000	0.0000	0.0000	0.0000	0.0000	0.0000	0.0000	0.0002	0.0003	0.0000	0.0015	0.0015	0.0000	0.0000	0.0000	0.0000					
117	126	0.0163	2	0	1	1	1	0	0	0	0	N	N	N	N	N	N	N	N	N	N	N	N	0.0000	0.0000	0.0000	0.0000	0.0000	0.0000	0.0000	0.0000	0.0000	0.0000	0.0000	0.0000	0.0000	0.0000	0.0000	0.0000	0.0000	0.0130	0.0252	0.0000	0.1690	0.1747	0.0000	0.0000	0.0000	0.0000	0.0008	0.0000	-0.0002	0.0285	1.8882	4.0215	2.9115	0.0000	0.0000	0.0000	0.0000	0.0000	0.0000	0.0000	0.0000	0.0000	0.0004	0.0004	0.0000	0.0004	0.0004	0.0000	0.0000	0.0000	0.0000	0.0014	0.0013	0.0001	0.0006	0.0006	0.0000	0.0009	0.0008	0.0001	0.0274	0.0141	0.0133	0.0021	0.0020	0.0001	0.0253	0.0121	0.0132	0.0000	0.0000	0.0000	0.0000	0.0000	0.0000	0.0000	0.0000	0.0000	0.0130	0.0252	0.0000	0.1690	0.1747	0.0000	0.0000	0.0000	0.0000		
118	119	0.1001	3	1	1	1	1	0	0	0	0	N	N	N	N	N	N	N	N	N	N	N	N	42350.6272	27715.1315	0.0000	26027.5179	26284.4225	619884.0967	1256313.2574	0.0000	2.9962	3.3989	0.0000	9.0328	9.7423	0.0000	0.1952	0.2269	0.0000	0.0001	0.0001	0.0000	0.0003	0.0004	0.0000	0.0000	0.0000	0.0000	0.0000	0.0027	-0.0642	-0.0000	3.0275	2.1883	2.1573	3.1271	0.1685	0.1685	0.0000	0.1610	0.1610	0.0000	0.0075	0.0075	0.0000	0.0000	0.0000	0.0000	0.0000	0.0000	0.0000	0.0000	0.0000	0.0000	0.0562	0.0496	0.0067	0.0178	0.0165	0.0013	0.0384	0.0330	0.0054	0.0374	0.0215	0.0159	0.0076	0.0071	0.0005	0.0298	0.0144	0.0154	42350.6272	27715.1315	0.0000	26027.5179	26284.4225	0.0000	619884.0967	1256313.2574	0.0000	0.0001	0.0001	0.0000	0.0003	0.0004	0.0000	0.0000	0.0000	0.0000	
118	120	0.0332	2	1	1	1	1	0	0	0	0	N	N	N	N	N	N	N	N	N	N	N	N	275.6349	163.3497	6.8427	47.8387	44.8851	inf	70028.0198	14056928.6016	1.3724	4.6847	5.3958	0.0008	6.9795	7.2102	0.0386	4.5179	5.2476	0.0002	0.0170	0.0330	0.0001	0.1459	0.1606	0.0000	0.0001	0.0000	0.0001	0.0000	0.0034	-0.5085	-0.0018	3.0275	13.6104	2.1573	16.0982	1.3345	1.3345	0.0000	0.1347	0.1347	0.0000	1.1998	1.1998	0.0000	0.0033	0.0033	0.0000	0.0033	0.0033	0.0000	0.0000	0.0000	0.0000	0.2849	0.2473	0.0375	0.0193	0.0187	0.0006	0.2656	0.2286	0.0369	0.1966	0.1008	0.0958	0.0228	0.0207	0.0021	0.1737	0.0801	0.0937	275.6349	163.3497	6.8427	47.8387	44.8851	inf	70028.0198	14056928.6016	1.3724	0.0170	0.0330	0.0001	0.1459	0.1606	0.0000	0.0001	0.0000	0.0001
118	121	0.0584	4	0	1	1	1	0	0	0	0	N	N	N	N	N	N	N	N	N	N	N	N	7380.1600	10412.8668	0.0000	12504.3464	12214.3145	0.0000	0.0000	0.0000	0.0000	11.7153	12.8713	0.0000	30.8779	31.0394	0.0000	0.0000	0.0000	0.0000	0.0016	0.0012	0.0022	0.0025	0.0025	0.0006	0.0012	0.0000	0.0022	0.0000	1.0617	-0.1246	-0.0000	3.0275	0.3548	2.1573	4.6068	0.3269	0.3269	0.0000	0.3269	0.3269	0.0000	0.0000	0.0000	0.0000	0.0001	0.0001	0.0001	0.0001	0.0001	0.0000	0.0001	0.0000	0.0001	0.0279	0.0254	0.0025	0.0106	0.0105	0.0001	0.0173	0.0149	0.0025	0.0703	0.0438	0.0265	0.0221	0.0213	0.0008	0.0482	0.0225	0.0257	7380.1600	10412.8668	0.0000	12504.3464	12214.3145	0.0000	0.0000	0.0000	0.0000	0.0016	0.0012	0.0022	0.0025	0.0025	0.0006	0.0012	0.0000	0.0022
118	122	0.0436	3	0	1	1	1	0	0	0	0	N	N	N	N	N	N	N	N	N	N	N	N	31.6320	117.3239	0.0201	197.3188	190.8152	200.9977	4.0044	2031.5804	0.0041	11.7962	13.3859	0.0130	56.0611	56.5546	0.7425	1.5851	1.8519	0.0027	0.3729	0.1141	0.6458	0.2841	0.2964	0.0037	0.3958	0.0009	0.6573	0.0001	5.3689	-0.2325	0.0079	3.0275	1.6911	2.1573	5.7022	0.6104	0.6103	0.0001	0.5437	0.5436	0.0001	0.0666	0.0666	0.0000	0.0263	0.0041	0.0221	0.0041	0.0041	0.0000	0.0222	0.0000	0.0221	0.0517	0.0456	0.0062	0.0097	0.0096	0.0001	0.0420	0.0360	0.0061	0.0704	0.0362	0.0343	0.0145	0.0138	0.0006	0.0560	0.0223	0.0337	31.6320	117.3239	0.0201	197.3188	190.8152	200.9977	4.0044	2031.5804	0.0041	0.3729	0.1141	0.6458	0.2841	0.2964	0.0037	0.3958	0.0009	0.6573
118	123	0.0332	2	0	0	1	1	0	0	0	0	N	N	N	N	N	N	N	N	N	N	N	N	36.2200	48.4642	0.0000	50.1866	48.8082	0.0000	30.2241	15111.7964	0.0000	5.0403	5.6935	0.0000	13.4817	13.6043	0.0000	3.0795	3.5777	0.0000	0.1392	0.1175	0.1619	0.2686	0.2787	0.0000	0.1019	0.0002	0.1646	0.0000	1.3148	-0.1234	0.0002	3.0275	2.0929	2.1573	3.1856	0.3237	0.3237	0.0000	0.1632	0.1632	0.0000	0.1605	0.1605	0.0000	0.0075	0.0032	0.0043	0.0032	0.0032	0.0000	0.0043	0.0000	0.0043	0.0642	0.0569	0.0074	0.0121	0.0120	0.0001	0.0521	0.0449	0.0073	0.0539	0.0276	0.0263	0.0120	0.0116	0.0004	0.0418	0.0160	0.0259	36.2200	48.4642	0.0000	50.1866	48.8082	0.0000	30.2241	15111.7964	0.0000	0.1392	0.1175	0.1619	0.2686	0.2787	0.0000	0.1019	0.0002	0.1646
118	124	0.0225	3	1	1	1	1	0	0	0	0	N	N	N	N	N	N	N	N	N	N	N	N	0.0000	0.0000	0.0000	0.0000	0.0000	0.0000	0.0000	0.0000	0.0000	0.0000	0.0000	0.0000	0.0000	0.0000	0.0000	0.0000	0.0000	0.0000	0.0000	0.0000	3.0275	0.0000	2.1573	0.0000	0.0000	0.0000	0.0000	0.0000	0.0000	0.0000	0.0000	0.0000	0.0000	0.0000	0.0000	0.0000	0.0000	0.0000	0.0000	0.0000	0.0000	0.0000	0.0000	0.0000	0.0000	0.0000	0.0000	0.0000	0.0000	0.0000	0.0000	0.0000	0.0000	0.0000	0.0000	0.0000	0.0000	0.0000	0.0000	0.0000	0.0000	0.0000	0.0000	0.0000	0.0000	0.0000	0.0000	0.0000	0.0000	0.0000	0.0000	0.0000	0.0000	0.0000	0.0000	0.0000	0.0000	0.0000											
118	125	0.0179	2	1	1	1	1	0	0	0	0	N	N	N	N	N	N	N	N	N	N	N	N	0.0000	0.0000	0.0000	0.0000	0.0000	0.0000	0.0000	0.0000	0.0000	0.0000	0.0000	0.0000	0.0000	0.0000	0.0000	0.0000	0.0000	0.0331	0.0656	0.0002	0.2267	0.2275	0.0169	0.0001	0.0000	0.0002	0.0028	0.0000	-0.0003	3.0275	0.1434	2.1573	1.9839	0.0000	0.0000	0.0000	0.0000	0.0000	0.0000	0.0000	0.0000	0.0000	0.0006	0.0006	0.0000	0.0006	0.0006	0.0000	0.0000	0.0000	0.0000	0.0066	0.0059	0.0007	0.0022	0.0022	0.0001	0.0044	0.0038	0.0006	0.0189	0.0095	0.0094	0.0027	0.0027	0.0000	0.0161	0.0068	0.0094	0.0000	0.0000	0.0000	0.0000	0.0000	0.0000	0.0000	0.0000	0.0000	0.0331	0.0656	0.0002	0.2267	0.2275	0.0169	0.0001	0.0000	0.0002		
119	121	0.1037	4	1	2	0	0	0	0	0	0	N	Y	N	N	N	N	N	N	N	N	N	N	0.0771	0.0687	0.0000	0.9648	1.1114	0.0000	0.0002	0.0001	0.0000	0.3878	0.5042	0.0000	0.5454	0.7622	0.0000	0.0015	0.0016	0.0000	5.0326	7.3383	0.0008	0.5653	0.6858	0.0003	8.4449	14.5599	0.0010	0.0000	0.0001	-0.0210	-0.2168	2.1883	0.3548	3.1271	4.6068	0.0551	0.0551	0.0000	0.0550	0.0550	0.0000	0.0001	0.0001	0.0000	0.3993	0.3993	0.0000	0.0194	0.0194	0.0000	0.3799	0.3799	0.0000	0.1421	0.1093	0.0328	0.1009	0.0722	0.0287	0.0412	0.0371	0.0041	0.0793	0.0544	0.0249	0.0344	0.0283	0.0060	0.0450	0.0261	0.0189	0.0771	0.0687	0.0000	0.9648	1.1114	0.0000	0.0002	0.0001	0.0000	5.0326	7.3383	0.0008	0.5653	0.6858	0.0003	8.4449	14.5599	0.0010
119	122	0.0888	3	1	2	0	0	0	0	0	0	N	Y	N	N	N	N	N	N	N	N	N	N	0.0768	0.0507	0.4855	6.6535	8.2700	2.3071	0.0008	0.0000	0.0970	0.7956	0.9015	0.3999	1.3255	1.6427	0.4905	0.0097	0.0004	0.0811	10.3655	17.7801	0.8238	0.1992	0.1986	0.2126	12.9036	26.8407	0.8357	0.1187	0.0360	-0.0283	-0.3032	2.1883	1.6911	3.1271	5.7022	0.1029	0.0920	0.0109	0.1024	0.0920	0.0104	0.0005	0.0000	0.0005	0.5967	0.5759	0.0207	0.0023	0.0022	0.0001	0.5944	0.5738	0.0206	0.1293	0.1020	0.0273	0.0772	0.0560	0.0213	0.0521	0.0460	0.0060	0.0576	0.0324	0.0252	0.0115	0.0110	0.0005	0.0461	0.0214	0.0247	0.0768	0.0507	0.4855	6.6535	8.2700	2.3071	0.0008	0.0000	0.0970	10.3655	17.7801	0.8238	0.1992	0.1986	0.2126	12.9036	26.8407	0.8357
119	123	0.0785	2	1	1	0	0	0	0	0	0	N	N	N	N	N	N	N	N	N	N	N	N	2.3634	1.0466	12.9331	3.4178	2.2751	198.7276	0.1271	0.0001	2.2602	0.3733	0.2330	0.9607	0.6438	0.4447	1.2287	0.0192	0.0000	0.1703	0.1580	0.2226	0.0743	0.1884	0.1954	0.0062	0.1512	0.2348	0.0754	0.9847	0.2579	0.0063	-0.0021	2.1883	2.0929	3.1271	3.1856	0.0546	0.0275	0.0271	0.0534	0.0275	0.0259	0.0012	0.0000	0.0012	0.0063	0.0050	0.0013	0.0014	0.0014	0.0000	0.0049	0.0036	0.0013	0.1463	0.1181	0.0282	0.0829	0.0619	0.0211	0.0633	0.0562	0.0071	0.0398	0.0225	0.0174	0.0072	0.0070	0.0003	0.0326	0.0155	0.0171	2.3634	1.0466	12.9331	3.4178	2.2751	198.7276	0.1271	0.0001	2.2602	0.1580	0.2226	0.0743	0.1884	0.1954	0.0062	0.1512	0.2348	0.0754
119	124	0.1192	5	2	2	0	0	0	0	0	0	Y	Y	N	N	N	N	N	N	N	N	N	N	0.0000	0.0000	0.0000	0.0000	0.0000	0.0000	0.0000	0.0000	0.0000	0.0000	0.0000	0.0000	0.0000	0.0000	0.0000	0.0000	0.0000	0.0000	0.0000	0.0000	2.1883	0.0000	3.1271	0.0000	0.0000	0.0000	0.0000	0.0000	0.0000	0.0000	0.0000	0.0000	0.0000	0.0000	0.0000	0.0000	0.0000	0.0000	0.0000	0.0000	0.0000	0.0000	0.0000	0.0000	0.0000	0.0000	0.0000	0.0000	0.0000	0.0000	0.0000	0.0000	0.0000	0.0000	0.0000	0.0000	0.0000	0.0000	0.0000	0.0000	0.0000	0.0000	0.0000	0.0000	0.0000	0.0000	0.0000	0.0000	0.0000	0.0000	0.0000	0.0000	0.0000	0.0000	0.0000	0.0000	0.0000	0.0000											
119	125	0.1146	4	2	2	0	0	0	0	0	0	Y	Y	N	N	N	N	N	N	N	N	N	N	0.0000	0.0000	0.0000	0.0000	0.0000	0.0000	0.0000	0.0000	0.0000	0.0000	0.0000	0.0000	0.0000	0.0000	0.0000	0.0000	0.0000	5.1883	9.3797	0.0000	15.0721	15.1225	0.0000	0.0000	0.0000	0.0000	0.0000	0.0000	-0.0800	2.1883	0.1434	3.1271	1.9839	0.0000	0.0000	0.0000	0.0000	0.0000	0.0000	0.0000	0.0000	0.0000	0.1474	0.1474	0.0000	0.1474	0.1474	0.0000	0.0000	0.0000	0.0000	0.0054	0.0048	0.0005	0.0025	0.0024	0.0001	0.0029	0.0025	0.0004	0.0284	0.0157	0.0127	0.0100	0.0097	0.0002	0.0184	0.0060	0.0125	0.0000	0.0000	0.0000	0.0000	0.0000	0.0000	0.0000	0.0000	0.0000	5.1883	9.3797	0.0000	14.7524	15.1225	0.0000	0.0000	0.0000	0.0000		
119	126	0.1042	3	1	2	0	0	0	0	0	0	N	Y	N	N	N	N	N	N	N	N	N	N	0.0000	0.0000	0.0000	0.0000	0.0000	0.0000	0.0000	0.0000	0.0000	0.0000	0.0000	0.0000	0.0000	0.0000	0.0000	0.0000	0.0000	0.1194	0.2067	0.0012	0.5796	0.6184	0.0000	0.0006	0.0000	0.0012	0.0042	0.0000	-0.0022	2.1883	1.8882	3.1271	2.9115	0.0000	0.0000	0.0000	0.0000	0.0000	0.0000	0.0000	0.0000	0.0000	0.0042	0.0041	0.0000	0.0041	0.0041	0.0000	0.0000	0.0000	0.0000	0.0353	0.0311	0.0042	0.0112	0.0104	0.0008	0.0241	0.0207	0.0034	0.0349	0.0201	0.0148	0.0072	0.0067	0.0004	0.0277	0.0134	0.0144	0.0000	0.0000	0.0000	0.0000	0.0000	0.0000	0.0000	0.0000	0.0000	0.1194	0.2067	0.0012	0.5796	0.6184	0.0000	0.0006	0.0000	0.0012		
119	127	0.0785	2	1	1	0	0	0	0	0	0	N	N	N	N	N	N	N	N	N	N	N	N	70.2119	487.5038	0.0000	118.3260	287.7842	0.0000	0.0020	90.9248	0.0000	0.7884	0.9619	0.0000	1.5539	2.0475	0.0000	0.0000	0.0000	0.0000	0.0112	0.0020	0.0231	0.0131	0.0071	0.1452	0.0109	0.0000	0.0211	0.0000	9.1193	-0.0513	0.0004	2.1883	3.5543	3.1271	9.0319	0.1345	0.1345	0.0000	0.1345	0.1345	0.0000	0.0000	0.0000	0.0000	0.0010	0.0001	0.0009	0.0002	0.0001	0.0001	0.0008	0.0000	0.0008	0.1707	0.1399	0.0308	0.0866	0.0657	0.0209	0.0841	0.0742	0.0099	0.0871	0.0490	0.0381	0.0142	0.0136	0.0006	0.0729	0.0354	0.0375	70.2119	487.5038	0.0000	118.3260	287.7842	0.0000	0.0020	90.9248	0.0000	0.0112	0.0020	0.0231	0.0131	0.0071	0.1452	0.0109	0.0000	0.0211
120	121	0.0922	3	1	2	0	0	0	0	0	0	N	Y	N	N	N	N	N	N	N	N	N	N	18.7281	16.5332	45.0928	76.8603	76.5490	168.0568	9.1946	8.8907	44.3285	0.5380	0.7542	0.0285	0.7940	0.8063	0.0365	0.3337	0.6684	0.0283	0.0287	0.0456	0.0006	0.0103	0.0105	0.0002	0.0363	0.0752	0.0006	0.0160	0.0083	-0.0452	-0.0055	13.6104	0.3548	16.0982	4.6068	0.1236	0.1217	0.0020	0.0810	0.0809	0.0001	0.0426	0.0407	0.0019	0.0102	0.0102	0.0001	0.0011	0.0011	0.0000	0.0092	0.0091	0.0001	0.2298	0.1613	0.0685	0.1020	0.1004	0.0016	0.1278	0.0610	0.0668	0.3567	0.2228	0.1339	0.1039	0.1019	0.0021	0.2528	0.1209	0.1319	18.7281	16.5332	45.0928	76.8603	76.5490	168.0568	9.1946	8.8907	44.3285	0.0287	0.0456	0.0006	0.0103	0.0105	0.0002	0.0363	0.0752	0.0006
120	122	0.0773	2	1	2	0	0	0	0	0	0	N	Y	N	N	N	N	N	N	N	N	N	N	9.4841	8.9280	5.8962	28.1065	28.3021	1.2170	5.0136	4.0441	5.9121	0.8034	0.9262	0.3846	1.8130	1.8188	0.2068	0.4358	0.4583	0.3853	0.0847	0.1037	0.0652	0.0645	0.0643	0.1699	0.0869	0.1133	0.0652	0.1217	0.6140	-0.0686	-0.0041	13.6104	1.6911	16.0982	5.7022	0.2518	0.2245	0.0273	0.1517	0.1516	0.0001	0.1001	0.0729	0.0273	0.0253	0.0157	0.0096	0.0019	0.0019	0.0000	0.0234	0.0138	0.0096	0.3134	0.2424	0.0711	0.0836	0.0833	0.0003	0.2298	0.1590	0.0707	0.2986	0.1511	0.1475	0.0296	0.0295	0.0001	0.2690	0.1215	0.1475	9.4841	8.9280	5.8962	28.1065	28.3021	1.2170	5.0136	4.0441	5.9121	0.0847	0.1037	0.0652	0.0645	0.0643	0.1699	0.0869	0.1133	0.0652
120	124	0.1077	4	2	2	0	0	0	0	0	0	Y	Y	N	N	N	N	N	N	N	N	N	N	0.0000	0.0000	0.0000	0.0000	0.0000	0.0000	0.0000	0.0000	0.0000	0.0000	0.0000	0.0000	0.0000	0.0000	0.0000	0.0000	0.0000	0.0000	0.0000	0.0000	13.6104	0.0000	16.0982	0.0000	0.0000	0.0000	0.0000	0.0000	0.0000	0.0000	0.0000	0.0000	0.0000	0.0000	0.0000	0.0000	0.0000	0.0000	0.0000	0.0000	0.0000	0.0000	0.0000	0.0000	0.0000	0.0000	0.0000	0.0000	0.0000	0.0000	0.0000	0.0000	0.0000	0.0000	0.0000	0.0000	0.0000	0.0000	0.0000	0.0000	0.0000	0.0000	0.0000	0.0000	0.0000	0.0000	0.0000	0.0000	0.0000	0.0000	0.0000	0.0000	0.0000	0.0000	0.0000	0.0000	0.0000	0.0000											
120	125	0.1031	3	2	2	0	0	0	0	0	0	Y	Y	N	N	N	N	N	N	N	N	N	N	0.0000	0.0000	0.0000	0.0000	0.0000	0.0000	0.0000	0.0000	0.0000	0.0000	0.0000	0.0000	0.0000	0.0000	0.0000	0.0000	0.0000	0.0000	1.8881	0.0627	3.9627	0.2017	0.2200	0.0229	2.1296	0.0200	4.0631	55.6133	0.0000	0.0655	13.6104	0.1434	16.0982	1.9839	0.0000	0.0000	0.0000	0.0000	0.0000	0.0000	0.0000	0.0000	0.0000	0.1491	0.0026	0.1465	0.0020	0.0020	0.0000	0.1471	0.0007	0.1465	0.0296	0.0266	0.0030	0.0107	0.0103	0.0003	0.0189	0.0163	0.0027	0.0790	0.0420	0.0370	0.0099	0.0090	0.0009	0.0691	0.0330	0.0361	0.0000	0.0000	0.0000	0.0000	0.0000	0.0000	0.0000	0.0000	0.0000	1.8881	0.0627	3.9627	0.2017	0.2200	0.0229	2.1296	0.0200	4.0631	
120	126	0.0926	2	1	2	0	0	0	0	0	0	N	Y	N	N	N	N	N	N	N	N	N	N	0.0000	0.0000	0.0000	0.0000	0.0000	0.0000	0.0000	0.0000	0.0000	0.0000	0.0000	0.0000	0.0000	0.0000	0.0000	0.0000	0.0000	0.0000	0.1425	0.0014	0.2913	0.0040	0.0044	0.0000	0.1614	0.0005	0.2978	204.0848	0.0000	0.0119	13.6104	1.8882	16.0982	2.9115	0.0000	0.0000	0.0000	0.0000	0.0000	0.0000	0.0000	0.0000	0.0000	0.0262	0.0001	0.0261	0.0001	0.0001	0.0000	0.0262	0.0000	0.0261	0.1787	0.1551	0.0236	0.0121	0.0117	0.0004	0.1666	0.1434	0.0232	0.1841	0.0945	0.0896	0.0221	0.0201	0.0019	0.1620	0.0743	0.0877	0.0000	0.0000	0.0000	0.0000	0.0000	0.0000	0.0000	0.0000	0.0000	0.1425	0.0014	0.2913	0.0040	0.0044	0.0000	0.1614	0.0005	0.2978	
121	124	0.0759	6	1	2	0	0	0	0	0	0	N	Y	N	N	N	N	N	N	N	N	N	N	0.0000	0.0000	0.0000	0.0000	0.0000	0.0000	0.0000	0.0000	0.0000	0.0000	0.0000	0.0000	0.0000	0.0000	0.0000	0.0000	0.0000	0.0000	0.0000	0.0000	0.3548	0.0000	4.6068	0.0000	0.0000	0.0000	0.0000	0.0000	0.0000	0.0000	0.0000	0.0000	0.0000	0.0000	0.0000	0.0000	0.0000	0.0000	0.0000	0.0000	0.0000	0.0000	0.0000	0.0000	0.0000	0.0000	0.0000	0.0000	0.0000	0.0000	0.0000	0.0000	0.0000	0.0000	0.0000	0.0000	0.0000	0.0000	0.0000	0.0000	0.0000	0.0000	0.0000	0.0000	0.0000	0.0000	0.0000	0.0000	0.0000	0.0000	0.0000	0.0000	0.0000	0.0000	0.0000	0.0000	0.0000	0.0000											
121	125	0.0713	5	1	2	0	0	0	0	0	0	N	Y	N	N	N	N	N	N	N	N	N	N	0.7507	16.2836	0.0000	13.0285	14.4790	0.0000	0.0030	2953.3058	0.0000	0.0971	0.1108	0.0000	0.1723	0.1973	0.0000	0.0006	0.0006	0.0000	0.1293	0.0068	0.3389	0.0132	0.0136	0.0023	0.1857	0.0000	0.3499	0.0000	29.1049	-0.0001	0.0016	0.3548	0.1434	4.6068	1.9839	0.0003	0.0003	0.0000	0.0003	0.0003	0.0000	0.0000	0.0000	0.0000	0.0038	0.0001	0.0037	0.0001	0.0001	0.0000	0.0037	0.0000	0.0037	0.0027	0.0024	0.0003	0.0015	0.0013	0.0002	0.0012	0.0010	0.0001	0.0294	0.0186	0.0109	0.0096	0.0093	0.0003	0.0198	0.0093	0.0105	0.7507	16.2836	0.0000	13.0285	14.4790	0.0000	0.0030	2953.3058	0.0000	0.1293	0.0068	0.3389	0.0132	0.0136	0.0023	0.1857	0.0000	0.3499
121	126	0.0609	4	0	2	0	0	0	0	0	0	N	Y	N	N	N	N	N	N	N	N	N	N	0.0062	604.4535	0.0000	731.5762	709.9147	0.0000	0.0000	0.0000	0.0000	0.0931	0.1022	0.0000	0.2450	0.2463	0.0000	0.0000	0.0000	0.0000	15.0078	0.0002	79.9567	0.0003	0.0003	0.0000	21.9039	0.0000	80.6001	0.0000	142509.4533	-0.0006	0.4489	0.3548	1.8882	4.6068	2.9115	0.0016	0.0016	0.0000	0.0016	0.0016	0.0000	0.0000	0.0000	0.0000	0.9821	0.0000	0.9821	0.0000	0.0000	0.0000	0.9821	0.0000	0.9821	0.0176	0.0160	0.0016	0.0067	0.0066	0.0000	0.0109	0.0094	0.0015	0.0654	0.0407	0.0247	0.0206	0.0199	0.0007	0.0448	0.0209	0.0240	0.0062	604.4535	0.0000	731.5762	709.9147	0.0000	0.0000	0.0000	0.0000	15.0078	0.0002	39.7646	0.0003	0.0003	0.0000	21.9039	0.0000	41.0051
121	127	0.0352	3	0	1	0	0	0	0	0	0	N	N	N	N	N	N	N	N	N	N	N	N	84.6278	0.0222	92.8150	10.4928	0.0132	42872.3762	131.5395	0.0000	90.8123	1.5363	0.0001	3.7235	0.0967	0.0001	4.8872	2.8997	0.0000	3.6958	0.0182	0.0045	0.0401	0.0092	0.0094	0.0001	0.0220	0.0000	0.0407	26055.8138	5.5012	0.1625	0.0009	0.3548	3.5543	4.6068	9.0319	0.2625	0.0000	0.2625	0.0080	0.0000	0.0080	0.2545	0.0000	0.2545	0.0031	0.0005	0.0027	0.0005	0.0005	0.0000	0.0027	0.0000	0.0027	0.1709	0.1004	0.0705	0.0831	0.0815	0.0016	0.0878	0.0189	0.0689	0.1726	0.1065	0.0661	0.0523	0.0514	0.0009	0.1203	0.0551	0.0651	84.6278	0.0222	92.8150	10.4928	0.0132	42872.3762	131.5395	0.0000	90.8123	0.0182	0.0045	0.0401	0.0092	0.0094	0.0001	0.0220	0.0000	0.0407
122	124	0.0660	5	1	2	0	0	0	0	0	0	N	Y	N	N	N	N	N	N	N	N	N	N	0.0000	0.0000	0.0000	0.0000	0.0000	0.0000	0.0000	0.0000	0.0000	0.0000	0.0000	0.0000	0.0000	0.0000	0.0000	0.0000	0.0000	0.0000	0.0000	0.0000	1.6911	0.0000	5.7022	0.0000	0.0000	0.0000	0.0000	0.0000	0.0000	0.0000	0.0000	0.0000	0.0000	0.0000	0.0000	0.0000	0.0000	0.0000	0.0000	0.0000	0.0000	0.0000	0.0000	0.0000	0.0000	0.0000	0.0000	0.0000	0.0000	0.0000	0.0000	0.0000	0.0000	0.0000	0.0000	0.0000	0.0000	0.0000	0.0000	0.0000	0.0000	0.0000	0.0000	0.0000	0.0000	0.0000	0.0000	0.0000	0.0000	0.0000	0.0000	0.0000	0.0000	0.0000	0.0000	0.0000	0.0000	0.0000											
122	125	0.0614	4	1	2	0	0	0	0	0	0	N	Y	N	N	N	N	N	N	N	N	N	N	0.1647	0.1006	0.0000	0.0184	0.0178	0.0000	4.6417	80.7028	0.0000	0.0581	0.0646	0.0000	0.0344	0.0354	0.0000	0.0726	0.0849	0.0000	0.3527	0.6418	0.0265	1.8718	1.9871	0.0003	0.0156	0.0011	0.0271	0.0000	0.0365	-0.0001	-0.0046	1.6911	0.1434	5.7022	1.9839	0.0003	0.0003	0.0000	0.0001	0.0001	0.0000	0.0002	0.0002	0.0000	0.0090	0.0087	0.0003	0.0087	0.0087	0.0000	0.0003	0.0000	0.0003	0.0045	0.0041	0.0005	0.0017	0.0017	0.0000	0.0028	0.0024	0.0004	0.0255	0.0135	0.0120	0.0046	0.0044	0.0003	0.0209	0.0092	0.0117	0.1647	0.1006	0.0000	0.0184	0.0178	0.0000	4.6417	80.7028	0.0000	0.3527	0.6418	0.0265	1.8718	1.9871	0.0003	0.0156	0.0011	0.0271
122	126	0.0509	3	0	2	0	0	0	0	0	0	N	Y	N	N	N	N	N	N	N	N	N	N	0.0795	2.7360	0.0001	0.0282	0.0276	0.0000	0.0782	1371.2778	0.0001	0.0506	0.0574	0.0002	0.0015	0.0015	0.0000	0.0619	0.0724	0.0002	0.6358	0.0210	1.2841	0.0516	0.0531	0.0154	0.7920	0.0001	1.3065	0.0004	58.0741	-0.0006	0.0186	1.6911	1.8882	5.7022	2.9115	0.0016	0.0016	0.0000	0.0000	0.0000	0.0000	0.0016	0.0016	0.0000	0.0424	0.0007	0.0416	0.0007	0.0007	0.0000	0.0416	0.0000	0.0416	0.0325	0.0286	0.0039	0.0061	0.0061	0.0001	0.0264	0.0226	0.0038	0.0666	0.0342	0.0324	0.0140	0.0135	0.0006	0.0526	0.0207	0.0319	0.0795	2.7360	0.0001	0.0282	0.0276	0.0000	0.0782	1371.2778	0.0001	0.6358	0.0210	1.2841	0.0516	0.0531	0.0154	0.7920	0.0001	1.3065
122	127	0.0252	2	0	1	0	0	0	0	0	0	N	N	N	N	N	N	N	N	N	N	N	N	11.9930	1.3866	86.6830	0.6306	0.6271	124.2778	83.1724	92.7214	86.8257	2.8474	0.5378	7.2771	0.8298	0.8263	2.1993	4.1082	0.1333	7.2915	0.2374	0.3878	0.0840	1.3159	1.3177	0.0177	0.0494	0.0014	0.0840	7.0556	0.2121	0.2437	-0.0136	1.6911	3.5543	5.7022	9.0319	0.4925	0.0611	0.4314	0.0552	0.0548	0.0004	0.4374	0.0063	0.4310	0.0369	0.0305	0.0065	0.0304	0.0304	0.0000	0.0065	0.0001	0.0065	0.1730	0.1137	0.0593	0.0665	0.0664	0.0002	0.1065	0.0473	0.0591	0.1555	0.0785	0.0770	0.0231	0.0231	0.0000	0.1324	0.0555	0.0769	11.9930	1.3866	86.6830	0.6306	0.6271	124.2778	83.1724	92.7214	86.8257	0.2374	0.3878	0.0840	1.3159	1.3177	0.0177	0.0494	0.0014	0.0840
123	124	0.0511	4	1	1	0	0	0	0	0	0	N	N	N	N	N	N	N	N	N	N	N	N	0.0000	0.0000	0.0000	0.0000	0.0000	0.0000	0.0000	0.0000	0.0000	0.0000	0.0000	0.0000	0.0000	0.0000	0.0000	0.0000	0.0000	0.0000	0.0000	0.0000	2.0929	0.0000	3.1856	0.0000	0.0000	0.0000	0.0000	0.0000	0.0000	0.0000	0.0000	0.0000	0.0000	0.0000	0.0000	0.0000	0.0000	0.0000	0.0000	0.0000	0.0000	0.0000	0.0000	0.0000	0.0000	0.0000	0.0000	0.0000	0.0000	0.0000	0.0000	0.0000	0.0000	0.0000	0.0000	0.0000	0.0000	0.0000	0.0000	0.0000	0.0000	0.0000	0.0000	0.0000	0.0000	0.0000	0.0000	0.0000	0.0000	0.0000	0.0000	0.0000	0.0000	0.0000	0.0000	0.0000	0.0000	0.0000											
123	125	0.0465	3	1	1	0	0	0	0	0	0	N	N	N	N	N	N	N	N	N	N	N	N	0.0004	0.0011	0.0000	0.0002	0.0002	0.0000	0.0006	0.0157	0.0000	0.0003	0.0003	0.0000	0.0001	0.0002	0.0000	0.0003	0.0004	0.0000	0.5962	0.2617	0.9709	0.6847	0.7229	0.0064	0.5754	0.0237	0.9921	0.0000	3.3100	-0.0000	0.0025	2.0929	0.1434	3.1856	1.9839	0.0000	0.0000	0.0000	0.0000	0.0000	0.0000	0.0000	0.0000	0.0000	0.0112	0.0026	0.0086	0.0024	0.0024	0.0000	0.0088	0.0002	0.0086	0.0056	0.0051	0.0006	0.0021	0.0021	0.0001	0.0035	0.0030	0.0005	0.0188	0.0099	0.0089	0.0036	0.0034	0.0002	0.0152	0.0066	0.0087	0.0004	0.0011	0.0000	0.0002	0.0002	0.0000	0.0006	0.0157	0.0000	0.5962	0.2617	0.9709	0.6847	0.7229	0.0064	0.5754	0.0237	0.9921
123	126	0.0361	2	0	1	0	0	0	0	0	0	N	N	N	N	N	N	N	N	N	N	N	N	0.0002	0.0002	0.0000	0.0000	0.0000	0.0000	0.0005	0.7986	0.0000	0.0002	0.0002	0.0000	0.0000	0.0000	0.0000	0.0003	0.0003	0.0000	0.9457	1.0169	0.8710	2.2705	2.3521	0.0000	0.5519	0.0004	0.8854	0.0004	0.8173	-0.0000	-0.0045	2.0929	1.8882	3.1856	2.9115	0.0000	0.0000	0.0000	0.0000	0.0000	0.0000	0.0000	0.0000	0.0000	0.0482	0.0265	0.0217	0.0265	0.0265	0.0000	0.0217	0.0000	0.0217	0.0403	0.0357	0.0046	0.0076	0.0075	0.0001	0.0327	0.0282	0.0046	0.0510	0.0261	0.0249	0.0117	0.0113	0.0004	0.0393	0.0148	0.0245	0.0002	0.0002	0.0000	0.0000	0.0000	0.0000	0.0005	0.7986	0.0000	0.9457	1.0169	0.8710	2.2705	2.3521	0.0000	0.5519	0.0004	0.8854
