branch_id_1	branch_id_2	dist_bl	dist_node_num	branch_num_fg_tube	branch_num_fg_pink	branch_num_fg_yellow	branch_num_fg_beakless	branch_num_mg_tube	branch_num_mg_pink	branch_num_mg_yellow	branch_num_mg_beakless	is_fg_tube	is_fg_pink	is_fg_yellow	is_fg_beakless	is_mf_tube	is_mf_pink	is_mf_yellow	is_mf_beakless	is_mg_tube	is_mg_pink	is_mg_yellow	is_mg_beakless	omegaCany2any	omegaCany2dif	omegaCany2spe	omegaCdif2any	omegaCdif2dif	omegaCdif2spe	omegaCspe2any	omegaCspe2dif	omegaCspe2spe	dNCany2any	dNCany2dif	dNCany2spe	dNCdif2any	dNCdif2dif	dNCdif2spe	dNCspe2any	dNCspe2dif	dNCspe2spe	dSCany2any	dSCany2dif	dSCany2spe	dSCdif2any	dSCdif2dif	dSCdif2spe	dSCspe2any	dSCspe2dif	dSCspe2spe	OCNCoD	OCSCoD	OCN_linreg_residual	OCS_linreg_residual	N_sub_1	N_sub_2	S_sub_1	S_sub_2	OCNany2any	OCNany2dif	OCNany2spe	OCNdif2any	OCNdif2dif	OCNdif2spe	OCNspe2any	OCNspe2dif	OCNspe2spe	OCSany2any	OCSany2dif	OCSany2spe	OCSdif2any	OCSdif2dif	OCSdif2spe	OCSspe2any	OCSspe2dif	OCSspe2spe	ECNany2any	ECNany2dif	ECNany2spe	ECNdif2any	ECNdif2dif	ECNdif2spe	ECNspe2any	ECNspe2dif	ECNspe2spe	ECSany2any	ECSany2dif	ECSany2spe	ECSdif2any	ECSdif2dif	ECSdif2spe	ECSspe2any	ECSspe2dif	ECSspe2spe	omegaCany2any_nocalib	omegaCany2dif_nocalib	omegaCany2spe_nocalib	omegaCdif2any_nocalib	omegaCdif2dif_nocalib	omegaCdif2spe_nocalib	omegaCspe2any_nocalib	omegaCspe2dif_nocalib	omegaCspe2spe_nocalib	dSCany2any_nocalib	dSCany2dif_nocalib	dSCany2spe_nocalib	dSCdif2any_nocalib	dSCdif2dif_nocalib	dSCdif2spe_nocalib	dSCspe2any_nocalib	dSCspe2dif_nocalib	dSCspe2spe_nocalib
0	2	0.0987	2	1	1	0	1	0	0	0	0	N	N	N	N	N	N	N	N	N	N	N	N	0.0000	0.0000	0.0000	0.0000	0.0000	0.0000	0.0000	0.0000	0.0000	0.0000	0.0000	0.0000	0.0000	0.0000	0.0000	0.0000	0.0000	0.0000	0.0000	0.0000	3.9684	0.0000	7.2726	0.0000	0.0000	0.0000	0.0000	0.0000	0.0000	0.0000	0.0000	0.0000	0.0000	0.0000	0.0000	0.0000	0.0000	0.0000	0.0000	0.0000	0.0000	0.0000	0.0000	0.0000	0.0000	0.0000	0.0000	0.0000	0.0000	0.0000	0.0000	0.0000	0.0000	0.0000	0.0000	0.0000	0.0000	0.0000	0.0000	0.0000	0.0000	0.0000	0.0000	0.0000	0.0000	0.0000	0.0000	0.0000	0.0000	0.0000	0.0000	0.0000	0.0000	0.0000	0.0000	0.0000	0.0000	0.0000											
0	3	0.1812	8	2	1	1	0	0	0	0	0	Y	N	N	N	N	N	N	N	N	N	N	N	0.0000	0.0000	0.0000	0.0000	0.0000	0.0000	0.0000	0.0000	0.0000	0.0000	0.0000	0.0000	0.0000	4.2285	0.0000	18.7646	0.0000	0.0000	0.0000	4.6153	0.0000	19.2421	inf	0.0000	0.4109	3.9684	9.0000	7.2726	12.0000	0.0000	0.0000	0.0000	0.0000	0.0000	0.0000	0.0000	0.0000	0.0000	1.0000	0.0000	1.0000	0.0000	0.0000	0.0000	1.0000	0.0000	1.0000	0.2547	0.2222	0.0325	0.0293	0.0274	0.0019	0.2254	0.1948	0.0306	0.2878	0.1724	0.1154	0.0711	0.0578	0.0132	0.2167	0.1145	0.1022	0.0000	0.0000	0.0000	0.0000	0.0000	0.0000	0.0000	0.0000	0.0000	3.4752	0.0000	8.6656	0.0000	0.0000	0.0000	4.6153	0.0000	9.7893						
0	4	0.1314	4	1	2	0	0	0	0	0	0	N	Y	N	N	N	N	N	N	N	N	N	N	0.0000	0.0000	0.0000	0.0000	0.0000	0.0000	0.0000	0.0000	0.0000	0.0000	0.0000	0.0000	0.0000	0.0000	0.0000	0.0000	0.0000	10.4403	11.5490	26.0780	2.4798	2.3864	0.0000	11.9484	11.2281	25.4100	0.9994	0.0000	-0.1754	3.9684	5.9975	7.2726	7.1792	0.0000	0.0000	0.0000	0.0000	0.0000	0.0000	0.0000	0.0000	0.0000	1.9652	0.9829	0.9823	0.0459	0.0459	0.0000	1.9193	0.9370	0.9823	0.1785	0.1562	0.0223	0.0240	0.0228	0.0012	0.1545	0.1334	0.0211	0.2270	0.1427	0.0843	0.0663	0.0583	0.0080	0.1606	0.0844	0.0762	0.0000	0.0000	0.0000	0.0000	0.0000	0.0000	0.0000	0.0000	0.0000	8.6584	6.8887	11.6539	0.6919	0.7874	0.0000	11.9484	11.1035	12.8836		
0	5	0.1791	9	1	1	1	0	0	0	0	0	N	N	N	N	N	N	N	N	N	N	N	N	0.0000	0.0000	0.0000	0.0000	0.0000	0.0000	0.0000	0.0000	0.0000	0.0000	0.0000	0.0000	0.0000	0.0000	0.0000	0.0000	0.0000	0.0000	0.0000	0.0000	3.9684	6.0001	7.2726	2.9972	0.0000	0.0000	0.0000	0.0000	0.0000	0.0000	0.0000	0.0000	0.0000	0.0000	0.0000	0.0000	0.0000	0.0000	0.0000	0.0000	0.0000	0.0000	0.1750	0.1527	0.0223	0.0205	0.0193	0.0012	0.1545	0.1335	0.0211	0.1311	0.0780	0.0531	0.0257	0.0219	0.0038	0.1054	0.0561	0.0493	0.0000	0.0000	0.0000	0.0000	0.0000	0.0000	0.0000	0.0000	0.0000	0.0000	0.0000	0.0000	0.0000	0.0000	0.0000	0.0000	0.0000	0.0000											
0	6	0.1100	3	1	1	1	0	0	0	0	0	N	N	N	N	N	N	N	N	N	N	N	N	0.0000	0.0000	0.0000	0.0000	0.0000	0.0000	0.0000	0.0000	0.0000	0.0000	0.0000	0.0000	0.0000	0.0000	0.0000	0.0000	0.0000	2.9301	5.2316	0.0158	0.0432	0.0474	0.0000	3.3963	7.3394	0.0169	0.0027	0.0000	-0.5479	3.9684	13.4817	7.2726	9.4010	0.0000	0.0000	0.0000	0.0000	0.0000	0.0000	0.0000	0.0000	0.0000	0.9342	0.9317	0.0025	0.0047	0.0047	0.0000	0.9294	0.9270	0.0025	0.4222	0.3688	0.0534	0.0688	0.0649	0.0039	0.3535	0.3039	0.0495	0.4194	0.2630	0.1564	0.1097	0.1000	0.0097	0.3098	0.1631	0.1467	0.0000	0.0000	0.0000	0.0000	0.0000	0.0000	0.0000	0.0000	0.0000	2.2273	3.5421	0.0158	0.0432	0.0474	0.0000	3.0004	5.6848	0.0169		
0	7	0.1967	11	2	2	0	0	0	0	0	0	Y	Y	N	N	N	N	N	N	N	N	N	N	0.0000	0.0000	0.0000	0.0000	0.0000	0.0000	0.0000	0.0000	0.0000	0.0000	0.0000	0.0000	0.0000	0.0000	0.0000	0.0000	0.0000	0.0000	0.0000	0.0000	3.9684	2.2373	7.2726	1.9967	0.0000	0.0000	0.0000	0.0000	0.0000	0.0000	0.0000	0.0000	0.0000	0.0000	0.0000	0.0000	0.0000	0.0000	0.0000	0.0000	0.0000	0.0000	0.0767	0.0679	0.0088	0.0133	0.0128	0.0005	0.0634	0.0551	0.0083	0.0660	0.0401	0.0258	0.0194	0.0160	0.0034	0.0465	0.0241	0.0224	0.0000	0.0000	0.0000	0.0000	0.0000	0.0000	0.0000	0.0000	0.0000	0.0000	0.0000	0.0000	0.0000	0.0000	0.0000	0.0000	0.0000	0.0000											
0	8	0.1812	8	1	2	0	0	0	0	0	0	N	Y	N	N	N	N	N	N	N	N	N	N	0.0000	0.0000	0.0000	0.0000	0.0000	0.0000	0.0000	0.0000	0.0000	0.0000	0.0000	0.0000	0.0000	0.0000	0.0000	0.0000	0.0000	0.0000	0.0000	0.0000	3.9684	4.0000	7.2726	7.0000	0.0000	0.0000	0.0000	0.0000	0.0000	0.0000	0.0000	0.0000	0.0000	0.0000	0.0000	0.0000	0.0000	0.0000	0.0000	0.0000	0.0000	0.0000	0.1164	0.1014	0.0150	0.0133	0.0125	0.0009	0.1031	0.0890	0.0141	0.1591	0.0954	0.0637	0.0399	0.0324	0.0075	0.1193	0.0630	0.0563	0.0000	0.0000	0.0000	0.0000	0.0000	0.0000	0.0000	0.0000	0.0000	0.0000	0.0000	0.0000	0.0000	0.0000	0.0000	0.0000	0.0000	0.0000											
0	9	0.2050	9	1	2	0	0	0	0	0	0	N	Y	N	N	N	N	N	N	N	N	N	N	0.0000	0.0000	0.0000	0.0000	0.0000	0.0000	0.0000	0.0000	0.0000	0.0000	0.0000	0.0000	0.0000	0.0000	0.0000	0.0000	0.0001	0.0002	0.0000	0.0002	0.0003	0.0000	0.0000	0.0000	0.0001	0.1364	0.0000	-0.0000	3.9684	2.9770	7.2726	5.0602	0.0000	0.0000	0.0000	0.0000	0.0000	0.0000	0.0000	0.0000	0.0000	0.0000	0.0000	0.0000	0.0000	0.0000	0.0000	0.0000	0.0000	0.0000	0.0930	0.0814	0.0116	0.0152	0.0142	0.0010	0.0778	0.0672	0.0106	0.1893	0.1306	0.0587	0.0916	0.0715	0.0202	0.0977	0.0591	0.0385	0.0000	0.0000	0.0000	0.0000	0.0000	0.0000	0.0000	0.0000	0.0000	0.0001	0.0002	0.0000	0.0002	0.0003	0.0000	0.0000	0.0000	0.0001			
0	10	0.1889	8	1	2	0	0	0	0	0	0	N	Y	N	N	N	N	N	N	N	N	N	N	0.0000	0.0000	0.0000	0.0000	0.0000	0.0000	0.0000	0.0000	0.0000	0.0000	0.0000	0.0000	0.0000	0.0000	0.0000	0.0000	0.0000	0.0028	0.0048	0.0001	0.0143	0.0165	0.0000	0.0000	0.0000	0.0001	0.0079	0.0000	-0.0002	3.9684	5.2144	7.2726	4.0122	0.0000	0.0000	0.0000	0.0000	0.0000	0.0000	0.0000	0.0000	0.0000	0.0004	0.0004	0.0000	0.0004	0.0004	0.0000	0.0000	0.0000	0.0000	0.1942	0.1713	0.0229	0.0479	0.0452	0.0027	0.1463	0.1260	0.0202	0.1315	0.0768	0.0547	0.0259	0.0224	0.0035	0.1056	0.0543	0.0512	0.0000	0.0000	0.0000	0.0000	0.0000	0.0000	0.0000	0.0000	0.0000	0.0028	0.0048	0.0001	0.0143	0.0165	0.0000	0.0000	0.0000	0.0001		
0	11	0.1791	9	1	2	0	0	0	0	0	0	N	Y	N	N	N	N	N	N	N	N	N	N	0.0000	0.0000	0.0000	0.0000	0.0000	0.0000	0.0000	0.0000	0.0000	0.0000	0.0000	0.0000	0.0000	0.0000	0.0000	0.0000	0.0000	0.0000	0.0000	0.0000	3.9684	1.0002	7.2726	2.9310	0.0000	0.0000	0.0000	0.0000	0.0000	0.0000	0.0000	0.0000	0.0000	0.0000	0.0000	0.0000	0.0000	0.0000	0.0000	0.0000	0.0000	0.0000	0.0300	0.0262	0.0039	0.0035	0.0033	0.0002	0.0265	0.0229	0.0037	0.0614	0.0368	0.0246	0.0129	0.0112	0.0017	0.0485	0.0257	0.0228	0.0000	0.0000	0.0000	0.0000	0.0000	0.0000	0.0000	0.0000	0.0000	0.0000	0.0000	0.0000	0.0000	0.0000	0.0000	0.0000	0.0000	0.0000											
0	12	0.1791	8	1	1	0	0	0	0	0	0	N	N	N	N	N	N	N	N	N	N	N	N	0.0000	0.0000	0.0000	0.0000	0.0000	0.0000	0.0000	0.0000	0.0000	0.0000	0.0000	0.0000	0.0000	0.0000	0.0000	0.0000	0.0000	0.0000	0.0000	0.0000	3.9684	0.0003	7.2726	0.1375	0.0000	0.0000	0.0000	0.0000	0.0000	0.0000	0.0000	0.0000	0.0000	0.0000	0.0000	0.0000	0.0000	0.0000	0.0000	0.0000	0.0000	0.0000	0.0000	0.0000	0.0000	0.0000	0.0000	0.0000	0.0000	0.0000	0.0000	0.0067	0.0045	0.0022	0.0027	0.0027	0.0001	0.0040	0.0019	0.0021	0.0000	0.0000	0.0000	0.0000	0.0000	0.0000	0.0000	0.0000	0.0000	0.0000	0.0000	0.0000	0.0000	0.0000	0.0000	0.0000	0.0000	0.0000											
0	13	0.1542	7	1	2	0	0	0	0	0	0	N	Y	N	N	N	N	N	N	N	N	N	N	0.0000	0.0000	0.0000	0.0000	0.0000	0.0000	0.0000	0.0000	0.0000	0.0000	0.0000	0.0000	0.0000	0.0000	0.0000	0.0000	0.0000	0.0042	0.0073	0.0000	0.0191	0.0216	0.0000	0.0000	0.0000	0.0000	0.0012	0.0000	-0.0004	3.9684	3.9729	7.2726	5.4895	0.0000	0.0000	0.0000	0.0000	0.0000	0.0000	0.0000	0.0000	0.0000	0.0007	0.0006	0.0000	0.0006	0.0006	0.0000	0.0000	0.0000	0.0000	0.1225	0.1069	0.0156	0.0153	0.0145	0.0008	0.1072	0.0924	0.0148	0.1542	0.0894	0.0648	0.0341	0.0301	0.0040	0.1201	0.0593	0.0608	0.0000	0.0000	0.0000	0.0000	0.0000	0.0000	0.0000	0.0000	0.0000	0.0042	0.0073	0.0000	0.0191	0.0216	0.0000	0.0000	0.0000	0.0000		
0	14	0.1738	8	2	2	0	0	0	0	0	0	Y	Y	N	N	N	N	N	N	N	N	N	N	0.0000	0.0000	0.0000	0.0000	0.0000	0.0000	0.0000	0.0000	0.0000	0.0000	0.0000	0.0000	0.0000	5.1234	0.0000	24.4490	0.0000	0.0000	0.0000	5.9132	0.0000	24.8875	inf	0.0000	0.4109	3.9684	10.0000	7.2726	6.0013	0.0000	0.0000	0.0000	0.0000	0.0000	0.0000	0.0000	0.0000	0.0000	1.0000	0.0000	1.0000	0.0000	0.0000	0.0000	1.0000	0.0000	1.0000	0.2804	0.2446	0.0358	0.0314	0.0293	0.0021	0.2490	0.2153	0.0337	0.2251	0.1349	0.0902	0.0560	0.0455	0.0104	0.1691	0.0893	0.0798	0.0000	0.0000	0.0000	0.0000	0.0000	0.0000	0.0000	0.0000	0.0000	4.4429	0.0000	11.0850	0.0000	0.0000	0.0000	5.9132	0.0000	12.5368						
0	15	0.1791	8	1	2	0	0	0	0	0	0	N	Y	N	N	N	N	N	N	N	N	N	N	0.0000	0.0000	0.0000	0.0000	0.0000	0.0000	0.0000	0.0000	0.0000	0.0000	0.0000	0.0000	0.0000	0.0000	0.0000	0.0000	0.0000	0.0000	0.0000	0.0000	3.9684	2.9999	7.2726	3.0728	0.0000	0.0000	0.0000	0.0000	0.0000	0.0000	0.0000	0.0000	0.0000	0.0000	0.0000	0.0000	0.0000	0.0000	0.0000	0.0000	0.0000	0.0000	0.0890	0.0776	0.0114	0.0104	0.0098	0.0006	0.0786	0.0678	0.0108	0.0913	0.0545	0.0368	0.0184	0.0158	0.0026	0.0729	0.0387	0.0342	0.0000	0.0000	0.0000	0.0000	0.0000	0.0000	0.0000	0.0000	0.0000	0.0000	0.0000	0.0000	0.0000	0.0000	0.0000	0.0000	0.0000	0.0000											
0	16	0.1542	7	1	1	0	0	0	0	0	0	N	N	N	N	N	N	N	N	N	N	N	N	0.0000	0.0000	0.0000	0.0000	0.0000	0.0000	0.0000	0.0000	0.0000	0.0000	0.0000	0.0000	0.0000	0.0000	0.0000	0.0000	0.0000	0.0020	0.0035	0.0000	0.0087	0.0098	0.0000	0.0000	0.0000	0.0000	0.0034	0.0000	-0.0002	3.9684	6.0396	7.2726	1.6050	0.0000	0.0000	0.0000	0.0000	0.0000	0.0000	0.0000	0.0000	0.0000	0.0003	0.0003	0.0000	0.0003	0.0003	0.0000	0.0000	0.0000	0.0000	0.1815	0.1584	0.0232	0.0217	0.0205	0.0012	0.1598	0.1379	0.0219	0.1296	0.0750	0.0546	0.0298	0.0265	0.0033	0.0999	0.0485	0.0513	0.0000	0.0000	0.0000	0.0000	0.0000	0.0000	0.0000	0.0000	0.0000	0.0020	0.0035	0.0000	0.0087	0.0098	0.0000	0.0000	0.0000	0.0000		
0	17	0.1039	3	2	2	0	0	0	0	0	0	Y	Y	N	N	N	N	N	N	N	N	N	N	0.0000	0.0000	0.0000	0.0000	0.0000	0.0000	0.0001	inf	0.0000	0.0000	0.0000	0.0000	0.0000	0.0000	0.0000	0.0000	0.0000	0.0000	1.3347	2.1817	0.0144	3.6365	3.0284	0.0214	0.0082	0.0000	0.0142	0.0000	0.0247	-0.0000	-0.0091	3.9684	0.9996	7.2726	1.7768	0.0000	0.0000	0.0000	0.0000	0.0000	0.0000	0.0000	0.0000	0.0000	0.0160	0.0157	0.0004	0.0157	0.0157	0.0000	0.0004	0.0000	0.0004	0.0295	0.0256	0.0039	0.0031	0.0029	0.0002	0.0264	0.0227	0.0037	0.0608	0.0340	0.0268	0.0163	0.0154	0.0009	0.0444	0.0186	0.0258	0.0000	0.0000	0.0000	0.0000	0.0000	0.0000	0.0001	inf	0.0000	0.2641	0.4605	0.0144	0.9594	1.0164	0.0214	0.0082	0.0000	0.0142
0	18	0.1967	11	1	2	0	0	0	0	0	0	N	Y	N	N	N	N	N	N	N	N	N	N	0.0000	0.0000	0.0000	0.0000	0.0000	0.0000	0.0000	0.0000	0.0000	0.0000	0.0000	0.0000	0.0000	0.0000	0.0000	0.0000	0.0000	0.0000	0.0000	0.0000	0.0000	0.0000	inf	0.0000	0.0000	3.9684	4.7641	7.2726	2.0666	0.0000	0.0000	0.0000	0.0000	0.0000	0.0000	0.0000	0.0000	0.0000	0.0000	0.0000	0.0000	0.0000	0.0000	0.0000	0.0000	0.0000	0.0000	0.1484	0.1304	0.0180	0.0217	0.0206	0.0011	0.1267	0.1098	0.0169	0.1033	0.0627	0.0406	0.0300	0.0247	0.0054	0.0733	0.0380	0.0353	0.0000	0.0000	0.0000	0.0000	0.0000	0.0000	0.0000	0.0000	0.0000	0.0000	0.0000	0.0000	0.0000	0.0000	0.0000	0.0000	0.0000	0.0000						
0	19	0.1793	10	1	2	0	0	0	0	0	0	N	Y	N	N	N	N	N	N	N	N	N	N	0.0000	0.0000	0.0000	0.0000	0.0000	0.0000	0.0000	0.0000	0.0000	0.0000	0.0000	0.0000	0.0000	0.0000	0.0000	0.0000	0.0000	0.0000	0.0001	0.0000	0.0000	0.0000	0.0000	0.0000	0.0001	30.8762	0.0000	0.0000	3.9684	1.4176	7.2726	5.1148	0.0000	0.0000	0.0000	0.0000	0.0000	0.0000	0.0000	0.0000	0.0000	0.0000	0.0000	0.0000	0.0000	0.0000	0.0000	0.0000	0.0000	0.0000	0.0527	0.0470	0.0057	0.0102	0.0099	0.0003	0.0425	0.0371	0.0054	0.0993	0.0602	0.0391	0.0259	0.0213	0.0046	0.0734	0.0389	0.0345	0.0000	0.0000	0.0000	0.0000	0.0000	0.0000	0.0000	0.0000	0.0000	0.0000	0.0000	0.0001	0.0000	0.0000	0.0000	0.0000	0.0000	0.0001			
0	20	0.0987	2	1	2	1	1	0	0	0	0	N	Y	N	N	N	N	N	N	N	N	N	N	0.0000	0.0000	0.0000	0.0000	0.0000	0.0000	0.0000	0.0000	0.0000	0.0000	0.0000	0.0000	0.0000	0.0000	0.0000	0.0000	0.0000	0.0000	0.0000	0.0000	3.9684	0.0000	7.2726	0.0000	0.0000	0.0000	0.0000	0.0000	0.0000	0.0000	0.0000	0.0000	0.0000	0.0000	0.0000	0.0000	0.0000	0.0000	0.0000	0.0000	0.0000	0.0000	0.0000	0.0000	0.0000	0.0000	0.0000	0.0000	0.0000	0.0000	0.0000	0.0000	0.0000	0.0000	0.0000	0.0000	0.0000	0.0000	0.0000	0.0000	0.0000	0.0000	0.0000	0.0000	0.0000	0.0000	0.0000	0.0000	0.0000	0.0000	0.0000	0.0000	0.0000	0.0000	0.0000	0.0000	0.0000	0.0000											
0	22	0.1158	6	1	2	0	0	0	0	0	0	N	Y	N	N	N	N	N	N	N	N	N	N	0.0000	0.0000	0.0000	0.0000	0.0000	0.0000	0.0000	0.0000	0.0000	0.0000	0.0000	0.0000	0.0000	0.0000	0.0000	3.5979	7.3624	0.0000	0.0188	0.0222	0.0000	3.7961	7.8022	0.0000	0.0000	0.0000	-0.5084	3.9684	11.9950	7.2726	7.9469	0.0000	0.0000	0.0000	0.0000	0.0000	0.0000	0.0000	0.0000	0.0000	0.8630	0.8630	0.0000	0.0011	0.0011	0.0000	0.8620	0.8620	0.0000	0.3489	0.3046	0.0443	0.0364	0.0345	0.0019	0.3126	0.2701	0.0424	0.2987	0.1787	0.1200	0.0564	0.0478	0.0086	0.2423	0.1309	0.1113	0.0000	0.0000	0.0000	0.0000	0.0000	0.0000	0.0000	0.0000	0.0000	2.8892	4.8290	0.0000	0.0188	0.0222	0.0000	3.5576	6.5830	0.0000				
0	23	0.2522	12	2	2	0	0	0	0	0	0	Y	Y	N	N	N	N	N	N	N	N	N	N	0.0000	0.0000	0.0000	0.0000	0.0000	0.0000	0.0000	0.0000	0.0000	0.0000	0.0000	0.0000	0.0000	0.0000	0.0000	0.0000	0.0010	0.0017	0.0000	0.0070	0.0079	0.0000	0.0000	0.0000	0.0000	0.0002	0.0000	-0.0000	3.9684	0.0013	7.2726	0.9984	0.0000	0.0000	0.0000	0.0000	0.0000	0.0000	0.0000	0.0000	0.0000	0.0000	0.0000	0.0000	0.0000	0.0000	0.0000	0.0000	0.0000	0.0000	0.0001	0.0001	0.0000	0.0000	0.0000	0.0000	0.0001	0.0001	0.0000	0.0191	0.0115	0.0076	0.0029	0.0025	0.0003	0.0162	0.0090	0.0072	0.0000	0.0000	0.0000	0.0000	0.0000	0.0000	0.0000	0.0000	0.0000	0.0010	0.0017	0.0000	0.0070	0.0079	0.0000	0.0000	0.0000	0.0000			
0	24	0.0775	3	1	2	0	1	0	0	0	0	N	Y	N	N	N	N	N	N	N	N	N	N	0.0217	0.0044	0.0000	0.0383	0.0479	0.0000	0.0000	0.0012	0.0013	0.0000	0.0158	0.0164	0.0000	0.0000	0.0000	0.0000	0.0532	0.3021	0.0000	0.4139	0.3411	0.0000	0.0000	0.0000	0.0000	0.0000	0.0002	-0.0001	-0.0059	3.9684	6.0729	7.2726	6.2374	0.0002	0.0002	0.0000	0.0002	0.0002	0.0000	0.0000	0.0000	0.0000	0.0100	0.0100	0.0000	0.0100	0.0100	0.0000	0.0000	0.0000	0.0000	0.1884	0.1634	0.0250	0.0137	0.0133	0.0004	0.1747	0.1501	0.0246	0.2453	0.1418	0.1034	0.0421	0.0413	0.0009	0.2031	0.1006	0.1026	0.0282	0.0188	0.0000	0.0665	0.0672	0.0000	0.0000	0.0000	0.0000	0.0409	0.0708	0.0000	0.2381	0.2433	0.0000	0.0000	0.0000	0.0000		
0	25	0.0903	3	2	2	0	0	0	0	0	0	Y	Y	N	N	N	N	N	N	N	N	N	N	0.0000	0.0000	0.0000	0.0000	0.0000	0.0000	0.0000	0.0000	0.0000	0.0000	0.0000	0.0000	0.0000	0.0000	0.0000	0.0000	0.0001	0.0001	0.0000	0.0005	0.0006	0.0000	0.0000	0.0000	0.0000	0.4079	0.0000	-0.0000	3.9684	19.6128	7.2726	15.0566	0.0000	0.0000	0.0000	0.0000	0.0000	0.0000	0.0000	0.0000	0.0000	0.0000	0.0000	0.0000	0.0000	0.0000	0.0000	0.0000	0.0000	0.0000	0.5602	0.4918	0.0684	0.0553	0.0528	0.0025	0.5048	0.4389	0.0659	0.4569	0.2575	0.1994	0.0385	0.0352	0.0033	0.4185	0.2223	0.1962	0.0000	0.0000	0.0000	0.0000	0.0000	0.0000	0.0000	0.0000	0.0000	0.0001	0.0001	0.0000	0.0005	0.0006	0.0000	0.0000	0.0000	0.0000			
0	26	0.1331	2	1	1	1	0	0	0	0	0	N	N	N	N	N	N	N	N	N	N	N	N	0.0000	0.0000	0.0000	0.0000	0.0000	0.0000	0.0000	0.0000	0.0000	0.0000	0.0000	0.0000	0.0000	10.3682	14.1237	0.0000	61.2116	62.0462	0.0000	0.0000	0.0000	0.0000	0.0000	0.0000	-0.0000	3.9684	0.0000	7.2726	0.0000	0.0000	0.0000	0.0000	0.0000	0.0000	0.0000	0.0000	0.0000	0.0000	0.0000	0.0000	0.0000	0.0000	0.0000	0.0000	0.0000	0.0000	0.0000	0.0000	0.0000	0.0000	0.0000	0.0000	0.0000	0.0000	0.0000	0.0000	0.0000	0.0000	0.0000	0.0000	0.0000	0.0000	0.0000	0.0000	0.0000	0.0000	0.0000	0.0000	0.0000	0.0000	0.0000	0.0000	0.0000	0.0000	8.5802	10.5108	0.0000	18.7748	18.8532	0.0000	0.0000	0.0000	0.0000						
0	27	0.1039	3	2	1	1	0	0	0	0	0	Y	N	N	N	N	N	N	N	N	N	N	N	0.0000	0.0011	0.0000	0.0020	0.0029	0.0000	0.0000	inf	0.0000	0.0000	0.0000	0.0000	0.0000	0.0000	0.0000	0.0000	0.0000	0.0000	0.0267	0.0005	0.0609	0.0019	0.0014	0.0067	0.0382	0.0000	0.0634	0.0000	101.9376	-0.0000	0.0017	3.9684	6.0046	7.2726	3.2467	0.0000	0.0000	0.0000	0.0000	0.0000	0.0000	0.0000	0.0000	0.0000	0.0041	0.0000	0.0041	0.0001	0.0000	0.0000	0.0041	0.0000	0.0041	0.1675	0.1454	0.0220	0.0157	0.0146	0.0011	0.1518	0.1308	0.0210	0.1540	0.0871	0.0669	0.0316	0.0286	0.0030	0.1224	0.0585	0.0639	0.0000	0.0011	0.0000	0.0020	0.0029	0.0000	0.0000	inf	0.0000	0.0267	0.0005	0.0609	0.0019	0.0014	0.0067	0.0331	0.0000	0.0634
0	28	0.0675	2	2	1	0	0	0	0	0	0	Y	N	N	N	N	N	N	N	N	N	N	N	0.0028	0.4161	0.0017	1.7602	1.7981	0.0003	0.0016	12.9070	0.0019	0.0097	0.0076	0.0230	0.0697	0.0717	0.0000	0.0060	0.0032	0.0233	3.4281	0.0182	13.2972	0.0396	0.0399	0.0181	3.8628	0.0002	12.1894	0.4700	276.1476	-0.0001	0.4374	3.9684	7.0330	7.2726	8.3476	0.0021	0.0014	0.0007	0.0009	0.0009	0.0000	0.0012	0.0006	0.0007	1.0739	0.0039	1.0700	0.0039	0.0038	0.0000	1.0700	0.0000	1.0700	0.2161	0.1872	0.0290	0.0124	0.0121	0.0003	0.2037	0.1751	0.0286	0.3956	0.2188	0.1769	0.0975	0.0964	0.0011	0.2981	0.1223	0.1758	0.0036	0.4282	0.0038	1.7602	1.7981	0.0003	0.0017	12.9070	0.0038	2.7144	0.0177	6.0497	0.0396	0.0399	0.0181	3.5897	0.0002	6.0878
0	29	0.0775	3	1	2	0	1	0	0	0	0	N	Y	N	N	N	N	N	N	N	N	N	N	107.8806	0.0003	1540063.9103	0.0015	0.0020	inf	429551.7097	1553750.5728	2.7091	0.0000	20.5713	0.0004	0.0004	0.0000	2.8764	0.0000	20.9389	0.0251	0.0831	0.0000	0.2615	0.2024	0.0000	0.0000	0.0000	0.0000	119953.0933	0.0002	0.6362	-0.0059	3.9684	12.7698	7.2726	10.8465	1.0000	0.0000	1.0000	0.0000	0.0000	0.0000	1.0000	0.0000	1.0000	0.0100	0.0100	0.0000	0.0100	0.0100	0.0000	0.0000	0.0000	0.0000	0.3691	0.3205	0.0486	0.0215	0.0206	0.0009	0.3477	0.2999	0.0478	0.3998	0.2263	0.1735	0.0537	0.0521	0.0015	0.3461	0.1741	0.1720	107.8806	0.0006	1540063.9103	0.0021	0.0021	inf	429551.7097	0.0000	1553750.5728	0.0251	0.0444	0.0000	0.1870	0.1925	0.0000	0.0000	0.0000	0.0000	
0	30	0.1741	9	2	1	1	0	0	0	0	0	Y	N	N	N	N	N	N	N	N	N	N	N	0.0000	0.0000	0.0000	0.0000	0.0000	0.0000	0.0000	0.0000	0.0000	0.0000	0.0000	0.0000	0.0000	0.0000	0.0000	0.0000	0.0000	0.0000	0.0000	0.0000	3.9684	11.8338	7.2726	5.9707	0.0000	0.0000	0.0000	0.0000	0.0000	0.0000	0.0000	0.0000	0.0000	0.0000	0.0000	0.0000	0.0000	0.0000	0.0000	0.0000	0.0000	0.0000	0.3353	0.2934	0.0419	0.0406	0.0381	0.0025	0.2947	0.2553	0.0394	0.2482	0.1488	0.0994	0.0617	0.0502	0.0115	0.1865	0.0986	0.0879	0.0000	0.0000	0.0000	0.0000	0.0000	0.0000	0.0000	0.0000	0.0000	0.0000	0.0000	0.0000	0.0000	0.0000	0.0000	0.0000	0.0000	0.0000											
0	31	0.0775	3	1	1	1	0	0	0	0	0	N	N	N	N	N	N	N	N	N	N	N	N	0.0000	0.0000	0.0000	0.0000	0.0000	0.0000	0.0000	0.0000	0.0000	0.0000	0.0000	0.0000	0.0000	0.0000	0.0000	0.0000	0.0001	0.0001	0.0000	0.0003	0.0003	0.0000	0.0000	0.0000	0.0000	0.2318	0.0000	-0.0000	3.9684	6.9288	7.2726	3.0309	0.0000	0.0000	0.0000	0.0000	0.0000	0.0000	0.0000	0.0000	0.0000	0.0000	0.0000	0.0000	0.0000	0.0000	0.0000	0.0000	0.0000	0.0000	0.2128	0.1846	0.0282	0.0148	0.0143	0.0005	0.1980	0.1703	0.0277	0.2111	0.1232	0.0880	0.0395	0.0388	0.0007	0.1716	0.0844	0.0872	0.0000	0.0000	0.0000	0.0000	0.0000	0.0000	0.0000	0.0000	0.0000	0.0001	0.0001	0.0000	0.0003	0.0003	0.0000	0.0000	0.0000	0.0000			
0	32	0.0675	2	1	1	0	0	0	0	0	0	N	N	N	N	N	N	N	N	N	N	N	N	0.0125	0.0050	2.5636	0.0122	0.0156	31.9648	0.5567	inf	2.5972	0.0222	0.0147	0.0719	0.0973	0.0989	0.0015	0.0109	0.0000	0.0731	1.7819	2.9531	0.0280	7.9633	6.3364	0.0000	0.0196	0.0000	0.0281	0.7435	0.0180	0.0001	-0.1018	3.9684	1.8775	7.2726	3.1058	0.0016	0.0009	0.0007	0.0009	0.0009	0.0000	0.0007	0.0000	0.0007	0.1781	0.1750	0.0031	0.1750	0.1750	0.0000	0.0031	0.0000	0.0031	0.0707	0.0614	0.0093	0.0093	0.0091	0.0002	0.0614	0.0523	0.0092	0.2528	0.1405	0.1122	0.0922	0.0918	0.0004	0.1606	0.0487	0.1118	0.0316	0.0118	2.5636	0.0513	0.0519	31.9648	0.5567	inf	2.5972	0.7047	1.2450	0.0280	1.8974	1.9059	0.0000	0.0196	0.0000	0.0281
0	34	0.1384	3	1	2	0	0	0	0	0	0	N	Y	N	N	N	N	N	N	N	N	N	N	0.0000	0.0000	0.0000	0.0000	0.0000	0.0000	0.0000	0.0000	0.0000	0.0000	0.0000	0.0000	0.0000	0.0000	0.0000	0.6217	1.2332	0.0000	0.0013	0.0014	0.0000	0.8725	2.3512	0.0000	0.0000	0.0000	-0.0028	3.9684	0.0019	7.2726	3.0025	0.0000	0.0000	0.0000	0.0000	0.0000	0.0000	0.0000	0.0000	0.0000	0.0047	0.0047	0.0000	0.0000	0.0000	0.0000	0.0047	0.0047	0.0000	0.0002	0.0002	0.0000	0.0001	0.0001	0.0000	0.0001	0.0001	0.0000	0.0440	0.0253	0.0187	0.0080	0.0072	0.0007	0.0360	0.0181	0.0179	0.0000	0.0000	0.0000	0.0000	0.0000	0.0000	0.0000	0.0000	0.0000	0.1066	0.1855	0.0000	0.0013	0.0014	0.0000	0.1300	0.2591	0.0000				
0	35	0.2403	9	2	2	0	0	0	0	0	0	Y	Y	N	N	N	N	N	N	N	N	N	N	0.0000	0.0000	0.0000	0.0000	0.0000	0.0000	0.0000	0.0000	0.0000	0.0000	0.0000	0.0000	0.0000	0.0000	0.0000	0.0000	0.0000	0.0000	0.0000	0.0000	3.9684	1.0000	7.2726	1.9999	0.0000	0.0000	0.0000	0.0000	0.0000	0.0000	0.0000	0.0000	0.0000	0.0000	0.0000	0.0000	0.0000	0.0000	0.0000	0.0000	0.0000	0.0000	0.0285	0.0249	0.0036	0.0056	0.0052	0.0004	0.0229	0.0198	0.0032	0.0409	0.0236	0.0172	0.0077	0.0065	0.0011	0.0332	0.0171	0.0161	0.0000	0.0000	0.0000	0.0000	0.0000	0.0000	0.0000	0.0000	0.0000	0.0000	0.0000	0.0000	0.0000	0.0000	0.0000	0.0000	0.0000	0.0000											
0	36	0.2050	9	1	2	1	0	0	0	0	0	N	Y	N	N	N	N	N	N	N	N	N	N	0.0000	0.0000	0.0000	0.0000	0.0000	0.0000	0.0000	0.0000	0.0000	0.0000	0.0000	0.0000	0.0000	0.0000	0.0000	0.0000	0.0001	0.0002	0.0000	0.0002	0.0003	0.0000	0.0000	0.0000	0.0001	0.1364	0.0000	-0.0000	3.9684	3.0341	7.2726	5.2124	0.0000	0.0000	0.0000	0.0000	0.0000	0.0000	0.0000	0.0000	0.0000	0.0000	0.0000	0.0000	0.0000	0.0000	0.0000	0.0000	0.0000	0.0000	0.0946	0.0829	0.0118	0.0154	0.0144	0.0010	0.0792	0.0684	0.0108	0.1919	0.1321	0.0598	0.0923	0.0720	0.0203	0.0996	0.0601	0.0394	0.0000	0.0000	0.0000	0.0000	0.0000	0.0000	0.0000	0.0000	0.0000	0.0001	0.0002	0.0000	0.0002	0.0003	0.0000	0.0000	0.0000	0.0001			
0	37	0.1812	8	1	2	0	0	0	0	0	0	N	Y	N	N	N	N	N	N	N	N	N	N	0.0000	0.0000	0.0000	0.0000	0.0000	0.0000	0.0000	0.0000	0.0000	0.0000	0.0000	0.0000	0.0000	0.0000	0.0000	0.0000	0.0002	0.0002	0.0002	0.0004	0.0005	0.0000	0.0001	0.0000	0.0002	0.7852	0.0000	-0.0000	3.9684	3.0544	7.2726	4.8962	0.0000	0.0000	0.0000	0.0000	0.0000	0.0000	0.0000	0.0000	0.0000	0.0000	0.0000	0.0000	0.0000	0.0000	0.0000	0.0000	0.0000	0.0000	0.0894	0.0778	0.0115	0.0102	0.0096	0.0007	0.0792	0.0683	0.0109	0.1170	0.0702	0.0468	0.0294	0.0239	0.0055	0.0875	0.0462	0.0413	0.0000	0.0000	0.0000	0.0000	0.0000	0.0000	0.0000	0.0000	0.0000	0.0002	0.0002	0.0002	0.0004	0.0005	0.0000	0.0001	0.0000	0.0002			
0	38	0.1384	3	1	1	1	0	0	0	0	0	N	N	N	N	N	N	N	N	N	N	N	N	0.0000	0.0000	0.0000	0.0000	0.0000	0.0000	0.0000	0.0000	0.0000	0.0000	0.0000	0.0000	0.0000	0.0000	0.0000	1.0530	1.7489	0.0000	0.0018	0.0020	0.0000	1.2516	2.7574	0.0000	0.0000	0.0000	-0.0028	3.9684	0.9992	7.2726	1.0069	0.0000	0.0000	0.0000	0.0000	0.0000	0.0000	0.0000	0.0000	0.0000	0.0047	0.0047	0.0000	0.0000	0.0000	0.0000	0.0047	0.0047	0.0000	0.0259	0.0224	0.0035	0.0012	0.0012	0.0001	0.0247	0.0212	0.0034	0.0297	0.0171	0.0126	0.0054	0.0049	0.0005	0.0243	0.0122	0.0121	0.0000	0.0000	0.0000	0.0000	0.0000	0.0000	0.0000	0.0000	0.0000	0.1579	0.2737	0.0000	0.0018	0.0020	0.0000	0.1929	0.3841	0.0000				
0	39	0.1331	2	1	1	0	0	0	0	0	0	N	N	N	N	N	N	N	N	N	N	N	N	0.0000	0.0000	0.0000	0.0000	0.0000	0.0000	0.0000	0.0000	0.0000	0.0000	0.0000	0.0000	0.0000	0.0000	0.0000	33.7747	59.1199	0.0000	0.0000	0.0000	0.0000	40.3645	79.8550	0.0000	0.0000	0.0000	-0.5864	3.9684	1.0008	7.2726	0.9987	0.0000	0.0000	0.0000	0.0000	0.0000	0.0000	0.0000	0.0000	0.0000	0.9953	0.9953	0.0000	0.0000	0.0000	0.0000	0.9953	0.9953	0.0000	0.0262	0.0227	0.0035	0.0010	0.0009	0.0000	0.0252	0.0217	0.0035	0.0295	0.0168	0.0126	0.0048	0.0044	0.0004	0.0247	0.0125	0.0122	0.0000	0.0000	0.0000	0.0000	0.0000	0.0000	0.0000	0.0000	0.0000	33.7747	59.1199	0.0000	0.0000	0.0000	0.0000	40.3645	79.8550	0.0000				
0	42	0.1158	6	1	1	0	0	0	0	0	0	N	N	N	N	N	N	N	N	N	N	N	N	0.0000	0.0000	0.0000	0.0000	0.0000	0.0000	0.0000	0.0000	0.0000	0.0000	0.0000	0.0000	0.0000	0.0000	0.0000	1.5358	2.4400	0.0000	9.4258	9.7971	0.0000	0.0000	0.0000	0.0000	0.0000	0.0000	-0.0812	3.9684	17.0025	7.2726	6.0864	0.0000	0.0000	0.0000	0.0000	0.0000	0.0000	0.0000	0.0000	0.0000	0.1378	0.1378	0.0000	0.1378	0.1378	0.0000	0.0000	0.0000	0.0000	0.4768	0.4167	0.0601	0.0480	0.0454	0.0026	0.4288	0.3713	0.0575	0.3370	0.2006	0.1364	0.0624	0.0526	0.0098	0.2746	0.1480	0.1266	0.0000	0.0000	0.0000	0.0000	0.0000	0.0000	0.0000	0.0000	0.0000	0.4090	0.6870	0.0000	2.2079	2.6188	0.0000	0.0000	0.0000	0.0000				
0	44	0.1158	6	1	2	0	0	0	0	0	0	N	Y	N	N	N	N	N	N	N	N	N	N	0.0000	0.0000	0.0000	0.0000	0.0000	0.0000	0.0000	0.0000	0.0000	0.0000	0.0000	0.0000	0.0000	0.0000	0.0000	3.6881	7.8720	0.0000	0.0195	0.0230	0.0000	3.8980	7.9554	0.0000	0.0000	0.0000	-0.5084	3.9684	6.9958	7.2726	11.8523	0.0000	0.0000	0.0000	0.0000	0.0000	0.0000	0.0000	0.0000	0.0000	0.8630	0.8630	0.0000	0.0011	0.0011	0.0000	0.8620	0.8620	0.0000	0.2140	0.1867	0.0272	0.0242	0.0230	0.0011	0.1898	0.1637	0.0261	0.2851	0.1709	0.1142	0.0543	0.0460	0.0082	0.2308	0.1249	0.1059	0.0000	0.0000	0.0000	0.0000	0.0000	0.0000	0.0000	0.0000	0.0000	3.0272	5.0491	0.0000	0.0195	0.0230	0.0000	3.7344	6.9022	0.0000				
0	45	0.1542	7	1	2	0	0	0	0	0	0	N	Y	N	N	N	N	N	N	N	N	N	N	0.0000	0.0000	0.0000	0.0000	0.0000	0.0000	0.0000	0.0000	0.0000	0.0000	0.0000	0.0000	0.0000	0.0000	0.0000	0.0000	0.0000	0.0046	0.0009	0.0097	0.0029	0.0034	0.0000	0.0050	0.0000	0.0104	7.4667	0.0000	0.0006	3.9684	20.1318	7.2726	17.5118	0.0000	0.0000	0.0000	0.0000	0.0000	0.0000	0.0000	0.0000	0.0000	0.0022	0.0003	0.0019	0.0003	0.0003	0.0000	0.0019	0.0000	0.0019	0.5495	0.4809	0.0686	0.0623	0.0585	0.0038	0.4872	0.4223	0.0648	0.4801	0.2794	0.2007	0.0892	0.0757	0.0135	0.3909	0.2037	0.1872	0.0000	0.0000	0.0000	0.0000	0.0000	0.0000	0.0000	0.0000	0.0000	0.0046	0.0009	0.0097	0.0029	0.0034	0.0000	0.0050	0.0000	0.0104		
0	46	0.1100	3	1	2	0	0	0	0	0	0	N	Y	N	N	N	N	N	N	N	N	N	N	0.0000	0.0000	0.0000	0.0000	0.0000	0.0000	0.0000	0.0000	0.0000	0.0000	0.0000	0.0000	0.0000	0.0000	0.0000	0.0000	0.0000	2.8040	4.9092	0.0001	0.0322	0.0354	0.0000	3.1370	7.1455	0.0001	0.0000	0.0000	-0.5482	3.9684	15.0410	7.2726	10.9147	0.0000	0.0000	0.0000	0.0000	0.0000	0.0000	0.0000	0.0000	0.0000	0.9306	0.9306	0.0000	0.0036	0.0036	0.0000	0.9270	0.9270	0.0000	0.4613	0.4031	0.0582	0.0724	0.0684	0.0041	0.3888	0.3347	0.0541	0.4511	0.2803	0.1707	0.1128	0.1024	0.0104	0.3382	0.1779	0.1603	0.0000	0.0000	0.0000	0.0000	0.0000	0.0000	0.0000	0.0000	0.0000	2.0631	3.3197	0.0001	0.0322	0.0354	0.0000	2.7407	5.2101	0.0001		
0	47	0.1793	10	2	1	1	0	0	0	0	0	Y	N	N	N	N	N	N	N	N	N	N	N	0.0000	0.0000	0.0000	0.0000	0.0000	0.0000	0.0000	0.0000	0.0000	0.0000	0.0000	0.0000	0.0000	0.0000	0.0000	0.0000	0.0000	0.0000	0.0000	0.0000	0.0000	0.0000	inf	0.0000	0.0000	3.9684	12.7633	7.2726	6.3722	0.0000	0.0000	0.0000	0.0000	0.0000	0.0000	0.0000	0.0000	0.0000	0.0000	0.0000	0.0000	0.0000	0.0000	0.0000	0.0000	0.0000	0.0000	0.3626	0.3176	0.0450	0.0452	0.0425	0.0027	0.3174	0.2751	0.0423	0.2666	0.1604	0.1062	0.0671	0.0548	0.0123	0.1995	0.1056	0.0939	0.0000	0.0000	0.0000	0.0000	0.0000	0.0000	0.0000	0.0000	0.0000	0.0000	0.0000	0.0000	0.0000	0.0000	0.0000	0.0000	0.0000	0.0000						
0	48	0.1741	9	1	1	0	0	0	0	0	0	N	N	N	N	N	N	N	N	N	N	N	N	0.0000	0.0000	0.0000	0.0000	0.0000	0.0000	0.0000	0.0000	0.0000	0.0000	0.0000	0.0000	0.0000	0.0001	0.0001	0.0000	0.0003	0.0003	0.0000	0.0000	0.0000	0.0000	0.0000	0.0000	-0.0000	3.9684	0.3513	7.2726	1.9759	0.0000	0.0000	0.0000	0.0000	0.0000	0.0000	0.0000	0.0000	0.0000	0.0000	0.0000	0.0000	0.0000	0.0000	0.0000	0.0000	0.0000	0.0000	0.0179	0.0163	0.0015	0.0049	0.0048	0.0001	0.0130	0.0115	0.0015	0.0357	0.0215	0.0142	0.0091	0.0075	0.0017	0.0265	0.0140	0.0125	0.0000	0.0000	0.0000	0.0000	0.0000	0.0000	0.0000	0.0000	0.0000	0.0001	0.0001	0.0000	0.0003	0.0003	0.0000	0.0000	0.0000	0.0000						
0	49	0.1738	8	1	1	0	0	0	0	0	0	N	N	N	N	N	N	N	N	N	N	N	N	0.0000	0.0000	0.0000	0.0000	0.0000	0.0000	0.0000	0.0000	0.0000	0.0000	0.0000	0.0000	0.0000	0.0000	0.0000	0.0000	0.0000	0.0000	0.0000	0.0000	3.9684	0.1669	7.2726	0.0350	0.0000	0.0000	0.0000	0.0000	0.0000	0.0000	0.0000	0.0000	0.0000	0.0000	0.0000	0.0000	0.0000	0.0000	0.0000	0.0000	0.0000	0.0000	0.0050	0.0043	0.0006	0.0006	0.0005	0.0000	0.0044	0.0038	0.0006	0.0031	0.0019	0.0013	0.0008	0.0007	0.0001	0.0023	0.0012	0.0011	0.0000	0.0000	0.0000	0.0000	0.0000	0.0000	0.0000	0.0000	0.0000	0.0000	0.0000	0.0000	0.0000	0.0000	0.0000	0.0000	0.0000	0.0000											
0	50	0.1738	7	1	1	0	0	0	0	0	0	N	N	N	N	N	N	N	N	N	N	N	N	0.0000	0.0000	0.0000	0.0000	0.0000	0.0000	0.0000	0.0000	0.0000	0.0000	0.0000	0.0000	0.0000	0.0000	0.0000	0.0000	0.0000	0.0000	0.0000	0.0000	3.9684	0.0010	7.2726	0.0028	0.0000	0.0000	0.0000	0.0000	0.0000	0.0000	0.0000	0.0000	0.0000	0.0000	0.0000	0.0000	0.0000	0.0000	0.0000	0.0000	0.0000	0.0000	0.0001	0.0001	0.0000	0.0000	0.0000	0.0000	0.0000	0.0000	0.0000	0.0001	0.0001	0.0000	0.0000	0.0000	0.0000	0.0001	0.0000	0.0000	0.0000	0.0000	0.0000	0.0000	0.0000	0.0000	0.0000	0.0000	0.0000	0.0000	0.0000	0.0000	0.0000	0.0000	0.0000	0.0000	0.0000	0.0000											
0	51	0.0964	5	1	2	0	1	0	0	0	0	N	Y	N	N	N	N	N	N	N	N	N	N	0.0000	0.0000	0.0000	0.0000	0.0000	0.0000	0.0000	0.0000	0.0000	0.0000	0.0000	0.0000	0.0000	0.0000	0.0000	3.9278	0.0000	17.6952	1.4254	0.0000	870.5846	3.8363	0.0000	16.0804	inf	0.0000	0.4029	3.9684	7.3891	7.2726	13.2142	0.0000	0.0000	0.0000	0.0000	0.0000	0.0000	0.0000	0.0000	0.0000	0.9805	0.0000	0.9805	0.0176	0.0000	0.0176	0.9629	0.0000	0.9629	0.2263	0.1974	0.0289	0.0250	0.0239	0.0011	0.2013	0.1735	0.0278	0.3106	0.1804	0.1302	0.0401	0.0364	0.0038	0.2705	0.1440	0.1264	0.0000	0.0000	0.0000	0.0000	0.0000	0.0000	0.0000	0.0000	0.0000	3.1568	0.0000	7.5307	0.4377	0.0000	4.6742	3.5603	0.0000	7.6156				
0	52	0.0903	4	1	2	0	0	0	0	0	0	N	Y	N	N	N	N	N	N	N	N	N	N	0.0000	0.0000	0.0000	0.0000	0.0000	0.0000	0.0000	0.0000	0.0000	0.0000	0.0000	0.0000	0.0000	0.0000	0.0000	0.0000	3.5767	0.0131	15.0685	0.0839	0.0914	0.0000	3.4587	0.0000	14.5712	393.0072	0.0000	0.4102	3.9684	12.1779	7.2726	13.0455	0.0000	0.0000	0.0000	0.0000	0.0000	0.0000	0.0000	0.0000	0.0000	1.0045	0.0025	1.0019	0.0025	0.0025	0.0000	1.0019	0.0000	1.0019	0.3726	0.3275	0.0451	0.0419	0.0402	0.0017	0.3307	0.2873	0.0435	0.3492	0.1970	0.1521	0.0304	0.0279	0.0025	0.3188	0.1691	0.1496	0.0000	0.0000	0.0000	0.0000	0.0000	0.0000	0.0000	0.0000	0.0000	2.8767	0.0129	6.5857	0.0839	0.0914	0.0000	3.1430	0.0000	6.6953			
0	53	0.1812	8	1	2	0	0	0	0	0	0	N	Y	N	N	N	N	N	N	N	N	N	N	0.0000	0.0000	0.0000	0.0000	0.0000	0.0000	0.0000	0.0000	0.0000	0.0000	0.0000	0.0000	0.0000	0.0000	0.0000	0.0000	0.0000	0.0000	0.0000	0.0000	3.9684	3.0001	7.2726	3.0003	0.0000	0.0000	0.0000	0.0000	0.0000	0.0000	0.0000	0.0000	0.0000	0.0000	0.0000	0.0000	0.0000	0.0000	0.0000	0.0000	0.0000	0.0000	0.0878	0.0765	0.0113	0.0101	0.0094	0.0007	0.0778	0.0671	0.0107	0.0893	0.0536	0.0357	0.0225	0.0183	0.0042	0.0667	0.0352	0.0315	0.0000	0.0000	0.0000	0.0000	0.0000	0.0000	0.0000	0.0000	0.0000	0.0000	0.0000	0.0000	0.0000	0.0000	0.0000	0.0000	0.0000	0.0000											
0	54	0.1738	7	1	1	0	0	0	0	0	0	N	N	N	N	N	N	N	N	N	N	N	N	0.0000	0.0000	0.0000	0.0000	0.0000	0.0000	0.0000	0.0000	0.0000	0.0000	0.0000	0.0000	0.0000	0.0000	0.0000	0.0000	0.0000	0.0000	0.0000	0.0000	3.9684	1.9998	7.2726	1.0017	0.0000	0.0000	0.0000	0.0000	0.0000	0.0000	0.0000	0.0000	0.0000	0.0000	0.0000	0.0000	0.0000	0.0000	0.0000	0.0000	0.0000	0.0000	0.0587	0.0511	0.0076	0.0065	0.0061	0.0004	0.0521	0.0450	0.0072	0.0454	0.0272	0.0182	0.0115	0.0093	0.0022	0.0339	0.0179	0.0160	0.0000	0.0000	0.0000	0.0000	0.0000	0.0000	0.0000	0.0000	0.0000	0.0000	0.0000	0.0000	0.0000	0.0000	0.0000	0.0000	0.0000	0.0000											
0	55	0.1158	6	1	1	0	0	0	0	0	0	N	N	N	N	N	N	N	N	N	N	N	N	1.0680	0.0000	inf	0.0000	0.0000	1.1167	0.0000	inf	4.1361	0.0000	32.4828	0.0000	0.0000	0.0000	4.6487	0.0000	33.9085	3.8728	8.5801	0.0000	0.0202	0.0237	0.0000	4.1630	8.2771	0.0000	inf	0.0000	0.6362	-0.5084	3.9684	8.0033	7.2726	9.9473	1.0000	0.0000	1.0000	0.0000	0.0000	0.0000	1.0000	0.0000	1.0000	0.8630	0.8630	0.0000	0.0011	0.0011	0.0000	0.8620	0.8620	0.0000	0.2418	0.2110	0.0308	0.0267	0.0254	0.0013	0.2151	0.1856	0.0295	0.2738	0.1645	0.1093	0.0525	0.0446	0.0079	0.2213	0.1199	0.1014	1.3122	0.0000	inf	0.0000	0.0000	0.0000	1.1936	0.0000	inf	3.1521	5.2476	0.0000	0.0202	0.0237	0.0000	3.8948	7.1912	0.0000	
0	56	0.1314	4	1	2	0	0	0	0	0	0	N	Y	N	N	N	N	N	N	N	N	N	N	0.0000	0.0000	0.0000	0.0000	0.0000	0.0000	0.0000	0.0000	0.0000	0.0000	0.0000	0.0000	0.0000	0.0000	0.0000	0.0000	1.4002	2.3554	0.0000	4.6671	4.6118	0.0000	0.0000	0.0000	0.0000	0.0000	0.0000	-0.0481	3.9684	5.0156	7.2726	9.5596	0.0000	0.0000	0.0000	0.0000	0.0000	0.0000	0.0000	0.0000	0.0000	0.0817	0.0817	0.0000	0.0817	0.0817	0.0000	0.0000	0.0000	0.0000	0.1508	0.1320	0.0188	0.0206	0.0196	0.0010	0.1302	0.1124	0.0178	0.2436	0.1522	0.0914	0.0692	0.0606	0.0086	0.1744	0.0915	0.0829	0.0000	0.0000	0.0000	0.0000	0.0000	0.0000	0.0000	0.0000	0.0000	0.3354	0.5370	0.0000	1.1811	1.3477	0.0000	0.0000	0.0000	0.0000			
0	57	0.1100	3	1	2	0	0	0	0	0	0	N	Y	N	N	N	N	N	N	N	N	N	N	0.0000	0.0000	0.0000	0.0000	0.0000	0.0000	0.0000	0.0000	0.0000	0.0000	0.0000	0.0000	0.0000	0.0000	0.0000	0.0000	0.0000	0.0000	1.7229	2.5209	0.2664	3.2317	2.9236	0.0010	1.5422	3.0424	0.2188	0.1244	0.0000	-0.0787	3.9684	5.2776	7.2726	4.9316	0.0000	0.0000	0.0000	0.0000	0.0000	0.0000	0.0000	0.0000	0.0000	0.1645	0.1463	0.0182	0.0878	0.0878	0.0000	0.0766	0.0585	0.0182	0.2053	0.1789	0.0264	0.0483	0.0457	0.0027	0.1569	0.1332	0.0237	0.2786	0.1862	0.0924	0.0952	0.0889	0.0063	0.1834	0.0973	0.0861	0.0000	0.0000	0.0000	0.0000	0.0000	0.0000	0.0000	0.0000	0.0000	0.5903	0.7856	0.1969	0.9227	0.9876	0.0010	0.4178	0.6009	0.2111	
0	58	0.0820	2	1	1	0	0	0	0	0	0	N	N	N	N	N	N	N	N	N	N	N	N	0.0000	0.0000	0.0000	0.0098	0.0099	0.0000	0.0000	0.0000	0.0000	0.0001	0.0001	0.0000	0.0008	0.0008	0.0000	0.0000	0.0000	0.0000	1.4138	2.3925	0.0218	0.0805	0.0837	0.0000	1.5142	3.1396	0.0221	0.0000	0.0270	-0.0000	-0.0443	3.9684	6.4383	7.2726	5.2340	0.0000	0.0000	0.0000	0.0000	0.0000	0.0000	0.0000	0.0000	0.0000	0.0788	0.0767	0.0021	0.0034	0.0034	0.0000	0.0754	0.0733	0.0021	0.1913	0.1664	0.0250	0.0136	0.0129	0.0007	0.1777	0.1534	0.0243	0.2276	0.1324	0.0952	0.0418	0.0402	0.0016	0.1858	0.0922	0.0936	0.0002	0.0001	0.0000	0.0098	0.0099	0.0000	0.0000	0.0000	0.0000	0.3461	0.5793	0.0218	0.0805	0.0837	0.0000	0.4059	0.7957	0.0221
0	63	0.1952	9	2	2	0	1	0	0	0	0	Y	Y	N	N	N	N	N	N	N	N	N	N	0.0000	0.0000	0.0000	0.0000	0.0000	0.0000	0.0000	0.0000	0.0000	0.0000	0.0000	0.0000	0.0000	0.0000	0.0000	0.0000	0.0000	0.0000	0.0000	0.0000	3.9684	2.0000	7.2726	2.0002	0.0000	0.0000	0.0000	0.0000	0.0000	0.0000	0.0000	0.0000	0.0000	0.0000	0.0000	0.0000	0.0000	0.0000	0.0000	0.0000	0.0000	0.0000	0.0587	0.0513	0.0074	0.0097	0.0090	0.0007	0.0490	0.0423	0.0067	0.0579	0.0338	0.0241	0.0086	0.0074	0.0011	0.0493	0.0264	0.0230	0.0000	0.0000	0.0000	0.0000	0.0000	0.0000	0.0000	0.0000	0.0000	0.0000	0.0000	0.0000	0.0000	0.0000	0.0000	0.0000	0.0000	0.0000											
0	64	0.2109	13	1	2	0	1	0	0	0	0	N	Y	N	N	N	N	N	N	N	N	N	N	0.0000	0.0000	0.0000	0.0000	0.0000	0.0000	0.0000	0.0000	0.0000	0.0000	0.0000	0.0000	0.0000	0.0000	0.0000	0.0000	0.0002	0.0003	0.0000	0.0012	0.0013	0.0000	0.0000	0.0000	0.0000	0.0002	0.0000	-0.0000	3.9684	2.0059	7.2726	4.8036	0.0000	0.0000	0.0000	0.0000	0.0000	0.0000	0.0000	0.0000	0.0000	0.0000	0.0000	0.0000	0.0000	0.0000	0.0000	0.0000	0.0000	0.0000	0.0594	0.0520	0.0074	0.0108	0.0100	0.0007	0.0486	0.0419	0.0067	0.0980	0.0586	0.0394	0.0173	0.0153	0.0020	0.0807	0.0433	0.0374	0.0000	0.0000	0.0000	0.0000	0.0000	0.0000	0.0000	0.0000	0.0000	0.0002	0.0003	0.0000	0.0012	0.0013	0.0000	0.0000	0.0000	0.0000			
0	65	0.2081	11	1	2	0	0	0	0	0	0	N	Y	N	N	N	N	N	N	N	N	N	N	0.0000	0.0000	0.0000	0.0000	0.0000	0.0000	0.0000	0.0000	0.0000	0.0000	0.0000	0.0000	0.0000	0.0000	0.0000	0.0000	0.0037	0.0058	0.0007	0.0173	0.0193	0.0000	0.0003	0.0000	0.0007	0.0831	0.0000	-0.0000	3.9684	0.9804	7.2726	0.2754	0.0000	0.0000	0.0000	0.0000	0.0000	0.0000	0.0000	0.0000	0.0000	0.0001	0.0001	0.0000	0.0001	0.0001	0.0000	0.0000	0.0000	0.0000	0.0308	0.0271	0.0037	0.0058	0.0054	0.0003	0.0250	0.0216	0.0034	0.0207	0.0121	0.0086	0.0040	0.0036	0.0004	0.0167	0.0085	0.0082	0.0000	0.0000	0.0000	0.0000	0.0000	0.0000	0.0000	0.0000	0.0000	0.0037	0.0058	0.0007	0.0173	0.0193	0.0000	0.0003	0.0000	0.0007			
0	66	0.2059	12	1	1	1	1	0	0	0	0	N	N	N	N	N	N	N	N	N	N	N	N	0.0000	0.0000	0.0000	0.0000	0.0000	0.0000	0.0000	0.0000	0.0000	0.0000	0.0000	0.0000	0.0000	0.0001	0.0002	0.0000	0.0007	0.0007	0.0000	0.0000	0.0000	0.0000	0.0000	0.0000	-0.0000	3.9684	0.9437	7.2726	4.8091	0.0000	0.0000	0.0000	0.0000	0.0000	0.0000	0.0000	0.0000	0.0000	0.0000	0.0000	0.0000	0.0000	0.0000	0.0000	0.0000	0.0000	0.0000	0.0389	0.0339	0.0050	0.0113	0.0106	0.0006	0.0276	0.0233	0.0043	0.0855	0.0513	0.0342	0.0152	0.0136	0.0017	0.0703	0.0377	0.0325	0.0000	0.0000	0.0000	0.0000	0.0000	0.0000	0.0000	0.0000	0.0000	0.0001	0.0002	0.0000	0.0007	0.0007	0.0000	0.0000	0.0000	0.0000						
0	67	0.1989	11	1	1	1	1	0	0	0	0	N	N	N	N	N	N	N	N	N	N	N	N	0.0000	0.0000	0.0000	0.0000	0.0000	0.0000	0.0000	0.0000	0.0000	0.0000	0.0000	0.0000	0.0000	0.0001	0.0001	0.0000	0.0005	0.0006	0.0000	0.0000	0.0000	0.0000	0.0000	0.0000	-0.0000	3.9684	4.0088	7.2726	5.0246	0.0000	0.0000	0.0000	0.0000	0.0000	0.0000	0.0000	0.0000	0.0000	0.0000	0.0000	0.0000	0.0000	0.0000	0.0000	0.0000	0.0000	0.0000	0.1165	0.1018	0.0146	0.0193	0.0180	0.0013	0.0972	0.0838	0.0133	0.1291	0.0758	0.0534	0.0197	0.0173	0.0025	0.1094	0.0585	0.0509	0.0000	0.0000	0.0000	0.0000	0.0000	0.0000	0.0000	0.0000	0.0000	0.0001	0.0001	0.0000	0.0005	0.0006	0.0000	0.0000	0.0000	0.0000						
0	68	0.2109	13	1	1	1	1	0	0	0	0	N	N	N	N	N	N	N	N	N	N	N	N	0.0000	0.0000	0.0000	0.0000	0.0000	0.0000	0.0000	0.0000	0.0000	0.0000	0.0000	0.0000	0.0000	0.0000	0.0000	0.0000	0.0003	0.0004	0.0000	0.0015	0.0016	0.0000	0.0000	0.0000	0.0000	0.0002	0.0000	-0.0000	3.9684	1.0064	7.2726	4.2000	0.0000	0.0000	0.0000	0.0000	0.0000	0.0000	0.0000	0.0000	0.0000	0.0000	0.0000	0.0000	0.0000	0.0000	0.0000	0.0000	0.0000	0.0000	0.0301	0.0264	0.0038	0.0055	0.0052	0.0004	0.0246	0.0212	0.0034	0.0763	0.0458	0.0305	0.0137	0.0122	0.0015	0.0626	0.0336	0.0290	0.0000	0.0000	0.0000	0.0000	0.0000	0.0000	0.0000	0.0000	0.0000	0.0003	0.0004	0.0000	0.0015	0.0016	0.0000	0.0000	0.0000	0.0000			
0	69	0.2059	12	1	1	0	1	0	0	0	0	N	N	N	N	N	N	N	N	N	N	N	N	0.0000	0.0000	0.0000	0.0000	0.0000	0.0000	0.0000	0.0000	0.0000	0.0000	0.0000	0.0000	0.0000	0.0000	0.0000	0.0000	0.0011	0.0006	0.0019	0.0017	0.0019	0.0000	0.0009	0.0000	0.0020	1.9993	0.0000	0.0000	3.9684	1.2889	7.2726	0.3511	0.0000	0.0000	0.0000	0.0000	0.0000	0.0000	0.0000	0.0000	0.0000	0.0000	0.0000	0.0000	0.0000	0.0000	0.0000	0.0000	0.0000	0.0000	0.0490	0.0427	0.0062	0.0130	0.0122	0.0008	0.0360	0.0305	0.0055	0.0277	0.0172	0.0105	0.0059	0.0054	0.0005	0.0219	0.0118	0.0100	0.0000	0.0000	0.0000	0.0000	0.0000	0.0000	0.0000	0.0000	0.0000	0.0011	0.0006	0.0019	0.0017	0.0019	0.0000	0.0009	0.0000	0.0020			
0	70	0.1989	11	1	1	0	1	0	0	0	0	N	N	N	N	N	N	N	N	N	N	N	N	0.0000	0.0000	0.0000	0.0000	0.0000	0.0000	0.0000	0.0000	0.0000	0.0000	0.0000	0.0000	0.0000	0.0000	0.0000	0.0000	0.0007	0.0005	0.0008	0.0019	0.0021	0.0000	0.0004	0.0000	0.0008	1.0000	0.0000	-0.0000	3.9684	0.7777	7.2726	1.1718	0.0000	0.0000	0.0000	0.0000	0.0000	0.0000	0.0000	0.0000	0.0000	0.0000	0.0000	0.0000	0.0000	0.0000	0.0000	0.0000	0.0000	0.0000	0.0232	0.0202	0.0029	0.0039	0.0036	0.0003	0.0193	0.0166	0.0027	0.0308	0.0184	0.0124	0.0054	0.0048	0.0006	0.0254	0.0136	0.0118	0.0000	0.0000	0.0000	0.0000	0.0000	0.0000	0.0000	0.0000	0.0000	0.0007	0.0005	0.0008	0.0019	0.0021	0.0000	0.0004	0.0000	0.0008			
0	71	0.1952	10	1	1	0	1	0	0	0	0	N	N	N	N	N	N	N	N	N	N	N	N	0.0000	0.0000	0.0000	0.0000	0.0000	0.0000	0.0000	0.0000	0.0000	0.0000	0.0000	0.0000	0.0000	0.0007	0.0000	0.0016	0.0000	0.0000	0.0000	0.0008	0.0000	0.0017	inf	0.0000	0.0000	3.9684	0.9929	7.2726	0.0325	0.0000	0.0000	0.0000	0.0000	0.0000	0.0000	0.0000	0.0000	0.0000	0.0000	0.0000	0.0000	0.0000	0.0000	0.0000	0.0000	0.0000	0.0000	0.0293	0.0256	0.0037	0.0048	0.0045	0.0003	0.0245	0.0211	0.0034	0.0151	0.0088	0.0063	0.0023	0.0020	0.0003	0.0129	0.0069	0.0060	0.0000	0.0000	0.0000	0.0000	0.0000	0.0000	0.0000	0.0000	0.0000	0.0007	0.0000	0.0016	0.0000	0.0000	0.0000	0.0008	0.0000	0.0017						
0	72	0.2403	9	2	2	0	0	0	0	0	0	Y	Y	N	N	N	N	N	N	N	N	N	N	inf	inf	inf	inf	0.0011	0.0000	0.0131	0.0000	0.0000	0.0000	0.0019	0.0000	0.0138	0.0000	0.0000	0.0000	0.0000	0.0000	0.0000	0.0000	0.0000	0.0000	inf	0.0000	0.0000	3.9684	0.0000	7.2726	0.0001	0.0000	0.0000	0.0000	0.0000	0.0000	0.0000	0.0000	0.0000	0.0000	0.0000	0.0000	0.0000	0.0000	0.0000	0.0000	0.0000	0.0000	0.0000	0.0000	0.0000	0.0000	0.0000	0.0000	0.0000	0.0000	0.0000	0.0000	0.0000	0.0000	0.0000	0.0000	0.0000	0.0000	0.0000	0.0000	0.0000	inf	0.0000	inf	0.0000	0.0000	0.0000	inf	0.0000	inf	0.0000	0.0000	0.0000	0.0000	0.0000	0.0000	0.0000	0.0000	0.0000						
0	73	0.1770	8	2	2	0	0	0	0	0	0	Y	Y	N	N	N	N	N	N	N	N	N	N	0.0002	0.0000	0.0003	0.0000	0.0000	inf	0.0002	0.0003	0.0007	0.0000	0.0059	0.0000	0.0000	0.0000	0.0009	0.0000	0.0064	4.8795	0.0024	22.1503	0.0085	0.0100	0.0000	5.0786	0.0000	21.3054	inf	3018.6506	0.0001	0.4090	3.9684	9.9619	7.2726	7.0378	0.0002	0.0000	0.0002	0.0000	0.0000	0.0000	0.0002	0.0000	0.0002	0.9962	0.0003	0.9959	0.0003	0.0003	0.0000	0.9959	0.0000	0.9959	0.2851	0.2496	0.0355	0.0432	0.0403	0.0028	0.2419	0.2093	0.0327	0.2351	0.1378	0.0973	0.0390	0.0331	0.0059	0.1961	0.1047	0.0914	0.0002	0.0000	0.0006	0.0000	0.0000	inf	0.0002	0.0000	0.0006	4.2373	0.0024	10.2352	0.0085	0.0100	0.0000	5.0786	0.0000	10.8952	
0	74	0.1889	8	1	2	0	0	0	0	0	0	N	Y	N	N	N	N	N	N	N	N	N	N	0.0000	0.0000	0.0000	0.0000	0.0000	0.0000	0.0000	0.0000	0.0000	0.0000	0.0000	0.0000	0.0000	0.0000	0.0000	0.0000	0.0029	0.0049	0.0001	0.0145	0.0167	0.0000	0.0000	0.0000	0.0001	0.0079	0.0000	-0.0002	3.9684	7.0442	7.2726	2.0273	0.0000	0.0000	0.0000	0.0000	0.0000	0.0000	0.0000	0.0000	0.0000	0.0004	0.0004	0.0000	0.0004	0.0004	0.0000	0.0000	0.0000	0.0000	0.2445	0.2152	0.0293	0.0553	0.0520	0.0033	0.1892	0.1632	0.0260	0.1295	0.0756	0.0539	0.0256	0.0222	0.0034	0.1040	0.0535	0.0505	0.0000	0.0000	0.0000	0.0000	0.0000	0.0000	0.0000	0.0000	0.0000	0.0029	0.0049	0.0001	0.0145	0.0167	0.0000	0.0000	0.0000	0.0001			
0	75	0.1649	7	1	2	0	0	0	0	0	0	N	Y	N	N	N	N	N	N	N	N	N	N	0.0000	0.0000	0.0000	0.0000	0.0000	0.0000	0.0000	0.0000	0.0000	0.0000	0.0000	0.0000	0.0000	0.0000	0.0000	0.0000	0.0000	0.0000	0.0187	0.0353	0.0060	0.0893	0.1045	0.0001	0.0041	0.0035	0.0064	0.0000	0.1531	-0.0000	-0.0009	3.9684	4.3369	7.2726	3.0972	0.0000	0.0000	0.0000	0.0000	0.0000	0.0000	0.0000	0.0000	0.0000	0.0021	0.0018	0.0003	0.0017	0.0017	0.0000	0.0004	0.0001	0.0003	0.1553	0.1370	0.0183	0.0310	0.0298	0.0012	0.1243	0.1072	0.0171	0.1100	0.0647	0.0453	0.0188	0.0161	0.0027	0.0912	0.0486	0.0426	0.0000	0.0000	0.0000	0.0000	0.0000	0.0000	0.0000	0.0000	0.0000	0.0187	0.0275	0.0060	0.0893	0.1045	0.0001	0.0041	0.0021	0.0064
0	76	0.2522	12	2	2	0	0	0	0	0	0	Y	Y	N	N	N	N	N	N	N	N	N	N	0.0000	0.0000	0.0000	0.0000	0.0000	0.0000	0.0000	0.0000	0.0000	0.0000	0.0000	0.0000	0.0000	0.0000	0.0000	0.0000	0.0005	0.0009	0.0000	0.0036	0.0041	0.0000	0.0000	0.0000	0.0000	0.0002	0.0000	-0.0000	3.9684	1.9992	7.2726	0.0055	0.0000	0.0000	0.0000	0.0000	0.0000	0.0000	0.0000	0.0000	0.0000	0.0000	0.0000	0.0000	0.0000	0.0000	0.0000	0.0000	0.0000	0.0000	0.0799	0.0702	0.0096	0.0140	0.0132	0.0008	0.0659	0.0571	0.0088	0.0377	0.0228	0.0150	0.0056	0.0049	0.0007	0.0321	0.0178	0.0143	0.0000	0.0000	0.0000	0.0000	0.0000	0.0000	0.0000	0.0000	0.0000	0.0005	0.0009	0.0000	0.0036	0.0041	0.0000	0.0000	0.0000	0.0000			
0	77	0.2081	11	2	2	0	0	0	0	0	0	Y	Y	N	N	N	N	N	N	N	N	N	N	0.0000	0.0000	0.0000	0.0000	0.0000	0.0000	0.0000	0.0000	0.0000	0.0000	0.0000	0.0000	0.0000	0.0000	0.0000	0.0000	0.0004	0.0003	0.0005	0.0012	0.0014	0.0000	0.0002	0.0000	0.0005	1.0000	0.0000	-0.0000	3.9684	5.0219	7.2726	2.0148	0.0000	0.0000	0.0000	0.0000	0.0000	0.0000	0.0000	0.0000	0.0000	0.0000	0.0000	0.0000	0.0000	0.0000	0.0000	0.0000	0.0000	0.0000	0.1467	0.1286	0.0181	0.0250	0.0234	0.0015	0.1217	0.1052	0.0166	0.1023	0.0598	0.0426	0.0165	0.0144	0.0021	0.0859	0.0454	0.0405	0.0000	0.0000	0.0000	0.0000	0.0000	0.0000	0.0000	0.0000	0.0000	0.0004	0.0003	0.0005	0.0012	0.0014	0.0000	0.0002	0.0000	0.0005			
0	78	0.1952	10	1	2	0	0	0	0	0	0	N	Y	N	N	N	N	N	N	N	N	N	N	0.0000	0.0000	0.0000	0.0000	0.0000	0.0000	0.0000	0.0000	0.0000	0.0000	0.0000	0.0000	0.0000	0.0000	0.0000	0.0000	0.0000	0.0014	0.0008	0.0022	0.0007	0.0008	0.0000	0.0015	0.0008	0.0023	1.9364	0.0000	0.0000	3.9684	1.0203	7.2726	2.7327	0.0000	0.0000	0.0000	0.0000	0.0000	0.0000	0.0000	0.0000	0.0000	0.0001	0.0000	0.0000	0.0000	0.0000	0.0000	0.0001	0.0000	0.0000	0.0301	0.0263	0.0038	0.0049	0.0046	0.0003	0.0252	0.0217	0.0035	0.0544	0.0317	0.0227	0.0080	0.0070	0.0011	0.0464	0.0248	0.0216	0.0000	0.0000	0.0000	0.0000	0.0000	0.0000	0.0000	0.0000	0.0000	0.0014	0.0008	0.0022	0.0007	0.0008	0.0000	0.0015	0.0008	0.0023		
0	79	0.1952	9	1	1	0	0	0	0	0	0	N	N	N	N	N	N	N	N	N	N	N	N	0.0000	0.0000	0.0000	0.0000	0.0000	0.0000	0.0000	0.0000	0.0000	0.0000	0.0000	0.0000	0.0000	0.0000	0.0000	0.0000	0.0000	0.0000	0.0000	0.0000	3.9684	0.0000	7.2726	0.0018	0.0000	0.0000	0.0000	0.0000	0.0000	0.0000	0.0000	0.0000	0.0000	0.0000	0.0000	0.0000	0.0000	0.0000	0.0000	0.0000	0.0000	0.0000	0.0000	0.0000	0.0000	0.0000	0.0000	0.0000	0.0000	0.0000	0.0000	0.0001	0.0001	0.0000	0.0000	0.0000	0.0000	0.0000	0.0000	0.0000	0.0000	0.0000	0.0000	0.0000	0.0000	0.0000	0.0000	0.0000	0.0000	0.0000	0.0000	0.0000	0.0000	0.0000	0.0000	0.0000	0.0000	0.0000											
0	80	0.1770	8	1	1	0	0	0	0	0	0	N	N	N	N	N	N	N	N	N	N	N	N	0.0000	0.0000	0.0000	0.0000	0.0000	0.0000	0.0000	0.0000	0.0000	0.0000	0.0000	0.0000	0.0000	0.0000	0.0000	0.0000	0.0861	0.4099	0.0001	0.4546	0.4939	0.0000	0.0000	0.0000	0.0001	0.0000	0.0008	-0.0000	-0.0021	3.9684	3.0825	7.2726	2.0124	0.0000	0.0000	0.0000	0.0000	0.0000	0.0000	0.0000	0.0000	0.0000	0.0035	0.0035	0.0000	0.0035	0.0035	0.0000	0.0000	0.0000	0.0000	0.0944	0.0827	0.0117	0.0152	0.0143	0.0009	0.0792	0.0684	0.0108	0.0760	0.0448	0.0312	0.0131	0.0112	0.0019	0.0629	0.0336	0.0293	0.0000	0.0000	0.0000	0.0000	0.0000	0.0000	0.0000	0.0000	0.0000	0.0462	0.0783	0.0001	0.2679	0.3137	0.0000	0.0000	0.0000	0.0001		
0	81	0.1649	7	1	1	0	0	0	0	0	0	N	N	N	N	N	N	N	N	N	N	N	N	0.0000	0.0000	0.0001	0.0000	0.0000	0.0000	0.0000	0.0000	0.0001	0.0000	0.0000	0.0000	0.0000	0.0000	0.0000	0.0000	0.0000	0.0000	0.4793	0.1302	0.1434	0.1924	0.1995	0.0001	0.2400	0.0148	0.1527	34.0111	1.8661	0.0000	0.0003	3.9684	3.6751	7.2726	0.0788	0.0000	0.0000	0.0000	0.0000	0.0000	0.0000	0.0000	0.0000	0.0000	0.0052	0.0018	0.0034	0.0017	0.0017	0.0000	0.0035	0.0001	0.0034	0.1366	0.1207	0.0159	0.0286	0.0276	0.0010	0.1080	0.0931	0.0149	0.0577	0.0341	0.0236	0.0103	0.0088	0.0014	0.0474	0.0253	0.0221	0.0000	0.0000	0.0001	0.0000	0.0000	0.0000	0.0000	0.0000	0.0001	0.0899	0.0530	0.1434	0.1637	0.1902	0.0001	0.0740	0.0051	0.1527
0	82	0.1158	6	1	1	0	0	0	0	0	0	N	N	N	N	N	N	N	N	N	N	N	N	0.0000	0.0000	0.0000	0.0000	0.0000	0.0000	0.0000	0.0000	0.0000	0.0000	0.0000	0.0000	0.0000	0.0000	0.0000	0.0000	0.0000	0.0000	1.7450	2.6415	0.0082	13.6252	13.5696	0.0090	0.0085	0.0427	0.0082	inf	0.0051	0.0000	-0.0813	3.9684	8.5011	7.2726	5.2406	0.0000	0.0000	0.0000	0.0000	0.0000	0.0000	0.0000	0.0000	0.0000	0.1392	0.1385	0.0007	0.1377	0.1376	0.0001	0.0015	0.0008	0.0007	0.2554	0.2229	0.0325	0.0279	0.0265	0.0014	0.2275	0.1964	0.0311	0.2193	0.1333	0.0861	0.0438	0.0376	0.0062	0.1755	0.0957	0.0798	0.0000	0.0000	0.0000	0.0000	0.0000	0.0000	0.0000	0.0000	0.0000	0.6346	1.0390	0.0082	3.1442	3.6635	0.0090	0.0085	0.0087	0.0082
1	2	0.0863	2	0	0	1	2	0	0	0	0	N	N	N	Y	N	N	N	N	N	N	N	N	0.0000	0.0000	0.0000	0.0000	0.0000	0.0000	0.0000	0.0000	0.0000	0.0000	0.0000	0.0000	0.0000	0.0000	0.0000	0.0000	0.0000	0.0000	0.0000	0.0000	8.0412	0.0000	9.2388	0.0000	0.0000	0.0000	0.0000	0.0000	0.0000	0.0000	0.0000	0.0000	0.0000	0.0000	0.0000	0.0000	0.0000	0.0000	0.0000	0.0000	0.0000	0.0000	0.0000	0.0000	0.0000	0.0000	0.0000	0.0000	0.0000	0.0000	0.0000	0.0000	0.0000	0.0000	0.0000	0.0000	0.0000	0.0000	0.0000	0.0000	0.0000	0.0000	0.0000	0.0000	0.0000	0.0000	0.0000	0.0000	0.0000	0.0000	0.0000	0.0000	0.0000	0.0000	0.0000	0.0000	0.0000	0.0000											
1	3	0.1688	8	1	0	2	1	0	0	0	0	N	N	Y	N	N	N	N	N	N	N	N	N	0.0000	0.0000	0.0000	0.0000	0.0000	0.0000	0.0000	0.0000	0.0000	0.0000	0.0000	0.0000	0.0000	0.0000	0.0000	0.0000	0.0000	0.0000	0.0000	0.0000	8.0412	9.0000	9.2388	12.0000	0.0000	0.0000	0.0000	0.0000	0.0000	0.0000	0.0000	0.0000	0.0000	0.0000	0.0000	0.0000	0.0000	0.0000	0.0000	0.0000	0.0000	0.0000	0.5003	0.4367	0.0636	0.0562	0.0523	0.0039	0.4441	0.3844	0.0598	0.4095	0.2412	0.1683	0.0956	0.0760	0.0197	0.3139	0.1653	0.1486	0.0000	0.0000	0.0000	0.0000	0.0000	0.0000	0.0000	0.0000	0.0000	0.0000	0.0000	0.0000	0.0000	0.0000	0.0000	0.0000	0.0000	0.0000											
1	4	0.1190	4	0	1	1	1	0	0	0	0	N	N	N	N	N	N	N	N	N	N	N	N	0.0009	0.0013	0.0000	0.0034	0.0035	0.0000	0.0000	0.0000	0.0000	0.0000	0.0000	0.0000	0.0000	0.0000	0.0000	0.0000	0.0000	0.0000	0.0064	0.0052	0.0083	0.0128	0.0132	0.0098	0.0038	0.0000	0.0082	0.0000	0.9566	-0.0000	-0.0002	8.0412	5.9975	9.2388	7.1792	0.0000	0.0000	0.0000	0.0000	0.0000	0.0000	0.0000	0.0000	0.0000	0.0021	0.0011	0.0010	0.0012	0.0011	0.0001	0.0009	0.0000	0.0009	0.3504	0.3067	0.0436	0.0461	0.0437	0.0024	0.3043	0.2630	0.0413	0.3263	0.2042	0.1221	0.0921	0.0803	0.0118	0.2342	0.1240	0.1103	0.0009	0.0013	0.0000	0.0034	0.0035	0.0000	0.0000	0.0000	0.0000	0.0064	0.0052	0.0083	0.0128	0.0132	0.0098	0.0038	0.0000	0.0082
1	5	0.1666	9	0	0	2	1	0	0	0	0	N	N	Y	N	N	N	N	N	N	N	N	N	0.0000	0.0000	0.0000	0.0000	0.0000	0.0000	0.0000	0.0000	0.0000	0.0000	0.0000	0.0000	0.0000	0.0000	0.0000	0.0000	0.0000	0.0000	0.0000	0.0000	8.0412	6.0001	9.2388	2.9972	0.0000	0.0000	0.0000	0.0000	0.0000	0.0000	0.0000	0.0000	0.0000	0.0000	0.0000	0.0000	0.0000	0.0000	0.0000	0.0000	0.0000	0.0000	0.3438	0.3002	0.0436	0.0393	0.0369	0.0024	0.3045	0.2633	0.0412	0.1862	0.1089	0.0774	0.0336	0.0279	0.0057	0.1527	0.0810	0.0717	0.0000	0.0000	0.0000	0.0000	0.0000	0.0000	0.0000	0.0000	0.0000	0.0000	0.0000	0.0000	0.0000	0.0000	0.0000	0.0000	0.0000	0.0000											
1	6	0.0976	3	0	0	2	1	0	0	0	0	N	N	Y	N	N	N	N	N	N	N	N	N	0.0000	0.0000	0.0000	0.0100	0.0563	0.0001	0.0000	0.0000	0.0000	0.0000	0.0000	0.0000	0.0001	0.0001	0.0000	0.0000	0.0000	0.0000	4.1370	3.9489	10.1458	0.0136	0.0026	0.1178	4.5268	5.1503	9.9837	0.0058	1.0310	-0.0000	-0.1653	8.0412	13.4817	9.2388	9.4010	0.0000	0.0000	0.0000	0.0000	0.0000	0.0000	0.0000	0.0000	0.0000	2.0284	0.9987	1.0297	0.0020	0.0003	0.0017	2.0264	0.9984	1.0280	0.8280	0.7243	0.1038	0.1320	0.1244	0.0076	0.6960	0.5999	0.0962	0.5947	0.3727	0.2221	0.1471	0.1330	0.0141	0.4476	0.2396	0.2080	0.0000	0.0000	0.0000	0.0100	0.0563	0.0001	0.0000	0.0000	0.0000	3.4106	2.6800	4.6367	0.0136	0.0026	0.1178	4.5268	4.1663	4.9421
1	7	0.1843	11	1	1	1	1	0	0	0	0	N	N	N	N	N	N	N	N	N	N	N	N	7.0958	4.7948	0.0000	11.7089	9.8833	0.0000	0.0000	0.0000	0.0034	0.0039	0.0000	0.0200	0.0209	0.0000	0.0000	0.0000	0.0000	0.0005	0.0008	0.0000	0.0017	0.0021	0.0000	0.0000	0.0000	0.0000	0.0000	0.0001	-0.0002	-0.0000	8.0412	2.2373	9.2388	1.9967	0.0005	0.0005	0.0000	0.0005	0.0005	0.0000	0.0000	0.0000	0.0000	0.0000	0.0000	0.0000	0.0000	0.0000	0.0000	0.0000	0.0000	0.0000	0.1509	0.1337	0.0172	0.0260	0.0249	0.0010	0.1250	0.1088	0.0162	0.0938	0.0562	0.0377	0.0266	0.0216	0.0050	0.0672	0.0346	0.0326	7.0958	4.7948	0.0000	11.7089	9.8833	0.0000	0.0000	0.0000	0.0000	0.0005	0.0008	0.0000	0.0017	0.0021	0.0000	0.0000	0.0000	0.0000	
1	8	0.1688	8	0	1	1	1	0	0	0	0	N	N	N	N	N	N	N	N	N	N	N	N	0.0000	0.0000	0.0000	0.0000	0.0000	0.0000	0.0000	0.0000	0.0000	0.0000	0.0000	0.0000	0.0000	0.0000	0.0000	0.0000	0.0000	0.0000	0.0000	0.0000	8.0412	4.0000	9.2388	7.0000	0.0000	0.0000	0.0000	0.0000	0.0000	0.0000	0.0000	0.0000	0.0000	0.0000	0.0000	0.0000	0.0000	0.0000	0.0000	0.0000	0.0000	0.0000	0.2287	0.1993	0.0294	0.0256	0.0238	0.0018	0.2031	0.1755	0.0276	0.2261	0.1332	0.0929	0.0536	0.0425	0.0111	0.1726	0.0907	0.0818	0.0000	0.0000	0.0000	0.0000	0.0000	0.0000	0.0000	0.0000	0.0000	0.0000	0.0000	0.0000	0.0000	0.0000	0.0000	0.0000	0.0000	0.0000											
1	9	0.1926	9	0	1	1	1	0	0	0	0	N	N	N	N	N	N	N	N	N	N	N	N	12.4947	11.4011	0.0000	6.2274	5.2220	0.0000	46.3274	inf	0.0000	0.0042	0.0048	0.0000	0.0041	0.0044	0.0000	0.0042	0.0049	0.0000	0.0003	0.0004	0.0002	0.0007	0.0008	0.0000	0.0001	0.0000	0.0002	0.0000	0.1826	-0.0003	-0.0000	8.0412	2.9770	9.2388	5.0602	0.0008	0.0008	0.0000	0.0001	0.0001	0.0000	0.0007	0.0007	0.0000	0.0001	0.0001	0.0000	0.0001	0.0001	0.0000	0.0000	0.0000	0.0000	0.1827	0.1600	0.0226	0.0294	0.0275	0.0019	0.1532	0.1325	0.0207	0.2453	0.1658	0.0795	0.1071	0.0838	0.0233	0.1382	0.0820	0.0562	12.4947	11.4011	0.0000	6.2274	5.2220	0.0000	46.3274	inf	0.0000	0.0003	0.0004	0.0002	0.0007	0.0008	0.0000	0.0001	0.0000	0.0002
1	10	0.1764	8	0	1	1	1	0	0	0	0	N	N	N	N	N	N	N	N	N	N	N	N	0.0000	0.0000	0.0000	0.0000	0.0000	0.0000	0.0000	0.0000	0.0000	0.0000	0.0000	0.0000	0.0000	0.0000	0.0000	0.0000	0.0000	0.0000	0.0035	0.0035	0.0036	0.0114	0.0131	0.0020	0.0018	0.0000	0.0037	0.7523	0.0000	-0.0001	8.0412	5.2144	9.2388	4.0122	0.0000	0.0000	0.0000	0.0000	0.0000	0.0000	0.0000	0.0000	0.0000	0.0007	0.0004	0.0003	0.0004	0.0004	0.0000	0.0003	0.0000	0.0003	0.3820	0.3370	0.0450	0.0939	0.0885	0.0053	0.2882	0.2485	0.0397	0.1867	0.1070	0.0797	0.0338	0.0287	0.0051	0.1529	0.0783	0.0746	0.0000	0.0000	0.0000	0.0000	0.0000	0.0000	0.0000	0.0000	0.0000	0.0035	0.0035	0.0036	0.0114	0.0131	0.0020	0.0018	0.0000	0.0037	
1	11	0.1666	9	0	1	1	1	0	0	0	0	N	N	N	N	N	N	N	N	N	N	N	N	0.0000	0.0000	0.0000	0.0000	0.0000	0.0000	0.0000	0.0000	0.0000	0.0000	0.0000	0.0000	0.0000	0.0000	0.0000	0.0000	0.0000	0.0000	0.0000	0.0000	8.0412	1.0002	9.2388	2.9310	0.0000	0.0000	0.0000	0.0000	0.0000	0.0000	0.0000	0.0000	0.0000	0.0000	0.0000	0.0000	0.0000	0.0000	0.0000	0.0000	0.0000	0.0000	0.0590	0.0514	0.0076	0.0067	0.0063	0.0004	0.0523	0.0451	0.0071	0.0873	0.0516	0.0358	0.0170	0.0145	0.0026	0.0703	0.0371	0.0332	0.0000	0.0000	0.0000	0.0000	0.0000	0.0000	0.0000	0.0000	0.0000	0.0000	0.0000	0.0000	0.0000	0.0000	0.0000	0.0000	0.0000	0.0000											
1	12	0.1666	8	0	0	1	1	0	0	0	0	N	N	N	N	N	N	N	N	N	N	N	N	0.0000	0.0000	0.0000	0.0000	0.0000	0.0000	0.0000	0.0000	0.0000	0.0000	0.0000	0.0000	0.0000	0.0000	0.0000	0.0000	0.0000	0.0000	0.0000	0.0000	8.0412	0.0003	9.2388	0.1375	0.0000	0.0000	0.0000	0.0000	0.0000	0.0000	0.0000	0.0000	0.0000	0.0000	0.0000	0.0000	0.0000	0.0000	0.0000	0.0000	0.0000	0.0000	0.0000	0.0000	0.0000	0.0000	0.0000	0.0000	0.0000	0.0000	0.0000	0.0098	0.0066	0.0032	0.0040	0.0039	0.0001	0.0058	0.0028	0.0031	0.0000	0.0000	0.0000	0.0000	0.0000	0.0000	0.0000	0.0000	0.0000	0.0000	0.0000	0.0000	0.0000	0.0000	0.0000	0.0000	0.0000	0.0000											
1	13	0.1418	7	0	1	1	1	0	0	0	0	N	N	N	N	N	N	N	N	N	N	N	N	0.0018	0.0009	0.0000	4.4863	4.1326	0.0000	0.0000	0.0000	0.0000	0.0098	0.0112	0.0000	0.0800	0.0847	0.0000	0.0000	0.0000	0.0000	5.3382	12.1183	0.0000	0.0178	0.0205	0.0000	5.7267	11.6697	0.0000	0.0000	0.0000	-0.0009	-0.5892	8.0412	3.9729	9.2388	5.4895	0.0024	0.0024	0.0000	0.0024	0.0024	0.0000	0.0000	0.0000	0.0000	1.0001	1.0001	0.0000	0.0008	0.0008	0.0000	0.9993	0.9993	0.0000	0.2408	0.2102	0.0306	0.0294	0.0278	0.0016	0.2114	0.1824	0.0290	0.2203	0.1255	0.0948	0.0458	0.0399	0.0059	0.1745	0.0856	0.0889	0.0022	0.0014	0.0000	4.4863	4.1326	0.0000	0.0000	0.0000	0.0000	4.5400	7.9701	0.0000	0.0178	0.0205	0.0000	5.7267	11.6697	0.0000
1	14	0.1614	8	1	1	1	1	0	0	0	0	N	N	N	N	N	N	N	N	N	N	N	N	inf	inf	inf	inf	0.0012	0.0000	0.0096	0.0112	0.0000	0.1611	0.0000	0.0000	0.0000	0.0000	0.0000	0.0000	0.0000	0.0000	0.0000	0.0000	0.0000	0.0000	inf	0.0004	0.0000	8.0412	10.0000	9.2388	6.0013	0.0007	0.0000	0.0007	0.0007	0.0000	0.0007	0.0000	0.0000	0.0000	0.0000	0.0000	0.0000	0.0000	0.0000	0.0000	0.0000	0.0000	0.0000	0.5506	0.4806	0.0701	0.0600	0.0558	0.0042	0.4907	0.4247	0.0659	0.3201	0.1886	0.1316	0.0753	0.0597	0.0155	0.2448	0.1288	0.1160	inf	0.0000	inf	inf	0.0000	inf	0.0000	0.0000	0.0000	0.0000	0.0000	0.0000	0.0000	0.0000	0.0000	0.0000	0.0000	0.0000						
1	15	0.1666	8	0	1	1	1	0	0	0	0	N	N	N	N	N	N	N	N	N	N	N	N	0.0000	0.0000	0.0000	0.0000	0.0000	0.0000	0.0000	0.0000	0.0000	0.0000	0.0000	0.0000	0.0000	0.0000	0.0000	0.0000	0.0000	0.0000	0.0000	0.0000	8.0412	2.9999	9.2388	3.0728	0.0000	0.0000	0.0000	0.0000	0.0000	0.0000	0.0000	0.0000	0.0000	0.0000	0.0000	0.0000	0.0000	0.0000	0.0000	0.0000	0.0000	0.0000	0.1748	0.1525	0.0223	0.0199	0.0187	0.0012	0.1549	0.1338	0.0211	0.1298	0.0761	0.0536	0.0241	0.0202	0.0039	0.1056	0.0559	0.0497	0.0000	0.0000	0.0000	0.0000	0.0000	0.0000	0.0000	0.0000	0.0000	0.0000	0.0000	0.0000	0.0000	0.0000	0.0000	0.0000	0.0000	0.0000											
1	16	0.1418	7	0	0	1	1	0	0	0	0	N	N	N	N	N	N	N	N	N	N	N	N	496.1639	323.6356	31.5512	0.3093	0.2756	856.6809	524183.2674	4663621.7295	0.0436	2.8039	3.2119	0.0003	0.0080	0.0081	0.0063	3.1741	3.6745	0.0000	0.0057	0.0099	0.0000	0.0260	0.0296	0.0000	0.0000	0.0000	0.0000	0.0000	0.0008	-0.3638	-0.0006	8.0412	6.0396	9.2388	1.6050	1.0000	1.0000	0.0000	0.0003	0.0003	0.0000	0.9997	0.9997	0.0000	0.0010	0.0010	0.0000	0.0010	0.0010	0.0000	0.0000	0.0000	0.0000	0.3567	0.3113	0.0453	0.0417	0.0393	0.0024	0.3149	0.2721	0.0429	0.1854	0.1055	0.0799	0.0403	0.0354	0.0049	0.1451	0.0701	0.0751	496.1639	323.6356	31.5512	0.3093	0.2756	856.6809	524183.2674	4663621.7295	0.0436	0.0057	0.0099	0.0000	0.0260	0.0296	0.0000	0.0000	0.0000	0.0000
1	17	0.0915	3	1	1	1	1	0	0	0	0	N	N	N	N	N	N	N	N	N	N	N	N	0.0000	0.0000	0.0000	0.0000	0.0000	0.0000	0.0001	1.4324	0.0000	0.0000	0.0000	0.0000	0.0000	0.0000	0.0000	0.0000	0.0000	0.0000	1.2272	2.0700	0.0046	2.7400	2.6023	0.0000	0.0027	0.0000	0.0048	0.0000	0.0106	-0.0000	-0.0092	8.0412	0.9996	9.2388	1.7768	0.0000	0.0000	0.0000	0.0000	0.0000	0.0000	0.0000	0.0000	0.0000	0.0159	0.0157	0.0002	0.0157	0.0157	0.0000	0.0002	0.0000	0.0002	0.0582	0.0506	0.0076	0.0060	0.0056	0.0004	0.0522	0.0449	0.0072	0.0815	0.0453	0.0362	0.0197	0.0184	0.0014	0.0617	0.0269	0.0348	0.0000	0.0000	0.0000	0.0000	0.0000	0.0000	0.0001	1.4324	0.0000	0.1952	0.3477	0.0046	0.7969	0.8569	0.0000	0.0027	0.0000	0.0048
1	18	0.1843	11	0	1	1	1	0	0	0	0	N	N	N	N	N	N	N	N	N	N	N	N	1970.9302	1337.8301	0.0000	0.0000	0.0000	52323958.4607	52491694.2057	0.0000	3.4261	3.8967	0.0000	0.0000	0.0000	0.0000	4.0026	4.6134	0.0000	0.0017	0.0029	0.0000	0.0062	0.0077	0.0000	0.0000	0.0000	0.0000	0.0000	0.0000	-0.3636	-0.0002	8.0412	4.7641	9.2388	2.0666	0.9995	0.9995	0.0000	0.0000	0.0000	0.0000	0.9995	0.9995	0.0000	0.0003	0.0003	0.0000	0.0003	0.0003	0.0000	0.0000	0.0000	0.0000	0.2917	0.2565	0.0352	0.0420	0.0398	0.0022	0.2497	0.2166	0.0331	0.1470	0.0877	0.0593	0.0411	0.0331	0.0080	0.1059	0.0546	0.0513	1970.9302	1337.8301	0.0000	0.0000	0.0000	0.0000	52323958.4607	52491694.2057	0.0000	0.0017	0.0029	0.0000	0.0062	0.0077	0.0000	0.0000	0.0000	0.0000	
1	19	0.1668	10	0	1	1	1	0	0	0	0	N	N	N	N	N	N	N	N	N	N	N	N	2.6717	5.1251	0.0000	3.1646	2.6282	2.5531	11.1707	0.0000	0.0065	0.0072	0.0000	0.0075	0.0078	0.0000	0.0062	0.0071	0.0000	0.0024	0.0014	0.0039	0.0024	0.0030	0.0000	0.0024	0.0006	0.0044	0.0000	1.8725	-0.0002	0.0000	8.0412	1.4176	9.2388	5.1148	0.0007	0.0007	0.0000	0.0001	0.0001	0.0000	0.0005	0.0005	0.0000	0.0003	0.0001	0.0002	0.0001	0.0001	0.0000	0.0003	0.0000	0.0002	0.1038	0.0927	0.0111	0.0199	0.0193	0.0006	0.0839	0.0734	0.0105	0.1413	0.0842	0.0571	0.0350	0.0282	0.0069	0.1062	0.0560	0.0502	2.6717	5.1251	0.0000	3.1646	2.6282	0.0000	2.5531	11.1707	0.0000	0.0024	0.0014	0.0039	0.0024	0.0030	0.0000	0.0024	0.0006	0.0044	
1	20	0.0863	2	0	1	2	2	0	0	0	0	N	N	Y	Y	N	N	N	N	N	N	N	N	0.0000	0.0000	0.0000	0.0000	0.0000	0.0000	0.0000	0.0000	0.0000	0.0000	0.0000	0.0000	0.0000	0.0000	0.0000	0.0000	0.0000	0.0000	0.0000	0.0000	8.0412	0.0000	9.2388	0.0000	0.0000	0.0000	0.0000	0.0000	0.0000	0.0000	0.0000	0.0000	0.0000	0.0000	0.0000	0.0000	0.0000	0.0000	0.0000	0.0000	0.0000	0.0000	0.0000	0.0000	0.0000	0.0000	0.0000	0.0000	0.0000	0.0000	0.0000	0.0000	0.0000	0.0000	0.0000	0.0000	0.0000	0.0000	0.0000	0.0000	0.0000	0.0000	0.0000	0.0000	0.0000	0.0000	0.0000	0.0000	0.0000	0.0000	0.0000	0.0000	0.0000	0.0000	0.0000	0.0000	0.0000	0.0000											
1	22	0.1034	6	0	1	1	1	0	0	0	0	N	N	N	N	N	N	N	N	N	N	N	N	0.1327	0.0406	0.2028	0.1912	0.0000	0.0000	0.0040	0.0045	0.0000	0.0391	0.0414	0.0000	0.0000	0.0000	0.0000	0.0299	0.1119	0.0000	0.1931	0.2164	0.0000	0.0000	0.0000	0.0000	0.0000	0.0000	-0.0010	-0.0075	8.0412	11.9950	9.2388	7.9469	0.0027	0.0027	0.0000	0.0027	0.0027	0.0000	0.0000	0.0000	0.0000	0.0127	0.0127	0.0000	0.0127	0.0127	0.0000	0.0000	0.0000	0.0000	0.6857	0.5990	0.0867	0.0695	0.0657	0.0037	0.6162	0.5332	0.0830	0.4263	0.2510	0.1753	0.0742	0.0614	0.0129	0.3520	0.1896	0.1624	0.1331	0.0897	0.0000	0.2287	0.1999	0.0000	0.0000	0.0000	0.0000	0.0298	0.0506	0.0000	0.1711	0.2070	0.0000	0.0000	0.0000	0.0000			
1	23	0.2398	12	1	1	1	1	0	0	0	0	N	N	N	N	N	N	N	N	N	N	N	N	0.0000	0.0000	0.0000	0.0000	0.0000	0.0000	0.0000	0.0000	0.0000	0.0000	0.0000	0.0000	0.0000	0.0000	0.0000	0.0000	0.0000	0.0014	0.0023	0.0000	0.0104	0.0121	0.0000	0.0000	0.0000	0.0000	0.0002	0.0000	-0.0000	8.0412	0.0013	9.2388	0.9984	0.0000	0.0000	0.0000	0.0000	0.0000	0.0000	0.0000	0.0000	0.0000	0.0000	0.0000	0.0000	0.0000	0.0000	0.0000	0.0000	0.0000	0.0000	0.0002	0.0002	0.0000	0.0001	0.0001	0.0000	0.0001	0.0001	0.0000	0.0270	0.0158	0.0111	0.0035	0.0030	0.0005	0.0234	0.0128	0.0106	0.0000	0.0000	0.0000	0.0000	0.0000	0.0000	0.0000	0.0000	0.0000	0.0014	0.0023	0.0000	0.0104	0.0121	0.0000	0.0000	0.0000	0.0000		
1	24	0.0651	3	0	1	1	2	0	0	0	0	N	N	N	Y	N	N	N	N	N	N	N	N	0.0221	0.0076	255.7110	0.0398	0.0596	inf	72.0469	0.0000	258.0075	0.0066	0.0070	0.0042	0.0864	0.0893	0.0000	0.0006	0.0000	0.0043	0.2977	0.9198	0.0000	2.1683	1.4998	0.0000	0.0000	0.0000	0.0000	0.0901	0.0001	-0.0007	-0.0157	8.0412	6.0729	9.2388	6.2374	0.0024	0.0022	0.0002	0.0022	0.0022	0.0000	0.0002	0.0000	0.0002	0.0266	0.0266	0.0000	0.0266	0.0266	0.0000	0.0000	0.0000	0.0000	0.3705	0.3222	0.0483	0.0259	0.0251	0.0009	0.3446	0.2972	0.0474	0.3347	0.1924	0.1424	0.0472	0.0459	0.0013	0.2875	0.1465	0.1411	0.0830	0.0503	255.7110	0.1533	0.1542	inf	72.0469	0.0000	258.0075	0.0795	0.1383	0.0000	0.5633	0.5793	0.0000	0.0000	0.0000	0.0000
1	25	0.0778	3	1	1	1	1	0	0	0	0	N	N	N	N	N	N	N	N	N	N	N	N	2023.2725	858.4317	246634.5661	0.3053	0.0000	5231.6072	210780.9951	31122450.1273	255265.5473	2.7267	2.0700	7.4657	0.0063	0.0000	0.1328	3.0147	2.3099	7.7478	0.0013	0.0024	0.0000	0.0205	0.0231	0.0000	0.0000	0.0000	0.0000	0.4998	0.0101	-0.0916	-0.0005	8.0412	19.6128	9.2388	15.0566	3.0027	2.0020	1.0007	0.0007	0.0000	0.0007	3.0020	2.0020	1.0000	0.0009	0.0009	0.0000	0.0009	0.0009	0.0000	0.0000	0.0000	0.0000	1.1012	0.9672	0.1340	0.1054	0.1004	0.0050	0.9958	0.8667	0.1291	0.6525	0.3610	0.2915	0.0425	0.0377	0.0048	0.6100	0.3234	0.2867	2023.2725	858.4317	246634.5661	0.3053	0.0000	5231.6072	210780.9951	31122450.1273	255265.5473	0.0013	0.0024	0.0000	0.0205	0.0231	0.0000	0.0000	0.0000	0.0000
1	26	0.1207	2	0	0	2	1	0	0	0	0	N	N	Y	N	N	N	N	N	N	N	N	N	0.0000	0.0000	0.0000	0.0000	0.0000	0.0000	0.0000	0.0000	0.0000	0.0000	0.0000	0.0000	0.0000	0.0000	0.0000	0.0000	0.0000	0.0000	0.0000	0.0000	8.0412	0.0000	9.2388	0.0000	0.0000	0.0000	0.0000	0.0000	0.0000	0.0000	0.0000	0.0000	0.0000	0.0000	0.0000	0.0000	0.0000	0.0000	0.0000	0.0000	0.0000	0.0000	0.0000	0.0000	0.0000	0.0000	0.0000	0.0000	0.0000	0.0000	0.0000	0.0000	0.0000	0.0000	0.0000	0.0000	0.0000	0.0000	0.0000	0.0000	0.0000	0.0000	0.0000	0.0000	0.0000	0.0000	0.0000	0.0000	0.0000	0.0000	0.0000	0.0000	0.0000	0.0000	0.0000	0.0000	0.0000	0.0000											
1	27	0.0915	3	1	0	2	1	0	0	0	0	N	N	Y	N	N	N	N	N	N	N	N	N	0.0000	0.0004	0.0000	0.0010	0.0009	0.0000	0.0000	0.7807	0.0000	0.0000	0.0000	0.0000	0.0000	0.0000	0.0000	0.0000	0.0000	0.0000	0.0185	0.0007	0.0408	0.0022	0.0025	0.0000	0.0221	0.0000	0.0428	0.0000	45.0989	-0.0000	0.0015	8.0412	6.0046	9.2388	3.2467	0.0000	0.0000	0.0000	0.0000	0.0000	0.0000	0.0000	0.0000	0.0000	0.0039	0.0001	0.0039	0.0001	0.0001	0.0000	0.0039	0.0000	0.0039	0.3304	0.2872	0.0432	0.0301	0.0280	0.0021	0.3003	0.2592	0.0411	0.2138	0.1191	0.0946	0.0390	0.0346	0.0044	0.1748	0.0846	0.0902	0.0000	0.0004	0.0000	0.0010	0.0009	0.0000	0.0000	0.7807	0.0000	0.0185	0.0007	0.0408	0.0022	0.0025	0.0000	0.0221	0.0000	0.0428
1	28	0.0551	2	1	0	1	1	0	0	0	0	N	N	N	N	N	N	N	N	N	N	N	N	0.0028	0.0082	0.0003	0.1098	0.1430	0.1366	0.0012	8.0559	0.0003	0.0034	0.0039	0.0002	0.0389	0.0400	0.0000	0.0014	0.0016	0.0002	1.2069	0.4810	0.7010	0.3542	0.2798	0.0000	1.1692	0.0002	0.5535	0.0073	3.1066	-0.0005	0.0157	8.0412	7.0330	9.2388	8.3476	0.0015	0.0015	0.0000	0.0009	0.0009	0.0000	0.0006	0.0006	0.0000	0.0936	0.0228	0.0708	0.0228	0.0228	0.0000	0.0709	0.0000	0.0708	0.4250	0.3690	0.0560	0.0230	0.0224	0.0006	0.4019	0.3466	0.0553	0.5031	0.2784	0.2247	0.1019	0.1002	0.0016	0.4013	0.1782	0.2231	0.0185	0.0480	0.0006	0.1741	0.1762	0.1366	0.0080	8.0559	0.0006	0.1861	0.0819	0.3152	0.2235	0.2271	0.0000	0.1766	0.0002	0.3175
1	29	0.0651	3	0	1	1	2	0	0	0	0	N	N	N	Y	N	N	N	N	N	N	N	N	0.0019	0.0993	0.0000	0.3813	0.4495	0.0000	0.0000	0.0000	0.0043	0.0049	0.0000	0.0768	0.0802	0.0000	0.0000	0.0000	0.0000	2.2778	0.0496	8.3809	0.2014	0.1784	0.0848	2.2451	0.0000	7.0591	0.0003	88.2676	-0.0011	0.3577	8.0412	12.7698	9.2388	10.8465	0.0031	0.0031	0.0000	0.0031	0.0031	0.0000	0.0000	0.0000	0.0000	0.8951	0.0100	0.8851	0.0102	0.0100	0.0002	0.8849	0.0000	0.8849	0.7271	0.6325	0.0946	0.0406	0.0389	0.0017	0.6864	0.5936	0.0929	0.5536	0.3099	0.2437	0.0585	0.0562	0.0023	0.4951	0.2537	0.2414	0.0027	0.1525	0.0000	0.4395	0.4495	0.0000	0.0000	0.0000	0.0000	1.6169	0.0324	3.6320	0.1748	0.1784	0.0848	1.7872	0.0000	3.6652	
1	30	0.1617	9	1	0	2	1	0	0	0	0	N	N	Y	N	N	N	N	N	N	N	N	N	77.7708	0.0000	inf	0.0000	0.0000	499878.6544	0.0000	inf	0.0020	0.0000	0.0157	0.0000	0.0000	0.0000	0.0022	0.0000	0.0167	0.0000	0.0000	0.0000	0.0001	0.0001	0.0000	0.0000	0.0000	0.0000	inf	0.0000	0.0008	-0.0000	8.0412	11.8338	9.2388	5.9707	0.0013	0.0000	0.0013	0.0000	0.0000	0.0000	0.0013	0.0000	0.0013	0.0000	0.0000	0.0000	0.0000	0.0000	0.0000	0.0000	0.0000	0.0000	0.6588	0.5767	0.0821	0.0780	0.0730	0.0049	0.5809	0.5037	0.0772	0.3531	0.2082	0.1449	0.0830	0.0660	0.0171	0.2701	0.1422	0.1279	77.7708	0.0000	inf	0.0000	0.0000	0.0000	499878.6544	0.0000	inf	0.0000	0.0000	0.0000	0.0001	0.0001	0.0000	0.0000	0.0000	0.0000	
1	31	0.0651	3	0	0	2	1	0	0	0	0	N	N	Y	N	N	N	N	N	N	N	N	N	0.1901	0.0898	1.5987	0.4012	0.4058	0.0000	0.4520	0.0000	1.6198	0.0030	0.0030	0.0034	0.0389	0.0403	0.0000	0.0005	0.0000	0.0035	0.0160	0.0333	0.0021	0.0970	0.0994	0.0010	0.0011	0.0000	0.0021	0.1714	0.0592	-0.0003	-0.0024	8.0412	6.9288	9.2388	3.0309	0.0013	0.0011	0.0002	0.0011	0.0011	0.0000	0.0002	0.0000	0.0002	0.0046	0.0043	0.0003	0.0043	0.0043	0.0000	0.0003	0.0000	0.0003	0.4186	0.3640	0.0546	0.0279	0.0270	0.0010	0.3907	0.3371	0.0536	0.2864	0.1665	0.1200	0.0446	0.0436	0.0011	0.2418	0.1229	0.1189	0.1901	0.1149	1.5987	0.4012	0.4058	0.0000	0.4520	0.0000	1.6198	0.0160	0.0260	0.0021	0.0970	0.0994	0.0010	0.0011	0.0000	0.0021
1	32	0.0551	2	0	0	1	1	0	0	0	0	N	N	N	N	N	N	N	N	N	N	N	N	0.0054	0.0040	0.0119	0.0097	0.0128	0.1135	0.0022	0.0004	0.0119	0.0097	0.0109	0.0007	0.0759	0.0771	0.0009	0.0001	0.0000	0.0007	1.7757	2.7242	0.0618	7.8317	6.0318	0.0078	0.0478	0.0010	0.0620	0.0098	0.0436	-0.0005	-0.1038	8.0412	1.8775	9.2388	3.1058	0.0013	0.0013	0.0000	0.0013	0.0013	0.0000	0.0000	0.0000	0.0000	0.1896	0.1817	0.0079	0.1816	0.1816	0.0000	0.0080	0.0001	0.0079	0.1382	0.1206	0.0175	0.0174	0.0171	0.0003	0.1208	0.1035	0.0173	0.2957	0.1673	0.1284	0.0968	0.0962	0.0006	0.1988	0.0711	0.1278	0.0150	0.0101	0.0119	0.0404	0.0408	0.1135	0.0026	0.0004	0.0119	0.6414	1.0860	0.0618	1.8758	1.8872	0.0078	0.0402	0.0010	0.0620
1	34	0.1260	3	0	1	1	1	0	0	0	0	N	N	N	N	N	N	N	N	N	N	N	N	0.0000	0.0000	0.0000	0.0000	0.0000	0.0000	0.0000	0.0000	0.0000	0.0000	0.0000	0.0000	0.0000	0.0000	0.0000	0.0000	0.0000	0.0000	0.0000	0.0000	8.0412	0.0019	9.2388	3.0025	0.0000	0.0000	0.0000	0.0000	0.0000	0.0000	0.0000	0.0000	0.0000	0.0000	0.0000	0.0000	0.0000	0.0000	0.0000	0.0000	0.0000	0.0000	0.0004	0.0004	0.0000	0.0002	0.0002	0.0000	0.0002	0.0002	0.0000	0.0618	0.0353	0.0265	0.0099	0.0088	0.0011	0.0519	0.0265	0.0254	0.0000	0.0000	0.0000	0.0000	0.0000	0.0000	0.0000	0.0000	0.0000	0.0000	0.0000	0.0000	0.0000	0.0000	0.0000	0.0000	0.0000	0.0000											
1	35	0.2279	9	1	1	1	1	0	0	0	0	N	N	N	N	N	N	N	N	N	N	N	N	0.0000	0.0000	0.0000	0.0000	0.0000	0.0000	0.0000	0.0000	0.0000	0.0000	0.0000	0.0000	0.0000	0.0000	0.0000	0.0000	0.0000	0.0000	0.0000	0.0000	8.0412	1.0000	9.2388	1.9999	0.0000	0.0000	0.0000	0.0000	0.0000	0.0000	0.0000	0.0000	0.0000	0.0000	0.0000	0.0000	0.0000	0.0000	0.0000	0.0000	0.0000	0.0000	0.0560	0.0491	0.0070	0.0108	0.0101	0.0008	0.0452	0.0390	0.0062	0.0578	0.0327	0.0251	0.0098	0.0081	0.0017	0.0480	0.0246	0.0234	0.0000	0.0000	0.0000	0.0000	0.0000	0.0000	0.0000	0.0000	0.0000	0.0000	0.0000	0.0000	0.0000	0.0000	0.0000	0.0000	0.0000	0.0000											
1	36	0.1926	9	0	1	2	1	0	0	0	0	N	N	Y	N	N	N	N	N	N	N	N	N	0.0023	0.0017	0.0000	0.0027	0.0027	0.0000	0.0023	0.0013	0.0000	0.0041	0.0047	0.0000	0.0040	0.0043	0.0000	0.0042	0.0048	0.0000	1.8053	2.7171	0.0000	1.4867	1.5700	0.0000	1.8125	3.6019	0.0000	0.0000	0.0000	-0.0003	-0.1072	8.0412	3.0341	9.2388	5.2124	0.0008	0.0008	0.0000	0.0001	0.0001	0.0000	0.0007	0.0007	0.0000	0.1819	0.1819	0.0000	0.0523	0.0523	0.0000	0.1297	0.1297	0.0000	0.1859	0.1629	0.0231	0.0299	0.0280	0.0020	0.1560	0.1349	0.0211	0.2491	0.1680	0.0811	0.1080	0.0845	0.0235	0.1410	0.0835	0.0575	0.0057	0.0044	0.0000	0.0083	0.0069	0.0000	0.0045	0.0031	0.0000	0.7305	1.0830	0.0000	0.4839	0.6187	0.0000	0.9195	1.5528	0.0000
1	37	0.1688	8	0	1	1	1	0	0	0	0	N	N	N	N	N	N	N	N	N	N	N	N	1.1387	0.5616	0.0000	0.0000	0.0000	0.0000	1.1240	0.6950	0.0000	5.6925	6.5330	0.0000	0.0000	0.0000	0.0000	6.4084	7.4183	0.0000	4.9993	11.6326	0.1952	0.0072	0.0090	0.0005	5.7012	10.6731	0.1955	0.0000	0.0160	-0.3635	-0.4140	8.0412	3.0544	9.2388	4.8962	0.9993	0.9993	0.0000	0.0000	0.0000	0.0000	0.9993	0.9993	0.0000	0.7221	0.7107	0.0114	0.0003	0.0003	0.0000	0.7218	0.7104	0.0114	0.1756	0.1530	0.0226	0.0196	0.0183	0.0014	0.1559	0.1347	0.0212	0.1662	0.0979	0.0682	0.0396	0.0314	0.0082	0.1266	0.0666	0.0600	1.3099	0.9000	0.0000	0.0000	0.0000	0.0000	1.1240	0.6950	0.0000	4.3457	7.2586	0.1667	0.0072	0.0090	0.0005	5.7012	10.6731	0.1894
1	38	0.1260	3	0	0	2	1	0	0	0	0	N	N	Y	N	N	N	N	N	N	N	N	N	0.0000	0.0000	0.0000	0.0000	0.0000	0.0000	0.0000	0.0000	0.0000	0.0000	0.0000	0.0000	0.0000	0.0000	0.0000	0.0000	0.0000	0.0000	0.0000	0.0000	8.0412	0.9992	9.2388	1.0069	0.0000	0.0000	0.0000	0.0000	0.0000	0.0000	0.0000	0.0000	0.0000	0.0000	0.0000	0.0000	0.0000	0.0000	0.0000	0.0000	0.0000	0.0000	0.0509	0.0441	0.0068	0.0022	0.0021	0.0001	0.0487	0.0420	0.0067	0.0418	0.0240	0.0178	0.0068	0.0061	0.0007	0.0350	0.0179	0.0171	0.0000	0.0000	0.0000	0.0000	0.0000	0.0000	0.0000	0.0000	0.0000	0.0000	0.0000	0.0000	0.0000	0.0000	0.0000	0.0000	0.0000	0.0000											
1	39	0.1207	2	0	0	1	1	0	0	0	0	N	N	N	N	N	N	N	N	N	N	N	N	0.0000	0.0000	0.0000	0.0000	0.0000	0.0000	0.0000	0.0000	0.0000	0.0000	0.0000	0.0000	0.0000	0.0000	0.0000	0.0000	0.0000	0.0000	0.0000	0.0000	8.0412	1.0008	9.2388	0.9987	0.0000	0.0000	0.0000	0.0000	0.0000	0.0000	0.0000	0.0000	0.0000	0.0000	0.0000	0.0000	0.0000	0.0000	0.0000	0.0000	0.0000	0.0000	0.0515	0.0445	0.0069	0.0017	0.0016	0.0001	0.0498	0.0429	0.0069	0.0414	0.0235	0.0179	0.0059	0.0052	0.0007	0.0356	0.0183	0.0173	0.0000	0.0000	0.0000	0.0000	0.0000	0.0000	0.0000	0.0000	0.0000	0.0000	0.0000	0.0000	0.0000	0.0000	0.0000	0.0000	0.0000	0.0000											
1	42	0.1034	6	0	0	1	1	0	0	0	0	N	N	N	N	N	N	N	N	N	N	N	N	20305.8555	17196.9642	47203.6395	0.0000	0.0000	0.0000	6751974.3933	inf	7816995.3814	3.2015	2.4411	8.4914	0.0000	0.0000	0.0000	3.5480	2.7289	8.8775	0.0002	0.0001	0.0002	0.0009	0.0006	0.0024	0.0000	0.0000	0.0000	0.5000	0.8959	-0.0913	-0.0000	8.0412	17.0025	9.2388	6.0864	3.0000	2.0000	1.0000	0.0000	0.0000	0.0000	3.0000	2.0000	1.0000	0.0001	0.0000	0.0000	0.0001	0.0000	0.0000	0.0000	0.0000	0.0000	0.9371	0.8193	0.1178	0.0915	0.0864	0.0051	0.8455	0.7329	0.1126	0.4810	0.2818	0.1992	0.0819	0.0674	0.0146	0.3991	0.2144	0.1846	20305.8555	17196.9642	47203.6395	0.0000	0.0000	0.0000	6751974.3933	inf	7816995.3814	0.0002	0.0001	0.0002	0.0009	0.0006	0.0024	0.0000	0.0000	0.0000
1	44	0.1034	6	0	1	1	1	0	0	0	0	N	N	N	N	N	N	N	N	N	N	N	N	75.6348	21.0014	0.0000	0.0000	4272900.2950	2668549.0202	2.3774	2.7228	0.0000	0.0000	0.0000	0.0000	2.6721	3.0945	0.0000	0.0314	0.1296	0.0000	0.2110	0.2495	0.0000	0.0000	0.0000	0.0000	0.0000	0.0000	-0.3638	-0.0075	8.0412	6.9958	9.2388	11.8523	1.0000	1.0000	0.0000	0.0000	0.0000	0.0000	1.0000	1.0000	0.0000	0.0127	0.0127	0.0000	0.0127	0.0127	0.0000	0.0000	0.0000	0.0000	0.4206	0.3673	0.0534	0.0464	0.0441	0.0023	0.3742	0.3232	0.0511	0.4068	0.2401	0.1667	0.0715	0.0592	0.0122	0.3353	0.1808	0.1545	76.1261	51.4518	0.0000	0.0000	0.0000	0.0000	4272900.2950	2668549.0202	0.0000	0.0312	0.0529	0.0000	0.1777	0.2145	0.0000	0.0000	0.0000	0.0000			
1	45	0.1418	7	0	1	1	1	0	0	0	0	N	N	N	N	N	N	N	N	N	N	N	N	1.7635	0.8824	1124.4883	0.0136	0.0000	1153.3806	1.9926	0.8334	1109.1344	3.7054	3.1743	7.4412	0.0001	0.0000	0.0021	4.1659	3.6005	7.8788	2.1012	3.5975	0.0066	0.0094	0.0114	0.0000	2.0907	4.3203	0.0071	0.3332	0.0022	-0.4555	-0.5231	8.0412	20.1318	9.2388	17.5118	4.0010	3.0010	1.0000	0.0000	0.0000	0.0000	4.0010	3.0010	1.0000	0.8913	0.8893	0.0019	0.0011	0.0011	0.0000	0.8902	0.8882	0.0019	1.0798	0.9454	0.1344	0.1194	0.1119	0.0075	0.9604	0.8335	0.1269	0.6856	0.3923	0.2933	0.1169	0.0969	0.0201	0.5687	0.2955	0.2732	2.8504	1.4004	1124.4883	0.0136	0.0000	1153.3806	2.6614	1.1977	1109.1344	1.2999	2.2668	0.0066	0.0094	0.0114	0.0000	1.5653	3.0063	0.0071
1	46	0.0976	3	0	1	1	1	0	0	0	0	N	N	N	N	N	N	N	N	N	N	N	N	10873.4856	10042.6767	0.0000	0.0000	0.0000	42259.7816	inf	0.0000	1.1052	1.2631	0.0000	0.0000	0.0000	0.0000	1.3058	1.5135	0.0000	0.0001	0.0001	0.0001	0.0003	0.0004	0.0000	0.0000	0.0000	0.0001	0.0000	0.3026	-0.3638	-0.0000	8.0412	15.0410	9.2388	10.9147	1.0000	1.0000	0.0000	0.0000	0.0000	0.0000	1.0000	1.0000	0.0000	0.0001	0.0000	0.0000	0.0000	0.0000	0.0000	0.0000	0.0000	0.0000	0.9048	0.7917	0.1131	0.1390	0.1309	0.0080	0.7658	0.6607	0.1051	0.6405	0.3974	0.2432	0.1510	0.1359	0.0152	0.4895	0.2615	0.2280	10873.4856	10042.6767	0.0000	0.0000	0.0000	0.0000	42259.7816	inf	0.0000	0.0001	0.0001	0.0001	0.0003	0.0004	0.0000	0.0000	0.0000	0.0001	
1	47	0.1668	10	1	0	2	1	0	0	0	0	N	N	Y	N	N	N	N	N	N	N	N	N	12779.5203	4315.2059	303221985.6028	0.8759	0.7447	71588907.7472	38962179.5159	289652743.7366	2.8070	1.6015	11.3550	0.0008	0.0009	0.0000	3.1963	1.8417	12.0863	0.0002	0.0004	0.0000	0.0009	0.0012	0.0000	0.0000	0.0000	0.0000	0.9999	0.0001	0.2724	-0.0000	8.0412	12.7633	9.2388	6.3722	1.9999	1.0000	0.9999	0.0001	0.0001	0.0000	1.9998	0.9999	0.9999	0.0001	0.0001	0.0000	0.0001	0.0001	0.0000	0.0000	0.0000	0.0000	0.7125	0.6244	0.0881	0.0868	0.0815	0.0053	0.6257	0.5429	0.0827	0.3794	0.2246	0.1549	0.0905	0.0722	0.0183	0.2889	0.1523	0.1366	12779.5203	4315.2059	303221985.6028	0.8759	0.7447	0.0000	71588907.7472	38962179.5159	289652743.7366	0.0002	0.0004	0.0000	0.0009	0.0012	0.0000	0.0000	0.0000	0.0000	
1	48	0.1617	9	0	0	1	1	0	0	0	0	N	N	N	N	N	N	N	N	N	N	N	N	2.2700	1.2874	13.7773	0.0000	0.0000	2.6912	0.8513	12.7786	0.0042	0.0028	0.0199	0.0000	0.0000	0.0000	0.0058	0.0039	0.0210	0.0019	0.0022	0.0014	0.0009	0.0012	0.0000	0.0022	0.0046	0.0016	0.6667	0.4631	0.0000	-0.0000	8.0412	0.3513	9.2388	1.9759	0.0001	0.0001	0.0001	0.0000	0.0000	0.0000	0.0001	0.0001	0.0001	0.0001	0.0001	0.0000	0.0000	0.0000	0.0000	0.0001	0.0001	0.0000	0.0353	0.0323	0.0030	0.0097	0.0095	0.0002	0.0256	0.0228	0.0029	0.0507	0.0299	0.0207	0.0123	0.0098	0.0025	0.0383	0.0201	0.0182	2.2700	1.2874	13.7773	0.0000	0.0000	0.0000	2.6912	1.4898	12.7786	0.0019	0.0022	0.0014	0.0009	0.0012	0.0000	0.0022	0.0027	0.0016	
1	49	0.1614	8	0	0	1	1	0	0	0	0	N	N	N	N	N	N	N	N	N	N	N	N	0.0000	0.0000	0.0000	0.0000	0.0000	0.0000	0.0000	0.0000	0.0000	0.0000	0.0000	0.0000	0.0000	0.0000	0.0000	0.0040	0.0068	0.0000	0.0082	0.0103	0.0000	0.0026	0.0141	0.0000	0.0000	0.0000	-0.0000	8.0412	0.1669	9.2388	0.0350	0.0000	0.0000	0.0000	0.0000	0.0000	0.0000	0.0000	0.0000	0.0000	0.0000	0.0000	0.0000	0.0000	0.0000	0.0000	0.0000	0.0000	0.0000	0.0098	0.0085	0.0013	0.0011	0.0010	0.0001	0.0087	0.0075	0.0012	0.0045	0.0026	0.0018	0.0011	0.0009	0.0002	0.0034	0.0018	0.0016	0.0000	0.0000	0.0000	0.0000	0.0000	0.0000	0.0000	0.0000	0.0000	0.0040	0.0068	0.0000	0.0082	0.0103	0.0000	0.0026	0.0051	0.0000				
1	50	0.1614	7	0	0	1	1	0	0	0	0	N	N	N	N	N	N	N	N	N	N	N	N	0.0000	0.0000	0.0000	0.0000	0.0000	0.0000	0.0000	0.0000	0.0000	0.0000	0.0000	0.0000	0.0000	0.0000	0.0000	0.8223	1.3570	0.0000	0.2038	0.2077	0.0000	0.5475	2.1567	0.0000	0.0000	0.0000	-0.0000	8.0412	0.0010	9.2388	0.0028	0.0000	0.0000	0.0000	0.0000	0.0000	0.0000	0.0000	0.0000	0.0000	0.0000	0.0000	0.0000	0.0000	0.0000	0.0000	0.0000	0.0000	0.0000	0.0001	0.0001	0.0000	0.0001	0.0000	0.0000	0.0001	0.0001	0.0000	0.0001	0.0001	0.0001	0.0001	0.0000	0.0000	0.0001	0.0000	0.0001	0.0000	0.0000	0.0000	0.0000	0.0000	0.0000	0.0000	0.0000	0.0000	0.1260	0.2095	0.0000	0.1762	0.1975	0.0000	0.0981	0.2230	0.0000				
1	51	0.0840	5	0	1	1	2	0	0	0	0	N	N	N	Y	N	N	N	N	N	N	N	N	0.0016	0.0009	0.0000	6.9743	6.5006	0.0000	0.0000	0.0000	0.0000	0.0046	0.0053	0.0000	0.0426	0.0447	0.0000	0.0000	0.0000	0.0000	2.9626	6.0241	0.0101	0.0061	0.0069	0.0000	2.9360	6.0786	0.0104	0.0000	0.0019	-0.0007	-0.5882	8.0412	7.3891	9.2388	13.2142	0.0020	0.0020	0.0000	0.0020	0.0020	0.0000	0.0000	0.0000	0.0000	1.0018	0.9998	0.0019	0.0003	0.0003	0.0000	1.0015	0.9995	0.0019	0.4449	0.3882	0.0567	0.0480	0.0458	0.0022	0.3969	0.3425	0.0544	0.4437	0.2535	0.1902	0.0498	0.0443	0.0056	0.3938	0.2092	0.1846	0.0020	0.0013	0.0000	6.9743	6.5006	0.0000	0.0000	0.0000	0.0000	2.2579	3.9447	0.0101	0.0061	0.0069	0.0000	2.5428	4.7780	0.0104
1	52	0.0778	4	0	1	1	1	0	0	0	0	N	N	N	N	N	N	N	N	N	N	N	N	0.0003	0.3536	0.0000	0.3418	0.3215	0.0000	0.0000	0.9676	0.0000	0.0009	0.0010	0.0000	0.0082	0.0086	0.0000	0.0000	0.0000	0.0000	2.7568	0.0029	9.9491	0.0241	0.0267	0.0027	2.6076	0.0000	9.3822	0.0000	1251.3170	-0.0002	0.4109	8.0412	12.1779	9.2388	13.0455	0.0007	0.0007	0.0000	0.0007	0.0007	0.0000	0.0000	0.0000	0.0000	1.0021	0.0008	1.0013	0.0008	0.0008	0.0000	1.0013	0.0000	1.0013	0.7326	0.6442	0.0884	0.0803	0.0770	0.0033	0.6523	0.5672	0.0851	0.4979	0.2757	0.2222	0.0336	0.0300	0.0037	0.4643	0.2458	0.2185	0.0004	0.3536	0.0000	0.3418	0.3215	0.0000	0.0000	0.9676	0.0000	2.0124	0.0029	4.5059	0.0241	0.0267	0.0027	2.1565	0.0000	4.5815
1	53	0.1688	8	0	1	1	1	0	0	0	0	N	N	N	N	N	N	N	N	N	N	N	N	0.0000	0.0000	0.0000	0.0000	0.0000	0.0000	0.0000	0.0000	0.0000	0.0000	0.0000	0.0000	0.0000	0.0000	0.0000	0.0016	0.0027	0.0000	0.0068	0.0085	0.0000	0.0000	0.0000	0.0000	0.0000	0.0000	-0.0001	8.0412	3.0001	9.2388	3.0003	0.0000	0.0000	0.0000	0.0000	0.0000	0.0000	0.0000	0.0000	0.0000	0.0002	0.0002	0.0000	0.0002	0.0002	0.0000	0.0000	0.0000	0.0000	0.1725	0.1503	0.0222	0.0193	0.0179	0.0013	0.1532	0.1324	0.0209	0.1268	0.0747	0.0521	0.0303	0.0240	0.0063	0.0965	0.0507	0.0458	0.0000	0.0000	0.0000	0.0000	0.0000	0.0000	0.0000	0.0000	0.0000	0.0016	0.0027	0.0000	0.0068	0.0085	0.0000	0.0000	0.0000	0.0000				
1	54	0.1614	7	0	0	1	1	0	0	0	0	N	N	N	N	N	N	N	N	N	N	N	N	0.0000	0.0000	0.0000	0.0000	0.0000	0.0000	0.0000	0.0000	0.0000	0.0000	0.0000	0.0000	0.0000	0.0000	0.0000	0.0033	0.0056	0.0000	0.0006	0.0007	0.0000	0.0042	0.0257	0.0000	0.0000	0.0000	-0.0001	8.0412	1.9998	9.2388	1.0017	0.0000	0.0000	0.0000	0.0000	0.0000	0.0000	0.0000	0.0000	0.0000	0.0002	0.0002	0.0000	0.0000	0.0000	0.0000	0.0002	0.0002	0.0000	0.1152	0.1003	0.0149	0.0125	0.0116	0.0009	0.1027	0.0887	0.0140	0.0644	0.0380	0.0265	0.0154	0.0122	0.0032	0.0490	0.0257	0.0232	0.0000	0.0000	0.0000	0.0000	0.0000	0.0000	0.0000	0.0000	0.0000	0.0033	0.0056	0.0000	0.0006	0.0007	0.0000	0.0042	0.0079	0.0000				
1	55	0.1034	6	0	0	1	1	0	0	0	0	N	N	N	N	N	N	N	N	N	N	N	N	0.0000	0.0000	0.0000	0.0000	0.0000	0.0000	0.0000	0.0000	0.0000	0.0000	0.0000	0.0000	0.0000	0.0000	0.0000	0.0006	0.0011	0.0000	0.0035	0.0043	0.0000	0.0000	0.0001	0.0000	0.0000	0.0000	-0.0001	8.0412	8.0033	9.2388	9.9473	0.0000	0.0000	0.0000	0.0000	0.0000	0.0000	0.0000	0.0000	0.0000	0.0003	0.0003	0.0000	0.0002	0.0002	0.0000	0.0000	0.0000	0.0000	0.4752	0.4150	0.0603	0.0511	0.0486	0.0026	0.4241	0.3664	0.0577	0.3907	0.2310	0.1597	0.0692	0.0575	0.0117	0.3215	0.1735	0.1479	0.0000	0.0000	0.0000	0.0000	0.0000	0.0000	0.0000	0.0000	0.0000	0.0006	0.0011	0.0000	0.0035	0.0043	0.0000	0.0000	0.0001	0.0000				
1	56	0.1190	4	0	1	1	1	0	0	0	0	N	N	N	N	N	N	N	N	N	N	N	N	0.0011	0.0016	0.0000	0.0041	0.0041	0.0000	0.0000	0.0000	0.0000	0.0000	0.0000	0.0000	0.0001	0.0001	0.0000	0.0000	0.0000	0.0000	0.0060	0.0050	0.0077	0.0125	0.0130	0.0092	0.0035	0.0000	0.0075	0.0000	0.9389	-0.0000	-0.0002	8.0412	5.0156	9.2388	9.5596	0.0000	0.0000	0.0000	0.0000	0.0000	0.0000	0.0000	0.0000	0.0000	0.0021	0.0011	0.0010	0.0012	0.0011	0.0001	0.0009	0.0000	0.0009	0.2960	0.2592	0.0368	0.0395	0.0375	0.0020	0.2565	0.2217	0.0348	0.3502	0.2177	0.1325	0.0958	0.0832	0.0126	0.2544	0.1345	0.1199	0.0011	0.0016	0.0000	0.0041	0.0041	0.0000	0.0000	0.0000	0.0000	0.0060	0.0050	0.0077	0.0125	0.0130	0.0092	0.0035	0.0000	0.0075
1	57	0.0976	3	0	1	1	1	0	0	0	0	N	N	N	N	N	N	N	N	N	N	N	N	0.0040	0.0067	0.0000	0.0434	0.0594	0.0000	0.0000	0.0009	0.0001	0.0040	0.0046	0.0000	0.0174	0.0184	0.0000	0.0000	0.0000	0.0000	1.0130	0.6902	0.3846	0.4003	0.3099	0.1804	0.6755	0.0006	0.2779	0.0005	1.0518	-0.0006	-0.0045	8.0412	5.2776	9.2388	4.9316	0.0016	0.0016	0.0000	0.0016	0.0016	0.0000	0.0000	0.0000	0.0000	0.0591	0.0288	0.0303	0.0303	0.0287	0.0016	0.0288	0.0001	0.0287	0.4018	0.3510	0.0507	0.0933	0.0881	0.0053	0.3085	0.2630	0.0455	0.3912	0.2630	0.1282	0.1291	0.1201	0.0090	0.2621	0.1429	0.1192	0.0267	0.0422	0.0001	0.0740	0.0770	0.0000	0.0000	0.0009	0.0001	0.1510	0.1095	0.2362	0.2346	0.2390	0.1762	0.1098	0.0006	0.2408
1	58	0.0696	2	0	0	1	1	0	0	0	0	N	N	N	N	N	N	N	N	N	N	N	N	0.0011	0.0070	0.0001	0.1038	0.1182	0.0029	0.0001	0.0005	0.0001	0.0036	0.0041	0.0007	0.0498	0.0525	0.0021	0.0003	0.0002	0.0006	3.2750	0.5795	12.7870	0.4802	0.4442	0.7325	3.2974	0.5068	12.1464	0.0253	46.2145	-0.0005	0.3059	8.0412	6.4383	9.2388	5.2340	0.0014	0.0013	0.0000	0.0013	0.0013	0.0000	0.0001	0.0001	0.0000	0.7851	0.0166	0.7684	0.0139	0.0130	0.0009	0.7711	0.0036	0.7675	0.3757	0.3269	0.0488	0.0253	0.0240	0.0013	0.3504	0.3029	0.0475	0.3090	0.1787	0.1303	0.0470	0.0447	0.0023	0.2620	0.1340	0.1280	0.0014	0.0437	0.0001	0.1682	0.1799	0.0056	0.0001	0.0087	0.0001	2.5405	0.0931	5.8952	0.2964	0.2918	0.3838	2.9431	0.0268	5.9957
1	63	0.1828	9	1	1	1	2	0	0	0	0	N	N	N	Y	N	N	N	N	N	N	N	N	0.0000	0.0000	0.0000	0.0000	0.0000	0.0000	0.0000	0.0000	0.0000	0.0000	0.0000	0.0000	0.0000	0.0000	0.0000	0.0000	0.0000	0.0000	0.0000	0.0000	8.0412	2.0000	9.2388	2.0002	0.0000	0.0000	0.0000	0.0000	0.0000	0.0000	0.0000	0.0000	0.0000	0.0000	0.0000	0.0000	0.0000	0.0000	0.0000	0.0000	0.0000	0.0000	0.1153	0.1008	0.0145	0.0187	0.0174	0.0013	0.0966	0.0834	0.0132	0.0821	0.0469	0.0351	0.0106	0.0089	0.0017	0.0715	0.0380	0.0334	0.0000	0.0000	0.0000	0.0000	0.0000	0.0000	0.0000	0.0000	0.0000	0.0000	0.0000	0.0000	0.0000	0.0000	0.0000	0.0000	0.0000	0.0000											
1	64	0.1985	13	0	1	1	2	0	0	0	0	N	N	N	Y	N	N	N	N	N	N	N	N	0.0000	0.0000	0.0000	0.0000	0.0000	0.0000	0.0000	0.0000	0.0000	0.0000	0.0000	0.0000	0.0000	0.0000	0.0000	0.0000	0.0000	0.0003	0.0006	0.0000	0.0021	0.0024	0.0000	0.0000	0.0000	0.0000	0.0002	0.0000	-0.0000	8.0412	2.0059	9.2388	4.8036	0.0000	0.0000	0.0000	0.0000	0.0000	0.0000	0.0000	0.0000	0.0000	0.0000	0.0000	0.0000	0.0000	0.0000	0.0000	0.0000	0.0000	0.0000	0.1167	0.1022	0.0145	0.0209	0.0195	0.0015	0.0958	0.0827	0.0131	0.1391	0.0818	0.0574	0.0223	0.0193	0.0029	0.1169	0.0624	0.0544	0.0000	0.0000	0.0000	0.0000	0.0000	0.0000	0.0000	0.0000	0.0000	0.0003	0.0006	0.0000	0.0021	0.0024	0.0000	0.0000	0.0000	0.0000		
1	65	0.1957	11	0	1	1	1	0	0	0	0	N	N	N	N	N	N	N	N	N	N	N	N	23.1765	17.5166	0.0000	26.3791	24.8241	0.0052	4.9033	0.0000	0.0332	0.0378	0.0000	0.1803	0.1912	0.0000	0.0000	0.0000	0.0000	0.0014	0.0022	0.0005	0.0068	0.0077	0.0000	0.0002	0.0000	0.0005	0.0000	0.1587	-0.0007	-0.0000	8.0412	0.9804	9.2388	0.2754	0.0020	0.0020	0.0000	0.0020	0.0020	0.0000	0.0000	0.0000	0.0000	0.0000	0.0000	0.0000	0.0000	0.0000	0.0000	0.0000	0.0000	0.0000	0.0604	0.0531	0.0073	0.0111	0.0105	0.0006	0.0493	0.0426	0.0066	0.0296	0.0170	0.0126	0.0054	0.0048	0.0006	0.0243	0.0122	0.0120	23.1765	17.5166	0.0000	26.3791	24.8241	0.0000	0.0052	4.9033	0.0000	0.0014	0.0022	0.0005	0.0068	0.0077	0.0000	0.0002	0.0000	0.0005	
1	66	0.1935	12	0	0	2	2	0	0	0	0	N	N	Y	Y	N	N	N	N	N	N	N	N	0.0000	0.0000	0.0000	0.0000	0.0000	0.0000	0.0000	0.0000	0.0000	0.0000	0.0000	0.0000	0.0000	0.0000	0.0000	0.0000	0.0000	9.7264	18.0654	0.0000	0.0587	0.0672	0.0000	9.8158	18.3534	0.0000	0.0000	0.0000	-0.5896	8.0412	0.9437	9.2388	4.8091	0.0000	0.0000	0.0000	0.0000	0.0000	0.0000	0.0000	0.0000	0.0000	1.0007	1.0007	0.0000	0.0012	0.0012	0.0000	0.9996	0.9996	0.0000	0.0767	0.0670	0.0097	0.0222	0.0210	0.0013	0.0545	0.0460	0.0085	0.1216	0.0717	0.0499	0.0197	0.0172	0.0025	0.1018	0.0545	0.0474	0.0000	0.0000	0.0000	0.0000	0.0000	0.0000	0.0000	0.0000	0.0000	8.2324	13.9557	0.0000	0.0587	0.0672	0.0000	9.8158	18.3534	0.0000		
1	67	0.1864	11	0	0	2	2	0	0	0	0	N	N	Y	Y	N	N	N	N	N	N	N	N	0.0000	0.0000	0.0000	0.0000	0.0000	0.0000	0.0000	0.0000	0.0000	0.0000	0.0000	0.0000	0.0000	0.0000	0.0000	0.0000	0.0000	6.2764	13.1503	0.0000	0.0008	0.0009	0.0000	6.2979	11.8193	0.0000	0.0000	0.0000	-0.5882	8.0412	4.0088	9.2388	5.0246	0.0000	0.0000	0.0000	0.0000	0.0000	0.0000	0.0000	0.0000	0.0000	0.9984	0.9984	0.0000	0.0000	0.0000	0.0000	0.9984	0.9984	0.0000	0.2288	0.2002	0.0286	0.0374	0.0348	0.0026	0.1914	0.1654	0.0260	0.1833	0.1055	0.0778	0.0248	0.0211	0.0037	0.1585	0.0845	0.0741	0.0000	0.0000	0.0000	0.0000	0.0000	0.0000	0.0000	0.0000	0.0000	5.4468	9.4597	0.0000	0.0008	0.0009	0.0000	6.2979	11.8193	0.0000		
1	68	0.1985	13	0	0	2	2	0	0	0	0	N	N	Y	Y	N	N	N	N	N	N	N	N	0.0000	0.0000	0.0000	0.0000	0.0000	0.0000	0.0000	0.0000	0.0000	0.0000	0.0000	0.0000	0.0000	0.0000	0.0000	0.0000	0.0000	0.0004	0.0007	0.0000	0.0026	0.0030	0.0000	0.0000	0.0000	0.0000	0.0002	0.0000	-0.0000	8.0412	1.0064	9.2388	4.2000	0.0000	0.0000	0.0000	0.0000	0.0000	0.0000	0.0000	0.0000	0.0000	0.0000	0.0000	0.0000	0.0000	0.0000	0.0000	0.0000	0.0000	0.0000	0.0592	0.0518	0.0074	0.0107	0.0100	0.0007	0.0485	0.0418	0.0066	0.1084	0.0640	0.0444	0.0178	0.0155	0.0023	0.0907	0.0485	0.0422	0.0000	0.0000	0.0000	0.0000	0.0000	0.0000	0.0000	0.0000	0.0000	0.0004	0.0007	0.0000	0.0026	0.0030	0.0000	0.0000	0.0000	0.0000		
1	69	0.1935	12	0	0	1	2	0	0	0	0	N	N	N	Y	N	N	N	N	N	N	N	N	0.0000	0.0000	0.0000	0.0000	0.0000	0.0000	0.0000	0.0000	0.0000	0.0000	0.0000	0.0000	0.0000	0.0000	0.0000	0.0000	0.0000	0.0123	0.0212	0.0007	0.0546	0.0602	0.0000	0.0018	0.0048	0.0007	0.0209	0.0000	-0.0003	8.0412	1.2889	9.2388	0.3511	0.0000	0.0000	0.0000	0.0000	0.0000	0.0000	0.0000	0.0000	0.0000	0.0005	0.0005	0.0000	0.0004	0.0004	0.0000	0.0001	0.0000	0.0000	0.0966	0.0843	0.0122	0.0256	0.0241	0.0015	0.0710	0.0603	0.0107	0.0397	0.0243	0.0154	0.0079	0.0072	0.0007	0.0318	0.0171	0.0146	0.0000	0.0000	0.0000	0.0000	0.0000	0.0000	0.0000	0.0000	0.0000	0.0123	0.0197	0.0007	0.0546	0.0602	0.0000	0.0018	0.0027	0.0007		
1	70	0.1864	11	0	0	1	2	0	0	0	0	N	N	N	Y	N	N	N	N	N	N	N	N	0.0000	0.0000	0.0000	0.0000	0.0000	0.0000	0.0000	0.0000	0.0000	0.0000	0.0000	0.0000	0.0000	0.0000	0.0000	0.0000	0.0000	0.0000	0.2268	0.8246	0.0006	0.3981	0.4094	0.0000	0.0596	1.4125	0.0006	0.0031	0.0000	-0.0019	8.0412	0.7777	9.2388	1.1718	0.0000	0.0000	0.0000	0.0000	0.0000	0.0000	0.0000	0.0000	0.0000	0.0032	0.0032	0.0000	0.0016	0.0016	0.0000	0.0016	0.0016	0.0000	0.0455	0.0398	0.0057	0.0075	0.0070	0.0005	0.0380	0.0328	0.0052	0.0437	0.0257	0.0181	0.0069	0.0061	0.0008	0.0368	0.0196	0.0172	0.0000	0.0000	0.0000	0.0000	0.0000	0.0000	0.0000	0.0000	0.0000	0.0730	0.1240	0.0006	0.2330	0.2651	0.0000	0.0428	0.0800	0.0006	
1	71	0.1828	10	0	0	1	2	0	0	0	0	N	N	N	Y	N	N	N	N	N	N	N	N	0.0000	0.0000	0.0000	0.0000	0.0000	0.0000	0.0000	0.0000	0.0000	0.0000	0.0000	0.0000	0.0000	0.0000	0.0000	0.2380	0.8751	0.0000	0.0000	0.0000	0.0000	0.4159	1.7965	0.0000	0.0000	0.0000	-0.0010	8.0412	0.9929	9.2388	0.0325	0.0000	0.0000	0.0000	0.0000	0.0000	0.0000	0.0000	0.0000	0.0000	0.0016	0.0016	0.0000	0.0000	0.0000	0.0000	0.0016	0.0016	0.0000	0.0576	0.0503	0.0072	0.0093	0.0087	0.0006	0.0482	0.0416	0.0066	0.0214	0.0123	0.0092	0.0028	0.0024	0.0004	0.0186	0.0099	0.0087	0.0000	0.0000	0.0000	0.0000	0.0000	0.0000	0.0000	0.0000	0.0000	0.0756	0.1320	0.0000	0.0000	0.0000	0.0000	0.0869	0.1634	0.0000				
1	72	0.2279	9	1	1	1	1	0	0	0	0	N	N	N	N	N	N	N	N	N	N	N	N	inf	inf	inf	inf	0.0006	0.0000	0.0068	0.0000	0.0000	0.0000	0.0010	0.0000	0.0071	0.0000	0.0000	0.0000	0.0000	0.0000	0.0000	0.0000	0.0000	0.0000	inf	0.0000	0.0000	8.0412	0.0000	9.2388	0.0001	0.0000	0.0000	0.0000	0.0000	0.0000	0.0000	0.0000	0.0000	0.0000	0.0000	0.0000	0.0000	0.0000	0.0000	0.0000	0.0000	0.0000	0.0000	0.0000	0.0000	0.0000	0.0000	0.0000	0.0000	0.0000	0.0000	0.0000	0.0000	0.0000	0.0000	0.0000	0.0000	0.0000	0.0000	0.0000	0.0000	inf	0.0000	inf	0.0000	0.0000	0.0000	inf	0.0000	inf	0.0000	0.0000	0.0000	0.0000	0.0000	0.0000	0.0000	0.0000	0.0000						
1	73	0.1646	8	1	1	1	1	0	0	0	0	N	N	N	N	N	N	N	N	N	N	N	N	0.0001	0.0000	0.0002	0.0000	0.0000	0.0003	0.0001	0.0000	0.0002	0.0004	0.0000	0.0030	0.0000	0.0000	0.0000	0.0004	0.0000	0.0033	3.6412	0.0010	16.0289	0.0041	0.0048	0.0012	3.7408	0.0000	16.0079	inf	5065.6475	0.0001	0.4093	8.0412	9.9619	9.2388	7.0378	0.0002	0.0000	0.0002	0.0000	0.0000	0.0000	0.0002	0.0000	0.0002	0.9966	0.0002	0.9964	0.0002	0.0002	0.0000	0.9964	0.0000	0.9964	0.5603	0.4907	0.0696	0.0835	0.0779	0.0056	0.4768	0.4129	0.0639	0.3343	0.1924	0.1419	0.0498	0.0411	0.0088	0.2845	0.1513	0.1331	0.0001	0.0000	0.0004	0.0000	0.0000	0.0003	0.0001	0.0000	0.0004	2.9813	0.0010	7.0230	0.0041	0.0048	0.0012	3.5030	0.0000	7.4853
1	74	0.1764	8	0	1	1	1	0	0	0	0	N	N	N	N	N	N	N	N	N	N	N	N	0.0000	0.0000	0.0000	0.0000	0.0000	0.0000	0.0000	0.0000	0.0000	0.0000	0.0000	0.0000	0.0000	0.0000	0.0000	0.0000	0.0000	0.0000	0.0036	0.0036	0.0036	0.0116	0.0133	0.0021	0.0018	0.0000	0.0037	0.7523	0.0000	-0.0001	8.0412	7.0442	9.2388	2.0273	0.0000	0.0000	0.0000	0.0000	0.0000	0.0000	0.0000	0.0000	0.0000	0.0007	0.0004	0.0003	0.0004	0.0004	0.0000	0.0003	0.0000	0.0003	0.4809	0.4234	0.0575	0.1081	0.1016	0.0065	0.3728	0.3218	0.0510	0.1839	0.1054	0.0785	0.0334	0.0283	0.0050	0.1505	0.0771	0.0734	0.0000	0.0000	0.0000	0.0000	0.0000	0.0000	0.0000	0.0000	0.0000	0.0036	0.0036	0.0036	0.0116	0.0133	0.0021	0.0018	0.0000	0.0037	
1	75	0.1525	7	0	1	1	1	0	0	0	0	N	N	N	N	N	N	N	N	N	N	N	N	0.0000	0.0000	0.0000	0.0001	0.0000	0.0000	0.0000	0.0000	0.0000	0.0000	0.0000	0.0000	0.0000	0.0000	0.0000	0.0000	0.0000	0.0000	0.0643	0.0128	0.0839	0.0375	0.0431	0.0099	0.0603	0.0098	0.0888	0.0000	4.8017	-0.0000	0.0016	8.0412	4.3369	9.2388	3.0972	0.0000	0.0000	0.0000	0.0000	0.0000	0.0000	0.0000	0.0000	0.0000	0.0067	0.0012	0.0055	0.0009	0.0009	0.0000	0.0058	0.0003	0.0055	0.3051	0.2692	0.0359	0.0602	0.0579	0.0024	0.2449	0.2114	0.0335	0.1564	0.0903	0.0660	0.0242	0.0201	0.0041	0.1322	0.0702	0.0620	0.0000	0.0000	0.0000	0.0001	0.0000	0.0000	0.0000	0.0000	0.0000	0.0428	0.0128	0.0839	0.0375	0.0431	0.0099	0.0438	0.0041	0.0888
1	76	0.2398	12	1	1	1	1	0	0	0	0	N	N	N	N	N	N	N	N	N	N	N	N	0.0000	0.0000	0.0000	0.0000	0.0000	0.0000	0.0000	0.0000	0.0000	0.0000	0.0000	0.0000	0.0000	0.0000	0.0000	0.0000	0.0000	0.0007	0.0012	0.0000	0.0053	0.0062	0.0000	0.0000	0.0000	0.0000	0.0002	0.0000	-0.0000	8.0412	1.9992	9.2388	0.0055	0.0000	0.0000	0.0000	0.0000	0.0000	0.0000	0.0000	0.0000	0.0000	0.0000	0.0000	0.0000	0.0000	0.0000	0.0000	0.0000	0.0000	0.0000	0.1563	0.1375	0.0188	0.0270	0.0253	0.0017	0.1293	0.1122	0.0171	0.0533	0.0313	0.0220	0.0069	0.0059	0.0010	0.0464	0.0254	0.0210	0.0000	0.0000	0.0000	0.0000	0.0000	0.0000	0.0000	0.0000	0.0000	0.0007	0.0012	0.0000	0.0053	0.0062	0.0000	0.0000	0.0000	0.0000		
1	77	0.1957	11	1	1	1	1	0	0	0	0	N	N	N	N	N	N	N	N	N	N	N	N	0.2903	0.0000	7.3269	0.4989	0.0000	inf	0.0009	0.0000	0.0111	0.0001	0.0000	0.0012	0.0009	0.0000	0.0142	0.0000	0.0000	0.0000	0.0005	0.0008	0.0002	0.0018	0.0021	0.0000	0.0003	0.0004	0.0002	inf	0.1594	0.0000	-0.0000	8.0412	5.0219	9.2388	2.0148	0.0000	0.0000	0.0000	0.0000	0.0000	0.0000	0.0000	0.0000	0.0000	0.0001	0.0001	0.0000	0.0000	0.0000	0.0000	0.0000	0.0000	0.0000	0.2881	0.2527	0.0354	0.0483	0.0453	0.0030	0.2398	0.2074	0.0325	0.1454	0.0833	0.0621	0.0209	0.0179	0.0031	0.1244	0.0655	0.0590	0.2903	0.0000	7.3269	0.4989	0.0000	inf	0.0009	0.0000	0.0111	0.0005	0.0008	0.0002	0.0018	0.0021	0.0000	0.0003	0.0004	0.0002
1	78	0.1828	10	0	1	1	1	0	0	0	0	N	N	N	N	N	N	N	N	N	N	N	N	1.2934	1.1055	0.0000	7.4087	6.6895	0.0000	0.0000	0.0000	0.0007	0.0008	0.0000	0.0044	0.0047	0.0000	0.0000	0.0000	0.0000	0.0006	0.0007	0.0003	0.0006	0.0007	0.0000	0.0005	0.0007	0.0003	0.0000	0.3067	-0.0000	-0.0000	8.0412	1.0203	9.2388	2.7327	0.0000	0.0000	0.0000	0.0000	0.0000	0.0000	0.0000	0.0000	0.0000	0.0000	0.0000	0.0000	0.0000	0.0000	0.0000	0.0000	0.0000	0.0000	0.0591	0.0517	0.0074	0.0096	0.0089	0.0007	0.0495	0.0428	0.0068	0.0771	0.0441	0.0330	0.0100	0.0084	0.0016	0.0671	0.0357	0.0314	1.2934	1.1055	0.0000	7.4087	6.6895	0.0000	0.0000	0.0000	0.0000	0.0006	0.0007	0.0003	0.0006	0.0007	0.0000	0.0005	0.0007	0.0003	
1	79	0.1828	9	0	0	1	1	0	0	0	0	N	N	N	N	N	N	N	N	N	N	N	N	0.0000	0.0000	0.0000	0.0000	0.0000	0.0000	0.0000	0.0000	0.0000	0.0000	0.0000	0.0000	0.0000	0.0000	0.0000	0.0000	0.0000	0.0000	0.0000	0.0000	8.0412	0.0000	9.2388	0.0018	0.0000	0.0000	0.0000	0.0000	0.0000	0.0000	0.0000	0.0000	0.0000	0.0000	0.0000	0.0000	0.0000	0.0000	0.0000	0.0000	0.0000	0.0000	0.0000	0.0000	0.0000	0.0000	0.0000	0.0000	0.0000	0.0000	0.0000	0.0001	0.0001	0.0000	0.0000	0.0000	0.0000	0.0001	0.0000	0.0000	0.0000	0.0000	0.0000	0.0000	0.0000	0.0000	0.0000	0.0000	0.0000	0.0000	0.0000	0.0000	0.0000	0.0000	0.0000	0.0000	0.0000	0.0000											
1	80	0.1646	8	0	0	1	1	0	0	0	0	N	N	N	N	N	N	N	N	N	N	N	N	0.0000	0.0000	0.0000	0.0000	0.0000	0.0000	0.0000	0.0000	0.0000	0.0000	0.0000	0.0000	0.0000	0.0000	0.0000	0.0000	0.0000	0.0000	0.0486	0.1620	0.0117	0.3451	0.3931	0.0036	0.0057	0.0000	0.0122	0.0000	0.1495	-0.0000	-0.0019	8.0412	3.0825	9.2388	2.0124	0.0000	0.0000	0.0000	0.0000	0.0000	0.0000	0.0000	0.0000	0.0000	0.0041	0.0036	0.0005	0.0036	0.0036	0.0000	0.0005	0.0000	0.0005	0.1856	0.1626	0.0230	0.0295	0.0277	0.0018	0.1561	0.1349	0.0211	0.1079	0.0624	0.0455	0.0168	0.0139	0.0028	0.0912	0.0485	0.0427	0.0000	0.0000	0.0000	0.0000	0.0000	0.0000	0.0000	0.0000	0.0000	0.0380	0.0571	0.0117	0.2132	0.2559	0.0036	0.0057	0.0000	0.0122
1	81	0.1525	7	0	0	1	1	0	0	0	0	N	N	N	N	N	N	N	N	N	N	N	N	0.0000	0.0000	0.0000	0.0000	0.0000	0.0000	0.0000	0.0000	0.0000	0.0000	0.0000	0.0000	0.0000	0.0000	0.0000	0.0000	0.0000	0.0000	0.8213	0.0352	0.4777	0.0871	0.1000	0.0191	0.8842	0.0151	0.4057	1.2091	6.7832	0.0000	0.0029	8.0412	3.6751	9.2388	0.0788	0.0000	0.0000	0.0000	0.0000	0.0000	0.0000	0.0000	0.0000	0.0000	0.0101	0.0013	0.0088	0.0012	0.0011	0.0000	0.0090	0.0002	0.0088	0.2684	0.2372	0.0312	0.0557	0.0536	0.0020	0.2127	0.1835	0.0292	0.0820	0.0477	0.0343	0.0132	0.0111	0.0021	0.0688	0.0365	0.0322	0.0000	0.0000	0.0000	0.0000	0.0000	0.0000	0.0000	0.0000	0.0000	0.1235	0.0273	0.2570	0.0871	0.1000	0.0191	0.1305	0.0051	0.2726
1	82	0.1034	6	0	0	1	1	0	0	0	0	N	N	N	N	N	N	N	N	N	N	N	N	0.0003	1.1051	0.0000	18.6298	185.9036	0.0000	0.0000	0.0000	0.0000	0.0013	0.0015	0.0000	0.0125	0.0132	0.0000	0.0000	0.0000	0.0000	4.0040	0.0014	17.7810	0.0007	0.0001	0.0038	4.1662	0.0031	18.0133	0.0000	3840.7526	-0.0002	0.4086	8.0412	8.5011	9.2388	5.2406	0.0007	0.0007	0.0000	0.0007	0.0007	0.0000	0.0000	0.0000	0.0000	0.9951	0.0003	0.9949	0.0000	0.0000	0.0000	0.9951	0.0003	0.9948	0.5020	0.4383	0.0637	0.0535	0.0507	0.0027	0.4486	0.3876	0.0610	0.3130	0.1873	0.1257	0.0580	0.0488	0.0092	0.2549	0.1385	0.1164	0.0004	1.1051	0.0000	18.6298	185.9036	0.0000	0.0000	0.0000	0.0000	3.1797	0.0014	7.9174	0.0007	0.0001	0.0038	3.9036	0.0018	8.5461
2	3	0.1695	9	1	0	1	1	0	0	0	0	N	N	N	N	N	N	N	N	N	N	N	N	0.0000	0.0000	0.0000	0.0000	0.0000	0.0000	0.0000	0.0000	0.0000	0.0000	0.0000	0.0000	0.0000	0.0000	0.0000	0.0000	0.0000	0.0000	0.0000	0.0000	0.0000	9.0000	0.0000	12.0000	0.0000	0.0000	0.0000	0.0000	0.0000	0.0000	0.0000	0.0000	0.0000	0.0000	0.0000	0.0000	0.0000	0.0000	0.0000	0.0000	0.0000	0.0000	0.0000	0.0000	0.0000	0.0000	0.0000	0.0000	0.0000	0.0000	0.0000	0.0000	0.0000	0.0000	0.0000	0.0000	0.0000	0.0000	0.0000	0.0000	0.0000	0.0000	0.0000	0.0000	0.0000	0.0000	0.0000	0.0000	0.0000	0.0000	0.0000	0.0000	0.0000	0.0000	0.0000	0.0000	0.0000	0.0000											
2	4	0.1197	5	0	1	0	1	0	0	0	0	N	N	N	N	N	N	N	N	N	N	N	N	0.0000	0.0000	0.0000	0.0000	0.0000	0.0000	0.0000	0.0000	0.0000	0.0000	0.0000	0.0000	0.0000	0.0000	0.0000	0.0000	0.0000	0.0000	0.0000	0.0000	0.0000	5.9975	0.0000	7.1792	0.0000	0.0000	0.0000	0.0000	0.0000	0.0000	0.0000	0.0000	0.0000	0.0000	0.0000	0.0000	0.0000	0.0000	0.0000	0.0000	0.0000	0.0000	0.0000	0.0000	0.0000	0.0000	0.0000	0.0000	0.0000	0.0000	0.0000	0.0000	0.0000	0.0000	0.0000	0.0000	0.0000	0.0000	0.0000	0.0000	0.0000	0.0000	0.0000	0.0000	0.0000	0.0000	0.0000	0.0000	0.0000	0.0000	0.0000	0.0000	0.0000	0.0000	0.0000	0.0000	0.0000	0.0000											
2	5	0.1674	10	0	0	1	1	0	0	0	0	N	N	N	N	N	N	N	N	N	N	N	N	0.0000	0.0000	0.0000	0.0000	0.0000	0.0000	0.0000	0.0000	0.0000	0.0000	0.0000	0.0000	0.0000	0.0000	0.0000	0.0000	0.0000	0.0000	0.0000	0.0000	0.0000	6.0001	0.0000	2.9972	0.0000	0.0000	0.0000	0.0000	0.0000	0.0000	0.0000	0.0000	0.0000	0.0000	0.0000	0.0000	0.0000	0.0000	0.0000	0.0000	0.0000	0.0000	0.0000	0.0000	0.0000	0.0000	0.0000	0.0000	0.0000	0.0000	0.0000	0.0000	0.0000	0.0000	0.0000	0.0000	0.0000	0.0000	0.0000	0.0000	0.0000	0.0000	0.0000	0.0000	0.0000	0.0000	0.0000	0.0000	0.0000	0.0000	0.0000	0.0000	0.0000	0.0000	0.0000	0.0000	0.0000	0.0000											
2	6	0.0983	4	0	0	1	1	0	0	0	0	N	N	N	N	N	N	N	N	N	N	N	N	0.0000	0.0000	0.0000	0.0000	0.0000	0.0000	0.0000	0.0000	0.0000	0.0000	0.0000	0.0000	0.0000	0.0000	0.0000	0.0000	0.0000	0.0000	0.0000	0.0000	0.0000	13.4817	0.0000	9.4010	0.0000	0.0000	0.0000	0.0000	0.0000	0.0000	0.0000	0.0000	0.0000	0.0000	0.0000	0.0000	0.0000	0.0000	0.0000	0.0000	0.0000	0.0000	0.0000	0.0000	0.0000	0.0000	0.0000	0.0000	0.0000	0.0000	0.0000	0.0000	0.0000	0.0000	0.0000	0.0000	0.0000	0.0000	0.0000	0.0000	0.0000	0.0000	0.0000	0.0000	0.0000	0.0000	0.0000	0.0000	0.0000	0.0000	0.0000	0.0000	0.0000	0.0000	0.0000	0.0000	0.0000	0.0000											
2	7	0.1850	12	1	1	0	1	0	0	0	0	N	N	N	N	N	N	N	N	N	N	N	N	0.0000	0.0000	0.0000	0.0000	0.0000	0.0000	0.0000	0.0000	0.0000	0.0000	0.0000	0.0000	0.0000	0.0000	0.0000	0.0000	0.0000	0.0000	0.0000	0.0000	0.0000	2.2373	0.0000	1.9967	0.0000	0.0000	0.0000	0.0000	0.0000	0.0000	0.0000	0.0000	0.0000	0.0000	0.0000	0.0000	0.0000	0.0000	0.0000	0.0000	0.0000	0.0000	0.0000	0.0000	0.0000	0.0000	0.0000	0.0000	0.0000	0.0000	0.0000	0.0000	0.0000	0.0000	0.0000	0.0000	0.0000	0.0000	0.0000	0.0000	0.0000	0.0000	0.0000	0.0000	0.0000	0.0000	0.0000	0.0000	0.0000	0.0000	0.0000	0.0000	0.0000	0.0000	0.0000	0.0000	0.0000	0.0000											
2	8	0.1695	9	0	1	0	1	0	0	0	0	N	N	N	N	N	N	N	N	N	N	N	N	0.0000	0.0000	0.0000	0.0000	0.0000	0.0000	0.0000	0.0000	0.0000	0.0000	0.0000	0.0000	0.0000	0.0000	0.0000	0.0000	0.0000	0.0000	0.0000	0.0000	0.0000	4.0000	0.0000	7.0000	0.0000	0.0000	0.0000	0.0000	0.0000	0.0000	0.0000	0.0000	0.0000	0.0000	0.0000	0.0000	0.0000	0.0000	0.0000	0.0000	0.0000	0.0000	0.0000	0.0000	0.0000	0.0000	0.0000	0.0000	0.0000	0.0000	0.0000	0.0000	0.0000	0.0000	0.0000	0.0000	0.0000	0.0000	0.0000	0.0000	0.0000	0.0000	0.0000	0.0000	0.0000	0.0000	0.0000	0.0000	0.0000	0.0000	0.0000	0.0000	0.0000	0.0000	0.0000	0.0000	0.0000	0.0000											
2	9	0.1933	10	0	1	0	1	0	0	0	0	N	N	N	N	N	N	N	N	N	N	N	N	0.0000	0.0000	0.0000	0.0000	0.0000	0.0000	0.0000	0.0000	0.0000	0.0000	0.0000	0.0000	0.0000	0.0000	0.0000	0.0000	0.0000	0.0000	0.0000	0.0000	0.0000	2.9770	0.0000	5.0602	0.0000	0.0000	0.0000	0.0000	0.0000	0.0000	0.0000	0.0000	0.0000	0.0000	0.0000	0.0000	0.0000	0.0000	0.0000	0.0000	0.0000	0.0000	0.0000	0.0000	0.0000	0.0000	0.0000	0.0000	0.0000	0.0000	0.0000	0.0000	0.0000	0.0000	0.0000	0.0000	0.0000	0.0000	0.0000	0.0000	0.0000	0.0000	0.0000	0.0000	0.0000	0.0000	0.0000	0.0000	0.0000	0.0000	0.0000	0.0000	0.0000	0.0000	0.0000	0.0000	0.0000	0.0000											
2	10	0.1772	9	0	1	0	1	0	0	0	0	N	N	N	N	N	N	N	N	N	N	N	N	0.0000	0.0000	0.0000	0.0000	0.0000	0.0000	0.0000	0.0000	0.0000	0.0000	0.0000	0.0000	0.0000	0.0000	0.0000	0.0000	0.0000	0.0000	0.0000	0.0000	0.0000	5.2144	0.0000	4.0122	0.0000	0.0000	0.0000	0.0000	0.0000	0.0000	0.0000	0.0000	0.0000	0.0000	0.0000	0.0000	0.0000	0.0000	0.0000	0.0000	0.0000	0.0000	0.0000	0.0000	0.0000	0.0000	0.0000	0.0000	0.0000	0.0000	0.0000	0.0000	0.0000	0.0000	0.0000	0.0000	0.0000	0.0000	0.0000	0.0000	0.0000	0.0000	0.0000	0.0000	0.0000	0.0000	0.0000	0.0000	0.0000	0.0000	0.0000	0.0000	0.0000	0.0000	0.0000	0.0000	0.0000	0.0000											
2	11	0.1674	10	0	1	0	1	0	0	0	0	N	N	N	N	N	N	N	N	N	N	N	N	0.0000	0.0000	0.0000	0.0000	0.0000	0.0000	0.0000	0.0000	0.0000	0.0000	0.0000	0.0000	0.0000	0.0000	0.0000	0.0000	0.0000	0.0000	0.0000	0.0000	0.0000	1.0002	0.0000	2.9310	0.0000	0.0000	0.0000	0.0000	0.0000	0.0000	0.0000	0.0000	0.0000	0.0000	0.0000	0.0000	0.0000	0.0000	0.0000	0.0000	0.0000	0.0000	0.0000	0.0000	0.0000	0.0000	0.0000	0.0000	0.0000	0.0000	0.0000	0.0000	0.0000	0.0000	0.0000	0.0000	0.0000	0.0000	0.0000	0.0000	0.0000	0.0000	0.0000	0.0000	0.0000	0.0000	0.0000	0.0000	0.0000	0.0000	0.0000	0.0000	0.0000	0.0000	0.0000	0.0000	0.0000	0.0000											
2	12	0.1674	9	0	0	0	1	0	0	0	0	N	N	N	N	N	N	N	N	N	N	N	N	0.0000	0.0000	0.0000	0.0000	0.0000	0.0000	0.0000	0.0000	0.0000	0.0000	0.0000	0.0000	0.0000	0.0000	0.0000	0.0000	0.0000	0.0000	0.0000	0.0000	0.0000	0.0003	0.0000	0.1375	0.0000	0.0000	0.0000	0.0000	0.0000	0.0000	0.0000	0.0000	0.0000	0.0000	0.0000	0.0000	0.0000	0.0000	0.0000	0.0000	0.0000	0.0000	0.0000	0.0000	0.0000	0.0000	0.0000	0.0000	0.0000	0.0000	0.0000	0.0000	0.0000	0.0000	0.0000	0.0000	0.0000	0.0000	0.0000	0.0000	0.0000	0.0000	0.0000	0.0000	0.0000	0.0000	0.0000	0.0000	0.0000	0.0000	0.0000	0.0000	0.0000	0.0000	0.0000	0.0000	0.0000	0.0000											
2	13	0.1425	8	0	1	0	1	0	0	0	0	N	N	N	N	N	N	N	N	N	N	N	N	0.0000	0.0000	0.0000	0.0000	0.0000	0.0000	0.0000	0.0000	0.0000	0.0000	0.0000	0.0000	0.0000	0.0000	0.0000	0.0000	0.0000	0.0000	0.0000	0.0000	0.0000	3.9729	0.0000	5.4895	0.0000	0.0000	0.0000	0.0000	0.0000	0.0000	0.0000	0.0000	0.0000	0.0000	0.0000	0.0000	0.0000	0.0000	0.0000	0.0000	0.0000	0.0000	0.0000	0.0000	0.0000	0.0000	0.0000	0.0000	0.0000	0.0000	0.0000	0.0000	0.0000	0.0000	0.0000	0.0000	0.0000	0.0000	0.0000	0.0000	0.0000	0.0000	0.0000	0.0000	0.0000	0.0000	0.0000	0.0000	0.0000	0.0000	0.0000	0.0000	0.0000	0.0000	0.0000	0.0000	0.0000	0.0000											
2	14	0.1621	9	1	1	0	1	0	0	0	0	N	N	N	N	N	N	N	N	N	N	N	N	0.0000	0.0000	0.0000	0.0000	0.0000	0.0000	0.0000	0.0000	0.0000	0.0000	0.0000	0.0000	0.0000	0.0000	0.0000	0.0000	0.0000	0.0000	0.0000	0.0000	0.0000	10.0000	0.0000	6.0013	0.0000	0.0000	0.0000	0.0000	0.0000	0.0000	0.0000	0.0000	0.0000	0.0000	0.0000	0.0000	0.0000	0.0000	0.0000	0.0000	0.0000	0.0000	0.0000	0.0000	0.0000	0.0000	0.0000	0.0000	0.0000	0.0000	0.0000	0.0000	0.0000	0.0000	0.0000	0.0000	0.0000	0.0000	0.0000	0.0000	0.0000	0.0000	0.0000	0.0000	0.0000	0.0000	0.0000	0.0000	0.0000	0.0000	0.0000	0.0000	0.0000	0.0000	0.0000	0.0000	0.0000	0.0000											
2	15	0.1674	9	0	1	0	1	0	0	0	0	N	N	N	N	N	N	N	N	N	N	N	N	0.0000	0.0000	0.0000	0.0000	0.0000	0.0000	0.0000	0.0000	0.0000	0.0000	0.0000	0.0000	0.0000	0.0000	0.0000	0.0000	0.0000	0.0000	0.0000	0.0000	0.0000	2.9999	0.0000	3.0728	0.0000	0.0000	0.0000	0.0000	0.0000	0.0000	0.0000	0.0000	0.0000	0.0000	0.0000	0.0000	0.0000	0.0000	0.0000	0.0000	0.0000	0.0000	0.0000	0.0000	0.0000	0.0000	0.0000	0.0000	0.0000	0.0000	0.0000	0.0000	0.0000	0.0000	0.0000	0.0000	0.0000	0.0000	0.0000	0.0000	0.0000	0.0000	0.0000	0.0000	0.0000	0.0000	0.0000	0.0000	0.0000	0.0000	0.0000	0.0000	0.0000	0.0000	0.0000	0.0000	0.0000	0.0000											
2	16	0.1425	8	0	0	0	1	0	0	0	0	N	N	N	N	N	N	N	N	N	N	N	N	0.0000	0.0000	0.0000	0.0000	0.0000	0.0000	0.0000	0.0000	0.0000	0.0000	0.0000	0.0000	0.0000	0.0000	0.0000	0.0000	0.0000	0.0000	0.0000	0.0000	0.0000	6.0396	0.0000	1.6050	0.0000	0.0000	0.0000	0.0000	0.0000	0.0000	0.0000	0.0000	0.0000	0.0000	0.0000	0.0000	0.0000	0.0000	0.0000	0.0000	0.0000	0.0000	0.0000	0.0000	0.0000	0.0000	0.0000	0.0000	0.0000	0.0000	0.0000	0.0000	0.0000	0.0000	0.0000	0.0000	0.0000	0.0000	0.0000	0.0000	0.0000	0.0000	0.0000	0.0000	0.0000	0.0000	0.0000	0.0000	0.0000	0.0000	0.0000	0.0000	0.0000	0.0000	0.0000	0.0000	0.0000	0.0000											
2	17	0.0922	4	1	1	0	1	0	0	0	0	N	N	N	N	N	N	N	N	N	N	N	N	0.0000	0.0000	0.0000	0.0000	0.0000	0.0000	0.0000	0.0000	0.0000	0.0000	0.0000	0.0000	0.0000	0.0000	0.0000	0.0000	0.0000	0.0000	0.0000	0.0000	0.0000	0.9996	0.0000	1.7768	0.0000	0.0000	0.0000	0.0000	0.0000	0.0000	0.0000	0.0000	0.0000	0.0000	0.0000	0.0000	0.0000	0.0000	0.0000	0.0000	0.0000	0.0000	0.0000	0.0000	0.0000	0.0000	0.0000	0.0000	0.0000	0.0000	0.0000	0.0000	0.0000	0.0000	0.0000	0.0000	0.0000	0.0000	0.0000	0.0000	0.0000	0.0000	0.0000	0.0000	0.0000	0.0000	0.0000	0.0000	0.0000	0.0000	0.0000	0.0000	0.0000	0.0000	0.0000	0.0000	0.0000	0.0000											
2	18	0.1850	12	0	1	0	1	0	0	0	0	N	N	N	N	N	N	N	N	N	N	N	N	0.0000	0.0000	0.0000	0.0000	0.0000	0.0000	0.0000	0.0000	0.0000	0.0000	0.0000	0.0000	0.0000	0.0000	0.0000	0.0000	0.0000	0.0000	0.0000	0.0000	0.0000	4.7641	0.0000	2.0666	0.0000	0.0000	0.0000	0.0000	0.0000	0.0000	0.0000	0.0000	0.0000	0.0000	0.0000	0.0000	0.0000	0.0000	0.0000	0.0000	0.0000	0.0000	0.0000	0.0000	0.0000	0.0000	0.0000	0.0000	0.0000	0.0000	0.0000	0.0000	0.0000	0.0000	0.0000	0.0000	0.0000	0.0000	0.0000	0.0000	0.0000	0.0000	0.0000	0.0000	0.0000	0.0000	0.0000	0.0000	0.0000	0.0000	0.0000	0.0000	0.0000	0.0000	0.0000	0.0000	0.0000	0.0000											
2	19	0.1676	11	0	1	0	1	0	0	0	0	N	N	N	N	N	N	N	N	N	N	N	N	0.0000	0.0000	0.0000	0.0000	0.0000	0.0000	0.0000	0.0000	0.0000	0.0000	0.0000	0.0000	0.0000	0.0000	0.0000	0.0000	0.0000	0.0000	0.0000	0.0000	0.0000	1.4176	0.0000	5.1148	0.0000	0.0000	0.0000	0.0000	0.0000	0.0000	0.0000	0.0000	0.0000	0.0000	0.0000	0.0000	0.0000	0.0000	0.0000	0.0000	0.0000	0.0000	0.0000	0.0000	0.0000	0.0000	0.0000	0.0000	0.0000	0.0000	0.0000	0.0000	0.0000	0.0000	0.0000	0.0000	0.0000	0.0000	0.0000	0.0000	0.0000	0.0000	0.0000	0.0000	0.0000	0.0000	0.0000	0.0000	0.0000	0.0000	0.0000	0.0000	0.0000	0.0000	0.0000	0.0000	0.0000	0.0000											
2	22	0.1041	7	0	1	0	1	0	0	0	0	N	N	N	N	N	N	N	N	N	N	N	N	0.0000	0.0000	0.0000	0.0000	0.0000	0.0000	0.0000	0.0000	0.0000	0.0000	0.0000	0.0000	0.0000	0.0000	0.0000	0.0000	0.0000	0.0000	0.0000	0.0000	0.0000	11.9950	0.0000	7.9469	0.0000	0.0000	0.0000	0.0000	0.0000	0.0000	0.0000	0.0000	0.0000	0.0000	0.0000	0.0000	0.0000	0.0000	0.0000	0.0000	0.0000	0.0000	0.0000	0.0000	0.0000	0.0000	0.0000	0.0000	0.0000	0.0000	0.0000	0.0000	0.0000	0.0000	0.0000	0.0000	0.0000	0.0000	0.0000	0.0000	0.0000	0.0000	0.0000	0.0000	0.0000	0.0000	0.0000	0.0000	0.0000	0.0000	0.0000	0.0000	0.0000	0.0000	0.0000	0.0000	0.0000	0.0000											
2	23	0.2405	13	1	1	0	1	0	0	0	0	N	N	N	N	N	N	N	N	N	N	N	N	0.0000	0.0000	0.0000	0.0000	0.0000	0.0000	0.0000	0.0000	0.0000	0.0000	0.0000	0.0000	0.0000	0.0000	0.0000	0.0000	0.0000	0.0000	0.0000	0.0000	0.0000	0.0013	0.0000	0.9984	0.0000	0.0000	0.0000	0.0000	0.0000	0.0000	0.0000	0.0000	0.0000	0.0000	0.0000	0.0000	0.0000	0.0000	0.0000	0.0000	0.0000	0.0000	0.0000	0.0000	0.0000	0.0000	0.0000	0.0000	0.0000	0.0000	0.0000	0.0000	0.0000	0.0000	0.0000	0.0000	0.0000	0.0000	0.0000	0.0000	0.0000	0.0000	0.0000	0.0000	0.0000	0.0000	0.0000	0.0000	0.0000	0.0000	0.0000	0.0000	0.0000	0.0000	0.0000	0.0000	0.0000	0.0000											
2	24	0.0658	4	0	1	0	2	0	0	0	0	N	N	N	Y	N	N	N	N	N	N	N	N	0.0000	0.0000	0.0000	0.0000	0.0000	0.0000	0.0000	0.0000	0.0000	0.0000	0.0000	0.0000	0.0000	0.0000	0.0000	0.0000	0.0000	0.0000	0.0000	0.0000	0.0000	6.0729	0.0000	6.2374	0.0000	0.0000	0.0000	0.0000	0.0000	0.0000	0.0000	0.0000	0.0000	0.0000	0.0000	0.0000	0.0000	0.0000	0.0000	0.0000	0.0000	0.0000	0.0000	0.0000	0.0000	0.0000	0.0000	0.0000	0.0000	0.0000	0.0000	0.0000	0.0000	0.0000	0.0000	0.0000	0.0000	0.0000	0.0000	0.0000	0.0000	0.0000	0.0000	0.0000	0.0000	0.0000	0.0000	0.0000	0.0000	0.0000	0.0000	0.0000	0.0000	0.0000	0.0000	0.0000	0.0000	0.0000											
2	25	0.0786	4	1	1	0	1	0	0	0	0	N	N	N	N	N	N	N	N	N	N	N	N	0.0000	0.0000	0.0000	0.0000	0.0000	0.0000	0.0000	0.0000	0.0000	0.0000	0.0000	0.0000	0.0000	0.0000	0.0000	0.0000	0.0000	0.0000	0.0000	0.0000	0.0000	19.6128	0.0000	15.0566	0.0000	0.0000	0.0000	0.0000	0.0000	0.0000	0.0000	0.0000	0.0000	0.0000	0.0000	0.0000	0.0000	0.0000	0.0000	0.0000	0.0000	0.0000	0.0000	0.0000	0.0000	0.0000	0.0000	0.0000	0.0000	0.0000	0.0000	0.0000	0.0000	0.0000	0.0000	0.0000	0.0000	0.0000	0.0000	0.0000	0.0000	0.0000	0.0000	0.0000	0.0000	0.0000	0.0000	0.0000	0.0000	0.0000	0.0000	0.0000	0.0000	0.0000	0.0000	0.0000	0.0000	0.0000											
2	26	0.1214	3	0	0	1	1	0	0	0	0	N	N	N	N	N	N	N	N	N	N	N	N	0.0000	0.0000	0.0000	0.0000	0.0000	0.0000	0.0000	0.0000	0.0000	0.0000	0.0000	0.0000	0.0000	0.0000	0.0000	0.0000	0.0000	0.0000	0.0000	0.0000	0.0000	0.0000	0.0000	0.0000	0.0000	0.0000	0.0000	0.0000	0.0000	0.0000	0.0000	0.0000	0.0000	0.0000	0.0000	0.0000	0.0000	0.0000	0.0000	0.0000	0.0000	0.0000	0.0000	0.0000	0.0000	0.0000	0.0000	0.0000	0.0000	0.0000	0.0000	0.0000	0.0000	0.0000	0.0000	0.0000	0.0000	0.0000	0.0000	0.0000	0.0000	0.0000	0.0000	0.0000	0.0000	0.0000	0.0000	0.0000	0.0000	0.0000	0.0000	0.0000	0.0000	0.0000	0.0000	0.0000	0.0000	0.0000											
2	27	0.0922	4	1	0	1	1	0	0	0	0	N	N	N	N	N	N	N	N	N	N	N	N	0.0000	0.0000	0.0000	0.0000	0.0000	0.0000	0.0000	0.0000	0.0000	0.0000	0.0000	0.0000	0.0000	0.0000	0.0000	0.0000	0.0000	0.0000	0.0000	0.0000	0.0000	6.0046	0.0000	3.2467	0.0000	0.0000	0.0000	0.0000	0.0000	0.0000	0.0000	0.0000	0.0000	0.0000	0.0000	0.0000	0.0000	0.0000	0.0000	0.0000	0.0000	0.0000	0.0000	0.0000	0.0000	0.0000	0.0000	0.0000	0.0000	0.0000	0.0000	0.0000	0.0000	0.0000	0.0000	0.0000	0.0000	0.0000	0.0000	0.0000	0.0000	0.0000	0.0000	0.0000	0.0000	0.0000	0.0000	0.0000	0.0000	0.0000	0.0000	0.0000	0.0000	0.0000	0.0000	0.0000	0.0000	0.0000											
2	28	0.0558	3	1	0	0	1	0	0	0	0	N	N	N	N	N	N	N	N	N	N	N	N	0.0000	0.0000	0.0000	0.0000	0.0000	0.0000	0.0000	0.0000	0.0000	0.0000	0.0000	0.0000	0.0000	0.0000	0.0000	0.0000	0.0000	0.0000	0.0000	0.0000	0.0000	7.0330	0.0000	8.3476	0.0000	0.0000	0.0000	0.0000	0.0000	0.0000	0.0000	0.0000	0.0000	0.0000	0.0000	0.0000	0.0000	0.0000	0.0000	0.0000	0.0000	0.0000	0.0000	0.0000	0.0000	0.0000	0.0000	0.0000	0.0000	0.0000	0.0000	0.0000	0.0000	0.0000	0.0000	0.0000	0.0000	0.0000	0.0000	0.0000	0.0000	0.0000	0.0000	0.0000	0.0000	0.0000	0.0000	0.0000	0.0000	0.0000	0.0000	0.0000	0.0000	0.0000	0.0000	0.0000	0.0000	0.0000											
2	29	0.0658	4	0	1	0	2	0	0	0	0	N	N	N	Y	N	N	N	N	N	N	N	N	0.0000	0.0000	0.0000	0.0000	0.0000	0.0000	0.0000	0.0000	0.0000	0.0000	0.0000	0.0000	0.0000	0.0000	0.0000	0.0000	0.0000	0.0000	0.0000	0.0000	0.0000	12.7698	0.0000	10.8465	0.0000	0.0000	0.0000	0.0000	0.0000	0.0000	0.0000	0.0000	0.0000	0.0000	0.0000	0.0000	0.0000	0.0000	0.0000	0.0000	0.0000	0.0000	0.0000	0.0000	0.0000	0.0000	0.0000	0.0000	0.0000	0.0000	0.0000	0.0000	0.0000	0.0000	0.0000	0.0000	0.0000	0.0000	0.0000	0.0000	0.0000	0.0000	0.0000	0.0000	0.0000	0.0000	0.0000	0.0000	0.0000	0.0000	0.0000	0.0000	0.0000	0.0000	0.0000	0.0000	0.0000	0.0000											
2	30	0.1624	10	1	0	1	1	0	0	0	0	N	N	N	N	N	N	N	N	N	N	N	N	0.0000	0.0000	0.0000	0.0000	0.0000	0.0000	0.0000	0.0000	0.0000	0.0000	0.0000	0.0000	0.0000	0.0000	0.0000	0.0000	0.0000	0.0000	0.0000	0.0000	0.0000	11.8338	0.0000	5.9707	0.0000	0.0000	0.0000	0.0000	0.0000	0.0000	0.0000	0.0000	0.0000	0.0000	0.0000	0.0000	0.0000	0.0000	0.0000	0.0000	0.0000	0.0000	0.0000	0.0000	0.0000	0.0000	0.0000	0.0000	0.0000	0.0000	0.0000	0.0000	0.0000	0.0000	0.0000	0.0000	0.0000	0.0000	0.0000	0.0000	0.0000	0.0000	0.0000	0.0000	0.0000	0.0000	0.0000	0.0000	0.0000	0.0000	0.0000	0.0000	0.0000	0.0000	0.0000	0.0000	0.0000	0.0000											
2	31	0.0658	4	0	0	1	1	0	0	0	0	N	N	N	N	N	N	N	N	N	N	N	N	0.0000	0.0000	0.0000	0.0000	0.0000	0.0000	0.0000	0.0000	0.0000	0.0000	0.0000	0.0000	0.0000	0.0000	0.0000	0.0000	0.0000	0.0000	0.0000	0.0000	0.0000	6.9288	0.0000	3.0309	0.0000	0.0000	0.0000	0.0000	0.0000	0.0000	0.0000	0.0000	0.0000	0.0000	0.0000	0.0000	0.0000	0.0000	0.0000	0.0000	0.0000	0.0000	0.0000	0.0000	0.0000	0.0000	0.0000	0.0000	0.0000	0.0000	0.0000	0.0000	0.0000	0.0000	0.0000	0.0000	0.0000	0.0000	0.0000	0.0000	0.0000	0.0000	0.0000	0.0000	0.0000	0.0000	0.0000	0.0000	0.0000	0.0000	0.0000	0.0000	0.0000	0.0000	0.0000	0.0000	0.0000	0.0000											
2	32	0.0558	3	0	0	0	1	0	0	0	0	N	N	N	N	N	N	N	N	N	N	N	N	0.0000	0.0000	0.0000	0.0000	0.0000	0.0000	0.0000	0.0000	0.0000	0.0000	0.0000	0.0000	0.0000	0.0000	0.0000	0.0000	0.0000	0.0000	0.0000	0.0000	0.0000	1.8775	0.0000	3.1058	0.0000	0.0000	0.0000	0.0000	0.0000	0.0000	0.0000	0.0000	0.0000	0.0000	0.0000	0.0000	0.0000	0.0000	0.0000	0.0000	0.0000	0.0000	0.0000	0.0000	0.0000	0.0000	0.0000	0.0000	0.0000	0.0000	0.0000	0.0000	0.0000	0.0000	0.0000	0.0000	0.0000	0.0000	0.0000	0.0000	0.0000	0.0000	0.0000	0.0000	0.0000	0.0000	0.0000	0.0000	0.0000	0.0000	0.0000	0.0000	0.0000	0.0000	0.0000	0.0000	0.0000	0.0000											
2	33	0.0435	2	0	0	0	1	0	0	0	0	N	N	N	N	N	N	N	N	N	N	N	N	0.0000	0.0000	0.0000	0.0000	0.0000	0.0000	0.0000	0.0000	0.0000	0.0000	0.0000	0.0000	0.0000	0.0000	0.0000	0.0000	0.0000	0.0000	0.0000	0.0000	0.0000	5.3867	0.0000	0.9197	0.0000	0.0000	0.0000	0.0000	0.0000	0.0000	0.0000	0.0000	0.0000	0.0000	0.0000	0.0000	0.0000	0.0000	0.0000	0.0000	0.0000	0.0000	0.0000	0.0000	0.0000	0.0000	0.0000	0.0000	0.0000	0.0000	0.0000	0.0000	0.0000	0.0000	0.0000	0.0000	0.0000	0.0000	0.0000	0.0000	0.0000	0.0000	0.0000	0.0000	0.0000	0.0000	0.0000	0.0000	0.0000	0.0000	0.0000	0.0000	0.0000	0.0000	0.0000	0.0000	0.0000	0.0000											
2	34	0.1267	4	0	1	0	1	0	0	0	0	N	N	N	N	N	N	N	N	N	N	N	N	0.0000	0.0000	0.0000	0.0000	0.0000	0.0000	0.0000	0.0000	0.0000	0.0000	0.0000	0.0000	0.0000	0.0000	0.0000	0.0000	0.0000	0.0000	0.0000	0.0000	0.0000	0.0019	0.0000	3.0025	0.0000	0.0000	0.0000	0.0000	0.0000	0.0000	0.0000	0.0000	0.0000	0.0000	0.0000	0.0000	0.0000	0.0000	0.0000	0.0000	0.0000	0.0000	0.0000	0.0000	0.0000	0.0000	0.0000	0.0000	0.0000	0.0000	0.0000	0.0000	0.0000	0.0000	0.0000	0.0000	0.0000	0.0000	0.0000	0.0000	0.0000	0.0000	0.0000	0.0000	0.0000	0.0000	0.0000	0.0000	0.0000	0.0000	0.0000	0.0000	0.0000	0.0000	0.0000	0.0000	0.0000	0.0000											
2	35	0.2286	10	1	1	0	1	0	0	0	0	N	N	N	N	N	N	N	N	N	N	N	N	0.0000	0.0000	0.0000	0.0000	0.0000	0.0000	0.0000	0.0000	0.0000	0.0000	0.0000	0.0000	0.0000	0.0000	0.0000	0.0000	0.0000	0.0000	0.0000	0.0000	0.0000	1.0000	0.0000	1.9999	0.0000	0.0000	0.0000	0.0000	0.0000	0.0000	0.0000	0.0000	0.0000	0.0000	0.0000	0.0000	0.0000	0.0000	0.0000	0.0000	0.0000	0.0000	0.0000	0.0000	0.0000	0.0000	0.0000	0.0000	0.0000	0.0000	0.0000	0.0000	0.0000	0.0000	0.0000	0.0000	0.0000	0.0000	0.0000	0.0000	0.0000	0.0000	0.0000	0.0000	0.0000	0.0000	0.0000	0.0000	0.0000	0.0000	0.0000	0.0000	0.0000	0.0000	0.0000	0.0000	0.0000	0.0000											
2	36	0.1933	10	0	1	1	1	0	0	0	0	N	N	N	N	N	N	N	N	N	N	N	N	0.0000	0.0000	0.0000	0.0000	0.0000	0.0000	0.0000	0.0000	0.0000	0.0000	0.0000	0.0000	0.0000	0.0000	0.0000	0.0000	0.0000	0.0000	0.0000	0.0000	0.0000	3.0341	0.0000	5.2124	0.0000	0.0000	0.0000	0.0000	0.0000	0.0000	0.0000	0.0000	0.0000	0.0000	0.0000	0.0000	0.0000	0.0000	0.0000	0.0000	0.0000	0.0000	0.0000	0.0000	0.0000	0.0000	0.0000	0.0000	0.0000	0.0000	0.0000	0.0000	0.0000	0.0000	0.0000	0.0000	0.0000	0.0000	0.0000	0.0000	0.0000	0.0000	0.0000	0.0000	0.0000	0.0000	0.0000	0.0000	0.0000	0.0000	0.0000	0.0000	0.0000	0.0000	0.0000	0.0000	0.0000	0.0000											
2	37	0.1695	9	0	1	0	1	0	0	0	0	N	N	N	N	N	N	N	N	N	N	N	N	0.0000	0.0000	0.0000	0.0000	0.0000	0.0000	0.0000	0.0000	0.0000	0.0000	0.0000	0.0000	0.0000	0.0000	0.0000	0.0000	0.0000	0.0000	0.0000	0.0000	0.0000	3.0544	0.0000	4.8962	0.0000	0.0000	0.0000	0.0000	0.0000	0.0000	0.0000	0.0000	0.0000	0.0000	0.0000	0.0000	0.0000	0.0000	0.0000	0.0000	0.0000	0.0000	0.0000	0.0000	0.0000	0.0000	0.0000	0.0000	0.0000	0.0000	0.0000	0.0000	0.0000	0.0000	0.0000	0.0000	0.0000	0.0000	0.0000	0.0000	0.0000	0.0000	0.0000	0.0000	0.0000	0.0000	0.0000	0.0000	0.0000	0.0000	0.0000	0.0000	0.0000	0.0000	0.0000	0.0000	0.0000	0.0000											
2	38	0.1267	4	0	0	1	1	0	0	0	0	N	N	N	N	N	N	N	N	N	N	N	N	0.0000	0.0000	0.0000	0.0000	0.0000	0.0000	0.0000	0.0000	0.0000	0.0000	0.0000	0.0000	0.0000	0.0000	0.0000	0.0000	0.0000	0.0000	0.0000	0.0000	0.0000	0.9992	0.0000	1.0069	0.0000	0.0000	0.0000	0.0000	0.0000	0.0000	0.0000	0.0000	0.0000	0.0000	0.0000	0.0000	0.0000	0.0000	0.0000	0.0000	0.0000	0.0000	0.0000	0.0000	0.0000	0.0000	0.0000	0.0000	0.0000	0.0000	0.0000	0.0000	0.0000	0.0000	0.0000	0.0000	0.0000	0.0000	0.0000	0.0000	0.0000	0.0000	0.0000	0.0000	0.0000	0.0000	0.0000	0.0000	0.0000	0.0000	0.0000	0.0000	0.0000	0.0000	0.0000	0.0000	0.0000	0.0000											
2	39	0.1214	3	0	0	0	1	0	0	0	0	N	N	N	N	N	N	N	N	N	N	N	N	0.0000	0.0000	0.0000	0.0000	0.0000	0.0000	0.0000	0.0000	0.0000	0.0000	0.0000	0.0000	0.0000	0.0000	0.0000	0.0000	0.0000	0.0000	0.0000	0.0000	0.0000	1.0008	0.0000	0.9987	0.0000	0.0000	0.0000	0.0000	0.0000	0.0000	0.0000	0.0000	0.0000	0.0000	0.0000	0.0000	0.0000	0.0000	0.0000	0.0000	0.0000	0.0000	0.0000	0.0000	0.0000	0.0000	0.0000	0.0000	0.0000	0.0000	0.0000	0.0000	0.0000	0.0000	0.0000	0.0000	0.0000	0.0000	0.0000	0.0000	0.0000	0.0000	0.0000	0.0000	0.0000	0.0000	0.0000	0.0000	0.0000	0.0000	0.0000	0.0000	0.0000	0.0000	0.0000	0.0000	0.0000	0.0000											
2	40	0.0435	2	0	0	0	1	0	0	0	0	N	N	N	N	N	N	N	N	N	N	N	N	0.0000	0.0000	0.0000	0.0000	0.0000	0.0000	0.0000	0.0000	0.0000	0.0000	0.0000	0.0000	0.0000	0.0000	0.0000	0.0000	0.0000	0.0000	0.0000	0.0000	0.0000	9.0374	0.0000	18.5287	0.0000	0.0000	0.0000	0.0000	0.0000	0.0000	0.0000	0.0000	0.0000	0.0000	0.0000	0.0000	0.0000	0.0000	0.0000	0.0000	0.0000	0.0000	0.0000	0.0000	0.0000	0.0000	0.0000	0.0000	0.0000	0.0000	0.0000	0.0000	0.0000	0.0000	0.0000	0.0000	0.0000	0.0000	0.0000	0.0000	0.0000	0.0000	0.0000	0.0000	0.0000	0.0000	0.0000	0.0000	0.0000	0.0000	0.0000	0.0000	0.0000	0.0000	0.0000	0.0000	0.0000	0.0000											
2	42	0.1041	7	0	0	0	1	0	0	0	0	N	N	N	N	N	N	N	N	N	N	N	N	0.0000	0.0000	0.0000	0.0000	0.0000	0.0000	0.0000	0.0000	0.0000	0.0000	0.0000	0.0000	0.0000	0.0000	0.0000	0.0000	0.0000	0.0000	0.0000	0.0000	0.0000	17.0025	0.0000	6.0864	0.0000	0.0000	0.0000	0.0000	0.0000	0.0000	0.0000	0.0000	0.0000	0.0000	0.0000	0.0000	0.0000	0.0000	0.0000	0.0000	0.0000	0.0000	0.0000	0.0000	0.0000	0.0000	0.0000	0.0000	0.0000	0.0000	0.0000	0.0000	0.0000	0.0000	0.0000	0.0000	0.0000	0.0000	0.0000	0.0000	0.0000	0.0000	0.0000	0.0000	0.0000	0.0000	0.0000	0.0000	0.0000	0.0000	0.0000	0.0000	0.0000	0.0000	0.0000	0.0000	0.0000	0.0000											
2	44	0.1041	7	0	1	0	1	0	0	0	0	N	N	N	N	N	N	N	N	N	N	N	N	0.0000	0.0000	0.0000	0.0000	0.0000	0.0000	0.0000	0.0000	0.0000	0.0000	0.0000	0.0000	0.0000	0.0000	0.0000	0.0000	0.0000	0.0000	0.0000	0.0000	0.0000	6.9958	0.0000	11.8523	0.0000	0.0000	0.0000	0.0000	0.0000	0.0000	0.0000	0.0000	0.0000	0.0000	0.0000	0.0000	0.0000	0.0000	0.0000	0.0000	0.0000	0.0000	0.0000	0.0000	0.0000	0.0000	0.0000	0.0000	0.0000	0.0000	0.0000	0.0000	0.0000	0.0000	0.0000	0.0000	0.0000	0.0000	0.0000	0.0000	0.0000	0.0000	0.0000	0.0000	0.0000	0.0000	0.0000	0.0000	0.0000	0.0000	0.0000	0.0000	0.0000	0.0000	0.0000	0.0000	0.0000	0.0000											
2	45	0.1425	8	0	1	0	1	0	0	0	0	N	N	N	N	N	N	N	N	N	N	N	N	0.0000	0.0000	0.0000	0.0000	0.0000	0.0000	0.0000	0.0000	0.0000	0.0000	0.0000	0.0000	0.0000	0.0000	0.0000	0.0000	0.0000	0.0000	0.0000	0.0000	0.0000	20.1318	0.0000	17.5118	0.0000	0.0000	0.0000	0.0000	0.0000	0.0000	0.0000	0.0000	0.0000	0.0000	0.0000	0.0000	0.0000	0.0000	0.0000	0.0000	0.0000	0.0000	0.0000	0.0000	0.0000	0.0000	0.0000	0.0000	0.0000	0.0000	0.0000	0.0000	0.0000	0.0000	0.0000	0.0000	0.0000	0.0000	0.0000	0.0000	0.0000	0.0000	0.0000	0.0000	0.0000	0.0000	0.0000	0.0000	0.0000	0.0000	0.0000	0.0000	0.0000	0.0000	0.0000	0.0000	0.0000	0.0000											
2	46	0.0983	4	0	1	0	1	0	0	0	0	N	N	N	N	N	N	N	N	N	N	N	N	0.0000	0.0000	0.0000	0.0000	0.0000	0.0000	0.0000	0.0000	0.0000	0.0000	0.0000	0.0000	0.0000	0.0000	0.0000	0.0000	0.0000	0.0000	0.0000	0.0000	0.0000	15.0410	0.0000	10.9147	0.0000	0.0000	0.0000	0.0000	0.0000	0.0000	0.0000	0.0000	0.0000	0.0000	0.0000	0.0000	0.0000	0.0000	0.0000	0.0000	0.0000	0.0000	0.0000	0.0000	0.0000	0.0000	0.0000	0.0000	0.0000	0.0000	0.0000	0.0000	0.0000	0.0000	0.0000	0.0000	0.0000	0.0000	0.0000	0.0000	0.0000	0.0000	0.0000	0.0000	0.0000	0.0000	0.0000	0.0000	0.0000	0.0000	0.0000	0.0000	0.0000	0.0000	0.0000	0.0000	0.0000	0.0000											
2	47	0.1676	11	1	0	1	1	0	0	0	0	N	N	N	N	N	N	N	N	N	N	N	N	0.0000	0.0000	0.0000	0.0000	0.0000	0.0000	0.0000	0.0000	0.0000	0.0000	0.0000	0.0000	0.0000	0.0000	0.0000	0.0000	0.0000	0.0000	0.0000	0.0000	0.0000	12.7633	0.0000	6.3722	0.0000	0.0000	0.0000	0.0000	0.0000	0.0000	0.0000	0.0000	0.0000	0.0000	0.0000	0.0000	0.0000	0.0000	0.0000	0.0000	0.0000	0.0000	0.0000	0.0000	0.0000	0.0000	0.0000	0.0000	0.0000	0.0000	0.0000	0.0000	0.0000	0.0000	0.0000	0.0000	0.0000	0.0000	0.0000	0.0000	0.0000	0.0000	0.0000	0.0000	0.0000	0.0000	0.0000	0.0000	0.0000	0.0000	0.0000	0.0000	0.0000	0.0000	0.0000	0.0000	0.0000	0.0000											
2	48	0.1624	10	0	0	0	1	0	0	0	0	N	N	N	N	N	N	N	N	N	N	N	N	0.0000	0.0000	0.0000	0.0000	0.0000	0.0000	0.0000	0.0000	0.0000	0.0000	0.0000	0.0000	0.0000	0.0000	0.0000	0.0000	0.0000	0.0000	0.0000	0.0000	0.0000	0.3513	0.0000	1.9759	0.0000	0.0000	0.0000	0.0000	0.0000	0.0000	0.0000	0.0000	0.0000	0.0000	0.0000	0.0000	0.0000	0.0000	0.0000	0.0000	0.0000	0.0000	0.0000	0.0000	0.0000	0.0000	0.0000	0.0000	0.0000	0.0000	0.0000	0.0000	0.0000	0.0000	0.0000	0.0000	0.0000	0.0000	0.0000	0.0000	0.0000	0.0000	0.0000	0.0000	0.0000	0.0000	0.0000	0.0000	0.0000	0.0000	0.0000	0.0000	0.0000	0.0000	0.0000	0.0000	0.0000	0.0000											
2	49	0.1621	9	0	0	0	1	0	0	0	0	N	N	N	N	N	N	N	N	N	N	N	N	0.0000	0.0000	0.0000	0.0000	0.0000	0.0000	0.0000	0.0000	0.0000	0.0000	0.0000	0.0000	0.0000	0.0000	0.0000	0.0000	0.0000	0.0000	0.0000	0.0000	0.0000	0.1669	0.0000	0.0350	0.0000	0.0000	0.0000	0.0000	0.0000	0.0000	0.0000	0.0000	0.0000	0.0000	0.0000	0.0000	0.0000	0.0000	0.0000	0.0000	0.0000	0.0000	0.0000	0.0000	0.0000	0.0000	0.0000	0.0000	0.0000	0.0000	0.0000	0.0000	0.0000	0.0000	0.0000	0.0000	0.0000	0.0000	0.0000	0.0000	0.0000	0.0000	0.0000	0.0000	0.0000	0.0000	0.0000	0.0000	0.0000	0.0000	0.0000	0.0000	0.0000	0.0000	0.0000	0.0000	0.0000	0.0000											
2	50	0.1621	8	0	0	0	1	0	0	0	0	N	N	N	N	N	N	N	N	N	N	N	N	0.0000	0.0000	0.0000	0.0000	0.0000	0.0000	0.0000	0.0000	0.0000	0.0000	0.0000	0.0000	0.0000	0.0000	0.0000	0.0000	0.0000	0.0000	0.0000	0.0000	0.0000	0.0010	0.0000	0.0028	0.0000	0.0000	0.0000	0.0000	0.0000	0.0000	0.0000	0.0000	0.0000	0.0000	0.0000	0.0000	0.0000	0.0000	0.0000	0.0000	0.0000	0.0000	0.0000	0.0000	0.0000	0.0000	0.0000	0.0000	0.0000	0.0000	0.0000	0.0000	0.0000	0.0000	0.0000	0.0000	0.0000	0.0000	0.0000	0.0000	0.0000	0.0000	0.0000	0.0000	0.0000	0.0000	0.0000	0.0000	0.0000	0.0000	0.0000	0.0000	0.0000	0.0000	0.0000	0.0000	0.0000	0.0000											
2	51	0.0847	6	0	1	0	2	0	0	0	0	N	N	N	Y	N	N	N	N	N	N	N	N	0.0000	0.0000	0.0000	0.0000	0.0000	0.0000	0.0000	0.0000	0.0000	0.0000	0.0000	0.0000	0.0000	0.0000	0.0000	0.0000	0.0000	0.0000	0.0000	0.0000	0.0000	7.3891	0.0000	13.2142	0.0000	0.0000	0.0000	0.0000	0.0000	0.0000	0.0000	0.0000	0.0000	0.0000	0.0000	0.0000	0.0000	0.0000	0.0000	0.0000	0.0000	0.0000	0.0000	0.0000	0.0000	0.0000	0.0000	0.0000	0.0000	0.0000	0.0000	0.0000	0.0000	0.0000	0.0000	0.0000	0.0000	0.0000	0.0000	0.0000	0.0000	0.0000	0.0000	0.0000	0.0000	0.0000	0.0000	0.0000	0.0000	0.0000	0.0000	0.0000	0.0000	0.0000	0.0000	0.0000	0.0000	0.0000											
2	52	0.0786	5	0	1	0	1	0	0	0	0	N	N	N	N	N	N	N	N	N	N	N	N	0.0000	0.0000	0.0000	0.0000	0.0000	0.0000	0.0000	0.0000	0.0000	0.0000	0.0000	0.0000	0.0000	0.0000	0.0000	0.0000	0.0000	0.0000	0.0000	0.0000	0.0000	12.1779	0.0000	13.0455	0.0000	0.0000	0.0000	0.0000	0.0000	0.0000	0.0000	0.0000	0.0000	0.0000	0.0000	0.0000	0.0000	0.0000	0.0000	0.0000	0.0000	0.0000	0.0000	0.0000	0.0000	0.0000	0.0000	0.0000	0.0000	0.0000	0.0000	0.0000	0.0000	0.0000	0.0000	0.0000	0.0000	0.0000	0.0000	0.0000	0.0000	0.0000	0.0000	0.0000	0.0000	0.0000	0.0000	0.0000	0.0000	0.0000	0.0000	0.0000	0.0000	0.0000	0.0000	0.0000	0.0000	0.0000											
2	53	0.1695	9	0	1	0	1	0	0	0	0	N	N	N	N	N	N	N	N	N	N	N	N	0.0000	0.0000	0.0000	0.0000	0.0000	0.0000	0.0000	0.0000	0.0000	0.0000	0.0000	0.0000	0.0000	0.0000	0.0000	0.0000	0.0000	0.0000	0.0000	0.0000	0.0000	3.0001	0.0000	3.0003	0.0000	0.0000	0.0000	0.0000	0.0000	0.0000	0.0000	0.0000	0.0000	0.0000	0.0000	0.0000	0.0000	0.0000	0.0000	0.0000	0.0000	0.0000	0.0000	0.0000	0.0000	0.0000	0.0000	0.0000	0.0000	0.0000	0.0000	0.0000	0.0000	0.0000	0.0000	0.0000	0.0000	0.0000	0.0000	0.0000	0.0000	0.0000	0.0000	0.0000	0.0000	0.0000	0.0000	0.0000	0.0000	0.0000	0.0000	0.0000	0.0000	0.0000	0.0000	0.0000	0.0000	0.0000											
2	54	0.1621	8	0	0	0	1	0	0	0	0	N	N	N	N	N	N	N	N	N	N	N	N	0.0000	0.0000	0.0000	0.0000	0.0000	0.0000	0.0000	0.0000	0.0000	0.0000	0.0000	0.0000	0.0000	0.0000	0.0000	0.0000	0.0000	0.0000	0.0000	0.0000	0.0000	1.9998	0.0000	1.0017	0.0000	0.0000	0.0000	0.0000	0.0000	0.0000	0.0000	0.0000	0.0000	0.0000	0.0000	0.0000	0.0000	0.0000	0.0000	0.0000	0.0000	0.0000	0.0000	0.0000	0.0000	0.0000	0.0000	0.0000	0.0000	0.0000	0.0000	0.0000	0.0000	0.0000	0.0000	0.0000	0.0000	0.0000	0.0000	0.0000	0.0000	0.0000	0.0000	0.0000	0.0000	0.0000	0.0000	0.0000	0.0000	0.0000	0.0000	0.0000	0.0000	0.0000	0.0000	0.0000	0.0000	0.0000											
2	55	0.1041	7	0	0	0	1	0	0	0	0	N	N	N	N	N	N	N	N	N	N	N	N	0.0000	0.0000	0.0000	0.0000	0.0000	0.0000	0.0000	0.0000	0.0000	0.0000	0.0000	0.0000	0.0000	0.0000	0.0000	0.0000	0.0000	0.0000	0.0000	0.0000	0.0000	8.0033	0.0000	9.9473	0.0000	0.0000	0.0000	0.0000	0.0000	0.0000	0.0000	0.0000	0.0000	0.0000	0.0000	0.0000	0.0000	0.0000	0.0000	0.0000	0.0000	0.0000	0.0000	0.0000	0.0000	0.0000	0.0000	0.0000	0.0000	0.0000	0.0000	0.0000	0.0000	0.0000	0.0000	0.0000	0.0000	0.0000	0.0000	0.0000	0.0000	0.0000	0.0000	0.0000	0.0000	0.0000	0.0000	0.0000	0.0000	0.0000	0.0000	0.0000	0.0000	0.0000	0.0000	0.0000	0.0000	0.0000											
2	56	0.1197	5	0	1	0	1	0	0	0	0	N	N	N	N	N	N	N	N	N	N	N	N	0.0000	0.0000	0.0000	0.0000	0.0000	0.0000	0.0000	0.0000	0.0000	0.0000	0.0000	0.0000	0.0000	0.0000	0.0000	0.0000	0.0000	0.0000	0.0000	0.0000	0.0000	5.0156	0.0000	9.5596	0.0000	0.0000	0.0000	0.0000	0.0000	0.0000	0.0000	0.0000	0.0000	0.0000	0.0000	0.0000	0.0000	0.0000	0.0000	0.0000	0.0000	0.0000	0.0000	0.0000	0.0000	0.0000	0.0000	0.0000	0.0000	0.0000	0.0000	0.0000	0.0000	0.0000	0.0000	0.0000	0.0000	0.0000	0.0000	0.0000	0.0000	0.0000	0.0000	0.0000	0.0000	0.0000	0.0000	0.0000	0.0000	0.0000	0.0000	0.0000	0.0000	0.0000	0.0000	0.0000	0.0000	0.0000											
2	57	0.0983	4	0	1	0	1	0	0	0	0	N	N	N	N	N	N	N	N	N	N	N	N	0.0000	0.0000	0.0000	0.0000	0.0000	0.0000	0.0000	0.0000	0.0000	0.0000	0.0000	0.0000	0.0000	0.0000	0.0000	0.0000	0.0000	0.0000	0.0000	0.0000	0.0000	5.2776	0.0000	4.9316	0.0000	0.0000	0.0000	0.0000	0.0000	0.0000	0.0000	0.0000	0.0000	0.0000	0.0000	0.0000	0.0000	0.0000	0.0000	0.0000	0.0000	0.0000	0.0000	0.0000	0.0000	0.0000	0.0000	0.0000	0.0000	0.0000	0.0000	0.0000	0.0000	0.0000	0.0000	0.0000	0.0000	0.0000	0.0000	0.0000	0.0000	0.0000	0.0000	0.0000	0.0000	0.0000	0.0000	0.0000	0.0000	0.0000	0.0000	0.0000	0.0000	0.0000	0.0000	0.0000	0.0000	0.0000											
2	58	0.0703	3	0	0	0	1	0	0	0	0	N	N	N	N	N	N	N	N	N	N	N	N	0.0000	0.0000	0.0000	0.0000	0.0000	0.0000	0.0000	0.0000	0.0000	0.0000	0.0000	0.0000	0.0000	0.0000	0.0000	0.0000	0.0000	0.0000	0.0000	0.0000	0.0000	6.4383	0.0000	5.2340	0.0000	0.0000	0.0000	0.0000	0.0000	0.0000	0.0000	0.0000	0.0000	0.0000	0.0000	0.0000	0.0000	0.0000	0.0000	0.0000	0.0000	0.0000	0.0000	0.0000	0.0000	0.0000	0.0000	0.0000	0.0000	0.0000	0.0000	0.0000	0.0000	0.0000	0.0000	0.0000	0.0000	0.0000	0.0000	0.0000	0.0000	0.0000	0.0000	0.0000	0.0000	0.0000	0.0000	0.0000	0.0000	0.0000	0.0000	0.0000	0.0000	0.0000	0.0000	0.0000	0.0000	0.0000											
2	63	0.1835	10	1	1	0	2	0	0	0	0	N	N	N	Y	N	N	N	N	N	N	N	N	0.0000	0.0000	0.0000	0.0000	0.0000	0.0000	0.0000	0.0000	0.0000	0.0000	0.0000	0.0000	0.0000	0.0000	0.0000	0.0000	0.0000	0.0000	0.0000	0.0000	0.0000	2.0000	0.0000	2.0002	0.0000	0.0000	0.0000	0.0000	0.0000	0.0000	0.0000	0.0000	0.0000	0.0000	0.0000	0.0000	0.0000	0.0000	0.0000	0.0000	0.0000	0.0000	0.0000	0.0000	0.0000	0.0000	0.0000	0.0000	0.0000	0.0000	0.0000	0.0000	0.0000	0.0000	0.0000	0.0000	0.0000	0.0000	0.0000	0.0000	0.0000	0.0000	0.0000	0.0000	0.0000	0.0000	0.0000	0.0000	0.0000	0.0000	0.0000	0.0000	0.0000	0.0000	0.0000	0.0000	0.0000	0.0000											
2	64	0.1992	14	0	1	0	2	0	0	0	0	N	N	N	Y	N	N	N	N	N	N	N	N	0.0000	0.0000	0.0000	0.0000	0.0000	0.0000	0.0000	0.0000	0.0000	0.0000	0.0000	0.0000	0.0000	0.0000	0.0000	0.0000	0.0000	0.0000	0.0000	0.0000	0.0000	2.0059	0.0000	4.8036	0.0000	0.0000	0.0000	0.0000	0.0000	0.0000	0.0000	0.0000	0.0000	0.0000	0.0000	0.0000	0.0000	0.0000	0.0000	0.0000	0.0000	0.0000	0.0000	0.0000	0.0000	0.0000	0.0000	0.0000	0.0000	0.0000	0.0000	0.0000	0.0000	0.0000	0.0000	0.0000	0.0000	0.0000	0.0000	0.0000	0.0000	0.0000	0.0000	0.0000	0.0000	0.0000	0.0000	0.0000	0.0000	0.0000	0.0000	0.0000	0.0000	0.0000	0.0000	0.0000	0.0000	0.0000											
2	65	0.1964	12	0	1	0	1	0	0	0	0	N	N	N	N	N	N	N	N	N	N	N	N	0.0000	0.0000	0.0000	0.0000	0.0000	0.0000	0.0000	0.0000	0.0000	0.0000	0.0000	0.0000	0.0000	0.0000	0.0000	0.0000	0.0000	0.0000	0.0000	0.0000	0.0000	0.9804	0.0000	0.2754	0.0000	0.0000	0.0000	0.0000	0.0000	0.0000	0.0000	0.0000	0.0000	0.0000	0.0000	0.0000	0.0000	0.0000	0.0000	0.0000	0.0000	0.0000	0.0000	0.0000	0.0000	0.0000	0.0000	0.0000	0.0000	0.0000	0.0000	0.0000	0.0000	0.0000	0.0000	0.0000	0.0000	0.0000	0.0000	0.0000	0.0000	0.0000	0.0000	0.0000	0.0000	0.0000	0.0000	0.0000	0.0000	0.0000	0.0000	0.0000	0.0000	0.0000	0.0000	0.0000	0.0000	0.0000											
2	66	0.1942	13	0	0	1	2	0	0	0	0	N	N	N	Y	N	N	N	N	N	N	N	N	0.0000	0.0000	0.0000	0.0000	0.0000	0.0000	0.0000	0.0000	0.0000	0.0000	0.0000	0.0000	0.0000	0.0000	0.0000	0.0000	0.0000	0.0000	0.0000	0.0000	0.0000	0.9437	0.0000	4.8091	0.0000	0.0000	0.0000	0.0000	0.0000	0.0000	0.0000	0.0000	0.0000	0.0000	0.0000	0.0000	0.0000	0.0000	0.0000	0.0000	0.0000	0.0000	0.0000	0.0000	0.0000	0.0000	0.0000	0.0000	0.0000	0.0000	0.0000	0.0000	0.0000	0.0000	0.0000	0.0000	0.0000	0.0000	0.0000	0.0000	0.0000	0.0000	0.0000	0.0000	0.0000	0.0000	0.0000	0.0000	0.0000	0.0000	0.0000	0.0000	0.0000	0.0000	0.0000	0.0000	0.0000	0.0000											
2	67	0.1872	12	0	0	1	2	0	0	0	0	N	N	N	Y	N	N	N	N	N	N	N	N	0.0000	0.0000	0.0000	0.0000	0.0000	0.0000	0.0000	0.0000	0.0000	0.0000	0.0000	0.0000	0.0000	0.0000	0.0000	0.0000	0.0000	0.0000	0.0000	0.0000	0.0000	4.0088	0.0000	5.0246	0.0000	0.0000	0.0000	0.0000	0.0000	0.0000	0.0000	0.0000	0.0000	0.0000	0.0000	0.0000	0.0000	0.0000	0.0000	0.0000	0.0000	0.0000	0.0000	0.0000	0.0000	0.0000	0.0000	0.0000	0.0000	0.0000	0.0000	0.0000	0.0000	0.0000	0.0000	0.0000	0.0000	0.0000	0.0000	0.0000	0.0000	0.0000	0.0000	0.0000	0.0000	0.0000	0.0000	0.0000	0.0000	0.0000	0.0000	0.0000	0.0000	0.0000	0.0000	0.0000	0.0000	0.0000											
2	68	0.1992	14	0	0	1	2	0	0	0	0	N	N	N	Y	N	N	N	N	N	N	N	N	0.0000	0.0000	0.0000	0.0000	0.0000	0.0000	0.0000	0.0000	0.0000	0.0000	0.0000	0.0000	0.0000	0.0000	0.0000	0.0000	0.0000	0.0000	0.0000	0.0000	0.0000	1.0064	0.0000	4.2000	0.0000	0.0000	0.0000	0.0000	0.0000	0.0000	0.0000	0.0000	0.0000	0.0000	0.0000	0.0000	0.0000	0.0000	0.0000	0.0000	0.0000	0.0000	0.0000	0.0000	0.0000	0.0000	0.0000	0.0000	0.0000	0.0000	0.0000	0.0000	0.0000	0.0000	0.0000	0.0000	0.0000	0.0000	0.0000	0.0000	0.0000	0.0000	0.0000	0.0000	0.0000	0.0000	0.0000	0.0000	0.0000	0.0000	0.0000	0.0000	0.0000	0.0000	0.0000	0.0000	0.0000	0.0000											
2	69	0.1942	13	0	0	0	2	0	0	0	0	N	N	N	Y	N	N	N	N	N	N	N	N	0.0000	0.0000	0.0000	0.0000	0.0000	0.0000	0.0000	0.0000	0.0000	0.0000	0.0000	0.0000	0.0000	0.0000	0.0000	0.0000	0.0000	0.0000	0.0000	0.0000	0.0000	1.2889	0.0000	0.3511	0.0000	0.0000	0.0000	0.0000	0.0000	0.0000	0.0000	0.0000	0.0000	0.0000	0.0000	0.0000	0.0000	0.0000	0.0000	0.0000	0.0000	0.0000	0.0000	0.0000	0.0000	0.0000	0.0000	0.0000	0.0000	0.0000	0.0000	0.0000	0.0000	0.0000	0.0000	0.0000	0.0000	0.0000	0.0000	0.0000	0.0000	0.0000	0.0000	0.0000	0.0000	0.0000	0.0000	0.0000	0.0000	0.0000	0.0000	0.0000	0.0000	0.0000	0.0000	0.0000	0.0000	0.0000											
2	70	0.1872	12	0	0	0	2	0	0	0	0	N	N	N	Y	N	N	N	N	N	N	N	N	0.0000	0.0000	0.0000	0.0000	0.0000	0.0000	0.0000	0.0000	0.0000	0.0000	0.0000	0.0000	0.0000	0.0000	0.0000	0.0000	0.0000	0.0000	0.0000	0.0000	0.0000	0.7777	0.0000	1.1718	0.0000	0.0000	0.0000	0.0000	0.0000	0.0000	0.0000	0.0000	0.0000	0.0000	0.0000	0.0000	0.0000	0.0000	0.0000	0.0000	0.0000	0.0000	0.0000	0.0000	0.0000	0.0000	0.0000	0.0000	0.0000	0.0000	0.0000	0.0000	0.0000	0.0000	0.0000	0.0000	0.0000	0.0000	0.0000	0.0000	0.0000	0.0000	0.0000	0.0000	0.0000	0.0000	0.0000	0.0000	0.0000	0.0000	0.0000	0.0000	0.0000	0.0000	0.0000	0.0000	0.0000	0.0000											
2	71	0.1835	11	0	0	0	2	0	0	0	0	N	N	N	Y	N	N	N	N	N	N	N	N	0.0000	0.0000	0.0000	0.0000	0.0000	0.0000	0.0000	0.0000	0.0000	0.0000	0.0000	0.0000	0.0000	0.0000	0.0000	0.0000	0.0000	0.0000	0.0000	0.0000	0.0000	0.9929	0.0000	0.0325	0.0000	0.0000	0.0000	0.0000	0.0000	0.0000	0.0000	0.0000	0.0000	0.0000	0.0000	0.0000	0.0000	0.0000	0.0000	0.0000	0.0000	0.0000	0.0000	0.0000	0.0000	0.0000	0.0000	0.0000	0.0000	0.0000	0.0000	0.0000	0.0000	0.0000	0.0000	0.0000	0.0000	0.0000	0.0000	0.0000	0.0000	0.0000	0.0000	0.0000	0.0000	0.0000	0.0000	0.0000	0.0000	0.0000	0.0000	0.0000	0.0000	0.0000	0.0000	0.0000	0.0000	0.0000											
2	72	0.2286	10	1	1	0	1	0	0	0	0	N	N	N	N	N	N	N	N	N	N	N	N	0.0000	0.0000	0.0000	0.0000	0.0000	0.0000	0.0000	0.0000	0.0000	0.0000	0.0000	0.0000	0.0000	0.0000	0.0000	0.0000	0.0000	0.0000	0.0000	0.0000	0.0000	0.0000	0.0000	0.0001	0.0000	0.0000	0.0000	0.0000	0.0000	0.0000	0.0000	0.0000	0.0000	0.0000	0.0000	0.0000	0.0000	0.0000	0.0000	0.0000	0.0000	0.0000	0.0000	0.0000	0.0000	0.0000	0.0000	0.0000	0.0000	0.0000	0.0000	0.0000	0.0000	0.0000	0.0000	0.0000	0.0000	0.0000	0.0000	0.0000	0.0000	0.0000	0.0000	0.0000	0.0000	0.0000	0.0000	0.0000	0.0000	0.0000	0.0000	0.0000	0.0000	0.0000	0.0000	0.0000	0.0000	0.0000											
2	73	0.1653	9	1	1	0	1	0	0	0	0	N	N	N	N	N	N	N	N	N	N	N	N	0.0000	0.0000	0.0000	0.0000	0.0000	0.0000	0.0000	0.0000	0.0000	0.0000	0.0000	0.0000	0.0000	0.0000	0.0000	0.0000	0.0000	0.0000	0.0000	0.0000	0.0000	9.9619	0.0000	7.0378	0.0000	0.0000	0.0000	0.0000	0.0000	0.0000	0.0000	0.0000	0.0000	0.0000	0.0000	0.0000	0.0000	0.0000	0.0000	0.0000	0.0000	0.0000	0.0000	0.0000	0.0000	0.0000	0.0000	0.0000	0.0000	0.0000	0.0000	0.0000	0.0000	0.0000	0.0000	0.0000	0.0000	0.0000	0.0000	0.0000	0.0000	0.0000	0.0000	0.0000	0.0000	0.0000	0.0000	0.0000	0.0000	0.0000	0.0000	0.0000	0.0000	0.0000	0.0000	0.0000	0.0000	0.0000											
2	74	0.1772	9	0	1	0	1	0	0	0	0	N	N	N	N	N	N	N	N	N	N	N	N	0.0000	0.0000	0.0000	0.0000	0.0000	0.0000	0.0000	0.0000	0.0000	0.0000	0.0000	0.0000	0.0000	0.0000	0.0000	0.0000	0.0000	0.0000	0.0000	0.0000	0.0000	7.0442	0.0000	2.0273	0.0000	0.0000	0.0000	0.0000	0.0000	0.0000	0.0000	0.0000	0.0000	0.0000	0.0000	0.0000	0.0000	0.0000	0.0000	0.0000	0.0000	0.0000	0.0000	0.0000	0.0000	0.0000	0.0000	0.0000	0.0000	0.0000	0.0000	0.0000	0.0000	0.0000	0.0000	0.0000	0.0000	0.0000	0.0000	0.0000	0.0000	0.0000	0.0000	0.0000	0.0000	0.0000	0.0000	0.0000	0.0000	0.0000	0.0000	0.0000	0.0000	0.0000	0.0000	0.0000	0.0000	0.0000											
2	75	0.1533	8	0	1	0	1	0	0	0	0	N	N	N	N	N	N	N	N	N	N	N	N	0.0000	0.0000	0.0000	0.0000	0.0000	0.0000	0.0000	0.0000	0.0000	0.0000	0.0000	0.0000	0.0000	0.0000	0.0000	0.0000	0.0000	0.0000	0.0000	0.0000	0.0000	4.3369	0.0000	3.0972	0.0000	0.0000	0.0000	0.0000	0.0000	0.0000	0.0000	0.0000	0.0000	0.0000	0.0000	0.0000	0.0000	0.0000	0.0000	0.0000	0.0000	0.0000	0.0000	0.0000	0.0000	0.0000	0.0000	0.0000	0.0000	0.0000	0.0000	0.0000	0.0000	0.0000	0.0000	0.0000	0.0000	0.0000	0.0000	0.0000	0.0000	0.0000	0.0000	0.0000	0.0000	0.0000	0.0000	0.0000	0.0000	0.0000	0.0000	0.0000	0.0000	0.0000	0.0000	0.0000	0.0000	0.0000											
2	76	0.2405	13	1	1	0	1	0	0	0	0	N	N	N	N	N	N	N	N	N	N	N	N	0.0000	0.0000	0.0000	0.0000	0.0000	0.0000	0.0000	0.0000	0.0000	0.0000	0.0000	0.0000	0.0000	0.0000	0.0000	0.0000	0.0000	0.0000	0.0000	0.0000	0.0000	1.9992	0.0000	0.0055	0.0000	0.0000	0.0000	0.0000	0.0000	0.0000	0.0000	0.0000	0.0000	0.0000	0.0000	0.0000	0.0000	0.0000	0.0000	0.0000	0.0000	0.0000	0.0000	0.0000	0.0000	0.0000	0.0000	0.0000	0.0000	0.0000	0.0000	0.0000	0.0000	0.0000	0.0000	0.0000	0.0000	0.0000	0.0000	0.0000	0.0000	0.0000	0.0000	0.0000	0.0000	0.0000	0.0000	0.0000	0.0000	0.0000	0.0000	0.0000	0.0000	0.0000	0.0000	0.0000	0.0000	0.0000											
2	77	0.1964	12	1	1	0	1	0	0	0	0	N	N	N	N	N	N	N	N	N	N	N	N	0.0000	0.0000	0.0000	0.0000	0.0000	0.0000	0.0000	0.0000	0.0000	0.0000	0.0000	0.0000	0.0000	0.0000	0.0000	0.0000	0.0000	0.0000	0.0000	0.0000	0.0000	5.0219	0.0000	2.0148	0.0000	0.0000	0.0000	0.0000	0.0000	0.0000	0.0000	0.0000	0.0000	0.0000	0.0000	0.0000	0.0000	0.0000	0.0000	0.0000	0.0000	0.0000	0.0000	0.0000	0.0000	0.0000	0.0000	0.0000	0.0000	0.0000	0.0000	0.0000	0.0000	0.0000	0.0000	0.0000	0.0000	0.0000	0.0000	0.0000	0.0000	0.0000	0.0000	0.0000	0.0000	0.0000	0.0000	0.0000	0.0000	0.0000	0.0000	0.0000	0.0000	0.0000	0.0000	0.0000	0.0000	0.0000											
2	78	0.1835	11	0	1	0	1	0	0	0	0	N	N	N	N	N	N	N	N	N	N	N	N	0.0000	0.0000	0.0000	0.0000	0.0000	0.0000	0.0000	0.0000	0.0000	0.0000	0.0000	0.0000	0.0000	0.0000	0.0000	0.0000	0.0000	0.0000	0.0000	0.0000	0.0000	1.0203	0.0000	2.7327	0.0000	0.0000	0.0000	0.0000	0.0000	0.0000	0.0000	0.0000	0.0000	0.0000	0.0000	0.0000	0.0000	0.0000	0.0000	0.0000	0.0000	0.0000	0.0000	0.0000	0.0000	0.0000	0.0000	0.0000	0.0000	0.0000	0.0000	0.0000	0.0000	0.0000	0.0000	0.0000	0.0000	0.0000	0.0000	0.0000	0.0000	0.0000	0.0000	0.0000	0.0000	0.0000	0.0000	0.0000	0.0000	0.0000	0.0000	0.0000	0.0000	0.0000	0.0000	0.0000	0.0000	0.0000											
2	79	0.1835	10	0	0	0	1	0	0	0	0	N	N	N	N	N	N	N	N	N	N	N	N	0.0000	0.0000	0.0000	0.0000	0.0000	0.0000	0.0000	0.0000	0.0000	0.0000	0.0000	0.0000	0.0000	0.0000	0.0000	0.0000	0.0000	0.0000	0.0000	0.0000	0.0000	0.0000	0.0000	0.0018	0.0000	0.0000	0.0000	0.0000	0.0000	0.0000	0.0000	0.0000	0.0000	0.0000	0.0000	0.0000	0.0000	0.0000	0.0000	0.0000	0.0000	0.0000	0.0000	0.0000	0.0000	0.0000	0.0000	0.0000	0.0000	0.0000	0.0000	0.0000	0.0000	0.0000	0.0000	0.0000	0.0000	0.0000	0.0000	0.0000	0.0000	0.0000	0.0000	0.0000	0.0000	0.0000	0.0000	0.0000	0.0000	0.0000	0.0000	0.0000	0.0000	0.0000	0.0000	0.0000	0.0000	0.0000											
2	80	0.1653	9	0	0	0	1	0	0	0	0	N	N	N	N	N	N	N	N	N	N	N	N	0.0000	0.0000	0.0000	0.0000	0.0000	0.0000	0.0000	0.0000	0.0000	0.0000	0.0000	0.0000	0.0000	0.0000	0.0000	0.0000	0.0000	0.0000	0.0000	0.0000	0.0000	3.0825	0.0000	2.0124	0.0000	0.0000	0.0000	0.0000	0.0000	0.0000	0.0000	0.0000	0.0000	0.0000	0.0000	0.0000	0.0000	0.0000	0.0000	0.0000	0.0000	0.0000	0.0000	0.0000	0.0000	0.0000	0.0000	0.0000	0.0000	0.0000	0.0000	0.0000	0.0000	0.0000	0.0000	0.0000	0.0000	0.0000	0.0000	0.0000	0.0000	0.0000	0.0000	0.0000	0.0000	0.0000	0.0000	0.0000	0.0000	0.0000	0.0000	0.0000	0.0000	0.0000	0.0000	0.0000	0.0000	0.0000											
2	81	0.1533	8	0	0	0	1	0	0	0	0	N	N	N	N	N	N	N	N	N	N	N	N	0.0000	0.0000	0.0000	0.0000	0.0000	0.0000	0.0000	0.0000	0.0000	0.0000	0.0000	0.0000	0.0000	0.0000	0.0000	0.0000	0.0000	0.0000	0.0000	0.0000	0.0000	3.6751	0.0000	0.0788	0.0000	0.0000	0.0000	0.0000	0.0000	0.0000	0.0000	0.0000	0.0000	0.0000	0.0000	0.0000	0.0000	0.0000	0.0000	0.0000	0.0000	0.0000	0.0000	0.0000	0.0000	0.0000	0.0000	0.0000	0.0000	0.0000	0.0000	0.0000	0.0000	0.0000	0.0000	0.0000	0.0000	0.0000	0.0000	0.0000	0.0000	0.0000	0.0000	0.0000	0.0000	0.0000	0.0000	0.0000	0.0000	0.0000	0.0000	0.0000	0.0000	0.0000	0.0000	0.0000	0.0000	0.0000											
2	82	0.1041	7	0	0	0	1	0	0	0	0	N	N	N	N	N	N	N	N	N	N	N	N	0.0000	0.0000	0.0000	0.0000	0.0000	0.0000	0.0000	0.0000	0.0000	0.0000	0.0000	0.0000	0.0000	0.0000	0.0000	0.0000	0.0000	0.0000	0.0000	0.0000	0.0000	8.5011	0.0000	5.2406	0.0000	0.0000	0.0000	0.0000	0.0000	0.0000	0.0000	0.0000	0.0000	0.0000	0.0000	0.0000	0.0000	0.0000	0.0000	0.0000	0.0000	0.0000	0.0000	0.0000	0.0000	0.0000	0.0000	0.0000	0.0000	0.0000	0.0000	0.0000	0.0000	0.0000	0.0000	0.0000	0.0000	0.0000	0.0000	0.0000	0.0000	0.0000	0.0000	0.0000	0.0000	0.0000	0.0000	0.0000	0.0000	0.0000	0.0000	0.0000	0.0000	0.0000	0.0000	0.0000	0.0000	0.0000											
3	4	0.2157	9	1	1	1	0	0	0	0	0	N	N	N	N	N	N	N	N	N	N	N	N	0.0000	0.0000	0.0000	0.0000	0.0000	0.0000	0.0000	0.0000	0.0000	0.0000	0.0000	0.0000	0.0000	0.0000	0.0000	0.0000	0.0000	0.0010	0.0013	0.0006	0.0027	0.0026	0.0035	0.0000	0.0000	0.0000	0.2500	0.0000	-0.0002	9.0000	5.9975	12.0000	7.1792	0.0000	0.0000	0.0000	0.0000	0.0000	0.0000	0.0000	0.0000	0.0000	0.0004	0.0003	0.0001	0.0004	0.0003	0.0001	0.0000	0.0000	0.0000	0.3879	0.3387	0.0492	0.0462	0.0433	0.0029	0.3417	0.2954	0.0463	0.3866	0.2496	0.1370	0.1463	0.1231	0.0232	0.2403	0.1265	0.1138	0.0000	0.0000	0.0000	0.0000	0.0000	0.0000	0.0000	0.0000	0.0000	0.0010	0.0013	0.0006	0.0027	0.0026	0.0035	0.0000	0.0000	0.0000		
3	5	0.1958	6	1	0	2	0	0	0	0	0	N	N	Y	N	N	N	N	N	N	N	N	N	0.0000	0.0000	0.0000	0.0000	0.0000	0.0000	0.0000	0.0000	0.0000	0.0000	0.0000	0.0000	0.0000	0.0008	0.0000	0.0018	0.0000	0.0000	0.0000	0.0009	0.0000	0.0019	inf	0.0000	0.0001	9.0000	6.0001	12.0000	2.9972	0.0000	0.0000	0.0000	0.0000	0.0000	0.0000	0.0000	0.0000	0.0000	0.0002	0.0000	0.0002	0.0000	0.0000	0.0000	0.0002	0.0000	0.0002	0.3874	0.3366	0.0508	0.0334	0.0306	0.0028	0.3540	0.3059	0.0481	0.2210	0.1246	0.0964	0.0409	0.0333	0.0076	0.1801	0.0913	0.0888	0.0000	0.0000	0.0000	0.0000	0.0000	0.0000	0.0000	0.0000	0.0000	0.0008	0.0000	0.0018	0.0000	0.0000	0.0000	0.0009	0.0000	0.0019						
3	6	0.1943	8	1	0	2	0	0	0	0	0	N	N	Y	N	N	N	N	N	N	N	N	N	7.4577	7.7157	0.0000	19.4364	23.0307	0.0000	0.0000	0.0000	0.0000	0.0025	0.0029	0.0000	0.0173	0.0185	0.0000	0.0000	0.0000	0.0000	0.0003	0.0004	0.0003	0.0009	0.0008	0.0012	0.0000	0.0000	0.0000	0.0000	0.4118	-0.0008	-0.0001	9.0000	13.4817	12.0000	9.4010	0.0023	0.0023	0.0000	0.0023	0.0023	0.0000	0.0000	0.0000	0.0000	0.0002	0.0002	0.0001	0.0002	0.0002	0.0001	0.0000	0.0000	0.0000	0.9182	0.8025	0.1158	0.1337	0.1252	0.0085	0.7845	0.6772	0.1073	0.7084	0.4537	0.2547	0.2689	0.2113	0.0576	0.4395	0.2424	0.1971	7.4577	7.7157	0.0000	19.4364	23.0307	0.0000	0.0000	0.0000	0.0000	0.0003	0.0004	0.0003	0.0009	0.0008	0.0012	0.0000	0.0000	0.0000
3	7	0.0974	6	2	1	1	0	0	0	0	0	Y	N	N	N	N	N	N	N	N	N	N	N	0.0000	0.0000	0.0000	0.0000	0.0000	0.0000	0.0000	0.0000	0.0000	0.0000	0.0000	0.0000	0.0000	0.0002	0.0003	0.0000	0.0019	0.0023	0.0000	0.0000	0.0000	0.0000	0.0000	0.0000	-0.0000	9.0000	2.2373	12.0000	1.9967	0.0000	0.0000	0.0000	0.0000	0.0000	0.0000	0.0000	0.0000	0.0000	0.0000	0.0000	0.0000	0.0000	0.0000	0.0000	0.0000	0.0000	0.0000	0.1711	0.1503	0.0208	0.0137	0.0136	0.0001	0.1574	0.1367	0.0207	0.1285	0.0664	0.0621	0.0104	0.0088	0.0016	0.1181	0.0576	0.0606	0.0000	0.0000	0.0000	0.0000	0.0000	0.0000	0.0000	0.0000	0.0000	0.0002	0.0003	0.0000	0.0019	0.0023	0.0000	0.0000	0.0000	0.0000						
3	9	0.0909	2	1	1	1	0	0	0	0	0	N	N	N	N	N	N	N	N	N	N	N	N	4.3127	2.9138	0.0529	0.0530	1478022.2269	928610.9197	4.5916	5.2880	0.0000	0.2366	0.2512	0.0000	4.8439	5.6059	0.0000	1.0647	1.8148	0.0000	4.4755	4.7389	0.0000	0.0000	0.0000	0.0000	0.0000	0.0000	-0.3494	-0.0252	9.0000	2.9770	12.0000	5.0602	0.9605	0.9605	0.0000	0.0027	0.0027	0.0000	0.9578	0.9578	0.0000	0.0427	0.0427	0.0000	0.0427	0.0427	0.0000	0.0000	0.0000	0.0000	0.2092	0.1816	0.0275	0.0115	0.0108	0.0007	0.1977	0.1709	0.0269	0.2659	0.1553	0.1106	0.0379	0.0315	0.0064	0.2280	0.1237	0.1042	28.5891	19.2273	0.0000	0.2100	0.1855	0.0000	1478022.2269	928610.9197	0.0000	0.1606	0.2750	0.0000	1.1266	1.3548	0.0000	0.0000	0.0000	0.0000			
3	10	0.2056	5	1	1	1	0	0	0	0	0	N	N	N	N	N	N	N	N	N	N	N	N	0.0000	0.0000	0.0000	0.0000	0.0000	0.0000	0.0000	0.0000	0.0000	0.0000	0.0000	0.0000	0.0000	0.0000	0.0000	0.0006	0.0012	0.0000	0.0040	0.0048	0.0000	0.0000	0.0000	0.0000	0.0000	0.0000	-0.0001	9.0000	5.2144	12.0000	4.0122	0.0000	0.0000	0.0000	0.0000	0.0000	0.0000	0.0000	0.0000	0.0000	0.0001	0.0001	0.0000	0.0001	0.0001	0.0000	0.0000	0.0000	0.0000	0.4291	0.3774	0.0517	0.0964	0.0907	0.0057	0.3326	0.2867	0.0459	0.2223	0.1216	0.1007	0.0350	0.0293	0.0057	0.1873	0.0923	0.0950	0.0000	0.0000	0.0000	0.0000	0.0000	0.0000	0.0000	0.0000	0.0000	0.0006	0.0012	0.0000	0.0040	0.0048	0.0000	0.0000	0.0000	0.0000				
3	11	0.1958	6	1	1	1	0	0	0	0	0	N	N	N	N	N	N	N	N	N	N	N	N	0.0000	0.0000	0.0000	0.0000	0.0000	0.0000	0.0000	0.0000	0.0000	0.0000	0.0000	0.0000	0.0000	0.0016	0.0000	0.0038	0.0000	0.0000	0.0000	0.0021	0.0000	0.0041	inf	0.0000	0.0001	9.0000	1.0002	12.0000	2.9310	0.0000	0.0000	0.0000	0.0000	0.0000	0.0000	0.0000	0.0000	0.0000	0.0002	0.0000	0.0002	0.0000	0.0000	0.0000	0.0002	0.0000	0.0002	0.0665	0.0577	0.0088	0.0057	0.0052	0.0005	0.0608	0.0524	0.0083	0.1036	0.0591	0.0445	0.0207	0.0173	0.0034	0.0829	0.0418	0.0411	0.0000	0.0000	0.0000	0.0000	0.0000	0.0000	0.0000	0.0000	0.0000	0.0016	0.0000	0.0038	0.0000	0.0000	0.0000	0.0021	0.0000	0.0041						
3	12	0.1958	5	1	0	1	0	0	0	0	0	N	N	N	N	N	N	N	N	N	N	N	N	0.0000	0.0000	0.0000	0.0000	0.0000	0.0000	0.0000	0.0000	0.0000	0.0000	0.0000	0.0000	0.0000	0.0000	0.0000	0.0000	0.0292	0.0252	0.0444	0.0360	0.0370	0.0000	0.0246	0.0000	0.0460	1.0000	0.0000	-0.0000	9.0000	0.0003	12.0000	0.1375	0.0000	0.0000	0.0000	0.0000	0.0000	0.0000	0.0000	0.0000	0.0000	0.0003	0.0002	0.0002	0.0002	0.0002	0.0000	0.0002	0.0000	0.0002	0.0000	0.0000	0.0000	0.0000	0.0000	0.0000	0.0000	0.0000	0.0000	0.0116	0.0078	0.0038	0.0047	0.0046	0.0001	0.0069	0.0032	0.0037	0.0000	0.0000	0.0000	0.0000	0.0000	0.0000	0.0000	0.0000	0.0000	0.0292	0.0218	0.0444	0.0360	0.0370	0.0000	0.0246	0.0000	0.0460			
3	13	0.1709	4	1	1	1	0	0	0	0	0	N	N	N	N	N	N	N	N	N	N	N	N	1.4528	0.8790	0.0000	0.0000	inf	inf	3.6873	4.2474	0.0000	0.0000	0.0000	0.0000	4.0113	4.6524	0.0000	2.5380	4.8320	0.0000	41.1551	39.2844	0.0000	0.0000	0.0000	0.0000	0.0000	0.0000	-0.3638	-0.2774	9.0000	3.9729	12.0000	5.4895	1.0000	1.0000	0.0000	0.0000	0.0000	0.0000	1.0000	1.0000	0.0000	0.4708	0.4708	0.0000	0.4708	0.4708	0.0000	0.0000	0.0000	0.0000	0.2712	0.2354	0.0358	0.0219	0.0205	0.0014	0.2493	0.2149	0.0344	0.2636	0.1456	0.1180	0.0556	0.0476	0.0080	0.2081	0.0980	0.1100	2.0645	1.3134	0.0000	0.0000	0.0000	0.0000	inf	inf	0.0000	1.7860	3.2339	0.0000	8.4747	9.8958	0.0000	0.0000	0.0000	0.0000			
3	14	0.0745	3	2	1	1	0	0	0	0	0	Y	N	N	N	N	N	N	N	N	N	N	N	inf	inf	inf	inf	inf	inf	inf	inf	1.5980	0.0000	11.8306	0.0234	0.0167	0.1274	1.6012	0.0000	11.8415	0.0000	0.0000	0.0000	0.0000	0.0000	0.0000	0.0000	0.0000	0.0000	49997.5000	0.6362	0.0000	9.0000	10.0000	12.0000	6.0013	1.0000	0.0000	0.9999	0.0000	0.0000	0.0000	0.9999	0.0000	0.9999	0.0000	0.0000	0.0000	0.0000	0.0000	0.0000	0.0000	0.0000	0.0000	0.6258	0.5413	0.0845	0.0013	0.0012	0.0001	0.6245	0.5401	0.0844	0.4257	0.2116	0.2141	0.0001	0.0001	0.0000	0.4256	0.2115	0.2141	inf	inf	inf	inf	inf	inf	inf	0.0000	inf	0.0000	0.0000	0.0000	0.0000	0.0000	0.0000	0.0000	0.0000	0.0000		
3	15	0.1958	5	1	1	1	0	0	0	0	0	N	N	N	N	N	N	N	N	N	N	N	N	0.0000	0.0000	0.0000	0.0000	0.0000	0.0000	0.0000	0.0000	0.0000	0.0000	0.0000	0.0000	0.0000	0.0011	0.0000	0.0025	0.0000	0.0000	0.0000	0.0014	0.0000	0.0028	inf	0.0000	0.0001	9.0000	2.9999	12.0000	3.0728	0.0000	0.0000	0.0000	0.0000	0.0000	0.0000	0.0000	0.0000	0.0000	0.0002	0.0000	0.0002	0.0000	0.0000	0.0000	0.0002	0.0000	0.0002	0.1970	0.1710	0.0260	0.0169	0.0155	0.0014	0.1801	0.1555	0.0246	0.1540	0.0872	0.0668	0.0294	0.0242	0.0052	0.1246	0.0630	0.0616	0.0000	0.0000	0.0000	0.0000	0.0000	0.0000	0.0000	0.0000	0.0000	0.0011	0.0000	0.0025	0.0000	0.0000	0.0000	0.0014	0.0000	0.0028						
3	16	0.1709	4	1	0	1	0	0	0	0	0	N	N	N	N	N	N	N	N	N	N	N	N	0.0000	0.0000	0.0000	0.0000	0.0000	0.0000	0.0000	0.0000	0.0000	0.0000	0.0000	0.0000	0.0000	0.0000	0.0000	0.0000	3.1314	0.0008	11.7234	0.0021	0.0024	0.0000	3.4249	0.0000	11.5742	5289.3914	0.0000	0.2173	9.0000	6.0396	12.0000	1.6050	0.0000	0.0000	0.0000	0.0000	0.0000	0.0000	0.0000	0.0000	0.0000	0.5292	0.0001	0.5291	0.0001	0.0001	0.0000	0.5291	0.0000	0.5291	0.4018	0.3488	0.0530	0.0301	0.0280	0.0021	0.3716	0.3208	0.0509	0.2218	0.1224	0.0993	0.0488	0.0423	0.0065	0.1730	0.0802	0.0928	0.0000	0.0000	0.0000	0.0000	0.0000	0.0000	0.0000	0.0000	0.0000	2.3864	0.0008	5.3267	0.0021	0.0024	0.0000	3.0590	0.0000	5.7004			
3	17	0.2419	10	2	1	1	0	0	0	0	0	Y	N	N	N	N	N	N	N	N	N	N	N	1.6324	1.0469	2.1893	1.9786	inf	inf	0.0130	0.0148	0.0000	0.0587	0.0629	0.0000	0.0018	0.0020	0.0000	0.0080	0.0142	0.0000	0.0268	0.0318	0.0000	0.0000	0.0000	0.0000	0.0000	0.0000	-0.0003	-0.0003	9.0000	0.9996	12.0000	1.7768	0.0008	0.0008	0.0000	0.0007	0.0007	0.0000	0.0001	0.0001	0.0000	0.0006	0.0006	0.0000	0.0006	0.0006	0.0000	0.0000	0.0000	0.0000	0.0639	0.0560	0.0079	0.0126	0.0118	0.0008	0.0513	0.0442	0.0071	0.0717	0.0411	0.0306	0.0213	0.0179	0.0033	0.0504	0.0232	0.0272	1.6324	1.0691	0.0000	2.1893	1.9786	0.0000	inf	inf	0.0000	0.0080	0.0139	0.0000	0.0268	0.0318	0.0000	0.0000	0.0000	0.0000			
3	18	0.0974	6	1	1	1	0	0	0	0	0	N	N	N	N	N	N	N	N	N	N	N	N	0.0000	0.0000	0.0000	0.0000	0.0000	0.0000	0.0000	0.0000	0.0000	0.0000	0.0000	0.0000	0.0000	0.0001	0.0002	0.0000	0.0015	0.0018	0.0000	0.0000	0.0000	0.0000	0.0000	0.0000	-0.0000	9.0000	4.7641	12.0000	2.0666	0.0000	0.0000	0.0000	0.0000	0.0000	0.0000	0.0000	0.0000	0.0000	0.0000	0.0000	0.0000	0.0000	0.0000	0.0000	0.0000	0.0000	0.0000	0.3311	0.2886	0.0425	0.0148	0.0146	0.0002	0.3164	0.2741	0.0423	0.1986	0.1014	0.0972	0.0135	0.0111	0.0024	0.1851	0.0903	0.0949	0.0000	0.0000	0.0000	0.0000	0.0000	0.0000	0.0000	0.0000	0.0000	0.0001	0.0002	0.0000	0.0015	0.0018	0.0000	0.0000	0.0000	0.0000						
3	19	0.0799	5	1	1	1	0	0	0	0	0	N	N	N	N	N	N	N	N	N	N	N	N	2.2933	1.4074	0.0000	1.7372	1.6182	0.0000	0.0000	0.0000	0.0091	0.0103	0.0000	0.0854	0.0855	0.0000	0.0000	0.0000	0.0000	0.0040	0.0073	0.0001	0.0491	0.0529	0.0000	0.0001	0.0001	0.0001	0.0000	0.0122	-0.0004	-0.0005	9.0000	1.4176	12.0000	5.1148	0.0011	0.0011	0.0000	0.0011	0.0011	0.0000	0.0000	0.0000	0.0000	0.0008	0.0008	0.0000	0.0008	0.0008	0.0000	0.0000	0.0000	0.0000	0.1176	0.1042	0.0134	0.0125	0.0125	0.0000	0.1050	0.0916	0.0134	0.2091	0.1123	0.0968	0.0165	0.0153	0.0012	0.1927	0.0970	0.0956	2.2933	1.4074	0.0000	1.7372	1.6182	0.0000	0.0000	0.0000	0.0000	0.0040	0.0073	0.0001	0.0491	0.0529	0.0000	0.0001	0.0001	0.0001	
3	20	0.2367	9	1	1	2	1	0	0	0	0	N	N	Y	N	N	N	N	N	N	N	N	N	0.0000	0.0000	0.0000	0.0000	0.0000	0.0000	0.0000	0.0000	0.0000	0.0000	0.0000	0.0000	0.0000	0.0000	0.0000	0.0000	0.0000	0.0000	0.0000	0.0000	9.0000	0.0000	12.0000	0.0000	0.0000	0.0000	0.0000	0.0000	0.0000	0.0000	0.0000	0.0000	0.0000	0.0000	0.0000	0.0000	0.0000	0.0000	0.0000	0.0000	0.0000	0.0000	0.0000	0.0000	0.0000	0.0000	0.0000	0.0000	0.0000	0.0000	0.0000	0.0000	0.0000	0.0000	0.0000	0.0000	0.0000	0.0000	0.0000	0.0000	0.0000	0.0000	0.0000	0.0000	0.0000	0.0000	0.0000	0.0000	0.0000	0.0000	0.0000	0.0000	0.0000	0.0000	0.0000	0.0000	0.0000	0.0000											
3	21	0.1932	8	1	0	1	1	0	0	0	0	N	N	N	N	N	N	N	N	N	N	N	N	0.0000	0.0000	0.0000	0.0000	0.0000	0.0000	0.0000	0.0000	0.0000	0.0000	0.0000	0.0000	0.0000	0.0000	0.0000	0.0000	0.0000	0.0000	0.0000	0.0000	9.0000	6.0371	12.0000	11.7316	0.0000	0.0000	0.0000	0.0000	0.0000	0.0000	0.0000	0.0000	0.0000	0.0000	0.0000	0.0000	0.0000	0.0000	0.0000	0.0000	0.0000	0.0000	0.3808	0.3323	0.0486	0.0431	0.0401	0.0029	0.3378	0.2922	0.0456	0.4191	0.2466	0.1725	0.0975	0.0774	0.0202	0.3215	0.1692	0.1523	0.0000	0.0000	0.0000	0.0000	0.0000	0.0000	0.0000	0.0000	0.0000	0.0000	0.0000	0.0000	0.0000	0.0000	0.0000	0.0000	0.0000	0.0000											
3	22	0.1325	3	1	1	1	0	0	0	0	0	N	N	N	N	N	N	N	N	N	N	N	N	0.0000	0.0000	0.0000	0.0000	0.0000	0.0000	0.0000	0.0000	0.0000	0.0000	0.0000	0.0000	0.0000	0.0000	0.0000	0.0000	0.0002	0.0002	0.0000	0.0000	0.0000	0.0000	0.0000	0.0000	-0.0000	9.0000	11.9950	12.0000	7.9469	0.0000	0.0000	0.0000	0.0000	0.0000	0.0000	0.0000	0.0000	0.0000	0.0000	0.0000	0.0000	0.0000	0.0000	0.0000	0.0000	0.0000	0.0000	0.7851	0.6850	0.1001	0.0716	0.0676	0.0041	0.7135	0.6174	0.0961	0.5208	0.2915	0.2293	0.0637	0.0540	0.0097	0.4571	0.2375	0.2196	0.0000	0.0000	0.0000	0.0000	0.0000	0.0000	0.0000	0.0000	0.0000	0.0000	0.0000	0.0000	0.0002	0.0002	0.0000	0.0000	0.0000	0.0000						
3	23	0.2689	9	2	1	1	0	0	0	0	0	Y	N	N	N	N	N	N	N	N	N	N	N	0.0000	0.0000	0.0000	0.0000	0.0000	0.0000	0.0000	0.0000	0.0000	0.0000	0.0000	0.0000	0.0000	0.0000	0.0000	0.0000	0.0000	0.0000	0.0000	0.0000	9.0000	0.0013	12.0000	0.9984	0.0000	0.0000	0.0000	0.0000	0.0000	0.0000	0.0000	0.0000	0.0000	0.0000	0.0000	0.0000	0.0000	0.0000	0.0000	0.0000	0.0000	0.0000	0.0002	0.0002	0.0000	0.0001	0.0001	0.0000	0.0001	0.0001	0.0000	0.0323	0.0175	0.0148	0.0054	0.0043	0.0011	0.0268	0.0132	0.0137	0.0000	0.0000	0.0000	0.0000	0.0000	0.0000	0.0000	0.0000	0.0000	0.0000	0.0000	0.0000	0.0000	0.0000	0.0000	0.0000	0.0000	0.0000											
3	24	0.2155	10	1	1	1	1	0	0	0	0	N	N	N	N	N	N	N	N	N	N	N	N	0.0000	0.0000	0.0000	0.0000	0.0000	0.0000	0.0000	0.0000	0.0000	0.0000	0.0000	0.0000	0.0000	0.0000	0.0000	0.0000	0.0000	1.7951	0.0002	5.3508	0.0140	0.0007	0.0728	1.8556	0.0000	3.5243	5382.3038	0.0000	0.0884	9.0000	6.0729	12.0000	6.2374	0.0000	0.0000	0.0000	0.0000	0.0000	0.0000	0.0000	0.0000	0.0000	0.2153	0.0000	0.2153	0.0010	0.0000	0.0010	0.2143	0.0000	0.2143	0.4024	0.3525	0.0499	0.0588	0.0553	0.0035	0.3436	0.2972	0.0464	0.3033	0.1816	0.1217	0.0720	0.0586	0.0133	0.2313	0.1230	0.1083	0.0000	0.0000	0.0000	0.0000	0.0000	0.0000	0.0000	0.0000	0.0000	0.7100	0.0002	1.7695	0.0140	0.0007	0.0728	0.9264	0.0000	1.9781		
3	25	0.1581	6	2	1	1	0	0	0	0	0	Y	N	N	N	N	N	N	N	N	N	N	N	0.0000	0.0000	0.0000	0.0000	0.0000	0.0000	0.0000	0.0000	0.0000	0.0000	0.0000	0.0000	0.0000	0.0000	0.0000	0.0000	0.0000	2.0943	0.0000	7.3384	0.0002	0.0002	0.0003	2.1055	0.0000	5.9754	50002.5000	0.0000	0.4109	9.0000	19.6128	12.0000	15.0566	0.0000	0.0000	0.0000	0.0000	0.0000	0.0000	0.0000	0.0000	0.0000	1.0001	0.0000	1.0000	0.0000	0.0000	0.0000	1.0000	0.0000	1.0000	1.2625	1.1031	0.1593	0.1409	0.1282	0.0127	1.1216	0.9750	0.1466	0.7695	0.4349	0.3346	0.1435	0.1094	0.0341	0.6260	0.3255	0.3004	0.0000	0.0000	0.0000	0.0000	0.0000	0.0000	0.0000	0.0000	0.0000	1.2997	0.0000	2.9888	0.0002	0.0002	0.0003	1.5976	0.0000	3.3285		
3	26	0.2711	9	1	0	2	0	0	0	0	0	N	N	Y	N	N	N	N	N	N	N	N	N	0.0000	0.0000	0.0000	0.0000	0.0000	0.0000	0.0000	0.0000	0.0000	0.0000	0.0000	0.0000	0.0000	0.0000	0.0000	0.0000	0.0000	0.0000	0.0000	0.0000	9.0000	0.0000	12.0000	0.0000	0.0000	0.0000	0.0000	0.0000	0.0000	0.0000	0.0000	0.0000	0.0000	0.0000	0.0000	0.0000	0.0000	0.0000	0.0000	0.0000	0.0000	0.0000	0.0000	0.0000	0.0000	0.0000	0.0000	0.0000	0.0000	0.0000	0.0000	0.0000	0.0000	0.0000	0.0000	0.0000	0.0000	0.0000	0.0000	0.0000	0.0000	0.0000	0.0000	0.0000	0.0000	0.0000	0.0000	0.0000	0.0000	0.0000	0.0000	0.0000	0.0000	0.0000	0.0000	0.0000	0.0000	0.0000											
3	27	0.2419	10	2	0	2	0	0	0	0	0	Y	N	Y	N	N	N	N	N	N	N	N	N	982.4724	0.0577	inf	0.0140	0.0000	inf	inf	inf	inf	2.7587	0.0003	22.2364	0.0001	0.0000	0.0020	3.3956	0.0004	24.9865	0.0028	0.0049	0.0000	0.0105	0.0131	0.0000	0.0000	0.0000	0.0000	11102.8889	0.0000	0.6357	-0.0003	9.0000	6.0046	12.0000	3.2467	0.9994	0.0001	0.9993	0.0000	0.0000	0.0000	0.9993	0.0001	0.9993	0.0006	0.0006	0.0000	0.0006	0.0006	0.0000	0.0000	0.0000	0.0000	0.3623	0.3173	0.0449	0.0679	0.0630	0.0049	0.2943	0.2543	0.0400	0.2030	0.1160	0.0870	0.0541	0.0434	0.0107	0.1489	0.0726	0.0763	982.4724	0.0577	inf	0.0140	0.0000	inf	inf	inf	inf	0.0028	0.0049	0.0000	0.0105	0.0131	0.0000	0.0000	0.0000	0.0000
3	28	0.2055	9	2	0	1	0	0	0	0	0	Y	N	N	N	N	N	N	N	N	N	N	N	1.5128	0.9374	16.9171	0.0000	0.0000	0.0000	11707.8049	80682.0323	16.2542	4.2881	4.9073	0.0124	0.0000	0.0000	0.0000	5.0178	5.8186	0.0133	2.8346	5.2347	0.0007	41.5888	43.0919	0.0000	0.0004	0.0001	0.0008	0.0004	0.0001	-0.7269	-0.4629	9.0000	7.0330	12.0000	8.3476	2.0003	1.9996	0.0007	0.0000	0.0000	0.0000	2.0003	1.9996	0.0007	0.7859	0.7858	0.0001	0.7858	0.7858	0.0000	0.0001	0.0000	0.0001	0.4665	0.4075	0.0590	0.0678	0.0638	0.0040	0.3986	0.3437	0.0550	0.3725	0.2200	0.1525	0.0882	0.0718	0.0164	0.2844	0.1483	0.1361	2.0328	1.3740	16.9171	0.0000	0.0000	0.0000	11707.8049	80682.0323	16.2542	2.1095	3.5715	0.0007	8.9125	10.9499	0.0000	0.0004	0.0001	0.0008
3	29	0.2155	10	1	1	1	1	0	0	0	0	N	N	N	N	N	N	N	N	N	N	N	N	0.0000	0.0000	0.0000	0.0000	0.0000	0.0000	0.0000	0.0000	0.0000	0.0000	0.0000	0.0000	0.0000	2.1540	3.8967	0.0000	31.7831	34.9975	0.0000	0.0000	0.0000	0.0000	0.0000	0.0000	-0.4629	9.0000	12.7698	12.0000	10.8465	0.0000	0.0000	0.0000	0.0000	0.0000	0.0000	0.0000	0.0000	0.0000	0.7857	0.7857	0.0000	0.7857	0.7857	0.0000	0.0000	0.0000	0.0000	0.7937	0.6951	0.0986	0.1087	0.1017	0.0070	0.6850	0.5935	0.0916	0.5226	0.3057	0.2169	0.1156	0.0915	0.0241	0.4070	0.2142	0.1928	0.0000	0.0000	0.0000	0.0000	0.0000	0.0000	0.0000	0.0000	0.0000	1.5033	2.5697	0.0000	6.7963	8.5847	0.0000	0.0000	0.0000	0.0000						
3	30	0.0748	4	2	0	2	0	0	0	0	0	Y	N	Y	N	N	N	N	N	N	N	N	N	125449.2354	0.0000	inf	0.0000	0.0000	inf	inf	2.6714	0.0000	20.1999	0.0000	0.0000	0.0000	2.7075	0.0000	20.2327	0.0000	0.0000	0.0000	0.0210	0.0213	0.0000	0.0000	0.0000	0.0000	inf	0.0000	1.2719	-0.0000	9.0000	11.8338	12.0000	5.9707	1.9991	0.0000	1.9991	0.0000	0.0000	0.0000	1.9991	0.0000	1.9991	0.0000	0.0000	0.0000	0.0000	0.0000	0.0000	0.0000	0.0000	0.0000	0.7483	0.6494	0.0990	0.0100	0.0098	0.0002	0.7384	0.6395	0.0988	0.4696	0.2340	0.2356	0.0005	0.0005	0.0000	0.4691	0.2335	0.2356	125449.2354	0.0000	inf	0.0000	0.0000	0.0000	inf	0.0000	inf	0.0000	0.0000	0.0000	0.0210	0.0213	0.0000	0.0000	0.0000	0.0000		
3	31	0.2155	10	1	0	2	0	0	0	0	0	N	N	Y	N	N	N	N	N	N	N	N	N	0.0000	0.0000	0.0000	0.0000	0.0000	0.0000	0.0000	0.0000	0.0000	0.0000	0.0000	0.0000	0.0000	0.0000	0.0000	0.0000	0.0000	0.0000	0.0000	0.0000	9.0000	6.9288	12.0000	3.0309	0.0000	0.0000	0.0000	0.0000	0.0000	0.0000	0.0000	0.0000	0.0000	0.0000	0.0000	0.0000	0.0000	0.0000	0.0000	0.0000	0.0000	0.0000	0.4552	0.3986	0.0565	0.0655	0.0616	0.0039	0.3897	0.3371	0.0526	0.2550	0.1543	0.1007	0.0622	0.0513	0.0109	0.1928	0.1031	0.0898	0.0000	0.0000	0.0000	0.0000	0.0000	0.0000	0.0000	0.0000	0.0000	0.0000	0.0000	0.0000	0.0000	0.0000	0.0000	0.0000	0.0000	0.0000											
3	32	0.2055	9	1	0	1	0	0	0	0	0	N	N	N	N	N	N	N	N	N	N	N	N	0.0008	0.0008	0.0000	0.0006	0.0006	0.0000	0.0000	0.0000	0.0000	0.0022	0.0026	0.0000	0.0106	0.0110	0.0000	0.0000	0.0000	0.0000	2.9075	3.1406	6.9796	17.3032	17.5479	0.0975	2.0700	0.0075	5.8996	0.0000	0.9934	-0.0001	-0.0307	9.0000	1.8775	12.0000	3.1058	0.0003	0.0003	0.0000	0.0003	0.0003	0.0000	0.0000	0.0000	0.0000	0.3378	0.1695	0.1683	0.1698	0.1693	0.0005	0.1680	0.0002	0.1678	0.1521	0.1332	0.0189	0.0322	0.0308	0.0014	0.1199	0.1024	0.0175	0.1566	0.0983	0.0583	0.0451	0.0394	0.0056	0.1115	0.0589	0.0526	0.0010	0.0015	0.0000	0.0028	0.0026	0.0000	0.0000	0.0000	0.0000	2.1571	1.7234	2.8891	3.7668	4.2909	0.0975	1.5065	0.0035	3.1880
3	33	0.1932	8	1	0	1	0	0	0	0	0	N	N	N	N	N	N	N	N	N	N	N	N	0.0005	0.0004	0.0000	0.0000	inf	inf	0.0010	0.0011	0.0000	0.0000	0.0000	0.0000	0.0011	0.0013	0.0000	2.0265	3.1746	0.0000	18.0470	18.7152	0.0000	0.0000	0.0000	0.0000	0.0000	0.0000	-0.0001	-0.1264	9.0000	5.3867	12.0000	0.9197	0.0003	0.0003	0.0000	0.0000	0.0000	0.0000	0.0003	0.0003	0.0000	0.2145	0.2145	0.0000	0.2145	0.2145	0.0000	0.0000	0.0000	0.0000	0.3415	0.2979	0.0436	0.0388	0.0361	0.0026	0.3027	0.2618	0.0409	0.1826	0.1130	0.0697	0.0496	0.0420	0.0077	0.1330	0.0710	0.0620	0.0008	0.0006	0.0000	0.0000	0.0000	0.0000	inf	inf	0.0000	1.1746	1.8992	0.0000	4.3222	5.1097	0.0000	0.0000	0.0000	0.0000			
3	34	0.2764	10	1	1	1	0	0	0	0	0	N	N	N	N	N	N	N	N	N	N	N	N	0.0000	0.0000	0.0000	0.0000	0.0000	0.0000	0.0000	0.0000	0.0000	0.0000	0.0000	0.0000	0.0000	0.0000	0.0000	0.0000	0.0000	0.0000	0.0000	0.0000	9.0000	0.0019	12.0000	3.0025	0.0000	0.0000	0.0000	0.0000	0.0000	0.0000	0.0000	0.0000	0.0000	0.0000	0.0000	0.0000	0.0000	0.0000	0.0000	0.0000	0.0000	0.0000	0.0005	0.0004	0.0000	0.0002	0.0002	0.0000	0.0003	0.0002	0.0000	0.0617	0.0373	0.0243	0.0169	0.0132	0.0036	0.0448	0.0241	0.0207	0.0000	0.0000	0.0000	0.0000	0.0000	0.0000	0.0000	0.0000	0.0000	0.0000	0.0000	0.0000	0.0000	0.0000	0.0000	0.0000	0.0000	0.0000											
3	35	0.2570	6	2	1	1	0	0	0	0	0	Y	N	N	N	N	N	N	N	N	N	N	N	0.0000	0.0000	0.0000	0.0000	0.0000	0.0000	0.0000	0.0000	0.0000	0.0000	0.0000	0.0000	0.0000	0.0000	0.0000	0.0000	0.0000	0.0000	0.0000	0.0000	9.0000	1.0000	12.0000	1.9999	0.0000	0.0000	0.0000	0.0000	0.0000	0.0000	0.0000	0.0000	0.0000	0.0000	0.0000	0.0000	0.0000	0.0000	0.0000	0.0000	0.0000	0.0000	0.0624	0.0545	0.0079	0.0113	0.0105	0.0008	0.0511	0.0440	0.0071	0.0670	0.0360	0.0310	0.0098	0.0079	0.0018	0.0572	0.0281	0.0292	0.0000	0.0000	0.0000	0.0000	0.0000	0.0000	0.0000	0.0000	0.0000	0.0000	0.0000	0.0000	0.0000	0.0000	0.0000	0.0000	0.0000	0.0000											
3	36	0.0909	2	1	1	2	0	0	0	0	0	N	N	Y	N	N	N	N	N	N	N	N	N	0.6290	0.0140	inf	157.3622	138.7659	inf	0.5900	0.0000	inf	4.8828	0.2277	35.5597	3.6426	3.8671	0.0587	4.9541	0.0000	36.4441	7.7628	16.2447	0.0000	0.0231	0.0279	0.0000	8.3968	15.4865	0.0000	23.6976	0.0000	0.6194	-1.1536	9.0000	3.0341	12.0000	5.2124	1.0397	0.0421	0.9976	0.0421	0.0421	0.0000	0.9976	0.0000	0.9976	1.9582	1.9582	0.0000	0.0009	0.0009	0.0000	1.9573	1.9573	0.0000	0.2129	0.1849	0.0281	0.0116	0.0109	0.0007	0.2014	0.1740	0.0274	0.2711	0.1579	0.1131	0.0380	0.0316	0.0064	0.2331	0.1264	0.1067	0.6760	0.0184	inf	157.3622	138.7659	inf	0.5900	0.0000	inf	7.2235	12.3983	0.0000	0.0231	0.0279	0.0000	8.3968	15.4865	0.0000
3	38	0.2764	10	1	0	2	0	0	0	0	0	N	N	Y	N	N	N	N	N	N	N	N	N	0.0000	0.0000	0.0000	0.0000	0.0000	0.0000	0.0000	0.0000	0.0000	0.0000	0.0000	0.0000	0.0000	0.0000	0.0000	0.0000	0.0000	0.0000	0.0000	0.0000	9.0000	0.9992	12.0000	1.0069	0.0000	0.0000	0.0000	0.0000	0.0000	0.0000	0.0000	0.0000	0.0000	0.0000	0.0000	0.0000	0.0000	0.0000	0.0000	0.0000	0.0000	0.0000	0.0563	0.0491	0.0072	0.0066	0.0062	0.0004	0.0497	0.0429	0.0068	0.0417	0.0253	0.0164	0.0115	0.0090	0.0024	0.0302	0.0163	0.0139	0.0000	0.0000	0.0000	0.0000	0.0000	0.0000	0.0000	0.0000	0.0000	0.0000	0.0000	0.0000	0.0000	0.0000	0.0000	0.0000	0.0000	0.0000											
3	39	0.2711	9	1	0	1	0	0	0	0	0	N	N	N	N	N	N	N	N	N	N	N	N	0.0000	0.0000	0.0000	0.0000	0.0000	0.0000	0.0000	0.0000	0.0000	0.0000	0.0000	0.0000	0.0000	0.0000	0.0000	0.0000	0.0000	0.0000	0.0000	0.0000	9.0000	1.0008	12.0000	0.9987	0.0000	0.0000	0.0000	0.0000	0.0000	0.0000	0.0000	0.0000	0.0000	0.0000	0.0000	0.0000	0.0000	0.0000	0.0000	0.0000	0.0000	0.0000	0.0570	0.0496	0.0074	0.0061	0.0057	0.0004	0.0509	0.0439	0.0070	0.0414	0.0249	0.0165	0.0104	0.0081	0.0023	0.0310	0.0168	0.0142	0.0000	0.0000	0.0000	0.0000	0.0000	0.0000	0.0000	0.0000	0.0000	0.0000	0.0000	0.0000	0.0000	0.0000	0.0000	0.0000	0.0000	0.0000											
3	40	0.1932	8	1	0	1	0	0	0	0	0	N	N	N	N	N	N	N	N	N	N	N	N	0.0000	0.0000	0.0000	0.0000	0.0000	0.0000	0.0000	0.0000	0.0000	0.0000	0.0000	0.0000	0.0000	0.0000	0.0000	0.0000	0.0000	0.0000	0.0000	0.0000	9.0000	9.0374	12.0000	18.5287	0.0000	0.0000	0.0000	0.0000	0.0000	0.0000	0.0000	0.0000	0.0000	0.0000	0.0000	0.0000	0.0000	0.0000	0.0000	0.0000	0.0000	0.0000	0.5587	0.4878	0.0710	0.0626	0.0583	0.0043	0.4961	0.4295	0.0666	0.6008	0.3494	0.2513	0.1335	0.1038	0.0297	0.4672	0.2456	0.2216	0.0000	0.0000	0.0000	0.0000	0.0000	0.0000	0.0000	0.0000	0.0000	0.0000	0.0000	0.0000	0.0000	0.0000	0.0000	0.0000	0.0000	0.0000											
3	41	0.1663	7	1	0	1	0	0	0	0	0	N	N	N	N	N	N	N	N	N	N	N	N	20538.7288	42825.1177	8.3987	8.3519	3.9815	27.0097	inf	inf	1.7447	2.0056	0.0012	0.0030	0.0006	0.0349	1.8640	2.1530	0.0000	0.0001	0.0000	0.0001	0.0004	0.0001	0.0013	0.0000	0.0000	0.0000	0.0001	1.9900	-0.3635	0.0000	9.0000	9.0369	12.0000	3.5648	0.9994	0.9993	0.0001	0.0001	0.0000	0.0001	0.9993	0.9993	0.0000	0.0000	0.0000	0.0000	0.0000	0.0000	0.0000	0.0000	0.0000	0.0000	0.5728	0.4982	0.0746	0.0367	0.0341	0.0026	0.5361	0.4641	0.0720	0.3538	0.2146	0.1392	0.0837	0.0683	0.0155	0.2700	0.1463	0.1237	20538.7288	42825.1177	8.3987	8.3519	3.9815	27.0097	inf	inf	0.0000	0.0001	0.0000	0.0001	0.0004	0.0001	0.0013	0.0000	0.0000	0.0000	
3	42	0.1325	3	1	0	1	0	0	0	0	0	N	N	N	N	N	N	N	N	N	N	N	N	54936.7947	0.0000	inf	0.0000	0.0000	inf	inf	0.9365	0.0000	7.3328	0.0000	0.0000	0.0000	1.0164	0.0000	7.6222	0.0000	0.0000	0.0000	0.0001	0.0002	0.0000	0.0000	0.0000	0.0000	inf	0.0000	0.6362	-0.0000	9.0000	17.0025	12.0000	6.0864	1.0000	0.0000	1.0000	0.0000	0.0000	0.0000	1.0000	0.0000	1.0000	0.0000	0.0000	0.0000	0.0000	0.0000	0.0000	0.0000	0.0000	0.0000	1.0678	0.9314	0.1364	0.0839	0.0787	0.0052	0.9838	0.8526	0.1312	0.5866	0.3265	0.2601	0.0690	0.0579	0.0110	0.5176	0.2686	0.2490	54936.7947	0.0000	inf	0.0000	0.0000	0.0000	inf	0.0000	inf	0.0000	0.0000	0.0000	0.0001	0.0002	0.0000	0.0000	0.0000	0.0000		
3	44	0.1325	3	1	1	1	0	0	0	0	0	N	N	N	N	N	N	N	N	N	N	N	N	0.4519	0.4439	0.0000	0.5087	0.4672	0.0000	2.0539	2.3485	0.0000	0.0000	0.0000	0.0000	2.3359	2.7035	0.0000	4.5449	5.2903	10.0283	0.0000	0.0000	0.0000	4.5917	5.7866	9.4488	0.0000	1.0000	-0.3638	-0.1782	9.0000	6.9958	12.0000	11.8523	1.0000	1.0000	0.0000	0.0000	0.0000	0.0000	1.0000	1.0000	0.0000	2.0000	1.0000	1.0000	0.0000	0.0000	0.0000	2.0000	1.0000	1.0000	0.4869	0.4258	0.0611	0.0588	0.0559	0.0029	0.4281	0.3699	0.0582	0.4974	0.2791	0.2184	0.0619	0.0526	0.0092	0.4356	0.2264	0.2091	0.5108	0.6554	0.0000	0.0000	0.0000	0.0000	0.5087	0.6122	0.0000	4.0206	3.5833	4.5796	0.0000	0.0000	0.0000	4.5917	4.4162	4.7816			
3	45	0.1709	4	1	1	1	0	0	0	0	0	N	N	N	N	N	N	N	N	N	N	N	N	0.3153	0.0000	0.6823	0.0000	0.0000	0.3299	0.7472	0.8225	0.0000	6.3670	0.0000	0.0000	0.0000	0.8820	0.0000	6.6401	2.6089	0.0000	9.3313	0.0001	0.0001	0.0000	2.6737	0.0000	8.8866	inf	152921.5293	0.6362	0.6283	9.0000	20.1318	12.0000	17.5118	1.0000	0.0000	1.0000	0.0000	0.0000	0.0000	1.0000	0.0000	1.0000	1.5292	0.0000	1.5292	0.0000	0.0000	0.0000	1.5292	0.0000	1.5292	1.2159	1.0588	0.1571	0.0821	0.0756	0.0065	1.1338	0.9832	0.1506	0.8235	0.4572	0.3663	0.1432	0.1157	0.0275	0.6803	0.3415	0.3388	0.4429	0.0000	1.5251	0.0000	0.0000	0.0000	0.3924	0.0000	1.4710	1.8570	0.0000	4.1748	0.0001	0.0001	0.0000	2.2478	0.0000	4.5140		
3	46	0.1943	8	1	1	1	0	0	0	0	0	N	N	N	N	N	N	N	N	N	N	N	N	0.0000	0.0000	0.0000	0.0000	0.0000	0.0000	0.0000	0.0000	0.0000	0.0000	0.0000	0.0000	0.0000	0.0000	0.0000	0.0000	0.0000	0.0003	0.0003	0.0003	0.0007	0.0006	0.0012	0.0000	0.0000	0.0000	0.5000	0.0000	-0.0001	9.0000	15.0410	12.0000	10.9147	0.0000	0.0000	0.0000	0.0000	0.0000	0.0000	0.0000	0.0000	0.0000	0.0002	0.0001	0.0001	0.0002	0.0001	0.0001	0.0000	0.0000	0.0000	1.0033	0.8770	0.1263	0.1404	0.1314	0.0090	0.8630	0.7456	0.1173	0.7620	0.4841	0.2780	0.2803	0.2200	0.0603	0.4817	0.2641	0.2176	0.0000	0.0000	0.0000	0.0000	0.0000	0.0000	0.0000	0.0000	0.0000	0.0003	0.0003	0.0003	0.0007	0.0006	0.0012	0.0000	0.0000	0.0000		
3	47	0.0799	5	2	0	2	0	0	0	0	0	Y	N	Y	N	N	N	N	N	N	N	N	N	0.4620	0.0000	1.0301	0.0000	0.0000	0.5107	1.2061	1.2347	0.0000	9.4116	0.0000	0.0000	0.0000	1.2566	0.0000	9.4304	2.6721	0.0001	9.1369	0.0010	0.0012	0.0000	2.4604	0.0000	7.8186	inf	49963.4996	0.6355	0.4106	9.0000	12.7633	12.0000	6.3722	0.9989	0.0000	0.9989	0.0000	0.0000	0.0000	0.9989	0.0000	0.9989	0.9993	0.0000	0.9993	0.0000	0.0000	0.0000	0.9993	0.0000	0.9993	0.8091	0.7029	0.1061	0.0141	0.0139	0.0002	0.7949	0.6890	0.1059	0.5215	0.2679	0.2536	0.0194	0.0166	0.0029	0.5021	0.2514	0.2507	0.6444	0.0000	2.3885	0.0000	0.0000	0.0000	0.6314	0.0000	2.3661	1.9160	0.0001	3.9403	0.0010	0.0012	0.0000	1.9902	0.0000	3.9856		
3	48	0.0748	4	1	0	1	0	0	0	0	0	N	N	N	N	N	N	N	N	N	N	N	N	4.1775	42.9149	12.7738	inf	inf	2.8124	0.0000	12.7908	0.0501	0.0256	0.2968	0.1108	0.1109	0.0000	0.0340	0.0000	0.2972	0.0120	0.0006	0.0232	0.0000	0.0000	0.0000	0.0121	0.0006	0.0232	1.1507	39.5002	0.0003	0.0003	9.0000	0.3513	12.0000	1.9759	0.0020	0.0009	0.0011	0.0009	0.0009	0.0000	0.0011	0.0000	0.0011	0.0008	0.0000	0.0008	0.0000	0.0000	0.0000	0.0008	0.0000	0.0008	0.0399	0.0362	0.0036	0.0084	0.0084	0.0000	0.0315	0.0279	0.0036	0.0675	0.0335	0.0340	0.0004	0.0004	0.0000	0.0671	0.0331	0.0340	4.1775	42.9149	12.7738	inf	inf	0.0000	2.8124	0.0000	12.7908	0.0120	0.0006	0.0232	0.0000	0.0000	0.0000	0.0121	0.0006	0.0232	
3	49	0.0745	3	1	0	1	0	0	0	0	0	N	N	N	N	N	N	N	N	N	N	N	N	inf	inf	inf	inf	inf	inf	inf	0.0856	0.0021	0.6090	0.3982	0.4089	0.0000	0.0841	0.0000	0.6095	0.0000	0.0000	0.0000	0.0000	0.0000	0.0000	0.0000	0.0000	0.0000	46.5009	0.0006	-0.0000	9.0000	0.1669	12.0000	0.0350	0.0009	0.0000	0.0009	0.0000	0.0000	0.0000	0.0009	0.0000	0.0009	0.0000	0.0000	0.0000	0.0000	0.0000	0.0000	0.0000	0.0000	0.0000	0.0111	0.0096	0.0015	0.0001	0.0000	0.0000	0.0111	0.0095	0.0015	0.0059	0.0029	0.0030	0.0000	0.0000	0.0000	0.0059	0.0029	0.0030	inf	inf	inf	inf	inf	0.0000	inf	0.0000	inf	0.0000	0.0000	0.0000	0.0000	0.0000	0.0000	0.0000	0.0000	0.0000			
3	50	0.0745	2	1	0	1	0	0	0	0	0	N	N	N	N	N	N	N	N	N	N	N	N	inf	inf	inf	inf	inf	inf	inf	0.2046	0.1109	1.3223	0.3081	0.3095	0.0000	0.1532	0.0000	1.3480	0.0000	0.0000	0.0000	0.0000	0.0000	0.0000	0.0000	0.0000	0.0000	1.0000	0.0000	-0.0000	9.0000	0.0010	12.0000	0.0028	0.0000	0.0000	0.0000	0.0000	0.0000	0.0000	0.0000	0.0000	0.0000	0.0000	0.0000	0.0000	0.0000	0.0000	0.0000	0.0000	0.0000	0.0000	0.0002	0.0002	0.0000	0.0001	0.0001	0.0000	0.0001	0.0001	0.0000	0.0002	0.0001	0.0001	0.0000	0.0000	0.0000	0.0001	0.0001	0.0001	inf	inf	inf	inf	inf	0.0000	inf	0.0000	inf	0.0000	0.0000	0.0000	0.0000	0.0000	0.0000	0.0000	0.0000	0.0000			
3	51	0.1520	4	1	1	1	1	0	0	0	0	N	N	N	N	N	N	N	N	N	N	N	N	0.7379	0.0000	1.5598	0.0207	0.0000	0.0904	0.8146	1.6505	1.9368	0.0000	15.5000	0.0001	0.0000	0.0032	2.2249	0.0000	16.3016	2.6247	0.0001	9.9373	0.0072	0.0005	0.0349	2.7314	0.0000	9.8770	inf	25255.0026	0.6358	0.4150	9.0000	7.3891	12.0000	13.2142	0.9993	0.0000	0.9993	0.0000	0.0000	0.0000	0.9993	0.0000	0.9993	1.0102	0.0000	1.0102	0.0008	0.0000	0.0007	1.0095	0.0000	1.0095	0.5159	0.4515	0.0645	0.0668	0.0636	0.0032	0.4491	0.3878	0.0613	0.5382	0.3126	0.2257	0.1064	0.0854	0.0209	0.4319	0.2271	0.2047	1.0319	0.0000	3.4623	0.0207	0.0000	0.0904	0.9518	0.0000	3.3059	1.8770	0.0001	4.4768	0.0072	0.0005	0.0349	2.3375	0.0000	4.9311	
3	52	0.1581	5	1	1	1	0	0	0	0	0	N	N	N	N	N	N	N	N	N	N	N	N	0.0000	0.0000	0.0000	0.0000	0.0000	0.0000	0.0000	0.0000	0.0000	0.0000	0.0000	0.0000	0.0000	0.0000	0.0000	0.0000	0.0000	2.3954	0.0001	8.9416	0.0003	0.0002	0.0004	2.5603	0.0000	8.6570	50002.7500	0.0000	0.4109	9.0000	12.1779	12.0000	13.0455	0.0000	0.0000	0.0000	0.0000	0.0000	0.0000	0.0000	0.0000	0.0000	1.0001	0.0000	1.0001	0.0000	0.0000	0.0000	1.0000	0.0000	1.0000	0.8536	0.7459	0.1077	0.1205	0.1094	0.0111	0.7332	0.6365	0.0967	0.5897	0.3345	0.2552	0.1125	0.0863	0.0262	0.4773	0.2482	0.2290	0.0000	0.0000	0.0000	0.0000	0.0000	0.0000	0.0000	0.0000	0.0000	1.6958	0.0001	3.9188	0.0003	0.0002	0.0004	2.0954	0.0000	4.3666		
3	56	0.2157	9	1	1	1	0	0	0	0	0	N	N	N	N	N	N	N	N	N	N	N	N	0.0000	0.0000	0.0000	0.0000	0.0000	0.0000	0.0000	0.0000	0.0000	0.0000	0.0000	0.0000	0.0000	0.0000	0.0000	0.0000	0.0000	0.0006	0.0006	0.0005	0.0016	0.0012	0.0032	0.0000	0.0000	0.0000	0.5000	0.0000	-0.0001	9.0000	5.0156	12.0000	9.5596	0.0000	0.0000	0.0000	0.0000	0.0000	0.0000	0.0000	0.0000	0.0000	0.0002	0.0002	0.0001	0.0002	0.0002	0.0001	0.0000	0.0000	0.0000	0.3277	0.2862	0.0415	0.0396	0.0372	0.0024	0.2881	0.2490	0.0391	0.4148	0.2664	0.1484	0.1540	0.1293	0.0248	0.2608	0.1371	0.1236	0.0000	0.0000	0.0000	0.0000	0.0000	0.0000	0.0000	0.0000	0.0000	0.0006	0.0006	0.0005	0.0016	0.0012	0.0032	0.0000	0.0000	0.0000		
3	57	0.1943	8	1	1	1	0	0	0	0	0	N	N	N	N	N	N	N	N	N	N	N	N	2.5287	2.4956	0.0000	7.0808	6.4194	0.0000	0.0000	0.0000	0.0000	0.0070	0.0080	0.0000	0.0320	0.0340	0.0000	0.0000	0.0000	0.0000	0.0028	0.0032	0.0018	0.0045	0.0053	0.0016	0.0013	0.0007	0.0020	0.0000	0.2746	-0.0011	-0.0005	9.0000	5.2776	12.0000	4.9316	0.0031	0.0031	0.0000	0.0031	0.0031	0.0000	0.0000	0.0000	0.0000	0.0013	0.0010	0.0003	0.0010	0.0009	0.0001	0.0003	0.0001	0.0002	0.4457	0.3897	0.0560	0.0973	0.0915	0.0058	0.3484	0.2982	0.0502	0.4699	0.3181	0.1518	0.2166	0.1714	0.0451	0.2533	0.1467	0.1066	2.5287	2.4956	0.0000	7.0808	6.4194	0.0000	0.0000	0.0000	0.0000	0.0028	0.0032	0.0018	0.0045	0.0053	0.0016	0.0013	0.0007	0.0020
3	58	0.1663	7	1	0	1	0	0	0	0	0	N	N	N	N	N	N	N	N	N	N	N	N	681.9397	1142.1790	0.3172	8341.3779	7784.6218	0.0867	0.6191	1.6851	0.3002	2.3944	2.7527	0.0017	35.4355	37.9878	0.0001	0.0020	0.0021	0.0017	0.0035	0.0024	0.0052	0.0042	0.0049	0.0014	0.0033	0.0012	0.0057	0.0001	1.3885	-0.3634	-0.0000	9.0000	6.4383	12.0000	5.2340	0.9991	0.9990	0.0001	0.9983	0.9983	0.0000	0.0008	0.0007	0.0001	0.0012	0.0005	0.0007	0.0003	0.0003	0.0000	0.0008	0.0002	0.0007	0.4173	0.3629	0.0543	0.0282	0.0263	0.0019	0.3891	0.3366	0.0524	0.3331	0.2032	0.1299	0.0800	0.0656	0.0145	0.2531	0.1376	0.1155	681.9397	1142.1790	0.3172	8341.3779	7784.6218	0.0867	0.6191	1.6851	0.3002	0.0035	0.0024	0.0052	0.0042	0.0049	0.0014	0.0033	0.0012	0.0057
3	59	0.1581	6	1	0	1	0	0	0	0	0	N	N	N	N	N	N	N	N	N	N	N	N	0.7970	0.6907	0.2862	0.4309	0.4668	0.0000	0.9101	0.2946	0.3731	0.0022	0.0025	0.0005	0.0009	0.0010	0.0000	0.0027	0.0031	0.0006	0.0028	0.0036	0.0016	0.0021	0.0021	0.0019	0.0030	0.0104	0.0016	0.0253	0.2963	-0.0003	-0.0001	9.0000	3.9043	12.0000	0.3762	0.0008	0.0008	0.0000	0.0001	0.0001	0.0000	0.0007	0.0007	0.0000	0.0003	0.0003	0.0001	0.0001	0.0000	0.0000	0.0003	0.0002	0.0001	0.3636	0.3203	0.0433	0.1018	0.0924	0.0094	0.2619	0.2279	0.0340	0.1252	0.0756	0.0496	0.0292	0.0239	0.0053	0.0960	0.0517	0.0443	0.7970	0.6907	0.2862	0.4309	0.4668	0.0000	0.9101	0.7212	0.3731	0.0028	0.0036	0.0016	0.0021	0.0021	0.0019	0.0030	0.0043	0.0016
3	60	0.1581	5	1	0	1	0	0	0	0	0	N	N	N	N	N	N	N	N	N	N	N	N	0.0000	0.0000	0.0000	0.0000	0.0000	0.0000	0.0000	0.0000	0.0000	0.0000	0.0000	0.0000	0.0000	0.0000	0.0000	0.0000	0.0000	0.0000	0.0026	0.0023	0.0033	0.0052	0.0053	0.0042	0.0016	0.0004	0.0032	0.7778	0.0000	-0.0000	9.0000	1.5036	12.0000	0.1987	0.0000	0.0000	0.0000	0.0000	0.0000	0.0000	0.0000	0.0000	0.0000	0.0002	0.0001	0.0001	0.0001	0.0001	0.0000	0.0001	0.0000	0.0001	0.2089	0.1861	0.0228	0.0929	0.0842	0.0086	0.1160	0.1019	0.0142	0.0610	0.0399	0.0212	0.0174	0.0151	0.0024	0.0436	0.0248	0.0188	0.0000	0.0000	0.0000	0.0000	0.0000	0.0000	0.0000	0.0000	0.0000	0.0026	0.0023	0.0033	0.0052	0.0053	0.0042	0.0016	0.0004	0.0032	
3	61	0.1520	4	1	0	1	0	0	0	0	0	N	N	N	N	N	N	N	N	N	N	N	N	0.0122	0.4122	0.0000	0.3800	0.6650	0.0000	0.0000	0.0000	0.0000	0.0029	0.0032	0.0000	0.0121	0.0125	0.0000	0.0000	0.0000	0.0000	0.2336	0.0078	0.3153	0.0317	0.0188	0.1324	0.4881	0.0002	0.2577	0.0000	13.3352	-0.0002	0.0040	9.0000	2.7181	12.0000	1.0102	0.0006	0.0006	0.0000	0.0006	0.0006	0.0000	0.0000	0.0000	0.0000	0.0117	0.0008	0.0109	0.0015	0.0008	0.0007	0.0102	0.0000	0.0102	0.2245	0.1986	0.0258	0.0531	0.0512	0.0019	0.1714	0.1475	0.0239	0.1560	0.1049	0.0511	0.0486	0.0430	0.0055	0.1075	0.0618	0.0456	0.0379	0.4122	0.0000	0.3800	0.6650	0.0000	0.0000	0.0000	0.0000	0.0753	0.0078	0.2137	0.0317	0.0188	0.1324	0.0950	0.0002	0.2235
3	62	0.1325	3	1	0	1	0	0	0	0	0	N	N	N	N	N	N	N	N	N	N	N	N	0.0010	0.0000	0.0022	0.0552	0.0000	inf	0.0014	0.0000	0.0025	0.0047	0.0000	0.0454	0.0000	0.0000	0.0000	0.0070	0.0000	0.0506	4.5919	0.0052	20.9329	0.0000	0.0000	0.0000	4.8365	0.0216	20.2425	inf	1302.2076	0.0004	0.4062	9.0000	1.4525	12.0000	6.3634	0.0006	0.0000	0.0006	0.0000	0.0000	0.0000	0.0006	0.0000	0.0006	0.9906	0.0008	0.9898	0.0000	0.0000	0.0000	0.9906	0.0008	0.9898	0.1358	0.1217	0.0141	0.0438	0.0423	0.0015	0.0920	0.0794	0.0126	0.2462	0.1460	0.1002	0.0414	0.0373	0.0041	0.2048	0.1087	0.0961	0.0012	0.0000	0.0046	0.0552	0.0000	inf	0.0014	0.0000	0.0049	4.0228	0.0052	9.8773	0.0000	0.0000	0.0000	4.8365	0.0070	10.2993
3	63	0.2119	6	2	1	1	1	0	0	0	0	Y	N	N	N	N	N	N	N	N	N	N	N	inf	inf	inf	inf	7.7607	8.9097	0.0000	0.0000	0.0000	0.0000	8.9350	10.3535	0.0000	0.0000	0.0000	0.0000	0.0000	0.0000	0.0000	0.0000	0.0000	0.0000	0.0000	-0.3638	0.0000	9.0000	2.0000	12.0000	2.0002	1.0000	1.0000	0.0000	0.0000	0.0000	0.0000	1.0000	1.0000	0.0000	0.0000	0.0000	0.0000	0.0000	0.0000	0.0000	0.0000	0.0000	0.0000	0.1289	0.1122	0.0166	0.0169	0.0157	0.0013	0.1119	0.0966	0.0153	0.0981	0.0539	0.0441	0.0134	0.0107	0.0027	0.0847	0.0432	0.0414	inf	inf	0.0000	0.0000	0.0000	0.0000	inf	inf	0.0000	0.0000	0.0000	0.0000	0.0000	0.0000	0.0000	0.0000	0.0000	0.0000						
3	64	0.2276	10	1	1	1	1	0	0	0	0	N	N	N	N	N	N	N	N	N	N	N	N	0.0000	0.0000	0.0000	0.0000	0.0000	0.0000	0.0000	0.0000	0.0000	0.0000	0.0000	0.0000	0.0000	0.0001	0.0001	0.0000	0.0004	0.0004	0.0000	0.0000	0.0000	0.0000	0.0000	0.0000	-0.0000	9.0000	2.0059	12.0000	4.8036	0.0000	0.0000	0.0000	0.0000	0.0000	0.0000	0.0000	0.0000	0.0000	0.0000	0.0000	0.0000	0.0000	0.0000	0.0000	0.0000	0.0000	0.0000	0.1305	0.1138	0.0167	0.0194	0.0180	0.0015	0.1110	0.0958	0.0152	0.1664	0.0942	0.0721	0.0279	0.0232	0.0046	0.1385	0.0710	0.0675	0.0000	0.0000	0.0000	0.0000	0.0000	0.0000	0.0000	0.0000	0.0000	0.0001	0.0001	0.0000	0.0004	0.0004	0.0000	0.0000	0.0000	0.0000						
3	65	0.2248	8	1	1	1	0	0	0	0	0	N	N	N	N	N	N	N	N	N	N	N	N	0.0000	0.0000	0.0000	0.0000	0.0000	0.0000	0.0000	0.0000	0.0000	0.0000	0.0000	0.0000	0.0000	0.0000	0.0000	0.0051	0.0092	0.0000	0.0271	0.0315	0.0000	0.0000	0.0000	0.0000	0.0000	0.0000	-0.0001	9.0000	0.9804	12.0000	0.2754	0.0000	0.0000	0.0000	0.0000	0.0000	0.0000	0.0000	0.0000	0.0000	0.0002	0.0002	0.0000	0.0002	0.0002	0.0000	0.0000	0.0000	0.0000	0.0673	0.0590	0.0083	0.0104	0.0098	0.0006	0.0570	0.0492	0.0077	0.0354	0.0196	0.0158	0.0067	0.0057	0.0009	0.0287	0.0139	0.0148	0.0000	0.0000	0.0000	0.0000	0.0000	0.0000	0.0000	0.0000	0.0000	0.0051	0.0092	0.0000	0.0271	0.0315	0.0000	0.0000	0.0000	0.0000				
3	66	0.2226	9	1	0	2	1	0	0	0	0	N	N	Y	N	N	N	N	N	N	N	N	N	0.0000	0.0000	0.0000	0.0000	0.0000	0.0000	0.0000	0.0000	0.0000	0.0000	0.0000	0.0000	0.0000	0.0000	0.0000	0.0000	0.0000	0.0000	0.0000	0.0000	9.0000	0.9437	12.0000	4.8091	0.0000	0.0000	0.0000	0.0000	0.0000	0.0000	0.0000	0.0000	0.0000	0.0000	0.0000	0.0000	0.0000	0.0000	0.0000	0.0000	0.0000	0.0000	0.0857	0.0746	0.0111	0.0230	0.0216	0.0013	0.0627	0.0530	0.0097	0.1455	0.0828	0.0627	0.0247	0.0208	0.0039	0.1207	0.0620	0.0587	0.0000	0.0000	0.0000	0.0000	0.0000	0.0000	0.0000	0.0000	0.0000	0.0000	0.0000	0.0000	0.0000	0.0000	0.0000	0.0000	0.0000	0.0000											
3	67	0.2156	8	1	0	2	1	0	0	0	0	N	N	Y	N	N	N	N	N	N	N	N	N	0.0000	0.0000	0.0000	0.0000	0.0000	0.0000	0.0000	0.0000	0.0000	0.0000	0.0000	0.0000	0.0000	0.0000	0.0000	0.0000	0.0000	0.0000	0.0000	0.0000	9.0000	4.0088	12.0000	5.0246	0.0000	0.0000	0.0000	0.0000	0.0000	0.0000	0.0000	0.0000	0.0000	0.0000	0.0000	0.0000	0.0000	0.0000	0.0000	0.0000	0.0000	0.0000	0.2557	0.2229	0.0328	0.0339	0.0314	0.0025	0.2218	0.1915	0.0303	0.2192	0.1216	0.0976	0.0313	0.0253	0.0060	0.1879	0.0963	0.0916	0.0000	0.0000	0.0000	0.0000	0.0000	0.0000	0.0000	0.0000	0.0000	0.0000	0.0000	0.0000	0.0000	0.0000	0.0000	0.0000	0.0000	0.0000											
3	68	0.2276	10	1	0	2	1	0	0	0	0	N	N	Y	N	N	N	N	N	N	N	N	N	0.0000	0.0000	0.0000	0.0000	0.0000	0.0000	0.0000	0.0000	0.0000	0.0000	0.0000	0.0000	0.0000	0.0002	0.0003	0.0000	0.0009	0.0011	0.0000	0.0000	0.0000	0.0000	0.0000	0.0000	-0.0000	9.0000	1.0064	12.0000	4.2000	0.0000	0.0000	0.0000	0.0000	0.0000	0.0000	0.0000	0.0000	0.0000	0.0000	0.0000	0.0000	0.0000	0.0000	0.0000	0.0000	0.0000	0.0000	0.0662	0.0577	0.0085	0.0100	0.0093	0.0007	0.0562	0.0485	0.0077	0.1296	0.0738	0.0559	0.0222	0.0186	0.0036	0.1074	0.0551	0.0523	0.0000	0.0000	0.0000	0.0000	0.0000	0.0000	0.0000	0.0000	0.0000	0.0002	0.0003	0.0000	0.0009	0.0011	0.0000	0.0000	0.0000	0.0000						
3	69	0.2226	9	1	0	1	1	0	0	0	0	N	N	N	N	N	N	N	N	N	N	N	N	0.0000	0.0000	0.0000	0.0000	0.0000	0.0000	0.0000	0.0000	0.0000	0.0000	0.0000	0.0000	0.0000	0.0004	0.0007	0.0000	0.0000	0.0000	0.0000	0.0005	0.0010	0.0000	0.0000	0.0000	-0.0000	9.0000	1.2889	12.0000	0.3511	0.0000	0.0000	0.0000	0.0000	0.0000	0.0000	0.0000	0.0000	0.0000	0.0000	0.0000	0.0000	0.0000	0.0000	0.0000	0.0000	0.0000	0.0000	0.1079	0.0939	0.0139	0.0260	0.0244	0.0016	0.0819	0.0695	0.0124	0.0475	0.0283	0.0193	0.0098	0.0087	0.0011	0.0377	0.0196	0.0181	0.0000	0.0000	0.0000	0.0000	0.0000	0.0000	0.0000	0.0000	0.0000	0.0004	0.0007	0.0000	0.0000	0.0000	0.0000	0.0005	0.0010	0.0000						
3	70	0.2156	8	1	0	1	1	0	0	0	0	N	N	N	N	N	N	N	N	N	N	N	N	0.0000	0.0000	0.0000	0.0000	0.0000	0.0000	0.0000	0.0000	0.0000	0.0000	0.0000	0.0000	0.0000	0.0000	0.0000	0.0000	0.0000	0.0000	0.0000	0.0000	9.0000	0.7777	12.0000	1.1718	0.0000	0.0000	0.0000	0.0000	0.0000	0.0000	0.0000	0.0000	0.0000	0.0000	0.0000	0.0000	0.0000	0.0000	0.0000	0.0000	0.0000	0.0000	0.0509	0.0443	0.0066	0.0069	0.0064	0.0005	0.0440	0.0379	0.0061	0.0522	0.0296	0.0227	0.0086	0.0073	0.0013	0.0436	0.0223	0.0213	0.0000	0.0000	0.0000	0.0000	0.0000	0.0000	0.0000	0.0000	0.0000	0.0000	0.0000	0.0000	0.0000	0.0000	0.0000	0.0000	0.0000	0.0000											
3	71	0.2119	7	1	0	1	1	0	0	0	0	N	N	N	N	N	N	N	N	N	N	N	N	0.0000	0.0000	0.0000	0.0000	0.0000	0.0000	0.0000	0.0000	0.0000	0.0000	0.0000	0.0000	0.0000	0.0000	0.0000	0.0000	0.0000	0.0000	0.0000	0.0000	9.0000	0.9929	12.0000	0.0325	0.0000	0.0000	0.0000	0.0000	0.0000	0.0000	0.0000	0.0000	0.0000	0.0000	0.0000	0.0000	0.0000	0.0000	0.0000	0.0000	0.0000	0.0000	0.0643	0.0560	0.0083	0.0085	0.0078	0.0006	0.0559	0.0482	0.0077	0.0256	0.0141	0.0115	0.0035	0.0028	0.0007	0.0221	0.0112	0.0108	0.0000	0.0000	0.0000	0.0000	0.0000	0.0000	0.0000	0.0000	0.0000	0.0000	0.0000	0.0000	0.0000	0.0000	0.0000	0.0000	0.0000	0.0000											
3	72	0.2570	6	2	1	1	0	0	0	0	0	Y	N	N	N	N	N	N	N	N	N	N	N	0.0000	0.0000	0.0000	0.0000	0.0000	0.0000	0.0000	0.0000	0.0000	0.0000	0.0000	0.0000	0.0000	0.0000	0.0000	0.0000	0.0000	0.0000	0.0000	0.0000	9.0000	0.0000	12.0000	0.0001	0.0000	0.0000	0.0000	0.0000	0.0000	0.0000	0.0000	0.0000	0.0000	0.0000	0.0000	0.0000	0.0000	0.0000	0.0000	0.0000	0.0000	0.0000	0.0000	0.0000	0.0000	0.0000	0.0000	0.0000	0.0000	0.0000	0.0000	0.0000	0.0000	0.0000	0.0000	0.0000	0.0000	0.0000	0.0000	0.0000	0.0000	0.0000	0.0000	0.0000	0.0000	0.0000	0.0000	0.0000	0.0000	0.0000	0.0000	0.0000	0.0000	0.0000	0.0000	0.0000	0.0000	0.0000											
3	73	0.1938	5	2	1	1	0	0	0	0	0	Y	N	N	N	N	N	N	N	N	N	N	N	0.0000	0.0000	0.0000	0.0000	0.0000	0.0000	0.0000	0.0000	0.0000	0.0000	0.0000	0.0000	0.0000	0.0000	0.0000	0.0000	0.0000	0.0000	0.0000	0.0000	0.0000	0.0000	0.0000	0.0000	0.0000	0.7143	0.0000	-0.0000	9.0000	9.9619	12.0000	7.0378	0.0000	0.0000	0.0000	0.0000	0.0000	0.0000	0.0000	0.0000	0.0000	0.0000	0.0000	0.0000	0.0000	0.0000	0.0000	0.0000	0.0000	0.0000	0.6270	0.5470	0.0800	0.0751	0.0695	0.0057	0.5519	0.4775	0.0743	0.3985	0.2194	0.1791	0.0500	0.0403	0.0097	0.3485	0.1791	0.1694	0.0000	0.0000	0.0000	0.0000	0.0000	0.0000	0.0000	0.0000	0.0000	0.0000	0.0000	0.0000	0.0000	0.0000	0.0000	0.0000	0.0000	0.0000			
3	74	0.2056	5	1	1	1	0	0	0	0	0	N	N	N	N	N	N	N	N	N	N	N	N	0.0000	0.0000	0.0000	0.0000	0.0000	0.0000	0.0000	0.0000	0.0000	0.0000	0.0000	0.0000	0.0000	0.0000	0.0000	0.0006	0.0012	0.0000	0.0041	0.0048	0.0000	0.0000	0.0000	0.0000	0.0000	0.0000	-0.0001	9.0000	7.0442	12.0000	2.0273	0.0000	0.0000	0.0000	0.0000	0.0000	0.0000	0.0000	0.0000	0.0000	0.0001	0.0001	0.0000	0.0001	0.0001	0.0000	0.0000	0.0000	0.0000	0.5403	0.4743	0.0660	0.1094	0.1025	0.0069	0.4309	0.3717	0.0591	0.2189	0.1198	0.0991	0.0345	0.0290	0.0056	0.1844	0.0909	0.0936	0.0000	0.0000	0.0000	0.0000	0.0000	0.0000	0.0000	0.0000	0.0000	0.0006	0.0012	0.0000	0.0041	0.0048	0.0000	0.0000	0.0000	0.0000				
3	75	0.1817	4	1	1	1	0	0	0	0	0	N	N	N	N	N	N	N	N	N	N	N	N	0.0000	0.0000	0.0000	0.0000	0.0000	0.0000	0.0000	0.0000	0.0000	0.0000	0.0000	0.0000	0.0000	0.0000	0.0000	0.0000	0.0000	0.0000	0.0013	0.0019	0.0005	0.0041	0.0050	0.0000	0.0009	0.0012	0.0005	0.2000	0.0000	-0.0001	9.0000	4.3369	12.0000	3.0972	0.0000	0.0000	0.0000	0.0000	0.0000	0.0000	0.0000	0.0000	0.0000	0.0002	0.0002	0.0000	0.0001	0.0001	0.0000	0.0001	0.0001	0.0000	0.3433	0.3019	0.0413	0.0610	0.0584	0.0026	0.2823	0.2435	0.0387	0.1864	0.1030	0.0834	0.0246	0.0201	0.0045	0.1618	0.0829	0.0788	0.0000	0.0000	0.0000	0.0000	0.0000	0.0000	0.0000	0.0000	0.0000	0.0013	0.0019	0.0005	0.0041	0.0050	0.0000	0.0009	0.0012	0.0005	
3	76	0.2689	9	2	1	1	0	0	0	0	0	Y	N	N	N	N	N	N	N	N	N	N	N	0.0000	0.0000	0.0000	0.0000	0.0000	0.0000	0.0000	0.0000	0.0000	0.0000	0.0000	0.0000	0.0000	0.0000	0.0000	0.0000	0.0000	0.0000	0.0000	0.0000	9.0000	1.9992	12.0000	0.0055	0.0000	0.0000	0.0000	0.0000	0.0000	0.0000	0.0000	0.0000	0.0000	0.0000	0.0000	0.0000	0.0000	0.0000	0.0000	0.0000	0.0000	0.0000	0.1711	0.1503	0.0209	0.0269	0.0251	0.0017	0.1443	0.1251	0.0191	0.0639	0.0346	0.0293	0.0107	0.0085	0.0022	0.0532	0.0261	0.0270	0.0000	0.0000	0.0000	0.0000	0.0000	0.0000	0.0000	0.0000	0.0000	0.0000	0.0000	0.0000	0.0000	0.0000	0.0000	0.0000	0.0000	0.0000											
3	77	0.2248	8	2	1	1	0	0	0	0	0	Y	N	N	N	N	N	N	N	N	N	N	N	0.0000	0.0000	0.0000	0.0000	0.0000	0.0000	0.0000	0.0000	0.0000	0.0000	0.0000	0.0000	0.0000	0.0000	0.0000	0.0000	0.0000	0.0000	0.0000	0.0000	9.0000	5.0219	12.0000	2.0148	0.0000	0.0000	0.0000	0.0000	0.0000	0.0000	0.0000	0.0000	0.0000	0.0000	0.0000	0.0000	0.0000	0.0000	0.0000	0.0000	0.0000	0.0000	0.3218	0.2812	0.0406	0.0440	0.0411	0.0029	0.2778	0.2401	0.0378	0.1738	0.0959	0.0779	0.0263	0.0215	0.0049	0.1474	0.0745	0.0730	0.0000	0.0000	0.0000	0.0000	0.0000	0.0000	0.0000	0.0000	0.0000	0.0000	0.0000	0.0000	0.0000	0.0000	0.0000	0.0000	0.0000	0.0000											
3	78	0.2119	7	1	1	1	0	0	0	0	0	N	N	N	N	N	N	N	N	N	N	N	N	0.0000	0.0000	0.0000	0.0000	0.0000	0.0000	0.0000	0.0000	0.0000	0.0000	0.0000	0.0000	0.0000	0.0000	0.0000	0.0000	0.0000	0.0020	0.0030	0.0007	0.0000	0.0000	0.0000	0.0023	0.0076	0.0008	0.2000	0.0000	-0.0001	9.0000	1.0203	12.0000	2.7327	0.0000	0.0000	0.0000	0.0000	0.0000	0.0000	0.0000	0.0000	0.0000	0.0002	0.0001	0.0000	0.0000	0.0000	0.0000	0.0002	0.0001	0.0000	0.0661	0.0576	0.0085	0.0087	0.0080	0.0007	0.0574	0.0495	0.0079	0.0921	0.0507	0.0415	0.0126	0.0101	0.0025	0.0795	0.0406	0.0389	0.0000	0.0000	0.0000	0.0000	0.0000	0.0000	0.0000	0.0000	0.0000	0.0020	0.0030	0.0007	0.0000	0.0000	0.0000	0.0023	0.0037	0.0008		
3	79	0.2119	6	1	0	1	0	0	0	0	0	N	N	N	N	N	N	N	N	N	N	N	N	0.0000	0.0000	0.0000	0.0000	0.0000	0.0000	0.0000	0.0000	0.0000	0.0000	0.0000	0.0000	0.0000	0.0000	0.0000	0.0000	0.0000	0.0000	0.0000	0.0000	9.0000	0.0000	12.0000	0.0018	0.0000	0.0000	0.0000	0.0000	0.0000	0.0000	0.0000	0.0000	0.0000	0.0000	0.0000	0.0000	0.0000	0.0000	0.0000	0.0000	0.0000	0.0000	0.0000	0.0000	0.0000	0.0000	0.0000	0.0000	0.0000	0.0000	0.0000	0.0001	0.0001	0.0000	0.0001	0.0000	0.0000	0.0001	0.0000	0.0000	0.0000	0.0000	0.0000	0.0000	0.0000	0.0000	0.0000	0.0000	0.0000	0.0000	0.0000	0.0000	0.0000	0.0000	0.0000	0.0000	0.0000	0.0000											
3	80	0.1938	5	1	0	1	0	0	0	0	0	N	N	N	N	N	N	N	N	N	N	N	N	0.0000	0.0000	0.0000	0.0000	0.0000	0.0000	0.0000	0.0000	0.0000	0.0000	0.0000	0.0000	0.0000	0.0000	0.0000	0.0022	0.0040	0.0000	0.0165	0.0202	0.0000	0.0000	0.0000	0.0000	0.0000	0.0000	-0.0002	9.0000	3.0825	12.0000	2.0124	0.0000	0.0000	0.0000	0.0000	0.0000	0.0000	0.0000	0.0000	0.0000	0.0003	0.0003	0.0000	0.0003	0.0003	0.0000	0.0000	0.0000	0.0000	0.2083	0.1818	0.0265	0.0280	0.0260	0.0020	0.1803	0.1558	0.0245	0.1284	0.0709	0.0576	0.0170	0.0139	0.0031	0.1115	0.0570	0.0545	0.0000	0.0000	0.0000	0.0000	0.0000	0.0000	0.0000	0.0000	0.0000	0.0022	0.0040	0.0000	0.0165	0.0202	0.0000	0.0000	0.0000	0.0000				
3	81	0.1817	4	1	0	1	0	0	0	0	0	N	N	N	N	N	N	N	N	N	N	N	N	0.0000	0.0000	0.0000	0.0000	0.0000	0.0000	0.0000	0.0000	0.0000	0.0000	0.0000	0.0000	0.0000	0.0000	0.0000	0.0000	0.0000	0.0000	0.0039	0.0064	0.0007	0.0073	0.0088	0.0000	0.0033	0.0178	0.0007	0.0857	0.0000	-0.0002	9.0000	3.6751	12.0000	0.0788	0.0000	0.0000	0.0000	0.0000	0.0000	0.0000	0.0000	0.0000	0.0000	0.0004	0.0003	0.0000	0.0001	0.0001	0.0000	0.0003	0.0002	0.0000	0.3019	0.2660	0.0359	0.0570	0.0547	0.0022	0.2450	0.2113	0.0337	0.0978	0.0545	0.0433	0.0137	0.0114	0.0024	0.0841	0.0431	0.0410	0.0000	0.0000	0.0000	0.0000	0.0000	0.0000	0.0000	0.0000	0.0000	0.0039	0.0064	0.0007	0.0073	0.0088	0.0000	0.0033	0.0058	0.0007	
3	82	0.1325	3	1	0	1	0	0	0	0	0	N	N	N	N	N	N	N	N	N	N	N	N	0.0000	0.0000	0.0000	0.0000	0.0000	0.0000	0.0000	0.0000	0.0000	0.0000	0.0000	0.0000	0.0000	0.0000	0.0000	0.0000	0.0000	0.0003	0.0005	0.0001	0.0002	0.0002	0.0000	0.0003	0.0005	0.0001	0.1000	0.0000	-0.0001	9.0000	8.5011	12.0000	5.2406	0.0000	0.0000	0.0000	0.0000	0.0000	0.0000	0.0000	0.0000	0.0000	0.0001	0.0001	0.0000	0.0000	0.0000	0.0000	0.0001	0.0001	0.0000	0.5785	0.5053	0.0732	0.0627	0.0595	0.0032	0.5157	0.4458	0.0699	0.3847	0.2193	0.1655	0.0528	0.0458	0.0069	0.3320	0.1734	0.1585	0.0000	0.0000	0.0000	0.0000	0.0000	0.0000	0.0000	0.0000	0.0000	0.0003	0.0005	0.0001	0.0002	0.0002	0.0000	0.0003	0.0005	0.0001		
4	5	0.1808	10	0	1	1	0	0	0	0	0	N	N	N	N	N	N	N	N	N	N	N	N	9007.3533	6537.8623	8568.9414	134.6224	119.5272	0.0000	99856.7265	61701.9136	15853.3419	3.7940	4.3330	0.0021	0.1552	0.1652	0.0000	4.4457	5.1446	0.0023	0.0004	0.0007	0.0000	0.0012	0.0014	0.0000	0.0000	0.0001	0.0000	0.0001	0.0002	-0.3646	-0.0000	5.9975	6.0001	7.1792	2.9972	1.0026	1.0025	0.0001	0.0062	0.0062	0.0000	0.9963	0.9963	0.0001	0.0001	0.0001	0.0000	0.0001	0.0001	0.0000	0.0000	0.0000	0.0000	0.2642	0.2314	0.0329	0.0401	0.0377	0.0024	0.2241	0.1937	0.0305	0.1656	0.1052	0.0604	0.0563	0.0469	0.0093	0.1093	0.0583	0.0510	9007.3533	6537.8623	8568.9414	134.6224	119.5272	0.0000	99856.7265	61701.9136	15853.3419	0.0004	0.0007	0.0000	0.0012	0.0014	0.0000	0.0000	0.0001	0.0000
4	6	0.0558	2	0	1	1	0	0	0	0	0	N	N	N	N	N	N	N	N	N	N	N	N	0.0003	0.0002	0.0489	0.0148	0.0139	0.0314	0.0000	0.0000	0.0450	0.0007	0.0008	0.0000	0.0054	0.0057	0.0000	0.0001	0.0001	0.0000	1.9540	3.1417	0.0006	0.3652	0.4068	0.0002	2.2041	4.7216	0.0006	0.0054	0.0002	-0.0002	-0.5532	5.9975	13.4817	7.1792	9.4010	0.0004	0.0004	0.0000	0.0004	0.0004	0.0000	0.0000	0.0000	0.0000	0.9394	0.9392	0.0002	0.0706	0.0706	0.0000	0.8688	0.8686	0.0002	0.6433	0.5605	0.0828	0.0698	0.0665	0.0033	0.5735	0.4940	0.0795	0.8212	0.5281	0.2931	0.3134	0.2684	0.0450	0.5078	0.2597	0.2481	0.0006	0.0004	0.0489	0.0239	0.0215	0.0314	0.0000	0.0000	0.0450	1.1439	1.7784	0.0006	0.2253	0.2630	0.0002	1.7108	3.3446	0.0006
4	7	0.1984	12	1	2	0	0	0	0	0	0	N	Y	N	N	N	N	N	N	N	N	N	N	0.0002	0.0002	0.0000	0.0006	0.0005	0.0000	0.0000	0.0000	0.0000	0.0000	0.0000	0.0000	0.0000	0.0000	0.0000	0.0000	0.0000	0.0000	0.0005	0.0007	0.0000	0.0010	0.0012	0.0000	0.0001	0.0001	0.0000	0.0000	0.0034	-0.0000	-0.0000	5.9975	2.2373	7.1792	1.9967	0.0000	0.0000	0.0000	0.0000	0.0000	0.0000	0.0000	0.0000	0.0000	0.0000	0.0000	0.0000	0.0000	0.0000	0.0000	0.0000	0.0000	0.0000	0.1165	0.1032	0.0133	0.0206	0.0198	0.0008	0.0960	0.0834	0.0125	0.0912	0.0601	0.0311	0.0396	0.0332	0.0065	0.0516	0.0269	0.0247	0.0002	0.0002	0.0000	0.0006	0.0005	0.0000	0.0000	0.0000	0.0000	0.0005	0.0007	0.0000	0.0010	0.0012	0.0000	0.0001	0.0001	0.0000
4	8	0.1829	9	0	2	0	0	0	0	0	0	N	Y	N	N	N	N	N	N	N	N	N	N	11.9278	8.8608	0.0000	38.5999	34.6408	0.0000	0.0000	0.0000	0.0351	0.0403	0.0000	0.2954	0.3152	0.0000	0.0000	0.0000	0.0000	0.0029	0.0045	0.0000	0.0077	0.0091	0.0000	0.0000	0.0000	0.0000	0.0000	0.0000	-0.0023	-0.0004	5.9975	4.0000	7.1792	7.0000	0.0062	0.0062	0.0000	0.0062	0.0062	0.0000	0.0000	0.0000	0.0000	0.0006	0.0006	0.0000	0.0006	0.0006	0.0000	0.0000	0.0000	0.0000	0.1774	0.1547	0.0227	0.0211	0.0198	0.0013	0.1563	0.1349	0.0214	0.2139	0.1386	0.0754	0.0823	0.0692	0.0131	0.1316	0.0693	0.0623	11.9278	8.8608	0.0000	38.5999	34.6408	0.0000	0.0000	0.0000	0.0000	0.0029	0.0045	0.0000	0.0077	0.0091	0.0000	0.0000	0.0000	0.0000	
4	9	0.2067	10	0	2	0	0	0	0	0	0	N	Y	N	N	N	N	N	N	N	N	N	N	76.0081	73.4972	0.0000	250.5487	221.7294	0.0000	0.0004	0.0101	0.0000	0.0302	0.0344	0.0000	0.1805	0.1923	0.0000	0.0000	0.0000	0.0000	0.0004	0.0005	0.0003	0.0007	0.0009	0.0001	0.0001	0.0000	0.0003	0.0000	0.2804	-0.0016	-0.0000	5.9975	2.9770	7.1792	5.0602	0.0043	0.0043	0.0000	0.0043	0.0043	0.0000	0.0000	0.0000	0.0000	0.0001	0.0001	0.0000	0.0001	0.0001	0.0000	0.0000	0.0000	0.0000	0.1417	0.1241	0.0176	0.0237	0.0222	0.0015	0.1180	0.1019	0.0161	0.1731	0.1145	0.0586	0.0752	0.0614	0.0137	0.0979	0.0531	0.0449	76.0081	73.4972	0.0000	250.5487	221.7294	0.0000	0.0004	0.0101	0.0000	0.0004	0.0005	0.0003	0.0007	0.0009	0.0001	0.0001	0.0000	0.0003
4	10	0.1906	9	0	2	0	0	0	0	0	0	N	Y	N	N	N	N	N	N	N	N	N	N	0.0004	1.1336	0.0007	0.0003	0.0011	0.0000	0.0005	91.6305	0.0009	0.0006	0.0005	0.0021	0.0000	0.0000	0.0000	0.0009	0.0006	0.0023	1.5926	0.0004	2.8133	0.0024	0.0008	0.0135	1.6759	0.0000	2.5336	0.5850	1758.5219	0.0000	0.0339	5.9975	5.2144	7.1792	4.0122	0.0002	0.0001	0.0001	0.0000	0.0000	0.0000	0.0002	0.0001	0.0001	0.0827	0.0000	0.0827	0.0002	0.0000	0.0001	0.0826	0.0000	0.0826	0.2945	0.2605	0.0340	0.0798	0.0755	0.0043	0.2147	0.1850	0.0297	0.1844	0.1166	0.0679	0.0670	0.0587	0.0083	0.1174	0.0578	0.0596	0.0014	1.1336	0.0017	0.0003	0.0011	0.0000	0.0013	91.6305	0.0017	0.4486	0.0004	1.2183	0.0024	0.0008	0.0135	0.7032	0.0000	1.3857
4	11	0.1808	10	0	2	0	0	0	0	0	0	N	Y	N	N	N	N	N	N	N	N	N	N	0.0016	0.0000	358.8798	0.0035	0.0000	inf	4.4678	15.2898	0.0000	0.0000	0.0000	0.0000	0.0000	0.0003	0.0000	0.0000	0.0000	0.0017	0.0027	0.0000	0.0050	0.0059	0.0000	0.0000	0.0000	0.0000	95.8462	0.0000	0.0000	-0.0001	5.9975	1.0002	7.1792	2.9310	0.0000	0.0000	0.0000	0.0000	0.0000	0.0000	0.0000	0.0000	0.0000	0.0001	0.0001	0.0000	0.0001	0.0001	0.0000	0.0000	0.0000	0.0000	0.0453	0.0397	0.0057	0.0069	0.0065	0.0004	0.0385	0.0332	0.0053	0.0774	0.0495	0.0279	0.0270	0.0227	0.0042	0.0504	0.0267	0.0237	0.0016	0.0000	358.8798	0.0035	0.0000	inf	4.4678	0.0000	15.2898	0.0017	0.0027	0.0000	0.0050	0.0059	0.0000	0.0000	0.0000	0.0000	
4	12	0.1808	9	0	1	0	0	0	0	0	0	N	N	N	N	N	N	N	N	N	N	N	N	7.7420	6.0855	18.8955	21.4426	11.4321	305.4321	0.3619	0.0000	1.1346	0.0092	0.0053	0.0360	0.0300	0.0159	0.4548	0.0004	0.0000	0.0022	0.0012	0.0009	0.0019	0.0014	0.0014	0.0015	0.0010	0.0000	0.0019	1.0000	0.9907	0.0000	-0.0000	5.9975	0.0003	7.1792	0.1375	0.0000	0.0000	0.0000	0.0000	0.0000	0.0000	0.0000	0.0000	0.0000	0.0000	0.0000	0.0000	0.0000	0.0000	0.0000	0.0000	0.0000	0.0000	0.0000	0.0000	0.0000	0.0000	0.0000	0.0000	0.0000	0.0000	0.0000	0.0080	0.0055	0.0025	0.0036	0.0034	0.0002	0.0044	0.0021	0.0023	7.7420	6.0855	18.8955	21.4426	11.4321	305.4321	0.3619	0.0000	1.1346	0.0012	0.0009	0.0019	0.0014	0.0014	0.0015	0.0010	0.0000	0.0019
4	13	0.1559	8	0	2	0	0	0	0	0	0	N	Y	N	N	N	N	N	N	N	N	N	N	2.1635	1.5758	0.0000	0.0002	0.0002	0.0000	17.5651	12.9241	0.0000	0.0030	0.0035	0.0000	0.0000	0.0000	0.0000	0.0036	0.0042	0.0000	0.0014	0.0022	0.0001	0.0035	0.0041	0.0000	0.0002	0.0003	0.0001	0.0000	0.0237	-0.0002	-0.0002	5.9975	3.9729	7.1792	5.4895	0.0006	0.0006	0.0000	0.0000	0.0000	0.0000	0.0006	0.0006	0.0000	0.0003	0.0003	0.0000	0.0003	0.0003	0.0000	0.0000	0.0000	0.0000	0.1857	0.1624	0.0234	0.0304	0.0285	0.0020	0.1553	0.1339	0.0214	0.1986	0.1235	0.0751	0.0720	0.0620	0.0100	0.1266	0.0616	0.0650	2.1635	1.5758	0.0000	0.0002	0.0002	0.0000	17.5651	12.9241	0.0000	0.0014	0.0022	0.0001	0.0035	0.0041	0.0000	0.0002	0.0003	0.0001
4	14	0.1756	9	1	2	0	0	0	0	0	0	N	Y	N	N	N	N	N	N	N	N	N	N	0.0006	14.8324	0.0000	8.7578	7.8640	0.0000	0.0005	inf	0.0000	0.0026	0.0030	0.0000	0.0030	0.0032	0.0000	0.0026	0.0030	0.0000	4.0987	0.0002	19.6897	0.0003	0.0004	0.0000	5.2490	0.0000	21.7428	0.0000	24555.4087	-0.0004	0.4036	5.9975	10.0000	7.1792	6.0013	0.0011	0.0011	0.0000	0.0001	0.0001	0.0000	0.0010	0.0010	0.0000	0.9823	0.0000	0.9823	0.0000	0.0000	0.0000	0.9823	0.0000	0.9823	0.4269	0.3727	0.0542	0.0494	0.0463	0.0031	0.3774	0.3264	0.0511	0.3026	0.1957	0.1069	0.1155	0.0972	0.0183	0.1871	0.0985	0.0886	0.0008	14.8324	0.0000	8.7578	7.8640	0.0000	0.0005	inf	0.0000	3.2460	0.0002	9.1874	0.0003	0.0004	0.0000	5.2490	0.0000	11.0864
4	15	0.1808	9	0	2	0	0	0	0	0	0	N	Y	N	N	N	N	N	N	N	N	N	N	0.3457	0.0000	4.9207	0.0115	0.0000	2.4073	1.3662	4.6758	0.0001	0.0000	0.0006	0.0000	0.0000	0.0001	0.0001	0.0000	0.0006	0.0002	0.0003	0.0001	0.0005	0.0006	0.0000	0.0001	0.0000	0.0001	inf	0.2557	0.0000	-0.0000	5.9975	2.9999	7.1792	3.0728	0.0000	0.0000	0.0000	0.0000	0.0000	0.0000	0.0000	0.0000	0.0000	0.0000	0.0000	0.0000	0.0000	0.0000	0.0000	0.0000	0.0000	0.0000	0.1344	0.1176	0.0168	0.0204	0.0192	0.0012	0.1140	0.0984	0.0156	0.1153	0.0734	0.0418	0.0396	0.0332	0.0064	0.0756	0.0402	0.0354	0.3457	0.0000	4.9207	0.0115	0.0000	2.4073	1.3662	0.0000	4.6758	0.0002	0.0003	0.0001	0.0005	0.0006	0.0000	0.0001	0.0000	0.0001	
4	16	0.1559	8	0	1	0	0	0	0	0	0	N	N	N	N	N	N	N	N	N	N	N	N	11.7591	8.5373	0.0010	35.2547	32.9173	0.0000	0.0000	0.0000	0.0015	0.0069	0.0079	0.0000	0.0441	0.0471	0.0000	0.0000	0.0000	0.0000	0.0006	0.0009	0.0000	0.0013	0.0014	0.0001	0.0002	0.0004	0.0000	0.0000	0.0237	-0.0007	-0.0001	5.9975	6.0396	7.1792	1.6050	0.0019	0.0019	0.0000	0.0019	0.0019	0.0000	0.0000	0.0000	0.0000	0.0001	0.0001	0.0000	0.0001	0.0001	0.0000	0.0000	0.0000	0.0000	0.2748	0.2403	0.0345	0.0432	0.0404	0.0028	0.2316	0.1999	0.0317	0.1665	0.1033	0.0632	0.0612	0.0529	0.0083	0.1053	0.0503	0.0550	11.7591	8.5373	0.0010	35.2547	32.9173	0.0000	0.0000	0.0000	0.0015	0.0006	0.0009	0.0000	0.0013	0.0014	0.0001	0.0002	0.0004	0.0000
4	17	0.1593	6	1	2	0	0	0	0	0	0	N	Y	N	N	N	N	N	N	N	N	N	N	0.0020	137.4275	0.0000	0.3631	1.4746	0.0000	0.0021	14608.3697	0.0000	0.0027	0.0030	0.0000	0.0000	0.0001	0.0000	0.0034	0.0039	0.0000	1.3647	0.0000	1.7330	0.0001	0.0000	0.0012	1.6288	0.0000	1.5158	0.0000	21058.8263	-0.0000	0.0091	5.9975	0.9996	7.1792	1.7768	0.0001	0.0001	0.0000	0.0000	0.0000	0.0000	0.0001	0.0001	0.0000	0.0222	0.0000	0.0222	0.0000	0.0000	0.0000	0.0222	0.0000	0.0222	0.0446	0.0392	0.0054	0.0097	0.0091	0.0006	0.0349	0.0301	0.0048	0.0795	0.0478	0.0317	0.0327	0.0300	0.0027	0.0469	0.0178	0.0291	0.0095	137.4275	0.0000	0.3631	1.4746	0.0000	0.0072	14608.3697	0.0000	0.2796	0.0000	0.7007	0.0001	0.0000	0.0012	0.4745	0.0000	0.7651
4	18	0.1984	12	0	2	0	0	0	0	0	0	N	Y	N	N	N	N	N	N	N	N	N	N	0.0002	0.0002	0.0000	0.0007	0.0006	0.0000	0.0000	0.0000	0.0000	0.0000	0.0000	0.0000	0.0000	0.0000	0.0000	0.0000	0.0000	0.0000	0.0003	0.0004	0.0000	0.0005	0.0006	0.0000	0.0001	0.0001	0.0000	0.0000	0.0329	-0.0000	-0.0000	5.9975	4.7641	7.1792	2.0666	0.0000	0.0000	0.0000	0.0000	0.0000	0.0000	0.0000	0.0000	0.0000	0.0000	0.0000	0.0000	0.0000	0.0000	0.0000	0.0000	0.0000	0.0000	0.2257	0.1985	0.0272	0.0338	0.0321	0.0016	0.1920	0.1663	0.0256	0.1412	0.0926	0.0486	0.0606	0.0505	0.0101	0.0806	0.0420	0.0385	0.0002	0.0002	0.0000	0.0007	0.0006	0.0000	0.0000	0.0000	0.0000	0.0003	0.0004	0.0000	0.0005	0.0006	0.0000	0.0001	0.0001	0.0000
4	19	0.1810	11	0	2	0	0	0	0	0	0	N	Y	N	N	N	N	N	N	N	N	N	N	0.0346	0.0258	0.3129	0.5838	0.5158	2.1747	0.0000	0.0000	0.0142	0.0003	0.0003	0.0000	0.0013	0.0013	0.0003	0.0000	0.0000	0.0000	0.0073	0.0108	0.0000	0.0022	0.0025	0.0001	0.0109	0.3100	0.0000	0.0062	0.0021	-0.0000	-0.0006	5.9975	1.4176	7.1792	5.1148	0.0000	0.0000	0.0000	0.0000	0.0000	0.0000	0.0000	0.0000	0.0000	0.0011	0.0011	0.0000	0.0001	0.0001	0.0000	0.0009	0.0009	0.0000	0.0800	0.0714	0.0086	0.0157	0.0152	0.0005	0.0643	0.0562	0.0081	0.1474	0.0988	0.0486	0.0615	0.0526	0.0089	0.0859	0.0462	0.0397	0.0346	0.0258	0.3129	0.5838	0.5158	2.1747	0.0000	0.0000	0.0142	0.0073	0.0108	0.0000	0.0022	0.0025	0.0001	0.0109	0.0202	0.0000
4	20	0.1541	5	0	2	1	1	0	0	0	0	N	Y	N	N	N	N	N	N	N	N	N	N	0.0000	0.0000	0.0000	0.0000	0.0000	0.0000	0.0000	0.0000	0.0000	0.0000	0.0000	0.0000	0.0000	0.0000	0.0000	0.0000	0.0000	0.0000	0.0000	0.0000	5.9975	0.0000	7.1792	0.0000	0.0000	0.0000	0.0000	0.0000	0.0000	0.0000	0.0000	0.0000	0.0000	0.0000	0.0000	0.0000	0.0000	0.0000	0.0000	0.0000	0.0000	0.0000	0.0000	0.0000	0.0000	0.0000	0.0000	0.0000	0.0000	0.0000	0.0000	0.0000	0.0000	0.0000	0.0000	0.0000	0.0000	0.0000	0.0000	0.0000	0.0000	0.0000	0.0000	0.0000	0.0000	0.0000	0.0000	0.0000	0.0000	0.0000	0.0000	0.0000	0.0000	0.0000	0.0000	0.0000	0.0000	0.0000											
4	21	0.1106	4	0	1	0	1	0	0	0	0	N	N	N	N	N	N	N	N	N	N	N	N	0.0028	0.0527	0.0252	0.0123	0.1437	0.0000	0.0023	0.0000	0.0318	0.0022	0.0000	0.0171	0.0003	0.0003	0.0000	0.0025	0.0000	0.0181	0.7712	0.0009	0.6785	0.0248	0.0022	0.1839	1.0580	0.0000	0.5686	52.5110	207.6415	0.0004	0.0156	5.9975	6.0371	7.1792	11.7316	0.0006	0.0000	0.0006	0.0000	0.0000	0.0000	0.0006	0.0000	0.0006	0.0384	0.0002	0.0382	0.0023	0.0002	0.0022	0.0361	0.0000	0.0361	0.2668	0.2335	0.0333	0.0354	0.0335	0.0018	0.2314	0.1999	0.0315	0.3341	0.2090	0.1250	0.0941	0.0820	0.0121	0.2400	0.1271	0.1129	0.0189	0.0527	0.0558	0.0123	0.1437	0.0000	0.0163	0.0000	0.0565	0.1150	0.0009	0.3059	0.0248	0.0022	0.1776	0.1504	0.0000	0.3197
4	22	0.1175	7	0	2	0	0	0	0	0	0	N	Y	N	N	N	N	N	N	N	N	N	N	0.2416	0.0639	3342.4422	2.1729	1.8436	inf	0.0731	0.0011	2606.4309	0.0100	0.0089	0.0173	0.0507	0.0515	0.0381	0.0034	0.0015	0.0160	0.0412	0.1394	0.0000	0.0234	0.0279	0.0000	0.0469	1.3680	0.0000	0.2749	0.0001	-0.0008	-0.0080	5.9975	11.9950	7.1792	7.9469	0.0052	0.0041	0.0011	0.0037	0.0035	0.0001	0.0016	0.0006	0.0010	0.0135	0.0135	0.0000	0.0031	0.0031	0.0000	0.0104	0.0104	0.0000	0.5266	0.4612	0.0654	0.0726	0.0687	0.0039	0.4540	0.3926	0.0614	0.3939	0.2523	0.1416	0.1347	0.1127	0.0220	0.2592	0.1396	0.1196	0.2901	0.1664	3342.4422	2.1729	1.8436	inf	0.0858	0.0198	2606.4309	0.0343	0.0536	0.0000	0.0234	0.0279	0.0000	0.0400	0.0742	0.0000
4	23	0.2539	13	1	2	0	0	0	0	0	0	N	Y	N	N	N	N	N	N	N	N	N	N	745.2269	548.7921	0.0000	495.8866	457.3328	0.0000	4163.1228	15891.8552	0.0000	0.0168	0.0184	0.0000	0.0294	0.0315	0.0000	0.0035	0.0039	0.0000	0.0000	0.0000	0.0000	0.0001	0.0001	0.0000	0.0000	0.0000	0.0000	0.0000	0.0248	-0.0000	-0.0000	5.9975	0.0013	7.1792	0.9984	0.0000	0.0000	0.0000	0.0000	0.0000	0.0000	0.0000	0.0000	0.0000	0.0000	0.0000	0.0000	0.0000	0.0000	0.0000	0.0000	0.0000	0.0000	0.0002	0.0002	0.0000	0.0001	0.0001	0.0000	0.0001	0.0001	0.0000	0.0254	0.0167	0.0088	0.0095	0.0081	0.0014	0.0160	0.0086	0.0074	745.2269	548.7921	0.0000	495.8866	457.3328	0.0000	4163.1228	15891.8552	0.0000	0.0000	0.0000	0.0000	0.0001	0.0001	0.0000	0.0000	0.0000	0.0000
4	24	0.1329	6	0	2	0	1	0	0	0	0	N	Y	N	N	N	N	N	N	N	N	N	N	0.1562	31.0706	0.0041	2.7542	74.5717	0.0000	0.0008	0.1704	0.0048	0.0127	0.0144	0.0005	0.0813	0.0854	0.0000	0.0001	0.0000	0.0006	0.0812	0.0005	0.1304	0.0295	0.0011	0.2527	0.0948	0.0000	0.1183	0.0052	148.2885	-0.0013	0.0046	5.9975	6.0729	7.1792	6.2374	0.0035	0.0035	0.0000	0.0035	0.0035	0.0000	0.0000	0.0000	0.0000	0.0113	0.0001	0.0113	0.0022	0.0001	0.0022	0.0091	0.0000	0.0091	0.2799	0.2457	0.0342	0.0435	0.0414	0.0021	0.2365	0.2043	0.0322	0.2505	0.1641	0.0864	0.0757	0.0662	0.0095	0.1748	0.0979	0.0769	0.2802	31.0706	0.0041	2.7542	74.5717	0.0000	0.0015	0.1704	0.0048	0.0453	0.0005	0.1304	0.0295	0.0011	0.2280	0.0521	0.0000	0.1183
4	25	0.0920	4	1	2	0	0	0	0	0	0	N	Y	N	N	N	N	N	N	N	N	N	N	30.8647	8.7573	14648.0343	0.0150	0.0135	2.3889	3468.4011	2100.2069	22952.4598	1.1844	1.3452	0.0007	0.0020	0.0021	0.0000	1.3627	1.5666	0.0007	0.0384	0.1536	0.0000	0.1356	0.1578	0.0000	0.0004	0.0007	0.0000	0.0001	0.0000	-0.3640	-0.0119	5.9975	19.6128	7.1792	15.0566	1.0007	1.0007	0.0001	0.0002	0.0002	0.0000	1.0005	1.0005	0.0001	0.0202	0.0202	0.0000	0.0200	0.0200	0.0000	0.0002	0.0002	0.0000	0.8449	0.7439	0.1010	0.1107	0.1052	0.0054	0.7342	0.6386	0.0956	0.5982	0.3638	0.2344	0.1485	0.1270	0.0215	0.4497	0.2369	0.2129	35.0497	24.2121	14648.0343	0.0150	0.0135	2.3889	3468.4011	2100.2069	22952.4598	0.0338	0.0556	0.0000	0.1350	0.1578	0.0000	0.0004	0.0007	0.0000
4	26	0.1885	5	0	1	1	0	0	0	0	0	N	N	N	N	N	N	N	N	N	N	N	N	0.0000	0.0000	0.0000	0.0000	0.0000	0.0000	0.0000	0.0000	0.0000	0.0000	0.0000	0.0000	0.0000	0.0000	0.0000	3.4950	6.1946	0.0000	20.6101	19.3614	0.0000	1.3646	3.0956	0.0000	0.0000	0.0000	-0.0000	5.9975	0.0000	7.1792	0.0000	0.0000	0.0000	0.0000	0.0000	0.0000	0.0000	0.0000	0.0000	0.0000	0.0000	0.0000	0.0000	0.0000	0.0000	0.0000	0.0000	0.0000	0.0000	0.0000	0.0000	0.0000	0.0000	0.0000	0.0000	0.0000	0.0000	0.0000	0.0000	0.0000	0.0000	0.0000	0.0000	0.0000	0.0000	0.0000	0.0000	0.0000	0.0000	0.0000	0.0000	0.0000	0.0000	0.0000	0.0000	0.0000	2.7545	4.1116	0.0000	4.8679	5.3678	0.0000	0.2715	0.6933	0.0000				
4	27	0.1593	6	1	1	1	0	0	0	0	0	N	N	N	N	N	N	N	N	N	N	N	N	0.0003	0.0001	0.0000	0.0005	0.0005	0.0000	0.0000	0.0000	0.0000	0.0000	0.0000	0.0000	0.0000	0.0000	0.0000	0.0000	0.0000	0.0000	0.0281	0.0852	0.0002	0.0746	0.0847	0.0004	0.0001	0.0000	0.0001	0.0000	0.0021	-0.0000	-0.0031	5.9975	6.0046	7.1792	3.2467	0.0000	0.0000	0.0000	0.0000	0.0000	0.0000	0.0000	0.0000	0.0000	0.0053	0.0053	0.0000	0.0053	0.0053	0.0000	0.0000	0.0000	0.0000	0.2526	0.2217	0.0308	0.0502	0.0470	0.0032	0.2024	0.1747	0.0277	0.1883	0.1180	0.0703	0.0707	0.0622	0.0085	0.1175	0.0557	0.0618	0.0003	0.0002	0.0000	0.0005	0.0005	0.0000	0.0000	0.0000	0.0000	0.0281	0.0447	0.0002	0.0746	0.0847	0.0004	0.0001	0.0000	0.0001
4	28	0.1229	5	1	1	0	0	0	0	0	0	N	N	N	N	N	N	N	N	N	N	N	N	0.0932	4.8793	0.0000	2.5097	11.9917	0.0000	0.0001	1.1494	0.0000	0.0109	0.0125	0.0000	0.0714	0.0750	0.0000	0.0000	0.0000	0.0000	0.1175	0.0026	0.1495	0.0285	0.0063	0.2026	0.1832	0.0000	0.1453	0.0000	32.1028	-0.0013	0.0064	5.9975	7.0330	7.1792	8.3476	0.0035	0.0035	0.0000	0.0035	0.0035	0.0000	0.0000	0.0000	0.0000	0.0169	0.0005	0.0164	0.0026	0.0005	0.0021	0.0142	0.0000	0.0142	0.3238	0.2834	0.0404	0.0496	0.0472	0.0024	0.2742	0.2362	0.0381	0.3081	0.1987	0.1094	0.0928	0.0812	0.0116	0.2153	0.1175	0.0979	0.2000	4.8793	0.0000	2.5097	11.9917	0.0000	0.0002	1.1494	0.0000	0.0547	0.0026	0.1495	0.0285	0.0063	0.1844	0.0661	0.0000	0.1453
4	29	0.1329	6	0	2	0	1	0	0	0	0	N	Y	N	N	N	N	N	N	N	N	N	N	0.5884	1787.2805	0.0016	0.0799	0.2201	0.0421	0.6072	2624224.9530	0.0015	1.8052	2.0541	0.0227	0.0007	0.0007	0.0020	2.1139	2.4388	0.0241	3.0681	0.0011	14.3168	0.0091	0.0030	0.0479	3.4813	0.0000	15.5917	0.0015	3149.5444	-0.3611	0.4081	5.9975	12.7698	7.1792	10.8465	0.9970	0.9954	0.0015	0.0001	0.0001	0.0000	0.9969	0.9954	0.0015	0.9939	0.0003	0.9936	0.0011	0.0003	0.0008	0.9928	0.0000	0.9928	0.5523	0.4846	0.0677	0.0807	0.0765	0.0042	0.4716	0.4081	0.0635	0.4290	0.2745	0.1545	0.1228	0.1061	0.0167	0.3062	0.1684	0.1378	0.7792	1787.2805	0.0035	0.0799	0.2201	0.0421	0.6520	2624224.9530	0.0033	2.3167	0.0011	6.4300	0.0091	0.0030	0.0479	3.2421	0.0000	7.2036
4	30	0.1758	10	1	1	1	0	0	0	0	0	N	N	N	N	N	N	N	N	N	N	N	N	2.7908	2.0614	0.0000	8.5218	7.6146	0.0000	0.0000	0.0041	0.0047	0.0000	0.0328	0.0349	0.0000	0.0000	0.0000	0.0000	0.0015	0.0023	0.0000	0.0039	0.0046	0.0000	0.0000	0.0000	0.0000	0.0000	0.0000	-0.0008	-0.0003	5.9975	11.8338	7.1792	5.9707	0.0021	0.0021	0.0000	0.0021	0.0021	0.0000	0.0000	0.0000	0.0000	0.0005	0.0005	0.0000	0.0005	0.0005	0.0000	0.0000	0.0000	0.0000	0.5103	0.4469	0.0634	0.0637	0.0600	0.0037	0.4467	0.3869	0.0598	0.3337	0.2158	0.1179	0.1271	0.1070	0.0201	0.2066	0.1089	0.0978	2.7908	2.0614	0.0000	8.5218	7.6146	0.0000	0.0000	0.0000	0.0000	0.0015	0.0023	0.0000	0.0039	0.0046	0.0000	0.0000	0.0000	0.0000		
4	31	0.1329	6	0	1	1	0	0	0	0	0	N	N	N	N	N	N	N	N	N	N	N	N	0.0005	0.0000	83.7785	0.0015	0.0002	536.2237	0.0798	0.0000	0.4552	0.0000	0.0000	0.0002	0.0002	0.0000	0.0036	0.0000	0.0000	0.0000	0.0635	0.2092	0.0000	0.1435	0.1573	0.0000	0.0000	0.0000	0.0000	5.0256	0.0000	0.0000	-0.0053	5.9975	6.9288	7.1792	3.0309	0.0000	0.0000	0.0000	0.0000	0.0000	0.0000	0.0000	0.0000	0.0000	0.0090	0.0090	0.0000	0.0090	0.0090	0.0000	0.0000	0.0000	0.0000	0.3167	0.2779	0.0388	0.0485	0.0461	0.0024	0.2682	0.2318	0.0364	0.2110	0.1396	0.0714	0.0650	0.0572	0.0078	0.1459	0.0824	0.0636	0.0008	0.0001	83.7785	0.0015	0.0002	536.2237	0.0798	0.0000	0.4552	0.0427	0.0645	0.0000	0.1384	0.1573	0.0000	0.0000	0.0000	0.0000
4	32	0.1229	5	0	1	0	0	0	0	0	0	N	N	N	N	N	N	N	N	N	N	N	N	0.0264	0.0202	0.0713	0.0386	0.0349	0.1554	0.0307	1.2640	0.0615	0.0002	0.0002	0.0004	0.0007	0.0007	0.0020	0.0001	0.0000	0.0003	0.0078	0.0087	0.0058	0.0183	0.0189	0.0131	0.0023	0.0000	0.0051	0.3320	0.3181	-0.0000	-0.0004	5.9975	1.8775	7.1792	3.1058	0.0000	0.0000	0.0000	0.0000	0.0000	0.0000	0.0000	0.0000	0.0000	0.0010	0.0008	0.0002	0.0008	0.0008	0.0001	0.0002	0.0000	0.0002	0.1046	0.0917	0.0129	0.0224	0.0216	0.0008	0.0822	0.0702	0.0121	0.1310	0.0889	0.0421	0.0451	0.0410	0.0041	0.0860	0.0479	0.0380	0.0264	0.0202	0.0713	0.0386	0.0349	0.1554	0.0307	1.2640	0.0615	0.0078	0.0087	0.0058	0.0183	0.0189	0.0131	0.0023	0.0000	0.0051
4	33	0.1106	4	0	1	0	0	0	0	0	0	N	N	N	N	N	N	N	N	N	N	N	N	0.6592	0.9083	0.0003	1.7926	1.7830	0.0009	0.4147	72.9613	0.0002	0.0072	0.0082	0.0000	0.0352	0.0370	0.0000	0.0029	0.0034	0.0000	0.0109	0.0091	0.0142	0.0196	0.0208	0.0100	0.0071	0.0000	0.0146	0.0001	0.9049	-0.0006	-0.0002	5.9975	5.3867	7.1792	0.9197	0.0017	0.0017	0.0000	0.0011	0.0011	0.0000	0.0006	0.0006	0.0000	0.0015	0.0008	0.0007	0.0009	0.0008	0.0000	0.0007	0.0000	0.0007	0.2393	0.2094	0.0299	0.0318	0.0302	0.0016	0.2074	0.1792	0.0283	0.1408	0.0891	0.0517	0.0435	0.0388	0.0047	0.0973	0.0503	0.0470	0.6592	0.9083	0.0003	1.7926	1.7830	0.0009	0.4147	72.9613	0.0002	0.0109	0.0091	0.0142	0.0196	0.0208	0.0100	0.0071	0.0000	0.0146
4	34	0.1938	6	0	2	0	0	0	0	0	0	N	Y	N	N	N	N	N	N	N	N	N	N	12.5435	5.5972	812.2898	713.4503	0.0000	0.0000	4.0518	4.6793	0.0000	9.6893	9.7933	0.0000	0.0000	0.0000	0.0000	0.3230	0.8360	0.0000	0.0119	0.0137	0.0000	0.7728	2.2493	0.0000	0.0000	0.0000	-0.0005	-0.0027	5.9975	0.0019	7.1792	3.0025	0.0013	0.0013	0.0000	0.0013	0.0013	0.0000	0.0000	0.0000	0.0000	0.0046	0.0046	0.0000	0.0002	0.0002	0.0000	0.0044	0.0044	0.0000	0.0003	0.0003	0.0000	0.0001	0.0001	0.0000	0.0002	0.0001	0.0000	0.0559	0.0356	0.0203	0.0185	0.0160	0.0024	0.0374	0.0195	0.0179	49.1515	36.1343	0.0000	812.2898	713.4503	0.0000	0.0000	0.0000	0.0000	0.0824	0.1295	0.0000	0.0119	0.0137	0.0000	0.1172	0.2246	0.0000			
4	35	0.2420	10	1	2	0	0	0	0	0	0	N	Y	N	N	N	N	N	N	N	N	N	N	0.0000	0.0000	0.0000	0.0000	0.0000	0.0000	0.0000	0.0000	0.0000	0.0000	0.0000	0.0000	0.0000	0.0002	0.0004	0.0000	0.0008	0.0009	0.0000	0.0000	0.0000	0.0000	0.0000	0.0000	-0.0000	5.9975	1.0000	7.1792	1.9999	0.0000	0.0000	0.0000	0.0000	0.0000	0.0000	0.0000	0.0000	0.0000	0.0000	0.0000	0.0000	0.0000	0.0000	0.0000	0.0000	0.0000	0.0000	0.0429	0.0377	0.0052	0.0105	0.0098	0.0007	0.0324	0.0279	0.0045	0.0467	0.0278	0.0189	0.0133	0.0114	0.0020	0.0334	0.0165	0.0169	0.0000	0.0000	0.0000	0.0000	0.0000	0.0000	0.0000	0.0000	0.0000	0.0002	0.0004	0.0000	0.0008	0.0009	0.0000	0.0000	0.0000	0.0000						
4	36	0.2067	10	0	2	1	0	0	0	0	0	N	Y	N	N	N	N	N	N	N	N	N	N	2605.2624	0.0000	4757240.1161	4.3675	0.0000	22379.8994	5428.4858	0.0000	5378518.4959	6.8162	0.0000	54.8600	0.0178	0.0000	0.2890	8.1771	0.0000	59.7750	0.0026	0.0040	0.0000	0.0041	0.0050	0.0000	0.0015	0.0049	0.0000	inf	0.0015	0.6254	-0.0003	5.9975	3.0341	7.1792	5.2124	0.9829	0.0000	0.9829	0.0004	0.0000	0.0004	0.9825	0.0000	0.9825	0.0005	0.0005	0.0000	0.0003	0.0003	0.0000	0.0002	0.0002	0.0000	0.1442	0.1263	0.0179	0.0241	0.0226	0.0015	0.1202	0.1037	0.0164	0.1767	0.1168	0.0599	0.0764	0.0625	0.0139	0.1003	0.0543	0.0460	2605.2624	0.0000	4757240.1161	4.3675	0.0000	22379.8994	5428.4858	0.0000	5378518.4959	0.0026	0.0040	0.0000	0.0041	0.0050	0.0000	0.0015	0.0028	0.0000
4	37	0.1829	9	0	2	0	0	0	0	0	0	N	Y	N	N	N	N	N	N	N	N	N	N	5.1135	0.0362	465.9752	0.0514	0.0004	4.2086	4.0785	0.0024	469.7581	0.0314	0.0003	0.2424	0.0001	0.0000	0.0016	0.0356	0.0004	0.2573	0.0061	0.0092	0.0005	0.0020	0.0023	0.0004	0.0087	0.1610	0.0005	107.2500	0.0307	0.0027	-0.0005	5.9975	3.0544	7.1792	4.8962	0.0043	0.0000	0.0042	0.0000	0.0000	0.0000	0.0043	0.0000	0.0042	0.0010	0.0009	0.0000	0.0001	0.0001	0.0000	0.0008	0.0008	0.0000	0.1362	0.1187	0.0175	0.0162	0.0152	0.0010	0.1200	0.1035	0.0165	0.1573	0.1020	0.0553	0.0609	0.0512	0.0097	0.0964	0.0508	0.0456	5.1135	0.0362	465.9752	0.0514	0.0004	4.2086	4.0785	0.0237	469.7581	0.0061	0.0092	0.0005	0.0020	0.0023	0.0004	0.0087	0.0161	0.0005
4	38	0.1938	6	0	1	1	0	0	0	0	0	N	N	N	N	N	N	N	N	N	N	N	N	31.8364	0.0000	inf	0.0142	0.0131	24.8291	0.0000	inf	25.6744	0.0000	200.2310	0.0002	0.0003	0.0000	29.0183	0.0000	210.0621	0.8064	1.2406	0.0000	0.0173	0.0199	0.0000	1.1687	2.6049	0.0000	902508.1962	0.0000	0.6330	-0.0027	5.9975	0.9992	7.1792	1.0069	0.9949	0.0000	0.9949	0.0000	0.0000	0.0000	0.9949	0.0000	0.9949	0.0046	0.0046	0.0000	0.0002	0.0002	0.0000	0.0044	0.0044	0.0000	0.0388	0.0338	0.0050	0.0045	0.0042	0.0002	0.0343	0.0295	0.0047	0.0380	0.0242	0.0138	0.0127	0.0111	0.0017	0.0253	0.0132	0.0121	212.0969	0.0002	inf	0.0142	0.0131	0.0000	167.6935	0.0000	inf	0.1211	0.1899	0.0000	0.0173	0.0199	0.0000	0.1730	0.3323	0.0000	
4	39	0.1885	5	0	1	0	0	0	0	0	0	N	N	N	N	N	N	N	N	N	N	N	N	0.0032	0.0015	inf	0.0291	0.0291	0.0010	0.0000	inf	0.0871	0.0609	0.2655	0.5077	0.5344	0.0000	0.0380	0.0000	0.2768	27.1434	41.1435	0.0000	17.4481	18.3512	0.0000	36.3250	68.1738	0.0000	0.6422	0.0000	0.0001	-0.5757	5.9975	1.0008	7.1792	0.9987	0.0034	0.0021	0.0013	0.0021	0.0021	0.0000	0.0013	0.0000	0.0013	0.9773	0.9773	0.0000	0.0447	0.0447	0.0000	0.9326	0.9326	0.0000	0.0392	0.0342	0.0050	0.0041	0.0039	0.0002	0.0351	0.0303	0.0048	0.0372	0.0238	0.0135	0.0115	0.0101	0.0015	0.0257	0.0137	0.0120	0.0033	0.0015	inf	0.1310	0.1204	0.0000	0.0010	0.0000	inf	26.2583	41.1435	0.0000	3.8741	4.4400	0.0000	36.3250	68.1738	0.0000	
4	40	0.1106	4	0	1	0	0	0	0	0	0	N	N	N	N	N	N	N	N	N	N	N	N	0.0006	0.0008	0.0000	0.0068	0.0061	0.0000	0.0000	0.0000	0.0000	0.0007	0.0008	0.0000	0.0053	0.0056	0.0000	0.0000	0.0000	0.0000	1.0711	1.0405	0.1541	0.7785	0.9066	0.0066	0.2879	0.0001	0.1698	0.0000	0.5647	-0.0001	-0.0177	5.9975	9.0374	7.1792	18.5287	0.0003	0.0003	0.0000	0.0003	0.0003	0.0000	0.0000	0.0000	0.0000	0.0775	0.0495	0.0280	0.0496	0.0495	0.0001	0.0278	0.0000	0.0278	0.3912	0.3426	0.0487	0.0514	0.0487	0.0027	0.3399	0.2939	0.0460	0.4813	0.2998	0.1815	0.1310	0.1135	0.0175	0.3503	0.1864	0.1639	0.0043	0.0048	0.0000	0.0139	0.0128	0.0000	0.0000	0.0000	0.0000	0.1609	0.1651	0.1541	0.3787	0.4362	0.0066	0.0795	0.0001	0.1698
4	41	0.0837	3	0	1	0	0	0	0	0	0	N	N	N	N	N	N	N	N	N	N	N	N	0.1353	0.0813	0.0030	0.0798	0.0730	0.0000	0.5766	1.5240	0.0030	0.0029	0.0033	0.0000	0.0051	0.0054	0.0000	0.0027	0.0031	0.0000	0.0215	0.0410	0.0076	0.0636	0.0735	0.0036	0.0046	0.0020	0.0081	0.0010	0.1538	-0.0004	-0.0027	5.9975	9.0369	7.1792	3.5648	0.0012	0.0012	0.0000	0.0002	0.0002	0.0000	0.0010	0.0010	0.0000	0.0059	0.0051	0.0008	0.0050	0.0050	0.0000	0.0009	0.0002	0.0007	0.3973	0.3467	0.0506	0.0406	0.0384	0.0022	0.3568	0.3084	0.0484	0.2744	0.1712	0.1032	0.0788	0.0676	0.0112	0.1956	0.1036	0.0920	0.1353	0.1115	0.0030	0.0798	0.0730	0.0000	0.5766	2.0272	0.0030	0.0215	0.0299	0.0076	0.0636	0.0735	0.0036	0.0046	0.0015	0.0081
4	42	0.1175	7	0	1	0	0	0	0	0	0	N	N	N	N	N	N	N	N	N	N	N	N	0.0223	0.0131	3.7523	0.2112	0.2093	0.0000	0.0083	0.0000	118.8698	0.0115	0.0129	0.0014	0.0841	0.0891	0.0000	0.0002	0.0000	0.0014	0.5142	0.9834	0.0004	0.3982	0.4254	0.0023	0.0245	1.0243	0.0000	0.0147	0.0014	-0.0029	-0.0247	5.9975	17.0025	7.1792	6.0864	0.0083	0.0081	0.0001	0.0081	0.0081	0.0000	0.0001	0.0000	0.0001	0.0421	0.0420	0.0001	0.0348	0.0348	0.0001	0.0072	0.0072	0.0000	0.7195	0.6308	0.0887	0.0967	0.0913	0.0054	0.6228	0.5394	0.0833	0.4437	0.2831	0.1606	0.1494	0.1252	0.0242	0.2943	0.1579	0.1364	0.1211	0.0870	3.7523	0.3605	0.3205	0.0000	0.0083	0.0003	118.8698	0.0948	0.1484	0.0004	0.2333	0.2779	0.0023	0.0245	0.0457	0.0000
4	44	0.1175	7	0	2	0	0	0	0	0	0	N	Y	N	N	N	N	N	N	N	N	N	N	0.0000	0.0000	0.0000	0.0000	0.0000	0.0000	0.0000	0.0000	0.0000	0.0000	0.0000	0.0000	0.0000	0.0000	0.0000	0.0000	0.0000	0.0000	0.0342	0.0019	0.0856	0.0210	0.0042	0.1069	0.0440	0.0000	0.0816	25.5171	0.0000	0.0045	5.9975	6.9958	7.1792	11.8523	0.0000	0.0000	0.0000	0.0000	0.0000	0.0000	0.0000	0.0000	0.0000	0.0120	0.0005	0.0116	0.0027	0.0005	0.0023	0.0093	0.0000	0.0093	0.3230	0.2828	0.0402	0.0472	0.0448	0.0024	0.2758	0.2380	0.0378	0.3762	0.2413	0.1349	0.1294	0.1082	0.0212	0.2468	0.1331	0.1137	0.0000	0.0000	0.0000	0.0000	0.0000	0.0000	0.0000	0.0000	0.0000	0.0319	0.0019	0.0856	0.0210	0.0042	0.1069	0.0376	0.0000	0.0816	
4	45	0.1559	8	0	2	0	0	0	0	0	0	N	Y	N	N	N	N	N	N	N	N	N	N	0.2153	0.0876	0.0000	0.4564	0.4110	0.0000	0.3139	0.0703	0.0000	0.0054	0.0062	0.0000	0.0323	0.0345	0.0000	0.0008	0.0009	0.0000	0.0253	0.0708	0.0000	0.0708	0.0838	0.0000	0.0024	0.0125	0.0000	0.0000	0.0001	-0.0016	-0.0093	5.9975	20.1318	7.1792	17.5118	0.0045	0.0045	0.0000	0.0040	0.0040	0.0000	0.0005	0.0005	0.0000	0.0158	0.0158	0.0000	0.0147	0.0147	0.0000	0.0010	0.0010	0.0000	0.8297	0.7282	0.1015	0.1230	0.1153	0.0077	0.7067	0.6129	0.0938	0.6234	0.3893	0.2341	0.2083	0.1759	0.0324	0.4151	0.2134	0.2017	0.2153	0.1532	0.0000	0.4564	0.4110	0.0000	0.3139	0.1864	0.0000	0.0253	0.0405	0.0000	0.0708	0.0838	0.0000	0.0024	0.0047	0.0000
4	46	0.0558	2	0	2	0	0	0	0	0	0	N	Y	N	N	N	N	N	N	N	N	N	N	0.0000	0.0000	301.9033	0.0000	0.0000	546.8340	0.0000	0.0000	282.2163	0.0000	0.0000	0.0001	0.0000	0.0000	0.0001	0.0000	0.0000	0.0001	1.8807	3.1122	0.0000	0.2376	0.2597	0.0000	2.1038	4.4573	0.0000	inf	0.0000	0.0000	-0.5462	5.9975	15.0410	7.1792	10.9147	0.0000	0.0000	0.0000	0.0000	0.0000	0.0000	0.0000	0.0000	0.0000	0.9271	0.9271	0.0000	0.0586	0.0586	0.0000	0.8685	0.8685	0.0000	0.7028	0.6125	0.0903	0.0725	0.0690	0.0035	0.6303	0.5435	0.0868	0.8603	0.5502	0.3101	0.3149	0.2702	0.0447	0.5454	0.2800	0.2655	0.0000	0.0000	301.9033	0.0000	0.0000	546.8340	0.0000	0.0000	282.2163	1.0777	1.6851	0.0000	0.1860	0.2168	0.0000	1.5924	3.1022	0.0000
4	47	0.1810	11	1	1	1	0	0	0	0	0	N	N	N	N	N	N	N	N	N	N	N	N	0.0001	0.0000	0.0076	0.0002	0.0000	0.4008	0.0000	0.0000	0.0000	0.0000	0.0000	0.0000	0.0000	0.0000	0.0000	0.0000	0.0000	0.0000	0.0014	0.0021	0.0001	0.0035	0.0042	0.0000	0.0000	0.0000	0.0001	inf	0.0222	0.0000	-0.0003	5.9975	12.7633	7.1792	6.3722	0.0000	0.0000	0.0000	0.0000	0.0000	0.0000	0.0000	0.0000	0.0000	0.0005	0.0005	0.0000	0.0005	0.0005	0.0000	0.0000	0.0000	0.0000	0.5517	0.4837	0.0681	0.0706	0.0667	0.0040	0.4811	0.4170	0.0641	0.3694	0.2420	0.1274	0.1479	0.1245	0.0234	0.2216	0.1175	0.1041	0.0001	0.0000	0.0076	0.0002	0.0000	0.4008	0.0000	0.0000	0.0000	0.0014	0.0021	0.0001	0.0035	0.0042	0.0000	0.0000	0.0000	0.0001
4	48	0.1758	10	0	1	0	0	0	0	0	0	N	N	N	N	N	N	N	N	N	N	N	N	0.0176	0.0155	0.0000	0.0380	0.0347	0.0000	0.0000	0.0000	0.0000	0.0000	0.0000	0.0000	0.0000	0.0000	0.0000	0.0000	0.0000	0.0000	0.0004	0.0004	0.0002	0.0006	0.0007	0.0002	0.0002	0.0002	0.0002	0.0000	0.2381	-0.0000	-0.0000	5.9975	0.3513	7.1792	1.9759	0.0000	0.0000	0.0000	0.0000	0.0000	0.0000	0.0000	0.0000	0.0000	0.0000	0.0000	0.0000	0.0000	0.0000	0.0000	0.0000	0.0000	0.0000	0.0271	0.0247	0.0023	0.0074	0.0073	0.0001	0.0196	0.0174	0.0022	0.0480	0.0313	0.0168	0.0188	0.0159	0.0030	0.0292	0.0154	0.0138	0.0176	0.0155	0.0000	0.0380	0.0347	0.0000	0.0000	0.0000	0.0000	0.0004	0.0004	0.0002	0.0006	0.0007	0.0002	0.0002	0.0002	0.0002
4	49	0.1756	9	0	1	0	0	0	0	0	0	N	N	N	N	N	N	N	N	N	N	N	N	0.0000	0.0000	0.0000	0.0000	0.0000	0.0000	0.0000	0.0000	0.0000	0.0000	0.0000	0.0000	0.0000	0.0000	0.0000	0.0000	0.0000	0.0000	0.0001	0.0001	0.0000	0.0002	0.0003	0.0000	0.0000	0.0000	0.0000	0.0421	0.0000	-0.0000	5.9975	0.1669	7.1792	0.0350	0.0000	0.0000	0.0000	0.0000	0.0000	0.0000	0.0000	0.0000	0.0000	0.0000	0.0000	0.0000	0.0000	0.0000	0.0000	0.0000	0.0000	0.0000	0.0076	0.0066	0.0010	0.0009	0.0008	0.0001	0.0067	0.0058	0.0009	0.0042	0.0027	0.0015	0.0017	0.0014	0.0003	0.0026	0.0013	0.0012	0.0000	0.0000	0.0000	0.0000	0.0000	0.0000	0.0000	0.0000	0.0000	0.0001	0.0001	0.0000	0.0002	0.0003	0.0000	0.0000	0.0000	0.0000	
4	50	0.1756	8	0	1	0	0	0	0	0	0	N	N	N	N	N	N	N	N	N	N	N	N	0.0000	0.0000	0.0000	0.0000	0.0000	0.0000	0.0000	0.0000	0.0000	0.0000	0.0000	0.0000	0.0000	0.0000	0.0000	0.0000	0.0000	0.0000	0.0004	0.0004	0.0003	0.0005	0.0005	0.0002	0.0003	0.0003	0.0004	0.4107	0.0000	-0.0000	5.9975	0.0010	7.1792	0.0028	0.0000	0.0000	0.0000	0.0000	0.0000	0.0000	0.0000	0.0000	0.0000	0.0000	0.0000	0.0000	0.0000	0.0000	0.0000	0.0000	0.0000	0.0000	0.0001	0.0001	0.0000	0.0000	0.0000	0.0000	0.0001	0.0000	0.0000	0.0001	0.0001	0.0000	0.0001	0.0001	0.0000	0.0001	0.0000	0.0000	0.0000	0.0000	0.0000	0.0000	0.0000	0.0000	0.0000	0.0000	0.0000	0.0004	0.0004	0.0003	0.0005	0.0005	0.0002	0.0003	0.0003	0.0004	
4	51	0.0981	6	0	2	0	1	0	0	0	0	N	Y	N	N	N	N	N	N	N	N	N	N	0.0005	0.0005	0.0010	0.0040	0.0034	0.0000	0.0005	0.0000	0.0009	0.0017	0.0000	0.0132	0.0001	0.0001	0.0000	0.0019	0.0000	0.0140	3.0468	0.0229	13.5281	0.0187	0.0227	0.0002	3.6477	0.3048	15.4293	154.4585	175.1103	0.0004	0.3922	5.9975	7.3891	7.1792	13.2142	0.0006	0.0000	0.0006	0.0000	0.0000	0.0000	0.0006	0.0000	0.0006	0.9678	0.0055	0.9623	0.0024	0.0024	0.0000	0.9654	0.0031	0.9623	0.3423	0.2995	0.0428	0.0493	0.0469	0.0024	0.2930	0.2526	0.0404	0.4187	0.2599	0.1588	0.1299	0.1066	0.0232	0.2889	0.1533	0.1356	0.0007	0.0006	0.0022	0.0040	0.0034	0.0000	0.0006	0.0000	0.0020	2.3114	0.0211	6.0604	0.0187	0.0227	0.0002	3.3420	0.0201	7.0989
4	52	0.0920	5	0	2	0	0	0	0	0	0	N	Y	N	N	N	N	N	N	N	N	N	N	854.9408	591.2103	4062.6910	7.8141	5.9768	5811.6351	3981.8672	2422.3203	4342.0049	1.7809	2.0163	0.0313	0.0517	0.0464	0.1654	2.0715	2.3804	0.0237	0.0021	0.0034	0.0000	0.0066	0.0078	0.0000	0.0005	0.0010	0.0000	0.0021	0.0014	-0.3621	-0.0006	5.9975	12.1779	7.1792	13.0455	1.0011	0.9990	0.0021	0.0042	0.0036	0.0006	0.9969	0.9954	0.0015	0.0010	0.0010	0.0000	0.0008	0.0008	0.0000	0.0002	0.0002	0.0000	0.5621	0.4954	0.0667	0.0809	0.0773	0.0036	0.4812	0.4181	0.0631	0.4589	0.2799	0.1790	0.1176	0.1001	0.0175	0.3413	0.1798	0.1615	854.9408	591.2103	4062.6910	7.8141	5.9768	5811.6351	3981.8672	2422.3203	4342.0049	0.0021	0.0034	0.0000	0.0066	0.0078	0.0000	0.0005	0.0010	0.0000
4	53	0.1829	9	0	2	0	0	0	0	0	0	N	Y	N	N	N	N	N	N	N	N	N	N	0.0000	0.0000	0.0000	0.0000	0.0000	0.0000	0.0000	0.0000	0.0000	0.0000	0.0000	0.0000	0.0000	0.0000	0.0000	0.0000	0.0000	0.0000	0.0003	0.0005	0.0000	0.0009	0.0010	0.0000	0.0000	0.0000	0.0000	0.0001	0.0000	-0.0000	5.9975	3.0001	7.1792	3.0003	0.0000	0.0000	0.0000	0.0000	0.0000	0.0000	0.0000	0.0000	0.0000	0.0000	0.0000	0.0000	0.0000	0.0000	0.0000	0.0000	0.0000	0.0000	0.1338	0.1166	0.0172	0.0159	0.0149	0.0010	0.1179	0.1017	0.0162	0.1200	0.0779	0.0422	0.0466	0.0392	0.0074	0.0734	0.0387	0.0347	0.0000	0.0000	0.0000	0.0000	0.0000	0.0000	0.0000	0.0000	0.0000	0.0003	0.0005	0.0000	0.0009	0.0010	0.0000	0.0000	0.0000	0.0000	
4	54	0.1756	8	0	1	0	0	0	0	0	0	N	N	N	N	N	N	N	N	N	N	N	N	0.0000	0.0000	0.0000	0.0000	0.0000	0.0000	0.0000	0.0000	0.0000	0.0000	0.0000	0.0000	0.0000	0.0000	0.0000	0.0000	0.0000	0.0000	0.0000	0.0000	0.0000	0.0000	0.0000	0.0000	0.0000	0.0000	0.0000	0.0457	0.0000	-0.0000	5.9975	1.9998	7.1792	1.0017	0.0000	0.0000	0.0000	0.0000	0.0000	0.0000	0.0000	0.0000	0.0000	0.0000	0.0000	0.0000	0.0000	0.0000	0.0000	0.0000	0.0000	0.0000	0.0894	0.0779	0.0115	0.0104	0.0097	0.0007	0.0791	0.0682	0.0109	0.0611	0.0397	0.0214	0.0238	0.0200	0.0038	0.0372	0.0196	0.0176	0.0000	0.0000	0.0000	0.0000	0.0000	0.0000	0.0000	0.0000	0.0000	0.0000	0.0000	0.0000	0.0000	0.0000	0.0000	0.0000	0.0000	0.0000	
4	55	0.1175	7	0	1	0	0	0	0	0	0	N	N	N	N	N	N	N	N	N	N	N	N	0.0219	0.0001	1841006.6268	0.0522	0.0003	inf	0.3779	0.0006	916411.4964	0.0027	0.0000	0.0214	0.0083	0.0001	0.1589	0.0017	0.0000	0.0126	0.1224	0.5304	0.0000	0.1583	0.1913	0.0000	0.0046	0.0398	0.0000	97.1058	0.0000	0.0006	-0.0120	5.9975	8.0033	7.1792	9.9473	0.0010	0.0000	0.0010	0.0004	0.0000	0.0004	0.0005	0.0000	0.0005	0.0203	0.0203	0.0000	0.0192	0.0192	0.0000	0.0011	0.0011	0.0000	0.3649	0.3195	0.0454	0.0524	0.0497	0.0027	0.3125	0.2698	0.0427	0.3615	0.2321	0.1293	0.1250	0.1044	0.0206	0.2365	0.1277	0.1088	0.0477	0.0004	1841006.6268	0.0537	0.0004	inf	0.3779	0.0029	916411.4964	0.0563	0.0876	0.0000	0.1540	0.1843	0.0000	0.0046	0.0086	0.0000
4	63	0.1969	10	1	2	0	1	0	0	0	0	N	Y	N	N	N	N	N	N	N	N	N	N	0.0000	0.0000	0.0000	0.0000	0.0000	0.0000	0.0000	0.0000	0.0000	0.0000	0.0000	0.0000	0.0000	0.0000	0.0000	0.0000	0.0000	0.0014	0.0022	0.0000	0.0042	0.0049	0.0000	0.0000	0.0000	0.0000	0.0003	0.0000	-0.0001	5.9975	2.0000	7.1792	2.0002	0.0000	0.0000	0.0000	0.0000	0.0000	0.0000	0.0000	0.0000	0.0000	0.0001	0.0001	0.0000	0.0001	0.0001	0.0000	0.0000	0.0000	0.0000	0.0893	0.0783	0.0109	0.0172	0.0162	0.0011	0.0720	0.0622	0.0099	0.0787	0.0505	0.0282	0.0262	0.0226	0.0035	0.0526	0.0279	0.0247	0.0000	0.0000	0.0000	0.0000	0.0000	0.0000	0.0000	0.0000	0.0000	0.0014	0.0022	0.0000	0.0042	0.0049	0.0000	0.0000	0.0000	0.0000		
4	64	0.2126	14	0	2	0	1	0	0	0	0	N	Y	N	N	N	N	N	N	N	N	N	N	0.2467	0.0811	0.0000	0.1338	0.1514	0.0000	119390.0952	158905.8602	0.0000	0.0436	0.0496	0.0000	0.0338	0.0361	0.0000	0.0461	0.0535	0.0000	0.1766	0.6113	0.0000	0.2524	0.2382	0.0000	0.0000	0.0000	0.0000	0.0000	0.0000	-0.0014	-0.0052	5.9975	2.0059	7.1792	4.8036	0.0039	0.0039	0.0000	0.0006	0.0006	0.0000	0.0033	0.0033	0.0000	0.0088	0.0088	0.0000	0.0088	0.0088	0.0000	0.0000	0.0000	0.0000	0.0904	0.0794	0.0110	0.0190	0.0178	0.0012	0.0714	0.0616	0.0098	0.1331	0.0870	0.0461	0.0472	0.0412	0.0060	0.0859	0.0458	0.0401	0.6574	0.4892	0.0000	0.1807	0.1685	0.0000	119390.0952	158905.8602	0.0000	0.0663	0.1014	0.0000	0.1869	0.2139	0.0000	0.0000	0.0000	0.0000
4	65	0.2098	12	0	2	0	0	0	0	0	0	N	Y	N	N	N	N	N	N	N	N	N	N	4.8248	3.5744	0.0000	0.0003	0.0003	0.0000	198.6783	361.1861	0.0000	0.0114	0.0130	0.0000	0.0000	0.0000	0.0000	0.0157	0.0182	0.0000	0.0024	0.0036	0.0001	0.0065	0.0074	0.0002	0.0001	0.0001	0.0001	0.0000	0.0178	-0.0002	-0.0000	5.9975	0.9804	7.1792	0.2754	0.0006	0.0006	0.0000	0.0000	0.0000	0.0000	0.0006	0.0006	0.0000	0.0001	0.0001	0.0000	0.0001	0.0001	0.0000	0.0000	0.0000	0.0000	0.0489	0.0428	0.0061	0.0134	0.0122	0.0012	0.0355	0.0307	0.0049	0.0277	0.0177	0.0101	0.0099	0.0087	0.0012	0.0179	0.0090	0.0089	4.8248	3.5744	0.0000	0.0003	0.0003	0.0000	198.6783	361.1861	0.0000	0.0024	0.0036	0.0001	0.0065	0.0074	0.0002	0.0001	0.0001	0.0001
4	66	0.2076	13	0	1	1	1	0	0	0	0	N	N	N	N	N	N	N	N	N	N	N	N	22459.8813	16868.8281	0.0000	18967.5813	17691.9070	0.0000	1970270.8398	205790568.3566	0.0000	15.7715	18.0624	0.0000	37.7073	40.1649	0.0000	5.6420	6.6939	0.0000	0.0007	0.0011	0.0000	0.0020	0.0023	0.0000	0.0000	0.0000	0.0000	0.0000	0.0027	-0.3429	-0.0000	5.9975	0.9437	7.1792	4.8091	0.9425	0.9425	0.0000	0.7118	0.7118	0.0000	0.2306	0.2306	0.0000	0.0001	0.0001	0.0000	0.0001	0.0001	0.0000	0.0000	0.0000	0.0000	0.0598	0.0522	0.0076	0.0189	0.0177	0.0012	0.0409	0.0345	0.0064	0.1156	0.0756	0.0400	0.0407	0.0357	0.0051	0.0749	0.0400	0.0349	22459.8813	16868.8281	0.0000	18967.5813	17691.9070	0.0000	1970270.8398	205790568.3566	0.0000	0.0007	0.0011	0.0000	0.0020	0.0023	0.0000	0.0000	0.0000	0.0000
4	67	0.2006	12	0	1	1	1	0	0	0	0	N	N	N	N	N	N	N	N	N	N	N	N	3.7947	2.8618	0.0000	6.6511	6.1977	0.0000	0.0313	29.8702	0.0000	0.0051	0.0058	0.0000	0.0265	0.0282	0.0000	0.0000	0.0000	0.0000	0.0014	0.0020	0.0001	0.0040	0.0046	0.0002	0.0000	0.0000	0.0001	0.0000	0.0293	-0.0003	-0.0001	5.9975	4.0088	7.1792	5.0246	0.0009	0.0009	0.0000	0.0009	0.0009	0.0000	0.0000	0.0000	0.0000	0.0002	0.0002	0.0000	0.0002	0.0002	0.0000	0.0000	0.0000	0.0000	0.1771	0.1555	0.0216	0.0344	0.0322	0.0021	0.1428	0.1233	0.0195	0.1751	0.1126	0.0625	0.0582	0.0506	0.0077	0.1169	0.0621	0.0548	3.7947	2.8618	0.0000	6.6511	6.1977	0.0000	0.0313	29.8702	0.0000	0.0014	0.0020	0.0001	0.0040	0.0046	0.0002	0.0000	0.0000	0.0001
4	68	0.2126	14	0	1	1	1	0	0	0	0	N	N	N	N	N	N	N	N	N	N	N	N	508.0805	4119.4371	0.0000	673.9845	1414.3605	0.0000	437.6371	1788467.5389	0.0000	0.0858	0.0977	0.0000	0.0659	0.0704	0.0000	0.0912	0.1057	0.0000	0.0002	0.0000	0.0004	0.0001	0.0000	0.0004	0.0002	0.0000	0.0004	0.0000	9.8670	-0.0014	0.0000	5.9975	1.0064	7.1792	4.2000	0.0039	0.0039	0.0000	0.0006	0.0006	0.0000	0.0033	0.0033	0.0000	0.0000	0.0000	0.0000	0.0000	0.0000	0.0000	0.0000	0.0000	0.0000	0.0459	0.0403	0.0056	0.0097	0.0091	0.0006	0.0362	0.0312	0.0050	0.1035	0.0678	0.0357	0.0369	0.0323	0.0046	0.0666	0.0355	0.0311	508.0805	4119.4371	0.0000	673.9845	1414.3605	0.0000	437.6371	1788467.5389	0.0000	0.0002	0.0000	0.0004	0.0001	0.0000	0.0004	0.0002	0.0000	0.0004
4	69	0.2076	13	0	1	0	1	0	0	0	0	N	N	N	N	N	N	N	N	N	N	N	N	2010.0565	1613.2647	0.0000	1840.8619	1934.6169	0.0000	1994.0871	588.2308	0.0000	3.8705	4.4277	0.0000	2.7857	2.9679	0.0000	4.3175	5.0936	0.0000	0.0019	0.0027	0.0003	0.0015	0.0015	0.0013	0.0022	0.0087	0.0001	0.0000	0.0507	-0.1058	-0.0000	5.9975	1.2889	7.1792	0.3511	0.2908	0.2908	0.0000	0.0611	0.0611	0.0000	0.2297	0.2297	0.0000	0.0001	0.0001	0.0000	0.0000	0.0000	0.0000	0.0001	0.0000	0.0000	0.0751	0.0657	0.0095	0.0219	0.0206	0.0013	0.0532	0.0451	0.0081	0.0370	0.0247	0.0123	0.0136	0.0121	0.0015	0.0234	0.0126	0.0108	2010.0565	1613.2647	0.0000	1840.8619	1934.6169	0.0000	1994.0871	1303.5517	0.0000	0.0019	0.0027	0.0003	0.0015	0.0015	0.0013	0.0022	0.0039	0.0001
4	70	0.2006	12	0	1	0	1	0	0	0	0	N	N	N	N	N	N	N	N	N	N	N	N	3706.7860	2753.8412	262.5160	3.9764	3.7216	0.6479	3263980.6062	38552756.4386	609.5922	21.8042	24.8557	0.0092	0.0678	0.0722	0.0001	27.1027	31.4345	0.0102	0.0059	0.0090	0.0000	0.0170	0.0194	0.0002	0.0000	0.0000	0.0000	0.0001	0.0021	-0.2794	-0.0001	5.9975	0.7777	7.1792	1.1718	0.7682	0.7682	0.0000	0.0005	0.0005	0.0000	0.7678	0.7677	0.0000	0.0002	0.0002	0.0000	0.0002	0.0002	0.0000	0.0000	0.0000	0.0000	0.0352	0.0309	0.0043	0.0069	0.0065	0.0004	0.0283	0.0244	0.0039	0.0414	0.0269	0.0145	0.0143	0.0125	0.0017	0.0271	0.0144	0.0127	3706.7860	2753.8412	262.5160	3.9764	3.7216	0.6479	3263980.6062	38552756.4386	609.5922	0.0059	0.0090	0.0000	0.0170	0.0194	0.0002	0.0000	0.0000	0.0000
4	71	0.1969	11	0	1	0	1	0	0	0	0	N	N	N	N	N	N	N	N	N	N	N	N	58.1144	44.3716	0.0000	0.0256	0.0242	0.0000	2951.7253	21077.3965	0.0000	0.0204	0.0232	0.0000	0.0000	0.0000	0.0000	0.0253	0.0293	0.0000	0.0004	0.0005	0.0000	0.0010	0.0012	0.0002	0.0000	0.0000	0.0000	0.0000	0.0418	-0.0003	-0.0000	5.9975	0.9929	7.1792	0.0325	0.0009	0.0009	0.0000	0.0000	0.0000	0.0000	0.0009	0.0009	0.0000	0.0000	0.0000	0.0000	0.0000	0.0000	0.0000	0.0000	0.0000	0.0000	0.0446	0.0391	0.0055	0.0086	0.0081	0.0005	0.0360	0.0310	0.0049	0.0206	0.0132	0.0073	0.0069	0.0060	0.0009	0.0137	0.0073	0.0064	58.1144	44.3716	0.0000	0.0256	0.0242	0.0000	2951.7253	21077.3965	0.0000	0.0004	0.0005	0.0000	0.0010	0.0012	0.0002	0.0000	0.0000	0.0000
4	72	0.2420	10	1	2	0	0	0	0	0	0	N	Y	N	N	N	N	N	N	N	N	N	N	0.0000	0.0000	0.0000	0.0000	0.0000	0.0000	0.0000	0.0000	0.0000	0.0000	0.0000	0.0000	0.0000	0.0000	0.0000	0.0000	0.0000	0.0000	0.0000	0.0000	5.9975	0.0000	7.1792	0.0001	0.0000	0.0000	0.0000	0.0000	0.0000	0.0000	0.0000	0.0000	0.0000	0.0000	0.0000	0.0000	0.0000	0.0000	0.0000	0.0000	0.0000	0.0000	0.0000	0.0000	0.0000	0.0000	0.0000	0.0000	0.0000	0.0000	0.0000	0.0000	0.0000	0.0000	0.0000	0.0000	0.0000	0.0000	0.0000	0.0000	0.0000	0.0000	0.0000	0.0000	0.0000	0.0000	0.0000	0.0000	0.0000	0.0000	0.0000	0.0000	0.0000	0.0000	0.0000	0.0000	0.0000	0.0000											
4	73	0.1787	9	1	2	0	0	0	0	0	0	N	Y	N	N	N	N	N	N	N	N	N	N	7341.3790	5395.8793	0.0000	11.6545	10.7248	0.0000	398308.8987	665981.4057	0.0000	2.2767	2.5904	0.0000	0.0109	0.0116	0.0000	2.7823	3.2154	0.0000	0.0003	0.0005	0.0000	0.0009	0.0011	0.0000	0.0000	0.0000	0.0000	0.0000	0.0115	-0.3592	-0.0001	5.9975	9.9619	7.1792	7.0378	0.9874	0.9874	0.0000	0.0009	0.0009	0.0000	0.9866	0.9866	0.0000	0.0001	0.0001	0.0000	0.0001	0.0001	0.0000	0.0000	0.0000	0.0000	0.4337	0.3812	0.0525	0.0791	0.0744	0.0048	0.3546	0.3068	0.0478	0.3175	0.2028	0.1147	0.1041	0.0899	0.0142	0.2134	0.1129	0.1005	7341.3790	5395.8793	0.0000	11.6545	10.7248	0.0000	398308.8987	665981.4057	0.0000	0.0003	0.0005	0.0000	0.0009	0.0011	0.0000	0.0000	0.0000	0.0000
4	74	0.1906	9	0	2	0	0	0	0	0	0	N	Y	N	N	N	N	N	N	N	N	N	N	0.0002	0.0001	0.0000	0.0003	0.0003	0.0000	0.0000	0.0000	0.0000	0.0000	0.0000	0.0000	0.0000	0.0000	0.0000	0.0000	0.0000	0.0000	0.0153	0.0302	0.0000	0.0421	0.0480	0.0000	0.0000	0.0000	0.0000	0.0000	0.0007	-0.0000	-0.0016	5.9975	7.0442	7.1792	2.0273	0.0000	0.0000	0.0000	0.0000	0.0000	0.0000	0.0000	0.0000	0.0000	0.0028	0.0028	0.0000	0.0028	0.0028	0.0000	0.0000	0.0000	0.0000	0.3709	0.3276	0.0434	0.0933	0.0881	0.0053	0.2776	0.2395	0.0381	0.1818	0.1149	0.0669	0.0661	0.0579	0.0082	0.1157	0.0569	0.0587	0.0002	0.0002	0.0000	0.0003	0.0003	0.0000	0.0000	0.0000	0.0000	0.0153	0.0242	0.0000	0.0421	0.0480	0.0000	0.0000	0.0000	0.0000
4	75	0.1667	8	0	2	0	0	0	0	0	0	N	Y	N	N	N	N	N	N	N	N	N	N	0.0014	0.0022	0.0004	0.0259	0.0235	0.0497	0.0001	0.0000	0.0003	0.0000	0.0001	0.0000	0.0002	0.0002	0.0001	0.0000	0.0000	0.0000	0.0353	0.0239	0.0521	0.0071	0.0081	0.0012	0.0699	0.7492	0.0594	0.0547	1.3666	-0.0000	-0.0001	5.9975	4.3369	7.1792	3.0972	0.0000	0.0000	0.0000	0.0000	0.0000	0.0000	0.0000	0.0000	0.0000	0.0048	0.0020	0.0028	0.0004	0.0003	0.0000	0.0045	0.0017	0.0028	0.2355	0.2084	0.0271	0.0531	0.0510	0.0021	0.1824	0.1574	0.0250	0.1488	0.0954	0.0534	0.0498	0.0431	0.0067	0.0991	0.0524	0.0467	0.0015	0.0025	0.0004	0.0259	0.0235	0.0497	0.0002	0.0003	0.0003	0.0324	0.0213	0.0521	0.0071	0.0081	0.0012	0.0451	0.0322	0.0594
4	76	0.2539	13	1	2	0	0	0	0	0	0	N	Y	N	N	N	N	N	N	N	N	N	N	4525.4248	3427.1159	0.0000	6992.5447	6356.8077	0.0000	7814.6705	29275.3346	0.0000	0.0516	0.0583	0.0000	0.2106	0.2227	0.0000	0.0031	0.0036	0.0000	0.0000	0.0000	0.0000	0.0000	0.0000	0.0000	0.0000	0.0000	0.0000	0.0000	0.0238	-0.0023	-0.0000	5.9975	1.9992	7.1792	0.0055	0.0062	0.0062	0.0000	0.0059	0.0059	0.0000	0.0003	0.0003	0.0000	0.0000	0.0000	0.0000	0.0000	0.0000	0.0000	0.0000	0.0000	0.0000	0.1207	0.1069	0.0138	0.0282	0.0267	0.0015	0.0925	0.0802	0.0123	0.0502	0.0329	0.0173	0.0186	0.0159	0.0027	0.0316	0.0170	0.0146	4525.4248	3427.1159	0.0000	6992.5447	6356.8077	0.0000	7814.6705	29275.3346	0.0000	0.0000	0.0000	0.0000	0.0000	0.0000	0.0000	0.0000	0.0000	0.0000
4	77	0.2098	12	1	2	0	0	0	0	0	0	N	Y	N	N	N	N	N	N	N	N	N	N	0.0994	0.0726	0.2182	0.1593	0.1481	0.3325	0.3501	1.2283	0.0313	0.0001	0.0001	0.0000	0.0003	0.0003	0.0000	0.0000	0.0000	0.0000	0.0007	0.0010	0.0000	0.0019	0.0022	0.0001	0.0000	0.0000	0.0000	0.0043	0.0057	-0.0000	-0.0001	5.9975	5.0219	7.1792	2.0148	0.0000	0.0000	0.0000	0.0000	0.0000	0.0000	0.0000	0.0000	0.0000	0.0001	0.0001	0.0000	0.0001	0.0001	0.0000	0.0000	0.0000	0.0000	0.2251	0.1977	0.0274	0.0473	0.0441	0.0031	0.1778	0.1536	0.0242	0.1388	0.0889	0.0498	0.0470	0.0408	0.0062	0.0917	0.0481	0.0436	0.0994	0.0726	0.2182	0.1593	0.1481	0.3325	0.3501	1.2283	0.0313	0.0007	0.0010	0.0000	0.0019	0.0022	0.0001	0.0000	0.0000	0.0000
4	78	0.1969	11	0	2	0	0	0	0	0	0	N	Y	N	N	N	N	N	N	N	N	N	N	0.2892	0.4402	0.0024	0.0000	0.0000	0.0000	0.2502	0.3326	0.0023	0.0003	0.0003	0.0000	0.0000	0.0000	0.0000	0.0003	0.0004	0.0000	0.0009	0.0007	0.0013	0.0001	0.0001	0.0001	0.0013	0.0011	0.0015	0.0015	1.0828	-0.0000	-0.0000	5.9975	1.0203	7.1792	2.7327	0.0000	0.0000	0.0000	0.0000	0.0000	0.0000	0.0000	0.0000	0.0000	0.0001	0.0000	0.0000	0.0000	0.0000	0.0000	0.0001	0.0000	0.0000	0.0458	0.0402	0.0056	0.0088	0.0083	0.0006	0.0370	0.0319	0.0051	0.0740	0.0475	0.0265	0.0246	0.0213	0.0033	0.0494	0.0262	0.0232	0.2892	0.4402	0.0024	0.0000	0.0000	0.0000	0.2502	0.3326	0.0023	0.0009	0.0007	0.0013	0.0001	0.0001	0.0001	0.0013	0.0011	0.0015
4	79	0.1969	10	0	1	0	0	0	0	0	0	N	N	N	N	N	N	N	N	N	N	N	N	0.0000	0.0000	0.0000	0.0000	0.0000	0.0000	0.0000	0.0000	0.0000	0.0000	0.0000	0.0000	0.0000	0.0000	0.0000	0.0000	0.0000	0.0008	0.0006	0.0014	0.0011	0.0009	0.0042	0.0006	0.0000	0.0012	1.0000	0.0000	-0.0000	5.9975	0.0000	7.1792	0.0018	0.0000	0.0000	0.0000	0.0000	0.0000	0.0000	0.0000	0.0000	0.0000	0.0000	0.0000	0.0000	0.0000	0.0000	0.0000	0.0000	0.0000	0.0000	0.0000	0.0000	0.0000	0.0000	0.0000	0.0000	0.0000	0.0000	0.0000	0.0001	0.0001	0.0000	0.0000	0.0000	0.0000	0.0001	0.0000	0.0000	0.0000	0.0000	0.0000	0.0000	0.0000	0.0000	0.0000	0.0000	0.0000	0.0008	0.0006	0.0014	0.0011	0.0009	0.0042	0.0006	0.0000	0.0012		
4	80	0.1787	9	0	1	0	0	0	0	0	0	N	N	N	N	N	N	N	N	N	N	N	N	463.3005	283.7059	0.0000	0.2085	0.1912	0.0000	322794.9453	561616.0481	0.0000	6.9198	7.8696	0.0000	0.0092	0.0098	0.0000	8.5835	9.9355	0.0000	0.0149	0.0277	0.0000	0.0443	0.0512	0.0000	0.0000	0.0000	0.0000	0.0000	0.0009	-0.3621	-0.0009	5.9975	3.0825	7.1792	2.0124	0.9953	0.9953	0.0000	0.0003	0.0003	0.0000	0.9951	0.9951	0.0000	0.0015	0.0015	0.0000	0.0015	0.0015	0.0000	0.0000	0.0000	0.0000	0.1438	0.1265	0.0174	0.0279	0.0263	0.0016	0.1159	0.1002	0.0158	0.1029	0.0661	0.0368	0.0347	0.0300	0.0047	0.0682	0.0361	0.0321	463.3005	338.8345	0.0000	0.2085	0.1912	0.0000	322794.9453	561616.0481	0.0000	0.0149	0.0232	0.0000	0.0443	0.0512	0.0000	0.0000	0.0000	0.0000
4	81	0.1667	8	0	1	0	0	0	0	0	0	N	N	N	N	N	N	N	N	N	N	N	N	0.1176	0.1521	0.0004	0.0227	0.0204	0.0873	0.1442	0.0527	0.0002	0.0033	0.0037	0.0000	0.0006	0.0006	0.0001	0.0041	0.0048	0.0000	0.0282	0.0246	0.0402	0.0272	0.0311	0.0014	0.0287	0.0912	0.0458	0.0006	1.0324	-0.0002	-0.0002	5.9975	3.6751	7.1792	0.0788	0.0007	0.0007	0.0000	0.0000	0.0000	0.0000	0.0007	0.0007	0.0000	0.0022	0.0011	0.0011	0.0007	0.0007	0.0000	0.0015	0.0004	0.0011	0.2071	0.1835	0.0236	0.0486	0.0468	0.0018	0.1585	0.1367	0.0218	0.0781	0.0503	0.0278	0.0266	0.0231	0.0035	0.0516	0.0272	0.0243	0.1176	0.1735	0.0004	0.0227	0.0204	0.0873	0.1442	0.3565	0.0002	0.0282	0.0216	0.0402	0.0272	0.0311	0.0014	0.0287	0.0135	0.0458
4	82	0.1175	7	0	1	0	0	0	0	0	0	N	N	N	N	N	N	N	N	N	N	N	N	2.9775	2.3281	5.8230	20.9263	20.0676	11.3675	0.4706	0.0146	5.5284	0.0270	0.0275	0.0235	0.1616	0.1676	0.0524	0.0046	0.0019	0.0217	0.0091	0.0118	0.0040	0.0077	0.0084	0.0046	0.0098	0.1317	0.0039	0.1217	0.1867	-0.0027	-0.0011	5.9975	8.5011	7.1792	5.2406	0.0104	0.0093	0.0011	0.0089	0.0087	0.0001	0.0015	0.0005	0.0010	0.0026	0.0022	0.0004	0.0008	0.0007	0.0001	0.0018	0.0015	0.0003	0.3855	0.3375	0.0480	0.0550	0.0521	0.0029	0.3305	0.2854	0.0451	0.2905	0.1880	0.1025	0.1035	0.0861	0.0174	0.1870	0.1019	0.0851	2.9775	2.3281	5.8230	20.9263	20.0676	11.3675	0.4706	0.1301	5.5284	0.0091	0.0118	0.0040	0.0077	0.0084	0.0046	0.0098	0.0147	0.0039
5	6	0.1541	9	0	0	2	0	0	0	0	0	N	N	Y	N	N	N	N	N	N	N	N	N	768755.1054	6981.7632	6700591.6514	22907.3928	16401.4637	inf	1973243.6889	6406881.9778	0.0134	0.0001	0.1059	0.0009	0.0007	0.0034	0.0157	0.0000	0.1143	0.0000	0.0000	0.0000	0.0000	0.0000	0.0000	0.0000	0.0000	0.0000	118.8560	0.4722	0.0053	-0.0000	6.0001	13.4817	2.9972	9.4010	0.0084	0.0001	0.0083	0.0001	0.0001	0.0000	0.0083	0.0000	0.0083	0.0000	0.0000	0.0000	0.0000	0.0000	0.0000	0.0000	0.0000	0.0000	0.6271	0.5485	0.0786	0.0998	0.0938	0.0060	0.5273	0.4547	0.0726	0.3045	0.1969	0.1076	0.0914	0.0791	0.0123	0.2131	0.1178	0.0953	768755.1054	6981.7632	6700591.6514	22907.3928	16401.4637	inf	1973243.6889	0.0000	6406881.9778	0.0000	0.0000	0.0000	0.0000	0.0000	0.0000	0.0000	0.0000	0.0000	
5	7	0.1732	9	1	1	1	0	0	0	0	0	N	N	N	N	N	N	N	N	N	N	N	N	0.0000	0.0000	0.0000	0.0000	0.0000	0.0000	0.0000	0.0000	0.0000	0.0000	0.0000	0.0000	0.0000	0.0000	0.0000	0.0000	0.0000	0.0000	0.0000	0.0000	0.0000	0.0000	0.0000	0.0000	-0.0000	6.0001	2.2373	2.9972	1.9967	0.0000	0.0000	0.0000	0.0000	0.0000	0.0000	0.0000	0.0000	0.0000	0.0000	0.0000	0.0000	0.0000	0.0000	0.0000	0.0000	0.0000	0.0000	0.1155	0.1018	0.0137	0.0156	0.0150	0.0006	0.0998	0.0867	0.0131	0.0525	0.0305	0.0220	0.0139	0.0115	0.0025	0.0386	0.0191	0.0195	0.0000	0.0000	0.0000	0.0000	0.0000	0.0000	0.0000	0.0000	0.0000	0.0000	0.0000	0.0000	0.0000	0.0000	0.0000	0.0000	0.0000	0.0000						
5	8	0.1577	6	0	1	1	0	0	0	0	0	N	N	N	N	N	N	N	N	N	N	N	N	inf	inf	inf	inf	5.6458	0.0000	42.5996	0.0000	0.0000	0.0000	6.1749	0.0000	45.0304	0.0000	0.0000	0.0000	0.0000	0.0000	0.0000	0.0000	0.0000	0.0000	inf	0.6362	0.0000	6.0001	4.0000	2.9972	7.0000	1.0000	0.0000	1.0000	0.0000	0.0000	0.0000	1.0000	0.0000	1.0000	0.0000	0.0000	0.0000	0.0000	0.0000	0.0000	0.0000	0.0000	0.0000	0.1771	0.1536	0.0235	0.0152	0.0139	0.0013	0.1619	0.1397	0.0222	0.1220	0.0686	0.0534	0.0230	0.0186	0.0043	0.0990	0.0500	0.0491	inf	0.0000	inf	0.0000	0.0000	0.0000	inf	0.0000	inf	0.0000	0.0000	0.0000	0.0000	0.0000	0.0000	0.0000	0.0000	0.0000						
5	9	0.1815	7	0	1	1	0	0	0	0	0	N	N	N	N	N	N	N	N	N	N	N	N	0.0000	0.0000	0.0002	0.0000	0.0000	0.0000	0.0000	0.0000	0.0002	0.0000	0.0000	0.0000	0.0000	0.0000	0.0000	0.0000	0.0000	0.0000	0.1617	0.0003	0.2314	0.0006	0.0007	0.0000	0.4906	0.0000	0.2468	inf	323.0421	0.0000	0.0029	6.0001	2.9770	2.9972	5.0602	0.0000	0.0000	0.0000	0.0000	0.0000	0.0000	0.0000	0.0000	0.0000	0.0071	0.0000	0.0071	0.0000	0.0000	0.0000	0.0071	0.0000	0.0071	0.1415	0.1233	0.0181	0.0186	0.0172	0.0014	0.1229	0.1061	0.0168	0.1094	0.0704	0.0390	0.0349	0.0285	0.0064	0.0745	0.0419	0.0326	0.0001	0.0000	0.0002	0.0000	0.0000	0.0000	0.0001	0.0000	0.0002	0.0649	0.0003	0.1816	0.0006	0.0007	0.0000	0.0950	0.0000	0.2171
5	10	0.1653	6	0	1	1	0	0	0	0	0	N	N	N	N	N	N	N	N	N	N	N	N	8430.4856	0.0000	134123979.2369	0.0672	0.0000	1063.8176	31581.7911	0.0000	294879915.6426	3.3907	0.0000	28.0087	0.0002	0.0000	0.0025	4.3638	0.0000	31.5477	0.0004	0.0007	0.0000	0.0023	0.0027	0.0000	0.0001	0.0003	0.0000	inf	0.0002	0.6333	-0.0000	6.0001	5.2144	2.9972	4.0122	0.9955	0.0000	0.9955	0.0000	0.0000	0.0000	0.9954	0.0000	0.9954	0.0000	0.0000	0.0000	0.0000	0.0000	0.0000	0.0000	0.0000	0.0000	0.2936	0.2580	0.0355	0.0655	0.0615	0.0040	0.2281	0.1966	0.0316	0.0989	0.0549	0.0441	0.0122	0.0102	0.0020	0.0867	0.0446	0.0421	8430.4856	0.0000	134123979.2369	0.0672	0.0000	1063.8176	31581.7911	0.0000	294879915.6426	0.0004	0.0007	0.0000	0.0023	0.0027	0.0000	0.0001	0.0003	0.0000
5	13	0.0539	3	0	1	1	0	0	0	0	0	N	N	N	N	N	N	N	N	N	N	N	N	0.0000	0.0000	0.0000	0.0000	0.0000	0.0000	0.0000	0.0000	0.0000	0.0000	0.0000	0.0000	0.0000	0.0000	0.0000	0.0000	0.0000	0.0022	0.0042	0.0000	0.0391	0.0394	0.0000	0.0001	0.0002	0.0000	0.0001	0.0000	-0.0002	6.0001	3.9729	2.9972	5.4895	0.0000	0.0000	0.0000	0.0000	0.0000	0.0000	0.0000	0.0000	0.0000	0.0003	0.0003	0.0000	0.0002	0.0002	0.0000	0.0000	0.0000	0.0000	0.1928	0.1677	0.0251	0.0124	0.0119	0.0006	0.1803	0.1558	0.0245	0.1161	0.0619	0.0542	0.0063	0.0063	0.0000	0.1098	0.0557	0.0542	0.0000	0.0000	0.0000	0.0000	0.0000	0.0000	0.0000	0.0000	0.0000	0.0022	0.0042	0.0000	0.0391	0.0394	0.0000	0.0001	0.0002	0.0000		
5	14	0.1503	6	1	1	1	0	0	0	0	0	N	N	N	N	N	N	N	N	N	N	N	N	0.0000	0.0000	0.0000	0.0000	0.0000	0.0000	0.0000	0.0000	0.0000	0.0000	0.0000	0.0000	0.0000	0.0000	0.0000	0.0000	0.0000	0.0000	0.0000	0.0000	6.0001	10.0000	2.9972	6.0013	0.0000	0.0000	0.0000	0.0000	0.0000	0.0000	0.0000	0.0000	0.0000	0.0000	0.0000	0.0000	0.0000	0.0000	0.0000	0.0000	0.0000	0.0000	0.4226	0.3670	0.0555	0.0312	0.0287	0.0025	0.3914	0.3384	0.0530	0.1729	0.0973	0.0756	0.0322	0.0262	0.0060	0.1407	0.0711	0.0696	0.0000	0.0000	0.0000	0.0000	0.0000	0.0000	0.0000	0.0000	0.0000	0.0000	0.0000	0.0000	0.0000	0.0000	0.0000	0.0000	0.0000	0.0000											
5	15	0.0291	2	0	1	1	0	0	0	0	0	N	N	N	N	N	N	N	N	N	N	N	N	0.0007	0.0005	0.0000	0.9599	0.9747	0.0000	0.0000	0.0000	0.0012	0.0014	0.0000	24.4761	24.5125	0.0000	0.0000	0.0000	0.0000	1.8066	3.0122	0.0000	25.4991	25.1493	0.0000	0.1229	1.5794	0.0000	0.0000	0.0000	-0.0001	-0.0431	6.0001	2.9999	2.9972	3.0728	0.0002	0.0002	0.0000	0.0002	0.0002	0.0000	0.0000	0.0000	0.0000	0.0731	0.0731	0.0000	0.0683	0.0683	0.0000	0.0048	0.0048	0.0000	0.1378	0.1189	0.0189	0.0000	0.0000	0.0000	0.1378	0.1189	0.0189	0.0933	0.0501	0.0432	0.0115	0.0111	0.0004	0.0817	0.0390	0.0428	0.0016	0.0010	0.0000	4.1262	3.9738	0.0000	0.0000	0.0000	0.0000	0.7840	1.4604	0.0000	5.9319	6.1685	0.0000	0.0589	0.1234	0.0000	
5	17	0.2016	11	1	1	1	0	0	0	0	0	N	N	N	N	N	N	N	N	N	N	N	N	0.0000	0.0000	0.0000	0.0000	0.0000	0.0000	0.0000	0.0000	0.0000	0.0000	0.0000	0.0000	0.0000	0.0000	0.0000	0.0000	0.0000	0.0000	0.0000	0.0000	6.0001	0.9996	2.9972	1.7768	0.0000	0.0000	0.0000	0.0000	0.0000	0.0000	0.0000	0.0000	0.0000	0.0000	0.0000	0.0000	0.0000	0.0000	0.0000	0.0000	0.0000	0.0000	0.0439	0.0385	0.0054	0.0087	0.0082	0.0006	0.0352	0.0303	0.0049	0.0326	0.0186	0.0140	0.0061	0.0055	0.0006	0.0265	0.0131	0.0134	0.0000	0.0000	0.0000	0.0000	0.0000	0.0000	0.0000	0.0000	0.0000	0.0000	0.0000	0.0000	0.0000	0.0000	0.0000	0.0000	0.0000	0.0000											
5	18	0.1732	9	0	1	1	0	0	0	0	0	N	N	N	N	N	N	N	N	N	N	N	N	0.0000	0.0000	0.0000	0.0000	0.0000	0.0000	0.0000	0.0000	0.0000	0.0000	0.0000	0.0000	0.0000	0.0000	0.0000	0.0000	0.0000	0.0000	0.0000	0.0000	0.0000	0.0000	0.0000	0.0000	-0.0000	6.0001	4.7641	2.9972	2.0666	0.0000	0.0000	0.0000	0.0000	0.0000	0.0000	0.0000	0.0000	0.0000	0.0000	0.0000	0.0000	0.0000	0.0000	0.0000	0.0000	0.0000	0.0000	0.2235	0.1955	0.0280	0.0235	0.0222	0.0012	0.2001	0.1733	0.0268	0.0810	0.0466	0.0343	0.0207	0.0169	0.0039	0.0602	0.0298	0.0305	0.0000	0.0000	0.0000	0.0000	0.0000	0.0000	0.0000	0.0000	0.0000	0.0000	0.0000	0.0000	0.0000	0.0000	0.0000	0.0000	0.0000	0.0000						
5	19	0.1557	8	0	1	1	0	0	0	0	0	N	N	N	N	N	N	N	N	N	N	N	N	2.1500	1.4503	0.0000	3.5223	3.0906	0.0000	0.0000	0.0000	0.0003	0.0003	0.0000	0.0015	0.0016	0.0000	0.0000	0.0000	0.0000	0.0001	0.0002	0.0000	0.0004	0.0005	0.0000	0.0000	0.0000	0.0000	0.0000	0.0002	-0.0000	-0.0000	6.0001	1.4176	2.9972	5.1148	0.0000	0.0000	0.0000	0.0000	0.0000	0.0000	0.0000	0.0000	0.0000	0.0000	0.0000	0.0000	0.0000	0.0000	0.0000	0.0000	0.0000	0.0000	0.0794	0.0705	0.0088	0.0130	0.0126	0.0004	0.0664	0.0579	0.0084	0.0861	0.0516	0.0345	0.0215	0.0183	0.0032	0.0646	0.0333	0.0313	2.1500	1.4503	0.0000	3.5223	3.0906	0.0000	0.0000	0.0000	0.0000	0.0001	0.0002	0.0000	0.0004	0.0005	0.0000	0.0000	0.0000	0.0000	
5	20	0.1964	10	0	1	2	1	0	0	0	0	N	N	Y	N	N	N	N	N	N	N	N	N	0.0000	0.0000	0.0000	0.0000	0.0000	0.0000	0.0000	0.0000	0.0000	0.0000	0.0000	0.0000	0.0000	0.0000	0.0000	0.0000	0.0000	0.0000	0.0000	0.0000	6.0001	0.0000	2.9972	0.0000	0.0000	0.0000	0.0000	0.0000	0.0000	0.0000	0.0000	0.0000	0.0000	0.0000	0.0000	0.0000	0.0000	0.0000	0.0000	0.0000	0.0000	0.0000	0.0000	0.0000	0.0000	0.0000	0.0000	0.0000	0.0000	0.0000	0.0000	0.0000	0.0000	0.0000	0.0000	0.0000	0.0000	0.0000	0.0000	0.0000	0.0000	0.0000	0.0000	0.0000	0.0000	0.0000	0.0000	0.0000	0.0000	0.0000	0.0000	0.0000	0.0000	0.0000	0.0000	0.0000	0.0000	0.0000											
5	21	0.1529	9	0	0	1	1	0	0	0	0	N	N	N	N	N	N	N	N	N	N	N	N	4.3839	2.9335	0.0000	0.0000	58.3437	35.8013	0.0002	0.0003	0.0000	0.0000	0.0000	0.0000	0.0003	0.0003	0.0000	0.0001	0.0001	0.0000	0.0003	0.0003	0.0000	0.0000	0.0000	0.0000	0.0000	0.0000	-0.0000	-0.0000	6.0001	6.0371	2.9972	11.7316	0.0001	0.0001	0.0000	0.0000	0.0000	0.0000	0.0001	0.0001	0.0000	0.0000	0.0000	0.0000	0.0000	0.0000	0.0000	0.0000	0.0000	0.0000	0.2617	0.2284	0.0333	0.0301	0.0283	0.0019	0.2316	0.2001	0.0315	0.1905	0.1113	0.0793	0.0342	0.0284	0.0058	0.1564	0.0829	0.0735	4.3839	2.9335	0.0000	0.0000	0.0000	0.0000	58.3437	35.8013	0.0000	0.0001	0.0001	0.0000	0.0003	0.0003	0.0000	0.0000	0.0000	0.0000			
5	22	0.0923	4	0	1	1	0	0	0	0	0	N	N	N	N	N	N	N	N	N	N	N	N	inf	inf	inf	inf	inf	inf	0.0001	0.0001	0.0000	0.0015	0.0016	0.0000	0.0000	0.0000	0.0000	0.0000	0.0000	0.0000	0.0000	0.0000	0.0000	0.0000	0.0000	0.0000	0.0000	-0.0000	0.0000	6.0001	11.9950	2.9972	7.9469	0.0001	0.0001	0.0000	0.0000	0.0000	0.0000	0.0000	0.0000	0.0000	0.0000	0.0000	0.0000	0.0000	0.0000	0.0000	0.0000	0.0000	0.0000	0.5253	0.4559	0.0693	0.0269	0.0253	0.0017	0.4983	0.4307	0.0676	0.2325	0.1310	0.1015	0.0266	0.0235	0.0032	0.2058	0.1075	0.0983	inf	inf	0.0000	inf	inf	0.0000	inf	inf	0.0000	0.0000	0.0000	0.0000	0.0000	0.0000	0.0000	0.0000	0.0000	0.0000				
5	23	0.2287	10	1	1	1	0	0	0	0	0	N	N	N	N	N	N	N	N	N	N	N	N	inf	inf	inf	inf	inf	inf	2.9144	0.0000	30.8184	6.3098	0.0000	84.6185	0.1132	0.0000	1.0189	0.0000	0.0000	0.0000	0.0000	0.0000	0.0000	0.0000	0.0000	0.0000	inf	0.0003	0.0000	6.0001	0.0013	2.9972	0.9984	0.0005	0.0000	0.0005	0.0005	0.0000	0.0005	0.0000	0.0000	0.0000	0.0000	0.0000	0.0000	0.0000	0.0000	0.0000	0.0000	0.0000	0.0000	0.0002	0.0001	0.0000	0.0001	0.0001	0.0000	0.0001	0.0001	0.0000	0.0149	0.0084	0.0065	0.0021	0.0018	0.0004	0.0127	0.0066	0.0061	inf	0.0000	inf	inf	0.0000	inf	inf	0.0000	inf	0.0000	0.0000	0.0000	0.0000	0.0000	0.0000	0.0000	0.0000	0.0000				
5	24	0.1752	11	0	1	1	1	0	0	0	0	N	N	N	N	N	N	N	N	N	N	N	N	0.0000	0.0000	0.0000	0.0000	0.0000	0.0000	0.0000	0.0000	0.0000	0.0000	0.0000	0.0000	0.0000	0.0000	0.0000	0.0001	0.0001	0.0000	0.0004	0.0004	0.0000	0.0000	0.0000	0.0000	0.0000	0.0000	-0.0000	6.0001	6.0729	2.9972	6.2374	0.0000	0.0000	0.0000	0.0000	0.0000	0.0000	0.0000	0.0000	0.0000	0.0000	0.0000	0.0000	0.0000	0.0000	0.0000	0.0000	0.0000	0.0000	0.2762	0.2420	0.0342	0.0407	0.0385	0.0022	0.2355	0.2035	0.0320	0.1375	0.0815	0.0560	0.0252	0.0215	0.0037	0.1123	0.0600	0.0524	0.0000	0.0000	0.0000	0.0000	0.0000	0.0000	0.0000	0.0000	0.0000	0.0001	0.0001	0.0000	0.0004	0.0004	0.0000	0.0000	0.0000	0.0000				
5	25	0.1178	7	1	1	1	0	0	0	0	0	N	N	N	N	N	N	N	N	N	N	N	N	1422.4267	0.0097	inf	0.0178	0.0156	inf	inf	1.1495	0.0000	9.2699	0.0001	0.0001	0.0000	1.2825	0.0000	9.8724	0.0008	0.0015	0.0000	0.0066	0.0082	0.0000	0.0000	0.0000	0.0000	93535.2895	0.0000	0.6361	-0.0002	6.0001	19.6128	2.9972	15.0566	0.9998	0.0000	0.9998	0.0000	0.0000	0.0000	0.9998	0.0000	0.9998	0.0003	0.0003	0.0000	0.0003	0.0003	0.0000	0.0000	0.0000	0.0000	0.8698	0.7619	0.1079	0.0902	0.0836	0.0066	0.7795	0.6783	0.1013	0.3465	0.1930	0.1534	0.0421	0.0342	0.0079	0.3043	0.1588	0.1455	1422.4267	0.0097	inf	0.0178	0.0156	0.0000	inf	0.0000	inf	0.0008	0.0015	0.0000	0.0066	0.0082	0.0000	0.0000	0.0000	0.0000		
5	26	0.2308	10	0	0	2	0	0	0	0	0	N	N	Y	N	N	N	N	N	N	N	N	N	0.0000	0.0000	0.0000	0.0000	0.0000	0.0000	0.0000	0.0000	0.0000	0.0000	0.0000	0.0000	0.0000	0.0000	0.0000	0.0000	0.0000	0.0000	0.0000	0.0000	6.0001	0.0000	2.9972	0.0000	0.0000	0.0000	0.0000	0.0000	0.0000	0.0000	0.0000	0.0000	0.0000	0.0000	0.0000	0.0000	0.0000	0.0000	0.0000	0.0000	0.0000	0.0000	0.0000	0.0000	0.0000	0.0000	0.0000	0.0000	0.0000	0.0000	0.0000	0.0000	0.0000	0.0000	0.0000	0.0000	0.0000	0.0000	0.0000	0.0000	0.0000	0.0000	0.0000	0.0000	0.0000	0.0000	0.0000	0.0000	0.0000	0.0000	0.0000	0.0000	0.0000	0.0000	0.0000	0.0000	0.0000	0.0000											
5	27	0.2016	11	1	0	2	0	0	0	0	0	N	N	Y	N	N	N	N	N	N	N	N	N	0.0000	0.0000	0.0000	0.0000	0.0000	0.0000	0.0000	0.0000	0.0000	0.0000	0.0000	0.0000	0.0000	0.0000	0.0000	0.0000	0.0000	0.0000	0.0000	0.0000	6.0001	6.0046	2.9972	3.2467	0.0000	0.0000	0.0000	0.0000	0.0000	0.0000	0.0000	0.0000	0.0000	0.0000	0.0000	0.0000	0.0000	0.0000	0.0000	0.0000	0.0000	0.0000	0.2490	0.2182	0.0308	0.0472	0.0439	0.0032	0.2018	0.1743	0.0276	0.0924	0.0525	0.0400	0.0132	0.0112	0.0020	0.0793	0.0413	0.0380	0.0000	0.0000	0.0000	0.0000	0.0000	0.0000	0.0000	0.0000	0.0000	0.0000	0.0000	0.0000	0.0000	0.0000	0.0000	0.0000	0.0000	0.0000											
5	28	0.1652	10	1	0	1	0	0	0	0	0	N	N	N	N	N	N	N	N	N	N	N	N	0.0000	0.0000	0.0000	0.0000	0.0000	0.0000	0.0000	0.0000	0.0000	0.0000	0.0000	0.0000	0.0000	0.0000	0.0000	0.0001	0.0001	0.0000	0.0003	0.0004	0.0000	0.0000	0.0000	0.0000	0.0000	0.0000	-0.0000	6.0001	7.0330	2.9972	8.3476	0.0000	0.0000	0.0000	0.0000	0.0000	0.0000	0.0000	0.0000	0.0000	0.0000	0.0000	0.0000	0.0000	0.0000	0.0000	0.0000	0.0000	0.0000	0.3202	0.2798	0.0405	0.0470	0.0445	0.0026	0.2732	0.2353	0.0379	0.1689	0.0987	0.0702	0.0308	0.0263	0.0045	0.1381	0.0724	0.0657	0.0000	0.0000	0.0000	0.0000	0.0000	0.0000	0.0000	0.0000	0.0000	0.0001	0.0001	0.0000	0.0003	0.0004	0.0000	0.0000	0.0000	0.0000				
5	29	0.1752	11	0	1	1	1	0	0	0	0	N	N	N	N	N	N	N	N	N	N	N	N	0.0000	0.0000	0.0000	0.0000	0.0000	0.0000	0.0000	0.0000	0.0000	0.0000	0.0000	0.0000	0.0000	0.0000	0.0000	0.0000	0.0000	0.0000	0.0000	-0.0000	6.0001	12.7698	2.9972	10.8465	0.0000	0.0000	0.0000	0.0000	0.0000	0.0000	0.0000	0.0000	0.0000	0.0000	0.0000	0.0000	0.0000	0.0000	0.0000	0.0000	0.0000	0.0000	0.5451	0.4775	0.0676	0.0756	0.0711	0.0045	0.4695	0.4064	0.0631	0.2369	0.1373	0.0996	0.0391	0.0325	0.0066	0.1978	0.1048	0.0931	0.0000	0.0000	0.0000	0.0000	0.0000	0.0000	0.0000	0.0000	0.0000	0.0000	0.0000	0.0000	0.0000	0.0000	0.0000	0.0000	0.0000	0.0000											
5	30	0.1506	7	1	0	2	0	0	0	0	0	N	N	Y	N	N	N	N	N	N	N	N	N	inf	inf	inf	inf	0.0000	0.0000	0.0000	0.0002	0.0003	0.0000	0.0000	0.0000	0.0000	0.0000	0.0000	0.0000	0.0000	0.0000	0.0000	0.0000	0.0000	0.0000	0.0000	-0.0000	0.0000	6.0001	11.8338	2.9972	5.9707	0.0000	0.0000	0.0000	0.0000	0.0000	0.0000	0.0000	0.0000	0.0000	0.0000	0.0000	0.0000	0.0000	0.0000	0.0000	0.0000	0.0000	0.0000	0.5053	0.4403	0.0651	0.0423	0.0393	0.0030	0.4630	0.4010	0.0621	0.1908	0.1076	0.0833	0.0356	0.0290	0.0066	0.1552	0.0786	0.0766	inf	inf	0.0000	inf	inf	0.0000	0.0000	0.0000	0.0000	0.0000	0.0000	0.0000	0.0000	0.0000	0.0000	0.0000	0.0000	0.0000						
5	31	0.1752	11	0	0	2	0	0	0	0	0	N	N	Y	N	N	N	N	N	N	N	N	N	0.3713	0.2538	0.5243	0.4795	0.0000	0.0000	0.0000	0.0000	0.0000	0.0002	0.0002	0.0000	0.0000	0.0000	0.0000	0.0001	0.0001	0.0000	0.0004	0.0005	0.0000	0.0000	0.0000	0.0000	0.0000	0.0000	-0.0000	-0.0000	6.0001	6.9288	2.9972	3.0309	0.0000	0.0000	0.0000	0.0000	0.0000	0.0000	0.0000	0.0000	0.0000	0.0000	0.0000	0.0000	0.0000	0.0000	0.0000	0.0000	0.0000	0.0000	0.3125	0.2738	0.0388	0.0454	0.0429	0.0025	0.2671	0.2309	0.0362	0.1156	0.0692	0.0464	0.0221	0.0191	0.0030	0.0935	0.0502	0.0434	0.3713	0.2538	0.0000	0.5243	0.4795	0.0000	0.0000	0.0000	0.0000	0.0001	0.0001	0.0000	0.0004	0.0005	0.0000	0.0000	0.0000	0.0000			
5	32	0.1652	10	0	0	1	0	0	0	0	0	N	N	N	N	N	N	N	N	N	N	N	N	0.0000	0.0000	0.0000	0.0000	0.0000	0.0000	0.0000	0.0000	0.0000	0.0000	0.0000	0.0000	0.0000	0.0000	0.0000	0.0003	0.0005	0.0000	0.0006	0.0006	0.0000	0.0002	0.0004	0.0000	0.0000	0.0000	-0.0000	6.0001	1.8775	2.9972	3.1058	0.0000	0.0000	0.0000	0.0000	0.0000	0.0000	0.0000	0.0000	0.0000	0.0000	0.0000	0.0000	0.0000	0.0000	0.0000	0.0000	0.0000	0.0000	0.1041	0.0912	0.0130	0.0221	0.0212	0.0009	0.0821	0.0700	0.0121	0.0710	0.0441	0.0269	0.0173	0.0157	0.0016	0.0537	0.0284	0.0253	0.0000	0.0000	0.0000	0.0000	0.0000	0.0000	0.0000	0.0000	0.0000	0.0003	0.0005	0.0000	0.0006	0.0006	0.0000	0.0002	0.0004	0.0000				
5	33	0.1529	9	0	0	1	0	0	0	0	0	N	N	N	N	N	N	N	N	N	N	N	N	0.0000	0.0000	0.0000	0.0000	0.0000	0.0000	0.0000	0.0000	0.0000	0.0000	0.0000	0.0000	0.0000	0.0000	0.0000	0.0002	0.0004	0.0000	0.0005	0.0006	0.0000	0.0002	0.0003	0.0000	0.0000	0.0000	-0.0000	6.0001	5.3867	2.9972	0.9197	0.0000	0.0000	0.0000	0.0000	0.0000	0.0000	0.0000	0.0000	0.0000	0.0000	0.0000	0.0000	0.0000	0.0000	0.0000	0.0000	0.0000	0.0000	0.2347	0.2048	0.0299	0.0271	0.0255	0.0017	0.2076	0.1793	0.0282	0.0834	0.0513	0.0321	0.0189	0.0167	0.0022	0.0646	0.0347	0.0299	0.0000	0.0000	0.0000	0.0000	0.0000	0.0000	0.0000	0.0000	0.0000	0.0002	0.0004	0.0000	0.0005	0.0006	0.0000	0.0002	0.0003	0.0000				
5	34	0.2361	11	0	1	1	0	0	0	0	0	N	N	N	N	N	N	N	N	N	N	N	N	inf	inf	inf	inf	4.3550	4.9035	0.0000	10.6287	10.6729	0.0000	0.0000	0.0000	0.0000	0.0000	0.0000	0.0000	0.0000	0.0000	0.0000	0.0000	0.0000	0.0000	0.0000	-0.0005	0.0000	6.0001	0.0019	2.9972	3.0025	0.0013	0.0013	0.0000	0.0013	0.0013	0.0000	0.0000	0.0000	0.0000	0.0000	0.0000	0.0000	0.0000	0.0000	0.0000	0.0000	0.0000	0.0000	0.0003	0.0003	0.0000	0.0001	0.0001	0.0000	0.0002	0.0001	0.0000	0.0267	0.0161	0.0106	0.0062	0.0050	0.0012	0.0205	0.0111	0.0094	inf	inf	0.0000	inf	inf	0.0000	0.0000	0.0000	0.0000	0.0000	0.0000	0.0000	0.0000	0.0000	0.0000	0.0000	0.0000	0.0000						
5	35	0.2168	7	1	1	1	0	0	0	0	0	N	N	N	N	N	N	N	N	N	N	N	N	0.0000	0.0000	0.0000	0.0000	0.0000	0.0000	0.0000	0.0000	0.0000	0.0000	0.0000	0.0000	0.0000	0.0000	0.0000	0.0000	0.0000	0.0000	0.0000	0.0000	6.0001	1.0000	2.9972	1.9999	0.0000	0.0000	0.0000	0.0000	0.0000	0.0000	0.0000	0.0000	0.0000	0.0000	0.0000	0.0000	0.0000	0.0000	0.0000	0.0000	0.0000	0.0000	0.0430	0.0376	0.0055	0.0076	0.0070	0.0006	0.0354	0.0306	0.0049	0.0309	0.0171	0.0138	0.0044	0.0036	0.0007	0.0266	0.0135	0.0131	0.0000	0.0000	0.0000	0.0000	0.0000	0.0000	0.0000	0.0000	0.0000	0.0000	0.0000	0.0000	0.0000	0.0000	0.0000	0.0000	0.0000	0.0000											
5	36	0.1815	7	0	1	2	0	0	0	0	0	N	N	Y	N	N	N	N	N	N	N	N	N	0.0036	2.0646	0.0000	7.2308	6.3736	0.0000	0.0000	0.0000	0.0000	0.0006	0.0006	0.0000	0.0042	0.0045	0.0000	0.0000	0.0000	0.0000	0.1535	0.0003	0.2195	0.0006	0.0007	0.0000	0.4615	0.0000	0.2305	0.0000	323.0421	-0.0000	0.0029	6.0001	3.0341	2.9972	5.2124	0.0001	0.0001	0.0000	0.0001	0.0001	0.0000	0.0000	0.0000	0.0000	0.0071	0.0000	0.0071	0.0000	0.0000	0.0000	0.0071	0.0000	0.0071	0.1440	0.1255	0.0185	0.0189	0.0175	0.0014	0.1251	0.1080	0.0171	0.1115	0.0716	0.0399	0.0354	0.0289	0.0065	0.0761	0.0428	0.0334	0.0086	2.0646	0.0000	7.2308	6.3736	0.0000	0.0000	0.0000	0.0000	0.0637	0.0003	0.1776	0.0006	0.0007	0.0000	0.0930	0.0000	0.2121
5	37	0.1577	6	0	1	1	0	0	0	0	0	N	N	N	N	N	N	N	N	N	N	N	N	0.0000	0.0016	0.0000	0.0060	0.0053	0.0000	0.0000	0.0000	0.0000	0.0000	0.0000	0.0001	0.0001	0.0000	0.0000	0.0000	0.0000	13.5312	0.0037	54.3766	0.0100	0.0123	0.0000	13.6686	0.0005	57.8766	0.0000	5282.9467	-0.0000	0.4079	6.0001	3.0544	2.9972	4.8962	0.0000	0.0000	0.0000	0.0000	0.0000	0.0000	0.0000	0.0000	0.0000	0.9931	0.0002	0.9929	0.0002	0.0002	0.0000	0.9929	0.0000	0.9929	0.1360	0.1179	0.0181	0.0116	0.0107	0.0010	0.1243	0.1073	0.0171	0.0896	0.0503	0.0393	0.0170	0.0138	0.0032	0.0726	0.0366	0.0360	0.0000	0.0016	0.0000	0.0060	0.0053	0.0000	0.0000	0.0000	0.0000	11.0828	0.0037	25.2901	0.0100	0.0123	0.0000	13.6686	0.0005	27.5432	
5	38	0.2361	11	0	0	2	0	0	0	0	0	N	N	Y	N	N	N	N	N	N	N	N	N	inf	inf	inf	inf	25.7706	29.5737	0.0000	0.0000	0.0000	0.0000	29.2656	33.9468	0.0000	0.0000	0.0000	0.0000	0.0000	0.0000	0.0000	0.0000	0.0000	0.0000	0.0000	-0.3633	0.0000	6.0001	0.9992	2.9972	1.0069	0.9986	0.9986	0.0000	0.0000	0.0000	0.0000	0.9986	0.9986	0.0000	0.0000	0.0000	0.0000	0.0000	0.0000	0.0000	0.0000	0.0000	0.0000	0.0388	0.0338	0.0050	0.0046	0.0044	0.0003	0.0341	0.0294	0.0047	0.0180	0.0109	0.0071	0.0042	0.0034	0.0008	0.0138	0.0075	0.0063	inf	inf	0.0000	0.0000	0.0000	0.0000	inf	inf	0.0000	0.0000	0.0000	0.0000	0.0000	0.0000	0.0000	0.0000	0.0000	0.0000						
5	39	0.2308	10	0	0	1	0	0	0	0	0	N	N	N	N	N	N	N	N	N	N	N	N	inf	inf	inf	inf	0.0342	0.0393	0.0000	0.0000	0.0000	0.0000	0.0384	0.0445	0.0000	0.0000	0.0000	0.0000	0.0000	0.0000	0.0000	0.0000	0.0000	0.0000	0.0000	-0.0005	0.0000	6.0001	1.0008	2.9972	0.9987	0.0013	0.0013	0.0000	0.0000	0.0000	0.0000	0.0013	0.0013	0.0000	0.0000	0.0000	0.0000	0.0000	0.0000	0.0000	0.0000	0.0000	0.0000	0.0392	0.0341	0.0051	0.0043	0.0040	0.0003	0.0349	0.0301	0.0048	0.0179	0.0107	0.0072	0.0037	0.0030	0.0008	0.0141	0.0077	0.0064	inf	inf	0.0000	0.0000	0.0000	0.0000	inf	inf	0.0000	0.0000	0.0000	0.0000	0.0000	0.0000	0.0000	0.0000	0.0000	0.0000						
5	40	0.1529	9	0	0	1	0	0	0	0	0	N	N	N	N	N	N	N	N	N	N	N	N	0.0000	0.0000	0.0000	0.0000	0.0000	0.0000	0.0000	0.0000	0.0000	0.0000	0.0000	0.0000	0.0000	0.0000	0.0000	0.0000	0.0000	0.0000	0.0000	0.0000	6.0001	9.0374	2.9972	18.5287	0.0000	0.0000	0.0000	0.0000	0.0000	0.0000	0.0000	0.0000	0.0000	0.0000	0.0000	0.0000	0.0000	0.0000	0.0000	0.0000	0.0000	0.0000	0.3839	0.3353	0.0487	0.0438	0.0411	0.0027	0.3401	0.2942	0.0459	0.2728	0.1575	0.1153	0.0457	0.0371	0.0085	0.2271	0.1204	0.1068	0.0000	0.0000	0.0000	0.0000	0.0000	0.0000	0.0000	0.0000	0.0000	0.0000	0.0000	0.0000	0.0000	0.0000	0.0000	0.0000	0.0000	0.0000											
5	41	0.1261	8	0	0	1	0	0	0	0	0	N	N	N	N	N	N	N	N	N	N	N	N	17.8577	12.1864	0.0000	63.6448	58.8082	0.0000	0.0000	0.0000	0.0000	0.0045	0.0052	0.0000	0.0671	0.0714	0.0000	0.0000	0.0000	0.0000	0.0003	0.0004	0.0000	0.0011	0.0012	0.0000	0.0001	0.0002	0.0000	0.0000	0.0008	-0.0006	-0.0000	6.0001	9.0369	2.9972	3.5648	0.0018	0.0018	0.0000	0.0018	0.0018	0.0000	0.0000	0.0000	0.0000	0.0000	0.0000	0.0000	0.0000	0.0000	0.0000	0.0000	0.0000	0.0000	0.3935	0.3424	0.0512	0.0264	0.0248	0.0016	0.3672	0.3176	0.0496	0.1585	0.0940	0.0645	0.0277	0.0241	0.0037	0.1308	0.0699	0.0608	17.8577	12.1864	0.0000	63.6448	58.8082	0.0000	0.0000	0.0000	0.0000	0.0003	0.0004	0.0000	0.0011	0.0012	0.0000	0.0001	0.0002	0.0000
5	42	0.0923	4	0	0	1	0	0	0	0	0	N	N	N	N	N	N	N	N	N	N	N	N	1917.7745	0.0741	inf	0.1780	0.1671	inf	inf	inf	1.3891	0.0001	10.6077	0.0012	0.0013	0.0000	1.4602	0.0000	10.8758	0.0007	0.0013	0.0000	0.0066	0.0075	0.0000	0.0000	0.0000	0.0000	16694.2127	0.0000	0.6362	-0.0001	6.0001	17.0025	2.9972	6.0864	1.0000	0.0001	1.0000	0.0000	0.0000	0.0000	1.0000	0.0000	1.0000	0.0002	0.0002	0.0000	0.0002	0.0002	0.0000	0.0000	0.0000	0.0000	0.7199	0.6256	0.0943	0.0351	0.0328	0.0023	0.6848	0.5929	0.0919	0.2623	0.1471	0.1153	0.0289	0.0254	0.0036	0.2334	0.1217	0.1117	1917.7745	0.0741	inf	0.1780	0.1671	0.0000	inf	inf	inf	0.0007	0.0013	0.0000	0.0066	0.0075	0.0000	0.0000	0.0000	0.0000	
5	44	0.0923	4	0	1	1	0	0	0	0	0	N	N	N	N	N	N	N	N	N	N	N	N	0.0000	0.0000	0.0000	0.0000	0.0000	0.0000	0.0000	0.0000	0.0000	0.0000	0.0000	0.0000	0.0000	0.0000	0.0000	0.0000	0.0000	0.0000	0.0000	0.0000	6.0001	6.9958	2.9972	11.8523	0.0000	0.0000	0.0000	0.0000	0.0000	0.0000	0.0000	0.0000	0.0000	0.0000	0.0000	0.0000	0.0000	0.0000	0.0000	0.0000	0.0000	0.0000	0.3198	0.2773	0.0424	0.0185	0.0174	0.0010	0.3013	0.2599	0.0414	0.2219	0.1253	0.0966	0.0258	0.0228	0.0030	0.1960	0.1025	0.0935	0.0000	0.0000	0.0000	0.0000	0.0000	0.0000	0.0000	0.0000	0.0000	0.0000	0.0000	0.0000	0.0000	0.0000	0.0000	0.0000	0.0000	0.0000											
5	45	0.0539	3	0	1	1	0	0	0	0	0	N	N	N	N	N	N	N	N	N	N	N	N	0.0000	0.0000	0.0000	0.0000	0.0000	0.0000	0.0000	0.0000	0.0000	0.0000	0.0000	0.0000	0.0000	0.0000	0.0000	0.0000	0.0000	0.0008	0.0009	0.0006	0.0162	0.0164	0.0000	0.0003	0.0001	0.0006	0.5269	0.0000	-0.0001	6.0001	20.1318	2.9972	17.5118	0.0000	0.0000	0.0000	0.0000	0.0000	0.0000	0.0000	0.0000	0.0000	0.0003	0.0002	0.0001	0.0002	0.0002	0.0000	0.0001	0.0000	0.0001	0.8450	0.7348	0.1102	0.0341	0.0315	0.0026	0.8109	0.7033	0.1076	0.3811	0.2043	0.1769	0.0109	0.0108	0.0002	0.3702	0.1935	0.1767	0.0000	0.0000	0.0000	0.0000	0.0000	0.0000	0.0000	0.0000	0.0000	0.0008	0.0009	0.0006	0.0162	0.0164	0.0000	0.0003	0.0001	0.0006		
5	46	0.1541	9	0	1	1	0	0	0	0	0	N	N	N	N	N	N	N	N	N	N	N	N	0.0000	0.0000	0.0000	0.0000	0.0000	0.0000	0.0000	0.0000	0.0000	0.0000	0.0000	0.0000	0.0000	0.0000	0.0000	0.0000	0.0000	0.0000	0.0000	0.0000	6.0001	15.0410	2.9972	10.9147	0.0000	0.0000	0.0000	0.0000	0.0000	0.0000	0.0000	0.0000	0.0000	0.0000	0.0000	0.0000	0.0000	0.0000	0.0000	0.0000	0.0000	0.0000	0.6852	0.5995	0.0857	0.1052	0.0989	0.0063	0.5800	0.5006	0.0794	0.3287	0.2103	0.1184	0.0956	0.0821	0.0134	0.2331	0.1282	0.1050	0.0000	0.0000	0.0000	0.0000	0.0000	0.0000	0.0000	0.0000	0.0000	0.0000	0.0000	0.0000	0.0000	0.0000	0.0000	0.0000	0.0000	0.0000											
5	47	0.1557	8	1	0	2	0	0	0	0	0	N	N	Y	N	N	N	N	N	N	N	N	N	0.0000	0.0000	0.0000	0.0000	0.0000	0.0000	0.0000	0.0000	0.0000	0.0000	0.0000	0.0000	0.0000	0.0000	0.0000	0.0000	0.0000	0.0008	0.0001	0.0019	0.0002	0.0002	0.0000	0.0010	0.0000	0.0021	17.0483	0.0000	0.0001	6.0001	12.7633	2.9972	6.3722	0.0000	0.0000	0.0000	0.0000	0.0000	0.0000	0.0000	0.0000	0.0000	0.0002	0.0000	0.0002	0.0000	0.0000	0.0000	0.0002	0.0000	0.0002	0.5464	0.4766	0.0698	0.0479	0.0446	0.0032	0.4985	0.4320	0.0665	0.2130	0.1231	0.0899	0.0465	0.0381	0.0084	0.1665	0.0850	0.0815	0.0000	0.0000	0.0000	0.0000	0.0000	0.0000	0.0000	0.0000	0.0000	0.0008	0.0001	0.0019	0.0002	0.0002	0.0000	0.0010	0.0000	0.0021		
5	48	0.1506	7	0	0	1	0	0	0	0	0	N	N	N	N	N	N	N	N	N	N	N	N	2.0193	0.6316	400.6438	0.0000	0.0000	2.3312	0.6688	382.7887	0.0007	0.0004	0.0042	0.0000	0.0000	0.0000	0.0010	0.0006	0.0044	0.0004	0.0006	0.0000	0.0001	0.0002	0.0000	0.0004	0.0008	0.0000	1.0000	0.0126	0.0000	-0.0000	6.0001	0.3513	2.9972	1.9759	0.0000	0.0000	0.0000	0.0000	0.0000	0.0000	0.0000	0.0000	0.0000	0.0000	0.0000	0.0000	0.0000	0.0000	0.0000	0.0000	0.0000	0.0000	0.0269	0.0245	0.0024	0.0068	0.0067	0.0001	0.0201	0.0179	0.0023	0.0274	0.0154	0.0120	0.0053	0.0044	0.0010	0.0220	0.0111	0.0110	2.0193	0.6316	400.6438	0.0000	0.0000	0.0000	2.3312	0.6688	382.7887	0.0004	0.0006	0.0000	0.0001	0.0002	0.0000	0.0004	0.0008	0.0000	
5	49	0.1503	6	0	0	1	0	0	0	0	0	N	N	N	N	N	N	N	N	N	N	N	N	0.0000	0.0000	0.0000	0.0000	0.0000	0.0000	0.0000	0.0000	0.0000	0.0000	0.0000	0.0000	0.0000	0.0000	0.0000	0.0000	0.0000	0.0000	-0.0000	0.0000	6.0001	0.1669	2.9972	0.0350	0.0000	0.0000	0.0000	0.0000	0.0000	0.0000	0.0000	0.0000	0.0000	0.0000	0.0000	0.0000	0.0000	0.0000	0.0000	0.0000	0.0000	0.0000	0.0075	0.0065	0.0010	0.0006	0.0005	0.0000	0.0069	0.0060	0.0010	0.0024	0.0013	0.0011	0.0005	0.0004	0.0001	0.0019	0.0010	0.0010	0.0000	0.0000	0.0000	0.0000	0.0000	0.0000	0.0000	0.0000	0.0000	0.0000	0.0000	0.0000	0.0000	0.0000	0.0000	0.0000	0.0000	0.0000											
5	50	0.1503	5	0	0	1	0	0	0	0	0	N	N	N	N	N	N	N	N	N	N	N	N	0.0000	0.0000	0.0000	0.0000	0.0000	0.0000	0.0000	0.0000	0.0000	0.0000	0.0000	0.0000	0.0000	0.0000	0.0000	0.0000	0.0000	0.0000	0.0000	0.0000	6.0001	0.0010	2.9972	0.0028	0.0000	0.0000	0.0000	0.0000	0.0000	0.0000	0.0000	0.0000	0.0000	0.0000	0.0000	0.0000	0.0000	0.0000	0.0000	0.0000	0.0000	0.0000	0.0001	0.0001	0.0000	0.0001	0.0001	0.0000	0.0001	0.0001	0.0000	0.0001	0.0000	0.0000	0.0000	0.0000	0.0000	0.0001	0.0000	0.0000	0.0000	0.0000	0.0000	0.0000	0.0000	0.0000	0.0000	0.0000	0.0000	0.0000	0.0000	0.0000	0.0000	0.0000	0.0000	0.0000	0.0000	0.0000											
5	51	0.1117	5	0	1	1	1	0	0	0	0	N	N	N	N	N	N	N	N	N	N	N	N	2.2414	0.4642	15508.9776	1.8443	1.6142	inf	19.6706	0.0000	14885.9828	0.0001	0.0000	0.0005	0.0004	0.0005	0.0000	0.0001	0.0000	0.0005	0.0000	0.0001	0.0000	0.0002	0.0003	0.0000	0.0000	0.0000	0.0000	2.1844	0.0003	0.0000	-0.0000	6.0001	7.3891	2.9972	13.2142	0.0000	0.0000	0.0000	0.0000	0.0000	0.0000	0.0000	0.0000	0.0000	0.0000	0.0000	0.0000	0.0000	0.0000	0.0000	0.0000	0.0000	0.0000	0.3391	0.2943	0.0448	0.0227	0.0216	0.0012	0.3163	0.2727	0.0436	0.2379	0.1361	0.1018	0.0387	0.0323	0.0064	0.1992	0.1038	0.0954	2.2414	0.4642	15508.9776	1.8443	1.6142	inf	19.6706	0.0000	14885.9828	0.0000	0.0001	0.0000	0.0002	0.0003	0.0000	0.0000	0.0000	0.0000
5	52	0.1178	6	0	1	1	0	0	0	0	0	N	N	N	N	N	N	N	N	N	N	N	N	6210.1705	inf	0.0000	inf	inf	1366.7018	inf	0.0000	0.0005	0.0005	0.0000	0.0028	0.0030	0.0000	0.0001	0.0001	0.0000	0.0000	0.0000	0.0000	0.0000	0.0000	0.0000	0.0000	0.0000	0.0000	0.0000	inf	-0.0001	0.0000	6.0001	12.1779	2.9972	13.0455	0.0003	0.0003	0.0000	0.0002	0.0002	0.0000	0.0001	0.0001	0.0000	0.0000	0.0000	0.0000	0.0000	0.0000	0.0000	0.0000	0.0000	0.0000	0.5889	0.5164	0.0724	0.0746	0.0692	0.0054	0.5143	0.4472	0.0670	0.2655	0.1479	0.1175	0.0332	0.0271	0.0061	0.2323	0.1208	0.1115	6210.1705	inf	0.0000	inf	inf	0.0000	1366.7018	inf	0.0000	0.0000	0.0000	0.0000	0.0000	0.0000	0.0000	0.0000	0.0000	0.0000	
5	53	0.1577	6	0	1	1	0	0	0	0	0	N	N	N	N	N	N	N	N	N	N	N	N	0.0000	0.0000	0.0000	0.0000	0.0000	0.0000	0.0000	0.0000	0.0000	0.0000	0.0000	0.0000	0.0000	0.0000	0.0000	0.0000	0.0000	0.0000	0.0000	0.0000	6.0001	3.0001	2.9972	3.0003	0.0000	0.0000	0.0000	0.0000	0.0000	0.0000	0.0000	0.0000	0.0000	0.0000	0.0000	0.0000	0.0000	0.0000	0.0000	0.0000	0.0000	0.0000	0.1336	0.1159	0.0177	0.0114	0.0105	0.0010	0.1222	0.1054	0.0168	0.0683	0.0384	0.0300	0.0130	0.0105	0.0025	0.0554	0.0279	0.0275	0.0000	0.0000	0.0000	0.0000	0.0000	0.0000	0.0000	0.0000	0.0000	0.0000	0.0000	0.0000	0.0000	0.0000	0.0000	0.0000	0.0000	0.0000											
5	54	0.1503	5	0	0	1	0	0	0	0	0	N	N	N	N	N	N	N	N	N	N	N	N	0.0000	0.0000	0.0000	0.0000	0.0000	0.0000	0.0000	0.0000	0.0000	0.0000	0.0000	0.0000	0.0000	0.0000	0.0000	0.0000	0.0000	0.0000	0.0000	0.0000	6.0001	1.9998	2.9972	1.0017	0.0000	0.0000	0.0000	0.0000	0.0000	0.0000	0.0000	0.0000	0.0000	0.0000	0.0000	0.0000	0.0000	0.0000	0.0000	0.0000	0.0000	0.0000	0.0885	0.0767	0.0118	0.0065	0.0060	0.0005	0.0820	0.0707	0.0113	0.0348	0.0195	0.0153	0.0066	0.0054	0.0013	0.0281	0.0141	0.0140	0.0000	0.0000	0.0000	0.0000	0.0000	0.0000	0.0000	0.0000	0.0000	0.0000	0.0000	0.0000	0.0000	0.0000	0.0000	0.0000	0.0000	0.0000											
5	55	0.0923	4	0	0	1	0	0	0	0	0	N	N	N	N	N	N	N	N	N	N	N	N	inf	inf	inf	inf	inf	inf	0.0002	0.0002	0.0000	0.0020	0.0022	0.0000	0.0001	0.0001	0.0000	0.0000	0.0000	0.0000	0.0000	0.0000	0.0000	0.0000	0.0000	0.0000	0.0000	-0.0000	0.0000	6.0001	8.0033	2.9972	9.9473	0.0001	0.0001	0.0000	0.0000	0.0000	0.0000	0.0000	0.0000	0.0000	0.0000	0.0000	0.0000	0.0000	0.0000	0.0000	0.0000	0.0000	0.0000	0.3621	0.3141	0.0480	0.0202	0.0190	0.0012	0.3419	0.2951	0.0469	0.2131	0.1206	0.0925	0.0251	0.0222	0.0029	0.1879	0.0983	0.0896	inf	inf	0.0000	inf	inf	0.0000	inf	inf	0.0000	0.0000	0.0000	0.0000	0.0000	0.0000	0.0000	0.0000	0.0000	0.0000				
5	56	0.1755	10	0	1	1	0	0	0	0	0	N	N	N	N	N	N	N	N	N	N	N	N	11405.3614	8220.3291	11042.5491	108.5390	95.8856	0.0000	128393.8475	79132.1982	20476.6886	4.4694	5.1037	0.0025	0.1191	0.1266	0.0000	5.2583	6.0860	0.0027	0.0004	0.0006	0.0000	0.0011	0.0013	0.0000	0.0000	0.0001	0.0000	0.0001	0.0002	-0.3629	-0.0000	6.0001	5.0156	2.9972	9.5596	0.9979	0.9978	0.0001	0.0041	0.0041	0.0000	0.9938	0.9937	0.0001	0.0001	0.0001	0.0000	0.0001	0.0001	0.0000	0.0000	0.0000	0.0000	0.2233	0.1955	0.0278	0.0343	0.0322	0.0020	0.1890	0.1633	0.0257	0.1780	0.1123	0.0657	0.0592	0.0491	0.0100	0.1189	0.0632	0.0557	11405.3614	8220.3291	11042.5491	108.5390	95.8856	0.0000	128393.8475	79132.1982	20476.6886	0.0004	0.0006	0.0000	0.0011	0.0013	0.0000	0.0000	0.0001	0.0000
5	57	0.1541	9	0	1	1	0	0	0	0	0	N	N	N	N	N	N	N	N	N	N	N	N	20.1968	9.8412	29479.3780	6.5874	6.2754	135.5207	96.4071	27.6428	72478.2116	0.0725	0.0506	0.2260	0.0552	0.0583	0.0052	0.0777	0.0480	0.2519	0.0036	0.0051	0.0000	0.0084	0.0093	0.0000	0.0008	0.0017	0.0000	0.6398	0.0006	0.0006	-0.0004	6.0001	5.2776	2.9972	4.9316	0.0221	0.0135	0.0086	0.0038	0.0038	0.0000	0.0182	0.0096	0.0086	0.0007	0.0007	0.0000	0.0006	0.0006	0.0000	0.0001	0.0001	0.0000	0.3042	0.2661	0.0381	0.0697	0.0657	0.0040	0.2345	0.2004	0.0341	0.1971	0.1377	0.0594	0.0724	0.0654	0.0071	0.1247	0.0723	0.0524	20.1968	9.8412	29479.3780	6.5874	6.2754	135.5207	96.4071	34.6431	72478.2116	0.0036	0.0051	0.0000	0.0084	0.0093	0.0000	0.0008	0.0014	0.0000
5	58	0.1261	8	0	0	1	0	0	0	0	0	N	N	N	N	N	N	N	N	N	N	N	N	785.4421	2.1412	22928.9260	0.3068	0.3075	0.0000	768.0722	0.5626	24003.1068	3.4663	0.0142	26.5468	0.0007	0.0008	0.0000	3.7284	0.0153	27.3998	0.0044	0.0066	0.0012	0.0024	0.0025	0.0014	0.0049	0.0272	0.0011	280.1332	0.1185	0.6287	-0.0003	6.0001	6.4383	2.9972	5.2340	0.9937	0.0035	0.9902	0.0000	0.0000	0.0000	0.9937	0.0035	0.9902	0.0007	0.0006	0.0001	0.0001	0.0001	0.0000	0.0006	0.0005	0.0001	0.2867	0.2494	0.0373	0.0202	0.0190	0.0012	0.2665	0.2304	0.0361	0.1492	0.0889	0.0603	0.0267	0.0233	0.0034	0.1225	0.0656	0.0569	785.4421	2.1412	22928.9260	0.3068	0.3075	0.0000	768.0722	1.8934	24003.1068	0.0044	0.0066	0.0012	0.0024	0.0025	0.0014	0.0049	0.0081	0.0011
5	59	0.1178	7	0	0	1	0	0	0	0	0	N	N	N	N	N	N	N	N	N	N	N	N	8.6790	0.5986	75099.9065	1.0707	1.0034	20.6440	0.0000	83907.9811	0.0078	0.0009	0.0628	0.0035	0.0037	0.0000	0.0092	0.0000	0.0739	0.0009	0.0016	0.0000	0.0032	0.0037	0.0000	0.0004	0.0009	0.0000	8.4143	0.0004	0.0010	-0.0000	6.0001	3.9043	2.9972	0.3762	0.0020	0.0002	0.0018	0.0002	0.0002	0.0000	0.0018	0.0000	0.0018	0.0000	0.0000	0.0000	0.0000	0.0000	0.0000	0.0000	0.0000	0.0000	0.2531	0.2249	0.0282	0.0610	0.0568	0.0042	0.1921	0.1681	0.0240	0.0553	0.0319	0.0234	0.0091	0.0079	0.0012	0.0463	0.0240	0.0223	8.6790	0.5986	75099.9065	1.0707	1.0034	0.0000	20.6440	0.0000	83907.9811	0.0009	0.0016	0.0000	0.0032	0.0037	0.0000	0.0004	0.0009	0.0000	
5	60	0.1178	6	0	0	1	0	0	0	0	0	N	N	N	N	N	N	N	N	N	N	N	N	1.2710	0.4261	7962.1057	0.7390	0.7279	1.5875	0.0000	10334.0563	0.0029	0.0016	0.0150	0.0039	0.0041	0.0000	0.0023	0.0000	0.0204	0.0023	0.0037	0.0000	0.0052	0.0057	0.0000	0.0014	0.0050	0.0000	0.9998	0.0003	0.0001	-0.0000	6.0001	1.5036	2.9972	0.1987	0.0004	0.0002	0.0002	0.0002	0.0002	0.0000	0.0002	0.0000	0.0002	0.0001	0.0001	0.0000	0.0000	0.0000	0.0000	0.0000	0.0000	0.0000	0.1464	0.1324	0.0141	0.0546	0.0509	0.0037	0.0918	0.0815	0.0103	0.0264	0.0160	0.0104	0.0057	0.0053	0.0005	0.0207	0.0108	0.0099	1.2710	0.4261	7962.1057	0.7390	0.7279	0.0000	1.5875	0.0001	10334.0563	0.0023	0.0037	0.0000	0.0052	0.0057	0.0000	0.0014	0.0028	0.0000	
5	61	0.1117	5	0	0	1	0	0	0	0	0	N	N	N	N	N	N	N	N	N	N	N	N	2.9975	0.4052	96658.2837	5.0556	4.7935	2.8162	0.0000	93334.1348	0.0019	0.0004	0.0116	0.0035	0.0036	0.0000	0.0017	0.0000	0.0119	0.0006	0.0010	0.0000	0.0007	0.0008	0.0000	0.0006	0.0011	0.0000	4.3996	0.0001	0.0001	-0.0000	6.0001	2.7181	2.9972	1.0102	0.0003	0.0000	0.0002	0.0000	0.0000	0.0000	0.0002	0.0000	0.0002	0.0000	0.0000	0.0000	0.0000	0.0000	0.0000	0.0000	0.0000	0.0000	0.1382	0.1200	0.0182	0.0137	0.0132	0.0005	0.1245	0.1068	0.0177	0.0640	0.0406	0.0234	0.0165	0.0151	0.0014	0.0475	0.0255	0.0221	2.9975	0.4052	96658.2837	5.0556	4.7935	0.0000	2.8162	0.0000	93334.1348	0.0006	0.0010	0.0000	0.0007	0.0008	0.0000	0.0006	0.0011	0.0000	
5	62	0.0923	4	0	0	1	0	0	0	0	0	N	N	N	N	N	N	N	N	N	N	N	N	5.1847	1.4262	inf	42.3582	39.2130	inf	3.1306	0.0016	inf	0.0005	0.0002	0.0022	0.0018	0.0018	0.0013	0.0003	0.0000	0.0022	0.0001	0.0002	0.0000	0.0000	0.0000	0.0000	0.0001	0.0002	0.0000	1.4903	0.0000	0.0000	-0.0000	6.0001	1.4525	2.9972	6.3634	0.0000	0.0000	0.0000	0.0000	0.0000	0.0000	0.0000	0.0000	0.0000	0.0000	0.0000	0.0000	0.0000	0.0000	0.0000	0.0000	0.0000	0.0000	0.0779	0.0678	0.0101	0.0086	0.0084	0.0002	0.0692	0.0594	0.0098	0.1079	0.0643	0.0435	0.0167	0.0154	0.0014	0.0911	0.0489	0.0422	5.1847	1.4262	inf	42.3582	39.2130	inf	3.1306	0.0016	inf	0.0001	0.0002	0.0000	0.0000	0.0000	0.0000	0.0001	0.0002	0.0000
5	63	0.1717	7	1	1	1	1	0	0	0	0	N	N	N	N	N	N	N	N	N	N	N	N	0.0000	0.0000	0.0000	0.0000	0.0000	0.0000	0.0000	0.0000	0.0000	0.0000	0.0000	0.0000	0.0000	0.0000	0.0000	0.0000	0.0000	0.0000	0.0000	-0.0000	6.0001	2.0000	2.9972	2.0002	0.0000	0.0000	0.0000	0.0000	0.0000	0.0000	0.0000	0.0000	0.0000	0.0000	0.0000	0.0000	0.0000	0.0000	0.0000	0.0000	0.0000	0.0000	0.0884	0.0769	0.0114	0.0123	0.0113	0.0010	0.0761	0.0657	0.0104	0.0436	0.0243	0.0193	0.0065	0.0053	0.0012	0.0371	0.0190	0.0180	0.0000	0.0000	0.0000	0.0000	0.0000	0.0000	0.0000	0.0000	0.0000	0.0000	0.0000	0.0000	0.0000	0.0000	0.0000	0.0000	0.0000	0.0000											
5	64	0.1873	11	0	1	1	1	0	0	0	0	N	N	N	N	N	N	N	N	N	N	N	N	0.0000	0.0000	0.0000	0.0000	0.0000	0.0000	0.0000	0.0000	0.0000	0.0000	0.0000	0.0000	0.0000	0.0000	0.0000	0.0000	0.0000	0.0000	0.0000	0.0000	6.0001	2.0059	2.9972	4.8036	0.0000	0.0000	0.0000	0.0000	0.0000	0.0000	0.0000	0.0000	0.0000	0.0000	0.0000	0.0000	0.0000	0.0000	0.0000	0.0000	0.0000	0.0000	0.0895	0.0780	0.0115	0.0140	0.0128	0.0011	0.0755	0.0651	0.0103	0.0739	0.0424	0.0314	0.0133	0.0112	0.0021	0.0606	0.0312	0.0293	0.0000	0.0000	0.0000	0.0000	0.0000	0.0000	0.0000	0.0000	0.0000	0.0000	0.0000	0.0000	0.0000	0.0000	0.0000	0.0000	0.0000	0.0000											
5	65	0.1845	9	0	1	1	0	0	0	0	0	N	N	N	N	N	N	N	N	N	N	N	N	0.0000	0.0000	0.0000	0.0000	0.0000	0.0000	0.0000	0.0000	0.0000	0.0000	0.0000	0.0000	0.0000	0.0006	0.0011	0.0000	0.0032	0.0037	0.0000	0.0000	0.0000	0.0000	0.0000	0.0000	-0.0000	6.0001	0.9804	2.9972	0.2754	0.0000	0.0000	0.0000	0.0000	0.0000	0.0000	0.0000	0.0000	0.0000	0.0000	0.0000	0.0000	0.0000	0.0000	0.0000	0.0000	0.0000	0.0000	0.0461	0.0404	0.0057	0.0074	0.0070	0.0005	0.0387	0.0335	0.0052	0.0157	0.0088	0.0069	0.0031	0.0027	0.0004	0.0126	0.0061	0.0065	0.0000	0.0000	0.0000	0.0000	0.0000	0.0000	0.0000	0.0000	0.0000	0.0006	0.0011	0.0000	0.0032	0.0037	0.0000	0.0000	0.0000	0.0000						
5	66	0.1824	10	0	0	2	1	0	0	0	0	N	N	Y	N	N	N	N	N	N	N	N	N	0.0000	0.0000	0.0000	0.0000	0.0000	0.0000	0.0000	0.0000	0.0000	0.0000	0.0000	0.0000	0.0000	0.0000	0.0000	0.0000	0.0000	0.0000	0.0000	0.0000	6.0001	0.9437	2.9972	4.8091	0.0000	0.0000	0.0000	0.0000	0.0000	0.0000	0.0000	0.0000	0.0000	0.0000	0.0000	0.0000	0.0000	0.0000	0.0000	0.0000	0.0000	0.0000	0.0585	0.0509	0.0076	0.0159	0.0149	0.0010	0.0426	0.0360	0.0066	0.0646	0.0372	0.0273	0.0117	0.0100	0.0018	0.0528	0.0273	0.0255	0.0000	0.0000	0.0000	0.0000	0.0000	0.0000	0.0000	0.0000	0.0000	0.0000	0.0000	0.0000	0.0000	0.0000	0.0000	0.0000	0.0000	0.0000											
5	67	0.1753	9	0	0	2	1	0	0	0	0	N	N	Y	N	N	N	N	N	N	N	N	N	0.0000	0.0000	0.0000	0.0000	0.0000	0.0000	0.0000	0.0000	0.0000	0.0000	0.0000	0.0000	0.0000	0.0000	0.0000	0.0000	0.0000	0.0000	0.0000	0.0000	6.0001	4.0088	2.9972	5.0246	0.0000	0.0000	0.0000	0.0000	0.0000	0.0000	0.0000	0.0000	0.0000	0.0000	0.0000	0.0000	0.0000	0.0000	0.0000	0.0000	0.0000	0.0000	0.1754	0.1528	0.0226	0.0246	0.0226	0.0020	0.1508	0.1302	0.0206	0.0975	0.0549	0.0426	0.0151	0.0125	0.0027	0.0824	0.0424	0.0400	0.0000	0.0000	0.0000	0.0000	0.0000	0.0000	0.0000	0.0000	0.0000	0.0000	0.0000	0.0000	0.0000	0.0000	0.0000	0.0000	0.0000	0.0000											
5	68	0.1873	11	0	0	2	1	0	0	0	0	N	N	Y	N	N	N	N	N	N	N	N	N	0.0000	0.0000	0.0000	0.0000	0.0000	0.0000	0.0000	0.0000	0.0000	0.0000	0.0000	0.0000	0.0000	0.0000	0.0000	0.0000	0.0000	0.0000	0.0000	0.0000	6.0001	1.0064	2.9972	4.2000	0.0000	0.0000	0.0000	0.0000	0.0000	0.0000	0.0000	0.0000	0.0000	0.0000	0.0000	0.0000	0.0000	0.0000	0.0000	0.0000	0.0000	0.0000	0.0454	0.0396	0.0058	0.0072	0.0066	0.0006	0.0382	0.0330	0.0052	0.0575	0.0332	0.0243	0.0106	0.0090	0.0016	0.0470	0.0242	0.0227	0.0000	0.0000	0.0000	0.0000	0.0000	0.0000	0.0000	0.0000	0.0000	0.0000	0.0000	0.0000	0.0000	0.0000	0.0000	0.0000	0.0000	0.0000											
5	69	0.1824	10	0	0	1	1	0	0	0	0	N	N	N	N	N	N	N	N	N	N	N	N	0.0000	0.0000	0.0000	0.0000	0.0000	0.0000	0.0000	0.0000	0.0000	0.0000	0.0000	0.0000	0.0000	0.0000	0.0000	0.0000	0.0000	0.0000	0.0000	0.0000	6.0001	1.2889	2.9972	0.3511	0.0000	0.0000	0.0000	0.0000	0.0000	0.0000	0.0000	0.0000	0.0000	0.0000	0.0000	0.0000	0.0000	0.0000	0.0000	0.0000	0.0000	0.0000	0.0737	0.0641	0.0096	0.0181	0.0169	0.0012	0.0556	0.0472	0.0084	0.0210	0.0126	0.0084	0.0046	0.0040	0.0005	0.0165	0.0086	0.0079	0.0000	0.0000	0.0000	0.0000	0.0000	0.0000	0.0000	0.0000	0.0000	0.0000	0.0000	0.0000	0.0000	0.0000	0.0000	0.0000	0.0000	0.0000											
5	70	0.1753	9	0	0	1	1	0	0	0	0	N	N	N	N	N	N	N	N	N	N	N	N	0.0000	0.0000	0.0000	0.0000	0.0000	0.0000	0.0000	0.0000	0.0000	0.0000	0.0000	0.0000	0.0000	0.0000	0.0000	0.0000	0.0000	0.0000	0.0000	0.0000	6.0001	0.7777	2.9972	1.1718	0.0000	0.0000	0.0000	0.0000	0.0000	0.0000	0.0000	0.0000	0.0000	0.0000	0.0000	0.0000	0.0000	0.0000	0.0000	0.0000	0.0000	0.0000	0.0349	0.0304	0.0045	0.0050	0.0046	0.0004	0.0299	0.0258	0.0041	0.0233	0.0134	0.0099	0.0041	0.0035	0.0006	0.0191	0.0098	0.0093	0.0000	0.0000	0.0000	0.0000	0.0000	0.0000	0.0000	0.0000	0.0000	0.0000	0.0000	0.0000	0.0000	0.0000	0.0000	0.0000	0.0000	0.0000											
5	71	0.1717	8	0	0	1	1	0	0	0	0	N	N	N	N	N	N	N	N	N	N	N	N	0.0000	0.0000	0.0000	0.0000	0.0000	0.0000	0.0000	0.0000	0.0000	0.0000	0.0000	0.0000	0.0000	0.0000	0.0000	0.0000	0.0000	0.0000	0.0000	-0.0000	6.0001	0.9929	2.9972	0.0325	0.0000	0.0000	0.0000	0.0000	0.0000	0.0000	0.0000	0.0000	0.0000	0.0000	0.0000	0.0000	0.0000	0.0000	0.0000	0.0000	0.0000	0.0000	0.0441	0.0384	0.0057	0.0061	0.0056	0.0005	0.0380	0.0328	0.0052	0.0114	0.0064	0.0050	0.0017	0.0014	0.0003	0.0097	0.0050	0.0047	0.0000	0.0000	0.0000	0.0000	0.0000	0.0000	0.0000	0.0000	0.0000	0.0000	0.0000	0.0000	0.0000	0.0000	0.0000	0.0000	0.0000	0.0000											
5	72	0.2168	7	1	1	1	0	0	0	0	0	N	N	N	N	N	N	N	N	N	N	N	N	0.0000	0.0000	0.0000	0.0000	0.0000	0.0000	0.0000	0.0000	0.0000	0.0000	0.0000	0.0000	0.0000	0.0000	0.0000	0.0000	0.0000	0.0000	0.0000	0.0000	6.0001	0.0000	2.9972	0.0001	0.0000	0.0000	0.0000	0.0000	0.0000	0.0000	0.0000	0.0000	0.0000	0.0000	0.0000	0.0000	0.0000	0.0000	0.0000	0.0000	0.0000	0.0000	0.0000	0.0000	0.0000	0.0000	0.0000	0.0000	0.0000	0.0000	0.0000	0.0000	0.0000	0.0000	0.0000	0.0000	0.0000	0.0000	0.0000	0.0000	0.0000	0.0000	0.0000	0.0000	0.0000	0.0000	0.0000	0.0000	0.0000	0.0000	0.0000	0.0000	0.0000	0.0000	0.0000	0.0000	0.0000	0.0000											
5	73	0.1535	6	1	1	1	0	0	0	0	0	N	N	N	N	N	N	N	N	N	N	N	N	0.0652	0.0000	1232.7150	0.0000	0.0000	0.0000	8.6032	0.0000	1391.1107	0.0001	0.0000	0.0005	0.0000	0.0000	0.0000	0.0001	0.0000	0.0006	0.0011	0.0019	0.0000	0.0077	0.0094	0.0000	0.0000	0.0000	0.0000	inf	0.0002	0.0000	-0.0001	6.0001	9.9619	2.9972	7.0378	0.0000	0.0000	0.0000	0.0000	0.0000	0.0000	0.0000	0.0000	0.0000	0.0002	0.0002	0.0000	0.0002	0.0002	0.0000	0.0000	0.0000	0.0000	0.4299	0.3750	0.0549	0.0546	0.0502	0.0044	0.3753	0.3249	0.0504	0.1772	0.0990	0.0782	0.0243	0.0200	0.0043	0.1529	0.0790	0.0739	0.0652	0.0000	1232.7150	0.0000	0.0000	0.0000	8.6032	0.0000	1391.1107	0.0011	0.0019	0.0000	0.0077	0.0094	0.0000	0.0000	0.0000	0.0000
5	74	0.1653	6	0	1	1	0	0	0	0	0	N	N	N	N	N	N	N	N	N	N	N	N	40.1104	25.3254	1037.2107	26.5448	23.7703	0.0000	1.3832	0.0000	2263.6636	0.0124	0.0141	0.0002	0.0614	0.0656	0.0000	0.0000	0.0000	0.0002	0.0003	0.0006	0.0000	0.0023	0.0028	0.0000	0.0000	0.0000	0.0000	0.0022	0.0003	-0.0017	-0.0000	6.0001	7.0442	2.9972	2.0273	0.0046	0.0046	0.0000	0.0046	0.0046	0.0000	0.0000	0.0000	0.0000	0.0000	0.0000	0.0000	0.0000	0.0000	0.0000	0.0000	0.0000	0.0000	0.3698	0.3244	0.0454	0.0743	0.0695	0.0048	0.2955	0.2549	0.0406	0.0974	0.0541	0.0434	0.0121	0.0101	0.0020	0.0853	0.0439	0.0414	40.1104	25.3254	1037.2107	26.5448	23.7703	0.0000	1.3832	0.0000	2263.6636	0.0003	0.0006	0.0000	0.0023	0.0028	0.0000	0.0000	0.0000	0.0000
5	75	0.1414	5	0	1	1	0	0	0	0	0	N	N	N	N	N	N	N	N	N	N	N	N	41.5841	0.2264	260429.4010	0.6966	0.4823	4142.1561	73.0357	0.0755	289948.5733	0.0249	0.0002	0.2047	0.0012	0.0010	0.0057	0.0300	0.0001	0.2177	0.0006	0.0011	0.0000	0.0017	0.0021	0.0000	0.0004	0.0008	0.0000	116.4394	0.0006	0.0037	-0.0000	6.0001	4.3369	2.9972	3.0972	0.0059	0.0000	0.0058	0.0000	0.0000	0.0000	0.0058	0.0000	0.0058	0.0000	0.0000	0.0000	0.0000	0.0000	0.0000	0.0000	0.0000	0.0000	0.2350	0.2067	0.0284	0.0412	0.0394	0.0017	0.1939	0.1672	0.0266	0.0833	0.0468	0.0365	0.0119	0.0098	0.0020	0.0715	0.0370	0.0345	41.5841	0.2264	260429.4010	0.6966	0.4823	4142.1561	73.0357	0.0755	289948.5733	0.0006	0.0011	0.0000	0.0017	0.0021	0.0000	0.0004	0.0008	0.0000
5	76	0.2287	10	1	1	1	0	0	0	0	0	N	N	N	N	N	N	N	N	N	N	N	N	inf	inf	inf	inf	inf	inf	8.4851	9.6728	0.0000	53.8803	58.0422	0.0000	0.0001	0.0001	0.0000	0.0000	0.0000	0.0000	0.0000	0.0000	0.0000	0.0000	0.0000	0.0000	0.0000	-0.3636	0.0000	6.0001	1.9992	2.9972	0.0055	0.9996	0.9996	0.0000	0.9996	0.9996	0.0000	0.0000	0.0000	0.0000	0.0000	0.0000	0.0000	0.0000	0.0000	0.0000	0.0000	0.0000	0.0000	0.1178	0.1033	0.0145	0.0186	0.0172	0.0013	0.0993	0.0861	0.0131	0.0294	0.0166	0.0128	0.0042	0.0034	0.0007	0.0253	0.0132	0.0121	inf	inf	0.0000	inf	inf	0.0000	inf	inf	0.0000	0.0000	0.0000	0.0000	0.0000	0.0000	0.0000	0.0000	0.0000	0.0000				
5	77	0.1845	9	1	1	1	0	0	0	0	0	N	N	N	N	N	N	N	N	N	N	N	N	inf	inf	inf	inf	0.0021	0.0024	0.0000	0.0148	0.0159	0.0000	0.0000	0.0000	0.0000	0.0000	0.0000	0.0000	0.0000	0.0000	0.0000	0.0000	0.0000	0.0000	0.0000	-0.0002	0.0000	6.0001	5.0219	2.9972	2.0148	0.0005	0.0005	0.0000	0.0005	0.0005	0.0000	0.0000	0.0000	0.0000	0.0000	0.0000	0.0000	0.0000	0.0000	0.0000	0.0000	0.0000	0.0000	0.2207	0.1927	0.0279	0.0318	0.0295	0.0023	0.1888	0.1632	0.0256	0.0772	0.0432	0.0340	0.0126	0.0104	0.0022	0.0646	0.0328	0.0318	inf	inf	0.0000	inf	inf	0.0000	0.0000	0.0000	0.0000	0.0000	0.0000	0.0000	0.0000	0.0000	0.0000	0.0000	0.0000	0.0000						
5	78	0.1717	8	0	1	1	0	0	0	0	0	N	N	N	N	N	N	N	N	N	N	N	N	0.0000	0.0000	0.0000	0.0000	0.0000	0.0000	0.0000	0.0000	0.0000	0.0000	0.0000	0.0000	0.0000	0.0002	0.0000	0.0006	0.0000	0.0000	0.0000	0.0003	0.0000	0.0006	inf	0.0000	0.0000	6.0001	1.0203	2.9972	2.7327	0.0000	0.0000	0.0000	0.0000	0.0000	0.0000	0.0000	0.0000	0.0000	0.0000	0.0000	0.0000	0.0000	0.0000	0.0000	0.0000	0.0000	0.0000	0.0453	0.0395	0.0059	0.0063	0.0058	0.0005	0.0390	0.0337	0.0053	0.0410	0.0229	0.0181	0.0061	0.0050	0.0011	0.0348	0.0179	0.0170	0.0000	0.0000	0.0000	0.0000	0.0000	0.0000	0.0000	0.0000	0.0000	0.0002	0.0000	0.0006	0.0000	0.0000	0.0000	0.0003	0.0000	0.0006						
5	79	0.1717	7	0	0	1	0	0	0	0	0	N	N	N	N	N	N	N	N	N	N	N	N	0.0000	0.0000	0.0000	0.0000	0.0000	0.0000	0.0000	0.0000	0.0000	0.0000	0.0000	0.0000	0.0000	0.0000	0.0000	0.0000	0.0000	0.0000	0.0000	-0.0000	6.0001	0.0000	2.9972	0.0018	0.0000	0.0000	0.0000	0.0000	0.0000	0.0000	0.0000	0.0000	0.0000	0.0000	0.0000	0.0000	0.0000	0.0000	0.0000	0.0000	0.0000	0.0000	0.0000	0.0000	0.0000	0.0000	0.0000	0.0000	0.0000	0.0000	0.0000	0.0001	0.0000	0.0000	0.0000	0.0000	0.0000	0.0000	0.0000	0.0000	0.0000	0.0000	0.0000	0.0000	0.0000	0.0000	0.0000	0.0000	0.0000	0.0000	0.0000	0.0000	0.0000	0.0000	0.0000	0.0000	0.0000	0.0000											
5	80	0.1535	6	0	0	1	0	0	0	0	0	N	N	N	N	N	N	N	N	N	N	N	N	0.3962	0.0000	112.4765	0.0000	0.0000	0.0000	6.7883	0.0000	116.3043	0.0002	0.0000	0.0017	0.0000	0.0000	0.0000	0.0002	0.0000	0.0018	0.0005	0.0009	0.0000	0.0035	0.0042	0.0000	0.0000	0.0001	0.0000	inf	0.0124	0.0000	-0.0000	6.0001	3.0825	2.9972	2.0124	0.0000	0.0000	0.0000	0.0000	0.0000	0.0000	0.0000	0.0000	0.0000	0.0000	0.0000	0.0000	0.0000	0.0000	0.0000	0.0000	0.0000	0.0000	0.1428	0.1247	0.0181	0.0198	0.0184	0.0014	0.1229	0.1063	0.0167	0.0571	0.0319	0.0251	0.0082	0.0068	0.0014	0.0489	0.0251	0.0237	0.3962	0.0000	112.4765	0.0000	0.0000	0.0000	6.7883	0.0000	116.3043	0.0005	0.0009	0.0000	0.0035	0.0042	0.0000	0.0000	0.0001	0.0000
5	81	0.1414	5	0	0	1	0	0	0	0	0	N	N	N	N	N	N	N	N	N	N	N	N	6.9224	0.2023	36092.2589	0.5874	0.4388	2550.2332	13.8179	0.0000	40158.8431	0.0064	0.0003	0.0511	0.0018	0.0016	0.0067	0.0074	0.0000	0.0539	0.0009	0.0016	0.0000	0.0031	0.0037	0.0000	0.0005	0.0010	0.0000	20.9965	0.0007	0.0008	-0.0000	6.0001	3.6751	2.9972	0.0788	0.0013	0.0001	0.0013	0.0001	0.0001	0.0000	0.0012	0.0000	0.0012	0.0000	0.0000	0.0000	0.0000	0.0000	0.0000	0.0000	0.0000	0.0000	0.2067	0.1820	0.0247	0.0384	0.0369	0.0015	0.1683	0.1451	0.0232	0.0437	0.0247	0.0190	0.0066	0.0055	0.0011	0.0371	0.0192	0.0179	6.9224	0.2023	36092.2589	0.5874	0.4388	2550.2332	13.8179	0.0000	40158.8431	0.0009	0.0016	0.0000	0.0031	0.0037	0.0000	0.0005	0.0010	0.0000
5	82	0.0923	4	0	0	1	0	0	0	0	0	N	N	N	N	N	N	N	N	N	N	N	N	22315.1241	1.0310	inf	29.9119	28.4277	22171.7943	0.3911	inf	2.6087	0.0002	19.6772	0.0019	0.0021	0.0000	2.7604	0.0001	20.1625	0.0001	0.0002	0.0000	0.0001	0.0001	0.0000	0.0001	0.0002	0.0000	14305.5181	0.0000	0.6354	-0.0000	6.0001	8.5011	2.9972	5.2406	0.9988	0.0001	0.9987	0.0000	0.0000	0.0000	0.9988	0.0000	0.9987	0.0000	0.0000	0.0000	0.0000	0.0000	0.0000	0.0000	0.0000	0.0000	0.3829	0.3321	0.0508	0.0211	0.0198	0.0012	0.3618	0.3123	0.0495	0.1707	0.0979	0.0728	0.0218	0.0195	0.0023	0.1489	0.0784	0.0706	22315.1241	1.0310	inf	29.9119	28.4277	0.0000	22171.7943	0.3911	inf	0.0001	0.0002	0.0000	0.0001	0.0001	0.0000	0.0001	0.0002	0.0000	
5	83	0.0539	3	0	0	1	0	0	0	0	0	N	N	N	N	N	N	N	N	N	N	N	N	0.0363	0.0223	0.0000	0.0339	0.0356	0.0000	0.0000	0.0000	0.0001	0.0001	0.0000	0.0012	0.0013	0.0000	0.0000	0.0000	0.0000	0.0018	0.0035	0.0000	0.0366	0.0369	0.0000	0.0001	0.0002	0.0000	0.0000	0.0001	-0.0000	-0.0002	6.0001	6.1951	2.9972	5.5672	0.0000	0.0000	0.0000	0.0000	0.0000	0.0000	0.0000	0.0000	0.0000	0.0003	0.0003	0.0000	0.0002	0.0002	0.0000	0.0000	0.0000	0.0000	0.2897	0.2516	0.0381	0.0156	0.0148	0.0009	0.2740	0.2368	0.0372	0.1407	0.0750	0.0657	0.0068	0.0067	0.0001	0.1340	0.0683	0.0657	0.0363	0.0223	0.0000	0.0339	0.0356	0.0000	0.0000	0.0000	0.0000	0.0018	0.0035	0.0000	0.0366	0.0369	0.0000	0.0001	0.0002	0.0000	
6	7	0.2329	11	1	1	1	0	0	0	0	0	N	N	N	N	N	N	N	N	N	N	N	N	3.2141	2.3821	0.1341	0.0021	0.0017	0.0000	2.4752	0.9273	0.1154	0.0023	0.0026	0.0000	0.0000	0.0000	0.0000	0.0029	0.0034	0.0000	0.0007	0.0011	0.0000	0.0001	0.0002	0.0000	0.0012	0.0036	0.0000	0.0001	0.0057	-0.0002	-0.0001	13.4817	2.2373	9.4010	1.9967	0.0006	0.0006	0.0000	0.0000	0.0000	0.0000	0.0006	0.0006	0.0000	0.0001	0.0001	0.0000	0.0000	0.0000	0.0000	0.0001	0.0001	0.0000	0.2729	0.2416	0.0313	0.0535	0.0512	0.0023	0.2194	0.1904	0.0290	0.1675	0.1093	0.0582	0.0730	0.0575	0.0155	0.0945	0.0518	0.0427	3.2141	2.3821	0.1341	0.0021	0.0017	0.0000	2.4752	1.5717	0.1154	0.0007	0.0011	0.0000	0.0001	0.0002	0.0000	0.0012	0.0021	0.0000
6	8	0.2175	8	0	1	1	0	0	0	0	0	N	N	N	N	N	N	N	N	N	N	N	N	0.0000	0.0000	0.0000	0.0000	0.0000	0.0000	0.0000	0.0000	0.0000	0.0000	0.0000	0.0000	0.0000	0.0000	0.0000	0.0000	0.0000	0.0005	0.0008	0.0000	0.0014	0.0018	0.0000	0.0000	0.0000	0.0000	0.0000	0.0000	-0.0001	13.4817	4.0000	9.4010	7.0000	0.0000	0.0000	0.0000	0.0000	0.0000	0.0000	0.0000	0.0000	0.0000	0.0002	0.0002	0.0000	0.0002	0.0002	0.0000	0.0000	0.0000	0.0000	0.4199	0.3664	0.0535	0.0611	0.0572	0.0039	0.3588	0.3092	0.0496	0.3928	0.2521	0.1407	0.1516	0.1189	0.0328	0.2412	0.1333	0.1079	0.0000	0.0000	0.0000	0.0000	0.0000	0.0000	0.0000	0.0000	0.0000	0.0005	0.0008	0.0000	0.0014	0.0018	0.0000	0.0000	0.0000	0.0000		
6	9	0.2412	9	0	1	1	0	0	0	0	0	N	N	N	N	N	N	N	N	N	N	N	N	0.0000	0.0000	0.0000	0.0000	0.0000	0.0000	0.0000	0.0000	0.0000	0.0000	0.0000	0.0000	0.0000	0.0000	0.0000	0.0000	0.0000	0.0000	0.0001	0.0001	0.0002	0.0002	0.0002	0.0000	0.0001	0.0000	0.0003	1.1668	0.0000	-0.0000	13.4817	2.9770	9.4010	5.0602	0.0000	0.0000	0.0000	0.0000	0.0000	0.0000	0.0000	0.0000	0.0000	0.0000	0.0000	0.0000	0.0000	0.0000	0.0000	0.0000	0.0000	0.0000	0.3332	0.2920	0.0412	0.0626	0.0587	0.0039	0.2706	0.2333	0.0373	0.3340	0.2221	0.1119	0.1529	0.1189	0.0340	0.1812	0.1032	0.0779	0.0000	0.0000	0.0000	0.0000	0.0000	0.0000	0.0000	0.0000	0.0000	0.0001	0.0001	0.0002	0.0002	0.0002	0.0000	0.0001	0.0000	0.0003	
6	10	0.2251	8	0	1	1	0	0	0	0	0	N	N	N	N	N	N	N	N	N	N	N	N	0.0288	0.0127	3529.0500	0.0012	0.0012	167.7892	2549.3952	9243.2608	3620.3007	0.0331	0.0236	0.1043	0.0020	0.0020	0.0017	0.0456	0.0331	0.1218	1.1497	1.8661	0.0000	1.6801	1.7475	0.0000	0.0000	0.0000	0.0000	0.5854	0.0001	0.0001	-0.0333	13.4817	5.2144	9.4010	4.0122	0.0224	0.0141	0.0083	0.0004	0.0004	0.0000	0.0220	0.0138	0.0083	0.0565	0.0565	0.0000	0.0565	0.0565	0.0000	0.0000	0.0000	0.0000	0.6784	0.5989	0.0794	0.1946	0.1830	0.0116	0.4838	0.4160	0.0678	0.3197	0.1990	0.1207	0.1103	0.0891	0.0212	0.2094	0.1099	0.0995	0.1871	0.0832	3529.0500	0.0039	0.0032	167.7892	2549.3952	9243.2608	3620.3007	0.1767	0.2839	0.0000	0.5122	0.6338	0.0000	0.0000	0.0000	0.0000
6	11	0.2153	9	0	1	1	0	0	0	0	0	N	N	N	N	N	N	N	N	N	N	N	N	20.6573	22.6314	0.0000	59.1131	54.8812	0.0000	0.0000	0.0000	0.0000	0.0000	0.0000	0.0000	0.0000	0.0000	0.0000	0.0000	0.0000	0.0000	0.0000	0.0000	0.0000	0.0000	0.0000	0.0000	0.0000	0.0000	0.4722	-0.0000	-0.0000	13.4817	1.0002	9.4010	2.9310	0.0000	0.0000	0.0000	0.0000	0.0000	0.0000	0.0000	0.0000	0.0000	0.0000	0.0000	0.0000	0.0000	0.0000	0.0000	0.0000	0.0000	0.0000	0.1076	0.0940	0.0136	0.0171	0.0161	0.0010	0.0905	0.0779	0.0126	0.1416	0.0920	0.0496	0.0438	0.0382	0.0056	0.0978	0.0538	0.0440	20.6573	22.6314	0.0000	59.1131	54.8812	0.0000	0.0000	0.0000	0.0000	0.0000	0.0000	0.0000	0.0000	0.0000	0.0000	0.0000	0.0000	0.0000		
6	12	0.2153	8	0	0	1	0	0	0	0	0	N	N	N	N	N	N	N	N	N	N	N	N	3465.1058	2749.3606	8326.4080	4925.0335	5026.1208	2889.0138	8646.0424	0.0027	0.0015	0.0104	0.0046	0.0047	0.0000	0.0019	0.0000	0.0110	0.0000	0.0000	0.0000	0.0000	0.0000	0.0000	0.0000	0.0000	0.0000	1.0000	1.0000	0.0000	-0.0000	13.4817	0.0003	9.4010	0.1375	0.0000	0.0000	0.0000	0.0000	0.0000	0.0000	0.0000	0.0000	0.0000	0.0000	0.0000	0.0000	0.0000	0.0000	0.0000	0.0000	0.0000	0.0000	0.0001	0.0001	0.0000	0.0000	0.0000	0.0000	0.0000	0.0000	0.0000	0.0137	0.0095	0.0042	0.0059	0.0057	0.0002	0.0078	0.0038	0.0040	3465.1058	2749.3606	8326.4080	4925.0335	5026.1208	0.0000	2889.0138	0.0000	8646.0424	0.0000	0.0000	0.0000	0.0000	0.0000	0.0000	0.0000	0.0000	0.0000		
6	13	0.1904	7	0	1	1	0	0	0	0	0	N	N	N	N	N	N	N	N	N	N	N	N	6.8607	7.1267	0.0000	0.0004	0.0003	0.0000	18.5654	592.8298	0.0000	0.0022	0.0025	0.0000	0.0000	0.0000	0.0000	0.0026	0.0030	0.0000	0.0003	0.0003	0.0003	0.0007	0.0008	0.0000	0.0001	0.0000	0.0003	0.0000	0.4401	-0.0003	-0.0000	13.4817	3.9729	9.4010	5.4895	0.0010	0.0010	0.0000	0.0000	0.0000	0.0000	0.0010	0.0010	0.0000	0.0001	0.0001	0.0000	0.0001	0.0001	0.0000	0.0000	0.0000	0.0000	0.4435	0.3869	0.0567	0.0773	0.0716	0.0057	0.3662	0.3153	0.0509	0.3574	0.2249	0.1325	0.1132	0.0997	0.0135	0.2442	0.1252	0.1190	6.8607	7.1267	0.0000	0.0004	0.0003	0.0000	18.5654	592.8298	0.0000	0.0003	0.0003	0.0003	0.0007	0.0008	0.0000	0.0001	0.0000	0.0003
6	14	0.2101	8	1	1	1	0	0	0	0	0	N	N	N	N	N	N	N	N	N	N	N	N	28.4262	20.8542	0.0000	76.2629	63.9513	8.6212	inf	0.0000	0.0266	0.0305	0.0000	0.1866	0.1994	0.0000	0.0000	0.0000	0.0000	0.0009	0.0015	0.0000	0.0024	0.0031	0.0000	0.0000	0.0000	0.0000	0.0000	0.0000	-0.0098	-0.0003	13.4817	10.0000	9.4010	6.0013	0.0269	0.0269	0.0000	0.0269	0.0269	0.0000	0.0000	0.0000	0.0000	0.0005	0.0005	0.0000	0.0005	0.0005	0.0000	0.0000	0.0000	0.0000	1.0109	0.8834	0.1275	0.1443	0.1350	0.0092	0.8667	0.7484	0.1183	0.5551	0.3559	0.1992	0.2125	0.1668	0.0457	0.3426	0.1891	0.1535	28.4262	20.8542	0.0000	76.2629	63.9513	0.0000	8.6212	inf	0.0000	0.0009	0.0015	0.0000	0.0024	0.0031	0.0000	0.0000	0.0000	0.0000	
6	15	0.2153	8	0	1	1	0	0	0	0	0	N	N	N	N	N	N	N	N	N	N	N	N	0.0055	0.0041	0.0105	0.0097	0.0000	0.0000	0.0000	0.0000	0.0000	0.0000	0.0000	0.0000	0.0000	0.0000	0.0001	0.0000	0.0002	0.0002	0.0000	0.0000	0.0000	0.0000	0.0000	0.0000	-0.0000	-0.0000	13.4817	2.9999	9.4010	3.0728	0.0000	0.0000	0.0000	0.0000	0.0000	0.0000	0.0000	0.0000	0.0000	0.0000	0.0000	0.0000	0.0000	0.0000	0.0000	0.0000	0.0000	0.0000	0.3190	0.2788	0.0402	0.0507	0.0477	0.0030	0.2683	0.2311	0.0372	0.2115	0.1371	0.0744	0.0643	0.0558	0.0085	0.1473	0.0813	0.0660	0.0055	0.0041	0.0000	0.0105	0.0097	0.0000	0.0000	0.0000	0.0000	0.0000	0.0001	0.0000	0.0002	0.0002	0.0000	0.0000	0.0000	0.0000					
6	16	0.1904	7	0	0	1	0	0	0	0	0	N	N	N	N	N	N	N	N	N	N	N	N	6.9416	5.4527	0.0206	0.0003	0.0003	0.0000	61.4318	329.5761	0.0212	0.0015	0.0017	0.0000	0.0000	0.0000	0.0000	0.0018	0.0021	0.0000	0.0002	0.0003	0.0000	0.0006	0.0007	0.0000	0.0000	0.0000	0.0001	0.0001	0.0931	-0.0004	-0.0000	13.4817	6.0396	9.4010	1.6050	0.0010	0.0010	0.0000	0.0000	0.0000	0.0000	0.0010	0.0010	0.0000	0.0001	0.0001	0.0000	0.0001	0.0001	0.0000	0.0000	0.0000	0.0000	0.6547	0.5716	0.0831	0.1092	0.1015	0.0077	0.5455	0.4701	0.0754	0.2994	0.1878	0.1115	0.0966	0.0854	0.0112	0.2028	0.1024	0.1003	6.9416	5.4527	0.0206	0.0003	0.0003	0.0000	61.4318	329.5761	0.0212	0.0002	0.0003	0.0000	0.0006	0.0007	0.0000	0.0000	0.0000	0.0001
6	17	0.1938	5	1	1	1	0	0	0	0	0	N	N	N	N	N	N	N	N	N	N	N	N	0.0617	0.0455	0.0000	0.0008	0.0011	0.0000	17864.0646	105704.6710	0.0000	0.1081	0.1232	0.0000	0.0053	0.0056	0.0000	0.1419	0.1652	0.0000	1.7514	2.7047	0.0000	6.4455	5.3134	0.0000	0.0000	0.0000	0.0000	0.0000	0.0000	-0.0042	-0.0608	13.4817	0.9996	9.4010	1.7768	0.0115	0.0115	0.0000	0.0001	0.0001	0.0000	0.0114	0.0114	0.0000	0.1032	0.1032	0.0000	0.1032	0.1032	0.0000	0.0000	0.0000	0.0000	0.1067	0.0936	0.0131	0.0264	0.0246	0.0018	0.0803	0.0690	0.0113	0.1616	0.0955	0.0661	0.0646	0.0608	0.0038	0.0970	0.0347	0.0624	0.1693	0.1140	0.0000	0.0033	0.0033	0.0000	17864.0646	105704.6710	0.0000	0.6384	1.0807	0.0000	1.5979	1.6973	0.0000	0.0000	0.0000	0.0000
6	18	0.2329	11	0	1	1	0	0	0	0	0	N	N	N	N	N	N	N	N	N	N	N	N	2.3027	1.7084	0.0000	0.3958	0.3274	1.9912	1.0579	0.0000	0.0013	0.0014	0.0000	0.0001	0.0001	0.0000	0.0015	0.0017	0.0000	0.0005	0.0008	0.0000	0.0003	0.0004	0.0000	0.0008	0.0016	0.0000	0.0000	0.0042	-0.0002	-0.0001	13.4817	4.7641	9.4010	2.0666	0.0007	0.0007	0.0000	0.0000	0.0000	0.0000	0.0007	0.0007	0.0000	0.0001	0.0001	0.0000	0.0000	0.0000	0.0000	0.0001	0.0001	0.0000	0.5316	0.4675	0.0641	0.0916	0.0869	0.0048	0.4399	0.3806	0.0593	0.2595	0.1686	0.0909	0.1118	0.0876	0.0242	0.1477	0.0810	0.0667	2.3027	1.7084	0.0000	0.3958	0.3274	0.0000	1.9912	1.2683	0.0000	0.0005	0.0008	0.0000	0.0003	0.0004	0.0000	0.0008	0.0014	0.0000	
6	19	0.2155	10	0	1	1	0	0	0	0	0	N	N	N	N	N	N	N	N	N	N	N	N	7.2166	5.2517	0.0000	0.2541	0.2122	0.0000	5.4505	2.8763	0.0000	5.3381	5.9870	0.0000	0.0008	0.0008	0.0000	6.7810	7.7769	0.0000	0.7397	1.1400	0.0000	0.0031	0.0039	0.0000	1.2441	2.7038	0.0000	0.0000	0.0001	-0.3622	-0.0179	13.4817	1.4176	9.4010	5.1148	0.9956	0.9956	0.0000	0.0000	0.0000	0.0000	0.9955	0.9955	0.0000	0.0304	0.0304	0.0000	0.0003	0.0003	0.0000	0.0301	0.0301	0.0000	0.1865	0.1663	0.0202	0.0397	0.0383	0.0014	0.1468	0.1280	0.0188	0.2683	0.1778	0.0905	0.1117	0.0899	0.0218	0.1566	0.0878	0.0687	47.0474	34.9704	0.0000	0.2541	0.2122	0.0000	35.2846	22.7029	0.0000	0.1135	0.1712	0.0000	0.0031	0.0039	0.0000	0.1922	0.3426	0.0000
6	20	0.1886	4	0	1	2	1	0	0	0	0	N	N	Y	N	N	N	N	N	N	N	N	N	0.0000	0.0000	0.0000	0.0000	0.0000	0.0000	0.0000	0.0000	0.0000	0.0000	0.0000	0.0000	0.0000	0.0000	0.0000	0.0000	0.0000	0.0000	0.0000	0.0000	13.4817	0.0000	9.4010	0.0000	0.0000	0.0000	0.0000	0.0000	0.0000	0.0000	0.0000	0.0000	0.0000	0.0000	0.0000	0.0000	0.0000	0.0000	0.0000	0.0000	0.0000	0.0000	0.0000	0.0000	0.0000	0.0000	0.0000	0.0000	0.0000	0.0000	0.0000	0.0000	0.0000	0.0000	0.0000	0.0000	0.0000	0.0000	0.0000	0.0000	0.0000	0.0000	0.0000	0.0000	0.0000	0.0000	0.0000	0.0000	0.0000	0.0000	0.0000	0.0000	0.0000	0.0000	0.0000	0.0000	0.0000	0.0000											
6	21	0.1451	3	0	0	1	1	0	0	0	0	N	N	N	N	N	N	N	N	N	N	N	N	0.0000	0.0000	0.6704	0.0001	0.0001	1.8801	0.2486	0.4541	0.0111	0.0000	0.0000	0.0000	0.0002	0.0002	0.0000	0.0000	0.0000	0.0000	1.2435	2.0504	0.0000	2.8858	2.8565	0.0000	0.0000	0.0000	0.0000	0.0058	0.0000	-0.0000	-0.0759	13.4817	6.0371	9.4010	11.7316	0.0000	0.0000	0.0000	0.0000	0.0000	0.0000	0.0000	0.0000	0.0000	0.1289	0.1289	0.0000	0.1289	0.1289	0.0000	0.0000	0.0000	0.0000	0.6307	0.5513	0.0794	0.1012	0.0954	0.0058	0.5294	0.4558	0.0736	0.6084	0.3812	0.2272	0.1500	0.1356	0.0144	0.4585	0.2456	0.2128	0.0001	0.0001	0.6704	0.0002	0.0002	1.8801	0.2486	0.4541	0.0111	0.2118	0.3381	0.0000	0.8593	0.9505	0.0000	0.0000	0.0000	0.0000
6	22	0.1520	6	0	1	1	0	0	0	0	0	N	N	N	N	N	N	N	N	N	N	N	N	16.6303	12.0957	0.0000	39.5541	32.8041	0.0000	0.0000	0.0000	0.0216	0.0247	0.0000	0.1487	0.1572	0.0000	0.0000	0.0000	0.0000	0.0013	0.0020	0.0000	0.0038	0.0048	0.0000	0.0000	0.0000	0.0000	0.0000	0.0001	-0.0098	-0.0006	13.4817	11.9950	9.4010	7.9469	0.0270	0.0270	0.0000	0.0270	0.0270	0.0000	0.0000	0.0000	0.0000	0.0010	0.0010	0.0000	0.0010	0.0010	0.0000	0.0000	0.0000	0.0000	1.2467	1.0912	0.1555	0.1815	0.1717	0.0098	1.0652	0.9195	0.1457	0.7548	0.4804	0.2743	0.2612	0.2049	0.0563	0.4936	0.2755	0.2181	16.6303	12.0957	0.0000	39.5541	32.8041	0.0000	0.0000	0.0000	0.0000	0.0013	0.0020	0.0000	0.0038	0.0048	0.0000	0.0000	0.0000	0.0000	
6	23	0.2884	12	1	1	1	0	0	0	0	0	N	N	N	N	N	N	N	N	N	N	N	N	0.0000	0.0000	0.0000	0.0000	0.0000	0.0000	0.0000	0.0000	0.0000	0.0000	0.0000	0.0000	0.0000	0.0000	0.0000	0.0000	0.0000	0.0000	0.0000	0.0000	0.0000	0.0001	0.0001	0.0000	0.0000	0.0000	0.0000	0.0217	0.0000	-0.0000	13.4817	0.0013	9.4010	0.9984	0.0000	0.0000	0.0000	0.0000	0.0000	0.0000	0.0000	0.0000	0.0000	0.0000	0.0000	0.0000	0.0000	0.0000	0.0000	0.0000	0.0000	0.0000	0.0004	0.0003	0.0000	0.0002	0.0002	0.0000	0.0002	0.0002	0.0000	0.0476	0.0308	0.0168	0.0176	0.0138	0.0038	0.0300	0.0170	0.0130	0.0000	0.0000	0.0000	0.0000	0.0000	0.0000	0.0000	0.0000	0.0000	0.0000	0.0000	0.0000	0.0001	0.0001	0.0000	0.0000	0.0000	0.0000	
6	24	0.1674	5	0	1	1	1	0	0	0	0	N	N	N	N	N	N	N	N	N	N	N	N	0.6811	0.5614	0.0000	1.0245	1.0237	0.0000	0.0013	0.1606	0.0000	0.0005	0.0006	0.0000	0.0029	0.0031	0.0000	0.0000	0.0000	0.0000	0.0008	0.0011	0.0002	0.0028	0.0030	0.0013	0.0001	0.0000	0.0001	0.0000	0.1082	-0.0001	-0.0002	13.4817	6.0729	9.4010	6.2374	0.0004	0.0004	0.0000	0.0004	0.0004	0.0000	0.0000	0.0000	0.0000	0.0004	0.0003	0.0000	0.0003	0.0003	0.0000	0.0000	0.0000	0.0000	0.6620	0.5809	0.0811	0.1247	0.1179	0.0068	0.5373	0.4630	0.0743	0.4515	0.2946	0.1568	0.1207	0.1090	0.0117	0.3308	0.1856	0.1452	0.6811	0.5614	0.0000	1.0245	1.0237	0.0000	0.0013	0.1606	0.0000	0.0008	0.0011	0.0002	0.0028	0.0030	0.0013	0.0001	0.0000	0.0001
6	25	0.1265	3	1	1	1	0	0	0	0	0	N	N	N	N	N	N	N	N	N	N	N	N	29.7039	17.2068	290.1848	37.2224	34.9169	8.2450	94.6375	341.9777	317.4933	0.0174	0.0150	0.0344	0.0930	0.0978	0.0014	0.0050	0.0002	0.0364	0.0006	0.0009	0.0001	0.0025	0.0028	0.0002	0.0001	0.0000	0.0001	0.3142	0.0840	-0.0043	-0.0003	13.4817	19.6128	9.4010	15.0566	0.0348	0.0265	0.0083	0.0262	0.0262	0.0000	0.0086	0.0003	0.0083	0.0006	0.0006	0.0000	0.0006	0.0006	0.0000	0.0000	0.0000	0.0000	2.0043	1.7622	0.2420	0.2822	0.2681	0.0140	1.7221	1.4941	0.2280	1.0969	0.6773	0.4196	0.2388	0.2113	0.0275	0.8581	0.4660	0.3922	29.7039	17.2068	290.1848	37.2224	34.9169	8.2450	94.6375	341.9777	317.4933	0.0006	0.0009	0.0001	0.0025	0.0028	0.0002	0.0001	0.0000	0.0001
6	26	0.2230	4	0	0	2	0	0	0	0	0	N	N	Y	N	N	N	N	N	N	N	N	N	0.0000	0.0000	0.0000	0.0000	0.0000	0.0000	0.0000	0.0000	0.0000	0.0000	0.0000	0.0000	0.0000	2.7551	4.4343	0.0000	18.0139	15.8711	0.0000	0.0000	0.0000	0.0000	0.0000	0.0000	-0.0000	13.4817	0.0000	9.4010	0.0000	0.0000	0.0000	0.0000	0.0000	0.0000	0.0000	0.0000	0.0000	0.0000	0.0000	0.0000	0.0000	0.0000	0.0000	0.0000	0.0000	0.0000	0.0000	0.0000	0.0000	0.0000	0.0000	0.0000	0.0000	0.0000	0.0000	0.0000	0.0000	0.0000	0.0000	0.0000	0.0000	0.0000	0.0000	0.0000	0.0000	0.0000	0.0000	0.0000	0.0000	0.0000	0.0000	0.0000	0.0000	0.0000	2.0110	3.0273	0.0000	4.1078	4.1749	0.0000	0.0000	0.0000	0.0000						
6	27	0.1938	5	1	0	2	0	0	0	0	0	N	N	Y	N	N	N	N	N	N	N	N	N	0.0013	1.8407	0.0000	3.9542	3.8258	0.0000	0.0000	1.4216	0.0000	0.0002	0.0003	0.0000	0.0010	0.0011	0.0000	0.0000	0.0000	0.0000	0.1805	0.0001	0.2347	0.0003	0.0003	0.0000	0.6106	0.0000	0.2094	0.0000	762.0284	-0.0001	0.0100	13.4817	6.0046	9.4010	3.2467	0.0001	0.0001	0.0000	0.0001	0.0001	0.0000	0.0000	0.0000	0.0000	0.0244	0.0000	0.0244	0.0000	0.0000	0.0000	0.0244	0.0000	0.0244	0.6028	0.5291	0.0737	0.1381	0.1290	0.0090	0.4647	0.4001	0.0647	0.3540	0.2207	0.1333	0.1238	0.1119	0.0119	0.2301	0.1088	0.1213	0.0034	1.8407	0.0000	3.9542	3.8258	0.0000	0.0000	1.4216	0.0000	0.0689	0.0001	0.1829	0.0003	0.0003	0.0000	0.1059	0.0000	0.2009
6	28	0.1574	4	1	0	1	0	0	0	0	0	N	N	N	N	N	N	N	N	N	N	N	N	0.0086	0.0032	0.0001	0.0140	0.0152	0.0334	0.0683	50.5086	0.0001	0.0008	0.0009	0.0000	0.0027	0.0028	0.0000	0.0003	0.0004	0.0000	0.0872	0.2651	0.0093	0.1898	0.1853	0.0000	0.0045	0.0000	0.0100	0.0002	0.0761	-0.0002	-0.0135	13.4817	7.0330	9.4010	8.3476	0.0006	0.0006	0.0000	0.0004	0.0004	0.0000	0.0002	0.0002	0.0000	0.0261	0.0243	0.0018	0.0243	0.0243	0.0000	0.0018	0.0000	0.0018	0.7671	0.6718	0.0954	0.1442	0.1364	0.0078	0.6229	0.5354	0.0875	0.5570	0.3581	0.1989	0.1490	0.1347	0.0143	0.4080	0.2234	0.1846	0.0160	0.0127	0.0001	0.0163	0.0156	0.0334	0.0683	50.5086	0.0001	0.0469	0.0677	0.0093	0.1628	0.1800	0.0000	0.0045	0.0000	0.0100
6	29	0.1674	5	0	1	1	1	0	0	0	0	N	N	N	N	N	N	N	N	N	N	N	N	8.5361	144.8589	0.0000	0.4874	0.7389	0.0000	8.2818	6427037.7204	0.0000	0.7663	0.8731	0.0000	0.0121	0.0129	0.0000	0.9321	1.0795	0.0000	0.0898	0.0060	0.1214	0.0249	0.0174	0.0872	0.1126	0.0000	0.1241	0.0000	11.3038	-0.3647	0.0120	13.4817	12.7698	9.4010	10.8465	1.0026	1.0026	0.0000	0.0029	0.0029	0.0000	0.9997	0.9997	0.0000	0.0364	0.0030	0.0334	0.0047	0.0030	0.0018	0.0317	0.0000	0.0317	1.3083	1.1482	0.1600	0.2358	0.2222	0.0136	1.0725	0.9260	0.1464	0.7660	0.4906	0.2753	0.1901	0.1698	0.0204	0.5759	0.3209	0.2550	16.1326	144.8589	0.0000	0.4874	0.7389	0.0000	16.9579	6427037.7204	0.0000	0.0475	0.0060	0.1214	0.0249	0.0174	0.0872	0.0550	0.0000	0.1241
6	30	0.2103	9	1	0	2	0	0	0	0	0	N	N	Y	N	N	N	N	N	N	N	N	N	3.9054	2.8580	9.9223	8.2929	0.0000	0.0000	0.0019	0.0022	0.0000	0.0128	0.0136	0.0000	0.0000	0.0000	0.0000	0.0005	0.0008	0.0000	0.0013	0.0016	0.0000	0.0000	0.0000	0.0000	0.0000	0.0000	-0.0008	-0.0002	13.4817	11.8338	9.4010	5.9707	0.0023	0.0023	0.0000	0.0023	0.0023	0.0000	0.0000	0.0000	0.0000	0.0003	0.0003	0.0000	0.0003	0.0003	0.0000	0.0000	0.0000	0.0000	1.2067	1.0575	0.1492	0.1815	0.1706	0.0109	1.0252	0.8869	0.1383	0.6119	0.3924	0.2195	0.2337	0.1836	0.0501	0.3781	0.2087	0.1694	3.9054	2.8580	0.0000	9.9223	8.2929	0.0000	0.0000	0.0000	0.0000	0.0005	0.0008	0.0000	0.0013	0.0016	0.0000	0.0000	0.0000	0.0000			
6	31	0.1674	5	0	0	2	0	0	0	0	0	N	N	Y	N	N	N	N	N	N	N	N	N	751.2488	576.1126	0.0002	0.0003	0.0002	0.2886	29344.9834	2808103.2835	0.0000	1.3343	1.5208	0.0000	0.0000	0.0000	0.0000	1.6402	1.9030	0.0000	0.0018	0.0026	0.0001	0.0063	0.0070	0.0000	0.0001	0.0000	0.0001	0.0000	0.0232	-0.3637	-0.0004	13.4817	6.9288	9.4010	3.0309	0.9997	0.9997	0.0000	0.0000	0.0000	0.0000	0.9997	0.9997	0.0000	0.0007	0.0007	0.0000	0.0007	0.0007	0.0000	0.0000	0.0000	0.0000	0.7492	0.6573	0.0919	0.1397	0.1320	0.0077	0.6095	0.5253	0.0842	0.3820	0.2512	0.1308	0.1051	0.0954	0.0097	0.2769	0.1558	0.1211	751.2488	576.1126	0.0002	0.0003	0.0002	0.2886	29344.9834	2808103.2835	0.0000	0.0018	0.0026	0.0001	0.0063	0.0070	0.0000	0.0001	0.0000	0.0001
6	32	0.1574	4	0	0	1	0	0	0	0	0	N	N	N	N	N	N	N	N	N	N	N	N	0.1897	0.5340	0.0001	0.4594	0.4587	0.0000	0.1204	3.3637	0.0001	0.0026	0.0029	0.0000	0.0050	0.0052	0.0000	0.0018	0.0021	0.0000	0.0136	0.0055	0.0297	0.0108	0.0114	0.0038	0.0149	0.0006	0.0315	0.0001	2.7105	-0.0002	0.0005	13.4817	1.8775	9.4010	3.1058	0.0006	0.0006	0.0000	0.0003	0.0003	0.0000	0.0003	0.0003	0.0000	0.0033	0.0009	0.0024	0.0009	0.0008	0.0000	0.0025	0.0001	0.0024	0.2469	0.2166	0.0303	0.0605	0.0579	0.0026	0.1864	0.1588	0.0276	0.2459	0.1637	0.0821	0.0796	0.0742	0.0054	0.1663	0.0895	0.0768	0.1897	0.5340	0.0001	0.4594	0.4587	0.0000	0.1204	3.3637	0.0001	0.0136	0.0055	0.0297	0.0108	0.0114	0.0038	0.0149	0.0006	0.0315
6	33	0.1451	3	0	0	1	0	0	0	0	0	N	N	N	N	N	N	N	N	N	N	N	N	1.5420	1.0857	0.0000	3.6400	3.5747	0.0000	0.6498	138.9780	0.0000	0.0532	0.0608	0.0000	0.2831	0.3003	0.0000	0.0090	0.0105	0.0000	0.0345	0.0560	0.0266	0.0778	0.0840	0.0020	0.0139	0.0001	0.0281	0.0000	0.4444	-0.0109	-0.0024	13.4817	5.3867	9.4010	0.9197	0.0301	0.0301	0.0000	0.0258	0.0258	0.0000	0.0043	0.0043	0.0000	0.0086	0.0060	0.0026	0.0060	0.0060	0.0000	0.0026	0.0000	0.0026	0.5656	0.4943	0.0713	0.0911	0.0859	0.0052	0.4745	0.4084	0.0661	0.2676	0.1679	0.0997	0.0767	0.0709	0.0058	0.1909	0.0970	0.0939	1.6515	1.7121	0.0000	3.6400	3.5747	0.0000	0.6498	138.9780	0.0000	0.0322	0.0355	0.0266	0.0778	0.0840	0.0020	0.0139	0.0001	0.0281
6	34	0.2283	5	0	1	1	0	0	0	0	0	N	N	N	N	N	N	N	N	N	N	N	N	0.0017	0.0102	0.0000	0.0000	0.0017	0.0097	0.0001	0.0000	0.0013	0.0000	0.0000	0.0000	0.0002	0.0000	0.0013	0.0802	0.0000	0.1267	0.0009	0.0000	0.0095	0.1372	0.0000	0.1360	inf	inf	0.0000	0.0018	13.4817	0.0019	9.4010	3.0025	0.0000	0.0000	0.0000	0.0000	0.0000	0.0000	0.0000	0.0000	0.0000	0.0044	0.0000	0.0044	0.0000	0.0000	0.0000	0.0043	0.0000	0.0043	0.0007	0.0006	0.0001	0.0003	0.0003	0.0000	0.0004	0.0003	0.0001	0.0975	0.0631	0.0344	0.0269	0.0244	0.0025	0.0706	0.0387	0.0319	0.0031	0.0000	0.0102	0.0000	0.0000	0.0000	0.0039	0.0000	0.0097	0.0447	0.0000	0.1267	0.0009	0.0000	0.0095	0.0614	0.0000	0.1360			
6	35	0.2765	9	1	1	1	0	0	0	0	0	N	N	N	N	N	N	N	N	N	N	N	N	0.0000	0.0000	0.0000	0.0000	0.0000	0.0000	0.0000	0.0000	0.0000	0.0000	0.0000	0.0000	0.0000	0.0000	0.0000	0.0000	0.0000	0.0000	0.0000	0.0000	13.4817	1.0000	9.4010	1.9999	0.0000	0.0000	0.0000	0.0000	0.0000	0.0000	0.0000	0.0000	0.0000	0.0000	0.0000	0.0000	0.0000	0.0000	0.0000	0.0000	0.0000	0.0000	0.1018	0.0894	0.0124	0.0273	0.0254	0.0019	0.0745	0.0640	0.0105	0.0891	0.0531	0.0360	0.0284	0.0218	0.0067	0.0607	0.0314	0.0293	0.0000	0.0000	0.0000	0.0000	0.0000	0.0000	0.0000	0.0000	0.0000	0.0000	0.0000	0.0000	0.0000	0.0000	0.0000	0.0000	0.0000	0.0000											
6	36	0.2412	9	0	1	2	0	0	0	0	0	N	N	Y	N	N	N	N	N	N	N	N	N	0.0000	0.0000	0.0000	0.0000	0.0000	0.0000	0.0000	0.0000	0.0000	0.0000	0.0000	0.0000	0.0000	0.0000	0.0000	0.0000	0.0000	0.0000	0.0209	0.0482	0.0000	0.0156	0.0200	0.0000	0.0253	0.9972	0.0000	0.0002	0.0000	-0.0042	13.4817	3.0341	9.4010	5.2124	0.0000	0.0000	0.0000	0.0000	0.0000	0.0000	0.0000	0.0000	0.0000	0.0071	0.0071	0.0000	0.0024	0.0024	0.0000	0.0047	0.0047	0.0000	0.3392	0.2972	0.0420	0.0637	0.0597	0.0040	0.2755	0.2375	0.0380	0.3408	0.2265	0.1144	0.1554	0.1209	0.0345	0.1854	0.1056	0.0798	0.0000	0.0000	0.0000	0.0000	0.0000	0.0000	0.0000	0.0000	0.0000	0.0209	0.0314	0.0000	0.0156	0.0200	0.0000	0.0253	0.0445	0.0000	
6	37	0.2175	8	0	1	1	0	0	0	0	0	N	N	N	N	N	N	N	N	N	N	N	N	0.0000	0.0000	0.0000	0.0000	0.0000	0.0000	0.0000	0.0000	0.0000	0.0000	0.0000	0.0000	0.0000	0.0000	0.0000	0.0000	0.0000	0.0000	0.5035	0.9511	0.0041	0.0131	0.0165	0.0009	1.0165	2.3805	0.0051	0.0159	0.0000	-0.0156	13.4817	3.0544	9.4010	4.8962	0.0000	0.0000	0.0000	0.0000	0.0000	0.0000	0.0000	0.0000	0.0000	0.0273	0.0269	0.0004	0.0015	0.0014	0.0000	0.0258	0.0254	0.0004	0.3224	0.2812	0.0412	0.0469	0.0439	0.0030	0.2755	0.2373	0.0382	0.2890	0.1856	0.1034	0.1121	0.0878	0.0243	0.1769	0.0978	0.0791	0.0000	0.0000	0.0000	0.0000	0.0000	0.0000	0.0000	0.0000	0.0000	0.0944	0.1447	0.0041	0.0131	0.0165	0.0009	0.1460	0.2599	0.0051	
6	38	0.2283	5	0	0	2	0	0	0	0	0	N	N	Y	N	N	N	N	N	N	N	N	N	0.0048	inf	0.0000	4.0315	inf	0.0000	0.0000	0.0000	0.0008	0.0009	0.0000	0.0053	0.0056	0.0000	0.0000	0.0000	0.0000	0.1627	0.0000	0.2427	0.0013	0.0000	0.0141	0.4487	0.0000	0.2072	0.0000	inf	-0.0000	0.0018	13.4817	0.9992	9.4010	1.0069	0.0001	0.0001	0.0000	0.0001	0.0001	0.0000	0.0000	0.0000	0.0000	0.0044	0.0000	0.0044	0.0000	0.0000	0.0000	0.0043	0.0000	0.0043	0.0901	0.0787	0.0114	0.0133	0.0124	0.0009	0.0768	0.0663	0.0105	0.0661	0.0428	0.0233	0.0184	0.0167	0.0017	0.0477	0.0261	0.0216	0.0118	inf	0.0000	4.0315	inf	0.0000	0.0000	0.0000	0.0000	0.0659	0.0000	0.1871	0.0013	0.0000	0.0141	0.0909	0.0000	0.2007	
6	39	0.2230	4	0	0	1	0	0	0	0	0	N	N	N	N	N	N	N	N	N	N	N	N	0.0000	0.0053	0.0000	0.0000	1.6364	0.0000	0.0000	0.0000	0.0000	0.0000	0.0000	0.0000	0.0000	0.0000	0.0000	0.0000	0.0000	0.0000	17.3808	0.0002	142.6683	0.2357	0.0000	24.8504	20.7014	0.0003	159.2544	0.0000	99061.0736	-0.0000	0.3804	13.4817	1.0008	9.4010	0.9987	0.0000	0.0000	0.0000	0.0000	0.0000	0.0000	0.0000	0.0000	0.0000	0.9257	0.0000	0.9257	0.0031	0.0000	0.0031	0.9226	0.0000	0.9226	0.0910	0.0794	0.0116	0.0125	0.0117	0.0008	0.0785	0.0678	0.0107	0.0651	0.0422	0.0230	0.0170	0.0154	0.0016	0.0482	0.0268	0.0214	0.0000	0.0053	0.0000	0.0000	1.6364	0.0000	0.0000	0.0000	0.0000	14.2112	0.0002	40.2660	0.1841	0.0000	1.9669	19.1569	0.0003	43.1095
6	40	0.1451	3	0	0	1	0	0	0	0	0	N	N	N	N	N	N	N	N	N	N	N	N	0.0000	0.0000	0.0000	0.0001	0.0001	0.0002	0.0000	inf	0.0000	0.0000	0.0000	0.0000	0.0001	0.0001	0.0000	0.0000	0.0000	0.0000	1.1527	1.5170	0.0918	2.4312	2.0695	0.0766	0.0589	0.0000	0.0928	0.0058	0.2384	-0.0000	-0.0615	13.4817	9.0374	9.4010	18.5287	0.0000	0.0000	0.0000	0.0000	0.0000	0.0000	0.0000	0.0000	0.0000	0.1551	0.1253	0.0299	0.1269	0.1253	0.0016	0.0283	0.0000	0.0283	0.9245	0.8089	0.1156	0.1470	0.1385	0.0085	0.7775	0.6704	0.1071	0.8688	0.5434	0.3254	0.2042	0.1835	0.0207	0.6646	0.3599	0.3047	0.0001	0.0001	0.0000	0.0002	0.0002	0.0002	0.0000	inf	0.0000	0.1786	0.2306	0.0918	0.6213	0.6828	0.0766	0.0426	0.0000	0.0928
6	41	0.1182	2	0	0	1	0	0	0	0	0	N	N	N	N	N	N	N	N	N	N	N	N	1.3279	1.6758	0.0000	5.5189	5.3659	0.0000	0.0305	20.4885	0.0000	0.0280	0.0322	0.0000	0.2357	0.2494	0.0000	0.0004	0.0005	0.0000	0.0211	0.0192	0.0256	0.0427	0.0465	0.0111	0.0128	0.0000	0.0268	0.0000	0.8276	-0.0097	-0.0016	13.4817	9.0369	9.4010	3.5648	0.0267	0.0267	0.0000	0.0264	0.0264	0.0000	0.0003	0.0003	0.0000	0.0115	0.0063	0.0052	0.0065	0.0063	0.0002	0.0050	0.0000	0.0050	0.9525	0.8291	0.1235	0.1119	0.1058	0.0062	0.8406	0.7233	0.1173	0.5448	0.3412	0.2036	0.1515	0.1353	0.0162	0.3933	0.2059	0.1874	1.3279	1.7463	0.0000	5.5189	5.3659	0.0000	0.0305	20.4885	0.0000	0.0211	0.0184	0.0256	0.0427	0.0465	0.0111	0.0128	0.0000	0.0268
6	42	0.1520	6	0	0	1	0	0	0	0	0	N	N	N	N	N	N	N	N	N	N	N	N	0.0108	0.0000	115.0839	0.0009	0.0000	4.4219	754.2008	0.0000	4286.0385	0.0068	0.0000	0.0553	0.0006	0.0000	0.0105	0.0079	0.0000	0.0584	0.6314	1.1176	0.0005	0.6379	0.7028	0.0024	0.0000	0.0000	0.0000	inf	0.0016	0.0074	-0.0533	13.4817	17.0025	9.4010	6.0864	0.0117	0.0000	0.0117	0.0001	0.0000	0.0001	0.0115	0.0000	0.0115	0.0907	0.0905	0.0001	0.0907	0.0905	0.0001	0.0000	0.0000	0.0000	1.7044	1.4935	0.2109	0.2426	0.2292	0.0134	1.4618	1.2643	0.1975	0.8456	0.5360	0.3096	0.2870	0.2255	0.0615	0.5586	0.3105	0.2481	0.0639	0.0000	115.0839	0.0018	0.0000	4.4219	754.2008	0.0000	4286.0385	0.1072	0.1689	0.0005	0.3159	0.4014	0.0024	0.0000	0.0000	0.0000
6	44	0.1520	6	0	1	1	0	0	0	0	0	N	N	N	N	N	N	N	N	N	N	N	N	0.0000	0.0000	0.0000	0.0000	0.0000	0.0000	0.0000	0.0000	0.0000	0.0000	0.0000	0.0000	0.0000	0.0000	0.0000	0.0000	0.0000	0.0000	0.0014	0.0020	0.0004	0.0041	0.0048	0.0015	0.0000	0.0000	0.0001	0.1089	0.0000	-0.0005	13.4817	6.9958	9.4010	11.8523	0.0000	0.0000	0.0000	0.0000	0.0000	0.0000	0.0000	0.0000	0.0000	0.0010	0.0009	0.0001	0.0010	0.0009	0.0001	0.0000	0.0000	0.0000	0.7634	0.6678	0.0957	0.1170	0.1110	0.0060	0.6465	0.5568	0.0897	0.7224	0.4606	0.2618	0.2519	0.1975	0.0544	0.4705	0.2631	0.2074	0.0000	0.0000	0.0000	0.0000	0.0000	0.0000	0.0000	0.0000	0.0000	0.0014	0.0020	0.0004	0.0041	0.0048	0.0015	0.0000	0.0000	0.0001	
6	45	0.1904	7	0	1	1	0	0	0	0	0	N	N	N	N	N	N	N	N	N	N	N	N	0.0007	0.0155	0.0000	0.2282	0.8362	0.0000	0.0003	0.0005	0.0000	0.0013	0.0015	0.0000	0.0053	0.0057	0.0000	0.0006	0.0007	0.0000	1.8346	0.0980	6.3560	0.0232	0.0068	0.1316	1.9897	1.3674	5.3610	0.0000	29.5986	-0.0010	0.3897	13.4817	20.1318	9.4010	17.5118	0.0026	0.0026	0.0000	0.0016	0.0016	0.0000	0.0010	0.0010	0.0000	1.0305	0.0337	0.9968	0.0076	0.0019	0.0057	1.0229	0.0318	0.9912	1.9704	1.7282	0.2422	0.3077	0.2882	0.0195	1.6627	1.4400	0.2227	1.1292	0.7137	0.4155	0.3259	0.2830	0.0429	0.8033	0.4307	0.3725	0.0015	0.0321	0.0000	0.2282	0.8362	0.0000	0.0005	0.0093	0.0000	0.9126	0.0472	2.3992	0.0232	0.0068	0.1316	1.2735	0.0737	2.6606
6	47	0.2155	10	1	0	2	0	0	0	0	0	N	N	Y	N	N	N	N	N	N	N	N	N	8.4054	6.7537	0.0000	23.9122	20.0732	0.0000	0.0000	0.0000	0.0000	0.0018	0.0020	0.0000	0.0116	0.0123	0.0000	0.0000	0.0000	0.0000	0.0002	0.0003	0.0000	0.0005	0.0006	0.0000	0.0000	0.0000	0.0001	0.0000	0.0861	-0.0008	-0.0001	13.4817	12.7633	9.4010	6.3722	0.0023	0.0023	0.0000	0.0023	0.0023	0.0000	0.0000	0.0000	0.0000	0.0001	0.0001	0.0000	0.0001	0.0001	0.0000	0.0000	0.0000	0.0000	1.3038	1.1438	0.1600	0.1998	0.1881	0.0117	1.1040	0.9557	0.1483	0.6753	0.4383	0.2370	0.2700	0.2133	0.0566	0.4053	0.2250	0.1804	8.4054	6.7537	0.0000	23.9122	20.0732	0.0000	0.0000	0.0000	0.0000	0.0002	0.0003	0.0000	0.0005	0.0006	0.0000	0.0000	0.0000	0.0001
6	48	0.2103	9	0	0	1	0	0	0	0	0	N	N	N	N	N	N	N	N	N	N	N	N	28.9080	20.6621	30.4065	0.0235	0.0188	0.0000	25.3995	7.6869	25.0598	0.0373	0.0407	0.0018	0.0000	0.0000	0.0000	0.0522	0.0587	0.0020	0.0013	0.0020	0.0001	0.0001	0.0001	0.0000	0.0021	0.0076	0.0001	0.0043	0.0170	-0.0008	-0.0001	13.4817	0.3513	9.4010	1.9759	0.0023	0.0023	0.0000	0.0000	0.0000	0.0000	0.0023	0.0023	0.0000	0.0001	0.0001	0.0000	0.0000	0.0000	0.0000	0.0001	0.0001	0.0000	0.0620	0.0566	0.0054	0.0176	0.0173	0.0004	0.0444	0.0393	0.0051	0.0883	0.0569	0.0314	0.0347	0.0272	0.0075	0.0536	0.0296	0.0239	28.9080	20.6621	30.4065	0.0235	0.0188	0.0000	25.3995	16.0606	25.0598	0.0013	0.0020	0.0001	0.0001	0.0001	0.0000	0.0021	0.0037	0.0001
6	49	0.2101	8	0	0	1	0	0	0	0	0	N	N	N	N	N	N	N	N	N	N	N	N	0.0165	0.0122	0.0000	0.0451	0.0378	0.0117	0.0075	0.0000	0.0000	0.0000	0.0000	0.0000	0.0000	0.0000	0.0000	0.0000	0.0000	0.0003	0.0005	0.0000	0.0004	0.0005	0.0000	0.0003	0.0005	0.0000	0.0000	0.0021	-0.0000	-0.0000	13.4817	0.1669	9.4010	0.0350	0.0000	0.0000	0.0000	0.0000	0.0000	0.0000	0.0000	0.0000	0.0000	0.0000	0.0000	0.0000	0.0000	0.0000	0.0000	0.0000	0.0000	0.0000	0.0179	0.0156	0.0023	0.0026	0.0024	0.0002	0.0153	0.0132	0.0021	0.0078	0.0050	0.0028	0.0031	0.0024	0.0007	0.0047	0.0026	0.0021	0.0165	0.0122	0.0000	0.0451	0.0378	0.0000	0.0117	0.0075	0.0000	0.0003	0.0005	0.0000	0.0004	0.0005	0.0000	0.0003	0.0005	0.0000	
6	50	0.2101	7	0	0	1	0	0	0	0	0	N	N	N	N	N	N	N	N	N	N	N	N	0.0427	0.0315	0.0000	0.0484	0.0439	0.0386	0.0015	0.0000	0.0004	0.0005	0.0000	0.0005	0.0006	0.0000	0.0004	0.0004	0.0000	0.0102	0.0159	0.0001	0.0110	0.0133	0.0000	0.0095	0.2990	0.0001	0.0000	0.0021	-0.0000	-0.0000	13.4817	0.0010	9.4010	0.0028	0.0000	0.0000	0.0000	0.0000	0.0000	0.0000	0.0000	0.0000	0.0000	0.0000	0.0000	0.0000	0.0000	0.0000	0.0000	0.0000	0.0000	0.0000	0.0002	0.0002	0.0000	0.0001	0.0001	0.0000	0.0001	0.0001	0.0000	0.0002	0.0002	0.0001	0.0001	0.0001	0.0000	0.0001	0.0001	0.0001	0.0427	0.0315	0.0000	0.0484	0.0439	0.0000	0.0386	0.0219	0.0000	0.0102	0.0159	0.0001	0.0110	0.0133	0.0000	0.0095	0.0200	0.0001	
6	51	0.1326	5	0	1	1	1	0	0	0	0	N	N	N	N	N	N	N	N	N	N	N	N	0.0000	0.0001	0.0000	0.0008	0.0002	0.0447	0.0000	0.0000	0.0000	0.0000	0.0000	0.0000	0.0000	0.0000	0.0000	0.0000	0.0000	0.0000	2.0428	0.0020	7.5566	0.0040	0.0048	0.0010	2.2252	0.0000	7.8903	4.9880	943.9793	0.0000	0.4095	13.4817	7.3891	9.4010	13.2142	0.0000	0.0000	0.0000	0.0000	0.0000	0.0000	0.0000	0.0000	0.0000	0.9992	0.0011	0.9981	0.0011	0.0011	0.0001	0.9980	0.0000	0.9980	0.8127	0.7088	0.1039	0.1244	0.1184	0.0061	0.6882	0.5905	0.0978	0.8465	0.5327	0.3138	0.2829	0.2193	0.0635	0.5636	0.3133	0.2503	0.0000	0.0001	0.0000	0.0008	0.0002	0.0447	0.0000	0.0000	0.0000	1.1804	0.0020	3.1806	0.0040	0.0048	0.0010	1.7709	0.0000	3.9877
6	52	0.1265	4	0	1	1	0	0	0	0	0	N	N	N	N	N	N	N	N	N	N	N	N	63.8379	50.0560	0.0000	104.4288	96.7544	0.0000	1.3730	90.0562	0.0000	0.0211	0.0240	0.0000	0.1375	0.1440	0.0000	0.0001	0.0001	0.0000	0.0003	0.0005	0.0001	0.0013	0.0015	0.0001	0.0000	0.0000	0.0001	0.0000	0.1132	-0.0103	-0.0001	13.4817	12.1779	9.4010	13.0455	0.0282	0.0282	0.0000	0.0281	0.0281	0.0000	0.0001	0.0001	0.0000	0.0003	0.0003	0.0000	0.0003	0.0003	0.0000	0.0000	0.0000	0.0000	1.3343	1.1734	0.1610	0.2046	0.1953	0.0093	1.1297	0.9781	0.1516	0.8470	0.5246	0.3224	0.1920	0.1690	0.0230	0.6550	0.3556	0.2993	63.8379	50.0560	0.0000	104.4288	96.7544	0.0000	1.3730	90.0562	0.0000	0.0003	0.0005	0.0001	0.0013	0.0015	0.0001	0.0000	0.0000	0.0001
6	53	0.2175	8	0	1	1	0	0	0	0	0	N	N	N	N	N	N	N	N	N	N	N	N	90107.2823	0.0000	309388469.9155	0.0000	0.0000	0.0000	1614033.1891	0.0000	341601174.4198	3.1560	0.0000	24.7142	0.0000	0.0000	0.0000	3.6936	0.0000	26.6652	0.0000	0.0001	0.0000	0.0001	0.0001	0.0000	0.0000	0.0000	0.0000	inf	0.0008	0.6360	-0.0000	13.4817	3.0001	9.4010	3.0003	0.9996	0.0000	0.9996	0.0000	0.0000	0.0000	0.9996	0.0000	0.9996	0.0000	0.0000	0.0000	0.0000	0.0000	0.0000	0.0000	0.0000	0.0000	0.3167	0.2763	0.0404	0.0461	0.0431	0.0030	0.2706	0.2331	0.0375	0.2206	0.1418	0.0789	0.0859	0.0672	0.0187	0.1347	0.0745	0.0602	90107.2823	0.0000	309388469.9155	0.0000	0.0000	0.0000	1614033.1891	0.0000	341601174.4198	0.0000	0.0001	0.0000	0.0001	0.0001	0.0000	0.0000	0.0000	0.0000
6	54	0.2101	7	0	0	1	0	0	0	0	0	N	N	N	N	N	N	N	N	N	N	N	N	0.0028	0.0020	0.0000	0.0000	0.0000	0.0023	0.0015	0.0000	0.0000	0.0000	0.0000	0.0000	0.0000	0.0000	0.0000	0.0000	0.0000	0.0001	0.0001	0.0000	0.0000	0.0000	0.0000	0.0001	0.0002	0.0000	0.0000	0.0002	-0.0000	-0.0000	13.4817	1.9998	9.4010	1.0017	0.0000	0.0000	0.0000	0.0000	0.0000	0.0000	0.0000	0.0000	0.0000	0.0000	0.0000	0.0000	0.0000	0.0000	0.0000	0.0000	0.0000	0.0000	0.2117	0.1845	0.0271	0.0302	0.0283	0.0020	0.1815	0.1563	0.0252	0.1123	0.0722	0.0401	0.0440	0.0344	0.0096	0.0684	0.0378	0.0305	0.0028	0.0020	0.0000	0.0000	0.0000	0.0000	0.0023	0.0015	0.0000	0.0001	0.0001	0.0000	0.0000	0.0000	0.0000	0.0001	0.0002	0.0000	
6	55	0.1520	6	0	0	1	0	0	0	0	0	N	N	N	N	N	N	N	N	N	N	N	N	1.3966	0.0038	inf	0.0162	0.0125	641997.2130	953.6294	inf	1.1629	0.0051	9.2483	0.0121	0.0128	0.0000	1.3675	0.0036	9.8660	0.8327	1.3384	0.0000	0.7500	1.0258	0.0000	0.0000	0.0000	0.0000	258.3494	0.0000	0.6347	-0.0539	13.4817	8.0033	9.4010	9.9473	1.0037	0.0039	0.9998	0.0016	0.0016	0.0000	1.0021	0.0023	0.9998	0.0915	0.0915	0.0000	0.0915	0.0915	0.0000	0.0000	0.0000	0.0000	0.8630	0.7549	0.1081	0.1303	0.1235	0.0068	0.7328	0.6314	0.1013	0.6956	0.4442	0.2514	0.2442	0.1914	0.0528	0.4514	0.2528	0.1986	8.8390	0.0249	inf	0.0324	0.0268	0.0000	641997.2130	953.6294	inf	0.1316	0.2060	0.0000	0.3748	0.4782	0.0000	0.0000	0.0000	0.0000	
6	56	0.1117	2	0	1	1	0	0	0	0	0	N	N	N	N	N	N	N	N	N	N	N	N	0.0004	0.0003	0.0710	0.0148	0.0151	0.0249	0.0000	0.0000	0.0685	0.0008	0.0009	0.0000	0.0064	0.0067	0.0000	0.0001	0.0001	0.0000	2.0675	3.1831	0.0005	0.4357	0.4472	0.0003	2.3397	4.8088	0.0005	0.0052	0.0001	-0.0002	-0.6239	13.4817	5.0156	9.4010	9.5596	0.0004	0.0004	0.0000	0.0004	0.0004	0.0000	0.0000	0.0000	0.0000	1.0593	1.0592	0.0001	0.0804	0.0804	0.0000	0.9790	0.9788	0.0001	0.5437	0.4737	0.0700	0.0601	0.0573	0.0028	0.4836	0.4164	0.0672	0.8625	0.5532	0.3092	0.3193	0.2741	0.0452	0.5431	0.2791	0.2640	0.0007	0.0005	0.0710	0.0256	0.0230	0.0249	0.0001	0.0000	0.0685	1.2283	1.9146	0.0005	0.2517	0.2932	0.0003	1.8025	3.5069	0.0005
6	63	0.2314	9	1	1	1	1	0	0	0	0	N	N	N	N	N	N	N	N	N	N	N	N	0.0000	0.0000	0.0000	0.0000	0.0000	0.0000	0.0000	0.0000	0.0000	0.0000	0.0000	0.0000	0.0000	0.0000	0.0000	0.0000	0.0000	0.0000	0.0000	0.0000	13.4817	2.0000	9.4010	2.0002	0.0000	0.0000	0.0000	0.0000	0.0000	0.0000	0.0000	0.0000	0.0000	0.0000	0.0000	0.0000	0.0000	0.0000	0.0000	0.0000	0.0000	0.0000	0.2097	0.1837	0.0260	0.0460	0.0428	0.0032	0.1637	0.1409	0.0228	0.1392	0.0872	0.0520	0.0442	0.0350	0.0092	0.0950	0.0522	0.0427	0.0000	0.0000	0.0000	0.0000	0.0000	0.0000	0.0000	0.0000	0.0000	0.0000	0.0000	0.0000	0.0000	0.0000	0.0000	0.0000	0.0000	0.0000											
6	64	0.2471	13	0	1	1	1	0	0	0	0	N	N	N	N	N	N	N	N	N	N	N	N	0.0000	0.0000	0.0000	0.0000	0.0000	0.0000	0.0000	0.0000	0.0000	0.0000	0.0000	0.0000	0.0000	0.0000	0.0000	0.0000	0.0000	0.0000	0.0024	0.0037	0.0000	0.0070	0.0087	0.0000	0.0000	0.0000	0.0000	0.0015	0.0000	-0.0003	13.4817	2.0059	9.4010	4.8036	0.0000	0.0000	0.0000	0.0000	0.0000	0.0000	0.0000	0.0000	0.0000	0.0006	0.0006	0.0000	0.0006	0.0006	0.0000	0.0000	0.0000	0.0000	0.2121	0.1860	0.0261	0.0498	0.0463	0.0034	0.1624	0.1397	0.0226	0.2351	0.1500	0.0851	0.0796	0.0641	0.0155	0.1555	0.0859	0.0696	0.0000	0.0000	0.0000	0.0000	0.0000	0.0000	0.0000	0.0000	0.0000	0.0024	0.0037	0.0000	0.0070	0.0087	0.0000	0.0000	0.0000	0.0000	
6	65	0.2443	11	0	1	1	0	0	0	0	0	N	N	N	N	N	N	N	N	N	N	N	N	0.0000	0.0000	0.0000	0.0000	0.0000	0.0000	0.0000	0.0000	0.0000	0.0000	0.0000	0.0000	0.0000	0.0000	0.0000	0.0000	0.0000	0.0000	0.0017	0.0023	0.0008	0.0041	0.0050	0.0002	0.0004	0.0000	0.0009	0.2128	0.0000	-0.0000	13.4817	0.9804	9.4010	0.2754	0.0000	0.0000	0.0000	0.0000	0.0000	0.0000	0.0000	0.0000	0.0000	0.0001	0.0001	0.0000	0.0001	0.0001	0.0000	0.0000	0.0000	0.0000	0.1265	0.1088	0.0176	0.0408	0.0346	0.0063	0.0856	0.0743	0.0114	0.0489	0.0305	0.0184	0.0168	0.0137	0.0031	0.0322	0.0168	0.0154	0.0000	0.0000	0.0000	0.0000	0.0000	0.0000	0.0000	0.0000	0.0000	0.0017	0.0023	0.0008	0.0041	0.0050	0.0002	0.0004	0.0000	0.0009	
6	66	0.2421	12	0	0	2	1	0	0	0	0	N	N	Y	N	N	N	N	N	N	N	N	N	0.0000	0.0000	0.0000	0.0000	0.0000	0.0000	0.0000	0.0000	0.0000	0.0000	0.0000	0.0000	0.0000	0.0000	0.0000	0.0000	0.0000	0.0000	5.6459	0.0001	29.2034	0.0008	0.0001	0.0038	7.3694	0.0000	33.9086	119689.9469	0.0000	0.4101	13.4817	0.9437	9.4010	4.8091	0.0000	0.0000	0.0000	0.0000	0.0000	0.0000	0.0000	0.0000	0.0000	0.9980	0.0000	0.9980	0.0001	0.0000	0.0000	0.9980	0.0000	0.9980	0.1362	0.1191	0.0171	0.0442	0.0415	0.0027	0.0920	0.0775	0.0145	0.2043	0.1305	0.0738	0.0689	0.0557	0.0132	0.1354	0.0748	0.0606	0.0000	0.0000	0.0000	0.0000	0.0000	0.0000	0.0000	0.0000	0.0000	4.8855	0.0001	13.5211	0.0008	0.0001	0.0038	7.3694	0.0000	16.4675	
6	67	0.2351	11	0	0	2	1	0	0	0	0	N	N	Y	N	N	N	N	N	N	N	N	N	0.0000	0.0000	0.0000	0.0000	0.0000	0.0000	0.0000	0.0000	0.0000	0.0000	0.0000	0.0000	0.0000	0.0000	0.0000	0.0000	0.0000	0.0000	0.0000	0.0000	0.0000	0.0000	0.0000	0.0000	0.0000	0.0000	0.0000	0.0599	0.0000	-0.0000	13.4817	4.0088	9.4010	5.0246	0.0000	0.0000	0.0000	0.0000	0.0000	0.0000	0.0000	0.0000	0.0000	0.0000	0.0000	0.0000	0.0000	0.0000	0.0000	0.0000	0.0000	0.0000	0.4161	0.3648	0.0513	0.0917	0.0854	0.0063	0.3244	0.2794	0.0450	0.3092	0.1943	0.1149	0.0983	0.0783	0.0200	0.2108	0.1159	0.0949	0.0000	0.0000	0.0000	0.0000	0.0000	0.0000	0.0000	0.0000	0.0000	0.0000	0.0000	0.0000	0.0000	0.0000	0.0000	0.0000	0.0000	0.0000	
6	68	0.2471	13	0	0	2	1	0	0	0	0	N	N	Y	N	N	N	N	N	N	N	N	N	0.0000	0.0000	0.0000	0.0000	0.0000	0.0000	0.0000	0.0000	0.0000	0.0000	0.0000	0.0000	0.0000	0.0000	0.0000	0.0000	0.0000	0.0000	0.0004	0.0006	0.0001	0.0012	0.0014	0.0002	0.0000	0.0000	0.0000	0.0489	0.0000	-0.0000	13.4817	1.0064	9.4010	4.2000	0.0000	0.0000	0.0000	0.0000	0.0000	0.0000	0.0000	0.0000	0.0000	0.0001	0.0001	0.0000	0.0001	0.0001	0.0000	0.0000	0.0000	0.0000	0.1076	0.0943	0.0132	0.0254	0.0237	0.0017	0.0822	0.0707	0.0115	0.1830	0.1170	0.0659	0.0624	0.0503	0.0120	0.1206	0.0667	0.0539	0.0000	0.0000	0.0000	0.0000	0.0000	0.0000	0.0000	0.0000	0.0000	0.0004	0.0006	0.0001	0.0012	0.0014	0.0002	0.0000	0.0000	0.0000	
6	69	0.2421	12	0	0	1	1	0	0	0	0	N	N	N	N	N	N	N	N	N	N	N	N	0.0000	0.0000	0.0000	0.0000	0.0000	0.0000	0.0000	0.0000	0.0000	0.0000	0.0000	0.0000	0.0000	0.0000	0.0000	0.0000	0.0000	0.0000	0.0067	0.0100	0.0005	0.0184	0.0221	0.0004	0.0003	0.0000	0.0005	0.0274	0.0000	-0.0002	13.4817	1.2889	9.4010	0.3511	0.0000	0.0000	0.0000	0.0000	0.0000	0.0000	0.0000	0.0000	0.0000	0.0004	0.0004	0.0000	0.0004	0.0004	0.0000	0.0000	0.0000	0.0000	0.1723	0.1507	0.0216	0.0523	0.0491	0.0032	0.1200	0.1016	0.0184	0.0652	0.0426	0.0226	0.0230	0.0191	0.0039	0.0422	0.0235	0.0187	0.0000	0.0000	0.0000	0.0000	0.0000	0.0000	0.0000	0.0000	0.0000	0.0067	0.0100	0.0005	0.0184	0.0221	0.0004	0.0003	0.0000	0.0005	
6	70	0.2351	11	0	0	1	1	0	0	0	0	N	N	N	N	N	N	N	N	N	N	N	N	0.0000	0.0000	0.0000	0.0000	0.0000	0.0000	0.0000	0.0000	0.0000	0.0000	0.0000	0.0000	0.0000	0.0000	0.0000	0.0000	0.0000	0.0000	0.0058	0.0001	0.0157	0.0001	0.0001	0.0000	0.0086	0.0000	0.0190	155.7776	0.0000	0.0002	13.4817	0.7777	9.4010	1.1718	0.0000	0.0000	0.0000	0.0000	0.0000	0.0000	0.0000	0.0000	0.0000	0.0004	0.0000	0.0004	0.0000	0.0000	0.0000	0.0004	0.0000	0.0004	0.0827	0.0724	0.0103	0.0184	0.0171	0.0012	0.0643	0.0553	0.0090	0.0730	0.0464	0.0266	0.0242	0.0196	0.0046	0.0489	0.0268	0.0220	0.0000	0.0000	0.0000	0.0000	0.0000	0.0000	0.0000	0.0000	0.0000	0.0058	0.0001	0.0157	0.0001	0.0001	0.0000	0.0086	0.0000	0.0190	
6	71	0.2314	10	0	0	1	1	0	0	0	0	N	N	N	N	N	N	N	N	N	N	N	N	0.0000	0.0000	0.0000	0.0000	0.0000	0.0000	0.0000	0.0000	0.0000	0.0000	0.0000	0.0000	0.0000	0.0000	0.0000	0.0000	0.0000	0.0000	0.0000	0.0000	0.0000	0.0000	0.0000	0.0000	0.0000	0.0000	-0.0000	13.4817	0.9929	9.4010	0.0325	0.0000	0.0000	0.0000	0.0000	0.0000	0.0000	0.0000	0.0000	0.0000	0.0000	0.0000	0.0000	0.0000	0.0000	0.0000	0.0000	0.0000	0.0000	0.1047	0.0917	0.0130	0.0230	0.0214	0.0016	0.0817	0.0703	0.0114	0.0364	0.0228	0.0136	0.0116	0.0092	0.0024	0.0247	0.0136	0.0111	0.0000	0.0000	0.0000	0.0000	0.0000	0.0000	0.0000	0.0000	0.0000	0.0000	0.0000	0.0000	0.0000	0.0000	0.0000	0.0000	0.0000	0.0000				
6	72	0.2765	9	1	1	1	0	0	0	0	0	N	N	N	N	N	N	N	N	N	N	N	N	inf	inf	inf	inf	1.3092	0.0000	15.0949	0.0000	0.0000	0.0000	2.3292	0.0000	16.0059	0.0000	0.0000	0.0000	0.0000	0.0000	0.0000	0.0000	0.0000	0.0000	inf	0.0000	0.0000	13.4817	0.0000	9.4010	0.0001	0.0000	0.0000	0.0000	0.0000	0.0000	0.0000	0.0000	0.0000	0.0000	0.0000	0.0000	0.0000	0.0000	0.0000	0.0000	0.0000	0.0000	0.0000	0.0000	0.0000	0.0000	0.0000	0.0000	0.0000	0.0000	0.0000	0.0000	0.0000	0.0000	0.0000	0.0000	0.0000	0.0000	0.0000	0.0000	0.0000	inf	0.0000	inf	0.0000	0.0000	0.0000	inf	0.0000	inf	0.0000	0.0000	0.0000	0.0000	0.0000	0.0000	0.0000	0.0000	0.0000						
6	73	0.2133	8	1	1	1	0	0	0	0	0	N	N	N	N	N	N	N	N	N	N	N	N	7438.7231	7.5745	100162.2722	18.0087	1.9339	11638.2823	28258.9175	1086.0486	94911.6425	0.9840	0.0012	8.0463	0.0059	0.0008	0.0763	1.2422	0.0014	9.0822	0.0001	0.0002	0.0001	0.0003	0.0004	0.0000	0.0000	0.0000	0.0001	904.2675	0.2951	0.6356	-0.0000	13.4817	9.9619	9.4010	7.0378	1.0007	0.0011	0.9996	0.0012	0.0002	0.0011	0.9995	0.0009	0.9985	0.0001	0.0001	0.0000	0.0001	0.0001	0.0000	0.0000	0.0000	0.0000	1.0170	0.8928	0.1242	0.2124	0.1981	0.0143	0.8046	0.6947	0.1099	0.5599	0.3498	0.2101	0.1754	0.1392	0.0362	0.3845	0.2106	0.1739	7438.7231	7.5745	100162.2722	18.0087	1.9339	11638.2823	28258.9175	1086.0486	94911.6425	0.0001	0.0002	0.0001	0.0003	0.0004	0.0000	0.0000	0.0000	0.0001
6	74	0.2251	8	0	1	1	0	0	0	0	0	N	N	N	N	N	N	N	N	N	N	N	N	0.5206	17.5471	0.0062	3.7738	3.6882	0.0000	0.4144	1224.4670	0.0060	0.0032	0.0036	0.0001	0.0016	0.0017	0.0000	0.0037	0.0043	0.0001	0.0061	0.0002	0.0157	0.0004	0.0004	0.0003	0.0090	0.0000	0.0190	0.0037	46.9089	-0.0010	0.0007	13.4817	7.0442	9.4010	2.0273	0.0027	0.0027	0.0000	0.0004	0.0004	0.0000	0.0024	0.0023	0.0000	0.0019	0.0000	0.0019	0.0000	0.0000	0.0000	0.0019	0.0000	0.0019	0.8581	0.7564	0.1016	0.2313	0.2170	0.0143	0.6268	0.5395	0.0873	0.3149	0.1960	0.1189	0.1087	0.0879	0.0208	0.2061	0.1081	0.0980	0.5206	17.5471	0.0062	3.7738	3.6882	0.0000	0.4144	1224.4670	0.0060	0.0061	0.0002	0.0157	0.0004	0.0004	0.0003	0.0090	0.0000	0.0190
6	75	0.2012	7	0	1	1	0	0	0	0	0	N	N	N	N	N	N	N	N	N	N	N	N	221.5490	169.1108	0.3744	0.6154	0.5139	0.1317	1523.7020	1921.3665	0.3458	1.8354	2.0782	0.0006	0.0138	0.0145	0.0000	2.4233	2.8152	0.0007	0.0083	0.0123	0.0016	0.0225	0.0283	0.0001	0.0016	0.0015	0.0019	0.0000	0.0775	-0.3626	-0.0011	13.4817	4.3369	9.4010	3.0972	0.9969	0.9969	0.0000	0.0018	0.0018	0.0000	0.9951	0.9950	0.0000	0.0022	0.0020	0.0002	0.0019	0.0019	0.0000	0.0003	0.0001	0.0002	0.5432	0.4797	0.0635	0.1325	0.1262	0.0063	0.4106	0.3535	0.0572	0.2624	0.1646	0.0979	0.0840	0.0668	0.0172	0.1784	0.0978	0.0806	221.5490	169.5157	0.3744	0.6154	0.5139	0.1317	1523.7020	2129.5657	0.3458	0.0083	0.0123	0.0016	0.0225	0.0283	0.0001	0.0016	0.0013	0.0019
6	76	0.2884	12	1	1	1	0	0	0	0	0	N	N	N	N	N	N	N	N	N	N	N	N	0.0000	0.0000	0.0000	0.0000	0.0000	0.0000	0.0000	0.0000	0.0000	0.0000	0.0000	0.0000	0.0000	0.0000	0.0000	0.0000	0.0000	0.0000	0.0000	0.0000	0.0000	0.0000	0.0000	0.0000	0.0000	0.0000	0.0000	0.0217	0.0000	-0.0000	13.4817	1.9992	9.4010	0.0055	0.0000	0.0000	0.0000	0.0000	0.0000	0.0000	0.0000	0.0000	0.0000	0.0000	0.0000	0.0000	0.0000	0.0000	0.0000	0.0000	0.0000	0.0000	0.2893	0.2554	0.0339	0.0765	0.0716	0.0049	0.2129	0.1838	0.0290	0.0941	0.0608	0.0333	0.0347	0.0272	0.0075	0.0594	0.0336	0.0258	0.0000	0.0000	0.0000	0.0000	0.0000	0.0000	0.0000	0.0000	0.0000	0.0000	0.0000	0.0000	0.0000	0.0000	0.0000	0.0000	0.0000	0.0000	
6	77	0.2443	11	1	1	1	0	0	0	0	0	N	N	N	N	N	N	N	N	N	N	N	N	0.0000	0.0000	0.0000	0.0000	0.0000	0.0000	0.0000	0.0000	0.0000	0.0000	0.0000	0.0000	0.0000	0.0000	0.0000	0.0000	0.0000	0.0000	0.0000	0.0001	0.0000	0.0001	0.0002	0.0000	0.0000	0.0000	0.0000	0.0019	0.0000	-0.0000	13.4817	5.0219	9.4010	2.0148	0.0000	0.0000	0.0000	0.0000	0.0000	0.0000	0.0000	0.0000	0.0000	0.0000	0.0000	0.0000	0.0000	0.0000	0.0000	0.0000	0.0000	0.0000	0.5397	0.4718	0.0680	0.1313	0.1192	0.0120	0.4085	0.3526	0.0559	0.2450	0.1534	0.0916	0.0795	0.0634	0.0161	0.1655	0.0900	0.0756	0.0000	0.0000	0.0000	0.0000	0.0000	0.0000	0.0000	0.0000	0.0000	0.0000	0.0001	0.0000	0.0001	0.0002	0.0000	0.0000	0.0000	0.0000	
6	78	0.2314	10	0	1	1	0	0	0	0	0	N	N	N	N	N	N	N	N	N	N	N	N	0.0000	0.0000	0.0000	0.0000	0.0000	0.0000	0.0000	0.0000	0.0000	0.0000	0.0000	0.0000	0.0000	0.0000	0.0000	0.0000	0.0000	0.0000	0.0006	0.0009	0.0002	0.0004	0.0004	0.0000	0.0008	0.0012	0.0002	0.1253	0.0000	-0.0000	13.4817	1.0203	9.4010	2.7327	0.0000	0.0000	0.0000	0.0000	0.0000	0.0000	0.0000	0.0000	0.0000	0.0001	0.0001	0.0000	0.0000	0.0000	0.0000	0.0001	0.0001	0.0000	0.1076	0.0942	0.0133	0.0236	0.0220	0.0016	0.0840	0.0722	0.0117	0.1308	0.0820	0.0488	0.0416	0.0329	0.0087	0.0892	0.0491	0.0401	0.0000	0.0000	0.0000	0.0000	0.0000	0.0000	0.0000	0.0000	0.0000	0.0006	0.0009	0.0002	0.0004	0.0004	0.0000	0.0008	0.0012	0.0002	
6	79	0.2314	9	0	0	1	0	0	0	0	0	N	N	N	N	N	N	N	N	N	N	N	N	0.0000	0.0000	0.0000	0.0000	0.0000	0.0000	0.0000	0.0000	0.0000	0.0000	0.0000	0.0000	0.0000	0.0000	0.0000	0.0000	0.0000	0.0000	0.0000	0.0000	13.4817	0.0000	9.4010	0.0018	0.0000	0.0000	0.0000	0.0000	0.0000	0.0000	0.0000	0.0000	0.0000	0.0000	0.0000	0.0000	0.0000	0.0000	0.0000	0.0000	0.0000	0.0000	0.0000	0.0000	0.0000	0.0000	0.0000	0.0000	0.0000	0.0000	0.0000	0.0002	0.0001	0.0000	0.0001	0.0001	0.0000	0.0001	0.0001	0.0000	0.0000	0.0000	0.0000	0.0000	0.0000	0.0000	0.0000	0.0000	0.0000	0.0000	0.0000	0.0000	0.0000	0.0000	0.0000	0.0000	0.0000	0.0000											
6	80	0.2133	8	0	0	1	0	0	0	0	0	N	N	N	N	N	N	N	N	N	N	N	N	209.0945	312.0145	0.0000	72.7782	64.6813	0.0000	316.6933	13910.4171	0.0000	0.0416	0.0474	0.0000	0.0222	0.0237	0.0000	0.0471	0.0546	0.0000	0.0002	0.0002	0.0003	0.0003	0.0004	0.0001	0.0001	0.0000	0.0003	0.0000	1.0869	-0.0051	-0.0000	13.4817	3.0825	9.4010	2.0124	0.0140	0.0140	0.0000	0.0016	0.0016	0.0000	0.0124	0.0124	0.0000	0.0000	0.0000	0.0000	0.0000	0.0000	0.0000	0.0000	0.0000	0.0000	0.3366	0.2955	0.0411	0.0738	0.0690	0.0048	0.2628	0.2265	0.0363	0.1814	0.1139	0.0675	0.0585	0.0464	0.0120	0.1229	0.0675	0.0555	209.0945	312.0145	0.0000	72.7782	64.6813	0.0000	316.6933	13910.4171	0.0000	0.0002	0.0002	0.0003	0.0003	0.0004	0.0001	0.0001	0.0000	0.0003
6	81	0.2012	7	0	0	1	0	0	0	0	0	N	N	N	N	N	N	N	N	N	N	N	N	2020.1318	3852.6720	3.7117	28.5911	25.3577	0.6819	2496.7429	9954.5629	3.4604	2.1003	2.3743	0.0065	0.0249	0.0261	0.0002	2.7993	3.2522	0.0072	0.0010	0.0006	0.0018	0.0009	0.0010	0.0003	0.0011	0.0003	0.0021	0.0004	1.6789	-0.3636	0.0000	13.4817	3.6751	9.4010	0.0788	1.0005	1.0002	0.0004	0.0030	0.0030	0.0000	0.9976	0.9972	0.0004	0.0001	0.0001	0.0001	0.0000	0.0000	0.0000	0.0001	0.0000	0.0001	0.4764	0.4213	0.0551	0.1200	0.1146	0.0054	0.3564	0.3066	0.0497	0.1377	0.0867	0.0510	0.0449	0.0358	0.0091	0.0928	0.0509	0.0419	2020.1318	3852.6720	3.7117	28.5911	25.3577	0.6819	2496.7429	9954.5629	3.4604	0.0010	0.0006	0.0018	0.0009	0.0010	0.0003	0.0011	0.0003	0.0021
6	82	0.1520	6	0	0	1	0	0	0	0	0	N	N	N	N	N	N	N	N	N	N	N	N	79.4310	139.6502	2.4796	182.9308	395.5298	0.0001	94.5183	73.1964	75.0548	0.0359	0.0408	0.0018	0.2080	0.2195	0.0000	0.0055	0.0061	0.0020	0.0005	0.0003	0.0007	0.0011	0.0006	0.0032	0.0001	0.0001	0.0000	0.0065	1.4018	-0.0117	-0.0000	13.4817	8.5011	9.4010	5.2406	0.0327	0.0325	0.0002	0.0285	0.0285	0.0000	0.0043	0.0041	0.0002	0.0003	0.0001	0.0001	0.0002	0.0001	0.0001	0.0000	0.0000	0.0000	0.9118	0.7977	0.1142	0.1368	0.1296	0.0072	0.7750	0.6680	0.1070	0.5661	0.3648	0.2012	0.2066	0.1614	0.0451	0.3595	0.2034	0.1561	79.4310	139.6502	2.4796	182.9308	395.5298	0.0001	94.5183	73.1964	75.0548	0.0005	0.0003	0.0007	0.0011	0.0006	0.0032	0.0001	0.0001	0.0000
7	8	0.0407	6	1	2	0	0	0	0	0	0	N	Y	N	N	N	N	N	N	N	N	N	N	0.0000	0.0000	0.0000	0.0000	0.0000	0.0000	0.0000	0.0000	0.0000	0.0000	0.0000	0.0000	0.0000	0.0000	0.0000	0.0000	0.0000	0.0000	0.0000	0.0000	2.2373	4.0000	1.9967	7.0000	0.0000	0.0000	0.0000	0.0000	0.0000	0.0000	0.0000	0.0000	0.0000	0.0000	0.0000	0.0000	0.0000	0.0000	0.0000	0.0000	0.0000	0.0000	0.0781	0.0685	0.0096	0.0062	0.0061	0.0000	0.0719	0.0624	0.0096	0.0710	0.0365	0.0346	0.0057	0.0048	0.0009	0.0654	0.0317	0.0337	0.0000	0.0000	0.0000	0.0000	0.0000	0.0000	0.0000	0.0000	0.0000	0.0000	0.0000	0.0000	0.0000	0.0000	0.0000	0.0000	0.0000	0.0000											
7	9	0.0645	7	1	2	0	0	0	0	0	0	N	Y	N	N	N	N	N	N	N	N	N	N	0.0000	0.0000	0.0000	0.0000	0.0000	0.0000	0.0000	0.0000	0.0000	0.0000	0.0000	0.0000	0.0000	0.0000	0.0000	0.0000	0.0000	0.0002	0.0003	0.0000	0.0008	0.0009	0.0000	0.0000	0.0000	0.0000	0.0424	0.0000	-0.0000	2.2373	2.9770	1.9967	5.0602	0.0000	0.0000	0.0000	0.0000	0.0000	0.0000	0.0000	0.0000	0.0000	0.0000	0.0000	0.0000	0.0000	0.0000	0.0000	0.0000	0.0000	0.0000	0.0618	0.0544	0.0074	0.0076	0.0074	0.0002	0.0542	0.0471	0.0072	0.0617	0.0368	0.0250	0.0130	0.0108	0.0021	0.0488	0.0259	0.0228	0.0000	0.0000	0.0000	0.0000	0.0000	0.0000	0.0000	0.0000	0.0000	0.0002	0.0003	0.0000	0.0008	0.0009	0.0000	0.0000	0.0000	0.0000		
7	10	0.1644	8	1	2	0	0	0	0	0	0	N	Y	N	N	N	N	N	N	N	N	N	N	0.0000	0.0000	0.0000	0.0000	0.0000	0.0000	0.0000	0.0000	0.0000	0.0000	0.0000	0.0000	0.0000	0.0000	0.0000	0.0000	0.0000	0.0026	0.0046	0.0000	0.0108	0.0128	0.0000	0.0000	0.0000	0.0000	0.0006	0.0000	-0.0001	2.2373	5.2144	1.9967	4.0122	0.0000	0.0000	0.0000	0.0000	0.0000	0.0000	0.0000	0.0000	0.0000	0.0001	0.0001	0.0000	0.0001	0.0001	0.0000	0.0000	0.0000	0.0000	0.1243	0.1105	0.0138	0.0316	0.0301	0.0014	0.0927	0.0804	0.0124	0.0527	0.0298	0.0229	0.0126	0.0106	0.0020	0.0401	0.0193	0.0208	0.0000	0.0000	0.0000	0.0000	0.0000	0.0000	0.0000	0.0000	0.0000	0.0026	0.0046	0.0000	0.0108	0.0128	0.0000	0.0000	0.0000	0.0000		
7	11	0.1546	9	1	2	0	0	0	0	0	0	N	Y	N	N	N	N	N	N	N	N	N	N	0.0000	0.0000	0.0000	0.0000	0.0000	0.0000	0.0000	0.0000	0.0000	0.0000	0.0000	0.0000	0.0000	0.0000	0.0000	0.0000	0.0000	0.0000	0.0000	0.0000	0.0000	0.0000	0.0000	0.0000	-0.0000	2.2373	1.0002	1.9967	2.9310	0.0000	0.0000	0.0000	0.0000	0.0000	0.0000	0.0000	0.0000	0.0000	0.0000	0.0000	0.0000	0.0000	0.0000	0.0000	0.0000	0.0000	0.0000	0.0198	0.0174	0.0024	0.0027	0.0026	0.0001	0.0171	0.0149	0.0023	0.0246	0.0144	0.0102	0.0068	0.0057	0.0011	0.0178	0.0087	0.0091	0.0000	0.0000	0.0000	0.0000	0.0000	0.0000	0.0000	0.0000	0.0000	0.0000	0.0000	0.0000	0.0000	0.0000	0.0000	0.0000	0.0000	0.0000						
7	12	0.1546	8	1	1	0	0	0	0	0	0	N	N	N	N	N	N	N	N	N	N	N	N	0.0000	0.0000	0.0000	0.0000	0.0000	0.0000	0.0000	0.0000	0.0000	0.0000	0.0000	0.0000	0.0000	0.0000	0.0000	0.0000	0.0000	0.0000	0.0000	0.0000	0.0000	0.0000	0.0000	0.0000	0.0000	1.0000	0.0000	-0.0000	2.2373	0.0003	1.9967	0.1375	0.0000	0.0000	0.0000	0.0000	0.0000	0.0000	0.0000	0.0000	0.0000	0.0000	0.0000	0.0000	0.0000	0.0000	0.0000	0.0000	0.0000	0.0000	0.0000	0.0000	0.0000	0.0000	0.0000	0.0000	0.0000	0.0000	0.0000	0.0026	0.0018	0.0009	0.0011	0.0011	0.0000	0.0015	0.0007	0.0008	0.0000	0.0000	0.0000	0.0000	0.0000	0.0000	0.0000	0.0000	0.0000	0.0000	0.0000	0.0000	0.0000	0.0000	0.0000	0.0000	0.0000	0.0000			
7	13	0.1297	7	1	2	0	0	0	0	0	0	N	Y	N	N	N	N	N	N	N	N	N	N	0.0006	0.0102	0.0031	0.1098	0.0000	1.4713	0.0001	13.0212	0.0000	0.0000	0.0000	0.0003	0.0003	0.0000	0.0113	0.0000	0.0000	0.0000	0.0875	0.0009	0.1081	0.0029	0.0020	0.0077	0.1594	0.0000	0.1188	5.3125	96.7041	0.0000	0.0012	2.2373	3.9729	1.9967	5.4895	0.0000	0.0000	0.0000	0.0000	0.0000	0.0000	0.0000	0.0000	0.0000	0.0029	0.0000	0.0029	0.0000	0.0000	0.0000	0.0029	0.0000	0.0029	0.0803	0.0707	0.0096	0.0103	0.0100	0.0003	0.0700	0.0606	0.0093	0.0620	0.0352	0.0268	0.0174	0.0148	0.0026	0.0447	0.0204	0.0242	0.0010	0.0102	0.0031	0.1098	0.0000	1.4713	0.0001	13.0212	0.0000	0.0472	0.0009	0.1081	0.0029	0.0020	0.0077	0.0645	0.0000	0.1188
7	14	0.0333	4	2	2	0	0	0	0	0	0	Y	Y	N	N	N	N	N	N	N	N	N	N	0.3398	0.0577	1206.5255	0.1683	0.1736	304.1889	1193.0990	0.0265	0.0302	0.0002	0.3379	0.3396	0.0000	0.0000	0.0000	0.0002	0.0781	0.5231	0.0000	2.0073	1.9566	0.0000	0.0000	0.0000	0.0000	0.0010	0.0000	-0.0018	-0.0026	2.2373	10.0000	1.9967	6.0013	0.0050	0.0050	0.0000	0.0050	0.0050	0.0000	0.0000	0.0000	0.0000	0.0045	0.0045	0.0000	0.0045	0.0045	0.0000	0.0000	0.0000	0.0000	0.1889	0.1660	0.0229	0.0148	0.0148	0.0001	0.1741	0.1513	0.0228	0.1006	0.0518	0.0488	0.0081	0.0068	0.0012	0.0926	0.0450	0.0476	0.5973	0.3496	1206.5255	0.6098	0.5197	0.0000	304.1889	0.0000	1193.0990	0.0444	0.0863	0.0000	0.5541	0.6535	0.0000	0.0000	0.0000	0.0000		
7	15	0.1546	8	1	2	0	0	0	0	0	0	N	Y	N	N	N	N	N	N	N	N	N	N	366225964.9811	0.0000	inf	109719.9955	0.0000	inf	inf	inf	17.0283	0.0000	142.6554	0.0189	0.0000	0.4952	19.6814	0.0000	149.0801	0.0000	0.0000	0.0000	0.0000	0.0000	0.0000	0.0000	0.0000	0.0000	inf	0.0000	0.6358	-0.0000	2.2373	2.9999	1.9967	3.0728	0.9993	0.0000	0.9993	0.0002	0.0000	0.0001	0.9992	0.0000	0.9992	0.0000	0.0000	0.0000	0.0000	0.0000	0.0000	0.0000	0.0000	0.0000	0.0587	0.0517	0.0070	0.0079	0.0076	0.0003	0.0508	0.0441	0.0067	0.0366	0.0213	0.0153	0.0098	0.0081	0.0017	0.0267	0.0132	0.0136	366225964.9811	0.0000	inf	109719.9955	0.0000	inf	inf	0.0000	inf	0.0000	0.0000	0.0000	0.0000	0.0000	0.0000	0.0000	0.0000	0.0000	
7	16	0.1297	7	1	1	0	0	0	0	0	0	N	N	N	N	N	N	N	N	N	N	N	N	0.0577	0.0059	33.0137	0.1120	0.0000	134.2317	4.9924	15.7352	0.0000	0.0000	0.0000	0.0002	0.0002	0.0000	0.0076	0.0000	0.0000	0.0000	0.0006	0.0010	0.0000	0.0020	0.0023	0.0001	0.0000	0.0000	0.0000	5.3125	0.0054	0.0000	-0.0000	2.2373	6.0396	1.9967	1.6050	0.0000	0.0000	0.0000	0.0000	0.0000	0.0000	0.0000	0.0000	0.0000	0.0000	0.0000	0.0000	0.0000	0.0000	0.0000	0.0000	0.0000	0.0000	0.1192	0.1050	0.0143	0.0148	0.0144	0.0004	0.1044	0.0906	0.0138	0.0521	0.0295	0.0226	0.0149	0.0128	0.0021	0.0372	0.0167	0.0205	0.0577	0.0059	33.0137	0.1120	0.0000	134.2317	4.9924	15.7352	0.0000	0.0006	0.0010	0.0000	0.0020	0.0023	0.0001	0.0000	0.0000	0.0000
7	17	0.2007	13	2	2	0	0	0	0	0	0	Y	Y	N	N	N	N	N	N	N	N	N	N	0.0000	0.0000	0.0000	0.0000	0.0000	0.0000	0.0000	0.0000	0.0000	0.0000	0.0000	0.0000	0.0000	0.0000	0.0000	0.0000	0.0000	0.0000	0.0000	0.0000	0.0000	0.0000	inf	0.0000	0.0000	2.2373	0.9996	1.9967	1.7768	0.0000	0.0000	0.0000	0.0000	0.0000	0.0000	0.0000	0.0000	0.0000	0.0000	0.0000	0.0000	0.0000	0.0000	0.0000	0.0000	0.0000	0.0000	0.0193	0.0171	0.0021	0.0047	0.0045	0.0002	0.0145	0.0126	0.0019	0.0163	0.0095	0.0068	0.0056	0.0047	0.0009	0.0107	0.0048	0.0060	0.0000	0.0000	0.0000	0.0000	0.0000	0.0000	0.0000	0.0000	0.0000	0.0000	0.0000	0.0000	0.0000	0.0000	0.0000	0.0000	0.0000	0.0000						
7	20	0.1955	12	1	2	1	1	0	0	0	0	N	Y	N	N	N	N	N	N	N	N	N	N	0.0000	0.0000	0.0000	0.0000	0.0000	0.0000	0.0000	0.0000	0.0000	0.0000	0.0000	0.0000	0.0000	0.0000	0.0000	0.0000	0.0000	0.0000	0.0000	0.0000	2.2373	0.0000	1.9967	0.0000	0.0000	0.0000	0.0000	0.0000	0.0000	0.0000	0.0000	0.0000	0.0000	0.0000	0.0000	0.0000	0.0000	0.0000	0.0000	0.0000	0.0000	0.0000	0.0000	0.0000	0.0000	0.0000	0.0000	0.0000	0.0000	0.0000	0.0000	0.0000	0.0000	0.0000	0.0000	0.0000	0.0000	0.0000	0.0000	0.0000	0.0000	0.0000	0.0000	0.0000	0.0000	0.0000	0.0000	0.0000	0.0000	0.0000	0.0000	0.0000	0.0000	0.0000	0.0000	0.0000	0.0000	0.0000											
7	21	0.1520	11	1	1	0	1	0	0	0	0	N	N	N	N	N	N	N	N	N	N	N	N	0.0000	0.0000	0.0000	0.0000	0.0000	0.0000	0.0000	0.0000	0.0000	0.0000	0.0000	0.0000	0.0000	0.0000	0.0000	0.0000	0.0000	0.0001	0.0002	0.0000	0.0009	0.0000	0.0000	0.0000	inf	0.0000	0.0000	2.2373	6.0371	1.9967	11.7316	0.0000	0.0000	0.0000	0.0000	0.0000	0.0000	0.0000	0.0000	0.0000	0.0000	0.0000	0.0000	0.0000	0.0000	0.0000	0.0000	0.0000	0.0000	0.1148	0.1016	0.0131	0.0198	0.0190	0.0008	0.0950	0.0826	0.0124	0.0960	0.0574	0.0386	0.0272	0.0220	0.0052	0.0688	0.0354	0.0334	0.0000	0.0000	0.0000	0.0000	0.0000	0.0000	0.0000	0.0000	0.0000	0.0000	0.0000	0.0001	0.0002	0.0000	0.0009	0.0000	0.0000	0.0000				
7	22	0.0913	6	1	2	0	0	0	0	0	0	N	Y	N	N	N	N	N	N	N	N	N	N	2829.4898	1969.1166	0.0000	3899.1565	3613.2622	0.0000	0.0000	0.0000	0.7367	0.8326	0.0000	5.1214	5.2576	0.0000	0.0000	0.0000	0.0000	0.0003	0.0004	0.0000	0.0013	0.0015	0.0005	0.0000	0.0000	0.0000	0.0000	0.0679	-0.0624	-0.0000	2.2373	11.9950	1.9967	7.9469	0.1716	0.1716	0.0000	0.1716	0.1716	0.0000	0.0000	0.0000	0.0000	0.0000	0.0000	0.0000	0.0000	0.0000	0.0000	0.0000	0.0000	0.0000	0.2330	0.2061	0.0268	0.0335	0.0326	0.0009	0.1995	0.1735	0.0260	0.1231	0.0709	0.0521	0.0244	0.0206	0.0038	0.0987	0.0503	0.0483	2829.4898	1969.1166	0.0000	3899.1565	3613.2622	0.0000	0.0000	0.0000	0.0000	0.0003	0.0004	0.0000	0.0013	0.0015	0.0005	0.0000	0.0000	0.0000	
7	23	0.2277	12	2	2	0	0	0	0	0	0	Y	Y	N	N	N	N	N	N	N	N	N	N	0.0000	0.0000	0.0000	0.0000	0.0000	0.0000	0.0000	0.0000	0.0000	0.0000	0.0000	0.0000	0.0000	0.0000	0.0000	0.0000	0.0000	0.0000	0.0000	0.0000	0.0000	0.0000	inf	0.0000	0.0000	2.2373	0.0013	1.9967	0.9984	0.0000	0.0000	0.0000	0.0000	0.0000	0.0000	0.0000	0.0000	0.0000	0.0000	0.0000	0.0000	0.0000	0.0000	0.0000	0.0000	0.0000	0.0000	0.0001	0.0001	0.0000	0.0000	0.0000	0.0000	0.0000	0.0000	0.0000	0.0079	0.0044	0.0034	0.0021	0.0017	0.0004	0.0057	0.0027	0.0030	0.0000	0.0000	0.0000	0.0000	0.0000	0.0000	0.0000	0.0000	0.0000	0.0000	0.0000	0.0000	0.0000	0.0000	0.0000	0.0000	0.0000	0.0000						
7	24	0.1743	13	1	2	0	1	0	0	0	0	N	Y	N	N	N	N	N	N	N	N	N	N	0.2615	0.0000	0.9185	0.0000	0.0000	0.0000	0.2347	0.8668	0.0001	0.0000	0.0010	0.0000	0.0000	0.0000	0.0001	0.0000	0.0011	0.0004	0.0000	0.0011	0.0000	0.0000	0.0001	0.0006	0.0000	0.0013	inf	10034.7667	0.0000	0.0000	2.2373	6.0729	1.9967	6.2374	0.0000	0.0000	0.0000	0.0000	0.0000	0.0000	0.0000	0.0000	0.0000	0.0000	0.0000	0.0000	0.0000	0.0000	0.0000	0.0000	0.0000	0.0000	0.1204	0.1069	0.0135	0.0239	0.0229	0.0009	0.0965	0.0840	0.0126	0.0692	0.0419	0.0273	0.0197	0.0163	0.0034	0.0494	0.0256	0.0238	0.2615	0.0000	0.9185	0.0000	0.0000	0.0000	0.2347	0.0000	0.8668	0.0004	0.0000	0.0011	0.0000	0.0000	0.0001	0.0006	0.0000	0.0013	
7	25	0.1169	9	2	2	0	0	0	0	0	0	Y	Y	N	N	N	N	N	N	N	N	N	N	0.0287	2002.1085	0.0000	5555.4682	4612.0156	0.0569	0.0000	0.0000	0.0000	0.1797	0.2026	0.0000	1.2480	1.2920	0.0000	0.0000	0.0000	0.0000	6.2678	0.0001	27.2229	0.0002	0.0003	0.0000	7.2796	0.0000	30.4674	0.0000	90257.1446	-0.0239	0.3990	2.2373	19.6128	1.9967	15.0566	0.0658	0.0658	0.0000	0.0658	0.0658	0.0000	0.0000	0.0000	0.0000	0.9711	0.0000	0.9711	0.0000	0.0000	0.0000	0.9711	0.0000	0.9711	0.3662	0.3248	0.0414	0.0527	0.0509	0.0018	0.3134	0.2739	0.0396	0.1820	0.1063	0.0756	0.0486	0.0383	0.0103	0.1334	0.0681	0.0653	0.0337	2002.1085	0.0000	5555.4682	4612.0156	0.0569	0.0000	0.0000	0.0000	5.3368	0.0001	12.8388	0.0002	0.0003	0.0000	7.2796	0.0000	14.8636
7	26	0.2299	12	1	1	1	0	0	0	0	0	N	N	N	N	N	N	N	N	N	N	N	N	0.0000	0.0000	0.0000	0.0000	0.0000	0.0000	0.0000	0.0000	0.0000	0.0000	0.0000	0.0000	0.0000	0.0000	0.0000	0.0000	0.0000	0.0000	0.0000	0.0000	2.2373	0.0000	1.9967	0.0000	0.0000	0.0000	0.0000	0.0000	0.0000	0.0000	0.0000	0.0000	0.0000	0.0000	0.0000	0.0000	0.0000	0.0000	0.0000	0.0000	0.0000	0.0000	0.0000	0.0000	0.0000	0.0000	0.0000	0.0000	0.0000	0.0000	0.0000	0.0000	0.0000	0.0000	0.0000	0.0000	0.0000	0.0000	0.0000	0.0000	0.0000	0.0000	0.0000	0.0000	0.0000	0.0000	0.0000	0.0000	0.0000	0.0000	0.0000	0.0000	0.0000	0.0000	0.0000	0.0000	0.0000	0.0000											
7	27	0.2007	13	2	1	1	0	0	0	0	0	Y	N	N	N	N	N	N	N	N	N	N	N	0.0000	0.0000	0.0000	0.0000	0.0000	0.0000	0.0000	0.0000	0.0000	0.0000	0.0000	0.0000	0.0000	0.0000	0.0000	0.0000	0.0000	0.0000	0.0000	0.0000	0.0000	0.0000	inf	0.0000	0.0000	2.2373	6.0046	1.9967	3.2467	0.0000	0.0000	0.0000	0.0000	0.0000	0.0000	0.0000	0.0000	0.0000	0.0000	0.0000	0.0000	0.0000	0.0000	0.0000	0.0000	0.0000	0.0000	0.1099	0.0977	0.0122	0.0264	0.0250	0.0013	0.0835	0.0727	0.0108	0.0466	0.0271	0.0195	0.0150	0.0122	0.0028	0.0316	0.0149	0.0167	0.0000	0.0000	0.0000	0.0000	0.0000	0.0000	0.0000	0.0000	0.0000	0.0000	0.0000	0.0000	0.0000	0.0000	0.0000	0.0000	0.0000	0.0000						
7	28	0.1643	12	2	1	0	0	0	0	0	0	Y	N	N	N	N	N	N	N	N	N	N	N	0.0000	0.0000	0.0000	0.0000	0.0000	0.0000	0.0000	0.0000	0.0000	0.0000	0.0000	0.0000	0.0000	0.0000	0.0000	0.0000	0.0000	0.0004	0.0000	0.0009	0.0000	0.0000	0.0001	0.0005	0.0000	0.0010	5512.5950	0.0000	0.0000	2.2373	7.0330	1.9967	8.3476	0.0000	0.0000	0.0000	0.0000	0.0000	0.0000	0.0000	0.0000	0.0000	0.0000	0.0000	0.0000	0.0000	0.0000	0.0000	0.0000	0.0000	0.0000	0.1395	0.1235	0.0159	0.0275	0.0265	0.0011	0.1119	0.0971	0.0149	0.0850	0.0508	0.0342	0.0242	0.0200	0.0042	0.0608	0.0309	0.0299	0.0000	0.0000	0.0000	0.0000	0.0000	0.0000	0.0000	0.0000	0.0000	0.0004	0.0000	0.0009	0.0000	0.0000	0.0001	0.0005	0.0000	0.0010		
7	29	0.1743	13	1	2	0	1	0	0	0	0	N	Y	N	N	N	N	N	N	N	N	N	N	35.8555	23.9555	0.0000	50.8896	42.8878	0.0000	0.0000	0.0000	0.0210	0.0236	0.0000	0.1091	0.1138	0.0000	0.0000	0.0000	0.0000	0.0006	0.0010	0.0000	0.0021	0.0027	0.0000	0.0000	0.0000	0.0000	0.0000	0.0000	-0.0018	-0.0000	2.2373	12.7698	1.9967	10.8465	0.0050	0.0050	0.0000	0.0050	0.0050	0.0000	0.0000	0.0000	0.0000	0.0001	0.0001	0.0000	0.0001	0.0001	0.0000	0.0000	0.0000	0.0000	0.2388	0.2121	0.0267	0.0459	0.0440	0.0019	0.1929	0.1681	0.0248	0.1195	0.0709	0.0486	0.0326	0.0264	0.0062	0.0869	0.0445	0.0423	35.8555	23.9555	0.0000	50.8896	42.8878	0.0000	0.0000	0.0000	0.0000	0.0006	0.0010	0.0000	0.0021	0.0027	0.0000	0.0000	0.0000	0.0000	
7	30	0.0330	3	2	1	1	0	0	0	0	0	Y	N	N	N	N	N	N	N	N	N	N	N	17.7711	3424.6944	0.0000	2342.4460	2001.9715	0.0000	0.0000	0.4830	0.6091	0.0000	2.5976	2.6022	0.0000	0.0000	0.0000	0.0000	0.0272	0.0002	0.0560	0.0011	0.0013	0.0000	0.0297	0.0000	0.0574	0.0000	295.2700	-0.0521	0.0012	2.2373	11.8338	1.9967	5.9707	0.1432	0.1432	0.0000	0.1432	0.1432	0.0000	0.0000	0.0000	0.0000	0.0030	0.0000	0.0030	0.0000	0.0000	0.0000	0.0030	0.0000	0.0030	0.2965	0.2352	0.0614	0.0551	0.0550	0.0001	0.2414	0.1801	0.0613	0.1115	0.0575	0.0540	0.0092	0.0079	0.0014	0.1023	0.0496	0.0526	17.7711	3424.6944	0.0000	2342.4460	2001.9715	0.0000	0.0000	0.0000	0.0000	0.0272	0.0002	0.0560	0.0011	0.0013	0.0000	0.0295	0.0000	0.0574		
7	31	0.1743	13	1	1	1	0	0	0	0	0	N	N	N	N	N	N	N	N	N	N	N	N	93517.7246	191773.5830	0.0000	140997.1072	355943.0916	0.0000	0.0000	0.0000	0.4786	0.5391	0.0000	2.4329	2.5319	0.0000	0.0000	0.0000	0.0000	0.0000	0.0000	0.0000	0.0000	0.0000	0.0001	0.0000	0.0000	0.0000	0.0000	1.9760	-0.0237	0.0000	2.2373	6.9288	1.9967	3.0309	0.0653	0.0653	0.0000	0.0653	0.0653	0.0000	0.0000	0.0000	0.0000	0.0000	0.0000	0.0000	0.0000	0.0000	0.0000	0.0000	0.0000	0.0000	0.1364	0.1211	0.0153	0.0268	0.0258	0.0010	0.1095	0.0953	0.0143	0.0581	0.0355	0.0226	0.0169	0.0140	0.0028	0.0412	0.0215	0.0197	93517.7246	191773.5830	0.0000	140997.1072	355943.0916	0.0000	0.0000	0.0000	0.0000	0.0000	0.0000	0.0000	0.0000	0.0000	0.0001	0.0000	0.0000	0.0000	
7	32	0.1643	12	1	1	0	0	0	0	0	0	N	N	N	N	N	N	N	N	N	N	N	N	14.7399	22.9844	0.0000	22.6200	38.1352	0.0000	0.0000	0.0000	0.0003	0.0003	0.0000	0.0012	0.0013	0.0000	0.0000	0.0000	0.0000	0.0000	0.0000	0.0000	0.0001	0.0000	0.0002	0.0000	0.0000	0.0000	0.0000	1.1836	-0.0000	-0.0000	2.2373	1.8775	1.9967	3.1058	0.0000	0.0000	0.0000	0.0000	0.0000	0.0000	0.0000	0.0000	0.0000	0.0000	0.0000	0.0000	0.0000	0.0000	0.0000	0.0000	0.0000	0.0000	0.0444	0.0393	0.0051	0.0110	0.0106	0.0004	0.0334	0.0287	0.0047	0.0354	0.0224	0.0130	0.0115	0.0101	0.0015	0.0239	0.0123	0.0116	14.7399	22.9844	0.0000	22.6200	38.1352	0.0000	0.0000	0.0000	0.0000	0.0000	0.0000	0.0000	0.0001	0.0000	0.0002	0.0000	0.0000	0.0000	
7	33	0.1520	11	1	1	0	0	0	0	0	0	N	N	N	N	N	N	N	N	N	N	N	N	0.0000	0.0000	0.0000	0.0000	0.0000	0.0000	0.0000	0.0000	0.0000	0.0000	0.0000	0.0000	0.0000	0.0000	0.0000	0.0000	0.0000	0.0001	0.0000	0.0003	0.0004	0.0000	0.0023	0.0000	0.0000	0.0000	16.5068	0.0000	0.0000	2.2373	5.3867	1.9967	0.9197	0.0000	0.0000	0.0000	0.0000	0.0000	0.0000	0.0000	0.0000	0.0000	0.0000	0.0000	0.0000	0.0000	0.0000	0.0000	0.0000	0.0000	0.0000	0.1029	0.0911	0.0118	0.0178	0.0171	0.0007	0.0851	0.0740	0.0111	0.0419	0.0263	0.0156	0.0132	0.0112	0.0020	0.0287	0.0151	0.0136	0.0000	0.0000	0.0000	0.0000	0.0000	0.0000	0.0000	0.0000	0.0000	0.0001	0.0000	0.0003	0.0004	0.0000	0.0023	0.0000	0.0000	0.0000		
7	34	0.2352	13	1	2	0	0	0	0	0	0	N	Y	N	N	N	N	N	N	N	N	N	N	0.0000	0.0000	0.0000	0.0000	0.0000	0.0000	0.0000	0.0000	0.0000	0.0000	0.0000	0.0000	0.0000	0.0000	0.0000	0.0000	0.0000	0.0000	0.0000	-0.0000	2.2373	0.0019	1.9967	3.0025	0.0000	0.0000	0.0000	0.0000	0.0000	0.0000	0.0000	0.0000	0.0000	0.0000	0.0000	0.0000	0.0000	0.0000	0.0000	0.0000	0.0000	0.0000	0.0001	0.0001	0.0000	0.0001	0.0000	0.0000	0.0001	0.0001	0.0000	0.0142	0.0087	0.0055	0.0047	0.0038	0.0009	0.0095	0.0050	0.0045	0.0000	0.0000	0.0000	0.0000	0.0000	0.0000	0.0000	0.0000	0.0000	0.0000	0.0000	0.0000	0.0000	0.0000	0.0000	0.0000	0.0000	0.0000											
7	35	0.2158	9	2	2	0	0	0	0	0	0	Y	Y	N	N	N	N	N	N	N	N	N	N	0.0000	0.0000	0.0000	0.0000	0.0000	0.0000	0.0000	0.0000	0.0000	0.0000	0.0000	0.0000	0.0000	0.0000	0.0000	0.0000	0.0000	0.0000	0.0000	0.0000	2.2373	1.0000	1.9967	1.9999	0.0000	0.0000	0.0000	0.0000	0.0000	0.0000	0.0000	0.0000	0.0000	0.0000	0.0000	0.0000	0.0000	0.0000	0.0000	0.0000	0.0000	0.0000	0.0189	0.0167	0.0021	0.0043	0.0041	0.0002	0.0146	0.0127	0.0019	0.0161	0.0090	0.0071	0.0039	0.0032	0.0007	0.0123	0.0058	0.0065	0.0000	0.0000	0.0000	0.0000	0.0000	0.0000	0.0000	0.0000	0.0000	0.0000	0.0000	0.0000	0.0000	0.0000	0.0000	0.0000	0.0000	0.0000											
7	36	0.0645	7	1	2	1	0	0	0	0	0	N	Y	N	N	N	N	N	N	N	N	N	N	0.0000	0.0000	0.0000	0.0000	0.0000	0.0000	0.0000	0.0000	0.0000	0.0000	0.0000	0.0000	0.0000	0.0000	0.0000	0.0000	0.0000	0.0000	0.0004	0.0007	0.0000	0.0020	0.0024	0.0000	0.0000	0.0001	0.0000	0.0011	0.0000	-0.0000	2.2373	3.0341	1.9967	5.2124	0.0000	0.0000	0.0000	0.0000	0.0000	0.0000	0.0000	0.0000	0.0000	0.0000	0.0000	0.0000	0.0000	0.0000	0.0000	0.0000	0.0000	0.0000	0.0629	0.0554	0.0075	0.0077	0.0075	0.0002	0.0552	0.0479	0.0073	0.0630	0.0374	0.0255	0.0131	0.0109	0.0022	0.0498	0.0265	0.0234	0.0000	0.0000	0.0000	0.0000	0.0000	0.0000	0.0000	0.0000	0.0000	0.0004	0.0007	0.0000	0.0020	0.0024	0.0000	0.0000	0.0001	0.0000	
7	37	0.0407	6	1	2	0	0	0	0	0	0	N	Y	N	N	N	N	N	N	N	N	N	N	0.0000	0.0000	0.0000	0.0000	0.0000	0.0000	0.0000	0.0000	0.0000	0.0000	0.0000	0.0000	0.0000	0.0000	0.0000	0.0000	0.0000	0.0008	0.0012	0.0004	0.0079	0.0093	0.0000	0.0002	0.0000	0.0004	0.2961	0.0000	-0.0000	2.2373	3.0544	1.9967	4.8962	0.0000	0.0000	0.0000	0.0000	0.0000	0.0000	0.0000	0.0000	0.0000	0.0000	0.0000	0.0000	0.0000	0.0000	0.0000	0.0000	0.0000	0.0000	0.0600	0.0526	0.0074	0.0047	0.0047	0.0000	0.0552	0.0479	0.0073	0.0522	0.0268	0.0255	0.0042	0.0035	0.0006	0.0481	0.0232	0.0248	0.0000	0.0000	0.0000	0.0000	0.0000	0.0000	0.0000	0.0000	0.0000	0.0008	0.0012	0.0004	0.0079	0.0093	0.0000	0.0002	0.0000	0.0004		
7	38	0.2352	13	1	1	1	0	0	0	0	0	N	N	N	N	N	N	N	N	N	N	N	N	0.0000	0.0000	0.0000	0.0000	0.0000	0.0000	0.0000	0.0000	0.0000	0.0000	0.0000	0.0000	0.0000	0.0000	0.0000	0.0000	0.0000	0.0000	0.0000	0.0000	2.2373	0.9992	1.9967	1.0069	0.0000	0.0000	0.0000	0.0000	0.0000	0.0000	0.0000	0.0000	0.0000	0.0000	0.0000	0.0000	0.0000	0.0000	0.0000	0.0000	0.0000	0.0000	0.0166	0.0147	0.0020	0.0028	0.0027	0.0001	0.0138	0.0119	0.0018	0.0096	0.0059	0.0037	0.0032	0.0026	0.0006	0.0064	0.0034	0.0031	0.0000	0.0000	0.0000	0.0000	0.0000	0.0000	0.0000	0.0000	0.0000	0.0000	0.0000	0.0000	0.0000	0.0000	0.0000	0.0000	0.0000	0.0000											
7	39	0.2299	12	1	1	0	0	0	0	0	0	N	N	N	N	N	N	N	N	N	N	N	N	0.0000	0.0000	0.0000	0.0000	0.0000	0.0000	0.0000	0.0000	0.0000	0.0000	0.0000	0.0000	0.0000	0.0000	0.0000	0.0000	0.0000	0.0000	0.0000	-0.0000	2.2373	1.0008	1.9967	0.9987	0.0000	0.0000	0.0000	0.0000	0.0000	0.0000	0.0000	0.0000	0.0000	0.0000	0.0000	0.0000	0.0000	0.0000	0.0000	0.0000	0.0000	0.0000	0.0168	0.0148	0.0020	0.0027	0.0026	0.0001	0.0141	0.0122	0.0019	0.0095	0.0058	0.0037	0.0030	0.0024	0.0006	0.0066	0.0035	0.0031	0.0000	0.0000	0.0000	0.0000	0.0000	0.0000	0.0000	0.0000	0.0000	0.0000	0.0000	0.0000	0.0000	0.0000	0.0000	0.0000	0.0000	0.0000											
7	40	0.1520	11	1	1	0	0	0	0	0	0	N	N	N	N	N	N	N	N	N	N	N	N	0.0000	0.0000	0.0000	0.0000	0.0000	0.0000	0.0000	0.0000	0.0000	0.0000	0.0000	0.0000	0.0000	0.0000	0.0000	0.0000	0.0000	0.0306	0.0004	0.0729	0.0009	0.0012	0.0000	0.0541	0.0000	0.0844	115.2877	0.0000	0.0017	2.2373	9.0374	1.9967	18.5287	0.0000	0.0000	0.0000	0.0000	0.0000	0.0000	0.0000	0.0000	0.0000	0.0041	0.0000	0.0041	0.0000	0.0000	0.0000	0.0041	0.0000	0.0041	0.1686	0.1494	0.0192	0.0290	0.0278	0.0012	0.1396	0.1215	0.0181	0.1376	0.0814	0.0562	0.0378	0.0302	0.0076	0.0998	0.0512	0.0486	0.0000	0.0000	0.0000	0.0000	0.0000	0.0000	0.0000	0.0000	0.0000	0.0301	0.0004	0.0729	0.0009	0.0012	0.0000	0.0411	0.0000	0.0844		
7	41	0.1251	10	1	1	0	0	0	0	0	0	N	N	N	N	N	N	N	N	N	N	N	N	15906.3111	0.0096	357979.3724	5.7915	0.0277	237.0476	1046141.3215	0.0000	10844539.2581	5.8069	0.0000	49.5980	0.0068	0.0000	0.2194	6.6637	0.0000	51.3324	0.0004	0.0005	0.0001	0.0012	0.0012	0.0009	0.0000	0.0000	0.0000	1366042.4425	0.1667	0.6358	-0.0000	2.2373	9.0369	1.9967	3.5648	0.9993	0.0000	0.9993	0.0002	0.0000	0.0001	0.9991	0.0000	0.9991	0.0000	0.0000	0.0000	0.0000	0.0000	0.0000	0.0000	0.0000	0.0000	0.1721	0.1519	0.0201	0.0221	0.0215	0.0007	0.1499	0.1305	0.0195	0.0837	0.0522	0.0315	0.0257	0.0211	0.0046	0.0580	0.0311	0.0269	15906.3111	0.0096	357979.3724	5.7915	0.0277	237.0476	1046141.3215	0.0000	10844539.2581	0.0004	0.0005	0.0001	0.0012	0.0012	0.0009	0.0000	0.0000	0.0000
7	42	0.0913	6	1	1	0	0	0	0	0	0	N	N	N	N	N	N	N	N	N	N	N	N	5562.4217	0.0000	inf	0.0000	0.0000	183496377.0834	0.0000	inf	3.1307	0.0000	27.2125	0.0000	0.0000	0.0000	3.6152	0.0000	28.0549	0.0006	0.0010	0.0000	0.0029	0.0034	0.0000	0.0000	0.0000	0.0000	inf	0.0000	0.6328	-0.0000	2.2373	17.0025	1.9967	6.0864	0.9947	0.0000	0.9947	0.0000	0.0000	0.0000	0.9947	0.0000	0.9947	0.0001	0.0001	0.0000	0.0001	0.0001	0.0000	0.0000	0.0000	0.0000	0.3177	0.2812	0.0366	0.0426	0.0415	0.0011	0.2751	0.2397	0.0355	0.1386	0.0795	0.0591	0.0270	0.0227	0.0043	0.1117	0.0569	0.0548	5562.4217	0.0000	inf	0.0000	0.0000	0.0000	183496377.0834	0.0000	inf	0.0006	0.0010	0.0000	0.0029	0.0034	0.0000	0.0000	0.0000	0.0000	
7	44	0.0913	6	1	2	0	0	0	0	0	0	N	Y	N	N	N	N	N	N	N	N	N	N	0.0004	inf	0.0000	7948.4319	inf	0.0000	0.0000	0.0000	0.0036	0.0041	0.0000	0.0216	0.0222	0.0000	0.0000	0.0000	0.0000	10.1981	0.0000	43.6264	0.0000	0.0000	0.0000	10.3264	0.0000	46.9915	0.0000	inf	-0.0002	0.3990	2.2373	6.9958	1.9967	11.8523	0.0005	0.0005	0.0000	0.0005	0.0005	0.0000	0.0000	0.0000	0.0000	0.9712	0.0000	0.9712	0.0000	0.0000	0.0000	0.9712	0.0000	0.9712	0.1437	0.1273	0.0164	0.0241	0.0235	0.0006	0.1196	0.1039	0.0157	0.1175	0.0679	0.0496	0.0235	0.0199	0.0036	0.0941	0.0480	0.0460	0.0004	inf	0.0000	7948.4319	inf	0.0000	0.0000	0.0000	0.0000	8.2644	0.0000	19.5737	0.0000	0.0000	0.0000	10.3264	0.0000	21.0968	
7	45	0.1297	7	1	2	0	0	0	0	0	0	N	Y	N	N	N	N	N	N	N	N	N	N	411.9459	302.9714	0.0000	868.7793	831.4742	0.0000	8.1176	8.5419	0.0000	0.1804	0.2041	0.0000	1.4971	1.5433	0.0000	0.0000	0.0000	0.0000	0.0004	0.0007	0.0001	0.0017	0.0019	0.0011	0.0000	0.0000	0.0000	0.0000	0.1344	-0.0238	-0.0000	2.2373	20.1318	1.9967	17.5118	0.0655	0.0655	0.0000	0.0655	0.0655	0.0000	0.0000	0.0000	0.0000	0.0001	0.0001	0.0000	0.0001	0.0001	0.0000	0.0000	0.0000	0.0000	0.3630	0.3207	0.0422	0.0437	0.0424	0.0013	0.3192	0.2783	0.0409	0.1951	0.1118	0.0833	0.0495	0.0406	0.0090	0.1455	0.0712	0.0743	411.9459	302.9714	0.0000	868.7793	831.4742	0.0000	8.1176	8.5419	0.0000	0.0004	0.0007	0.0001	0.0017	0.0019	0.0011	0.0000	0.0000	0.0000
7	46	0.1531	11	1	2	0	0	0	0	0	0	N	Y	N	N	N	N	N	N	N	N	N	N	0.0000	0.0000	0.0000	0.0000	0.0000	0.0000	0.0000	0.0000	0.0000	0.0000	0.0000	0.0000	0.0000	0.0000	0.0000	0.0000	0.0000	0.0000	0.0000	0.0000	0.0000	0.0000	inf	0.0000	0.0000	2.2373	15.0410	1.9967	10.9147	0.0000	0.0000	0.0000	0.0000	0.0000	0.0000	0.0000	0.0000	0.0000	0.0000	0.0000	0.0000	0.0000	0.0000	0.0000	0.0000	0.0000	0.0000	0.2987	0.2646	0.0341	0.0572	0.0548	0.0024	0.2415	0.2098	0.0317	0.1802	0.1167	0.0635	0.0768	0.0604	0.0163	0.1034	0.0563	0.0471	0.0000	0.0000	0.0000	0.0000	0.0000	0.0000	0.0000	0.0000	0.0000	0.0000	0.0000	0.0000	0.0000	0.0000	0.0000	0.0000	0.0000	0.0000						
7	47	0.0279	2	2	1	1	0	0	0	0	0	Y	N	N	N	N	N	N	N	N	N	N	N	101.6750	67.9028	0.3824	57.5049	53.7760	0.0000	0.2169	0.8622	0.3827	0.6182	0.7865	0.0000	3.1369	3.1424	0.0000	0.0000	0.0000	0.0000	0.0061	0.0116	0.0000	0.0545	0.0584	0.0000	0.0000	0.0000	0.0000	0.0000	0.0007	-0.0741	-0.0005	2.2373	12.7633	1.9967	6.3722	0.2038	0.2038	0.0000	0.2038	0.2038	0.0000	0.0000	0.0000	0.0000	0.0008	0.0008	0.0000	0.0008	0.0008	0.0000	0.0000	0.0000	0.0000	0.3296	0.2591	0.0705	0.0650	0.0648	0.0001	0.2646	0.1942	0.0704	0.1302	0.0683	0.0619	0.0145	0.0135	0.0010	0.1157	0.0548	0.0609	101.6750	67.9028	0.3824	57.5049	53.7760	0.0000	0.2169	0.8622	0.3827	0.0061	0.0116	0.0000	0.0545	0.0584	0.0000	0.0000	0.0000	0.0000
7	51	0.1107	7	1	2	0	1	0	0	0	0	N	Y	N	N	N	N	N	N	N	N	N	N	0.0000	0.0000	0.0000	0.0000	0.0000	0.0000	0.0000	0.0000	0.0000	0.0000	0.0000	0.0000	0.0000	0.0000	0.0000	0.0000	0.0000	0.0000	0.0003	0.0004	0.0001	0.0010	0.0011	0.0009	0.0000	0.0000	0.0000	0.1891	0.0000	-0.0000	2.2373	7.3891	1.9967	13.2142	0.0000	0.0000	0.0000	0.0000	0.0000	0.0000	0.0000	0.0000	0.0000	0.0000	0.0000	0.0000	0.0000	0.0000	0.0000	0.0000	0.0000	0.0000	0.1521	0.1348	0.0173	0.0265	0.0258	0.0007	0.1256	0.1090	0.0166	0.1272	0.0760	0.0512	0.0343	0.0280	0.0064	0.0929	0.0481	0.0448	0.0000	0.0000	0.0000	0.0000	0.0000	0.0000	0.0000	0.0000	0.0000	0.0003	0.0004	0.0001	0.0010	0.0011	0.0009	0.0000	0.0000	0.0000	
7	52	0.1169	8	1	2	0	0	0	0	0	0	N	Y	N	N	N	N	N	N	N	N	N	N	20.3635	5.4882	0.0862	38.8984	31.8760	0.3106	0.0000	0.0000	0.0000	0.7284	0.8214	0.0000	4.6653	4.8345	0.0000	0.0000	0.0000	0.0000	0.0358	0.1497	0.0000	0.1199	0.1517	0.0000	0.0000	0.0000	0.0000	0.0000	0.0000	-0.0643	-0.0027	2.2373	12.1779	1.9967	13.0455	0.1766	0.1766	0.0000	0.1766	0.1766	0.0000	0.0000	0.0000	0.0000	0.0045	0.0045	0.0000	0.0045	0.0045	0.0000	0.0000	0.0000	0.0000	0.2425	0.2150	0.0274	0.0379	0.0365	0.0013	0.2046	0.1785	0.0261	0.1395	0.0818	0.0577	0.0377	0.0298	0.0079	0.1018	0.0520	0.0498	22.4855	14.8634	0.0862	38.8984	31.8760	0.3106	0.0000	0.0000	0.0000	0.0324	0.0553	0.0000	0.1199	0.1517	0.0000	0.0000	0.0000	0.0000
7	53	0.0407	6	1	2	0	0	0	0	0	0	N	Y	N	N	N	N	N	N	N	N	N	N	0.0000	0.0000	0.0000	0.0000	0.0000	0.0000	0.0000	0.0000	0.0000	0.0000	0.0000	0.0000	0.0000	0.0000	0.0000	0.0000	0.7034	1.4931	0.0000	5.4162	5.2614	0.0000	0.0000	0.0000	0.0000	0.0000	0.0000	-0.0026	2.2373	3.0001	1.9967	3.0003	0.0000	0.0000	0.0000	0.0000	0.0000	0.0000	0.0000	0.0000	0.0000	0.0045	0.0044	0.0000	0.0045	0.0044	0.0000	0.0000	0.0000	0.0000	0.0589	0.0517	0.0073	0.0047	0.0046	0.0000	0.0543	0.0470	0.0072	0.0398	0.0204	0.0194	0.0032	0.0027	0.0005	0.0367	0.0177	0.0190	0.0000	0.0000	0.0000	0.0000	0.0000	0.0000	0.0000	0.0000	0.0000	0.1117	0.2182	0.0000	1.4023	1.6541	0.0000	0.0000	0.0000	0.0000			
7	54	0.0333	5	1	1	0	0	0	0	0	0	N	N	N	N	N	N	N	N	N	N	N	N	0.8425	0.0000	1016.1950	0.0000	0.0000	269.3422	1044.9712	0.0001	0.0000	0.0011	0.0000	0.0000	0.0000	0.0001	0.0000	0.0011	0.0002	0.0003	0.0000	0.0019	0.0023	0.0000	0.0000	0.0000	0.0000	inf	0.0033	0.0000	-0.0000	2.2373	1.9998	1.9967	1.0017	0.0000	0.0000	0.0000	0.0000	0.0000	0.0000	0.0000	0.0000	0.0000	0.0000	0.0000	0.0000	0.0000	0.0000	0.0000	0.0000	0.0000	0.0000	0.0395	0.0346	0.0049	0.0031	0.0031	0.0000	0.0364	0.0316	0.0049	0.0203	0.0104	0.0099	0.0016	0.0014	0.0002	0.0187	0.0090	0.0097	0.8425	0.0000	1016.1950	0.0000	0.0000	0.0000	269.3422	0.0000	1044.9712	0.0002	0.0003	0.0000	0.0019	0.0023	0.0000	0.0000	0.0000	0.0000		
7	56	0.1745	12	1	2	0	0	0	0	0	0	N	Y	N	N	N	N	N	N	N	N	N	N	0.0003	0.0002	0.0000	0.0007	0.0006	0.0000	0.0000	0.0000	0.0000	0.0000	0.0000	0.0000	0.0000	0.0000	0.0000	0.0000	0.0000	0.0000	0.0005	0.0008	0.0000	0.0011	0.0013	0.0000	0.0001	0.0001	0.0000	0.0000	0.0029	-0.0000	-0.0000	2.2373	5.0156	1.9967	9.5596	0.0000	0.0000	0.0000	0.0000	0.0000	0.0000	0.0000	0.0000	0.0000	0.0001	0.0001	0.0000	0.0000	0.0000	0.0000	0.0000	0.0000	0.0000	0.0984	0.0871	0.0112	0.0175	0.0168	0.0007	0.0809	0.0703	0.0106	0.0979	0.0642	0.0338	0.0420	0.0351	0.0070	0.0559	0.0291	0.0268	0.0003	0.0002	0.0000	0.0007	0.0006	0.0000	0.0000	0.0000	0.0000	0.0005	0.0008	0.0000	0.0011	0.0013	0.0000	0.0001	0.0001	0.0000
7	57	0.1531	11	1	2	0	0	0	0	0	0	N	Y	N	N	N	N	N	N	N	N	N	N	0.0521	0.0374	0.2760	0.1392	0.0998	12.5146	0.0002	0.0000	0.0021	0.0003	0.0003	0.0003	0.0011	0.0010	0.0033	0.0000	0.0000	0.0000	0.0053	0.0072	0.0012	0.0079	0.0099	0.0003	0.0028	0.0071	0.0017	0.1680	0.0790	-0.0000	-0.0003	2.2373	5.2776	1.9967	4.9316	0.0000	0.0000	0.0000	0.0000	0.0000	0.0000	0.0000	0.0000	0.0000	0.0006	0.0005	0.0000	0.0004	0.0004	0.0000	0.0002	0.0001	0.0000	0.1297	0.1146	0.0151	0.0328	0.0313	0.0016	0.0968	0.0833	0.0136	0.1106	0.0759	0.0348	0.0558	0.0441	0.0117	0.0548	0.0317	0.0231	0.0521	0.0374	0.2760	0.1392	0.0998	12.5146	0.0002	0.0000	0.0021	0.0053	0.0072	0.0012	0.0079	0.0099	0.0003	0.0028	0.0035	0.0017
7	58	0.1251	10	1	1	0	0	0	0	0	0	N	N	N	N	N	N	N	N	N	N	N	N	0.0081	0.0017	0.1526	0.4202	0.3622	0.0198	0.0013	0.0000	0.1361	0.0009	0.0007	0.0020	0.0046	0.0048	0.0000	0.0003	0.0000	0.0021	0.1050	0.4026	0.0134	0.0110	0.0132	0.0008	0.2257	1.5658	0.0155	0.3902	0.1040	-0.0000	-0.0021	2.2373	6.4383	1.9967	5.2340	0.0001	0.0001	0.0000	0.0001	0.0001	0.0000	0.0000	0.0000	0.0000	0.0042	0.0038	0.0004	0.0003	0.0003	0.0000	0.0039	0.0035	0.0004	0.1251	0.1104	0.0147	0.0163	0.0159	0.0005	0.1088	0.0946	0.0142	0.0788	0.0494	0.0294	0.0244	0.0201	0.0043	0.0544	0.0292	0.0251	0.0161	0.0091	0.1526	0.4202	0.3622	0.0198	0.0040	0.0001	0.1361	0.0531	0.0767	0.0134	0.0110	0.0132	0.0008	0.0719	0.1204	0.0155
7	59	0.1169	9	1	1	0	0	0	0	0	0	N	N	N	N	N	N	N	N	N	N	N	N	1.0201	0.6130	6.2373	1.3281	1.1983	0.0068	0.9514	0.0000	7.5640	0.0028	0.0022	0.0071	0.0087	0.0091	0.0000	0.0010	0.0000	0.0077	0.0027	0.0037	0.0011	0.0066	0.0076	0.0018	0.0010	0.0010	0.0010	0.3736	0.1897	-0.0000	-0.0000	2.2373	3.9043	1.9967	0.3762	0.0003	0.0002	0.0001	0.0002	0.0002	0.0000	0.0001	0.0000	0.0001	0.0001	0.0001	0.0000	0.0001	0.0001	0.0000	0.0000	0.0000	0.0000	0.0944	0.0844	0.0100	0.0217	0.0209	0.0008	0.0727	0.0636	0.0092	0.0296	0.0184	0.0112	0.0090	0.0074	0.0016	0.0206	0.0110	0.0097	1.0201	0.6130	6.2373	1.3281	1.1983	0.0068	0.9514	0.0000	7.5640	0.0027	0.0037	0.0011	0.0066	0.0076	0.0018	0.0010	0.0010	0.0010
7	60	0.1169	8	1	1	0	0	0	0	0	0	N	N	N	N	N	N	N	N	N	N	N	N	0.0045	0.0033	0.0161	0.0044	0.0041	0.0011	0.0046	0.0000	0.0166	0.0000	0.0000	0.0002	0.0000	0.0000	0.0000	0.0000	0.0000	0.0002	0.0070	0.0053	0.0105	0.0107	0.0120	0.0027	0.0052	0.0000	0.0119	1.0000	0.9959	0.0000	-0.0000	2.2373	1.5036	1.9967	0.1987	0.0000	0.0000	0.0000	0.0000	0.0000	0.0000	0.0000	0.0000	0.0000	0.0001	0.0001	0.0001	0.0001	0.0001	0.0000	0.0000	0.0000	0.0000	0.0480	0.0435	0.0044	0.0160	0.0154	0.0006	0.0320	0.0282	0.0038	0.0144	0.0096	0.0048	0.0049	0.0042	0.0007	0.0095	0.0054	0.0041	0.0045	0.0033	0.0161	0.0044	0.0041	0.0011	0.0046	0.0000	0.0166	0.0070	0.0053	0.0105	0.0107	0.0120	0.0027	0.0052	0.0000	0.0119
7	61	0.1107	7	1	1	0	0	0	0	0	0	N	N	N	N	N	N	N	N	N	N	N	N	0.0051	0.0095	0.0000	0.0164	0.0153	0.0000	0.0000	0.0000	0.0000	0.0000	0.0000	0.0000	0.0000	0.0000	0.0000	0.0000	0.0000	0.0000	0.0023	0.0014	0.0043	0.0027	0.0029	0.0008	0.0021	0.0000	0.0049	0.0000	1.4570	-0.0000	0.0000	2.2373	2.7181	1.9967	1.0102	0.0000	0.0000	0.0000	0.0000	0.0000	0.0000	0.0000	0.0000	0.0000	0.0001	0.0000	0.0000	0.0000	0.0000	0.0000	0.0000	0.0000	0.0000	0.0650	0.0581	0.0069	0.0171	0.0167	0.0004	0.0478	0.0414	0.0065	0.0367	0.0251	0.0116	0.0132	0.0116	0.0016	0.0235	0.0135	0.0100	0.0051	0.0095	0.0000	0.0164	0.0153	0.0000	0.0000	0.0000	0.0000	0.0023	0.0014	0.0043	0.0027	0.0029	0.0008	0.0021	0.0000	0.0049
7	62	0.0913	6	1	1	0	0	0	0	0	0	N	N	N	N	N	N	N	N	N	N	N	N	0.0000	0.0000	0.0000	0.0000	0.0000	0.0000	0.0000	0.0000	0.0000	0.0000	0.0000	0.0000	0.0000	0.0000	0.0000	0.0000	0.0000	0.0000	0.0006	0.0007	0.0005	0.0020	0.0021	0.0010	0.0002	0.0000	0.0005	0.4511	0.0000	-0.0000	2.2373	1.4525	1.9967	6.3634	0.0000	0.0000	0.0000	0.0000	0.0000	0.0000	0.0000	0.0000	0.0000	0.0000	0.0000	0.0000	0.0000	0.0000	0.0000	0.0000	0.0000	0.0000	0.0389	0.0352	0.0038	0.0132	0.0129	0.0003	0.0257	0.0223	0.0034	0.0580	0.0352	0.0228	0.0135	0.0120	0.0016	0.0444	0.0233	0.0212	0.0000	0.0000	0.0000	0.0000	0.0000	0.0000	0.0000	0.0000	0.0000	0.0006	0.0007	0.0005	0.0020	0.0021	0.0010	0.0002	0.0000	0.0005	
7	63	0.1707	9	2	2	0	1	0	0	0	0	Y	Y	N	N	N	N	N	N	N	N	N	N	0.0000	0.0000	0.0000	0.0000	0.0000	0.0000	0.0000	0.0000	0.0000	0.0000	0.0000	0.0000	0.0000	0.0000	0.0000	0.0000	0.0004	0.0008	0.0000	0.0019	0.0024	0.0000	0.0000	0.0000	0.0000	0.0001	0.0000	-0.0000	2.2373	2.0000	1.9967	2.0002	0.0000	0.0000	0.0000	0.0000	0.0000	0.0000	0.0000	0.0000	0.0000	0.0000	0.0000	0.0000	0.0000	0.0000	0.0000	0.0000	0.0000	0.0000	0.0388	0.0343	0.0045	0.0071	0.0067	0.0003	0.0317	0.0275	0.0042	0.0233	0.0133	0.0101	0.0051	0.0042	0.0009	0.0182	0.0091	0.0091	0.0000	0.0000	0.0000	0.0000	0.0000	0.0000	0.0000	0.0000	0.0000	0.0004	0.0008	0.0000	0.0019	0.0024	0.0000	0.0000	0.0000	0.0000			
7	64	0.1864	13	1	2	0	1	0	0	0	0	N	Y	N	N	N	N	N	N	N	N	N	N	0.0000	0.0000	0.0000	0.0000	0.0000	0.0000	0.0000	0.0000	0.0000	0.0000	0.0000	0.0000	0.0000	0.0000	0.0000	0.0000	0.0000	0.9066	1.6012	0.0006	2.2485	2.0990	0.0062	0.0000	0.0000	0.0000	0.0018	0.0000	-0.0033	2.2373	2.0059	1.9967	4.8036	0.0000	0.0000	0.0000	0.0000	0.0000	0.0000	0.0000	0.0000	0.0000	0.0056	0.0056	0.0000	0.0056	0.0056	0.0000	0.0000	0.0000	0.0000	0.0392	0.0347	0.0045	0.0077	0.0073	0.0004	0.0315	0.0274	0.0042	0.0395	0.0230	0.0165	0.0098	0.0082	0.0016	0.0297	0.0149	0.0149	0.0000	0.0000	0.0000	0.0000	0.0000	0.0000	0.0000	0.0000	0.0000	0.1426	0.2441	0.0006	0.5751	0.6875	0.0062	0.0000	0.0000	0.0000		
7	65	0.1836	11	1	2	0	0	0	0	0	0	N	Y	N	N	N	N	N	N	N	N	N	N	0.0000	0.0000	0.0000	0.0000	0.0000	0.0000	0.0000	0.0000	0.0000	0.0000	0.0000	0.0000	0.0000	0.0000	0.0000	0.0000	0.0000	0.0000	0.0000	0.0000	0.0000	0.0000	0.0000	0.0000	0.0000	0.4483	0.0000	-0.0000	2.2373	0.9804	1.9967	0.2754	0.0000	0.0000	0.0000	0.0000	0.0000	0.0000	0.0000	0.0000	0.0000	0.0000	0.0000	0.0000	0.0000	0.0000	0.0000	0.0000	0.0000	0.0000	0.0201	0.0178	0.0023	0.0040	0.0038	0.0001	0.0161	0.0140	0.0021	0.0083	0.0047	0.0036	0.0021	0.0018	0.0003	0.0062	0.0029	0.0032	0.0000	0.0000	0.0000	0.0000	0.0000	0.0000	0.0000	0.0000	0.0000	0.0000	0.0000	0.0000	0.0000	0.0000	0.0000	0.0000	0.0000	0.0000			
7	66	0.1814	12	1	1	1	1	0	0	0	0	N	N	N	N	N	N	N	N	N	N	N	N	0.0000	0.0000	0.0000	0.0000	0.0000	0.0000	0.0000	0.0000	0.0000	0.0000	0.0000	0.0000	0.0000	0.0000	0.0000	0.0000	0.0000	29.6391	0.0000	231.4984	0.0000	0.0000	0.0000	37.2956	0.0000	233.6566	8609260.1384	0.0000	0.3983	2.2373	0.9437	1.9967	4.8091	0.0000	0.0000	0.0000	0.0000	0.0000	0.0000	0.0000	0.0000	0.0000	0.9694	0.0000	0.9694	0.0000	0.0000	0.0000	0.9694	0.0000	0.9694	0.0246	0.0217	0.0030	0.0071	0.0068	0.0003	0.0175	0.0149	0.0026	0.0346	0.0202	0.0144	0.0086	0.0072	0.0014	0.0260	0.0130	0.0130	0.0000	0.0000	0.0000	0.0000	0.0000	0.0000	0.0000	0.0000	0.0000	28.0111	0.0000	67.4387	0.0000	0.0000	0.0000	37.2956	0.0000	74.5547		
7	67	0.1744	11	1	1	1	1	0	0	0	0	N	N	N	N	N	N	N	N	N	N	N	N	0.0000	0.0000	0.0000	0.0000	0.0000	0.0000	0.0000	0.0000	0.0000	0.0000	0.0000	0.0000	0.0000	0.0000	0.0000	0.0000	0.0015	0.0027	0.0000	0.0068	0.0082	0.0000	0.0000	0.0000	0.0000	0.0034	0.0000	-0.0000	2.2373	4.0088	1.9967	5.0246	0.0000	0.0000	0.0000	0.0000	0.0000	0.0000	0.0000	0.0000	0.0000	0.0001	0.0001	0.0000	0.0001	0.0001	0.0000	0.0000	0.0000	0.0000	0.0770	0.0681	0.0089	0.0141	0.0134	0.0006	0.0629	0.0546	0.0083	0.0521	0.0298	0.0223	0.0117	0.0096	0.0021	0.0404	0.0202	0.0202	0.0000	0.0000	0.0000	0.0000	0.0000	0.0000	0.0000	0.0000	0.0000	0.0015	0.0027	0.0000	0.0068	0.0082	0.0000	0.0000	0.0000	0.0000			
7	68	0.1864	13	1	1	1	1	0	0	0	0	N	N	N	N	N	N	N	N	N	N	N	N	0.0000	0.0000	0.0000	0.0000	0.0000	0.0000	0.0000	0.0000	0.0000	0.0000	0.0000	0.0000	0.0000	0.0000	0.0000	0.0000	0.0000	0.0054	0.0086	0.0009	0.0202	0.0241	0.0002	0.0005	0.0000	0.0010	0.0727	0.0000	-0.0001	2.2373	1.0064	1.9967	4.2000	0.0000	0.0000	0.0000	0.0000	0.0000	0.0000	0.0000	0.0000	0.0000	0.0002	0.0002	0.0000	0.0002	0.0002	0.0000	0.0000	0.0000	0.0000	0.0199	0.0176	0.0023	0.0039	0.0037	0.0002	0.0159	0.0138	0.0021	0.0308	0.0180	0.0128	0.0077	0.0065	0.0012	0.0231	0.0115	0.0115	0.0000	0.0000	0.0000	0.0000	0.0000	0.0000	0.0000	0.0000	0.0000	0.0054	0.0086	0.0009	0.0202	0.0241	0.0002	0.0005	0.0000	0.0010		
7	69	0.1814	12	1	1	0	1	0	0	0	0	N	N	N	N	N	N	N	N	N	N	N	N	0.0000	0.0000	0.0000	0.0000	0.0000	0.0000	0.0000	0.0000	0.0000	0.0000	0.0000	0.0000	0.0000	0.0000	0.0000	0.0000	0.0000	1.1294	1.6135	0.0347	2.1802	1.8767	0.0000	0.0190	0.0000	0.0381	0.0873	0.0000	-0.0010	2.2373	1.2889	1.9967	0.3511	0.0000	0.0000	0.0000	0.0000	0.0000	0.0000	0.0000	0.0000	0.0000	0.0019	0.0018	0.0002	0.0018	0.0018	0.0000	0.0002	0.0000	0.0002	0.0313	0.0276	0.0037	0.0084	0.0080	0.0004	0.0229	0.0196	0.0033	0.0113	0.0068	0.0045	0.0031	0.0027	0.0004	0.0082	0.0041	0.0041	0.0000	0.0000	0.0000	0.0000	0.0000	0.0000	0.0000	0.0000	0.0000	0.1711	0.2606	0.0347	0.5691	0.6525	0.0000	0.0190	0.0000	0.0381		
7	70	0.1744	11	1	1	0	1	0	0	0	0	N	N	N	N	N	N	N	N	N	N	N	N	0.0000	0.0000	0.0000	0.0000	0.0000	0.0000	0.0000	0.0000	0.0000	0.0000	0.0000	0.0000	0.0000	0.0000	0.0000	0.0000	0.0000	0.9381	0.0054	0.7710	0.0131	0.0155	0.0000	1.2376	0.0000	0.6881	45.4085	0.0000	0.0007	2.2373	0.7777	1.9967	1.1718	0.0000	0.0000	0.0000	0.0000	0.0000	0.0000	0.0000	0.0000	0.0000	0.0018	0.0000	0.0018	0.0000	0.0000	0.0000	0.0018	0.0000	0.0018	0.0153	0.0135	0.0018	0.0028	0.0027	0.0001	0.0125	0.0108	0.0017	0.0124	0.0072	0.0052	0.0030	0.0025	0.0005	0.0094	0.0047	0.0047	0.0000	0.0000	0.0000	0.0000	0.0000	0.0000	0.0000	0.0000	0.0000	0.1462	0.0054	0.3421	0.0131	0.0155	0.0000	0.1884	0.0000	0.3762		
7	71	0.1707	10	1	1	0	1	0	0	0	0	N	N	N	N	N	N	N	N	N	N	N	N	0.0000	0.0000	0.0000	0.0000	0.0000	0.0000	0.0000	0.0000	0.0000	0.0000	0.0000	0.0000	0.0000	0.0000	0.0000	0.0000	0.0048	0.0001	0.0111	0.0002	0.0003	0.0000	0.0061	0.0000	0.0122	97.7201	0.0000	0.0000	2.2373	0.9929	1.9967	0.0325	0.0000	0.0000	0.0000	0.0000	0.0000	0.0000	0.0000	0.0000	0.0000	0.0000	0.0000	0.0000	0.0000	0.0000	0.0000	0.0000	0.0000	0.0000	0.0194	0.0171	0.0023	0.0035	0.0034	0.0002	0.0158	0.0137	0.0021	0.0061	0.0035	0.0026	0.0013	0.0011	0.0002	0.0047	0.0024	0.0024	0.0000	0.0000	0.0000	0.0000	0.0000	0.0000	0.0000	0.0000	0.0000	0.0048	0.0001	0.0111	0.0002	0.0003	0.0000	0.0061	0.0000	0.0122			
7	72	0.2158	9	2	2	0	0	0	0	0	0	Y	Y	N	N	N	N	N	N	N	N	N	N	0.0000	0.0000	0.0000	0.0000	0.0000	0.0000	0.0000	0.0000	0.0000	0.0000	0.0000	0.0000	0.0000	0.0000	0.0000	0.0000	0.0000	0.0000	0.0000	0.0000	2.2373	0.0000	1.9967	0.0001	0.0000	0.0000	0.0000	0.0000	0.0000	0.0000	0.0000	0.0000	0.0000	0.0000	0.0000	0.0000	0.0000	0.0000	0.0000	0.0000	0.0000	0.0000	0.0000	0.0000	0.0000	0.0000	0.0000	0.0000	0.0000	0.0000	0.0000	0.0000	0.0000	0.0000	0.0000	0.0000	0.0000	0.0000	0.0000	0.0000	0.0000	0.0000	0.0000	0.0000	0.0000	0.0000	0.0000	0.0000	0.0000	0.0000	0.0000	0.0000	0.0000	0.0000	0.0000	0.0000	0.0000	0.0000											
7	73	0.1525	8	2	2	0	0	0	0	0	0	Y	Y	N	N	N	N	N	N	N	N	N	N	0.4580	1.8756	0.9225	0.1764	0.1546	0.0000	0.4935	inf	0.9188	5.2834	0.0000	45.9368	0.0000	0.0000	0.0000	6.3699	0.0000	49.1282	11.5365	0.0000	49.7966	0.0000	0.0000	0.0000	12.9069	0.0000	53.4712	1553270.6766	8749047.7483	0.6325	0.3976	2.2373	9.9619	1.9967	7.0378	0.9941	0.0000	0.9941	0.0000	0.0000	0.0000	0.9941	0.0000	0.9941	0.9676	0.0000	0.9676	0.0000	0.0000	0.0000	0.9676	0.0000	0.9676	0.1882	0.1665	0.0216	0.0321	0.0307	0.0014	0.1561	0.1358	0.0202	0.0949	0.0540	0.0410	0.0200	0.0164	0.0036	0.0750	0.0376	0.0374	0.5183	1.8756	1.9442	0.1764	0.1546	0.0000	0.4935	inf	1.8987	10.1939	0.0000	23.6282	0.0000	0.0000	0.0000	12.9069	0.0000	25.8749
7	74	0.1644	8	1	2	0	0	0	0	0	0	N	Y	N	N	N	N	N	N	N	N	N	N	0.0000	0.0000	0.0000	0.0000	0.0000	0.0000	0.0000	0.0000	0.0000	0.0000	0.0000	0.0000	0.0000	0.0000	0.0000	0.0000	0.0000	0.0000	0.0000	0.0000	0.0000	0.0000	0.0000	0.0000	0.0000	0.0000	2.2709	0.0000	0.0000	2.2373	7.0442	1.9967	2.0273	0.0000	0.0000	0.0000	0.0000	0.0000	0.0000	0.0000	0.0000	0.0000	0.0000	0.0000	0.0000	0.0000	0.0000	0.0000	0.0000	0.0000	0.0000	0.1576	0.1400	0.0176	0.0372	0.0355	0.0017	0.1204	0.1045	0.0159	0.0519	0.0294	0.0225	0.0125	0.0105	0.0020	0.0395	0.0189	0.0205	0.0000	0.0000	0.0000	0.0000	0.0000	0.0000	0.0000	0.0000	0.0000	0.0000	0.0000	0.0000	0.0000	0.0000	0.0000	0.0000	0.0000	0.0000		
7	75	0.1405	7	1	2	0	0	0	0	0	0	N	Y	N	N	N	N	N	N	N	N	N	N	0.0098	0.0084	0.0000	0.0132	0.0113	0.0000	0.0000	0.0000	0.0000	0.0001	0.0001	0.0000	0.0005	0.0005	0.0000	0.0000	0.0000	0.0000	0.0112	0.0146	0.0067	0.0389	0.0470	0.0000	0.0036	0.0000	0.0073	0.0000	0.3433	-0.0000	-0.0002	2.2373	4.3369	1.9967	3.0972	0.0000	0.0000	0.0000	0.0000	0.0000	0.0000	0.0000	0.0000	0.0000	0.0005	0.0004	0.0001	0.0004	0.0004	0.0000	0.0001	0.0000	0.0001	0.0998	0.0888	0.0110	0.0212	0.0206	0.0006	0.0786	0.0682	0.0104	0.0442	0.0253	0.0190	0.0095	0.0078	0.0016	0.0347	0.0174	0.0173	0.0098	0.0084	0.0000	0.0132	0.0113	0.0000	0.0000	0.0000	0.0000	0.0112	0.0146	0.0067	0.0389	0.0470	0.0000	0.0036	0.0000	0.0073
7	76	0.2277	12	2	2	0	0	0	0	0	0	Y	Y	N	N	N	N	N	N	N	N	N	N	0.0000	0.0000	0.0000	0.0000	0.0000	0.0000	0.0000	0.0000	0.0000	0.0000	0.0000	0.0000	0.0000	0.0000	0.0000	0.0000	0.0000	0.0000	0.0000	0.0000	0.0000	0.0000	inf	0.0000	0.0000	2.2373	1.9992	1.9967	0.0055	0.0000	0.0000	0.0000	0.0000	0.0000	0.0000	0.0000	0.0000	0.0000	0.0000	0.0000	0.0000	0.0000	0.0000	0.0000	0.0000	0.0000	0.0000	0.0542	0.0485	0.0058	0.0119	0.0114	0.0005	0.0423	0.0370	0.0053	0.0156	0.0088	0.0068	0.0042	0.0034	0.0008	0.0114	0.0054	0.0060	0.0000	0.0000	0.0000	0.0000	0.0000	0.0000	0.0000	0.0000	0.0000	0.0000	0.0000	0.0000	0.0000	0.0000	0.0000	0.0000	0.0000	0.0000						
7	77	0.1836	11	2	2	0	0	0	0	0	0	Y	Y	N	N	N	N	N	N	N	N	N	N	0.0000	0.0000	0.0000	0.0000	0.0000	0.0000	0.0000	0.0000	0.0000	0.0000	0.0000	0.0000	0.0000	0.0000	0.0000	0.0000	0.0007	0.0000	0.0017	0.0000	0.0000	0.0000	0.0009	0.0000	0.0019	9979.8200	0.0000	0.0000	2.2373	5.0219	1.9967	2.0148	0.0000	0.0000	0.0000	0.0000	0.0000	0.0000	0.0000	0.0000	0.0000	0.0000	0.0000	0.0000	0.0000	0.0000	0.0000	0.0000	0.0000	0.0000	0.0968	0.0857	0.0110	0.0180	0.0173	0.0007	0.0787	0.0684	0.0103	0.0412	0.0235	0.0177	0.0095	0.0079	0.0017	0.0317	0.0156	0.0160	0.0000	0.0000	0.0000	0.0000	0.0000	0.0000	0.0000	0.0000	0.0000	0.0007	0.0000	0.0017	0.0000	0.0000	0.0000	0.0009	0.0000	0.0019			
7	78	0.1707	10	1	2	0	0	0	0	0	0	N	Y	N	N	N	N	N	N	N	N	N	N	0.0000	0.0000	0.0000	0.0000	0.0000	0.0000	0.0000	0.0000	0.0000	0.0000	0.0000	0.0000	0.0000	0.0000	0.0000	0.0000	0.0000	0.0000	0.0000	0.0000	0.0000	0.0000	0.0000	0.0000	0.0000	0.5546	0.0000	-0.0000	2.2373	1.0203	1.9967	2.7327	0.0000	0.0000	0.0000	0.0000	0.0000	0.0000	0.0000	0.0000	0.0000	0.0000	0.0000	0.0000	0.0000	0.0000	0.0000	0.0000	0.0000	0.0000	0.0199	0.0176	0.0023	0.0036	0.0034	0.0002	0.0163	0.0141	0.0021	0.0219	0.0125	0.0095	0.0048	0.0039	0.0009	0.0171	0.0085	0.0086	0.0000	0.0000	0.0000	0.0000	0.0000	0.0000	0.0000	0.0000	0.0000	0.0000	0.0000	0.0000	0.0000	0.0000	0.0000	0.0000	0.0000	0.0000			
7	79	0.1707	9	1	1	0	0	0	0	0	0	N	N	N	N	N	N	N	N	N	N	N	N	0.0000	0.0000	0.0000	0.0000	0.0000	0.0000	0.0000	0.0000	0.0000	0.0000	0.0000	0.0000	0.0000	0.0000	0.0000	0.0000	0.0001	0.0001	0.0002	0.0002	0.0002	0.0000	0.0001	0.0000	0.0002	1.0000	0.0000	-0.0000	2.2373	0.0000	1.9967	0.0018	0.0000	0.0000	0.0000	0.0000	0.0000	0.0000	0.0000	0.0000	0.0000	0.0000	0.0000	0.0000	0.0000	0.0000	0.0000	0.0000	0.0000	0.0000	0.0000	0.0000	0.0000	0.0000	0.0000	0.0000	0.0000	0.0000	0.0000	0.0000	0.0000	0.0000	0.0000	0.0000	0.0000	0.0000	0.0000	0.0000	0.0000	0.0000	0.0000	0.0000	0.0000	0.0000	0.0000	0.0000	0.0000	0.0001	0.0001	0.0002	0.0002	0.0002	0.0000	0.0001	0.0000	0.0002			
7	80	0.1525	8	1	1	0	0	0	0	0	0	N	N	N	N	N	N	N	N	N	N	N	N	0.0126	0.0083	0.0000	0.0299	0.0330	0.0000	8.7940	inf	0.0000	0.0096	0.0109	0.0000	0.0540	0.0564	0.0000	0.0000	0.0000	0.0000	0.7670	1.3169	0.0000	1.8057	1.7059	0.0000	0.0000	0.0000	0.0000	0.0000	0.0000	-0.0002	-0.0021	2.2373	3.0825	1.9967	2.0124	0.0006	0.0006	0.0000	0.0006	0.0006	0.0000	0.0000	0.0000	0.0000	0.0035	0.0035	0.0000	0.0035	0.0035	0.0000	0.0000	0.0000	0.0000	0.0619	0.0548	0.0071	0.0111	0.0106	0.0005	0.0509	0.0442	0.0067	0.0308	0.0175	0.0133	0.0067	0.0056	0.0011	0.0241	0.0120	0.0122	0.0844	0.0542	0.0000	0.1026	0.0890	0.0000	8.7940	inf	0.0000	0.1143	0.2010	0.0000	0.5261	0.6335	0.0000	0.0000	0.0000	0.0000
7	81	0.1405	7	1	1	0	0	0	0	0	0	N	N	N	N	N	N	N	N	N	N	N	N	0.0129	0.2347	0.0769	0.0072	0.0062	0.0000	0.0144	1611.2960	0.0920	0.0142	0.0083	0.0624	0.0005	0.0005	0.0000	0.0181	0.0108	0.0659	1.1049	0.0355	0.8110	0.0719	0.0863	0.0001	1.2592	0.0000	0.7157	0.9203	9.5760	0.0001	0.0012	2.2373	3.6751	1.9967	0.0788	0.0012	0.0006	0.0006	0.0000	0.0000	0.0000	0.0012	0.0006	0.0006	0.0039	0.0004	0.0035	0.0004	0.0004	0.0000	0.0035	0.0000	0.0035	0.0875	0.0779	0.0096	0.0193	0.0188	0.0005	0.0681	0.0591	0.0091	0.0232	0.0133	0.0099	0.0051	0.0043	0.0009	0.0181	0.0091	0.0090	0.0848	0.3014	0.1748	0.0072	0.0062	0.0000	0.0930	1611.2960	0.1685	0.1678	0.0276	0.3570	0.0719	0.0863	0.0001	0.1949	0.0000	0.3909
7	82	0.0913	6	1	1	0	0	0	0	0	0	N	N	N	N	N	N	N	N	N	N	N	N	0.0145	0.0112	0.0515	0.0000	0.0000	0.0000	0.0147	4.3507	0.0498	0.0001	0.0000	0.0005	0.0000	0.0000	0.0000	0.0001	0.0000	0.0005	0.0044	0.0006	0.0099	0.0017	0.0018	0.0007	0.0051	0.0000	0.0106	10.3815	12.3785	0.0000	0.0001	2.2373	8.5011	1.9967	5.2406	0.0000	0.0000	0.0000	0.0000	0.0000	0.0000	0.0000	0.0000	0.0000	0.0004	0.0000	0.0004	0.0000	0.0000	0.0000	0.0004	0.0000	0.0004	0.1711	0.1515	0.0196	0.0270	0.0263	0.0007	0.1441	0.1252	0.0189	0.0908	0.0532	0.0376	0.0190	0.0163	0.0027	0.0718	0.0369	0.0349	0.0145	0.0112	0.0515	0.0000	0.0000	0.0000	0.0147	4.3507	0.0498	0.0044	0.0006	0.0099	0.0017	0.0018	0.0007	0.0051	0.0000	0.0106
8	9	0.0577	2	0	2	0	0	0	0	0	0	N	Y	N	N	N	N	N	N	N	N	N	N	28924.5472	19918.6401	0.0000	27.6556	24.5801	0.0000	1784603.2331	inf	0.0000	10.0118	11.5482	0.0000	0.0645	0.0685	0.0000	10.5881	12.2733	0.0000	0.0003	0.0006	0.0000	0.0023	0.0028	0.0001	0.0000	0.0000	0.0000	0.0000	0.0225	-0.3486	-0.0000	4.0000	2.9770	7.0000	5.0602	0.9582	0.9582	0.0000	0.0003	0.0003	0.0000	0.9578	0.9578	0.0000	0.0001	0.0000	0.0000	0.0001	0.0000	0.0000	0.0000	0.0000	0.0000	0.0957	0.0830	0.0127	0.0052	0.0049	0.0003	0.0905	0.0780	0.0124	0.1477	0.0862	0.0615	0.0216	0.0179	0.0037	0.1261	0.0683	0.0578	28924.5472	19918.6401	0.0000	27.6556	24.5801	0.0000	1784603.2331	inf	0.0000	0.0003	0.0006	0.0000	0.0023	0.0028	0.0001	0.0000	0.0000	0.0000
8	10	0.1724	5	0	2	0	0	0	0	0	0	N	Y	N	N	N	N	N	N	N	N	N	N	0.2081	0.0000	7804.4655	0.0000	0.0000	0.0000	3758.4628	13777.5293	0.0001	0.0000	0.0004	0.0000	0.0000	0.0000	0.0001	0.0000	0.0005	0.0002	0.0004	0.0000	0.0015	0.0018	0.0000	0.0000	0.0000	0.0000	inf	0.0001	0.0000	-0.0000	4.0000	5.2144	7.0000	4.0122	0.0000	0.0000	0.0000	0.0000	0.0000	0.0000	0.0000	0.0000	0.0000	0.0000	0.0000	0.0000	0.0000	0.0000	0.0000	0.0000	0.0000	0.0000	0.1962	0.1724	0.0238	0.0441	0.0414	0.0026	0.1522	0.1310	0.0212	0.1225	0.0668	0.0557	0.0195	0.0163	0.0032	0.1030	0.0505	0.0525	0.2081	0.0000	7804.4655	0.0000	0.0000	0.0000	3758.4628	0.0000	13777.5293	0.0002	0.0004	0.0000	0.0015	0.0018	0.0000	0.0000	0.0000	0.0000	
8	11	0.1626	6	0	2	0	0	0	0	0	0	N	Y	N	N	N	N	N	N	N	N	N	N	inf	inf	inf	inf	0.0007	0.0008	0.0000	0.0077	0.0084	0.0000	0.0000	0.0000	0.0000	0.0000	0.0000	0.0000	0.0000	0.0000	0.0000	0.0000	0.0000	0.0000	0.0000	-0.0000	0.0000	4.0000	1.0002	7.0000	2.9310	0.0000	0.0000	0.0000	0.0000	0.0000	0.0000	0.0000	0.0000	0.0000	0.0000	0.0000	0.0000	0.0000	0.0000	0.0000	0.0000	0.0000	0.0000	0.0304	0.0263	0.0041	0.0026	0.0024	0.0002	0.0278	0.0239	0.0039	0.0572	0.0325	0.0247	0.0116	0.0097	0.0019	0.0456	0.0229	0.0227	inf	inf	0.0000	inf	inf	0.0000	0.0000	0.0000	0.0000	0.0000	0.0000	0.0000	0.0000	0.0000	0.0000	0.0000	0.0000	0.0000						
8	12	0.1626	5	0	1	0	0	0	0	0	0	N	N	N	N	N	N	N	N	N	N	N	N	inf	inf	inf	inf	inf	inf	inf	2.0423	1.1486	9.2027	2.5574	2.6237	0.0000	1.6998	0.0000	10.1232	0.0000	0.0000	0.0000	0.0000	0.0000	0.0000	0.0000	0.0000	0.0000	1.0000	0.0000	0.0000	4.0000	0.0003	7.0000	0.1375	0.0000	0.0000	0.0000	0.0000	0.0000	0.0000	0.0000	0.0000	0.0000	0.0000	0.0000	0.0000	0.0000	0.0000	0.0000	0.0000	0.0000	0.0000	0.0000	0.0000	0.0000	0.0000	0.0000	0.0000	0.0000	0.0000	0.0000	0.0065	0.0043	0.0021	0.0026	0.0026	0.0001	0.0038	0.0018	0.0021	inf	inf	inf	inf	inf	0.0000	inf	0.0000	inf	0.0000	0.0000	0.0000	0.0000	0.0000	0.0000	0.0000	0.0000	0.0000			
8	13	0.1377	4	0	2	0	0	0	0	0	0	N	Y	N	N	N	N	N	N	N	N	N	N	0.0000	0.0000	0.0000	0.0000	0.0000	0.0000	0.0000	0.0000	0.0000	0.0000	0.0000	0.0000	0.0000	0.0003	0.0006	0.0000	0.0016	0.0019	0.0000	0.0000	0.0000	0.0000	0.0000	0.0000	-0.0000	4.0000	3.9729	7.0000	5.4895	0.0000	0.0000	0.0000	0.0000	0.0000	0.0000	0.0000	0.0000	0.0000	0.0000	0.0000	0.0000	0.0000	0.0000	0.0000	0.0000	0.0000	0.0000	0.1240	0.1074	0.0165	0.0099	0.0093	0.0006	0.1140	0.0981	0.0159	0.1453	0.0801	0.0652	0.0310	0.0265	0.0045	0.1143	0.0536	0.0607	0.0000	0.0000	0.0000	0.0000	0.0000	0.0000	0.0000	0.0000	0.0000	0.0003	0.0006	0.0000	0.0016	0.0019	0.0000	0.0000	0.0000	0.0000						
8	14	0.0413	3	1	2	0	0	0	0	0	0	N	Y	N	N	N	N	N	N	N	N	N	N	82250.2297	47066.7957	0.3705	0.4695	inf	inf	3.4948	4.0470	0.0000	0.0853	0.0908	0.0000	3.5018	4.0558	0.0000	0.0000	0.0001	0.0000	0.2302	0.1934	0.0000	0.0000	0.0000	0.0000	0.0000	0.0000	-0.3638	-0.0000	4.0000	10.0000	7.0000	6.0013	1.0000	1.0000	0.0000	0.0000	0.0000	0.0000	0.9999	0.9999	0.0000	0.0000	0.0000	0.0000	0.0000	0.0000	0.0000	0.0000	0.0000	0.0000	0.2861	0.2471	0.0390	0.0006	0.0006	0.0000	0.2855	0.2465	0.0390	0.2353	0.1163	0.1190	0.0001	0.0001	0.0000	0.2353	0.1162	0.1190	82250.2297	47066.7957	0.0000	0.4719	0.4839	0.0000	inf	inf	0.0000	0.0000	0.0001	0.0000	0.1808	0.1877	0.0000	0.0000	0.0000	0.0000			
8	15	0.1626	5	0	2	0	0	0	0	0	0	N	Y	N	N	N	N	N	N	N	N	N	N	inf	inf	inf	inf	0.0002	0.0003	0.0000	0.0026	0.0028	0.0000	0.0000	0.0000	0.0000	0.0000	0.0000	0.0000	0.0000	0.0000	0.0000	0.0000	0.0000	0.0000	0.0000	-0.0000	0.0000	4.0000	2.9999	7.0000	3.0728	0.0000	0.0000	0.0000	0.0000	0.0000	0.0000	0.0000	0.0000	0.0000	0.0000	0.0000	0.0000	0.0000	0.0000	0.0000	0.0000	0.0000	0.0000	0.0901	0.0781	0.0120	0.0077	0.0071	0.0006	0.0824	0.0710	0.0114	0.0850	0.0480	0.0370	0.0165	0.0135	0.0030	0.0685	0.0345	0.0340	inf	inf	0.0000	inf	inf	0.0000	0.0000	0.0000	0.0000	0.0000	0.0000	0.0000	0.0000	0.0000	0.0000	0.0000	0.0000	0.0000						
8	16	0.1377	4	0	1	0	0	0	0	0	0	N	N	N	N	N	N	N	N	N	N	N	N	0.2663	0.0000	inf	0.0000	0.0000	inf	inf	0.0001	0.0000	0.0008	0.0000	0.0000	0.0000	0.0001	0.0000	0.0009	0.0004	0.0007	0.0000	0.0018	0.0021	0.0000	0.0000	0.0000	0.0000	inf	0.0000	0.0000	-0.0000	4.0000	6.0396	7.0000	1.6050	0.0000	0.0000	0.0000	0.0000	0.0000	0.0000	0.0000	0.0000	0.0000	0.0000	0.0000	0.0000	0.0000	0.0000	0.0000	0.0000	0.0000	0.0000	0.1836	0.1592	0.0245	0.0137	0.0127	0.0010	0.1700	0.1465	0.0235	0.1222	0.0673	0.0549	0.0272	0.0235	0.0037	0.0950	0.0438	0.0512	0.2663	0.0000	inf	0.0000	0.0000	0.0000	inf	0.0000	inf	0.0004	0.0007	0.0000	0.0018	0.0021	0.0000	0.0000	0.0000	0.0000		
8	17	0.2087	10	1	2	0	0	0	0	0	0	N	Y	N	N	N	N	N	N	N	N	N	N	0.0000	0.0000	0.0000	0.0000	0.0000	0.0000	0.0000	0.0000	0.0000	0.0000	0.0000	0.0000	0.0000	0.0000	0.0000	0.0000	0.0000	0.0000	0.0000	0.0000	4.0000	0.9996	7.0000	1.7768	0.0000	0.0000	0.0000	0.0000	0.0000	0.0000	0.0000	0.0000	0.0000	0.0000	0.0000	0.0000	0.0000	0.0000	0.0000	0.0000	0.0000	0.0000	0.0292	0.0255	0.0037	0.0058	0.0054	0.0004	0.0234	0.0202	0.0033	0.0395	0.0226	0.0169	0.0118	0.0099	0.0019	0.0276	0.0127	0.0150	0.0000	0.0000	0.0000	0.0000	0.0000	0.0000	0.0000	0.0000	0.0000	0.0000	0.0000	0.0000	0.0000	0.0000	0.0000	0.0000	0.0000	0.0000											
8	18	0.0642	6	0	2	0	0	0	0	0	0	N	Y	N	N	N	N	N	N	N	N	N	N	0.0000	0.0000	0.0000	0.0000	0.0000	0.0000	0.0000	0.0000	0.0000	0.0000	0.0000	0.0000	0.0000	0.0000	0.0000	0.0000	0.0000	0.0000	0.0000	0.0000	4.0000	4.7641	7.0000	2.0666	0.0000	0.0000	0.0000	0.0000	0.0000	0.0000	0.0000	0.0000	0.0000	0.0000	0.0000	0.0000	0.0000	0.0000	0.0000	0.0000	0.0000	0.0000	0.1513	0.1317	0.0196	0.0067	0.0066	0.0001	0.1447	0.1251	0.0196	0.1098	0.0557	0.0541	0.0074	0.0061	0.0013	0.1024	0.0496	0.0528	0.0000	0.0000	0.0000	0.0000	0.0000	0.0000	0.0000	0.0000	0.0000	0.0000	0.0000	0.0000	0.0000	0.0000	0.0000	0.0000	0.0000	0.0000											
8	19	0.0467	5	0	2	0	0	0	0	0	0	N	Y	N	N	N	N	N	N	N	N	N	N	0.0798	0.0482	0.0592	0.0551	0.0004	0.0004	0.0000	0.0035	0.0035	0.0000	0.0000	0.0000	0.0000	0.0047	0.0087	0.0000	0.0596	0.0641	0.0000	0.0000	0.0000	0.0000	0.0000	0.0000	-0.0000	-0.0003	4.0000	1.4176	7.0000	5.1148	0.0000	0.0000	0.0000	0.0000	0.0000	0.0000	0.0000	0.0000	0.0000	0.0005	0.0005	0.0000	0.0005	0.0005	0.0000	0.0000	0.0000	0.0000	0.0537	0.0475	0.0062	0.0057	0.0057	0.0000	0.0480	0.0418	0.0062	0.1156	0.0618	0.0538	0.0091	0.0084	0.0006	0.1065	0.0534	0.0532	0.0798	0.0482	0.0000	0.0592	0.0551	0.0000	0.0000	0.0000	0.0000	0.0047	0.0087	0.0000	0.0596	0.0641	0.0000	0.0000	0.0000	0.0000					
8	20	0.2035	9	0	2	1	1	0	0	0	0	N	Y	N	N	N	N	N	N	N	N	N	N	0.0000	0.0000	0.0000	0.0000	0.0000	0.0000	0.0000	0.0000	0.0000	0.0000	0.0000	0.0000	0.0000	0.0000	0.0000	0.0000	0.0000	0.0000	0.0000	0.0000	4.0000	0.0000	7.0000	0.0000	0.0000	0.0000	0.0000	0.0000	0.0000	0.0000	0.0000	0.0000	0.0000	0.0000	0.0000	0.0000	0.0000	0.0000	0.0000	0.0000	0.0000	0.0000	0.0000	0.0000	0.0000	0.0000	0.0000	0.0000	0.0000	0.0000	0.0000	0.0000	0.0000	0.0000	0.0000	0.0000	0.0000	0.0000	0.0000	0.0000	0.0000	0.0000	0.0000	0.0000	0.0000	0.0000	0.0000	0.0000	0.0000	0.0000	0.0000	0.0000	0.0000	0.0000	0.0000	0.0000	0.0000	0.0000											
8	21	0.1600	8	0	1	0	1	0	0	0	0	N	N	N	N	N	N	N	N	N	N	N	N	0.0000	0.0000	0.0000	0.0000	0.0000	0.0000	0.0000	0.0000	0.0000	0.0000	0.0000	0.0000	0.0000	0.0000	0.0000	0.0000	0.0000	0.0000	0.0000	0.0000	4.0000	6.0371	7.0000	11.7316	0.0000	0.0000	0.0000	0.0000	0.0000	0.0000	0.0000	0.0000	0.0000	0.0000	0.0000	0.0000	0.0000	0.0000	0.0000	0.0000	0.0000	0.0000	0.1741	0.1517	0.0224	0.0196	0.0183	0.0013	0.1545	0.1334	0.0211	0.2314	0.1362	0.0952	0.0546	0.0433	0.0114	0.1767	0.0929	0.0838	0.0000	0.0000	0.0000	0.0000	0.0000	0.0000	0.0000	0.0000	0.0000	0.0000	0.0000	0.0000	0.0000	0.0000	0.0000	0.0000	0.0000	0.0000											
8	22	0.0993	3	0	2	0	0	0	0	0	0	N	Y	N	N	N	N	N	N	N	N	N	N	0.0000	0.0000	0.0000	0.0000	0.0000	0.0000	0.0000	0.0000	0.0000	0.0000	0.0000	0.0000	0.0000	0.0000	0.0000	0.0000	0.0000	0.0000	0.0000	0.0000	4.0000	11.9950	7.0000	7.9469	0.0000	0.0000	0.0000	0.0000	0.0000	0.0000	0.0000	0.0000	0.0000	0.0000	0.0000	0.0000	0.0000	0.0000	0.0000	0.0000	0.0000	0.0000	0.3590	0.3128	0.0462	0.0327	0.0309	0.0018	0.3262	0.2819	0.0444	0.2879	0.1609	0.1270	0.0359	0.0304	0.0055	0.2519	0.1305	0.1215	0.0000	0.0000	0.0000	0.0000	0.0000	0.0000	0.0000	0.0000	0.0000	0.0000	0.0000	0.0000	0.0000	0.0000	0.0000	0.0000	0.0000	0.0000											
8	23	0.2357	9	1	2	0	0	0	0	0	0	N	Y	N	N	N	N	N	N	N	N	N	N	inf	inf	inf	inf	inf	inf	4.3595	0.0000	45.8463	9.4279	0.0000	126.9979	0.1694	0.0000	1.5084	0.0000	0.0000	0.0000	0.0000	0.0000	0.0000	0.0000	0.0000	0.0000	inf	0.0003	0.0000	4.0000	0.0013	7.0000	0.9984	0.0005	0.0000	0.0005	0.0005	0.0000	0.0005	0.0000	0.0000	0.0000	0.0000	0.0000	0.0000	0.0000	0.0000	0.0000	0.0000	0.0000	0.0000	0.0001	0.0001	0.0000	0.0000	0.0000	0.0000	0.0001	0.0001	0.0000	0.0179	0.0097	0.0082	0.0031	0.0024	0.0006	0.0148	0.0072	0.0076	inf	0.0000	inf	inf	0.0000	inf	inf	0.0000	inf	0.0000	0.0000	0.0000	0.0000	0.0000	0.0000	0.0000	0.0000	0.0000				
8	24	0.1823	10	0	2	0	1	0	0	0	0	N	Y	N	N	N	N	N	N	N	N	N	N	0.0000	0.0000	0.0000	0.0000	0.0000	0.0000	0.0000	0.0000	0.0000	0.0000	0.0000	0.0000	0.0000	0.0000	0.0000	0.0000	0.0000	0.0000	0.0000	0.0000	inf	0.0000	0.0000	4.0000	6.0729	7.0000	6.2374	0.0000	0.0000	0.0000	0.0000	0.0000	0.0000	0.0000	0.0000	0.0000	0.0000	0.0000	0.0000	0.0000	0.0000	0.0000	0.0000	0.0000	0.0000	0.1838	0.1608	0.0230	0.0267	0.0251	0.0016	0.1571	0.1357	0.0214	0.1670	0.0999	0.0672	0.0400	0.0325	0.0075	0.1270	0.0673	0.0597	0.0000	0.0000	0.0000	0.0000	0.0000	0.0000	0.0000	0.0000	0.0000	0.0000	0.0000	0.0000	0.0000	0.0000	0.0000	0.0000	0.0000	0.0000								
8	25	0.1249	6	1	2	0	0	0	0	0	0	N	Y	N	N	N	N	N	N	N	N	N	N	0.0000	0.0000	0.0000	0.0000	0.0000	0.0000	0.0000	0.0000	0.0000	0.0000	0.0000	0.0000	0.0000	0.0000	0.0000	0.0000	0.0001	0.0002	0.0000	0.0000	0.0000	0.0000	0.0000	0.0000	-0.0000	4.0000	19.6128	7.0000	15.0566	0.0000	0.0000	0.0000	0.0000	0.0000	0.0000	0.0000	0.0000	0.0000	0.0000	0.0000	0.0000	0.0000	0.0000	0.0000	0.0000	0.0000	0.0000	0.5769	0.5034	0.0735	0.0642	0.0584	0.0058	0.5127	0.4450	0.0676	0.4240	0.2395	0.1845	0.0806	0.0612	0.0193	0.3434	0.1782	0.1652	0.0000	0.0000	0.0000	0.0000	0.0000	0.0000	0.0000	0.0000	0.0000	0.0000	0.0000	0.0000	0.0001	0.0002	0.0000	0.0000	0.0000	0.0000						
8	26	0.2379	9	0	1	1	0	0	0	0	0	N	N	N	N	N	N	N	N	N	N	N	N	0.0000	0.0000	0.0000	0.0000	0.0000	0.0000	0.0000	0.0000	0.0000	0.0000	0.0000	0.0000	0.0000	0.0000	0.0000	0.0000	0.0000	0.0000	0.0000	0.0000	4.0000	0.0000	7.0000	0.0000	0.0000	0.0000	0.0000	0.0000	0.0000	0.0000	0.0000	0.0000	0.0000	0.0000	0.0000	0.0000	0.0000	0.0000	0.0000	0.0000	0.0000	0.0000	0.0000	0.0000	0.0000	0.0000	0.0000	0.0000	0.0000	0.0000	0.0000	0.0000	0.0000	0.0000	0.0000	0.0000	0.0000	0.0000	0.0000	0.0000	0.0000	0.0000	0.0000	0.0000	0.0000	0.0000	0.0000	0.0000	0.0000	0.0000	0.0000	0.0000	0.0000	0.0000	0.0000	0.0000	0.0000	0.0000											
8	27	0.2087	10	1	1	1	0	0	0	0	0	N	N	N	N	N	N	N	N	N	N	N	N	0.0000	0.0000	0.0000	0.0000	0.0000	0.0000	0.0000	0.0000	0.0000	0.0000	0.0000	0.0000	0.0000	0.0000	0.0000	0.0000	0.0000	0.0000	0.0000	0.0000	4.0000	6.0046	7.0000	3.2467	0.0000	0.0000	0.0000	0.0000	0.0000	0.0000	0.0000	0.0000	0.0000	0.0000	0.0000	0.0000	0.0000	0.0000	0.0000	0.0000	0.0000	0.0000	0.1655	0.1448	0.0207	0.0312	0.0289	0.0023	0.1343	0.1159	0.0184	0.1118	0.0638	0.0480	0.0302	0.0242	0.0061	0.0816	0.0396	0.0420	0.0000	0.0000	0.0000	0.0000	0.0000	0.0000	0.0000	0.0000	0.0000	0.0000	0.0000	0.0000	0.0000	0.0000	0.0000	0.0000	0.0000	0.0000											
8	28	0.1723	9	1	1	0	0	0	0	0	0	N	N	N	N	N	N	N	N	N	N	N	N	0.0000	0.0000	0.0000	0.0000	0.0000	0.0000	0.0000	0.0000	0.0000	0.0000	0.0000	0.0000	0.0000	0.0000	0.0000	0.0000	0.0000	0.0000	0.0000	0.0000	4.0000	7.0330	7.0000	8.3476	0.0000	0.0000	0.0000	0.0000	0.0000	0.0000	0.0000	0.0000	0.0000	0.0000	0.0000	0.0000	0.0000	0.0000	0.0000	0.0000	0.0000	0.0000	0.2131	0.1859	0.0272	0.0309	0.0290	0.0018	0.1823	0.1569	0.0254	0.2052	0.1210	0.0842	0.0491	0.0398	0.0092	0.1562	0.0812	0.0750	0.0000	0.0000	0.0000	0.0000	0.0000	0.0000	0.0000	0.0000	0.0000	0.0000	0.0000	0.0000	0.0000	0.0000	0.0000	0.0000	0.0000	0.0000											
8	29	0.1823	10	0	2	0	1	0	0	0	0	N	Y	N	N	N	N	N	N	N	N	N	N	0.0000	0.0000	0.0000	0.0000	0.0000	0.0000	0.0000	0.0000	0.0000	0.0000	0.0000	0.0000	0.0000	0.0000	0.0000	0.0000	0.0000	0.0000	0.0000	0.0000	4.0000	12.7698	7.0000	10.8465	0.0000	0.0000	0.0000	0.0000	0.0000	0.0000	0.0000	0.0000	0.0000	0.0000	0.0000	0.0000	0.0000	0.0000	0.0000	0.0000	0.0000	0.0000	0.3626	0.3172	0.0455	0.0494	0.0462	0.0032	0.3132	0.2709	0.0423	0.2878	0.1681	0.1197	0.0644	0.0509	0.0136	0.2234	0.1173	0.1061	0.0000	0.0000	0.0000	0.0000	0.0000	0.0000	0.0000	0.0000	0.0000	0.0000	0.0000	0.0000	0.0000	0.0000	0.0000	0.0000	0.0000	0.0000											
8	30	0.0416	4	1	1	1	0	0	0	0	0	N	N	N	N	N	N	N	N	N	N	N	N	0.0000	0.0000	0.0000	0.0000	0.0000	0.0000	0.0000	0.0000	0.0000	0.0000	0.0000	0.0000	0.0000	4.5107	0.0000	17.7119	0.0000	0.0000	0.0000	4.0959	0.0000	16.2138	inf	0.0000	0.4109	4.0000	11.8338	7.0000	5.9707	0.0000	0.0000	0.0000	0.0000	0.0000	0.0000	0.0000	0.0000	0.0000	0.9999	0.0000	0.9999	0.0000	0.0000	0.0000	0.9999	0.0000	0.9999	0.3421	0.2964	0.0457	0.0045	0.0045	0.0001	0.3375	0.2919	0.0456	0.2596	0.1286	0.1310	0.0003	0.0003	0.0000	0.2593	0.1283	0.1310	0.0000	0.0000	0.0000	0.0000	0.0000	0.0000	0.0000	0.0000	0.0000	3.8523	0.0000	7.6337	0.0000	0.0000	0.0000	3.8562	0.0000	7.6339						
8	31	0.1823	10	0	1	1	0	0	0	0	0	N	N	N	N	N	N	N	N	N	N	N	N	0.0000	0.0000	0.0000	0.0000	0.0000	0.0000	0.0000	0.0000	0.0000	0.0000	0.0000	0.0000	0.0000	0.0000	0.0000	0.0000	0.0000	0.0000	0.0000	0.0000	4.0000	6.9288	7.0000	3.0309	0.0000	0.0000	0.0000	0.0000	0.0000	0.0000	0.0000	0.0000	0.0000	0.0000	0.0000	0.0000	0.0000	0.0000	0.0000	0.0000	0.0000	0.0000	0.2079	0.1819	0.0261	0.0298	0.0280	0.0018	0.1782	0.1539	0.0243	0.1405	0.0848	0.0556	0.0346	0.0284	0.0062	0.1059	0.0564	0.0494	0.0000	0.0000	0.0000	0.0000	0.0000	0.0000	0.0000	0.0000	0.0000	0.0000	0.0000	0.0000	0.0000	0.0000	0.0000	0.0000	0.0000	0.0000											
8	32	0.1723	9	0	1	0	0	0	0	0	0	N	N	N	N	N	N	N	N	N	N	N	N	0.0000	0.0000	0.0000	0.0000	0.0000	0.0000	0.0000	0.0000	0.0000	0.0000	0.0000	0.0000	0.0000	0.0000	0.0000	0.0000	0.0000	0.0000	0.0000	-0.0000	4.0000	1.8775	7.0000	3.1058	0.0000	0.0000	0.0000	0.0000	0.0000	0.0000	0.0000	0.0000	0.0000	0.0000	0.0000	0.0000	0.0000	0.0000	0.0000	0.0000	0.0000	0.0000	0.0694	0.0607	0.0087	0.0146	0.0140	0.0006	0.0548	0.0467	0.0081	0.0862	0.0540	0.0322	0.0250	0.0218	0.0032	0.0613	0.0322	0.0290	0.0000	0.0000	0.0000	0.0000	0.0000	0.0000	0.0000	0.0000	0.0000	0.0000	0.0000	0.0000	0.0000	0.0000	0.0000	0.0000	0.0000	0.0000											
8	33	0.1600	8	0	1	0	0	0	0	0	0	N	N	N	N	N	N	N	N	N	N	N	N	0.0000	0.0000	0.0000	0.0000	0.0000	0.0000	0.0000	0.0000	0.0000	0.0000	0.0000	0.0000	0.0000	0.0000	0.0000	0.0000	0.0000	0.0000	0.0000	0.0000	4.0000	5.3867	7.0000	0.9197	0.0000	0.0000	0.0000	0.0000	0.0000	0.0000	0.0000	0.0000	0.0000	0.0000	0.0000	0.0000	0.0000	0.0000	0.0000	0.0000	0.0000	0.0000	0.1561	0.1360	0.0201	0.0176	0.0164	0.0012	0.1385	0.1195	0.0189	0.1013	0.0628	0.0385	0.0279	0.0236	0.0043	0.0734	0.0392	0.0342	0.0000	0.0000	0.0000	0.0000	0.0000	0.0000	0.0000	0.0000	0.0000	0.0000	0.0000	0.0000	0.0000	0.0000	0.0000	0.0000	0.0000	0.0000											
8	34	0.2432	10	0	2	0	0	0	0	0	0	N	Y	N	N	N	N	N	N	N	N	N	N	0.0000	0.0000	0.0000	0.0000	0.0000	0.0000	0.0000	0.0000	0.0000	0.0000	0.0000	0.0000	0.0000	0.0000	0.0000	0.0000	0.0000	0.0000	0.0000	0.0000	4.0000	0.0019	7.0000	3.0025	0.0000	0.0000	0.0000	0.0000	0.0000	0.0000	0.0000	0.0000	0.0000	0.0000	0.0000	0.0000	0.0000	0.0000	0.0000	0.0000	0.0000	0.0000	0.0002	0.0002	0.0000	0.0001	0.0001	0.0000	0.0001	0.0001	0.0000	0.0339	0.0205	0.0134	0.0094	0.0073	0.0020	0.0245	0.0132	0.0113	0.0000	0.0000	0.0000	0.0000	0.0000	0.0000	0.0000	0.0000	0.0000	0.0000	0.0000	0.0000	0.0000	0.0000	0.0000	0.0000	0.0000	0.0000											
8	35	0.2238	6	1	2	0	0	0	0	0	0	N	Y	N	N	N	N	N	N	N	N	N	N	0.0000	0.0000	0.0000	0.0000	0.0000	0.0000	0.0000	0.0000	0.0000	0.0000	0.0000	0.0000	0.0000	0.0000	0.0000	0.0000	0.0000	0.0000	0.0000	0.0000	4.0000	1.0000	7.0000	1.9999	0.0000	0.0000	0.0000	0.0000	0.0000	0.0000	0.0000	0.0000	0.0000	0.0000	0.0000	0.0000	0.0000	0.0000	0.0000	0.0000	0.0000	0.0000	0.0285	0.0248	0.0036	0.0052	0.0048	0.0004	0.0233	0.0201	0.0033	0.0369	0.0197	0.0171	0.0055	0.0044	0.0011	0.0314	0.0153	0.0161	0.0000	0.0000	0.0000	0.0000	0.0000	0.0000	0.0000	0.0000	0.0000	0.0000	0.0000	0.0000	0.0000	0.0000	0.0000	0.0000	0.0000	0.0000											
8	36	0.0577	2	0	2	1	0	0	0	0	0	N	Y	N	N	N	N	N	N	N	N	N	N	344.5440	231.5087	912.0963	804.0669	11.4503	7.1823	0.4322	0.4985	0.0000	7.9530	8.4610	0.0000	0.0000	0.0000	0.0000	0.0013	0.0022	0.0000	0.0087	0.0105	0.0000	0.0000	0.0000	0.0000	0.0000	0.0000	-0.0153	-0.0001	4.0000	3.0341	7.0000	5.2124	0.0421	0.0421	0.0000	0.0421	0.0421	0.0000	0.0000	0.0000	0.0000	0.0002	0.0002	0.0000	0.0002	0.0002	0.0000	0.0000	0.0000	0.0000	0.0974	0.0844	0.0130	0.0053	0.0050	0.0003	0.0921	0.0795	0.0126	0.1506	0.0877	0.0629	0.0217	0.0179	0.0037	0.1289	0.0698	0.0592	344.5440	231.5087	0.0000	912.0963	804.0669	0.0000	11.4503	7.1823	0.0000	0.0013	0.0022	0.0000	0.0087	0.0105	0.0000	0.0000	0.0000	0.0000			
8	38	0.2432	10	0	1	1	0	0	0	0	0	N	N	N	N	N	N	N	N	N	N	N	N	0.0000	0.0000	0.0000	0.0000	0.0000	0.0000	0.0000	0.0000	0.0000	0.0000	0.0000	0.0000	0.0000	0.0000	0.0000	0.0000	0.0000	0.0000	0.0000	0.0000	4.0000	0.9992	7.0000	1.0069	0.0000	0.0000	0.0000	0.0000	0.0000	0.0000	0.0000	0.0000	0.0000	0.0000	0.0000	0.0000	0.0000	0.0000	0.0000	0.0000	0.0000	0.0000	0.0257	0.0224	0.0033	0.0030	0.0028	0.0002	0.0227	0.0196	0.0031	0.0229	0.0139	0.0090	0.0064	0.0050	0.0014	0.0165	0.0089	0.0076	0.0000	0.0000	0.0000	0.0000	0.0000	0.0000	0.0000	0.0000	0.0000	0.0000	0.0000	0.0000	0.0000	0.0000	0.0000	0.0000	0.0000	0.0000											
8	39	0.2379	9	0	1	0	0	0	0	0	0	N	N	N	N	N	N	N	N	N	N	N	N	0.0000	0.0000	0.0000	0.0000	0.0000	0.0000	0.0000	0.0000	0.0000	0.0000	0.0000	0.0000	0.0000	0.0000	0.0000	0.0000	0.0000	0.0000	0.0000	0.0000	4.0000	1.0008	7.0000	0.9987	0.0000	0.0000	0.0000	0.0000	0.0000	0.0000	0.0000	0.0000	0.0000	0.0000	0.0000	0.0000	0.0000	0.0000	0.0000	0.0000	0.0000	0.0000	0.0260	0.0226	0.0034	0.0028	0.0026	0.0002	0.0232	0.0200	0.0032	0.0228	0.0137	0.0091	0.0058	0.0045	0.0013	0.0170	0.0092	0.0078	0.0000	0.0000	0.0000	0.0000	0.0000	0.0000	0.0000	0.0000	0.0000	0.0000	0.0000	0.0000	0.0000	0.0000	0.0000	0.0000	0.0000	0.0000											
8	40	0.1600	8	0	1	0	0	0	0	0	0	N	N	N	N	N	N	N	N	N	N	N	N	0.0000	0.0000	0.0000	0.0000	0.0000	0.0000	0.0000	0.0000	0.0000	0.0000	0.0000	0.0000	0.0000	0.0000	0.0000	0.0000	0.0000	0.0000	0.0000	0.0000	4.0000	9.0374	7.0000	18.5287	0.0000	0.0000	0.0000	0.0000	0.0000	0.0000	0.0000	0.0000	0.0000	0.0000	0.0000	0.0000	0.0000	0.0000	0.0000	0.0000	0.0000	0.0000	0.2554	0.2226	0.0327	0.0285	0.0265	0.0020	0.2269	0.1961	0.0308	0.3313	0.1927	0.1386	0.0747	0.0580	0.0167	0.2566	0.1347	0.1219	0.0000	0.0000	0.0000	0.0000	0.0000	0.0000	0.0000	0.0000	0.0000	0.0000	0.0000	0.0000	0.0000	0.0000	0.0000	0.0000	0.0000	0.0000											
8	41	0.1331	7	0	1	0	0	0	0	0	0	N	N	N	N	N	N	N	N	N	N	N	N	0.0000	0.0000	0.0000	0.0000	0.0000	0.0000	0.0000	0.0000	0.0000	0.0000	0.0000	0.0000	0.0000	0.0001	0.0001	0.0000	0.0002	0.0003	0.0000	0.0000	0.0000	0.0000	0.0000	0.0000	-0.0000	4.0000	9.0369	7.0000	3.5648	0.0000	0.0000	0.0000	0.0000	0.0000	0.0000	0.0000	0.0000	0.0000	0.0000	0.0000	0.0000	0.0000	0.0000	0.0000	0.0000	0.0000	0.0000	0.2619	0.2275	0.0344	0.0167	0.0155	0.0012	0.2452	0.2119	0.0332	0.1960	0.1191	0.0769	0.0473	0.0385	0.0088	0.1487	0.0806	0.0681	0.0000	0.0000	0.0000	0.0000	0.0000	0.0000	0.0000	0.0000	0.0000	0.0001	0.0001	0.0000	0.0002	0.0003	0.0000	0.0000	0.0000	0.0000						
8	42	0.0993	3	0	1	0	0	0	0	0	0	N	N	N	N	N	N	N	N	N	N	N	N	inf	inf	inf	inf	2.0490	0.0000	15.9012	0.0000	0.0000	0.0000	2.2236	0.0000	16.5175	0.0000	0.0000	0.0000	0.0000	0.0000	0.0000	0.0000	0.0000	0.0000	inf	0.6362	0.0000	4.0000	17.0025	7.0000	6.0864	1.0000	0.0000	1.0000	0.0000	0.0000	0.0000	1.0000	0.0000	1.0000	0.0000	0.0000	0.0000	0.0000	0.0000	0.0000	0.0000	0.0000	0.0000	0.4880	0.4252	0.0629	0.0383	0.0360	0.0023	0.4497	0.3892	0.0605	0.3241	0.1801	0.1440	0.0389	0.0326	0.0063	0.2852	0.1475	0.1377	inf	0.0000	inf	0.0000	0.0000	0.0000	inf	0.0000	inf	0.0000	0.0000	0.0000	0.0000	0.0000	0.0000	0.0000	0.0000	0.0000						
8	44	0.0993	3	0	2	0	0	0	0	0	0	N	Y	N	N	N	N	N	N	N	N	N	N	0.0000	0.0000	0.0000	0.0000	0.0000	0.0000	0.0000	0.0000	0.0000	0.0000	0.0000	0.0000	0.0000	0.0000	0.0000	0.0000	0.0000	0.0000	0.0000	0.0000	4.0000	6.9958	7.0000	11.8523	0.0000	0.0000	0.0000	0.0000	0.0000	0.0000	0.0000	0.0000	0.0000	0.0000	0.0000	0.0000	0.0000	0.0000	0.0000	0.0000	0.0000	0.0000	0.2227	0.1945	0.0282	0.0269	0.0256	0.0013	0.1958	0.1689	0.0269	0.2750	0.1540	0.1209	0.0349	0.0296	0.0053	0.2401	0.1244	0.1157	0.0000	0.0000	0.0000	0.0000	0.0000	0.0000	0.0000	0.0000	0.0000	0.0000	0.0000	0.0000	0.0000	0.0000	0.0000	0.0000	0.0000	0.0000											
8	45	0.1377	4	0	2	0	0	0	0	0	0	N	Y	N	N	N	N	N	N	N	N	N	N	20410.8442	13006.1569	0.0000	0.0000	inf	inf	1.8002	2.0701	0.0000	0.0000	0.0000	0.0000	1.9296	2.2283	0.0000	0.0001	0.0002	0.0000	0.0005	0.0006	0.0000	0.0000	0.0000	0.0000	0.0000	0.0000	-0.3638	-0.0000	4.0000	20.1318	7.0000	17.5118	1.0000	1.0000	0.0000	0.0000	0.0000	0.0000	1.0000	1.0000	0.0000	0.0000	0.0000	0.0000	0.0000	0.0000	0.0000	0.0000	0.0000	0.0000	0.5555	0.4831	0.0724	0.0373	0.0343	0.0030	0.5182	0.4488	0.0695	0.4535	0.2513	0.2022	0.0803	0.0647	0.0157	0.3732	0.1867	0.1866	20410.8442	13006.1569	0.0000	0.0000	0.0000	0.0000	inf	inf	0.0000	0.0001	0.0002	0.0000	0.0005	0.0006	0.0000	0.0000	0.0000	0.0000			
8	46	0.1611	8	0	2	0	0	0	0	0	0	N	Y	N	N	N	N	N	N	N	N	N	N	0.0000	0.0000	0.0000	0.0000	0.0000	0.0000	0.0000	0.0000	0.0000	0.0000	0.0000	0.0000	0.0000	0.0000	0.0000	0.0000	0.0000	3.0710	5.9099	0.0000	0.0000	0.0000	0.0000	3.9371	7.8921	0.0000	0.0000	0.0000	-0.5891	4.0000	15.0410	7.0000	10.9147	0.0000	0.0000	0.0000	0.0000	0.0000	0.0000	0.0000	0.0000	0.0000	1.0000	1.0000	0.0000	0.0000	0.0000	0.0000	1.0000	1.0000	0.0000	0.4587	0.4004	0.0584	0.0641	0.0600	0.0041	0.3946	0.3404	0.0542	0.4222	0.2688	0.1534	0.1580	0.1237	0.0343	0.2642	0.1451	0.1191	0.0000	0.0000	0.0000	0.0000	0.0000	0.0000	0.0000	0.0000	0.0000	2.3684	3.7205	0.0000	0.0000	0.0000	0.0000	3.7851	6.8927	0.0000		
8	47	0.0467	5	1	1	1	0	0	0	0	0	N	N	N	N	N	N	N	N	N	N	N	N	0.0000	0.0000	0.0000	0.0000	0.0000	0.0000	0.0000	0.0000	0.0000	0.0000	0.0000	0.0000	0.0000	0.0000	0.0000	0.0000	0.0000	4.1967	0.0001	16.0365	0.0047	0.0022	0.0188	3.8927	0.0000	15.5040	49976.2499	0.0000	0.4107	4.0000	12.7633	7.0000	6.3722	0.0000	0.0000	0.0000	0.0000	0.0000	0.0000	0.0000	0.0000	0.0000	0.9995	0.0000	0.9995	0.0001	0.0000	0.0000	0.9995	0.0000	0.9995	0.3698	0.3208	0.0490	0.0064	0.0063	0.0001	0.3634	0.3145	0.0489	0.2882	0.1473	0.1409	0.0107	0.0091	0.0016	0.2775	0.1382	0.1393	0.0000	0.0000	0.0000	0.0000	0.0000	0.0000	0.0000	0.0000	0.0000	3.4680	0.0001	7.0922	0.0047	0.0022	0.0188	3.6016	0.0000	7.1734		
8	48	0.0416	4	0	1	0	0	0	0	0	0	N	N	N	N	N	N	N	N	N	N	N	N	0.0697	0.1116	0.2322	0.0000	0.0000	0.0957	0.1614	0.2325	0.0011	0.0006	0.0060	0.0000	0.0000	0.0000	0.0014	0.0008	0.0060	0.0158	0.0054	0.0259	0.3511	0.2519	0.0000	0.0146	0.0049	0.0259	1.0000	4.9000	0.0000	0.0001	4.0000	0.3513	7.0000	1.9759	0.0000	0.0000	0.0000	0.0000	0.0000	0.0000	0.0000	0.0000	0.0000	0.0006	0.0001	0.0005	0.0000	0.0000	0.0000	0.0005	0.0001	0.0005	0.0182	0.0165	0.0017	0.0038	0.0038	0.0000	0.0144	0.0127	0.0017	0.0373	0.0184	0.0189	0.0002	0.0002	0.0000	0.0371	0.0182	0.0189	0.0697	0.1116	0.2322	0.0000	0.0000	0.0000	0.0957	0.2863	0.2325	0.0158	0.0054	0.0259	0.2159	0.2163	0.0000	0.0146	0.0028	0.0259	
8	49	0.0413	3	0	1	0	0	0	0	0	0	N	N	N	N	N	N	N	N	N	N	N	N	0.0000	0.0000	0.0000	0.0000	0.0000	0.0000	0.0000	0.0000	0.0000	0.0000	0.0000	0.0000	0.0000	0.0000	0.0000	0.0000	0.0184	0.0062	0.0300	2.5991	2.2079	0.0000	0.0154	0.0000	0.0300	5.0002	0.0000	0.0000	4.0000	0.1669	7.0000	0.0350	0.0000	0.0000	0.0000	0.0000	0.0000	0.0000	0.0000	0.0000	0.0000	0.0001	0.0000	0.0000	0.0000	0.0000	0.0000	0.0000	0.0000	0.0000	0.0051	0.0044	0.0007	0.0000	0.0000	0.0000	0.0051	0.0044	0.0007	0.0033	0.0016	0.0017	0.0000	0.0000	0.0000	0.0033	0.0016	0.0017	0.0000	0.0000	0.0000	0.0000	0.0000	0.0000	0.0000	0.0000	0.0000	0.0184	0.0062	0.0300	0.7357	0.7371	0.0000	0.0154	0.0000	0.0300			
8	50	0.0413	2	0	1	0	0	0	0	0	0	N	N	N	N	N	N	N	N	N	N	N	N	0.0000	0.0000	0.0000	0.0000	0.0000	0.0000	0.0000	0.0000	0.0000	0.0000	0.0000	0.0000	0.0000	0.0000	0.0000	0.0000	1.2689	1.4177	0.4191	2.6686	2.3762	0.0000	0.9134	0.0000	0.3085	1.0000	0.0000	-0.0000	4.0000	0.0010	7.0000	0.0028	0.0000	0.0000	0.0000	0.0000	0.0000	0.0000	0.0000	0.0000	0.0000	0.0000	0.0000	0.0000	0.0000	0.0000	0.0000	0.0000	0.0000	0.0000	0.0001	0.0001	0.0000	0.0000	0.0000	0.0000	0.0001	0.0001	0.0000	0.0001	0.0000	0.0000	0.0000	0.0000	0.0000	0.0001	0.0000	0.0000	0.0000	0.0000	0.0000	0.0000	0.0000	0.0000	0.0000	0.0000	0.0000	0.2294	0.2127	0.2489	0.7681	0.7681	0.0000	0.1348	0.0000	0.2489			
8	51	0.1188	4	0	2	0	1	0	0	0	0	N	Y	N	N	N	N	N	N	N	N	N	N	126001.2283	83741.6434	9.7714	8.2204	inf	inf	4.2351	4.8460	0.0000	0.0016	0.0017	0.0000	4.8648	5.6428	0.0000	0.0000	0.0001	0.0000	0.0002	0.0002	0.0000	0.0000	0.0000	0.0000	0.0000	0.0001	-0.3635	-0.0000	4.0000	7.3891	7.0000	13.2142	0.9993	0.9993	0.0000	0.0000	0.0000	0.0000	0.9993	0.9993	0.0000	0.0000	0.0000	0.0000	0.0000	0.0000	0.0000	0.0000	0.0000	0.0000	0.2360	0.2062	0.0297	0.0306	0.0291	0.0014	0.2054	0.1771	0.0283	0.2975	0.1728	0.1247	0.0597	0.0479	0.0118	0.2378	0.1249	0.1129	126001.2283	83741.6434	0.0000	9.7714	8.2204	0.0000	inf	inf	0.0000	0.0000	0.0001	0.0000	0.0002	0.0002	0.0000	0.0000	0.0000	0.0000			
8	52	0.1249	5	0	2	0	0	0	0	0	0	N	Y	N	N	N	N	N	N	N	N	N	N	0.0000	0.0000	0.0000	0.0000	0.0000	0.0000	0.0000	0.0000	0.0000	0.0000	0.0000	0.0000	0.0000	3.7947	0.0000	16.1685	0.0000	0.0000	0.0000	4.0027	0.0000	16.5180	inf	0.0000	0.4109	4.0000	12.1779	7.0000	13.0455	0.0000	0.0000	0.0000	0.0000	0.0000	0.0000	0.0000	0.0000	0.0000	1.0000	0.0000	1.0000	0.0000	0.0000	0.0000	1.0000	0.0000	1.0000	0.3902	0.3405	0.0497	0.0549	0.0499	0.0051	0.3352	0.2906	0.0446	0.3252	0.1843	0.1408	0.0632	0.0483	0.0148	0.2620	0.1360	0.1260	0.0000	0.0000	0.0000	0.0000	0.0000	0.0000	0.0000	0.0000	0.0000	3.0755	0.0000	7.1016	0.0000	0.0000	0.0000	3.8170	0.0000	7.9370						
8	56	0.1825	9	0	2	0	0	0	0	0	0	N	Y	N	N	N	N	N	N	N	N	N	N	2415.3111	1784.1518	0.0000	2.8123	2.5132	0.0000	489269637.1002	inf	0.0000	6.6321	7.6048	0.0000	0.0204	0.0218	0.0000	7.5403	8.7374	0.0000	0.0027	0.0043	0.0000	0.0073	0.0087	0.0000	0.0000	0.0000	0.0000	0.0000	0.0000	-0.3616	-0.0004	4.0000	5.0156	7.0000	9.5596	0.9941	0.9941	0.0000	0.0004	0.0004	0.0000	0.9937	0.9937	0.0000	0.0006	0.0006	0.0000	0.0006	0.0006	0.0000	0.0000	0.0000	0.0000	0.1499	0.1307	0.0192	0.0181	0.0170	0.0011	0.1318	0.1137	0.0181	0.2294	0.1478	0.0816	0.0867	0.0727	0.0140	0.1428	0.0751	0.0676	2415.3111	1784.1518	0.0000	2.8123	2.5132	0.0000	489269637.1002	inf	0.0000	0.0027	0.0043	0.0000	0.0073	0.0087	0.0000	0.0000	0.0000	0.0000
8	57	0.1611	8	0	2	0	0	0	0	0	0	N	Y	N	N	N	N	N	N	N	N	N	N	12.7195	9.9981	23.5185	10.9265	9.1734	5989.4746	77.0402	115.4476	18.1385	0.0486	0.0540	0.0112	0.0830	0.0883	0.0004	0.0389	0.0435	0.0124	0.0038	0.0054	0.0005	0.0076	0.0096	0.0000	0.0005	0.0004	0.0007	0.0301	0.0417	-0.0033	-0.0005	4.0000	5.2776	7.0000	4.9316	0.0099	0.0096	0.0003	0.0037	0.0037	0.0000	0.0062	0.0059	0.0003	0.0010	0.0010	0.0000	0.0009	0.0009	0.0000	0.0001	0.0000	0.0000	0.2040	0.1780	0.0260	0.0446	0.0419	0.0027	0.1594	0.1362	0.0233	0.2621	0.1778	0.0843	0.1224	0.0966	0.0258	0.1397	0.0812	0.0585	12.7195	9.9981	23.5185	10.9265	9.1734	5989.4746	77.0402	115.4476	18.1385	0.0038	0.0054	0.0005	0.0076	0.0096	0.0000	0.0005	0.0004	0.0007
8	58	0.1331	7	0	1	0	0	0	0	0	0	N	N	N	N	N	N	N	N	N	N	N	N	3.8293	4.3380	2.0020	0.0000	0.0000	0.0000	3.1343	1.0517	1.8366	0.0195	0.0208	0.0112	0.0000	0.0000	0.0000	0.0209	0.0224	0.0116	0.0051	0.0048	0.0056	0.0002	0.0003	0.0000	0.0067	0.0213	0.0063	0.0814	0.7407	-0.0011	-0.0002	4.0000	6.4383	7.0000	5.2340	0.0037	0.0034	0.0003	0.0000	0.0000	0.0000	0.0037	0.0034	0.0003	0.0009	0.0005	0.0004	0.0000	0.0000	0.0000	0.0009	0.0005	0.0004	0.1908	0.1657	0.0251	0.0128	0.0120	0.0009	0.1780	0.1537	0.0242	0.1846	0.1128	0.0718	0.0452	0.0370	0.0082	0.1395	0.0759	0.0636	3.8293	4.3380	2.0020	0.0000	0.0000	0.0000	3.1343	3.2033	1.8366	0.0051	0.0048	0.0056	0.0002	0.0003	0.0000	0.0067	0.0070	0.0063
8	59	0.1249	6	0	1	0	0	0	0	0	0	N	N	N	N	N	N	N	N	N	N	N	N	0.0000	0.0000	0.0000	0.0000	0.0000	0.0000	0.0000	0.0000	0.0000	0.0000	0.0000	0.0000	0.0000	0.0000	0.0000	0.0000	0.0003	0.0002	0.0004	0.0006	0.0007	0.0000	0.0002	0.0000	0.0004	0.9993	0.0000	-0.0000	4.0000	3.9043	7.0000	0.3762	0.0000	0.0000	0.0000	0.0000	0.0000	0.0000	0.0000	0.0000	0.0000	0.0000	0.0000	0.0000	0.0000	0.0000	0.0000	0.0000	0.0000	0.0000	0.1662	0.1462	0.0200	0.0464	0.0421	0.0043	0.1198	0.1041	0.0157	0.0694	0.0419	0.0274	0.0165	0.0135	0.0030	0.0529	0.0285	0.0244	0.0000	0.0000	0.0000	0.0000	0.0000	0.0000	0.0000	0.0000	0.0000	0.0003	0.0002	0.0004	0.0006	0.0007	0.0000	0.0002	0.0000	0.0004			
8	60	0.1249	5	0	1	0	0	0	0	0	0	N	N	N	N	N	N	N	N	N	N	N	N	0.0000	0.0000	0.0000	0.0000	0.0000	0.0000	0.0000	0.0000	0.0000	0.0000	0.0000	0.0000	0.0000	0.0000	0.0000	0.0000	0.0006	0.0004	0.0009	0.0010	0.0012	0.0000	0.0004	0.0000	0.0010	1.0000	0.0000	-0.0000	4.0000	1.5036	7.0000	0.1987	0.0000	0.0000	0.0000	0.0000	0.0000	0.0000	0.0000	0.0000	0.0000	0.0000	0.0000	0.0000	0.0000	0.0000	0.0000	0.0000	0.0000	0.0000	0.0955	0.0850	0.0105	0.0424	0.0384	0.0040	0.0531	0.0466	0.0065	0.0340	0.0223	0.0117	0.0099	0.0085	0.0013	0.0241	0.0138	0.0104	0.0000	0.0000	0.0000	0.0000	0.0000	0.0000	0.0000	0.0000	0.0000	0.0006	0.0004	0.0009	0.0010	0.0012	0.0000	0.0004	0.0000	0.0010			
8	61	0.1188	4	0	1	0	0	0	0	0	0	N	N	N	N	N	N	N	N	N	N	N	N	10.8473	10.3458	0.0000	18.0384	16.5809	0.0024	inf	0.0000	0.0062	0.0070	0.0000	0.0263	0.0273	0.0000	0.0000	0.0000	0.0000	0.0006	0.0007	0.0004	0.0015	0.0016	0.0000	0.0002	0.0000	0.0004	0.0000	0.2500	-0.0002	-0.0000	4.0000	2.7181	7.0000	1.0102	0.0006	0.0006	0.0000	0.0006	0.0006	0.0000	0.0000	0.0000	0.0000	0.0000	0.0000	0.0000	0.0000	0.0000	0.0000	0.0000	0.0000	0.0000	0.1027	0.0908	0.0119	0.0243	0.0235	0.0009	0.0784	0.0673	0.0110	0.0870	0.0587	0.0283	0.0274	0.0243	0.0031	0.0596	0.0344	0.0252	10.8473	10.3458	0.0000	18.0384	16.5809	0.0000	0.0024	inf	0.0000	0.0006	0.0007	0.0004	0.0015	0.0016	0.0000	0.0002	0.0000	0.0004	
8	62	0.0993	3	0	1	0	0	0	0	0	0	N	N	N	N	N	N	N	N	N	N	N	N	35.1385	46.5361	0.0000	inf	inf	43.0101	52.9153	0.0000	0.0103	0.0115	0.0000	0.0000	0.0000	0.0000	0.0152	0.0177	0.0000	0.0003	0.0002	0.0004	0.0000	0.0000	0.0000	0.0004	0.0003	0.0004	0.0000	1.0000	-0.0002	-0.0000	4.0000	1.4525	7.0000	6.3634	0.0006	0.0006	0.0000	0.0000	0.0000	0.0000	0.0006	0.0006	0.0000	0.0000	0.0000	0.0000	0.0000	0.0000	0.0000	0.0000	0.0000	0.0000	0.0622	0.0557	0.0065	0.0201	0.0194	0.0006	0.0421	0.0362	0.0058	0.1365	0.0810	0.0556	0.0234	0.0210	0.0023	0.1132	0.0599	0.0532	35.1385	46.5361	0.0000	inf	inf	0.0000	43.0101	52.9153	0.0000	0.0003	0.0002	0.0004	0.0000	0.0000	0.0000	0.0004	0.0003	0.0004	
8	63	0.1787	6	1	2	0	1	0	0	0	0	N	Y	N	N	N	N	N	N	N	N	N	N	0.0000	0.0000	0.0000	0.0000	0.0000	0.0000	0.0000	0.0000	0.0000	0.0000	0.0000	0.0000	0.0000	0.0000	0.0000	0.0000	0.0000	0.0000	0.0000	0.0000	4.0000	2.0000	7.0000	2.0002	0.0000	0.0000	0.0000	0.0000	0.0000	0.0000	0.0000	0.0000	0.0000	0.0000	0.0000	0.0000	0.0000	0.0000	0.0000	0.0000	0.0000	0.0000	0.0589	0.0512	0.0077	0.0077	0.0071	0.0006	0.0512	0.0441	0.0071	0.0541	0.0297	0.0244	0.0075	0.0060	0.0015	0.0466	0.0237	0.0229	0.0000	0.0000	0.0000	0.0000	0.0000	0.0000	0.0000	0.0000	0.0000	0.0000	0.0000	0.0000	0.0000	0.0000	0.0000	0.0000	0.0000	0.0000											
8	64	0.1944	10	0	2	0	1	0	0	0	0	N	Y	N	N	N	N	N	N	N	N	N	N	0.0000	0.0000	0.0000	0.0000	0.0000	0.0000	0.0000	0.0000	0.0000	0.0000	0.0000	0.0000	0.0000	0.0000	0.0000	0.0000	0.0000	0.0000	0.0000	0.0000	4.0000	2.0059	7.0000	4.8036	0.0000	0.0000	0.0000	0.0000	0.0000	0.0000	0.0000	0.0000	0.0000	0.0000	0.0000	0.0000	0.0000	0.0000	0.0000	0.0000	0.0000	0.0000	0.0596	0.0519	0.0077	0.0088	0.0082	0.0007	0.0508	0.0437	0.0070	0.0917	0.0518	0.0399	0.0155	0.0129	0.0026	0.0761	0.0389	0.0373	0.0000	0.0000	0.0000	0.0000	0.0000	0.0000	0.0000	0.0000	0.0000	0.0000	0.0000	0.0000	0.0000	0.0000	0.0000	0.0000	0.0000	0.0000											
8	65	0.1916	8	0	2	0	0	0	0	0	0	N	Y	N	N	N	N	N	N	N	N	N	N	0.0000	0.0000	0.0000	0.0000	0.0000	0.0000	0.0000	0.0000	0.0000	0.0000	0.0000	0.0000	0.0000	0.0000	0.0000	0.0000	0.0000	0.0005	0.0009	0.0000	0.0027	0.0032	0.0000	0.0000	0.0000	0.0000	0.0004	0.0000	-0.0000	4.0000	0.9804	7.0000	0.2754	0.0000	0.0000	0.0000	0.0000	0.0000	0.0000	0.0000	0.0000	0.0000	0.0000	0.0000	0.0000	0.0000	0.0000	0.0000	0.0000	0.0000	0.0000	0.0308	0.0269	0.0038	0.0047	0.0045	0.0003	0.0260	0.0225	0.0036	0.0194	0.0107	0.0087	0.0037	0.0031	0.0005	0.0158	0.0076	0.0082	0.0000	0.0000	0.0000	0.0000	0.0000	0.0000	0.0000	0.0000	0.0000	0.0005	0.0009	0.0000	0.0027	0.0032	0.0000	0.0000	0.0000	0.0000		
8	66	0.1894	9	0	1	1	1	0	0	0	0	N	N	N	N	N	N	N	N	N	N	N	N	0.0000	0.0000	0.0000	0.0000	0.0000	0.0000	0.0000	0.0000	0.0000	0.0000	0.0000	0.0000	0.0000	0.0000	0.0000	0.0000	0.0000	0.0000	0.0000	0.0000	4.0000	0.9437	7.0000	4.8091	0.0000	0.0000	0.0000	0.0000	0.0000	0.0000	0.0000	0.0000	0.0000	0.0000	0.0000	0.0000	0.0000	0.0000	0.0000	0.0000	0.0000	0.0000	0.0391	0.0340	0.0051	0.0104	0.0098	0.0006	0.0286	0.0242	0.0045	0.0801	0.0455	0.0347	0.0137	0.0115	0.0022	0.0664	0.0340	0.0324	0.0000	0.0000	0.0000	0.0000	0.0000	0.0000	0.0000	0.0000	0.0000	0.0000	0.0000	0.0000	0.0000	0.0000	0.0000	0.0000	0.0000	0.0000											
8	67	0.1824	8	0	1	1	1	0	0	0	0	N	N	N	N	N	N	N	N	N	N	N	N	inf	inf	inf	inf	8.5555	9.8300	0.0000	0.0000	0.0000	0.0000	9.8596	11.4368	0.0000	0.0000	0.0000	0.0000	0.0000	0.0000	0.0000	0.0000	0.0000	0.0000	0.0000	-0.3638	0.0000	4.0000	4.0088	7.0000	5.0246	1.0000	1.0000	0.0000	0.0000	0.0000	0.0000	1.0000	1.0000	0.0000	0.0000	0.0000	0.0000	0.0000	0.0000	0.0000	0.0000	0.0000	0.0000	0.1169	0.1017	0.0152	0.0155	0.0143	0.0012	0.1014	0.0874	0.0140	0.1209	0.0669	0.0540	0.0175	0.0141	0.0034	0.1034	0.0527	0.0506	inf	inf	0.0000	0.0000	0.0000	0.0000	inf	inf	0.0000	0.0000	0.0000	0.0000	0.0000	0.0000	0.0000	0.0000	0.0000	0.0000						
8	68	0.1944	10	0	1	1	1	0	0	0	0	N	N	N	N	N	N	N	N	N	N	N	N	0.0000	0.0000	0.0000	0.0000	0.0000	0.0000	0.0000	0.0000	0.0000	0.0000	0.0000	0.0000	0.0000	0.0000	0.0000	0.0000	0.0000	0.0000	0.0000	0.0000	4.0000	1.0064	7.0000	4.2000	0.0000	0.0000	0.0000	0.0000	0.0000	0.0000	0.0000	0.0000	0.0000	0.0000	0.0000	0.0000	0.0000	0.0000	0.0000	0.0000	0.0000	0.0000	0.0303	0.0263	0.0039	0.0046	0.0042	0.0003	0.0257	0.0221	0.0036	0.0714	0.0405	0.0309	0.0123	0.0103	0.0020	0.0591	0.0302	0.0289	0.0000	0.0000	0.0000	0.0000	0.0000	0.0000	0.0000	0.0000	0.0000	0.0000	0.0000	0.0000	0.0000	0.0000	0.0000	0.0000	0.0000	0.0000											
8	69	0.1894	9	0	1	0	1	0	0	0	0	N	N	N	N	N	N	N	N	N	N	N	N	0.0000	0.0000	0.0000	0.0000	0.0000	0.0000	0.0000	0.0000	0.0000	0.0000	0.0000	0.0000	0.0000	0.0000	0.0000	0.0000	0.0000	0.0000	0.0000	-0.0000	4.0000	1.2889	7.0000	0.3511	0.0000	0.0000	0.0000	0.0000	0.0000	0.0000	0.0000	0.0000	0.0000	0.0000	0.0000	0.0000	0.0000	0.0000	0.0000	0.0000	0.0000	0.0000	0.0492	0.0428	0.0064	0.0118	0.0111	0.0007	0.0374	0.0317	0.0057	0.0261	0.0155	0.0107	0.0054	0.0048	0.0007	0.0207	0.0107	0.0100	0.0000	0.0000	0.0000	0.0000	0.0000	0.0000	0.0000	0.0000	0.0000	0.0000	0.0000	0.0000	0.0000	0.0000	0.0000	0.0000	0.0000	0.0000											
8	70	0.1824	8	0	1	0	1	0	0	0	0	N	N	N	N	N	N	N	N	N	N	N	N	inf	inf	inf	inf	0.0009	0.0010	0.0000	0.0064	0.0069	0.0000	0.0000	0.0000	0.0000	0.0000	0.0000	0.0000	0.0000	0.0000	0.0000	0.0000	0.0000	0.0000	0.0000	-0.0000	0.0000	4.0000	0.7777	7.0000	1.1718	0.0000	0.0000	0.0000	0.0000	0.0000	0.0000	0.0000	0.0000	0.0000	0.0000	0.0000	0.0000	0.0000	0.0000	0.0000	0.0000	0.0000	0.0000	0.0232	0.0202	0.0030	0.0031	0.0029	0.0002	0.0201	0.0173	0.0028	0.0288	0.0163	0.0125	0.0048	0.0041	0.0008	0.0240	0.0122	0.0118	inf	inf	0.0000	inf	inf	0.0000	0.0000	0.0000	0.0000	0.0000	0.0000	0.0000	0.0000	0.0000	0.0000	0.0000	0.0000	0.0000						
8	71	0.1787	7	0	1	0	1	0	0	0	0	N	N	N	N	N	N	N	N	N	N	N	N	inf	inf	inf	inf	0.0007	0.0008	0.0000	0.0000	0.0000	0.0000	0.0008	0.0009	0.0000	0.0000	0.0000	0.0000	0.0000	0.0000	0.0000	0.0000	0.0000	0.0000	0.0000	-0.0000	0.0000	4.0000	0.9929	7.0000	0.0325	0.0000	0.0000	0.0000	0.0000	0.0000	0.0000	0.0000	0.0000	0.0000	0.0000	0.0000	0.0000	0.0000	0.0000	0.0000	0.0000	0.0000	0.0000	0.0294	0.0256	0.0038	0.0039	0.0036	0.0003	0.0256	0.0220	0.0035	0.0141	0.0077	0.0064	0.0020	0.0016	0.0004	0.0121	0.0062	0.0060	inf	inf	0.0000	0.0000	0.0000	0.0000	inf	inf	0.0000	0.0000	0.0000	0.0000	0.0000	0.0000	0.0000	0.0000	0.0000	0.0000						
8	72	0.2238	6	1	2	0	0	0	0	0	0	N	Y	N	N	N	N	N	N	N	N	N	N	0.0000	0.0000	0.0000	0.0000	0.0000	0.0000	0.0000	0.0000	0.0000	0.0000	0.0000	0.0000	0.0000	0.0000	0.0000	0.0000	0.0000	0.0000	0.0000	0.0000	4.0000	0.0000	7.0000	0.0001	0.0000	0.0000	0.0000	0.0000	0.0000	0.0000	0.0000	0.0000	0.0000	0.0000	0.0000	0.0000	0.0000	0.0000	0.0000	0.0000	0.0000	0.0000	0.0000	0.0000	0.0000	0.0000	0.0000	0.0000	0.0000	0.0000	0.0000	0.0000	0.0000	0.0000	0.0000	0.0000	0.0000	0.0000	0.0000	0.0000	0.0000	0.0000	0.0000	0.0000	0.0000	0.0000	0.0000	0.0000	0.0000	0.0000	0.0000	0.0000	0.0000	0.0000	0.0000	0.0000	0.0000	0.0000											
8	73	0.1606	5	1	2	0	0	0	0	0	0	N	Y	N	N	N	N	N	N	N	N	N	N	0.1095	0.0000	inf	0.0000	0.0000	inf	inf	0.0001	0.0000	0.0008	0.0000	0.0000	0.0000	0.0001	0.0000	0.0009	0.0010	0.0017	0.0000	0.0075	0.0093	0.0000	0.0000	0.0000	0.0000	inf	0.0000	0.0000	-0.0001	4.0000	9.9619	7.0000	7.0378	0.0000	0.0000	0.0000	0.0000	0.0000	0.0000	0.0000	0.0000	0.0000	0.0002	0.0002	0.0000	0.0002	0.0002	0.0000	0.0000	0.0000	0.0000	0.2865	0.2496	0.0369	0.0343	0.0317	0.0026	0.2522	0.2179	0.0343	0.2197	0.1206	0.0990	0.0281	0.0225	0.0055	0.1916	0.0981	0.0935	0.1095	0.0000	inf	0.0000	0.0000	0.0000	inf	0.0000	inf	0.0010	0.0017	0.0000	0.0075	0.0093	0.0000	0.0000	0.0000	0.0000		
8	74	0.1724	5	0	2	0	0	0	0	0	0	N	Y	N	N	N	N	N	N	N	N	N	N	0.0287	0.0000	6010.7819	0.0000	0.0000	0.0000	2857.4572	10534.5166	0.0000	0.0000	0.0003	0.0000	0.0000	0.0000	0.0001	0.0000	0.0004	0.0014	0.0026	0.0000	0.0088	0.0105	0.0000	0.0000	0.0000	0.0000	inf	0.0000	0.0000	-0.0001	4.0000	7.0442	7.0000	2.0273	0.0000	0.0000	0.0000	0.0000	0.0000	0.0000	0.0000	0.0000	0.0000	0.0002	0.0002	0.0000	0.0002	0.0002	0.0000	0.0000	0.0000	0.0000	0.2470	0.2166	0.0304	0.0500	0.0468	0.0032	0.1971	0.1698	0.0273	0.1207	0.0658	0.0548	0.0193	0.0161	0.0032	0.1014	0.0497	0.0517	0.0287	0.0000	6010.7819	0.0000	0.0000	0.0000	2857.4572	0.0000	10534.5166	0.0014	0.0026	0.0000	0.0088	0.0105	0.0000	0.0000	0.0000	0.0000	
8	75	0.1485	4	0	2	0	0	0	0	0	0	N	Y	N	N	N	N	N	N	N	N	N	N	3.7761	0.0256	50.8429	0.1972	0.0838	19536.5074	5.0659	0.0000	50.8210	0.0081	0.0001	0.0661	0.0007	0.0004	0.0083	0.0097	0.0000	0.0700	0.0021	0.0028	0.0013	0.0036	0.0044	0.0000	0.0019	0.0042	0.0014	126.1577	0.3750	0.0008	-0.0001	4.0000	4.3369	7.0000	3.0972	0.0013	0.0000	0.0013	0.0000	0.0000	0.0000	0.0012	0.0000	0.0012	0.0002	0.0002	0.0001	0.0001	0.0001	0.0000	0.0002	0.0001	0.0001	0.1572	0.1381	0.0191	0.0280	0.0268	0.0012	0.1292	0.1113	0.0179	0.1028	0.0567	0.0461	0.0138	0.0112	0.0026	0.0890	0.0454	0.0435	3.7761	0.0256	50.8429	0.1972	0.0838	19536.5074	5.0659	0.0000	50.8210	0.0021	0.0028	0.0013	0.0036	0.0044	0.0000	0.0019	0.0024	0.0014
8	76	0.2357	9	1	2	0	0	0	0	0	0	N	Y	N	N	N	N	N	N	N	N	N	N	inf	inf	inf	inf	inf	inf	12.7412	14.5341	0.0000	81.5102	87.1810	0.0000	0.0002	0.0002	0.0000	0.0000	0.0000	0.0000	0.0000	0.0000	0.0000	0.0000	0.0000	0.0000	0.0000	-0.3636	0.0000	4.0000	1.9992	7.0000	0.0055	0.9996	0.9996	0.0000	0.9996	0.9996	0.0000	0.0000	0.0000	0.0000	0.0000	0.0000	0.0000	0.0000	0.0000	0.0000	0.0000	0.0000	0.0000	0.0785	0.0688	0.0097	0.0123	0.0115	0.0008	0.0662	0.0573	0.0089	0.0354	0.0191	0.0163	0.0060	0.0047	0.0013	0.0294	0.0144	0.0150	inf	inf	0.0000	inf	inf	0.0000	inf	inf	0.0000	0.0000	0.0000	0.0000	0.0000	0.0000	0.0000	0.0000	0.0000	0.0000				
8	77	0.1916	8	1	2	0	0	0	0	0	0	N	Y	N	N	N	N	N	N	N	N	N	N	inf	inf	inf	inf	0.0032	0.0037	0.0000	0.0234	0.0251	0.0000	0.0000	0.0000	0.0000	0.0000	0.0000	0.0000	0.0000	0.0000	0.0000	0.0000	0.0000	0.0000	0.0000	-0.0002	0.0000	4.0000	5.0219	7.0000	2.0148	0.0005	0.0005	0.0000	0.0005	0.0005	0.0000	0.0000	0.0000	0.0000	0.0000	0.0000	0.0000	0.0000	0.0000	0.0000	0.0000	0.0000	0.0000	0.1471	0.1283	0.0187	0.0201	0.0187	0.0013	0.1270	0.1096	0.0174	0.0958	0.0527	0.0431	0.0147	0.0119	0.0028	0.0811	0.0408	0.0403	inf	inf	0.0000	inf	inf	0.0000	0.0000	0.0000	0.0000	0.0000	0.0000	0.0000	0.0000	0.0000	0.0000	0.0000	0.0000	0.0000						
8	78	0.1787	7	0	2	0	0	0	0	0	0	N	Y	N	N	N	N	N	N	N	N	N	N	0.0000	0.0000	0.0000	0.0000	0.0000	0.0000	0.0000	0.0000	0.0000	0.0000	0.0000	0.0000	0.0000	0.0000	0.0000	0.0002	0.0004	0.0000	0.0000	0.0000	0.0000	0.0002	0.0004	0.0000	0.0000	0.0000	-0.0000	4.0000	1.0203	7.0000	2.7327	0.0000	0.0000	0.0000	0.0000	0.0000	0.0000	0.0000	0.0000	0.0000	0.0000	0.0000	0.0000	0.0000	0.0000	0.0000	0.0000	0.0000	0.0000	0.0302	0.0263	0.0039	0.0040	0.0037	0.0003	0.0263	0.0226	0.0036	0.0508	0.0279	0.0230	0.0071	0.0056	0.0014	0.0438	0.0222	0.0215	0.0000	0.0000	0.0000	0.0000	0.0000	0.0000	0.0000	0.0000	0.0000	0.0002	0.0004	0.0000	0.0000	0.0000	0.0000	0.0002	0.0004	0.0000				
8	79	0.1787	6	0	1	0	0	0	0	0	0	N	N	N	N	N	N	N	N	N	N	N	N	0.0000	0.0000	0.0000	0.0000	0.0000	0.0000	0.0000	0.0000	0.0000	0.0000	0.0000	0.0000	0.0000	0.0000	0.0000	0.0000	0.0000	0.0000	0.0000	0.0000	4.0000	0.0000	7.0000	0.0018	0.0000	0.0000	0.0000	0.0000	0.0000	0.0000	0.0000	0.0000	0.0000	0.0000	0.0000	0.0000	0.0000	0.0000	0.0000	0.0000	0.0000	0.0000	0.0000	0.0000	0.0000	0.0000	0.0000	0.0000	0.0000	0.0000	0.0000	0.0001	0.0000	0.0000	0.0000	0.0000	0.0000	0.0000	0.0000	0.0000	0.0000	0.0000	0.0000	0.0000	0.0000	0.0000	0.0000	0.0000	0.0000	0.0000	0.0000	0.0000	0.0000	0.0000	0.0000	0.0000	0.0000	0.0000											
8	80	0.1606	5	0	1	0	0	0	0	0	0	N	N	N	N	N	N	N	N	N	N	N	N	2.2303	0.0000	9299.2216	0.0000	0.0000	0.0000	4747.2263	16957.5148	0.0003	0.0000	0.0025	0.0000	0.0000	0.0000	0.0004	0.0000	0.0026	0.0001	0.0003	0.0000	0.0011	0.0013	0.0000	0.0000	0.0000	0.0000	inf	0.0008	0.0000	-0.0000	4.0000	3.0825	7.0000	2.0124	0.0000	0.0000	0.0000	0.0000	0.0000	0.0000	0.0000	0.0000	0.0000	0.0000	0.0000	0.0000	0.0000	0.0000	0.0000	0.0000	0.0000	0.0000	0.0952	0.0830	0.0122	0.0127	0.0118	0.0009	0.0824	0.0711	0.0113	0.0708	0.0390	0.0319	0.0095	0.0077	0.0018	0.0613	0.0312	0.0301	2.2303	0.0000	9299.2216	0.0000	0.0000	0.0000	4747.2263	0.0000	16957.5148	0.0001	0.0003	0.0000	0.0011	0.0013	0.0000	0.0000	0.0000	0.0000	
8	81	0.1485	4	0	1	0	0	0	0	0	0	N	N	N	N	N	N	N	N	N	N	N	N	1.9399	0.1238	9.1288	0.2372	0.1528	11858.5932	2.4571	0.0000	9.1168	0.0093	0.0002	0.0761	0.0015	0.0012	0.0097	0.0111	0.0000	0.0805	0.0048	0.0020	0.0083	0.0064	0.0078	0.0000	0.0045	0.0004	0.0088	42.0517	3.3546	0.0008	0.0000	4.0000	3.6751	7.0000	0.0788	0.0013	0.0000	0.0013	0.0000	0.0000	0.0000	0.0012	0.0000	0.0012	0.0003	0.0001	0.0002	0.0000	0.0000	0.0000	0.0002	0.0000	0.0002	0.1383	0.1217	0.0166	0.0261	0.0251	0.0010	0.1121	0.0966	0.0155	0.0540	0.0300	0.0240	0.0077	0.0064	0.0013	0.0463	0.0236	0.0226	1.9399	0.1238	9.1288	0.2372	0.1528	11858.5932	2.4571	0.0000	9.1168	0.0048	0.0020	0.0083	0.0064	0.0078	0.0000	0.0045	0.0004	0.0088
8	82	0.0993	3	0	1	0	0	0	0	0	0	N	N	N	N	N	N	N	N	N	N	N	N	16074.5163	0.5250	67821.9805	0.0000	0.0000	15510.9495	0.4687	67825.3965	3.7755	0.0000	29.5890	0.0000	0.0000	0.0000	4.2348	0.0000	30.9263	0.0002	0.0001	0.0004	0.0000	0.0000	0.0000	0.0003	0.0001	0.0005	99873.0000	3.9988	0.6354	0.0000	4.0000	8.5011	7.0000	5.2406	0.9987	0.0000	0.9987	0.0000	0.0000	0.0000	0.9987	0.0000	0.9987	0.0001	0.0000	0.0000	0.0000	0.0000	0.0000	0.0000	0.0000	0.0000	0.2645	0.2308	0.0338	0.0287	0.0272	0.0015	0.2358	0.2035	0.0323	0.2129	0.1212	0.0917	0.0298	0.0258	0.0040	0.1831	0.0954	0.0877	16074.5163	0.5250	67821.9805	0.0000	0.0000	0.0000	15510.9495	0.4687	67825.3965	0.0002	0.0001	0.0004	0.0000	0.0000	0.0000	0.0003	0.0001	0.0005	
9	10	0.1867	6	0	2	0	0	0	0	0	0	N	Y	N	N	N	N	N	N	N	N	N	N	4332.4562	0.0000	50014.3712	0.0000	0.0000	0.0000	15947.8227	52481.5328	6.4545	0.0000	54.6851	0.0000	0.0000	0.0000	8.6950	0.0000	62.8549	0.0015	0.0017	0.0011	0.0041	0.0048	0.0003	0.0005	0.0000	0.0012	inf	0.3827	0.6348	-0.0001	2.9770	5.2144	5.0602	4.0122	0.9978	0.0000	0.9978	0.0000	0.0000	0.0000	0.9978	0.0000	0.9978	0.0002	0.0001	0.0000	0.0001	0.0001	0.0000	0.0000	0.0000	0.0000	0.1546	0.1363	0.0182	0.0398	0.0375	0.0024	0.1148	0.0989	0.0159	0.1088	0.0678	0.0410	0.0293	0.0244	0.0048	0.0795	0.0433	0.0362	4332.4562	0.0000	50014.3712	0.0000	0.0000	0.0000	15947.8227	0.0000	52481.5328	0.0015	0.0017	0.0011	0.0041	0.0048	0.0003	0.0005	0.0000	0.0012	
9	11	0.1768	7	0	2	0	0	0	0	0	0	N	Y	N	N	N	N	N	N	N	N	N	N	0.0703	0.0000	1425.5144	0.0000	0.0000	0.0000	inf	inf	0.0000	0.0000	0.0002	0.0000	0.0000	0.0000	0.0000	0.0000	0.0002	0.0004	0.0006	0.0000	0.0012	0.0015	0.0000	0.0000	0.0000	0.0000	inf	0.0001	0.0000	-0.0000	2.9770	1.0002	5.0602	2.9310	0.0000	0.0000	0.0000	0.0000	0.0000	0.0000	0.0000	0.0000	0.0000	0.0000	0.0000	0.0000	0.0000	0.0000	0.0000	0.0000	0.0000	0.0000	0.0243	0.0211	0.0031	0.0032	0.0030	0.0002	0.0211	0.0182	0.0029	0.0511	0.0331	0.0180	0.0168	0.0139	0.0029	0.0343	0.0192	0.0151	0.0703	0.0000	1425.5144	0.0000	0.0000	0.0000	inf	0.0000	inf	0.0004	0.0006	0.0000	0.0012	0.0015	0.0000	0.0000	0.0000	0.0000	
9	12	0.1768	6	0	1	0	0	0	0	0	0	N	N	N	N	N	N	N	N	N	N	N	N	55.9916	46.3101	103.7162	56.5986	56.1741	0.0000	55.8068	0.0000	104.5152	0.0777	0.0467	0.2312	0.0909	0.0930	0.0000	0.0678	0.0000	0.2452	0.0014	0.0010	0.0022	0.0016	0.0017	0.0006	0.0012	0.0000	0.0023	1.0000	0.9965	0.0000	-0.0000	2.9770	0.0003	5.0602	0.1375	0.0000	0.0000	0.0000	0.0000	0.0000	0.0000	0.0000	0.0000	0.0000	0.0000	0.0000	0.0000	0.0000	0.0000	0.0000	0.0000	0.0000	0.0000	0.0000	0.0000	0.0000	0.0000	0.0000	0.0000	0.0000	0.0000	0.0000	0.0051	0.0035	0.0016	0.0023	0.0022	0.0001	0.0029	0.0014	0.0015	55.9916	46.3101	103.7162	56.5986	56.1741	0.0000	55.8068	0.0000	104.5152	0.0014	0.0010	0.0022	0.0016	0.0017	0.0006	0.0012	0.0000	0.0023
9	13	0.1520	5	0	2	0	0	0	0	0	0	N	Y	N	N	N	N	N	N	N	N	N	N	0.0002	0.0002	0.0000	0.0126	0.0113	0.0000	0.0000	0.0000	0.0000	0.0000	0.0000	0.0000	0.0000	0.0000	0.0000	0.0000	0.0000	0.0000	0.0111	0.0178	0.0000	0.0015	0.0017	0.0000	0.0160	0.6815	0.0000	0.0000	0.0005	-0.0000	-0.0008	2.9770	3.9729	5.0602	5.4895	0.0000	0.0000	0.0000	0.0000	0.0000	0.0000	0.0000	0.0000	0.0000	0.0014	0.0014	0.0000	0.0001	0.0001	0.0000	0.0014	0.0014	0.0000	0.0986	0.0859	0.0127	0.0126	0.0118	0.0008	0.0860	0.0741	0.0119	0.1270	0.0801	0.0469	0.0423	0.0355	0.0068	0.0847	0.0446	0.0401	0.0002	0.0002	0.0000	0.0126	0.0113	0.0000	0.0000	0.0000	0.0000	0.0111	0.0176	0.0000	0.0015	0.0017	0.0000	0.0160	0.0303	0.0000
9	14	0.0556	4	1	2	0	0	0	0	0	0	N	Y	N	N	N	N	N	N	N	N	N	N	2005.5032	1342.3309	0.0000	1.5487	1.3668	244004091.1477	inf	0.0000	4.1959	4.8317	0.0000	0.0222	0.0235	0.0000	4.4496	5.1502	0.0000	0.0021	0.0036	0.0000	0.0143	0.0172	0.0000	0.0000	0.0000	0.0000	0.0000	0.0000	-0.3486	-0.0003	2.9770	10.0000	5.0602	6.0013	0.9582	0.9582	0.0000	0.0003	0.0003	0.0000	0.9579	0.9579	0.0000	0.0004	0.0004	0.0000	0.0004	0.0004	0.0000	0.0000	0.0000	0.0000	0.2284	0.1983	0.0300	0.0131	0.0123	0.0008	0.2153	0.1860	0.0293	0.2055	0.1195	0.0861	0.0300	0.0250	0.0051	0.1755	0.0945	0.0810	2005.5032	1342.3309	0.0000	1.5487	1.3668	0.0000	244004091.1477	inf	0.0000	0.0021	0.0036	0.0000	0.0143	0.0172	0.0000	0.0000	0.0000	0.0000	
9	15	0.1768	6	0	2	0	0	0	0	0	0	N	Y	N	N	N	N	N	N	N	N	N	N	0.1155	667.5410	0.0000	2200.9787	1964.4258	0.0000	0.0000	0.0000	0.1209	0.1387	0.0000	0.9201	0.9932	0.0000	0.0000	0.0000	0.0000	1.0461	0.0002	1.0188	0.0004	0.0005	0.0000	1.3094	0.0000	1.0203	0.0000	1144.9489	-0.0032	0.0048	2.9770	2.9999	5.0602	3.0728	0.0087	0.0087	0.0000	0.0087	0.0087	0.0000	0.0000	0.0000	0.0000	0.0117	0.0000	0.0117	0.0000	0.0000	0.0000	0.0117	0.0000	0.0117	0.0720	0.0627	0.0093	0.0095	0.0088	0.0007	0.0625	0.0539	0.0086	0.0761	0.0491	0.0270	0.0246	0.0202	0.0044	0.0516	0.0289	0.0226	0.7866	667.5410	0.0000	2200.9787	1964.4258	0.0000	0.0000	0.0000	0.0000	0.1537	0.0002	0.4326	0.0004	0.0005	0.0000	0.2268	0.0000	0.5167	
9	16	0.1520	5	0	1	0	0	0	0	0	0	N	N	N	N	N	N	N	N	N	N	N	N	0.4105	0.0002	568.2041	19.0649	0.1010	2646.1046	0.2637	0.0000	475.1285	0.0053	0.0000	0.0409	0.0067	0.0000	0.1014	0.0051	0.0000	0.0368	0.0128	0.0220	0.0001	0.0004	0.0004	0.0000	0.0192	0.8326	0.0001	1106.3218	0.0021	0.0005	-0.0008	2.9770	6.0396	5.0602	1.6050	0.0008	0.0000	0.0008	0.0001	0.0000	0.0001	0.0006	0.0000	0.0006	0.0014	0.0014	0.0000	0.0000	0.0000	0.0000	0.0014	0.0014	0.0000	0.1462	0.1274	0.0188	0.0180	0.0169	0.0012	0.1282	0.1105	0.0176	0.1065	0.0670	0.0395	0.0360	0.0305	0.0056	0.0705	0.0365	0.0339	0.4105	0.0003	568.2041	19.0649	0.1010	2646.1046	0.2637	0.0000	475.1285	0.0128	0.0204	0.0001	0.0004	0.0004	0.0000	0.0192	0.0370	0.0001
9	17	0.2230	11	1	2	0	0	0	0	0	0	N	Y	N	N	N	N	N	N	N	N	N	N	0.0006	0.0000	2.6132	0.0054	0.0031	0.1157	0.0002	0.0000	25.3213	0.0001	0.0000	0.0006	0.0000	0.0000	0.0001	0.0001	0.0000	0.0007	0.1284	0.5551	0.0002	0.0046	0.0052	0.0012	0.4553	1.8249	0.0000	20.8585	0.0015	0.0000	-0.0012	2.9770	0.9996	5.0602	1.7768	0.0000	0.0000	0.0000	0.0000	0.0000	0.0000	0.0000	0.0000	0.0000	0.0020	0.0020	0.0000	0.0001	0.0001	0.0000	0.0020	0.0020	0.0000	0.0234	0.0205	0.0028	0.0057	0.0053	0.0004	0.0177	0.0152	0.0025	0.0350	0.0226	0.0125	0.0136	0.0114	0.0022	0.0214	0.0112	0.0102	0.0014	0.0000	2.6132	0.0054	0.0031	0.1157	0.0011	0.0000	25.3213	0.0580	0.0899	0.0002	0.0046	0.0052	0.0012	0.0920	0.1761	0.0000
9	18	0.0785	7	0	2	0	0	0	0	0	0	N	Y	N	N	N	N	N	N	N	N	N	N	0.0000	0.0000	0.0000	0.0000	0.0000	0.0000	0.0000	0.0000	0.0000	0.0000	0.0000	0.0000	0.0000	0.0000	0.0000	0.0000	0.0000	0.0000	0.0000	0.0000	0.0000	0.0000	0.0000	0.0000	0.0000	0.0000	6.9201	0.0000	0.0000	2.9770	4.7641	5.0602	2.0666	0.0000	0.0000	0.0000	0.0000	0.0000	0.0000	0.0000	0.0000	0.0000	0.0000	0.0000	0.0000	0.0000	0.0000	0.0000	0.0000	0.0000	0.0000	0.1203	0.1052	0.0151	0.0112	0.0108	0.0004	0.1091	0.0944	0.0147	0.0957	0.0567	0.0391	0.0193	0.0160	0.0033	0.0764	0.0407	0.0357	0.0000	0.0000	0.0000	0.0000	0.0000	0.0000	0.0000	0.0000	0.0000	0.0000	0.0000	0.0000	0.0000	0.0000	0.0000	0.0000	0.0000	0.0000		
9	19	0.0610	6	0	2	0	0	0	0	0	0	N	Y	N	N	N	N	N	N	N	N	N	N	6.2110	4.2545	22.7743	8.5772	7.5613	13.1648	6.5488	23.2110	0.0020	0.0021	0.0005	0.0130	0.0133	0.0004	0.0001	0.0000	0.0005	0.0003	0.0005	0.0000	0.0015	0.0018	0.0000	0.0000	0.0000	0.0000	0.0323	0.0305	-0.0000	-0.0000	2.9770	1.4176	5.0602	5.1148	0.0001	0.0001	0.0000	0.0001	0.0001	0.0000	0.0000	0.0000	0.0000	0.0000	0.0000	0.0000	0.0000	0.0000	0.0000	0.0000	0.0000	0.0000	0.0423	0.0375	0.0048	0.0061	0.0060	0.0001	0.0362	0.0315	0.0046	0.0994	0.0605	0.0389	0.0200	0.0172	0.0027	0.0794	0.0433	0.0361	6.2110	4.2545	22.7743	8.5772	7.5613	13.1648	6.5488	0.0000	23.2110	0.0003	0.0005	0.0000	0.0015	0.0018	0.0000	0.0000	0.0000	0.0000	
9	20	0.2177	10	0	2	1	1	0	0	0	0	N	Y	N	N	N	N	N	N	N	N	N	N	0.0000	0.0000	0.0000	0.0000	0.0000	0.0000	0.0000	0.0000	0.0000	0.0000	0.0000	0.0000	0.0000	0.0000	0.0000	0.0000	0.0000	0.0000	0.0000	0.0000	2.9770	0.0000	5.0602	0.0000	0.0000	0.0000	0.0000	0.0000	0.0000	0.0000	0.0000	0.0000	0.0000	0.0000	0.0000	0.0000	0.0000	0.0000	0.0000	0.0000	0.0000	0.0000	0.0000	0.0000	0.0000	0.0000	0.0000	0.0000	0.0000	0.0000	0.0000	0.0000	0.0000	0.0000	0.0000	0.0000	0.0000	0.0000	0.0000	0.0000	0.0000	0.0000	0.0000	0.0000	0.0000	0.0000	0.0000	0.0000	0.0000	0.0000	0.0000	0.0000	0.0000	0.0000	0.0000	0.0000	0.0000	0.0000											
9	21	0.1742	9	0	1	0	1	0	0	0	0	N	N	N	N	N	N	N	N	N	N	N	N	0.0000	0.0000	0.0000	0.0000	0.0000	0.0000	0.0000	0.0000	0.0000	0.0000	0.0000	0.0000	0.0000	0.0000	0.0000	0.0000	0.0002	0.0003	0.0001	0.0004	0.0006	0.0000	0.0001	0.0000	0.0002	0.2109	0.0000	-0.0000	2.9770	6.0371	5.0602	11.7316	0.0000	0.0000	0.0000	0.0000	0.0000	0.0000	0.0000	0.0000	0.0000	0.0001	0.0000	0.0000	0.0000	0.0000	0.0000	0.0000	0.0000	0.0000	0.1391	0.1218	0.0173	0.0225	0.0210	0.0015	0.1166	0.1007	0.0158	0.2497	0.1686	0.0811	0.1083	0.0848	0.0236	0.1414	0.0838	0.0576	0.0000	0.0000	0.0000	0.0000	0.0000	0.0000	0.0000	0.0000	0.0000	0.0002	0.0003	0.0001	0.0004	0.0006	0.0000	0.0001	0.0000	0.0002			
9	22	0.1136	4	0	2	0	0	0	0	0	0	N	Y	N	N	N	N	N	N	N	N	N	N	5972.4355	4888.6461	0.0000	0.0000	0.0000	0.0000	38256112.3024	inf	0.0000	3.4983	3.9957	0.0000	0.0000	0.0000	0.0000	4.0612	4.6971	0.0000	0.0006	0.0008	0.0002	0.0023	0.0025	0.0016	0.0000	0.0000	0.0000	0.0000	0.1274	-0.3634	-0.0001	2.9770	11.9950	5.0602	7.9469	0.9989	0.9989	0.0000	0.0000	0.0000	0.0000	0.9989	0.9989	0.0000	0.0001	0.0001	0.0000	0.0001	0.0001	0.0000	0.0000	0.0000	0.0000	0.2855	0.2500	0.0355	0.0396	0.0373	0.0022	0.2460	0.2127	0.0333	0.2502	0.1591	0.0912	0.0628	0.0525	0.0103	0.1875	0.1066	0.0809	5972.4355	4888.6461	0.0000	0.0000	0.0000	0.0000	38256112.3024	inf	0.0000	0.0006	0.0008	0.0002	0.0023	0.0025	0.0016	0.0000	0.0000	0.0000
9	23	0.2500	10	1	2	0	0	0	0	0	0	N	Y	N	N	N	N	N	N	N	N	N	N	0.0000	0.0000	0.0000	0.0000	0.0000	0.0000	0.0000	0.0000	0.0000	0.0000	0.0000	0.0000	0.0000	0.0000	0.0000	0.0000	0.0000	0.0006	0.0000	0.0016	0.0000	0.0000	0.0000	0.0008	0.0000	0.0019	4986.4500	0.0000	0.0000	2.9770	0.0013	5.0602	0.9984	0.0000	0.0000	0.0000	0.0000	0.0000	0.0000	0.0000	0.0000	0.0000	0.0000	0.0000	0.0000	0.0000	0.0000	0.0000	0.0000	0.0000	0.0000	0.0001	0.0001	0.0000	0.0000	0.0000	0.0000	0.0000	0.0000	0.0000	0.0170	0.0108	0.0063	0.0051	0.0042	0.0010	0.0119	0.0066	0.0053	0.0000	0.0000	0.0000	0.0000	0.0000	0.0000	0.0000	0.0000	0.0000	0.0006	0.0000	0.0016	0.0000	0.0000	0.0000	0.0008	0.0000	0.0019		
9	24	0.1966	11	0	2	0	1	0	0	0	0	N	Y	N	N	N	N	N	N	N	N	N	N	0.9769	0.5136	0.0000	0.0675	0.0582	0.0000	160.3146	440.9282	0.0000	0.0201	0.0228	0.0000	0.0039	0.0042	0.0000	0.0239	0.0276	0.0000	0.0205	0.0444	0.0002	0.0583	0.0719	0.0000	0.0001	0.0001	0.0003	0.0000	0.0037	-0.0011	-0.0018	2.9770	6.0729	5.0602	6.2374	0.0029	0.0029	0.0000	0.0001	0.0001	0.0000	0.0028	0.0028	0.0000	0.0031	0.0031	0.0000	0.0031	0.0031	0.0000	0.0000	0.0000	0.0000	0.1464	0.1287	0.0177	0.0279	0.0263	0.0017	0.1185	0.1024	0.0161	0.1528	0.1018	0.0509	0.0536	0.0434	0.0101	0.0992	0.0584	0.0408	0.9769	0.7437	0.0000	0.0675	0.0582	0.0000	160.3146	440.9282	0.0000	0.0205	0.0307	0.0002	0.0583	0.0719	0.0000	0.0001	0.0001	0.0003
9	25	0.1392	7	1	2	0	0	0	0	0	0	N	Y	N	N	N	N	N	N	N	N	N	N	0.3710	20.9674	0.5835	0.4569	1.7517	0.6743	0.3480	6122.9261	0.5761	2.1884	0.0073	17.6948	0.0032	0.0017	0.0210	2.5939	0.0084	19.6828	5.8993	0.0003	30.3230	0.0070	0.0010	0.0312	7.4538	0.0000	34.1666	340.0272	23932.5343	0.6349	0.8174	2.9770	19.6128	5.0602	15.0566	1.0025	0.0029	0.9996	0.0002	0.0001	0.0001	1.0023	0.0028	0.9995	1.9896	0.0001	1.9895	0.0008	0.0001	0.0007	1.9888	0.0000	1.9888	0.4581	0.4016	0.0565	0.0717	0.0660	0.0057	0.3864	0.3356	0.0508	0.3759	0.2381	0.1378	0.1091	0.0871	0.0219	0.2668	0.1510	0.1158	0.4134	20.9674	1.2252	0.4569	1.7517	0.6743	0.3480	6122.9261	1.1464	5.2931	0.0003	14.4422	0.0070	0.0010	0.0312	7.4538	0.0000	17.1685
9	26	0.2522	10	0	1	1	0	0	0	0	0	N	N	N	N	N	N	N	N	N	N	N	N	0.0000	0.0000	0.0000	0.0000	0.0000	0.0000	0.0000	0.0000	0.0000	0.0000	0.0000	0.0000	0.0000	0.0000	0.0000	0.0000	0.0000	0.0000	0.0000	0.0000	2.9770	0.0000	5.0602	0.0000	0.0000	0.0000	0.0000	0.0000	0.0000	0.0000	0.0000	0.0000	0.0000	0.0000	0.0000	0.0000	0.0000	0.0000	0.0000	0.0000	0.0000	0.0000	0.0000	0.0000	0.0000	0.0000	0.0000	0.0000	0.0000	0.0000	0.0000	0.0000	0.0000	0.0000	0.0000	0.0000	0.0000	0.0000	0.0000	0.0000	0.0000	0.0000	0.0000	0.0000	0.0000	0.0000	0.0000	0.0000	0.0000	0.0000	0.0000	0.0000	0.0000	0.0000	0.0000	0.0000	0.0000	0.0000											
9	27	0.2230	11	1	1	1	0	0	0	0	0	N	N	N	N	N	N	N	N	N	N	N	N	1.5385	0.7861	0.0000	54.3591	50.0033	0.0000	0.4647	0.0160	0.0000	0.0311	0.0353	0.0000	0.0781	0.0839	0.0000	0.0166	0.0192	0.0000	0.0202	0.0449	0.0004	0.0014	0.0017	0.0004	0.0357	1.1998	0.0004	0.0000	0.0074	-0.0015	-0.0012	2.9770	6.0046	5.0602	3.2467	0.0041	0.0041	0.0000	0.0024	0.0024	0.0000	0.0017	0.0017	0.0000	0.0020	0.0020	0.0000	0.0001	0.0001	0.0000	0.0020	0.0020	0.0000	0.1326	0.1166	0.0160	0.0312	0.0291	0.0022	0.1014	0.0876	0.0138	0.1008	0.0654	0.0354	0.0375	0.0304	0.0070	0.0633	0.0350	0.0283	1.5385	1.1438	0.0000	54.3591	50.0033	0.0000	0.5298	0.3409	0.0000	0.0202	0.0309	0.0004	0.0014	0.0017	0.0004	0.0313	0.0563	0.0004
9	28	0.1866	10	1	1	0	0	0	0	0	0	N	N	N	N	N	N	N	N	N	N	N	N	0.0000	0.0000	0.0000	0.0008	0.0036	0.0000	0.0000	0.0000	0.0000	0.0000	0.0000	0.0000	0.0001	0.0001	0.0000	0.0000	0.0000	0.0000	6.1226	12.1685	0.0640	0.0726	0.0167	0.5595	8.1193	14.3989	0.0041	0.0000	0.0041	-0.0000	-0.5812	2.9770	7.0330	5.0602	8.3476	0.0000	0.0000	0.0000	0.0000	0.0000	0.0000	0.0000	0.0000	0.0000	0.9936	0.9895	0.0041	0.0048	0.0009	0.0039	0.9888	0.9886	0.0002	0.1697	0.1487	0.0210	0.0322	0.0303	0.0019	0.1375	0.1185	0.0190	0.1873	0.1235	0.0638	0.0655	0.0531	0.0124	0.1218	0.0704	0.0514	0.0000	0.0000	0.0000	0.0008	0.0036	0.0000	0.0000	0.0000	0.0000	5.3051	8.0112	0.0640	0.0726	0.0167	0.3127	8.1193	14.0439	0.0041
9	29	0.1966	11	0	2	0	1	0	0	0	0	N	Y	N	N	N	N	N	N	N	N	N	N	0.0000	0.0000	0.0000	0.0000	0.0000	0.0000	0.0000	0.0000	0.0000	0.0000	0.0000	0.0000	0.0000	0.0000	0.0000	0.0000	0.0000	0.0162	0.0008	0.0455	0.0468	0.0019	0.2805	0.0012	0.0000	0.0027	31.2452	0.0000	0.0016	2.9770	12.7698	5.0602	10.8465	0.0000	0.0000	0.0000	0.0000	0.0000	0.0000	0.0000	0.0000	0.0000	0.0042	0.0001	0.0041	0.0040	0.0001	0.0039	0.0002	0.0000	0.0002	0.2892	0.2542	0.0350	0.0530	0.0497	0.0033	0.2362	0.2045	0.0317	0.2589	0.1695	0.0894	0.0855	0.0687	0.0168	0.1734	0.1007	0.0726	0.0000	0.0000	0.0000	0.0000	0.0000	0.0000	0.0000	0.0000	0.0000	0.0162	0.0008	0.0455	0.0468	0.0019	0.2303	0.0012	0.0000	0.0027		
9	30	0.0559	5	1	1	1	0	0	0	0	0	N	N	N	N	N	N	N	N	N	N	N	N	42.7514	28.5588	0.0000	55.3872	48.5239	0.0000	245545.9105	inf	0.0000	0.0151	0.0173	0.0000	0.1339	0.1410	0.0000	0.0066	0.0076	0.0000	0.0004	0.0006	0.0000	0.0024	0.0029	0.0000	0.0000	0.0000	0.0000	0.0000	0.0001	-0.0015	-0.0000	2.9770	11.8338	5.0602	5.9707	0.0041	0.0041	0.0000	0.0024	0.0024	0.0000	0.0017	0.0017	0.0000	0.0001	0.0001	0.0000	0.0001	0.0001	0.0000	0.0000	0.0000	0.0000	0.2726	0.2375	0.0352	0.0182	0.0173	0.0009	0.2544	0.2202	0.0343	0.2265	0.1318	0.0947	0.0331	0.0275	0.0056	0.1934	0.1042	0.0892	42.7514	28.5588	0.0000	55.3872	48.5239	0.0000	245545.9105	inf	0.0000	0.0004	0.0006	0.0000	0.0024	0.0029	0.0000	0.0000	0.0000	0.0000
9	31	0.1966	11	0	1	1	0	0	0	0	0	N	N	N	N	N	N	N	N	N	N	N	N	4579.9805	40.1240	14543.0378	199.7179	85.9117	686.2919	21582.8807	inf	64970.6217	0.0103	0.0000	0.0851	0.0011	0.0001	0.0159	0.0125	0.0000	0.0922	0.0000	0.0000	0.0000	0.0000	0.0000	0.0000	0.0000	0.0000	0.0000	587.5077	5.7477	0.0011	0.0000	2.9770	6.9288	5.0602	3.0309	0.0017	0.0000	0.0017	0.0000	0.0000	0.0000	0.0017	0.0000	0.0017	0.0000	0.0000	0.0000	0.0000	0.0000	0.0000	0.0000	0.0000	0.0000	0.1657	0.1456	0.0201	0.0313	0.0294	0.0019	0.1344	0.1162	0.0182	0.1292	0.0867	0.0424	0.0463	0.0376	0.0086	0.0829	0.0491	0.0338	4579.9805	40.1240	14543.0378	199.7179	85.9117	686.2919	21582.8807	inf	64970.6217	0.0000	0.0000	0.0000	0.0000	0.0000	0.0000	0.0000	0.0000	0.0000
9	32	0.1866	10	0	1	0	0	0	0	0	0	N	N	N	N	N	N	N	N	N	N	N	N	0.0001	0.0001	0.0000	0.0001	0.0001	0.0000	0.0012	0.0001	0.0000	0.0001	0.0001	0.0000	0.0000	0.0000	0.0000	0.0001	0.0001	0.0000	0.4623	0.7464	0.0345	0.1803	0.1614	0.1499	0.0579	1.3003	0.0026	0.0000	0.1380	-0.0000	-0.0034	2.9770	1.8775	5.0602	3.1058	0.0000	0.0000	0.0000	0.0000	0.0000	0.0000	0.0000	0.0000	0.0000	0.0073	0.0064	0.0009	0.0053	0.0044	0.0008	0.0020	0.0020	0.0001	0.0548	0.0481	0.0067	0.0135	0.0128	0.0006	0.0413	0.0352	0.0061	0.0815	0.0559	0.0256	0.0330	0.0274	0.0055	0.0485	0.0284	0.0201	0.0006	0.0005	0.0000	0.0001	0.0001	0.0000	0.0016	0.0011	0.0000	0.0894	0.1146	0.0345	0.1595	0.1614	0.1499	0.0418	0.0694	0.0026
9	33	0.1742	9	0	1	0	0	0	0	0	0	N	N	N	N	N	N	N	N	N	N	N	N	0.0000	0.0000	0.0000	0.0000	0.0004	0.0000	0.0000	0.0000	0.0000	0.0000	0.0000	0.0000	0.0000	0.0000	0.0000	0.0000	0.0000	0.0000	0.0368	0.0578	0.0275	0.0136	0.0001	0.0606	0.1193	1.4462	0.0028	0.0000	0.3148	-0.0000	-0.0016	2.9770	5.3867	5.0602	0.9197	0.0000	0.0000	0.0000	0.0000	0.0000	0.0000	0.0000	0.0000	0.0000	0.0047	0.0036	0.0011	0.0011	0.0000	0.0011	0.0036	0.0035	0.0001	0.1247	0.1092	0.0155	0.0202	0.0189	0.0013	0.1045	0.0903	0.0142	0.1405	0.0998	0.0407	0.0779	0.0605	0.0174	0.0627	0.0394	0.0233	0.0000	0.0000	0.0000	0.0000	0.0004	0.0000	0.0000	0.0000	0.0000	0.0333	0.0356	0.0275	0.0136	0.0001	0.0606	0.0577	0.0902	0.0028
9	34	0.2575	11	0	2	0	0	0	0	0	0	N	Y	N	N	N	N	N	N	N	N	N	N	0.0000	0.0000	0.0000	0.0000	0.0000	0.0000	0.0000	0.0000	0.0000	0.0000	0.0000	0.0000	0.0000	0.0000	0.0000	0.0000	0.0000	0.0000	0.0000	0.0000	0.0000	0.0000	0.0000	0.0000	-0.0000	2.9770	0.0019	5.0602	3.0025	0.0000	0.0000	0.0000	0.0000	0.0000	0.0000	0.0000	0.0000	0.0000	0.0000	0.0000	0.0000	0.0000	0.0000	0.0000	0.0000	0.0000	0.0000	0.0002	0.0001	0.0000	0.0001	0.0001	0.0000	0.0001	0.0001	0.0000	0.0305	0.0195	0.0110	0.0121	0.0093	0.0028	0.0184	0.0101	0.0083	0.0000	0.0000	0.0000	0.0000	0.0000	0.0000	0.0000	0.0000	0.0000	0.0000	0.0000	0.0000	0.0000	0.0000	0.0000	0.0000	0.0000	0.0000						
9	35	0.2381	7	1	2	0	0	0	0	0	0	N	Y	N	N	N	N	N	N	N	N	N	N	0.0000	0.0000	0.0000	0.0000	0.0000	0.0000	0.0000	0.0000	0.0000	0.0000	0.0000	0.0000	0.0000	0.0000	0.0000	0.0000	0.0000	0.0000	0.0000	0.0000	2.9770	1.0000	5.0602	1.9999	0.0000	0.0000	0.0000	0.0000	0.0000	0.0000	0.0000	0.0000	0.0000	0.0000	0.0000	0.0000	0.0000	0.0000	0.0000	0.0000	0.0000	0.0000	0.0227	0.0199	0.0028	0.0051	0.0048	0.0004	0.0175	0.0151	0.0024	0.0333	0.0206	0.0127	0.0090	0.0073	0.0016	0.0243	0.0133	0.0111	0.0000	0.0000	0.0000	0.0000	0.0000	0.0000	0.0000	0.0000	0.0000	0.0000	0.0000	0.0000	0.0000	0.0000	0.0000	0.0000	0.0000	0.0000											
9	38	0.2575	11	0	1	1	0	0	0	0	0	N	N	N	N	N	N	N	N	N	N	N	N	0.0000	0.0000	0.0000	0.0000	0.0000	0.0000	0.0000	0.0000	0.0000	0.0000	0.0000	0.0000	0.0000	0.0000	0.0000	0.0000	0.0000	0.0000	0.0000	0.0000	2.9770	0.9992	5.0602	1.0069	0.0000	0.0000	0.0000	0.0000	0.0000	0.0000	0.0000	0.0000	0.0000	0.0000	0.0000	0.0000	0.0000	0.0000	0.0000	0.0000	0.0000	0.0000	0.0206	0.0181	0.0026	0.0032	0.0030	0.0002	0.0175	0.0151	0.0024	0.0206	0.0132	0.0074	0.0082	0.0063	0.0019	0.0124	0.0068	0.0056	0.0000	0.0000	0.0000	0.0000	0.0000	0.0000	0.0000	0.0000	0.0000	0.0000	0.0000	0.0000	0.0000	0.0000	0.0000	0.0000	0.0000	0.0000											
9	39	0.2522	10	0	1	0	0	0	0	0	0	N	N	N	N	N	N	N	N	N	N	N	N	0.0000	0.0000	0.0000	0.0000	0.0000	0.0000	0.0000	0.0000	0.0000	0.0000	0.0000	0.0000	0.0000	0.0000	0.0000	0.0000	0.0000	0.0000	0.0000	0.0000	0.0000	0.0000	0.0000	0.0000	-0.0000	2.9770	1.0008	5.0602	0.9987	0.0000	0.0000	0.0000	0.0000	0.0000	0.0000	0.0000	0.0000	0.0000	0.0000	0.0000	0.0000	0.0000	0.0000	0.0000	0.0000	0.0000	0.0000	0.0209	0.0183	0.0026	0.0030	0.0028	0.0002	0.0179	0.0154	0.0024	0.0205	0.0130	0.0075	0.0078	0.0059	0.0018	0.0127	0.0071	0.0057	0.0000	0.0000	0.0000	0.0000	0.0000	0.0000	0.0000	0.0000	0.0000	0.0000	0.0000	0.0000	0.0000	0.0000	0.0000	0.0000	0.0000	0.0000						
9	40	0.1742	9	0	1	0	0	0	0	0	0	N	N	N	N	N	N	N	N	N	N	N	N	0.0000	0.0000	0.0000	0.0000	0.0000	0.0000	0.0000	0.0000	0.0000	0.0000	0.0000	0.0000	0.0000	0.0000	0.0000	0.0000	0.0000	3.6499	6.5351	0.0000	35.4504	37.9961	0.0000	0.0000	0.0000	0.0000	0.0000	0.0000	-0.5846	2.9770	9.0374	5.0602	18.5287	0.0000	0.0000	0.0000	0.0000	0.0000	0.0000	0.0000	0.0000	0.0000	0.9923	0.9923	0.0000	0.9923	0.9923	0.0000	0.0000	0.0000	0.0000	0.2040	0.1788	0.0252	0.0329	0.0307	0.0021	0.1711	0.1481	0.0231	0.3323	0.2202	0.1121	0.1304	0.1024	0.0281	0.2019	0.1179	0.0840	0.0000	0.0000	0.0000	0.0000	0.0000	0.0000	0.0000	0.0000	0.0000	2.9861	4.5057	0.0000	7.6079	9.6936	0.0000	0.0000	0.0000	0.0000		
9	41	0.1474	8	0	1	0	0	0	0	0	0	N	N	N	N	N	N	N	N	N	N	N	N	0.0022	0.0000	0.0207	0.0000	0.0000	0.0000	0.0172	0.0000	0.0847	0.0000	0.0000	0.0000	0.0000	0.0000	0.0000	0.0000	0.0000	0.0000	0.0001	0.0001	0.0001	0.0002	0.0002	0.0002	0.0000	0.0000	0.0000	inf	0.3447	0.0000	-0.0000	2.9770	9.0369	5.0602	3.5648	0.0000	0.0000	0.0000	0.0000	0.0000	0.0000	0.0000	0.0000	0.0000	0.0000	0.0000	0.0000	0.0000	0.0000	0.0000	0.0000	0.0000	0.0000	0.2089	0.1824	0.0265	0.0240	0.0225	0.0016	0.1849	0.1599	0.0250	0.2216	0.1525	0.0691	0.1003	0.0789	0.0214	0.1212	0.0736	0.0477	0.0022	0.0000	0.0207	0.0000	0.0000	0.0000	0.0172	0.0000	0.0847	0.0001	0.0001	0.0001	0.0002	0.0002	0.0002	0.0000	0.0000	0.0000
9	42	0.1136	4	0	1	0	0	0	0	0	0	N	N	N	N	N	N	N	N	N	N	N	N	5.9559	4.6229	0.0000	12.4007	10.9894	0.0000	0.0000	0.0000	0.0000	0.0062	0.0071	0.0000	0.0487	0.0518	0.0000	0.0000	0.0000	0.0000	0.0010	0.0015	0.0002	0.0039	0.0047	0.0000	0.0001	0.0000	0.0002	0.0000	0.0733	-0.0009	-0.0002	2.9770	17.0025	5.0602	6.0864	0.0024	0.0024	0.0000	0.0024	0.0024	0.0000	0.0000	0.0000	0.0000	0.0003	0.0003	0.0000	0.0003	0.0003	0.0000	0.0000	0.0000	0.0000	0.3885	0.3401	0.0484	0.0494	0.0465	0.0029	0.3390	0.2935	0.0455	0.2818	0.1784	0.1034	0.0696	0.0580	0.0116	0.2122	0.1204	0.0918	5.9559	4.6229	0.0000	12.4007	10.9894	0.0000	0.0000	0.0000	0.0000	0.0010	0.0015	0.0002	0.0039	0.0047	0.0000	0.0001	0.0000	0.0002
9	44	0.1136	4	0	2	0	0	0	0	0	0	N	Y	N	N	N	N	N	N	N	N	N	N	0.0000	0.0000	0.0000	0.0000	0.0000	0.0000	0.0000	0.0000	0.0000	0.0000	0.0000	0.0000	0.0000	0.0000	0.0000	0.0000	0.0000	0.0219	0.0531	0.0002	0.0867	0.1033	0.0009	0.0001	0.0000	0.0001	0.0036	0.0000	-0.0031	2.9770	6.9958	5.0602	11.8523	0.0000	0.0000	0.0000	0.0000	0.0000	0.0000	0.0000	0.0000	0.0000	0.0052	0.0052	0.0000	0.0052	0.0052	0.0000	0.0000	0.0000	0.0000	0.1768	0.1552	0.0217	0.0292	0.0277	0.0015	0.1476	0.1275	0.0202	0.2390	0.1522	0.0868	0.0603	0.0505	0.0098	0.1787	0.1016	0.0770	0.0000	0.0000	0.0000	0.0000	0.0000	0.0000	0.0000	0.0000	0.0000	0.0219	0.0343	0.0002	0.0867	0.1033	0.0009	0.0001	0.0000	0.0001		
9	45	0.1520	5	0	2	0	0	0	0	0	0	N	Y	N	N	N	N	N	N	N	N	N	N	607.2049	445.9019	0.0000	2.2851	2.4047	0.0000	522.9884	68.9290	0.0000	2.2584	2.5839	0.0000	0.0023	0.0025	0.0000	2.5588	2.9532	0.0000	0.0037	0.0058	0.0001	0.0010	0.0010	0.0009	0.0049	0.0428	0.0000	0.0000	0.0142	-0.3637	-0.0008	2.9770	20.1318	5.0602	17.5118	0.9997	0.9997	0.0000	0.0001	0.0001	0.0000	0.9995	0.9995	0.0000	0.0015	0.0015	0.0000	0.0001	0.0001	0.0000	0.0014	0.0014	0.0000	0.4426	0.3869	0.0558	0.0520	0.0484	0.0036	0.3906	0.3385	0.0522	0.3961	0.2507	0.1454	0.1197	0.0977	0.0220	0.2764	0.1530	0.1235	607.2049	445.9019	0.0000	2.2851	2.4047	0.0000	522.9884	334.1332	0.0000	0.0037	0.0058	0.0001	0.0010	0.0010	0.0009	0.0049	0.0088	0.0000
9	46	0.1754	9	0	2	0	0	0	0	0	0	N	Y	N	N	N	N	N	N	N	N	N	N	0.0000	0.0000	0.0000	0.0000	0.0000	0.0000	0.0000	0.0000	0.0000	0.0000	0.0000	0.0000	0.0000	0.0000	0.0000	0.0000	0.0000	0.0000	0.0002	0.0003	0.0000	0.0005	0.0006	0.0000	0.0000	0.0000	0.0001	0.0659	0.0000	-0.0000	2.9770	15.0410	5.0602	10.9147	0.0000	0.0000	0.0000	0.0000	0.0000	0.0000	0.0000	0.0000	0.0000	0.0001	0.0001	0.0000	0.0001	0.0001	0.0000	0.0000	0.0000	0.0000	0.3642	0.3193	0.0449	0.0667	0.0625	0.0042	0.2976	0.2568	0.0408	0.3589	0.2370	0.1219	0.1605	0.1248	0.0357	0.1984	0.1122	0.0862	0.0000	0.0000	0.0000	0.0000	0.0000	0.0000	0.0000	0.0000	0.0000	0.0002	0.0003	0.0000	0.0005	0.0006	0.0000	0.0000	0.0000	0.0001	
9	47	0.0610	6	1	1	1	0	0	0	0	0	N	N	N	N	N	N	N	N	N	N	N	N	10479.5898	7215.5321	0.0000	62.3032	54.7847	0.0000	842900.7468	134880133.0624	0.0000	3.3985	3.8975	0.0000	0.1163	0.1222	0.0000	3.6464	4.2111	0.0000	0.0003	0.0005	0.0000	0.0019	0.0022	0.0000	0.0000	0.0000	0.0000	0.0000	0.0141	-0.3642	-0.0000	2.9770	12.7633	5.0602	6.3722	1.0012	1.0012	0.0000	0.0024	0.0024	0.0000	0.9988	0.9988	0.0000	0.0001	0.0001	0.0000	0.0001	0.0001	0.0000	0.0000	0.0000	0.0000	0.2946	0.2569	0.0377	0.0207	0.0197	0.0010	0.2739	0.2372	0.0367	0.2499	0.1479	0.1019	0.0429	0.0358	0.0071	0.2070	0.1121	0.0949	10479.5898	7215.5321	0.0000	62.3032	54.7847	0.0000	842900.7468	134880133.0624	0.0000	0.0003	0.0005	0.0000	0.0019	0.0022	0.0000	0.0000	0.0000	0.0000
9	48	0.0559	5	0	1	0	0	0	0	0	0	N	N	N	N	N	N	N	N	N	N	N	N	157.4639	99.3457	1785.8692	3.2213	2.6873	165.4174	30480.7175	inf	3204.3780	0.0060	0.0064	0.0017	0.0008	0.0008	0.0012	0.0076	0.0084	0.0017	0.0000	0.0001	0.0000	0.0002	0.0003	0.0000	0.0000	0.0000	0.0000	0.0265	0.0106	-0.0000	-0.0000	2.9770	0.3513	5.0602	1.9759	0.0001	0.0001	0.0000	0.0000	0.0000	0.0000	0.0001	0.0001	0.0000	0.0000	0.0000	0.0000	0.0000	0.0000	0.0000	0.0000	0.0000	0.0000	0.0141	0.0129	0.0013	0.0033	0.0033	0.0000	0.0108	0.0096	0.0013	0.0327	0.0191	0.0137	0.0051	0.0042	0.0008	0.0277	0.0149	0.0128	157.4639	99.3457	1785.8692	3.2213	2.6873	165.4174	30480.7175	inf	3204.3780	0.0000	0.0001	0.0000	0.0002	0.0003	0.0000	0.0000	0.0000	0.0000
9	49	0.0556	4	0	1	0	0	0	0	0	0	N	N	N	N	N	N	N	N	N	N	N	N	57.8073	79.7624	0.0000	191.4904	274.3287	0.0000	0.0000	0.0000	0.0005	0.0006	0.0000	0.0091	0.0097	0.0000	0.0000	0.0000	0.0000	0.0000	0.0000	0.0000	0.0000	0.0000	0.0001	0.0000	0.0000	0.0000	0.0000	1.0534	-0.0000	-0.0000	2.9770	0.1669	5.0602	0.0350	0.0000	0.0000	0.0000	0.0000	0.0000	0.0000	0.0000	0.0000	0.0000	0.0000	0.0000	0.0000	0.0000	0.0000	0.0000	0.0000	0.0000	0.0000	0.0041	0.0035	0.0005	0.0002	0.0002	0.0000	0.0038	0.0033	0.0005	0.0029	0.0017	0.0012	0.0004	0.0004	0.0001	0.0024	0.0013	0.0011	57.8073	79.7624	0.0000	191.4904	274.3287	0.0000	0.0000	0.0000	0.0000	0.0000	0.0000	0.0000	0.0000	0.0000	0.0001	0.0000	0.0000	0.0000	
9	50	0.0556	3	0	1	0	0	0	0	0	0	N	N	N	N	N	N	N	N	N	N	N	N	0.0000	0.0000	0.0000	0.0000	0.0000	0.0000	0.0000	0.0000	0.0000	0.0000	0.0000	0.0000	0.0000	0.0000	0.0000	0.0000	0.0000	0.0003	0.0003	0.0005	0.0010	0.0007	0.0027	0.0001	0.0000	0.0002	1.0000	0.0000	-0.0000	2.9770	0.0010	5.0602	0.0028	0.0000	0.0000	0.0000	0.0000	0.0000	0.0000	0.0000	0.0000	0.0000	0.0000	0.0000	0.0000	0.0000	0.0000	0.0000	0.0000	0.0000	0.0000	0.0001	0.0001	0.0000	0.0000	0.0000	0.0000	0.0000	0.0000	0.0000	0.0001	0.0000	0.0000	0.0000	0.0000	0.0000	0.0001	0.0000	0.0000	0.0000	0.0000	0.0000	0.0000	0.0000	0.0000	0.0000	0.0000	0.0000	0.0003	0.0003	0.0005	0.0010	0.0007	0.0027	0.0001	0.0000	0.0002		
9	51	0.1330	5	0	2	0	1	0	0	0	0	N	Y	N	N	N	N	N	N	N	N	N	N	15972.1304	6684.1755	166783.9251	4.1353	4.1300	0.0000	521228.1544	263035.2745	2321545.0975	10.4385	5.8207	43.6060	0.0089	0.0094	0.0000	12.6252	7.1614	46.9795	0.0007	0.0009	0.0003	0.0022	0.0023	0.0016	0.0000	0.0000	0.0000	1.0430	0.1664	0.2871	-0.0001	2.9770	7.3891	5.0602	13.2142	1.9563	0.9575	0.9988	0.0003	0.0003	0.0000	1.9560	0.9573	0.9988	0.0002	0.0001	0.0000	0.0002	0.0001	0.0000	0.0000	0.0000	0.0000	0.1874	0.1645	0.0229	0.0325	0.0308	0.0016	0.1549	0.1337	0.0213	0.2615	0.1682	0.0932	0.0771	0.0631	0.0140	0.1843	0.1051	0.0792	15972.1304	6684.1755	166783.9251	4.1353	4.1300	0.0000	521228.1544	263035.2745	2321545.0975	0.0007	0.0009	0.0003	0.0022	0.0023	0.0016	0.0000	0.0000	0.0000
9	52	0.1392	6	0	2	0	0	0	0	0	0	N	Y	N	N	N	N	N	N	N	N	N	N	0.1168	0.0849	0.0000	0.1897	0.1657	0.0000	0.0000	0.0000	0.0000	0.0002	0.0002	0.0000	0.0011	0.0012	0.0000	0.0000	0.0000	0.0000	0.0017	0.0026	0.0000	0.0056	0.0070	0.0000	0.0000	0.0000	0.0000	0.0000	0.0009	-0.0000	-0.0003	2.9770	12.1779	5.0602	13.0455	0.0001	0.0001	0.0000	0.0001	0.0001	0.0000	0.0000	0.0000	0.0000	0.0005	0.0005	0.0000	0.0005	0.0005	0.0000	0.0000	0.0000	0.0000	0.3092	0.2710	0.0382	0.0564	0.0517	0.0047	0.2528	0.2193	0.0335	0.2897	0.1844	0.1052	0.0858	0.0687	0.0171	0.2039	0.1158	0.0882	0.1168	0.0849	0.0000	0.1897	0.1657	0.0000	0.0000	0.0000	0.0000	0.0017	0.0026	0.0000	0.0056	0.0070	0.0000	0.0000	0.0000	0.0000
9	53	0.0482	2	0	2	0	0	0	0	0	0	N	Y	N	N	N	N	N	N	N	N	N	N	58.7700	inf	0.0000	475.6828	inf	0.0000	0.0126	inf	0.0000	0.0008	0.0009	0.0000	0.0145	0.0155	0.0000	0.0000	0.0000	0.0000	0.0000	0.0000	0.0000	0.0000	0.0000	0.0002	0.0000	0.0000	0.0000	0.0000	inf	-0.0000	0.0000	2.9770	3.0001	5.0602	3.0003	0.0001	0.0001	0.0000	0.0001	0.0001	0.0000	0.0000	0.0000	0.0000	0.0000	0.0000	0.0000	0.0000	0.0000	0.0000	0.0000	0.0000	0.0000	0.0722	0.0626	0.0096	0.0040	0.0037	0.0002	0.0682	0.0589	0.0094	0.0831	0.0485	0.0346	0.0123	0.0102	0.0021	0.0707	0.0383	0.0324	58.7700	inf	0.0000	475.6828	inf	0.0000	0.0126	inf	0.0000	0.0000	0.0000	0.0000	0.0000	0.0000	0.0002	0.0000	0.0000	0.0000
9	56	0.1968	10	0	2	0	0	0	0	0	0	N	Y	N	N	N	N	N	N	N	N	N	N	0.3169	0.0000	7.0431	0.0365	0.0000	25.6490	1.3766	0.0000	5.8424	0.0005	0.0000	0.0038	0.0001	0.0000	0.0018	0.0006	0.0000	0.0040	0.0015	0.0020	0.0005	0.0030	0.0036	0.0001	0.0004	0.0002	0.0007	inf	0.1413	0.0000	-0.0001	2.9770	5.0156	5.0602	9.5596	0.0001	0.0000	0.0001	0.0000	0.0000	0.0000	0.0001	0.0000	0.0001	0.0003	0.0002	0.0000	0.0002	0.0002	0.0000	0.0000	0.0000	0.0000	0.1197	0.1049	0.0149	0.0202	0.0190	0.0012	0.0995	0.0859	0.0136	0.1864	0.1227	0.0637	0.0799	0.0652	0.0148	0.1065	0.0575	0.0489	0.3169	0.0000	7.0431	0.0365	0.0000	25.6490	1.3766	0.0000	5.8424	0.0015	0.0020	0.0005	0.0030	0.0036	0.0001	0.0004	0.0002	0.0007
9	57	0.1754	9	0	2	0	0	0	0	0	0	N	Y	N	N	N	N	N	N	N	N	N	N	0.2265	0.1489	0.9226	0.4186	0.3541	1.0660	0.2054	0.0002	0.7798	0.0006	0.0005	0.0018	0.0017	0.0018	0.0013	0.0003	0.0000	0.0018	0.0028	0.0032	0.0019	0.0041	0.0050	0.0012	0.0013	0.0006	0.0023	0.5236	0.2595	-0.0000	-0.0002	2.9770	5.2776	5.0602	4.9316	0.0001	0.0001	0.0000	0.0001	0.0001	0.0000	0.0000	0.0000	0.0000	0.0006	0.0005	0.0001	0.0005	0.0005	0.0000	0.0001	0.0000	0.0001	0.1606	0.1407	0.0200	0.0404	0.0380	0.0024	0.1203	0.1027	0.0175	0.2233	0.1555	0.0678	0.1182	0.0920	0.0262	0.1051	0.0635	0.0416	0.2265	0.1489	0.9226	0.4186	0.3541	1.0660	0.2054	0.0002	0.7798	0.0028	0.0032	0.0019	0.0041	0.0050	0.0012	0.0013	0.0006	0.0023
9	58	0.1474	8	0	1	0	0	0	0	0	0	N	N	N	N	N	N	N	N	N	N	N	N	0.1245	0.1215	0.0015	0.5351	0.4741	0.0000	0.0579	0.0852	0.0014	0.0003	0.0003	0.0000	0.0020	0.0021	0.0000	0.0001	0.0001	0.0000	0.0024	0.0028	0.0015	0.0037	0.0044	0.0009	0.0013	0.0010	0.0017	0.0009	0.2324	-0.0000	-0.0002	2.9770	6.4383	5.0602	5.2340	0.0000	0.0000	0.0000	0.0000	0.0000	0.0000	0.0000	0.0000	0.0000	0.0005	0.0004	0.0001	0.0004	0.0003	0.0000	0.0001	0.0001	0.0001	0.1522	0.1328	0.0193	0.0179	0.0168	0.0011	0.1342	0.1160	0.0182	0.2119	0.1466	0.0654	0.0978	0.0769	0.0209	0.1141	0.0696	0.0445	0.1245	0.1215	0.0015	0.5351	0.4741	0.0000	0.0579	0.0852	0.0014	0.0024	0.0028	0.0015	0.0037	0.0044	0.0009	0.0013	0.0010	0.0017
9	59	0.1392	7	0	1	0	0	0	0	0	0	N	N	N	N	N	N	N	N	N	N	N	N	0.7359	0.9313	0.0000	0.8197	1.2232	0.0000	0.0000	0.0000	0.0000	0.0005	0.0005	0.0000	0.0015	0.0017	0.0000	0.0000	0.0000	0.0000	0.0006	0.0006	0.0008	0.0018	0.0014	0.0041	0.0000	0.0000	0.0000	0.0000	0.6775	-0.0000	-0.0000	2.9770	3.9043	5.0602	0.3762	0.0001	0.0001	0.0000	0.0001	0.0001	0.0000	0.0000	0.0000	0.0000	0.0000	0.0000	0.0000	0.0000	0.0000	0.0000	0.0000	0.0000	0.0000	0.1303	0.1150	0.0153	0.0399	0.0364	0.0035	0.0903	0.0786	0.0118	0.0617	0.0411	0.0206	0.0205	0.0169	0.0036	0.0412	0.0242	0.0170	0.7359	0.9313	0.0000	0.8197	1.2232	0.0000	0.0000	0.0000	0.0000	0.0006	0.0006	0.0008	0.0018	0.0014	0.0041	0.0000	0.0000	0.0000
9	60	0.1392	6	0	1	0	0	0	0	0	0	N	N	N	N	N	N	N	N	N	N	N	N	2.1369	1.6367	6.0573	0.9038	1.6004	0.0000	26.2731	0.2658	111.4125	0.0016	0.0009	0.0075	0.0018	0.0020	0.0000	0.0015	0.0000	0.0122	0.0008	0.0006	0.0012	0.0020	0.0012	0.0062	0.0001	0.0000	0.0001	0.9922	0.9404	0.0000	-0.0000	2.9770	1.5036	5.0602	0.1987	0.0001	0.0001	0.0001	0.0001	0.0001	0.0000	0.0001	0.0000	0.0001	0.0000	0.0000	0.0000	0.0000	0.0000	0.0000	0.0000	0.0000	0.0000	0.0738	0.0658	0.0080	0.0338	0.0307	0.0031	0.0400	0.0351	0.0049	0.0297	0.0208	0.0089	0.0109	0.0093	0.0016	0.0187	0.0115	0.0072	2.1369	1.6367	6.0573	0.9038	1.6004	0.0000	26.2731	0.2658	111.4125	0.0008	0.0006	0.0012	0.0020	0.0012	0.0062	0.0001	0.0000	0.0001
9	61	0.1330	5	0	1	0	0	0	0	0	0	N	N	N	N	N	N	N	N	N	N	N	N	4.4538	3.4637	17.7269	5.8721	5.5419	0.0000	10.0650	0.0587	90.1803	0.0100	0.0105	0.0065	0.0344	0.0358	0.0000	0.0010	0.0000	0.0072	0.0023	0.0030	0.0004	0.0058	0.0065	0.0018	0.0001	0.0001	0.0001	0.0795	0.0500	-0.0002	-0.0001	2.9770	2.7181	5.0602	1.0102	0.0008	0.0008	0.0001	0.0008	0.0008	0.0000	0.0001	0.0000	0.0001	0.0002	0.0002	0.0000	0.0002	0.0002	0.0000	0.0000	0.0000	0.0000	0.0811	0.0719	0.0092	0.0219	0.0210	0.0009	0.0591	0.0509	0.0083	0.0730	0.0518	0.0212	0.0273	0.0238	0.0036	0.0457	0.0280	0.0177	4.4538	3.4637	17.7269	5.8721	5.5419	0.0000	10.0650	0.0587	90.1803	0.0023	0.0030	0.0004	0.0058	0.0065	0.0018	0.0001	0.0001	0.0001
9	62	0.1136	4	0	1	0	0	0	0	0	0	N	N	N	N	N	N	N	N	N	N	N	N	0.2068	0.0574	165.5820	0.0001	0.0001	0.0000	178784.3971	294231.6031	151600.1410	0.0154	0.0140	0.0281	0.0000	0.0000	0.0000	0.0237	0.0224	0.0319	0.0747	0.2439	0.0002	0.1756	0.1863	0.0015	0.0000	0.0000	0.0000	0.2280	0.0013	-0.0001	-0.0030	2.9770	1.4525	5.0602	6.3634	0.0008	0.0006	0.0001	0.0000	0.0000	0.0000	0.0008	0.0006	0.0001	0.0052	0.0052	0.0000	0.0052	0.0052	0.0000	0.0000	0.0000	0.0000	0.0488	0.0438	0.0050	0.0170	0.0164	0.0006	0.0317	0.0274	0.0044	0.1171	0.0772	0.0398	0.0329	0.0285	0.0044	0.0841	0.0487	0.0354	0.3499	0.2096	165.5820	0.0001	0.0001	0.0000	178784.3971	294231.6031	151600.1410	0.0442	0.0668	0.0002	0.1569	0.1811	0.0015	0.0000	0.0000	0.0000
9	63	0.1930	7	1	2	0	1	0	0	0	0	N	Y	N	N	N	N	N	N	N	N	N	N	0.0000	0.0000	0.0000	0.0000	0.0000	0.0000	0.0000	0.0000	0.0000	0.0000	0.0000	0.0000	0.0000	0.0000	0.0000	0.0000	0.0000	0.0093	0.0148	0.0000	0.0358	0.0434	0.0000	0.0000	0.0000	0.0000	0.0000	0.0000	-0.0003	2.9770	2.0000	5.0602	2.0002	0.0000	0.0000	0.0000	0.0000	0.0000	0.0000	0.0000	0.0000	0.0000	0.0005	0.0005	0.0000	0.0005	0.0005	0.0000	0.0000	0.0000	0.0000	0.0471	0.0412	0.0059	0.0084	0.0078	0.0006	0.0386	0.0333	0.0053	0.0493	0.0310	0.0183	0.0128	0.0105	0.0022	0.0365	0.0205	0.0160	0.0000	0.0000	0.0000	0.0000	0.0000	0.0000	0.0000	0.0000	0.0000	0.0093	0.0148	0.0000	0.0358	0.0434	0.0000	0.0000	0.0000	0.0000		
9	64	0.2087	11	0	2	0	1	0	0	0	0	N	Y	N	N	N	N	N	N	N	N	N	N	188.7939	65416.7514	0.0000	2.5157	1053.8041	0.0000	8678.4935	inf	0.0000	0.0464	0.0530	0.0000	0.0021	0.0023	0.0000	0.0571	0.0662	0.0000	0.0002	0.0000	0.0007	0.0009	0.0000	0.0053	0.0000	0.0000	0.0000	0.0000	471.6736	-0.0008	0.0000	2.9770	2.0059	5.0602	4.8036	0.0022	0.0022	0.0000	0.0000	0.0000	0.0000	0.0022	0.0022	0.0000	0.0000	0.0000	0.0000	0.0000	0.0000	0.0000	0.0000	0.0000	0.0000	0.0476	0.0417	0.0059	0.0093	0.0086	0.0007	0.0383	0.0330	0.0053	0.0831	0.0534	0.0298	0.0235	0.0197	0.0038	0.0597	0.0337	0.0260	188.7939	65416.7514	0.0000	2.5157	1053.8041	0.0000	8678.4935	inf	0.0000	0.0002	0.0000	0.0007	0.0009	0.0000	0.0053	0.0000	0.0000	0.0000
9	65	0.2059	9	0	2	0	0	0	0	0	0	N	Y	N	N	N	N	N	N	N	N	N	N	0.0000	0.0000	0.0000	0.0000	0.0000	0.0000	0.0000	0.0000	0.0000	0.0000	0.0000	0.0000	0.0000	0.0000	0.0000	0.0000	0.0000	0.0000	1.5832	0.0091	2.6191	0.0275	0.0228	0.0552	1.6404	0.0000	2.3438	74.4110	0.0000	0.0030	2.9770	0.9804	5.0602	0.2754	0.0000	0.0000	0.0000	0.0000	0.0000	0.0000	0.0000	0.0000	0.0000	0.0075	0.0001	0.0074	0.0001	0.0001	0.0000	0.0074	0.0000	0.0074	0.0245	0.0216	0.0030	0.0049	0.0046	0.0003	0.0197	0.0170	0.0027	0.0175	0.0110	0.0066	0.0051	0.0044	0.0008	0.0124	0.0066	0.0058	0.0000	0.0000	0.0000	0.0000	0.0000	0.0000	0.0000	0.0000	0.0000	0.4275	0.0091	1.1265	0.0275	0.0228	0.0552	0.5927	0.0000	1.2660	
9	66	0.2037	10	0	1	1	1	0	0	0	0	N	N	N	N	N	N	N	N	N	N	N	N	100.5683	74.0776	0.0000	95.9282	85.9020	0.0000	0.0000	0.0000	0.0147	0.0168	0.0000	0.0496	0.0527	0.0000	0.0000	0.0000	0.0000	0.0001	0.0002	0.0000	0.0005	0.0006	0.0000	0.0000	0.0000	0.0000	0.0000	0.0007	-0.0002	-0.0000	2.9770	0.9437	5.0602	4.8091	0.0004	0.0004	0.0000	0.0004	0.0004	0.0000	0.0000	0.0000	0.0000	0.0000	0.0000	0.0000	0.0000	0.0000	0.0000	0.0000	0.0000	0.0000	0.0307	0.0267	0.0039	0.0091	0.0085	0.0005	0.0216	0.0182	0.0034	0.0723	0.0465	0.0259	0.0204	0.0172	0.0032	0.0520	0.0293	0.0227	100.5683	74.0776	0.0000	95.9282	85.9020	0.0000	0.0000	0.0000	0.0000	0.0001	0.0002	0.0000	0.0005	0.0006	0.0000	0.0000	0.0000	0.0000	
9	67	0.1967	9	0	1	1	1	0	0	0	0	N	N	N	N	N	N	N	N	N	N	N	N	0.0000	0.0000	0.0000	0.0000	0.0000	0.0000	0.0000	0.0000	0.0000	0.0000	0.0000	0.0000	0.0000	0.0000	0.0000	0.0000	0.0000	10.5743	0.0004	53.0816	0.0025	0.0013	0.0083	12.2927	0.0000	59.4571	33157.6059	0.0000	0.4085	2.9770	4.0088	5.0602	5.0246	0.0000	0.0000	0.0000	0.0000	0.0000	0.0000	0.0000	0.0000	0.0000	0.9942	0.0000	0.9942	0.0001	0.0000	0.0000	0.9941	0.0000	0.9941	0.0934	0.0817	0.0117	0.0168	0.0157	0.0012	0.0765	0.0660	0.0105	0.1094	0.0691	0.0403	0.0286	0.0237	0.0049	0.0809	0.0454	0.0355	0.0000	0.0000	0.0000	0.0000	0.0000	0.0000	0.0000	0.0000	0.0000	9.0855	0.0004	24.6520	0.0025	0.0013	0.0083	12.2927	0.0000	28.0316		
9	68	0.2087	11	0	1	1	1	0	0	0	0	N	N	N	N	N	N	N	N	N	N	N	N	11573.9487	68135.0808	0.0000	675.2281	1096.5225	0.0000	13166.9220	inf	0.0000	0.0914	0.1044	0.0000	0.0042	0.0045	0.0000	0.1128	0.1309	0.0000	0.0000	0.0000	0.0000	0.0000	0.0000	0.0000	0.0000	0.0000	0.0000	0.0000	7.0094	-0.0008	0.0000	2.9770	1.0064	5.0602	4.2000	0.0022	0.0022	0.0000	0.0000	0.0000	0.0000	0.0022	0.0022	0.0000	0.0000	0.0000	0.0000	0.0000	0.0000	0.0000	0.0000	0.0000	0.0000	0.0242	0.0211	0.0030	0.0048	0.0044	0.0003	0.0194	0.0167	0.0027	0.0647	0.0416	0.0231	0.0184	0.0155	0.0029	0.0463	0.0261	0.0202	11573.9487	68135.0808	0.0000	675.2281	1096.5225	0.0000	13166.9220	inf	0.0000	0.0000	0.0000	0.0000	0.0000	0.0000	0.0000	0.0000	0.0000	0.0000
9	69	0.2037	10	0	1	0	1	0	0	0	0	N	N	N	N	N	N	N	N	N	N	N	N	542431.6195	443217.4872	0.0000	0.6353	0.6021	0.0000	9808527.1791	inf	0.0000	25.7112	29.4475	0.0000	0.0001	0.0001	0.0000	35.3312	41.6398	0.0000	0.0000	0.0001	0.0000	0.0001	0.0002	0.0000	0.0000	0.0000	0.0000	0.0000	0.0864	-0.3625	-0.0000	2.9770	1.2889	5.0602	0.3511	0.9965	0.9965	0.0000	0.0000	0.0000	0.0000	0.9965	0.9965	0.0000	0.0000	0.0000	0.0000	0.0000	0.0000	0.0000	0.0000	0.0000	0.0000	0.0388	0.0338	0.0049	0.0106	0.0099	0.0006	0.0282	0.0239	0.0043	0.0232	0.0152	0.0080	0.0070	0.0061	0.0009	0.0162	0.0092	0.0070	542431.6195	443217.4872	0.0000	0.6353	0.6021	0.0000	9808527.1791	inf	0.0000	0.0000	0.0001	0.0000	0.0001	0.0002	0.0000	0.0000	0.0000	0.0000
9	70	0.1967	9	0	1	0	1	0	0	0	0	N	N	N	N	N	N	N	N	N	N	N	N	0.9594	0.4249	0.0000	0.0000	0.0000	0.0000	28675.5881	inf	0.0000	0.0242	0.0277	0.0000	0.0000	0.0000	0.0000	0.0296	0.0344	0.0000	0.0252	0.0652	0.0000	0.0913	0.1081	0.0000	0.0000	0.0000	0.0000	0.0000	0.0001	-0.0002	-0.0004	2.9770	0.7777	5.0602	1.1718	0.0004	0.0004	0.0000	0.0000	0.0000	0.0000	0.0004	0.0004	0.0000	0.0007	0.0007	0.0000	0.0007	0.0007	0.0000	0.0000	0.0000	0.0000	0.0186	0.0162	0.0023	0.0034	0.0031	0.0002	0.0152	0.0131	0.0021	0.0259	0.0166	0.0094	0.0072	0.0061	0.0011	0.0188	0.0105	0.0083	0.9594	0.7007	0.0000	0.0000	0.0000	0.0000	28675.5881	inf	0.0000	0.0252	0.0395	0.0000	0.0913	0.1081	0.0000	0.0000	0.0000	0.0000
9	71	0.1930	8	0	1	0	1	0	0	0	0	N	N	N	N	N	N	N	N	N	N	N	N	0.0000	0.0000	0.0000	0.0000	0.0000	0.0000	0.0000	0.0000	0.0000	0.0000	0.0000	0.0000	0.0000	0.0000	0.0000	0.0000	0.0000	0.3123	0.1455	0.1272	0.1303	0.1578	0.0000	0.1457	0.0000	0.1451	1.3823	0.0000	-0.0000	2.9770	0.9929	5.0602	0.0325	0.0000	0.0000	0.0000	0.0000	0.0000	0.0000	0.0000	0.0000	0.0000	0.0010	0.0004	0.0006	0.0004	0.0004	0.0000	0.0006	0.0000	0.0006	0.0235	0.0205	0.0030	0.0042	0.0039	0.0003	0.0193	0.0166	0.0027	0.0129	0.0081	0.0048	0.0034	0.0028	0.0006	0.0095	0.0053	0.0042	0.0000	0.0000	0.0000	0.0000	0.0000	0.0000	0.0000	0.0000	0.0000	0.0811	0.0540	0.1272	0.1303	0.1578	0.0000	0.0637	0.0000	0.1451		
9	72	0.2381	7	1	2	0	0	0	0	0	0	N	Y	N	N	N	N	N	N	N	N	N	N	0.0000	0.0000	0.0000	0.0000	0.0000	0.0000	0.0000	0.0000	0.0000	0.0000	0.0000	0.0000	0.0000	0.0000	0.0000	0.0000	0.0000	0.0000	0.0000	0.0000	2.9770	0.0000	5.0602	0.0001	0.0000	0.0000	0.0000	0.0000	0.0000	0.0000	0.0000	0.0000	0.0000	0.0000	0.0000	0.0000	0.0000	0.0000	0.0000	0.0000	0.0000	0.0000	0.0000	0.0000	0.0000	0.0000	0.0000	0.0000	0.0000	0.0000	0.0000	0.0000	0.0000	0.0000	0.0000	0.0000	0.0000	0.0000	0.0000	0.0000	0.0000	0.0000	0.0000	0.0000	0.0000	0.0000	0.0000	0.0000	0.0000	0.0000	0.0000	0.0000	0.0000	0.0000	0.0000	0.0000	0.0000	0.0000											
9	73	0.1748	6	1	2	0	0	0	0	0	0	N	Y	N	N	N	N	N	N	N	N	N	N	0.1434	89.5622	0.0000	181.6359	162.8138	0.0000	0.0000	0.0000	0.0189	0.0216	0.0000	0.1130	0.1215	0.0000	0.0000	0.0000	0.0000	0.1321	0.0002	0.1579	0.0006	0.0007	0.0000	0.2710	0.0000	0.1776	0.0000	390.2817	-0.0016	0.0048	2.9770	9.9619	5.0602	7.0378	0.0043	0.0043	0.0000	0.0043	0.0043	0.0000	0.0000	0.0000	0.0000	0.0117	0.0000	0.0117	0.0000	0.0000	0.0000	0.0117	0.0000	0.0117	0.2285	0.2001	0.0284	0.0383	0.0356	0.0027	0.1902	0.1645	0.0257	0.1978	0.1238	0.0739	0.0483	0.0401	0.0082	0.1495	0.0838	0.0657	0.3201	89.5622	0.0000	181.6359	162.8138	0.0000	0.0000	0.0000	0.0000	0.0592	0.0002	0.1579	0.0006	0.0007	0.0000	0.0781	0.0000	0.1776	
9	74	0.1867	6	0	2	0	0	0	0	0	0	N	Y	N	N	N	N	N	N	N	N	N	N	3.7892	2.7583	0.0000	4.3711	3.9191	0.0000	0.0000	0.0000	0.0000	0.0053	0.0060	0.0000	0.0223	0.0238	0.0000	0.0000	0.0000	0.0000	0.0014	0.0022	0.0001	0.0051	0.0061	0.0002	0.0000	0.0000	0.0001	0.0000	0.0287	-0.0004	-0.0001	2.9770	7.0442	5.0602	2.0273	0.0010	0.0010	0.0000	0.0010	0.0010	0.0000	0.0000	0.0000	0.0000	0.0002	0.0001	0.0000	0.0001	0.0001	0.0000	0.0000	0.0000	0.0000	0.1952	0.1718	0.0234	0.0466	0.0437	0.0029	0.1486	0.1282	0.0204	0.1071	0.0667	0.0404	0.0288	0.0241	0.0048	0.0783	0.0426	0.0356	3.7892	2.7583	0.0000	4.3711	3.9191	0.0000	0.0000	0.0000	0.0000	0.0014	0.0022	0.0001	0.0051	0.0061	0.0002	0.0000	0.0000	0.0001
9	75	0.1627	5	0	2	0	0	0	0	0	0	N	Y	N	N	N	N	N	N	N	N	N	N	0.0135	0.0000	98.0780	0.0000	0.0000	0.0000	8.8383	0.0000	97.2575	0.0084	0.0000	0.0710	0.0000	0.0000	0.0000	0.0107	0.0000	0.0776	0.6183	1.0911	0.0007	1.2483	1.1467	0.0001	0.0012	0.0020	0.0008	inf	0.0026	0.0007	-0.0057	2.9770	4.3369	5.0602	3.0972	0.0010	0.0000	0.0010	0.0000	0.0000	0.0000	0.0010	0.0000	0.0010	0.0098	0.0097	0.0000	0.0097	0.0097	0.0000	0.0001	0.0001	0.0000	0.1241	0.1095	0.0146	0.0267	0.0255	0.0012	0.0974	0.0840	0.0134	0.0929	0.0583	0.0346	0.0234	0.0194	0.0039	0.0695	0.0389	0.0307	0.0797	0.0000	98.0780	0.0000	0.0000	0.0000	8.8383	0.0000	97.2575	0.1050	0.1669	0.0007	0.4141	0.4974	0.0001	0.0012	0.0015	0.0008
9	76	0.2500	10	1	2	0	0	0	0	0	0	N	Y	N	N	N	N	N	N	N	N	N	N	0.0000	0.0000	0.0000	0.0000	0.0000	0.0000	0.0000	0.0000	0.0000	0.0000	0.0000	0.0000	0.0000	0.0000	0.0000	0.0000	0.0000	0.0003	0.0000	0.0008	0.0000	0.0000	0.0000	0.0004	0.0000	0.0009	4986.3500	0.0000	0.0000	2.9770	1.9992	5.0602	0.0055	0.0000	0.0000	0.0000	0.0000	0.0000	0.0000	0.0000	0.0000	0.0000	0.0000	0.0000	0.0000	0.0000	0.0000	0.0000	0.0000	0.0000	0.0000	0.0632	0.0557	0.0075	0.0127	0.0120	0.0008	0.0505	0.0438	0.0067	0.0337	0.0212	0.0125	0.0101	0.0082	0.0019	0.0236	0.0131	0.0105	0.0000	0.0000	0.0000	0.0000	0.0000	0.0000	0.0000	0.0000	0.0000	0.0003	0.0000	0.0008	0.0000	0.0000	0.0000	0.0004	0.0000	0.0009		
9	77	0.2059	9	1	2	0	0	0	0	0	0	N	Y	N	N	N	N	N	N	N	N	N	N	0.0000	0.0000	0.0000	0.0000	0.0000	0.0000	0.0000	0.0000	0.0000	0.0000	0.0000	0.0000	0.0000	0.0000	0.0000	0.0000	0.0000	0.3695	0.0005	0.3791	0.0030	0.0015	0.0102	0.7621	0.0000	0.3503	247.7371	0.0000	0.0030	2.9770	5.0219	5.0602	2.0148	0.0000	0.0000	0.0000	0.0000	0.0000	0.0000	0.0000	0.0000	0.0000	0.0074	0.0000	0.0074	0.0001	0.0000	0.0000	0.0074	0.0000	0.0074	0.1174	0.1030	0.0144	0.0216	0.0202	0.0014	0.0958	0.0828	0.0131	0.0869	0.0547	0.0322	0.0233	0.0194	0.0039	0.0636	0.0353	0.0283	0.0000	0.0000	0.0000	0.0000	0.0000	0.0000	0.0000	0.0000	0.0000	0.0855	0.0005	0.2299	0.0030	0.0015	0.0102	0.1158	0.0000	0.2605		
9	78	0.1930	8	0	2	0	0	0	0	0	0	N	Y	N	N	N	N	N	N	N	N	N	N	0.0000	0.0000	0.0000	0.0000	0.0000	0.0000	0.0000	0.0000	0.0000	0.0000	0.0000	0.0000	0.0000	0.0000	0.0000	0.0000	0.0000	0.0000	25.6745	0.0044	200.2521	0.0040	0.0009	0.0188	30.1212	0.0185	210.0781	7708.3613	0.0000	0.4054	2.9770	1.0203	5.0602	2.7327	0.0000	0.0000	0.0000	0.0000	0.0000	0.0000	0.0000	0.0000	0.0000	0.9871	0.0001	0.9869	0.0000	0.0000	0.0000	0.9870	0.0001	0.9869	0.0241	0.0211	0.0030	0.0043	0.0040	0.0003	0.0198	0.0171	0.0027	0.0463	0.0292	0.0171	0.0120	0.0099	0.0021	0.0343	0.0192	0.0150	0.0000	0.0000	0.0000	0.0000	0.0000	0.0000	0.0000	0.0000	0.0000	21.3192	0.0044	57.5512	0.0040	0.0009	0.0188	28.7891	0.0062	65.6080	
9	79	0.1930	7	0	1	0	0	0	0	0	0	N	N	N	N	N	N	N	N	N	N	N	N	0.0000	0.0000	0.0000	0.0000	0.0000	0.0000	0.0000	0.0000	0.0000	0.0000	0.0000	0.0000	0.0000	0.0000	0.0000	0.0000	0.0000	15.7758	13.1804	45.8471	58.3452	58.0452	0.0171	11.0963	0.0000	45.0482	1.0000	0.0000	-0.0001	2.9770	0.0000	5.0602	0.0018	0.0000	0.0000	0.0000	0.0000	0.0000	0.0000	0.0000	0.0000	0.0000	0.0009	0.0004	0.0004	0.0004	0.0004	0.0000	0.0004	0.0000	0.0004	0.0000	0.0000	0.0000	0.0000	0.0000	0.0000	0.0000	0.0000	0.0000	0.0001	0.0000	0.0000	0.0000	0.0000	0.0000	0.0000	0.0000	0.0000	0.0000	0.0000	0.0000	0.0000	0.0000	0.0000	0.0000	0.0000	0.0000	12.9379	9.6444	19.6473	15.5120	16.1410	0.0171	11.0963	0.0000	20.6677		
9	80	0.1748	6	0	1	0	0	0	0	0	0	N	N	N	N	N	N	N	N	N	N	N	N	0.0008	0.0000	0.0051	0.0023	0.0000	1.0863	0.0000	0.0000	0.0000	0.0000	0.0000	0.0001	0.0001	0.0000	0.0010	0.0000	0.0000	0.0000	0.0144	0.0117	0.0190	0.0292	0.0349	0.0009	0.0094	0.0000	0.0214	inf	0.9619	0.0000	-0.0001	2.9770	3.0825	5.0602	2.0124	0.0000	0.0000	0.0000	0.0000	0.0000	0.0000	0.0000	0.0000	0.0000	0.0009	0.0005	0.0005	0.0005	0.0005	0.0000	0.0005	0.0000	0.0005	0.0758	0.0664	0.0094	0.0136	0.0127	0.0009	0.0622	0.0537	0.0085	0.0643	0.0404	0.0239	0.0163	0.0136	0.0027	0.0480	0.0269	0.0211	0.0008	0.0000	0.0051	0.0023	0.0000	1.0863	0.0000	0.0000	0.0000	0.0144	0.0117	0.0190	0.0292	0.0349	0.0009	0.0094	0.0000	0.0214
9	81	0.1627	5	0	1	0	0	0	0	0	0	N	N	N	N	N	N	N	N	N	N	N	N	0.0003	0.0001	0.0000	0.0005	0.0005	0.0000	0.0000	0.0000	0.0000	0.0000	0.0000	0.0000	0.0000	0.0000	0.0000	0.0000	0.0000	0.0000	0.0301	0.0724	0.0086	0.0685	0.0818	0.0004	0.0163	0.3783	0.0097	0.0001	0.1204	-0.0000	-0.0007	2.9770	3.6751	5.0602	0.0788	0.0000	0.0000	0.0000	0.0000	0.0000	0.0000	0.0000	0.0000	0.0000	0.0015	0.0013	0.0002	0.0009	0.0009	0.0000	0.0006	0.0004	0.0002	0.1090	0.0963	0.0127	0.0245	0.0234	0.0011	0.0846	0.0729	0.0116	0.0488	0.0307	0.0181	0.0126	0.0106	0.0021	0.0362	0.0202	0.0160	0.0003	0.0002	0.0000	0.0005	0.0005	0.0000	0.0000	0.0000	0.0000	0.0298	0.0423	0.0086	0.0685	0.0818	0.0004	0.0163	0.0216	0.0097
9	82	0.1136	4	0	1	0	0	0	0	0	0	N	N	N	N	N	N	N	N	N	N	N	N	0.0000	0.0000	0.0000	0.0000	0.0000	0.0000	0.0000	0.0000	0.0000	0.0000	0.0000	0.0000	0.0000	0.0000	0.0000	0.0000	0.0000	0.0000	0.0055	0.0083	0.0003	0.0033	0.0038	0.0011	0.0062	0.0630	0.0002	0.0197	-0.0000	-0.0006	2.9770	8.5011	5.0602	5.2406	0.0000	0.0000	0.0000	0.0000	0.0000	0.0000	0.0000	0.0000	0.0000	0.0010	0.0010	0.0000	0.0002	0.0002	0.0000	0.0008	0.0008	0.0000	0.2102	0.1842	0.0260	0.0324	0.0306	0.0017	0.1778	0.1536	0.0242	0.1845	0.1187	0.0658	0.0482	0.0408	0.0074	0.1362	0.0779	0.0583	0.0000	0.0000	0.0000	0.0000	0.0000	0.0000	0.0000	0.0000	0.0000	0.0055	0.0083	0.0003	0.0033	0.0038	0.0011	0.0062	0.0107	0.0002	
10	11	0.1686	6	0	2	0	0	0	0	0	0	N	Y	N	N	N	N	N	N	N	N	N	N	0.1920	0.1228	0.0000	0.1540	0.1416	0.0000	0.0000	0.0000	0.0000	0.0002	0.0002	0.0000	0.0009	0.0009	0.0000	0.0000	0.0000	0.0000	0.0010	0.0018	0.0000	0.0058	0.0067	0.0000	0.0002	0.0005	0.0000	0.0000	0.0002	-0.0000	-0.0000	5.2144	1.0002	4.0122	2.9310	0.0000	0.0000	0.0000	0.0000	0.0000	0.0000	0.0000	0.0000	0.0000	0.0000	0.0000	0.0000	0.0000	0.0000	0.0000	0.0000	0.0000	0.0000	0.0504	0.0442	0.0061	0.0112	0.0105	0.0007	0.0392	0.0337	0.0055	0.0465	0.0261	0.0204	0.0066	0.0057	0.0009	0.0399	0.0204	0.0195	0.1920	0.1228	0.0000	0.1540	0.1416	0.0000	0.0000	0.0000	0.0000	0.0010	0.0018	0.0000	0.0058	0.0067	0.0000	0.0002	0.0005	0.0000
10	12	0.1686	5	0	1	0	0	0	0	0	0	N	N	N	N	N	N	N	N	N	N	N	N	154.1361	63.9397	2475.6702	153.1333	161.9908	0.0000	155.2852	0.0000	3209.0805	0.6806	0.3874	2.7976	0.8717	0.9309	0.0000	0.5583	0.0000	3.5159	0.0044	0.0061	0.0011	0.0057	0.0057	0.0027	0.0036	0.0189	0.0011	1.0000	0.0933	0.0000	-0.0000	5.2144	0.0003	4.0122	0.1375	0.0000	0.0000	0.0000	0.0000	0.0000	0.0000	0.0000	0.0000	0.0000	0.0000	0.0000	0.0000	0.0000	0.0000	0.0000	0.0000	0.0000	0.0000	0.0000	0.0000	0.0000	0.0000	0.0000	0.0000	0.0000	0.0000	0.0000	0.0054	0.0036	0.0018	0.0021	0.0021	0.0000	0.0033	0.0015	0.0018	154.1361	63.9397	2475.6702	153.1333	161.9908	0.0000	155.2852	0.0000	3209.0805	0.0044	0.0061	0.0011	0.0057	0.0057	0.0027	0.0036	0.0065	0.0011
10	13	0.1438	4	0	2	0	0	0	0	0	0	N	Y	N	N	N	N	N	N	N	N	N	N	0.0000	0.0000	0.0109	0.0000	0.0000	0.1293	0.0000	0.0000	0.0000	0.0000	0.0000	0.0000	0.0000	0.0000	0.0000	0.0000	0.0000	0.0000	1.1200	1.9841	0.0001	4.0013	3.5009	0.0001	0.0001	0.0000	0.0001	inf	0.0002	0.0000	-0.0121	5.2144	3.9729	4.0122	5.4895	0.0000	0.0000	0.0000	0.0000	0.0000	0.0000	0.0000	0.0000	0.0000	0.0205	0.0205	0.0000	0.0205	0.0205	0.0000	0.0000	0.0000	0.0000	0.2036	0.1788	0.0248	0.0435	0.0411	0.0024	0.1600	0.1376	0.0224	0.1215	0.0664	0.0551	0.0204	0.0182	0.0022	0.1011	0.0482	0.0529	0.0000	0.0000	0.0109	0.0000	0.0000	0.1293	0.0000	0.0000	0.0000	0.1690	0.3092	0.0001	1.0065	1.1302	0.0001	0.0001	0.0000	0.0001
10	14	0.1634	5	1	2	0	0	0	0	0	0	N	Y	N	N	N	N	N	N	N	N	N	N	7.2624	4.5088	0.0000	5.3113	4.7169	0.0000	0.0000	0.0096	0.0109	0.0000	0.0444	0.0471	0.0000	0.0000	0.0000	0.0000	0.0013	0.0024	0.0000	0.0084	0.0100	0.0000	0.0000	0.0000	0.0000	0.0000	0.0000	-0.0016	-0.0001	5.2144	10.0000	4.0122	6.0013	0.0045	0.0045	0.0000	0.0045	0.0045	0.0000	0.0000	0.0000	0.0000	0.0002	0.0002	0.0000	0.0002	0.0002	0.0000	0.0000	0.0000	0.0000	0.4693	0.4127	0.0566	0.1015	0.0957	0.0059	0.3678	0.3171	0.0507	0.1738	0.0949	0.0789	0.0275	0.0230	0.0045	0.1463	0.0719	0.0744	7.2624	4.5088	0.0000	5.3113	4.7169	0.0000	0.0000	0.0000	0.0000	0.0013	0.0024	0.0000	0.0084	0.0100	0.0000	0.0000	0.0000	0.0000		
10	15	0.1686	5	0	2	0	0	0	0	0	0	N	Y	N	N	N	N	N	N	N	N	N	N	0.0883	0.0585	0.0000	0.0672	0.0609	0.0000	0.0000	0.0000	0.0000	0.0001	0.0001	0.0000	0.0003	0.0003	0.0000	0.0000	0.0000	0.0000	0.0008	0.0013	0.0001	0.0044	0.0052	0.0001	0.0002	0.0003	0.0001	0.0000	0.0439	-0.0000	-0.0000	5.2144	2.9999	4.0122	3.0728	0.0000	0.0000	0.0000	0.0000	0.0000	0.0000	0.0000	0.0000	0.0000	0.0001	0.0000	0.0000	0.0000	0.0000	0.0000	0.0000	0.0000	0.0000	0.1494	0.1312	0.0182	0.0333	0.0312	0.0020	0.1161	0.1000	0.0161	0.0690	0.0384	0.0305	0.0090	0.0076	0.0014	0.0600	0.0308	0.0292	0.0883	0.0585	0.0000	0.0672	0.0609	0.0000	0.0000	0.0000	0.0000	0.0008	0.0013	0.0001	0.0044	0.0052	0.0001	0.0002	0.0003	0.0001
10	16	0.1438	4	0	1	0	0	0	0	0	0	N	N	N	N	N	N	N	N	N	N	N	N	0.0004	0.0002	19.7131	5.2900	5.0644	0.0000	0.0000	0.0000	53.3812	0.0042	0.0047	0.0003	0.0196	0.0208	0.0000	0.0000	0.0000	0.0003	10.7245	19.7561	0.0000	0.0037	0.0041	0.0002	11.5329	24.5482	0.0000	0.0080	0.0000	-0.0004	-0.5710	5.2144	6.0396	4.0122	1.6050	0.0013	0.0012	0.0000	0.0012	0.0012	0.0000	0.0000	0.0000	0.0000	0.9692	0.9692	0.0000	0.0001	0.0001	0.0000	0.9691	0.9691	0.0000	0.3024	0.2656	0.0368	0.0637	0.0601	0.0036	0.2387	0.2055	0.0333	0.1024	0.0560	0.0464	0.0183	0.0165	0.0019	0.0840	0.0395	0.0446	0.0004	0.0003	19.7131	5.2900	5.0644	0.0000	0.0000	0.0000	53.3812	9.4673	17.3210	0.0000	0.0037	0.0041	0.0002	11.5329	24.5482	0.0000
10	17	0.2147	10	1	2	0	0	0	0	0	0	N	Y	N	N	N	N	N	N	N	N	N	N	7221.9057	0.0000	8586201.8426	0.1121	0.0000	1290.2075	903822.7504	0.0000	9955992.5120	20.4584	0.0000	171.6047	0.0014	0.0000	0.0248	28.9212	0.0000	199.5413	0.0028	0.0051	0.0000	0.0126	0.0145	0.0000	0.0000	0.0000	0.0000	inf	0.0031	0.6237	-0.0001	5.2144	0.9996	4.0122	1.7768	0.9803	0.0000	0.9803	0.0000	0.0000	0.0000	0.9803	0.0000	0.9803	0.0001	0.0001	0.0000	0.0001	0.0001	0.0000	0.0000	0.0000	0.0000	0.0479	0.0422	0.0057	0.0140	0.0132	0.0008	0.0339	0.0290	0.0049	0.0334	0.0185	0.0148	0.0074	0.0065	0.0010	0.0259	0.0121	0.0138	7221.9057	0.0000	8586201.8426	0.1121	0.0000	1290.2075	903822.7504	0.0000	9955992.5120	0.0028	0.0051	0.0000	0.0126	0.0145	0.0000	0.0000	0.0000	0.0000
10	18	0.1863	8	0	2	0	0	0	0	0	0	N	Y	N	N	N	N	N	N	N	N	N	N	0.0000	0.0000	0.0000	0.0000	0.0000	0.0000	0.0000	0.0000	0.0000	0.0000	0.0000	0.0000	0.0000	0.0000	0.0000	0.0000	0.0000	0.0000	0.0003	0.0004	0.0001	0.0011	0.0013	0.0000	0.0001	0.0000	0.0001	0.1894	0.0000	-0.0000	5.2144	4.7641	4.0122	2.0666	0.0000	0.0000	0.0000	0.0000	0.0000	0.0000	0.0000	0.0000	0.0000	0.0000	0.0000	0.0000	0.0000	0.0000	0.0000	0.0000	0.0000	0.0000	0.2445	0.2162	0.0283	0.0581	0.0551	0.0030	0.1864	0.1611	0.0253	0.0813	0.0455	0.0357	0.0187	0.0155	0.0032	0.0626	0.0300	0.0325	0.0000	0.0000	0.0000	0.0000	0.0000	0.0000	0.0000	0.0000	0.0000	0.0003	0.0004	0.0001	0.0011	0.0013	0.0000	0.0001	0.0000	0.0001	
10	19	0.1688	7	0	2	0	0	0	0	0	0	N	Y	N	N	N	N	N	N	N	N	N	N	0.9797	0.7320	0.0000	0.9467	0.8647	0.0000	0.0000	0.0000	0.0000	0.0009	0.0011	0.0000	0.0036	0.0037	0.0000	0.0000	0.0000	0.0000	0.0010	0.0014	0.0003	0.0038	0.0043	0.0002	0.0001	0.0000	0.0003	0.0000	0.1415	-0.0000	-0.0000	5.2144	1.4176	4.0122	5.1148	0.0001	0.0001	0.0000	0.0001	0.0001	0.0000	0.0000	0.0000	0.0000	0.0001	0.0001	0.0000	0.0001	0.0001	0.0000	0.0000	0.0000	0.0000	0.0842	0.0754	0.0089	0.0224	0.0215	0.0009	0.0619	0.0539	0.0080	0.0867	0.0508	0.0359	0.0196	0.0171	0.0025	0.0671	0.0337	0.0334	0.9797	0.7320	0.0000	0.9467	0.8647	0.0000	0.0000	0.0000	0.0000	0.0010	0.0014	0.0003	0.0038	0.0043	0.0002	0.0001	0.0000	0.0003
10	20	0.2095	9	0	2	1	1	0	0	0	0	N	Y	N	N	N	N	N	N	N	N	N	N	0.0000	0.0000	0.0000	0.0000	0.0000	0.0000	0.0000	0.0000	0.0000	0.0000	0.0000	0.0000	0.0000	0.0000	0.0000	0.0000	0.0000	0.0000	0.0000	0.0000	5.2144	0.0000	4.0122	0.0000	0.0000	0.0000	0.0000	0.0000	0.0000	0.0000	0.0000	0.0000	0.0000	0.0000	0.0000	0.0000	0.0000	0.0000	0.0000	0.0000	0.0000	0.0000	0.0000	0.0000	0.0000	0.0000	0.0000	0.0000	0.0000	0.0000	0.0000	0.0000	0.0000	0.0000	0.0000	0.0000	0.0000	0.0000	0.0000	0.0000	0.0000	0.0000	0.0000	0.0000	0.0000	0.0000	0.0000	0.0000	0.0000	0.0000	0.0000	0.0000	0.0000	0.0000	0.0000	0.0000	0.0000	0.0000											
10	21	0.1660	8	0	1	0	1	0	0	0	0	N	N	N	N	N	N	N	N	N	N	N	N	0.0000	0.0000	0.0000	0.0000	0.0000	0.0000	0.0000	0.0000	0.0000	0.0000	0.0000	0.0000	0.0000	0.0000	0.0000	0.0000	0.0000	0.0000	0.0012	0.0018	0.0004	0.0066	0.0067	0.0061	0.0000	0.0000	0.0000	0.1700	0.0000	-0.0001	5.2144	6.0371	4.0122	11.7316	0.0000	0.0000	0.0000	0.0000	0.0000	0.0000	0.0000	0.0000	0.0000	0.0002	0.0002	0.0000	0.0002	0.0002	0.0000	0.0000	0.0000	0.0000	0.2907	0.2564	0.0343	0.0715	0.0675	0.0041	0.2192	0.1889	0.0303	0.1910	0.1093	0.0817	0.0344	0.0292	0.0053	0.1566	0.0802	0.0764	0.0000	0.0000	0.0000	0.0000	0.0000	0.0000	0.0000	0.0000	0.0000	0.0012	0.0018	0.0004	0.0066	0.0067	0.0061	0.0000	0.0000	0.0000	
10	22	0.1054	3	0	2	0	0	0	0	0	0	N	Y	N	N	N	N	N	N	N	N	N	N	1041.3849	728.8116	0.0000	0.0000	0.0000	0.0000	21142.5664	1293971.8362	0.0000	1.7264	1.9676	0.0000	0.0000	0.0000	0.0000	2.1805	2.5282	0.0000	0.0017	0.0027	0.0003	0.0141	0.0151	0.0055	0.0001	0.0000	0.0002	0.0000	0.1011	-0.3634	-0.0002	5.2144	11.9950	4.0122	7.9469	0.9990	0.9990	0.0000	0.0000	0.0000	0.0000	0.9990	0.9990	0.0000	0.0004	0.0004	0.0000	0.0004	0.0004	0.0000	0.0000	0.0000	0.0000	0.5786	0.5077	0.0709	0.1205	0.1126	0.0079	0.4581	0.3951	0.0630	0.2349	0.1310	0.1039	0.0260	0.0234	0.0026	0.2089	0.1076	0.1013	1041.3849	728.8116	0.0000	0.0000	0.0000	0.0000	21142.5664	1293971.8362	0.0000	0.0017	0.0027	0.0003	0.0141	0.0151	0.0055	0.0001	0.0000	0.0002
10	23	0.1435	7	1	2	0	0	0	0	0	0	N	Y	N	N	N	N	N	N	N	N	N	N	6.2006	0.0000	65.4780	1.3618	0.0000	7.2911	0.0000	0.0000	0.0000	0.0000	0.0003	0.0000	0.0000	0.0017	0.0000	0.0000	0.0000	0.0000	0.0000	0.0000	0.0000	0.0000	0.0002	0.0000	0.0000	0.0000	inf	2.6709	0.0000	0.0000	5.2144	0.0013	4.0122	0.9984	0.0000	0.0000	0.0000	0.0000	0.0000	0.0000	0.0000	0.0000	0.0000	0.0000	0.0000	0.0000	0.0000	0.0000	0.0000	0.0000	0.0000	0.0000	0.0002	0.0002	0.0000	0.0001	0.0001	0.0000	0.0001	0.0001	0.0000	0.0176	0.0090	0.0086	0.0006	0.0006	0.0000	0.0170	0.0084	0.0085	6.2006	0.0000	65.4780	1.3618	0.0000	7.2911	0.0000	0.0000	0.0000	0.0000	0.0000	0.0000	0.0000	0.0000	0.0002	0.0000	0.0000	0.0000	
10	24	0.1883	10	0	2	0	1	0	0	0	0	N	Y	N	N	N	N	N	N	N	N	N	N	0.0353	0.0235	0.0000	0.0241	0.0225	0.0000	0.0141	0.0353	0.0000	0.0000	0.0000	0.0000	0.0001	0.0001	0.0000	0.0000	0.0000	0.0000	0.0010	0.0018	0.0000	0.0057	0.0064	0.0005	0.0000	0.0000	0.0000	0.0000	0.0128	-0.0000	-0.0001	5.2144	6.0729	4.0122	6.2374	0.0000	0.0000	0.0000	0.0000	0.0000	0.0000	0.0000	0.0000	0.0000	0.0001	0.0001	0.0000	0.0001	0.0001	0.0000	0.0000	0.0000	0.0000	0.3034	0.2683	0.0351	0.0807	0.0763	0.0044	0.2227	0.1920	0.0307	0.1370	0.0796	0.0574	0.0249	0.0217	0.0032	0.1121	0.0580	0.0542	0.0353	0.0235	0.0000	0.0241	0.0225	0.0000	0.0141	0.0353	0.0000	0.0010	0.0018	0.0000	0.0057	0.0064	0.0005	0.0000	0.0000	0.0000
10	25	0.1309	6	1	2	0	0	0	0	0	0	N	Y	N	N	N	N	N	N	N	N	N	N	0.5982	0.7752	1.3424	0.6749	0.5964	1.5206	0.7822	0.0000	1.5115	2.1146	0.0011	18.5082	0.0044	0.0045	0.0009	2.7295	0.0000	20.6610	3.5351	0.0014	13.7879	0.0065	0.0076	0.0006	3.4895	0.0000	13.6695	2175.0443	3716.8008	1.2684	0.4057	5.2144	19.6128	4.0122	15.0566	1.9951	0.0009	1.9941	0.0009	0.0009	0.0000	1.9941	0.0000	1.9941	0.9880	0.0003	0.9878	0.0003	0.0003	0.0000	0.9878	0.0000	0.9878	0.9435	0.8357	0.1077	0.2129	0.2017	0.0112	0.7306	0.6341	0.0965	0.3446	0.1878	0.1568	0.0418	0.0348	0.0070	0.3028	0.1530	0.1499	0.7376	0.7752	2.9389	0.6749	0.5964	1.5206	0.8369	0.0000	3.1351	2.8669	0.0014	6.2976	0.0065	0.0076	0.0006	3.2616	0.0000	6.5902
10	26	0.2439	9	0	1	1	0	0	0	0	0	N	N	N	N	N	N	N	N	N	N	N	N	0.0000	0.0000	0.0000	0.0000	0.0000	0.0000	0.0000	0.0000	0.0000	0.0000	0.0000	0.0000	0.0000	0.0000	0.0000	0.0000	0.0000	0.0000	0.0000	0.0000	5.2144	0.0000	4.0122	0.0000	0.0000	0.0000	0.0000	0.0000	0.0000	0.0000	0.0000	0.0000	0.0000	0.0000	0.0000	0.0000	0.0000	0.0000	0.0000	0.0000	0.0000	0.0000	0.0000	0.0000	0.0000	0.0000	0.0000	0.0000	0.0000	0.0000	0.0000	0.0000	0.0000	0.0000	0.0000	0.0000	0.0000	0.0000	0.0000	0.0000	0.0000	0.0000	0.0000	0.0000	0.0000	0.0000	0.0000	0.0000	0.0000	0.0000	0.0000	0.0000	0.0000	0.0000	0.0000	0.0000	0.0000	0.0000											
10	27	0.2147	10	1	1	1	0	0	0	0	0	N	N	N	N	N	N	N	N	N	N	N	N	45.9928	33.5032	12.1487	34.4945	30.2818	0.3280	3.4478	0.0000	13.2947	0.0447	0.0500	0.0040	0.1548	0.1648	0.0000	0.0006	0.0000	0.0047	0.0010	0.0015	0.0003	0.0045	0.0054	0.0000	0.0002	0.0000	0.0004	0.0104	0.1775	-0.0043	-0.0000	5.2144	6.0046	4.0122	3.2467	0.0121	0.0120	0.0001	0.0120	0.0120	0.0000	0.0001	0.0000	0.0001	0.0001	0.0001	0.0000	0.0001	0.0001	0.0000	0.0000	0.0000	0.0000	0.2707	0.2395	0.0312	0.0773	0.0726	0.0047	0.1933	0.1669	0.0265	0.0945	0.0523	0.0423	0.0173	0.0142	0.0030	0.0773	0.0381	0.0392	45.9928	33.5032	12.1487	34.4945	30.2818	0.3280	3.4478	0.0000	13.2947	0.0010	0.0015	0.0003	0.0045	0.0054	0.0000	0.0002	0.0000	0.0004
10	28	0.1783	9	1	1	0	0	0	0	0	0	N	N	N	N	N	N	N	N	N	N	N	N	1.3796	0.0000	39082.1702	0.0001	0.0000	3.1742	19458.0186	2.8376	73872.5065	1.5086	0.0000	12.7842	0.0004	0.0000	0.0080	2.0475	0.0000	14.5432	1.0936	1.9339	0.0003	3.1871	3.0929	0.0025	0.0001	0.0000	0.0002	53090.8851	0.0008	0.3364	-0.0164	5.2144	7.0330	4.0122	8.3476	0.5288	0.0000	0.5288	0.0000	0.0000	0.0000	0.5287	0.0000	0.5287	0.0279	0.0279	0.0000	0.0279	0.0279	0.0000	0.0000	0.0000	0.0000	0.3505	0.3091	0.0414	0.0923	0.0873	0.0050	0.2582	0.2219	0.0364	0.1693	0.0970	0.0723	0.0311	0.0270	0.0040	0.1382	0.0699	0.0683	9.1435	0.0001	39082.1702	0.0005	0.0000	3.1742	19458.0186	2.8376	73872.5065	0.1650	0.2878	0.0003	0.8982	1.0323	0.0025	0.0001	0.0000	0.0002
10	29	0.1883	10	0	2	0	1	0	0	0	0	N	Y	N	N	N	N	N	N	N	N	N	N	503.3474	0.0000	86993.5537	0.1643	0.0000	20.3974	2968633.3623	0.0000	15070424.8750	0.8634	0.0000	7.4448	0.0017	0.0000	0.0303	1.1687	0.0000	8.5290	0.0017	0.0030	0.0001	0.0104	0.0120	0.0015	0.0000	0.0000	0.0000	inf	0.0221	0.3305	-0.0002	5.2144	12.7698	4.0122	10.8465	0.5195	0.0000	0.5195	0.0003	0.0000	0.0003	0.5193	0.0000	0.5193	0.0004	0.0004	0.0000	0.0004	0.0004	0.0000	0.0000	0.0000	0.0000	0.6017	0.5319	0.0698	0.1574	0.1485	0.0089	0.4443	0.3834	0.0609	0.2362	0.1340	0.1021	0.0388	0.0329	0.0058	0.1974	0.1011	0.0963	503.3474	0.0000	86993.5537	0.1643	0.0000	20.3974	2968633.3623	0.0000	15070424.8750	0.0017	0.0030	0.0001	0.0104	0.0120	0.0015	0.0000	0.0000	0.0000
10	30	0.1637	6	1	1	1	0	0	0	0	0	N	N	N	N	N	N	N	N	N	N	N	N	0.0000	0.0000	0.0000	0.0000	0.0000	0.0000	0.0000	0.0000	0.0000	0.0000	0.0000	0.0000	0.0000	0.0000	0.0000	0.0000	0.0000	0.0008	0.0015	0.0000	0.0052	0.0063	0.0000	0.0000	0.0000	0.0000	0.0001	0.0000	-0.0001	5.2144	11.8338	4.0122	5.9707	0.0000	0.0000	0.0000	0.0000	0.0000	0.0000	0.0000	0.0000	0.0000	0.0002	0.0002	0.0000	0.0002	0.0002	0.0000	0.0000	0.0000	0.0000	0.5587	0.4924	0.0663	0.1239	0.1170	0.0069	0.4348	0.3754	0.0594	0.1919	0.1050	0.0869	0.0304	0.0255	0.0049	0.1615	0.0794	0.0820	0.0000	0.0000	0.0000	0.0000	0.0000	0.0000	0.0000	0.0000	0.0000	0.0008	0.0015	0.0000	0.0052	0.0063	0.0000	0.0000	0.0000	0.0000		
10	31	0.1883	10	0	1	1	0	0	0	0	0	N	N	N	N	N	N	N	N	N	N	N	N	0.2792	0.2305	0.0000	0.2026	0.2306	0.0000	0.0000	0.0000	0.0000	0.0000	0.0000	0.0001	0.0001	0.0000	0.0000	0.0000	0.0000	0.0001	0.0001	0.0001	0.0006	0.0005	0.0008	0.0000	0.0000	0.0000	0.0000	0.2415	-0.0000	-0.0000	5.2144	6.9288	4.0122	3.0309	0.0000	0.0000	0.0000	0.0000	0.0000	0.0000	0.0000	0.0000	0.0000	0.0000	0.0000	0.0000	0.0000	0.0000	0.0000	0.0000	0.0000	0.0000	0.3437	0.3038	0.0398	0.0910	0.0860	0.0050	0.2526	0.2178	0.0349	0.1152	0.0677	0.0475	0.0218	0.0192	0.0026	0.0934	0.0485	0.0449	0.2792	0.2305	0.0000	0.2026	0.2306	0.0000	0.0000	0.0000	0.0000	0.0001	0.0001	0.0001	0.0006	0.0005	0.0008	0.0000	0.0000	0.0000	
10	32	0.1783	9	0	1	0	0	0	0	0	0	N	N	N	N	N	N	N	N	N	N	N	N	0.1937	0.5828	0.1378	0.2130	0.6635	0.0006	0.0951	9.7042	0.3106	0.0006	0.0005	0.0008	0.0016	0.0017	0.0000	0.0001	0.0000	0.0010	0.0030	0.0009	0.0062	0.0074	0.0025	0.0623	0.0015	0.0000	0.0031	0.2121	4.2556	-0.0000	0.0000	5.2144	1.8775	4.0122	3.1058	0.0001	0.0001	0.0000	0.0001	0.0001	0.0000	0.0000	0.0000	0.0000	0.0002	0.0000	0.0002	0.0001	0.0000	0.0001	0.0001	0.0000	0.0001	0.1098	0.0969	0.0129	0.0327	0.0312	0.0015	0.0771	0.0657	0.0114	0.0714	0.0437	0.0277	0.0175	0.0161	0.0014	0.0539	0.0276	0.0262	0.1937	0.5828	0.1378	0.2130	0.6635	0.0006	0.0951	9.7042	0.3106	0.0030	0.0009	0.0062	0.0074	0.0025	0.0623	0.0015	0.0000	0.0031
10	33	0.1660	8	0	1	0	0	0	0	0	0	N	N	N	N	N	N	N	N	N	N	N	N	0.1037	0.0000	0.8294	0.0000	0.0000	0.0001	0.5249	0.0000	1.8197	0.0002	0.0000	0.0017	0.0000	0.0000	0.0000	0.0003	0.0000	0.0019	0.0019	0.0018	0.0020	0.0067	0.0055	0.0172	0.0005	0.0000	0.0010	inf	0.7155	0.0000	-0.0000	5.2144	5.3867	4.0122	0.9197	0.0001	0.0000	0.0001	0.0000	0.0000	0.0000	0.0001	0.0000	0.0001	0.0002	0.0001	0.0001	0.0001	0.0001	0.0000	0.0000	0.0000	0.0000	0.2606	0.2298	0.0308	0.0642	0.0605	0.0036	0.1964	0.1693	0.0271	0.0839	0.0508	0.0330	0.0191	0.0171	0.0020	0.0648	0.0338	0.0310	0.1037	0.0000	0.8294	0.0000	0.0000	0.0001	0.5249	0.0000	1.8197	0.0019	0.0018	0.0020	0.0067	0.0055	0.0172	0.0005	0.0000	0.0010
10	34	0.2492	10	0	2	0	0	0	0	0	0	N	Y	N	N	N	N	N	N	N	N	N	N	0.0000	0.0000	0.0000	0.0000	0.0000	0.0000	0.0000	0.0000	0.0000	0.0000	0.0000	0.0000	0.0000	0.0004	0.0006	0.0000	0.0013	0.0015	0.0000	0.0000	0.0000	0.0000	0.0000	0.0000	-0.0000	5.2144	0.0019	4.0122	3.0025	0.0000	0.0000	0.0000	0.0000	0.0000	0.0000	0.0000	0.0000	0.0000	0.0000	0.0000	0.0000	0.0000	0.0000	0.0000	0.0000	0.0000	0.0000	0.0002	0.0002	0.0000	0.0001	0.0001	0.0000	0.0001	0.0001	0.0000	0.0283	0.0169	0.0114	0.0078	0.0065	0.0014	0.0205	0.0105	0.0100	0.0000	0.0000	0.0000	0.0000	0.0000	0.0000	0.0000	0.0000	0.0000	0.0004	0.0006	0.0000	0.0013	0.0015	0.0000	0.0000	0.0000	0.0000						
10	35	0.1316	4	1	2	0	0	0	0	0	0	N	Y	N	N	N	N	N	N	N	N	N	N	0.0000	0.0000	0.0000	0.0000	0.0000	0.0000	0.0000	0.0000	0.0000	0.0000	0.0000	0.0000	0.0000	0.0003	0.0005	0.0000	0.0072	0.0075	0.0000	0.0000	0.0000	0.0000	0.0000	0.0000	-0.0000	5.2144	1.0000	4.0122	1.9999	0.0000	0.0000	0.0000	0.0000	0.0000	0.0000	0.0000	0.0000	0.0000	0.0000	0.0000	0.0000	0.0000	0.0000	0.0000	0.0000	0.0000	0.0000	0.0528	0.0468	0.0060	0.0116	0.0111	0.0005	0.0412	0.0356	0.0055	0.0374	0.0190	0.0184	0.0014	0.0013	0.0000	0.0360	0.0177	0.0183	0.0000	0.0000	0.0000	0.0000	0.0000	0.0000	0.0000	0.0000	0.0000	0.0003	0.0005	0.0000	0.0072	0.0075	0.0000	0.0000	0.0000	0.0000						
10	36	0.1946	6	0	2	1	0	0	0	0	0	N	Y	N	N	N	N	N	N	N	N	N	N	0.0145	2.9038	0.0000	4.5854	4.0831	0.0000	0.0000	0.0000	0.0000	0.0070	0.0079	0.0000	0.0271	0.0288	0.0000	0.0000	0.0000	0.0000	0.4831	0.0027	0.3801	0.0059	0.0071	0.0001	0.8307	0.0003	0.3759	0.0000	52.3626	-0.0004	0.0039	5.2144	3.0341	4.0122	5.2124	0.0011	0.0011	0.0000	0.0011	0.0011	0.0000	0.0000	0.0000	0.0000	0.0100	0.0002	0.0098	0.0002	0.0002	0.0000	0.0098	0.0000	0.0098	0.1574	0.1388	0.0186	0.0405	0.0381	0.0024	0.1169	0.1007	0.0162	0.1108	0.0689	0.0419	0.0296	0.0247	0.0049	0.0812	0.0442	0.0371	0.0772	2.9038	0.0000	4.5854	4.0831	0.0000	0.0000	0.0000	0.0000	0.0904	0.0027	0.2345	0.0059	0.0071	0.0001	0.1212	0.0003	0.2654
10	37	0.1708	5	0	2	0	0	0	0	0	0	N	Y	N	N	N	N	N	N	N	N	N	N	1.7447	0.0000	20.9881	0.0000	0.0000	0.0000	6.0564	0.0000	22.2152	0.0073	0.0000	0.0601	0.0000	0.0000	0.0000	0.0094	0.0000	0.0675	0.0042	0.0053	0.0029	0.0179	0.0215	0.0000	0.0016	0.0000	0.0030	inf	0.4530	0.0007	-0.0001	5.2144	3.0544	4.0122	4.8962	0.0011	0.0000	0.0011	0.0000	0.0000	0.0000	0.0011	0.0000	0.0011	0.0004	0.0003	0.0001	0.0003	0.0003	0.0000	0.0001	0.0000	0.0001	0.1507	0.1324	0.0183	0.0338	0.0318	0.0020	0.1168	0.1006	0.0163	0.0899	0.0490	0.0409	0.0144	0.0120	0.0024	0.0755	0.0370	0.0386	1.7447	0.0000	20.9881	0.0000	0.0000	0.0000	6.0564	0.0000	22.2152	0.0042	0.0053	0.0029	0.0179	0.0215	0.0000	0.0016	0.0000	0.0030
10	38	0.2492	10	0	1	1	0	0	0	0	0	N	N	N	N	N	N	N	N	N	N	N	N	0.0000	0.0000	0.0000	0.0000	0.0000	0.0000	0.0000	0.0000	0.0000	0.0000	0.0000	0.0000	0.0000	0.0000	0.0000	0.0000	0.0000	0.0000	0.0000	0.0000	0.0000	0.0000	inf	0.0000	0.0000	5.2144	0.9992	4.0122	1.0069	0.0000	0.0000	0.0000	0.0000	0.0000	0.0000	0.0000	0.0000	0.0000	0.0000	0.0000	0.0000	0.0000	0.0000	0.0000	0.0000	0.0000	0.0000	0.0448	0.0395	0.0053	0.0112	0.0106	0.0006	0.0336	0.0289	0.0047	0.0192	0.0115	0.0077	0.0053	0.0044	0.0009	0.0138	0.0071	0.0067	0.0000	0.0000	0.0000	0.0000	0.0000	0.0000	0.0000	0.0000	0.0000	0.0000	0.0000	0.0000	0.0000	0.0000	0.0000	0.0000	0.0000	0.0000						
10	39	0.2439	9	0	1	0	0	0	0	0	0	N	N	N	N	N	N	N	N	N	N	N	N	0.0000	0.0000	0.0000	0.0000	0.0000	0.0000	0.0000	0.0000	0.0000	0.0000	0.0000	0.0000	0.0000	0.0000	0.0000	0.0000	0.0000	0.0000	0.0000	0.0000	0.0000	0.0000	0.0000	0.0000	-0.0000	5.2144	1.0008	4.0122	0.9987	0.0000	0.0000	0.0000	0.0000	0.0000	0.0000	0.0000	0.0000	0.0000	0.0000	0.0000	0.0000	0.0000	0.0000	0.0000	0.0000	0.0000	0.0000	0.0448	0.0396	0.0053	0.0114	0.0107	0.0006	0.0335	0.0288	0.0047	0.0187	0.0111	0.0076	0.0048	0.0039	0.0009	0.0139	0.0072	0.0067	0.0000	0.0000	0.0000	0.0000	0.0000	0.0000	0.0000	0.0000	0.0000	0.0000	0.0000	0.0000	0.0000	0.0000	0.0000	0.0000	0.0000	0.0000						
10	40	0.1660	8	0	1	0	0	0	0	0	0	N	N	N	N	N	N	N	N	N	N	N	N	0.0000	0.0000	0.0000	0.0000	0.0000	0.0000	0.0000	0.0000	0.0000	0.0000	0.0000	0.0000	0.0000	0.0000	0.0000	0.0000	0.0000	0.0000	0.0021	0.0038	0.0000	0.0126	0.0152	0.0000	0.0000	0.0000	0.0000	0.0007	0.0000	-0.0003	5.2144	9.0374	4.0122	18.5287	0.0000	0.0000	0.0000	0.0000	0.0000	0.0000	0.0000	0.0000	0.0000	0.0006	0.0006	0.0000	0.0006	0.0006	0.0000	0.0000	0.0000	0.0000	0.4267	0.3765	0.0502	0.1048	0.0988	0.0060	0.3219	0.2776	0.0442	0.2735	0.1546	0.1189	0.0462	0.0385	0.0077	0.2273	0.1162	0.1111	0.0000	0.0000	0.0000	0.0000	0.0000	0.0000	0.0000	0.0000	0.0000	0.0021	0.0038	0.0000	0.0126	0.0152	0.0000	0.0000	0.0000	0.0000	
10	41	0.1392	7	0	1	0	0	0	0	0	0	N	N	N	N	N	N	N	N	N	N	N	N	0.9498	0.6523	0.0000	0.7362	0.7047	0.0000	0.0006	0.0012	0.0000	0.0053	0.0061	0.0000	0.0241	0.0256	0.0000	0.0000	0.0000	0.0000	0.0056	0.0093	0.0005	0.0328	0.0364	0.0093	0.0000	0.0000	0.0000	0.0000	0.0421	-0.0008	-0.0005	5.2144	9.0369	4.0122	3.5648	0.0023	0.0023	0.0000	0.0023	0.0023	0.0000	0.0000	0.0000	0.0000	0.0009	0.0008	0.0000	0.0009	0.0008	0.0000	0.0000	0.0000	0.0000	0.4319	0.3801	0.0518	0.0955	0.0899	0.0056	0.3364	0.2902	0.0463	0.1545	0.0896	0.0649	0.0263	0.0229	0.0035	0.1281	0.0667	0.0614	0.9498	0.6523	0.0000	0.7362	0.7047	0.0000	0.0006	0.0012	0.0000	0.0056	0.0093	0.0005	0.0328	0.0364	0.0093	0.0000	0.0000	0.0000
10	42	0.1054	3	0	1	0	0	0	0	0	0	N	N	N	N	N	N	N	N	N	N	N	N	1299.5894	449.8862	26053.9032	0.0076	0.0080	0.0000	13429.4628	4435.6329	234308.9588	2.5093	1.4245	10.3400	0.0001	0.0001	0.0000	3.1508	1.8194	11.5721	0.0019	0.0032	0.0004	0.0162	0.0165	0.0141	0.0002	0.0004	0.0000	1.0055	0.1010	0.2738	-0.0003	5.2144	17.0025	4.0122	6.0864	1.9898	0.9922	0.9977	0.0000	0.0000	0.0000	1.9898	0.9921	0.9977	0.0005	0.0005	0.0000	0.0005	0.0004	0.0000	0.0001	0.0000	0.0000	0.7930	0.6965	0.0965	0.1615	0.1512	0.0103	0.6315	0.5453	0.0862	0.2647	0.1466	0.1181	0.0280	0.0251	0.0029	0.2367	0.1215	0.1152	1299.5894	449.8862	26053.9032	0.0076	0.0080	0.0000	13429.4628	4435.6329	234308.9588	0.0019	0.0032	0.0004	0.0162	0.0165	0.0141	0.0002	0.0004	0.0000
10	44	0.1054	3	0	2	0	0	0	0	0	0	N	Y	N	N	N	N	N	N	N	N	N	N	0.0000	0.0000	0.0000	0.0000	0.0000	0.0000	0.0000	0.0000	0.0000	0.0000	0.0000	0.0000	0.0000	0.0000	0.0000	0.0000	0.0000	0.0022	0.0040	0.0000	0.0199	0.0221	0.0000	0.0000	0.0000	0.0000	0.0000	0.0000	-0.0003	5.2144	6.9958	4.0122	11.8523	0.0000	0.0000	0.0000	0.0000	0.0000	0.0000	0.0000	0.0000	0.0000	0.0005	0.0005	0.0000	0.0005	0.0005	0.0000	0.0000	0.0000	0.0000	0.3523	0.3087	0.0436	0.0773	0.0718	0.0055	0.2750	0.2369	0.0381	0.2244	0.1255	0.0989	0.0253	0.0228	0.0025	0.1990	0.1027	0.0964	0.0000	0.0000	0.0000	0.0000	0.0000	0.0000	0.0000	0.0000	0.0000	0.0022	0.0040	0.0000	0.0199	0.0221	0.0000	0.0000	0.0000	0.0000		
10	45	0.1438	4	0	2	0	0	0	0	0	0	N	Y	N	N	N	N	N	N	N	N	N	N	0.3262	0.1833	0.0000	0.7137	0.6461	0.0000	0.4250	0.2042	0.0000	1.0891	1.2375	0.0000	0.0066	0.0070	0.0000	1.3717	1.5879	0.0000	3.3385	6.7501	0.0000	0.0092	0.0108	0.0000	3.2277	7.7772	0.0000	0.0000	0.0000	-0.3639	-0.5712	5.2144	20.1318	4.0122	17.5118	1.0002	1.0002	0.0000	0.0012	0.0012	0.0000	0.9990	0.9990	0.0000	0.9696	0.9696	0.0000	0.0004	0.0004	0.0000	0.9691	0.9691	0.0000	0.9184	0.8082	0.1102	0.1902	0.1791	0.0110	0.7283	0.6291	0.0991	0.3783	0.2075	0.1708	0.0472	0.0402	0.0070	0.3311	0.1673	0.1638	0.4249	0.2649	0.0000	0.7137	0.6461	0.0000	0.4686	0.2741	0.0000	2.5632	4.6724	0.0000	0.0092	0.0108	0.0000	2.9271	5.7931	0.0000
10	46	0.1672	8	0	2	0	0	0	0	0	0	N	Y	N	N	N	N	N	N	N	N	N	N	0.0016	0.0011	0.0000	0.0001	0.0001	0.0000	18660.6331	134070.7111	0.0000	0.0017	0.0019	0.0000	0.0001	0.0001	0.0000	0.0023	0.0027	0.0000	1.0775	1.6616	0.0000	1.5518	1.5242	0.0000	0.0000	0.0000	0.0000	0.0000	0.0000	-0.0005	-0.0331	5.2144	15.0410	4.0122	10.9147	0.0013	0.0013	0.0000	0.0000	0.0000	0.0000	0.0012	0.0012	0.0000	0.0562	0.0562	0.0000	0.0562	0.0562	0.0000	0.0000	0.0000	0.0000	0.7431	0.6562	0.0868	0.2107	0.1981	0.0126	0.5324	0.4581	0.0743	0.3431	0.2119	0.1313	0.1137	0.0920	0.0217	0.2294	0.1198	0.1095	0.0103	0.0072	0.0000	0.0002	0.0002	0.0000	18660.6331	134070.7111	0.0000	0.1639	0.2655	0.0000	0.4944	0.6112	0.0000	0.0000	0.0000	0.0000
10	47	0.1688	7	1	1	1	0	0	0	0	0	N	N	N	N	N	N	N	N	N	N	N	N	2340.3772	1610.6117	0.0000	0.0000	0.0000	0.0000	34523.5127	8319429.5402	0.0000	1.6562	1.8777	0.0000	0.0000	0.0000	0.0000	2.1341	2.4702	0.0000	0.0007	0.0012	0.0001	0.0034	0.0041	0.0001	0.0001	0.0000	0.0001	0.0000	0.0796	-0.3634	-0.0001	5.2144	12.7633	4.0122	6.3722	0.9989	0.9989	0.0000	0.0000	0.0000	0.0000	0.9989	0.9989	0.0000	0.0002	0.0001	0.0000	0.0001	0.0001	0.0000	0.0000	0.0000	0.0000	0.6031	0.5320	0.0711	0.1350	0.1276	0.0074	0.4680	0.4044	0.0637	0.2144	0.1205	0.0938	0.0412	0.0347	0.0066	0.1731	0.0859	0.0872	2340.3772	1610.6117	0.0000	0.0000	0.0000	0.0000	34523.5127	8319429.5402	0.0000	0.0007	0.0012	0.0001	0.0034	0.0041	0.0001	0.0001	0.0000	0.0001
10	48	0.1637	6	0	1	0	0	0	0	0	0	N	N	N	N	N	N	N	N	N	N	N	N	2.7123	4.7979	0.0000	0.0000	0.0000	0.0000	5.0124	3266.7459	0.0000	0.0029	0.0032	0.0000	0.0000	0.0000	0.0000	0.0043	0.0049	0.0000	0.0011	0.0007	0.0016	0.0022	0.0026	0.0000	0.0009	0.0000	0.0017	0.0000	1.9561	-0.0000	0.0000	5.2144	0.3513	4.0122	1.9759	0.0001	0.0001	0.0000	0.0000	0.0000	0.0000	0.0001	0.0001	0.0000	0.0000	0.0000	0.0000	0.0000	0.0000	0.0000	0.0000	0.0000	0.0000	0.0272	0.0248	0.0024	0.0087	0.0084	0.0002	0.0185	0.0164	0.0021	0.0275	0.0150	0.0125	0.0046	0.0038	0.0007	0.0229	0.0112	0.0117	2.7123	4.7979	0.0000	0.0000	0.0000	0.0000	5.0124	3266.7459	0.0000	0.0011	0.0007	0.0016	0.0022	0.0026	0.0000	0.0009	0.0000	0.0017
10	49	0.1634	5	0	1	0	0	0	0	0	0	N	N	N	N	N	N	N	N	N	N	N	N	0.0008	0.0005	0.0000	0.0006	0.0006	0.0000	0.0000	0.0000	0.0000	0.0000	0.0000	0.0000	0.0000	0.0000	0.0000	0.0000	0.0000	0.0002	0.0003	0.0000	0.0009	0.0010	0.0001	0.0000	0.0000	0.0000	0.0000	0.0613	-0.0000	-0.0000	5.2144	0.1669	4.0122	0.0350	0.0000	0.0000	0.0000	0.0000	0.0000	0.0000	0.0000	0.0000	0.0000	0.0000	0.0000	0.0000	0.0000	0.0000	0.0000	0.0000	0.0000	0.0000	0.0083	0.0073	0.0010	0.0018	0.0017	0.0001	0.0065	0.0056	0.0009	0.0024	0.0013	0.0011	0.0004	0.0003	0.0001	0.0020	0.0010	0.0010	0.0008	0.0005	0.0000	0.0006	0.0006	0.0000	0.0000	0.0000	0.0000	0.0002	0.0003	0.0000	0.0009	0.0010	0.0001	0.0000	0.0000	0.0000	
10	50	0.1634	4	0	1	0	0	0	0	0	0	N	N	N	N	N	N	N	N	N	N	N	N	0.0788	0.0997	0.0000	0.0686	0.0821	0.0000	0.0000	0.0000	0.0000	0.0000	0.0000	0.0001	0.0001	0.0000	0.0000	0.0000	0.0000	0.0006	0.0005	0.0007	0.0011	0.0010	0.0030	0.0003	0.0000	0.0005	0.0000	1.0000	-0.0000	-0.0000	5.2144	0.0010	4.0122	0.0028	0.0000	0.0000	0.0000	0.0000	0.0000	0.0000	0.0000	0.0000	0.0000	0.0000	0.0000	0.0000	0.0000	0.0000	0.0000	0.0000	0.0000	0.0000	0.0001	0.0001	0.0000	0.0001	0.0001	0.0000	0.0001	0.0000	0.0000	0.0001	0.0000	0.0000	0.0000	0.0000	0.0000	0.0001	0.0000	0.0000	0.0788	0.0997	0.0000	0.0686	0.0821	0.0000	0.0000	0.0000	0.0000	0.0006	0.0005	0.0007	0.0011	0.0010	0.0030	0.0003	0.0000	0.0005	
10	51	0.1248	4	0	2	0	1	0	0	0	0	N	Y	N	N	N	N	N	N	N	N	N	N	1994.0557	574.9916	49578.0241	323.0715	335.0402	0.0007	151654.0670	141988.8570	488995.8429	4.5433	2.1288	21.7193	5.4117	5.8153	0.0000	4.2897	0.9656	24.8855	0.0023	0.0037	0.0004	0.0168	0.0174	0.0117	0.0000	0.0000	0.0001	1.4342	0.0916	0.3821	-0.0003	5.2144	7.3891	4.0122	13.2142	1.6952	0.6964	0.9988	0.4563	0.4563	0.0000	1.2389	0.2401	0.9988	0.0006	0.0005	0.0000	0.0006	0.0005	0.0000	0.0000	0.0000	0.0000	0.3731	0.3271	0.0460	0.0843	0.0785	0.0059	0.2888	0.2487	0.0401	0.2449	0.1381	0.1068	0.0330	0.0294	0.0035	0.2120	0.1087	0.1033	1994.0557	574.9916	49578.0241	323.0715	335.0402	0.0007	151654.0670	141988.8570	488995.8429	0.0023	0.0037	0.0004	0.0168	0.0174	0.0117	0.0000	0.0000	0.0001
10	52	0.1309	5	0	2	0	0	0	0	0	0	N	Y	N	N	N	N	N	N	N	N	N	N	0.0014	0.0004	283.1088	0.0006	0.0006	4.1032	114.5658	0.0000	569.2320	0.0009	0.0005	0.0045	0.0019	0.0019	0.0007	0.0007	0.0000	0.0049	0.6595	1.3114	0.0000	3.0387	3.1374	0.0002	0.0000	0.0000	0.0000	1.1673	0.0001	0.0001	-0.0167	5.2144	12.1779	4.0122	13.0455	0.0006	0.0003	0.0003	0.0003	0.0003	0.0000	0.0003	0.0000	0.0003	0.0283	0.0283	0.0000	0.0283	0.0283	0.0000	0.0000	0.0000	0.0000	0.6331	0.5620	0.0712	0.1486	0.1413	0.0073	0.4846	0.4207	0.0639	0.2637	0.1437	0.1200	0.0326	0.0273	0.0053	0.2310	0.1164	0.1146	0.0088	0.0025	283.1088	0.0022	0.0019	4.1032	114.5658	0.0000	569.2320	0.1075	0.1972	0.0000	0.8690	1.0388	0.0002	0.0000	0.0000	0.0000
10	53	0.1708	5	0	2	0	0	0	0	0	0	N	Y	N	N	N	N	N	N	N	N	N	N	104.0902	64.7361	0.0000	74.8260	66.3649	0.0000	0.0000	0.0000	0.0305	0.0347	0.0000	0.1357	0.1443	0.0000	0.0000	0.0000	0.0000	0.0003	0.0005	0.0000	0.0018	0.0022	0.0000	0.0000	0.0000	0.0000	0.0000	0.0036	-0.0016	-0.0000	5.2144	3.0001	4.0122	3.0003	0.0045	0.0045	0.0000	0.0045	0.0045	0.0000	0.0000	0.0000	0.0000	0.0000	0.0000	0.0000	0.0000	0.0000	0.0000	0.0000	0.0000	0.0000	0.1480	0.1301	0.0180	0.0332	0.0312	0.0020	0.1148	0.0988	0.0160	0.0686	0.0373	0.0312	0.0110	0.0092	0.0018	0.0576	0.0281	0.0294	104.0902	64.7361	0.0000	74.8260	66.3649	0.0000	0.0000	0.0000	0.0000	0.0003	0.0005	0.0000	0.0018	0.0022	0.0000	0.0000	0.0000	0.0000	
10	54	0.1634	4	0	1	0	0	0	0	0	0	N	N	N	N	N	N	N	N	N	N	N	N	38.0090	29.1954	0.0000	33.2848	31.1112	0.0000	0.0000	0.0000	0.0001	0.0001	0.0000	0.0005	0.0005	0.0000	0.0000	0.0000	0.0000	0.0000	0.0000	0.0000	0.0000	0.0000	0.0000	0.0000	0.0000	0.0000	0.0000	0.2407	-0.0000	-0.0000	5.2144	1.9998	4.0122	1.0017	0.0000	0.0000	0.0000	0.0000	0.0000	0.0000	0.0000	0.0000	0.0000	0.0000	0.0000	0.0000	0.0000	0.0000	0.0000	0.0000	0.0000	0.0000	0.0983	0.0863	0.0120	0.0213	0.0200	0.0012	0.0770	0.0663	0.0107	0.0349	0.0190	0.0159	0.0056	0.0047	0.0009	0.0292	0.0143	0.0150	38.0090	29.1954	0.0000	33.2848	31.1112	0.0000	0.0000	0.0000	0.0000	0.0000	0.0000	0.0000	0.0000	0.0000	0.0000	0.0000	0.0000	0.0000	
10	55	0.1054	3	0	1	0	0	0	0	0	0	N	N	N	N	N	N	N	N	N	N	N	N	0.0135	0.0090	0.0000	0.0072	0.0073	0.0000	0.0000	0.0000	0.0000	0.0000	0.0000	0.0000	0.0001	0.0001	0.0000	0.0000	0.0000	0.0000	0.0019	0.0032	0.0002	0.0161	0.0172	0.0060	0.0000	0.0000	0.0000	0.0000	0.0410	-0.0000	-0.0002	5.2144	8.0033	4.0122	9.9473	0.0000	0.0000	0.0000	0.0000	0.0000	0.0000	0.0000	0.0000	0.0000	0.0004	0.0004	0.0000	0.0004	0.0004	0.0000	0.0000	0.0000	0.0000	0.3989	0.3497	0.0492	0.0862	0.0802	0.0060	0.3127	0.2695	0.0433	0.2156	0.1209	0.0947	0.0247	0.0223	0.0024	0.1909	0.0986	0.0923	0.0135	0.0090	0.0000	0.0072	0.0073	0.0000	0.0000	0.0000	0.0000	0.0019	0.0032	0.0002	0.0161	0.0172	0.0060	0.0000	0.0000	0.0000
10	56	0.1886	9	0	2	0	0	0	0	0	0	N	Y	N	N	N	N	N	N	N	N	N	N	0.0005	0.4595	0.0009	0.0000	0.0000	0.0000	0.0007	8.3270	0.0012	0.0008	0.0006	0.0024	0.0000	0.0000	0.0000	0.0011	0.0008	0.0028	1.5722	0.0013	2.7603	0.0040	0.0025	0.0143	1.6440	0.0001	2.3875	0.5402	523.1957	-0.0000	0.0339	5.2144	5.0156	4.0122	9.5596	0.0002	0.0001	0.0001	0.0000	0.0000	0.0000	0.0002	0.0001	0.0001	0.0829	0.0002	0.0827	0.0003	0.0002	0.0001	0.0826	0.0000	0.0826	0.2487	0.2200	0.0287	0.0677	0.0641	0.0037	0.1809	0.1559	0.0250	0.1970	0.1239	0.0731	0.0700	0.0612	0.0088	0.1270	0.0626	0.0644	0.0019	0.4595	0.0021	0.0000	0.0000	0.0000	0.0017	8.3270	0.0022	0.4207	0.0013	1.1309	0.0040	0.0025	0.0143	0.6503	0.0001	1.2831
10	57	0.1672	8	0	2	0	0	0	0	0	0	N	Y	N	N	N	N	N	N	N	N	N	N	0.0139	0.7129	0.0088	0.0607	0.0502	0.4362	0.0134	24.7475	0.0084	0.0629	0.0419	0.2191	0.0034	0.0034	0.0032	0.0921	0.0628	0.2620	4.5181	0.0588	24.7910	0.0558	0.0677	0.0073	6.9020	0.0025	31.0073	0.7034	158.4886	0.0010	0.3395	5.2144	5.2776	4.0122	4.9316	0.0201	0.0118	0.0083	0.0004	0.0003	0.0000	0.0197	0.0114	0.0083	0.8392	0.0053	0.8339	0.0053	0.0051	0.0001	0.8339	0.0001	0.8338	0.3189	0.2811	0.0378	0.1051	0.0988	0.0063	0.2138	0.1823	0.0315	0.2156	0.1419	0.0737	0.0947	0.0761	0.0187	0.1208	0.0659	0.0550	0.0162	1.1297	0.0194	0.0607	0.0502	0.4362	0.0134	35.7471	0.0173	3.8929	0.0371	11.3224	0.0558	0.0677	0.0073	6.9020	0.0018	15.1707
10	58	0.1392	7	0	1	0	0	0	0	0	0	N	N	N	N	N	N	N	N	N	N	N	N	4.2097	218.5822	11.2772	0.0129	0.0095	0.5326	4.9799	4881.8692	17.2706	6.2677	3.5527	26.1302	0.0007	0.0006	0.0024	8.0619	4.6640	29.2773	1.4889	0.0163	2.3171	0.0526	0.0598	0.0046	1.6189	0.0010	1.6952	1.0053	40.8750	0.2704	0.0223	5.2144	6.4383	4.0122	5.2340	1.9656	0.9802	0.9854	0.0000	0.0000	0.0000	1.9656	0.9802	0.9854	0.0576	0.0014	0.0562	0.0013	0.0013	0.0000	0.0563	0.0001	0.0562	0.3136	0.2759	0.0377	0.0698	0.0657	0.0041	0.2438	0.2102	0.0337	0.1452	0.0846	0.0606	0.0253	0.0220	0.0033	0.1199	0.0626	0.0573	15.8010	218.5822	28.1555	0.0129	0.0095	0.5326	17.1817	4881.8692	29.8498	0.3967	0.0163	0.9281	0.0526	0.0598	0.0046	0.4692	0.0010	0.9808
10	59	0.1309	6	0	1	0	0	0	0	0	0	N	N	N	N	N	N	N	N	N	N	N	N	0.7804	1.8290	1.9903	1.0338	1.0004	0.0022	0.7075	194.9565	2.1307	0.0134	0.0073	0.0685	0.0159	0.0165	0.0000	0.0124	0.0033	0.0761	0.0171	0.0040	0.0344	0.0154	0.0165	0.0079	0.0175	0.0000	0.0357	1.0237	6.5225	0.0005	0.0003	5.2144	3.9043	4.0122	0.3762	0.0035	0.0017	0.0018	0.0012	0.0012	0.0000	0.0023	0.0005	0.0018	0.0009	0.0001	0.0008	0.0001	0.0001	0.0000	0.0008	0.0000	0.0008	0.2606	0.2348	0.0257	0.0746	0.0720	0.0026	0.1860	0.1628	0.0232	0.0541	0.0307	0.0233	0.0085	0.0075	0.0011	0.0455	0.0233	0.0223	0.7804	1.8290	1.9903	1.0338	1.0004	0.0022	0.7075	194.9565	2.1307	0.0171	0.0040	0.0344	0.0154	0.0165	0.0079	0.0175	0.0000	0.0357
10	60	0.1309	5	0	1	0	0	0	0	0	0	N	N	N	N	N	N	N	N	N	N	N	N	1.0216	0.6762	5.0076	0.5591	0.5686	0.1827	1.3661	0.0000	5.8372	0.0072	0.0039	0.0443	0.0104	0.0106	0.0035	0.0054	0.0000	0.0485	0.0070	0.0058	0.0088	0.0187	0.0186	0.0191	0.0040	0.0000	0.0083	0.9767	0.9922	0.0001	-0.0000	5.2144	1.5036	4.0122	0.1987	0.0010	0.0005	0.0005	0.0005	0.0005	0.0000	0.0005	0.0000	0.0005	0.0002	0.0001	0.0001	0.0001	0.0001	0.0000	0.0001	0.0000	0.0001	0.1429	0.1315	0.0115	0.0501	0.0490	0.0011	0.0928	0.0825	0.0104	0.0253	0.0153	0.0100	0.0053	0.0048	0.0005	0.0201	0.0105	0.0095	1.0216	0.6762	5.0076	0.5591	0.5686	0.1827	1.3661	0.0000	5.8372	0.0070	0.0058	0.0088	0.0187	0.0186	0.0191	0.0040	0.0000	0.0083
10	61	0.1248	4	0	1	0	0	0	0	0	0	N	N	N	N	N	N	N	N	N	N	N	N	1.1051	0.7651	3.6416	0.8606	0.9320	0.0010	1.7139	14.7731	4.7763	0.0052	0.0039	0.0143	0.0119	0.0130	0.0000	0.0027	0.0003	0.0174	0.0047	0.0052	0.0039	0.0139	0.0139	0.0121	0.0016	0.0000	0.0036	0.5190	0.3847	-0.0000	-0.0001	5.2144	2.7181	4.0122	1.0102	0.0008	0.0005	0.0003	0.0005	0.0005	0.0000	0.0003	0.0000	0.0003	0.0003	0.0002	0.0001	0.0003	0.0002	0.0000	0.0001	0.0000	0.0001	0.1515	0.1325	0.0190	0.0412	0.0378	0.0034	0.1103	0.0947	0.0156	0.0718	0.0477	0.0241	0.0184	0.0176	0.0008	0.0534	0.0301	0.0233	1.1051	0.7651	3.6416	0.8606	0.9320	0.0010	1.7139	14.7731	4.7763	0.0047	0.0052	0.0039	0.0139	0.0139	0.0121	0.0016	0.0000	0.0036
10	62	0.1054	3	0	1	0	0	0	0	0	0	N	N	N	N	N	N	N	N	N	N	N	N	1.0787	0.6016	3.7208	0.1682	0.3129	0.0000	2.5190	113.1181	7.5325	0.0024	0.0007	0.0139	0.0013	0.0015	0.0000	0.0028	0.0003	0.0182	0.0022	0.0012	0.0037	0.0079	0.0047	0.0522	0.0011	0.0000	0.0024	2.8878	2.1632	0.0001	0.0000	5.2144	1.4525	4.0122	6.3634	0.0002	0.0001	0.0001	0.0000	0.0000	0.0000	0.0002	0.0000	0.0001	0.0002	0.0001	0.0002	0.0001	0.0001	0.0001	0.0001	0.0000	0.0001	0.0856	0.0748	0.0108	0.0265	0.0240	0.0026	0.0591	0.0509	0.0083	0.1109	0.0664	0.0445	0.0175	0.0163	0.0012	0.0934	0.0501	0.0433	1.0787	0.6016	3.7208	0.1682	0.3129	0.0000	2.5190	113.1181	7.5325	0.0022	0.0012	0.0037	0.0079	0.0047	0.0522	0.0011	0.0000	0.0024
10	63	0.0865	4	1	2	0	1	0	0	0	0	N	Y	N	N	N	N	N	N	N	N	N	N	0.0666	0.0000	985.3023	0.0151	0.0000	678.9557	0.0000	0.0000	0.0001	0.0000	0.0004	0.0003	0.0000	0.0060	0.0000	0.0000	0.0000	0.0008	0.0015	0.0000	0.0216	0.0233	0.0000	0.0000	0.0000	0.0000	inf	0.0003	0.0000	-0.0000	5.2144	2.0000	4.0122	2.0002	0.0000	0.0000	0.0000	0.0000	0.0000	0.0000	0.0000	0.0000	0.0000	0.0000	0.0000	0.0000	0.0000	0.0000	0.0000	0.0000	0.0000	0.0000	0.0988	0.0866	0.0121	0.0159	0.0150	0.0009	0.0829	0.0716	0.0113	0.0509	0.0259	0.0250	0.0019	0.0017	0.0001	0.0490	0.0242	0.0249	0.0666	0.0000	985.3023	0.0151	0.0000	678.9557	0.0000	0.0000	0.0000	0.0008	0.0015	0.0000	0.0216	0.0233	0.0000	0.0000	0.0000	0.0000	
10	64	0.1022	8	0	2	0	1	0	0	0	0	N	Y	N	N	N	N	N	N	N	N	N	N	0.9644	0.5703	0.0000	0.3168	0.3169	0.0000	0.0000	0.0000	0.0000	0.0010	0.0012	0.0000	0.0060	0.0063	0.0000	0.0000	0.0000	0.0000	0.0011	0.0021	0.0000	0.0189	0.0200	0.0000	0.0000	0.0000	0.0000	0.0000	0.0007	-0.0000	-0.0001	5.2144	2.0059	4.0122	4.8036	0.0001	0.0001	0.0000	0.0001	0.0001	0.0000	0.0000	0.0000	0.0000	0.0001	0.0001	0.0000	0.0001	0.0001	0.0000	0.0000	0.0000	0.0000	0.0999	0.0877	0.0122	0.0175	0.0165	0.0010	0.0825	0.0712	0.0112	0.0847	0.0439	0.0408	0.0049	0.0046	0.0003	0.0798	0.0393	0.0405	0.9644	0.5703	0.0000	0.3168	0.3169	0.0000	0.0000	0.0000	0.0000	0.0011	0.0021	0.0000	0.0189	0.0200	0.0000	0.0000	0.0000	0.0000
10	65	0.0994	6	0	2	0	0	0	0	0	0	N	Y	N	N	N	N	N	N	N	N	N	N	0.7669	0.4581	0.0000	0.2985	0.3260	0.0000	0.0000	0.0000	0.0066	0.0076	0.0000	0.0278	0.0315	0.0000	0.0000	0.0000	0.0000	0.0086	0.0166	0.0001	0.0932	0.0967	0.0005	0.0000	0.0000	0.0001	0.0000	0.0036	-0.0001	-0.0001	5.2144	0.9804	4.0122	0.2754	0.0003	0.0003	0.0000	0.0003	0.0003	0.0000	0.0000	0.0000	0.0000	0.0002	0.0002	0.0000	0.0002	0.0002	0.0000	0.0000	0.0000	0.0000	0.0517	0.0449	0.0068	0.0123	0.0108	0.0014	0.0394	0.0341	0.0054	0.0181	0.0093	0.0087	0.0017	0.0016	0.0001	0.0164	0.0077	0.0087	0.7669	0.4581	0.0000	0.2985	0.3260	0.0000	0.0000	0.0000	0.0000	0.0086	0.0166	0.0001	0.0932	0.0967	0.0005	0.0000	0.0000	0.0001	
10	66	0.0972	7	0	1	1	1	0	0	0	0	N	N	N	N	N	N	N	N	N	N	N	N	0.0000	0.0000	0.0000	0.0000	0.0000	0.0000	0.0000	0.0000	0.0000	0.0000	0.0000	0.0000	0.0000	0.0000	0.0000	0.0000	0.0000	0.0000	0.0049	0.0094	0.0000	0.0781	0.0823	0.0000	0.0000	0.0000	0.0000	0.0001	0.0000	-0.0002	5.2144	0.9437	4.0122	4.8091	0.0000	0.0000	0.0000	0.0000	0.0000	0.0000	0.0000	0.0000	0.0000	0.0004	0.0004	0.0000	0.0004	0.0004	0.0000	0.0000	0.0000	0.0000	0.0613	0.0536	0.0077	0.0163	0.0154	0.0008	0.0450	0.0382	0.0068	0.0739	0.0386	0.0353	0.0046	0.0044	0.0002	0.0693	0.0342	0.0351	0.0000	0.0000	0.0000	0.0000	0.0000	0.0000	0.0000	0.0000	0.0000	0.0049	0.0094	0.0000	0.0781	0.0823	0.0000	0.0000	0.0000	0.0000	
10	67	0.0902	6	0	1	1	1	0	0	0	0	N	N	N	N	N	N	N	N	N	N	N	N	0.0000	0.0000	0.0000	0.0000	0.0000	0.0000	0.0000	0.0000	0.0000	0.0000	0.0000	0.0000	0.0000	0.0000	0.0000	0.0000	0.0000	0.0000	0.0008	0.0015	0.0001	0.0183	0.0192	0.0039	0.0000	0.0000	0.0001	0.0437	0.0000	-0.0001	5.2144	4.0088	4.0122	5.0246	0.0000	0.0000	0.0000	0.0000	0.0000	0.0000	0.0000	0.0000	0.0000	0.0001	0.0001	0.0000	0.0001	0.0001	0.0000	0.0000	0.0000	0.0000	0.1959	0.1719	0.0240	0.0317	0.0300	0.0017	0.1642	0.1419	0.0223	0.1135	0.0584	0.0551	0.0050	0.0047	0.0003	0.1085	0.0537	0.0548	0.0000	0.0000	0.0000	0.0000	0.0000	0.0000	0.0000	0.0000	0.0000	0.0008	0.0015	0.0001	0.0183	0.0192	0.0039	0.0000	0.0000	0.0001	
10	68	0.1022	8	0	1	1	1	0	0	0	0	N	N	N	N	N	N	N	N	N	N	N	N	32474.1435	0.0000	194729.4052	8002.6474	0.0000	11716.7133	170965.4628	633327.2851	13.7228	0.0000	111.6173	50.7202	0.0000	870.4972	5.7509	0.0000	42.0138	0.0004	0.0003	0.0006	0.0063	0.0025	0.0743	0.0000	0.0000	0.0001	inf	1.8555	0.4430	0.0000	5.2144	1.0064	4.0122	4.2000	0.6963	0.0000	0.6963	0.4563	0.0000	0.4563	0.2401	0.0000	0.2401	0.0000	0.0000	0.0000	0.0000	0.0000	0.0000	0.0000	0.0000	0.0000	0.0507	0.0445	0.0062	0.0090	0.0085	0.0005	0.0417	0.0360	0.0057	0.0659	0.0343	0.0316	0.0041	0.0039	0.0002	0.0619	0.0305	0.0314	32474.1435	0.0000	194729.4052	8002.6474	0.0000	11716.7133	170965.4628	0.0000	633327.2851	0.0004	0.0003	0.0006	0.0063	0.0025	0.0743	0.0000	0.0000	0.0001	
10	69	0.0972	7	0	1	0	1	0	0	0	0	N	N	N	N	N	N	N	N	N	N	N	N	0.7973	0.0000	4.7180	0.3225	0.0000	0.4189	1.1156	3.7842	0.0013	0.0000	0.0107	0.0036	0.0000	0.0689	0.0006	0.0000	0.0041	0.0017	0.0012	0.0023	0.0111	0.0063	0.1644	0.0005	0.0000	0.0011	inf	1.5804	0.0001	0.0000	5.2144	1.2889	4.0122	0.3511	0.0001	0.0000	0.0001	0.0001	0.0000	0.0001	0.0000	0.0000	0.0000	0.0000	0.0000	0.0000	0.0000	0.0000	0.0000	0.0000	0.0000	0.0000	0.0783	0.0685	0.0097	0.0191	0.0181	0.0010	0.0592	0.0505	0.0087	0.0239	0.0131	0.0108	0.0026	0.0025	0.0001	0.0214	0.0107	0.0107	0.7973	0.0000	4.7180	0.3225	0.0000	0.4189	1.1156	0.0000	3.7842	0.0017	0.0012	0.0023	0.0111	0.0063	0.1644	0.0005	0.0000	0.0011	
10	70	0.0902	6	0	1	0	1	0	0	0	0	N	N	N	N	N	N	N	N	N	N	N	N	0.0000	0.0000	0.0000	0.0000	0.0000	0.0000	0.0000	0.0000	0.0000	0.0000	0.0000	0.0000	0.0000	0.0000	0.0000	0.0000	0.0000	0.0039	0.0075	0.0000	0.0568	0.0588	0.0043	0.0000	0.0000	0.0000	0.0048	0.0000	-0.0001	5.2144	0.7777	4.0122	1.1718	0.0000	0.0000	0.0000	0.0000	0.0000	0.0000	0.0000	0.0000	0.0000	0.0001	0.0001	0.0000	0.0001	0.0001	0.0000	0.0000	0.0000	0.0000	0.0389	0.0341	0.0048	0.0063	0.0060	0.0003	0.0326	0.0281	0.0045	0.0269	0.0142	0.0128	0.0019	0.0018	0.0001	0.0251	0.0124	0.0127	0.0000	0.0000	0.0000	0.0000	0.0000	0.0000	0.0000	0.0000	0.0000	0.0039	0.0075	0.0000	0.0568	0.0588	0.0043	0.0000	0.0000	0.0000		
10	71	0.0865	5	0	1	0	1	0	0	0	0	N	N	N	N	N	N	N	N	N	N	N	N	0.3476	0.0000	417.2377	0.0813	0.0000	362.4504	0.0000	0.0000	0.0001	0.0000	0.0009	0.0007	0.0000	0.0120	0.0000	0.0000	0.0000	0.0003	0.0006	0.0000	0.0080	0.0086	0.0000	0.0000	0.0000	0.0000	inf	0.0033	0.0000	-0.0000	5.2144	0.9929	4.0122	0.0325	0.0000	0.0000	0.0000	0.0000	0.0000	0.0000	0.0000	0.0000	0.0000	0.0000	0.0000	0.0000	0.0000	0.0000	0.0000	0.0000	0.0000	0.0000	0.0493	0.0432	0.0061	0.0079	0.0075	0.0004	0.0414	0.0358	0.0056	0.0133	0.0068	0.0065	0.0005	0.0005	0.0000	0.0128	0.0063	0.0065	0.3476	0.0000	417.2377	0.0813	0.0000	362.4504	0.0000	0.0000	0.0000	0.0003	0.0006	0.0000	0.0080	0.0086	0.0000	0.0000	0.0000	0.0000	
10	72	0.1316	4	1	2	0	0	0	0	0	0	N	Y	N	N	N	N	N	N	N	N	N	N	inf	inf	inf	inf	inf	inf	0.0074	0.0084	0.0000	0.0011	0.0012	0.0000	0.0162	0.0197	0.0000	0.0000	0.0000	0.0000	0.0000	0.0000	0.0000	0.0000	0.0000	0.0000	0.0000	-0.0000	0.0000	5.2144	0.0000	4.0122	0.0001	0.0000	0.0000	0.0000	0.0000	0.0000	0.0000	0.0000	0.0000	0.0000	0.0000	0.0000	0.0000	0.0000	0.0000	0.0000	0.0000	0.0000	0.0000	0.0000	0.0000	0.0000	0.0000	0.0000	0.0000	0.0000	0.0000	0.0000	0.0000	0.0000	0.0000	0.0000	0.0000	0.0000	0.0000	0.0000	0.0000	inf	inf	0.0000	inf	inf	0.0000	inf	inf	0.0000	0.0000	0.0000	0.0000	0.0000	0.0000	0.0000	0.0000	0.0000	0.0000				
10	73	0.0683	3	1	2	0	0	0	0	0	0	N	Y	N	N	N	N	N	N	N	N	N	N	581.3928	5.9455	170061.9016	59.6148	1.3611	7831.0122	23174.7738	21610.8109	80013.2774	1.3104	0.0259	9.3396	4.3250	0.1008	38.8284	0.5639	0.0065	3.8491	0.0023	0.0043	0.0001	0.0725	0.0741	0.0050	0.0000	0.0000	0.0000	57.7837	0.0120	0.4247	-0.0003	5.2144	9.9619	4.0122	7.0378	0.6858	0.0117	0.6742	0.4493	0.0093	0.4399	0.2366	0.0023	0.2342	0.0005	0.0005	0.0000	0.0005	0.0005	0.0000	0.0000	0.0000	0.0000	0.5234	0.4512	0.0722	0.1039	0.0925	0.0113	0.4195	0.3587	0.0609	0.2058	0.1054	0.1004	0.0063	0.0062	0.0001	0.1994	0.0992	0.1003	581.3928	5.9455	170061.9016	59.6148	1.3611	7831.0122	23174.7738	21610.8109	80013.2774	0.0023	0.0043	0.0001	0.0725	0.0741	0.0050	0.0000	0.0000	0.0000
10	76	0.1435	7	1	2	0	0	0	0	0	0	N	Y	N	N	N	N	N	N	N	N	N	N	46.4689	92.3672	0.0000	16.5167	22.0331	0.0000	0.0000	0.0000	0.0001	0.0001	0.0000	0.0003	0.0003	0.0000	0.0000	0.0000	0.0000	0.0000	0.0000	0.0000	0.0000	0.0000	0.0001	0.0000	0.0000	0.0000	0.0000	2.3734	-0.0000	0.0000	5.2144	1.9992	4.0122	0.0055	0.0000	0.0000	0.0000	0.0000	0.0000	0.0000	0.0000	0.0000	0.0000	0.0000	0.0000	0.0000	0.0000	0.0000	0.0000	0.0000	0.0000	0.0000	0.1403	0.1220	0.0183	0.0354	0.0312	0.0043	0.1049	0.0909	0.0140	0.0348	0.0178	0.0169	0.0011	0.0011	0.0001	0.0336	0.0167	0.0169	46.4689	92.3672	0.0000	16.5167	22.0331	0.0000	0.0000	0.0000	0.0000	0.0000	0.0000	0.0000	0.0000	0.0000	0.0001	0.0000	0.0000	0.0000	
10	77	0.0994	6	1	2	0	0	0	0	0	0	N	Y	N	N	N	N	N	N	N	N	N	N	3.0689	1.8235	0.0000	0.7293	0.7719	0.0000	0.0000	0.0000	0.0014	0.0016	0.0000	0.0062	0.0070	0.0000	0.0000	0.0000	0.0000	0.0004	0.0009	0.0000	0.0085	0.0091	0.0000	0.0000	0.0000	0.0000	0.0000	0.0069	-0.0001	-0.0000	5.2144	5.0219	4.0122	2.0148	0.0003	0.0003	0.0000	0.0003	0.0003	0.0000	0.0000	0.0000	0.0000	0.0000	0.0000	0.0000	0.0000	0.0000	0.0000	0.0000	0.0000	0.0000	0.2473	0.2145	0.0328	0.0551	0.0486	0.0065	0.1922	0.1659	0.0263	0.0896	0.0459	0.0437	0.0047	0.0044	0.0003	0.0849	0.0415	0.0434	3.0689	1.8235	0.0000	0.7293	0.7719	0.0000	0.0000	0.0000	0.0000	0.0004	0.0009	0.0000	0.0085	0.0091	0.0000	0.0000	0.0000	0.0000	
10	78	0.0865	5	0	2	0	0	0	0	0	0	N	Y	N	N	N	N	N	N	N	N	N	N	3127.9042	26865.0983	0.0001	135395.1838	134384.1902	0.0963	0.0000	0.0000	0.0000	10.1956	11.6279	0.0000	63.4726	67.1227	0.0000	0.0000	0.0000	0.0000	0.0033	0.0004	0.0062	0.0005	0.0005	0.0001	0.0034	0.0004	0.0062	0.0000	13.8018	-0.1879	0.0001	5.2144	1.0203	4.0122	2.7327	0.5166	0.5166	0.0000	0.5166	0.5166	0.0000	0.0000	0.0000	0.0000	0.0002	0.0000	0.0001	0.0000	0.0000	0.0000	0.0002	0.0000	0.0001	0.0507	0.0444	0.0062	0.0081	0.0077	0.0004	0.0425	0.0367	0.0058	0.0478	0.0243	0.0235	0.0017	0.0016	0.0001	0.0461	0.0227	0.0234	3127.9042	26865.0983	0.0001	135395.1838	134384.1902	0.0963	0.0000	0.0000	0.0000	0.0033	0.0004	0.0062	0.0005	0.0005	0.0001	0.0034	0.0004	0.0062
10	79	0.0865	4	0	1	0	0	0	0	0	0	N	N	N	N	N	N	N	N	N	N	N	N	2165.1574	1846.2829	3273.0097	1861.5491	1443.5332	116.4747	0.0000	0.0000	0.8966	0.5774	2.0059	1.2768	0.9126	2.1248	0.0000	0.0000	0.0000	0.0004	0.0003	0.0006	0.0007	0.0006	0.0182	0.0003	0.0000	0.0006	1.0000	1.0000	0.0000	-0.0000	5.2144	0.0000	4.0122	0.0018	0.0000	0.0000	0.0000	0.0000	0.0000	0.0000	0.0000	0.0000	0.0000	0.0000	0.0000	0.0000	0.0000	0.0000	0.0000	0.0000	0.0000	0.0000	0.0000	0.0000	0.0000	0.0000	0.0000	0.0000	0.0000	0.0000	0.0000	0.0001	0.0000	0.0000	0.0000	0.0000	0.0000	0.0000	0.0000	0.0000	2165.1574	1846.2829	3273.0097	1861.5491	1443.5332	116.4747	0.0000	0.0000	0.0000	0.0004	0.0003	0.0006	0.0007	0.0006	0.0182	0.0003	0.0000	0.0006	
10	80	0.0683	3	0	1	0	0	0	0	0	0	N	N	N	N	N	N	N	N	N	N	N	N	1103.9876	17.4714	150989.3408	3.4549	4.0372	0.2336	78305.5853	inf	234348.1545	4.9110	0.1491	28.7523	0.4326	0.5141	0.0038	6.6821	0.0031	39.4804	0.0044	0.0085	0.0002	0.1252	0.1273	0.0163	0.0001	0.0000	0.0002	38.5268	0.0214	0.6178	-0.0002	5.2144	3.0825	4.0122	2.0124	1.0112	0.0256	0.9856	0.0252	0.0252	0.0000	0.9860	0.0004	0.9856	0.0003	0.0003	0.0000	0.0003	0.0003	0.0000	0.0000	0.0000	0.0000	0.2059	0.1716	0.0343	0.0584	0.0490	0.0093	0.1476	0.1226	0.0250	0.0662	0.0338	0.0324	0.0023	0.0023	0.0000	0.0639	0.0315	0.0324	1103.9876	17.4714	150989.3408	3.4549	4.0372	0.2336	78305.5853	inf	234348.1545	0.0044	0.0085	0.0002	0.1252	0.1273	0.0163	0.0001	0.0000	0.0002
10	81	0.0563	2	0	1	0	0	0	0	0	0	N	N	N	N	N	N	N	N	N	N	N	N	8.9933	0.2958	151.0934	0.1022	0.0866	29.3456	140.3339	18898.0982	153.6523	0.6860	0.0996	2.0078	0.2617	0.1860	1.6537	0.9476	0.0051	2.0320	0.0763	0.3366	0.0133	2.5592	2.1478	0.0564	0.0068	0.0000	0.0132	8.9440	0.1693	0.1777	-0.0010	5.2144	3.6751	4.0122	0.0788	0.3318	0.0334	0.2984	0.0483	0.0326	0.0157	0.2835	0.0008	0.2827	0.0023	0.0020	0.0003	0.0020	0.0020	0.0000	0.0003	0.0000	0.0003	0.4837	0.3351	0.1486	0.1845	0.1750	0.0095	0.2992	0.1601	0.1391	0.0515	0.0266	0.0249	0.0028	0.0027	0.0000	0.0488	0.0239	0.0249	15.4428	1.3529	151.0934	0.3694	0.2594	29.3456	140.3339	18898.0982	153.6523	0.0444	0.0736	0.0133	0.7083	0.7171	0.0564	0.0068	0.0000	0.0132
11	13	0.0362	3	0	2	0	0	0	0	0	0	N	Y	N	N	N	N	N	N	N	N	N	N	0.0000	0.0000	0.0000	0.0000	0.0000	0.0000	0.0000	0.0000	0.0000	0.0000	0.0000	0.0000	0.0000	0.0000	0.0000	0.0000	0.0046	0.0084	0.0000	0.0622	0.0625	0.0000	0.0000	0.0000	0.0000	0.0001	0.0000	-0.0001	1.0002	3.9729	2.9310	5.4895	0.0000	0.0000	0.0000	0.0000	0.0000	0.0000	0.0000	0.0000	0.0000	0.0002	0.0002	0.0000	0.0002	0.0002	0.0000	0.0000	0.0000	0.0000	0.0331	0.0287	0.0043	0.0021	0.0020	0.0001	0.0309	0.0267	0.0043	0.0544	0.0293	0.0250	0.0040	0.0040	0.0000	0.0504	0.0254	0.0250	0.0000	0.0000	0.0000	0.0000	0.0000	0.0000	0.0000	0.0000	0.0000	0.0046	0.0084	0.0000	0.0622	0.0625	0.0000	0.0000	0.0000	0.0000			
11	14	0.1326	6	1	2	0	0	0	0	0	0	N	Y	N	N	N	N	N	N	N	N	N	N	0.0000	0.0000	0.0000	0.0000	0.0000	0.0000	0.0000	0.0000	0.0000	0.0000	0.0000	0.0000	0.0000	0.0000	0.0000	0.0000	0.0000	0.0000	0.0000	0.0000	1.0002	10.0000	2.9310	6.0013	0.0000	0.0000	0.0000	0.0000	0.0000	0.0000	0.0000	0.0000	0.0000	0.0000	0.0000	0.0000	0.0000	0.0000	0.0000	0.0000	0.0000	0.0000	0.0725	0.0629	0.0096	0.0053	0.0049	0.0004	0.0672	0.0580	0.0092	0.0811	0.0461	0.0349	0.0163	0.0136	0.0027	0.0648	0.0326	0.0322	0.0000	0.0000	0.0000	0.0000	0.0000	0.0000	0.0000	0.0000	0.0000	0.0000	0.0000	0.0000	0.0000	0.0000	0.0000	0.0000	0.0000	0.0000											
11	15	0.0113	2	0	2	0	0	0	0	0	0	N	Y	N	N	N	N	N	N	N	N	N	N	0.0028	0.0018	0.0000	1.4477	1.7006	0.0000	0.0000	0.0000	0.0059	0.0069	0.0000	43.4615	43.4851	0.0000	0.0000	0.0000	0.0000	2.0871	3.7284	0.0000	30.0208	25.5700	0.0000	0.0003	0.0007	0.0000	0.0000	0.0000	-0.0001	-0.0403	1.0002	2.9999	2.9310	3.0728	0.0001	0.0001	0.0000	0.0001	0.0001	0.0000	0.0000	0.0000	0.0000	0.0685	0.0685	0.0000	0.0685	0.0685	0.0000	0.0000	0.0000	0.0000	0.0237	0.0204	0.0033	0.0000	0.0000	0.0000	0.0237	0.0204	0.0033	0.0529	0.0285	0.0244	0.0109	0.0105	0.0004	0.0419	0.0180	0.0239	0.0046	0.0029	0.0000	6.9430	6.6633	0.0000	0.0000	0.0000	0.0000	1.2955	2.4040	0.0000	6.2598	6.5261	0.0000	0.0003	0.0007	0.0000	
11	17	0.1839	11	1	2	0	0	0	0	0	0	N	Y	N	N	N	N	N	N	N	N	N	N	0.0000	0.0000	0.0000	0.0000	0.0000	0.0000	0.0000	0.0000	0.0000	0.0000	0.0000	0.0000	0.0000	0.0000	0.0000	0.0000	0.0000	0.0000	0.0000	0.0000	1.0002	0.9996	2.9310	1.7768	0.0000	0.0000	0.0000	0.0000	0.0000	0.0000	0.0000	0.0000	0.0000	0.0000	0.0000	0.0000	0.0000	0.0000	0.0000	0.0000	0.0000	0.0000	0.0075	0.0066	0.0009	0.0015	0.0014	0.0001	0.0060	0.0052	0.0008	0.0153	0.0088	0.0065	0.0031	0.0028	0.0003	0.0122	0.0060	0.0062	0.0000	0.0000	0.0000	0.0000	0.0000	0.0000	0.0000	0.0000	0.0000	0.0000	0.0000	0.0000	0.0000	0.0000	0.0000	0.0000	0.0000	0.0000											
11	18	0.1555	9	0	2	0	0	0	0	0	0	N	Y	N	N	N	N	N	N	N	N	N	N	0.0000	0.0000	0.0000	0.0000	0.0000	0.0000	0.0000	0.0000	0.0000	0.0000	0.0000	0.0000	0.0000	0.0000	0.0000	0.0000	0.0000	0.0000	0.0000	0.0000	0.0000	0.0000	0.0000	0.0000	-0.0000	1.0002	4.7641	2.9310	2.0666	0.0000	0.0000	0.0000	0.0000	0.0000	0.0000	0.0000	0.0000	0.0000	0.0000	0.0000	0.0000	0.0000	0.0000	0.0000	0.0000	0.0000	0.0000	0.0383	0.0335	0.0049	0.0040	0.0038	0.0002	0.0343	0.0297	0.0046	0.0379	0.0220	0.0159	0.0101	0.0084	0.0017	0.0278	0.0136	0.0141	0.0000	0.0000	0.0000	0.0000	0.0000	0.0000	0.0000	0.0000	0.0000	0.0000	0.0000	0.0000	0.0000	0.0000	0.0000	0.0000	0.0000	0.0000						
11	19	0.1380	8	0	2	0	0	0	0	0	0	N	Y	N	N	N	N	N	N	N	N	N	N	0.0000	0.0000	0.0000	0.0000	0.0000	0.0000	0.0000	0.0000	0.0000	0.0000	0.0000	0.0000	0.0000	0.0000	0.0000	0.0000	0.0002	0.0004	0.0000	0.0009	0.0010	0.0000	0.0000	0.0000	0.0000	0.0002	0.0000	-0.0000	1.0002	1.4176	2.9310	5.1148	0.0000	0.0000	0.0000	0.0000	0.0000	0.0000	0.0000	0.0000	0.0000	0.0000	0.0000	0.0000	0.0000	0.0000	0.0000	0.0000	0.0000	0.0000	0.0136	0.0121	0.0015	0.0022	0.0021	0.0001	0.0114	0.0099	0.0015	0.0401	0.0242	0.0159	0.0104	0.0090	0.0014	0.0297	0.0152	0.0145	0.0000	0.0000	0.0000	0.0000	0.0000	0.0000	0.0000	0.0000	0.0000	0.0002	0.0004	0.0000	0.0009	0.0010	0.0000	0.0000	0.0000	0.0000			
11	20	0.1787	10	0	2	1	1	0	0	0	0	N	Y	N	N	N	N	N	N	N	N	N	N	0.0000	0.0000	0.0000	0.0000	0.0000	0.0000	0.0000	0.0000	0.0000	0.0000	0.0000	0.0000	0.0000	0.0000	0.0000	0.0000	0.0000	0.0000	0.0000	0.0000	1.0002	0.0000	2.9310	0.0000	0.0000	0.0000	0.0000	0.0000	0.0000	0.0000	0.0000	0.0000	0.0000	0.0000	0.0000	0.0000	0.0000	0.0000	0.0000	0.0000	0.0000	0.0000	0.0000	0.0000	0.0000	0.0000	0.0000	0.0000	0.0000	0.0000	0.0000	0.0000	0.0000	0.0000	0.0000	0.0000	0.0000	0.0000	0.0000	0.0000	0.0000	0.0000	0.0000	0.0000	0.0000	0.0000	0.0000	0.0000	0.0000	0.0000	0.0000	0.0000	0.0000	0.0000	0.0000	0.0000	0.0000	0.0000											
11	21	0.1352	9	0	1	0	1	0	0	0	0	N	N	N	N	N	N	N	N	N	N	N	N	12.8353	8.6863	0.0000	0.0000	inf	inf	0.0013	0.0015	0.0000	0.0000	0.0000	0.0000	0.0015	0.0017	0.0000	0.0001	0.0002	0.0000	0.0005	0.0006	0.0000	0.0000	0.0000	0.0000	0.0000	0.0000	-0.0000	-0.0000	1.0002	6.0371	2.9310	11.7316	0.0001	0.0001	0.0000	0.0000	0.0000	0.0000	0.0001	0.0001	0.0000	0.0000	0.0000	0.0000	0.0000	0.0000	0.0000	0.0000	0.0000	0.0000	0.0449	0.0391	0.0058	0.0051	0.0048	0.0003	0.0398	0.0343	0.0055	0.0894	0.0527	0.0367	0.0174	0.0147	0.0026	0.0720	0.0380	0.0340	12.8353	8.6863	0.0000	0.0000	0.0000	0.0000	inf	inf	0.0000	0.0001	0.0002	0.0000	0.0005	0.0006	0.0000	0.0000	0.0000	0.0000			
11	22	0.0746	4	0	2	0	0	0	0	0	0	N	Y	N	N	N	N	N	N	N	N	N	N	inf	inf	inf	inf	inf	inf	0.0007	0.0008	0.0000	0.0089	0.0095	0.0000	0.0002	0.0003	0.0000	0.0000	0.0000	0.0000	0.0000	0.0000	0.0000	0.0000	0.0000	0.0000	0.0000	-0.0000	0.0000	1.0002	11.9950	2.9310	7.9469	0.0001	0.0001	0.0000	0.0000	0.0000	0.0000	0.0000	0.0000	0.0000	0.0000	0.0000	0.0000	0.0000	0.0000	0.0000	0.0000	0.0000	0.0000	0.0901	0.0781	0.0120	0.0046	0.0043	0.0003	0.0855	0.0738	0.0117	0.1086	0.0618	0.0468	0.0142	0.0128	0.0014	0.0944	0.0491	0.0454	inf	inf	0.0000	inf	inf	0.0000	inf	inf	0.0000	0.0000	0.0000	0.0000	0.0000	0.0000	0.0000	0.0000	0.0000	0.0000				
11	23	0.2110	10	1	2	0	0	0	0	0	0	N	Y	N	N	N	N	N	N	N	N	N	N	inf	inf	inf	inf	22.1121	24.4799	0.0000	49.0856	53.2202	0.0000	0.0000	0.0000	0.0000	0.0000	0.0000	0.0000	0.0000	0.0000	0.0000	0.0000	0.0000	0.0000	0.0000	-0.0002	0.0000	1.0002	0.0013	2.9310	0.9984	0.0006	0.0006	0.0000	0.0006	0.0006	0.0000	0.0000	0.0000	0.0000	0.0000	0.0000	0.0000	0.0000	0.0000	0.0000	0.0000	0.0000	0.0000	0.0000	0.0000	0.0000	0.0000	0.0000	0.0000	0.0000	0.0000	0.0000	0.0071	0.0041	0.0030	0.0012	0.0010	0.0002	0.0059	0.0031	0.0029	inf	inf	0.0000	inf	inf	0.0000	0.0000	0.0000	0.0000	0.0000	0.0000	0.0000	0.0000	0.0000	0.0000	0.0000	0.0000	0.0000						
11	24	0.1575	11	0	2	0	1	0	0	0	0	N	Y	N	N	N	N	N	N	N	N	N	N	0.0000	0.0000	0.0000	0.0000	0.0000	0.0000	0.0000	0.0000	0.0000	0.0000	0.0000	0.0000	0.0000	0.0000	0.0000	0.0005	0.0002	0.0008	0.0023	0.0008	0.0122	0.0000	0.0000	0.0000	2.1492	0.0000	0.0000	1.0002	6.0729	2.9310	6.2374	0.0000	0.0000	0.0000	0.0000	0.0000	0.0000	0.0000	0.0000	0.0000	0.0000	0.0000	0.0000	0.0000	0.0000	0.0000	0.0000	0.0000	0.0000	0.0474	0.0414	0.0059	0.0069	0.0066	0.0004	0.0404	0.0349	0.0055	0.0644	0.0385	0.0259	0.0127	0.0111	0.0016	0.0517	0.0274	0.0243	0.0000	0.0000	0.0000	0.0000	0.0000	0.0000	0.0000	0.0000	0.0000	0.0005	0.0002	0.0008	0.0023	0.0008	0.0122	0.0000	0.0000	0.0000				
11	25	0.1001	7	1	2	0	0	0	0	0	0	N	Y	N	N	N	N	N	N	N	N	N	N	3880.6686	2500.6350	0.0554	0.0503	inf	inf	6.7041	7.6629	0.0000	0.0007	0.0007	0.0000	7.4785	8.6071	0.0000	0.0017	0.0031	0.0000	0.0125	0.0149	0.0000	0.0000	0.0000	0.0000	0.0000	0.0000	-0.3638	-0.0002	1.0002	19.6128	2.9310	15.0566	1.0000	1.0000	0.0000	0.0000	0.0000	0.0000	1.0000	1.0000	0.0000	0.0003	0.0003	0.0000	0.0003	0.0003	0.0000	0.0000	0.0000	0.0000	0.1492	0.1305	0.0187	0.0154	0.0143	0.0011	0.1337	0.1162	0.0175	0.1621	0.0914	0.0707	0.0224	0.0188	0.0036	0.1396	0.0725	0.0671	3880.6686	2500.6350	0.0000	0.0554	0.0503	0.0000	inf	inf	0.0000	0.0017	0.0031	0.0000	0.0125	0.0149	0.0000	0.0000	0.0000	0.0000			
11	26	0.2131	10	0	1	1	0	0	0	0	0	N	N	N	N	N	N	N	N	N	N	N	N	0.0000	0.0000	0.0000	0.0000	0.0000	0.0000	0.0000	0.0000	0.0000	0.0000	0.0000	0.0000	0.0000	0.0000	0.0000	0.0000	0.0000	0.0000	0.0000	0.0000	1.0002	0.0000	2.9310	0.0000	0.0000	0.0000	0.0000	0.0000	0.0000	0.0000	0.0000	0.0000	0.0000	0.0000	0.0000	0.0000	0.0000	0.0000	0.0000	0.0000	0.0000	0.0000	0.0000	0.0000	0.0000	0.0000	0.0000	0.0000	0.0000	0.0000	0.0000	0.0000	0.0000	0.0000	0.0000	0.0000	0.0000	0.0000	0.0000	0.0000	0.0000	0.0000	0.0000	0.0000	0.0000	0.0000	0.0000	0.0000	0.0000	0.0000	0.0000	0.0000	0.0000	0.0000	0.0000	0.0000	0.0000	0.0000											
11	27	0.1839	11	1	1	1	0	0	0	0	0	N	N	N	N	N	N	N	N	N	N	N	N	0.0000	0.0000	0.0000	0.0000	0.0000	0.0000	0.0000	0.0000	0.0000	0.0000	0.0000	0.0000	0.0000	0.0000	0.0000	0.0000	0.0000	0.0000	0.0000	0.0000	1.0002	6.0046	2.9310	3.2467	0.0000	0.0000	0.0000	0.0000	0.0000	0.0000	0.0000	0.0000	0.0000	0.0000	0.0000	0.0000	0.0000	0.0000	0.0000	0.0000	0.0000	0.0000	0.0427	0.0374	0.0053	0.0081	0.0076	0.0006	0.0346	0.0298	0.0048	0.0436	0.0250	0.0186	0.0070	0.0061	0.0009	0.0366	0.0189	0.0177	0.0000	0.0000	0.0000	0.0000	0.0000	0.0000	0.0000	0.0000	0.0000	0.0000	0.0000	0.0000	0.0000	0.0000	0.0000	0.0000	0.0000	0.0000											
11	28	0.1475	10	1	1	0	0	0	0	0	0	N	N	N	N	N	N	N	N	N	N	N	N	0.0000	0.0000	0.0000	0.0000	0.0000	0.0000	0.0000	0.0000	0.0000	0.0000	0.0000	0.0000	0.0000	0.0000	0.0000	0.0002	0.0002	0.0003	0.0012	0.0007	0.0049	0.0000	0.0000	0.0000	1.0746	0.0000	-0.0000	1.0002	7.0330	2.9310	8.3476	0.0000	0.0000	0.0000	0.0000	0.0000	0.0000	0.0000	0.0000	0.0000	0.0000	0.0000	0.0000	0.0000	0.0000	0.0000	0.0000	0.0000	0.0000	0.0549	0.0479	0.0070	0.0080	0.0076	0.0004	0.0469	0.0403	0.0066	0.0791	0.0467	0.0325	0.0156	0.0135	0.0020	0.0636	0.0331	0.0304	0.0000	0.0000	0.0000	0.0000	0.0000	0.0000	0.0000	0.0000	0.0000	0.0002	0.0002	0.0003	0.0012	0.0007	0.0049	0.0000	0.0000	0.0000				
11	29	0.1575	11	0	2	0	1	0	0	0	0	N	Y	N	N	N	N	N	N	N	N	N	N	0.0000	0.0000	0.0000	0.0000	0.0000	0.0000	0.0000	0.0000	0.0000	0.0000	0.0000	0.0000	0.0000	0.0002	0.0000	0.0004	0.0010	0.0000	0.0067	0.0000	0.0000	0.0000	inf	0.0000	0.0000	1.0002	12.7698	2.9310	10.8465	0.0000	0.0000	0.0000	0.0000	0.0000	0.0000	0.0000	0.0000	0.0000	0.0000	0.0000	0.0000	0.0000	0.0000	0.0000	0.0000	0.0000	0.0000	0.0935	0.0818	0.0117	0.0129	0.0121	0.0008	0.0806	0.0696	0.0109	0.1112	0.0650	0.0461	0.0201	0.0171	0.0030	0.0911	0.0479	0.0431	0.0000	0.0000	0.0000	0.0000	0.0000	0.0000	0.0000	0.0000	0.0000	0.0002	0.0000	0.0004	0.0010	0.0000	0.0067	0.0000	0.0000	0.0000						
11	30	0.1329	7	1	1	1	0	0	0	0	0	N	N	N	N	N	N	N	N	N	N	N	N	inf	inf	inf	inf	11.5364	13.2601	0.0000	0.0000	0.0000	0.0000	12.5866	14.5572	0.0000	0.0000	0.0000	0.0000	0.0000	0.0000	0.0000	0.0000	0.0000	0.0000	0.0000	-0.3638	0.0000	1.0002	11.8338	2.9310	5.9707	1.0000	1.0000	0.0000	0.0000	0.0000	0.0000	1.0000	1.0000	0.0000	0.0000	0.0000	0.0000	0.0000	0.0000	0.0000	0.0000	0.0000	0.0000	0.0867	0.0754	0.0113	0.0072	0.0067	0.0005	0.0794	0.0687	0.0108	0.0895	0.0510	0.0385	0.0180	0.0150	0.0030	0.0715	0.0360	0.0355	inf	inf	0.0000	0.0000	0.0000	0.0000	inf	inf	0.0000	0.0000	0.0000	0.0000	0.0000	0.0000	0.0000	0.0000	0.0000	0.0000						
11	31	0.1575	11	0	1	1	0	0	0	0	0	N	N	N	N	N	N	N	N	N	N	N	N	108485.7951	0.0000	inf	0.0000	0.0000	inf	inf	18.6610	0.0000	149.0297	0.0000	0.0000	0.0000	21.8151	0.0000	159.2233	0.0002	0.0003	0.0000	0.0008	0.0010	0.0000	0.0000	0.0000	0.0000	inf	0.0000	0.6362	-0.0000	1.0002	6.9288	2.9310	3.0309	1.0000	0.0000	1.0000	0.0000	0.0000	0.0000	1.0000	0.0000	1.0000	0.0000	0.0000	0.0000	0.0000	0.0000	0.0000	0.0000	0.0000	0.0000	0.0536	0.0469	0.0067	0.0077	0.0073	0.0004	0.0458	0.0396	0.0063	0.0541	0.0326	0.0215	0.0111	0.0097	0.0014	0.0430	0.0229	0.0201	108485.7951	0.0000	inf	0.0000	0.0000	0.0000	inf	0.0000	inf	0.0002	0.0003	0.0000	0.0008	0.0010	0.0000	0.0000	0.0000	0.0000		
11	32	0.1475	10	0	1	0	0	0	0	0	0	N	N	N	N	N	N	N	N	N	N	N	N	0.0000	0.0000	0.0000	0.0000	0.0000	0.0000	0.0000	0.0000	0.0000	0.0000	0.0000	0.0000	0.0000	0.0000	0.0000	0.0000	0.0000	0.0015	0.0014	0.0016	0.0047	0.0038	0.0144	0.0004	0.0000	0.0008	0.6588	0.0000	-0.0000	1.0002	1.8775	2.9310	3.1058	0.0000	0.0000	0.0000	0.0000	0.0000	0.0000	0.0000	0.0000	0.0000	0.0000	0.0000	0.0000	0.0000	0.0000	0.0000	0.0000	0.0000	0.0000	0.0178	0.0156	0.0022	0.0038	0.0036	0.0002	0.0141	0.0120	0.0021	0.0330	0.0206	0.0124	0.0083	0.0076	0.0007	0.0247	0.0130	0.0117	0.0000	0.0000	0.0000	0.0000	0.0000	0.0000	0.0000	0.0000	0.0000	0.0015	0.0014	0.0016	0.0047	0.0038	0.0144	0.0004	0.0000	0.0008		
11	33	0.1352	9	0	1	0	0	0	0	0	0	N	N	N	N	N	N	N	N	N	N	N	N	0.0000	0.0000	0.0000	0.0000	0.0000	0.0000	0.0000	0.0000	0.0000	0.0000	0.0000	0.0000	0.0000	0.0000	0.0000	0.0000	0.0000	0.0007	0.0008	0.0006	0.0021	0.0023	0.0000	0.0003	0.0000	0.0007	0.4820	0.0000	-0.0000	1.0002	5.3867	2.9310	0.9197	0.0000	0.0000	0.0000	0.0000	0.0000	0.0000	0.0000	0.0000	0.0000	0.0000	0.0000	0.0000	0.0000	0.0000	0.0000	0.0000	0.0000	0.0000	0.0403	0.0351	0.0052	0.0046	0.0043	0.0003	0.0356	0.0307	0.0049	0.0390	0.0242	0.0148	0.0093	0.0083	0.0010	0.0297	0.0159	0.0138	0.0000	0.0000	0.0000	0.0000	0.0000	0.0000	0.0000	0.0000	0.0000	0.0007	0.0008	0.0006	0.0021	0.0023	0.0000	0.0003	0.0000	0.0007		
11	34	0.2184	11	0	2	0	0	0	0	0	0	N	Y	N	N	N	N	N	N	N	N	N	N	0.0000	0.0000	0.0000	0.0000	0.0000	0.0000	0.0000	0.0000	0.0000	0.0000	0.0000	0.0000	0.0000	0.0000	0.0000	0.0000	0.0000	0.0000	0.0000	0.0000	1.0002	0.0019	2.9310	3.0025	0.0000	0.0000	0.0000	0.0000	0.0000	0.0000	0.0000	0.0000	0.0000	0.0000	0.0000	0.0000	0.0000	0.0000	0.0000	0.0000	0.0000	0.0000	0.0001	0.0000	0.0000	0.0000	0.0000	0.0000	0.0000	0.0000	0.0000	0.0119	0.0072	0.0047	0.0028	0.0022	0.0005	0.0091	0.0049	0.0042	0.0000	0.0000	0.0000	0.0000	0.0000	0.0000	0.0000	0.0000	0.0000	0.0000	0.0000	0.0000	0.0000	0.0000	0.0000	0.0000	0.0000	0.0000											
11	35	0.1991	7	1	2	0	0	0	0	0	0	N	Y	N	N	N	N	N	N	N	N	N	N	0.0000	0.0000	0.0000	0.0000	0.0000	0.0000	0.0000	0.0000	0.0000	0.0000	0.0000	0.0000	0.0000	0.0000	0.0000	0.0000	0.0000	0.0000	0.0000	0.0000	1.0002	1.0000	2.9310	1.9999	0.0000	0.0000	0.0000	0.0000	0.0000	0.0000	0.0000	0.0000	0.0000	0.0000	0.0000	0.0000	0.0000	0.0000	0.0000	0.0000	0.0000	0.0000	0.0074	0.0064	0.0009	0.0013	0.0012	0.0001	0.0061	0.0052	0.0008	0.0146	0.0082	0.0064	0.0023	0.0020	0.0003	0.0122	0.0062	0.0061	0.0000	0.0000	0.0000	0.0000	0.0000	0.0000	0.0000	0.0000	0.0000	0.0000	0.0000	0.0000	0.0000	0.0000	0.0000	0.0000	0.0000	0.0000											
11	36	0.1638	7	0	2	1	0	0	0	0	0	N	Y	N	N	N	N	N	N	N	N	N	N	8.0240	5.9544	0.0000	19.9921	17.8575	0.0000	0.0032	0.0037	0.0000	0.0245	0.0264	0.0000	0.0000	0.0000	0.0000	0.0004	0.0006	0.0000	0.0012	0.0015	0.0000	0.0000	0.0000	0.0000	0.0000	0.0001	-0.0000	-0.0000	1.0002	3.0341	2.9310	5.2124	0.0001	0.0001	0.0000	0.0001	0.0001	0.0000	0.0000	0.0000	0.0000	0.0000	0.0000	0.0000	0.0000	0.0000	0.0000	0.0000	0.0000	0.0000	0.0247	0.0215	0.0032	0.0032	0.0030	0.0002	0.0215	0.0185	0.0030	0.0521	0.0336	0.0184	0.0170	0.0141	0.0029	0.0351	0.0196	0.0155	8.0240	5.9544	0.0000	19.9921	17.8575	0.0000	0.0000	0.0000	0.0000	0.0004	0.0006	0.0000	0.0012	0.0015	0.0000	0.0000	0.0000	0.0000			
11	37	0.1400	6	0	2	0	0	0	0	0	0	N	Y	N	N	N	N	N	N	N	N	N	N	0.0058	0.0042	0.0000	0.0151	0.0137	0.0000	0.0000	0.0000	0.0000	0.0000	0.0000	0.0003	0.0004	0.0000	0.0000	0.0000	0.0000	0.0051	0.0083	0.0010	0.0231	0.0278	0.0000	0.0006	0.0000	0.0011	0.0000	0.0941	-0.0000	-0.0001	1.0002	3.0544	2.9310	4.8962	0.0000	0.0000	0.0000	0.0000	0.0000	0.0000	0.0000	0.0000	0.0000	0.0002	0.0002	0.0000	0.0002	0.0002	0.0000	0.0000	0.0000	0.0000	0.0233	0.0202	0.0031	0.0020	0.0018	0.0002	0.0213	0.0184	0.0030	0.0420	0.0239	0.0182	0.0086	0.0071	0.0014	0.0335	0.0167	0.0167	0.0058	0.0042	0.0000	0.0151	0.0137	0.0000	0.0000	0.0000	0.0000	0.0051	0.0083	0.0010	0.0231	0.0278	0.0000	0.0006	0.0000	0.0011	
11	38	0.2184	11	0	1	1	0	0	0	0	0	N	N	N	N	N	N	N	N	N	N	N	N	0.0000	0.0000	0.0000	0.0000	0.0000	0.0000	0.0000	0.0000	0.0000	0.0000	0.0000	0.0000	0.0000	0.0000	0.0000	0.0000	0.0000	0.0000	0.0000	0.0000	1.0002	0.9992	2.9310	1.0069	0.0000	0.0000	0.0000	0.0000	0.0000	0.0000	0.0000	0.0000	0.0000	0.0000	0.0000	0.0000	0.0000	0.0000	0.0000	0.0000	0.0000	0.0000	0.0066	0.0058	0.0009	0.0008	0.0007	0.0000	0.0058	0.0050	0.0008	0.0081	0.0049	0.0032	0.0019	0.0015	0.0004	0.0062	0.0033	0.0028	0.0000	0.0000	0.0000	0.0000	0.0000	0.0000	0.0000	0.0000	0.0000	0.0000	0.0000	0.0000	0.0000	0.0000	0.0000	0.0000	0.0000	0.0000											
11	39	0.2131	10	0	1	0	0	0	0	0	0	N	N	N	N	N	N	N	N	N	N	N	N	0.0000	0.0000	0.0000	0.0000	0.0000	0.0000	0.0000	0.0000	0.0000	0.0000	0.0000	0.0000	0.0000	0.0000	0.0000	0.0000	0.0000	0.0000	0.0000	0.0000	1.0002	1.0008	2.9310	0.9987	0.0000	0.0000	0.0000	0.0000	0.0000	0.0000	0.0000	0.0000	0.0000	0.0000	0.0000	0.0000	0.0000	0.0000	0.0000	0.0000	0.0000	0.0000	0.0067	0.0058	0.0009	0.0007	0.0007	0.0000	0.0060	0.0052	0.0008	0.0080	0.0048	0.0032	0.0017	0.0013	0.0003	0.0063	0.0034	0.0029	0.0000	0.0000	0.0000	0.0000	0.0000	0.0000	0.0000	0.0000	0.0000	0.0000	0.0000	0.0000	0.0000	0.0000	0.0000	0.0000	0.0000	0.0000											
11	40	0.1352	9	0	1	0	0	0	0	0	0	N	N	N	N	N	N	N	N	N	N	N	N	0.0000	0.0000	0.0000	0.0000	0.0000	0.0000	0.0000	0.0000	0.0000	0.0000	0.0000	0.0000	0.0000	0.0000	0.0000	0.0000	0.0000	0.0000	0.0000	0.0000	1.0002	9.0374	2.9310	18.5287	0.0000	0.0000	0.0000	0.0000	0.0000	0.0000	0.0000	0.0000	0.0000	0.0000	0.0000	0.0000	0.0000	0.0000	0.0000	0.0000	0.0000	0.0000	0.0659	0.0574	0.0084	0.0075	0.0070	0.0005	0.0584	0.0504	0.0080	0.1280	0.0747	0.0533	0.0234	0.0196	0.0038	0.1046	0.0551	0.0495	0.0000	0.0000	0.0000	0.0000	0.0000	0.0000	0.0000	0.0000	0.0000	0.0000	0.0000	0.0000	0.0000	0.0000	0.0000	0.0000	0.0000	0.0000											
11	41	0.1084	8	0	1	0	0	0	0	0	0	N	N	N	N	N	N	N	N	N	N	N	N	0.0000	0.0011	0.0000	0.0030	0.0044	0.0000	0.0000	0.0000	0.0000	0.0000	0.0000	0.0000	0.0000	0.0000	0.0000	0.0000	0.0000	17.1756	0.0004	83.8124	0.0021	0.0015	0.0061	19.4359	0.0000	86.0044	0.6277	53698.3148	0.0000	0.4106	1.0002	9.0369	2.9310	3.5648	0.0000	0.0000	0.0000	0.0000	0.0000	0.0000	0.0000	0.0000	0.0000	0.9994	0.0000	0.9994	0.0000	0.0000	0.0000	0.9994	0.0000	0.9994	0.0675	0.0587	0.0089	0.0045	0.0042	0.0003	0.0630	0.0544	0.0086	0.0740	0.0443	0.0297	0.0140	0.0123	0.0017	0.0600	0.0320	0.0281	0.0000	0.0011	0.0000	0.0030	0.0044	0.0000	0.0000	0.0000	0.0000	13.5052	0.0004	33.5998	0.0021	0.0015	0.0061	16.6441	0.0000	35.5751	
11	42	0.0746	4	0	1	0	0	0	0	0	0	N	N	N	N	N	N	N	N	N	N	N	N	0.0001	0.0000	inf	inf	0.0000	0.0000	0.0006	0.0007	0.0000	0.0101	0.0109	0.0000	0.0002	0.0002	0.0000	9.0304	18.7035	0.0000	0.0000	0.0000	0.0000	9.3386	18.0012	0.0000	0.0000	0.0000	-0.0000	-0.5890	1.0002	17.0025	2.9310	6.0864	0.0001	0.0001	0.0000	0.0001	0.0001	0.0000	0.0000	0.0000	0.0000	0.9998	0.9998	0.0000	0.0000	0.0000	0.0000	0.9998	0.9998	0.0000	0.1235	0.1072	0.0163	0.0060	0.0056	0.0004	0.1175	0.1015	0.0159	0.1226	0.0695	0.0531	0.0155	0.0139	0.0016	0.1071	0.0555	0.0515	0.0001	0.0001	0.0000	inf	inf	0.0000	0.0000	0.0000	0.0000	8.1565	14.3949	0.0000	0.0000	0.0000	0.0000	9.3386	18.0012	0.0000			
11	44	0.0746	4	0	2	0	0	0	0	0	0	N	Y	N	N	N	N	N	N	N	N	N	N	0.0000	0.0000	0.0000	0.0000	0.0000	0.0000	0.0000	0.0000	0.0000	0.0000	0.0000	0.0000	0.0000	0.0000	0.0000	0.0000	0.0000	0.0000	0.0000	0.0000	1.0002	6.9958	2.9310	11.8523	0.0000	0.0000	0.0000	0.0000	0.0000	0.0000	0.0000	0.0000	0.0000	0.0000	0.0000	0.0000	0.0000	0.0000	0.0000	0.0000	0.0000	0.0000	0.0549	0.0475	0.0074	0.0032	0.0030	0.0002	0.0517	0.0445	0.0072	0.1037	0.0591	0.0445	0.0137	0.0124	0.0014	0.0900	0.0468	0.0432	0.0000	0.0000	0.0000	0.0000	0.0000	0.0000	0.0000	0.0000	0.0000	0.0000	0.0000	0.0000	0.0000	0.0000	0.0000	0.0000	0.0000	0.0000											
11	45	0.0362	3	0	2	0	0	0	0	0	0	N	Y	N	N	N	N	N	N	N	N	N	N	0.0000	0.0000	0.0000	0.0000	0.0000	0.0000	0.0000	0.0000	0.0000	0.0000	0.0000	0.0000	0.0000	0.0000	0.0000	0.0000	0.0016	0.0018	0.0012	0.0205	0.0207	0.0000	0.0006	0.0000	0.0012	0.5622	0.0000	-0.0001	1.0002	20.1318	2.9310	17.5118	0.0000	0.0000	0.0000	0.0000	0.0000	0.0000	0.0000	0.0000	0.0000	0.0003	0.0002	0.0001	0.0002	0.0002	0.0000	0.0001	0.0000	0.0001	0.1449	0.1258	0.0191	0.0058	0.0054	0.0004	0.1391	0.1204	0.0186	0.1782	0.0967	0.0814	0.0086	0.0086	0.0001	0.1695	0.0882	0.0813	0.0000	0.0000	0.0000	0.0000	0.0000	0.0000	0.0000	0.0000	0.0000	0.0016	0.0018	0.0012	0.0205	0.0207	0.0000	0.0006	0.0000	0.0012			
11	46	0.1364	9	0	2	0	0	0	0	0	0	N	Y	N	N	N	N	N	N	N	N	N	N	0.0000	0.0000	0.0000	0.0000	0.0000	0.0000	0.0000	0.0000	0.0000	0.0000	0.0000	0.0000	0.0000	0.0000	0.0000	0.0000	0.0000	0.0000	0.0000	0.0000	1.0002	15.0410	2.9310	10.9147	0.0000	0.0000	0.0000	0.0000	0.0000	0.0000	0.0000	0.0000	0.0000	0.0000	0.0000	0.0000	0.0000	0.0000	0.0000	0.0000	0.0000	0.0000	0.1176	0.1027	0.0149	0.0180	0.0170	0.0011	0.0995	0.0858	0.0138	0.1529	0.0984	0.0546	0.0459	0.0398	0.0061	0.1070	0.0586	0.0485	0.0000	0.0000	0.0000	0.0000	0.0000	0.0000	0.0000	0.0000	0.0000	0.0000	0.0000	0.0000	0.0000	0.0000	0.0000	0.0000	0.0000	0.0000											
11	47	0.1380	8	1	1	1	0	0	0	0	0	N	N	N	N	N	N	N	N	N	N	N	N	0.0000	0.0000	0.0000	0.0000	0.0000	0.0000	0.0000	0.0000	0.0000	0.0000	0.0000	0.0000	0.0000	0.0000	0.0000	0.0000	0.0018	0.0002	0.0041	0.0004	0.0005	0.0000	0.0022	0.0000	0.0045	18.2552	0.0000	0.0001	1.0002	12.7633	2.9310	6.3722	0.0000	0.0000	0.0000	0.0000	0.0000	0.0000	0.0000	0.0000	0.0000	0.0002	0.0000	0.0002	0.0000	0.0000	0.0000	0.0002	0.0000	0.0002	0.0937	0.0816	0.0121	0.0082	0.0076	0.0006	0.0855	0.0740	0.0115	0.0996	0.0581	0.0415	0.0230	0.0193	0.0038	0.0766	0.0389	0.0378	0.0000	0.0000	0.0000	0.0000	0.0000	0.0000	0.0000	0.0000	0.0000	0.0018	0.0002	0.0041	0.0004	0.0005	0.0000	0.0022	0.0000	0.0045			
11	48	0.1329	7	0	1	0	0	0	0	0	0	N	N	N	N	N	N	N	N	N	N	N	N	2.9635	inf	0.0000	653.2618	inf	0.0000	0.0000	0.0000	0.0022	0.0024	0.0000	0.0087	0.0088	0.0000	0.0000	0.0000	0.0000	0.0007	0.0000	0.0017	0.0000	0.0000	0.0001	0.0009	0.0000	0.0018	0.0000	inf	-0.0000	0.0000	1.0002	0.3513	2.9310	1.9759	0.0000	0.0000	0.0000	0.0000	0.0000	0.0000	0.0000	0.0000	0.0000	0.0000	0.0000	0.0000	0.0000	0.0000	0.0000	0.0000	0.0000	0.0000	0.0046	0.0042	0.0004	0.0011	0.0011	0.0000	0.0034	0.0031	0.0004	0.0128	0.0073	0.0055	0.0027	0.0022	0.0004	0.0102	0.0051	0.0051	2.9635	inf	0.0000	653.2618	inf	0.0000	0.0000	0.0000	0.0000	0.0007	0.0000	0.0017	0.0000	0.0000	0.0001	0.0009	0.0000	0.0018	
11	49	0.1326	6	0	1	0	0	0	0	0	0	N	N	N	N	N	N	N	N	N	N	N	N	inf	inf	inf	inf	0.0078	0.0090	0.0000	0.0000	0.0000	0.0000	0.0084	0.0098	0.0000	0.0000	0.0000	0.0000	0.0000	0.0000	0.0000	0.0000	0.0000	0.0000	0.0000	-0.0000	0.0000	1.0002	0.1669	2.9310	0.0350	0.0000	0.0000	0.0000	0.0000	0.0000	0.0000	0.0000	0.0000	0.0000	0.0000	0.0000	0.0000	0.0000	0.0000	0.0000	0.0000	0.0000	0.0000	0.0013	0.0011	0.0002	0.0001	0.0001	0.0000	0.0012	0.0010	0.0002	0.0011	0.0006	0.0005	0.0002	0.0002	0.0000	0.0009	0.0004	0.0004	inf	inf	0.0000	0.0000	0.0000	0.0000	inf	inf	0.0000	0.0000	0.0000	0.0000	0.0000	0.0000	0.0000	0.0000	0.0000	0.0000						
11	50	0.1326	5	0	1	0	0	0	0	0	0	N	N	N	N	N	N	N	N	N	N	N	N	0.0000	0.0000	0.0000	0.0000	0.0000	0.0000	0.0000	0.0000	0.0000	0.0000	0.0000	0.0000	0.0000	0.0000	0.0000	0.0000	0.0000	0.0000	0.0000	0.0000	1.0002	0.0010	2.9310	0.0028	0.0000	0.0000	0.0000	0.0000	0.0000	0.0000	0.0000	0.0000	0.0000	0.0000	0.0000	0.0000	0.0000	0.0000	0.0000	0.0000	0.0000	0.0000	0.0000	0.0000	0.0000	0.0000	0.0000	0.0000	0.0000	0.0000	0.0000	0.0000	0.0000	0.0000	0.0000	0.0000	0.0000	0.0000	0.0000	0.0000	0.0000	0.0000	0.0000	0.0000	0.0000	0.0000	0.0000	0.0000	0.0000	0.0000	0.0000	0.0000	0.0000	0.0000	0.0000	0.0000	0.0000	0.0000											
11	51	0.0940	5	0	2	0	1	0	0	0	0	N	Y	N	N	N	N	N	N	N	N	N	N	4.4789	0.0000	41141.2315	0.0305	0.0000	inf	11466.2839	39535.2119	0.0004	0.0000	0.0028	0.0000	0.0000	0.0003	0.0004	0.0000	0.0029	0.0001	0.0001	0.0000	0.0005	0.0006	0.0000	0.0000	0.0000	0.0000	inf	0.0003	0.0000	-0.0000	1.0002	7.3891	2.9310	13.2142	0.0000	0.0000	0.0000	0.0000	0.0000	0.0000	0.0000	0.0000	0.0000	0.0000	0.0000	0.0000	0.0000	0.0000	0.0000	0.0000	0.0000	0.0000	0.0582	0.0504	0.0078	0.0039	0.0037	0.0002	0.0543	0.0467	0.0076	0.1111	0.0642	0.0469	0.0196	0.0168	0.0029	0.0914	0.0474	0.0440	4.4789	0.0000	41141.2315	0.0305	0.0000	inf	11466.2839	0.0000	39535.2119	0.0001	0.0001	0.0000	0.0005	0.0006	0.0000	0.0000	0.0000	0.0000	
11	52	0.1001	6	0	2	0	0	0	0	0	0	N	Y	N	N	N	N	N	N	N	N	N	N	3764.1731	inf	0.4630	inf	inf	3656.7774	inf	0.4748	0.0006	0.0007	0.0000	0.0001	0.0001	0.0000	0.0007	0.0008	0.0000	0.0000	0.0000	0.0000	0.0000	0.0000	0.0000	0.0000	0.0000	0.0000	0.0000	inf	-0.0000	0.0000	1.0002	12.1779	2.9310	13.0455	0.0001	0.0001	0.0000	0.0000	0.0000	0.0000	0.0001	0.0001	0.0000	0.0000	0.0000	0.0000	0.0000	0.0000	0.0000	0.0000	0.0000	0.0000	0.1010	0.0885	0.0125	0.0128	0.0119	0.0009	0.0882	0.0766	0.0116	0.1242	0.0700	0.0542	0.0176	0.0149	0.0027	0.1066	0.0552	0.0515	3764.1731	inf	0.4630	inf	inf	0.0000	3656.7774	inf	0.4748	0.0000	0.0000	0.0000	0.0000	0.0000	0.0000	0.0000	0.0000	0.0000	
11	53	0.1400	6	0	2	0	0	0	0	0	0	N	Y	N	N	N	N	N	N	N	N	N	N	0.0000	0.0000	0.0000	0.0000	0.0000	0.0000	0.0000	0.0000	0.0000	0.0000	0.0000	0.0000	0.0000	0.0000	0.0000	0.0000	0.0000	0.0000	0.0000	0.0000	1.0002	3.0001	2.9310	3.0003	0.0000	0.0000	0.0000	0.0000	0.0000	0.0000	0.0000	0.0000	0.0000	0.0000	0.0000	0.0000	0.0000	0.0000	0.0000	0.0000	0.0000	0.0000	0.0229	0.0199	0.0031	0.0020	0.0018	0.0002	0.0210	0.0181	0.0029	0.0321	0.0182	0.0139	0.0066	0.0055	0.0011	0.0255	0.0127	0.0128	0.0000	0.0000	0.0000	0.0000	0.0000	0.0000	0.0000	0.0000	0.0000	0.0000	0.0000	0.0000	0.0000	0.0000	0.0000	0.0000	0.0000	0.0000											
11	54	0.1326	5	0	1	0	0	0	0	0	0	N	N	N	N	N	N	N	N	N	N	N	N	0.0000	0.0000	0.0000	0.0000	0.0000	0.0000	0.0000	0.0000	0.0000	0.0000	0.0000	0.0000	0.0000	0.0000	0.0000	0.0000	0.0000	0.0000	0.0000	0.0000	1.0002	1.9998	2.9310	1.0017	0.0000	0.0000	0.0000	0.0000	0.0000	0.0000	0.0000	0.0000	0.0000	0.0000	0.0000	0.0000	0.0000	0.0000	0.0000	0.0000	0.0000	0.0000	0.0152	0.0131	0.0020	0.0011	0.0010	0.0001	0.0141	0.0121	0.0020	0.0163	0.0093	0.0071	0.0034	0.0028	0.0006	0.0130	0.0065	0.0065	0.0000	0.0000	0.0000	0.0000	0.0000	0.0000	0.0000	0.0000	0.0000	0.0000	0.0000	0.0000	0.0000	0.0000	0.0000	0.0000	0.0000	0.0000											
11	55	0.0746	4	0	1	0	0	0	0	0	0	N	N	N	N	N	N	N	N	N	N	N	N	inf	inf	inf	inf	inf	inf	0.0010	0.0011	0.0000	0.0118	0.0125	0.0000	0.0003	0.0004	0.0000	0.0000	0.0000	0.0000	0.0000	0.0000	0.0000	0.0000	0.0000	0.0000	0.0000	-0.0000	0.0000	1.0002	8.0033	2.9310	9.9473	0.0001	0.0001	0.0000	0.0000	0.0000	0.0000	0.0000	0.0000	0.0000	0.0000	0.0000	0.0000	0.0000	0.0000	0.0000	0.0000	0.0000	0.0000	0.0622	0.0538	0.0083	0.0035	0.0033	0.0002	0.0587	0.0505	0.0081	0.0996	0.0569	0.0426	0.0133	0.0120	0.0013	0.0862	0.0449	0.0413	inf	inf	0.0000	inf	inf	0.0000	inf	inf	0.0000	0.0000	0.0000	0.0000	0.0000	0.0000	0.0000	0.0000	0.0000	0.0000				
11	56	0.1578	10	0	2	0	0	0	0	0	0	N	Y	N	N	N	N	N	N	N	N	N	N	0.3195	0.2321	0.0000	0.7119	0.6362	5.7594	inf	0.0000	0.0005	0.0006	0.0000	0.0034	0.0036	0.0000	0.0000	0.0000	0.0000	0.0016	0.0026	0.0000	0.0048	0.0057	0.0000	0.0000	0.0000	0.0000	0.0000	0.0000	-0.0000	-0.0001	1.0002	5.0156	2.9310	9.5596	0.0000	0.0000	0.0000	0.0000	0.0000	0.0000	0.0000	0.0000	0.0000	0.0001	0.0001	0.0000	0.0001	0.0001	0.0000	0.0000	0.0000	0.0000	0.0383	0.0335	0.0048	0.0059	0.0055	0.0004	0.0324	0.0280	0.0045	0.0832	0.0529	0.0303	0.0284	0.0239	0.0045	0.0548	0.0290	0.0258	0.3195	0.2321	0.0000	0.7119	0.6362	0.0000	5.7594	inf	0.0000	0.0016	0.0026	0.0000	0.0048	0.0057	0.0000	0.0000	0.0000	0.0000	
11	57	0.1364	9	0	2	0	0	0	0	0	0	N	Y	N	N	N	N	N	N	N	N	N	N	0.0188	0.0087	0.0033	0.0384	0.0369	1.0455	0.0001	0.0000	0.0003	0.0008	0.0009	0.0000	0.0034	0.0036	0.0001	0.0000	0.0000	0.0000	0.0410	0.1014	0.0035	0.0876	0.0967	0.0001	0.0024	0.0012	0.0039	0.0019	0.0315	-0.0000	-0.0017	1.0002	5.2776	2.9310	4.9316	0.0000	0.0000	0.0000	0.0000	0.0000	0.0000	0.0000	0.0000	0.0000	0.0031	0.0030	0.0001	0.0030	0.0030	0.0000	0.0001	0.0000	0.0001	0.0523	0.0456	0.0066	0.0120	0.0113	0.0007	0.0403	0.0343	0.0059	0.0911	0.0637	0.0273	0.0340	0.0307	0.0032	0.0571	0.0330	0.0241	0.0226	0.0186	0.0033	0.0384	0.0369	1.0455	0.0001	0.0000	0.0003	0.0342	0.0473	0.0035	0.0876	0.0967	0.0001	0.0024	0.0012	0.0039
11	58	0.1084	8	0	1	0	0	0	0	0	0	N	N	N	N	N	N	N	N	N	N	N	N	0.0100	0.0089	0.0000	0.0587	0.0553	0.0000	0.0089	0.0009	0.0000	0.0010	0.0012	0.0000	0.0029	0.0031	0.0000	0.0009	0.0010	0.0000	0.1013	0.1310	0.0509	0.0494	0.0557	0.0012	0.0980	1.1421	0.0538	0.0003	0.6373	-0.0000	-0.0007	1.0002	6.4383	2.9310	5.2340	0.0001	0.0001	0.0000	0.0000	0.0000	0.0000	0.0000	0.0000	0.0000	0.0036	0.0022	0.0014	0.0007	0.0007	0.0000	0.0030	0.0016	0.0014	0.0492	0.0427	0.0065	0.0034	0.0032	0.0002	0.0458	0.0395	0.0063	0.0696	0.0418	0.0278	0.0134	0.0118	0.0015	0.0562	0.0300	0.0263	0.0195	0.0221	0.0000	0.0587	0.0553	0.0000	0.0166	0.0195	0.0000	0.0522	0.0531	0.0509	0.0494	0.0557	0.0012	0.0529	0.0520	0.0538
11	59	0.1001	7	0	1	0	0	0	0	0	0	N	N	N	N	N	N	N	N	N	N	N	N	0.0006	0.0073	0.0001	0.0111	0.0106	0.0000	0.0000	0.0000	0.0001	0.0000	0.0000	0.0000	0.0001	0.0001	0.0000	0.0000	0.0000	0.0000	0.0266	0.0025	0.0600	0.0061	0.0069	0.0001	0.0345	0.0009	0.0631	0.0425	17.0931	-0.0000	0.0002	1.0002	3.9043	2.9310	0.3762	0.0000	0.0000	0.0000	0.0000	0.0000	0.0000	0.0000	0.0000	0.0000	0.0007	0.0000	0.0006	0.0000	0.0000	0.0000	0.0007	0.0000	0.0006	0.0434	0.0385	0.0049	0.0104	0.0097	0.0007	0.0330	0.0288	0.0042	0.0258	0.0150	0.0108	0.0046	0.0041	0.0005	0.0212	0.0110	0.0103	0.0006	0.0073	0.0001	0.0111	0.0106	0.0000	0.0000	0.0000	0.0001	0.0266	0.0025	0.0600	0.0061	0.0069	0.0001	0.0310	0.0009	0.0631
11	60	0.1001	6	0	1	0	0	0	0	0	0	N	N	N	N	N	N	N	N	N	N	N	N	0.0120	0.0083	0.0472	0.0073	0.0073	0.0000	0.0148	inf	0.0615	0.0001	0.0000	0.0003	0.0001	0.0001	0.0000	0.0000	0.0000	0.0004	0.0045	0.0037	0.0058	0.0100	0.0108	0.0005	0.0029	0.0000	0.0061	0.9518	1.0000	0.0000	-0.0000	1.0002	1.5036	2.9310	0.1987	0.0000	0.0000	0.0000	0.0000	0.0000	0.0000	0.0000	0.0000	0.0000	0.0001	0.0000	0.0000	0.0000	0.0000	0.0000	0.0000	0.0000	0.0000	0.0251	0.0227	0.0024	0.0094	0.0087	0.0006	0.0158	0.0140	0.0018	0.0123	0.0075	0.0048	0.0028	0.0026	0.0002	0.0095	0.0049	0.0046	0.0120	0.0083	0.0472	0.0073	0.0073	0.0000	0.0148	inf	0.0615	0.0045	0.0037	0.0058	0.0100	0.0108	0.0005	0.0029	0.0000	0.0061
11	61	0.0940	5	0	1	0	0	0	0	0	0	N	N	N	N	N	N	N	N	N	N	N	N	1.2759	3.7176	0.0300	13.4062	12.9251	0.0000	0.0092	inf	0.0290	0.0016	0.0018	0.0001	0.0160	0.0166	0.0000	0.0000	0.0000	0.0001	0.0013	0.0005	0.0026	0.0012	0.0013	0.0002	0.0013	0.0000	0.0027	0.0065	2.9945	-0.0000	0.0000	1.0002	2.7181	2.9310	1.0102	0.0000	0.0000	0.0000	0.0000	0.0000	0.0000	0.0000	0.0000	0.0000	0.0000	0.0000	0.0000	0.0000	0.0000	0.0000	0.0000	0.0000	0.0000	0.0237	0.0206	0.0032	0.0024	0.0023	0.0001	0.0214	0.0183	0.0031	0.0296	0.0189	0.0108	0.0079	0.0073	0.0006	0.0218	0.0116	0.0102	1.2759	3.7176	0.0300	13.4062	12.9251	0.0000	0.0092	inf	0.0290	0.0013	0.0005	0.0026	0.0012	0.0013	0.0002	0.0013	0.0000	0.0027
11	62	0.0746	4	0	1	0	0	0	0	0	0	N	N	N	N	N	N	N	N	N	N	N	N	11.0311	12699.7699	15.0549	2239.1706	26508.1394	125.5991	4.5699	inf	14.6341	0.0020	0.0013	0.0070	0.0102	0.0103	0.0073	0.0010	0.0000	0.0070	0.0002	0.0000	0.0005	0.0000	0.0000	0.0001	0.0002	0.0000	0.0005	0.8226	3030.2902	0.0000	0.0000	1.0002	1.4525	2.9310	6.3634	0.0000	0.0000	0.0000	0.0000	0.0000	0.0000	0.0000	0.0000	0.0000	0.0000	0.0000	0.0000	0.0000	0.0000	0.0000	0.0000	0.0000	0.0000	0.0134	0.0116	0.0018	0.0015	0.0014	0.0000	0.0119	0.0102	0.0017	0.0503	0.0302	0.0201	0.0085	0.0079	0.0006	0.0418	0.0223	0.0195	11.0311	12699.7699	15.0549	2239.1706	26508.1394	125.5991	4.5699	inf	14.6341	0.0002	0.0000	0.0005	0.0000	0.0000	0.0001	0.0002	0.0000	0.0005
11	63	0.1540	7	1	2	0	1	0	0	0	0	N	Y	N	N	N	N	N	N	N	N	N	N	0.0000	0.0000	0.0000	0.0000	0.0000	0.0000	0.0000	0.0000	0.0000	0.0000	0.0000	0.0000	0.0000	0.0010	0.0000	0.0022	0.0000	0.0000	0.0000	0.0012	0.0000	0.0024	inf	0.0000	0.0000	1.0002	2.0000	2.9310	2.0002	0.0000	0.0000	0.0000	0.0000	0.0000	0.0000	0.0000	0.0000	0.0000	0.0000	0.0000	0.0000	0.0000	0.0000	0.0000	0.0000	0.0000	0.0000	0.0152	0.0132	0.0020	0.0021	0.0019	0.0002	0.0131	0.0113	0.0018	0.0205	0.0116	0.0089	0.0034	0.0029	0.0005	0.0171	0.0087	0.0084	0.0000	0.0000	0.0000	0.0000	0.0000	0.0000	0.0000	0.0000	0.0000	0.0010	0.0000	0.0022	0.0000	0.0000	0.0000	0.0012	0.0000	0.0024						
11	64	0.1696	11	0	2	0	1	0	0	0	0	N	Y	N	N	N	N	N	N	N	N	N	N	0.0000	0.0000	0.0000	0.0000	0.0000	0.0000	0.0000	0.0000	0.0000	0.0000	0.0000	0.0000	0.0000	0.0000	0.0000	0.0000	0.0000	0.0000	0.0000	0.0000	1.0002	2.0059	2.9310	4.8036	0.0000	0.0000	0.0000	0.0000	0.0000	0.0000	0.0000	0.0000	0.0000	0.0000	0.0000	0.0000	0.0000	0.0000	0.0000	0.0000	0.0000	0.0000	0.0153	0.0134	0.0020	0.0024	0.0022	0.0002	0.0130	0.0112	0.0018	0.0347	0.0201	0.0146	0.0068	0.0058	0.0009	0.0279	0.0143	0.0136	0.0000	0.0000	0.0000	0.0000	0.0000	0.0000	0.0000	0.0000	0.0000	0.0000	0.0000	0.0000	0.0000	0.0000	0.0000	0.0000	0.0000	0.0000											
11	65	0.1668	9	0	2	0	0	0	0	0	0	N	Y	N	N	N	N	N	N	N	N	N	N	0.0000	0.0000	0.0000	0.0000	0.0000	0.0000	0.0000	0.0000	0.0000	0.0000	0.0000	0.0000	0.0000	0.0000	0.0000	0.0082	0.0000	0.0189	0.0323	0.0000	0.4037	0.0017	0.0000	0.0034	inf	0.0000	0.0000	1.0002	0.9804	2.9310	0.2754	0.0000	0.0000	0.0000	0.0000	0.0000	0.0000	0.0000	0.0000	0.0000	0.0001	0.0000	0.0001	0.0000	0.0000	0.0000	0.0000	0.0000	0.0000	0.0079	0.0069	0.0010	0.0013	0.0012	0.0001	0.0066	0.0057	0.0009	0.0073	0.0042	0.0032	0.0015	0.0014	0.0002	0.0058	0.0028	0.0030	0.0000	0.0000	0.0000	0.0000	0.0000	0.0000	0.0000	0.0000	0.0000	0.0082	0.0000	0.0189	0.0323	0.0000	0.2631	0.0017	0.0000	0.0034				
11	66	0.1647	10	0	1	1	1	0	0	0	0	N	N	N	N	N	N	N	N	N	N	N	N	0.0000	0.0000	0.0000	0.0000	0.0000	0.0000	0.0000	0.0000	0.0000	0.0000	0.0000	0.0000	0.0000	0.0000	0.0000	0.0000	0.0000	0.0000	0.0000	0.0000	1.0002	0.9437	2.9310	4.8091	0.0000	0.0000	0.0000	0.0000	0.0000	0.0000	0.0000	0.0000	0.0000	0.0000	0.0000	0.0000	0.0000	0.0000	0.0000	0.0000	0.0000	0.0000	0.0100	0.0087	0.0013	0.0027	0.0025	0.0002	0.0073	0.0062	0.0011	0.0303	0.0176	0.0126	0.0060	0.0052	0.0008	0.0243	0.0125	0.0118	0.0000	0.0000	0.0000	0.0000	0.0000	0.0000	0.0000	0.0000	0.0000	0.0000	0.0000	0.0000	0.0000	0.0000	0.0000	0.0000	0.0000	0.0000											
11	67	0.1576	9	0	1	1	1	0	0	0	0	N	N	N	N	N	N	N	N	N	N	N	N	0.0000	0.0000	0.0000	0.0000	0.0000	0.0000	0.0000	0.0000	0.0000	0.0000	0.0000	0.0000	0.0000	0.0000	0.0000	0.0000	0.0000	0.0000	0.0000	0.0000	1.0002	4.0088	2.9310	5.0246	0.0000	0.0000	0.0000	0.0000	0.0000	0.0000	0.0000	0.0000	0.0000	0.0000	0.0000	0.0000	0.0000	0.0000	0.0000	0.0000	0.0000	0.0000	0.0301	0.0262	0.0039	0.0042	0.0039	0.0003	0.0259	0.0223	0.0036	0.0458	0.0261	0.0197	0.0079	0.0067	0.0012	0.0379	0.0194	0.0185	0.0000	0.0000	0.0000	0.0000	0.0000	0.0000	0.0000	0.0000	0.0000	0.0000	0.0000	0.0000	0.0000	0.0000	0.0000	0.0000	0.0000	0.0000											
11	68	0.1696	11	0	1	1	1	0	0	0	0	N	N	N	N	N	N	N	N	N	N	N	N	0.0000	0.0000	0.0000	0.0000	0.0000	0.0000	0.0000	0.0000	0.0000	0.0000	0.0000	0.0000	0.0000	0.0000	0.0000	0.0000	0.0000	0.0000	0.0000	0.0000	1.0002	1.0064	2.9310	4.2000	0.0000	0.0000	0.0000	0.0000	0.0000	0.0000	0.0000	0.0000	0.0000	0.0000	0.0000	0.0000	0.0000	0.0000	0.0000	0.0000	0.0000	0.0000	0.0078	0.0068	0.0010	0.0012	0.0011	0.0001	0.0066	0.0056	0.0009	0.0270	0.0157	0.0113	0.0054	0.0046	0.0007	0.0216	0.0111	0.0106	0.0000	0.0000	0.0000	0.0000	0.0000	0.0000	0.0000	0.0000	0.0000	0.0000	0.0000	0.0000	0.0000	0.0000	0.0000	0.0000	0.0000	0.0000											
11	69	0.1647	10	0	1	0	1	0	0	0	0	N	N	N	N	N	N	N	N	N	N	N	N	0.0000	0.0000	0.0000	0.0000	0.0000	0.0000	0.0000	0.0000	0.0000	0.0000	0.0000	0.0000	0.0000	0.0000	0.0000	0.0000	0.0000	0.0000	0.0000	0.0000	1.0002	1.2889	2.9310	0.3511	0.0000	0.0000	0.0000	0.0000	0.0000	0.0000	0.0000	0.0000	0.0000	0.0000	0.0000	0.0000	0.0000	0.0000	0.0000	0.0000	0.0000	0.0000	0.0126	0.0110	0.0017	0.0031	0.0029	0.0002	0.0095	0.0081	0.0015	0.0098	0.0059	0.0039	0.0022	0.0020	0.0002	0.0076	0.0039	0.0037	0.0000	0.0000	0.0000	0.0000	0.0000	0.0000	0.0000	0.0000	0.0000	0.0000	0.0000	0.0000	0.0000	0.0000	0.0000	0.0000	0.0000	0.0000											
11	70	0.1576	9	0	1	0	1	0	0	0	0	N	N	N	N	N	N	N	N	N	N	N	N	0.0000	0.0000	0.0000	0.0000	0.0000	0.0000	0.0000	0.0000	0.0000	0.0000	0.0000	0.0000	0.0000	0.0000	0.0000	0.0000	0.0000	0.0000	0.0000	0.0000	1.0002	0.7777	2.9310	1.1718	0.0000	0.0000	0.0000	0.0000	0.0000	0.0000	0.0000	0.0000	0.0000	0.0000	0.0000	0.0000	0.0000	0.0000	0.0000	0.0000	0.0000	0.0000	0.0060	0.0052	0.0008	0.0009	0.0008	0.0001	0.0051	0.0044	0.0007	0.0109	0.0063	0.0046	0.0021	0.0018	0.0003	0.0088	0.0045	0.0043	0.0000	0.0000	0.0000	0.0000	0.0000	0.0000	0.0000	0.0000	0.0000	0.0000	0.0000	0.0000	0.0000	0.0000	0.0000	0.0000	0.0000	0.0000											
11	71	0.1540	8	0	1	0	1	0	0	0	0	N	N	N	N	N	N	N	N	N	N	N	N	0.0000	0.0000	0.0000	0.0000	0.0000	0.0000	0.0000	0.0000	0.0000	0.0000	0.0000	0.0000	0.0000	0.0037	0.0000	0.0086	0.0000	0.0000	0.0000	0.0045	0.0000	0.0092	inf	0.0000	0.0000	1.0002	0.9929	2.9310	0.0325	0.0000	0.0000	0.0000	0.0000	0.0000	0.0000	0.0000	0.0000	0.0000	0.0000	0.0000	0.0000	0.0000	0.0000	0.0000	0.0000	0.0000	0.0000	0.0076	0.0066	0.0010	0.0011	0.0010	0.0001	0.0065	0.0056	0.0009	0.0053	0.0030	0.0023	0.0009	0.0008	0.0001	0.0045	0.0023	0.0022	0.0000	0.0000	0.0000	0.0000	0.0000	0.0000	0.0000	0.0000	0.0000	0.0037	0.0000	0.0086	0.0000	0.0000	0.0000	0.0045	0.0000	0.0092						
11	72	0.1991	7	1	2	0	0	0	0	0	0	N	Y	N	N	N	N	N	N	N	N	N	N	0.0000	0.0000	0.0000	0.0000	0.0000	0.0000	0.0000	0.0000	0.0000	0.0000	0.0000	0.0000	0.0000	0.0000	0.0000	0.0000	0.0000	0.0000	0.0000	0.0000	1.0002	0.0000	2.9310	0.0001	0.0000	0.0000	0.0000	0.0000	0.0000	0.0000	0.0000	0.0000	0.0000	0.0000	0.0000	0.0000	0.0000	0.0000	0.0000	0.0000	0.0000	0.0000	0.0000	0.0000	0.0000	0.0000	0.0000	0.0000	0.0000	0.0000	0.0000	0.0000	0.0000	0.0000	0.0000	0.0000	0.0000	0.0000	0.0000	0.0000	0.0000	0.0000	0.0000	0.0000	0.0000	0.0000	0.0000	0.0000	0.0000	0.0000	0.0000	0.0000	0.0000	0.0000	0.0000	0.0000	0.0000	0.0000											
11	73	0.1358	6	1	2	0	0	0	0	0	0	N	Y	N	N	N	N	N	N	N	N	N	N	0.0000	0.0000	0.0000	0.0000	0.0000	0.0000	0.0000	0.0000	0.0000	0.0000	0.0000	0.0000	0.0000	0.0000	0.0000	0.0527	0.3164	0.0000	0.4407	0.4732	0.0000	0.0000	0.0000	0.0000	0.0000	0.0000	-0.0000	-0.0020	1.0002	9.9619	2.9310	7.0378	0.0000	0.0000	0.0000	0.0000	0.0000	0.0000	0.0000	0.0000	0.0000	0.0034	0.0034	0.0000	0.0034	0.0034	0.0000	0.0000	0.0000	0.0000	0.0737	0.0642	0.0095	0.0094	0.0086	0.0008	0.0644	0.0556	0.0087	0.0831	0.0470	0.0362	0.0128	0.0109	0.0019	0.0703	0.0361	0.0342	0.0000	0.0000	0.0000	0.0000	0.0000	0.0000	0.0000	0.0000	0.0000	0.0406	0.0719	0.0000	0.2633	0.3103	0.0000	0.0000	0.0000	0.0000			
11	74	0.1476	6	0	2	0	0	0	0	0	0	N	Y	N	N	N	N	N	N	N	N	N	N	0.0009	0.0000	15.9550	0.0000	0.0000	0.0000	7.8271	27.5833	0.0000	0.0000	0.0000	0.0000	0.0000	0.0000	0.0000	0.0000	0.0000	0.0008	0.0015	0.0000	0.0059	0.0068	0.0000	0.0000	0.0000	0.0000	inf	0.0002	0.0000	-0.0000	1.0002	7.0442	2.9310	2.0273	0.0000	0.0000	0.0000	0.0000	0.0000	0.0000	0.0000	0.0000	0.0000	0.0000	0.0000	0.0000	0.0000	0.0000	0.0000	0.0000	0.0000	0.0000	0.0635	0.0556	0.0079	0.0127	0.0119	0.0008	0.0507	0.0437	0.0070	0.0458	0.0257	0.0201	0.0065	0.0056	0.0009	0.0393	0.0201	0.0192	0.0009	0.0000	15.9550	0.0000	0.0000	0.0000	7.8271	0.0000	27.5833	0.0008	0.0015	0.0000	0.0059	0.0068	0.0000	0.0000	0.0000	0.0000	
11	75	0.1237	5	0	2	0	0	0	0	0	0	N	Y	N	N	N	N	N	N	N	N	N	N	0.0013	0.0012	0.0000	0.0020	0.0018	0.0000	0.0002	0.0003	0.0000	0.0000	0.0000	0.0000	0.0000	0.0000	0.0000	0.0000	0.0000	0.0000	0.0022	0.0026	0.0017	0.0078	0.0092	0.0001	0.0012	0.0006	0.0017	0.0043	0.4759	-0.0000	-0.0000	1.0002	4.3369	2.9310	3.0972	0.0000	0.0000	0.0000	0.0000	0.0000	0.0000	0.0000	0.0000	0.0000	0.0001	0.0001	0.0000	0.0000	0.0000	0.0000	0.0000	0.0000	0.0000	0.0404	0.0355	0.0049	0.0071	0.0068	0.0003	0.0333	0.0287	0.0046	0.0391	0.0222	0.0169	0.0062	0.0053	0.0009	0.0329	0.0169	0.0160	0.0013	0.0012	0.0000	0.0020	0.0018	0.0000	0.0002	0.0003	0.0000	0.0022	0.0026	0.0017	0.0078	0.0092	0.0001	0.0012	0.0006	0.0017
11	76	0.2110	10	1	2	0	0	0	0	0	0	N	Y	N	N	N	N	N	N	N	N	N	N	inf	inf	inf	inf	inf	inf	49.3072	56.2923	0.0000	0.0031	0.0034	0.0000	58.4828	67.5150	0.0000	0.0000	0.0000	0.0000	0.0000	0.0000	0.0000	0.0000	0.0000	0.0000	0.0000	-0.3636	0.0000	1.0002	1.9992	2.9310	0.0055	0.9994	0.9994	0.0000	0.0000	0.0000	0.0000	0.9994	0.9994	0.0000	0.0000	0.0000	0.0000	0.0000	0.0000	0.0000	0.0000	0.0000	0.0000	0.0203	0.0178	0.0025	0.0032	0.0030	0.0002	0.0171	0.0148	0.0023	0.0141	0.0080	0.0060	0.0023	0.0020	0.0003	0.0118	0.0061	0.0057	inf	inf	0.0000	inf	inf	0.0000	inf	inf	0.0000	0.0000	0.0000	0.0000	0.0000	0.0000	0.0000	0.0000	0.0000	0.0000				
11	77	0.1668	9	1	2	0	0	0	0	0	0	N	Y	N	N	N	N	N	N	N	N	N	N	inf	inf	inf	inf	0.0161	0.0185	0.0000	0.0000	0.0000	0.0000	0.0188	0.0218	0.0000	0.0000	0.0000	0.0000	0.0000	0.0000	0.0000	0.0000	0.0000	0.0000	0.0000	-0.0002	0.0000	1.0002	5.0219	2.9310	2.0148	0.0006	0.0006	0.0000	0.0000	0.0000	0.0000	0.0006	0.0006	0.0000	0.0000	0.0000	0.0000	0.0000	0.0000	0.0000	0.0000	0.0000	0.0000	0.0379	0.0330	0.0048	0.0055	0.0051	0.0004	0.0324	0.0280	0.0044	0.0362	0.0205	0.0157	0.0065	0.0055	0.0010	0.0297	0.0150	0.0147	inf	inf	0.0000	0.0000	0.0000	0.0000	inf	inf	0.0000	0.0000	0.0000	0.0000	0.0000	0.0000	0.0000	0.0000	0.0000	0.0000						
11	78	0.1540	8	0	2	0	0	0	0	0	0	N	Y	N	N	N	N	N	N	N	N	N	N	0.0000	0.0000	0.0000	0.0000	0.0000	0.0000	0.0000	0.0000	0.0000	0.0000	0.0000	0.0000	0.0000	0.0000	0.0000	0.0000	0.0042	0.0055	0.0024	0.0187	0.0223	0.0000	0.0012	0.0000	0.0025	0.3333	0.0000	-0.0000	1.0002	1.0203	2.9310	2.7327	0.0000	0.0000	0.0000	0.0000	0.0000	0.0000	0.0000	0.0000	0.0000	0.0001	0.0001	0.0000	0.0001	0.0001	0.0000	0.0000	0.0000	0.0000	0.0078	0.0068	0.0010	0.0011	0.0010	0.0001	0.0067	0.0058	0.0009	0.0193	0.0109	0.0084	0.0032	0.0027	0.0005	0.0160	0.0082	0.0079	0.0000	0.0000	0.0000	0.0000	0.0000	0.0000	0.0000	0.0000	0.0000	0.0042	0.0055	0.0024	0.0187	0.0223	0.0000	0.0012	0.0000	0.0025			
11	79	0.1540	7	0	1	0	0	0	0	0	0	N	N	N	N	N	N	N	N	N	N	N	N	0.0000	0.0000	0.0000	0.0000	0.0000	0.0000	0.0000	0.0000	0.0000	0.0000	0.0000	0.0000	0.0000	0.0000	0.0000	0.0000	2.1164	2.6855	5.8468	7.9531	6.7758	0.0000	1.9690	0.0000	4.6694	1.0000	0.0000	-0.0000	1.0002	0.0000	2.9310	0.0018	0.0000	0.0000	0.0000	0.0000	0.0000	0.0000	0.0000	0.0000	0.0000	0.0000	0.0000	0.0000	0.0000	0.0000	0.0000	0.0000	0.0000	0.0000	0.0000	0.0000	0.0000	0.0000	0.0000	0.0000	0.0000	0.0000	0.0000	0.0000	0.0000	0.0000	0.0000	0.0000	0.0000	0.0000	0.0000	0.0000	0.0000	0.0000	0.0000	0.0000	0.0000	0.0000	0.0000	0.0000	0.0000	1.4436	1.0529	2.2953	1.8873	1.9352	0.0000	1.1689	0.0000	2.3666			
11	80	0.1358	6	0	1	0	0	0	0	0	0	N	N	N	N	N	N	N	N	N	N	N	N	0.0000	0.0000	0.0000	0.0000	0.0001	0.0000	0.0000	0.0000	0.0000	0.0000	0.0000	0.0000	0.0000	0.0000	0.0000	0.0000	0.0000	37.2100	0.0012	316.2205	0.0113	0.0051	0.0474	44.3355	0.0000	344.9616	0.0000	53376.7336	-0.0000	0.4096	1.0002	3.0825	2.9310	2.0124	0.0000	0.0000	0.0000	0.0000	0.0000	0.0000	0.0000	0.0000	0.0000	0.9968	0.0000	0.9968	0.0000	0.0000	0.0000	0.9968	0.0000	0.9968	0.0245	0.0214	0.0031	0.0034	0.0031	0.0003	0.0211	0.0182	0.0029	0.0268	0.0152	0.0116	0.0043	0.0037	0.0006	0.0225	0.0115	0.0110	0.0000	0.0000	0.0000	0.0000	0.0001	0.0000	0.0000	0.0000	0.0000	37.2100	0.0012	85.7062	0.0113	0.0051	0.0474	44.3355	0.0000	90.6316	
11	81	0.1237	5	0	1	0	0	0	0	0	0	N	N	N	N	N	N	N	N	N	N	N	N	0.0000	0.0003	0.0000	0.0007	0.0006	0.0000	0.0000	0.0000	0.0000	0.0000	0.0000	0.0000	0.0000	0.0000	0.0000	0.0000	0.0000	0.0000	1.0632	0.0067	0.8181	0.0144	0.0167	0.0002	1.2282	0.0064	0.7083	0.0212	40.2922	-0.0000	0.0013	1.0002	3.6751	2.9310	0.0788	0.0000	0.0000	0.0000	0.0000	0.0000	0.0000	0.0000	0.0000	0.0000	0.0033	0.0001	0.0032	0.0000	0.0000	0.0000	0.0032	0.0000	0.0032	0.0355	0.0313	0.0043	0.0066	0.0064	0.0003	0.0289	0.0249	0.0040	0.0205	0.0117	0.0088	0.0034	0.0029	0.0005	0.0171	0.0088	0.0083	0.0000	0.0003	0.0000	0.0007	0.0006	0.0000	0.0000	0.0001	0.0000	0.1591	0.0067	0.3624	0.0144	0.0167	0.0002	0.1879	0.0034	0.3834
11	82	0.0746	4	0	1	0	0	0	0	0	0	N	N	N	N	N	N	N	N	N	N	N	N	1.9910	2255.0685	0.0010	1955.5441	6974.6991	0.0000	0.4286	6017.6903	0.0010	0.0012	0.0014	0.0000	0.0169	0.0179	0.0000	0.0003	0.0004	0.0000	0.0006	0.0000	0.0014	0.0000	0.0000	0.0001	0.0007	0.0000	0.0015	0.0002	1693.7526	-0.0000	0.0000	1.0002	8.5011	2.9310	5.2406	0.0001	0.0001	0.0000	0.0001	0.0001	0.0000	0.0000	0.0000	0.0000	0.0000	0.0000	0.0000	0.0000	0.0000	0.0000	0.0000	0.0000	0.0000	0.0657	0.0569	0.0088	0.0036	0.0034	0.0002	0.0621	0.0535	0.0086	0.0797	0.0462	0.0336	0.0114	0.0104	0.0010	0.0683	0.0358	0.0326	1.9910	2255.0685	0.0010	1955.5441	6974.6991	0.0000	0.4286	6017.6903	0.0010	0.0006	0.0000	0.0014	0.0000	0.0000	0.0001	0.0007	0.0000	0.0015
11	83	0.0362	3	0	1	0	0	0	0	0	0	N	N	N	N	N	N	N	N	N	N	N	N	0.1036	0.0645	0.0000	0.1295	0.1363	0.0000	0.0000	0.0004	0.0004	0.0000	0.0072	0.0077	0.0000	0.0000	0.0000	0.0000	0.0038	0.0070	0.0000	0.0559	0.0563	0.0000	0.0000	0.0000	0.0000	0.0000	0.0001	-0.0000	-0.0001	1.0002	6.1951	2.9310	5.5672	0.0000	0.0000	0.0000	0.0000	0.0000	0.0000	0.0000	0.0000	0.0000	0.0002	0.0002	0.0000	0.0002	0.0002	0.0000	0.0000	0.0000	0.0000	0.0497	0.0431	0.0066	0.0027	0.0025	0.0002	0.0470	0.0406	0.0065	0.0659	0.0355	0.0303	0.0044	0.0044	0.0000	0.0614	0.0311	0.0303	0.1036	0.0645	0.0000	0.1295	0.1363	0.0000	0.0000	0.0000	0.0000	0.0038	0.0070	0.0000	0.0559	0.0563	0.0000	0.0000	0.0000	0.0000		
12	13	0.0249	2	0	1	0	0	0	0	0	0	N	N	N	N	N	N	N	N	N	N	N	N	0.0022	0.0000	0.0000	0.0000	0.0000	0.0000	0.0000	0.0000	0.0000	0.0001	0.0000	0.0000	0.0000	0.0000	0.0000	0.0000	0.0000	0.0000	0.0313	0.0283	0.0443	0.0431	0.0429	0.0835	0.0241	0.0000	0.0441	0.9988	0.0000	-0.0000	0.0003	3.9729	0.1375	5.4895	0.0000	0.0000	0.0000	0.0000	0.0000	0.0000	0.0000	0.0000	0.0000	0.0002	0.0001	0.0001	0.0001	0.0001	0.0000	0.0001	0.0000	0.0001	0.0000	0.0000	0.0000	0.0000	0.0000	0.0000	0.0000	0.0000	0.0000	0.0060	0.0039	0.0021	0.0022	0.0022	0.0000	0.0038	0.0017	0.0021	0.0022	0.0000	0.0000	0.0000	0.0000	0.0000	0.0000	0.0000	0.0000	0.0310	0.0239	0.0443	0.0431	0.0429	0.0835	0.0241	0.0000	0.0441	
12	14	0.1213	5	1	1	0	0	0	0	0	0	N	N	N	N	N	N	N	N	N	N	N	N	0.0000	0.0000	0.0000	0.0000	0.0000	0.0000	0.0000	0.0000	0.0000	0.0000	0.0000	0.0000	0.0000	0.0000	0.0000	0.0000	0.0000	0.0000	0.0000	0.0000	0.0003	10.0000	0.1375	6.0013	0.0000	0.0000	0.0000	0.0000	0.0000	0.0000	0.0000	0.0000	0.0000	0.0000	0.0000	0.0000	0.0000	0.0000	0.0000	0.0000	0.0000	0.0000	0.0000	0.0000	0.0000	0.0000	0.0000	0.0000	0.0000	0.0000	0.0000	0.0091	0.0061	0.0030	0.0037	0.0036	0.0001	0.0054	0.0025	0.0029	0.0000	0.0000	0.0000	0.0000	0.0000	0.0000	0.0000	0.0000	0.0000	0.0000	0.0000	0.0000	0.0000	0.0000	0.0000	0.0000	0.0000	0.0000											
12	17	0.1726	10	1	1	0	0	0	0	0	0	N	N	N	N	N	N	N	N	N	N	N	N	0.0000	0.0000	0.0000	0.0000	0.0000	0.0000	0.0000	0.0000	0.0000	0.0000	0.0000	0.0000	0.0000	0.0000	0.0000	0.0000	0.0000	0.0000	0.0000	0.0000	0.0003	0.9996	0.1375	1.7768	0.0000	0.0000	0.0000	0.0000	0.0000	0.0000	0.0000	0.0000	0.0000	0.0000	0.0000	0.0000	0.0000	0.0000	0.0000	0.0000	0.0000	0.0000	0.0000	0.0000	0.0000	0.0000	0.0000	0.0000	0.0000	0.0000	0.0000	0.0017	0.0011	0.0006	0.0007	0.0007	0.0000	0.0010	0.0005	0.0006	0.0000	0.0000	0.0000	0.0000	0.0000	0.0000	0.0000	0.0000	0.0000	0.0000	0.0000	0.0000	0.0000	0.0000	0.0000	0.0000	0.0000	0.0000											
12	18	0.1441	8	0	1	0	0	0	0	0	0	N	N	N	N	N	N	N	N	N	N	N	N	0.0000	0.0000	0.0000	0.0000	0.0000	0.0000	0.0000	0.0000	0.0000	0.0000	0.0000	0.0000	0.0000	0.0000	0.0000	0.0000	0.0000	0.0000	0.0000	0.0000	0.0000	0.0000	0.0000	0.0000	0.0000	1.0000	0.0000	-0.0000	0.0003	4.7641	0.1375	2.0666	0.0000	0.0000	0.0000	0.0000	0.0000	0.0000	0.0000	0.0000	0.0000	0.0000	0.0000	0.0000	0.0000	0.0000	0.0000	0.0000	0.0000	0.0000	0.0000	0.0000	0.0000	0.0000	0.0000	0.0000	0.0000	0.0000	0.0000	0.0042	0.0028	0.0014	0.0018	0.0017	0.0001	0.0024	0.0011	0.0013	0.0000	0.0000	0.0000	0.0000	0.0000	0.0000	0.0000	0.0000	0.0000	0.0000	0.0000	0.0000	0.0000	0.0000	0.0000	0.0000	0.0000	0.0000			
12	19	0.1267	7	0	1	0	0	0	0	0	0	N	N	N	N	N	N	N	N	N	N	N	N	0.0000	0.0000	0.0000	0.0000	0.0000	0.0000	0.0000	0.0000	0.0000	0.0000	0.0000	0.0000	0.0000	0.0000	0.0000	0.0000	0.0000	0.0000	0.0004	0.0003	0.0006	0.0005	0.0005	0.0006	0.0003	0.0000	0.0006	0.9923	0.0000	-0.0000	0.0003	1.4176	0.1375	5.1148	0.0000	0.0000	0.0000	0.0000	0.0000	0.0000	0.0000	0.0000	0.0000	0.0000	0.0000	0.0000	0.0000	0.0000	0.0000	0.0000	0.0000	0.0000	0.0000	0.0000	0.0000	0.0000	0.0000	0.0000	0.0000	0.0000	0.0000	0.0041	0.0028	0.0013	0.0017	0.0017	0.0001	0.0024	0.0011	0.0013	0.0000	0.0000	0.0000	0.0000	0.0000	0.0000	0.0000	0.0000	0.0000	0.0004	0.0003	0.0006	0.0005	0.0005	0.0006	0.0003	0.0000	0.0006	
12	20	0.1674	9	0	1	1	1	0	0	0	0	N	N	N	N	N	N	N	N	N	N	N	N	0.0000	0.0000	0.0000	0.0000	0.0000	0.0000	0.0000	0.0000	0.0000	0.0000	0.0000	0.0000	0.0000	0.0000	0.0000	0.0000	0.0000	0.0000	0.0000	0.0000	0.0003	0.0000	0.1375	0.0000	0.0000	0.0000	0.0000	0.0000	0.0000	0.0000	0.0000	0.0000	0.0000	0.0000	0.0000	0.0000	0.0000	0.0000	0.0000	0.0000	0.0000	0.0000	0.0000	0.0000	0.0000	0.0000	0.0000	0.0000	0.0000	0.0000	0.0000	0.0000	0.0000	0.0000	0.0000	0.0000	0.0000	0.0000	0.0000	0.0000	0.0000	0.0000	0.0000	0.0000	0.0000	0.0000	0.0000	0.0000	0.0000	0.0000	0.0000	0.0000	0.0000	0.0000	0.0000	0.0000	0.0000	0.0000											
12	21	0.1239	8	0	0	0	1	0	0	0	0	N	N	N	N	N	N	N	N	N	N	N	N	33459.8513	51653.0030	0.0000	47642.2725	49447.8124	0.0000	28757.2550	4268044.6634	0.0000	4.5239	5.1870	0.0000	8.3669	8.4990	0.0000	3.1000	3.7324	0.0000	0.0001	0.0001	0.0002	0.0002	0.0002	0.0003	0.0001	0.0000	0.0002	0.0000	0.9908	-0.0000	-0.0000	0.0003	6.0371	0.1375	11.7316	0.0001	0.0001	0.0000	0.0001	0.0001	0.0000	0.0001	0.0001	0.0000	0.0000	0.0000	0.0000	0.0000	0.0000	0.0000	0.0000	0.0000	0.0000	0.0000	0.0000	0.0000	0.0000	0.0000	0.0000	0.0000	0.0000	0.0000	0.0100	0.0068	0.0033	0.0041	0.0040	0.0001	0.0060	0.0028	0.0031	33459.8513	51653.0030	0.0000	47642.2725	49447.8124	0.0000	28757.2550	4268044.6634	0.0000	0.0001	0.0001	0.0002	0.0002	0.0002	0.0003	0.0001	0.0000	0.0002
12	22	0.0632	3	0	1	0	0	0	0	0	0	N	N	N	N	N	N	N	N	N	N	N	N	inf	inf	inf	inf	inf	inf	1.2052	1.7439	0.0000	1.6783	1.7040	0.0000	0.9373	1.7863	0.0000	0.0000	0.0000	0.0000	0.0000	0.0000	0.0000	0.0000	0.0000	0.0000	0.0000	-0.0000	0.0000	0.0003	11.9950	0.1375	7.9469	0.0001	0.0001	0.0000	0.0001	0.0001	0.0000	0.0001	0.0001	0.0000	0.0000	0.0000	0.0000	0.0000	0.0000	0.0000	0.0000	0.0000	0.0000	0.0001	0.0001	0.0000	0.0000	0.0000	0.0000	0.0001	0.0000	0.0000	0.0115	0.0077	0.0038	0.0043	0.0043	0.0001	0.0072	0.0034	0.0038	inf	inf	0.0000	inf	inf	0.0000	inf	inf	0.0000	0.0000	0.0000	0.0000	0.0000	0.0000	0.0000	0.0000	0.0000	0.0000				
12	23	0.1996	9	1	1	0	0	0	0	0	0	N	N	N	N	N	N	N	N	N	N	N	N	inf	inf	inf	inf	inf	inf	0.4765	0.3767	0.8464	0.6943	0.6000	0.9443	0.0000	0.0000	0.0000	0.0000	0.0000	0.0000	0.0000	0.0000	0.0000	0.0000	0.0000	0.0000	0.6064	0.0000	0.0000	0.0003	0.0013	0.1375	0.9984	0.0000	0.0000	0.0000	0.0000	0.0000	0.0000	0.0000	0.0000	0.0000	0.0000	0.0000	0.0000	0.0000	0.0000	0.0000	0.0000	0.0000	0.0000	0.0000	0.0000	0.0000	0.0000	0.0000	0.0000	0.0000	0.0000	0.0000	0.0010	0.0007	0.0003	0.0004	0.0004	0.0000	0.0006	0.0003	0.0003	inf	inf	inf	inf	inf	inf	0.0000	0.0000	0.0000	0.0000	0.0000	0.0000	0.0000	0.0000	0.0000	0.0000	0.0000	0.0000				
12	24	0.1462	10	0	1	0	1	0	0	0	0	N	N	N	N	N	N	N	N	N	N	N	N	0.0000	0.0000	0.0000	0.0000	0.0000	0.0000	0.0000	0.0000	0.0000	0.0000	0.0000	0.0000	0.0000	0.0000	0.0000	0.0000	0.0000	0.0000	0.0002	0.0001	0.0003	0.0002	0.0002	0.0005	0.0002	0.0000	0.0003	0.9908	0.0000	-0.0000	0.0003	6.0729	0.1375	6.2374	0.0000	0.0000	0.0000	0.0000	0.0000	0.0000	0.0000	0.0000	0.0000	0.0000	0.0000	0.0000	0.0000	0.0000	0.0000	0.0000	0.0000	0.0000	0.0000	0.0000	0.0000	0.0000	0.0000	0.0000	0.0000	0.0000	0.0000	0.0072	0.0049	0.0023	0.0029	0.0028	0.0001	0.0043	0.0020	0.0023	0.0000	0.0000	0.0000	0.0000	0.0000	0.0000	0.0000	0.0000	0.0000	0.0002	0.0001	0.0003	0.0002	0.0002	0.0005	0.0002	0.0000	0.0003	
12	25	0.0888	6	1	1	0	0	0	0	0	0	N	N	N	N	N	N	N	N	N	N	N	N	11.2349	9.6823	18.9857	11.2819	11.2243	inf	12.5312	inf	19.1545	0.3559	0.2710	0.9036	0.4597	0.4673	0.0378	0.3186	0.1870	0.9349	0.0317	0.0280	0.0476	0.0407	0.0416	0.0000	0.0254	0.0000	0.0488	0.5166	1.0000	-0.0000	-0.0000	0.0003	19.6128	0.1375	15.0566	0.0000	0.0000	0.0000	0.0000	0.0000	0.0000	0.0000	0.0000	0.0000	0.0006	0.0003	0.0003	0.0003	0.0003	0.0000	0.0003	0.0000	0.0003	0.0001	0.0001	0.0000	0.0000	0.0000	0.0000	0.0001	0.0001	0.0000	0.0179	0.0120	0.0059	0.0069	0.0067	0.0001	0.0110	0.0053	0.0057	11.3651	11.6156	18.9857	11.2819	11.2243	inf	12.5312	inf	19.1545	0.0313	0.0233	0.0476	0.0407	0.0416	0.0000	0.0254	0.0000	0.0488
12	26	0.2018	9	0	0	1	0	0	0	0	0	N	N	N	N	N	N	N	N	N	N	N	N	0.0000	0.0000	0.0000	0.0000	0.0000	0.0000	0.0000	0.0000	0.0000	0.0000	0.0000	0.0000	0.0000	0.0000	0.0000	0.0000	0.0000	0.0000	0.0000	0.0000	0.0003	0.0000	0.1375	0.0000	0.0000	0.0000	0.0000	0.0000	0.0000	0.0000	0.0000	0.0000	0.0000	0.0000	0.0000	0.0000	0.0000	0.0000	0.0000	0.0000	0.0000	0.0000	0.0000	0.0000	0.0000	0.0000	0.0000	0.0000	0.0000	0.0000	0.0000	0.0000	0.0000	0.0000	0.0000	0.0000	0.0000	0.0000	0.0000	0.0000	0.0000	0.0000	0.0000	0.0000	0.0000	0.0000	0.0000	0.0000	0.0000	0.0000	0.0000	0.0000	0.0000	0.0000	0.0000	0.0000	0.0000	0.0000											
12	27	0.1726	10	1	0	1	0	0	0	0	0	N	N	N	N	N	N	N	N	N	N	N	N	0.0000	0.0000	0.0000	0.0000	0.0000	0.0000	0.0000	0.0000	0.0000	0.0000	0.0000	0.0000	0.0000	0.0000	0.0000	0.0000	0.0000	0.0000	0.0000	0.0000	0.0003	6.0046	0.1375	3.2467	0.0000	0.0000	0.0000	0.0000	0.0000	0.0000	0.0000	0.0000	0.0000	0.0000	0.0000	0.0000	0.0000	0.0000	0.0000	0.0000	0.0000	0.0000	0.0000	0.0000	0.0000	0.0000	0.0000	0.0000	0.0000	0.0000	0.0000	0.0053	0.0036	0.0017	0.0021	0.0021	0.0000	0.0032	0.0015	0.0017	0.0000	0.0000	0.0000	0.0000	0.0000	0.0000	0.0000	0.0000	0.0000	0.0000	0.0000	0.0000	0.0000	0.0000	0.0000	0.0000	0.0000	0.0000											
12	28	0.1362	9	1	0	0	0	0	0	0	0	N	N	N	N	N	N	N	N	N	N	N	N	0.0000	0.0000	0.0000	0.0000	0.0000	0.0000	0.0000	0.0000	0.0000	0.0000	0.0000	0.0000	0.0000	0.0000	0.0000	0.0000	0.0000	0.0000	0.0002	0.0001	0.0002	0.0002	0.0002	0.0004	0.0001	0.0000	0.0002	0.9908	0.0000	-0.0000	0.0003	7.0330	0.1375	8.3476	0.0000	0.0000	0.0000	0.0000	0.0000	0.0000	0.0000	0.0000	0.0000	0.0000	0.0000	0.0000	0.0000	0.0000	0.0000	0.0000	0.0000	0.0000	0.0000	0.0000	0.0000	0.0000	0.0000	0.0000	0.0000	0.0000	0.0000	0.0088	0.0060	0.0029	0.0036	0.0035	0.0001	0.0053	0.0025	0.0028	0.0000	0.0000	0.0000	0.0000	0.0000	0.0000	0.0000	0.0000	0.0000	0.0002	0.0001	0.0002	0.0002	0.0002	0.0004	0.0001	0.0000	0.0002	
12	29	0.1462	10	0	1	0	1	0	0	0	0	N	N	N	N	N	N	N	N	N	N	N	N	0.0000	0.0000	0.0000	0.0000	0.0000	0.0000	0.0000	0.0000	0.0000	0.0000	0.0000	0.0000	0.0000	0.0000	0.0000	0.0000	0.0000	0.0000	0.0000	-0.0000	0.0003	12.7698	0.1375	10.8465	0.0000	0.0000	0.0000	0.0000	0.0000	0.0000	0.0000	0.0000	0.0000	0.0000	0.0000	0.0000	0.0000	0.0000	0.0000	0.0000	0.0000	0.0000	0.0001	0.0000	0.0000	0.0000	0.0000	0.0000	0.0000	0.0000	0.0000	0.0128	0.0086	0.0041	0.0051	0.0050	0.0001	0.0076	0.0036	0.0040	0.0000	0.0000	0.0000	0.0000	0.0000	0.0000	0.0000	0.0000	0.0000	0.0000	0.0000	0.0000	0.0000	0.0000	0.0000	0.0000	0.0000	0.0000											
12	30	0.1215	6	1	0	1	0	0	0	0	0	N	N	N	N	N	N	N	N	N	N	N	N	inf	inf	inf	inf	0.1791	0.2010	0.0000	0.0000	0.0000	0.0000	0.2969	0.3551	0.0000	0.0000	0.0000	0.0000	0.0000	0.0000	0.0000	0.0000	0.0000	0.0000	0.0000	-0.0000	0.0000	0.0003	11.8338	0.1375	5.9707	0.0000	0.0000	0.0000	0.0000	0.0000	0.0000	0.0000	0.0000	0.0000	0.0000	0.0000	0.0000	0.0000	0.0000	0.0000	0.0000	0.0000	0.0000	0.0001	0.0000	0.0000	0.0000	0.0000	0.0000	0.0000	0.0000	0.0000	0.0101	0.0067	0.0033	0.0041	0.0040	0.0001	0.0060	0.0028	0.0032	inf	inf	0.0000	0.0000	0.0000	0.0000	inf	inf	0.0000	0.0000	0.0000	0.0000	0.0000	0.0000	0.0000	0.0000	0.0000	0.0000						
12	31	0.1462	10	0	0	1	0	0	0	0	0	N	N	N	N	N	N	N	N	N	N	N	N	1409.7786	0.0000	7259.6218	0.0000	0.0000	0.0000	2466.5917	0.0000	7714.1886	0.3209	0.0000	2.5524	0.0000	0.0000	0.0000	0.4487	0.0000	2.6547	0.0002	0.0002	0.0004	0.0003	0.0003	0.0006	0.0002	0.0000	0.0003	inf	0.9908	0.0000	-0.0000	0.0003	6.9288	0.1375	3.0309	0.0000	0.0000	0.0000	0.0000	0.0000	0.0000	0.0000	0.0000	0.0000	0.0000	0.0000	0.0000	0.0000	0.0000	0.0000	0.0000	0.0000	0.0000	0.0000	0.0000	0.0000	0.0000	0.0000	0.0000	0.0000	0.0000	0.0000	0.0060	0.0040	0.0019	0.0024	0.0024	0.0001	0.0035	0.0017	0.0019	1409.7786	0.0000	7259.6218	0.0000	0.0000	0.0000	2466.5917	0.0000	7714.1886	0.0002	0.0002	0.0004	0.0003	0.0003	0.0006	0.0002	0.0000	0.0003
12	32	0.1362	9	0	0	0	0	0	0	0	0	N	N	N	N	N	N	N	N	N	N	N	N	0.0000	0.0000	0.0000	0.0000	0.0000	0.0000	0.0000	0.0000	0.0000	0.0000	0.0000	0.0000	0.0000	0.0000	0.0000	0.0000	0.0000	0.0000	0.0008	0.0006	0.0013	0.0010	0.0010	0.0013	0.0007	0.0000	0.0013	0.9485	0.0000	-0.0000	0.0003	1.8775	0.1375	3.1058	0.0000	0.0000	0.0000	0.0000	0.0000	0.0000	0.0000	0.0000	0.0000	0.0000	0.0000	0.0000	0.0000	0.0000	0.0000	0.0000	0.0000	0.0000	0.0000	0.0000	0.0000	0.0000	0.0000	0.0000	0.0000	0.0000	0.0000	0.0033	0.0022	0.0010	0.0013	0.0013	0.0000	0.0019	0.0009	0.0010	0.0000	0.0000	0.0000	0.0000	0.0000	0.0000	0.0000	0.0000	0.0000	0.0008	0.0006	0.0013	0.0010	0.0010	0.0013	0.0007	0.0000	0.0013	
12	33	0.1239	8	0	0	0	0	0	0	0	0	N	N	N	N	N	N	N	N	N	N	N	N	0.0000	0.0000	0.0000	0.0000	0.0000	0.0000	0.0000	0.0000	0.0000	0.0000	0.0000	0.0000	0.0000	0.0000	0.0000	0.0000	0.0000	0.0000	0.0007	0.0005	0.0010	0.0008	0.0008	0.0009	0.0006	0.0000	0.0010	0.9487	0.0000	-0.0000	0.0003	5.3867	0.1375	0.9197	0.0000	0.0000	0.0000	0.0000	0.0000	0.0000	0.0000	0.0000	0.0000	0.0000	0.0000	0.0000	0.0000	0.0000	0.0000	0.0000	0.0000	0.0000	0.0000	0.0000	0.0000	0.0000	0.0000	0.0000	0.0000	0.0000	0.0000	0.0040	0.0027	0.0013	0.0016	0.0016	0.0000	0.0024	0.0011	0.0012	0.0000	0.0000	0.0000	0.0000	0.0000	0.0000	0.0000	0.0000	0.0000	0.0007	0.0005	0.0010	0.0008	0.0008	0.0009	0.0006	0.0000	0.0010	
12	34	0.2071	10	0	1	0	0	0	0	0	0	N	N	N	N	N	N	N	N	N	N	N	N	0.0000	0.0000	0.0000	0.0000	0.0000	0.0000	0.0000	0.0000	0.0000	0.0000	0.0000	0.0000	0.0000	0.0000	0.0000	0.0000	0.0000	0.0000	0.0000	0.0000	0.0003	0.0019	0.1375	3.0025	0.0000	0.0000	0.0000	0.0000	0.0000	0.0000	0.0000	0.0000	0.0000	0.0000	0.0000	0.0000	0.0000	0.0000	0.0000	0.0000	0.0000	0.0000	0.0000	0.0000	0.0000	0.0000	0.0000	0.0000	0.0000	0.0000	0.0000	0.0004	0.0003	0.0002	0.0001	0.0001	0.0000	0.0003	0.0002	0.0002	0.0000	0.0000	0.0000	0.0000	0.0000	0.0000	0.0000	0.0000	0.0000	0.0000	0.0000	0.0000	0.0000	0.0000	0.0000	0.0000	0.0000	0.0000											
12	35	0.1877	6	1	1	0	0	0	0	0	0	N	N	N	N	N	N	N	N	N	N	N	N	0.0000	0.0000	0.0000	0.0000	0.0000	0.0000	0.0000	0.0000	0.0000	0.0000	0.0000	0.0000	0.0000	0.0000	0.0000	0.0000	0.0000	0.0000	0.0000	0.0000	0.0003	1.0000	0.1375	1.9999	0.0000	0.0000	0.0000	0.0000	0.0000	0.0000	0.0000	0.0000	0.0000	0.0000	0.0000	0.0000	0.0000	0.0000	0.0000	0.0000	0.0000	0.0000	0.0000	0.0000	0.0000	0.0000	0.0000	0.0000	0.0000	0.0000	0.0000	0.0018	0.0012	0.0006	0.0007	0.0007	0.0000	0.0011	0.0005	0.0006	0.0000	0.0000	0.0000	0.0000	0.0000	0.0000	0.0000	0.0000	0.0000	0.0000	0.0000	0.0000	0.0000	0.0000	0.0000	0.0000	0.0000	0.0000											
12	36	0.1524	6	0	1	1	0	0	0	0	0	N	N	N	N	N	N	N	N	N	N	N	N	6424.9249	5306.1720	11975.8999	6492.1897	6445.8391	0.0000	6405.7195	0.0000	12081.0464	8.7148	5.2316	26.0770	10.2015	10.4377	0.0000	7.6063	0.0000	27.6783	0.0014	0.0010	0.0022	0.0016	0.0016	0.0006	0.0012	0.0000	0.0023	1.0000	0.9965	0.0000	-0.0000	0.0003	3.0341	0.1375	5.2124	0.0002	0.0001	0.0001	0.0001	0.0001	0.0000	0.0001	0.0000	0.0001	0.0000	0.0000	0.0000	0.0000	0.0000	0.0000	0.0000	0.0000	0.0000	0.0000	0.0000	0.0000	0.0000	0.0000	0.0000	0.0000	0.0000	0.0000	0.0052	0.0036	0.0016	0.0023	0.0022	0.0001	0.0029	0.0014	0.0015	6424.9249	5306.1720	11975.8999	6492.1897	6445.8391	0.0000	6405.7195	0.0000	12081.0464	0.0014	0.0010	0.0022	0.0016	0.0016	0.0006	0.0012	0.0000	0.0023
12	37	0.1286	5	0	1	0	0	0	0	0	0	N	N	N	N	N	N	N	N	N	N	N	N	0.2767	0.2804	3.3094	1.1276	1.1230	0.0000	0.3680	0.0000	3.5078	0.0926	0.0521	0.4167	0.1160	0.1189	0.0000	0.0771	0.0000	0.4580	0.3347	0.1857	0.1259	0.1028	0.1059	0.0001	0.2094	0.0001	0.1306	1.0000	0.9993	0.0000	-0.0000	0.0003	3.0544	0.1375	4.8962	0.0000	0.0000	0.0000	0.0000	0.0000	0.0000	0.0000	0.0000	0.0000	0.0004	0.0002	0.0002	0.0002	0.0002	0.0000	0.0002	0.0000	0.0002	0.0000	0.0000	0.0000	0.0000	0.0000	0.0000	0.0000	0.0000	0.0000	0.0047	0.0032	0.0016	0.0019	0.0019	0.0001	0.0028	0.0013	0.0015	1.1043	0.8285	3.3094	1.1276	1.1230	0.0000	1.0888	0.0000	3.5078	0.0838	0.0629	0.1259	0.1028	0.1059	0.0001	0.0708	0.0001	0.1306
12	38	0.2071	10	0	0	1	0	0	0	0	0	N	N	N	N	N	N	N	N	N	N	N	N	0.0000	0.0000	0.0000	0.0000	0.0000	0.0000	0.0000	0.0000	0.0000	0.0000	0.0000	0.0000	0.0000	0.0000	0.0000	0.0000	0.0000	0.0000	0.0000	0.0000	0.0003	0.9992	0.1375	1.0069	0.0000	0.0000	0.0000	0.0000	0.0000	0.0000	0.0000	0.0000	0.0000	0.0000	0.0000	0.0000	0.0000	0.0000	0.0000	0.0000	0.0000	0.0000	0.0000	0.0000	0.0000	0.0000	0.0000	0.0000	0.0000	0.0000	0.0000	0.0003	0.0002	0.0001	0.0001	0.0001	0.0000	0.0002	0.0001	0.0001	0.0000	0.0000	0.0000	0.0000	0.0000	0.0000	0.0000	0.0000	0.0000	0.0000	0.0000	0.0000	0.0000	0.0000	0.0000	0.0000	0.0000	0.0000											
12	39	0.2018	9	0	0	0	0	0	0	0	0	N	N	N	N	N	N	N	N	N	N	N	N	0.0000	0.0000	0.0000	0.0000	0.0000	0.0000	0.0000	0.0000	0.0000	0.0000	0.0000	0.0000	0.0000	0.0000	0.0000	0.0000	0.0000	0.0000	0.0000	0.0000	0.0003	1.0008	0.1375	0.9987	0.0000	0.0000	0.0000	0.0000	0.0000	0.0000	0.0000	0.0000	0.0000	0.0000	0.0000	0.0000	0.0000	0.0000	0.0000	0.0000	0.0000	0.0000	0.0000	0.0000	0.0000	0.0000	0.0000	0.0000	0.0000	0.0000	0.0000	0.0003	0.0002	0.0001	0.0001	0.0001	0.0000	0.0002	0.0001	0.0001	0.0000	0.0000	0.0000	0.0000	0.0000	0.0000	0.0000	0.0000	0.0000	0.0000	0.0000	0.0000	0.0000	0.0000	0.0000	0.0000	0.0000	0.0000											
12	40	0.1239	8	0	0	0	0	0	0	0	0	N	N	N	N	N	N	N	N	N	N	N	N	0.0000	0.0000	0.0000	0.0000	0.0000	0.0000	0.0000	0.0000	0.0000	0.0000	0.0000	0.0000	0.0000	0.0000	0.0000	0.0000	0.0000	0.0000	0.0000	0.0000	0.0003	9.0374	0.1375	18.5287	0.0000	0.0000	0.0000	0.0000	0.0000	0.0000	0.0000	0.0000	0.0000	0.0000	0.0000	0.0000	0.0000	0.0000	0.0000	0.0000	0.0000	0.0000	0.0000	0.0000	0.0000	0.0000	0.0000	0.0000	0.0000	0.0000	0.0000	0.0146	0.0099	0.0047	0.0059	0.0057	0.0002	0.0087	0.0042	0.0046	0.0000	0.0000	0.0000	0.0000	0.0000	0.0000	0.0000	0.0000	0.0000	0.0000	0.0000	0.0000	0.0000	0.0000	0.0000	0.0000	0.0000	0.0000											
12	41	0.0970	7	0	0	0	0	0	0	0	0	N	N	N	N	N	N	N	N	N	N	N	N	0.7316	0.5658	1.8279	1.1850	1.1783	0.0000	0.5887	0.0000	1.8244	0.0023	0.0013	0.0088	0.0048	0.0048	0.0000	0.0015	0.0000	0.0090	0.0032	0.0023	0.0048	0.0040	0.0041	0.0012	0.0026	0.0000	0.0049	1.0000	0.9936	0.0000	-0.0000	0.0003	9.0369	0.1375	3.5648	0.0000	0.0000	0.0000	0.0000	0.0000	0.0000	0.0000	0.0000	0.0000	0.0000	0.0000	0.0000	0.0000	0.0000	0.0000	0.0000	0.0000	0.0000	0.0000	0.0000	0.0000	0.0000	0.0000	0.0000	0.0000	0.0000	0.0000	0.0077	0.0052	0.0025	0.0030	0.0029	0.0001	0.0046	0.0022	0.0024	0.7316	0.5658	1.8279	1.1850	1.1783	0.0000	0.5887	0.0000	1.8244	0.0032	0.0023	0.0048	0.0040	0.0041	0.0012	0.0026	0.0000	0.0049
12	42	0.0632	3	0	0	0	0	0	0	0	0	N	N	N	N	N	N	N	N	N	N	N	N	47.9637	22.5161	inf	55.2628	55.2742	43.7552	1.1455	inf	1.3649	1.6505	0.6177	2.0381	2.0682	0.0000	1.0237	1.2973	0.6289	0.0285	0.0733	0.0000	0.0369	0.0374	0.0000	0.0234	1.1325	0.0000	0.1431	0.0000	-0.0000	-0.0002	0.0003	17.0025	0.1375	6.0864	0.0002	0.0001	0.0000	0.0001	0.0001	0.0000	0.0001	0.0001	0.0000	0.0004	0.0004	0.0000	0.0002	0.0002	0.0000	0.0002	0.0002	0.0000	0.0001	0.0001	0.0000	0.0000	0.0000	0.0000	0.0001	0.0000	0.0000	0.0130	0.0087	0.0043	0.0049	0.0048	0.0001	0.0081	0.0039	0.0043	47.9637	38.7027	inf	55.2628	55.2742	0.0000	43.7552	26.3919	inf	0.0285	0.0426	0.0000	0.0369	0.0374	0.0000	0.0234	0.0492	0.0000	
12	44	0.0632	3	0	1	0	0	0	0	0	0	N	N	N	N	N	N	N	N	N	N	N	N	0.0000	0.0000	0.0000	0.0000	0.0000	0.0000	0.0000	0.0000	0.0000	0.0000	0.0000	0.0000	0.0000	0.0000	0.0000	0.0000	0.0000	0.0000	0.0000	0.0000	0.0003	6.9958	0.1375	11.8523	0.0000	0.0000	0.0000	0.0000	0.0000	0.0000	0.0000	0.0000	0.0000	0.0000	0.0000	0.0000	0.0000	0.0000	0.0000	0.0000	0.0000	0.0000	0.0001	0.0001	0.0000	0.0000	0.0000	0.0000	0.0000	0.0000	0.0000	0.0109	0.0073	0.0036	0.0041	0.0041	0.0001	0.0068	0.0032	0.0036	0.0000	0.0000	0.0000	0.0000	0.0000	0.0000	0.0000	0.0000	0.0000	0.0000	0.0000	0.0000	0.0000	0.0000	0.0000	0.0000	0.0000	0.0000											
12	45	0.0249	2	0	1	0	0	0	0	0	0	N	N	N	N	N	N	N	N	N	N	N	N	0.0012	0.0000	0.0000	0.0000	0.0000	0.0000	0.0000	0.0000	0.0000	0.0000	0.0000	0.0000	0.0000	0.0000	0.0000	0.0000	0.0000	0.0000	0.0126	0.0095	0.0186	0.0179	0.0178	0.0265	0.0097	0.0000	0.0186	0.9991	0.0000	-0.0000	0.0003	20.1318	0.1375	17.5118	0.0000	0.0000	0.0000	0.0000	0.0000	0.0000	0.0000	0.0000	0.0000	0.0002	0.0001	0.0001	0.0001	0.0001	0.0000	0.0001	0.0000	0.0001	0.0001	0.0001	0.0000	0.0000	0.0000	0.0000	0.0001	0.0001	0.0000	0.0194	0.0129	0.0066	0.0069	0.0068	0.0000	0.0126	0.0060	0.0065	0.0012	0.0000	0.0000	0.0000	0.0000	0.0000	0.0000	0.0000	0.0000	0.0126	0.0095	0.0186	0.0179	0.0178	0.0265	0.0097	0.0000	0.0186	
12	46	0.1250	8	0	1	0	0	0	0	0	0	N	N	N	N	N	N	N	N	N	N	N	N	0.0000	0.0000	0.0000	0.0000	0.0000	0.0000	0.0000	0.0000	0.0000	0.0000	0.0000	0.0000	0.0000	0.0000	0.0000	0.0000	0.0000	0.0000	0.0000	0.0000	0.0003	15.0410	0.1375	10.9147	0.0000	0.0000	0.0000	0.0000	0.0000	0.0000	0.0000	0.0000	0.0000	0.0000	0.0000	0.0000	0.0000	0.0000	0.0000	0.0000	0.0000	0.0000	0.0001	0.0001	0.0000	0.0000	0.0000	0.0000	0.0000	0.0000	0.0000	0.0151	0.0104	0.0047	0.0065	0.0062	0.0002	0.0086	0.0042	0.0044	0.0000	0.0000	0.0000	0.0000	0.0000	0.0000	0.0000	0.0000	0.0000	0.0000	0.0000	0.0000	0.0000	0.0000	0.0000	0.0000	0.0000	0.0000											
12	47	0.1267	7	1	0	1	0	0	0	0	0	N	N	N	N	N	N	N	N	N	N	N	N	0.0000	0.0000	0.0000	0.0000	0.0000	0.0000	0.0000	0.0000	0.0000	0.0000	0.0000	0.0000	0.0000	0.0000	0.0000	0.0000	0.0000	0.0000	0.0321	0.0279	0.0480	0.0380	0.0392	0.0002	0.0267	0.0000	0.0500	1.0000	0.0000	-0.0000	0.0003	12.7633	0.1375	6.3722	0.0000	0.0000	0.0000	0.0000	0.0000	0.0000	0.0000	0.0000	0.0000	0.0003	0.0002	0.0002	0.0002	0.0002	0.0000	0.0002	0.0000	0.0002	0.0001	0.0001	0.0000	0.0000	0.0000	0.0000	0.0000	0.0000	0.0000	0.0109	0.0073	0.0036	0.0045	0.0043	0.0001	0.0064	0.0030	0.0034	0.0000	0.0000	0.0000	0.0000	0.0000	0.0000	0.0000	0.0000	0.0000	0.0314	0.0233	0.0480	0.0380	0.0392	0.0002	0.0267	0.0000	0.0500	
12	48	0.1215	6	0	0	0	0	0	0	0	0	N	N	N	N	N	N	N	N	N	N	N	N	0.0000	0.0000	0.0000	0.0000	0.0000	0.0000	0.0000	0.0000	0.0000	0.0000	0.0000	0.0000	0.0000	0.0000	0.0000	0.0000	0.0000	0.0000	0.0011	0.0009	0.0016	0.0014	0.0014	0.0001	0.0009	0.0001	0.0017	0.9223	-0.0000	-0.0000	0.0003	0.3513	0.1375	1.9759	0.0000	0.0000	0.0000	0.0000	0.0000	0.0000	0.0000	0.0000	0.0000	0.0000	0.0000	0.0000	0.0000	0.0000	0.0000	0.0000	0.0000	0.0000	0.0000	0.0000	0.0000	0.0000	0.0000	0.0000	0.0000	0.0000	0.0000	0.0014	0.0010	0.0005	0.0006	0.0006	0.0000	0.0009	0.0004	0.0005	0.0000	0.0000	0.0000	0.0000	0.0000	0.0000	0.0000	0.0000	0.0000	0.0011	0.0009	0.0016	0.0014	0.0014	0.0001	0.0009	0.0001	0.0017	
12	49	0.1213	5	0	0	0	0	0	0	0	0	N	N	N	N	N	N	N	N	N	N	N	N	0.0000	0.0000	0.0000	0.0000	0.0000	0.0000	0.0000	0.0000	0.0000	0.0000	0.0000	0.0000	0.0000	0.0000	0.0000	0.0000	0.0000	0.0000	-0.0000	0.0000	0.0003	0.1669	0.1375	0.0350	0.0000	0.0000	0.0000	0.0000	0.0000	0.0000	0.0000	0.0000	0.0000	0.0000	0.0000	0.0000	0.0000	0.0000	0.0000	0.0000	0.0000	0.0000	0.0000	0.0000	0.0000	0.0000	0.0000	0.0000	0.0000	0.0000	0.0000	0.0001	0.0001	0.0000	0.0001	0.0001	0.0000	0.0001	0.0000	0.0000	0.0000	0.0000	0.0000	0.0000	0.0000	0.0000	0.0000	0.0000	0.0000	0.0000	0.0000	0.0000	0.0000	0.0000	0.0000	0.0000	0.0000	0.0000											
12	50	0.1213	4	0	0	0	0	0	0	0	0	N	N	N	N	N	N	N	N	N	N	N	N	0.0000	0.0000	0.0000	0.0000	0.0000	0.0000	0.0000	0.0000	0.0000	0.0000	0.0000	0.0000	0.0000	0.0000	0.0000	0.0000	0.0000	0.0000	0.0000	0.0000	0.0003	0.0010	0.1375	0.0028	0.0000	0.0000	0.0000	0.0000	0.0000	0.0000	0.0000	0.0000	0.0000	0.0000	0.0000	0.0000	0.0000	0.0000	0.0000	0.0000	0.0000	0.0000	0.0000	0.0000	0.0000	0.0000	0.0000	0.0000	0.0000	0.0000	0.0000	0.0000	0.0000	0.0000	0.0000	0.0000	0.0000	0.0000	0.0000	0.0000	0.0000	0.0000	0.0000	0.0000	0.0000	0.0000	0.0000	0.0000	0.0000	0.0000	0.0000	0.0000	0.0000	0.0000	0.0000	0.0000	0.0000	0.0000											
12	51	0.0827	4	0	1	0	1	0	0	0	0	N	N	N	N	N	N	N	N	N	N	N	N	4423.4002	4614.2811	4065.4701	4180.5659	4279.4544	1566.8633	4674.2599	0.0000	4153.9680	0.5124	0.4005	0.7112	0.6477	0.6484	0.4534	0.4235	0.0000	0.7122	0.0001	0.0001	0.0002	0.0002	0.0002	0.0003	0.0001	0.0000	0.0002	1.0000	0.9908	0.0000	-0.0000	0.0003	7.3891	0.1375	13.2142	0.0000	0.0000	0.0000	0.0000	0.0000	0.0000	0.0000	0.0000	0.0000	0.0000	0.0000	0.0000	0.0000	0.0000	0.0000	0.0000	0.0000	0.0000	0.0001	0.0001	0.0000	0.0000	0.0000	0.0000	0.0001	0.0000	0.0000	0.0118	0.0079	0.0039	0.0046	0.0045	0.0001	0.0072	0.0034	0.0038	4423.4002	4614.2811	4065.4701	4180.5659	4279.4544	1566.8633	4674.2599	0.0000	4153.9680	0.0001	0.0001	0.0002	0.0002	0.0002	0.0003	0.0001	0.0000	0.0002
12	52	0.0888	5	0	1	0	0	0	0	0	0	N	N	N	N	N	N	N	N	N	N	N	N	709800.4366	1104359.4641	58.6822	991226.7484	990963.6697	602447.2544	inf	59.6944	2.0250	2.3552	0.0003	3.6672	3.7456	0.0000	1.3986	1.7176	0.0003	0.0000	0.0000	0.0000	0.0000	0.0000	0.0000	0.0000	0.0000	0.0000	0.0000	1.0000	-0.0000	-0.0000	0.0003	12.1779	0.1375	13.0455	0.0001	0.0001	0.0000	0.0001	0.0001	0.0000	0.0001	0.0001	0.0000	0.0000	0.0000	0.0000	0.0000	0.0000	0.0000	0.0000	0.0000	0.0000	0.0001	0.0001	0.0000	0.0000	0.0000	0.0000	0.0000	0.0000	0.0000	0.0137	0.0092	0.0045	0.0053	0.0052	0.0001	0.0084	0.0040	0.0044	709800.4366	1104359.4641	58.6822	991226.7484	990963.6697	0.0000	602447.2544	inf	59.6944	0.0000	0.0000	0.0000	0.0000	0.0000	0.0000	0.0000	0.0000	0.0000	
12	53	0.1286	5	0	1	0	0	0	0	0	0	N	N	N	N	N	N	N	N	N	N	N	N	0.0000	0.0000	0.0000	0.0000	0.0000	0.0000	0.0000	0.0000	0.0000	0.0000	0.0000	0.0000	0.0000	0.0000	0.0000	0.0000	0.0000	0.0000	0.0000	0.0000	0.0003	3.0001	0.1375	3.0003	0.0000	0.0000	0.0000	0.0000	0.0000	0.0000	0.0000	0.0000	0.0000	0.0000	0.0000	0.0000	0.0000	0.0000	0.0000	0.0000	0.0000	0.0000	0.0000	0.0000	0.0000	0.0000	0.0000	0.0000	0.0000	0.0000	0.0000	0.0036	0.0024	0.0012	0.0015	0.0014	0.0000	0.0021	0.0010	0.0012	0.0000	0.0000	0.0000	0.0000	0.0000	0.0000	0.0000	0.0000	0.0000	0.0000	0.0000	0.0000	0.0000	0.0000	0.0000	0.0000	0.0000	0.0000											
12	54	0.1213	4	0	0	0	0	0	0	0	0	N	N	N	N	N	N	N	N	N	N	N	N	0.0000	0.0000	0.0000	0.0000	0.0000	0.0000	0.0000	0.0000	0.0000	0.0000	0.0000	0.0000	0.0000	0.0000	0.0000	0.0000	0.0000	0.0000	0.0000	0.0000	0.0003	1.9998	0.1375	1.0017	0.0000	0.0000	0.0000	0.0000	0.0000	0.0000	0.0000	0.0000	0.0000	0.0000	0.0000	0.0000	0.0000	0.0000	0.0000	0.0000	0.0000	0.0000	0.0000	0.0000	0.0000	0.0000	0.0000	0.0000	0.0000	0.0000	0.0000	0.0018	0.0012	0.0006	0.0008	0.0007	0.0000	0.0011	0.0005	0.0006	0.0000	0.0000	0.0000	0.0000	0.0000	0.0000	0.0000	0.0000	0.0000	0.0000	0.0000	0.0000	0.0000	0.0000	0.0000	0.0000	0.0000	0.0000											
12	55	0.0632	3	0	0	0	0	0	0	0	0	N	N	N	N	N	N	N	N	N	N	N	N	inf	inf	inf	inf	inf	inf	1.4126	2.1580	0.0000	1.8188	1.8477	0.0000	1.1519	2.6006	0.0000	0.0000	0.0000	0.0000	0.0000	0.0000	0.0000	0.0000	0.0000	0.0000	0.0000	-0.0000	0.0000	0.0003	8.0033	0.1375	9.9473	0.0001	0.0001	0.0000	0.0001	0.0001	0.0000	0.0001	0.0001	0.0000	0.0000	0.0000	0.0000	0.0000	0.0000	0.0000	0.0000	0.0000	0.0000	0.0001	0.0001	0.0000	0.0000	0.0000	0.0000	0.0001	0.0000	0.0000	0.0105	0.0070	0.0035	0.0039	0.0039	0.0001	0.0065	0.0031	0.0034	inf	inf	0.0000	inf	inf	0.0000	inf	inf	0.0000	0.0000	0.0000	0.0000	0.0000	0.0000	0.0000	0.0000	0.0000	0.0000				
12	56	0.1464	9	0	1	0	0	0	0	0	0	N	N	N	N	N	N	N	N	N	N	N	N	1575.0464	2474.8129	0.2509	2221.8852	2309.1067	0.0000	1313.2844	193753.6137	0.2691	1.7273	1.9826	0.0004	2.8608	2.9625	0.0000	1.2371	1.4897	0.0005	0.0011	0.0008	0.0017	0.0013	0.0013	0.0014	0.0009	0.0000	0.0018	0.0000	0.9907	-0.0000	-0.0000	0.0003	5.0156	0.1375	9.5596	0.0000	0.0000	0.0000	0.0000	0.0000	0.0000	0.0000	0.0000	0.0000	0.0000	0.0000	0.0000	0.0000	0.0000	0.0000	0.0000	0.0000	0.0000	0.0000	0.0000	0.0000	0.0000	0.0000	0.0000	0.0000	0.0000	0.0000	0.0087	0.0060	0.0027	0.0039	0.0037	0.0002	0.0048	0.0023	0.0025	1575.0464	2474.8129	0.2509	2221.8852	2309.1067	0.0000	1313.2844	193753.6137	0.2691	0.0011	0.0008	0.0017	0.0013	0.0013	0.0014	0.0009	0.0000	0.0018
12	57	0.1250	8	0	1	0	0	0	0	0	0	N	N	N	N	N	N	N	N	N	N	N	N	1.6500	1.8461	2.2562	2.3021	2.2353	2.9535	1.3072	40.5463	1.7727	0.0214	0.0171	0.0490	0.0405	0.0337	0.2366	0.0120	0.0075	0.0320	0.0129	0.0093	0.0217	0.0176	0.0151	0.0801	0.0092	0.0002	0.0181	0.4406	0.9818	-0.0000	-0.0000	0.0003	5.2776	0.1375	4.9316	0.0000	0.0000	0.0000	0.0000	0.0000	0.0000	0.0000	0.0000	0.0000	0.0001	0.0000	0.0000	0.0001	0.0000	0.0000	0.0000	0.0000	0.0000	0.0000	0.0000	0.0000	0.0000	0.0000	0.0000	0.0000	0.0000	0.0000	0.0075	0.0053	0.0022	0.0034	0.0032	0.0001	0.0042	0.0021	0.0021	1.6500	1.8461	2.2562	2.3021	2.2353	2.9535	1.3072	40.5463	1.7727	0.0129	0.0093	0.0217	0.0176	0.0151	0.0801	0.0092	0.0002	0.0181
12	58	0.0970	7	0	0	0	0	0	0	0	0	N	N	N	N	N	N	N	N	N	N	N	N	54.6569	34.6837	174.7193	88.5464	87.8693	0.0000	43.8704	0.2730	174.2743	0.6934	0.4024	2.6105	1.4301	1.4445	0.0000	0.4577	0.0042	2.6593	0.0127	0.0116	0.0149	0.0162	0.0164	0.0034	0.0104	0.0153	0.0153	0.9850	0.6205	0.0000	-0.0000	0.0003	6.4383	0.1375	5.2340	0.0000	0.0000	0.0000	0.0000	0.0000	0.0000	0.0000	0.0000	0.0000	0.0001	0.0001	0.0000	0.0000	0.0000	0.0000	0.0000	0.0000	0.0000	0.0000	0.0000	0.0000	0.0000	0.0000	0.0000	0.0000	0.0000	0.0000	0.0072	0.0048	0.0023	0.0028	0.0028	0.0001	0.0043	0.0021	0.0023	54.6569	34.6837	174.7193	88.5464	87.8693	0.0000	43.8704	0.8098	174.2743	0.0127	0.0116	0.0149	0.0162	0.0164	0.0034	0.0104	0.0052	0.0153
12	59	0.0888	6	0	0	0	0	0	0	0	0	N	N	N	N	N	N	N	N	N	N	N	N	23.2736	17.9628	50.5287	26.4704	27.0227	11.9167	21.6960	0.0000	53.5138	0.0591	0.0351	0.1877	0.0883	0.0894	0.0577	0.0439	0.0000	0.1973	0.0025	0.0020	0.0037	0.0033	0.0033	0.0048	0.0020	0.0001	0.0037	1.0000	0.9499	0.0000	-0.0000	0.0003	3.9043	0.1375	0.3762	0.0000	0.0000	0.0000	0.0000	0.0000	0.0000	0.0000	0.0000	0.0000	0.0000	0.0000	0.0000	0.0000	0.0000	0.0000	0.0000	0.0000	0.0000	0.0000	0.0000	0.0000	0.0000	0.0000	0.0000	0.0000	0.0000	0.0000	0.0027	0.0018	0.0009	0.0011	0.0010	0.0000	0.0017	0.0008	0.0009	23.2736	17.9628	50.5287	26.4704	27.0227	11.9167	21.6960	0.0000	53.5138	0.0025	0.0020	0.0037	0.0033	0.0033	0.0048	0.0020	0.0001	0.0037
12	60	0.0888	5	0	0	0	0	0	0	0	0	N	N	N	N	N	N	N	N	N	N	N	N	27.2896	21.9804	51.0239	25.4232	26.3487	5.5239	28.8062	8.0327	55.9147	0.1920	0.1182	0.5318	0.2300	0.2368	0.0670	0.1642	0.0026	0.5805	0.0070	0.0054	0.0104	0.0090	0.0090	0.0121	0.0057	0.0003	0.0104	0.9775	0.9493	0.0000	-0.0000	0.0003	1.5036	0.1375	0.1987	0.0000	0.0000	0.0000	0.0000	0.0000	0.0000	0.0000	0.0000	0.0000	0.0000	0.0000	0.0000	0.0000	0.0000	0.0000	0.0000	0.0000	0.0000	0.0000	0.0000	0.0000	0.0000	0.0000	0.0000	0.0000	0.0000	0.0000	0.0012	0.0008	0.0004	0.0005	0.0005	0.0000	0.0007	0.0003	0.0004	27.2896	21.9804	51.0239	25.4232	26.3487	5.5239	28.8062	8.0327	55.9147	0.0070	0.0054	0.0104	0.0090	0.0090	0.0121	0.0057	0.0003	0.0104
12	61	0.0827	4	0	0	0	0	0	0	0	0	N	N	N	N	N	N	N	N	N	N	N	N	541.3713	623.7690	417.1367	481.7808	478.2085	410.5327	592.9011	14.5690	411.7312	1.1288	0.9903	1.3127	1.2529	1.2545	0.6731	1.0268	0.0020	1.3146	0.0021	0.0016	0.0031	0.0026	0.0026	0.0016	0.0017	0.0001	0.0032	0.9991	0.9290	0.0000	-0.0000	0.0003	2.7181	0.1375	1.0102	0.0001	0.0000	0.0000	0.0000	0.0000	0.0000	0.0000	0.0000	0.0000	0.0000	0.0000	0.0000	0.0000	0.0000	0.0000	0.0000	0.0000	0.0000	0.0001	0.0000	0.0000	0.0000	0.0000	0.0000	0.0000	0.0000	0.0000	0.0026	0.0018	0.0008	0.0011	0.0010	0.0000	0.0016	0.0007	0.0008	541.3713	623.7690	417.1367	481.7808	478.2085	410.5327	592.9011	14.5690	411.7312	0.0021	0.0016	0.0031	0.0026	0.0026	0.0016	0.0017	0.0001	0.0032
12	62	0.0632	3	0	0	0	0	0	0	0	0	N	N	N	N	N	N	N	N	N	N	N	N	3357.0049	3918.3879	2565.5246	2726.2623	2697.6505	10574.8332	3910.3729	509.8823	2534.9654	0.9162	0.8327	1.0187	0.9766	0.9765	0.9830	0.8611	0.0114	1.0193	0.0003	0.0002	0.0004	0.0004	0.0004	0.0001	0.0002	0.0000	0.0004	0.9959	0.9089	0.0000	-0.0000	0.0003	1.4525	0.1375	6.3634	0.0001	0.0000	0.0000	0.0000	0.0000	0.0000	0.0000	0.0000	0.0000	0.0000	0.0000	0.0000	0.0000	0.0000	0.0000	0.0000	0.0000	0.0000	0.0001	0.0000	0.0000	0.0000	0.0000	0.0000	0.0000	0.0000	0.0000	0.0050	0.0034	0.0016	0.0019	0.0019	0.0000	0.0031	0.0015	0.0016	3357.0049	3918.3879	2565.5246	2726.2623	2697.6505	10574.8332	3910.3729	509.8823	2534.9654	0.0003	0.0002	0.0004	0.0004	0.0004	0.0001	0.0002	0.0000	0.0004
12	63	0.1426	6	1	1	0	1	0	0	0	0	N	N	N	N	N	N	N	N	N	N	N	N	0.0000	0.0000	0.0000	0.0000	0.0000	0.0000	0.0000	0.0000	0.0000	0.0000	0.0000	0.0000	0.0000	0.0000	0.0000	0.0000	0.0000	0.0000	0.0000	-0.0000	0.0003	2.0000	0.1375	2.0002	0.0000	0.0000	0.0000	0.0000	0.0000	0.0000	0.0000	0.0000	0.0000	0.0000	0.0000	0.0000	0.0000	0.0000	0.0000	0.0000	0.0000	0.0000	0.0000	0.0000	0.0000	0.0000	0.0000	0.0000	0.0000	0.0000	0.0000	0.0024	0.0016	0.0008	0.0010	0.0009	0.0000	0.0014	0.0007	0.0008	0.0000	0.0000	0.0000	0.0000	0.0000	0.0000	0.0000	0.0000	0.0000	0.0000	0.0000	0.0000	0.0000	0.0000	0.0000	0.0000	0.0000	0.0000											
12	64	0.1583	10	0	1	0	1	0	0	0	0	N	N	N	N	N	N	N	N	N	N	N	N	0.0000	0.0000	0.0000	0.0000	0.0000	0.0000	0.0000	0.0000	0.0000	0.0000	0.0000	0.0000	0.0000	0.0000	0.0000	0.0000	0.0000	0.0000	0.0000	0.0000	0.0003	2.0059	0.1375	4.8036	0.0000	0.0000	0.0000	0.0000	0.0000	0.0000	0.0000	0.0000	0.0000	0.0000	0.0000	0.0000	0.0000	0.0000	0.0000	0.0000	0.0000	0.0000	0.0000	0.0000	0.0000	0.0000	0.0000	0.0000	0.0000	0.0000	0.0000	0.0040	0.0027	0.0013	0.0016	0.0016	0.0000	0.0024	0.0011	0.0013	0.0000	0.0000	0.0000	0.0000	0.0000	0.0000	0.0000	0.0000	0.0000	0.0000	0.0000	0.0000	0.0000	0.0000	0.0000	0.0000	0.0000	0.0000											
12	65	0.1555	8	0	1	0	0	0	0	0	0	N	N	N	N	N	N	N	N	N	N	N	N	0.0000	0.0000	0.0000	0.0000	0.0000	0.0000	0.0000	0.0000	0.0000	0.0000	0.0000	0.0000	0.0000	0.0000	0.0000	0.0000	0.0000	0.0000	0.0000	0.0000	0.0000	-0.0000	0.0003	0.9804	0.1375	0.2754	0.0000	0.0000	0.0000	0.0000	0.0000	0.0000	0.0000	0.0000	0.0000	0.0000	0.0000	0.0000	0.0000	0.0000	0.0000	0.0000	0.0000	0.0000	0.0000	0.0000	0.0000	0.0000	0.0000	0.0000	0.0000	0.0000	0.0000	0.0008	0.0005	0.0003	0.0003	0.0003	0.0000	0.0005	0.0002	0.0003	0.0000	0.0000	0.0000	0.0000	0.0000	0.0000	0.0000	0.0000	0.0000	0.0000	0.0000	0.0000	0.0000	0.0000	0.0000	0.0000	0.0000	0.0000									
12	66	0.1533	9	0	0	1	1	0	0	0	0	N	N	N	N	N	N	N	N	N	N	N	N	0.0000	0.0000	0.0000	0.0000	0.0000	0.0000	0.0000	0.0000	0.0000	0.0000	0.0000	0.0000	0.0000	0.0000	0.0000	0.0000	0.0000	0.0000	0.0000	0.0000	0.0003	0.9437	0.1375	4.8091	0.0000	0.0000	0.0000	0.0000	0.0000	0.0000	0.0000	0.0000	0.0000	0.0000	0.0000	0.0000	0.0000	0.0000	0.0000	0.0000	0.0000	0.0000	0.0000	0.0000	0.0000	0.0000	0.0000	0.0000	0.0000	0.0000	0.0000	0.0035	0.0023	0.0011	0.0014	0.0014	0.0000	0.0021	0.0010	0.0011	0.0000	0.0000	0.0000	0.0000	0.0000	0.0000	0.0000	0.0000	0.0000	0.0000	0.0000	0.0000	0.0000	0.0000	0.0000	0.0000	0.0000	0.0000											
12	67	0.1463	8	0	0	1	1	0	0	0	0	N	N	N	N	N	N	N	N	N	N	N	N	0.0000	0.0000	0.0000	0.0000	0.0000	0.0000	0.0000	0.0000	0.0000	0.0000	0.0000	0.0000	0.0000	0.0000	0.0000	0.0000	0.0000	0.0000	0.0000	0.0000	0.0003	4.0088	0.1375	5.0246	0.0000	0.0000	0.0000	0.0000	0.0000	0.0000	0.0000	0.0000	0.0000	0.0000	0.0000	0.0000	0.0000	0.0000	0.0000	0.0000	0.0000	0.0000	0.0000	0.0000	0.0000	0.0000	0.0000	0.0000	0.0000	0.0000	0.0000	0.0053	0.0035	0.0018	0.0021	0.0021	0.0000	0.0032	0.0015	0.0017	0.0000	0.0000	0.0000	0.0000	0.0000	0.0000	0.0000	0.0000	0.0000	0.0000	0.0000	0.0000	0.0000	0.0000	0.0000	0.0000	0.0000	0.0000											
12	68	0.1583	10	0	0	1	1	0	0	0	0	N	N	N	N	N	N	N	N	N	N	N	N	0.0000	0.0000	0.0000	0.0000	0.0000	0.0000	0.0000	0.0000	0.0000	0.0000	0.0000	0.0000	0.0000	0.0000	0.0000	0.0000	0.0000	0.0000	0.0000	0.0000	0.0003	1.0064	0.1375	4.2000	0.0000	0.0000	0.0000	0.0000	0.0000	0.0000	0.0000	0.0000	0.0000	0.0000	0.0000	0.0000	0.0000	0.0000	0.0000	0.0000	0.0000	0.0000	0.0000	0.0000	0.0000	0.0000	0.0000	0.0000	0.0000	0.0000	0.0000	0.0031	0.0021	0.0010	0.0013	0.0012	0.0000	0.0018	0.0009	0.0010	0.0000	0.0000	0.0000	0.0000	0.0000	0.0000	0.0000	0.0000	0.0000	0.0000	0.0000	0.0000	0.0000	0.0000	0.0000	0.0000	0.0000	0.0000											
12	69	0.1533	9	0	0	0	1	0	0	0	0	N	N	N	N	N	N	N	N	N	N	N	N	0.0000	0.0000	0.0000	0.0000	0.0000	0.0000	0.0000	0.0000	0.0000	0.0000	0.0000	0.0000	0.0000	0.0000	0.0000	0.0000	0.0000	0.0000	0.0000	0.0000	0.0003	1.2889	0.1375	0.3511	0.0000	0.0000	0.0000	0.0000	0.0000	0.0000	0.0000	0.0000	0.0000	0.0000	0.0000	0.0000	0.0000	0.0000	0.0000	0.0000	0.0000	0.0000	0.0000	0.0000	0.0000	0.0000	0.0000	0.0000	0.0000	0.0000	0.0000	0.0010	0.0007	0.0003	0.0004	0.0004	0.0000	0.0006	0.0003	0.0003	0.0000	0.0000	0.0000	0.0000	0.0000	0.0000	0.0000	0.0000	0.0000	0.0000	0.0000	0.0000	0.0000	0.0000	0.0000	0.0000	0.0000	0.0000											
12	70	0.1463	8	0	0	0	1	0	0	0	0	N	N	N	N	N	N	N	N	N	N	N	N	0.0000	0.0000	0.0000	0.0000	0.0000	0.0000	0.0000	0.0000	0.0000	0.0000	0.0000	0.0000	0.0000	0.0000	0.0000	0.0000	0.0000	0.0000	0.0000	0.0000	0.0003	0.7777	0.1375	1.1718	0.0000	0.0000	0.0000	0.0000	0.0000	0.0000	0.0000	0.0000	0.0000	0.0000	0.0000	0.0000	0.0000	0.0000	0.0000	0.0000	0.0000	0.0000	0.0000	0.0000	0.0000	0.0000	0.0000	0.0000	0.0000	0.0000	0.0000	0.0012	0.0008	0.0004	0.0005	0.0005	0.0000	0.0007	0.0003	0.0004	0.0000	0.0000	0.0000	0.0000	0.0000	0.0000	0.0000	0.0000	0.0000	0.0000	0.0000	0.0000	0.0000	0.0000	0.0000	0.0000	0.0000	0.0000											
12	71	0.1426	7	0	0	0	1	0	0	0	0	N	N	N	N	N	N	N	N	N	N	N	N	0.0000	0.0000	0.0000	0.0000	0.0000	0.0000	0.0000	0.0000	0.0000	0.0000	0.0000	0.0000	0.0000	0.0000	0.0000	0.0000	0.0000	0.0000	0.0000	-0.0000	0.0003	0.9929	0.1375	0.0325	0.0000	0.0000	0.0000	0.0000	0.0000	0.0000	0.0000	0.0000	0.0000	0.0000	0.0000	0.0000	0.0000	0.0000	0.0000	0.0000	0.0000	0.0000	0.0000	0.0000	0.0000	0.0000	0.0000	0.0000	0.0000	0.0000	0.0000	0.0006	0.0004	0.0002	0.0003	0.0002	0.0000	0.0004	0.0002	0.0002	0.0000	0.0000	0.0000	0.0000	0.0000	0.0000	0.0000	0.0000	0.0000	0.0000	0.0000	0.0000	0.0000	0.0000	0.0000	0.0000	0.0000	0.0000											
12	72	0.1877	6	1	1	0	0	0	0	0	0	N	N	N	N	N	N	N	N	N	N	N	N	0.0000	0.0000	0.0000	0.0000	0.0000	0.0000	0.0000	0.0000	0.0000	0.0000	0.0000	0.0000	0.0000	0.0000	0.0000	0.0000	0.0000	0.0000	0.0000	0.0000	0.0003	0.0000	0.1375	0.0001	0.0000	0.0000	0.0000	0.0000	0.0000	0.0000	0.0000	0.0000	0.0000	0.0000	0.0000	0.0000	0.0000	0.0000	0.0000	0.0000	0.0000	0.0000	0.0000	0.0000	0.0000	0.0000	0.0000	0.0000	0.0000	0.0000	0.0000	0.0000	0.0000	0.0000	0.0000	0.0000	0.0000	0.0000	0.0000	0.0000	0.0000	0.0000	0.0000	0.0000	0.0000	0.0000	0.0000	0.0000	0.0000	0.0000	0.0000	0.0000	0.0000	0.0000	0.0000	0.0000	0.0000	0.0000											
12	73	0.1244	5	1	1	0	0	0	0	0	0	N	N	N	N	N	N	N	N	N	N	N	N	0.0012	0.0013	0.0000	0.0015	0.0024	0.0000	0.0014	0.0000	0.0000	0.0001	0.0000	0.0000	0.0001	0.0001	0.0000	0.0000	0.0000	0.0000	0.0437	0.0345	0.0541	0.0455	0.0464	0.0009	0.0295	0.0000	0.0555	0.3333	0.9999	-0.0000	-0.0000	0.0003	9.9619	0.1375	7.0378	0.0000	0.0000	0.0000	0.0000	0.0000	0.0000	0.0000	0.0000	0.0000	0.0003	0.0002	0.0002	0.0002	0.0002	0.0000	0.0002	0.0000	0.0002	0.0000	0.0000	0.0000	0.0000	0.0000	0.0000	0.0000	0.0000	0.0000	0.0096	0.0064	0.0032	0.0038	0.0037	0.0001	0.0058	0.0027	0.0031	0.0014	0.0016	0.0000	0.0015	0.0024	0.0000	0.0014	0.0000	0.0000	0.0358	0.0267	0.0541	0.0455	0.0464	0.0009	0.0295	0.0000	0.0555
12	74	0.1363	5	0	1	0	0	0	0	0	0	N	N	N	N	N	N	N	N	N	N	N	N	3.0042	2.2711	8.2357	2.7956	3.2174	0.0000	3.2844	0.0000	11.2208	0.0024	0.0014	0.0100	0.0032	0.0034	0.0000	0.0020	0.0000	0.0125	0.0008	0.0006	0.0012	0.0011	0.0011	0.0056	0.0006	0.0000	0.0011	1.0000	0.9913	0.0000	-0.0000	0.0003	7.0442	0.1375	2.0273	0.0000	0.0000	0.0000	0.0000	0.0000	0.0000	0.0000	0.0000	0.0000	0.0000	0.0000	0.0000	0.0000	0.0000	0.0000	0.0000	0.0000	0.0000	0.0000	0.0000	0.0000	0.0000	0.0000	0.0000	0.0000	0.0000	0.0000	0.0053	0.0035	0.0018	0.0021	0.0020	0.0000	0.0032	0.0015	0.0017	3.0042	2.2711	8.2357	2.7956	3.2174	0.0000	3.2844	0.0000	11.2208	0.0008	0.0006	0.0012	0.0011	0.0011	0.0056	0.0006	0.0000	0.0011
12	75	0.1124	4	0	1	0	0	0	0	0	0	N	N	N	N	N	N	N	N	N	N	N	N	6.1254	6.0993	10.8788	6.4478	6.8706	0.0000	5.9712	20.4254	13.3821	0.0098	0.0077	0.0244	0.0133	0.0142	0.0000	0.0077	0.0035	0.0301	0.0016	0.0013	0.0022	0.0021	0.0021	0.0021	0.0013	0.0002	0.0023	0.4379	0.8852	-0.0000	-0.0000	0.0003	4.3369	0.1375	3.0972	0.0000	0.0000	0.0000	0.0000	0.0000	0.0000	0.0000	0.0000	0.0000	0.0000	0.0000	0.0000	0.0000	0.0000	0.0000	0.0000	0.0000	0.0000	0.0000	0.0000	0.0000	0.0000	0.0000	0.0000	0.0000	0.0000	0.0000	0.0044	0.0030	0.0015	0.0018	0.0017	0.0000	0.0027	0.0013	0.0014	6.1254	6.0993	10.8788	6.4478	6.8706	0.0000	5.9712	20.4254	13.3821	0.0016	0.0013	0.0022	0.0021	0.0021	0.0021	0.0013	0.0002	0.0023
12	76	0.1996	9	1	1	0	0	0	0	0	0	N	N	N	N	N	N	N	N	N	N	N	N	inf	inf	inf	inf	inf	inf	3.3484	3.8043	0.0000	3.2312	3.4665	0.0000	3.4314	4.0687	0.0000	0.0000	0.0000	0.0000	0.0000	0.0000	0.0000	0.0000	0.0000	0.0000	0.0000	-0.0000	0.0000	0.0003	1.9992	0.1375	0.0055	0.0000	0.0000	0.0000	0.0000	0.0000	0.0000	0.0000	0.0000	0.0000	0.0000	0.0000	0.0000	0.0000	0.0000	0.0000	0.0000	0.0000	0.0000	0.0000	0.0000	0.0000	0.0000	0.0000	0.0000	0.0000	0.0000	0.0000	0.0020	0.0013	0.0006	0.0008	0.0008	0.0000	0.0012	0.0005	0.0006	inf	inf	0.0000	inf	inf	0.0000	inf	inf	0.0000	0.0000	0.0000	0.0000	0.0000	0.0000	0.0000	0.0000	0.0000	0.0000				
12	77	0.1555	8	1	1	0	0	0	0	0	0	N	N	N	N	N	N	N	N	N	N	N	N	inf	inf	inf	inf	inf	inf	0.0010	0.0012	0.0000	0.0010	0.0011	0.0000	0.0010	0.0012	0.0000	0.0000	0.0000	0.0000	0.0000	0.0000	0.0000	0.0000	0.0000	0.0000	0.0081	-0.0000	0.0000	0.0003	5.0219	0.1375	2.0148	0.0000	0.0000	0.0000	0.0000	0.0000	0.0000	0.0000	0.0000	0.0000	0.0000	0.0000	0.0000	0.0000	0.0000	0.0000	0.0000	0.0000	0.0000	0.0000	0.0000	0.0000	0.0000	0.0000	0.0000	0.0000	0.0000	0.0000	0.0042	0.0028	0.0014	0.0017	0.0016	0.0000	0.0025	0.0012	0.0014	inf	inf	0.0000	inf	inf	0.0000	inf	inf	0.0000	0.0000	0.0000	0.0000	0.0000	0.0000	0.0000	0.0000	0.0000	0.0000				
12	78	0.1426	7	0	1	0	0	0	0	0	0	N	N	N	N	N	N	N	N	N	N	N	N	0.0000	0.0000	0.0000	0.0000	0.0000	0.0000	0.0000	0.0000	0.0000	0.0000	0.0000	0.0000	0.0000	0.0000	0.0000	0.0000	0.0000	0.0000	0.0000	0.0000	0.0000	0.0000	0.0000	0.3750	0.0000	-0.0000	0.0003	1.0203	0.1375	2.7327	0.0000	0.0000	0.0000	0.0000	0.0000	0.0000	0.0000	0.0000	0.0000	0.0000	0.0000	0.0000	0.0000	0.0000	0.0000	0.0000	0.0000	0.0000	0.0000	0.0000	0.0000	0.0000	0.0000	0.0000	0.0000	0.0000	0.0000	0.0023	0.0015	0.0008	0.0009	0.0009	0.0000	0.0014	0.0006	0.0007	0.0000	0.0000	0.0000	0.0000	0.0000	0.0000	0.0000	0.0000	0.0000	0.0000	0.0000	0.0000	0.0000	0.0000	0.0000	0.0000	0.0000	0.0000					
12	79	0.1426	6	0	0	0	0	0	0	0	0	N	N	N	N	N	N	N	N	N	N	N	N	0.0000	0.0000	0.0000	0.0000	0.0000	0.0000	0.0000	0.0000	0.0000	0.0000	0.0000	0.0000	0.0000	0.0000	0.0000	0.0000	0.0000	0.0000	0.0000	-0.0000	0.0003	0.0000	0.1375	0.0018	0.0000	0.0000	0.0000	0.0000	0.0000	0.0000	0.0000	0.0000	0.0000	0.0000	0.0000	0.0000	0.0000	0.0000	0.0000	0.0000	0.0000	0.0000	0.0000	0.0000	0.0000	0.0000	0.0000	0.0000	0.0000	0.0000	0.0000	0.0000	0.0000	0.0000	0.0000	0.0000	0.0000	0.0000	0.0000	0.0000	0.0000	0.0000	0.0000	0.0000	0.0000	0.0000	0.0000	0.0000	0.0000	0.0000	0.0000	0.0000	0.0000	0.0000	0.0000	0.0000	0.0000	0.0000											
12	80	0.1244	5	0	0	0	0	0	0	0	0	N	N	N	N	N	N	N	N	N	N	N	N	0.0205	0.0233	0.0000	0.0222	0.0351	0.0000	0.0196	0.0000	0.0000	0.0002	0.0001	0.0000	0.0002	0.0003	0.0000	0.0001	0.0000	0.0000	0.0076	0.0057	0.0114	0.0096	0.0098	0.0027	0.0062	0.0000	0.0116	0.3333	0.9989	-0.0000	-0.0000	0.0003	3.0825	0.1375	2.0124	0.0000	0.0000	0.0000	0.0000	0.0000	0.0000	0.0000	0.0000	0.0000	0.0000	0.0000	0.0000	0.0000	0.0000	0.0000	0.0000	0.0000	0.0000	0.0000	0.0000	0.0000	0.0000	0.0000	0.0000	0.0000	0.0000	0.0000	0.0031	0.0021	0.0010	0.0012	0.0012	0.0000	0.0019	0.0009	0.0010	0.0205	0.0233	0.0000	0.0222	0.0351	0.0000	0.0196	0.0000	0.0000	0.0076	0.0057	0.0114	0.0096	0.0098	0.0027	0.0062	0.0000	0.0116
12	81	0.1124	4	0	0	0	0	0	0	0	0	N	N	N	N	N	N	N	N	N	N	N	N	2.5456	3.0761	2.6507	2.6935	2.8457	0.0000	2.4625	35.2550	3.1715	0.0069	0.0064	0.0106	0.0095	0.0100	0.0000	0.0054	0.0041	0.0127	0.0027	0.0021	0.0040	0.0035	0.0035	0.0039	0.0022	0.0001	0.0040	0.2265	0.9536	-0.0000	-0.0000	0.0003	3.6751	0.1375	0.0788	0.0000	0.0000	0.0000	0.0000	0.0000	0.0000	0.0000	0.0000	0.0000	0.0000	0.0000	0.0000	0.0000	0.0000	0.0000	0.0000	0.0000	0.0000	0.0000	0.0000	0.0000	0.0000	0.0000	0.0000	0.0000	0.0000	0.0000	0.0023	0.0015	0.0008	0.0009	0.0009	0.0000	0.0014	0.0006	0.0007	2.5456	3.0761	2.6507	2.6935	2.8457	0.0000	2.4625	35.2550	3.1715	0.0027	0.0021	0.0040	0.0035	0.0035	0.0039	0.0022	0.0001	0.0040
12	82	0.0632	3	0	0	0	0	0	0	0	0	N	N	N	N	N	N	N	N	N	N	N	N	5491.8889	9261.5371	1413.5515	5379.5437	5405.7448	0.0000	5559.5173	84239.3557	1420.8954	1.8407	2.4400	0.6779	2.3900	2.4278	0.0000	1.4944	2.4566	0.6901	0.0003	0.0003	0.0005	0.0004	0.0004	0.0001	0.0003	0.0000	0.0005	0.1432	0.9039	-0.0000	-0.0000	0.0003	8.5011	0.1375	5.2406	0.0002	0.0001	0.0000	0.0001	0.0001	0.0000	0.0001	0.0001	0.0000	0.0000	0.0000	0.0000	0.0000	0.0000	0.0000	0.0000	0.0000	0.0000	0.0001	0.0001	0.0000	0.0000	0.0000	0.0000	0.0001	0.0000	0.0000	0.0083	0.0055	0.0027	0.0031	0.0031	0.0000	0.0051	0.0024	0.0027	5491.8889	9261.5371	1413.5515	5379.5437	5405.7448	0.0000	5559.5173	84239.3557	1420.8954	0.0003	0.0003	0.0005	0.0004	0.0004	0.0001	0.0003	0.0000	0.0005
12	83	0.0249	2	0	0	0	0	0	0	0	0	N	N	N	N	N	N	N	N	N	N	N	N	56.5708	40.9712	144.2327	97.0033	98.2340	0.0000	46.0306	1254.3566	146.8455	1.4452	0.8539	5.2894	3.4596	3.4926	0.0000	0.9134	0.0265	5.3688	0.0255	0.0208	0.0367	0.0357	0.0356	0.0692	0.0198	0.0000	0.0366	0.9528	0.9988	0.0000	-0.0000	0.0003	6.1951	0.1375	5.5672	0.0000	0.0000	0.0000	0.0000	0.0000	0.0000	0.0000	0.0000	0.0000	0.0002	0.0001	0.0001	0.0001	0.0001	0.0000	0.0001	0.0000	0.0001	0.0000	0.0000	0.0000	0.0000	0.0000	0.0000	0.0000	0.0000	0.0000	0.0072	0.0047	0.0025	0.0026	0.0026	0.0000	0.0046	0.0021	0.0025	56.5708	43.5528	144.2327	97.0033	98.2340	0.0000	46.0306	1254.3566	146.8455	0.0255	0.0196	0.0367	0.0357	0.0356	0.0692	0.0198	0.0000	0.0366
13	14	0.1267	4	1	2	0	0	0	0	0	0	N	Y	N	N	N	N	N	N	N	N	N	N	13566.6196	8174.4381	inf	39589.2867	35934.9322	inf	inf	inf	3.2905	3.5950	1.2894	45.3212	48.1133	0.0169	0.1828	0.0000	1.3291	0.0002	0.0004	0.0000	0.0011	0.0013	0.0000	0.0000	0.0000	0.0000	0.0546	0.0000	-0.3039	-0.0000	3.9729	10.0000	5.4895	6.0013	0.9740	0.9236	0.0504	0.9237	0.9236	0.0000	0.0504	0.0000	0.0504	0.0000	0.0000	0.0000	0.0000	0.0000	0.0000	0.0000	0.0000	0.0000	0.2960	0.2569	0.0391	0.0204	0.0192	0.0012	0.2756	0.2377	0.0379	0.2061	0.1137	0.0925	0.0437	0.0373	0.0063	0.1625	0.0763	0.0861	13566.6196	8174.4381	inf	39589.2867	35934.9322	inf	inf	0.0000	inf	0.0002	0.0004	0.0000	0.0011	0.0013	0.0000	0.0000	0.0000	0.0000	
13	15	0.0551	2	0	2	0	0	0	0	0	0	N	Y	N	N	N	N	N	N	N	N	N	N	0.0883	0.0633	0.0000	0.0974	0.1022	0.0000	0.0000	0.0000	0.0001	0.0001	0.0000	0.0016	0.0017	0.0000	0.0000	0.0000	0.0000	0.0012	0.0019	0.0003	0.0162	0.0162	0.0201	0.0002	0.0000	0.0003	0.0000	0.1635	-0.0000	-0.0000	3.9729	2.9999	5.4895	3.0728	0.0000	0.0000	0.0000	0.0000	0.0000	0.0000	0.0000	0.0000	0.0000	0.0001	0.0001	0.0000	0.0001	0.0001	0.0000	0.0000	0.0000	0.0000	0.0981	0.0852	0.0128	0.0063	0.0060	0.0003	0.0917	0.0792	0.0126	0.0809	0.0433	0.0376	0.0050	0.0049	0.0000	0.0759	0.0383	0.0375	0.0883	0.0633	0.0000	0.0974	0.1022	0.0000	0.0000	0.0000	0.0000	0.0012	0.0019	0.0003	0.0162	0.0162	0.0201	0.0002	0.0000	0.0003	
13	17	0.1780	9	1	2	0	0	0	0	0	0	N	Y	N	N	N	N	N	N	N	N	N	N	0.0000	0.0000	0.0000	0.0000	0.0000	0.0000	0.0000	0.0000	0.0000	0.0000	0.0000	0.0000	0.0000	0.0000	0.0000	0.0000	0.0000	0.0012	0.0020	0.0002	0.0052	0.0056	0.0002	0.0001	0.0000	0.0002	0.0735	0.0000	-0.0000	3.9729	0.9996	5.4895	1.7768	0.0000	0.0000	0.0000	0.0000	0.0000	0.0000	0.0000	0.0000	0.0000	0.0000	0.0000	0.0000	0.0000	0.0000	0.0000	0.0000	0.0000	0.0000	0.0308	0.0269	0.0038	0.0063	0.0059	0.0004	0.0245	0.0211	0.0034	0.0385	0.0214	0.0171	0.0082	0.0075	0.0006	0.0303	0.0139	0.0164	0.0000	0.0000	0.0000	0.0000	0.0000	0.0000	0.0000	0.0000	0.0000	0.0012	0.0020	0.0002	0.0052	0.0056	0.0002	0.0001	0.0000	0.0002		
13	18	0.1496	7	0	2	0	0	0	0	0	0	N	Y	N	N	N	N	N	N	N	N	N	N	0.0084	0.0893	0.0000	0.3437	0.3310	0.0000	0.0001	9.2752	0.0000	0.0003	0.0003	0.0000	0.0030	0.0031	0.0000	0.0000	0.0000	0.0000	0.0360	0.0039	0.0691	0.0088	0.0095	0.0049	0.0571	0.0000	0.0759	0.0000	13.8071	-0.0000	0.0011	3.9729	4.7641	5.4895	2.0666	0.0000	0.0000	0.0000	0.0000	0.0000	0.0000	0.0000	0.0000	0.0000	0.0031	0.0002	0.0029	0.0002	0.0002	0.0000	0.0029	0.0000	0.0029	0.1560	0.1363	0.0197	0.0154	0.0148	0.0006	0.1405	0.1214	0.0191	0.0960	0.0540	0.0420	0.0261	0.0221	0.0040	0.0698	0.0319	0.0379	0.0094	0.0893	0.0000	0.3437	0.3310	0.0000	0.0001	9.2752	0.0000	0.0324	0.0039	0.0691	0.0088	0.0095	0.0049	0.0412	0.0000	0.0759
13	19	0.1321	6	0	2	0	0	0	0	0	0	N	Y	N	N	N	N	N	N	N	N	N	N	0.0016	3.3809	0.0000	0.0757	0.0999	0.3165	0.0016	1.0585	0.0000	0.0175	0.0197	0.0005	0.0007	0.0004	0.0158	0.0206	0.0237	0.0000	10.8898	0.0058	49.5994	0.0094	0.0036	0.0501	13.1178	0.0224	51.3475	0.0032	2821.8018	-0.0003	0.4016	3.9729	1.4176	5.4895	5.1148	0.0010	0.0010	0.0000	0.0000	0.0000	0.0000	0.0010	0.0010	0.0000	0.9784	0.0003	0.9780	0.0003	0.0001	0.0002	0.9781	0.0003	0.9779	0.0550	0.0488	0.0062	0.0086	0.0084	0.0002	0.0464	0.0404	0.0060	0.1018	0.0596	0.0423	0.0273	0.0239	0.0034	0.0746	0.0357	0.0389	0.0018	3.3809	0.0000	0.0757	0.0999	0.3165	0.0016	3.2557	0.0000	9.6060	0.0058	23.1456	0.0094	0.0036	0.0501	13.1178	0.0073	25.1406
13	20	0.1728	8	0	2	1	1	0	0	0	0	N	Y	N	N	N	N	N	N	N	N	N	N	0.0000	0.0000	0.0000	0.0000	0.0000	0.0000	0.0000	0.0000	0.0000	0.0000	0.0000	0.0000	0.0000	0.0000	0.0000	0.0000	0.0000	0.0000	0.0000	0.0000	3.9729	0.0000	5.4895	0.0000	0.0000	0.0000	0.0000	0.0000	0.0000	0.0000	0.0000	0.0000	0.0000	0.0000	0.0000	0.0000	0.0000	0.0000	0.0000	0.0000	0.0000	0.0000	0.0000	0.0000	0.0000	0.0000	0.0000	0.0000	0.0000	0.0000	0.0000	0.0000	0.0000	0.0000	0.0000	0.0000	0.0000	0.0000	0.0000	0.0000	0.0000	0.0000	0.0000	0.0000	0.0000	0.0000	0.0000	0.0000	0.0000	0.0000	0.0000	0.0000	0.0000	0.0000	0.0000	0.0000	0.0000	0.0000											
13	21	0.1293	7	0	1	0	1	0	0	0	0	N	N	N	N	N	N	N	N	N	N	N	N	1785.6683	1349.1284	0.0000	0.0319	0.0323	0.0000	31934.5719	32136230.8877	0.0000	5.4051	6.1941	0.0000	0.0004	0.0005	0.0000	6.1624	7.1452	0.0000	0.0030	0.0046	0.0010	0.0139	0.0145	0.0097	0.0002	0.0000	0.0004	0.0000	0.1584	-0.3603	-0.0003	3.9729	6.0371	5.4895	11.7316	0.9905	0.9905	0.0000	0.0000	0.0000	0.0000	0.9905	0.9905	0.0000	0.0007	0.0006	0.0001	0.0006	0.0006	0.0001	0.0000	0.0000	0.0000	0.1833	0.1599	0.0233	0.0225	0.0213	0.0012	0.1607	0.1386	0.0221	0.2255	0.1283	0.0972	0.0467	0.0406	0.0061	0.1788	0.0877	0.0911	1785.6683	1349.1284	0.0000	0.0319	0.0323	0.0000	31934.5719	32136230.8877	0.0000	0.0030	0.0046	0.0010	0.0139	0.0145	0.0097	0.0002	0.0000	0.0004
13	22	0.0687	2	0	2	0	0	0	0	0	0	N	Y	N	N	N	N	N	N	N	N	N	N	1869.2568	1135.1898	1797463.1910	0.1997	0.0866	1957.7189	4991138.3135	2847053.0766	17427264.5210	2.8337	3.1119	1.0240	0.0021	0.0010	0.0372	2.9780	3.2903	1.0349	0.0015	0.0027	0.0000	0.0103	0.0112	0.0000	0.0000	0.0000	0.0000	0.0506	0.0002	-0.3291	-0.0002	3.9729	11.9950	5.4895	7.9469	1.0427	0.9925	0.0502	0.0000	0.0000	0.0000	1.0427	0.9925	0.0502	0.0004	0.0004	0.0000	0.0004	0.0004	0.0000	0.0000	0.0000	0.0000	0.3680	0.3190	0.0490	0.0178	0.0173	0.0005	0.3501	0.3016	0.0485	0.2748	0.1520	0.1229	0.0404	0.0371	0.0033	0.2345	0.1149	0.1196	1869.2568	1135.1898	1797463.1910	0.1997	0.0866	1957.7189	4991138.3135	2847053.0766	17427264.5210	0.0015	0.0027	0.0000	0.0103	0.0112	0.0000	0.0000	0.0000	0.0000
13	23	0.2051	8	1	2	0	0	0	0	0	0	N	Y	N	N	N	N	N	N	N	N	N	N	0.0000	0.0000	0.0000	0.0000	0.0000	0.0000	0.0000	0.0000	0.0000	0.0000	0.0000	0.0000	0.0000	0.0000	0.0000	0.0000	0.0000	0.0000	0.0006	0.0010	0.0000	0.0030	0.0034	0.0000	0.0000	0.0000	0.0000	0.0031	0.0000	-0.0000	3.9729	0.0013	5.4895	0.9984	0.0000	0.0000	0.0000	0.0000	0.0000	0.0000	0.0000	0.0000	0.0000	0.0000	0.0000	0.0000	0.0000	0.0000	0.0000	0.0000	0.0000	0.0000	0.0001	0.0001	0.0000	0.0000	0.0000	0.0000	0.0001	0.0001	0.0000	0.0181	0.0100	0.0081	0.0034	0.0030	0.0004	0.0148	0.0070	0.0078	0.0000	0.0000	0.0000	0.0000	0.0000	0.0000	0.0000	0.0000	0.0000	0.0006	0.0010	0.0000	0.0030	0.0034	0.0000	0.0000	0.0000	0.0000	
13	24	0.1516	9	0	2	0	1	0	0	0	0	N	Y	N	N	N	N	N	N	N	N	N	N	0.0013	0.0000	0.0073	0.0023	0.0000	0.0107	0.0000	0.0000	0.0000	0.0000	0.0000	0.0000	0.0000	0.0000	0.0000	0.0000	0.0000	0.0000	0.0000	0.0001	0.0002	0.0001	0.0007	0.0000	0.0000	0.0000	inf	1.5220	0.0000	0.0000	3.9729	6.0729	5.4895	6.2374	0.0000	0.0000	0.0000	0.0000	0.0000	0.0000	0.0000	0.0000	0.0000	0.0000	0.0000	0.0000	0.0000	0.0000	0.0000	0.0000	0.0000	0.0000	0.1929	0.1690	0.0239	0.0296	0.0281	0.0015	0.1634	0.1409	0.0225	0.1623	0.0936	0.0687	0.0340	0.0302	0.0038	0.1282	0.0634	0.0649	0.0013	0.0000	0.0073	0.0023	0.0000	0.0107	0.0000	0.0000	0.0000	0.0000	0.0000	0.0001	0.0002	0.0001	0.0007	0.0000	0.0000	0.0000	
13	25	0.0942	5	1	2	0	0	0	0	0	0	N	Y	N	N	N	N	N	N	N	N	N	N	3.4999	2.3198	0.0000	397.0125	782.7876	0.0000	0.0000	0.0000	0.0000	0.0124	0.0142	0.0000	0.1360	0.1408	0.0000	0.0000	0.0000	0.0000	0.0036	0.0061	0.0005	0.0003	0.0002	0.0014	0.0041	0.0265	0.0004	0.0000	0.0669	-0.0027	-0.0008	3.9729	19.6128	5.4895	15.0566	0.0076	0.0076	0.0000	0.0076	0.0076	0.0000	0.0000	0.0000	0.0000	0.0015	0.0014	0.0001	0.0000	0.0000	0.0000	0.0014	0.0014	0.0001	0.6075	0.5336	0.0738	0.0555	0.0537	0.0019	0.5519	0.4800	0.0720	0.4114	0.2245	0.1869	0.0638	0.0556	0.0082	0.3476	0.1690	0.1787	3.4999	2.3198	0.0000	397.0125	782.7876	0.0000	0.0000	0.0000	0.0000	0.0036	0.0061	0.0005	0.0003	0.0002	0.0014	0.0041	0.0080	0.0004
13	26	0.2072	8	0	1	1	0	0	0	0	0	N	N	N	N	N	N	N	N	N	N	N	N	0.0000	0.0000	0.0000	0.0000	0.0000	0.0000	0.0000	0.0000	0.0000	0.0000	0.0000	0.0000	0.0000	0.0000	0.0000	0.0000	0.0000	0.0000	0.0000	0.0000	3.9729	0.0000	5.4895	0.0000	0.0000	0.0000	0.0000	0.0000	0.0000	0.0000	0.0000	0.0000	0.0000	0.0000	0.0000	0.0000	0.0000	0.0000	0.0000	0.0000	0.0000	0.0000	0.0000	0.0000	0.0000	0.0000	0.0000	0.0000	0.0000	0.0000	0.0000	0.0000	0.0000	0.0000	0.0000	0.0000	0.0000	0.0000	0.0000	0.0000	0.0000	0.0000	0.0000	0.0000	0.0000	0.0000	0.0000	0.0000	0.0000	0.0000	0.0000	0.0000	0.0000	0.0000	0.0000	0.0000	0.0000	0.0000											
13	27	0.1780	9	1	1	1	0	0	0	0	0	N	N	N	N	N	N	N	N	N	N	N	N	0.0000	0.0000	0.0000	0.0000	0.0000	0.0000	0.0000	0.0000	0.0000	0.0000	0.0000	0.0000	0.0000	0.0000	0.0000	0.0000	0.0000	0.0010	0.0016	0.0002	0.0051	0.0057	0.0000	0.0001	0.0000	0.0002	0.1050	0.0000	-0.0001	3.9729	6.0046	5.4895	3.2467	0.0000	0.0000	0.0000	0.0000	0.0000	0.0000	0.0000	0.0000	0.0000	0.0001	0.0001	0.0000	0.0001	0.0001	0.0000	0.0000	0.0000	0.0000	0.1747	0.1530	0.0216	0.0340	0.0318	0.0022	0.1407	0.1212	0.0195	0.1107	0.0612	0.0495	0.0196	0.0175	0.0021	0.0911	0.0436	0.0474	0.0000	0.0000	0.0000	0.0000	0.0000	0.0000	0.0000	0.0000	0.0000	0.0010	0.0016	0.0002	0.0051	0.0057	0.0000	0.0001	0.0000	0.0002		
13	28	0.1416	8	1	1	0	0	0	0	0	0	N	N	N	N	N	N	N	N	N	N	N	N	0.0189	0.3613	0.0000	0.8636	0.8981	0.0000	0.0000	0.0000	0.0000	0.0001	0.0002	0.0000	0.0009	0.0009	0.0000	0.0000	0.0000	0.0000	0.0071	0.0004	0.0158	0.0010	0.0010	0.0009	0.0087	0.0001	0.0167	0.0000	28.3674	-0.0000	0.0005	3.9729	7.0330	5.4895	8.3476	0.0000	0.0000	0.0000	0.0000	0.0000	0.0000	0.0000	0.0000	0.0000	0.0014	0.0000	0.0014	0.0000	0.0000	0.0000	0.0014	0.0000	0.0014	0.2236	0.1954	0.0283	0.0342	0.0325	0.0017	0.1895	0.1629	0.0266	0.1995	0.1136	0.0858	0.0417	0.0371	0.0047	0.1577	0.0766	0.0811	0.0189	0.3613	0.0000	0.8636	0.8981	0.0000	0.0000	0.0000	0.0000	0.0071	0.0004	0.0158	0.0010	0.0010	0.0009	0.0087	0.0001	0.0167
13	29	0.1516	9	0	2	0	1	0	0	0	0	N	Y	N	N	N	N	N	N	N	N	N	N	0.0000	0.0000	0.0000	0.0000	0.0000	0.0000	0.0000	0.0000	0.0000	0.0000	0.0000	0.0000	0.0000	0.0000	0.0000	0.0000	0.0000	0.0000	0.0030	0.0053	0.0000	0.0152	0.0174	0.0000	0.0000	0.0000	0.0000	0.0000	0.0000	-0.0005	3.9729	12.7698	5.4895	10.8465	0.0000	0.0000	0.0000	0.0000	0.0000	0.0000	0.0000	0.0000	0.0000	0.0008	0.0008	0.0000	0.0008	0.0008	0.0000	0.0000	0.0000	0.0000	0.3814	0.3340	0.0473	0.0554	0.0524	0.0030	0.3260	0.2816	0.0444	0.2815	0.1589	0.1226	0.0549	0.0481	0.0068	0.2266	0.1108	0.1157	0.0000	0.0000	0.0000	0.0000	0.0000	0.0000	0.0000	0.0000	0.0000	0.0030	0.0053	0.0000	0.0152	0.0174	0.0000	0.0000	0.0000	0.0000	
13	30	0.1270	5	1	1	1	0	0	0	0	0	N	N	N	N	N	N	N	N	N	N	N	N	0.0000	0.0000	0.0000	0.0000	0.0000	0.0000	0.0000	0.0000	0.0000	0.0000	0.0000	0.0000	0.0000	0.0000	0.0000	0.0000	0.0000	0.0003	0.0006	0.0000	0.0014	0.0017	0.0000	0.0000	0.0000	0.0000	0.0001	0.0000	-0.0000	3.9729	11.8338	5.4895	5.9707	0.0000	0.0000	0.0000	0.0000	0.0000	0.0000	0.0000	0.0000	0.0000	0.0001	0.0001	0.0000	0.0001	0.0001	0.0000	0.0000	0.0000	0.0000	0.3537	0.3079	0.0458	0.0278	0.0263	0.0014	0.3259	0.2816	0.0444	0.2275	0.1256	0.1018	0.0482	0.0413	0.0069	0.1793	0.0844	0.0949	0.0000	0.0000	0.0000	0.0000	0.0000	0.0000	0.0000	0.0000	0.0000	0.0003	0.0006	0.0000	0.0014	0.0017	0.0000	0.0000	0.0000	0.0000		
13	31	0.1516	9	0	1	1	0	0	0	0	0	N	N	N	N	N	N	N	N	N	N	N	N	7.6098	inf	0.0000	17.3394	inf	0.0000	0.0000	0.0000	0.0002	0.0003	0.0000	0.0015	0.0016	0.0000	0.0000	0.0000	0.0000	0.0000	0.0000	0.0001	0.0001	0.0000	0.0008	0.0000	0.0000	0.0000	0.0000	inf	-0.0000	0.0000	3.9729	6.9288	5.4895	3.0309	0.0000	0.0000	0.0000	0.0000	0.0000	0.0000	0.0000	0.0000	0.0000	0.0000	0.0000	0.0000	0.0000	0.0000	0.0000	0.0000	0.0000	0.0000	0.2183	0.1912	0.0271	0.0330	0.0314	0.0017	0.1853	0.1599	0.0255	0.1361	0.0793	0.0568	0.0294	0.0263	0.0031	0.1067	0.0530	0.0536	7.6098	inf	0.0000	17.3394	inf	0.0000	0.0000	0.0000	0.0000	0.0000	0.0000	0.0001	0.0001	0.0000	0.0008	0.0000	0.0000	0.0000	
13	32	0.1416	8	0	1	0	0	0	0	0	0	N	N	N	N	N	N	N	N	N	N	N	N	0.6945	0.5940	0.0000	0.9547	1.0116	0.0000	0.0000	0.0000	0.0000	0.0004	0.0005	0.0000	0.0019	0.0020	0.0000	0.0000	0.0000	0.0000	0.0006	0.0008	0.0003	0.0020	0.0020	0.0025	0.0001	0.0000	0.0002	0.0000	0.2355	-0.0000	-0.0000	3.9729	1.8775	5.4895	3.1058	0.0000	0.0000	0.0000	0.0000	0.0000	0.0000	0.0000	0.0000	0.0000	0.0000	0.0000	0.0000	0.0000	0.0000	0.0000	0.0000	0.0000	0.0000	0.0722	0.0632	0.0090	0.0155	0.0149	0.0006	0.0567	0.0483	0.0084	0.0820	0.0497	0.0323	0.0213	0.0197	0.0016	0.0607	0.0300	0.0307	0.6945	0.5940	0.0000	0.9547	1.0116	0.0000	0.0000	0.0000	0.0000	0.0006	0.0008	0.0003	0.0020	0.0020	0.0025	0.0001	0.0000	0.0002
13	33	0.1293	7	0	1	0	0	0	0	0	0	N	N	N	N	N	N	N	N	N	N	N	N	2.3285	1.9673	0.0000	5.2873	5.7905	0.0000	0.2166	0.2900	0.0000	0.0126	0.0144	0.0000	0.1004	0.1062	0.0000	0.0002	0.0002	0.0000	0.0054	0.0073	0.0025	0.0190	0.0183	0.0250	0.0010	0.0008	0.0011	0.0000	0.2297	-0.0008	-0.0002	3.9729	5.3867	5.4895	0.9197	0.0021	0.0021	0.0000	0.0020	0.0020	0.0000	0.0000	0.0000	0.0000	0.0005	0.0004	0.0001	0.0005	0.0004	0.0001	0.0001	0.0000	0.0000	0.1643	0.1434	0.0209	0.0203	0.0192	0.0011	0.1440	0.1242	0.0198	0.0972	0.0583	0.0389	0.0239	0.0216	0.0023	0.0733	0.0367	0.0366	2.3285	1.9673	0.0000	5.2873	5.7905	0.0000	0.2166	0.2900	0.0000	0.0054	0.0073	0.0025	0.0190	0.0183	0.0250	0.0010	0.0008	0.0011
13	34	0.2125	9	0	2	0	0	0	0	0	0	N	Y	N	N	N	N	N	N	N	N	N	N	0.0000	0.0000	0.0000	0.0000	0.0000	0.0000	0.0000	0.0000	0.0000	0.0000	0.0000	0.0000	0.0000	0.0000	0.0000	0.0000	0.0000	0.0000	0.0000	0.0000	3.9729	0.0019	5.4895	3.0025	0.0000	0.0000	0.0000	0.0000	0.0000	0.0000	0.0000	0.0000	0.0000	0.0000	0.0000	0.0000	0.0000	0.0000	0.0000	0.0000	0.0000	0.0000	0.0002	0.0002	0.0000	0.0001	0.0001	0.0000	0.0001	0.0001	0.0000	0.0338	0.0199	0.0139	0.0092	0.0080	0.0013	0.0246	0.0119	0.0127	0.0000	0.0000	0.0000	0.0000	0.0000	0.0000	0.0000	0.0000	0.0000	0.0000	0.0000	0.0000	0.0000	0.0000	0.0000	0.0000	0.0000	0.0000											
13	35	0.1932	5	1	2	0	0	0	0	0	0	N	Y	N	N	N	N	N	N	N	N	N	N	0.0000	0.0000	0.0000	0.0000	0.0000	0.0000	0.0000	0.0000	0.0000	0.0000	0.0000	0.0000	0.0000	0.0000	0.0000	0.0000	0.0000	0.0000	0.0000	0.0000	3.9729	1.0000	5.4895	1.9999	0.0000	0.0000	0.0000	0.0000	0.0000	0.0000	0.0000	0.0000	0.0000	0.0000	0.0000	0.0000	0.0000	0.0000	0.0000	0.0000	0.0000	0.0000	0.0311	0.0272	0.0039	0.0056	0.0052	0.0004	0.0255	0.0220	0.0035	0.0372	0.0201	0.0171	0.0064	0.0056	0.0008	0.0308	0.0145	0.0163	0.0000	0.0000	0.0000	0.0000	0.0000	0.0000	0.0000	0.0000	0.0000	0.0000	0.0000	0.0000	0.0000	0.0000	0.0000	0.0000	0.0000	0.0000											
13	36	0.1579	5	0	2	1	0	0	0	0	0	N	Y	N	N	N	N	N	N	N	N	N	N	0.0012	0.0009	0.0000	0.0033	0.0029	0.0000	0.0006	0.0004	0.0000	0.0000	0.0000	0.0000	0.0000	0.0000	0.0000	0.0000	0.0000	0.0000	0.0020	0.0032	0.0000	0.0055	0.0065	0.0000	0.0003	0.0006	0.0000	0.0000	0.0008	-0.0000	-0.0002	3.9729	3.0341	5.4895	5.2124	0.0000	0.0000	0.0000	0.0000	0.0000	0.0000	0.0000	0.0000	0.0000	0.0003	0.0003	0.0000	0.0002	0.0002	0.0000	0.0000	0.0000	0.0000	0.1004	0.0875	0.0129	0.0128	0.0120	0.0008	0.0876	0.0754	0.0121	0.1295	0.0815	0.0480	0.0429	0.0360	0.0069	0.0866	0.0455	0.0411	0.0012	0.0009	0.0000	0.0033	0.0029	0.0000	0.0006	0.0004	0.0000	0.0020	0.0032	0.0000	0.0055	0.0065	0.0000	0.0003	0.0006	0.0000
13	37	0.1341	4	0	2	0	0	0	0	0	0	N	Y	N	N	N	N	N	N	N	N	N	N	0.4776	0.3036	0.0000	1.4062	1.2824	0.0000	0.0000	0.0000	0.0000	0.0034	0.0039	0.0000	0.0420	0.0449	0.0000	0.0000	0.0000	0.0000	0.0070	0.0128	0.0000	0.0299	0.0350	0.0000	0.0008	0.0025	0.0000	0.0000	0.0003	-0.0001	-0.0004	3.9729	3.0544	5.4895	4.8962	0.0003	0.0003	0.0000	0.0003	0.0003	0.0000	0.0000	0.0000	0.0000	0.0008	0.0008	0.0000	0.0007	0.0007	0.0000	0.0001	0.0001	0.0000	0.0952	0.0825	0.0127	0.0076	0.0071	0.0005	0.0875	0.0753	0.0122	0.1067	0.0588	0.0479	0.0229	0.0195	0.0034	0.0838	0.0393	0.0446	0.4776	0.3036	0.0000	1.4062	1.2824	0.0000	0.0000	0.0000	0.0000	0.0070	0.0128	0.0000	0.0299	0.0350	0.0000	0.0008	0.0017	0.0000
13	38	0.2125	9	0	1	1	0	0	0	0	0	N	N	N	N	N	N	N	N	N	N	N	N	0.0000	0.0000	0.0000	0.0000	0.0000	0.0000	0.0000	0.0000	0.0000	0.0000	0.0000	0.0000	0.0000	0.0000	0.0000	0.0000	0.0000	0.0000	0.0000	0.0000	3.9729	0.9992	5.4895	1.0069	0.0000	0.0000	0.0000	0.0000	0.0000	0.0000	0.0000	0.0000	0.0000	0.0000	0.0000	0.0000	0.0000	0.0000	0.0000	0.0000	0.0000	0.0000	0.0271	0.0236	0.0035	0.0036	0.0034	0.0002	0.0235	0.0202	0.0033	0.0229	0.0135	0.0094	0.0063	0.0054	0.0008	0.0166	0.0081	0.0085	0.0000	0.0000	0.0000	0.0000	0.0000	0.0000	0.0000	0.0000	0.0000	0.0000	0.0000	0.0000	0.0000	0.0000	0.0000	0.0000	0.0000	0.0000											
13	39	0.2072	8	0	1	0	0	0	0	0	0	N	N	N	N	N	N	N	N	N	N	N	N	0.0000	0.0000	0.0000	0.0000	0.0000	0.0000	0.0000	0.0000	0.0000	0.0000	0.0000	0.0000	0.0000	0.0000	0.0000	0.0000	0.0000	0.0000	0.0000	0.0000	3.9729	1.0008	5.4895	0.9987	0.0000	0.0000	0.0000	0.0000	0.0000	0.0000	0.0000	0.0000	0.0000	0.0000	0.0000	0.0000	0.0000	0.0000	0.0000	0.0000	0.0000	0.0000	0.0274	0.0239	0.0035	0.0034	0.0032	0.0002	0.0240	0.0207	0.0033	0.0227	0.0133	0.0094	0.0057	0.0049	0.0008	0.0169	0.0083	0.0086	0.0000	0.0000	0.0000	0.0000	0.0000	0.0000	0.0000	0.0000	0.0000	0.0000	0.0000	0.0000	0.0000	0.0000	0.0000	0.0000	0.0000	0.0000											
13	40	0.1293	7	0	1	0	0	0	0	0	0	N	N	N	N	N	N	N	N	N	N	N	N	0.0000	0.0000	0.0000	0.0000	0.0000	0.0000	0.0000	0.0000	0.0000	0.0000	0.0000	0.0000	0.0000	0.0000	0.0000	0.0000	0.0000	0.0000	3.8113	8.6169	0.0000	0.0135	0.0157	0.0000	4.0624	9.5690	0.0000	0.0000	0.0000	-0.5892	3.9729	9.0374	5.4895	18.5287	0.0000	0.0000	0.0000	0.0000	0.0000	0.0000	0.0000	0.0000	0.0000	1.0002	1.0002	0.0000	0.0009	0.0009	0.0000	0.9993	0.9993	0.0000	0.2689	0.2348	0.0341	0.0328	0.0310	0.0018	0.2361	0.2038	0.0323	0.3242	0.1824	0.1418	0.0640	0.0551	0.0089	0.2602	0.1273	0.1328	0.0000	0.0000	0.0000	0.0000	0.0000	0.0000	0.0000	0.0000	0.0000	3.0854	5.4831	0.0000	0.0135	0.0157	0.0000	3.8412	7.8491	0.0000	
13	41	0.1025	6	0	1	0	0	0	0	0	0	N	N	N	N	N	N	N	N	N	N	N	N	1012.9641	879.0295	0.0000	70.5958	105.8940	0.0000	1231.8699	286.3728	0.0000	3.6626	4.2092	0.0000	0.3738	0.3929	0.0000	3.9344	4.5569	0.0000	0.0036	0.0048	0.0020	0.0053	0.0037	0.0190	0.0032	0.0159	0.0011	0.0000	0.3037	-0.3671	-0.0002	3.9729	9.0369	5.4895	3.5648	1.0091	1.0091	0.0000	0.0079	0.0079	0.0000	1.0013	1.0013	0.0000	0.0007	0.0005	0.0002	0.0002	0.0001	0.0001	0.0005	0.0004	0.0001	0.2755	0.2397	0.0358	0.0210	0.0200	0.0010	0.2545	0.2197	0.0348	0.1852	0.1072	0.0779	0.0372	0.0333	0.0039	0.1480	0.0739	0.0741	1012.9641	879.0295	0.0000	70.5958	105.8940	0.0000	1231.8699	863.9681	0.0000	0.0036	0.0048	0.0020	0.0053	0.0037	0.0190	0.0032	0.0053	0.0011
13	42	0.0687	2	0	1	0	0	0	0	0	0	N	N	N	N	N	N	N	N	N	N	N	N	0.0490	4.0636	0.0000	1.2188	18.6679	0.0000	0.0007	inf	0.0000	0.0004	0.0005	0.0000	0.0094	0.0097	0.0000	0.0000	0.0000	0.0000	0.0089	0.0001	0.0197	0.0077	0.0005	0.0863	0.0091	0.0000	0.0179	0.0000	129.7234	-0.0001	0.0011	3.9729	17.0025	5.4895	6.0864	0.0002	0.0002	0.0000	0.0002	0.0002	0.0000	0.0000	0.0000	0.0000	0.0028	0.0000	0.0028	0.0003	0.0000	0.0003	0.0024	0.0000	0.0024	0.5044	0.4378	0.0665	0.0232	0.0224	0.0007	0.4812	0.4154	0.0658	0.3105	0.1708	0.1396	0.0445	0.0408	0.0037	0.2660	0.1301	0.1359	0.0490	4.0636	0.0000	1.2188	18.6679	0.0000	0.0007	inf	0.0000	0.0089	0.0001	0.0197	0.0077	0.0005	0.0863	0.0091	0.0000	0.0179
13	44	0.0687	2	0	2	0	0	0	0	0	0	N	Y	N	N	N	N	N	N	N	N	N	N	187.4729	0.0000	2191.7138	0.2792	0.0000	3070.1056	595.3644	0.0000	2156.4429	0.2240	0.0000	1.6651	0.0016	0.0000	0.0611	0.2370	0.0000	1.6826	0.0012	0.0015	0.0008	0.0058	0.0063	0.0000	0.0004	0.0000	0.0008	inf	0.3958	0.0319	-0.0001	3.9729	6.9958	5.4895	11.8523	0.0502	0.0000	0.0502	0.0000	0.0000	0.0000	0.0502	0.0000	0.0502	0.0003	0.0002	0.0001	0.0002	0.0002	0.0000	0.0001	0.0000	0.0001	0.2241	0.1940	0.0301	0.0124	0.0120	0.0003	0.2117	0.1819	0.0298	0.2622	0.1453	0.1169	0.0389	0.0357	0.0032	0.2233	0.1095	0.1138	187.4729	0.0000	2191.7138	0.2792	0.0000	3070.1056	595.3644	0.0000	2156.4429	0.0012	0.0015	0.0008	0.0058	0.0063	0.0000	0.0004	0.0000	0.0008
13	46	0.1304	7	0	2	0	0	0	0	0	0	N	Y	N	N	N	N	N	N	N	N	N	N	0.2014	0.1895	0.0000	0.4863	0.4601	0.0000	0.0000	0.0000	0.0000	0.0000	0.0000	0.0000	0.0002	0.0003	0.0000	0.0000	0.0000	0.0000	0.0002	0.0002	0.0001	0.0005	0.0006	0.0000	0.0001	0.0000	0.0001	0.0000	0.3192	-0.0000	-0.0000	3.9729	15.0410	5.4895	10.9147	0.0000	0.0000	0.0000	0.0000	0.0000	0.0000	0.0000	0.0000	0.0000	0.0001	0.0001	0.0000	0.0001	0.0001	0.0000	0.0000	0.0000	0.0000	0.4843	0.4226	0.0617	0.0816	0.0756	0.0060	0.4027	0.3470	0.0557	0.3864	0.2405	0.1459	0.1191	0.1044	0.0147	0.2673	0.1361	0.1312	0.2014	0.1895	0.0000	0.4863	0.4601	0.0000	0.0000	0.0000	0.0000	0.0002	0.0002	0.0001	0.0005	0.0006	0.0000	0.0001	0.0000	0.0001
13	47	0.1321	6	1	1	1	0	0	0	0	0	N	N	N	N	N	N	N	N	N	N	N	N	0.0000	0.0000	0.0000	0.0000	0.0000	0.0000	0.0000	0.0000	0.0000	0.0001	0.0001	0.0000	0.0016	0.0016	0.0000	0.0000	0.0000	0.0000	2.6265	4.9914	0.0000	37.5453	36.8767	0.0000	0.0000	0.0000	0.0000	0.0000	0.0000	-0.0000	-0.2838	3.9729	12.7633	5.4895	6.3722	0.0000	0.0000	0.0000	0.0000	0.0000	0.0000	0.0000	0.0000	0.0000	0.4817	0.4817	0.0000	0.4817	0.4817	0.0000	0.0000	0.0000	0.0000	0.3823	0.3332	0.0491	0.0314	0.0299	0.0015	0.3509	0.3033	0.0476	0.2535	0.1433	0.1102	0.0609	0.0521	0.0088	0.1926	0.0912	0.1015	0.0001	0.0000	0.0000	0.0002	0.0002	0.0000	0.0000	0.0000	0.0000	1.9003	3.3627	0.0000	7.9138	9.2457	0.0000	0.0000	0.0000	0.0000
13	48	0.1270	5	0	1	0	0	0	0	0	0	N	N	N	N	N	N	N	N	N	N	N	N	0.0002	0.0080	0.0000	0.0140	0.0121	0.0000	0.0001	0.0017	0.0000	0.0003	0.0003	0.0000	0.0007	0.0007	0.0000	0.0002	0.0002	0.0000	1.4519	0.0408	2.1549	0.0517	0.0604	0.0005	1.5723	0.1065	1.6453	0.0000	20.4466	-0.0000	0.0042	3.9729	0.3513	5.4895	1.9759	0.0000	0.0000	0.0000	0.0000	0.0000	0.0000	0.0000	0.0000	0.0000	0.0115	0.0005	0.0110	0.0004	0.0004	0.0000	0.0112	0.0002	0.0110	0.0185	0.0168	0.0017	0.0045	0.0044	0.0000	0.0140	0.0123	0.0016	0.0326	0.0180	0.0146	0.0071	0.0061	0.0010	0.0254	0.0119	0.0135	0.0008	0.0109	0.0000	0.0140	0.0121	0.0000	0.0004	0.0127	0.0000	0.3540	0.0299	0.7536	0.0517	0.0604	0.0005	0.4388	0.0142	0.8111
13	49	0.1267	4	0	1	0	0	0	0	0	0	N	N	N	N	N	N	N	N	N	N	N	N	0.0000	0.0000	0.0000	0.0000	0.0000	0.0000	0.0000	0.0000	0.0000	0.0000	0.0000	0.0000	0.0000	0.0000	0.0000	0.0000	0.0000	0.0070	0.0000	0.0155	0.0000	0.0000	0.0001	0.0089	0.0000	0.0166	1550.0377	0.0000	0.0000	3.9729	0.1669	5.4895	0.0350	0.0000	0.0000	0.0000	0.0000	0.0000	0.0000	0.0000	0.0000	0.0000	0.0000	0.0000	0.0000	0.0000	0.0000	0.0000	0.0000	0.0000	0.0000	0.0052	0.0045	0.0007	0.0004	0.0003	0.0000	0.0049	0.0042	0.0007	0.0029	0.0016	0.0013	0.0006	0.0005	0.0001	0.0022	0.0010	0.0012	0.0000	0.0000	0.0000	0.0000	0.0000	0.0000	0.0000	0.0000	0.0000	0.0070	0.0000	0.0155	0.0000	0.0000	0.0001	0.0089	0.0000	0.0166		
13	50	0.1267	3	0	1	0	0	0	0	0	0	N	N	N	N	N	N	N	N	N	N	N	N	0.0000	0.0000	0.0000	0.0000	0.0000	0.0000	0.0000	0.0000	0.0000	0.0000	0.0000	0.0000	0.0000	0.0000	0.0000	0.0000	0.0000	0.0002	0.0002	0.0003	0.0005	0.0004	0.0022	0.0001	0.0000	0.0001	1.0000	0.0000	-0.0000	3.9729	0.0010	5.4895	0.0028	0.0000	0.0000	0.0000	0.0000	0.0000	0.0000	0.0000	0.0000	0.0000	0.0000	0.0000	0.0000	0.0000	0.0000	0.0000	0.0000	0.0000	0.0000	0.0001	0.0001	0.0000	0.0001	0.0000	0.0000	0.0000	0.0000	0.0000	0.0001	0.0000	0.0000	0.0000	0.0000	0.0000	0.0001	0.0000	0.0000	0.0000	0.0000	0.0000	0.0000	0.0000	0.0000	0.0000	0.0000	0.0000	0.0002	0.0002	0.0003	0.0005	0.0004	0.0022	0.0001	0.0000	0.0001		
13	51	0.0881	3	0	2	0	1	0	0	0	0	N	Y	N	N	N	N	N	N	N	N	N	N	1412.5717	913.9933	14.0637	0.0458	0.0410	9.7989	314523.6600	251003.6069	14.6156	4.1594	4.7959	0.0001	0.0007	0.0007	0.0001	4.4381	5.1588	0.0001	0.0029	0.0052	0.0000	0.0154	0.0176	0.0000	0.0000	0.0000	0.0000	0.0000	0.0012	-0.3585	-0.0005	3.9729	7.3891	5.4895	13.2142	0.9854	0.9854	0.0000	0.0000	0.0000	0.0000	0.9854	0.9854	0.0000	0.0008	0.0008	0.0000	0.0008	0.0008	0.0000	0.0000	0.0000	0.0000	0.2369	0.2055	0.0314	0.0149	0.0145	0.0004	0.2220	0.1910	0.0310	0.2821	0.1581	0.1240	0.0537	0.0470	0.0067	0.2284	0.1111	0.1173	1412.5717	913.9933	14.0637	0.0458	0.0410	9.7989	314523.6600	251003.6069	14.6156	0.0029	0.0052	0.0000	0.0154	0.0176	0.0000	0.0000	0.0000	0.0000
13	52	0.0942	4	0	2	0	0	0	0	0	0	N	Y	N	N	N	N	N	N	N	N	N	N	0.0953	0.0957	0.2082	0.0961	0.0023	2.2579	0.1188	498.2727	0.0000	0.0000	0.0000	0.0001	0.0001	0.0000	0.0043	0.0000	0.0000	0.0000	0.0004	0.0003	0.0005	0.0012	0.0011	0.0019	0.0002	0.0000	0.0004	0.5138	1.4512	-0.0000	0.0000	3.9729	12.1779	5.4895	13.0455	0.0000	0.0000	0.0000	0.0000	0.0000	0.0000	0.0000	0.0000	0.0000	0.0001	0.0000	0.0001	0.0001	0.0000	0.0000	0.0001	0.0000	0.0001	0.4105	0.3616	0.0489	0.0441	0.0429	0.0012	0.3664	0.3187	0.0477	0.3149	0.1719	0.1430	0.0497	0.0434	0.0063	0.2652	0.1285	0.1367	0.0953	0.0957	0.2082	0.0961	0.0023	2.2579	0.1188	498.2727	0.0000	0.0004	0.0003	0.0005	0.0012	0.0011	0.0019	0.0002	0.0000	0.0004
13	53	0.1341	4	0	2	0	0	0	0	0	0	N	Y	N	N	N	N	N	N	N	N	N	N	0.0000	0.0000	0.0000	0.0000	0.0000	0.0000	0.0000	0.0000	0.0000	0.0000	0.0000	0.0000	0.0000	0.0000	0.0000	0.0000	0.0000	0.0000	0.0000	0.0000	0.0000	0.0000	0.0000	0.0000	inf	0.0000	0.0000	3.9729	3.0001	5.4895	3.0003	0.0000	0.0000	0.0000	0.0000	0.0000	0.0000	0.0000	0.0000	0.0000	0.0000	0.0000	0.0000	0.0000	0.0000	0.0000	0.0000	0.0000	0.0000	0.0935	0.0810	0.0125	0.0075	0.0070	0.0005	0.0860	0.0740	0.0120	0.0814	0.0448	0.0366	0.0175	0.0149	0.0026	0.0639	0.0299	0.0340	0.0000	0.0000	0.0000	0.0000	0.0000	0.0000	0.0000	0.0000	0.0000	0.0000	0.0000	0.0000	0.0000	0.0000	0.0000	0.0000	0.0000	0.0000				
13	54	0.1267	3	0	1	0	0	0	0	0	0	N	N	N	N	N	N	N	N	N	N	N	N	0.0000	0.0000	0.0000	0.0000	0.0000	0.0000	0.0000	0.0000	0.0000	0.0000	0.0000	0.0000	0.0000	0.0000	0.0000	0.0000	0.0000	0.0000	0.0000	0.0000	0.0000	0.0000	0.0000	0.0000	0.0000	0.0000	0.0510	0.0000	-0.0000	3.9729	1.9998	5.4895	1.0017	0.0000	0.0000	0.0000	0.0000	0.0000	0.0000	0.0000	0.0000	0.0000	0.0000	0.0000	0.0000	0.0000	0.0000	0.0000	0.0000	0.0000	0.0000	0.0620	0.0536	0.0083	0.0042	0.0040	0.0002	0.0577	0.0497	0.0081	0.0414	0.0228	0.0186	0.0089	0.0076	0.0013	0.0325	0.0152	0.0173	0.0000	0.0000	0.0000	0.0000	0.0000	0.0000	0.0000	0.0000	0.0000	0.0000	0.0000	0.0000	0.0000	0.0000	0.0000	0.0000	0.0000	0.0000		
13	55	0.0687	2	0	1	0	0	0	0	0	0	N	N	N	N	N	N	N	N	N	N	N	N	0.5266	0.3378	0.0000	1.4630	1.3833	0.0000	20.0646	12.0718	0.0000	0.0009	0.0010	0.0000	0.0162	0.0166	0.0000	0.0000	0.0000	0.0000	0.0017	0.0030	0.0000	0.0111	0.0120	0.0000	0.0000	0.0000	0.0000	0.0000	0.0002	-0.0001	-0.0002	3.9729	8.0033	5.4895	9.9473	0.0002	0.0002	0.0000	0.0002	0.0002	0.0000	0.0000	0.0000	0.0000	0.0004	0.0004	0.0000	0.0004	0.0004	0.0000	0.0000	0.0000	0.0000	0.2538	0.2197	0.0341	0.0135	0.0131	0.0004	0.2403	0.2066	0.0337	0.2517	0.1397	0.1120	0.0377	0.0346	0.0030	0.2140	0.1051	0.1089	0.5266	0.3378	0.0000	1.4630	1.3833	0.0000	20.0646	12.0718	0.0000	0.0017	0.0030	0.0000	0.0111	0.0120	0.0000	0.0000	0.0000	0.0000
13	56	0.1519	8	0	2	0	0	0	0	0	0	N	Y	N	N	N	N	N	N	N	N	N	N	2.1246	1.5229	0.0000	0.0002	0.0002	0.0000	10.7498	6.6218	0.0000	0.0036	0.0041	0.0000	0.0000	0.0000	0.0000	0.0043	0.0050	0.0000	0.0017	0.0027	0.0001	0.0040	0.0047	0.0000	0.0004	0.0008	0.0001	0.0000	0.0141	-0.0002	-0.0002	3.9729	5.0156	5.4895	9.5596	0.0006	0.0006	0.0000	0.0000	0.0000	0.0000	0.0006	0.0006	0.0000	0.0004	0.0004	0.0000	0.0003	0.0003	0.0000	0.0001	0.0001	0.0000	0.1569	0.1372	0.0197	0.0260	0.0243	0.0017	0.1309	0.1129	0.0181	0.2134	0.1319	0.0815	0.0760	0.0652	0.0108	0.1374	0.0667	0.0708	2.1246	1.5229	0.0000	0.0002	0.0002	0.0000	10.7498	6.6218	0.0000	0.0017	0.0027	0.0001	0.0040	0.0047	0.0000	0.0004	0.0008	0.0001
13	57	0.1304	7	0	2	0	0	0	0	0	0	N	Y	N	N	N	N	N	N	N	N	N	N	126.6730	89.7371	0.0003	2.1090	2.1033	0.0000	1223.6458	465.1681	0.0008	1.8781	2.1585	0.0000	0.0756	0.0824	0.0000	2.4753	2.8976	0.0000	0.0148	0.0241	0.0008	0.0359	0.0392	0.0036	0.0020	0.0062	0.0004	0.0000	0.0166	-0.1486	-0.0019	3.9729	5.2776	5.4895	4.9316	0.4084	0.4084	0.0000	0.0041	0.0041	0.0000	0.4044	0.4044	0.0000	0.0034	0.0033	0.0001	0.0031	0.0031	0.0000	0.0003	0.0003	0.0000	0.2175	0.1892	0.0283	0.0541	0.0497	0.0044	0.1634	0.1395	0.0238	0.2285	0.1555	0.0730	0.0865	0.0784	0.0081	0.1420	0.0771	0.0649	126.6730	100.7417	0.0003	2.1090	2.1033	0.0000	1223.6458	856.1518	0.0008	0.0148	0.0214	0.0008	0.0359	0.0392	0.0036	0.0020	0.0034	0.0004
13	58	0.1025	6	0	1	0	0	0	0	0	0	N	N	N	N	N	N	N	N	N	N	N	N	127.5995	56.1018	22.1392	3.5299	3.3328	5.7532	293.4937	15.1795	22.6777	2.9280	3.3563	0.0616	0.2489	0.2604	0.0169	3.1589	3.6509	0.0630	0.0229	0.0598	0.0028	0.0705	0.0781	0.0029	0.0108	0.2405	0.0028	0.0027	0.0535	-0.2121	-0.0022	3.9729	6.4383	5.4895	5.2340	0.5876	0.5860	0.0016	0.0040	0.0040	0.0000	0.5836	0.5820	0.0016	0.0040	0.0038	0.0002	0.0025	0.0025	0.0000	0.0015	0.0013	0.0002	0.2007	0.1746	0.0261	0.0159	0.0152	0.0008	0.1848	0.1594	0.0253	0.1741	0.1013	0.0728	0.0355	0.0319	0.0036	0.1386	0.0694	0.0692	127.5995	89.6477	22.1392	3.5299	3.3328	5.7532	293.4937	194.9366	22.6777	0.0229	0.0374	0.0028	0.0705	0.0781	0.0029	0.0108	0.0187	0.0028
13	59	0.0942	5	0	1	0	0	0	0	0	0	N	N	N	N	N	N	N	N	N	N	N	N	20.5761	17.3573	0.2260	14.0999	13.8240	0.0216	32.0289	32.8894	0.2644	0.0873	0.0970	0.0006	0.2012	0.2039	0.0002	0.0602	0.0685	0.0006	0.0042	0.0056	0.0025	0.0143	0.0148	0.0098	0.0019	0.0021	0.0022	0.0007	0.3445	-0.0056	-0.0001	3.9729	3.9043	5.4895	0.3762	0.0153	0.0153	0.0000	0.0068	0.0068	0.0000	0.0085	0.0085	0.0000	0.0003	0.0002	0.0001	0.0002	0.0002	0.0000	0.0001	0.0000	0.0001	0.1752	0.1575	0.0177	0.0336	0.0331	0.0005	0.1416	0.1244	0.0172	0.0650	0.0367	0.0283	0.0124	0.0112	0.0012	0.0526	0.0255	0.0271	20.5761	17.3573	0.2260	14.0999	13.8240	0.0216	32.0289	43.4777	0.2644	0.0042	0.0056	0.0025	0.0143	0.0148	0.0098	0.0019	0.0016	0.0022
13	60	0.0942	4	0	1	0	0	0	0	0	0	N	N	N	N	N	N	N	N	N	N	N	N	29.0835	37.2946	0.0882	20.2797	22.2196	0.7605	37.6208	13280.3915	0.0030	0.1343	0.1455	0.0005	0.2317	0.2332	0.0182	0.0946	0.1058	0.0000	0.0046	0.0039	0.0057	0.0114	0.0105	0.0240	0.0025	0.0000	0.0049	0.0003	0.9977	-0.0049	-0.0000	3.9729	1.5036	5.4895	0.1987	0.0135	0.0135	0.0000	0.0068	0.0068	0.0000	0.0068	0.0068	0.0000	0.0001	0.0001	0.0001	0.0001	0.0001	0.0000	0.0001	0.0000	0.0001	0.1006	0.0928	0.0078	0.0292	0.0290	0.0002	0.0714	0.0638	0.0076	0.0307	0.0182	0.0125	0.0072	0.0067	0.0005	0.0234	0.0114	0.0120	29.0835	37.2946	0.0882	20.2797	22.2196	0.7605	37.6208	13280.3915	0.0030	0.0046	0.0039	0.0057	0.0114	0.0105	0.0240	0.0025	0.0000	0.0049
13	61	0.0881	3	0	1	0	0	0	0	0	0	N	N	N	N	N	N	N	N	N	N	N	N	4.3652	198.1167	0.0001	52.6542	426.3474	0.0010	1.6949	826.7038	0.0000	0.1431	0.1649	0.0000	0.7778	0.7947	0.0002	0.0773	0.0903	0.0000	0.0328	0.0008	0.0815	0.0148	0.0019	0.1878	0.0456	0.0001	0.0761	0.0000	60.4591	-0.0050	0.0009	3.9729	2.7181	5.4895	1.0102	0.0138	0.0138	0.0000	0.0070	0.0070	0.0000	0.0068	0.0068	0.0000	0.0024	0.0000	0.0023	0.0003	0.0000	0.0003	0.0021	0.0000	0.0021	0.0963	0.0836	0.0127	0.0090	0.0088	0.0002	0.0873	0.0747	0.0125	0.0748	0.0463	0.0286	0.0206	0.0191	0.0015	0.0543	0.0272	0.0271	4.5236	198.1167	0.0001	52.6542	426.3474	0.0011	2.0343	826.7038	0.0000	0.0316	0.0008	0.0815	0.0148	0.0019	0.1784	0.0380	0.0001	0.0761
13	62	0.0687	2	0	1	0	0	0	0	0	0	N	N	N	N	N	N	N	N	N	N	N	N	20.0338	52.7505	0.0291	3.0554	4.1058	0.0116	26.1417	317.5367	0.0320	0.1328	0.1535	0.0003	0.0352	0.0356	0.0006	0.1449	0.1706	0.0003	0.0066	0.0029	0.0118	0.0115	0.0087	0.0533	0.0055	0.0005	0.0107	0.0004	2.9044	-0.0026	0.0001	3.9729	1.4525	5.4895	6.3634	0.0073	0.0073	0.0000	0.0002	0.0002	0.0000	0.0071	0.0071	0.0000	0.0008	0.0002	0.0006	0.0003	0.0002	0.0001	0.0006	0.0000	0.0005	0.0549	0.0474	0.0074	0.0061	0.0060	0.0001	0.0488	0.0414	0.0073	0.1264	0.0737	0.0527	0.0229	0.0215	0.0015	0.1035	0.0522	0.0512	20.0338	52.7505	0.0291	3.0554	4.1058	0.0116	26.1417	317.5367	0.0320	0.0066	0.0029	0.0118	0.0115	0.0087	0.0533	0.0055	0.0005	0.0107
13	63	0.1480	5	1	2	0	1	0	0	0	0	N	Y	N	N	N	N	N	N	N	N	N	N	0.0000	0.0000	0.0000	0.0000	0.0000	0.0000	0.0000	0.0000	0.0000	0.0000	0.0000	0.0000	0.0000	0.0000	0.0000	0.0000	0.0000	0.0000	0.0000	0.0000	0.0000	0.0000	inf	0.0000	0.0000	3.9729	2.0000	5.4895	2.0002	0.0000	0.0000	0.0000	0.0000	0.0000	0.0000	0.0000	0.0000	0.0000	0.0000	0.0000	0.0000	0.0000	0.0000	0.0000	0.0000	0.0000	0.0000	0.0619	0.0538	0.0080	0.0081	0.0076	0.0006	0.0537	0.0463	0.0075	0.0522	0.0286	0.0237	0.0094	0.0082	0.0013	0.0428	0.0204	0.0224	0.0000	0.0000	0.0000	0.0000	0.0000	0.0000	0.0000	0.0000	0.0000	0.0000	0.0000	0.0000	0.0000	0.0000	0.0000	0.0000	0.0000	0.0000						
13	64	0.1637	9	0	2	0	1	0	0	0	0	N	Y	N	N	N	N	N	N	N	N	N	N	128964.2318	83498.5775	0.0000	180600.2380	171531.1169	0.0000	0.0000	0.0000	0.0000	14.7338	16.9251	0.0000	99.3099	106.8875	0.0000	0.0000	0.0000	0.0000	0.0001	0.0002	0.0000	0.0005	0.0006	0.0000	0.0000	0.0000	0.0000	0.0000	0.0038	-0.3359	-0.0000	3.9729	2.0059	5.4895	4.8036	0.9234	0.9234	0.0000	0.9234	0.9234	0.0000	0.0000	0.0000	0.0000	0.0000	0.0000	0.0000	0.0000	0.0000	0.0000	0.0000	0.0000	0.0000	0.0627	0.0546	0.0081	0.0093	0.0086	0.0007	0.0534	0.0459	0.0075	0.0884	0.0497	0.0388	0.0183	0.0161	0.0022	0.0701	0.0335	0.0366	128964.2318	83498.5775	0.0000	180600.2380	171531.1169	0.0000	0.0000	0.0000	0.0000	0.0001	0.0002	0.0000	0.0005	0.0006	0.0000	0.0000	0.0000	0.0000
13	65	0.1609	7	0	2	0	0	0	0	0	0	N	Y	N	N	N	N	N	N	N	N	N	N	27142.2484	17206.1472	0.0000	1.8756	1.8129	0.0000	6613957.8512	52813799.1941	0.0000	29.6384	33.9477	0.0000	0.0092	0.0100	0.0000	35.4308	41.0492	0.0000	0.0011	0.0020	0.0000	0.0049	0.0055	0.0000	0.0000	0.0000	0.0000	0.0000	0.0045	-0.3536	-0.0000	3.9729	0.9804	5.4895	0.2754	0.9721	0.9721	0.0000	0.0000	0.0000	0.0000	0.9720	0.9720	0.0000	0.0000	0.0000	0.0000	0.0000	0.0000	0.0000	0.0000	0.0000	0.0000	0.0328	0.0286	0.0042	0.0054	0.0050	0.0004	0.0274	0.0237	0.0038	0.0185	0.0102	0.0083	0.0041	0.0037	0.0004	0.0144	0.0066	0.0079	27142.2484	17206.1472	0.0000	1.8756	1.8129	0.0000	6613957.8512	52813799.1941	0.0000	0.0011	0.0020	0.0000	0.0049	0.0055	0.0000	0.0000	0.0000	0.0000
13	66	0.1588	8	0	1	1	1	0	0	0	0	N	N	N	N	N	N	N	N	N	N	N	N	0.0000	0.0000	0.0000	0.0000	0.0000	0.0000	0.0000	0.0000	0.0000	0.0000	0.0000	0.0000	0.0000	0.0000	0.0000	0.0000	0.0000	0.0000	0.0009	0.0016	0.0000	0.0044	0.0049	0.0000	0.0000	0.0000	0.0000	0.0002	0.0000	-0.0000	3.9729	0.9437	5.4895	4.8091	0.0000	0.0000	0.0000	0.0000	0.0000	0.0000	0.0000	0.0000	0.0000	0.0001	0.0001	0.0000	0.0001	0.0001	0.0000	0.0000	0.0000	0.0000	0.0404	0.0351	0.0053	0.0106	0.0100	0.0006	0.0298	0.0252	0.0047	0.0771	0.0435	0.0336	0.0160	0.0142	0.0019	0.0610	0.0293	0.0317	0.0000	0.0000	0.0000	0.0000	0.0000	0.0000	0.0000	0.0000	0.0000	0.0009	0.0016	0.0000	0.0044	0.0049	0.0000	0.0000	0.0000	0.0000	
13	67	0.1517	7	0	1	1	1	0	0	0	0	N	N	N	N	N	N	N	N	N	N	N	N	0.0000	0.0000	0.0000	0.0000	0.0000	0.0000	0.0000	0.0000	0.0000	0.0000	0.0000	0.0000	0.0000	0.0000	0.0000	0.0000	0.0000	0.0000	0.0003	0.0005	0.0000	0.0014	0.0016	0.0000	0.0000	0.0000	0.0000	0.0094	0.0000	-0.0000	3.9729	4.0088	5.4895	5.0246	0.0000	0.0000	0.0000	0.0000	0.0000	0.0000	0.0000	0.0000	0.0000	0.0000	0.0000	0.0000	0.0000	0.0000	0.0000	0.0000	0.0000	0.0000	0.1228	0.1069	0.0159	0.0163	0.0152	0.0011	0.1065	0.0917	0.0148	0.1166	0.0643	0.0523	0.0216	0.0188	0.0028	0.0950	0.0455	0.0496	0.0000	0.0000	0.0000	0.0000	0.0000	0.0000	0.0000	0.0000	0.0000	0.0003	0.0005	0.0000	0.0014	0.0016	0.0000	0.0000	0.0000	0.0000	
13	68	0.1637	9	0	1	1	1	0	0	0	0	N	N	N	N	N	N	N	N	N	N	N	N	45.4499	0.0000	39962.6597	0.0000	0.0000	0.0000	14830.7218	0.0000	66875.7603	0.0067	0.0000	0.0514	0.0000	0.0000	0.0000	0.0079	0.0000	0.0559	0.0001	0.0003	0.0000	0.0007	0.0008	0.0000	0.0000	0.0000	0.0000	inf	0.0038	0.0001	-0.0000	3.9729	1.0064	5.4895	4.2000	0.0002	0.0000	0.0002	0.0000	0.0000	0.0000	0.0002	0.0000	0.0002	0.0000	0.0000	0.0000	0.0000	0.0000	0.0000	0.0000	0.0000	0.0000	0.0318	0.0277	0.0041	0.0048	0.0045	0.0003	0.0270	0.0232	0.0038	0.0688	0.0388	0.0300	0.0145	0.0128	0.0017	0.0543	0.0260	0.0283	45.4499	0.0000	39962.6597	0.0000	0.0000	0.0000	14830.7218	0.0000	66875.7603	0.0001	0.0003	0.0000	0.0007	0.0008	0.0000	0.0000	0.0000	0.0000
13	69	0.1588	8	0	1	0	1	0	0	0	0	N	N	N	N	N	N	N	N	N	N	N	N	10.0178	6.8079	0.0000	485.0924	543.1410	0.0000	0.0000	0.0000	0.0000	0.0042	0.0048	0.0000	0.0177	0.0188	0.0000	0.0000	0.0000	0.0000	0.0004	0.0007	0.0000	0.0000	0.0000	0.0001	0.0005	0.0011	0.0000	0.0000	0.0075	-0.0001	-0.0000	3.9729	1.2889	5.4895	0.3511	0.0002	0.0002	0.0000	0.0002	0.0002	0.0000	0.0000	0.0000	0.0000	0.0000	0.0000	0.0000	0.0000	0.0000	0.0000	0.0000	0.0000	0.0000	0.0510	0.0444	0.0067	0.0120	0.0113	0.0007	0.0390	0.0331	0.0059	0.0248	0.0146	0.0103	0.0059	0.0053	0.0005	0.0189	0.0092	0.0097	10.0178	6.8079	0.0000	485.0924	543.1410	0.0000	0.0000	0.0000	0.0000	0.0004	0.0007	0.0000	0.0000	0.0000	0.0001	0.0005	0.0011	0.0000
13	70	0.1517	7	0	1	0	1	0	0	0	0	N	N	N	N	N	N	N	N	N	N	N	N	0.0000	0.0000	0.0000	0.0000	0.0000	0.0000	0.0000	0.0000	0.0000	0.0000	0.0000	0.0000	0.0000	0.0000	0.0000	0.0000	0.0000	0.0000	0.0004	0.0006	0.0000	0.0017	0.0019	0.0000	0.0000	0.0000	0.0000	0.0035	0.0000	-0.0000	3.9729	0.7777	5.4895	1.1718	0.0000	0.0000	0.0000	0.0000	0.0000	0.0000	0.0000	0.0000	0.0000	0.0000	0.0000	0.0000	0.0000	0.0000	0.0000	0.0000	0.0000	0.0000	0.0244	0.0212	0.0032	0.0033	0.0031	0.0002	0.0211	0.0182	0.0030	0.0276	0.0155	0.0121	0.0056	0.0050	0.0006	0.0220	0.0105	0.0115	0.0000	0.0000	0.0000	0.0000	0.0000	0.0000	0.0000	0.0000	0.0000	0.0004	0.0006	0.0000	0.0017	0.0019	0.0000	0.0000	0.0000	0.0000	
13	71	0.1480	6	0	1	0	1	0	0	0	0	N	N	N	N	N	N	N	N	N	N	N	N	0.0000	0.0000	0.0000	0.0000	0.0000	0.0000	0.0000	0.0000	0.0000	0.0000	0.0000	0.0000	0.0000	0.0000	0.0000	0.0000	0.0000	0.0000	0.0000	0.0000	0.0001	0.0001	0.0000	0.0000	0.0000	0.0000	0.0035	0.0000	-0.0000	3.9729	0.9929	5.4895	0.0325	0.0000	0.0000	0.0000	0.0000	0.0000	0.0000	0.0000	0.0000	0.0000	0.0000	0.0000	0.0000	0.0000	0.0000	0.0000	0.0000	0.0000	0.0000	0.0309	0.0269	0.0040	0.0041	0.0038	0.0003	0.0268	0.0231	0.0037	0.0136	0.0075	0.0062	0.0025	0.0021	0.0003	0.0112	0.0053	0.0058	0.0000	0.0000	0.0000	0.0000	0.0000	0.0000	0.0000	0.0000	0.0000	0.0000	0.0000	0.0000	0.0001	0.0001	0.0000	0.0000	0.0000	0.0000		
13	72	0.1932	5	1	2	0	0	0	0	0	0	N	Y	N	N	N	N	N	N	N	N	N	N	0.0000	0.0000	0.0000	0.0000	0.0000	0.0000	0.0000	0.0000	0.0000	0.0000	0.0000	0.0000	0.0000	0.0000	0.0000	0.0000	0.0000	0.0000	0.0000	0.0000	3.9729	0.0000	5.4895	0.0001	0.0000	0.0000	0.0000	0.0000	0.0000	0.0000	0.0000	0.0000	0.0000	0.0000	0.0000	0.0000	0.0000	0.0000	0.0000	0.0000	0.0000	0.0000	0.0000	0.0000	0.0000	0.0000	0.0000	0.0000	0.0000	0.0000	0.0000	0.0000	0.0000	0.0000	0.0000	0.0000	0.0000	0.0000	0.0000	0.0000	0.0000	0.0000	0.0000	0.0000	0.0000	0.0000	0.0000	0.0000	0.0000	0.0000	0.0000	0.0000	0.0000	0.0000	0.0000	0.0000	0.0000	0.0000											
13	73	0.1299	4	1	2	0	0	0	0	0	0	N	Y	N	N	N	N	N	N	N	N	N	N	20904.7747	13472.9041	0.0000	29683.1930	28384.1503	0.0000	2.2090	8.8671	0.0000	3.0685	3.5205	0.0000	25.4928	27.3649	0.0000	0.0000	0.0000	0.0000	0.0001	0.0003	0.0000	0.0009	0.0010	0.0001	0.0000	0.0000	0.0000	0.0000	0.0261	-0.3359	-0.0000	3.9729	9.9619	5.4895	7.0378	0.9234	0.9234	0.0000	0.9234	0.9234	0.0000	0.0000	0.0000	0.0000	0.0000	0.0000	0.0000	0.0000	0.0000	0.0000	0.0000	0.0000	0.0000	0.3009	0.2623	0.0386	0.0362	0.0337	0.0025	0.2647	0.2286	0.0362	0.2121	0.1161	0.0960	0.0359	0.0314	0.0045	0.1761	0.0847	0.0915	20904.7747	13472.9041	0.0000	29683.1930	28384.1503	0.0000	2.2090	8.8671	0.0000	0.0001	0.0003	0.0000	0.0009	0.0010	0.0001	0.0000	0.0000	0.0000
13	74	0.1417	4	0	2	0	0	0	0	0	0	N	Y	N	N	N	N	N	N	N	N	N	N	0.0287	0.0641	0.0000	0.0264	0.0852	0.0000	0.0000	0.0000	0.0000	0.0001	0.0001	0.0000	0.0004	0.0004	0.0000	0.0000	0.0000	0.0000	0.0027	0.0014	0.0043	0.0153	0.0050	0.0989	0.0002	0.0000	0.0003	0.0000	2.5851	-0.0000	0.0000	3.9729	7.0442	5.4895	2.0273	0.0000	0.0000	0.0000	0.0000	0.0000	0.0000	0.0000	0.0000	0.0000	0.0003	0.0001	0.0002	0.0003	0.0001	0.0002	0.0000	0.0000	0.0000	0.2570	0.2252	0.0318	0.0494	0.0465	0.0028	0.2076	0.1787	0.0289	0.1197	0.0654	0.0543	0.0201	0.0179	0.0022	0.0996	0.0475	0.0521	0.0287	0.0641	0.0000	0.0264	0.0852	0.0000	0.0000	0.0000	0.0000	0.0027	0.0014	0.0043	0.0153	0.0050	0.0989	0.0002	0.0000	0.0003
13	75	0.1178	3	0	2	0	0	0	0	0	0	N	Y	N	N	N	N	N	N	N	N	N	N	0.0020	0.0013	0.0000	0.0026	0.0024	0.0000	0.0000	0.0000	0.0000	0.0000	0.0000	0.0000	0.0001	0.0001	0.0000	0.0000	0.0000	0.0000	0.0045	0.0081	0.0001	0.0208	0.0235	0.0021	0.0011	0.0037	0.0000	0.0000	0.0120	-0.0000	-0.0003	3.9729	4.3369	5.4895	3.0972	0.0000	0.0000	0.0000	0.0000	0.0000	0.0000	0.0000	0.0000	0.0000	0.0005	0.0004	0.0000	0.0004	0.0004	0.0000	0.0001	0.0001	0.0000	0.1633	0.1434	0.0199	0.0274	0.0264	0.0010	0.1359	0.1170	0.0189	0.0995	0.0548	0.0447	0.0173	0.0151	0.0021	0.0822	0.0397	0.0426	0.0020	0.0013	0.0000	0.0026	0.0024	0.0000	0.0000	0.0000	0.0000	0.0045	0.0081	0.0001	0.0208	0.0235	0.0021	0.0011	0.0023	0.0000
13	76	0.2051	8	1	2	0	0	0	0	0	0	N	Y	N	N	N	N	N	N	N	N	N	N	0.0000	0.0000	0.0000	0.0000	0.0000	0.0000	0.0000	0.0000	0.0000	0.0000	0.0000	0.0000	0.0000	0.0000	0.0000	0.0000	0.0000	0.0000	0.0003	0.0005	0.0000	0.0015	0.0017	0.0000	0.0000	0.0000	0.0000	0.0031	0.0000	-0.0000	3.9729	1.9992	5.4895	0.0055	0.0000	0.0000	0.0000	0.0000	0.0000	0.0000	0.0000	0.0000	0.0000	0.0000	0.0000	0.0000	0.0000	0.0000	0.0000	0.0000	0.0000	0.0000	0.0816	0.0715	0.0101	0.0116	0.0109	0.0007	0.0700	0.0606	0.0093	0.0359	0.0198	0.0161	0.0066	0.0058	0.0008	0.0293	0.0140	0.0153	0.0000	0.0000	0.0000	0.0000	0.0000	0.0000	0.0000	0.0000	0.0000	0.0003	0.0005	0.0000	0.0015	0.0017	0.0000	0.0000	0.0000	0.0000	
13	77	0.1609	7	1	2	0	0	0	0	0	0	N	Y	N	N	N	N	N	N	N	N	N	N	603.8469	380.6114	0.0000	1669.6433	1560.1036	0.0000	0.0000	0.0000	0.0000	0.1320	0.1513	0.0000	0.9498	1.0172	0.0000	0.0000	0.0000	0.0000	0.0002	0.0004	0.0000	0.0006	0.0007	0.0000	0.0001	0.0003	0.0000	0.0000	0.0016	-0.0074	-0.0000	3.9729	5.0219	5.4895	2.0148	0.0205	0.0205	0.0000	0.0205	0.0205	0.0000	0.0000	0.0000	0.0000	0.0000	0.0000	0.0000	0.0000	0.0000	0.0000	0.0000	0.0000	0.0000	0.1550	0.1352	0.0198	0.0215	0.0201	0.0014	0.1335	0.1151	0.0184	0.0923	0.0507	0.0416	0.0178	0.0155	0.0023	0.0746	0.0352	0.0394	603.8469	380.6114	0.0000	1669.6433	1560.1036	0.0000	0.0000	0.0000	0.0000	0.0002	0.0004	0.0000	0.0006	0.0007	0.0000	0.0001	0.0003	0.0000
13	78	0.1480	6	0	2	0	0	0	0	0	0	N	Y	N	N	N	N	N	N	N	N	N	N	1561.1858	1946.4234	5.3105	4.5032	4.1931	1480.5123	1633.9591	5.4154	0.6445	0.7407	0.0024	0.0000	0.0001	0.0000	0.7422	0.8618	0.0026	0.0004	0.0004	0.0005	0.0000	0.0000	0.0000	0.0005	0.0005	0.0005	0.0005	0.9833	-0.0074	-0.0000	3.9729	1.0203	5.4895	2.7327	0.0205	0.0204	0.0000	0.0000	0.0000	0.0000	0.0205	0.0204	0.0000	0.0000	0.0000	0.0000	0.0000	0.0000	0.0000	0.0000	0.0000	0.0000	0.0317	0.0276	0.0041	0.0042	0.0039	0.0003	0.0276	0.0237	0.0038	0.0491	0.0268	0.0222	0.0089	0.0077	0.0012	0.0402	0.0192	0.0210	1561.1858	1946.4234	5.3105	4.5032	4.1931	0.0000	1480.5123	1633.9591	5.4154	0.0004	0.0004	0.0005	0.0000	0.0000	0.0000	0.0005	0.0005	0.0005	
13	79	0.1480	5	0	1	0	0	0	0	0	0	N	N	N	N	N	N	N	N	N	N	N	N	0.0000	0.0000	0.0000	0.0000	0.0000	0.0000	0.0000	0.0000	0.0000	0.0000	0.0000	0.0000	0.0000	0.0000	0.0000	0.0000	0.0000	0.0000	0.0001	0.0000	0.0000	0.0000	0.0000	0.0000	0.0001	1.0000	0.0000	-0.0000	3.9729	0.0000	5.4895	0.0018	0.0000	0.0000	0.0000	0.0000	0.0000	0.0000	0.0000	0.0000	0.0000	0.0000	0.0000	0.0000	0.0000	0.0000	0.0000	0.0000	0.0000	0.0000	0.0000	0.0000	0.0000	0.0000	0.0000	0.0000	0.0000	0.0000	0.0000	0.0001	0.0000	0.0000	0.0000	0.0000	0.0000	0.0000	0.0000	0.0000	0.0000	0.0000	0.0000	0.0000	0.0000	0.0000	0.0000	0.0000	0.0000	0.0000	0.0000	0.0001	0.0000	0.0000	0.0000	0.0000	0.0000	0.0001			
13	80	0.1299	4	0	1	0	0	0	0	0	0	N	N	N	N	N	N	N	N	N	N	N	N	0.6287	0.0019	609.1489	0.0002	0.0002	0.0000	453.0554	6.9098	2033.3035	0.0020	0.0000	0.0159	0.0000	0.0000	0.0000	0.0024	0.0000	0.0170	0.0033	0.0059	0.0000	0.0186	0.0211	0.0004	0.0000	0.0000	0.0000	211.6455	0.0036	0.0001	-0.0001	3.9729	3.0825	5.4895	2.0124	0.0002	0.0000	0.0002	0.0000	0.0000	0.0000	0.0002	0.0000	0.0002	0.0002	0.0002	0.0000	0.0002	0.0002	0.0000	0.0000	0.0000	0.0000	0.0998	0.0870	0.0128	0.0132	0.0124	0.0008	0.0866	0.0747	0.0120	0.0681	0.0374	0.0308	0.0119	0.0105	0.0015	0.0562	0.0269	0.0293	0.6287	0.0019	609.1489	0.0002	0.0002	0.0000	453.0554	6.9098	2033.3035	0.0033	0.0059	0.0000	0.0186	0.0211	0.0004	0.0000	0.0000	0.0000
13	81	0.1178	3	0	1	0	0	0	0	0	0	N	N	N	N	N	N	N	N	N	N	N	N	1.3168	0.8455	0.0000	0.7581	0.7259	0.0000	1.5649	0.1590	0.0000	0.0081	0.0092	0.0000	0.0080	0.0082	0.0000	0.0081	0.0094	0.0000	0.0061	0.0109	0.0003	0.0105	0.0113	0.0044	0.0052	0.0594	0.0000	0.0000	0.0187	-0.0004	-0.0002	3.9729	3.6751	5.4895	0.0788	0.0012	0.0012	0.0000	0.0002	0.0002	0.0000	0.0010	0.0010	0.0000	0.0003	0.0003	0.0000	0.0001	0.0001	0.0000	0.0002	0.0002	0.0000	0.1434	0.1262	0.0172	0.0256	0.0248	0.0008	0.1179	0.1014	0.0164	0.0521	0.0289	0.0232	0.0094	0.0083	0.0011	0.0427	0.0206	0.0221	1.3168	0.8455	0.0000	0.7581	0.7259	0.0000	1.5649	0.8818	0.0000	0.0061	0.0109	0.0003	0.0105	0.0113	0.0044	0.0052	0.0107	0.0000
13	82	0.0687	2	0	1	0	0	0	0	0	0	N	N	N	N	N	N	N	N	N	N	N	N	0.4566	0.3297	0.0001	1.8918	1.9761	0.0000	0.0294	0.0194	0.0004	0.0008	0.0010	0.0000	0.0155	0.0160	0.0000	0.0000	0.0000	0.0000	0.0018	0.0029	0.0004	0.0082	0.0081	0.0097	0.0006	0.0011	0.0002	0.0000	0.1124	-0.0001	-0.0002	3.9729	8.5011	5.4895	5.2406	0.0002	0.0002	0.0000	0.0002	0.0002	0.0000	0.0000	0.0000	0.0000	0.0004	0.0003	0.0000	0.0003	0.0002	0.0000	0.0001	0.0001	0.0000	0.2683	0.2323	0.0360	0.0140	0.0136	0.0004	0.2542	0.2186	0.0356	0.2012	0.1131	0.0881	0.0318	0.0294	0.0024	0.1695	0.0837	0.0857	0.4566	0.3297	0.0001	1.8918	1.9761	0.0000	0.0294	0.0194	0.0004	0.0018	0.0029	0.0004	0.0082	0.0081	0.0097	0.0006	0.0011	0.0002
14	15	0.1678	5	1	2	0	0	0	0	0	0	N	Y	N	N	N	N	N	N	N	N	N	N	0.0000	0.0000	0.0000	0.0000	0.0000	0.0000	0.0000	0.0000	0.0000	0.0000	0.0000	0.0000	0.0000	0.0000	0.0000	0.0000	0.0000	0.0000	0.0000	0.0000	10.0000	2.9999	6.0013	3.0728	0.0000	0.0000	0.0000	0.0000	0.0000	0.0000	0.0000	0.0000	0.0000	0.0000	0.0000	0.0000	0.0000	0.0000	0.0000	0.0000	0.0000	0.0000	0.2149	0.1865	0.0284	0.0158	0.0145	0.0013	0.1991	0.1720	0.0271	0.1205	0.0681	0.0524	0.0232	0.0190	0.0041	0.0973	0.0491	0.0483	0.0000	0.0000	0.0000	0.0000	0.0000	0.0000	0.0000	0.0000	0.0000	0.0000	0.0000	0.0000	0.0000	0.0000	0.0000	0.0000	0.0000	0.0000											
14	16	0.1430	4	1	1	0	0	0	0	0	0	N	N	N	N	N	N	N	N	N	N	N	N	8115.5079	4771.6817	inf	26443.1888	24455.7732	inf	inf	2.3399	2.4955	1.3177	34.4900	36.8691	0.0000	0.1858	0.0000	1.3594	0.0003	0.0005	0.0000	0.0013	0.0015	0.0000	0.0000	0.0000	0.0000	0.0804	0.0000	-0.2969	-0.0000	10.0000	6.0396	6.0013	1.6050	1.0259	0.9496	0.0764	0.9496	0.9496	0.0000	0.0764	0.0000	0.0764	0.0000	0.0000	0.0000	0.0000	0.0000	0.0000	0.0000	0.0000	0.0000	0.4385	0.3805	0.0579	0.0275	0.0258	0.0018	0.4109	0.3548	0.0562	0.1734	0.0956	0.0778	0.0383	0.0332	0.0052	0.1351	0.0624	0.0726	8115.5079	4771.6817	inf	26443.1888	24455.7732	0.0000	inf	0.0000	inf	0.0003	0.0005	0.0000	0.0013	0.0015	0.0000	0.0000	0.0000	0.0000		
14	17	0.2140	10	2	2	0	0	0	0	0	0	Y	Y	N	N	N	N	N	N	N	N	N	N	50.4674	0.2601	4502.2194	0.6111	0.5517	1140.5928	4477.5668	0.0188	0.0002	0.1499	0.0007	0.0008	0.0000	0.0231	0.0000	0.1676	0.0004	0.0006	0.0000	0.0012	0.0014	0.0000	0.0000	0.0000	0.0000	131.0000	0.0398	0.0008	-0.0000	10.0000	0.9996	6.0013	1.7768	0.0013	0.0000	0.0013	0.0000	0.0000	0.0000	0.0013	0.0000	0.0013	0.0000	0.0000	0.0000	0.0000	0.0000	0.0000	0.0000	0.0000	0.0000	0.0704	0.0616	0.0087	0.0137	0.0127	0.0009	0.0567	0.0489	0.0078	0.0559	0.0321	0.0239	0.0167	0.0140	0.0026	0.0393	0.0180	0.0212	50.4674	0.2601	4502.2194	0.6111	0.5517	0.0000	1140.5928	0.0000	4477.5668	0.0004	0.0006	0.0000	0.0012	0.0014	0.0000	0.0000	0.0000	0.0000		
14	18	0.0695	4	1	2	0	0	0	0	0	0	N	Y	N	N	N	N	N	N	N	N	N	N	0.3909	0.2669	0.7579	0.1161	0.5980	0.0000	0.4144	0.8190	2.7217	0.0001	21.2296	0.0016	0.0016	0.0000	2.8437	0.0000	21.3001	6.9634	0.0003	28.0120	0.0136	0.0027	0.0650	6.8626	0.0000	26.0072	40038.5501	43066.0569	0.6330	0.4091	10.0000	4.7641	6.0013	2.0666	0.9950	0.0000	0.9950	0.0000	0.0000	0.0000	0.9950	0.0000	0.9950	0.9957	0.0000	0.9957	0.0001	0.0000	0.0001	0.9956	0.0000	0.9956	0.3656	0.3187	0.0469	0.0157	0.0155	0.0002	0.3499	0.3032	0.0467	0.1556	0.0792	0.0764	0.0105	0.0086	0.0018	0.1451	0.0705	0.0746	0.4252	0.2669	1.6291	0.1161	0.5980	0.0000	0.4144	0.0000	1.5952	6.4008	0.0003	13.0315	0.0136	0.0027	0.0650	6.8626	0.0000	13.3526	
14	19	0.0520	3	1	2	0	0	0	0	0	0	N	Y	N	N	N	N	N	N	N	N	N	N	1.1913	0.4930	5.9572	0.7057	0.6568	1.4070	0.0000	5.8921	0.0446	0.0067	0.3389	0.0565	0.0566	0.0000	0.0432	0.0000	0.3393	0.0374	0.0136	0.0569	0.0801	0.0862	0.0000	0.0307	0.0031	0.0576	6.4791	3.6828	0.0029	0.0011	10.0000	1.4176	6.0013	5.1148	0.0058	0.0008	0.0050	0.0008	0.0008	0.0000	0.0050	0.0000	0.0050	0.0055	0.0012	0.0043	0.0010	0.0010	0.0000	0.0045	0.0001	0.0043	0.1299	0.1151	0.0148	0.0137	0.0137	0.0000	0.1162	0.1014	0.0148	0.1639	0.0878	0.0761	0.0129	0.0120	0.0009	0.1510	0.0758	0.0752	1.3267	0.5021	5.9572	0.7057	0.6568	0.0000	1.4576	0.0000	5.8921	0.0336	0.0134	0.0569	0.0801	0.0862	0.0000	0.0296	0.0018	0.0576	
14	20	0.2087	9	1	2	1	1	0	0	0	0	N	Y	N	N	N	N	N	N	N	N	N	N	0.0000	0.0000	0.0000	0.0000	0.0000	0.0000	0.0000	0.0000	0.0000	0.0000	0.0000	0.0000	0.0000	0.0000	0.0000	0.0000	0.0000	0.0000	0.0000	0.0000	10.0000	0.0000	6.0013	0.0000	0.0000	0.0000	0.0000	0.0000	0.0000	0.0000	0.0000	0.0000	0.0000	0.0000	0.0000	0.0000	0.0000	0.0000	0.0000	0.0000	0.0000	0.0000	0.0000	0.0000	0.0000	0.0000	0.0000	0.0000	0.0000	0.0000	0.0000	0.0000	0.0000	0.0000	0.0000	0.0000	0.0000	0.0000	0.0000	0.0000	0.0000	0.0000	0.0000	0.0000	0.0000	0.0000	0.0000	0.0000	0.0000	0.0000	0.0000	0.0000	0.0000	0.0000	0.0000	0.0000	0.0000	0.0000											
14	21	0.1652	8	1	1	0	1	0	0	0	0	N	N	N	N	N	N	N	N	N	N	N	N	0.0004	0.0000	inf	inf	inf	0.0000	0.0000	0.0016	0.0000	0.0125	0.0146	0.0000	0.2122	0.0000	0.0000	0.0000	3.7418	8.0727	0.0000	0.0000	0.0000	0.0000	4.1730	8.7455	0.0000	inf	0.0000	0.0004	-0.5891	10.0000	6.0371	6.0013	11.7316	0.0007	0.0000	0.0007	0.0007	0.0000	0.0007	0.0000	0.0000	0.0000	1.0000	1.0000	0.0000	0.0000	0.0000	0.0000	1.0000	1.0000	0.0000	0.4192	0.3657	0.0535	0.0460	0.0429	0.0032	0.3731	0.3228	0.0503	0.3275	0.1928	0.1348	0.0768	0.0608	0.0159	0.2508	0.1319	0.1189	0.0005	0.0000	inf	inf	0.0000	inf	0.0000	0.0000	0.0000	3.0530	5.1878	0.0000	0.0000	0.0000	0.0000	3.9876	7.5805	0.0000		
14	22	0.1046	3	1	2	0	0	0	0	0	0	N	Y	N	N	N	N	N	N	N	N	N	N	inf	inf	inf	inf	inf	inf	inf	inf	2.3288	1.3378	9.0961	0.0004	0.0005	0.0000	2.5297	1.4643	9.3908	0.0000	0.0000	0.0000	0.0000	0.0000	0.0000	0.0000	0.0000	0.0000	0.9958	0.2698	0.0000	10.0000	11.9950	6.0013	7.9469	1.9958	1.0000	0.9958	0.0000	0.0000	0.0000	1.9958	1.0000	0.9958	0.0000	0.0000	0.0000	0.0000	0.0000	0.0000	0.0000	0.0000	0.0000	0.8570	0.7475	0.1095	0.0681	0.0646	0.0034	0.7890	0.6829	0.1060	0.4078	0.2280	0.1798	0.0503	0.0426	0.0077	0.3575	0.1854	0.1721	inf	inf	inf	inf	inf	0.0000	inf	inf	inf	0.0000	0.0000	0.0000	0.0000	0.0000	0.0000	0.0000	0.0000	0.0000		
14	23	0.2410	9	2	2	0	0	0	0	0	0	Y	Y	N	N	N	N	N	N	N	N	N	N	0.0000	0.0000	0.0000	0.0000	0.0000	0.0000	0.0000	0.0000	0.0000	0.0000	0.0000	0.0000	0.0000	0.0000	0.0000	0.0000	0.0004	0.0007	0.0000	0.0023	0.0029	0.0000	0.0000	0.0000	0.0000	0.0393	0.0000	-0.0000	10.0000	0.0013	6.0013	0.9984	0.0000	0.0000	0.0000	0.0000	0.0000	0.0000	0.0000	0.0000	0.0000	0.0000	0.0000	0.0000	0.0000	0.0000	0.0000	0.0000	0.0000	0.0000	0.0003	0.0002	0.0000	0.0001	0.0001	0.0000	0.0001	0.0001	0.0000	0.0253	0.0137	0.0116	0.0043	0.0034	0.0009	0.0210	0.0103	0.0107	0.0000	0.0000	0.0000	0.0000	0.0000	0.0000	0.0000	0.0000	0.0000	0.0004	0.0007	0.0000	0.0023	0.0029	0.0000	0.0000	0.0000	0.0000			
14	24	0.1875	10	1	2	0	1	0	0	0	0	N	Y	N	N	N	N	N	N	N	N	N	N	1727.9971	36475.7638	0.0000	0.8905	0.7703	1587.1901	inf	0.0000	2.2549	2.5741	0.0000	0.0002	0.0002	0.0000	2.6316	3.0417	0.0000	0.0013	0.0001	0.0031	0.0002	0.0002	0.0000	0.0017	0.0000	0.0035	0.0000	29.9043	-0.3634	0.0001	10.0000	6.0729	6.0013	6.2374	0.9989	0.9989	0.0000	0.0000	0.0000	0.0000	0.9989	0.9989	0.0000	0.0003	0.0000	0.0003	0.0000	0.0000	0.0000	0.0003	0.0000	0.0003	0.4430	0.3880	0.0549	0.0634	0.0597	0.0038	0.3796	0.3284	0.0512	0.2368	0.1417	0.0951	0.0565	0.0460	0.0105	0.1804	0.0957	0.0846	1727.9971	36475.7638	0.0000	0.8905	0.7703	0.0000	1587.1901	inf	0.0000	0.0013	0.0001	0.0031	0.0002	0.0002	0.0000	0.0017	0.0000	0.0035	
14	25	0.1302	6	2	2	0	0	0	0	0	0	Y	Y	N	N	N	N	N	N	N	N	N	N	0.3117	0.0023	0.6869	2.0699	0.0075	inf	0.3103	0.7031	0.7317	0.0001	5.8345	0.1261	0.0006	1.8845	0.7839	0.0000	6.0082	2.3477	0.0217	8.4934	0.0609	0.0800	0.0000	2.5261	0.0000	8.5447	16533.9154	145.1409	0.6265	0.4068	10.0000	19.6128	6.0013	15.0566	0.9848	0.0001	0.9848	0.0135	0.0001	0.0134	0.9714	0.0000	0.9714	1.0069	0.0069	1.0000	0.0069	0.0069	0.0000	1.0000	0.0000	1.0000	1.3459	1.1771	0.1688	0.1068	0.0997	0.0071	1.2391	1.0774	0.1617	0.6009	0.3395	0.2614	0.1131	0.0861	0.0270	0.4878	0.2534	0.2344	0.4367	0.0025	1.5253	2.0699	0.0075	inf	0.3824	0.0000	1.4083	1.6756	0.0203	3.8250	0.0609	0.0800	0.0000	2.0501	0.0000	4.2664	
14	26	0.2431	9	1	1	1	0	0	0	0	0	N	N	N	N	N	N	N	N	N	N	N	N	0.0000	0.0000	0.0000	0.0000	0.0000	0.0000	0.0000	0.0000	0.0000	0.0000	0.0000	0.0000	0.0000	0.0000	0.0000	0.0000	0.0000	0.0000	0.0000	0.0000	10.0000	0.0000	6.0013	0.0000	0.0000	0.0000	0.0000	0.0000	0.0000	0.0000	0.0000	0.0000	0.0000	0.0000	0.0000	0.0000	0.0000	0.0000	0.0000	0.0000	0.0000	0.0000	0.0000	0.0000	0.0000	0.0000	0.0000	0.0000	0.0000	0.0000	0.0000	0.0000	0.0000	0.0000	0.0000	0.0000	0.0000	0.0000	0.0000	0.0000	0.0000	0.0000	0.0000	0.0000	0.0000	0.0000	0.0000	0.0000	0.0000	0.0000	0.0000	0.0000	0.0000	0.0000	0.0000	0.0000	0.0000	0.0000											
14	27	0.2140	10	2	1	1	0	0	0	0	0	Y	N	N	N	N	N	N	N	N	N	N	N	19095.6636	12945.1792	0.0000	28946.7844	25006.5548	0.0000	0.0000	2.5051	2.8602	0.0000	13.6032	14.6784	0.0000	0.0000	0.0000	0.0000	0.0001	0.0002	0.0000	0.0005	0.0006	0.0000	0.0000	0.0000	0.0000	0.0000	0.0398	-0.3633	-0.0000	10.0000	6.0046	6.0013	3.2467	0.9987	0.9987	0.0000	0.9987	0.9987	0.0000	0.0000	0.0000	0.0000	0.0000	0.0000	0.0000	0.0000	0.0000	0.0000	0.0000	0.0000	0.0000	0.3987	0.3492	0.0495	0.0734	0.0680	0.0054	0.3252	0.2811	0.0441	0.1585	0.0905	0.0680	0.0426	0.0341	0.0085	0.1160	0.0564	0.0595	19095.6636	12945.1792	0.0000	28946.7844	25006.5548	0.0000	0.0000	0.0000	0.0000	0.0001	0.0002	0.0000	0.0005	0.0006	0.0000	0.0000	0.0000	0.0000		
14	28	0.1776	9	2	1	0	0	0	0	0	0	Y	N	N	N	N	N	N	N	N	N	N	N	21.7357	87.4459	0.1224	324.4161	280.1821	inf	0.0158	0.0000	0.0588	0.0267	0.0306	0.0003	0.1875	0.1992	0.0023	0.0000	0.0000	0.0002	0.0012	0.0003	0.0025	0.0006	0.0007	0.0000	0.0014	0.0002	0.0028	0.0014	4.9638	-0.0050	0.0001	10.0000	7.0330	6.0013	8.3476	0.0137	0.0137	0.0000	0.0137	0.0137	0.0000	0.0000	0.0000	0.0000	0.0004	0.0001	0.0003	0.0000	0.0000	0.0000	0.0003	0.0000	0.0003	0.5136	0.4486	0.0650	0.0732	0.0688	0.0044	0.4404	0.3798	0.0606	0.2909	0.1717	0.1193	0.0692	0.0563	0.0130	0.2217	0.1154	0.1063	21.7357	87.4459	0.1224	324.4161	280.1821	inf	0.0158	0.0000	0.0588	0.0012	0.0003	0.0025	0.0006	0.0007	0.0000	0.0014	0.0002	0.0028
14	29	0.1875	10	1	2	0	1	0	0	0	0	N	Y	N	N	N	N	N	N	N	N	N	N	42650.8596	28470.7051	80.7962	68.3125	inf	inf	1.1459	1.3086	0.0000	0.0098	0.0104	0.0000	1.3214	1.5248	0.0000	0.0000	0.0000	0.0000	0.0001	0.0002	0.0000	0.0000	0.0000	0.0000	0.0000	0.0000	-0.3642	-0.0000	10.0000	12.7698	6.0013	10.8465	1.0011	1.0011	0.0000	0.0011	0.0011	0.0000	1.0000	1.0000	0.0000	0.0000	0.0000	0.0000	0.0000	0.0000	0.0000	0.0000	0.0000	0.0000	0.8737	0.7651	0.1086	0.1169	0.1093	0.0076	0.7568	0.6558	0.1010	0.4080	0.2385	0.1695	0.0908	0.0718	0.0190	0.3172	0.1667	0.1505	42650.8596	28470.7051	0.0000	80.7962	68.3125	0.0000	inf	inf	0.0000	0.0000	0.0000	0.0000	0.0001	0.0002	0.0000	0.0000	0.0000	0.0000			
14	30	0.0469	2	2	1	1	0	0	0	0	0	Y	N	N	N	N	N	N	N	N	N	N	N	0.1048	0.0600	0.0000	0.0023	0.0027	0.0000	0.0000	0.0003	0.0003	0.0000	0.0249	0.0251	0.0000	0.0000	0.0000	0.0000	0.0027	0.0055	0.0000	10.7544	9.3467	0.0000	0.0000	0.0000	0.0000	0.0000	0.0001	-0.0001	-0.0006	10.0000	11.8338	6.0013	5.9707	0.0002	0.0002	0.0000	0.0002	0.0002	0.0000	0.0000	0.0000	0.0000	0.0010	0.0010	0.0000	0.0010	0.0010	0.0000	0.0000	0.0000	0.0000	0.8260	0.7169	0.1092	0.0094	0.0094	0.0001	0.8166	0.7075	0.1091	0.3678	0.1827	0.1852	0.0004	0.0004	0.0000	0.3674	0.1823	0.1852	0.1048	0.0600	0.0000	0.0099	0.0099	0.0000	0.0000	0.0000	0.0000	0.0027	0.0055	0.0000	2.5237	2.5358	0.0000	0.0000	0.0000	0.0000		
14	31	0.1875	10	1	1	1	0	0	0	0	0	N	N	N	N	N	N	N	N	N	N	N	N	0.3625	0.2503	0.6305	0.5524	0.0000	0.0000	0.0000	0.0001	0.0002	0.0000	0.0000	0.0000	0.0000	0.0001	0.0001	0.0000	0.0002	0.0003	0.0000	0.0000	0.0000	0.0000	0.0000	0.0000	-0.0000	-0.0000	10.0000	6.9288	6.0013	3.0309	0.0000	0.0000	0.0000	0.0000	0.0000	0.0000	0.0000	0.0000	0.0000	0.0000	0.0000	0.0000	0.0000	0.0000	0.0000	0.0000	0.0000	0.0000	0.5011	0.4388	0.0623	0.0706	0.0663	0.0043	0.4305	0.3725	0.0580	0.1991	0.1204	0.0787	0.0488	0.0402	0.0086	0.1503	0.0802	0.0701	0.3625	0.2503	0.0000	0.6305	0.5524	0.0000	0.0000	0.0000	0.0000	0.0001	0.0001	0.0000	0.0002	0.0003	0.0000	0.0000	0.0000	0.0000					
14	32	0.1776	9	1	1	0	0	0	0	0	0	N	N	N	N	N	N	N	N	N	N	N	N	188.9164	137.6744	45.3216	301.3770	275.0960	inf	68.3087	45.8010	22.1963	0.0809	0.0922	0.0010	0.3531	0.3688	0.0065	0.0086	0.0100	0.0005	0.0004	0.0007	0.0000	0.0012	0.0013	0.0000	0.0001	0.0002	0.0000	0.0015	0.0187	-0.0049	-0.0000	10.0000	1.8775	6.0013	3.1058	0.0135	0.0135	0.0000	0.0124	0.0124	0.0000	0.0011	0.0011	0.0000	0.0001	0.0001	0.0000	0.0000	0.0000	0.0000	0.0000	0.0000	0.0000	0.1676	0.1467	0.0208	0.0351	0.0336	0.0015	0.1325	0.1131	0.0193	0.1223	0.0767	0.0456	0.0353	0.0309	0.0044	0.0870	0.0458	0.0411	188.9164	137.6744	45.3216	301.3770	275.0960	inf	68.3087	45.8010	22.1963	0.0004	0.0007	0.0000	0.0012	0.0013	0.0000	0.0001	0.0002	0.0000
14	33	0.1652	8	1	1	0	0	0	0	0	0	N	N	N	N	N	N	N	N	N	N	N	N	9076.0665	8882.8279	0.8294	inf	inf	inf	0.0000	0.0000	0.0000	2.6258	3.0099	0.0002	23.8157	25.5591	0.0029	0.0000	0.0000	0.0000	0.0003	0.0003	0.0002	0.0000	0.0000	0.0000	0.0004	0.0005	0.0002	0.0000	0.3792	-0.3590	-0.0000	10.0000	5.3867	6.0013	0.9197	0.9869	0.9869	0.0000	0.9869	0.9869	0.0000	0.0000	0.0000	0.0000	0.0000	0.0000	0.0000	0.0000	0.0000	0.0000	0.0000	0.0000	0.0000	0.3759	0.3279	0.0480	0.0414	0.0386	0.0028	0.3344	0.2893	0.0451	0.1430	0.0885	0.0545	0.0391	0.0331	0.0060	0.1039	0.0555	0.0485	9076.0665	8882.8279	0.8294	inf	inf	inf	0.0000	0.0000	0.0000	0.0003	0.0003	0.0002	0.0000	0.0000	0.0000	0.0004	0.0005	0.0002
14	34	0.2485	10	1	2	0	0	0	0	0	0	N	Y	N	N	N	N	N	N	N	N	N	N	0.0000	0.0000	0.0000	0.0000	0.0000	0.0000	0.0000	0.0000	0.0000	0.0000	0.0000	0.0000	0.0000	0.0000	0.0000	0.0000	0.0000	0.0000	0.0000	0.0000	10.0000	0.0019	6.0013	3.0025	0.0000	0.0000	0.0000	0.0000	0.0000	0.0000	0.0000	0.0000	0.0000	0.0000	0.0000	0.0000	0.0000	0.0000	0.0000	0.0000	0.0000	0.0000	0.0005	0.0004	0.0001	0.0002	0.0002	0.0000	0.0003	0.0002	0.0001	0.0481	0.0291	0.0190	0.0132	0.0104	0.0029	0.0348	0.0187	0.0161	0.0000	0.0000	0.0000	0.0000	0.0000	0.0000	0.0000	0.0000	0.0000	0.0000	0.0000	0.0000	0.0000	0.0000	0.0000	0.0000	0.0000	0.0000											
14	35	0.2291	6	2	2	0	0	0	0	0	0	Y	Y	N	N	N	N	N	N	N	N	N	N	0.0000	0.0000	0.0000	0.0000	0.0000	0.0000	0.0000	0.0000	0.0000	0.0000	0.0000	0.0000	0.0000	0.0000	0.0000	0.0000	0.0000	0.0000	0.0000	0.0000	10.0000	1.0000	6.0013	1.9999	0.0000	0.0000	0.0000	0.0000	0.0000	0.0000	0.0000	0.0000	0.0000	0.0000	0.0000	0.0000	0.0000	0.0000	0.0000	0.0000	0.0000	0.0000	0.0687	0.0600	0.0087	0.0122	0.0113	0.0009	0.0565	0.0487	0.0078	0.0523	0.0281	0.0243	0.0077	0.0062	0.0015	0.0447	0.0218	0.0228	0.0000	0.0000	0.0000	0.0000	0.0000	0.0000	0.0000	0.0000	0.0000	0.0000	0.0000	0.0000	0.0000	0.0000	0.0000	0.0000	0.0000	0.0000											
14	36	0.0778	4	1	2	1	0	0	0	0	0	N	Y	N	N	N	N	N	N	N	N	N	N	10541805.2144	inf	0.0000	inf	inf	0.0000	0.0000	0.1811	0.2086	0.0000	3.1854	3.3841	0.0000	0.0000	0.0000	0.0000	0.0000	0.0000	0.0000	0.0000	0.0000	0.0000	0.0000	0.0000	0.0000	0.0000	inf	-0.0153	0.0000	10.0000	3.0341	6.0013	5.2124	0.0421	0.0421	0.0000	0.0421	0.0421	0.0000	0.0000	0.0000	0.0000	0.0000	0.0000	0.0000	0.0000	0.0000	0.0000	0.0000	0.0000	0.0000	0.2324	0.2018	0.0306	0.0132	0.0124	0.0008	0.2192	0.1894	0.0298	0.2095	0.1215	0.0880	0.0301	0.0250	0.0051	0.1794	0.0965	0.0829	10541805.2144	inf	0.0000	inf	inf	0.0000	0.0000	0.0000	0.0000	0.0000	0.0000	0.0000	0.0000	0.0000	0.0000	0.0000	0.0000	0.0000		
14	37	0.0540	3	1	2	0	0	0	0	0	0	N	Y	N	N	N	N	N	N	N	N	N	N	77.1978	48.4251	13.1341	1759.3776	1814.6200	inf	77.2260	19.3576	13.1457	0.1919	0.2213	0.0060	0.1330	0.1415	0.0001	0.1920	0.2215	0.0060	0.0025	0.0046	0.0005	0.0001	0.0001	0.0000	0.0025	0.0114	0.0005	0.0043	0.1026	-0.0152	-0.0002	10.0000	3.0544	6.0013	4.8962	0.0422	0.0420	0.0002	0.0001	0.0001	0.0000	0.0421	0.0419	0.0002	0.0004	0.0004	0.0000	0.0000	0.0000	0.0000	0.0004	0.0004	0.0000	0.2197	0.1897	0.0300	0.0005	0.0004	0.0000	0.2192	0.1892	0.0300	0.1730	0.0853	0.0877	0.0000	0.0000	0.0000	0.1729	0.0853	0.0877	77.1978	48.4251	13.1341	1759.3776	1814.6200	inf	77.2260	48.4384	13.1457	0.0025	0.0046	0.0005	0.0001	0.0001	0.0000	0.0025	0.0046	0.0005
14	38	0.2485	10	1	1	1	0	0	0	0	0	N	N	N	N	N	N	N	N	N	N	N	N	0.0000	0.0000	0.0000	0.0000	0.0000	0.0000	0.0000	0.0000	0.0000	0.0000	0.0000	0.0000	0.0000	0.0000	0.0000	0.0000	0.0000	0.0000	0.0000	0.0000	10.0000	0.9992	6.0013	1.0069	0.0000	0.0000	0.0000	0.0000	0.0000	0.0000	0.0000	0.0000	0.0000	0.0000	0.0000	0.0000	0.0000	0.0000	0.0000	0.0000	0.0000	0.0000	0.0620	0.0540	0.0080	0.0071	0.0066	0.0005	0.0549	0.0474	0.0075	0.0325	0.0197	0.0128	0.0090	0.0071	0.0019	0.0235	0.0126	0.0108	0.0000	0.0000	0.0000	0.0000	0.0000	0.0000	0.0000	0.0000	0.0000	0.0000	0.0000	0.0000	0.0000	0.0000	0.0000	0.0000	0.0000	0.0000											
14	39	0.2431	9	1	1	0	0	0	0	0	0	N	N	N	N	N	N	N	N	N	N	N	N	0.0000	0.0000	0.0000	0.0000	0.0000	0.0000	0.0000	0.0000	0.0000	0.0000	0.0000	0.0000	0.0000	0.0000	0.0000	0.0000	0.0000	0.0000	0.0000	0.0000	10.0000	1.0008	6.0013	0.9987	0.0000	0.0000	0.0000	0.0000	0.0000	0.0000	0.0000	0.0000	0.0000	0.0000	0.0000	0.0000	0.0000	0.0000	0.0000	0.0000	0.0000	0.0000	0.0627	0.0546	0.0081	0.0065	0.0060	0.0004	0.0562	0.0485	0.0077	0.0323	0.0194	0.0129	0.0082	0.0063	0.0018	0.0241	0.0131	0.0110	0.0000	0.0000	0.0000	0.0000	0.0000	0.0000	0.0000	0.0000	0.0000	0.0000	0.0000	0.0000	0.0000	0.0000	0.0000	0.0000	0.0000	0.0000											
14	40	0.1652	8	1	1	0	0	0	0	0	0	N	N	N	N	N	N	N	N	N	N	N	N	inf	inf	inf	inf	0.0011	0.0000	0.0086	0.0100	0.0000	0.1441	0.0000	0.0000	0.0000	0.0000	0.0000	0.0000	0.0000	0.0000	0.0000	0.0000	0.0000	0.0000	inf	0.0004	0.0000	10.0000	9.0374	6.0013	18.5287	0.0007	0.0000	0.0007	0.0007	0.0000	0.0007	0.0000	0.0000	0.0000	0.0000	0.0000	0.0000	0.0000	0.0000	0.0000	0.0000	0.0000	0.0000	0.6149	0.5368	0.0781	0.0668	0.0622	0.0047	0.5481	0.4746	0.0735	0.4693	0.2729	0.1964	0.1051	0.0816	0.0234	0.3642	0.1913	0.1729	inf	0.0000	inf	inf	0.0000	inf	0.0000	0.0000	0.0000	0.0000	0.0000	0.0000	0.0000	0.0000	0.0000	0.0000	0.0000	0.0000						
14	41	0.1384	7	1	1	0	0	0	0	0	0	N	N	N	N	N	N	N	N	N	N	N	N	62.7082	0.0061	1253112581.6903	1.9533	0.0028	inf	467478104.3378	inf	1597306970.1396	3.1496	0.0012	24.1839	0.3675	0.0006	5.2470	3.3258	0.0013	24.8097	0.0502	0.2012	0.0000	0.1881	0.2085	0.0000	0.0000	0.0000	0.0000	2957.8381	0.0000	1.2612	-0.0063	10.0000	9.0369	6.0013	3.5648	1.9834	0.0007	1.9828	0.0138	0.0000	0.0138	1.9696	0.0007	1.9690	0.0107	0.0107	0.0000	0.0107	0.0107	0.0000	0.0000	0.0000	0.0000	0.6297	0.5477	0.0820	0.0375	0.0349	0.0026	0.5922	0.5129	0.0794	0.2770	0.1682	0.1088	0.0661	0.0539	0.0122	0.2108	0.1143	0.0966	81.4569	0.0192	1253112581.6903	2.2693	0.0029	inf	467478104.3378	inf	1597306970.1396	0.0387	0.0637	0.0000	0.1619	0.1987	0.0000	0.0000	0.0000	0.0000
14	42	0.1046	3	1	1	0	0	0	0	0	0	N	N	N	N	N	N	N	N	N	N	N	N	inf	inf	inf	inf	0.0037	0.0042	0.0000	0.0554	0.0586	0.0000	0.0000	0.0000	0.0000	0.0000	0.0000	0.0000	0.0000	0.0000	0.0000	0.0000	0.0000	0.0000	0.0000	-0.0016	0.0000	10.0000	17.0025	6.0013	6.0864	0.0043	0.0043	0.0000	0.0043	0.0043	0.0000	0.0000	0.0000	0.0000	0.0000	0.0000	0.0000	0.0000	0.0000	0.0000	0.0000	0.0000	0.0000	1.1654	1.0163	0.1491	0.0774	0.0732	0.0043	1.0880	0.9431	0.1448	0.4592	0.2553	0.2039	0.0545	0.0457	0.0088	0.4048	0.2096	0.1952	inf	inf	0.0000	inf	inf	0.0000	0.0000	0.0000	0.0000	0.0000	0.0000	0.0000	0.0000	0.0000	0.0000	0.0000	0.0000	0.0000						
14	44	0.1046	3	1	2	0	0	0	0	0	0	N	Y	N	N	N	N	N	N	N	N	N	N	2432.3130	8511.6869	2389.1232	8469.9763	1.8732	0.0000	14.9108	0.0000	0.0000	0.0000	2.1037	0.0000	15.5015	0.0008	0.0000	0.0018	0.0000	0.0000	0.0000	0.0009	0.0000	0.0018	inf	inf	0.6336	0.0001	10.0000	6.9958	6.0013	11.8523	0.9958	0.0000	0.9958	0.0000	0.0000	0.0000	0.9958	0.0000	0.9958	0.0003	0.0000	0.0003	0.0000	0.0000	0.0000	0.0003	0.0000	0.0003	0.5316	0.4648	0.0668	0.0583	0.0557	0.0025	0.4734	0.4091	0.0642	0.3896	0.2183	0.1713	0.0489	0.0415	0.0073	0.3407	0.1768	0.1639	2432.3130	0.0000	8511.6869	0.0000	0.0000	0.0000	2389.1232	0.0000	8469.9763	0.0008	0.0000	0.0018	0.0000	0.0000	0.0000	0.0009	0.0000	0.0018					
14	45	0.1430	4	1	2	0	0	0	0	0	0	N	Y	N	N	N	N	N	N	N	N	N	N	1230.0725	0.0000	inf	0.6179	0.0000	inf	inf	inf	0.0955	0.0000	0.7381	0.0003	0.0000	0.0037	0.1011	0.0000	0.7623	0.0001	0.0001	0.0000	0.0004	0.0005	0.0000	0.0000	0.0000	0.0000	inf	0.0000	0.0806	-0.0000	10.0000	20.1318	6.0013	17.5118	0.1268	0.0000	0.1268	0.0000	0.0000	0.0000	0.1267	0.0000	0.1267	0.0000	0.0000	0.0000	0.0000	0.0000	0.0000	0.0000	0.0000	0.0000	1.3269	1.1551	0.1717	0.0730	0.0676	0.0055	1.2538	1.0876	0.1663	0.6438	0.3569	0.2869	0.1128	0.0910	0.0218	0.5310	0.2659	0.2650	1230.0725	0.0000	inf	0.6179	0.0000	inf	inf	0.0000	inf	0.0001	0.0001	0.0000	0.0004	0.0005	0.0000	0.0000	0.0000	0.0000	
14	46	0.1664	8	1	2	0	0	0	0	0	0	N	Y	N	N	N	N	N	N	N	N	N	N	1102.5645	802.1406	0.0000	0.0000	inf	inf	0.9052	1.0356	0.0000	0.0000	0.0000	0.0000	1.0487	1.2134	0.0000	0.0008	0.0013	0.0000	0.0022	0.0028	0.0000	0.0000	0.0000	0.0000	0.0000	0.0000	-0.3637	-0.0003	10.0000	15.0410	6.0013	10.9147	0.9998	0.9998	0.0000	0.0000	0.0000	0.0000	0.9998	0.9998	0.0000	0.0005	0.0005	0.0000	0.0005	0.0005	0.0000	0.0000	0.0000	0.0000	1.1045	0.9654	0.1391	0.1512	0.1414	0.0097	0.9533	0.8240	0.1293	0.5968	0.3795	0.2173	0.2215	0.1736	0.0479	0.3754	0.2059	0.1694	1102.5645	802.1406	0.0000	0.0000	0.0000	0.0000	inf	inf	0.0000	0.0008	0.0013	0.0000	0.0022	0.0028	0.0000	0.0000	0.0000	0.0000			
14	47	0.0520	3	2	1	1	0	0	0	0	0	Y	N	N	N	N	N	N	N	N	N	N	N	1086.8722	0.0532	41456.9983	0.2158	0.1855	0.0000	10897.2377	41041.3288	1.1187	0.0001	8.5344	0.0054	0.0054	0.0000	1.1363	0.0000	8.5435	0.0010	0.0018	0.0002	0.0249	0.0293	0.0000	0.0001	0.0000	0.0002	13346.6585	0.1081	0.6356	-0.0002	10.0000	12.7633	6.0013	6.3722	0.9992	0.0001	0.9991	0.0001	0.0001	0.0000	0.9991	0.0000	0.9991	0.0004	0.0004	0.0000	0.0004	0.0004	0.0000	0.0000	0.0000	0.0000	0.8931	0.7760	0.1171	0.0139	0.0138	0.0001	0.8792	0.7623	0.1169	0.4085	0.2092	0.1993	0.0152	0.0130	0.0023	0.3933	0.1963	0.1970	1086.8722	0.0532	41456.9983	0.2158	0.1855	0.0000	10897.2377	0.0000	41041.3288	0.0010	0.0018	0.0002	0.0249	0.0293	0.0000	0.0001	0.0000	0.0002	
14	48	0.0469	2	1	1	0	0	0	0	0	0	N	N	N	N	N	N	N	N	N	N	N	N	6.8063	1.4062	64.4573	0.1270	0.1350	10.5518	0.0000	64.4949	0.0220	0.0048	0.1944	0.0210	0.0210	0.0000	0.0222	0.0000	0.1945	0.0032	0.0034	0.0030	0.1654	0.1557	0.0000	0.0021	0.0012	0.0030	3.9864	0.8952	0.0004	-0.0000	10.0000	0.3513	6.0013	1.9759	0.0010	0.0002	0.0008	0.0002	0.0002	0.0000	0.0008	0.0000	0.0008	0.0002	0.0001	0.0001	0.0001	0.0001	0.0000	0.0001	0.0000	0.0001	0.0441	0.0401	0.0040	0.0092	0.0092	0.0000	0.0348	0.0308	0.0040	0.0530	0.0262	0.0268	0.0004	0.0004	0.0000	0.0526	0.0258	0.0268	6.8063	1.4062	64.4573	0.1350	0.1350	0.0000	10.5518	0.0000	64.4949	0.0032	0.0034	0.0030	0.1556	0.1557	0.0000	0.0021	0.0012	0.0030	
14	51	0.1240	4	1	2	0	1	0	0	0	0	N	Y	N	N	N	N	N	N	N	N	N	N	420.4574	0.0085	inf	0.0216	0.0181	95685134.0354	0.0000	inf	1.7756	0.0001	14.1963	0.0005	0.0005	0.0000	2.0122	0.0000	14.7717	0.0042	0.0073	0.0000	0.0212	0.0264	0.0000	0.0000	0.0000	0.0000	32916.6667	0.0000	0.6358	-0.0010	10.0000	7.3891	6.0013	13.2142	0.9994	0.0000	0.9993	0.0000	0.0000	0.0000	0.9993	0.0000	0.9993	0.0018	0.0018	0.0000	0.0018	0.0018	0.0000	0.0000	0.0000	0.0000	0.5629	0.4925	0.0704	0.0662	0.0635	0.0027	0.4966	0.4290	0.0677	0.4215	0.2447	0.1768	0.0839	0.0673	0.0166	0.3376	0.1774	0.1603	420.4574	0.0085	inf	0.0216	0.0181	0.0000	95685134.0354	0.0000	inf	0.0042	0.0073	0.0000	0.0212	0.0264	0.0000	0.0000	0.0000	0.0000	
14	52	0.1302	5	1	2	0	0	0	0	0	0	N	Y	N	N	N	N	N	N	N	N	N	N	0.4511	inf	0.4207	38.3734	inf	0.0000	0.4543	inf	0.3876	2.2165	1.2579	8.9362	0.1774	0.1890	0.0000	2.4340	1.3812	9.3818	4.9137	0.0000	21.2405	0.0046	0.0000	0.0198	5.3573	0.0000	24.2063	1.0134	inf	0.2772	0.8191	10.0000	12.1779	6.0013	13.0455	1.9868	0.9868	1.0000	0.0153	0.0153	0.0000	1.9714	0.9714	1.0000	1.9935	0.0000	1.9935	0.0004	0.0000	0.0004	1.9931	0.0000	1.9931	0.8963	0.7844	0.1119	0.0864	0.0811	0.0053	0.8099	0.7034	0.1066	0.4607	0.2612	0.1995	0.0887	0.0679	0.0207	0.3720	0.1933	0.1787	0.5122	inf	0.8941	38.3734	inf	0.0000	0.4543	inf	0.8413	4.3271	0.0000	9.9945	0.0046	0.0000	0.0198	5.3573	0.0000	11.1513
14	53	0.0540	3	1	2	0	0	0	0	0	0	N	Y	N	N	N	N	N	N	N	N	N	N	0.5426	inf	1.0992	inf	inf	0.6125	1.0967	4.6332	0.0003	33.8873	0.1353	0.1441	0.0000	4.6425	0.0000	33.9182	8.5389	0.0000	30.8282	0.0000	0.0000	0.0000	7.5798	0.0000	30.9274	16666.6667	inf	0.6362	0.4109	10.0000	3.0001	6.0013	3.0003	1.0001	0.0001	1.0000	0.0001	0.0001	0.0000	1.0000	0.0000	1.0000	1.0000	0.0000	1.0000	0.0000	0.0000	0.0000	1.0000	0.0000	1.0000	0.2158	0.1863	0.0295	0.0004	0.0004	0.0000	0.2154	0.1859	0.0295	0.1320	0.0650	0.0670	0.0000	0.0000	0.0000	0.1319	0.0650	0.0669	0.6115	inf	2.2688	inf	inf	0.0000	0.6125	0.0000	2.2708	7.5773	0.0000	14.9363	0.0000	0.0000	0.0000	7.5798	0.0000	14.9366		
14	54	0.0466	2	1	1	0	0	0	0	0	0	N	N	N	N	N	N	N	N	N	N	N	N	7.7081	3.9696	78.9710	3.2183	3.5788	25.5630	inf	78.9713	0.0024	0.0024	0.0025	8.9749	8.9989	0.0000	0.0004	0.0001	0.0025	0.0003	0.0006	0.0000	2.7887	2.5145	0.0000	0.0000	0.0000	0.0000	0.1667	0.0545	-0.0001	-0.0000	10.0000	1.9998	6.0013	1.0017	0.0003	0.0003	0.0001	0.0003	0.0003	0.0000	0.0001	0.0000	0.0001	0.0000	0.0000	0.0000	0.0000	0.0000	0.0000	0.0000	0.0000	0.0000	0.1446	0.1248	0.0198	0.0000	0.0000	0.0000	0.1446	0.1247	0.0198	0.0672	0.0330	0.0342	0.0000	0.0000	0.0000	0.0672	0.0330	0.0342	7.7081	3.9696	78.9710	10.7151	10.7312	0.0000	25.5630	inf	78.9713	0.0003	0.0006	0.0000	0.8376	0.8386	0.0000	0.0000	0.0000	0.0000	
14	56	0.1878	9	1	2	0	0	0	0	0	0	N	Y	N	N	N	N	N	N	N	N	N	N	0.0017	0.0012	0.0000	0.0006	0.0007	0.0000	0.0018	0.0010	0.0000	0.0031	0.0036	0.0000	0.0035	0.0038	0.0000	0.0031	0.0036	0.0000	1.8769	3.0655	0.0000	5.9113	5.4172	0.0000	1.7181	3.4293	0.0000	0.0000	0.0000	-0.0004	-0.1934	10.0000	5.0156	6.0013	9.5596	0.0011	0.0011	0.0000	0.0001	0.0001	0.0000	0.0010	0.0010	0.0000	0.3283	0.3283	0.0000	0.1784	0.1784	0.0000	0.1499	0.1499	0.0000	0.3607	0.3150	0.0457	0.0424	0.0398	0.0026	0.3183	0.2752	0.0431	0.3246	0.2088	0.1158	0.1216	0.1020	0.0196	0.2030	0.1068	0.0962	0.0031	0.0023	0.0000	0.0024	0.0022	0.0000	0.0042	0.0025	0.0000	1.0114	1.5725	0.0000	1.4668	1.7485	0.0000	0.7386	1.4043	0.0000
14	57	0.1664	8	1	2	0	0	0	0	0	0	N	Y	N	N	N	N	N	N	N	N	N	N	0.7864	0.6894	0.0000	0.0101	0.0137	0.0000	0.9456	0.6911	0.0000	1.9905	2.2764	0.0000	0.0489	0.0520	0.0000	2.5259	2.9500	0.0000	2.5313	3.3018	3.1468	4.8533	3.7967	12.7202	2.6712	4.2684	2.1154	0.0000	0.3059	-0.3555	-0.2320	10.0000	5.2776	6.0013	4.9316	0.9773	0.9773	0.0000	0.0052	0.0052	0.0000	0.9721	0.9721	0.0000	0.6537	0.5005	0.1531	0.2177	0.1580	0.0597	0.4360	0.3425	0.0935	0.4910	0.4293	0.0617	0.1061	0.0998	0.0063	0.3849	0.3295	0.0553	0.3693	0.2503	0.1190	0.1713	0.1354	0.0359	0.1979	0.1148	0.0831	1.1245	1.1382	0.0000	0.0385	0.0445	0.0000	1.1467	0.9889	0.0000	1.7702	2.0001	1.2866	1.2705	1.1666	1.6623	2.2026	2.9830	1.1244
14	58	0.1384	7	1	1	0	0	0	0	0	0	N	N	N	N	N	N	N	N	N	N	N	N	0.0464	0.0338	0.0293	7.1398	6.6897	1.1161	0.0210	0.0118	0.0385	0.1224	0.1301	0.0715	1.0432	1.1148	0.0313	0.0609	0.0590	0.0728	2.6386	3.8438	2.4396	0.1461	0.1666	0.0281	2.8921	4.9817	1.8904	0.0823	0.2463	-0.0162	-0.1945	10.0000	6.4383	6.0013	5.2340	0.0561	0.0519	0.0043	0.0300	0.0299	0.0001	0.0262	0.0219	0.0042	0.4967	0.3985	0.0982	0.0089	0.0086	0.0003	0.4878	0.3899	0.0978	0.4586	0.3988	0.0597	0.0287	0.0268	0.0019	0.4298	0.3720	0.0578	0.2609	0.1593	0.1016	0.0632	0.0518	0.0114	0.1977	0.1075	0.0902	0.0643	0.0520	0.0740	7.3698	6.6897	1.1161	0.0247	0.0163	0.0671	1.9040	2.5024	0.9661	0.1416	0.1666	0.0281	2.4677	3.6272	1.0852
14	59	0.1302	6	1	1	0	0	0	0	0	0	N	N	N	N	N	N	N	N	N	N	N	N	0.1403	0.1153	1.5213	0.8708	0.7960	83.3385	0.1062	0.0371	1.8446	0.1616	0.1309	0.3990	0.4135	0.4326	0.0608	0.1020	0.0531	0.4307	1.1512	1.1354	0.2623	0.4749	0.5435	0.0007	0.9601	1.4298	0.2335	0.3942	0.7336	-0.0047	-0.0029	10.0000	3.9043	6.0013	0.3762	0.0578	0.0414	0.0163	0.0283	0.0281	0.0002	0.0295	0.0134	0.0161	0.0175	0.0101	0.0074	0.0068	0.0068	0.0000	0.0106	0.0032	0.0074	0.3577	0.3167	0.0409	0.0684	0.0649	0.0035	0.2893	0.2518	0.0374	0.0981	0.0592	0.0388	0.0231	0.0189	0.0042	0.0750	0.0403	0.0346	0.9070	0.7695	2.0948	1.3978	1.1982	83.3385	0.7188	0.6597	2.0187	0.1781	0.1701	0.1905	0.2958	0.3611	0.0007	0.1419	0.0805	0.2134
14	60	0.1302	5	1	1	0	0	0	0	0	0	N	N	N	N	N	N	N	N	N	N	N	N	0.2166	0.1591	0.9633	0.2908	0.3300	53.6144	0.1688	0.3440	1.0659	0.2987	0.2423	0.8191	0.4745	0.4935	0.0756	0.2172	0.1157	0.9474	1.3788	1.5224	0.8503	1.6315	1.4953	0.0014	1.2867	0.3363	0.8888	0.3663	0.8875	-0.0054	-0.0016	10.0000	1.5036	6.0013	0.1987	0.0560	0.0410	0.0150	0.0282	0.0280	0.0002	0.0278	0.0130	0.0148	0.0137	0.0072	0.0064	0.0068	0.0068	0.0000	0.0068	0.0004	0.0064	0.1876	0.1692	0.0183	0.0594	0.0567	0.0027	0.1282	0.1125	0.0156	0.0479	0.0313	0.0166	0.0138	0.0119	0.0019	0.0341	0.0194	0.0147	1.0465	1.0487	2.1094	0.9569	0.8601	53.6144	1.0842	5.5215	2.1642	0.2854	0.2310	0.3883	0.4959	0.5737	0.0014	0.2003	0.0210	0.4377
14	61	0.1240	4	1	1	0	0	0	0	0	0	N	N	N	N	N	N	N	N	N	N	N	N	0.6226	1.8897	3.3400	0.2794	0.2561	0.3733	0.4787	2.6614	3.1807	0.1195	0.0651	0.5380	0.0128	0.0132	0.0001	0.1507	0.0821	0.5746	0.1919	0.0345	0.1611	0.0458	0.0517	0.0002	0.3147	0.0309	0.1807	1.0738	2.9798	0.0045	0.0014	10.0000	2.7181	6.0013	1.0102	0.0293	0.0141	0.0151	0.0007	0.0007	0.0000	0.0285	0.0134	0.0151	0.0086	0.0022	0.0065	0.0018	0.0018	0.0000	0.0069	0.0004	0.0065	0.2449	0.2167	0.0282	0.0554	0.0536	0.0018	0.1895	0.1631	0.0264	0.1227	0.0826	0.0401	0.0384	0.0340	0.0044	0.0843	0.0486	0.0357	1.6993	2.4806	3.3400	0.2794	0.2561	0.3733	1.8495	9.7457	3.1807	0.0703	0.0262	0.1611	0.0458	0.0517	0.0002	0.0815	0.0084	0.1807
14	62	0.1046	3	1	1	0	0	0	0	0	0	N	N	N	N	N	N	N	N	N	N	N	N	3.5672	24.0622	2.0749	136008.5300	126467.8286	0.5967	0.0437	2.2014	0.0327	0.0315	0.0428	0.0893	0.0923	0.0000	0.0066	0.0001	0.0473	0.0092	0.0013	0.0206	0.0000	0.0000	0.0000	0.0110	0.0026	0.0215	0.1571	10.7985	-0.0011	0.0006	10.0000	1.4525	6.0013	6.3634	0.0049	0.0042	0.0007	0.0042	0.0042	0.0000	0.0007	0.0000	0.0007	0.0018	0.0002	0.0016	0.0000	0.0000	0.0000	0.0018	0.0001	0.0016	0.1486	0.1332	0.0154	0.0469	0.0454	0.0015	0.1017	0.0878	0.0139	0.1931	0.1145	0.0786	0.0327	0.0295	0.0033	0.1604	0.0850	0.0754	3.5672	24.0622	2.0749	136008.5300	126467.8286	0.0000	0.5967	0.0646	2.2014	0.0092	0.0013	0.0206	0.0000	0.0000	0.0000	0.0110	0.0018	0.0215	
14	63	0.1840	6	2	2	0	1	0	0	0	0	Y	Y	N	N	N	N	N	N	N	N	N	N	0.0000	0.0000	0.0000	0.0000	0.0000	0.0000	0.0000	0.0000	0.0000	0.0000	0.0000	0.0000	0.0000	0.0000	0.0000	0.0000	0.0000	0.0000	0.0000	0.0000	0.0000	0.0000	inf	0.0000	0.0000	10.0000	2.0000	6.0013	2.0002	0.0000	0.0000	0.0000	0.0000	0.0000	0.0000	0.0000	0.0000	0.0000	0.0000	0.0000	0.0000	0.0000	0.0000	0.0000	0.0000	0.0000	0.0000	0.1419	0.1235	0.0183	0.0181	0.0167	0.0014	0.1238	0.1068	0.0169	0.0767	0.0421	0.0346	0.0106	0.0084	0.0021	0.0662	0.0337	0.0325	0.0000	0.0000	0.0000	0.0000	0.0000	0.0000	0.0000	0.0000	0.0000	0.0000	0.0000	0.0000	0.0000	0.0000	0.0000	0.0000	0.0000	0.0000						
14	64	0.1997	10	1	2	0	1	0	0	0	0	N	Y	N	N	N	N	N	N	N	N	N	N	45254.0458	0.0000	inf	0.0000	0.0000	inf	inf	6.9613	0.0000	54.3747	0.0000	0.0000	0.0000	8.1427	0.0000	59.4553	0.0002	0.0003	0.0000	0.0009	0.0011	0.0000	0.0000	0.0000	0.0000	inf	0.0000	0.6361	-0.0000	10.0000	2.0059	6.0013	4.8036	0.9998	0.0000	0.9998	0.0000	0.0000	0.0000	0.9998	0.0000	0.9998	0.0000	0.0000	0.0000	0.0000	0.0000	0.0000	0.0000	0.0000	0.0000	0.1436	0.1252	0.0184	0.0208	0.0193	0.0016	0.1228	0.1060	0.0168	0.1301	0.0735	0.0565	0.0219	0.0182	0.0037	0.1082	0.0553	0.0529	45254.0458	0.0000	inf	0.0000	0.0000	0.0000	inf	0.0000	inf	0.0002	0.0003	0.0000	0.0009	0.0011	0.0000	0.0000	0.0000	0.0000		
14	65	0.1969	8	1	2	0	0	0	0	0	0	N	Y	N	N	N	N	N	N	N	N	N	N	0.0000	0.0000	0.0000	0.0000	0.0000	0.0000	0.0000	0.0000	0.0000	0.0000	0.0000	0.0000	0.0000	0.0015	0.0026	0.0000	0.0077	0.0090	0.0000	0.0000	0.0000	0.0000	0.0000	0.0000	-0.0000	10.0000	0.9804	6.0013	0.2754	0.0000	0.0000	0.0000	0.0000	0.0000	0.0000	0.0000	0.0000	0.0000	0.0000	0.0000	0.0000	0.0000	0.0000	0.0000	0.0000	0.0000	0.0000	0.0741	0.0650	0.0092	0.0111	0.0105	0.0006	0.0630	0.0545	0.0085	0.0276	0.0153	0.0123	0.0052	0.0045	0.0007	0.0224	0.0108	0.0116	0.0000	0.0000	0.0000	0.0000	0.0000	0.0000	0.0000	0.0000	0.0000	0.0015	0.0026	0.0000	0.0077	0.0090	0.0000	0.0000	0.0000	0.0000						
14	66	0.1947	9	1	1	1	1	0	0	0	0	N	N	N	N	N	N	N	N	N	N	N	N	0.0000	0.0000	0.0000	0.0000	0.0000	0.0000	0.0000	0.0000	0.0000	0.0000	0.0000	0.0000	0.0000	0.0001	0.0002	0.0000	0.0005	0.0006	0.0000	0.0000	0.0000	0.0000	0.0000	0.0000	-0.0000	10.0000	0.9437	6.0013	4.8091	0.0000	0.0000	0.0000	0.0000	0.0000	0.0000	0.0000	0.0000	0.0000	0.0000	0.0000	0.0000	0.0000	0.0000	0.0000	0.0000	0.0000	0.0000	0.0945	0.0823	0.0122	0.0251	0.0236	0.0015	0.0694	0.0586	0.0108	0.1137	0.0646	0.0491	0.0194	0.0163	0.0031	0.0943	0.0483	0.0460	0.0000	0.0000	0.0000	0.0000	0.0000	0.0000	0.0000	0.0000	0.0000	0.0001	0.0002	0.0000	0.0005	0.0006	0.0000	0.0000	0.0000	0.0000						
14	67	0.1877	8	1	1	1	1	0	0	0	0	N	N	N	N	N	N	N	N	N	N	N	N	0.0000	0.0000	0.0000	0.0000	0.0000	0.0000	0.0000	0.0000	0.0000	0.0000	0.0000	0.0000	0.0000	0.0000	0.0000	0.0001	0.0001	0.0000	0.0004	0.0005	0.0001	0.0000	0.0000	0.0000	0.0269	0.0000	-0.0000	10.0000	4.0088	6.0013	5.0246	0.0000	0.0000	0.0000	0.0000	0.0000	0.0000	0.0000	0.0000	0.0000	0.0000	0.0000	0.0000	0.0000	0.0000	0.0000	0.0000	0.0000	0.0000	0.2815	0.2453	0.0362	0.0362	0.0335	0.0027	0.2453	0.2119	0.0335	0.1715	0.0949	0.0765	0.0246	0.0199	0.0047	0.1468	0.0750	0.0718	0.0000	0.0000	0.0000	0.0000	0.0000	0.0000	0.0000	0.0000	0.0000	0.0001	0.0001	0.0000	0.0004	0.0005	0.0001	0.0000	0.0000	0.0000				
14	68	0.1997	10	1	1	1	1	0	0	0	0	N	N	N	N	N	N	N	N	N	N	N	N	15.9840	10.4071	18.6453	16.8649	0.0032	0.0036	0.0000	0.0214	0.0231	0.0000	0.0000	0.0000	0.0000	0.0002	0.0003	0.0000	0.0011	0.0014	0.0000	0.0000	0.0000	0.0000	0.0000	0.0000	-0.0001	-0.0000	10.0000	1.0064	6.0013	4.2000	0.0002	0.0002	0.0000	0.0002	0.0002	0.0000	0.0000	0.0000	0.0000	0.0000	0.0000	0.0000	0.0000	0.0000	0.0000	0.0000	0.0000	0.0000	0.0729	0.0635	0.0093	0.0107	0.0099	0.0008	0.0621	0.0536	0.0085	0.1013	0.0575	0.0438	0.0174	0.0146	0.0028	0.0839	0.0429	0.0410	15.9840	10.4071	0.0000	18.6453	16.8649	0.0000	0.0000	0.0000	0.0000	0.0002	0.0003	0.0000	0.0011	0.0014	0.0000	0.0000	0.0000	0.0000					
14	69	0.1947	9	1	1	0	1	0	0	0	0	N	N	N	N	N	N	N	N	N	N	N	N	2.3828	0.0000	26608.7222	0.0000	0.0000	0.0000	3.7385	0.0000	inf	0.0019	0.0000	0.0150	0.0000	0.0000	0.0000	0.0025	0.0000	0.0169	0.0008	0.0014	0.0000	0.0013	0.0015	0.0000	0.0007	0.0014	0.0000	inf	0.0003	0.0001	-0.0000	10.0000	1.2889	6.0013	0.3511	0.0002	0.0000	0.0002	0.0000	0.0000	0.0000	0.0002	0.0000	0.0002	0.0000	0.0000	0.0000	0.0000	0.0000	0.0000	0.0000	0.0000	0.0000	0.1189	0.1036	0.0154	0.0283	0.0266	0.0017	0.0906	0.0769	0.0136	0.0371	0.0220	0.0151	0.0077	0.0068	0.0009	0.0294	0.0152	0.0142	2.3828	0.0000	26608.7222	0.0000	0.0000	0.0000	3.7385	0.0000	inf	0.0008	0.0014	0.0000	0.0013	0.0015	0.0000	0.0007	0.0013	0.0000
14	70	0.1877	8	1	1	0	1	0	0	0	0	N	N	N	N	N	N	N	N	N	N	N	N	0.0000	0.0000	0.0000	0.0000	0.0000	0.0000	0.0000	0.0000	0.0000	0.0000	0.0000	0.0000	0.0000	0.0000	0.0000	0.0000	0.0000	0.0007	0.0013	0.0000	0.0029	0.0034	0.0000	0.0003	0.0006	0.0000	0.0001	0.0000	-0.0000	10.0000	0.7777	6.0013	1.1718	0.0000	0.0000	0.0000	0.0000	0.0000	0.0000	0.0000	0.0000	0.0000	0.0000	0.0000	0.0000	0.0000	0.0000	0.0000	0.0000	0.0000	0.0000	0.0560	0.0487	0.0072	0.0073	0.0068	0.0005	0.0487	0.0420	0.0067	0.0409	0.0231	0.0178	0.0068	0.0057	0.0011	0.0341	0.0174	0.0167	0.0000	0.0000	0.0000	0.0000	0.0000	0.0000	0.0000	0.0000	0.0000	0.0007	0.0013	0.0000	0.0029	0.0034	0.0000	0.0003	0.0006	0.0000		
14	71	0.1840	7	1	1	0	1	0	0	0	0	N	N	N	N	N	N	N	N	N	N	N	N	0.0000	0.0000	0.0000	0.0000	0.0000	0.0000	0.0000	0.0000	0.0000	0.0000	0.0000	0.0000	0.0000	0.0000	0.0000	0.0000	0.0000	0.0005	0.0009	0.0000	0.0001	0.0001	0.0000	0.0006	0.0011	0.0000	0.0001	0.0000	-0.0000	10.0000	0.9929	6.0013	0.0325	0.0000	0.0000	0.0000	0.0000	0.0000	0.0000	0.0000	0.0000	0.0000	0.0000	0.0000	0.0000	0.0000	0.0000	0.0000	0.0000	0.0000	0.0000	0.0708	0.0617	0.0092	0.0090	0.0083	0.0007	0.0618	0.0533	0.0085	0.0200	0.0110	0.0090	0.0028	0.0022	0.0006	0.0172	0.0088	0.0085	0.0000	0.0000	0.0000	0.0000	0.0000	0.0000	0.0000	0.0000	0.0000	0.0005	0.0009	0.0000	0.0001	0.0001	0.0000	0.0006	0.0011	0.0000		
14	72	0.2291	6	2	2	0	0	0	0	0	0	Y	Y	N	N	N	N	N	N	N	N	N	N	0.0000	0.0000	0.0000	0.0000	0.0000	0.0000	0.0000	0.0000	0.0000	0.0000	0.0000	0.0000	0.0000	0.0000	0.0000	0.0000	0.0000	0.0000	0.0000	0.0000	10.0000	0.0000	6.0013	0.0001	0.0000	0.0000	0.0000	0.0000	0.0000	0.0000	0.0000	0.0000	0.0000	0.0000	0.0000	0.0000	0.0000	0.0000	0.0000	0.0000	0.0000	0.0000	0.0000	0.0000	0.0000	0.0000	0.0000	0.0000	0.0000	0.0000	0.0000	0.0000	0.0000	0.0000	0.0000	0.0000	0.0000	0.0000	0.0000	0.0000	0.0000	0.0000	0.0000	0.0000	0.0000	0.0000	0.0000	0.0000	0.0000	0.0000	0.0000	0.0000	0.0000	0.0000	0.0000	0.0000	0.0000	0.0000											
14	73	0.1658	5	2	2	0	0	0	0	0	0	Y	Y	N	N	N	N	N	N	N	N	N	N	167455567.3294	inf	591034556.9725	inf	inf	212359995.7101	inf	769629740.6877	1.4508	0.0000	11.3695	0.0000	0.0000	0.0000	1.6381	0.0000	12.1840	0.0000	0.0000	0.0000	0.0000	0.0000	0.0000	0.0000	0.0000	0.0000	1436436.7850	inf	0.6361	0.0000	10.0000	9.9619	6.0013	7.0378	0.9998	0.0000	0.9998	0.0000	0.0000	0.0000	0.9998	0.0000	0.9998	0.0000	0.0000	0.0000	0.0000	0.0000	0.0000	0.0000	0.0000	0.0000	0.6891	0.6012	0.0879	0.0788	0.0729	0.0059	0.6103	0.5283	0.0821	0.3116	0.1713	0.1404	0.0394	0.0317	0.0077	0.2722	0.1396	0.1327	167455567.3294	inf	591034556.9725	inf	inf	0.0000	212359995.7101	inf	769629740.6877	0.0000	0.0000	0.0000	0.0000	0.0000	0.0000	0.0000	0.0000	0.0000	
14	74	0.1776	5	1	2	0	0	0	0	0	0	N	Y	N	N	N	N	N	N	N	N	N	N	1254.6053	0.0000	96435977.6692	0.0000	0.0000	29225750.9860	108503246.7340	1.6855	0.0000	13.7745	0.0000	0.0000	0.0000	2.0896	0.0000	15.2477	0.0013	0.0025	0.0000	0.0085	0.0101	0.0000	0.0000	0.0000	0.0000	inf	0.0000	0.6334	-0.0001	10.0000	7.0442	6.0013	2.0273	0.9955	0.0000	0.9955	0.0000	0.0000	0.0000	0.9955	0.0000	0.9955	0.0002	0.0002	0.0000	0.0002	0.0002	0.0000	0.0000	0.0000	0.0000	0.5906	0.5183	0.0723	0.1142	0.1072	0.0070	0.4764	0.4111	0.0653	0.1712	0.0935	0.0777	0.0272	0.0227	0.0044	0.1441	0.0708	0.0733	1254.6053	0.0000	96435977.6692	0.0000	0.0000	0.0000	29225750.9860	0.0000	108503246.7340	0.0013	0.0025	0.0000	0.0085	0.0101	0.0000	0.0000	0.0000	0.0000		
14	75	0.1537	4	1	2	0	0	0	0	0	0	N	Y	N	N	N	N	N	N	N	N	N	N	4.3578	0.1224	162.9769	0.0497	0.0421	0.0000	8.2244	0.1168	162.4953	0.0126	0.0006	0.1000	0.0005	0.0005	0.0000	0.0150	0.0006	0.1054	0.0029	0.0047	0.0006	0.0098	0.0120	0.0000	0.0018	0.0051	0.0006	23.6909	0.1055	0.0028	-0.0002	10.0000	4.3369	6.0013	3.0972	0.0047	0.0002	0.0045	0.0000	0.0000	0.0000	0.0047	0.0002	0.0045	0.0004	0.0004	0.0000	0.0002	0.0002	0.0000	0.0002	0.0002	0.0000	0.3744	0.3293	0.0451	0.0624	0.0601	0.0023	0.3120	0.2693	0.0428	0.1458	0.0805	0.0653	0.0194	0.0158	0.0036	0.1264	0.0647	0.0618	4.3578	0.1224	162.9769	0.0497	0.0421	0.0000	8.2244	0.2022	162.4953	0.0029	0.0047	0.0006	0.0098	0.0120	0.0000	0.0018	0.0029	0.0006
14	76	0.2410	9	2	2	0	0	0	0	0	0	Y	Y	N	N	N	N	N	N	N	N	N	N	0.0000	0.0000	0.0000	0.0000	0.0000	0.0000	0.0000	0.0000	0.0000	0.0000	0.0000	0.0000	0.0000	0.0000	0.0000	0.0000	0.0002	0.0004	0.0000	0.0012	0.0015	0.0000	0.0000	0.0000	0.0000	0.0393	0.0000	-0.0000	10.0000	1.9992	6.0013	0.0055	0.0000	0.0000	0.0000	0.0000	0.0000	0.0000	0.0000	0.0000	0.0000	0.0000	0.0000	0.0000	0.0000	0.0000	0.0000	0.0000	0.0000	0.0000	0.1890	0.1660	0.0230	0.0297	0.0278	0.0019	0.1593	0.1382	0.0211	0.0501	0.0271	0.0230	0.0084	0.0067	0.0018	0.0416	0.0204	0.0212	0.0000	0.0000	0.0000	0.0000	0.0000	0.0000	0.0000	0.0000	0.0000	0.0002	0.0004	0.0000	0.0012	0.0015	0.0000	0.0000	0.0000	0.0000			
14	77	0.1969	8	2	2	0	0	0	0	0	0	Y	Y	N	N	N	N	N	N	N	N	N	N	0.0000	0.0000	0.0000	0.0000	0.0000	0.0000	0.0000	0.0000	0.0000	0.0000	0.0000	0.0000	0.0000	0.0000	0.0000	0.0000	0.0000	0.0024	0.0004	0.0049	0.0010	0.0012	0.0000	0.0027	0.0002	0.0052	9.9814	0.0000	0.0001	10.0000	5.0219	6.0013	2.0148	0.0000	0.0000	0.0000	0.0000	0.0000	0.0000	0.0000	0.0000	0.0000	0.0003	0.0000	0.0003	0.0000	0.0000	0.0000	0.0003	0.0000	0.0003	0.3543	0.3095	0.0448	0.0470	0.0439	0.0031	0.3073	0.2656	0.0417	0.1359	0.0749	0.0610	0.0207	0.0168	0.0039	0.1152	0.0581	0.0572	0.0000	0.0000	0.0000	0.0000	0.0000	0.0000	0.0000	0.0000	0.0000	0.0024	0.0004	0.0049	0.0010	0.0012	0.0000	0.0027	0.0002	0.0052		
14	78	0.1840	7	1	2	0	0	0	0	0	0	N	Y	N	N	N	N	N	N	N	N	N	N	0.0000	0.0000	0.0000	0.0000	0.0000	0.0000	0.0000	0.0000	0.0000	0.0000	0.0000	0.0000	0.0000	0.0000	0.0000	0.0000	0.0000	0.0006	0.0005	0.0006	0.0000	0.0000	0.0000	0.0006	0.0006	0.0007	1.0088	0.0000	-0.0000	10.0000	1.0203	6.0013	2.7327	0.0000	0.0000	0.0000	0.0000	0.0000	0.0000	0.0000	0.0000	0.0000	0.0000	0.0000	0.0000	0.0000	0.0000	0.0000	0.0000	0.0000	0.0000	0.0728	0.0634	0.0094	0.0093	0.0086	0.0007	0.0635	0.0548	0.0087	0.0721	0.0396	0.0325	0.0099	0.0079	0.0020	0.0622	0.0316	0.0305	0.0000	0.0000	0.0000	0.0000	0.0000	0.0000	0.0000	0.0000	0.0000	0.0006	0.0005	0.0006	0.0000	0.0000	0.0000	0.0006	0.0006	0.0007		
14	79	0.1840	6	1	1	0	0	0	0	0	0	N	N	N	N	N	N	N	N	N	N	N	N	0.0000	0.0000	0.0000	0.0000	0.0000	0.0000	0.0000	0.0000	0.0000	0.0000	0.0000	0.0000	0.0000	0.0000	0.0000	0.0000	0.0000	0.0000	0.0001	0.0000	0.0012	0.0000	0.0000	0.0000	1.0000	0.0000	-0.0000	10.0000	0.0000	6.0013	0.0018	0.0000	0.0000	0.0000	0.0000	0.0000	0.0000	0.0000	0.0000	0.0000	0.0000	0.0000	0.0000	0.0000	0.0000	0.0000	0.0000	0.0000	0.0000	0.0000	0.0000	0.0000	0.0000	0.0000	0.0000	0.0000	0.0000	0.0000	0.0001	0.0001	0.0000	0.0000	0.0000	0.0000	0.0001	0.0000	0.0000	0.0000	0.0000	0.0000	0.0000	0.0000	0.0000	0.0000	0.0000	0.0000	0.0000	0.0000	0.0000	0.0001	0.0000	0.0012	0.0000	0.0000	0.0000				
14	80	0.1658	5	1	1	0	0	0	0	0	0	N	N	N	N	N	N	N	N	N	N	N	N	0.3036	0.1916	0.3207	0.2802	inf	inf	0.0010	0.0011	0.0000	0.0077	0.0082	0.0000	0.0000	0.0000	0.0000	0.0032	0.0058	0.0000	0.0240	0.0294	0.0000	0.0000	0.0000	0.0000	0.0000	0.0000	-0.0001	-0.0002	10.0000	3.0825	6.0013	2.0124	0.0002	0.0002	0.0000	0.0002	0.0002	0.0000	0.0000	0.0000	0.0000	0.0003	0.0003	0.0000	0.0003	0.0003	0.0000	0.0000	0.0000	0.0000	0.2282	0.1991	0.0290	0.0287	0.0268	0.0019	0.1994	0.1723	0.0271	0.1005	0.0553	0.0451	0.0134	0.0109	0.0025	0.0871	0.0444	0.0427	0.3036	0.1916	0.0000	0.3207	0.2802	0.0000	inf	inf	0.0000	0.0032	0.0058	0.0000	0.0240	0.0294	0.0000	0.0000	0.0000	0.0000			
14	81	0.1537	4	1	1	0	0	0	0	0	0	N	N	N	N	N	N	N	N	N	N	N	N	0.2320	0.0865	9.5327	0.1254	0.1073	0.0000	0.2883	0.0158	9.4941	0.0015	0.0010	0.0056	0.0022	0.0023	0.0000	0.0014	0.0007	0.0059	0.0067	0.0115	0.0006	0.0176	0.0212	0.0000	0.0049	0.0432	0.0006	0.7616	0.0408	0.0000	-0.0003	10.0000	3.6751	6.0013	0.0788	0.0005	0.0003	0.0002	0.0001	0.0001	0.0000	0.0004	0.0002	0.0002	0.0005	0.0005	0.0000	0.0002	0.0002	0.0000	0.0003	0.0003	0.0000	0.3293	0.2901	0.0392	0.0585	0.0565	0.0020	0.2708	0.2336	0.0372	0.0765	0.0426	0.0340	0.0108	0.0089	0.0019	0.0657	0.0336	0.0321	0.2320	0.0865	9.5327	0.1254	0.1073	0.0000	0.2883	0.0768	9.4941	0.0067	0.0115	0.0006	0.0176	0.0212	0.0000	0.0049	0.0089	0.0006
14	82	0.1046	3	1	1	0	0	0	0	0	0	N	N	N	N	N	N	N	N	N	N	N	N	2521.3441	1837.1469	1.6228	35159.5664	31980.2500	2397.0566	1615.8552	1.6106	1.5899	1.8204	0.0003	0.0684	0.0717	0.0000	1.7533	2.0277	0.0003	0.0006	0.0010	0.0002	0.0000	0.0000	0.0000	0.0007	0.0013	0.0002	0.0000	0.1176	-0.3652	-0.0001	10.0000	8.5011	6.0013	5.2406	1.0041	1.0040	0.0000	0.0042	0.0042	0.0000	0.9999	0.9998	0.0000	0.0002	0.0002	0.0000	0.0000	0.0000	0.0000	0.0002	0.0002	0.0000	0.6315	0.5515	0.0800	0.0613	0.0584	0.0028	0.5703	0.4931	0.0772	0.3014	0.1716	0.1298	0.0417	0.0362	0.0055	0.2598	0.1355	0.1243	2521.3441	1837.1469	1.6228	35159.5664	31980.2500	0.0000	2397.0566	1615.8552	1.6106	0.0006	0.0010	0.0002	0.0000	0.0000	0.0000	0.0007	0.0013	0.0002	
15	17	0.1919	10	1	2	0	0	0	0	0	0	N	Y	N	N	N	N	N	N	N	N	N	N	0.0000	0.0000	0.0000	0.0000	0.0000	0.0000	0.0000	0.0000	0.0000	0.0000	0.0000	0.0000	0.0000	0.0000	0.0000	0.0000	0.0000	0.0000	0.0000	0.0000	2.9999	0.9996	3.0728	1.7768	0.0000	0.0000	0.0000	0.0000	0.0000	0.0000	0.0000	0.0000	0.0000	0.0000	0.0000	0.0000	0.0000	0.0000	0.0000	0.0000	0.0000	0.0000	0.0223	0.0196	0.0028	0.0044	0.0042	0.0003	0.0179	0.0154	0.0025	0.0227	0.0130	0.0097	0.0043	0.0039	0.0004	0.0184	0.0090	0.0093	0.0000	0.0000	0.0000	0.0000	0.0000	0.0000	0.0000	0.0000	0.0000	0.0000	0.0000	0.0000	0.0000	0.0000	0.0000	0.0000	0.0000	0.0000											
15	18	0.1634	8	0	2	0	0	0	0	0	0	N	Y	N	N	N	N	N	N	N	N	N	N	236399.7745	156305.5144	588800.5685	510071.7210	0.0071	0.0082	0.0000	0.0681	0.0720	0.0000	0.0000	0.0000	0.0000	0.0000	0.0000	0.0000	0.0000	0.0000	0.0000	0.0000	0.0000	0.0000	0.0000	0.0000	-0.0003	-0.0000	2.9999	4.7641	3.0728	2.0666	0.0008	0.0008	0.0000	0.0008	0.0008	0.0000	0.0000	0.0000	0.0000	0.0000	0.0000	0.0000	0.0000	0.0000	0.0000	0.0000	0.0000	0.0000	0.1137	0.0993	0.0143	0.0119	0.0113	0.0006	0.1018	0.0881	0.0137	0.0564	0.0326	0.0238	0.0147	0.0120	0.0026	0.0417	0.0205	0.0212	236399.7745	156305.5144	0.0000	588800.5685	510071.7210	0.0000	0.0000	0.0000	0.0000	0.0000	0.0000	0.0000	0.0000	0.0000	0.0000	0.0000	0.0000	0.0000					
15	19	0.1460	7	0	2	0	0	0	0	0	0	N	Y	N	N	N	N	N	N	N	N	N	N	1403.9050	1197.5690	4779.4264	0.0000	0.0000	0.0000	1542.5343	inf	4772.4719	0.0201	0.0042	0.1462	0.0000	0.0000	0.0000	0.0240	0.0051	0.1529	0.0000	0.0000	0.0000	0.0000	0.0000	0.0000	0.0000	0.0000	0.0000	4.4000	5.8077	0.0004	0.0000	2.9999	1.4176	3.0728	5.1148	0.0008	0.0001	0.0007	0.0000	0.0000	0.0000	0.0008	0.0001	0.0007	0.0000	0.0000	0.0000	0.0000	0.0000	0.0000	0.0000	0.0000	0.0000	0.0403	0.0358	0.0045	0.0066	0.0064	0.0002	0.0337	0.0294	0.0043	0.0599	0.0360	0.0239	0.0152	0.0130	0.0022	0.0446	0.0230	0.0217	1403.9050	1197.5690	4779.4264	0.0000	0.0000	0.0000	1542.5343	inf	4772.4719	0.0000	0.0000	0.0000	0.0000	0.0000	0.0000	0.0000	0.0000	0.0000
15	20	0.1867	9	0	2	1	1	0	0	0	0	N	Y	N	N	N	N	N	N	N	N	N	N	0.0000	0.0000	0.0000	0.0000	0.0000	0.0000	0.0000	0.0000	0.0000	0.0000	0.0000	0.0000	0.0000	0.0000	0.0000	0.0000	0.0000	0.0000	0.0000	0.0000	2.9999	0.0000	3.0728	0.0000	0.0000	0.0000	0.0000	0.0000	0.0000	0.0000	0.0000	0.0000	0.0000	0.0000	0.0000	0.0000	0.0000	0.0000	0.0000	0.0000	0.0000	0.0000	0.0000	0.0000	0.0000	0.0000	0.0000	0.0000	0.0000	0.0000	0.0000	0.0000	0.0000	0.0000	0.0000	0.0000	0.0000	0.0000	0.0000	0.0000	0.0000	0.0000	0.0000	0.0000	0.0000	0.0000	0.0000	0.0000	0.0000	0.0000	0.0000	0.0000	0.0000	0.0000	0.0000	0.0000	0.0000	0.0000											
15	21	0.1432	8	0	1	0	1	0	0	0	0	N	N	N	N	N	N	N	N	N	N	N	N	1368491.2214	inf	0.0000	45070126.0171	inf	0.0000	0.0000	0.0000	7.5125	8.6154	0.0000	65.4426	69.7340	0.0000	0.0000	0.0000	0.0000	0.0000	0.0000	0.0000	0.0000	0.0000	0.0000	0.0000	0.0000	0.0000	0.0000	inf	-0.3638	0.0000	2.9999	6.0371	3.0728	11.7316	0.9999	0.9999	0.0000	0.9999	0.9999	0.0000	0.0000	0.0000	0.0000	0.0000	0.0000	0.0000	0.0000	0.0000	0.0000	0.0000	0.0000	0.0000	0.1331	0.1161	0.0170	0.0153	0.0143	0.0009	0.1178	0.1017	0.0161	0.1328	0.0778	0.0549	0.0246	0.0206	0.0040	0.1082	0.0572	0.0510	1368491.2214	inf	0.0000	45070126.0171	inf	0.0000	0.0000	0.0000	0.0000	0.0000	0.0000	0.0000	0.0000	0.0000	0.0000	0.0000	0.0000	0.0000	
15	22	0.0825	3	0	2	0	0	0	0	0	0	N	Y	N	N	N	N	N	N	N	N	N	N	inf	inf	inf	inf	inf	inf	3.7402	4.3130	0.0000	23.5659	25.1447	0.0000	2.6712	3.0937	0.0000	0.0000	0.0000	0.0000	0.0000	0.0000	0.0000	0.0000	0.0000	0.0000	0.0000	-0.3635	0.0000	2.9999	11.9950	3.0728	7.9469	0.9991	0.9991	0.0000	0.3221	0.3221	0.0000	0.6770	0.6770	0.0000	0.0000	0.0000	0.0000	0.0000	0.0000	0.0000	0.0000	0.0000	0.0000	0.2671	0.2317	0.0355	0.0137	0.0128	0.0009	0.2535	0.2188	0.0346	0.1618	0.0915	0.0703	0.0195	0.0174	0.0022	0.1422	0.0741	0.0681	inf	inf	0.0000	inf	inf	0.0000	inf	inf	0.0000	0.0000	0.0000	0.0000	0.0000	0.0000	0.0000	0.0000	0.0000	0.0000				
15	23	0.2189	9	1	2	0	0	0	0	0	0	N	Y	N	N	N	N	N	N	N	N	N	N	inf	inf	inf	inf	0.0001	0.0001	0.0000	0.0003	0.0003	0.0000	0.0000	0.0000	0.0000	0.0000	0.0000	0.0000	0.0000	0.0000	0.0000	0.0000	0.0000	0.0000	0.0000	-0.0000	0.0000	2.9999	0.0013	3.0728	0.9984	0.0000	0.0000	0.0000	0.0000	0.0000	0.0000	0.0000	0.0000	0.0000	0.0000	0.0000	0.0000	0.0000	0.0000	0.0000	0.0000	0.0000	0.0000	0.0001	0.0001	0.0000	0.0000	0.0000	0.0000	0.0000	0.0000	0.0000	0.0104	0.0059	0.0045	0.0016	0.0013	0.0003	0.0089	0.0046	0.0043	inf	inf	0.0000	inf	inf	0.0000	0.0000	0.0000	0.0000	0.0000	0.0000	0.0000	0.0000	0.0000	0.0000	0.0000	0.0000	0.0000						
15	24	0.1655	10	0	2	0	1	0	0	0	0	N	Y	N	N	N	N	N	N	N	N	N	N	0.0000	0.0000	0.0000	0.0000	0.0000	0.0000	0.0000	0.0000	0.0000	0.0000	0.0000	0.0000	0.0000	0.0000	0.0000	12.0713	0.0000	54.6861	0.0133	0.0000	0.0957	12.8566	0.0000	55.2478	inf	0.0000	0.4106	2.9999	6.0729	3.0728	6.2374	0.0000	0.0000	0.0000	0.0000	0.0000	0.0000	0.0000	0.0000	0.0000	0.9992	0.0000	0.9992	0.0002	0.0000	0.0002	0.9990	0.0000	0.9990	0.1405	0.1230	0.0175	0.0206	0.0195	0.0011	0.1198	0.1034	0.0164	0.0957	0.0569	0.0389	0.0180	0.0155	0.0025	0.0777	0.0413	0.0363	0.0000	0.0000	0.0000	0.0000	0.0000	0.0000	0.0000	0.0000	0.0000	10.4358	0.0000	25.7135	0.0133	0.0000	0.0957	12.8566	0.0000	27.4815				
15	25	0.1081	6	1	2	0	0	0	0	0	0	N	Y	N	N	N	N	N	N	N	N	N	N	0.0055	inf	0.0103	inf	inf	inf	0.0060	0.0111	0.0260	0.0000	0.2082	0.0059	0.0002	0.0775	0.0283	0.0000	0.2167	4.7511	0.0000	20.2008	0.0000	0.0000	0.0000	4.7554	0.0000	19.5024	1148.1722	inf	0.0073	0.4107	2.9999	19.6128	3.0728	15.0566	0.0115	0.0000	0.0115	0.0003	0.0000	0.0003	0.0112	0.0000	0.0112	0.9996	0.0000	0.9996	0.0000	0.0000	0.0000	0.9996	0.0000	0.9996	0.4423	0.3871	0.0551	0.0458	0.0425	0.0034	0.3964	0.3447	0.0518	0.2411	0.1349	0.1062	0.0309	0.0254	0.0054	0.2102	0.1095	0.1007	0.0063	inf	0.0221	inf	inf	inf	0.0060	0.0000	0.0218	4.1461	0.0000	9.4136	0.0000	0.0000	0.0000	4.7554	0.0000	9.9226	
15	26	0.2211	9	0	1	1	0	0	0	0	0	N	N	N	N	N	N	N	N	N	N	N	N	0.0000	0.0000	0.0000	0.0000	0.0000	0.0000	0.0000	0.0000	0.0000	0.0000	0.0000	0.0000	0.0000	0.0000	0.0000	0.0000	0.0000	0.0000	0.0000	0.0000	2.9999	0.0000	3.0728	0.0000	0.0000	0.0000	0.0000	0.0000	0.0000	0.0000	0.0000	0.0000	0.0000	0.0000	0.0000	0.0000	0.0000	0.0000	0.0000	0.0000	0.0000	0.0000	0.0000	0.0000	0.0000	0.0000	0.0000	0.0000	0.0000	0.0000	0.0000	0.0000	0.0000	0.0000	0.0000	0.0000	0.0000	0.0000	0.0000	0.0000	0.0000	0.0000	0.0000	0.0000	0.0000	0.0000	0.0000	0.0000	0.0000	0.0000	0.0000	0.0000	0.0000	0.0000	0.0000	0.0000	0.0000	0.0000											
15	27	0.1919	10	1	1	1	0	0	0	0	0	N	N	N	N	N	N	N	N	N	N	N	N	0.0000	0.0000	0.0000	0.0000	0.0000	0.0000	0.0000	0.0000	0.0000	0.0000	0.0000	0.0000	0.0000	0.0000	0.0000	0.0000	0.0000	0.0000	0.0000	0.0000	2.9999	6.0046	3.0728	3.2467	0.0000	0.0000	0.0000	0.0000	0.0000	0.0000	0.0000	0.0000	0.0000	0.0000	0.0000	0.0000	0.0000	0.0000	0.0000	0.0000	0.0000	0.0000	0.1266	0.1109	0.0157	0.0241	0.0224	0.0017	0.1026	0.0885	0.0141	0.0645	0.0368	0.0277	0.0096	0.0083	0.0014	0.0549	0.0285	0.0264	0.0000	0.0000	0.0000	0.0000	0.0000	0.0000	0.0000	0.0000	0.0000	0.0000	0.0000	0.0000	0.0000	0.0000	0.0000	0.0000	0.0000	0.0000											
15	28	0.1555	9	1	1	0	0	0	0	0	0	N	N	N	N	N	N	N	N	N	N	N	N	0.0000	0.0000	0.0000	0.0000	0.0000	0.0000	0.0000	0.0000	0.0000	0.0000	0.0000	0.0000	0.0000	0.0000	0.0000	0.0000	0.0000	0.0001	0.0001	0.0000	0.0005	0.0005	0.0000	0.0000	0.0000	0.0000	0.0729	0.0000	-0.0000	2.9999	7.0330	3.0728	8.3476	0.0000	0.0000	0.0000	0.0000	0.0000	0.0000	0.0000	0.0000	0.0000	0.0000	0.0000	0.0000	0.0000	0.0000	0.0000	0.0000	0.0000	0.0000	0.1628	0.1421	0.0207	0.0238	0.0225	0.0013	0.1390	0.1196	0.0194	0.1176	0.0690	0.0487	0.0221	0.0190	0.0031	0.0955	0.0499	0.0456	0.0000	0.0000	0.0000	0.0000	0.0000	0.0000	0.0000	0.0000	0.0000	0.0001	0.0001	0.0000	0.0005	0.0005	0.0000	0.0000	0.0000	0.0000		
15	29	0.1655	10	0	2	0	1	0	0	0	0	N	Y	N	N	N	N	N	N	N	N	N	N	0.0000	0.0000	0.0000	0.0000	0.0000	0.0000	0.0000	0.0000	0.0000	0.0000	0.0000	0.0000	0.0000	0.0000	0.0000	0.0000	0.0000	0.0000	0.0000	-0.0000	2.9999	12.7698	3.0728	10.8465	0.0000	0.0000	0.0000	0.0000	0.0000	0.0000	0.0000	0.0000	0.0000	0.0000	0.0000	0.0000	0.0000	0.0000	0.0000	0.0000	0.0000	0.0000	0.2772	0.2426	0.0346	0.0383	0.0361	0.0023	0.2388	0.2065	0.0323	0.1651	0.0960	0.0691	0.0282	0.0237	0.0045	0.1368	0.0723	0.0646	0.0000	0.0000	0.0000	0.0000	0.0000	0.0000	0.0000	0.0000	0.0000	0.0000	0.0000	0.0000	0.0000	0.0000	0.0000	0.0000	0.0000	0.0000											
15	30	0.1408	6	1	1	1	0	0	0	0	0	N	N	N	N	N	N	N	N	N	N	N	N	0.0000	0.0000	0.0000	0.0000	0.0000	0.0000	0.0000	0.0000	0.0000	0.0000	0.0000	0.0000	0.0000	0.0000	0.0000	0.0000	0.0000	0.0000	0.0000	0.0000	2.9999	11.8338	3.0728	5.9707	0.0000	0.0000	0.0000	0.0000	0.0000	0.0000	0.0000	0.0000	0.0000	0.0000	0.0000	0.0000	0.0000	0.0000	0.0000	0.0000	0.0000	0.0000	0.2570	0.2237	0.0333	0.0215	0.0199	0.0015	0.2355	0.2038	0.0318	0.1329	0.0752	0.0577	0.0256	0.0210	0.0045	0.1074	0.0542	0.0532	0.0000	0.0000	0.0000	0.0000	0.0000	0.0000	0.0000	0.0000	0.0000	0.0000	0.0000	0.0000	0.0000	0.0000	0.0000	0.0000	0.0000	0.0000											
15	31	0.1655	10	0	1	1	0	0	0	0	0	N	N	N	N	N	N	N	N	N	N	N	N	0.0000	0.0000	0.0000	0.0000	0.0000	0.0000	0.0000	0.0000	0.0000	0.0000	0.0000	0.0000	0.0000	0.0000	0.0000	0.0000	0.0000	0.0131	0.0248	0.0000	0.0665	0.0765	0.0000	0.0000	0.0000	0.0000	0.0007	0.0000	-0.0006	2.9999	6.9288	3.0728	3.0309	0.0000	0.0000	0.0000	0.0000	0.0000	0.0000	0.0000	0.0000	0.0000	0.0011	0.0010	0.0000	0.0011	0.0010	0.0000	0.0000	0.0000	0.0000	0.1589	0.1391	0.0198	0.0230	0.0217	0.0013	0.1359	0.1173	0.0185	0.0805	0.0483	0.0322	0.0158	0.0137	0.0021	0.0647	0.0346	0.0301	0.0000	0.0000	0.0000	0.0000	0.0000	0.0000	0.0000	0.0000	0.0000	0.0131	0.0217	0.0000	0.0665	0.0765	0.0000	0.0000	0.0000	0.0000		
15	32	0.1555	9	0	1	0	0	0	0	0	0	N	N	N	N	N	N	N	N	N	N	N	N	0.0000	0.0000	0.0000	0.0000	0.0000	0.0000	0.0000	0.0000	0.0000	0.0000	0.0000	0.0000	0.0000	0.0000	0.0000	0.0000	0.0000	0.0000	0.0215	0.0082	0.0436	0.0009	0.0010	0.0000	0.0283	0.0719	0.0462	3.2336	0.0000	0.0002	2.9999	1.8775	3.0728	3.1058	0.0000	0.0000	0.0000	0.0000	0.0000	0.0000	0.0000	0.0000	0.0000	0.0011	0.0003	0.0008	0.0000	0.0000	0.0000	0.0011	0.0002	0.0008	0.0529	0.0463	0.0066	0.0112	0.0107	0.0005	0.0417	0.0356	0.0062	0.0493	0.0307	0.0186	0.0122	0.0111	0.0011	0.0371	0.0196	0.0175	0.0000	0.0000	0.0000	0.0000	0.0000	0.0000	0.0000	0.0000	0.0000	0.0215	0.0082	0.0436	0.0009	0.0010	0.0000	0.0283	0.0123	0.0462	
15	33	0.1432	8	0	1	0	0	0	0	0	0	N	N	N	N	N	N	N	N	N	N	N	N	0.0000	0.0000	0.0000	0.0000	0.0000	0.0000	0.0000	0.0000	0.0000	0.0000	0.0000	0.0000	0.0000	0.0000	0.0000	0.0000	0.0000	0.0000	0.0002	0.0003	0.0000	0.0001	0.0001	0.0000	0.0002	0.0004	0.0000	0.0679	0.0000	-0.0000	2.9999	5.3867	3.0728	0.9197	0.0000	0.0000	0.0000	0.0000	0.0000	0.0000	0.0000	0.0000	0.0000	0.0000	0.0000	0.0000	0.0000	0.0000	0.0000	0.0000	0.0000	0.0000	0.1194	0.1041	0.0153	0.0137	0.0129	0.0008	0.1056	0.0912	0.0144	0.0581	0.0358	0.0222	0.0134	0.0119	0.0015	0.0447	0.0240	0.0207	0.0000	0.0000	0.0000	0.0000	0.0000	0.0000	0.0000	0.0000	0.0000	0.0002	0.0003	0.0000	0.0001	0.0001	0.0000	0.0002	0.0004	0.0000	
15	34	0.2264	10	0	2	0	0	0	0	0	0	N	Y	N	N	N	N	N	N	N	N	N	N	0.0000	0.0000	0.0000	0.0000	0.0000	0.0000	0.0000	0.0000	0.0000	0.0000	0.0000	0.0000	0.0000	0.0000	0.0000	0.0000	0.0000	0.0000	0.0000	0.0000	2.9999	0.0019	3.0728	3.0025	0.0000	0.0000	0.0000	0.0000	0.0000	0.0000	0.0000	0.0000	0.0000	0.0000	0.0000	0.0000	0.0000	0.0000	0.0000	0.0000	0.0000	0.0000	0.0002	0.0001	0.0000	0.0001	0.0001	0.0000	0.0001	0.0001	0.0000	0.0182	0.0110	0.0072	0.0043	0.0034	0.0008	0.0140	0.0076	0.0064	0.0000	0.0000	0.0000	0.0000	0.0000	0.0000	0.0000	0.0000	0.0000	0.0000	0.0000	0.0000	0.0000	0.0000	0.0000	0.0000	0.0000	0.0000											
15	35	0.2070	6	1	2	0	0	0	0	0	0	N	Y	N	N	N	N	N	N	N	N	N	N	0.0000	0.0000	0.0000	0.0000	0.0000	0.0000	0.0000	0.0000	0.0000	0.0000	0.0000	0.0000	0.0000	46.3327	83.2309	0.0000	0.0000	0.0000	0.0000	54.3936	107.3115	0.0000	0.0000	0.0000	-0.5891	2.9999	1.0000	3.0728	1.9999	0.0000	0.0000	0.0000	0.0000	0.0000	0.0000	0.0000	0.0000	0.0000	1.0000	1.0000	0.0000	0.0000	0.0000	0.0000	1.0000	1.0000	0.0000	0.0219	0.0191	0.0028	0.0039	0.0035	0.0003	0.0180	0.0155	0.0025	0.0216	0.0120	0.0096	0.0032	0.0027	0.0005	0.0184	0.0093	0.0091	0.0000	0.0000	0.0000	0.0000	0.0000	0.0000	0.0000	0.0000	0.0000	46.3327	83.2309	0.0000	0.0000	0.0000	0.0000	54.3936	107.3115	0.0000						
15	36	0.1717	6	0	2	1	0	0	0	0	0	N	Y	N	N	N	N	N	N	N	N	N	N	13.4076	0.0000	106.0743	0.0000	0.0000	0.0000	11.9203	111.3069	13.5294	0.0000	104.9019	0.0000	0.0000	0.0000	15.5691	0.0000	113.4127	1.0091	0.0002	0.9889	0.0004	0.0005	0.0000	1.3061	0.0000	1.0189	inf	1144.9489	0.6306	0.0048	2.9999	3.0341	3.0728	5.2124	0.9912	0.0000	0.9912	0.0000	0.0000	0.0000	0.9912	0.0000	0.9912	0.0117	0.0000	0.0117	0.0000	0.0000	0.0000	0.0117	0.0000	0.0117	0.0733	0.0638	0.0094	0.0096	0.0089	0.0007	0.0637	0.0549	0.0087	0.0776	0.0500	0.0276	0.0249	0.0205	0.0045	0.0527	0.0295	0.0232	89.7338	0.0000	247.9629	0.0000	0.0000	0.0000	70.1578	0.0000	224.7021	0.1508	0.0002	0.4231	0.0004	0.0005	0.0000	0.2219	0.0000	0.5047	
15	37	0.1479	5	0	2	0	0	0	0	0	0	N	Y	N	N	N	N	N	N	N	N	N	N	0.0069	0.0000	0.0100	0.0000	0.0000	0.0063	0.0000	0.0088	0.1257	0.0000	0.9412	0.0000	0.0000	0.0000	0.1375	0.0000	0.9945	18.2095	0.0012	94.0165	0.0026	0.0031	0.0000	21.9106	0.0004	113.4867	inf	23959.0130	0.0055	0.4060	2.9999	3.0544	3.0728	4.8962	0.0087	0.0000	0.0087	0.0000	0.0000	0.0000	0.0087	0.0000	0.0087	0.9882	0.0000	0.9881	0.0000	0.0000	0.0000	0.9881	0.0000	0.9881	0.0692	0.0599	0.0092	0.0059	0.0054	0.0005	0.0633	0.0545	0.0087	0.0624	0.0352	0.0272	0.0122	0.0100	0.0022	0.0503	0.0252	0.0250	0.0079	0.0000	0.0259	0.0000	0.0000	0.0000	0.0070	0.0000	0.0252	15.8257	0.0012	36.3016	0.0026	0.0031	0.0000	19.6593	0.0004	39.4946	
15	38	0.2264	10	0	1	1	0	0	0	0	0	N	N	N	N	N	N	N	N	N	N	N	N	0.0000	0.0000	0.0000	0.0000	0.0000	0.0000	0.0000	0.0000	0.0000	0.0000	0.0000	0.0000	0.0000	0.0000	0.0000	0.0000	0.0000	0.0000	0.0000	0.0000	2.9999	0.9992	3.0728	1.0069	0.0000	0.0000	0.0000	0.0000	0.0000	0.0000	0.0000	0.0000	0.0000	0.0000	0.0000	0.0000	0.0000	0.0000	0.0000	0.0000	0.0000	0.0000	0.0197	0.0172	0.0025	0.0024	0.0022	0.0001	0.0173	0.0149	0.0024	0.0123	0.0075	0.0049	0.0029	0.0024	0.0005	0.0094	0.0051	0.0043	0.0000	0.0000	0.0000	0.0000	0.0000	0.0000	0.0000	0.0000	0.0000	0.0000	0.0000	0.0000	0.0000	0.0000	0.0000	0.0000	0.0000	0.0000											
15	39	0.2211	9	0	1	0	0	0	0	0	0	N	N	N	N	N	N	N	N	N	N	N	N	0.0000	0.0000	0.0000	0.0000	0.0000	0.0000	0.0000	0.0000	0.0000	0.0000	0.0000	0.0000	0.0000	0.0000	0.0000	0.0000	0.0000	0.0000	0.0000	0.0000	2.9999	1.0008	3.0728	0.9987	0.0000	0.0000	0.0000	0.0000	0.0000	0.0000	0.0000	0.0000	0.0000	0.0000	0.0000	0.0000	0.0000	0.0000	0.0000	0.0000	0.0000	0.0000	0.0199	0.0173	0.0026	0.0022	0.0020	0.0001	0.0178	0.0153	0.0025	0.0122	0.0073	0.0049	0.0026	0.0020	0.0005	0.0097	0.0053	0.0044	0.0000	0.0000	0.0000	0.0000	0.0000	0.0000	0.0000	0.0000	0.0000	0.0000	0.0000	0.0000	0.0000	0.0000	0.0000	0.0000	0.0000	0.0000											
15	40	0.1432	8	0	1	0	0	0	0	0	0	N	N	N	N	N	N	N	N	N	N	N	N	0.0000	0.0000	0.0000	0.0000	0.0000	0.0000	0.0000	0.0000	0.0000	0.0000	0.0000	0.0000	0.0000	0.0000	0.0000	0.0000	0.0000	0.0000	0.0000	0.0000	2.9999	9.0374	3.0728	18.5287	0.0000	0.0000	0.0000	0.0000	0.0000	0.0000	0.0000	0.0000	0.0000	0.0000	0.0000	0.0000	0.0000	0.0000	0.0000	0.0000	0.0000	0.0000	0.1953	0.1704	0.0249	0.0222	0.0208	0.0014	0.1730	0.1495	0.0235	0.1901	0.1102	0.0799	0.0330	0.0271	0.0059	0.1571	0.0831	0.0740	0.0000	0.0000	0.0000	0.0000	0.0000	0.0000	0.0000	0.0000	0.0000	0.0000	0.0000	0.0000	0.0000	0.0000	0.0000	0.0000	0.0000	0.0000											
15	41	0.1163	7	0	1	0	0	0	0	0	0	N	N	N	N	N	N	N	N	N	N	N	N	4511.3296	0.0000	1170265.5011	0.0000	0.0000	0.0000	349113.4749	1197962.0844	4.9975	0.0000	38.2112	0.0000	0.0000	0.0000	5.3553	0.0000	39.4184	0.0011	0.0018	0.0000	0.0061	0.0069	0.0000	0.0000	0.0000	0.0000	inf	0.0121	0.6365	-0.0001	2.9999	9.0369	3.0728	3.5648	1.0004	0.0000	1.0004	0.0000	0.0000	0.0000	1.0004	0.0000	1.0004	0.0001	0.0001	0.0000	0.0001	0.0001	0.0000	0.0000	0.0000	0.0000	0.2002	0.1740	0.0262	0.0134	0.0126	0.0008	0.1868	0.1614	0.0254	0.1103	0.0656	0.0446	0.0199	0.0174	0.0025	0.0904	0.0482	0.0421	4511.3296	0.0000	1170265.5011	0.0000	0.0000	0.0000	349113.4749	0.0000	1197962.0844	0.0011	0.0018	0.0000	0.0061	0.0069	0.0000	0.0000	0.0000	0.0000	
15	42	0.0825	3	0	1	0	0	0	0	0	0	N	N	N	N	N	N	N	N	N	N	N	N	2765.2609	1792.4481	2134.2511	2023.8264	inf	inf	2.7269	3.1406	0.0000	18.0469	19.3312	0.0000	1.9439	2.2474	0.0000	0.0010	0.0018	0.0000	0.0085	0.0096	0.0000	0.0000	0.0000	0.0000	0.0000	0.0000	-0.3632	-0.0001	2.9999	17.0025	3.0728	6.0864	0.9983	0.9983	0.0000	0.3213	0.3213	0.0000	0.6770	0.6770	0.0000	0.0002	0.0002	0.0000	0.0002	0.0002	0.0000	0.0000	0.0000	0.0000	0.3661	0.3179	0.0482	0.0178	0.0166	0.0012	0.3483	0.3012	0.0470	0.1825	0.1027	0.0798	0.0213	0.0188	0.0024	0.1612	0.0839	0.0774	2765.2609	1792.4481	0.0000	2134.2511	2023.8264	0.0000	inf	inf	0.0000	0.0010	0.0018	0.0000	0.0085	0.0096	0.0000	0.0000	0.0000	0.0000			
15	44	0.0825	3	0	2	0	0	0	0	0	0	N	Y	N	N	N	N	N	N	N	N	N	N	0.0000	0.0000	0.0000	0.0000	0.0000	0.0000	0.0000	0.0000	0.0000	0.0000	0.0000	0.0000	0.0000	0.0000	0.0000	0.0000	0.0000	0.0000	0.0000	0.0000	2.9999	6.9958	3.0728	11.8523	0.0000	0.0000	0.0000	0.0000	0.0000	0.0000	0.0000	0.0000	0.0000	0.0000	0.0000	0.0000	0.0000	0.0000	0.0000	0.0000	0.0000	0.0000	0.1626	0.1409	0.0217	0.0094	0.0088	0.0005	0.1533	0.1321	0.0212	0.1544	0.0875	0.0669	0.0189	0.0169	0.0021	0.1355	0.0707	0.0648	0.0000	0.0000	0.0000	0.0000	0.0000	0.0000	0.0000	0.0000	0.0000	0.0000	0.0000	0.0000	0.0000	0.0000	0.0000	0.0000	0.0000	0.0000											
15	45	0.0442	2	0	2	0	0	0	0	0	0	N	Y	N	N	N	N	N	N	N	N	N	N	0.0547	inf	0.0000	8.6312	inf	0.0000	0.0000	0.0000	0.0000	0.0000	0.0000	0.0006	0.0006	0.0000	0.0000	0.0000	0.0000	0.0004	0.0000	0.0009	0.0001	0.0000	0.0057	0.0004	0.0000	0.0009	0.0000	inf	-0.0000	0.0000	2.9999	20.1318	3.0728	17.5118	0.0000	0.0000	0.0000	0.0000	0.0000	0.0000	0.0000	0.0000	0.0000	0.0001	0.0000	0.0001	0.0000	0.0000	0.0000	0.0001	0.0000	0.0001	0.4297	0.3733	0.0564	0.0173	0.0160	0.0013	0.4124	0.3573	0.0550	0.2652	0.1428	0.1224	0.0096	0.0095	0.0001	0.2556	0.1333	0.1223	0.0547	inf	0.0000	8.6312	inf	0.0000	0.0000	0.0000	0.0000	0.0004	0.0000	0.0009	0.0001	0.0000	0.0057	0.0004	0.0000	0.0009	
15	46	0.1443	8	0	2	0	0	0	0	0	0	N	Y	N	N	N	N	N	N	N	N	N	N	0.0000	0.0000	0.0000	0.0000	0.0000	0.0000	0.0000	0.0000	0.0000	0.0000	0.0000	0.0000	0.0000	0.0000	0.0000	0.0000	0.0000	0.0000	0.0000	0.0000	2.9999	15.0410	3.0728	10.9147	0.0000	0.0000	0.0000	0.0000	0.0000	0.0000	0.0000	0.0000	0.0000	0.0000	0.0000	0.0000	0.0000	0.0000	0.0000	0.0000	0.0000	0.0000	0.3485	0.3047	0.0439	0.0535	0.0503	0.0032	0.2950	0.2544	0.0407	0.2284	0.1464	0.0819	0.0673	0.0580	0.0093	0.1611	0.0884	0.0727	0.0000	0.0000	0.0000	0.0000	0.0000	0.0000	0.0000	0.0000	0.0000	0.0000	0.0000	0.0000	0.0000	0.0000	0.0000	0.0000	0.0000	0.0000											
15	47	0.1460	7	1	1	1	0	0	0	0	0	N	N	N	N	N	N	N	N	N	N	N	N	0.0000	0.0000	0.0000	0.0000	0.0000	0.0000	0.0000	0.0000	0.0000	0.0000	0.0000	0.0000	0.0000	0.0000	0.0000	0.0012	0.0000	0.0027	0.0000	0.0000	0.0000	0.0015	0.0000	0.0030	inf	0.0000	0.0001	2.9999	12.7633	3.0728	6.3722	0.0000	0.0000	0.0000	0.0000	0.0000	0.0000	0.0000	0.0000	0.0000	0.0002	0.0000	0.0002	0.0000	0.0000	0.0000	0.0002	0.0000	0.0002	0.2778	0.2421	0.0357	0.0243	0.0226	0.0017	0.2536	0.2195	0.0340	0.1482	0.0860	0.0623	0.0331	0.0274	0.0057	0.1151	0.0586	0.0565	0.0000	0.0000	0.0000	0.0000	0.0000	0.0000	0.0000	0.0000	0.0000	0.0012	0.0000	0.0027	0.0000	0.0000	0.0000	0.0015	0.0000	0.0030				
15	48	0.1408	6	0	1	0	0	0	0	0	0	N	N	N	N	N	N	N	N	N	N	N	N	0.0000	0.0000	0.0000	0.0000	0.0000	0.0000	0.0000	0.0000	0.0000	0.0000	0.0000	0.0000	0.0000	0.0000	0.0000	0.0000	0.0000	0.0001	0.0000	0.0002	0.0002	0.0000	0.0000	0.0000	0.0000	0.1726	-0.0000	-0.0000	2.9999	0.3513	3.0728	1.9759	0.0000	0.0000	0.0000	0.0000	0.0000	0.0000	0.0000	0.0000	0.0000	0.0000	0.0000	0.0000	0.0000	0.0000	0.0000	0.0000	0.0000	0.0000	0.0136	0.0124	0.0012	0.0034	0.0034	0.0000	0.0102	0.0091	0.0012	0.0191	0.0108	0.0083	0.0038	0.0032	0.0007	0.0153	0.0076	0.0076	0.0000	0.0000	0.0000	0.0000	0.0000	0.0000	0.0000	0.0000	0.0000	0.0000	0.0001	0.0000	0.0002	0.0002	0.0000	0.0000	0.0000	0.0000			
15	49	0.1406	5	0	1	0	0	0	0	0	0	N	N	N	N	N	N	N	N	N	N	N	N	0.0000	0.0000	0.0000	0.0000	0.0000	0.0000	0.0000	0.0000	0.0000	0.0000	0.0000	0.0000	0.0000	0.0000	0.0000	0.0000	0.0000	0.0000	0.0000	0.0000	2.9999	0.1669	3.0728	0.0350	0.0000	0.0000	0.0000	0.0000	0.0000	0.0000	0.0000	0.0000	0.0000	0.0000	0.0000	0.0000	0.0000	0.0000	0.0000	0.0000	0.0000	0.0000	0.0038	0.0033	0.0005	0.0003	0.0003	0.0000	0.0035	0.0030	0.0005	0.0017	0.0009	0.0007	0.0003	0.0003	0.0001	0.0013	0.0007	0.0007	0.0000	0.0000	0.0000	0.0000	0.0000	0.0000	0.0000	0.0000	0.0000	0.0000	0.0000	0.0000	0.0000	0.0000	0.0000	0.0000	0.0000	0.0000											
15	50	0.1406	4	0	1	0	0	0	0	0	0	N	N	N	N	N	N	N	N	N	N	N	N	0.0000	0.0000	0.0000	0.0000	0.0000	0.0000	0.0000	0.0000	0.0000	0.0000	0.0000	0.0000	0.0000	0.0000	0.0000	0.0000	0.0000	0.0000	0.0000	0.0000	2.9999	0.0010	3.0728	0.0028	0.0000	0.0000	0.0000	0.0000	0.0000	0.0000	0.0000	0.0000	0.0000	0.0000	0.0000	0.0000	0.0000	0.0000	0.0000	0.0000	0.0000	0.0000	0.0001	0.0001	0.0000	0.0000	0.0000	0.0000	0.0000	0.0000	0.0000	0.0001	0.0000	0.0000	0.0000	0.0000	0.0000	0.0000	0.0000	0.0000	0.0000	0.0000	0.0000	0.0000	0.0000	0.0000	0.0000	0.0000	0.0000	0.0000	0.0000	0.0000	0.0000	0.0000	0.0000	0.0000	0.0000	0.0000											
15	51	0.1020	4	0	2	0	1	0	0	0	0	N	Y	N	N	N	N	N	N	N	N	N	N	32565.4607	23141.0208	0.0000	87496.6475	77994.9749	0.0000	0.0000	0.0000	2.1111	2.4348	0.0000	31.5600	33.2547	0.0000	0.0000	0.0000	0.0000	0.0001	0.0001	0.0000	0.0004	0.0004	0.0000	0.0000	0.0000	0.0000	0.0000	0.0729	-0.1324	-0.0000	2.9999	7.3891	3.0728	13.2142	0.3640	0.3640	0.0000	0.3640	0.3640	0.0000	0.0000	0.0000	0.0000	0.0000	0.0000	0.0000	0.0000	0.0000	0.0000	0.0000	0.0000	0.0000	0.1724	0.1495	0.0229	0.0115	0.0109	0.0006	0.1609	0.1386	0.0223	0.1655	0.0950	0.0704	0.0278	0.0234	0.0044	0.1376	0.0716	0.0661	32565.4607	23141.0208	0.0000	87496.6475	77994.9749	0.0000	0.0000	0.0000	0.0000	0.0001	0.0001	0.0000	0.0004	0.0004	0.0000	0.0000	0.0000	0.0000	
15	52	0.1081	5	0	2	0	0	0	0	0	0	N	Y	N	N	N	N	N	N	N	N	N	N	8814.7377	5629.2351	inf	9058.7299	8092.3389	inf	inf	inf	3.3380	3.8092	0.0000	26.0749	28.1147	0.0000	0.0430	0.0495	0.0000	0.0004	0.0007	0.0000	0.0029	0.0035	0.0000	0.0000	0.0000	0.0000	0.0000	0.0000	-0.3637	-0.0000	2.9999	12.1779	3.0728	13.0455	0.9997	0.9997	0.0000	0.9885	0.9885	0.0000	0.0113	0.0113	0.0000	0.0001	0.0001	0.0000	0.0001	0.0001	0.0000	0.0000	0.0000	0.0000	0.2995	0.2625	0.0370	0.0379	0.0352	0.0028	0.2616	0.2273	0.0343	0.1848	0.1034	0.0814	0.0243	0.0201	0.0042	0.1605	0.0833	0.0772	8814.7377	5629.2351	inf	9058.7299	8092.3389	0.0000	inf	inf	inf	0.0004	0.0007	0.0000	0.0029	0.0035	0.0000	0.0000	0.0000	0.0000	
15	53	0.1479	5	0	2	0	0	0	0	0	0	N	Y	N	N	N	N	N	N	N	N	N	N	0.0000	0.0000	0.0000	0.0000	0.0000	0.0000	0.0000	0.0000	0.0000	0.0000	0.0000	0.0000	0.0000	25.2047	37.2459	0.0000	0.0000	0.0000	0.0000	28.9215	52.0374	0.0000	0.0000	0.0000	-0.5891	2.9999	3.0001	3.0728	3.0003	0.0000	0.0000	0.0000	0.0000	0.0000	0.0000	0.0000	0.0000	0.0000	1.0000	1.0000	0.0000	0.0000	0.0000	0.0000	1.0000	1.0000	0.0000	0.0680	0.0589	0.0091	0.0058	0.0053	0.0005	0.0622	0.0536	0.0086	0.0476	0.0268	0.0208	0.0093	0.0076	0.0017	0.0383	0.0192	0.0191	0.0000	0.0000	0.0000	0.0000	0.0000	0.0000	0.0000	0.0000	0.0000	20.9975	37.2459	0.0000	0.0000	0.0000	0.0000	26.1063	52.0374	0.0000						
15	54	0.1406	4	0	1	0	0	0	0	0	0	N	N	N	N	N	N	N	N	N	N	N	N	0.0000	0.0000	0.0000	0.0000	0.0000	0.0000	0.0000	0.0000	0.0000	0.0000	0.0000	0.0000	0.0000	0.0000	0.0000	0.0000	0.0000	0.0000	0.0000	0.0000	2.9999	1.9998	3.0728	1.0017	0.0000	0.0000	0.0000	0.0000	0.0000	0.0000	0.0000	0.0000	0.0000	0.0000	0.0000	0.0000	0.0000	0.0000	0.0000	0.0000	0.0000	0.0000	0.0450	0.0390	0.0061	0.0033	0.0030	0.0003	0.0417	0.0359	0.0058	0.0242	0.0136	0.0106	0.0048	0.0039	0.0009	0.0195	0.0097	0.0097	0.0000	0.0000	0.0000	0.0000	0.0000	0.0000	0.0000	0.0000	0.0000	0.0000	0.0000	0.0000	0.0000	0.0000	0.0000	0.0000	0.0000	0.0000											
15	55	0.0825	3	0	1	0	0	0	0	0	0	N	N	N	N	N	N	N	N	N	N	N	N	inf	inf	inf	inf	inf	inf	5.4233	6.2587	0.0000	31.4061	33.3165	0.0000	3.8925	4.5155	0.0000	0.0000	0.0000	0.0000	0.0000	0.0000	0.0000	0.0000	0.0000	0.0000	0.0000	-0.3634	0.0000	2.9999	8.0033	3.0728	9.9473	0.9989	0.9989	0.0000	0.3218	0.3218	0.0000	0.6770	0.6770	0.0000	0.0000	0.0000	0.0000	0.0000	0.0000	0.0000	0.0000	0.0000	0.0000	0.1842	0.1596	0.0246	0.0102	0.0097	0.0006	0.1739	0.1499	0.0240	0.1483	0.0842	0.0640	0.0184	0.0164	0.0020	0.1299	0.0678	0.0621	inf	inf	0.0000	inf	inf	0.0000	inf	inf	0.0000	0.0000	0.0000	0.0000	0.0000	0.0000	0.0000	0.0000	0.0000	0.0000				
15	56	0.1657	9	0	2	0	0	0	0	0	0	N	Y	N	N	N	N	N	N	N	N	N	N	1.2980	0.7844	6.2627	2.3487	2.1110	0.0000	1.7610	inf	6.0354	0.0003	0.0002	0.0007	0.0011	0.0012	0.0000	0.0001	0.0000	0.0008	0.0002	0.0003	0.0001	0.0005	0.0006	0.0000	0.0001	0.0000	0.0001	0.5029	0.2557	-0.0000	-0.0000	2.9999	5.0156	3.0728	9.5596	0.0000	0.0000	0.0000	0.0000	0.0000	0.0000	0.0000	0.0000	0.0000	0.0000	0.0000	0.0000	0.0000	0.0000	0.0000	0.0000	0.0000	0.0000	0.1136	0.0994	0.0142	0.0174	0.0164	0.0010	0.0962	0.0830	0.0132	0.1239	0.0784	0.0455	0.0417	0.0348	0.0069	0.0822	0.0436	0.0386	1.2980	0.7844	6.2627	2.3487	2.1110	0.0000	1.7610	inf	6.0354	0.0002	0.0003	0.0001	0.0005	0.0006	0.0000	0.0001	0.0000	0.0001
15	57	0.1443	8	0	2	0	0	0	0	0	0	N	Y	N	N	N	N	N	N	N	N	N	N	1.0235	0.0930	14.0083	0.6983	0.1860	23.1910	3.4923	0.0000	12.2177	0.0027	0.0003	0.0195	0.0042	0.0012	0.0538	0.0023	0.0000	0.0154	0.0027	0.0032	0.0014	0.0061	0.0065	0.0023	0.0006	0.0002	0.0013	9.4531	0.1870	0.0002	-0.0002	2.9999	5.2776	3.0728	4.9316	0.0004	0.0000	0.0004	0.0002	0.0000	0.0001	0.0003	0.0000	0.0003	0.0004	0.0003	0.0001	0.0003	0.0003	0.0000	0.0001	0.0000	0.0000	0.1548	0.1353	0.0195	0.0355	0.0334	0.0020	0.1194	0.1019	0.0175	0.1366	0.0956	0.0411	0.0505	0.0457	0.0049	0.0861	0.0499	0.0362	1.0235	0.0930	14.0083	0.6983	0.1860	23.1910	3.4923	0.0000	12.2177	0.0027	0.0032	0.0014	0.0061	0.0065	0.0023	0.0006	0.0002	0.0013
15	58	0.1163	7	0	1	0	0	0	0	0	0	N	N	N	N	N	N	N	N	N	N	N	N	0.7650	0.2806	11.9519	16.6461	15.5221	0.0000	0.3711	0.0000	11.6508	0.0066	0.0036	0.0262	0.0449	0.0477	0.0000	0.0037	0.0000	0.0270	0.0086	0.0129	0.0022	0.0027	0.0031	0.0000	0.0099	0.1777	0.0023	1.0869	0.1141	0.0002	-0.0004	2.9999	6.4383	3.0728	5.2340	0.0010	0.0005	0.0005	0.0005	0.0005	0.0000	0.0005	0.0000	0.0005	0.0009	0.0008	0.0001	0.0001	0.0001	0.0000	0.0008	0.0007	0.0001	0.1458	0.1267	0.0191	0.0102	0.0096	0.0006	0.1356	0.1171	0.0185	0.1038	0.0620	0.0417	0.0191	0.0168	0.0023	0.0847	0.0453	0.0394	0.7650	0.2809	11.9519	16.6461	15.5221	0.0000	0.3711	0.0000	11.6508	0.0086	0.0129	0.0022	0.0027	0.0031	0.0000	0.0099	0.0166	0.0023
15	59	0.1081	6	0	1	0	0	0	0	0	0	N	N	N	N	N	N	N	N	N	N	N	N	19.5613	0.7457	209.1509	2.1326	1.2922	900.5875	32.9407	0.0000	228.7946	0.0933	0.0041	0.8017	0.0234	0.0161	0.1213	0.1155	0.0000	0.9206	0.0048	0.0055	0.0038	0.0110	0.0125	0.0001	0.0035	0.0054	0.0040	24.8408	0.5121	0.0072	-0.0000	2.9999	3.9043	3.0728	0.3762	0.0120	0.0005	0.0115	0.0007	0.0005	0.0003	0.0113	0.0000	0.0113	0.0002	0.0001	0.0001	0.0001	0.0001	0.0000	0.0001	0.0000	0.0001	0.1287	0.1143	0.0144	0.0310	0.0288	0.0021	0.0977	0.0855	0.0123	0.0385	0.0223	0.0162	0.0065	0.0057	0.0008	0.0320	0.0165	0.0154	19.5613	0.7457	209.1509	2.1326	1.2922	900.5875	32.9407	0.0000	228.7946	0.0048	0.0055	0.0038	0.0110	0.0125	0.0001	0.0035	0.0030	0.0040
15	60	0.1081	5	0	1	0	0	0	0	0	0	N	N	N	N	N	N	N	N	N	N	N	N	38.8411	26.0451	158.5889	23.4712	22.6857	424.6126	47.2932	inf	201.2592	0.3055	0.1687	1.5870	0.4183	0.4386	0.1409	0.2383	0.0001	2.1053	0.0079	0.0065	0.0100	0.0178	0.0193	0.0003	0.0050	0.0000	0.0105	1.0039	1.0000	0.0031	-0.0000	2.9999	1.5036	3.0728	0.1987	0.0227	0.0114	0.0114	0.0116	0.0114	0.0003	0.0111	0.0000	0.0111	0.0001	0.0001	0.0001	0.0001	0.0001	0.0000	0.0001	0.0000	0.0001	0.0745	0.0673	0.0072	0.0278	0.0259	0.0019	0.0467	0.0414	0.0053	0.0184	0.0111	0.0072	0.0041	0.0037	0.0003	0.0143	0.0074	0.0069	38.8411	26.0451	158.5889	23.4712	22.6857	424.6126	47.2932	inf	201.2592	0.0079	0.0065	0.0100	0.0178	0.0193	0.0003	0.0050	0.0000	0.0105
15	61	0.1020	4	0	1	0	0	0	0	0	0	N	N	N	N	N	N	N	N	N	N	N	N	4832.1901	165.7951	15507.3712	699.4509	545.7997	104640.0886	4611.5743	inf	14964.5470	9.0195	0.0717	67.5812	0.7380	0.6255	3.9291	9.9279	0.0032	69.2392	0.0019	0.0004	0.0044	0.0011	0.0011	0.0000	0.0022	0.0000	0.0046	144.0788	5.8037	0.3989	0.0000	2.9999	2.7181	3.0728	1.0102	0.6339	0.0044	0.6295	0.0051	0.0042	0.0009	0.6287	0.0002	0.6286	0.0001	0.0000	0.0001	0.0000	0.0000	0.0000	0.0001	0.0000	0.0001	0.0703	0.0610	0.0093	0.0069	0.0067	0.0002	0.0633	0.0543	0.0091	0.0444	0.0282	0.0162	0.0116	0.0106	0.0010	0.0328	0.0176	0.0153	4832.1901	165.7951	15507.3712	699.4509	545.7997	104640.0886	4611.5743	inf	14964.5470	0.0019	0.0004	0.0044	0.0011	0.0011	0.0000	0.0022	0.0000	0.0046
15	62	0.0825	3	0	1	0	0	0	0	0	0	N	N	N	N	N	N	N	N	N	N	N	N	80415.9119	369072.4629	145181.3019	786956.1916	736142.6641	inf	44117.9520	inf	142369.0902	11.4935	5.9937	48.1180	47.5840	48.2521	23.7295	7.0018	0.0211	48.6945	0.0001	0.0000	0.0003	0.0001	0.0001	0.0000	0.0002	0.0000	0.0003	1.2055	13.7153	0.0832	0.0000	2.9999	1.4525	3.0728	6.3634	0.4550	0.2063	0.2487	0.2085	0.2056	0.0028	0.2465	0.0006	0.2458	0.0000	0.0000	0.0000	0.0000	0.0000	0.0000	0.0000	0.0000	0.0000	0.0396	0.0344	0.0052	0.0044	0.0043	0.0001	0.0352	0.0302	0.0050	0.0750	0.0449	0.0302	0.0121	0.0111	0.0009	0.0630	0.0338	0.0292	80415.9119	369072.4629	145181.3019	786956.1916	736142.6641	inf	44117.9520	inf	142369.0902	0.0001	0.0000	0.0003	0.0001	0.0001	0.0000	0.0002	0.0000	0.0003
15	63	0.1619	6	1	2	0	1	0	0	0	0	N	Y	N	N	N	N	N	N	N	N	N	N	0.0000	0.0000	0.0000	0.0000	0.0000	0.0000	0.0000	0.0000	0.0000	0.0000	0.0000	0.0000	0.0000	0.0000	0.0000	0.0000	0.0000	0.0000	0.0000	-0.0000	2.9999	2.0000	3.0728	2.0002	0.0000	0.0000	0.0000	0.0000	0.0000	0.0000	0.0000	0.0000	0.0000	0.0000	0.0000	0.0000	0.0000	0.0000	0.0000	0.0000	0.0000	0.0000	0.0449	0.0391	0.0058	0.0062	0.0057	0.0005	0.0387	0.0334	0.0053	0.0304	0.0170	0.0134	0.0047	0.0039	0.0008	0.0257	0.0131	0.0125	0.0000	0.0000	0.0000	0.0000	0.0000	0.0000	0.0000	0.0000	0.0000	0.0000	0.0000	0.0000	0.0000	0.0000	0.0000	0.0000	0.0000	0.0000											
15	64	0.1776	10	0	2	0	1	0	0	0	0	N	Y	N	N	N	N	N	N	N	N	N	N	0.0000	0.0000	0.0000	0.0000	0.0000	0.0000	0.0000	0.0000	0.0000	0.0000	0.0000	0.0000	0.0000	0.0000	0.0000	0.0000	0.0000	0.0000	0.0000	0.0000	2.9999	2.0059	3.0728	4.8036	0.0000	0.0000	0.0000	0.0000	0.0000	0.0000	0.0000	0.0000	0.0000	0.0000	0.0000	0.0000	0.0000	0.0000	0.0000	0.0000	0.0000	0.0000	0.0455	0.0396	0.0059	0.0071	0.0065	0.0006	0.0384	0.0331	0.0053	0.0515	0.0297	0.0218	0.0096	0.0081	0.0014	0.0419	0.0215	0.0204	0.0000	0.0000	0.0000	0.0000	0.0000	0.0000	0.0000	0.0000	0.0000	0.0000	0.0000	0.0000	0.0000	0.0000	0.0000	0.0000	0.0000	0.0000											
15	65	0.1748	8	0	2	0	0	0	0	0	0	N	Y	N	N	N	N	N	N	N	N	N	N	0.0000	0.0000	0.0000	0.0000	0.0000	0.0000	0.0000	0.0000	0.0000	0.0000	0.0000	0.0000	0.0000	0.0000	0.0000	0.0000	0.0000	0.0000	0.0000	-0.0000	2.9999	0.9804	3.0728	0.2754	0.0000	0.0000	0.0000	0.0000	0.0000	0.0000	0.0000	0.0000	0.0000	0.0000	0.0000	0.0000	0.0000	0.0000	0.0000	0.0000	0.0000	0.0000	0.0235	0.0206	0.0029	0.0038	0.0035	0.0002	0.0197	0.0170	0.0027	0.0109	0.0061	0.0048	0.0022	0.0019	0.0003	0.0087	0.0042	0.0045	0.0000	0.0000	0.0000	0.0000	0.0000	0.0000	0.0000	0.0000	0.0000	0.0000	0.0000	0.0000	0.0000	0.0000	0.0000	0.0000	0.0000	0.0000											
15	66	0.1726	9	0	1	1	1	0	0	0	0	N	N	N	N	N	N	N	N	N	N	N	N	0.0000	0.0000	0.0000	0.0000	0.0000	0.0000	0.0000	0.0000	0.0000	0.0000	0.0000	0.0000	0.0000	0.0000	0.0000	0.0000	0.0000	0.0000	0.0000	0.0000	2.9999	0.9437	3.0728	4.8091	0.0000	0.0000	0.0000	0.0000	0.0000	0.0000	0.0000	0.0000	0.0000	0.0000	0.0000	0.0000	0.0000	0.0000	0.0000	0.0000	0.0000	0.0000	0.0297	0.0258	0.0039	0.0080	0.0075	0.0005	0.0216	0.0183	0.0034	0.0450	0.0260	0.0189	0.0084	0.0072	0.0012	0.0365	0.0188	0.0177	0.0000	0.0000	0.0000	0.0000	0.0000	0.0000	0.0000	0.0000	0.0000	0.0000	0.0000	0.0000	0.0000	0.0000	0.0000	0.0000	0.0000	0.0000											
15	67	0.1656	8	0	1	1	1	0	0	0	0	N	N	N	N	N	N	N	N	N	N	N	N	0.0000	0.0000	0.0000	0.0000	0.0000	0.0000	0.0000	0.0000	0.0000	0.0000	0.0000	0.0000	0.0000	0.0000	0.0000	0.0000	0.0000	0.0000	0.0000	0.0000	2.9999	4.0088	3.0728	5.0246	0.0000	0.0000	0.0000	0.0000	0.0000	0.0000	0.0000	0.0000	0.0000	0.0000	0.0000	0.0000	0.0000	0.0000	0.0000	0.0000	0.0000	0.0000	0.0892	0.0776	0.0115	0.0125	0.0115	0.0010	0.0767	0.0662	0.0105	0.0679	0.0384	0.0295	0.0110	0.0091	0.0018	0.0570	0.0293	0.0277	0.0000	0.0000	0.0000	0.0000	0.0000	0.0000	0.0000	0.0000	0.0000	0.0000	0.0000	0.0000	0.0000	0.0000	0.0000	0.0000	0.0000	0.0000											
15	68	0.1776	10	0	1	1	1	0	0	0	0	N	N	N	N	N	N	N	N	N	N	N	N	0.0000	0.0000	0.0000	0.0000	0.0000	0.0000	0.0000	0.0000	0.0000	0.0000	0.0000	0.0000	0.0000	0.0000	0.0000	0.0000	0.0000	0.0000	0.0000	0.0000	2.9999	1.0064	3.0728	4.2000	0.0000	0.0000	0.0000	0.0000	0.0000	0.0000	0.0000	0.0000	0.0000	0.0000	0.0000	0.0000	0.0000	0.0000	0.0000	0.0000	0.0000	0.0000	0.0231	0.0201	0.0030	0.0037	0.0034	0.0003	0.0194	0.0168	0.0027	0.0401	0.0232	0.0169	0.0076	0.0065	0.0011	0.0325	0.0167	0.0158	0.0000	0.0000	0.0000	0.0000	0.0000	0.0000	0.0000	0.0000	0.0000	0.0000	0.0000	0.0000	0.0000	0.0000	0.0000	0.0000	0.0000	0.0000											
15	69	0.1726	9	0	1	0	1	0	0	0	0	N	N	N	N	N	N	N	N	N	N	N	N	0.0000	0.0000	0.0000	0.0000	0.0000	0.0000	0.0000	0.0000	0.0000	0.0000	0.0000	0.0000	0.0000	0.0000	0.0000	0.0000	0.0000	0.0000	0.0000	0.0000	2.9999	1.2889	3.0728	0.3511	0.0000	0.0000	0.0000	0.0000	0.0000	0.0000	0.0000	0.0000	0.0000	0.0000	0.0000	0.0000	0.0000	0.0000	0.0000	0.0000	0.0000	0.0000	0.0374	0.0325	0.0049	0.0092	0.0086	0.0006	0.0283	0.0240	0.0043	0.0146	0.0088	0.0058	0.0032	0.0029	0.0004	0.0114	0.0059	0.0055	0.0000	0.0000	0.0000	0.0000	0.0000	0.0000	0.0000	0.0000	0.0000	0.0000	0.0000	0.0000	0.0000	0.0000	0.0000	0.0000	0.0000	0.0000											
15	70	0.1656	8	0	1	0	1	0	0	0	0	N	N	N	N	N	N	N	N	N	N	N	N	0.0000	0.0000	0.0000	0.0000	0.0000	0.0000	0.0000	0.0000	0.0000	0.0000	0.0000	0.0000	0.0000	0.0000	0.0000	0.0000	0.0000	0.0000	0.0000	0.0000	2.9999	0.7777	3.0728	1.1718	0.0000	0.0000	0.0000	0.0000	0.0000	0.0000	0.0000	0.0000	0.0000	0.0000	0.0000	0.0000	0.0000	0.0000	0.0000	0.0000	0.0000	0.0000	0.0177	0.0154	0.0023	0.0025	0.0023	0.0002	0.0152	0.0131	0.0021	0.0162	0.0093	0.0069	0.0030	0.0026	0.0004	0.0132	0.0068	0.0065	0.0000	0.0000	0.0000	0.0000	0.0000	0.0000	0.0000	0.0000	0.0000	0.0000	0.0000	0.0000	0.0000	0.0000	0.0000	0.0000	0.0000	0.0000											
15	71	0.1619	7	0	1	0	1	0	0	0	0	N	N	N	N	N	N	N	N	N	N	N	N	0.0000	0.0000	0.0000	0.0000	0.0000	0.0000	0.0000	0.0000	0.0000	0.0000	0.0000	0.0000	0.0000	0.0000	0.0000	0.0000	0.0000	0.0000	0.0000	-0.0000	2.9999	0.9929	3.0728	0.0325	0.0000	0.0000	0.0000	0.0000	0.0000	0.0000	0.0000	0.0000	0.0000	0.0000	0.0000	0.0000	0.0000	0.0000	0.0000	0.0000	0.0000	0.0000	0.0224	0.0195	0.0029	0.0031	0.0029	0.0003	0.0193	0.0167	0.0027	0.0079	0.0044	0.0035	0.0012	0.0010	0.0002	0.0067	0.0034	0.0033	0.0000	0.0000	0.0000	0.0000	0.0000	0.0000	0.0000	0.0000	0.0000	0.0000	0.0000	0.0000	0.0000	0.0000	0.0000	0.0000	0.0000	0.0000											
15	72	0.2070	6	1	2	0	0	0	0	0	0	N	Y	N	N	N	N	N	N	N	N	N	N	0.0000	0.0000	0.0000	0.0000	0.0000	0.0000	0.0000	0.0000	0.0000	0.0000	0.0000	0.0000	0.0000	0.0000	0.0000	0.0000	0.0000	0.0000	0.0000	0.0000	2.9999	0.0000	3.0728	0.0001	0.0000	0.0000	0.0000	0.0000	0.0000	0.0000	0.0000	0.0000	0.0000	0.0000	0.0000	0.0000	0.0000	0.0000	0.0000	0.0000	0.0000	0.0000	0.0000	0.0000	0.0000	0.0000	0.0000	0.0000	0.0000	0.0000	0.0000	0.0000	0.0000	0.0000	0.0000	0.0000	0.0000	0.0000	0.0000	0.0000	0.0000	0.0000	0.0000	0.0000	0.0000	0.0000	0.0000	0.0000	0.0000	0.0000	0.0000	0.0000	0.0000	0.0000	0.0000	0.0000	0.0000	0.0000											
15	73	0.1438	5	1	2	0	0	0	0	0	0	N	Y	N	N	N	N	N	N	N	N	N	N	0.0000	0.3636	0.0000	0.0000	0.0000	0.0000	0.0000	inf	0.0000	0.0000	0.0001	0.0000	0.0000	0.0000	0.0000	0.0001	0.0001	0.0000	8.7196	0.0001	43.3329	0.0006	0.0007	0.0000	9.4383	0.0000	42.0424	0.0000	99794.1301	-0.0000	0.4099	2.9999	9.9619	3.0728	7.0378	0.0000	0.0000	0.0000	0.0000	0.0000	0.0000	0.0000	0.0000	0.0000	0.9977	0.0000	0.9977	0.0000	0.0000	0.0000	0.9977	0.0000	0.9977	0.2186	0.1905	0.0280	0.0277	0.0255	0.0023	0.1909	0.1651	0.0258	0.1235	0.0693	0.0542	0.0178	0.0148	0.0030	0.1057	0.0545	0.0512	0.0000	0.3636	0.0000	0.0000	0.0000	0.0000	0.0000	inf	0.0000	8.0805	0.0001	18.4057	0.0006	0.0007	0.0000	9.4383	0.0000	19.4694
15	74	0.1556	5	0	2	0	0	0	0	0	0	N	Y	N	N	N	N	N	N	N	N	N	N	0.0004	0.0000	0.0270	0.0000	0.0000	0.0000	0.0086	0.0302	0.0000	0.0000	0.0000	0.0000	0.0000	0.0000	0.0000	0.0000	0.0000	0.0006	0.0011	0.0001	0.0045	0.0053	0.0001	0.0000	0.0000	0.0001	inf	0.0546	0.0000	-0.0000	2.9999	7.0442	3.0728	2.0273	0.0000	0.0000	0.0000	0.0000	0.0000	0.0000	0.0000	0.0000	0.0000	0.0000	0.0000	0.0000	0.0000	0.0000	0.0000	0.0000	0.0000	0.0000	0.1881	0.1649	0.0232	0.0378	0.0353	0.0024	0.1504	0.1296	0.0208	0.0679	0.0378	0.0301	0.0089	0.0075	0.0014	0.0590	0.0303	0.0287	0.0004	0.0000	0.0270	0.0000	0.0000	0.0000	0.0086	0.0000	0.0302	0.0006	0.0011	0.0001	0.0045	0.0053	0.0001	0.0000	0.0000	0.0001	
15	75	0.1317	4	0	2	0	0	0	0	0	0	N	Y	N	N	N	N	N	N	N	N	N	N	1.9041	1.3746	0.0000	0.2978	0.2610	0.0000	7.8480	9.6966	0.0000	0.0064	0.0072	0.0000	0.0052	0.0055	0.0000	0.0066	0.0076	0.0000	0.0033	0.0053	0.0008	0.0176	0.0210	0.0001	0.0008	0.0008	0.0009	0.0000	0.1245	-0.0003	-0.0001	2.9999	4.3369	3.0728	3.0972	0.0008	0.0008	0.0000	0.0001	0.0001	0.0000	0.0006	0.0006	0.0000	0.0002	0.0002	0.0000	0.0002	0.0002	0.0000	0.0000	0.0000	0.0000	0.1197	0.1052	0.0145	0.0210	0.0201	0.0009	0.0987	0.0851	0.0136	0.0581	0.0328	0.0253	0.0086	0.0072	0.0014	0.0494	0.0255	0.0239	1.9041	1.3746	0.0000	0.2978	0.2610	0.0000	7.8480	9.6966	0.0000	0.0033	0.0053	0.0008	0.0176	0.0210	0.0001	0.0008	0.0008	0.0009
15	76	0.2189	9	1	2	0	0	0	0	0	0	N	Y	N	N	N	N	N	N	N	N	N	N	inf	inf	inf	inf	inf	inf	0.0003	0.0004	0.0000	0.0000	0.0000	0.0000	0.0004	0.0005	0.0000	0.0000	0.0000	0.0000	0.0000	0.0000	0.0000	0.0000	0.0000	0.0000	0.0000	-0.0000	0.0000	2.9999	1.9992	3.0728	0.0055	0.0000	0.0000	0.0000	0.0000	0.0000	0.0000	0.0000	0.0000	0.0000	0.0000	0.0000	0.0000	0.0000	0.0000	0.0000	0.0000	0.0000	0.0000	0.0600	0.0526	0.0074	0.0094	0.0087	0.0007	0.0506	0.0439	0.0067	0.0207	0.0117	0.0090	0.0031	0.0026	0.0005	0.0176	0.0091	0.0085	inf	inf	0.0000	inf	inf	0.0000	inf	inf	0.0000	0.0000	0.0000	0.0000	0.0000	0.0000	0.0000	0.0000	0.0000	0.0000				
15	77	0.1748	8	1	2	0	0	0	0	0	0	N	Y	N	N	N	N	N	N	N	N	N	N	inf	inf	inf	inf	0.0000	0.0000	0.0000	0.0000	0.0000	0.0000	0.0000	0.0000	0.0000	0.0000	0.0000	0.0000	0.0000	0.0000	0.0000	0.0000	0.0000	0.0000	0.0217	-0.0000	0.0000	2.9999	5.0219	3.0728	2.0148	0.0000	0.0000	0.0000	0.0000	0.0000	0.0000	0.0000	0.0000	0.0000	0.0000	0.0000	0.0000	0.0000	0.0000	0.0000	0.0000	0.0000	0.0000	0.1122	0.0979	0.0143	0.0162	0.0150	0.0012	0.0960	0.0829	0.0131	0.0538	0.0303	0.0236	0.0091	0.0076	0.0015	0.0447	0.0226	0.0220	inf	inf	0.0000	0.0000	0.0000	0.0000	inf	inf	0.0000	0.0000	0.0000	0.0000	0.0000	0.0000	0.0000	0.0000	0.0000	0.0000						
15	78	0.1619	7	0	2	0	0	0	0	0	0	N	Y	N	N	N	N	N	N	N	N	N	N	0.0000	0.0000	0.0000	0.0000	0.0000	0.0000	0.0000	0.0000	0.0000	0.0000	0.0000	0.0000	0.0000	0.0000	0.0000	0.0000	0.0000	0.0000	0.0000	0.0000	-0.0000	2.9999	1.0203	3.0728	2.7327	0.0000	0.0000	0.0000	0.0000	0.0000	0.0000	0.0000	0.0000	0.0000	0.0000	0.0000	0.0000	0.0000	0.0000	0.0000	0.0000	0.0000	0.0000	0.0231	0.0201	0.0030	0.0032	0.0029	0.0003	0.0199	0.0171	0.0027	0.0286	0.0160	0.0126	0.0045	0.0037	0.0008	0.0241	0.0123	0.0118	0.0000	0.0000	0.0000	0.0000	0.0000	0.0000	0.0000	0.0000	0.0000	0.0000	0.0000	0.0000	0.0000	0.0000	0.0000	0.0000	0.0000	0.0000										
15	79	0.1619	6	0	1	0	0	0	0	0	0	N	N	N	N	N	N	N	N	N	N	N	N	0.0000	0.0000	0.0000	0.0000	0.0000	0.0000	0.0000	0.0000	0.0000	0.0000	0.0000	0.0000	0.0000	0.0000	0.0000	0.0000	0.0000	0.0000	0.0000	-0.0000	2.9999	0.0000	3.0728	0.0018	0.0000	0.0000	0.0000	0.0000	0.0000	0.0000	0.0000	0.0000	0.0000	0.0000	0.0000	0.0000	0.0000	0.0000	0.0000	0.0000	0.0000	0.0000	0.0000	0.0000	0.0000	0.0000	0.0000	0.0000	0.0000	0.0000	0.0000	0.0000	0.0000	0.0000	0.0000	0.0000	0.0000	0.0000	0.0000	0.0000	0.0000	0.0000	0.0000	0.0000	0.0000	0.0000	0.0000	0.0000	0.0000	0.0000	0.0000	0.0000	0.0000	0.0000	0.0000	0.0000	0.0000	0.0000											
15	80	0.1438	5	0	1	0	0	0	0	0	0	N	N	N	N	N	N	N	N	N	N	N	N	0.0012	0.0003	0.0000	0.0000	0.0000	0.0000	3.8972	inf	0.0000	0.0001	0.0002	0.0000	0.0000	0.0000	0.0000	0.0002	0.0002	0.0000	0.1197	0.5901	0.0001	0.7110	0.8372	0.0001	0.0000	0.0000	0.0001	0.0000	0.0007	-0.0000	-0.0013	2.9999	3.0825	3.0728	2.0124	0.0000	0.0000	0.0000	0.0000	0.0000	0.0000	0.0000	0.0000	0.0000	0.0022	0.0022	0.0000	0.0022	0.0022	0.0000	0.0000	0.0000	0.0000	0.0726	0.0633	0.0093	0.0101	0.0093	0.0007	0.0625	0.0540	0.0085	0.0398	0.0223	0.0174	0.0060	0.0050	0.0010	0.0338	0.0173	0.0165	0.0025	0.0016	0.0000	0.0000	0.0000	0.0000	3.8972	inf	0.0000	0.0548	0.0975	0.0001	0.3641	0.4339	0.0001	0.0000	0.0000	0.0001
15	81	0.1317	4	0	1	0	0	0	0	0	0	N	N	N	N	N	N	N	N	N	N	N	N	0.0290	0.8910	0.0000	0.1928	0.1698	0.0000	0.0204	11.6710	0.0000	0.0073	0.0083	0.0000	0.0061	0.0064	0.0000	0.0076	0.0088	0.0000	0.2522	0.0093	0.1877	0.0318	0.0376	0.0001	0.3720	0.0008	0.1740	0.0000	13.4077	-0.0003	0.0008	2.9999	3.6751	3.0728	0.0788	0.0008	0.0008	0.0000	0.0001	0.0001	0.0000	0.0006	0.0006	0.0000	0.0023	0.0002	0.0022	0.0002	0.0002	0.0000	0.0022	0.0000	0.0022	0.1052	0.0926	0.0126	0.0196	0.0188	0.0008	0.0857	0.0738	0.0118	0.0304	0.0173	0.0131	0.0048	0.0040	0.0007	0.0257	0.0133	0.0124	0.0959	0.8910	0.0000	0.1928	0.1698	0.0000	0.0897	11.6710	0.0000	0.0763	0.0093	0.1644	0.0318	0.0376	0.0001	0.0846	0.0008	0.1740
15	82	0.0825	3	0	1	0	0	0	0	0	0	N	N	N	N	N	N	N	N	N	N	N	N	4016.8558	35249.4576	0.9499	326684.0744	312684.2747	inf	2522.7931	23042.7394	0.9323	5.1205	5.9083	0.0026	30.0112	31.8668	0.0013	3.6761	4.2631	0.0027	0.0013	0.0002	0.0028	0.0001	0.0001	0.0000	0.0015	0.0002	0.0029	0.0001	12.2172	-0.3627	0.0001	2.9999	8.5011	3.0728	5.2406	0.9971	0.9970	0.0001	0.3205	0.3205	0.0000	0.6766	0.6765	0.0001	0.0002	0.0000	0.0001	0.0000	0.0000	0.0000	0.0001	0.0000	0.0001	0.1947	0.1687	0.0260	0.0107	0.0101	0.0006	0.1840	0.1587	0.0254	0.1188	0.0684	0.0504	0.0159	0.0143	0.0016	0.1029	0.0540	0.0489	4016.8558	35249.4576	0.9499	326684.0744	312684.2747	inf	2522.7931	23042.7394	0.9323	0.0013	0.0002	0.0028	0.0001	0.0001	0.0000	0.0015	0.0002	0.0029
15	83	0.0442	2	0	1	0	0	0	0	0	0	N	N	N	N	N	N	N	N	N	N	N	N	2299.7685	39.9135	56067.8918	0.0579	0.0613	0.0000	17179.3191	inf	60279.4471	2.1916	0.0611	16.1606	0.0009	0.0009	0.0000	2.3162	0.0648	16.5378	0.0010	0.0015	0.0003	0.0149	0.0149	0.0164	0.0001	0.0000	0.0003	40.3646	0.1635	0.1976	-0.0000	2.9999	6.1951	3.0728	5.5672	0.3229	0.0078	0.3151	0.0000	0.0000	0.0000	0.3229	0.0078	0.3151	0.0001	0.0001	0.0000	0.0001	0.0001	0.0000	0.0000	0.0000	0.0000	0.1473	0.1278	0.0195	0.0079	0.0075	0.0004	0.1394	0.1204	0.0191	0.0980	0.0524	0.0455	0.0054	0.0054	0.0000	0.0925	0.0471	0.0455	2299.7685	39.9135	56067.8918	0.0579	0.0613	0.0000	17179.3191	inf	60279.4471	0.0010	0.0015	0.0003	0.0149	0.0149	0.0164	0.0001	0.0000	0.0003
16	17	0.1726	9	1	1	0	0	0	0	0	0	N	N	N	N	N	N	N	N	N	N	N	N	0.0000	0.0000	0.0000	0.0000	0.0000	0.0000	0.0000	0.0000	0.0000	0.0000	0.0000	0.0000	0.0000	0.0000	0.0000	0.0000	0.0000	0.0011	0.0018	0.0002	0.0045	0.0049	0.0002	0.0001	0.0000	0.0002	0.0964	0.0000	-0.0000	6.0396	0.9996	1.6050	1.7768	0.0000	0.0000	0.0000	0.0000	0.0000	0.0000	0.0000	0.0000	0.0000	0.0000	0.0000	0.0000	0.0000	0.0000	0.0000	0.0000	0.0000	0.0000	0.0456	0.0399	0.0057	0.0091	0.0085	0.0006	0.0365	0.0314	0.0051	0.0323	0.0180	0.0144	0.0071	0.0066	0.0005	0.0252	0.0113	0.0138	0.0000	0.0000	0.0000	0.0000	0.0000	0.0000	0.0000	0.0000	0.0000	0.0011	0.0018	0.0002	0.0045	0.0049	0.0002	0.0001	0.0000	0.0002		
16	18	0.1441	7	0	1	0	0	0	0	0	0	N	N	N	N	N	N	N	N	N	N	N	N	0.5629	0.3632	0.0000	1.6543	1.4761	0.0000	3.7593	12.2723	0.0000	0.0002	0.0002	0.0000	0.0022	0.0022	0.0000	0.0000	0.0000	0.0000	0.0004	0.0006	0.0000	0.0013	0.0015	0.0000	0.0000	0.0000	0.0000	0.0000	0.0036	-0.0000	-0.0000	6.0396	4.7641	1.6050	2.0666	0.0000	0.0000	0.0000	0.0000	0.0000	0.0000	0.0000	0.0000	0.0000	0.0000	0.0000	0.0000	0.0000	0.0000	0.0000	0.0000	0.0000	0.0000	0.2314	0.2022	0.0292	0.0217	0.0208	0.0009	0.2096	0.1813	0.0283	0.0806	0.0453	0.0353	0.0225	0.0192	0.0033	0.0581	0.0261	0.0320	0.5629	0.3632	0.0000	1.6543	1.4761	0.0000	3.7593	12.2723	0.0000	0.0004	0.0006	0.0000	0.0013	0.0015	0.0000	0.0000	0.0000	0.0000
16	19	0.1267	6	0	1	0	0	0	0	0	0	N	N	N	N	N	N	N	N	N	N	N	N	0.0214	0.0117	1.9566	0.0007	0.0004	83.9440	148.5766	5070.2256	0.0000	0.0118	0.0132	0.0003	0.0005	0.0003	0.0106	0.0138	0.0159	0.0000	0.5498	1.1313	0.0002	0.6944	0.7075	0.0001	0.0001	0.0000	0.0002	0.0032	0.0007	-0.0003	-0.0050	6.0396	1.4176	1.6050	5.1148	0.0010	0.0010	0.0000	0.0000	0.0000	0.0000	0.0010	0.0010	0.0000	0.0084	0.0084	0.0000	0.0084	0.0084	0.0000	0.0000	0.0000	0.0000	0.0818	0.0726	0.0092	0.0125	0.0122	0.0003	0.0693	0.0604	0.0089	0.0855	0.0499	0.0356	0.0235	0.0208	0.0027	0.0620	0.0292	0.0328	0.1192	0.0782	1.9566	0.0014	0.0006	83.9440	148.5766	5070.2256	0.0000	0.0988	0.1690	0.0002	0.3590	0.4064	0.0001	0.0001	0.0000	0.0002
16	20	0.1674	8	0	1	1	1	0	0	0	0	N	N	N	N	N	N	N	N	N	N	N	N	0.0000	0.0000	0.0000	0.0000	0.0000	0.0000	0.0000	0.0000	0.0000	0.0000	0.0000	0.0000	0.0000	0.0000	0.0000	0.0000	0.0000	0.0000	0.0000	0.0000	6.0396	0.0000	1.6050	0.0000	0.0000	0.0000	0.0000	0.0000	0.0000	0.0000	0.0000	0.0000	0.0000	0.0000	0.0000	0.0000	0.0000	0.0000	0.0000	0.0000	0.0000	0.0000	0.0000	0.0000	0.0000	0.0000	0.0000	0.0000	0.0000	0.0000	0.0000	0.0000	0.0000	0.0000	0.0000	0.0000	0.0000	0.0000	0.0000	0.0000	0.0000	0.0000	0.0000	0.0000	0.0000	0.0000	0.0000	0.0000	0.0000	0.0000	0.0000	0.0000	0.0000	0.0000	0.0000	0.0000	0.0000	0.0000											
16	21	0.1239	7	0	0	0	1	0	0	0	0	N	N	N	N	N	N	N	N	N	N	N	N	17.9968	17.2028	0.0000	37.4759	45.2606	0.0000	0.1799	inf	0.0000	0.0278	0.0319	0.0000	0.2362	0.2507	0.0000	0.0000	0.0000	0.0000	0.0015	0.0019	0.0011	0.0063	0.0055	0.0118	0.0002	0.0000	0.0004	0.0000	0.4674	-0.0027	-0.0001	6.0396	6.0371	1.6050	11.7316	0.0076	0.0076	0.0000	0.0075	0.0075	0.0000	0.0000	0.0000	0.0000	0.0003	0.0002	0.0001	0.0003	0.0002	0.0001	0.0000	0.0000	0.0000	0.2715	0.2369	0.0346	0.0319	0.0301	0.0018	0.2395	0.2068	0.0327	0.1897	0.1079	0.0819	0.0411	0.0361	0.0050	0.1487	0.0718	0.0769	17.9968	17.2028	0.0000	37.4759	45.2606	0.0000	0.1799	inf	0.0000	0.0015	0.0019	0.0011	0.0063	0.0055	0.0118	0.0002	0.0000	0.0004
16	22	0.0632	2	0	1	0	0	0	0	0	0	N	N	N	N	N	N	N	N	N	N	N	N	968.7746	617.7630	0.0000	3625.2872	3477.0109	0.0000	116.5572	68.7740	0.0000	1.7488	2.0172	0.0000	41.5786	43.0897	0.0000	0.0001	0.0001	0.0000	0.0018	0.0033	0.0000	0.0115	0.0124	0.0000	0.0000	0.0000	0.0000	0.0000	0.0002	-0.3467	-0.0002	6.0396	11.9950	1.6050	7.9469	0.9532	0.9532	0.0000	0.9531	0.9531	0.0000	0.0000	0.0000	0.0000	0.0004	0.0004	0.0000	0.0004	0.0004	0.0000	0.0000	0.0000	0.0000	0.5451	0.4725	0.0725	0.0229	0.0221	0.0008	0.5221	0.4504	0.0717	0.2308	0.1276	0.1032	0.0363	0.0336	0.0027	0.1945	0.0940	0.1005	968.7746	617.7630	0.0000	3625.2872	3477.0109	0.0000	116.5572	68.7740	0.0000	0.0018	0.0033	0.0000	0.0115	0.0124	0.0000	0.0000	0.0000	0.0000
16	23	0.1996	8	1	1	0	0	0	0	0	0	N	N	N	N	N	N	N	N	N	N	N	N	9.1025	0.0000	106.9548	5.5588	0.0000	33.4363	0.0000	0.0000	0.0000	0.0001	0.0000	0.0006	0.0001	0.0000	0.0017	0.0000	0.0000	0.0000	0.0000	0.0000	0.0000	0.0000	0.0000	0.0001	0.0000	0.0000	0.0000	inf	0.6701	0.0000	-0.0000	6.0396	0.0013	1.6050	0.9984	0.0000	0.0000	0.0000	0.0000	0.0000	0.0000	0.0000	0.0000	0.0000	0.0000	0.0000	0.0000	0.0000	0.0000	0.0000	0.0000	0.0000	0.0000	0.0002	0.0001	0.0000	0.0001	0.0001	0.0000	0.0001	0.0001	0.0000	0.0154	0.0085	0.0069	0.0031	0.0027	0.0003	0.0124	0.0058	0.0066	9.1025	0.0000	106.9548	5.5588	0.0000	33.4363	0.0000	0.0000	0.0000	0.0000	0.0000	0.0000	0.0000	0.0000	0.0001	0.0000	0.0000	0.0000
16	24	0.1462	9	0	1	0	1	0	0	0	0	N	N	N	N	N	N	N	N	N	N	N	N	0.0007	0.0000	0.0042	0.0012	0.0000	0.0058	0.0000	0.0000	0.0000	0.0000	0.0000	0.0000	0.0000	0.0000	0.0000	0.0000	0.0000	0.0001	0.0000	0.0001	0.0002	0.0001	0.0008	0.0000	0.0000	0.0000	inf	1.1954	0.0000	-0.0000	6.0396	6.0729	1.6050	6.2374	0.0000	0.0000	0.0000	0.0000	0.0000	0.0000	0.0000	0.0000	0.0000	0.0000	0.0000	0.0000	0.0000	0.0000	0.0000	0.0000	0.0000	0.0000	0.2861	0.2506	0.0355	0.0426	0.0404	0.0022	0.2435	0.2102	0.0333	0.1364	0.0785	0.0579	0.0298	0.0267	0.0031	0.1066	0.0518	0.0548	0.0007	0.0000	0.0042	0.0012	0.0000	0.0058	0.0000	0.0000	0.0000	0.0001	0.0000	0.0001	0.0002	0.0001	0.0008	0.0000	0.0000	0.0000	
16	25	0.0888	5	1	1	0	0	0	0	0	0	N	N	N	N	N	N	N	N	N	N	N	N	382.2495	127.7632	3859.9298	26.6307	28.5064	74.5103	353.1775	21.0681	3916.5383	1.9249	0.9274	9.1337	0.0102	0.0056	0.1332	2.1051	1.0235	9.3689	0.0050	0.0073	0.0024	0.0004	0.0002	0.0018	0.0060	0.0486	0.0024	1.3627	0.2715	0.3693	-0.0007	6.0396	19.6128	1.6050	15.0566	1.7339	0.7339	1.0001	0.0008	0.0004	0.0004	1.7331	0.7334	0.9997	0.0017	0.0014	0.0004	0.0000	0.0000	0.0000	0.0017	0.0014	0.0004	0.9008	0.7913	0.1095	0.0775	0.0747	0.0028	0.8233	0.7166	0.1067	0.3459	0.1887	0.1572	0.0573	0.0506	0.0067	0.2886	0.1381	0.1505	382.2495	127.7632	3859.9298	26.6307	28.5064	74.5103	353.1775	103.9288	3916.5383	0.0050	0.0073	0.0024	0.0004	0.0002	0.0018	0.0060	0.0098	0.0024
16	26	0.2018	8	0	0	1	0	0	0	0	0	N	N	N	N	N	N	N	N	N	N	N	N	0.0000	0.0000	0.0000	0.0000	0.0000	0.0000	0.0000	0.0000	0.0000	0.0000	0.0000	0.0000	0.0000	0.0000	0.0000	0.0000	0.0000	0.0000	0.0000	0.0000	6.0396	0.0000	1.6050	0.0000	0.0000	0.0000	0.0000	0.0000	0.0000	0.0000	0.0000	0.0000	0.0000	0.0000	0.0000	0.0000	0.0000	0.0000	0.0000	0.0000	0.0000	0.0000	0.0000	0.0000	0.0000	0.0000	0.0000	0.0000	0.0000	0.0000	0.0000	0.0000	0.0000	0.0000	0.0000	0.0000	0.0000	0.0000	0.0000	0.0000	0.0000	0.0000	0.0000	0.0000	0.0000	0.0000	0.0000	0.0000	0.0000	0.0000	0.0000	0.0000	0.0000	0.0000	0.0000	0.0000	0.0000	0.0000											
16	27	0.1726	9	1	0	1	0	0	0	0	0	N	N	N	N	N	N	N	N	N	N	N	N	0.0000	0.0000	0.0000	0.0000	0.0000	0.0000	0.0000	0.0000	0.0000	0.0000	0.0000	0.0000	0.0000	0.0000	0.0000	0.0000	0.0000	0.0011	0.0017	0.0003	0.0051	0.0056	0.0001	0.0001	0.0000	0.0003	0.1168	0.0000	-0.0000	6.0396	6.0046	1.6050	3.2467	0.0000	0.0000	0.0000	0.0000	0.0000	0.0000	0.0000	0.0000	0.0000	0.0001	0.0001	0.0000	0.0001	0.0001	0.0000	0.0000	0.0000	0.0000	0.2586	0.2266	0.0321	0.0491	0.0458	0.0032	0.2096	0.1807	0.0288	0.0934	0.0516	0.0418	0.0176	0.0159	0.0017	0.0758	0.0357	0.0401	0.0000	0.0000	0.0000	0.0000	0.0000	0.0000	0.0000	0.0000	0.0000	0.0011	0.0017	0.0003	0.0051	0.0056	0.0001	0.0001	0.0000	0.0003		
16	28	0.1362	8	1	0	0	0	0	0	0	0	N	N	N	N	N	N	N	N	N	N	N	N	0.0001	0.0000	0.0003	0.0130	0.0000	0.0784	0.0000	0.0000	0.0000	0.0000	0.0000	0.0000	0.0000	0.0000	0.0001	0.0000	0.0000	0.0000	0.0082	0.0001	0.0188	0.0004	0.0003	0.0011	0.0103	0.0000	0.0198	inf	156.7719	0.0000	0.0006	6.0396	7.0330	1.6050	8.3476	0.0000	0.0000	0.0000	0.0000	0.0000	0.0000	0.0000	0.0000	0.0000	0.0014	0.0000	0.0014	0.0000	0.0000	0.0000	0.0014	0.0000	0.0014	0.3316	0.2897	0.0419	0.0492	0.0466	0.0026	0.2824	0.2431	0.0394	0.1677	0.0954	0.0723	0.0366	0.0328	0.0038	0.1311	0.0626	0.0685	0.0001	0.0000	0.0003	0.0130	0.0000	0.0784	0.0000	0.0000	0.0000	0.0082	0.0001	0.0188	0.0004	0.0003	0.0011	0.0103	0.0000	0.0198
16	29	0.1462	9	0	1	0	1	0	0	0	0	N	N	N	N	N	N	N	N	N	N	N	N	0.0000	0.0000	0.0000	0.0000	0.0000	0.0000	0.0000	0.0000	0.0000	0.0000	0.0000	0.0000	0.0000	0.0000	0.0000	0.0000	0.0000	0.0000	0.0035	0.0063	0.0000	0.0172	0.0194	0.0000	0.0000	0.0000	0.0000	0.0000	0.0000	-0.0005	6.0396	12.7698	1.6050	10.8465	0.0000	0.0000	0.0000	0.0000	0.0000	0.0000	0.0000	0.0000	0.0000	0.0008	0.0008	0.0000	0.0008	0.0008	0.0000	0.0000	0.0000	0.0000	0.5652	0.4950	0.0701	0.0794	0.0749	0.0045	0.4858	0.4201	0.0657	0.2370	0.1336	0.1034	0.0486	0.0430	0.0056	0.1884	0.0906	0.0978	0.0000	0.0000	0.0000	0.0000	0.0000	0.0000	0.0000	0.0000	0.0000	0.0035	0.0063	0.0000	0.0172	0.0194	0.0000	0.0000	0.0000	0.0000	
16	30	0.1215	5	1	0	1	0	0	0	0	0	N	N	N	N	N	N	N	N	N	N	N	N	0.0000	0.0000	0.0000	0.0000	0.0000	0.0000	0.0000	0.0000	0.0000	0.0000	0.0000	0.0000	0.0000	0.0000	0.0000	0.0000	0.0000	0.0003	0.0005	0.0000	0.0012	0.0014	0.0000	0.0000	0.0000	0.0000	0.0035	0.0000	-0.0000	6.0396	11.8338	1.6050	5.9707	0.0000	0.0000	0.0000	0.0000	0.0000	0.0000	0.0000	0.0000	0.0000	0.0001	0.0000	0.0000	0.0001	0.0000	0.0000	0.0000	0.0000	0.0000	0.5241	0.4562	0.0678	0.0381	0.0360	0.0021	0.4860	0.4202	0.0657	0.1914	0.1057	0.0857	0.0423	0.0367	0.0057	0.1490	0.0690	0.0801	0.0000	0.0000	0.0000	0.0000	0.0000	0.0000	0.0000	0.0000	0.0000	0.0003	0.0005	0.0000	0.0012	0.0014	0.0000	0.0000	0.0000	0.0000		
16	31	0.1462	9	0	0	1	0	0	0	0	0	N	N	N	N	N	N	N	N	N	N	N	N	3.6503	16.0670	0.0000	8.1942	35.1935	0.0000	0.0000	0.0000	0.0002	0.0002	0.0000	0.0011	0.0011	0.0000	0.0000	0.0000	0.0000	0.0000	0.0000	0.0001	0.0001	0.0000	0.0010	0.0000	0.0000	0.0000	0.0000	5.6295	-0.0000	0.0000	6.0396	6.9288	1.6050	3.0309	0.0000	0.0000	0.0000	0.0000	0.0000	0.0000	0.0000	0.0000	0.0000	0.0000	0.0000	0.0000	0.0000	0.0000	0.0000	0.0000	0.0000	0.0000	0.3237	0.2835	0.0402	0.0475	0.0450	0.0025	0.2762	0.2385	0.0377	0.1143	0.0665	0.0478	0.0257	0.0231	0.0026	0.0886	0.0433	0.0453	3.6503	16.0670	0.0000	8.1942	35.1935	0.0000	0.0000	0.0000	0.0000	0.0000	0.0000	0.0001	0.0001	0.0000	0.0010	0.0000	0.0000	0.0000	
16	32	0.1362	8	0	0	0	0	0	0	0	0	N	N	N	N	N	N	N	N	N	N	N	N	0.0075	0.0005	0.0457	0.0138	0.0008	0.0826	0.0000	0.0000	0.0000	0.0000	0.0000	0.0000	0.0000	0.0000	0.0002	0.0000	0.0000	0.0000	0.0003	0.0002	0.0004	0.0007	0.0006	0.0030	0.0001	0.0000	0.0002	21.4286	0.9801	0.0000	-0.0000	6.0396	1.8775	1.6050	3.1058	0.0000	0.0000	0.0000	0.0000	0.0000	0.0000	0.0000	0.0000	0.0000	0.0000	0.0000	0.0000	0.0000	0.0000	0.0000	0.0000	0.0000	0.0000	0.1073	0.0940	0.0134	0.0227	0.0218	0.0009	0.0846	0.0722	0.0125	0.0686	0.0415	0.0271	0.0182	0.0169	0.0013	0.0504	0.0245	0.0258	0.0075	0.0005	0.0457	0.0138	0.0008	0.0826	0.0000	0.0000	0.0000	0.0003	0.0002	0.0004	0.0007	0.0006	0.0030	0.0001	0.0000	0.0002
16	33	0.1239	7	0	0	0	0	0	0	0	0	N	N	N	N	N	N	N	N	N	N	N	N	0.0492	0.0069	0.1643	0.1708	0.0218	0.3042	0.0001	0.0000	0.0005	0.0001	0.0000	0.0005	0.0005	0.0000	0.0093	0.0000	0.0000	0.0000	0.0013	0.0002	0.0030	0.0032	0.0004	0.0305	0.0007	0.0000	0.0013	68.4723	13.2345	0.0000	0.0000	6.0396	5.3867	1.6050	0.9197	0.0000	0.0000	0.0000	0.0000	0.0000	0.0000	0.0000	0.0000	0.0000	0.0001	0.0000	0.0001	0.0001	0.0000	0.0001	0.0000	0.0000	0.0000	0.2434	0.2124	0.0310	0.0287	0.0271	0.0017	0.2147	0.1853	0.0294	0.0816	0.0488	0.0328	0.0207	0.0188	0.0019	0.0609	0.0300	0.0308	0.0492	0.0069	0.1643	0.1708	0.0218	0.3042	0.0001	0.0000	0.0005	0.0013	0.0002	0.0030	0.0032	0.0004	0.0305	0.0007	0.0000	0.0013
16	34	0.2071	9	0	1	0	0	0	0	0	0	N	N	N	N	N	N	N	N	N	N	N	N	0.0000	0.0000	0.0000	0.0000	0.0000	0.0000	0.0000	0.0000	0.0000	0.0000	0.0000	0.0000	0.0000	0.0000	0.0000	0.0000	0.0000	0.0000	0.0000	0.0000	6.0396	0.0019	1.6050	3.0025	0.0000	0.0000	0.0000	0.0000	0.0000	0.0000	0.0000	0.0000	0.0000	0.0000	0.0000	0.0000	0.0000	0.0000	0.0000	0.0000	0.0000	0.0000	0.0003	0.0003	0.0000	0.0001	0.0001	0.0000	0.0002	0.0001	0.0000	0.0287	0.0168	0.0118	0.0081	0.0071	0.0010	0.0206	0.0098	0.0108	0.0000	0.0000	0.0000	0.0000	0.0000	0.0000	0.0000	0.0000	0.0000	0.0000	0.0000	0.0000	0.0000	0.0000	0.0000	0.0000	0.0000	0.0000											
16	35	0.1877	5	1	1	0	0	0	0	0	0	N	N	N	N	N	N	N	N	N	N	N	N	0.0000	0.0000	0.0000	0.0000	0.0000	0.0000	0.0000	0.0000	0.0000	0.0000	0.0000	0.0000	0.0000	0.0000	0.0000	0.0096	0.0180	0.0000	0.0400	0.0448	0.0000	0.0027	0.0182	0.0000	0.0000	0.0000	-0.0002	6.0396	1.0000	1.6050	1.9999	0.0000	0.0000	0.0000	0.0000	0.0000	0.0000	0.0000	0.0000	0.0000	0.0003	0.0003	0.0000	0.0002	0.0002	0.0000	0.0001	0.0001	0.0000	0.0456	0.0399	0.0057	0.0078	0.0072	0.0005	0.0378	0.0326	0.0052	0.0314	0.0170	0.0144	0.0058	0.0051	0.0006	0.0256	0.0118	0.0138	0.0000	0.0000	0.0000	0.0000	0.0000	0.0000	0.0000	0.0000	0.0000	0.0096	0.0177	0.0000	0.0400	0.0448	0.0000	0.0027	0.0059	0.0000				
16	36	0.1524	5	0	1	1	0	0	0	0	0	N	N	N	N	N	N	N	N	N	N	N	N	3.0458	0.0000	731.3966	1.3629	0.0000	2725.1769	14.7206	0.0000	629.2787	0.0057	0.0000	0.0443	0.0066	0.0000	0.0996	0.0056	0.0000	0.0406	0.0019	0.0029	0.0001	0.0048	0.0057	0.0000	0.0004	0.0007	0.0001	inf	0.0122	0.0005	-0.0001	6.0396	3.0341	1.6050	5.2124	0.0008	0.0000	0.0008	0.0001	0.0000	0.0001	0.0007	0.0000	0.0007	0.0002	0.0002	0.0000	0.0002	0.0002	0.0000	0.0000	0.0000	0.0000	0.1488	0.1297	0.0192	0.0183	0.0171	0.0012	0.1305	0.1126	0.0180	0.1086	0.0682	0.0404	0.0366	0.0309	0.0057	0.0720	0.0373	0.0347	3.0458	0.0000	731.3966	1.3629	0.0000	2725.1769	14.7206	0.0000	629.2787	0.0019	0.0029	0.0001	0.0048	0.0057	0.0000	0.0004	0.0007	0.0001
16	37	0.1286	4	0	1	0	0	0	0	0	0	N	N	N	N	N	N	N	N	N	N	N	N	706.9040	0.0683	10735.7955	0.8965	0.0001	92249.1486	2454.2236	1.9012	10412.2742	7.0885	0.0010	53.0732	0.0305	0.0000	0.4313	7.6550	0.0011	55.2308	0.0100	0.0144	0.0049	0.0341	0.0395	0.0000	0.0031	0.0006	0.0053	8326.9225	0.2846	0.6357	-0.0003	6.0396	3.0544	1.6050	4.8962	0.9994	0.0001	0.9992	0.0003	0.0000	0.0003	0.9990	0.0001	0.9989	0.0009	0.0007	0.0002	0.0007	0.0007	0.0000	0.0002	0.0000	0.0002	0.1410	0.1222	0.0188	0.0105	0.0097	0.0007	0.1305	0.1124	0.0181	0.0898	0.0494	0.0403	0.0200	0.0173	0.0027	0.0697	0.0321	0.0376	706.9040	0.0693	10735.7955	0.8965	0.0001	92249.1486	2454.2236	1.9012	10412.2742	0.0100	0.0142	0.0049	0.0341	0.0395	0.0000	0.0031	0.0006	0.0053
16	38	0.2071	9	0	0	1	0	0	0	0	0	N	N	N	N	N	N	N	N	N	N	N	N	0.0000	0.0000	0.0000	0.0000	0.0000	0.0000	0.0000	0.0000	0.0000	0.0000	0.0000	0.0000	0.0000	0.0000	0.0000	0.0000	0.0000	0.0000	0.0000	0.0000	6.0396	0.9992	1.6050	1.0069	0.0000	0.0000	0.0000	0.0000	0.0000	0.0000	0.0000	0.0000	0.0000	0.0000	0.0000	0.0000	0.0000	0.0000	0.0000	0.0000	0.0000	0.0000	0.0401	0.0350	0.0052	0.0051	0.0048	0.0003	0.0350	0.0302	0.0049	0.0194	0.0114	0.0080	0.0055	0.0048	0.0007	0.0139	0.0066	0.0073	0.0000	0.0000	0.0000	0.0000	0.0000	0.0000	0.0000	0.0000	0.0000	0.0000	0.0000	0.0000	0.0000	0.0000	0.0000	0.0000	0.0000	0.0000											
16	39	0.2018	8	0	0	0	0	0	0	0	0	N	N	N	N	N	N	N	N	N	N	N	N	0.0000	0.0000	0.0000	0.0000	0.0000	0.0000	0.0000	0.0000	0.0000	0.0000	0.0000	0.0000	0.0000	0.0000	0.0000	0.0000	0.0000	0.0000	0.0000	0.0000	6.0396	1.0008	1.6050	0.9987	0.0000	0.0000	0.0000	0.0000	0.0000	0.0000	0.0000	0.0000	0.0000	0.0000	0.0000	0.0000	0.0000	0.0000	0.0000	0.0000	0.0000	0.0000	0.0406	0.0353	0.0052	0.0047	0.0045	0.0003	0.0358	0.0309	0.0050	0.0192	0.0112	0.0080	0.0051	0.0044	0.0006	0.0142	0.0068	0.0074	0.0000	0.0000	0.0000	0.0000	0.0000	0.0000	0.0000	0.0000	0.0000	0.0000	0.0000	0.0000	0.0000	0.0000	0.0000	0.0000	0.0000	0.0000											
16	40	0.1239	7	0	0	0	0	0	0	0	0	N	N	N	N	N	N	N	N	N	N	N	N	0.0000	0.0000	0.0000	0.0000	0.0000	0.0000	0.0000	0.0000	0.0000	0.0000	0.0000	0.0000	0.0000	0.0000	0.0000	0.0000	0.0000	0.0000	0.0040	0.0071	0.0000	0.0194	0.0222	0.0000	0.0000	0.0000	0.0000	0.0000	0.0000	-0.0006	6.0396	9.0374	1.6050	18.5287	0.0000	0.0000	0.0000	0.0000	0.0000	0.0000	0.0000	0.0000	0.0000	0.0011	0.0011	0.0000	0.0011	0.0011	0.0000	0.0000	0.0000	0.0000	0.3983	0.3478	0.0505	0.0465	0.0438	0.0027	0.3518	0.3040	0.0478	0.2730	0.1535	0.1195	0.0566	0.0493	0.0073	0.2164	0.1041	0.1122	0.0000	0.0000	0.0000	0.0000	0.0000	0.0000	0.0000	0.0000	0.0000	0.0040	0.0071	0.0000	0.0194	0.0222	0.0000	0.0000	0.0000	0.0000	
16	41	0.0970	6	0	0	0	0	0	0	0	0	N	N	N	N	N	N	N	N	N	N	N	N	7.9273	15.3909	0.4391	0.7446	0.5730	1.6904	17.8446	11165.6120	0.0024	0.0129	0.0146	0.0011	0.0036	0.0017	0.0393	0.0136	0.0157	0.0000	0.0016	0.0010	0.0025	0.0049	0.0029	0.0233	0.0008	0.0000	0.0015	0.0114	1.9543	-0.0019	0.0000	6.0396	9.0369	1.6050	3.5648	0.0053	0.0052	0.0001	0.0001	0.0000	0.0001	0.0052	0.0051	0.0000	0.0003	0.0001	0.0002	0.0002	0.0001	0.0001	0.0001	0.0000	0.0001	0.4081	0.3551	0.0530	0.0287	0.0272	0.0015	0.3794	0.3279	0.0515	0.1554	0.0899	0.0655	0.0325	0.0294	0.0032	0.1228	0.0605	0.0623	7.9273	15.3909	0.4391	0.7446	0.5730	1.6904	17.8446	11165.6120	0.0024	0.0016	0.0010	0.0025	0.0049	0.0029	0.0233	0.0008	0.0000	0.0015
16	42	0.0632	2	0	0	0	0	0	0	0	0	N	N	N	N	N	N	N	N	N	N	N	N	236.6071	1099.0966	434.0437	0.1039	1.6088	0.0007	235.8224	662.5196	484.2235	2.6825	1.5419	10.1932	0.0009	0.0009	0.0001	2.7925	1.6123	10.3088	0.0113	0.0014	0.0235	0.0086	0.0006	0.1055	0.0118	0.0024	0.0213	1.0039	13.6909	0.2750	0.0010	6.0396	17.0025	1.6050	6.0864	2.0041	1.0001	1.0040	0.0000	0.0000	0.0000	2.0040	1.0000	1.0040	0.0030	0.0002	0.0028	0.0003	0.0000	0.0003	0.0026	0.0002	0.0024	0.7471	0.6486	0.0985	0.0294	0.0283	0.0011	0.7177	0.6203	0.0974	0.2608	0.1434	0.1173	0.0401	0.0371	0.0031	0.2206	0.1064	0.1143	236.6071	1099.0966	434.0437	0.1039	1.6088	0.0007	235.8224	952.7297	484.2235	0.0113	0.0014	0.0235	0.0086	0.0006	0.1055	0.0118	0.0017	0.0213
16	44	0.0632	2	0	1	0	0	0	0	0	0	N	N	N	N	N	N	N	N	N	N	N	N	2002.3273	1787.7688	0.0000	9087.7052	8679.1976	0.0000	0.0000	0.0000	0.0000	2.8489	3.2903	0.0000	58.3384	60.1531	0.0000	0.0000	0.0000	0.0000	0.0014	0.0018	0.0009	0.0064	0.0069	0.0000	0.0005	0.0000	0.0009	0.0000	0.3958	-0.3440	-0.0001	6.0396	6.9958	1.6050	11.8523	0.9456	0.9456	0.0000	0.9456	0.9456	0.0000	0.0000	0.0000	0.0000	0.0003	0.0002	0.0001	0.0002	0.0002	0.0000	0.0001	0.0000	0.0001	0.3319	0.2874	0.0445	0.0162	0.0157	0.0005	0.3157	0.2717	0.0440	0.2202	0.1219	0.0982	0.0350	0.0324	0.0026	0.1852	0.0896	0.0956	2002.3273	1787.7688	0.0000	9087.7052	8679.1976	0.0000	0.0000	0.0000	0.0000	0.0014	0.0018	0.0009	0.0064	0.0069	0.0000	0.0005	0.0000	0.0009
16	46	0.1250	7	0	1	0	0	0	0	0	0	N	N	N	N	N	N	N	N	N	N	N	N	44896.7633	31956.5686	0.0000	87774.8485	83171.0176	0.0000	925.0036	inf	0.0000	1.3985	1.6012	0.0000	8.6901	9.3419	0.0000	0.0000	0.0000	0.0000	0.0000	0.0001	0.0000	0.0001	0.0001	0.0000	0.0000	0.0000	0.0000	0.0000	0.0015	-0.3638	-0.0000	6.0396	15.0410	1.6050	10.9147	1.0000	1.0000	0.0000	1.0000	1.0000	0.0000	0.0000	0.0000	0.0000	0.0000	0.0000	0.0000	0.0000	0.0000	0.0000	0.0000	0.0000	0.0000	0.7150	0.6245	0.0905	0.1151	0.1070	0.0080	0.5999	0.5175	0.0825	0.3238	0.2010	0.1228	0.1018	0.0897	0.0122	0.2220	0.1113	0.1106	44896.7633	31956.5686	0.0000	87774.8485	83171.0176	0.0000	925.0036	inf	0.0000	0.0000	0.0001	0.0000	0.0001	0.0001	0.0000	0.0000	0.0000	0.0000
16	47	0.1267	6	1	0	1	0	0	0	0	0	N	N	N	N	N	N	N	N	N	N	N	N	0.0000	0.0517	0.0000	0.2574	0.2368	0.0000	0.0000	0.0000	0.0000	0.0001	0.0001	0.0000	0.0011	0.0012	0.0000	0.0000	0.0000	0.0000	3.2149	0.0019	11.9414	0.0044	0.0050	0.0002	3.5744	0.0000	12.7167	0.0000	2293.1330	-0.0000	0.2171	6.0396	12.7633	1.6050	6.3722	0.0000	0.0000	0.0000	0.0000	0.0000	0.0000	0.0000	0.0000	0.0000	0.5291	0.0002	0.5288	0.0002	0.0002	0.0000	0.5288	0.0000	0.5288	0.5665	0.4938	0.0728	0.0434	0.0410	0.0023	0.5232	0.4527	0.0705	0.2131	0.1203	0.0928	0.0529	0.0458	0.0072	0.1602	0.0745	0.0857	0.0000	0.0517	0.0000	0.2574	0.2368	0.0000	0.0000	0.0000	0.0000	2.4822	0.0019	5.6969	0.0044	0.0050	0.0002	3.3007	0.0000	6.1729
16	48	0.1215	5	0	0	0	0	0	0	0	0	N	N	N	N	N	N	N	N	N	N	N	N	0.0112	0.0359	0.0000	0.0332	0.0290	0.0000	0.0057	8.4014	0.0000	0.0002	0.0002	0.0000	0.0005	0.0005	0.0000	0.0001	0.0001	0.0000	0.0177	0.0061	0.0320	0.0147	0.0170	0.0000	0.0186	0.0000	0.0344	0.0000	4.2648	-0.0000	0.0001	6.0396	0.3513	1.6050	1.9759	0.0000	0.0000	0.0000	0.0000	0.0000	0.0000	0.0000	0.0000	0.0000	0.0005	0.0001	0.0004	0.0001	0.0001	0.0000	0.0004	0.0000	0.0004	0.0275	0.0251	0.0025	0.0067	0.0066	0.0001	0.0209	0.0185	0.0024	0.0274	0.0151	0.0123	0.0062	0.0054	0.0008	0.0211	0.0097	0.0114	0.0112	0.0359	0.0000	0.0332	0.0290	0.0000	0.0057	8.4014	0.0000	0.0177	0.0061	0.0320	0.0147	0.0170	0.0000	0.0186	0.0000	0.0344
16	49	0.1213	4	0	0	0	0	0	0	0	0	N	N	N	N	N	N	N	N	N	N	N	N	0.0000	0.0000	0.0000	0.0000	0.0000	0.0000	0.0000	0.0000	0.0000	0.0000	0.0000	0.0000	0.0000	0.0000	0.0000	0.0000	0.0000	0.0001	0.0001	0.0000	0.0003	0.0004	0.0001	0.0000	0.0000	0.0000	0.0562	0.0000	-0.0000	6.0396	0.1669	1.6050	0.0350	0.0000	0.0000	0.0000	0.0000	0.0000	0.0000	0.0000	0.0000	0.0000	0.0000	0.0000	0.0000	0.0000	0.0000	0.0000	0.0000	0.0000	0.0000	0.0078	0.0067	0.0010	0.0005	0.0005	0.0000	0.0073	0.0063	0.0010	0.0024	0.0013	0.0011	0.0005	0.0005	0.0001	0.0019	0.0008	0.0010	0.0000	0.0000	0.0000	0.0000	0.0000	0.0000	0.0000	0.0000	0.0000	0.0001	0.0001	0.0000	0.0003	0.0004	0.0001	0.0000	0.0000	0.0000		
16	50	0.1213	3	0	0	0	0	0	0	0	0	N	N	N	N	N	N	N	N	N	N	N	N	0.0000	0.0000	0.0000	0.0000	0.0000	0.0000	0.0000	0.0000	0.0000	0.0000	0.0000	0.0000	0.0000	0.0000	0.0000	0.0000	0.0000	0.0003	0.0002	0.0003	0.0006	0.0005	0.0027	0.0001	0.0000	0.0002	1.0000	0.0000	-0.0000	6.0396	0.0010	1.6050	0.0028	0.0000	0.0000	0.0000	0.0000	0.0000	0.0000	0.0000	0.0000	0.0000	0.0000	0.0000	0.0000	0.0000	0.0000	0.0000	0.0000	0.0000	0.0000	0.0001	0.0001	0.0000	0.0001	0.0001	0.0000	0.0001	0.0001	0.0000	0.0001	0.0000	0.0000	0.0000	0.0000	0.0000	0.0000	0.0000	0.0000	0.0000	0.0000	0.0000	0.0000	0.0000	0.0000	0.0000	0.0000	0.0000	0.0003	0.0002	0.0003	0.0006	0.0005	0.0027	0.0001	0.0000	0.0002		
16	51	0.0827	3	0	1	0	1	0	0	0	0	N	N	N	N	N	N	N	N	N	N	N	N	8.2759	5.3434	28.8507	29.1379	26.5819	0.8936	2.3454	0.0000	30.5797	0.0283	0.0326	0.0003	0.4973	0.5129	0.0000	0.0000	0.0000	0.0003	0.0034	0.0061	0.0000	0.0171	0.0193	0.0000	0.0000	0.0000	0.0000	0.0013	0.0013	-0.0036	-0.0005	6.0396	7.3891	1.6050	13.2142	0.0100	0.0099	0.0000	0.0099	0.0099	0.0000	0.0000	0.0000	0.0000	0.0008	0.0008	0.0000	0.0008	0.0008	0.0000	0.0000	0.0000	0.0000	0.3512	0.3046	0.0466	0.0200	0.0194	0.0006	0.3312	0.2852	0.0460	0.2370	0.1327	0.1043	0.0474	0.0419	0.0055	0.1897	0.0908	0.0988	8.2759	5.3434	28.8507	29.1379	26.5819	0.8936	2.3454	0.0000	30.5797	0.0034	0.0061	0.0000	0.0171	0.0193	0.0000	0.0000	0.0000	0.0000
16	52	0.0888	4	0	1	0	0	0	0	0	0	N	N	N	N	N	N	N	N	N	N	N	N	916.9817	1392.1201	0.0000	2980.4262	3362.7449	0.0000	0.0706	291.3790	0.0000	0.4218	0.4788	0.0000	4.1160	4.2370	0.0000	0.0000	0.0000	0.0000	0.0005	0.0003	0.0006	0.0014	0.0013	0.0023	0.0003	0.0000	0.0005	0.0000	1.4502	-0.0935	0.0000	6.0396	12.1779	1.6050	13.0455	0.2569	0.2569	0.0000	0.2569	0.2569	0.0000	0.0000	0.0000	0.0000	0.0001	0.0000	0.0001	0.0001	0.0000	0.0000	0.0001	0.0000	0.0001	0.6091	0.5366	0.0725	0.0624	0.0606	0.0018	0.5467	0.4759	0.0708	0.2647	0.1445	0.1202	0.0446	0.0394	0.0051	0.2201	0.1051	0.1151	916.9817	1392.1201	0.0000	2980.4262	3362.7449	0.0000	0.0706	291.3790	0.0000	0.0005	0.0003	0.0006	0.0014	0.0013	0.0023	0.0003	0.0000	0.0005
16	53	0.1286	4	0	1	0	0	0	0	0	0	N	N	N	N	N	N	N	N	N	N	N	N	0.0000	0.0000	0.0000	0.0000	0.0000	0.0000	0.0000	0.0000	0.0000	0.0000	0.0000	0.0000	0.0000	0.0000	0.0000	0.0000	0.0000	0.0000	0.0000	0.0000	0.0000	0.0000	0.0000	0.0000	inf	0.0000	0.0000	6.0396	3.0001	1.6050	3.0003	0.0000	0.0000	0.0000	0.0000	0.0000	0.0000	0.0000	0.0000	0.0000	0.0000	0.0000	0.0000	0.0000	0.0000	0.0000	0.0000	0.0000	0.0000	0.1385	0.1200	0.0185	0.0103	0.0096	0.0007	0.1282	0.1105	0.0178	0.0684	0.0377	0.0308	0.0153	0.0132	0.0021	0.0531	0.0245	0.0287	0.0000	0.0000	0.0000	0.0000	0.0000	0.0000	0.0000	0.0000	0.0000	0.0000	0.0000	0.0000	0.0000	0.0000	0.0000	0.0000	0.0000	0.0000				
16	54	0.1213	3	0	0	0	0	0	0	0	0	N	N	N	N	N	N	N	N	N	N	N	N	0.0000	0.0000	0.0000	0.0000	0.0000	0.0000	0.0000	0.0000	0.0000	0.0000	0.0000	0.0000	0.0000	0.0000	0.0000	0.0000	0.0000	0.0000	0.0000	0.0000	0.0000	0.0000	0.0000	0.0000	0.0000	0.0000	0.0510	0.0000	-0.0000	6.0396	1.9998	1.6050	1.0017	0.0000	0.0000	0.0000	0.0000	0.0000	0.0000	0.0000	0.0000	0.0000	0.0000	0.0000	0.0000	0.0000	0.0000	0.0000	0.0000	0.0000	0.0000	0.0918	0.0795	0.0123	0.0057	0.0054	0.0004	0.0860	0.0741	0.0120	0.0348	0.0191	0.0157	0.0078	0.0067	0.0011	0.0270	0.0124	0.0146	0.0000	0.0000	0.0000	0.0000	0.0000	0.0000	0.0000	0.0000	0.0000	0.0000	0.0000	0.0000	0.0000	0.0000	0.0000	0.0000	0.0000	0.0000		
16	55	0.0632	2	0	0	0	0	0	0	0	0	N	N	N	N	N	N	N	N	N	N	N	N	5.4646	0.0605	106213.6597	0.1212	0.1156	5.9755	14248.4655	91.8439	1030848.0814	0.0108	0.0002	0.0790	0.0015	0.0015	0.0002	0.0112	0.0001	0.0799	0.0020	0.0036	0.0000	0.0123	0.0133	0.0000	0.0000	0.0000	0.0000	56.9028	0.0002	0.0025	-0.0002	6.0396	8.0033	1.6050	9.9473	0.0040	0.0001	0.0040	0.0000	0.0000	0.0000	0.0040	0.0000	0.0040	0.0004	0.0004	0.0000	0.0004	0.0004	0.0000	0.0000	0.0000	0.0000	0.3758	0.3255	0.0503	0.0176	0.0170	0.0006	0.3583	0.3085	0.0498	0.2114	0.1173	0.0941	0.0338	0.0313	0.0025	0.1775	0.0859	0.0916	5.4646	0.0605	106213.6597	0.1212	0.1156	5.9755	14248.4655	91.8439	1030848.0814	0.0020	0.0036	0.0000	0.0123	0.0133	0.0000	0.0000	0.0000	0.0000
16	56	0.1464	8	0	1	0	0	0	0	0	0	N	N	N	N	N	N	N	N	N	N	N	N	4259.0170	0.0730	2687470.7162	1.5406	0.0537	587.9933	11549.7400	0.1275	13212896.4889	4.3003	0.0001	34.3184	0.0031	0.0001	0.0470	5.1114	0.0001	37.3183	0.0010	0.0016	0.0000	0.0020	0.0023	0.0001	0.0004	0.0009	0.0000	41288.3693	0.0049	0.6351	-0.0001	6.0396	5.0156	1.6050	9.5596	0.9982	0.0000	0.9982	0.0001	0.0000	0.0001	0.9981	0.0000	0.9981	0.0002	0.0002	0.0000	0.0001	0.0001	0.0000	0.0001	0.0001	0.0000	0.2321	0.2030	0.0291	0.0369	0.0345	0.0023	0.1953	0.1685	0.0267	0.1790	0.1103	0.0687	0.0646	0.0558	0.0089	0.1144	0.0545	0.0598	4259.0170	0.0730	2687470.7162	1.5406	0.0537	587.9933	11549.7400	0.1275	13212896.4889	0.0010	0.0016	0.0000	0.0020	0.0023	0.0001	0.0004	0.0009	0.0000
16	57	0.1250	7	0	1	0	0	0	0	0	0	N	N	N	N	N	N	N	N	N	N	N	N	2.2991	1.3091	50.4345	2.7310	2.7457	0.0882	7.2390	0.2349	164.2691	0.0191	0.0155	0.0437	0.0546	0.0589	0.0005	0.0079	0.0006	0.0507	0.0083	0.0118	0.0009	0.0200	0.0215	0.0054	0.0011	0.0027	0.0003	0.4145	0.0346	-0.0004	-0.0009	6.0396	5.2776	1.6050	4.9316	0.0061	0.0043	0.0018	0.0042	0.0042	0.0000	0.0019	0.0001	0.0018	0.0016	0.0015	0.0001	0.0015	0.0014	0.0000	0.0001	0.0001	0.0000	0.3197	0.2787	0.0410	0.0768	0.0711	0.0057	0.2429	0.2077	0.0353	0.1905	0.1293	0.0612	0.0728	0.0661	0.0067	0.1177	0.0632	0.0545	2.2991	1.3091	50.4345	2.7310	2.7457	0.0882	7.2390	0.3598	164.2691	0.0083	0.0118	0.0009	0.0200	0.0215	0.0054	0.0011	0.0018	0.0003
16	58	0.0970	6	0	0	0	0	0	0	0	0	N	N	N	N	N	N	N	N	N	N	N	N	2.0480	0.9824	20.5938	2.5951	2.4705	6.0472	20.4953	21.5101	22.7427	0.0362	0.0375	0.0270	0.2050	0.2147	0.0220	0.0228	0.0221	0.0272	0.0177	0.0382	0.0013	0.0790	0.0869	0.0036	0.0011	0.0010	0.0012	0.1075	0.0321	-0.0029	-0.0014	6.0396	6.4383	1.6050	5.2340	0.0108	0.0097	0.0010	0.0045	0.0044	0.0000	0.0063	0.0053	0.0010	0.0026	0.0025	0.0001	0.0025	0.0024	0.0000	0.0001	0.0001	0.0001	0.2973	0.2586	0.0386	0.0218	0.0207	0.0011	0.2754	0.2379	0.0375	0.1460	0.0848	0.0612	0.0310	0.0281	0.0030	0.1150	0.0568	0.0582	2.0480	1.2744	20.5938	2.5951	2.4705	6.0472	20.4953	21.5101	22.7427	0.0177	0.0295	0.0013	0.0790	0.0869	0.0036	0.0011	0.0010	0.0012
16	59	0.0888	5	0	0	0	0	0	0	0	0	N	N	N	N	N	N	N	N	N	N	N	N	637.9113	572.1475	1.0271	1.8404	1.7454	7.4412	2486.2326	204690.1317	0.3376	2.8062	3.1194	0.0031	0.0303	0.0295	0.0903	3.4520	3.9260	0.0009	0.0044	0.0055	0.0030	0.0165	0.0169	0.0121	0.0014	0.0000	0.0026	0.0001	0.4309	-0.2659	-0.0001	6.0396	3.9043	1.6050	0.3762	0.7311	0.7311	0.0001	0.0015	0.0014	0.0001	0.7296	0.7296	0.0000	0.0002	0.0002	0.0001	0.0002	0.0002	0.0000	0.0001	0.0000	0.0001	0.2605	0.2344	0.0262	0.0492	0.0485	0.0007	0.2114	0.1858	0.0255	0.0545	0.0307	0.0238	0.0109	0.0099	0.0010	0.0436	0.0209	0.0228	637.9113	572.1475	1.0271	1.8404	1.7454	7.4412	2486.2326	204690.1317	0.3376	0.0044	0.0055	0.0030	0.0165	0.0169	0.0121	0.0014	0.0000	0.0026
16	60	0.0888	4	0	0	0	0	0	0	0	0	N	N	N	N	N	N	N	N	N	N	N	N	451.4243	576.6452	0.6460	318.7033	349.2486	6.0967	589.3369	97748.9968	0.0125	2.5764	2.7903	0.0045	4.3551	4.3826	0.1803	1.8553	2.0735	0.0001	0.0057	0.0048	0.0070	0.0137	0.0125	0.0296	0.0031	0.0000	0.0060	0.0001	0.9949	-0.1406	-0.0000	6.0396	1.5036	1.6050	0.1987	0.3865	0.3865	0.0001	0.1885	0.1884	0.0001	0.1981	0.1981	0.0000	0.0001	0.0001	0.0001	0.0001	0.0001	0.0000	0.0001	0.0000	0.0001	0.1500	0.1385	0.0115	0.0433	0.0430	0.0003	0.1068	0.0955	0.0112	0.0257	0.0152	0.0105	0.0062	0.0058	0.0004	0.0194	0.0093	0.0101	451.4243	576.6452	0.6460	318.7033	349.2486	6.0967	589.3369	97748.9968	0.0125	0.0057	0.0048	0.0070	0.0137	0.0125	0.0296	0.0031	0.0000	0.0060
16	61	0.0827	3	0	0	0	0	0	0	0	0	N	N	N	N	N	N	N	N	N	N	N	N	38.2696	4110.5147	0.0549	9.5028	151.7194	0.8543	25.5148	16589.1023	0.0281	1.8066	2.0806	0.0053	0.1536	0.1526	0.2024	1.9674	2.2949	0.0025	0.0472	0.0005	0.0969	0.0162	0.0010	0.2369	0.0771	0.0001	0.0904	0.0004	119.1342	-0.0938	0.0009	6.0396	2.7181	1.6050	1.0102	0.2582	0.2581	0.0001	0.0019	0.0019	0.0001	0.2562	0.2562	0.0000	0.0024	0.0000	0.0023	0.0003	0.0000	0.0003	0.0021	0.0000	0.0021	0.1429	0.1240	0.0189	0.0127	0.0124	0.0003	0.1302	0.1116	0.0186	0.0627	0.0386	0.0240	0.0176	0.0164	0.0012	0.0451	0.0223	0.0228	48.1915	4110.5147	0.0549	9.5028	151.7194	0.9347	42.9259	16589.1023	0.0281	0.0375	0.0005	0.0969	0.0162	0.0010	0.2165	0.0458	0.0001	0.0904
16	62	0.0632	2	0	0	0	0	0	0	0	0	N	N	N	N	N	N	N	N	N	N	N	N	10.4422	11.4823	26.1728	0.7005	0.9426	0.0385	13.7798	210.4536	29.4104	0.0806	0.0362	0.3689	0.0092	0.0093	0.0025	0.0890	0.0399	0.3731	0.0077	0.0032	0.0141	0.0131	0.0098	0.0649	0.0065	0.0002	0.0127	1.5684	3.2012	0.0016	0.0001	6.0396	1.4525	1.6050	6.3634	0.0065	0.0025	0.0040	0.0001	0.0001	0.0000	0.0065	0.0025	0.0040	0.0008	0.0002	0.0006	0.0003	0.0002	0.0001	0.0006	0.0000	0.0005	0.0811	0.0703	0.0108	0.0085	0.0084	0.0001	0.0726	0.0619	0.0107	0.1060	0.0617	0.0443	0.0202	0.0190	0.0012	0.0858	0.0427	0.0431	10.4422	11.4823	26.1728	0.7005	0.9426	0.0385	13.7798	210.4536	29.4104	0.0077	0.0032	0.0141	0.0131	0.0098	0.0649	0.0065	0.0002	0.0127
16	63	0.1426	5	1	1	0	1	0	0	0	0	N	N	N	N	N	N	N	N	N	N	N	N	0.0000	0.0000	0.0000	0.0000	0.0000	0.0000	0.0000	0.0000	0.0000	0.0000	0.0000	0.0000	0.0000	0.0000	0.0000	0.0000	0.0005	0.0008	0.0000	0.0024	0.0027	0.0000	0.0000	0.0000	0.0000	0.0001	0.0000	-0.0000	6.0396	2.0000	1.6050	2.0002	0.0000	0.0000	0.0000	0.0000	0.0000	0.0000	0.0000	0.0000	0.0000	0.0000	0.0000	0.0000	0.0000	0.0000	0.0000	0.0000	0.0000	0.0000	0.0917	0.0797	0.0119	0.0116	0.0107	0.0009	0.0801	0.0690	0.0111	0.0440	0.0241	0.0199	0.0084	0.0074	0.0010	0.0356	0.0167	0.0189	0.0000	0.0000	0.0000	0.0000	0.0000	0.0000	0.0000	0.0000	0.0000	0.0005	0.0008	0.0000	0.0024	0.0027	0.0000	0.0000	0.0000	0.0000			
16	64	0.1583	9	0	1	0	1	0	0	0	0	N	N	N	N	N	N	N	N	N	N	N	N	537469.5538	0.0000	5055051.6997	0.0000	0.0000	0.0000	1841398.8299	0.0000	8735321.5739	0.8222	0.0000	6.3554	0.0000	0.0000	0.0000	0.9598	0.0000	6.9236	0.0000	0.0000	0.0000	0.0000	0.0000	0.0000	0.0000	0.0000	0.0000	inf	0.5646	0.0486	-0.0000	6.0396	2.0059	1.6050	4.8036	0.0763	0.0000	0.0763	0.0000	0.0000	0.0000	0.0763	0.0000	0.0763	0.0000	0.0000	0.0000	0.0000	0.0000	0.0000	0.0000	0.0000	0.0000	0.0928	0.0808	0.0120	0.0133	0.0123	0.0010	0.0795	0.0685	0.0110	0.0745	0.0418	0.0327	0.0161	0.0144	0.0018	0.0583	0.0274	0.0309	537469.5538	0.0000	5055051.6997	0.0000	0.0000	0.0000	1841398.8299	0.0000	8735321.5739	0.0000	0.0000	0.0000	0.0000	0.0000	0.0000	0.0000	0.0000	0.0000
16	65	0.1555	7	0	1	0	0	0	0	0	0	N	N	N	N	N	N	N	N	N	N	N	N	11257.1969	8837.8310	0.0000	19226.6697	20575.5174	0.0000	0.7700	2.4884	0.0000	0.1520	0.1739	0.0000	0.9780	1.0535	0.0000	0.0000	0.0000	0.0000	0.0000	0.0000	0.0000	0.0001	0.0001	0.0000	0.0000	0.0000	0.0000	0.0000	0.2454	-0.0027	-0.0000	6.0396	0.9804	1.6050	0.2754	0.0073	0.0073	0.0000	0.0073	0.0073	0.0000	0.0000	0.0000	0.0000	0.0000	0.0000	0.0000	0.0000	0.0000	0.0000	0.0000	0.0000	0.0000	0.0483	0.0422	0.0061	0.0075	0.0070	0.0005	0.0408	0.0353	0.0056	0.0156	0.0086	0.0070	0.0036	0.0032	0.0004	0.0120	0.0054	0.0066	11257.1969	8837.8310	0.0000	19226.6697	20575.5174	0.0000	0.7700	2.4884	0.0000	0.0000	0.0000	0.0000	0.0001	0.0001	0.0000	0.0000	0.0000	0.0000
16	66	0.1533	8	0	0	1	1	0	0	0	0	N	N	N	N	N	N	N	N	N	N	N	N	0.0000	0.0000	0.0000	0.0000	0.0000	0.0000	0.0000	0.0000	0.0000	0.0000	0.0000	0.0000	0.0000	0.0000	0.0000	0.0000	0.0000	0.0000	0.0000	0.0000	0.0000	0.0000	0.0000	0.0000	0.0000	0.0000	0.0000	0.0953	0.0000	-0.0000	6.0396	0.9437	1.6050	4.8091	0.0000	0.0000	0.0000	0.0000	0.0000	0.0000	0.0000	0.0000	0.0000	0.0000	0.0000	0.0000	0.0000	0.0000	0.0000	0.0000	0.0000	0.0000	0.0601	0.0523	0.0078	0.0156	0.0147	0.0009	0.0445	0.0376	0.0069	0.0648	0.0365	0.0283	0.0141	0.0126	0.0015	0.0507	0.0239	0.0268	0.0000	0.0000	0.0000	0.0000	0.0000	0.0000	0.0000	0.0000	0.0000	0.0000	0.0000	0.0000	0.0000	0.0000	0.0000	0.0000	0.0000	0.0000	
16	67	0.1463	7	0	0	1	1	0	0	0	0	N	N	N	N	N	N	N	N	N	N	N	N	0.0000	0.0000	0.0000	0.0000	0.0000	0.0000	0.0000	0.0000	0.0000	0.0000	0.0000	0.0000	0.0000	0.0000	0.0000	0.0000	0.0000	0.0000	0.0003	0.0006	0.0000	0.0016	0.0018	0.0000	0.0000	0.0000	0.0000	0.0094	0.0000	-0.0000	6.0396	4.0088	1.6050	5.0246	0.0000	0.0000	0.0000	0.0000	0.0000	0.0000	0.0000	0.0000	0.0000	0.0000	0.0000	0.0000	0.0000	0.0000	0.0000	0.0000	0.0000	0.0000	0.1819	0.1583	0.0236	0.0232	0.0215	0.0017	0.1587	0.1369	0.0219	0.0982	0.0541	0.0441	0.0192	0.0169	0.0023	0.0790	0.0372	0.0418	0.0000	0.0000	0.0000	0.0000	0.0000	0.0000	0.0000	0.0000	0.0000	0.0003	0.0006	0.0000	0.0016	0.0018	0.0000	0.0000	0.0000	0.0000	
16	68	0.1583	9	0	0	1	1	0	0	0	0	N	N	N	N	N	N	N	N	N	N	N	N	199.9213	208.9074	0.0000	411.9878	502.1835	0.0000	0.0000	0.0000	0.0000	0.0004	0.0004	0.0000	0.0026	0.0028	0.0000	0.0000	0.0000	0.0000	0.0000	0.0000	0.0000	0.0000	0.0000	0.0000	0.0000	0.0000	0.0000	0.0000	0.6153	-0.0000	-0.0000	6.0396	1.0064	1.6050	4.2000	0.0000	0.0000	0.0000	0.0000	0.0000	0.0000	0.0000	0.0000	0.0000	0.0000	0.0000	0.0000	0.0000	0.0000	0.0000	0.0000	0.0000	0.0000	0.0471	0.0410	0.0061	0.0069	0.0064	0.0005	0.0403	0.0347	0.0056	0.0579	0.0326	0.0253	0.0127	0.0113	0.0014	0.0452	0.0213	0.0239	199.9213	208.9074	0.0000	411.9878	502.1835	0.0000	0.0000	0.0000	0.0000	0.0000	0.0000	0.0000	0.0000	0.0000	0.0000	0.0000	0.0000	0.0000
16	69	0.1533	8	0	0	0	1	0	0	0	0	N	N	N	N	N	N	N	N	N	N	N	N	18.3135	0.0000	696.3920	0.0000	0.0000	0.0000	66.9614	0.0000	975.5231	0.0002	0.0000	0.0018	0.0000	0.0000	0.0000	0.0003	0.0000	0.0020	0.0000	0.0000	0.0000	0.0000	0.0000	0.0000	0.0000	0.0000	0.0000	inf	0.0914	0.0000	-0.0000	6.0396	1.2889	1.6050	0.3511	0.0000	0.0000	0.0000	0.0000	0.0000	0.0000	0.0000	0.0000	0.0000	0.0000	0.0000	0.0000	0.0000	0.0000	0.0000	0.0000	0.0000	0.0000	0.0759	0.0660	0.0099	0.0177	0.0166	0.0011	0.0582	0.0494	0.0088	0.0208	0.0122	0.0086	0.0051	0.0046	0.0004	0.0157	0.0075	0.0082	18.3135	0.0000	696.3920	0.0000	0.0000	0.0000	66.9614	0.0000	975.5231	0.0000	0.0000	0.0000	0.0000	0.0000	0.0000	0.0000	0.0000	0.0000
16	70	0.1463	7	0	0	0	1	0	0	0	0	N	N	N	N	N	N	N	N	N	N	N	N	0.0000	0.0000	0.0000	0.0000	0.0000	0.0000	0.0000	0.0000	0.0000	0.0000	0.0000	0.0000	0.0000	0.0000	0.0000	0.0000	0.0000	0.0000	0.0004	0.0007	0.0000	0.0020	0.0022	0.0000	0.0000	0.0000	0.0000	0.0037	0.0000	-0.0000	6.0396	0.7777	1.6050	1.1718	0.0000	0.0000	0.0000	0.0000	0.0000	0.0000	0.0000	0.0000	0.0000	0.0000	0.0000	0.0000	0.0000	0.0000	0.0000	0.0000	0.0000	0.0000	0.0362	0.0314	0.0047	0.0047	0.0043	0.0003	0.0315	0.0271	0.0044	0.0232	0.0130	0.0102	0.0049	0.0044	0.0005	0.0183	0.0086	0.0097	0.0000	0.0000	0.0000	0.0000	0.0000	0.0000	0.0000	0.0000	0.0000	0.0004	0.0007	0.0000	0.0020	0.0022	0.0000	0.0000	0.0000	0.0000	
16	71	0.1426	6	0	0	0	1	0	0	0	0	N	N	N	N	N	N	N	N	N	N	N	N	0.0000	0.0000	0.0000	0.0000	0.0000	0.0000	0.0000	0.0000	0.0000	0.0000	0.0000	0.0000	0.0000	0.0000	0.0000	0.0000	0.0000	0.0000	0.0001	0.0000	0.0001	0.0002	0.0000	0.0000	0.0000	0.0000	0.0084	0.0000	-0.0000	6.0396	0.9929	1.6050	0.0325	0.0000	0.0000	0.0000	0.0000	0.0000	0.0000	0.0000	0.0000	0.0000	0.0000	0.0000	0.0000	0.0000	0.0000	0.0000	0.0000	0.0000	0.0000	0.0458	0.0398	0.0060	0.0058	0.0054	0.0004	0.0400	0.0345	0.0055	0.0115	0.0063	0.0052	0.0022	0.0019	0.0003	0.0093	0.0043	0.0049	0.0000	0.0000	0.0000	0.0000	0.0000	0.0000	0.0000	0.0000	0.0000	0.0000	0.0001	0.0000	0.0001	0.0002	0.0000	0.0000	0.0000	0.0000		
16	72	0.1877	5	1	1	0	0	0	0	0	0	N	N	N	N	N	N	N	N	N	N	N	N	0.0000	0.0000	0.0000	0.0000	0.0000	0.0000	0.0000	0.0000	0.0000	0.0000	0.0000	0.0000	0.0000	0.0000	0.0000	0.0034	0.0048	0.0000	0.0023	0.0030	0.0000	0.0100	0.3743	0.0000	0.0000	0.0000	-0.0000	6.0396	0.0000	1.6050	0.0001	0.0000	0.0000	0.0000	0.0000	0.0000	0.0000	0.0000	0.0000	0.0000	0.0000	0.0000	0.0000	0.0000	0.0000	0.0000	0.0000	0.0000	0.0000	0.0000	0.0000	0.0000	0.0000	0.0000	0.0000	0.0000	0.0000	0.0000	0.0000	0.0000	0.0000	0.0000	0.0000	0.0000	0.0000	0.0000	0.0000	0.0000	0.0000	0.0000	0.0000	0.0000	0.0000	0.0000	0.0000	0.0000	0.0034	0.0048	0.0000	0.0023	0.0030	0.0000	0.0100	0.0214	0.0000				
16	73	0.1244	4	1	1	0	0	0	0	0	0	N	N	N	N	N	N	N	N	N	N	N	N	159.3283	0.0112	632.8785	0.0014	0.0013	0.0000	166.6604	4.8352	647.1092	0.1712	0.0000	1.3329	0.0000	0.0000	0.0000	0.1934	0.0000	1.4250	0.0011	0.0002	0.0021	0.0007	0.0008	0.0001	0.0012	0.0000	0.0022	79454.2289	7.8652	0.0486	0.0001	6.0396	9.9619	1.6050	7.0378	0.0763	0.0000	0.0763	0.0000	0.0000	0.0000	0.0763	0.0000	0.0763	0.0002	0.0000	0.0002	0.0000	0.0000	0.0000	0.0002	0.0000	0.0002	0.4459	0.3886	0.0573	0.0512	0.0475	0.0037	0.3946	0.3411	0.0536	0.1785	0.0977	0.0808	0.0322	0.0285	0.0037	0.1464	0.0692	0.0771	159.3283	0.0112	632.8785	0.0014	0.0013	0.0000	166.6604	4.8352	647.1092	0.0011	0.0002	0.0021	0.0007	0.0008	0.0001	0.0012	0.0000	0.0022
16	74	0.1363	4	0	1	0	0	0	0	0	0	N	N	N	N	N	N	N	N	N	N	N	N	4.2645	2.3971	0.0000	0.0001	0.0002	0.0000	318629.2625	248049.4192	0.0000	2.6173	2.9866	0.0000	0.0003	0.0003	0.0000	3.2255	3.7444	0.0000	0.6138	1.2459	0.0000	2.2740	1.8571	0.0002	0.0000	0.0000	0.0000	0.0000	0.0001	-0.3633	-0.0062	6.0396	7.0442	1.6050	2.0273	0.9987	0.9987	0.0000	0.0000	0.0000	0.0000	0.9987	0.9987	0.0000	0.0105	0.0105	0.0000	0.0105	0.0105	0.0000	0.0000	0.0000	0.0000	0.3816	0.3344	0.0472	0.0720	0.0677	0.0043	0.3096	0.2667	0.0429	0.1008	0.0551	0.0457	0.0181	0.0163	0.0018	0.0827	0.0389	0.0439	25.0831	15.6489	0.0000	0.0005	0.0005	0.0000	318629.2625	248049.4192	0.0000	0.1043	0.1909	0.0000	0.5812	0.6469	0.0002	0.0000	0.0000	0.0000
16	75	0.1124	3	0	1	0	0	0	0	0	0	N	N	N	N	N	N	N	N	N	N	N	N	0.0063	0.0038	0.7108	0.0024	0.0022	0.0000	0.0058	0.0027	0.7346	0.0052	0.0058	0.0003	0.0000	0.0000	0.0000	0.0062	0.0071	0.0004	0.8236	1.5525	0.0005	0.0155	0.0174	0.0003	1.0722	2.5935	0.0005	0.0081	0.0017	-0.0004	-0.0063	6.0396	4.3369	1.6050	3.0972	0.0013	0.0012	0.0000	0.0000	0.0000	0.0000	0.0013	0.0012	0.0000	0.0108	0.0107	0.0000	0.0002	0.0002	0.0000	0.0105	0.0105	0.0000	0.2424	0.2129	0.0295	0.0397	0.0383	0.0014	0.2027	0.1746	0.0281	0.0837	0.0461	0.0376	0.0154	0.0137	0.0017	0.0683	0.0324	0.0359	0.0402	0.0250	0.7108	0.0024	0.0022	0.0000	0.0401	0.0219	0.7346	0.1285	0.2330	0.0005	0.0155	0.0174	0.0003	0.1540	0.3237	0.0005
16	76	0.1996	8	1	1	0	0	0	0	0	0	N	N	N	N	N	N	N	N	N	N	N	N	51.8523	54.4443	0.0000	102.3084	128.2984	0.0000	0.0000	0.0000	0.0000	0.0002	0.0002	0.0000	0.0012	0.0013	0.0000	0.0000	0.0000	0.0000	0.0000	0.0000	0.0000	0.0000	0.0000	0.0000	0.0000	0.0000	0.0000	0.0000	0.6701	-0.0000	-0.0000	6.0396	1.9992	1.6050	0.0055	0.0000	0.0000	0.0000	0.0000	0.0000	0.0000	0.0000	0.0000	0.0000	0.0000	0.0000	0.0000	0.0000	0.0000	0.0000	0.0000	0.0000	0.0000	0.1211	0.1061	0.0150	0.0168	0.0157	0.0011	0.1044	0.0905	0.0139	0.0305	0.0168	0.0137	0.0060	0.0054	0.0006	0.0245	0.0114	0.0131	51.8523	54.4443	0.0000	102.3084	128.2984	0.0000	0.0000	0.0000	0.0000	0.0000	0.0000	0.0000	0.0000	0.0000	0.0000	0.0000	0.0000	0.0000
16	77	0.1555	7	1	1	0	0	0	0	0	0	N	N	N	N	N	N	N	N	N	N	N	N	152.0485	0.0129	978.0973	640.5728	0.0463	5514.0370	0.1065	0.0000	0.5596	0.0007	0.0000	0.0053	0.0051	0.0000	0.0747	0.0000	0.0000	0.0000	0.0000	0.0000	0.0000	0.0000	0.0000	0.0000	0.0000	0.0000	0.0000	16444.3134	1.2177	0.0001	-0.0000	6.0396	5.0219	1.6050	2.0148	0.0002	0.0000	0.0002	0.0002	0.0000	0.0002	0.0000	0.0000	0.0000	0.0000	0.0000	0.0000	0.0000	0.0000	0.0000	0.0000	0.0000	0.0000	0.2294	0.2001	0.0293	0.0305	0.0285	0.0021	0.1989	0.1716	0.0272	0.0777	0.0426	0.0351	0.0157	0.0138	0.0019	0.0620	0.0288	0.0332	152.0485	0.0129	978.0973	640.5728	0.0463	5514.0370	0.1065	0.0000	0.5596	0.0000	0.0000	0.0000	0.0000	0.0000	0.0000	0.0000	0.0000	0.0000
16	78	0.1426	6	0	1	0	0	0	0	0	0	N	N	N	N	N	N	N	N	N	N	N	N	371.3246	266.5292	0.0000	1022.0746	968.2163	0.0000	0.0000	0.0000	0.0033	0.0038	0.0000	0.0260	0.0281	0.0000	0.0000	0.0000	0.0000	0.0000	0.0000	0.0000	0.0000	0.0000	0.0000	0.0000	0.0000	0.0000	0.0000	0.1413	-0.0001	-0.0000	6.0396	1.0203	1.6050	2.7327	0.0002	0.0002	0.0000	0.0002	0.0002	0.0000	0.0000	0.0000	0.0000	0.0000	0.0000	0.0000	0.0000	0.0000	0.0000	0.0000	0.0000	0.0000	0.0470	0.0409	0.0061	0.0059	0.0055	0.0004	0.0411	0.0354	0.0057	0.0413	0.0226	0.0187	0.0079	0.0069	0.0010	0.0334	0.0157	0.0178	371.3246	266.5292	0.0000	1022.0746	968.2163	0.0000	0.0000	0.0000	0.0000	0.0000	0.0000	0.0000	0.0000	0.0000	0.0000	0.0000	0.0000	0.0000	
16	79	0.1426	5	0	0	0	0	0	0	0	0	N	N	N	N	N	N	N	N	N	N	N	N	0.0000	0.0000	0.0000	0.0000	0.0000	0.0000	0.0000	0.0000	0.0000	0.0000	0.0000	0.0000	0.0000	0.0000	0.0000	0.0000	0.0001	0.0001	0.0002	0.0001	0.0001	0.0000	0.0001	0.0000	0.0002	1.0000	0.0000	-0.0000	6.0396	0.0000	1.6050	0.0018	0.0000	0.0000	0.0000	0.0000	0.0000	0.0000	0.0000	0.0000	0.0000	0.0000	0.0000	0.0000	0.0000	0.0000	0.0000	0.0000	0.0000	0.0000	0.0000	0.0000	0.0000	0.0000	0.0000	0.0000	0.0000	0.0000	0.0000	0.0001	0.0000	0.0000	0.0000	0.0000	0.0000	0.0000	0.0000	0.0000	0.0000	0.0000	0.0000	0.0000	0.0000	0.0000	0.0000	0.0000	0.0000	0.0001	0.0001	0.0002	0.0001	0.0001	0.0000	0.0001	0.0000	0.0002			
16	80	0.1244	4	0	0	0	0	0	0	0	0	N	N	N	N	N	N	N	N	N	N	N	N	0.2078	0.1919	0.0000	0.4156	0.4011	0.0000	0.0324	5.0498	0.0000	0.0001	0.0001	0.0000	0.0009	0.0010	0.0000	0.0000	0.0000	0.0000	0.0006	0.0007	0.0004	0.0022	0.0024	0.0003	0.0002	0.0000	0.0004	0.0000	0.4682	-0.0000	-0.0000	6.0396	3.0825	1.6050	2.0124	0.0000	0.0000	0.0000	0.0000	0.0000	0.0000	0.0000	0.0000	0.0000	0.0000	0.0000	0.0000	0.0000	0.0000	0.0000	0.0000	0.0000	0.0000	0.1479	0.1290	0.0189	0.0188	0.0176	0.0012	0.1292	0.1114	0.0177	0.0573	0.0314	0.0259	0.0106	0.0094	0.0012	0.0467	0.0220	0.0247	0.2078	0.1919	0.0000	0.4156	0.4011	0.0000	0.0324	5.0498	0.0000	0.0006	0.0007	0.0004	0.0022	0.0024	0.0003	0.0002	0.0000	0.0004
16	81	0.1124	3	0	0	0	0	0	0	0	0	N	N	N	N	N	N	N	N	N	N	N	N	0.8543	0.5362	4.0574	0.0002	0.0002	0.0000	8.5886	5.1833	5.5403	0.0046	0.0051	0.0007	0.0000	0.0000	0.0000	0.0055	0.0063	0.0007	0.0054	0.0095	0.0002	0.0254	0.0284	0.0009	0.0006	0.0012	0.0001	0.0176	0.0137	-0.0003	-0.0001	6.0396	3.6751	1.6050	0.0788	0.0010	0.0010	0.0000	0.0000	0.0000	0.0000	0.0010	0.0010	0.0000	0.0002	0.0002	0.0000	0.0002	0.0002	0.0000	0.0000	0.0000	0.0000	0.2130	0.1874	0.0256	0.0372	0.0360	0.0012	0.1758	0.1514	0.0244	0.0438	0.0243	0.0195	0.0083	0.0074	0.0009	0.0355	0.0169	0.0186	0.8543	0.5362	4.0574	0.0002	0.0002	0.0000	8.5886	5.1833	5.5403	0.0054	0.0095	0.0002	0.0254	0.0284	0.0009	0.0006	0.0012	0.0001
16	82	0.0632	2	0	0	0	0	0	0	0	0	N	N	N	N	N	N	N	N	N	N	N	N	3.6144	0.0446	145.1013	0.1583	0.1670	0.0121	6.7473	0.0257	368.1242	0.0102	0.0002	0.0752	0.0014	0.0015	0.0001	0.0107	0.0001	0.0760	0.0028	0.0046	0.0005	0.0090	0.0088	0.0119	0.0016	0.0054	0.0002	56.1146	0.0871	0.0025	-0.0002	6.0396	8.5011	1.6050	5.2406	0.0041	0.0001	0.0040	0.0000	0.0000	0.0000	0.0040	0.0000	0.0040	0.0005	0.0004	0.0000	0.0003	0.0002	0.0000	0.0002	0.0002	0.0000	0.3974	0.3442	0.0532	0.0183	0.0177	0.0006	0.3791	0.3265	0.0526	0.1689	0.0949	0.0740	0.0284	0.0264	0.0020	0.1406	0.0685	0.0721	3.6144	0.0446	145.1013	0.1583	0.1670	0.0121	6.7473	0.0457	368.1242	0.0028	0.0046	0.0005	0.0090	0.0088	0.0119	0.0016	0.0030	0.0002
17	18	0.1944	13	1	2	0	0	0	0	0	0	N	Y	N	N	N	N	N	N	N	N	N	N	0.0000	0.0000	0.0000	0.0000	0.0000	0.0000	0.0000	0.0000	0.0000	0.0000	0.0000	0.0000	0.0000	0.0000	0.0000	0.0000	0.0000	0.0000	0.0000	0.0000	0.0000	0.0000	inf	0.0000	0.0000	0.9996	4.7641	1.7768	2.0666	0.0000	0.0000	0.0000	0.0000	0.0000	0.0000	0.0000	0.0000	0.0000	0.0000	0.0000	0.0000	0.0000	0.0000	0.0000	0.0000	0.0000	0.0000	0.0373	0.0329	0.0044	0.0084	0.0079	0.0005	0.0289	0.0250	0.0039	0.0256	0.0149	0.0107	0.0087	0.0074	0.0014	0.0169	0.0075	0.0094	0.0000	0.0000	0.0000	0.0000	0.0000	0.0000	0.0000	0.0000	0.0000	0.0000	0.0000	0.0000	0.0000	0.0000	0.0000	0.0000	0.0000	0.0000						
17	19	0.1770	12	1	2	0	0	0	0	0	0	N	Y	N	N	N	N	N	N	N	N	N	N	0.2635	0.0000	1.0781	0.1858	0.0000	5.6192	0.2488	1.0534	0.0001	0.0000	0.0006	0.0000	0.0000	0.0001	0.0001	0.0000	0.0006	0.0002	0.0000	0.0005	0.0000	0.0000	0.0000	0.0003	0.0000	0.0006	inf	49.3677	0.0000	0.0000	0.9996	1.4176	1.7768	5.1148	0.0000	0.0000	0.0000	0.0000	0.0000	0.0000	0.0000	0.0000	0.0000	0.0000	0.0000	0.0000	0.0000	0.0000	0.0000	0.0000	0.0000	0.0000	0.0133	0.0119	0.0014	0.0035	0.0033	0.0001	0.0098	0.0086	0.0012	0.0246	0.0143	0.0103	0.0076	0.0064	0.0012	0.0170	0.0078	0.0092	0.2635	0.0000	1.0781	0.1858	0.0000	5.6192	0.2488	0.0000	1.0534	0.0002	0.0000	0.0005	0.0000	0.0000	0.0000	0.0003	0.0000	0.0006	
17	20	0.0964	4	1	2	1	1	0	0	0	0	N	Y	N	N	N	N	N	N	N	N	N	N	0.0000	0.0000	0.0000	0.0000	0.0000	0.0000	0.0000	0.0000	0.0000	0.0000	0.0000	0.0000	0.0000	0.0000	0.0000	0.0000	0.0000	0.0000	0.0000	0.0000	0.9996	0.0000	1.7768	0.0000	0.0000	0.0000	0.0000	0.0000	0.0000	0.0000	0.0000	0.0000	0.0000	0.0000	0.0000	0.0000	0.0000	0.0000	0.0000	0.0000	0.0000	0.0000	0.0000	0.0000	0.0000	0.0000	0.0000	0.0000	0.0000	0.0000	0.0000	0.0000	0.0000	0.0000	0.0000	0.0000	0.0000	0.0000	0.0000	0.0000	0.0000	0.0000	0.0000	0.0000	0.0000	0.0000	0.0000	0.0000	0.0000	0.0000	0.0000	0.0000	0.0000	0.0000	0.0000	0.0000	0.0000	0.0000											
17	21	0.0529	3	1	1	0	1	0	0	0	0	N	N	N	N	N	N	N	N	N	N	N	N	0.0000	0.0002	0.0000	0.0004	0.0006	0.0000	0.0000	inf	0.0000	0.0000	0.0000	0.0000	0.0000	0.0000	0.0000	0.0000	0.0000	0.0000	22.1225	0.0109	171.6337	0.0338	0.0271	0.1218	29.0189	0.0000	199.5519	0.0000	3461.3744	-0.0000	0.7152	0.9996	6.0371	1.7768	11.7316	0.0000	0.0000	0.0000	0.0000	0.0000	0.0000	0.0000	0.0000	0.0000	1.7418	0.0005	1.7413	0.0007	0.0005	0.0002	1.7411	0.0000	1.7411	0.0442	0.0384	0.0058	0.0046	0.0043	0.0003	0.0396	0.0341	0.0055	0.0831	0.0461	0.0370	0.0200	0.0186	0.0014	0.0631	0.0275	0.0355	0.0000	0.0002	0.0000	0.0004	0.0006	0.0000	0.0000	inf	0.0000	20.9616	0.0109	47.1148	0.0338	0.0271	0.1218	27.5992	0.0000	48.9884
17	22	0.1135	8	1	2	0	0	0	0	0	0	N	Y	N	N	N	N	N	N	N	N	N	N	0.1117	0.0596	0.0000	0.0477	0.0445	0.1237	0.0033	0.0000	0.0016	0.0018	0.0000	0.0006	0.0007	0.0000	0.0018	0.0021	0.0000	0.0143	0.0306	0.0000	0.0132	0.0150	0.0000	0.0146	0.6372	0.0000	0.0000	0.0000	-0.0001	-0.0006	0.9996	11.9950	1.7768	7.9469	0.0001	0.0001	0.0000	0.0000	0.0000	0.0000	0.0001	0.0001	0.0000	0.0011	0.0011	0.0000	0.0002	0.0002	0.0000	0.0008	0.0008	0.0000	0.0877	0.0768	0.0108	0.0159	0.0150	0.0009	0.0717	0.0618	0.0099	0.0749	0.0436	0.0313	0.0182	0.0160	0.0022	0.0567	0.0276	0.0291	0.1117	0.0742	0.0000	0.0477	0.0445	0.0000	0.1237	0.0698	0.0000	0.0143	0.0246	0.0000	0.0132	0.0150	0.0000	0.0146	0.0301	0.0000	
17	23	0.2499	14	2	2	0	0	0	0	0	0	Y	Y	N	N	N	N	N	N	N	N	N	N	0.0000	0.0000	0.0000	0.0000	0.0000	0.0000	0.0000	0.0000	0.0000	0.0000	0.0000	0.0000	0.0000	0.0008	0.0000	0.0019	0.0000	0.0000	0.0000	0.0010	0.0000	0.0020	inf	0.0000	0.0000	0.9996	0.0013	1.7768	0.9984	0.0000	0.0000	0.0000	0.0000	0.0000	0.0000	0.0000	0.0000	0.0000	0.0000	0.0000	0.0000	0.0000	0.0000	0.0000	0.0000	0.0000	0.0000	0.0000	0.0000	0.0000	0.0000	0.0000	0.0000	0.0000	0.0000	0.0000	0.0042	0.0024	0.0018	0.0006	0.0005	0.0001	0.0035	0.0018	0.0017	0.0000	0.0000	0.0000	0.0000	0.0000	0.0000	0.0000	0.0000	0.0000	0.0008	0.0000	0.0019	0.0000	0.0000	0.0000	0.0010	0.0000	0.0020						
17	24	0.0506	3	1	2	0	1	0	0	0	0	N	Y	N	N	N	N	N	N	N	N	N	N	0.0118	0.3745	0.0000	0.0035	0.0054	0.0000	0.0097	2436.4670	0.0000	0.0027	0.0031	0.0000	0.0001	0.0001	0.0000	0.0031	0.0036	0.0000	0.2299	0.0083	0.1596	0.0369	0.0252	0.1714	0.3213	0.0000	0.1591	0.0000	14.4023	-0.0000	0.0013	0.9996	6.0729	1.7768	6.2374	0.0001	0.0001	0.0000	0.0000	0.0000	0.0000	0.0001	0.0001	0.0000	0.0039	0.0003	0.0036	0.0004	0.0003	0.0001	0.0035	0.0000	0.0035	0.0484	0.0422	0.0061	0.0067	0.0063	0.0004	0.0416	0.0359	0.0058	0.0528	0.0302	0.0226	0.0108	0.0099	0.0009	0.0420	0.0203	0.0217	0.0371	0.3745	0.0000	0.0035	0.0054	0.0000	0.0380	2436.4670	0.0000	0.0730	0.0083	0.1596	0.0369	0.0252	0.1714	0.0823	0.0000	0.1591
17	25	0.0880	5	2	2	0	0	0	0	0	0	Y	Y	N	N	N	N	N	N	N	N	N	N	0.0203	0.0016	258.1334	0.0471	0.0440	0.0000	0.0176	0.0000	424.5993	0.0004	0.0001	0.0026	0.0004	0.0004	0.0000	0.0004	0.0000	0.0029	0.0190	0.0513	0.0000	0.0086	0.0097	0.0001	0.0217	1.0187	0.0000	4.5055	0.0002	0.0000	-0.0013	0.9996	19.6128	1.7768	15.0566	0.0001	0.0000	0.0000	0.0000	0.0000	0.0000	0.0000	0.0000	0.0000	0.0022	0.0022	0.0000	0.0002	0.0002	0.0000	0.0020	0.0020	0.0000	0.1408	0.1240	0.0168	0.0245	0.0231	0.0014	0.1163	0.1009	0.0154	0.1146	0.0639	0.0506	0.0231	0.0204	0.0028	0.0914	0.0436	0.0478	0.0203	0.0023	258.1334	0.0471	0.0440	0.0000	0.0176	0.0000	424.5993	0.0190	0.0341	0.0000	0.0086	0.0097	0.0001	0.0217	0.0454	0.0000
17	26	0.1308	4	1	1	1	0	0	0	0	0	N	N	N	N	N	N	N	N	N	N	N	N	0.0000	0.0000	0.0000	0.0000	0.0000	0.0000	0.0000	0.0000	0.0000	0.0000	0.0000	0.0000	0.0000	0.0000	0.0000	0.0000	0.0000	0.0000	0.0000	0.0000	0.9996	0.0000	1.7768	0.0000	0.0000	0.0000	0.0000	0.0000	0.0000	0.0000	0.0000	0.0000	0.0000	0.0000	0.0000	0.0000	0.0000	0.0000	0.0000	0.0000	0.0000	0.0000	0.0000	0.0000	0.0000	0.0000	0.0000	0.0000	0.0000	0.0000	0.0000	0.0000	0.0000	0.0000	0.0000	0.0000	0.0000	0.0000	0.0000	0.0000	0.0000	0.0000	0.0000	0.0000	0.0000	0.0000	0.0000	0.0000	0.0000	0.0000	0.0000	0.0000	0.0000	0.0000	0.0000	0.0000	0.0000	0.0000											
17	29	0.0506	3	1	2	0	1	0	0	0	0	N	Y	N	N	N	N	N	N	N	N	N	N	0.4687	0.2382	1.7734	0.0047	0.0055	0.0000	0.6993	3928.2860	1.9958	0.0034	0.0010	0.0198	0.0001	0.0001	0.0000	0.0039	0.0011	0.0211	0.0072	0.0041	0.0112	0.0145	0.0134	0.0260	0.0055	0.0000	0.0106	2.9643	2.1345	0.0001	0.0001	0.9996	12.7698	1.7768	10.8465	0.0003	0.0001	0.0002	0.0000	0.0000	0.0000	0.0003	0.0001	0.0002	0.0007	0.0002	0.0004	0.0002	0.0002	0.0000	0.0004	0.0000	0.0004	0.0951	0.0830	0.0121	0.0120	0.0112	0.0008	0.0831	0.0718	0.0114	0.0913	0.0512	0.0401	0.0172	0.0157	0.0015	0.0741	0.0355	0.0386	0.4687	0.2382	1.7734	0.0047	0.0055	0.0000	0.6993	3928.2860	1.9958	0.0072	0.0041	0.0112	0.0145	0.0134	0.0260	0.0055	0.0000	0.0106
17	30	0.1718	11	2	1	1	0	0	0	0	0	Y	N	N	N	N	N	N	N	N	N	N	N	457.2515	323.3219	0.0000	733.2554	660.0503	0.0000	0.0000	0.0801	0.0912	0.0000	0.3982	0.4254	0.0000	0.0000	0.0000	0.0000	0.0002	0.0003	0.0000	0.0005	0.0006	0.0000	0.0000	0.0000	0.0000	0.0000	0.0822	-0.0025	-0.0000	0.9996	11.8338	1.7768	5.9707	0.0067	0.0067	0.0000	0.0067	0.0067	0.0000	0.0000	0.0000	0.0000	0.0000	0.0000	0.0000	0.0000	0.0000	0.0000	0.0000	0.0000	0.0000	0.0842	0.0740	0.0102	0.0170	0.0159	0.0011	0.0673	0.0581	0.0092	0.0617	0.0354	0.0263	0.0184	0.0155	0.0029	0.0433	0.0199	0.0234	457.2515	323.3219	0.0000	733.2554	660.0503	0.0000	0.0000	0.0000	0.0000	0.0002	0.0003	0.0000	0.0005	0.0006	0.0000	0.0000	0.0000	0.0000		
17	31	0.0506	3	1	1	1	0	0	0	0	0	N	N	N	N	N	N	N	N	N	N	N	N	0.3309	0.2195	0.0000	0.5125	0.5040	0.0000	0.0000	0.0000	0.0000	0.0009	0.0011	0.0000	0.0068	0.0072	0.0000	0.0000	0.0000	0.0000	0.0028	0.0048	0.0000	0.0133	0.0143	0.0003	0.0000	0.0000	0.0000	0.0000	0.0024	-0.0000	-0.0001	0.9996	6.9288	1.7768	3.0309	0.0001	0.0001	0.0000	0.0001	0.0001	0.0000	0.0000	0.0000	0.0000	0.0001	0.0001	0.0000	0.0001	0.0001	0.0000	0.0000	0.0000	0.0000	0.0547	0.0477	0.0070	0.0075	0.0070	0.0004	0.0472	0.0407	0.0065	0.0443	0.0256	0.0187	0.0093	0.0086	0.0007	0.0349	0.0169	0.0180	0.3309	0.2195	0.0000	0.5125	0.5040	0.0000	0.0000	0.0000	0.0000	0.0028	0.0048	0.0000	0.0133	0.0143	0.0003	0.0000	0.0000	0.0000
17	32	0.0406	2	1	1	0	0	0	0	0	0	N	N	N	N	N	N	N	N	N	N	N	N	0.2267	0.1679	0.0065	0.3746	0.4450	0.0010	0.2144	16.4748	0.0072	0.3554	0.4097	0.0001	1.8134	1.9527	0.0000	0.0018	0.0021	0.0001	1.5678	2.4411	0.0141	4.8413	4.3883	0.0307	0.0086	0.0001	0.0137	0.0000	0.0148	-0.0021	-0.0090	0.9996	1.8775	1.7768	3.1058	0.0059	0.0059	0.0000	0.0059	0.0059	0.0000	0.0000	0.0000	0.0000	0.0157	0.0154	0.0002	0.0155	0.0154	0.0000	0.0002	0.0000	0.0002	0.0166	0.0144	0.0022	0.0032	0.0030	0.0002	0.0133	0.0114	0.0020	0.0377	0.0215	0.0162	0.0122	0.0119	0.0004	0.0255	0.0096	0.0159	0.8557	0.5702	0.0065	1.4370	1.5009	0.0010	0.2144	16.4748	0.0072	0.4154	0.7186	0.0141	1.2619	1.3011	0.0307	0.0086	0.0001	0.0137
17	34	0.1361	5	1	2	0	0	0	0	0	0	N	Y	N	N	N	N	N	N	N	N	N	N	0.0000	0.0000	0.0000	0.0000	0.0000	0.0000	0.0000	0.0000	0.0000	0.0000	0.0000	0.0000	0.0000	0.0000	0.0000	0.1262	0.0000	0.1371	0.0095	0.0000	0.0903	0.3402	0.0000	0.1415	inf	0.0000	0.0003	0.9996	0.0019	1.7768	3.0025	0.0000	0.0000	0.0000	0.0000	0.0000	0.0000	0.0000	0.0000	0.0000	0.0007	0.0000	0.0007	0.0000	0.0000	0.0000	0.0007	0.0000	0.0007	0.0001	0.0000	0.0000	0.0000	0.0000	0.0000	0.0000	0.0000	0.0000	0.0122	0.0071	0.0051	0.0042	0.0038	0.0004	0.0080	0.0033	0.0047	0.0000	0.0000	0.0000	0.0000	0.0000	0.0000	0.0000	0.0000	0.0000	0.0575	0.0000	0.1371	0.0095	0.0000	0.0903	0.0828	0.0000	0.1415				
17	35	0.2380	11	2	2	0	0	0	0	0	0	Y	Y	N	N	N	N	N	N	N	N	N	N	0.0000	0.0000	0.0000	0.0000	0.0000	0.0000	0.0000	0.0000	0.0000	0.0000	0.0000	0.0000	0.0000	0.0000	0.0000	0.0000	0.0000	0.0000	0.0000	0.0000	0.9996	1.0000	1.7768	1.9999	0.0000	0.0000	0.0000	0.0000	0.0000	0.0000	0.0000	0.0000	0.0000	0.0000	0.0000	0.0000	0.0000	0.0000	0.0000	0.0000	0.0000	0.0000	0.0071	0.0063	0.0009	0.0017	0.0016	0.0001	0.0054	0.0046	0.0008	0.0104	0.0058	0.0047	0.0021	0.0019	0.0002	0.0083	0.0039	0.0044	0.0000	0.0000	0.0000	0.0000	0.0000	0.0000	0.0000	0.0000	0.0000	0.0000	0.0000	0.0000	0.0000	0.0000	0.0000	0.0000	0.0000	0.0000											
17	36	0.2027	11	1	2	1	0	0	0	0	0	N	Y	N	N	N	N	N	N	N	N	N	N	1.8466	1.0586	0.0000	2.9533	2.6437	0.0000	0.0000	0.0000	0.0310	0.0353	0.0000	0.1277	0.1367	0.0000	0.0000	0.0000	0.0000	0.0168	0.0334	0.0000	0.0432	0.0517	0.0000	0.0001	0.0002	0.0000	0.0000	0.0001	-0.0003	-0.0004	0.9996	3.0341	1.7768	5.2124	0.0007	0.0007	0.0000	0.0007	0.0007	0.0000	0.0000	0.0000	0.0000	0.0006	0.0006	0.0000	0.0006	0.0006	0.0000	0.0000	0.0000	0.0000	0.0238	0.0209	0.0029	0.0058	0.0054	0.0004	0.0180	0.0155	0.0025	0.0357	0.0229	0.0127	0.0138	0.0116	0.0023	0.0219	0.0114	0.0105	1.8466	1.3510	0.0000	2.9533	2.6437	0.0000	0.0000	0.0000	0.0000	0.0168	0.0261	0.0000	0.0432	0.0517	0.0000	0.0001	0.0002	0.0000	
17	37	0.1789	10	1	2	0	0	0	0	0	0	N	Y	N	N	N	N	N	N	N	N	N	N	0.9292	0.6900	0.0000	1.9483	1.7557	0.0000	0.0000	0.0000	0.0000	0.0023	0.0026	0.0000	0.0116	0.0125	0.0000	0.0000	0.0000	0.0000	0.0025	0.0038	0.0007	0.0060	0.0071	0.0000	0.0010	0.0012	0.0008	0.0000	0.1345	-0.0000	-0.0000	0.9996	3.0544	1.7768	4.8962	0.0001	0.0001	0.0000	0.0001	0.0001	0.0000	0.0000	0.0000	0.0000	0.0001	0.0001	0.0000	0.0001	0.0001	0.0000	0.0000	0.0000	0.0000	0.0224	0.0196	0.0028	0.0044	0.0041	0.0003	0.0180	0.0155	0.0025	0.0290	0.0166	0.0124	0.0087	0.0073	0.0014	0.0202	0.0093	0.0110	0.9292	0.6900	0.0000	1.9483	1.7557	0.0000	0.0000	0.0000	0.0000	0.0025	0.0038	0.0007	0.0060	0.0071	0.0000	0.0010	0.0012	0.0008
17	38	0.1361	5	1	1	1	0	0	0	0	0	N	N	N	N	N	N	N	N	N	N	N	N	0.0000	0.0000	0.0000	0.0000	0.0000	0.0000	0.0000	0.0000	0.0000	0.0000	0.0000	0.0000	0.0000	0.0000	0.0001	0.0000	0.0001	0.0001	0.0000	0.0000	0.0000	0.0000	0.0000	0.0000	-0.0000	0.9996	0.9992	1.7768	1.0069	0.0000	0.0000	0.0000	0.0000	0.0000	0.0000	0.0000	0.0000	0.0000	0.0000	0.0000	0.0000	0.0000	0.0000	0.0000	0.0000	0.0000	0.0000	0.0064	0.0056	0.0008	0.0011	0.0010	0.0001	0.0054	0.0046	0.0008	0.0082	0.0048	0.0034	0.0028	0.0025	0.0003	0.0054	0.0022	0.0031	0.0000	0.0000	0.0000	0.0000	0.0000	0.0000	0.0000	0.0000	0.0000	0.0000	0.0001	0.0000	0.0001	0.0001	0.0000	0.0000	0.0000	0.0000						
17	39	0.1308	4	1	1	0	0	0	0	0	0	N	N	N	N	N	N	N	N	N	N	N	N	0.0000	0.0000	0.0000	0.0000	0.0000	0.0000	0.0000	0.0000	0.0000	0.0000	0.0000	0.0000	0.0000	0.0000	0.0000	0.0000	0.0000	0.0000	0.0000	0.0001	0.0000	0.0000	0.0000	0.0000	0.0000	0.0001	34.0000	0.0000	0.0000	0.9996	1.0008	1.7768	0.9987	0.0000	0.0000	0.0000	0.0000	0.0000	0.0000	0.0000	0.0000	0.0000	0.0000	0.0000	0.0000	0.0000	0.0000	0.0000	0.0000	0.0000	0.0000	0.0065	0.0057	0.0008	0.0010	0.0009	0.0001	0.0055	0.0047	0.0008	0.0081	0.0047	0.0034	0.0027	0.0024	0.0003	0.0055	0.0023	0.0032	0.0000	0.0000	0.0000	0.0000	0.0000	0.0000	0.0000	0.0000	0.0000	0.0000	0.0000	0.0001	0.0000	0.0000	0.0000	0.0000	0.0000	0.0001		
17	40	0.0529	3	1	1	0	0	0	0	0	0	N	N	N	N	N	N	N	N	N	N	N	N	0.0002	0.0001	0.0003	0.0004	0.0004	0.0002	1.9068	0.0003	0.0012	0.0000	0.0094	0.0000	0.0000	0.0000	0.0014	0.0000	0.0099	7.1318	0.0098	33.8922	0.0246	0.0268	0.0000	8.9139	0.0000	32.1346	1003.7641	1285.6855	0.0001	0.3256	0.9996	9.0374	1.7768	18.5287	0.0001	0.0000	0.0001	0.0000	0.0000	0.0000	0.0001	0.0000	0.0001	0.7939	0.0006	0.7933	0.0006	0.0006	0.0000	0.7933	0.0000	0.7933	0.0650	0.0565	0.0085	0.0067	0.0063	0.0004	0.0583	0.0502	0.0081	0.1140	0.0630	0.0510	0.0250	0.0230	0.0021	0.0890	0.0400	0.0490	0.0002	0.0001	0.0006	0.0004	0.0004	0.0000	0.0002	1.9068	0.0006	6.9614	0.0098	15.5460	0.0246	0.0268	0.0000	8.9139	0.0000	16.2012	
17	42	0.1135	8	1	1	0	0	0	0	0	0	N	N	N	N	N	N	N	N	N	N	N	N	13490.7867	9968.6118	0.0000	13.8427	14.4317	0.0000	19870022.1015	inf	0.0000	8.2484	9.4041	0.0000	0.0352	0.0374	0.0000	10.0244	11.6108	0.0000	0.0006	0.0009	0.0002	0.0025	0.0026	0.0022	0.0000	0.0000	0.0000	0.0000	0.1195	-0.3597	-0.0000	0.9996	17.0025	1.7768	6.0864	0.9887	0.9887	0.0000	0.0008	0.0008	0.0000	0.9879	0.9879	0.0000	0.0001	0.0000	0.0000	0.0001	0.0000	0.0000	0.0000	0.0000	0.0000	0.1199	0.1051	0.0147	0.0213	0.0200	0.0013	0.0986	0.0851	0.0135	0.0845	0.0489	0.0356	0.0203	0.0178	0.0025	0.0642	0.0311	0.0331	13490.7867	9968.6118	0.0000	13.8427	14.4317	0.0000	19870022.1015	inf	0.0000	0.0006	0.0009	0.0002	0.0025	0.0026	0.0022	0.0000	0.0000	0.0000
17	44	0.1135	8	1	2	0	0	0	0	0	0	N	Y	N	N	N	N	N	N	N	N	N	N	0.0481	0.0000	0.5187	0.0000	0.0000	0.0000	0.0491	0.0000	0.6634	0.0476	0.0000	0.3840	0.0000	0.0000	0.0000	0.0588	0.0000	0.4199	0.9905	0.0145	0.7403	0.0448	0.0393	0.0850	1.1977	0.0000	0.6330	inf	16.6806	0.0016	0.0038	0.9996	6.9958	1.7768	11.8523	0.0026	0.0000	0.0026	0.0000	0.0000	0.0000	0.0026	0.0000	0.0026	0.0107	0.0006	0.0101	0.0008	0.0006	0.0002	0.0099	0.0000	0.0099	0.0538	0.0471	0.0067	0.0102	0.0096	0.0006	0.0435	0.0374	0.0061	0.0715	0.0417	0.0298	0.0175	0.0154	0.0021	0.0540	0.0263	0.0277	0.3185	0.0000	1.1350	0.0000	0.0000	0.0000	0.3205	0.0000	1.1741	0.1495	0.0145	0.3383	0.0448	0.0393	0.0850	0.1835	0.0000	0.3576
17	45	0.1519	9	1	2	0	0	0	0	0	0	N	Y	N	N	N	N	N	N	N	N	N	N	0.9850	0.7095	0.0000	0.0000	0.0000	0.0000	38.2548	2634.5704	0.0000	0.0009	0.0011	0.0000	0.0000	0.0000	0.0000	0.0012	0.0013	0.0000	0.0010	0.0015	0.0002	0.0052	0.0052	0.0047	0.0000	0.0000	0.0001	0.0000	0.1277	-0.0000	-0.0001	0.9996	20.1318	1.7768	17.5118	0.0001	0.0001	0.0000	0.0000	0.0000	0.0000	0.0001	0.0001	0.0000	0.0001	0.0001	0.0000	0.0001	0.0001	0.0000	0.0000	0.0000	0.0000	0.1381	0.1213	0.0168	0.0263	0.0247	0.0017	0.1118	0.0966	0.0152	0.1208	0.0678	0.0530	0.0217	0.0196	0.0021	0.0991	0.0482	0.0509	0.9850	0.7095	0.0000	0.0000	0.0000	0.0000	38.2548	2634.5704	0.0000	0.0010	0.0015	0.0002	0.0052	0.0052	0.0047	0.0000	0.0000	0.0001
17	46	0.1077	5	1	2	0	0	0	0	0	0	N	Y	N	N	N	N	N	N	N	N	N	N	0.0000	0.0000	0.0000	0.0000	0.0000	0.0000	0.0000	0.0000	0.0000	0.0000	0.0000	0.0000	0.0000	0.0000	0.0000	0.0000	0.0000	0.0002	0.0003	0.0000	0.0005	0.0005	0.0000	0.0000	0.0000	0.0000	0.0207	0.0000	-0.0000	0.9996	15.0410	1.7768	10.9147	0.0000	0.0000	0.0000	0.0000	0.0000	0.0000	0.0000	0.0000	0.0000	0.0000	0.0000	0.0000	0.0000	0.0000	0.0000	0.0000	0.0000	0.0000	0.1165	0.1023	0.0142	0.0282	0.0263	0.0019	0.0883	0.0759	0.0124	0.1688	0.0995	0.0693	0.0660	0.0619	0.0041	0.1028	0.0376	0.0652	0.0000	0.0000	0.0000	0.0000	0.0000	0.0000	0.0000	0.0000	0.0000	0.0002	0.0003	0.0000	0.0005	0.0005	0.0000	0.0000	0.0000	0.0000		
17	47	0.1770	12	2	1	1	0	0	0	0	0	Y	N	N	N	N	N	N	N	N	N	N	N	0.1549	0.0321	0.0000	0.2996	0.2700	0.0000	0.0000	0.0000	0.0081	0.0092	0.0000	0.0398	0.0425	0.0000	0.0000	0.0000	0.0000	0.0524	0.2871	0.0000	0.1328	0.1573	0.0000	0.0000	0.0000	0.0000	0.0000	0.0000	-0.0003	-0.0016	0.9996	12.7633	1.7768	6.3722	0.0007	0.0007	0.0000	0.0007	0.0007	0.0000	0.0000	0.0000	0.0000	0.0027	0.0027	0.0000	0.0027	0.0027	0.0000	0.0000	0.0000	0.0000	0.0911	0.0801	0.0110	0.0186	0.0174	0.0012	0.0725	0.0627	0.0098	0.0664	0.0382	0.0281	0.0200	0.0169	0.0031	0.0464	0.0214	0.0250	0.2029	0.1330	0.0000	0.2996	0.2700	0.0000	0.0000	0.0000	0.0000	0.0400	0.0694	0.0000	0.1328	0.1573	0.0000	0.0000	0.0000	0.0000	
17	48	0.1718	11	1	1	0	0	0	0	0	0	N	N	N	N	N	N	N	N	N	N	N	N	0.4526	0.1769	7.9135	0.2682	0.2286	99.9213	1.5777	7.6431	0.0003	0.0002	0.0018	0.0005	0.0006	0.0003	0.0002	0.0000	0.0019	0.0007	0.0011	0.0002	0.0020	0.0024	0.0000	0.0001	0.0000	0.0003	0.8503	0.1548	0.0000	-0.0000	0.9996	0.3513	1.7768	1.9759	0.0000	0.0000	0.0000	0.0000	0.0000	0.0000	0.0000	0.0000	0.0000	0.0000	0.0000	0.0000	0.0000	0.0000	0.0000	0.0000	0.0000	0.0000	0.0045	0.0041	0.0004	0.0015	0.0014	0.0000	0.0030	0.0027	0.0003	0.0088	0.0051	0.0038	0.0027	0.0023	0.0004	0.0061	0.0028	0.0033	0.4526	0.1769	7.9135	0.2682	0.2286	99.9213	1.5777	0.0000	7.6431	0.0007	0.0011	0.0002	0.0020	0.0024	0.0000	0.0001	0.0000	0.0003	
17	49	0.1715	10	1	1	0	0	0	0	0	0	N	N	N	N	N	N	N	N	N	N	N	N	0.2586	0.3332	0.0000	0.7883	0.7120	0.0000	0.0000	0.0005	0.0006	0.0000	0.0027	0.0029	0.0000	0.0000	0.0000	0.0000	0.0021	0.0019	0.0024	0.0035	0.0041	0.0000	0.0015	0.0000	0.0027	0.0000	0.9675	-0.0000	-0.0000	0.9996	0.1669	1.7768	0.0350	0.0000	0.0000	0.0000	0.0000	0.0000	0.0000	0.0000	0.0000	0.0000	0.0000	0.0000	0.0000	0.0000	0.0000	0.0000	0.0000	0.0000	0.0000	0.0012	0.0011	0.0002	0.0002	0.0002	0.0000	0.0010	0.0009	0.0001	0.0008	0.0004	0.0003	0.0002	0.0002	0.0000	0.0005	0.0002	0.0003	0.2586	0.3332	0.0000	0.7883	0.7120	0.0000	0.0000	0.0000	0.0000	0.0021	0.0019	0.0024	0.0035	0.0041	0.0000	0.0015	0.0000	0.0027		
17	50	0.1715	9	1	1	0	0	0	0	0	0	N	N	N	N	N	N	N	N	N	N	N	N	0.0000	0.0000	0.0000	0.0000	0.0000	0.0000	0.0000	0.0000	0.0000	0.0000	0.0000	0.0000	0.0000	0.0000	0.0000	0.0000	0.1655	0.1575	0.0798	0.0858	0.0935	0.0000	0.1065	0.0000	0.0865	1.0000	0.0000	-0.0000	0.9996	0.0010	1.7768	0.0028	0.0000	0.0000	0.0000	0.0000	0.0000	0.0000	0.0000	0.0000	0.0000	0.0000	0.0000	0.0000	0.0000	0.0000	0.0000	0.0000	0.0000	0.0000	0.0000	0.0000	0.0000	0.0000	0.0000	0.0000	0.0000	0.0000	0.0000	0.0000	0.0000	0.0000	0.0000	0.0000	0.0000	0.0000	0.0000	0.0000	0.0000	0.0000	0.0000	0.0000	0.0000	0.0000	0.0000	0.0000	0.0000	0.0661	0.0564	0.0798	0.0858	0.0935	0.0000	0.0538	0.0000	0.0865			
17	51	0.0941	7	1	2	0	1	0	0	0	0	N	Y	N	N	N	N	N	N	N	N	N	N	0.4735	0.0000	3.3757	0.0000	0.0000	0.0000	1.0628	0.0000	3.9152	0.0011	0.0000	0.0086	0.0000	0.0000	0.0000	0.0013	0.0000	0.0094	0.0023	0.0021	0.0026	0.0056	0.0057	0.0048	0.0013	0.0000	0.0024	inf	0.9057	0.0000	-0.0000	0.9996	7.3891	1.7768	13.2142	0.0001	0.0000	0.0001	0.0000	0.0000	0.0000	0.0001	0.0000	0.0001	0.0002	0.0001	0.0001	0.0001	0.0001	0.0000	0.0001	0.0000	0.0001	0.0569	0.0498	0.0072	0.0107	0.0101	0.0006	0.0462	0.0397	0.0066	0.0778	0.0446	0.0331	0.0187	0.0165	0.0022	0.0591	0.0281	0.0310	0.4735	0.0000	3.3757	0.0000	0.0000	0.0000	1.0628	0.0000	3.9152	0.0023	0.0021	0.0026	0.0056	0.0057	0.0048	0.0013	0.0000	0.0024
17	52	0.0880	6	1	2	0	0	0	0	0	0	N	Y	N	N	N	N	N	N	N	N	N	N	0.9295	9.9379	0.0000	13.6050	15.0620	0.0000	0.0416	19166.1203	0.0000	0.0283	0.0322	0.0000	0.1433	0.1514	0.0000	0.0017	0.0020	0.0000	0.0305	0.0032	0.0635	0.0105	0.0101	0.0141	0.0411	0.0000	0.0664	0.0000	15.5629	-0.0010	0.0009	0.9996	12.1779	1.7768	13.0455	0.0027	0.0027	0.0000	0.0025	0.0025	0.0000	0.0001	0.0001	0.0000	0.0026	0.0002	0.0025	0.0002	0.0002	0.0000	0.0024	0.0000	0.0024	0.0937	0.0826	0.0111	0.0176	0.0167	0.0009	0.0761	0.0659	0.0102	0.0872	0.0487	0.0386	0.0178	0.0157	0.0021	0.0694	0.0330	0.0364	0.9477	9.9379	0.0000	13.6050	15.0620	0.0000	0.0491	19166.1203	0.0000	0.0299	0.0032	0.0635	0.0105	0.0101	0.0141	0.0349	0.0000	0.0664
17	53	0.1789	10	1	2	0	0	0	0	0	0	N	Y	N	N	N	N	N	N	N	N	N	N	0.0000	0.0000	0.0000	0.0000	0.0000	0.0000	0.0000	0.0000	0.0000	0.0000	0.0000	0.0000	0.0000	0.0000	0.0000	0.0000	0.0000	0.0000	0.0000	0.0000	0.0000	0.0000	0.0000	0.0000	inf	0.0000	0.0000	0.9996	3.0001	1.7768	3.0003	0.0000	0.0000	0.0000	0.0000	0.0000	0.0000	0.0000	0.0000	0.0000	0.0000	0.0000	0.0000	0.0000	0.0000	0.0000	0.0000	0.0000	0.0000	0.0220	0.0193	0.0028	0.0044	0.0041	0.0003	0.0177	0.0152	0.0025	0.0221	0.0126	0.0094	0.0067	0.0056	0.0011	0.0154	0.0070	0.0084	0.0000	0.0000	0.0000	0.0000	0.0000	0.0000	0.0000	0.0000	0.0000	0.0000	0.0000	0.0000	0.0000	0.0000	0.0000	0.0000	0.0000	0.0000				
17	54	0.1715	9	1	1	0	0	0	0	0	0	N	N	N	N	N	N	N	N	N	N	N	N	0.0000	0.0000	0.0000	0.0000	0.0000	0.0000	0.0000	0.0000	0.0000	0.0000	0.0000	0.0000	0.0000	0.0000	0.0000	0.0000	0.0001	0.0000	0.0002	0.0000	0.0000	0.0000	0.0001	0.0000	0.0002	57.6890	0.0000	0.0000	0.9996	1.9998	1.7768	1.0017	0.0000	0.0000	0.0000	0.0000	0.0000	0.0000	0.0000	0.0000	0.0000	0.0000	0.0000	0.0000	0.0000	0.0000	0.0000	0.0000	0.0000	0.0000	0.0147	0.0129	0.0019	0.0029	0.0027	0.0002	0.0118	0.0102	0.0017	0.0112	0.0064	0.0048	0.0034	0.0028	0.0005	0.0078	0.0036	0.0043	0.0000	0.0000	0.0000	0.0000	0.0000	0.0000	0.0000	0.0000	0.0000	0.0001	0.0000	0.0002	0.0000	0.0000	0.0000	0.0001	0.0000	0.0002			
17	55	0.1135	8	1	1	0	0	0	0	0	0	N	N	N	N	N	N	N	N	N	N	N	N	0.0000	0.0002	0.0000	0.0005	0.0004	0.0000	0.0000	0.0000	0.0000	0.0000	0.0000	0.0000	0.0000	0.0000	0.0000	0.0000	0.0000	0.0517	0.0020	0.0928	0.0048	0.0054	0.0000	0.0913	0.0000	0.0999	0.0000	32.8281	-0.0000	0.0010	0.9996	8.0033	1.7768	9.9473	0.0000	0.0000	0.0000	0.0000	0.0000	0.0000	0.0000	0.0000	0.0000	0.0027	0.0001	0.0026	0.0001	0.0001	0.0000	0.0026	0.0000	0.0026	0.0607	0.0532	0.0075	0.0114	0.0108	0.0006	0.0493	0.0425	0.0069	0.0687	0.0401	0.0285	0.0169	0.0149	0.0020	0.0518	0.0252	0.0265	0.0000	0.0002	0.0000	0.0005	0.0004	0.0000	0.0000	0.0000	0.0000	0.0398	0.0020	0.0928	0.0048	0.0054	0.0000	0.0512	0.0000	0.0999	
17	56	0.1291	6	1	2	0	0	0	0	0	0	N	Y	N	N	N	N	N	N	N	N	N	N	0.0049	18.9901	0.0170	0.0041	0.0054	0.0000	0.0053	494.3623	0.0233	0.0066	0.0036	0.0283	0.0000	0.0000	0.0000	0.0084	0.0047	0.0317	1.3328	0.0002	1.6682	0.0004	0.0003	0.0012	1.5750	0.0000	1.3634	1.0926	2334.3171	0.0000	0.0091	0.9996	5.0156	1.7768	9.5596	0.0002	0.0001	0.0001	0.0000	0.0000	0.0000	0.0002	0.0001	0.0001	0.0222	0.0000	0.0222	0.0000	0.0000	0.0000	0.0222	0.0000	0.0222	0.0377	0.0331	0.0046	0.0083	0.0078	0.0005	0.0294	0.0254	0.0041	0.0843	0.0505	0.0338	0.0342	0.0313	0.0029	0.0502	0.0192	0.0309	0.0249	18.9901	0.0430	0.0041	0.0054	0.0000	0.0190	494.3623	0.0441	0.2637	0.0002	0.6579	0.0004	0.0003	0.0012	0.4430	0.0000	0.7186
17	57	0.1077	5	1	2	0	0	0	0	0	0	N	Y	N	N	N	N	N	N	N	N	N	N	0.0358	4.3780	0.0000	0.3209	0.3413	0.0000	0.0332	3619.7620	0.0000	0.2240	0.2558	0.0001	0.0163	0.0175	0.0000	0.3182	0.3742	0.0001	6.2602	0.0584	29.0859	0.0509	0.0514	0.0393	9.5869	0.0001	26.9205	0.0000	239.3982	-0.0042	0.2805	0.9996	5.2776	1.7768	4.9316	0.0117	0.0117	0.0000	0.0003	0.0003	0.0000	0.0114	0.0114	0.0000	0.6897	0.0029	0.6868	0.0030	0.0029	0.0001	0.6867	0.0000	0.6867	0.0520	0.0456	0.0065	0.0162	0.0151	0.0011	0.0358	0.0304	0.0054	0.1296	0.0775	0.0521	0.0580	0.0558	0.0022	0.0716	0.0217	0.0499	0.0421	6.9117	0.0000	0.3209	0.3413	0.0000	0.0332	3619.7620	0.0000	5.3194	0.0370	13.1770	0.0509	0.0514	0.0393	9.5869	0.0001	13.7621
17	58	0.0797	4	1	1	0	0	0	0	0	0	N	N	N	N	N	N	N	N	N	N	N	N	7.4550	11.5596	0.0004	0.0010	0.0012	0.0005	8.3140	21029.6599	0.0005	20.3279	23.3086	0.0038	0.0023	0.0025	0.0000	24.0259	27.8982	0.0041	2.7268	2.0164	9.5028	2.4483	2.1871	0.0693	2.8898	0.0013	8.8186	0.0000	9.8029	-0.3550	0.0358	0.9996	6.4383	1.7768	5.2340	0.9760	0.9760	0.0000	0.0000	0.0000	0.0000	0.9760	0.9760	0.0000	0.1126	0.0104	0.1022	0.0105	0.0104	0.0001	0.1021	0.0000	0.1021	0.0480	0.0419	0.0061	0.0074	0.0069	0.0005	0.0406	0.0350	0.0056	0.0570	0.0331	0.0239	0.0156	0.0144	0.0012	0.0414	0.0187	0.0227	10.2909	73.9961	0.0009	0.0035	0.0035	0.0005	9.7376	21800.4200	0.0009	1.9753	0.3150	4.2727	0.6712	0.7206	0.0693	2.4673	0.0013	4.4914
17	63	0.1929	11	2	2	0	1	0	0	0	0	Y	Y	N	N	N	N	N	N	N	N	N	N	1.9947	7.1308	inf	inf	0.0000	0.0000	0.0000	0.0000	0.0000	0.0000	0.0000	0.0000	0.0000	0.0000	0.0000	0.0000	0.0000	0.0000	0.0000	0.0000	0.0000	0.0000	0.0000	0.0000	inf	inf	0.0000	0.0000	0.9996	2.0000	1.7768	2.0002	0.0000	0.0000	0.0000	0.0000	0.0000	0.0000	0.0000	0.0000	0.0000	0.0000	0.0000	0.0000	0.0000	0.0000	0.0000	0.0000	0.0000	0.0000	0.0148	0.0130	0.0018	0.0031	0.0029	0.0002	0.0117	0.0101	0.0016	0.0148	0.0083	0.0065	0.0032	0.0028	0.0004	0.0116	0.0055	0.0061	1.9947	0.0000	7.1308	inf	0.0000	inf	0.0000	0.0000	0.0000	0.0000	0.0000	0.0000	0.0000	0.0000	0.0000	0.0000	0.0000	0.0000			
17	64	0.2086	15	1	2	0	1	0	0	0	0	N	Y	N	N	N	N	N	N	N	N	N	N	0.0000	0.0000	0.0000	0.0000	0.0000	0.0000	0.0000	0.0000	0.0000	0.0000	0.0000	0.0000	0.0000	0.0000	0.0000	0.0000	0.0000	0.0000	0.0000	0.0000	0.0000	0.0000	0.0000	0.0000	0.0000	0.5581	0.0000	-0.0000	0.9996	2.0059	1.7768	4.8036	0.0000	0.0000	0.0000	0.0000	0.0000	0.0000	0.0000	0.0000	0.0000	0.0000	0.0000	0.0000	0.0000	0.0000	0.0000	0.0000	0.0000	0.0000	0.0150	0.0132	0.0018	0.0034	0.0032	0.0002	0.0116	0.0100	0.0016	0.0249	0.0142	0.0107	0.0057	0.0051	0.0006	0.0192	0.0091	0.0101	0.0000	0.0000	0.0000	0.0000	0.0000	0.0000	0.0000	0.0000	0.0000	0.0000	0.0000	0.0000	0.0000	0.0000	0.0000	0.0000	0.0000	0.0000			
17	65	0.2058	13	1	2	0	0	0	0	0	0	N	Y	N	N	N	N	N	N	N	N	N	N	0.0036	0.0023	0.0000	0.0039	0.0037	0.0000	0.0000	0.0000	0.0000	0.0000	0.0000	0.0000	0.0001	0.0001	0.0000	0.0000	0.0000	0.0000	0.0066	0.0116	0.0000	0.0255	0.0281	0.0001	0.0000	0.0000	0.0000	0.0000	0.0013	-0.0000	-0.0000	0.9996	0.9804	1.7768	0.2754	0.0000	0.0000	0.0000	0.0000	0.0000	0.0000	0.0000	0.0000	0.0000	0.0000	0.0000	0.0000	0.0000	0.0000	0.0000	0.0000	0.0000	0.0000	0.0077	0.0068	0.0009	0.0019	0.0018	0.0001	0.0059	0.0051	0.0008	0.0052	0.0029	0.0023	0.0013	0.0012	0.0001	0.0039	0.0017	0.0022	0.0036	0.0023	0.0000	0.0039	0.0037	0.0000	0.0000	0.0000	0.0000	0.0066	0.0116	0.0000	0.0255	0.0281	0.0001	0.0000	0.0000	0.0000
17	66	0.2036	14	1	1	1	1	0	0	0	0	N	N	N	N	N	N	N	N	N	N	N	N	0.0000	0.0000	0.0000	0.0000	0.0000	0.0000	0.0000	0.0000	0.0000	0.0000	0.0000	0.0000	0.0000	0.0000	0.0000	0.0000	0.0000	0.0000	0.0000	0.0000	0.0000	0.0000	0.0000	0.0000	0.0000	0.0133	0.0000	-0.0000	0.9996	0.9437	1.7768	4.8091	0.0000	0.0000	0.0000	0.0000	0.0000	0.0000	0.0000	0.0000	0.0000	0.0000	0.0000	0.0000	0.0000	0.0000	0.0000	0.0000	0.0000	0.0000	0.0098	0.0086	0.0012	0.0032	0.0030	0.0002	0.0066	0.0056	0.0011	0.0218	0.0125	0.0093	0.0050	0.0045	0.0005	0.0168	0.0080	0.0088	0.0000	0.0000	0.0000	0.0000	0.0000	0.0000	0.0000	0.0000	0.0000	0.0000	0.0000	0.0000	0.0000	0.0000	0.0000	0.0000	0.0000	0.0000			
17	67	0.1966	13	1	1	1	1	0	0	0	0	N	N	N	N	N	N	N	N	N	N	N	N	0.0000	0.0000	0.0000	0.0000	0.0000	0.0000	0.0000	0.0000	0.0000	0.0000	0.0000	0.0000	0.0000	0.0000	0.0000	0.0000	0.0000	0.0000	0.0000	0.0000	0.0000	0.0000	0.0000	0.0000	0.0000	2.2197	0.0000	0.0000	0.9996	4.0088	1.7768	5.0246	0.0000	0.0000	0.0000	0.0000	0.0000	0.0000	0.0000	0.0000	0.0000	0.0000	0.0000	0.0000	0.0000	0.0000	0.0000	0.0000	0.0000	0.0000	0.0294	0.0258	0.0036	0.0062	0.0059	0.0004	0.0232	0.0199	0.0032	0.0330	0.0187	0.0143	0.0072	0.0064	0.0008	0.0258	0.0123	0.0135	0.0000	0.0000	0.0000	0.0000	0.0000	0.0000	0.0000	0.0000	0.0000	0.0000	0.0000	0.0000	0.0000	0.0000	0.0000	0.0000	0.0000	0.0000			
17	68	0.2086	15	1	1	1	1	0	0	0	0	N	N	N	N	N	N	N	N	N	N	N	N	0.0000	0.0000	0.0000	0.0000	0.0000	0.0000	0.0000	0.0000	0.0000	0.0000	0.0000	0.0000	0.0000	0.0000	0.0000	0.0000	0.0000	0.0000	0.0000	0.0000	0.0000	0.0000	0.0000	0.0000	0.0000	0.0000	1.2209	0.0000	-0.0000	0.9996	1.0064	1.7768	4.2000	0.0000	0.0000	0.0000	0.0000	0.0000	0.0000	0.0000	0.0000	0.0000	0.0000	0.0000	0.0000	0.0000	0.0000	0.0000	0.0000	0.0000	0.0000	0.0076	0.0067	0.0009	0.0017	0.0016	0.0001	0.0059	0.0050	0.0008	0.0194	0.0111	0.0083	0.0045	0.0040	0.0005	0.0149	0.0071	0.0078	0.0000	0.0000	0.0000	0.0000	0.0000	0.0000	0.0000	0.0000	0.0000	0.0000	0.0000	0.0000	0.0000	0.0000	0.0000	0.0000	0.0000	0.0000		
17	69	0.2036	14	1	1	0	1	0	0	0	0	N	N	N	N	N	N	N	N	N	N	N	N	0.0000	0.0000	0.0000	0.0000	0.0000	0.0000	0.0000	0.0000	0.0000	0.0000	0.0000	0.0000	0.0000	0.0000	0.0000	0.0000	0.0000	0.0000	0.0000	0.0001	0.0001	0.0000	0.0000	0.0000	0.0000	0.0812	0.0000	-0.0000	0.9996	1.2889	1.7768	0.3511	0.0000	0.0000	0.0000	0.0000	0.0000	0.0000	0.0000	0.0000	0.0000	0.0000	0.0000	0.0000	0.0000	0.0000	0.0000	0.0000	0.0000	0.0000	0.0124	0.0108	0.0015	0.0037	0.0035	0.0002	0.0086	0.0073	0.0013	0.0070	0.0042	0.0028	0.0018	0.0017	0.0001	0.0052	0.0025	0.0027	0.0000	0.0000	0.0000	0.0000	0.0000	0.0000	0.0000	0.0000	0.0000	0.0000	0.0000	0.0000	0.0001	0.0001	0.0000	0.0000	0.0000	0.0000			
17	70	0.1966	13	1	1	0	1	0	0	0	0	N	N	N	N	N	N	N	N	N	N	N	N	0.0000	0.0000	0.0000	0.0000	0.0000	0.0000	0.0000	0.0000	0.0000	0.0000	0.0000	0.0000	0.0000	0.0000	0.0000	0.0000	0.0000	0.0012	0.0021	0.0000	0.0052	0.0058	0.0000	0.0000	0.0000	0.0000	0.0055	0.0000	-0.0000	0.9996	0.7777	1.7768	1.1718	0.0000	0.0000	0.0000	0.0000	0.0000	0.0000	0.0000	0.0000	0.0000	0.0000	0.0000	0.0000	0.0000	0.0000	0.0000	0.0000	0.0000	0.0000	0.0059	0.0051	0.0007	0.0013	0.0012	0.0001	0.0046	0.0039	0.0006	0.0078	0.0045	0.0033	0.0018	0.0017	0.0002	0.0060	0.0029	0.0031	0.0000	0.0000	0.0000	0.0000	0.0000	0.0000	0.0000	0.0000	0.0000	0.0012	0.0021	0.0000	0.0052	0.0058	0.0000	0.0000	0.0000	0.0000		
17	71	0.1929	12	1	1	0	1	0	0	0	0	N	N	N	N	N	N	N	N	N	N	N	N	0.0032	0.0000	0.0600	0.0047	0.0000	inf	0.0000	0.0000	0.0000	0.0000	0.0000	0.0000	0.0000	0.0000	0.0000	0.0000	0.0000	0.0000	0.0001	0.0001	0.0000	0.0003	0.0004	0.0000	0.0000	0.0000	0.0000	inf	0.2327	0.0000	-0.0000	0.9996	0.9929	1.7768	0.0325	0.0000	0.0000	0.0000	0.0000	0.0000	0.0000	0.0000	0.0000	0.0000	0.0000	0.0000	0.0000	0.0000	0.0000	0.0000	0.0000	0.0000	0.0000	0.0074	0.0065	0.0009	0.0016	0.0015	0.0001	0.0058	0.0050	0.0008	0.0038	0.0022	0.0017	0.0008	0.0007	0.0001	0.0030	0.0014	0.0016	0.0032	0.0000	0.0600	0.0047	0.0000	inf	0.0000	0.0000	0.0000	0.0001	0.0001	0.0000	0.0003	0.0004	0.0000	0.0000	0.0000	0.0000
17	72	0.2380	11	2	2	0	0	0	0	0	0	Y	Y	N	N	N	N	N	N	N	N	N	N	0.0000	0.0000	0.0000	0.0000	0.0000	0.0000	0.0000	0.0000	0.0000	0.0000	0.0000	0.0000	0.0000	0.0000	0.0000	0.0000	0.0000	0.0000	0.0000	0.0000	0.9996	0.0000	1.7768	0.0001	0.0000	0.0000	0.0000	0.0000	0.0000	0.0000	0.0000	0.0000	0.0000	0.0000	0.0000	0.0000	0.0000	0.0000	0.0000	0.0000	0.0000	0.0000	0.0000	0.0000	0.0000	0.0000	0.0000	0.0000	0.0000	0.0000	0.0000	0.0000	0.0000	0.0000	0.0000	0.0000	0.0000	0.0000	0.0000	0.0000	0.0000	0.0000	0.0000	0.0000	0.0000	0.0000	0.0000	0.0000	0.0000	0.0000	0.0000	0.0000	0.0000	0.0000	0.0000	0.0000	0.0000	0.0000											
17	73	0.1747	10	2	2	0	0	0	0	0	0	Y	Y	N	N	N	N	N	N	N	N	N	N	880.0975	581.2508	22.2143	991.4295	937.5678	0.1858	11.4451	0.0000	43.4031	0.1258	0.1436	0.0001	0.6455	0.6842	0.0000	0.0000	0.0000	0.0001	0.0001	0.0002	0.0000	0.0007	0.0007	0.0000	0.0000	0.0000	0.0000	0.0001	0.0184	-0.0033	-0.0000	0.9996	9.9619	1.7768	7.0378	0.0091	0.0090	0.0000	0.0090	0.0090	0.0000	0.0000	0.0000	0.0000	0.0000	0.0000	0.0000	0.0000	0.0000	0.0000	0.0000	0.0000	0.0000	0.0719	0.0630	0.0090	0.0140	0.0132	0.0008	0.0579	0.0498	0.0082	0.0601	0.0341	0.0260	0.0131	0.0115	0.0015	0.0470	0.0226	0.0244	880.0975	581.2508	22.2143	991.4295	937.5678	0.1858	11.4451	0.0000	43.4031	0.0001	0.0002	0.0000	0.0007	0.0007	0.0000	0.0000	0.0000	0.0000
17	74	0.1866	10	1	2	0	0	0	0	0	0	N	Y	N	N	N	N	N	N	N	N	N	N	0.5756	0.1711	0.0000	74.5377	68.7179	0.0000	0.0000	0.0000	0.0000	0.1301	0.1479	0.0000	0.4731	0.5027	0.0000	0.0000	0.0000	0.0000	0.2261	0.8646	0.0000	0.0063	0.0073	0.0000	0.4562	2.0281	0.0000	0.0000	0.0002	-0.0029	-0.0014	0.9996	7.0442	1.7768	2.0273	0.0079	0.0079	0.0000	0.0079	0.0079	0.0000	0.0000	0.0000	0.0000	0.0024	0.0024	0.0000	0.0000	0.0000	0.0000	0.0024	0.0024	0.0000	0.0606	0.0533	0.0073	0.0167	0.0157	0.0010	0.0439	0.0376	0.0063	0.0329	0.0183	0.0146	0.0073	0.0064	0.0010	0.0255	0.0119	0.0136	1.7829	1.1263	0.0000	74.5377	68.7179	0.0000	0.0000	0.0000	0.0000	0.0730	0.1313	0.0000	0.0063	0.0073	0.0000	0.0922	0.1976	0.0000
17	75	0.1626	9	1	2	0	0	0	0	0	0	N	Y	N	N	N	N	N	N	N	N	N	N	98.6460	34.3636	1174.1451	214.5928	199.0139	2.3141	68.8011	0.0207	1215.2094	0.3714	0.1897	1.7151	0.6836	0.7144	0.0002	0.2706	0.0004	1.8815	0.0038	0.0055	0.0015	0.0032	0.0036	0.0001	0.0039	0.0192	0.0015	1.2224	0.2016	0.0026	-0.0000	0.9996	4.3369	1.7768	3.0972	0.0141	0.0064	0.0078	0.0063	0.0063	0.0000	0.0078	0.0000	0.0078	0.0001	0.0001	0.0000	0.0000	0.0000	0.0000	0.0001	0.0001	0.0000	0.0380	0.0335	0.0045	0.0093	0.0089	0.0004	0.0287	0.0246	0.0041	0.0276	0.0157	0.0119	0.0062	0.0055	0.0007	0.0214	0.0102	0.0112	98.6460	34.3636	1174.1451	214.5928	199.0139	2.3141	68.8011	0.0608	1215.2094	0.0038	0.0055	0.0015	0.0032	0.0036	0.0001	0.0039	0.0066	0.0015
17	76	0.2499	14	2	2	0	0	0	0	0	0	Y	Y	N	N	N	N	N	N	N	N	N	N	0.0000	0.0000	0.0000	0.0000	0.0000	0.0000	0.0000	0.0000	0.0000	0.0000	0.0000	0.0000	0.0000	0.0004	0.0000	0.0010	0.0000	0.0000	0.0000	0.0005	0.0000	0.0010	inf	0.0000	0.0000	0.9996	1.9992	1.7768	0.0055	0.0000	0.0000	0.0000	0.0000	0.0000	0.0000	0.0000	0.0000	0.0000	0.0000	0.0000	0.0000	0.0000	0.0000	0.0000	0.0000	0.0000	0.0000	0.0197	0.0174	0.0023	0.0049	0.0046	0.0003	0.0148	0.0128	0.0020	0.0083	0.0047	0.0036	0.0013	0.0010	0.0002	0.0070	0.0037	0.0034	0.0000	0.0000	0.0000	0.0000	0.0000	0.0000	0.0000	0.0000	0.0000	0.0004	0.0000	0.0010	0.0000	0.0000	0.0000	0.0005	0.0000	0.0010						
17	77	0.2058	13	2	2	0	0	0	0	0	0	Y	Y	N	N	N	N	N	N	N	N	N	N	0.0000	11.7579	0.0000	16.2775	17.4093	0.0000	0.0000	0.0000	0.0000	0.0000	0.0000	0.0000	0.0000	0.0000	0.0000	0.0000	0.5925	0.0000	0.3824	0.0000	0.0000	0.0000	0.9023	0.0000	0.3281	0.0000	441277.3625	-0.0000	0.0011	0.9996	5.0219	1.7768	2.0148	0.0000	0.0000	0.0000	0.0000	0.0000	0.0000	0.0000	0.0000	0.0000	0.0026	0.0000	0.0026	0.0000	0.0000	0.0000	0.0026	0.0000	0.0026	0.0370	0.0325	0.0044	0.0085	0.0080	0.0005	0.0285	0.0246	0.0039	0.0257	0.0145	0.0112	0.0059	0.0053	0.0006	0.0198	0.0092	0.0106	0.0000	11.7579	0.0000	16.2775	17.4093	0.0000	0.0000	0.0000	0.0000	0.1029	0.0000	0.2355	0.0000	0.0000	0.0000	0.1335	0.0000	0.2498		
17	78	0.1929	12	1	2	0	0	0	0	0	0	N	Y	N	N	N	N	N	N	N	N	N	N	12.7751	1551.2994	0.0049	5751.5441	5542.8804	0.0000	0.0014	0.0000	0.0051	0.0316	0.0360	0.0000	0.1501	0.1593	0.0000	0.0000	0.0000	0.0000	0.0025	0.0000	0.0056	0.0000	0.0000	0.0000	0.0031	0.0000	0.0060	0.0001	188.3589	-0.0001	0.0000	0.9996	1.0203	1.7768	2.7327	0.0002	0.0002	0.0000	0.0002	0.0002	0.0000	0.0000	0.0000	0.0000	0.0000	0.0000	0.0000	0.0000	0.0000	0.0000	0.0000	0.0000	0.0000	0.0076	0.0067	0.0009	0.0016	0.0015	0.0001	0.0060	0.0052	0.0008	0.0139	0.0078	0.0061	0.0030	0.0026	0.0003	0.0109	0.0052	0.0057	12.7751	1551.2994	0.0049	5751.5441	5542.8804	0.0000	0.0014	0.0000	0.0051	0.0025	0.0000	0.0056	0.0000	0.0000	0.0000	0.0031	0.0000	0.0060
17	79	0.1929	11	1	1	0	0	0	0	0	0	N	N	N	N	N	N	N	N	N	N	N	N	97.9638	75.0360	325.2250	195.6505	98.3188	inf	0.0000	0.0000	0.0130	0.0072	0.0710	0.0334	0.0172	0.5700	0.0000	0.0000	0.0000	0.0001	0.0001	0.0002	0.0002	0.0002	0.0000	0.0001	0.0000	0.0002	1.0000	1.0000	0.0000	-0.0000	0.9996	0.0000	1.7768	0.0018	0.0000	0.0000	0.0000	0.0000	0.0000	0.0000	0.0000	0.0000	0.0000	0.0000	0.0000	0.0000	0.0000	0.0000	0.0000	0.0000	0.0000	0.0000	0.0000	0.0000	0.0000	0.0000	0.0000	0.0000	0.0000	0.0000	0.0000	0.0000	0.0000	0.0000	0.0000	0.0000	0.0000	0.0000	0.0000	0.0000	97.9638	75.0360	325.2250	195.6505	98.3188	inf	0.0000	0.0000	0.0000	0.0001	0.0001	0.0002	0.0002	0.0002	0.0000	0.0001	0.0000	0.0002	
17	80	0.1747	10	1	1	0	0	0	0	0	0	N	N	N	N	N	N	N	N	N	N	N	N	83687.4595	0.0001	48932148.7584	1.8143	0.0002	3062.6218	15331490.7736	0.0000	65119693.8552	40.6434	0.0000	316.2205	0.0040	0.0000	0.0767	51.3192	0.0000	344.9616	0.0005	0.0008	0.0000	0.0022	0.0025	0.0000	0.0000	0.0000	0.0000	407879720.9372	0.0058	0.6228	-0.0000	0.9996	3.0825	1.7768	2.0124	0.9789	0.0000	0.9789	0.0000	0.0000	0.0000	0.9789	0.0000	0.9789	0.0000	0.0000	0.0000	0.0000	0.0000	0.0000	0.0000	0.0000	0.0000	0.0241	0.0210	0.0031	0.0050	0.0048	0.0003	0.0191	0.0162	0.0028	0.0193	0.0110	0.0083	0.0043	0.0038	0.0005	0.0150	0.0072	0.0078	83687.4595	0.0001	48932148.7584	1.8143	0.0002	3062.6218	15331490.7736	0.0000	65119693.8552	0.0005	0.0008	0.0000	0.0022	0.0025	0.0000	0.0000	0.0000	0.0000
17	81	0.1626	9	1	1	0	0	0	0	0	0	N	N	N	N	N	N	N	N	N	N	N	N	223.3052	82.4899	1683.8455	121.6580	112.7155	1.8383	432.7951	2.6078	1743.0114	0.4620	0.2140	2.3098	0.7481	0.7799	0.0003	0.3657	0.0005	2.5288	0.0021	0.0026	0.0014	0.0061	0.0069	0.0002	0.0008	0.0002	0.0015	1.4486	0.3985	0.0035	-0.0000	0.9996	3.6751	1.7768	0.0788	0.0154	0.0063	0.0091	0.0063	0.0063	0.0000	0.0091	0.0000	0.0091	0.0000	0.0000	0.0000	0.0000	0.0000	0.0000	0.0000	0.0000	0.0000	0.0333	0.0294	0.0039	0.0084	0.0080	0.0003	0.0249	0.0213	0.0036	0.0144	0.0082	0.0062	0.0033	0.0030	0.0004	0.0111	0.0053	0.0058	223.3052	82.4899	1683.8455	121.6580	112.7155	1.8383	432.7951	2.6078	1743.0114	0.0021	0.0026	0.0014	0.0061	0.0069	0.0002	0.0008	0.0002	0.0015
17	82	0.1135	8	1	1	0	0	0	0	0	0	N	N	N	N	N	N	N	N	N	N	N	N	67.5572	0.0971	821.9040	0.1897	0.1941	0.0274	251.3965	0.0009	1109.7950	0.1007	0.0002	0.8105	0.0008	0.0009	0.0001	0.1236	0.0000	0.8865	0.0015	0.0018	0.0010	0.0044	0.0046	0.0034	0.0005	0.0002	0.0008	642.8786	0.3707	0.0041	-0.0000	0.9996	8.5011	1.7768	5.2406	0.0065	0.0000	0.0064	0.0000	0.0000	0.0000	0.0064	0.0000	0.0064	0.0001	0.0001	0.0000	0.0001	0.0001	0.0000	0.0000	0.0000	0.0000	0.0642	0.0562	0.0080	0.0120	0.0113	0.0007	0.0522	0.0449	0.0073	0.0550	0.0325	0.0225	0.0139	0.0123	0.0016	0.0411	0.0202	0.0209	67.5572	0.0971	821.9040	0.1897	0.1941	0.0274	251.3965	0.0009	1109.7950	0.0015	0.0018	0.0010	0.0044	0.0046	0.0034	0.0005	0.0002	0.0008
18	20	0.2032	12	0	2	1	1	0	0	0	0	N	Y	N	N	N	N	N	N	N	N	N	N	0.0000	0.0000	0.0000	0.0000	0.0000	0.0000	0.0000	0.0000	0.0000	0.0000	0.0000	0.0000	0.0000	0.0000	0.0000	0.0000	0.0000	0.0000	0.0000	0.0000	4.7641	0.0000	2.0666	0.0000	0.0000	0.0000	0.0000	0.0000	0.0000	0.0000	0.0000	0.0000	0.0000	0.0000	0.0000	0.0000	0.0000	0.0000	0.0000	0.0000	0.0000	0.0000	0.0000	0.0000	0.0000	0.0000	0.0000	0.0000	0.0000	0.0000	0.0000	0.0000	0.0000	0.0000	0.0000	0.0000	0.0000	0.0000	0.0000	0.0000	0.0000	0.0000	0.0000	0.0000	0.0000	0.0000	0.0000	0.0000	0.0000	0.0000	0.0000	0.0000	0.0000	0.0000	0.0000	0.0000	0.0000	0.0000											
18	21	0.1597	11	0	1	0	1	0	0	0	0	N	N	N	N	N	N	N	N	N	N	N	N	0.0000	0.0000	0.0000	0.0000	0.0000	0.0000	0.0000	0.0000	0.0000	0.0000	0.0000	0.0000	0.0000	0.0000	0.0000	0.0000	0.0000	0.0001	0.0001	0.0000	0.0005	0.0000	0.0000	0.0000	inf	0.0000	0.0000	4.7641	6.0371	2.0666	11.7316	0.0000	0.0000	0.0000	0.0000	0.0000	0.0000	0.0000	0.0000	0.0000	0.0000	0.0000	0.0000	0.0000	0.0000	0.0000	0.0000	0.0000	0.0000	0.2220	0.1951	0.0269	0.0321	0.0305	0.0016	0.1899	0.1646	0.0252	0.1504	0.0897	0.0607	0.0419	0.0338	0.0082	0.1084	0.0559	0.0525	0.0000	0.0000	0.0000	0.0000	0.0000	0.0000	0.0000	0.0000	0.0000	0.0000	0.0000	0.0001	0.0001	0.0000	0.0005	0.0000	0.0000	0.0000				
18	22	0.0991	6	0	2	0	0	0	0	0	0	N	Y	N	N	N	N	N	N	N	N	N	N	10876.8170	0.0000	602244.0949	0.0000	0.0000	0.0000	34744741.3598	128141951.7528	1.8318	0.0000	15.0677	0.0000	0.0000	0.0000	2.0698	0.0000	15.5889	0.0002	0.0003	0.0000	0.0009	0.0010	0.0003	0.0000	0.0000	0.0000	inf	0.0679	0.5270	-0.0000	4.7641	11.9950	2.0666	7.9469	0.8284	0.0000	0.8284	0.0000	0.0000	0.0000	0.8284	0.0000	0.8284	0.0000	0.0000	0.0000	0.0000	0.0000	0.0000	0.0000	0.0000	0.0000	0.4522	0.3972	0.0550	0.0520	0.0502	0.0018	0.4002	0.3471	0.0531	0.1902	0.1088	0.0815	0.0358	0.0300	0.0058	0.1544	0.0788	0.0756	10876.8170	0.0000	602244.0949	0.0000	0.0000	0.0000	34744741.3598	0.0000	128141951.7528	0.0002	0.0003	0.0000	0.0009	0.0010	0.0003	0.0000	0.0000	0.0000	
18	23	0.2355	12	1	2	0	0	0	0	0	0	N	Y	N	N	N	N	N	N	N	N	N	N	0.0000	0.0000	0.0000	0.0000	0.0000	0.0000	0.0000	0.0000	0.0000	0.0000	0.0000	0.0000	0.0000	0.0000	0.0000	0.0000	0.0000	0.0000	0.0000	0.0000	0.0000	0.0000	inf	0.0000	0.0000	4.7641	0.0013	2.0666	0.9984	0.0000	0.0000	0.0000	0.0000	0.0000	0.0000	0.0000	0.0000	0.0000	0.0000	0.0000	0.0000	0.0000	0.0000	0.0000	0.0000	0.0000	0.0000	0.0001	0.0001	0.0000	0.0001	0.0001	0.0000	0.0001	0.0001	0.0000	0.0120	0.0067	0.0053	0.0031	0.0025	0.0006	0.0089	0.0042	0.0047	0.0000	0.0000	0.0000	0.0000	0.0000	0.0000	0.0000	0.0000	0.0000	0.0000	0.0000	0.0000	0.0000	0.0000	0.0000	0.0000	0.0000	0.0000						
18	24	0.1820	13	0	2	0	1	0	0	0	0	N	Y	N	N	N	N	N	N	N	N	N	N	3.0252	20817.5250	0.0000	758.2765	42356.5373	0.0000	0.0000	0.0000	0.0008	0.0010	0.0000	0.0048	0.0051	0.0000	0.0000	0.0000	0.0000	0.0003	0.0000	0.0007	0.0000	0.0000	0.0000	0.0004	0.0000	0.0008	0.0000	10034.0000	-0.0001	0.0000	4.7641	6.0729	2.0666	6.2374	0.0002	0.0002	0.0000	0.0002	0.0002	0.0000	0.0000	0.0000	0.0000	0.0000	0.0000	0.0000	0.0000	0.0000	0.0000	0.0000	0.0000	0.0000	0.2337	0.2061	0.0276	0.0406	0.0387	0.0019	0.1931	0.1674	0.0257	0.1084	0.0656	0.0429	0.0305	0.0250	0.0054	0.0779	0.0405	0.0374	3.0252	20817.5250	0.0000	758.2765	42356.5373	0.0000	0.0000	0.0000	0.0000	0.0003	0.0000	0.0007	0.0000	0.0000	0.0000	0.0004	0.0000	0.0008	
18	25	0.1246	9	1	2	0	0	0	0	0	0	N	Y	N	N	N	N	N	N	N	N	N	N	4.6241	1.3234	6018277.2182	0.0003	0.0003	0.0000	2807971.5587	964891.6469	43304135.4047	2.7231	1.5978	11.0308	0.0004	0.0004	0.0000	3.0767	1.8249	11.5443	0.5889	1.2073	0.0000	1.0473	1.2909	0.0000	0.0000	0.0000	0.0000	0.9352	0.0000	0.2311	-0.0170	4.7641	19.6128	2.0666	15.0566	1.9342	0.9995	0.9347	0.0000	0.0000	0.0000	1.9342	0.9995	0.9347	0.0289	0.0289	0.0000	0.0289	0.0289	0.0000	0.0000	0.0000	0.0000	0.7103	0.6256	0.0847	0.0816	0.0779	0.0038	0.6287	0.5477	0.0810	0.2807	0.1626	0.1181	0.0724	0.0563	0.0161	0.2084	0.1063	0.1020	26.4860	9.0014	6018277.2182	0.0009	0.0007	0.0000	2807971.5587	964891.6469	43304135.4047	0.1028	0.1775	0.0000	0.3989	0.5130	0.0000	0.0000	0.0000	0.0000
18	26	0.2376	12	0	1	1	0	0	0	0	0	N	N	N	N	N	N	N	N	N	N	N	N	0.0000	0.0000	0.0000	0.0000	0.0000	0.0000	0.0000	0.0000	0.0000	0.0000	0.0000	0.0000	0.0000	0.0000	0.0000	0.0000	0.0000	0.0000	0.0000	0.0000	4.7641	0.0000	2.0666	0.0000	0.0000	0.0000	0.0000	0.0000	0.0000	0.0000	0.0000	0.0000	0.0000	0.0000	0.0000	0.0000	0.0000	0.0000	0.0000	0.0000	0.0000	0.0000	0.0000	0.0000	0.0000	0.0000	0.0000	0.0000	0.0000	0.0000	0.0000	0.0000	0.0000	0.0000	0.0000	0.0000	0.0000	0.0000	0.0000	0.0000	0.0000	0.0000	0.0000	0.0000	0.0000	0.0000	0.0000	0.0000	0.0000	0.0000	0.0000	0.0000	0.0000	0.0000	0.0000	0.0000	0.0000	0.0000											
18	27	0.2084	13	1	1	1	0	0	0	0	0	N	N	N	N	N	N	N	N	N	N	N	N	0.0000	0.0000	0.0000	0.0000	0.0000	0.0000	0.0000	0.0000	0.0000	0.0000	0.0000	0.0000	0.0000	0.0000	0.0000	0.0000	0.0000	0.0000	0.0000	0.0000	0.0000	0.0000	inf	0.0000	0.0000	4.7641	6.0046	2.0666	3.2467	0.0000	0.0000	0.0000	0.0000	0.0000	0.0000	0.0000	0.0000	0.0000	0.0000	0.0000	0.0000	0.0000	0.0000	0.0000	0.0000	0.0000	0.0000	0.2118	0.1869	0.0249	0.0458	0.0430	0.0028	0.1660	0.1439	0.0221	0.0728	0.0422	0.0306	0.0231	0.0187	0.0044	0.0497	0.0235	0.0263	0.0000	0.0000	0.0000	0.0000	0.0000	0.0000	0.0000	0.0000	0.0000	0.0000	0.0000	0.0000	0.0000	0.0000	0.0000	0.0000	0.0000	0.0000						
18	28	0.1720	12	1	1	0	0	0	0	0	0	N	N	N	N	N	N	N	N	N	N	N	N	0.0000	0.0000	0.0000	0.0000	0.0000	0.0000	0.0000	0.0000	0.0000	0.0000	0.0000	0.0000	0.0000	0.0000	0.0000	0.0000	0.0000	0.0002	0.0000	0.0006	0.0000	0.0000	0.0000	0.0003	0.0000	0.0006	3981.8449	0.0000	0.0000	4.7641	7.0330	2.0666	8.3476	0.0000	0.0000	0.0000	0.0000	0.0000	0.0000	0.0000	0.0000	0.0000	0.0000	0.0000	0.0000	0.0000	0.0000	0.0000	0.0000	0.0000	0.0000	0.2708	0.2382	0.0326	0.0469	0.0446	0.0022	0.2239	0.1935	0.0304	0.1332	0.0795	0.0537	0.0374	0.0307	0.0067	0.0958	0.0488	0.0470	0.0000	0.0000	0.0000	0.0000	0.0000	0.0000	0.0000	0.0000	0.0000	0.0002	0.0000	0.0006	0.0000	0.0000	0.0000	0.0003	0.0000	0.0006		
18	29	0.1820	13	0	2	0	1	0	0	0	0	N	Y	N	N	N	N	N	N	N	N	N	N	5762.5276	3867.0133	0.0000	0.0000	0.0000	84175483.4571	65410679.5239	0.0000	2.1530	2.4412	0.0000	0.0000	0.0000	0.0000	2.5827	2.9737	0.0000	0.0004	0.0006	0.0000	0.0014	0.0017	0.0000	0.0000	0.0000	0.0000	0.0000	0.0000	-0.3620	-0.0000	4.7641	12.7698	2.0666	10.8465	0.9950	0.9950	0.0000	0.0000	0.0000	0.0000	0.9950	0.9950	0.0000	0.0001	0.0001	0.0000	0.0001	0.0001	0.0000	0.0000	0.0000	0.0000	0.4622	0.4076	0.0546	0.0769	0.0730	0.0039	0.3853	0.3346	0.0507	0.1871	0.1107	0.0764	0.0502	0.0403	0.0099	0.1369	0.0704	0.0665	5762.5276	3867.0133	0.0000	0.0000	0.0000	0.0000	84175483.4571	65410679.5239	0.0000	0.0004	0.0006	0.0000	0.0014	0.0017	0.0000	0.0000	0.0000	0.0000	
18	30	0.0408	3	1	1	1	0	0	0	0	0	N	N	N	N	N	N	N	N	N	N	N	N	77.1464	0.0000	217.7113	0.0000	0.0000	0.0000	81.6731	0.0000	212.9525	1.3647	0.0000	7.7974	0.0000	0.0000	0.0000	1.5407	0.0000	7.8156	0.0177	0.0003	0.0358	0.0020	0.0024	0.0000	0.0189	0.0000	0.0367	inf	128.7494	0.4398	0.0012	4.7641	11.8338	2.0666	5.9707	0.6913	0.0000	0.6913	0.0000	0.0000	0.0000	0.6913	0.0000	0.6913	0.0030	0.0000	0.0030	0.0000	0.0000	0.0000	0.0030	0.0000	0.0030	0.5066	0.4179	0.0887	0.0579	0.0577	0.0002	0.4487	0.3603	0.0885	0.1721	0.0878	0.0844	0.0120	0.0099	0.0020	0.1602	0.0778	0.0823	77.1464	0.0000	217.7113	0.0000	0.0000	0.0000	81.6731	0.0000	212.9525	0.0177	0.0003	0.0358	0.0020	0.0024	0.0000	0.0189	0.0000	0.0367
18	31	0.1820	13	0	1	1	0	0	0	0	0	N	N	N	N	N	N	N	N	N	N	N	N	1083834.4178	0.0000	5373801.2370	0.0000	0.0000	0.0000	47005900.4023	168764696.5466	3.5332	0.0000	29.8538	0.0000	0.0000	0.0000	4.2673	0.0000	32.1122	0.0000	0.0000	0.0000	0.0000	0.0000	0.0000	0.0000	0.0000	0.0000	inf	1.9730	0.5946	0.0000	4.7641	6.9288	2.0666	3.0309	0.9345	0.0000	0.9345	0.0000	0.0000	0.0000	0.9345	0.0000	0.9345	0.0000	0.0000	0.0000	0.0000	0.0000	0.0000	0.0000	0.0000	0.0000	0.2645	0.2332	0.0313	0.0455	0.0433	0.0022	0.2190	0.1899	0.0291	0.0911	0.0556	0.0355	0.0261	0.0216	0.0045	0.0650	0.0340	0.0310	1083834.4178	0.0000	5373801.2370	0.0000	0.0000	0.0000	47005900.4023	0.0000	168764696.5466	0.0000	0.0000	0.0000	0.0000	0.0000	0.0000	0.0000	0.0000	0.0000	
18	32	0.1720	12	0	1	0	0	0	0	0	0	N	N	N	N	N	N	N	N	N	N	N	N	168.0213	0.0000	944.8667	0.0000	0.0000	0.0000	964.2478	3231.7105	0.0022	0.0000	0.0188	0.0000	0.0000	0.0000	0.0029	0.0000	0.0203	0.0000	0.0000	0.0000	0.0000	0.0000	0.0001	0.0000	0.0000	0.0000	inf	1.2092	0.0001	-0.0000	4.7641	1.8775	2.0666	3.1058	0.0002	0.0000	0.0002	0.0000	0.0000	0.0000	0.0002	0.0000	0.0002	0.0000	0.0000	0.0000	0.0000	0.0000	0.0000	0.0000	0.0000	0.0000	0.0873	0.0768	0.0104	0.0202	0.0194	0.0008	0.0671	0.0574	0.0097	0.0557	0.0352	0.0205	0.0180	0.0157	0.0023	0.0377	0.0195	0.0182	168.0213	0.0000	944.8667	0.0000	0.0000	0.0000	964.2478	0.0000	3231.7105	0.0000	0.0000	0.0000	0.0000	0.0000	0.0001	0.0000	0.0000	0.0000	
18	33	0.1597	11	0	1	0	0	0	0	0	0	N	N	N	N	N	N	N	N	N	N	N	N	0.0000	0.0000	0.0000	0.0000	0.0000	0.0000	0.0000	0.0000	0.0000	0.0000	0.0000	0.0000	0.0000	0.0000	0.0000	0.0000	0.0000	0.0001	0.0000	0.0002	0.0002	0.0000	0.0014	0.0000	0.0000	0.0000	16.4519	0.0000	0.0000	4.7641	5.3867	2.0666	0.9197	0.0000	0.0000	0.0000	0.0000	0.0000	0.0000	0.0000	0.0000	0.0000	0.0000	0.0000	0.0000	0.0000	0.0000	0.0000	0.0000	0.0000	0.0000	0.1990	0.1749	0.0241	0.0288	0.0274	0.0015	0.1702	0.1475	0.0227	0.0657	0.0411	0.0245	0.0204	0.0173	0.0031	0.0452	0.0238	0.0215	0.0000	0.0000	0.0000	0.0000	0.0000	0.0000	0.0000	0.0000	0.0000	0.0001	0.0000	0.0002	0.0002	0.0000	0.0014	0.0000	0.0000	0.0000		
18	34	0.2429	13	0	2	0	0	0	0	0	0	N	Y	N	N	N	N	N	N	N	N	N	N	0.0000	0.0000	0.0000	0.0000	0.0000	0.0000	0.0000	0.0000	0.0000	0.0000	0.0000	0.0000	0.0000	0.0000	0.0000	0.0000	0.0000	0.0000	0.0000	-0.0000	4.7641	0.0019	2.0666	3.0025	0.0000	0.0000	0.0000	0.0000	0.0000	0.0000	0.0000	0.0000	0.0000	0.0000	0.0000	0.0000	0.0000	0.0000	0.0000	0.0000	0.0000	0.0000	0.0002	0.0002	0.0000	0.0001	0.0001	0.0000	0.0001	0.0001	0.0000	0.0222	0.0136	0.0086	0.0072	0.0058	0.0015	0.0149	0.0078	0.0071	0.0000	0.0000	0.0000	0.0000	0.0000	0.0000	0.0000	0.0000	0.0000	0.0000	0.0000	0.0000	0.0000	0.0000	0.0000	0.0000	0.0000	0.0000											
18	35	0.2236	9	1	2	0	0	0	0	0	0	N	Y	N	N	N	N	N	N	N	N	N	N	0.0000	0.0000	0.0000	0.0000	0.0000	0.0000	0.0000	0.0000	0.0000	0.0000	0.0000	0.0000	0.0000	0.0000	0.0000	0.0000	0.0000	0.0000	0.0000	0.0000	4.7641	1.0000	2.0666	1.9999	0.0000	0.0000	0.0000	0.0000	0.0000	0.0000	0.0000	0.0000	0.0000	0.0000	0.0000	0.0000	0.0000	0.0000	0.0000	0.0000	0.0000	0.0000	0.0364	0.0320	0.0044	0.0074	0.0069	0.0004	0.0291	0.0251	0.0039	0.0247	0.0136	0.0111	0.0056	0.0046	0.0010	0.0191	0.0090	0.0100	0.0000	0.0000	0.0000	0.0000	0.0000	0.0000	0.0000	0.0000	0.0000	0.0000	0.0000	0.0000	0.0000	0.0000	0.0000	0.0000	0.0000	0.0000											
18	36	0.0722	7	0	2	1	0	0	0	0	0	N	Y	N	N	N	N	N	N	N	N	N	N	0.0000	0.0000	0.0000	0.0000	0.0000	0.0000	0.0000	0.0000	0.0000	0.0000	0.0000	0.0000	0.0000	0.0000	0.0000	0.0000	0.0000	0.0000	0.0002	0.0003	0.0000	0.0008	0.0010	0.0000	0.0000	0.0000	0.0000	0.0181	0.0000	-0.0000	4.7641	3.0341	2.0666	5.2124	0.0000	0.0000	0.0000	0.0000	0.0000	0.0000	0.0000	0.0000	0.0000	0.0000	0.0000	0.0000	0.0000	0.0000	0.0000	0.0000	0.0000	0.0000	0.1224	0.1070	0.0154	0.0114	0.0109	0.0004	0.1111	0.0961	0.0149	0.0976	0.0577	0.0400	0.0195	0.0161	0.0034	0.0781	0.0415	0.0366	0.0000	0.0000	0.0000	0.0000	0.0000	0.0000	0.0000	0.0000	0.0000	0.0002	0.0003	0.0000	0.0008	0.0010	0.0000	0.0000	0.0000	0.0000	
18	37	0.0484	6	0	2	0	0	0	0	0	0	N	Y	N	N	N	N	N	N	N	N	N	N	0.0000	0.0000	0.0000	0.0000	0.0000	0.0000	0.0000	0.0000	0.0000	0.0000	0.0000	0.0000	0.0000	0.0000	0.0000	0.0000	0.0000	0.0004	0.0008	0.0000	0.0061	0.0074	0.0000	0.0000	0.0000	0.0000	0.0014	0.0000	-0.0000	4.7641	3.0544	2.0666	4.8962	0.0000	0.0000	0.0000	0.0000	0.0000	0.0000	0.0000	0.0000	0.0000	0.0000	0.0000	0.0000	0.0000	0.0000	0.0000	0.0000	0.0000	0.0000	0.1162	0.1011	0.0151	0.0051	0.0051	0.0001	0.1111	0.0960	0.0150	0.0807	0.0409	0.0398	0.0054	0.0045	0.0010	0.0753	0.0364	0.0389	0.0000	0.0000	0.0000	0.0000	0.0000	0.0000	0.0000	0.0000	0.0000	0.0004	0.0008	0.0000	0.0061	0.0074	0.0000	0.0000	0.0000	0.0000		
18	38	0.2429	13	0	1	1	0	0	0	0	0	N	N	N	N	N	N	N	N	N	N	N	N	0.0000	0.0000	0.0000	0.0000	0.0000	0.0000	0.0000	0.0000	0.0000	0.0000	0.0000	0.0000	0.0000	0.0000	0.0000	0.0000	0.0000	0.0000	0.0000	0.0000	4.7641	0.9992	2.0666	1.0069	0.0000	0.0000	0.0000	0.0000	0.0000	0.0000	0.0000	0.0000	0.0000	0.0000	0.0000	0.0000	0.0000	0.0000	0.0000	0.0000	0.0000	0.0000	0.0325	0.0285	0.0040	0.0047	0.0045	0.0002	0.0277	0.0240	0.0038	0.0150	0.0092	0.0058	0.0049	0.0039	0.0010	0.0101	0.0053	0.0048	0.0000	0.0000	0.0000	0.0000	0.0000	0.0000	0.0000	0.0000	0.0000	0.0000	0.0000	0.0000	0.0000	0.0000	0.0000	0.0000	0.0000	0.0000											
18	39	0.2376	12	0	1	0	0	0	0	0	0	N	N	N	N	N	N	N	N	N	N	N	N	0.0000	0.0000	0.0000	0.0000	0.0000	0.0000	0.0000	0.0000	0.0000	0.0000	0.0000	0.0000	0.0000	0.0000	0.0000	0.0000	0.0000	0.0000	0.0000	-0.0000	4.7641	1.0008	2.0666	0.9987	0.0000	0.0000	0.0000	0.0000	0.0000	0.0000	0.0000	0.0000	0.0000	0.0000	0.0000	0.0000	0.0000	0.0000	0.0000	0.0000	0.0000	0.0000	0.0328	0.0287	0.0041	0.0044	0.0042	0.0002	0.0283	0.0245	0.0038	0.0149	0.0091	0.0058	0.0045	0.0036	0.0010	0.0104	0.0055	0.0049	0.0000	0.0000	0.0000	0.0000	0.0000	0.0000	0.0000	0.0000	0.0000	0.0000	0.0000	0.0000	0.0000	0.0000	0.0000	0.0000	0.0000	0.0000											
18	40	0.1597	11	0	1	0	0	0	0	0	0	N	N	N	N	N	N	N	N	N	N	N	N	0.0000	0.0000	0.0000	0.0000	0.0000	0.0000	0.0000	0.0000	0.0000	0.0000	0.0000	0.0000	0.0000	0.0000	0.0000	0.0000	0.0000	0.0202	0.0019	0.0464	0.0042	0.0053	0.0000	0.0261	0.0000	0.0537	16.7019	0.0000	0.0015	4.7641	9.0374	2.0666	18.5287	0.0000	0.0000	0.0000	0.0000	0.0000	0.0000	0.0000	0.0000	0.0000	0.0043	0.0002	0.0041	0.0002	0.0002	0.0000	0.0041	0.0000	0.0041	0.3258	0.2865	0.0393	0.0469	0.0445	0.0024	0.2789	0.2421	0.0369	0.2155	0.1270	0.0884	0.0582	0.0461	0.0121	0.1573	0.0809	0.0764	0.0000	0.0000	0.0000	0.0000	0.0000	0.0000	0.0000	0.0000	0.0000	0.0202	0.0019	0.0464	0.0042	0.0053	0.0000	0.0261	0.0000	0.0537		
18	41	0.1329	10	0	1	0	0	0	0	0	0	N	N	N	N	N	N	N	N	N	N	N	N	85.3238	77.3141	0.0000	46.9979	50.5238	0.0000	1754.5242	2960.8023	0.0000	0.0140	0.0160	0.0000	0.0249	0.0260	0.0000	0.0128	0.0148	0.0000	0.0002	0.0002	0.0001	0.0005	0.0005	0.0006	0.0000	0.0000	0.0000	0.0000	0.2813	-0.0017	-0.0000	4.7641	9.0369	2.0666	3.5648	0.0047	0.0047	0.0000	0.0008	0.0008	0.0000	0.0038	0.0038	0.0000	0.0000	0.0000	0.0000	0.0000	0.0000	0.0000	0.0000	0.0000	0.0000	0.3332	0.2919	0.0412	0.0325	0.0311	0.0014	0.3006	0.2608	0.0398	0.1294	0.0802	0.0492	0.0388	0.0316	0.0071	0.0906	0.0485	0.0421	85.3238	77.3141	0.0000	46.9979	50.5238	0.0000	1754.5242	2960.8023	0.0000	0.0002	0.0002	0.0001	0.0005	0.0005	0.0006	0.0000	0.0000	0.0000
18	42	0.0991	6	0	1	0	0	0	0	0	0	N	N	N	N	N	N	N	N	N	N	N	N	23.5895	15.2780	41.9253	36.1967	0.0000	0.0000	0.0086	0.0098	0.0000	0.0828	0.0860	0.0000	0.0000	0.0000	0.0000	0.0004	0.0006	0.0000	0.0020	0.0024	0.0000	0.0000	0.0000	0.0000	0.0000	0.0000	-0.0019	-0.0000	4.7641	17.0025	2.0666	6.0864	0.0053	0.0053	0.0000	0.0053	0.0053	0.0000	0.0000	0.0000	0.0000	0.0001	0.0001	0.0000	0.0001	0.0001	0.0000	0.0000	0.0000	0.0000	0.6158	0.5409	0.0749	0.0639	0.0615	0.0023	0.5519	0.4794	0.0725	0.2143	0.1219	0.0924	0.0395	0.0329	0.0066	0.1748	0.0890	0.0857	23.5895	15.2780	0.0000	41.9253	36.1967	0.0000	0.0000	0.0000	0.0000	0.0004	0.0006	0.0000	0.0020	0.0024	0.0000	0.0000	0.0000	0.0000			
18	44	0.0991	6	0	2	0	0	0	0	0	0	N	Y	N	N	N	N	N	N	N	N	N	N	3.3882	2.2259	0.0000	0.0000	0.0000	0.0000	20422.6238	inf	0.0000	3.5726	4.0591	0.0000	0.0000	0.0000	0.0000	4.1629	4.8078	0.0000	1.0544	1.8235	0.0004	2.7792	2.9627	0.0000	0.0002	0.0000	0.0004	0.0000	0.0010	-0.3636	-0.0170	4.7641	6.9958	2.0666	11.8523	0.9995	0.9995	0.0000	0.0000	0.0000	0.0000	0.9995	0.9995	0.0000	0.0289	0.0288	0.0000	0.0288	0.0288	0.0000	0.0000	0.0000	0.0000	0.2798	0.2462	0.0335	0.0397	0.0383	0.0013	0.2401	0.2079	0.0322	0.1817	0.1041	0.0776	0.0345	0.0289	0.0055	0.1472	0.0752	0.0720	22.4915	14.6596	0.0000	0.0000	0.0000	0.0000	20422.6238	inf	0.0000	0.1588	0.2769	0.0004	0.8361	0.9962	0.0000	0.0002	0.0000	0.0004
18	45	0.1374	7	0	2	0	0	0	0	0	0	N	Y	N	N	N	N	N	N	N	N	N	N	9712.9708	7128.5284	0.0000	0.0000	0.0000	0.0000	19080883.0678	21013089.5914	0.0000	2.7550	3.1420	0.0000	0.0000	0.0000	0.0000	3.0215	3.4761	0.0000	0.0003	0.0004	0.0001	0.0012	0.0013	0.0007	0.0000	0.0000	0.0000	0.0000	0.1337	-0.7037	-0.0000	4.7641	20.1318	2.0666	17.5118	1.9345	1.9345	0.0000	0.0000	0.0000	0.0000	1.9345	1.9345	0.0000	0.0001	0.0001	0.0000	0.0001	0.0001	0.0000	0.0000	0.0000	0.0000	0.7022	0.6157	0.0865	0.0619	0.0592	0.0027	0.6402	0.5565	0.0837	0.3009	0.1708	0.1301	0.0736	0.0596	0.0140	0.2273	0.1112	0.1161	9712.9708	7128.5284	0.0000	0.0000	0.0000	0.0000	19080883.0678	21013089.5914	0.0000	0.0003	0.0004	0.0001	0.0012	0.0013	0.0007	0.0000	0.0000	0.0000
18	46	0.1608	11	0	2	0	0	0	0	0	0	N	Y	N	N	N	N	N	N	N	N	N	N	0.0000	0.0000	0.0000	0.0000	0.0000	0.0000	0.0000	0.0000	0.0000	0.0000	0.0000	0.0000	0.0000	0.0000	0.0000	0.0000	0.0000	0.0000	0.0000	0.0000	0.0000	0.0000	inf	0.0000	0.0000	4.7641	15.0410	2.0666	10.9147	0.0000	0.0000	0.0000	0.0000	0.0000	0.0000	0.0000	0.0000	0.0000	0.0000	0.0000	0.0000	0.0000	0.0000	0.0000	0.0000	0.0000	0.0000	0.5813	0.5114	0.0699	0.0973	0.0923	0.0051	0.4840	0.4191	0.0649	0.2791	0.1799	0.0991	0.1174	0.0919	0.0255	0.1617	0.0880	0.0736	0.0000	0.0000	0.0000	0.0000	0.0000	0.0000	0.0000	0.0000	0.0000	0.0000	0.0000	0.0000	0.0000	0.0000	0.0000	0.0000	0.0000	0.0000						
18	47	0.0356	2	1	1	1	0	0	0	0	0	N	N	N	N	N	N	N	N	N	N	N	N	244.3711	380.4869	474.8052	0.0338	0.0492	0.0000	337.9815	16487008.2685	525.7071	4.5994	2.1879	15.6508	0.0018	0.0018	0.0000	5.2472	2.5734	15.6883	0.0188	0.0058	0.0330	0.0522	0.0360	0.3216	0.0155	0.0000	0.0298	1.5609	5.2986	0.6290	0.0009	4.7641	12.7633	2.0666	6.3722	2.5597	0.9995	1.5602	0.0001	0.0001	0.0000	2.5595	0.9994	1.5602	0.0037	0.0006	0.0031	0.0009	0.0006	0.0003	0.0028	0.0000	0.0028	0.5565	0.4568	0.0997	0.0687	0.0685	0.0002	0.4878	0.3883	0.0994	0.1966	0.1022	0.0945	0.0177	0.0163	0.0014	0.1789	0.0858	0.0931	244.3711	380.4869	474.8052	0.0338	0.0492	0.0000	337.9815	16487008.2685	525.7071	0.0188	0.0058	0.0330	0.0522	0.0360	0.2466	0.0155	0.0000	0.0298
18	51	0.1185	7	0	2	0	1	0	0	0	0	N	Y	N	N	N	N	N	N	N	N	N	N	0.0000	0.0000	0.0000	0.0000	0.0000	0.0000	0.0000	0.0000	0.0000	0.0000	0.0000	0.0000	0.0000	0.0000	0.0000	0.0000	0.0000	0.0000	0.8083	1.3460	0.0001	0.0450	0.0556	0.0006	1.0496	2.4572	0.0000	0.0002	0.0000	-0.0142	4.7641	7.3891	2.0666	13.2142	0.0000	0.0000	0.0000	0.0000	0.0000	0.0000	0.0000	0.0000	0.0000	0.0241	0.0241	0.0000	0.0023	0.0023	0.0000	0.0218	0.0218	0.0000	0.2961	0.2608	0.0353	0.0442	0.0427	0.0014	0.2520	0.2180	0.0339	0.1967	0.1167	0.0800	0.0514	0.0415	0.0099	0.1452	0.0752	0.0700	0.0000	0.0000	0.0000	0.0000	0.0000	0.0000	0.0000	0.0000	0.0000	0.1224	0.2062	0.0001	0.0450	0.0556	0.0006	0.1498	0.2893	0.0000	
18	52	0.1246	8	0	2	0	0	0	0	0	0	N	Y	N	N	N	N	N	N	N	N	N	N	0.7150	0.1458	1.3332	0.0655	0.3662	0.0000	0.7091	0.0000	1.3659	3.8653	0.0000	32.4489	0.0002	0.0002	0.0000	4.4391	0.0000	34.1409	5.4056	0.0002	24.3389	0.0025	0.0005	0.0098	6.2606	0.0000	24.9944	182367.6599	48245.4778	1.1600	0.4091	4.7641	12.1779	2.0666	13.0455	1.8233	0.0000	1.8233	0.0000	0.0000	0.0000	1.8233	0.0000	1.8233	0.9957	0.0000	0.9957	0.0001	0.0000	0.0001	0.9955	0.0000	0.9955	0.4717	0.4155	0.0562	0.0610	0.0582	0.0028	0.4107	0.3573	0.0534	0.2152	0.1251	0.0901	0.0562	0.0439	0.0123	0.1590	0.0812	0.0778	0.8355	0.1458	2.9377	0.0655	0.3662	0.0000	0.7091	0.0000	2.6691	4.6263	0.0002	11.0458	0.0025	0.0005	0.0098	6.2606	0.0000	12.7912
18	53	0.0484	6	0	2	0	0	0	0	0	0	N	Y	N	N	N	N	N	N	N	N	N	N	0.0000	0.0000	0.0000	0.0000	0.0000	0.0000	0.0000	0.0000	0.0000	0.0000	0.0000	0.0000	0.0000	0.0000	0.0000	18.6618	0.0000	81.9701	0.0291	0.0000	0.1652	19.6825	0.0000	70.9283	inf	0.0000	0.4091	4.7641	3.0001	2.0666	3.0003	0.0000	0.0000	0.0000	0.0000	0.0000	0.0000	0.0000	0.0000	0.0000	0.9957	0.0000	0.9957	0.0001	0.0000	0.0001	0.9956	0.0000	0.9956	0.1141	0.0993	0.0148	0.0050	0.0050	0.0001	0.1091	0.0943	0.0148	0.0616	0.0312	0.0304	0.0041	0.0034	0.0007	0.0575	0.0278	0.0297	0.0000	0.0000	0.0000	0.0000	0.0000	0.0000	0.0000	0.0000	0.0000	16.1671	0.0000	32.7243	0.0291	0.0000	0.1652	17.3261	0.0000	33.5208				
18	54	0.0410	5	0	1	0	0	0	0	0	0	N	N	N	N	N	N	N	N	N	N	N	N	3.2453	1.8906	0.0000	5.1325	4.2757	0.0000	0.0000	0.0003	0.0004	0.0000	0.0076	0.0077	0.0000	0.0000	0.0000	0.0000	0.0001	0.0002	0.0000	0.0015	0.0018	0.0000	0.0000	0.0000	0.0000	0.0000	0.0033	-0.0000	-0.0000	4.7641	1.9998	2.0666	1.0017	0.0000	0.0000	0.0000	0.0000	0.0000	0.0000	0.0000	0.0000	0.0000	0.0000	0.0000	0.0000	0.0000	0.0000	0.0000	0.0000	0.0000	0.0000	0.0765	0.0665	0.0100	0.0033	0.0032	0.0000	0.0732	0.0633	0.0100	0.0314	0.0158	0.0155	0.0021	0.0017	0.0004	0.0293	0.0141	0.0152	3.2453	1.8906	0.0000	5.1325	4.2757	0.0000	0.0000	0.0000	0.0000	0.0001	0.0002	0.0000	0.0015	0.0018	0.0000	0.0000	0.0000	0.0000		
18	56	0.1823	12	0	2	0	0	0	0	0	0	N	Y	N	N	N	N	N	N	N	N	N	N	0.0002	0.0002	0.0000	0.0007	0.0006	0.0000	0.0000	0.0000	0.0000	0.0000	0.0000	0.0000	0.0000	0.0000	0.0000	0.0000	0.0000	0.0003	0.0004	0.0000	0.0006	0.0007	0.0000	0.0001	0.0001	0.0000	0.0000	0.0280	-0.0000	-0.0000	4.7641	5.0156	2.0666	9.5596	0.0000	0.0000	0.0000	0.0000	0.0000	0.0000	0.0000	0.0000	0.0000	0.0000	0.0000	0.0000	0.0000	0.0000	0.0000	0.0000	0.0000	0.0000	0.1907	0.1677	0.0230	0.0288	0.0274	0.0014	0.1618	0.1402	0.0216	0.1515	0.0988	0.0527	0.0642	0.0533	0.0108	0.0873	0.0455	0.0419	0.0002	0.0002	0.0000	0.0007	0.0006	0.0000	0.0000	0.0000	0.0000	0.0003	0.0004	0.0000	0.0006	0.0007	0.0000	0.0001	0.0001	0.0000	
18	57	0.1608	11	0	2	0	0	0	0	0	0	N	Y	N	N	N	N	N	N	N	N	N	N	0.0507	0.0407	0.0018	0.0866	0.0724	0.0159	0.0574	0.0256	0.0012	0.0002	0.0002	0.0000	0.0006	0.0006	0.0000	0.0001	0.0001	0.0000	0.0043	0.0061	0.0004	0.0068	0.0086	0.0001	0.0018	0.0047	0.0006	0.0004	0.0328	-0.0000	-0.0004	4.7641	5.2776	2.0666	4.9316	0.0001	0.0001	0.0000	0.0000	0.0000	0.0000	0.0000	0.0000	0.0000	0.0007	0.0007	0.0000	0.0006	0.0006	0.0000	0.0002	0.0001	0.0000	0.2555	0.2244	0.0310	0.0606	0.0574	0.0032	0.1949	0.1671	0.0278	0.1722	0.1178	0.0544	0.0864	0.0681	0.0183	0.0859	0.0497	0.0362	0.0507	0.0407	0.0018	0.0866	0.0724	0.0159	0.0574	0.0451	0.0012	0.0043	0.0061	0.0004	0.0068	0.0086	0.0001	0.0018	0.0027	0.0006
18	58	0.1329	10	0	1	0	0	0	0	0	0	N	N	N	N	N	N	N	N	N	N	N	N	0.3714	0.1240	0.0739	0.1118	0.0970	0.0175	0.2280	0.0142	0.0666	0.0161	0.0183	0.0003	0.0008	0.0009	0.0000	0.0178	0.0205	0.0003	0.0434	0.1479	0.0045	0.0074	0.0088	0.0006	0.0781	1.4431	0.0052	0.0026	0.0502	-0.0014	-0.0023	4.7641	6.4383	2.0666	5.2340	0.0039	0.0039	0.0000	0.0000	0.0000	0.0000	0.0039	0.0039	0.0000	0.0043	0.0041	0.0002	0.0003	0.0003	0.0000	0.0041	0.0039	0.0002	0.2424	0.2124	0.0300	0.0243	0.0232	0.0010	0.2182	0.1892	0.0290	0.1218	0.0759	0.0459	0.0369	0.0302	0.0067	0.0850	0.0457	0.0393	0.4532	0.3375	0.0739	0.1118	0.0970	0.0175	0.3728	0.2428	0.0666	0.0355	0.0543	0.0045	0.0074	0.0088	0.0006	0.0478	0.0844	0.0052
18	59	0.1246	9	0	1	0	0	0	0	0	0	N	N	N	N	N	N	N	N	N	N	N	N	5324.8274	4100.6728	0.0000	0.3130	0.2949	0.0000	15691.5345	10912.2612	0.0000	5.3561	6.0208	0.0000	0.0007	0.0008	0.0000	6.8019	7.8011	0.0000	0.0010	0.0015	0.0003	0.0024	0.0026	0.0012	0.0004	0.0007	0.0001	0.0000	0.1114	-0.3623	-0.0000	4.7641	3.9043	2.0666	0.3762	0.9960	0.9960	0.0000	0.0000	0.0000	0.0000	0.9960	0.9960	0.0000	0.0000	0.0000	0.0000	0.0000	0.0000	0.0000	0.0000	0.0000	0.0000	0.1860	0.1654	0.0205	0.0395	0.0378	0.0018	0.1464	0.1277	0.0188	0.0458	0.0282	0.0176	0.0135	0.0111	0.0024	0.0323	0.0171	0.0151	5324.8274	4100.6728	0.0000	0.3130	0.2949	0.0000	15691.5345	10912.2612	0.0000	0.0010	0.0015	0.0003	0.0024	0.0026	0.0012	0.0004	0.0007	0.0001
18	60	0.1246	8	0	1	0	0	0	0	0	0	N	N	N	N	N	N	N	N	N	N	N	N	0.3647	0.3136	1.0298	0.3504	0.3368	0.0000	0.3879	0.8301	1.1220	0.0008	0.0006	0.0032	0.0013	0.0013	0.0000	0.0006	0.0002	0.0037	0.0022	0.0018	0.0031	0.0036	0.0039	0.0017	0.0016	0.0002	0.0033	0.5939	0.8666	0.0000	-0.0000	4.7641	1.5036	2.0666	0.1987	0.0001	0.0000	0.0000	0.0000	0.0000	0.0000	0.0000	0.0000	0.0000	0.0001	0.0000	0.0000	0.0000	0.0000	0.0000	0.0000	0.0000	0.0000	0.0960	0.0868	0.0092	0.0313	0.0300	0.0013	0.0647	0.0568	0.0078	0.0223	0.0148	0.0075	0.0075	0.0064	0.0011	0.0148	0.0084	0.0064	0.3647	0.3136	1.0298	0.3504	0.3368	0.0000	0.3879	0.8301	1.1220	0.0022	0.0018	0.0031	0.0036	0.0039	0.0017	0.0016	0.0002	0.0033
18	61	0.1185	7	0	1	0	0	0	0	0	0	N	N	N	N	N	N	N	N	N	N	N	N	0.2521	0.0713	1.7490	0.0000	0.0000	0.0000	0.6316	0.7175	1.7124	0.0003	0.0001	0.0021	0.0000	0.0000	0.0000	0.0004	0.0001	0.0022	0.0012	0.0012	0.0012	0.0023	0.0025	0.0005	0.0006	0.0002	0.0013	2.9252	0.4482	0.0000	-0.0000	4.7641	2.7181	2.0666	1.0102	0.0000	0.0000	0.0000	0.0000	0.0000	0.0000	0.0000	0.0000	0.0000	0.0001	0.0000	0.0000	0.0000	0.0000	0.0000	0.0000	0.0000	0.0000	0.1277	0.1136	0.0141	0.0316	0.0307	0.0009	0.0961	0.0829	0.0132	0.0570	0.0389	0.0182	0.0202	0.0177	0.0025	0.0368	0.0211	0.0157	0.2521	0.0713	1.7490	0.0000	0.0000	0.0000	0.6316	0.7175	1.7124	0.0012	0.0012	0.0012	0.0023	0.0025	0.0005	0.0006	0.0002	0.0013
18	62	0.0991	6	0	1	0	0	0	0	0	0	N	N	N	N	N	N	N	N	N	N	N	N	0.0000	0.0000	0.0000	0.0000	0.0000	0.0000	0.0000	0.0000	0.0000	0.0000	0.0000	0.0000	0.0000	0.0000	0.0000	0.0000	0.0000	0.0000	0.0005	0.0008	0.0001	0.0014	0.0015	0.0007	0.0003	0.0005	0.0000	0.0468	0.0000	-0.0000	4.7641	1.4525	2.0666	6.3634	0.0000	0.0000	0.0000	0.0000	0.0000	0.0000	0.0000	0.0000	0.0000	0.0000	0.0000	0.0000	0.0000	0.0000	0.0000	0.0000	0.0000	0.0000	0.0770	0.0693	0.0077	0.0254	0.0247	0.0007	0.0516	0.0446	0.0070	0.0899	0.0543	0.0356	0.0203	0.0178	0.0025	0.0696	0.0364	0.0332	0.0000	0.0000	0.0000	0.0000	0.0000	0.0000	0.0000	0.0000	0.0000	0.0005	0.0008	0.0001	0.0014	0.0015	0.0007	0.0003	0.0005	0.0000	
18	63	0.1784	9	1	2	0	1	0	0	0	0	N	Y	N	N	N	N	N	N	N	N	N	N	0.0000	0.0000	0.0000	0.0000	0.0000	0.0000	0.0000	0.0000	0.0000	0.0000	0.0000	0.0000	0.0000	0.0000	0.0000	0.0000	0.0003	0.0005	0.0000	0.0013	0.0016	0.0000	0.0000	0.0000	0.0000	0.0001	0.0000	-0.0000	4.7641	2.0000	2.0666	2.0002	0.0000	0.0000	0.0000	0.0000	0.0000	0.0000	0.0000	0.0000	0.0000	0.0000	0.0000	0.0000	0.0000	0.0000	0.0000	0.0000	0.0000	0.0000	0.0750	0.0658	0.0092	0.0116	0.0109	0.0007	0.0634	0.0549	0.0085	0.0359	0.0202	0.0157	0.0075	0.0061	0.0015	0.0284	0.0142	0.0142	0.0000	0.0000	0.0000	0.0000	0.0000	0.0000	0.0000	0.0000	0.0000	0.0003	0.0005	0.0000	0.0013	0.0016	0.0000	0.0000	0.0000	0.0000			
18	64	0.1941	13	0	2	0	1	0	0	0	0	N	Y	N	N	N	N	N	N	N	N	N	N	0.0000	0.0000	0.0000	0.0000	0.0000	0.0000	0.0000	0.0000	0.0000	0.0000	0.0000	0.0000	0.0000	0.0000	0.0000	0.0000	0.0000	18.8217	0.0000	135.4755	0.0062	0.0000	0.0357	26.0861	0.0000	149.1006	115415764.2275	0.0000	0.4078	4.7641	2.0059	2.0666	4.8036	0.0000	0.0000	0.0000	0.0000	0.0000	0.0000	0.0000	0.0000	0.0000	0.9926	0.0000	0.9926	0.0001	0.0000	0.0001	0.9925	0.0000	0.9925	0.0759	0.0666	0.0093	0.0130	0.0122	0.0008	0.0629	0.0545	0.0085	0.0609	0.0352	0.0257	0.0145	0.0120	0.0025	0.0464	0.0232	0.0232	0.0000	0.0000	0.0000	0.0000	0.0000	0.0000	0.0000	0.0000	0.0000	16.2991	0.0000	38.6257	0.0062	0.0000	0.0357	21.3974	0.0000	42.8050		
18	65	0.1913	11	0	2	0	0	0	0	0	0	N	Y	N	N	N	N	N	N	N	N	N	N	0.0000	0.0000	0.0000	0.0000	0.0000	0.0000	0.0000	0.0000	0.0000	0.0000	0.0000	0.0000	0.0000	0.0000	0.0000	0.0000	0.0000	0.0000	0.0000	0.0000	0.0000	0.0000	0.0000	0.0000	0.0000	0.5690	0.0000	-0.0000	4.7641	0.9804	2.0666	0.2754	0.0000	0.0000	0.0000	0.0000	0.0000	0.0000	0.0000	0.0000	0.0000	0.0000	0.0000	0.0000	0.0000	0.0000	0.0000	0.0000	0.0000	0.0000	0.0390	0.0344	0.0046	0.0068	0.0065	0.0003	0.0322	0.0279	0.0043	0.0128	0.0073	0.0056	0.0032	0.0027	0.0005	0.0096	0.0046	0.0051	0.0000	0.0000	0.0000	0.0000	0.0000	0.0000	0.0000	0.0000	0.0000	0.0000	0.0000	0.0000	0.0000	0.0000	0.0000	0.0000	0.0000	0.0000			
18	66	0.1892	12	0	1	1	1	0	0	0	0	N	N	N	N	N	N	N	N	N	N	N	N	0.0000	0.0000	0.0000	0.0000	0.0000	0.0000	0.0000	0.0000	0.0000	0.0000	0.0000	0.0000	0.0000	0.0000	0.0000	0.0000	1.7047	2.6214	0.0000	9.6272	9.9961	0.0000	0.0000	0.0000	0.0000	0.0000	0.0000	-0.0170	4.7641	0.9437	2.0666	4.8091	0.0000	0.0000	0.0000	0.0000	0.0000	0.0000	0.0000	0.0000	0.0000	0.0288	0.0288	0.0000	0.0288	0.0288	0.0000	0.0000	0.0000	0.0000	0.0488	0.0427	0.0061	0.0135	0.0128	0.0007	0.0353	0.0299	0.0054	0.0533	0.0309	0.0224	0.0128	0.0106	0.0021	0.0405	0.0203	0.0203	0.0000	0.0000	0.0000	0.0000	0.0000	0.0000	0.0000	0.0000	0.0000	0.5407	0.9322	0.0000	2.2595	2.7130	0.0000	0.0000	0.0000	0.0000			
18	67	0.1821	11	0	1	1	1	0	0	0	0	N	N	N	N	N	N	N	N	N	N	N	N	0.0000	0.0000	0.0000	0.0000	0.0000	0.0000	0.0000	0.0000	0.0000	0.0000	0.0000	0.0000	0.0000	0.0000	0.0000	0.0000	0.0001	0.0002	0.0000	0.0006	0.0007	0.0000	0.0000	0.0000	0.0000	0.1136	0.0000	-0.0000	4.7641	4.0088	2.0666	5.0246	0.0000	0.0000	0.0000	0.0000	0.0000	0.0000	0.0000	0.0000	0.0000	0.0000	0.0000	0.0000	0.0000	0.0000	0.0000	0.0000	0.0000	0.0000	0.1489	0.1307	0.0182	0.0232	0.0219	0.0014	0.1257	0.1088	0.0169	0.0803	0.0455	0.0347	0.0172	0.0140	0.0032	0.0630	0.0315	0.0315	0.0000	0.0000	0.0000	0.0000	0.0000	0.0000	0.0000	0.0000	0.0000	0.0001	0.0002	0.0000	0.0006	0.0007	0.0000	0.0000	0.0000	0.0000			
18	68	0.1941	13	0	1	1	1	0	0	0	0	N	N	N	N	N	N	N	N	N	N	N	N	0.0000	0.0000	0.0000	0.0000	0.0000	0.0000	0.0000	0.0000	0.0000	0.0000	0.0000	0.0000	0.0000	0.0000	0.0000	0.0000	0.0000	0.0704	0.3779	0.0002	0.2246	0.2507	0.0000	0.0001	0.0000	0.0003	0.0023	0.0000	-0.0012	4.7641	1.0064	2.0666	4.2000	0.0000	0.0000	0.0000	0.0000	0.0000	0.0000	0.0000	0.0000	0.0000	0.0021	0.0020	0.0000	0.0020	0.0020	0.0000	0.0000	0.0000	0.0000	0.0385	0.0338	0.0047	0.0066	0.0062	0.0004	0.0318	0.0275	0.0043	0.0474	0.0275	0.0199	0.0114	0.0095	0.0019	0.0360	0.0180	0.0180	0.0000	0.0000	0.0000	0.0000	0.0000	0.0000	0.0000	0.0000	0.0000	0.0433	0.0745	0.0002	0.1792	0.2157	0.0000	0.0001	0.0000	0.0003		
18	69	0.1892	12	0	1	0	1	0	0	0	0	N	N	N	N	N	N	N	N	N	N	N	N	0.0000	0.0000	0.0000	0.0000	0.0000	0.0000	0.0000	0.0000	0.0000	0.0000	0.0000	0.0000	0.0000	0.0000	0.0000	0.0000	0.0000	0.0000	0.8165	0.0071	0.6181	0.0096	0.0110	0.0002	1.1369	0.0116	0.5809	27.8927	0.0000	0.0008	4.7641	1.2889	2.0666	0.3511	0.0000	0.0000	0.0000	0.0000	0.0000	0.0000	0.0000	0.0000	0.0000	0.0021	0.0001	0.0021	0.0000	0.0000	0.0000	0.0021	0.0000	0.0021	0.0617	0.0540	0.0077	0.0156	0.0147	0.0008	0.0461	0.0393	0.0069	0.0174	0.0105	0.0069	0.0047	0.0040	0.0006	0.0127	0.0064	0.0063	0.0000	0.0000	0.0000	0.0000	0.0000	0.0000	0.0000	0.0000	0.0000	0.1233	0.0071	0.2983	0.0096	0.0110	0.0002	0.1649	0.0046	0.3276	
18	70	0.1821	11	0	1	0	1	0	0	0	0	N	N	N	N	N	N	N	N	N	N	N	N	0.0000	0.0000	0.0000	0.0000	0.0000	0.0000	0.0000	0.0000	0.0000	0.0000	0.0000	0.0000	0.0000	0.0000	0.0000	0.0000	0.0000	0.0054	0.0056	0.0050	0.0140	0.0168	0.0000	0.0028	0.0000	0.0055	0.6548	0.0000	-0.0000	4.7641	0.7777	2.0666	1.1718	0.0000	0.0000	0.0000	0.0000	0.0000	0.0000	0.0000	0.0000	0.0000	0.0001	0.0001	0.0000	0.0001	0.0001	0.0000	0.0000	0.0000	0.0000	0.0296	0.0259	0.0036	0.0047	0.0044	0.0003	0.0249	0.0215	0.0034	0.0191	0.0110	0.0081	0.0044	0.0037	0.0007	0.0147	0.0073	0.0073	0.0000	0.0000	0.0000	0.0000	0.0000	0.0000	0.0000	0.0000	0.0000	0.0054	0.0056	0.0050	0.0140	0.0168	0.0000	0.0028	0.0000	0.0055		
18	71	0.1784	10	0	1	0	1	0	0	0	0	N	N	N	N	N	N	N	N	N	N	N	N	0.0000	0.0000	0.0000	0.0000	0.0000	0.0000	0.0000	0.0000	0.0000	0.0000	0.0000	0.0000	0.0000	0.0000	0.0000	0.0000	0.0001	0.0002	0.0000	0.0006	0.0007	0.0000	0.0000	0.0000	0.0000	0.0016	0.0000	-0.0000	4.7641	0.9929	2.0666	0.0325	0.0000	0.0000	0.0000	0.0000	0.0000	0.0000	0.0000	0.0000	0.0000	0.0000	0.0000	0.0000	0.0000	0.0000	0.0000	0.0000	0.0000	0.0000	0.0375	0.0328	0.0046	0.0058	0.0055	0.0003	0.0317	0.0274	0.0043	0.0094	0.0053	0.0041	0.0020	0.0016	0.0004	0.0074	0.0037	0.0037	0.0000	0.0000	0.0000	0.0000	0.0000	0.0000	0.0000	0.0000	0.0000	0.0001	0.0002	0.0000	0.0006	0.0007	0.0000	0.0000	0.0000	0.0000			
18	72	0.2236	9	1	2	0	0	0	0	0	0	N	Y	N	N	N	N	N	N	N	N	N	N	0.0000	0.0000	0.0000	0.0000	0.0000	0.0000	0.0000	0.0000	0.0000	0.0000	0.0000	0.0000	0.0000	0.0000	0.0000	0.0000	0.0000	0.0000	0.0000	0.0000	4.7641	0.0000	2.0666	0.0001	0.0000	0.0000	0.0000	0.0000	0.0000	0.0000	0.0000	0.0000	0.0000	0.0000	0.0000	0.0000	0.0000	0.0000	0.0000	0.0000	0.0000	0.0000	0.0000	0.0000	0.0000	0.0000	0.0000	0.0000	0.0000	0.0000	0.0000	0.0000	0.0000	0.0000	0.0000	0.0000	0.0000	0.0000	0.0000	0.0000	0.0000	0.0000	0.0000	0.0000	0.0000	0.0000	0.0000	0.0000	0.0000	0.0000	0.0000	0.0000	0.0000	0.0000	0.0000	0.0000	0.0000	0.0000											
18	73	0.1603	8	1	2	0	0	0	0	0	0	N	Y	N	N	N	N	N	N	N	N	N	N	0.0118	0.0080	0.0000	0.0279	0.0278	0.0000	9.4976	inf	0.0000	0.0145	0.0165	0.0000	0.1018	0.1079	0.0000	0.0000	0.0000	0.0000	1.2329	2.0706	0.0000	3.6426	3.8854	0.0000	0.0000	0.0000	0.0000	0.0000	0.0000	-0.0019	-0.0169	4.7641	9.9619	2.0666	7.0378	0.0053	0.0053	0.0000	0.0053	0.0053	0.0000	0.0000	0.0000	0.0000	0.0287	0.0287	0.0000	0.0287	0.0287	0.0000	0.0000	0.0000	0.0000	0.3642	0.3199	0.0443	0.0519	0.0490	0.0029	0.3123	0.2709	0.0414	0.1462	0.0823	0.0638	0.0291	0.0236	0.0055	0.1171	0.0587	0.0583	0.0739	0.0474	0.0000	0.1031	0.0886	0.0000	9.4976	inf	0.0000	0.1965	0.3490	0.0000	0.9874	1.2182	0.0000	0.0000	0.0000	0.0000
18	74	0.1721	8	0	2	0	0	0	0	0	0	N	Y	N	N	N	N	N	N	N	N	N	N	0.0000	0.0000	0.0000	0.0000	0.0000	0.0000	0.0000	0.0000	0.0000	0.0000	0.0000	0.0000	0.0000	0.0000	0.0000	0.0000	0.0000	0.0000	0.0001	0.0002	0.0000	0.0006	0.0007	0.0000	0.0000	0.0000	0.0000	0.0359	0.0000	-0.0000	4.7641	7.0442	2.0666	2.0273	0.0000	0.0000	0.0000	0.0000	0.0000	0.0000	0.0000	0.0000	0.0000	0.0000	0.0000	0.0000	0.0000	0.0000	0.0000	0.0000	0.0000	0.0000	0.3088	0.2726	0.0362	0.0671	0.0636	0.0035	0.2417	0.2090	0.0326	0.0800	0.0449	0.0352	0.0184	0.0153	0.0031	0.0616	0.0296	0.0320	0.0000	0.0000	0.0000	0.0000	0.0000	0.0000	0.0000	0.0000	0.0000	0.0001	0.0002	0.0000	0.0006	0.0007	0.0000	0.0000	0.0000	0.0000	
18	75	0.1482	7	0	2	0	0	0	0	0	0	N	Y	N	N	N	N	N	N	N	N	N	N	0.0100	0.0088	0.0062	0.0248	0.0209	0.0000	0.0009	0.0000	0.0060	0.0000	0.0000	0.0000	0.0000	0.0000	0.0000	0.0000	0.0000	0.0000	0.0005	0.0006	0.0004	0.0010	0.0013	0.0000	0.0004	0.0004	0.0004	0.0540	0.4475	-0.0000	-0.0000	4.7641	4.3369	2.0666	3.0972	0.0000	0.0000	0.0000	0.0000	0.0000	0.0000	0.0000	0.0000	0.0000	0.0000	0.0000	0.0000	0.0000	0.0000	0.0000	0.0000	0.0000	0.0000	0.1958	0.1731	0.0226	0.0377	0.0365	0.0012	0.1581	0.1367	0.0214	0.0682	0.0386	0.0296	0.0139	0.0113	0.0026	0.0543	0.0272	0.0271	0.0100	0.0088	0.0062	0.0248	0.0209	0.0000	0.0009	0.0000	0.0060	0.0005	0.0006	0.0004	0.0010	0.0013	0.0000	0.0004	0.0004	0.0004
18	76	0.2355	12	1	2	0	0	0	0	0	0	N	Y	N	N	N	N	N	N	N	N	N	N	0.0000	0.0000	0.0000	0.0000	0.0000	0.0000	0.0000	0.0000	0.0000	0.0000	0.0000	0.0000	0.0000	0.0000	0.0000	0.0000	0.0000	0.0000	0.0000	0.0000	0.0000	0.0000	inf	0.0000	0.0000	4.7641	1.9992	2.0666	0.0055	0.0000	0.0000	0.0000	0.0000	0.0000	0.0000	0.0000	0.0000	0.0000	0.0000	0.0000	0.0000	0.0000	0.0000	0.0000	0.0000	0.0000	0.0000	0.1025	0.0908	0.0117	0.0194	0.0184	0.0010	0.0831	0.0724	0.0108	0.0238	0.0133	0.0105	0.0062	0.0050	0.0012	0.0176	0.0083	0.0093	0.0000	0.0000	0.0000	0.0000	0.0000	0.0000	0.0000	0.0000	0.0000	0.0000	0.0000	0.0000	0.0000	0.0000	0.0000	0.0000	0.0000	0.0000						
18	77	0.1913	11	1	2	0	0	0	0	0	0	N	Y	N	N	N	N	N	N	N	N	N	N	0.0000	0.0000	0.0000	0.0000	0.0000	0.0000	0.0000	0.0000	0.0000	0.0000	0.0000	0.0000	0.0000	0.0000	0.0000	0.0000	0.0005	0.0000	0.0011	0.0000	0.0000	0.0000	0.0006	0.0000	0.0012	5873.6340	0.0000	0.0000	4.7641	5.0219	2.0666	2.0148	0.0000	0.0000	0.0000	0.0000	0.0000	0.0000	0.0000	0.0000	0.0000	0.0000	0.0000	0.0000	0.0000	0.0000	0.0000	0.0000	0.0000	0.0000	0.1873	0.1647	0.0226	0.0299	0.0283	0.0015	0.1574	0.1364	0.0210	0.0635	0.0359	0.0277	0.0141	0.0115	0.0026	0.0494	0.0244	0.0251	0.0000	0.0000	0.0000	0.0000	0.0000	0.0000	0.0000	0.0000	0.0000	0.0005	0.0000	0.0011	0.0000	0.0000	0.0000	0.0006	0.0000	0.0012			
18	78	0.1784	10	0	2	0	0	0	0	0	0	N	Y	N	N	N	N	N	N	N	N	N	N	0.0000	0.0000	0.0000	0.0000	0.0000	0.0000	0.0000	0.0000	0.0000	0.0000	0.0000	0.0000	0.0000	0.0000	0.0000	0.0000	0.0000	0.0000	0.0000	0.0000	0.0000	0.0000	0.0000	0.0000	0.0000	0.5230	0.0000	-0.0000	4.7641	1.0203	2.0666	2.7327	0.0000	0.0000	0.0000	0.0000	0.0000	0.0000	0.0000	0.0000	0.0000	0.0000	0.0000	0.0000	0.0000	0.0000	0.0000	0.0000	0.0000	0.0000	0.0385	0.0337	0.0047	0.0060	0.0056	0.0004	0.0325	0.0281	0.0044	0.0338	0.0190	0.0148	0.0071	0.0057	0.0014	0.0267	0.0133	0.0134	0.0000	0.0000	0.0000	0.0000	0.0000	0.0000	0.0000	0.0000	0.0000	0.0000	0.0000	0.0000	0.0000	0.0000	0.0000	0.0000	0.0000	0.0000			
18	79	0.1784	9	0	1	0	0	0	0	0	0	N	N	N	N	N	N	N	N	N	N	N	N	0.0000	0.0000	0.0000	0.0000	0.0000	0.0000	0.0000	0.0000	0.0000	0.0000	0.0000	0.0000	0.0000	0.0000	0.0000	0.0000	0.0001	0.0001	0.0001	0.0001	0.0001	0.0000	0.0001	0.0000	0.0001	1.0000	0.0000	-0.0000	4.7641	0.0000	2.0666	0.0018	0.0000	0.0000	0.0000	0.0000	0.0000	0.0000	0.0000	0.0000	0.0000	0.0000	0.0000	0.0000	0.0000	0.0000	0.0000	0.0000	0.0000	0.0000	0.0000	0.0000	0.0000	0.0000	0.0000	0.0000	0.0000	0.0000	0.0000	0.0000	0.0000	0.0000	0.0000	0.0000	0.0000	0.0000	0.0000	0.0000	0.0000	0.0000	0.0000	0.0000	0.0000	0.0000	0.0000	0.0000	0.0000	0.0001	0.0001	0.0001	0.0001	0.0001	0.0000	0.0001	0.0000	0.0001			
18	80	0.1603	8	0	1	0	0	0	0	0	0	N	N	N	N	N	N	N	N	N	N	N	N	0.0143	1.4377	0.0428	0.1472	0.1309	0.0000	0.0133	inf	0.0419	0.0000	0.0000	0.0002	0.0000	0.0000	0.0000	0.0000	0.0000	0.0002	0.0022	0.0000	0.0051	0.0000	0.0000	0.0000	0.0028	0.0000	0.0055	4.9594	930.9146	0.0000	0.0000	4.7641	3.0825	2.0666	2.0124	0.0000	0.0000	0.0000	0.0000	0.0000	0.0000	0.0000	0.0000	0.0000	0.0001	0.0000	0.0001	0.0000	0.0000	0.0000	0.0001	0.0000	0.0001	0.1202	0.1056	0.0146	0.0183	0.0173	0.0010	0.1019	0.0883	0.0137	0.0474	0.0267	0.0207	0.0097	0.0080	0.0018	0.0376	0.0187	0.0189	0.0143	1.4377	0.0428	0.1472	0.1309	0.0000	0.0133	inf	0.0419	0.0022	0.0000	0.0051	0.0000	0.0000	0.0000	0.0028	0.0000	0.0055
18	81	0.1482	7	0	1	0	0	0	0	0	0	N	N	N	N	N	N	N	N	N	N	N	N	1.0608	0.7475	0.0038	0.0062	0.0053	0.0000	11.8710	1249.3252	0.0036	0.0037	0.0042	0.0000	0.0001	0.0001	0.0000	0.0047	0.0054	0.0000	0.0035	0.0056	0.0007	0.0153	0.0185	0.0000	0.0004	0.0000	0.0008	0.0001	0.0960	-0.0002	-0.0001	4.7641	3.6751	2.0666	0.0788	0.0006	0.0006	0.0000	0.0000	0.0000	0.0000	0.0006	0.0006	0.0000	0.0001	0.0001	0.0000	0.0001	0.0001	0.0000	0.0000	0.0000	0.0000	0.1719	0.1522	0.0196	0.0348	0.0337	0.0011	0.1371	0.1185	0.0186	0.0358	0.0204	0.0154	0.0075	0.0062	0.0013	0.0283	0.0142	0.0141	1.0608	0.7475	0.0038	0.0062	0.0053	0.0000	11.8710	1249.3252	0.0036	0.0035	0.0056	0.0007	0.0153	0.0185	0.0000	0.0004	0.0000	0.0008
18	82	0.0991	6	0	1	0	0	0	0	0	0	N	N	N	N	N	N	N	N	N	N	N	N	0.0082	0.0056	0.0124	0.0008	0.0007	0.0000	0.0369	0.0221	0.0917	0.0000	0.0000	0.0000	0.0000	0.0000	0.0000	0.0000	0.0000	0.0000	0.0004	0.0006	0.0000	0.0015	0.0017	0.0005	0.0001	0.0002	0.0000	0.0190	0.0444	-0.0000	-0.0000	4.7641	8.5011	2.0666	5.2406	0.0000	0.0000	0.0000	0.0000	0.0000	0.0000	0.0000	0.0000	0.0000	0.0001	0.0001	0.0000	0.0000	0.0000	0.0000	0.0000	0.0000	0.0000	0.3327	0.2925	0.0402	0.0434	0.0419	0.0015	0.2893	0.2506	0.0387	0.1405	0.0817	0.0588	0.0281	0.0240	0.0042	0.1124	0.0577	0.0546	0.0082	0.0056	0.0124	0.0008	0.0007	0.0000	0.0369	0.0221	0.0917	0.0004	0.0006	0.0000	0.0015	0.0017	0.0005	0.0001	0.0002	0.0000
19	20	0.1850	11	0	2	1	1	0	0	0	0	N	Y	N	N	N	N	N	N	N	N	N	N	0.0000	0.0000	0.0000	0.0000	0.0000	0.0000	0.0000	0.0000	0.0000	0.0000	0.0000	0.0000	0.0000	0.0000	0.0000	0.0000	0.0000	0.0000	0.0000	0.0000	1.4176	0.0000	5.1148	0.0000	0.0000	0.0000	0.0000	0.0000	0.0000	0.0000	0.0000	0.0000	0.0000	0.0000	0.0000	0.0000	0.0000	0.0000	0.0000	0.0000	0.0000	0.0000	0.0000	0.0000	0.0000	0.0000	0.0000	0.0000	0.0000	0.0000	0.0000	0.0000	0.0000	0.0000	0.0000	0.0000	0.0000	0.0000	0.0000	0.0000	0.0000	0.0000	0.0000	0.0000	0.0000	0.0000	0.0000	0.0000	0.0000	0.0000	0.0000	0.0000	0.0000	0.0000	0.0000	0.0000	0.0000	0.0000											
19	21	0.1415	10	0	1	0	1	0	0	0	0	N	N	N	N	N	N	N	N	N	N	N	N	0.0000	0.0000	0.0000	0.0000	0.0000	0.0000	0.0000	0.0000	0.0000	0.0000	0.0000	0.0000	0.0000	0.0000	0.0000	0.0000	0.0000	0.0002	0.0003	0.0001	0.0008	0.0008	0.0009	0.0000	0.0000	0.0000	0.3032	0.0000	-0.0000	1.4176	6.0371	5.1148	11.7316	0.0000	0.0000	0.0000	0.0000	0.0000	0.0000	0.0000	0.0000	0.0000	0.0000	0.0000	0.0000	0.0000	0.0000	0.0000	0.0000	0.0000	0.0000	0.0789	0.0704	0.0085	0.0152	0.0147	0.0005	0.0637	0.0557	0.0080	0.1445	0.0861	0.0585	0.0357	0.0287	0.0070	0.1088	0.0574	0.0514	0.0000	0.0000	0.0000	0.0000	0.0000	0.0000	0.0000	0.0000	0.0000	0.0002	0.0003	0.0001	0.0008	0.0008	0.0009	0.0000	0.0000	0.0000		
19	22	0.0809	5	0	2	0	0	0	0	0	0	N	Y	N	N	N	N	N	N	N	N	N	N	4157.5723	2279.9134	19808.0792	2377.4796	3510.4300	0.0000	858002.6320	3221868.2389	1.7805	0.9987	8.2007	5.3864	5.4932	0.0000	1.0665	0.0000	8.4510	0.0004	0.0004	0.0004	0.0023	0.0016	0.0074	0.0000	0.0000	0.0000	0.9999	0.6490	0.0387	-0.0000	1.4176	11.9950	5.1148	7.9469	0.2844	0.1422	0.1422	0.1422	0.1422	0.0000	0.1422	0.0000	0.1422	0.0001	0.0001	0.0000	0.0001	0.0001	0.0000	0.0000	0.0000	0.0000	0.1597	0.1424	0.0173	0.0264	0.0259	0.0005	0.1333	0.1165	0.0168	0.2004	0.1188	0.0816	0.0378	0.0333	0.0045	0.1626	0.0855	0.0770	4157.5723	2279.9134	19808.0792	2377.4796	3510.4300	0.0000	858002.6320	0.0000	3221868.2389	0.0004	0.0004	0.0004	0.0023	0.0016	0.0074	0.0000	0.0000	0.0000	
19	23	0.2173	11	1	2	0	0	0	0	0	0	N	Y	N	N	N	N	N	N	N	N	N	N	1.0110	39.6150	0.0000	33.3510	30.4116	0.0000	0.0000	0.0002	0.0002	0.0000	0.0005	0.0005	0.0000	0.0000	0.0000	0.0000	0.0002	0.0000	0.0005	0.0000	0.0000	0.0000	0.0003	0.0000	0.0005	0.0000	59.4973	-0.0000	0.0000	1.4176	0.0013	5.1148	0.9984	0.0000	0.0000	0.0000	0.0000	0.0000	0.0000	0.0000	0.0000	0.0000	0.0000	0.0000	0.0000	0.0000	0.0000	0.0000	0.0000	0.0000	0.0000	0.0000	0.0000	0.0000	0.0000	0.0000	0.0000	0.0000	0.0000	0.0000	0.0132	0.0078	0.0054	0.0033	0.0028	0.0005	0.0099	0.0050	0.0049	1.0110	39.6150	0.0000	33.3510	30.4116	0.0000	0.0000	0.0000	0.0000	0.0002	0.0000	0.0005	0.0000	0.0000	0.0000	0.0003	0.0000	0.0005		
19	24	0.1638	12	0	2	0	1	0	0	0	0	N	Y	N	N	N	N	N	N	N	N	N	N	0.0217	0.6387	0.0295	1.0863	0.9308	0.0000	0.0076	0.0280	0.0004	0.0003	0.0015	0.0013	0.0013	0.0000	0.0002	0.0000	0.0016	0.0199	0.0005	0.0495	0.0012	0.0014	0.0001	0.0261	0.0000	0.0558	0.5606	67.1199	-0.0000	0.0008	1.4176	6.0729	5.1148	6.2374	0.0000	0.0000	0.0000	0.0000	0.0000	0.0000	0.0000	0.0000	0.0000	0.0021	0.0000	0.0020	0.0000	0.0000	0.0000	0.0020	0.0000	0.0020	0.0826	0.0738	0.0087	0.0178	0.0172	0.0006	0.0648	0.0566	0.0082	0.1042	0.0629	0.0413	0.0261	0.0214	0.0046	0.0782	0.0415	0.0366	0.0217	0.6387	0.0295	1.0863	0.9308	0.0000	0.0076	0.0000	0.0280	0.0199	0.0005	0.0495	0.0012	0.0014	0.0001	0.0261	0.0000	0.0558	
19	25	0.1065	8	1	2	0	0	0	0	0	0	N	Y	N	N	N	N	N	N	N	N	N	N	0.9072	95.0704	5.5928	215.9859	181.7196	0.0000	0.3388	30.7011	5.8177	0.4880	0.2744	2.2825	1.4648	1.5039	0.0000	0.2936	0.0028	2.3789	0.5380	0.0029	0.4081	0.0068	0.0083	0.0001	0.8665	0.0001	0.4089	0.9901	55.7077	0.0164	0.0115	1.4176	19.6128	5.1148	15.0566	0.1227	0.0616	0.0610	0.0611	0.0611	0.0000	0.0615	0.0005	0.0610	0.0293	0.0005	0.0288	0.0005	0.0005	0.0000	0.0288	0.0000	0.0288	0.2514	0.2246	0.0267	0.0417	0.0406	0.0011	0.2096	0.1840	0.0257	0.2982	0.1792	0.1190	0.0749	0.0612	0.0137	0.2233	0.1180	0.1052	4.9604	95.0704	9.4220	215.9859	181.7196	0.0000	2.2738	30.7011	8.6875	0.0984	0.0029	0.2423	0.0068	0.0083	0.0001	0.1291	0.0001	0.2738
19	26	0.2194	11	0	1	1	0	0	0	0	0	N	N	N	N	N	N	N	N	N	N	N	N	0.0000	0.0000	0.0000	0.0000	0.0000	0.0000	0.0000	0.0000	0.0000	0.0000	0.0000	0.0000	0.0000	0.0000	0.0000	0.0000	0.0000	0.0000	0.0000	0.0000	1.4176	0.0000	5.1148	0.0000	0.0000	0.0000	0.0000	0.0000	0.0000	0.0000	0.0000	0.0000	0.0000	0.0000	0.0000	0.0000	0.0000	0.0000	0.0000	0.0000	0.0000	0.0000	0.0000	0.0000	0.0000	0.0000	0.0000	0.0000	0.0000	0.0000	0.0000	0.0000	0.0000	0.0000	0.0000	0.0000	0.0000	0.0000	0.0000	0.0000	0.0000	0.0000	0.0000	0.0000	0.0000	0.0000	0.0000	0.0000	0.0000	0.0000	0.0000	0.0000	0.0000	0.0000	0.0000	0.0000	0.0000	0.0000											
19	27	0.1903	12	1	1	1	0	0	0	0	0	N	N	N	N	N	N	N	N	N	N	N	N	177.2247	5784.1468	0.0000	8636.0426	8341.3842	0.0000	0.0000	0.0000	0.0141	0.0157	0.0000	0.0552	0.0576	0.0000	0.0000	0.0000	0.0000	0.0001	0.0000	0.0002	0.0000	0.0000	0.0000	0.0001	0.0000	0.0002	0.0000	49.5358	-0.0004	0.0000	1.4176	6.0046	5.1148	3.2467	0.0011	0.0011	0.0000	0.0011	0.0011	0.0000	0.0000	0.0000	0.0000	0.0000	0.0000	0.0000	0.0000	0.0000	0.0000	0.0000	0.0000	0.0000	0.0758	0.0679	0.0079	0.0194	0.0185	0.0008	0.0564	0.0494	0.0071	0.0700	0.0405	0.0295	0.0197	0.0160	0.0038	0.0503	0.0245	0.0257	177.2247	5784.1468	0.0000	8636.0426	8341.3842	0.0000	0.0000	0.0000	0.0000	0.0001	0.0000	0.0002	0.0000	0.0000	0.0000	0.0001	0.0000	0.0002	
19	28	0.1538	11	1	1	0	0	0	0	0	0	N	N	N	N	N	N	N	N	N	N	N	N	0.0005	0.0177	0.0000	0.0305	0.0261	0.0000	0.0000	0.0000	0.0000	0.0000	0.0000	0.0000	0.0000	0.0000	0.0000	0.0000	0.0000	0.0162	0.0005	0.0394	0.0013	0.0015	0.0001	0.0212	0.0000	0.0443	0.0001	50.9151	-0.0000	0.0008	1.4176	7.0330	5.1148	8.3476	0.0000	0.0000	0.0000	0.0000	0.0000	0.0000	0.0000	0.0000	0.0000	0.0021	0.0000	0.0020	0.0000	0.0000	0.0000	0.0020	0.0000	0.0020	0.0956	0.0853	0.0103	0.0205	0.0199	0.0007	0.0750	0.0654	0.0096	0.1281	0.0763	0.0517	0.0320	0.0263	0.0057	0.0961	0.0501	0.0460	0.0005	0.0177	0.0000	0.0305	0.0261	0.0000	0.0000	0.0000	0.0000	0.0162	0.0005	0.0394	0.0013	0.0015	0.0001	0.0212	0.0000	0.0443	
19	29	0.1638	12	0	2	0	1	0	0	0	0	N	Y	N	N	N	N	N	N	N	N	N	N	31.4050	20.7583	0.0000	0.4460	0.3698	133.2758	80.3080	0.0000	0.0308	0.0345	0.0000	0.0014	0.0015	0.0000	0.0387	0.0442	0.0000	0.0010	0.0017	0.0000	0.0032	0.0040	0.0000	0.0003	0.0006	0.0000	0.0000	0.0006	-0.0018	-0.0001	1.4176	12.7698	5.1148	10.8465	0.0051	0.0051	0.0000	0.0000	0.0000	0.0000	0.0050	0.0050	0.0000	0.0002	0.0002	0.0000	0.0001	0.0001	0.0000	0.0000	0.0000	0.0000	0.1641	0.1468	0.0173	0.0346	0.0334	0.0011	0.1295	0.1134	0.0161	0.1799	0.1063	0.0735	0.0423	0.0339	0.0084	0.1375	0.0724	0.0651	31.4050	20.7583	0.0000	0.4460	0.3698	0.0000	133.2758	80.3080	0.0000	0.0010	0.0017	0.0000	0.0032	0.0040	0.0000	0.0003	0.0006	0.0000	
19	30	0.0226	2	1	1	1	0	0	0	0	0	N	N	N	N	N	N	N	N	N	N	N	N	0.1864	214.8348	0.0993	119.0087	115.5628	0.0000	0.1251	0.0000	0.1079	1.0529	0.6866	2.2775	2.2473	2.2483	0.0000	0.6857	0.0000	2.2786	5.6498	0.0032	22.9464	0.0189	0.0195	0.0099	5.4825	0.0001	21.1244	0.9923	2913.4829	0.0320	0.3800	1.4176	11.8338	5.1148	5.9707	0.2383	0.1196	0.1187	0.1196	0.1196	0.0000	0.1187	0.0000	0.1187	0.9257	0.0003	0.9254	0.0003	0.0003	0.0000	0.9254	0.0000	0.9254	0.2263	0.1742	0.0521	0.0532	0.0532	0.0000	0.1731	0.1210	0.0521	0.1856	0.0994	0.0862	0.0168	0.0158	0.0010	0.1688	0.0836	0.0852	0.2110	214.8348	0.2121	119.0087	115.5628	0.0000	0.1251	0.0000	0.2097	4.9891	0.0032	10.7400	0.0189	0.0195	0.0099	5.4825	0.0001	10.8662
19	31	0.1638	12	0	1	1	0	0	0	0	0	N	N	N	N	N	N	N	N	N	N	N	N	15876.2579	5719.5939	536554.6201	9619.2252	8597.5615	0.2048	512602.6710	1895977.2377	1.3031	0.7278	6.1619	3.0368	3.1374	0.0000	0.8303	0.0000	6.5893	0.0001	0.0001	0.0000	0.0003	0.0004	0.0001	0.0000	0.0000	0.0000	1.0025	0.0577	0.0167	-0.0000	1.4176	6.9288	5.1148	3.0309	0.1219	0.0609	0.0610	0.0609	0.0609	0.0000	0.0610	0.0000	0.0610	0.0000	0.0000	0.0000	0.0000	0.0000	0.0000	0.0000	0.0000	0.0000	0.0935	0.0836	0.0099	0.0200	0.0194	0.0006	0.0735	0.0642	0.0093	0.0876	0.0534	0.0342	0.0224	0.0186	0.0038	0.0651	0.0348	0.0304	15876.2579	5719.5939	536554.6201	9619.2252	8597.5615	0.2048	512602.6710	0.0000	1895977.2377	0.0001	0.0001	0.0000	0.0003	0.0004	0.0001	0.0000	0.0000	0.0000	
19	32	0.1538	11	0	1	0	0	0	0	0	0	N	N	N	N	N	N	N	N	N	N	N	N	1.8565	0.9358	10.5592	1.4869	1.3791	0.0000	3.0718	0.0000	10.9136	0.0009	0.0005	0.0039	0.0016	0.0017	0.0000	0.0006	0.0000	0.0042	0.0005	0.0005	0.0004	0.0011	0.0012	0.0002	0.0002	0.0000	0.0004	1.0017	0.4251	0.0000	-0.0000	1.4176	1.8775	5.1148	3.1058	0.0000	0.0000	0.0000	0.0000	0.0000	0.0000	0.0000	0.0000	0.0000	0.0000	0.0000	0.0000	0.0000	0.0000	0.0000	0.0000	0.0000	0.0000	0.0301	0.0268	0.0033	0.0078	0.0076	0.0002	0.0223	0.0192	0.0030	0.0535	0.0338	0.0198	0.0159	0.0139	0.0020	0.0376	0.0198	0.0178	1.8565	0.9358	10.5592	1.4869	1.3791	0.0000	3.0718	0.0000	10.9136	0.0005	0.0005	0.0004	0.0011	0.0012	0.0002	0.0002	0.0000	0.0004
19	33	0.1415	10	0	1	0	0	0	0	0	0	N	N	N	N	N	N	N	N	N	N	N	N	0.0000	0.0000	0.0000	0.0000	0.0000	0.0000	0.0000	0.0000	0.0000	0.0000	0.0000	0.0000	0.0000	0.0000	0.0000	0.0000	0.0000	0.0000	0.0004	0.0002	0.0008	0.0008	0.0005	0.0025	0.0003	0.0000	0.0005	2.4002	-0.0000	0.0000	1.4176	5.3867	5.1148	0.9197	0.0000	0.0000	0.0000	0.0000	0.0000	0.0000	0.0000	0.0000	0.0000	0.0000	0.0000	0.0000	0.0000	0.0000	0.0000	0.0000	0.0000	0.0000	0.0707	0.0631	0.0076	0.0136	0.0132	0.0004	0.0571	0.0499	0.0072	0.0631	0.0395	0.0236	0.0179	0.0153	0.0027	0.0452	0.0242	0.0210	0.0000	0.0000	0.0000	0.0000	0.0000	0.0000	0.0000	0.0000	0.0000	0.0004	0.0002	0.0008	0.0008	0.0005	0.0025	0.0003	0.0000	0.0005	
19	34	0.2248	12	0	2	0	0	0	0	0	0	N	Y	N	N	N	N	N	N	N	N	N	N	0.0000	0.0000	0.0000	0.0000	0.0000	0.0000	0.0000	0.0000	0.0000	0.0000	0.0000	0.0000	0.0000	0.0000	0.0000	0.0000	0.0000	0.0000	0.0000	-0.0000	1.4176	0.0019	5.1148	3.0025	0.0000	0.0000	0.0000	0.0000	0.0000	0.0000	0.0000	0.0000	0.0000	0.0000	0.0000	0.0000	0.0000	0.0000	0.0000	0.0000	0.0000	0.0000	0.0001	0.0001	0.0000	0.0000	0.0000	0.0000	0.0000	0.0000	0.0000	0.0213	0.0131	0.0082	0.0061	0.0049	0.0013	0.0152	0.0082	0.0070	0.0000	0.0000	0.0000	0.0000	0.0000	0.0000	0.0000	0.0000	0.0000	0.0000	0.0000	0.0000	0.0000	0.0000	0.0000	0.0000	0.0000	0.0000											
19	35	0.2054	8	1	2	0	0	0	0	0	0	N	Y	N	N	N	N	N	N	N	N	N	N	0.0000	0.0000	0.0000	0.0000	0.0000	0.0000	0.0000	0.0000	0.0000	0.0000	0.0000	0.0000	0.0000	0.0000	0.0000	0.0000	0.0000	0.0000	0.0000	0.0000	1.4176	1.0000	5.1148	1.9999	0.0000	0.0000	0.0000	0.0000	0.0000	0.0000	0.0000	0.0000	0.0000	0.0000	0.0000	0.0000	0.0000	0.0000	0.0000	0.0000	0.0000	0.0000	0.0130	0.0116	0.0014	0.0033	0.0031	0.0001	0.0098	0.0085	0.0012	0.0264	0.0153	0.0111	0.0059	0.0050	0.0008	0.0205	0.0103	0.0102	0.0000	0.0000	0.0000	0.0000	0.0000	0.0000	0.0000	0.0000	0.0000	0.0000	0.0000	0.0000	0.0000	0.0000	0.0000	0.0000	0.0000	0.0000											
19	36	0.0541	6	0	2	1	0	0	0	0	0	N	Y	N	N	N	N	N	N	N	N	N	N	31.6616	24.7289	0.0738	56.5696	49.8183	30.5075	0.0000	0.0000	0.0000	0.0248	0.0279	0.0000	0.1711	0.1746	0.0007	0.0000	0.0000	0.0000	0.0008	0.0011	0.0002	0.0030	0.0035	0.0000	0.0002	0.0002	0.0003	0.0001	0.1405	-0.0004	-0.0000	1.4176	3.0341	5.1148	5.2124	0.0011	0.0011	0.0000	0.0011	0.0011	0.0000	0.0000	0.0000	0.0000	0.0001	0.0001	0.0000	0.0001	0.0001	0.0000	0.0000	0.0000	0.0000	0.0431	0.0382	0.0049	0.0062	0.0061	0.0001	0.0368	0.0321	0.0047	0.1014	0.0616	0.0398	0.0202	0.0174	0.0028	0.0812	0.0442	0.0370	31.6616	24.7289	0.0738	56.5696	49.8183	30.5075	0.0000	0.0000	0.0000	0.0008	0.0011	0.0002	0.0030	0.0035	0.0000	0.0002	0.0002	0.0003
19	37	0.0303	5	0	2	0	0	0	0	0	0	N	Y	N	N	N	N	N	N	N	N	N	N	0.2319	0.1573	0.0000	0.3894	0.3625	0.0000	0.0000	0.0000	0.0003	0.0003	0.0000	0.0029	0.0029	0.0000	0.0000	0.0000	0.0000	0.0013	0.0022	0.0003	0.0075	0.0080	0.0000	0.0008	0.0014	0.0003	0.0000	0.1241	-0.0000	-0.0001	1.4176	3.0544	5.1148	4.8962	0.0000	0.0000	0.0000	0.0000	0.0000	0.0000	0.0000	0.0000	0.0000	0.0001	0.0001	0.0000	0.0000	0.0000	0.0000	0.0001	0.0001	0.0000	0.0412	0.0364	0.0048	0.0043	0.0043	0.0000	0.0368	0.0321	0.0048	0.0850	0.0453	0.0396	0.0067	0.0062	0.0005	0.0783	0.0392	0.0391	0.2319	0.1573	0.0000	0.3894	0.3625	0.0000	0.0000	0.0000	0.0000	0.0013	0.0022	0.0003	0.0075	0.0080	0.0000	0.0008	0.0013	0.0003	
19	38	0.2248	12	0	1	1	0	0	0	0	0	N	N	N	N	N	N	N	N	N	N	N	N	0.0000	0.0000	0.0000	0.0000	0.0000	0.0000	0.0000	0.0000	0.0000	0.0000	0.0000	0.0000	0.0000	0.0000	0.0000	0.0000	0.0000	0.0000	0.0000	0.0000	1.4176	0.9992	5.1148	1.0069	0.0000	0.0000	0.0000	0.0000	0.0000	0.0000	0.0000	0.0000	0.0000	0.0000	0.0000	0.0000	0.0000	0.0000	0.0000	0.0000	0.0000	0.0000	0.0113	0.0101	0.0013	0.0021	0.0020	0.0001	0.0092	0.0080	0.0012	0.0144	0.0089	0.0055	0.0042	0.0033	0.0008	0.0102	0.0055	0.0047	0.0000	0.0000	0.0000	0.0000	0.0000	0.0000	0.0000	0.0000	0.0000	0.0000	0.0000	0.0000	0.0000	0.0000	0.0000	0.0000	0.0000	0.0000											
19	39	0.2194	11	0	1	0	0	0	0	0	0	N	N	N	N	N	N	N	N	N	N	N	N	0.0000	0.0000	0.0000	0.0000	0.0000	0.0000	0.0000	0.0000	0.0000	0.0000	0.0000	0.0000	0.0000	0.0000	0.0000	0.0000	0.0000	0.0000	0.0000	-0.0000	1.4176	1.0008	5.1148	0.9987	0.0000	0.0000	0.0000	0.0000	0.0000	0.0000	0.0000	0.0000	0.0000	0.0000	0.0000	0.0000	0.0000	0.0000	0.0000	0.0000	0.0000	0.0000	0.0114	0.0102	0.0013	0.0020	0.0020	0.0001	0.0094	0.0082	0.0012	0.0143	0.0087	0.0056	0.0038	0.0030	0.0008	0.0105	0.0057	0.0048	0.0000	0.0000	0.0000	0.0000	0.0000	0.0000	0.0000	0.0000	0.0000	0.0000	0.0000	0.0000	0.0000	0.0000	0.0000	0.0000	0.0000	0.0000											
19	40	0.1415	10	0	1	0	0	0	0	0	0	N	N	N	N	N	N	N	N	N	N	N	N	0.0000	0.0000	0.0000	0.0000	0.0000	0.0000	0.0000	0.0000	0.0000	0.0000	0.0000	0.0000	0.0000	0.0000	0.0000	0.0000	0.0000	5.4295	0.0013	25.9478	0.0025	0.0032	0.0000	6.2560	0.0004	25.7494	6212.1525	0.0000	0.4059	1.4176	9.0374	5.1148	18.5287	0.0000	0.0000	0.0000	0.0000	0.0000	0.0000	0.0000	0.0000	0.0000	0.9883	0.0002	0.9881	0.0001	0.0001	0.0000	0.9882	0.0000	0.9881	0.1160	0.1036	0.0124	0.0223	0.0216	0.0007	0.0937	0.0820	0.0117	0.2071	0.1220	0.0851	0.0491	0.0388	0.0103	0.1580	0.0832	0.0748	0.0000	0.0000	0.0000	0.0000	0.0000	0.0000	0.0000	0.0000	0.0000	4.7720	0.0013	11.6068	0.0025	0.0032	0.0000	6.2560	0.0004	13.2127		
19	41	0.1147	9	0	1	0	0	0	0	0	0	N	N	N	N	N	N	N	N	N	N	N	N	0.3015	0.0246	230.3377	0.0000	0.0000	0.0000	99.7189	18.6531	775.8785	0.0069	0.0014	0.0507	0.0000	0.0000	0.0000	0.0081	0.0017	0.0523	0.0227	0.0583	0.0002	0.0783	0.0925	0.0013	0.0001	0.0001	0.0001	4.3776	0.0035	0.0004	-0.0018	1.4176	9.0369	5.1148	3.5648	0.0008	0.0002	0.0007	0.0000	0.0000	0.0000	0.0008	0.0002	0.0007	0.0031	0.0031	0.0000	0.0031	0.0031	0.0000	0.0000	0.0000	0.0000	0.1182	0.1052	0.0130	0.0180	0.0175	0.0004	0.1003	0.0877	0.0126	0.1358	0.0863	0.0494	0.0394	0.0332	0.0062	0.0964	0.0531	0.0433	0.3015	0.0402	230.3377	0.0000	0.0000	0.0000	99.7189	18.6531	775.8785	0.0227	0.0356	0.0002	0.0783	0.0925	0.0013	0.0001	0.0001	0.0001
19	42	0.0809	5	0	1	0	0	0	0	0	0	N	N	N	N	N	N	N	N	N	N	N	N	13.0838	1.8372	345.5087	3.2652	3.1231	0.0000	91.1861	0.0000	672.3988	0.0298	0.0063	0.2240	0.0357	0.0364	0.0000	0.0288	0.0000	0.2303	0.0023	0.0034	0.0006	0.0109	0.0117	0.0058	0.0003	0.0003	0.0003	4.3364	0.1318	0.0029	-0.0002	1.4176	17.0025	5.1148	6.0864	0.0065	0.0012	0.0053	0.0012	0.0012	0.0000	0.0053	0.0000	0.0053	0.0005	0.0005	0.0001	0.0005	0.0004	0.0000	0.0001	0.0000	0.0000	0.2182	0.1945	0.0236	0.0342	0.0335	0.0006	0.1840	0.1610	0.0230	0.2259	0.1334	0.0925	0.0418	0.0366	0.0052	0.1841	0.0967	0.0874	13.0838	1.8372	345.5087	3.2652	3.1231	0.0000	91.1861	0.0000	672.3988	0.0023	0.0034	0.0006	0.0109	0.0117	0.0058	0.0003	0.0003	0.0003
19	44	0.0809	5	0	2	0	0	0	0	0	0	N	Y	N	N	N	N	N	N	N	N	N	N	0.0069	1.6240	0.0136	0.8939	0.3296	1574.2383	0.0051	inf	0.0000	0.0075	0.0070	0.0123	0.0120	0.0050	0.3478	0.0065	0.0075	0.0000	1.0894	0.0043	0.9062	0.0134	0.0152	0.0002	1.2828	0.0000	0.8465	0.2131	63.4533	-0.0001	0.0124	1.4176	6.9958	5.1148	11.8523	0.0007	0.0006	0.0001	0.0002	0.0001	0.0001	0.0005	0.0005	0.0000	0.0314	0.0005	0.0309	0.0005	0.0005	0.0000	0.0309	0.0000	0.0309	0.0983	0.0877	0.0106	0.0184	0.0180	0.0004	0.0799	0.0697	0.0102	0.1913	0.1136	0.0777	0.0364	0.0320	0.0043	0.1549	0.0816	0.0734	0.0459	1.6240	0.0310	0.8939	0.3296	1574.2383	0.0327	inf	0.0000	0.1639	0.0043	0.3974	0.0134	0.0152	0.0002	0.1992	0.0000	0.4207
19	45	0.1193	6	0	2	0	0	0	0	0	0	N	Y	N	N	N	N	N	N	N	N	N	N	76.4854	52.1409	0.0000	62.8730	55.8089	0.0000	946.8434	691.2367	0.0000	0.4940	0.5544	0.0000	1.6289	1.6675	0.0000	0.2931	0.3346	0.0000	0.0065	0.0106	0.0004	0.0259	0.0299	0.0035	0.0003	0.0005	0.0001	0.0000	0.0276	-0.0449	-0.0012	1.4176	20.1318	5.1148	17.5118	0.1233	0.1233	0.0000	0.0612	0.0612	0.0000	0.0622	0.0622	0.0000	0.0021	0.0020	0.0001	0.0020	0.0020	0.0000	0.0001	0.0001	0.0000	0.2497	0.2225	0.0272	0.0376	0.0367	0.0009	0.2122	0.1858	0.0264	0.3200	0.1892	0.1309	0.0769	0.0653	0.0116	0.2432	0.1239	0.1193	76.4854	52.1409	0.0000	62.8730	55.8089	0.0000	946.8434	691.2367	0.0000	0.0065	0.0106	0.0004	0.0259	0.0299	0.0035	0.0003	0.0005	0.0001
19	46	0.1427	10	0	2	0	0	0	0	0	0	N	Y	N	N	N	N	N	N	N	N	N	N	578.8270	1268.8548	0.0000	3337.2297	2793.1654	0.0000	0.0000	0.0000	0.0035	0.0039	0.0000	0.0169	0.0175	0.0000	0.0000	0.0000	0.0000	0.0000	0.0000	0.0000	0.0000	0.0000	0.0000	0.0000	0.0000	0.0000	0.0000	1.9688	-0.0003	0.0000	1.4176	15.0410	5.1148	10.9147	0.0007	0.0007	0.0000	0.0007	0.0007	0.0000	0.0000	0.0000	0.0000	0.0000	0.0000	0.0000	0.0000	0.0000	0.0000	0.0000	0.0000	0.0000	0.2043	0.1823	0.0221	0.0427	0.0412	0.0015	0.1616	0.1411	0.0206	0.2894	0.1906	0.0988	0.1177	0.0949	0.0229	0.1717	0.0958	0.0759	578.8270	1268.8548	0.0000	3337.2297	2793.1654	0.0000	0.0000	0.0000	0.0000	0.0000	0.0000	0.0000	0.0000	0.0000	0.0000	0.0000	0.0000	0.0000	
19	51	0.1003	6	0	2	0	1	0	0	0	0	N	Y	N	N	N	N	N	N	N	N	N	N	0.0004	0.0003	0.0000	0.0030	0.0040	0.0000	0.0000	0.0000	0.0000	0.0008	0.0009	0.0000	0.0040	0.0041	0.0000	0.0000	0.0000	0.0000	1.7917	2.7905	0.0286	1.3319	1.0164	0.2895	1.7829	3.5892	0.0042	0.0000	0.0159	-0.0000	-0.0842	1.4176	7.3891	5.1148	13.2142	0.0001	0.0001	0.0000	0.0001	0.0001	0.0000	0.0000	0.0000	0.0000	0.1468	0.1445	0.0023	0.0230	0.0210	0.0020	0.1238	0.1235	0.0003	0.1040	0.0928	0.0111	0.0201	0.0197	0.0004	0.0839	0.0732	0.0107	0.2073	0.1270	0.0803	0.0531	0.0445	0.0085	0.1542	0.0824	0.0718	0.0011	0.0008	0.0000	0.0092	0.0086	0.0000	0.0000	0.0000	0.0000	0.7083	1.1384	0.0286	0.4332	0.4712	0.2346	0.8029	1.4990	0.0042
19	52	0.1065	7	0	2	0	0	0	0	0	0	N	Y	N	N	N	N	N	N	N	N	N	N	78.3582	175.5151	174.0783	460.5521	387.9525	0.7008	41.0280	0.0000	161.2249	1.7430	0.9588	8.3076	4.8472	4.9839	0.0000	1.0768	0.0000	8.7028	0.0222	0.0055	0.0477	0.0105	0.0128	0.0000	0.0262	0.0021	0.0540	1.0350	5.7537	0.0419	0.0013	1.4176	12.1779	5.1148	13.0455	0.2894	0.1422	0.1472	0.1422	0.1422	0.0000	0.1472	0.0000	0.1472	0.0051	0.0008	0.0043	0.0006	0.0006	0.0000	0.0045	0.0001	0.0043	0.1660	0.1483	0.0177	0.0293	0.0285	0.0008	0.1367	0.1198	0.0169	0.2285	0.1378	0.0907	0.0582	0.0476	0.0105	0.1703	0.0901	0.0802	78.3582	175.5151	174.0783	460.5521	387.9525	0.7008	41.0280	0.0000	161.2249	0.0222	0.0055	0.0477	0.0105	0.0128	0.0000	0.0262	0.0016	0.0540
19	53	0.0303	5	0	2	0	0	0	0	0	0	N	Y	N	N	N	N	N	N	N	N	N	N	0.0000	0.0000	0.0000	0.0000	0.0000	0.0000	0.0000	0.0000	0.0000	0.0000	0.0000	0.0000	0.0000	0.0000	0.0000	0.0000	0.0000	0.1829	0.0046	0.1431	0.0079	0.0085	0.0000	0.2509	0.0089	0.1448	27.0900	0.0000	0.0017	1.4176	3.0001	5.1148	3.0003	0.0000	0.0000	0.0000	0.0000	0.0000	0.0000	0.0000	0.0000	0.0000	0.0045	0.0002	0.0043	0.0000	0.0000	0.0000	0.0044	0.0001	0.0043	0.0405	0.0358	0.0047	0.0043	0.0043	0.0000	0.0362	0.0315	0.0047	0.0648	0.0346	0.0303	0.0051	0.0047	0.0004	0.0597	0.0298	0.0299	0.0000	0.0000	0.0000	0.0000	0.0000	0.0000	0.0000	0.0000	0.0000	0.0693	0.0046	0.1431	0.0079	0.0085	0.0000	0.0745	0.0040	0.1448		
19	54	0.0229	4	0	1	0	0	0	0	0	0	N	N	N	N	N	N	N	N	N	N	N	N	0.0111	0.0012	28.6227	0.0021	0.0022	7.3158	28.3433	0.0003	0.0002	0.0014	0.0015	0.0015	0.0000	0.0002	0.0000	0.0014	0.0289	0.1459	0.0000	0.7088	0.6809	0.0000	0.0000	0.0000	0.0000	1.0308	0.0008	0.0000	-0.0006	1.4176	1.9998	5.1148	1.0017	0.0000	0.0000	0.0000	0.0000	0.0000	0.0000	0.0000	0.0000	0.0000	0.0010	0.0010	0.0000	0.0010	0.0010	0.0000	0.0000	0.0000	0.0000	0.0271	0.0240	0.0032	0.0028	0.0028	0.0000	0.0243	0.0211	0.0032	0.0331	0.0176	0.0155	0.0027	0.0025	0.0002	0.0305	0.0152	0.0153	0.0111	0.0033	28.6227	0.0042	0.0039	0.0000	7.3158	0.0000	28.3433	0.0289	0.0542	0.0000	0.3604	0.3871	0.0000	0.0000	0.0000	0.0000		
19	56	0.1641	11	0	2	0	0	0	0	0	0	N	Y	N	N	N	N	N	N	N	N	N	N	0.0851	0.0644	0.0000	1.3176	1.1655	0.0000	0.0000	0.0000	0.0000	0.0006	0.0007	0.0000	0.0030	0.0031	0.0000	0.0000	0.0000	0.0000	0.0069	0.0103	0.0002	0.0023	0.0026	0.0001	0.0102	0.2651	0.0003	0.0000	0.0108	-0.0000	-0.0006	1.4176	5.0156	5.1148	9.5596	0.0000	0.0000	0.0000	0.0000	0.0000	0.0000	0.0000	0.0000	0.0000	0.0011	0.0011	0.0000	0.0001	0.0001	0.0000	0.0009	0.0009	0.0000	0.0675	0.0603	0.0073	0.0133	0.0129	0.0004	0.0542	0.0474	0.0069	0.1584	0.1058	0.0527	0.0652	0.0557	0.0095	0.0932	0.0501	0.0431	0.0851	0.0644	0.0000	1.3176	1.1655	0.0000	0.0000	0.0000	0.0000	0.0069	0.0103	0.0002	0.0023	0.0026	0.0001	0.0102	0.0187	0.0003
19	57	0.1427	10	0	2	0	0	0	0	0	0	N	Y	N	N	N	N	N	N	N	N	N	N	0.0141	0.0115	0.2768	2.2133	1.8629	3.3433	0.0002	0.0001	0.0003	0.0173	0.0194	0.0004	0.0644	0.0670	0.0045	0.0003	0.0004	0.0000	1.2219	1.6846	0.0016	0.0291	0.0360	0.0013	1.4011	2.9752	0.0017	0.0029	0.0027	-0.0005	-0.0191	1.4176	5.2776	5.1148	4.9316	0.0015	0.0015	0.0000	0.0015	0.0015	0.0000	0.0000	0.0000	0.0000	0.0326	0.0326	0.0001	0.0025	0.0024	0.0000	0.0302	0.0301	0.0001	0.0877	0.0780	0.0098	0.0232	0.0222	0.0010	0.0645	0.0558	0.0088	0.1742	0.1204	0.0538	0.0843	0.0676	0.0167	0.0899	0.0529	0.0370	0.0921	0.0716	0.2768	2.2133	1.8629	3.3433	0.0009	0.0006	0.0003	0.1874	0.2704	0.0016	0.0291	0.0360	0.0013	0.3359	0.5701	0.0017
19	58	0.1147	9	0	1	0	0	0	0	0	0	N	N	N	N	N	N	N	N	N	N	N	N	0.0021	0.0013	0.0007	0.0200	0.0179	0.0000	0.0019	0.0012	0.0006	0.0174	0.0196	0.0000	0.0003	0.0003	0.0000	0.0205	0.0235	0.0000	8.4860	15.1986	0.0110	0.0169	0.0193	0.0040	10.6329	19.2204	0.0119	0.0000	0.0005	-0.0005	-0.5660	1.4176	6.4383	5.1148	5.2340	0.0015	0.0015	0.0000	0.0000	0.0000	0.0000	0.0015	0.0015	0.0000	0.9617	0.9612	0.0005	0.0006	0.0006	0.0000	0.9611	0.9606	0.0005	0.0859	0.0764	0.0095	0.0132	0.0129	0.0003	0.0727	0.0635	0.0092	0.1278	0.0816	0.0462	0.0374	0.0316	0.0058	0.0904	0.0500	0.0404	0.0023	0.0017	0.0007	0.0200	0.0179	0.0000	0.0019	0.0012	0.0006	7.5273	11.7804	0.0110	0.0169	0.0193	0.0040	10.6329	19.2204	0.0119
19	59	0.1065	8	0	1	0	0	0	0	0	0	N	N	N	N	N	N	N	N	N	N	N	N	0.0243	0.0069	0.0996	1.1798	1.1978	0.0036	0.0092	0.0025	0.1444	0.0039	0.0043	0.0001	0.0039	0.0040	0.0000	0.0039	0.0045	0.0001	0.1611	0.6337	0.0010	0.0033	0.0034	0.0030	0.4254	1.7867	0.0008	0.0026	0.0059	-0.0001	-0.0018	1.4176	3.9043	5.1148	0.3762	0.0003	0.0003	0.0000	0.0001	0.0001	0.0000	0.0002	0.0002	0.0000	0.0031	0.0031	0.0000	0.0000	0.0000	0.0000	0.0031	0.0031	0.0000	0.0641	0.0576	0.0065	0.0156	0.0151	0.0005	0.0484	0.0425	0.0059	0.0481	0.0304	0.0176	0.0138	0.0117	0.0021	0.0343	0.0188	0.0155	0.0604	0.0427	0.0996	1.1798	1.1978	0.0036	0.0438	0.0273	0.1444	0.0648	0.1018	0.0010	0.0033	0.0034	0.0030	0.0896	0.1630	0.0008
19	60	0.1065	7	0	1	0	0	0	0	0	0	N	N	N	N	N	N	N	N	N	N	N	N	0.9133	0.7539	0.5349	1.4631	1.5577	0.0028	0.0432	0.0000	1.9585	0.0022	0.0023	0.0005	0.0062	0.0064	0.0000	0.0001	0.0000	0.0005	0.0024	0.0031	0.0009	0.0042	0.0041	0.0050	0.0014	0.0038	0.0003	0.0196	0.1356	-0.0000	-0.0000	1.4176	1.5036	5.1148	0.1987	0.0001	0.0001	0.0000	0.0001	0.0001	0.0000	0.0000	0.0000	0.0000	0.0001	0.0000	0.0000	0.0000	0.0000	0.0000	0.0000	0.0000	0.0000	0.0322	0.0293	0.0029	0.0110	0.0106	0.0004	0.0212	0.0187	0.0025	0.0231	0.0156	0.0075	0.0076	0.0066	0.0009	0.0155	0.0090	0.0066	0.9133	0.7539	0.5349	1.4631	1.5577	0.0028	0.0432	0.0000	1.9585	0.0024	0.0031	0.0009	0.0042	0.0041	0.0050	0.0014	0.0023	0.0003
19	61	0.1003	6	0	1	0	0	0	0	0	0	N	N	N	N	N	N	N	N	N	N	N	N	0.2938	0.2458	0.1445	0.4694	0.4800	0.0061	0.0183	0.0000	1.2402	0.0011	0.0012	0.0002	0.0038	0.0039	0.0000	0.0000	0.0000	0.0002	0.0036	0.0047	0.0011	0.0081	0.0081	0.0081	0.0012	0.0034	0.0001	0.0158	0.1078	-0.0000	-0.0001	1.4176	2.7181	5.1148	1.0102	0.0000	0.0000	0.0000	0.0000	0.0000	0.0000	0.0000	0.0000	0.0000	0.0002	0.0002	0.0000	0.0002	0.0001	0.0000	0.0000	0.0000	0.0000	0.0440	0.0396	0.0044	0.0121	0.0118	0.0003	0.0320	0.0278	0.0042	0.0586	0.0405	0.0182	0.0203	0.0181	0.0022	0.0383	0.0224	0.0159	0.2938	0.2458	0.1445	0.4694	0.4800	0.0061	0.0183	0.0000	1.2402	0.0036	0.0047	0.0011	0.0081	0.0081	0.0081	0.0012	0.0020	0.0001
19	62	0.0809	5	0	1	0	0	0	0	0	0	N	N	N	N	N	N	N	N	N	N	N	N	0.0006	0.0004	0.0023	0.0006	0.0005	0.0000	0.0000	0.0000	0.0053	0.0000	0.0000	0.0000	0.0000	0.0000	0.0000	0.0000	0.0000	0.0000	0.0052	0.0083	0.0002	0.0171	0.0186	0.0020	0.0018	0.0060	0.0001	0.0129	0.0147	-0.0000	-0.0003	1.4176	1.4525	5.1148	6.3634	0.0000	0.0000	0.0000	0.0000	0.0000	0.0000	0.0000	0.0000	0.0000	0.0005	0.0005	0.0000	0.0004	0.0004	0.0000	0.0001	0.0001	0.0000	0.0262	0.0238	0.0024	0.0091	0.0089	0.0002	0.0172	0.0149	0.0022	0.0937	0.0581	0.0356	0.0209	0.0190	0.0019	0.0728	0.0391	0.0337	0.0006	0.0004	0.0023	0.0006	0.0005	0.0000	0.0000	0.0000	0.0053	0.0052	0.0083	0.0002	0.0171	0.0186	0.0020	0.0018	0.0033	0.0001
19	63	0.1603	8	1	2	0	1	0	0	0	0	N	Y	N	N	N	N	N	N	N	N	N	N	0.0000	0.0000	0.0000	0.0000	0.0000	0.0000	0.0000	0.0000	0.0000	0.0000	0.0000	0.0000	0.0000	0.0000	0.0000	0.0000	0.0000	0.0005	0.0004	0.0006	0.0013	0.0015	0.0000	0.0003	0.0000	0.0007	1.0002	0.0000	-0.0000	1.4176	2.0000	5.1148	2.0002	0.0000	0.0000	0.0000	0.0000	0.0000	0.0000	0.0000	0.0000	0.0000	0.0000	0.0000	0.0000	0.0000	0.0000	0.0000	0.0000	0.0000	0.0000	0.0267	0.0238	0.0029	0.0056	0.0054	0.0002	0.0211	0.0184	0.0027	0.0382	0.0225	0.0157	0.0079	0.0067	0.0012	0.0303	0.0157	0.0145	0.0000	0.0000	0.0000	0.0000	0.0000	0.0000	0.0000	0.0000	0.0000	0.0005	0.0004	0.0006	0.0013	0.0015	0.0000	0.0003	0.0000	0.0007		
19	64	0.1760	12	0	2	0	1	0	0	0	0	N	Y	N	N	N	N	N	N	N	N	N	N	0.0000	0.0000	0.0000	0.0000	0.0000	0.0000	0.0000	0.0000	0.0000	0.0000	0.0000	0.0000	0.0000	0.0000	0.0000	0.0000	0.0000	0.0000	0.3920	0.0034	0.3109	0.0083	0.0065	0.0197	0.6870	0.0033	0.2666	40.7368	0.0000	0.0022	1.4176	2.0059	5.1148	4.8036	0.0000	0.0000	0.0000	0.0000	0.0000	0.0000	0.0000	0.0000	0.0000	0.0056	0.0001	0.0055	0.0001	0.0001	0.0000	0.0055	0.0000	0.0054	0.0270	0.0241	0.0029	0.0060	0.0057	0.0002	0.0210	0.0183	0.0027	0.0646	0.0389	0.0257	0.0151	0.0130	0.0020	0.0495	0.0258	0.0237	0.0000	0.0000	0.0000	0.0000	0.0000	0.0000	0.0000	0.0000	0.0000	0.0866	0.0034	0.2122	0.0083	0.0065	0.0197	0.1104	0.0019	0.2288	
19	65	0.1732	10	0	2	0	0	0	0	0	0	N	Y	N	N	N	N	N	N	N	N	N	N	0.0000	0.0000	0.0000	0.0000	0.0000	0.0000	0.0000	0.0000	0.0000	0.0000	0.0000	0.0000	0.0000	0.0000	0.0000	0.0000	0.0000	0.0001	0.0002	0.0000	0.0004	0.0004	0.0001	0.0000	0.0000	0.0000	0.0420	0.0000	-0.0000	1.4176	0.9804	5.1148	0.2754	0.0000	0.0000	0.0000	0.0000	0.0000	0.0000	0.0000	0.0000	0.0000	0.0000	0.0000	0.0000	0.0000	0.0000	0.0000	0.0000	0.0000	0.0000	0.0138	0.0123	0.0015	0.0031	0.0030	0.0001	0.0107	0.0094	0.0014	0.0135	0.0079	0.0056	0.0033	0.0029	0.0004	0.0102	0.0051	0.0052	0.0000	0.0000	0.0000	0.0000	0.0000	0.0000	0.0000	0.0000	0.0000	0.0001	0.0002	0.0000	0.0004	0.0004	0.0001	0.0000	0.0000	0.0000		
19	66	0.1710	11	0	1	1	1	0	0	0	0	N	N	N	N	N	N	N	N	N	N	N	N	0.0000	0.0000	0.0000	0.0000	0.0000	0.0000	0.0000	0.0000	0.0000	0.0000	0.0000	0.0000	0.0000	0.0000	0.0000	0.0000	1.6860	0.0140	4.4355	0.0347	0.0400	0.0000	1.6737	0.0000	2.6155	63.0546	0.0000	0.0115	1.4176	0.9437	5.1148	4.8091	0.0000	0.0000	0.0000	0.0000	0.0000	0.0000	0.0000	0.0000	0.0000	0.0292	0.0005	0.0288	0.0005	0.0005	0.0000	0.0288	0.0000	0.0288	0.0166	0.0147	0.0019	0.0051	0.0048	0.0002	0.0116	0.0099	0.0017	0.0562	0.0339	0.0223	0.0131	0.0114	0.0017	0.0431	0.0225	0.0206	0.0000	0.0000	0.0000	0.0000	0.0000	0.0000	0.0000	0.0000	0.0000	0.5197	0.0135	1.2891	0.0347	0.0400	0.0000	0.6675	0.0000	1.3973			
19	67	0.1639	10	0	1	1	1	0	0	0	0	N	N	N	N	N	N	N	N	N	N	N	N	0.0000	0.0000	0.0000	0.0000	0.0000	0.0000	0.0000	0.0000	0.0000	0.0000	0.0000	0.0000	0.0000	0.0000	0.0000	0.0000	0.0000	0.0000	0.0009	0.0013	0.0003	0.0017	0.0019	0.0001	0.0007	0.0011	0.0003	0.1499	0.0000	-0.0000	1.4176	4.0088	5.1148	5.0246	0.0000	0.0000	0.0000	0.0000	0.0000	0.0000	0.0000	0.0000	0.0000	0.0001	0.0001	0.0000	0.0000	0.0000	0.0000	0.0000	0.0000	0.0000	0.0530	0.0473	0.0057	0.0111	0.0107	0.0004	0.0419	0.0366	0.0053	0.0851	0.0504	0.0348	0.0180	0.0154	0.0026	0.0671	0.0350	0.0321	0.0000	0.0000	0.0000	0.0000	0.0000	0.0000	0.0000	0.0000	0.0000	0.0009	0.0013	0.0003	0.0017	0.0019	0.0001	0.0007	0.0011	0.0003	
19	68	0.1760	12	0	1	1	1	0	0	0	0	N	N	N	N	N	N	N	N	N	N	N	N	0.0000	0.0000	0.0000	0.0000	0.0000	0.0000	0.0000	0.0000	0.0000	0.0000	0.0000	0.0000	0.0000	0.0000	0.0000	0.0000	0.0000	0.0000	0.0003	0.0005	0.0000	0.0014	0.0016	0.0000	0.0000	0.0000	0.0000	0.0154	0.0000	-0.0000	1.4176	1.0064	5.1148	4.2000	0.0000	0.0000	0.0000	0.0000	0.0000	0.0000	0.0000	0.0000	0.0000	0.0000	0.0000	0.0000	0.0000	0.0000	0.0000	0.0000	0.0000	0.0000	0.0137	0.0122	0.0015	0.0030	0.0029	0.0001	0.0106	0.0093	0.0014	0.0502	0.0303	0.0199	0.0118	0.0103	0.0016	0.0384	0.0200	0.0183	0.0000	0.0000	0.0000	0.0000	0.0000	0.0000	0.0000	0.0000	0.0000	0.0003	0.0005	0.0000	0.0014	0.0016	0.0000	0.0000	0.0000	0.0000	
19	69	0.1710	11	0	1	0	1	0	0	0	0	N	N	N	N	N	N	N	N	N	N	N	N	0.0000	0.0000	0.0000	0.0000	0.0000	0.0000	0.0000	0.0000	0.0000	0.0000	0.0000	0.0000	0.0000	0.0000	0.0000	0.0000	0.0000	0.0000	0.0039	0.0048	0.0024	0.0114	0.0128	0.0001	0.0013	0.0000	0.0026	0.3110	0.0000	-0.0000	1.4176	1.2889	5.1148	0.3511	0.0000	0.0000	0.0000	0.0000	0.0000	0.0000	0.0000	0.0000	0.0000	0.0001	0.0001	0.0000	0.0001	0.0001	0.0000	0.0000	0.0000	0.0000	0.0212	0.0188	0.0024	0.0060	0.0058	0.0003	0.0152	0.0131	0.0021	0.0180	0.0112	0.0068	0.0047	0.0042	0.0005	0.0134	0.0070	0.0063	0.0000	0.0000	0.0000	0.0000	0.0000	0.0000	0.0000	0.0000	0.0000	0.0039	0.0048	0.0024	0.0114	0.0128	0.0001	0.0013	0.0000	0.0026	
19	70	0.1639	10	0	1	0	1	0	0	0	0	N	N	N	N	N	N	N	N	N	N	N	N	0.0000	0.0000	0.0000	0.0000	0.0000	0.0000	0.0000	0.0000	0.0000	0.0000	0.0000	0.0000	0.0000	0.0000	0.0000	0.0000	0.0000	0.0000	0.0046	0.0025	0.0077	0.0067	0.0076	0.0000	0.0040	0.0000	0.0083	2.0370	0.0000	0.0000	1.4176	0.7777	5.1148	1.1718	0.0000	0.0000	0.0000	0.0000	0.0000	0.0000	0.0000	0.0000	0.0000	0.0001	0.0000	0.0001	0.0000	0.0000	0.0000	0.0001	0.0000	0.0001	0.0105	0.0094	0.0011	0.0022	0.0021	0.0001	0.0083	0.0072	0.0011	0.0201	0.0121	0.0081	0.0046	0.0040	0.0006	0.0155	0.0081	0.0075	0.0000	0.0000	0.0000	0.0000	0.0000	0.0000	0.0000	0.0000	0.0000	0.0046	0.0025	0.0077	0.0067	0.0076	0.0000	0.0040	0.0000	0.0083	
19	71	0.1603	9	0	1	0	1	0	0	0	0	N	N	N	N	N	N	N	N	N	N	N	N	0.0000	0.0000	0.0000	0.0000	0.0000	0.0000	0.0000	0.0000	0.0000	0.0000	0.0000	0.0000	0.0000	0.0000	0.0000	0.0000	0.0000	0.0000	0.0002	0.0001	0.0003	0.0004	0.0005	0.0000	0.0001	0.0000	0.0003	1.3252	0.0000	-0.0000	1.4176	0.9929	5.1148	0.0325	0.0000	0.0000	0.0000	0.0000	0.0000	0.0000	0.0000	0.0000	0.0000	0.0000	0.0000	0.0000	0.0000	0.0000	0.0000	0.0000	0.0000	0.0000	0.0133	0.0119	0.0015	0.0028	0.0027	0.0001	0.0106	0.0092	0.0013	0.0100	0.0059	0.0041	0.0021	0.0018	0.0003	0.0079	0.0041	0.0038	0.0000	0.0000	0.0000	0.0000	0.0000	0.0000	0.0000	0.0000	0.0000	0.0002	0.0001	0.0003	0.0004	0.0005	0.0000	0.0001	0.0000	0.0003	
19	72	0.2054	8	1	2	0	0	0	0	0	0	N	Y	N	N	N	N	N	N	N	N	N	N	0.0000	0.0000	0.0000	0.0000	0.0000	0.0000	0.0000	0.0000	0.0000	0.0000	0.0000	0.0000	0.0000	0.0000	0.0000	0.0000	0.0000	0.0000	0.0000	0.0000	1.4176	0.0000	5.1148	0.0001	0.0000	0.0000	0.0000	0.0000	0.0000	0.0000	0.0000	0.0000	0.0000	0.0000	0.0000	0.0000	0.0000	0.0000	0.0000	0.0000	0.0000	0.0000	0.0000	0.0000	0.0000	0.0000	0.0000	0.0000	0.0000	0.0000	0.0000	0.0000	0.0000	0.0000	0.0000	0.0000	0.0000	0.0000	0.0000	0.0000	0.0000	0.0000	0.0000	0.0000	0.0000	0.0000	0.0000	0.0000	0.0000	0.0000	0.0000	0.0000	0.0000	0.0000	0.0000	0.0000	0.0000	0.0000											
19	73	0.1421	7	1	2	0	0	0	0	0	0	N	Y	N	N	N	N	N	N	N	N	N	N	0.0398	1.6497	0.3714	0.1710	0.1518	0.0000	0.0457	116481.9431	0.4072	0.0486	0.0088	0.3791	0.0027	0.0028	0.0000	0.0600	0.0104	0.4056	1.2233	0.0053	1.0205	0.0159	0.0186	0.0000	1.3127	0.0000	0.9960	5.1986	59.2660	0.0030	0.0115	1.4176	9.9619	5.1148	7.0378	0.0063	0.0010	0.0053	0.0001	0.0001	0.0000	0.0062	0.0009	0.0053	0.0292	0.0005	0.0287	0.0005	0.0005	0.0000	0.0287	0.0000	0.0287	0.1296	0.1156	0.0139	0.0256	0.0247	0.0009	0.1039	0.0909	0.0130	0.1546	0.0909	0.0637	0.0305	0.0261	0.0044	0.1241	0.0648	0.0593	0.2576	1.6497	0.8411	0.1710	0.1518	0.0000	0.2593	116481.9431	0.8378	0.1889	0.0053	0.4507	0.0159	0.0186	0.0000	0.2313	0.0000	0.4841
19	74	0.1539	7	0	2	0	0	0	0	0	0	N	Y	N	N	N	N	N	N	N	N	N	N	0.0011	0.0000	0.2508	0.0010	0.0000	0.6571	0.0000	0.0000	0.0000	0.0000	0.0000	0.0000	0.0000	0.0000	0.0001	0.0000	0.0000	0.0000	0.0007	0.0012	0.0000	0.0031	0.0036	0.0001	0.0000	0.0000	0.0000	inf	0.0171	0.0000	-0.0000	1.4176	7.0442	5.1148	2.0273	0.0000	0.0000	0.0000	0.0000	0.0000	0.0000	0.0000	0.0000	0.0000	0.0001	0.0001	0.0000	0.0001	0.0001	0.0000	0.0000	0.0000	0.0000	0.1072	0.0958	0.0114	0.0267	0.0257	0.0011	0.0805	0.0701	0.0103	0.0854	0.0500	0.0354	0.0193	0.0168	0.0025	0.0660	0.0332	0.0329	0.0011	0.0000	0.2508	0.0010	0.0000	0.6571	0.0000	0.0000	0.0000	0.0007	0.0012	0.0000	0.0031	0.0036	0.0001	0.0000	0.0000	0.0000
19	75	0.1300	6	0	2	0	0	0	0	0	0	N	Y	N	N	N	N	N	N	N	N	N	N	8.8461	7.1403	0.0003	11.2417	9.9249	0.0936	0.0000	0.0000	0.0000	0.0225	0.0251	0.0000	0.0990	0.1013	0.0000	0.0000	0.0000	0.0000	0.0025	0.0035	0.0011	0.0088	0.0102	0.0001	0.0009	0.0007	0.0012	0.0000	0.2253	-0.0006	-0.0001	1.4176	4.3369	5.1148	3.0972	0.0015	0.0015	0.0000	0.0015	0.0015	0.0000	0.0000	0.0000	0.0000	0.0002	0.0002	0.0000	0.0001	0.0001	0.0000	0.0001	0.0000	0.0000	0.0679	0.0607	0.0071	0.0154	0.0151	0.0004	0.0524	0.0457	0.0067	0.0725	0.0427	0.0297	0.0147	0.0127	0.0020	0.0578	0.0301	0.0277	8.8461	7.1403	0.0003	11.2417	9.9249	0.0936	0.0000	0.0000	0.0000	0.0025	0.0035	0.0011	0.0088	0.0102	0.0001	0.0009	0.0007	0.0012
19	76	0.2173	11	1	2	0	0	0	0	0	0	N	Y	N	N	N	N	N	N	N	N	N	N	5.0344	199.9862	0.0000	153.7027	135.2689	2.5479	inf	0.0000	0.0005	0.0006	0.0000	0.0011	0.0011	0.0000	0.0003	0.0004	0.0000	0.0001	0.0000	0.0003	0.0000	0.0000	0.0000	0.0001	0.0000	0.0003	0.0000	59.4973	-0.0000	0.0000	1.4176	1.9992	5.1148	0.0055	0.0000	0.0000	0.0000	0.0000	0.0000	0.0000	0.0000	0.0000	0.0000	0.0000	0.0000	0.0000	0.0000	0.0000	0.0000	0.0000	0.0000	0.0000	0.0380	0.0343	0.0037	0.0094	0.0091	0.0003	0.0286	0.0251	0.0034	0.0262	0.0155	0.0107	0.0066	0.0056	0.0010	0.0196	0.0099	0.0097	5.0344	199.9862	0.0000	153.7027	135.2689	0.0000	2.5479	inf	0.0000	0.0001	0.0000	0.0003	0.0000	0.0000	0.0000	0.0001	0.0000	0.0003	
19	77	0.1732	10	1	2	0	0	0	0	0	0	N	Y	N	N	N	N	N	N	N	N	N	N	0.0000	0.0002	0.0000	0.0001	0.0001	0.0000	0.0000	inf	0.0000	0.0000	0.0000	0.0000	0.0000	0.0000	0.0000	0.0000	0.0000	0.0000	0.0311	0.0010	0.0739	0.0027	0.0032	0.0000	0.0464	0.0000	0.0801	0.0217	51.2629	-0.0000	0.0008	1.4176	5.0219	5.1148	2.0148	0.0000	0.0000	0.0000	0.0000	0.0000	0.0000	0.0000	0.0000	0.0000	0.0021	0.0000	0.0020	0.0000	0.0000	0.0000	0.0020	0.0000	0.0020	0.0666	0.0595	0.0071	0.0141	0.0137	0.0005	0.0525	0.0458	0.0066	0.0674	0.0397	0.0277	0.0147	0.0126	0.0021	0.0527	0.0271	0.0256	0.0000	0.0002	0.0000	0.0001	0.0001	0.0000	0.0000	inf	0.0000	0.0310	0.0010	0.0739	0.0027	0.0032	0.0000	0.0389	0.0000	0.0801
19	78	0.1603	9	0	2	0	0	0	0	0	0	N	Y	N	N	N	N	N	N	N	N	N	N	0.0000	0.0000	0.0000	0.0000	0.0000	0.0000	0.0000	0.0000	0.0000	0.0000	0.0000	0.0000	0.0000	0.0000	0.0000	0.0000	0.0000	0.0000	0.0000	0.0000	0.0001	0.0000	0.0000	0.0000	0.0000	0.0000	0.0001	7.3966	0.0000	0.0000	1.4176	1.0203	5.1148	2.7327	0.0000	0.0000	0.0000	0.0000	0.0000	0.0000	0.0000	0.0000	0.0000	0.0000	0.0000	0.0000	0.0000	0.0000	0.0000	0.0000	0.0000	0.0000	0.0137	0.0122	0.0015	0.0029	0.0027	0.0001	0.0108	0.0095	0.0014	0.0359	0.0211	0.0148	0.0074	0.0063	0.0011	0.0284	0.0148	0.0137	0.0000	0.0000	0.0000	0.0000	0.0000	0.0000	0.0000	0.0000	0.0000	0.0000	0.0000	0.0001	0.0000	0.0000	0.0000	0.0000	0.0000	0.0001	
19	79	0.1603	8	0	1	0	0	0	0	0	0	N	N	N	N	N	N	N	N	N	N	N	N	0.0000	0.0000	0.0000	0.0000	0.0000	0.0000	0.0000	0.0000	0.0000	0.0000	0.0000	0.0000	0.0000	0.0000	0.0000	0.0000	0.0000	0.0003	0.0002	0.0004	0.0004	0.0004	0.0021	0.0002	0.0000	0.0003	1.0000	0.0000	-0.0000	1.4176	0.0000	5.1148	0.0018	0.0000	0.0000	0.0000	0.0000	0.0000	0.0000	0.0000	0.0000	0.0000	0.0000	0.0000	0.0000	0.0000	0.0000	0.0000	0.0000	0.0000	0.0000	0.0000	0.0000	0.0000	0.0000	0.0000	0.0000	0.0000	0.0000	0.0000	0.0000	0.0000	0.0000	0.0000	0.0000	0.0000	0.0000	0.0000	0.0000	0.0000	0.0000	0.0000	0.0000	0.0000	0.0000	0.0000	0.0000	0.0000	0.0003	0.0002	0.0004	0.0004	0.0004	0.0021	0.0002	0.0000	0.0003		
19	80	0.1421	7	0	1	0	0	0	0	0	0	N	N	N	N	N	N	N	N	N	N	N	N	8.5938	5.7479	0.0293	0.4561	0.4065	0.0000	637.3638	114179.2602	0.0304	0.0235	0.0264	0.0000	0.0061	0.0063	0.0000	0.0280	0.0321	0.0000	0.0027	0.0046	0.0001	0.0134	0.0156	0.0001	0.0000	0.0000	0.0001	0.0000	0.0135	-0.0004	-0.0001	1.4176	3.0825	5.1148	2.0124	0.0010	0.0010	0.0000	0.0001	0.0001	0.0000	0.0009	0.0009	0.0000	0.0001	0.0001	0.0000	0.0001	0.0001	0.0000	0.0000	0.0000	0.0000	0.0425	0.0379	0.0046	0.0087	0.0084	0.0003	0.0339	0.0296	0.0043	0.0498	0.0293	0.0205	0.0100	0.0086	0.0014	0.0397	0.0207	0.0191	8.5938	5.7479	0.0293	0.4561	0.4065	0.0000	637.3638	114179.2602	0.0304	0.0027	0.0046	0.0001	0.0134	0.0156	0.0001	0.0000	0.0000	0.0001
19	81	0.1300	6	0	1	0	0	0	0	0	0	N	N	N	N	N	N	N	N	N	N	N	N	3557.6435	6602.2439	0.0691	2.7340	2.4342	0.0000	4883.8630	19748.8526	0.0679	16.7625	18.7075	0.0005	0.0152	0.0156	0.0000	21.9005	25.1451	0.0005	0.0047	0.0028	0.0074	0.0056	0.0064	0.0002	0.0045	0.0013	0.0080	0.0000	1.8053	-0.3619	0.0000	1.4176	3.6751	5.1148	0.0788	0.9948	0.9948	0.0000	0.0002	0.0002	0.0000	0.9946	0.9946	0.0000	0.0002	0.0001	0.0001	0.0000	0.0000	0.0000	0.0001	0.0000	0.0001	0.0593	0.0532	0.0062	0.0139	0.0136	0.0003	0.0454	0.0396	0.0059	0.0379	0.0225	0.0155	0.0079	0.0069	0.0011	0.0300	0.0156	0.0144	3557.6435	6602.2439	0.0691	2.7340	2.4342	0.0000	4883.8630	19844.0143	0.0679	0.0047	0.0028	0.0074	0.0056	0.0064	0.0002	0.0045	0.0013	0.0080
19	82	0.0809	5	0	1	0	0	0	0	0	0	N	N	N	N	N	N	N	N	N	N	N	N	4.2537	3.6290	1.2664	0.5359	0.4904	0.0000	12.7163	27.9567	1.2676	0.0141	0.0156	0.0024	0.0062	0.0064	0.0000	0.0158	0.0178	0.0024	0.0033	0.0043	0.0019	0.0117	0.0130	0.0008	0.0012	0.0006	0.0019	0.0184	0.2891	-0.0006	-0.0002	1.4176	8.5011	5.1148	5.2406	0.0017	0.0016	0.0000	0.0001	0.0001	0.0000	0.0015	0.0015	0.0000	0.0005	0.0004	0.0001	0.0003	0.0003	0.0000	0.0001	0.0000	0.0001	0.1171	0.1045	0.0127	0.0208	0.0204	0.0004	0.0963	0.0841	0.0122	0.1475	0.0887	0.0588	0.0294	0.0262	0.0032	0.1181	0.0625	0.0556	4.2537	3.6290	1.2664	0.5359	0.4904	0.0000	12.7163	27.9567	1.2676	0.0033	0.0043	0.0019	0.0117	0.0130	0.0008	0.0012	0.0006	0.0019
20	22	0.1041	7	0	2	1	1	0	0	0	0	N	Y	N	N	N	N	N	N	N	N	N	N	0.0000	0.0000	0.0000	0.0000	0.0000	0.0000	0.0000	0.0000	0.0000	0.0000	0.0000	0.0000	0.0000	0.0000	0.0000	0.0000	0.0000	0.0000	0.0000	0.0000	0.0000	11.9950	0.0000	7.9469	0.0000	0.0000	0.0000	0.0000	0.0000	0.0000	0.0000	0.0000	0.0000	0.0000	0.0000	0.0000	0.0000	0.0000	0.0000	0.0000	0.0000	0.0000	0.0000	0.0000	0.0000	0.0000	0.0000	0.0000	0.0000	0.0000	0.0000	0.0000	0.0000	0.0000	0.0000	0.0000	0.0000	0.0000	0.0000	0.0000	0.0000	0.0000	0.0000	0.0000	0.0000	0.0000	0.0000	0.0000	0.0000	0.0000	0.0000	0.0000	0.0000	0.0000	0.0000	0.0000	0.0000	0.0000											
20	23	0.2405	13	1	2	1	1	0	0	0	0	N	Y	N	N	N	N	N	N	N	N	N	N	0.0000	0.0000	0.0000	0.0000	0.0000	0.0000	0.0000	0.0000	0.0000	0.0000	0.0000	0.0000	0.0000	0.0000	0.0000	0.0000	0.0000	0.0000	0.0000	0.0000	0.0000	0.0013	0.0000	0.9984	0.0000	0.0000	0.0000	0.0000	0.0000	0.0000	0.0000	0.0000	0.0000	0.0000	0.0000	0.0000	0.0000	0.0000	0.0000	0.0000	0.0000	0.0000	0.0000	0.0000	0.0000	0.0000	0.0000	0.0000	0.0000	0.0000	0.0000	0.0000	0.0000	0.0000	0.0000	0.0000	0.0000	0.0000	0.0000	0.0000	0.0000	0.0000	0.0000	0.0000	0.0000	0.0000	0.0000	0.0000	0.0000	0.0000	0.0000	0.0000	0.0000	0.0000	0.0000	0.0000	0.0000	0.0000											
20	24	0.0658	4	0	2	1	2	0	0	0	0	N	Y	N	Y	N	N	N	N	N	N	N	N	0.0000	0.0000	0.0000	0.0000	0.0000	0.0000	0.0000	0.0000	0.0000	0.0000	0.0000	0.0000	0.0000	0.0000	0.0000	0.0000	0.0000	0.0000	0.0000	0.0000	0.0000	6.0729	0.0000	6.2374	0.0000	0.0000	0.0000	0.0000	0.0000	0.0000	0.0000	0.0000	0.0000	0.0000	0.0000	0.0000	0.0000	0.0000	0.0000	0.0000	0.0000	0.0000	0.0000	0.0000	0.0000	0.0000	0.0000	0.0000	0.0000	0.0000	0.0000	0.0000	0.0000	0.0000	0.0000	0.0000	0.0000	0.0000	0.0000	0.0000	0.0000	0.0000	0.0000	0.0000	0.0000	0.0000	0.0000	0.0000	0.0000	0.0000	0.0000	0.0000	0.0000	0.0000	0.0000	0.0000	0.0000	0.0000											
20	25	0.0786	4	1	2	1	1	0	0	0	0	N	Y	N	N	N	N	N	N	N	N	N	N	0.0000	0.0000	0.0000	0.0000	0.0000	0.0000	0.0000	0.0000	0.0000	0.0000	0.0000	0.0000	0.0000	0.0000	0.0000	0.0000	0.0000	0.0000	0.0000	0.0000	0.0000	19.6128	0.0000	15.0566	0.0000	0.0000	0.0000	0.0000	0.0000	0.0000	0.0000	0.0000	0.0000	0.0000	0.0000	0.0000	0.0000	0.0000	0.0000	0.0000	0.0000	0.0000	0.0000	0.0000	0.0000	0.0000	0.0000	0.0000	0.0000	0.0000	0.0000	0.0000	0.0000	0.0000	0.0000	0.0000	0.0000	0.0000	0.0000	0.0000	0.0000	0.0000	0.0000	0.0000	0.0000	0.0000	0.0000	0.0000	0.0000	0.0000	0.0000	0.0000	0.0000	0.0000	0.0000	0.0000	0.0000	0.0000											
20	26	0.1214	3	0	1	2	1	0	0	0	0	N	N	Y	N	N	N	N	N	N	N	N	N	0.0000	0.0000	0.0000	0.0000	0.0000	0.0000	0.0000	0.0000	0.0000	0.0000	0.0000	0.0000	0.0000	0.0000	0.0000	0.0000	0.0000	0.0000	0.0000	0.0000	0.0000	0.0000	0.0000	0.0000	0.0000	0.0000	0.0000	0.0000	0.0000	0.0000	0.0000	0.0000	0.0000	0.0000	0.0000	0.0000	0.0000	0.0000	0.0000	0.0000	0.0000	0.0000	0.0000	0.0000	0.0000	0.0000	0.0000	0.0000	0.0000	0.0000	0.0000	0.0000	0.0000	0.0000	0.0000	0.0000	0.0000	0.0000	0.0000	0.0000	0.0000	0.0000	0.0000	0.0000	0.0000	0.0000	0.0000	0.0000	0.0000	0.0000	0.0000	0.0000	0.0000	0.0000	0.0000	0.0000	0.0000	0.0000											
20	27	0.0922	4	1	1	2	1	0	0	0	0	N	N	Y	N	N	N	N	N	N	N	N	N	0.0000	0.0000	0.0000	0.0000	0.0000	0.0000	0.0000	0.0000	0.0000	0.0000	0.0000	0.0000	0.0000	0.0000	0.0000	0.0000	0.0000	0.0000	0.0000	0.0000	0.0000	6.0046	0.0000	3.2467	0.0000	0.0000	0.0000	0.0000	0.0000	0.0000	0.0000	0.0000	0.0000	0.0000	0.0000	0.0000	0.0000	0.0000	0.0000	0.0000	0.0000	0.0000	0.0000	0.0000	0.0000	0.0000	0.0000	0.0000	0.0000	0.0000	0.0000	0.0000	0.0000	0.0000	0.0000	0.0000	0.0000	0.0000	0.0000	0.0000	0.0000	0.0000	0.0000	0.0000	0.0000	0.0000	0.0000	0.0000	0.0000	0.0000	0.0000	0.0000	0.0000	0.0000	0.0000	0.0000	0.0000	0.0000											
20	28	0.0558	3	1	1	1	1	0	0	0	0	N	N	N	N	N	N	N	N	N	N	N	N	0.0000	0.0000	0.0000	0.0000	0.0000	0.0000	0.0000	0.0000	0.0000	0.0000	0.0000	0.0000	0.0000	0.0000	0.0000	0.0000	0.0000	0.0000	0.0000	0.0000	0.0000	7.0330	0.0000	8.3476	0.0000	0.0000	0.0000	0.0000	0.0000	0.0000	0.0000	0.0000	0.0000	0.0000	0.0000	0.0000	0.0000	0.0000	0.0000	0.0000	0.0000	0.0000	0.0000	0.0000	0.0000	0.0000	0.0000	0.0000	0.0000	0.0000	0.0000	0.0000	0.0000	0.0000	0.0000	0.0000	0.0000	0.0000	0.0000	0.0000	0.0000	0.0000	0.0000	0.0000	0.0000	0.0000	0.0000	0.0000	0.0000	0.0000	0.0000	0.0000	0.0000	0.0000	0.0000	0.0000	0.0000	0.0000											
20	29	0.0658	4	0	2	1	2	0	0	0	0	N	Y	N	Y	N	N	N	N	N	N	N	N	0.0000	0.0000	0.0000	0.0000	0.0000	0.0000	0.0000	0.0000	0.0000	0.0000	0.0000	0.0000	0.0000	0.0000	0.0000	0.0000	0.0000	0.0000	0.0000	0.0000	0.0000	12.7698	0.0000	10.8465	0.0000	0.0000	0.0000	0.0000	0.0000	0.0000	0.0000	0.0000	0.0000	0.0000	0.0000	0.0000	0.0000	0.0000	0.0000	0.0000	0.0000	0.0000	0.0000	0.0000	0.0000	0.0000	0.0000	0.0000	0.0000	0.0000	0.0000	0.0000	0.0000	0.0000	0.0000	0.0000	0.0000	0.0000	0.0000	0.0000	0.0000	0.0000	0.0000	0.0000	0.0000	0.0000	0.0000	0.0000	0.0000	0.0000	0.0000	0.0000	0.0000	0.0000	0.0000	0.0000	0.0000	0.0000											
20	30	0.1624	10	1	1	2	1	0	0	0	0	N	N	Y	N	N	N	N	N	N	N	N	N	0.0000	0.0000	0.0000	0.0000	0.0000	0.0000	0.0000	0.0000	0.0000	0.0000	0.0000	0.0000	0.0000	0.0000	0.0000	0.0000	0.0000	0.0000	0.0000	0.0000	0.0000	11.8338	0.0000	5.9707	0.0000	0.0000	0.0000	0.0000	0.0000	0.0000	0.0000	0.0000	0.0000	0.0000	0.0000	0.0000	0.0000	0.0000	0.0000	0.0000	0.0000	0.0000	0.0000	0.0000	0.0000	0.0000	0.0000	0.0000	0.0000	0.0000	0.0000	0.0000	0.0000	0.0000	0.0000	0.0000	0.0000	0.0000	0.0000	0.0000	0.0000	0.0000	0.0000	0.0000	0.0000	0.0000	0.0000	0.0000	0.0000	0.0000	0.0000	0.0000	0.0000	0.0000	0.0000	0.0000	0.0000	0.0000											
20	31	0.0658	4	0	1	2	1	0	0	0	0	N	N	Y	N	N	N	N	N	N	N	N	N	0.0000	0.0000	0.0000	0.0000	0.0000	0.0000	0.0000	0.0000	0.0000	0.0000	0.0000	0.0000	0.0000	0.0000	0.0000	0.0000	0.0000	0.0000	0.0000	0.0000	0.0000	6.9288	0.0000	3.0309	0.0000	0.0000	0.0000	0.0000	0.0000	0.0000	0.0000	0.0000	0.0000	0.0000	0.0000	0.0000	0.0000	0.0000	0.0000	0.0000	0.0000	0.0000	0.0000	0.0000	0.0000	0.0000	0.0000	0.0000	0.0000	0.0000	0.0000	0.0000	0.0000	0.0000	0.0000	0.0000	0.0000	0.0000	0.0000	0.0000	0.0000	0.0000	0.0000	0.0000	0.0000	0.0000	0.0000	0.0000	0.0000	0.0000	0.0000	0.0000	0.0000	0.0000	0.0000	0.0000	0.0000	0.0000											
20	32	0.0558	3	0	1	1	1	0	0	0	0	N	N	N	N	N	N	N	N	N	N	N	N	0.0000	0.0000	0.0000	0.0000	0.0000	0.0000	0.0000	0.0000	0.0000	0.0000	0.0000	0.0000	0.0000	0.0000	0.0000	0.0000	0.0000	0.0000	0.0000	0.0000	0.0000	1.8775	0.0000	3.1058	0.0000	0.0000	0.0000	0.0000	0.0000	0.0000	0.0000	0.0000	0.0000	0.0000	0.0000	0.0000	0.0000	0.0000	0.0000	0.0000	0.0000	0.0000	0.0000	0.0000	0.0000	0.0000	0.0000	0.0000	0.0000	0.0000	0.0000	0.0000	0.0000	0.0000	0.0000	0.0000	0.0000	0.0000	0.0000	0.0000	0.0000	0.0000	0.0000	0.0000	0.0000	0.0000	0.0000	0.0000	0.0000	0.0000	0.0000	0.0000	0.0000	0.0000	0.0000	0.0000	0.0000	0.0000											
20	33	0.0435	2	0	1	1	1	0	0	0	0	N	N	N	N	N	N	N	N	N	N	N	N	0.0000	0.0000	0.0000	0.0000	0.0000	0.0000	0.0000	0.0000	0.0000	0.0000	0.0000	0.0000	0.0000	0.0000	0.0000	0.0000	0.0000	0.0000	0.0000	0.0000	0.0000	5.3867	0.0000	0.9197	0.0000	0.0000	0.0000	0.0000	0.0000	0.0000	0.0000	0.0000	0.0000	0.0000	0.0000	0.0000	0.0000	0.0000	0.0000	0.0000	0.0000	0.0000	0.0000	0.0000	0.0000	0.0000	0.0000	0.0000	0.0000	0.0000	0.0000	0.0000	0.0000	0.0000	0.0000	0.0000	0.0000	0.0000	0.0000	0.0000	0.0000	0.0000	0.0000	0.0000	0.0000	0.0000	0.0000	0.0000	0.0000	0.0000	0.0000	0.0000	0.0000	0.0000	0.0000	0.0000	0.0000	0.0000											
20	34	0.1267	4	0	2	1	1	0	0	0	0	N	Y	N	N	N	N	N	N	N	N	N	N	0.0000	0.0000	0.0000	0.0000	0.0000	0.0000	0.0000	0.0000	0.0000	0.0000	0.0000	0.0000	0.0000	0.0000	0.0000	0.0000	0.0000	0.0000	0.0000	0.0000	0.0000	0.0019	0.0000	3.0025	0.0000	0.0000	0.0000	0.0000	0.0000	0.0000	0.0000	0.0000	0.0000	0.0000	0.0000	0.0000	0.0000	0.0000	0.0000	0.0000	0.0000	0.0000	0.0000	0.0000	0.0000	0.0000	0.0000	0.0000	0.0000	0.0000	0.0000	0.0000	0.0000	0.0000	0.0000	0.0000	0.0000	0.0000	0.0000	0.0000	0.0000	0.0000	0.0000	0.0000	0.0000	0.0000	0.0000	0.0000	0.0000	0.0000	0.0000	0.0000	0.0000	0.0000	0.0000	0.0000	0.0000	0.0000											
20	35	0.2286	10	1	2	1	1	0	0	0	0	N	Y	N	N	N	N	N	N	N	N	N	N	0.0000	0.0000	0.0000	0.0000	0.0000	0.0000	0.0000	0.0000	0.0000	0.0000	0.0000	0.0000	0.0000	0.0000	0.0000	0.0000	0.0000	0.0000	0.0000	0.0000	0.0000	1.0000	0.0000	1.9999	0.0000	0.0000	0.0000	0.0000	0.0000	0.0000	0.0000	0.0000	0.0000	0.0000	0.0000	0.0000	0.0000	0.0000	0.0000	0.0000	0.0000	0.0000	0.0000	0.0000	0.0000	0.0000	0.0000	0.0000	0.0000	0.0000	0.0000	0.0000	0.0000	0.0000	0.0000	0.0000	0.0000	0.0000	0.0000	0.0000	0.0000	0.0000	0.0000	0.0000	0.0000	0.0000	0.0000	0.0000	0.0000	0.0000	0.0000	0.0000	0.0000	0.0000	0.0000	0.0000	0.0000	0.0000											
20	36	0.1933	10	0	2	2	1	0	0	0	0	N	Y	Y	N	N	N	N	N	N	N	N	N	0.0000	0.0000	0.0000	0.0000	0.0000	0.0000	0.0000	0.0000	0.0000	0.0000	0.0000	0.0000	0.0000	0.0000	0.0000	0.0000	0.0000	0.0000	0.0000	0.0000	0.0000	3.0341	0.0000	5.2124	0.0000	0.0000	0.0000	0.0000	0.0000	0.0000	0.0000	0.0000	0.0000	0.0000	0.0000	0.0000	0.0000	0.0000	0.0000	0.0000	0.0000	0.0000	0.0000	0.0000	0.0000	0.0000	0.0000	0.0000	0.0000	0.0000	0.0000	0.0000	0.0000	0.0000	0.0000	0.0000	0.0000	0.0000	0.0000	0.0000	0.0000	0.0000	0.0000	0.0000	0.0000	0.0000	0.0000	0.0000	0.0000	0.0000	0.0000	0.0000	0.0000	0.0000	0.0000	0.0000	0.0000	0.0000											
20	37	0.1695	9	0	2	1	1	0	0	0	0	N	Y	N	N	N	N	N	N	N	N	N	N	0.0000	0.0000	0.0000	0.0000	0.0000	0.0000	0.0000	0.0000	0.0000	0.0000	0.0000	0.0000	0.0000	0.0000	0.0000	0.0000	0.0000	0.0000	0.0000	0.0000	0.0000	3.0544	0.0000	4.8962	0.0000	0.0000	0.0000	0.0000	0.0000	0.0000	0.0000	0.0000	0.0000	0.0000	0.0000	0.0000	0.0000	0.0000	0.0000	0.0000	0.0000	0.0000	0.0000	0.0000	0.0000	0.0000	0.0000	0.0000	0.0000	0.0000	0.0000	0.0000	0.0000	0.0000	0.0000	0.0000	0.0000	0.0000	0.0000	0.0000	0.0000	0.0000	0.0000	0.0000	0.0000	0.0000	0.0000	0.0000	0.0000	0.0000	0.0000	0.0000	0.0000	0.0000	0.0000	0.0000	0.0000	0.0000											
20	38	0.1267	4	0	1	2	1	0	0	0	0	N	N	Y	N	N	N	N	N	N	N	N	N	0.0000	0.0000	0.0000	0.0000	0.0000	0.0000	0.0000	0.0000	0.0000	0.0000	0.0000	0.0000	0.0000	0.0000	0.0000	0.0000	0.0000	0.0000	0.0000	0.0000	0.0000	0.9992	0.0000	1.0069	0.0000	0.0000	0.0000	0.0000	0.0000	0.0000	0.0000	0.0000	0.0000	0.0000	0.0000	0.0000	0.0000	0.0000	0.0000	0.0000	0.0000	0.0000	0.0000	0.0000	0.0000	0.0000	0.0000	0.0000	0.0000	0.0000	0.0000	0.0000	0.0000	0.0000	0.0000	0.0000	0.0000	0.0000	0.0000	0.0000	0.0000	0.0000	0.0000	0.0000	0.0000	0.0000	0.0000	0.0000	0.0000	0.0000	0.0000	0.0000	0.0000	0.0000	0.0000	0.0000	0.0000	0.0000											
20	39	0.1214	3	0	1	1	1	0	0	0	0	N	N	N	N	N	N	N	N	N	N	N	N	0.0000	0.0000	0.0000	0.0000	0.0000	0.0000	0.0000	0.0000	0.0000	0.0000	0.0000	0.0000	0.0000	0.0000	0.0000	0.0000	0.0000	0.0000	0.0000	0.0000	0.0000	1.0008	0.0000	0.9987	0.0000	0.0000	0.0000	0.0000	0.0000	0.0000	0.0000	0.0000	0.0000	0.0000	0.0000	0.0000	0.0000	0.0000	0.0000	0.0000	0.0000	0.0000	0.0000	0.0000	0.0000	0.0000	0.0000	0.0000	0.0000	0.0000	0.0000	0.0000	0.0000	0.0000	0.0000	0.0000	0.0000	0.0000	0.0000	0.0000	0.0000	0.0000	0.0000	0.0000	0.0000	0.0000	0.0000	0.0000	0.0000	0.0000	0.0000	0.0000	0.0000	0.0000	0.0000	0.0000	0.0000	0.0000											
20	40	0.0435	2	0	1	1	1	0	0	0	0	N	N	N	N	N	N	N	N	N	N	N	N	0.0000	0.0000	0.0000	0.0000	0.0000	0.0000	0.0000	0.0000	0.0000	0.0000	0.0000	0.0000	0.0000	0.0000	0.0000	0.0000	0.0000	0.0000	0.0000	0.0000	0.0000	9.0374	0.0000	18.5287	0.0000	0.0000	0.0000	0.0000	0.0000	0.0000	0.0000	0.0000	0.0000	0.0000	0.0000	0.0000	0.0000	0.0000	0.0000	0.0000	0.0000	0.0000	0.0000	0.0000	0.0000	0.0000	0.0000	0.0000	0.0000	0.0000	0.0000	0.0000	0.0000	0.0000	0.0000	0.0000	0.0000	0.0000	0.0000	0.0000	0.0000	0.0000	0.0000	0.0000	0.0000	0.0000	0.0000	0.0000	0.0000	0.0000	0.0000	0.0000	0.0000	0.0000	0.0000	0.0000	0.0000	0.0000											
20	42	0.1041	7	0	1	1	1	0	0	0	0	N	N	N	N	N	N	N	N	N	N	N	N	0.0000	0.0000	0.0000	0.0000	0.0000	0.0000	0.0000	0.0000	0.0000	0.0000	0.0000	0.0000	0.0000	0.0000	0.0000	0.0000	0.0000	0.0000	0.0000	0.0000	0.0000	17.0025	0.0000	6.0864	0.0000	0.0000	0.0000	0.0000	0.0000	0.0000	0.0000	0.0000	0.0000	0.0000	0.0000	0.0000	0.0000	0.0000	0.0000	0.0000	0.0000	0.0000	0.0000	0.0000	0.0000	0.0000	0.0000	0.0000	0.0000	0.0000	0.0000	0.0000	0.0000	0.0000	0.0000	0.0000	0.0000	0.0000	0.0000	0.0000	0.0000	0.0000	0.0000	0.0000	0.0000	0.0000	0.0000	0.0000	0.0000	0.0000	0.0000	0.0000	0.0000	0.0000	0.0000	0.0000	0.0000	0.0000											
20	44	0.1041	7	0	2	1	1	0	0	0	0	N	Y	N	N	N	N	N	N	N	N	N	N	0.0000	0.0000	0.0000	0.0000	0.0000	0.0000	0.0000	0.0000	0.0000	0.0000	0.0000	0.0000	0.0000	0.0000	0.0000	0.0000	0.0000	0.0000	0.0000	0.0000	0.0000	6.9958	0.0000	11.8523	0.0000	0.0000	0.0000	0.0000	0.0000	0.0000	0.0000	0.0000	0.0000	0.0000	0.0000	0.0000	0.0000	0.0000	0.0000	0.0000	0.0000	0.0000	0.0000	0.0000	0.0000	0.0000	0.0000	0.0000	0.0000	0.0000	0.0000	0.0000	0.0000	0.0000	0.0000	0.0000	0.0000	0.0000	0.0000	0.0000	0.0000	0.0000	0.0000	0.0000	0.0000	0.0000	0.0000	0.0000	0.0000	0.0000	0.0000	0.0000	0.0000	0.0000	0.0000	0.0000	0.0000	0.0000											
20	45	0.1425	8	0	2	1	1	0	0	0	0	N	Y	N	N	N	N	N	N	N	N	N	N	0.0000	0.0000	0.0000	0.0000	0.0000	0.0000	0.0000	0.0000	0.0000	0.0000	0.0000	0.0000	0.0000	0.0000	0.0000	0.0000	0.0000	0.0000	0.0000	0.0000	0.0000	20.1318	0.0000	17.5118	0.0000	0.0000	0.0000	0.0000	0.0000	0.0000	0.0000	0.0000	0.0000	0.0000	0.0000	0.0000	0.0000	0.0000	0.0000	0.0000	0.0000	0.0000	0.0000	0.0000	0.0000	0.0000	0.0000	0.0000	0.0000	0.0000	0.0000	0.0000	0.0000	0.0000	0.0000	0.0000	0.0000	0.0000	0.0000	0.0000	0.0000	0.0000	0.0000	0.0000	0.0000	0.0000	0.0000	0.0000	0.0000	0.0000	0.0000	0.0000	0.0000	0.0000	0.0000	0.0000	0.0000	0.0000											
20	46	0.0983	4	0	2	1	1	0	0	0	0	N	Y	N	N	N	N	N	N	N	N	N	N	0.0000	0.0000	0.0000	0.0000	0.0000	0.0000	0.0000	0.0000	0.0000	0.0000	0.0000	0.0000	0.0000	0.0000	0.0000	0.0000	0.0000	0.0000	0.0000	0.0000	0.0000	15.0410	0.0000	10.9147	0.0000	0.0000	0.0000	0.0000	0.0000	0.0000	0.0000	0.0000	0.0000	0.0000	0.0000	0.0000	0.0000	0.0000	0.0000	0.0000	0.0000	0.0000	0.0000	0.0000	0.0000	0.0000	0.0000	0.0000	0.0000	0.0000	0.0000	0.0000	0.0000	0.0000	0.0000	0.0000	0.0000	0.0000	0.0000	0.0000	0.0000	0.0000	0.0000	0.0000	0.0000	0.0000	0.0000	0.0000	0.0000	0.0000	0.0000	0.0000	0.0000	0.0000	0.0000	0.0000	0.0000	0.0000											
20	47	0.1676	11	1	1	2	1	0	0	0	0	N	N	Y	N	N	N	N	N	N	N	N	N	0.0000	0.0000	0.0000	0.0000	0.0000	0.0000	0.0000	0.0000	0.0000	0.0000	0.0000	0.0000	0.0000	0.0000	0.0000	0.0000	0.0000	0.0000	0.0000	0.0000	0.0000	12.7633	0.0000	6.3722	0.0000	0.0000	0.0000	0.0000	0.0000	0.0000	0.0000	0.0000	0.0000	0.0000	0.0000	0.0000	0.0000	0.0000	0.0000	0.0000	0.0000	0.0000	0.0000	0.0000	0.0000	0.0000	0.0000	0.0000	0.0000	0.0000	0.0000	0.0000	0.0000	0.0000	0.0000	0.0000	0.0000	0.0000	0.0000	0.0000	0.0000	0.0000	0.0000	0.0000	0.0000	0.0000	0.0000	0.0000	0.0000	0.0000	0.0000	0.0000	0.0000	0.0000	0.0000	0.0000	0.0000	0.0000											
20	48	0.1624	10	0	1	1	1	0	0	0	0	N	N	N	N	N	N	N	N	N	N	N	N	0.0000	0.0000	0.0000	0.0000	0.0000	0.0000	0.0000	0.0000	0.0000	0.0000	0.0000	0.0000	0.0000	0.0000	0.0000	0.0000	0.0000	0.0000	0.0000	0.0000	0.0000	0.3513	0.0000	1.9759	0.0000	0.0000	0.0000	0.0000	0.0000	0.0000	0.0000	0.0000	0.0000	0.0000	0.0000	0.0000	0.0000	0.0000	0.0000	0.0000	0.0000	0.0000	0.0000	0.0000	0.0000	0.0000	0.0000	0.0000	0.0000	0.0000	0.0000	0.0000	0.0000	0.0000	0.0000	0.0000	0.0000	0.0000	0.0000	0.0000	0.0000	0.0000	0.0000	0.0000	0.0000	0.0000	0.0000	0.0000	0.0000	0.0000	0.0000	0.0000	0.0000	0.0000	0.0000	0.0000	0.0000	0.0000											
20	49	0.1621	9	0	1	1	1	0	0	0	0	N	N	N	N	N	N	N	N	N	N	N	N	0.0000	0.0000	0.0000	0.0000	0.0000	0.0000	0.0000	0.0000	0.0000	0.0000	0.0000	0.0000	0.0000	0.0000	0.0000	0.0000	0.0000	0.0000	0.0000	0.0000	0.0000	0.1669	0.0000	0.0350	0.0000	0.0000	0.0000	0.0000	0.0000	0.0000	0.0000	0.0000	0.0000	0.0000	0.0000	0.0000	0.0000	0.0000	0.0000	0.0000	0.0000	0.0000	0.0000	0.0000	0.0000	0.0000	0.0000	0.0000	0.0000	0.0000	0.0000	0.0000	0.0000	0.0000	0.0000	0.0000	0.0000	0.0000	0.0000	0.0000	0.0000	0.0000	0.0000	0.0000	0.0000	0.0000	0.0000	0.0000	0.0000	0.0000	0.0000	0.0000	0.0000	0.0000	0.0000	0.0000	0.0000	0.0000											
20	50	0.1621	8	0	1	1	1	0	0	0	0	N	N	N	N	N	N	N	N	N	N	N	N	0.0000	0.0000	0.0000	0.0000	0.0000	0.0000	0.0000	0.0000	0.0000	0.0000	0.0000	0.0000	0.0000	0.0000	0.0000	0.0000	0.0000	0.0000	0.0000	0.0000	0.0000	0.0010	0.0000	0.0028	0.0000	0.0000	0.0000	0.0000	0.0000	0.0000	0.0000	0.0000	0.0000	0.0000	0.0000	0.0000	0.0000	0.0000	0.0000	0.0000	0.0000	0.0000	0.0000	0.0000	0.0000	0.0000	0.0000	0.0000	0.0000	0.0000	0.0000	0.0000	0.0000	0.0000	0.0000	0.0000	0.0000	0.0000	0.0000	0.0000	0.0000	0.0000	0.0000	0.0000	0.0000	0.0000	0.0000	0.0000	0.0000	0.0000	0.0000	0.0000	0.0000	0.0000	0.0000	0.0000	0.0000	0.0000											
20	51	0.0847	6	0	2	1	2	0	0	0	0	N	Y	N	Y	N	N	N	N	N	N	N	N	0.0000	0.0000	0.0000	0.0000	0.0000	0.0000	0.0000	0.0000	0.0000	0.0000	0.0000	0.0000	0.0000	0.0000	0.0000	0.0000	0.0000	0.0000	0.0000	0.0000	0.0000	7.3891	0.0000	13.2142	0.0000	0.0000	0.0000	0.0000	0.0000	0.0000	0.0000	0.0000	0.0000	0.0000	0.0000	0.0000	0.0000	0.0000	0.0000	0.0000	0.0000	0.0000	0.0000	0.0000	0.0000	0.0000	0.0000	0.0000	0.0000	0.0000	0.0000	0.0000	0.0000	0.0000	0.0000	0.0000	0.0000	0.0000	0.0000	0.0000	0.0000	0.0000	0.0000	0.0000	0.0000	0.0000	0.0000	0.0000	0.0000	0.0000	0.0000	0.0000	0.0000	0.0000	0.0000	0.0000	0.0000	0.0000											
20	52	0.0786	5	0	2	1	1	0	0	0	0	N	Y	N	N	N	N	N	N	N	N	N	N	0.0000	0.0000	0.0000	0.0000	0.0000	0.0000	0.0000	0.0000	0.0000	0.0000	0.0000	0.0000	0.0000	0.0000	0.0000	0.0000	0.0000	0.0000	0.0000	0.0000	0.0000	12.1779	0.0000	13.0455	0.0000	0.0000	0.0000	0.0000	0.0000	0.0000	0.0000	0.0000	0.0000	0.0000	0.0000	0.0000	0.0000	0.0000	0.0000	0.0000	0.0000	0.0000	0.0000	0.0000	0.0000	0.0000	0.0000	0.0000	0.0000	0.0000	0.0000	0.0000	0.0000	0.0000	0.0000	0.0000	0.0000	0.0000	0.0000	0.0000	0.0000	0.0000	0.0000	0.0000	0.0000	0.0000	0.0000	0.0000	0.0000	0.0000	0.0000	0.0000	0.0000	0.0000	0.0000	0.0000	0.0000	0.0000											
20	53	0.1695	9	0	2	1	1	0	0	0	0	N	Y	N	N	N	N	N	N	N	N	N	N	0.0000	0.0000	0.0000	0.0000	0.0000	0.0000	0.0000	0.0000	0.0000	0.0000	0.0000	0.0000	0.0000	0.0000	0.0000	0.0000	0.0000	0.0000	0.0000	0.0000	0.0000	3.0001	0.0000	3.0003	0.0000	0.0000	0.0000	0.0000	0.0000	0.0000	0.0000	0.0000	0.0000	0.0000	0.0000	0.0000	0.0000	0.0000	0.0000	0.0000	0.0000	0.0000	0.0000	0.0000	0.0000	0.0000	0.0000	0.0000	0.0000	0.0000	0.0000	0.0000	0.0000	0.0000	0.0000	0.0000	0.0000	0.0000	0.0000	0.0000	0.0000	0.0000	0.0000	0.0000	0.0000	0.0000	0.0000	0.0000	0.0000	0.0000	0.0000	0.0000	0.0000	0.0000	0.0000	0.0000	0.0000	0.0000											
20	54	0.1621	8	0	1	1	1	0	0	0	0	N	N	N	N	N	N	N	N	N	N	N	N	0.0000	0.0000	0.0000	0.0000	0.0000	0.0000	0.0000	0.0000	0.0000	0.0000	0.0000	0.0000	0.0000	0.0000	0.0000	0.0000	0.0000	0.0000	0.0000	0.0000	0.0000	1.9998	0.0000	1.0017	0.0000	0.0000	0.0000	0.0000	0.0000	0.0000	0.0000	0.0000	0.0000	0.0000	0.0000	0.0000	0.0000	0.0000	0.0000	0.0000	0.0000	0.0000	0.0000	0.0000	0.0000	0.0000	0.0000	0.0000	0.0000	0.0000	0.0000	0.0000	0.0000	0.0000	0.0000	0.0000	0.0000	0.0000	0.0000	0.0000	0.0000	0.0000	0.0000	0.0000	0.0000	0.0000	0.0000	0.0000	0.0000	0.0000	0.0000	0.0000	0.0000	0.0000	0.0000	0.0000	0.0000	0.0000											
20	55	0.1041	7	0	1	1	1	0	0	0	0	N	N	N	N	N	N	N	N	N	N	N	N	0.0000	0.0000	0.0000	0.0000	0.0000	0.0000	0.0000	0.0000	0.0000	0.0000	0.0000	0.0000	0.0000	0.0000	0.0000	0.0000	0.0000	0.0000	0.0000	0.0000	0.0000	8.0033	0.0000	9.9473	0.0000	0.0000	0.0000	0.0000	0.0000	0.0000	0.0000	0.0000	0.0000	0.0000	0.0000	0.0000	0.0000	0.0000	0.0000	0.0000	0.0000	0.0000	0.0000	0.0000	0.0000	0.0000	0.0000	0.0000	0.0000	0.0000	0.0000	0.0000	0.0000	0.0000	0.0000	0.0000	0.0000	0.0000	0.0000	0.0000	0.0000	0.0000	0.0000	0.0000	0.0000	0.0000	0.0000	0.0000	0.0000	0.0000	0.0000	0.0000	0.0000	0.0000	0.0000	0.0000	0.0000	0.0000											
20	56	0.1197	5	0	2	1	1	0	0	0	0	N	Y	N	N	N	N	N	N	N	N	N	N	0.0000	0.0000	0.0000	0.0000	0.0000	0.0000	0.0000	0.0000	0.0000	0.0000	0.0000	0.0000	0.0000	0.0000	0.0000	0.0000	0.0000	0.0000	0.0000	0.0000	0.0000	5.0156	0.0000	9.5596	0.0000	0.0000	0.0000	0.0000	0.0000	0.0000	0.0000	0.0000	0.0000	0.0000	0.0000	0.0000	0.0000	0.0000	0.0000	0.0000	0.0000	0.0000	0.0000	0.0000	0.0000	0.0000	0.0000	0.0000	0.0000	0.0000	0.0000	0.0000	0.0000	0.0000	0.0000	0.0000	0.0000	0.0000	0.0000	0.0000	0.0000	0.0000	0.0000	0.0000	0.0000	0.0000	0.0000	0.0000	0.0000	0.0000	0.0000	0.0000	0.0000	0.0000	0.0000	0.0000	0.0000	0.0000											
20	57	0.0983	4	0	2	1	1	0	0	0	0	N	Y	N	N	N	N	N	N	N	N	N	N	0.0000	0.0000	0.0000	0.0000	0.0000	0.0000	0.0000	0.0000	0.0000	0.0000	0.0000	0.0000	0.0000	0.0000	0.0000	0.0000	0.0000	0.0000	0.0000	0.0000	0.0000	5.2776	0.0000	4.9316	0.0000	0.0000	0.0000	0.0000	0.0000	0.0000	0.0000	0.0000	0.0000	0.0000	0.0000	0.0000	0.0000	0.0000	0.0000	0.0000	0.0000	0.0000	0.0000	0.0000	0.0000	0.0000	0.0000	0.0000	0.0000	0.0000	0.0000	0.0000	0.0000	0.0000	0.0000	0.0000	0.0000	0.0000	0.0000	0.0000	0.0000	0.0000	0.0000	0.0000	0.0000	0.0000	0.0000	0.0000	0.0000	0.0000	0.0000	0.0000	0.0000	0.0000	0.0000	0.0000	0.0000	0.0000											
20	58	0.0703	3	0	1	1	1	0	0	0	0	N	N	N	N	N	N	N	N	N	N	N	N	0.0000	0.0000	0.0000	0.0000	0.0000	0.0000	0.0000	0.0000	0.0000	0.0000	0.0000	0.0000	0.0000	0.0000	0.0000	0.0000	0.0000	0.0000	0.0000	0.0000	0.0000	6.4383	0.0000	5.2340	0.0000	0.0000	0.0000	0.0000	0.0000	0.0000	0.0000	0.0000	0.0000	0.0000	0.0000	0.0000	0.0000	0.0000	0.0000	0.0000	0.0000	0.0000	0.0000	0.0000	0.0000	0.0000	0.0000	0.0000	0.0000	0.0000	0.0000	0.0000	0.0000	0.0000	0.0000	0.0000	0.0000	0.0000	0.0000	0.0000	0.0000	0.0000	0.0000	0.0000	0.0000	0.0000	0.0000	0.0000	0.0000	0.0000	0.0000	0.0000	0.0000	0.0000	0.0000	0.0000	0.0000	0.0000											
20	63	0.1835	10	1	2	1	2	0	0	0	0	N	Y	N	Y	N	N	N	N	N	N	N	N	0.0000	0.0000	0.0000	0.0000	0.0000	0.0000	0.0000	0.0000	0.0000	0.0000	0.0000	0.0000	0.0000	0.0000	0.0000	0.0000	0.0000	0.0000	0.0000	0.0000	0.0000	2.0000	0.0000	2.0002	0.0000	0.0000	0.0000	0.0000	0.0000	0.0000	0.0000	0.0000	0.0000	0.0000	0.0000	0.0000	0.0000	0.0000	0.0000	0.0000	0.0000	0.0000	0.0000	0.0000	0.0000	0.0000	0.0000	0.0000	0.0000	0.0000	0.0000	0.0000	0.0000	0.0000	0.0000	0.0000	0.0000	0.0000	0.0000	0.0000	0.0000	0.0000	0.0000	0.0000	0.0000	0.0000	0.0000	0.0000	0.0000	0.0000	0.0000	0.0000	0.0000	0.0000	0.0000	0.0000	0.0000	0.0000											
20	64	0.1992	14	0	2	1	2	0	0	0	0	N	Y	N	Y	N	N	N	N	N	N	N	N	0.0000	0.0000	0.0000	0.0000	0.0000	0.0000	0.0000	0.0000	0.0000	0.0000	0.0000	0.0000	0.0000	0.0000	0.0000	0.0000	0.0000	0.0000	0.0000	0.0000	0.0000	2.0059	0.0000	4.8036	0.0000	0.0000	0.0000	0.0000	0.0000	0.0000	0.0000	0.0000	0.0000	0.0000	0.0000	0.0000	0.0000	0.0000	0.0000	0.0000	0.0000	0.0000	0.0000	0.0000	0.0000	0.0000	0.0000	0.0000	0.0000	0.0000	0.0000	0.0000	0.0000	0.0000	0.0000	0.0000	0.0000	0.0000	0.0000	0.0000	0.0000	0.0000	0.0000	0.0000	0.0000	0.0000	0.0000	0.0000	0.0000	0.0000	0.0000	0.0000	0.0000	0.0000	0.0000	0.0000	0.0000	0.0000											
20	65	0.1964	12	0	2	1	1	0	0	0	0	N	Y	N	N	N	N	N	N	N	N	N	N	0.0000	0.0000	0.0000	0.0000	0.0000	0.0000	0.0000	0.0000	0.0000	0.0000	0.0000	0.0000	0.0000	0.0000	0.0000	0.0000	0.0000	0.0000	0.0000	0.0000	0.0000	0.9804	0.0000	0.2754	0.0000	0.0000	0.0000	0.0000	0.0000	0.0000	0.0000	0.0000	0.0000	0.0000	0.0000	0.0000	0.0000	0.0000	0.0000	0.0000	0.0000	0.0000	0.0000	0.0000	0.0000	0.0000	0.0000	0.0000	0.0000	0.0000	0.0000	0.0000	0.0000	0.0000	0.0000	0.0000	0.0000	0.0000	0.0000	0.0000	0.0000	0.0000	0.0000	0.0000	0.0000	0.0000	0.0000	0.0000	0.0000	0.0000	0.0000	0.0000	0.0000	0.0000	0.0000	0.0000	0.0000	0.0000											
20	66	0.1942	13	0	1	2	2	0	0	0	0	N	N	Y	Y	N	N	N	N	N	N	N	N	0.0000	0.0000	0.0000	0.0000	0.0000	0.0000	0.0000	0.0000	0.0000	0.0000	0.0000	0.0000	0.0000	0.0000	0.0000	0.0000	0.0000	0.0000	0.0000	0.0000	0.0000	0.9437	0.0000	4.8091	0.0000	0.0000	0.0000	0.0000	0.0000	0.0000	0.0000	0.0000	0.0000	0.0000	0.0000	0.0000	0.0000	0.0000	0.0000	0.0000	0.0000	0.0000	0.0000	0.0000	0.0000	0.0000	0.0000	0.0000	0.0000	0.0000	0.0000	0.0000	0.0000	0.0000	0.0000	0.0000	0.0000	0.0000	0.0000	0.0000	0.0000	0.0000	0.0000	0.0000	0.0000	0.0000	0.0000	0.0000	0.0000	0.0000	0.0000	0.0000	0.0000	0.0000	0.0000	0.0000	0.0000	0.0000											
20	67	0.1872	12	0	1	2	2	0	0	0	0	N	N	Y	Y	N	N	N	N	N	N	N	N	0.0000	0.0000	0.0000	0.0000	0.0000	0.0000	0.0000	0.0000	0.0000	0.0000	0.0000	0.0000	0.0000	0.0000	0.0000	0.0000	0.0000	0.0000	0.0000	0.0000	0.0000	4.0088	0.0000	5.0246	0.0000	0.0000	0.0000	0.0000	0.0000	0.0000	0.0000	0.0000	0.0000	0.0000	0.0000	0.0000	0.0000	0.0000	0.0000	0.0000	0.0000	0.0000	0.0000	0.0000	0.0000	0.0000	0.0000	0.0000	0.0000	0.0000	0.0000	0.0000	0.0000	0.0000	0.0000	0.0000	0.0000	0.0000	0.0000	0.0000	0.0000	0.0000	0.0000	0.0000	0.0000	0.0000	0.0000	0.0000	0.0000	0.0000	0.0000	0.0000	0.0000	0.0000	0.0000	0.0000	0.0000	0.0000											
20	68	0.1992	14	0	1	2	2	0	0	0	0	N	N	Y	Y	N	N	N	N	N	N	N	N	0.0000	0.0000	0.0000	0.0000	0.0000	0.0000	0.0000	0.0000	0.0000	0.0000	0.0000	0.0000	0.0000	0.0000	0.0000	0.0000	0.0000	0.0000	0.0000	0.0000	0.0000	1.0064	0.0000	4.2000	0.0000	0.0000	0.0000	0.0000	0.0000	0.0000	0.0000	0.0000	0.0000	0.0000	0.0000	0.0000	0.0000	0.0000	0.0000	0.0000	0.0000	0.0000	0.0000	0.0000	0.0000	0.0000	0.0000	0.0000	0.0000	0.0000	0.0000	0.0000	0.0000	0.0000	0.0000	0.0000	0.0000	0.0000	0.0000	0.0000	0.0000	0.0000	0.0000	0.0000	0.0000	0.0000	0.0000	0.0000	0.0000	0.0000	0.0000	0.0000	0.0000	0.0000	0.0000	0.0000	0.0000	0.0000											
20	69	0.1942	13	0	1	1	2	0	0	0	0	N	N	N	Y	N	N	N	N	N	N	N	N	0.0000	0.0000	0.0000	0.0000	0.0000	0.0000	0.0000	0.0000	0.0000	0.0000	0.0000	0.0000	0.0000	0.0000	0.0000	0.0000	0.0000	0.0000	0.0000	0.0000	0.0000	1.2889	0.0000	0.3511	0.0000	0.0000	0.0000	0.0000	0.0000	0.0000	0.0000	0.0000	0.0000	0.0000	0.0000	0.0000	0.0000	0.0000	0.0000	0.0000	0.0000	0.0000	0.0000	0.0000	0.0000	0.0000	0.0000	0.0000	0.0000	0.0000	0.0000	0.0000	0.0000	0.0000	0.0000	0.0000	0.0000	0.0000	0.0000	0.0000	0.0000	0.0000	0.0000	0.0000	0.0000	0.0000	0.0000	0.0000	0.0000	0.0000	0.0000	0.0000	0.0000	0.0000	0.0000	0.0000	0.0000	0.0000											
20	70	0.1872	12	0	1	1	2	0	0	0	0	N	N	N	Y	N	N	N	N	N	N	N	N	0.0000	0.0000	0.0000	0.0000	0.0000	0.0000	0.0000	0.0000	0.0000	0.0000	0.0000	0.0000	0.0000	0.0000	0.0000	0.0000	0.0000	0.0000	0.0000	0.0000	0.0000	0.7777	0.0000	1.1718	0.0000	0.0000	0.0000	0.0000	0.0000	0.0000	0.0000	0.0000	0.0000	0.0000	0.0000	0.0000	0.0000	0.0000	0.0000	0.0000	0.0000	0.0000	0.0000	0.0000	0.0000	0.0000	0.0000	0.0000	0.0000	0.0000	0.0000	0.0000	0.0000	0.0000	0.0000	0.0000	0.0000	0.0000	0.0000	0.0000	0.0000	0.0000	0.0000	0.0000	0.0000	0.0000	0.0000	0.0000	0.0000	0.0000	0.0000	0.0000	0.0000	0.0000	0.0000	0.0000	0.0000	0.0000											
20	71	0.1835	11	0	1	1	2	0	0	0	0	N	N	N	Y	N	N	N	N	N	N	N	N	0.0000	0.0000	0.0000	0.0000	0.0000	0.0000	0.0000	0.0000	0.0000	0.0000	0.0000	0.0000	0.0000	0.0000	0.0000	0.0000	0.0000	0.0000	0.0000	0.0000	0.0000	0.9929	0.0000	0.0325	0.0000	0.0000	0.0000	0.0000	0.0000	0.0000	0.0000	0.0000	0.0000	0.0000	0.0000	0.0000	0.0000	0.0000	0.0000	0.0000	0.0000	0.0000	0.0000	0.0000	0.0000	0.0000	0.0000	0.0000	0.0000	0.0000	0.0000	0.0000	0.0000	0.0000	0.0000	0.0000	0.0000	0.0000	0.0000	0.0000	0.0000	0.0000	0.0000	0.0000	0.0000	0.0000	0.0000	0.0000	0.0000	0.0000	0.0000	0.0000	0.0000	0.0000	0.0000	0.0000	0.0000	0.0000											
20	72	0.2286	10	1	2	1	1	0	0	0	0	N	Y	N	N	N	N	N	N	N	N	N	N	0.0000	0.0000	0.0000	0.0000	0.0000	0.0000	0.0000	0.0000	0.0000	0.0000	0.0000	0.0000	0.0000	0.0000	0.0000	0.0000	0.0000	0.0000	0.0000	0.0000	0.0000	0.0000	0.0000	0.0001	0.0000	0.0000	0.0000	0.0000	0.0000	0.0000	0.0000	0.0000	0.0000	0.0000	0.0000	0.0000	0.0000	0.0000	0.0000	0.0000	0.0000	0.0000	0.0000	0.0000	0.0000	0.0000	0.0000	0.0000	0.0000	0.0000	0.0000	0.0000	0.0000	0.0000	0.0000	0.0000	0.0000	0.0000	0.0000	0.0000	0.0000	0.0000	0.0000	0.0000	0.0000	0.0000	0.0000	0.0000	0.0000	0.0000	0.0000	0.0000	0.0000	0.0000	0.0000	0.0000	0.0000	0.0000											
20	73	0.1653	9	1	2	1	1	0	0	0	0	N	Y	N	N	N	N	N	N	N	N	N	N	0.0000	0.0000	0.0000	0.0000	0.0000	0.0000	0.0000	0.0000	0.0000	0.0000	0.0000	0.0000	0.0000	0.0000	0.0000	0.0000	0.0000	0.0000	0.0000	0.0000	0.0000	9.9619	0.0000	7.0378	0.0000	0.0000	0.0000	0.0000	0.0000	0.0000	0.0000	0.0000	0.0000	0.0000	0.0000	0.0000	0.0000	0.0000	0.0000	0.0000	0.0000	0.0000	0.0000	0.0000	0.0000	0.0000	0.0000	0.0000	0.0000	0.0000	0.0000	0.0000	0.0000	0.0000	0.0000	0.0000	0.0000	0.0000	0.0000	0.0000	0.0000	0.0000	0.0000	0.0000	0.0000	0.0000	0.0000	0.0000	0.0000	0.0000	0.0000	0.0000	0.0000	0.0000	0.0000	0.0000	0.0000	0.0000											
20	74	0.1772	9	0	2	1	1	0	0	0	0	N	Y	N	N	N	N	N	N	N	N	N	N	0.0000	0.0000	0.0000	0.0000	0.0000	0.0000	0.0000	0.0000	0.0000	0.0000	0.0000	0.0000	0.0000	0.0000	0.0000	0.0000	0.0000	0.0000	0.0000	0.0000	0.0000	7.0442	0.0000	2.0273	0.0000	0.0000	0.0000	0.0000	0.0000	0.0000	0.0000	0.0000	0.0000	0.0000	0.0000	0.0000	0.0000	0.0000	0.0000	0.0000	0.0000	0.0000	0.0000	0.0000	0.0000	0.0000	0.0000	0.0000	0.0000	0.0000	0.0000	0.0000	0.0000	0.0000	0.0000	0.0000	0.0000	0.0000	0.0000	0.0000	0.0000	0.0000	0.0000	0.0000	0.0000	0.0000	0.0000	0.0000	0.0000	0.0000	0.0000	0.0000	0.0000	0.0000	0.0000	0.0000	0.0000	0.0000											
20	75	0.1533	8	0	2	1	1	0	0	0	0	N	Y	N	N	N	N	N	N	N	N	N	N	0.0000	0.0000	0.0000	0.0000	0.0000	0.0000	0.0000	0.0000	0.0000	0.0000	0.0000	0.0000	0.0000	0.0000	0.0000	0.0000	0.0000	0.0000	0.0000	0.0000	0.0000	4.3369	0.0000	3.0972	0.0000	0.0000	0.0000	0.0000	0.0000	0.0000	0.0000	0.0000	0.0000	0.0000	0.0000	0.0000	0.0000	0.0000	0.0000	0.0000	0.0000	0.0000	0.0000	0.0000	0.0000	0.0000	0.0000	0.0000	0.0000	0.0000	0.0000	0.0000	0.0000	0.0000	0.0000	0.0000	0.0000	0.0000	0.0000	0.0000	0.0000	0.0000	0.0000	0.0000	0.0000	0.0000	0.0000	0.0000	0.0000	0.0000	0.0000	0.0000	0.0000	0.0000	0.0000	0.0000	0.0000	0.0000											
20	76	0.2405	13	1	2	1	1	0	0	0	0	N	Y	N	N	N	N	N	N	N	N	N	N	0.0000	0.0000	0.0000	0.0000	0.0000	0.0000	0.0000	0.0000	0.0000	0.0000	0.0000	0.0000	0.0000	0.0000	0.0000	0.0000	0.0000	0.0000	0.0000	0.0000	0.0000	1.9992	0.0000	0.0055	0.0000	0.0000	0.0000	0.0000	0.0000	0.0000	0.0000	0.0000	0.0000	0.0000	0.0000	0.0000	0.0000	0.0000	0.0000	0.0000	0.0000	0.0000	0.0000	0.0000	0.0000	0.0000	0.0000	0.0000	0.0000	0.0000	0.0000	0.0000	0.0000	0.0000	0.0000	0.0000	0.0000	0.0000	0.0000	0.0000	0.0000	0.0000	0.0000	0.0000	0.0000	0.0000	0.0000	0.0000	0.0000	0.0000	0.0000	0.0000	0.0000	0.0000	0.0000	0.0000	0.0000	0.0000											
20	77	0.1964	12	1	2	1	1	0	0	0	0	N	Y	N	N	N	N	N	N	N	N	N	N	0.0000	0.0000	0.0000	0.0000	0.0000	0.0000	0.0000	0.0000	0.0000	0.0000	0.0000	0.0000	0.0000	0.0000	0.0000	0.0000	0.0000	0.0000	0.0000	0.0000	0.0000	5.0219	0.0000	2.0148	0.0000	0.0000	0.0000	0.0000	0.0000	0.0000	0.0000	0.0000	0.0000	0.0000	0.0000	0.0000	0.0000	0.0000	0.0000	0.0000	0.0000	0.0000	0.0000	0.0000	0.0000	0.0000	0.0000	0.0000	0.0000	0.0000	0.0000	0.0000	0.0000	0.0000	0.0000	0.0000	0.0000	0.0000	0.0000	0.0000	0.0000	0.0000	0.0000	0.0000	0.0000	0.0000	0.0000	0.0000	0.0000	0.0000	0.0000	0.0000	0.0000	0.0000	0.0000	0.0000	0.0000	0.0000											
20	78	0.1835	11	0	2	1	1	0	0	0	0	N	Y	N	N	N	N	N	N	N	N	N	N	0.0000	0.0000	0.0000	0.0000	0.0000	0.0000	0.0000	0.0000	0.0000	0.0000	0.0000	0.0000	0.0000	0.0000	0.0000	0.0000	0.0000	0.0000	0.0000	0.0000	0.0000	1.0203	0.0000	2.7327	0.0000	0.0000	0.0000	0.0000	0.0000	0.0000	0.0000	0.0000	0.0000	0.0000	0.0000	0.0000	0.0000	0.0000	0.0000	0.0000	0.0000	0.0000	0.0000	0.0000	0.0000	0.0000	0.0000	0.0000	0.0000	0.0000	0.0000	0.0000	0.0000	0.0000	0.0000	0.0000	0.0000	0.0000	0.0000	0.0000	0.0000	0.0000	0.0000	0.0000	0.0000	0.0000	0.0000	0.0000	0.0000	0.0000	0.0000	0.0000	0.0000	0.0000	0.0000	0.0000	0.0000	0.0000											
20	79	0.1835	10	0	1	1	1	0	0	0	0	N	N	N	N	N	N	N	N	N	N	N	N	0.0000	0.0000	0.0000	0.0000	0.0000	0.0000	0.0000	0.0000	0.0000	0.0000	0.0000	0.0000	0.0000	0.0000	0.0000	0.0000	0.0000	0.0000	0.0000	0.0000	0.0000	0.0000	0.0000	0.0018	0.0000	0.0000	0.0000	0.0000	0.0000	0.0000	0.0000	0.0000	0.0000	0.0000	0.0000	0.0000	0.0000	0.0000	0.0000	0.0000	0.0000	0.0000	0.0000	0.0000	0.0000	0.0000	0.0000	0.0000	0.0000	0.0000	0.0000	0.0000	0.0000	0.0000	0.0000	0.0000	0.0000	0.0000	0.0000	0.0000	0.0000	0.0000	0.0000	0.0000	0.0000	0.0000	0.0000	0.0000	0.0000	0.0000	0.0000	0.0000	0.0000	0.0000	0.0000	0.0000	0.0000	0.0000											
20	80	0.1653	9	0	1	1	1	0	0	0	0	N	N	N	N	N	N	N	N	N	N	N	N	0.0000	0.0000	0.0000	0.0000	0.0000	0.0000	0.0000	0.0000	0.0000	0.0000	0.0000	0.0000	0.0000	0.0000	0.0000	0.0000	0.0000	0.0000	0.0000	0.0000	0.0000	3.0825	0.0000	2.0124	0.0000	0.0000	0.0000	0.0000	0.0000	0.0000	0.0000	0.0000	0.0000	0.0000	0.0000	0.0000	0.0000	0.0000	0.0000	0.0000	0.0000	0.0000	0.0000	0.0000	0.0000	0.0000	0.0000	0.0000	0.0000	0.0000	0.0000	0.0000	0.0000	0.0000	0.0000	0.0000	0.0000	0.0000	0.0000	0.0000	0.0000	0.0000	0.0000	0.0000	0.0000	0.0000	0.0000	0.0000	0.0000	0.0000	0.0000	0.0000	0.0000	0.0000	0.0000	0.0000	0.0000	0.0000											
20	81	0.1533	8	0	1	1	1	0	0	0	0	N	N	N	N	N	N	N	N	N	N	N	N	0.0000	0.0000	0.0000	0.0000	0.0000	0.0000	0.0000	0.0000	0.0000	0.0000	0.0000	0.0000	0.0000	0.0000	0.0000	0.0000	0.0000	0.0000	0.0000	0.0000	0.0000	3.6751	0.0000	0.0788	0.0000	0.0000	0.0000	0.0000	0.0000	0.0000	0.0000	0.0000	0.0000	0.0000	0.0000	0.0000	0.0000	0.0000	0.0000	0.0000	0.0000	0.0000	0.0000	0.0000	0.0000	0.0000	0.0000	0.0000	0.0000	0.0000	0.0000	0.0000	0.0000	0.0000	0.0000	0.0000	0.0000	0.0000	0.0000	0.0000	0.0000	0.0000	0.0000	0.0000	0.0000	0.0000	0.0000	0.0000	0.0000	0.0000	0.0000	0.0000	0.0000	0.0000	0.0000	0.0000	0.0000	0.0000											
20	82	0.1041	7	0	1	1	1	0	0	0	0	N	N	N	N	N	N	N	N	N	N	N	N	0.0000	0.0000	0.0000	0.0000	0.0000	0.0000	0.0000	0.0000	0.0000	0.0000	0.0000	0.0000	0.0000	0.0000	0.0000	0.0000	0.0000	0.0000	0.0000	0.0000	0.0000	8.5011	0.0000	5.2406	0.0000	0.0000	0.0000	0.0000	0.0000	0.0000	0.0000	0.0000	0.0000	0.0000	0.0000	0.0000	0.0000	0.0000	0.0000	0.0000	0.0000	0.0000	0.0000	0.0000	0.0000	0.0000	0.0000	0.0000	0.0000	0.0000	0.0000	0.0000	0.0000	0.0000	0.0000	0.0000	0.0000	0.0000	0.0000	0.0000	0.0000	0.0000	0.0000	0.0000	0.0000	0.0000	0.0000	0.0000	0.0000	0.0000	0.0000	0.0000	0.0000	0.0000	0.0000	0.0000	0.0000	0.0000											
21	22	0.1041	6	0	1	0	1	0	0	0	0	N	N	N	N	N	N	N	N	N	N	N	N	1.2889	0.7322	0.0000	4145.6305	3614.9449	0.8970	0.4837	0.0000	3.8281	4.3840	0.0000	12.8424	13.5622	0.0000	2.8024	3.2404	0.0000	2.9701	5.9871	0.0000	0.0031	0.0038	0.0000	3.1243	6.6997	0.0000	0.0000	0.0000	-0.7267	-0.5819	6.0371	11.9950	11.7316	7.9469	1.9978	1.9978	0.0000	0.6847	0.6847	0.0000	1.3131	1.3131	0.0000	0.9878	0.9878	0.0000	0.0002	0.0002	0.0000	0.9875	0.9875	0.0000	0.5219	0.4557	0.0662	0.0533	0.0505	0.0028	0.4686	0.4052	0.0633	0.4362	0.2567	0.1796	0.0756	0.0624	0.0132	0.3606	0.1942	0.1664	1.6907	1.1391	0.0000	4145.6305	3614.9449	0.0000	1.0234	0.6373	0.0000	2.2643	3.8485	0.0000	0.0031	0.0038	0.0000	2.7384	5.0844	0.0000	
21	23	0.2405	12	1	1	0	1	0	0	0	0	N	N	N	N	N	N	N	N	N	N	N	N	0.0000	0.0000	0.0000	0.0000	0.0000	0.0000	0.0000	0.0000	0.0000	0.0000	0.0000	0.0000	0.0000	0.0000	0.0000	0.0001	0.0000	0.0003	0.0009	0.0000	0.0064	0.0000	0.0000	0.0000	inf	0.0000	0.0000	6.0371	0.0013	11.7316	0.9984	0.0000	0.0000	0.0000	0.0000	0.0000	0.0000	0.0000	0.0000	0.0000	0.0000	0.0000	0.0000	0.0000	0.0000	0.0000	0.0000	0.0000	0.0000	0.0002	0.0001	0.0000	0.0001	0.0001	0.0000	0.0001	0.0001	0.0000	0.0276	0.0162	0.0114	0.0036	0.0031	0.0005	0.0240	0.0131	0.0109	0.0000	0.0000	0.0000	0.0000	0.0000	0.0000	0.0000	0.0000	0.0000	0.0001	0.0000	0.0003	0.0009	0.0000	0.0064	0.0000	0.0000	0.0000				
21	24	0.0658	3	0	1	0	2	0	0	0	0	N	N	N	Y	N	N	N	N	N	N	N	N	0.0024	13.0455	0.0003	23.6202	38.9646	0.0003	0.0002	0.0004	0.0087	0.0091	0.0055	0.1122	0.1159	0.0000	0.0008	0.0000	0.0056	3.6046	0.0007	15.6406	0.0047	0.0030	0.0665	3.6951	0.0000	14.8647	0.0901	7260.1859	-0.0007	0.4106	6.0371	6.0729	11.7316	6.2374	0.0024	0.0022	0.0002	0.0022	0.0022	0.0000	0.0002	0.0000	0.0002	0.9997	0.0001	0.9996	0.0002	0.0001	0.0001	0.9995	0.0000	0.9995	0.2819	0.2449	0.0370	0.0200	0.0193	0.0006	0.2619	0.2256	0.0363	0.3417	0.1963	0.1454	0.0476	0.0463	0.0013	0.2941	0.1500	0.1441	0.0030	13.0455	0.0008	23.6202	38.9646	0.0003	0.0002	0.0000	0.0008	2.9255	0.0007	6.8747	0.0047	0.0030	0.0665	3.3983	0.0000	6.9376	
21	25	0.0786	3	1	1	0	1	0	0	0	0	N	N	N	N	N	N	N	N	N	N	N	N	0.0118	0.0070	19.2653	41.0464	40.4591	38.7015	0.0014	0.0008	0.0021	0.0253	0.0279	0.0065	0.2343	0.2372	0.1750	0.0029	0.0034	0.0000	2.1341	4.0092	0.0003	0.0057	0.0059	0.0045	2.1108	4.3824	0.0003	0.0321	0.0001	-0.0070	-0.5892	6.0371	19.6128	11.7316	15.0566	0.0212	0.0205	0.0007	0.0190	0.0183	0.0007	0.0022	0.0022	0.0000	1.0003	1.0002	0.0001	0.0002	0.0002	0.0000	1.0001	1.0000	0.0001	0.8380	0.7357	0.1022	0.0810	0.0772	0.0038	0.7570	0.6585	0.0985	0.6678	0.3691	0.2987	0.0428	0.0378	0.0049	0.6251	0.3313	0.2938	0.0169	0.0103	19.2653	41.0464	40.4591	38.7015	0.0018	0.0011	0.0021	1.4979	2.7096	0.0003	0.0057	0.0059	0.0045	1.6000	3.0184	0.0003
21	26	0.1214	2	0	0	1	1	0	0	0	0	N	N	N	N	N	N	N	N	N	N	N	N	0.0000	0.0000	0.0000	0.0000	0.0000	0.0000	0.0000	0.0000	0.0000	0.0000	0.0000	0.0000	0.0000	0.0000	0.0000	0.0000	0.0000	0.0000	0.0000	0.0000	6.0371	0.0000	11.7316	0.0000	0.0000	0.0000	0.0000	0.0000	0.0000	0.0000	0.0000	0.0000	0.0000	0.0000	0.0000	0.0000	0.0000	0.0000	0.0000	0.0000	0.0000	0.0000	0.0000	0.0000	0.0000	0.0000	0.0000	0.0000	0.0000	0.0000	0.0000	0.0000	0.0000	0.0000	0.0000	0.0000	0.0000	0.0000	0.0000	0.0000	0.0000	0.0000	0.0000	0.0000	0.0000	0.0000	0.0000	0.0000	0.0000	0.0000	0.0000	0.0000	0.0000	0.0000	0.0000	0.0000	0.0000	0.0000											
21	27	0.0922	3	1	0	1	1	0	0	0	0	N	N	N	N	N	N	N	N	N	N	N	N	0.0000	0.0000	0.0000	0.0000	0.0000	0.0000	0.0000	inf	0.0000	0.0000	0.0000	0.0000	0.0000	0.0000	0.0000	0.0000	0.0000	0.0000	1.9266	3.2906	0.0101	26.0819	28.1151	0.0337	0.0046	0.0000	0.0089	0.0000	0.0040	-0.0000	-0.1415	6.0371	6.0046	11.7316	3.2467	0.0000	0.0000	0.0000	0.0000	0.0000	0.0000	0.0000	0.0000	0.0000	0.2419	0.2409	0.0010	0.2410	0.2409	0.0002	0.0008	0.0000	0.0008	0.2512	0.2182	0.0329	0.0231	0.0215	0.0016	0.2280	0.1967	0.0313	0.2184	0.1216	0.0968	0.0396	0.0350	0.0045	0.1789	0.0866	0.0923	0.0000	0.0000	0.0000	0.0000	0.0000	0.0000	0.0000	inf	0.0000	1.1072	1.9804	0.0101	6.0939	6.8767	0.0337	0.0046	0.0000	0.0089
21	28	0.0558	2	1	0	0	1	0	0	0	0	N	N	N	N	N	N	N	N	N	N	N	N	0.0013	0.0021	0.0000	0.0055	0.0067	0.0000	0.0006	2.3303	0.0000	0.0046	0.0053	0.0002	0.0519	0.0534	0.0000	0.0018	0.0021	0.0002	3.5193	2.5745	11.3775	9.4310	7.9327	0.1596	3.2706	0.0009	10.8825	0.0071	5.2755	-0.0005	0.3602	6.0371	7.0330	11.7316	8.3476	0.0015	0.0015	0.0000	0.0009	0.0009	0.0000	0.0006	0.0006	0.0000	1.4318	0.2282	1.2037	0.2283	0.2280	0.0003	1.2036	0.0002	1.2034	0.3234	0.2805	0.0429	0.0179	0.0174	0.0005	0.3055	0.2631	0.0424	0.5115	0.2831	0.2285	0.1022	0.1005	0.0016	0.4093	0.1825	0.2268	0.0016	0.0065	0.0000	0.0232	0.0235	0.0000	0.0006	2.3303	0.0000	2.7992	0.8060	5.2688	2.2337	2.2678	0.1596	2.9403	0.0009	5.3060
21	29	0.0658	3	0	1	0	2	0	0	0	0	N	N	N	Y	N	N	N	N	N	N	N	N	0.0041	0.0030	0.0001	0.0109	0.0127	inf	0.0000	0.0000	0.0001	0.0056	0.0065	0.0000	0.0997	0.1040	0.0000	0.0000	0.0000	0.0000	1.3664	2.1379	0.1194	9.1198	8.1982	0.0000	0.1209	0.0000	0.1205	0.0003	0.2307	-0.0011	-0.0637	6.0371	12.7698	11.7316	10.8465	0.0031	0.0031	0.0000	0.0031	0.0031	0.0000	0.0000	0.0000	0.0000	0.1587	0.1289	0.0298	0.1289	0.1289	0.0000	0.0298	0.0000	0.0298	0.5529	0.4806	0.0723	0.0313	0.0300	0.0013	0.5217	0.4506	0.0710	0.5656	0.3165	0.2492	0.0588	0.0565	0.0023	0.5068	0.2599	0.2469	0.0201	0.0159	0.0001	0.0455	0.0456	inf	0.0000	0.0000	0.0001	0.2806	0.4075	0.1194	2.1913	2.2810	0.0000	0.0587	0.0000	0.1205
21	30	0.1624	9	1	0	1	1	0	0	0	0	N	N	N	N	N	N	N	N	N	N	N	N	837.1634	2754.3829	0.0000	0.0000	673317.9141	2391328.1771	0.0026	0.0000	0.0206	0.0000	0.0000	0.0000	0.0029	0.0000	0.0219	0.0000	0.0000	0.0000	0.0000	0.0000	0.0001	0.0000	0.0000	0.0000	inf	inf	0.0008	0.0000	6.0371	11.8338	11.7316	5.9707	0.0013	0.0000	0.0013	0.0000	0.0000	0.0000	0.0013	0.0000	0.0013	0.0000	0.0000	0.0000	0.0000	0.0000	0.0000	0.0000	0.0000	0.0000	0.5015	0.4388	0.0626	0.0597	0.0560	0.0037	0.4417	0.3828	0.0589	0.3614	0.2129	0.1485	0.0847	0.0672	0.0175	0.2767	0.1457	0.1310	837.1634	0.0000	2754.3829	0.0000	0.0000	0.0000	673317.9141	0.0000	2391328.1771	0.0000	0.0000	0.0000	0.0000	0.0000	0.0001	0.0000	0.0000	0.0000			
21	31	0.0658	3	0	0	1	1	0	0	0	0	N	N	N	N	N	N	N	N	N	N	N	N	0.0233	0.0055	1.0126	0.0403	0.0657	0.0000	0.2929	1.0397	0.0040	0.0039	0.0045	0.0506	0.0524	0.0000	0.0006	0.0000	0.0045	0.1720	0.7214	0.0044	1.2543	0.7965	0.0086	0.0021	0.0000	0.0044	0.1714	0.0287	-0.0003	-0.0109	6.0371	6.9288	11.7316	3.0309	0.0013	0.0011	0.0002	0.0011	0.0011	0.0000	0.0002	0.0000	0.0002	0.0193	0.0188	0.0005	0.0188	0.0188	0.0000	0.0005	0.0000	0.0005	0.3185	0.2767	0.0418	0.0215	0.0208	0.0007	0.2970	0.2559	0.0411	0.2923	0.1698	0.1225	0.0450	0.0439	0.0011	0.2473	0.1259	0.1214	0.0605	0.0355	1.0126	0.1211	0.1223	0.0000	0.2929	0.0000	1.0397	0.0662	0.1107	0.0044	0.4177	0.4279	0.0086	0.0021	0.0000	0.0044	
21	32	0.0558	2	0	0	0	1	0	0	0	0	N	N	N	N	N	N	N	N	N	N	N	N	0.0048	0.0073	0.0001	0.0554	0.0707	0.0219	0.0000	0.0005	0.0001	0.0129	0.0147	0.0009	0.1005	0.1021	0.0011	0.0001	0.0000	0.0009	2.7218	2.0058	9.2493	1.8137	1.4445	0.0508	3.0771	0.0012	8.5296	0.0095	10.2454	-0.0005	0.1898	6.0371	1.8775	11.7316	3.1058	0.0014	0.0014	0.0000	0.0014	0.0014	0.0000	0.0000	0.0000	0.0000	0.5897	0.0524	0.5372	0.0524	0.0523	0.0000	0.5373	0.0001	0.5372	0.1053	0.0918	0.0136	0.0134	0.0132	0.0002	0.0919	0.0786	0.0133	0.2990	0.1694	0.1296	0.0972	0.0966	0.0006	0.2018	0.0728	0.1290	0.0066	0.0475	0.0002	0.1865	0.1885	0.0219	0.0001	0.0005	0.0002	1.9719	0.3095	4.1446	0.5389	0.5420	0.0508	2.6620	0.0012	4.1637
21	34	0.1267	3	0	1	0	1	0	0	0	0	N	N	N	N	N	N	N	N	N	N	N	N	0.0000	0.0000	0.0000	0.0000	0.0000	0.0000	0.0000	0.0000	0.0000	0.0000	0.0000	0.0000	0.0000	0.0000	0.0000	0.0000	0.0000	0.0000	0.0000	0.0000	6.0371	0.0019	11.7316	3.0025	0.0000	0.0000	0.0000	0.0000	0.0000	0.0000	0.0000	0.0000	0.0000	0.0000	0.0000	0.0000	0.0000	0.0000	0.0000	0.0000	0.0000	0.0000	0.0003	0.0003	0.0000	0.0001	0.0001	0.0000	0.0002	0.0002	0.0000	0.0632	0.0361	0.0271	0.0101	0.0089	0.0011	0.0531	0.0272	0.0260	0.0000	0.0000	0.0000	0.0000	0.0000	0.0000	0.0000	0.0000	0.0000	0.0000	0.0000	0.0000	0.0000	0.0000	0.0000	0.0000	0.0000	0.0000											
21	35	0.2286	9	1	1	0	1	0	0	0	0	N	N	N	N	N	N	N	N	N	N	N	N	0.0000	0.0000	0.0000	0.0000	0.0000	0.0000	0.0000	0.0000	0.0000	0.0000	0.0000	0.0000	0.0000	0.0000	0.0000	0.0000	0.0000	0.0000	0.0000	0.0000	6.0371	1.0000	11.7316	1.9999	0.0000	0.0000	0.0000	0.0000	0.0000	0.0000	0.0000	0.0000	0.0000	0.0000	0.0000	0.0000	0.0000	0.0000	0.0000	0.0000	0.0000	0.0000	0.0426	0.0373	0.0053	0.0083	0.0077	0.0006	0.0344	0.0296	0.0047	0.0591	0.0334	0.0257	0.0100	0.0083	0.0017	0.0491	0.0251	0.0240	0.0000	0.0000	0.0000	0.0000	0.0000	0.0000	0.0000	0.0000	0.0000	0.0000	0.0000	0.0000	0.0000	0.0000	0.0000	0.0000	0.0000	0.0000											
21	36	0.1933	9	0	1	1	1	0	0	0	0	N	N	N	N	N	N	N	N	N	N	N	N	0.0000	0.0000	0.0000	0.0000	0.0000	0.0000	0.0000	0.0000	0.0000	0.0000	0.0000	0.0000	0.0000	0.0000	0.0000	0.0000	0.0000	0.0000	0.4662	0.9024	0.0000	0.2774	0.3751	0.0000	0.0098	0.1872	0.0000	0.0000	0.0000	-0.0134	6.0371	3.0341	11.7316	5.2124	0.0000	0.0000	0.0000	0.0000	0.0000	0.0000	0.0000	0.0000	0.0000	0.0228	0.0228	0.0000	0.0213	0.0213	0.0000	0.0014	0.0014	0.0000	0.1415	0.1239	0.0176	0.0229	0.0214	0.0015	0.1187	0.1026	0.0161	0.2535	0.1708	0.0827	0.1092	0.0855	0.0238	0.1443	0.0853	0.0589	0.0000	0.0000	0.0000	0.0000	0.0000	0.0000	0.0000	0.0000	0.0000	0.0897	0.1332	0.0000	0.1953	0.2496	0.0000	0.0098	0.0166	0.0000	
21	37	0.1695	8	0	1	0	1	0	0	0	0	N	N	N	N	N	N	N	N	N	N	N	N	0.0000	0.0000	0.0000	0.0000	0.0000	0.0000	0.0000	0.0000	0.0000	0.0000	0.0000	0.0000	0.0000	0.0000	0.0000	0.0000	0.0000	0.0000	1.6901	2.5920	0.0003	9.5807	10.2445	0.0004	0.0004	0.0004	0.0003	0.0002	0.0000	-0.0531	6.0371	3.0544	11.7316	4.8962	0.0000	0.0000	0.0000	0.0000	0.0000	0.0000	0.0000	0.0000	0.0000	0.0902	0.0902	0.0000	0.0902	0.0902	0.0000	0.0000	0.0000	0.0000	0.1336	0.1164	0.0172	0.0150	0.0140	0.0010	0.1186	0.1024	0.0162	0.1700	0.1001	0.0699	0.0403	0.0319	0.0084	0.1297	0.0682	0.0615	0.0000	0.0000	0.0000	0.0000	0.0000	0.0000	0.0000	0.0000	0.0000	0.5306	0.9011	0.0003	2.2350	2.8239	0.0004	0.0004	0.0004	0.0003	
21	38	0.1267	3	0	0	1	1	0	0	0	0	N	N	N	N	N	N	N	N	N	N	N	N	0.0000	0.0000	0.0000	0.0000	0.0000	0.0000	0.0000	0.0000	0.0000	0.0000	0.0000	0.0000	0.0000	0.0000	0.0000	0.0000	0.0000	0.0000	0.0000	0.0000	6.0371	0.9992	11.7316	1.0069	0.0000	0.0000	0.0000	0.0000	0.0000	0.0000	0.0000	0.0000	0.0000	0.0000	0.0000	0.0000	0.0000	0.0000	0.0000	0.0000	0.0000	0.0000	0.0387	0.0335	0.0052	0.0017	0.0016	0.0001	0.0370	0.0319	0.0051	0.0427	0.0245	0.0182	0.0069	0.0062	0.0008	0.0358	0.0183	0.0175	0.0000	0.0000	0.0000	0.0000	0.0000	0.0000	0.0000	0.0000	0.0000	0.0000	0.0000	0.0000	0.0000	0.0000	0.0000	0.0000	0.0000	0.0000											
21	39	0.1214	2	0	0	0	1	0	0	0	0	N	N	N	N	N	N	N	N	N	N	N	N	0.0000	0.0000	0.0000	0.0000	0.0000	0.0000	0.0000	0.0000	0.0000	0.0000	0.0000	0.0000	0.0000	0.0000	0.0000	0.0000	0.0000	0.0000	0.0000	0.0000	6.0371	1.0008	11.7316	0.9987	0.0000	0.0000	0.0000	0.0000	0.0000	0.0000	0.0000	0.0000	0.0000	0.0000	0.0000	0.0000	0.0000	0.0000	0.0000	0.0000	0.0000	0.0000	0.0392	0.0339	0.0053	0.0013	0.0013	0.0001	0.0378	0.0326	0.0052	0.0424	0.0240	0.0183	0.0059	0.0053	0.0007	0.0364	0.0188	0.0177	0.0000	0.0000	0.0000	0.0000	0.0000	0.0000	0.0000	0.0000	0.0000	0.0000	0.0000	0.0000	0.0000	0.0000	0.0000	0.0000	0.0000	0.0000											
21	42	0.1041	6	0	0	0	1	0	0	0	0	N	N	N	N	N	N	N	N	N	N	N	N	0.5074	1.0605	14579.9459	47251.2365	0.1704	0.3410	1.3999	0.0000	11.1144	9.7188	0.0000	175.9817	0.4902	0.0000	3.6667	2.7589	0.0000	10.4801	0.0007	0.0000	0.0037	2.8772	0.0000	10.7513	inf	inf	0.6352	0.4109	6.0371	17.0025	11.7316	6.0864	0.9983	0.0000	0.9983	0.6832	0.0000	0.6832	0.3151	0.0000	0.3151	1.0000	0.0000	1.0000	0.0001	0.0000	0.0001	1.0000	0.0000	1.0000	0.7131	0.6233	0.0898	0.0703	0.0664	0.0039	0.6429	0.5569	0.0859	0.4923	0.2881	0.2041	0.0834	0.0685	0.0149	0.4088	0.2196	0.1892	0.6891	0.0000	2.2687	14579.9459	0.0000	47251.2365	0.2004	0.0000	0.6937	2.0315	0.0000	4.8991	0.0007	0.0000	0.0037	2.4461	0.0000	5.2855			
21	44	0.1041	6	0	1	0	1	0	0	0	0	N	N	N	N	N	N	N	N	N	N	N	N	0.0000	0.0000	0.0000	0.0000	0.0000	0.0000	0.0000	0.0000	0.0000	0.0000	0.0000	0.0000	0.0000	0.0000	0.0000	0.0000	0.0000	0.0000	3.1249	0.0009	11.9725	0.0032	0.0037	0.0008	3.1597	0.0000	13.1222	4400.0217	0.0000	0.4056	6.0371	6.9958	11.7316	11.8523	0.0000	0.0000	0.0000	0.0000	0.0000	0.0000	0.0000	0.0000	0.0000	0.9878	0.0002	0.9875	0.0002	0.0002	0.0000	0.9875	0.0000	0.9875	0.3201	0.2794	0.0407	0.0355	0.0338	0.0017	0.2846	0.2456	0.0390	0.4163	0.2455	0.1708	0.0728	0.0603	0.0125	0.3435	0.1852	0.1583	0.0000	0.0000	0.0000	0.0000	0.0000	0.0000	0.0000	0.0000	0.0000	2.3726	0.0009	5.7802	0.0032	0.0037	0.0008	2.8748	0.0000	6.2384	
21	45	0.1425	7	0	1	0	1	0	0	0	0	N	N	N	N	N	N	N	N	N	N	N	N	0.0047	0.0030	0.0000	0.0249	0.0251	0.0000	0.0008	0.0004	0.0000	0.0107	0.0122	0.0000	0.0818	0.0872	0.0000	0.0018	0.0021	0.0000	2.2598	4.0616	0.0065	3.2869	3.4674	0.0000	2.2237	4.6648	0.0069	0.0000	0.0017	-0.0032	-0.6537	6.0371	20.1318	11.7316	17.5118	0.0088	0.0088	0.0000	0.0075	0.0075	0.0000	0.0013	0.0013	0.0000	1.1129	1.1109	0.0019	0.1110	0.1110	0.0000	1.0018	0.9999	0.0019	0.8218	0.7193	0.1025	0.0915	0.0859	0.0057	0.7302	0.6334	0.0968	0.7017	0.4012	0.3005	0.1191	0.0985	0.0206	0.5826	0.3027	0.2800	0.0067	0.0044	0.0000	0.0877	0.0773	0.0000	0.0010	0.0006	0.0000	1.5859	2.7691	0.0065	0.9323	1.1271	0.0000	1.7195	3.3036	0.0069
21	46	0.0983	3	0	1	0	1	0	0	0	0	N	N	N	N	N	N	N	N	N	N	N	N	0.0000	0.0000	0.0000	0.0000	0.0000	0.0000	0.0000	0.0000	0.0000	0.0000	0.0000	0.0000	0.0000	0.0000	0.0000	0.0000	0.0001	0.0002	0.0000	0.0005	0.0005	0.0000	0.0000	0.0000	0.0000	0.0003	0.0000	-0.0000	6.0371	15.0410	11.7316	10.9147	0.0000	0.0000	0.0000	0.0000	0.0000	0.0000	0.0000	0.0000	0.0000	0.0001	0.0001	0.0000	0.0001	0.0001	0.0000	0.0000	0.0000	0.0000	0.6891	0.6026	0.0865	0.1066	0.1005	0.0061	0.5825	0.5021	0.0804	0.6553	0.4065	0.2488	0.1540	0.1385	0.0155	0.5013	0.2681	0.2333	0.0000	0.0000	0.0000	0.0000	0.0000	0.0000	0.0000	0.0000	0.0000	0.0001	0.0002	0.0000	0.0005	0.0005	0.0000	0.0000	0.0000	0.0000			
21	47	0.1676	10	1	0	1	1	0	0	0	0	N	N	N	N	N	N	N	N	N	N	N	N	0.0000	0.0000	0.0000	0.0000	0.0000	0.0000	0.0000	0.0000	0.0000	0.0000	0.0000	0.0000	0.0000	0.0000	0.0000	0.0000	0.0000	0.0000	0.0000	0.0000	0.0002	0.0001	0.0004	0.0000	0.0000	0.0000	0.6671	0.0000	-0.0000	6.0371	12.7633	11.7316	6.3722	0.0000	0.0000	0.0000	0.0000	0.0000	0.0000	0.0000	0.0000	0.0000	0.0000	0.0000	0.0000	0.0000	0.0000	0.0000	0.0000	0.0000	0.0000	0.5422	0.4751	0.0672	0.0665	0.0624	0.0040	0.4758	0.4126	0.0631	0.3883	0.2296	0.1587	0.0923	0.0736	0.0187	0.2959	0.1560	0.1399	0.0000	0.0000	0.0000	0.0000	0.0000	0.0000	0.0000	0.0000	0.0000	0.0000	0.0000	0.0000	0.0002	0.0001	0.0004	0.0000	0.0000	0.0000		
21	48	0.1624	9	0	0	0	1	0	0	0	0	N	N	N	N	N	N	N	N	N	N	N	N	0.0000	0.0000	0.0000	0.0000	0.0000	0.0000	0.0000	0.0000	0.0000	0.0000	0.0000	0.0000	0.0000	0.0000	0.0000	0.0000	0.0000	0.0000	0.0005	0.0005	0.0004	0.0006	0.0007	0.0004	0.0004	0.0005	0.0004	0.5152	0.0000	-0.0000	6.0371	0.3513	11.7316	1.9759	0.0000	0.0000	0.0000	0.0000	0.0000	0.0000	0.0000	0.0000	0.0000	0.0000	0.0000	0.0000	0.0000	0.0000	0.0000	0.0000	0.0000	0.0000	0.0268	0.0245	0.0023	0.0073	0.0072	0.0001	0.0195	0.0173	0.0022	0.0518	0.0306	0.0212	0.0126	0.0100	0.0026	0.0393	0.0206	0.0187	0.0000	0.0000	0.0000	0.0000	0.0000	0.0000	0.0000	0.0000	0.0000	0.0005	0.0005	0.0004	0.0006	0.0007	0.0004	0.0004	0.0005	0.0004	
21	49	0.1621	8	0	0	0	1	0	0	0	0	N	N	N	N	N	N	N	N	N	N	N	N	0.0000	0.0000	0.0000	0.0000	0.0000	0.0000	0.0000	0.0000	0.0000	0.0000	0.0000	0.0000	0.0000	0.0000	0.0000	0.0000	0.0000	0.0005	0.0004	0.0006	0.0020	0.0013	0.0049	0.0000	0.0000	0.0000	1.0000	0.0000	-0.0000	6.0371	0.1669	11.7316	0.0350	0.0000	0.0000	0.0000	0.0000	0.0000	0.0000	0.0000	0.0000	0.0000	0.0000	0.0000	0.0000	0.0000	0.0000	0.0000	0.0000	0.0000	0.0000	0.0074	0.0065	0.0010	0.0008	0.0008	0.0001	0.0066	0.0057	0.0009	0.0046	0.0027	0.0019	0.0011	0.0009	0.0002	0.0034	0.0018	0.0016	0.0000	0.0000	0.0000	0.0000	0.0000	0.0000	0.0000	0.0000	0.0000	0.0005	0.0004	0.0006	0.0020	0.0013	0.0049	0.0000	0.0000	0.0000		
21	50	0.1621	7	0	0	0	1	0	0	0	0	N	N	N	N	N	N	N	N	N	N	N	N	0.0000	0.0000	0.0000	0.0000	0.0000	0.0000	0.0000	0.0000	0.0000	0.0000	0.0000	0.0000	0.0000	0.0000	0.0000	0.0000	0.0000	0.0154	0.0129	0.0193	0.0430	0.0241	0.2151	0.0000	0.0000	0.0000	1.0000	0.0000	-0.0000	6.0371	0.0010	11.7316	0.0028	0.0000	0.0000	0.0000	0.0000	0.0000	0.0000	0.0000	0.0000	0.0000	0.0000	0.0000	0.0000	0.0000	0.0000	0.0000	0.0000	0.0000	0.0000	0.0001	0.0001	0.0000	0.0000	0.0000	0.0000	0.0001	0.0000	0.0000	0.0001	0.0001	0.0001	0.0001	0.0000	0.0000	0.0001	0.0000	0.0001	0.0000	0.0000	0.0000	0.0000	0.0000	0.0000	0.0000	0.0000	0.0000	0.0154	0.0128	0.0193	0.0430	0.0241	0.1993	0.0000	0.0000	0.0000		
21	51	0.0847	5	0	1	0	2	0	0	0	0	N	N	N	Y	N	N	N	N	N	N	N	N	814.6323	1026.5002	2327.2546	4.1517	3.8627	0.0000	943.1968	29317662.4758	2351.9241	4.0020	1.2328	22.9204	0.0255	0.0268	0.0000	4.4869	1.3954	23.8616	0.0049	0.0012	0.0098	0.0062	0.0069	0.0000	0.0048	0.0000	0.0101	2.7215	6.1666	0.4979	0.0006	6.0371	7.3891	11.7316	13.2142	1.3549	0.3641	0.9908	0.0009	0.0009	0.0000	1.3540	0.3631	0.9908	0.0022	0.0003	0.0019	0.0003	0.0003	0.0000	0.0019	0.0000	0.0019	0.3386	0.2953	0.0432	0.0368	0.0351	0.0017	0.3018	0.2602	0.0415	0.4541	0.2592	0.1949	0.0506	0.0449	0.0057	0.4035	0.2143	0.1892	814.6323	1026.5002	2327.2546	4.1517	3.8627	0.0000	943.1968	29317662.4758	2351.9241	0.0049	0.0012	0.0098	0.0062	0.0069	0.0000	0.0048	0.0000	0.0101
21	52	0.0786	4	0	1	0	1	0	0	0	0	N	N	N	N	N	N	N	N	N	N	N	N	326.4266	736.5170	0.0000	8.1997	7.8137	0.0000	474.6074	inf	0.0000	1.7946	2.0415	0.0000	0.1944	0.2026	0.0000	1.9933	2.2937	0.0000	0.0055	0.0028	0.0089	0.0237	0.0259	0.0059	0.0042	0.0000	0.0089	0.0000	2.5854	-0.3639	0.0004	6.0371	12.1779	11.7316	13.0455	1.0004	1.0004	0.0000	0.0120	0.0120	0.0000	0.9885	0.9885	0.0000	0.0028	0.0008	0.0020	0.0008	0.0008	0.0000	0.0020	0.0000	0.0020	0.5575	0.4900	0.0674	0.0616	0.0591	0.0025	0.4959	0.4310	0.0649	0.5096	0.2819	0.2277	0.0339	0.0301	0.0038	0.4757	0.2518	0.2239	326.4266	736.5170	0.0000	8.1997	7.8137	0.0000	474.6074	inf	0.0000	0.0055	0.0028	0.0089	0.0237	0.0259	0.0059	0.0042	0.0000	0.0089
21	53	0.1695	8	0	1	0	1	0	0	0	0	N	N	N	N	N	N	N	N	N	N	N	N	0.0000	0.0000	0.0000	0.0000	0.0000	0.0000	0.0000	0.0000	0.0000	0.0000	0.0000	0.0000	0.0000	0.0000	0.0000	0.0002	0.0000	0.0005	0.0008	0.0000	0.0040	0.0000	0.0000	0.0000	inf	0.0000	0.0000	6.0371	3.0001	11.7316	3.0003	0.0000	0.0000	0.0000	0.0000	0.0000	0.0000	0.0000	0.0000	0.0000	0.0000	0.0000	0.0000	0.0000	0.0000	0.0000	0.0000	0.0000	0.0000	0.1313	0.1144	0.0169	0.0148	0.0138	0.0010	0.1165	0.1006	0.0159	0.1297	0.0764	0.0533	0.0309	0.0244	0.0064	0.0988	0.0519	0.0469	0.0000	0.0000	0.0000	0.0000	0.0000	0.0000	0.0000	0.0000	0.0000	0.0002	0.0000	0.0005	0.0008	0.0000	0.0040	0.0000	0.0000	0.0000				
21	54	0.1621	7	0	0	0	1	0	0	0	0	N	N	N	N	N	N	N	N	N	N	N	N	0.0000	0.0000	0.0000	0.0000	0.0000	0.0000	0.0000	0.0000	0.0000	0.0000	0.0000	0.0000	0.0000	0.0000	0.0000	0.0000	0.0000	0.0004	0.0007	0.0000	0.0017	0.0020	0.0003	0.0000	0.0000	0.0000	0.0435	0.0000	-0.0000	6.0371	1.9998	11.7316	1.0017	0.0000	0.0000	0.0000	0.0000	0.0000	0.0000	0.0000	0.0000	0.0000	0.0000	0.0000	0.0000	0.0000	0.0000	0.0000	0.0000	0.0000	0.0000	0.0877	0.0764	0.0114	0.0096	0.0089	0.0007	0.0781	0.0674	0.0107	0.0659	0.0388	0.0271	0.0157	0.0125	0.0033	0.0502	0.0263	0.0238	0.0000	0.0000	0.0000	0.0000	0.0000	0.0000	0.0000	0.0000	0.0000	0.0004	0.0007	0.0000	0.0017	0.0020	0.0003	0.0000	0.0000	0.0000		
21	55	0.1041	6	0	0	0	1	0	0	0	0	N	N	N	N	N	N	N	N	N	N	N	N	4688.0303	3173.1646	0.0000	5224.9192	4559.9712	1527414.3835	959361.1463	0.0000	2.7620	3.1644	0.0000	17.4478	18.3604	0.0000	0.9772	1.1318	0.0000	0.0006	0.0010	0.0000	0.0033	0.0040	0.0000	0.0000	0.0000	0.0000	0.0000	0.0000	-0.3634	-0.0001	6.0371	8.0033	11.7316	9.9473	0.9989	0.9989	0.0000	0.6838	0.6838	0.0000	0.3151	0.3151	0.0000	0.0002	0.0002	0.0000	0.0002	0.0002	0.0000	0.0000	0.0000	0.0000	0.3617	0.3157	0.0460	0.0392	0.0372	0.0019	0.3225	0.2784	0.0440	0.3998	0.2362	0.1636	0.0705	0.0584	0.0120	0.3293	0.1778	0.1516	4688.0303	3173.1646	0.0000	5224.9192	4559.9712	0.0000	1527414.3835	959361.1463	0.0000	0.0006	0.0010	0.0000	0.0033	0.0040	0.0000	0.0000	0.0000	0.0000	
21	56	0.1197	4	0	1	0	1	0	0	0	0	N	N	N	N	N	N	N	N	N	N	N	N	0.0040	0.0602	0.0357	0.0149	0.1575	0.0000	0.0032	0.0000	0.0446	0.0026	0.0001	0.0202	0.0004	0.0004	0.0000	0.0029	0.0000	0.0214	0.6409	0.0009	0.5666	0.0241	0.0024	0.1670	0.9248	0.0000	0.4798	52.5110	188.1229	0.0004	0.0156	6.0371	5.0156	11.7316	9.5596	0.0006	0.0000	0.0006	0.0000	0.0000	0.0000	0.0006	0.0000	0.0006	0.0385	0.0002	0.0382	0.0024	0.0002	0.0022	0.0361	0.0000	0.0361	0.2254	0.1973	0.0281	0.0303	0.0288	0.0015	0.1951	0.1685	0.0266	0.3585	0.2228	0.1357	0.0979	0.0850	0.0129	0.2607	0.1379	0.1228	0.0240	0.0602	0.0718	0.0149	0.1575	0.0000	0.0211	0.0000	0.0728	0.1072	0.0009	0.2819	0.0241	0.0024	0.1670	0.1385	0.0000	0.2939
21	57	0.0983	3	0	1	0	1	0	0	0	0	N	N	N	N	N	N	N	N	N	N	N	N	0.3314	0.0349	0.5112	0.1314	0.1827	0.0197	0.3729	0.0025	0.5768	1.3434	0.0053	10.5196	0.0675	0.0208	0.8522	1.7317	0.0001	11.6297	4.0536	0.1516	20.5795	0.5142	0.1140	43.3655	4.6444	0.0203	20.1642	289.6112	85.0633	0.2603	0.5132	6.0371	5.2776	11.7316	4.9316	0.4114	0.0014	0.4100	0.0048	0.0014	0.0034	0.4066	0.0000	0.4066	1.2854	0.0149	1.2705	0.0398	0.0140	0.0258	1.2456	0.0010	1.2446	0.3062	0.2673	0.0390	0.0715	0.0674	0.0040	0.2348	0.1998	0.0350	0.3999	0.2689	0.1310	0.1317	0.1225	0.0092	0.2682	0.1464	0.1218	0.4180	0.0954	1.0847	0.2236	0.1827	0.3045	0.3729	0.0077	1.1378	3.2140	0.0555	9.6983	0.3020	0.1140	2.7988	4.6444	0.0066	10.2209
21	58	0.0703	2	0	0	0	1	0	0	0	0	N	N	N	N	N	N	N	N	N	N	N	N	0.6271	0.0121	1.4742	0.0181	0.0208	0.0954	0.7322	0.0086	1.5934	2.0648	0.0303	15.6403	0.1924	0.2024	0.0086	2.2025	0.0164	16.0767	3.2924	2.4967	10.6092	10.6306	9.7163	0.0904	3.0079	1.9044	10.0896	77.4475	4.6576	0.3682	0.1879	6.0371	6.4383	11.7316	5.2340	0.5906	0.0075	0.5831	0.0038	0.0038	0.0000	0.5868	0.0038	0.5831	0.8025	0.1418	0.6606	0.1160	0.1158	0.0002	0.6865	0.0260	0.6604	0.2860	0.2488	0.0373	0.0196	0.0186	0.0010	0.2664	0.2302	0.0363	0.3154	0.1823	0.1331	0.0474	0.0450	0.0024	0.2680	0.1373	0.1307	0.8115	0.0389	3.1509	0.0786	0.0787	0.0954	0.8598	0.0863	3.1817	2.5445	0.7781	4.9638	2.4474	2.5725	0.0904	2.5617	0.1896	5.0528
21	63	0.1835	9	1	1	0	2	0	0	0	0	N	N	N	Y	N	N	N	N	N	N	N	N	0.0000	0.0000	0.0000	0.0000	0.0000	0.0000	0.0000	0.0000	0.0000	0.0000	0.0000	0.0000	0.0000	0.0000	0.0000	0.0000	0.0000	0.0000	0.0000	0.0000	6.0371	2.0000	11.7316	2.0002	0.0000	0.0000	0.0000	0.0000	0.0000	0.0000	0.0000	0.0000	0.0000	0.0000	0.0000	0.0000	0.0000	0.0000	0.0000	0.0000	0.0000	0.0000	0.0878	0.0767	0.0110	0.0143	0.0133	0.0010	0.0735	0.0634	0.0101	0.0840	0.0480	0.0360	0.0108	0.0090	0.0017	0.0732	0.0389	0.0343	0.0000	0.0000	0.0000	0.0000	0.0000	0.0000	0.0000	0.0000	0.0000	0.0000	0.0000	0.0000	0.0000	0.0000	0.0000	0.0000	0.0000	0.0000											
21	64	0.1992	13	0	1	0	2	0	0	0	0	N	N	N	Y	N	N	N	N	N	N	N	N	0.0000	0.0000	0.0000	0.0000	0.0000	0.0000	0.0000	0.0000	0.0000	0.0000	0.0000	0.0000	0.0000	0.0000	0.0000	0.0000	0.0000	0.0001	0.0001	0.0000	0.0011	0.0000	0.0000	0.0000	inf	0.0000	0.0000	6.0371	2.0059	11.7316	4.8036	0.0000	0.0000	0.0000	0.0000	0.0000	0.0000	0.0000	0.0000	0.0000	0.0000	0.0000	0.0000	0.0000	0.0000	0.0000	0.0000	0.0000	0.0000	0.0888	0.0777	0.0111	0.0160	0.0149	0.0011	0.0729	0.0629	0.0100	0.1423	0.0836	0.0588	0.0226	0.0196	0.0030	0.1197	0.0639	0.0558	0.0000	0.0000	0.0000	0.0000	0.0000	0.0000	0.0000	0.0000	0.0000	0.0000	0.0000	0.0001	0.0001	0.0000	0.0011	0.0000	0.0000	0.0000				
21	65	0.1964	11	0	1	0	1	0	0	0	0	N	N	N	N	N	N	N	N	N	N	N	N	5989.9397	4030.2455	0.0000	0.2977	0.2890	0.0000	48723505.2072	inf	0.0000	21.2455	24.1684	0.0000	0.0058	0.0062	0.0000	26.0823	30.1641	0.0000	0.0035	0.0060	0.0003	0.0197	0.0215	0.0054	0.0000	0.0000	0.0000	0.0000	0.0321	-0.3556	-0.0001	6.0371	0.9804	11.7316	0.2754	0.9774	0.9774	0.0000	0.0000	0.0000	0.0000	0.9774	0.9774	0.0000	0.0001	0.0001	0.0000	0.0001	0.0001	0.0000	0.0000	0.0000	0.0000	0.0460	0.0404	0.0056	0.0085	0.0080	0.0005	0.0375	0.0324	0.0051	0.0303	0.0174	0.0129	0.0055	0.0048	0.0006	0.0248	0.0125	0.0123	5989.9397	4030.2455	0.0000	0.2977	0.2890	0.0000	48723505.2072	inf	0.0000	0.0035	0.0060	0.0003	0.0197	0.0215	0.0054	0.0000	0.0000	0.0000
21	66	0.1942	12	0	0	1	2	0	0	0	0	N	N	N	Y	N	N	N	N	N	N	N	N	0.0000	0.0000	0.0000	0.0000	0.0000	0.0000	0.0000	0.0000	0.0000	0.0000	0.0000	0.0000	0.0000	0.0000	0.0000	0.0000	0.0000	0.0000	0.0001	0.0000	0.0004	0.0000	0.0000	0.0000	inf	0.0000	0.0000	6.0371	0.9437	11.7316	4.8091	0.0000	0.0000	0.0000	0.0000	0.0000	0.0000	0.0000	0.0000	0.0000	0.0000	0.0000	0.0000	0.0000	0.0000	0.0000	0.0000	0.0000	0.0000	0.0583	0.0509	0.0074	0.0169	0.0159	0.0010	0.0414	0.0349	0.0065	0.1244	0.0733	0.0511	0.0201	0.0175	0.0025	0.1043	0.0558	0.0485	0.0000	0.0000	0.0000	0.0000	0.0000	0.0000	0.0000	0.0000	0.0000	0.0000	0.0000	0.0000	0.0001	0.0000	0.0004	0.0000	0.0000	0.0000				
21	67	0.1872	11	0	0	1	2	0	0	0	0	N	N	N	Y	N	N	N	N	N	N	N	N	0.0000	0.0000	0.0000	0.0000	0.0000	0.0000	0.0000	0.0000	0.0000	0.0000	0.0000	0.0000	0.0000	0.0000	0.0000	0.0000	0.0000	0.0002	0.0004	0.0000	0.0016	0.0019	0.0003	0.0000	0.0000	0.0000	0.0279	0.0000	-0.0000	6.0371	4.0088	11.7316	5.0246	0.0000	0.0000	0.0000	0.0000	0.0000	0.0000	0.0000	0.0000	0.0000	0.0000	0.0000	0.0000	0.0000	0.0000	0.0000	0.0000	0.0000	0.0000	0.1742	0.1523	0.0218	0.0286	0.0266	0.0019	0.1456	0.1257	0.0199	0.1875	0.1079	0.0797	0.0252	0.0214	0.0038	0.1624	0.0865	0.0759	0.0000	0.0000	0.0000	0.0000	0.0000	0.0000	0.0000	0.0000	0.0000	0.0002	0.0004	0.0000	0.0016	0.0019	0.0003	0.0000	0.0000	0.0000		
21	68	0.1992	13	0	0	1	2	0	0	0	0	N	N	N	Y	N	N	N	N	N	N	N	N	0.0000	0.0000	0.0000	0.0000	0.0000	0.0000	0.0000	0.0000	0.0000	0.0000	0.0000	0.0000	0.0000	0.0000	0.0000	0.0000	0.0000	0.0001	0.0002	0.0000	0.0014	0.0000	0.0000	0.0000	inf	0.0000	0.0000	6.0371	1.0064	11.7316	4.2000	0.0000	0.0000	0.0000	0.0000	0.0000	0.0000	0.0000	0.0000	0.0000	0.0000	0.0000	0.0000	0.0000	0.0000	0.0000	0.0000	0.0000	0.0000	0.0451	0.0394	0.0056	0.0082	0.0076	0.0006	0.0369	0.0318	0.0051	0.1109	0.0654	0.0455	0.0181	0.0158	0.0023	0.0929	0.0496	0.0432	0.0000	0.0000	0.0000	0.0000	0.0000	0.0000	0.0000	0.0000	0.0000	0.0000	0.0000	0.0001	0.0002	0.0000	0.0014	0.0000	0.0000	0.0000				
21	69	0.1942	12	0	0	0	2	0	0	0	0	N	N	N	Y	N	N	N	N	N	N	N	N	0.0000	0.0000	0.0000	0.0000	0.0000	0.0000	0.0000	0.0000	0.0000	0.0000	0.0000	0.0000	0.0000	0.0000	0.0000	0.0000	0.0000	0.0001	0.0001	0.0001	0.0006	0.0005	0.0015	0.0000	0.0000	0.0000	0.3332	0.0000	-0.0000	6.0371	1.2889	11.7316	0.3511	0.0000	0.0000	0.0000	0.0000	0.0000	0.0000	0.0000	0.0000	0.0000	0.0000	0.0000	0.0000	0.0000	0.0000	0.0000	0.0000	0.0000	0.0000	0.0734	0.0641	0.0093	0.0194	0.0183	0.0011	0.0540	0.0458	0.0082	0.0406	0.0249	0.0158	0.0081	0.0073	0.0007	0.0325	0.0175	0.0150	0.0000	0.0000	0.0000	0.0000	0.0000	0.0000	0.0000	0.0000	0.0000	0.0001	0.0001	0.0001	0.0006	0.0005	0.0015	0.0000	0.0000	0.0000		
21	70	0.1872	11	0	0	0	2	0	0	0	0	N	N	N	Y	N	N	N	N	N	N	N	N	0.0000	0.0000	0.0000	0.0000	0.0000	0.0000	0.0000	0.0000	0.0000	0.0000	0.0000	0.0000	0.0000	0.0000	0.0000	0.0000	0.0000	0.0001	0.0000	0.0001	0.0003	0.0002	0.0013	0.0000	0.0000	0.0000	1.0159	0.0000	-0.0000	6.0371	0.7777	11.7316	1.1718	0.0000	0.0000	0.0000	0.0000	0.0000	0.0000	0.0000	0.0000	0.0000	0.0000	0.0000	0.0000	0.0000	0.0000	0.0000	0.0000	0.0000	0.0000	0.0346	0.0303	0.0044	0.0057	0.0054	0.0004	0.0289	0.0249	0.0040	0.0448	0.0262	0.0185	0.0071	0.0062	0.0009	0.0377	0.0200	0.0177	0.0000	0.0000	0.0000	0.0000	0.0000	0.0000	0.0000	0.0000	0.0000	0.0001	0.0000	0.0001	0.0003	0.0002	0.0013	0.0000	0.0000	0.0000		
21	71	0.1835	10	0	0	0	2	0	0	0	0	N	N	N	Y	N	N	N	N	N	N	N	N	0.0000	0.0000	0.0000	0.0000	0.0000	0.0000	0.0000	0.0000	0.0000	0.0000	0.0000	0.0000	0.0000	0.0001	0.0001	0.0000	0.0004	0.0005	0.0000	0.0000	0.0000	0.0000	0.0000	0.0000	-0.0000	6.0371	0.9929	11.7316	0.0325	0.0000	0.0000	0.0000	0.0000	0.0000	0.0000	0.0000	0.0000	0.0000	0.0000	0.0000	0.0000	0.0000	0.0000	0.0000	0.0000	0.0000	0.0000	0.0438	0.0383	0.0055	0.0071	0.0066	0.0005	0.0367	0.0316	0.0050	0.0219	0.0125	0.0094	0.0028	0.0024	0.0005	0.0191	0.0101	0.0089	0.0000	0.0000	0.0000	0.0000	0.0000	0.0000	0.0000	0.0000	0.0000	0.0001	0.0001	0.0000	0.0004	0.0005	0.0000	0.0000	0.0000	0.0000						
21	72	0.2286	9	1	1	0	1	0	0	0	0	N	N	N	N	N	N	N	N	N	N	N	N	inf	inf	inf	inf	0.0007	0.0000	0.0088	0.0000	0.0000	0.0000	0.0013	0.0000	0.0093	0.0000	0.0000	0.0000	0.0000	0.0000	0.0000	0.0000	0.0000	0.0000	inf	0.0000	0.0000	6.0371	0.0000	11.7316	0.0001	0.0000	0.0000	0.0000	0.0000	0.0000	0.0000	0.0000	0.0000	0.0000	0.0000	0.0000	0.0000	0.0000	0.0000	0.0000	0.0000	0.0000	0.0000	0.0000	0.0000	0.0000	0.0000	0.0000	0.0000	0.0000	0.0000	0.0000	0.0000	0.0000	0.0000	0.0000	0.0000	0.0000	0.0000	0.0000	0.0000	inf	0.0000	inf	0.0000	0.0000	0.0000	inf	0.0000	inf	0.0000	0.0000	0.0000	0.0000	0.0000	0.0000	0.0000	0.0000	0.0000						
21	73	0.1653	8	1	1	0	1	0	0	0	0	N	N	N	N	N	N	N	N	N	N	N	N	0.1804	0.0055	24.5634	0.0081	0.0073	0.0002	142.3593	495.2967	0.0005	0.0000	0.0040	0.0002	0.0002	0.0000	0.0006	0.0000	0.0043	0.0029	0.0049	0.0002	0.0193	0.0229	0.0025	0.0000	0.0000	0.0000	20.9855	0.0245	0.0001	-0.0006	6.0371	9.9619	11.7316	7.0378	0.0002	0.0000	0.0002	0.0000	0.0000	0.0000	0.0002	0.0000	0.0002	0.0010	0.0010	0.0000	0.0010	0.0010	0.0000	0.0000	0.0000	0.0000	0.4264	0.3733	0.0531	0.0638	0.0596	0.0043	0.3626	0.3138	0.0488	0.3421	0.1967	0.1454	0.0507	0.0417	0.0090	0.2914	0.1550	0.1364	0.1804	0.0055	24.5634	0.0081	0.0073	0.0002	142.3593	0.0000	495.2967	0.0029	0.0049	0.0002	0.0193	0.0229	0.0025	0.0000	0.0000	0.0000	
21	74	0.1772	8	0	1	0	1	0	0	0	0	N	N	N	N	N	N	N	N	N	N	N	N	0.0000	0.0000	0.0000	0.0000	0.0000	0.0000	0.0000	0.0000	0.0000	0.0000	0.0000	0.0000	0.0000	0.0000	0.0000	0.0000	0.0000	0.0005	0.0005	0.0004	0.0026	0.0020	0.0062	0.0000	0.0000	0.0000	0.5895	0.0000	-0.0000	6.0371	7.0442	11.7316	2.0273	0.0000	0.0000	0.0000	0.0000	0.0000	0.0000	0.0000	0.0000	0.0000	0.0001	0.0001	0.0000	0.0001	0.0001	0.0000	0.0000	0.0000	0.0000	0.3659	0.3221	0.0438	0.0824	0.0775	0.0049	0.2835	0.2446	0.0389	0.1881	0.1077	0.0804	0.0340	0.0288	0.0052	0.1542	0.0789	0.0752	0.0000	0.0000	0.0000	0.0000	0.0000	0.0000	0.0000	0.0000	0.0000	0.0005	0.0005	0.0004	0.0026	0.0020	0.0062	0.0000	0.0000	0.0000		
21	75	0.1533	7	0	1	0	1	0	0	0	0	N	N	N	N	N	N	N	N	N	N	N	N	1.6681	1.3670	0.0000	3.0505	3.3507	0.0000	0.3666	0.1712	0.0000	0.0033	0.0037	0.0000	0.0143	0.0149	0.0000	0.0005	0.0006	0.0000	0.0020	0.0027	0.0009	0.0047	0.0045	0.0059	0.0015	0.0036	0.0006	0.0000	0.2527	-0.0003	-0.0001	6.0371	4.3369	11.7316	3.0972	0.0008	0.0008	0.0000	0.0007	0.0007	0.0000	0.0001	0.0001	0.0000	0.0003	0.0003	0.0001	0.0001	0.0001	0.0000	0.0002	0.0002	0.0000	0.2323	0.2049	0.0274	0.0460	0.0442	0.0018	0.1863	0.1607	0.0255	0.1600	0.0923	0.0677	0.0246	0.0204	0.0042	0.1354	0.0719	0.0635	1.6681	1.3670	0.0000	3.0505	3.3507	0.0000	0.3666	0.2804	0.0000	0.0020	0.0027	0.0009	0.0047	0.0045	0.0059	0.0015	0.0022	0.0006
21	76	0.2405	12	1	1	0	1	0	0	0	0	N	N	N	N	N	N	N	N	N	N	N	N	0.0000	0.0000	0.0000	0.0000	0.0000	0.0000	0.0000	0.0000	0.0000	0.0000	0.0000	0.0000	0.0000	0.0000	0.0000	0.0001	0.0000	0.0001	0.0005	0.0000	0.0033	0.0000	0.0000	0.0000	inf	0.0000	0.0000	6.0371	1.9992	11.7316	0.0055	0.0000	0.0000	0.0000	0.0000	0.0000	0.0000	0.0000	0.0000	0.0000	0.0000	0.0000	0.0000	0.0000	0.0000	0.0000	0.0000	0.0000	0.0000	0.1192	0.1048	0.0144	0.0207	0.0194	0.0013	0.0985	0.0854	0.0131	0.0545	0.0320	0.0225	0.0070	0.0060	0.0010	0.0475	0.0260	0.0215	0.0000	0.0000	0.0000	0.0000	0.0000	0.0000	0.0000	0.0000	0.0000	0.0001	0.0000	0.0001	0.0005	0.0000	0.0033	0.0000	0.0000	0.0000				
21	77	0.1964	11	1	1	0	1	0	0	0	0	N	N	N	N	N	N	N	N	N	N	N	N	2088.0398	2727.0229	0.0000	1779.0370	3221.1265	0.0000	0.0000	0.0000	0.0938	0.1070	0.0000	0.5572	0.5936	0.0000	0.0000	0.0000	0.0000	0.0000	0.0000	0.0001	0.0003	0.0002	0.0011	0.0000	0.0000	0.0000	0.0000	1.0000	-0.0075	-0.0000	6.0371	5.0219	11.7316	2.0148	0.0206	0.0206	0.0000	0.0206	0.0206	0.0000	0.0000	0.0000	0.0000	0.0000	0.0000	0.0000	0.0000	0.0000	0.0000	0.0000	0.0000	0.0000	0.2193	0.1923	0.0270	0.0369	0.0346	0.0023	0.1824	0.1576	0.0248	0.1487	0.0852	0.0636	0.0213	0.0181	0.0032	0.1274	0.0670	0.0604	2088.0398	2727.0229	0.0000	1779.0370	3221.1265	0.0000	0.0000	0.0000	0.0000	0.0000	0.0000	0.0001	0.0003	0.0002	0.0011	0.0000	0.0000	0.0000	
21	78	0.1835	10	0	1	0	1	0	0	0	0	N	N	N	N	N	N	N	N	N	N	N	N	335.3199	543.0322	2.7786	0.0000	0.0000	360.3769	577.8784	2.9026	0.4571	0.5223	0.0053	0.0000	0.0000	0.0000	0.5460	0.6319	0.0058	0.0014	0.0010	0.0019	0.0003	0.0004	0.0000	0.0015	0.0011	0.0020	0.0015	1.4810	-0.0075	0.0000	6.0371	1.0203	11.7316	2.7327	0.0206	0.0205	0.0000	0.0000	0.0000	0.0000	0.0206	0.0205	0.0000	0.0001	0.0000	0.0001	0.0000	0.0000	0.0000	0.0001	0.0000	0.0001	0.0450	0.0393	0.0057	0.0073	0.0068	0.0005	0.0377	0.0325	0.0052	0.0789	0.0451	0.0338	0.0101	0.0085	0.0016	0.0688	0.0366	0.0322	335.3199	543.0322	2.7786	0.0000	0.0000	0.0000	360.3769	577.8784	2.9026	0.0014	0.0010	0.0019	0.0003	0.0004	0.0000	0.0015	0.0011	0.0020	
21	79	0.1835	9	0	0	0	1	0	0	0	0	N	N	N	N	N	N	N	N	N	N	N	N	0.0000	0.0000	0.0000	0.0000	0.0000	0.0000	0.0000	0.0000	0.0000	0.0000	0.0000	0.0000	0.0000	0.0000	0.0000	0.0000	0.0000	0.0000	0.0000	0.0000	6.0371	0.0000	11.7316	0.0018	0.0000	0.0000	0.0000	0.0000	0.0000	0.0000	0.0000	0.0000	0.0000	0.0000	0.0000	0.0000	0.0000	0.0000	0.0000	0.0000	0.0000	0.0000	0.0000	0.0000	0.0000	0.0000	0.0000	0.0000	0.0000	0.0000	0.0000	0.0001	0.0001	0.0000	0.0000	0.0000	0.0000	0.0001	0.0000	0.0000	0.0000	0.0000	0.0000	0.0000	0.0000	0.0000	0.0000	0.0000	0.0000	0.0000	0.0000	0.0000	0.0000	0.0000	0.0000	0.0000	0.0000	0.0000											
21	80	0.1653	8	0	0	0	1	0	0	0	0	N	N	N	N	N	N	N	N	N	N	N	N	0.1078	0.1108	0.0000	0.1105	0.1437	0.0000	0.0000	0.0000	0.0001	0.0001	0.0000	0.0005	0.0005	0.0000	0.0000	0.0000	0.0000	0.0007	0.0007	0.0006	0.0041	0.0033	0.0076	0.0000	0.0000	0.0001	0.0000	0.5586	-0.0000	-0.0000	6.0371	3.0825	11.7316	2.0124	0.0000	0.0000	0.0000	0.0000	0.0000	0.0000	0.0000	0.0000	0.0000	0.0001	0.0000	0.0000	0.0001	0.0000	0.0000	0.0000	0.0000	0.0000	0.1412	0.1237	0.0175	0.0225	0.0211	0.0014	0.1187	0.1025	0.0161	0.1104	0.0638	0.0466	0.0170	0.0141	0.0029	0.0934	0.0496	0.0437	0.1078	0.1108	0.0000	0.1105	0.1437	0.0000	0.0000	0.0000	0.0000	0.0007	0.0007	0.0006	0.0041	0.0033	0.0076	0.0000	0.0000	0.0001	
21	81	0.1533	7	0	0	0	1	0	0	0	0	N	N	N	N	N	N	N	N	N	N	N	N	2.0108	1.8268	0.0049	1.9575	2.2047	0.0000	0.8940	0.8972	0.0112	0.0038	0.0043	0.0000	0.0158	0.0164	0.0000	0.0006	0.0007	0.0000	0.0019	0.0023	0.0012	0.0081	0.0074	0.0114	0.0007	0.0008	0.0006	0.0002	0.3827	-0.0003	-0.0000	6.0371	3.6751	11.7316	0.0788	0.0008	0.0008	0.0000	0.0007	0.0007	0.0000	0.0001	0.0001	0.0000	0.0002	0.0001	0.0000	0.0001	0.0001	0.0000	0.0000	0.0000	0.0000	0.2043	0.1805	0.0238	0.0425	0.0410	0.0015	0.1618	0.1396	0.0222	0.0839	0.0487	0.0352	0.0135	0.0113	0.0022	0.0704	0.0374	0.0330	2.0108	1.8268	0.0049	1.9575	2.2047	0.0000	0.8940	0.8972	0.0112	0.0019	0.0023	0.0012	0.0081	0.0074	0.0114	0.0007	0.0008	0.0006
21	82	0.1041	6	0	0	0	1	0	0	0	0	N	N	N	N	N	N	N	N	N	N	N	N	3830.2716	3685.2609	0.0001	6112.1072	6934.0344	0.0000	4219.0999	5079.5637	0.0002	2.6118	2.9923	0.0000	16.6590	17.5407	0.0000	0.9238	1.0698	0.0000	0.0007	0.0008	0.0005	0.0027	0.0025	0.0038	0.0002	0.0002	0.0002	0.0000	0.4044	-0.3630	-0.0001	6.0371	8.5011	11.7316	5.2406	0.9978	0.9978	0.0000	0.6827	0.6827	0.0000	0.3151	0.3151	0.0000	0.0002	0.0002	0.0001	0.0002	0.0001	0.0000	0.0001	0.0000	0.0000	0.3820	0.3335	0.0486	0.0410	0.0389	0.0021	0.3411	0.2945	0.0465	0.3203	0.1915	0.1288	0.0591	0.0497	0.0095	0.2611	0.1419	0.1193	3830.2716	3685.2609	0.0001	6112.1072	6934.0344	0.0000	4219.0999	5079.5637	0.0002	0.0007	0.0008	0.0005	0.0027	0.0025	0.0038	0.0002	0.0002	0.0002
22	23	0.2097	7	1	2	0	0	0	0	0	0	N	Y	N	N	N	N	N	N	N	N	N	N	0.0000	0.0000	0.0000	0.0000	0.0000	0.0000	0.0000	0.0000	0.0000	0.0000	0.0000	0.0000	0.0000	0.0000	0.0000	0.0000	0.0000	0.0000	0.0005	0.0009	0.0001	0.0043	0.0045	0.0025	0.0000	0.0000	0.0000	0.0760	0.0000	-0.0000	11.9950	0.0013	7.9469	0.9984	0.0000	0.0000	0.0000	0.0000	0.0000	0.0000	0.0000	0.0000	0.0000	0.0000	0.0000	0.0000	0.0000	0.0000	0.0000	0.0000	0.0000	0.0000	0.0003	0.0003	0.0000	0.0001	0.0001	0.0000	0.0002	0.0002	0.0000	0.0348	0.0199	0.0149	0.0043	0.0038	0.0005	0.0305	0.0161	0.0144	0.0000	0.0000	0.0000	0.0000	0.0000	0.0000	0.0000	0.0000	0.0000	0.0005	0.0009	0.0001	0.0043	0.0045	0.0025	0.0000	0.0000	0.0000	
22	24	0.1562	8	0	2	0	1	0	0	0	0	N	Y	N	N	N	N	N	N	N	N	N	N	0.9401	0.5071	0.0841	0.0752	1.0695	0.6042	3.6338	4.1456	0.0000	0.0003	0.0003	0.0000	4.1985	4.8549	0.0000	3.8655	8.1748	0.0000	0.0032	0.0038	0.0000	3.9255	8.0351	0.0000	0.0000	0.0000	-0.7275	-0.5783	11.9950	6.0729	7.9469	6.2374	2.0000	2.0000	0.0000	0.0000	0.0000	0.0000	1.9999	1.9999	0.0000	0.9817	0.9817	0.0000	0.0002	0.0002	0.0000	0.9815	0.9815	0.0000	0.5504	0.4824	0.0679	0.0740	0.0705	0.0035	0.4764	0.4119	0.0644	0.3157	0.1887	0.1269	0.0563	0.0479	0.0084	0.2594	0.1408	0.1186	1.1686	0.7971	0.0000	0.0841	0.0752	0.0000	1.1097	0.6967	0.0000	3.1097	5.2008	0.0000	0.0032	0.0038	0.0000	3.7835	6.9684	0.0000			
22	25	0.0989	4	1	2	0	0	0	0	0	0	N	Y	N	N	N	N	N	N	N	N	N	N	572.2026	367.8128	11.5136	9.5426	9269514.6308	5649261.0768	1.1513	1.3125	0.0000	0.1896	0.1945	0.0000	1.2272	1.4113	0.0000	0.0020	0.0036	0.0000	0.0165	0.0204	0.0000	0.0000	0.0000	0.0000	0.0000	0.0000	-0.7287	-0.0009	11.9950	19.6128	7.9469	15.0566	2.0030	2.0030	0.0000	0.0241	0.0241	0.0000	1.9789	1.9789	0.0000	0.0016	0.0016	0.0000	0.0016	0.0016	0.0000	0.0000	0.0000	0.0000	1.7398	1.5262	0.2137	0.1273	0.1240	0.0032	1.6125	1.4021	0.2104	0.8011	0.4517	0.3494	0.0979	0.0791	0.0188	0.7032	0.3727	0.3306	572.2026	367.8128	0.0000	11.5136	9.5426	0.0000	9269514.6308	5649261.0768	0.0000	0.0020	0.0036	0.0000	0.0165	0.0204	0.0000	0.0000	0.0000	0.0000			
22	26	0.2118	7	0	1	1	0	0	0	0	0	N	N	N	N	N	N	N	N	N	N	N	N	0.0000	0.0000	0.0000	0.0000	0.0000	0.0000	0.0000	0.0000	0.0000	0.0000	0.0000	0.0000	0.0000	0.0000	0.0000	0.0000	0.0000	0.0000	0.0000	0.0000	11.9950	0.0000	7.9469	0.0000	0.0000	0.0000	0.0000	0.0000	0.0000	0.0000	0.0000	0.0000	0.0000	0.0000	0.0000	0.0000	0.0000	0.0000	0.0000	0.0000	0.0000	0.0000	0.0000	0.0000	0.0000	0.0000	0.0000	0.0000	0.0000	0.0000	0.0000	0.0000	0.0000	0.0000	0.0000	0.0000	0.0000	0.0000	0.0000	0.0000	0.0000	0.0000	0.0000	0.0000	0.0000	0.0000	0.0000	0.0000	0.0000	0.0000	0.0000	0.0000	0.0000	0.0000	0.0000	0.0000	0.0000	0.0000											
22	27	0.1827	8	1	1	1	0	0	0	0	0	N	N	N	N	N	N	N	N	N	N	N	N	0.0013	0.0393	0.0010	0.0282	0.0254	0.0000	0.0008	0.0079	0.0010	0.0003	0.0003	0.0002	0.0001	0.0001	0.0000	0.0003	0.0004	0.0002	0.2240	0.0082	0.1660	0.0041	0.0049	0.0001	0.4329	0.0463	0.1752	0.0712	14.2373	-0.0000	0.0053	11.9950	6.0046	7.9469	3.2467	0.0001	0.0001	0.0000	0.0000	0.0000	0.0000	0.0001	0.0001	0.0000	0.0155	0.0010	0.0144	0.0002	0.0002	0.0000	0.0153	0.0008	0.0144	0.4976	0.4361	0.0615	0.0856	0.0801	0.0054	0.4120	0.3559	0.0561	0.2137	0.1241	0.0896	0.0447	0.0375	0.0071	0.1690	0.0866	0.0824	0.0042	0.0393	0.0010	0.0282	0.0254	0.0000	0.0038	0.0381	0.0010	0.0723	0.0082	0.1613	0.0041	0.0049	0.0001	0.0904	0.0096	0.1752
22	28	0.1462	7	1	1	0	0	0	0	0	0	N	N	N	N	N	N	N	N	N	N	N	N	0.4902	0.2897	0.0006	31.2581	27.9602	0.0000	0.5269	0.2826	0.0006	1.5860	1.8143	0.0000	0.1458	0.1532	0.0000	1.8086	2.0978	0.0000	3.2355	6.2632	0.0005	0.0047	0.0055	0.0000	3.4323	7.4221	0.0006	0.0000	0.0001	-0.3680	-0.5760	11.9950	7.0330	7.9469	8.3476	1.0117	1.0117	0.0000	0.0124	0.0124	0.0000	0.9993	0.9993	0.0000	0.9779	0.9779	0.0001	0.0003	0.0003	0.0000	0.9776	0.9775	0.0001	0.6379	0.5576	0.0803	0.0854	0.0813	0.0041	0.5525	0.4763	0.0762	0.3877	0.2288	0.1589	0.0689	0.0586	0.0103	0.3187	0.1702	0.1485	0.6287	0.4246	0.0006	31.2581	27.9602	0.0000	0.5897	0.3653	0.0006	2.5226	4.2735	0.0005	0.0047	0.0055	0.0000	3.0671	5.7432	0.0006
22	29	0.1562	8	0	2	0	1	0	0	0	0	N	Y	N	N	N	N	N	N	N	N	N	N	0.0000	0.0000	0.0000	0.0016	0.0014	0.0000	0.0000	0.0000	0.0000	0.0001	0.0001	0.0000	0.0005	0.0005	0.0000	0.0000	0.0000	0.0000	2.6122	4.7961	0.0000	0.3238	0.3859	0.0000	2.6327	5.1447	0.0000	0.0000	0.0000	-0.0000	-0.6000	11.9950	12.7698	7.9469	10.8465	0.0001	0.0001	0.0000	0.0001	0.0001	0.0000	0.0000	0.0000	0.0000	1.0184	1.0184	0.0000	0.0185	0.0185	0.0000	0.9999	0.9999	0.0000	1.0872	0.9527	0.1345	0.1362	0.1290	0.0072	0.9510	0.8237	0.1273	0.5451	0.3188	0.2263	0.0878	0.0726	0.0151	0.4574	0.2462	0.2111	0.0000	0.0000	0.0000	0.0024	0.0021	0.0000	0.0000	0.0000	0.0000	1.8682	3.1942	0.0000	0.2112	0.2552	0.0000	2.1863	4.0611	0.0000
22	30	0.1316	4	1	1	1	0	0	0	0	0	N	N	N	N	N	N	N	N	N	N	N	N	inf	inf	inf	inf	inf	inf	1.7914	1.1162	6.5076	0.0000	0.0000	0.0000	1.9659	1.2359	6.7246	0.0000	0.0000	0.0000	0.0000	0.0000	0.0000	0.0000	0.0000	0.0000	0.8346	0.1672	0.0000	11.9950	11.8338	7.9469	5.9707	1.8346	1.0000	0.8346	0.0000	0.0000	0.0000	1.8346	1.0000	0.8346	0.0000	0.0000	0.0000	0.0000	0.0000	0.0000	0.0000	0.0000	0.0000	1.0241	0.8959	0.1282	0.0909	0.0867	0.0041	0.9332	0.8091	0.1241	0.4499	0.2518	0.1980	0.0556	0.0472	0.0084	0.3942	0.2047	0.1896	inf	inf	inf	0.0000	0.0000	0.0000	inf	inf	inf	0.0000	0.0000	0.0000	0.0000	0.0000	0.0000	0.0000	0.0000	0.0000				
22	31	0.1562	8	0	1	1	0	0	0	0	0	N	N	N	N	N	N	N	N	N	N	N	N	0.0006	0.0002	0.0011	0.0010	0.0000	0.0000	0.0001	0.0001	0.0000	0.0008	0.0009	0.0000	0.0000	0.0000	0.0000	0.1927	0.7867	0.0000	0.7944	0.9335	0.0000	0.0000	0.0000	0.0000	0.0000	0.0000	-0.0000	-0.0110	11.9950	6.9288	7.9469	3.0309	0.0001	0.0001	0.0000	0.0001	0.0001	0.0000	0.0000	0.0000	0.0000	0.0186	0.0186	0.0000	0.0186	0.0186	0.0000	0.0000	0.0000	0.0000	0.6228	0.5457	0.0770	0.0824	0.0784	0.0040	0.5404	0.4674	0.0730	0.2650	0.1600	0.1050	0.0492	0.0423	0.0069	0.2158	0.1177	0.0981	0.0016	0.0011	0.0000	0.0022	0.0020	0.0000	0.0000	0.0000	0.0000	0.0703	0.1165	0.0000	0.3787	0.4402	0.0000	0.0000	0.0000	0.0000			
22	32	0.1462	7	0	1	0	0	0	0	0	0	N	N	N	N	N	N	N	N	N	N	N	N	0.0484	0.0345	0.0000	0.1528	0.1961	0.0000	0.0004	0.0002	0.0000	0.0634	0.0723	0.0000	0.3154	0.3274	0.0000	0.0004	0.0004	0.0000	1.3094	2.0953	0.0004	2.0637	1.6691	0.0001	1.0273	2.4430	0.0004	0.0000	0.0005	-0.0048	-0.0233	11.9950	1.8775	7.9469	3.1058	0.0131	0.0131	0.0000	0.0130	0.0130	0.0000	0.0001	0.0001	0.0000	0.0396	0.0395	0.0000	0.0213	0.0213	0.0000	0.0182	0.0182	0.0000	0.2067	0.1811	0.0256	0.0413	0.0398	0.0015	0.1654	0.1413	0.0241	0.1609	0.1006	0.0603	0.0379	0.0344	0.0035	0.1229	0.0662	0.0567	0.2576	0.1839	0.0000	0.5609	0.5277	0.0000	0.0024	0.0015	0.0000	0.2460	0.3932	0.0004	0.5624	0.6203	0.0001	0.1484	0.2752	0.0004
22	33	0.1339	6	0	1	0	0	0	0	0	0	N	N	N	N	N	N	N	N	N	N	N	N	1.8164	1.2390	0.0000	37.7805	41.3896	0.0000	0.0015	0.0007	0.0000	2.1149	2.4222	0.0000	20.5974	21.7445	0.0000	0.0015	0.0017	0.0000	1.1644	1.9549	0.0011	0.5452	0.5254	0.0002	0.9912	2.3851	0.0012	0.0000	0.0024	-0.3600	-0.0199	11.9950	5.3867	7.9469	0.9197	0.9896	0.9896	0.0000	0.9890	0.9890	0.0000	0.0006	0.0006	0.0000	0.0339	0.0338	0.0001	0.0124	0.0124	0.0000	0.0215	0.0214	0.0001	0.4679	0.4085	0.0594	0.0480	0.0455	0.0025	0.4199	0.3631	0.0568	0.1884	0.1162	0.0722	0.0408	0.0358	0.0050	0.1475	0.0803	0.0672	11.7585	8.3249	0.0000	67.6657	62.7054	0.0000	0.0103	0.0065	0.0000	0.1799	0.2910	0.0011	0.3044	0.3468	0.0002	0.1454	0.2661	0.0012
22	34	0.2171	8	0	2	0	0	0	0	0	0	N	Y	N	N	N	N	N	N	N	N	N	N	0.0000	0.0000	0.0000	0.0000	0.0000	0.0000	0.0000	0.0000	0.0000	0.0000	0.0000	0.0000	0.0000	0.0002	0.0003	0.0000	0.0008	0.0010	0.0000	0.0000	0.0000	0.0000	0.0000	0.0000	-0.0000	11.9950	0.0019	7.9469	3.0025	0.0000	0.0000	0.0000	0.0000	0.0000	0.0000	0.0000	0.0000	0.0000	0.0000	0.0000	0.0000	0.0000	0.0000	0.0000	0.0000	0.0000	0.0000	0.0006	0.0005	0.0001	0.0002	0.0002	0.0000	0.0004	0.0003	0.0001	0.0618	0.0368	0.0251	0.0131	0.0105	0.0026	0.0487	0.0263	0.0224	0.0000	0.0000	0.0000	0.0000	0.0000	0.0000	0.0000	0.0000	0.0000	0.0002	0.0003	0.0000	0.0008	0.0010	0.0000	0.0000	0.0000	0.0000						
22	35	0.1978	4	1	2	0	0	0	0	0	0	N	Y	N	N	N	N	N	N	N	N	N	N	0.0000	0.0000	0.0000	0.0000	0.0000	0.0000	0.0000	0.0000	0.0000	0.0000	0.0000	0.0000	0.0000	0.0000	0.0000	0.0000	0.0000	0.0000	0.0000	0.0000	11.9950	1.0000	7.9469	1.9999	0.0000	0.0000	0.0000	0.0000	0.0000	0.0000	0.0000	0.0000	0.0000	0.0000	0.0000	0.0000	0.0000	0.0000	0.0000	0.0000	0.0000	0.0000	0.0850	0.0741	0.0109	0.0149	0.0136	0.0013	0.0701	0.0605	0.0096	0.0711	0.0391	0.0319	0.0070	0.0062	0.0008	0.0641	0.0330	0.0311	0.0000	0.0000	0.0000	0.0000	0.0000	0.0000	0.0000	0.0000	0.0000	0.0000	0.0000	0.0000	0.0000	0.0000	0.0000	0.0000	0.0000	0.0000											
22	36	0.1625	4	0	2	1	0	0	0	0	0	N	Y	N	N	N	N	N	N	N	N	N	N	6.1707	5.0000	0.0000	11.1094	11.0078	0.0000	0.0000	0.0000	0.0000	0.0038	0.0043	0.0000	0.0274	0.0290	0.0000	0.0000	0.0000	0.0000	0.0006	0.0009	0.0002	0.0025	0.0026	0.0016	0.0000	0.0000	0.0000	0.0000	0.1180	-0.0004	-0.0001	11.9950	3.0341	7.9469	5.2124	0.0011	0.0011	0.0000	0.0011	0.0011	0.0000	0.0000	0.0000	0.0000	0.0002	0.0001	0.0000	0.0002	0.0001	0.0000	0.0000	0.0000	0.0000	0.2907	0.2545	0.0362	0.0402	0.0379	0.0023	0.2505	0.2166	0.0339	0.2551	0.1619	0.0932	0.0635	0.0531	0.0104	0.1916	0.1088	0.0828	6.1707	5.0000	0.0000	11.1094	11.0078	0.0000	0.0000	0.0000	0.0000	0.0006	0.0009	0.0002	0.0025	0.0026	0.0016	0.0000	0.0000	0.0000
22	37	0.1387	3	0	2	0	0	0	0	0	0	N	Y	N	N	N	N	N	N	N	N	N	N	5.7597	32.6197	0.0000	0.0000	0.0000	0.0000	40.6207	inf	0.0000	0.0040	0.0046	0.0000	0.0000	0.0000	0.0000	0.0044	0.0051	0.0000	0.0007	0.0001	0.0014	0.0048	0.0007	0.0268	0.0001	0.0000	0.0002	0.0000	7.8324	-0.0004	0.0000	11.9950	3.0544	7.9469	4.8962	0.0011	0.0011	0.0000	0.0000	0.0000	0.0000	0.0011	0.0011	0.0000	0.0001	0.0000	0.0001	0.0001	0.0000	0.0001	0.0000	0.0000	0.0000	0.2756	0.2401	0.0355	0.0251	0.0237	0.0014	0.2505	0.2163	0.0341	0.2116	0.1182	0.0934	0.0266	0.0225	0.0041	0.1850	0.0957	0.0893	5.7597	32.6197	0.0000	0.0000	0.0000	0.0000	40.6207	inf	0.0000	0.0007	0.0001	0.0014	0.0048	0.0007	0.0268	0.0001	0.0000	0.0002
22	38	0.2171	8	0	1	1	0	0	0	0	0	N	N	N	N	N	N	N	N	N	N	N	N	0.0000	0.0000	0.0000	0.0000	0.0000	0.0000	0.0000	0.0000	0.0000	0.0000	0.0000	0.0000	0.0000	0.0000	0.0000	0.0000	0.0000	0.0000	0.0000	0.0000	11.9950	0.9992	7.9469	1.0069	0.0000	0.0000	0.0000	0.0000	0.0000	0.0000	0.0000	0.0000	0.0000	0.0000	0.0000	0.0000	0.0000	0.0000	0.0000	0.0000	0.0000	0.0000	0.0776	0.0677	0.0099	0.0085	0.0081	0.0004	0.0691	0.0596	0.0095	0.0418	0.0250	0.0169	0.0090	0.0072	0.0018	0.0328	0.0178	0.0151	0.0000	0.0000	0.0000	0.0000	0.0000	0.0000	0.0000	0.0000	0.0000	0.0000	0.0000	0.0000	0.0000	0.0000	0.0000	0.0000	0.0000	0.0000											
22	39	0.2118	7	0	1	0	0	0	0	0	0	N	N	N	N	N	N	N	N	N	N	N	N	0.0000	0.0000	0.0000	0.0000	0.0000	0.0000	0.0000	0.0000	0.0000	0.0000	0.0000	0.0000	0.0000	0.0002	0.0004	0.0000	0.0000	0.0000	0.0000	0.0003	0.0005	0.0000	0.0000	0.0000	-0.0000	11.9950	1.0008	7.9469	0.9987	0.0000	0.0000	0.0000	0.0000	0.0000	0.0000	0.0000	0.0000	0.0000	0.0000	0.0000	0.0000	0.0000	0.0000	0.0000	0.0000	0.0000	0.0000	0.0784	0.0683	0.0100	0.0078	0.0074	0.0004	0.0706	0.0609	0.0097	0.0415	0.0245	0.0170	0.0079	0.0062	0.0017	0.0336	0.0182	0.0153	0.0000	0.0000	0.0000	0.0000	0.0000	0.0000	0.0000	0.0000	0.0000	0.0002	0.0004	0.0000	0.0000	0.0000	0.0000	0.0003	0.0005	0.0000						
22	40	0.1339	6	0	1	0	0	0	0	0	0	N	N	N	N	N	N	N	N	N	N	N	N	0.0004	0.0192	0.0000	0.0705	0.0603	0.0000	0.0000	0.0009	0.0010	0.0000	0.0087	0.0091	0.0000	0.0000	0.0000	0.0000	2.2933	0.0522	8.4567	0.1228	0.1517	0.0000	2.4240	0.0000	8.1366	0.0000	80.1925	-0.0002	0.4035	11.9950	9.0374	7.9469	18.5287	0.0007	0.0007	0.0000	0.0007	0.0007	0.0000	0.0000	0.0000	0.0000	1.0125	0.0125	1.0000	0.0125	0.0125	0.0000	1.0000	0.0000	1.0000	0.7659	0.6691	0.0967	0.0774	0.0732	0.0042	0.6884	0.5959	0.0926	0.6260	0.3641	0.2618	0.1016	0.0822	0.0194	0.5244	0.2820	0.2424	0.0005	0.0292	0.0000	0.0705	0.0603	0.0000	0.0000	0.0000	0.0000	1.6175	0.0342	3.8196	0.1228	0.1517	0.0000	1.9070	0.0000	4.1251		
22	41	0.1071	5	0	1	0	0	0	0	0	0	N	N	N	N	N	N	N	N	N	N	N	N	4.6288	1.7232	0.0000	1.2147	1.2411	22.8617	1.0853	0.0000	1.2676	1.4560	0.0000	0.5075	0.5293	0.0000	1.3117	1.5155	0.0000	0.2739	0.8449	0.0000	0.4178	0.4265	0.0000	0.0574	1.3964	0.0000	0.0000	0.0000	-0.3618	-0.0167	11.9950	9.0369	7.9469	3.5648	0.9945	0.9945	0.0000	0.0218	0.0218	0.0000	0.9726	0.9726	0.0000	0.0283	0.0283	0.0000	0.0157	0.0157	0.0000	0.0125	0.0125	0.0000	0.7845	0.6830	0.1015	0.0430	0.0413	0.0018	0.7415	0.6418	0.0997	0.3652	0.2182	0.1471	0.0645	0.0554	0.0091	0.3007	0.1627	0.1380	16.3793	11.2374	0.0000	2.0809	1.8639	0.0000	31.4938	19.6918	0.0000	0.0774	0.1296	0.0000	0.2439	0.2840	0.0000	0.0417	0.0770	0.0000	
22	45	0.1117	2	0	2	0	0	0	0	0	0	N	Y	N	N	N	N	N	N	N	N	N	N	4754.8956	2959.1467	1281184.0776	55.3594	50.6453	1466.5333	7983387.2909	4919595.2972	12393387.9172	1.2467	1.3981	0.2340	0.1356	0.1415	0.0081	1.2854	1.4462	0.2366	0.0003	0.0005	0.0000	0.0024	0.0028	0.0000	0.0000	0.0000	0.0000	0.0250	0.0003	-0.6984	-0.0001	11.9950	20.1318	7.9469	17.5118	2.0577	2.0075	0.0502	0.0075	0.0075	0.0000	2.0502	2.0000	0.0502	0.0002	0.0002	0.0000	0.0002	0.0002	0.0000	0.0000	0.0000	0.0000	1.6505	1.4359	0.2146	0.0555	0.0530	0.0025	1.5950	1.3829	0.2121	0.8610	0.4777	0.3833	0.0921	0.0807	0.0114	0.7689	0.3970	0.3719	4754.8956	2959.1467	1281184.0776	55.3594	50.6453	1466.5333	7983387.2909	4919595.2972	12393387.9172	0.0003	0.0005	0.0000	0.0024	0.0028	0.0000	0.0000	0.0000	0.0000
22	46	0.1351	6	0	2	0	0	0	0	0	0	N	Y	N	N	N	N	N	N	N	N	N	N	0.0000	0.0000	0.0000	0.0000	0.0000	0.0000	0.0000	0.0000	0.0000	0.0000	0.0000	0.0000	0.0000	0.0000	0.0000	0.0000	0.0000	0.0000	0.0000	-0.0000	11.9950	15.0410	7.9469	10.9147	0.0000	0.0000	0.0000	0.0000	0.0000	0.0000	0.0000	0.0000	0.0000	0.0000	0.0000	0.0000	0.0000	0.0000	0.0000	0.0000	0.0000	0.0000	1.3629	1.1932	0.1697	0.1909	0.1806	0.0103	1.1720	1.0126	0.1594	0.8089	0.5107	0.2983	0.2684	0.2106	0.0579	0.5405	0.3001	0.2404	0.0000	0.0000	0.0000	0.0000	0.0000	0.0000	0.0000	0.0000	0.0000	0.0000	0.0000	0.0000	0.0000	0.0000	0.0000	0.0000	0.0000	0.0000											
22	47	0.1367	5	1	1	1	0	0	0	0	0	N	N	N	N	N	N	N	N	N	N	N	N	29951.7941	7378.4216	1081502.2677	0.0000	0.0000	0.0000	409879529.4417	inf	956180826.5198	2.5550	1.0315	13.2898	0.0000	0.0000	0.0000	2.8145	1.1469	13.7397	0.0001	0.0001	0.0000	0.0006	0.0006	0.0002	0.0000	0.0000	0.0000	1.8286	0.0656	0.7995	-0.0000	11.9950	12.7633	7.9469	6.3722	2.8283	0.9999	1.8284	0.0000	0.0000	0.0000	2.8283	0.9999	1.8284	0.0000	0.0000	0.0000	0.0000	0.0000	0.0000	0.0000	0.0000	0.0000	1.1070	0.9694	0.1376	0.1020	0.0975	0.0045	1.0049	0.8718	0.1331	0.4997	0.2861	0.2135	0.0773	0.0656	0.0117	0.4223	0.2205	0.2018	29951.7941	7378.4216	1081502.2677	0.0000	0.0000	0.0000	409879529.4417	inf	956180826.5198	0.0001	0.0001	0.0000	0.0006	0.0006	0.0002	0.0000	0.0000	0.0000
22	48	0.1316	4	0	1	0	0	0	0	0	0	N	N	N	N	N	N	N	N	N	N	N	N	6275.7663	7351.1933	21843.6490	1970.7383	19633.4799	0.0000	20013.0057	6.5006	inf	5.2188	2.7957	30.7188	10.1455	10.2409	0.0000	3.5635	0.0022	31.5711	0.0008	0.0004	0.0014	0.0051	0.0005	0.0316	0.0002	0.0003	0.0000	1.0442	2.9037	0.0412	0.0000	11.9950	0.3513	7.9469	1.9759	0.2803	0.1371	0.1432	0.1371	0.1371	0.0000	0.1433	0.0001	0.1432	0.0001	0.0000	0.0000	0.0000	0.0000	0.0000	0.0000	0.0000	0.0000	0.0537	0.0491	0.0047	0.0135	0.0134	0.0001	0.0402	0.0357	0.0045	0.0647	0.0362	0.0284	0.0085	0.0072	0.0013	0.0562	0.0290	0.0272	6275.7663	7351.1933	21843.6490	1970.7383	19633.4799	0.0000	20013.0057	6.5006	inf	0.0008	0.0004	0.0014	0.0051	0.0005	0.0316	0.0002	0.0003	0.0000
22	49	0.1313	3	0	1	0	0	0	0	0	0	N	N	N	N	N	N	N	N	N	N	N	N	inf	inf	inf	inf	inf	inf	inf	10.8822	0.0019	83.7745	0.0200	0.0210	0.0000	11.8552	0.0000	86.4115	0.0000	0.0000	0.0000	0.0000	0.0000	0.0000	0.0000	0.0000	0.0000	6606.6387	0.1052	0.0000	11.9950	0.1669	7.9469	0.0350	0.1654	0.0000	0.1654	0.0000	0.0000	0.0000	0.1654	0.0000	0.1654	0.0000	0.0000	0.0000	0.0000	0.0000	0.0000	0.0000	0.0000	0.0000	0.0152	0.0132	0.0020	0.0012	0.0012	0.0001	0.0140	0.0120	0.0019	0.0057	0.0032	0.0025	0.0007	0.0006	0.0001	0.0049	0.0025	0.0024	inf	inf	inf	inf	inf	0.0000	inf	0.0000	inf	0.0000	0.0000	0.0000	0.0000	0.0000	0.0000	0.0000	0.0000	0.0000			
22	50	0.1313	2	0	1	0	0	0	0	0	0	N	N	N	N	N	N	N	N	N	N	N	N	inf	inf	inf	inf	inf	inf	inf	0.2260	0.1256	1.1270	0.2037	0.2160	0.0000	0.2539	0.0000	1.6430	0.0000	0.0000	0.0000	0.0000	0.0000	0.0000	0.0000	0.0000	0.0000	1.0000	0.0000	0.0000	11.9950	0.0010	7.9469	0.0028	0.0001	0.0000	0.0000	0.0000	0.0000	0.0000	0.0000	0.0000	0.0000	0.0000	0.0000	0.0000	0.0000	0.0000	0.0000	0.0000	0.0000	0.0000	0.0003	0.0002	0.0000	0.0001	0.0001	0.0000	0.0001	0.0001	0.0000	0.0002	0.0001	0.0001	0.0000	0.0000	0.0000	0.0001	0.0001	0.0001	inf	inf	inf	inf	inf	0.0000	inf	0.0000	inf	0.0000	0.0000	0.0000	0.0000	0.0000	0.0000	0.0000	0.0000	0.0000			
22	51	0.0927	2	0	2	0	1	0	0	0	0	N	Y	N	N	N	N	N	N	N	N	N	N	1.3037	0.9302	0.0000	10.5978	10.2799	0.0000	1.3447	0.8277	0.0000	2.7568	3.4785	0.0000	2.0611	2.0968	0.0000	2.8715	3.7727	0.0000	2.1146	3.7393	0.0490	0.1945	0.2040	0.0176	2.1354	4.5582	0.0507	0.0000	0.0145	-0.8573	-0.4928	11.9950	7.3891	7.9469	13.2142	2.3565	2.3565	0.0000	0.2494	0.2494	0.0000	2.1072	2.1072	0.0000	0.8573	0.8451	0.0123	0.0165	0.0163	0.0002	0.8408	0.8287	0.0121	0.8548	0.6775	0.1773	0.1210	0.1189	0.0021	0.7338	0.5585	0.1753	0.5972	0.3465	0.2507	0.0962	0.0835	0.0127	0.5010	0.2630	0.2380	1.9204	1.4262	0.0000	11.9828	10.7247	0.0000	1.7111	1.1972	0.0000	1.4355	2.4390	0.0490	0.1720	0.1955	0.0176	1.6782	3.1513	0.0507
22	52	0.0989	3	0	2	0	0	0	0	0	0	N	Y	N	N	N	N	N	N	N	N	N	N	683.1002	0.0053	inf	132.1312	0.0095	inf	1062706.5191	0.0000	inf	4.2283	0.0001	34.8790	6.4406	0.0006	333.4776	4.0054	0.0000	30.4605	0.0062	0.0110	0.0000	0.0487	0.0598	0.0000	0.0000	0.0000	0.0000	83094.0001	0.0000	3.1720	-0.0022	11.9950	12.1779	7.9469	13.0455	4.9857	0.0001	4.9856	0.6951	0.0001	0.6951	4.2906	0.0000	4.2906	0.0038	0.0038	0.0000	0.0038	0.0038	0.0000	0.0000	0.0000	0.0000	1.1791	1.0362	0.1429	0.1079	0.1058	0.0021	1.0712	0.9304	0.1409	0.6161	0.3482	0.2679	0.0782	0.0637	0.0145	0.5379	0.2845	0.2534	683.1002	0.0053	inf	132.1312	0.0095	inf	1062706.5191	0.0000	inf	0.0062	0.0110	0.0000	0.0487	0.0598	0.0000	0.0000	0.0000	0.0000
22	53	0.1387	3	0	2	0	0	0	0	0	0	N	Y	N	N	N	N	N	N	N	N	N	N	0.0000	0.0000	0.0000	0.0000	0.0000	0.0000	0.0000	0.0000	0.0000	0.0000	0.0000	0.0000	0.0000	0.0000	0.0000	0.0000	0.0000	0.0000	0.0000	0.0000	11.9950	3.0001	7.9469	3.0003	0.0000	0.0000	0.0000	0.0000	0.0000	0.0000	0.0000	0.0000	0.0000	0.0000	0.0000	0.0000	0.0000	0.0000	0.0000	0.0000	0.0000	0.0000	0.2708	0.2359	0.0349	0.0247	0.0233	0.0014	0.2461	0.2126	0.0335	0.1614	0.0901	0.0713	0.0203	0.0172	0.0032	0.1410	0.0729	0.0681	0.0000	0.0000	0.0000	0.0000	0.0000	0.0000	0.0000	0.0000	0.0000	0.0000	0.0000	0.0000	0.0000	0.0000	0.0000	0.0000	0.0000	0.0000											
22	54	0.1313	2	0	1	0	0	0	0	0	0	N	N	N	N	N	N	N	N	N	N	N	N	inf	inf	inf	inf	0.0002	0.0002	0.0000	0.0021	0.0022	0.0000	0.0000	0.0000	0.0000	0.0000	0.0000	0.0000	0.0000	0.0000	0.0000	0.0000	0.0000	0.0000	0.0000	-0.0000	0.0000	11.9950	1.9998	7.9469	1.0017	0.0000	0.0000	0.0000	0.0000	0.0000	0.0000	0.0000	0.0000	0.0000	0.0000	0.0000	0.0000	0.0000	0.0000	0.0000	0.0000	0.0000	0.0000	0.1795	0.1562	0.0233	0.0143	0.0136	0.0007	0.1651	0.1426	0.0225	0.0822	0.0458	0.0363	0.0104	0.0088	0.0016	0.0717	0.0370	0.0347	inf	inf	0.0000	inf	inf	0.0000	0.0000	0.0000	0.0000	0.0000	0.0000	0.0000	0.0000	0.0000	0.0000	0.0000	0.0000	0.0000						
22	56	0.1565	7	0	2	0	0	0	0	0	0	N	Y	N	N	N	N	N	N	N	N	N	N	61.8926	21.5317	2096502.0128	0.1021	0.0019	inf	60.2409	2.3613	1639156.1222	2.2441	2.5589	0.0205	0.0025	0.0001	0.0453	2.6076	3.0131	0.0189	0.0363	0.1188	0.0000	0.0242	0.0290	0.0000	0.0433	1.2760	0.0000	0.0011	0.0000	-0.3620	-0.0081	11.9950	5.0156	7.9469	9.5596	0.9982	0.9970	0.0011	0.0002	0.0000	0.0001	0.9980	0.9970	0.0010	0.0138	0.0138	0.0000	0.0034	0.0034	0.0000	0.0104	0.0104	0.0000	0.4448	0.3896	0.0552	0.0621	0.0587	0.0033	0.3827	0.3309	0.0518	0.4226	0.2692	0.1535	0.1412	0.1178	0.0234	0.2814	0.1514	0.1301	68.8374	49.9873	2096502.0128	0.1021	0.0019	inf	70.8080	44.0111	1639156.1222	0.0326	0.0512	0.0000	0.0242	0.0290	0.0000	0.0368	0.0685	0.0000
22	57	0.1351	6	0	2	0	0	0	0	0	0	N	Y	N	N	N	N	N	N	N	N	N	N	1.2587	0.2635	2484.1836	0.3710	0.1474	79.8376	1.4148	0.2501	3932.5252	2.3144	0.7885	13.0616	0.0715	0.0339	0.7321	2.9327	1.0184	14.3343	1.8388	2.9924	0.0053	0.1926	0.2299	0.0092	2.0729	4.0725	0.0036	2.3519	0.0018	0.4705	-0.2844	11.9950	5.2776	7.9469	4.9316	1.3925	0.4154	0.9771	0.0093	0.0042	0.0051	1.3832	0.4113	0.9719	0.4843	0.4834	0.0009	0.0380	0.0375	0.0004	0.4463	0.4459	0.0004	0.6017	0.5269	0.0748	0.1300	0.1230	0.0070	0.4716	0.4038	0.0678	0.5128	0.3449	0.1679	0.2275	0.1785	0.0490	0.2853	0.1664	0.1189	2.4504	0.5625	2484.1836	0.4284	0.1613	79.8376	1.8744	0.3800	3932.5252	0.9445	1.4018	0.0053	0.1668	0.2101	0.0092	1.5646	2.6801	0.0036
22	58	0.1071	5	0	1	0	0	0	0	0	0	N	N	N	N	N	N	N	N	N	N	N	N	0.4433	0.2870	3.7709	7.3831	6.6475	19.7666	0.4376	0.2493	3.5799	1.1332	1.2585	0.2907	0.9956	1.0242	0.2804	1.1417	1.2745	0.2909	2.5565	4.3841	0.0771	0.1348	0.1541	0.0142	2.6091	5.1125	0.0813	0.0343	0.0175	-0.2140	-0.3524	11.9950	6.4383	7.9469	5.2340	0.6474	0.6259	0.0215	0.0330	0.0326	0.0004	0.6144	0.5933	0.0211	0.6162	0.6056	0.0106	0.0084	0.0083	0.0001	0.6079	0.5974	0.0105	0.5713	0.4974	0.0739	0.0332	0.0319	0.0013	0.5381	0.4655	0.0727	0.3438	0.2063	0.1376	0.0621	0.0536	0.0085	0.2817	0.1527	0.1290	0.6323	0.4286	3.7709	7.3831	6.6475	19.7666	0.5291	0.3257	3.5799	1.7923	2.9362	0.0771	0.1348	0.1541	0.0142	2.1579	3.9130	0.0813
22	59	0.0989	4	0	1	0	0	0	0	0	0	N	N	N	N	N	N	N	N	N	N	N	N	0.1724	0.1001	9.7157	2.4439	2.3519	249.8242	0.1093	0.0376	9.1808	0.1643	0.1545	0.2464	0.4193	0.4208	0.2522	0.1069	0.0863	0.2464	0.9531	1.5426	0.0254	0.1716	0.1789	0.0010	0.9784	2.2956	0.0268	0.1907	0.0764	-0.0170	-0.0102	11.9950	3.9043	7.9469	0.3762	0.0837	0.0703	0.0134	0.0393	0.0390	0.0002	0.0445	0.0313	0.0132	0.0197	0.0183	0.0014	0.0038	0.0038	0.0000	0.0159	0.0145	0.0014	0.5095	0.4551	0.0544	0.0936	0.0928	0.0008	0.4159	0.3623	0.0536	0.1337	0.0788	0.0550	0.0243	0.0212	0.0031	0.1095	0.0576	0.0518	1.1179	0.6663	9.7157	2.6877	2.3519	249.8242	0.7374	0.3433	9.1808	0.1470	0.2318	0.0254	0.1560	0.1789	0.0010	0.1450	0.2513	0.0268
22	60	0.0989	3	0	1	0	0	0	0	0	0	N	N	N	N	N	N	N	N	N	N	N	N	0.4331	0.3149	7.8966	1.4792	1.4698	288.0744	0.8509	0.1231	7.3600	0.3108	0.2920	0.5031	0.5443	0.5428	0.8659	0.2164	0.1768	0.4975	0.7177	0.9274	0.0637	0.3680	0.3693	0.0030	0.2543	1.4368	0.0676	0.1685	0.2760	-0.0203	-0.0028	11.9950	1.5036	7.9469	0.1987	0.0924	0.0791	0.0133	0.0466	0.0463	0.0003	0.0458	0.0328	0.0130	0.0076	0.0059	0.0016	0.0038	0.0038	0.0000	0.0038	0.0021	0.0016	0.2973	0.2708	0.0265	0.0856	0.0852	0.0004	0.2116	0.1856	0.0261	0.0672	0.0415	0.0256	0.0167	0.0152	0.0015	0.0504	0.0263	0.0241	2.7641	2.0485	7.8966	2.4072	2.1815	288.0744	2.8942	2.1751	7.3600	0.1124	0.1425	0.0637	0.2261	0.2488	0.0030	0.0748	0.0813	0.0676
22	61	0.0927	2	0	1	0	0	0	0	0	0	N	N	N	N	N	N	N	N	N	N	N	N	0.9184	0.8101	17.0661	0.3390	0.3796	25.4375	75.3054	3.3776	16.4401	1.4603	1.9743	0.1061	1.8261	1.8563	0.0510	1.3366	2.0359	0.1069	1.5901	2.4373	0.0062	5.3871	4.8902	0.0020	0.0177	0.6028	0.0065	0.0204	0.0051	-0.2324	-0.0516	11.9950	2.7181	7.9469	1.0102	0.6760	0.6625	0.0135	0.2136	0.2135	0.0001	0.4624	0.4490	0.0134	0.0883	0.0879	0.0004	0.0859	0.0859	0.0000	0.0024	0.0020	0.0004	0.4629	0.3356	0.1274	0.1170	0.1150	0.0020	0.3460	0.2206	0.1254	0.2009	0.1290	0.0719	0.0629	0.0583	0.0046	0.1379	0.0707	0.0672	3.3205	2.8979	17.0661	1.3379	1.2604	25.4375	75.3054	71.5667	16.4401	0.4398	0.6813	0.0062	1.3649	1.4728	0.0020	0.0177	0.0284	0.0065
22	63	0.1527	4	1	2	0	1	0	0	0	0	N	Y	N	N	N	N	N	N	N	N	N	N	0.0000	0.0000	0.0000	0.0000	0.0000	0.0000	0.0000	0.0000	0.0000	0.0000	0.0000	0.0000	0.0000	0.0000	0.0000	0.0000	0.0000	0.0000	0.0000	0.0000	11.9950	2.0000	7.9469	2.0002	0.0000	0.0000	0.0000	0.0000	0.0000	0.0000	0.0000	0.0000	0.0000	0.0000	0.0000	0.0000	0.0000	0.0000	0.0000	0.0000	0.0000	0.0000	0.1752	0.1523	0.0229	0.0225	0.0203	0.0021	0.1528	0.1320	0.0208	0.1030	0.0577	0.0453	0.0095	0.0082	0.0013	0.0935	0.0495	0.0440	0.0000	0.0000	0.0000	0.0000	0.0000	0.0000	0.0000	0.0000	0.0000	0.0000	0.0000	0.0000	0.0000	0.0000	0.0000	0.0000	0.0000	0.0000											
22	64	0.1684	8	0	2	0	1	0	0	0	0	N	Y	N	N	N	N	N	N	N	N	N	N	0.0000	0.0000	0.0000	0.0000	0.0000	0.0000	0.0000	0.0000	0.0000	0.0000	0.0000	0.0000	0.0000	0.0000	0.0000	0.0000	0.0000	0.0000	0.0001	0.0002	0.0000	0.0009	0.0009	0.0006	0.0000	0.0000	0.0000	0.0760	0.0000	-0.0000	11.9950	2.0059	7.9469	4.8036	0.0000	0.0000	0.0000	0.0000	0.0000	0.0000	0.0000	0.0000	0.0000	0.0000	0.0000	0.0000	0.0000	0.0000	0.0000	0.0000	0.0000	0.0000	0.1773	0.1544	0.0230	0.0257	0.0234	0.0023	0.1516	0.1310	0.0206	0.1745	0.1003	0.0742	0.0211	0.0188	0.0023	0.1534	0.0815	0.0719	0.0000	0.0000	0.0000	0.0000	0.0000	0.0000	0.0000	0.0000	0.0000	0.0001	0.0002	0.0000	0.0009	0.0009	0.0006	0.0000	0.0000	0.0000	
22	65	0.1655	6	0	2	0	0	0	0	0	0	N	Y	N	N	N	N	N	N	N	N	N	N	6726.0781	4440.9558	0.0000	0.2658	0.2658	0.0000	2233226.3915	13972465.5041	0.0000	10.7225	12.2584	0.0000	0.0029	0.0031	0.0000	12.6137	14.5758	0.0000	0.0016	0.0028	0.0001	0.0110	0.0118	0.0026	0.0000	0.0000	0.0000	0.0000	0.0257	-0.3563	-0.0000	11.9950	0.9804	7.9469	0.2754	0.9794	0.9794	0.0000	0.0000	0.0000	0.0000	0.9794	0.9794	0.0000	0.0001	0.0001	0.0000	0.0001	0.0001	0.0000	0.0000	0.0000	0.0000	0.0913	0.0799	0.0114	0.0137	0.0127	0.0010	0.0776	0.0672	0.0105	0.0368	0.0207	0.0161	0.0053	0.0048	0.0005	0.0315	0.0159	0.0156	6726.0781	4440.9558	0.0000	0.2658	0.2658	0.0000	2233226.3915	13972465.5041	0.0000	0.0016	0.0028	0.0001	0.0110	0.0118	0.0026	0.0000	0.0000	0.0000
22	66	0.1634	7	0	1	1	1	0	0	0	0	N	N	N	N	N	N	N	N	N	N	N	N	0.0000	0.0000	0.0000	0.0000	0.0000	0.0000	0.0000	0.0000	0.0000	0.0000	0.0000	0.0000	0.0000	0.0000	0.0000	0.0000	0.0000	0.0001	0.0001	0.0000	0.0005	0.0005	0.0003	0.0000	0.0000	0.0000	0.0760	0.0000	-0.0000	11.9950	0.9437	7.9469	4.8091	0.0000	0.0000	0.0000	0.0000	0.0000	0.0000	0.0000	0.0000	0.0000	0.0000	0.0000	0.0000	0.0000	0.0000	0.0000	0.0000	0.0000	0.0000	0.1155	0.1005	0.0151	0.0303	0.0284	0.0020	0.0852	0.0721	0.0131	0.1522	0.0878	0.0644	0.0189	0.0169	0.0020	0.1333	0.0709	0.0624	0.0000	0.0000	0.0000	0.0000	0.0000	0.0000	0.0000	0.0000	0.0000	0.0001	0.0001	0.0000	0.0005	0.0005	0.0003	0.0000	0.0000	0.0000		
22	67	0.1563	6	0	1	1	1	0	0	0	0	N	N	N	N	N	N	N	N	N	N	N	N	0.0000	0.0000	0.0000	0.0000	0.0000	0.0000	0.0000	0.0000	0.0000	0.0000	0.0000	0.0000	0.0000	0.0000	0.0000	0.0000	0.0000	0.0000	0.0001	0.0000	0.0004	0.0004	0.0002	0.0000	0.0000	0.0000	0.0760	0.0000	-0.0000	11.9950	4.0088	7.9469	5.0246	0.0000	0.0000	0.0000	0.0000	0.0000	0.0000	0.0000	0.0000	0.0000	0.0000	0.0000	0.0000	0.0000	0.0000	0.0000	0.0000	0.0000	0.0000	0.3478	0.3026	0.0453	0.0450	0.0408	0.0042	0.3028	0.2618	0.0411	0.2297	0.1295	0.1002	0.0226	0.0197	0.0029	0.2071	0.1098	0.0973	0.0000	0.0000	0.0000	0.0000	0.0000	0.0000	0.0000	0.0000	0.0000	0.0000	0.0001	0.0000	0.0004	0.0004	0.0002	0.0000	0.0000	0.0000		
22	68	0.1684	8	0	1	1	1	0	0	0	0	N	N	N	N	N	N	N	N	N	N	N	N	0.0000	0.0000	0.0000	0.0000	0.0000	0.0000	0.0000	0.0000	0.0000	0.0000	0.0000	0.0000	0.0000	0.0000	0.0000	0.0000	0.0000	0.0000	0.0001	0.0002	0.0000	0.0011	0.0011	0.0007	0.0000	0.0000	0.0000	0.0760	0.0000	-0.0000	11.9950	1.0064	7.9469	4.2000	0.0000	0.0000	0.0000	0.0000	0.0000	0.0000	0.0000	0.0000	0.0000	0.0000	0.0000	0.0000	0.0000	0.0000	0.0000	0.0000	0.0000	0.0000	0.0900	0.0783	0.0117	0.0133	0.0121	0.0012	0.0767	0.0662	0.0105	0.1359	0.0784	0.0575	0.0170	0.0152	0.0018	0.1189	0.0632	0.0557	0.0000	0.0000	0.0000	0.0000	0.0000	0.0000	0.0000	0.0000	0.0000	0.0001	0.0002	0.0000	0.0011	0.0011	0.0007	0.0000	0.0000	0.0000	
22	69	0.1634	7	0	1	0	1	0	0	0	0	N	N	N	N	N	N	N	N	N	N	N	N	0.0000	0.0000	0.0000	0.0000	0.0000	0.0000	0.0000	0.0000	0.0000	0.0000	0.0000	0.0000	0.0000	0.0000	0.0000	0.0000	0.0000	0.0006	0.0009	0.0000	0.0013	0.0013	0.0011	0.0004	0.0008	0.0000	0.0241	0.0000	-0.0000	11.9950	1.2889	7.9469	0.3511	0.0000	0.0000	0.0000	0.0000	0.0000	0.0000	0.0000	0.0000	0.0000	0.0000	0.0000	0.0000	0.0000	0.0000	0.0000	0.0000	0.0000	0.0000	0.1457	0.1267	0.0190	0.0343	0.0320	0.0023	0.1113	0.0947	0.0166	0.0493	0.0296	0.0197	0.0080	0.0074	0.0006	0.0413	0.0221	0.0192	0.0000	0.0000	0.0000	0.0000	0.0000	0.0000	0.0000	0.0000	0.0000	0.0006	0.0009	0.0000	0.0013	0.0013	0.0011	0.0004	0.0008	0.0000		
22	70	0.1563	6	0	1	0	1	0	0	0	0	N	N	N	N	N	N	N	N	N	N	N	N	0.0000	0.0000	0.0000	0.0000	0.0000	0.0000	0.0000	0.0000	0.0000	0.0000	0.0000	0.0000	0.0000	0.0000	0.0000	0.0000	0.0000	0.0003	0.0006	0.0000	0.0015	0.0016	0.0010	0.0002	0.0003	0.0000	0.0366	0.0000	-0.0000	11.9950	0.7777	7.9469	1.1718	0.0000	0.0000	0.0000	0.0000	0.0000	0.0000	0.0000	0.0000	0.0000	0.0000	0.0000	0.0000	0.0000	0.0000	0.0000	0.0000	0.0000	0.0000	0.0691	0.0601	0.0090	0.0091	0.0083	0.0008	0.0600	0.0518	0.0082	0.0546	0.0313	0.0232	0.0067	0.0060	0.0007	0.0479	0.0254	0.0225	0.0000	0.0000	0.0000	0.0000	0.0000	0.0000	0.0000	0.0000	0.0000	0.0003	0.0006	0.0000	0.0015	0.0016	0.0010	0.0002	0.0003	0.0000		
22	71	0.1527	5	0	1	0	1	0	0	0	0	N	N	N	N	N	N	N	N	N	N	N	N	0.0000	0.0000	0.0000	0.0000	0.0000	0.0000	0.0000	0.0000	0.0000	0.0000	0.0000	0.0000	0.0000	0.0000	0.0000	0.0003	0.0006	0.0000	0.0003	0.0003	0.0000	0.0004	0.0007	0.0000	0.0000	0.0000	-0.0000	11.9950	0.9929	7.9469	0.0325	0.0000	0.0000	0.0000	0.0000	0.0000	0.0000	0.0000	0.0000	0.0000	0.0000	0.0000	0.0000	0.0000	0.0000	0.0000	0.0000	0.0000	0.0000	0.0875	0.0760	0.0114	0.0112	0.0102	0.0011	0.0763	0.0659	0.0104	0.0269	0.0151	0.0118	0.0025	0.0022	0.0003	0.0244	0.0129	0.0115	0.0000	0.0000	0.0000	0.0000	0.0000	0.0000	0.0000	0.0000	0.0000	0.0003	0.0006	0.0000	0.0003	0.0003	0.0000	0.0004	0.0007	0.0000				
22	72	0.1978	4	1	2	0	0	0	0	0	0	N	Y	N	N	N	N	N	N	N	N	N	N	0.0000	0.0000	0.0000	0.0000	0.0000	0.0000	0.0000	0.0000	0.0000	0.0000	0.0000	0.0000	0.0000	0.0000	0.0000	0.0000	0.0000	0.0000	0.0000	0.0000	11.9950	0.0000	7.9469	0.0001	0.0000	0.0000	0.0000	0.0000	0.0000	0.0000	0.0000	0.0000	0.0000	0.0000	0.0000	0.0000	0.0000	0.0000	0.0000	0.0000	0.0000	0.0000	0.0000	0.0000	0.0000	0.0000	0.0000	0.0000	0.0000	0.0000	0.0000	0.0000	0.0000	0.0000	0.0000	0.0000	0.0000	0.0000	0.0000	0.0000	0.0000	0.0000	0.0000	0.0000	0.0000	0.0000	0.0000	0.0000	0.0000	0.0000	0.0000	0.0000	0.0000	0.0000	0.0000	0.0000	0.0000	0.0000											
22	73	0.1345	3	1	2	0	0	0	0	0	0	N	Y	N	N	N	N	N	N	N	N	N	N	0.0129	0.0099	0.0000	0.0034	0.0034	0.0000	0.0658	11.6544	0.0000	0.0000	0.0000	0.0000	0.0000	0.0000	0.0000	0.0000	0.0000	0.0000	0.0009	0.0014	0.0003	0.0094	0.0104	0.0023	0.0001	0.0000	0.0003	0.0000	0.1961	-0.0000	-0.0002	11.9950	9.9619	7.9469	7.0378	0.0000	0.0000	0.0000	0.0000	0.0000	0.0000	0.0000	0.0000	0.0000	0.0004	0.0003	0.0001	0.0003	0.0003	0.0000	0.0001	0.0000	0.0001	0.8526	0.7427	0.1100	0.0992	0.0900	0.0093	0.7534	0.6527	0.1007	0.4166	0.2330	0.1836	0.0345	0.0302	0.0043	0.3821	0.2028	0.1793	0.0129	0.0099	0.0000	0.0034	0.0034	0.0000	0.0658	11.6544	0.0000	0.0009	0.0014	0.0003	0.0094	0.0104	0.0023	0.0001	0.0000	0.0003
22	74	0.1463	3	0	2	0	0	0	0	0	0	N	Y	N	N	N	N	N	N	N	N	N	N	0.8464	0.5937	0.0000	0.5363	0.5408	0.0000	0.0000	0.0000	0.0000	0.0014	0.0016	0.0000	0.0077	0.0083	0.0000	0.0000	0.0000	0.0000	0.0017	0.0027	0.0003	0.0143	0.0153	0.0056	0.0001	0.0000	0.0002	0.0000	0.1011	-0.0004	-0.0002	11.9950	7.0442	7.9469	2.0273	0.0010	0.0010	0.0000	0.0010	0.0010	0.0000	0.0000	0.0000	0.0000	0.0004	0.0004	0.0000	0.0004	0.0004	0.0000	0.0000	0.0000	0.0000	0.7300	0.6392	0.0909	0.1356	0.1260	0.0096	0.5944	0.5132	0.0812	0.2314	0.1291	0.1023	0.0257	0.0232	0.0026	0.2056	0.1059	0.0998	0.8464	0.5937	0.0000	0.5363	0.5408	0.0000	0.0000	0.0000	0.0000	0.0017	0.0027	0.0003	0.0143	0.0153	0.0056	0.0001	0.0000	0.0002
22	75	0.1224	2	0	2	0	0	0	0	0	0	N	Y	N	N	N	N	N	N	N	N	N	N	0.2988	0.3080	0.4145	0.0546	0.0501	0.2195	0.4737	0.8851	0.4299	0.0049	0.0044	0.0079	0.0040	0.0041	0.0027	0.0050	0.0045	0.0083	0.0162	0.0144	0.0191	0.0731	0.0810	0.0122	0.0106	0.0051	0.0193	0.2501	1.0574	-0.0004	-0.0002	11.9950	4.3369	7.9469	3.0972	0.0022	0.0018	0.0004	0.0003	0.0003	0.0000	0.0020	0.0015	0.0004	0.0032	0.0016	0.0016	0.0013	0.0013	0.0000	0.0019	0.0003	0.0016	0.4637	0.4068	0.0569	0.0746	0.0709	0.0037	0.3891	0.3359	0.0531	0.1970	0.1109	0.0861	0.0178	0.0157	0.0021	0.1792	0.0951	0.0840	0.2988	0.3155	0.4145	0.0546	0.0501	0.2195	0.4737	1.5356	0.4299	0.0162	0.0140	0.0191	0.0731	0.0810	0.0122	0.0106	0.0029	0.0193
22	76	0.2097	7	1	2	0	0	0	0	0	0	N	Y	N	N	N	N	N	N	N	N	N	N	0.0000	0.0000	0.0000	0.0000	0.0000	0.0000	0.0000	0.0000	0.0000	0.0000	0.0000	0.0000	0.0000	0.0000	0.0000	0.0000	0.0000	0.0000	0.0003	0.0004	0.0000	0.0022	0.0023	0.0013	0.0000	0.0000	0.0000	0.0760	0.0000	-0.0000	11.9950	1.9992	7.9469	0.0055	0.0000	0.0000	0.0000	0.0000	0.0000	0.0000	0.0000	0.0000	0.0000	0.0000	0.0000	0.0000	0.0000	0.0000	0.0000	0.0000	0.0000	0.0000	0.2349	0.2057	0.0292	0.0359	0.0329	0.0030	0.1990	0.1728	0.0262	0.0688	0.0393	0.0296	0.0084	0.0074	0.0010	0.0604	0.0319	0.0285	0.0000	0.0000	0.0000	0.0000	0.0000	0.0000	0.0000	0.0000	0.0000	0.0003	0.0004	0.0000	0.0022	0.0023	0.0013	0.0000	0.0000	0.0000	
22	77	0.1655	6	1	2	0	0	0	0	0	0	N	Y	N	N	N	N	N	N	N	N	N	N	230.8904	154.0959	0.0000	345.6849	352.0818	0.0000	0.0000	0.0000	0.0000	0.0471	0.0540	0.0000	0.3534	0.3856	0.0000	0.0000	0.0000	0.0000	0.0002	0.0004	0.0000	0.0010	0.0011	0.0005	0.0001	0.0002	0.0000	0.0000	0.0366	-0.0075	-0.0000	11.9950	5.0219	7.9469	2.0148	0.0206	0.0206	0.0000	0.0206	0.0206	0.0000	0.0000	0.0000	0.0000	0.0000	0.0000	0.0000	0.0000	0.0000	0.0000	0.0000	0.0000	0.0000	0.4375	0.3815	0.0560	0.0583	0.0535	0.0049	0.3792	0.3280	0.0512	0.1821	0.1022	0.0799	0.0195	0.0170	0.0025	0.1627	0.0853	0.0774	230.8904	154.0959	0.0000	345.6849	352.0818	0.0000	0.0000	0.0000	0.0000	0.0002	0.0004	0.0000	0.0010	0.0011	0.0005	0.0001	0.0002	0.0000
22	78	0.1527	5	0	2	0	0	0	0	0	0	N	Y	N	N	N	N	N	N	N	N	N	N	377.9272	763.3066	0.0000	0.0000	0.0000	403.6141	821.0568	0.0000	0.2293	0.2638	0.0000	0.0000	0.0000	0.0000	0.2630	0.3045	0.0000	0.0006	0.0003	0.0009	0.0002	0.0002	0.0000	0.0007	0.0004	0.0010	0.0000	2.1348	-0.0075	0.0000	11.9950	1.0203	7.9469	2.7327	0.0206	0.0206	0.0000	0.0000	0.0000	0.0000	0.0206	0.0206	0.0000	0.0001	0.0000	0.0000	0.0000	0.0000	0.0000	0.0001	0.0000	0.0000	0.0899	0.0781	0.0118	0.0115	0.0104	0.0011	0.0784	0.0677	0.0107	0.0968	0.0542	0.0426	0.0090	0.0077	0.0012	0.0878	0.0465	0.0414	377.9272	763.3066	0.0000	0.0000	0.0000	0.0000	403.6141	821.0568	0.0000	0.0006	0.0003	0.0009	0.0002	0.0002	0.0000	0.0007	0.0004	0.0010	
22	79	0.1527	4	0	1	0	0	0	0	0	0	N	N	N	N	N	N	N	N	N	N	N	N	0.0000	0.0000	0.0000	0.0000	0.0000	0.0000	0.0000	0.0000	0.0000	0.0000	0.0000	0.0000	0.0000	0.0000	0.0000	0.0000	0.0000	0.0000	0.0000	0.0000	11.9950	0.0000	7.9469	0.0018	0.0000	0.0000	0.0000	0.0000	0.0000	0.0000	0.0000	0.0000	0.0000	0.0000	0.0000	0.0000	0.0000	0.0000	0.0000	0.0000	0.0000	0.0000	0.0000	0.0000	0.0000	0.0000	0.0000	0.0000	0.0000	0.0000	0.0000	0.0001	0.0001	0.0000	0.0000	0.0000	0.0000	0.0001	0.0000	0.0000	0.0000	0.0000	0.0000	0.0000	0.0000	0.0000	0.0000	0.0000	0.0000	0.0000	0.0000	0.0000	0.0000	0.0000	0.0000	0.0000	0.0000	0.0000											
22	80	0.1345	3	0	1	0	0	0	0	0	0	N	N	N	N	N	N	N	N	N	N	N	N	0.0126	0.0097	0.0000	0.0033	0.0033	0.0000	0.0645	11.4086	0.0000	0.0000	0.0000	0.0000	0.0001	0.0001	0.0000	0.0000	0.0000	0.0000	0.0028	0.0042	0.0010	0.0268	0.0294	0.0070	0.0004	0.0000	0.0009	0.0000	0.1961	-0.0000	-0.0002	11.9950	3.0825	7.9469	2.0124	0.0000	0.0000	0.0000	0.0000	0.0000	0.0000	0.0000	0.0000	0.0000	0.0004	0.0003	0.0001	0.0003	0.0003	0.0000	0.0001	0.0000	0.0001	0.2828	0.2466	0.0363	0.0363	0.0333	0.0030	0.2466	0.2133	0.0332	0.1346	0.0756	0.0590	0.0121	0.0107	0.0014	0.1225	0.0649	0.0576	0.0126	0.0097	0.0000	0.0033	0.0033	0.0000	0.0645	11.4086	0.0000	0.0028	0.0042	0.0010	0.0268	0.0294	0.0070	0.0004	0.0000	0.0009
22	81	0.1224	2	0	1	0	0	0	0	0	0	N	N	N	N	N	N	N	N	N	N	N	N	0.0969	0.0640	0.2477	0.0343	0.0317	0.1372	0.1355	0.1231	0.2565	0.0030	0.0021	0.0091	0.0044	0.0045	0.0031	0.0027	0.0016	0.0095	0.0309	0.0336	0.0368	0.1281	0.1406	0.0228	0.0199	0.0132	0.0371	0.5849	1.0740	0.0000	-0.0002	11.9950	3.6751	7.9469	0.0788	0.0012	0.0008	0.0004	0.0003	0.0003	0.0000	0.0009	0.0005	0.0004	0.0032	0.0015	0.0016	0.0013	0.0013	0.0000	0.0019	0.0002	0.0016	0.4074	0.3580	0.0494	0.0700	0.0668	0.0032	0.3374	0.2912	0.0462	0.1036	0.0588	0.0449	0.0104	0.0093	0.0011	0.0932	0.0495	0.0438	0.0973	0.0822	0.2477	0.0343	0.0317	0.1372	0.1355	0.3420	0.2565	0.0307	0.0261	0.0368	0.1281	0.1406	0.0228	0.0199	0.0047	0.0371
23	24	0.2248	14	1	2	0	1	0	0	0	0	N	Y	N	N	N	N	N	N	N	N	N	N	0.0000	0.0000	0.0000	0.0000	0.0000	0.0000	0.0000	0.0000	0.0000	0.0000	0.0000	0.0000	0.0000	0.0000	0.0000	0.2207	0.0000	0.1803	0.0001	0.0000	0.0005	0.2940	0.0000	0.1697	inf	0.0000	0.0005	0.0013	6.0729	0.9984	6.2374	0.0000	0.0000	0.0000	0.0000	0.0000	0.0000	0.0000	0.0000	0.0000	0.0013	0.0000	0.0013	0.0000	0.0000	0.0000	0.0013	0.0000	0.0013	0.0002	0.0002	0.0000	0.0001	0.0001	0.0000	0.0001	0.0001	0.0000	0.0181	0.0101	0.0080	0.0018	0.0015	0.0003	0.0162	0.0085	0.0077	0.0000	0.0000	0.0000	0.0000	0.0000	0.0000	0.0000	0.0000	0.0000	0.0722	0.0000	0.1635	0.0001	0.0000	0.0005	0.0804	0.0000	0.1697				
23	25	0.1674	10	2	2	0	0	0	0	0	0	Y	Y	N	N	N	N	N	N	N	N	N	N	2846.5534	3371.8171	0.0000	1058.0055	940.2997	0.0000	0.0000	0.0000	0.0000	1.1950	1.3113	0.0000	2.6655	2.8552	0.0000	0.0000	0.0000	0.0000	0.0004	0.0004	0.0005	0.0025	0.0030	0.0002	0.0002	0.0000	0.0005	0.0000	0.9675	-0.0002	-0.0000	0.0013	19.6128	0.9984	15.0566	0.0006	0.0006	0.0000	0.0006	0.0006	0.0000	0.0000	0.0000	0.0000	0.0000	0.0000	0.0000	0.0000	0.0000	0.0000	0.0000	0.0000	0.0000	0.0005	0.0005	0.0000	0.0002	0.0002	0.0000	0.0003	0.0003	0.0000	0.0491	0.0269	0.0222	0.0042	0.0034	0.0008	0.0449	0.0235	0.0214	2846.5534	3371.8171	0.0000	1058.0055	940.2997	0.0000	0.0000	0.0000	0.0000	0.0004	0.0004	0.0005	0.0025	0.0030	0.0002	0.0002	0.0000	0.0005
23	26	0.2804	13	1	1	1	0	0	0	0	0	N	N	N	N	N	N	N	N	N	N	N	N	0.0000	0.0000	0.0000	0.0000	0.0000	0.0000	0.0000	0.0000	0.0000	0.0000	0.0000	0.0000	0.0000	0.0000	0.0000	0.0000	0.0000	0.0000	0.0000	0.0000	0.0013	0.0000	0.9984	0.0000	0.0000	0.0000	0.0000	0.0000	0.0000	0.0000	0.0000	0.0000	0.0000	0.0000	0.0000	0.0000	0.0000	0.0000	0.0000	0.0000	0.0000	0.0000	0.0000	0.0000	0.0000	0.0000	0.0000	0.0000	0.0000	0.0000	0.0000	0.0000	0.0000	0.0000	0.0000	0.0000	0.0000	0.0000	0.0000	0.0000	0.0000	0.0000	0.0000	0.0000	0.0000	0.0000	0.0000	0.0000	0.0000	0.0000	0.0000	0.0000	0.0000	0.0000	0.0000	0.0000	0.0000	0.0000											
23	27	0.2512	14	2	1	1	0	0	0	0	0	Y	N	N	N	N	N	N	N	N	N	N	N	0.0000	0.0000	0.0000	0.0000	0.0000	0.0000	0.0000	0.0000	0.0000	0.0000	0.0000	0.0000	0.0000	0.0003	0.0000	0.0006	0.0000	0.0000	0.0000	0.0003	0.0000	0.0006	inf	0.0000	0.0000	0.0013	6.0046	0.9984	3.2467	0.0000	0.0000	0.0000	0.0000	0.0000	0.0000	0.0000	0.0000	0.0000	0.0000	0.0000	0.0000	0.0000	0.0000	0.0000	0.0000	0.0000	0.0000	0.0002	0.0001	0.0000	0.0001	0.0001	0.0000	0.0001	0.0001	0.0000	0.0130	0.0073	0.0057	0.0018	0.0015	0.0003	0.0112	0.0058	0.0054	0.0000	0.0000	0.0000	0.0000	0.0000	0.0000	0.0000	0.0000	0.0000	0.0003	0.0000	0.0006	0.0000	0.0000	0.0000	0.0003	0.0000	0.0006						
23	28	0.2148	13	2	1	0	0	0	0	0	0	Y	N	N	N	N	N	N	N	N	N	N	N	0.0000	0.0000	0.0000	0.0000	0.0000	0.0000	0.0000	0.0000	0.0000	0.0000	0.0000	0.0000	0.0000	0.0000	0.0000	0.0000	0.0000	0.1290	0.0000	0.1322	0.0001	0.0000	0.0006	0.1668	0.0000	0.1373	62448.4536	0.0000	0.0005	0.0013	7.0330	0.9984	8.3476	0.0000	0.0000	0.0000	0.0000	0.0000	0.0000	0.0000	0.0000	0.0000	0.0013	0.0000	0.0013	0.0000	0.0000	0.0000	0.0013	0.0000	0.0013	0.0002	0.0002	0.0000	0.0001	0.0001	0.0000	0.0001	0.0001	0.0000	0.0222	0.0124	0.0098	0.0022	0.0019	0.0004	0.0200	0.0105	0.0095	0.0000	0.0000	0.0000	0.0000	0.0000	0.0000	0.0000	0.0000	0.0000	0.0586	0.0000	0.1322	0.0001	0.0000	0.0006	0.0651	0.0000	0.1373		
23	29	0.2248	14	1	2	0	1	0	0	0	0	N	Y	N	N	N	N	N	N	N	N	N	N	0.0000	0.0000	0.0000	0.0000	0.0000	0.0000	0.0000	0.0000	0.0000	0.0000	0.0000	0.0000	0.0000	0.0000	0.0000	0.0011	0.0019	0.0000	0.0109	0.0132	0.0000	0.0000	0.0000	0.0000	0.0000	0.0000	-0.0000	0.0013	12.7698	0.9984	10.8465	0.0000	0.0000	0.0000	0.0000	0.0000	0.0000	0.0000	0.0000	0.0000	0.0000	0.0000	0.0000	0.0000	0.0000	0.0000	0.0000	0.0000	0.0000	0.0003	0.0003	0.0000	0.0002	0.0001	0.0000	0.0002	0.0002	0.0000	0.0322	0.0179	0.0143	0.0031	0.0026	0.0005	0.0291	0.0153	0.0138	0.0000	0.0000	0.0000	0.0000	0.0000	0.0000	0.0000	0.0000	0.0000	0.0011	0.0019	0.0000	0.0109	0.0132	0.0000	0.0000	0.0000	0.0000				
23	30	0.2002	10	2	1	1	0	0	0	0	0	Y	N	N	N	N	N	N	N	N	N	N	N	5241.9367	3253.7992	0.0000	2025.2468	1727.3911	0.0000	0.0000	1.9590	2.1561	0.0000	4.2859	4.6081	0.0000	0.0000	0.0000	0.0000	0.0004	0.0007	0.0000	0.0021	0.0027	0.0000	0.0000	0.0000	0.0000	0.0000	0.0407	-0.0002	-0.0000	0.0013	11.8338	0.9984	5.9707	0.0006	0.0006	0.0000	0.0006	0.0006	0.0000	0.0000	0.0000	0.0000	0.0000	0.0000	0.0000	0.0000	0.0000	0.0000	0.0000	0.0000	0.0000	0.0003	0.0003	0.0000	0.0001	0.0001	0.0000	0.0002	0.0002	0.0000	0.0278	0.0151	0.0128	0.0047	0.0037	0.0010	0.0231	0.0113	0.0118	5241.9367	3253.7992	0.0000	2025.2468	1727.3911	0.0000	0.0000	0.0000	0.0000	0.0004	0.0007	0.0000	0.0021	0.0027	0.0000	0.0000	0.0000	0.0000		
23	31	0.2248	14	1	1	1	0	0	0	0	0	N	N	N	N	N	N	N	N	N	N	N	N	11064.0334	7063.6749	0.0000	2482.6640	2334.6503	0.0000	0.0000	0.0000	3.2225	3.5504	0.0000	6.9478	7.4783	0.0000	0.0000	0.0000	0.0000	0.0003	0.0005	0.0000	0.0028	0.0032	0.0006	0.0000	0.0000	0.0000	0.0000	0.0354	-0.0002	-0.0000	0.0013	6.9288	0.9984	3.0309	0.0006	0.0006	0.0000	0.0006	0.0006	0.0000	0.0000	0.0000	0.0000	0.0000	0.0000	0.0000	0.0000	0.0000	0.0000	0.0000	0.0000	0.0000	0.0002	0.0002	0.0000	0.0001	0.0001	0.0000	0.0001	0.0001	0.0000	0.0149	0.0084	0.0066	0.0016	0.0013	0.0002	0.0134	0.0071	0.0063	11064.0334	7063.6749	0.0000	2482.6640	2334.6503	0.0000	0.0000	0.0000	0.0000	0.0003	0.0005	0.0000	0.0028	0.0032	0.0006	0.0000	0.0000	0.0000	
23	32	0.2148	13	1	1	0	0	0	0	0	0	N	N	N	N	N	N	N	N	N	N	N	N	0.0000	0.0000	0.0000	0.0000	0.0000	0.0000	0.0000	0.0000	0.0000	0.0000	0.0000	0.0000	0.0000	0.0000	0.0000	0.0000	0.0000	0.0013	0.0013	0.0013	0.0064	0.0070	0.0018	0.0006	0.0000	0.0013	0.7190	0.0000	-0.0000	0.0013	1.8775	0.9984	3.1058	0.0000	0.0000	0.0000	0.0000	0.0000	0.0000	0.0000	0.0000	0.0000	0.0000	0.0000	0.0000	0.0000	0.0000	0.0000	0.0000	0.0000	0.0000	0.0001	0.0000	0.0000	0.0000	0.0000	0.0000	0.0000	0.0000	0.0000	0.0081	0.0046	0.0035	0.0010	0.0009	0.0001	0.0071	0.0037	0.0033	0.0000	0.0000	0.0000	0.0000	0.0000	0.0000	0.0000	0.0000	0.0000	0.0013	0.0013	0.0013	0.0064	0.0070	0.0018	0.0006	0.0000	0.0013		
23	33	0.2025	12	1	1	0	0	0	0	0	0	N	N	N	N	N	N	N	N	N	N	N	N	0.0000	0.0000	0.0000	0.0000	0.0000	0.0000	0.0000	0.0000	0.0000	0.0000	0.0000	0.0000	0.0000	0.0000	0.0000	0.0000	0.0000	0.0008	0.0000	0.0021	0.0015	0.0001	0.0168	0.0006	0.0000	0.0014	44.8179	0.0000	0.0000	0.0013	5.3867	0.9984	0.9197	0.0000	0.0000	0.0000	0.0000	0.0000	0.0000	0.0000	0.0000	0.0000	0.0000	0.0000	0.0000	0.0000	0.0000	0.0000	0.0000	0.0000	0.0000	0.0001	0.0001	0.0000	0.0001	0.0001	0.0000	0.0001	0.0001	0.0000	0.0123	0.0078	0.0045	0.0023	0.0021	0.0002	0.0100	0.0057	0.0043	0.0000	0.0000	0.0000	0.0000	0.0000	0.0000	0.0000	0.0000	0.0000	0.0008	0.0000	0.0021	0.0015	0.0001	0.0168	0.0006	0.0000	0.0014		
23	34	0.2857	14	1	2	0	0	0	0	0	0	N	Y	N	N	N	N	N	N	N	N	N	N	0.0000	0.0000	0.0000	0.0000	0.0000	0.0000	0.0000	0.0000	0.0000	0.0000	0.0000	0.0000	0.0000	0.0000	0.0000	0.0000	0.0000	0.0000	0.0000	0.0000	0.0013	0.0019	0.9984	3.0025	0.0000	0.0000	0.0000	0.0000	0.0000	0.0000	0.0000	0.0000	0.0000	0.0000	0.0000	0.0000	0.0000	0.0000	0.0000	0.0000	0.0000	0.0000	0.0000	0.0000	0.0000	0.0000	0.0000	0.0000	0.0000	0.0000	0.0000	0.0037	0.0022	0.0014	0.0009	0.0007	0.0002	0.0028	0.0015	0.0012	0.0000	0.0000	0.0000	0.0000	0.0000	0.0000	0.0000	0.0000	0.0000	0.0000	0.0000	0.0000	0.0000	0.0000	0.0000	0.0000	0.0000	0.0000											
23	35	0.1439	6	2	2	0	0	0	0	0	0	Y	Y	N	N	N	N	N	N	N	N	N	N	0.0000	0.0000	0.0000	0.0000	0.0000	0.0000	0.0000	0.0000	0.0000	0.0000	0.0000	0.0000	0.0000	0.0000	0.0000	0.0000	0.0000	0.0000	0.0000	0.0000	0.0013	1.0000	0.9984	1.9999	0.0000	0.0000	0.0000	0.0000	0.0000	0.0000	0.0000	0.0000	0.0000	0.0000	0.0000	0.0000	0.0000	0.0000	0.0000	0.0000	0.0000	0.0000	0.0000	0.0000	0.0000	0.0000	0.0000	0.0000	0.0000	0.0000	0.0000	0.0056	0.0029	0.0028	0.0001	0.0001	0.0000	0.0055	0.0027	0.0028	0.0000	0.0000	0.0000	0.0000	0.0000	0.0000	0.0000	0.0000	0.0000	0.0000	0.0000	0.0000	0.0000	0.0000	0.0000	0.0000	0.0000	0.0000											
23	36	0.2311	10	1	2	1	0	0	0	0	0	N	Y	N	N	N	N	N	N	N	N	N	N	0.0000	0.0000	0.0000	0.0000	0.0000	0.0000	0.0000	0.0000	0.0000	0.0000	0.0000	0.0000	0.0000	0.0000	0.0000	0.0000	0.0000	0.0004	0.0006	0.0000	0.0009	0.0011	0.0000	0.0001	0.0002	0.0000	0.0034	0.0000	-0.0000	0.0013	3.0341	0.9984	5.2124	0.0000	0.0000	0.0000	0.0000	0.0000	0.0000	0.0000	0.0000	0.0000	0.0000	0.0000	0.0000	0.0000	0.0000	0.0000	0.0000	0.0000	0.0000	0.0001	0.0001	0.0000	0.0000	0.0000	0.0000	0.0000	0.0000	0.0000	0.0174	0.0109	0.0064	0.0052	0.0042	0.0010	0.0122	0.0067	0.0055	0.0000	0.0000	0.0000	0.0000	0.0000	0.0000	0.0000	0.0000	0.0000	0.0004	0.0006	0.0000	0.0009	0.0011	0.0000	0.0001	0.0002	0.0000		
23	37	0.2073	9	1	2	0	0	0	0	0	0	N	Y	N	N	N	N	N	N	N	N	N	N	0.0000	0.0000	0.0000	0.0000	0.0000	0.0000	0.0000	0.0000	0.0000	0.0000	0.0000	0.0000	0.0000	0.0000	0.0000	0.0000	0.0000	0.0019	0.0034	0.0000	0.0108	0.0137	0.0000	0.0000	0.0000	0.0000	0.0022	0.0000	-0.0000	0.0013	3.0544	0.9984	4.8962	0.0000	0.0000	0.0000	0.0000	0.0000	0.0000	0.0000	0.0000	0.0000	0.0000	0.0000	0.0000	0.0000	0.0000	0.0000	0.0000	0.0000	0.0000	0.0001	0.0001	0.0000	0.0000	0.0000	0.0000	0.0000	0.0000	0.0000	0.0132	0.0071	0.0061	0.0023	0.0018	0.0005	0.0109	0.0053	0.0056	0.0000	0.0000	0.0000	0.0000	0.0000	0.0000	0.0000	0.0000	0.0000	0.0019	0.0034	0.0000	0.0108	0.0137	0.0000	0.0000	0.0000	0.0000		
23	38	0.2857	14	1	1	1	0	0	0	0	0	N	N	N	N	N	N	N	N	N	N	N	N	0.0000	0.0000	0.0000	0.0000	0.0000	0.0000	0.0000	0.0000	0.0000	0.0000	0.0000	0.0000	0.0000	0.0000	0.0000	0.0000	0.0000	0.0000	0.0000	0.0000	0.0013	0.9992	0.9984	1.0069	0.0000	0.0000	0.0000	0.0000	0.0000	0.0000	0.0000	0.0000	0.0000	0.0000	0.0000	0.0000	0.0000	0.0000	0.0000	0.0000	0.0000	0.0000	0.0000	0.0000	0.0000	0.0000	0.0000	0.0000	0.0000	0.0000	0.0000	0.0025	0.0015	0.0009	0.0006	0.0005	0.0001	0.0019	0.0010	0.0008	0.0000	0.0000	0.0000	0.0000	0.0000	0.0000	0.0000	0.0000	0.0000	0.0000	0.0000	0.0000	0.0000	0.0000	0.0000	0.0000	0.0000	0.0000											
23	39	0.2804	13	1	1	0	0	0	0	0	0	N	N	N	N	N	N	N	N	N	N	N	N	0.0000	0.0000	0.0000	0.0000	0.0000	0.0000	0.0000	0.0000	0.0000	0.0000	0.0000	0.0000	0.0000	0.0000	0.0000	0.0000	0.0000	0.0000	0.0000	0.0000	0.0013	1.0008	0.9984	0.9987	0.0000	0.0000	0.0000	0.0000	0.0000	0.0000	0.0000	0.0000	0.0000	0.0000	0.0000	0.0000	0.0000	0.0000	0.0000	0.0000	0.0000	0.0000	0.0000	0.0000	0.0000	0.0000	0.0000	0.0000	0.0000	0.0000	0.0000	0.0024	0.0015	0.0009	0.0006	0.0005	0.0001	0.0019	0.0010	0.0008	0.0000	0.0000	0.0000	0.0000	0.0000	0.0000	0.0000	0.0000	0.0000	0.0000	0.0000	0.0000	0.0000	0.0000	0.0000	0.0000	0.0000	0.0000											
23	40	0.2025	12	1	1	0	0	0	0	0	0	N	N	N	N	N	N	N	N	N	N	N	N	0.0000	0.0000	0.0000	0.0000	0.0000	0.0000	0.0000	0.0000	0.0000	0.0000	0.0000	0.0000	0.0000	0.0000	0.0000	0.0009	0.0016	0.0000	0.0080	0.0096	0.0000	0.0000	0.0000	0.0000	0.0000	0.0000	-0.0000	0.0013	9.0374	0.9984	18.5287	0.0000	0.0000	0.0000	0.0000	0.0000	0.0000	0.0000	0.0000	0.0000	0.0000	0.0000	0.0000	0.0000	0.0000	0.0000	0.0000	0.0000	0.0000	0.0002	0.0002	0.0000	0.0001	0.0001	0.0000	0.0001	0.0001	0.0000	0.0392	0.0226	0.0166	0.0046	0.0038	0.0008	0.0346	0.0188	0.0159	0.0000	0.0000	0.0000	0.0000	0.0000	0.0000	0.0000	0.0000	0.0000	0.0009	0.0016	0.0000	0.0080	0.0096	0.0000	0.0000	0.0000	0.0000				
23	41	0.1757	11	1	1	0	0	0	0	0	0	N	N	N	N	N	N	N	N	N	N	N	N	0.0000	0.0000	0.0000	0.0000	0.0000	0.0000	0.0000	0.0000	0.0000	0.0000	0.0000	0.0000	0.0000	0.0000	0.0000	0.0000	0.0000	0.0000	0.0003	0.0003	0.0003	0.0018	0.0011	0.0072	0.0000	0.0000	0.0000	0.9201	0.0000	-0.0000	0.0013	9.0369	0.9984	3.5648	0.0000	0.0000	0.0000	0.0000	0.0000	0.0000	0.0000	0.0000	0.0000	0.0000	0.0000	0.0000	0.0000	0.0000	0.0000	0.0000	0.0000	0.0000	0.0002	0.0002	0.0000	0.0001	0.0001	0.0000	0.0001	0.0001	0.0000	0.0231	0.0137	0.0093	0.0035	0.0031	0.0004	0.0196	0.0107	0.0089	0.0000	0.0000	0.0000	0.0000	0.0000	0.0000	0.0000	0.0000	0.0000	0.0003	0.0003	0.0003	0.0018	0.0011	0.0072	0.0000	0.0000	0.0000	
23	42	0.1419	7	1	1	0	0	0	0	0	0	N	N	N	N	N	N	N	N	N	N	N	N	1948.3978	0.0000	71192.9110	505.2199	0.0000	7109.0266	78672.4351	0.0000	369418.0405	1.0707	0.0000	11.5844	2.3478	0.0000	33.0781	0.0411	0.0000	0.3750	0.0005	0.0008	0.0002	0.0046	0.0046	0.0047	0.0000	0.0000	0.0000	inf	0.1475	0.0003	-0.0000	0.0013	17.0025	0.9984	6.0864	0.0005	0.0000	0.0005	0.0005	0.0000	0.0005	0.0000	0.0000	0.0000	0.0000	0.0000	0.0000	0.0000	0.0000	0.0000	0.0000	0.0000	0.0000	0.0004	0.0004	0.0000	0.0002	0.0002	0.0000	0.0002	0.0002	0.0000	0.0390	0.0221	0.0169	0.0046	0.0040	0.0006	0.0344	0.0181	0.0164	1948.3978	0.0000	71192.9110	505.2199	0.0000	7109.0266	78672.4351	0.0000	369418.0405	0.0005	0.0008	0.0002	0.0046	0.0046	0.0047	0.0000	0.0000	0.0000
23	44	0.1419	7	1	2	0	0	0	0	0	0	N	Y	N	N	N	N	N	N	N	N	N	N	0.0000	0.0000	0.0000	0.0000	0.0000	0.0000	0.0000	0.0000	0.0000	0.0000	0.0000	0.0000	0.0000	0.0000	0.0000	0.0000	0.0000	0.0522	0.0009	0.0920	0.0041	0.0046	0.0000	0.0679	0.0000	0.0954	75.8778	0.0000	0.0005	0.0013	6.9958	0.9984	11.8523	0.0000	0.0000	0.0000	0.0000	0.0000	0.0000	0.0000	0.0000	0.0000	0.0013	0.0000	0.0013	0.0000	0.0000	0.0000	0.0013	0.0000	0.0013	0.0002	0.0002	0.0000	0.0001	0.0001	0.0000	0.0001	0.0001	0.0000	0.0333	0.0191	0.0142	0.0042	0.0037	0.0005	0.0291	0.0154	0.0137	0.0000	0.0000	0.0000	0.0000	0.0000	0.0000	0.0000	0.0000	0.0000	0.0398	0.0009	0.0920	0.0041	0.0046	0.0000	0.0450	0.0000	0.0954		
23	45	0.1803	8	1	2	0	0	0	0	0	0	N	Y	N	N	N	N	N	N	N	N	N	N	0.0000	0.0000	0.0000	0.0000	0.0000	0.0000	0.0000	0.0000	0.0000	0.0000	0.0000	0.0000	0.0000	0.0000	0.0000	0.0000	0.0000	0.0000	0.0006	0.0010	0.0000	0.0041	0.0050	0.0000	0.0000	0.0000	0.0000	0.0005	0.0000	-0.0000	0.0013	20.1318	0.9984	17.5118	0.0000	0.0000	0.0000	0.0000	0.0000	0.0000	0.0000	0.0000	0.0000	0.0000	0.0000	0.0000	0.0000	0.0000	0.0000	0.0000	0.0000	0.0000	0.0005	0.0005	0.0000	0.0002	0.0002	0.0000	0.0003	0.0003	0.0000	0.0540	0.0300	0.0240	0.0073	0.0060	0.0013	0.0467	0.0240	0.0227	0.0000	0.0000	0.0000	0.0000	0.0000	0.0000	0.0000	0.0000	0.0000	0.0006	0.0010	0.0000	0.0041	0.0050	0.0000	0.0000	0.0000	0.0000	
23	46	0.2037	12	1	2	0	0	0	0	0	0	N	Y	N	N	N	N	N	N	N	N	N	N	0.0000	0.0000	0.0000	0.0000	0.0000	0.0000	0.0000	0.0000	0.0000	0.0000	0.0000	0.0000	0.0000	0.0000	0.0000	0.0000	0.0000	0.0000	0.0000	0.0000	0.0013	15.0410	0.9984	10.9147	0.0000	0.0000	0.0000	0.0000	0.0000	0.0000	0.0000	0.0000	0.0000	0.0000	0.0000	0.0000	0.0000	0.0000	0.0000	0.0000	0.0000	0.0000	0.0004	0.0004	0.0000	0.0002	0.0002	0.0000	0.0002	0.0002	0.0000	0.0508	0.0325	0.0182	0.0180	0.0141	0.0039	0.0328	0.0184	0.0144	0.0000	0.0000	0.0000	0.0000	0.0000	0.0000	0.0000	0.0000	0.0000	0.0000	0.0000	0.0000	0.0000	0.0000	0.0000	0.0000	0.0000	0.0000											
23	47	0.2053	11	2	1	1	0	0	0	0	0	Y	N	N	N	N	N	N	N	N	N	N	N	0.0000	0.0000	0.0000	0.0000	0.0000	0.0000	0.0000	0.0000	0.0000	0.0000	0.0000	0.0000	0.0000	0.0000	0.0000	0.0000	0.0597	0.3414	0.0000	0.2694	0.3283	0.0000	0.0000	0.0000	0.0000	0.0000	0.0000	-0.0008	0.0013	12.7633	0.9984	6.3722	0.0000	0.0000	0.0000	0.0000	0.0000	0.0000	0.0000	0.0000	0.0000	0.0013	0.0013	0.0000	0.0013	0.0013	0.0000	0.0000	0.0000	0.0000	0.0003	0.0003	0.0000	0.0002	0.0001	0.0000	0.0002	0.0002	0.0000	0.0316	0.0177	0.0138	0.0067	0.0054	0.0013	0.0248	0.0123	0.0125	0.0000	0.0000	0.0000	0.0000	0.0000	0.0000	0.0000	0.0000	0.0000	0.0414	0.0737	0.0000	0.1939	0.2403	0.0000	0.0000	0.0000	0.0000			
23	48	0.2002	10	1	1	0	0	0	0	0	0	N	N	N	N	N	N	N	N	N	N	N	N	1.4394	0.2927	47.1452	0.6057	0.1561	inf	0.0000	0.0000	0.0011	0.0004	0.0104	0.0023	0.0008	0.0315	0.0000	0.0000	0.0000	0.0008	0.0013	0.0002	0.0039	0.0049	0.0000	0.0001	0.0000	0.0002	2.2979	0.1509	0.0000	-0.0000	0.0013	0.3513	0.9984	1.9759	0.0000	0.0000	0.0000	0.0000	0.0000	0.0000	0.0000	0.0000	0.0000	0.0000	0.0000	0.0000	0.0000	0.0000	0.0000	0.0000	0.0000	0.0000	0.0000	0.0000	0.0000	0.0000	0.0000	0.0000	0.0000	0.0000	0.0000	0.0040	0.0022	0.0018	0.0007	0.0005	0.0001	0.0033	0.0016	0.0017	1.4394	0.2927	47.1452	0.6057	0.1561	inf	0.0000	0.0000	0.0000	0.0008	0.0013	0.0002	0.0039	0.0049	0.0000	0.0001	0.0000	0.0002	
23	49	0.1999	9	1	1	0	0	0	0	0	0	N	N	N	N	N	N	N	N	N	N	N	N	0.5865	0.6867	0.0000	0.4517	0.3881	0.0000	0.0000	0.0013	0.0015	0.0000	0.0029	0.0032	0.0000	0.0000	0.0000	0.0000	0.0023	0.0021	0.0024	0.0065	0.0082	0.0000	0.0014	0.0000	0.0026	0.0000	0.9673	-0.0000	-0.0000	0.0013	0.1669	0.9984	0.0350	0.0000	0.0000	0.0000	0.0000	0.0000	0.0000	0.0000	0.0000	0.0000	0.0000	0.0000	0.0000	0.0000	0.0000	0.0000	0.0000	0.0000	0.0000	0.0000	0.0000	0.0000	0.0000	0.0000	0.0000	0.0000	0.0000	0.0000	0.0004	0.0002	0.0002	0.0001	0.0000	0.0000	0.0003	0.0001	0.0002	0.5865	0.6867	0.0000	0.4517	0.3881	0.0000	0.0000	0.0000	0.0000	0.0023	0.0021	0.0024	0.0065	0.0082	0.0000	0.0014	0.0000	0.0026		
23	50	0.1999	8	1	1	0	0	0	0	0	0	N	N	N	N	N	N	N	N	N	N	N	N	0.0000	0.0000	0.0000	0.0000	0.0000	0.0000	0.0000	0.0000	0.0000	0.0000	0.0000	0.0000	0.0000	0.0000	0.0000	0.0000	0.2405	0.2714	0.0842	0.1273	0.1401	0.0000	0.1077	0.0000	0.0896	1.0000	0.0000	-0.0000	0.0013	0.0010	0.9984	0.0028	0.0000	0.0000	0.0000	0.0000	0.0000	0.0000	0.0000	0.0000	0.0000	0.0000	0.0000	0.0000	0.0000	0.0000	0.0000	0.0000	0.0000	0.0000	0.0000	0.0000	0.0000	0.0000	0.0000	0.0000	0.0000	0.0000	0.0000	0.0000	0.0000	0.0000	0.0000	0.0000	0.0000	0.0000	0.0000	0.0000	0.0000	0.0000	0.0000	0.0000	0.0000	0.0000	0.0000	0.0000	0.0000	0.0758	0.0689	0.0842	0.1273	0.1401	0.0000	0.0539	0.0000	0.0896			
23	51	0.1613	8	1	2	0	1	0	0	0	0	N	Y	N	N	N	N	N	N	N	N	N	N	0.0000	0.0000	0.0000	0.0000	0.0000	0.0000	0.0000	0.0000	0.0000	0.0000	0.0000	0.0000	0.0000	0.0000	0.0000	0.0000	0.0000	0.0000	0.0009	0.0014	0.0002	0.0089	0.0085	0.0128	0.0000	0.0000	0.0000	0.1273	0.0000	-0.0000	0.0013	7.3891	0.9984	13.2142	0.0000	0.0000	0.0000	0.0000	0.0000	0.0000	0.0000	0.0000	0.0000	0.0000	0.0000	0.0000	0.0000	0.0000	0.0000	0.0000	0.0000	0.0000	0.0002	0.0002	0.0000	0.0001	0.0001	0.0000	0.0001	0.0001	0.0000	0.0360	0.0206	0.0154	0.0038	0.0035	0.0003	0.0323	0.0171	0.0152	0.0000	0.0000	0.0000	0.0000	0.0000	0.0000	0.0000	0.0000	0.0000	0.0009	0.0014	0.0002	0.0089	0.0085	0.0128	0.0000	0.0000	0.0000	
23	52	0.1674	9	1	2	0	0	0	0	0	0	N	Y	N	N	N	N	N	N	N	N	N	N	0.0000	0.0000	0.0000	0.0000	0.0000	0.0000	0.0000	0.0000	0.0000	0.0000	0.0000	0.0000	0.0000	0.0000	0.0000	0.0000	0.0000	0.0000	0.0003	0.0005	0.0000	0.0031	0.0038	0.0001	0.0000	0.0000	0.0000	0.0083	0.0000	-0.0000	0.0013	12.1779	0.9984	13.0455	0.0000	0.0000	0.0000	0.0000	0.0000	0.0000	0.0000	0.0000	0.0000	0.0000	0.0000	0.0000	0.0000	0.0000	0.0000	0.0000	0.0000	0.0000	0.0003	0.0003	0.0000	0.0001	0.0001	0.0000	0.0002	0.0002	0.0000	0.0378	0.0207	0.0170	0.0033	0.0028	0.0006	0.0345	0.0180	0.0165	0.0000	0.0000	0.0000	0.0000	0.0000	0.0000	0.0000	0.0000	0.0000	0.0003	0.0005	0.0000	0.0031	0.0038	0.0001	0.0000	0.0000	0.0000	
23	53	0.2073	9	1	2	0	0	0	0	0	0	N	Y	N	N	N	N	N	N	N	N	N	N	0.0000	0.0000	0.0000	0.0000	0.0000	0.0000	0.0000	0.0000	0.0000	0.0000	0.0000	0.0000	0.0000	0.0000	0.0000	0.0000	0.0000	0.0000	0.0000	0.0000	0.0000	0.0000	inf	0.0000	0.0000	0.0013	3.0001	0.9984	3.0003	0.0000	0.0000	0.0000	0.0000	0.0000	0.0000	0.0000	0.0000	0.0000	0.0000	0.0000	0.0000	0.0000	0.0000	0.0000	0.0000	0.0000	0.0000	0.0001	0.0001	0.0000	0.0000	0.0000	0.0000	0.0000	0.0000	0.0000	0.0100	0.0054	0.0046	0.0017	0.0014	0.0004	0.0083	0.0040	0.0043	0.0000	0.0000	0.0000	0.0000	0.0000	0.0000	0.0000	0.0000	0.0000	0.0000	0.0000	0.0000	0.0000	0.0000	0.0000	0.0000	0.0000	0.0000						
23	54	0.1999	8	1	1	0	0	0	0	0	0	N	N	N	N	N	N	N	N	N	N	N	N	0.0000	0.0000	0.0000	0.0000	0.0000	0.0000	0.0000	0.0000	0.0000	0.0000	0.0000	0.0000	0.0000	0.0000	0.0000	0.0000	0.0001	0.0000	0.0002	0.0000	0.0000	0.0000	0.0001	0.0000	0.0002	57.0440	0.0000	0.0000	0.0013	1.9998	0.9984	1.0017	0.0000	0.0000	0.0000	0.0000	0.0000	0.0000	0.0000	0.0000	0.0000	0.0000	0.0000	0.0000	0.0000	0.0000	0.0000	0.0000	0.0000	0.0000	0.0001	0.0000	0.0000	0.0000	0.0000	0.0000	0.0000	0.0000	0.0000	0.0051	0.0028	0.0024	0.0009	0.0007	0.0002	0.0042	0.0021	0.0022	0.0000	0.0000	0.0000	0.0000	0.0000	0.0000	0.0000	0.0000	0.0000	0.0001	0.0000	0.0002	0.0000	0.0000	0.0000	0.0001	0.0000	0.0002			
23	55	0.1419	7	1	1	0	0	0	0	0	0	N	N	N	N	N	N	N	N	N	N	N	N	0.0000	0.0000	0.0000	0.0000	0.0000	0.0000	0.0000	0.0000	0.0000	0.0000	0.0000	0.0000	0.0000	0.0000	0.0000	0.0000	0.0000	0.0000	0.0587	0.0009	0.0961	0.0045	0.0047	0.0027	0.0774	0.0000	0.0995	75.9284	0.0000	0.0005	0.0013	8.0033	0.9984	9.9473	0.0000	0.0000	0.0000	0.0000	0.0000	0.0000	0.0000	0.0000	0.0000	0.0013	0.0000	0.0013	0.0000	0.0000	0.0000	0.0013	0.0000	0.0013	0.0002	0.0002	0.0000	0.0001	0.0001	0.0000	0.0001	0.0001	0.0000	0.0321	0.0185	0.0136	0.0041	0.0037	0.0005	0.0280	0.0148	0.0132	0.0000	0.0000	0.0000	0.0000	0.0000	0.0000	0.0000	0.0000	0.0000	0.0414	0.0009	0.0961	0.0045	0.0047	0.0027	0.0469	0.0000	0.0995	
23	56	0.2251	13	1	2	0	0	0	0	0	0	N	Y	N	N	N	N	N	N	N	N	N	N	23235.2599	16639.9323	0.0000	16258.9285	14911.4236	0.0000	26094.4473	17834.6431	0.0000	3.1435	3.4453	0.0000	5.9101	6.3348	0.0000	0.1395	0.1567	0.0000	0.0001	0.0002	0.0000	0.0004	0.0004	0.0000	0.0000	0.0000	0.0000	0.0000	0.0038	-0.0002	-0.0000	0.0013	5.0156	0.9984	9.5596	0.0005	0.0005	0.0000	0.0005	0.0005	0.0000	0.0000	0.0000	0.0000	0.0000	0.0000	0.0000	0.0000	0.0000	0.0000	0.0000	0.0000	0.0000	0.0001	0.0001	0.0000	0.0001	0.0001	0.0000	0.0001	0.0001	0.0000	0.0272	0.0177	0.0095	0.0099	0.0084	0.0014	0.0173	0.0093	0.0081	23235.2599	16639.9323	0.0000	16258.9285	14911.4236	0.0000	26094.4473	17834.6431	0.0000	0.0001	0.0002	0.0000	0.0004	0.0004	0.0000	0.0000	0.0000	0.0000
23	57	0.2037	12	1	2	0	0	0	0	0	0	N	Y	N	N	N	N	N	N	N	N	N	N	52.0887	40.4069	102.1255	46.7997	39.5919	107.8980	86.2694	83.9180	12.3308	0.0265	0.0283	0.0095	0.0486	0.0504	0.0249	0.0026	0.0030	0.0003	0.0005	0.0007	0.0001	0.0010	0.0013	0.0002	0.0000	0.0000	0.0000	0.0356	0.0613	-0.0000	-0.0000	0.0013	5.2776	0.9984	4.9316	0.0000	0.0000	0.0000	0.0000	0.0000	0.0000	0.0000	0.0000	0.0000	0.0000	0.0000	0.0000	0.0000	0.0000	0.0000	0.0000	0.0000	0.0000	0.0002	0.0002	0.0000	0.0001	0.0001	0.0000	0.0001	0.0001	0.0000	0.0335	0.0229	0.0106	0.0159	0.0123	0.0036	0.0176	0.0106	0.0070	52.0887	40.4069	102.1255	46.7997	39.5919	107.8980	86.2694	83.9180	12.3308	0.0005	0.0007	0.0001	0.0010	0.0013	0.0002	0.0000	0.0000	0.0000
23	58	0.1757	11	1	1	0	0	0	0	0	0	N	N	N	N	N	N	N	N	N	N	N	N	5.0282	3.1543	70.8789	1.7183	1.5435	9.8252	37.6528	29.4138	42.5704	0.0102	0.0104	0.0080	0.0221	0.0221	0.0226	0.0004	0.0004	0.0003	0.0020	0.0033	0.0001	0.0129	0.0143	0.0023	0.0000	0.0000	0.0000	0.0804	0.0229	-0.0000	-0.0000	0.0013	6.4383	0.9984	5.2340	0.0000	0.0000	0.0000	0.0000	0.0000	0.0000	0.0000	0.0000	0.0000	0.0000	0.0000	0.0000	0.0000	0.0000	0.0000	0.0000	0.0000	0.0000	0.0002	0.0002	0.0000	0.0001	0.0001	0.0000	0.0001	0.0001	0.0000	0.0217	0.0130	0.0087	0.0034	0.0030	0.0004	0.0183	0.0101	0.0083	5.0282	3.1543	70.8789	1.7183	1.5435	9.8252	37.6528	29.4138	42.5704	0.0020	0.0033	0.0001	0.0129	0.0143	0.0023	0.0000	0.0000	0.0000
23	59	0.1674	10	1	1	0	0	0	0	0	0	N	N	N	N	N	N	N	N	N	N	N	N	0.0000	0.0000	0.0000	0.0000	0.0000	0.0000	0.0000	0.0000	0.0000	0.0000	0.0000	0.0000	0.0000	0.0000	0.0000	0.0000	0.0000	0.0000	0.0006	0.0009	0.0002	0.0044	0.0044	0.0041	0.0000	0.0000	0.0000	0.1374	0.0000	-0.0000	0.0013	3.9043	0.9984	0.3762	0.0000	0.0000	0.0000	0.0000	0.0000	0.0000	0.0000	0.0000	0.0000	0.0000	0.0000	0.0000	0.0000	0.0000	0.0000	0.0000	0.0000	0.0000	0.0001	0.0001	0.0000	0.0001	0.0001	0.0000	0.0001	0.0001	0.0000	0.0080	0.0046	0.0034	0.0011	0.0009	0.0001	0.0069	0.0037	0.0032	0.0000	0.0000	0.0000	0.0000	0.0000	0.0000	0.0000	0.0000	0.0000	0.0006	0.0009	0.0002	0.0044	0.0044	0.0041	0.0000	0.0000	0.0000	
23	60	0.1674	9	1	1	0	0	0	0	0	0	N	N	N	N	N	N	N	N	N	N	N	N	0.0000	0.0000	0.0000	0.0000	0.0000	0.0000	0.0000	0.0000	0.0000	0.0000	0.0000	0.0000	0.0000	0.0000	0.0000	0.0000	0.0000	0.0000	0.0003	0.0003	0.0004	0.0016	0.0010	0.0097	0.0000	0.0000	0.0001	0.9212	0.0000	-0.0000	0.0013	1.5036	0.9984	0.1987	0.0000	0.0000	0.0000	0.0000	0.0000	0.0000	0.0000	0.0000	0.0000	0.0000	0.0000	0.0000	0.0000	0.0000	0.0000	0.0000	0.0000	0.0000	0.0001	0.0001	0.0000	0.0000	0.0000	0.0000	0.0000	0.0000	0.0000	0.0039	0.0024	0.0015	0.0008	0.0007	0.0001	0.0031	0.0017	0.0014	0.0000	0.0000	0.0000	0.0000	0.0000	0.0000	0.0000	0.0000	0.0000	0.0003	0.0003	0.0004	0.0016	0.0010	0.0097	0.0000	0.0000	0.0001	
23	61	0.1613	8	1	1	0	0	0	0	0	0	N	N	N	N	N	N	N	N	N	N	N	N	0.0000	0.0000	0.0000	0.0000	0.0000	0.0000	0.0000	0.0000	0.0000	0.0000	0.0000	0.0000	0.0000	0.0000	0.0000	0.0000	0.0000	0.0000	0.0015	0.0020	0.0003	0.0057	0.0056	0.0073	0.0001	0.0000	0.0001	0.0602	0.0000	-0.0000	0.0013	2.7181	0.9984	1.0102	0.0000	0.0000	0.0000	0.0000	0.0000	0.0000	0.0000	0.0000	0.0000	0.0000	0.0000	0.0000	0.0000	0.0000	0.0000	0.0000	0.0000	0.0000	0.0001	0.0001	0.0000	0.0000	0.0000	0.0000	0.0000	0.0000	0.0000	0.0115	0.0079	0.0036	0.0029	0.0029	0.0001	0.0086	0.0051	0.0035	0.0000	0.0000	0.0000	0.0000	0.0000	0.0000	0.0000	0.0000	0.0000	0.0015	0.0020	0.0003	0.0057	0.0056	0.0073	0.0001	0.0000	0.0001	
23	62	0.1419	7	1	1	0	0	0	0	0	0	N	N	N	N	N	N	N	N	N	N	N	N	0.0000	0.0000	0.0000	0.0000	0.0000	0.0000	0.0000	0.0000	0.0000	0.0000	0.0000	0.0000	0.0000	0.0000	0.0000	0.0000	0.0000	0.0000	0.0005	0.0004	0.0006	0.0026	0.0015	0.0160	0.0000	0.0000	0.0000	0.8546	0.0000	-0.0000	0.0013	1.4525	0.9984	6.3634	0.0000	0.0000	0.0000	0.0000	0.0000	0.0000	0.0000	0.0000	0.0000	0.0000	0.0000	0.0000	0.0000	0.0000	0.0000	0.0000	0.0000	0.0000	0.0000	0.0000	0.0000	0.0000	0.0000	0.0000	0.0000	0.0000	0.0000	0.0172	0.0107	0.0065	0.0031	0.0029	0.0002	0.0141	0.0078	0.0062	0.0000	0.0000	0.0000	0.0000	0.0000	0.0000	0.0000	0.0000	0.0000	0.0005	0.0004	0.0006	0.0026	0.0015	0.0160	0.0000	0.0000	0.0000	
23	63	0.0625	4	2	2	0	1	0	0	0	0	Y	Y	N	N	N	N	N	N	N	N	N	N	0.0000	0.0000	0.0000	0.0000	0.0000	0.0000	0.0000	0.0000	0.0000	0.0000	0.0000	0.0000	0.0000	0.0000	0.0000	0.0000	0.0000	0.0000	0.0000	0.0000	0.0000	0.0000	0.0000	0.0000	0.0000	0.2727	0.0000	-0.0000	0.0013	2.0000	0.9984	2.0002	0.0000	0.0000	0.0000	0.0000	0.0000	0.0000	0.0000	0.0000	0.0000	0.0000	0.0000	0.0000	0.0000	0.0000	0.0000	0.0000	0.0000	0.0000	0.0001	0.0001	0.0000	0.0000	0.0000	0.0000	0.0001	0.0000	0.0000	0.0081	0.0041	0.0040	0.0001	0.0001	0.0000	0.0079	0.0040	0.0039	0.0000	0.0000	0.0000	0.0000	0.0000	0.0000	0.0000	0.0000	0.0000	0.0000	0.0000	0.0000	0.0000	0.0000	0.0000	0.0000	0.0000	0.0000			
23	64	0.0782	6	1	2	0	1	0	0	0	0	N	Y	N	N	N	N	N	N	N	N	N	N	0.0000	0.0000	0.0000	0.0000	0.0000	0.0000	0.0000	0.0000	0.0000	0.0000	0.0000	0.0000	0.0000	0.0000	0.0000	0.0000	0.0000	0.0000	0.0000	0.0000	0.0000	0.0000	0.0000	0.0000	0.0000	0.3953	0.0000	-0.0000	0.0013	2.0059	0.9984	4.8036	0.0000	0.0000	0.0000	0.0000	0.0000	0.0000	0.0000	0.0000	0.0000	0.0000	0.0000	0.0000	0.0000	0.0000	0.0000	0.0000	0.0000	0.0000	0.0001	0.0001	0.0000	0.0000	0.0000	0.0000	0.0001	0.0000	0.0000	0.0136	0.0072	0.0064	0.0007	0.0007	0.0000	0.0129	0.0065	0.0064	0.0000	0.0000	0.0000	0.0000	0.0000	0.0000	0.0000	0.0000	0.0000	0.0000	0.0000	0.0000	0.0000	0.0000	0.0000	0.0000	0.0000	0.0000			
23	65	0.0496	2	1	2	0	0	0	0	0	0	N	Y	N	N	N	N	N	N	N	N	N	N	1.2818	0.7815	0.0000	0.1273	0.1266	0.0000	0.0000	0.0004	0.0004	0.0000	0.0012	0.0012	0.0000	0.0000	0.0000	0.0000	0.0003	0.0006	0.0001	0.0096	0.0096	0.0000	0.0000	0.0000	0.0001	0.0000	0.0954	-0.0000	-0.0000	0.0013	0.9804	0.9984	0.2754	0.0000	0.0000	0.0000	0.0000	0.0000	0.0000	0.0000	0.0000	0.0000	0.0000	0.0000	0.0000	0.0000	0.0000	0.0000	0.0000	0.0000	0.0000	0.0000	0.0000	0.0000	0.0000	0.0000	0.0000	0.0000	0.0000	0.0000	0.0027	0.0014	0.0013	0.0001	0.0001	0.0000	0.0026	0.0013	0.0013	1.2818	0.7815	0.0000	0.1273	0.1266	0.0000	0.0000	0.0000	0.0000	0.0003	0.0006	0.0001	0.0096	0.0096	0.0000	0.0000	0.0000	0.0001		
23	66	0.0732	5	1	1	1	1	0	0	0	0	N	N	N	N	N	N	N	N	N	N	N	N	0.0000	0.0000	0.0000	0.0000	0.0000	0.0000	0.0000	0.0000	0.0000	0.0000	0.0000	0.0000	0.0000	0.0000	0.0000	0.0000	0.0000	0.0000	0.0000	0.0002	0.0002	0.0000	0.0000	0.0000	0.0000	0.0116	0.0000	-0.0000	0.0013	0.9437	0.9984	4.8091	0.0000	0.0000	0.0000	0.0000	0.0000	0.0000	0.0000	0.0000	0.0000	0.0000	0.0000	0.0000	0.0000	0.0000	0.0000	0.0000	0.0000	0.0000	0.0000	0.0000	0.0000	0.0000	0.0000	0.0000	0.0000	0.0000	0.0000	0.0120	0.0064	0.0056	0.0007	0.0007	0.0000	0.0113	0.0057	0.0056	0.0000	0.0000	0.0000	0.0000	0.0000	0.0000	0.0000	0.0000	0.0000	0.0000	0.0000	0.0000	0.0002	0.0002	0.0000	0.0000	0.0000	0.0000			
23	67	0.0662	4	1	1	1	1	0	0	0	0	N	N	N	N	N	N	N	N	N	N	N	N	0.0000	0.0000	0.0000	0.0000	0.0000	0.0000	0.0000	0.0000	0.0000	0.0000	0.0000	0.0000	0.0000	0.0006	0.0000	0.0012	0.0000	0.0000	0.0000	0.0006	0.0000	0.0012	inf	0.0000	0.0000	0.0013	4.0088	0.9984	5.0246	0.0000	0.0000	0.0000	0.0000	0.0000	0.0000	0.0000	0.0000	0.0000	0.0000	0.0000	0.0000	0.0000	0.0000	0.0000	0.0000	0.0000	0.0000	0.0002	0.0002	0.0000	0.0001	0.0001	0.0000	0.0001	0.0001	0.0000	0.0180	0.0093	0.0087	0.0005	0.0004	0.0000	0.0175	0.0088	0.0087	0.0000	0.0000	0.0000	0.0000	0.0000	0.0000	0.0000	0.0000	0.0000	0.0006	0.0000	0.0012	0.0000	0.0000	0.0000	0.0006	0.0000	0.0012						
23	68	0.0782	6	1	1	1	1	0	0	0	0	N	N	N	N	N	N	N	N	N	N	N	N	0.0000	0.0000	0.0000	0.0000	0.0000	0.0000	0.0000	0.0000	0.0000	0.0000	0.0000	0.0000	0.0000	0.0000	0.0000	0.0000	0.0000	0.0000	0.0000	0.0000	0.0000	0.0000	0.0000	0.0000	0.0000	0.3953	0.0000	-0.0000	0.0013	1.0064	0.9984	4.2000	0.0000	0.0000	0.0000	0.0000	0.0000	0.0000	0.0000	0.0000	0.0000	0.0000	0.0000	0.0000	0.0000	0.0000	0.0000	0.0000	0.0000	0.0000	0.0000	0.0000	0.0000	0.0000	0.0000	0.0000	0.0000	0.0000	0.0000	0.0106	0.0056	0.0050	0.0006	0.0006	0.0000	0.0100	0.0051	0.0050	0.0000	0.0000	0.0000	0.0000	0.0000	0.0000	0.0000	0.0000	0.0000	0.0000	0.0000	0.0000	0.0000	0.0000	0.0000	0.0000	0.0000	0.0000			
23	69	0.0732	5	1	1	0	1	0	0	0	0	N	N	N	N	N	N	N	N	N	N	N	N	0.0000	0.0000	0.0000	0.0000	0.0000	0.0000	0.0000	0.0000	0.0000	0.0000	0.0000	0.0000	0.0000	0.0000	0.0000	0.0000	0.0000	0.0001	0.0000	0.0003	0.0003	0.0000	0.0000	0.0000	0.0000	0.0847	0.0000	-0.0000	0.0013	1.2889	0.9984	0.3511	0.0000	0.0000	0.0000	0.0000	0.0000	0.0000	0.0000	0.0000	0.0000	0.0000	0.0000	0.0000	0.0000	0.0000	0.0000	0.0000	0.0000	0.0000	0.0001	0.0001	0.0000	0.0000	0.0000	0.0000	0.0000	0.0000	0.0000	0.0039	0.0022	0.0017	0.0004	0.0004	0.0000	0.0035	0.0018	0.0017	0.0000	0.0000	0.0000	0.0000	0.0000	0.0000	0.0000	0.0000	0.0000	0.0000	0.0001	0.0000	0.0003	0.0003	0.0000	0.0000	0.0000	0.0000			
23	70	0.0662	4	1	1	0	1	0	0	0	0	N	N	N	N	N	N	N	N	N	N	N	N	0.0000	0.0000	0.0000	0.0000	0.0000	0.0000	0.0000	0.0000	0.0000	0.0000	0.0000	0.0000	0.0000	0.0000	0.0000	0.0000	0.0022	0.0042	0.0000	0.0380	0.0388	0.0000	0.0000	0.0000	0.0000	0.0004	0.0000	-0.0000	0.0013	0.7777	0.9984	1.1718	0.0000	0.0000	0.0000	0.0000	0.0000	0.0000	0.0000	0.0000	0.0000	0.0000	0.0000	0.0000	0.0000	0.0000	0.0000	0.0000	0.0000	0.0000	0.0000	0.0000	0.0000	0.0000	0.0000	0.0000	0.0000	0.0000	0.0000	0.0043	0.0023	0.0020	0.0003	0.0002	0.0000	0.0041	0.0021	0.0020	0.0000	0.0000	0.0000	0.0000	0.0000	0.0000	0.0000	0.0000	0.0000	0.0022	0.0042	0.0000	0.0380	0.0388	0.0000	0.0000	0.0000	0.0000			
23	71	0.0625	3	1	1	0	1	0	0	0	0	N	N	N	N	N	N	N	N	N	N	N	N	0.0000	0.0000	0.0000	0.0000	0.0000	0.0000	0.0000	0.0000	0.0000	0.0000	0.0000	0.0000	0.0000	0.0000	0.0000	0.0000	0.0001	0.0003	0.0000	0.0075	0.0081	0.0000	0.0000	0.0000	0.0000	0.0264	0.0000	-0.0000	0.0013	0.9929	0.9984	0.0325	0.0000	0.0000	0.0000	0.0000	0.0000	0.0000	0.0000	0.0000	0.0000	0.0000	0.0000	0.0000	0.0000	0.0000	0.0000	0.0000	0.0000	0.0000	0.0000	0.0000	0.0000	0.0000	0.0000	0.0000	0.0000	0.0000	0.0000	0.0021	0.0011	0.0010	0.0000	0.0000	0.0000	0.0021	0.0010	0.0010	0.0000	0.0000	0.0000	0.0000	0.0000	0.0000	0.0000	0.0000	0.0000	0.0001	0.0003	0.0000	0.0075	0.0081	0.0000	0.0000	0.0000	0.0000			
23	72	0.1439	6	2	2	0	0	0	0	0	0	Y	Y	N	N	N	N	N	N	N	N	N	N	0.0000	0.0000	0.0000	0.0000	0.0000	0.0000	0.0000	0.0000	0.0000	0.0000	0.0000	0.0000	0.0000	0.0000	0.0000	0.0000	0.0000	0.0000	0.0000	0.0000	0.0013	0.0000	0.9984	0.0001	0.0000	0.0000	0.0000	0.0000	0.0000	0.0000	0.0000	0.0000	0.0000	0.0000	0.0000	0.0000	0.0000	0.0000	0.0000	0.0000	0.0000	0.0000	0.0000	0.0000	0.0000	0.0000	0.0000	0.0000	0.0000	0.0000	0.0000	0.0000	0.0000	0.0000	0.0000	0.0000	0.0000	0.0000	0.0000	0.0000	0.0000	0.0000	0.0000	0.0000	0.0000	0.0000	0.0000	0.0000	0.0000	0.0000	0.0000	0.0000	0.0000	0.0000	0.0000	0.0000	0.0000	0.0000											
23	73	0.0807	5	2	2	0	0	0	0	0	0	Y	Y	N	N	N	N	N	N	N	N	N	N	35.0564	0.0000	321.7905	7.7412	0.0000	304.2721	0.0000	0.0000	0.0000	0.0000	0.0007	0.0001	0.0000	0.0412	0.0000	0.0000	0.0000	0.0000	0.0000	0.0000	0.0000	0.0000	0.0001	0.0000	0.0000	0.0000	inf	16.2105	0.0000	0.0000	0.0013	9.9619	0.9984	7.0378	0.0000	0.0000	0.0000	0.0000	0.0000	0.0000	0.0000	0.0000	0.0000	0.0000	0.0000	0.0000	0.0000	0.0000	0.0000	0.0000	0.0000	0.0000	0.0004	0.0004	0.0000	0.0001	0.0001	0.0000	0.0003	0.0002	0.0000	0.0314	0.0162	0.0152	0.0006	0.0005	0.0000	0.0308	0.0156	0.0152	35.0564	0.0000	321.7905	7.7412	0.0000	304.2721	0.0000	0.0000	0.0000	0.0000	0.0000	0.0000	0.0000	0.0000	0.0001	0.0000	0.0000	0.0000	
23	74	0.1167	7	1	2	0	0	0	0	0	0	N	Y	N	N	N	N	N	N	N	N	N	N	4.7007	0.0000	51.1823	1.0717	0.0000	7.0861	0.0000	0.0000	0.0000	0.0000	0.0003	0.0000	0.0000	0.0016	0.0000	0.0000	0.0000	0.0000	0.0000	0.0000	0.0000	0.0000	0.0002	0.0000	0.0000	0.0000	inf	2.6709	0.0000	0.0000	0.0013	7.0442	0.9984	2.0273	0.0000	0.0000	0.0000	0.0000	0.0000	0.0000	0.0000	0.0000	0.0000	0.0000	0.0000	0.0000	0.0000	0.0000	0.0000	0.0000	0.0000	0.0000	0.0003	0.0003	0.0000	0.0001	0.0001	0.0000	0.0002	0.0002	0.0000	0.0173	0.0089	0.0084	0.0006	0.0006	0.0000	0.0167	0.0083	0.0084	4.7007	0.0000	51.1823	1.0717	0.0000	7.0861	0.0000	0.0000	0.0000	0.0000	0.0000	0.0000	0.0000	0.0000	0.0002	0.0000	0.0000	0.0000	
23	75	0.0927	6	1	2	0	0	0	0	0	0	N	Y	N	N	N	N	N	N	N	N	N	N	320.7002	4.1465	3583.6781	37.6240	0.5302	122.6597	25.5444	0.0000	158.1632	0.0031	0.0000	0.0479	0.0077	0.0001	0.2150	0.0001	0.0000	0.0013	0.0000	0.0000	0.0000	0.0002	0.0001	0.0018	0.0000	0.0000	0.0000	126.1577	2.0133	0.0000	0.0000	0.0013	4.3369	0.9984	3.0972	0.0000	0.0000	0.0000	0.0000	0.0000	0.0000	0.0000	0.0000	0.0000	0.0000	0.0000	0.0000	0.0000	0.0000	0.0000	0.0000	0.0000	0.0000	0.0002	0.0002	0.0000	0.0001	0.0001	0.0000	0.0001	0.0001	0.0000	0.0144	0.0073	0.0070	0.0004	0.0004	0.0000	0.0140	0.0070	0.0070	320.7002	4.1465	3583.6781	37.6240	0.5302	122.6597	25.5444	0.0000	158.1632	0.0000	0.0000	0.0000	0.0002	0.0001	0.0018	0.0000	0.0000	0.0000
24	25	0.0850	5	1	2	0	1	0	0	0	0	N	Y	N	N	N	N	N	N	N	N	N	N	0.7856	157.1568	0.9173	61.8300	157.8633	0.0000	0.4902	inf	1.0117	2.1665	1.1764	9.4869	7.9571	8.3352	0.0000	1.2995	0.0000	9.9818	2.7577	0.0075	10.3423	0.1287	0.0528	5.1971	2.6511	0.0000	9.8663	1.0907	464.1205	0.3024	0.4088	6.0729	19.6128	6.2374	15.0566	1.9147	0.9158	0.9989	0.9158	0.9158	0.0000	0.9989	0.0000	0.9989	1.0002	0.0022	0.9981	0.0057	0.0022	0.0035	0.9945	0.0000	0.9945	0.8838	0.7785	0.1053	0.1151	0.1099	0.0052	0.7687	0.6686	0.1001	0.4963	0.2873	0.2091	0.0443	0.0407	0.0036	0.4521	0.2466	0.2055	1.0751	157.1568	1.9872	61.8300	157.8633	0.0000	0.5907	inf	2.0626	2.0152	0.0075	4.7741	0.1287	0.0528	0.9968	2.2000	0.0000	4.8395
24	26	0.1279	4	0	1	1	1	0	0	0	0	N	N	N	N	N	N	N	N	N	N	N	N	0.0000	0.0000	0.0000	0.0000	0.0000	0.0000	0.0000	0.0000	0.0000	0.0000	0.0000	0.0000	0.0000	0.0000	0.0000	0.0000	0.0000	0.0000	0.0000	0.0000	6.0729	0.0000	6.2374	0.0000	0.0000	0.0000	0.0000	0.0000	0.0000	0.0000	0.0000	0.0000	0.0000	0.0000	0.0000	0.0000	0.0000	0.0000	0.0000	0.0000	0.0000	0.0000	0.0000	0.0000	0.0000	0.0000	0.0000	0.0000	0.0000	0.0000	0.0000	0.0000	0.0000	0.0000	0.0000	0.0000	0.0000	0.0000	0.0000	0.0000	0.0000	0.0000	0.0000	0.0000	0.0000	0.0000	0.0000	0.0000	0.0000	0.0000	0.0000	0.0000	0.0000	0.0000	0.0000	0.0000	0.0000	0.0000											
24	27	0.0740	3	1	1	1	1	0	0	0	0	N	N	N	N	N	N	N	N	N	N	N	N	0.0369	0.5961	0.0000	0.0013	0.0024	0.0000	0.0378	2556.3297	0.0000	0.0009	0.0011	0.0000	0.0000	0.0000	0.0000	0.0010	0.0012	0.0000	0.0250	0.0018	0.0559	0.0120	0.0068	0.0539	0.0276	0.0000	0.0560	0.0000	23.6901	-0.0001	0.0014	6.0729	6.0046	6.2374	3.2467	0.0003	0.0003	0.0000	0.0000	0.0000	0.0000	0.0002	0.0002	0.0000	0.0038	0.0002	0.0036	0.0003	0.0002	0.0001	0.0035	0.0000	0.0035	0.2710	0.2365	0.0345	0.0316	0.0299	0.0018	0.2394	0.2066	0.0328	0.1512	0.0863	0.0649	0.0251	0.0224	0.0027	0.1261	0.0639	0.0622	0.0369	0.5961	0.0000	0.0013	0.0024	0.0000	0.0378	2556.3297	0.0000	0.0250	0.0018	0.0559	0.0120	0.0068	0.0539	0.0276	0.0000	0.0560
24	28	0.0376	2	1	1	0	1	0	0	0	0	N	N	N	N	N	N	N	N	N	N	N	N	0.4894	1.2886	0.0002	0.0272	0.0337	0.0000	0.5001	3359.9117	0.0002	2.8499	3.2983	0.0049	0.2241	0.2298	0.0000	3.1080	3.6432	0.0050	5.8231	2.5597	24.1852	8.2254	6.8157	0.4534	6.2145	0.0011	21.5511	0.0002	10.6655	-0.3671	0.6932	6.0729	7.0330	6.2374	8.3476	1.0099	1.0097	0.0002	0.0071	0.0071	0.0000	1.0028	1.0025	0.0002	2.1320	0.1828	1.9492	0.1829	0.1826	0.0003	1.9491	0.0001	1.9489	0.3544	0.3061	0.0482	0.0317	0.0309	0.0008	0.3226	0.2752	0.0475	0.4089	0.2299	0.1790	0.0953	0.0942	0.0011	0.3136	0.1357	0.1780	0.5466	4.1485	0.0005	0.1168	0.1185	0.0001	0.5001	3359.9117	0.0005	5.2137	0.7951	10.8869	1.9197	1.9387	0.2723	6.2145	0.0011	10.9516
24	30	0.1689	11	1	1	1	1	0	0	0	0	N	N	N	N	N	N	N	N	N	N	N	N	242.4251	4.0395	824.7774	0.7736	0.0000	541.7765	224.6075	inf	788.4480	0.2959	0.0003	2.4326	0.0001	0.0000	0.0022	0.3488	0.0003	2.6131	0.0012	0.0001	0.0029	0.0002	0.0002	0.0000	0.0016	0.0000	0.0033	1304.8333	30.9057	0.0996	0.0001	6.0729	11.8338	6.2374	5.9707	0.1567	0.0001	0.1566	0.0000	0.0000	0.0000	0.1567	0.0001	0.1566	0.0003	0.0000	0.0003	0.0000	0.0000	0.0000	0.0003	0.0000	0.0003	0.5295	0.4651	0.0644	0.0802	0.0758	0.0045	0.4493	0.3894	0.0599	0.2614	0.1566	0.1048	0.0624	0.0508	0.0116	0.1990	0.1058	0.0932	242.4251	4.0395	824.7774	0.7736	0.0000	541.7765	224.6075	inf	788.4480	0.0012	0.0001	0.0029	0.0002	0.0002	0.0000	0.0016	0.0000	0.0033
24	34	0.1332	5	0	2	0	1	0	0	0	0	N	Y	N	N	N	N	N	N	N	N	N	N	0.0000	0.0000	0.0000	0.0000	0.0000	0.0000	0.0000	0.0000	0.0000	0.0000	0.0000	0.0000	0.0000	0.0000	0.0000	0.0000	0.0002	0.0004	0.0000	0.0012	0.0014	0.0000	0.0000	0.0000	0.0000	0.0001	0.0000	-0.0000	6.0729	0.0019	6.2374	3.0025	0.0000	0.0000	0.0000	0.0000	0.0000	0.0000	0.0000	0.0000	0.0000	0.0000	0.0000	0.0000	0.0000	0.0000	0.0000	0.0000	0.0000	0.0000	0.0003	0.0003	0.0000	0.0001	0.0001	0.0000	0.0002	0.0002	0.0000	0.0458	0.0280	0.0178	0.0083	0.0073	0.0010	0.0375	0.0207	0.0168	0.0000	0.0000	0.0000	0.0000	0.0000	0.0000	0.0000	0.0000	0.0000	0.0002	0.0004	0.0000	0.0012	0.0014	0.0000	0.0000	0.0000	0.0000			
24	35	0.2351	11	1	2	0	1	0	0	0	0	N	Y	N	N	N	N	N	N	N	N	N	N	0.0000	0.0000	0.0000	0.0000	0.0000	0.0000	0.0000	0.0000	0.0000	0.0000	0.0000	0.0000	0.0000	0.0000	0.0000	25.7733	40.9627	0.0000	0.0329	0.0384	0.0000	29.2677	55.0369	0.0000	0.0000	0.0000	-0.5886	6.0729	1.0000	6.2374	1.9999	0.0000	0.0000	0.0000	0.0000	0.0000	0.0000	0.0000	0.0000	0.0000	0.9992	0.9992	0.0000	0.0002	0.0002	0.0000	0.9990	0.9990	0.0000	0.0450	0.0395	0.0055	0.0100	0.0094	0.0006	0.0350	0.0302	0.0048	0.0426	0.0244	0.0182	0.0073	0.0062	0.0011	0.0353	0.0182	0.0171	0.0000	0.0000	0.0000	0.0000	0.0000	0.0000	0.0000	0.0000	0.0000	23.4813	40.9627	0.0000	0.0329	0.0384	0.0000	28.3377	55.0369	0.0000				
24	36	0.1998	11	0	2	1	1	0	0	0	0	N	Y	N	N	N	N	N	N	N	N	N	N	0.0093	0.0065	0.0000	0.0994	0.0861	0.0000	0.0091	0.0056	0.0000	0.0197	0.0224	0.0000	0.0039	0.0041	0.0000	0.0234	0.0271	0.0000	2.1111	3.4466	0.0004	0.0389	0.0478	0.0011	2.5829	4.8573	0.0002	0.0000	0.0001	-0.0011	-0.1269	6.0729	3.0341	6.2374	5.2124	0.0029	0.0029	0.0000	0.0001	0.0001	0.0000	0.0028	0.0028	0.0000	0.2154	0.2154	0.0000	0.0021	0.0021	0.0000	0.2133	0.2133	0.0000	0.1491	0.1310	0.0181	0.0284	0.0267	0.0017	0.1207	0.1043	0.0164	0.1556	0.1036	0.0521	0.0543	0.0440	0.0103	0.1014	0.0596	0.0418	0.0142	0.0108	0.0000	0.0994	0.0861	0.0000	0.0111	0.0076	0.0000	1.3840	2.0796	0.0004	0.0389	0.0478	0.0011	2.1042	3.5792	0.0002
24	37	0.1760	10	0	2	0	1	0	0	0	0	N	Y	N	N	N	N	N	N	N	N	N	N	113.3389	29.2678	0.5124	0.0000	0.0000	0.0000	680.6529	22.9505	0.4919	7.0592	8.0713	0.0006	0.0000	0.0000	0.0000	8.2582	9.5655	0.0006	0.0623	0.2758	0.0011	0.1354	0.1661	0.0001	0.0121	0.4168	0.0012	0.0000	0.0108	-0.3624	-0.0030	6.0729	3.0544	6.2374	4.8962	0.9962	0.9961	0.0000	0.0000	0.0000	0.0000	0.9962	0.9961	0.0000	0.0051	0.0051	0.0001	0.0040	0.0040	0.0000	0.0011	0.0011	0.0001	0.1411	0.1234	0.0177	0.0205	0.0193	0.0012	0.1206	0.1041	0.0165	0.1226	0.0733	0.0494	0.0295	0.0239	0.0055	0.0932	0.0493	0.0438	169.5804	117.0996	0.5124	0.0000	0.0000	0.0000	680.6529	438.5215	0.4919	0.0416	0.0689	0.0011	0.1349	0.1661	0.0001	0.0121	0.0218	0.0012
24	38	0.1332	5	0	1	1	1	0	0	0	0	N	N	N	N	N	N	N	N	N	N	N	N	0.0000	0.0000	0.0000	0.0000	0.0000	0.0000	0.0000	0.0000	0.0000	0.0000	0.0000	0.0000	0.0000	0.0000	0.0000	0.0000	0.0000	0.0000	0.0000	0.0000	0.0000	0.0000	inf	0.0000	0.0000	6.0729	0.9992	6.2374	1.0069	0.0000	0.0000	0.0000	0.0000	0.0000	0.0000	0.0000	0.0000	0.0000	0.0000	0.0000	0.0000	0.0000	0.0000	0.0000	0.0000	0.0000	0.0000	0.0400	0.0348	0.0052	0.0039	0.0038	0.0002	0.0361	0.0310	0.0050	0.0309	0.0190	0.0120	0.0057	0.0050	0.0006	0.0253	0.0140	0.0113	0.0000	0.0000	0.0000	0.0000	0.0000	0.0000	0.0000	0.0000	0.0000	0.0000	0.0000	0.0000	0.0000	0.0000	0.0000	0.0000	0.0000	0.0000						
24	39	0.1279	4	0	1	0	1	0	0	0	0	N	N	N	N	N	N	N	N	N	N	N	N	0.0000	0.0000	0.0000	0.0000	0.0000	0.0000	0.0000	0.0000	0.0000	0.0000	0.0000	0.0000	0.0000	0.0000	0.0000	0.0000	0.0000	0.0000	0.0000	0.0000	0.0000	0.0000	0.0000	0.0000	-0.0000	6.0729	1.0008	6.2374	0.9987	0.0000	0.0000	0.0000	0.0000	0.0000	0.0000	0.0000	0.0000	0.0000	0.0000	0.0000	0.0000	0.0000	0.0000	0.0000	0.0000	0.0000	0.0000	0.0404	0.0351	0.0053	0.0036	0.0034	0.0002	0.0369	0.0317	0.0051	0.0307	0.0186	0.0120	0.0050	0.0044	0.0006	0.0257	0.0143	0.0115	0.0000	0.0000	0.0000	0.0000	0.0000	0.0000	0.0000	0.0000	0.0000	0.0000	0.0000	0.0000	0.0000	0.0000	0.0000	0.0000	0.0000	0.0000						
24	40	0.0500	3	0	1	0	1	0	0	0	0	N	N	N	N	N	N	N	N	N	N	N	N	0.8270	0.0493	1.6784	0.1550	0.2227	0.0011	0.9002	0.0000	1.8244	2.4124	0.0086	18.5145	0.1081	0.1115	0.0104	2.5853	0.0000	18.8520	2.9170	0.1752	11.0309	0.6972	0.5004	9.6399	2.8718	0.0000	10.3330	319.8261	61.5114	0.6321	0.4127	6.0729	9.0374	6.2374	18.5287	0.9984	0.0031	0.9952	0.0031	0.0031	0.0000	0.9952	0.0000	0.9952	1.0451	0.0167	1.0284	0.0198	0.0167	0.0031	1.0253	0.0000	1.0253	0.4138	0.3601	0.0538	0.0289	0.0279	0.0010	0.3850	0.3322	0.0528	0.4749	0.2718	0.2032	0.0550	0.0531	0.0019	0.4199	0.2187	0.2013	1.0963	0.1405	3.6575	0.3001	0.3540	0.0064	1.0589	0.0000	3.7004	2.2006	0.0615	5.0620	0.3602	0.3149	1.6236	2.4416	0.0000	5.0945
24	42	0.1106	8	0	1	0	1	0	0	0	0	N	N	N	N	N	N	N	N	N	N	N	N	0.0000	0.0000	0.0000	0.0000	0.0000	0.0000	0.0000	0.0000	0.0000	0.0000	0.0000	0.0000	0.0000	0.0000	0.0000	0.0000	0.0000	0.0001	0.0002	0.0000	0.0007	0.0008	0.0001	0.0000	0.0000	0.0000	0.0327	0.0000	-0.0000	6.0729	17.0025	6.2374	6.0864	0.0000	0.0000	0.0000	0.0000	0.0000	0.0000	0.0000	0.0000	0.0000	0.0000	0.0000	0.0000	0.0000	0.0000	0.0000	0.0000	0.0000	0.0000	0.7528	0.6605	0.0923	0.0991	0.0942	0.0049	0.6537	0.5663	0.0874	0.3565	0.2122	0.1443	0.0623	0.0528	0.0095	0.2941	0.1594	0.1348	0.0000	0.0000	0.0000	0.0000	0.0000	0.0000	0.0000	0.0000	0.0000	0.0001	0.0002	0.0000	0.0007	0.0008	0.0001	0.0000	0.0000	0.0000		
24	44	0.1106	8	0	2	0	1	0	0	0	0	N	Y	N	N	N	N	N	N	N	N	N	N	0.2327	0.3878	0.0000	0.0000	0.0000	0.0000	0.2680	0.4654	0.0000	2.9667	3.3862	0.0000	0.0000	0.0000	0.0000	3.4576	4.0065	0.0000	12.7466	8.7324	38.2556	0.0765	0.0671	0.1306	12.9029	8.6084	39.5052	0.0000	2.1966	-0.3638	0.3130	6.0729	6.9958	6.2374	11.8523	1.0000	1.0000	0.0000	0.0000	0.0000	0.0000	1.0000	1.0000	0.0000	3.1922	0.9986	2.1936	0.0041	0.0031	0.0010	3.1881	0.9955	2.1926	0.3371	0.2953	0.0418	0.0479	0.0457	0.0021	0.2892	0.2496	0.0396	0.3012	0.1804	0.1208	0.0541	0.0462	0.0080	0.2471	0.1343	0.1128	0.2799	0.6118	0.0000	0.0000	0.0000	0.0000	0.2680	0.5404	0.0000	10.5985	5.5347	18.1641	0.0765	0.0671	0.1306	12.9029	7.4139	19.4370
24	45	0.1490	9	0	2	0	1	0	0	0	0	N	Y	N	N	N	N	N	N	N	N	N	N	0.4893	92.7219	0.0000	0.0340	0.0307	0.0000	0.5562	260496.8643	0.0000	1.3326	1.5167	0.0000	0.0018	0.0019	0.0000	1.5570	1.7951	0.0000	2.7234	0.0164	10.1992	0.0541	0.0632	0.0000	2.7995	0.0000	10.0378	0.0000	205.6550	-0.4208	0.4080	6.0729	20.1318	6.2374	17.5118	1.1568	1.1568	0.0000	0.0002	0.0002	0.0000	1.1565	1.1565	0.0000	1.0048	0.0049	1.0000	0.0049	0.0049	0.0000	1.0000	0.0000	1.0000	0.8681	0.7627	0.1054	0.1253	0.1184	0.0068	0.7428	0.6443	0.0985	0.5093	0.2973	0.2121	0.0899	0.0769	0.0130	0.4194	0.2204	0.1991	0.6755	92.7219	0.0000	0.0340	0.0307	0.0000	0.6531	260496.8643	0.0000	1.9728	0.0164	4.7150	0.0541	0.0632	0.0000	2.3841	0.0000	5.0232
24	46	0.1048	5	0	2	0	1	0	0	0	0	N	Y	N	N	N	N	N	N	N	N	N	N	0.0000	0.0000	0.0000	0.0000	0.0000	0.0000	0.0000	0.0000	0.0000	0.0000	0.0000	0.0000	0.0000	0.0000	0.0000	0.0000	0.0000	0.0011	0.0000	0.0030	0.0002	0.0001	0.0012	0.0014	0.0000	0.0031	41.2388	0.0000	0.0002	6.0729	15.0410	6.2374	10.9147	0.0000	0.0000	0.0000	0.0000	0.0000	0.0000	0.0000	0.0000	0.0000	0.0005	0.0000	0.0005	0.0000	0.0000	0.0000	0.0005	0.0000	0.0005	0.7239	0.6354	0.0885	0.1326	0.1254	0.0072	0.5913	0.5100	0.0813	0.4871	0.3153	0.1718	0.1252	0.1126	0.0126	0.3619	0.2027	0.1592	0.0000	0.0000	0.0000	0.0000	0.0000	0.0000	0.0000	0.0000	0.0000	0.0011	0.0000	0.0030	0.0002	0.0001	0.0012	0.0014	0.0000	0.0031		
24	47	0.1740	12	1	1	1	1	0	0	0	0	N	N	N	N	N	N	N	N	N	N	N	N	0.0001	0.0000	0.0000	0.0000	0.0000	0.0000	0.0000	0.0000	0.0003	0.0004	0.0000	0.0022	0.0023	0.0000	0.0000	0.0000	0.0000	4.2368	8.9844	0.0000	57.7060	60.1575	0.0000	0.0000	0.0000	0.0000	0.0000	0.0000	-0.0001	-0.5860	6.0729	12.7633	6.2374	6.3722	0.0002	0.0002	0.0000	0.0002	0.0002	0.0000	0.0000	0.0000	0.0000	0.9947	0.9947	0.0000	0.9947	0.9947	0.0000	0.0000	0.0000	0.0000	0.5725	0.5034	0.0691	0.0885	0.0837	0.0048	0.4839	0.4197	0.0643	0.2809	0.1689	0.1120	0.0680	0.0556	0.0124	0.2129	0.1133	0.0996	0.0001	0.0001	0.0000	0.0002	0.0001	0.0000	0.0000	0.0000	0.0000	3.5414	5.8892	0.0000	14.6328	17.8908	0.0000	0.0000	0.0000	0.0000	
24	48	0.1689	11	0	1	0	1	0	0	0	0	N	N	N	N	N	N	N	N	N	N	N	N	0.0058	0.0016	0.0000	0.0048	0.0041	0.0000	0.0462	inf	0.0000	0.0009	0.0009	0.0000	0.0017	0.0017	0.0000	0.0005	0.0006	0.0000	0.1468	0.5741	0.0206	0.3532	0.4239	0.0000	0.0110	0.0000	0.0232	0.0000	0.1512	-0.0000	-0.0011	6.0729	0.3513	6.2374	1.9759	0.0000	0.0000	0.0000	0.0000	0.0000	0.0000	0.0000	0.0000	0.0000	0.0024	0.0020	0.0003	0.0020	0.0020	0.0000	0.0003	0.0000	0.0003	0.0278	0.0254	0.0023	0.0080	0.0079	0.0001	0.0197	0.0175	0.0022	0.0373	0.0223	0.0150	0.0091	0.0075	0.0017	0.0282	0.0149	0.0133	0.0135	0.0102	0.0000	0.0076	0.0063	0.0000	0.0462	inf	0.0000	0.0630	0.0914	0.0206	0.2235	0.2742	0.0000	0.0110	0.0000	0.0232
24	49	0.1686	10	0	1	0	1	0	0	0	0	N	N	N	N	N	N	N	N	N	N	N	N	0.0000	0.0000	0.0000	0.0000	0.0000	0.0000	0.0000	0.0000	0.0000	0.0000	0.0000	0.0000	0.0000	0.0000	0.0000	0.0000	0.0000	1.1962	1.0149	0.3697	0.9423	1.0052	0.0003	0.7885	0.0000	0.3347	0.9677	0.0000	-0.0001	6.0729	0.1669	6.2374	0.0350	0.0000	0.0000	0.0000	0.0000	0.0000	0.0000	0.0000	0.0000	0.0000	0.0006	0.0003	0.0003	0.0003	0.0003	0.0000	0.0003	0.0000	0.0003	0.0078	0.0068	0.0010	0.0011	0.0011	0.0001	0.0067	0.0058	0.0009	0.0033	0.0020	0.0013	0.0008	0.0007	0.0001	0.0025	0.0013	0.0012	0.0000	0.0000	0.0000	0.0000	0.0000	0.0000	0.0000	0.0000	0.0000	0.1852	0.1578	0.2259	0.3833	0.4703	0.0003	0.1207	0.0000	0.2545		
24	50	0.1686	9	0	1	0	1	0	0	0	0	N	N	N	N	N	N	N	N	N	N	N	N	0.0000	0.0000	0.0000	0.0000	0.0000	0.0000	0.0000	0.0000	0.0000	0.0000	0.0000	0.0000	0.0000	0.0000	0.0000	0.0000	0.0000	6.4567	6.9902	16.4850	37.7294	35.0526	0.0153	4.4151	0.0000	16.3075	1.0000	0.0000	-0.0001	6.0729	0.0010	6.2374	0.0028	0.0000	0.0000	0.0000	0.0000	0.0000	0.0000	0.0000	0.0000	0.0000	0.0006	0.0003	0.0003	0.0003	0.0003	0.0000	0.0003	0.0000	0.0003	0.0001	0.0001	0.0000	0.0000	0.0000	0.0000	0.0001	0.0000	0.0000	0.0001	0.0001	0.0000	0.0000	0.0000	0.0000	0.0001	0.0000	0.0000	0.0000	0.0000	0.0000	0.0000	0.0000	0.0000	0.0000	0.0000	0.0000	5.7088	4.7666	7.1154	8.0738	8.8191	0.0153	4.4151	0.0000	7.6879		
24	51	0.0912	7	0	2	0	2	0	0	0	0	N	Y	N	Y	N	N	N	N	N	N	N	N	0.0039	0.0720	0.0000	0.0371	0.1010	0.0000	0.0000	0.0000	0.0000	0.0000	0.0000	0.0000	0.0002	0.0002	0.0000	0.0000	0.0000	0.0000	0.0071	0.0004	0.0169	0.0054	0.0021	0.0405	0.0074	0.0000	0.0161	0.0000	26.0816	-0.0000	0.0009	6.0729	7.3891	6.2374	13.2142	0.0000	0.0000	0.0000	0.0000	0.0000	0.0000	0.0000	0.0000	0.0000	0.0024	0.0001	0.0023	0.0003	0.0001	0.0002	0.0022	0.0000	0.0022	0.3564	0.3121	0.0443	0.0498	0.0476	0.0021	0.3067	0.2645	0.0422	0.3420	0.2027	0.1393	0.0475	0.0434	0.0041	0.2945	0.1593	0.1352	0.0039	0.0720	0.0000	0.0371	0.1010	0.0000	0.0000	0.0000	0.0000	0.0071	0.0004	0.0169	0.0054	0.0021	0.0405	0.0074	0.0000	0.0161
24	52	0.0850	6	0	2	0	1	0	0	0	0	N	Y	N	N	N	N	N	N	N	N	N	N	0.5011	0.2903	1.3826	0.0021	0.0020	0.0000	0.6259	0.3193	1.8141	1.7037	1.9325	0.0001	0.0002	0.0002	0.0000	1.9875	2.2874	0.0001	3.3998	6.6568	0.0001	0.1111	0.1205	0.0012	3.1753	7.1638	0.0001	0.0000	0.0000	-0.3638	-0.5881	6.0729	12.1779	6.2374	13.0455	1.0000	1.0000	0.0000	0.0000	0.0000	0.0000	1.0000	1.0000	0.0000	0.9983	0.9983	0.0000	0.0038	0.0038	0.0000	0.9945	0.9945	0.0000	0.5870	0.5175	0.0695	0.0838	0.0803	0.0035	0.5031	0.4372	0.0660	0.3785	0.2191	0.1594	0.0345	0.0318	0.0027	0.3441	0.1873	0.1567	0.6459	0.4241	1.3826	0.0021	0.0020	0.0000	0.6876	0.4309	1.8141	2.6375	4.5566	0.0001	0.1111	0.1205	0.0012	2.8905	5.3087	0.0001
24	53	0.1760	10	0	2	0	1	0	0	0	0	N	Y	N	N	N	N	N	N	N	N	N	N	0.0000	0.0000	0.0000	0.0000	0.0000	0.0000	0.0000	0.0000	0.0000	0.0000	0.0000	0.0000	0.0000	0.0000	0.0000	0.0000	0.0000	0.0000	13.2789	20.8298	0.0000	0.0107	0.0131	0.0003	14.9903	26.5882	0.0000	0.0000	0.0000	-0.5886	6.0729	3.0001	6.2374	3.0003	0.0000	0.0000	0.0000	0.0000	0.0000	0.0000	0.0000	0.0000	0.0000	0.9992	0.9992	0.0000	0.0002	0.0002	0.0000	0.9990	0.9990	0.0000	0.1386	0.1213	0.0174	0.0201	0.0189	0.0012	0.1185	0.1023	0.0162	0.0935	0.0558	0.0377	0.0225	0.0183	0.0042	0.0710	0.0376	0.0334	0.0000	0.0000	0.0000	0.0000	0.0000	0.0000	0.0000	0.0000	0.0000	10.6875	17.8934	0.0000	0.0107	0.0131	0.0003	14.0740	26.5882	0.0000	
24	54	0.1686	9	0	1	0	1	0	0	0	0	N	N	N	N	N	N	N	N	N	N	N	N	0.0000	0.0000	0.0000	0.0000	0.0000	0.0000	0.0000	0.0000	0.0000	0.0000	0.0000	0.0000	0.0000	0.0000	0.0000	0.0000	0.0000	0.0063	0.0000	0.0156	0.0001	0.0001	0.0000	0.0083	0.0000	0.0176	267.2822	0.0000	0.0001	6.0729	1.9998	6.2374	1.0017	0.0000	0.0000	0.0000	0.0000	0.0000	0.0000	0.0000	0.0000	0.0000	0.0003	0.0000	0.0003	0.0000	0.0000	0.0000	0.0003	0.0000	0.0003	0.0926	0.0810	0.0117	0.0132	0.0124	0.0008	0.0795	0.0686	0.0109	0.0475	0.0283	0.0191	0.0115	0.0093	0.0022	0.0360	0.0190	0.0170	0.0000	0.0000	0.0000	0.0000	0.0000	0.0000	0.0000	0.0000	0.0000	0.0063	0.0000	0.0156	0.0001	0.0001	0.0000	0.0083	0.0000	0.0176		
24	55	0.1106	8	0	1	0	1	0	0	0	0	N	N	N	N	N	N	N	N	N	N	N	N	0.6308	3973.5187	0.0000	0.0000	0.0000	0.7228	54849821.4299	0.0000	2.6246	2.9957	0.0000	0.0000	0.0000	0.0000	3.0508	3.5334	0.0000	4.1609	0.0008	18.5205	0.0025	0.0029	0.0000	4.2208	0.0000	18.9009	0.0000	7616.4992	-0.3638	0.4094	6.0729	8.0033	6.2374	9.9473	1.0000	1.0000	0.0000	0.0000	0.0000	0.0000	1.0000	1.0000	0.0000	0.9966	0.0001	0.9965	0.0001	0.0001	0.0000	0.9965	0.0000	0.9965	0.3810	0.3338	0.0472	0.0532	0.0508	0.0024	0.3278	0.2830	0.0448	0.2892	0.1735	0.1157	0.0523	0.0447	0.0076	0.2369	0.1288	0.1080	0.7616	3973.5187	0.0000	0.0000	0.0000	0.0000	0.7252	54849821.4299	0.0000	3.4462	0.0008	8.6158	0.0025	0.0029	0.0000	4.2069	0.0000	9.2242	
24	56	0.1262	6	0	2	0	1	0	0	0	0	N	Y	N	N	N	N	N	N	N	N	N	N	65.8073	3546.3968	0.0053	0.0103	0.0953	0.0000	62.0503	3404969.4782	0.0062	4.2145	4.8014	0.0006	0.0003	0.0003	0.0000	4.9983	5.7860	0.0007	0.0640	0.0014	0.1201	0.0302	0.0034	0.2197	0.0806	0.0000	0.1088	0.0000	47.4046	-0.3625	0.0045	6.0729	5.0156	6.2374	9.5596	0.9965	0.9964	0.0000	0.0000	0.0000	0.0000	0.9964	0.9964	0.0000	0.0115	0.0002	0.0113	0.0024	0.0002	0.0022	0.0091	0.0000	0.0091	0.2364	0.2075	0.0289	0.0371	0.0353	0.0018	0.1994	0.1722	0.0271	0.2691	0.1754	0.0937	0.0792	0.0692	0.0101	0.1899	0.1062	0.0836	98.6817	3546.3968	0.0053	0.0103	0.0953	0.0000	104.3043	3404969.4782	0.0062	0.0427	0.0014	0.1201	0.0302	0.0034	0.2140	0.0479	0.0000	0.1088
24	57	0.1048	5	0	2	0	1	0	0	0	0	N	Y	N	N	N	N	N	N	N	N	N	N	0.0075	0.1873	0.0037	0.0054	0.0360	0.0001	0.0081	0.4316	0.0041	0.0165	0.0134	0.0381	0.0035	0.0029	0.0141	0.0209	0.0174	0.0412	2.1916	0.0717	10.3998	0.6480	0.0796	176.1413	2.5948	0.0404	10.0288	0.4003	52.2393	-0.0004	0.1741	6.0729	5.2776	6.2374	4.9316	0.0053	0.0038	0.0015	0.0003	0.0002	0.0001	0.0050	0.0035	0.0014	0.4439	0.0083	0.4356	0.0331	0.0074	0.0257	0.4108	0.0009	0.4099	0.3186	0.2792	0.0395	0.0811	0.0766	0.0045	0.2375	0.2026	0.0349	0.2928	0.2027	0.0900	0.1002	0.0928	0.0074	0.1926	0.1099	0.0827	0.0109	0.3266	0.0079	0.0106	0.0360	0.0041	0.0098	2.0261	0.0083	1.5164	0.0411	4.8376	0.3303	0.0796	3.4928	2.1335	0.0086	4.9573
24	58	0.0768	4	0	1	0	1	0	0	0	0	N	N	N	N	N	N	N	N	N	N	N	N	0.0065	0.0035	0.0090	0.0703	0.0861	0.0788	0.0056	0.0002	0.0101	0.0222	0.0065	0.1285	0.0490	0.0511	0.0108	0.0190	0.0005	0.1341	3.4253	1.8382	14.1995	0.6961	0.5940	0.1369	3.4113	2.3117	13.3047	2.9386	14.6009	0.0026	0.1978	6.0729	6.4383	6.2374	5.2340	0.0067	0.0017	0.0050	0.0016	0.0016	0.0000	0.0051	0.0001	0.0050	0.5703	0.0366	0.5337	0.0106	0.0104	0.0002	0.5596	0.0262	0.5335	0.3034	0.2642	0.0392	0.0328	0.0311	0.0018	0.2705	0.2331	0.0374	0.2136	0.1302	0.0835	0.0296	0.0278	0.0018	0.1841	0.1024	0.0817	0.0083	0.0231	0.0201	0.1359	0.1365	0.0788	0.0062	0.0021	0.0205	2.6694	0.2809	6.3932	0.3601	0.3747	0.1369	3.0404	0.2554	6.5322
24	63	0.1900	11	1	2	0	2	0	0	0	0	N	Y	N	Y	N	N	N	N	N	N	N	N	0.0000	0.0000	0.0000	0.0000	0.0000	0.0000	0.0000	0.0000	0.0000	0.0000	0.0000	0.0000	0.0000	0.0000	0.0000	0.0000	0.0000	0.0000	-0.0000	0.0000	6.0729	2.0000	6.2374	2.0002	0.0000	0.0000	0.0000	0.0000	0.0000	0.0000	0.0000	0.0000	0.0000	0.0000	0.0000	0.0000	0.0000	0.0000	0.0000	0.0000	0.0000	0.0000	0.0925	0.0812	0.0113	0.0178	0.0167	0.0011	0.0748	0.0645	0.0102	0.0606	0.0351	0.0255	0.0080	0.0070	0.0010	0.0526	0.0281	0.0245	0.0000	0.0000	0.0000	0.0000	0.0000	0.0000	0.0000	0.0000	0.0000	0.0000	0.0000	0.0000	0.0000	0.0000	0.0000	0.0000	0.0000	0.0000											
24	64	0.2056	15	0	2	0	2	0	0	0	0	N	Y	N	Y	N	N	N	N	N	N	N	N	0.0000	0.0000	0.0000	0.0000	0.0000	0.0000	0.0000	0.0000	0.0000	0.0000	0.0000	0.0000	0.0000	0.0000	0.0000	0.0000	0.0000	0.0014	0.0023	0.0000	0.0084	0.0094	0.0001	0.0000	0.0000	0.0000	0.0011	0.0000	-0.0001	6.0729	2.0059	6.2374	4.8036	0.0000	0.0000	0.0000	0.0000	0.0000	0.0000	0.0000	0.0000	0.0000	0.0001	0.0001	0.0000	0.0001	0.0001	0.0000	0.0000	0.0000	0.0000	0.0936	0.0822	0.0114	0.0194	0.0182	0.0012	0.0742	0.0640	0.0102	0.1028	0.0612	0.0417	0.0167	0.0149	0.0017	0.0861	0.0462	0.0399	0.0000	0.0000	0.0000	0.0000	0.0000	0.0000	0.0000	0.0000	0.0000	0.0014	0.0023	0.0000	0.0084	0.0094	0.0001	0.0000	0.0000	0.0000		
24	65	0.2028	13	0	2	0	1	0	0	0	0	N	Y	N	N	N	N	N	N	N	N	N	N	0.0000	0.0000	0.0000	0.0000	0.0000	0.0000	0.0613	0.2948	0.0000	0.0000	0.0000	0.0000	0.0000	0.0000	0.0000	0.0000	0.0000	0.0000	0.0274	0.0998	0.0000	0.1553	0.1657	0.0007	0.0000	0.0000	0.0000	0.0000	0.0006	-0.0000	-0.0004	6.0729	0.9804	6.2374	0.2754	0.0000	0.0000	0.0000	0.0000	0.0000	0.0000	0.0000	0.0000	0.0000	0.0006	0.0006	0.0000	0.0006	0.0006	0.0000	0.0000	0.0000	0.0000	0.0482	0.0425	0.0057	0.0101	0.0096	0.0005	0.0381	0.0329	0.0052	0.0218	0.0127	0.0091	0.0040	0.0036	0.0004	0.0178	0.0090	0.0088	0.0000	0.0000	0.0000	0.0000	0.0000	0.0000	0.0613	0.2948	0.0000	0.0274	0.0472	0.0000	0.1504	0.1657	0.0007	0.0000	0.0000	0.0000
24	66	0.2007	14	0	1	1	2	0	0	0	0	N	N	N	Y	N	N	N	N	N	N	N	N	0.0000	0.0000	0.0000	0.0000	0.0000	0.0000	0.0000	0.0000	0.0000	0.0000	0.0000	0.0000	0.0000	0.0000	0.0000	0.0000	0.0000	0.0000	0.0000	0.0000	0.0000	0.0000	0.0000	0.0000	inf	0.0000	0.0000	6.0729	0.9437	6.2374	4.8091	0.0000	0.0000	0.0000	0.0000	0.0000	0.0000	0.0000	0.0000	0.0000	0.0000	0.0000	0.0000	0.0000	0.0000	0.0000	0.0000	0.0000	0.0000	0.0606	0.0531	0.0076	0.0186	0.0175	0.0010	0.0421	0.0355	0.0066	0.0898	0.0536	0.0362	0.0148	0.0133	0.0015	0.0750	0.0403	0.0347	0.0000	0.0000	0.0000	0.0000	0.0000	0.0000	0.0000	0.0000	0.0000	0.0000	0.0000	0.0000	0.0000	0.0000	0.0000	0.0000	0.0000	0.0000				
24	67	0.1936	13	0	1	1	2	0	0	0	0	N	N	N	Y	N	N	N	N	N	N	N	N	0.0000	0.0000	0.0000	0.0000	0.0000	0.0000	0.0000	0.0000	0.0000	0.0000	0.0000	0.0000	0.0000	0.0000	0.0000	0.0000	0.0000	0.0004	0.0006	0.0000	0.0027	0.0030	0.0000	0.0000	0.0000	0.0000	0.0010	0.0000	-0.0000	6.0729	4.0088	6.2374	5.0246	0.0000	0.0000	0.0000	0.0000	0.0000	0.0000	0.0000	0.0000	0.0000	0.0001	0.0000	0.0000	0.0001	0.0000	0.0000	0.0000	0.0000	0.0000	0.1837	0.1613	0.0224	0.0356	0.0334	0.0022	0.1482	0.1279	0.0202	0.1356	0.0791	0.0565	0.0187	0.0165	0.0022	0.1169	0.0626	0.0543	0.0000	0.0000	0.0000	0.0000	0.0000	0.0000	0.0000	0.0000	0.0000	0.0004	0.0006	0.0000	0.0027	0.0030	0.0000	0.0000	0.0000	0.0000		
24	68	0.2056	15	0	1	1	2	0	0	0	0	N	N	N	Y	N	N	N	N	N	N	N	N	0.0000	0.0000	0.0000	0.0000	0.0000	0.0000	0.0000	0.0000	0.0000	0.0000	0.0000	0.0000	0.0000	0.0000	0.0000	0.0000	0.0000	0.0000	0.0000	0.0000	0.0000	0.0002	0.0002	0.0001	0.0000	0.0000	0.0000	0.1723	0.0000	-0.0000	6.0729	1.0064	6.2374	4.2000	0.0000	0.0000	0.0000	0.0000	0.0000	0.0000	0.0000	0.0000	0.0000	0.0000	0.0000	0.0000	0.0000	0.0000	0.0000	0.0000	0.0000	0.0000	0.0475	0.0417	0.0058	0.0099	0.0093	0.0006	0.0376	0.0324	0.0052	0.0801	0.0478	0.0323	0.0133	0.0119	0.0014	0.0668	0.0359	0.0309	0.0000	0.0000	0.0000	0.0000	0.0000	0.0000	0.0000	0.0000	0.0000	0.0000	0.0000	0.0000	0.0002	0.0002	0.0001	0.0000	0.0000	0.0000	
24	69	0.2007	14	0	1	0	2	0	0	0	0	N	N	N	Y	N	N	N	N	N	N	N	N	0.0000	0.0000	0.0000	0.0000	0.0000	0.0000	0.0000	0.0000	0.0000	0.0000	0.0000	0.0000	0.0000	0.0000	0.0000	0.0000	0.0000	0.0000	0.0001	0.0001	0.0000	0.0001	0.0001	0.0001	0.0001	0.0002	0.0000	0.0210	0.0000	-0.0000	6.0729	1.2889	6.2374	0.3511	0.0000	0.0000	0.0000	0.0000	0.0000	0.0000	0.0000	0.0000	0.0000	0.0000	0.0000	0.0000	0.0000	0.0000	0.0000	0.0000	0.0000	0.0000	0.0766	0.0670	0.0095	0.0217	0.0205	0.0012	0.0549	0.0466	0.0083	0.0292	0.0180	0.0112	0.0058	0.0054	0.0004	0.0234	0.0126	0.0107	0.0000	0.0000	0.0000	0.0000	0.0000	0.0000	0.0000	0.0000	0.0000	0.0001	0.0001	0.0000	0.0001	0.0001	0.0001	0.0001	0.0002	0.0000	
24	70	0.1936	13	0	1	0	2	0	0	0	0	N	N	N	Y	N	N	N	N	N	N	N	N	0.0000	0.0000	0.0000	0.0000	0.0000	0.0000	0.0000	0.0000	0.0000	0.0000	0.0000	0.0000	0.0000	0.0000	0.0000	0.0000	0.0000	0.0000	0.0000	0.0000	0.0000	0.0000	0.0001	0.0000	0.0000	0.0000	1.4326	0.0000	-0.0000	6.0729	0.7777	6.2374	1.1718	0.0000	0.0000	0.0000	0.0000	0.0000	0.0000	0.0000	0.0000	0.0000	0.0000	0.0000	0.0000	0.0000	0.0000	0.0000	0.0000	0.0000	0.0000	0.0366	0.0321	0.0045	0.0073	0.0068	0.0005	0.0293	0.0253	0.0040	0.0323	0.0191	0.0131	0.0052	0.0047	0.0005	0.0271	0.0145	0.0126	0.0000	0.0000	0.0000	0.0000	0.0000	0.0000	0.0000	0.0000	0.0000	0.0000	0.0000	0.0000	0.0000	0.0000	0.0001	0.0000	0.0000	0.0000		
24	71	0.1900	12	0	1	0	2	0	0	0	0	N	N	N	Y	N	N	N	N	N	N	N	N	0.0000	0.0000	0.0000	0.0000	0.0000	0.0000	0.0000	0.0000	0.0000	0.0000	0.0000	0.0000	0.0000	0.0000	0.0000	0.0000	0.0000	0.0000	0.0000	0.0000	0.0000	0.0000	0.0052	-0.0000	-0.0000	6.0729	0.9929	6.2374	0.0325	0.0000	0.0000	0.0000	0.0000	0.0000	0.0000	0.0000	0.0000	0.0000	0.0000	0.0000	0.0000	0.0000	0.0000	0.0000	0.0000	0.0000	0.0000	0.0462	0.0405	0.0057	0.0089	0.0083	0.0006	0.0373	0.0322	0.0051	0.0158	0.0092	0.0066	0.0021	0.0018	0.0003	0.0137	0.0073	0.0064	0.0000	0.0000	0.0000	0.0000	0.0000	0.0000	0.0000	0.0000	0.0000	0.0000	0.0000	0.0000	0.0000	0.0000	0.0000	0.0000	0.0000	0.0000						
24	72	0.2351	11	1	2	0	1	0	0	0	0	N	Y	N	N	N	N	N	N	N	N	N	N	inf	inf	inf	inf	3.2748	3.6663	0.0000	7.8288	7.9268	0.0000	0.0000	0.0000	0.0000	0.0000	0.0000	0.0000	0.0000	0.0000	0.0000	0.0000	0.0000	0.0000	0.0000	-0.0000	0.0000	6.0729	0.0000	6.2374	0.0001	0.0000	0.0000	0.0000	0.0000	0.0000	0.0000	0.0000	0.0000	0.0000	0.0000	0.0000	0.0000	0.0000	0.0000	0.0000	0.0000	0.0000	0.0000	0.0000	0.0000	0.0000	0.0000	0.0000	0.0000	0.0000	0.0000	0.0000	0.0000	0.0000	0.0000	0.0000	0.0000	0.0000	0.0000	0.0000	0.0000	inf	inf	0.0000	inf	inf	0.0000	0.0000	0.0000	0.0000	0.0000	0.0000	0.0000	0.0000	0.0000	0.0000	0.0000	0.0000	0.0000						
24	73	0.1718	10	1	2	0	1	0	0	0	0	N	Y	N	N	N	N	N	N	N	N	N	N	25663.0054	17981.4511	0.0122	22049.6812	21004.0955	0.0000	1.0986	2.7976	0.1256	2.2132	2.5188	0.0000	12.3389	13.1331	0.0000	0.0000	0.0000	0.0000	0.0001	0.0001	0.0000	0.0006	0.0006	0.0002	0.0000	0.0000	0.0000	0.0000	0.0525	-0.3620	-0.0000	6.0729	9.9619	6.2374	7.0378	0.9950	0.9950	0.0000	0.9950	0.9950	0.0000	0.0000	0.0000	0.0000	0.0000	0.0000	0.0000	0.0000	0.0000	0.0000	0.0000	0.0000	0.0000	0.4496	0.3950	0.0545	0.0806	0.0758	0.0049	0.3689	0.3193	0.0497	0.2475	0.1448	0.1027	0.0379	0.0324	0.0055	0.2096	0.1124	0.0972	25663.0054	17981.4511	0.0122	22049.6812	21004.0955	0.0000	1.0986	2.7976	0.1256	0.0001	0.0001	0.0000	0.0006	0.0006	0.0002	0.0000	0.0000	0.0000
24	74	0.1836	10	0	2	0	1	0	0	0	0	N	Y	N	N	N	N	N	N	N	N	N	N	0.0482	0.0022	2.9881	0.0025	0.0023	0.0000	1.3643	0.0239	4.8736	0.0000	0.0000	0.0002	0.0000	0.0000	0.0000	0.0000	0.0000	0.0002	0.0006	0.0009	0.0001	0.0030	0.0033	0.0004	0.0000	0.0000	0.0001	13.9228	0.0568	0.0000	-0.0000	6.0729	7.0442	6.2374	2.0273	0.0000	0.0000	0.0000	0.0000	0.0000	0.0000	0.0000	0.0000	0.0000	0.0001	0.0001	0.0000	0.0001	0.0001	0.0000	0.0000	0.0000	0.0000	0.3828	0.3379	0.0449	0.0946	0.0893	0.0053	0.2882	0.2487	0.0395	0.1350	0.0784	0.0565	0.0246	0.0214	0.0032	0.1104	0.0571	0.0533	0.0482	0.0022	2.9881	0.0025	0.0023	0.0000	1.3643	0.0239	4.8736	0.0006	0.0009	0.0001	0.0030	0.0033	0.0004	0.0000	0.0000	0.0001
24	75	0.1597	9	0	2	0	1	0	0	0	0	N	Y	N	N	N	N	N	N	N	N	N	N	1.5598	1.1287	2.1897	3.5858	3.3452	0.0000	0.1238	0.0000	2.4667	0.0012	0.0013	0.0005	0.0051	0.0053	0.0000	0.0001	0.0000	0.0006	0.0008	0.0011	0.0002	0.0014	0.0016	0.0004	0.0006	0.0010	0.0002	0.0547	0.1527	-0.0001	-0.0000	6.0729	4.3369	6.2374	3.0972	0.0003	0.0003	0.0000	0.0003	0.0003	0.0000	0.0000	0.0000	0.0000	0.0001	0.0001	0.0000	0.0000	0.0000	0.0000	0.0001	0.0001	0.0000	0.2428	0.2148	0.0280	0.0536	0.0515	0.0021	0.1892	0.1633	0.0260	0.1154	0.0676	0.0478	0.0181	0.0156	0.0025	0.0973	0.0520	0.0453	1.5598	1.1287	2.1897	3.5858	3.3452	0.0000	0.1238	0.0000	2.4667	0.0008	0.0011	0.0002	0.0014	0.0016	0.0004	0.0006	0.0010	0.0002
24	76	0.2470	14	1	2	0	1	0	0	0	0	N	Y	N	N	N	N	N	N	N	N	N	N	0.0000	0.0000	0.0000	0.0000	0.0000	0.0000	0.0000	0.0000	0.0000	0.0000	0.0000	0.0000	0.0000	0.0000	0.0000	0.0455	0.0000	0.0828	0.0000	0.0000	0.0002	0.0524	0.0000	0.0859	inf	0.0000	0.0005	6.0729	1.9992	6.2374	0.0055	0.0000	0.0000	0.0000	0.0000	0.0000	0.0000	0.0000	0.0000	0.0000	0.0013	0.0000	0.0013	0.0000	0.0000	0.0000	0.0013	0.0000	0.0013	0.1249	0.1102	0.0147	0.0244	0.0230	0.0014	0.1005	0.0872	0.0133	0.0357	0.0199	0.0158	0.0035	0.0030	0.0006	0.0322	0.0170	0.0152	0.0000	0.0000	0.0000	0.0000	0.0000	0.0000	0.0000	0.0000	0.0000	0.0366	0.0000	0.0828	0.0000	0.0000	0.0002	0.0406	0.0000	0.0859				
24	77	0.2028	13	1	2	0	1	0	0	0	0	N	Y	N	N	N	N	N	N	N	N	N	N	0.0000	0.0045	0.0000	0.0000	0.0000	0.0000	0.0000	inf	0.0000	0.0000	0.0000	0.0000	0.0000	0.0000	0.0000	0.0000	0.0000	0.0000	10.6716	0.0000	49.4772	0.0001	0.0001	0.0001	10.8640	0.0000	49.1371	0.0000	1098367.7827	-0.0000	0.4088	6.0729	5.0219	6.2374	2.0148	0.0000	0.0000	0.0000	0.0000	0.0000	0.0000	0.0000	0.0000	0.0000	0.9949	0.0000	0.9949	0.0000	0.0000	0.0000	0.9949	0.0000	0.9949	0.2310	0.2033	0.0278	0.0454	0.0429	0.0025	0.1856	0.1604	0.0252	0.1073	0.0624	0.0449	0.0158	0.0139	0.0019	0.0916	0.0485	0.0431	0.0000	0.0045	0.0000	0.0000	0.0000	0.0000	0.0000	inf	0.0000	9.2696	0.0000	22.1366	0.0001	0.0001	0.0001	10.8640	0.0000	23.0900
24	78	0.1900	12	0	2	0	1	0	0	0	0	N	Y	N	N	N	N	N	N	N	N	N	N	0.0401	0.9391	0.0000	0.0000	0.0000	0.0000	0.0431	0.9718	0.0000	0.0004	0.0005	0.0000	0.0000	0.0000	0.0000	0.0005	0.0006	0.0000	0.0105	0.0005	0.0243	0.0001	0.0001	0.0000	0.0121	0.0006	0.0253	0.0000	34.4521	-0.0000	0.0002	6.0729	1.0203	6.2374	2.7327	0.0000	0.0000	0.0000	0.0000	0.0000	0.0000	0.0000	0.0000	0.0000	0.0006	0.0000	0.0006	0.0000	0.0000	0.0000	0.0006	0.0000	0.0006	0.0475	0.0416	0.0058	0.0091	0.0085	0.0006	0.0384	0.0331	0.0053	0.0569	0.0330	0.0239	0.0075	0.0066	0.0009	0.0494	0.0264	0.0230	0.0401	0.9391	0.0000	0.0000	0.0000	0.0000	0.0431	0.9718	0.0000	0.0105	0.0005	0.0243	0.0001	0.0001	0.0000	0.0121	0.0006	0.0253
24	79	0.1900	11	0	1	0	1	0	0	0	0	N	N	N	N	N	N	N	N	N	N	N	N	0.0000	0.0000	0.0000	0.0000	0.0000	0.0000	0.0000	0.0000	0.0000	0.0000	0.0000	0.0000	0.0000	0.0000	0.0000	0.0000	0.0000	0.0000	-0.0000	-0.0000	6.0729	0.0000	6.2374	0.0018	0.0000	0.0000	0.0000	0.0000	0.0000	0.0000	0.0000	0.0000	0.0000	0.0000	0.0000	0.0000	0.0000	0.0000	0.0000	0.0000	0.0000	0.0000	0.0000	0.0000	0.0000	0.0000	0.0000	0.0000	0.0000	0.0000	0.0000	0.0001	0.0001	0.0000	0.0000	0.0000	0.0000	0.0000	0.0000	0.0000	0.0000	0.0000	0.0000	0.0000	0.0000	0.0000	0.0000	0.0000	0.0000	0.0000	0.0000	0.0000	0.0000	0.0000	0.0000	0.0000	0.0000	0.0000											
24	80	0.1718	10	0	1	0	1	0	0	0	0	N	N	N	N	N	N	N	N	N	N	N	N	8.7468	0.0018	57.4980	0.1099	0.0020	0.5258	906.3284	0.0000	3347.7536	0.0046	0.0000	0.0382	0.0004	0.0000	0.0064	0.0056	0.0000	0.0412	0.0005	0.0004	0.0007	0.0033	0.0019	0.0121	0.0000	0.0000	0.0000	6914.0732	1.0835	0.0004	-0.0000	6.0729	3.0825	6.2374	2.0124	0.0007	0.0000	0.0007	0.0000	0.0000	0.0000	0.0007	0.0000	0.0007	0.0000	0.0000	0.0000	0.0000	0.0000	0.0000	0.0000	0.0000	0.0000	0.1486	0.1306	0.0180	0.0279	0.0263	0.0016	0.1207	0.1043	0.0164	0.0796	0.0466	0.0330	0.0125	0.0108	0.0018	0.0671	0.0359	0.0312	8.7468	0.0018	57.4980	0.1099	0.0020	0.5258	906.3284	0.0000	3347.7536	0.0005	0.0004	0.0007	0.0033	0.0019	0.0121	0.0000	0.0000	0.0000
24	81	0.1597	9	0	1	0	1	0	0	0	0	N	N	N	N	N	N	N	N	N	N	N	N	4.4146	3.1238	3.1946	5.7062	5.6824	0.0324	0.1568	0.0000	10.8900	0.0033	0.0037	0.0004	0.0142	0.0148	0.0001	0.0001	0.0000	0.0005	0.0008	0.0012	0.0001	0.0025	0.0026	0.0018	0.0004	0.0007	0.0000	0.0154	0.0815	-0.0002	-0.0000	6.0729	3.6751	6.2374	0.0788	0.0007	0.0007	0.0000	0.0007	0.0007	0.0000	0.0000	0.0000	0.0000	0.0000	0.0000	0.0000	0.0000	0.0000	0.0000	0.0000	0.0000	0.0000	0.2133	0.1889	0.0244	0.0490	0.0472	0.0018	0.1644	0.1418	0.0226	0.0604	0.0356	0.0249	0.0099	0.0085	0.0013	0.0506	0.0270	0.0235	4.4146	3.1238	3.1946	5.7062	5.6824	0.0324	0.1568	0.0000	10.8900	0.0008	0.0012	0.0001	0.0025	0.0026	0.0018	0.0004	0.0007	0.0000
24	82	0.1106	8	0	1	0	1	0	0	0	0	N	N	N	N	N	N	N	N	N	N	N	N	0.4765	0.3467	0.0000	1.4431	1.4229	0.0000	0.0000	0.0000	0.0000	0.0001	0.0001	0.0000	0.0005	0.0006	0.0000	0.0000	0.0000	0.0000	0.0002	0.0002	0.0000	0.0004	0.0004	0.0002	0.0001	0.0002	0.0000	0.0000	0.0509	-0.0000	-0.0000	6.0729	8.5011	6.2374	5.2406	0.0000	0.0000	0.0000	0.0000	0.0000	0.0000	0.0000	0.0000	0.0000	0.0000	0.0000	0.0000	0.0000	0.0000	0.0000	0.0000	0.0000	0.0000	0.4025	0.3527	0.0499	0.0559	0.0533	0.0026	0.3467	0.2994	0.0473	0.2315	0.1404	0.0910	0.0437	0.0377	0.0060	0.1878	0.1027	0.0850	0.4765	0.3467	0.0000	1.4431	1.4229	0.0000	0.0000	0.0000	0.0000	0.0002	0.0002	0.0000	0.0004	0.0004	0.0002	0.0001	0.0002	0.0000
25	26	0.2113	4	1	1	1	0	0	0	0	0	N	N	N	N	N	N	N	N	N	N	N	N	0.0000	0.0000	0.0000	0.0000	0.0000	0.0000	0.0000	0.0000	0.0000	0.0000	0.0000	0.0000	0.0000	0.0000	0.0000	0.0000	0.0000	0.0000	0.0000	0.0000	19.6128	0.0000	15.0566	0.0000	0.0000	0.0000	0.0000	0.0000	0.0000	0.0000	0.0000	0.0000	0.0000	0.0000	0.0000	0.0000	0.0000	0.0000	0.0000	0.0000	0.0000	0.0000	0.0000	0.0000	0.0000	0.0000	0.0000	0.0000	0.0000	0.0000	0.0000	0.0000	0.0000	0.0000	0.0000	0.0000	0.0000	0.0000	0.0000	0.0000	0.0000	0.0000	0.0000	0.0000	0.0000	0.0000	0.0000	0.0000	0.0000	0.0000	0.0000	0.0000	0.0000	0.0000	0.0000	0.0000	0.0000	0.0000											
25	27	0.1821	5	2	1	1	0	0	0	0	0	Y	N	N	N	N	N	N	N	N	N	N	N	3.2502	2.0095	1.3907	45.4264	40.0800	0.0000	0.0061	0.0000	1.4329	0.0217	0.0246	0.0003	0.1319	0.1404	0.0000	0.0000	0.0000	0.0003	0.0067	0.0122	0.0002	0.0029	0.0035	0.0000	0.0074	0.1144	0.0002	0.0017	0.0154	-0.0063	-0.0012	19.6128	6.0046	15.0566	3.2467	0.0173	0.0173	0.0000	0.0173	0.0173	0.0000	0.0000	0.0000	0.0000	0.0022	0.0021	0.0000	0.0002	0.0002	0.0000	0.0020	0.0020	0.0000	0.8004	0.7050	0.0954	0.1313	0.1233	0.0080	0.6691	0.5817	0.0874	0.3244	0.1795	0.1449	0.0518	0.0428	0.0089	0.2726	0.1367	0.1359	3.2502	2.0699	1.3907	45.4264	40.0800	0.0000	0.0061	0.0000	1.4329	0.0067	0.0119	0.0002	0.0029	0.0035	0.0000	0.0074	0.0145	0.0002
25	28	0.1457	4	2	1	0	0	0	0	0	0	Y	N	N	N	N	N	N	N	N	N	N	N	0.0068	0.0042	1.3754	8.5060	8.1912	3.6788	0.0019	0.0010	0.0354	0.0157	0.0179	0.0001	0.0921	0.0965	0.0016	0.0043	0.0050	0.0000	2.3157	4.3135	0.0001	0.0108	0.0118	0.0004	2.3297	4.7669	0.0001	0.0006	0.0000	-0.0059	-0.5862	19.6128	7.0330	15.0566	8.3476	0.0161	0.0161	0.0000	0.0123	0.0123	0.0000	0.0039	0.0039	0.0000	0.9950	0.9950	0.0000	0.0006	0.0006	0.0000	0.9945	0.9944	0.0000	1.0250	0.9004	0.1245	0.1333	0.1271	0.0062	0.8917	0.7733	0.1184	0.6067	0.3448	0.2619	0.0526	0.0482	0.0044	0.5541	0.2966	0.2575	0.0096	0.0062	1.3754	8.5060	8.1912	3.6788	0.0024	0.0015	0.0354	1.6399	2.8854	0.0001	0.0108	0.0118	0.0004	1.7947	3.3526	0.0001
25	29	0.1557	5	1	2	0	1	0	0	0	0	N	Y	N	N	N	N	N	N	N	N	N	N	0.1685	0.0957	0.0000	10.0346	10.5562	0.0000	0.0000	0.0000	0.0000	0.5242	0.5953	0.0000	4.3432	4.5716	0.0000	0.0000	0.0000	0.0000	3.1112	6.2228	0.0000	0.4328	0.4331	0.0000	2.9328	5.9445	0.0000	0.0000	0.0000	-0.3331	-1.1829	19.6128	12.7698	15.0566	10.8465	0.9156	0.9156	0.0000	0.9156	0.9156	0.0000	0.0000	0.0000	0.0000	2.0079	2.0079	0.0000	0.0134	0.0134	0.0000	1.9945	1.9945	0.0000	1.7466	1.5381	0.2085	0.2108	0.2003	0.0105	1.5358	1.3379	0.1979	0.8475	0.4732	0.3743	0.0531	0.0467	0.0064	0.7944	0.4265	0.3679	0.2213	0.1403	0.0000	17.2679	15.9848	0.0000	0.0000	0.0000	0.0000	2.3692	4.2430	0.0000	0.2515	0.2860	0.0000	2.5108	4.6765	0.0000
25	30	0.1822	7	2	1	1	0	0	0	0	0	Y	N	N	N	N	N	N	N	N	N	N	N	0.5734	inf	0.0000	0.0000	0.0000	0.5682	inf	0.0000	1.2430	1.4172	0.0000	0.0000	0.0000	0.0000	1.3643	1.5666	0.0000	2.1676	0.0000	8.2015	0.0014	0.0000	0.0061	2.4010	0.0000	7.7511	0.0000	inf	-0.7276	0.4106	19.6128	11.8338	15.0566	5.9707	2.0000	2.0000	0.0000	0.0000	0.0000	0.0000	2.0000	2.0000	0.0000	0.9993	0.0000	0.9993	0.0002	0.0000	0.0002	0.9991	0.0000	0.9991	1.6090	1.4112	0.1978	0.1430	0.1345	0.0085	1.4660	1.2767	0.1893	0.6634	0.3753	0.2881	0.1250	0.0953	0.0297	0.5384	0.2800	0.2584	0.8252	inf	0.0000	0.0000	0.0000	0.0000	0.7352	inf	0.0000	1.5064	0.0000	3.4683	0.0014	0.0000	0.0061	1.8556	0.0000	3.8659	
25	31	0.1557	5	1	1	1	0	0	0	0	0	N	N	N	N	N	N	N	N	N	N	N	N	0.6619	67.1366	0.6758	0.0742	0.0725	0.0000	0.7830	934533.4079	0.7439	2.0850	1.2324	8.3772	0.0078	0.0082	0.0000	2.3898	1.4293	8.8159	3.1500	0.0184	12.3966	0.1053	0.1131	0.0004	3.0522	0.0000	11.8502	0.9211	224.3128	0.2412	0.4082	19.6128	6.9288	15.0566	3.0309	2.0852	1.0854	0.9998	0.0010	0.0010	0.0000	2.0842	1.0844	0.9998	1.0043	0.0045	0.9999	0.0045	0.0045	0.0000	0.9999	0.0000	0.9999	1.0001	0.8807	0.1193	0.1280	0.1221	0.0059	0.8721	0.7587	0.1134	0.4192	0.2465	0.1726	0.0423	0.0394	0.0029	0.3768	0.2071	0.1697	0.8702	68.1615	1.4464	0.0742	0.0725	0.0000	0.9007	934533.4079	1.4964	2.3959	0.0181	5.7916	0.1053	0.1131	0.0004	2.6532	0.0000	5.8916
25	32	0.1457	4	1	1	0	0	0	0	0	0	N	N	N	N	N	N	N	N	N	N	N	N	5.9234	2.3726	1.9480	17.8132	17.8866	1.4064	0.5692	0.0160	2.0300	0.3041	0.3414	0.0304	1.4676	1.5232	0.0041	0.0178	0.0154	0.0320	0.0513	0.1439	0.0156	0.0824	0.0852	0.0029	0.0312	0.9616	0.0158	0.0121	0.1737	-0.0355	-0.0046	19.6128	1.8775	15.0566	3.1058	0.1010	0.0998	0.0012	0.0963	0.0963	0.0000	0.0047	0.0035	0.0012	0.0103	0.0088	0.0015	0.0037	0.0037	0.0000	0.0066	0.0051	0.0015	0.3323	0.2924	0.0399	0.0656	0.0632	0.0024	0.2666	0.2292	0.0375	0.2616	0.1635	0.0981	0.0454	0.0438	0.0015	0.2162	0.1196	0.0966	7.6996	6.3403	1.9480	17.8132	17.8866	1.4064	0.5823	0.3640	2.0300	0.0395	0.0538	0.0156	0.0824	0.0852	0.0029	0.0305	0.0424	0.0158
25	33	0.1334	3	1	1	0	0	0	0	0	0	N	N	N	N	N	N	N	N	N	N	N	N	97.1569	57.1767	0.3318	6907.9850	10191.5934	0.2067	0.2190	0.0070	0.3066	1.3017	1.4826	0.0004	13.3700	14.0183	0.0024	0.0033	0.0037	0.0003	0.0134	0.0259	0.0011	0.0019	0.0014	0.0117	0.0150	0.5297	0.0009	0.0000	0.0340	-0.3557	-0.0021	19.6128	5.3867	15.0566	0.9197	0.9780	0.9779	0.0000	0.9757	0.9757	0.0000	0.0022	0.0022	0.0000	0.0039	0.0037	0.0001	0.0001	0.0000	0.0000	0.0038	0.0037	0.0001	0.7513	0.6596	0.0917	0.0730	0.0696	0.0034	0.6783	0.5900	0.0883	0.2883	0.1684	0.1199	0.0350	0.0331	0.0019	0.2533	0.1353	0.1180	97.1569	66.8476	0.3318	6907.9850	10191.5934	0.2067	0.2190	0.1368	0.3066	0.0134	0.0222	0.0011	0.0019	0.0014	0.0117	0.0150	0.0273	0.0009
25	34	0.2166	5	1	2	0	0	0	0	0	0	N	Y	N	N	N	N	N	N	N	N	N	N	0.0000	0.0000	0.0000	0.0000	0.0000	0.0000	0.0000	0.0000	0.0000	0.0000	0.0000	0.0000	0.0000	0.0002	0.0003	0.0000	0.0016	0.0019	0.0000	0.0000	0.0000	0.0000	0.0000	0.0000	-0.0000	19.6128	0.0019	15.0566	3.0025	0.0000	0.0000	0.0000	0.0000	0.0000	0.0000	0.0000	0.0000	0.0000	0.0000	0.0000	0.0000	0.0000	0.0000	0.0000	0.0000	0.0000	0.0000	0.0009	0.0008	0.0001	0.0004	0.0004	0.0000	0.0006	0.0005	0.0001	0.1004	0.0574	0.0430	0.0125	0.0103	0.0021	0.0879	0.0471	0.0409	0.0000	0.0000	0.0000	0.0000	0.0000	0.0000	0.0000	0.0000	0.0000	0.0002	0.0003	0.0000	0.0016	0.0019	0.0000	0.0000	0.0000	0.0000						
25	35	0.2484	7	2	2	0	0	0	0	0	0	Y	Y	N	N	N	N	N	N	N	N	N	N	0.0000	0.0000	0.0000	0.0000	0.0000	0.0000	0.0000	0.0000	0.0000	0.0000	0.0000	0.0000	0.0000	0.0000	0.0000	0.0000	0.0000	0.0000	0.0000	0.0000	19.6128	1.0000	15.0566	1.9999	0.0000	0.0000	0.0000	0.0000	0.0000	0.0000	0.0000	0.0000	0.0000	0.0000	0.0000	0.0000	0.0000	0.0000	0.0000	0.0000	0.0000	0.0000	0.1379	0.1215	0.0164	0.0258	0.0241	0.0017	0.1122	0.0974	0.0148	0.1035	0.0554	0.0481	0.0110	0.0088	0.0023	0.0924	0.0466	0.0458	0.0000	0.0000	0.0000	0.0000	0.0000	0.0000	0.0000	0.0000	0.0000	0.0000	0.0000	0.0000	0.0000	0.0000	0.0000	0.0000	0.0000	0.0000											
25	36	0.2131	7	1	2	1	0	0	0	0	0	N	Y	N	N	N	N	N	N	N	N	N	N	0.3375	0.0958	8618.0681	0.1765	0.1393	3391.1893	41.4936	21.9849	17896.8915	0.0103	0.0099	0.0134	0.0183	0.0181	0.0206	0.0088	0.0083	0.0126	0.0306	0.1031	0.0000	0.1035	0.1296	0.0000	0.0002	0.0004	0.0000	0.1906	0.0000	-0.0010	-0.0068	19.6128	3.0341	15.0566	5.2124	0.0048	0.0040	0.0008	0.0013	0.0012	0.0001	0.0035	0.0028	0.0007	0.0115	0.0115	0.0000	0.0114	0.0114	0.0000	0.0001	0.0001	0.0000	0.4663	0.4088	0.0575	0.0728	0.0670	0.0058	0.3935	0.3418	0.0517	0.3832	0.2423	0.1409	0.1105	0.0882	0.0223	0.2727	0.1541	0.1186	0.3441	0.2084	8618.0681	0.1765	0.1393	3391.1893	41.4936	21.9849	17896.8915	0.0300	0.0474	0.0000	0.1035	0.1296	0.0000	0.0002	0.0004	0.0000
25	37	0.1893	6	1	2	0	0	0	0	0	0	N	Y	N	N	N	N	N	N	N	N	N	N	91.8302	307.0658	228.5603	0.0000	0.0000	0.0000	83.1553	167.2190	222.0164	4.5105	2.5808	17.7101	0.0000	0.0000	0.0000	5.0752	2.9193	19.2357	0.0491	0.0084	0.0775	0.0123	0.0163	0.0000	0.0610	0.0175	0.0866	1.0032	7.1069	0.2737	0.0034	19.6128	3.0544	15.0566	4.8962	1.9975	0.9972	1.0003	0.0000	0.0000	0.0000	1.9975	0.9972	1.0003	0.0120	0.0015	0.0105	0.0007	0.0007	0.0000	0.0112	0.0007	0.0105	0.4429	0.3864	0.0565	0.0493	0.0448	0.0045	0.3936	0.3416	0.0520	0.3113	0.1758	0.1355	0.0595	0.0452	0.0143	0.2518	0.1306	0.1212	117.2271	307.0658	228.5603	0.0000	0.0000	0.0000	113.6566	513.1496	222.0164	0.0385	0.0084	0.0775	0.0123	0.0163	0.0000	0.0447	0.0057	0.0866
25	38	0.2166	5	1	1	1	0	0	0	0	0	N	N	N	N	N	N	N	N	N	N	N	N	0.0000	0.0000	0.0000	0.0000	0.0000	0.0000	0.0000	0.0000	0.0000	0.0000	0.0000	0.0000	0.0000	0.0000	0.0000	0.0000	0.0000	0.0000	0.0000	0.0000	0.0000	0.0000	inf	0.0000	0.0000	19.6128	0.9992	15.0566	1.0069	0.0000	0.0000	0.0000	0.0000	0.0000	0.0000	0.0000	0.0000	0.0000	0.0000	0.0000	0.0000	0.0000	0.0000	0.0000	0.0000	0.0000	0.0000	0.1251	0.1098	0.0153	0.0127	0.0122	0.0006	0.1124	0.0977	0.0148	0.0679	0.0390	0.0289	0.0086	0.0072	0.0014	0.0593	0.0318	0.0275	0.0000	0.0000	0.0000	0.0000	0.0000	0.0000	0.0000	0.0000	0.0000	0.0000	0.0000	0.0000	0.0000	0.0000	0.0000	0.0000	0.0000	0.0000						
25	39	0.2113	4	1	1	0	0	0	0	0	0	N	N	N	N	N	N	N	N	N	N	N	N	0.0000	0.0000	0.0000	0.0000	0.0000	0.0000	0.0000	0.0000	0.0000	0.0000	0.0000	0.0000	0.0000	0.0000	0.0000	0.0000	0.0000	0.0000	0.0000	0.0000	0.0000	0.0000	0.0000	0.0000	-0.0000	19.6128	1.0008	15.0566	0.9987	0.0000	0.0000	0.0000	0.0000	0.0000	0.0000	0.0000	0.0000	0.0000	0.0000	0.0000	0.0000	0.0000	0.0000	0.0000	0.0000	0.0000	0.0000	0.1264	0.1109	0.0155	0.0116	0.0111	0.0005	0.1148	0.0998	0.0150	0.0673	0.0382	0.0291	0.0069	0.0056	0.0013	0.0604	0.0326	0.0278	0.0000	0.0000	0.0000	0.0000	0.0000	0.0000	0.0000	0.0000	0.0000	0.0000	0.0000	0.0000	0.0000	0.0000	0.0000	0.0000	0.0000	0.0000						
25	40	0.1334	3	1	1	0	0	0	0	0	0	N	N	N	N	N	N	N	N	N	N	N	N	0.4341	495.5553	0.0007	0.1897	0.0000	1.8545	0.4630	20825640.5308	0.0000	0.8154	0.9276	0.0044	0.0056	0.0000	0.1188	0.9008	1.0347	0.0000	1.8783	0.0019	6.1723	0.0296	0.0237	0.0641	1.9457	0.0000	4.6065	0.0007	1028.5907	-0.3642	0.4144	19.6128	9.0374	15.0566	18.5287	1.0029	1.0022	0.0007	0.0007	0.0000	0.0007	1.0022	1.0022	0.0000	1.0109	0.0010	1.0099	0.0014	0.0010	0.0005	1.0095	0.0000	1.0095	1.2299	1.0804	0.1495	0.1174	0.1118	0.0056	1.1126	0.9686	0.1440	0.9603	0.5245	0.4357	0.0487	0.0415	0.0072	0.9116	0.4831	0.4285	0.7745	495.5553	0.0019	0.1897	0.0000	1.8545	0.8135	20825640.5308	0.0000	1.0527	0.0019	2.3178	0.0296	0.0237	0.0641	1.1073	0.0000	2.3556
25	41	0.1065	2	1	1	0	0	0	0	0	0	N	N	N	N	N	N	N	N	N	N	N	N	74.8759	17.4964	1859.1366	1.0383	0.1379	111.6246	1395.8071	6744359.5920	2420.1777	1.5541	0.9013	6.0607	0.4356	0.0518	12.6754	1.6180	0.9555	5.9737	0.0208	0.0515	0.0033	0.4195	0.3759	0.1136	0.0012	0.0000	0.0025	0.9741	0.0734	0.2555	-0.0061	19.6128	9.0369	15.0566	3.5648	1.9707	0.9983	0.9724	0.0298	0.0034	0.0264	1.9408	0.9948	0.9460	0.0116	0.0108	0.0008	0.0110	0.0108	0.0002	0.0006	0.0000	0.0006	1.2681	1.1076	0.1604	0.0685	0.0664	0.0021	1.1995	1.0412	0.1584	0.5610	0.3169	0.2441	0.0448	0.0431	0.0017	0.5161	0.2738	0.2424	74.8759	26.3266	1859.1366	1.7686	0.2060	111.6246	1395.8071	6744359.5920	2420.1777	0.0208	0.0342	0.0033	0.2463	0.2516	0.1136	0.0012	0.0000	0.0025
25	42	0.1239	4	1	1	0	0	0	0	0	0	N	N	N	N	N	N	N	N	N	N	N	N	23.6253	786031.7522	0.0000	199.3142	493530.9219	0.0000	17.0050	inf	0.0000	0.5920	0.6740	0.0000	2.4470	2.5138	0.0000	0.4552	0.5224	0.0000	0.0251	0.0000	0.0571	0.0123	0.0000	0.0616	0.0268	0.0000	0.0568	0.0000	52091.5492	-0.5118	0.0093	19.6128	17.0025	15.0566	6.0864	1.4069	1.4069	0.0000	0.3995	0.3995	0.0000	1.0074	1.0074	0.0000	0.0227	0.0000	0.0227	0.0013	0.0000	0.0013	0.0214	0.0000	0.0214	2.3763	2.0875	0.2888	0.1632	0.1589	0.0043	2.2131	1.9286	0.2845	0.9047	0.5076	0.3971	0.1067	0.0854	0.0213	0.7979	0.4221	0.3758	23.6253	786031.7522	0.0000	199.3142	493530.9219	0.0000	17.0050	inf	0.0000	0.0251	0.0000	0.0571	0.0123	0.0000	0.0616	0.0268	0.0000	0.0568
25	44	0.1239	4	1	2	0	0	0	0	0	0	N	Y	N	N	N	N	N	N	N	N	N	N	0.4087	0.4266	0.0175	0.4760	0.4032	0.0000	0.4464	0.4046	0.0225	1.3861	1.5644	0.1306	0.0025	0.0025	0.0000	1.5123	1.7251	0.1326	3.3911	3.6668	7.4414	0.0052	0.0063	0.0006	3.3879	4.2632	5.8926	0.0119	1.0006	-0.5215	-0.1779	19.6128	6.9958	15.0566	11.8523	1.4811	1.4638	0.0173	0.0002	0.0002	0.0000	1.4809	1.4636	0.0173	1.9995	0.9994	1.0001	0.0005	0.0005	0.0000	1.9990	0.9990	1.0000	1.0686	0.9357	0.1329	0.0894	0.0873	0.0021	0.9792	0.8484	0.1308	0.7644	0.4319	0.3325	0.0947	0.0768	0.0180	0.6696	0.3551	0.3145	0.5299	0.6761	0.0434	0.4760	0.4032	0.0000	0.5066	0.6132	0.0417	2.6159	2.3140	3.0081	0.0052	0.0063	0.0006	2.9852	2.8130	3.1798
25	45	0.1622	5	1	2	0	0	0	0	0	0	N	Y	N	N	N	N	N	N	N	N	N	N	174.2537	84.1386	87117.2814	0.0045	0.0013	351.5728	1559.9784	434.8877	87213.4396	1.7325	1.5515	3.0701	0.0004	0.0001	0.0061	1.8806	1.6973	3.1510	0.0099	0.0184	0.0000	0.0778	0.0958	0.0000	0.0012	0.0039	0.0000	0.2678	0.0016	-0.7220	-0.0075	19.6128	20.1318	15.0566	17.5118	4.7327	3.7330	0.9997	0.0001	0.0000	0.0001	4.7326	3.7330	0.9996	0.0129	0.0128	0.0000	0.0115	0.0115	0.0000	0.0014	0.0014	0.0000	2.7317	2.4061	0.3256	0.2152	0.2068	0.0084	2.5166	2.1993	0.3172	1.2925	0.7082	0.5843	0.1474	0.1197	0.0278	1.1451	0.5886	0.5565	174.2537	85.6438	87117.2814	0.0045	0.0013	351.5728	1559.9784	734.3872	87213.4396	0.0099	0.0181	0.0000	0.0778	0.0958	0.0000	0.0012	0.0023	0.0000
25	46	0.1345	3	1	2	0	0	0	0	0	0	N	Y	N	N	N	N	N	N	N	N	N	N	13366.0247	9276.0812	0.0000	8571.1512	7935.6554	0.0000	160098048.0605	inf	0.0000	0.7910	0.8994	0.0000	2.4764	2.6053	0.0000	0.5276	0.6076	0.0000	0.0001	0.0001	0.0000	0.0003	0.0003	0.0000	0.0000	0.0000	0.0000	0.0000	0.0001	-0.6306	-0.0000	19.6128	15.0410	15.0566	10.9147	1.7334	1.7334	0.0000	0.7335	0.7335	0.0000	1.0000	1.0000	0.0000	0.0001	0.0001	0.0000	0.0001	0.0001	0.0000	0.0000	0.0000	0.0000	2.1914	1.9273	0.2641	0.2962	0.2815	0.0147	1.8952	1.6458	0.2494	1.1829	0.7219	0.4610	0.2423	0.2132	0.0291	0.9406	0.5087	0.4319	13366.0247	9276.0812	0.0000	8571.1512	7935.6554	0.0000	160098048.0605	inf	0.0000	0.0001	0.0001	0.0000	0.0003	0.0003	0.0000	0.0000	0.0000	0.0000
25	47	0.1873	8	2	1	1	0	0	0	0	0	Y	N	N	N	N	N	N	N	N	N	N	N	2579.6357	1234.6398	3155840.3411	836.0460	690.4641	0.0000	3567413.5112	2292451.5765	11598509.2563	1.9535	1.6129	4.4055	2.8826	3.0569	0.0000	1.8588	1.4536	4.6046	0.0008	0.0013	0.0000	0.0034	0.0044	0.0000	0.0000	0.0000	0.0000	0.3795	0.0008	-0.3014	-0.0003	19.6128	12.7633	15.0566	6.3722	3.3984	2.4636	0.9348	0.4638	0.4638	0.0000	2.9346	1.9998	0.9348	0.0006	0.0006	0.0000	0.0006	0.0006	0.0000	0.0000	0.0000	0.0000	1.7396	1.5274	0.2122	0.1609	0.1517	0.0092	1.5787	1.3757	0.2030	0.7399	0.4286	0.3113	0.1624	0.1264	0.0360	0.5775	0.3022	0.2753	2579.6357	1234.6398	3155840.3411	836.0460	690.4641	0.0000	3567413.5112	2292451.5765	11598509.2563	0.0008	0.0013	0.0000	0.0034	0.0044	0.0000	0.0000	0.0000	0.0000
25	48	0.1822	7	1	1	0	0	0	0	0	0	N	N	N	N	N	N	N	N	N	N	N	N	121.7582	1.4206	775.9527	0.6083	0.4724	0.0000	156.9861	6.0297	720.0464	0.7718	0.0032	9.0502	0.0033	0.0033	0.0000	1.0312	0.0032	9.3992	0.0063	0.0023	0.0117	0.0054	0.0070	0.0000	0.0066	0.0005	0.0131	260.2136	3.9181	0.0413	0.0001	19.6128	0.3513	15.0566	1.9759	0.0654	0.0003	0.0651	0.0001	0.0001	0.0000	0.0653	0.0002	0.0651	0.0006	0.0001	0.0005	0.0001	0.0001	0.0000	0.0005	0.0000	0.0005	0.0847	0.0775	0.0072	0.0214	0.0211	0.0003	0.0633	0.0564	0.0069	0.0951	0.0539	0.0412	0.0188	0.0144	0.0044	0.0763	0.0395	0.0368	121.7582	1.4206	775.9527	0.6083	0.4724	0.0000	156.9861	6.0297	720.0464	0.0063	0.0023	0.0117	0.0054	0.0070	0.0000	0.0066	0.0005	0.0131
25	49	0.1819	6	1	1	0	0	0	0	0	0	N	N	N	N	N	N	N	N	N	N	N	N	0.3437	1.1051	0.0000	3.2027	2.6195	0.0000	0.0761	inf	0.0000	0.0021	0.0024	0.0000	0.0197	0.0210	0.0000	0.0005	0.0005	0.0000	0.0060	0.0021	0.0111	0.0061	0.0080	0.0001	0.0060	0.0000	0.0124	0.0000	3.9685	-0.0000	0.0000	19.6128	0.1669	15.0566	0.0350	0.0000	0.0000	0.0000	0.0000	0.0000	0.0000	0.0000	0.0000	0.0000	0.0001	0.0000	0.0000	0.0000	0.0000	0.0000	0.0000	0.0000	0.0000	0.0239	0.0209	0.0030	0.0020	0.0019	0.0001	0.0219	0.0190	0.0029	0.0083	0.0047	0.0036	0.0017	0.0013	0.0004	0.0067	0.0034	0.0032	0.3437	1.1051	0.0000	3.2027	2.6195	0.0000	0.0761	inf	0.0000	0.0060	0.0021	0.0111	0.0061	0.0080	0.0001	0.0060	0.0000	0.0124
25	50	0.1819	5	1	1	0	0	0	0	0	0	N	N	N	N	N	N	N	N	N	N	N	N	1.0356	1.3600	0.0000	3.3234	3.0559	0.0000	0.0000	0.0000	0.2975	0.3156	0.0000	0.3954	0.4067	0.0000	0.0000	0.0000	0.0000	0.2873	0.2321	0.0933	0.1190	0.1331	0.0019	0.1188	0.0000	0.1018	0.0000	1.0000	-0.0001	-0.0000	19.6128	0.0010	15.0566	0.0028	0.0002	0.0002	0.0000	0.0002	0.0002	0.0000	0.0000	0.0000	0.0000	0.0000	0.0000	0.0000	0.0000	0.0000	0.0000	0.0000	0.0000	0.0000	0.0008	0.0007	0.0000	0.0006	0.0006	0.0000	0.0002	0.0002	0.0000	0.0003	0.0002	0.0001	0.0001	0.0001	0.0000	0.0002	0.0001	0.0001	3.8309	4.7472	0.0000	3.3234	3.0559	0.0000	0.0000	0.0000	0.0000	0.0777	0.0665	0.0933	0.1190	0.1331	0.0019	0.0576	0.0000	0.1018	
25	51	0.1045	3	1	2	0	1	0	0	0	0	N	Y	N	N	N	N	N	N	N	N	N	N	0.2841	0.0020	191613.1983	0.2910	0.2735	6.0339	0.3231	0.0000	222050.1970	0.8933	0.0132	6.9603	0.1377	0.1403	0.0022	0.9625	0.0000	7.0489	3.1439	6.5045	0.0000	0.4732	0.5130	0.0004	2.9784	6.0953	0.0000	76.4240	0.0000	0.6325	-1.1860	19.6128	7.3891	15.0566	13.2142	1.0147	0.0131	1.0016	0.0131	0.0131	0.0000	1.0016	0.0000	1.0016	2.0133	2.0133	0.0000	0.0166	0.0166	0.0000	1.9967	1.9967	0.0000	1.1359	0.9920	0.1439	0.0952	0.0934	0.0018	1.0407	0.8986	0.1421	0.8410	0.4608	0.3801	0.0561	0.0508	0.0053	0.7849	0.4100	0.3748	0.3731	0.0030	191613.1983	0.4660	0.4303	6.0339	0.3783	0.0000	222050.1970	2.3940	4.3687	0.0000	0.2955	0.3261	0.0004	2.5440	4.8696	0.0000
25	52	0.0983	2	1	2	0	0	0	0	0	0	N	Y	N	N	N	N	N	N	N	N	N	N	0.3510	0.2509	0.0000	0.3763	0.4732	0.0000	0.2570	0.1614	0.0000	0.6758	0.8351	0.0000	1.5477	1.5586	0.0000	0.4879	0.6339	0.0000	1.9250	3.3285	0.0013	4.1133	3.2939	0.1230	1.8983	3.9272	0.0012	0.0000	0.0006	-0.5781	-0.5992	19.6128	12.1779	15.0566	13.0455	1.5890	1.5890	0.0000	0.6453	0.6453	0.0000	0.9438	0.9438	0.0000	1.0182	1.0176	0.0006	0.0197	0.0197	0.0001	0.9984	0.9979	0.0005	2.3514	1.9027	0.4487	0.4169	0.4140	0.0029	1.9345	1.4887	0.4458	0.9384	0.4976	0.4408	0.0190	0.0184	0.0005	0.9195	0.4792	0.4403	0.6228	0.4084	0.0000	1.4853	1.4592	0.0000	0.4493	0.3044	0.0000	1.0850	2.0449	0.0013	1.0420	1.0681	0.1230	1.0859	2.0825	0.0012
25	53	0.1893	6	1	2	0	0	0	0	0	0	N	Y	N	N	N	N	N	N	N	N	N	N	0.0000	0.0000	0.0000	0.0000	0.0000	0.0000	0.0000	0.0000	0.0000	0.0000	0.0000	0.0000	0.0000	0.0000	0.0000	0.0000	0.0000	0.0001	0.0001	0.0000	0.0004	0.0006	0.0000	0.0000	0.0000	0.0000	0.0104	0.0000	-0.0000	19.6128	3.0001	15.0566	3.0003	0.0000	0.0000	0.0000	0.0000	0.0000	0.0000	0.0000	0.0000	0.0000	0.0000	0.0000	0.0000	0.0000	0.0000	0.0000	0.0000	0.0000	0.0000	0.4351	0.3796	0.0555	0.0484	0.0440	0.0044	0.3867	0.3356	0.0511	0.2373	0.1340	0.1033	0.0455	0.0346	0.0110	0.1918	0.0994	0.0924	0.0000	0.0000	0.0000	0.0000	0.0000	0.0000	0.0000	0.0000	0.0000	0.0001	0.0001	0.0000	0.0004	0.0006	0.0000	0.0000	0.0000	0.0000		
25	54	0.1819	5	1	1	0	0	0	0	0	0	N	N	N	N	N	N	N	N	N	N	N	N	16346.9739	10722.2036	0.0000	39838.0219	32408.5608	0.0000	0.0000	0.0000	1.4028	1.6070	0.0000	17.4723	18.7110	0.0000	0.0000	0.0000	0.0000	0.0001	0.0001	0.0000	0.0004	0.0006	0.0000	0.0000	0.0000	0.0000	0.0000	0.0143	-0.1438	-0.0000	19.6128	1.9998	15.0566	1.0017	0.3954	0.3954	0.0000	0.3954	0.3954	0.0000	0.0000	0.0000	0.0000	0.0000	0.0000	0.0000	0.0000	0.0000	0.0000	0.0000	0.0000	0.0000	0.2819	0.2461	0.0358	0.0226	0.0211	0.0015	0.2593	0.2249	0.0343	0.1206	0.0681	0.0525	0.0233	0.0177	0.0056	0.0973	0.0504	0.0469	16346.9739	10722.2036	0.0000	39838.0219	32408.5608	0.0000	0.0000	0.0000	0.0000	0.0001	0.0001	0.0000	0.0004	0.0006	0.0000	0.0000	0.0000	0.0000	
25	55	0.1239	4	1	1	0	0	0	0	0	0	N	N	N	N	N	N	N	N	N	N	N	N	330.5693	214.9834	0.0000	238.0212	198.2599	0.0000	27021.5913	1791200.7025	0.0000	0.7216	0.8237	0.0000	4.1132	4.2140	0.0000	0.4246	0.4896	0.0000	0.0022	0.0038	0.0000	0.0173	0.0213	0.0000	0.0000	0.0000	0.0000	0.0000	0.0063	-0.3168	-0.0009	19.6128	8.0033	15.0566	9.9473	0.8709	0.8709	0.0000	0.3997	0.3997	0.0000	0.4712	0.4712	0.0000	0.0016	0.0016	0.0000	0.0016	0.0016	0.0000	0.0000	0.0000	0.0000	1.2069	1.0572	0.1497	0.0972	0.0948	0.0023	1.1097	0.9624	0.1473	0.7339	0.4155	0.3184	0.0921	0.0749	0.0172	0.6418	0.3406	0.3012	330.5693	214.9834	0.0000	238.0212	198.2599	0.0000	27021.5913	1791200.7025	0.0000	0.0022	0.0038	0.0000	0.0173	0.0213	0.0000	0.0000	0.0000	0.0000
25	56	0.1560	4	1	2	0	0	0	0	0	0	N	Y	N	N	N	N	N	N	N	N	N	N	0.0011	0.3239	0.0001	0.5597	0.5055	0.0007	0.0007	0.1628	0.0001	0.0024	0.0026	0.0008	0.0072	0.0076	0.0000	0.0017	0.0018	0.0009	2.2135	0.0080	8.5533	0.0129	0.0150	0.0008	2.4779	0.0109	8.5707	0.0428	317.8501	-0.0006	0.4055	19.6128	5.0156	15.0566	9.5596	0.0017	0.0016	0.0001	0.0007	0.0007	0.0000	0.0010	0.0010	0.0001	0.9944	0.0031	0.9913	0.0020	0.0020	0.0000	0.9924	0.0012	0.9913	0.7135	0.6282	0.0853	0.0947	0.0901	0.0046	0.6188	0.5382	0.0807	0.6421	0.3877	0.2544	0.1533	0.1305	0.0227	0.4888	0.2572	0.2316	0.0015	0.3239	0.0002	0.5597	0.5055	0.0007	0.0008	0.3938	0.0002	1.5488	0.0080	3.8973	0.0129	0.0150	0.0008	2.0304	0.0045	4.2799
25	57	0.1345	3	1	2	0	0	0	0	0	0	N	Y	N	N	N	N	N	N	N	N	N	N	19.9018	18.7143	1.7425	1.4201	1.4099	0.0669	58.0164	81.6820	1.8640	1.0096	1.1396	0.0712	0.1113	0.1172	0.0020	1.2510	1.4429	0.0780	0.0507	0.0609	0.0409	0.0784	0.0831	0.0303	0.0216	0.0177	0.0418	0.0087	0.5229	-0.3466	-0.0069	19.6128	5.2776	15.0566	4.9316	0.9759	0.9675	0.0084	0.0228	0.0228	0.0000	0.9531	0.9447	0.0084	0.0281	0.0184	0.0096	0.0174	0.0168	0.0006	0.0106	0.0016	0.0090	0.9666	0.8490	0.1176	0.2048	0.1943	0.0105	0.7618	0.6547	0.1071	0.7153	0.4794	0.2359	0.2225	0.2025	0.0201	0.4928	0.2769	0.2158	25.7273	29.6390	1.7425	1.4201	1.4099	0.0669	58.0164	250.2045	1.8640	0.0392	0.0384	0.0409	0.0784	0.0831	0.0303	0.0216	0.0058	0.0418
25	58	0.1065	2	1	1	0	0	0	0	0	0	N	N	N	N	N	N	N	N	N	N	N	N	18.1320	0.2856	1062.7787	0.6333	0.9549	1.9346	143.4196	0.7333	1120.1939	1.1447	0.0760	8.4550	0.7088	0.7275	0.0966	1.1718	0.0307	8.5700	0.0631	0.2662	0.0080	1.1193	0.7619	0.0499	0.0082	0.0419	0.0077	16.2613	0.0887	0.6126	-0.0113	19.6128	6.4383	15.0566	5.2340	1.0593	0.0614	0.9979	0.0383	0.0382	0.0002	1.0210	0.0232	0.9978	0.0223	0.0205	0.0018	0.0184	0.0183	0.0001	0.0039	0.0022	0.0017	0.9254	0.8073	0.1180	0.0541	0.0525	0.0016	0.8713	0.7549	0.1164	0.5279	0.2996	0.2283	0.0448	0.0431	0.0016	0.4832	0.2565	0.2267	27.0989	1.1118	1062.7787	1.7283	1.7163	1.9346	143.4196	3.5601	1120.1939	0.0422	0.0684	0.0080	0.4101	0.4239	0.0499	0.0082	0.0086	0.0077
25	63	0.2032	7	2	2	0	1	0	0	0	0	Y	Y	N	N	N	N	N	N	N	N	N	N	0.0000	0.0000	0.0000	0.0000	0.0000	0.0000	0.0000	0.0000	0.0000	0.0000	0.0000	0.0000	0.0000	0.0000	0.0000	0.0037	0.0068	0.0000	0.0438	0.0558	0.0000	0.0000	0.0000	0.0000	0.0000	0.0000	-0.0003	19.6128	2.0000	15.0566	2.0002	0.0000	0.0000	0.0000	0.0000	0.0000	0.0000	0.0000	0.0000	0.0000	0.0006	0.0006	0.0000	0.0006	0.0006	0.0000	0.0000	0.0000	0.0000	0.2834	0.2490	0.0344	0.0399	0.0374	0.0026	0.2435	0.2116	0.0319	0.1507	0.0824	0.0683	0.0128	0.0100	0.0027	0.1379	0.0723	0.0656	0.0000	0.0000	0.0000	0.0000	0.0000	0.0000	0.0000	0.0000	0.0000	0.0037	0.0068	0.0000	0.0438	0.0558	0.0000	0.0000	0.0000	0.0000				
25	64	0.2189	11	1	2	0	1	0	0	0	0	N	Y	N	N	N	N	N	N	N	N	N	N	0.0000	0.0000	0.0000	0.0000	0.0000	0.0000	0.0000	0.0000	0.0000	0.0000	0.0000	0.0000	0.0000	0.0000	0.0000	0.0000	0.0000	0.0000	4.5213	0.0071	19.1806	0.0054	0.0064	0.0000	4.4182	0.0221	19.2229	978.9203	0.0000	0.4096	19.6128	2.0059	15.0566	4.8036	0.0000	0.0000	0.0000	0.0000	0.0000	0.0000	0.0000	0.0000	0.0000	0.9994	0.0010	0.9984	0.0002	0.0002	0.0000	0.9993	0.0009	0.9984	0.2868	0.2522	0.0346	0.0452	0.0422	0.0029	0.2416	0.2100	0.0317	0.2562	0.1443	0.1119	0.0300	0.0252	0.0048	0.2262	0.1191	0.1071	0.0000	0.0000	0.0000	0.0000	0.0000	0.0000	0.0000	0.0000	0.0000	3.9013	0.0071	8.9260	0.0054	0.0064	0.0000	4.4182	0.0072	9.3231	
25	65	0.2161	9	1	2	0	0	0	0	0	0	N	Y	N	N	N	N	N	N	N	N	N	N	0.0521	14.0400	0.0000	14.6395	18.4420	0.0000	0.0000	1.6249	0.0000	0.0454	0.0514	0.0000	0.2782	0.2943	0.0000	0.0000	0.0000	0.0000	0.8711	0.0037	0.6266	0.0190	0.0160	0.0401	1.0781	0.0000	0.5042	0.0000	67.2524	-0.0024	0.0030	19.6128	0.9804	15.0566	0.2754	0.0067	0.0067	0.0000	0.0067	0.0067	0.0000	0.0000	0.0000	0.0000	0.0075	0.0001	0.0074	0.0002	0.0001	0.0000	0.0074	0.0000	0.0074	0.1478	0.1305	0.0173	0.0241	0.0228	0.0013	0.1237	0.1077	0.0160	0.0547	0.0302	0.0246	0.0079	0.0069	0.0010	0.0468	0.0232	0.0236	0.3294	14.0400	0.0000	14.6395	18.4420	0.0000	0.0000	1.6249	0.0000	0.1378	0.0037	0.3026	0.0190	0.0160	0.0401	0.1579	0.0000	0.3137
25	66	0.2140	10	1	1	1	1	0	0	0	0	N	N	N	N	N	N	N	N	N	N	N	N	0.0000	0.0000	0.0000	0.0000	0.0000	0.0000	0.0000	0.0000	0.0000	0.0000	0.0000	0.0000	0.0000	0.0000	0.0000	0.0000	0.0000	0.0000	5.2851	0.5404	22.2395	0.0012	0.0014	0.0000	5.1261	1.5035	20.9429	88.6217	0.0000	0.4035	19.6128	0.9437	15.0566	4.8091	0.0000	0.0000	0.0000	0.0000	0.0000	0.0000	0.0000	0.0000	0.0000	1.0094	0.0113	0.9981	0.0000	0.0000	0.0000	1.0094	0.0112	0.9981	0.1860	0.1631	0.0229	0.0503	0.0476	0.0027	0.1357	0.1156	0.0202	0.2240	0.1269	0.0971	0.0271	0.0230	0.0041	0.1969	0.1039	0.0931	0.0000	0.0000	0.0000	0.0000	0.0000	0.0000	0.0000	0.0000	0.0000	4.5064	0.0888	10.2781	0.0012	0.0014	0.0000	5.1261	0.1081	10.7262	
25	67	0.2069	9	1	1	1	1	0	0	0	0	N	N	N	N	N	N	N	N	N	N	N	N	0.4795	2.1155	0.0000	0.0000	0.0000	0.0000	0.5912	235389.5194	0.0000	1.7775	2.0221	0.0000	0.0000	0.0000	0.0000	2.0716	2.3825	0.0000	3.7069	0.9558	15.1070	3.0848	3.3018	0.0000	3.5040	0.0000	14.7742	0.0000	37.0935	-0.3638	0.3948	19.6128	4.0088	15.0566	5.0246	1.0000	1.0000	0.0000	0.0000	0.0000	0.0000	1.0000	1.0000	0.0000	1.0263	0.0269	0.9994	0.0269	0.0269	0.0000	0.9994	0.0000	0.9994	0.5626	0.4945	0.0681	0.0799	0.0748	0.0051	0.4827	0.4197	0.0630	0.3370	0.1858	0.1512	0.0309	0.0249	0.0060	0.3061	0.1609	0.1452	0.5837	13.9473	0.0000	0.0000	0.0000	0.0000	0.6345	235389.5194	0.0000	3.0452	0.1450	6.6096	0.8705	1.0802	0.0000	3.2650	0.0000	6.8830
25	68	0.2189	11	1	1	1	1	0	0	0	0	N	N	N	N	N	N	N	N	N	N	N	N	0.0000	0.0000	0.0000	0.0000	0.0000	0.0000	0.0000	0.0000	0.0000	0.0000	0.0000	0.0000	0.0000	0.0000	0.0000	0.0000	0.0000	0.0000	0.0130	0.0275	0.0000	0.0717	0.0845	0.0000	0.0049	0.0447	0.0000	0.0001	0.0000	-0.0015	19.6128	1.0064	15.0566	4.2000	0.0000	0.0000	0.0000	0.0000	0.0000	0.0000	0.0000	0.0000	0.0000	0.0026	0.0026	0.0000	0.0017	0.0017	0.0000	0.0009	0.0009	0.0000	0.1455	0.1279	0.0175	0.0232	0.0217	0.0015	0.1223	0.1062	0.0161	0.1997	0.1130	0.0867	0.0243	0.0206	0.0037	0.1754	0.0924	0.0830	0.0000	0.0000	0.0000	0.0000	0.0000	0.0000	0.0000	0.0000	0.0000	0.0130	0.0230	0.0000	0.0717	0.0845	0.0000	0.0049	0.0093	0.0000	
25	69	0.2140	10	1	1	0	1	0	0	0	0	N	N	N	N	N	N	N	N	N	N	N	N	0.0000	0.0000	0.0000	0.0000	0.0000	0.0000	0.0000	0.0000	0.0000	0.0000	0.0000	0.0000	0.0000	0.0000	0.0000	0.0000	0.0000	0.0000	1.2492	2.0233	0.0582	0.3644	0.3665	0.0001	1.2998	2.7111	0.0606	0.1250	0.0000	-0.0075	19.6128	1.2889	15.0566	0.3511	0.0000	0.0000	0.0000	0.0000	0.0000	0.0000	0.0000	0.0000	0.0000	0.0157	0.0139	0.0017	0.0027	0.0027	0.0000	0.0130	0.0112	0.0017	0.2348	0.2060	0.0288	0.0574	0.0542	0.0032	0.1774	0.1518	0.0256	0.0735	0.0436	0.0299	0.0121	0.0109	0.0012	0.0614	0.0327	0.0287	0.0000	0.0000	0.0000	0.0000	0.0000	0.0000	0.0000	0.0000	0.0000	0.2131	0.3195	0.0582	0.2238	0.2484	0.0001	0.2110	0.3431	0.0606	
25	70	0.2069	9	1	1	0	1	0	0	0	0	N	N	N	N	N	N	N	N	N	N	N	N	0.0000	0.0000	0.0000	0.0051	0.0047	0.0000	0.0000	0.0000	0.0000	0.0001	0.0001	0.0000	0.0006	0.0007	0.0000	0.0000	0.0000	0.0000	15.4309	23.3112	0.0528	0.1211	0.1416	0.0003	13.5949	25.8457	0.0550	0.0000	0.0019	-0.0000	-0.5662	19.6128	0.7777	15.0566	1.1718	0.0000	0.0000	0.0000	0.0000	0.0000	0.0000	0.0000	0.0000	0.0000	0.9643	0.9625	0.0018	0.0011	0.0011	0.0000	0.9632	0.9613	0.0018	0.1118	0.0982	0.0136	0.0161	0.0151	0.0010	0.0957	0.0831	0.0126	0.0803	0.0453	0.0350	0.0095	0.0081	0.0014	0.0708	0.0372	0.0337	0.0000	0.0000	0.0000	0.0051	0.0047	0.0000	0.0000	0.0000	0.0000	12.0069	21.2531	0.0528	0.1211	0.1416	0.0003	13.5949	25.8457	0.0550
25	71	0.2032	8	1	1	0	1	0	0	0	0	N	N	N	N	N	N	N	N	N	N	N	N	0.0000	0.0000	0.0000	0.0000	0.0000	0.0000	0.0000	0.0000	0.0000	0.0001	0.0001	0.0000	0.0000	0.0000	0.0000	0.0001	0.0001	0.0000	1.8006	2.9796	0.0370	0.1925	0.2313	0.0000	1.7544	3.5352	0.0386	0.0000	0.0240	-0.0000	-0.0159	19.6128	0.9929	15.0566	0.0325	0.0000	0.0000	0.0000	0.0000	0.0000	0.0000	0.0000	0.0000	0.0000	0.0281	0.0274	0.0007	0.0006	0.0006	0.0000	0.0275	0.0269	0.0007	0.1415	0.1243	0.0172	0.0199	0.0187	0.0013	0.1216	0.1056	0.0159	0.0393	0.0215	0.0178	0.0034	0.0027	0.0007	0.0359	0.0188	0.0171	0.0001	0.0001	0.0000	0.0000	0.0000	0.0000	0.0001	0.0001	0.0000	0.7150	1.2767	0.0370	0.1658	0.2103	0.0000	0.7667	1.4279	0.0386
25	72	0.2484	7	2	2	0	0	0	0	0	0	Y	Y	N	N	N	N	N	N	N	N	N	N	0.0000	0.0000	0.0000	0.0000	0.0000	0.0000	0.0000	0.0000	0.0000	0.0000	0.0000	0.0000	0.0000	0.0000	0.0000	0.0000	0.0000	0.0000	0.0000	0.0000	19.6128	0.0000	15.0566	0.0001	0.0000	0.0000	0.0000	0.0000	0.0000	0.0000	0.0000	0.0000	0.0000	0.0000	0.0000	0.0000	0.0000	0.0000	0.0000	0.0000	0.0000	0.0000	0.0000	0.0000	0.0000	0.0000	0.0000	0.0000	0.0000	0.0000	0.0000	0.0000	0.0000	0.0000	0.0000	0.0000	0.0000	0.0000	0.0000	0.0000	0.0000	0.0000	0.0000	0.0000	0.0000	0.0000	0.0000	0.0000	0.0000	0.0000	0.0000	0.0000	0.0000	0.0000	0.0000	0.0000	0.0000	0.0000											
25	73	0.1851	6	2	2	0	0	0	0	0	0	Y	Y	N	N	N	N	N	N	N	N	N	N	0.0009	0.1062	0.0000	0.1275	0.1072	0.0000	0.0000	0.1535	0.0000	0.0020	0.0023	0.0000	0.0153	0.0163	0.0000	0.0000	0.0000	0.0000	2.3144	0.0213	8.3109	0.1198	0.1517	0.0000	2.2299	0.0000	7.6283	0.0000	148.6101	-0.0010	0.4054	19.6128	9.9619	15.0566	7.0378	0.0028	0.0028	0.0000	0.0028	0.0028	0.0000	0.0000	0.0000	0.0000	1.0030	0.0067	0.9963	0.0067	0.0067	0.0000	0.9963	0.0000	0.9963	1.3837	1.2154	0.1682	0.1802	0.1693	0.0109	1.2035	1.0461	0.1573	0.6161	0.3373	0.2787	0.0560	0.0442	0.0118	0.5601	0.2931	0.2670	0.0012	0.1140	0.0000	0.1275	0.1072	0.0000	0.0000	0.1535	0.0000	1.6281	0.0199	3.5743	0.1198	0.1517	0.0000	1.7788	0.0000	3.7318
25	74	0.1969	6	1	2	0	0	0	0	0	0	N	Y	N	N	N	N	N	N	N	N	N	N	13.3022	0.0207	404357.3493	0.0452	0.0436	4.6987	298442.4076	0.0000	2007069.1463	0.6187	0.0053	5.3225	0.0230	0.0242	0.0011	0.7723	0.0000	5.8956	0.0465	0.2560	0.0000	0.5081	0.5556	0.0002	0.0000	0.0000	0.0000	130.8384	0.0002	0.4640	-0.0073	19.6128	7.0442	15.0566	2.0273	0.7382	0.0056	0.7326	0.0056	0.0056	0.0000	0.7325	0.0000	0.7325	0.0125	0.0125	0.0000	0.0125	0.0125	0.0000	0.0000	0.0000	0.0000	1.1930	1.0554	0.1376	0.2445	0.2311	0.0134	0.9485	0.8243	0.1243	0.3394	0.1850	0.1544	0.0413	0.0344	0.0069	0.2981	0.1506	0.1476	16.8479	0.0787	404357.3493	0.0761	0.0669	4.6987	298442.4076	0.0000	2007069.1463	0.0367	0.0674	0.0000	0.3019	0.3619	0.0002	0.0000	0.0000	0.0000
25	75	0.1730	5	1	2	0	0	0	0	0	0	N	Y	N	N	N	N	N	N	N	N	N	N	0.1314	0.0659	0.9918	0.0177	0.0118	9.3394	0.1583	0.2873	1.0009	0.0112	0.0003	0.0948	0.0004	0.0004	0.0026	0.0136	0.0003	0.0999	0.0856	0.0053	0.0956	0.0244	0.0304	0.0003	0.0861	0.0012	0.0998	35.3249	14.7291	0.0052	0.0046	19.6128	4.3369	15.0566	3.0972	0.0085	0.0002	0.0083	0.0001	0.0000	0.0000	0.0085	0.0002	0.0083	0.0132	0.0008	0.0124	0.0007	0.0007	0.0000	0.0126	0.0002	0.0124	0.7578	0.6704	0.0874	0.1368	0.1322	0.0046	0.6210	0.5382	0.0828	0.2882	0.1585	0.1297	0.0278	0.0223	0.0055	0.2604	0.1362	0.1242	0.2447	0.0659	0.9918	0.0177	0.0118	9.3394	0.2825	0.2873	1.0009	0.0459	0.0053	0.0956	0.0244	0.0304	0.0003	0.0482	0.0012	0.0998
25	76	0.2603	10	2	2	0	0	0	0	0	0	Y	Y	N	N	N	N	N	N	N	N	N	N	12418.5583	15146.3149	0.0000	0.1268	0.1111	0.0000	27780.0700	6156087.5318	0.0000	2.6362	2.9793	0.0000	0.0002	0.0002	0.0000	3.1363	3.5888	0.0000	0.0002	0.0002	0.0002	0.0013	0.0016	0.0001	0.0001	0.0000	0.0002	0.0000	0.9675	-0.3636	-0.0000	19.6128	1.9992	15.0566	0.0055	0.9994	0.9994	0.0000	0.0000	0.0000	0.0000	0.9994	0.9994	0.0000	0.0000	0.0000	0.0000	0.0000	0.0000	0.0000	0.0000	0.0000	0.0000	0.3791	0.3354	0.0436	0.0604	0.0570	0.0035	0.3187	0.2785	0.0402	0.0971	0.0533	0.0438	0.0081	0.0066	0.0015	0.0890	0.0467	0.0424	12418.5583	15146.3149	0.0000	0.1268	0.1111	0.0000	27780.0700	6156087.5318	0.0000	0.0002	0.0002	0.0002	0.0013	0.0016	0.0001	0.0001	0.0000	0.0002
25	77	0.2161	9	2	2	0	0	0	0	0	0	Y	Y	N	N	N	N	N	N	N	N	N	N	0.0380	4.6297	0.0272	0.6036	0.0000	2.9206	0.0296	13.7937	0.0000	0.0011	0.0010	0.0017	0.0014	0.0000	0.0237	0.0010	0.0012	0.0000	0.0279	0.0002	0.0615	0.0023	0.0009	0.0081	0.0340	0.0001	0.0639	0.2314	239.5689	-0.0001	0.0030	19.6128	5.0219	15.0566	2.0148	0.0008	0.0006	0.0001	0.0001	0.0000	0.0001	0.0006	0.0006	0.0000	0.0075	0.0000	0.0074	0.0001	0.0000	0.0000	0.0074	0.0000	0.0074	0.7079	0.6234	0.0845	0.1033	0.0974	0.0059	0.6045	0.5260	0.0785	0.2675	0.1468	0.1208	0.0272	0.0222	0.0050	0.2403	0.1246	0.1157	0.0380	4.6297	0.0272	0.6036	0.0000	2.9206	0.0328	13.7937	0.0000	0.0279	0.0002	0.0615	0.0023	0.0009	0.0081	0.0308	0.0001	0.0639
25	78	0.2032	8	1	2	0	0	0	0	0	0	N	Y	N	N	N	N	N	N	N	N	N	N	0.0001	0.3353	0.0000	0.6639	0.5574	0.0000	0.0000	0.0000	0.0010	0.0011	0.0000	0.0069	0.0074	0.0000	0.0000	0.0000	0.0000	7.4010	0.0033	32.4493	0.0104	0.0132	0.0000	7.6596	0.0033	31.8803	0.0012	3889.4630	-0.0001	0.4075	19.6128	1.0203	15.0566	2.7327	0.0001	0.0001	0.0000	0.0001	0.0001	0.0000	0.0000	0.0000	0.0000	0.9924	0.0003	0.9921	0.0001	0.0001	0.0000	0.9923	0.0001	0.9921	0.1454	0.1277	0.0177	0.0205	0.0192	0.0013	0.1249	0.1085	0.0164	0.1415	0.0774	0.0642	0.0120	0.0094	0.0026	0.1295	0.0679	0.0616	0.0001	0.3353	0.0000	0.6639	0.5574	0.0000	0.0000	0.0000	0.0000	7.0110	0.0033	15.4565	0.0104	0.0132	0.0000	7.6596	0.0019	16.1020	
25	79	0.2032	7	1	1	0	0	0	0	0	0	N	N	N	N	N	N	N	N	N	N	N	N	0.0000	0.0000	0.0000	0.0000	0.0000	0.0000	0.0000	0.0000	0.0000	0.0000	0.0000	0.0000	0.0000	0.0000	0.0000	0.0000	0.0000	5.8073	6.7054	14.9156	33.9755	33.2552	0.0000	4.1992	3.6516	14.5439	0.6471	0.0000	-0.0002	19.6128	0.0000	15.0566	0.0018	0.0000	0.0000	0.0000	0.0000	0.0000	0.0000	0.0000	0.0000	0.0000	0.0011	0.0007	0.0004	0.0006	0.0006	0.0000	0.0006	0.0001	0.0004	0.0000	0.0000	0.0000	0.0000	0.0000	0.0000	0.0000	0.0000	0.0000	0.0002	0.0001	0.0001	0.0001	0.0001	0.0000	0.0001	0.0001	0.0001	0.0000	0.0000	0.0000	0.0000	0.0000	0.0000	0.0000	0.0000	0.0000	5.2082	4.5968	6.5557	7.1995	7.3311	0.0000	4.0797	1.6769	6.6950		
25	80	0.1851	6	1	1	0	0	0	0	0	0	N	N	N	N	N	N	N	N	N	N	N	N	0.0011	0.1065	0.0000	0.1044	0.1037	0.0000	0.0000	0.0002	0.0000	0.0060	0.0068	0.0000	0.0413	0.0436	0.0000	0.0000	0.0000	0.0000	5.6590	0.0639	24.7153	0.3956	0.4209	0.0767	5.5537	0.0014	24.4435	0.0000	230.9747	-0.0010	0.4059	19.6128	3.0825	15.0566	2.0124	0.0028	0.0028	0.0000	0.0028	0.0028	0.0000	0.0000	0.0000	0.0000	0.9984	0.0043	0.9941	0.0045	0.0042	0.0003	0.9940	0.0001	0.9938	0.4619	0.4045	0.0574	0.0667	0.0631	0.0036	0.3953	0.3414	0.0538	0.1982	0.1089	0.0894	0.0192	0.0154	0.0038	0.1790	0.0934	0.0855	0.0012	0.1722	0.0000	0.1775	0.1610	0.0000	0.0000	0.0003	0.0000	5.0372	0.0395	11.1259	0.2326	0.2711	0.0767	5.5537	0.0013	11.6181
25	81	0.1730	5	1	1	0	0	0	0	0	0	N	N	N	N	N	N	N	N	N	N	N	N	1.6550	12.3002	0.0011	23.4241	19.8178	0.0214	0.0011	0.0052	0.0011	0.5884	0.6644	0.0002	3.0881	3.1860	0.0000	0.0003	0.0003	0.0002	0.3555	0.0540	0.1480	0.1318	0.1608	0.0010	0.2931	0.0677	0.1544	0.0000	3.4700	-0.1423	0.0024	19.6128	3.6751	15.0566	0.0788	0.3913	0.3913	0.0000	0.3911	0.3911	0.0000	0.0002	0.0002	0.0000	0.0128	0.0029	0.0100	0.0021	0.0021	0.0000	0.0108	0.0008	0.0100	0.6651	0.5889	0.0762	0.1267	0.1228	0.0039	0.5384	0.4662	0.0723	0.1510	0.0836	0.0674	0.0157	0.0129	0.0028	0.1352	0.0707	0.0645	6.9175	19.3366	0.0011	23.4241	19.8178	0.0214	0.0041	0.0308	0.0011	0.0851	0.0344	0.1480	0.1318	0.1608	0.0010	0.0796	0.0113	0.1544
25	82	0.1239	4	1	1	0	0	0	0	0	0	N	N	N	N	N	N	N	N	N	N	N	N	125.4233	111.0500	0.0510	9.3924	7.9704	0.3111	204.4303	96.0792	0.0490	0.7829	0.8935	0.0002	0.1886	0.1933	0.0000	0.8340	0.9613	0.0002	0.0062	0.0080	0.0038	0.0201	0.0243	0.0000	0.0041	0.0100	0.0040	0.0000	0.3538	-0.3630	-0.0012	19.6128	8.5011	15.0566	5.2406	0.9979	0.9978	0.0000	0.0190	0.0190	0.0000	0.9788	0.9788	0.0000	0.0037	0.0027	0.0010	0.0016	0.0016	0.0000	0.0021	0.0011	0.0010	1.2746	1.1168	0.1578	0.1010	0.0986	0.0024	1.1736	1.0182	0.1554	0.5874	0.3366	0.2508	0.0794	0.0657	0.0137	0.5080	0.2709	0.2371	125.4233	111.0500	0.0510	9.3924	7.9704	0.3111	204.4303	233.5656	0.0490	0.0062	0.0080	0.0038	0.0201	0.0243	0.0000	0.0041	0.0041	0.0040
26	27	0.1266	4	1	0	2	0	0	0	0	0	N	N	Y	N	N	N	N	N	N	N	N	N	0.0000	0.0000	0.0000	0.0000	0.0000	0.0000	0.0000	0.0000	0.0000	0.0000	0.0000	0.0000	0.0000	0.0000	0.0000	0.0000	0.0000	0.0000	0.0000	0.0000	0.0000	6.0046	0.0000	3.2467	0.0000	0.0000	0.0000	0.0000	0.0000	0.0000	0.0000	0.0000	0.0000	0.0000	0.0000	0.0000	0.0000	0.0000	0.0000	0.0000	0.0000	0.0000	0.0000	0.0000	0.0000	0.0000	0.0000	0.0000	0.0000	0.0000	0.0000	0.0000	0.0000	0.0000	0.0000	0.0000	0.0000	0.0000	0.0000	0.0000	0.0000	0.0000	0.0000	0.0000	0.0000	0.0000	0.0000	0.0000	0.0000	0.0000	0.0000	0.0000	0.0000	0.0000	0.0000	0.0000	0.0000	0.0000											
26	28	0.0902	3	1	0	1	0	0	0	0	0	N	N	N	N	N	N	N	N	N	N	N	N	0.0000	0.0000	0.0000	0.0000	0.0000	0.0000	0.0000	0.0000	0.0000	0.0000	0.0000	0.0000	0.0000	0.0000	0.0000	0.0000	0.0000	0.0000	0.0000	0.0000	0.0000	7.0330	0.0000	8.3476	0.0000	0.0000	0.0000	0.0000	0.0000	0.0000	0.0000	0.0000	0.0000	0.0000	0.0000	0.0000	0.0000	0.0000	0.0000	0.0000	0.0000	0.0000	0.0000	0.0000	0.0000	0.0000	0.0000	0.0000	0.0000	0.0000	0.0000	0.0000	0.0000	0.0000	0.0000	0.0000	0.0000	0.0000	0.0000	0.0000	0.0000	0.0000	0.0000	0.0000	0.0000	0.0000	0.0000	0.0000	0.0000	0.0000	0.0000	0.0000	0.0000	0.0000	0.0000	0.0000	0.0000	0.0000											
26	29	0.1002	4	0	1	1	1	0	0	0	0	N	N	N	N	N	N	N	N	N	N	N	N	0.0000	0.0000	0.0000	0.0000	0.0000	0.0000	0.0000	0.0000	0.0000	0.0000	0.0000	0.0000	0.0000	0.0000	0.0000	0.0000	0.0000	0.0000	0.0000	0.0000	0.0000	12.7698	0.0000	10.8465	0.0000	0.0000	0.0000	0.0000	0.0000	0.0000	0.0000	0.0000	0.0000	0.0000	0.0000	0.0000	0.0000	0.0000	0.0000	0.0000	0.0000	0.0000	0.0000	0.0000	0.0000	0.0000	0.0000	0.0000	0.0000	0.0000	0.0000	0.0000	0.0000	0.0000	0.0000	0.0000	0.0000	0.0000	0.0000	0.0000	0.0000	0.0000	0.0000	0.0000	0.0000	0.0000	0.0000	0.0000	0.0000	0.0000	0.0000	0.0000	0.0000	0.0000	0.0000	0.0000	0.0000	0.0000											
26	30	0.1968	10	1	0	2	0	0	0	0	0	N	N	Y	N	N	N	N	N	N	N	N	N	0.0000	0.0000	0.0000	0.0000	0.0000	0.0000	0.0000	0.0000	0.0000	0.0000	0.0000	0.0000	0.0000	0.0000	0.0000	0.0000	0.0000	0.0000	0.0000	0.0000	0.0000	11.8338	0.0000	5.9707	0.0000	0.0000	0.0000	0.0000	0.0000	0.0000	0.0000	0.0000	0.0000	0.0000	0.0000	0.0000	0.0000	0.0000	0.0000	0.0000	0.0000	0.0000	0.0000	0.0000	0.0000	0.0000	0.0000	0.0000	0.0000	0.0000	0.0000	0.0000	0.0000	0.0000	0.0000	0.0000	0.0000	0.0000	0.0000	0.0000	0.0000	0.0000	0.0000	0.0000	0.0000	0.0000	0.0000	0.0000	0.0000	0.0000	0.0000	0.0000	0.0000	0.0000	0.0000	0.0000	0.0000	0.0000											
26	31	0.1002	4	0	0	2	0	0	0	0	0	N	N	Y	N	N	N	N	N	N	N	N	N	0.0000	0.0000	0.0000	0.0000	0.0000	0.0000	0.0000	0.0000	0.0000	0.0000	0.0000	0.0000	0.0000	0.0000	0.0000	0.0000	0.0000	0.0000	0.0000	0.0000	0.0000	6.9288	0.0000	3.0309	0.0000	0.0000	0.0000	0.0000	0.0000	0.0000	0.0000	0.0000	0.0000	0.0000	0.0000	0.0000	0.0000	0.0000	0.0000	0.0000	0.0000	0.0000	0.0000	0.0000	0.0000	0.0000	0.0000	0.0000	0.0000	0.0000	0.0000	0.0000	0.0000	0.0000	0.0000	0.0000	0.0000	0.0000	0.0000	0.0000	0.0000	0.0000	0.0000	0.0000	0.0000	0.0000	0.0000	0.0000	0.0000	0.0000	0.0000	0.0000	0.0000	0.0000	0.0000	0.0000	0.0000	0.0000											
26	32	0.0902	3	0	0	1	0	0	0	0	0	N	N	N	N	N	N	N	N	N	N	N	N	0.0000	0.0000	0.0000	0.0000	0.0000	0.0000	0.0000	0.0000	0.0000	0.0000	0.0000	0.0000	0.0000	0.0000	0.0000	0.0000	0.0000	0.0000	0.0000	0.0000	0.0000	1.8775	0.0000	3.1058	0.0000	0.0000	0.0000	0.0000	0.0000	0.0000	0.0000	0.0000	0.0000	0.0000	0.0000	0.0000	0.0000	0.0000	0.0000	0.0000	0.0000	0.0000	0.0000	0.0000	0.0000	0.0000	0.0000	0.0000	0.0000	0.0000	0.0000	0.0000	0.0000	0.0000	0.0000	0.0000	0.0000	0.0000	0.0000	0.0000	0.0000	0.0000	0.0000	0.0000	0.0000	0.0000	0.0000	0.0000	0.0000	0.0000	0.0000	0.0000	0.0000	0.0000	0.0000	0.0000	0.0000	0.0000											
26	33	0.0779	2	0	0	1	0	0	0	0	0	N	N	N	N	N	N	N	N	N	N	N	N	0.0000	0.0000	0.0000	0.0000	0.0000	0.0000	0.0000	0.0000	0.0000	0.0000	0.0000	0.0000	0.0000	0.0000	0.0000	0.0000	0.0000	0.0000	0.0000	0.0000	0.0000	5.3867	0.0000	0.9197	0.0000	0.0000	0.0000	0.0000	0.0000	0.0000	0.0000	0.0000	0.0000	0.0000	0.0000	0.0000	0.0000	0.0000	0.0000	0.0000	0.0000	0.0000	0.0000	0.0000	0.0000	0.0000	0.0000	0.0000	0.0000	0.0000	0.0000	0.0000	0.0000	0.0000	0.0000	0.0000	0.0000	0.0000	0.0000	0.0000	0.0000	0.0000	0.0000	0.0000	0.0000	0.0000	0.0000	0.0000	0.0000	0.0000	0.0000	0.0000	0.0000	0.0000	0.0000	0.0000	0.0000	0.0000											
26	34	0.0053	2	0	1	1	0	0	0	0	0	N	N	N	N	N	N	N	N	N	N	N	N	0.0000	0.0000	0.0000	0.0000	0.0000	0.0000	0.0000	0.0000	0.0000	0.0000	0.0000	0.0000	0.0000	0.7289	1.1056	0.0000	0.4223	0.3589	0.0000	0.0000	0.0000	0.0000	0.0000	0.0000	-0.0000	0.0000	0.0019	0.0000	3.0025	0.0000	0.0000	0.0000	0.0000	0.0000	0.0000	0.0000	0.0000	0.0000	0.0000	0.0000	0.0000	0.0000	0.0000	0.0000	0.0000	0.0000	0.0000	0.0000	0.0000	0.0000	0.0000	0.0000	0.0000	0.0000	0.0000	0.0000	0.0000	0.0000	0.0000	0.0000	0.0000	0.0000	0.0000	0.0000	0.0000	0.0000	0.0000	0.0000	0.0000	0.0000	0.0000	0.0000	0.0000	0.0000	0.1129	0.1678	0.0000	0.2472	0.2474	0.0000	0.0000	0.0000	0.0000						
26	35	0.2630	10	1	1	1	0	0	0	0	0	N	N	N	N	N	N	N	N	N	N	N	N	0.0000	0.0000	0.0000	0.0000	0.0000	0.0000	0.0000	0.0000	0.0000	0.0000	0.0000	0.0000	0.0000	0.0000	0.0000	0.0000	0.0000	0.0000	0.0000	0.0000	0.0000	1.0000	0.0000	1.9999	0.0000	0.0000	0.0000	0.0000	0.0000	0.0000	0.0000	0.0000	0.0000	0.0000	0.0000	0.0000	0.0000	0.0000	0.0000	0.0000	0.0000	0.0000	0.0000	0.0000	0.0000	0.0000	0.0000	0.0000	0.0000	0.0000	0.0000	0.0000	0.0000	0.0000	0.0000	0.0000	0.0000	0.0000	0.0000	0.0000	0.0000	0.0000	0.0000	0.0000	0.0000	0.0000	0.0000	0.0000	0.0000	0.0000	0.0000	0.0000	0.0000	0.0000	0.0000	0.0000	0.0000	0.0000											
26	36	0.2277	10	0	1	2	0	0	0	0	0	N	N	Y	N	N	N	N	N	N	N	N	N	0.0000	0.0000	0.0000	0.0000	0.0000	0.0000	0.0000	0.0000	0.0000	0.0000	0.0000	0.0000	0.0000	0.0000	0.0000	0.0000	0.0000	0.0000	0.0000	0.0000	0.0000	3.0341	0.0000	5.2124	0.0000	0.0000	0.0000	0.0000	0.0000	0.0000	0.0000	0.0000	0.0000	0.0000	0.0000	0.0000	0.0000	0.0000	0.0000	0.0000	0.0000	0.0000	0.0000	0.0000	0.0000	0.0000	0.0000	0.0000	0.0000	0.0000	0.0000	0.0000	0.0000	0.0000	0.0000	0.0000	0.0000	0.0000	0.0000	0.0000	0.0000	0.0000	0.0000	0.0000	0.0000	0.0000	0.0000	0.0000	0.0000	0.0000	0.0000	0.0000	0.0000	0.0000	0.0000	0.0000	0.0000	0.0000											
26	37	0.2039	9	0	1	1	0	0	0	0	0	N	N	N	N	N	N	N	N	N	N	N	N	0.0000	0.0000	0.0000	0.0000	0.0000	0.0000	0.0000	0.0000	0.0000	0.0000	0.0000	0.0000	0.0000	0.0000	0.0000	0.0000	0.0000	0.0000	0.0000	0.0000	0.0000	3.0544	0.0000	4.8962	0.0000	0.0000	0.0000	0.0000	0.0000	0.0000	0.0000	0.0000	0.0000	0.0000	0.0000	0.0000	0.0000	0.0000	0.0000	0.0000	0.0000	0.0000	0.0000	0.0000	0.0000	0.0000	0.0000	0.0000	0.0000	0.0000	0.0000	0.0000	0.0000	0.0000	0.0000	0.0000	0.0000	0.0000	0.0000	0.0000	0.0000	0.0000	0.0000	0.0000	0.0000	0.0000	0.0000	0.0000	0.0000	0.0000	0.0000	0.0000	0.0000	0.0000	0.0000	0.0000	0.0000	0.0000											
26	38	0.0053	2	0	0	2	0	0	0	0	0	N	N	Y	N	N	N	N	N	N	N	N	N	0.0000	0.0000	0.0000	0.0000	0.0000	0.0000	0.0000	0.0000	0.0000	0.0000	0.0000	0.0000	0.0000	0.8801	1.4580	0.0000	0.4855	0.4569	0.0000	0.0000	0.0000	0.0000	0.0000	0.0000	-0.0000	0.0000	0.9992	0.0000	1.0069	0.0000	0.0000	0.0000	0.0000	0.0000	0.0000	0.0000	0.0000	0.0000	0.0000	0.0000	0.0000	0.0000	0.0000	0.0000	0.0000	0.0000	0.0000	0.0000	0.0000	0.0000	0.0000	0.0000	0.0000	0.0000	0.0000	0.0000	0.0000	0.0000	0.0000	0.0000	0.0000	0.0000	0.0000	0.0000	0.0000	0.0000	0.0000	0.0000	0.0000	0.0000	0.0000	0.0000	0.0000	0.0000	0.1379	0.2149	0.0000	0.2967	0.2970	0.0000	0.0000	0.0000	0.0000						
26	42	0.1385	7	0	0	1	0	0	0	0	0	N	N	N	N	N	N	N	N	N	N	N	N	0.0000	0.0000	0.0000	0.0000	0.0000	0.0000	0.0000	0.0000	0.0000	0.0000	0.0000	0.0000	0.0000	0.0000	0.0000	0.0000	0.0000	0.0000	0.0000	0.0000	0.0000	17.0025	0.0000	6.0864	0.0000	0.0000	0.0000	0.0000	0.0000	0.0000	0.0000	0.0000	0.0000	0.0000	0.0000	0.0000	0.0000	0.0000	0.0000	0.0000	0.0000	0.0000	0.0000	0.0000	0.0000	0.0000	0.0000	0.0000	0.0000	0.0000	0.0000	0.0000	0.0000	0.0000	0.0000	0.0000	0.0000	0.0000	0.0000	0.0000	0.0000	0.0000	0.0000	0.0000	0.0000	0.0000	0.0000	0.0000	0.0000	0.0000	0.0000	0.0000	0.0000	0.0000	0.0000	0.0000	0.0000	0.0000											
26	44	0.1385	7	0	1	1	0	0	0	0	0	N	N	N	N	N	N	N	N	N	N	N	N	0.0000	0.0000	0.0000	0.0000	0.0000	0.0000	0.0000	0.0000	0.0000	0.0000	0.0000	0.0000	0.0000	0.0000	0.0000	0.0000	0.0000	0.0000	0.0000	0.0000	0.0000	6.9958	0.0000	11.8523	0.0000	0.0000	0.0000	0.0000	0.0000	0.0000	0.0000	0.0000	0.0000	0.0000	0.0000	0.0000	0.0000	0.0000	0.0000	0.0000	0.0000	0.0000	0.0000	0.0000	0.0000	0.0000	0.0000	0.0000	0.0000	0.0000	0.0000	0.0000	0.0000	0.0000	0.0000	0.0000	0.0000	0.0000	0.0000	0.0000	0.0000	0.0000	0.0000	0.0000	0.0000	0.0000	0.0000	0.0000	0.0000	0.0000	0.0000	0.0000	0.0000	0.0000	0.0000	0.0000	0.0000	0.0000											
26	45	0.1769	8	0	1	1	0	0	0	0	0	N	N	N	N	N	N	N	N	N	N	N	N	0.0000	0.0000	0.0000	0.0000	0.0000	0.0000	0.0000	0.0000	0.0000	0.0000	0.0000	0.0000	0.0000	0.0000	0.0000	0.0000	0.0000	0.0000	0.0000	0.0000	0.0000	20.1318	0.0000	17.5118	0.0000	0.0000	0.0000	0.0000	0.0000	0.0000	0.0000	0.0000	0.0000	0.0000	0.0000	0.0000	0.0000	0.0000	0.0000	0.0000	0.0000	0.0000	0.0000	0.0000	0.0000	0.0000	0.0000	0.0000	0.0000	0.0000	0.0000	0.0000	0.0000	0.0000	0.0000	0.0000	0.0000	0.0000	0.0000	0.0000	0.0000	0.0000	0.0000	0.0000	0.0000	0.0000	0.0000	0.0000	0.0000	0.0000	0.0000	0.0000	0.0000	0.0000	0.0000	0.0000	0.0000	0.0000											
26	46	0.1327	4	0	1	1	0	0	0	0	0	N	N	N	N	N	N	N	N	N	N	N	N	0.0000	0.0000	0.0000	0.0000	0.0000	0.0000	0.0000	0.0000	0.0000	0.0000	0.0000	0.0000	0.0000	2.6830	4.2493	0.0000	17.4802	14.6965	0.0000	0.0000	0.0000	0.0000	0.0000	0.0000	-0.0000	0.0000	15.0410	0.0000	10.9147	0.0000	0.0000	0.0000	0.0000	0.0000	0.0000	0.0000	0.0000	0.0000	0.0000	0.0000	0.0000	0.0000	0.0000	0.0000	0.0000	0.0000	0.0000	0.0000	0.0000	0.0000	0.0000	0.0000	0.0000	0.0000	0.0000	0.0000	0.0000	0.0000	0.0000	0.0000	0.0000	0.0000	0.0000	0.0000	0.0000	0.0000	0.0000	0.0000	0.0000	0.0000	0.0000	0.0000	0.0000	0.0000	1.9214	2.8494	0.0000	3.9380	4.0001	0.0000	0.0000	0.0000	0.0000						
26	47	0.2020	11	1	0	2	0	0	0	0	0	N	N	Y	N	N	N	N	N	N	N	N	N	0.0000	0.0000	0.0000	0.0000	0.0000	0.0000	0.0000	0.0000	0.0000	0.0000	0.0000	0.0000	0.0000	0.0000	0.0000	0.0000	0.0000	0.0000	0.0000	0.0000	0.0000	12.7633	0.0000	6.3722	0.0000	0.0000	0.0000	0.0000	0.0000	0.0000	0.0000	0.0000	0.0000	0.0000	0.0000	0.0000	0.0000	0.0000	0.0000	0.0000	0.0000	0.0000	0.0000	0.0000	0.0000	0.0000	0.0000	0.0000	0.0000	0.0000	0.0000	0.0000	0.0000	0.0000	0.0000	0.0000	0.0000	0.0000	0.0000	0.0000	0.0000	0.0000	0.0000	0.0000	0.0000	0.0000	0.0000	0.0000	0.0000	0.0000	0.0000	0.0000	0.0000	0.0000	0.0000	0.0000	0.0000	0.0000											
26	48	0.1968	10	0	0	1	0	0	0	0	0	N	N	N	N	N	N	N	N	N	N	N	N	0.0000	0.0000	0.0000	0.0000	0.0000	0.0000	0.0000	0.0000	0.0000	0.0000	0.0000	0.0000	0.0000	0.0000	0.0000	0.0000	0.0000	0.0000	0.0000	0.0000	0.0000	0.3513	0.0000	1.9759	0.0000	0.0000	0.0000	0.0000	0.0000	0.0000	0.0000	0.0000	0.0000	0.0000	0.0000	0.0000	0.0000	0.0000	0.0000	0.0000	0.0000	0.0000	0.0000	0.0000	0.0000	0.0000	0.0000	0.0000	0.0000	0.0000	0.0000	0.0000	0.0000	0.0000	0.0000	0.0000	0.0000	0.0000	0.0000	0.0000	0.0000	0.0000	0.0000	0.0000	0.0000	0.0000	0.0000	0.0000	0.0000	0.0000	0.0000	0.0000	0.0000	0.0000	0.0000	0.0000	0.0000	0.0000											
26	49	0.1966	9	0	0	1	0	0	0	0	0	N	N	N	N	N	N	N	N	N	N	N	N	0.0000	0.0000	0.0000	0.0000	0.0000	0.0000	0.0000	0.0000	0.0000	0.0000	0.0000	0.0000	0.0000	0.0000	0.0000	0.0000	0.0000	0.0000	0.0000	0.0000	0.0000	0.1669	0.0000	0.0350	0.0000	0.0000	0.0000	0.0000	0.0000	0.0000	0.0000	0.0000	0.0000	0.0000	0.0000	0.0000	0.0000	0.0000	0.0000	0.0000	0.0000	0.0000	0.0000	0.0000	0.0000	0.0000	0.0000	0.0000	0.0000	0.0000	0.0000	0.0000	0.0000	0.0000	0.0000	0.0000	0.0000	0.0000	0.0000	0.0000	0.0000	0.0000	0.0000	0.0000	0.0000	0.0000	0.0000	0.0000	0.0000	0.0000	0.0000	0.0000	0.0000	0.0000	0.0000	0.0000	0.0000	0.0000											
26	50	0.1966	8	0	0	1	0	0	0	0	0	N	N	N	N	N	N	N	N	N	N	N	N	0.0000	0.0000	0.0000	0.0000	0.0000	0.0000	0.0000	0.0000	0.0000	0.0000	0.0000	0.0000	0.0000	0.0000	0.0000	0.0000	0.0000	0.0000	0.0000	0.0000	0.0000	0.0010	0.0000	0.0028	0.0000	0.0000	0.0000	0.0000	0.0000	0.0000	0.0000	0.0000	0.0000	0.0000	0.0000	0.0000	0.0000	0.0000	0.0000	0.0000	0.0000	0.0000	0.0000	0.0000	0.0000	0.0000	0.0000	0.0000	0.0000	0.0000	0.0000	0.0000	0.0000	0.0000	0.0000	0.0000	0.0000	0.0000	0.0000	0.0000	0.0000	0.0000	0.0000	0.0000	0.0000	0.0000	0.0000	0.0000	0.0000	0.0000	0.0000	0.0000	0.0000	0.0000	0.0000	0.0000	0.0000	0.0000											
26	51	0.1191	6	0	1	1	1	0	0	0	0	N	N	N	N	N	N	N	N	N	N	N	N	0.0000	0.0000	0.0000	0.0000	0.0000	0.0000	0.0000	0.0000	0.0000	0.0000	0.0000	0.0000	0.0000	0.0000	0.0000	0.0000	0.0000	0.0000	0.0000	0.0000	0.0000	7.3891	0.0000	13.2142	0.0000	0.0000	0.0000	0.0000	0.0000	0.0000	0.0000	0.0000	0.0000	0.0000	0.0000	0.0000	0.0000	0.0000	0.0000	0.0000	0.0000	0.0000	0.0000	0.0000	0.0000	0.0000	0.0000	0.0000	0.0000	0.0000	0.0000	0.0000	0.0000	0.0000	0.0000	0.0000	0.0000	0.0000	0.0000	0.0000	0.0000	0.0000	0.0000	0.0000	0.0000	0.0000	0.0000	0.0000	0.0000	0.0000	0.0000	0.0000	0.0000	0.0000	0.0000	0.0000	0.0000	0.0000											
26	52	0.1130	5	0	1	1	0	0	0	0	0	N	N	N	N	N	N	N	N	N	N	N	N	0.0000	0.0000	0.0000	0.0000	0.0000	0.0000	0.0000	0.0000	0.0000	0.0000	0.0000	0.0000	0.0000	0.0000	0.0000	0.0000	0.0000	0.0000	0.0000	0.0000	0.0000	12.1779	0.0000	13.0455	0.0000	0.0000	0.0000	0.0000	0.0000	0.0000	0.0000	0.0000	0.0000	0.0000	0.0000	0.0000	0.0000	0.0000	0.0000	0.0000	0.0000	0.0000	0.0000	0.0000	0.0000	0.0000	0.0000	0.0000	0.0000	0.0000	0.0000	0.0000	0.0000	0.0000	0.0000	0.0000	0.0000	0.0000	0.0000	0.0000	0.0000	0.0000	0.0000	0.0000	0.0000	0.0000	0.0000	0.0000	0.0000	0.0000	0.0000	0.0000	0.0000	0.0000	0.0000	0.0000	0.0000	0.0000											
26	53	0.2039	9	0	1	1	0	0	0	0	0	N	N	N	N	N	N	N	N	N	N	N	N	0.0000	0.0000	0.0000	0.0000	0.0000	0.0000	0.0000	0.0000	0.0000	0.0000	0.0000	0.0000	0.0000	0.0000	0.0000	0.0000	0.0000	0.0000	0.0000	0.0000	0.0000	3.0001	0.0000	3.0003	0.0000	0.0000	0.0000	0.0000	0.0000	0.0000	0.0000	0.0000	0.0000	0.0000	0.0000	0.0000	0.0000	0.0000	0.0000	0.0000	0.0000	0.0000	0.0000	0.0000	0.0000	0.0000	0.0000	0.0000	0.0000	0.0000	0.0000	0.0000	0.0000	0.0000	0.0000	0.0000	0.0000	0.0000	0.0000	0.0000	0.0000	0.0000	0.0000	0.0000	0.0000	0.0000	0.0000	0.0000	0.0000	0.0000	0.0000	0.0000	0.0000	0.0000	0.0000	0.0000	0.0000	0.0000											
26	54	0.1966	8	0	0	1	0	0	0	0	0	N	N	N	N	N	N	N	N	N	N	N	N	0.0000	0.0000	0.0000	0.0000	0.0000	0.0000	0.0000	0.0000	0.0000	0.0000	0.0000	0.0000	0.0000	0.0000	0.0000	0.0000	0.0000	0.0000	0.0000	0.0000	0.0000	1.9998	0.0000	1.0017	0.0000	0.0000	0.0000	0.0000	0.0000	0.0000	0.0000	0.0000	0.0000	0.0000	0.0000	0.0000	0.0000	0.0000	0.0000	0.0000	0.0000	0.0000	0.0000	0.0000	0.0000	0.0000	0.0000	0.0000	0.0000	0.0000	0.0000	0.0000	0.0000	0.0000	0.0000	0.0000	0.0000	0.0000	0.0000	0.0000	0.0000	0.0000	0.0000	0.0000	0.0000	0.0000	0.0000	0.0000	0.0000	0.0000	0.0000	0.0000	0.0000	0.0000	0.0000	0.0000	0.0000	0.0000											
26	55	0.1385	7	0	0	1	0	0	0	0	0	N	N	N	N	N	N	N	N	N	N	N	N	0.0000	0.0000	0.0000	0.0000	0.0000	0.0000	0.0000	0.0000	0.0000	0.0000	0.0000	0.0000	0.0000	0.0000	0.0000	0.0000	0.0000	0.0000	0.0000	0.0000	0.0000	8.0033	0.0000	9.9473	0.0000	0.0000	0.0000	0.0000	0.0000	0.0000	0.0000	0.0000	0.0000	0.0000	0.0000	0.0000	0.0000	0.0000	0.0000	0.0000	0.0000	0.0000	0.0000	0.0000	0.0000	0.0000	0.0000	0.0000	0.0000	0.0000	0.0000	0.0000	0.0000	0.0000	0.0000	0.0000	0.0000	0.0000	0.0000	0.0000	0.0000	0.0000	0.0000	0.0000	0.0000	0.0000	0.0000	0.0000	0.0000	0.0000	0.0000	0.0000	0.0000	0.0000	0.0000	0.0000	0.0000	0.0000											
26	56	0.1542	5	0	1	1	0	0	0	0	0	N	N	N	N	N	N	N	N	N	N	N	N	0.0000	0.0000	0.0000	0.0000	0.0000	0.0000	0.0000	0.0000	0.0000	0.0000	0.0000	0.0000	0.0000	0.0000	0.0000	1.1337	0.0000	1.3180	0.0938	0.0000	5.2522	1.3512	0.0000	0.9216	inf	0.0000	0.0000	0.0000	5.0156	0.0000	9.5596	0.0000	0.0000	0.0000	0.0000	0.0000	0.0000	0.0000	0.0000	0.0000	0.0000	0.0000	0.0000	0.0000	0.0000	0.0000	0.0000	0.0000	0.0000	0.0000	0.0000	0.0000	0.0000	0.0000	0.0000	0.0000	0.0000	0.0000	0.0000	0.0000	0.0000	0.0000	0.0000	0.0000	0.0000	0.0000	0.0000	0.0000	0.0000	0.0000	0.0000	0.0000	0.0000	0.0000	0.0000	0.0000	0.1715	0.0000	0.5292	0.0938	0.0000	1.0370	0.2619	0.0000	0.4395				
26	57	0.1327	4	0	1	1	0	0	0	0	0	N	N	N	N	N	N	N	N	N	N	N	N	0.0000	0.0000	0.0000	0.0000	0.0000	0.0000	0.0000	0.0000	0.0000	0.0000	0.0000	0.0000	0.0000	0.0000	0.0000	0.0000	0.0000	0.0000	1.4256	1.6665	1.1974	0.6707	0.5034	3.2026	1.4832	0.6321	0.9638	1.1428	0.0000	-0.0000	0.0000	5.2776	0.0000	4.9316	0.0000	0.0000	0.0000	0.0000	0.0000	0.0000	0.0000	0.0000	0.0000	0.0000	0.0000	0.0000	0.0000	0.0000	0.0000	0.0000	0.0000	0.0000	0.0000	0.0000	0.0000	0.0000	0.0000	0.0000	0.0000	0.0000	0.0000	0.0000	0.0000	0.0000	0.0000	0.0000	0.0000	0.0000	0.0000	0.0000	0.0000	0.0000	0.0000	0.0000	0.0000	0.0000	0.0000	0.0000	0.0000	0.3489	0.2684	0.4732	0.3352	0.3254	0.8367	0.3626	0.0301	0.4641	
26	58	0.1047	3	0	0	1	0	0	0	0	0	N	N	N	N	N	N	N	N	N	N	N	N	0.0000	0.0000	0.0000	0.0000	0.0000	0.0000	0.0000	0.0000	0.0000	0.0000	0.0000	0.0000	0.0000	0.0000	0.0000	0.0000	1.7278	2.4439	0.0085	5.1238	4.5727	0.0000	0.0028	0.0000	0.0086	0.0025	0.0000	-0.0000	0.0000	6.4383	0.0000	5.2340	0.0000	0.0000	0.0000	0.0000	0.0000	0.0000	0.0000	0.0000	0.0000	0.0000	0.0000	0.0000	0.0000	0.0000	0.0000	0.0000	0.0000	0.0000	0.0000	0.0000	0.0000	0.0000	0.0000	0.0000	0.0000	0.0000	0.0000	0.0000	0.0000	0.0000	0.0000	0.0000	0.0000	0.0000	0.0000	0.0000	0.0000	0.0000	0.0000	0.0000	0.0000	0.0000	0.0000	0.0000	0.0000	0.6073	0.7399	0.0085	1.3254	1.3310	0.0000	0.0028	0.0000	0.0086			
26	63	0.2179	10	1	1	1	1	0	0	0	0	N	N	N	N	N	N	N	N	N	N	N	N	0.0000	0.0000	0.0000	0.0000	0.0000	0.0000	0.0000	0.0000	0.0000	0.0000	0.0000	0.0000	0.0000	0.0000	0.0000	0.0000	0.0000	0.0000	0.0000	0.0000	0.0000	2.0000	0.0000	2.0002	0.0000	0.0000	0.0000	0.0000	0.0000	0.0000	0.0000	0.0000	0.0000	0.0000	0.0000	0.0000	0.0000	0.0000	0.0000	0.0000	0.0000	0.0000	0.0000	0.0000	0.0000	0.0000	0.0000	0.0000	0.0000	0.0000	0.0000	0.0000	0.0000	0.0000	0.0000	0.0000	0.0000	0.0000	0.0000	0.0000	0.0000	0.0000	0.0000	0.0000	0.0000	0.0000	0.0000	0.0000	0.0000	0.0000	0.0000	0.0000	0.0000	0.0000	0.0000	0.0000	0.0000	0.0000											
26	64	0.2336	14	0	1	1	1	0	0	0	0	N	N	N	N	N	N	N	N	N	N	N	N	0.0000	0.0000	0.0000	0.0000	0.0000	0.0000	0.0000	0.0000	0.0000	0.0000	0.0000	0.0000	0.0000	0.0000	0.0000	0.0000	0.0000	0.0000	0.0000	0.0000	0.0000	2.0059	0.0000	4.8036	0.0000	0.0000	0.0000	0.0000	0.0000	0.0000	0.0000	0.0000	0.0000	0.0000	0.0000	0.0000	0.0000	0.0000	0.0000	0.0000	0.0000	0.0000	0.0000	0.0000	0.0000	0.0000	0.0000	0.0000	0.0000	0.0000	0.0000	0.0000	0.0000	0.0000	0.0000	0.0000	0.0000	0.0000	0.0000	0.0000	0.0000	0.0000	0.0000	0.0000	0.0000	0.0000	0.0000	0.0000	0.0000	0.0000	0.0000	0.0000	0.0000	0.0000	0.0000	0.0000	0.0000	0.0000											
26	65	0.2308	12	0	1	1	0	0	0	0	0	N	N	N	N	N	N	N	N	N	N	N	N	0.0000	0.0000	0.0000	0.0000	0.0000	0.0000	0.0000	0.0000	0.0000	0.0000	0.0000	0.0000	0.0000	0.0000	0.0000	0.0000	0.0000	0.0000	0.0000	0.0000	0.0000	0.9804	0.0000	0.2754	0.0000	0.0000	0.0000	0.0000	0.0000	0.0000	0.0000	0.0000	0.0000	0.0000	0.0000	0.0000	0.0000	0.0000	0.0000	0.0000	0.0000	0.0000	0.0000	0.0000	0.0000	0.0000	0.0000	0.0000	0.0000	0.0000	0.0000	0.0000	0.0000	0.0000	0.0000	0.0000	0.0000	0.0000	0.0000	0.0000	0.0000	0.0000	0.0000	0.0000	0.0000	0.0000	0.0000	0.0000	0.0000	0.0000	0.0000	0.0000	0.0000	0.0000	0.0000	0.0000	0.0000	0.0000											
26	66	0.2286	13	0	0	2	1	0	0	0	0	N	N	Y	N	N	N	N	N	N	N	N	N	0.0000	0.0000	0.0000	0.0000	0.0000	0.0000	0.0000	0.0000	0.0000	0.0000	0.0000	0.0000	0.0000	0.0000	0.0000	0.0000	0.0000	0.0000	0.0000	0.0000	0.0000	0.9437	0.0000	4.8091	0.0000	0.0000	0.0000	0.0000	0.0000	0.0000	0.0000	0.0000	0.0000	0.0000	0.0000	0.0000	0.0000	0.0000	0.0000	0.0000	0.0000	0.0000	0.0000	0.0000	0.0000	0.0000	0.0000	0.0000	0.0000	0.0000	0.0000	0.0000	0.0000	0.0000	0.0000	0.0000	0.0000	0.0000	0.0000	0.0000	0.0000	0.0000	0.0000	0.0000	0.0000	0.0000	0.0000	0.0000	0.0000	0.0000	0.0000	0.0000	0.0000	0.0000	0.0000	0.0000	0.0000	0.0000											
26	67	0.2216	12	0	0	2	1	0	0	0	0	N	N	Y	N	N	N	N	N	N	N	N	N	0.0000	0.0000	0.0000	0.0000	0.0000	0.0000	0.0000	0.0000	0.0000	0.0000	0.0000	0.0000	0.0000	0.0000	0.0000	0.0000	0.0000	0.0000	0.0000	0.0000	0.0000	4.0088	0.0000	5.0246	0.0000	0.0000	0.0000	0.0000	0.0000	0.0000	0.0000	0.0000	0.0000	0.0000	0.0000	0.0000	0.0000	0.0000	0.0000	0.0000	0.0000	0.0000	0.0000	0.0000	0.0000	0.0000	0.0000	0.0000	0.0000	0.0000	0.0000	0.0000	0.0000	0.0000	0.0000	0.0000	0.0000	0.0000	0.0000	0.0000	0.0000	0.0000	0.0000	0.0000	0.0000	0.0000	0.0000	0.0000	0.0000	0.0000	0.0000	0.0000	0.0000	0.0000	0.0000	0.0000	0.0000	0.0000											
26	68	0.2336	14	0	0	2	1	0	0	0	0	N	N	Y	N	N	N	N	N	N	N	N	N	0.0000	0.0000	0.0000	0.0000	0.0000	0.0000	0.0000	0.0000	0.0000	0.0000	0.0000	0.0000	0.0000	0.0000	0.0000	0.0000	0.0000	0.0000	0.0000	0.0000	0.0000	1.0064	0.0000	4.2000	0.0000	0.0000	0.0000	0.0000	0.0000	0.0000	0.0000	0.0000	0.0000	0.0000	0.0000	0.0000	0.0000	0.0000	0.0000	0.0000	0.0000	0.0000	0.0000	0.0000	0.0000	0.0000	0.0000	0.0000	0.0000	0.0000	0.0000	0.0000	0.0000	0.0000	0.0000	0.0000	0.0000	0.0000	0.0000	0.0000	0.0000	0.0000	0.0000	0.0000	0.0000	0.0000	0.0000	0.0000	0.0000	0.0000	0.0000	0.0000	0.0000	0.0000	0.0000	0.0000	0.0000	0.0000											
26	69	0.2286	13	0	0	1	1	0	0	0	0	N	N	N	N	N	N	N	N	N	N	N	N	0.0000	0.0000	0.0000	0.0000	0.0000	0.0000	0.0000	0.0000	0.0000	0.0000	0.0000	0.0000	0.0000	0.0000	0.0000	0.0000	0.0000	0.0000	0.0000	0.0000	0.0000	1.2889	0.0000	0.3511	0.0000	0.0000	0.0000	0.0000	0.0000	0.0000	0.0000	0.0000	0.0000	0.0000	0.0000	0.0000	0.0000	0.0000	0.0000	0.0000	0.0000	0.0000	0.0000	0.0000	0.0000	0.0000	0.0000	0.0000	0.0000	0.0000	0.0000	0.0000	0.0000	0.0000	0.0000	0.0000	0.0000	0.0000	0.0000	0.0000	0.0000	0.0000	0.0000	0.0000	0.0000	0.0000	0.0000	0.0000	0.0000	0.0000	0.0000	0.0000	0.0000	0.0000	0.0000	0.0000	0.0000	0.0000											
26	70	0.2216	12	0	0	1	1	0	0	0	0	N	N	N	N	N	N	N	N	N	N	N	N	0.0000	0.0000	0.0000	0.0000	0.0000	0.0000	0.0000	0.0000	0.0000	0.0000	0.0000	0.0000	0.0000	0.0000	0.0000	0.0000	0.0000	0.0000	0.0000	0.0000	0.0000	0.7777	0.0000	1.1718	0.0000	0.0000	0.0000	0.0000	0.0000	0.0000	0.0000	0.0000	0.0000	0.0000	0.0000	0.0000	0.0000	0.0000	0.0000	0.0000	0.0000	0.0000	0.0000	0.0000	0.0000	0.0000	0.0000	0.0000	0.0000	0.0000	0.0000	0.0000	0.0000	0.0000	0.0000	0.0000	0.0000	0.0000	0.0000	0.0000	0.0000	0.0000	0.0000	0.0000	0.0000	0.0000	0.0000	0.0000	0.0000	0.0000	0.0000	0.0000	0.0000	0.0000	0.0000	0.0000	0.0000	0.0000											
26	71	0.2179	11	0	0	1	1	0	0	0	0	N	N	N	N	N	N	N	N	N	N	N	N	0.0000	0.0000	0.0000	0.0000	0.0000	0.0000	0.0000	0.0000	0.0000	0.0000	0.0000	0.0000	0.0000	0.0000	0.0000	0.0000	0.0000	0.0000	0.0000	0.0000	0.0000	0.9929	0.0000	0.0325	0.0000	0.0000	0.0000	0.0000	0.0000	0.0000	0.0000	0.0000	0.0000	0.0000	0.0000	0.0000	0.0000	0.0000	0.0000	0.0000	0.0000	0.0000	0.0000	0.0000	0.0000	0.0000	0.0000	0.0000	0.0000	0.0000	0.0000	0.0000	0.0000	0.0000	0.0000	0.0000	0.0000	0.0000	0.0000	0.0000	0.0000	0.0000	0.0000	0.0000	0.0000	0.0000	0.0000	0.0000	0.0000	0.0000	0.0000	0.0000	0.0000	0.0000	0.0000	0.0000	0.0000	0.0000											
26	72	0.2630	10	1	1	1	0	0	0	0	0	N	N	N	N	N	N	N	N	N	N	N	N	0.0000	0.0000	0.0000	0.0000	0.0000	0.0000	0.0000	0.0000	0.0000	0.0000	0.0000	0.0000	0.0000	0.0000	0.0000	0.0000	0.0000	0.0000	0.0000	0.0000	0.0000	0.0000	0.0000	0.0001	0.0000	0.0000	0.0000	0.0000	0.0000	0.0000	0.0000	0.0000	0.0000	0.0000	0.0000	0.0000	0.0000	0.0000	0.0000	0.0000	0.0000	0.0000	0.0000	0.0000	0.0000	0.0000	0.0000	0.0000	0.0000	0.0000	0.0000	0.0000	0.0000	0.0000	0.0000	0.0000	0.0000	0.0000	0.0000	0.0000	0.0000	0.0000	0.0000	0.0000	0.0000	0.0000	0.0000	0.0000	0.0000	0.0000	0.0000	0.0000	0.0000	0.0000	0.0000	0.0000	0.0000	0.0000											
26	73	0.1998	9	1	1	1	0	0	0	0	0	N	N	N	N	N	N	N	N	N	N	N	N	0.0000	0.0000	0.0000	0.0000	0.0000	0.0000	0.0000	0.0000	0.0000	0.0000	0.0000	0.0000	0.0000	0.0000	0.0000	0.0000	0.0000	0.0000	0.0000	0.0000	0.0000	9.9619	0.0000	7.0378	0.0000	0.0000	0.0000	0.0000	0.0000	0.0000	0.0000	0.0000	0.0000	0.0000	0.0000	0.0000	0.0000	0.0000	0.0000	0.0000	0.0000	0.0000	0.0000	0.0000	0.0000	0.0000	0.0000	0.0000	0.0000	0.0000	0.0000	0.0000	0.0000	0.0000	0.0000	0.0000	0.0000	0.0000	0.0000	0.0000	0.0000	0.0000	0.0000	0.0000	0.0000	0.0000	0.0000	0.0000	0.0000	0.0000	0.0000	0.0000	0.0000	0.0000	0.0000	0.0000	0.0000	0.0000											
26	74	0.2116	9	0	1	1	0	0	0	0	0	N	N	N	N	N	N	N	N	N	N	N	N	0.0000	0.0000	0.0000	0.0000	0.0000	0.0000	0.0000	0.0000	0.0000	0.0000	0.0000	0.0000	0.0000	0.0000	0.0000	0.0000	0.0000	0.0000	0.0000	0.0000	0.0000	7.0442	0.0000	2.0273	0.0000	0.0000	0.0000	0.0000	0.0000	0.0000	0.0000	0.0000	0.0000	0.0000	0.0000	0.0000	0.0000	0.0000	0.0000	0.0000	0.0000	0.0000	0.0000	0.0000	0.0000	0.0000	0.0000	0.0000	0.0000	0.0000	0.0000	0.0000	0.0000	0.0000	0.0000	0.0000	0.0000	0.0000	0.0000	0.0000	0.0000	0.0000	0.0000	0.0000	0.0000	0.0000	0.0000	0.0000	0.0000	0.0000	0.0000	0.0000	0.0000	0.0000	0.0000	0.0000	0.0000	0.0000											
26	75	0.1877	8	0	1	1	0	0	0	0	0	N	N	N	N	N	N	N	N	N	N	N	N	0.0000	0.0000	0.0000	0.0000	0.0000	0.0000	0.0000	0.0000	0.0000	0.0000	0.0000	0.0000	0.0000	0.0000	0.0000	0.0000	0.0000	0.0000	0.0000	0.0000	0.0000	4.3369	0.0000	3.0972	0.0000	0.0000	0.0000	0.0000	0.0000	0.0000	0.0000	0.0000	0.0000	0.0000	0.0000	0.0000	0.0000	0.0000	0.0000	0.0000	0.0000	0.0000	0.0000	0.0000	0.0000	0.0000	0.0000	0.0000	0.0000	0.0000	0.0000	0.0000	0.0000	0.0000	0.0000	0.0000	0.0000	0.0000	0.0000	0.0000	0.0000	0.0000	0.0000	0.0000	0.0000	0.0000	0.0000	0.0000	0.0000	0.0000	0.0000	0.0000	0.0000	0.0000	0.0000	0.0000	0.0000	0.0000											
26	76	0.2749	13	1	1	1	0	0	0	0	0	N	N	N	N	N	N	N	N	N	N	N	N	0.0000	0.0000	0.0000	0.0000	0.0000	0.0000	0.0000	0.0000	0.0000	0.0000	0.0000	0.0000	0.0000	0.0000	0.0000	0.0000	0.0000	0.0000	0.0000	0.0000	0.0000	1.9992	0.0000	0.0055	0.0000	0.0000	0.0000	0.0000	0.0000	0.0000	0.0000	0.0000	0.0000	0.0000	0.0000	0.0000	0.0000	0.0000	0.0000	0.0000	0.0000	0.0000	0.0000	0.0000	0.0000	0.0000	0.0000	0.0000	0.0000	0.0000	0.0000	0.0000	0.0000	0.0000	0.0000	0.0000	0.0000	0.0000	0.0000	0.0000	0.0000	0.0000	0.0000	0.0000	0.0000	0.0000	0.0000	0.0000	0.0000	0.0000	0.0000	0.0000	0.0000	0.0000	0.0000	0.0000	0.0000	0.0000											
26	77	0.2308	12	1	1	1	0	0	0	0	0	N	N	N	N	N	N	N	N	N	N	N	N	0.0000	0.0000	0.0000	0.0000	0.0000	0.0000	0.0000	0.0000	0.0000	0.0000	0.0000	0.0000	0.0000	0.0000	0.0000	0.0000	0.0000	0.0000	0.0000	0.0000	0.0000	5.0219	0.0000	2.0148	0.0000	0.0000	0.0000	0.0000	0.0000	0.0000	0.0000	0.0000	0.0000	0.0000	0.0000	0.0000	0.0000	0.0000	0.0000	0.0000	0.0000	0.0000	0.0000	0.0000	0.0000	0.0000	0.0000	0.0000	0.0000	0.0000	0.0000	0.0000	0.0000	0.0000	0.0000	0.0000	0.0000	0.0000	0.0000	0.0000	0.0000	0.0000	0.0000	0.0000	0.0000	0.0000	0.0000	0.0000	0.0000	0.0000	0.0000	0.0000	0.0000	0.0000	0.0000	0.0000	0.0000	0.0000											
26	78	0.2179	11	0	1	1	0	0	0	0	0	N	N	N	N	N	N	N	N	N	N	N	N	0.0000	0.0000	0.0000	0.0000	0.0000	0.0000	0.0000	0.0000	0.0000	0.0000	0.0000	0.0000	0.0000	0.0000	0.0000	0.0000	0.0000	0.0000	0.0000	-0.0000	0.0000	1.0203	0.0000	2.7327	0.0000	0.0000	0.0000	0.0000	0.0000	0.0000	0.0000	0.0000	0.0000	0.0000	0.0000	0.0000	0.0000	0.0000	0.0000	0.0000	0.0000	0.0000	0.0000	0.0000	0.0000	0.0000	0.0000	0.0000	0.0000	0.0000	0.0000	0.0000	0.0000	0.0000	0.0000	0.0000	0.0000	0.0000	0.0000	0.0000	0.0000	0.0000	0.0000	0.0000	0.0000	0.0000	0.0000	0.0000	0.0000	0.0000	0.0000	0.0000	0.0000	0.0000	0.0000	0.0000	0.0000	0.0000											
26	79	0.2179	10	0	0	1	0	0	0	0	0	N	N	N	N	N	N	N	N	N	N	N	N	0.0000	0.0000	0.0000	0.0000	0.0000	0.0000	0.0000	0.0000	0.0000	0.0000	0.0000	0.0000	0.0000	0.0000	0.0000	0.0000	0.0000	0.0000	0.0000	0.0000	0.0000	0.0000	0.0000	0.0018	0.0000	0.0000	0.0000	0.0000	0.0000	0.0000	0.0000	0.0000	0.0000	0.0000	0.0000	0.0000	0.0000	0.0000	0.0000	0.0000	0.0000	0.0000	0.0000	0.0000	0.0000	0.0000	0.0000	0.0000	0.0000	0.0000	0.0000	0.0000	0.0000	0.0000	0.0000	0.0000	0.0000	0.0000	0.0000	0.0000	0.0000	0.0000	0.0000	0.0000	0.0000	0.0000	0.0000	0.0000	0.0000	0.0000	0.0000	0.0000	0.0000	0.0000	0.0000	0.0000	0.0000	0.0000											
26	80	0.1998	9	0	0	1	0	0	0	0	0	N	N	N	N	N	N	N	N	N	N	N	N	0.0000	0.0000	0.0000	0.0000	0.0000	0.0000	0.0000	0.0000	0.0000	0.0000	0.0000	0.0000	0.0000	0.0000	0.0000	0.0000	0.0000	0.0000	0.0000	0.0000	0.0000	3.0825	0.0000	2.0124	0.0000	0.0000	0.0000	0.0000	0.0000	0.0000	0.0000	0.0000	0.0000	0.0000	0.0000	0.0000	0.0000	0.0000	0.0000	0.0000	0.0000	0.0000	0.0000	0.0000	0.0000	0.0000	0.0000	0.0000	0.0000	0.0000	0.0000	0.0000	0.0000	0.0000	0.0000	0.0000	0.0000	0.0000	0.0000	0.0000	0.0000	0.0000	0.0000	0.0000	0.0000	0.0000	0.0000	0.0000	0.0000	0.0000	0.0000	0.0000	0.0000	0.0000	0.0000	0.0000	0.0000	0.0000											
26	81	0.1877	8	0	0	1	0	0	0	0	0	N	N	N	N	N	N	N	N	N	N	N	N	0.0000	0.0000	0.0000	0.0000	0.0000	0.0000	0.0000	0.0000	0.0000	0.0000	0.0000	0.0000	0.0000	0.0000	0.0000	0.0000	0.0000	0.0000	0.0000	0.0000	0.0000	3.6751	0.0000	0.0788	0.0000	0.0000	0.0000	0.0000	0.0000	0.0000	0.0000	0.0000	0.0000	0.0000	0.0000	0.0000	0.0000	0.0000	0.0000	0.0000	0.0000	0.0000	0.0000	0.0000	0.0000	0.0000	0.0000	0.0000	0.0000	0.0000	0.0000	0.0000	0.0000	0.0000	0.0000	0.0000	0.0000	0.0000	0.0000	0.0000	0.0000	0.0000	0.0000	0.0000	0.0000	0.0000	0.0000	0.0000	0.0000	0.0000	0.0000	0.0000	0.0000	0.0000	0.0000	0.0000	0.0000	0.0000											
26	82	0.1385	7	0	0	1	0	0	0	0	0	N	N	N	N	N	N	N	N	N	N	N	N	0.0000	0.0000	0.0000	0.0000	0.0000	0.0000	0.0000	0.0000	0.0000	0.0000	0.0000	0.0000	0.0000	0.0000	0.0000	0.0000	0.0000	0.0000	0.0000	0.0000	0.0000	8.5011	0.0000	5.2406	0.0000	0.0000	0.0000	0.0000	0.0000	0.0000	0.0000	0.0000	0.0000	0.0000	0.0000	0.0000	0.0000	0.0000	0.0000	0.0000	0.0000	0.0000	0.0000	0.0000	0.0000	0.0000	0.0000	0.0000	0.0000	0.0000	0.0000	0.0000	0.0000	0.0000	0.0000	0.0000	0.0000	0.0000	0.0000	0.0000	0.0000	0.0000	0.0000	0.0000	0.0000	0.0000	0.0000	0.0000	0.0000	0.0000	0.0000	0.0000	0.0000	0.0000	0.0000	0.0000	0.0000	0.0000											
27	29	0.0677	3	1	1	1	1	0	0	0	0	N	N	N	N	N	N	N	N	N	N	N	N	0.3698	0.5563	0.8642	0.0021	0.0027	0.0000	0.4747	5347.0573	0.9515	0.0008	0.0004	0.0035	0.0000	0.0000	0.0000	0.0009	0.0005	0.0037	0.0022	0.0008	0.0041	0.0039	0.0033	0.0082	0.0019	0.0000	0.0039	1.2007	4.1780	0.0001	0.0001	6.0046	12.7698	3.2467	10.8465	0.0004	0.0002	0.0002	0.0000	0.0000	0.0000	0.0004	0.0002	0.0002	0.0006	0.0001	0.0005	0.0002	0.0001	0.0000	0.0004	0.0000	0.0004	0.5326	0.4645	0.0682	0.0545	0.0511	0.0034	0.4781	0.4133	0.0648	0.2612	0.1457	0.1156	0.0386	0.0337	0.0049	0.2226	0.1119	0.1107	0.3698	0.5563	0.8642	0.0021	0.0027	0.0000	0.4747	5347.0573	0.9515	0.0022	0.0008	0.0041	0.0039	0.0033	0.0082	0.0019	0.0000	0.0039
27	30	0.1889	11	2	0	2	0	0	0	0	0	Y	N	Y	N	N	N	N	N	N	N	N	N	101402.7566	0.0000	4700919.3163	148.6536	0.0000	inf	1207510.0184	4617630.5400	6.2728	0.0000	51.6157	0.0317	0.0000	0.4589	7.7543	0.0000	57.8669	0.0001	0.0001	0.0000	0.0002	0.0003	0.0000	0.0000	0.0000	0.0000	inf	0.0822	1.9056	-0.0000	6.0046	11.8338	3.2467	5.9707	2.9952	0.0000	2.9952	0.0029	0.0000	0.0029	2.9923	0.0000	2.9923	0.0000	0.0000	0.0000	0.0000	0.0000	0.0000	0.0000	0.0000	0.0000	0.4775	0.4195	0.0580	0.0916	0.0853	0.0063	0.3859	0.3342	0.0517	0.1749	0.1000	0.0749	0.0470	0.0376	0.0093	0.1280	0.0624	0.0656	101402.7566	0.0000	4700919.3163	148.6536	0.0000	inf	1207510.0184	0.0000	4617630.5400	0.0001	0.0001	0.0000	0.0002	0.0003	0.0000	0.0000	0.0000	0.0000	
27	31	0.0677	3	1	0	2	0	0	0	0	0	N	N	Y	N	N	N	N	N	N	N	N	N	8301.5381	10263.8740	0.0000	0.0084	0.0081	0.0000	16767.5444	29611478.6832	0.0000	3.2654	3.7434	0.0000	0.0000	0.0000	0.0000	3.6837	4.2671	0.0000	0.0004	0.0004	0.0004	0.0012	0.0013	0.0001	0.0002	0.0000	0.0004	0.0000	0.8689	-0.3638	-0.0000	6.0046	6.9288	3.2467	3.0309	1.0001	1.0001	0.0000	0.0000	0.0000	0.0000	1.0001	1.0001	0.0000	0.0000	0.0000	0.0000	0.0000	0.0000	0.0000	0.0000	0.0000	0.0000	0.3063	0.2672	0.0391	0.0348	0.0328	0.0020	0.2715	0.2344	0.0371	0.1270	0.0733	0.0537	0.0221	0.0199	0.0023	0.1049	0.0534	0.0515	8301.5381	10263.8740	0.0000	0.0084	0.0081	0.0000	16767.5444	29611478.6832	0.0000	0.0004	0.0004	0.0004	0.0012	0.0013	0.0001	0.0002	0.0000	0.0004
27	32	0.0577	2	1	0	1	0	0	0	0	0	N	N	N	N	N	N	N	N	N	N	N	N	118.9089	903.5284	0.0002	6.1956	6.3850	0.0000	126.7758	363883.7908	0.0002	10.5730	12.1178	0.0000	0.1883	0.2012	0.0000	12.8319	14.9428	0.0000	0.0889	0.0134	0.0965	0.0304	0.0315	0.0098	0.1012	0.0000	0.0994	0.0000	5.1377	-0.3568	0.0010	6.0046	1.8775	3.2467	3.1058	0.9809	0.9809	0.0000	0.0031	0.0031	0.0000	0.9777	0.9777	0.0000	0.0042	0.0007	0.0035	0.0007	0.0007	0.0000	0.0035	0.0000	0.0035	0.0928	0.0809	0.0118	0.0166	0.0155	0.0011	0.0762	0.0654	0.0108	0.0886	0.0521	0.0365	0.0229	0.0217	0.0012	0.0657	0.0304	0.0353	222.6515	921.3441	0.0002	6.1956	6.3850	0.0000	240.1124	363883.7908	0.0002	0.0475	0.0132	0.0965	0.0304	0.0315	0.0098	0.0534	0.0000	0.0994
27	34	0.1532	5	1	1	1	0	0	0	0	0	N	N	N	N	N	N	N	N	N	N	N	N	0.0000	0.0000	0.0000	0.0000	0.0000	0.0000	0.0000	0.0000	0.0000	0.0000	0.0000	0.0000	0.0000	0.0000	0.0000	0.0229	0.0000	0.0557	0.0044	0.0000	0.0282	0.0334	0.0000	0.0592	inf	0.0000	0.0003	6.0046	0.0019	3.2467	3.0025	0.0000	0.0000	0.0000	0.0000	0.0000	0.0000	0.0000	0.0000	0.0000	0.0007	0.0000	0.0007	0.0000	0.0000	0.0000	0.0007	0.0000	0.0007	0.0003	0.0003	0.0000	0.0001	0.0001	0.0000	0.0002	0.0001	0.0000	0.0306	0.0180	0.0126	0.0091	0.0077	0.0014	0.0214	0.0103	0.0111	0.0000	0.0000	0.0000	0.0000	0.0000	0.0000	0.0000	0.0000	0.0000	0.0229	0.0000	0.0557	0.0044	0.0000	0.0282	0.0308	0.0000	0.0592				
27	35	0.2551	11	2	1	1	0	0	0	0	0	Y	N	N	N	N	N	N	N	N	N	N	N	0.0000	0.0000	0.0000	0.0000	0.0000	0.0000	0.0000	0.0000	0.0000	0.0000	0.0000	0.0000	0.0000	0.0000	0.0000	0.0000	0.0000	0.0000	0.0000	0.0000	6.0046	1.0000	3.2467	1.9999	0.0000	0.0000	0.0000	0.0000	0.0000	0.0000	0.0000	0.0000	0.0000	0.0000	0.0000	0.0000	0.0000	0.0000	0.0000	0.0000	0.0000	0.0000	0.0404	0.0355	0.0049	0.0095	0.0089	0.0006	0.0310	0.0267	0.0043	0.0295	0.0163	0.0133	0.0047	0.0039	0.0007	0.0249	0.0123	0.0125	0.0000	0.0000	0.0000	0.0000	0.0000	0.0000	0.0000	0.0000	0.0000	0.0000	0.0000	0.0000	0.0000	0.0000	0.0000	0.0000	0.0000	0.0000											
27	36	0.2198	11	1	1	2	0	0	0	0	0	N	N	Y	N	N	N	N	N	N	N	N	N	1258.5554	1.6194	185752.6852	0.1623	0.0532	inf	44183.2447	299.5270	172575.9122	7.3990	0.0144	61.2089	0.0025	0.0010	0.0225	9.6743	0.0188	70.8670	0.0059	0.0089	0.0003	0.0155	0.0191	0.0000	0.0002	0.0001	0.0004	583.0009	0.0201	0.6336	-0.0003	6.0046	3.0341	3.2467	5.2124	0.9986	0.0017	0.9969	0.0001	0.0000	0.0000	0.9985	0.0017	0.9968	0.0006	0.0006	0.0000	0.0006	0.0006	0.0000	0.0000	0.0000	0.0000	0.1350	0.1187	0.0163	0.0318	0.0295	0.0022	0.1032	0.0891	0.0141	0.1027	0.0665	0.0362	0.0380	0.0309	0.0071	0.0647	0.0357	0.0290	1258.5554	1.6194	185752.6852	0.1623	0.0532	inf	44183.2447	299.5270	172575.9122	0.0059	0.0089	0.0003	0.0155	0.0191	0.0000	0.0002	0.0001	0.0004
27	37	0.1960	10	1	1	1	0	0	0	0	0	N	N	N	N	N	N	N	N	N	N	N	N	8552.2772	5593.8576	13248.9564	0.0004	0.0000	6.3086	49495.4995	28726.1735	13323.5401	7.8761	8.9834	0.1487	0.0000	0.0000	0.0000	9.7079	11.2278	0.1672	0.0009	0.0016	0.0000	0.0029	0.0036	0.0000	0.0002	0.0004	0.0000	0.0024	0.0053	-0.3617	-0.0000	6.0046	3.0544	3.2467	4.8962	1.0007	0.9983	0.0024	0.0000	0.0000	0.0000	1.0007	0.9983	0.0024	0.0001	0.0001	0.0000	0.0001	0.0001	0.0000	0.0000	0.0000	0.0000	0.1271	0.1111	0.0159	0.0240	0.0222	0.0018	0.1031	0.0889	0.0142	0.0821	0.0468	0.0353	0.0223	0.0178	0.0045	0.0598	0.0290	0.0308	8552.2772	5593.8576	13248.9564	0.0004	0.0000	6.3086	49495.4995	28726.1735	13323.5401	0.0009	0.0016	0.0000	0.0029	0.0036	0.0000	0.0002	0.0004	0.0000
27	38	0.1532	5	1	0	2	0	0	0	0	0	N	N	Y	N	N	N	N	N	N	N	N	N	0.0000	0.0000	0.0000	0.0000	0.0000	0.0000	0.0000	0.0000	0.0000	0.0000	0.0000	0.0000	0.0000	0.0000	0.0000	0.0000	0.0000	0.0000	0.0000	0.0000	0.0000	0.0000	0.0000	0.0000	-0.0000	6.0046	0.9992	3.2467	1.0069	0.0000	0.0000	0.0000	0.0000	0.0000	0.0000	0.0000	0.0000	0.0000	0.0000	0.0000	0.0000	0.0000	0.0000	0.0000	0.0000	0.0000	0.0000	0.0365	0.0318	0.0047	0.0056	0.0052	0.0004	0.0309	0.0266	0.0043	0.0207	0.0122	0.0085	0.0062	0.0052	0.0010	0.0145	0.0070	0.0075	0.0000	0.0000	0.0000	0.0000	0.0000	0.0000	0.0000	0.0000	0.0000	0.0000	0.0000	0.0000	0.0000	0.0000	0.0000	0.0000	0.0000	0.0000						
27	39	0.1479	4	1	0	1	0	0	0	0	0	N	N	N	N	N	N	N	N	N	N	N	N	0.0000	0.0000	0.0000	0.0000	0.0000	0.0000	0.0000	0.0000	0.0000	0.0000	0.0000	0.0000	0.0000	0.0000	0.0000	0.0000	0.0000	0.0000	0.0000	0.0000	0.0000	0.0000	0.0000	0.0000	0.0000	0.0000	34.0000	0.0000	0.0000	6.0046	1.0008	3.2467	0.9987	0.0000	0.0000	0.0000	0.0000	0.0000	0.0000	0.0000	0.0000	0.0000	0.0000	0.0000	0.0000	0.0000	0.0000	0.0000	0.0000	0.0000	0.0000	0.0369	0.0322	0.0047	0.0052	0.0048	0.0004	0.0317	0.0273	0.0044	0.0205	0.0120	0.0085	0.0057	0.0048	0.0009	0.0148	0.0072	0.0076	0.0000	0.0000	0.0000	0.0000	0.0000	0.0000	0.0000	0.0000	0.0000	0.0000	0.0000	0.0000	0.0000	0.0000	0.0000	0.0000	0.0000	0.0000		
27	40	0.0700	3	1	0	1	0	0	0	0	0	N	N	N	N	N	N	N	N	N	N	N	N	0.0001	0.0000	144.1294	0.0000	0.0000	38.4258	1.0392	144.2844	0.0002	0.0000	0.0017	0.0000	0.0000	0.0000	0.0002	0.0000	0.0017	1.7335	2.7545	0.0000	16.6690	18.0297	0.0000	0.0000	0.0000	0.0000	1003.7641	0.0000	0.0001	-0.1108	6.0046	9.0374	3.2467	18.5287	0.0001	0.0000	0.0001	0.0000	0.0000	0.0000	0.0001	0.0000	0.0001	0.1880	0.1880	0.0000	0.1880	0.1880	0.0000	0.0000	0.0000	0.0000	0.3692	0.3210	0.0482	0.0334	0.0311	0.0023	0.3357	0.2899	0.0458	0.3077	0.1697	0.1380	0.0504	0.0438	0.0066	0.2573	0.1259	0.1314	0.0004	0.0000	144.1294	0.0000	0.0000	0.0000	38.4258	1.0392	144.2844	0.6110	1.1080	0.0000	3.7299	4.2914	0.0000	0.0000	0.0000	0.0000	
27	42	0.1306	8	1	0	1	0	0	0	0	0	N	N	N	N	N	N	N	N	N	N	N	N	11.0611	inf	84.2254	887.0680	inf	1.8502	6.8211	85.1038	1.4874	0.0202	11.9576	0.1060	0.1132	0.0014	1.7656	0.0000	13.1164	0.1345	0.0000	0.1420	0.0001	0.0000	0.0007	0.2588	0.0000	0.1541	82.7896	inf	0.6314	0.0059	6.0046	17.0025	3.2467	6.0864	1.0113	0.0121	0.9993	0.0121	0.0121	0.0000	0.9993	0.0000	0.9993	0.0144	0.0000	0.0144	0.0000	0.0000	0.0000	0.0144	0.0000	0.0144	0.6799	0.5964	0.0836	0.1140	0.1066	0.0074	0.5660	0.4898	0.0762	0.2409	0.1392	0.1018	0.0494	0.0413	0.0081	0.1915	0.0978	0.0937	24.8009	inf	84.2254	887.0680	inf	1.8502	23.4134	0.0000	85.1038	0.0600	0.0000	0.1420	0.0001	0.0000	0.0007	0.0754	0.0000	0.1541	
27	44	0.1306	8	1	1	1	0	0	0	0	0	N	N	N	N	N	N	N	N	N	N	N	N	0.2842	0.1992	0.0000	0.1818	0.1797	0.0000	0.0000	0.0000	0.0000	3.2662	3.7280	0.0000	18.0540	19.2110	0.0000	0.0000	0.0000	0.0000	11.4940	18.7117	0.0426	99.3099	106.8875	0.0221	0.0216	0.0000	0.0444	0.0000	0.0018	-0.3628	-1.1648	6.0046	6.9958	3.2467	11.8523	0.9974	0.9974	0.0000	0.9974	0.9974	0.0000	0.0000	0.0000	0.0000	1.9833	1.9797	0.0036	1.9798	1.9797	0.0001	0.0035	0.0000	0.0035	0.3054	0.2675	0.0378	0.0552	0.0519	0.0033	0.2501	0.2156	0.0345	0.2040	0.1188	0.0852	0.0430	0.0362	0.0068	0.1611	0.0826	0.0784	0.3360	0.2237	0.0000	0.3917	0.3510	0.0000	0.0000	0.0000	0.0000	9.7211	16.6651	0.0426	46.0912	54.7312	0.0221	0.0216	0.0000	0.0444
27	45	0.1690	9	1	1	1	0	0	0	0	0	N	N	N	N	N	N	N	N	N	N	N	N	0.3157	0.2259	0.0000	0.0000	0.0000	0.0000	5.7916	1440.7780	0.0000	0.0002	0.0002	0.0000	0.0000	0.0000	0.0000	0.0002	0.0002	0.0000	0.0005	0.0008	0.0001	0.0037	0.0041	0.0015	0.0000	0.0000	0.0001	0.0000	0.1279	-0.0000	-0.0001	6.0046	20.1318	3.2467	17.5118	0.0001	0.0001	0.0000	0.0000	0.0000	0.0000	0.0001	0.0001	0.0000	0.0002	0.0002	0.0000	0.0002	0.0002	0.0000	0.0000	0.0000	0.0000	0.7833	0.6879	0.0953	0.1418	0.1321	0.0097	0.6415	0.5558	0.0857	0.3427	0.1909	0.1517	0.0463	0.0394	0.0068	0.2964	0.1515	0.1449	0.3157	0.2259	0.0000	0.0000	0.0000	0.0000	5.7916	1440.7780	0.0000	0.0005	0.0008	0.0001	0.0037	0.0041	0.0015	0.0000	0.0000	0.0001
27	46	0.1248	5	1	1	1	0	0	0	0	0	N	N	N	N	N	N	N	N	N	N	N	N	0.0000	0.0000	0.0000	0.0000	0.0000	0.0000	0.0000	0.0000	0.0000	0.0000	0.0000	0.0000	0.0000	0.0000	0.0000	0.0000	0.0000	0.0001	0.0001	0.0000	0.0002	0.0003	0.0000	0.0000	0.0000	0.0000	0.0206	0.0000	-0.0000	6.0046	15.0410	3.2467	10.9147	0.0000	0.0000	0.0000	0.0000	0.0000	0.0000	0.0000	0.0000	0.0000	0.0000	0.0000	0.0000	0.0000	0.0000	0.0000	0.0000	0.0000	0.0000	0.6585	0.5781	0.0803	0.1471	0.1375	0.0097	0.5113	0.4406	0.0707	0.3759	0.2328	0.1432	0.1278	0.1148	0.0130	0.2481	0.1180	0.1301	0.0000	0.0000	0.0000	0.0000	0.0000	0.0000	0.0000	0.0000	0.0000	0.0001	0.0001	0.0000	0.0002	0.0003	0.0000	0.0000	0.0000	0.0000		
27	47	0.1941	12	2	0	2	0	0	0	0	0	Y	N	Y	N	N	N	N	N	N	N	N	N	136.9470	0.0000	188647077.6915	0.0019	0.0000	9777.6133	54776864.9396	237813236.5273	1.9323	0.0000	16.0288	0.0001	0.0000	0.0015	2.3993	0.0000	17.9912	0.0141	0.0305	0.0000	0.0519	0.0645	0.0000	0.0000	0.0000	0.0000	inf	0.0000	0.6351	-0.0016	6.0046	12.7633	3.2467	6.3722	0.9982	0.0000	0.9982	0.0000	0.0000	0.0000	0.9982	0.0000	0.9982	0.0027	0.0027	0.0000	0.0027	0.0027	0.0000	0.0000	0.0000	0.0000	0.5166	0.4543	0.0623	0.1005	0.0937	0.0068	0.4160	0.3605	0.0555	0.1881	0.1081	0.0800	0.0512	0.0412	0.0100	0.1370	0.0669	0.0701	136.9470	0.0000	188647077.6915	0.0019	0.0000	9777.6133	54776864.9396	0.0000	237813236.5273	0.0141	0.0246	0.0000	0.0519	0.0645	0.0000	0.0000	0.0000	0.0000	
27	48	0.1889	11	1	0	1	0	0	0	0	0	N	N	N	N	N	N	N	N	N	N	N	N	301.5089	99.7541	6323.3006	137.4160	113.0175	64.8435	1298.2667	6107.4995	0.0760	0.0380	0.4993	0.1083	0.1110	0.0001	0.0606	0.0000	0.5523	0.0003	0.0004	0.0001	0.0008	0.0010	0.0000	0.0000	0.0000	0.0001	1.1760	0.1549	0.0003	-0.0000	6.0046	0.3513	3.2467	1.9759	0.0020	0.0009	0.0011	0.0009	0.0009	0.0000	0.0011	0.0000	0.0011	0.0000	0.0000	0.0000	0.0000	0.0000	0.0000	0.0000	0.0000	0.0000	0.0260	0.0239	0.0021	0.0084	0.0082	0.0002	0.0176	0.0157	0.0019	0.0250	0.0143	0.0107	0.0069	0.0056	0.0014	0.0181	0.0088	0.0093	301.5089	99.7541	6323.3006	137.4160	113.0175	64.8435	1298.2667	0.0000	6107.4995	0.0003	0.0004	0.0001	0.0008	0.0010	0.0000	0.0000	0.0000	0.0001	
27	49	0.1886	10	1	0	1	0	0	0	0	0	N	N	N	N	N	N	N	N	N	N	N	N	174.5733	0.0000	1207.5351	0.0051	0.0000	inf	316.1752	1182.8637	0.1288	0.0000	1.0203	0.0000	0.0000	0.0001	0.1586	0.0000	1.1460	0.0007	0.0007	0.0008	0.0014	0.0017	0.0000	0.0005	0.0000	0.0010	inf	0.9675	0.0006	-0.0000	6.0046	0.1669	3.2467	0.0350	0.0009	0.0000	0.0009	0.0000	0.0000	0.0000	0.0009	0.0000	0.0009	0.0000	0.0000	0.0000	0.0000	0.0000	0.0000	0.0000	0.0000	0.0000	0.0071	0.0062	0.0009	0.0013	0.0012	0.0001	0.0057	0.0049	0.0008	0.0022	0.0013	0.0009	0.0006	0.0005	0.0001	0.0016	0.0008	0.0008	174.5733	0.0000	1207.5351	0.0051	0.0000	inf	316.1752	0.0000	1182.8637	0.0007	0.0007	0.0008	0.0014	0.0017	0.0000	0.0005	0.0000	0.0010	
27	50	0.1886	9	1	0	1	0	0	0	0	0	N	N	N	N	N	N	N	N	N	N	N	N	0.0000	0.0000	0.0000	0.0000	0.0000	0.0000	0.0000	0.0000	0.0000	0.0000	0.0000	0.0000	0.0000	0.0000	0.0000	0.0000	0.0245	0.0223	0.0302	0.0337	0.0377	0.0000	0.0192	0.0000	0.0334	1.0000	0.0000	-0.0000	6.0046	0.0010	3.2467	0.0028	0.0000	0.0000	0.0000	0.0000	0.0000	0.0000	0.0000	0.0000	0.0000	0.0000	0.0000	0.0000	0.0000	0.0000	0.0000	0.0000	0.0000	0.0000	0.0001	0.0001	0.0000	0.0000	0.0000	0.0000	0.0001	0.0000	0.0000	0.0001	0.0000	0.0000	0.0000	0.0000	0.0000	0.0000	0.0000	0.0000	0.0000	0.0000	0.0000	0.0000	0.0000	0.0000	0.0000	0.0000	0.0000	0.0245	0.0205	0.0302	0.0337	0.0377	0.0000	0.0192	0.0000	0.0334			
27	51	0.1112	7	1	1	1	1	0	0	0	0	N	N	N	N	N	N	N	N	N	N	N	N	0.1083	0.0675	0.0000	0.2297	0.2416	0.0000	0.0000	0.0000	0.0000	0.0744	0.0850	0.0000	0.4178	0.4440	0.0000	0.0000	0.0000	0.0000	0.6870	1.2588	0.0002	1.8191	1.8375	0.0014	0.0000	0.0000	0.0001	0.0000	0.0007	-0.0087	-0.0144	6.0046	7.3891	3.2467	13.2142	0.0240	0.0240	0.0000	0.0240	0.0240	0.0000	0.0000	0.0000	0.0000	0.0245	0.0245	0.0000	0.0245	0.0245	0.0000	0.0000	0.0000	0.0000	0.3231	0.2828	0.0403	0.0576	0.0542	0.0034	0.2655	0.2287	0.0369	0.2215	0.1266	0.0949	0.0454	0.0383	0.0070	0.1762	0.0883	0.0879	0.6735	0.4401	0.0000	0.7745	0.6958	0.0000	0.0000	0.0000	0.0000	0.1105	0.1932	0.0002	0.5394	0.6381	0.0014	0.0000	0.0000	0.0001
27	52	0.1051	6	1	1	1	0	0	0	0	0	N	N	N	N	N	N	N	N	N	N	N	N	175.2517	0.3709	691.7273	0.0292	0.0327	0.0000	189.0685	10422.1130	719.1966	1.8388	0.0003	15.5604	0.0001	0.0001	0.0000	2.2397	0.0003	17.0372	0.0105	0.0008	0.0225	0.0035	0.0033	0.0044	0.0118	0.0000	0.0237	7007.4802	22.6388	0.6235	0.0010	6.0046	12.1779	3.2467	13.0455	0.9803	0.0001	0.9801	0.0000	0.0000	0.0000	0.9802	0.0001	0.9801	0.0026	0.0001	0.0025	0.0001	0.0001	0.0000	0.0025	0.0000	0.0025	0.5331	0.4701	0.0630	0.0954	0.0900	0.0055	0.4377	0.3801	0.0575	0.2470	0.1367	0.1103	0.0400	0.0332	0.0068	0.2070	0.1035	0.1035	175.2517	0.3709	691.7273	0.0292	0.0327	0.0000	189.0685	10422.1130	719.1966	0.0105	0.0008	0.0225	0.0035	0.0033	0.0044	0.0118	0.0000	0.0237
27	53	0.1960	10	1	1	1	0	0	0	0	0	N	N	N	N	N	N	N	N	N	N	N	N	0.0000	0.0000	0.0000	0.0000	0.0000	0.0000	0.0000	0.0000	0.0000	0.0000	0.0000	0.0000	0.0000	0.0000	0.0000	0.0000	0.0000	0.0000	0.0000	0.0000	0.0000	0.0000	0.0000	0.0000	inf	0.0000	0.0000	6.0046	3.0001	3.2467	3.0003	0.0000	0.0000	0.0000	0.0000	0.0000	0.0000	0.0000	0.0000	0.0000	0.0000	0.0000	0.0000	0.0000	0.0000	0.0000	0.0000	0.0000	0.0000	0.1248	0.1092	0.0156	0.0236	0.0218	0.0017	0.1013	0.0874	0.0139	0.0626	0.0357	0.0269	0.0171	0.0136	0.0034	0.0456	0.0221	0.0235	0.0000	0.0000	0.0000	0.0000	0.0000	0.0000	0.0000	0.0000	0.0000	0.0000	0.0000	0.0000	0.0000	0.0000	0.0000	0.0000	0.0000	0.0000				
27	54	0.1886	9	1	0	1	0	0	0	0	0	N	N	N	N	N	N	N	N	N	N	N	N	0.0000	0.0000	0.0000	0.0000	0.0000	0.0000	0.0000	0.0000	0.0000	0.0000	0.0000	0.0000	0.0000	0.0000	0.0000	0.0000	0.0000	0.0000	0.0001	0.0000	0.0000	0.0000	0.0000	0.0000	0.0001	57.6890	0.0000	0.0000	6.0046	1.9998	3.2467	1.0017	0.0000	0.0000	0.0000	0.0000	0.0000	0.0000	0.0000	0.0000	0.0000	0.0000	0.0000	0.0000	0.0000	0.0000	0.0000	0.0000	0.0000	0.0000	0.0834	0.0729	0.0105	0.0155	0.0143	0.0011	0.0679	0.0585	0.0093	0.0318	0.0181	0.0137	0.0087	0.0069	0.0018	0.0231	0.0112	0.0119	0.0000	0.0000	0.0000	0.0000	0.0000	0.0000	0.0000	0.0000	0.0000	0.0000	0.0000	0.0001	0.0000	0.0000	0.0000	0.0000	0.0000	0.0001			
27	55	0.1306	8	1	0	1	0	0	0	0	0	N	N	N	N	N	N	N	N	N	N	N	N	0.0001	0.0000	0.0008	0.0000	0.0000	0.0000	0.0001	0.0000	0.0010	0.0000	0.0000	0.0002	0.0000	0.0000	0.0000	0.0000	0.0000	0.0003	0.4337	0.0003	0.2979	0.0008	0.0010	0.0001	0.6971	0.0000	0.2623	inf	495.0237	0.0000	0.0070	6.0046	8.0033	3.2467	9.9473	0.0000	0.0000	0.0000	0.0000	0.0000	0.0000	0.0000	0.0000	0.0000	0.0171	0.0000	0.0171	0.0000	0.0000	0.0000	0.0171	0.0000	0.0171	0.3450	0.3022	0.0427	0.0615	0.0578	0.0038	0.2834	0.2445	0.0390	0.1960	0.1144	0.0816	0.0415	0.0350	0.0065	0.1545	0.0793	0.0751	0.0003	0.0000	0.0011	0.0000	0.0000	0.0000	0.0003	0.0000	0.0011	0.0874	0.0003	0.2094	0.0008	0.0010	0.0001	0.1107	0.0000	0.2275
27	56	0.1462	6	1	1	1	0	0	0	0	0	N	N	N	N	N	N	N	N	N	N	N	N	0.0233	0.0001	33.4511	0.0005	0.0004	0.0000	11.8161	0.0000	46.3115	0.0006	0.0000	0.0050	0.0000	0.0000	0.0000	0.0008	0.0000	0.0055	0.0264	0.0720	0.0001	0.0714	0.0814	0.0004	0.0001	0.0000	0.0001	88.7441	0.0021	0.0001	-0.0031	6.0046	5.0156	3.2467	9.5596	0.0001	0.0000	0.0001	0.0000	0.0000	0.0000	0.0001	0.0000	0.0001	0.0053	0.0053	0.0000	0.0053	0.0053	0.0000	0.0000	0.0000	0.0000	0.2134	0.1874	0.0260	0.0428	0.0401	0.0027	0.1706	0.1472	0.0234	0.2007	0.1251	0.0756	0.0739	0.0648	0.0091	0.1268	0.0603	0.0665	0.0233	0.0002	33.4511	0.0005	0.0004	0.0000	11.8161	0.0000	46.3115	0.0264	0.0422	0.0001	0.0714	0.0814	0.0004	0.0001	0.0000	0.0001
27	57	0.1248	5	1	1	1	0	0	0	0	0	N	N	N	N	N	N	N	N	N	N	N	N	0.0003	0.0002	0.0042	0.0003	0.0004	0.0204	0.0005	0.0090	0.0012	0.0005	0.0006	0.0001	0.0017	0.0018	0.0003	0.0000	0.0000	0.0000	1.7477	2.6260	0.0125	6.0504	5.2577	0.0125	0.0069	0.0002	0.0125	0.0126	0.0069	-0.0001	-0.0951	6.0046	5.2776	3.2467	4.9316	0.0002	0.0002	0.0000	0.0002	0.0002	0.0000	0.0000	0.0000	0.0000	0.1633	0.1622	0.0011	0.1623	0.1622	0.0001	0.0010	0.0000	0.0010	0.2940	0.2578	0.0362	0.0870	0.0814	0.0056	0.2069	0.1763	0.0306	0.2563	0.1671	0.0892	0.1057	0.0988	0.0070	0.1506	0.0683	0.0823	0.0008	0.0006	0.0042	0.0011	0.0011	0.0204	0.0005	0.0090	0.0012	0.6372	0.9708	0.0125	1.5347	1.6418	0.0125	0.0069	0.0002	0.0125
27	58	0.0968	4	1	0	1	0	0	0	0	0	N	N	N	N	N	N	N	N	N	N	N	N	0.0549	0.0395	0.3788	0.1662	0.1867	0.0012	0.1091	0.0016	0.3983	0.0652	0.0720	0.0186	0.4377	0.4726	0.0000	0.0028	0.0000	0.0203	1.1857	1.8206	0.0491	2.6343	2.5318	0.0217	0.0255	0.0006	0.0510	0.0379	0.1242	-0.0058	-0.0130	6.0046	6.4383	3.2467	5.2340	0.0178	0.0171	0.0006	0.0171	0.0171	0.0000	0.0006	0.0000	0.0006	0.0271	0.0241	0.0030	0.0242	0.0241	0.0001	0.0029	0.0000	0.0029	0.2728	0.2379	0.0349	0.0391	0.0362	0.0029	0.2336	0.2017	0.0320	0.1482	0.0872	0.0610	0.0324	0.0286	0.0038	0.1158	0.0586	0.0572	0.3560	0.2602	0.3788	0.5866	0.5614	0.0012	0.1091	0.0016	0.3983	0.1830	0.2766	0.0491	0.7462	0.8418	0.0217	0.0255	0.0006	0.0510
27	63	0.2100	11	2	1	1	1	0	0	0	0	Y	N	N	N	N	N	N	N	N	N	N	N	1.0009	3.5730	inf	inf	0.0000	0.0000	0.0000	0.0000	0.0000	0.0000	0.0000	0.0000	0.0000	0.0000	0.0000	0.0000	0.0000	0.0000	0.0000	0.0000	0.0000	0.0000	0.0000	0.0000	inf	inf	0.0000	0.0000	6.0046	2.0000	3.2467	2.0002	0.0000	0.0000	0.0000	0.0000	0.0000	0.0000	0.0000	0.0000	0.0000	0.0000	0.0000	0.0000	0.0000	0.0000	0.0000	0.0000	0.0000	0.0000	0.0835	0.0732	0.0103	0.0167	0.0157	0.0011	0.0668	0.0575	0.0092	0.0418	0.0234	0.0184	0.0072	0.0061	0.0012	0.0345	0.0173	0.0172	1.0009	0.0000	3.5730	inf	0.0000	inf	0.0000	0.0000	0.0000	0.0000	0.0000	0.0000	0.0000	0.0000	0.0000	0.0000	0.0000	0.0000			
27	64	0.2257	15	1	1	1	1	0	0	0	0	N	N	N	N	N	N	N	N	N	N	N	N	0.0000	0.0000	0.0000	0.0000	0.0000	0.0000	0.0000	0.0000	0.0000	0.0000	0.0000	0.0000	0.0000	0.0000	0.0000	0.0000	0.0000	0.0000	0.0000	0.0000	0.0000	0.0000	0.0000	0.0000	0.0000	0.5116	0.0000	-0.0000	6.0046	2.0059	3.2467	4.8036	0.0000	0.0000	0.0000	0.0000	0.0000	0.0000	0.0000	0.0000	0.0000	0.0000	0.0000	0.0000	0.0000	0.0000	0.0000	0.0000	0.0000	0.0000	0.0845	0.0742	0.0103	0.0184	0.0172	0.0012	0.0662	0.0570	0.0091	0.0710	0.0405	0.0305	0.0136	0.0117	0.0019	0.0574	0.0288	0.0286	0.0000	0.0000	0.0000	0.0000	0.0000	0.0000	0.0000	0.0000	0.0000	0.0000	0.0000	0.0000	0.0000	0.0000	0.0000	0.0000	0.0000	0.0000			
27	65	0.2229	13	1	1	1	0	0	0	0	0	N	N	N	N	N	N	N	N	N	N	N	N	0.0585	0.0202	0.2213	0.0306	0.0288	0.0000	0.0598	0.0000	0.2329	0.0002	0.0000	0.0019	0.0000	0.0000	0.0000	0.0003	0.0000	0.0022	0.0040	0.0002	0.0088	0.0005	0.0006	0.0000	0.0050	0.0000	0.0094	62.9697	33.7134	0.0000	0.0000	6.0046	0.9804	3.2467	0.2754	0.0000	0.0000	0.0000	0.0000	0.0000	0.0000	0.0000	0.0000	0.0000	0.0001	0.0000	0.0001	0.0000	0.0000	0.0000	0.0001	0.0000	0.0001	0.0437	0.0386	0.0051	0.0102	0.0096	0.0006	0.0335	0.0290	0.0046	0.0149	0.0084	0.0065	0.0034	0.0030	0.0004	0.0116	0.0054	0.0061	0.0585	0.0202	0.2213	0.0306	0.0288	0.0000	0.0598	0.0000	0.2329	0.0040	0.0002	0.0088	0.0005	0.0006	0.0000	0.0050	0.0000	0.0094
27	66	0.2207	14	1	0	2	1	0	0	0	0	N	N	Y	N	N	N	N	N	N	N	N	N	0.0000	0.0000	0.0000	0.0000	0.0000	0.0000	0.0000	0.0000	0.0000	0.0000	0.0000	0.0000	0.0000	0.0000	0.0000	0.0000	0.0000	0.0000	0.0000	0.0000	0.0000	0.0000	0.0000	0.0000	0.0000	0.0133	0.0000	-0.0000	6.0046	0.9437	3.2467	4.8091	0.0000	0.0000	0.0000	0.0000	0.0000	0.0000	0.0000	0.0000	0.0000	0.0000	0.0000	0.0000	0.0000	0.0000	0.0000	0.0000	0.0000	0.0000	0.0562	0.0491	0.0071	0.0180	0.0170	0.0010	0.0382	0.0321	0.0061	0.0622	0.0356	0.0265	0.0121	0.0104	0.0016	0.0501	0.0252	0.0249	0.0000	0.0000	0.0000	0.0000	0.0000	0.0000	0.0000	0.0000	0.0000	0.0000	0.0000	0.0000	0.0000	0.0000	0.0000	0.0000	0.0000	0.0000			
27	67	0.2137	13	1	0	2	1	0	0	0	0	N	N	Y	N	N	N	N	N	N	N	N	N	0.0000	0.0000	0.0000	0.0000	0.0000	0.0000	0.0000	0.0000	0.0000	0.0000	0.0000	0.0000	0.0000	0.0000	0.0000	0.0000	0.0000	0.0000	0.0000	0.0000	0.0000	0.0000	0.0000	0.0000	0.0000	2.2197	0.0000	0.0000	6.0046	4.0088	3.2467	5.0246	0.0000	0.0000	0.0000	0.0000	0.0000	0.0000	0.0000	0.0000	0.0000	0.0000	0.0000	0.0000	0.0000	0.0000	0.0000	0.0000	0.0000	0.0000	0.1658	0.1455	0.0203	0.0334	0.0313	0.0021	0.1324	0.1142	0.0182	0.0937	0.0529	0.0408	0.0168	0.0143	0.0025	0.0769	0.0386	0.0383	0.0000	0.0000	0.0000	0.0000	0.0000	0.0000	0.0000	0.0000	0.0000	0.0000	0.0000	0.0000	0.0000	0.0000	0.0000	0.0000	0.0000	0.0000			
27	68	0.2257	15	1	0	2	1	0	0	0	0	N	N	Y	N	N	N	N	N	N	N	N	N	0.0000	0.0000	0.0000	0.0000	0.0000	0.0000	0.0000	0.0000	0.0000	0.0000	0.0000	0.0000	0.0000	0.0000	0.0000	0.0000	0.0000	0.0000	0.0000	0.0000	0.0000	0.0000	0.0000	0.0000	0.0000	0.0000	1.1744	0.0000	-0.0000	6.0046	1.0064	3.2467	4.2000	0.0000	0.0000	0.0000	0.0000	0.0000	0.0000	0.0000	0.0000	0.0000	0.0000	0.0000	0.0000	0.0000	0.0000	0.0000	0.0000	0.0000	0.0000	0.0429	0.0377	0.0052	0.0094	0.0088	0.0006	0.0335	0.0289	0.0046	0.0554	0.0317	0.0237	0.0108	0.0093	0.0015	0.0445	0.0224	0.0222	0.0000	0.0000	0.0000	0.0000	0.0000	0.0000	0.0000	0.0000	0.0000	0.0000	0.0000	0.0000	0.0000	0.0000	0.0000	0.0000	0.0000	0.0000		
27	69	0.2207	14	1	0	1	1	0	0	0	0	N	N	N	N	N	N	N	N	N	N	N	N	0.0000	0.0000	0.0000	0.0000	0.0000	0.0000	0.0000	0.0000	0.0000	0.0000	0.0000	0.0000	0.0000	0.0000	0.0000	0.0000	0.0000	0.0000	0.0000	0.0000	0.0000	0.0000	0.0000	0.0000	0.0000	0.0815	0.0000	-0.0000	6.0046	1.2889	3.2467	0.3511	0.0000	0.0000	0.0000	0.0000	0.0000	0.0000	0.0000	0.0000	0.0000	0.0000	0.0000	0.0000	0.0000	0.0000	0.0000	0.0000	0.0000	0.0000	0.0706	0.0618	0.0088	0.0210	0.0198	0.0012	0.0496	0.0420	0.0076	0.0204	0.0122	0.0082	0.0047	0.0042	0.0005	0.0157	0.0080	0.0077	0.0000	0.0000	0.0000	0.0000	0.0000	0.0000	0.0000	0.0000	0.0000	0.0000	0.0000	0.0000	0.0000	0.0000	0.0000	0.0000	0.0000	0.0000			
27	70	0.2137	13	1	0	1	1	0	0	0	0	N	N	N	N	N	N	N	N	N	N	N	N	0.0000	0.0000	0.0000	0.0000	0.0000	0.0000	0.0000	0.0000	0.0000	0.0000	0.0000	0.0000	0.0000	0.0000	0.0000	0.0000	0.0000	0.0004	0.0007	0.0000	0.0021	0.0025	0.0000	0.0000	0.0000	0.0000	0.0055	0.0000	-0.0000	6.0046	0.7777	3.2467	1.1718	0.0000	0.0000	0.0000	0.0000	0.0000	0.0000	0.0000	0.0000	0.0000	0.0000	0.0000	0.0000	0.0000	0.0000	0.0000	0.0000	0.0000	0.0000	0.0330	0.0290	0.0041	0.0069	0.0064	0.0004	0.0262	0.0225	0.0036	0.0224	0.0129	0.0095	0.0045	0.0039	0.0006	0.0179	0.0090	0.0089	0.0000	0.0000	0.0000	0.0000	0.0000	0.0000	0.0000	0.0000	0.0000	0.0004	0.0007	0.0000	0.0021	0.0025	0.0000	0.0000	0.0000	0.0000		
27	71	0.2100	12	1	0	1	1	0	0	0	0	N	N	N	N	N	N	N	N	N	N	N	N	0.0016	0.0000	0.0301	0.0020	0.0000	inf	0.0000	0.0000	0.0000	0.0000	0.0000	0.0000	0.0000	0.0000	0.0000	0.0000	0.0000	0.0000	0.0000	0.0001	0.0000	0.0001	0.0002	0.0000	0.0000	0.0000	0.0000	inf	0.2327	0.0000	-0.0000	6.0046	0.9929	3.2467	0.0325	0.0000	0.0000	0.0000	0.0000	0.0000	0.0000	0.0000	0.0000	0.0000	0.0000	0.0000	0.0000	0.0000	0.0000	0.0000	0.0000	0.0000	0.0000	0.0417	0.0365	0.0051	0.0084	0.0078	0.0005	0.0333	0.0287	0.0046	0.0109	0.0061	0.0048	0.0019	0.0016	0.0003	0.0090	0.0045	0.0045	0.0016	0.0000	0.0301	0.0020	0.0000	inf	0.0000	0.0000	0.0000	0.0000	0.0001	0.0000	0.0001	0.0002	0.0000	0.0000	0.0000	0.0000
27	72	0.2551	11	2	1	1	0	0	0	0	0	Y	N	N	N	N	N	N	N	N	N	N	N	0.0000	0.0000	0.0000	0.0000	0.0000	0.0000	0.0000	0.0000	0.0000	0.0000	0.0000	0.0000	0.0000	0.0000	0.0000	0.0000	0.0000	0.0000	0.0000	0.0000	6.0046	0.0000	3.2467	0.0001	0.0000	0.0000	0.0000	0.0000	0.0000	0.0000	0.0000	0.0000	0.0000	0.0000	0.0000	0.0000	0.0000	0.0000	0.0000	0.0000	0.0000	0.0000	0.0000	0.0000	0.0000	0.0000	0.0000	0.0000	0.0000	0.0000	0.0000	0.0000	0.0000	0.0000	0.0000	0.0000	0.0000	0.0000	0.0000	0.0000	0.0000	0.0000	0.0000	0.0000	0.0000	0.0000	0.0000	0.0000	0.0000	0.0000	0.0000	0.0000	0.0000	0.0000	0.0000	0.0000	0.0000	0.0000											
27	73	0.1918	10	2	1	1	0	0	0	0	0	Y	N	N	N	N	N	N	N	N	N	N	N	3.7857	0.0000	13.7591	0.2338	0.0000	3.0939	3.9286	0.0000	14.2453	0.0003	0.0000	0.0022	0.0000	0.0000	0.0000	0.0003	0.0000	0.0025	0.0001	0.0000	0.0002	0.0000	0.0000	0.0000	0.0001	0.0000	0.0002	inf	39.1833	0.0001	0.0000	6.0046	9.9619	3.2467	7.0378	0.0001	0.0000	0.0001	0.0000	0.0000	0.0000	0.0001	0.0000	0.0001	0.0000	0.0000	0.0000	0.0000	0.0000	0.0000	0.0000	0.0000	0.0000	0.4062	0.3564	0.0498	0.0748	0.0701	0.0047	0.3314	0.2863	0.0451	0.1702	0.0963	0.0739	0.0302	0.0254	0.0049	0.1400	0.0709	0.0691	3.7857	0.0000	13.7591	0.2338	0.0000	3.0939	3.9286	0.0000	14.2453	0.0001	0.0000	0.0002	0.0000	0.0000	0.0000	0.0001	0.0000	0.0002
27	74	0.2037	10	1	1	1	0	0	0	0	0	N	N	N	N	N	N	N	N	N	N	N	N	0.0240	0.0040	6.9485	1.0483	0.9211	5.3507	0.0108	0.0000	7.5248	0.0006	0.0004	0.0024	0.0013	0.0013	0.0000	0.0004	0.0000	0.0028	0.0256	0.0947	0.0003	0.0012	0.0015	0.0000	0.0351	1.2245	0.0004	0.8183	0.0060	0.0000	-0.0014	6.0046	7.0442	3.2467	2.0273	0.0002	0.0001	0.0001	0.0001	0.0001	0.0000	0.0001	0.0000	0.0001	0.0024	0.0024	0.0000	0.0000	0.0000	0.0000	0.0024	0.0024	0.0000	0.3424	0.3024	0.0400	0.0917	0.0859	0.0058	0.2507	0.2165	0.0343	0.0931	0.0515	0.0416	0.0171	0.0141	0.0030	0.0761	0.0375	0.0386	0.0240	0.0083	6.9485	1.0483	0.9211	5.3507	0.0121	0.0000	7.5248	0.0256	0.0461	0.0003	0.0012	0.0015	0.0000	0.0311	0.0628	0.0004
27	75	0.1798	9	1	1	1	0	0	0	0	0	N	N	N	N	N	N	N	N	N	N	N	N	0.8958	0.4301	5.4234	2.6269	2.3293	1.0318	0.5219	0.0000	5.6010	0.0014	0.0008	0.0056	0.0031	0.0032	0.0000	0.0008	0.0000	0.0062	0.0015	0.0019	0.0010	0.0012	0.0014	0.0000	0.0016	0.0036	0.0011	0.8851	0.4172	0.0000	-0.0000	6.0046	4.3369	3.2467	3.0972	0.0003	0.0002	0.0001	0.0002	0.0002	0.0000	0.0001	0.0000	0.0001	0.0001	0.0001	0.0000	0.0000	0.0000	0.0000	0.0001	0.0001	0.0000	0.2140	0.1895	0.0245	0.0502	0.0478	0.0023	0.1638	0.1417	0.0221	0.0782	0.0442	0.0340	0.0146	0.0123	0.0023	0.0637	0.0320	0.0317	0.8958	0.4301	5.4234	2.6269	2.3293	1.0318	0.5219	0.0000	5.6010	0.0015	0.0019	0.0010	0.0012	0.0014	0.0000	0.0016	0.0021	0.0011
27	76	0.2670	14	2	1	1	0	0	0	0	0	Y	N	N	N	N	N	N	N	N	N	N	N	0.0000	0.0000	0.0000	0.0000	0.0000	0.0000	0.0000	0.0000	0.0000	0.0000	0.0000	0.0000	0.0000	0.0001	0.0000	0.0003	0.0000	0.0000	0.0000	0.0002	0.0000	0.0003	inf	0.0000	0.0000	6.0046	1.9992	3.2467	0.0055	0.0000	0.0000	0.0000	0.0000	0.0000	0.0000	0.0000	0.0000	0.0000	0.0000	0.0000	0.0000	0.0000	0.0000	0.0000	0.0000	0.0000	0.0000	0.1118	0.0988	0.0130	0.0272	0.0255	0.0017	0.0846	0.0733	0.0113	0.0257	0.0144	0.0113	0.0036	0.0029	0.0007	0.0221	0.0115	0.0106	0.0000	0.0000	0.0000	0.0000	0.0000	0.0000	0.0000	0.0000	0.0000	0.0001	0.0000	0.0003	0.0000	0.0000	0.0000	0.0002	0.0000	0.0003						
27	77	0.2229	13	2	1	1	0	0	0	0	0	Y	N	N	N	N	N	N	N	N	N	N	N	0.0000	5.8814	0.0000	7.1280	7.3209	0.0000	0.0000	0.0000	0.0000	0.0000	0.0000	0.0000	0.0000	0.0000	0.0000	0.0000	0.0446	0.0000	0.0827	0.0000	0.0000	0.0000	0.0626	0.0000	0.0884	0.0000	441277.3625	-0.0000	0.0011	6.0046	5.0219	3.2467	2.0148	0.0000	0.0000	0.0000	0.0000	0.0000	0.0000	0.0000	0.0000	0.0000	0.0026	0.0000	0.0026	0.0000	0.0000	0.0000	0.0026	0.0000	0.0026	0.2086	0.1835	0.0251	0.0457	0.0430	0.0028	0.1629	0.1406	0.0223	0.0728	0.0409	0.0320	0.0140	0.0119	0.0021	0.0589	0.0290	0.0299	0.0000	5.8814	0.0000	7.1280	7.3209	0.0000	0.0000	0.0000	0.0000	0.0363	0.0000	0.0827	0.0000	0.0000	0.0000	0.0449	0.0000	0.0884		
27	78	0.2100	12	1	1	1	0	0	0	0	0	N	N	N	N	N	N	N	N	N	N	N	N	3.8633	2.5382	0.0000	3.4429	3.0932	0.0000	0.0000	0.0000	0.0000	0.0058	0.0067	0.0000	0.0291	0.0311	0.0000	0.0000	0.0000	0.0000	0.0015	0.0026	0.0001	0.0085	0.0100	0.0000	0.0001	0.0000	0.0001	0.0000	0.0277	-0.0001	-0.0000	6.0046	1.0203	3.2467	2.7327	0.0002	0.0002	0.0000	0.0002	0.0002	0.0000	0.0000	0.0000	0.0000	0.0001	0.0001	0.0000	0.0001	0.0001	0.0000	0.0000	0.0000	0.0000	0.0428	0.0375	0.0053	0.0086	0.0080	0.0005	0.0342	0.0295	0.0047	0.0392	0.0220	0.0173	0.0068	0.0057	0.0011	0.0324	0.0163	0.0162	3.8633	2.5382	0.0000	3.4429	3.0932	0.0000	0.0000	0.0000	0.0000	0.0015	0.0026	0.0001	0.0085	0.0100	0.0000	0.0001	0.0000	0.0001
27	79	0.2100	11	1	0	1	0	0	0	0	0	N	N	N	N	N	N	N	N	N	N	N	N	53.9569	41.5733	182.9779	109.2182	54.1033	inf	0.0000	0.0000	0.0023	0.0013	0.0132	0.0061	0.0031	0.1838	0.0000	0.0000	0.0000	0.0000	0.0000	0.0001	0.0001	0.0001	0.0000	0.0000	0.0000	0.0001	1.0000	1.0000	0.0000	-0.0000	6.0046	0.0000	3.2467	0.0018	0.0000	0.0000	0.0000	0.0000	0.0000	0.0000	0.0000	0.0000	0.0000	0.0000	0.0000	0.0000	0.0000	0.0000	0.0000	0.0000	0.0000	0.0000	0.0000	0.0000	0.0000	0.0000	0.0000	0.0000	0.0000	0.0000	0.0000	0.0001	0.0000	0.0000	0.0000	0.0000	0.0000	0.0000	0.0000	0.0000	53.9569	41.5733	182.9779	109.2182	54.1033	inf	0.0000	0.0000	0.0000	0.0000	0.0000	0.0001	0.0001	0.0001	0.0000	0.0000	0.0000	0.0001	
27	80	0.1918	10	1	0	1	0	0	0	0	0	N	N	N	N	N	N	N	N	N	N	N	N	370.6265	2616.7737	0.1431	3794.0663	3430.2644	0.6087	0.0410	0.0000	0.1464	0.0887	0.1012	0.0001	0.4545	0.4823	0.0000	0.0000	0.0000	0.0001	0.0002	0.0000	0.0005	0.0001	0.0001	0.0000	0.0003	0.0000	0.0005	0.0001	9.9220	-0.0043	0.0000	6.0046	3.0825	3.2467	2.0124	0.0120	0.0120	0.0000	0.0120	0.0120	0.0000	0.0000	0.0000	0.0000	0.0000	0.0000	0.0000	0.0000	0.0000	0.0000	0.0000	0.0000	0.0000	0.1348	0.1182	0.0165	0.0263	0.0248	0.0015	0.1085	0.0934	0.0150	0.0548	0.0311	0.0237	0.0101	0.0085	0.0016	0.0448	0.0226	0.0222	370.6265	2616.7737	0.1431	3794.0663	3430.2644	0.6087	0.0410	0.0000	0.1464	0.0002	0.0000	0.0005	0.0001	0.0001	0.0000	0.0003	0.0000	0.0005
27	81	0.1798	9	1	0	1	0	0	0	0	0	N	N	N	N	N	N	N	N	N	N	N	N	1.3296	0.9121	4.8982	1.1995	1.0667	0.7149	1.3310	0.0007	5.0463	0.0017	0.0007	0.0094	0.0024	0.0025	0.0000	0.0014	0.0000	0.0104	0.0012	0.0007	0.0019	0.0020	0.0024	0.0000	0.0011	0.0001	0.0021	1.8101	2.0065	0.0001	0.0000	6.0046	3.6751	3.2467	0.0788	0.0003	0.0001	0.0002	0.0001	0.0001	0.0000	0.0002	0.0000	0.0002	0.0001	0.0000	0.0000	0.0000	0.0000	0.0000	0.0000	0.0000	0.0000	0.1873	0.1662	0.0212	0.0454	0.0434	0.0020	0.1420	0.1228	0.0192	0.0410	0.0233	0.0177	0.0079	0.0067	0.0012	0.0331	0.0166	0.0165	1.3296	0.9121	4.8982	1.1995	1.0667	0.7149	1.3310	0.0007	5.0463	0.0012	0.0007	0.0019	0.0020	0.0024	0.0000	0.0011	0.0001	0.0021
27	82	0.1306	8	1	0	1	0	0	0	0	0	N	N	N	N	N	N	N	N	N	N	N	N	0.0012	0.5415	0.0082	0.9495	0.9791	0.0000	0.0005	0.0005	0.0103	0.0006	0.0003	0.0028	0.0014	0.0014	0.0000	0.0004	0.0000	0.0031	0.4886	0.0005	0.3413	0.0014	0.0015	0.0011	0.7771	0.0001	0.2980	1.4435	306.9203	0.0000	0.0059	6.0046	8.5011	3.2467	5.2406	0.0002	0.0001	0.0001	0.0001	0.0001	0.0000	0.0001	0.0000	0.0001	0.0145	0.0000	0.0144	0.0000	0.0000	0.0000	0.0144	0.0000	0.0144	0.3644	0.3192	0.0451	0.0646	0.0606	0.0040	0.2998	0.2586	0.0412	0.1574	0.0931	0.0643	0.0347	0.0296	0.0051	0.1227	0.0636	0.0592	0.0064	0.5415	0.0124	0.9495	0.9791	0.0000	0.0036	0.0005	0.0126	0.0921	0.0005	0.2247	0.0014	0.0015	0.0011	0.1177	0.0001	0.2441
28	29	0.0464	2	1	1	0	1	0	0	0	0	N	N	N	N	N	N	N	N	N	N	N	N	1.5422	2.1332	1.7940	0.1618	0.2474	0.0000	1.5715	6104.1260	3.0052	2.9071	1.6843	10.8826	0.1565	0.1609	0.0000	3.1237	1.8201	11.0494	1.8851	0.7896	6.0662	0.9673	0.6504	1.8863	1.9877	0.0003	3.6767	0.9907	15.3196	0.2689	0.2299	7.0330	12.7698	8.3476	10.8465	2.0086	1.0090	0.9996	0.0079	0.0079	0.0000	2.0008	1.0011	0.9996	0.6577	0.0403	0.6174	0.0415	0.0402	0.0013	0.6161	0.0001	0.6161	0.6909	0.5991	0.0919	0.0504	0.0490	0.0014	0.6405	0.5500	0.0905	0.6091	0.3405	0.2686	0.1060	0.1043	0.0017	0.5031	0.2362	0.2669	2.6925	14.2325	4.7344	0.3994	0.4172	0.0000	2.5505	6104.1260	4.7863	1.0797	0.1183	2.2986	0.3917	0.3856	0.7611	1.2247	0.0003	2.3086
28	30	0.1677	10	2	0	1	0	0	0	0	0	Y	N	N	N	N	N	N	N	N	N	N	N	38.9387	335.7088	30.0937	1329.8592	1151.1040	1833.6893	12.0703	80.7863	28.5261	0.0398	0.0354	0.0705	0.1754	0.1852	0.0096	0.0157	0.0063	0.0749	0.0010	0.0001	0.0023	0.0001	0.0002	0.0000	0.0013	0.0001	0.0026	0.2820	15.3870	-0.0035	0.0001	7.0330	11.8338	8.3476	5.9707	0.0244	0.0190	0.0054	0.0162	0.0162	0.0000	0.0082	0.0029	0.0053	0.0003	0.0000	0.0003	0.0000	0.0000	0.0000	0.0003	0.0000	0.0003	0.6138	0.5377	0.0761	0.0925	0.0874	0.0052	0.5213	0.4503	0.0710	0.3211	0.1897	0.1314	0.0764	0.0622	0.0142	0.2446	0.1275	0.1171	38.9387	335.7088	30.0937	1329.8592	1151.1040	1833.6893	12.0703	80.7863	28.5261	0.0010	0.0001	0.0023	0.0001	0.0002	0.0000	0.0013	0.0001	0.0026
28	31	0.0464	2	1	0	1	0	0	0	0	0	N	N	N	N	N	N	N	N	N	N	N	N	0.0328	0.0059	22.7991	0.0988	0.1355	0.0000	6.9685	239.2692	24.1344	0.0043	0.0040	0.0060	0.0389	0.0400	0.0000	0.0010	0.0002	0.0061	0.1305	0.6740	0.0003	0.3942	0.2948	0.0020	0.0001	0.0000	0.0003	0.2357	0.0020	-0.0003	-0.0126	7.0330	6.9288	8.3476	3.0309	0.0017	0.0014	0.0003	0.0013	0.0013	0.0000	0.0004	0.0001	0.0003	0.0215	0.0214	0.0000	0.0214	0.0214	0.0000	0.0000	0.0000	0.0000	0.3998	0.3456	0.0542	0.0343	0.0334	0.0009	0.3655	0.3122	0.0533	0.3648	0.2055	0.1593	0.0929	0.0919	0.0009	0.2719	0.1136	0.1583	0.0727	0.0384	22.7991	0.1686	0.1713	0.0000	6.9685	239.2692	24.1344	0.0589	0.1043	0.0003	0.2309	0.2332	0.0020	0.0001	0.0000	0.0003
28	34	0.1320	4	1	1	0	0	0	0	0	0	N	N	N	N	N	N	N	N	N	N	N	N	0.0000	0.0000	0.0000	0.0000	0.0000	0.0000	0.0000	0.0000	0.0000	0.0000	0.0000	0.0000	0.0000	0.0000	0.0000	0.0000	0.0000	0.0000	20.4619	0.0012	167.0353	0.0027	0.0000	0.0259	25.1354	0.0022	177.6454	24827.0284	0.0000	0.4103	7.0330	0.0019	8.3476	3.0025	0.0000	0.0000	0.0000	0.0000	0.0000	0.0000	0.0000	0.0000	0.0000	0.9987	0.0000	0.9986	0.0000	0.0000	0.0000	0.9986	0.0000	0.9986	0.0004	0.0003	0.0000	0.0001	0.0001	0.0000	0.0002	0.0002	0.0000	0.0582	0.0349	0.0233	0.0111	0.0099	0.0012	0.0472	0.0250	0.0222	0.0000	0.0000	0.0000	0.0000	0.0000	0.0000	0.0000	0.0000	0.0000	17.1532	0.0012	42.8036	0.0027	0.0000	0.0259	21.1782	0.0016	45.0333	
28	35	0.2339	10	2	1	0	0	0	0	0	0	Y	N	N	N	N	N	N	N	N	N	N	N	0.0000	0.0000	0.0000	0.0000	0.0000	0.0000	0.0000	0.0000	0.0000	0.0000	0.0000	0.0000	0.0000	0.0002	0.0003	0.0000	0.0011	0.0013	0.0000	0.0000	0.0000	0.0000	0.0000	0.0000	-0.0000	7.0330	1.0000	8.3476	1.9999	0.0000	0.0000	0.0000	0.0000	0.0000	0.0000	0.0000	0.0000	0.0000	0.0000	0.0000	0.0000	0.0000	0.0000	0.0000	0.0000	0.0000	0.0000	0.0521	0.0456	0.0065	0.0114	0.0107	0.0007	0.0407	0.0349	0.0057	0.0523	0.0295	0.0228	0.0089	0.0076	0.0013	0.0433	0.0219	0.0215	0.0000	0.0000	0.0000	0.0000	0.0000	0.0000	0.0000	0.0000	0.0000	0.0002	0.0003	0.0000	0.0011	0.0013	0.0000	0.0000	0.0000	0.0000						
28	36	0.1986	10	1	1	1	0	0	0	0	0	N	N	N	N	N	N	N	N	N	N	N	N	0.0009	0.0000	67.7291	0.0000	0.0000	0.0120	1.4813	0.0046	115.1265	0.0043	0.0001	0.0341	0.0000	0.0000	0.0000	0.0053	0.0001	0.0375	4.6369	9.6738	0.0005	49.0923	48.2705	0.0012	0.0036	0.0183	0.0003	72.1688	0.0000	0.0005	-0.4653	7.0330	3.0341	8.3476	5.2124	0.0007	0.0000	0.0007	0.0000	0.0000	0.0000	0.0007	0.0000	0.0007	0.7898	0.7898	0.0000	0.7894	0.7894	0.0000	0.0004	0.0004	0.0000	0.1727	0.1514	0.0213	0.0327	0.0308	0.0019	0.1400	0.1206	0.0194	0.1908	0.1256	0.0652	0.0664	0.0538	0.0126	0.1244	0.0718	0.0526	0.0010	0.0000	67.7291	0.0000	0.0000	0.0120	1.4813	0.0141	115.1265	4.1395	6.2875	0.0005	11.8936	14.6698	0.0012	0.0036	0.0059	0.0003
28	37	0.1748	9	1	1	0	0	0	0	0	0	N	N	N	N	N	N	N	N	N	N	N	N	0.0006	0.0003	0.0265	0.0009	0.0008	0.0000	0.0040	0.0003	0.0253	0.0004	0.0004	0.0001	0.0004	0.0004	0.0000	0.0004	0.0004	0.0001	0.6463	1.2324	0.0031	0.4560	0.5277	0.0001	0.0925	1.4658	0.0035	0.0289	0.0121	-0.0000	-0.0093	7.0330	3.0544	8.3476	4.8962	0.0001	0.0001	0.0000	0.0000	0.0000	0.0000	0.0001	0.0000	0.0000	0.0162	0.0160	0.0002	0.0102	0.0102	0.0000	0.0059	0.0057	0.0002	0.1636	0.1427	0.0209	0.0237	0.0223	0.0014	0.1399	0.1204	0.0195	0.1507	0.0888	0.0619	0.0361	0.0293	0.0068	0.1145	0.0595	0.0550	0.0035	0.0023	0.0265	0.0015	0.0013	0.0000	0.0071	0.0043	0.0253	0.1074	0.1801	0.0031	0.2836	0.3496	0.0001	0.0518	0.0966	0.0035
28	38	0.1320	4	1	0	1	0	0	0	0	0	N	N	N	N	N	N	N	N	N	N	N	N	0.0000	0.0000	0.0000	0.0000	0.0000	0.0000	0.0000	0.0000	0.0000	0.0000	0.0000	0.0000	0.0000	0.0089	0.0148	0.0000	0.0463	0.0515	0.0000	0.0000	0.0000	0.0000	0.0000	0.0000	-0.0002	7.0330	0.9992	8.3476	1.0069	0.0000	0.0000	0.0000	0.0000	0.0000	0.0000	0.0000	0.0000	0.0000	0.0003	0.0003	0.0000	0.0003	0.0003	0.0000	0.0000	0.0000	0.0000	0.0478	0.0417	0.0061	0.0047	0.0045	0.0002	0.0431	0.0372	0.0060	0.0393	0.0236	0.0157	0.0076	0.0068	0.0008	0.0318	0.0169	0.0149	0.0000	0.0000	0.0000	0.0000	0.0000	0.0000	0.0000	0.0000	0.0000	0.0089	0.0148	0.0000	0.0463	0.0515	0.0000	0.0000	0.0000	0.0000						
28	39	0.1266	3	1	0	0	0	0	0	0	0	N	N	N	N	N	N	N	N	N	N	N	N	0.0000	0.0000	0.0000	0.0000	0.0000	0.0000	0.0000	0.0000	0.0000	0.0000	0.0000	0.0000	0.0000	0.0000	0.0000	0.0000	0.0000	0.0090	0.0004	0.0215	0.0000	0.0000	0.0000	0.0108	0.0006	0.0225	33.9532	0.0000	0.0001	7.0330	1.0008	8.3476	0.9987	0.0000	0.0000	0.0000	0.0000	0.0000	0.0000	0.0000	0.0000	0.0000	0.0003	0.0000	0.0003	0.0000	0.0000	0.0000	0.0003	0.0000	0.0003	0.0483	0.0421	0.0062	0.0042	0.0041	0.0001	0.0441	0.0380	0.0061	0.0390	0.0232	0.0158	0.0067	0.0060	0.0007	0.0323	0.0172	0.0151	0.0000	0.0000	0.0000	0.0000	0.0000	0.0000	0.0000	0.0000	0.0000	0.0090	0.0004	0.0215	0.0000	0.0000	0.0000	0.0108	0.0006	0.0225		
28	40	0.0487	2	1	0	0	0	0	0	0	0	N	N	N	N	N	N	N	N	N	N	N	N	1.1879	0.0032	10.0812	0.0056	0.0054	96616.9648	1.6101	32.1766	12.3235	2.1119	0.0079	16.0330	0.0538	0.0449	0.3705	2.2292	0.0055	16.2113	1.7778	2.4349	1.5904	9.6899	8.3379	0.0000	1.3845	0.0002	1.3155	308.2916	0.7467	0.6345	-0.0698	7.0330	9.0374	8.3476	18.5287	1.0024	0.0032	0.9991	0.0014	0.0011	0.0003	1.0010	0.0021	0.9989	0.4316	0.2471	0.1845	0.2470	0.2470	0.0000	0.1845	0.0000	0.1845	0.4746	0.4123	0.0623	0.0256	0.0249	0.0007	0.4491	0.3874	0.0616	0.6715	0.3721	0.2994	0.1083	0.1060	0.0024	0.5631	0.2661	0.2970	3.2859	0.0118	26.0202	0.0236	0.0192	96616.9648	6.8027	32.1766	26.1028	0.6427	0.6641	0.6162	2.2800	2.3306	0.0000	0.3277	0.0002	0.6211
28	42	0.1094	7	1	0	0	0	0	0	0	0	N	N	N	N	N	N	N	N	N	N	N	N	71.9503	155.9661	19.3675	0.0000	0.0000	0.0000	112.9248	8540.9304	22.5196	0.0147	0.0158	0.0068	0.0000	0.0000	0.0000	0.0169	0.0184	0.0072	0.0002	0.0001	0.0004	0.0005	0.0004	0.0008	0.0001	0.0000	0.0003	0.0613	2.4261	-0.0039	0.0000	7.0330	17.0025	8.3476	6.0864	0.0128	0.0121	0.0007	0.0000	0.0000	0.0000	0.0128	0.0121	0.0007	0.0001	0.0000	0.0001	0.0000	0.0000	0.0000	0.0001	0.0000	0.0001	0.8725	0.7634	0.1091	0.1142	0.1086	0.0056	0.7583	0.6548	0.1034	0.4378	0.2572	0.1806	0.0763	0.0646	0.0117	0.3614	0.1926	0.1689	71.9503	155.9661	19.3675	0.0000	0.0000	0.0000	112.9248	8540.9304	22.5196	0.0002	0.0001	0.0004	0.0005	0.0004	0.0008	0.0001	0.0000	0.0003
28	44	0.1094	7	1	1	0	0	0	0	0	0	N	N	N	N	N	N	N	N	N	N	N	N	0.0008	0.0014	0.0000	0.0009	0.0011	0.0000	0.0000	0.0000	0.0000	0.0066	0.0075	0.0000	0.0463	0.0485	0.0000	0.0000	0.0000	0.0000	8.0246	5.3950	28.2197	50.7319	43.5417	0.0234	6.4904	0.0012	27.4044	0.0000	2.4860	-0.0009	0.3427	7.0330	6.9958	8.3476	11.8523	0.0026	0.0026	0.0000	0.0026	0.0026	0.0000	0.0000	0.0000	0.0000	2.7631	0.7926	1.9705	0.7927	0.7924	0.0002	1.9705	0.0002	1.9703	0.3907	0.3413	0.0493	0.0553	0.0528	0.0025	0.3354	0.2886	0.0468	0.3699	0.2187	0.1511	0.0663	0.0565	0.0098	0.3036	0.1623	0.1413	0.0009	0.0021	0.0000	0.0039	0.0035	0.0000	0.0000	0.0000	0.0000	7.4702	3.6235	13.0377	11.9576	14.0338	0.0234	6.4904	0.0012	13.9424
28	45	0.1477	8	1	1	0	0	0	0	0	0	N	N	N	N	N	N	N	N	N	N	N	N	68.3773	47.9788	0.0003	0.0010	0.0009	0.0443	405.9986	5767.6480	0.0000	0.9947	1.1353	0.0000	0.0001	0.0001	0.0000	1.1613	1.3431	0.0000	0.0145	0.0237	0.0054	0.0694	0.0811	0.0006	0.0029	0.0002	0.0057	0.0000	0.1854	-0.3641	-0.0039	7.0330	20.1318	8.3476	17.5118	1.0008	1.0008	0.0000	0.0000	0.0000	0.0000	1.0008	1.0008	0.0000	0.0091	0.0077	0.0014	0.0076	0.0076	0.0000	0.0015	0.0001	0.0014	1.0061	0.8815	0.1246	0.1443	0.1364	0.0079	0.8618	0.7451	0.1167	0.6255	0.3599	0.2656	0.1099	0.0939	0.0160	0.5156	0.2660	0.2496	68.3773	53.2242	0.0003	0.0010	0.0009	0.0443	405.9986	5767.6480	0.0000	0.0145	0.0213	0.0054	0.0694	0.0811	0.0006	0.0029	0.0002	0.0057
28	46	0.1035	4	1	1	0	0	0	0	0	0	N	N	N	N	N	N	N	N	N	N	N	N	0.0000	0.0000	0.0000	0.0000	0.0000	0.0000	0.0000	0.0000	0.0000	0.0000	0.0000	0.0000	0.0000	0.0000	0.0000	0.0000	0.0000	0.0000	0.0400	0.1342	0.0002	0.1325	0.1472	0.0000	0.0001	0.0000	0.0002	0.0023	0.0000	-0.0120	7.0330	15.0410	8.3476	10.9147	0.0000	0.0000	0.0000	0.0000	0.0000	0.0000	0.0000	0.0000	0.0000	0.0205	0.0205	0.0000	0.0205	0.0205	0.0000	0.0000	0.0000	0.0000	0.8389	0.7348	0.1041	0.1533	0.1450	0.0083	0.6856	0.5898	0.0958	0.6005	0.3828	0.2177	0.1544	0.1389	0.0155	0.4461	0.2438	0.2023	0.0000	0.0000	0.0000	0.0000	0.0000	0.0000	0.0000	0.0000	0.0000	0.0341	0.0534	0.0002	0.1325	0.1472	0.0000	0.0001	0.0000	0.0002	
28	47	0.1728	11	2	0	1	0	0	0	0	0	Y	N	N	N	N	N	N	N	N	N	N	N	0.0003	0.0000	99.4802	0.0000	0.0000	0.0000	15.5617	0.2815	98.6219	0.0011	0.0000	0.0089	0.0000	0.0000	0.0000	0.0013	0.0000	0.0096	3.5727	7.6057	0.0001	47.5906	48.1138	0.0000	0.0001	0.0001	0.0001	73.0000	0.0000	0.0005	-0.5837	7.0330	12.7633	8.3476	6.3722	0.0007	0.0000	0.0007	0.0000	0.0000	0.0000	0.0007	0.0000	0.0007	0.9908	0.9908	0.0000	0.9908	0.9908	0.0000	0.0000	0.0000	0.0000	0.6635	0.5818	0.0817	0.1021	0.0965	0.0056	0.5614	0.4853	0.0761	0.3451	0.2047	0.1404	0.0833	0.0681	0.0152	0.2617	0.1366	0.1251	0.0004	0.0000	99.4802	0.0000	0.0000	0.0000	15.5617	0.2815	98.6219	2.8714	4.8410	0.0001	11.8911	14.5543	0.0000	0.0001	0.0001	0.0001
28	48	0.1677	10	1	0	0	0	0	0	0	0	N	N	N	N	N	N	N	N	N	N	N	N	0.0005	0.0001	0.0167	0.0003	0.0003	0.0000	0.0038	0.5964	0.0158	0.0000	0.0000	0.0003	0.0001	0.0001	0.0000	0.0000	0.0000	0.0003	0.0989	0.3886	0.0169	0.2319	0.2613	0.0000	0.0091	0.0000	0.0190	1.1418	0.1556	0.0000	-0.0011	7.0330	0.3513	8.3476	1.9759	0.0000	0.0000	0.0000	0.0000	0.0000	0.0000	0.0000	0.0000	0.0000	0.0024	0.0020	0.0003	0.0020	0.0020	0.0000	0.0003	0.0000	0.0003	0.0321	0.0294	0.0028	0.0093	0.0091	0.0002	0.0229	0.0203	0.0026	0.0459	0.0271	0.0188	0.0112	0.0091	0.0021	0.0347	0.0180	0.0167	0.0009	0.0003	0.0167	0.0004	0.0003	0.0000	0.0038	0.5964	0.0158	0.0513	0.0752	0.0169	0.1817	0.2231	0.0000	0.0091	0.0000	0.0190
28	49	0.1674	9	1	0	0	0	0	0	0	0	N	N	N	N	N	N	N	N	N	N	N	N	0.0001	0.0000	0.0025	0.0000	0.0000	0.0000	0.0002	inf	0.0028	0.0001	0.0000	0.0006	0.0000	0.0000	0.0000	0.0001	0.0000	0.0006	0.9966	0.8548	0.2264	0.5814	0.6263	0.0004	0.5203	0.0000	0.2167	73.0000	0.9677	0.0000	-0.0001	7.0330	0.1669	8.3476	0.0350	0.0000	0.0000	0.0000	0.0000	0.0000	0.0000	0.0000	0.0000	0.0000	0.0006	0.0003	0.0003	0.0003	0.0003	0.0000	0.0003	0.0000	0.0003	0.0091	0.0079	0.0012	0.0013	0.0012	0.0001	0.0078	0.0067	0.0011	0.0040	0.0024	0.0017	0.0010	0.0008	0.0002	0.0030	0.0016	0.0015	0.0005	0.0000	0.0032	0.0000	0.0000	0.0000	0.0009	inf	0.0030	0.1501	0.1296	0.1795	0.3111	0.3820	0.0004	0.0978	0.0000	0.2018
28	50	0.1674	8	1	0	0	0	0	0	0	0	N	N	N	N	N	N	N	N	N	N	N	N	0.0000	0.0000	0.0000	0.0000	0.0000	0.0000	0.0000	0.0000	0.0000	0.0000	0.0000	0.0000	0.0000	0.0000	0.0000	0.0000	0.0000	5.3575	5.9943	11.9176	31.4075	31.8274	0.0192	3.8533	0.0000	12.3415	1.0000	0.0000	-0.0001	7.0330	0.0010	8.3476	0.0028	0.0000	0.0000	0.0000	0.0000	0.0000	0.0000	0.0000	0.0000	0.0000	0.0006	0.0003	0.0003	0.0003	0.0003	0.0000	0.0003	0.0000	0.0003	0.0001	0.0001	0.0000	0.0000	0.0000	0.0000	0.0001	0.0001	0.0000	0.0001	0.0001	0.0001	0.0000	0.0000	0.0000	0.0001	0.0000	0.0000	0.0000	0.0000	0.0000	0.0000	0.0000	0.0000	0.0000	0.0000	0.0000	4.6003	3.8728	5.6644	6.4930	7.0903	0.0192	3.5616	0.0000	6.1136		
28	51	0.0899	6	1	1	0	1	0	0	0	0	N	N	N	N	N	N	N	N	N	N	N	N	0.0031	0.0007	0.0000	0.0025	0.0031	0.0000	0.0012	0.0039	0.0000	0.0002	0.0003	0.0000	0.0016	0.0017	0.0000	0.0000	0.0000	0.0000	0.0722	0.3626	0.0005	0.6408	0.5296	0.0021	0.0003	0.0001	0.0005	0.0000	0.0052	-0.0000	-0.0106	7.0330	7.3891	8.3476	13.2142	0.0001	0.0001	0.0000	0.0001	0.0001	0.0000	0.0000	0.0000	0.0000	0.0181	0.0180	0.0001	0.0180	0.0180	0.0000	0.0001	0.0000	0.0001	0.4131	0.3607	0.0523	0.0574	0.0550	0.0025	0.3556	0.3058	0.0498	0.4167	0.2430	0.1737	0.0565	0.0514	0.0051	0.3603	0.1917	0.1686	0.0051	0.0034	0.0000	0.0050	0.0048	0.0000	0.0012	0.0039	0.0000	0.0435	0.0741	0.0005	0.3190	0.3502	0.0021	0.0003	0.0001	0.0005
28	52	0.0838	5	1	1	0	0	0	0	0	0	N	N	N	N	N	N	N	N	N	N	N	N	0.5165	1395.4983	0.0029	15.3672	17.4874	0.0000	0.6169	11182.1226	0.0032	1.4887	1.6889	0.0306	0.1237	0.1294	0.0000	1.7168	1.9767	0.0323	2.8826	0.0012	10.6557	0.0081	0.0074	0.0154	2.7829	0.0002	10.1306	0.0025	3124.6261	-0.3664	0.4084	7.0330	12.1779	8.3476	13.0455	1.0140	1.0115	0.0025	0.0121	0.0121	0.0000	1.0020	0.9994	0.0025	0.9948	0.0003	0.9944	0.0003	0.0003	0.0001	0.9944	0.0000	0.9944	0.6811	0.5989	0.0822	0.0975	0.0933	0.0042	0.5836	0.5056	0.0780	0.4627	0.2630	0.1997	0.0410	0.0376	0.0033	0.4217	0.2253	0.1964	0.6924	1395.4983	0.0061	15.3672	17.4874	0.0000	0.7280	11182.1226	0.0064	2.1501	0.0012	4.9798	0.0081	0.0074	0.0154	2.3582	0.0002	5.0641
28	53	0.1748	9	1	1	0	0	0	0	0	0	N	N	N	N	N	N	N	N	N	N	N	N	0.0000	0.0000	0.0000	0.0000	0.0000	0.0000	0.0000	0.0000	0.0000	0.0000	0.0000	0.0000	0.0000	0.0000	0.0000	0.0000	0.0000	0.0001	0.0001	0.0000	0.0004	0.0004	0.0003	0.0000	0.0000	0.0000	0.1743	0.0000	-0.0000	7.0330	3.0001	8.3476	3.0003	0.0000	0.0000	0.0000	0.0000	0.0000	0.0000	0.0000	0.0000	0.0000	0.0000	0.0000	0.0000	0.0000	0.0000	0.0000	0.0000	0.0000	0.0000	0.1608	0.1402	0.0206	0.0233	0.0219	0.0014	0.1375	0.1183	0.0192	0.1149	0.0677	0.0472	0.0276	0.0224	0.0052	0.0873	0.0453	0.0420	0.0000	0.0000	0.0000	0.0000	0.0000	0.0000	0.0000	0.0000	0.0000	0.0001	0.0001	0.0000	0.0004	0.0004	0.0003	0.0000	0.0000	0.0000		
28	54	0.1674	8	1	0	0	0	0	0	0	0	N	N	N	N	N	N	N	N	N	N	N	N	0.0000	0.0000	0.0000	0.0000	0.0000	0.0000	0.0000	0.0000	0.0000	0.0000	0.0000	0.0000	0.0000	0.0000	0.0000	0.0000	0.0000	0.0000	0.0051	0.0001	0.0124	0.0001	0.0002	0.0000	0.0067	0.0000	0.0140	169.7641	0.0000	0.0001	7.0330	1.9998	8.3476	1.0017	0.0000	0.0000	0.0000	0.0000	0.0000	0.0000	0.0000	0.0000	0.0000	0.0003	0.0000	0.0003	0.0000	0.0000	0.0000	0.0003	0.0000	0.0003	0.1074	0.0936	0.0138	0.0152	0.0143	0.0009	0.0922	0.0793	0.0129	0.0584	0.0344	0.0240	0.0141	0.0114	0.0027	0.0443	0.0230	0.0213	0.0000	0.0000	0.0000	0.0000	0.0000	0.0000	0.0000	0.0000	0.0000	0.0051	0.0001	0.0124	0.0001	0.0002	0.0000	0.0067	0.0000	0.0140	
28	55	0.1094	7	1	0	0	0	0	0	0	0	N	N	N	N	N	N	N	N	N	N	N	N	0.0000	0.0000	0.0000	0.0000	0.0000	0.0000	0.0000	0.0000	0.0000	0.0000	0.0000	0.0000	0.0000	0.0000	0.0000	0.0000	0.0000	0.0000	3.4993	0.0006	15.5628	0.0014	0.0017	0.0000	3.7288	0.0002	15.6973	inf	7769.2841	0.0000	0.4077	7.0330	8.0033	8.3476	9.9473	0.0000	0.0000	0.0000	0.0000	0.0000	0.0000	0.0000	0.0000	0.0000	0.9927	0.0001	0.9925	0.0001	0.0001	0.0000	0.9926	0.0000	0.9925	0.4416	0.3858	0.0558	0.0614	0.0586	0.0028	0.3801	0.3272	0.0529	0.3551	0.2104	0.1447	0.0641	0.0547	0.0094	0.2910	0.1557	0.1353	0.0000	0.0000	0.0000	0.0000	0.0000	0.0000	0.0000	0.0000	0.0000	2.7950	0.0006	6.8572	0.0014	0.0017	0.0000	3.4103	0.0002	7.3342
28	56	0.1250	5	1	1	0	0	0	0	0	0	N	N	N	N	N	N	N	N	N	N	N	N	30.1696	0.0079	211.9716	0.0135	0.0151	0.0287	32.9688	0.3406	231.9612	3.6408	0.0001	29.1975	0.0006	0.0004	0.0050	4.3073	0.0000	31.0017	0.1207	0.0093	0.1377	0.0423	0.0233	0.1752	0.1306	0.0000	0.1337	56642.9682	8.2499	0.6335	0.0056	7.0330	5.0156	8.3476	9.5596	0.9957	0.0000	0.9957	0.0000	0.0000	0.0000	0.9957	0.0000	0.9957	0.0183	0.0020	0.0164	0.0041	0.0020	0.0021	0.0142	0.0000	0.0142	0.2735	0.2394	0.0341	0.0423	0.0403	0.0020	0.2312	0.1991	0.0321	0.3310	0.2123	0.1187	0.0971	0.0848	0.0123	0.2339	0.1275	0.1064	65.7213	0.0079	211.9716	0.0135	0.0151	0.0290	70.8095	0.3406	231.9612	0.0554	0.0093	0.1377	0.0423	0.0233	0.1731	0.0608	0.0000	0.1337
28	57	0.1035	4	1	1	0	0	0	0	0	0	N	N	N	N	N	N	N	N	N	N	N	N	0.0214	0.0807	0.0069	0.1343	0.6614	0.0000	0.0089	0.1013	0.0077	0.0516	0.0481	0.0766	0.1296	0.1372	0.0000	0.0249	0.0142	0.0865	2.4080	0.5960	11.1235	0.9645	0.2075	84.6900	2.8031	0.1403	11.1836	0.2270	24.0014	-0.0034	0.2294	7.0330	5.2776	8.3476	4.9316	0.0191	0.0155	0.0035	0.0122	0.0122	0.0000	0.0069	0.0033	0.0035	0.6185	0.0247	0.5937	0.0484	0.0228	0.0256	0.5700	0.0020	0.5681	0.3692	0.3232	0.0461	0.0942	0.0889	0.0053	0.2750	0.2342	0.0408	0.3634	0.2483	0.1151	0.1247	0.1157	0.0090	0.2387	0.1326	0.1061	0.0303	0.4827	0.0148	0.3338	0.6979	0.0000	0.0104	0.9523	0.0161	1.7018	0.0996	5.1603	0.3881	0.1967	2.8496	2.3882	0.0149	5.3564
28	58	0.0756	3	1	0	0	0	0	0	0	0	N	N	N	N	N	N	N	N	N	N	N	N	0.0125	0.0231	0.0002	0.0128	0.0176	0.0075	0.0133	0.0202	0.0002	0.0377	0.0430	0.0022	0.0186	0.0197	0.0011	0.0400	0.0461	0.0022	3.0248	1.8593	11.5894	1.4510	1.1205	0.1475	3.0151	2.2859	11.4970	0.0076	12.4680	-0.0047	0.2025	7.0330	6.4383	8.3476	5.2340	0.0133	0.0132	0.0001	0.0007	0.0007	0.0000	0.0125	0.0124	0.0001	0.6017	0.0447	0.5570	0.0172	0.0169	0.0003	0.5845	0.0278	0.5567	0.3518	0.3059	0.0459	0.0384	0.0362	0.0022	0.3134	0.2697	0.0437	0.2633	0.1577	0.1055	0.0366	0.0344	0.0022	0.2266	0.1233	0.1033	0.0165	0.1518	0.0004	0.0396	0.0401	0.0075	0.0155	0.2047	0.0004	2.2856	0.2833	5.2773	0.4700	0.4910	0.1475	2.5791	0.2253	5.3888
28	63	0.1887	10	2	1	0	1	0	0	0	0	Y	N	N	N	N	N	N	N	N	N	N	N	2674.6053	0.0000	16986.0402	3462.2120	0.0000	inf	0.0000	0.0000	0.0001	0.0000	0.0007	0.0005	0.0000	0.0080	0.0000	0.0000	0.0000	0.0000	0.0000	0.0000	0.0000	0.0000	0.0000	0.0000	0.0000	0.0000	inf	1.1667	0.0000	-0.0000	7.0330	2.0000	8.3476	2.0002	0.0000	0.0000	0.0000	0.0000	0.0000	0.0000	0.0000	0.0000	0.0000	0.0000	0.0000	0.0000	0.0000	0.0000	0.0000	0.0000	0.0000	0.0000	0.1070	0.0936	0.0134	0.0202	0.0189	0.0013	0.0868	0.0746	0.0122	0.0744	0.0425	0.0319	0.0098	0.0085	0.0012	0.0646	0.0340	0.0306	2674.6053	0.0000	16986.0402	3462.2120	0.0000	inf	0.0000	0.0000	0.0000	0.0000	0.0000	0.0000	0.0000	0.0000	0.0000	0.0000	0.0000	0.0000	
28	64	0.2044	14	1	1	0	1	0	0	0	0	N	N	N	N	N	N	N	N	N	N	N	N	0.0000	0.0000	0.0000	0.0000	0.0000	0.0000	0.0000	0.0000	0.0000	0.0000	0.0000	0.0000	0.0000	0.0000	0.0000	0.0000	0.0000	0.0000	0.0000	0.0000	0.0000	0.0000	0.0001	0.0000	0.0000	0.0000	18.0130	0.0000	0.0000	7.0330	2.0059	8.3476	4.8036	0.0000	0.0000	0.0000	0.0000	0.0000	0.0000	0.0000	0.0000	0.0000	0.0000	0.0000	0.0000	0.0000	0.0000	0.0000	0.0000	0.0000	0.0000	0.1082	0.0948	0.0135	0.0221	0.0207	0.0014	0.0861	0.0740	0.0121	0.1262	0.0740	0.0522	0.0204	0.0182	0.0022	0.1058	0.0558	0.0500	0.0000	0.0000	0.0000	0.0000	0.0000	0.0000	0.0000	0.0000	0.0000	0.0000	0.0000	0.0000	0.0000	0.0000	0.0001	0.0000	0.0000	0.0000		
28	65	0.2016	12	1	1	0	0	0	0	0	0	N	N	N	N	N	N	N	N	N	N	N	N	0.4665	0.1892	0.0012	0.4012	0.4154	0.0000	0.0009	0.0000	0.0032	0.0124	0.0141	0.0000	0.0597	0.0629	0.0000	0.0000	0.0000	0.0000	0.0265	0.0743	0.0033	0.1488	0.1514	0.0521	0.0006	0.0000	0.0013	0.0000	0.0564	-0.0003	-0.0004	7.0330	0.9804	8.3476	0.2754	0.0007	0.0007	0.0000	0.0007	0.0007	0.0000	0.0000	0.0000	0.0000	0.0007	0.0007	0.0000	0.0007	0.0007	0.0000	0.0000	0.0000	0.0000	0.0557	0.0490	0.0067	0.0115	0.0110	0.0006	0.0442	0.0381	0.0061	0.0268	0.0154	0.0115	0.0049	0.0044	0.0005	0.0219	0.0109	0.0110	0.4665	0.3209	0.0012	0.4200	0.4154	0.0000	0.0009	0.0000	0.0032	0.0265	0.0438	0.0033	0.1421	0.1514	0.0521	0.0006	0.0000	0.0013
28	66	0.1994	13	1	0	1	1	0	0	0	0	N	N	N	N	N	N	N	N	N	N	N	N	0.1623	0.2920	0.0000	0.0000	0.0000	0.0000	0.5110	inf	0.0000	0.0000	0.0000	0.0000	0.0000	0.0000	0.0000	0.0000	0.0000	0.0000	0.0000	0.0000	0.0000	0.0000	0.0000	0.0000	0.0000	0.0000	0.0000	0.0000	1.6684	-0.0000	0.0000	7.0330	0.9437	8.3476	4.8091	0.0000	0.0000	0.0000	0.0000	0.0000	0.0000	0.0000	0.0000	0.0000	0.0000	0.0000	0.0000	0.0000	0.0000	0.0000	0.0000	0.0000	0.0000	0.0701	0.0612	0.0089	0.0213	0.0201	0.0012	0.0488	0.0411	0.0077	0.1102	0.0649	0.0453	0.0181	0.0162	0.0018	0.0921	0.0486	0.0435	0.1623	0.2920	0.0000	0.0000	0.0000	0.0000	0.5110	inf	0.0000	0.0000	0.0000	0.0000	0.0000	0.0000	0.0000	0.0000	0.0000	0.0000
28	67	0.1924	12	1	0	1	1	0	0	0	0	N	N	N	N	N	N	N	N	N	N	N	N	0.1665	0.1100	0.0000	0.0000	0.0000	0.0000	39.0679	inf	0.0000	0.0001	0.0001	0.0000	0.0000	0.0000	0.0000	0.0001	0.0001	0.0000	0.0004	0.0006	0.0000	0.0026	0.0030	0.0000	0.0000	0.0000	0.0000	0.0000	0.0058	-0.0000	-0.0000	7.0330	4.0088	8.3476	5.0246	0.0000	0.0000	0.0000	0.0000	0.0000	0.0000	0.0000	0.0000	0.0000	0.0001	0.0001	0.0000	0.0001	0.0001	0.0000	0.0000	0.0000	0.0000	0.2125	0.1860	0.0265	0.0405	0.0380	0.0025	0.1720	0.1480	0.0240	0.1666	0.0958	0.0708	0.0230	0.0203	0.0027	0.1436	0.0756	0.0680	0.1665	0.1100	0.0000	0.0000	0.0000	0.0000	39.0679	inf	0.0000	0.0004	0.0006	0.0000	0.0026	0.0030	0.0000	0.0000	0.0000	0.0000
28	68	0.2044	14	1	0	1	1	0	0	0	0	N	N	N	N	N	N	N	N	N	N	N	N	0.0000	0.0000	0.0000	0.0000	0.0000	0.0000	0.0000	0.0000	0.0000	0.0000	0.0000	0.0000	0.0000	0.0000	0.0000	0.0000	0.0000	0.0001	0.0000	0.0002	0.0005	0.0000	0.0048	0.0000	0.0000	0.0000	539.5278	0.0000	0.0000	7.0330	1.0064	8.3476	4.2000	0.0000	0.0000	0.0000	0.0000	0.0000	0.0000	0.0000	0.0000	0.0000	0.0000	0.0000	0.0000	0.0000	0.0000	0.0000	0.0000	0.0000	0.0000	0.0549	0.0481	0.0068	0.0113	0.0106	0.0007	0.0436	0.0375	0.0061	0.0983	0.0579	0.0404	0.0162	0.0146	0.0017	0.0820	0.0433	0.0388	0.0000	0.0000	0.0000	0.0000	0.0000	0.0000	0.0000	0.0000	0.0000	0.0001	0.0000	0.0002	0.0005	0.0000	0.0048	0.0000	0.0000	0.0000		
28	69	0.1994	13	1	0	0	1	0	0	0	0	N	N	N	N	N	N	N	N	N	N	N	N	0.0015	0.0011	0.0000	0.0000	0.0000	0.0000	0.1086	4.5669	0.0000	0.0000	0.0000	0.0000	0.0000	0.0000	0.0000	0.0000	0.0000	0.0000	0.0002	0.0004	0.0000	0.0012	0.0013	0.0001	0.0000	0.0000	0.0000	0.0000	0.0244	-0.0000	-0.0000	7.0330	1.2889	8.3476	0.3511	0.0000	0.0000	0.0000	0.0000	0.0000	0.0000	0.0000	0.0000	0.0000	0.0000	0.0000	0.0000	0.0000	0.0000	0.0000	0.0000	0.0000	0.0000	0.0885	0.0773	0.0112	0.0249	0.0235	0.0014	0.0636	0.0538	0.0098	0.0359	0.0219	0.0140	0.0072	0.0066	0.0005	0.0287	0.0153	0.0134	0.0015	0.0011	0.0000	0.0000	0.0000	0.0000	0.1086	4.5669	0.0000	0.0002	0.0004	0.0000	0.0012	0.0013	0.0001	0.0000	0.0000	0.0000
28	70	0.1924	12	1	0	0	1	0	0	0	0	N	N	N	N	N	N	N	N	N	N	N	N	0.1983	0.2588	0.0000	0.0011	0.0011	0.0000	0.3180	0.7706	0.0000	0.0003	0.0003	0.0000	0.0000	0.0000	0.0000	0.0004	0.0004	0.0000	0.0015	0.0013	0.0018	0.0033	0.0037	0.0001	0.0012	0.0006	0.0019	0.0000	0.9507	-0.0000	-0.0000	7.0330	0.7777	8.3476	1.1718	0.0000	0.0000	0.0000	0.0000	0.0000	0.0000	0.0000	0.0000	0.0000	0.0001	0.0000	0.0000	0.0000	0.0000	0.0000	0.0000	0.0000	0.0000	0.0423	0.0370	0.0053	0.0083	0.0078	0.0005	0.0340	0.0293	0.0048	0.0397	0.0232	0.0164	0.0064	0.0057	0.0006	0.0333	0.0175	0.0158	0.1983	0.2588	0.0000	0.0011	0.0011	0.0000	0.3180	0.7706	0.0000	0.0015	0.0013	0.0018	0.0033	0.0037	0.0001	0.0012	0.0006	0.0019
28	71	0.1887	11	1	0	0	1	0	0	0	0	N	N	N	N	N	N	N	N	N	N	N	N	11.3099	18.2672	0.4117	7.1664	0.0000	3691.0147	12.1016	11.3305	0.0000	0.0293	0.0333	0.0015	0.0010	0.0000	0.0159	0.0359	0.0418	0.0000	0.0026	0.0018	0.0036	0.0001	0.0002	0.0000	0.0030	0.0037	0.0038	0.0064	1.4871	-0.0006	0.0000	7.0330	0.9929	8.3476	0.0325	0.0016	0.0016	0.0000	0.0000	0.0000	0.0000	0.0016	0.0016	0.0000	0.0001	0.0000	0.0000	0.0000	0.0000	0.0000	0.0000	0.0000	0.0000	0.0534	0.0467	0.0067	0.0101	0.0094	0.0006	0.0433	0.0373	0.0061	0.0194	0.0111	0.0083	0.0026	0.0022	0.0003	0.0168	0.0088	0.0080	11.3099	18.2672	0.4117	7.1664	0.0000	3691.0147	12.1016	18.5879	0.0000	0.0026	0.0018	0.0036	0.0001	0.0002	0.0000	0.0030	0.0022	0.0038
28	72	0.2339	10	2	1	0	0	0	0	0	0	Y	N	N	N	N	N	N	N	N	N	N	N	inf	inf	inf	inf	0.0007	0.0000	0.0078	0.0000	0.0000	0.0000	0.0011	0.0000	0.0083	0.0000	0.0000	0.0000	0.0000	0.0000	0.0000	0.0000	0.0000	0.0000	inf	0.0000	0.0000	7.0330	0.0000	8.3476	0.0001	0.0000	0.0000	0.0000	0.0000	0.0000	0.0000	0.0000	0.0000	0.0000	0.0000	0.0000	0.0000	0.0000	0.0000	0.0000	0.0000	0.0000	0.0000	0.0000	0.0000	0.0000	0.0000	0.0000	0.0000	0.0000	0.0000	0.0000	0.0000	0.0000	0.0000	0.0000	0.0000	0.0000	0.0000	0.0000	0.0000	inf	0.0000	inf	0.0000	0.0000	0.0000	inf	0.0000	inf	0.0000	0.0000	0.0000	0.0000	0.0000	0.0000	0.0000	0.0000	0.0000						
28	73	0.1706	9	2	1	0	0	0	0	0	0	Y	N	N	N	N	N	N	N	N	N	N	N	8.9785	0.2884	56.1641	0.2915	0.3454	0.3655	37.3309	0.4663	128.4629	0.0102	0.0003	0.0804	0.0016	0.0014	0.0054	0.0120	0.0000	0.0874	0.0011	0.0009	0.0014	0.0056	0.0041	0.0149	0.0003	0.0000	0.0007	42.9513	1.1442	0.0033	-0.0000	7.0330	9.9619	8.3476	7.0378	0.0053	0.0001	0.0052	0.0002	0.0001	0.0000	0.0051	0.0000	0.0051	0.0003	0.0002	0.0002	0.0003	0.0002	0.0001	0.0001	0.0000	0.0001	0.5197	0.4553	0.0644	0.0916	0.0860	0.0055	0.4282	0.3693	0.0589	0.3041	0.1754	0.1287	0.0465	0.0397	0.0068	0.2576	0.1357	0.1219	8.9785	0.2884	56.1641	0.2915	0.3454	0.3655	37.3309	0.4663	128.4629	0.0011	0.0009	0.0014	0.0056	0.0041	0.0149	0.0003	0.0000	0.0007
28	74	0.1824	9	1	1	0	0	0	0	0	0	N	N	N	N	N	N	N	N	N	N	N	N	0.1646	0.0935	0.0004	241.8895	227.0667	0.0000	0.0000	0.0000	0.0005	1.0919	1.2402	0.0000	4.4693	4.7361	0.0000	0.0000	0.0000	0.0000	6.6337	13.2610	0.0006	0.0185	0.0209	0.0025	7.1040	14.0416	0.0005	0.0000	0.0000	-0.1757	-0.5697	7.0330	7.0442	8.3476	2.0273	0.4830	0.4830	0.0000	0.4830	0.4830	0.0000	0.0000	0.0000	0.0000	0.9672	0.9672	0.0000	0.0006	0.0006	0.0000	0.9666	0.9666	0.0000	0.4423	0.3894	0.0529	0.1081	0.1020	0.0061	0.3342	0.2874	0.0468	0.1667	0.0955	0.0712	0.0307	0.0267	0.0040	0.1361	0.0688	0.0672	0.1882	0.1225	0.0004	241.8895	227.0667	0.0000	0.0000	0.0000	0.0005	5.8008	10.1251	0.0006	0.0185	0.0209	0.0025	7.1040	14.0416	0.0005
28	75	0.1585	8	1	1	0	0	0	0	0	0	N	N	N	N	N	N	N	N	N	N	N	N	1.4374	0.4920	966.6185	96.5982	87.3761	1.6058	0.8589	0.0000	1012.0343	1.7806	1.0111	7.5438	4.0927	4.2561	0.0062	1.1362	0.0001	8.1210	1.2388	2.0551	0.0078	0.0424	0.0487	0.0038	1.3229	2.9041	0.0080	0.9961	0.0165	0.0676	-0.0165	7.0330	4.3369	8.3476	3.0972	0.4995	0.2502	0.2493	0.2502	0.2502	0.0000	0.2493	0.0000	0.2492	0.0289	0.0284	0.0005	0.0009	0.0009	0.0000	0.0279	0.0275	0.0005	0.2805	0.2475	0.0330	0.0611	0.0588	0.0023	0.2194	0.1887	0.0307	0.1419	0.0820	0.0599	0.0223	0.0191	0.0031	0.1196	0.0628	0.0568	8.7530	2.9188	966.6185	96.5982	87.3761	1.6058	4.8674	0.0003	1012.0343	0.2034	0.3464	0.0078	0.0424	0.0487	0.0038	0.2334	0.4371	0.0080
28	76	0.2458	13	2	1	0	0	0	0	0	0	Y	N	N	N	N	N	N	N	N	N	N	N	0.0000	0.0000	0.0000	0.0000	0.0000	0.0000	0.0000	0.0000	0.0000	0.0000	0.0000	0.0000	0.0000	0.0000	0.0000	0.0000	0.0000	0.0296	0.0000	0.0669	0.0001	0.0000	0.0003	0.0381	0.0000	0.0695	62448.4536	0.0000	0.0005	7.0330	1.9992	8.3476	0.0055	0.0000	0.0000	0.0000	0.0000	0.0000	0.0000	0.0000	0.0000	0.0000	0.0013	0.0000	0.0013	0.0000	0.0000	0.0000	0.0013	0.0000	0.0013	0.1364	0.1199	0.0164	0.0248	0.0233	0.0016	0.1115	0.0967	0.0148	0.0439	0.0244	0.0194	0.0043	0.0036	0.0007	0.0396	0.0208	0.0187	0.0000	0.0000	0.0000	0.0000	0.0000	0.0000	0.0000	0.0000	0.0000	0.0296	0.0000	0.0669	0.0001	0.0000	0.0003	0.0329	0.0000	0.0695		
28	77	0.2016	12	2	1	0	0	0	0	0	0	Y	N	N	N	N	N	N	N	N	N	N	N	0.0003	9.1906	0.0000	10.5744	9.9531	2.2251	0.0000	0.0000	0.0025	0.0028	0.0000	0.0128	0.0135	0.0002	0.0000	0.0000	0.0000	8.2524	0.0003	35.5875	0.0012	0.0014	0.0001	8.8054	0.0000	37.3402	0.0009	42799.5172	-0.0002	0.4071	7.0330	5.0219	8.3476	2.0148	0.0007	0.0007	0.0000	0.0007	0.0007	0.0000	0.0000	0.0000	0.0000	0.9909	0.0000	0.9909	0.0000	0.0000	0.0000	0.9909	0.0000	0.9909	0.2671	0.2343	0.0328	0.0517	0.0488	0.0029	0.2154	0.1855	0.0299	0.1319	0.0756	0.0563	0.0193	0.0170	0.0023	0.1125	0.0585	0.0540	0.0003	9.1906	0.0000	10.5744	9.9531	2.2251	0.0000	0.0000	0.0000	7.5142	0.0003	17.5974	0.0012	0.0014	0.0001	8.8054	0.0000	18.3453	
28	78	0.1887	11	1	1	0	0	0	0	0	0	N	N	N	N	N	N	N	N	N	N	N	N	1789.9996	8506.0660	0.0000	23328.3124	21724.0532	1.7486	0.0000	0.0002	0.0000	18.2069	20.8214	0.0000	96.4943	102.9033	0.0000	0.0000	0.0000	0.0000	0.0102	0.0024	0.0205	0.0041	0.0047	0.0000	0.0111	0.0032	0.0213	0.0000	6.2724	-0.3634	0.0002	7.0330	1.0203	8.3476	2.7327	0.9990	0.9990	0.0000	0.9990	0.9990	0.0000	0.0000	0.0000	0.0000	0.0007	0.0001	0.0006	0.0000	0.0000	0.0000	0.0007	0.0001	0.0006	0.0549	0.0480	0.0069	0.0104	0.0097	0.0006	0.0445	0.0383	0.0062	0.0699	0.0399	0.0300	0.0092	0.0080	0.0012	0.0607	0.0319	0.0288	1789.9996	8506.0660	0.0000	23328.3124	21724.0532	1.7486	0.0000	0.0003	0.0000	0.0102	0.0024	0.0205	0.0041	0.0047	0.0000	0.0111	0.0019	0.0213
28	79	0.1887	10	1	0	0	0	0	0	0	0	N	N	N	N	N	N	N	N	N	N	N	N	122388.6916	97781.7868	303039.9192	116795.9893	69517.2500	inf	0.0000	0.0000	6.7641	3.8427	28.2111	9.6260	5.4152	43.2817	0.0000	0.0000	0.0000	0.0001	0.0000	0.0001	0.0001	0.0001	0.0000	0.0000	0.0000	0.0001	1.0000	1.0000	0.0000	-0.0000	7.0330	0.0000	8.3476	0.0018	0.0000	0.0000	0.0000	0.0000	0.0000	0.0000	0.0000	0.0000	0.0000	0.0000	0.0000	0.0000	0.0000	0.0000	0.0000	0.0000	0.0000	0.0000	0.0000	0.0000	0.0000	0.0000	0.0000	0.0000	0.0000	0.0000	0.0000	0.0001	0.0001	0.0000	0.0000	0.0000	0.0000	0.0001	0.0000	0.0000	122388.6916	97781.7868	303039.9192	116795.9893	69517.2500	inf	0.0000	0.0000	0.0000	0.0001	0.0000	0.0001	0.0001	0.0001	0.0000	0.0000	0.0000	0.0001	
28	80	0.1706	9	1	0	0	0	0	0	0	0	N	N	N	N	N	N	N	N	N	N	N	N	16.5295	0.0132	2236.1094	0.0337	0.0079	3.2074	3027.2940	71.3607	10496.2176	0.0986	0.0001	0.7959	0.0013	0.0003	0.0168	0.1206	0.0001	0.8676	0.0060	0.0101	0.0004	0.0377	0.0430	0.0052	0.0000	0.0000	0.0001	842.9990	0.0259	0.0107	-0.0003	7.0330	3.0825	8.3476	2.0124	0.0169	0.0000	0.0169	0.0000	0.0000	0.0000	0.0169	0.0000	0.0169	0.0006	0.0006	0.0000	0.0006	0.0006	0.0000	0.0000	0.0000	0.0000	0.1718	0.1505	0.0212	0.0317	0.0299	0.0018	0.1401	0.1206	0.0195	0.0979	0.0565	0.0413	0.0154	0.0132	0.0022	0.0824	0.0433	0.0391	16.5295	0.0132	2236.1094	0.0337	0.0079	3.2074	3027.2940	71.3607	10496.2176	0.0060	0.0101	0.0004	0.0377	0.0430	0.0052	0.0000	0.0000	0.0001
28	81	0.1585	8	1	0	0	0	0	0	0	0	N	N	N	N	N	N	N	N	N	N	N	N	53.3989	0.0768	3809.4631	0.2392	0.2384	2.0401	293.5830	0.0011	4224.8561	2.0937	0.0115	17.8831	0.0449	0.0460	0.0149	2.6949	0.0001	19.2226	0.0392	0.1491	0.0047	0.1876	0.1928	0.0073	0.0092	0.0904	0.0045	205.8428	0.0614	0.3257	-0.0013	7.0330	3.6751	8.3476	0.0788	0.5159	0.0025	0.5134	0.0025	0.0025	0.0000	0.5134	0.0000	0.5134	0.0025	0.0024	0.0001	0.0020	0.0019	0.0000	0.0006	0.0004	0.0001	0.2464	0.2177	0.0287	0.0559	0.0539	0.0020	0.1905	0.1638	0.0267	0.0743	0.0431	0.0311	0.0121	0.0105	0.0016	0.0622	0.0326	0.0295	61.5001	0.2074	3809.4631	0.2781	0.2482	2.0401	293.5830	0.0072	4224.8561	0.0340	0.0552	0.0047	0.1613	0.1853	0.0073	0.0092	0.0134	0.0045
28	82	0.1094	7	1	0	0	0	0	0	0	0	N	N	N	N	N	N	N	N	N	N	N	N	160.9547	3.2028	3655.0750	203.8945	227.4854	0.0000	151.8823	0.0010	3739.9844	1.0638	0.0305	8.2163	0.1925	0.2018	0.0000	1.2035	0.0001	8.6548	0.0066	0.0095	0.0022	0.0009	0.0009	0.0013	0.0079	0.0869	0.0023	38.9016	0.1578	0.3033	-0.0009	7.0330	8.5011	8.3476	5.2406	0.4963	0.0124	0.4839	0.0124	0.0124	0.0000	0.4839	0.0000	0.4839	0.0019	0.0016	0.0003	0.0001	0.0000	0.0000	0.0018	0.0016	0.0002	0.4665	0.4076	0.0589	0.0645	0.0615	0.0030	0.4021	0.3462	0.0559	0.2842	0.1703	0.1139	0.0535	0.0461	0.0074	0.2307	0.1242	0.1065	160.9547	3.2028	3655.0750	203.8945	227.4854	0.0000	151.8823	0.0068	3739.9844	0.0066	0.0095	0.0022	0.0009	0.0009	0.0013	0.0079	0.0127	0.0023
29	30	0.2005	11	1	1	1	1	0	0	0	0	N	N	N	N	N	N	N	N	N	N	N	N	17353.1701	11565.7273	27100.0071	22834.0999	inf	inf	0.8071	0.9190	0.0000	5.6604	6.0242	0.0000	0.0001	0.0002	0.0000	0.0000	0.0001	0.0000	0.0002	0.0003	0.0000	0.0000	0.0000	0.0000	0.0000	0.0000	-0.3069	-0.0000	12.7698	11.8338	10.8465	5.9707	0.8435	0.8435	0.0000	0.8434	0.8434	0.0000	0.0001	0.0001	0.0000	0.0000	0.0000	0.0000	0.0000	0.0000	0.0000	0.0000	0.0000	0.0000	1.0451	0.9179	0.1272	0.1490	0.1400	0.0090	0.8961	0.7779	0.1182	0.4504	0.2636	0.1868	0.1003	0.0794	0.0209	0.3501	0.1842	0.1659	17353.1701	11565.7273	0.0000	27100.0071	22834.0999	0.0000	inf	inf	0.0000	0.0000	0.0001	0.0000	0.0002	0.0003	0.0000	0.0000	0.0000	0.0000			
29	34	0.1648	5	0	2	0	1	0	0	0	0	N	Y	N	N	N	N	N	N	N	N	N	N	0.0000	0.0000	0.0000	0.0000	0.0000	0.0000	0.0000	0.0000	0.0000	0.0000	0.0000	0.0000	0.0000	0.0003	0.0004	0.0000	0.0017	0.0020	0.0000	0.0000	0.0000	0.0000	0.0000	0.0000	-0.0000	12.7698	0.0019	10.8465	3.0025	0.0000	0.0000	0.0000	0.0000	0.0000	0.0000	0.0000	0.0000	0.0000	0.0000	0.0000	0.0000	0.0000	0.0000	0.0000	0.0000	0.0000	0.0000	0.0006	0.0006	0.0001	0.0003	0.0003	0.0000	0.0004	0.0003	0.0001	0.0772	0.0455	0.0317	0.0118	0.0101	0.0017	0.0653	0.0353	0.0300	0.0000	0.0000	0.0000	0.0000	0.0000	0.0000	0.0000	0.0000	0.0000	0.0003	0.0004	0.0000	0.0017	0.0020	0.0000	0.0000	0.0000	0.0000						
29	35	0.2667	11	1	2	0	1	0	0	0	0	N	Y	N	N	N	N	N	N	N	N	N	N	0.0000	0.0000	0.0000	0.0000	0.0000	0.0000	0.0000	0.0000	0.0000	0.0000	0.0000	0.0000	0.0000	0.0000	0.0000	0.0000	0.0000	0.0000	0.0000	0.0000	12.7698	1.0000	10.8465	1.9999	0.0000	0.0000	0.0000	0.0000	0.0000	0.0000	0.0000	0.0000	0.0000	0.0000	0.0000	0.0000	0.0000	0.0000	0.0000	0.0000	0.0000	0.0000	0.0889	0.0781	0.0108	0.0191	0.0178	0.0013	0.0698	0.0603	0.0095	0.0731	0.0408	0.0323	0.0111	0.0092	0.0019	0.0620	0.0316	0.0304	0.0000	0.0000	0.0000	0.0000	0.0000	0.0000	0.0000	0.0000	0.0000	0.0000	0.0000	0.0000	0.0000	0.0000	0.0000	0.0000	0.0000	0.0000											
29	36	0.2314	11	0	2	1	1	0	0	0	0	N	Y	N	N	N	N	N	N	N	N	N	N	0.0000	0.0000	0.0000	0.0000	0.0000	0.0000	0.0000	0.0000	0.0000	0.0000	0.0000	0.0000	0.0000	0.0000	0.0000	0.0000	0.0000	0.0000	4.3608	8.9106	0.0000	45.3319	43.5016	0.0000	1.7894	3.4779	0.0000	0.0000	0.0000	-0.5807	12.7698	3.0341	10.8465	5.2124	0.0000	0.0000	0.0000	0.0000	0.0000	0.0000	0.0000	0.0000	0.0000	0.9857	0.9857	0.0000	0.8404	0.8404	0.0000	0.1453	0.1453	0.0000	0.2944	0.2587	0.0357	0.0539	0.0505	0.0034	0.2405	0.2082	0.0323	0.2638	0.1724	0.0914	0.0867	0.0696	0.0171	0.1772	0.1028	0.0744	0.0000	0.0000	0.0000	0.0000	0.0000	0.0000	0.0000	0.0000	0.0000	3.7363	5.7183	0.0000	9.6970	12.0743	0.0000	0.8204	1.4141	0.0000	
29	37	0.2076	10	0	2	0	1	0	0	0	0	N	Y	N	N	N	N	N	N	N	N	N	N	0.0000	0.0000	0.0000	0.0000	0.0000	0.0000	0.0000	0.0000	0.0000	0.0000	0.0000	0.0000	0.0000	0.0000	0.0000	0.0000	0.0000	0.0000	4.4783	9.8421	0.1441	0.0938	0.1189	0.0004	4.9314	10.0773	0.1626	0.0158	0.0000	-0.4659	12.7698	3.0544	10.8465	4.8962	0.0000	0.0000	0.0000	0.0000	0.0000	0.0000	0.0000	0.0000	0.0000	0.8123	0.7996	0.0127	0.0045	0.0044	0.0000	0.8079	0.7952	0.0127	0.2784	0.2434	0.0350	0.0379	0.0355	0.0025	0.2405	0.2080	0.0325	0.2113	0.1234	0.0879	0.0475	0.0374	0.0100	0.1638	0.0859	0.0779	0.0000	0.0000	0.0000	0.0000	0.0000	0.0000	0.0000	0.0000	0.0000	3.8447	6.4818	0.1441	0.0938	0.1189	0.0004	4.9314	9.2541	0.1626	
29	38	0.1648	5	0	1	1	1	0	0	0	0	N	N	N	N	N	N	N	N	N	N	N	N	0.0000	0.0000	0.0000	0.0000	0.0000	0.0000	0.0000	0.0000	0.0000	0.0000	0.0000	0.0000	0.0000	0.0000	0.0000	0.0000	0.0000	0.0000	0.0000	0.0000	0.0000	0.0000	inf	0.0000	0.0000	12.7698	0.9992	10.8465	1.0069	0.0000	0.0000	0.0000	0.0000	0.0000	0.0000	0.0000	0.0000	0.0000	0.0000	0.0000	0.0000	0.0000	0.0000	0.0000	0.0000	0.0000	0.0000	0.0800	0.0696	0.0104	0.0074	0.0070	0.0004	0.0726	0.0626	0.0100	0.0522	0.0308	0.0213	0.0081	0.0070	0.0011	0.0440	0.0239	0.0202	0.0000	0.0000	0.0000	0.0000	0.0000	0.0000	0.0000	0.0000	0.0000	0.0000	0.0000	0.0000	0.0000	0.0000	0.0000	0.0000	0.0000	0.0000						
29	39	0.1595	4	0	1	0	1	0	0	0	0	N	N	N	N	N	N	N	N	N	N	N	N	0.0000	0.0000	0.0000	0.0000	0.0000	0.0000	0.0000	0.0000	0.0000	0.0000	0.0000	0.0000	0.0000	0.0000	0.0000	0.0000	0.0002	0.0000	0.0005	0.0000	0.0000	0.0000	0.0002	0.0000	0.0005	2856.8571	0.0000	0.0000	12.7698	1.0008	10.8465	0.9987	0.0000	0.0000	0.0000	0.0000	0.0000	0.0000	0.0000	0.0000	0.0000	0.0000	0.0000	0.0000	0.0000	0.0000	0.0000	0.0000	0.0000	0.0000	0.0808	0.0703	0.0105	0.0066	0.0063	0.0003	0.0742	0.0641	0.0102	0.0517	0.0303	0.0215	0.0069	0.0058	0.0010	0.0448	0.0244	0.0204	0.0000	0.0000	0.0000	0.0000	0.0000	0.0000	0.0000	0.0000	0.0000	0.0002	0.0000	0.0005	0.0000	0.0000	0.0000	0.0002	0.0000	0.0005			
29	40	0.0816	3	0	1	0	1	0	0	0	0	N	N	N	N	N	N	N	N	N	N	N	N	0.3923	0.3994	0.0000	6.0112	6.7041	0.0000	0.4308	0.3712	0.0000	1.2387	1.4234	0.0000	0.1579	0.1649	0.0000	1.3024	1.5055	0.0000	3.1576	3.5639	6.3744	0.0263	0.0246	0.0578	3.0230	4.0562	5.2133	0.0000	0.9175	-0.3660	-0.2115	12.7698	9.0374	10.8465	18.5287	1.0061	1.0061	0.0000	0.0071	0.0071	0.0000	0.9989	0.9989	0.0000	1.9119	0.9971	0.9148	0.0017	0.0015	0.0002	1.9101	0.9955	0.9146	0.8122	0.7068	0.1054	0.0452	0.0433	0.0019	0.7670	0.6635	0.1035	0.7951	0.4417	0.3534	0.0658	0.0625	0.0033	0.7293	0.3792	0.3501	0.5151	0.6305	0.0000	6.0112	6.7041	0.0000	0.4972	0.5734	0.0000	2.4046	2.2575	2.5883	0.0263	0.0246	0.0578	2.6192	2.6256	2.6123
29	42	0.1422	8	0	1	0	1	0	0	0	0	N	N	N	N	N	N	N	N	N	N	N	N	0.0000	0.0000	0.0000	0.0000	0.0000	0.0000	0.0000	0.0000	0.0000	0.0000	0.0000	0.0000	0.0000	0.0000	0.0000	0.0000	0.0000	0.0001	0.0001	0.0000	0.0004	0.0005	0.0001	0.0000	0.0000	0.0000	0.2309	0.0000	-0.0000	12.7698	17.0025	10.8465	6.0864	0.0000	0.0000	0.0000	0.0000	0.0000	0.0000	0.0000	0.0000	0.0000	0.0000	0.0000	0.0000	0.0000	0.0000	0.0000	0.0000	0.0000	0.0000	1.4865	1.3038	0.1827	0.1815	0.1716	0.0099	1.3050	1.1322	0.1728	0.6155	0.3583	0.2572	0.0968	0.0797	0.0172	0.5187	0.2786	0.2401	0.0000	0.0000	0.0000	0.0000	0.0000	0.0000	0.0000	0.0000	0.0000	0.0001	0.0001	0.0000	0.0004	0.0005	0.0001	0.0000	0.0000	0.0000		
29	44	0.1422	8	0	2	0	1	0	0	0	0	N	Y	N	N	N	N	N	N	N	N	N	N	0.0000	0.0000	0.0000	0.0000	0.0000	0.0000	0.0000	0.0001	0.0000	0.0003	0.0004	0.0000	0.0000	0.0000	0.0000	4.2151	9.0728	0.0000	43.4710	43.4852	0.0000	2.7130	5.1661	0.0000	0.0000	0.0000	-0.0000	-1.0630	12.7698	6.9958	10.8465	11.8523	0.0000	0.0000	0.0000	0.0000	0.0000	0.0000	0.0000	0.0000	0.0000	1.8043	1.8043	0.0000	0.8088	0.8088	0.0000	0.9955	0.9955	0.0000	0.6664	0.5837	0.0827	0.0889	0.0846	0.0043	0.5775	0.4992	0.0783	0.5202	0.3049	0.2153	0.0845	0.0701	0.0144	0.4356	0.2347	0.2009	0.0000	0.0000	0.0000	0.0000	0.0000	0.0000	0.0000	0.0000	0.0000	3.4689	5.9187	0.0000	9.5662	11.5334	0.0000	2.2854	4.2412	0.0000			
29	45	0.1806	9	0	2	0	1	0	0	0	0	N	Y	N	N	N	N	N	N	N	N	N	N	0.2524	0.1699	0.0000	577.7098	510.8941	0.0000	0.0000	0.0000	0.0000	0.4922	0.5604	0.0000	3.6426	3.8746	0.0000	0.0000	0.0000	0.0000	1.9499	3.2984	0.0000	0.0063	0.0076	0.0000	2.0477	4.0079	0.0000	0.0000	0.0000	-0.3068	-0.5863	12.7698	20.1318	10.8465	17.5118	0.8434	0.8434	0.0000	0.8434	0.8434	0.0000	0.0000	0.0000	0.0000	0.9952	0.9952	0.0000	0.0009	0.0009	0.0000	0.9943	0.9943	0.0000	1.7136	1.5050	0.2086	0.2315	0.2177	0.0139	1.4820	1.2873	0.1947	0.8795	0.5009	0.3786	0.1390	0.1155	0.0234	0.7405	0.3854	0.3552	0.4350	0.2821	0.0000	577.7098	510.8941	0.0000	0.0000	0.0000	0.0000	1.1315	1.9868	0.0000	0.0063	0.0076	0.0000	1.3427	2.5802	0.0000
29	46	0.1364	5	0	2	0	1	0	0	0	0	N	Y	N	N	N	N	N	N	N	N	N	N	0.0000	0.0000	0.0000	0.0000	0.0000	0.0000	0.0000	0.0000	0.0000	0.0000	0.0000	0.0000	0.0000	0.0000	0.0000	0.0000	0.0000	0.0000	0.0007	0.0001	0.0016	0.0003	0.0004	0.0000	0.0008	0.0000	0.0018	7.3433	0.0000	0.0002	12.7698	15.0410	10.8465	10.9147	0.0000	0.0000	0.0000	0.0000	0.0000	0.0000	0.0000	0.0000	0.0000	0.0006	0.0001	0.0005	0.0001	0.0001	0.0000	0.0005	0.0000	0.0005	1.4303	1.2557	0.1746	0.2501	0.2357	0.0144	1.1803	1.0200	0.1602	0.8269	0.5245	0.3024	0.1963	0.1742	0.0221	0.6307	0.3503	0.2804	0.0000	0.0000	0.0000	0.0000	0.0000	0.0000	0.0000	0.0000	0.0000	0.0007	0.0001	0.0016	0.0003	0.0004	0.0000	0.0008	0.0000	0.0018	
29	47	0.2056	12	1	1	1	1	0	0	0	0	N	N	N	N	N	N	N	N	N	N	N	N	0.0065	0.1436	0.0000	0.3335	0.2820	0.0000	0.0000	0.0000	0.0000	0.0001	0.0000	0.0003	0.0003	0.0000	0.0000	0.0000	0.0000	0.0068	0.0004	0.0160	0.0009	0.0011	0.0000	0.0086	0.0000	0.0181	0.0000	32.1278	-0.0000	0.0013	12.7698	12.7633	10.8465	6.3722	0.0001	0.0001	0.0000	0.0001	0.0001	0.0000	0.0000	0.0000	0.0000	0.0033	0.0001	0.0032	0.0001	0.0001	0.0000	0.0032	0.0000	0.0032	1.1302	0.9937	0.1366	0.1649	0.1551	0.0097	0.9654	0.8385	0.1268	0.4842	0.2846	0.1996	0.1096	0.0872	0.0224	0.3746	0.1974	0.1772	0.0065	0.1436	0.0000	0.3335	0.2820	0.0000	0.0000	0.0000	0.0000	0.0068	0.0004	0.0160	0.0009	0.0011	0.0000	0.0086	0.0000	0.0181	
29	48	0.2005	11	0	1	0	1	0	0	0	0	N	N	N	N	N	N	N	N	N	N	N	N	0.4919	0.3340	0.0000	0.0000	0.0000	0.9371	0.3714	0.0000	0.0009	0.0010	0.0000	0.0000	0.0000	0.0000	0.0013	0.0014	0.0000	0.0018	0.0029	0.0003	0.0034	0.0043	0.0000	0.0013	0.0038	0.0003	0.0000	0.0630	-0.0000	-0.0001	12.7698	0.3513	10.8465	1.9759	0.0001	0.0001	0.0000	0.0000	0.0000	0.0000	0.0001	0.0001	0.0000	0.0001	0.0001	0.0000	0.0001	0.0001	0.0000	0.0001	0.0001	0.0000	0.0556	0.0510	0.0047	0.0160	0.0157	0.0003	0.0397	0.0353	0.0044	0.0644	0.0377	0.0267	0.0148	0.0117	0.0031	0.0496	0.0259	0.0236	0.4919	0.3340	0.0000	0.0000	0.0000	0.0000	0.9371	0.6154	0.0000	0.0018	0.0029	0.0003	0.0034	0.0043	0.0000	0.0013	0.0023	0.0003	
29	49	0.2002	10	0	1	0	1	0	0	0	0	N	N	N	N	N	N	N	N	N	N	N	N	0.0000	0.0000	0.0000	0.0000	0.0000	0.0000	0.0000	0.0000	0.0000	0.0000	0.0000	0.0000	0.0000	0.0000	0.0000	0.0000	0.0000	0.0039	0.0063	0.0004	0.0084	0.0106	0.0000	0.0025	0.0106	0.0005	0.0477	0.0000	-0.0000	12.7698	0.1669	10.8465	0.0350	0.0000	0.0000	0.0000	0.0000	0.0000	0.0000	0.0000	0.0000	0.0000	0.0000	0.0000	0.0000	0.0000	0.0000	0.0000	0.0000	0.0000	0.0000	0.0155	0.0135	0.0020	0.0021	0.0019	0.0001	0.0134	0.0116	0.0018	0.0057	0.0033	0.0024	0.0013	0.0010	0.0003	0.0044	0.0023	0.0021	0.0000	0.0000	0.0000	0.0000	0.0000	0.0000	0.0000	0.0000	0.0000	0.0039	0.0063	0.0004	0.0084	0.0106	0.0000	0.0025	0.0044	0.0005		
29	50	0.2002	9	0	1	0	1	0	0	0	0	N	N	N	N	N	N	N	N	N	N	N	N	0.0000	0.0000	0.0000	0.0000	0.0000	0.0000	0.0000	0.0000	0.0000	0.0000	0.0000	0.0000	0.0000	0.0000	0.0000	0.0000	0.0000	0.7840	1.2647	0.0130	0.1979	0.2013	0.0000	0.4496	1.9793	0.0141	0.0461	0.0000	-0.0000	12.7698	0.0010	10.8465	0.0028	0.0000	0.0000	0.0000	0.0000	0.0000	0.0000	0.0000	0.0000	0.0000	0.0000	0.0000	0.0000	0.0000	0.0000	0.0000	0.0000	0.0000	0.0000	0.0002	0.0002	0.0000	0.0001	0.0001	0.0000	0.0001	0.0001	0.0000	0.0002	0.0001	0.0001	0.0001	0.0001	0.0000	0.0001	0.0001	0.0001	0.0000	0.0000	0.0000	0.0000	0.0000	0.0000	0.0000	0.0000	0.0000	0.1202	0.1937	0.0130	0.1739	0.1910	0.0000	0.0918	0.1967	0.0141		
29	51	0.1228	7	0	2	0	2	0	0	0	0	N	Y	N	Y	N	N	N	N	N	N	N	N	0.0000	0.0000	0.0000	0.0000	0.0000	0.0000	0.0000	0.0000	0.0000	0.0000	0.0000	0.0000	0.0000	0.0000	0.0000	0.0000	0.0000	0.0000	0.0149	0.0329	0.0000	0.1319	0.1485	0.0000	0.0000	0.0000	0.0000	0.0000	-0.0000	-0.0051	12.7698	7.3891	10.8465	13.2142	0.0000	0.0000	0.0000	0.0000	0.0000	0.0000	0.0000	0.0000	0.0000	0.0087	0.0087	0.0000	0.0087	0.0087	0.0000	0.0000	0.0000	0.0000	0.7047	0.6170	0.0877	0.0923	0.0879	0.0043	0.6124	0.5291	0.0834	0.5804	0.3336	0.2468	0.0657	0.0583	0.0074	0.5148	0.2753	0.2394	0.0000	0.0000	0.0000	0.0000	0.0000	0.0000	0.0000	0.0000	0.0000	0.0149	0.0260	0.0000	0.1319	0.1485	0.0000	0.0000	0.0000	0.0000	
29	52	0.1166	6	0	2	0	1	0	0	0	0	N	Y	N	N	N	N	N	N	N	N	N	N	0.4498	0.4828	0.0000	0.0035	0.0032	0.0000	0.5501	0.5145	0.0000	1.7226	1.9540	0.0001	0.0003	0.0003	0.0000	1.9894	2.2859	0.0001	3.8297	4.0474	8.2208	0.0731	0.0828	0.0000	3.6166	4.4427	6.9298	0.0000	1.0024	-0.7276	-0.1768	12.7698	12.1779	10.8465	13.0455	2.0000	2.0000	0.0000	0.0000	0.0000	0.0000	2.0000	2.0000	0.0000	1.9975	0.9975	1.0000	0.0030	0.0030	0.0000	1.9945	0.9945	1.0000	1.1611	1.0235	0.1375	0.1558	0.1486	0.0071	1.0053	0.8749	0.1304	0.6457	0.3605	0.2852	0.0416	0.0367	0.0048	0.6041	0.3237	0.2803	0.5568	0.7061	0.0000	0.0035	0.0032	0.0000	0.6025	0.7441	0.0000	3.0938	2.7673	3.5064	0.0731	0.0828	0.0000	3.3017	3.0721	3.5669
29	53	0.2076	10	0	2	0	1	0	0	0	0	N	Y	N	N	N	N	N	N	N	N	N	N	0.0000	0.0000	0.0000	0.0000	0.0000	0.0000	0.0000	0.0000	0.0000	0.0000	0.0000	0.0000	0.0000	0.0000	0.0000	0.0014	0.0024	0.0000	0.0063	0.0080	0.0000	0.0000	0.0000	0.0000	0.0000	0.0000	-0.0001	12.7698	3.0001	10.8465	3.0003	0.0000	0.0000	0.0000	0.0000	0.0000	0.0000	0.0000	0.0000	0.0000	0.0002	0.0002	0.0000	0.0002	0.0002	0.0000	0.0000	0.0000	0.0000	0.2735	0.2391	0.0343	0.0372	0.0348	0.0024	0.2363	0.2043	0.0319	0.1611	0.0940	0.0670	0.0363	0.0286	0.0077	0.1248	0.0654	0.0594	0.0000	0.0000	0.0000	0.0000	0.0000	0.0000	0.0000	0.0000	0.0000	0.0014	0.0024	0.0000	0.0063	0.0080	0.0000	0.0000	0.0000	0.0000				
29	54	0.2002	9	0	1	0	1	0	0	0	0	N	N	N	N	N	N	N	N	N	N	N	N	0.0000	0.0000	0.0000	0.0000	0.0000	0.0000	0.0000	0.0000	0.0000	0.0000	0.0000	0.0000	0.0000	0.0000	0.0000	0.0029	0.0050	0.0000	0.0006	0.0007	0.0000	0.0036	0.0211	0.0000	0.0000	0.0000	-0.0001	12.7698	1.9998	10.8465	1.0017	0.0000	0.0000	0.0000	0.0000	0.0000	0.0000	0.0000	0.0000	0.0000	0.0002	0.0002	0.0000	0.0000	0.0000	0.0000	0.0002	0.0002	0.0000	0.1827	0.1596	0.0230	0.0243	0.0227	0.0016	0.1584	0.1369	0.0215	0.0818	0.0477	0.0341	0.0185	0.0146	0.0039	0.0633	0.0332	0.0302	0.0000	0.0000	0.0000	0.0000	0.0000	0.0000	0.0000	0.0000	0.0000	0.0029	0.0050	0.0000	0.0006	0.0007	0.0000	0.0036	0.0069	0.0000				
29	55	0.1422	8	0	1	0	1	0	0	0	0	N	N	N	N	N	N	N	N	N	N	N	N	0.0000	0.0000	0.0000	0.0077	0.0067	0.0000	0.0000	0.0000	0.0000	0.0000	0.0000	0.0000	0.0003	0.0003	0.0000	0.0000	0.0000	0.0000	2.7288	5.1056	0.0000	0.0395	0.0476	0.0000	2.8153	5.8206	0.0000	0.0000	0.0000	-0.0000	-0.5910	12.7698	8.0033	10.8465	9.9473	0.0000	0.0000	0.0000	0.0000	0.0000	0.0000	0.0000	0.0000	0.0000	1.0032	1.0031	0.0000	0.0032	0.0032	0.0000	0.9999	0.9999	0.0000	0.7530	0.6596	0.0934	0.0986	0.0937	0.0049	0.6544	0.5660	0.0885	0.4994	0.2933	0.2062	0.0819	0.0681	0.0138	0.4176	0.2252	0.1924	0.0000	0.0000	0.0000	0.0077	0.0067	0.0000	0.0000	0.0000	0.0000	2.0085	3.4206	0.0000	0.0395	0.0476	0.0000	2.3946	4.4398	0.0000
29	56	0.1578	6	0	2	0	1	0	0	0	0	N	Y	N	N	N	N	N	N	N	N	N	N	0.6054	0.2617	3.9779	0.9516	0.8749	0.3259	1.2721	0.0000	4.2569	0.0132	0.0113	0.0269	0.0673	0.0708	0.0024	0.0038	0.0000	0.0285	0.0218	0.0432	0.0068	0.0707	0.0810	0.0073	0.0030	0.0000	0.0067	0.3319	0.1271	-0.0007	-0.0048	12.7698	5.0156	10.8465	9.5596	0.0062	0.0046	0.0015	0.0046	0.0046	0.0000	0.0015	0.0000	0.0015	0.0101	0.0089	0.0011	0.0091	0.0089	0.0001	0.0010	0.0000	0.0010	0.4665	0.4094	0.0571	0.0689	0.0654	0.0036	0.3976	0.3440	0.0536	0.4607	0.2930	0.1677	0.1281	0.1102	0.0178	0.3327	0.1828	0.1499	0.6054	0.3712	3.9779	0.9516	0.8749	0.3259	1.2721	0.0000	4.2569	0.0218	0.0305	0.0068	0.0707	0.0810	0.0073	0.0030	0.0000	0.0067
29	57	0.1364	5	0	2	0	1	0	0	0	0	N	Y	N	N	N	N	N	N	N	N	N	N	2.3365	0.2033	25.4675	0.2155	0.2294	0.1103	2.5660	0.9980	34.6199	1.5921	0.0134	12.8666	0.0191	0.0193	0.0155	2.1133	0.0113	14.5648	0.6814	0.0660	0.5052	0.0886	0.0842	0.1403	0.8236	0.0113	0.4207	134.3156	3.0567	0.6319	0.0090	12.7698	5.2776	10.8465	4.9316	1.0049	0.0074	0.9975	0.0030	0.0029	0.0001	1.0019	0.0046	0.9973	0.0546	0.0135	0.0411	0.0144	0.0126	0.0018	0.0402	0.0009	0.0394	0.6312	0.5537	0.0775	0.1571	0.1480	0.0090	0.4741	0.4056	0.0685	0.4950	0.3401	0.1549	0.1622	0.1496	0.0127	0.3327	0.1905	0.1422	14.4319	0.3389	48.4435	0.2155	0.2294	0.1103	17.4773	2.4700	52.6248	0.1103	0.0396	0.2656	0.0886	0.0842	0.1403	0.1209	0.0046	0.2768
29	58	0.1084	4	0	1	0	1	0	0	0	0	N	N	N	N	N	N	N	N	N	N	N	N	0.0059	0.0152	0.0071	0.0220	0.0322	0.0263	0.0056	0.1122	0.0075	0.0188	0.0088	0.0865	0.0315	0.0328	0.0121	0.0174	0.0060	0.0901	3.1860	0.5779	12.1807	1.4305	1.0176	0.4594	3.0844	0.0532	12.0884	1.4558	43.3231	0.0026	0.3408	12.7698	6.4383	10.8465	5.2340	0.0112	0.0046	0.0066	0.0018	0.0018	0.0000	0.0094	0.0028	0.0066	0.8777	0.0198	0.8579	0.0190	0.0180	0.0010	0.8587	0.0018	0.8569	0.5975	0.5207	0.0768	0.0580	0.0544	0.0036	0.5395	0.4663	0.0732	0.3633	0.2152	0.1481	0.0413	0.0381	0.0032	0.3220	0.1771	0.1449	0.0078	0.0952	0.0149	0.0685	0.0693	0.0404	0.0065	0.5919	0.0152	2.4159	0.0920	5.7909	0.4595	0.4730	0.2988	2.6669	0.0101	5.9125
29	63	0.2216	11	1	2	0	2	0	0	0	0	N	Y	N	Y	N	N	N	N	N	N	N	N	inf	inf	inf	inf	0.0001	0.0000	0.0004	0.0003	0.0000	0.0045	0.0000	0.0000	0.0000	0.0000	0.0000	0.0000	0.0000	0.0000	0.0000	0.0000	0.0000	0.0000	inf	0.0000	0.0000	12.7698	2.0000	10.8465	2.0002	0.0000	0.0000	0.0000	0.0000	0.0000	0.0000	0.0000	0.0000	0.0000	0.0000	0.0000	0.0000	0.0000	0.0000	0.0000	0.0000	0.0000	0.0000	0.1826	0.1601	0.0224	0.0336	0.0314	0.0022	0.1489	0.1287	0.0202	0.1042	0.0589	0.0453	0.0116	0.0098	0.0018	0.0925	0.0491	0.0434	inf	0.0000	inf	inf	0.0000	inf	0.0000	0.0000	0.0000	0.0000	0.0000	0.0000	0.0000	0.0000	0.0000	0.0000	0.0000	0.0000						
29	64	0.2373	15	0	2	0	2	0	0	0	0	N	Y	N	Y	N	N	N	N	N	N	N	N	0.0000	0.0000	0.0000	0.0000	0.0000	0.0000	0.0000	0.0000	0.0000	0.0000	0.0000	0.0000	0.0000	0.0000	0.0000	0.0000	0.0000	0.0010	0.0016	0.0000	0.0066	0.0076	0.0000	0.0000	0.0000	0.0000	0.0000	0.0000	-0.0001	12.7698	2.0059	10.8465	4.8036	0.0000	0.0000	0.0000	0.0000	0.0000	0.0000	0.0000	0.0000	0.0000	0.0002	0.0002	0.0000	0.0002	0.0002	0.0000	0.0000	0.0000	0.0000	0.1848	0.1623	0.0225	0.0371	0.0346	0.0025	0.1477	0.1277	0.0201	0.1772	0.1031	0.0741	0.0256	0.0224	0.0032	0.1516	0.0807	0.0709	0.0000	0.0000	0.0000	0.0000	0.0000	0.0000	0.0000	0.0000	0.0000	0.0010	0.0016	0.0000	0.0066	0.0076	0.0000	0.0000	0.0000	0.0000		
29	65	0.2345	13	0	2	0	1	0	0	0	0	N	Y	N	N	N	N	N	N	N	N	N	N	2.7917	2.7842	0.0000	2.5814	3.3894	0.0000	0.0000	0.0000	0.0000	0.0069	0.0079	0.0000	0.0341	0.0360	0.0000	0.0000	0.0000	0.0000	0.0025	0.0028	0.0020	0.0132	0.0106	0.0350	0.0003	0.0000	0.0006	0.0000	0.5493	-0.0002	-0.0000	12.7698	0.9804	10.8465	0.2754	0.0007	0.0007	0.0000	0.0007	0.0007	0.0000	0.0000	0.0000	0.0000	0.0001	0.0001	0.0000	0.0001	0.0001	0.0000	0.0000	0.0000	0.0000	0.0953	0.0840	0.0112	0.0194	0.0183	0.0010	0.0759	0.0657	0.0102	0.0379	0.0215	0.0164	0.0064	0.0057	0.0007	0.0315	0.0158	0.0157	2.7917	2.7842	0.0000	2.5814	3.3894	0.0000	0.0000	0.0000	0.0000	0.0025	0.0028	0.0020	0.0132	0.0106	0.0350	0.0003	0.0000	0.0006
29	66	0.2323	14	0	1	1	2	0	0	0	0	N	N	N	Y	N	N	N	N	N	N	N	N	0.0000	0.0000	0.0000	0.0000	0.0000	0.0000	0.0000	0.0000	0.0000	0.0000	0.0000	0.0000	0.0000	0.0000	0.0000	0.0000	0.0001	0.0001	0.0000	0.0004	0.0005	0.0000	0.0000	0.0000	0.0000	0.0003	0.0000	-0.0000	12.7698	0.9437	10.8465	4.8091	0.0000	0.0000	0.0000	0.0000	0.0000	0.0000	0.0000	0.0000	0.0000	0.0000	0.0000	0.0000	0.0000	0.0000	0.0000	0.0000	0.0000	0.0000	0.1210	0.1059	0.0151	0.0368	0.0347	0.0021	0.0842	0.0712	0.0130	0.1550	0.0905	0.0644	0.0228	0.0201	0.0027	0.1322	0.0705	0.0617	0.0000	0.0000	0.0000	0.0000	0.0000	0.0000	0.0000	0.0000	0.0000	0.0001	0.0001	0.0000	0.0004	0.0005	0.0000	0.0000	0.0000	0.0000			
29	67	0.2252	13	0	1	1	2	0	0	0	0	N	N	N	Y	N	N	N	N	N	N	N	N	64684.1117	41975.0728	0.0000	0.0000	536226599.9946	inf	2.7576	3.1417	0.0000	0.0000	0.0000	0.0000	3.3875	3.9168	0.0000	0.0000	0.0001	0.0000	0.0004	0.0004	0.0000	0.0000	0.0000	0.0000	0.0000	0.0001	-0.3637	-0.0000	12.7698	4.0088	10.8465	5.0246	0.9999	0.9999	0.0000	0.0000	0.0000	0.0000	0.9999	0.9999	0.0000	0.0000	0.0000	0.0000	0.0000	0.0000	0.0000	0.0000	0.0000	0.0000	0.3626	0.3183	0.0443	0.0674	0.0630	0.0044	0.2952	0.2553	0.0399	0.2335	0.1330	0.1005	0.0277	0.0237	0.0040	0.2058	0.1093	0.0965	64684.1117	41975.0728	0.0000	0.0000	0.0000	0.0000	536226599.9946	inf	0.0000	0.0000	0.0001	0.0000	0.0004	0.0004	0.0000	0.0000	0.0000	0.0000			
29	68	0.2373	15	0	1	1	2	0	0	0	0	N	N	N	Y	N	N	N	N	N	N	N	N	0.0000	0.0000	0.0000	0.0000	0.0000	0.0000	0.0000	0.0000	0.0000	0.0000	0.0000	0.0000	0.0000	0.0000	0.0000	0.0000	0.0000	0.0000	0.0003	0.0004	0.0001	0.0018	0.0017	0.0032	0.0000	0.0000	0.0000	0.2706	0.0000	-0.0000	12.7698	1.0064	10.8465	4.2000	0.0000	0.0000	0.0000	0.0000	0.0000	0.0000	0.0000	0.0000	0.0000	0.0000	0.0000	0.0000	0.0000	0.0000	0.0000	0.0000	0.0000	0.0000	0.0938	0.0823	0.0114	0.0190	0.0177	0.0013	0.0748	0.0646	0.0102	0.1381	0.0807	0.0574	0.0205	0.0180	0.0025	0.1176	0.0627	0.0550	0.0000	0.0000	0.0000	0.0000	0.0000	0.0000	0.0000	0.0000	0.0000	0.0003	0.0004	0.0001	0.0018	0.0017	0.0032	0.0000	0.0000	0.0000	
29	69	0.2323	14	0	1	0	2	0	0	0	0	N	N	N	Y	N	N	N	N	N	N	N	N	0.0000	0.0000	0.0000	0.0000	0.0000	0.0000	0.0000	0.0000	0.0000	0.0000	0.0000	0.0000	0.0000	0.0000	0.0000	0.0000	0.0000	0.0009	0.0015	0.0000	0.0019	0.0021	0.0000	0.0007	0.0015	0.0000	0.0001	0.0000	-0.0000	12.7698	1.2889	10.8465	0.3511	0.0000	0.0000	0.0000	0.0000	0.0000	0.0000	0.0000	0.0000	0.0000	0.0000	0.0000	0.0000	0.0000	0.0000	0.0000	0.0000	0.0000	0.0000	0.1524	0.1335	0.0189	0.0427	0.0403	0.0025	0.1097	0.0932	0.0165	0.0508	0.0309	0.0199	0.0095	0.0087	0.0008	0.0413	0.0222	0.0191	0.0000	0.0000	0.0000	0.0000	0.0000	0.0000	0.0000	0.0000	0.0000	0.0009	0.0015	0.0000	0.0019	0.0021	0.0000	0.0007	0.0013	0.0000		
29	70	0.2252	13	0	1	0	2	0	0	0	0	N	N	N	Y	N	N	N	N	N	N	N	N	5.0409	3.3371	7.5360	7.1499	0.0000	0.0000	0.0018	0.0021	0.0000	0.0094	0.0101	0.0000	0.0000	0.0000	0.0000	0.0004	0.0006	0.0000	0.0012	0.0014	0.0000	0.0002	0.0004	0.0000	0.0000	0.0000	-0.0000	-0.0000	12.7698	0.7777	10.8465	1.1718	0.0001	0.0001	0.0000	0.0001	0.0001	0.0000	0.0000	0.0000	0.0000	0.0000	0.0000	0.0000	0.0000	0.0000	0.0000	0.0000	0.0000	0.0000	0.0722	0.0634	0.0089	0.0138	0.0129	0.0009	0.0584	0.0504	0.0079	0.0557	0.0324	0.0234	0.0080	0.0071	0.0009	0.0478	0.0253	0.0225	5.0409	3.3371	0.0000	7.5360	7.1499	0.0000	0.0000	0.0000	0.0000	0.0004	0.0006	0.0000	0.0012	0.0014	0.0000	0.0002	0.0004	0.0000			
29	71	0.2216	12	0	1	0	2	0	0	0	0	N	N	N	Y	N	N	N	N	N	N	N	N	4.1925	2.5113	inf	959.0535	0.0000	inf	4.2355	2.5997	0.0015	0.0016	0.0009	0.0006	0.0000	0.0090	0.0017	0.0020	0.0000	0.0004	0.0006	0.0000	0.0000	0.0000	0.0000	0.0004	0.0008	0.0000	0.0769	0.0000	-0.0000	-0.0000	12.7698	0.9929	10.8465	0.0325	0.0001	0.0001	0.0000	0.0000	0.0000	0.0000	0.0001	0.0001	0.0000	0.0000	0.0000	0.0000	0.0000	0.0000	0.0000	0.0000	0.0000	0.0000	0.0912	0.0799	0.0112	0.0168	0.0157	0.0011	0.0744	0.0643	0.0101	0.0272	0.0154	0.0118	0.0031	0.0026	0.0005	0.0241	0.0128	0.0113	4.1925	2.5113	inf	959.0535	0.0000	inf	4.2355	2.5997	0.0000	0.0004	0.0006	0.0000	0.0000	0.0000	0.0000	0.0004	0.0008	0.0000	
29	72	0.2667	11	1	2	0	1	0	0	0	0	N	Y	N	N	N	N	N	N	N	N	N	N	inf	inf	inf	inf	inf	inf	1.6929	1.8588	0.0823	0.0000	0.0000	0.0000	2.8915	3.3911	0.0866	0.0000	0.0000	0.0000	0.0000	0.0000	0.0000	0.0000	0.0000	0.0000	0.0046	-0.0000	0.0000	12.7698	0.0000	10.8465	0.0001	0.0000	0.0000	0.0000	0.0000	0.0000	0.0000	0.0000	0.0000	0.0000	0.0000	0.0000	0.0000	0.0000	0.0000	0.0000	0.0000	0.0000	0.0000	0.0000	0.0000	0.0000	0.0000	0.0000	0.0000	0.0000	0.0000	0.0000	0.0000	0.0000	0.0000	0.0000	0.0000	0.0000	0.0000	0.0000	0.0000	inf	inf	inf	0.0000	0.0000	0.0000	inf	inf	inf	0.0000	0.0000	0.0000	0.0000	0.0000	0.0000	0.0000	0.0000	0.0000				
29	73	0.2034	10	1	2	0	1	0	0	0	0	N	Y	N	N	N	N	N	N	N	N	N	N	2110.5218	1360.1860	71002.7630	2.6206	2.2555	217.3885	9028359.8040	18731833.4010	421859.2352	1.1371	1.2823	0.0882	0.0105	0.0110	0.0041	1.3699	1.5657	0.0966	0.0005	0.0009	0.0000	0.0040	0.0049	0.0000	0.0000	0.0000	0.0000	0.0095	0.0010	-0.3577	-0.0001	12.7698	9.9619	10.8465	7.0378	1.0093	0.9998	0.0095	0.0016	0.0016	0.0000	1.0077	0.9983	0.0095	0.0002	0.0002	0.0000	0.0002	0.0002	0.0000	0.0000	0.0000	0.0000	0.8876	0.7797	0.1079	0.1520	0.1422	0.0098	0.7356	0.6376	0.0981	0.4262	0.2434	0.1829	0.0572	0.0472	0.0100	0.3691	0.1962	0.1729	2110.5218	1360.1860	71002.7630	2.6206	2.2555	217.3885	9028359.8040	18731833.4010	421859.2352	0.0005	0.0009	0.0000	0.0040	0.0049	0.0000	0.0000	0.0000	0.0000
29	74	0.2152	10	0	2	0	1	0	0	0	0	N	Y	N	N	N	N	N	N	N	N	N	N	438.4354	289.8923	263.0140	299.0216	276.8211	14.5088	299.3989	0.0000	1084.6599	0.6403	0.7217	0.0288	2.6329	2.7967	0.0212	0.0041	0.0000	0.0299	0.0015	0.0025	0.0001	0.0088	0.0101	0.0015	0.0000	0.0000	0.0000	0.0053	0.0336	-0.1741	-0.0002	12.7698	7.0442	10.8465	2.0273	0.4856	0.4830	0.0026	0.4833	0.4830	0.0002	0.0023	0.0000	0.0023	0.0003	0.0003	0.0000	0.0003	0.0003	0.0000	0.0000	0.0000	0.0000	0.7584	0.6693	0.0891	0.1835	0.1727	0.0108	0.5748	0.4966	0.0782	0.2326	0.1320	0.1006	0.0383	0.0325	0.0057	0.1943	0.0995	0.0948	438.4354	289.8923	263.0140	299.0216	276.8211	14.5088	299.3989	0.0000	1084.6599	0.0015	0.0025	0.0001	0.0088	0.0101	0.0015	0.0000	0.0000	0.0000
29	75	0.1913	9	0	2	0	1	0	0	0	0	N	Y	N	N	N	N	N	N	N	N	N	N	1067.2036	122.1945	62140.7670	257.2685	223.2428	1213.5694	1770.0976	0.1366	64010.3811	3.1104	0.5895	22.3805	2.4311	2.5317	0.0582	3.2959	0.0008	24.2015	0.0029	0.0048	0.0004	0.0094	0.0113	0.0000	0.0019	0.0056	0.0004	4.9666	0.0558	0.7003	-0.0003	12.7698	4.3369	10.8465	3.0972	1.4944	0.2505	1.2439	0.2505	0.2502	0.0002	1.2439	0.0002	1.2437	0.0006	0.0005	0.0000	0.0003	0.0003	0.0000	0.0003	0.0003	0.0000	0.4804	0.4249	0.0556	0.1030	0.0988	0.0042	0.3774	0.3260	0.0514	0.1989	0.1138	0.0851	0.0276	0.0230	0.0046	0.1713	0.0908	0.0805	1067.2036	122.1945	62140.7670	257.2685	223.2428	1213.5694	1770.0976	0.2414	64010.3811	0.0029	0.0048	0.0004	0.0094	0.0113	0.0000	0.0019	0.0032	0.0004
29	76	0.2786	14	1	2	0	1	0	0	0	0	N	Y	N	N	N	N	N	N	N	N	N	N	0.0000	0.0000	0.0000	0.0000	0.0000	0.0000	0.0000	0.0000	0.0000	0.0000	0.0000	0.0000	0.0000	0.0000	0.0000	0.0005	0.0010	0.0000	0.0057	0.0069	0.0000	0.0000	0.0000	0.0000	0.0000	0.0000	-0.0000	12.7698	1.9992	10.8465	0.0055	0.0000	0.0000	0.0000	0.0000	0.0000	0.0000	0.0000	0.0000	0.0000	0.0000	0.0000	0.0000	0.0000	0.0000	0.0000	0.0000	0.0000	0.0000	0.2444	0.2156	0.0288	0.0458	0.0430	0.0028	0.1987	0.1726	0.0260	0.0637	0.0354	0.0283	0.0060	0.0049	0.0011	0.0576	0.0304	0.0272	0.0000	0.0000	0.0000	0.0000	0.0000	0.0000	0.0000	0.0000	0.0000	0.0005	0.0010	0.0000	0.0057	0.0069	0.0000	0.0000	0.0000	0.0000				
29	77	0.2345	13	1	2	0	1	0	0	0	0	N	Y	N	N	N	N	N	N	N	N	N	N	0.0820	0.0352	0.0000	0.0557	0.0512	0.0000	0.0000	0.0000	0.0014	0.0016	0.0000	0.0077	0.0081	0.0000	0.0000	0.0000	0.0000	0.0176	0.0467	0.0000	0.1375	0.1591	0.0000	0.0002	0.0004	0.0000	0.0000	0.0000	-0.0002	-0.0019	12.7698	5.0219	10.8465	2.0148	0.0007	0.0007	0.0000	0.0007	0.0007	0.0000	0.0000	0.0000	0.0000	0.0033	0.0033	0.0000	0.0032	0.0032	0.0000	0.0000	0.0000	0.0000	0.4560	0.4011	0.0549	0.0862	0.0811	0.0051	0.3698	0.3200	0.0497	0.1850	0.1049	0.0800	0.0237	0.0203	0.0034	0.1613	0.0846	0.0766	0.0820	0.0529	0.0000	0.0561	0.0512	0.0000	0.0000	0.0000	0.0000	0.0176	0.0311	0.0000	0.1364	0.1591	0.0000	0.0002	0.0004	0.0000	
29	78	0.2216	12	0	2	0	1	0	0	0	0	N	Y	N	N	N	N	N	N	N	N	N	N	11113.1234	9202.7450	0.0012	18992.0156	17136.1205	inf	0.0000	0.0000	0.0000	10.6709	12.1677	0.0000	57.9231	62.0359	0.0000	0.0000	0.0000	0.0000	0.0010	0.0013	0.0005	0.0030	0.0036	0.0000	0.0007	0.0009	0.0005	0.0000	0.2842	-0.3635	-0.0000	12.7698	1.0203	10.8465	2.7327	0.9993	0.9993	0.0000	0.9993	0.9993	0.0000	0.0000	0.0000	0.0000	0.0001	0.0001	0.0000	0.0000	0.0000	0.0000	0.0001	0.0000	0.0000	0.0936	0.0821	0.0115	0.0173	0.0161	0.0011	0.0764	0.0660	0.0104	0.0979	0.0553	0.0425	0.0109	0.0092	0.0017	0.0869	0.0461	0.0408	11113.1234	9202.7450	0.0012	18992.0156	17136.1205	inf	0.0000	0.0000	0.0000	0.0010	0.0013	0.0005	0.0030	0.0036	0.0000	0.0007	0.0009	0.0005
29	79	0.2216	11	0	1	0	1	0	0	0	0	N	N	N	N	N	N	N	N	N	N	N	N	inf	inf	inf	inf	inf	inf	3.9246	2.2281	16.4514	5.5720	3.1382	24.8225	0.0000	0.0000	0.0000	0.0000	0.0000	0.0000	0.0000	0.0000	0.0000	0.0000	0.0000	0.0000	1.0000	0.0000	-0.0000	12.7698	0.0000	10.8465	0.0018	0.0000	0.0000	0.0000	0.0000	0.0000	0.0000	0.0000	0.0000	0.0000	0.0000	0.0000	0.0000	0.0000	0.0000	0.0000	0.0000	0.0000	0.0000	0.0000	0.0000	0.0000	0.0000	0.0000	0.0000	0.0000	0.0000	0.0000	0.0001	0.0001	0.0000	0.0000	0.0000	0.0000	0.0001	0.0000	0.0000	inf	inf	inf	inf	inf	inf	0.0000	0.0000	0.0000	0.0000	0.0000	0.0000	0.0000	0.0000	0.0000	0.0000	0.0000	0.0000				
29	80	0.2034	10	0	1	0	1	0	0	0	0	N	N	N	N	N	N	N	N	N	N	N	N	1882.9054	1327.5191	405.5058	2.1573	2.0347	1.5056	10756042.0037	18780460.7602	282928.7983	3.4252	3.8784	0.1393	0.0282	0.0294	0.0094	4.1720	4.7975	0.1521	0.0018	0.0029	0.0003	0.0131	0.0145	0.0063	0.0000	0.0000	0.0000	0.0050	0.0879	-0.3610	-0.0001	12.7698	3.0825	10.8465	2.0124	1.0060	1.0010	0.0050	0.0015	0.0015	0.0000	1.0045	0.9996	0.0049	0.0002	0.0002	0.0000	0.0002	0.0002	0.0000	0.0000	0.0000	0.0000	0.2937	0.2581	0.0356	0.0529	0.0497	0.0032	0.2408	0.2083	0.0324	0.1372	0.0785	0.0587	0.0191	0.0159	0.0032	0.1181	0.0626	0.0554	1882.9054	1327.5191	405.5058	2.1573	2.0347	1.5056	10756042.0037	18780460.7602	282928.7983	0.0018	0.0029	0.0003	0.0131	0.0145	0.0063	0.0000	0.0000	0.0000
29	81	0.1913	9	0	1	0	1	0	0	0	0	N	N	N	N	N	N	N	N	N	N	N	N	268.0997	2.1290	15332.8728	3.2870	2.8639	70.7834	610.1194	0.3044	15806.3506	1.2327	0.0159	10.6464	0.0541	0.0559	0.0084	1.5721	0.0031	11.4952	0.0046	0.0075	0.0007	0.0165	0.0195	0.0001	0.0026	0.0101	0.0007	86.4536	0.0685	0.3252	-0.0003	12.7698	3.6751	10.8465	0.0788	0.5205	0.0060	0.5145	0.0051	0.0051	0.0000	0.5154	0.0009	0.5145	0.0005	0.0004	0.0000	0.0002	0.0002	0.0000	0.0002	0.0002	0.0000	0.4222	0.3739	0.0483	0.0944	0.0908	0.0036	0.3278	0.2831	0.0448	0.1042	0.0600	0.0442	0.0152	0.0128	0.0024	0.0890	0.0472	0.0418	268.0997	2.1290	15332.8728	3.2870	2.8639	70.7834	610.1194	0.7326	15806.3506	0.0046	0.0075	0.0007	0.0165	0.0195	0.0001	0.0026	0.0042	0.0007
29	82	0.1422	8	0	1	0	1	0	0	0	0	N	N	N	N	N	N	N	N	N	N	N	N	944.9887	0.3886	20225.0928	3.8501	17.0164	0.0743	904.9691	0.3287	20645.6151	0.6118	0.0004	4.9304	0.0001	0.0001	0.0000	0.7031	0.0004	5.2049	0.0006	0.0009	0.0002	0.0000	0.0000	0.0001	0.0008	0.0012	0.0003	1946.0973	0.1804	0.3094	-0.0001	12.7698	8.5011	10.8465	5.2406	0.4867	0.0002	0.4864	0.0000	0.0000	0.0000	0.4866	0.0002	0.4864	0.0003	0.0002	0.0000	0.0000	0.0000	0.0000	0.0003	0.0002	0.0000	0.7955	0.6969	0.0987	0.1034	0.0982	0.0052	0.6921	0.5987	0.0935	0.3998	0.2376	0.1622	0.0689	0.0580	0.0109	0.3309	0.1795	0.1514	944.9887	0.3886	20225.0928	3.8501	17.0164	0.0743	904.9691	0.3287	20645.6151	0.0006	0.0009	0.0002	0.0000	0.0000	0.0001	0.0008	0.0012	0.0003
30	31	0.1932	11	1	0	2	0	0	0	0	0	N	N	Y	N	N	N	N	N	N	N	N	N	999382.8776	722569.6657	0.0000	487082.0334	445887.1992	0.0000	inf	inf	4.7468	5.4049	0.0000	9.4257	9.9913	0.0000	3.9252	4.5284	0.0000	0.0000	0.0000	0.0000	0.0000	0.0000	0.0000	0.0000	0.0000	0.0000	0.0000	0.0489	-1.0344	-0.0000	11.8338	6.9288	5.9707	3.0309	2.8435	2.8435	0.0000	0.8434	0.8434	0.0000	2.0001	2.0001	0.0000	0.0000	0.0000	0.0000	0.0000	0.0000	0.0000	0.0000	0.0000	0.0000	0.5990	0.5261	0.0729	0.0895	0.0844	0.0051	0.5096	0.4417	0.0679	0.2198	0.1330	0.0867	0.0539	0.0444	0.0095	0.1659	0.0886	0.0772	999382.8776	722569.6657	0.0000	487082.0334	445887.1992	0.0000	inf	inf	0.0000	0.0000	0.0000	0.0000	0.0000	0.0000	0.0000	0.0000	0.0000	0.0000	
30	32	0.1832	10	1	0	1	0	0	0	0	0	N	N	N	N	N	N	N	N	N	N	N	N	18130.9621	13290.4837	2471.1009	4493.5248	4110.7048	0.0000	54875.1958	37163.4403	2586.2695	5.7153	6.5039	0.0525	3.6363	3.7943	0.0000	6.2869	7.3383	0.0567	0.0003	0.0005	0.0000	0.0008	0.0009	0.0000	0.0001	0.0002	0.0000	0.0011	0.0257	-0.4140	-0.0000	11.8338	1.8775	5.9707	3.1058	1.1415	1.1402	0.0013	0.1566	0.1566	0.0000	0.9849	0.9836	0.0013	0.0000	0.0000	0.0000	0.0000	0.0000	0.0000	0.0000	0.0000	0.0000	0.1997	0.1753	0.0244	0.0431	0.0413	0.0018	0.1567	0.1340	0.0226	0.1349	0.0847	0.0502	0.0390	0.0341	0.0049	0.0960	0.0506	0.0453	18130.9621	13290.4837	2471.1009	4493.5248	4110.7048	0.0000	54875.1958	37163.4403	2586.2695	0.0003	0.0005	0.0000	0.0008	0.0009	0.0000	0.0001	0.0002	0.0000
30	33	0.1709	9	1	0	1	0	0	0	0	0	N	N	N	N	N	N	N	N	N	N	N	N	205.3135	216.9851	131.1522	1040.2812	16087.7333	0.0000	161.8065	142.9474	136.0437	0.0424	0.0446	0.0274	0.0282	0.0301	0.0000	0.0444	0.0467	0.0291	0.0002	0.0002	0.0002	0.0000	0.0000	0.0002	0.0003	0.0003	0.0002	0.0876	0.6241	-0.0054	-0.0000	11.8338	5.3867	5.9707	0.9197	0.0191	0.0175	0.0015	0.0015	0.0015	0.0000	0.0176	0.0160	0.0015	0.0000	0.0000	0.0000	0.0000	0.0000	0.0000	0.0000	0.0000	0.0000	0.4496	0.3934	0.0562	0.0538	0.0504	0.0034	0.3959	0.3430	0.0528	0.1576	0.0976	0.0600	0.0431	0.0365	0.0066	0.1146	0.0612	0.0534	205.3135	216.9851	131.1522	1040.2812	16087.7333	0.0000	161.8065	142.9474	136.0437	0.0002	0.0002	0.0002	0.0000	0.0000	0.0002	0.0003	0.0003	0.0002
30	34	0.2541	11	1	1	1	0	0	0	0	0	N	N	N	N	N	N	N	N	N	N	N	N	inf	inf	inf	inf	0.9039	1.0134	0.0000	0.0000	0.0000	0.0000	1.5327	1.8696	0.0000	0.0000	0.0000	0.0000	0.0000	0.0000	0.0000	0.0000	0.0000	0.0000	0.0000	-0.0002	0.0000	11.8338	0.0019	5.9707	3.0025	0.0005	0.0005	0.0000	0.0000	0.0000	0.0000	0.0005	0.0005	0.0000	0.0000	0.0000	0.0000	0.0000	0.0000	0.0000	0.0000	0.0000	0.0000	0.0006	0.0005	0.0001	0.0002	0.0002	0.0000	0.0003	0.0003	0.0001	0.0531	0.0322	0.0209	0.0146	0.0115	0.0032	0.0385	0.0207	0.0178	inf	inf	0.0000	0.0000	0.0000	0.0000	inf	inf	0.0000	0.0000	0.0000	0.0000	0.0000	0.0000	0.0000	0.0000	0.0000	0.0000						
30	35	0.2348	7	2	1	1	0	0	0	0	0	Y	N	N	N	N	N	N	N	N	N	N	N	0.0000	0.0000	0.0000	0.0000	0.0000	0.0000	0.0000	0.0000	0.0000	0.0000	0.0000	0.0000	0.0000	0.0000	0.0000	0.0000	0.0000	0.0000	0.0000	0.0000	11.8338	1.0000	5.9707	1.9999	0.0000	0.0000	0.0000	0.0000	0.0000	0.0000	0.0000	0.0000	0.0000	0.0000	0.0000	0.0000	0.0000	0.0000	0.0000	0.0000	0.0000	0.0000	0.0823	0.0721	0.0102	0.0152	0.0142	0.0011	0.0670	0.0579	0.0091	0.0577	0.0310	0.0267	0.0085	0.0069	0.0016	0.0492	0.0241	0.0251	0.0000	0.0000	0.0000	0.0000	0.0000	0.0000	0.0000	0.0000	0.0000	0.0000	0.0000	0.0000	0.0000	0.0000	0.0000	0.0000	0.0000	0.0000											
30	36	0.0834	5	1	1	2	0	0	0	0	0	N	N	Y	N	N	N	N	N	N	N	N	N	10124.0713	11.5555	490196363.9390	1.5445	0.5797	inf	1642600.1948	1737.4513	543290416.4826	3.5976	0.0071	27.8270	0.0038	0.0017	0.0431	3.8530	0.0075	28.5662	0.0004	0.0006	0.0000	0.0025	0.0030	0.0000	0.0000	0.0000	0.0000	582.8726	0.0001	0.6335	-0.0000	11.8338	3.0341	5.9707	5.2124	0.9984	0.0017	0.9967	0.0001	0.0000	0.0000	0.9984	0.0017	0.9967	0.0001	0.0001	0.0000	0.0001	0.0001	0.0000	0.0000	0.0000	0.0000	0.2775	0.2417	0.0358	0.0184	0.0175	0.0009	0.2591	0.2242	0.0349	0.2309	0.1340	0.0969	0.0332	0.0276	0.0056	0.1977	0.1064	0.0913	10124.0713	11.5555	490196363.9390	1.5445	0.5797	inf	1642600.1948	1737.4513	543290416.4826	0.0004	0.0006	0.0000	0.0025	0.0030	0.0000	0.0000	0.0000	0.0000
30	37	0.0597	4	1	1	1	0	0	0	0	0	N	N	N	N	N	N	N	N	N	N	N	N	7408.5215	7122.7832	162.4170	0.0000	0.0000	9199.1148	10486.0767	162.6713	3.8105	4.3890	0.0674	0.0000	0.0000	0.0000	3.8616	4.4559	0.0675	0.0005	0.0006	0.0004	0.0895	0.0907	0.0000	0.0004	0.0004	0.0004	0.0024	0.6881	-0.3617	-0.0000	11.8338	3.0544	5.9707	4.8962	1.0007	0.9984	0.0024	0.0000	0.0000	0.0000	1.0007	0.9984	0.0024	0.0001	0.0001	0.0000	0.0000	0.0000	0.0000	0.0001	0.0000	0.0000	0.2626	0.2275	0.0352	0.0035	0.0034	0.0001	0.2592	0.2241	0.0351	0.1908	0.0943	0.0964	0.0002	0.0002	0.0000	0.1906	0.0941	0.0964	7408.5215	7122.7832	162.4170	0.0000	0.0000	0.0000	9199.1148	10486.0767	162.6713	0.0005	0.0006	0.0004	0.0895	0.0907	0.0000	0.0004	0.0004	0.0004	
30	38	0.2541	11	1	0	2	0	0	0	0	0	N	N	Y	N	N	N	N	N	N	N	N	N	inf	inf	inf	inf	0.0071	0.0081	0.0000	0.0000	0.0000	0.0000	0.0081	0.0094	0.0000	0.0000	0.0000	0.0000	0.0000	0.0000	0.0000	0.0000	0.0000	0.0000	0.0000	-0.0002	0.0000	11.8338	0.9992	5.9707	1.0069	0.0005	0.0005	0.0000	0.0000	0.0000	0.0000	0.0005	0.0005	0.0000	0.0000	0.0000	0.0000	0.0000	0.0000	0.0000	0.0000	0.0000	0.0000	0.0745	0.0651	0.0094	0.0093	0.0087	0.0006	0.0652	0.0564	0.0088	0.0359	0.0218	0.0141	0.0099	0.0078	0.0021	0.0259	0.0140	0.0120	inf	inf	0.0000	0.0000	0.0000	0.0000	inf	inf	0.0000	0.0000	0.0000	0.0000	0.0000	0.0000	0.0000	0.0000	0.0000	0.0000						
30	39	0.2488	10	1	0	1	0	0	0	0	0	N	N	N	N	N	N	N	N	N	N	N	N	inf	inf	inf	inf	13.2765	15.1922	0.0000	0.0000	0.0000	0.0000	14.9858	17.3202	0.0000	0.0000	0.0000	0.0000	0.0000	0.0000	0.0000	0.0000	0.0000	0.0000	0.0000	-0.3636	0.0000	11.8338	1.0008	5.9707	0.9987	0.9995	0.9995	0.0000	0.0000	0.0000	0.0000	0.9995	0.9995	0.0000	0.0000	0.0000	0.0000	0.0000	0.0000	0.0000	0.0000	0.0000	0.0000	0.0753	0.0658	0.0095	0.0086	0.0081	0.0005	0.0667	0.0577	0.0090	0.0357	0.0215	0.0142	0.0090	0.0070	0.0020	0.0267	0.0145	0.0122	inf	inf	0.0000	0.0000	0.0000	0.0000	inf	inf	0.0000	0.0000	0.0000	0.0000	0.0000	0.0000	0.0000	0.0000	0.0000	0.0000						
30	40	0.1709	9	1	0	1	0	0	0	0	0	N	N	N	N	N	N	N	N	N	N	N	N	0.0000	0.0000	0.0000	0.0000	0.0000	0.0000	0.0000	0.0000	0.0000	0.0000	0.0000	0.0000	0.0000	0.0000	0.0000	0.0001	0.0001	0.0000	0.0002	0.0003	0.0000	0.0000	0.0000	0.0000	0.0000	0.0000	-0.0000	11.8338	9.0374	5.9707	18.5287	0.0000	0.0000	0.0000	0.0000	0.0000	0.0000	0.0000	0.0000	0.0000	0.0000	0.0000	0.0000	0.0000	0.0000	0.0000	0.0000	0.0000	0.0000	0.7358	0.6442	0.0915	0.0869	0.0814	0.0055	0.6489	0.5628	0.0860	0.5179	0.3015	0.2164	0.1159	0.0902	0.0257	0.4019	0.2113	0.1906	0.0000	0.0000	0.0000	0.0000	0.0000	0.0000	0.0000	0.0000	0.0000	0.0001	0.0001	0.0000	0.0002	0.0003	0.0000	0.0000	0.0000	0.0000				
30	41	0.1441	8	1	0	1	0	0	0	0	0	N	N	N	N	N	N	N	N	N	N	N	N	1822.6436	0.0010	1101621.1328	0.8169	0.0041	539.3007	3273848.7039	11413516.6153	1.3256	0.0000	10.3964	0.0025	0.0000	0.0414	1.4247	0.0000	10.7463	0.0007	0.0012	0.0000	0.0030	0.0037	0.0001	0.0000	0.0000	0.0000	1311576.2982	0.0051	0.6351	-0.0001	11.8338	9.0369	5.9707	3.5648	0.9982	0.0000	0.9982	0.0001	0.0000	0.0001	0.9981	0.0000	0.9981	0.0002	0.0002	0.0000	0.0002	0.0002	0.0000	0.0000	0.0000	0.0000	0.7531	0.6570	0.0960	0.0525	0.0494	0.0031	0.7006	0.6077	0.0929	0.3054	0.1855	0.1199	0.0729	0.0594	0.0134	0.2325	0.1261	0.1064	1822.6436	0.0010	1101621.1328	0.8169	0.0041	539.3007	3273848.7039	0.0000	11413516.6153	0.0007	0.0012	0.0000	0.0030	0.0037	0.0001	0.0000	0.0000	0.0000	
30	42	0.1103	4	1	0	1	0	0	0	0	0	N	N	N	N	N	N	N	N	N	N	N	N	36327.8742	0.0000	inf	0.0000	0.0000	inf	inf	0.7170	0.0000	5.7185	0.0000	0.0000	0.0000	0.7762	0.0000	5.8925	0.0000	0.0000	0.0000	0.0002	0.0002	0.0000	0.0000	0.0000	0.0000	inf	0.0000	0.6356	-0.0000	11.8338	17.0025	5.9707	6.0864	0.9991	0.0000	0.9991	0.0000	0.0000	0.0000	0.9991	0.0000	0.9991	0.0000	0.0000	0.0000	0.0000	0.0000	0.0000	0.0000	0.0000	0.0000	1.3934	1.2187	0.1747	0.1063	0.1011	0.0052	1.2871	1.1176	0.1696	0.5067	0.2821	0.2246	0.0602	0.0506	0.0096	0.4464	0.2315	0.2150	36327.8742	0.0000	inf	0.0000	0.0000	0.0000	inf	0.0000	inf	0.0000	0.0000	0.0000	0.0002	0.0002	0.0000	0.0000	0.0000	0.0000		
30	44	0.1103	4	1	1	1	0	0	0	0	0	N	N	N	N	N	N	N	N	N	N	N	N	0.0000	0.0000	0.0000	0.0000	0.0000	0.0000	0.0000	0.0000	0.0000	0.0000	0.0000	0.0000	0.0000	0.0007	0.0000	0.0016	0.0000	0.0000	0.0000	0.0008	0.0000	0.0017	inf	0.0000	0.0001	11.8338	6.9958	5.9707	11.8523	0.0000	0.0000	0.0000	0.0000	0.0000	0.0000	0.0000	0.0000	0.0000	0.0003	0.0000	0.0003	0.0000	0.0000	0.0000	0.0003	0.0000	0.0003	0.6347	0.5564	0.0782	0.0749	0.0718	0.0031	0.5598	0.4846	0.0752	0.4297	0.2411	0.1886	0.0540	0.0460	0.0080	0.3757	0.1952	0.1805	0.0000	0.0000	0.0000	0.0000	0.0000	0.0000	0.0000	0.0000	0.0000	0.0007	0.0000	0.0016	0.0000	0.0000	0.0000	0.0008	0.0000	0.0017						
30	45	0.1487	5	1	1	1	0	0	0	0	0	N	N	N	N	N	N	N	N	N	N	N	N	6396.2184	4067.2199	0.0000	0.0000	85880183.5287	49577567.0033	0.6299	0.7213	0.0000	0.0000	0.0000	0.0000	0.6740	0.7758	0.0000	0.0001	0.0002	0.0000	0.0006	0.0007	0.0000	0.0000	0.0000	0.0000	0.0000	0.0000	-0.3638	-0.0000	11.8338	20.1318	5.9707	17.5118	1.0000	1.0000	0.0000	0.0000	0.0000	0.0000	1.0000	1.0000	0.0000	0.0001	0.0001	0.0000	0.0001	0.0001	0.0000	0.0000	0.0000	0.0000	1.5876	1.3864	0.2012	0.1040	0.0975	0.0065	1.4836	1.2889	0.1947	0.7108	0.3947	0.3161	0.1247	0.1007	0.0240	0.5861	0.2939	0.2921	6396.2184	4067.2199	0.0000	0.0000	0.0000	0.0000	85880183.5287	49577567.0033	0.0000	0.0001	0.0002	0.0000	0.0006	0.0007	0.0000	0.0000	0.0000	0.0000			
30	46	0.1721	9	1	1	1	0	0	0	0	0	N	N	N	N	N	N	N	N	N	N	N	N	9.4794	6.8795	24.2415	20.2389	0.0001	0.0002	0.0000	0.0010	0.0011	0.0000	0.0000	0.0000	0.0000	0.0000	0.0000	0.0000	0.0000	0.0001	0.0000	0.0000	0.0000	0.0000	0.0000	0.0000	-0.0001	-0.0000	11.8338	15.0410	5.9707	10.9147	0.0002	0.0002	0.0000	0.0002	0.0002	0.0000	0.0000	0.0000	0.0000	0.0000	0.0000	0.0000	0.0000	0.0000	0.0000	0.0000	0.0000	0.0000	1.3189	1.1560	0.1629	0.1910	0.1795	0.0115	1.1279	0.9766	0.1513	0.6580	0.4186	0.2394	0.2437	0.1912	0.0525	0.4143	0.2274	0.1869	9.4794	6.8795	0.0000	24.2415	20.2389	0.0000	0.0000	0.0000	0.0000	0.0000	0.0000	0.0000	0.0000	0.0001	0.0000	0.0000	0.0000	0.0000					
30	47	0.0571	2	2	0	2	0	0	0	0	0	Y	N	Y	N	N	N	N	N	N	N	N	N	3.2544	0.0002	3985980.9667	0.0004	0.0004	0.0000	1191021.4457	0.0000	3965363.0942	1.4900	0.0002	10.0233	0.0031	0.0031	0.0000	1.5744	0.0000	10.0357	0.4579	1.1507	0.0000	8.6964	8.5095	0.0000	0.0000	0.0000	0.0000	8898.6127	0.0000	1.0748	-0.0238	11.8338	12.7633	5.9707	6.3722	1.6897	0.0002	1.6895	0.0002	0.0002	0.0000	1.6895	0.0000	1.6895	0.0404	0.0404	0.0000	0.0404	0.0404	0.0000	0.0000	0.0000	0.0000	1.1340	0.9654	0.1686	0.0609	0.0607	0.0002	1.0731	0.9047	0.1683	0.4553	0.2336	0.2217	0.0194	0.0170	0.0025	0.4359	0.2167	0.2192	16.8034	0.0011	3985980.9667	0.0015	0.0013	0.0000	1191021.4457	0.0000	3965363.0942	0.0887	0.1728	0.0000	2.0761	2.3804	0.0000	0.0000	0.0000	0.0000
30	51	0.1297	5	1	1	1	1	0	0	0	0	N	N	N	N	N	N	N	N	N	N	N	N	0.0000	0.0000	0.0000	0.0000	0.0000	0.0000	0.0000	0.0000	0.0000	0.0000	0.0000	0.0000	0.0000	0.0000	0.0000	0.0000	0.0000	0.0000	2.8518	5.8225	0.0000	0.0169	0.0210	0.0000	3.1004	7.0861	0.0000	0.0000	0.0000	-0.5887	11.8338	7.3891	5.9707	13.2142	0.0000	0.0000	0.0000	0.0000	0.0000	0.0000	0.0000	0.0000	0.0000	0.9994	0.9994	0.0000	0.0016	0.0016	0.0000	0.9978	0.9978	0.0000	0.6719	0.5895	0.0825	0.0845	0.0812	0.0033	0.5874	0.5082	0.0792	0.4649	0.2702	0.1948	0.0925	0.0744	0.0182	0.3724	0.1958	0.1766	0.0000	0.0000	0.0000	0.0000	0.0000	0.0000	0.0000	0.0000	0.0000	2.1495	3.6991	0.0000	0.0169	0.0210	0.0000	2.6795	5.0957	0.0000	
30	52	0.1358	6	1	1	1	0	0	0	0	0	N	N	N	N	N	N	N	N	N	N	N	N	466.4253	0.0000	148866915.0444	0.0000	0.0000	0.0000	162610663.1664	599130120.7504	0.7796	0.0000	6.3669	0.0000	0.0000	0.0000	0.8713	0.0000	6.6894	0.0017	0.0029	0.0000	0.0087	0.0113	0.0000	0.0000	0.0000	0.0000	inf	0.0000	0.5310	-0.0005	11.8338	12.1779	5.9707	13.0455	0.8346	0.0000	0.8346	0.0000	0.0000	0.0000	0.8346	0.0000	0.8346	0.0008	0.0008	0.0000	0.0008	0.0008	0.0000	0.0000	0.0000	0.0000	1.0705	0.9395	0.1311	0.1127	0.1063	0.0063	0.9579	0.8331	0.1248	0.5085	0.2887	0.2198	0.0979	0.0752	0.0227	0.4106	0.2136	0.1970	466.4253	0.0000	148866915.0444	0.0000	0.0000	0.0000	162610663.1664	0.0000	599130120.7504	0.0017	0.0029	0.0000	0.0087	0.0113	0.0000	0.0000	0.0000	0.0000	
30	53	0.0597	4	1	1	1	0	0	0	0	0	N	N	N	N	N	N	N	N	N	N	N	N	0.0000	0.0000	0.0000	0.0000	0.0000	0.0000	0.0000	0.0000	0.0000	0.0000	0.0000	0.0000	0.0000	0.0000	0.0000	0.0000	0.0001	0.0001	0.0000	0.0623	0.0630	0.0000	0.0000	0.0000	0.0000	0.0002	0.0000	-0.0000	11.8338	3.0001	5.9707	3.0003	0.0000	0.0000	0.0000	0.0000	0.0000	0.0000	0.0000	0.0000	0.0000	0.0000	0.0000	0.0000	0.0000	0.0000	0.0000	0.0000	0.0000	0.0000	0.2580	0.2235	0.0345	0.0034	0.0034	0.0001	0.2546	0.2201	0.0345	0.1455	0.0719	0.0737	0.0002	0.0002	0.0000	0.1454	0.0717	0.0737	0.0000	0.0000	0.0000	0.0000	0.0000	0.0000	0.0000	0.0000	0.0000	0.0001	0.0001	0.0000	0.0623	0.0630	0.0000	0.0000	0.0000	0.0000			
30	54	0.0523	3	1	0	1	0	0	0	0	0	N	N	N	N	N	N	N	N	N	N	N	N	0.0194	0.0087	0.0058	0.0007	0.0008	0.0015	0.0058	0.0003	0.0003	0.0000	0.0228	0.0230	0.0000	0.0000	0.0000	0.0000	0.0135	0.0347	0.0003	32.8771	28.1912	0.0000	0.0001	0.0000	0.0003	0.0008	0.0102	-0.0000	-0.0006	11.8338	1.9998	5.9707	1.0017	0.0000	0.0000	0.0000	0.0000	0.0000	0.0000	0.0000	0.0000	0.0000	0.0010	0.0010	0.0000	0.0010	0.0010	0.0000	0.0000	0.0000	0.0000	0.1729	0.1496	0.0232	0.0020	0.0020	0.0000	0.1709	0.1477	0.0232	0.0742	0.0366	0.0376	0.0001	0.0001	0.0000	0.0741	0.0364	0.0376	0.0194	0.0111	0.0058	0.0033	0.0033	0.0000	0.0015	0.0000	0.0058	0.0135	0.0270	0.0003	6.9937	7.0124	0.0000	0.0001	0.0000	0.0003		
30	56	0.1935	10	1	1	1	0	0	0	0	0	N	N	N	N	N	N	N	N	N	N	N	N	2649.0510	1945.8906	0.0000	0.1577	0.1404	0.0000	391511.5331	238052.0790	2.3146	2.6429	0.0000	0.0004	0.0004	0.0000	2.6497	3.0595	0.0000	0.0009	0.0014	0.0000	0.0023	0.0028	0.0000	0.0000	0.0000	0.0000	0.0000	0.0000	-0.3630	-0.0002	11.8338	5.0156	5.9707	9.5596	0.9979	0.9979	0.0000	0.0000	0.0000	0.0000	0.9979	0.9979	0.0000	0.0003	0.0003	0.0000	0.0003	0.0003	0.0000	0.0000	0.0000	0.0000	0.4311	0.3776	0.0535	0.0545	0.0514	0.0031	0.3766	0.3262	0.0504	0.3580	0.2303	0.1277	0.1338	0.1123	0.0215	0.2241	0.1180	0.1062	2649.0510	1945.8906	0.0000	0.1577	0.1404	0.0000	391511.5331	238052.0790	0.0000	0.0009	0.0014	0.0000	0.0023	0.0028	0.0000	0.0000	0.0000	0.0000	
30	57	0.1721	9	1	1	1	0	0	0	0	0	N	N	N	N	N	N	N	N	N	N	N	N	1.4827	1.2461	0.0000	2.2393	1.8804	0.0000	2.0466	1.2311	0.0000	0.0082	0.0094	0.0000	0.0210	0.0223	0.0000	0.0046	0.0054	0.0000	0.0055	0.0075	0.0014	0.0094	0.0119	0.0000	0.0022	0.0044	0.0020	0.0000	0.0871	-0.0017	-0.0011	11.8338	5.2776	5.9707	4.9316	0.0048	0.0048	0.0000	0.0027	0.0027	0.0000	0.0021	0.0021	0.0000	0.0023	0.0021	0.0002	0.0018	0.0018	0.0000	0.0005	0.0003	0.0002	0.5840	0.5120	0.0721	0.1293	0.1218	0.0074	0.4548	0.3901	0.0646	0.4065	0.2755	0.1310	0.1882	0.1489	0.0393	0.2183	0.1266	0.0917	1.4827	1.2461	0.0000	2.2393	1.8804	0.0000	2.0466	2.1854	0.0000	0.0055	0.0075	0.0014	0.0094	0.0119	0.0000	0.0022	0.0025	0.0020
30	58	0.1441	8	1	0	1	0	0	0	0	0	N	N	N	N	N	N	N	N	N	N	N	N	262.4018	262.7335	0.6662	7367.9390	6427.0043	1.4433	0.0962	0.0069	0.6116	1.8215	2.0874	0.0036	25.0584	26.5745	0.0001	0.0008	0.0003	0.0037	0.0069	0.0079	0.0054	0.0034	0.0041	0.0001	0.0081	0.0476	0.0060	0.0003	0.4304	-0.3630	-0.0006	11.8338	6.4383	5.9707	5.2340	0.9986	0.9983	0.0003	0.9982	0.9982	0.0000	0.0004	0.0001	0.0002	0.0020	0.0014	0.0006	0.0002	0.0002	0.0000	0.0018	0.0012	0.0006	0.5482	0.4783	0.0699	0.0398	0.0376	0.0023	0.5084	0.4407	0.0677	0.2876	0.1757	0.1119	0.0696	0.0571	0.0126	0.2180	0.1186	0.0994	262.4018	262.7335	0.6662	7367.9390	6427.0043	1.4433	0.0962	0.0336	0.6116	0.0069	0.0079	0.0054	0.0034	0.0041	0.0001	0.0081	0.0098	0.0060
30	59	0.1358	7	1	0	1	0	0	0	0	0	N	N	N	N	N	N	N	N	N	N	N	N	0.1626	0.0244	3.0502	0.0324	0.0279	0.0000	0.6490	0.0870	2.9955	0.0016	0.0003	0.0115	0.0011	0.0011	0.0000	0.0017	0.0001	0.0126	0.0098	0.0141	0.0038	0.0331	0.0404	0.0002	0.0027	0.0015	0.0042	4.2308	0.1783	0.0003	-0.0005	11.8338	3.9043	5.9707	0.3762	0.0007	0.0001	0.0006	0.0001	0.0001	0.0000	0.0006	0.0000	0.0006	0.0011	0.0009	0.0002	0.0008	0.0008	0.0000	0.0002	0.0001	0.0002	0.4257	0.3778	0.0480	0.0840	0.0798	0.0042	0.3418	0.2980	0.0438	0.1081	0.0654	0.0428	0.0254	0.0208	0.0046	0.0827	0.0445	0.0382	0.1626	0.0250	3.0502	0.0324	0.0279	0.0000	0.6490	0.0997	2.9955	0.0098	0.0138	0.0038	0.0331	0.0404	0.0002	0.0027	0.0013	0.0042
30	60	0.1358	6	1	0	1	0	0	0	0	0	N	N	N	N	N	N	N	N	N	N	N	N	0.0000	0.0000	0.0000	0.0000	0.0000	0.0000	0.0000	0.0000	0.0000	0.0000	0.0000	0.0000	0.0000	0.0000	0.0000	0.0000	0.0000	0.0000	0.0331	0.0392	0.0362	0.0554	0.0641	0.0002	0.0223	0.0293	0.0408	0.6472	0.0000	-0.0003	11.8338	1.5036	5.9707	0.1987	0.0000	0.0000	0.0000	0.0000	0.0000	0.0000	0.0000	0.0000	0.0000	0.0017	0.0010	0.0007	0.0008	0.0008	0.0000	0.0008	0.0002	0.0007	0.2224	0.2009	0.0215	0.0711	0.0679	0.0032	0.1512	0.1329	0.0183	0.0528	0.0345	0.0182	0.0152	0.0131	0.0021	0.0376	0.0214	0.0162	0.0000	0.0000	0.0000	0.0000	0.0000	0.0000	0.0000	0.0000	0.0000	0.0318	0.0295	0.0362	0.0554	0.0641	0.0002	0.0223	0.0084	0.0408	
30	61	0.1297	5	1	0	1	0	0	0	0	0	N	N	N	N	N	N	N	N	N	N	N	N	0.0000	0.0000	0.0000	0.0000	0.0000	0.0000	0.0000	0.0000	0.0000	0.0000	0.0000	0.0000	0.0000	0.0000	0.0000	0.0000	0.0000	0.0000	0.0222	0.0327	0.0150	0.0512	0.0577	0.0004	0.0090	0.0061	0.0167	0.2824	0.0000	-0.0011	11.8338	2.7181	5.9707	1.0102	0.0000	0.0000	0.0000	0.0000	0.0000	0.0000	0.0000	0.0000	0.0000	0.0030	0.0023	0.0007	0.0022	0.0022	0.0000	0.0008	0.0002	0.0007	0.2915	0.2585	0.0330	0.0675	0.0653	0.0022	0.2240	0.1932	0.0308	0.1351	0.0909	0.0441	0.0422	0.0374	0.0048	0.0928	0.0535	0.0394	0.0000	0.0000	0.0000	0.0000	0.0000	0.0000	0.0000	0.0000	0.0000	0.0222	0.0257	0.0150	0.0512	0.0577	0.0004	0.0090	0.0034	0.0167	
30	62	0.1103	4	1	0	1	0	0	0	0	0	N	N	N	N	N	N	N	N	N	N	N	N	0.0000	0.0000	0.0000	0.0000	0.0000	0.0000	0.0000	0.0000	0.0000	0.0000	0.0000	0.0000	0.0000	0.0000	0.0000	0.0000	0.0000	0.0000	0.0101	0.0114	0.0083	0.0000	0.0000	0.0000	0.0122	0.1496	0.0087	0.4998	0.0000	-0.0006	11.8338	1.4525	5.9707	6.3634	0.0000	0.0000	0.0000	0.0000	0.0000	0.0000	0.0000	0.0000	0.0000	0.0022	0.0014	0.0007	0.0000	0.0000	0.0000	0.0022	0.0014	0.0007	0.1766	0.1585	0.0181	0.0563	0.0545	0.0018	0.1203	0.1040	0.0163	0.2129	0.1263	0.0866	0.0361	0.0325	0.0036	0.1768	0.0938	0.0830	0.0000	0.0000	0.0000	0.0000	0.0000	0.0000	0.0000	0.0000	0.0000	0.0101	0.0114	0.0083	0.0000	0.0000	0.0000	0.0122	0.0154	0.0087	
30	63	0.1897	7	2	1	1	1	0	0	0	0	Y	N	N	N	N	N	N	N	N	N	N	N	4152.7184	2612.5726	0.0000	0.0000	inf	inf	5.8935	6.7461	0.0000	0.0000	0.0000	0.0000	6.8241	7.8914	0.0000	0.0014	0.0026	0.0000	0.0103	0.0129	0.0000	0.0000	0.0000	0.0000	0.0000	0.0000	-0.3638	-0.0001	11.8338	2.0000	5.9707	2.0002	1.0000	1.0000	0.0000	0.0000	0.0000	0.0000	1.0000	1.0000	0.0000	0.0001	0.0001	0.0000	0.0001	0.0001	0.0000	0.0000	0.0000	0.0000	0.1697	0.1482	0.0214	0.0231	0.0215	0.0016	0.1465	0.1267	0.0198	0.0846	0.0465	0.0381	0.0116	0.0093	0.0024	0.0729	0.0372	0.0357	4152.7184	2612.5726	0.0000	0.0000	0.0000	0.0000	inf	inf	0.0000	0.0014	0.0026	0.0000	0.0103	0.0129	0.0000	0.0000	0.0000	0.0000			
30	64	0.2053	11	1	1	1	1	0	0	0	0	N	N	N	N	N	N	N	N	N	N	N	N	970.4845	628.1089	953.7745	84.6854	5.8213	6.6559	0.0000	0.0000	0.0000	0.0000	6.8773	7.9545	0.0000	0.0060	0.0106	0.0000	0.0000	0.0000	0.0000	0.0072	0.0939	0.0000	0.0000	0.0000	-0.3637	-0.0005	11.8338	2.0059	5.9707	4.8036	0.9999	0.9999	0.0000	0.0000	0.0000	0.0000	0.9999	0.9999	0.0000	0.0009	0.0009	0.0000	0.0000	0.0000	0.0000	0.0009	0.0009	0.0000	0.1718	0.1502	0.0215	0.0264	0.0245	0.0019	0.1454	0.1257	0.0197	0.1434	0.0812	0.0622	0.0241	0.0201	0.0040	0.1193	0.0611	0.0582	970.4845	628.1089	0.0000	0.0000	0.0000	0.0000	953.7745	565.0502	0.0000	0.0060	0.0106	0.0000	0.0000	0.0000	0.0000	0.0072	0.0141	0.0000					
30	65	0.2025	9	1	1	1	0	0	0	0	0	N	N	N	N	N	N	N	N	N	N	N	N	0.0000	0.0000	0.0000	0.0000	0.0000	0.0000	0.0000	0.0000	0.0000	0.0000	0.0000	0.0000	0.0000	0.0000	0.0000	0.0010	0.0018	0.0000	0.0053	0.0061	0.0000	0.0000	0.0000	0.0000	0.0002	0.0000	-0.0000	11.8338	0.9804	5.9707	0.2754	0.0000	0.0000	0.0000	0.0000	0.0000	0.0000	0.0000	0.0000	0.0000	0.0000	0.0000	0.0000	0.0000	0.0000	0.0000	0.0000	0.0000	0.0000	0.0886	0.0778	0.0107	0.0140	0.0133	0.0008	0.0745	0.0646	0.0100	0.0305	0.0169	0.0136	0.0057	0.0049	0.0008	0.0247	0.0120	0.0128	0.0000	0.0000	0.0000	0.0000	0.0000	0.0000	0.0000	0.0000	0.0000	0.0010	0.0018	0.0000	0.0053	0.0061	0.0000	0.0000	0.0000	0.0000				
30	66	0.2004	10	1	0	2	1	0	0	0	0	N	N	Y	N	N	N	N	N	N	N	N	N	0.0000	0.0000	0.0000	0.0000	0.0000	0.0000	0.0000	0.0000	0.0000	0.0000	0.0000	0.0000	0.0000	0.0000	0.0000	0.4768	1.0298	0.0000	0.0005	0.0006	0.0000	0.6471	2.0821	0.0000	0.0000	0.0000	-0.0066	11.8338	0.9437	5.9707	4.8091	0.0000	0.0000	0.0000	0.0000	0.0000	0.0000	0.0000	0.0000	0.0000	0.0112	0.0112	0.0000	0.0000	0.0000	0.0000	0.0112	0.0112	0.0000	0.1125	0.0982	0.0143	0.0304	0.0287	0.0017	0.0821	0.0695	0.0126	0.1253	0.0713	0.0540	0.0214	0.0179	0.0034	0.1040	0.0534	0.0506	0.0000	0.0000	0.0000	0.0000	0.0000	0.0000	0.0000	0.0000	0.0000	0.0898	0.1578	0.0000	0.0005	0.0006	0.0000	0.1081	0.2106	0.0000				
30	67	0.1933	9	1	0	2	1	0	0	0	0	N	N	Y	N	N	N	N	N	N	N	N	N	0.0000	0.0000	0.0000	0.0000	0.0000	0.0000	0.0000	0.0000	0.0000	0.0000	0.0000	0.0000	0.0000	0.9041	1.6074	0.0000	3.6435	4.2148	0.0000	0.0000	0.0000	0.0000	0.0000	0.0000	-0.0159	11.8338	4.0088	5.9707	5.0246	0.0000	0.0000	0.0000	0.0000	0.0000	0.0000	0.0000	0.0000	0.0000	0.0269	0.0269	0.0000	0.0269	0.0269	0.0000	0.0000	0.0000	0.0000	0.3368	0.2944	0.0424	0.0463	0.0431	0.0032	0.2905	0.2513	0.0392	0.1890	0.1048	0.0842	0.0271	0.0219	0.0052	0.1619	0.0828	0.0790	0.0000	0.0000	0.0000	0.0000	0.0000	0.0000	0.0000	0.0000	0.0000	0.1425	0.2570	0.0000	0.9938	1.2284	0.0000	0.0000	0.0000	0.0000						
30	68	0.2053	11	1	0	2	1	0	0	0	0	N	N	Y	N	N	N	N	N	N	N	N	N	0.1938	0.1212	inf	inf	0.0000	0.0000	0.0015	0.0017	0.0000	0.0096	0.0103	0.0000	0.0000	0.0000	0.0000	0.0077	0.0141	0.0000	0.0000	0.0000	0.0000	0.0093	0.1960	0.0000	0.0000	0.0000	-0.0000	-0.0005	11.8338	1.0064	5.9707	4.2000	0.0001	0.0001	0.0000	0.0001	0.0001	0.0000	0.0000	0.0000	0.0000	0.0009	0.0009	0.0000	0.0000	0.0000	0.0000	0.0009	0.0009	0.0000	0.0871	0.0762	0.0109	0.0136	0.0126	0.0009	0.0736	0.0636	0.0100	0.1117	0.0635	0.0482	0.0192	0.0161	0.0031	0.0925	0.0474	0.0451	0.1938	0.1260	0.0000	inf	inf	0.0000	0.0000	0.0000	0.0000	0.0077	0.0135	0.0000	0.0000	0.0000	0.0000	0.0093	0.0181	0.0000			
30	69	0.2004	10	1	0	1	1	0	0	0	0	N	N	N	N	N	N	N	N	N	N	N	N	0.0007	0.0005	0.0000	0.0000	0.0008	0.0005	0.0009	0.0011	0.0000	0.0000	0.0000	0.0000	0.0012	0.0014	0.0000	1.3864	2.2186	0.0000	0.1017	0.1153	0.0000	1.4437	3.0937	0.0000	0.0000	0.0000	-0.0000	-0.0071	11.8338	1.2889	5.9707	0.3511	0.0001	0.0001	0.0000	0.0000	0.0000	0.0000	0.0001	0.0001	0.0000	0.0121	0.0121	0.0000	0.0009	0.0009	0.0000	0.0112	0.0112	0.0000	0.1417	0.1237	0.0180	0.0345	0.0325	0.0020	0.1072	0.0912	0.0160	0.0409	0.0243	0.0166	0.0085	0.0075	0.0010	0.0325	0.0168	0.0156	0.0031	0.0021	0.0000	0.0000	0.0000	0.0000	0.0035	0.0021	0.0000	0.2954	0.4976	0.0000	0.1017	0.1153	0.0000	0.3458	0.6669	0.0000			
30	70	0.1933	9	1	0	1	1	0	0	0	0	N	N	N	N	N	N	N	N	N	N	N	N	0.0000	0.0000	0.0000	0.0000	0.0000	0.0000	0.0000	0.0000	0.0000	0.0000	0.0000	0.0000	0.0000	0.0000	0.0000	0.0000	0.0000	0.0000	25.7114	37.7383	0.0005	0.0444	0.0525	0.0002	27.1089	50.1672	0.0005	0.0000	0.0000	-0.5670	11.8338	0.7777	5.9707	1.1718	0.0000	0.0000	0.0000	0.0000	0.0000	0.0000	0.0000	0.0000	0.0000	0.9624	0.9624	0.0000	0.0003	0.0003	0.0000	0.9621	0.9621	0.0000	0.0670	0.0585	0.0085	0.0094	0.0087	0.0006	0.0576	0.0498	0.0078	0.0450	0.0255	0.0195	0.0075	0.0063	0.0012	0.0376	0.0192	0.0184	0.0000	0.0000	0.0000	0.0000	0.0000	0.0000	0.0000	0.0000	0.0000	21.3651	37.7383	0.0005	0.0444	0.0525	0.0002	25.6139	50.1672	0.0005	
30	71	0.1897	8	1	0	1	1	0	0	0	0	N	N	N	N	N	N	N	N	N	N	N	N	0.0000	0.0000	0.0000	0.0000	0.0000	0.0000	0.0000	0.0000	0.0000	0.0000	0.0000	0.0000	0.0000	0.0000	0.0000	0.0000	0.0000	0.0000	2.0650	3.5531	0.0020	0.0381	0.0477	0.0000	2.0513	4.2127	0.0021	0.0007	0.0000	-0.0159	11.8338	0.9929	5.9707	0.0325	0.0000	0.0000	0.0000	0.0000	0.0000	0.0000	0.0000	0.0000	0.0000	0.0270	0.0270	0.0000	0.0001	0.0001	0.0000	0.0269	0.0269	0.0000	0.0847	0.0740	0.0107	0.0116	0.0107	0.0008	0.0732	0.0633	0.0099	0.0221	0.0121	0.0099	0.0031	0.0025	0.0006	0.0190	0.0097	0.0093	0.0000	0.0000	0.0000	0.0000	0.0000	0.0000	0.0000	0.0000	0.0000	1.2256	2.2277	0.0020	0.0381	0.0477	0.0000	1.4170	2.7795	0.0021	
30	72	0.2348	7	2	1	1	0	0	0	0	0	Y	N	N	N	N	N	N	N	N	N	N	N	0.0000	0.0000	0.0000	0.0000	0.0000	0.0000	0.0000	0.0000	0.0000	0.0000	0.0000	0.0000	0.0000	0.0000	0.0000	0.0000	0.0000	0.0000	0.0000	0.0000	11.8338	0.0000	5.9707	0.0001	0.0000	0.0000	0.0000	0.0000	0.0000	0.0000	0.0000	0.0000	0.0000	0.0000	0.0000	0.0000	0.0000	0.0000	0.0000	0.0000	0.0000	0.0000	0.0000	0.0000	0.0000	0.0000	0.0000	0.0000	0.0000	0.0000	0.0000	0.0000	0.0000	0.0000	0.0000	0.0000	0.0000	0.0000	0.0000	0.0000	0.0000	0.0000	0.0000	0.0000	0.0000	0.0000	0.0000	0.0000	0.0000	0.0000	0.0000	0.0000	0.0000	0.0000	0.0000	0.0000	0.0000	0.0000											
30	73	0.1715	6	2	1	1	0	0	0	0	0	Y	N	N	N	N	N	N	N	N	N	N	N	0.0000	0.0000	0.0000	0.0000	0.0000	0.0000	0.0000	0.0000	0.0000	0.0000	0.0000	0.0000	0.0000	0.0000	0.0000	0.0000	0.0009	0.0016	0.0000	0.0069	0.0086	0.0000	0.0000	0.0000	0.0000	0.0000	0.0000	-0.0002	11.8338	9.9619	5.9707	7.0378	0.0000	0.0000	0.0000	0.0000	0.0000	0.0000	0.0000	0.0000	0.0000	0.0003	0.0003	0.0000	0.0003	0.0003	0.0000	0.0000	0.0000	0.0000	0.8243	0.7213	0.1030	0.1017	0.0948	0.0069	0.7226	0.6265	0.0961	0.3435	0.1890	0.1545	0.0434	0.0349	0.0084	0.3001	0.1541	0.1460	0.0000	0.0000	0.0000	0.0000	0.0000	0.0000	0.0000	0.0000	0.0000	0.0009	0.0016	0.0000	0.0069	0.0086	0.0000	0.0000	0.0000	0.0000			
30	74	0.1833	6	1	1	1	0	0	0	0	0	N	N	N	N	N	N	N	N	N	N	N	N	0.0000	0.0000	0.0000	0.0000	0.0000	0.0000	0.0000	0.0000	0.0000	0.0000	0.0000	0.0000	0.0000	0.0000	0.0000	0.0000	0.0000	0.0008	0.0015	0.0000	0.0053	0.0063	0.0000	0.0000	0.0000	0.0000	0.0001	0.0000	-0.0001	11.8338	7.0442	5.9707	2.0273	0.0000	0.0000	0.0000	0.0000	0.0000	0.0000	0.0000	0.0000	0.0000	0.0002	0.0002	0.0000	0.0002	0.0002	0.0000	0.0000	0.0000	0.0000	0.7039	0.6192	0.0847	0.1405	0.1323	0.0082	0.5634	0.4869	0.0765	0.1890	0.1034	0.0856	0.0300	0.0252	0.0048	0.1589	0.0782	0.0807	0.0000	0.0000	0.0000	0.0000	0.0000	0.0000	0.0000	0.0000	0.0000	0.0008	0.0015	0.0000	0.0053	0.0063	0.0000	0.0000	0.0000	0.0000		
30	75	0.1594	5	1	1	1	0	0	0	0	0	N	N	N	N	N	N	N	N	N	N	N	N	0.3637	0.2797	0.0000	0.0000	0.0000	0.0000	0.9004	0.9464	0.0000	0.0009	0.0010	0.0000	0.0000	0.0000	0.0000	0.0010	0.0012	0.0000	0.0023	0.0035	0.0010	0.0101	0.0124	0.0000	0.0011	0.0013	0.0010	0.0000	0.2265	-0.0001	-0.0002	11.8338	4.3369	5.9707	3.0972	0.0004	0.0004	0.0000	0.0000	0.0000	0.0000	0.0004	0.0004	0.0000	0.0004	0.0003	0.0001	0.0002	0.0002	0.0000	0.0002	0.0001	0.0001	0.4459	0.3931	0.0529	0.0772	0.0744	0.0028	0.3688	0.3187	0.0501	0.1609	0.0890	0.0720	0.0215	0.0175	0.0039	0.1395	0.0714	0.0680	0.3637	0.2797	0.0000	0.0000	0.0000	0.0000	0.9004	0.9464	0.0000	0.0023	0.0035	0.0010	0.0101	0.0124	0.0000	0.0011	0.0013	0.0010
30	76	0.2467	10	2	1	1	0	0	0	0	0	Y	N	N	N	N	N	N	N	N	N	N	N	23291.7269	14902.9909	0.0000	0.2432	0.2047	596072.3383	inf	0.0000	4.3966	4.9887	0.0000	0.0003	0.0003	0.0000	5.2850	6.0784	0.0000	0.0002	0.0003	0.0000	0.0011	0.0014	0.0000	0.0000	0.0000	0.0000	0.0000	0.0407	-0.3636	-0.0000	11.8338	1.9992	5.9707	0.0055	0.9994	0.9994	0.0000	0.0000	0.0000	0.0000	0.9994	0.9994	0.0000	0.0000	0.0000	0.0000	0.0000	0.0000	0.0000	0.0000	0.0000	0.0000	0.2273	0.2003	0.0270	0.0382	0.0359	0.0023	0.1891	0.1644	0.0247	0.0551	0.0299	0.0253	0.0093	0.0074	0.0019	0.0458	0.0225	0.0233	23291.7269	14902.9909	0.0000	0.2432	0.2047	0.0000	596072.3383	inf	0.0000	0.0002	0.0003	0.0000	0.0011	0.0014	0.0000	0.0000	0.0000	0.0000	
30	77	0.2025	9	2	1	1	0	0	0	0	0	Y	N	N	N	N	N	N	N	N	N	N	N	0.6546	6.6780	0.0413	0.0000	0.0000	0.6666	12.2086	0.0416	0.0014	0.0016	0.0002	0.0000	0.0000	0.0000	0.0017	0.0019	0.0002	0.0022	0.0002	0.0046	0.0004	0.0005	0.0000	0.0025	0.0002	0.0049	0.0167	15.4710	-0.0002	0.0001	11.8338	5.0219	5.9707	2.0148	0.0006	0.0006	0.0000	0.0000	0.0000	0.0000	0.0006	0.0006	0.0000	0.0003	0.0000	0.0003	0.0000	0.0000	0.0000	0.0003	0.0000	0.0003	0.4237	0.3713	0.0525	0.0599	0.0562	0.0037	0.3638	0.3150	0.0488	0.1498	0.0826	0.0671	0.0228	0.0185	0.0042	0.1270	0.0641	0.0629	0.6546	6.6780	0.0413	0.0000	0.0000	0.0000	0.6666	12.2086	0.0416	0.0022	0.0002	0.0046	0.0004	0.0005	0.0000	0.0025	0.0002	0.0049	
30	78	0.1897	8	1	1	1	0	0	0	0	0	N	N	N	N	N	N	N	N	N	N	N	N	0.0000	0.0000	0.0000	0.0000	0.0000	0.0000	0.0000	0.0000	0.0000	0.0000	0.0000	0.0000	0.0000	0.0000	0.0000	0.0000	0.0000	0.0019	0.0034	0.0000	0.0110	0.0138	0.0000	0.0004	0.0009	0.0000	0.0012	0.0000	-0.0001	11.8338	1.0203	5.9707	2.7327	0.0000	0.0000	0.0000	0.0000	0.0000	0.0000	0.0000	0.0000	0.0000	0.0002	0.0001	0.0000	0.0001	0.0001	0.0000	0.0000	0.0000	0.0000	0.0870	0.0760	0.0110	0.0119	0.0110	0.0008	0.0752	0.0650	0.0102	0.0794	0.0437	0.0358	0.0109	0.0087	0.0022	0.0685	0.0349	0.0336	0.0000	0.0000	0.0000	0.0000	0.0000	0.0000	0.0000	0.0000	0.0000	0.0019	0.0034	0.0000	0.0110	0.0138	0.0000	0.0004	0.0009	0.0000		
30	79	0.1897	7	1	0	1	0	0	0	0	0	N	N	N	N	N	N	N	N	N	N	N	N	0.0000	0.0000	0.0000	0.0000	0.0000	0.0000	0.0000	0.0000	0.0000	0.0000	0.0000	0.0000	0.0000	0.0000	0.0000	2.8063	4.6823	0.0000	12.0525	10.6878	0.0000	2.1154	4.6976	0.0000	0.0000	0.0000	-0.0001	11.8338	0.0000	5.9707	0.0018	0.0000	0.0000	0.0000	0.0000	0.0000	0.0000	0.0000	0.0000	0.0000	0.0002	0.0002	0.0000	0.0001	0.0001	0.0000	0.0001	0.0001	0.0000	0.0000	0.0000	0.0000	0.0000	0.0000	0.0000	0.0000	0.0000	0.0000	0.0001	0.0001	0.0000	0.0000	0.0000	0.0000	0.0001	0.0000	0.0000	0.0000	0.0000	0.0000	0.0000	0.0000	0.0000	0.0000	0.0000	0.0000	2.0791	3.0792	0.0000	2.7831	2.8577	0.0000	1.6594	3.3379	0.0000				
30	80	0.1715	6	1	0	1	0	0	0	0	0	N	N	N	N	N	N	N	N	N	N	N	N	0.0000	0.0000	0.0000	0.0000	0.0000	0.0000	0.0000	0.0000	0.0000	0.0000	0.0000	0.0000	0.0000	0.0000	0.0000	0.0000	0.0000	0.0000	0.0020	0.0036	0.0000	0.0068	0.0083	0.0000	0.0012	0.0042	0.0000	0.0000	0.0000	-0.0001	11.8338	3.0825	5.9707	2.0124	0.0000	0.0000	0.0000	0.0000	0.0000	0.0000	0.0000	0.0000	0.0000	0.0002	0.0002	0.0000	0.0001	0.0001	0.0000	0.0001	0.0001	0.0000	0.2727	0.2387	0.0340	0.0367	0.0344	0.0023	0.2360	0.2043	0.0317	0.1107	0.0611	0.0497	0.0147	0.0120	0.0027	0.0960	0.0491	0.0469	0.0000	0.0000	0.0000	0.0000	0.0000	0.0000	0.0000	0.0000	0.0000	0.0020	0.0036	0.0000	0.0068	0.0083	0.0000	0.0012	0.0024	0.0000	
30	81	0.1594	5	1	0	1	0	0	0	0	0	N	N	N	N	N	N	N	N	N	N	N	N	0.1861	0.2458	0.0000	0.0000	0.0000	0.0000	0.2871	0.4339	0.0000	0.0010	0.0011	0.0000	0.0000	0.0000	0.0000	0.0012	0.0014	0.0000	0.0052	0.0045	0.0061	0.0117	0.0141	0.0000	0.0041	0.0032	0.0065	0.0000	1.0938	-0.0001	-0.0000	11.8338	3.6751	5.9707	0.0788	0.0004	0.0004	0.0000	0.0000	0.0000	0.0000	0.0004	0.0004	0.0000	0.0004	0.0002	0.0002	0.0001	0.0001	0.0000	0.0003	0.0001	0.0002	0.3919	0.3460	0.0459	0.0720	0.0696	0.0024	0.3199	0.2764	0.0436	0.0845	0.0470	0.0374	0.0120	0.0099	0.0021	0.0725	0.0371	0.0354	0.1861	0.2458	0.0000	0.0000	0.0000	0.0000	0.2871	0.7294	0.0000	0.0052	0.0045	0.0061	0.0117	0.0141	0.0000	0.0041	0.0019	0.0065
30	82	0.1103	4	1	0	1	0	0	0	0	0	N	N	N	N	N	N	N	N	N	N	N	N	2026.3141	4097.0773	0.0000	0.0000	0.0000	1952.2270	3655.4451	0.0000	1.3254	1.5134	0.0000	0.0000	0.0000	0.0000	1.4821	1.7112	0.0000	0.0007	0.0004	0.0010	0.0000	0.0000	0.0000	0.0008	0.0005	0.0011	0.0000	2.1061	-0.3636	0.0000	11.8338	8.5011	5.9707	5.2406	0.9996	0.9996	0.0000	0.0000	0.0000	0.0000	0.9996	0.9996	0.0000	0.0002	0.0001	0.0001	0.0000	0.0000	0.0000	0.0002	0.0001	0.0001	0.7542	0.6605	0.0937	0.0798	0.0764	0.0034	0.6745	0.5842	0.0903	0.3324	0.1895	0.1429	0.0460	0.0400	0.0060	0.2864	0.1495	0.1369	2026.3141	4097.0773	0.0000	0.0000	0.0000	0.0000	1952.2270	3655.4451	0.0000	0.0007	0.0004	0.0010	0.0000	0.0000	0.0000	0.0008	0.0005	0.0011	
31	34	0.1295	5	0	1	1	0	0	0	0	0	N	N	N	N	N	N	N	N	N	N	N	N	0.0000	0.0000	0.0000	0.0000	0.0000	0.0000	0.0000	0.0000	0.0000	0.0000	0.0000	0.0000	0.0000	0.0000	0.0000	0.0000	0.0000	0.0000	0.0000	0.0000	0.0000	0.0000	inf	0.0000	0.0000	6.9288	0.0019	3.0309	3.0025	0.0000	0.0000	0.0000	0.0000	0.0000	0.0000	0.0000	0.0000	0.0000	0.0000	0.0000	0.0000	0.0000	0.0000	0.0000	0.0000	0.0000	0.0000	0.0004	0.0003	0.0000	0.0001	0.0001	0.0000	0.0002	0.0002	0.0000	0.0389	0.0242	0.0147	0.0075	0.0067	0.0008	0.0314	0.0175	0.0139	0.0000	0.0000	0.0000	0.0000	0.0000	0.0000	0.0000	0.0000	0.0000	0.0000	0.0000	0.0000	0.0000	0.0000	0.0000	0.0000	0.0000	0.0000						
31	35	0.2314	11	1	1	1	0	0	0	0	0	N	N	N	N	N	N	N	N	N	N	N	N	0.0000	0.0000	0.0000	0.0000	0.0000	0.0000	0.0000	0.0000	0.0000	0.0000	0.0000	0.0000	0.0000	0.0293	0.1075	0.0000	0.1887	0.1945	0.0000	0.0000	0.0000	0.0000	0.0000	0.0000	-0.0006	6.9288	1.0000	3.0309	1.9999	0.0000	0.0000	0.0000	0.0000	0.0000	0.0000	0.0000	0.0000	0.0000	0.0010	0.0010	0.0000	0.0010	0.0010	0.0000	0.0000	0.0000	0.0000	0.0509	0.0447	0.0062	0.0112	0.0105	0.0007	0.0397	0.0342	0.0055	0.0358	0.0208	0.0150	0.0065	0.0056	0.0009	0.0294	0.0152	0.0142	0.0000	0.0000	0.0000	0.0000	0.0000	0.0000	0.0000	0.0000	0.0000	0.0293	0.0505	0.0000	0.1625	0.1878	0.0000	0.0000	0.0000	0.0000						
31	36	0.1961	11	0	1	2	0	0	0	0	0	N	N	Y	N	N	N	N	N	N	N	N	N	1.3441	0.0017	14851.6950	0.0522	0.0040	686.8507	16.1105	0.0001	70000.1652	0.0102	0.0000	0.0836	0.0010	0.0001	0.0156	0.0123	0.0000	0.0906	0.0076	0.0113	0.0000	0.0198	0.0244	0.0000	0.0008	0.0014	0.0000	587.5077	0.0002	0.0011	-0.0006	6.9288	3.0341	3.0309	5.2124	0.0017	0.0000	0.0017	0.0000	0.0000	0.0000	0.0017	0.0000	0.0017	0.0010	0.0010	0.0000	0.0009	0.0009	0.0000	0.0001	0.0001	0.0000	0.1687	0.1482	0.0205	0.0318	0.0299	0.0019	0.1369	0.1183	0.0185	0.1316	0.0882	0.0434	0.0469	0.0381	0.0087	0.0847	0.0500	0.0346	1.3441	0.0017	14851.6950	0.0522	0.0040	686.8507	16.1105	0.0001	70000.1652	0.0076	0.0113	0.0000	0.0198	0.0244	0.0000	0.0008	0.0013	0.0000
31	37	0.1723	10	0	1	1	0	0	0	0	0	N	N	N	N	N	N	N	N	N	N	N	N	127.9825	0.0364	10424387.3830	0.2670	0.2361	0.0000	11593092.3969	744.8679	55799883.5433	6.2600	0.0073	49.7836	0.0432	0.0460	0.0000	7.2976	0.0003	53.4593	0.0489	0.2002	0.0000	0.1619	0.1948	0.0000	0.0000	0.0000	0.0000	981.4305	0.0000	0.6348	-0.0023	6.9288	3.0544	3.0309	4.8962	0.9993	0.0010	0.9983	0.0010	0.0010	0.0000	0.9983	0.0000	0.9983	0.0039	0.0039	0.0000	0.0039	0.0039	0.0000	0.0000	0.0000	0.0000	0.1596	0.1396	0.0201	0.0228	0.0215	0.0014	0.1368	0.1181	0.0187	0.1031	0.0623	0.0409	0.0255	0.0209	0.0046	0.0777	0.0413	0.0363	163.5495	0.1150	10424387.3830	0.2789	0.2437	0.0000	11593092.3969	744.8679	55799883.5433	0.0383	0.0634	0.0000	0.1550	0.1888	0.0000	0.0000	0.0000	0.0000
31	38	0.1295	5	0	0	2	0	0	0	0	0	N	N	Y	N	N	N	N	N	N	N	N	N	0.0000	0.0000	0.0000	0.0000	0.0000	0.0000	0.0000	0.0000	0.0000	0.0000	0.0000	0.0000	0.0000	0.0000	0.0000	0.0000	0.0000	0.0000	0.0000	0.0000	6.9288	0.9992	3.0309	1.0069	0.0000	0.0000	0.0000	0.0000	0.0000	0.0000	0.0000	0.0000	0.0000	0.0000	0.0000	0.0000	0.0000	0.0000	0.0000	0.0000	0.0000	0.0000	0.0454	0.0395	0.0059	0.0044	0.0042	0.0002	0.0410	0.0353	0.0057	0.0263	0.0164	0.0099	0.0051	0.0046	0.0005	0.0212	0.0118	0.0094	0.0000	0.0000	0.0000	0.0000	0.0000	0.0000	0.0000	0.0000	0.0000	0.0000	0.0000	0.0000	0.0000	0.0000	0.0000	0.0000	0.0000	0.0000											
31	39	0.1242	4	0	0	1	0	0	0	0	0	N	N	N	N	N	N	N	N	N	N	N	N	0.0000	0.0000	0.0000	0.0000	0.0000	0.0000	0.0000	0.0000	0.0000	0.0000	0.0000	0.0000	0.0000	0.0000	0.0000	0.0000	0.0000	0.0000	0.0000	0.0000	0.0000	0.0000	0.0000	0.0000	-0.0000	6.9288	1.0008	3.0309	0.9987	0.0000	0.0000	0.0000	0.0000	0.0000	0.0000	0.0000	0.0000	0.0000	0.0000	0.0000	0.0000	0.0000	0.0000	0.0000	0.0000	0.0000	0.0000	0.0459	0.0399	0.0060	0.0040	0.0038	0.0002	0.0419	0.0361	0.0058	0.0261	0.0161	0.0100	0.0045	0.0041	0.0005	0.0215	0.0120	0.0095	0.0000	0.0000	0.0000	0.0000	0.0000	0.0000	0.0000	0.0000	0.0000	0.0000	0.0000	0.0000	0.0000	0.0000	0.0000	0.0000	0.0000	0.0000						
31	40	0.0463	3	0	0	1	0	0	0	0	0	N	N	N	N	N	N	N	N	N	N	N	N	0.0170	0.0000	2.2570	0.0000	0.0000	0.0000	0.6537	0.0000	2.2874	0.0004	0.0000	0.0031	0.0000	0.0000	0.0000	0.0004	0.0000	0.0031	0.0235	0.0669	0.0014	0.2083	0.1892	0.0007	0.0007	0.0000	0.0014	27839.4030	0.0249	0.0001	-0.0054	6.9288	9.0374	3.0309	18.5287	0.0002	0.0000	0.0002	0.0000	0.0000	0.0000	0.0002	0.0000	0.0002	0.0095	0.0093	0.0002	0.0093	0.0093	0.0000	0.0002	0.0000	0.0002	0.4676	0.4068	0.0608	0.0311	0.0300	0.0011	0.4365	0.3768	0.0597	0.4044	0.2344	0.1700	0.0525	0.0509	0.0016	0.3519	0.1835	0.1684	0.0170	0.0000	2.2570	0.0000	0.0000	0.0000	0.6537	0.0000	2.2874	0.0235	0.0396	0.0014	0.1768	0.1822	0.0007	0.0007	0.0000	0.0014
31	42	0.1069	8	0	0	1	0	0	0	0	0	N	N	N	N	N	N	N	N	N	N	N	N	0.0000	0.0000	0.0000	0.0000	0.0000	0.0000	0.0000	0.0000	0.0000	0.0000	0.0000	0.0000	0.0000	0.0000	0.0000	0.0000	0.0000	0.0001	0.0002	0.0000	0.0006	0.0006	0.0002	0.0000	0.0000	0.0000	0.0460	0.0000	-0.0000	6.9288	17.0025	3.0309	6.0864	0.0000	0.0000	0.0000	0.0000	0.0000	0.0000	0.0000	0.0000	0.0000	0.0000	0.0000	0.0000	0.0000	0.0000	0.0000	0.0000	0.0000	0.0000	0.8517	0.7471	0.1046	0.1102	0.1046	0.0056	0.7415	0.6425	0.0990	0.2993	0.1800	0.1193	0.0546	0.0468	0.0078	0.2447	0.1332	0.1116	0.0000	0.0000	0.0000	0.0000	0.0000	0.0000	0.0000	0.0000	0.0000	0.0001	0.0002	0.0000	0.0006	0.0006	0.0002	0.0000	0.0000	0.0000		
31	44	0.1069	8	0	1	1	0	0	0	0	0	N	N	N	N	N	N	N	N	N	N	N	N	0.0001	0.0001	0.0003	0.0003	0.0000	0.0000	0.0001	0.0001	0.0000	0.0006	0.0006	0.0000	0.0000	0.0000	0.0000	0.5973	1.1450	0.0000	1.9625	1.8481	0.0000	0.0000	0.0000	0.0000	0.0000	0.0000	-0.0000	-0.0154	6.9288	6.9958	3.0309	11.8523	0.0000	0.0000	0.0000	0.0000	0.0000	0.0000	0.0000	0.0000	0.0000	0.0262	0.0262	0.0000	0.0262	0.0262	0.0000	0.0000	0.0000	0.0000	0.3815	0.3341	0.0473	0.0534	0.0509	0.0024	0.3281	0.2832	0.0449	0.2529	0.1530	0.0999	0.0473	0.0408	0.0065	0.2056	0.1122	0.0934	0.0008	0.0005	0.0000	0.0010	0.0009	0.0000	0.0000	0.0000	0.0000	0.1036	0.1714	0.0000	0.5541	0.6430	0.0000	0.0000	0.0000	0.0000			
31	45	0.1453	9	0	1	1	0	0	0	0	0	N	N	N	N	N	N	N	N	N	N	N	N	164.3129	103.0968	0.0000	97.6740	89.4284	0.0000	268959.1417	166044.8694	0.0000	1.8768	2.1367	0.0000	6.0434	6.4002	0.0000	1.1866	1.3679	0.0000	0.0114	0.0207	0.0000	0.0619	0.0716	0.0000	0.0000	0.0000	0.0000	0.0000	0.0000	-0.6705	-0.0029	6.9288	20.1318	3.0309	17.5118	1.8432	1.8432	0.0000	0.8434	0.8434	0.0000	0.9997	0.9997	0.0000	0.0049	0.0049	0.0000	0.0049	0.0049	0.0000	0.0000	0.0000	0.0000	0.9821	0.8626	0.1194	0.1396	0.1318	0.0078	0.8425	0.7308	0.1117	0.4281	0.2526	0.1754	0.0790	0.0683	0.0107	0.3491	0.1843	0.1647	164.3129	110.3980	0.0000	97.6740	89.4284	0.0000	268959.1417	166044.8694	0.0000	0.0114	0.0194	0.0000	0.0619	0.0716	0.0000	0.0000	0.0000	0.0000
31	46	0.1011	5	0	1	1	0	0	0	0	0	N	N	N	N	N	N	N	N	N	N	N	N	0.0000	0.0000	0.0000	0.0000	0.0000	0.0000	0.0000	0.0000	0.0000	0.0000	0.0000	0.0000	0.0000	0.0012	0.0000	0.0034	0.0000	0.0000	0.0000	0.0016	0.0000	0.0037	inf	0.0000	0.0002	6.9288	15.0410	3.0309	10.9147	0.0000	0.0000	0.0000	0.0000	0.0000	0.0000	0.0000	0.0000	0.0000	0.0005	0.0000	0.0005	0.0000	0.0000	0.0000	0.0005	0.0000	0.0005	0.8192	0.7190	0.1002	0.1485	0.1403	0.0082	0.6707	0.5787	0.0921	0.4121	0.2689	0.1432	0.1093	0.0987	0.0105	0.3028	0.1702	0.1327	0.0000	0.0000	0.0000	0.0000	0.0000	0.0000	0.0000	0.0000	0.0000	0.0012	0.0000	0.0034	0.0000	0.0000	0.0000	0.0016	0.0000	0.0037						
31	47	0.1704	12	1	0	2	0	0	0	0	0	N	N	Y	N	N	N	N	N	N	N	N	N	106.3691	0.0000	345.4360	0.0000	0.0000	0.0000	94.3247	330.6660	1.4431	0.0000	11.9408	0.0000	0.0000	0.0000	1.7029	0.0000	12.8378	0.0136	0.0000	0.0346	0.0000	0.0000	0.0000	0.0181	0.0000	0.0388	inf	800928.9500	0.5946	0.0013	6.9288	12.7633	3.0309	6.3722	0.9347	0.0000	0.9347	0.0000	0.0000	0.0000	0.9347	0.0000	0.9347	0.0032	0.0000	0.0032	0.0000	0.0000	0.0000	0.0032	0.0000	0.0032	0.6477	0.5694	0.0783	0.0988	0.0933	0.0055	0.5489	0.4761	0.0728	0.2361	0.1435	0.0927	0.0587	0.0485	0.0102	0.1774	0.0949	0.0825	106.3691	0.0000	345.4360	0.0000	0.0000	0.0000	94.3247	0.0000	330.6660	0.0136	0.0000	0.0346	0.0000	0.0000	0.0000	0.0181	0.0000	0.0388	
31	48	0.1652	11	0	0	1	0	0	0	0	0	N	N	N	N	N	N	N	N	N	N	N	N	8180.5628	5.0563	45765.5622	6.4347	5.5978	0.0000	10370.0121	43545.2871	2.0673	0.0003	24.4438	0.0011	0.0011	0.0000	2.9034	0.0000	25.9956	0.0003	0.0001	0.0005	0.0002	0.0002	0.0000	0.0003	0.0000	0.0006	6505.1271	5.0893	0.0414	0.0000	6.9288	0.3513	3.0309	1.9759	0.0651	0.0000	0.0651	0.0000	0.0000	0.0000	0.0651	0.0000	0.0651	0.0000	0.0000	0.0000	0.0000	0.0000	0.0000	0.0000	0.0000	0.0000	0.0315	0.0288	0.0027	0.0091	0.0089	0.0002	0.0224	0.0199	0.0025	0.0314	0.0190	0.0124	0.0079	0.0065	0.0014	0.0235	0.0125	0.0110	8180.5628	5.0563	45765.5622	6.4347	5.5978	0.0000	10370.0121	0.0000	43545.2871	0.0003	0.0001	0.0005	0.0002	0.0002	0.0000	0.0003	0.0000	0.0006	
31	49	0.1649	10	0	0	1	0	0	0	0	0	N	N	N	N	N	N	N	N	N	N	N	N	1.5141	2.1231	0.0000	0.0000	0.0000	0.0000	2.7219	inf	0.0000	0.0011	0.0013	0.0000	0.0000	0.0000	0.0000	0.0013	0.0015	0.0000	0.0007	0.0006	0.0010	0.0015	0.0018	0.0004	0.0005	0.0000	0.0010	0.0000	1.0318	-0.0000	-0.0000	6.9288	0.1669	3.0309	0.0350	0.0000	0.0000	0.0000	0.0000	0.0000	0.0000	0.0000	0.0000	0.0000	0.0000	0.0000	0.0000	0.0000	0.0000	0.0000	0.0000	0.0000	0.0000	0.0089	0.0077	0.0011	0.0013	0.0012	0.0001	0.0076	0.0066	0.0010	0.0028	0.0017	0.0011	0.0007	0.0006	0.0001	0.0021	0.0011	0.0010	1.5141	2.1231	0.0000	0.0000	0.0000	0.0000	2.7219	inf	0.0000	0.0007	0.0006	0.0010	0.0015	0.0018	0.0004	0.0005	0.0000	0.0010
31	50	0.1649	9	0	0	1	0	0	0	0	0	N	N	N	N	N	N	N	N	N	N	N	N	0.0000	0.0000	0.0000	0.0000	0.0000	0.0000	0.0000	0.0000	0.0000	0.0000	0.0000	0.0000	0.0000	0.0000	0.0000	0.0000	0.0000	0.0230	0.0196	0.0289	0.0338	0.0351	0.0186	0.0171	0.0000	0.0297	1.0000	0.0000	-0.0000	6.9288	0.0010	3.0309	0.0028	0.0000	0.0000	0.0000	0.0000	0.0000	0.0000	0.0000	0.0000	0.0000	0.0000	0.0000	0.0000	0.0000	0.0000	0.0000	0.0000	0.0000	0.0000	0.0001	0.0001	0.0000	0.0000	0.0000	0.0000	0.0001	0.0001	0.0000	0.0001	0.0001	0.0000	0.0000	0.0000	0.0000	0.0001	0.0000	0.0000	0.0000	0.0000	0.0000	0.0000	0.0000	0.0000	0.0000	0.0000	0.0000	0.0230	0.0191	0.0289	0.0338	0.0351	0.0186	0.0171	0.0000	0.0297		
31	51	0.0875	7	0	1	1	1	0	0	0	0	N	N	N	N	N	N	N	N	N	N	N	N	0.0007	0.0000	0.0204	0.0000	0.0000	0.0000	0.0304	0.1000	0.0000	0.0000	0.0000	0.0000	0.0000	0.0000	0.0000	0.0000	0.0000	0.0000	0.0001	0.0000	0.0002	0.0002	0.0003	0.0000	0.0000	0.0000	inf	0.1141	0.0000	-0.0000	6.9288	7.3891	3.0309	13.2142	0.0000	0.0000	0.0000	0.0000	0.0000	0.0000	0.0000	0.0000	0.0000	0.0000	0.0000	0.0000	0.0000	0.0000	0.0000	0.0000	0.0000	0.0000	0.4034	0.3531	0.0502	0.0555	0.0530	0.0024	0.3479	0.3001	0.0478	0.2895	0.1739	0.1156	0.0434	0.0400	0.0034	0.2461	0.1339	0.1122	0.0007	0.0000	0.0204	0.0000	0.0000	0.0000	0.0304	0.0000	0.1000	0.0000	0.0001	0.0000	0.0002	0.0002	0.0003	0.0000	0.0000	0.0000	
31	52	0.0813	6	0	1	1	0	0	0	0	0	N	N	N	N	N	N	N	N	N	N	N	N	0.0044	0.0024	0.0000	0.0031	0.0031	0.0000	0.0155	0.0430	0.0000	0.0001	0.0001	0.0000	0.0004	0.0005	0.0000	0.0000	0.0000	0.0000	0.0141	0.0287	0.0000	0.1380	0.1467	0.0005	0.0000	0.0000	0.0000	0.0000	0.0011	-0.0000	-0.0026	6.9288	12.1779	3.0309	13.0455	0.0000	0.0000	0.0000	0.0000	0.0000	0.0000	0.0000	0.0000	0.0000	0.0045	0.0045	0.0000	0.0045	0.0045	0.0000	0.0000	0.0000	0.0000	0.6644	0.5856	0.0788	0.0935	0.0895	0.0040	0.5708	0.4961	0.0747	0.3198	0.1881	0.1317	0.0329	0.0307	0.0022	0.2869	0.1574	0.1295	0.0044	0.0029	0.0000	0.0032	0.0031	0.0000	0.0155	0.0430	0.0000	0.0141	0.0239	0.0000	0.1368	0.1467	0.0005	0.0000	0.0000	0.0000
31	53	0.1723	10	0	1	1	0	0	0	0	0	N	N	N	N	N	N	N	N	N	N	N	N	0.0000	0.0000	0.0000	0.0000	0.0000	0.0000	0.0000	0.0000	0.0000	0.0000	0.0000	0.0000	0.0000	0.0000	0.0000	0.0000	0.0000	0.0134	0.0258	0.0000	0.0541	0.0658	0.0003	0.0000	0.0000	0.0000	0.0011	0.0000	-0.0006	6.9288	3.0001	3.0309	3.0003	0.0000	0.0000	0.0000	0.0000	0.0000	0.0000	0.0000	0.0000	0.0000	0.0011	0.0010	0.0000	0.0011	0.0010	0.0000	0.0000	0.0000	0.0000	0.1568	0.1371	0.0197	0.0224	0.0211	0.0014	0.1344	0.1161	0.0183	0.0786	0.0474	0.0312	0.0194	0.0160	0.0035	0.0592	0.0315	0.0277	0.0000	0.0000	0.0000	0.0000	0.0000	0.0000	0.0000	0.0000	0.0000	0.0134	0.0221	0.0000	0.0541	0.0658	0.0003	0.0000	0.0000	0.0000		
31	54	0.1649	9	0	0	1	0	0	0	0	0	N	N	N	N	N	N	N	N	N	N	N	N	0.0000	0.0000	0.0000	0.0000	0.0000	0.0000	0.0000	0.0000	0.0000	0.0000	0.0000	0.0000	0.0000	0.0000	0.0000	0.0001	0.0001	0.0000	0.0002	0.0003	0.0000	0.0000	0.0000	0.0000	0.0234	0.0000	-0.0000	6.9288	1.9998	3.0309	1.0017	0.0000	0.0000	0.0000	0.0000	0.0000	0.0000	0.0000	0.0000	0.0000	0.0000	0.0000	0.0000	0.0000	0.0000	0.0000	0.0000	0.0000	0.0000	0.1048	0.0916	0.0132	0.0147	0.0138	0.0009	0.0901	0.0778	0.0123	0.0399	0.0241	0.0158	0.0099	0.0081	0.0018	0.0300	0.0160	0.0141	0.0000	0.0000	0.0000	0.0000	0.0000	0.0000	0.0000	0.0000	0.0000	0.0001	0.0001	0.0000	0.0002	0.0003	0.0000	0.0000	0.0000	0.0000				
31	55	0.1069	8	0	0	1	0	0	0	0	0	N	N	N	N	N	N	N	N	N	N	N	N	0.0051	0.0029	0.0070	0.0063	0.0000	0.0000	0.0001	0.0001	0.0000	0.0005	0.0005	0.0000	0.0000	0.0000	0.0000	0.0137	0.0271	0.0000	0.0726	0.0841	0.0000	0.0000	0.0000	0.0000	0.0000	0.0000	-0.0000	-0.0020	6.9288	8.0033	3.0309	9.9473	0.0000	0.0000	0.0000	0.0000	0.0000	0.0000	0.0000	0.0000	0.0000	0.0033	0.0033	0.0000	0.0033	0.0033	0.0000	0.0000	0.0000	0.0000	0.4312	0.3777	0.0535	0.0593	0.0566	0.0028	0.3718	0.3211	0.0507	0.2428	0.1471	0.0957	0.0457	0.0394	0.0063	0.1971	0.1076	0.0894	0.0051	0.0035	0.0000	0.0070	0.0063	0.0000	0.0000	0.0000	0.0000	0.0137	0.0226	0.0000	0.0726	0.0841	0.0000	0.0000	0.0000	0.0000			
31	56	0.1225	6	0	1	1	0	0	0	0	0	N	N	N	N	N	N	N	N	N	N	N	N	0.0000	0.0896	0.0000	0.2944	0.2144	436.5964	0.0000	0.0000	0.0000	0.0001	0.0001	0.0003	0.0010	0.0008	0.0042	0.0000	0.0000	0.0000	5.0567	0.0015	26.5583	0.0033	0.0037	0.0000	6.2502	0.0000	28.5772	0.2670	4422.2298	-0.0000	0.4071	6.9288	5.0156	3.0309	9.5596	0.0000	0.0000	0.0000	0.0000	0.0000	0.0000	0.0000	0.0000	0.0000	0.9913	0.0002	0.9911	0.0002	0.0002	0.0000	0.9911	0.0000	0.9911	0.2675	0.2347	0.0327	0.0414	0.0394	0.0020	0.2261	0.1954	0.0307	0.2267	0.1493	0.0775	0.0682	0.0598	0.0083	0.1586	0.0894	0.0691	0.0000	0.0896	0.0000	0.2944	0.2144	436.5964	0.0000	0.0000	0.0000	4.3719	0.0015	12.7946	0.0033	0.0037	0.0000	6.2502	0.0000	14.3360
31	57	0.1011	5	0	1	1	0	0	0	0	0	N	N	N	N	N	N	N	N	N	N	N	N	0.0098	0.0129	0.0535	0.0615	0.0528	14.0333	0.0067	0.0008	0.0406	0.0022	0.0016	0.0063	0.0065	0.0060	0.0148	0.0008	0.0000	0.0052	0.2243	0.1263	0.1171	0.1054	0.1134	0.0011	0.1129	0.0003	0.1273	0.5419	0.9750	-0.0000	-0.0017	6.9288	5.2776	3.0309	4.9316	0.0008	0.0005	0.0003	0.0006	0.0005	0.0001	0.0002	0.0000	0.0002	0.0180	0.0091	0.0089	0.0091	0.0091	0.0000	0.0089	0.0000	0.0089	0.3608	0.3162	0.0447	0.0914	0.0863	0.0051	0.2694	0.2299	0.0395	0.2478	0.1720	0.0758	0.0862	0.0800	0.0062	0.1616	0.0920	0.0696	0.0304	0.0309	0.0535	0.0615	0.0528	14.0333	0.0138	0.0008	0.0406	0.0725	0.0529	0.1171	0.1054	0.1134	0.0011	0.0550	0.0003	0.1273
31	58	0.0731	4	0	0	1	0	0	0	0	0	N	N	N	N	N	N	N	N	N	N	N	N	0.0123	0.0035	1.4530	0.0092	0.0113	6.2473	0.6882	4.3283	1.4179	0.0046	0.0032	0.0142	0.0169	0.0170	0.0167	0.0031	0.0014	0.0141	0.3738	0.8996	0.0098	1.8464	1.5046	0.0027	0.0046	0.0003	0.0099	0.6652	0.0457	0.0001	-0.0084	6.9288	6.4383	3.0309	5.2340	0.0016	0.0009	0.0006	0.0006	0.0006	0.0000	0.0010	0.0004	0.0006	0.0155	0.0148	0.0007	0.0148	0.0148	0.0000	0.0007	0.0000	0.0007	0.3431	0.2988	0.0443	0.0362	0.0342	0.0020	0.3068	0.2645	0.0423	0.1805	0.1113	0.0692	0.0269	0.0254	0.0015	0.1536	0.0860	0.0677	0.0536	0.0238	1.4530	0.0308	0.0292	6.2473	0.6882	4.3283	1.4179	0.0857	0.1329	0.0098	0.5492	0.5815	0.0027	0.0046	0.0003	0.0099
31	63	0.1863	11	1	1	1	1	0	0	0	0	N	N	N	N	N	N	N	N	N	N	N	N	0.0000	0.0000	0.0000	0.0000	0.0000	0.0000	0.0000	0.0000	0.0000	0.0000	0.0000	0.0000	0.0000	0.0000	0.0000	0.0000	0.0000	0.0000	-0.0000	0.0000	6.9288	2.0000	3.0309	2.0002	0.0000	0.0000	0.0000	0.0000	0.0000	0.0000	0.0000	0.0000	0.0000	0.0000	0.0000	0.0000	0.0000	0.0000	0.0000	0.0000	0.0000	0.0000	0.1047	0.0918	0.0129	0.0199	0.0186	0.0013	0.0848	0.0732	0.0116	0.0510	0.0299	0.0211	0.0072	0.0064	0.0008	0.0438	0.0235	0.0203	0.0000	0.0000	0.0000	0.0000	0.0000	0.0000	0.0000	0.0000	0.0000	0.0000	0.0000	0.0000	0.0000	0.0000	0.0000	0.0000	0.0000	0.0000											
31	64	0.2020	15	0	1	1	1	0	0	0	0	N	N	N	N	N	N	N	N	N	N	N	N	0.0000	0.0000	0.0000	0.0000	0.0000	0.0000	0.0000	0.0000	0.0000	0.0000	0.0000	0.0000	0.0000	0.0000	0.0000	14.2934	0.0000	61.2390	0.0000	0.0000	0.0001	13.9148	0.0000	61.1661	inf	0.0000	0.4102	6.9288	2.0059	3.0309	4.8036	0.0000	0.0000	0.0000	0.0000	0.0000	0.0000	0.0000	0.0000	0.0000	0.9983	0.0000	0.9983	0.0000	0.0000	0.0000	0.9983	0.0000	0.9983	0.1059	0.0930	0.0129	0.0218	0.0204	0.0014	0.0841	0.0726	0.0115	0.0865	0.0520	0.0345	0.0147	0.0133	0.0014	0.0717	0.0387	0.0331	0.0000	0.0000	0.0000	0.0000	0.0000	0.0000	0.0000	0.0000	0.0000	11.5433	0.0000	28.9424	0.0000	0.0000	0.0001	13.9148	0.0000	30.1978				
31	65	0.1992	13	0	1	1	0	0	0	0	0	N	N	N	N	N	N	N	N	N	N	N	N	0.0022	inf	0.0000	0.0000	0.0000	0.0024	inf	0.0000	0.0000	0.0000	0.0000	0.0000	0.0000	0.0000	0.0000	0.0000	0.0000	0.0001	0.0000	0.0003	0.0000	0.0000	0.0005	0.0001	0.0000	0.0003	0.0000	inf	-0.0000	0.0000	6.9288	0.9804	3.0309	0.2754	0.0000	0.0000	0.0000	0.0000	0.0000	0.0000	0.0000	0.0000	0.0000	0.0000	0.0000	0.0000	0.0000	0.0000	0.0000	0.0000	0.0000	0.0000	0.0546	0.0481	0.0064	0.0114	0.0108	0.0006	0.0432	0.0373	0.0058	0.0183	0.0107	0.0076	0.0035	0.0032	0.0003	0.0148	0.0076	0.0073	0.0022	inf	0.0000	0.0000	0.0000	0.0000	0.0024	inf	0.0000	0.0001	0.0000	0.0003	0.0000	0.0000	0.0005	0.0001	0.0000	0.0003	
31	66	0.1970	14	0	0	2	1	0	0	0	0	N	N	Y	N	N	N	N	N	N	N	N	N	0.0000	0.0000	0.0000	0.0000	0.0000	0.0000	0.0000	0.0000	0.0000	0.0000	0.0000	0.0000	0.0000	0.0000	0.0000	0.0000	0.0000	0.0003	0.0004	0.0000	0.0015	0.0017	0.0000	0.0000	0.0000	0.0000	0.0025	0.0000	-0.0000	6.9288	0.9437	3.0309	4.8091	0.0000	0.0000	0.0000	0.0000	0.0000	0.0000	0.0000	0.0000	0.0000	0.0000	0.0000	0.0000	0.0000	0.0000	0.0000	0.0000	0.0000	0.0000	0.0688	0.0601	0.0086	0.0210	0.0198	0.0012	0.0477	0.0403	0.0074	0.0755	0.0455	0.0300	0.0130	0.0118	0.0012	0.0625	0.0337	0.0288	0.0000	0.0000	0.0000	0.0000	0.0000	0.0000	0.0000	0.0000	0.0000	0.0003	0.0004	0.0000	0.0015	0.0017	0.0000	0.0000	0.0000	0.0000		
31	67	0.1900	13	0	0	2	1	0	0	0	0	N	N	Y	N	N	N	N	N	N	N	N	N	0.0000	0.0000	0.0000	0.0000	0.0000	0.0000	0.0000	0.0000	0.0000	0.0000	0.0000	0.0000	0.0000	0.0000	0.0000	0.0000	0.0000	0.0000	0.0000	0.0000	0.0000	0.0000	0.0000	0.0000	inf	0.0000	0.0000	6.9288	4.0088	3.0309	5.0246	0.0000	0.0000	0.0000	0.0000	0.0000	0.0000	0.0000	0.0000	0.0000	0.0000	0.0000	0.0000	0.0000	0.0000	0.0000	0.0000	0.0000	0.0000	0.2079	0.1824	0.0254	0.0399	0.0374	0.0025	0.1680	0.1451	0.0229	0.1141	0.0673	0.0468	0.0168	0.0150	0.0018	0.0973	0.0523	0.0450	0.0000	0.0000	0.0000	0.0000	0.0000	0.0000	0.0000	0.0000	0.0000	0.0000	0.0000	0.0000	0.0000	0.0000	0.0000	0.0000	0.0000	0.0000				
31	68	0.2020	15	0	0	2	1	0	0	0	0	N	N	Y	N	N	N	N	N	N	N	N	N	0.0000	0.0000	0.0000	0.0000	0.0000	0.0000	0.0000	0.0000	0.0000	0.0000	0.0000	0.0000	0.0000	0.0000	0.0000	0.0000	0.0000	0.0235	0.0614	0.0000	0.1358	0.1492	0.0001	0.0000	0.0000	0.0000	0.0001	0.0000	-0.0009	6.9288	1.0064	3.0309	4.2000	0.0000	0.0000	0.0000	0.0000	0.0000	0.0000	0.0000	0.0000	0.0000	0.0016	0.0016	0.0000	0.0016	0.0016	0.0000	0.0000	0.0000	0.0000	0.0537	0.0472	0.0066	0.0112	0.0104	0.0007	0.0426	0.0367	0.0058	0.0673	0.0406	0.0267	0.0117	0.0106	0.0011	0.0556	0.0300	0.0256	0.0000	0.0000	0.0000	0.0000	0.0000	0.0000	0.0000	0.0000	0.0000	0.0235	0.0389	0.0000	0.1350	0.1492	0.0001	0.0000	0.0000	0.0000		
31	69	0.1970	14	0	0	1	1	0	0	0	0	N	N	N	N	N	N	N	N	N	N	N	N	0.0000	0.0000	0.0000	0.0000	0.0000	0.0000	0.0000	0.0000	0.0000	0.0000	0.0000	0.0000	0.0000	0.0000	0.0000	0.0000	0.0000	0.1623	0.0013	0.2091	0.0040	0.0043	0.0001	0.2992	0.0000	0.1779	78.5406	0.0000	0.0006	6.9288	1.2889	3.0309	0.3511	0.0000	0.0000	0.0000	0.0000	0.0000	0.0000	0.0000	0.0000	0.0000	0.0016	0.0000	0.0016	0.0000	0.0000	0.0000	0.0016	0.0000	0.0016	0.0868	0.0760	0.0108	0.0245	0.0231	0.0014	0.0623	0.0528	0.0094	0.0245	0.0152	0.0092	0.0050	0.0047	0.0004	0.0194	0.0105	0.0089	0.0000	0.0000	0.0000	0.0000	0.0000	0.0000	0.0000	0.0000	0.0000	0.0654	0.0013	0.1710	0.0040	0.0043	0.0001	0.0813	0.0000	0.1779		
31	70	0.1900	13	0	0	1	1	0	0	0	0	N	N	N	N	N	N	N	N	N	N	N	N	0.0000	0.0000	0.0000	0.0000	0.0000	0.0000	0.0000	0.0000	0.0000	0.0000	0.0000	0.0000	0.0000	0.0000	0.0000	0.0000	0.0000	0.0007	0.0000	0.0018	0.0000	0.0000	0.0001	0.0009	0.0000	0.0019	401.7481	0.0000	0.0000	6.9288	0.7777	3.0309	1.1718	0.0000	0.0000	0.0000	0.0000	0.0000	0.0000	0.0000	0.0000	0.0000	0.0000	0.0000	0.0000	0.0000	0.0000	0.0000	0.0000	0.0000	0.0000	0.0414	0.0363	0.0051	0.0081	0.0076	0.0005	0.0332	0.0287	0.0046	0.0271	0.0162	0.0109	0.0046	0.0042	0.0004	0.0226	0.0121	0.0105	0.0000	0.0000	0.0000	0.0000	0.0000	0.0000	0.0000	0.0000	0.0000	0.0007	0.0000	0.0018	0.0000	0.0000	0.0001	0.0009	0.0000	0.0019		
31	71	0.1863	12	0	0	1	1	0	0	0	0	N	N	N	N	N	N	N	N	N	N	N	N	0.0000	0.0000	0.0000	0.0000	0.0000	0.0000	0.0000	0.0000	0.0000	0.0000	0.0000	0.0000	0.0000	0.0000	0.0000	0.0000	0.0000	0.0000	0.0000	0.0000	0.0000	0.0000	0.0000	-0.0000	-0.0000	6.9288	0.9929	3.0309	0.0325	0.0000	0.0000	0.0000	0.0000	0.0000	0.0000	0.0000	0.0000	0.0000	0.0000	0.0000	0.0000	0.0000	0.0000	0.0000	0.0000	0.0000	0.0000	0.0523	0.0458	0.0064	0.0099	0.0093	0.0006	0.0423	0.0365	0.0058	0.0133	0.0078	0.0055	0.0019	0.0017	0.0002	0.0114	0.0061	0.0053	0.0000	0.0000	0.0000	0.0000	0.0000	0.0000	0.0000	0.0000	0.0000	0.0000	0.0000	0.0000	0.0000	0.0000	0.0000	0.0000	0.0000	0.0000						
31	72	0.2314	11	1	1	1	0	0	0	0	0	N	N	N	N	N	N	N	N	N	N	N	N	0.0000	0.0000	0.0000	0.0000	0.0000	0.0000	0.0000	0.0000	0.0000	0.0000	0.0000	0.0000	0.0000	0.0000	0.0000	0.0000	0.0000	0.0000	0.0000	0.0000	6.9288	0.0000	3.0309	0.0001	0.0000	0.0000	0.0000	0.0000	0.0000	0.0000	0.0000	0.0000	0.0000	0.0000	0.0000	0.0000	0.0000	0.0000	0.0000	0.0000	0.0000	0.0000	0.0000	0.0000	0.0000	0.0000	0.0000	0.0000	0.0000	0.0000	0.0000	0.0000	0.0000	0.0000	0.0000	0.0000	0.0000	0.0000	0.0000	0.0000	0.0000	0.0000	0.0000	0.0000	0.0000	0.0000	0.0000	0.0000	0.0000	0.0000	0.0000	0.0000	0.0000	0.0000	0.0000	0.0000	0.0000	0.0000											
31	73	0.1681	10	1	1	1	0	0	0	0	0	N	N	N	N	N	N	N	N	N	N	N	N	0.0315	1.9114	0.0000	0.0315	2.6853	0.0000	0.0000	0.0000	0.0000	0.0000	0.0000	0.0000	0.0000	0.0000	0.0000	0.0000	0.0000	0.0000	0.0000	0.0000	0.0000	0.0000	0.0000	0.0003	0.0000	0.0000	0.0000	0.0000	89.2517	-0.0000	0.0000	6.9288	9.9619	3.0309	7.0378	0.0000	0.0000	0.0000	0.0000	0.0000	0.0000	0.0000	0.0000	0.0000	0.0000	0.0000	0.0000	0.0000	0.0000	0.0000	0.0000	0.0000	0.0000	0.5086	0.4468	0.0618	0.0902	0.0847	0.0055	0.4184	0.3621	0.0563	0.2081	0.1231	0.0850	0.0336	0.0291	0.0045	0.1745	0.0940	0.0805	0.0315	1.9114	0.0000	0.0315	2.6853	0.0000	0.0000	0.0000	0.0000	0.0000	0.0000	0.0000	0.0000	0.0000	0.0003	0.0000	0.0000	0.0000
31	74	0.1799	10	0	1	1	0	0	0	0	0	N	N	N	N	N	N	N	N	N	N	N	N	0.1157	0.0000	4.1580	0.0000	0.0000	0.0000	15.8810	0.0000	57.1130	0.0000	0.0000	0.0002	0.0000	0.0000	0.0000	0.0000	0.0000	0.0002	0.0002	0.0003	0.0000	0.0010	0.0010	0.0008	0.0000	0.0000	0.0000	inf	0.1082	0.0000	-0.0000	6.9288	7.0442	3.0309	2.0273	0.0000	0.0000	0.0000	0.0000	0.0000	0.0000	0.0000	0.0000	0.0000	0.0000	0.0000	0.0000	0.0000	0.0000	0.0000	0.0000	0.0000	0.0000	0.4335	0.3826	0.0509	0.1066	0.1005	0.0061	0.3269	0.2821	0.0448	0.1135	0.0667	0.0468	0.0215	0.0189	0.0026	0.0920	0.0478	0.0442	0.1157	0.0000	4.1580	0.0000	0.0000	0.0000	15.8810	0.0000	57.1130	0.0002	0.0003	0.0000	0.0010	0.0010	0.0008	0.0000	0.0000	0.0000
31	75	0.1560	9	0	1	1	0	0	0	0	0	N	N	N	N	N	N	N	N	N	N	N	N	0.2529	0.4771	0.5433	0.3478	0.4862	0.0000	0.1865	0.6297	0.0000	0.0000	0.0002	0.0001	0.0001	0.0000	0.0000	0.0000	0.0002	0.0001	0.0000	0.0003	0.0002	0.0002	0.0006	0.0001	0.0000	0.0003	1.0033	4.6449	0.0000	0.0000	6.9288	4.3369	3.0309	3.0972	0.0000	0.0000	0.0000	0.0000	0.0000	0.0000	0.0000	0.0000	0.0000	0.0000	0.0000	0.0000	0.0000	0.0000	0.0000	0.0000	0.0000	0.0000	0.2749	0.2431	0.0318	0.0603	0.0579	0.0024	0.2147	0.1852	0.0294	0.0970	0.0574	0.0396	0.0160	0.0139	0.0021	0.0810	0.0435	0.0375	0.2529	0.4771	0.5433	0.3478	0.4862	0.0000	0.1865	0.0000	0.6297	0.0001	0.0000	0.0003	0.0002	0.0002	0.0006	0.0001	0.0000	0.0003	
31	76	0.2433	14	1	1	1	0	0	0	0	0	N	N	N	N	N	N	N	N	N	N	N	N	48048.5226	31560.3058	0.0000	0.2535	0.2340	0.0000	43945875.1882	inf	0.0000	7.0841	8.0288	0.0000	0.0004	0.0004	0.0000	8.7811	10.1191	0.0000	0.0001	0.0003	0.0000	0.0014	0.0017	0.0003	0.0000	0.0000	0.0000	0.0000	0.0354	-0.3636	-0.0000	6.9288	1.9992	3.0309	0.0055	0.9994	0.9994	0.0000	0.0000	0.0000	0.0000	0.9994	0.9994	0.0000	0.0000	0.0000	0.0000	0.0000	0.0000	0.0000	0.0000	0.0000	0.0000	0.1411	0.1245	0.0166	0.0273	0.0257	0.0015	0.1138	0.0988	0.0150	0.0295	0.0165	0.0130	0.0030	0.0025	0.0005	0.0265	0.0140	0.0125	48048.5226	31560.3058	0.0000	0.2535	0.2340	0.0000	43945875.1882	inf	0.0000	0.0001	0.0003	0.0000	0.0014	0.0017	0.0003	0.0000	0.0000	0.0000
31	77	0.1992	13	1	1	1	0	0	0	0	0	N	N	N	N	N	N	N	N	N	N	N	N	0.0548	0.0157	0.0000	0.0000	0.0000	0.0000	2854.1139	inf	0.0000	0.0023	0.0027	0.0000	0.0000	0.0000	0.0000	0.0029	0.0034	0.0000	0.0426	0.1694	0.0000	0.3742	0.3963	0.0001	0.0000	0.0000	0.0000	0.0000	0.0001	-0.0002	-0.0019	6.9288	5.0219	3.0309	2.0148	0.0006	0.0006	0.0000	0.0000	0.0000	0.0000	0.0006	0.0006	0.0000	0.0032	0.0032	0.0000	0.0032	0.0032	0.0000	0.0000	0.0000	0.0000	0.2614	0.2299	0.0314	0.0509	0.0480	0.0029	0.2105	0.1819	0.0286	0.0903	0.0531	0.0372	0.0140	0.0125	0.0015	0.0762	0.0406	0.0357	0.0657	0.0439	0.0000	0.0000	0.0000	0.0000	2854.1139	inf	0.0000	0.0355	0.0604	0.0000	0.2286	0.2565	0.0001	0.0000	0.0000	0.0000
31	78	0.1863	12	0	1	1	0	0	0	0	0	N	N	N	N	N	N	N	N	N	N	N	N	8.5478	5.7165	0.0000	0.0000	inf	inf	0.0004	0.0004	0.0000	0.0000	0.0000	0.0000	0.0005	0.0005	0.0000	0.0000	0.0001	0.0000	0.0003	0.0003	0.0000	0.0000	0.0000	0.0000	0.0000	0.0000	-0.0000	-0.0000	6.9288	1.0203	3.0309	2.7327	0.0000	0.0000	0.0000	0.0000	0.0000	0.0000	0.0000	0.0000	0.0000	0.0000	0.0000	0.0000	0.0000	0.0000	0.0000	0.0000	0.0000	0.0000	0.0537	0.0471	0.0066	0.0102	0.0096	0.0006	0.0435	0.0375	0.0060	0.0479	0.0281	0.0198	0.0068	0.0060	0.0008	0.0411	0.0221	0.0190	8.5478	5.7165	0.0000	0.0000	0.0000	0.0000	inf	inf	0.0000	0.0000	0.0001	0.0000	0.0003	0.0003	0.0000	0.0000	0.0000	0.0000			
31	79	0.1863	11	0	0	1	0	0	0	0	0	N	N	N	N	N	N	N	N	N	N	N	N	0.0000	0.0000	0.0000	0.0000	0.0000	0.0000	0.0000	0.0000	0.0000	0.0000	0.0000	0.0000	0.0000	0.0000	0.0000	0.0000	0.0000	0.0000	-0.0000	0.0000	6.9288	0.0000	3.0309	0.0018	0.0000	0.0000	0.0000	0.0000	0.0000	0.0000	0.0000	0.0000	0.0000	0.0000	0.0000	0.0000	0.0000	0.0000	0.0000	0.0000	0.0000	0.0000	0.0000	0.0000	0.0000	0.0000	0.0000	0.0000	0.0000	0.0000	0.0000	0.0001	0.0000	0.0000	0.0000	0.0000	0.0000	0.0000	0.0000	0.0000	0.0000	0.0000	0.0000	0.0000	0.0000	0.0000	0.0000	0.0000	0.0000	0.0000	0.0000	0.0000	0.0000	0.0000	0.0000	0.0000	0.0000	0.0000											
31	80	0.1681	10	0	0	1	0	0	0	0	0	N	N	N	N	N	N	N	N	N	N	N	N	0.0308	5.0305	0.0000	0.0302	6.1362	0.0000	0.0000	0.0000	0.0000	0.0000	0.0000	0.0000	0.0000	0.0000	0.0000	0.0000	0.0000	0.0000	0.0000	0.0000	0.0001	0.0000	0.0008	0.0000	0.0000	0.0000	0.0000	241.4151	-0.0000	0.0000	6.9288	3.0825	3.0309	2.0124	0.0000	0.0000	0.0000	0.0000	0.0000	0.0000	0.0000	0.0000	0.0000	0.0000	0.0000	0.0000	0.0000	0.0000	0.0000	0.0000	0.0000	0.0000	0.1682	0.1478	0.0204	0.0312	0.0295	0.0018	0.1369	0.1183	0.0186	0.0669	0.0396	0.0273	0.0111	0.0096	0.0015	0.0558	0.0300	0.0258	0.0308	5.0305	0.0000	0.0302	6.1362	0.0000	0.0000	0.0000	0.0000	0.0000	0.0000	0.0000	0.0001	0.0000	0.0008	0.0000	0.0000	0.0000	
31	81	0.1560	9	0	0	1	0	0	0	0	0	N	N	N	N	N	N	N	N	N	N	N	N	0.7697	1.0823	0.0240	0.6025	1.0992	0.0000	0.0829	0.0000	0.2804	0.0000	0.0000	0.0000	0.0002	0.0002	0.0000	0.0000	0.0000	0.0000	0.0001	0.0000	0.0001	0.0003	0.0002	0.0012	0.0000	0.0000	0.0000	0.0046	1.1042	-0.0000	-0.0000	6.9288	3.6751	3.0309	0.0788	0.0000	0.0000	0.0000	0.0000	0.0000	0.0000	0.0000	0.0000	0.0000	0.0000	0.0000	0.0000	0.0000	0.0000	0.0000	0.0000	0.0000	0.0000	0.2416	0.2139	0.0276	0.0551	0.0531	0.0020	0.1864	0.1608	0.0256	0.0508	0.0302	0.0206	0.0087	0.0076	0.0011	0.0421	0.0226	0.0195	0.7697	1.0823	0.0240	0.6025	1.0992	0.0000	0.0829	0.0000	0.2804	0.0001	0.0000	0.0001	0.0003	0.0002	0.0012	0.0000	0.0000	0.0000
31	82	0.1069	8	0	0	1	0	0	0	0	0	N	N	N	N	N	N	N	N	N	N	N	N	0.1972	0.5169	0.0000	0.2826	0.9677	0.0000	0.0000	0.0000	0.0000	0.0000	0.0000	0.0003	0.0003	0.0000	0.0000	0.0000	0.0000	0.0002	0.0001	0.0004	0.0011	0.0003	0.0063	0.0000	0.0000	0.0000	0.0000	2.7508	-0.0000	0.0000	6.9288	8.5011	3.0309	5.2406	0.0000	0.0000	0.0000	0.0000	0.0000	0.0000	0.0000	0.0000	0.0000	0.0000	0.0000	0.0000	0.0000	0.0000	0.0000	0.0000	0.0000	0.0000	0.4555	0.3990	0.0565	0.0622	0.0593	0.0029	0.3933	0.3397	0.0536	0.1942	0.1189	0.0753	0.0380	0.0331	0.0049	0.1562	0.0858	0.0704	0.1972	0.5169	0.0000	0.2826	0.9677	0.0000	0.0000	0.0000	0.0000	0.0002	0.0001	0.0004	0.0011	0.0003	0.0063	0.0000	0.0000	0.0000	
32	34	0.1055	4	0	1	0	0	0	0	0	0	N	N	N	N	N	N	N	N	N	N	N	N	0.0000	0.0000	0.0000	0.0000	0.0000	0.0000	0.0000	0.0000	0.0000	0.0000	0.0000	0.0000	0.0000	0.0000	0.0000	0.0000	0.0135	0.0218	0.0010	0.0474	0.0501	0.0000	0.0005	0.0000	0.0011	0.0278	0.0000	-0.0002	1.8775	0.0019	3.1058	3.0025	0.0000	0.0000	0.0000	0.0000	0.0000	0.0000	0.0000	0.0000	0.0000	0.0004	0.0004	0.0000	0.0004	0.0004	0.0000	0.0000	0.0000	0.0000	0.0001	0.0001	0.0000	0.0000	0.0000	0.0000	0.0001	0.0001	0.0000	0.0274	0.0177	0.0097	0.0076	0.0072	0.0004	0.0198	0.0105	0.0093	0.0000	0.0000	0.0000	0.0000	0.0000	0.0000	0.0000	0.0000	0.0000	0.0135	0.0204	0.0010	0.0474	0.0501	0.0000	0.0005	0.0000	0.0011			
32	35	0.2074	10	1	1	0	0	0	0	0	0	N	N	N	N	N	N	N	N	N	N	N	N	0.0000	0.0000	0.0000	0.0000	0.0000	0.0000	0.0000	0.0000	0.0000	0.0000	0.0000	0.0000	0.0000	0.0000	0.0000	0.0000	0.0000	0.0904	0.3439	0.0069	0.0019	0.0021	0.0000	0.1398	1.5161	0.0072	0.0600	0.0000	-0.0006	1.8775	1.0000	3.1058	1.9999	0.0000	0.0000	0.0000	0.0000	0.0000	0.0000	0.0000	0.0000	0.0000	0.0011	0.0010	0.0001	0.0000	0.0000	0.0000	0.0010	0.0010	0.0001	0.0169	0.0148	0.0021	0.0046	0.0043	0.0002	0.0123	0.0105	0.0019	0.0223	0.0136	0.0088	0.0053	0.0049	0.0004	0.0170	0.0087	0.0083	0.0000	0.0000	0.0000	0.0000	0.0000	0.0000	0.0000	0.0000	0.0000	0.0475	0.0738	0.0069	0.0019	0.0021	0.0000	0.0618	0.1138	0.0072		
32	36	0.1721	10	0	1	1	0	0	0	0	0	N	N	N	N	N	N	N	N	N	N	N	N	0.0000	0.0000	0.0000	0.0000	0.0000	0.0000	0.0000	0.0000	0.0000	0.0001	0.0001	0.0000	0.0000	0.0000	0.0000	0.0001	0.0001	0.0000	4.5998	9.4072	0.0279	21.6141	24.5197	0.1028	3.6841	7.7033	0.0074	0.0000	0.0022	-0.0000	-0.1989	1.8775	3.0341	3.1058	5.2124	0.0000	0.0000	0.0000	0.0000	0.0000	0.0000	0.0000	0.0000	0.0000	0.3389	0.3381	0.0007	0.1709	0.1703	0.0006	0.1680	0.1678	0.0002	0.0558	0.0489	0.0068	0.0137	0.0131	0.0006	0.0421	0.0359	0.0062	0.0829	0.0568	0.0261	0.0334	0.0278	0.0056	0.0495	0.0290	0.0205	0.0000	0.0000	0.0000	0.0000	0.0000	0.0000	0.0000	0.0000	0.0000	4.0856	5.9526	0.0279	5.1127	6.1220	0.1028	3.3923	5.7900	0.0074
32	37	0.1484	9	0	1	0	0	0	0	0	0	N	N	N	N	N	N	N	N	N	N	N	N	0.0153	0.0109	0.0003	0.0010	0.0010	0.0000	0.0366	0.0135	0.0003	0.0187	0.0214	0.0000	0.0009	0.0009	0.0000	0.0235	0.0275	0.0000	1.2198	1.9697	0.0050	0.9214	0.9137	0.0013	0.6413	2.0378	0.0054	0.0000	0.0100	-0.0004	-0.0069	1.8775	3.0544	3.1058	4.8962	0.0010	0.0010	0.0000	0.0000	0.0000	0.0000	0.0010	0.0010	0.0000	0.0118	0.0117	0.0001	0.0070	0.0070	0.0000	0.0048	0.0047	0.0001	0.0533	0.0466	0.0067	0.0112	0.0107	0.0005	0.0420	0.0358	0.0062	0.0633	0.0397	0.0236	0.0184	0.0160	0.0023	0.0449	0.0236	0.0213	0.1000	0.0724	0.0003	0.0023	0.0021	0.0000	0.2195	0.1388	0.0003	0.1871	0.2957	0.0050	0.3832	0.4390	0.0013	0.1069	0.1985	0.0054
32	38	0.1055	4	0	0	1	0	0	0	0	0	N	N	N	N	N	N	N	N	N	N	N	N	0.0000	0.0000	0.0000	0.0000	0.0000	0.0000	0.0000	0.0000	0.0000	0.0000	0.0000	0.0000	0.0000	0.0000	0.0000	0.0000	0.0000	0.0000	0.0000	0.0000	0.0000	0.0000	0.0000	0.0000	0.0000	0.0000	36.0122	0.0000	0.0000	1.8775	0.9992	3.1058	1.0069	0.0000	0.0000	0.0000	0.0000	0.0000	0.0000	0.0000	0.0000	0.0000	0.0000	0.0000	0.0000	0.0000	0.0000	0.0000	0.0000	0.0000	0.0000	0.0159	0.0140	0.0019	0.0027	0.0027	0.0001	0.0132	0.0113	0.0018	0.0185	0.0119	0.0065	0.0051	0.0049	0.0003	0.0133	0.0071	0.0063	0.0000	0.0000	0.0000	0.0000	0.0000	0.0000	0.0000	0.0000	0.0000	0.0000	0.0000	0.0000	0.0000	0.0000	0.0000	0.0000	0.0000	0.0000		
32	39	0.1002	3	0	0	0	0	0	0	0	0	N	N	N	N	N	N	N	N	N	N	N	N	0.0000	0.0000	0.0000	0.0000	0.0000	0.0000	0.0000	0.0000	0.0000	0.0000	0.0000	0.0000	0.0000	0.0000	0.0000	0.0000	0.0000	0.0000	0.0000	0.0000	0.0000	0.0000	0.0000	0.0000	0.0000	0.0349	0.0000	-0.0000	1.8775	1.0008	3.1058	0.9987	0.0000	0.0000	0.0000	0.0000	0.0000	0.0000	0.0000	0.0000	0.0000	0.0000	0.0000	0.0000	0.0000	0.0000	0.0000	0.0000	0.0000	0.0000	0.0160	0.0141	0.0019	0.0026	0.0025	0.0000	0.0134	0.0115	0.0019	0.0184	0.0118	0.0066	0.0048	0.0046	0.0002	0.0135	0.0072	0.0063	0.0000	0.0000	0.0000	0.0000	0.0000	0.0000	0.0000	0.0000	0.0000	0.0000	0.0000	0.0000	0.0000	0.0000	0.0000	0.0000	0.0000	0.0000			
32	40	0.0223	2	0	0	0	0	0	0	0	0	N	N	N	N	N	N	N	N	N	N	N	N	0.0277	0.0259	0.0325	0.1655	0.2107	0.2298	0.0212	0.0301	0.0401	0.0621	0.0333	0.2620	0.1222	0.1241	0.0013	0.0535	0.0183	0.2661	2.2450	1.2844	8.0539	0.7386	0.5891	0.0055	2.5239	0.6095	6.6426	1.1367	12.7726	0.0016	0.1913	1.8775	9.0374	3.1058	18.5287	0.0096	0.0045	0.0051	0.0024	0.0024	0.0000	0.0072	0.0021	0.0051	0.5655	0.0411	0.5244	0.0379	0.0379	0.0000	0.5276	0.0032	0.5244	0.1542	0.1348	0.0195	0.0194	0.0191	0.0003	0.1349	0.1157	0.0192	0.3625	0.2091	0.1534	0.1038	0.1030	0.0009	0.2587	0.1061	0.1526	0.0398	0.1695	0.0766	0.3349	0.3374	0.2298	0.0262	0.6111	0.0774	1.5599	0.1964	3.4179	0.3649	0.3679	0.0055	2.0395	0.0300	3.4370
32	42	0.0829	7	0	0	0	0	0	0	0	0	N	N	N	N	N	N	N	N	N	N	N	N	0.0000	0.0000	0.0000	0.0000	0.0000	0.0000	0.0000	0.0000	0.0000	0.0000	0.0000	0.0000	0.0000	0.0000	0.0000	0.0000	0.0000	0.0000	0.0006	0.0006	0.0005	0.0015	0.0014	0.0024	0.0003	0.0003	0.0003	0.4280	0.0000	-0.0000	1.8775	17.0025	3.1058	6.0864	0.0000	0.0000	0.0000	0.0000	0.0000	0.0000	0.0000	0.0000	0.0000	0.0001	0.0001	0.0000	0.0001	0.0001	0.0000	0.0000	0.0000	0.0000	0.2834	0.2486	0.0348	0.0562	0.0541	0.0021	0.2272	0.1945	0.0328	0.1819	0.1134	0.0685	0.0425	0.0384	0.0040	0.1395	0.0749	0.0645	0.0000	0.0000	0.0000	0.0000	0.0000	0.0000	0.0000	0.0000	0.0000	0.0006	0.0006	0.0005	0.0015	0.0014	0.0024	0.0003	0.0003	0.0003	
32	44	0.0829	7	0	1	0	0	0	0	0	0	N	N	N	N	N	N	N	N	N	N	N	N	0.0001	0.0001	0.0000	0.0000	0.0000	0.0000	0.0001	0.0003	0.0000	0.0002	0.0003	0.0000	0.0000	0.0000	0.0000	0.0003	0.0004	0.0000	3.2667	3.4800	7.8033	24.4828	21.7653	0.1640	2.1133	1.3813	6.6912	0.0000	0.9483	-0.0000	-0.0399	1.8775	6.9958	3.1058	11.8523	0.0000	0.0000	0.0000	0.0000	0.0000	0.0000	0.0000	0.0000	0.0000	0.3896	0.2000	0.1896	0.1958	0.1953	0.0006	0.1938	0.0047	0.1891	0.1261	0.1104	0.0157	0.0258	0.0249	0.0009	0.1002	0.0855	0.0148	0.1534	0.0960	0.0574	0.0363	0.0329	0.0034	0.1171	0.0631	0.0540	0.0001	0.0001	0.0000	0.0000	0.0000	0.0000	0.0002	0.0047	0.0000	2.5403	2.0827	3.3063	5.3928	5.9286	0.1640	1.6555	0.0747	3.5028
32	45	0.1213	8	0	1	0	0	0	0	0	0	N	N	N	N	N	N	N	N	N	N	N	N	5.2811	1.3600	0.0061	18.7691	17.8453	0.0447	0.2395	0.0065	0.0000	0.4838	0.5508	0.0000	2.2865	2.3826	0.0001	0.0059	0.0069	0.0000	0.0916	0.4050	0.0009	0.1218	0.1335	0.0018	0.0245	1.0569	0.0009	0.0000	0.0075	-0.0576	-0.0073	1.8775	20.1318	3.1058	17.5118	0.1585	0.1585	0.0000	0.1569	0.1569	0.0000	0.0015	0.0015	0.0000	0.0125	0.0124	0.0001	0.0076	0.0076	0.0000	0.0049	0.0048	0.0001	0.3276	0.2877	0.0399	0.0686	0.0659	0.0028	0.2589	0.2218	0.0371	0.2621	0.1611	0.1009	0.0622	0.0567	0.0055	0.1998	0.1044	0.0954	10.1549	7.1623	0.0061	18.7691	17.8453	0.0447	0.2395	0.1486	0.0000	0.0476	0.0769	0.0009	0.1218	0.1335	0.0018	0.0245	0.0462	0.0009
32	46	0.0771	4	0	1	0	0	0	0	0	0	N	N	N	N	N	N	N	N	N	N	N	N	0.0000	0.0000	0.0000	0.0000	0.0000	0.0000	0.0000	0.0000	0.0000	0.0000	0.0000	0.0000	0.0000	0.0000	0.0000	0.0000	0.0000	0.0000	4.3024	0.0004	24.2501	0.0010	0.0009	0.0021	5.4034	0.0001	24.8112	12527.9199	0.0000	0.4023	1.8775	15.0410	3.1058	10.9147	0.0000	0.0000	0.0000	0.0000	0.0000	0.0000	0.0000	0.0000	0.0000	0.9792	0.0001	0.9791	0.0001	0.0001	0.0000	0.9791	0.0000	0.9791	0.2704	0.2374	0.0331	0.0651	0.0623	0.0028	0.2053	0.1750	0.0303	0.2646	0.1755	0.0891	0.0834	0.0776	0.0058	0.1812	0.0979	0.0833	0.0000	0.0000	0.0000	0.0000	0.0000	0.0000	0.0000	0.0000	0.0000	3.7003	0.0004	10.9914	0.0010	0.0009	0.0021	5.4034	0.0001	11.7536	
32	47	0.1464	11	1	0	1	0	0	0	0	0	N	N	N	N	N	N	N	N	N	N	N	N	0.0084	0.0000	0.0881	0.0000	0.0000	0.0000	0.0192	0.0000	0.0858	0.0009	0.0000	0.0075	0.0000	0.0000	0.0000	0.0012	0.0000	0.0081	0.1079	0.0555	0.0851	0.0760	0.0868	0.0001	0.0606	0.0000	0.0943	inf	1.4230	0.0001	-0.0000	1.8775	12.7633	3.1058	6.3722	0.0002	0.0000	0.0002	0.0000	0.0000	0.0000	0.0002	0.0000	0.0002	0.0078	0.0032	0.0046	0.0032	0.0032	0.0000	0.0046	0.0000	0.0046	0.2157	0.1895	0.0262	0.0470	0.0451	0.0019	0.1687	0.1444	0.0243	0.1448	0.0912	0.0536	0.0422	0.0370	0.0052	0.1026	0.0542	0.0484	0.0170	0.0000	0.0881	0.0000	0.0000	0.0000	0.0262	0.0000	0.0858	0.0537	0.0352	0.0851	0.0760	0.0868	0.0001	0.0445	0.0000	0.0943
32	48	0.1412	10	0	0	0	0	0	0	0	0	N	N	N	N	N	N	N	N	N	N	N	N	1.0245	0.0015	6.4699	0.0000	0.0000	0.0000	1.5815	0.0422	6.2576	0.0014	0.0000	0.0157	0.0000	0.0000	0.0000	0.0020	0.0000	0.0168	0.0014	0.0007	0.0024	0.0015	0.0018	0.0001	0.0013	0.0000	0.0027	1367.7572	1.9449	0.0000	0.0000	1.8775	0.3513	3.1058	1.9759	0.0000	0.0000	0.0000	0.0000	0.0000	0.0000	0.0000	0.0000	0.0000	0.0000	0.0000	0.0000	0.0000	0.0000	0.0000	0.0000	0.0000	0.0000	0.0098	0.0089	0.0009	0.0031	0.0030	0.0001	0.0067	0.0059	0.0008	0.0192	0.0121	0.0072	0.0056	0.0049	0.0007	0.0136	0.0071	0.0065	1.0245	0.0015	6.4699	0.0000	0.0000	0.0000	1.5815	0.0422	6.2576	0.0014	0.0007	0.0024	0.0015	0.0018	0.0001	0.0013	0.0000	0.0027
32	49	0.1410	9	0	0	0	0	0	0	0	0	N	N	N	N	N	N	N	N	N	N	N	N	0.0000	0.0000	0.0000	0.0000	0.0000	0.0000	0.0000	0.0000	0.0000	0.0000	0.0000	0.0000	0.0000	0.0000	0.0000	0.0000	0.0000	0.0000	0.0029	0.0024	0.0039	0.0051	0.0057	0.0012	0.0020	0.0001	0.0042	0.9675	0.0000	-0.0000	1.8775	0.1669	3.1058	0.0350	0.0000	0.0000	0.0000	0.0000	0.0000	0.0000	0.0000	0.0000	0.0000	0.0000	0.0000	0.0000	0.0000	0.0000	0.0000	0.0000	0.0000	0.0000	0.0030	0.0026	0.0004	0.0006	0.0006	0.0000	0.0023	0.0020	0.0003	0.0017	0.0011	0.0006	0.0005	0.0004	0.0001	0.0012	0.0006	0.0006	0.0000	0.0000	0.0000	0.0000	0.0000	0.0000	0.0000	0.0000	0.0000	0.0029	0.0024	0.0039	0.0051	0.0057	0.0012	0.0020	0.0001	0.0042	
32	50	0.1410	8	0	0	0	0	0	0	0	0	N	N	N	N	N	N	N	N	N	N	N	N	0.0000	0.0000	0.0000	0.0000	0.0000	0.0000	0.0000	0.0000	0.0000	0.0000	0.0000	0.0000	0.0000	0.0000	0.0000	0.0000	0.0000	0.0000	0.4844	0.3982	0.1144	0.1230	0.1280	0.0538	0.2182	0.0071	0.1187	0.9619	0.0000	-0.0000	1.8775	0.0010	3.1058	0.0028	0.0000	0.0000	0.0000	0.0000	0.0000	0.0000	0.0000	0.0000	0.0000	0.0000	0.0000	0.0000	0.0000	0.0000	0.0000	0.0000	0.0000	0.0000	0.0000	0.0000	0.0000	0.0000	0.0000	0.0000	0.0000	0.0000	0.0000	0.0001	0.0000	0.0000	0.0000	0.0000	0.0000	0.0000	0.0000	0.0000	0.0000	0.0000	0.0000	0.0000	0.0000	0.0000	0.0000	0.0000	0.0000	0.0913	0.0764	0.1144	0.1230	0.1280	0.0538	0.0716	0.0035	0.1187	
32	51	0.0635	6	0	1	0	1	0	0	0	0	N	N	N	N	N	N	N	N	N	N	N	N	0.0106	0.0153	0.0000	0.0209	0.0221	0.0000	0.0001	0.0484	0.0000	0.0002	0.0003	0.0000	0.0011	0.0011	0.0000	0.0000	0.0000	0.0000	0.0212	0.0169	0.0287	0.0531	0.0519	0.0777	0.0125	0.0000	0.0274	0.0000	0.9930	-0.0000	-0.0004	1.8775	7.3891	3.1058	13.2142	0.0000	0.0000	0.0000	0.0000	0.0000	0.0000	0.0000	0.0000	0.0000	0.0039	0.0019	0.0019	0.0021	0.0019	0.0001	0.0018	0.0000	0.0018	0.1332	0.1166	0.0166	0.0270	0.0261	0.0009	0.1062	0.0905	0.0157	0.1815	0.1146	0.0669	0.0391	0.0373	0.0018	0.1425	0.0774	0.0651	0.0106	0.0153	0.0000	0.0209	0.0221	0.0000	0.0001	0.0484	0.0000	0.0212	0.0169	0.0287	0.0531	0.0519	0.0777	0.0125	0.0000	0.0274
32	52	0.0574	5	0	1	0	0	0	0	0	0	N	N	N	N	N	N	N	N	N	N	N	N	1.1347	0.3610	0.0186	2.8954	2.9180	0.0000	0.0454	0.0013	0.0219	0.0586	0.0665	0.0000	0.2773	0.2878	0.0000	0.0013	0.0015	0.0000	0.0516	0.1842	0.0017	0.0958	0.0986	0.0115	0.0276	1.0832	0.0016	0.0001	0.0165	-0.0047	-0.0045	1.8775	12.1779	3.1058	13.0455	0.0129	0.0129	0.0000	0.0127	0.0127	0.0000	0.0002	0.0002	0.0000	0.0079	0.0078	0.0001	0.0034	0.0033	0.0000	0.0045	0.0044	0.0001	0.2199	0.1936	0.0263	0.0456	0.0440	0.0017	0.1742	0.1496	0.0246	0.1998	0.1249	0.0749	0.0350	0.0339	0.0012	0.1648	0.0911	0.0737	1.4805	1.0689	0.0186	2.8954	2.9180	0.0000	0.0454	0.0299	0.0219	0.0396	0.0622	0.0017	0.0958	0.0986	0.0115	0.0276	0.0487	0.0016
32	53	0.1484	9	0	1	0	0	0	0	0	0	N	N	N	N	N	N	N	N	N	N	N	N	0.0000	0.0000	0.0000	0.0000	0.0000	0.0000	0.0000	0.0000	0.0000	0.0000	0.0000	0.0000	0.0000	0.0000	0.0000	0.0000	0.0000	0.0000	0.0220	0.0367	0.0101	0.0009	0.0009	0.0009	0.0325	1.0705	0.0111	0.2063	0.0000	-0.0004	1.8775	3.0001	3.1058	3.0003	0.0000	0.0000	0.0000	0.0000	0.0000	0.0000	0.0000	0.0000	0.0000	0.0011	0.0009	0.0002	0.0000	0.0000	0.0000	0.0011	0.0009	0.0002	0.0523	0.0458	0.0066	0.0110	0.0106	0.0005	0.0413	0.0352	0.0061	0.0483	0.0302	0.0180	0.0140	0.0122	0.0018	0.0342	0.0180	0.0162	0.0000	0.0000	0.0000	0.0000	0.0000	0.0000	0.0000	0.0000	0.0000	0.0220	0.0292	0.0101	0.0009	0.0009	0.0009	0.0307	0.0483	0.0111	
32	54	0.1410	8	0	0	0	0	0	0	0	0	N	N	N	N	N	N	N	N	N	N	N	N	0.0000	0.0000	0.0000	0.0000	0.0000	0.0000	0.0000	0.0000	0.0000	0.0000	0.0000	0.0000	0.0000	0.0000	0.0000	0.0000	0.0000	0.0000	0.0002	0.0003	0.0001	0.0005	0.0005	0.0001	0.0001	0.0001	0.0001	0.2479	0.0000	-0.0000	1.8775	1.9998	3.1058	1.0017	0.0000	0.0000	0.0000	0.0000	0.0000	0.0000	0.0000	0.0000	0.0000	0.0000	0.0000	0.0000	0.0000	0.0000	0.0000	0.0000	0.0000	0.0000	0.0350	0.0306	0.0044	0.0073	0.0070	0.0003	0.0277	0.0236	0.0041	0.0245	0.0153	0.0092	0.0071	0.0062	0.0009	0.0174	0.0091	0.0083	0.0000	0.0000	0.0000	0.0000	0.0000	0.0000	0.0000	0.0000	0.0000	0.0002	0.0003	0.0001	0.0005	0.0005	0.0001	0.0001	0.0001	0.0001	
32	55	0.0829	7	0	0	0	0	0	0	0	0	N	N	N	N	N	N	N	N	N	N	N	N	0.0019	0.0020	0.0000	0.0000	0.0000	0.0000	0.0085	0.1037	0.0000	0.0002	0.0002	0.0000	0.0000	0.0000	0.0000	0.0003	0.0003	0.0000	0.1097	0.1232	0.0585	0.1334	0.1470	0.0000	0.0309	0.0030	0.0622	0.0000	0.6735	-0.0000	-0.0015	1.8775	8.0033	3.1058	9.9473	0.0000	0.0000	0.0000	0.0000	0.0000	0.0000	0.0000	0.0000	0.0000	0.0080	0.0048	0.0032	0.0047	0.0047	0.0000	0.0033	0.0001	0.0032	0.1427	0.1249	0.0177	0.0290	0.0280	0.0010	0.1137	0.0969	0.0167	0.1472	0.0923	0.0549	0.0350	0.0317	0.0032	0.1122	0.0605	0.0517	0.0039	0.0046	0.0000	0.0000	0.0000	0.0000	0.0089	0.1721	0.0000	0.0543	0.0518	0.0585	0.1334	0.1470	0.0000	0.0296	0.0018	0.0622
32	56	0.0986	5	0	1	0	0	0	0	0	0	N	N	N	N	N	N	N	N	N	N	N	N	0.8576	0.9672	0.1395	1.8163	1.8244	0.1859	0.1264	1.3526	0.1376	0.0073	0.0082	0.0012	0.0323	0.0334	0.0024	0.0005	0.0004	0.0011	0.0085	0.0085	0.0087	0.0178	0.0183	0.0127	0.0038	0.0003	0.0083	0.0208	0.4927	-0.0002	-0.0003	1.8775	5.0156	3.1058	9.5596	0.0006	0.0006	0.0000	0.0006	0.0006	0.0000	0.0000	0.0000	0.0000	0.0012	0.0008	0.0004	0.0008	0.0008	0.0001	0.0004	0.0000	0.0003	0.0883	0.0774	0.0109	0.0190	0.0183	0.0007	0.0693	0.0591	0.0102	0.1411	0.0954	0.0457	0.0477	0.0433	0.0044	0.0934	0.0521	0.0413	0.8576	0.9672	0.1395	1.8163	1.8244	0.1859	0.1264	1.3526	0.1376	0.0085	0.0085	0.0087	0.0178	0.0183	0.0127	0.0038	0.0003	0.0083
32	57	0.0771	4	0	1	0	0	0	0	0	0	N	N	N	N	N	N	N	N	N	N	N	N	0.1069	0.0987	0.0646	0.2982	0.4660	0.0830	0.1300	14.8979	0.0787	0.1326	0.1494	0.0132	0.3469	0.3638	0.0119	0.0411	0.0462	0.0133	1.2400	1.5136	0.2037	1.1632	0.7807	0.1432	0.3161	0.0031	0.1692	0.0124	0.3410	-0.0054	-0.0113	1.8775	5.2776	3.1058	4.9316	0.0155	0.0153	0.0002	0.0121	0.0121	0.0000	0.0034	0.0032	0.0002	0.0337	0.0251	0.0086	0.0255	0.0250	0.0005	0.0082	0.0001	0.0081	0.1167	0.1023	0.0144	0.0349	0.0333	0.0017	0.0818	0.0691	0.0127	0.1619	0.1107	0.0512	0.0621	0.0586	0.0035	0.0997	0.0521	0.0476	0.6369	0.6581	0.0786	0.8439	0.8515	0.0830	0.5022	24.9303	0.0787	0.2082	0.2270	0.1674	0.4110	0.4272	0.1432	0.0818	0.0019	0.1692
32	58	0.0491	3	0	0	0	0	0	0	0	0	N	N	N	N	N	N	N	N	N	N	N	N	0.0101	0.0046	0.0599	0.0109	0.0133	0.9695	0.0083	0.0315	0.0808	0.0141	0.0091	0.0477	0.0343	0.0348	0.0247	0.0095	0.0026	0.0493	1.3987	2.0087	0.7963	3.1387	2.6060	0.0255	1.1428	0.0825	0.6108	0.7744	0.6236	0.0001	-0.0077	1.8775	6.4383	3.1058	5.2340	0.0016	0.0009	0.0007	0.0007	0.0007	0.0000	0.0009	0.0002	0.0007	0.0376	0.0231	0.0144	0.0225	0.0225	0.0000	0.0150	0.0006	0.0144	0.1153	0.1004	0.0149	0.0214	0.0204	0.0010	0.0939	0.0800	0.0139	0.1152	0.0738	0.0414	0.0252	0.0244	0.0008	0.0899	0.0493	0.0406	0.0433	0.0292	0.1370	0.0384	0.0377	0.9695	0.0571	0.2092	0.1390	0.3261	0.3136	0.3484	0.8934	0.9222	0.0255	0.1670	0.0124	0.3548
32	63	0.1623	10	1	1	0	1	0	0	0	0	N	N	N	N	N	N	N	N	N	N	N	N	0.6065	0.0000	inf	0.0000	0.0000	0.0000	0.0000	0.0000	0.0000	0.0000	0.0000	0.0000	0.0000	0.0000	0.0000	0.0000	0.0000	0.0000	0.0000	0.0000	0.0000	0.0000	0.0000	inf	-0.0000	0.0000	1.8775	2.0000	3.1058	2.0002	0.0000	0.0000	0.0000	0.0000	0.0000	0.0000	0.0000	0.0000	0.0000	0.0000	0.0000	0.0000	0.0000	0.0000	0.0000	0.0000	0.0000	0.0000	0.0346	0.0303	0.0043	0.0084	0.0080	0.0004	0.0262	0.0223	0.0039	0.0315	0.0193	0.0122	0.0064	0.0060	0.0004	0.0251	0.0133	0.0118	0.6065	0.0000	0.0000	inf	0.0000	0.0000	0.0000	0.0000	0.0000	0.0000	0.0000	0.0000	0.0000	0.0000	0.0000	0.0000	0.0000	0.0000					
32	64	0.1780	14	0	1	0	1	0	0	0	0	N	N	N	N	N	N	N	N	N	N	N	N	0.0000	0.0000	0.0000	0.0000	0.0000	0.0000	0.0000	0.0000	0.0000	0.0000	0.0000	0.0000	0.0000	0.0000	0.0000	0.0000	0.0000	0.0026	0.0000	0.0070	0.0000	0.0000	0.0003	0.0034	0.0000	0.0073	890.9612	0.0000	0.0001	1.8775	2.0059	3.1058	4.8036	0.0000	0.0000	0.0000	0.0000	0.0000	0.0000	0.0000	0.0000	0.0000	0.0001	0.0000	0.0001	0.0000	0.0000	0.0000	0.0001	0.0000	0.0001	0.0350	0.0307	0.0043	0.0089	0.0085	0.0004	0.0260	0.0222	0.0039	0.0531	0.0331	0.0200	0.0120	0.0112	0.0007	0.0411	0.0219	0.0192	0.0000	0.0000	0.0000	0.0000	0.0000	0.0000	0.0000	0.0000	0.0000	0.0026	0.0000	0.0070	0.0000	0.0000	0.0003	0.0034	0.0000	0.0073		
32	65	0.1752	12	0	1	0	0	0	0	0	0	N	N	N	N	N	N	N	N	N	N	N	N	0.5426	0.5545	0.0000	0.6006	0.7290	0.0000	0.0078	1.6973	0.0000	0.0016	0.0019	0.0000	0.0064	0.0067	0.0000	0.0000	0.0000	0.0000	0.0030	0.0034	0.0025	0.0107	0.0092	0.0344	0.0006	0.0000	0.0013	0.0000	0.4763	-0.0000	-0.0000	1.8775	0.9804	3.1058	0.2754	0.0000	0.0000	0.0000	0.0000	0.0000	0.0000	0.0000	0.0000	0.0000	0.0000	0.0000	0.0000	0.0000	0.0000	0.0000	0.0000	0.0000	0.0000	0.0179	0.0157	0.0021	0.0046	0.0044	0.0002	0.0133	0.0113	0.0020	0.0111	0.0068	0.0043	0.0026	0.0025	0.0002	0.0084	0.0043	0.0042	0.5426	0.5545	0.0000	0.6006	0.7290	0.0000	0.0078	1.6973	0.0000	0.0030	0.0034	0.0025	0.0107	0.0092	0.0344	0.0006	0.0000	0.0013
32	66	0.1730	13	0	0	1	1	0	0	0	0	N	N	N	N	N	N	N	N	N	N	N	N	0.2756	0.2895	0.0000	0.0000	0.0000	0.0000	20.9057	inf	0.0000	0.0000	0.0000	0.0000	0.0000	0.0000	0.0000	0.0000	0.0000	0.0000	0.0000	0.0000	0.0000	0.0000	0.0000	0.0001	0.0000	0.0000	0.0000	0.0000	0.4697	-0.0000	-0.0000	1.8775	0.9437	3.1058	4.8091	0.0000	0.0000	0.0000	0.0000	0.0000	0.0000	0.0000	0.0000	0.0000	0.0000	0.0000	0.0000	0.0000	0.0000	0.0000	0.0000	0.0000	0.0000	0.0217	0.0189	0.0027	0.0072	0.0068	0.0003	0.0145	0.0121	0.0024	0.0461	0.0288	0.0173	0.0104	0.0098	0.0006	0.0357	0.0190	0.0167	0.2756	0.2895	0.0000	0.0000	0.0000	0.0000	20.9057	inf	0.0000	0.0000	0.0000	0.0000	0.0000	0.0000	0.0001	0.0000	0.0000	0.0000
32	67	0.1660	12	0	0	1	1	0	0	0	0	N	N	N	N	N	N	N	N	N	N	N	N	0.1626	0.1311	0.0000	0.0000	0.0000	0.0000	0.2729	0.1864	0.0000	0.0002	0.0002	0.0000	0.0000	0.0000	0.0000	0.0002	0.0003	0.0000	0.0011	0.0016	0.0004	0.0021	0.0022	0.0001	0.0009	0.0016	0.0004	0.0000	0.1500	-0.0000	-0.0000	1.8775	4.0088	3.1058	5.0246	0.0000	0.0000	0.0000	0.0000	0.0000	0.0000	0.0000	0.0000	0.0000	0.0001	0.0001	0.0000	0.0000	0.0000	0.0000	0.0001	0.0000	0.0000	0.0688	0.0603	0.0085	0.0168	0.0160	0.0008	0.0519	0.0442	0.0077	0.0703	0.0432	0.0271	0.0145	0.0136	0.0009	0.0557	0.0296	0.0261	0.1626	0.1311	0.0000	0.0000	0.0000	0.0000	0.2729	0.2141	0.0000	0.0011	0.0016	0.0004	0.0021	0.0022	0.0001	0.0009	0.0014	0.0004
32	68	0.1780	14	0	0	1	1	0	0	0	0	N	N	N	N	N	N	N	N	N	N	N	N	0.0000	0.0000	0.0000	0.0000	0.0000	0.0000	0.0000	0.0000	0.0000	0.0000	0.0000	0.0000	0.0000	0.0000	0.0000	0.0000	0.0000	0.0000	0.0001	0.0001	0.0001	0.0004	0.0002	0.0033	0.0000	0.0000	0.0000	0.9252	0.0000	-0.0000	1.8775	1.0064	3.1058	4.2000	0.0000	0.0000	0.0000	0.0000	0.0000	0.0000	0.0000	0.0000	0.0000	0.0000	0.0000	0.0000	0.0000	0.0000	0.0000	0.0000	0.0000	0.0000	0.0177	0.0155	0.0022	0.0045	0.0043	0.0002	0.0132	0.0112	0.0020	0.0413	0.0258	0.0155	0.0094	0.0088	0.0006	0.0319	0.0170	0.0149	0.0000	0.0000	0.0000	0.0000	0.0000	0.0000	0.0000	0.0000	0.0000	0.0001	0.0001	0.0001	0.0004	0.0002	0.0033	0.0000	0.0000	0.0000	
32	69	0.1730	13	0	0	0	1	0	0	0	0	N	N	N	N	N	N	N	N	N	N	N	N	0.0039	0.0031	0.0000	0.0000	0.0000	0.0000	0.0088	0.0064	0.0000	0.0000	0.0000	0.0000	0.0000	0.0000	0.0000	0.0000	0.0000	0.0000	0.0003	0.0004	0.0001	0.0006	0.0006	0.0004	0.0002	0.0003	0.0000	0.0000	0.0808	-0.0000	-0.0000	1.8775	1.2889	3.1058	0.3511	0.0000	0.0000	0.0000	0.0000	0.0000	0.0000	0.0000	0.0000	0.0000	0.0000	0.0000	0.0000	0.0000	0.0000	0.0000	0.0000	0.0000	0.0000	0.0276	0.0242	0.0035	0.0086	0.0082	0.0004	0.0190	0.0159	0.0031	0.0147	0.0094	0.0053	0.0037	0.0035	0.0002	0.0110	0.0059	0.0051	0.0039	0.0031	0.0000	0.0000	0.0000	0.0000	0.0088	0.0064	0.0000	0.0003	0.0004	0.0001	0.0006	0.0006	0.0004	0.0002	0.0003	0.0000
32	70	0.1660	12	0	0	0	1	0	0	0	0	N	N	N	N	N	N	N	N	N	N	N	N	1.5411	1.1077	0.0000	0.0033	0.0034	0.0000	196.3026	207.8688	0.0000	0.0009	0.0011	0.0000	0.0000	0.0000	0.0000	0.0012	0.0015	0.0000	0.0006	0.0010	0.0000	0.0027	0.0029	0.0005	0.0000	0.0000	0.0000	0.0000	0.0141	-0.0000	-0.0000	1.8775	0.7777	3.1058	1.1718	0.0000	0.0000	0.0000	0.0000	0.0000	0.0000	0.0000	0.0000	0.0000	0.0000	0.0000	0.0000	0.0000	0.0000	0.0000	0.0000	0.0000	0.0000	0.0137	0.0120	0.0017	0.0034	0.0032	0.0002	0.0103	0.0087	0.0015	0.0165	0.0103	0.0063	0.0037	0.0035	0.0002	0.0129	0.0068	0.0061	1.5411	1.1077	0.0000	0.0033	0.0034	0.0000	196.3026	207.8688	0.0000	0.0006	0.0010	0.0000	0.0027	0.0029	0.0005	0.0000	0.0000	0.0000
32	71	0.1623	11	0	0	0	1	0	0	0	0	N	N	N	N	N	N	N	N	N	N	N	N	1233.7189	874.9858	0.0000	0.0009	0.0000	10053.0960	7057.3339	0.0000	0.0902	0.1029	0.0000	0.0000	0.0000	0.0000	0.1190	0.1399	0.0000	0.0001	0.0001	0.0000	0.0003	0.0003	0.0000	0.0000	0.0000	0.0000	0.0000	0.0152	-0.0006	-0.0000	1.8775	0.9929	3.1058	0.0325	0.0016	0.0016	0.0000	0.0000	0.0000	0.0000	0.0016	0.0016	0.0000	0.0000	0.0000	0.0000	0.0000	0.0000	0.0000	0.0000	0.0000	0.0000	0.0173	0.0151	0.0021	0.0042	0.0040	0.0002	0.0131	0.0111	0.0019	0.0082	0.0050	0.0032	0.0017	0.0016	0.0001	0.0065	0.0035	0.0031	1233.7189	874.9858	0.0000	0.0009	0.0000	0.0000	10053.0960	7057.3339	0.0000	0.0001	0.0001	0.0000	0.0003	0.0003	0.0000	0.0000	0.0000	0.0000	
32	72	0.2074	10	1	1	0	0	0	0	0	0	N	N	N	N	N	N	N	N	N	N	N	N	inf	inf	inf	inf	inf	inf	inf	inf	0.0524	0.0550	0.0252	0.1129	0.1142	0.0000	0.0087	0.0056	0.0267	0.0000	0.0000	0.0000	0.0000	0.0000	0.0000	0.0000	0.0000	0.0000	0.0453	-0.0000	0.0000	1.8775	0.0000	3.1058	0.0001	0.0000	0.0000	0.0000	0.0000	0.0000	0.0000	0.0000	0.0000	0.0000	0.0000	0.0000	0.0000	0.0000	0.0000	0.0000	0.0000	0.0000	0.0000	0.0000	0.0000	0.0000	0.0000	0.0000	0.0000	0.0000	0.0000	0.0000	0.0000	0.0000	0.0000	0.0000	0.0000	0.0000	0.0000	0.0000	0.0000	inf	inf	inf	inf	inf	0.0000	inf	inf	inf	0.0000	0.0000	0.0000	0.0000	0.0000	0.0000	0.0000	0.0000	0.0000		
32	73	0.1442	9	1	1	0	0	0	0	0	0	N	N	N	N	N	N	N	N	N	N	N	N	93.9739	67.2741	207.5273	81.5104	82.3199	0.0019	641.3196	1726.2323	1057.5357	0.0301	0.0328	0.0107	0.1172	0.1227	0.0000	0.0038	0.0024	0.0116	0.0003	0.0005	0.0001	0.0014	0.0015	0.0009	0.0000	0.0000	0.0000	0.0453	0.0655	-0.0016	-0.0000	1.8775	9.9619	3.1058	7.0378	0.0051	0.0048	0.0002	0.0046	0.0046	0.0000	0.0005	0.0003	0.0002	0.0000	0.0000	0.0000	0.0000	0.0000	0.0000	0.0000	0.0000	0.0000	0.1680	0.1474	0.0206	0.0390	0.0372	0.0017	0.1290	0.1102	0.0188	0.1282	0.0790	0.0492	0.0281	0.0258	0.0023	0.1001	0.0532	0.0468	93.9739	67.2741	207.5273	81.5104	82.3199	0.0019	641.3196	1726.2323	1057.5357	0.0003	0.0005	0.0001	0.0014	0.0015	0.0009	0.0000	0.0000	0.0000
32	74	0.1560	9	0	1	0	0	0	0	0	0	N	N	N	N	N	N	N	N	N	N	N	N	0.0058	0.0003	13.0934	0.0011	0.0013	0.0107	2.0386	0.0014	51.2319	0.0004	0.0001	0.0029	0.0002	0.0003	0.0000	0.0005	0.0000	0.0033	0.0728	0.3112	0.0002	0.2164	0.2027	0.0031	0.0002	0.0004	0.0001	5.0268	0.0020	0.0000	-0.0018	1.8775	7.0442	3.1058	2.0273	0.0001	0.0000	0.0000	0.0000	0.0000	0.0000	0.0000	0.0000	0.0000	0.0031	0.0031	0.0000	0.0031	0.0031	0.0000	0.0000	0.0000	0.0000	0.1397	0.1230	0.0166	0.0396	0.0378	0.0018	0.1001	0.0853	0.0148	0.0703	0.0430	0.0272	0.0172	0.0158	0.0014	0.0530	0.0272	0.0258	0.0096	0.0011	13.0934	0.0014	0.0013	0.0107	2.0386	0.0014	51.2319	0.0439	0.0715	0.0002	0.1780	0.1937	0.0031	0.0002	0.0004	0.0001
32	75	0.1321	8	0	1	0	0	0	0	0	0	N	N	N	N	N	N	N	N	N	N	N	N	1.7414	0.2498	40.4966	0.2060	0.2030	0.0173	14.5042	2.1912	59.4519	0.0039	0.0008	0.0268	0.0018	0.0019	0.0001	0.0046	0.0004	0.0289	0.0022	0.0032	0.0007	0.0089	0.0093	0.0042	0.0003	0.0002	0.0005	4.5000	0.1298	0.0002	-0.0001	1.8775	4.3369	3.1058	3.0972	0.0003	0.0001	0.0003	0.0000	0.0000	0.0000	0.0003	0.0000	0.0003	0.0001	0.0001	0.0000	0.0001	0.0001	0.0000	0.0000	0.0000	0.0000	0.0885	0.0781	0.0104	0.0230	0.0223	0.0007	0.0654	0.0558	0.0097	0.0596	0.0367	0.0229	0.0132	0.0121	0.0011	0.0464	0.0246	0.0218	1.7414	0.2498	40.4966	0.2060	0.2030	0.0173	14.5042	2.1912	59.4519	0.0022	0.0032	0.0007	0.0089	0.0093	0.0042	0.0003	0.0002	0.0005
32	76	0.2193	13	1	1	0	0	0	0	0	0	N	N	N	N	N	N	N	N	N	N	N	N	0.0000	0.0000	0.0000	0.0000	0.0000	0.0000	0.0000	0.0000	0.0000	0.0000	0.0000	0.0000	0.0000	0.0000	0.0000	0.0000	0.0000	0.0007	0.0007	0.0006	0.0033	0.0036	0.0009	0.0003	0.0000	0.0006	0.7190	0.0000	-0.0000	1.8775	1.9992	3.1058	0.0055	0.0000	0.0000	0.0000	0.0000	0.0000	0.0000	0.0000	0.0000	0.0000	0.0000	0.0000	0.0000	0.0000	0.0000	0.0000	0.0000	0.0000	0.0000	0.0384	0.0337	0.0046	0.0074	0.0069	0.0004	0.0310	0.0268	0.0042	0.0159	0.0091	0.0068	0.0019	0.0017	0.0002	0.0140	0.0074	0.0066	0.0000	0.0000	0.0000	0.0000	0.0000	0.0000	0.0000	0.0000	0.0000	0.0007	0.0007	0.0006	0.0033	0.0036	0.0009	0.0003	0.0000	0.0006		
32	77	0.1752	12	1	1	0	0	0	0	0	0	N	N	N	N	N	N	N	N	N	N	N	N	0.0000	0.0000	0.0004	0.0000	0.0000	2.4386	0.0000	0.1916	0.0000	0.0000	0.0000	0.0001	0.0000	0.0000	0.0007	0.0000	0.0000	0.0000	0.8894	0.9136	0.1483	0.9506	0.7275	0.0003	0.2342	0.0000	0.1539	7.8071	0.6968	0.0000	-0.0014	1.8775	5.0219	3.1058	2.0148	0.0000	0.0000	0.0000	0.0000	0.0000	0.0000	0.0000	0.0000	0.0000	0.0078	0.0046	0.0032	0.0046	0.0046	0.0000	0.0032	0.0000	0.0032	0.0863	0.0758	0.0105	0.0213	0.0204	0.0009	0.0650	0.0554	0.0096	0.0555	0.0340	0.0215	0.0119	0.0111	0.0008	0.0437	0.0229	0.0207	0.0001	0.0000	0.0004	0.0001	0.0000	2.4386	0.0000	0.1916	0.0000	0.1398	0.1345	0.1483	0.3856	0.4129	0.0003	0.0730	0.0000	0.1539
32	78	0.1623	11	0	1	0	0	0	0	0	0	N	N	N	N	N	N	N	N	N	N	N	N	5.9430	8.6429	0.0000	2.6166	2.5661	0.0000	7.6780	20.6662	0.0000	0.0068	0.0078	0.0000	0.0048	0.0050	0.0000	0.0074	0.0087	0.0000	0.0011	0.0009	0.0015	0.0018	0.0020	0.0000	0.0010	0.0004	0.0016	0.0000	1.0813	-0.0000	-0.0000	1.8775	1.0203	3.1058	2.7327	0.0001	0.0001	0.0000	0.0000	0.0000	0.0000	0.0001	0.0001	0.0000	0.0000	0.0000	0.0000	0.0000	0.0000	0.0000	0.0000	0.0000	0.0000	0.0177	0.0155	0.0022	0.0043	0.0041	0.0002	0.0134	0.0114	0.0020	0.0296	0.0181	0.0115	0.0060	0.0056	0.0004	0.0236	0.0125	0.0111	5.9430	8.6429	0.0000	2.6166	2.5661	0.0000	7.6780	20.6662	0.0000	0.0011	0.0009	0.0015	0.0018	0.0020	0.0000	0.0010	0.0004	0.0016
32	79	0.1623	10	0	0	0	0	0	0	0	0	N	N	N	N	N	N	N	N	N	N	N	N	26.4237	31.8579	0.0000	14.8045	23.3042	0.0000	0.0000	0.0027	0.0029	0.0000	0.0023	0.0041	0.0000	0.0000	0.0000	0.0000	0.0001	0.0001	0.0001	0.0002	0.0002	0.0000	0.0001	0.0000	0.0001	0.0909	0.6363	-0.0000	-0.0000	1.8775	0.0000	3.1058	0.0018	0.0000	0.0000	0.0000	0.0000	0.0000	0.0000	0.0000	0.0000	0.0000	0.0000	0.0000	0.0000	0.0000	0.0000	0.0000	0.0000	0.0000	0.0000	0.0000	0.0000	0.0000	0.0000	0.0000	0.0000	0.0000	0.0000	0.0000	0.0000	0.0000	0.0000	0.0000	0.0000	0.0000	0.0000	0.0000	0.0000	26.4237	31.8579	0.0000	14.8045	23.3042	0.0000	0.0000	0.0000	0.0000	0.0001	0.0001	0.0001	0.0002	0.0002	0.0000	0.0001	0.0000	0.0001		
32	80	0.1442	9	0	0	0	0	0	0	0	0	N	N	N	N	N	N	N	N	N	N	N	N	0.0742	0.0189	0.5360	0.0181	0.0240	0.0051	2.3492	inf	7.4816	0.0001	0.0000	0.0005	0.0001	0.0001	0.0001	0.0001	0.0000	0.0005	0.0010	0.0011	0.0009	0.0046	0.0035	0.0175	0.0000	0.0000	0.0001	3.1074	0.4880	0.0000	-0.0000	1.8775	3.0825	3.1058	2.0124	0.0000	0.0000	0.0000	0.0000	0.0000	0.0000	0.0000	0.0000	0.0000	0.0000	0.0000	0.0000	0.0000	0.0000	0.0000	0.0000	0.0000	0.0000	0.0552	0.0484	0.0068	0.0131	0.0125	0.0006	0.0421	0.0359	0.0062	0.0412	0.0254	0.0158	0.0091	0.0084	0.0008	0.0320	0.0170	0.0150	0.0742	0.0189	0.5360	0.0181	0.0240	0.0051	2.3492	inf	7.4816	0.0010	0.0011	0.0009	0.0046	0.0035	0.0175	0.0000	0.0000	0.0001
32	81	0.1321	8	0	0	0	0	0	0	0	0	N	N	N	N	N	N	N	N	N	N	N	N	0.8450	0.9818	0.8987	0.8972	1.2721	0.0004	0.4365	0.0187	1.6645	0.0009	0.0008	0.0012	0.0028	0.0029	0.0000	0.0002	0.0000	0.0013	0.0010	0.0009	0.0014	0.0031	0.0023	0.0128	0.0004	0.0001	0.0008	0.1910	0.9787	-0.0000	-0.0000	1.8775	3.6751	3.1058	0.0788	0.0001	0.0001	0.0000	0.0001	0.0001	0.0000	0.0000	0.0000	0.0000	0.0000	0.0000	0.0000	0.0000	0.0000	0.0000	0.0000	0.0000	0.0000	0.0774	0.0684	0.0090	0.0207	0.0200	0.0006	0.0568	0.0484	0.0084	0.0311	0.0192	0.0119	0.0070	0.0065	0.0006	0.0241	0.0128	0.0113	0.8450	0.9818	0.8987	0.8972	1.2721	0.0004	0.4365	0.0187	1.6645	0.0010	0.0009	0.0014	0.0031	0.0023	0.0128	0.0004	0.0001	0.0008
32	82	0.0829	7	0	0	0	0	0	0	0	0	N	N	N	N	N	N	N	N	N	N	N	N	104.4738	109.2194	0.8235	163.5952	178.6022	0.0000	0.3528	0.0194	1.2330	0.0827	0.0943	0.0005	0.4075	0.4227	0.0000	0.0001	0.0000	0.0006	0.0008	0.0009	0.0007	0.0025	0.0024	0.0038	0.0002	0.0001	0.0005	0.0008	0.4502	-0.0045	-0.0000	1.8775	8.5011	3.1058	5.2406	0.0125	0.0125	0.0000	0.0125	0.0125	0.0000	0.0000	0.0000	0.0000	0.0001	0.0001	0.0000	0.0001	0.0001	0.0000	0.0000	0.0000	0.0000	0.1508	0.1320	0.0187	0.0306	0.0295	0.0011	0.1202	0.1026	0.0176	0.1174	0.0742	0.0432	0.0285	0.0260	0.0025	0.0888	0.0482	0.0407	104.4738	109.2194	0.8235	163.5952	178.6022	0.0000	0.3528	0.0194	1.2330	0.0008	0.0009	0.0007	0.0025	0.0024	0.0038	0.0002	0.0001	0.0005
33	34	0.0955	3	0	1	0	0	0	0	0	0	N	N	N	N	N	N	N	N	N	N	N	N	0.0000	0.0000	0.0000	0.0000	0.0000	0.0000	0.0000	0.0000	0.0000	0.0000	0.0000	0.0000	0.0000	0.0000	0.0000	0.0000	0.0000	0.0126	0.0012	0.0284	0.0000	0.0000	0.0000	0.0161	0.0031	0.0294	16.9999	0.0000	0.0001	5.3867	0.0019	0.9197	3.0025	0.0000	0.0000	0.0000	0.0000	0.0000	0.0000	0.0000	0.0000	0.0000	0.0004	0.0000	0.0003	0.0000	0.0000	0.0000	0.0004	0.0000	0.0003	0.0003	0.0002	0.0000	0.0001	0.0001	0.0000	0.0002	0.0001	0.0000	0.0286	0.0167	0.0120	0.0063	0.0059	0.0004	0.0224	0.0108	0.0115	0.0000	0.0000	0.0000	0.0000	0.0000	0.0000	0.0000	0.0000	0.0000	0.0126	0.0012	0.0284	0.0000	0.0000	0.0000	0.0161	0.0018	0.0294		
33	35	0.1974	9	1	1	0	0	0	0	0	0	N	N	N	N	N	N	N	N	N	N	N	N	0.0000	0.0000	0.0000	0.0000	0.0000	0.0000	0.0000	0.0000	0.0000	0.0000	0.0000	0.0000	0.0000	0.0004	0.0006	0.0000	0.0000	0.0000	0.0000	0.0005	0.0009	0.0000	0.0000	0.0000	-0.0000	5.3867	1.0000	0.9197	1.9999	0.0000	0.0000	0.0000	0.0000	0.0000	0.0000	0.0000	0.0000	0.0000	0.0000	0.0000	0.0000	0.0000	0.0000	0.0000	0.0000	0.0000	0.0000	0.0382	0.0335	0.0048	0.0074	0.0069	0.0005	0.0308	0.0266	0.0043	0.0263	0.0159	0.0104	0.0058	0.0052	0.0007	0.0205	0.0107	0.0098	0.0000	0.0000	0.0000	0.0000	0.0000	0.0000	0.0000	0.0000	0.0000	0.0004	0.0006	0.0000	0.0000	0.0000	0.0000	0.0005	0.0009	0.0000						
33	36	0.1621	9	0	1	1	0	0	0	0	0	N	N	N	N	N	N	N	N	N	N	N	N	0.0000	0.0000	0.0000	0.0000	0.0000	0.0000	0.0000	0.0000	0.0000	0.0000	0.0000	0.0000	0.0000	0.0000	0.0000	0.0000	0.0000	0.0000	2.3403	3.6801	0.0119	12.7029	14.0288	0.0279	0.0462	1.2224	0.0001	0.0000	0.0021	-0.0000	-0.1394	5.3867	3.0341	0.9197	5.2124	0.0000	0.0000	0.0000	0.0000	0.0000	0.0000	0.0000	0.0000	0.0000	0.2375	0.2370	0.0005	0.2351	0.2346	0.0005	0.0024	0.0024	0.0000	0.1269	0.1111	0.0158	0.0205	0.0192	0.0013	0.1064	0.0919	0.0144	0.1421	0.1008	0.0413	0.0783	0.0608	0.0175	0.0638	0.0399	0.0239	0.0000	0.0000	0.0000	0.0000	0.0000	0.0000	0.0000	0.0000	0.0000	1.6714	2.3524	0.0119	3.0015	3.8566	0.0279	0.0383	0.0612	0.0001
33	37	0.1384	8	0	1	0	0	0	0	0	0	N	N	N	N	N	N	N	N	N	N	N	N	0.0000	0.0000	0.0000	0.0000	0.0000	0.0000	0.0002	0.0001	0.0000	0.0001	0.0001	0.0000	0.0000	0.0000	0.0000	0.0001	0.0001	0.0000	2.0851	3.4249	0.0039	18.0669	19.0269	0.0025	0.5737	1.8431	0.0041	0.0000	0.0011	-0.0000	-0.0565	5.3867	3.0544	0.9197	4.8962	0.0000	0.0000	0.0000	0.0000	0.0000	0.0000	0.0000	0.0000	0.0000	0.0961	0.0960	0.0001	0.0906	0.0906	0.0000	0.0055	0.0054	0.0001	0.1198	0.1044	0.0155	0.0135	0.0126	0.0009	0.1063	0.0918	0.0145	0.0745	0.0462	0.0283	0.0206	0.0174	0.0032	0.0539	0.0288	0.0251	0.0001	0.0000	0.0000	0.0000	0.0000	0.0000	0.0009	0.0006	0.0000	1.2902	2.0779	0.0039	4.3951	5.2011	0.0025	0.1021	0.1876	0.0041
33	38	0.0955	3	0	0	1	0	0	0	0	0	N	N	N	N	N	N	N	N	N	N	N	N	0.0000	0.0000	0.0000	0.0000	0.0000	0.0000	0.0000	0.0000	0.0000	0.0000	0.0000	0.0000	0.0000	0.0000	0.0000	0.0000	0.0000	0.0000	0.0000	0.0000	0.0000	0.0000	0.0000	0.0000	-0.0000	5.3867	0.9992	0.9197	1.0069	0.0000	0.0000	0.0000	0.0000	0.0000	0.0000	0.0000	0.0000	0.0000	0.0000	0.0000	0.0000	0.0000	0.0000	0.0000	0.0000	0.0000	0.0000	0.0347	0.0301	0.0047	0.0016	0.0015	0.0001	0.0332	0.0286	0.0046	0.0193	0.0113	0.0081	0.0043	0.0040	0.0003	0.0151	0.0073	0.0078	0.0000	0.0000	0.0000	0.0000	0.0000	0.0000	0.0000	0.0000	0.0000	0.0000	0.0000	0.0000	0.0000	0.0000	0.0000	0.0000	0.0000	0.0000						
33	39	0.0902	2	0	0	0	0	0	0	0	0	N	N	N	N	N	N	N	N	N	N	N	N	0.0000	0.0000	0.0000	0.0000	0.0000	0.0000	0.0000	0.0000	0.0000	0.0000	0.0000	0.0000	0.0000	0.0000	0.0000	0.0000	0.0000	0.0000	0.0000	0.0000	0.0000	0.0000	0.0000	0.0000	11.3627	0.0000	0.0000	5.3867	1.0008	0.9197	0.9987	0.0000	0.0000	0.0000	0.0000	0.0000	0.0000	0.0000	0.0000	0.0000	0.0000	0.0000	0.0000	0.0000	0.0000	0.0000	0.0000	0.0000	0.0000	0.0351	0.0304	0.0047	0.0012	0.0012	0.0000	0.0339	0.0292	0.0047	0.0192	0.0111	0.0081	0.0039	0.0037	0.0003	0.0153	0.0075	0.0078	0.0000	0.0000	0.0000	0.0000	0.0000	0.0000	0.0000	0.0000	0.0000	0.0000	0.0000	0.0000	0.0000	0.0000	0.0000	0.0000	0.0000	0.0000				
33	42	0.0729	6	0	0	0	0	0	0	0	0	N	N	N	N	N	N	N	N	N	N	N	N	0.0000	0.0000	0.0000	0.0000	0.0000	0.0000	0.0000	0.0000	0.0000	0.0000	0.0000	0.0000	0.0000	0.0000	0.0000	0.0000	0.0000	0.0000	0.0005	0.0004	0.0006	0.0017	0.0010	0.0063	0.0001	0.0001	0.0002	0.9691	0.0000	-0.0000	5.3867	17.0025	0.9197	6.0864	0.0000	0.0000	0.0000	0.0000	0.0000	0.0000	0.0000	0.0000	0.0000	0.0001	0.0000	0.0000	0.0001	0.0000	0.0000	0.0000	0.0000	0.0000	0.6394	0.5588	0.0806	0.0633	0.0599	0.0035	0.5761	0.4990	0.0771	0.2125	0.1304	0.0821	0.0454	0.0397	0.0057	0.1672	0.0907	0.0764	0.0000	0.0000	0.0000	0.0000	0.0000	0.0000	0.0000	0.0000	0.0000	0.0005	0.0004	0.0006	0.0017	0.0010	0.0063	0.0001	0.0001	0.0002	
33	44	0.0729	6	0	1	0	0	0	0	0	0	N	N	N	N	N	N	N	N	N	N	N	N	0.0000	0.0000	0.0000	0.0000	0.0000	0.0000	0.0000	0.0000	0.0000	0.0000	0.0000	0.0000	0.0000	0.0000	0.0000	0.0000	0.0000	0.0000	2.1120	3.3574	0.8210	25.0632	27.3725	0.0000	1.2002	0.0166	0.8028	0.1132	0.0000	-0.1234	5.3867	6.9958	0.9197	11.8523	0.0000	0.0000	0.0000	0.0000	0.0000	0.0000	0.0000	0.0000	0.0000	0.2531	0.2274	0.0257	0.2270	0.2270	0.0000	0.0262	0.0004	0.0257	0.2870	0.2505	0.0365	0.0320	0.0304	0.0015	0.2550	0.2200	0.0350	0.1798	0.1111	0.0687	0.0392	0.0344	0.0048	0.1406	0.0766	0.0639	0.0000	0.0000	0.0000	0.0000	0.0000	0.0000	0.0000	0.0000	0.0000	1.4081	2.0473	0.3747	5.7897	6.5887	0.0000	0.1861	0.0055	0.4026	
33	45	0.1113	7	0	1	0	0	0	0	0	0	N	N	N	N	N	N	N	N	N	N	N	N	0.0031	0.0022	0.0103	0.0027	0.0031	19.0751	0.0670	0.0029	0.0000	0.0046	0.0053	0.0002	0.0186	0.0196	0.0030	0.0029	0.0033	0.0000	1.4875	2.4229	0.0163	6.7807	6.4092	0.0002	0.0431	1.1445	0.0174	0.0045	0.0168	-0.0012	-0.0681	5.3867	20.1318	0.9197	17.5118	0.0034	0.0034	0.0000	0.0015	0.0015	0.0000	0.0019	0.0019	0.0000	0.1190	0.1170	0.0020	0.1102	0.1102	0.0000	0.0087	0.0068	0.0020	0.7368	0.6449	0.0920	0.0824	0.0773	0.0051	0.6544	0.5675	0.0869	0.3031	0.1822	0.1209	0.0651	0.0572	0.0078	0.2380	0.1250	0.1130	0.0118	0.0082	0.0103	0.0110	0.0102	19.0751	0.0787	0.0615	0.0000	0.3925	0.6421	0.0163	1.6946	1.9263	0.0002	0.0367	0.0541	0.0174
33	46	0.0671	3	0	1	0	0	0	0	0	0	N	N	N	N	N	N	N	N	N	N	N	N	0.0000	0.0000	0.0000	0.0000	0.0000	0.0000	0.0000	0.0000	0.0000	0.0000	0.0000	0.0000	0.0000	0.0000	0.0000	0.0000	0.2015	0.0002	0.2476	0.0004	0.0004	0.0000	0.5299	0.0000	0.1993	689.0580	0.0000	0.0083	5.3867	15.0410	0.9197	10.9147	0.0000	0.0000	0.0000	0.0000	0.0000	0.0000	0.0000	0.0000	0.0000	0.0204	0.0000	0.0203	0.0000	0.0000	0.0000	0.0203	0.0000	0.0203	0.6180	0.5403	0.0777	0.0959	0.0905	0.0055	0.5221	0.4499	0.0722	0.2871	0.1788	0.1083	0.0792	0.0730	0.0062	0.2079	0.1058	0.1021	0.0000	0.0000	0.0000	0.0000	0.0000	0.0000	0.0000	0.0000	0.0000	0.0709	0.0002	0.1878	0.0004	0.0004	0.0000	0.0978	0.0000	0.1993			
33	47	0.1364	10	1	0	1	0	0	0	0	0	N	N	N	N	N	N	N	N	N	N	N	N	0.0000	0.0000	0.0000	0.0000	0.0000	0.0000	0.0000	0.0000	0.0000	0.0000	0.0000	0.0000	0.0000	0.0000	0.0000	0.0000	0.0000	0.0000	0.0272	0.0761	0.0001	0.0983	0.1158	0.0009	0.0002	0.0003	0.0000	0.0014	0.0000	-0.0027	5.3867	12.7633	0.9197	6.3722	0.0000	0.0000	0.0000	0.0000	0.0000	0.0000	0.0000	0.0000	0.0000	0.0046	0.0046	0.0000	0.0046	0.0046	0.0000	0.0000	0.0000	0.0000	0.4862	0.4259	0.0603	0.0598	0.0562	0.0036	0.4264	0.3697	0.0567	0.1691	0.1050	0.0641	0.0467	0.0396	0.0071	0.1225	0.0655	0.0570	0.0000	0.0000	0.0000	0.0000	0.0000	0.0000	0.0000	0.0000	0.0000	0.0272	0.0438	0.0001	0.0983	0.1158	0.0009	0.0002	0.0003	0.0000	
33	48	0.1312	9	0	0	0	0	0	0	0	0	N	N	N	N	N	N	N	N	N	N	N	N	0.0000	0.0000	0.0000	0.0000	0.0000	0.0000	0.0000	0.0000	0.0000	0.0000	0.0000	0.0000	0.0000	0.0000	0.0000	0.0000	0.0000	0.0000	0.0010	0.0013	0.0005	0.0030	0.0033	0.0011	0.0002	0.0000	0.0005	0.2541	-0.0000	-0.0000	5.3867	0.3513	0.9197	1.9759	0.0000	0.0000	0.0000	0.0000	0.0000	0.0000	0.0000	0.0000	0.0000	0.0000	0.0000	0.0000	0.0000	0.0000	0.0000	0.0000	0.0000	0.0000	0.0240	0.0220	0.0021	0.0066	0.0065	0.0001	0.0174	0.0155	0.0020	0.0227	0.0141	0.0086	0.0064	0.0054	0.0010	0.0163	0.0087	0.0076	0.0000	0.0000	0.0000	0.0000	0.0000	0.0000	0.0000	0.0000	0.0000	0.0010	0.0013	0.0005	0.0030	0.0033	0.0011	0.0002	0.0000	0.0005	
33	49	0.1310	8	0	0	0	0	0	0	0	0	N	N	N	N	N	N	N	N	N	N	N	N	0.0000	0.0000	0.0000	0.0000	0.0000	0.0000	0.0000	0.0000	0.0000	0.0000	0.0000	0.0000	0.0000	0.0000	0.0000	0.0000	0.0000	0.0000	0.0026	0.0021	0.0033	0.0065	0.0054	0.0127	0.0010	0.0001	0.0021	0.9329	0.0000	-0.0000	5.3867	0.1669	0.9197	0.0350	0.0000	0.0000	0.0000	0.0000	0.0000	0.0000	0.0000	0.0000	0.0000	0.0000	0.0000	0.0000	0.0000	0.0000	0.0000	0.0000	0.0000	0.0000	0.0067	0.0058	0.0009	0.0007	0.0007	0.0001	0.0059	0.0051	0.0008	0.0020	0.0012	0.0008	0.0006	0.0005	0.0001	0.0014	0.0008	0.0007	0.0000	0.0000	0.0000	0.0000	0.0000	0.0000	0.0000	0.0000	0.0000	0.0026	0.0021	0.0033	0.0065	0.0054	0.0127	0.0010	0.0001	0.0021	
33	50	0.1310	7	0	0	0	0	0	0	0	0	N	N	N	N	N	N	N	N	N	N	N	N	0.0000	0.0000	0.0000	0.0000	0.0000	0.0000	0.0000	0.0000	0.0000	0.0000	0.0000	0.0000	0.0000	0.0000	0.0000	0.0000	0.0000	0.0000	0.3200	0.2585	0.1068	0.1566	0.1201	0.8523	0.0446	0.0082	0.0672	0.9493	0.0000	-0.0000	5.3867	0.0010	0.9197	0.0028	0.0000	0.0000	0.0000	0.0000	0.0000	0.0000	0.0000	0.0000	0.0000	0.0000	0.0000	0.0000	0.0000	0.0000	0.0000	0.0000	0.0000	0.0000	0.0001	0.0001	0.0000	0.0000	0.0000	0.0000	0.0001	0.0000	0.0000	0.0001	0.0000	0.0000	0.0000	0.0000	0.0000	0.0000	0.0000	0.0000	0.0000	0.0000	0.0000	0.0000	0.0000	0.0000	0.0000	0.0000	0.0000	0.0822	0.0674	0.1068	0.1525	0.1201	0.4052	0.0380	0.0038	0.0672	
33	51	0.0535	5	0	1	0	1	0	0	0	0	N	N	N	N	N	N	N	N	N	N	N	N	0.2875	0.2828	0.0303	0.7310	0.7137	0.0000	0.0120	0.1897	0.0307	0.0069	0.0078	0.0008	0.0617	0.0647	0.0000	0.0001	0.0000	0.0008	0.0239	0.0274	0.0253	0.0845	0.0907	0.0005	0.0122	0.0002	0.0260	0.0145	0.7357	-0.0007	-0.0008	5.3867	7.3891	0.9197	13.2142	0.0021	0.0021	0.0000	0.0020	0.0020	0.0000	0.0000	0.0000	0.0000	0.0047	0.0027	0.0020	0.0027	0.0027	0.0000	0.0020	0.0000	0.0020	0.3035	0.2648	0.0388	0.0331	0.0316	0.0015	0.2704	0.2332	0.0373	0.1956	0.1174	0.0782	0.0317	0.0295	0.0022	0.1640	0.0879	0.0761	0.2875	0.3384	0.0303	0.7310	0.7137	0.0000	0.0120	0.1897	0.0307	0.0239	0.0229	0.0253	0.0845	0.0907	0.0005	0.0122	0.0002	0.0260
33	52	0.0474	4	0	1	0	0	0	0	0	0	N	N	N	N	N	N	N	N	N	N	N	N	79.2622	1005.0296	0.0000	4418.7327	5490.4084	0.0000	1.2689	11.9934	0.0000	1.9495	2.2180	0.0000	17.3009	18.0250	0.0000	0.0350	0.0402	0.0000	0.0246	0.0022	0.0562	0.0039	0.0033	0.0153	0.0275	0.0034	0.0569	0.0000	18.0303	-0.3545	0.0019	5.3867	12.1779	0.9197	13.0455	0.9744	0.9744	0.0000	0.9589	0.9589	0.0000	0.0155	0.0155	0.0000	0.0054	0.0003	0.0051	0.0001	0.0001	0.0000	0.0053	0.0002	0.0051	0.4998	0.4393	0.0605	0.0554	0.0532	0.0022	0.4444	0.3861	0.0583	0.2208	0.1293	0.0915	0.0276	0.0261	0.0014	0.1933	0.1032	0.0901	79.2622	1005.0296	0.0000	4418.7327	5490.4084	0.0000	1.2689	20.7923	0.0000	0.0246	0.0022	0.0562	0.0039	0.0033	0.0153	0.0275	0.0019	0.0569
33	53	0.1384	8	0	1	0	0	0	0	0	0	N	N	N	N	N	N	N	N	N	N	N	N	0.0000	0.0000	0.0000	0.0000	0.0000	0.0000	0.0000	0.0000	0.0000	0.0000	0.0000	0.0000	0.0000	0.0000	0.0000	0.0000	0.0000	0.0006	0.0000	0.0016	0.0017	0.0001	0.0103	0.0002	0.0000	0.0005	22.6876	0.0000	0.0000	5.3867	3.0001	0.9197	3.0003	0.0000	0.0000	0.0000	0.0000	0.0000	0.0000	0.0000	0.0000	0.0000	0.0000	0.0000	0.0000	0.0000	0.0000	0.0000	0.0000	0.0000	0.0000	0.1177	0.1025	0.0152	0.0133	0.0124	0.0009	0.1044	0.0902	0.0143	0.0569	0.0353	0.0216	0.0158	0.0133	0.0025	0.0411	0.0220	0.0191	0.0000	0.0000	0.0000	0.0000	0.0000	0.0000	0.0000	0.0000	0.0000	0.0006	0.0000	0.0016	0.0017	0.0001	0.0103	0.0002	0.0000	0.0005		
33	54	0.1310	7	0	0	0	0	0	0	0	0	N	N	N	N	N	N	N	N	N	N	N	N	0.0000	0.0000	0.0000	0.0000	0.0000	0.0000	0.0000	0.0000	0.0000	0.0000	0.0000	0.0000	0.0000	0.0000	0.0000	0.0000	0.0000	0.0000	0.0010	0.0015	0.0002	0.0033	0.0037	0.0009	0.0001	0.0001	0.0001	0.0940	0.0000	-0.0000	5.3867	1.9998	0.9197	1.0017	0.0000	0.0000	0.0000	0.0000	0.0000	0.0000	0.0000	0.0000	0.0000	0.0000	0.0000	0.0000	0.0000	0.0000	0.0000	0.0000	0.0000	0.0000	0.0787	0.0685	0.0102	0.0086	0.0080	0.0006	0.0700	0.0604	0.0096	0.0289	0.0180	0.0110	0.0080	0.0068	0.0012	0.0209	0.0111	0.0097	0.0000	0.0000	0.0000	0.0000	0.0000	0.0000	0.0000	0.0000	0.0000	0.0010	0.0015	0.0002	0.0033	0.0037	0.0009	0.0001	0.0001	0.0001	
33	55	0.0729	6	0	0	0	0	0	0	0	0	N	N	N	N	N	N	N	N	N	N	N	N	0.0000	0.0000	0.0000	0.0000	0.0000	0.0000	0.0000	0.0000	0.0000	0.0000	0.0000	0.0000	0.0000	0.0000	0.0000	0.0000	0.0000	0.0285	0.0030	0.0699	0.0062	0.0071	0.0000	0.0411	0.0011	0.0751	14.5592	0.0000	0.0017	5.3867	8.0033	0.9197	9.9473	0.0000	0.0000	0.0000	0.0000	0.0000	0.0000	0.0000	0.0000	0.0000	0.0049	0.0003	0.0046	0.0002	0.0002	0.0000	0.0047	0.0001	0.0046	0.3243	0.2830	0.0413	0.0353	0.0335	0.0017	0.2890	0.2495	0.0395	0.1726	0.1068	0.0658	0.0379	0.0333	0.0046	0.1348	0.0735	0.0612	0.0000	0.0000	0.0000	0.0000	0.0000	0.0000	0.0000	0.0000	0.0000	0.0285	0.0030	0.0699	0.0062	0.0071	0.0000	0.0347	0.0011	0.0751		
33	56	0.0886	4	0	1	0	0	0	0	0	0	N	N	N	N	N	N	N	N	N	N	N	N	1.0960	1.1055	1.7621	2.1173	2.0965	0.0012	1.0366	26.7769	1.8117	0.0115	0.0098	0.0233	0.0410	0.0431	0.0000	0.0069	0.0041	0.0246	0.0105	0.0089	0.0132	0.0194	0.0206	0.0094	0.0067	0.0002	0.0136	0.3390	0.8782	-0.0003	-0.0002	5.3867	5.0156	0.9197	9.5596	0.0023	0.0017	0.0006	0.0011	0.0011	0.0000	0.0012	0.0006	0.0006	0.0016	0.0008	0.0007	0.0009	0.0008	0.0000	0.0007	0.0000	0.0007	0.2021	0.1769	0.0252	0.0272	0.0259	0.0014	0.1749	0.1510	0.0239	0.1512	0.0952	0.0560	0.0456	0.0406	0.0050	0.1056	0.0546	0.0510	1.0960	1.1055	1.7621	2.1173	2.0965	0.0012	1.0366	26.7769	1.8117	0.0105	0.0089	0.0132	0.0194	0.0206	0.0094	0.0067	0.0002	0.0136
33	57	0.0671	3	0	1	0	0	0	0	0	0	N	N	N	N	N	N	N	N	N	N	N	N	5.2954	5.5075	0.0007	14.9821	21.7095	0.0010	3.6483	987.3777	0.0008	7.1264	8.1691	0.0006	14.9576	15.8453	0.0001	4.7361	5.5685	0.0007	1.3458	1.4833	0.9415	0.9984	0.7299	0.1483	1.2981	0.0056	0.8380	0.0000	0.9596	-0.7123	-0.0050	5.3867	5.2776	0.9197	4.9316	1.9581	1.9580	0.0000	0.9611	0.9611	0.0000	0.9970	0.9970	0.0000	0.0503	0.0257	0.0246	0.0260	0.0255	0.0006	0.0242	0.0002	0.0241	0.2748	0.2397	0.0351	0.0643	0.0607	0.0036	0.2105	0.1790	0.0315	0.1807	0.1192	0.0615	0.0653	0.0615	0.0038	0.1154	0.0577	0.0577	25.6120	37.9479	0.0016	37.5205	38.2492	0.0010	22.5452	1740.5582	0.0016	0.2782	0.2153	0.4003	0.3987	0.4143	0.1483	0.2101	0.0032	0.4170
33	58	0.0391	2	0	0	0	0	0	0	0	0	N	N	N	N	N	N	N	N	N	N	N	N	0.1287	0.0949	0.0195	0.1842	0.2069	12.3543	0.0692	0.4903	0.0145	0.2327	0.2655	0.0139	2.2734	2.3846	0.2141	0.0812	0.0927	0.0083	1.8077	2.7986	0.7131	12.3452	11.5241	0.0173	1.1734	0.1891	0.5751	0.0079	0.1927	-0.0212	-0.0541	5.3867	6.4383	0.9197	5.2340	0.0597	0.0592	0.0005	0.0403	0.0401	0.0002	0.0194	0.0191	0.0003	0.1264	0.1060	0.0204	0.1051	0.1051	0.0000	0.0213	0.0009	0.0204	0.2565	0.2230	0.0335	0.0177	0.0168	0.0009	0.2388	0.2062	0.0325	0.1571	0.0923	0.0648	0.0372	0.0363	0.0010	0.1199	0.0560	0.0638	0.2892	0.2312	0.0442	0.8057	0.8229	12.3543	0.4562	5.5859	0.0261	0.8047	1.1483	0.3153	2.8219	2.8977	0.0173	0.1781	0.0166	0.3199
33	63	0.1523	9	1	1	0	1	0	0	0	0	N	N	N	N	N	N	N	N	N	N	N	N	0.3361	0.0000	inf	0.3773	0.0000	inf	0.0000	0.0000	0.0000	0.0000	0.0000	0.0000	0.0000	0.0000	0.0000	0.0000	0.0000	0.0000	0.0000	0.0000	0.0000	0.0000	0.0000	0.0000	inf	0.0000	0.0000	-0.0000	5.3867	2.0000	0.9197	2.0002	0.0000	0.0000	0.0000	0.0000	0.0000	0.0000	0.0000	0.0000	0.0000	0.0000	0.0000	0.0000	0.0000	0.0000	0.0000	0.0000	0.0000	0.0000	0.0787	0.0688	0.0099	0.0128	0.0120	0.0009	0.0658	0.0568	0.0090	0.0370	0.0224	0.0146	0.0068	0.0061	0.0007	0.0302	0.0163	0.0139	0.3361	0.0000	inf	0.3773	0.0000	inf	0.0000	0.0000	0.0000	0.0000	0.0000	0.0000	0.0000	0.0000	0.0000	0.0000	0.0000	0.0000			
33	64	0.1680	13	0	1	0	1	0	0	0	0	N	N	N	N	N	N	N	N	N	N	N	N	0.0000	0.0000	0.0000	0.0000	0.0000	0.0000	0.0000	0.0000	0.0000	0.0000	0.0000	0.0000	0.0000	0.0000	0.0000	0.0000	0.0000	0.0001	0.0000	0.0001	0.0003	0.0000	0.0029	0.0000	0.0000	0.0000	15.9793	0.0000	0.0000	5.3867	2.0059	0.9197	4.8036	0.0000	0.0000	0.0000	0.0000	0.0000	0.0000	0.0000	0.0000	0.0000	0.0000	0.0000	0.0000	0.0000	0.0000	0.0000	0.0000	0.0000	0.0000	0.0797	0.0697	0.0100	0.0144	0.0134	0.0010	0.0653	0.0563	0.0090	0.0625	0.0387	0.0238	0.0130	0.0119	0.0011	0.0495	0.0268	0.0227	0.0000	0.0000	0.0000	0.0000	0.0000	0.0000	0.0000	0.0000	0.0000	0.0001	0.0000	0.0001	0.0003	0.0000	0.0029	0.0000	0.0000	0.0000		
33	65	0.1652	11	0	1	0	0	0	0	0	0	N	N	N	N	N	N	N	N	N	N	N	N	26.6161	55.2557	0.0000	42.9404	92.4944	0.0000	1.3611	755.7271	0.0000	0.0494	0.0562	0.0000	0.2615	0.2776	0.0000	0.0009	0.0010	0.0000	0.0019	0.0010	0.0031	0.0061	0.0030	0.0414	0.0006	0.0000	0.0013	0.0000	2.0175	-0.0007	0.0000	5.3867	0.9804	0.9197	0.2754	0.0020	0.0020	0.0000	0.0020	0.0020	0.0000	0.0000	0.0000	0.0000	0.0000	0.0000	0.0000	0.0000	0.0000	0.0000	0.0000	0.0000	0.0000	0.0413	0.0363	0.0050	0.0077	0.0072	0.0004	0.0336	0.0290	0.0046	0.0131	0.0079	0.0052	0.0029	0.0027	0.0002	0.0102	0.0052	0.0050	26.6161	55.2557	0.0000	42.9404	92.4944	0.0000	1.3611	755.7271	0.0000	0.0019	0.0010	0.0031	0.0061	0.0030	0.0414	0.0006	0.0000	0.0013
33	66	0.1630	12	0	0	1	1	0	0	0	0	N	N	N	N	N	N	N	N	N	N	N	N	15.6019	212.1220	0.0000	0.0000	0.0000	0.0000	179.7401	inf	0.0000	0.0004	0.0004	0.0000	0.0000	0.0000	0.0000	0.0005	0.0006	0.0000	0.0000	0.0000	0.0001	0.0001	0.0000	0.0012	0.0000	0.0000	0.0000	0.0000	18.1285	-0.0000	0.0000	5.3867	0.9437	0.9197	4.8091	0.0000	0.0000	0.0000	0.0000	0.0000	0.0000	0.0000	0.0000	0.0000	0.0000	0.0000	0.0000	0.0000	0.0000	0.0000	0.0000	0.0000	0.0000	0.0522	0.0456	0.0067	0.0151	0.0143	0.0009	0.0371	0.0313	0.0058	0.0544	0.0337	0.0207	0.0114	0.0104	0.0010	0.0430	0.0233	0.0197	15.6019	212.1220	0.0000	0.0000	0.0000	0.0000	179.7401	inf	0.0000	0.0000	0.0000	0.0001	0.0001	0.0000	0.0012	0.0000	0.0000	0.0000
33	67	0.1560	11	0	0	1	1	0	0	0	0	N	N	N	N	N	N	N	N	N	N	N	N	60.0633	42.4436	0.0000	0.0000	0.0000	0.0000	139.3574	87.1376	0.0000	0.0522	0.0597	0.0000	0.0000	0.0000	0.0000	0.0624	0.0723	0.0000	0.0009	0.0014	0.0000	0.0027	0.0029	0.0008	0.0004	0.0008	0.0000	0.0000	0.0157	-0.0030	-0.0000	5.3867	4.0088	0.9197	5.0246	0.0081	0.0081	0.0000	0.0000	0.0000	0.0000	0.0081	0.0081	0.0000	0.0001	0.0001	0.0000	0.0000	0.0000	0.0000	0.0000	0.0000	0.0000	0.1562	0.1366	0.0196	0.0257	0.0239	0.0017	0.1305	0.1126	0.0178	0.0823	0.0501	0.0322	0.0154	0.0140	0.0014	0.0669	0.0361	0.0308	60.0633	42.4436	0.0000	0.0000	0.0000	0.0000	139.3574	87.1376	0.0000	0.0009	0.0014	0.0000	0.0027	0.0029	0.0008	0.0004	0.0008	0.0000
33	68	0.1680	13	0	0	1	1	0	0	0	0	N	N	N	N	N	N	N	N	N	N	N	N	0.0000	0.0000	0.0000	0.0000	0.0000	0.0000	0.0000	0.0000	0.0000	0.0000	0.0000	0.0000	0.0000	0.0000	0.0000	0.0000	0.0000	0.0001	0.0000	0.0003	0.0005	0.0000	0.0062	0.0000	0.0000	0.0000	25.3957	0.0000	0.0000	5.3867	1.0064	0.9197	4.2000	0.0000	0.0000	0.0000	0.0000	0.0000	0.0000	0.0000	0.0000	0.0000	0.0000	0.0000	0.0000	0.0000	0.0000	0.0000	0.0000	0.0000	0.0000	0.0404	0.0354	0.0051	0.0074	0.0069	0.0005	0.0331	0.0285	0.0046	0.0487	0.0302	0.0185	0.0103	0.0094	0.0009	0.0384	0.0208	0.0176	0.0000	0.0000	0.0000	0.0000	0.0000	0.0000	0.0000	0.0000	0.0000	0.0001	0.0000	0.0003	0.0005	0.0000	0.0062	0.0000	0.0000	0.0000		
33	69	0.1630	12	0	0	0	1	0	0	0	0	N	N	N	N	N	N	N	N	N	N	N	N	0.7612	0.6745	0.0000	0.0000	0.0000	0.0000	16.9687	17.9740	0.0000	0.0003	0.0003	0.0000	0.0000	0.0000	0.0000	0.0004	0.0005	0.0000	0.0004	0.0005	0.0002	0.0016	0.0014	0.0039	0.0000	0.0000	0.0000	0.0000	0.2146	-0.0000	-0.0000	5.3867	1.2889	0.9197	0.3511	0.0000	0.0000	0.0000	0.0000	0.0000	0.0000	0.0000	0.0000	0.0000	0.0000	0.0000	0.0000	0.0000	0.0000	0.0000	0.0000	0.0000	0.0000	0.0658	0.0574	0.0084	0.0174	0.0164	0.0010	0.0484	0.0410	0.0073	0.0175	0.0111	0.0063	0.0041	0.0039	0.0003	0.0133	0.0073	0.0061	0.7612	0.6745	0.0000	0.0000	0.0000	0.0000	16.9687	17.9740	0.0000	0.0004	0.0005	0.0002	0.0016	0.0014	0.0039	0.0000	0.0000	0.0000
33	70	0.1560	11	0	0	0	1	0	0	0	0	N	N	N	N	N	N	N	N	N	N	N	N	420.1072	2636.8696	0.0000	6.3425	11.8674	0.0000	498.2994	31205.3331	0.0000	0.2630	0.3010	0.0000	0.0038	0.0041	0.0000	0.3147	0.3651	0.0000	0.0006	0.0001	0.0015	0.0006	0.0003	0.0035	0.0006	0.0000	0.0014	0.0000	7.8889	-0.0030	0.0000	5.3867	0.7777	0.9197	1.1718	0.0082	0.0082	0.0000	0.0000	0.0000	0.0000	0.0081	0.0081	0.0000	0.0000	0.0000	0.0000	0.0000	0.0000	0.0000	0.0000	0.0000	0.0000	0.0310	0.0271	0.0039	0.0052	0.0048	0.0003	0.0259	0.0223	0.0036	0.0195	0.0121	0.0075	0.0040	0.0037	0.0003	0.0155	0.0084	0.0072	420.1072	2636.8696	0.0000	6.3425	11.8674	0.0000	498.2994	31205.3331	0.0000	0.0006	0.0001	0.0015	0.0006	0.0003	0.0035	0.0006	0.0000	0.0014
33	71	0.1523	10	0	0	0	1	0	0	0	0	N	N	N	N	N	N	N	N	N	N	N	N	144637.2684	128427.5245	0.0021	0.0000	0.0000	inf	462518.5163	1012113.3560	0.0000	25.2032	28.8430	0.0000	0.0000	0.0000	0.0000	30.1170	34.9148	0.0000	0.0002	0.0002	0.0001	0.0007	0.0007	0.0000	0.0001	0.0000	0.0001	0.0000	0.2784	-0.3602	-0.0000	5.3867	0.9929	0.9197	0.0325	0.9903	0.9903	0.0000	0.0000	0.0000	0.0000	0.9903	0.9903	0.0000	0.0000	0.0000	0.0000	0.0000	0.0000	0.0000	0.0000	0.0000	0.0000	0.0393	0.0343	0.0050	0.0064	0.0060	0.0004	0.0329	0.0284	0.0045	0.0097	0.0059	0.0038	0.0018	0.0016	0.0002	0.0079	0.0043	0.0036	144637.2684	128427.5245	0.0021	0.0000	0.0000	inf	462518.5163	1012113.3560	0.0000	0.0002	0.0002	0.0001	0.0007	0.0007	0.0000	0.0001	0.0000	0.0001
33	72	0.1974	9	1	1	0	0	0	0	0	0	N	N	N	N	N	N	N	N	N	N	N	N	inf	inf	inf	inf	inf	inf	inf	0.0017	0.0010	0.0098	0.0022	0.0023	0.0000	0.0015	0.0000	0.0104	0.0000	0.0000	0.0000	0.0000	0.0000	0.0000	0.0000	0.0000	0.0000	0.9130	0.0000	0.0000	5.3867	0.0000	0.9197	0.0001	0.0000	0.0000	0.0000	0.0000	0.0000	0.0000	0.0000	0.0000	0.0000	0.0000	0.0000	0.0000	0.0000	0.0000	0.0000	0.0000	0.0000	0.0000	0.0000	0.0000	0.0000	0.0000	0.0000	0.0000	0.0000	0.0000	0.0000	0.0000	0.0000	0.0000	0.0000	0.0000	0.0000	0.0000	0.0000	0.0000	inf	inf	inf	inf	inf	0.0000	inf	0.0000	inf	0.0000	0.0000	0.0000	0.0000	0.0000	0.0000	0.0000	0.0000	0.0000			
33	73	0.1342	8	1	1	0	0	0	0	0	0	N	N	N	N	N	N	N	N	N	N	N	N	0.1780	0.0684	4.6740	0.1216	0.1181	0.0002	2.4441	47.7274	8.0051	0.0012	0.0007	0.0044	0.0038	0.0041	0.0000	0.0007	0.0000	0.0048	0.0065	0.0100	0.0009	0.0315	0.0347	0.0066	0.0003	0.0000	0.0006	0.9152	0.0609	0.0001	-0.0005	5.3867	9.9619	0.9197	7.0378	0.0004	0.0002	0.0002	0.0002	0.0002	0.0000	0.0002	0.0000	0.0002	0.0010	0.0009	0.0001	0.0009	0.0009	0.0000	0.0000	0.0000	0.0000	0.3823	0.3347	0.0476	0.0574	0.0535	0.0038	0.3250	0.2812	0.0438	0.1495	0.0908	0.0587	0.0296	0.0262	0.0034	0.1199	0.0646	0.0553	0.1780	0.0684	4.6740	0.1216	0.1181	0.0002	2.4441	47.7274	8.0051	0.0065	0.0100	0.0009	0.0315	0.0347	0.0066	0.0003	0.0000	0.0006
33	74	0.1460	8	0	1	0	0	0	0	0	0	N	N	N	N	N	N	N	N	N	N	N	N	0.0030	0.0010	0.0002	0.2919	1.5374	0.0000	0.0000	0.0000	0.0003	0.0001	0.0002	0.0000	0.0007	0.0007	0.0000	0.0000	0.0000	0.0000	0.0483	0.1675	0.0030	0.0022	0.0005	0.0175	0.0844	1.4467	0.0020	0.0005	0.0319	-0.0000	-0.0017	5.3867	7.0442	0.9197	2.0273	0.0000	0.0000	0.0000	0.0000	0.0000	0.0000	0.0000	0.0000	0.0000	0.0031	0.0030	0.0001	0.0000	0.0000	0.0000	0.0031	0.0030	0.0001	0.3280	0.2887	0.0393	0.0739	0.0695	0.0044	0.2541	0.2192	0.0349	0.0826	0.0501	0.0325	0.0188	0.0168	0.0020	0.0638	0.0332	0.0306	0.0039	0.0028	0.0002	0.2919	1.5374	0.0000	0.0000	0.0000	0.0003	0.0377	0.0603	0.0030	0.0022	0.0005	0.0175	0.0482	0.0906	0.0020
33	75	0.1221	7	0	1	0	0	0	0	0	0	N	N	N	N	N	N	N	N	N	N	N	N	0.4285	0.3119	1.1094	0.9454	1.3451	0.0001	0.1075	0.0000	3.7587	0.0011	0.0010	0.0014	0.0047	0.0049	0.0000	0.0002	0.0000	0.0015	0.0026	0.0034	0.0013	0.0049	0.0036	0.0155	0.0019	0.0058	0.0004	0.1809	0.2439	-0.0000	-0.0001	5.3867	4.3369	0.9197	3.0972	0.0002	0.0002	0.0000	0.0002	0.0002	0.0000	0.0000	0.0000	0.0000	0.0002	0.0001	0.0000	0.0001	0.0000	0.0000	0.0001	0.0001	0.0000	0.2083	0.1837	0.0245	0.0413	0.0397	0.0016	0.1669	0.1440	0.0229	0.0701	0.0427	0.0274	0.0142	0.0127	0.0016	0.0558	0.0301	0.0258	0.4285	0.3119	1.1094	0.9454	1.3451	0.0001	0.1075	0.0000	3.7587	0.0026	0.0034	0.0013	0.0049	0.0036	0.0155	0.0019	0.0033	0.0004
33	76	0.2093	12	1	1	0	0	0	0	0	0	N	N	N	N	N	N	N	N	N	N	N	N	0.0000	0.0000	0.0000	0.0000	0.0000	0.0000	0.0000	0.0000	0.0000	0.0000	0.0000	0.0000	0.0000	0.0000	0.0000	0.0000	0.0000	0.0004	0.0000	0.0011	0.0008	0.0001	0.0086	0.0003	0.0000	0.0007	44.8179	0.0000	0.0000	5.3867	1.9992	0.9197	0.0055	0.0000	0.0000	0.0000	0.0000	0.0000	0.0000	0.0000	0.0000	0.0000	0.0000	0.0000	0.0000	0.0000	0.0000	0.0000	0.0000	0.0000	0.0000	0.1069	0.0940	0.0129	0.0186	0.0174	0.0011	0.0883	0.0766	0.0118	0.0243	0.0154	0.0089	0.0045	0.0041	0.0004	0.0198	0.0113	0.0085	0.0000	0.0000	0.0000	0.0000	0.0000	0.0000	0.0000	0.0000	0.0000	0.0004	0.0000	0.0011	0.0008	0.0001	0.0086	0.0003	0.0000	0.0007		
33	77	0.1652	11	1	1	0	0	0	0	0	0	N	N	N	N	N	N	N	N	N	N	N	N	0.0011	0.0114	0.0078	2.3797	0.0703	7.4931	0.0000	0.0000	0.0000	0.0002	0.0000	0.0017	0.0013	0.0000	0.0208	0.0000	0.0000	0.0000	0.1972	0.0003	0.2241	0.0005	0.0003	0.0028	0.4237	0.0004	0.1946	61.8559	332.8857	0.0000	0.0019	5.3867	5.0219	0.9197	2.0148	0.0000	0.0000	0.0000	0.0000	0.0000	0.0000	0.0000	0.0000	0.0000	0.0046	0.0000	0.0046	0.0000	0.0000	0.0000	0.0046	0.0000	0.0046	0.1967	0.1724	0.0243	0.0332	0.0311	0.0020	0.1635	0.1413	0.0222	0.0652	0.0396	0.0257	0.0127	0.0115	0.0012	0.0526	0.0281	0.0245	0.0031	0.0114	0.0098	2.3797	0.0703	7.4931	0.0000	0.0000	0.0000	0.0705	0.0003	0.1785	0.0005	0.0003	0.0028	0.0874	0.0004	0.1870
33	78	0.1523	10	0	1	0	0	0	0	0	0	N	N	N	N	N	N	N	N	N	N	N	N	5.0261	5.0908	0.0000	8.3956	8.1510	0.0000	0.0642	0.8418	0.0000	0.0035	0.0040	0.0000	0.0216	0.0232	0.0000	0.0000	0.0000	0.0000	0.0007	0.0008	0.0006	0.0026	0.0028	0.0000	0.0003	0.0000	0.0006	0.0000	0.4599	-0.0001	-0.0000	5.3867	1.0203	0.9197	2.7327	0.0001	0.0001	0.0000	0.0001	0.0001	0.0000	0.0000	0.0000	0.0000	0.0000	0.0000	0.0000	0.0000	0.0000	0.0000	0.0000	0.0000	0.0000	0.0404	0.0353	0.0051	0.0066	0.0061	0.0005	0.0338	0.0291	0.0046	0.0348	0.0211	0.0137	0.0064	0.0058	0.0006	0.0284	0.0153	0.0131	5.0261	5.0908	0.0000	8.3956	8.1510	0.0000	0.0642	0.8418	0.0000	0.0007	0.0008	0.0006	0.0026	0.0028	0.0000	0.0003	0.0000	0.0006
33	79	0.1523	9	0	0	0	0	0	0	0	0	N	N	N	N	N	N	N	N	N	N	N	N	13.4845	0.0000	0.0000	14.1139	0.0000	0.0000	0.0000	0.0009	0.0000	0.0000	0.0013	0.0000	0.0000	0.0000	0.0000	0.0000	0.0001	0.0001	0.0001	0.0001	0.0001	0.0000	0.0001	0.0000	0.0001	0.7500	0.0000	-0.0000	5.3867	0.0000	0.9197	0.0018	0.0000	0.0000	0.0000	0.0000	0.0000	0.0000	0.0000	0.0000	0.0000	0.0000	0.0000	0.0000	0.0000	0.0000	0.0000	0.0000	0.0000	0.0000	0.0000	0.0000	0.0000	0.0000	0.0000	0.0000	0.0000	0.0000	0.0000	0.0000	0.0000	0.0000	0.0000	0.0000	0.0000	0.0000	0.0000	0.0000	13.4845	0.0000	0.0000	14.1139	0.0000	0.0000	0.0000	0.0000	0.0000	0.0001	0.0001	0.0001	0.0001	0.0001	0.0000	0.0001	0.0000	0.0001			
33	80	0.1342	8	0	0	0	0	0	0	0	0	N	N	N	N	N	N	N	N	N	N	N	N	0.0070	0.0027	0.0274	0.0021	0.0046	0.0002	0.0377	0.1275	0.0000	0.0000	0.0000	0.0000	0.0000	0.0000	0.0000	0.0000	0.0000	0.0009	0.0005	0.0015	0.0039	0.0018	0.0200	0.0002	0.0000	0.0003	4.0392	1.7690	0.0000	0.0000	5.3867	3.0825	0.9197	2.0124	0.0000	0.0000	0.0000	0.0000	0.0000	0.0000	0.0000	0.0000	0.0000	0.0000	0.0000	0.0000	0.0000	0.0000	0.0000	0.0000	0.0000	0.0000	0.1266	0.1109	0.0157	0.0202	0.0190	0.0012	0.1064	0.0919	0.0145	0.0485	0.0296	0.0189	0.0099	0.0088	0.0011	0.0385	0.0208	0.0178	0.0070	0.0027	0.0274	0.0021	0.0046	0.0002	0.0377	0.0000	0.1275	0.0009	0.0005	0.0015	0.0039	0.0018	0.0200	0.0002	0.0000	0.0003	
33	81	0.1221	7	0	0	0	0	0	0	0	0	N	N	N	N	N	N	N	N	N	N	N	N	0.5944	0.5491	1.0899	0.5278	0.7920	0.0001	1.0413	0.0003	5.0130	0.0012	0.0010	0.0024	0.0044	0.0046	0.0000	0.0004	0.0000	0.0026	0.0020	0.0019	0.0022	0.0083	0.0058	0.0295	0.0003	0.0002	0.0005	0.3062	0.7400	-0.0000	-0.0000	5.3867	3.6751	0.9197	0.0788	0.0002	0.0002	0.0001	0.0002	0.0002	0.0000	0.0001	0.0000	0.0001	0.0001	0.0000	0.0000	0.0001	0.0000	0.0000	0.0000	0.0000	0.0000	0.1832	0.1619	0.0213	0.0382	0.0368	0.0014	0.1450	0.1251	0.0200	0.0367	0.0225	0.0142	0.0077	0.0069	0.0008	0.0290	0.0156	0.0134	0.5944	0.5491	1.0899	0.5278	0.7920	0.0001	1.0413	0.0003	5.0130	0.0020	0.0019	0.0022	0.0083	0.0058	0.0295	0.0003	0.0002	0.0005
33	82	0.0729	6	0	0	0	0	0	0	0	0	N	N	N	N	N	N	N	N	N	N	N	N	1935.0649	1975.1477	0.9380	4836.0515	5671.6010	0.0000	0.5173	0.0002	2.1706	2.8810	3.3008	0.0011	26.7490	28.1565	0.0000	0.0002	0.0000	0.0012	0.0015	0.0017	0.0012	0.0055	0.0050	0.0099	0.0003	0.0001	0.0005	0.0000	0.4247	-0.3589	-0.0001	5.3867	8.5011	0.9197	5.2406	0.9868	0.9868	0.0000	0.9868	0.9868	0.0000	0.0000	0.0000	0.0000	0.0002	0.0001	0.0001	0.0002	0.0001	0.0000	0.0000	0.0000	0.0000	0.3425	0.2989	0.0436	0.0369	0.0350	0.0018	0.3056	0.2639	0.0417	0.1382	0.0864	0.0518	0.0313	0.0277	0.0036	0.1069	0.0587	0.0482	1935.0649	1975.1477	0.9380	4836.0515	5671.6010	0.0000	0.5173	0.0002	2.1706	0.0015	0.0017	0.0012	0.0055	0.0050	0.0099	0.0003	0.0001	0.0005
34	35	0.2764	11	1	2	0	0	0	0	0	0	N	Y	N	N	N	N	N	N	N	N	N	N	0.0000	0.0000	0.0000	0.0000	0.0000	0.0000	0.0000	0.0000	0.0000	0.0000	0.0000	0.0000	0.0000	0.0000	0.0000	0.0000	0.0000	0.0000	0.0000	0.0000	0.0019	1.0000	3.0025	1.9999	0.0000	0.0000	0.0000	0.0000	0.0000	0.0000	0.0000	0.0000	0.0000	0.0000	0.0000	0.0000	0.0000	0.0000	0.0000	0.0000	0.0000	0.0000	0.0000	0.0000	0.0000	0.0000	0.0000	0.0000	0.0000	0.0000	0.0000	0.0082	0.0048	0.0034	0.0022	0.0018	0.0005	0.0060	0.0030	0.0029	0.0000	0.0000	0.0000	0.0000	0.0000	0.0000	0.0000	0.0000	0.0000	0.0000	0.0000	0.0000	0.0000	0.0000	0.0000	0.0000	0.0000	0.0000											
34	36	0.2411	11	0	2	1	0	0	0	0	0	N	Y	N	N	N	N	N	N	N	N	N	N	0.0000	0.0000	0.0000	0.0000	0.0000	0.0000	0.0000	0.0000	0.0000	0.0000	0.0000	0.0000	0.0000	0.0000	0.0000	0.0000	0.0000	0.0000	0.0000	0.0000	0.0000	0.0000	0.0000	0.0000	-0.0000	0.0019	3.0341	3.0025	5.2124	0.0000	0.0000	0.0000	0.0000	0.0000	0.0000	0.0000	0.0000	0.0000	0.0000	0.0000	0.0000	0.0000	0.0000	0.0000	0.0000	0.0000	0.0000	0.0002	0.0001	0.0000	0.0001	0.0001	0.0000	0.0001	0.0001	0.0000	0.0311	0.0198	0.0113	0.0123	0.0095	0.0028	0.0188	0.0104	0.0085	0.0000	0.0000	0.0000	0.0000	0.0000	0.0000	0.0000	0.0000	0.0000	0.0000	0.0000	0.0000	0.0000	0.0000	0.0000	0.0000	0.0000	0.0000						
34	37	0.2173	10	0	2	0	0	0	0	0	0	N	Y	N	N	N	N	N	N	N	N	N	N	0.0000	0.0000	0.0000	0.0000	0.0000	0.0000	0.0000	0.0000	0.0000	0.0000	0.0000	0.0000	0.0000	0.0000	0.0000	0.0000	0.0000	0.0000	0.0000	0.0000	0.0000	0.0000	0.0000	0.0000	-0.0000	0.0019	3.0544	3.0025	4.8962	0.0000	0.0000	0.0000	0.0000	0.0000	0.0000	0.0000	0.0000	0.0000	0.0000	0.0000	0.0000	0.0000	0.0000	0.0000	0.0000	0.0000	0.0000	0.0002	0.0001	0.0000	0.0001	0.0001	0.0000	0.0001	0.0001	0.0000	0.0248	0.0150	0.0098	0.0069	0.0054	0.0015	0.0179	0.0096	0.0083	0.0000	0.0000	0.0000	0.0000	0.0000	0.0000	0.0000	0.0000	0.0000	0.0000	0.0000	0.0000	0.0000	0.0000	0.0000	0.0000	0.0000	0.0000						
34	42	0.1519	8	0	1	0	0	0	0	0	0	N	N	N	N	N	N	N	N	N	N	N	N	0.0000	0.0000	0.0000	0.0000	0.0000	0.0000	0.0000	0.0000	0.0000	0.0000	0.0000	0.0000	0.0000	0.0000	0.0000	0.0000	0.0000	0.0000	0.0000	0.0000	0.0019	17.0025	3.0025	6.0864	0.0000	0.0000	0.0000	0.0000	0.0000	0.0000	0.0000	0.0000	0.0000	0.0000	0.0000	0.0000	0.0000	0.0000	0.0000	0.0000	0.0000	0.0000	0.0008	0.0007	0.0001	0.0003	0.0003	0.0000	0.0005	0.0004	0.0001	0.0703	0.0418	0.0285	0.0148	0.0118	0.0030	0.0555	0.0299	0.0256	0.0000	0.0000	0.0000	0.0000	0.0000	0.0000	0.0000	0.0000	0.0000	0.0000	0.0000	0.0000	0.0000	0.0000	0.0000	0.0000	0.0000	0.0000											
34	44	0.1519	8	0	2	0	0	0	0	0	0	N	Y	N	N	N	N	N	N	N	N	N	N	0.0000	0.0000	0.0000	0.0000	0.0000	0.0000	0.0000	0.0000	0.0000	0.0000	0.0000	0.0000	0.0000	0.0000	0.0000	0.0000	0.0000	0.0000	0.0000	0.0000	0.0019	6.9958	3.0025	11.8523	0.0000	0.0000	0.0000	0.0000	0.0000	0.0000	0.0000	0.0000	0.0000	0.0000	0.0000	0.0000	0.0000	0.0000	0.0000	0.0000	0.0000	0.0000	0.0004	0.0003	0.0000	0.0001	0.0001	0.0000	0.0002	0.0002	0.0000	0.0588	0.0350	0.0238	0.0125	0.0100	0.0025	0.0463	0.0250	0.0213	0.0000	0.0000	0.0000	0.0000	0.0000	0.0000	0.0000	0.0000	0.0000	0.0000	0.0000	0.0000	0.0000	0.0000	0.0000	0.0000	0.0000	0.0000											
34	45	0.1903	9	0	2	0	0	0	0	0	0	N	Y	N	N	N	N	N	N	N	N	N	N	0.0000	0.0000	0.0000	0.0000	0.0000	0.0000	0.0000	0.0000	0.0000	0.0000	0.0000	0.0000	0.0000	0.0000	0.0000	0.0000	0.0000	0.0000	0.0000	0.0000	0.0019	20.1318	3.0025	17.5118	0.0000	0.0000	0.0000	0.0000	0.0000	0.0000	0.0000	0.0000	0.0000	0.0000	0.0000	0.0000	0.0000	0.0000	0.0000	0.0000	0.0000	0.0000	0.0009	0.0009	0.0001	0.0004	0.0004	0.0000	0.0006	0.0005	0.0001	0.1041	0.0620	0.0421	0.0246	0.0202	0.0043	0.0796	0.0418	0.0378	0.0000	0.0000	0.0000	0.0000	0.0000	0.0000	0.0000	0.0000	0.0000	0.0000	0.0000	0.0000	0.0000	0.0000	0.0000	0.0000	0.0000	0.0000											
34	46	0.1461	5	0	2	0	0	0	0	0	0	N	Y	N	N	N	N	N	N	N	N	N	N	0.0000	0.0000	0.0000	0.0000	0.0000	0.0000	0.0000	0.0000	0.0000	0.0000	0.0000	0.0000	0.0000	0.0000	0.0000	0.0629	0.0000	0.1158	0.0009	0.0000	0.0088	0.1135	0.0000	0.1241	inf	0.0000	0.0018	0.0019	15.0410	3.0025	10.9147	0.0000	0.0000	0.0000	0.0000	0.0000	0.0000	0.0000	0.0000	0.0000	0.0044	0.0000	0.0044	0.0000	0.0000	0.0000	0.0043	0.0000	0.0043	0.0007	0.0007	0.0001	0.0003	0.0003	0.0000	0.0004	0.0004	0.0001	0.1048	0.0671	0.0377	0.0277	0.0250	0.0027	0.0770	0.0421	0.0349	0.0000	0.0000	0.0000	0.0000	0.0000	0.0000	0.0000	0.0000	0.0000	0.0416	0.0000	0.1158	0.0009	0.0000	0.0088	0.0563	0.0000	0.1241				
34	47	0.2154	12	1	1	1	0	0	0	0	0	N	N	N	N	N	N	N	N	N	N	N	N	0.0000	0.0000	0.0000	0.0000	0.0000	0.0000	0.0000	0.0000	0.0000	0.0000	0.0000	0.0000	0.0000	0.0000	0.0000	0.0000	0.0000	0.0000	0.0000	-0.0000	0.0019	12.7633	3.0025	6.3722	0.0000	0.0000	0.0000	0.0000	0.0000	0.0000	0.0000	0.0000	0.0000	0.0000	0.0000	0.0000	0.0000	0.0000	0.0000	0.0000	0.0000	0.0000	0.0006	0.0006	0.0001	0.0003	0.0003	0.0000	0.0004	0.0003	0.0001	0.0573	0.0349	0.0224	0.0160	0.0126	0.0034	0.0414	0.0223	0.0191	0.0000	0.0000	0.0000	0.0000	0.0000	0.0000	0.0000	0.0000	0.0000	0.0000	0.0000	0.0000	0.0000	0.0000	0.0000	0.0000	0.0000	0.0000											
34	48	0.2102	11	0	1	0	0	0	0	0	0	N	N	N	N	N	N	N	N	N	N	N	N	0.0000	0.0000	0.0000	0.0000	0.0000	0.0000	0.0000	0.0000	0.0000	0.0000	0.0000	0.0000	0.0000	0.0000	0.0000	0.0000	0.0000	0.0000	0.0000	-0.0000	0.0019	0.3513	3.0025	1.9759	0.0000	0.0000	0.0000	0.0000	0.0000	0.0000	0.0000	0.0000	0.0000	0.0000	0.0000	0.0000	0.0000	0.0000	0.0000	0.0000	0.0000	0.0000	0.0000	0.0000	0.0000	0.0000	0.0000	0.0000	0.0000	0.0000	0.0000	0.0076	0.0046	0.0030	0.0021	0.0017	0.0005	0.0054	0.0029	0.0025	0.0000	0.0000	0.0000	0.0000	0.0000	0.0000	0.0000	0.0000	0.0000	0.0000	0.0000	0.0000	0.0000	0.0000	0.0000	0.0000	0.0000	0.0000											
34	49	0.2099	10	0	1	0	0	0	0	0	0	N	N	N	N	N	N	N	N	N	N	N	N	0.0000	0.0000	0.0000	0.0000	0.0000	0.0000	0.0000	0.0000	0.0000	0.0000	0.0000	0.0000	0.0000	0.0000	0.0000	0.0000	0.0000	0.0000	0.0000	0.0000	0.0019	0.1669	3.0025	0.0350	0.0000	0.0000	0.0000	0.0000	0.0000	0.0000	0.0000	0.0000	0.0000	0.0000	0.0000	0.0000	0.0000	0.0000	0.0000	0.0000	0.0000	0.0000	0.0000	0.0000	0.0000	0.0000	0.0000	0.0000	0.0000	0.0000	0.0000	0.0007	0.0004	0.0003	0.0002	0.0001	0.0000	0.0005	0.0003	0.0002	0.0000	0.0000	0.0000	0.0000	0.0000	0.0000	0.0000	0.0000	0.0000	0.0000	0.0000	0.0000	0.0000	0.0000	0.0000	0.0000	0.0000	0.0000											
34	50	0.2099	9	0	1	0	0	0	0	0	0	N	N	N	N	N	N	N	N	N	N	N	N	0.0000	0.0000	0.0000	0.0000	0.0000	0.0000	0.0000	0.0000	0.0000	0.0000	0.0000	0.0000	0.0000	0.0000	0.0000	0.0000	0.0000	0.0000	0.0000	0.0000	0.0019	0.0010	3.0025	0.0028	0.0000	0.0000	0.0000	0.0000	0.0000	0.0000	0.0000	0.0000	0.0000	0.0000	0.0000	0.0000	0.0000	0.0000	0.0000	0.0000	0.0000	0.0000	0.0000	0.0000	0.0000	0.0000	0.0000	0.0000	0.0000	0.0000	0.0000	0.0000	0.0000	0.0000	0.0000	0.0000	0.0000	0.0000	0.0000	0.0000	0.0000	0.0000	0.0000	0.0000	0.0000	0.0000	0.0000	0.0000	0.0000	0.0000	0.0000	0.0000	0.0000	0.0000	0.0000	0.0000	0.0000	0.0000											
34	51	0.1325	7	0	2	0	1	0	0	0	0	N	Y	N	N	N	N	N	N	N	N	N	N	0.0000	0.0000	0.0000	0.0000	0.0000	0.0000	0.0000	0.0000	0.0000	0.0000	0.0000	0.0000	0.0000	0.0000	0.0000	0.0000	0.0000	0.0000	0.0000	0.0000	0.0019	7.3891	3.0025	13.2142	0.0000	0.0000	0.0000	0.0000	0.0000	0.0000	0.0000	0.0000	0.0000	0.0000	0.0000	0.0000	0.0000	0.0000	0.0000	0.0000	0.0000	0.0000	0.0004	0.0003	0.0000	0.0002	0.0002	0.0000	0.0002	0.0002	0.0000	0.0678	0.0398	0.0279	0.0116	0.0098	0.0018	0.0562	0.0301	0.0261	0.0000	0.0000	0.0000	0.0000	0.0000	0.0000	0.0000	0.0000	0.0000	0.0000	0.0000	0.0000	0.0000	0.0000	0.0000	0.0000	0.0000	0.0000											
34	52	0.1264	6	0	2	0	0	0	0	0	0	N	Y	N	N	N	N	N	N	N	N	N	N	0.0000	0.0000	0.0000	0.0000	0.0000	0.0000	0.0000	0.0000	0.0000	0.0000	0.0000	0.0000	0.0000	0.0000	0.0000	16.7644	0.0000	67.6443	0.0021	0.0000	0.0122	15.5902	0.0000	69.2463	inf	0.0000	0.4105	0.0019	12.1779	3.0025	13.0455	0.0000	0.0000	0.0000	0.0000	0.0000	0.0000	0.0000	0.0000	0.0000	0.9991	0.0000	0.9991	0.0000	0.0000	0.0000	0.9991	0.0000	0.9991	0.0006	0.0005	0.0001	0.0002	0.0002	0.0000	0.0004	0.0003	0.0001	0.0762	0.0436	0.0326	0.0096	0.0080	0.0016	0.0666	0.0356	0.0310	0.0000	0.0000	0.0000	0.0000	0.0000	0.0000	0.0000	0.0000	0.0000	13.1052	0.0000	30.6088	0.0021	0.0000	0.0122	15.0031	0.0000	32.2295				
34	53	0.2173	10	0	2	0	0	0	0	0	0	N	Y	N	N	N	N	N	N	N	N	N	N	0.0000	0.0000	0.0000	0.0000	0.0000	0.0000	0.0000	0.0000	0.0000	0.0000	0.0000	0.0000	0.0000	0.0000	0.0000	0.0000	0.0000	0.0000	0.0000	0.0000	0.0019	3.0001	3.0025	3.0003	0.0000	0.0000	0.0000	0.0000	0.0000	0.0000	0.0000	0.0000	0.0000	0.0000	0.0000	0.0000	0.0000	0.0000	0.0000	0.0000	0.0000	0.0000	0.0002	0.0001	0.0000	0.0001	0.0001	0.0000	0.0001	0.0001	0.0000	0.0189	0.0115	0.0075	0.0053	0.0041	0.0012	0.0137	0.0073	0.0063	0.0000	0.0000	0.0000	0.0000	0.0000	0.0000	0.0000	0.0000	0.0000	0.0000	0.0000	0.0000	0.0000	0.0000	0.0000	0.0000	0.0000	0.0000											
34	54	0.2099	9	0	1	0	0	0	0	0	0	N	N	N	N	N	N	N	N	N	N	N	N	0.0000	0.0000	0.0000	0.0000	0.0000	0.0000	0.0000	0.0000	0.0000	0.0000	0.0000	0.0000	0.0000	0.0000	0.0000	0.0000	0.0000	0.0000	0.0000	0.0000	0.0019	1.9998	3.0025	1.0017	0.0000	0.0000	0.0000	0.0000	0.0000	0.0000	0.0000	0.0000	0.0000	0.0000	0.0000	0.0000	0.0000	0.0000	0.0000	0.0000	0.0000	0.0000	0.0001	0.0001	0.0000	0.0000	0.0000	0.0000	0.0001	0.0000	0.0000	0.0096	0.0058	0.0038	0.0027	0.0021	0.0006	0.0069	0.0037	0.0032	0.0000	0.0000	0.0000	0.0000	0.0000	0.0000	0.0000	0.0000	0.0000	0.0000	0.0000	0.0000	0.0000	0.0000	0.0000	0.0000	0.0000	0.0000											
34	55	0.1519	8	0	1	0	0	0	0	0	0	N	N	N	N	N	N	N	N	N	N	N	N	0.0000	0.0000	0.0000	0.0000	0.0000	0.0000	0.0000	0.0000	0.0000	0.0000	0.0000	0.0000	0.0000	0.0002	0.0003	0.0000	0.0008	0.0010	0.0000	0.0000	0.0000	0.0000	0.0000	0.0000	-0.0000	0.0019	8.0033	3.0025	9.9473	0.0000	0.0000	0.0000	0.0000	0.0000	0.0000	0.0000	0.0000	0.0000	0.0000	0.0000	0.0000	0.0000	0.0000	0.0000	0.0000	0.0000	0.0000	0.0004	0.0004	0.0000	0.0002	0.0002	0.0000	0.0002	0.0002	0.0000	0.0564	0.0336	0.0228	0.0120	0.0097	0.0024	0.0443	0.0239	0.0204	0.0000	0.0000	0.0000	0.0000	0.0000	0.0000	0.0000	0.0000	0.0000	0.0002	0.0003	0.0000	0.0008	0.0010	0.0000	0.0000	0.0000	0.0000						
34	56	0.1675	6	0	2	0	0	0	0	0	0	N	Y	N	N	N	N	N	N	N	N	N	N	382.3406	278.1473	1211338.3632	0.0029	0.0025	0.0000	32292214.1943	30685167.0564	2127621.0179	1.8959	2.1813	0.1271	0.0000	0.0000	0.0000	3.2692	4.2114	0.1318	0.0050	0.0078	0.0000	0.0155	0.0178	0.0000	0.0000	0.0000	0.0000	0.0094	0.0000	-0.0002	-0.0002	0.0019	5.0156	3.0025	9.5596	0.0005	0.0005	0.0000	0.0000	0.0000	0.0000	0.0005	0.0005	0.0000	0.0003	0.0003	0.0000	0.0003	0.0003	0.0000	0.0000	0.0000	0.0000	0.0003	0.0002	0.0000	0.0001	0.0001	0.0000	0.0002	0.0001	0.0000	0.0596	0.0377	0.0219	0.0191	0.0166	0.0026	0.0405	0.0211	0.0194	382.3406	278.1473	1211338.3632	0.0029	0.0025	0.0000	32292214.1943	30685167.0564	2127621.0179	0.0050	0.0078	0.0000	0.0155	0.0178	0.0000	0.0000	0.0000	0.0000
34	57	0.1461	5	0	2	0	0	0	0	0	0	N	Y	N	N	N	N	N	N	N	N	N	N	2.3376	2.6635	0.2967	2.9130	2.7475	0.0000	1.1115	1.3261	0.2851	0.0215	0.0238	0.0029	0.0410	0.0415	0.0000	0.0072	0.0082	0.0030	0.0092	0.0090	0.0097	0.0141	0.0151	0.0007	0.0065	0.0062	0.0105	0.0154	0.4762	-0.0000	-0.0002	0.0019	5.2776	3.0025	4.9316	0.0000	0.0000	0.0000	0.0000	0.0000	0.0000	0.0000	0.0000	0.0000	0.0006	0.0004	0.0002	0.0003	0.0003	0.0000	0.0003	0.0001	0.0002	0.0003	0.0003	0.0000	0.0001	0.0001	0.0000	0.0002	0.0001	0.0000	0.0655	0.0455	0.0199	0.0233	0.0217	0.0016	0.0422	0.0238	0.0183	2.3376	2.6635	0.2967	2.9130	2.7475	0.0000	1.1115	2.4249	0.2851	0.0092	0.0090	0.0097	0.0141	0.0151	0.0007	0.0065	0.0034	0.0105
34	58	0.1181	4	0	1	0	0	0	0	0	0	N	N	N	N	N	N	N	N	N	N	N	N	0.0323	0.3140	0.0000	2.7606	4.0647	0.0000	0.0000	0.0000	0.0000	0.0003	0.0003	0.0000	0.0007	0.0007	0.0000	0.0000	0.0000	0.0000	0.0088	0.0010	0.0202	0.0003	0.0002	0.0009	0.0104	0.0013	0.0211	0.0000	13.5056	-0.0000	0.0001	0.0019	6.4383	3.0025	5.2340	0.0000	0.0000	0.0000	0.0000	0.0000	0.0000	0.0000	0.0000	0.0000	0.0004	0.0000	0.0003	0.0000	0.0000	0.0000	0.0004	0.0000	0.0003	0.0003	0.0003	0.0000	0.0001	0.0001	0.0000	0.0002	0.0002	0.0000	0.0425	0.0253	0.0173	0.0068	0.0060	0.0008	0.0357	0.0193	0.0165	0.0323	0.3140	0.0000	2.7606	4.0647	0.0000	0.0000	0.0000	0.0000	0.0088	0.0010	0.0202	0.0003	0.0002	0.0009	0.0104	0.0013	0.0211
34	63	0.2313	11	1	2	0	1	0	0	0	0	N	Y	N	N	N	N	N	N	N	N	N	N	0.0000	0.0000	0.0000	0.0000	0.0000	0.0000	0.0000	0.0000	0.0000	0.0000	0.0000	0.0000	0.0000	0.0000	0.0000	0.0000	0.0000	0.0000	0.0000	0.0000	0.0019	2.0000	3.0025	2.0002	0.0000	0.0000	0.0000	0.0000	0.0000	0.0000	0.0000	0.0000	0.0000	0.0000	0.0000	0.0000	0.0000	0.0000	0.0000	0.0000	0.0000	0.0000	0.0001	0.0001	0.0000	0.0000	0.0000	0.0000	0.0001	0.0000	0.0000	0.0124	0.0074	0.0050	0.0026	0.0021	0.0005	0.0098	0.0053	0.0045	0.0000	0.0000	0.0000	0.0000	0.0000	0.0000	0.0000	0.0000	0.0000	0.0000	0.0000	0.0000	0.0000	0.0000	0.0000	0.0000	0.0000	0.0000											
34	64	0.2470	15	0	2	0	1	0	0	0	0	N	Y	N	N	N	N	N	N	N	N	N	N	0.0000	0.0000	0.0000	0.0000	0.0000	0.0000	0.0000	0.0000	0.0000	0.0000	0.0000	0.0000	0.0000	0.0000	0.0000	0.0000	0.0000	0.0000	0.0000	0.0000	0.0019	2.0059	3.0025	4.8036	0.0000	0.0000	0.0000	0.0000	0.0000	0.0000	0.0000	0.0000	0.0000	0.0000	0.0000	0.0000	0.0000	0.0000	0.0000	0.0000	0.0000	0.0000	0.0001	0.0001	0.0000	0.0000	0.0000	0.0000	0.0001	0.0000	0.0000	0.0213	0.0130	0.0083	0.0048	0.0040	0.0008	0.0165	0.0090	0.0075	0.0000	0.0000	0.0000	0.0000	0.0000	0.0000	0.0000	0.0000	0.0000	0.0000	0.0000	0.0000	0.0000	0.0000	0.0000	0.0000	0.0000	0.0000											
34	65	0.2442	13	0	2	0	0	0	0	0	0	N	Y	N	N	N	N	N	N	N	N	N	N	0.0000	0.0000	0.0000	0.0000	0.0000	0.0000	0.0000	0.0000	0.0000	0.0000	0.0000	0.0000	0.0000	0.0000	0.0000	0.0044	0.0074	0.0000	0.0170	0.0198	0.0000	0.0000	0.0000	0.0000	0.0003	0.0000	-0.0000	0.0019	0.9804	3.0025	0.2754	0.0000	0.0000	0.0000	0.0000	0.0000	0.0000	0.0000	0.0000	0.0000	0.0000	0.0000	0.0000	0.0000	0.0000	0.0000	0.0000	0.0000	0.0000	0.0000	0.0000	0.0000	0.0000	0.0000	0.0000	0.0000	0.0000	0.0000	0.0046	0.0027	0.0018	0.0012	0.0010	0.0002	0.0034	0.0017	0.0017	0.0000	0.0000	0.0000	0.0000	0.0000	0.0000	0.0000	0.0000	0.0000	0.0044	0.0074	0.0000	0.0170	0.0198	0.0000	0.0000	0.0000	0.0000				
34	66	0.2420	14	0	1	1	1	0	0	0	0	N	N	N	N	N	N	N	N	N	N	N	N	0.0000	0.0000	0.0000	0.0000	0.0000	0.0000	0.0000	0.0000	0.0000	0.0000	0.0000	0.0000	0.0000	0.0000	0.0000	0.0000	0.0000	0.0000	0.0000	0.0000	0.0019	0.9437	3.0025	4.8091	0.0000	0.0000	0.0000	0.0000	0.0000	0.0000	0.0000	0.0000	0.0000	0.0000	0.0000	0.0000	0.0000	0.0000	0.0000	0.0000	0.0000	0.0000	0.0000	0.0000	0.0000	0.0000	0.0000	0.0000	0.0000	0.0000	0.0000	0.0182	0.0111	0.0071	0.0041	0.0034	0.0007	0.0141	0.0077	0.0064	0.0000	0.0000	0.0000	0.0000	0.0000	0.0000	0.0000	0.0000	0.0000	0.0000	0.0000	0.0000	0.0000	0.0000	0.0000	0.0000	0.0000	0.0000											
34	67	0.2350	13	0	1	1	1	0	0	0	0	N	N	N	N	N	N	N	N	N	N	N	N	0.0000	0.0000	0.0000	0.0000	0.0000	0.0000	0.0000	0.0000	0.0000	0.0000	0.0000	0.0000	0.0000	0.0000	0.0000	0.0000	0.0000	0.0000	0.0000	0.0000	0.0019	4.0088	3.0025	5.0246	0.0000	0.0000	0.0000	0.0000	0.0000	0.0000	0.0000	0.0000	0.0000	0.0000	0.0000	0.0000	0.0000	0.0000	0.0000	0.0000	0.0000	0.0000	0.0002	0.0001	0.0000	0.0001	0.0001	0.0000	0.0001	0.0001	0.0000	0.0273	0.0163	0.0110	0.0057	0.0046	0.0011	0.0216	0.0117	0.0099	0.0000	0.0000	0.0000	0.0000	0.0000	0.0000	0.0000	0.0000	0.0000	0.0000	0.0000	0.0000	0.0000	0.0000	0.0000	0.0000	0.0000	0.0000											
34	68	0.2470	15	0	1	1	1	0	0	0	0	N	N	N	N	N	N	N	N	N	N	N	N	0.0000	0.0000	0.0000	0.0000	0.0000	0.0000	0.0000	0.0000	0.0000	0.0000	0.0000	0.0000	0.0000	0.0000	0.0000	0.0000	0.0000	0.0000	0.0000	0.0000	0.0019	1.0064	3.0025	4.2000	0.0000	0.0000	0.0000	0.0000	0.0000	0.0000	0.0000	0.0000	0.0000	0.0000	0.0000	0.0000	0.0000	0.0000	0.0000	0.0000	0.0000	0.0000	0.0000	0.0000	0.0000	0.0000	0.0000	0.0000	0.0000	0.0000	0.0000	0.0166	0.0102	0.0065	0.0038	0.0032	0.0006	0.0128	0.0070	0.0058	0.0000	0.0000	0.0000	0.0000	0.0000	0.0000	0.0000	0.0000	0.0000	0.0000	0.0000	0.0000	0.0000	0.0000	0.0000	0.0000	0.0000	0.0000											
34	69	0.2420	14	0	1	0	1	0	0	0	0	N	N	N	N	N	N	N	N	N	N	N	N	0.0000	0.0000	0.0000	0.0000	0.0000	0.0000	0.0000	0.0000	0.0000	0.0000	0.0000	0.0000	0.0000	0.0000	0.0000	0.0000	0.0000	0.0000	0.0000	0.0000	0.0019	1.2889	3.0025	0.3511	0.0000	0.0000	0.0000	0.0000	0.0000	0.0000	0.0000	0.0000	0.0000	0.0000	0.0000	0.0000	0.0000	0.0000	0.0000	0.0000	0.0000	0.0000	0.0001	0.0001	0.0000	0.0000	0.0000	0.0000	0.0000	0.0000	0.0000	0.0059	0.0037	0.0022	0.0015	0.0013	0.0002	0.0044	0.0024	0.0020	0.0000	0.0000	0.0000	0.0000	0.0000	0.0000	0.0000	0.0000	0.0000	0.0000	0.0000	0.0000	0.0000	0.0000	0.0000	0.0000	0.0000	0.0000											
34	70	0.2350	13	0	1	0	1	0	0	0	0	N	N	N	N	N	N	N	N	N	N	N	N	0.0000	0.0000	0.0000	0.0000	0.0000	0.0000	0.0000	0.0000	0.0000	0.0000	0.0000	0.0000	0.0000	0.0000	0.0000	0.0000	0.0000	0.0000	0.0000	0.0000	0.0019	0.7777	3.0025	1.1718	0.0000	0.0000	0.0000	0.0000	0.0000	0.0000	0.0000	0.0000	0.0000	0.0000	0.0000	0.0000	0.0000	0.0000	0.0000	0.0000	0.0000	0.0000	0.0000	0.0000	0.0000	0.0000	0.0000	0.0000	0.0000	0.0000	0.0000	0.0061	0.0037	0.0025	0.0013	0.0011	0.0002	0.0048	0.0026	0.0022	0.0000	0.0000	0.0000	0.0000	0.0000	0.0000	0.0000	0.0000	0.0000	0.0000	0.0000	0.0000	0.0000	0.0000	0.0000	0.0000	0.0000	0.0000											
34	71	0.2313	12	0	1	0	1	0	0	0	0	N	N	N	N	N	N	N	N	N	N	N	N	0.0000	0.0000	0.0000	0.0000	0.0000	0.0000	0.0000	0.0000	0.0000	0.0000	0.0000	0.0000	0.0000	0.0000	0.0000	0.0000	0.0000	0.0000	0.0000	0.0000	0.0019	0.9929	3.0025	0.0325	0.0000	0.0000	0.0000	0.0000	0.0000	0.0000	0.0000	0.0000	0.0000	0.0000	0.0000	0.0000	0.0000	0.0000	0.0000	0.0000	0.0000	0.0000	0.0000	0.0000	0.0000	0.0000	0.0000	0.0000	0.0000	0.0000	0.0000	0.0032	0.0019	0.0013	0.0007	0.0006	0.0001	0.0025	0.0014	0.0012	0.0000	0.0000	0.0000	0.0000	0.0000	0.0000	0.0000	0.0000	0.0000	0.0000	0.0000	0.0000	0.0000	0.0000	0.0000	0.0000	0.0000	0.0000											
34	72	0.2764	11	1	2	0	0	0	0	0	0	N	Y	N	N	N	N	N	N	N	N	N	N	0.0000	0.0000	0.0000	0.0000	0.0000	0.0000	0.0000	0.0000	0.0000	0.0000	0.0000	0.0000	0.0000	0.0000	0.0000	0.0000	0.0000	0.0000	0.0000	0.0000	0.0019	0.0000	3.0025	0.0001	0.0000	0.0000	0.0000	0.0000	0.0000	0.0000	0.0000	0.0000	0.0000	0.0000	0.0000	0.0000	0.0000	0.0000	0.0000	0.0000	0.0000	0.0000	0.0000	0.0000	0.0000	0.0000	0.0000	0.0000	0.0000	0.0000	0.0000	0.0000	0.0000	0.0000	0.0000	0.0000	0.0000	0.0000	0.0000	0.0000	0.0000	0.0000	0.0000	0.0000	0.0000	0.0000	0.0000	0.0000	0.0000	0.0000	0.0000	0.0000	0.0000	0.0000	0.0000	0.0000	0.0000	0.0000											
34	73	0.2131	10	1	2	0	0	0	0	0	0	N	Y	N	N	N	N	N	N	N	N	N	N	0.0000	0.0000	0.0000	0.0000	0.0000	0.0000	0.0000	0.0000	0.0000	0.0000	0.0000	0.0000	0.0000	0.0000	0.0000	0.0000	0.0000	0.0000	0.0000	0.0000	0.0019	9.9619	3.0025	7.0378	0.0000	0.0000	0.0000	0.0000	0.0000	0.0000	0.0000	0.0000	0.0000	0.0000	0.0000	0.0000	0.0000	0.0000	0.0000	0.0000	0.0000	0.0000	0.0004	0.0004	0.0001	0.0002	0.0002	0.0000	0.0003	0.0002	0.0001	0.0512	0.0308	0.0204	0.0120	0.0096	0.0024	0.0393	0.0212	0.0180	0.0000	0.0000	0.0000	0.0000	0.0000	0.0000	0.0000	0.0000	0.0000	0.0000	0.0000	0.0000	0.0000	0.0000	0.0000	0.0000	0.0000	0.0000											
34	74	0.2250	10	0	2	0	0	0	0	0	0	N	Y	N	N	N	N	N	N	N	N	N	N	0.0000	0.0000	0.0000	0.0000	0.0000	0.0000	0.0000	0.0000	0.0000	0.0000	0.0000	0.0000	0.0000	0.0004	0.0006	0.0000	0.0013	0.0016	0.0000	0.0000	0.0000	0.0000	0.0000	0.0000	-0.0000	0.0019	7.0442	3.0025	2.0273	0.0000	0.0000	0.0000	0.0000	0.0000	0.0000	0.0000	0.0000	0.0000	0.0000	0.0000	0.0000	0.0000	0.0000	0.0000	0.0000	0.0000	0.0000	0.0003	0.0003	0.0000	0.0001	0.0001	0.0000	0.0002	0.0001	0.0000	0.0279	0.0167	0.0112	0.0077	0.0064	0.0014	0.0202	0.0103	0.0099	0.0000	0.0000	0.0000	0.0000	0.0000	0.0000	0.0000	0.0000	0.0000	0.0004	0.0006	0.0000	0.0013	0.0016	0.0000	0.0000	0.0000	0.0000						
34	75	0.2010	9	0	2	0	0	0	0	0	0	N	Y	N	N	N	N	N	N	N	N	N	N	2.3691	0.0000	inf	3.0078	0.0000	inf	0.0010	0.0000	0.0074	0.0000	0.0000	0.0000	0.0017	0.0000	0.0076	0.0004	0.0007	0.0000	0.0000	0.0000	0.0000	0.0005	0.0010	0.0000	inf	0.0001	0.0000	-0.0000	0.0019	4.3369	3.0025	3.0972	0.0000	0.0000	0.0000	0.0000	0.0000	0.0000	0.0000	0.0000	0.0000	0.0000	0.0000	0.0000	0.0000	0.0000	0.0000	0.0000	0.0000	0.0000	0.0002	0.0002	0.0000	0.0001	0.0001	0.0000	0.0001	0.0001	0.0000	0.0238	0.0143	0.0095	0.0057	0.0045	0.0011	0.0182	0.0098	0.0084	2.3691	0.0000	inf	0.0000	0.0000	0.0000	3.0078	0.0000	inf	0.0004	0.0007	0.0000	0.0000	0.0000	0.0000	0.0005	0.0010	0.0000			
34	76	0.2883	14	1	2	0	0	0	0	0	0	N	Y	N	N	N	N	N	N	N	N	N	N	0.0000	0.0000	0.0000	0.0000	0.0000	0.0000	0.0000	0.0000	0.0000	0.0000	0.0000	0.0000	0.0000	0.0000	0.0000	0.0000	0.0000	0.0000	0.0000	0.0000	0.0019	1.9992	3.0025	0.0055	0.0000	0.0000	0.0000	0.0000	0.0000	0.0000	0.0000	0.0000	0.0000	0.0000	0.0000	0.0000	0.0000	0.0000	0.0000	0.0000	0.0000	0.0000	0.0001	0.0001	0.0000	0.0001	0.0001	0.0000	0.0001	0.0001	0.0000	0.0072	0.0044	0.0028	0.0017	0.0014	0.0003	0.0055	0.0031	0.0025	0.0000	0.0000	0.0000	0.0000	0.0000	0.0000	0.0000	0.0000	0.0000	0.0000	0.0000	0.0000	0.0000	0.0000	0.0000	0.0000	0.0000	0.0000											
34	77	0.2442	13	1	2	0	0	0	0	0	0	N	Y	N	N	N	N	N	N	N	N	N	N	0.0000	0.0000	0.0000	0.0000	0.0000	0.0000	0.0000	0.0000	0.0000	0.0000	0.0000	0.0000	0.0000	0.0000	0.0000	0.0000	0.0000	0.0000	0.0000	0.0000	0.0019	5.0219	3.0025	2.0148	0.0000	0.0000	0.0000	0.0000	0.0000	0.0000	0.0000	0.0000	0.0000	0.0000	0.0000	0.0000	0.0000	0.0000	0.0000	0.0000	0.0000	0.0000	0.0002	0.0002	0.0000	0.0001	0.0001	0.0000	0.0001	0.0001	0.0000	0.0221	0.0132	0.0089	0.0050	0.0041	0.0009	0.0171	0.0091	0.0080	0.0000	0.0000	0.0000	0.0000	0.0000	0.0000	0.0000	0.0000	0.0000	0.0000	0.0000	0.0000	0.0000	0.0000	0.0000	0.0000	0.0000	0.0000											
34	78	0.2313	12	0	2	0	0	0	0	0	0	N	Y	N	N	N	N	N	N	N	N	N	N	0.0000	0.0000	0.0000	0.0000	0.0000	0.0000	0.0000	0.0000	0.0000	0.0000	0.0000	0.0000	0.0000	0.0000	0.0000	0.0000	0.0000	0.0017	0.0015	0.0021	0.0000	0.0000	0.0000	0.0022	0.0035	0.0024	0.9936	0.0000	-0.0000	0.0019	1.0203	3.0025	2.7327	0.0000	0.0000	0.0000	0.0000	0.0000	0.0000	0.0000	0.0000	0.0000	0.0000	0.0000	0.0000	0.0000	0.0000	0.0000	0.0000	0.0000	0.0000	0.0000	0.0000	0.0000	0.0000	0.0000	0.0000	0.0000	0.0000	0.0000	0.0116	0.0070	0.0047	0.0025	0.0020	0.0005	0.0092	0.0050	0.0042	0.0000	0.0000	0.0000	0.0000	0.0000	0.0000	0.0000	0.0000	0.0000	0.0017	0.0015	0.0021	0.0000	0.0000	0.0000	0.0022	0.0020	0.0024		
34	79	0.2313	11	0	1	0	0	0	0	0	0	N	N	N	N	N	N	N	N	N	N	N	N	0.0000	0.0000	0.0000	0.0000	0.0000	0.0000	0.0000	0.0000	0.0000	0.0000	0.0000	0.0000	0.0000	0.0000	0.0000	0.0000	0.0000	0.0000	0.0000	0.0000	0.0019	0.0000	3.0025	0.0018	0.0000	0.0000	0.0000	0.0000	0.0000	0.0000	0.0000	0.0000	0.0000	0.0000	0.0000	0.0000	0.0000	0.0000	0.0000	0.0000	0.0000	0.0000	0.0000	0.0000	0.0000	0.0000	0.0000	0.0000	0.0000	0.0000	0.0000	0.0000	0.0000	0.0000	0.0000	0.0000	0.0000	0.0000	0.0000	0.0000	0.0000	0.0000	0.0000	0.0000	0.0000	0.0000	0.0000	0.0000	0.0000	0.0000	0.0000	0.0000	0.0000	0.0000	0.0000	0.0000	0.0000	0.0000											
34	80	0.2131	10	0	1	0	0	0	0	0	0	N	N	N	N	N	N	N	N	N	N	N	N	0.0000	0.0000	0.0000	0.0000	0.0000	0.0000	0.0000	0.0000	0.0000	0.0000	0.0000	0.0000	0.0000	0.0000	0.0000	0.0000	0.0000	0.0000	0.0000	0.0000	0.0019	3.0825	3.0025	2.0124	0.0000	0.0000	0.0000	0.0000	0.0000	0.0000	0.0000	0.0000	0.0000	0.0000	0.0000	0.0000	0.0000	0.0000	0.0000	0.0000	0.0000	0.0000	0.0001	0.0001	0.0000	0.0001	0.0001	0.0000	0.0001	0.0001	0.0000	0.0165	0.0099	0.0065	0.0040	0.0032	0.0008	0.0125	0.0068	0.0058	0.0000	0.0000	0.0000	0.0000	0.0000	0.0000	0.0000	0.0000	0.0000	0.0000	0.0000	0.0000	0.0000	0.0000	0.0000	0.0000	0.0000	0.0000											
34	81	0.2010	9	0	1	0	0	0	0	0	0	N	N	N	N	N	N	N	N	N	N	N	N	inf	inf	inf	inf	0.0012	0.0000	0.0086	0.0000	0.0000	0.0000	0.0019	0.0000	0.0088	0.0000	0.0000	0.0000	0.0000	0.0000	0.0000	0.0000	0.0000	0.0000	inf	0.0000	0.0000	0.0019	3.6751	3.0025	0.0788	0.0000	0.0000	0.0000	0.0000	0.0000	0.0000	0.0000	0.0000	0.0000	0.0000	0.0000	0.0000	0.0000	0.0000	0.0000	0.0000	0.0000	0.0000	0.0002	0.0002	0.0000	0.0001	0.0001	0.0000	0.0001	0.0001	0.0000	0.0125	0.0075	0.0049	0.0030	0.0025	0.0006	0.0094	0.0051	0.0044	inf	0.0000	inf	0.0000	0.0000	0.0000	inf	0.0000	inf	0.0000	0.0000	0.0000	0.0000	0.0000	0.0000	0.0000	0.0000	0.0000						
34	82	0.1519	8	0	1	0	0	0	0	0	0	N	N	N	N	N	N	N	N	N	N	N	N	inf	inf	inf	inf	1.2195	0.0000	11.0339	0.0000	0.0000	0.0000	2.0507	0.0000	11.1715	0.0000	0.0000	0.0000	0.0000	0.0000	0.0000	0.0000	0.0000	0.0000	inf	0.0003	-0.0000	0.0019	8.5011	3.0025	5.2406	0.0005	0.0000	0.0005	0.0000	0.0000	0.0000	0.0005	0.0000	0.0005	0.0000	0.0000	0.0000	0.0000	0.0000	0.0000	0.0000	0.0000	0.0000	0.0004	0.0004	0.0000	0.0002	0.0002	0.0000	0.0003	0.0002	0.0000	0.0444	0.0266	0.0179	0.0096	0.0078	0.0019	0.0348	0.0188	0.0160	inf	0.0000	inf	0.0000	0.0000	0.0000	inf	0.0000	inf	0.0000	0.0000	0.0000	0.0000	0.0000	0.0000	0.0000	0.0000	0.0000						
35	36	0.2271	7	1	2	1	0	0	0	0	0	N	Y	N	N	N	N	N	N	N	N	N	N	0.0000	0.0000	0.0000	0.0000	0.0000	0.0000	0.0000	0.0000	0.0000	0.0000	0.0000	0.0000	0.0000	0.0000	0.0000	0.0000	0.0000	0.0000	0.0000	0.0000	1.0000	3.0341	1.9999	5.2124	0.0000	0.0000	0.0000	0.0000	0.0000	0.0000	0.0000	0.0000	0.0000	0.0000	0.0000	0.0000	0.0000	0.0000	0.0000	0.0000	0.0000	0.0000	0.0231	0.0202	0.0029	0.0052	0.0049	0.0004	0.0178	0.0154	0.0025	0.0339	0.0209	0.0130	0.0090	0.0074	0.0016	0.0249	0.0135	0.0113	0.0000	0.0000	0.0000	0.0000	0.0000	0.0000	0.0000	0.0000	0.0000	0.0000	0.0000	0.0000	0.0000	0.0000	0.0000	0.0000	0.0000	0.0000											
35	37	0.2033	6	1	2	0	0	0	0	0	0	N	Y	N	N	N	N	N	N	N	N	N	N	0.0000	0.0000	0.0000	0.0000	0.0000	0.0000	0.0000	0.0000	0.0000	0.0000	0.0000	0.0000	0.0000	0.0000	0.0000	0.0000	0.0000	0.0000	0.0000	0.0000	1.0000	3.0544	1.9999	4.8962	0.0000	0.0000	0.0000	0.0000	0.0000	0.0000	0.0000	0.0000	0.0000	0.0000	0.0000	0.0000	0.0000	0.0000	0.0000	0.0000	0.0000	0.0000	0.0219	0.0191	0.0028	0.0040	0.0037	0.0003	0.0179	0.0154	0.0025	0.0271	0.0145	0.0126	0.0040	0.0033	0.0008	0.0230	0.0112	0.0118	0.0000	0.0000	0.0000	0.0000	0.0000	0.0000	0.0000	0.0000	0.0000	0.0000	0.0000	0.0000	0.0000	0.0000	0.0000	0.0000	0.0000	0.0000											
35	38	0.2818	11	1	1	1	0	0	0	0	0	N	N	N	N	N	N	N	N	N	N	N	N	0.0000	0.0000	0.0000	0.0000	0.0000	0.0000	0.0000	0.0000	0.0000	0.0000	0.0000	0.0000	0.0000	0.0000	0.0000	0.0000	0.0000	0.0000	0.0000	0.0000	1.0000	0.9992	1.9999	1.0069	0.0000	0.0000	0.0000	0.0000	0.0000	0.0000	0.0000	0.0000	0.0000	0.0000	0.0000	0.0000	0.0000	0.0000	0.0000	0.0000	0.0000	0.0000	0.0061	0.0054	0.0008	0.0013	0.0012	0.0001	0.0048	0.0042	0.0007	0.0056	0.0033	0.0023	0.0015	0.0012	0.0003	0.0040	0.0021	0.0020	0.0000	0.0000	0.0000	0.0000	0.0000	0.0000	0.0000	0.0000	0.0000	0.0000	0.0000	0.0000	0.0000	0.0000	0.0000	0.0000	0.0000	0.0000											
35	39	0.2764	10	1	1	0	0	0	0	0	0	N	N	N	N	N	N	N	N	N	N	N	N	0.0000	0.0000	0.0000	0.0000	0.0000	0.0000	0.0000	0.0000	0.0000	0.0000	0.0000	0.0000	0.0000	0.0000	0.0000	0.0000	0.0000	0.0000	0.0000	0.0000	1.0000	1.0008	1.9999	0.9987	0.0000	0.0000	0.0000	0.0000	0.0000	0.0000	0.0000	0.0000	0.0000	0.0000	0.0000	0.0000	0.0000	0.0000	0.0000	0.0000	0.0000	0.0000	0.0061	0.0054	0.0008	0.0013	0.0012	0.0001	0.0048	0.0041	0.0007	0.0054	0.0031	0.0023	0.0014	0.0011	0.0003	0.0040	0.0021	0.0020	0.0000	0.0000	0.0000	0.0000	0.0000	0.0000	0.0000	0.0000	0.0000	0.0000	0.0000	0.0000	0.0000	0.0000	0.0000	0.0000	0.0000	0.0000											
35	40	0.1985	9	1	1	0	0	0	0	0	0	N	N	N	N	N	N	N	N	N	N	N	N	0.0000	0.0000	0.0000	0.0000	0.0000	0.0000	0.0000	0.0000	0.0000	0.0000	0.0000	0.0000	0.0000	0.0000	0.0000	0.0000	0.0000	0.0000	0.0000	0.0000	1.0000	9.0374	1.9999	18.5287	0.0000	0.0000	0.0000	0.0000	0.0000	0.0000	0.0000	0.0000	0.0000	0.0000	0.0000	0.0000	0.0000	0.0000	0.0000	0.0000	0.0000	0.0000	0.0626	0.0548	0.0078	0.0121	0.0112	0.0009	0.0505	0.0436	0.0069	0.0845	0.0470	0.0375	0.0132	0.0106	0.0026	0.0713	0.0364	0.0349	0.0000	0.0000	0.0000	0.0000	0.0000	0.0000	0.0000	0.0000	0.0000	0.0000	0.0000	0.0000	0.0000	0.0000	0.0000	0.0000	0.0000	0.0000											
35	41	0.1717	8	1	1	0	0	0	0	0	0	N	N	N	N	N	N	N	N	N	N	N	N	0.0000	0.0000	0.0000	0.0000	0.0000	0.0000	0.0000	0.0000	0.0000	0.0000	0.0000	0.0000	0.0000	0.0000	0.0000	0.0000	0.0000	0.0000	0.0000	0.0000	1.0000	9.0369	1.9999	3.5648	0.0000	0.0000	0.0000	0.0000	0.0000	0.0000	0.0000	0.0000	0.0000	0.0000	0.0000	0.0000	0.0000	0.0000	0.0000	0.0000	0.0000	0.0000	0.0633	0.0553	0.0080	0.0114	0.0106	0.0008	0.0518	0.0447	0.0071	0.0467	0.0268	0.0199	0.0075	0.0064	0.0011	0.0392	0.0205	0.0188	0.0000	0.0000	0.0000	0.0000	0.0000	0.0000	0.0000	0.0000	0.0000	0.0000	0.0000	0.0000	0.0000	0.0000	0.0000	0.0000	0.0000	0.0000											
35	42	0.1379	4	1	1	0	0	0	0	0	0	N	N	N	N	N	N	N	N	N	N	N	N	0.0000	0.0000	0.0000	0.0000	0.0000	0.0000	0.0000	0.0000	0.0000	0.0000	0.0000	0.0000	0.0000	0.0000	0.0000	0.0000	0.0000	0.0000	0.0000	0.0000	1.0000	17.0025	1.9999	6.0864	0.0000	0.0000	0.0000	0.0000	0.0000	0.0000	0.0000	0.0000	0.0000	0.0000	0.0000	0.0000	0.0000	0.0000	0.0000	0.0000	0.0000	0.0000	0.1165	0.1017	0.0148	0.0197	0.0180	0.0017	0.0968	0.0837	0.0131	0.0800	0.0437	0.0363	0.0074	0.0065	0.0009	0.0726	0.0372	0.0354	0.0000	0.0000	0.0000	0.0000	0.0000	0.0000	0.0000	0.0000	0.0000	0.0000	0.0000	0.0000	0.0000	0.0000	0.0000	0.0000	0.0000	0.0000											
35	44	0.1379	4	1	2	0	0	0	0	0	0	N	Y	N	N	N	N	N	N	N	N	N	N	0.0000	0.0000	0.0000	0.0000	0.0000	0.0000	0.0000	0.0000	0.0000	0.0000	0.0000	0.0000	0.0000	0.0000	0.0000	0.0000	0.0000	0.0000	0.0000	0.0000	1.0000	6.9958	1.9999	11.8523	0.0000	0.0000	0.0000	0.0000	0.0000	0.0000	0.0000	0.0000	0.0000	0.0000	0.0000	0.0000	0.0000	0.0000	0.0000	0.0000	0.0000	0.0000	0.0519	0.0452	0.0067	0.0099	0.0090	0.0009	0.0420	0.0362	0.0058	0.0679	0.0375	0.0304	0.0068	0.0060	0.0008	0.0611	0.0315	0.0296	0.0000	0.0000	0.0000	0.0000	0.0000	0.0000	0.0000	0.0000	0.0000	0.0000	0.0000	0.0000	0.0000	0.0000	0.0000	0.0000	0.0000	0.0000											
35	45	0.1763	5	1	2	0	0	0	0	0	0	N	Y	N	N	N	N	N	N	N	N	N	N	0.0000	0.0000	0.0000	0.0000	0.0000	0.0000	0.0000	0.0000	0.0000	0.0000	0.0000	0.0000	0.0000	0.0000	0.0000	0.0026	0.0048	0.0000	0.0155	0.0187	0.0000	0.0007	0.0017	0.0000	0.0000	0.0000	-0.0002	1.0000	20.1318	1.9999	17.5118	0.0000	0.0000	0.0000	0.0000	0.0000	0.0000	0.0000	0.0000	0.0000	0.0003	0.0003	0.0000	0.0002	0.0002	0.0000	0.0001	0.0001	0.0000	0.1364	0.1194	0.0171	0.0216	0.0199	0.0016	0.1149	0.0994	0.0154	0.1156	0.0629	0.0526	0.0148	0.0123	0.0025	0.1008	0.0506	0.0501	0.0000	0.0000	0.0000	0.0000	0.0000	0.0000	0.0000	0.0000	0.0000	0.0026	0.0048	0.0000	0.0155	0.0187	0.0000	0.0007	0.0014	0.0000				
35	46	0.1997	9	1	2	0	0	0	0	0	0	N	Y	N	N	N	N	N	N	N	N	N	N	0.0000	0.0000	0.0000	0.0000	0.0000	0.0000	0.0000	0.0000	0.0000	0.0000	0.0000	0.0000	0.0000	0.0000	0.0000	0.0000	0.0000	0.0000	0.0000	0.0000	1.0000	15.0410	1.9999	10.9147	0.0000	0.0000	0.0000	0.0000	0.0000	0.0000	0.0000	0.0000	0.0000	0.0000	0.0000	0.0000	0.0000	0.0000	0.0000	0.0000	0.0000	0.0000	0.1113	0.0978	0.0135	0.0293	0.0273	0.0020	0.0819	0.0705	0.0115	0.0964	0.0571	0.0392	0.0294	0.0226	0.0068	0.0669	0.0345	0.0324	0.0000	0.0000	0.0000	0.0000	0.0000	0.0000	0.0000	0.0000	0.0000	0.0000	0.0000	0.0000	0.0000	0.0000	0.0000	0.0000	0.0000	0.0000											
35	47	0.2013	8	2	1	1	0	0	0	0	0	Y	N	N	N	N	N	N	N	N	N	N	N	0.0000	0.0000	0.0000	0.0000	0.0000	0.0000	0.0000	0.0000	0.0000	0.0000	0.0000	0.0000	0.0000	0.0000	0.0000	0.0000	0.0000	0.0000	0.0000	0.0000	1.0000	12.7633	1.9999	6.3722	0.0000	0.0000	0.0000	0.0000	0.0000	0.0000	0.0000	0.0000	0.0000	0.0000	0.0000	0.0000	0.0000	0.0000	0.0000	0.0000	0.0000	0.0000	0.0890	0.0781	0.0109	0.0168	0.0156	0.0011	0.0723	0.0625	0.0098	0.0648	0.0359	0.0289	0.0120	0.0098	0.0022	0.0528	0.0261	0.0267	0.0000	0.0000	0.0000	0.0000	0.0000	0.0000	0.0000	0.0000	0.0000	0.0000	0.0000	0.0000	0.0000	0.0000	0.0000	0.0000	0.0000	0.0000											
35	48	0.1962	7	1	1	0	0	0	0	0	0	N	N	N	N	N	N	N	N	N	N	N	N	0.0000	0.0000	0.0000	0.0000	0.0000	0.0000	0.0000	0.0000	0.0000	0.0000	0.0000	0.0000	0.0000	0.0000	0.0000	0.0000	0.0000	0.0000	0.0000	0.0000	1.0000	0.3513	1.9999	1.9759	0.0000	0.0000	0.0000	0.0000	0.0000	0.0000	0.0000	0.0000	0.0000	0.0000	0.0000	0.0000	0.0000	0.0000	0.0000	0.0000	0.0000	0.0000	0.0044	0.0041	0.0004	0.0014	0.0014	0.0000	0.0030	0.0027	0.0003	0.0082	0.0044	0.0038	0.0012	0.0010	0.0002	0.0069	0.0034	0.0036	0.0000	0.0000	0.0000	0.0000	0.0000	0.0000	0.0000	0.0000	0.0000	0.0000	0.0000	0.0000	0.0000	0.0000	0.0000	0.0000	0.0000	0.0000											
35	49	0.1959	6	1	1	0	0	0	0	0	0	N	N	N	N	N	N	N	N	N	N	N	N	0.0000	0.0000	0.0000	0.0000	0.0000	0.0000	0.0000	0.0000	0.0000	0.0000	0.0000	0.0000	0.0000	0.0000	0.0000	0.0000	0.0000	0.0000	0.0000	0.0000	1.0000	0.1669	1.9999	0.0350	0.0000	0.0000	0.0000	0.0000	0.0000	0.0000	0.0000	0.0000	0.0000	0.0000	0.0000	0.0000	0.0000	0.0000	0.0000	0.0000	0.0000	0.0000	0.0012	0.0011	0.0002	0.0002	0.0002	0.0000	0.0010	0.0009	0.0001	0.0007	0.0004	0.0003	0.0001	0.0001	0.0000	0.0006	0.0003	0.0003	0.0000	0.0000	0.0000	0.0000	0.0000	0.0000	0.0000	0.0000	0.0000	0.0000	0.0000	0.0000	0.0000	0.0000	0.0000	0.0000	0.0000	0.0000											
35	50	0.1959	5	1	1	0	0	0	0	0	0	N	N	N	N	N	N	N	N	N	N	N	N	0.0000	0.0000	0.0000	0.0000	0.0000	0.0000	0.0000	0.0000	0.0000	0.0000	0.0000	0.0000	0.0000	0.0000	0.0000	0.0000	0.0000	0.0000	0.0000	0.0000	1.0000	0.0010	1.9999	0.0028	0.0000	0.0000	0.0000	0.0000	0.0000	0.0000	0.0000	0.0000	0.0000	0.0000	0.0000	0.0000	0.0000	0.0000	0.0000	0.0000	0.0000	0.0000	0.0000	0.0000	0.0000	0.0000	0.0000	0.0000	0.0000	0.0000	0.0000	0.0000	0.0000	0.0000	0.0000	0.0000	0.0000	0.0000	0.0000	0.0000	0.0000	0.0000	0.0000	0.0000	0.0000	0.0000	0.0000	0.0000	0.0000	0.0000	0.0000	0.0000	0.0000	0.0000	0.0000	0.0000	0.0000	0.0000											
35	51	0.1573	5	1	2	0	1	0	0	0	0	N	Y	N	N	N	N	N	N	N	N	N	N	0.0000	0.0000	0.0000	0.0000	0.0000	0.0000	0.0000	0.0000	0.0000	0.0000	0.0000	0.0000	0.0000	0.0000	0.0000	0.0000	0.0000	0.0000	0.0000	0.0000	1.0000	7.3891	1.9999	13.2142	0.0000	0.0000	0.0000	0.0000	0.0000	0.0000	0.0000	0.0000	0.0000	0.0000	0.0000	0.0000	0.0000	0.0000	0.0000	0.0000	0.0000	0.0000	0.0550	0.0479	0.0071	0.0110	0.0100	0.0010	0.0440	0.0379	0.0061	0.0741	0.0413	0.0328	0.0092	0.0081	0.0011	0.0649	0.0332	0.0317	0.0000	0.0000	0.0000	0.0000	0.0000	0.0000	0.0000	0.0000	0.0000	0.0000	0.0000	0.0000	0.0000	0.0000	0.0000	0.0000	0.0000	0.0000											
35	52	0.1635	6	1	2	0	0	0	0	0	0	N	Y	N	N	N	N	N	N	N	N	N	N	0.0000	0.0000	0.0000	0.0000	0.0000	0.0000	0.0000	0.0000	0.0000	0.0000	0.0000	0.0000	0.0000	0.0000	0.0000	0.0000	0.0000	0.0000	0.0000	0.0000	1.0000	12.1779	1.9999	13.0455	0.0000	0.0000	0.0000	0.0000	0.0000	0.0000	0.0000	0.0000	0.0000	0.0000	0.0000	0.0000	0.0000	0.0000	0.0000	0.0000	0.0000	0.0000	0.0922	0.0813	0.0108	0.0181	0.0171	0.0011	0.0740	0.0643	0.0098	0.0791	0.0423	0.0368	0.0086	0.0069	0.0017	0.0704	0.0354	0.0350	0.0000	0.0000	0.0000	0.0000	0.0000	0.0000	0.0000	0.0000	0.0000	0.0000	0.0000	0.0000	0.0000	0.0000	0.0000	0.0000	0.0000	0.0000											
35	53	0.2033	6	1	2	0	0	0	0	0	0	N	Y	N	N	N	N	N	N	N	N	N	N	0.0000	0.0000	0.0000	0.0000	0.0000	0.0000	0.0000	0.0000	0.0000	0.0000	0.0000	0.0000	0.0000	49.3072	90.7292	0.0000	0.0000	0.0000	0.0000	58.4828	117.2587	0.0000	0.0000	0.0000	-0.5891	1.0000	3.0001	1.9999	3.0003	0.0000	0.0000	0.0000	0.0000	0.0000	0.0000	0.0000	0.0000	0.0000	1.0000	1.0000	0.0000	0.0000	0.0000	0.0000	1.0000	1.0000	0.0000	0.0215	0.0187	0.0027	0.0039	0.0036	0.0003	0.0176	0.0151	0.0025	0.0206	0.0110	0.0096	0.0031	0.0025	0.0006	0.0175	0.0085	0.0090	0.0000	0.0000	0.0000	0.0000	0.0000	0.0000	0.0000	0.0000	0.0000	48.4771	90.7292	0.0000	0.0000	0.0000	0.0000	57.0250	117.2587	0.0000						
35	54	0.1959	5	1	1	0	0	0	0	0	0	N	N	N	N	N	N	N	N	N	N	N	N	0.0000	0.0000	0.0000	0.0000	0.0000	0.0000	0.0000	0.0000	0.0000	0.0000	0.0000	0.0000	0.0000	0.0000	0.0000	0.0000	0.0000	0.0000	0.0000	0.0000	1.0000	1.9998	1.9999	1.0017	0.0000	0.0000	0.0000	0.0000	0.0000	0.0000	0.0000	0.0000	0.0000	0.0000	0.0000	0.0000	0.0000	0.0000	0.0000	0.0000	0.0000	0.0000	0.0143	0.0125	0.0018	0.0025	0.0024	0.0002	0.0118	0.0101	0.0017	0.0105	0.0056	0.0049	0.0016	0.0013	0.0003	0.0089	0.0043	0.0046	0.0000	0.0000	0.0000	0.0000	0.0000	0.0000	0.0000	0.0000	0.0000	0.0000	0.0000	0.0000	0.0000	0.0000	0.0000	0.0000	0.0000	0.0000											
35	55	0.1379	4	1	1	0	0	0	0	0	0	N	N	N	N	N	N	N	N	N	N	N	N	0.0000	0.0000	0.0000	0.0000	0.0000	0.0000	0.0000	0.0000	0.0000	0.0000	0.0000	0.0000	0.0000	0.0000	0.0000	0.0000	0.0000	0.0000	0.0000	0.0000	1.0000	8.0033	1.9999	9.9473	0.0000	0.0000	0.0000	0.0000	0.0000	0.0000	0.0000	0.0000	0.0000	0.0000	0.0000	0.0000	0.0000	0.0000	0.0000	0.0000	0.0000	0.0000	0.0587	0.0511	0.0076	0.0110	0.0100	0.0010	0.0478	0.0412	0.0066	0.0653	0.0362	0.0291	0.0067	0.0060	0.0008	0.0586	0.0302	0.0283	0.0000	0.0000	0.0000	0.0000	0.0000	0.0000	0.0000	0.0000	0.0000	0.0000	0.0000	0.0000	0.0000	0.0000	0.0000	0.0000	0.0000	0.0000											
35	56	0.2211	10	1	2	0	0	0	0	0	0	N	Y	N	N	N	N	N	N	N	N	N	N	0.0000	0.0000	0.0000	0.0000	0.0000	0.0000	0.0000	0.0000	0.0000	0.0000	0.0000	0.0000	0.0000	0.0002	0.0003	0.0000	0.0007	0.0008	0.0000	0.0000	0.0000	0.0000	0.0000	0.0000	-0.0000	1.0000	5.0156	1.9999	9.5596	0.0000	0.0000	0.0000	0.0000	0.0000	0.0000	0.0000	0.0000	0.0000	0.0000	0.0000	0.0000	0.0000	0.0000	0.0000	0.0000	0.0000	0.0000	0.0362	0.0318	0.0044	0.0089	0.0084	0.0006	0.0272	0.0234	0.0038	0.0506	0.0301	0.0205	0.0142	0.0121	0.0021	0.0364	0.0180	0.0184	0.0000	0.0000	0.0000	0.0000	0.0000	0.0000	0.0000	0.0000	0.0000	0.0002	0.0003	0.0000	0.0007	0.0008	0.0000	0.0000	0.0000	0.0000						
35	57	0.1997	9	1	2	0	0	0	0	0	0	N	Y	N	N	N	N	N	N	N	N	N	N	0.3183	0.2258	0.4256	0.3428	0.0000	0.0000	0.0016	0.0018	0.0000	0.0050	0.0053	0.0000	0.0000	0.0000	0.0000	0.0051	0.0082	0.0000	0.0117	0.0155	0.0000	0.0003	0.0006	0.0000	0.0000	0.0000	-0.0000	-0.0002	1.0000	5.2776	1.9999	4.9316	0.0001	0.0001	0.0000	0.0001	0.0001	0.0000	0.0000	0.0000	0.0000	0.0003	0.0003	0.0000	0.0003	0.0003	0.0000	0.0000	0.0000	0.0000	0.0495	0.0434	0.0061	0.0161	0.0151	0.0011	0.0333	0.0283	0.0050	0.0571	0.0355	0.0216	0.0240	0.0181	0.0060	0.0331	0.0174	0.0156	0.3183	0.2258	0.0000	0.4256	0.3428	0.0000	0.0000	0.0000	0.0000	0.0051	0.0082	0.0000	0.0117	0.0155	0.0000	0.0003	0.0006	0.0000			
35	58	0.1717	8	1	1	0	0	0	0	0	0	N	N	N	N	N	N	N	N	N	N	N	N	0.2734	0.2107	0.0000	0.2793	0.0287	0.0000	0.0017	0.0020	0.0000	0.0000	0.0000	0.0000	0.0021	0.0025	0.0000	0.0064	0.0095	0.0022	0.0000	0.0000	0.0000	0.0076	0.0863	0.0023	0.0000	0.1667	-0.0000	-0.0001	1.0000	6.4383	1.9999	5.2340	0.0001	0.0001	0.0000	0.0000	0.0000	0.0000	0.0001	0.0001	0.0000	0.0003	0.0002	0.0000	0.0000	0.0000	0.0000	0.0003	0.0002	0.0000	0.0459	0.0401	0.0058	0.0084	0.0078	0.0006	0.0375	0.0324	0.0052	0.0439	0.0254	0.0186	0.0072	0.0062	0.0011	0.0367	0.0192	0.0175	0.2734	0.2107	0.0000	0.0000	0.0000	0.0000	0.2793	0.1978	0.0000	0.0064	0.0095	0.0022	0.0000	0.0000	0.0000	0.0076	0.0125	0.0023			
35	59	0.1635	7	1	1	0	0	0	0	0	0	N	N	N	N	N	N	N	N	N	N	N	N	0.0000	0.0000	0.0000	0.0000	0.0000	0.0000	0.0000	0.0000	0.0000	0.0000	0.0000	0.0000	0.0000	0.0000	0.0000	0.0000	0.0000	0.0000	0.0000	0.0000	1.0000	3.9043	1.9999	0.3762	0.0000	0.0000	0.0000	0.0000	0.0000	0.0000	0.0000	0.0000	0.0000	0.0000	0.0000	0.0000	0.0000	0.0000	0.0000	0.0000	0.0000	0.0000	0.0378	0.0339	0.0039	0.0097	0.0093	0.0004	0.0281	0.0246	0.0035	0.0161	0.0090	0.0071	0.0023	0.0020	0.0004	0.0138	0.0070	0.0068	0.0000	0.0000	0.0000	0.0000	0.0000	0.0000	0.0000	0.0000	0.0000	0.0000	0.0000	0.0000	0.0000	0.0000	0.0000	0.0000	0.0000	0.0000											
35	60	0.1635	6	1	1	0	0	0	0	0	0	N	N	N	N	N	N	N	N	N	N	N	N	0.0000	0.0000	0.0000	0.0000	0.0000	0.0000	0.0000	0.0000	0.0000	0.0000	0.0000	0.0000	0.0000	0.0000	0.0000	0.0000	0.0000	0.0000	0.0000	0.0000	1.0000	1.5036	1.9999	0.1987	0.0000	0.0000	0.0000	0.0000	0.0000	0.0000	0.0000	0.0000	0.0000	0.0000	0.0000	0.0000	0.0000	0.0000	0.0000	0.0000	0.0000	0.0000	0.0205	0.0188	0.0017	0.0068	0.0066	0.0002	0.0138	0.0122	0.0016	0.0076	0.0045	0.0031	0.0015	0.0013	0.0002	0.0061	0.0032	0.0029	0.0000	0.0000	0.0000	0.0000	0.0000	0.0000	0.0000	0.0000	0.0000	0.0000	0.0000	0.0000	0.0000	0.0000	0.0000	0.0000	0.0000	0.0000											
35	61	0.1573	5	1	1	0	0	0	0	0	0	N	N	N	N	N	N	N	N	N	N	N	N	0.0000	0.0000	0.0000	0.0000	0.0000	0.0000	0.0000	0.0000	0.0000	0.0000	0.0000	0.0000	0.0000	0.0000	0.0000	0.0000	0.0000	0.0000	0.0000	0.0000	1.0000	2.7181	1.9999	1.0102	0.0000	0.0000	0.0000	0.0000	0.0000	0.0000	0.0000	0.0000	0.0000	0.0000	0.0000	0.0000	0.0000	0.0000	0.0000	0.0000	0.0000	0.0000	0.0228	0.0198	0.0030	0.0060	0.0054	0.0006	0.0168	0.0144	0.0024	0.0226	0.0151	0.0075	0.0058	0.0056	0.0003	0.0167	0.0095	0.0072	0.0000	0.0000	0.0000	0.0000	0.0000	0.0000	0.0000	0.0000	0.0000	0.0000	0.0000	0.0000	0.0000	0.0000	0.0000	0.0000	0.0000	0.0000											
35	62	0.1379	4	1	1	0	0	0	0	0	0	N	N	N	N	N	N	N	N	N	N	N	N	0.0000	0.0000	0.0000	0.0000	0.0000	0.0000	0.0000	0.0000	0.0000	0.0000	0.0000	0.0000	0.0000	0.0000	0.0000	0.0000	0.0000	0.0000	0.0000	0.0000	1.0000	1.4525	1.9999	6.3634	0.0000	0.0000	0.0000	0.0000	0.0000	0.0000	0.0000	0.0000	0.0000	0.0000	0.0000	0.0000	0.0000	0.0000	0.0000	0.0000	0.0000	0.0000	0.0131	0.0113	0.0017	0.0041	0.0036	0.0005	0.0090	0.0077	0.0013	0.0340	0.0203	0.0137	0.0052	0.0048	0.0004	0.0288	0.0155	0.0133	0.0000	0.0000	0.0000	0.0000	0.0000	0.0000	0.0000	0.0000	0.0000	0.0000	0.0000	0.0000	0.0000	0.0000	0.0000	0.0000	0.0000	0.0000											
35	63	0.0948	3	2	2	0	1	0	0	0	0	Y	Y	N	N	N	N	N	N	N	N	N	N	0.0000	0.0000	0.0000	0.0000	0.0000	0.0000	0.0000	0.0000	0.0000	0.0000	0.0000	0.0000	0.0000	0.0000	0.0000	0.0000	0.0000	0.0000	0.0000	0.0000	1.0000	2.0000	1.9999	2.0002	0.0000	0.0000	0.0000	0.0000	0.0000	0.0000	0.0000	0.0000	0.0000	0.0000	0.0000	0.0000	0.0000	0.0000	0.0000	0.0000	0.0000	0.0000	0.0151	0.0131	0.0020	0.0012	0.0011	0.0001	0.0139	0.0120	0.0019	0.0161	0.0081	0.0080	0.0002	0.0002	0.0000	0.0159	0.0079	0.0080	0.0000	0.0000	0.0000	0.0000	0.0000	0.0000	0.0000	0.0000	0.0000	0.0000	0.0000	0.0000	0.0000	0.0000	0.0000	0.0000	0.0000	0.0000											
35	64	0.1105	7	1	2	0	1	0	0	0	0	N	Y	N	N	N	N	N	N	N	N	N	N	0.0000	0.0000	0.0000	0.0000	0.0000	0.0000	0.0000	0.0000	0.0000	0.0000	0.0000	0.0000	0.0000	0.0007	0.0014	0.0000	0.0162	0.0175	0.0000	0.0000	0.0000	0.0000	0.0000	0.0000	-0.0000	1.0000	2.0059	1.9999	4.8036	0.0000	0.0000	0.0000	0.0000	0.0000	0.0000	0.0000	0.0000	0.0000	0.0000	0.0000	0.0000	0.0000	0.0000	0.0000	0.0000	0.0000	0.0000	0.0153	0.0133	0.0020	0.0014	0.0014	0.0001	0.0138	0.0119	0.0019	0.0272	0.0142	0.0131	0.0012	0.0011	0.0001	0.0260	0.0130	0.0130	0.0000	0.0000	0.0000	0.0000	0.0000	0.0000	0.0000	0.0000	0.0000	0.0007	0.0014	0.0000	0.0162	0.0175	0.0000	0.0000	0.0000	0.0000						
35	65	0.1077	5	1	2	0	0	0	0	0	0	N	Y	N	N	N	N	N	N	N	N	N	N	0.0000	0.0000	0.0000	0.0000	0.0000	0.0000	0.0000	0.0000	0.0000	0.0000	0.0000	0.0000	0.0000	0.0000	0.0000	0.0000	0.0000	0.0000	0.0000	0.0000	1.0000	0.9804	1.9999	0.2754	0.0000	0.0000	0.0000	0.0000	0.0000	0.0000	0.0000	0.0000	0.0000	0.0000	0.0000	0.0000	0.0000	0.0000	0.0000	0.0000	0.0000	0.0000	0.0079	0.0069	0.0010	0.0009	0.0009	0.0000	0.0070	0.0060	0.0010	0.0057	0.0029	0.0028	0.0004	0.0004	0.0000	0.0052	0.0025	0.0028	0.0000	0.0000	0.0000	0.0000	0.0000	0.0000	0.0000	0.0000	0.0000	0.0000	0.0000	0.0000	0.0000	0.0000	0.0000	0.0000	0.0000	0.0000											
35	66	0.1056	6	1	1	1	1	0	0	0	0	N	N	N	N	N	N	N	N	N	N	N	N	0.0000	0.0000	0.0000	0.0000	0.0000	0.0000	0.0000	0.0000	0.0000	0.0000	0.0000	0.0000	0.0000	0.0000	0.0000	0.0000	0.0000	0.0000	0.0000	0.0000	1.0000	0.9437	1.9999	4.8091	0.0000	0.0000	0.0000	0.0000	0.0000	0.0000	0.0000	0.0000	0.0000	0.0000	0.0000	0.0000	0.0000	0.0000	0.0000	0.0000	0.0000	0.0000	0.0100	0.0086	0.0013	0.0023	0.0021	0.0001	0.0077	0.0065	0.0012	0.0238	0.0124	0.0113	0.0012	0.0011	0.0001	0.0226	0.0113	0.0113	0.0000	0.0000	0.0000	0.0000	0.0000	0.0000	0.0000	0.0000	0.0000	0.0000	0.0000	0.0000	0.0000	0.0000	0.0000	0.0000	0.0000	0.0000											
35	67	0.0985	5	1	1	1	1	0	0	0	0	N	N	N	N	N	N	N	N	N	N	N	N	0.0000	0.0000	0.0000	0.0000	0.0000	0.0000	0.0000	0.0000	0.0000	0.0000	0.0000	0.0000	0.0000	0.0000	0.0000	0.0000	0.0000	0.0000	0.0000	0.0000	1.0000	4.0088	1.9999	5.0246	0.0000	0.0000	0.0000	0.0000	0.0000	0.0000	0.0000	0.0000	0.0000	0.0000	0.0000	0.0000	0.0000	0.0000	0.0000	0.0000	0.0000	0.0000	0.0299	0.0260	0.0040	0.0023	0.0022	0.0001	0.0276	0.0238	0.0038	0.0360	0.0183	0.0176	0.0008	0.0007	0.0001	0.0351	0.0176	0.0175	0.0000	0.0000	0.0000	0.0000	0.0000	0.0000	0.0000	0.0000	0.0000	0.0000	0.0000	0.0000	0.0000	0.0000	0.0000	0.0000	0.0000	0.0000											
35	68	0.1105	7	1	1	1	1	0	0	0	0	N	N	N	N	N	N	N	N	N	N	N	N	0.0000	0.0000	0.0000	0.0000	0.0000	0.0000	0.0000	0.0000	0.0000	0.0000	0.0000	0.0000	0.0000	0.0000	0.0000	0.0000	0.0000	0.0000	0.0000	0.0000	1.0000	1.0064	1.9999	4.2000	0.0000	0.0000	0.0000	0.0000	0.0000	0.0000	0.0000	0.0000	0.0000	0.0000	0.0000	0.0000	0.0000	0.0000	0.0000	0.0000	0.0000	0.0000	0.0077	0.0067	0.0010	0.0008	0.0007	0.0000	0.0070	0.0060	0.0010	0.0212	0.0111	0.0101	0.0011	0.0010	0.0001	0.0202	0.0101	0.0101	0.0000	0.0000	0.0000	0.0000	0.0000	0.0000	0.0000	0.0000	0.0000	0.0000	0.0000	0.0000	0.0000	0.0000	0.0000	0.0000	0.0000	0.0000											
35	69	0.1056	6	1	1	0	1	0	0	0	0	N	N	N	N	N	N	N	N	N	N	N	N	0.0000	0.0000	0.0000	0.0000	0.0000	0.0000	0.0000	0.0000	0.0000	0.0000	0.0000	0.0000	0.0000	0.0000	0.0000	0.0000	0.0000	0.0000	0.0000	0.0000	1.0000	1.2889	1.9999	0.3511	0.0000	0.0000	0.0000	0.0000	0.0000	0.0000	0.0000	0.0000	0.0000	0.0000	0.0000	0.0000	0.0000	0.0000	0.0000	0.0000	0.0000	0.0000	0.0126	0.0109	0.0017	0.0025	0.0023	0.0001	0.0101	0.0086	0.0015	0.0077	0.0042	0.0035	0.0007	0.0007	0.0000	0.0070	0.0035	0.0034	0.0000	0.0000	0.0000	0.0000	0.0000	0.0000	0.0000	0.0000	0.0000	0.0000	0.0000	0.0000	0.0000	0.0000	0.0000	0.0000	0.0000	0.0000											
35	70	0.0985	5	1	1	0	1	0	0	0	0	N	N	N	N	N	N	N	N	N	N	N	N	0.0000	0.0000	0.0000	0.0000	0.0000	0.0000	0.0000	0.0000	0.0000	0.0000	0.0000	0.0000	0.0000	0.0000	0.0000	0.0000	0.0000	0.0000	0.0000	0.0000	1.0000	0.7777	1.9999	1.1718	0.0000	0.0000	0.0000	0.0000	0.0000	0.0000	0.0000	0.0000	0.0000	0.0000	0.0000	0.0000	0.0000	0.0000	0.0000	0.0000	0.0000	0.0000	0.0059	0.0052	0.0008	0.0005	0.0005	0.0000	0.0055	0.0047	0.0008	0.0086	0.0045	0.0041	0.0004	0.0004	0.0000	0.0081	0.0040	0.0041	0.0000	0.0000	0.0000	0.0000	0.0000	0.0000	0.0000	0.0000	0.0000	0.0000	0.0000	0.0000	0.0000	0.0000	0.0000	0.0000	0.0000	0.0000											
35	71	0.0948	4	1	1	0	1	0	0	0	0	N	N	N	N	N	N	N	N	N	N	N	N	0.0000	0.0000	0.0000	0.0000	0.0000	0.0000	0.0000	0.0000	0.0000	0.0000	0.0000	0.0000	0.0000	0.0000	0.0000	0.0000	0.0000	0.0000	0.0000	0.0000	1.0000	0.9929	1.9999	0.0325	0.0000	0.0000	0.0000	0.0000	0.0000	0.0000	0.0000	0.0000	0.0000	0.0000	0.0000	0.0000	0.0000	0.0000	0.0000	0.0000	0.0000	0.0000	0.0075	0.0065	0.0010	0.0006	0.0005	0.0000	0.0069	0.0060	0.0010	0.0042	0.0021	0.0021	0.0001	0.0001	0.0000	0.0041	0.0021	0.0021	0.0000	0.0000	0.0000	0.0000	0.0000	0.0000	0.0000	0.0000	0.0000	0.0000	0.0000	0.0000	0.0000	0.0000	0.0000	0.0000	0.0000	0.0000											
35	74	0.1127	4	1	2	0	0	0	0	0	0	N	Y	N	N	N	N	N	N	N	N	N	N	0.0000	0.0000	0.0000	0.0000	0.0000	0.0000	0.0000	0.0000	0.0000	0.0000	0.0000	0.0000	0.0000	0.0003	0.0005	0.0000	0.0072	0.0075	0.0000	0.0000	0.0000	0.0000	0.0000	0.0000	-0.0000	1.0000	7.0442	1.9999	2.0273	0.0000	0.0000	0.0000	0.0000	0.0000	0.0000	0.0000	0.0000	0.0000	0.0000	0.0000	0.0000	0.0000	0.0000	0.0000	0.0000	0.0000	0.0000	0.0657	0.0579	0.0077	0.0126	0.0120	0.0006	0.0531	0.0459	0.0072	0.0368	0.0187	0.0181	0.0014	0.0013	0.0000	0.0354	0.0174	0.0180	0.0000	0.0000	0.0000	0.0000	0.0000	0.0000	0.0000	0.0000	0.0000	0.0003	0.0005	0.0000	0.0072	0.0075	0.0000	0.0000	0.0000	0.0000						
35	75	0.0888	3	1	2	0	0	0	0	0	0	N	Y	N	N	N	N	N	N	N	N	N	N	0.0000	0.0000	0.0000	0.0000	0.0000	0.0000	0.0000	0.0000	0.0000	0.0000	0.0000	0.0000	0.0000	0.0003	0.0007	0.0000	0.0000	0.0000	0.0000	0.0003	0.0007	0.0000	0.0000	0.0000	-0.0000	1.0000	4.3369	1.9999	3.0972	0.0000	0.0000	0.0000	0.0000	0.0000	0.0000	0.0000	0.0000	0.0000	0.0000	0.0000	0.0000	0.0000	0.0000	0.0000	0.0000	0.0000	0.0000	0.0387	0.0341	0.0046	0.0059	0.0057	0.0002	0.0329	0.0285	0.0044	0.0294	0.0148	0.0147	0.0005	0.0005	0.0000	0.0289	0.0143	0.0147	0.0000	0.0000	0.0000	0.0000	0.0000	0.0000	0.0000	0.0000	0.0000	0.0003	0.0007	0.0000	0.0000	0.0000	0.0000	0.0003	0.0007	0.0000						
35	76	0.1519	6	2	2	0	0	0	0	0	0	Y	Y	N	N	N	N	N	N	N	N	N	N	0.0000	0.0000	0.0000	0.0000	0.0000	0.0000	0.0000	0.0000	0.0000	0.0000	0.0000	0.0000	0.0000	0.0000	0.0000	0.0000	0.0000	0.0000	0.0000	0.0000	1.0000	1.9992	1.9999	0.0055	0.0000	0.0000	0.0000	0.0000	0.0000	0.0000	0.0000	0.0000	0.0000	0.0000	0.0000	0.0000	0.0000	0.0000	0.0000	0.0000	0.0000	0.0000	0.0203	0.0177	0.0026	0.0019	0.0018	0.0001	0.0184	0.0160	0.0025	0.0111	0.0057	0.0055	0.0002	0.0002	0.0000	0.0109	0.0055	0.0055	0.0000	0.0000	0.0000	0.0000	0.0000	0.0000	0.0000	0.0000	0.0000	0.0000	0.0000	0.0000	0.0000	0.0000	0.0000	0.0000	0.0000	0.0000											
35	77	0.1077	5	2	2	0	0	0	0	0	0	Y	Y	N	N	N	N	N	N	N	N	N	N	0.0000	0.0000	0.0000	0.0000	0.0000	0.0000	0.0000	0.0000	0.0000	0.0000	0.0000	0.0000	0.0000	0.0000	0.0000	0.0000	0.0000	0.0000	0.0000	0.0000	1.0000	5.0219	1.9999	2.0148	0.0000	0.0000	0.0000	0.0000	0.0000	0.0000	0.0000	0.0000	0.0000	0.0000	0.0000	0.0000	0.0000	0.0000	0.0000	0.0000	0.0000	0.0000	0.0376	0.0328	0.0049	0.0036	0.0034	0.0002	0.0340	0.0293	0.0047	0.0280	0.0142	0.0139	0.0009	0.0008	0.0001	0.0271	0.0133	0.0138	0.0000	0.0000	0.0000	0.0000	0.0000	0.0000	0.0000	0.0000	0.0000	0.0000	0.0000	0.0000	0.0000	0.0000	0.0000	0.0000	0.0000	0.0000											
35	78	0.0948	4	1	2	0	0	0	0	0	0	N	Y	N	N	N	N	N	N	N	N	N	N	0.0000	0.0000	0.0000	0.0000	0.0000	0.0000	0.0000	0.0000	0.0000	0.0000	0.0000	0.0000	0.0000	0.0000	0.0000	0.0000	0.0000	0.0000	0.0000	0.0000	1.0000	1.0203	1.9999	2.7327	0.0000	0.0000	0.0000	0.0000	0.0000	0.0000	0.0000	0.0000	0.0000	0.0000	0.0000	0.0000	0.0000	0.0000	0.0000	0.0000	0.0000	0.0000	0.0077	0.0067	0.0010	0.0006	0.0006	0.0000	0.0071	0.0061	0.0010	0.0151	0.0076	0.0075	0.0002	0.0002	0.0000	0.0149	0.0074	0.0075	0.0000	0.0000	0.0000	0.0000	0.0000	0.0000	0.0000	0.0000	0.0000	0.0000	0.0000	0.0000	0.0000	0.0000	0.0000	0.0000	0.0000	0.0000											
35	79	0.0948	3	1	1	0	0	0	0	0	0	N	N	N	N	N	N	N	N	N	N	N	N	0.0000	0.0000	0.0000	0.0000	0.0000	0.0000	0.0000	0.0000	0.0000	0.0000	0.0000	0.0000	0.0000	0.0000	0.0000	0.0000	0.0000	0.0000	0.0000	0.0000	1.0000	0.0000	1.9999	0.0018	0.0000	0.0000	0.0000	0.0000	0.0000	0.0000	0.0000	0.0000	0.0000	0.0000	0.0000	0.0000	0.0000	0.0000	0.0000	0.0000	0.0000	0.0000	0.0000	0.0000	0.0000	0.0000	0.0000	0.0000	0.0000	0.0000	0.0000	0.0000	0.0000	0.0000	0.0000	0.0000	0.0000	0.0000	0.0000	0.0000	0.0000	0.0000	0.0000	0.0000	0.0000	0.0000	0.0000	0.0000	0.0000	0.0000	0.0000	0.0000	0.0000	0.0000	0.0000	0.0000	0.0000	0.0000											
35	80	0.0767	2	1	1	0	0	0	0	0	0	N	N	N	N	N	N	N	N	N	N	N	N	0.0000	0.0000	0.0000	0.0000	0.0000	0.0000	0.0000	0.0000	0.0000	0.0000	0.0000	0.0000	0.0000	0.0000	0.0000	0.0000	0.0000	0.0000	0.0000	0.0000	1.0000	3.0825	1.9999	2.0124	0.0000	0.0000	0.0000	0.0000	0.0000	0.0000	0.0000	0.0000	0.0000	0.0000	0.0000	0.0000	0.0000	0.0000	0.0000	0.0000	0.0000	0.0000	0.0247	0.0216	0.0032	0.0021	0.0020	0.0001	0.0226	0.0195	0.0031	0.0211	0.0107	0.0104	0.0003	0.0003	0.0000	0.0208	0.0104	0.0104	0.0000	0.0000	0.0000	0.0000	0.0000	0.0000	0.0000	0.0000	0.0000	0.0000	0.0000	0.0000	0.0000	0.0000	0.0000	0.0000	0.0000	0.0000											
36	38	0.2581	11	0	1	2	0	0	0	0	0	N	N	Y	N	N	N	N	N	N	N	N	N	0.0000	0.0000	0.0000	0.0000	0.0000	0.0000	0.0000	0.0000	0.0000	0.0000	0.0000	0.0000	0.0000	0.0000	0.0000	0.0000	0.0000	0.0000	0.0000	0.0000	3.0341	0.9992	5.2124	1.0069	0.0000	0.0000	0.0000	0.0000	0.0000	0.0000	0.0000	0.0000	0.0000	0.0000	0.0000	0.0000	0.0000	0.0000	0.0000	0.0000	0.0000	0.0000	0.0210	0.0184	0.0026	0.0032	0.0031	0.0002	0.0178	0.0153	0.0024	0.0210	0.0134	0.0076	0.0083	0.0064	0.0019	0.0127	0.0070	0.0057	0.0000	0.0000	0.0000	0.0000	0.0000	0.0000	0.0000	0.0000	0.0000	0.0000	0.0000	0.0000	0.0000	0.0000	0.0000	0.0000	0.0000	0.0000											
36	39	0.2528	10	0	1	1	0	0	0	0	0	N	N	N	N	N	N	N	N	N	N	N	N	0.0000	0.0000	0.0000	0.0000	0.0000	0.0000	0.0000	0.0000	0.0000	0.0000	0.0000	0.0000	0.0000	0.0000	0.0000	0.0000	0.0000	0.0000	0.0000	0.0000	0.0000	0.0000	0.0000	0.0000	-0.0000	3.0341	1.0008	5.2124	0.9987	0.0000	0.0000	0.0000	0.0000	0.0000	0.0000	0.0000	0.0000	0.0000	0.0000	0.0000	0.0000	0.0000	0.0000	0.0000	0.0000	0.0000	0.0000	0.0212	0.0186	0.0027	0.0031	0.0029	0.0002	0.0182	0.0157	0.0025	0.0209	0.0132	0.0076	0.0079	0.0060	0.0018	0.0130	0.0072	0.0058	0.0000	0.0000	0.0000	0.0000	0.0000	0.0000	0.0000	0.0000	0.0000	0.0000	0.0000	0.0000	0.0000	0.0000	0.0000	0.0000	0.0000	0.0000						
36	40	0.1749	9	0	1	1	0	0	0	0	0	N	N	N	N	N	N	N	N	N	N	N	N	0.0000	0.0000	0.0000	0.0000	0.0000	0.0000	0.0000	0.0000	0.0000	0.0000	0.0000	0.0000	0.0000	0.0000	0.0000	0.0000	0.0000	0.0000	1.7147	2.5810	0.0683	0.9767	1.2565	0.0000	1.6602	3.2408	0.0908	0.0429	0.0000	-0.1039	3.0341	9.0374	5.2124	18.5287	0.0000	0.0000	0.0000	0.0000	0.0000	0.0000	0.0000	0.0000	0.0000	0.1897	0.1819	0.0078	0.0522	0.0522	0.0000	0.1375	0.1297	0.0078	0.2076	0.1819	0.0257	0.0334	0.0312	0.0022	0.1743	0.1508	0.0235	0.3379	0.2234	0.1144	0.1317	0.1033	0.0284	0.2062	0.1201	0.0860	0.0000	0.0000	0.0000	0.0000	0.0000	0.0000	0.0000	0.0000	0.0000	0.5615	0.8140	0.0683	0.3965	0.5054	0.0000	0.6668	1.0793	0.0908	
36	41	0.1481	8	0	1	1	0	0	0	0	0	N	N	N	N	N	N	N	N	N	N	N	N	0.0000	0.0000	0.0000	0.0010	0.0009	0.0000	0.0000	0.0000	0.0000	0.0000	0.0001	0.0000	0.0004	0.0004	0.0000	0.0000	0.0000	0.0000	1.1759	1.6237	0.0000	0.4184	0.4831	0.0000	0.8613	2.0739	0.0000	0.0000	0.0000	-0.0000	-0.0239	3.0341	9.0369	5.2124	3.5648	0.0000	0.0000	0.0000	0.0000	0.0000	0.0000	0.0000	0.0000	0.0000	0.0406	0.0406	0.0000	0.0249	0.0249	0.0000	0.0157	0.0157	0.0000	0.2126	0.1856	0.0270	0.0244	0.0228	0.0016	0.1883	0.1629	0.0254	0.2248	0.1544	0.0704	0.1011	0.0795	0.0216	0.1237	0.0749	0.0488	0.0003	0.0002	0.0000	0.0017	0.0014	0.0000	0.0000	0.0000	0.0000	0.1805	0.2628	0.0000	0.2462	0.3130	0.0000	0.1268	0.2094	0.0000
36	42	0.1143	4	0	1	1	0	0	0	0	0	N	N	N	N	N	N	N	N	N	N	N	N	2388.8839	0.0000	107013.4008	0.1979	0.0000	inf	31316.5157	0.0000	101255.0309	2.5230	0.0000	20.2407	0.0008	0.0000	0.0134	2.8897	0.0000	21.5479	0.0011	0.0016	0.0002	0.0040	0.0048	0.0000	0.0001	0.0000	0.0002	inf	0.0706	0.6347	-0.0002	3.0341	17.0025	5.2124	6.0864	0.9976	0.0000	0.9976	0.0000	0.0000	0.0000	0.9976	0.0000	0.9976	0.0003	0.0003	0.0000	0.0003	0.0003	0.0000	0.0000	0.0000	0.0000	0.3954	0.3461	0.0493	0.0502	0.0472	0.0030	0.3452	0.2989	0.0463	0.2873	0.1816	0.1058	0.0704	0.0586	0.0118	0.2170	0.1229	0.0940	2388.8839	0.0000	107013.4008	0.1979	0.0000	inf	31316.5157	0.0000	101255.0309	0.0011	0.0016	0.0002	0.0040	0.0048	0.0000	0.0001	0.0000	0.0002
36	44	0.1143	4	0	2	1	0	0	0	0	0	N	Y	N	N	N	N	N	N	N	N	N	N	0.0000	0.0000	0.0000	0.0000	0.0000	0.0000	0.0000	0.0000	0.0000	0.0000	0.0000	0.0000	0.0000	0.0000	0.0000	0.0000	0.0000	0.0000	4.6113	9.7580	0.0002	0.0121	0.0143	0.0009	5.4472	10.1211	0.0001	0.0000	0.0000	-0.5865	3.0341	6.9958	5.2124	11.8523	0.0000	0.0000	0.0000	0.0000	0.0000	0.0000	0.0000	0.0000	0.0000	0.9955	0.9955	0.0000	0.0007	0.0007	0.0000	0.9948	0.9948	0.0000	0.1800	0.1579	0.0221	0.0297	0.0281	0.0015	0.1503	0.1298	0.0206	0.2436	0.1549	0.0888	0.0610	0.0511	0.0099	0.1826	0.1038	0.0789	0.0000	0.0000	0.0000	0.0000	0.0000	0.0000	0.0000	0.0000	0.0000	4.0862	6.4289	0.0002	0.0121	0.0143	0.0009	5.4472	9.5869	0.0001	
36	45	0.1526	5	0	2	1	0	0	0	0	0	N	Y	N	N	N	N	N	N	N	N	N	N	0.0025	15.6655	0.0000	0.0154	31.7802	0.0000	0.0010	154937.3948	0.0000	0.0041	0.0047	0.0000	0.0231	0.0248	0.0000	0.0016	0.0019	0.0000	1.6592	0.0003	4.9508	1.4978	0.0008	33.0956	1.6383	0.0000	2.2822	0.0000	2644.5186	-0.0007	0.0840	3.0341	20.1318	5.2124	17.5118	0.0019	0.0019	0.0000	0.0012	0.0012	0.0000	0.0006	0.0006	0.0000	0.2046	0.0001	0.2045	0.0588	0.0001	0.0587	0.1458	0.0000	0.1458	0.4506	0.3938	0.0568	0.0528	0.0491	0.0036	0.3978	0.3447	0.0531	0.4038	0.2551	0.1487	0.1213	0.0990	0.0223	0.2825	0.1561	0.1264	0.0082	15.6655	0.0000	0.0477	31.7802	0.0000	0.0032	154937.3948	0.0000	0.5065	0.0003	1.3750	0.4848	0.0008	2.6314	0.5159	0.0000	1.1531
36	46	0.1760	9	0	2	1	0	0	0	0	0	N	Y	N	N	N	N	N	N	N	N	N	N	0.0000	0.0000	0.0000	0.0000	0.0000	0.0000	0.0000	0.0000	0.0000	0.0000	0.0000	0.0000	0.0000	0.0000	0.0000	0.0000	0.0000	0.0000	0.0006	0.0008	0.0000	0.0013	0.0016	0.0000	0.0000	0.0000	0.0000	0.0027	0.0000	-0.0001	3.0341	15.0410	5.2124	10.9147	0.0000	0.0000	0.0000	0.0000	0.0000	0.0000	0.0000	0.0000	0.0000	0.0002	0.0002	0.0000	0.0002	0.0002	0.0000	0.0000	0.0000	0.0000	0.3708	0.3250	0.0458	0.0678	0.0635	0.0043	0.3030	0.2615	0.0415	0.3662	0.2417	0.1245	0.1631	0.1268	0.0363	0.2031	0.1148	0.0882	0.0000	0.0000	0.0000	0.0000	0.0000	0.0000	0.0000	0.0000	0.0000	0.0006	0.0008	0.0000	0.0013	0.0016	0.0000	0.0000	0.0000	0.0000	
36	47	0.0617	6	1	1	2	0	0	0	0	0	N	N	Y	N	N	N	N	N	N	N	N	N	7582.9772	5.6825	7527970.6445	21.5885	18.2917	1265.1862	261372.0386	0.0000	19194429.2162	3.3268	0.0042	25.9454	0.0544	0.0552	0.0397	3.5725	0.0000	26.6433	0.0004	0.0007	0.0000	0.0025	0.0030	0.0000	0.0000	0.0000	0.0000	906.0293	0.0032	0.6336	-0.0001	3.0341	12.7633	5.2124	6.3722	0.9976	0.0011	0.9965	0.0011	0.0011	0.0000	0.9965	0.0000	0.9965	0.0001	0.0001	0.0000	0.0001	0.0001	0.0000	0.0000	0.0000	0.0000	0.2999	0.2615	0.0384	0.0209	0.0199	0.0010	0.2789	0.2415	0.0374	0.2548	0.1505	0.1043	0.0432	0.0360	0.0072	0.2116	0.1145	0.0971	7582.9772	5.6825	7527970.6445	21.5885	18.2917	1265.1862	261372.0386	0.0000	19194429.2162	0.0004	0.0007	0.0000	0.0025	0.0030	0.0000	0.0000	0.0000	0.0000
36	48	0.0565	5	0	1	1	0	0	0	0	0	N	N	N	N	N	N	N	N	N	N	N	N	134.4666	91.0140	593.2877	245.1326	206.3359	217.0970	96.2295	0.0048	570.7521	0.1371	0.0693	0.8180	0.2687	0.2711	0.0014	0.0968	0.0000	0.8375	0.0010	0.0008	0.0014	0.0011	0.0013	0.0000	0.0010	0.0006	0.0015	1.1759	1.3037	0.0003	-0.0000	3.0341	0.3513	5.2124	1.9759	0.0020	0.0009	0.0011	0.0009	0.0009	0.0000	0.0011	0.0000	0.0011	0.0000	0.0000	0.0000	0.0000	0.0000	0.0000	0.0000	0.0000	0.0000	0.0144	0.0131	0.0013	0.0034	0.0033	0.0000	0.0110	0.0097	0.0013	0.0334	0.0194	0.0140	0.0051	0.0042	0.0008	0.0283	0.0152	0.0131	134.4666	91.0140	593.2877	245.1326	206.3359	217.0970	96.2295	0.0048	570.7521	0.0010	0.0008	0.0014	0.0011	0.0013	0.0000	0.0010	0.0006	0.0015
36	49	0.0563	4	0	1	1	0	0	0	0	0	N	N	N	N	N	N	N	N	N	N	N	N	157.0757	0.0000	387911.4601	0.0308	0.0000	inf	301.7495	0.0000	404388.8760	0.2200	0.0000	1.6407	0.0001	0.0000	0.0026	0.2337	0.0000	1.6834	0.0014	0.0024	0.0000	0.0049	0.0059	0.0000	0.0008	0.0018	0.0000	inf	0.0013	0.0006	-0.0000	3.0341	0.1669	5.2124	0.0350	0.0009	0.0000	0.0009	0.0000	0.0000	0.0000	0.0009	0.0000	0.0009	0.0000	0.0000	0.0000	0.0000	0.0000	0.0000	0.0000	0.0000	0.0000	0.0041	0.0036	0.0006	0.0002	0.0002	0.0000	0.0039	0.0033	0.0005	0.0029	0.0017	0.0012	0.0004	0.0004	0.0001	0.0025	0.0013	0.0012	157.0757	0.0000	387911.4601	0.0308	0.0000	inf	301.7495	0.0000	404388.8760	0.0014	0.0024	0.0000	0.0049	0.0059	0.0000	0.0008	0.0014	0.0000
36	50	0.0563	3	0	1	1	0	0	0	0	0	N	N	N	N	N	N	N	N	N	N	N	N	0.0000	0.0000	0.0000	0.0000	0.0000	0.0000	0.0000	0.0000	0.0000	0.0000	0.0000	0.0000	0.0000	0.0000	0.0000	0.0000	0.0000	0.0961	0.5091	0.0002	0.0951	0.1096	0.0000	0.0384	1.2385	0.0002	0.0013	0.0000	-0.0000	3.0341	0.0010	5.2124	0.0028	0.0000	0.0000	0.0000	0.0000	0.0000	0.0000	0.0000	0.0000	0.0000	0.0000	0.0000	0.0000	0.0000	0.0000	0.0000	0.0000	0.0000	0.0000	0.0001	0.0001	0.0000	0.0000	0.0000	0.0000	0.0000	0.0000	0.0000	0.0001	0.0000	0.0000	0.0000	0.0000	0.0000	0.0001	0.0000	0.0000	0.0000	0.0000	0.0000	0.0000	0.0000	0.0000	0.0000	0.0000	0.0000	0.0510	0.0832	0.0002	0.0951	0.1096	0.0000	0.0334	0.0653	0.0002		
36	51	0.1337	5	0	2	1	1	0	0	0	0	N	Y	N	N	N	N	N	N	N	N	N	N	3.9871	1.2715	0.0000	116.8899	103.3316	0.0000	0.0000	0.0000	0.0000	0.2263	0.2578	0.0000	1.3079	1.3778	0.0000	0.0000	0.0000	0.0000	0.0568	0.2028	0.0002	0.0112	0.0133	0.0016	0.1026	1.4543	0.0000	0.0000	0.0020	-0.0157	-0.0065	3.0341	7.3891	5.2124	13.2142	0.0432	0.0432	0.0000	0.0432	0.0432	0.0000	0.0000	0.0000	0.0000	0.0110	0.0110	0.0000	0.0009	0.0009	0.0000	0.0101	0.0101	0.0000	0.1908	0.1674	0.0233	0.0330	0.0313	0.0017	0.1578	0.1361	0.0216	0.2666	0.1712	0.0953	0.0782	0.0639	0.0142	0.1884	0.1073	0.0811	5.4834	4.0212	0.0000	116.8899	103.3316	0.0000	0.0000	0.0000	0.0000	0.0413	0.0641	0.0002	0.0112	0.0133	0.0016	0.0538	0.0944	0.0000
36	52	0.1398	6	0	2	1	0	0	0	0	0	N	Y	N	N	N	N	N	N	N	N	N	N	0.0002	0.0000	3.7202	0.0000	0.0000	0.0000	0.0009	0.0000	12.1266	0.0000	0.0000	0.0000	0.0000	0.0000	0.0000	0.0000	0.0000	0.0000	0.0010	0.0016	0.0000	0.0027	0.0034	0.0000	0.0003	0.0005	0.0000	inf	0.0002	0.0000	-0.0002	3.0341	12.1779	5.2124	13.0455	0.0000	0.0000	0.0000	0.0000	0.0000	0.0000	0.0000	0.0000	0.0000	0.0003	0.0003	0.0000	0.0002	0.0002	0.0000	0.0001	0.0001	0.0000	0.3147	0.2759	0.0389	0.0574	0.0526	0.0048	0.2574	0.2233	0.0341	0.2953	0.1876	0.1076	0.0869	0.0695	0.0174	0.2084	0.1181	0.0903	0.0002	0.0000	3.7202	0.0000	0.0000	0.0000	0.0009	0.0000	12.1266	0.0010	0.0016	0.0000	0.0027	0.0034	0.0000	0.0003	0.0005	0.0000
36	53	0.0489	2	0	2	1	0	0	0	0	0	N	Y	N	N	N	N	N	N	N	N	N	N	0.0383	0.0000	inf	0.1193	0.0000	inf	0.0009	0.0000	inf	0.0000	0.0000	0.0003	0.0006	0.0000	0.0104	0.0000	0.0000	0.0000	0.0009	0.0015	0.0000	0.0053	0.0064	0.0000	0.0001	0.0003	0.0000	inf	0.0000	0.0000	-0.0000	3.0341	3.0001	5.2124	3.0003	0.0000	0.0000	0.0000	0.0000	0.0000	0.0000	0.0000	0.0000	0.0000	0.0001	0.0001	0.0000	0.0001	0.0001	0.0000	0.0000	0.0000	0.0000	0.0735	0.0637	0.0098	0.0040	0.0038	0.0002	0.0695	0.0599	0.0096	0.0847	0.0493	0.0354	0.0124	0.0102	0.0021	0.0723	0.0391	0.0332	0.0383	0.0000	inf	0.1193	0.0000	inf	0.0009	0.0000	inf	0.0009	0.0015	0.0000	0.0053	0.0064	0.0000	0.0001	0.0003	0.0000
36	56	0.1975	10	0	2	1	0	0	0	0	0	N	Y	N	N	N	N	N	N	N	N	N	N	43.4156	34.1606	0.0000	172.8124	150.2651	0.0000	0.0000	0.0000	0.0000	0.1079	0.1232	0.0000	0.6404	0.6819	0.0000	0.0000	0.0000	0.0000	0.0025	0.0036	0.0003	0.0037	0.0045	0.0000	0.0016	0.0045	0.0004	0.0000	0.0472	-0.0048	-0.0003	3.0341	5.0156	5.2124	9.5596	0.0131	0.0131	0.0000	0.0131	0.0131	0.0000	0.0000	0.0000	0.0000	0.0005	0.0005	0.0000	0.0003	0.0003	0.0000	0.0002	0.0002	0.0000	0.1219	0.1067	0.0151	0.0205	0.0193	0.0012	0.1013	0.0875	0.0139	0.1903	0.1252	0.0651	0.0813	0.0663	0.0150	0.1090	0.0589	0.0501	43.4156	34.1606	0.0000	172.8124	150.2651	0.0000	0.0000	0.0000	0.0000	0.0025	0.0036	0.0003	0.0037	0.0045	0.0000	0.0016	0.0026	0.0004
36	57	0.1760	9	0	2	1	0	0	0	0	0	N	Y	N	N	N	N	N	N	N	N	N	N	3.4872	0.6059	224.6651	8.5078	7.2790	1.0663	1.6627	0.0027	301.6951	0.1289	0.0588	0.6226	0.1960	0.2083	0.0037	0.1064	0.0037	0.7080	0.0370	0.0971	0.0028	0.0230	0.0286	0.0034	0.0640	1.3552	0.0023	1.5025	0.0259	0.0050	-0.0043	3.0341	5.2776	5.2124	4.9316	0.0211	0.0084	0.0127	0.0080	0.0080	0.0000	0.0130	0.0004	0.0127	0.0076	0.0074	0.0002	0.0028	0.0027	0.0001	0.0048	0.0047	0.0001	0.1636	0.1432	0.0203	0.0411	0.0386	0.0025	0.1225	0.1046	0.0179	0.2278	0.1586	0.0692	0.1203	0.0937	0.0267	0.1075	0.0649	0.0426	3.8610	1.2582	224.6651	8.5078	7.2790	1.0663	2.3663	0.0505	301.6951	0.0334	0.0468	0.0028	0.0230	0.0286	0.0034	0.0450	0.0729	0.0023
36	58	0.1481	8	0	1	1	0	0	0	0	0	N	N	N	N	N	N	N	N	N	N	N	N	0.0289	0.0017	83.0686	0.0003	0.0003	0.0460	0.0317	0.0015	98.7481	0.0527	0.0050	0.3799	0.0006	0.0006	0.0003	0.0596	0.0056	0.4037	1.8225	2.9137	0.0046	1.7196	2.0411	0.0056	1.8818	3.6762	0.0041	11.0447	0.0017	0.0045	-0.1042	3.0341	6.4383	5.2124	5.2340	0.0082	0.0007	0.0075	0.0000	0.0000	0.0000	0.0081	0.0007	0.0075	0.1774	0.1770	0.0003	0.0517	0.0516	0.0001	0.1257	0.1255	0.0002	0.1549	0.1352	0.0197	0.0182	0.0170	0.0012	0.1367	0.1182	0.0185	0.2150	0.1484	0.0666	0.0986	0.0775	0.0211	0.1164	0.0709	0.0455	0.0638	0.0042	83.0686	0.0011	0.0009	0.0460	0.0552	0.0032	98.7481	0.8251	1.1934	0.0046	0.5245	0.6655	0.0056	1.0797	1.7707	0.0041
36	59	0.1398	7	0	1	1	0	0	0	0	0	N	N	N	N	N	N	N	N	N	N	N	N	0.0001	0.0000	0.0607	0.0000	0.0000	0.0000	0.0001	0.0000	0.0772	0.0001	0.0000	0.0006	0.0000	0.0000	0.0000	0.0001	0.0000	0.0008	1.4632	2.3745	0.0106	0.6457	0.6853	0.0094	1.4935	3.0607	0.0108	42.6156	0.0096	0.0000	-0.0136	3.0341	3.9043	5.2124	0.3762	0.0000	0.0000	0.0000	0.0000	0.0000	0.0000	0.0000	0.0000	0.0000	0.0234	0.0232	0.0002	0.0068	0.0067	0.0000	0.0166	0.0164	0.0002	0.1326	0.1170	0.0156	0.0406	0.0370	0.0036	0.0920	0.0800	0.0120	0.0629	0.0418	0.0211	0.0208	0.0171	0.0037	0.0421	0.0247	0.0174	0.0002	0.0000	0.0607	0.0000	0.0000	0.0000	0.0003	0.0000	0.0772	0.3717	0.5538	0.0106	0.3258	0.3938	0.0094	0.3944	0.6646	0.0108
36	60	0.1398	6	0	1	1	0	0	0	0	0	N	N	N	N	N	N	N	N	N	N	N	N	0.0005	0.0003	0.0027	0.0003	0.0003	0.0000	0.0007	0.0000	0.0100	0.0000	0.0000	0.0000	0.0000	0.0000	0.0000	0.0000	0.0000	0.0000	0.0166	0.0263	0.0030	0.0273	0.0303	0.0103	0.0104	0.1657	0.0013	0.1230	0.0569	-0.0000	-0.0003	3.0341	1.5036	5.2124	0.1987	0.0000	0.0000	0.0000	0.0000	0.0000	0.0000	0.0000	0.0000	0.0000	0.0005	0.0005	0.0000	0.0003	0.0003	0.0000	0.0002	0.0002	0.0000	0.0752	0.0670	0.0081	0.0344	0.0313	0.0031	0.0408	0.0358	0.0050	0.0303	0.0212	0.0091	0.0111	0.0094	0.0017	0.0191	0.0118	0.0074	0.0005	0.0004	0.0027	0.0003	0.0003	0.0000	0.0007	0.0004	0.0100	0.0166	0.0224	0.0030	0.0273	0.0303	0.0103	0.0104	0.0161	0.0013
36	61	0.1337	5	0	1	1	0	0	0	0	0	N	N	N	N	N	N	N	N	N	N	N	N	0.0003	0.0000	2.4900	0.0312	0.0001	7.0468	0.0000	0.0000	0.0582	0.0003	0.0000	0.0029	0.0012	0.0000	0.0299	0.0000	0.0000	0.0000	1.0368	1.4372	0.0012	0.0387	0.0439	0.0042	1.3027	2.7300	0.0005	81.9682	0.0022	0.0000	-0.0067	3.0341	2.7181	5.2124	1.0102	0.0000	0.0000	0.0000	0.0000	0.0000	0.0000	0.0000	0.0000	0.0000	0.0114	0.0113	0.0000	0.0011	0.0011	0.0000	0.0103	0.0103	0.0000	0.0825	0.0732	0.0093	0.0223	0.0214	0.0009	0.0602	0.0518	0.0084	0.0745	0.0528	0.0217	0.0278	0.0242	0.0036	0.0467	0.0286	0.0181	0.0022	0.0000	2.4900	0.0312	0.0001	7.0468	0.0000	0.0000	0.0582	0.1525	0.2148	0.0012	0.0387	0.0439	0.0042	0.2203	0.3592	0.0005
36	62	0.1143	4	0	1	1	0	0	0	0	0	N	N	N	N	N	N	N	N	N	N	N	N	0.0001	0.0000	0.0000	0.0687	0.0622	0.0000	0.0000	0.0000	0.0000	0.0005	0.0006	0.0000	0.0016	0.0016	0.0000	0.0000	0.0000	0.0000	10.0145	17.6463	0.0160	0.0228	0.0261	0.0016	11.4509	21.3282	0.0178	0.0000	0.0007	-0.0000	-0.5800	3.0341	1.4525	5.2124	6.3634	0.0000	0.0000	0.0000	0.0000	0.0000	0.0000	0.0000	0.0000	0.0000	0.9856	0.9849	0.0007	0.0008	0.0008	0.0000	0.9848	0.9842	0.0006	0.0496	0.0446	0.0051	0.0173	0.0167	0.0006	0.0323	0.0279	0.0045	0.1194	0.0787	0.0407	0.0334	0.0289	0.0045	0.0860	0.0498	0.0362	0.0001	0.0000	0.0000	0.0687	0.0622	0.0000	0.0000	0.0000	0.0000	8.2544	12.5223	0.0160	0.0228	0.0261	0.0016	11.4509	19.7772	0.0178
36	63	0.1936	7	1	2	1	1	0	0	0	0	N	Y	N	N	N	N	N	N	N	N	N	N	0.0000	0.0000	0.0000	0.0000	0.0000	0.0000	0.0000	0.0000	0.0000	0.0000	0.0000	0.0000	0.0000	0.0000	0.0000	0.0000	0.0000	0.0004	0.0006	0.0001	0.0016	0.0019	0.0000	0.0001	0.0000	0.0001	0.1165	0.0000	-0.0000	3.0341	2.0000	5.2124	2.0002	0.0000	0.0000	0.0000	0.0000	0.0000	0.0000	0.0000	0.0000	0.0000	0.0000	0.0000	0.0000	0.0000	0.0000	0.0000	0.0000	0.0000	0.0000	0.0479	0.0419	0.0060	0.0086	0.0080	0.0006	0.0393	0.0339	0.0054	0.0502	0.0315	0.0187	0.0129	0.0106	0.0023	0.0373	0.0209	0.0164	0.0000	0.0000	0.0000	0.0000	0.0000	0.0000	0.0000	0.0000	0.0000	0.0004	0.0006	0.0001	0.0016	0.0019	0.0000	0.0001	0.0000	0.0001		
36	64	0.2093	11	0	2	1	1	0	0	0	0	N	Y	N	N	N	N	N	N	N	N	N	N	0.0960	0.1591	0.0000	0.1435	0.3091	0.0000	0.0000	0.0000	0.0000	0.0000	0.0000	0.0000	0.0002	0.0002	0.0000	0.0000	0.0000	0.0000	0.0004	0.0003	0.0007	0.0014	0.0007	0.0052	0.0000	0.0000	0.0000	0.0000	1.2649	-0.0000	-0.0000	3.0341	2.0059	5.2124	4.8036	0.0000	0.0000	0.0000	0.0000	0.0000	0.0000	0.0000	0.0000	0.0000	0.0000	0.0000	0.0000	0.0000	0.0000	0.0000	0.0000	0.0000	0.0000	0.0485	0.0424	0.0060	0.0095	0.0088	0.0007	0.0390	0.0336	0.0054	0.0847	0.0542	0.0305	0.0237	0.0199	0.0038	0.0610	0.0343	0.0266	0.0960	0.1591	0.0000	0.1435	0.3091	0.0000	0.0000	0.0000	0.0000	0.0004	0.0003	0.0007	0.0014	0.0007	0.0052	0.0000	0.0000	0.0000
36	65	0.2065	9	0	2	1	0	0	0	0	0	N	Y	N	N	N	N	N	N	N	N	N	N	0.0000	0.0000	0.0000	0.0000	0.0000	0.0000	0.0000	0.0000	0.0000	0.0000	0.0000	0.0000	0.0000	0.0000	0.0000	0.0000	0.0000	0.0000	0.0129	0.0226	0.0001	0.0442	0.0517	0.0006	0.0001	0.0002	0.0000	0.0033	0.0000	-0.0001	3.0341	0.9804	5.2124	0.2754	0.0000	0.0000	0.0000	0.0000	0.0000	0.0000	0.0000	0.0000	0.0000	0.0002	0.0002	0.0000	0.0002	0.0002	0.0000	0.0000	0.0000	0.0000	0.0250	0.0219	0.0030	0.0049	0.0046	0.0003	0.0200	0.0173	0.0027	0.0179	0.0112	0.0067	0.0052	0.0044	0.0008	0.0127	0.0067	0.0059	0.0000	0.0000	0.0000	0.0000	0.0000	0.0000	0.0000	0.0000	0.0000	0.0129	0.0206	0.0001	0.0442	0.0517	0.0006	0.0001	0.0002	0.0000	
36	66	0.2044	10	0	1	2	1	0	0	0	0	N	N	Y	N	N	N	N	N	N	N	N	N	0.0746	0.0000	28.0524	0.0739	0.0000	2168.5342	0.0000	0.0000	0.0000	0.0000	0.0000	0.0001	0.0000	0.0000	0.0007	0.0000	0.0000	0.0000	0.0002	0.0003	0.0000	0.0006	0.0007	0.0000	0.0000	0.0000	0.0000	inf	0.0075	0.0000	-0.0000	3.0341	0.9437	5.2124	4.8091	0.0000	0.0000	0.0000	0.0000	0.0000	0.0000	0.0000	0.0000	0.0000	0.0000	0.0000	0.0000	0.0000	0.0000	0.0000	0.0000	0.0000	0.0000	0.0312	0.0272	0.0040	0.0092	0.0087	0.0005	0.0220	0.0186	0.0034	0.0737	0.0473	0.0265	0.0206	0.0174	0.0033	0.0531	0.0299	0.0232	0.0746	0.0000	28.0524	0.0739	0.0000	2168.5342	0.0000	0.0000	0.0000	0.0002	0.0003	0.0000	0.0006	0.0007	0.0000	0.0000	0.0000	0.0000
36	67	0.1973	9	0	1	2	1	0	0	0	0	N	N	Y	N	N	N	N	N	N	N	N	N	0.0000	0.0000	0.0000	0.0000	0.0000	0.0000	0.0000	0.0000	0.0000	0.0000	0.0000	0.0000	0.0000	0.0000	0.0000	0.0000	0.0000	0.0000	0.0927	0.4007	0.0000	0.2491	0.2778	0.0001	0.0000	0.0000	0.0000	0.0003	0.0000	-0.0032	3.0341	4.0088	5.2124	5.0246	0.0000	0.0000	0.0000	0.0000	0.0000	0.0000	0.0000	0.0000	0.0000	0.0054	0.0054	0.0000	0.0054	0.0054	0.0000	0.0000	0.0000	0.0000	0.0950	0.0831	0.0119	0.0171	0.0159	0.0012	0.0779	0.0672	0.0107	0.1115	0.0703	0.0412	0.0289	0.0239	0.0049	0.0826	0.0463	0.0363	0.0000	0.0000	0.0000	0.0000	0.0000	0.0000	0.0000	0.0000	0.0000	0.0483	0.0767	0.0000	0.1867	0.2252	0.0001	0.0000	0.0000	0.0000	
36	68	0.2093	11	0	1	2	1	0	0	0	0	N	N	Y	N	N	N	N	N	N	N	N	N	0.2045	0.1501	0.0000	0.3103	0.2809	0.0000	0.0000	0.0000	0.0001	0.0001	0.0000	0.0004	0.0004	0.0000	0.0000	0.0000	0.0000	0.0004	0.0006	0.0000	0.0013	0.0016	0.0000	0.0000	0.0001	0.0000	0.0000	0.0004	-0.0000	-0.0000	3.0341	1.0064	5.2124	4.2000	0.0000	0.0000	0.0000	0.0000	0.0000	0.0000	0.0000	0.0000	0.0000	0.0000	0.0000	0.0000	0.0000	0.0000	0.0000	0.0000	0.0000	0.0000	0.0246	0.0215	0.0031	0.0048	0.0045	0.0003	0.0197	0.0170	0.0027	0.0659	0.0423	0.0236	0.0187	0.0157	0.0030	0.0473	0.0267	0.0206	0.2045	0.1501	0.0000	0.3103	0.2809	0.0000	0.0000	0.0000	0.0000	0.0004	0.0006	0.0000	0.0013	0.0016	0.0000	0.0000	0.0001	0.0000	
36	69	0.2044	10	0	1	1	1	0	0	0	0	N	N	N	N	N	N	N	N	N	N	N	N	18.7093	21.3408	0.0000	148.7723	138.0687	0.0000	0.0000	0.0000	0.0000	0.0225	0.0258	0.0000	0.0827	0.0881	0.0000	0.0000	0.0000	0.0000	0.0012	0.0012	0.0012	0.0006	0.0006	0.0000	0.0015	0.0021	0.0013	0.0000	0.5190	-0.0003	-0.0000	3.0341	1.2889	5.2124	0.3511	0.0009	0.0009	0.0000	0.0009	0.0009	0.0000	0.0000	0.0000	0.0000	0.0000	0.0000	0.0000	0.0000	0.0000	0.0000	0.0000	0.0000	0.0000	0.0395	0.0344	0.0050	0.0107	0.0101	0.0007	0.0287	0.0244	0.0044	0.0236	0.0155	0.0081	0.0071	0.0062	0.0010	0.0165	0.0093	0.0072	18.7093	21.3408	0.0000	148.7723	138.0687	0.0000	0.0000	0.0000	0.0000	0.0012	0.0012	0.0012	0.0006	0.0006	0.0000	0.0015	0.0016	0.0013
36	70	0.1973	9	0	1	1	1	0	0	0	0	N	N	N	N	N	N	N	N	N	N	N	N	0.0101	0.0078	0.0000	0.0168	0.0152	0.0000	0.0000	0.0000	0.0000	0.0000	0.0000	0.0000	0.0001	0.0001	0.0000	0.0000	0.0000	0.0000	0.0021	0.0031	0.0004	0.0070	0.0082	0.0000	0.0003	0.0002	0.0004	0.0000	0.0647	-0.0000	-0.0000	3.0341	0.7777	5.2124	1.1718	0.0000	0.0000	0.0000	0.0000	0.0000	0.0000	0.0000	0.0000	0.0000	0.0001	0.0001	0.0000	0.0001	0.0001	0.0000	0.0000	0.0000	0.0000	0.0189	0.0165	0.0024	0.0034	0.0032	0.0002	0.0155	0.0133	0.0021	0.0264	0.0168	0.0096	0.0073	0.0061	0.0011	0.0192	0.0107	0.0085	0.0101	0.0078	0.0000	0.0168	0.0152	0.0000	0.0000	0.0000	0.0000	0.0021	0.0031	0.0004	0.0070	0.0082	0.0000	0.0003	0.0002	0.0004
36	71	0.1936	8	0	1	1	1	0	0	0	0	N	N	N	N	N	N	N	N	N	N	N	N	0.0000	0.0000	0.0000	0.0000	0.0000	0.0000	0.0000	0.0000	0.0000	0.0000	0.0000	0.0000	0.0000	0.0000	0.0000	0.0000	0.0000	0.0000	0.0007	0.0008	0.0005	0.0016	0.0019	0.0000	0.0004	0.0003	0.0005	0.3444	0.0000	-0.0000	3.0341	0.9929	5.2124	0.0325	0.0000	0.0000	0.0000	0.0000	0.0000	0.0000	0.0000	0.0000	0.0000	0.0000	0.0000	0.0000	0.0000	0.0000	0.0000	0.0000	0.0000	0.0000	0.0239	0.0209	0.0030	0.0043	0.0040	0.0003	0.0196	0.0169	0.0027	0.0131	0.0083	0.0049	0.0034	0.0028	0.0006	0.0097	0.0054	0.0043	0.0000	0.0000	0.0000	0.0000	0.0000	0.0000	0.0000	0.0000	0.0000	0.0007	0.0008	0.0005	0.0016	0.0019	0.0000	0.0004	0.0003	0.0005	
36	72	0.2388	7	1	2	1	0	0	0	0	0	N	Y	N	N	N	N	N	N	N	N	N	N	0.0000	0.0000	0.0000	0.0000	0.0000	0.0000	0.0000	0.0000	0.0000	0.0000	0.0000	0.0000	0.0000	0.0000	0.0000	0.0000	0.0000	0.0000	0.0000	0.0000	3.0341	0.0000	5.2124	0.0001	0.0000	0.0000	0.0000	0.0000	0.0000	0.0000	0.0000	0.0000	0.0000	0.0000	0.0000	0.0000	0.0000	0.0000	0.0000	0.0000	0.0000	0.0000	0.0000	0.0000	0.0000	0.0000	0.0000	0.0000	0.0000	0.0000	0.0000	0.0000	0.0000	0.0000	0.0000	0.0000	0.0000	0.0000	0.0000	0.0000	0.0000	0.0000	0.0000	0.0000	0.0000	0.0000	0.0000	0.0000	0.0000	0.0000	0.0000	0.0000	0.0000	0.0000	0.0000	0.0000	0.0000	0.0000											
36	73	0.1755	6	1	2	1	0	0	0	0	0	N	Y	N	N	N	N	N	N	N	N	N	N	31.0313	870.9528	0.0000	0.1076	0.0960	0.0000	19.4645	54566.8805	0.0000	4.2793	4.8871	0.0000	0.0015	0.0017	0.0000	5.1390	5.9423	0.0000	0.1379	0.0056	0.1543	0.0143	0.0172	0.0000	0.2640	0.0001	0.1733	0.0000	16.5104	-0.3621	0.0044	3.0341	9.9619	5.2124	7.0378	0.9955	0.9955	0.0000	0.0001	0.0001	0.0000	0.9955	0.9955	0.0000	0.0124	0.0007	0.0117	0.0007	0.0007	0.0000	0.0117	0.0000	0.0117	0.2326	0.2037	0.0289	0.0389	0.0362	0.0027	0.1937	0.1675	0.0262	0.2015	0.1259	0.0756	0.0487	0.0404	0.0083	0.1528	0.0855	0.0673	69.7049	870.9528	0.0000	0.1076	0.0960	0.0000	67.2513	54566.8805	0.0000	0.0614	0.0056	0.1543	0.0143	0.0172	0.0000	0.0764	0.0001	0.1733
36	74	0.1873	6	0	2	1	0	0	0	0	0	N	Y	N	N	N	N	N	N	N	N	N	N	0.0000	0.0000	0.0001	0.0000	0.0000	0.0000	0.0000	0.0000	0.0001	0.0000	0.0000	0.0000	0.0000	0.0000	0.0000	0.0000	0.0000	0.0001	0.4925	0.0032	0.3924	0.0070	0.0083	0.0000	0.8372	0.0003	0.3938	inf	45.4096	0.0000	0.0039	3.0341	7.0442	5.2124	2.0273	0.0000	0.0000	0.0000	0.0000	0.0000	0.0000	0.0000	0.0000	0.0000	0.0100	0.0002	0.0098	0.0002	0.0002	0.0000	0.0098	0.0000	0.0098	0.1987	0.1749	0.0238	0.0474	0.0444	0.0030	0.1513	0.1305	0.0208	0.1091	0.0678	0.0413	0.0292	0.0243	0.0048	0.0800	0.0435	0.0365	0.0001	0.0000	0.0002	0.0000	0.0000	0.0000	0.0001	0.0000	0.0002	0.0921	0.0032	0.2381	0.0070	0.0083	0.0000	0.1231	0.0003	0.2696
36	75	0.1634	5	0	2	1	0	0	0	0	0	N	Y	N	N	N	N	N	N	N	N	N	N	0.0000	0.0016	0.0000	0.0034	0.0030	0.0000	0.0000	0.0000	0.0000	0.0000	0.0000	0.0000	0.0000	0.0000	0.0000	0.0000	0.0000	0.0000	11.5524	0.0065	59.5325	0.0124	0.0148	0.0000	13.6465	0.0041	62.8851	0.0001	2521.5032	-0.0000	0.3982	3.0341	4.3369	5.2124	3.0972	0.0000	0.0000	0.0000	0.0000	0.0000	0.0000	0.0000	0.0000	0.0000	0.9701	0.0004	0.9697	0.0003	0.0003	0.0000	0.9698	0.0001	0.9697	0.1263	0.1114	0.0149	0.0271	0.0259	0.0013	0.0992	0.0856	0.0136	0.0947	0.0593	0.0354	0.0236	0.0196	0.0040	0.0711	0.0397	0.0314	0.0000	0.0016	0.0000	0.0034	0.0030	0.0000	0.0000	0.0000	0.0000	10.2479	0.0065	27.4096	0.0124	0.0148	0.0000	13.6465	0.0023	30.8704
36	76	0.2507	10	1	2	1	0	0	0	0	0	N	Y	N	N	N	N	N	N	N	N	N	N	0.0000	0.0000	0.0000	0.0000	0.0000	0.0000	0.0000	0.0000	0.0000	0.0000	0.0000	0.0000	0.0000	0.0000	0.0000	0.0000	0.0000	0.0002	0.0003	0.0000	0.0005	0.0006	0.0000	0.0001	0.0001	0.0000	0.0034	0.0000	-0.0000	3.0341	1.9992	5.2124	0.0055	0.0000	0.0000	0.0000	0.0000	0.0000	0.0000	0.0000	0.0000	0.0000	0.0000	0.0000	0.0000	0.0000	0.0000	0.0000	0.0000	0.0000	0.0000	0.0643	0.0567	0.0076	0.0129	0.0121	0.0008	0.0514	0.0446	0.0068	0.0343	0.0216	0.0127	0.0102	0.0082	0.0019	0.0241	0.0133	0.0108	0.0000	0.0000	0.0000	0.0000	0.0000	0.0000	0.0000	0.0000	0.0000	0.0002	0.0003	0.0000	0.0005	0.0006	0.0000	0.0001	0.0001	0.0000		
36	77	0.2065	9	1	2	1	0	0	0	0	0	N	Y	N	N	N	N	N	N	N	N	N	N	0.0000	0.0000	0.0000	0.0000	0.0000	0.0000	0.0000	0.0000	0.0000	0.0000	0.0000	0.0000	0.0000	0.0000	0.0000	0.0000	0.0000	0.0009	0.0013	0.0003	0.0028	0.0034	0.0000	0.0002	0.0002	0.0004	0.1423	0.0000	-0.0000	3.0341	5.0219	5.2124	2.0148	0.0000	0.0000	0.0000	0.0000	0.0000	0.0000	0.0000	0.0000	0.0000	0.0001	0.0001	0.0000	0.0001	0.0001	0.0000	0.0000	0.0000	0.0000	0.1195	0.1048	0.0147	0.0219	0.0205	0.0014	0.0976	0.0843	0.0133	0.0885	0.0556	0.0329	0.0236	0.0196	0.0040	0.0649	0.0360	0.0289	0.0000	0.0000	0.0000	0.0000	0.0000	0.0000	0.0000	0.0000	0.0000	0.0009	0.0013	0.0003	0.0028	0.0034	0.0000	0.0002	0.0002	0.0004		
36	78	0.1936	8	0	2	1	0	0	0	0	0	N	Y	N	N	N	N	N	N	N	N	N	N	0.0000	0.0000	0.0000	0.0000	0.0000	0.0000	0.0000	0.0000	0.0000	0.0000	0.0000	0.0000	0.0000	0.0000	0.0000	0.0000	0.0000	0.0000	0.7729	1.2253	0.0066	1.3089	1.3812	0.0000	0.0054	0.0077	0.0076	0.0219	0.0000	-0.0031	3.0341	1.0203	5.2124	2.7327	0.0000	0.0000	0.0000	0.0000	0.0000	0.0000	0.0000	0.0000	0.0000	0.0054	0.0053	0.0001	0.0052	0.0052	0.0000	0.0002	0.0001	0.0001	0.0246	0.0215	0.0031	0.0044	0.0041	0.0003	0.0202	0.0174	0.0028	0.0472	0.0296	0.0175	0.0121	0.0100	0.0021	0.0350	0.0196	0.0154	0.0000	0.0000	0.0000	0.0000	0.0000	0.0000	0.0000	0.0000	0.0000	0.1151	0.1793	0.0066	0.4318	0.5241	0.0000	0.0054	0.0037	0.0076	
36	79	0.1936	7	0	1	1	0	0	0	0	0	N	N	N	N	N	N	N	N	N	N	N	N	0.0000	0.0000	0.0000	0.0000	0.0000	0.0000	0.0000	0.0000	0.0000	0.0000	0.0000	0.0000	0.0000	0.0000	0.0000	0.0000	0.0000	0.1792	0.1048	0.1027	0.0818	0.0844	0.0168	0.1178	0.0000	0.1071	1.0000	0.0000	-0.0000	3.0341	0.0000	5.2124	0.0018	0.0000	0.0000	0.0000	0.0000	0.0000	0.0000	0.0000	0.0000	0.0000	0.0000	0.0000	0.0000	0.0000	0.0000	0.0000	0.0000	0.0000	0.0000	0.0000	0.0000	0.0000	0.0000	0.0000	0.0000	0.0000	0.0000	0.0000	0.0001	0.0000	0.0000	0.0000	0.0000	0.0000	0.0000	0.0000	0.0000	0.0000	0.0000	0.0000	0.0000	0.0000	0.0000	0.0000	0.0000	0.0000	0.0676	0.0504	0.1027	0.0818	0.0844	0.0168	0.0574	0.0000	0.1071		
36	80	0.1755	6	0	1	1	0	0	0	0	0	N	N	N	N	N	N	N	N	N	N	N	N	0.1799	0.1030	0.0000	0.2547	0.2279	0.0000	0.0000	0.0000	0.0000	0.0027	0.0031	0.0000	0.0151	0.0162	0.0000	0.0000	0.0000	0.0000	0.0151	0.0300	0.0001	0.0593	0.0712	0.0009	0.0002	0.0003	0.0000	0.0000	0.0029	-0.0001	-0.0006	3.0341	3.0825	5.2124	2.0124	0.0002	0.0002	0.0000	0.0002	0.0002	0.0000	0.0000	0.0000	0.0000	0.0010	0.0010	0.0000	0.0010	0.0010	0.0000	0.0000	0.0000	0.0000	0.0772	0.0676	0.0096	0.0138	0.0129	0.0009	0.0633	0.0547	0.0086	0.0655	0.0411	0.0244	0.0165	0.0137	0.0028	0.0490	0.0274	0.0216	0.1799	0.1293	0.0000	0.2547	0.2279	0.0000	0.0000	0.0000	0.0000	0.0151	0.0239	0.0001	0.0593	0.0712	0.0009	0.0002	0.0003	0.0000
36	81	0.1634	5	0	1	1	0	0	0	0	0	N	N	N	N	N	N	N	N	N	N	N	N	0.0014	0.0010	0.0000	0.0000	0.0000	0.0000	0.0923	0.1791	0.0000	0.0019	0.0021	0.0000	0.0000	0.0000	0.0000	0.0024	0.0028	0.0000	1.3018	2.0783	0.0470	2.9676	3.0581	0.0025	0.0263	0.0157	0.0527	0.0000	0.0784	-0.0001	-0.0062	3.0341	3.6751	5.2124	0.0788	0.0002	0.0002	0.0000	0.0000	0.0000	0.0000	0.0002	0.0002	0.0000	0.0120	0.0111	0.0009	0.0110	0.0110	0.0000	0.0010	0.0001	0.0009	0.1110	0.0980	0.0129	0.0249	0.0238	0.0011	0.0861	0.0742	0.0119	0.0497	0.0312	0.0185	0.0127	0.0107	0.0021	0.0370	0.0206	0.0164	0.0078	0.0060	0.0000	0.0000	0.0000	0.0000	0.0923	0.5344	0.0000	0.2404	0.3548	0.0470	0.8615	1.0303	0.0025	0.0263	0.0053	0.0527
36	82	0.1143	4	0	1	1	0	0	0	0	0	N	N	N	N	N	N	N	N	N	N	N	N	0.0000	0.0000	0.0000	0.0000	0.0000	0.0000	0.0000	0.0000	0.0000	0.0000	0.0000	0.0000	0.0000	0.0000	0.0000	0.0000	0.0000	0.0000	0.1294	0.0009	0.1735	0.0014	0.0015	0.0010	0.2784	0.0007	0.1827	96.4846	-0.0000	0.0044	3.0341	8.5011	5.2124	5.2406	0.0000	0.0000	0.0000	0.0000	0.0000	0.0000	0.0000	0.0000	0.0000	0.0110	0.0001	0.0109	0.0001	0.0001	0.0000	0.0110	0.0001	0.0109	0.2140	0.1875	0.0264	0.0329	0.0311	0.0018	0.1811	0.1564	0.0247	0.1881	0.1208	0.0673	0.0488	0.0413	0.0075	0.1393	0.0795	0.0597	0.0000	0.0000	0.0000	0.0000	0.0000	0.0000	0.0000	0.0000	0.0000	0.0587	0.0009	0.1623	0.0014	0.0015	0.0010	0.0787	0.0007	0.1827	
37	38	0.2331	10	0	1	1	0	0	0	0	0	N	N	N	N	N	N	N	N	N	N	N	N	0.0000	0.0000	0.0000	0.0000	0.0000	0.0000	0.0000	0.0000	0.0000	0.0000	0.0000	0.0000	0.0000	0.0000	0.0000	0.0000	0.0000	0.0000	0.0000	0.0000	3.0544	0.9992	4.8962	1.0069	0.0000	0.0000	0.0000	0.0000	0.0000	0.0000	0.0000	0.0000	0.0000	0.0000	0.0000	0.0000	0.0000	0.0000	0.0000	0.0000	0.0000	0.0000	0.0198	0.0172	0.0026	0.0023	0.0022	0.0002	0.0174	0.0150	0.0024	0.0168	0.0102	0.0066	0.0047	0.0037	0.0010	0.0121	0.0065	0.0056	0.0000	0.0000	0.0000	0.0000	0.0000	0.0000	0.0000	0.0000	0.0000	0.0000	0.0000	0.0000	0.0000	0.0000	0.0000	0.0000	0.0000	0.0000											
37	39	0.2277	9	0	1	0	0	0	0	0	0	N	N	N	N	N	N	N	N	N	N	N	N	0.0000	0.0000	0.0000	0.0000	0.0000	0.0000	0.0000	0.0000	0.0000	0.0000	0.0000	0.0000	0.0000	0.0000	0.0000	0.0000	0.0000	0.0000	0.0000	0.0000	0.0000	0.0000	0.0000	0.0000	-0.0000	3.0544	1.0008	4.8962	0.9987	0.0000	0.0000	0.0000	0.0000	0.0000	0.0000	0.0000	0.0000	0.0000	0.0000	0.0000	0.0000	0.0000	0.0000	0.0000	0.0000	0.0000	0.0000	0.0200	0.0174	0.0026	0.0021	0.0020	0.0001	0.0178	0.0154	0.0025	0.0167	0.0100	0.0067	0.0043	0.0033	0.0010	0.0124	0.0067	0.0057	0.0000	0.0000	0.0000	0.0000	0.0000	0.0000	0.0000	0.0000	0.0000	0.0000	0.0000	0.0000	0.0000	0.0000	0.0000	0.0000	0.0000	0.0000						
37	40	0.1498	8	0	1	0	0	0	0	0	0	N	N	N	N	N	N	N	N	N	N	N	N	0.0000	0.0000	0.0000	0.0000	0.0000	0.0000	0.0000	0.0000	0.0000	0.0000	0.0000	0.0000	0.0000	0.0000	0.0000	0.0000	0.0000	0.0000	3.6637	8.0294	0.1118	0.1549	0.1974	0.0003	4.0132	8.5730	0.1273	0.0158	0.0000	-0.4186	3.0544	9.0374	4.8962	18.5287	0.0000	0.0000	0.0000	0.0000	0.0000	0.0000	0.0000	0.0000	0.0000	0.7298	0.7184	0.0114	0.0081	0.0081	0.0000	0.7217	0.7104	0.0114	0.1960	0.1709	0.0252	0.0219	0.0203	0.0015	0.1742	0.1505	0.0237	0.2433	0.1415	0.1018	0.0551	0.0428	0.0124	0.1882	0.0987	0.0894	0.0000	0.0000	0.0000	0.0000	0.0000	0.0000	0.0000	0.0000	0.0000	2.9996	5.0773	0.1118	0.1468	0.1891	0.0003	3.8356	7.1949	0.1273	
37	41	0.1230	7	0	1	0	0	0	0	0	0	N	N	N	N	N	N	N	N	N	N	N	N	0.0000	0.0000	0.0000	0.0000	0.0000	0.0000	0.0000	0.0000	0.0000	0.0000	0.0000	0.0000	0.0000	0.0000	0.0000	0.0000	0.0000	0.0000	1.9380	3.1429	0.0224	9.7271	10.4420	0.0008	1.7041	3.3923	0.0252	0.0000	0.0079	-0.0000	-0.0936	3.0544	9.0369	4.8962	3.5648	0.0000	0.0000	0.0000	0.0000	0.0000	0.0000	0.0000	0.0000	0.0000	0.1610	0.1598	0.0013	0.0810	0.0810	0.0000	0.0800	0.0788	0.0013	0.2011	0.1746	0.0265	0.0128	0.0119	0.0009	0.1882	0.1627	0.0256	0.1442	0.0877	0.0565	0.0350	0.0285	0.0065	0.1092	0.0592	0.0500	0.0000	0.0000	0.0000	0.0000	0.0000	0.0000	0.0000	0.0000	0.0000	1.1172	1.8227	0.0224	2.3166	2.8461	0.0008	0.7331	1.3308	0.0252
37	42	0.0892	3	0	1	0	0	0	0	0	0	N	N	N	N	N	N	N	N	N	N	N	N	5.0458	0.1056	34.5918	0.0000	0.0000	0.0000	10.1882	0.1085	516.7097	0.0064	0.0001	0.0490	0.0000	0.0000	0.0000	0.0070	0.0001	0.0509	0.0013	0.0012	0.0014	0.0056	0.0008	0.0300	0.0007	0.0012	0.0001	59.2500	0.9767	0.0015	-0.0000	3.0544	17.0025	4.8962	6.0864	0.0024	0.0000	0.0024	0.0000	0.0000	0.0000	0.0024	0.0000	0.0024	0.0003	0.0002	0.0001	0.0002	0.0000	0.0001	0.0001	0.0001	0.0000	0.3747	0.3263	0.0484	0.0294	0.0276	0.0018	0.3453	0.2987	0.0466	0.2381	0.1323	0.1059	0.0287	0.0241	0.0047	0.2094	0.1082	0.1012	5.0458	0.1056	34.5918	0.0000	0.0000	0.0000	10.1882	0.1085	516.7097	0.0013	0.0012	0.0014	0.0056	0.0008	0.0300	0.0007	0.0012	0.0001
37	44	0.0892	3	0	2	0	0	0	0	0	0	N	Y	N	N	N	N	N	N	N	N	N	N	0.0000	0.0000	0.0000	0.0000	0.0000	0.0000	0.0000	0.0000	0.0000	0.0000	0.0000	0.0000	0.0000	0.0000	0.0000	0.0000	0.0000	0.0259	0.0777	0.0030	0.0007	0.0009	0.0000	0.0301	1.1505	0.0032	0.0543	0.0000	-0.0028	3.0544	6.9958	4.8962	11.8523	0.0000	0.0000	0.0000	0.0000	0.0000	0.0000	0.0000	0.0000	0.0000	0.0052	0.0050	0.0003	0.0000	0.0000	0.0000	0.0052	0.0049	0.0003	0.1710	0.1493	0.0217	0.0207	0.0197	0.0010	0.1503	0.1296	0.0207	0.2021	0.1132	0.0889	0.0258	0.0219	0.0039	0.1763	0.0913	0.0850	0.0000	0.0000	0.0000	0.0000	0.0000	0.0000	0.0000	0.0000	0.0000	0.0259	0.0439	0.0030	0.0007	0.0009	0.0000	0.0296	0.0542	0.0032		
37	45	0.1276	4	0	2	0	0	0	0	0	0	N	Y	N	N	N	N	N	N	N	N	N	N	0.7324	1.3370	0.0001	0.0000	0.0000	0.0000	0.7558	1.0020	0.0001	2.3453	2.6975	0.0009	0.0000	0.0000	0.0000	2.5137	2.9035	0.0009	3.2022	2.0175	11.0370	0.0144	0.0021	0.0649	3.3260	2.8978	11.5453	0.0000	12.8382	-0.3638	0.2750	3.0544	20.1318	4.8962	17.5118	1.0001	1.0001	0.0000	0.0000	0.0000	0.0000	1.0001	1.0001	0.0000	0.8121	0.0587	0.7534	0.0009	0.0001	0.0008	0.8112	0.0586	0.7526	0.4264	0.3707	0.0557	0.0286	0.0263	0.0023	0.3979	0.3444	0.0534	0.3330	0.1844	0.1486	0.0593	0.0477	0.0116	0.2736	0.1367	0.1370	0.9616	8.4757	0.0002	0.0000	0.0000	0.0000	0.8479	6.7748	0.0002	2.4390	0.3183	5.0712	0.0144	0.0021	0.0649	2.9645	0.4286	5.4956
37	46	0.1510	8	0	2	0	0	0	0	0	0	N	Y	N	N	N	N	N	N	N	N	N	N	0.0000	0.0000	0.0000	0.0000	0.0000	0.0000	0.0000	0.0000	0.0000	0.0000	0.0000	0.0000	0.0000	0.0000	0.0000	0.0000	0.0000	0.0000	0.0000	0.0000	0.0001	0.0001	0.0000	0.0000	0.0000	0.0000	0.0032	0.0000	-0.0000	3.0544	15.0410	4.8962	10.9147	0.0000	0.0000	0.0000	0.0000	0.0000	0.0000	0.0000	0.0000	0.0000	0.0000	0.0000	0.0000	0.0000	0.0000	0.0000	0.0000	0.0000	0.0000	0.3522	0.3073	0.0449	0.0492	0.0461	0.0032	0.3030	0.2613	0.0417	0.3105	0.1978	0.1127	0.1169	0.0914	0.0255	0.1937	0.1064	0.0873	0.0000	0.0000	0.0000	0.0000	0.0000	0.0000	0.0000	0.0000	0.0000	0.0000	0.0000	0.0000	0.0001	0.0001	0.0000	0.0000	0.0000	0.0000		
37	47	0.0366	5	1	1	1	0	0	0	0	0	N	N	N	N	N	N	N	N	N	N	N	N	20.1669	4.5570	326.3304	0.0000	0.0000	32.0845	7.9863	323.2844	0.0124	0.0046	0.0628	0.0000	0.0000	0.0000	0.0126	0.0047	0.0629	0.0006	0.0010	0.0002	0.0063	0.0075	0.0000	0.0004	0.0006	0.0002	2.0770	0.1819	0.0011	-0.0001	3.0544	12.7633	4.8962	6.3722	0.0035	0.0011	0.0024	0.0000	0.0000	0.0000	0.0035	0.0011	0.0024	0.0001	0.0001	0.0000	0.0000	0.0000	0.0000	0.0001	0.0001	0.0000	0.2839	0.2462	0.0377	0.0049	0.0048	0.0001	0.2790	0.2414	0.0376	0.2118	0.1081	0.1038	0.0079	0.0067	0.0012	0.2040	0.1014	0.1026	20.1669	4.5570	326.3304	0.0000	0.0000	0.0000	32.0845	7.9863	323.2844	0.0006	0.0010	0.0002	0.0063	0.0075	0.0000	0.0004	0.0006	0.0002	
37	48	0.0315	4	0	1	0	0	0	0	0	0	N	N	N	N	N	N	N	N	N	N	N	N	0.5029	0.2412	7.4752	0.0157	0.0157	0.6261	0.1505	7.4849	0.0011	0.0010	0.0020	0.0008	0.0008	0.0000	0.0011	0.0010	0.0020	0.0021	0.0040	0.0003	0.0480	0.0481	0.0000	0.0018	0.0069	0.0003	0.2062	0.0679	-0.0000	-0.0000	3.0544	0.3513	4.8962	1.9759	0.0000	0.0000	0.0000	0.0000	0.0000	0.0000	0.0000	0.0000	0.0000	0.0001	0.0001	0.0000	0.0000	0.0000	0.0000	0.0000	0.0000	0.0000	0.0139	0.0126	0.0013	0.0029	0.0029	0.0000	0.0110	0.0097	0.0013	0.0274	0.0135	0.0139	0.0002	0.0002	0.0000	0.0273	0.0133	0.0139	0.5029	0.2412	7.4752	0.0157	0.0157	0.0000	0.6261	0.2989	7.4849	0.0021	0.0040	0.0003	0.0480	0.0481	0.0000	0.0018	0.0035	0.0003	
37	49	0.0312	3	0	1	0	0	0	0	0	0	N	N	N	N	N	N	N	N	N	N	N	N	0.0830	0.0008	10.4354	0.0000	0.0000	0.1661	0.0006	10.4440	0.0006	0.0000	0.0040	0.0000	0.0000	0.0000	0.0006	0.0000	0.0040	0.0068	0.0138	0.0004	2.7615	2.4313	0.0000	0.0034	0.0198	0.0004	59.2500	0.0295	0.0000	-0.0000	3.0544	0.1669	4.8962	0.0350	0.0000	0.0000	0.0000	0.0000	0.0000	0.0000	0.0000	0.0000	0.0000	0.0000	0.0000	0.0000	0.0000	0.0000	0.0000	0.0000	0.0000	0.0000	0.0039	0.0034	0.0005	0.0000	0.0000	0.0000	0.0039	0.0033	0.0005	0.0024	0.0012	0.0012	0.0000	0.0000	0.0000	0.0024	0.0012	0.0012	0.0830	0.0008	10.4354	0.0000	0.0000	0.0000	0.1661	0.0017	10.4440	0.0068	0.0134	0.0004	0.8088	0.8104	0.0000	0.0034	0.0066	0.0004	
37	50	0.0312	2	0	1	0	0	0	0	0	0	N	N	N	N	N	N	N	N	N	N	N	N	0.0000	0.0000	0.0000	0.0000	0.0000	0.0000	0.0000	0.0000	0.0000	0.0000	0.0000	0.0000	0.0000	0.0000	0.0000	0.0000	0.0000	1.3275	2.1599	0.0157	2.8616	2.5347	0.0000	1.0332	2.5301	0.0157	0.0294	0.0000	-0.0000	3.0544	0.0010	4.8962	0.0028	0.0000	0.0000	0.0000	0.0000	0.0000	0.0000	0.0000	0.0000	0.0000	0.0000	0.0000	0.0000	0.0000	0.0000	0.0000	0.0000	0.0000	0.0000	0.0001	0.0001	0.0000	0.0000	0.0000	0.0000	0.0000	0.0000	0.0000	0.0001	0.0000	0.0000	0.0000	0.0000	0.0000	0.0001	0.0000	0.0000	0.0000	0.0000	0.0000	0.0000	0.0000	0.0000	0.0000	0.0000	0.0000	0.2541	0.4585	0.0157	0.8529	0.8529	0.0000	0.1493	0.3076	0.0157		
37	51	0.1086	4	0	2	0	1	0	0	0	0	N	Y	N	N	N	N	N	N	N	N	N	N	305.2607	243.6016	156.4767	3.4767	2.9372	0.0790	358.8581	280.8324	149.4529	0.2387	0.2651	0.0559	0.0030	0.0031	0.0000	0.2737	0.3082	0.0587	0.0008	0.0011	0.0004	0.0009	0.0011	0.0000	0.0008	0.0011	0.0004	0.0305	0.2371	-0.0145	-0.0001	3.0544	7.3891	4.8962	13.2142	0.0432	0.0420	0.0013	0.0001	0.0001	0.0000	0.0432	0.0419	0.0013	0.0002	0.0001	0.0000	0.0000	0.0000	0.0000	0.0001	0.0001	0.0000	0.1812	0.1583	0.0229	0.0235	0.0224	0.0011	0.1577	0.1359	0.0218	0.2187	0.1270	0.0917	0.0441	0.0354	0.0088	0.1746	0.0916	0.0829	305.2607	243.6016	156.4767	3.4767	2.9372	0.0790	358.8581	280.8324	149.4529	0.0008	0.0011	0.0004	0.0009	0.0011	0.0000	0.0008	0.0011	0.0004
37	52	0.1148	5	0	2	0	0	0	0	0	0	N	Y	N	N	N	N	N	N	N	N	N	N	0.0000	0.0000	0.0000	0.0001	0.0001	0.0000	0.0000	0.0000	0.0000	0.0000	0.0000	0.0000	0.0000	0.0000	0.0000	0.0000	0.0000	0.0000	0.0051	0.0085	0.0006	0.0157	0.0205	0.0000	0.0025	0.0104	0.0006	0.0000	0.0519	-0.0000	-0.0007	3.0544	12.1779	4.8962	13.0455	0.0000	0.0000	0.0000	0.0000	0.0000	0.0000	0.0000	0.0000	0.0000	0.0012	0.0012	0.0001	0.0007	0.0007	0.0000	0.0005	0.0004	0.0001	0.2996	0.2613	0.0382	0.0422	0.0383	0.0039	0.2574	0.2231	0.0343	0.2388	0.1354	0.1034	0.0467	0.0357	0.0110	0.1921	0.0997	0.0925	0.0000	0.0000	0.0000	0.0001	0.0001	0.0000	0.0000	0.0000	0.0000	0.0051	0.0085	0.0006	0.0157	0.0205	0.0000	0.0025	0.0042	0.0006
37	56	0.1724	9	0	2	0	0	0	0	0	0	N	Y	N	N	N	N	N	N	N	N	N	N	0.0755	0.0573	0.0000	1.2359	1.1242	0.0000	0.0000	0.0000	0.0000	0.0005	0.0006	0.0000	0.0041	0.0044	0.0000	0.0000	0.0000	0.0000	0.0066	0.0099	0.0005	0.0033	0.0039	0.0004	0.0086	0.1570	0.0005	0.0000	0.0262	-0.0000	-0.0006	3.0544	5.0156	4.8962	9.5596	0.0001	0.0001	0.0000	0.0001	0.0001	0.0000	0.0000	0.0000	0.0000	0.0011	0.0011	0.0000	0.0002	0.0002	0.0000	0.0009	0.0009	0.0000	0.1151	0.1003	0.0147	0.0139	0.0130	0.0009	0.1012	0.0873	0.0139	0.1687	0.1088	0.0599	0.0641	0.0537	0.0104	0.1046	0.0551	0.0495	0.0755	0.0573	0.0000	1.2359	1.1242	0.0000	0.0000	0.0000	0.0000	0.0066	0.0099	0.0005	0.0033	0.0039	0.0004	0.0086	0.0158	0.0005
37	57	0.1510	8	0	2	0	0	0	0	0	0	N	Y	N	N	N	N	N	N	N	N	N	N	0.0007	0.0002	0.2965	0.0474	0.0418	0.0028	0.0003	0.0000	0.2916	0.0006	0.0003	0.0027	0.0013	0.0014	0.0000	0.0005	0.0000	0.0030	0.9847	1.4235	0.0092	0.0277	0.0334	0.0065	1.3380	2.8381	0.0104	1.1576	0.0204	0.0000	-0.0162	3.0544	5.2776	4.8962	4.9316	0.0001	0.0000	0.0001	0.0000	0.0000	0.0000	0.0001	0.0000	0.0001	0.0285	0.0279	0.0006	0.0025	0.0024	0.0001	0.0260	0.0256	0.0004	0.1567	0.1367	0.0200	0.0342	0.0322	0.0021	0.1224	0.1045	0.0179	0.1931	0.1311	0.0620	0.0906	0.0714	0.0191	0.1026	0.0597	0.0429	0.0044	0.0016	0.2965	0.0474	0.0418	0.0028	0.0018	0.0000	0.2916	0.1476	0.2131	0.0092	0.0277	0.0334	0.0065	0.2535	0.4281	0.0104
37	58	0.1230	7	0	1	0	0	0	0	0	0	N	N	N	N	N	N	N	N	N	N	N	N	0.0001	0.0000	0.0049	0.0000	0.0000	0.0000	0.0000	0.0000	0.0059	0.0003	0.0001	0.0017	0.0000	0.0000	0.0000	0.0003	0.0001	0.0017	5.7177	12.2660	0.3386	0.1211	0.1436	0.0202	6.8188	12.3272	0.2914	2.4391	0.0166	0.0000	-0.4023	3.0544	6.4383	4.8962	5.2340	0.0000	0.0000	0.0000	0.0000	0.0000	0.0000	0.0000	0.0000	0.0000	0.7022	0.6908	0.0114	0.0040	0.0039	0.0001	0.6982	0.6869	0.0113	0.1465	0.1272	0.0193	0.0098	0.0092	0.0007	0.1367	0.1180	0.0186	0.1358	0.0831	0.0528	0.0334	0.0273	0.0061	0.1024	0.0557	0.0467	0.0001	0.0000	0.0077	0.0000	0.0000	0.0000	0.0000	0.0000	0.0071	5.1703	8.3165	0.2168	0.1211	0.1436	0.0202	6.8188	12.3272	0.2424
37	59	0.1148	6	0	1	0	0	0	0	0	0	N	N	N	N	N	N	N	N	N	N	N	N	0.0002	0.0002	0.0000	0.0386	0.0349	0.0000	0.0000	0.0000	0.0000	0.0006	0.0007	0.0000	0.0022	0.0025	0.0000	0.0000	0.0000	0.0000	2.5764	4.3485	0.0740	0.0581	0.0708	0.0008	2.7617	5.6065	0.0831	0.0005	0.0166	-0.0000	-0.0525	3.0544	3.9043	4.8962	0.3762	0.0001	0.0001	0.0000	0.0001	0.0001	0.0000	0.0000	0.0000	0.0000	0.0916	0.0901	0.0015	0.0007	0.0007	0.0000	0.0909	0.0894	0.0015	0.1276	0.1122	0.0154	0.0356	0.0323	0.0033	0.0920	0.0799	0.0121	0.0510	0.0309	0.0202	0.0122	0.0100	0.0022	0.0388	0.0209	0.0179	0.0003	0.0002	0.0000	0.0386	0.0349	0.0000	0.0000	0.0000	0.0000	1.7957	2.9202	0.0740	0.0581	0.0708	0.0008	2.3411	4.2806	0.0831
37	60	0.1148	5	0	1	0	0	0	0	0	0	N	N	N	N	N	N	N	N	N	N	N	N	0.0164	0.0044	0.0037	0.0241	0.0230	0.0000	0.0339	0.0017	0.0054	0.0022	0.0024	0.0000	0.0025	0.0027	0.0000	0.0020	0.0022	0.0000	0.1326	0.5512	0.0022	0.1017	0.1177	0.0003	0.0577	1.3439	0.0025	0.0004	0.0131	-0.0001	-0.0009	3.0544	1.5036	4.8962	0.1987	0.0002	0.0002	0.0000	0.0001	0.0001	0.0000	0.0001	0.0001	0.0000	0.0015	0.0015	0.0000	0.0007	0.0007	0.0000	0.0007	0.0007	0.0000	0.0733	0.0652	0.0081	0.0325	0.0295	0.0030	0.0408	0.0358	0.0050	0.0250	0.0164	0.0086	0.0073	0.0063	0.0010	0.0177	0.0101	0.0076	0.0367	0.0274	0.0037	0.0241	0.0230	0.0000	0.0468	0.0313	0.0054	0.0593	0.0892	0.0022	0.1017	0.1177	0.0003	0.0418	0.0714	0.0025
37	61	0.1086	4	0	1	0	0	0	0	0	0	N	N	N	N	N	N	N	N	N	N	N	N	0.0665	0.0335	0.0107	0.0734	0.0675	0.0609	0.0660	0.0020	0.0098	0.0015	0.0017	0.0000	0.0020	0.0021	0.0000	0.0013	0.0015	0.0000	0.0223	0.0501	0.0011	0.0270	0.0305	0.0002	0.0201	0.7910	0.0012	0.0009	0.0156	-0.0000	-0.0008	3.0544	2.7181	4.8962	1.0102	0.0001	0.0001	0.0000	0.0000	0.0000	0.0000	0.0001	0.0001	0.0000	0.0014	0.0014	0.0000	0.0005	0.0005	0.0000	0.0009	0.0009	0.0000	0.0789	0.0697	0.0092	0.0187	0.0180	0.0007	0.0602	0.0517	0.0085	0.0642	0.0433	0.0208	0.0203	0.0180	0.0023	0.0439	0.0253	0.0185	0.0665	0.0516	0.0107	0.0734	0.0675	0.0609	0.0660	0.0454	0.0098	0.0223	0.0325	0.0011	0.0270	0.0305	0.0002	0.0201	0.0340	0.0012
37	62	0.0892	3	0	1	0	0	0	0	0	0	N	N	N	N	N	N	N	N	N	N	N	N	0.0062	0.0015	0.0077	0.0060	0.0056	0.0000	0.0059	0.0008	0.0082	0.0008	0.0009	0.0001	0.0000	0.0000	0.0000	0.0011	0.0013	0.0001	0.1258	0.5718	0.0070	0.0004	0.0005	0.0000	0.1953	1.5673	0.0073	0.0073	0.0528	-0.0000	-0.0031	3.0544	1.4525	4.8962	6.3634	0.0000	0.0000	0.0000	0.0000	0.0000	0.0000	0.0000	0.0000	0.0000	0.0057	0.0054	0.0003	0.0000	0.0000	0.0000	0.0057	0.0054	0.0003	0.0477	0.0428	0.0050	0.0154	0.0149	0.0005	0.0323	0.0278	0.0045	0.1004	0.0596	0.0409	0.0173	0.0155	0.0017	0.0831	0.0440	0.0391	0.0137	0.0095	0.0077	0.0060	0.0056	0.0000	0.0167	0.0107	0.0082	0.0569	0.0911	0.0070	0.0004	0.0005	0.0000	0.0686	0.1231	0.0073
37	63	0.1686	6	1	2	0	1	0	0	0	0	N	Y	N	N	N	N	N	N	N	N	N	N	0.0000	0.0000	0.0000	0.0000	0.0000	0.0000	0.0000	0.0000	0.0000	0.0000	0.0000	0.0000	0.0000	0.0000	0.0000	0.0000	0.0006	0.0001	0.0011	0.0004	0.0005	0.0000	0.0006	0.0000	0.0012	8.5860	0.0000	0.0000	3.0544	2.0000	4.8962	2.0002	0.0000	0.0000	0.0000	0.0000	0.0000	0.0000	0.0000	0.0000	0.0000	0.0000	0.0000	0.0000	0.0000	0.0000	0.0000	0.0000	0.0000	0.0000	0.0452	0.0393	0.0059	0.0059	0.0055	0.0005	0.0393	0.0338	0.0054	0.0397	0.0218	0.0180	0.0055	0.0044	0.0011	0.0342	0.0174	0.0168	0.0000	0.0000	0.0000	0.0000	0.0000	0.0000	0.0000	0.0000	0.0000	0.0006	0.0001	0.0011	0.0004	0.0005	0.0000	0.0006	0.0000	0.0012			
37	64	0.1843	10	0	2	0	1	0	0	0	0	N	Y	N	N	N	N	N	N	N	N	N	N	0.0646	0.0419	0.0000	0.0007	0.0006	56.4501	119.0772	0.0000	0.0000	0.0000	0.0000	0.0000	0.0000	0.0000	0.0000	0.0001	0.0000	0.0007	0.0012	0.0000	0.0039	0.0047	0.0000	0.0000	0.0000	0.0000	0.0000	0.0008	-0.0000	-0.0000	3.0544	2.0059	4.8962	4.8036	0.0000	0.0000	0.0000	0.0000	0.0000	0.0000	0.0000	0.0000	0.0000	0.0000	0.0000	0.0000	0.0000	0.0000	0.0000	0.0000	0.0000	0.0000	0.0458	0.0399	0.0059	0.0068	0.0063	0.0005	0.0390	0.0336	0.0054	0.0673	0.0380	0.0293	0.0114	0.0095	0.0020	0.0559	0.0285	0.0274	0.0646	0.0419	0.0000	0.0007	0.0006	0.0000	56.4501	119.0772	0.0000	0.0007	0.0012	0.0000	0.0039	0.0047	0.0000	0.0000	0.0000	0.0000	
37	65	0.1815	8	0	2	0	0	0	0	0	0	N	Y	N	N	N	N	N	N	N	N	N	N	0.0000	0.0000	0.0000	0.0000	0.0000	0.0000	0.0000	0.0000	0.0000	0.0000	0.0000	0.0000	0.0000	0.0000	0.0000	0.0000	0.0000	0.0000	0.0056	0.0052	0.0061	0.0151	0.0175	0.0005	0.0034	0.0001	0.0065	0.9589	0.0000	-0.0000	3.0544	0.9804	4.8962	0.2754	0.0000	0.0000	0.0000	0.0000	0.0000	0.0000	0.0000	0.0000	0.0000	0.0001	0.0000	0.0000	0.0000	0.0000	0.0000	0.0000	0.0000	0.0000	0.0236	0.0207	0.0029	0.0036	0.0034	0.0002	0.0200	0.0173	0.0027	0.0143	0.0079	0.0064	0.0027	0.0023	0.0004	0.0116	0.0056	0.0060	0.0000	0.0000	0.0000	0.0000	0.0000	0.0000	0.0000	0.0000	0.0000	0.0056	0.0052	0.0061	0.0151	0.0175	0.0005	0.0034	0.0001	0.0065	
37	66	0.1793	9	0	1	1	1	0	0	0	0	N	N	N	N	N	N	N	N	N	N	N	N	0.0419	0.0615	0.0000	0.0618	0.0549	0.0000	0.0000	0.0000	0.0000	0.0000	0.0000	0.0001	0.0001	0.0000	0.0000	0.0000	0.0000	0.0003	0.0002	0.0004	0.0008	0.0010	0.0000	0.0002	0.0000	0.0004	0.0000	1.2521	-0.0000	-0.0000	3.0544	0.9437	4.8962	4.8091	0.0000	0.0000	0.0000	0.0000	0.0000	0.0000	0.0000	0.0000	0.0000	0.0000	0.0000	0.0000	0.0000	0.0000	0.0000	0.0000	0.0000	0.0000	0.0300	0.0260	0.0039	0.0080	0.0075	0.0005	0.0220	0.0185	0.0035	0.0588	0.0333	0.0255	0.0101	0.0085	0.0017	0.0487	0.0249	0.0238	0.0419	0.0615	0.0000	0.0618	0.0549	0.0000	0.0000	0.0000	0.0000	0.0003	0.0002	0.0004	0.0008	0.0010	0.0000	0.0002	0.0000	0.0004	
37	67	0.1722	8	0	1	1	1	0	0	0	0	N	N	N	N	N	N	N	N	N	N	N	N	0.0000	0.0000	0.0000	0.0000	0.0000	0.0000	0.0000	0.0000	0.0000	0.0000	0.0000	0.0000	0.0000	0.0000	0.0000	0.0000	0.0000	0.1355	0.0016	0.1339	0.0007	0.0009	0.0000	0.2165	0.0030	0.1429	66.9324	0.0000	0.0021	3.0544	4.0088	4.8962	5.0246	0.0000	0.0000	0.0000	0.0000	0.0000	0.0000	0.0000	0.0000	0.0000	0.0054	0.0001	0.0053	0.0000	0.0000	0.0000	0.0054	0.0001	0.0053	0.0897	0.0781	0.0117	0.0119	0.0110	0.0009	0.0779	0.0671	0.0108	0.0888	0.0491	0.0397	0.0129	0.0104	0.0025	0.0759	0.0387	0.0372	0.0000	0.0000	0.0000	0.0000	0.0000	0.0000	0.0000	0.0000	0.0000	0.0608	0.0016	0.1339	0.0007	0.0009	0.0000	0.0710	0.0018	0.1429		
37	68	0.1843	10	0	1	1	1	0	0	0	0	N	N	N	N	N	N	N	N	N	N	N	N	0.1785	0.1163	0.0000	0.0019	0.0017	62.1402	76.2113	0.0000	0.0001	0.0001	0.0000	0.0000	0.0000	0.0000	0.0001	0.0001	0.0000	0.0005	0.0008	0.0000	0.0027	0.0033	0.0000	0.0000	0.0000	0.0000	0.0000	0.0014	-0.0000	-0.0000	3.0544	1.0064	4.8962	4.2000	0.0000	0.0000	0.0000	0.0000	0.0000	0.0000	0.0000	0.0000	0.0000	0.0000	0.0000	0.0000	0.0000	0.0000	0.0000	0.0000	0.0000	0.0000	0.0232	0.0202	0.0030	0.0035	0.0032	0.0003	0.0197	0.0170	0.0027	0.0524	0.0297	0.0227	0.0091	0.0076	0.0015	0.0433	0.0221	0.0212	0.1785	0.1163	0.0000	0.0019	0.0017	0.0000	62.1402	76.2113	0.0000	0.0005	0.0008	0.0000	0.0027	0.0033	0.0000	0.0000	0.0000	0.0000	
37	69	0.1793	9	0	1	0	1	0	0	0	0	N	N	N	N	N	N	N	N	N	N	N	N	13.4106	9.7633	0.0000	0.0000	0.0000	0.0000	18.5095	7.1377	0.0000	0.0235	0.0270	0.0000	0.0000	0.0000	0.0000	0.0309	0.0365	0.0000	0.0018	0.0028	0.0003	0.0021	0.0024	0.0000	0.0017	0.0051	0.0003	0.0000	0.0709	-0.0003	-0.0000	3.0544	1.2889	4.8962	0.3511	0.0009	0.0009	0.0000	0.0000	0.0000	0.0000	0.0009	0.0009	0.0000	0.0000	0.0000	0.0000	0.0000	0.0000	0.0000	0.0000	0.0000	0.0000	0.0378	0.0328	0.0049	0.0090	0.0085	0.0006	0.0287	0.0243	0.0044	0.0192	0.0113	0.0078	0.0040	0.0035	0.0005	0.0152	0.0078	0.0074	13.4106	9.7633	0.0000	0.0000	0.0000	0.0000	18.5095	12.3501	0.0000	0.0018	0.0028	0.0003	0.0021	0.0024	0.0000	0.0017	0.0030	0.0003
37	70	0.1722	8	0	1	0	1	0	0	0	0	N	N	N	N	N	N	N	N	N	N	N	N	0.0070	0.0107	0.0000	0.0000	0.0000	0.0000	0.0081	0.0091	0.0000	0.0000	0.0000	0.0000	0.0000	0.0000	0.0000	0.0000	0.0000	0.0000	0.0032	0.0024	0.0042	0.0032	0.0038	0.0000	0.0032	0.0033	0.0045	0.0000	1.3565	-0.0000	-0.0000	3.0544	0.7777	4.8962	1.1718	0.0000	0.0000	0.0000	0.0000	0.0000	0.0000	0.0000	0.0000	0.0000	0.0001	0.0000	0.0000	0.0000	0.0000	0.0000	0.0001	0.0000	0.0000	0.0178	0.0155	0.0023	0.0024	0.0022	0.0002	0.0154	0.0133	0.0022	0.0212	0.0119	0.0092	0.0036	0.0030	0.0006	0.0176	0.0090	0.0087	0.0070	0.0107	0.0000	0.0000	0.0000	0.0000	0.0081	0.0156	0.0000	0.0032	0.0024	0.0042	0.0032	0.0038	0.0000	0.0032	0.0019	0.0045
37	71	0.1686	7	0	1	0	1	0	0	0	0	N	N	N	N	N	N	N	N	N	N	N	N	0.0000	0.0000	0.0000	0.0000	0.0000	0.0000	0.0000	0.0000	0.0000	0.0000	0.0000	0.0000	0.0000	0.0000	0.0000	0.0000	0.0000	0.0015	0.0018	0.0010	0.0016	0.0020	0.0000	0.0014	0.0026	0.0011	0.4723	0.0000	-0.0000	3.0544	0.9929	4.8962	0.0325	0.0000	0.0000	0.0000	0.0000	0.0000	0.0000	0.0000	0.0000	0.0000	0.0000	0.0000	0.0000	0.0000	0.0000	0.0000	0.0000	0.0000	0.0000	0.0226	0.0196	0.0030	0.0030	0.0027	0.0002	0.0196	0.0169	0.0027	0.0104	0.0057	0.0047	0.0015	0.0012	0.0003	0.0089	0.0045	0.0044	0.0000	0.0000	0.0000	0.0000	0.0000	0.0000	0.0000	0.0000	0.0000	0.0015	0.0018	0.0010	0.0016	0.0020	0.0000	0.0014	0.0018	0.0011		
37	72	0.2137	6	1	2	0	0	0	0	0	0	N	Y	N	N	N	N	N	N	N	N	N	N	0.0000	0.0000	0.0000	0.0000	0.0000	0.0000	0.0000	0.0000	0.0000	0.0000	0.0000	0.0000	0.0000	0.0000	0.0000	0.0000	0.0000	0.0000	0.0000	0.0000	3.0544	0.0000	4.8962	0.0001	0.0000	0.0000	0.0000	0.0000	0.0000	0.0000	0.0000	0.0000	0.0000	0.0000	0.0000	0.0000	0.0000	0.0000	0.0000	0.0000	0.0000	0.0000	0.0000	0.0000	0.0000	0.0000	0.0000	0.0000	0.0000	0.0000	0.0000	0.0000	0.0000	0.0000	0.0000	0.0000	0.0000	0.0000	0.0000	0.0000	0.0000	0.0000	0.0000	0.0000	0.0000	0.0000	0.0000	0.0000	0.0000	0.0000	0.0000	0.0000	0.0000	0.0000	0.0000	0.0000	0.0000	0.0000											
37	73	0.1504	5	1	2	0	0	0	0	0	0	N	Y	N	N	N	N	N	N	N	N	N	N	0.0029	11.2977	0.0000	0.0004	0.0003	0.0032	50358.7426	0.0000	0.0197	0.0226	0.0000	0.0000	0.0000	0.0000	0.0224	0.0259	0.0000	6.8184	0.0020	29.5928	0.0085	0.0106	0.0000	7.0159	0.0000	29.2952	0.0000	5570.5450	-0.0016	0.4051	3.0544	9.9619	4.8962	7.0378	0.0043	0.0043	0.0000	0.0000	0.0000	0.0000	0.0043	0.0043	0.0000	0.9864	0.0002	0.9862	0.0002	0.0002	0.0000	0.9862	0.0000	0.9862	0.2199	0.1916	0.0284	0.0263	0.0243	0.0020	0.1936	0.1673	0.0264	0.1613	0.0885	0.0728	0.0207	0.0166	0.0041	0.1406	0.0719	0.0687	0.0032	11.2977	0.0000	0.0004	0.0003	0.0000	0.0032	50358.7426	0.0000	6.1153	0.0020	13.5488	0.0085	0.0106	0.0000	7.0159	0.0000	14.3586	
37	74	0.1622	5	0	2	0	0	0	0	0	0	N	Y	N	N	N	N	N	N	N	N	N	N	0.0014	0.0012	0.0000	0.0016	0.0015	0.0000	0.0000	0.0000	0.0000	0.0000	0.0000	0.0000	0.0000	0.0000	0.0000	0.0000	0.0000	0.0000	0.0045	0.0058	0.0029	0.0181	0.0217	0.0000	0.0018	0.0005	0.0031	0.0000	0.4208	-0.0000	-0.0001	3.0544	7.0442	4.8962	2.0273	0.0000	0.0000	0.0000	0.0000	0.0000	0.0000	0.0000	0.0000	0.0000	0.0004	0.0003	0.0001	0.0003	0.0003	0.0000	0.0001	0.0000	0.0001	0.1897	0.1663	0.0234	0.0384	0.0359	0.0024	0.1513	0.1304	0.0210	0.0886	0.0483	0.0403	0.0142	0.0119	0.0023	0.0744	0.0364	0.0380	0.0014	0.0012	0.0000	0.0016	0.0015	0.0000	0.0000	0.0000	0.0000	0.0045	0.0058	0.0029	0.0181	0.0217	0.0000	0.0018	0.0005	0.0031
37	75	0.1383	4	0	2	0	0	0	0	0	0	N	Y	N	N	N	N	N	N	N	N	N	N	0.0000	0.0000	0.0001	0.0000	0.0000	0.0000	0.0000	0.0000	0.0002	0.0000	0.0000	0.0001	0.0000	0.0000	0.0000	0.0000	0.0000	0.0001	0.8643	0.0142	0.6096	0.0324	0.0399	0.0000	1.0671	0.0225	0.4978	inf	16.5221	0.0000	0.0036	3.0544	4.3369	4.8962	3.0972	0.0000	0.0000	0.0000	0.0000	0.0000	0.0000	0.0000	0.0000	0.0000	0.0102	0.0006	0.0096	0.0003	0.0003	0.0000	0.0099	0.0003	0.0096	0.1207	0.1060	0.0146	0.0215	0.0206	0.0009	0.0992	0.0855	0.0137	0.0755	0.0416	0.0339	0.0102	0.0083	0.0019	0.0653	0.0333	0.0320	0.0001	0.0000	0.0003	0.0000	0.0000	0.0000	0.0001	0.0000	0.0003	0.1352	0.0140	0.2838	0.0324	0.0399	0.0000	0.1512	0.0076	0.3008
37	76	0.2256	9	1	2	0	0	0	0	0	0	N	Y	N	N	N	N	N	N	N	N	N	N	0.0000	0.0000	0.0000	0.0000	0.0000	0.0000	0.0000	0.0000	0.0000	0.0000	0.0000	0.0000	0.0000	0.0000	0.0000	0.0000	0.0000	0.0009	0.0017	0.0000	0.0055	0.0070	0.0000	0.0000	0.0000	0.0000	0.0022	0.0000	-0.0000	3.0544	1.9992	4.8962	0.0055	0.0000	0.0000	0.0000	0.0000	0.0000	0.0000	0.0000	0.0000	0.0000	0.0000	0.0000	0.0000	0.0000	0.0000	0.0000	0.0000	0.0000	0.0000	0.0603	0.0528	0.0074	0.0094	0.0088	0.0006	0.0509	0.0440	0.0068	0.0261	0.0140	0.0120	0.0044	0.0035	0.0009	0.0216	0.0105	0.0111	0.0000	0.0000	0.0000	0.0000	0.0000	0.0000	0.0000	0.0000	0.0000	0.0009	0.0017	0.0000	0.0055	0.0070	0.0000	0.0000	0.0000	0.0000		
37	77	0.1815	8	1	2	0	0	0	0	0	0	N	Y	N	N	N	N	N	N	N	N	N	N	0.0000	0.0000	0.0000	0.0000	0.0000	0.0000	0.0000	0.0000	0.0000	0.0000	0.0000	0.0000	0.0000	0.0000	0.0000	0.0000	0.0000	0.0000	0.0017	0.0020	0.0013	0.0032	0.0039	0.0001	0.0014	0.0019	0.0014	0.5182	0.0000	-0.0000	3.0544	5.0219	4.8962	2.0148	0.0000	0.0000	0.0000	0.0000	0.0000	0.0000	0.0000	0.0000	0.0000	0.0001	0.0001	0.0000	0.0000	0.0000	0.0000	0.0001	0.0000	0.0000	0.1129	0.0985	0.0144	0.0154	0.0144	0.0010	0.0975	0.0841	0.0134	0.0703	0.0387	0.0316	0.0108	0.0088	0.0020	0.0595	0.0299	0.0296	0.0000	0.0000	0.0000	0.0000	0.0000	0.0000	0.0000	0.0000	0.0000	0.0017	0.0020	0.0013	0.0032	0.0039	0.0001	0.0014	0.0014	0.0014	
37	78	0.1686	7	0	2	0	0	0	0	0	0	N	Y	N	N	N	N	N	N	N	N	N	N	0.0000	0.0000	0.0000	0.0000	0.0000	0.0000	0.0000	0.0000	0.0000	0.0000	0.0000	0.0000	0.0000	0.0000	0.0000	0.0000	0.0000	0.8938	0.0032	0.6877	0.0000	0.0000	0.0000	1.1363	0.0087	0.5878	80.1556	0.0000	0.0021	3.0544	1.0203	4.8962	2.7327	0.0000	0.0000	0.0000	0.0000	0.0000	0.0000	0.0000	0.0000	0.0000	0.0053	0.0001	0.0052	0.0000	0.0000	0.0000	0.0053	0.0001	0.0052	0.0232	0.0202	0.0030	0.0030	0.0028	0.0002	0.0202	0.0174	0.0028	0.0373	0.0205	0.0169	0.0052	0.0041	0.0011	0.0321	0.0163	0.0158	0.0000	0.0000	0.0000	0.0000	0.0000	0.0000	0.0000	0.0000	0.0000	0.1414	0.0032	0.3088	0.0000	0.0000	0.0000	0.1643	0.0040	0.3297		
37	79	0.1686	6	0	1	0	0	0	0	0	0	N	N	N	N	N	N	N	N	N	N	N	N	0.0000	0.0000	0.0000	0.0000	0.0000	0.0000	0.0000	0.0000	0.0000	0.0000	0.0000	0.0000	0.0000	0.0000	0.0000	0.0000	0.0000	0.4234	0.2149	0.1315	0.1166	0.1198	0.0000	0.2069	0.0011	0.1357	0.9840	0.0000	-0.0000	3.0544	0.0000	4.8962	0.0018	0.0000	0.0000	0.0000	0.0000	0.0000	0.0000	0.0000	0.0000	0.0000	0.0000	0.0000	0.0000	0.0000	0.0000	0.0000	0.0000	0.0000	0.0000	0.0000	0.0000	0.0000	0.0000	0.0000	0.0000	0.0000	0.0000	0.0000	0.0001	0.0000	0.0000	0.0000	0.0000	0.0000	0.0000	0.0000	0.0000	0.0000	0.0000	0.0000	0.0000	0.0000	0.0000	0.0000	0.0000	0.0000	0.0869	0.0652	0.1315	0.1166	0.1198	0.0000	0.0693	0.0011	0.1357		
37	80	0.1504	5	0	1	0	0	0	0	0	0	N	N	N	N	N	N	N	N	N	N	N	N	0.0002	0.0000	0.0000	0.0001	0.0001	0.0000	0.0000	0.0000	0.0000	0.0000	0.0000	0.0000	0.0001	0.0001	0.0000	0.0000	0.0000	0.0000	0.0807	0.4457	0.0001	0.6533	0.7146	0.0000	0.0001	0.0000	0.0001	0.0000	0.0010	-0.0000	-0.0014	3.0544	3.0825	4.8962	2.0124	0.0000	0.0000	0.0000	0.0000	0.0000	0.0000	0.0000	0.0000	0.0000	0.0023	0.0023	0.0000	0.0023	0.0023	0.0000	0.0000	0.0000	0.0000	0.0731	0.0637	0.0094	0.0098	0.0091	0.0007	0.0633	0.0546	0.0087	0.0520	0.0286	0.0234	0.0070	0.0057	0.0013	0.0450	0.0229	0.0221	0.0003	0.0002	0.0000	0.0003	0.0002	0.0000	0.0000	0.0000	0.0000	0.0447	0.0813	0.0001	0.3311	0.4074	0.0000	0.0001	0.0000	0.0001
37	81	0.1383	4	0	1	0	0	0	0	0	0	N	N	N	N	N	N	N	N	N	N	N	N	0.0000	0.0003	0.0000	0.0000	0.0000	0.0000	0.0001	0.0003	0.0000	0.0000	0.0000	0.0000	0.0000	0.0000	0.0000	0.0000	0.0000	0.0000	0.1917	0.0354	0.1224	0.0777	0.0942	0.0000	0.1925	0.0468	0.1297	0.0004	3.5538	-0.0000	0.0005	3.0544	3.6751	4.8962	0.0788	0.0000	0.0000	0.0000	0.0000	0.0000	0.0000	0.0000	0.0000	0.0000	0.0028	0.0006	0.0022	0.0004	0.0004	0.0000	0.0023	0.0002	0.0022	0.1062	0.0935	0.0127	0.0201	0.0193	0.0008	0.0861	0.0742	0.0119	0.0396	0.0220	0.0176	0.0057	0.0047	0.0010	0.0340	0.0173	0.0166	0.0001	0.0004	0.0000	0.0000	0.0000	0.0000	0.0002	0.0013	0.0000	0.0698	0.0276	0.1224	0.0777	0.0942	0.0000	0.0685	0.0096	0.1297
37	82	0.0892	3	0	1	0	0	0	0	0	0	N	N	N	N	N	N	N	N	N	N	N	N	0.0000	0.0000	0.0000	0.0000	0.0000	0.0000	0.0000	0.0000	0.0000	0.0000	0.0000	0.0000	0.0000	0.0000	0.0000	0.0000	0.0000	0.0000	0.0031	0.0023	0.0043	0.0004	0.0004	0.0000	0.0036	0.0049	0.0045	1.4358	0.0000	0.0000	3.0544	8.5011	4.8962	5.2406	0.0000	0.0000	0.0000	0.0000	0.0000	0.0000	0.0000	0.0000	0.0000	0.0005	0.0002	0.0003	0.0000	0.0000	0.0000	0.0005	0.0002	0.0003	0.2031	0.1771	0.0260	0.0220	0.0209	0.0011	0.1811	0.1562	0.0248	0.1565	0.0891	0.0674	0.0220	0.0191	0.0029	0.1345	0.0700	0.0645	0.0000	0.0000	0.0000	0.0000	0.0000	0.0000	0.0000	0.0000	0.0000	0.0031	0.0023	0.0043	0.0004	0.0004	0.0000	0.0036	0.0028	0.0045	
38	42	0.1491	8	0	0	1	0	0	0	0	0	N	N	N	N	N	N	N	N	N	N	N	N	0.0000	0.0000	0.0000	0.0000	0.0000	0.0000	0.0000	0.0000	0.0000	0.0000	0.0000	0.0000	0.0000	0.0000	0.0000	0.0000	0.0000	0.0000	0.0000	0.0000	0.9992	17.0025	1.0069	6.0864	0.0000	0.0000	0.0000	0.0000	0.0000	0.0000	0.0000	0.0000	0.0000	0.0000	0.0000	0.0000	0.0000	0.0000	0.0000	0.0000	0.0000	0.0000	0.1059	0.0924	0.0134	0.0111	0.0105	0.0006	0.0948	0.0819	0.0129	0.0475	0.0283	0.0192	0.0101	0.0081	0.0020	0.0374	0.0202	0.0172	0.0000	0.0000	0.0000	0.0000	0.0000	0.0000	0.0000	0.0000	0.0000	0.0000	0.0000	0.0000	0.0000	0.0000	0.0000	0.0000	0.0000	0.0000											
38	44	0.1491	8	0	1	1	0	0	0	0	0	N	N	N	N	N	N	N	N	N	N	N	N	0.0000	0.0000	0.0000	0.0000	0.0000	0.0000	0.0000	0.0000	0.0000	0.0000	0.0000	0.0000	0.0000	0.0000	0.0000	0.0000	0.0000	0.0000	0.0000	0.0000	0.9992	6.9958	1.0069	11.8523	0.0000	0.0000	0.0000	0.0000	0.0000	0.0000	0.0000	0.0000	0.0000	0.0000	0.0000	0.0000	0.0000	0.0000	0.0000	0.0000	0.0000	0.0000	0.0478	0.0417	0.0061	0.0058	0.0055	0.0003	0.0420	0.0362	0.0058	0.0398	0.0238	0.0160	0.0086	0.0069	0.0017	0.0312	0.0169	0.0144	0.0000	0.0000	0.0000	0.0000	0.0000	0.0000	0.0000	0.0000	0.0000	0.0000	0.0000	0.0000	0.0000	0.0000	0.0000	0.0000	0.0000	0.0000											
38	45	0.1874	9	0	1	1	0	0	0	0	0	N	N	N	N	N	N	N	N	N	N	N	N	0.0000	0.0000	0.0000	0.0000	0.0000	0.0000	0.0000	0.0000	0.0000	0.0000	0.0000	0.0000	0.0000	0.0000	0.0000	0.0000	0.0000	0.0000	0.0000	0.0000	0.9992	20.1318	1.0069	17.5118	0.0000	0.0000	0.0000	0.0000	0.0000	0.0000	0.0000	0.0000	0.0000	0.0000	0.0000	0.0000	0.0000	0.0000	0.0000	0.0000	0.0000	0.0000	0.1216	0.1063	0.0153	0.0145	0.0136	0.0009	0.1071	0.0927	0.0144	0.0704	0.0421	0.0283	0.0168	0.0139	0.0029	0.0537	0.0282	0.0254	0.0000	0.0000	0.0000	0.0000	0.0000	0.0000	0.0000	0.0000	0.0000	0.0000	0.0000	0.0000	0.0000	0.0000	0.0000	0.0000	0.0000	0.0000											
38	46	0.1432	5	0	1	1	0	0	0	0	0	N	N	N	N	N	N	N	N	N	N	N	N	0.0000	0.0000	0.0000	0.0000	0.0000	0.0000	0.0000	0.0000	0.0000	0.0000	0.0000	0.0000	0.0000	0.0000	0.0000	0.1418	0.0000	0.2066	0.0013	0.0000	0.0131	0.3495	0.0000	0.1833	inf	0.0000	0.0018	0.9992	15.0410	1.0069	10.9147	0.0000	0.0000	0.0000	0.0000	0.0000	0.0000	0.0000	0.0000	0.0000	0.0044	0.0000	0.0044	0.0000	0.0000	0.0000	0.0043	0.0000	0.0043	0.0988	0.0863	0.0125	0.0141	0.0131	0.0009	0.0847	0.0731	0.0116	0.0710	0.0455	0.0255	0.0190	0.0171	0.0018	0.0521	0.0284	0.0237	0.0000	0.0000	0.0000	0.0000	0.0000	0.0000	0.0000	0.0000	0.0000	0.0614	0.0000	0.1710	0.0013	0.0000	0.0131	0.0833	0.0000	0.1833				
38	47	0.2125	12	1	0	2	0	0	0	0	0	N	N	Y	N	N	N	N	N	N	N	N	N	0.0000	0.0000	0.0000	0.0000	0.0000	0.0000	0.0000	0.0000	0.0000	0.0000	0.0000	0.0000	0.0000	0.0000	0.0000	0.0000	0.0000	0.0000	0.0000	0.0000	0.9992	12.7633	1.0069	6.3722	0.0000	0.0000	0.0000	0.0000	0.0000	0.0000	0.0000	0.0000	0.0000	0.0000	0.0000	0.0000	0.0000	0.0000	0.0000	0.0000	0.0000	0.0000	0.0799	0.0699	0.0100	0.0100	0.0094	0.0006	0.0699	0.0605	0.0094	0.0387	0.0236	0.0151	0.0109	0.0086	0.0023	0.0279	0.0151	0.0128	0.0000	0.0000	0.0000	0.0000	0.0000	0.0000	0.0000	0.0000	0.0000	0.0000	0.0000	0.0000	0.0000	0.0000	0.0000	0.0000	0.0000	0.0000											
38	48	0.2073	11	0	0	1	0	0	0	0	0	N	N	N	N	N	N	N	N	N	N	N	N	0.0000	0.0000	0.0000	0.0000	0.0000	0.0000	0.0000	0.0000	0.0000	0.0000	0.0000	0.0000	0.0000	0.0000	0.0000	0.0000	0.0000	0.0000	0.0000	0.0000	0.9992	0.3513	1.0069	1.9759	0.0000	0.0000	0.0000	0.0000	0.0000	0.0000	0.0000	0.0000	0.0000	0.0000	0.0000	0.0000	0.0000	0.0000	0.0000	0.0000	0.0000	0.0000	0.0043	0.0040	0.0004	0.0013	0.0013	0.0000	0.0030	0.0027	0.0003	0.0051	0.0031	0.0020	0.0015	0.0011	0.0003	0.0037	0.0020	0.0017	0.0000	0.0000	0.0000	0.0000	0.0000	0.0000	0.0000	0.0000	0.0000	0.0000	0.0000	0.0000	0.0000	0.0000	0.0000	0.0000	0.0000	0.0000											
38	49	0.2071	10	0	0	1	0	0	0	0	0	N	N	N	N	N	N	N	N	N	N	N	N	0.0000	0.0000	0.0000	0.0000	0.0000	0.0000	0.0000	0.0000	0.0000	0.0000	0.0000	0.0000	0.0000	0.0000	0.0000	0.0000	0.0000	0.0000	0.0000	0.0000	0.9992	0.1669	1.0069	0.0350	0.0000	0.0000	0.0000	0.0000	0.0000	0.0000	0.0000	0.0000	0.0000	0.0000	0.0000	0.0000	0.0000	0.0000	0.0000	0.0000	0.0000	0.0000	0.0011	0.0010	0.0001	0.0001	0.0001	0.0000	0.0010	0.0008	0.0001	0.0004	0.0003	0.0002	0.0001	0.0001	0.0000	0.0003	0.0002	0.0001	0.0000	0.0000	0.0000	0.0000	0.0000	0.0000	0.0000	0.0000	0.0000	0.0000	0.0000	0.0000	0.0000	0.0000	0.0000	0.0000	0.0000	0.0000											
38	50	0.2071	9	0	0	1	0	0	0	0	0	N	N	N	N	N	N	N	N	N	N	N	N	0.0000	0.0000	0.0000	0.0000	0.0000	0.0000	0.0000	0.0000	0.0000	0.0000	0.0000	0.0000	0.0000	0.0000	0.0000	0.0000	0.0000	0.0000	0.0000	0.0000	0.9992	0.0010	1.0069	0.0028	0.0000	0.0000	0.0000	0.0000	0.0000	0.0000	0.0000	0.0000	0.0000	0.0000	0.0000	0.0000	0.0000	0.0000	0.0000	0.0000	0.0000	0.0000	0.0000	0.0000	0.0000	0.0000	0.0000	0.0000	0.0000	0.0000	0.0000	0.0000	0.0000	0.0000	0.0000	0.0000	0.0000	0.0000	0.0000	0.0000	0.0000	0.0000	0.0000	0.0000	0.0000	0.0000	0.0000	0.0000	0.0000	0.0000	0.0000	0.0000	0.0000	0.0000	0.0000	0.0000	0.0000	0.0000											
38	51	0.1296	7	0	1	1	1	0	0	0	0	N	N	N	N	N	N	N	N	N	N	N	N	0.0000	0.0000	0.0000	0.0000	0.0000	0.0000	0.0000	0.0000	0.0000	0.0000	0.0000	0.0000	0.0000	0.0000	0.0000	0.0000	0.0000	0.0000	0.0000	0.0000	0.9992	7.3891	1.0069	13.2142	0.0000	0.0000	0.0000	0.0000	0.0000	0.0000	0.0000	0.0000	0.0000	0.0000	0.0000	0.0000	0.0000	0.0000	0.0000	0.0000	0.0000	0.0000	0.0504	0.0439	0.0065	0.0059	0.0056	0.0003	0.0445	0.0383	0.0062	0.0458	0.0270	0.0188	0.0080	0.0067	0.0012	0.0379	0.0203	0.0176	0.0000	0.0000	0.0000	0.0000	0.0000	0.0000	0.0000	0.0000	0.0000	0.0000	0.0000	0.0000	0.0000	0.0000	0.0000	0.0000	0.0000	0.0000											
38	52	0.1235	6	0	1	1	0	0	0	0	0	N	N	N	N	N	N	N	N	N	N	N	N	0.0000	0.0000	0.0000	0.0000	0.0000	0.0000	0.0000	0.0000	0.0000	0.0000	0.0000	0.0000	0.0000	0.0180	0.0477	0.0000	0.1451	0.1667	0.0000	0.0000	0.0000	0.0000	0.0000	0.0000	-0.0005	0.9992	12.1779	1.0069	13.0455	0.0000	0.0000	0.0000	0.0000	0.0000	0.0000	0.0000	0.0000	0.0000	0.0009	0.0009	0.0000	0.0009	0.0009	0.0000	0.0000	0.0000	0.0000	0.0836	0.0735	0.0101	0.0099	0.0095	0.0004	0.0737	0.0640	0.0097	0.0516	0.0296	0.0220	0.0067	0.0056	0.0011	0.0449	0.0240	0.0209	0.0000	0.0000	0.0000	0.0000	0.0000	0.0000	0.0000	0.0000	0.0000	0.0180	0.0314	0.0000	0.1393	0.1667	0.0000	0.0000	0.0000	0.0000						
38	53	0.2145	10	0	1	1	0	0	0	0	0	N	N	N	N	N	N	N	N	N	N	N	N	0.0000	0.0000	0.0000	0.0000	0.0000	0.0000	0.0000	0.0000	0.0000	0.0000	0.0000	0.0000	0.0000	0.0000	0.0000	0.0000	0.0000	0.0000	0.0000	0.0000	0.9992	3.0001	1.0069	3.0003	0.0000	0.0000	0.0000	0.0000	0.0000	0.0000	0.0000	0.0000	0.0000	0.0000	0.0000	0.0000	0.0000	0.0000	0.0000	0.0000	0.0000	0.0000	0.0194	0.0169	0.0025	0.0023	0.0021	0.0001	0.0171	0.0147	0.0024	0.0128	0.0078	0.0050	0.0036	0.0028	0.0008	0.0092	0.0050	0.0043	0.0000	0.0000	0.0000	0.0000	0.0000	0.0000	0.0000	0.0000	0.0000	0.0000	0.0000	0.0000	0.0000	0.0000	0.0000	0.0000	0.0000	0.0000											
38	54	0.2071	9	0	0	1	0	0	0	0	0	N	N	N	N	N	N	N	N	N	N	N	N	0.0000	0.0000	0.0000	0.0000	0.0000	0.0000	0.0000	0.0000	0.0000	0.0000	0.0000	0.0000	0.0000	0.0000	0.0000	0.0000	0.0000	0.0000	0.0000	0.0000	0.9992	1.9998	1.0069	1.0017	0.0000	0.0000	0.0000	0.0000	0.0000	0.0000	0.0000	0.0000	0.0000	0.0000	0.0000	0.0000	0.0000	0.0000	0.0000	0.0000	0.0000	0.0000	0.0130	0.0113	0.0017	0.0015	0.0014	0.0001	0.0115	0.0099	0.0016	0.0065	0.0039	0.0026	0.0018	0.0014	0.0004	0.0047	0.0025	0.0022	0.0000	0.0000	0.0000	0.0000	0.0000	0.0000	0.0000	0.0000	0.0000	0.0000	0.0000	0.0000	0.0000	0.0000	0.0000	0.0000	0.0000	0.0000											
38	55	0.1491	8	0	0	1	0	0	0	0	0	N	N	N	N	N	N	N	N	N	N	N	N	0.0000	0.0000	0.0000	0.0000	0.0000	0.0000	0.0000	0.0000	0.0000	0.0000	0.0000	0.0000	0.0000	0.0000	0.0000	0.0000	0.0000	0.0000	0.0000	0.0000	0.9992	8.0033	1.0069	9.9473	0.0000	0.0000	0.0000	0.0000	0.0000	0.0000	0.0000	0.0000	0.0000	0.0000	0.0000	0.0000	0.0000	0.0000	0.0000	0.0000	0.0000	0.0000	0.0539	0.0470	0.0069	0.0063	0.0060	0.0003	0.0476	0.0410	0.0066	0.0381	0.0228	0.0153	0.0082	0.0066	0.0016	0.0299	0.0162	0.0137	0.0000	0.0000	0.0000	0.0000	0.0000	0.0000	0.0000	0.0000	0.0000	0.0000	0.0000	0.0000	0.0000	0.0000	0.0000	0.0000	0.0000	0.0000											
38	56	0.1647	6	0	1	1	0	0	0	0	0	N	N	N	N	N	N	N	N	N	N	N	N	17.7461	12.8875	42.9316	39.2500	173006.0545	104550.8210	0.1293	0.1483	0.0000	0.9644	1.0164	0.0000	0.0183	0.0212	0.0000	0.0073	0.0115	0.0000	0.0225	0.0259	0.0000	0.0000	0.0000	0.0000	0.0000	0.0000	-0.0015	-0.0002	0.9992	5.0156	1.0069	9.5596	0.0042	0.0042	0.0000	0.0037	0.0037	0.0000	0.0005	0.0005	0.0000	0.0003	0.0003	0.0000	0.0003	0.0003	0.0000	0.0000	0.0000	0.0000	0.0327	0.0286	0.0042	0.0038	0.0036	0.0002	0.0289	0.0249	0.0040	0.0406	0.0257	0.0149	0.0132	0.0114	0.0017	0.0274	0.0143	0.0131	17.7461	12.8875	0.0000	42.9316	39.2500	0.0000	173006.0545	104550.8210	0.0000	0.0073	0.0115	0.0000	0.0225	0.0259	0.0000	0.0000	0.0000	0.0000			
38	57	0.1432	5	0	1	1	0	0	0	0	0	N	N	N	N	N	N	N	N	N	N	N	N	6.6348	0.1433	49.0566	0.3693	0.3719	0.0000	11.7565	0.0028	51.8415	0.0897	0.0019	0.7002	0.0076	0.0082	0.0000	0.1125	0.0000	0.8003	0.0135	0.0134	0.0143	0.0206	0.0220	0.0010	0.0096	0.0137	0.0154	52.3653	0.4762	0.0023	-0.0002	0.9992	5.2776	1.0069	4.9316	0.0038	0.0001	0.0037	0.0001	0.0001	0.0000	0.0037	0.0000	0.0037	0.0006	0.0004	0.0002	0.0003	0.0003	0.0000	0.0003	0.0001	0.0002	0.0421	0.0368	0.0053	0.0092	0.0085	0.0007	0.0329	0.0283	0.0046	0.0445	0.0309	0.0136	0.0159	0.0148	0.0011	0.0286	0.0161	0.0125	6.6348	0.1458	49.0566	0.3693	0.3719	0.0000	11.7565	0.0078	51.8415	0.0135	0.0132	0.0143	0.0206	0.0220	0.0010	0.0096	0.0050	0.0154
38	58	0.1153	4	0	0	1	0	0	0	0	0	N	N	N	N	N	N	N	N	N	N	N	N	0.1386	0.0000	0.4458	0.0000	0.0000	0.0000	0.1252	0.0000	0.4377	0.0017	0.0000	0.0126	0.0000	0.0000	0.0000	0.0018	0.0000	0.0129	0.0119	0.0009	0.0282	0.0003	0.0002	0.0013	0.0142	0.0011	0.0295	inf	20.9753	0.0000	0.0001	0.9992	6.4383	1.0069	5.2340	0.0001	0.0000	0.0001	0.0000	0.0000	0.0000	0.0001	0.0000	0.0001	0.0003	0.0000	0.0003	0.0000	0.0000	0.0000	0.0003	0.0000	0.0003	0.0422	0.0367	0.0056	0.0029	0.0027	0.0001	0.0394	0.0339	0.0054	0.0287	0.0171	0.0116	0.0047	0.0041	0.0005	0.0241	0.0130	0.0111	0.1386	0.0000	0.4458	0.0000	0.0000	0.0000	0.1252	0.0000	0.4377	0.0119	0.0009	0.0282	0.0003	0.0002	0.0013	0.0142	0.0011	0.0295
38	63	0.2284	11	1	1	1	1	0	0	0	0	N	N	N	N	N	N	N	N	N	N	N	N	0.0000	0.0000	0.0000	0.0000	0.0000	0.0000	0.0000	0.0000	0.0000	0.0000	0.0000	0.0000	0.0000	0.0000	0.0000	0.0000	0.0000	0.0000	0.0000	0.0000	0.9992	2.0000	1.0069	2.0002	0.0000	0.0000	0.0000	0.0000	0.0000	0.0000	0.0000	0.0000	0.0000	0.0000	0.0000	0.0000	0.0000	0.0000	0.0000	0.0000	0.0000	0.0000	0.0128	0.0112	0.0016	0.0019	0.0018	0.0001	0.0109	0.0094	0.0015	0.0084	0.0050	0.0034	0.0018	0.0015	0.0003	0.0066	0.0036	0.0030	0.0000	0.0000	0.0000	0.0000	0.0000	0.0000	0.0000	0.0000	0.0000	0.0000	0.0000	0.0000	0.0000	0.0000	0.0000	0.0000	0.0000	0.0000											
38	64	0.2441	15	0	1	1	1	0	0	0	0	N	N	N	N	N	N	N	N	N	N	N	N	0.0000	0.0000	0.0000	0.0000	0.0000	0.0000	0.0000	0.0000	0.0000	0.0000	0.0000	0.0000	0.0000	0.0000	0.0000	0.0000	0.0000	0.0000	0.0000	0.0000	0.9992	2.0059	1.0069	4.8036	0.0000	0.0000	0.0000	0.0000	0.0000	0.0000	0.0000	0.0000	0.0000	0.0000	0.0000	0.0000	0.0000	0.0000	0.0000	0.0000	0.0000	0.0000	0.0130	0.0113	0.0017	0.0021	0.0020	0.0001	0.0109	0.0094	0.0015	0.0144	0.0088	0.0056	0.0033	0.0027	0.0006	0.0111	0.0061	0.0050	0.0000	0.0000	0.0000	0.0000	0.0000	0.0000	0.0000	0.0000	0.0000	0.0000	0.0000	0.0000	0.0000	0.0000	0.0000	0.0000	0.0000	0.0000											
38	65	0.2413	13	0	1	1	0	0	0	0	0	N	N	N	N	N	N	N	N	N	N	N	N	0.0000	0.0000	0.0000	0.0000	0.0000	0.0000	0.0000	0.0000	0.0000	0.0000	0.0000	0.0000	0.0000	0.0000	0.0000	0.0000	0.0000	0.0033	0.0055	0.0000	0.0126	0.0146	0.0000	0.0000	0.0000	0.0000	0.0019	0.0000	-0.0000	0.9992	0.9804	1.0069	0.2754	0.0000	0.0000	0.0000	0.0000	0.0000	0.0000	0.0000	0.0000	0.0000	0.0000	0.0000	0.0000	0.0000	0.0000	0.0000	0.0000	0.0000	0.0000	0.0063	0.0055	0.0008	0.0010	0.0009	0.0001	0.0054	0.0046	0.0007	0.0031	0.0018	0.0012	0.0008	0.0007	0.0001	0.0023	0.0012	0.0011	0.0000	0.0000	0.0000	0.0000	0.0000	0.0000	0.0000	0.0000	0.0000	0.0033	0.0055	0.0000	0.0126	0.0146	0.0000	0.0000	0.0000	0.0000		
38	66	0.2391	14	0	0	2	1	0	0	0	0	N	N	Y	N	N	N	N	N	N	N	N	N	0.0000	0.0000	0.0000	0.0000	0.0000	0.0000	0.0000	0.0000	0.0000	0.0000	0.0000	0.0000	0.0000	0.0000	0.0000	0.0000	0.0000	0.0000	0.0000	0.0000	0.9992	0.9437	1.0069	4.8091	0.0000	0.0000	0.0000	0.0000	0.0000	0.0000	0.0000	0.0000	0.0000	0.0000	0.0000	0.0000	0.0000	0.0000	0.0000	0.0000	0.0000	0.0000	0.0090	0.0079	0.0012	0.0027	0.0026	0.0002	0.0063	0.0053	0.0010	0.0123	0.0075	0.0048	0.0028	0.0023	0.0005	0.0095	0.0052	0.0043	0.0000	0.0000	0.0000	0.0000	0.0000	0.0000	0.0000	0.0000	0.0000	0.0000	0.0000	0.0000	0.0000	0.0000	0.0000	0.0000	0.0000	0.0000											
38	67	0.2321	13	0	0	2	1	0	0	0	0	N	N	Y	N	N	N	N	N	N	N	N	N	0.0000	0.0000	0.0000	0.0000	0.0000	0.0000	0.0000	0.0000	0.0000	0.0000	0.0000	0.0000	0.0000	0.0000	0.0000	0.0000	0.0000	0.0000	0.0000	0.0000	0.9992	4.0088	1.0069	5.0246	0.0000	0.0000	0.0000	0.0000	0.0000	0.0000	0.0000	0.0000	0.0000	0.0000	0.0000	0.0000	0.0000	0.0000	0.0000	0.0000	0.0000	0.0000	0.0256	0.0223	0.0032	0.0039	0.0037	0.0003	0.0216	0.0186	0.0030	0.0185	0.0111	0.0074	0.0039	0.0032	0.0007	0.0146	0.0079	0.0067	0.0000	0.0000	0.0000	0.0000	0.0000	0.0000	0.0000	0.0000	0.0000	0.0000	0.0000	0.0000	0.0000	0.0000	0.0000	0.0000	0.0000	0.0000											
38	68	0.2441	15	0	0	2	1	0	0	0	0	N	N	Y	N	N	N	N	N	N	N	N	N	0.0000	0.0000	0.0000	0.0000	0.0000	0.0000	0.0000	0.0000	0.0000	0.0000	0.0000	0.0000	0.0000	0.0000	0.0000	0.0000	0.0000	0.0000	0.0000	0.0000	0.9992	1.0064	1.0069	4.2000	0.0000	0.0000	0.0000	0.0000	0.0000	0.0000	0.0000	0.0000	0.0000	0.0000	0.0000	0.0000	0.0000	0.0000	0.0000	0.0000	0.0000	0.0000	0.0066	0.0057	0.0008	0.0011	0.0010	0.0001	0.0055	0.0047	0.0008	0.0112	0.0069	0.0043	0.0026	0.0022	0.0004	0.0086	0.0047	0.0039	0.0000	0.0000	0.0000	0.0000	0.0000	0.0000	0.0000	0.0000	0.0000	0.0000	0.0000	0.0000	0.0000	0.0000	0.0000	0.0000	0.0000	0.0000											
38	69	0.2391	14	0	0	1	1	0	0	0	0	N	N	N	N	N	N	N	N	N	N	N	N	0.0000	0.0000	0.0000	0.0000	0.0000	0.0000	0.0000	0.0000	0.0000	0.0000	0.0000	0.0000	0.0000	0.0000	0.0000	0.0000	0.0000	0.0000	0.0000	0.0000	0.9992	1.2889	1.0069	0.3511	0.0000	0.0000	0.0000	0.0000	0.0000	0.0000	0.0000	0.0000	0.0000	0.0000	0.0000	0.0000	0.0000	0.0000	0.0000	0.0000	0.0000	0.0000	0.0112	0.0098	0.0015	0.0030	0.0029	0.0002	0.0082	0.0069	0.0013	0.0040	0.0025	0.0015	0.0010	0.0009	0.0001	0.0030	0.0016	0.0013	0.0000	0.0000	0.0000	0.0000	0.0000	0.0000	0.0000	0.0000	0.0000	0.0000	0.0000	0.0000	0.0000	0.0000	0.0000	0.0000	0.0000	0.0000											
38	70	0.2321	13	0	0	1	1	0	0	0	0	N	N	N	N	N	N	N	N	N	N	N	N	0.0000	0.0000	0.0000	0.0000	0.0000	0.0000	0.0000	0.0000	0.0000	0.0000	0.0000	0.0000	0.0000	0.0000	0.0000	0.0000	0.0000	0.0000	0.0000	0.0000	0.9992	0.7777	1.0069	1.1718	0.0000	0.0000	0.0000	0.0000	0.0000	0.0000	0.0000	0.0000	0.0000	0.0000	0.0000	0.0000	0.0000	0.0000	0.0000	0.0000	0.0000	0.0000	0.0052	0.0045	0.0006	0.0009	0.0008	0.0001	0.0043	0.0037	0.0006	0.0041	0.0025	0.0017	0.0009	0.0007	0.0002	0.0033	0.0018	0.0015	0.0000	0.0000	0.0000	0.0000	0.0000	0.0000	0.0000	0.0000	0.0000	0.0000	0.0000	0.0000	0.0000	0.0000	0.0000	0.0000	0.0000	0.0000											
38	71	0.2284	12	0	0	1	1	0	0	0	0	N	N	N	N	N	N	N	N	N	N	N	N	0.0000	0.0000	0.0000	0.0000	0.0000	0.0000	0.0000	0.0000	0.0000	0.0000	0.0000	0.0000	0.0000	0.0000	0.0000	0.0000	0.0000	0.0000	0.0000	0.0000	0.9992	0.9929	1.0069	0.0325	0.0000	0.0000	0.0000	0.0000	0.0000	0.0000	0.0000	0.0000	0.0000	0.0000	0.0000	0.0000	0.0000	0.0000	0.0000	0.0000	0.0000	0.0000	0.0064	0.0056	0.0008	0.0010	0.0009	0.0001	0.0054	0.0047	0.0008	0.0022	0.0013	0.0009	0.0005	0.0004	0.0001	0.0017	0.0009	0.0008	0.0000	0.0000	0.0000	0.0000	0.0000	0.0000	0.0000	0.0000	0.0000	0.0000	0.0000	0.0000	0.0000	0.0000	0.0000	0.0000	0.0000	0.0000											
38	72	0.2736	11	1	1	1	0	0	0	0	0	N	N	N	N	N	N	N	N	N	N	N	N	0.0000	0.0000	0.0000	0.0000	0.0000	0.0000	0.0000	0.0000	0.0000	0.0000	0.0000	0.0000	0.0000	0.0000	0.0000	0.0000	0.0000	0.0000	0.0000	0.0000	0.9992	0.0000	1.0069	0.0001	0.0000	0.0000	0.0000	0.0000	0.0000	0.0000	0.0000	0.0000	0.0000	0.0000	0.0000	0.0000	0.0000	0.0000	0.0000	0.0000	0.0000	0.0000	0.0000	0.0000	0.0000	0.0000	0.0000	0.0000	0.0000	0.0000	0.0000	0.0000	0.0000	0.0000	0.0000	0.0000	0.0000	0.0000	0.0000	0.0000	0.0000	0.0000	0.0000	0.0000	0.0000	0.0000	0.0000	0.0000	0.0000	0.0000	0.0000	0.0000	0.0000	0.0000	0.0000	0.0000	0.0000	0.0000											
38	73	0.2103	10	1	1	1	0	0	0	0	0	N	N	N	N	N	N	N	N	N	N	N	N	0.0000	0.0000	0.0000	0.0000	0.0000	0.0000	0.0000	0.0000	0.0000	0.0000	0.0000	0.0000	0.0000	0.0000	0.0000	0.0000	0.0000	0.0000	0.0000	0.0000	0.9992	9.9619	1.0069	7.0378	0.0000	0.0000	0.0000	0.0000	0.0000	0.0000	0.0000	0.0000	0.0000	0.0000	0.0000	0.0000	0.0000	0.0000	0.0000	0.0000	0.0000	0.0000	0.0627	0.0547	0.0079	0.0084	0.0078	0.0006	0.0543	0.0469	0.0074	0.0347	0.0209	0.0137	0.0082	0.0066	0.0016	0.0265	0.0143	0.0121	0.0000	0.0000	0.0000	0.0000	0.0000	0.0000	0.0000	0.0000	0.0000	0.0000	0.0000	0.0000	0.0000	0.0000	0.0000	0.0000	0.0000	0.0000											
38	74	0.2221	10	0	1	1	0	0	0	0	0	N	N	N	N	N	N	N	N	N	N	N	N	0.0000	0.0000	0.0000	0.0000	0.0000	0.0000	0.0000	0.0000	0.0000	0.0000	0.0000	0.0000	0.0000	0.0000	0.0000	0.0000	0.0000	0.0000	0.0000	0.0000	0.0000	0.0000	inf	0.0000	0.0000	0.9992	7.0442	1.0069	2.0273	0.0000	0.0000	0.0000	0.0000	0.0000	0.0000	0.0000	0.0000	0.0000	0.0000	0.0000	0.0000	0.0000	0.0000	0.0000	0.0000	0.0000	0.0000	0.0558	0.0491	0.0067	0.0126	0.0119	0.0007	0.0432	0.0372	0.0060	0.0189	0.0113	0.0075	0.0053	0.0044	0.0009	0.0136	0.0070	0.0066	0.0000	0.0000	0.0000	0.0000	0.0000	0.0000	0.0000	0.0000	0.0000	0.0000	0.0000	0.0000	0.0000	0.0000	0.0000	0.0000	0.0000	0.0000						
38	75	0.1982	9	0	1	1	0	0	0	0	0	N	N	N	N	N	N	N	N	N	N	N	N	9.0495	0.0000	inf	0.0000	0.0000	inf	inf	0.0000	0.0000	0.0000	0.0000	0.0000	0.0000	0.0000	0.0000	0.0001	0.0000	0.0000	0.0000	0.0000	0.0000	0.0000	0.0000	0.0000	0.0000	inf	0.0745	0.0000	-0.0000	0.9992	4.3369	1.0069	3.0972	0.0000	0.0000	0.0000	0.0000	0.0000	0.0000	0.0000	0.0000	0.0000	0.0000	0.0000	0.0000	0.0000	0.0000	0.0000	0.0000	0.0000	0.0000	0.0355	0.0313	0.0042	0.0069	0.0067	0.0002	0.0286	0.0246	0.0040	0.0161	0.0097	0.0064	0.0039	0.0031	0.0007	0.0123	0.0066	0.0056	9.0495	0.0000	inf	0.0000	0.0000	0.0000	inf	0.0000	inf	0.0000	0.0000	0.0000	0.0000	0.0000	0.0000	0.0000	0.0000	0.0000		
38	76	0.2854	14	1	1	1	0	0	0	0	0	N	N	N	N	N	N	N	N	N	N	N	N	0.0000	0.0000	0.0000	0.0000	0.0000	0.0000	0.0000	0.0000	0.0000	0.0000	0.0000	0.0000	0.0000	0.0000	0.0000	0.0000	0.0000	0.0000	0.0000	0.0000	0.9992	1.9992	1.0069	0.0055	0.0000	0.0000	0.0000	0.0000	0.0000	0.0000	0.0000	0.0000	0.0000	0.0000	0.0000	0.0000	0.0000	0.0000	0.0000	0.0000	0.0000	0.0000	0.0162	0.0142	0.0019	0.0030	0.0028	0.0002	0.0132	0.0115	0.0018	0.0049	0.0030	0.0019	0.0012	0.0009	0.0002	0.0037	0.0021	0.0016	0.0000	0.0000	0.0000	0.0000	0.0000	0.0000	0.0000	0.0000	0.0000	0.0000	0.0000	0.0000	0.0000	0.0000	0.0000	0.0000	0.0000	0.0000											
38	77	0.2413	13	1	1	1	0	0	0	0	0	N	N	N	N	N	N	N	N	N	N	N	N	0.0000	0.0000	0.0000	0.0000	0.0000	0.0000	0.0000	0.0000	0.0000	0.0000	0.0000	0.0000	0.0000	0.0000	0.0000	0.0000	0.0000	0.0000	0.0000	0.0000	0.9992	5.0219	1.0069	2.0148	0.0000	0.0000	0.0000	0.0000	0.0000	0.0000	0.0000	0.0000	0.0000	0.0000	0.0000	0.0000	0.0000	0.0000	0.0000	0.0000	0.0000	0.0000	0.0317	0.0277	0.0040	0.0048	0.0045	0.0003	0.0269	0.0232	0.0037	0.0150	0.0090	0.0060	0.0034	0.0028	0.0006	0.0115	0.0062	0.0054	0.0000	0.0000	0.0000	0.0000	0.0000	0.0000	0.0000	0.0000	0.0000	0.0000	0.0000	0.0000	0.0000	0.0000	0.0000	0.0000	0.0000	0.0000											
38	78	0.2284	12	0	1	1	0	0	0	0	0	N	N	N	N	N	N	N	N	N	N	N	N	0.0000	0.0000	0.0000	0.0000	0.0000	0.0000	0.0000	0.0000	0.0000	0.0000	0.0000	0.0000	0.0000	0.0000	0.0000	0.0000	0.0000	0.0013	0.0021	0.0000	0.0000	0.0000	0.0000	0.0016	0.0052	0.0000	0.0046	0.0000	-0.0000	0.9992	1.0203	1.0069	2.7327	0.0000	0.0000	0.0000	0.0000	0.0000	0.0000	0.0000	0.0000	0.0000	0.0000	0.0000	0.0000	0.0000	0.0000	0.0000	0.0000	0.0000	0.0000	0.0066	0.0057	0.0008	0.0010	0.0009	0.0001	0.0056	0.0048	0.0008	0.0079	0.0047	0.0032	0.0017	0.0014	0.0003	0.0062	0.0034	0.0028	0.0000	0.0000	0.0000	0.0000	0.0000	0.0000	0.0000	0.0000	0.0000	0.0013	0.0021	0.0000	0.0000	0.0000	0.0000	0.0016	0.0030	0.0000		
38	79	0.2284	11	0	0	1	0	0	0	0	0	N	N	N	N	N	N	N	N	N	N	N	N	0.0000	0.0000	0.0000	0.0000	0.0000	0.0000	0.0000	0.0000	0.0000	0.0000	0.0000	0.0000	0.0000	0.0000	0.0000	0.0000	0.0000	0.0000	0.0000	0.0000	0.9992	0.0000	1.0069	0.0018	0.0000	0.0000	0.0000	0.0000	0.0000	0.0000	0.0000	0.0000	0.0000	0.0000	0.0000	0.0000	0.0000	0.0000	0.0000	0.0000	0.0000	0.0000	0.0000	0.0000	0.0000	0.0000	0.0000	0.0000	0.0000	0.0000	0.0000	0.0000	0.0000	0.0000	0.0000	0.0000	0.0000	0.0000	0.0000	0.0000	0.0000	0.0000	0.0000	0.0000	0.0000	0.0000	0.0000	0.0000	0.0000	0.0000	0.0000	0.0000	0.0000	0.0000	0.0000	0.0000	0.0000	0.0000											
38	80	0.2103	10	0	0	1	0	0	0	0	0	N	N	N	N	N	N	N	N	N	N	N	N	0.0000	0.0000	0.0000	0.0000	0.0000	0.0000	0.0000	0.0000	0.0000	0.0000	0.0000	0.0000	0.0000	0.0000	0.0000	0.0000	0.0000	0.0000	0.0000	0.0000	0.9992	3.0825	1.0069	2.0124	0.0000	0.0000	0.0000	0.0000	0.0000	0.0000	0.0000	0.0000	0.0000	0.0000	0.0000	0.0000	0.0000	0.0000	0.0000	0.0000	0.0000	0.0000	0.0209	0.0182	0.0026	0.0031	0.0029	0.0002	0.0178	0.0154	0.0024	0.0111	0.0067	0.0044	0.0027	0.0022	0.0005	0.0084	0.0046	0.0039	0.0000	0.0000	0.0000	0.0000	0.0000	0.0000	0.0000	0.0000	0.0000	0.0000	0.0000	0.0000	0.0000	0.0000	0.0000	0.0000	0.0000	0.0000											
38	81	0.1982	9	0	0	1	0	0	0	0	0	N	N	N	N	N	N	N	N	N	N	N	N	inf	inf	inf	inf	0.0000	0.0000	0.0001	0.0000	0.0000	0.0000	0.0000	0.0000	0.0001	0.0000	0.0000	0.0000	0.0000	0.0000	0.0000	0.0000	0.0000	0.0000	inf	0.0000	0.0000	0.9992	3.6751	1.0069	0.0788	0.0000	0.0000	0.0000	0.0000	0.0000	0.0000	0.0000	0.0000	0.0000	0.0000	0.0000	0.0000	0.0000	0.0000	0.0000	0.0000	0.0000	0.0000	0.0314	0.0278	0.0037	0.0065	0.0063	0.0002	0.0249	0.0215	0.0035	0.0084	0.0051	0.0033	0.0021	0.0017	0.0004	0.0064	0.0034	0.0029	inf	0.0000	inf	0.0000	0.0000	0.0000	inf	0.0000	inf	0.0000	0.0000	0.0000	0.0000	0.0000	0.0000	0.0000	0.0000	0.0000						
38	82	0.1491	8	0	0	1	0	0	0	0	0	N	N	N	N	N	N	N	N	N	N	N	N	inf	inf	inf	inf	0.0093	0.0000	0.0728	0.0000	0.0000	0.0000	0.0105	0.0000	0.0761	0.0000	0.0000	0.0000	0.0000	0.0000	0.0000	0.0000	0.0000	0.0000	inf	0.0003	0.0000	0.9992	8.5011	1.0069	5.2406	0.0005	0.0000	0.0005	0.0000	0.0000	0.0000	0.0005	0.0000	0.0005	0.0000	0.0000	0.0000	0.0000	0.0000	0.0000	0.0000	0.0000	0.0000	0.0569	0.0496	0.0073	0.0066	0.0063	0.0003	0.0503	0.0433	0.0070	0.0301	0.0180	0.0120	0.0066	0.0053	0.0013	0.0235	0.0127	0.0108	inf	0.0000	inf	0.0000	0.0000	0.0000	inf	0.0000	inf	0.0000	0.0000	0.0000	0.0000	0.0000	0.0000	0.0000	0.0000	0.0000						
39	42	0.1439	7	0	0	0	0	0	0	0	0	N	N	N	N	N	N	N	N	N	N	N	N	0.0000	0.0000	0.0000	0.0000	0.0000	0.0000	0.0000	0.0000	0.0000	0.0000	0.0000	0.0000	0.0000	0.0000	0.0000	0.0000	0.0000	0.0000	0.0000	0.0000	1.0008	17.0025	0.9987	6.0864	0.0000	0.0000	0.0000	0.0000	0.0000	0.0000	0.0000	0.0000	0.0000	0.0000	0.0000	0.0000	0.0000	0.0000	0.0000	0.0000	0.0000	0.0000	0.1070	0.0934	0.0136	0.0101	0.0096	0.0005	0.0969	0.0838	0.0131	0.0471	0.0278	0.0193	0.0089	0.0070	0.0019	0.0382	0.0208	0.0175	0.0000	0.0000	0.0000	0.0000	0.0000	0.0000	0.0000	0.0000	0.0000	0.0000	0.0000	0.0000	0.0000	0.0000	0.0000	0.0000	0.0000	0.0000											
39	44	0.1439	7	0	1	0	0	0	0	0	0	N	N	N	N	N	N	N	N	N	N	N	N	0.0000	0.0000	0.0000	0.0000	0.0000	0.0000	0.0000	0.0000	0.0000	0.0000	0.0000	0.0000	0.0000	0.0000	0.0000	0.0000	0.0000	0.0000	0.0000	0.0000	1.0008	6.9958	0.9987	11.8523	0.0000	0.0000	0.0000	0.0000	0.0000	0.0000	0.0000	0.0000	0.0000	0.0000	0.0000	0.0000	0.0000	0.0000	0.0000	0.0000	0.0000	0.0000	0.0483	0.0421	0.0062	0.0053	0.0051	0.0002	0.0429	0.0370	0.0060	0.0394	0.0233	0.0161	0.0075	0.0060	0.0016	0.0319	0.0173	0.0146	0.0000	0.0000	0.0000	0.0000	0.0000	0.0000	0.0000	0.0000	0.0000	0.0000	0.0000	0.0000	0.0000	0.0000	0.0000	0.0000	0.0000	0.0000											
39	45	0.1822	8	0	1	0	0	0	0	0	0	N	N	N	N	N	N	N	N	N	N	N	N	0.0000	0.0000	0.0000	0.0000	0.0000	0.0000	0.0000	0.0000	0.0000	0.0000	0.0000	0.0000	0.0000	0.0000	0.0000	0.0000	0.0000	0.0000	0.0000	0.0000	1.0008	20.1318	0.9987	17.5118	0.0000	0.0000	0.0000	0.0000	0.0000	0.0000	0.0000	0.0000	0.0000	0.0000	0.0000	0.0000	0.0000	0.0000	0.0000	0.0000	0.0000	0.0000	0.1229	0.1074	0.0155	0.0134	0.0126	0.0008	0.1095	0.0948	0.0147	0.0698	0.0412	0.0286	0.0148	0.0121	0.0027	0.0549	0.0291	0.0258	0.0000	0.0000	0.0000	0.0000	0.0000	0.0000	0.0000	0.0000	0.0000	0.0000	0.0000	0.0000	0.0000	0.0000	0.0000	0.0000	0.0000	0.0000											
39	46	0.1380	4	0	1	0	0	0	0	0	0	N	N	N	N	N	N	N	N	N	N	N	N	0.0000	0.0000	0.0000	0.0000	0.0000	0.0000	0.0000	0.0000	0.0000	0.0000	0.0000	0.0000	0.0000	0.0000	0.0000	0.0000	0.0000	0.0000	17.0293	0.0002	104.9223	0.2296	0.0000	23.7336	19.8498	0.0003	95.4936	99066.3741	0.0000	0.3804	1.0008	15.0410	0.9987	10.9147	0.0000	0.0000	0.0000	0.0000	0.0000	0.0000	0.0000	0.0000	0.0000	0.9257	0.0000	0.9257	0.0031	0.0000	0.0031	0.9226	0.0000	0.9226	0.0998	0.0871	0.0127	0.0132	0.0123	0.0009	0.0866	0.0748	0.0118	0.0700	0.0448	0.0252	0.0174	0.0157	0.0017	0.0526	0.0291	0.0235	0.0000	0.0000	0.0000	0.0000	0.0000	0.0000	0.0000	0.0000	0.0000	13.2232	0.0002	36.7272	0.1794	0.0000	1.8245	17.5438	0.0003	39.2722	
39	47	0.2073	11	1	0	1	0	0	0	0	0	N	N	N	N	N	N	N	N	N	N	N	N	0.0000	0.0000	0.0000	0.0000	0.0000	0.0000	0.0000	0.0000	0.0000	0.0000	0.0000	0.0000	0.0000	0.0000	0.0000	0.0000	0.0000	0.0000	0.0000	-0.0000	1.0008	12.7633	0.9987	6.3722	0.0000	0.0000	0.0000	0.0000	0.0000	0.0000	0.0000	0.0000	0.0000	0.0000	0.0000	0.0000	0.0000	0.0000	0.0000	0.0000	0.0000	0.0000	0.0807	0.0706	0.0102	0.0092	0.0087	0.0005	0.0715	0.0619	0.0096	0.0385	0.0233	0.0152	0.0099	0.0077	0.0022	0.0286	0.0156	0.0131	0.0000	0.0000	0.0000	0.0000	0.0000	0.0000	0.0000	0.0000	0.0000	0.0000	0.0000	0.0000	0.0000	0.0000	0.0000	0.0000	0.0000	0.0000											
39	48	0.2021	10	0	0	0	0	0	0	0	0	N	N	N	N	N	N	N	N	N	N	N	N	0.0000	0.0000	0.0000	0.0000	0.0000	0.0000	0.0000	0.0000	0.0000	0.0000	0.0000	0.0000	0.0000	0.0000	0.0000	0.0000	0.0000	0.0000	0.0000	-0.0000	1.0008	0.3513	0.9987	1.9759	0.0000	0.0000	0.0000	0.0000	0.0000	0.0000	0.0000	0.0000	0.0000	0.0000	0.0000	0.0000	0.0000	0.0000	0.0000	0.0000	0.0000	0.0000	0.0043	0.0040	0.0004	0.0013	0.0012	0.0000	0.0031	0.0027	0.0003	0.0051	0.0031	0.0020	0.0013	0.0010	0.0003	0.0038	0.0020	0.0017	0.0000	0.0000	0.0000	0.0000	0.0000	0.0000	0.0000	0.0000	0.0000	0.0000	0.0000	0.0000	0.0000	0.0000	0.0000	0.0000	0.0000	0.0000											
39	49	0.2019	9	0	0	0	0	0	0	0	0	N	N	N	N	N	N	N	N	N	N	N	N	0.0000	0.0000	0.0000	0.0000	0.0000	0.0000	0.0000	0.0000	0.0000	0.0000	0.0000	0.0000	0.0000	0.0000	0.0000	0.0000	0.0000	0.0000	0.0000	0.0000	1.0008	0.1669	0.9987	0.0350	0.0000	0.0000	0.0000	0.0000	0.0000	0.0000	0.0000	0.0000	0.0000	0.0000	0.0000	0.0000	0.0000	0.0000	0.0000	0.0000	0.0000	0.0000	0.0011	0.0010	0.0001	0.0001	0.0001	0.0000	0.0010	0.0009	0.0001	0.0004	0.0003	0.0002	0.0001	0.0001	0.0000	0.0003	0.0002	0.0002	0.0000	0.0000	0.0000	0.0000	0.0000	0.0000	0.0000	0.0000	0.0000	0.0000	0.0000	0.0000	0.0000	0.0000	0.0000	0.0000	0.0000	0.0000											
39	50	0.2019	8	0	0	0	0	0	0	0	0	N	N	N	N	N	N	N	N	N	N	N	N	0.0000	0.0000	0.0000	0.0000	0.0000	0.0000	0.0000	0.0000	0.0000	0.0000	0.0000	0.0000	0.0000	0.0000	0.0000	0.0000	0.0000	0.0000	0.0000	0.0000	1.0008	0.0010	0.9987	0.0028	0.0000	0.0000	0.0000	0.0000	0.0000	0.0000	0.0000	0.0000	0.0000	0.0000	0.0000	0.0000	0.0000	0.0000	0.0000	0.0000	0.0000	0.0000	0.0000	0.0000	0.0000	0.0000	0.0000	0.0000	0.0000	0.0000	0.0000	0.0000	0.0000	0.0000	0.0000	0.0000	0.0000	0.0000	0.0000	0.0000	0.0000	0.0000	0.0000	0.0000	0.0000	0.0000	0.0000	0.0000	0.0000	0.0000	0.0000	0.0000	0.0000	0.0000	0.0000	0.0000	0.0000	0.0000											
39	51	0.1244	6	0	1	0	1	0	0	0	0	N	N	N	N	N	N	N	N	N	N	N	N	0.0000	0.0000	0.0000	0.0000	0.0000	0.0000	0.0000	0.0000	0.0000	0.0000	0.0000	0.0000	0.0000	0.0000	0.0000	0.0000	0.0000	0.0000	0.0000	0.0000	1.0008	7.3891	0.9987	13.2142	0.0000	0.0000	0.0000	0.0000	0.0000	0.0000	0.0000	0.0000	0.0000	0.0000	0.0000	0.0000	0.0000	0.0000	0.0000	0.0000	0.0000	0.0000	0.0509	0.0444	0.0066	0.0054	0.0052	0.0002	0.0455	0.0392	0.0063	0.0454	0.0265	0.0189	0.0068	0.0057	0.0011	0.0386	0.0208	0.0178	0.0000	0.0000	0.0000	0.0000	0.0000	0.0000	0.0000	0.0000	0.0000	0.0000	0.0000	0.0000	0.0000	0.0000	0.0000	0.0000	0.0000	0.0000											
39	52	0.1183	5	0	1	0	0	0	0	0	0	N	N	N	N	N	N	N	N	N	N	N	N	0.0000	0.0000	0.0000	0.0000	0.0000	0.0000	0.0000	0.0000	0.0000	0.0000	0.0000	0.0000	0.0000	0.0000	0.0000	0.0182	0.0007	0.0412	0.0000	0.0000	0.0000	0.0203	0.0008	0.0431	45.5000	0.0000	0.0004	1.0008	12.1779	0.9987	13.0455	0.0000	0.0000	0.0000	0.0000	0.0000	0.0000	0.0000	0.0000	0.0000	0.0009	0.0000	0.0009	0.0000	0.0000	0.0000	0.0009	0.0000	0.0009	0.0844	0.0742	0.0102	0.0092	0.0089	0.0003	0.0752	0.0653	0.0099	0.0511	0.0290	0.0221	0.0053	0.0044	0.0010	0.0458	0.0246	0.0211	0.0000	0.0000	0.0000	0.0000	0.0000	0.0000	0.0000	0.0000	0.0000	0.0182	0.0007	0.0412	0.0000	0.0000	0.0000	0.0203	0.0008	0.0431				
39	53	0.2093	9	0	1	0	0	0	0	0	0	N	N	N	N	N	N	N	N	N	N	N	N	0.0000	0.0000	0.0000	0.0000	0.0000	0.0000	0.0000	0.0000	0.0000	0.0000	0.0000	0.0000	0.0000	0.0000	0.0000	0.0000	0.0000	0.0000	0.0000	0.0000	1.0008	3.0001	0.9987	3.0003	0.0000	0.0000	0.0000	0.0000	0.0000	0.0000	0.0000	0.0000	0.0000	0.0000	0.0000	0.0000	0.0000	0.0000	0.0000	0.0000	0.0000	0.0000	0.0196	0.0171	0.0026	0.0021	0.0020	0.0001	0.0175	0.0151	0.0024	0.0127	0.0076	0.0051	0.0033	0.0025	0.0007	0.0095	0.0051	0.0043	0.0000	0.0000	0.0000	0.0000	0.0000	0.0000	0.0000	0.0000	0.0000	0.0000	0.0000	0.0000	0.0000	0.0000	0.0000	0.0000	0.0000	0.0000											
39	54	0.2019	8	0	0	0	0	0	0	0	0	N	N	N	N	N	N	N	N	N	N	N	N	0.0000	0.0000	0.0000	0.0000	0.0000	0.0000	0.0000	0.0000	0.0000	0.0000	0.0000	0.0000	0.0000	0.0000	0.0000	0.0000	0.0000	0.0000	0.0000	0.0000	1.0008	1.9998	0.9987	1.0017	0.0000	0.0000	0.0000	0.0000	0.0000	0.0000	0.0000	0.0000	0.0000	0.0000	0.0000	0.0000	0.0000	0.0000	0.0000	0.0000	0.0000	0.0000	0.0131	0.0114	0.0017	0.0014	0.0013	0.0001	0.0117	0.0101	0.0016	0.0065	0.0039	0.0026	0.0017	0.0013	0.0004	0.0048	0.0026	0.0022	0.0000	0.0000	0.0000	0.0000	0.0000	0.0000	0.0000	0.0000	0.0000	0.0000	0.0000	0.0000	0.0000	0.0000	0.0000	0.0000	0.0000	0.0000											
39	55	0.1439	7	0	0	0	0	0	0	0	0	N	N	N	N	N	N	N	N	N	N	N	N	0.0000	0.0000	0.0000	0.0000	0.0000	0.0000	0.0000	0.0000	0.0000	0.0000	0.0000	0.0000	0.0000	0.0003	0.0004	0.0000	0.0000	0.0000	0.0000	0.0003	0.0006	0.0000	0.0000	0.0000	-0.0000	1.0008	8.0033	0.9987	9.9473	0.0000	0.0000	0.0000	0.0000	0.0000	0.0000	0.0000	0.0000	0.0000	0.0000	0.0000	0.0000	0.0000	0.0000	0.0000	0.0000	0.0000	0.0000	0.0545	0.0475	0.0070	0.0058	0.0056	0.0003	0.0486	0.0419	0.0067	0.0378	0.0223	0.0154	0.0072	0.0057	0.0015	0.0305	0.0166	0.0139	0.0000	0.0000	0.0000	0.0000	0.0000	0.0000	0.0000	0.0000	0.0000	0.0003	0.0004	0.0000	0.0000	0.0000	0.0000	0.0003	0.0006	0.0000						
39	56	0.1595	5	0	1	0	0	0	0	0	0	N	N	N	N	N	N	N	N	N	N	N	N	13.3560	9.0670	0.0000	0.0002	0.0002	449112537.5562	inf	0.0000	30.1199	34.5475	0.0000	0.0042	0.0045	0.0000	33.7129	39.0928	0.0000	2.2552	3.8102	0.0000	23.5690	23.4661	0.0000	0.0000	0.0000	0.0000	0.0000	0.0000	-0.3628	-0.0370	1.0008	5.0156	0.9987	9.5596	0.9974	0.9974	0.0000	0.0000	0.0000	0.0000	0.9974	0.9974	0.0000	0.0627	0.0627	0.0000	0.0627	0.0627	0.0000	0.0000	0.0000	0.0000	0.0331	0.0289	0.0042	0.0035	0.0034	0.0002	0.0296	0.0255	0.0041	0.0397	0.0252	0.0146	0.0119	0.0104	0.0016	0.0278	0.0148	0.0130	19.0806	13.8645	0.0000	0.0008	0.0007	0.0000	449112537.5562	inf	0.0000	1.5786	2.4918	0.0000	5.2529	6.0417	0.0000	0.0000	0.0000	0.0000	
39	57	0.1380	4	0	1	0	0	0	0	0	0	N	N	N	N	N	N	N	N	N	N	N	N	0.0136	0.0133	0.0001	0.0000	0.0000	0.0000	0.0246	0.0223	0.0002	0.0491	0.0560	0.0009	0.0000	0.0000	0.0000	0.0619	0.0719	0.0011	3.6079	4.2103	7.4696	19.0332	18.3652	0.1352	2.5144	3.2163	6.0380	0.0024	0.4762	-0.0008	-0.0340	1.0008	5.2776	0.9987	4.9316	0.0021	0.0021	0.0000	0.0000	0.0000	0.0000	0.0021	0.0021	0.0000	0.1277	0.0865	0.0412	0.0695	0.0694	0.0001	0.0582	0.0171	0.0411	0.0425	0.0371	0.0054	0.0088	0.0082	0.0006	0.0336	0.0289	0.0047	0.0436	0.0304	0.0132	0.0150	0.0140	0.0010	0.0286	0.0164	0.0121	0.0167	0.0197	0.0003	0.0000	0.0000	0.0000	0.0304	0.0691	0.0003	2.9297	2.8424	3.1318	4.6314	4.9622	0.1352	2.0355	1.0399	3.3861
39	58	0.1101	3	0	0	0	0	0	0	0	0	N	N	N	N	N	N	N	N	N	N	N	N	0.0000	0.0000	0.0000	0.0000	0.0000	0.0000	0.0000	0.0000	0.0000	0.0000	0.0000	0.0000	0.0000	0.0000	0.0000	0.0000	0.0000	3.3274	1.3088	12.8712	0.0462	0.0522	0.0000	3.3326	2.2877	12.8470	inf	21.0081	0.0000	0.0266	1.0008	6.4383	0.9987	5.2340	0.0000	0.0000	0.0000	0.0000	0.0000	0.0000	0.0000	0.0000	0.0000	0.0729	0.0033	0.0695	0.0002	0.0002	0.0000	0.0727	0.0031	0.0695	0.0427	0.0371	0.0056	0.0025	0.0024	0.0001	0.0402	0.0347	0.0055	0.0285	0.0168	0.0117	0.0040	0.0035	0.0005	0.0245	0.0133	0.0112	0.0000	0.0000	0.0000	0.0000	0.0000	0.0000	0.0000	0.0000	0.0000	2.5554	0.1966	5.9561	0.0462	0.0522	0.0000	2.9656	0.2352	6.1998	
39	63	0.2232	10	1	1	0	1	0	0	0	0	N	N	N	N	N	N	N	N	N	N	N	N	0.0000	0.0000	0.0000	0.0000	0.0000	0.0000	0.0000	0.0000	0.0000	0.0000	0.0000	0.0000	0.0000	0.0000	0.0000	0.0000	0.0000	0.0000	0.0000	0.0000	1.0008	2.0000	0.9987	2.0002	0.0000	0.0000	0.0000	0.0000	0.0000	0.0000	0.0000	0.0000	0.0000	0.0000	0.0000	0.0000	0.0000	0.0000	0.0000	0.0000	0.0000	0.0000	0.0128	0.0112	0.0016	0.0020	0.0018	0.0001	0.0109	0.0094	0.0015	0.0082	0.0049	0.0033	0.0016	0.0012	0.0003	0.0066	0.0036	0.0030	0.0000	0.0000	0.0000	0.0000	0.0000	0.0000	0.0000	0.0000	0.0000	0.0000	0.0000	0.0000	0.0000	0.0000	0.0000	0.0000	0.0000	0.0000											
39	64	0.2389	14	0	1	0	1	0	0	0	0	N	N	N	N	N	N	N	N	N	N	N	N	0.0000	0.0000	0.0000	0.0000	0.0000	0.0000	0.0000	0.0000	0.0000	0.0000	0.0000	0.0000	0.0000	0.0000	0.0000	0.0000	0.0000	0.0000	0.0000	0.0000	1.0008	2.0059	0.9987	4.8036	0.0000	0.0000	0.0000	0.0000	0.0000	0.0000	0.0000	0.0000	0.0000	0.0000	0.0000	0.0000	0.0000	0.0000	0.0000	0.0000	0.0000	0.0000	0.0130	0.0113	0.0017	0.0022	0.0020	0.0002	0.0108	0.0093	0.0015	0.0141	0.0085	0.0055	0.0029	0.0024	0.0005	0.0112	0.0061	0.0050	0.0000	0.0000	0.0000	0.0000	0.0000	0.0000	0.0000	0.0000	0.0000	0.0000	0.0000	0.0000	0.0000	0.0000	0.0000	0.0000	0.0000	0.0000											
39	65	0.2361	12	0	1	0	0	0	0	0	0	N	N	N	N	N	N	N	N	N	N	N	N	0.0000	0.0000	0.0000	0.0000	0.0000	0.0000	0.0000	0.0000	0.0000	0.0000	0.0000	0.0000	0.0000	0.0099	0.0167	0.0000	0.0408	0.0479	0.0000	0.0000	0.0000	0.0000	0.0000	0.0000	-0.0000	1.0008	0.9804	0.9987	0.2754	0.0000	0.0000	0.0000	0.0000	0.0000	0.0000	0.0000	0.0000	0.0000	0.0000	0.0000	0.0000	0.0000	0.0000	0.0000	0.0000	0.0000	0.0000	0.0064	0.0055	0.0008	0.0010	0.0009	0.0001	0.0054	0.0046	0.0007	0.0030	0.0018	0.0012	0.0007	0.0006	0.0001	0.0023	0.0012	0.0011	0.0000	0.0000	0.0000	0.0000	0.0000	0.0000	0.0000	0.0000	0.0000	0.0099	0.0167	0.0000	0.0408	0.0479	0.0000	0.0000	0.0000	0.0000						
39	66	0.2339	13	0	0	1	1	0	0	0	0	N	N	N	N	N	N	N	N	N	N	N	N	0.0000	0.0000	0.0000	0.0000	0.0000	0.0000	0.0000	0.0000	0.0000	0.0000	0.0000	0.0000	0.0000	0.0000	0.0000	0.0000	0.0000	0.0000	0.0000	0.0000	1.0008	0.9437	0.9987	4.8091	0.0000	0.0000	0.0000	0.0000	0.0000	0.0000	0.0000	0.0000	0.0000	0.0000	0.0000	0.0000	0.0000	0.0000	0.0000	0.0000	0.0000	0.0000	0.0091	0.0079	0.0012	0.0027	0.0026	0.0002	0.0063	0.0053	0.0010	0.0120	0.0073	0.0047	0.0025	0.0020	0.0004	0.0095	0.0052	0.0043	0.0000	0.0000	0.0000	0.0000	0.0000	0.0000	0.0000	0.0000	0.0000	0.0000	0.0000	0.0000	0.0000	0.0000	0.0000	0.0000	0.0000	0.0000											
39	67	0.2269	12	0	0	1	1	0	0	0	0	N	N	N	N	N	N	N	N	N	N	N	N	0.0000	0.0000	0.0000	0.0000	0.0000	0.0000	0.0000	0.0000	0.0000	0.0000	0.0000	0.0000	0.0000	0.0000	0.0000	0.0000	0.0000	0.0000	0.0000	0.0000	1.0008	4.0088	0.9987	5.0246	0.0000	0.0000	0.0000	0.0000	0.0000	0.0000	0.0000	0.0000	0.0000	0.0000	0.0000	0.0000	0.0000	0.0000	0.0000	0.0000	0.0000	0.0000	0.0256	0.0224	0.0032	0.0041	0.0038	0.0003	0.0215	0.0186	0.0030	0.0180	0.0107	0.0073	0.0034	0.0027	0.0007	0.0146	0.0080	0.0067	0.0000	0.0000	0.0000	0.0000	0.0000	0.0000	0.0000	0.0000	0.0000	0.0000	0.0000	0.0000	0.0000	0.0000	0.0000	0.0000	0.0000	0.0000											
39	68	0.2389	14	0	0	1	1	0	0	0	0	N	N	N	N	N	N	N	N	N	N	N	N	0.0000	0.0000	0.0000	0.0000	0.0000	0.0000	0.0000	0.0000	0.0000	0.0000	0.0000	0.0000	0.0000	0.0000	0.0000	0.0000	0.0000	0.0000	0.0000	0.0000	1.0008	1.0064	0.9987	4.2000	0.0000	0.0000	0.0000	0.0000	0.0000	0.0000	0.0000	0.0000	0.0000	0.0000	0.0000	0.0000	0.0000	0.0000	0.0000	0.0000	0.0000	0.0000	0.0066	0.0057	0.0008	0.0011	0.0010	0.0001	0.0055	0.0047	0.0008	0.0110	0.0067	0.0043	0.0023	0.0019	0.0004	0.0087	0.0048	0.0039	0.0000	0.0000	0.0000	0.0000	0.0000	0.0000	0.0000	0.0000	0.0000	0.0000	0.0000	0.0000	0.0000	0.0000	0.0000	0.0000	0.0000	0.0000											
39	69	0.2339	13	0	0	0	1	0	0	0	0	N	N	N	N	N	N	N	N	N	N	N	N	0.0000	0.0000	0.0000	0.0000	0.0000	0.0000	0.0000	0.0000	0.0000	0.0000	0.0000	0.0000	0.0000	0.0000	0.0000	0.0000	0.0000	0.0000	0.0000	0.0000	1.0008	1.2889	0.9987	0.3511	0.0000	0.0000	0.0000	0.0000	0.0000	0.0000	0.0000	0.0000	0.0000	0.0000	0.0000	0.0000	0.0000	0.0000	0.0000	0.0000	0.0000	0.0000	0.0113	0.0098	0.0015	0.0031	0.0029	0.0002	0.0082	0.0069	0.0013	0.0039	0.0024	0.0014	0.0009	0.0008	0.0001	0.0030	0.0016	0.0013	0.0000	0.0000	0.0000	0.0000	0.0000	0.0000	0.0000	0.0000	0.0000	0.0000	0.0000	0.0000	0.0000	0.0000	0.0000	0.0000	0.0000	0.0000											
39	70	0.2269	12	0	0	0	1	0	0	0	0	N	N	N	N	N	N	N	N	N	N	N	N	0.0000	0.0000	0.0000	0.0000	0.0000	0.0000	0.0000	0.0000	0.0000	0.0000	0.0000	0.0000	0.0000	0.0000	0.0000	0.0000	0.0000	0.0000	0.0000	0.0000	1.0008	0.7777	0.9987	1.1718	0.0000	0.0000	0.0000	0.0000	0.0000	0.0000	0.0000	0.0000	0.0000	0.0000	0.0000	0.0000	0.0000	0.0000	0.0000	0.0000	0.0000	0.0000	0.0052	0.0045	0.0006	0.0009	0.0009	0.0001	0.0043	0.0037	0.0006	0.0040	0.0024	0.0016	0.0008	0.0006	0.0002	0.0033	0.0018	0.0015	0.0000	0.0000	0.0000	0.0000	0.0000	0.0000	0.0000	0.0000	0.0000	0.0000	0.0000	0.0000	0.0000	0.0000	0.0000	0.0000	0.0000	0.0000											
39	71	0.2232	11	0	0	0	1	0	0	0	0	N	N	N	N	N	N	N	N	N	N	N	N	0.0000	0.0000	0.0000	0.0000	0.0000	0.0000	0.0000	0.0000	0.0000	0.0000	0.0000	0.0000	0.0000	0.0000	0.0000	0.0000	0.0000	0.0000	0.0000	0.0000	1.0008	0.9929	0.9987	0.0325	0.0000	0.0000	0.0000	0.0000	0.0000	0.0000	0.0000	0.0000	0.0000	0.0000	0.0000	0.0000	0.0000	0.0000	0.0000	0.0000	0.0000	0.0000	0.0064	0.0056	0.0008	0.0010	0.0009	0.0001	0.0054	0.0047	0.0008	0.0021	0.0013	0.0009	0.0004	0.0003	0.0001	0.0017	0.0009	0.0008	0.0000	0.0000	0.0000	0.0000	0.0000	0.0000	0.0000	0.0000	0.0000	0.0000	0.0000	0.0000	0.0000	0.0000	0.0000	0.0000	0.0000	0.0000											
39	72	0.2684	10	1	1	0	0	0	0	0	0	N	N	N	N	N	N	N	N	N	N	N	N	0.0000	0.0000	0.0000	0.0000	0.0000	0.0000	0.0000	0.0000	0.0000	0.0000	0.0000	0.0000	0.0000	0.0000	0.0000	0.0000	0.0000	0.0000	0.0000	0.0000	1.0008	0.0000	0.9987	0.0001	0.0000	0.0000	0.0000	0.0000	0.0000	0.0000	0.0000	0.0000	0.0000	0.0000	0.0000	0.0000	0.0000	0.0000	0.0000	0.0000	0.0000	0.0000	0.0000	0.0000	0.0000	0.0000	0.0000	0.0000	0.0000	0.0000	0.0000	0.0000	0.0000	0.0000	0.0000	0.0000	0.0000	0.0000	0.0000	0.0000	0.0000	0.0000	0.0000	0.0000	0.0000	0.0000	0.0000	0.0000	0.0000	0.0000	0.0000	0.0000	0.0000	0.0000	0.0000	0.0000	0.0000	0.0000											
39	73	0.2051	9	1	1	0	0	0	0	0	0	N	N	N	N	N	N	N	N	N	N	N	N	0.0000	0.0000	0.0000	0.0000	0.0000	0.0000	0.0000	0.0000	0.0000	0.0000	0.0000	0.0000	0.0000	0.0000	0.0000	0.0000	0.0000	0.0000	0.0000	-0.0000	1.0008	9.9619	0.9987	7.0378	0.0000	0.0000	0.0000	0.0000	0.0000	0.0000	0.0000	0.0000	0.0000	0.0000	0.0000	0.0000	0.0000	0.0000	0.0000	0.0000	0.0000	0.0000	0.0628	0.0549	0.0079	0.0087	0.0081	0.0006	0.0541	0.0468	0.0073	0.0338	0.0202	0.0136	0.0072	0.0057	0.0015	0.0266	0.0145	0.0121	0.0000	0.0000	0.0000	0.0000	0.0000	0.0000	0.0000	0.0000	0.0000	0.0000	0.0000	0.0000	0.0000	0.0000	0.0000	0.0000	0.0000	0.0000											
39	74	0.2169	9	0	1	0	0	0	0	0	0	N	N	N	N	N	N	N	N	N	N	N	N	0.0000	0.0000	0.0000	0.0000	0.0000	0.0000	0.0000	0.0000	0.0000	0.0000	0.0000	0.0000	0.0000	0.0000	0.0000	0.0000	0.0000	0.0000	0.0000	0.0000	0.0000	0.0000	0.0000	0.0000	-0.0000	1.0008	7.0442	0.9987	2.0273	0.0000	0.0000	0.0000	0.0000	0.0000	0.0000	0.0000	0.0000	0.0000	0.0000	0.0000	0.0000	0.0000	0.0000	0.0000	0.0000	0.0000	0.0000	0.0559	0.0492	0.0067	0.0128	0.0121	0.0008	0.0430	0.0371	0.0060	0.0184	0.0109	0.0075	0.0047	0.0039	0.0009	0.0137	0.0071	0.0066	0.0000	0.0000	0.0000	0.0000	0.0000	0.0000	0.0000	0.0000	0.0000	0.0000	0.0000	0.0000	0.0000	0.0000	0.0000	0.0000	0.0000	0.0000						
39	75	0.1930	8	0	1	0	0	0	0	0	0	N	N	N	N	N	N	N	N	N	N	N	N	17674.0644	0.0000	inf	17412.5536	0.0000	inf	0.0107	0.0000	0.0907	0.0000	0.0000	0.0000	0.0133	0.0000	0.0964	0.0000	0.0000	0.0000	0.0000	0.0000	0.0000	0.0000	0.0000	0.0000	inf	0.0215	0.0002	-0.0000	1.0008	4.3369	0.9987	3.0972	0.0004	0.0000	0.0004	0.0000	0.0000	0.0000	0.0004	0.0000	0.0004	0.0000	0.0000	0.0000	0.0000	0.0000	0.0000	0.0000	0.0000	0.0000	0.0356	0.0314	0.0042	0.0070	0.0068	0.0002	0.0285	0.0246	0.0039	0.0157	0.0094	0.0063	0.0034	0.0027	0.0007	0.0123	0.0067	0.0056	17674.0644	0.0000	inf	0.0000	0.0000	0.0000	17412.5536	0.0000	inf	0.0000	0.0000	0.0000	0.0000	0.0000	0.0000	0.0000	0.0000	0.0000			
39	76	0.2802	13	1	1	0	0	0	0	0	0	N	N	N	N	N	N	N	N	N	N	N	N	0.0000	0.0000	0.0000	0.0000	0.0000	0.0000	0.0000	0.0000	0.0000	0.0000	0.0000	0.0000	0.0000	0.0000	0.0000	0.0000	0.0000	0.0000	0.0000	0.0000	1.0008	1.9992	0.9987	0.0055	0.0000	0.0000	0.0000	0.0000	0.0000	0.0000	0.0000	0.0000	0.0000	0.0000	0.0000	0.0000	0.0000	0.0000	0.0000	0.0000	0.0000	0.0000	0.0161	0.0142	0.0019	0.0029	0.0027	0.0002	0.0132	0.0115	0.0018	0.0048	0.0029	0.0019	0.0011	0.0009	0.0002	0.0037	0.0020	0.0016	0.0000	0.0000	0.0000	0.0000	0.0000	0.0000	0.0000	0.0000	0.0000	0.0000	0.0000	0.0000	0.0000	0.0000	0.0000	0.0000	0.0000	0.0000											
39	77	0.2361	12	1	1	0	0	0	0	0	0	N	N	N	N	N	N	N	N	N	N	N	N	0.0000	0.0000	0.0000	0.0000	0.0000	0.0000	0.0000	0.0000	0.0000	0.0000	0.0000	0.0000	0.0000	0.0000	0.0000	0.0000	0.0000	0.0000	0.0000	0.0000	1.0008	5.0219	0.9987	2.0148	0.0000	0.0000	0.0000	0.0000	0.0000	0.0000	0.0000	0.0000	0.0000	0.0000	0.0000	0.0000	0.0000	0.0000	0.0000	0.0000	0.0000	0.0000	0.0318	0.0278	0.0040	0.0049	0.0046	0.0003	0.0268	0.0231	0.0037	0.0146	0.0087	0.0059	0.0030	0.0024	0.0006	0.0116	0.0062	0.0054	0.0000	0.0000	0.0000	0.0000	0.0000	0.0000	0.0000	0.0000	0.0000	0.0000	0.0000	0.0000	0.0000	0.0000	0.0000	0.0000	0.0000	0.0000											
39	78	0.2232	11	0	1	0	0	0	0	0	0	N	N	N	N	N	N	N	N	N	N	N	N	0.0000	0.0000	0.0000	0.0000	0.0000	0.0000	0.0000	0.0000	0.0000	0.0000	0.0000	0.0000	0.0000	0.0000	0.0000	0.0039	0.0044	0.0032	0.0000	0.0000	0.0000	0.0048	0.0178	0.0035	0.5005	0.0000	-0.0000	1.0008	1.0203	0.9987	2.7327	0.0000	0.0000	0.0000	0.0000	0.0000	0.0000	0.0000	0.0000	0.0000	0.0000	0.0000	0.0000	0.0000	0.0000	0.0000	0.0000	0.0000	0.0000	0.0066	0.0057	0.0008	0.0010	0.0009	0.0001	0.0056	0.0048	0.0008	0.0077	0.0046	0.0031	0.0015	0.0012	0.0003	0.0062	0.0034	0.0028	0.0000	0.0000	0.0000	0.0000	0.0000	0.0000	0.0000	0.0000	0.0000	0.0039	0.0044	0.0032	0.0000	0.0000	0.0000	0.0048	0.0059	0.0035				
39	79	0.2232	10	0	0	0	0	0	0	0	0	N	N	N	N	N	N	N	N	N	N	N	N	0.0000	0.0000	0.0000	0.0000	0.0000	0.0000	0.0000	0.0000	0.0000	0.0000	0.0000	0.0000	0.0000	0.0000	0.0000	0.0000	0.0000	0.0000	0.0000	0.0000	1.0008	0.0000	0.9987	0.0018	0.0000	0.0000	0.0000	0.0000	0.0000	0.0000	0.0000	0.0000	0.0000	0.0000	0.0000	0.0000	0.0000	0.0000	0.0000	0.0000	0.0000	0.0000	0.0000	0.0000	0.0000	0.0000	0.0000	0.0000	0.0000	0.0000	0.0000	0.0000	0.0000	0.0000	0.0000	0.0000	0.0000	0.0000	0.0000	0.0000	0.0000	0.0000	0.0000	0.0000	0.0000	0.0000	0.0000	0.0000	0.0000	0.0000	0.0000	0.0000	0.0000	0.0000	0.0000	0.0000	0.0000	0.0000											
39	80	0.2051	9	0	0	0	0	0	0	0	0	N	N	N	N	N	N	N	N	N	N	N	N	0.0000	0.0000	0.0000	0.0000	0.0000	0.0000	0.0000	0.0000	0.0000	0.0000	0.0000	0.0000	0.0000	0.0000	0.0000	0.0000	0.0000	0.0000	0.0000	-0.0000	1.0008	3.0825	0.9987	2.0124	0.0000	0.0000	0.0000	0.0000	0.0000	0.0000	0.0000	0.0000	0.0000	0.0000	0.0000	0.0000	0.0000	0.0000	0.0000	0.0000	0.0000	0.0000	0.0209	0.0183	0.0026	0.0031	0.0030	0.0002	0.0177	0.0153	0.0024	0.0109	0.0065	0.0043	0.0024	0.0019	0.0005	0.0085	0.0046	0.0039	0.0000	0.0000	0.0000	0.0000	0.0000	0.0000	0.0000	0.0000	0.0000	0.0000	0.0000	0.0000	0.0000	0.0000	0.0000	0.0000	0.0000	0.0000											
39	81	0.1930	8	0	0	0	0	0	0	0	0	N	N	N	N	N	N	N	N	N	N	N	N	inf	inf	inf	inf	0.0121	0.0000	0.1040	0.0000	0.0000	0.0000	0.0153	0.0000	0.1103	0.0000	0.0000	0.0000	0.0000	0.0000	0.0000	0.0000	0.0000	0.0000	inf	0.0002	-0.0000	1.0008	3.6751	0.9987	0.0788	0.0004	0.0000	0.0004	0.0000	0.0000	0.0000	0.0004	0.0000	0.0004	0.0000	0.0000	0.0000	0.0000	0.0000	0.0000	0.0000	0.0000	0.0000	0.0315	0.0278	0.0037	0.0066	0.0064	0.0002	0.0249	0.0214	0.0034	0.0082	0.0049	0.0033	0.0018	0.0015	0.0004	0.0064	0.0035	0.0029	inf	0.0000	inf	0.0000	0.0000	0.0000	inf	0.0000	inf	0.0000	0.0000	0.0000	0.0000	0.0000	0.0000	0.0000	0.0000	0.0000						
39	82	0.1439	7	0	0	0	0	0	0	0	0	N	N	N	N	N	N	N	N	N	N	N	N	inf	inf	inf	inf	17.3757	0.0000	135.4585	0.0000	0.0000	0.0000	19.4342	0.0000	140.8082	0.0000	0.0000	0.0000	0.0000	0.0000	0.0000	0.0000	0.0000	0.0000	inf	0.6356	0.0000	1.0008	8.5011	0.9987	5.2406	0.9991	0.0000	0.9991	0.0000	0.0000	0.0000	0.9991	0.0000	0.9991	0.0000	0.0000	0.0000	0.0000	0.0000	0.0000	0.0000	0.0000	0.0000	0.0575	0.0501	0.0074	0.0061	0.0058	0.0003	0.0514	0.0443	0.0071	0.0298	0.0177	0.0121	0.0058	0.0046	0.0012	0.0240	0.0130	0.0109	inf	0.0000	inf	0.0000	0.0000	0.0000	inf	0.0000	inf	0.0000	0.0000	0.0000	0.0000	0.0000	0.0000	0.0000	0.0000	0.0000						
40	42	0.1385	6	0	0	0	0	0	0	0	0	N	N	N	N	N	N	N	N	N	N	N	N	0.0000	0.0000	0.0000	0.0000	0.0000	0.0000	0.0000	0.0000	0.0000	0.0000	0.0000	0.0000	0.0000	0.0000	0.0000	0.0000	0.0000	2.1134	3.7454	0.0000	0.0001	0.0001	0.0000	2.1540	4.5158	0.0000	0.0000	0.0000	-0.5891	9.0374	17.0025	18.5287	6.0864	0.0000	0.0000	0.0000	0.0000	0.0000	0.0000	0.0000	0.0000	0.0000	1.0000	1.0000	0.0000	0.0000	0.0000	0.0000	1.0000	1.0000	0.0000	1.0466	0.9152	0.1314	0.1020	0.0962	0.0057	0.9446	0.8190	0.1256	0.7066	0.4089	0.2977	0.1119	0.0900	0.0220	0.5947	0.3190	0.2757	0.0000	0.0000	0.0000	0.0000	0.0000	0.0000	0.0000	0.0000	0.0000	1.4152	2.4453	0.0000	0.0001	0.0001	0.0000	1.6816	3.1349	0.0000		
40	44	0.1385	6	0	1	0	0	0	0	0	0	N	N	N	N	N	N	N	N	N	N	N	N	0.0000	0.0000	0.0000	0.0000	0.0000	0.0000	0.0000	0.0000	0.0000	0.0000	0.0000	0.0000	0.0000	0.0000	0.0000	0.0000	0.0000	2.3787	4.3334	0.0000	0.1274	0.1570	0.0000	2.4637	5.0940	0.0000	0.0000	0.0000	-0.5965	9.0374	6.9958	18.5287	11.8523	0.0000	0.0000	0.0000	0.0000	0.0000	0.0000	0.0000	0.0000	0.0000	1.0125	1.0125	0.0000	0.0125	0.0125	0.0000	1.0000	1.0000	0.0000	0.4698	0.4103	0.0595	0.0517	0.0492	0.0025	0.4181	0.3611	0.0570	0.5973	0.3482	0.2491	0.0979	0.0794	0.0185	0.4994	0.2688	0.2306	0.0000	0.0000	0.0000	0.0000	0.0000	0.0000	0.0000	0.0000	0.0000	1.6951	2.9075	0.0000	0.1274	0.1570	0.0000	2.0023	3.7198	0.0000		
40	45	0.1769	7	0	1	0	0	0	0	0	0	N	N	N	N	N	N	N	N	N	N	N	N	0.0000	0.0000	0.0000	0.0000	0.0000	0.0000	0.0000	0.0000	0.0000	0.0000	0.0000	0.0000	0.0000	0.0000	0.0000	0.0000	0.0000	0.0000	2.6178	4.8875	0.0000	26.7821	33.3295	0.0000	1.8647	3.7768	0.0000	0.0000	0.0000	-1.1119	9.0374	20.1318	18.5287	17.5118	0.0000	0.0000	0.0000	0.0000	0.0000	0.0000	0.0000	0.0000	0.0000	1.8874	1.8874	0.0000	0.9992	0.9992	0.0000	0.8882	0.8882	0.0000	1.2060	1.0561	0.1499	0.1331	0.1247	0.0084	1.0729	0.9314	0.1415	1.0093	0.5706	0.4387	0.1599	0.1297	0.0302	0.8494	0.4409	0.4085	0.0000	0.0000	0.0000	0.0000	0.0000	0.0000	0.0000	0.0000	0.0000	1.8700	3.3076	0.0000	6.2487	7.7029	0.0000	1.0457	2.0145	0.0000	
40	46	0.1327	3	0	1	0	0	0	0	0	0	N	N	N	N	N	N	N	N	N	N	N	N	6016.7135	4527.7502	0.0000	0.0000	0.0000	0.0000	91764.6286	inf	0.0000	0.9898	1.1310	0.0000	0.0000	0.0000	0.0000	1.1689	1.3543	0.0000	0.0002	0.0002	0.0000	0.0007	0.0008	0.0000	0.0000	0.0000	0.0000	0.0000	0.0642	-0.3638	-0.0001	9.0374	15.0410	18.5287	10.9147	1.0000	1.0000	0.0000	0.0000	0.0000	0.0000	1.0000	1.0000	0.0000	0.0002	0.0001	0.0000	0.0001	0.0001	0.0000	0.0000	0.0000	0.0000	1.0103	0.8842	0.1261	0.1548	0.1458	0.0090	0.8555	0.7384	0.1171	0.9370	0.5799	0.3571	0.2094	0.1870	0.0224	0.7277	0.3929	0.3347	6016.7135	4527.7502	0.0000	0.0000	0.0000	0.0000	91764.6286	inf	0.0000	0.0002	0.0002	0.0000	0.0007	0.0008	0.0000	0.0000	0.0000	0.0000
40	47	0.2020	10	1	0	1	0	0	0	0	0	N	N	N	N	N	N	N	N	N	N	N	N	0.0000	0.0000	0.0000	0.0000	0.0000	0.0000	0.0000	0.0000	0.0000	0.0000	0.0000	0.0000	0.0000	0.0000	0.0000	0.0000	0.0000	0.0145	0.0316	0.0000	0.0638	0.0816	0.0000	0.0000	0.0000	0.0000	0.0000	0.0000	-0.0048	9.0374	12.7633	18.5287	6.3722	0.0000	0.0000	0.0000	0.0000	0.0000	0.0000	0.0000	0.0000	0.0000	0.0081	0.0081	0.0000	0.0081	0.0081	0.0000	0.0000	0.0000	0.0000	0.7957	0.6975	0.0982	0.0968	0.0908	0.0060	0.6989	0.6067	0.0923	0.5567	0.3254	0.2313	0.1267	0.0991	0.0276	0.4300	0.2264	0.2037	0.0000	0.0000	0.0000	0.0000	0.0000	0.0000	0.0000	0.0000	0.0000	0.0145	0.0248	0.0000	0.0638	0.0816	0.0000	0.0000	0.0000	0.0000		
40	48	0.1968	9	0	0	0	0	0	0	0	0	N	N	N	N	N	N	N	N	N	N	N	N	0.0000	0.0000	0.0000	0.0000	0.0000	0.0000	0.0000	0.0000	0.0000	0.0000	0.0000	0.0000	0.0000	0.0000	0.0000	0.0000	0.0000	0.6765	0.0019	0.4996	0.0017	0.0021	0.0000	0.9631	0.0029	0.4826	97.9258	0.0000	0.0033	9.0374	0.3513	18.5287	1.9759	0.0000	0.0000	0.0000	0.0000	0.0000	0.0000	0.0000	0.0000	0.0000	0.0081	0.0001	0.0080	0.0000	0.0000	0.0000	0.0081	0.0001	0.0080	0.0395	0.0361	0.0034	0.0108	0.0107	0.0002	0.0287	0.0255	0.0032	0.0742	0.0433	0.0309	0.0172	0.0134	0.0038	0.0570	0.0298	0.0271	0.0000	0.0000	0.0000	0.0000	0.0000	0.0000	0.0000	0.0000	0.0000	0.1094	0.0019	0.2600	0.0017	0.0021	0.0000	0.1420	0.0018	0.2962		
40	49	0.1966	8	0	0	0	0	0	0	0	0	N	N	N	N	N	N	N	N	N	N	N	N	0.0000	0.0000	0.0000	0.0000	0.0000	0.0000	0.0000	0.0000	0.0000	0.0000	0.0000	0.0000	0.0000	0.0000	0.0000	0.0000	0.0000	0.0058	0.0047	0.0073	0.0059	0.0075	0.0000	0.0058	0.0063	0.0084	1.1248	0.0000	-0.0000	9.0374	0.1669	18.5287	0.0350	0.0000	0.0000	0.0000	0.0000	0.0000	0.0000	0.0000	0.0000	0.0000	0.0000	0.0000	0.0000	0.0000	0.0000	0.0000	0.0000	0.0000	0.0000	0.0109	0.0095	0.0014	0.0012	0.0011	0.0001	0.0097	0.0084	0.0013	0.0065	0.0038	0.0027	0.0015	0.0012	0.0003	0.0050	0.0026	0.0024	0.0000	0.0000	0.0000	0.0000	0.0000	0.0000	0.0000	0.0000	0.0000	0.0058	0.0047	0.0073	0.0059	0.0075	0.0000	0.0058	0.0034	0.0084		
40	50	0.1966	7	0	0	0	0	0	0	0	0	N	N	N	N	N	N	N	N	N	N	N	N	0.0000	0.0000	0.0000	0.0000	0.0000	0.0000	0.0000	0.0000	0.0000	0.0000	0.0000	0.0000	0.0000	0.0000	0.0000	0.3582	0.9360	0.0000	0.1221	0.1366	0.0000	0.1697	1.6981	0.0000	0.0000	0.0000	-0.0000	9.0374	0.0010	18.5287	0.0028	0.0000	0.0000	0.0000	0.0000	0.0000	0.0000	0.0000	0.0000	0.0000	0.0000	0.0000	0.0000	0.0000	0.0000	0.0000	0.0000	0.0000	0.0000	0.0001	0.0001	0.0000	0.0001	0.0001	0.0000	0.0001	0.0001	0.0000	0.0002	0.0001	0.0001	0.0001	0.0001	0.0000	0.0001	0.0001	0.0001	0.0000	0.0000	0.0000	0.0000	0.0000	0.0000	0.0000	0.0000	0.0000	0.0855	0.1434	0.0000	0.1221	0.1366	0.0000	0.0658	0.1509	0.0000				
40	51	0.1191	5	0	1	0	1	0	0	0	0	N	N	N	N	N	N	N	N	N	N	N	N	0.0000	0.0000	0.0000	0.0000	0.0000	0.0000	0.0000	0.0000	0.0000	0.0000	0.0000	0.0000	0.0000	0.0000	0.0000	0.0000	2.1887	3.9961	0.0000	57.9242	59.0232	0.0000	0.0000	0.0000	0.0000	0.0000	0.0000	-0.0000	-0.5818	9.0374	7.3891	18.5287	13.2142	0.0000	0.0000	0.0000	0.0000	0.0000	0.0000	0.0000	0.0000	0.0000	0.9877	0.9877	0.0000	0.9877	0.9877	0.0000	0.0000	0.0000	0.0000	0.4969	0.4337	0.0632	0.0535	0.0510	0.0025	0.4434	0.3827	0.0607	0.6525	0.3684	0.2841	0.0648	0.0565	0.0084	0.5877	0.3120	0.2757	0.0000	0.0000	0.0000	0.0000	0.0000	0.0000	0.0000	0.0000	0.0000	1.5137	2.6808	0.0000	15.2370	17.4956	0.0000	0.0000	0.0000	0.0000		
40	52	0.1130	4	0	1	0	0	0	0	0	0	N	N	N	N	N	N	N	N	N	N	N	N	0.3527	0.0001	13499702.8915	0.0001	0.0001	0.6646	0.0000	13800136.0425	1.2229	0.0009	10.1437	0.0074	0.0077	0.0000	1.3722	0.0000	10.5349	3.4677	7.6661	0.0000	65.4621	82.6971	0.0000	2.0646	4.2111	0.0000	1512.6204	0.0000	0.6360	-1.1716	9.0374	12.1779	18.5287	13.0455	1.0007	0.0007	1.0000	0.0007	0.0007	0.0000	1.0000	0.0000	1.0000	1.9888	1.9888	0.0000	0.9898	0.9898	0.0000	0.9990	0.9990	0.0000	0.8183	0.7197	0.0986	0.0895	0.0858	0.0037	0.7288	0.6339	0.0949	0.7318	0.3999	0.3319	0.0387	0.0332	0.0055	0.6931	0.3667	0.3264	0.4500	0.0002	13499702.8915	0.0003	0.0003	0.0000	0.9521	0.0000	13800136.0425	2.7176	4.9732	0.0000	25.5824	29.7988	0.0000	1.4413	2.7243	0.0000	
40	53	0.2039	8	0	1	0	0	0	0	0	0	N	N	N	N	N	N	N	N	N	N	N	N	0.0000	0.0000	0.0000	0.0000	0.0000	0.0000	0.0000	0.0000	0.0000	0.0000	0.0000	0.0000	0.0000	0.0000	0.0000	0.0011	0.0019	0.0000	0.0048	0.0063	0.0000	0.0000	0.0000	0.0000	0.0000	0.0000	-0.0001	9.0374	3.0001	18.5287	3.0003	0.0000	0.0000	0.0000	0.0000	0.0000	0.0000	0.0000	0.0000	0.0000	0.0002	0.0002	0.0000	0.0002	0.0002	0.0000	0.0000	0.0000	0.0000	0.1926	0.1679	0.0247	0.0215	0.0200	0.0015	0.1711	0.1479	0.0233	0.1855	0.1079	0.0776	0.0422	0.0327	0.0095	0.1434	0.0752	0.0682	0.0000	0.0000	0.0000	0.0000	0.0000	0.0000	0.0000	0.0000	0.0000	0.0011	0.0019	0.0000	0.0048	0.0063	0.0000	0.0000	0.0000	0.0000				
40	54	0.1966	7	0	0	0	0	0	0	0	0	N	N	N	N	N	N	N	N	N	N	N	N	0.0000	0.0000	0.0000	0.0000	0.0000	0.0000	0.0000	0.0000	0.0000	0.0000	0.0000	0.0000	0.0000	0.0000	0.0000	0.0023	0.0039	0.0000	0.0004	0.0005	0.0000	0.0028	0.0164	0.0000	0.0000	0.0000	-0.0001	9.0374	1.9998	18.5287	1.0017	0.0000	0.0000	0.0000	0.0000	0.0000	0.0000	0.0000	0.0000	0.0000	0.0002	0.0002	0.0000	0.0000	0.0000	0.0000	0.0002	0.0002	0.0000	0.1287	0.1121	0.0166	0.0139	0.0129	0.0010	0.1147	0.0991	0.0156	0.0943	0.0548	0.0395	0.0215	0.0167	0.0048	0.0727	0.0381	0.0346	0.0000	0.0000	0.0000	0.0000	0.0000	0.0000	0.0000	0.0000	0.0000	0.0023	0.0039	0.0000	0.0004	0.0005	0.0000	0.0028	0.0054	0.0000				
40	55	0.1385	6	0	0	0	0	0	0	0	0	N	N	N	N	N	N	N	N	N	N	N	N	0.7520	81296.4595	0.0000	0.0000	0.0000	0.8337	70872.0216	0.0000	1.8840	2.1573	0.0000	0.0000	0.0000	0.0000	2.1106	2.4424	0.0000	2.5054	0.0000	9.3428	0.0000	0.0000	0.0000	2.5316	0.0000	9.0948	0.0000	112474.6931	-0.3638	0.4109	9.0374	8.0033	18.5287	9.9473	1.0000	1.0000	0.0000	0.0000	0.0000	0.0000	1.0000	1.0000	0.0000	1.0000	0.0000	1.0000	0.0000	0.0000	0.0000	1.0000	0.0000	1.0000	0.5308	0.4635	0.0672	0.0570	0.0541	0.0029	0.4738	0.4094	0.0644	0.5736	0.3350	0.2385	0.0948	0.0771	0.0177	0.4788	0.2580	0.2208	1.0806	81296.4595	0.0000	0.0000	0.0000	0.0000	1.0105	70872.0216	0.0000	1.7435	0.0000	4.1927	0.0000	0.0000	0.0000	2.0887	0.0000	4.5287	
40	56	0.1542	4	0	1	0	0	0	0	0	0	N	N	N	N	N	N	N	N	N	N	N	N	0.6767	0.0029	1.1200	0.0058	0.0074	0.0000	0.6710	0.0000	1.0786	3.0246	0.0000	24.3368	0.0000	0.0000	0.0000	3.4889	0.0000	25.7448	4.4697	0.0010	21.7287	0.0032	0.0026	0.0067	5.1995	0.0000	23.8686	1219765.7394	6365.2671	0.6360	0.8129	9.0374	5.0156	18.5287	9.5596	0.9997	0.0000	0.9997	0.0000	0.0000	0.0000	0.9997	0.0000	0.9997	1.9791	0.0003	1.9788	0.0004	0.0003	0.0001	1.9786	0.0000	1.9786	0.3305	0.2895	0.0411	0.0440	0.0417	0.0022	0.2865	0.2477	0.0388	0.5166	0.3197	0.1970	0.1361	0.1174	0.0187	0.3805	0.2022	0.1783	0.7896	0.0029	2.4225	0.0058	0.0074	0.0000	0.6710	0.0000	2.3200	3.8306	0.0010	10.0460	0.0032	0.0026	0.0067	5.1995	0.0000	11.0968
40	57	0.1327	3	0	1	0	0	0	0	0	0	N	N	N	N	N	N	N	N	N	N	N	N	0.0009	0.0030	0.0005	0.0233	0.0319	0.0000	0.0003	0.0012	0.0005	0.0021	0.0018	0.0048	0.0066	0.0070	0.0000	0.0008	0.0000	0.0053	2.3296	0.5774	10.5231	0.2842	0.2198	0.1204	2.7929	0.0004	11.0540	0.3924	26.0161	-0.0001	0.3534	9.0374	5.2776	18.5287	4.9316	0.0010	0.0007	0.0003	0.0007	0.0007	0.0000	0.0003	0.0000	0.0003	0.9451	0.0350	0.9101	0.0365	0.0349	0.0016	0.9086	0.0001	0.9086	0.4484	0.3920	0.0564	0.1040	0.0981	0.0059	0.3445	0.2939	0.0506	0.5658	0.3814	0.1844	0.1808	0.1676	0.0132	0.3850	0.2138	0.1712	0.0013	0.0191	0.0010	0.0328	0.0337	0.0000	0.0003	0.0012	0.0010	1.6703	0.0917	4.9358	0.2019	0.2083	0.1204	2.3598	0.0004	5.3066
40	58	0.1047	2	0	0	0	0	0	0	0	0	N	N	N	N	N	N	N	N	N	N	N	N	0.0017	0.0016	0.0029	0.0014	0.0014	0.0200	0.0018	0.0281	0.0031	0.0050	0.0011	0.0313	0.0020	0.0016	0.0086	0.0052	0.0010	0.0320	2.9145	0.6755	10.8883	1.4650	1.1151	0.4317	2.8301	0.0368	10.3094	4.3398	34.7327	0.0009	0.3644	9.0374	6.4383	18.5287	5.2340	0.0021	0.0004	0.0017	0.0001	0.0000	0.0000	0.0020	0.0004	0.0017	0.9517	0.0266	0.9250	0.0258	0.0249	0.0009	0.9258	0.0017	0.9241	0.4196	0.3651	0.0545	0.0281	0.0266	0.0015	0.3914	0.3385	0.0530	0.4362	0.2510	0.1853	0.0547	0.0513	0.0034	0.3815	0.1996	0.1818	0.0023	0.0101	0.0063	0.0042	0.0033	0.0319	0.0022	0.1208	0.0063	2.1816	0.1061	4.9931	0.4723	0.4857	0.2710	2.4269	0.0086	5.0818
40	63	0.2179	9	1	1	0	1	0	0	0	0	N	N	N	N	N	N	N	N	N	N	N	N	0.0000	0.0000	0.0000	0.0000	0.0000	0.0000	0.0000	0.0000	0.0000	0.0000	0.0000	0.0000	0.0000	0.0000	0.0000	0.0000	0.0000	0.0000	0.0000	0.0000	9.0374	2.0000	18.5287	2.0002	0.0000	0.0000	0.0000	0.0000	0.0000	0.0000	0.0000	0.0000	0.0000	0.0000	0.0000	0.0000	0.0000	0.0000	0.0000	0.0000	0.0000	0.0000	0.1287	0.1126	0.0161	0.0209	0.0194	0.0014	0.1079	0.0932	0.0147	0.1200	0.0677	0.0524	0.0138	0.0113	0.0026	0.1062	0.0564	0.0498	0.0000	0.0000	0.0000	0.0000	0.0000	0.0000	0.0000	0.0000	0.0000	0.0000	0.0000	0.0000	0.0000	0.0000	0.0000	0.0000	0.0000	0.0000											
40	64	0.2336	13	0	1	0	1	0	0	0	0	N	N	N	N	N	N	N	N	N	N	N	N	0.0000	0.0000	0.0000	0.0000	0.0000	0.0000	0.0000	0.0000	0.0000	0.0000	0.0000	0.0000	0.0000	0.0000	0.0000	0.0002	0.0003	0.0000	0.0012	0.0014	0.0000	0.0000	0.0000	0.0000	0.0000	0.0000	-0.0000	9.0374	2.0059	18.5287	4.8036	0.0000	0.0000	0.0000	0.0000	0.0000	0.0000	0.0000	0.0000	0.0000	0.0000	0.0000	0.0000	0.0000	0.0000	0.0000	0.0000	0.0000	0.0000	0.1303	0.1141	0.0162	0.0234	0.0218	0.0016	0.1070	0.0924	0.0146	0.2039	0.1184	0.0855	0.0301	0.0257	0.0044	0.1738	0.0927	0.0811	0.0000	0.0000	0.0000	0.0000	0.0000	0.0000	0.0000	0.0000	0.0000	0.0002	0.0003	0.0000	0.0012	0.0014	0.0000	0.0000	0.0000	0.0000				
40	65	0.2308	11	0	1	0	0	0	0	0	0	N	N	N	N	N	N	N	N	N	N	N	N	0.0000	0.0000	0.0000	0.0000	0.0000	0.0000	0.0000	0.0000	0.0000	0.0000	0.0000	0.0000	0.0000	0.0000	0.0000	0.0039	0.0069	0.0000	0.0228	0.0260	0.0000	0.0000	0.0000	0.0000	0.0000	0.0000	-0.0001	9.0374	0.9804	18.5287	0.2754	0.0000	0.0000	0.0000	0.0000	0.0000	0.0000	0.0000	0.0000	0.0000	0.0002	0.0002	0.0000	0.0002	0.0002	0.0000	0.0000	0.0000	0.0000	0.0674	0.0593	0.0081	0.0124	0.0117	0.0007	0.0550	0.0476	0.0074	0.0437	0.0247	0.0189	0.0075	0.0066	0.0009	0.0362	0.0181	0.0180	0.0000	0.0000	0.0000	0.0000	0.0000	0.0000	0.0000	0.0000	0.0000	0.0039	0.0069	0.0000	0.0228	0.0260	0.0000	0.0000	0.0000	0.0000				
40	66	0.2286	12	0	0	1	1	0	0	0	0	N	N	N	N	N	N	N	N	N	N	N	N	4.6791	3.1249	0.0000	0.0000	41492.3253	26236.9699	0.0002	0.0003	0.0000	0.0000	0.0000	0.0000	0.0003	0.0004	0.0000	0.0000	0.0001	0.0000	0.0003	0.0004	0.0000	0.0000	0.0000	0.0000	0.0000	0.0000	-0.0000	-0.0000	9.0374	0.9437	18.5287	4.8091	0.0000	0.0000	0.0000	0.0000	0.0000	0.0000	0.0000	0.0000	0.0000	0.0000	0.0000	0.0000	0.0000	0.0000	0.0000	0.0000	0.0000	0.0000	0.0857	0.0749	0.0109	0.0249	0.0235	0.0014	0.0609	0.0514	0.0095	0.1783	0.1040	0.0743	0.0268	0.0231	0.0038	0.1515	0.0809	0.0706	4.6791	3.1249	0.0000	0.0000	0.0000	0.0000	41492.3253	26236.9699	0.0000	0.0000	0.0001	0.0000	0.0003	0.0004	0.0000	0.0000	0.0000	0.0000			
40	67	0.2216	11	0	0	1	1	0	0	0	0	N	N	N	N	N	N	N	N	N	N	N	N	963.9844	625.8194	0.0000	0.0000	7497733.4395	4616802.2852	0.0319	0.0365	0.0000	0.0000	0.0000	0.0000	0.0382	0.0442	0.0000	0.0000	0.0001	0.0000	0.0003	0.0003	0.0000	0.0000	0.0000	0.0000	0.0000	0.0000	-0.0030	-0.0000	9.0374	4.0088	18.5287	5.0246	0.0082	0.0082	0.0000	0.0000	0.0000	0.0000	0.0082	0.0082	0.0000	0.0000	0.0000	0.0000	0.0000	0.0000	0.0000	0.0000	0.0000	0.0000	0.2555	0.2236	0.0319	0.0417	0.0389	0.0029	0.2138	0.1848	0.0290	0.2684	0.1525	0.1159	0.0326	0.0270	0.0056	0.2357	0.1254	0.1103	963.9844	625.8194	0.0000	0.0000	0.0000	0.0000	7497733.4395	4616802.2852	0.0000	0.0000	0.0001	0.0000	0.0003	0.0003	0.0000	0.0000	0.0000	0.0000			
40	68	0.2336	13	0	0	1	1	0	0	0	0	N	N	N	N	N	N	N	N	N	N	N	N	0.0000	0.0000	0.0000	0.0000	0.0000	0.0000	0.0000	0.0000	0.0000	0.0000	0.0000	0.0000	0.0000	0.0000	0.0000	0.0002	0.0004	0.0000	0.0015	0.0018	0.0000	0.0000	0.0000	0.0000	0.0000	0.0000	-0.0000	9.0374	1.0064	18.5287	4.2000	0.0000	0.0000	0.0000	0.0000	0.0000	0.0000	0.0000	0.0000	0.0000	0.0000	0.0000	0.0000	0.0000	0.0000	0.0000	0.0000	0.0000	0.0000	0.0661	0.0579	0.0082	0.0120	0.0112	0.0008	0.0541	0.0467	0.0074	0.1590	0.0927	0.0663	0.0242	0.0207	0.0034	0.1348	0.0720	0.0628	0.0000	0.0000	0.0000	0.0000	0.0000	0.0000	0.0000	0.0000	0.0000	0.0002	0.0004	0.0000	0.0015	0.0018	0.0000	0.0000	0.0000	0.0000				
40	69	0.2286	12	0	0	0	1	0	0	0	0	N	N	N	N	N	N	N	N	N	N	N	N	0.2383	0.2124	0.0000	0.0000	0.0000	0.3260	0.2844	0.0000	0.0002	0.0002	0.0000	0.0000	0.0000	0.0000	0.0003	0.0003	0.0000	0.0008	0.0010	0.0004	0.0008	0.0009	0.0000	0.0008	0.0010	0.0005	0.0000	0.2811	-0.0000	-0.0000	9.0374	1.2889	18.5287	0.3511	0.0000	0.0000	0.0000	0.0000	0.0000	0.0000	0.0000	0.0000	0.0000	0.0000	0.0000	0.0000	0.0000	0.0000	0.0000	0.0000	0.0000	0.0000	0.1079	0.0943	0.0136	0.0286	0.0269	0.0017	0.0793	0.0674	0.0120	0.0586	0.0356	0.0230	0.0112	0.0101	0.0011	0.0474	0.0255	0.0219	0.2383	0.2124	0.0000	0.0000	0.0000	0.0000	0.3260	0.2844	0.0000	0.0008	0.0010	0.0004	0.0008	0.0009	0.0000	0.0008	0.0010	0.0005	
40	70	0.2216	11	0	0	0	1	0	0	0	0	N	N	N	N	N	N	N	N	N	N	N	N	580.5289	385.1111	2.4956	2.3147	1184.3017	729.0486	0.1610	0.1841	0.0000	0.0024	0.0025	0.0000	0.1924	0.2229	0.0000	0.0003	0.0005	0.0000	0.0009	0.0011	0.0000	0.0002	0.0003	0.0000	0.0000	0.0000	-0.0030	-0.0000	9.0374	0.7777	18.5287	1.1718	0.0082	0.0082	0.0000	0.0000	0.0000	0.0000	0.0082	0.0082	0.0000	0.0000	0.0000	0.0000	0.0000	0.0000	0.0000	0.0000	0.0000	0.0000	0.0508	0.0444	0.0064	0.0084	0.0078	0.0006	0.0424	0.0366	0.0058	0.0641	0.0372	0.0269	0.0094	0.0081	0.0013	0.0547	0.0291	0.0257	580.5289	385.1111	0.0000	2.4956	2.3147	0.0000	1184.3017	729.0486	0.0000	0.0003	0.0005	0.0000	0.0009	0.0011	0.0000	0.0002	0.0003	0.0000			
40	71	0.2179	10	0	0	0	1	0	0	0	0	N	N	N	N	N	N	N	N	N	N	N	N	54345.2513	35064.3820	0.0000	0.0000	57315.1950	35243.9540	15.4281	17.6442	0.0000	0.0000	0.0000	0.0000	18.4115	21.3215	0.0000	0.0003	0.0005	0.0000	0.0000	0.0000	0.0000	0.0003	0.0006	0.0000	0.0000	0.0000	-0.3608	-0.0000	9.0374	0.9929	18.5287	0.0325	0.9918	0.9918	0.0000	0.0000	0.0000	0.0000	0.9918	0.9918	0.0000	0.0000	0.0000	0.0000	0.0000	0.0000	0.0000	0.0000	0.0000	0.0000	0.0643	0.0562	0.0081	0.0104	0.0097	0.0007	0.0539	0.0465	0.0074	0.0313	0.0177	0.0136	0.0036	0.0030	0.0007	0.0277	0.0147	0.0130	54345.2513	35064.3820	0.0000	0.0000	0.0000	0.0000	57315.1950	35243.9540	0.0000	0.0003	0.0005	0.0000	0.0000	0.0000	0.0000	0.0003	0.0006	0.0000			
40	72	0.2630	9	1	1	0	0	0	0	0	0	N	N	N	N	N	N	N	N	N	N	N	N	inf	inf	inf	inf	2.4204	2.6414	0.0000	5.9553	6.0176	0.0000	0.0000	0.0000	0.0000	0.0000	0.0000	0.0000	0.0000	0.0000	0.0000	0.0000	0.0000	0.0000	0.0000	-0.0000	0.0000	9.0374	0.0000	18.5287	0.0001	0.0000	0.0000	0.0000	0.0000	0.0000	0.0000	0.0000	0.0000	0.0000	0.0000	0.0000	0.0000	0.0000	0.0000	0.0000	0.0000	0.0000	0.0000	0.0000	0.0000	0.0000	0.0000	0.0000	0.0000	0.0000	0.0000	0.0000	0.0000	0.0000	0.0000	0.0000	0.0000	0.0000	0.0000	0.0000	0.0000	inf	inf	0.0000	inf	inf	0.0000	0.0000	0.0000	0.0000	0.0000	0.0000	0.0000	0.0000	0.0000	0.0000	0.0000	0.0000	0.0000						
40	73	0.1998	8	1	1	0	0	0	0	0	0	N	N	N	N	N	N	N	N	N	N	N	N	679.8014	440.9266	0.1510	622.4690	535.3068	0.0000	0.2252	0.0000	inf	1.5966	1.8226	0.0000	10.7304	11.5057	0.0000	0.0000	0.0000	0.0000	0.0023	0.0041	0.0000	0.0172	0.0215	0.0000	0.0000	0.0000	0.0000	0.0000	0.0001	-0.3635	-0.0007	9.0374	9.9619	18.5287	7.0378	0.9991	0.9991	0.0000	0.9991	0.9991	0.0000	0.0000	0.0000	0.0000	0.0012	0.0012	0.0000	0.0012	0.0012	0.0000	0.0000	0.0000	0.0000	0.6258	0.5482	0.0776	0.0931	0.0868	0.0063	0.5327	0.4613	0.0713	0.4902	0.2785	0.2117	0.0668	0.0536	0.0132	0.4234	0.2249	0.1985	679.8014	440.9266	0.1510	622.4690	535.3068	0.0000	0.2252	0.0000	inf	0.0023	0.0041	0.0000	0.0172	0.0215	0.0000	0.0000	0.0000	0.0000
40	74	0.2116	8	0	1	0	0	0	0	0	0	N	N	N	N	N	N	N	N	N	N	N	N	0.0000	0.0000	0.0000	0.0000	0.0000	0.0000	0.0000	0.0000	0.0000	0.0000	0.0000	0.0000	0.0000	0.0000	0.0000	0.0000	0.0000	0.0000	0.0015	0.0027	0.0000	0.0089	0.0106	0.0001	0.0000	0.0000	0.0000	0.0010	0.0000	-0.0002	9.0374	7.0442	18.5287	2.0273	0.0000	0.0000	0.0000	0.0000	0.0000	0.0000	0.0000	0.0000	0.0000	0.0004	0.0004	0.0000	0.0004	0.0004	0.0000	0.0000	0.0000	0.0000	0.5371	0.4730	0.0641	0.1207	0.1135	0.0072	0.4164	0.3595	0.0569	0.2694	0.1523	0.1170	0.0456	0.0380	0.0076	0.2238	0.1143	0.1094	0.0000	0.0000	0.0000	0.0000	0.0000	0.0000	0.0000	0.0000	0.0000	0.0015	0.0027	0.0000	0.0089	0.0106	0.0001	0.0000	0.0000	0.0000	
40	75	0.1877	7	0	1	0	0	0	0	0	0	N	N	N	N	N	N	N	N	N	N	N	N	0.0073	0.0001	0.0890	0.0002	0.0001	0.0000	0.0123	0.0000	0.0894	0.0000	0.0000	0.0002	0.0000	0.0000	0.0000	0.0000	0.0000	0.0003	0.0040	0.0050	0.0028	0.0105	0.0130	0.0000	0.0030	0.0051	0.0030	87.7788	0.4251	0.0000	-0.0003	9.0374	4.3369	18.5287	3.0972	0.0000	0.0000	0.0000	0.0000	0.0000	0.0000	0.0000	0.0000	0.0000	0.0009	0.0007	0.0003	0.0003	0.0003	0.0000	0.0006	0.0003	0.0003	0.3407	0.3007	0.0400	0.0672	0.0645	0.0027	0.2735	0.2361	0.0374	0.2291	0.1306	0.0985	0.0325	0.0263	0.0061	0.1966	0.1043	0.0923	0.0073	0.0001	0.0890	0.0002	0.0001	0.0000	0.0123	0.0000	0.0894	0.0040	0.0050	0.0028	0.0105	0.0130	0.0000	0.0030	0.0030	0.0030
40	76	0.2749	12	1	1	0	0	0	0	0	0	N	N	N	N	N	N	N	N	N	N	N	N	0.0000	0.0000	0.0000	0.0000	0.0000	0.0000	0.0000	0.0000	0.0000	0.0000	0.0000	0.0000	0.0000	0.0000	0.0000	0.0005	0.0008	0.0000	0.0041	0.0050	0.0000	0.0000	0.0000	0.0000	0.0000	0.0000	-0.0000	9.0374	1.9992	18.5287	0.0055	0.0000	0.0000	0.0000	0.0000	0.0000	0.0000	0.0000	0.0000	0.0000	0.0000	0.0000	0.0000	0.0000	0.0000	0.0000	0.0000	0.0000	0.0000	0.1744	0.1534	0.0209	0.0301	0.0282	0.0019	0.1443	0.1252	0.0191	0.0775	0.0447	0.0329	0.0089	0.0074	0.0015	0.0686	0.0373	0.0314	0.0000	0.0000	0.0000	0.0000	0.0000	0.0000	0.0000	0.0000	0.0000	0.0005	0.0008	0.0000	0.0041	0.0050	0.0000	0.0000	0.0000	0.0000				
40	77	0.2308	11	1	1	0	0	0	0	0	0	N	N	N	N	N	N	N	N	N	N	N	N	0.0000	0.0000	0.0000	0.0000	0.0000	0.0000	0.0000	0.0000	0.0000	0.0000	0.0000	0.0000	0.0000	0.0000	0.0000	0.0000	0.0000	0.0003	0.0005	0.0001	0.0013	0.0016	0.0000	0.0002	0.0003	0.0001	0.1578	0.0000	-0.0000	9.0374	5.0219	18.5287	2.0148	0.0000	0.0000	0.0000	0.0000	0.0000	0.0000	0.0000	0.0000	0.0000	0.0001	0.0001	0.0000	0.0000	0.0000	0.0000	0.0000	0.0000	0.0000	0.3217	0.2822	0.0395	0.0539	0.0505	0.0033	0.2679	0.2317	0.0362	0.2130	0.1204	0.0926	0.0280	0.0233	0.0047	0.1851	0.0971	0.0879	0.0000	0.0000	0.0000	0.0000	0.0000	0.0000	0.0000	0.0000	0.0000	0.0003	0.0005	0.0001	0.0013	0.0016	0.0000	0.0002	0.0003	0.0001		
40	78	0.2179	10	0	1	0	0	0	0	0	0	N	N	N	N	N	N	N	N	N	N	N	N	0.0000	0.0000	0.0000	0.0000	0.0000	0.0000	0.0000	0.0000	0.0000	0.0000	0.0000	0.0000	0.0000	0.0000	0.0000	0.0000	0.0000	0.0015	0.0007	0.0025	0.0000	0.0000	0.0000	0.0017	0.0009	0.0027	2.6607	0.0000	0.0000	9.0374	1.0203	18.5287	2.7327	0.0000	0.0000	0.0000	0.0000	0.0000	0.0000	0.0000	0.0000	0.0000	0.0002	0.0000	0.0001	0.0000	0.0000	0.0000	0.0002	0.0000	0.0001	0.0660	0.0578	0.0083	0.0107	0.0100	0.0007	0.0553	0.0478	0.0076	0.1128	0.0636	0.0492	0.0130	0.0106	0.0024	0.0998	0.0530	0.0468	0.0000	0.0000	0.0000	0.0000	0.0000	0.0000	0.0000	0.0000	0.0000	0.0015	0.0007	0.0025	0.0000	0.0000	0.0000	0.0017	0.0009	0.0027		
40	79	0.2179	9	0	0	0	0	0	0	0	0	N	N	N	N	N	N	N	N	N	N	N	N	0.0000	0.0000	0.0000	0.0000	0.0000	0.0000	0.0000	0.0000	0.0000	0.0000	0.0000	0.0000	0.0000	0.0000	0.0000	0.0000	0.0000	0.0000	0.0000	0.0000	9.0374	0.0000	18.5287	0.0018	0.0000	0.0000	0.0000	0.0000	0.0000	0.0000	0.0000	0.0000	0.0000	0.0000	0.0000	0.0000	0.0000	0.0000	0.0000	0.0000	0.0000	0.0000	0.0000	0.0000	0.0000	0.0000	0.0000	0.0000	0.0000	0.0000	0.0000	0.0002	0.0001	0.0000	0.0001	0.0001	0.0000	0.0001	0.0001	0.0000	0.0000	0.0000	0.0000	0.0000	0.0000	0.0000	0.0000	0.0000	0.0000	0.0000	0.0000	0.0000	0.0000	0.0000	0.0000	0.0000	0.0000	0.0000											
40	80	0.1998	8	0	0	0	0	0	0	0	0	N	N	N	N	N	N	N	N	N	N	N	N	1.2036	0.0000	605.3326	0.0157	0.0000	167.6863	181.1323	0.0000	633.6052	0.0033	0.0000	0.0269	0.0003	0.0000	0.0049	0.0039	0.0000	0.0288	0.0028	0.0048	0.0000	0.0193	0.0238	0.0000	0.0000	0.0000	0.0000	inf	0.0070	0.0004	-0.0003	9.0374	3.0825	18.5287	2.0124	0.0007	0.0000	0.0007	0.0000	0.0000	0.0000	0.0007	0.0000	0.0007	0.0004	0.0004	0.0000	0.0004	0.0004	0.0000	0.0000	0.0000	0.0000	0.2073	0.1817	0.0256	0.0329	0.0309	0.0020	0.1743	0.1508	0.0236	0.1580	0.0902	0.0679	0.0225	0.0182	0.0043	0.1355	0.0719	0.0636	1.2036	0.0000	605.3326	0.0157	0.0000	167.6863	181.1323	0.0000	633.6052	0.0028	0.0048	0.0000	0.0193	0.0238	0.0000	0.0000	0.0000	0.0000
40	81	0.1877	7	0	0	0	0	0	0	0	0	N	N	N	N	N	N	N	N	N	N	N	N	0.3600	0.3371	0.0596	0.5763	0.4919	0.0000	0.0099	0.0000	0.0598	0.0023	0.0026	0.0003	0.0111	0.0115	0.0000	0.0000	0.0000	0.0003	0.0065	0.0077	0.0048	0.0193	0.0234	0.0000	0.0042	0.0066	0.0051	0.0145	0.4627	-0.0002	-0.0002	9.0374	3.6751	18.5287	0.0788	0.0007	0.0007	0.0000	0.0007	0.0007	0.0000	0.0000	0.0000	0.0000	0.0008	0.0005	0.0002	0.0003	0.0003	0.0000	0.0004	0.0002	0.0002	0.2997	0.2649	0.0348	0.0621	0.0598	0.0023	0.2376	0.2050	0.0325	0.1201	0.0689	0.0512	0.0179	0.0147	0.0032	0.1022	0.0542	0.0480	0.3600	0.3371	0.0596	0.5763	0.4919	0.0000	0.0099	0.0000	0.0598	0.0065	0.0077	0.0048	0.0193	0.0234	0.0000	0.0042	0.0035	0.0051
40	82	0.1385	6	0	0	0	0	0	0	0	0	N	N	N	N	N	N	N	N	N	N	N	N	1.2615	1.2345	0.0000	9.1213	7.9324	0.0000	0.0000	0.0000	0.0000	0.0012	0.0014	0.0000	0.0114	0.0120	0.0000	0.0000	0.0000	0.0000	0.0010	0.0011	0.0007	0.0013	0.0015	0.0000	0.0009	0.0010	0.0008	0.0000	0.4451	-0.0002	-0.0001	9.0374	8.5011	18.5287	5.2406	0.0007	0.0007	0.0000	0.0007	0.0007	0.0000	0.0000	0.0000	0.0000	0.0004	0.0003	0.0001	0.0001	0.0001	0.0000	0.0003	0.0002	0.0001	0.5607	0.4897	0.0710	0.0596	0.0565	0.0030	0.5011	0.4331	0.0680	0.4592	0.2716	0.1876	0.0798	0.0659	0.0140	0.3794	0.2057	0.1737	1.2615	1.2345	0.0000	9.1213	7.9324	0.0000	0.0000	0.0000	0.0000	0.0010	0.0011	0.0007	0.0013	0.0015	0.0000	0.0009	0.0010	0.0008
41	42	0.0606	5	0	0	0	0	0	0	0	0	N	N	N	N	N	N	N	N	N	N	N	N	0.0389	6.7581	0.0000	0.1933	8.7925	0.0000	0.0439	9.0541	0.0000	0.0047	0.0054	0.0000	0.0133	0.0139	0.0000	0.0043	0.0049	0.0000	0.1211	0.0008	0.1359	0.0688	0.0016	0.9447	0.0969	0.0005	0.1143	0.0000	115.8605	-0.0018	0.0092	9.0369	17.0025	3.5648	6.0864	0.0050	0.0050	0.0000	0.0007	0.0007	0.0000	0.0043	0.0043	0.0000	0.0229	0.0002	0.0227	0.0049	0.0001	0.0048	0.0180	0.0001	0.0179	1.0718	0.9342	0.1377	0.0542	0.0518	0.0024	1.0176	0.8823	0.1353	0.4116	0.2448	0.1669	0.0710	0.0607	0.0103	0.3407	0.1841	0.1566	0.0848	6.7581	0.0000	0.1933	8.7925	0.0000	0.0805	9.0541	0.0000	0.0556	0.0008	0.1359	0.0688	0.0016	0.4668	0.0528	0.0005	0.1143
41	44	0.0606	5	0	1	0	0	0	0	0	0	N	N	N	N	N	N	N	N	N	N	N	N	0.0075	0.0023	0.1219	0.0034	0.0032	0.0000	0.0337	0.3108	0.1166	0.0020	0.0007	0.0107	0.0013	0.0013	0.0000	0.0020	0.0006	0.0109	0.2644	0.2860	0.0879	0.3799	0.4156	0.0028	0.0600	0.0020	0.0936	2.3928	0.8529	0.0003	-0.0034	9.0369	6.9958	3.5648	11.8523	0.0009	0.0003	0.0007	0.0000	0.0000	0.0000	0.0009	0.0002	0.0007	0.0268	0.0144	0.0123	0.0142	0.0142	0.0000	0.0125	0.0002	0.0123	0.4813	0.4188	0.0625	0.0313	0.0302	0.0011	0.4500	0.3886	0.0614	0.3487	0.2087	0.1400	0.0622	0.0535	0.0087	0.2865	0.1552	0.1313	0.0257	0.0097	0.1219	0.0056	0.0050	0.0000	0.0463	0.4087	0.1166	0.0767	0.0692	0.0879	0.2286	0.2653	0.0028	0.0437	0.0015	0.0936
41	45	0.0990	6	0	1	0	0	0	0	0	0	N	N	N	N	N	N	N	N	N	N	N	N	0.2951	0.3864	0.0000	0.0004	0.0003	15.4457	0.3256	0.3559	0.0000	0.8157	0.9345	0.0004	0.0019	0.0012	0.0131	0.8700	1.0020	0.0000	2.7646	2.4182	9.2048	4.3588	4.2563	0.0009	2.6721	2.8157	8.5876	0.0001	4.9054	-0.3664	0.2869	9.0369	20.1318	3.5648	17.5118	1.0073	1.0072	0.0001	0.0001	0.0001	0.0001	1.0071	1.0071	0.0000	1.1879	0.2012	0.9868	0.1026	0.1026	0.0000	1.0853	0.0985	0.9868	1.2348	1.0778	0.1570	0.0772	0.0727	0.0045	1.1576	1.0051	0.1525	0.5807	0.3377	0.2430	0.0958	0.0831	0.0127	0.4848	0.2546	0.2302	0.3987	1.5686	0.0001	0.0018	0.0010	15.4457	0.3887	2.5888	0.0000	2.0458	0.5957	4.0610	1.0711	1.2353	0.0009	2.2385	0.3871	4.2858
41	46	0.0548	2	0	1	0	0	0	0	0	0	N	N	N	N	N	N	N	N	N	N	N	N	11.6872	10.3145	0.0000	34.4632	32.4991	0.0000	0.0005	inf	0.0000	0.0050	0.0057	0.0000	0.0450	0.0476	0.0000	0.0000	0.0000	0.0000	0.0004	0.0006	0.0002	0.0013	0.0015	0.0000	0.0001	0.0000	0.0002	0.0000	0.2374	-0.0019	-0.0001	9.0369	15.0410	3.5648	10.9147	0.0052	0.0052	0.0000	0.0052	0.0052	0.0000	0.0000	0.0000	0.0000	0.0002	0.0002	0.0000	0.0002	0.0002	0.0000	0.0000	0.0000	0.0000	1.0401	0.9057	0.1343	0.1155	0.1091	0.0063	0.9246	0.7966	0.1280	0.5823	0.3617	0.2206	0.1541	0.1373	0.0168	0.4282	0.2244	0.2038	11.6872	10.3145	0.0000	34.4632	32.4991	0.0000	0.0005	inf	0.0000	0.0004	0.0006	0.0002	0.0013	0.0015	0.0000	0.0001	0.0000	0.0002
41	47	0.1241	9	1	0	1	0	0	0	0	0	N	N	N	N	N	N	N	N	N	N	N	N	0.0410	0.0280	0.0000	0.1474	0.1289	0.0000	0.0000	0.0000	0.0000	0.0003	0.0004	0.0000	0.0047	0.0050	0.0000	0.0000	0.0000	0.0000	0.0084	0.0141	0.0001	0.0317	0.0385	0.0010	0.0000	0.0000	0.0000	0.0000	0.0061	-0.0001	-0.0017	9.0369	12.7633	3.5648	6.3722	0.0003	0.0003	0.0000	0.0003	0.0003	0.0000	0.0000	0.0000	0.0000	0.0028	0.0028	0.0000	0.0028	0.0028	0.0000	0.0000	0.0000	0.0000	0.8142	0.7112	0.1030	0.0598	0.0564	0.0034	0.7544	0.6548	0.0996	0.3387	0.2093	0.1294	0.0895	0.0733	0.0161	0.2492	0.1359	0.1133	0.0410	0.0292	0.0000	0.1474	0.1289	0.0000	0.0000	0.0000	0.0000	0.0084	0.0135	0.0001	0.0317	0.0385	0.0010	0.0000	0.0000	0.0000
41	48	0.1189	8	0	0	0	0	0	0	0	0	N	N	N	N	N	N	N	N	N	N	N	N	0.0013	0.0010	0.0000	0.0018	0.0016	0.0000	0.0000	0.0000	0.0000	0.0000	0.0000	0.0000	0.0000	0.0000	0.0000	0.0000	0.0000	0.0000	0.0007	0.0011	0.0002	0.0022	0.0025	0.0005	0.0003	0.0004	0.0002	0.0000	0.1256	-0.0000	-0.0000	9.0369	0.3513	3.5648	1.9759	0.0000	0.0000	0.0000	0.0000	0.0000	0.0000	0.0000	0.0000	0.0000	0.0000	0.0000	0.0000	0.0000	0.0000	0.0000	0.0000	0.0000	0.0000	0.0401	0.0366	0.0035	0.0097	0.0096	0.0001	0.0303	0.0269	0.0034	0.0440	0.0269	0.0172	0.0109	0.0089	0.0020	0.0331	0.0179	0.0152	0.0013	0.0010	0.0000	0.0018	0.0016	0.0000	0.0000	0.0000	0.0000	0.0007	0.0011	0.0002	0.0022	0.0025	0.0005	0.0003	0.0004	0.0002
41	49	0.1186	7	0	0	0	0	0	0	0	0	N	N	N	N	N	N	N	N	N	N	N	N	0.0326	0.0317	0.0015	0.1797	0.2346	0.0064	0.0005	0.0004	0.0000	0.0000	0.0000	0.0000	0.0006	0.0006	0.0000	0.0000	0.0000	0.0000	0.0011	0.0013	0.0008	0.0033	0.0027	0.0059	0.0004	0.0006	0.0001	0.0044	0.3897	-0.0000	-0.0000	9.0369	0.1669	3.5648	0.0350	0.0000	0.0000	0.0000	0.0000	0.0000	0.0000	0.0000	0.0000	0.0000	0.0000	0.0000	0.0000	0.0000	0.0000	0.0000	0.0000	0.0000	0.0000	0.0112	0.0097	0.0015	0.0007	0.0006	0.0000	0.0105	0.0090	0.0014	0.0039	0.0024	0.0015	0.0010	0.0008	0.0002	0.0029	0.0016	0.0013	0.0326	0.0317	0.0015	0.1797	0.2346	0.0064	0.0005	0.0004	0.0000	0.0011	0.0013	0.0008	0.0033	0.0027	0.0059	0.0004	0.0006	0.0001
41	50	0.1186	6	0	0	0	0	0	0	0	0	N	N	N	N	N	N	N	N	N	N	N	N	0.3471	0.2408	0.0037	0.4997	0.7026	0.0017	0.0679	0.0021	0.0000	0.0156	0.0178	0.0001	0.0366	0.0398	0.0004	0.0010	0.0012	0.0000	0.0448	0.0739	0.0262	0.0733	0.0566	0.2141	0.0150	0.5863	0.0039	0.0008	0.3809	-0.0000	-0.0000	9.0369	0.0010	3.5648	0.0028	0.0000	0.0000	0.0000	0.0000	0.0000	0.0000	0.0000	0.0000	0.0000	0.0000	0.0000	0.0000	0.0000	0.0000	0.0000	0.0000	0.0000	0.0000	0.0001	0.0001	0.0000	0.0001	0.0001	0.0000	0.0001	0.0001	0.0000	0.0001	0.0001	0.0000	0.0000	0.0000	0.0000	0.0001	0.0000	0.0000	0.4267	0.4153	0.0037	0.4997	0.7026	0.0020	0.0679	0.0436	0.0000	0.0365	0.0428	0.0262	0.0733	0.0566	0.1897	0.0150	0.0278	0.0039
41	51	0.0412	4	0	1	0	1	0	0	0	0	N	N	N	N	N	N	N	N	N	N	N	N	0.0060	0.6012	0.0023	2.3074	2.2077	0.0026	0.0013	0.0024	0.0024	0.0198	0.0182	0.0306	0.2515	0.2596	0.0000	0.0043	0.0000	0.0311	3.2794	0.0303	13.0691	0.1090	0.1176	0.0080	3.1978	0.0001	12.8160	0.2524	178.6686	-0.0016	0.3980	9.0369	7.3891	3.5648	13.2142	0.0101	0.0081	0.0020	0.0081	0.0081	0.0000	0.0020	0.0000	0.0020	0.9821	0.0055	0.9766	0.0055	0.0054	0.0000	0.9766	0.0000	0.9766	0.5092	0.4428	0.0664	0.0321	0.0311	0.0010	0.4772	0.4117	0.0655	0.3862	0.2242	0.1619	0.0502	0.0463	0.0039	0.3360	0.1779	0.1580	0.0078	0.7472	0.0051	2.3074	2.2077	0.0026	0.0015	0.0024	0.0050	2.5431	0.0244	6.0303	0.1090	0.1176	0.0080	2.9068	0.0001	6.1800
41	52	0.0351	3	0	1	0	0	0	0	0	0	N	N	N	N	N	N	N	N	N	N	N	N	0.3801	15.1036	0.0020	1.0329	1.1520	0.0660	0.4130	26721.1260	0.0022	1.1512	1.3151	0.0227	0.5144	0.5276	0.0079	1.1999	1.3828	0.0229	3.0286	0.0871	11.3555	0.4980	0.4580	0.1199	2.9050	0.0001	10.5431	0.0025	89.1964	-0.3526	0.3952	9.0369	12.1779	3.5648	13.0455	0.9760	0.9735	0.0024	0.0310	0.0309	0.0000	0.9450	0.9426	0.0024	0.9886	0.0110	0.9776	0.0111	0.0109	0.0002	0.9775	0.0000	0.9775	0.8478	0.7403	0.1075	0.0602	0.0587	0.0015	0.7876	0.6816	0.1060	0.4318	0.2441	0.1876	0.0371	0.0357	0.0014	0.3946	0.2084	0.1862	0.5028	29.2925	0.0043	1.7180	1.7204	0.0660	0.4844	26721.1260	0.0044	2.2896	0.0449	5.2102	0.2994	0.3067	0.1199	2.4770	0.0001	5.2497
41	53	0.1260	7	0	1	0	0	0	0	0	0	N	N	N	N	N	N	N	N	N	N	N	N	0.0000	0.0000	0.0000	0.0000	0.0000	0.0000	0.0000	0.0000	0.0000	0.0000	0.0000	0.0000	0.0000	0.0000	0.0000	0.0000	0.0000	0.0000	0.0004	0.0003	0.0005	0.0017	0.0010	0.0046	0.0000	0.0000	0.0000	1.0091	0.0000	-0.0000	9.0369	3.0001	3.5648	3.0003	0.0000	0.0000	0.0000	0.0000	0.0000	0.0000	0.0000	0.0000	0.0000	0.0000	0.0000	0.0000	0.0000	0.0000	0.0000	0.0000	0.0000	0.0000	0.1975	0.1715	0.0260	0.0126	0.0117	0.0009	0.1850	0.1598	0.0251	0.1100	0.0669	0.0431	0.0268	0.0218	0.0050	0.0832	0.0451	0.0381	0.0000	0.0000	0.0000	0.0000	0.0000	0.0000	0.0000	0.0000	0.0000	0.0004	0.0003	0.0005	0.0017	0.0010	0.0046	0.0000	0.0000	0.0000	
41	54	0.1186	6	0	0	0	0	0	0	0	0	N	N	N	N	N	N	N	N	N	N	N	N	35.7657	25.7527	0.0000	281.9493	257.7965	0.0000	0.0012	0.0008	0.0000	0.0306	0.0352	0.0000	0.5142	0.5533	0.0000	0.0000	0.0000	0.0000	0.0009	0.0014	0.0001	0.0018	0.0021	0.0004	0.0005	0.0010	0.0000	0.0000	0.0266	-0.0015	-0.0000	9.0369	1.9998	3.5648	1.0017	0.0040	0.0040	0.0000	0.0040	0.0040	0.0000	0.0000	0.0000	0.0000	0.0000	0.0000	0.0000	0.0000	0.0000	0.0000	0.0000	0.0000	0.0000	0.1318	0.1144	0.0174	0.0078	0.0073	0.0006	0.1240	0.1071	0.0169	0.0560	0.0341	0.0219	0.0137	0.0111	0.0026	0.0423	0.0229	0.0194	35.7657	25.7527	0.0000	281.9493	257.7965	0.0000	0.0012	0.0008	0.0000	0.0009	0.0014	0.0001	0.0018	0.0021	0.0004	0.0005	0.0010	0.0000
41	55	0.0606	5	0	0	0	0	0	0	0	0	N	N	N	N	N	N	N	N	N	N	N	N	1.2167	0.8390	0.0000	0.2420	0.2164	10.4299	5.1804	0.0000	0.0090	0.0103	0.0000	0.0089	0.0093	0.0000	0.0090	0.0104	0.0000	0.0074	0.0123	0.0001	0.0370	0.0429	0.0000	0.0009	0.0020	0.0001	0.0000	0.0041	-0.0018	-0.0014	9.0369	8.0033	3.5648	9.9473	0.0049	0.0049	0.0000	0.0003	0.0003	0.0000	0.0046	0.0046	0.0000	0.0025	0.0025	0.0000	0.0022	0.0022	0.0000	0.0002	0.0002	0.0000	0.5438	0.4732	0.0706	0.0337	0.0324	0.0012	0.5101	0.4407	0.0694	0.3350	0.2008	0.1342	0.0603	0.0520	0.0084	0.2747	0.1489	0.1258	1.2167	0.8416	0.0000	0.2420	0.2164	0.0000	10.4299	6.8313	0.0000	0.0074	0.0122	0.0001	0.0370	0.0429	0.0000	0.0009	0.0015	0.0001	
41	56	0.0762	3	0	1	0	0	0	0	0	0	N	N	N	N	N	N	N	N	N	N	N	N	0.1729	0.1109	0.0040	0.1222	0.1120	0.0005	0.3248	0.0534	0.0040	0.0034	0.0039	0.0000	0.0056	0.0059	0.0000	0.0032	0.0037	0.0000	0.0198	0.0353	0.0075	0.0459	0.0529	0.0042	0.0097	0.0685	0.0079	0.0011	0.1684	-0.0004	-0.0026	9.0369	5.0156	3.5648	9.5596	0.0011	0.0011	0.0000	0.0002	0.0002	0.0000	0.0010	0.0010	0.0000	0.0058	0.0050	0.0008	0.0037	0.0037	0.0000	0.0021	0.0013	0.0008	0.3357	0.2930	0.0427	0.0349	0.0331	0.0019	0.3008	0.2599	0.0408	0.2939	0.1821	0.1117	0.0816	0.0698	0.0118	0.2123	0.1123	0.1000	0.1729	0.1433	0.0040	0.1222	0.1120	0.0005	0.3248	0.3209	0.0040	0.0198	0.0273	0.0075	0.0459	0.0529	0.0042	0.0097	0.0114	0.0079
41	57	0.0548	2	0	1	0	0	0	0	0	0	N	N	N	N	N	N	N	N	N	N	N	N	1.8124	2.3192	0.0500	0.5756	0.6069	0.0151	3.5656	42.9893	0.0595	2.0776	2.3931	0.0139	0.2637	0.2791	0.0014	2.5238	2.9719	0.0150	1.1464	1.0319	0.2780	0.4582	0.4599	0.0920	0.7078	0.0691	0.2524	0.0009	0.6527	-0.3515	-0.0129	9.0369	5.2776	3.5648	4.9316	0.9686	0.9677	0.0009	0.0243	0.0243	0.0000	0.9443	0.9434	0.0009	0.0663	0.0401	0.0262	0.0399	0.0387	0.0012	0.0264	0.0015	0.0250	0.4662	0.4044	0.0618	0.0920	0.0869	0.0051	0.3741	0.3174	0.0567	0.3777	0.2501	0.1276	0.1393	0.1259	0.0133	0.2384	0.1242	0.1143	11.8305	14.9114	0.0677	0.9206	0.9090	0.0151	22.7648	251.6912	0.0687	0.1756	0.1605	0.2053	0.2865	0.3071	0.0920	0.1109	0.0118	0.2185
41	63	0.1400	8	1	1	0	1	0	0	0	0	N	N	N	N	N	N	N	N	N	N	N	N	0.0000	0.0000	0.0000	0.0000	0.0000	0.0000	0.0000	0.0000	0.0000	0.0000	0.0000	0.0000	0.0000	0.0000	0.0000	0.0003	0.0000	0.0007	0.0000	0.0000	0.0000	0.0003	0.0000	0.0007	inf	0.0000	0.0000	9.0369	2.0000	3.5648	2.0002	0.0000	0.0000	0.0000	0.0000	0.0000	0.0000	0.0000	0.0000	0.0000	0.0000	0.0000	0.0000	0.0000	0.0000	0.0000	0.0000	0.0000	0.0000	0.1306	0.1139	0.0168	0.0172	0.0159	0.0013	0.1135	0.0980	0.0155	0.0680	0.0397	0.0283	0.0094	0.0080	0.0014	0.0587	0.0317	0.0270	0.0000	0.0000	0.0000	0.0000	0.0000	0.0000	0.0000	0.0000	0.0000	0.0003	0.0000	0.0007	0.0000	0.0000	0.0000	0.0003	0.0000	0.0007				
41	64	0.1557	12	0	1	0	1	0	0	0	0	N	N	N	N	N	N	N	N	N	N	N	N	0.0000	0.0000	0.0000	0.0000	0.0000	0.0000	0.0000	0.0000	0.0000	0.0000	0.0000	0.0000	0.0000	0.0000	0.0000	0.0000	0.0000	0.0000	0.0001	0.0001	0.0001	0.0004	0.0002	0.0014	0.0000	0.0000	0.0000	0.9163	0.0000	-0.0000	9.0369	2.0059	3.5648	4.8036	0.0000	0.0000	0.0000	0.0000	0.0000	0.0000	0.0000	0.0000	0.0000	0.0000	0.0000	0.0000	0.0000	0.0000	0.0000	0.0000	0.0000	0.0000	0.1323	0.1154	0.0168	0.0197	0.0182	0.0015	0.1126	0.0972	0.0154	0.1151	0.0687	0.0463	0.0190	0.0166	0.0024	0.0961	0.0521	0.0440	0.0000	0.0000	0.0000	0.0000	0.0000	0.0000	0.0000	0.0000	0.0000	0.0001	0.0001	0.0001	0.0004	0.0002	0.0014	0.0000	0.0000	0.0000	
41	65	0.1529	10	0	1	0	0	0	0	0	0	N	N	N	N	N	N	N	N	N	N	N	N	46.8725	247.3944	0.0000	50.7856	329.9475	0.0000	62.5592	4066.3885	0.0000	0.1415	0.1616	0.0000	0.7092	0.7608	0.0000	0.0344	0.0398	0.0000	0.0030	0.0007	0.0063	0.0140	0.0023	0.1073	0.0006	0.0000	0.0011	0.0000	6.9169	-0.0035	0.0000	9.0369	0.9804	3.5648	0.2754	0.0097	0.0097	0.0000	0.0077	0.0077	0.0000	0.0020	0.0020	0.0000	0.0001	0.0000	0.0001	0.0001	0.0000	0.0001	0.0000	0.0000	0.0000	0.0688	0.0602	0.0085	0.0109	0.0102	0.0007	0.0579	0.0501	0.0078	0.0242	0.0142	0.0101	0.0045	0.0040	0.0005	0.0198	0.0102	0.0096	46.8725	247.3944	0.0000	50.7856	329.9475	0.0000	62.5592	4066.3885	0.0000	0.0030	0.0007	0.0063	0.0140	0.0023	0.1073	0.0006	0.0000	0.0011
41	66	0.1507	11	0	0	1	1	0	0	0	0	N	N	N	N	N	N	N	N	N	N	N	N	0.0000	0.0000	0.0000	0.0000	0.0000	0.0000	0.0000	0.0000	0.0000	0.0000	0.0000	0.0000	0.0000	0.0000	0.0000	0.0000	0.0000	0.0000	0.0001	0.0002	0.0000	0.0009	0.0009	0.0005	0.0000	0.0000	0.0000	0.0848	0.0000	-0.0000	9.0369	0.9437	3.5648	4.8091	0.0000	0.0000	0.0000	0.0000	0.0000	0.0000	0.0000	0.0000	0.0000	0.0000	0.0000	0.0000	0.0000	0.0000	0.0000	0.0000	0.0000	0.0000	0.0866	0.0755	0.0112	0.0231	0.0218	0.0013	0.0635	0.0537	0.0098	0.1003	0.0601	0.0402	0.0168	0.0147	0.0020	0.0835	0.0453	0.0382	0.0000	0.0000	0.0000	0.0000	0.0000	0.0000	0.0000	0.0000	0.0000	0.0001	0.0002	0.0000	0.0009	0.0009	0.0005	0.0000	0.0000	0.0000	
41	67	0.1437	10	0	0	1	1	0	0	0	0	N	N	N	N	N	N	N	N	N	N	N	N	0.0000	0.0000	0.0000	0.0000	0.0000	0.0000	0.0000	0.0000	0.0000	0.0000	0.0000	0.0000	0.0000	0.0000	0.0000	0.0000	0.0000	0.0000	0.0006	0.0008	0.0003	0.0021	0.0022	0.0017	0.0003	0.0004	0.0002	0.2320	0.0000	-0.0000	9.0369	4.0088	3.5648	5.0246	0.0000	0.0000	0.0000	0.0000	0.0000	0.0000	0.0000	0.0000	0.0000	0.0001	0.0001	0.0000	0.0000	0.0000	0.0000	0.0000	0.0000	0.0000	0.2593	0.2262	0.0331	0.0344	0.0318	0.0026	0.2249	0.1943	0.0306	0.1516	0.0889	0.0627	0.0216	0.0186	0.0030	0.1299	0.0703	0.0597	0.0000	0.0000	0.0000	0.0000	0.0000	0.0000	0.0000	0.0000	0.0000	0.0006	0.0008	0.0003	0.0021	0.0022	0.0017	0.0003	0.0004	0.0002	
41	68	0.1557	12	0	0	1	1	0	0	0	0	N	N	N	N	N	N	N	N	N	N	N	N	0.0000	0.0000	0.0000	0.0000	0.0000	0.0000	0.0000	0.0000	0.0000	0.0000	0.0000	0.0000	0.0000	0.0000	0.0000	0.0000	0.0000	0.0000	0.0001	0.0001	0.0001	0.0004	0.0003	0.0017	0.0000	0.0000	0.0000	0.9161	0.0000	-0.0000	9.0369	1.0064	3.5648	4.2000	0.0000	0.0000	0.0000	0.0000	0.0000	0.0000	0.0000	0.0000	0.0000	0.0000	0.0000	0.0000	0.0000	0.0000	0.0000	0.0000	0.0000	0.0000	0.0671	0.0586	0.0085	0.0101	0.0094	0.0007	0.0570	0.0492	0.0078	0.0896	0.0537	0.0359	0.0151	0.0132	0.0018	0.0745	0.0404	0.0340	0.0000	0.0000	0.0000	0.0000	0.0000	0.0000	0.0000	0.0000	0.0000	0.0001	0.0001	0.0001	0.0004	0.0003	0.0017	0.0000	0.0000	0.0000	
41	69	0.1507	11	0	0	0	1	0	0	0	0	N	N	N	N	N	N	N	N	N	N	N	N	0.0000	0.0000	0.0000	0.0000	0.0000	0.0000	0.0000	0.0000	0.0000	0.0000	0.0000	0.0000	0.0000	0.0000	0.0000	0.0000	0.0000	0.0000	0.0004	0.0005	0.0001	0.0012	0.0012	0.0021	0.0001	0.0002	0.0000	0.1305	0.0000	-0.0000	9.0369	1.2889	3.5648	0.3511	0.0000	0.0000	0.0000	0.0000	0.0000	0.0000	0.0000	0.0000	0.0000	0.0000	0.0000	0.0000	0.0000	0.0000	0.0000	0.0000	0.0000	0.0000	0.1091	0.0951	0.0140	0.0262	0.0246	0.0016	0.0829	0.0705	0.0125	0.0324	0.0200	0.0123	0.0065	0.0059	0.0006	0.0259	0.0141	0.0117	0.0000	0.0000	0.0000	0.0000	0.0000	0.0000	0.0000	0.0000	0.0000	0.0004	0.0005	0.0001	0.0012	0.0012	0.0021	0.0001	0.0002	0.0000	
41	70	0.1437	10	0	0	0	1	0	0	0	0	N	N	N	N	N	N	N	N	N	N	N	N	0.0000	0.0000	0.0000	0.0000	0.0000	0.0000	0.0000	0.0000	0.0000	0.0000	0.0000	0.0000	0.0000	0.0000	0.0000	0.0000	0.0000	0.0000	0.0055	0.0091	0.0001	0.0331	0.0373	0.0017	0.0000	0.0001	0.0000	0.0063	0.0000	-0.0001	9.0369	0.7777	3.5648	1.1718	0.0000	0.0000	0.0000	0.0000	0.0000	0.0000	0.0000	0.0000	0.0000	0.0002	0.0002	0.0000	0.0002	0.0002	0.0000	0.0000	0.0000	0.0000	0.0516	0.0449	0.0066	0.0070	0.0064	0.0005	0.0446	0.0385	0.0061	0.0360	0.0215	0.0145	0.0059	0.0052	0.0007	0.0301	0.0163	0.0139	0.0000	0.0000	0.0000	0.0000	0.0000	0.0000	0.0000	0.0000	0.0000	0.0055	0.0091	0.0001	0.0331	0.0373	0.0017	0.0000	0.0001	0.0000	
41	71	0.1400	9	0	0	0	1	0	0	0	0	N	N	N	N	N	N	N	N	N	N	N	N	0.0000	0.0000	0.0000	0.0000	0.0000	0.0000	0.0000	0.0000	0.0000	0.0000	0.0000	0.0000	0.0000	0.0000	0.0000	0.0000	0.0000	0.0000	0.0016	0.0008	0.0027	0.0027	0.0031	0.0000	0.0014	0.0001	0.0028	2.5580	0.0000	0.0000	9.0369	0.9929	3.5648	0.0325	0.0000	0.0000	0.0000	0.0000	0.0000	0.0000	0.0000	0.0000	0.0000	0.0000	0.0000	0.0000	0.0000	0.0000	0.0000	0.0000	0.0000	0.0000	0.0652	0.0569	0.0084	0.0086	0.0079	0.0006	0.0567	0.0489	0.0077	0.0178	0.0104	0.0074	0.0025	0.0021	0.0004	0.0153	0.0083	0.0070	0.0000	0.0000	0.0000	0.0000	0.0000	0.0000	0.0000	0.0000	0.0000	0.0016	0.0008	0.0027	0.0027	0.0031	0.0000	0.0014	0.0001	0.0028	
41	72	0.1851	8	1	1	0	0	0	0	0	0	N	N	N	N	N	N	N	N	N	N	N	N	inf	inf	inf	inf	1.9261	0.0000	20.9260	0.0000	0.0000	0.0000	3.3298	0.0000	21.6975	0.0000	0.0000	0.0000	0.0000	0.0000	0.0000	0.0000	0.0000	0.0000	inf	0.0000	0.0000	9.0369	0.0000	3.5648	0.0001	0.0000	0.0000	0.0000	0.0000	0.0000	0.0000	0.0000	0.0000	0.0000	0.0000	0.0000	0.0000	0.0000	0.0000	0.0000	0.0000	0.0000	0.0000	0.0000	0.0000	0.0000	0.0000	0.0000	0.0000	0.0000	0.0000	0.0000	0.0000	0.0000	0.0000	0.0000	0.0000	0.0000	0.0000	0.0000	0.0000	inf	0.0000	inf	0.0000	0.0000	0.0000	inf	0.0000	inf	0.0000	0.0000	0.0000	0.0000	0.0000	0.0000	0.0000	0.0000	0.0000						
41	73	0.1218	7	1	1	0	0	0	0	0	0	N	N	N	N	N	N	N	N	N	N	N	N	104.0102	0.0009	1536.8489	0.0056	0.0015	1.3278	464.2375	0.0017	1600.5345	1.5709	0.0000	12.3829	0.0005	0.0001	0.0046	1.7824	0.0000	13.2925	0.0151	0.0215	0.0081	0.0839	0.0983	0.0035	0.0038	0.0000	0.0083	96220.4828	0.2872	0.6346	-0.0015	9.0369	9.9619	3.5648	7.0378	0.9975	0.0000	0.9974	0.0000	0.0000	0.0000	0.9974	0.0000	0.9974	0.0042	0.0032	0.0009	0.0033	0.0032	0.0000	0.0009	0.0000	0.0009	0.6349	0.5544	0.0806	0.0754	0.0698	0.0055	0.5596	0.4845	0.0750	0.2758	0.1604	0.1154	0.0388	0.0329	0.0059	0.2370	0.1275	0.1095	104.0102	0.0009	1536.8489	0.0056	0.0015	1.3278	464.2375	0.0017	1600.5345	0.0151	0.0202	0.0081	0.0839	0.0983	0.0035	0.0038	0.0000	0.0083
41	74	0.1337	7	0	1	0	0	0	0	0	0	N	N	N	N	N	N	N	N	N	N	N	N	10.5077	0.0001	83.0042	0.0764	0.0001	0.5597	49.9158	0.0000	181.8289	0.0095	0.0000	0.0783	0.0003	0.0000	0.0051	0.0118	0.0000	0.0865	0.0009	0.0009	0.0009	0.0042	0.0034	0.0092	0.0002	0.0000	0.0005	128683.4789	0.7749	0.0033	-0.0000	9.0369	7.0442	3.5648	2.0273	0.0052	0.0000	0.0052	0.0000	0.0000	0.0000	0.0052	0.0000	0.0052	0.0001	0.0001	0.0001	0.0001	0.0001	0.0000	0.0000	0.0000	0.0000	0.5440	0.4778	0.0662	0.1081	0.1014	0.0067	0.4359	0.3763	0.0596	0.1521	0.0882	0.0639	0.0260	0.0226	0.0034	0.1261	0.0657	0.0605	10.5077	0.0001	83.0042	0.0764	0.0001	0.5597	49.9158	0.0000	181.8289	0.0009	0.0009	0.0009	0.0042	0.0034	0.0092	0.0002	0.0000	0.0005
41	75	0.1098	6	0	1	0	0	0	0	0	0	N	N	N	N	N	N	N	N	N	N	N	N	0.3889	0.2932	0.3838	0.1073	0.1051	0.1662	1.4537	1.0891	0.9672	0.0006	0.0007	0.0002	0.0009	0.0009	0.0015	0.0006	0.0006	0.0002	0.0016	0.0023	0.0006	0.0088	0.0088	0.0089	0.0004	0.0006	0.0002	0.0475	0.1896	-0.0001	-0.0001	9.0369	4.3369	3.5648	3.0972	0.0002	0.0002	0.0000	0.0001	0.0001	0.0000	0.0002	0.0002	0.0000	0.0002	0.0002	0.0000	0.0002	0.0001	0.0000	0.0000	0.0000	0.0000	0.3451	0.3037	0.0414	0.0594	0.0571	0.0023	0.2857	0.2466	0.0391	0.1290	0.0754	0.0537	0.0190	0.0162	0.0028	0.1101	0.0592	0.0509	0.3889	0.2932	0.3838	0.1073	0.1051	0.1662	1.4537	1.0891	0.9672	0.0016	0.0023	0.0006	0.0088	0.0088	0.0089	0.0004	0.0006	0.0002
41	76	0.1970	11	1	1	0	0	0	0	0	0	N	N	N	N	N	N	N	N	N	N	N	N	0.0000	0.0000	0.0000	0.0000	0.0000	0.0000	0.0000	0.0000	0.0000	0.0000	0.0000	0.0000	0.0000	0.0000	0.0000	0.0000	0.0000	0.0000	0.0001	0.0001	0.0002	0.0009	0.0006	0.0037	0.0000	0.0000	0.0000	0.9201	0.0000	-0.0000	9.0369	1.9992	3.5648	0.0055	0.0000	0.0000	0.0000	0.0000	0.0000	0.0000	0.0000	0.0000	0.0000	0.0000	0.0000	0.0000	0.0000	0.0000	0.0000	0.0000	0.0000	0.0000	0.1755	0.1541	0.0214	0.0272	0.0254	0.0018	0.1483	0.1287	0.0196	0.0456	0.0272	0.0184	0.0068	0.0060	0.0008	0.0387	0.0212	0.0176	0.0000	0.0000	0.0000	0.0000	0.0000	0.0000	0.0000	0.0000	0.0000	0.0001	0.0001	0.0002	0.0009	0.0006	0.0037	0.0000	0.0000	0.0000	
41	77	0.1529	10	1	1	0	0	0	0	0	0	N	N	N	N	N	N	N	N	N	N	N	N	2.9492	0.5103	36.9430	3.8848	0.9291	30.4075	0.0196	0.0000	0.3152	0.0006	0.0001	0.0040	0.0045	0.0010	0.0535	0.0000	0.0000	0.0000	0.0002	0.0003	0.0001	0.0012	0.0011	0.0018	0.0000	0.0001	0.0000	3.8862	0.2655	0.0001	-0.0000	9.0369	5.0219	3.5648	2.0148	0.0002	0.0000	0.0002	0.0002	0.0000	0.0002	0.0000	0.0000	0.0000	0.0000	0.0000	0.0000	0.0000	0.0000	0.0000	0.0000	0.0000	0.0000	0.3268	0.2856	0.0411	0.0450	0.0420	0.0030	0.2818	0.2437	0.0381	0.1201	0.0701	0.0500	0.0181	0.0156	0.0025	0.1020	0.0546	0.0474	2.9492	0.5103	36.9430	3.8848	0.9291	30.4075	0.0196	0.0000	0.3152	0.0002	0.0003	0.0001	0.0012	0.0011	0.0018	0.0000	0.0001	0.0000
41	78	0.1400	9	0	1	0	0	0	0	0	0	N	N	N	N	N	N	N	N	N	N	N	N	2.0468	1.8801	0.0081	2.4585	2.2656	0.0000	1.3575	7.4256	0.0083	0.0031	0.0035	0.0000	0.0185	0.0200	0.0000	0.0007	0.0008	0.0000	0.0015	0.0019	0.0010	0.0075	0.0088	0.0000	0.0005	0.0001	0.0010	0.0003	0.3729	-0.0001	-0.0000	9.0369	1.0203	3.5648	2.7327	0.0002	0.0002	0.0000	0.0002	0.0002	0.0000	0.0000	0.0000	0.0000	0.0001	0.0001	0.0000	0.0001	0.0001	0.0000	0.0000	0.0000	0.0000	0.0670	0.0584	0.0086	0.0088	0.0081	0.0007	0.0582	0.0503	0.0080	0.0639	0.0373	0.0266	0.0088	0.0075	0.0013	0.0551	0.0298	0.0253	2.0468	1.8801	0.0081	2.4585	2.2656	0.0000	1.3575	7.4256	0.0083	0.0015	0.0019	0.0010	0.0075	0.0088	0.0000	0.0005	0.0001	0.0010
41	79	0.1400	8	0	0	0	0	0	0	0	0	N	N	N	N	N	N	N	N	N	N	N	N	0.0000	0.0000	0.0000	0.0000	0.0000	0.0000	0.0000	0.0000	0.0000	0.0000	0.0000	0.0000	0.0000	0.0000	0.0000	0.0000	0.0000	1.5967	2.0421	2.0060	2.3496	1.7001	0.0266	1.4623	0.0000	1.4301	1.0000	0.0000	-0.0000	9.0369	0.0000	3.5648	0.0018	0.0000	0.0000	0.0000	0.0000	0.0000	0.0000	0.0000	0.0000	0.0000	0.0000	0.0000	0.0000	0.0000	0.0000	0.0000	0.0000	0.0000	0.0000	0.0000	0.0000	0.0000	0.0000	0.0000	0.0000	0.0000	0.0000	0.0000	0.0001	0.0001	0.0000	0.0000	0.0000	0.0000	0.0001	0.0000	0.0000	0.0000	0.0000	0.0000	0.0000	0.0000	0.0000	0.0000	0.0000	0.0000	0.4524	0.3273	0.7320	0.6161	0.6288	0.0266	0.3573	0.0000	0.7501		
41	80	0.1218	7	0	0	0	0	0	0	0	0	N	N	N	N	N	N	N	N	N	N	N	N	0.0004	11.1648	0.0000	6.2983	17.7655	0.0064	0.0000	0.0035	0.0000	0.0060	0.0067	0.0011	0.0447	0.0479	0.0002	0.0002	0.0000	0.0011	13.7279	0.0006	54.8852	0.0071	0.0027	0.0327	13.1098	0.0000	59.7825	0.0229	32048.0725	-0.0004	0.4093	9.0369	3.0825	3.5648	2.0124	0.0013	0.0012	0.0000	0.0012	0.0012	0.0000	0.0000	0.0000	0.0000	0.9962	0.0000	0.9962	0.0001	0.0000	0.0001	0.9962	0.0000	0.9962	0.2104	0.1837	0.0266	0.0274	0.0255	0.0018	0.1830	0.1582	0.0248	0.0892	0.0521	0.0371	0.0132	0.0113	0.0019	0.0760	0.0409	0.0351	0.0005	11.1648	0.0000	6.2983	17.7655	0.0064	0.0000	0.0035	0.0000	11.1719	0.0006	26.8765	0.0071	0.0027	0.0327	13.1098	0.0000	28.3559
41	81	0.1098	6	0	0	0	0	0	0	0	0	N	N	N	N	N	N	N	N	N	N	N	N	0.1706	0.1910	1.1330	0.0782	0.0472	0.6822	0.1675	0.3123	1.1401	0.0160	0.0007	0.1297	0.0009	0.0005	0.0117	0.0194	0.0008	0.1366	0.0939	0.0038	0.1145	0.0116	0.0107	0.0172	0.1158	0.0025	0.1198	24.1899	21.2904	0.0029	0.0012	9.0369	3.6751	3.5648	0.0788	0.0049	0.0002	0.0047	0.0001	0.0000	0.0000	0.0048	0.0002	0.0046	0.0033	0.0002	0.0032	0.0001	0.0001	0.0000	0.0032	0.0001	0.0032	0.3034	0.2675	0.0360	0.0555	0.0535	0.0020	0.2479	0.2139	0.0340	0.0676	0.0397	0.0279	0.0104	0.0090	0.0015	0.0572	0.0308	0.0264	0.3239	0.1910	1.1330	0.0782	0.0472	0.6822	0.3443	0.4430	1.1401	0.0494	0.0038	0.1145	0.0116	0.0107	0.0172	0.0563	0.0017	0.1198
41	82	0.0606	5	0	0	0	0	0	0	0	0	N	N	N	N	N	N	N	N	N	N	N	N	226.7585	188.1420	0.1224	11.4122	10.9427	0.0044	1572.3109	9323.2913	0.1710	1.7138	1.9694	0.0004	0.3997	0.4152	0.0001	1.7988	2.0812	0.0004	0.0076	0.0105	0.0031	0.0350	0.0379	0.0157	0.0011	0.0002	0.0022	0.0000	0.1922	-0.3581	-0.0009	9.0369	8.5011	3.5648	5.2406	0.9844	0.9844	0.0000	0.0139	0.0139	0.0000	0.9705	0.9705	0.0000	0.0020	0.0017	0.0003	0.0018	0.0017	0.0001	0.0002	0.0000	0.0002	0.5744	0.4998	0.0745	0.0349	0.0336	0.0013	0.5395	0.4663	0.0732	0.2690	0.1629	0.1061	0.0509	0.0442	0.0067	0.2181	0.1187	0.0994	226.7585	188.1420	0.1224	11.4122	10.9427	0.0044	1572.3109	9323.2913	0.1710	0.0076	0.0105	0.0031	0.0350	0.0379	0.0157	0.0011	0.0002	0.0022
42	45	0.1211	2	0	1	0	0	0	0	0	0	N	N	N	N	N	N	N	N	N	N	N	N	7535.7734	12836.6974	0.0000	7.0311	13.5424	0.0000	32023.5312	inf	0.0000	0.4420	0.5075	0.0000	0.0031	0.0033	0.0000	0.4559	0.5250	0.0000	0.0001	0.0000	0.0001	0.0004	0.0002	0.0018	0.0000	0.0000	0.0000	0.0000	1.6873	-0.3639	0.0000	17.0025	20.1318	6.0864	17.5118	1.0002	1.0002	0.0000	0.0002	0.0002	0.0000	1.0000	1.0000	0.0000	0.0001	0.0000	0.0000	0.0000	0.0000	0.0000	0.0000	0.0000	0.0000	2.2630	1.9710	0.2920	0.0696	0.0662	0.0034	2.1933	1.9047	0.2886	0.9731	0.5372	0.4359	0.1002	0.0874	0.0129	0.8729	0.4498	0.4230	7535.7734	12836.6974	0.0000	7.0311	13.5424	0.0000	32023.5312	inf	0.0000	0.0001	0.0000	0.0001	0.0004	0.0002	0.0018	0.0000	0.0000	0.0000
42	46	0.1445	6	0	1	0	0	0	0	0	0	N	N	N	N	N	N	N	N	N	N	N	N	32450.6358	23274.3940	0.0000	0.0000	inf	inf	1.0733	1.2247	0.0000	0.0000	0.0000	0.0000	1.2433	1.4364	0.0000	0.0000	0.0001	0.0000	0.0001	0.0001	0.0000	0.0000	0.0000	0.0000	0.0000	0.0000	-0.7276	-0.0000	17.0025	15.0410	6.0864	10.9147	2.0000	2.0000	0.0000	0.0000	0.0000	0.0000	2.0000	2.0000	0.0000	0.0000	0.0000	0.0000	0.0000	0.0000	0.0000	0.0000	0.0000	0.0000	1.8634	1.6331	0.2303	0.2548	0.2407	0.0141	1.6086	1.3924	0.2162	0.9070	0.5701	0.3369	0.2950	0.2317	0.0633	0.6120	0.3384	0.2736	32450.6358	23274.3940	0.0000	0.0000	0.0000	0.0000	inf	inf	0.0000	0.0000	0.0001	0.0000	0.0001	0.0001	0.0000	0.0000	0.0000	0.0000			
42	47	0.1462	5	1	0	1	0	0	0	0	0	N	N	N	N	N	N	N	N	N	N	N	N	6957.2384	2497.5323	129086.4218	0.2170	0.1918	68951.0973	73951378.2159	125750.8743	1.3268	0.7580	5.3292	0.0002	0.0003	0.0000	1.4420	0.8302	5.4940	0.0002	0.0003	0.0000	0.0011	0.0014	0.0000	0.0000	0.0000	0.0000	0.9990	0.1027	0.2718	-0.0001	17.0025	12.7633	6.0864	6.3722	1.9988	0.9999	0.9989	0.0000	0.0000	0.0000	1.9988	0.9999	0.9989	0.0001	0.0001	0.0000	0.0001	0.0001	0.0000	0.0000	0.0000	0.0000	1.5065	1.3190	0.1874	0.1204	0.1147	0.0056	1.3861	1.2043	0.1818	0.5630	0.3208	0.2422	0.0848	0.0714	0.0133	0.4783	0.2494	0.2289	6957.2384	2497.5323	129086.4218	0.2170	0.1918	0.0000	68951.0973	73951378.2159	125750.8743	0.0002	0.0003	0.0000	0.0011	0.0014	0.0000	0.0000	0.0000	0.0000	
42	48	0.1410	4	0	0	0	0	0	0	0	0	N	N	N	N	N	N	N	N	N	N	N	N	4.6990	6.3625	15.9385	6.5048	19.5816	0.0000	3.7074	0.5963	18.2774	0.0289	0.0153	0.1729	0.0501	0.0505	0.0000	0.0219	0.0024	0.1773	0.0061	0.0024	0.0108	0.0077	0.0026	0.0354	0.0059	0.0041	0.0097	1.0680	3.5935	0.0003	0.0001	17.0025	0.3513	6.0864	1.9759	0.0021	0.0010	0.0011	0.0009	0.0009	0.0000	0.0012	0.0001	0.0011	0.0004	0.0001	0.0003	0.0001	0.0000	0.0001	0.0004	0.0001	0.0003	0.0737	0.0674	0.0064	0.0182	0.0180	0.0002	0.0556	0.0494	0.0062	0.0728	0.0406	0.0322	0.0092	0.0078	0.0014	0.0636	0.0328	0.0308	4.6990	6.3625	15.9385	6.5048	19.5816	0.0000	3.7074	1.0307	18.2774	0.0061	0.0024	0.0108	0.0077	0.0026	0.0354	0.0059	0.0024	0.0097
42	49	0.1408	3	0	0	0	0	0	0	0	0	N	N	N	N	N	N	N	N	N	N	N	N	15.6043	1.9712	96.2169	2.8275	5.0254	0.0000	inf	inf	0.0489	0.0056	0.3386	0.0698	0.0737	0.0000	0.0473	0.0000	0.3484	0.0031	0.0028	0.0035	0.0247	0.0147	0.0780	0.0000	0.0000	0.0000	9.1000	1.0000	0.0005	-0.0000	17.0025	0.1669	6.0864	0.0350	0.0010	0.0001	0.0009	0.0001	0.0001	0.0000	0.0009	0.0000	0.0009	0.0000	0.0000	0.0000	0.0000	0.0000	0.0000	0.0000	0.0000	0.0000	0.0207	0.0180	0.0027	0.0014	0.0014	0.0001	0.0192	0.0166	0.0026	0.0064	0.0035	0.0028	0.0008	0.0007	0.0001	0.0056	0.0029	0.0027	15.6043	1.9712	96.2169	2.8275	5.0254	0.0000	inf	0.0000	inf	0.0031	0.0028	0.0035	0.0247	0.0147	0.0780	0.0000	0.0000	0.0000	
42	50	0.1408	2	0	0	0	0	0	0	0	0	N	N	N	N	N	N	N	N	N	N	N	N	2.5614	2.5562	22.5117	3.1317	11.0016	0.2036	inf	inf	inf	1.5675	1.4356	2.7580	2.7391	2.3759	8.7806	0.1228	0.1449	0.0001	0.6119	0.5616	0.1225	0.8746	0.2160	43.1292	0.0000	0.0000	0.0000	0.2127	1.0000	-0.0001	-0.0000	17.0025	0.0010	6.0864	0.0028	0.0006	0.0005	0.0001	0.0005	0.0004	0.0001	0.0000	0.0000	0.0000	0.0000	0.0000	0.0000	0.0000	0.0000	0.0000	0.0000	0.0000	0.0000	0.0004	0.0003	0.0000	0.0002	0.0002	0.0000	0.0002	0.0001	0.0000	0.0002	0.0001	0.0001	0.0001	0.0000	0.0000	0.0001	0.0001	0.0001	15.0769	15.8997	22.5117	7.2170	11.6677	3.1501	inf	inf	inf	0.1040	0.0903	0.1225	0.3795	0.2036	2.7874	0.0000	0.0000	0.0000
42	51	0.1022	2	0	1	0	1	0	0	0	0	N	N	N	N	N	N	N	N	N	N	N	N	0.2066	0.1592	inf	0.1561	0.1552	5.9629	0.1715	inf	0.3341	0.4115	0.0000	2.0057	2.0398	0.0000	0.1177	0.1489	0.0000	1.6174	2.5842	0.0000	12.8513	13.1402	0.0000	0.0197	0.8684	0.0000	0.0000	0.0000	-0.1335	-0.1890	17.0025	7.3891	6.0864	13.2142	0.3671	0.3671	0.0000	0.2526	0.2526	0.0000	0.1144	0.1144	0.0000	0.3208	0.3208	0.0000	0.3097	0.3097	0.0000	0.0112	0.0112	0.0000	1.0986	0.8921	0.2064	0.1260	0.1239	0.0021	0.9726	0.7683	0.2043	0.6681	0.3858	0.2823	0.1028	0.0887	0.0141	0.5653	0.2971	0.2682	0.6958	0.4948	inf	0.6658	0.5843	0.0000	5.9629	3.9672	inf	0.4802	0.8316	0.0000	3.0124	3.4909	0.0000	0.0197	0.0375	0.0000	
42	52	0.1083	3	0	1	0	0	0	0	0	0	N	N	N	N	N	N	N	N	N	N	N	N	44.1547	1650007.6013	0.0007	252.4230	780969.9792	0.0000	31.5739	inf	0.0007	1.6169	1.8366	0.0001	4.8411	4.9382	0.0000	1.3091	1.5033	0.0001	0.0366	0.0000	0.0757	0.0192	0.0000	0.0998	0.0415	0.0000	0.0743	0.0000	52920.6190	-0.9467	0.0095	17.0025	12.1779	6.0864	13.0455	2.6025	2.6025	0.0000	0.6790	0.6790	0.0000	1.9235	1.9235	0.0000	0.0230	0.0000	0.0230	0.0016	0.0000	0.0016	0.0214	0.0000	0.0214	1.6096	1.4170	0.1926	0.1403	0.1375	0.0028	1.4693	1.2795	0.1898	0.6953	0.3910	0.3043	0.0852	0.0688	0.0164	0.6101	0.3221	0.2880	48.8130	1650007.6013	0.0007	252.4230	780969.9792	0.0000	37.3272	inf	0.0007	0.0331	0.0000	0.0757	0.0192	0.0000	0.0998	0.0351	0.0000	0.0743
42	53	0.1481	3	0	1	0	0	0	0	0	0	N	N	N	N	N	N	N	N	N	N	N	N	0.0000	0.0000	0.0000	0.0000	0.0000	0.0000	0.0000	0.0000	0.0000	0.0000	0.0000	0.0000	0.0000	0.0000	0.0000	0.0000	0.0000	0.0000	0.0000	0.0000	17.0025	3.0001	6.0864	3.0003	0.0000	0.0000	0.0000	0.0000	0.0000	0.0000	0.0000	0.0000	0.0000	0.0000	0.0000	0.0000	0.0000	0.0000	0.0000	0.0000	0.0000	0.0000	0.3681	0.3206	0.0475	0.0289	0.0271	0.0018	0.3392	0.2935	0.0458	0.1817	0.1009	0.0808	0.0220	0.0184	0.0036	0.1596	0.0824	0.0772	0.0000	0.0000	0.0000	0.0000	0.0000	0.0000	0.0000	0.0000	0.0000	0.0000	0.0000	0.0000	0.0000	0.0000	0.0000	0.0000	0.0000	0.0000											
42	54	0.1408	2	0	0	0	0	0	0	0	0	N	N	N	N	N	N	N	N	N	N	N	N	37884.1716	0.0000	inf	68989.3725	0.0000	inf	inf	inf	4.0971	0.0000	31.5781	61.2070	0.0000	1129.4840	0.0001	0.0000	0.0007	0.0001	0.0002	0.0000	0.0009	0.0011	0.0000	0.0000	0.0000	0.0000	inf	0.0000	0.6359	-0.0000	17.0025	1.9998	6.0864	1.0017	0.9996	0.0000	0.9996	0.9995	0.0000	0.9995	0.0000	0.0000	0.0000	0.0000	0.0000	0.0000	0.0000	0.0000	0.0000	0.0000	0.0000	0.0000	0.2440	0.2123	0.0317	0.0163	0.0154	0.0009	0.2276	0.1969	0.0308	0.0925	0.0513	0.0412	0.0113	0.0094	0.0018	0.0812	0.0419	0.0393	37884.1716	0.0000	inf	68989.3725	0.0000	inf	inf	0.0000	inf	0.0001	0.0002	0.0000	0.0009	0.0011	0.0000	0.0000	0.0000	0.0000	
42	56	0.1659	7	0	1	0	0	0	0	0	0	N	N	N	N	N	N	N	N	N	N	N	N	1.1509	9.0136	0.0001	0.0552	0.0490	0.0000	1.0991	4.5829	0.0001	3.2788	3.7392	0.0016	0.0058	0.0062	0.0000	3.7943	4.3809	0.0017	2.8490	0.4148	11.8337	0.1059	0.1262	0.0026	3.4522	0.9559	13.7586	0.0001	41.3616	-0.7247	0.3894	17.0025	5.0156	6.0864	9.5596	1.9924	1.9923	0.0001	0.0005	0.0005	0.0000	1.9919	1.9918	0.0001	1.0055	0.0237	0.9817	0.0166	0.0165	0.0001	0.9889	0.0072	0.9817	0.6077	0.5328	0.0749	0.0827	0.0782	0.0045	0.5250	0.4547	0.0703	0.4762	0.3021	0.1740	0.1566	0.1308	0.0257	0.3196	0.1713	0.1483	1.5527	47.5937	0.0003	0.0552	0.0490	0.0000	1.2263	103.8847	0.0003	2.1116	0.0786	5.6407	0.1059	0.1262	0.0026	3.0942	0.0422	6.6194
42	57	0.1445	6	0	1	0	0	0	0	0	0	N	N	N	N	N	N	N	N	N	N	N	N	0.0168	0.0064	0.8111	0.0045	0.0045	0.0920	0.0264	0.0074	0.9220	0.0306	0.0183	0.1183	0.0304	0.0313	0.0148	0.0306	0.0144	0.1290	1.8157	2.8626	0.1458	6.6922	6.9538	0.1607	1.1621	1.9527	0.1400	0.9080	0.0623	0.0028	-0.2483	17.0025	5.2776	6.0864	4.9316	0.0252	0.0132	0.0120	0.0054	0.0052	0.0001	0.0198	0.0080	0.0118	0.4681	0.4406	0.0275	0.4127	0.4041	0.0086	0.0554	0.0365	0.0189	0.8230	0.7217	0.1013	0.1758	0.1663	0.0095	0.6471	0.5554	0.0917	0.5714	0.3831	0.1884	0.2498	0.1965	0.0533	0.3216	0.1865	0.1351	0.0373	0.0159	0.8111	0.0184	0.0152	0.0920	0.1779	0.0735	0.9220	0.8191	1.1502	0.1458	1.6522	2.0564	0.1607	0.1722	0.1955	0.1400
42	58	0.1165	5	0	0	0	0	0	0	0	0	N	N	N	N	N	N	N	N	N	N	N	N	0.4956	0.0032	88.6795	0.0003	0.0003	0.0106	0.9840	0.0049	99.0954	1.2784	0.0141	9.8553	0.0106	0.0109	0.0039	1.3505	0.0143	10.0285	2.5795	4.3900	0.1111	41.3167	40.1817	0.3734	1.3726	2.9501	0.1012	102.8805	0.0254	0.6252	-0.3955	17.0025	6.4383	6.0864	5.2340	0.9977	0.0096	0.9881	0.0004	0.0004	0.0000	0.9973	0.0092	0.9881	0.7007	0.6834	0.0173	0.6000	0.5975	0.0025	0.1007	0.0859	0.0148	0.7804	0.6802	0.1003	0.0420	0.0403	0.0017	0.7384	0.6399	0.0985	0.3875	0.2314	0.1560	0.0684	0.0588	0.0096	0.3191	0.1727	0.1464	0.7069	0.0048	88.6795	0.0012	0.0011	0.0150	4.2788	0.0288	99.0954	1.8086	2.9532	0.1111	8.7771	10.1698	0.2625	0.3156	0.4975	0.1012
42	59	0.1083	4	0	0	0	0	0	0	0	0	N	N	N	N	N	N	N	N	N	N	N	N	0.4736	0.3302	0.0082	0.0053	0.0057	0.0076	0.6067	0.3761	0.0101	0.8873	0.9895	0.0077	0.0476	0.0479	0.0074	1.0716	1.2237	0.0078	1.8735	2.9963	0.9474	8.9779	8.4618	0.9832	1.7662	3.2535	0.7648	0.0009	0.2000	-0.2236	-0.0638	17.0025	3.9043	6.0864	0.3762	0.6162	0.6156	0.0006	0.0059	0.0059	0.0000	0.6103	0.6097	0.0006	0.1510	0.1258	0.0252	0.0555	0.0538	0.0017	0.0955	0.0720	0.0235	0.6944	0.6222	0.0723	0.1250	0.1239	0.0011	0.5695	0.4983	0.0712	0.1501	0.0880	0.0621	0.0264	0.0229	0.0035	0.1237	0.0651	0.0586	0.8823	0.6925	0.0191	0.0226	0.0204	0.0153	1.3884	1.1067	0.0194	1.0057	1.4289	0.4054	2.1019	2.3482	0.4859	0.7719	1.1057	0.4006
42	60	0.1083	3	0	0	0	0	0	0	0	0	N	N	N	N	N	N	N	N	N	N	N	N	0.5683	0.4214	0.0000	0.1453	0.1689	0.0000	0.4658	0.2978	0.0000	1.2396	1.3547	0.0000	2.1770	2.1862	0.0000	0.8660	0.9809	0.0000	2.1812	3.2150	2.2778	14.9846	12.9453	3.9368	1.8592	3.2935	1.6314	0.0000	0.2556	-0.1823	-0.0437	17.0025	1.5036	6.0864	0.1987	0.5012	0.5012	0.0000	0.2509	0.2509	0.0000	0.2504	0.2504	0.0000	0.1133	0.0903	0.0231	0.0584	0.0567	0.0017	0.0550	0.0336	0.0214	0.4043	0.3700	0.0343	0.1152	0.1147	0.0005	0.2891	0.2553	0.0339	0.0749	0.0462	0.0287	0.0182	0.0165	0.0017	0.0568	0.0297	0.0270	0.8197	0.6938	0.0000	0.6783	0.6355	0.0000	0.8941	0.8695	0.0000	1.5123	1.9525	0.8035	3.2095	3.4403	0.9712	0.9686	1.1281	0.7930
42	61	0.1022	2	0	0	0	0	0	0	0	0	N	N	N	N	N	N	N	N	N	N	N	N	0.4288	1.1673	0.0000	5.7856	13.9723	0.0000	0.3634	0.9120	0.0000	1.8388	2.4371	0.0000	1.7151	1.7431	0.0000	1.8730	2.7103	0.0000	4.2886	2.0877	20.2484	0.2964	0.1248	6.2113	5.1544	2.9720	19.6942	0.0000	14.3938	-0.3745	0.2774	17.0025	2.7181	6.0864	1.0102	1.0294	1.0294	0.0000	0.2080	0.2080	0.0000	0.8214	0.8214	0.0000	0.8020	0.0521	0.7499	0.0137	0.0077	0.0060	0.7883	0.0444	0.7439	0.5598	0.4224	0.1374	0.1213	0.1193	0.0020	0.4386	0.3031	0.1355	0.2196	0.1412	0.0783	0.0666	0.0617	0.0049	0.1529	0.0795	0.0735	0.5034	6.6059	0.0000	8.3322	13.9723	0.0000	0.3634	4.8514	0.0000	3.6528	0.3689	9.5721	0.2058	0.1248	1.2330	5.1544	0.5587	10.1253
42	63	0.1621	4	1	1	0	1	0	0	0	0	N	N	N	N	N	N	N	N	N	N	N	N	0.0000	0.0000	0.0000	0.0000	0.0000	0.0000	0.0000	0.0000	0.0000	0.0000	0.0000	0.0000	0.0000	0.0000	0.0000	0.0000	0.0000	0.0000	0.0000	0.0000	17.0025	2.0000	6.0864	2.0002	0.0000	0.0000	0.0000	0.0000	0.0000	0.0000	0.0000	0.0000	0.0000	0.0000	0.0000	0.0000	0.0000	0.0000	0.0000	0.0000	0.0000	0.0000	0.2398	0.2088	0.0310	0.0292	0.0265	0.0026	0.2107	0.1823	0.0284	0.1160	0.0645	0.0515	0.0101	0.0086	0.0015	0.1059	0.0559	0.0500	0.0000	0.0000	0.0000	0.0000	0.0000	0.0000	0.0000	0.0000	0.0000	0.0000	0.0000	0.0000	0.0000	0.0000	0.0000	0.0000	0.0000	0.0000											
42	64	0.1778	8	0	1	0	1	0	0	0	0	N	N	N	N	N	N	N	N	N	N	N	N	0.0000	0.0000	0.0000	0.0000	0.0000	0.0000	0.0000	0.0000	0.0000	0.0000	0.0000	0.0000	0.0000	0.0000	0.0000	0.0000	0.0000	0.0000	0.0001	0.0002	0.0000	0.0009	0.0009	0.0010	0.0000	0.0000	0.0000	0.1475	0.0000	-0.0000	17.0025	2.0059	6.0864	4.8036	0.0000	0.0000	0.0000	0.0000	0.0000	0.0000	0.0000	0.0000	0.0000	0.0000	0.0000	0.0000	0.0000	0.0000	0.0000	0.0000	0.0000	0.0000	0.2428	0.2116	0.0312	0.0337	0.0308	0.0029	0.2091	0.1809	0.0282	0.1966	0.1122	0.0844	0.0229	0.0202	0.0026	0.1737	0.0920	0.0817	0.0000	0.0000	0.0000	0.0000	0.0000	0.0000	0.0000	0.0000	0.0000	0.0001	0.0002	0.0000	0.0009	0.0009	0.0010	0.0000	0.0000	0.0000	
42	65	0.1750	6	0	1	0	0	0	0	0	0	N	N	N	N	N	N	N	N	N	N	N	N	0.0000	0.0000	0.0000	0.0000	0.0000	0.0000	0.0000	0.0000	0.0000	0.0000	0.0000	0.0000	0.0000	0.0000	0.0000	0.0000	0.0000	0.0000	0.0029	0.0051	0.0002	0.0207	0.0224	0.0049	0.0000	0.0000	0.0000	0.0246	0.0000	-0.0001	17.0025	0.9804	6.0864	0.2754	0.0000	0.0000	0.0000	0.0000	0.0000	0.0000	0.0000	0.0000	0.0000	0.0001	0.0001	0.0000	0.0001	0.0001	0.0000	0.0000	0.0000	0.0000	0.1250	0.1095	0.0155	0.0180	0.0167	0.0012	0.1071	0.0928	0.0143	0.0416	0.0233	0.0183	0.0059	0.0053	0.0006	0.0357	0.0180	0.0178	0.0000	0.0000	0.0000	0.0000	0.0000	0.0000	0.0000	0.0000	0.0000	0.0029	0.0051	0.0002	0.0207	0.0224	0.0049	0.0000	0.0000	0.0000	
42	66	0.1728	7	0	0	1	1	0	0	0	0	N	N	N	N	N	N	N	N	N	N	N	N	0.0000	0.0000	0.0000	0.0000	0.0000	0.0000	0.0000	0.0000	0.0000	0.0000	0.0000	0.0000	0.0000	0.0000	0.0000	0.0000	0.0000	0.0001	0.0001	0.0000	0.0005	0.0005	0.0006	0.0000	0.0000	0.0000	0.1475	0.0000	-0.0000	17.0025	0.9437	6.0864	4.8091	0.0000	0.0000	0.0000	0.0000	0.0000	0.0000	0.0000	0.0000	0.0000	0.0000	0.0000	0.0000	0.0000	0.0000	0.0000	0.0000	0.0000	0.0000	0.1589	0.1384	0.0205	0.0413	0.0387	0.0026	0.1177	0.0997	0.0179	0.1715	0.0984	0.0732	0.0205	0.0183	0.0022	0.1510	0.0801	0.0709	0.0000	0.0000	0.0000	0.0000	0.0000	0.0000	0.0000	0.0000	0.0000	0.0001	0.0001	0.0000	0.0005	0.0005	0.0006	0.0000	0.0000	0.0000		
42	67	0.1658	6	0	0	1	1	0	0	0	0	N	N	N	N	N	N	N	N	N	N	N	N	0.0000	0.0000	0.0000	0.0000	0.0000	0.0000	0.0000	0.0000	0.0000	0.0000	0.0000	0.0000	0.0000	0.0000	0.0000	0.0000	0.0000	0.0000	0.0001	0.0000	0.0004	0.0004	0.0004	0.0000	0.0000	0.0000	0.1475	0.0000	-0.0000	17.0025	4.0088	6.0864	5.0246	0.0000	0.0000	0.0000	0.0000	0.0000	0.0000	0.0000	0.0000	0.0000	0.0000	0.0000	0.0000	0.0000	0.0000	0.0000	0.0000	0.0000	0.0000	0.4761	0.4148	0.0613	0.0584	0.0532	0.0052	0.4177	0.3616	0.0561	0.2587	0.1449	0.1138	0.0242	0.0209	0.0033	0.2346	0.1240	0.1105	0.0000	0.0000	0.0000	0.0000	0.0000	0.0000	0.0000	0.0000	0.0000	0.0000	0.0001	0.0000	0.0004	0.0004	0.0004	0.0000	0.0000	0.0000		
42	68	0.1778	8	0	0	1	1	0	0	0	0	N	N	N	N	N	N	N	N	N	N	N	N	0.0000	0.0000	0.0000	0.0000	0.0000	0.0000	0.0000	0.0000	0.0000	0.0000	0.0000	0.0000	0.0000	0.0000	0.0000	0.0000	0.0000	0.0000	0.0001	0.0002	0.0000	0.0012	0.0011	0.0013	0.0000	0.0000	0.0000	0.1475	0.0000	-0.0000	17.0025	1.0064	6.0864	4.2000	0.0000	0.0000	0.0000	0.0000	0.0000	0.0000	0.0000	0.0000	0.0000	0.0000	0.0000	0.0000	0.0000	0.0000	0.0000	0.0000	0.0000	0.0000	0.1232	0.1074	0.0158	0.0174	0.0159	0.0015	0.1058	0.0915	0.0143	0.1531	0.0878	0.0653	0.0184	0.0164	0.0020	0.1347	0.0714	0.0633	0.0000	0.0000	0.0000	0.0000	0.0000	0.0000	0.0000	0.0000	0.0000	0.0001	0.0002	0.0000	0.0012	0.0011	0.0013	0.0000	0.0000	0.0000	
42	69	0.1728	7	0	0	0	1	0	0	0	0	N	N	N	N	N	N	N	N	N	N	N	N	0.0000	0.0000	0.0000	0.0000	0.0000	0.0000	0.0000	0.0000	0.0000	0.0000	0.0000	0.0000	0.0000	0.0000	0.0000	0.0000	0.0000	0.0000	0.0006	0.0009	0.0001	0.0015	0.0015	0.0021	0.0004	0.0007	0.0000	0.0448	0.0000	-0.0000	17.0025	1.2889	6.0864	0.3511	0.0000	0.0000	0.0000	0.0000	0.0000	0.0000	0.0000	0.0000	0.0000	0.0000	0.0000	0.0000	0.0000	0.0000	0.0000	0.0000	0.0000	0.0000	0.2002	0.1744	0.0258	0.0465	0.0434	0.0030	0.1537	0.1310	0.0228	0.0557	0.0332	0.0224	0.0089	0.0082	0.0007	0.0468	0.0250	0.0218	0.0000	0.0000	0.0000	0.0000	0.0000	0.0000	0.0000	0.0000	0.0000	0.0006	0.0009	0.0001	0.0015	0.0015	0.0021	0.0004	0.0007	0.0000	
42	70	0.1658	6	0	0	0	1	0	0	0	0	N	N	N	N	N	N	N	N	N	N	N	N	0.0000	0.0000	0.0000	0.0000	0.0000	0.0000	0.0000	0.0000	0.0000	0.0000	0.0000	0.0000	0.0000	0.0000	0.0000	0.0000	0.0000	0.0000	0.0003	0.0006	0.0001	0.0017	0.0017	0.0018	0.0002	0.0003	0.0000	0.0687	0.0000	-0.0000	17.0025	0.7777	6.0864	1.1718	0.0000	0.0000	0.0000	0.0000	0.0000	0.0000	0.0000	0.0000	0.0000	0.0000	0.0000	0.0000	0.0000	0.0000	0.0000	0.0000	0.0000	0.0000	0.0946	0.0824	0.0123	0.0118	0.0108	0.0010	0.0828	0.0716	0.0112	0.0615	0.0351	0.0264	0.0072	0.0065	0.0007	0.0543	0.0286	0.0256	0.0000	0.0000	0.0000	0.0000	0.0000	0.0000	0.0000	0.0000	0.0000	0.0003	0.0006	0.0001	0.0017	0.0017	0.0018	0.0002	0.0003	0.0000	
42	71	0.1621	5	0	0	0	1	0	0	0	0	N	N	N	N	N	N	N	N	N	N	N	N	0.0000	0.0000	0.0000	0.0000	0.0000	0.0000	0.0000	0.0000	0.0000	0.0000	0.0000	0.0000	0.0000	0.0000	0.0000	0.0004	0.0006	0.0000	0.0005	0.0006	0.0000	0.0003	0.0006	0.0000	0.0000	0.0000	-0.0000	17.0025	0.9929	6.0864	0.0325	0.0000	0.0000	0.0000	0.0000	0.0000	0.0000	0.0000	0.0000	0.0000	0.0000	0.0000	0.0000	0.0000	0.0000	0.0000	0.0000	0.0000	0.0000	0.1198	0.1042	0.0155	0.0146	0.0132	0.0013	0.1052	0.0910	0.0142	0.0303	0.0169	0.0134	0.0027	0.0023	0.0004	0.0276	0.0146	0.0130	0.0000	0.0000	0.0000	0.0000	0.0000	0.0000	0.0000	0.0000	0.0000	0.0004	0.0006	0.0000	0.0005	0.0006	0.0000	0.0003	0.0006	0.0000				
42	72	0.2072	4	1	1	0	0	0	0	0	0	N	N	N	N	N	N	N	N	N	N	N	N	0.0000	0.0000	0.0000	0.0000	0.0000	0.0000	0.0000	0.0000	0.0000	0.0000	0.0000	0.0000	0.0000	0.0000	0.0000	0.0000	0.0000	0.0000	0.0000	0.0000	17.0025	0.0000	6.0864	0.0001	0.0000	0.0000	0.0000	0.0000	0.0000	0.0000	0.0000	0.0000	0.0000	0.0000	0.0000	0.0000	0.0000	0.0000	0.0000	0.0000	0.0000	0.0000	0.0000	0.0000	0.0000	0.0000	0.0000	0.0000	0.0000	0.0000	0.0000	0.0000	0.0000	0.0000	0.0000	0.0000	0.0000	0.0000	0.0000	0.0000	0.0000	0.0000	0.0000	0.0000	0.0000	0.0000	0.0000	0.0000	0.0000	0.0000	0.0000	0.0000	0.0000	0.0000	0.0000	0.0000	0.0000	0.0000											
42	73	0.1439	3	1	1	0	0	0	0	0	0	N	N	N	N	N	N	N	N	N	N	N	N	1093.1198	12.5905	30743.1691	9.9502	10.9627	0.0000	3831.6393	17.6138	151633.0396	0.8698	0.0158	6.7007	0.0721	0.0791	0.0000	0.9681	0.0077	7.2574	0.0008	0.0013	0.0002	0.0072	0.0072	0.0074	0.0003	0.0004	0.0000	61.9604	0.1386	0.6300	-0.0002	17.0025	9.9619	6.0864	7.0378	1.0155	0.0161	0.9994	0.0092	0.0092	0.0000	1.0063	0.0069	0.9994	0.0004	0.0003	0.0000	0.0003	0.0002	0.0000	0.0001	0.0001	0.0000	1.1675	1.0184	0.1492	0.1280	0.1166	0.0114	1.0395	0.9018	0.1377	0.4696	0.2609	0.2087	0.0365	0.0317	0.0048	0.4331	0.2292	0.2039	1093.1198	12.5905	30743.1691	9.9502	10.9627	0.0000	3831.6393	17.6138	151633.0396	0.0008	0.0013	0.0002	0.0072	0.0072	0.0074	0.0003	0.0004	0.0000
42	74	0.1558	3	0	1	0	0	0	0	0	0	N	N	N	N	N	N	N	N	N	N	N	N	7.1779	5.1872	0.2009	4.9623	5.4874	0.0000	0.0512	0.0000	1.7936	0.0102	0.0116	0.0001	0.0565	0.0606	0.0000	0.0000	0.0000	0.0001	0.0014	0.0022	0.0004	0.0114	0.0110	0.0143	0.0002	0.0004	0.0001	0.0010	0.1445	-0.0037	-0.0002	17.0025	7.0442	6.0864	2.0273	0.0102	0.0102	0.0000	0.0102	0.0102	0.0000	0.0000	0.0000	0.0000	0.0004	0.0003	0.0000	0.0003	0.0003	0.0000	0.0001	0.0000	0.0000	1.0002	0.8768	0.1235	0.1807	0.1684	0.0123	0.8195	0.7084	0.1112	0.2607	0.1444	0.1163	0.0277	0.0248	0.0029	0.2330	0.1196	0.1134	7.1779	5.1872	0.2009	4.9623	5.4874	0.0000	0.0512	0.0000	1.7936	0.0014	0.0022	0.0004	0.0114	0.0110	0.0143	0.0002	0.0004	0.0001
42	75	0.1319	2	0	1	0	0	0	0	0	0	N	N	N	N	N	N	N	N	N	N	N	N	2.1240	0.9786	17.6552	2.2362	2.2421	0.0644	1.5955	0.0377	26.4601	0.0369	0.0355	0.0468	0.1143	0.1196	0.0022	0.0227	0.0185	0.0495	0.0174	0.0363	0.0026	0.0511	0.0533	0.0349	0.0142	0.4906	0.0019	0.1825	0.0721	-0.0049	-0.0020	17.0025	4.3369	6.0864	3.0972	0.0234	0.0198	0.0036	0.0112	0.0112	0.0000	0.0122	0.0086	0.0036	0.0039	0.0036	0.0003	0.0010	0.0009	0.0001	0.0029	0.0027	0.0002	0.6343	0.5571	0.0772	0.0983	0.0938	0.0045	0.5361	0.4634	0.0727	0.2219	0.1241	0.0978	0.0189	0.0166	0.0023	0.2030	0.1075	0.0955	2.1240	1.2259	17.6552	2.2362	2.2421	0.0644	1.5955	0.7334	26.4601	0.0174	0.0290	0.0026	0.0511	0.0533	0.0349	0.0142	0.0252	0.0019
42	76	0.2191	7	1	1	0	0	0	0	0	0	N	N	N	N	N	N	N	N	N	N	N	N	11239.2434	8319.4663	0.0000	9046.7347	9804.4072	0.0000	138.4016	1075.5625	0.0000	3.1246	3.5628	0.0000	21.5894	23.4536	0.0000	0.0000	0.0000	0.0000	0.0003	0.0004	0.0001	0.0024	0.0024	0.0023	0.0000	0.0000	0.0000	0.0000	0.1475	-0.3636	-0.0000	17.0025	1.9992	6.0864	0.0055	0.9996	0.9996	0.0000	0.9996	0.9996	0.0000	0.0000	0.0000	0.0000	0.0000	0.0000	0.0000	0.0000	0.0000	0.0000	0.0000	0.0000	0.0000	0.3199	0.2806	0.0393	0.0463	0.0426	0.0037	0.2736	0.2379	0.0357	0.0771	0.0436	0.0335	0.0090	0.0078	0.0012	0.0682	0.0358	0.0323	11239.2434	8319.4663	0.0000	9046.7347	9804.4072	0.0000	138.4016	1075.5625	0.0000	0.0003	0.0004	0.0001	0.0024	0.0024	0.0023	0.0000	0.0000	0.0000
42	77	0.1750	6	1	1	0	0	0	0	0	0	N	N	N	N	N	N	N	N	N	N	N	N	3.7541	2.5619	0.0000	5.3669	5.6937	0.0000	0.0000	0.0000	0.0000	0.0008	0.0009	0.0000	0.0062	0.0067	0.0000	0.0000	0.0000	0.0000	0.0002	0.0004	0.0000	0.0012	0.0012	0.0010	0.0001	0.0002	0.0000	0.0000	0.0687	-0.0002	-0.0000	17.0025	5.0219	6.0864	2.0148	0.0005	0.0005	0.0000	0.0005	0.0005	0.0000	0.0000	0.0000	0.0000	0.0000	0.0000	0.0000	0.0000	0.0000	0.0000	0.0000	0.0000	0.0000	0.5990	0.5230	0.0760	0.0759	0.0698	0.0061	0.5231	0.4531	0.0700	0.2052	0.1144	0.0908	0.0210	0.0181	0.0028	0.1842	0.0963	0.0880	3.7541	2.5619	0.0000	5.3669	5.6937	0.0000	0.0000	0.0000	0.0000	0.0002	0.0004	0.0000	0.0012	0.0012	0.0010	0.0001	0.0002	0.0000
42	78	0.1621	5	0	1	0	0	0	0	0	0	N	N	N	N	N	N	N	N	N	N	N	N	0.0000	0.0000	0.0000	0.0000	0.0000	0.0000	0.0000	0.0000	0.0000	0.0000	0.0000	0.0000	0.0000	0.0000	0.0000	0.0000	0.0000	0.0011	0.0010	0.0012	0.0003	0.0004	0.0000	0.0012	0.0011	0.0013	0.9739	-0.0000	-0.0000	17.0025	1.0203	6.0864	2.7327	0.0000	0.0000	0.0000	0.0000	0.0000	0.0000	0.0000	0.0000	0.0000	0.0001	0.0001	0.0001	0.0000	0.0000	0.0000	0.0001	0.0001	0.0001	0.1230	0.1071	0.0159	0.0150	0.0136	0.0014	0.1081	0.0935	0.0146	0.1090	0.0606	0.0484	0.0095	0.0081	0.0014	0.0995	0.0525	0.0470	0.0000	0.0000	0.0000	0.0000	0.0000	0.0000	0.0000	0.0000	0.0000	0.0011	0.0010	0.0012	0.0003	0.0004	0.0000	0.0012	0.0011	0.0013		
42	79	0.1621	4	0	0	0	0	0	0	0	0	N	N	N	N	N	N	N	N	N	N	N	N	0.0000	0.0000	0.0000	0.0000	0.0000	0.0000	0.0000	0.0000	0.0000	0.0000	0.0000	0.0000	0.0000	0.0000	0.0000	0.0000	0.0000	0.0000	0.0000	0.0000	17.0025	0.0000	6.0864	0.0018	0.0000	0.0000	0.0000	0.0000	0.0000	0.0000	0.0000	0.0000	0.0000	0.0000	0.0000	0.0000	0.0000	0.0000	0.0000	0.0000	0.0000	0.0000	0.0000	0.0000	0.0000	0.0000	0.0000	0.0000	0.0000	0.0000	0.0000	0.0002	0.0001	0.0000	0.0001	0.0001	0.0000	0.0001	0.0001	0.0000	0.0000	0.0000	0.0000	0.0000	0.0000	0.0000	0.0000	0.0000	0.0000	0.0000	0.0000	0.0000	0.0000	0.0000	0.0000	0.0000	0.0000	0.0000											
42	80	0.1439	3	0	0	0	0	0	0	0	0	N	N	N	N	N	N	N	N	N	N	N	N	1046.1127	760.8016	0.8997	0.6935	0.7645	0.0000	3721.1815	2113.0018	4.4319	2.5773	2.9519	0.0006	0.0142	0.0155	0.0000	2.9336	3.3859	0.0007	0.0025	0.0039	0.0007	0.0205	0.0202	0.0228	0.0008	0.0016	0.0001	0.0000	0.1386	-0.3632	-0.0002	17.0025	3.0825	6.0864	2.0124	0.9984	0.9984	0.0000	0.0007	0.0007	0.0000	0.9978	0.9977	0.0000	0.0004	0.0003	0.0000	0.0003	0.0002	0.0000	0.0001	0.0001	0.0000	0.3874	0.3382	0.0492	0.0473	0.0436	0.0037	0.3401	0.2947	0.0455	0.1517	0.0846	0.0671	0.0129	0.0113	0.0016	0.1388	0.0733	0.0655	1046.1127	760.8016	0.8997	0.6935	0.7645	0.0000	3721.1815	2489.5487	4.4319	0.0025	0.0039	0.0007	0.0205	0.0202	0.0228	0.0008	0.0014	0.0001
42	81	0.1319	2	0	0	0	0	0	0	0	0	N	N	N	N	N	N	N	N	N	N	N	N	54.0225	16.6000	5.8395	0.7895	0.8013	0.0364	84.4786	2.4780	9.4465	1.8069	2.0502	0.0285	0.0732	0.0762	0.0027	2.1520	2.4859	0.0301	0.0334	0.1235	0.0049	0.0927	0.0951	0.0732	0.0255	1.0032	0.0032	0.0019	0.0717	-0.3644	-0.0019	17.0025	3.6751	6.0864	0.0788	1.0071	1.0051	0.0019	0.0068	0.0068	0.0000	1.0003	0.9984	0.0019	0.0037	0.0035	0.0002	0.0010	0.0009	0.0001	0.0027	0.0025	0.0002	0.5573	0.4903	0.0670	0.0925	0.0887	0.0038	0.4648	0.4016	0.0632	0.1166	0.0657	0.0509	0.0110	0.0098	0.0012	0.1056	0.0559	0.0497	56.7531	38.8778	5.8395	0.7895	0.8013	0.0364	84.4786	54.8885	9.4465	0.0318	0.0527	0.0049	0.0927	0.0951	0.0732	0.0255	0.0453	0.0032
44	45	0.1064	2	0	2	0	0	0	0	0	0	N	Y	N	N	N	N	N	N	N	N	N	N	2739.6443	2328.6654	1569.2326	0.1933	0.0000	2299.4323	8972.9468	3885576.5944	1540.5317	1.0451	1.1447	0.3822	0.0005	0.0000	0.0133	1.0894	1.1988	0.3865	0.0004	0.0005	0.0002	0.0025	0.0029	0.0000	0.0001	0.0000	0.0003	0.0502	0.3958	-0.3318	-0.0001	6.9958	20.1318	11.8523	17.5118	1.0502	1.0000	0.0502	0.0000	0.0000	0.0000	1.0502	1.0000	0.0502	0.0003	0.0002	0.0001	0.0002	0.0002	0.0000	0.0001	0.0000	0.0001	1.0049	0.8736	0.1313	0.0409	0.0395	0.0015	0.9640	0.8341	0.1298	0.8212	0.4566	0.3647	0.0892	0.0783	0.0109	0.7320	0.3782	0.3538	2739.6443	2328.6654	1569.2326	0.1933	0.0000	2299.4323	8972.9468	3885576.5944	1540.5317	0.0004	0.0005	0.0002	0.0025	0.0029	0.0000	0.0001	0.0000	0.0003
44	46	0.1298	6	0	2	0	0	0	0	0	0	N	Y	N	N	N	N	N	N	N	N	N	N	0.0000	0.0000	0.0000	0.0000	0.0000	0.0000	0.0000	0.0000	0.0000	0.0000	0.0000	0.0000	0.0000	0.0001	0.0000	0.0002	0.0003	0.0000	0.0013	0.0000	0.0000	0.0000	inf	0.0000	0.0000	6.9958	15.0410	11.8523	10.9147	0.0000	0.0000	0.0000	0.0000	0.0000	0.0000	0.0000	0.0000	0.0000	0.0001	0.0000	0.0001	0.0001	0.0000	0.0001	0.0000	0.0000	0.0000	0.8348	0.7304	0.1044	0.1234	0.1171	0.0063	0.7114	0.6132	0.0982	0.7740	0.4895	0.2845	0.2589	0.2030	0.0559	0.5151	0.2865	0.2286	0.0000	0.0000	0.0000	0.0000	0.0000	0.0000	0.0000	0.0000	0.0000	0.0001	0.0000	0.0002	0.0003	0.0000	0.0013	0.0000	0.0000	0.0000						
44	47	0.1315	5	1	1	1	0	0	0	0	0	N	N	N	N	N	N	N	N	N	N	N	N	1.0383	0.3069	inf	0.2235	0.2357	inf	inf	inf	2.9162	1.6613	11.9167	12.0472	12.5492	0.0210	1.6589	0.0000	12.4077	2.8087	5.4136	0.0000	53.8932	53.2365	0.0000	0.0000	0.0000	0.0000	1.0001	0.0000	0.2725	-0.5882	6.9958	12.7633	11.8523	6.3722	1.9998	0.9999	1.0000	0.9999	0.9999	0.0001	0.9999	0.0000	0.9999	0.9984	0.9984	0.0000	0.9984	0.9984	0.0000	0.0000	0.0000	0.0000	0.6858	0.6018	0.0839	0.0830	0.0797	0.0033	0.6028	0.5222	0.0806	0.4772	0.2738	0.2033	0.0747	0.0635	0.0112	0.4025	0.2103	0.1922	1.3937	0.4556	inf	0.9013	0.7986	inf	inf	0.0000	inf	2.0924	3.6463	0.0000	13.3668	15.7136	0.0000	0.0000	0.0000	0.0000	
44	48	0.1264	4	0	1	0	0	0	0	0	0	N	N	N	N	N	N	N	N	N	N	N	N	0.0807	0.0400	0.2449	0.0352	0.0344	0.2569	60510.4608	0.2419	0.0067	0.0067	0.0070	0.0150	0.0151	0.0000	0.0037	0.0033	0.0073	0.0832	0.1669	0.0288	0.4252	0.4390	0.0000	0.0146	0.0000	0.0301	0.1000	0.3801	-0.0001	-0.0009	6.9958	0.3513	11.8523	1.9759	0.0002	0.0002	0.0000	0.0001	0.0001	0.0000	0.0001	0.0001	0.0000	0.0028	0.0021	0.0008	0.0021	0.0021	0.0000	0.0008	0.0000	0.0008	0.0328	0.0299	0.0028	0.0087	0.0086	0.0001	0.0241	0.0213	0.0027	0.0618	0.0347	0.0271	0.0082	0.0070	0.0012	0.0535	0.0276	0.0259	0.1466	0.1131	0.2449	0.0601	0.0519	0.0000	0.2569	60510.4608	0.2419	0.0458	0.0591	0.0288	0.2487	0.2912	0.0000	0.0146	0.0000	0.0301	
44	49	0.1261	3	0	1	0	0	0	0	0	0	N	N	N	N	N	N	N	N	N	N	N	N	0.0000	0.0000	0.0000	0.0000	0.0000	0.0000	0.0000	0.0000	0.0000	0.0000	0.0000	0.0000	0.0000	0.0000	0.0000	0.0000	0.7226	0.6727	0.1256	1.2785	1.2438	0.0000	0.1510	0.0000	0.1315	0.9677	0.0000	-0.0001	6.9958	0.1669	11.8523	0.0350	0.0000	0.0000	0.0000	0.0000	0.0000	0.0000	0.0000	0.0000	0.0000	0.0006	0.0003	0.0003	0.0003	0.0003	0.0000	0.0003	0.0000	0.0003	0.0094	0.0082	0.0012	0.0011	0.0010	0.0000	0.0084	0.0072	0.0012	0.0054	0.0030	0.0024	0.0007	0.0006	0.0001	0.0047	0.0024	0.0023	0.0000	0.0000	0.0000	0.0000	0.0000	0.0000	0.0000	0.0000	0.0000	0.1125	0.1022	0.1256	0.4279	0.5024	0.0000	0.0639	0.0000	0.1315			
44	50	0.1261	2	0	1	0	0	0	0	0	0	N	N	N	N	N	N	N	N	N	N	N	N	0.0000	0.0000	0.0000	0.0000	0.0000	0.0000	0.0000	0.0000	0.0000	0.0000	0.0000	0.0000	0.0000	0.0000	0.0000	0.0000	4.3551	4.8021	9.8588	31.5618	31.8765	0.0000	2.9861	0.0000	9.3912	1.0000	0.0000	-0.0001	6.9958	0.0010	11.8523	0.0028	0.0000	0.0000	0.0000	0.0000	0.0000	0.0000	0.0000	0.0000	0.0000	0.0006	0.0003	0.0003	0.0003	0.0003	0.0000	0.0003	0.0000	0.0003	0.0002	0.0001	0.0000	0.0001	0.0001	0.0000	0.0001	0.0001	0.0000	0.0002	0.0001	0.0001	0.0000	0.0000	0.0000	0.0001	0.0001	0.0001	0.0000	0.0000	0.0000	0.0000	0.0000	0.0000	0.0000	0.0000	0.0000	3.7015	3.2010	4.3874	6.6973	7.1778	0.0000	2.5575	0.0000	4.5887			
44	51	0.0875	2	0	2	0	1	0	0	0	0	N	Y	N	N	N	N	N	N	N	N	N	N	0.0188	0.0003	1.3923	0.0214	0.0242	0.0000	0.0216	0.0000	1.3790	0.0413	0.0013	0.1653	0.0050	0.0051	0.0000	0.0500	0.0000	0.1676	2.1934	3.8790	0.1187	0.2344	0.2110	0.0662	2.3172	4.6527	0.1215	41.5716	0.0337	0.0151	-0.4861	6.9958	7.3891	11.8523	13.2142	0.0247	0.0006	0.0241	0.0006	0.0006	0.0000	0.0241	0.0000	0.0241	0.8735	0.8450	0.0284	0.0171	0.0163	0.0008	0.8564	0.8287	0.0276	0.5976	0.4518	0.1459	0.1158	0.1138	0.0020	0.4818	0.3379	0.1439	0.5720	0.3325	0.2395	0.0938	0.0816	0.0122	0.4782	0.2509	0.2273	0.0271	0.0005	1.3923	0.0275	0.0255	0.0000	0.0279	0.0000	1.3790	1.5269	2.5413	0.1187	0.1822	0.1996	0.0662	1.7908	3.3033	0.1215
44	52	0.0936	3	0	2	0	0	0	0	0	0	N	Y	N	N	N	N	N	N	N	N	N	N	0.7560	306.9291	0.0000	459.2323	500.4003	0.0000	0.0000	0.0000	0.0000	1.8345	2.0931	0.0000	18.0134	18.3511	0.0000	0.0000	0.0000	0.0000	2.4265	0.0068	9.0523	0.0392	0.0367	0.0507	2.4358	0.0000	8.4547	0.0000	440.1829	-0.4838	0.4094	6.9958	12.1779	11.8523	13.0455	1.3299	1.3299	0.0000	1.3299	1.3299	0.0000	0.0000	0.0000	0.0000	1.0020	0.0023	0.9998	0.0030	0.0023	0.0007	0.9991	0.0000	0.9991	0.7249	0.6354	0.0896	0.0738	0.0725	0.0014	0.6511	0.5629	0.0882	0.5880	0.3331	0.2550	0.0757	0.0619	0.0138	0.5123	0.2712	0.2412	1.0766	306.9291	0.0000	459.2323	500.4003	0.0000	0.0000	0.0000	0.0000	1.7040	0.0068	3.9209	0.0392	0.0367	0.0507	1.9500	0.0000	4.1427
44	53	0.1335	3	0	2	0	0	0	0	0	0	N	Y	N	N	N	N	N	N	N	N	N	N	0.0000	0.0000	0.0000	0.0000	0.0000	0.0000	0.0000	0.0000	0.0000	0.0000	0.0000	0.0000	0.0000	0.0000	0.0000	0.0000	0.0000	0.0000	0.0000	0.0000	6.9958	3.0001	11.8523	3.0003	0.0000	0.0000	0.0000	0.0000	0.0000	0.0000	0.0000	0.0000	0.0000	0.0000	0.0000	0.0000	0.0000	0.0000	0.0000	0.0000	0.0000	0.0000	0.1680	0.1467	0.0213	0.0203	0.0193	0.0010	0.1477	0.1274	0.0203	0.1542	0.0863	0.0679	0.0197	0.0167	0.0030	0.1344	0.0696	0.0649	0.0000	0.0000	0.0000	0.0000	0.0000	0.0000	0.0000	0.0000	0.0000	0.0000	0.0000	0.0000	0.0000	0.0000	0.0000	0.0000	0.0000	0.0000											
44	54	0.1261	2	0	1	0	0	0	0	0	0	N	N	N	N	N	N	N	N	N	N	N	N	0.0000	0.0000	0.0000	0.0000	0.0000	0.0000	0.0000	0.0000	0.0000	0.0000	0.0000	0.0000	0.0000	0.0038	0.0000	0.0087	0.0000	0.0000	0.0000	0.0044	0.0000	0.0091	inf	0.0000	0.0001	6.9958	1.9998	11.8523	1.0017	0.0000	0.0000	0.0000	0.0000	0.0000	0.0000	0.0000	0.0000	0.0000	0.0003	0.0000	0.0003	0.0000	0.0000	0.0000	0.0003	0.0000	0.0003	0.1114	0.0972	0.0142	0.0123	0.0118	0.0005	0.0991	0.0854	0.0137	0.0785	0.0439	0.0346	0.0101	0.0086	0.0015	0.0684	0.0353	0.0331	0.0000	0.0000	0.0000	0.0000	0.0000	0.0000	0.0000	0.0000	0.0000	0.0038	0.0000	0.0087	0.0000	0.0000	0.0000	0.0044	0.0000	0.0091						
44	56	0.1513	7	0	2	0	0	0	0	0	0	N	Y	N	N	N	N	N	N	N	N	N	N	0.0000	0.0000	0.0000	0.0000	0.0000	0.0000	0.0000	0.0000	0.0000	0.0000	0.0000	0.0000	0.0000	0.0000	0.0000	0.0000	0.0000	0.0000	0.0302	0.0019	0.0790	0.0204	0.0043	0.1004	0.0391	0.0000	0.0751	23.4787	0.0000	0.0045	6.9958	5.0156	11.8523	9.5596	0.0000	0.0000	0.0000	0.0000	0.0000	0.0000	0.0000	0.0000	0.0000	0.0120	0.0005	0.0115	0.0028	0.0005	0.0023	0.0093	0.0000	0.0093	0.2728	0.2389	0.0339	0.0403	0.0383	0.0020	0.2325	0.2006	0.0319	0.4036	0.2574	0.1462	0.1357	0.1131	0.0226	0.2679	0.1443	0.1236	0.0000	0.0000	0.0000	0.0000	0.0000	0.0000	0.0000	0.0000	0.0000	0.0298	0.0019	0.0790	0.0204	0.0043	0.1004	0.0346	0.0000	0.0751	
44	57	0.1298	6	0	2	0	0	0	0	0	0	N	Y	N	N	N	N	N	N	N	N	N	N	0.0007	0.0339	0.0000	0.0304	0.1157	0.0000	0.0000	0.0000	0.0000	0.0012	0.0014	0.0000	0.0054	0.0057	0.0000	0.0000	0.0000	0.0000	1.8357	0.0404	6.5178	0.1777	0.0493	1.0735	2.0715	0.0276	7.2753	0.0000	45.3248	-0.0002	0.1766	6.9958	5.2776	11.8523	4.9316	0.0004	0.0004	0.0000	0.0004	0.0004	0.0000	0.0000	0.0000	0.0000	0.4537	0.0098	0.4439	0.0347	0.0085	0.0262	0.4190	0.0013	0.4177	0.3676	0.3215	0.0461	0.0814	0.0772	0.0043	0.2862	0.2444	0.0418	0.4918	0.3312	0.1606	0.2195	0.1720	0.0475	0.2724	0.1592	0.1131	0.0013	0.0463	0.0000	0.0342	0.1157	0.0000	0.0000	0.0000	0.0000	0.9225	0.0296	2.7637	0.1581	0.0493	0.5522	1.5385	0.0083	3.6918
44	58	0.1019	5	0	1	0	0	0	0	0	0	N	N	N	N	N	N	N	N	N	N	N	N	0.0016	0.0019	0.0017	0.0141	0.0130	0.0000	0.0016	0.0012	0.0018	0.0040	0.0023	0.0154	0.0017	0.0017	0.0000	0.0041	0.0023	0.0156	2.5103	1.1784	9.2726	0.1193	0.1336	0.0281	2.5859	1.8713	8.7079	1.0145	15.8580	0.0002	0.2034	6.9958	6.4383	11.8523	5.2340	0.0014	0.0007	0.0007	0.0000	0.0000	0.0000	0.0013	0.0006	0.0007	0.5785	0.0343	0.5442	0.0071	0.0069	0.0002	0.5714	0.0274	0.5440	0.3505	0.3049	0.0456	0.0238	0.0230	0.0008	0.3267	0.2819	0.0448	0.3283	0.1973	0.1310	0.0599	0.0517	0.0082	0.2684	0.1456	0.1228	0.0023	0.0130	0.0037	0.0141	0.0130	0.0000	0.0019	0.0122	0.0035	1.7622	0.1739	4.1547	0.1193	0.1336	0.0281	2.1289	0.1882	4.4287
44	59	0.0936	4	0	1	0	0	0	0	0	0	N	N	N	N	N	N	N	N	N	N	N	N	1.7280	10.0844	1.0648	0.1130	0.1052	0.0000	2.0199	9.5484	1.2391	1.5337	1.6651	0.4923	0.0170	0.0172	0.0000	1.8956	2.1163	0.5004	0.8875	0.1651	0.4624	0.1504	0.1630	0.0034	0.9385	0.2216	0.4039	0.0373	3.0973	-0.1579	0.0030	6.9958	3.9043	11.8523	0.3762	0.4818	0.4645	0.0173	0.0010	0.0010	0.0000	0.4808	0.4635	0.0173	0.0178	0.0044	0.0135	0.0034	0.0033	0.0000	0.0145	0.0010	0.0135	0.3142	0.2790	0.0352	0.0605	0.0600	0.0006	0.2537	0.2190	0.0346	0.1279	0.0755	0.0525	0.0235	0.0205	0.0030	0.1044	0.0549	0.0495	11.0034	28.8776	1.9160	0.1191	0.1052	0.0000	13.6724	115.5027	1.8377	0.1394	0.0577	0.2570	0.1427	0.1630	0.0034	0.1386	0.0183	0.2723
44	60	0.0936	3	0	1	0	0	0	0	0	0	N	N	N	N	N	N	N	N	N	N	N	N	4.7860	3.1471	32.7672	9.6910	11.4403	0.0000	13.1794	2.0754	31.8112	2.9624	3.1819	0.9455	3.2804	3.2988	0.0000	2.8292	3.1255	0.9616	0.6190	1.0111	0.0289	0.3385	0.2884	0.0076	0.2147	1.5060	0.0302	0.0323	0.1151	-0.1813	-0.0033	6.9958	1.5036	11.8523	0.1987	0.5454	0.5284	0.0171	0.1782	0.1782	0.0000	0.3672	0.3501	0.0171	0.0069	0.0062	0.0007	0.0034	0.0034	0.0000	0.0034	0.0027	0.0007	0.1841	0.1661	0.0181	0.0543	0.0540	0.0003	0.1298	0.1120	0.0178	0.0644	0.0398	0.0245	0.0162	0.0147	0.0015	0.0482	0.0251	0.0231	27.8049	20.6064	32.7672	15.4406	14.1464	0.0000	39.8862	28.8629	31.8112	0.1065	0.1544	0.0289	0.2125	0.2332	0.0076	0.0709	0.1083	0.0302
44	61	0.0875	2	0	1	0	0	0	0	0	0	N	N	N	N	N	N	N	N	N	N	N	N	0.7664	0.7579	0.2089	0.0757	0.1035	0.0000	1.1305	2.7298	0.2384	1.0759	1.4914	0.2036	0.1544	0.1571	0.0000	1.4934	2.5932	0.2071	1.4039	1.9677	0.9749	2.0392	1.5179	0.1886	1.3210	0.9500	0.8688	0.0650	0.7994	-0.1175	-0.0095	6.9958	2.7181	11.8523	1.0102	0.3881	0.3644	0.0237	0.0174	0.0174	0.0000	0.3708	0.3471	0.0237	0.0653	0.0363	0.0290	0.0345	0.0337	0.0008	0.0309	0.0027	0.0282	0.3608	0.2444	0.1164	0.1125	0.1105	0.0020	0.2483	0.1338	0.1144	0.1942	0.1246	0.0696	0.0616	0.0571	0.0045	0.1326	0.0676	0.0650	3.1971	5.1180	0.4879	0.2758	0.2664	0.0000	6.4123	65.7685	0.4773	0.3365	0.2914	0.4173	0.5596	0.5897	0.1797	0.2329	0.0394	0.4339
44	63	0.1474	4	1	2	0	1	0	0	0	0	N	Y	N	N	N	N	N	N	N	N	N	N	0.0000	0.0000	0.0000	0.0000	0.0000	0.0000	0.0000	0.0000	0.0000	0.0000	0.0000	0.0000	0.0000	0.0000	0.0000	0.0000	0.0000	0.0000	0.0000	0.0000	6.9958	2.0000	11.8523	2.0002	0.0000	0.0000	0.0000	0.0000	0.0000	0.0000	0.0000	0.0000	0.0000	0.0000	0.0000	0.0000	0.0000	0.0000	0.0000	0.0000	0.0000	0.0000	0.1071	0.0929	0.0141	0.0154	0.0139	0.0016	0.0916	0.0791	0.0126	0.0984	0.0553	0.0431	0.0093	0.0081	0.0013	0.0891	0.0472	0.0419	0.0000	0.0000	0.0000	0.0000	0.0000	0.0000	0.0000	0.0000	0.0000	0.0000	0.0000	0.0000	0.0000	0.0000	0.0000	0.0000	0.0000	0.0000											
44	64	0.1631	8	0	2	0	1	0	0	0	0	N	Y	N	N	N	N	N	N	N	N	N	N	0.0000	0.0000	0.0000	0.0000	0.0000	0.0000	0.0000	0.0000	0.0000	0.0000	0.0000	0.0000	0.0000	0.0000	0.0000	0.0011	0.0018	0.0000	0.0087	0.0097	0.0000	0.0000	0.0000	0.0000	0.0000	0.0000	-0.0001	6.9958	2.0059	11.8523	4.8036	0.0000	0.0000	0.0000	0.0000	0.0000	0.0000	0.0000	0.0000	0.0000	0.0002	0.0002	0.0000	0.0002	0.0002	0.0000	0.0000	0.0000	0.0000	0.1083	0.0941	0.0142	0.0174	0.0157	0.0017	0.0910	0.0785	0.0125	0.1666	0.0960	0.0706	0.0205	0.0182	0.0022	0.1462	0.0778	0.0684	0.0000	0.0000	0.0000	0.0000	0.0000	0.0000	0.0000	0.0000	0.0000	0.0011	0.0018	0.0000	0.0087	0.0097	0.0000	0.0000	0.0000	0.0000				
44	65	0.1603	6	0	2	0	0	0	0	0	0	N	Y	N	N	N	N	N	N	N	N	N	N	0.0000	0.0037	0.0000	0.0080	0.0079	0.0000	0.0000	0.0000	0.0002	0.0002	0.0000	0.0011	0.0012	0.0000	0.0000	0.0000	0.0000	7.8786	0.0551	34.8864	0.1362	0.1493	0.0000	8.6477	0.0000	36.4536	0.0000	372.4396	-0.0000	0.1063	6.9958	0.9804	11.8523	0.2754	0.0000	0.0000	0.0000	0.0000	0.0000	0.0000	0.0000	0.0000	0.0000	0.2603	0.0007	0.2596	0.0007	0.0007	0.0000	0.2596	0.0000	0.2596	0.0558	0.0487	0.0071	0.0092	0.0084	0.0007	0.0466	0.0403	0.0063	0.0352	0.0199	0.0153	0.0051	0.0047	0.0005	0.0300	0.0152	0.0148	0.0000	0.0058	0.0000	0.0080	0.0079	0.0000	0.0000	0.0000	0.0000	7.4031	0.0351	16.9566	0.1356	0.1493	0.0000	8.6477	0.0000	17.4983	
44	66	0.1582	7	0	1	1	1	0	0	0	0	N	N	N	N	N	N	N	N	N	N	N	N	0.0000	0.0000	0.0000	0.0000	0.0000	0.0000	0.0000	0.0000	0.0000	0.0000	0.0000	0.0000	0.0000	0.0000	0.0000	0.0000	0.0000	7.0842	0.0001	34.3246	0.0005	0.0005	0.0000	7.8595	0.0000	34.0380	115633.1453	0.0000	0.4101	6.9958	0.9437	11.8523	4.8091	0.0000	0.0000	0.0000	0.0000	0.0000	0.0000	0.0000	0.0000	0.0000	0.9982	0.0000	0.9982	0.0000	0.0000	0.0000	0.9982	0.0000	0.9982	0.0700	0.0608	0.0092	0.0190	0.0177	0.0013	0.0510	0.0431	0.0079	0.1453	0.0841	0.0612	0.0183	0.0164	0.0019	0.1270	0.0676	0.0594	0.0000	0.0000	0.0000	0.0000	0.0000	0.0000	0.0000	0.0000	0.0000	6.8685	0.0001	16.2978	0.0005	0.0005	0.0000	7.8595	0.0000	16.8166		
44	67	0.1511	6	0	1	1	1	0	0	0	0	N	N	N	N	N	N	N	N	N	N	N	N	0.0000	0.0000	0.0000	0.0000	0.0000	0.0000	0.0000	0.0000	0.0000	0.0000	0.0000	0.0000	0.0000	0.0000	0.0000	0.0002	0.0003	0.0000	0.0018	0.0020	0.0000	0.0000	0.0000	0.0000	0.0000	0.0000	-0.0000	6.9958	4.0088	11.8523	5.0246	0.0000	0.0000	0.0000	0.0000	0.0000	0.0000	0.0000	0.0000	0.0000	0.0000	0.0000	0.0000	0.0000	0.0000	0.0000	0.0000	0.0000	0.0000	0.2125	0.1846	0.0279	0.0309	0.0278	0.0031	0.1816	0.1568	0.0249	0.2193	0.1240	0.0953	0.0220	0.0192	0.0028	0.1973	0.1048	0.0925	0.0000	0.0000	0.0000	0.0000	0.0000	0.0000	0.0000	0.0000	0.0000	0.0002	0.0003	0.0000	0.0018	0.0020	0.0000	0.0000	0.0000	0.0000				
44	68	0.1631	8	0	1	1	1	0	0	0	0	N	N	N	N	N	N	N	N	N	N	N	N	0.0000	0.0000	0.0000	0.0000	0.0000	0.0000	0.0000	0.0000	0.0000	0.0000	0.0000	0.0000	0.0000	0.0000	0.0000	0.0014	0.0025	0.0000	0.0114	0.0127	0.0000	0.0000	0.0000	0.0000	0.0000	0.0000	-0.0001	6.9958	1.0064	11.8523	4.2000	0.0000	0.0000	0.0000	0.0000	0.0000	0.0000	0.0000	0.0000	0.0000	0.0002	0.0002	0.0000	0.0002	0.0002	0.0000	0.0000	0.0000	0.0000	0.0549	0.0477	0.0072	0.0089	0.0081	0.0009	0.0460	0.0397	0.0063	0.1298	0.0751	0.0547	0.0164	0.0147	0.0017	0.1133	0.0603	0.0530	0.0000	0.0000	0.0000	0.0000	0.0000	0.0000	0.0000	0.0000	0.0000	0.0014	0.0025	0.0000	0.0114	0.0127	0.0000	0.0000	0.0000	0.0000				
44	69	0.1582	7	0	1	0	1	0	0	0	0	N	N	N	N	N	N	N	N	N	N	N	N	0.0000	0.0000	0.0000	0.0000	0.0000	0.0000	0.0000	0.0000	0.0000	0.0000	0.0000	0.0000	0.0000	0.0000	0.0000	0.0000	0.0000	0.0656	0.2221	0.0085	0.4080	0.3896	0.0000	0.0048	0.0014	0.0088	0.0861	0.0000	-0.0010	6.9958	1.2889	11.8523	0.3511	0.0000	0.0000	0.0000	0.0000	0.0000	0.0000	0.0000	0.0000	0.0000	0.0020	0.0019	0.0002	0.0018	0.0018	0.0000	0.0002	0.0000	0.0002	0.0885	0.0768	0.0116	0.0217	0.0201	0.0016	0.0667	0.0567	0.0101	0.0471	0.0283	0.0188	0.0077	0.0072	0.0006	0.0393	0.0211	0.0182	0.0000	0.0000	0.0000	0.0000	0.0000	0.0000	0.0000	0.0000	0.0000	0.0428	0.0656	0.0085	0.2370	0.2553	0.0000	0.0048	0.0013	0.0088		
44	70	0.1511	6	0	1	0	1	0	0	0	0	N	N	N	N	N	N	N	N	N	N	N	N	0.0000	0.0000	0.0000	0.0000	0.0000	0.0000	0.0000	0.0000	0.0000	0.0000	0.0000	0.0000	0.0000	0.0000	0.0000	0.0000	0.0000	0.0443	0.0016	0.0824	0.0060	0.0066	0.0000	0.0471	0.0004	0.0848	38.5501	0.0000	0.0007	6.9958	0.7777	11.8523	1.1718	0.0000	0.0000	0.0000	0.0000	0.0000	0.0000	0.0000	0.0000	0.0000	0.0019	0.0000	0.0018	0.0000	0.0000	0.0000	0.0018	0.0000	0.0018	0.0422	0.0366	0.0056	0.0062	0.0056	0.0006	0.0360	0.0310	0.0050	0.0521	0.0300	0.0221	0.0064	0.0058	0.0006	0.0456	0.0242	0.0215	0.0000	0.0000	0.0000	0.0000	0.0000	0.0000	0.0000	0.0000	0.0000	0.0358	0.0016	0.0824	0.0060	0.0066	0.0000	0.0401	0.0004	0.0848		
44	71	0.1474	5	0	1	0	1	0	0	0	0	N	N	N	N	N	N	N	N	N	N	N	N	0.0000	0.0000	0.0000	0.0000	0.0000	0.0000	0.0000	0.0000	0.0000	0.0000	0.0000	0.0000	0.0000	0.0000	0.0000	0.0000	0.0000	0.0015	0.0006	0.0027	0.0000	0.0000	0.0000	0.0017	0.0007	0.0027	3.4753	0.0000	0.0000	6.9958	0.9929	11.8523	0.0325	0.0000	0.0000	0.0000	0.0000	0.0000	0.0000	0.0000	0.0000	0.0000	0.0000	0.0000	0.0000	0.0000	0.0000	0.0000	0.0000	0.0000	0.0000	0.0535	0.0464	0.0071	0.0077	0.0069	0.0008	0.0458	0.0395	0.0063	0.0257	0.0145	0.0113	0.0025	0.0021	0.0003	0.0232	0.0123	0.0109	0.0000	0.0000	0.0000	0.0000	0.0000	0.0000	0.0000	0.0000	0.0000	0.0015	0.0006	0.0027	0.0000	0.0000	0.0000	0.0017	0.0007	0.0027		
44	72	0.1926	4	1	2	0	0	0	0	0	0	N	Y	N	N	N	N	N	N	N	N	N	N	0.0000	0.0000	0.0000	0.0000	0.0000	0.0000	0.0000	0.0000	0.0000	0.0000	0.0000	0.0000	0.0000	0.0000	0.0000	0.0000	0.0000	0.0000	0.0000	0.0000	6.9958	0.0000	11.8523	0.0001	0.0000	0.0000	0.0000	0.0000	0.0000	0.0000	0.0000	0.0000	0.0000	0.0000	0.0000	0.0000	0.0000	0.0000	0.0000	0.0000	0.0000	0.0000	0.0000	0.0000	0.0000	0.0000	0.0000	0.0000	0.0000	0.0000	0.0000	0.0000	0.0000	0.0000	0.0000	0.0000	0.0000	0.0000	0.0000	0.0000	0.0000	0.0000	0.0000	0.0000	0.0000	0.0000	0.0000	0.0000	0.0000	0.0000	0.0000	0.0000	0.0000	0.0000	0.0000	0.0000	0.0000	0.0000											
44	73	0.1293	3	1	2	0	0	0	0	0	0	N	Y	N	N	N	N	N	N	N	N	N	N	0.0000	0.0000	0.0000	0.0000	0.0000	0.0000	0.0000	0.0000	0.0000	0.0000	0.0000	0.0000	0.0000	0.0000	0.0000	0.0000	0.0000	3.2231	0.0014	11.9579	0.0093	0.0106	0.0000	3.1088	0.0000	11.6374	3160.2352	0.0000	0.4092	6.9958	9.9619	11.8523	7.0378	0.0000	0.0000	0.0000	0.0000	0.0000	0.0000	0.0000	0.0000	0.0000	0.9967	0.0003	0.9964	0.0003	0.0003	0.0000	0.9964	0.0000	0.9964	0.5208	0.4529	0.0679	0.0690	0.0621	0.0069	0.4518	0.3908	0.0609	0.3978	0.2231	0.1747	0.0337	0.0296	0.0041	0.3640	0.1934	0.1706	0.0000	0.0000	0.0000	0.0000	0.0000	0.0000	0.0000	0.0000	0.0000	2.5057	0.0014	5.7033	0.0093	0.0106	0.0000	2.7371	0.0000	5.8406		
44	74	0.1411	3	0	2	0	0	0	0	0	0	N	Y	N	N	N	N	N	N	N	N	N	N	0.0000	0.0000	0.0000	0.0000	0.0000	0.0000	0.0000	0.0000	0.0000	0.0000	0.0000	0.0000	0.0000	0.0000	0.0000	0.0000	0.0000	0.0017	0.0030	0.0000	0.0149	0.0165	0.0000	0.0000	0.0000	0.0000	0.0000	0.0000	-0.0002	6.9958	7.0442	11.8523	2.0273	0.0000	0.0000	0.0000	0.0000	0.0000	0.0000	0.0000	0.0000	0.0000	0.0004	0.0004	0.0000	0.0004	0.0004	0.0000	0.0000	0.0000	0.0000	0.4448	0.3889	0.0559	0.0881	0.0814	0.0067	0.3567	0.3076	0.0491	0.2210	0.1236	0.0974	0.0250	0.0226	0.0025	0.1959	0.1010	0.0949	0.0000	0.0000	0.0000	0.0000	0.0000	0.0000	0.0000	0.0000	0.0000	0.0017	0.0030	0.0000	0.0149	0.0165	0.0000	0.0000	0.0000	0.0000		
44	75	0.1172	2	0	2	0	0	0	0	0	0	N	Y	N	N	N	N	N	N	N	N	N	N	0.0000	0.0000	0.0000	0.0000	0.0000	0.0000	0.0000	0.0000	0.0000	0.0000	0.0000	0.0000	0.0000	0.0000	0.0000	0.0000	0.0000	0.0000	0.0113	0.0186	0.0023	0.0935	0.1054	0.0000	0.0029	0.0071	0.0023	0.0000	0.0948	-0.0000	-0.0011	6.9958	4.3369	11.8523	3.0972	0.0000	0.0000	0.0000	0.0000	0.0000	0.0000	0.0000	0.0000	0.0000	0.0021	0.0019	0.0002	0.0016	0.0016	0.0000	0.0005	0.0003	0.0002	0.2830	0.2480	0.0350	0.0493	0.0464	0.0029	0.2337	0.2015	0.0321	0.1881	0.1062	0.0819	0.0174	0.0154	0.0020	0.1707	0.0908	0.0800	0.0000	0.0000	0.0000	0.0000	0.0000	0.0000	0.0000	0.0000	0.0000	0.0113	0.0183	0.0023	0.0935	0.1054	0.0000	0.0029	0.0035	0.0023
44	76	0.2045	7	1	2	0	0	0	0	0	0	N	Y	N	N	N	N	N	N	N	N	N	N	0.0000	0.0000	0.0000	0.0000	0.0000	0.0000	0.0000	0.0000	0.0000	0.0000	0.0000	0.0000	0.0000	0.0000	0.0000	0.0000	0.0000	0.0201	0.0005	0.0465	0.0021	0.0024	0.0000	0.0227	0.0000	0.0482	75.8778	0.0000	0.0005	6.9958	1.9992	11.8523	0.0055	0.0000	0.0000	0.0000	0.0000	0.0000	0.0000	0.0000	0.0000	0.0000	0.0013	0.0000	0.0013	0.0000	0.0000	0.0000	0.0013	0.0000	0.0013	0.1447	0.1265	0.0182	0.0249	0.0227	0.0023	0.1198	0.1038	0.0159	0.0659	0.0377	0.0281	0.0082	0.0072	0.0010	0.0576	0.0305	0.0272	0.0000	0.0000	0.0000	0.0000	0.0000	0.0000	0.0000	0.0000	0.0000	0.0201	0.0005	0.0465	0.0021	0.0024	0.0000	0.0227	0.0000	0.0482		
44	77	0.1603	6	1	2	0	0	0	0	0	0	N	Y	N	N	N	N	N	N	N	N	N	N	0.0000	0.0000	0.0000	0.0000	0.0000	0.0000	0.0000	0.0000	0.0000	0.0000	0.0000	0.0000	0.0000	0.0000	0.0000	0.0000	0.0000	6.5498	0.0004	28.7574	0.0010	0.0011	0.0000	6.4401	0.0002	26.6437	28284.5979	0.0000	0.4101	6.9958	5.0219	11.8523	2.0148	0.0000	0.0000	0.0000	0.0000	0.0000	0.0000	0.0000	0.0000	0.0000	0.9981	0.0000	0.9981	0.0000	0.0000	0.0000	0.9981	0.0000	0.9981	0.2673	0.2327	0.0346	0.0398	0.0362	0.0036	0.2275	0.1965	0.0310	0.1739	0.0979	0.0760	0.0189	0.0166	0.0024	0.1550	0.0814	0.0736	0.0000	0.0000	0.0000	0.0000	0.0000	0.0000	0.0000	0.0000	0.0000	5.7394	0.0004	13.1332	0.0010	0.0011	0.0000	6.4401	0.0002	13.5570		
44	78	0.1474	5	0	2	0	0	0	0	0	0	N	Y	N	N	N	N	N	N	N	N	N	N	0.0000	0.0000	0.0000	0.0000	0.0000	0.0000	0.0000	0.0000	0.0002	0.0000	0.0014	0.0000	0.0000	0.0000	0.0002	0.0000	0.0015	8.5580	0.0011	42.6068	0.0000	0.0000	0.0000	8.8513	0.0014	39.4190	inf	12938.8461	0.0000	0.3044	6.9958	1.0203	11.8523	2.7327	0.0000	0.0000	0.0000	0.0000	0.0000	0.0000	0.0000	0.0000	0.0000	0.7410	0.0001	0.7410	0.0000	0.0000	0.0000	0.7410	0.0001	0.7410	0.0549	0.0477	0.0073	0.0079	0.0071	0.0008	0.0470	0.0405	0.0065	0.0925	0.0519	0.0405	0.0088	0.0076	0.0012	0.0837	0.0444	0.0393	0.0000	0.0000	0.0001	0.0000	0.0000	0.0000	0.0000	0.0000	0.0001	8.0130	0.0011	18.2798	0.0000	0.0000	0.0000	8.8513	0.0013	18.8327	
44	79	0.1474	4	0	1	0	0	0	0	0	0	N	N	N	N	N	N	N	N	N	N	N	N	0.0000	0.0000	0.0000	0.0000	0.0000	0.0000	0.0000	0.0000	0.0000	0.0000	0.0000	0.0000	0.0000	0.0000	0.0000	0.0000	0.0000	0.0000	0.0000	0.0000	6.9958	0.0000	11.8523	0.0018	0.0000	0.0000	0.0000	0.0000	0.0000	0.0000	0.0000	0.0000	0.0000	0.0000	0.0000	0.0000	0.0000	0.0000	0.0000	0.0000	0.0000	0.0000	0.0000	0.0000	0.0000	0.0000	0.0000	0.0000	0.0000	0.0000	0.0000	0.0001	0.0001	0.0000	0.0000	0.0000	0.0000	0.0001	0.0000	0.0000	0.0000	0.0000	0.0000	0.0000	0.0000	0.0000	0.0000	0.0000	0.0000	0.0000	0.0000	0.0000	0.0000	0.0000	0.0000	0.0000	0.0000	0.0000											
44	80	0.1293	3	0	1	0	0	0	0	0	0	N	N	N	N	N	N	N	N	N	N	N	N	0.0000	0.0000	0.0000	0.0000	0.0000	0.0000	0.0000	0.0000	0.0000	0.0000	0.0000	0.0000	0.0000	0.0000	0.0000	0.0310	0.1484	0.0000	0.6781	0.6016	0.0000	0.0000	0.0000	0.0000	0.0000	0.0000	-0.0023	6.9958	3.0825	11.8523	2.0124	0.0000	0.0000	0.0000	0.0000	0.0000	0.0000	0.0000	0.0000	0.0000	0.0040	0.0040	0.0000	0.0040	0.0040	0.0000	0.0000	0.0000	0.0000	0.1726	0.1502	0.0224	0.0247	0.0225	0.0022	0.1479	0.1278	0.0201	0.1286	0.0724	0.0562	0.0119	0.0105	0.0013	0.1167	0.0619	0.0548	0.0000	0.0000	0.0000	0.0000	0.0000	0.0000	0.0000	0.0000	0.0000	0.0309	0.0549	0.0000	0.3353	0.3780	0.0000	0.0000	0.0000	0.0000				
44	81	0.1172	2	0	1	0	0	0	0	0	0	N	N	N	N	N	N	N	N	N	N	N	N	0.0000	0.0000	0.0000	0.0000	0.0000	0.0000	0.0000	0.0000	0.0000	0.0000	0.0000	0.0000	0.0000	0.0000	0.0000	0.0000	0.0000	0.0000	0.1230	0.0507	0.0873	0.1847	0.1798	0.0001	0.0620	0.0154	0.0896	0.0000	1.9915	-0.0000	0.0004	6.9958	3.6751	11.8523	0.0788	0.0000	0.0000	0.0000	0.0000	0.0000	0.0000	0.0000	0.0000	0.0000	0.0056	0.0019	0.0037	0.0016	0.0016	0.0000	0.0040	0.0002	0.0037	0.2486	0.2182	0.0304	0.0459	0.0434	0.0025	0.2027	0.1748	0.0279	0.0990	0.0563	0.0427	0.0101	0.0091	0.0011	0.0889	0.0472	0.0416	0.0000	0.0000	0.0000	0.0000	0.0000	0.0000	0.0000	0.0000	0.0000	0.0566	0.0333	0.0873	0.1610	0.1798	0.0001	0.0447	0.0052	0.0896
45	46	0.2379	7	0	2	0	0	0	0	0	0	N	Y	N	N	N	N	N	N	N	N	N	N	56153.0057	40079.9198	0.0000	104102.2809	95942.4832	0.0000	1201.9740	inf	0.0000	0.4644	0.5293	0.0000	3.0847	3.2937	0.0000	0.0000	0.0000	0.0000	0.0000	0.0000	0.0000	0.0000	0.0000	0.0000	0.0000	0.0000	0.0000	0.0000	0.0015	-0.3638	-0.0000	20.1318	15.0410	17.5118	10.9147	1.0000	1.0000	0.0000	1.0000	1.0000	0.0000	0.0000	0.0000	0.0000	0.0000	0.0000	0.0000	0.0000	0.0000	0.0000	0.0000	0.0000	0.0000	2.1535	1.8892	0.2643	0.3242	0.3036	0.0206	1.8293	1.5856	0.2438	1.2198	0.7626	0.4572	0.3403	0.2934	0.0469	0.8795	0.4692	0.4103	56153.0057	40079.9198	0.0000	104102.2809	95942.4832	0.0000	1201.9740	inf	0.0000	0.0000	0.0000	0.0000	0.0000	0.0000	0.0000	0.0000	0.0000	0.0000
45	47	0.2396	6	1	1	1	0	0	0	0	0	N	N	N	N	N	N	N	N	N	N	N	N	0.8514	0.7383	0.0000	0.0192	0.0167	0.0000	0.8656	0.6255	0.0000	2.2916	2.6212	0.0000	0.0000	0.0000	0.0000	2.4628	2.8331	0.0000	2.6915	3.5505	5.3229	0.0010	0.0012	0.0000	2.8453	4.5290	3.1713	0.0000	0.5296	-1.4313	-0.3710	20.1318	12.7633	17.5118	6.3722	3.9345	3.9345	0.0000	0.0000	0.0000	0.0000	3.9345	3.9345	0.0000	1.5273	0.9985	0.5288	0.0002	0.0002	0.0000	1.5272	0.9984	0.5288	1.7169	1.5010	0.2159	0.1194	0.1123	0.0071	1.5975	1.3888	0.2088	0.7935	0.4517	0.3418	0.1645	0.1344	0.0302	0.6289	0.3174	0.3116	1.1905	1.1858	0.0000	0.0192	0.0167	0.0000	1.0143	0.9005	0.0000	1.9249	2.2106	1.5473	0.0010	0.0012	0.0000	2.4282	3.1460	1.6971
45	48	0.2344	5	0	1	0	0	0	0	0	0	N	N	N	N	N	N	N	N	N	N	N	N	39.2097	24.0511	0.0000	0.0000	0.0000	0.0000	43.5044	1.4149	0.0000	0.7711	0.8439	0.0000	0.0000	0.0000	0.0000	1.0175	1.1443	0.0000	0.0197	0.0351	0.0102	0.0032	0.0040	0.0000	0.0234	0.8088	0.0111	0.0000	0.2998	-0.0238	-0.0007	20.1318	0.3513	17.5118	1.9759	0.0654	0.0654	0.0000	0.0000	0.0000	0.0000	0.0654	0.0654	0.0000	0.0020	0.0015	0.0005	0.0001	0.0001	0.0000	0.0019	0.0015	0.0005	0.0849	0.0775	0.0073	0.0206	0.0203	0.0002	0.0643	0.0572	0.0071	0.1018	0.0566	0.0452	0.0188	0.0152	0.0036	0.0830	0.0413	0.0417	39.2097	30.9962	0.0000	0.0000	0.0000	0.0000	43.5044	31.9698	0.0000	0.0197	0.0272	0.0102	0.0032	0.0040	0.0000	0.0234	0.0358	0.0111
45	49	0.2341	4	0	1	0	0	0	0	0	0	N	N	N	N	N	N	N	N	N	N	N	N	0.0000	0.0000	0.0000	0.0000	0.0000	0.0000	0.0000	0.0000	0.0000	0.0000	0.0000	0.0000	0.0000	0.0000	0.0000	0.0000	0.0000	0.0045	0.0061	0.0025	0.0122	0.0075	0.0316	0.0028	0.0169	0.0000	0.3333	0.0000	-0.0000	20.1318	0.1669	17.5118	0.0350	0.0000	0.0000	0.0000	0.0000	0.0000	0.0000	0.0000	0.0000	0.0000	0.0000	0.0000	0.0000	0.0000	0.0000	0.0000	0.0000	0.0000	0.0000	0.0235	0.0204	0.0031	0.0013	0.0012	0.0001	0.0222	0.0192	0.0030	0.0089	0.0049	0.0040	0.0016	0.0013	0.0003	0.0073	0.0036	0.0037	0.0000	0.0000	0.0000	0.0000	0.0000	0.0000	0.0000	0.0000	0.0000	0.0045	0.0061	0.0025	0.0122	0.0075	0.0316	0.0028	0.0055	0.0000		
45	50	0.2341	3	0	1	0	0	0	0	0	0	N	N	N	N	N	N	N	N	N	N	N	N	0.0000	0.0000	0.0000	0.0000	0.0000	0.0000	0.0000	0.0000	0.0000	0.0000	0.0000	0.0000	0.0000	0.0000	0.0000	0.0000	0.0000	0.9189	1.2377	0.0848	0.6837	0.3640	8.7846	0.0962	1.6143	0.0000	0.3333	0.0000	-0.0000	20.1318	0.0010	17.5118	0.0028	0.0000	0.0000	0.0000	0.0000	0.0000	0.0000	0.0000	0.0000	0.0000	0.0000	0.0000	0.0000	0.0000	0.0000	0.0000	0.0000	0.0000	0.0000	0.0004	0.0004	0.0000	0.0002	0.0002	0.0000	0.0002	0.0002	0.0000	0.0003	0.0002	0.0001	0.0001	0.0001	0.0000	0.0002	0.0001	0.0001	0.0000	0.0000	0.0000	0.0000	0.0000	0.0000	0.0000	0.0000	0.0000	0.1437	0.1869	0.0848	0.3394	0.2480	1.2901	0.0526	0.1252	0.0000		
45	51	0.1955	3	0	2	0	1	0	0	0	0	N	Y	N	N	N	N	N	N	N	N	N	N	0.4907	1626.5622	0.0000	74.5869	66.2836	0.0120	0.4907	282768.6000	0.0000	0.9484	1.0898	0.0000	0.1881	0.1946	0.0000	0.9880	1.1419	0.0000	1.9327	0.0007	6.3669	0.0025	0.0029	0.0004	2.0137	0.0000	5.3754	0.0000	2957.8719	-0.3673	0.4063	20.1318	7.3891	17.5118	13.2142	1.0098	1.0098	0.0000	0.0099	0.0099	0.0000	0.9999	0.9999	0.0000	0.9898	0.0003	0.9894	0.0003	0.0003	0.0000	0.9894	0.0000	0.9894	1.0647	0.9266	0.1381	0.0527	0.0510	0.0018	1.0120	0.8756	0.1364	0.8861	0.4993	0.3868	0.1360	0.1134	0.0226	0.7500	0.3859	0.3642	0.8491	1626.5622	0.0000	74.5869	66.2836	0.0120	0.7490	282768.6000	0.0000	1.1170	0.0007	2.5580	0.0025	0.0029	0.0004	1.3192	0.0000	2.7168
45	52	0.2017	4	0	2	0	0	0	0	0	0	N	Y	N	N	N	N	N	N	N	N	N	N	0.6627	757.6183	0.0000	170.1129	143.2782	0.0000	0.6091	1932888.6034	0.0000	1.2217	1.3830	0.0000	1.4503	1.4950	0.0000	1.1975	1.3698	0.0000	1.8436	0.0018	5.7249	0.0085	0.0104	0.0000	1.9660	0.0000	3.8905	0.0000	999.8709	-0.8210	0.4060	20.1318	12.1779	17.5118	13.0455	2.2569	2.2569	0.0000	0.2569	0.2569	0.0000	2.0000	2.0000	0.0000	0.9905	0.0010	0.9895	0.0010	0.0010	0.0000	0.9895	0.0000	0.9895	1.8473	1.6319	0.2154	0.1771	0.1718	0.0053	1.6702	1.4601	0.2101	0.9886	0.5421	0.4465	0.1161	0.0948	0.0213	0.8725	0.4473	0.4252	1.2194	757.6183	0.0000	170.1129	143.2782	0.0000	1.0559	1932888.6034	0.0000	1.0019	0.0018	2.2163	0.0085	0.0104	0.0000	1.1341	0.0000	2.3272
45	53	0.2415	4	0	2	0	0	0	0	0	0	N	Y	N	N	N	N	N	N	N	N	N	N	0.0000	0.0000	0.0000	0.0000	0.0000	0.0000	0.0000	0.0000	0.0000	0.0000	0.0000	0.0000	0.0000	0.0000	0.0000	0.0009	0.0016	0.0000	0.0051	0.0063	0.0000	0.0000	0.0000	0.0000	0.0000	0.0000	-0.0001	20.1318	3.0001	17.5118	3.0003	0.0000	0.0000	0.0000	0.0000	0.0000	0.0000	0.0000	0.0000	0.0000	0.0002	0.0002	0.0000	0.0002	0.0002	0.0000	0.0000	0.0000	0.0000	0.4190	0.3643	0.0547	0.0281	0.0258	0.0022	0.3909	0.3384	0.0525	0.2538	0.1405	0.1133	0.0454	0.0365	0.0089	0.2084	0.1040	0.1044	0.0000	0.0000	0.0000	0.0000	0.0000	0.0000	0.0000	0.0000	0.0000	0.0009	0.0016	0.0000	0.0051	0.0063	0.0000	0.0000	0.0000	0.0000				
45	54	0.2341	3	0	1	0	0	0	0	0	0	N	N	N	N	N	N	N	N	N	N	N	N	0.0000	0.0000	0.0000	0.0000	0.0000	0.0000	0.0000	0.0000	0.0000	0.0000	0.0000	0.0000	0.0000	0.0000	0.0000	0.0000	0.0000	0.0019	0.0034	0.0002	0.0009	0.0005	0.0022	0.0022	0.0105	0.0000	0.0417	0.0000	-0.0001	20.1318	1.9998	17.5118	1.0017	0.0000	0.0000	0.0000	0.0000	0.0000	0.0000	0.0000	0.0000	0.0000	0.0002	0.0002	0.0000	0.0000	0.0000	0.0000	0.0002	0.0002	0.0000	0.2776	0.2411	0.0365	0.0152	0.0141	0.0011	0.2623	0.2270	0.0353	0.1291	0.0714	0.0577	0.0232	0.0186	0.0046	0.1059	0.0528	0.0531	0.0000	0.0000	0.0000	0.0000	0.0000	0.0000	0.0000	0.0000	0.0000	0.0019	0.0034	0.0002	0.0009	0.0005	0.0022	0.0022	0.0044	0.0000		
45	55	0.1761	2	0	1	0	0	0	0	0	0	N	N	N	N	N	N	N	N	N	N	N	N	0.4246	1806.9756	0.0000	1.9095	1.7482	0.0000	0.4438	19047.3848	0.0000	0.8790	1.0110	0.0000	0.0050	0.0052	0.0000	0.9141	1.0559	0.0000	2.0701	0.0006	6.7143	0.0026	0.0030	0.0000	2.0596	0.0001	5.5150	0.0000	4069.4189	-0.3639	0.4107	20.1318	8.0033	17.5118	9.9473	1.0002	1.0002	0.0000	0.0002	0.0002	0.0000	1.0000	1.0000	0.0000	1.0000	0.0002	0.9998	0.0002	0.0002	0.0000	0.9998	0.0000	0.9998	1.1379	0.9893	0.1486	0.0439	0.0422	0.0017	1.0940	0.9471	0.1469	0.7883	0.4391	0.3492	0.0868	0.0764	0.0104	0.7015	0.3627	0.3388	0.6929	1806.9756	0.0000	1.9095	1.7482	0.0000	0.6414	19047.3848	0.0000	1.2687	0.0006	2.8633	0.0026	0.0030	0.0000	1.4253	0.0001	2.9513
45	56	0.2593	8	0	2	0	0	0	0	0	0	N	Y	N	N	N	N	N	N	N	N	N	N	0.3917	0.4400	0.0000	0.6088	0.5681	0.0000	0.3797	0.3465	0.0000	1.4234	1.6216	0.0000	0.0042	0.0045	0.0000	1.6735	1.9300	0.0000	3.6341	3.6851	9.0978	0.0070	0.0079	0.0017	4.4074	5.5691	9.3694	0.0000	1.0080	-0.3628	-0.1732	20.1318	5.0156	17.5118	9.5596	0.9974	0.9974	0.0000	0.0004	0.0004	0.0000	0.9970	0.9970	0.0000	1.9880	0.9900	0.9980	0.0015	0.0015	0.0001	1.9865	0.9886	0.9979	0.7007	0.6151	0.0856	0.1050	0.0985	0.0065	0.5957	0.5166	0.0792	0.6695	0.4155	0.2541	0.2188	0.1840	0.0348	0.4507	0.2315	0.2193	0.4794	0.6805	0.0000	0.6088	0.5681	0.0000	0.3797	0.4519	0.0000	2.9692	2.3829	3.9279	0.0070	0.0079	0.0017	4.4074	4.2712	4.5513
45	57	0.2379	7	0	2	0	0	0	0	0	0	N	Y	N	N	N	N	N	N	N	N	N	N	3.4608	1.6615	0.0134	0.4318	0.4186	0.0666	2.4045	0.8678	0.0123	1.0531	1.2002	0.0002	0.0203	0.0216	0.0002	1.3575	1.5789	0.0002	0.3043	0.7223	0.0143	0.0469	0.0516	0.0028	0.5646	1.8194	0.0157	0.0000	0.0598	-0.3659	-0.0311	20.1318	5.2776	17.5118	4.9316	1.0059	1.0059	0.0000	0.0044	0.0044	0.0000	1.0015	1.0015	0.0000	0.0585	0.0552	0.0033	0.0122	0.0121	0.0001	0.0462	0.0430	0.0032	0.9551	0.8381	0.1170	0.2174	0.2038	0.0136	0.7377	0.6343	0.1035	0.7270	0.4965	0.2304	0.2602	0.2353	0.0250	0.4667	0.2613	0.2055	13.0972	10.8046	0.0134	0.4318	0.4186	0.0666	13.6999	9.5888	0.0123	0.0804	0.1111	0.0143	0.0469	0.0516	0.0028	0.0991	0.1647	0.0157
45	58	0.2099	6	0	1	0	0	0	0	0	0	N	N	N	N	N	N	N	N	N	N	N	N	0.0068	0.0043	0.0543	0.3647	0.3831	1.4125	0.0050	0.0027	0.0477	0.0183	0.0207	0.0020	0.0861	0.0907	0.0074	0.0136	0.0154	0.0018	2.7100	4.8471	0.0361	0.2362	0.2369	0.0053	2.7078	5.6453	0.0378	0.0138	0.0079	-0.0058	-0.6113	20.1318	6.4383	17.5118	5.2340	0.0165	0.0163	0.0002	0.0051	0.0051	0.0000	0.0114	0.0112	0.0002	1.0516	1.0434	0.0082	0.0170	0.0170	0.0001	1.0346	1.0264	0.0081	0.8991	0.7848	0.1143	0.0590	0.0557	0.0033	0.8401	0.7290	0.1110	0.5459	0.3189	0.2270	0.0921	0.0802	0.0119	0.4539	0.2387	0.2151	0.0095	0.0063	0.0543	0.4658	0.4289	1.4125	0.0060	0.0036	0.0477	1.9262	3.2714	0.0361	0.1849	0.2116	0.0053	2.2794	4.2992	0.0378
45	59	0.2017	5	0	1	0	0	0	0	0	0	N	N	N	N	N	N	N	N	N	N	N	N	1.2246	0.8963	0.0059	0.0157	0.0147	122.2571	1.5718	0.8943	0.0009	2.1805	2.4180	0.0008	0.0108	0.0105	0.0272	2.6723	3.0283	0.0001	1.7806	2.6978	0.1333	0.6870	0.7188	0.0002	1.7001	3.3861	0.1398	0.0000	0.0937	-0.6285	-0.0691	20.1318	3.9043	17.5118	0.3762	1.7280	1.7279	0.0001	0.0016	0.0015	0.0001	1.7264	1.7264	0.0000	0.1372	0.1255	0.0118	0.0114	0.0114	0.0000	0.1259	0.1141	0.0118	0.7924	0.7146	0.0778	0.1464	0.1445	0.0019	0.6460	0.5701	0.0760	0.2043	0.1162	0.0881	0.0318	0.0277	0.0041	0.1725	0.0884	0.0841	3.2465	2.2386	0.0059	0.0301	0.0258	122.2571	3.6624	2.3470	0.0009	0.6717	1.0801	0.1333	0.3570	0.4095	0.0002	0.7296	1.2903	0.1398
45	60	0.2017	4	0	1	0	0	0	0	0	0	N	N	N	N	N	N	N	N	N	N	N	N	0.6591	0.6523	0.0028	0.6781	0.9272	132.8472	0.5955	1.4047	0.0000	0.8444	0.9130	0.0015	1.4376	1.4455	0.0682	0.6063	0.6760	0.0000	1.2811	1.3996	0.5323	2.1201	1.5589	0.0005	1.0182	0.4813	0.4596	0.0001	0.8502	-0.1406	-0.0029	20.1318	1.5036	17.5118	0.1987	0.3867	0.3867	0.0001	0.1886	0.1885	0.0001	0.1981	0.1981	0.0000	0.0227	0.0123	0.0104	0.0114	0.0114	0.0000	0.0113	0.0009	0.0104	0.4579	0.4235	0.0344	0.1312	0.1304	0.0007	0.3268	0.2931	0.0337	0.0970	0.0580	0.0390	0.0202	0.0185	0.0017	0.0768	0.0395	0.0373	3.6076	4.3158	0.0055	2.5556	2.3583	132.8472	4.1032	29.0507	0.0000	0.2341	0.2115	0.2676	0.5625	0.6129	0.0005	0.1478	0.0233	0.2795
45	61	0.1955	3	0	1	0	0	0	0	0	0	N	N	N	N	N	N	N	N	N	N	N	N	1.1307	1.3665	0.0080	0.2216	0.2582	61.1903	4.1788	15.5379	0.0000	0.5948	0.6826	0.0009	0.0580	0.0577	0.0761	0.6434	0.7470	0.0000	0.5260	0.4995	0.1185	0.2618	0.2233	0.0012	0.1540	0.0481	0.1255	0.0002	0.8643	-0.0939	-0.0028	20.1318	2.7181	17.5118	1.0102	0.2584	0.2583	0.0001	0.0021	0.0020	0.0001	0.2563	0.2563	0.0000	0.0225	0.0121	0.0104	0.0112	0.0112	0.0000	0.0114	0.0009	0.0104	0.4344	0.3784	0.0559	0.0360	0.0354	0.0007	0.3983	0.3431	0.0552	0.2353	0.1472	0.0881	0.0584	0.0535	0.0050	0.1768	0.0937	0.0831	6.2146	8.3162	0.0080	0.3037	0.2763	61.1903	10.0224	76.2107	0.0000	0.0957	0.0821	0.1185	0.1911	0.2087	0.0012	0.0642	0.0098	0.1255
45	62	0.1761	2	0	1	0	0	0	0	0	0	N	N	N	N	N	N	N	N	N	N	N	N	0.4038	4.3672	0.0012	12.0449	19.5839	0.0294	0.3043	1.6514	0.0012	0.0117	0.0134	0.0001	0.0110	0.0112	0.0001	0.0118	0.0137	0.0001	0.0290	0.0031	0.0656	0.0009	0.0006	0.0046	0.0387	0.0083	0.0674	0.0009	15.1337	-0.0010	0.0040	20.1318	1.4525	17.5118	6.3634	0.0029	0.0029	0.0000	0.0003	0.0003	0.0000	0.0026	0.0026	0.0000	0.0114	0.0007	0.0107	0.0001	0.0000	0.0000	0.0114	0.0007	0.0107	0.2460	0.2145	0.0315	0.0243	0.0239	0.0004	0.2217	0.1906	0.0311	0.3949	0.2311	0.1638	0.0573	0.0524	0.0049	0.3376	0.1787	0.1589	0.4038	4.3672	0.0012	12.0449	19.5839	0.0294	0.3490	3.5996	0.0012	0.0290	0.0031	0.0656	0.0009	0.0006	0.0046	0.0338	0.0038	0.0674
45	63	0.2555	5	1	2	0	1	0	0	0	0	N	Y	N	N	N	N	N	N	N	N	N	N	0.0000	0.0000	0.0000	0.0000	0.0000	0.0000	0.0000	0.0000	0.0000	0.0000	0.0000	0.0000	0.0000	0.0000	0.0000	0.0000	0.0001	0.0002	0.0000	0.0009	0.0011	0.0000	0.0000	0.0000	0.0000	0.0001	0.0000	-0.0000	20.1318	2.0000	17.5118	2.0002	0.0000	0.0000	0.0000	0.0000	0.0000	0.0000	0.0000	0.0000	0.0000	0.0000	0.0000	0.0000	0.0000	0.0000	0.0000	0.0000	0.0000	0.0000	0.2775	0.2421	0.0354	0.0332	0.0306	0.0026	0.2444	0.2116	0.0328	0.1625	0.0893	0.0732	0.0228	0.0184	0.0043	0.1397	0.0708	0.0689	0.0000	0.0000	0.0000	0.0000	0.0000	0.0000	0.0000	0.0000	0.0000	0.0001	0.0002	0.0000	0.0009	0.0011	0.0000	0.0000	0.0000	0.0000			
45	64	0.2712	9	0	2	0	1	0	0	0	0	N	Y	N	N	N	N	N	N	N	N	N	N	0.0635	0.0000	0.1160	0.0000	0.0000	0.0000	0.0722	0.0000	0.1242	0.2716	0.0000	2.1470	0.0000	0.0000	0.0000	0.3148	0.0000	2.3416	4.2797	0.0003	18.5083	0.0021	0.0010	0.0081	4.3613	0.0000	18.8530	inf	24968.6340	0.0486	0.4105	20.1318	2.0059	17.5118	4.8036	0.0763	0.0000	0.0763	0.0000	0.0000	0.0000	0.0763	0.0000	0.0763	0.9991	0.0000	0.9990	0.0001	0.0000	0.0001	0.9990	0.0000	0.9990	0.2811	0.2455	0.0356	0.0386	0.0356	0.0030	0.2425	0.2099	0.0326	0.2764	0.1565	0.1199	0.0473	0.0400	0.0074	0.2291	0.1166	0.1125	0.0751	0.0000	0.2576	0.0000	0.0000	0.0000	0.0722	0.0000	0.2637	3.6146	0.0003	8.3339	0.0021	0.0010	0.0081	4.3613	0.0000	8.8809
45	65	0.2684	7	0	2	0	0	0	0	0	0	N	Y	N	N	N	N	N	N	N	N	N	N	59.5825	37.6278	0.0000	80.0642	74.1958	0.0000	1.2802	1.1518	0.0000	0.0506	0.0577	0.0000	0.3511	0.3751	0.0000	0.0000	0.0000	0.0000	0.0008	0.0015	0.0000	0.0044	0.0051	0.0000	0.0000	0.0000	0.0000	0.0000	0.0003	-0.0027	-0.0000	20.1318	0.9804	17.5118	0.2754	0.0073	0.0073	0.0000	0.0073	0.0073	0.0000	0.0000	0.0000	0.0000	0.0001	0.0001	0.0000	0.0001	0.0001	0.0000	0.0000	0.0000	0.0000	0.1452	0.1274	0.0178	0.0209	0.0196	0.0013	0.1243	0.1078	0.0165	0.0590	0.0327	0.0263	0.0114	0.0099	0.0015	0.0476	0.0228	0.0248	59.5825	37.6278	0.0000	80.0642	74.1958	0.0000	1.2802	1.1518	0.0000	0.0008	0.0015	0.0000	0.0044	0.0051	0.0000	0.0000	0.0000	0.0000
45	66	0.2662	8	0	1	1	1	0	0	0	0	N	N	N	N	N	N	N	N	N	N	N	N	0.0000	0.0000	0.0000	0.0000	0.0000	0.0000	0.0000	0.0000	0.0000	0.0000	0.0000	0.0000	0.0000	0.0000	0.0000	0.0000	0.0000	0.0000	0.0001	0.0001	0.0000	0.0005	0.0006	0.0000	0.0000	0.0000	0.0000	0.0003	0.0000	-0.0000	20.1318	0.9437	17.5118	4.8091	0.0000	0.0000	0.0000	0.0000	0.0000	0.0000	0.0000	0.0000	0.0000	0.0000	0.0000	0.0000	0.0000	0.0000	0.0000	0.0000	0.0000	0.0000	0.1845	0.1610	0.0235	0.0479	0.0451	0.0028	0.1367	0.1159	0.0207	0.2417	0.1376	0.1041	0.0420	0.0357	0.0063	0.1997	0.1019	0.0978	0.0000	0.0000	0.0000	0.0000	0.0000	0.0000	0.0000	0.0000	0.0000	0.0001	0.0001	0.0000	0.0005	0.0006	0.0000	0.0000	0.0000	0.0000	
45	67	0.2592	7	0	1	1	1	0	0	0	0	N	N	N	N	N	N	N	N	N	N	N	N	16389.9938	0.0000	8446225.7712	0.0000	0.0000	0.0000	2310756.0473	0.0000	8635907.0047	1.8150	0.0000	14.2977	0.0000	0.0000	0.0000	2.0642	0.0000	15.4271	0.0001	0.0002	0.0000	0.0008	0.0009	0.0000	0.0000	0.0000	0.0000	inf	0.0069	0.6362	-0.0000	20.1318	4.0088	17.5118	5.0246	1.0000	0.0000	1.0000	0.0000	0.0000	0.0000	1.0000	0.0000	1.0000	0.0000	0.0000	0.0000	0.0000	0.0000	0.0000	0.0000	0.0000	0.0000	0.5509	0.4810	0.0699	0.0665	0.0614	0.0051	0.4844	0.4196	0.0648	0.3635	0.2015	0.1620	0.0530	0.0435	0.0094	0.3105	0.1579	0.1526	16389.9938	0.0000	8446225.7712	0.0000	0.0000	0.0000	2310756.0473	0.0000	8635907.0047	0.0001	0.0002	0.0000	0.0008	0.0009	0.0000	0.0000	0.0000	0.0000
45	68	0.2712	9	0	1	1	1	0	0	0	0	N	N	N	N	N	N	N	N	N	N	N	N	0.0248	0.0161	0.0000	0.0311	0.0286	0.0000	0.0000	0.0000	0.0000	0.0001	0.0001	0.0000	0.0009	0.0010	0.0000	0.0000	0.0000	0.0000	0.0050	0.0087	0.0000	0.0283	0.0334	0.0000	0.0000	0.0000	0.0000	0.0000	0.0000	-0.0000	-0.0006	20.1318	1.0064	17.5118	4.2000	0.0000	0.0000	0.0000	0.0000	0.0000	0.0000	0.0000	0.0000	0.0000	0.0011	0.0011	0.0000	0.0011	0.0011	0.0000	0.0000	0.0000	0.0000	0.1427	0.1246	0.0181	0.0199	0.0184	0.0015	0.1227	0.1062	0.0166	0.2154	0.1226	0.0929	0.0378	0.0321	0.0057	0.1777	0.0905	0.0871	0.0248	0.0161	0.0000	0.0311	0.0286	0.0000	0.0000	0.0000	0.0000	0.0050	0.0087	0.0000	0.0283	0.0334	0.0000	0.0000	0.0000	0.0000
45	69	0.2662	8	0	1	0	1	0	0	0	0	N	N	N	N	N	N	N	N	N	N	N	N	0.0055	0.0000	0.0194	0.0000	0.0000	0.0000	0.0058	0.0000	0.0206	0.0001	0.0000	0.0006	0.0000	0.0000	0.0000	0.0001	0.0000	0.0007	0.0137	0.0023	0.0306	0.0012	0.0013	0.0000	0.0171	0.0050	0.0324	inf	8.9000	0.0000	0.0003	20.1318	1.2889	17.5118	0.3511	0.0000	0.0000	0.0000	0.0000	0.0000	0.0000	0.0000	0.0000	0.0000	0.0011	0.0001	0.0010	0.0000	0.0000	0.0000	0.0011	0.0001	0.0010	0.2323	0.2027	0.0296	0.0538	0.0506	0.0032	0.1785	0.1522	0.0263	0.0793	0.0472	0.0321	0.0168	0.0149	0.0018	0.0625	0.0323	0.0302	0.0055	0.0000	0.0194	0.0000	0.0000	0.0000	0.0058	0.0000	0.0206	0.0137	0.0023	0.0306	0.0012	0.0013	0.0000	0.0171	0.0028	0.0324
45	70	0.2592	7	0	1	0	1	0	0	0	0	N	N	N	N	N	N	N	N	N	N	N	N	0.3982	0.3461	0.0000	1.0998	1.0159	0.0000	0.0000	0.0000	0.0000	0.0002	0.0002	0.0000	0.0015	0.0016	0.0000	0.0000	0.0000	0.0000	0.0005	0.0006	0.0003	0.0013	0.0016	0.0000	0.0003	0.0003	0.0003	0.0000	0.3385	-0.0000	-0.0000	20.1318	0.7777	17.5118	1.1718	0.0000	0.0000	0.0000	0.0000	0.0000	0.0000	0.0000	0.0000	0.0000	0.0000	0.0000	0.0000	0.0000	0.0000	0.0000	0.0000	0.0000	0.0000	0.1095	0.0955	0.0140	0.0135	0.0125	0.0010	0.0960	0.0831	0.0130	0.0865	0.0490	0.0375	0.0146	0.0124	0.0021	0.0719	0.0366	0.0354	0.3982	0.3461	0.0000	1.0998	1.0159	0.0000	0.0000	0.0000	0.0000	0.0005	0.0006	0.0003	0.0013	0.0016	0.0000	0.0003	0.0003	0.0003
45	71	0.2555	6	0	1	0	1	0	0	0	0	N	N	N	N	N	N	N	N	N	N	N	N	0.5942	0.0000	8400.1847	0.0000	0.0000	0.5968	0.0000	8528.7009	0.0001	0.0000	0.0011	0.0000	0.0000	0.0000	0.0002	0.0000	0.0012	0.0002	0.0004	0.0000	0.0001	0.0001	0.0000	0.0003	0.0005	0.0000	inf	0.0002	0.0000	-0.0000	20.1318	0.9929	17.5118	0.0325	0.0000	0.0000	0.0000	0.0000	0.0000	0.0000	0.0000	0.0000	0.0000	0.0000	0.0000	0.0000	0.0000	0.0000	0.0000	0.0000	0.0000	0.0000	0.1386	0.1209	0.0177	0.0166	0.0153	0.0013	0.1220	0.1056	0.0164	0.0424	0.0233	0.0191	0.0060	0.0049	0.0011	0.0364	0.0184	0.0180	0.5942	0.0000	8400.1847	0.0000	0.0000	0.0000	0.5968	0.0000	8528.7009	0.0002	0.0004	0.0000	0.0001	0.0001	0.0000	0.0003	0.0005	0.0000	
45	72	0.3006	5	1	2	0	0	0	0	0	0	N	Y	N	N	N	N	N	N	N	N	N	N	0.0000	0.0000	0.0000	0.0000	0.0000	0.0000	0.0000	0.0000	0.0000	0.0000	0.0000	0.0000	0.0000	0.0000	0.0000	0.0008	0.0012	0.0000	0.0006	0.0007	0.0000	0.0025	0.0143	0.0000	0.0000	0.0000	-0.0000	20.1318	0.0000	17.5118	0.0001	0.0000	0.0000	0.0000	0.0000	0.0000	0.0000	0.0000	0.0000	0.0000	0.0000	0.0000	0.0000	0.0000	0.0000	0.0000	0.0000	0.0000	0.0000	0.0000	0.0000	0.0000	0.0000	0.0000	0.0000	0.0000	0.0000	0.0000	0.0000	0.0000	0.0000	0.0000	0.0000	0.0000	0.0000	0.0000	0.0000	0.0000	0.0000	0.0000	0.0000	0.0000	0.0000	0.0000	0.0000	0.0000	0.0008	0.0012	0.0000	0.0006	0.0007	0.0000	0.0025	0.0051	0.0000				
45	73	0.2373	4	1	2	0	0	0	0	0	0	N	Y	N	N	N	N	N	N	N	N	N	N	133.7445	0.0121	722690.3619	0.0001	0.0001	0.0000	201684.2495	31.0402	1648007.3790	0.0565	0.0000	0.4486	0.0000	0.0000	0.0000	0.0633	0.0000	0.4797	0.0004	0.0008	0.0000	0.0033	0.0040	0.0000	0.0000	0.0000	0.0000	6964.5054	0.0007	0.0486	-0.0002	20.1318	9.9619	17.5118	7.0378	0.0763	0.0000	0.0763	0.0000	0.0000	0.0000	0.0763	0.0000	0.0763	0.0003	0.0003	0.0000	0.0003	0.0003	0.0000	0.0000	0.0000	0.0000	1.3513	1.1812	0.1702	0.1454	0.1344	0.0110	1.2059	1.0468	0.1591	0.6624	0.3642	0.2982	0.0848	0.0697	0.0151	0.5776	0.2945	0.2831	133.7445	0.0121	722690.3619	0.0001	0.0001	0.0000	201684.2495	31.0402	1648007.3790	0.0004	0.0008	0.0000	0.0033	0.0040	0.0000	0.0000	0.0000	0.0000
45	74	0.2492	4	0	2	0	0	0	0	0	0	N	Y	N	N	N	N	N	N	N	N	N	N	29.5115	7.4362	0.0000	0.0127	0.0128	0.0000	442712.3701	299280.7829	0.0000	0.8633	0.9828	0.0000	0.0051	0.0054	0.0000	1.0570	1.2223	0.0000	0.0293	0.1322	0.0000	0.3983	0.4228	0.0000	0.0000	0.0000	0.0000	0.0000	0.0000	-0.3637	-0.0064	20.1318	7.0442	17.5118	2.0273	0.9998	0.9998	0.0000	0.0011	0.0011	0.0000	0.9987	0.9987	0.0000	0.0109	0.0109	0.0000	0.0109	0.0109	0.0000	0.0000	0.0000	0.0000	1.1582	1.0173	0.1409	0.2133	0.2002	0.0131	0.9449	0.8171	0.1278	0.3726	0.2044	0.1681	0.0466	0.0398	0.0068	0.3259	0.1647	0.1613	29.5115	18.4358	0.0000	0.0217	0.0197	0.0000	442712.3701	299280.7829	0.0000	0.0293	0.0533	0.0000	0.2338	0.2740	0.0000	0.0000	0.0000	0.0000
45	75	0.2253	3	0	2	0	0	0	0	0	0	N	Y	N	N	N	N	N	N	N	N	N	N	0.0890	0.0204	0.2091	0.0214	0.0184	0.0000	0.0957	0.0039	0.2093	0.0041	0.0047	0.0001	0.0003	0.0003	0.0000	0.0048	0.0056	0.0001	0.0462	0.2281	0.0005	0.0127	0.0154	0.0000	0.0504	1.4107	0.0006	0.0033	0.0067	-0.0011	-0.0067	20.1318	4.3369	17.5118	3.0972	0.0030	0.0030	0.0000	0.0000	0.0000	0.0000	0.0030	0.0030	0.0000	0.0114	0.0113	0.0001	0.0005	0.0005	0.0000	0.0109	0.0108	0.0001	0.7333	0.6455	0.0879	0.1155	0.1113	0.0043	0.6178	0.5342	0.0836	0.3111	0.1722	0.1389	0.0415	0.0344	0.0071	0.2695	0.1378	0.1317	0.1119	0.0706	0.2091	0.0214	0.0184	0.0000	0.1194	0.0708	0.2093	0.0367	0.0659	0.0005	0.0127	0.0154	0.0000	0.0404	0.0785	0.0006
45	76	0.3125	8	1	2	0	0	0	0	0	0	N	Y	N	N	N	N	N	N	N	N	N	N	0.0000	0.0000	0.0000	0.0000	0.0000	0.0000	0.0000	0.0000	0.0000	0.0000	0.0000	0.0000	0.0000	0.0000	0.0000	0.0000	0.0000	0.0000	0.0003	0.0005	0.0000	0.0021	0.0026	0.0000	0.0000	0.0000	0.0000	0.0005	0.0000	-0.0000	20.1318	1.9992	17.5118	0.0055	0.0000	0.0000	0.0000	0.0000	0.0000	0.0000	0.0000	0.0000	0.0000	0.0000	0.0000	0.0000	0.0000	0.0000	0.0000	0.0000	0.0000	0.0000	0.3657	0.3214	0.0443	0.0492	0.0458	0.0034	0.3165	0.2756	0.0410	0.1068	0.0593	0.0474	0.0143	0.0117	0.0026	0.0925	0.0476	0.0449	0.0000	0.0000	0.0000	0.0000	0.0000	0.0000	0.0000	0.0000	0.0000	0.0003	0.0005	0.0000	0.0021	0.0026	0.0000	0.0000	0.0000	0.0000	
45	77	0.2684	7	1	2	0	0	0	0	0	0	N	Y	N	N	N	N	N	N	N	N	N	N	0.9167	0.0000	1419.3983	1.9952	0.0000	14376.2797	0.0010	0.0000	0.7626	0.0002	0.0000	0.0018	0.0018	0.0000	0.0256	0.0000	0.0000	0.0000	0.0002	0.0004	0.0000	0.0009	0.0011	0.0000	0.0001	0.0002	0.0000	inf	0.0023	0.0001	-0.0000	20.1318	5.0219	17.5118	2.0148	0.0002	0.0000	0.0002	0.0002	0.0000	0.0002	0.0000	0.0000	0.0000	0.0001	0.0001	0.0000	0.0000	0.0000	0.0000	0.0000	0.0000	0.0000	0.6935	0.6067	0.0868	0.0868	0.0808	0.0060	0.6068	0.5260	0.0808	0.2886	0.1592	0.1294	0.0449	0.0371	0.0078	0.2437	0.1221	0.1217	0.9167	0.0000	1419.3983	1.9952	0.0000	14376.2797	0.0010	0.0000	0.7626	0.0002	0.0004	0.0000	0.0009	0.0011	0.0000	0.0001	0.0002	0.0000
45	78	0.2555	6	0	2	0	0	0	0	0	0	N	Y	N	N	N	N	N	N	N	N	N	N	3.2969	2.5952	0.0000	1021.6551	898.4074	0.0000	0.0000	0.0000	0.0011	0.0012	0.0000	0.0091	0.0099	0.0000	0.0000	0.0000	0.0000	0.0003	0.0005	0.0001	0.0000	0.0000	0.0000	0.0004	0.0006	0.0002	0.0000	0.2496	-0.0001	-0.0000	20.1318	1.0203	17.5118	2.7327	0.0002	0.0002	0.0000	0.0002	0.0002	0.0000	0.0000	0.0000	0.0000	0.0001	0.0000	0.0000	0.0000	0.0000	0.0000	0.0001	0.0000	0.0000	0.1424	0.1242	0.0182	0.0170	0.0157	0.0013	0.1253	0.1085	0.0168	0.1526	0.0839	0.0688	0.0214	0.0173	0.0041	0.1313	0.0665	0.0647	3.2969	2.5952	0.0000	1021.6551	898.4074	0.0000	0.0000	0.0000	0.0000	0.0003	0.0005	0.0001	0.0000	0.0000	0.0000	0.0004	0.0006	0.0002	
45	79	0.2555	5	0	1	0	0	0	0	0	0	N	N	N	N	N	N	N	N	N	N	N	N	0.0000	0.0000	0.0000	0.0000	0.0000	0.0000	0.0000	0.0000	0.0000	0.0000	0.0000	0.0000	0.0000	0.0000	0.0000	0.0000	0.0000	0.0000	0.0000	0.0000	0.0000	0.0000	0.0000	0.0000	0.0000	1.0000	0.0000	-0.0000	20.1318	0.0000	17.5118	0.0018	0.0000	0.0000	0.0000	0.0000	0.0000	0.0000	0.0000	0.0000	0.0000	0.0000	0.0000	0.0000	0.0000	0.0000	0.0000	0.0000	0.0000	0.0000	0.0000	0.0000	0.0000	0.0000	0.0000	0.0000	0.0000	0.0000	0.0000	0.0002	0.0002	0.0001	0.0001	0.0001	0.0000	0.0001	0.0001	0.0001	0.0000	0.0000	0.0000	0.0000	0.0000	0.0000	0.0000	0.0000	0.0000	0.0000	0.0000	0.0000	0.0000	0.0000	0.0000	0.0000	0.0000	0.0000			
45	80	0.2373	4	0	1	0	0	0	0	0	0	N	N	N	N	N	N	N	N	N	N	N	N	0.0470	0.0296	0.0000	0.0319	0.0284	0.0000	25.9331	31.0033	0.0000	0.0001	0.0001	0.0000	0.0003	0.0003	0.0000	0.0000	0.0000	0.0000	0.0013	0.0024	0.0000	0.0098	0.0118	0.0000	0.0000	0.0000	0.0000	0.0000	0.0009	-0.0000	-0.0002	20.1318	3.0825	17.5118	2.0124	0.0000	0.0000	0.0000	0.0000	0.0000	0.0000	0.0000	0.0000	0.0000	0.0003	0.0003	0.0000	0.0003	0.0003	0.0000	0.0000	0.0000	0.0000	0.4486	0.3924	0.0561	0.0541	0.0504	0.0036	0.3945	0.3420	0.0525	0.2129	0.1174	0.0955	0.0287	0.0238	0.0049	0.1841	0.0936	0.0906	0.0470	0.0296	0.0000	0.0319	0.0284	0.0000	25.9331	31.0033	0.0000	0.0013	0.0024	0.0000	0.0098	0.0118	0.0000	0.0000	0.0000	0.0000
45	81	0.2253	3	0	1	0	0	0	0	0	0	N	N	N	N	N	N	N	N	N	N	N	N	0.5541	0.3664	0.3876	0.0172	0.0149	0.0000	1.5508	0.5821	0.3914	0.0026	0.0030	0.0002	0.0004	0.0004	0.0000	0.0031	0.0036	0.0002	0.0048	0.0081	0.0006	0.0216	0.0257	0.0002	0.0020	0.0061	0.0006	0.0100	0.0555	-0.0006	-0.0004	20.1318	3.6751	17.5118	0.0788	0.0017	0.0017	0.0000	0.0000	0.0000	0.0000	0.0017	0.0016	0.0000	0.0008	0.0007	0.0000	0.0005	0.0005	0.0000	0.0003	0.0002	0.0000	0.6443	0.5679	0.0763	0.1086	0.1049	0.0036	0.5357	0.4630	0.0727	0.1630	0.0909	0.0721	0.0231	0.0193	0.0037	0.1399	0.0715	0.0683	0.5541	0.3664	0.3876	0.0172	0.0149	0.0000	1.5508	1.0612	0.3914	0.0048	0.0081	0.0006	0.0216	0.0257	0.0002	0.0020	0.0034	0.0006
45	82	0.1761	2	0	1	0	0	0	0	0	0	N	N	N	N	N	N	N	N	N	N	N	N	895.2405	680.7818	0.6102	5.5195	7.9652	0.0000	922.3990	473.9749	0.8223	0.8308	0.9555	0.0002	0.0048	0.0050	0.0000	0.8632	0.9969	0.0002	0.0009	0.0014	0.0003	0.0009	0.0006	0.0028	0.0009	0.0021	0.0002	0.0000	0.1725	-0.3636	-0.0003	20.1318	8.5011	17.5118	5.2406	0.9995	0.9995	0.0000	0.0002	0.0002	0.0000	0.9993	0.9993	0.0000	0.0006	0.0005	0.0001	0.0001	0.0000	0.0000	0.0005	0.0005	0.0001	1.2030	1.0460	0.1570	0.0454	0.0436	0.0018	1.1577	1.0024	0.1553	0.6297	0.3551	0.2746	0.0750	0.0668	0.0083	0.5547	0.2883	0.2663	895.2405	680.7818	0.6102	5.5195	7.9652	0.0000	922.3990	629.6586	0.8223	0.0009	0.0014	0.0003	0.0009	0.0006	0.0028	0.0009	0.0016	0.0002
46	47	0.3971	10	1	1	1	0	0	0	0	0	N	N	N	N	N	N	N	N	N	N	N	N	437299.6753	inf	0.0000	0.0000	0.0000	313817.8717	inf	0.0000	0.7011	0.7990	0.0000	0.0000	0.0000	0.0000	0.8227	0.9495	0.0000	0.0000	0.0000	0.0000	0.0000	0.0000	0.0000	0.0000	0.0000	0.0000	0.0000	inf	-0.3635	0.0000	15.0410	12.7633	10.9147	6.3722	0.9993	0.9993	0.0000	0.0000	0.0000	0.0000	0.9993	0.9993	0.0000	0.0000	0.0000	0.0000	0.0000	0.0000	0.0000	0.0000	0.0000	0.0000	1.4252	1.2506	0.1747	0.2106	0.1982	0.0124	1.2146	1.0524	0.1623	0.7272	0.4685	0.2587	0.2830	0.2234	0.0596	0.4442	0.2451	0.1991	437299.6753	inf	0.0000	0.0000	0.0000	0.0000	313817.8717	inf	0.0000	0.0000	0.0000	0.0000	0.0000	0.0000	0.0000	0.0000	0.0000	0.0000	
46	48	0.3919	9	0	1	0	0	0	0	0	0	N	N	N	N	N	N	N	N	N	N	N	N	1083.3105	758.1776	305.7363	244.5219	inf	inf	0.0133	0.0146	0.0000	0.0099	0.0101	0.0000	0.0147	0.0166	0.0000	0.0000	0.0000	0.0000	0.0000	0.0000	0.0000	0.0000	0.0000	0.0000	0.0000	0.0001	-0.0003	-0.0000	15.0410	0.3513	10.9147	1.9759	0.0009	0.0009	0.0000	0.0002	0.0002	0.0000	0.0007	0.0007	0.0000	0.0000	0.0000	0.0000	0.0000	0.0000	0.0000	0.0000	0.0000	0.0000	0.0682	0.0622	0.0059	0.0192	0.0189	0.0004	0.0489	0.0434	0.0055	0.0948	0.0606	0.0342	0.0362	0.0284	0.0078	0.0587	0.0322	0.0264	1083.3105	758.1776	0.0000	305.7363	244.5219	0.0000	inf	inf	0.0000	0.0000	0.0000	0.0000	0.0000	0.0000	0.0000	0.0000	0.0000	0.0000			
46	49	0.3916	8	0	1	0	0	0	0	0	0	N	N	N	N	N	N	N	N	N	N	N	N	inf	inf	inf	inf	inf	inf	0.0194	0.0223	0.0000	0.0702	0.0750	0.0000	0.0113	0.0131	0.0000	0.0000	0.0000	0.0000	0.0000	0.0000	0.0000	0.0000	0.0000	0.0000	0.0000	-0.0001	-0.0000	15.0410	0.1669	10.9147	0.0350	0.0004	0.0004	0.0000	0.0002	0.0002	0.0000	0.0002	0.0002	0.0000	0.0000	0.0000	0.0000	0.0000	0.0000	0.0000	0.0000	0.0000	0.0000	0.0196	0.0171	0.0025	0.0027	0.0025	0.0002	0.0169	0.0145	0.0023	0.0083	0.0053	0.0030	0.0032	0.0025	0.0007	0.0051	0.0028	0.0023	inf	inf	0.0000	inf	inf	0.0000	inf	inf	0.0000	0.0000	0.0000	0.0000	0.0000	0.0000	0.0000	0.0000	0.0000	0.0000				
46	50	0.3916	7	0	1	0	0	0	0	0	0	N	N	N	N	N	N	N	N	N	N	N	N	inf	inf	inf	inf	inf	inf	1.6218	1.8653	0.0000	1.9603	2.1475	0.0000	1.3830	1.6486	0.0000	0.0000	0.0000	0.0000	0.0000	0.0000	0.0000	0.0000	0.0000	0.0000	0.0000	-0.0001	0.0000	15.0410	0.0010	10.9147	0.0028	0.0004	0.0004	0.0000	0.0002	0.0002	0.0000	0.0002	0.0002	0.0000	0.0000	0.0000	0.0000	0.0000	0.0000	0.0000	0.0000	0.0000	0.0000	0.0002	0.0002	0.0000	0.0001	0.0001	0.0000	0.0001	0.0001	0.0000	0.0003	0.0002	0.0001	0.0001	0.0001	0.0000	0.0001	0.0001	0.0001	inf	inf	0.0000	inf	inf	0.0000	inf	inf	0.0000	0.0000	0.0000	0.0000	0.0000	0.0000	0.0000	0.0000	0.0000	0.0000				
46	51	0.3142	5	0	2	0	1	0	0	0	0	N	Y	N	N	N	N	N	N	N	N	N	N	682.2909	inf	0.0000	0.0745	inf	0.0000	680.5111	inf	0.0000	0.0028	0.0032	0.0000	0.0000	0.0000	0.0000	0.0033	0.0038	0.0000	0.0000	0.0000	0.0000	0.0000	0.0000	0.0000	0.0000	0.0000	0.0000	0.0000	inf	-0.0009	0.0000	15.0410	7.3891	10.9147	13.2142	0.0025	0.0025	0.0000	0.0000	0.0000	0.0000	0.0025	0.0025	0.0000	0.0000	0.0000	0.0000	0.0000	0.0000	0.0000	0.0000	0.0000	0.0000	0.8881	0.7750	0.1131	0.1310	0.1247	0.0064	0.7570	0.6503	0.1067	0.9017	0.5619	0.3398	0.2859	0.2218	0.0642	0.6157	0.3401	0.2756	682.2909	inf	0.0000	0.0745	inf	0.0000	680.5111	inf	0.0000	0.0000	0.0000	0.0000	0.0000	0.0000	0.0000	0.0000	0.0000	0.0000
46	52	0.3081	4	0	2	0	0	0	0	0	0	N	Y	N	N	N	N	N	N	N	N	N	N	39429.4470	inf	0.0000	356.5803	inf	0.0000	36451.1438	inf	0.0000	0.1761	0.2001	0.0000	0.0000	0.0000	0.0000	0.2066	0.2384	0.0000	0.0000	0.0000	0.0000	0.0000	0.0000	0.0000	0.0000	0.0000	0.0000	0.0000	inf	-0.0934	0.0000	15.0410	12.1779	10.9147	13.0455	0.2568	0.2568	0.0000	0.0000	0.0000	0.0000	0.2568	0.2568	0.0000	0.0000	0.0000	0.0000	0.0000	0.0000	0.0000	0.0000	0.0000	0.0000	1.4589	1.2834	0.1754	0.2158	0.2061	0.0098	1.2430	1.0774	0.1657	0.9121	0.5584	0.3537	0.1948	0.1705	0.0243	0.7173	0.3879	0.3294	39429.4470	inf	0.0000	356.5803	inf	0.0000	36451.1438	inf	0.0000	0.0000	0.0000	0.0000	0.0000	0.0000	0.0000	0.0000	0.0000	0.0000
46	53	0.3990	8	0	2	0	0	0	0	0	0	N	Y	N	N	N	N	N	N	N	N	N	N	0.0000	0.0000	0.0000	0.0000	0.0000	0.0000	0.0000	0.0000	0.0000	0.0000	0.0000	0.0000	0.0000	0.0000	0.0000	0.0000	0.0000	0.0000	0.0000	0.0000	0.0000	0.0000	0.0000	0.0000	inf	0.0000	0.0000	15.0410	3.0001	10.9147	3.0003	0.0000	0.0000	0.0000	0.0000	0.0000	0.0000	0.0000	0.0000	0.0000	0.0000	0.0000	0.0000	0.0000	0.0000	0.0000	0.0000	0.0000	0.0000	0.3460	0.3019	0.0441	0.0484	0.0452	0.0031	0.2977	0.2567	0.0410	0.2370	0.1511	0.0860	0.0895	0.0700	0.0195	0.1475	0.0811	0.0664	0.0000	0.0000	0.0000	0.0000	0.0000	0.0000	0.0000	0.0000	0.0000	0.0000	0.0000	0.0000	0.0000	0.0000	0.0000	0.0000	0.0000	0.0000				
46	54	0.3916	7	0	1	0	0	0	0	0	0	N	N	N	N	N	N	N	N	N	N	N	N	23603.5424	17262.0014	65450.3314	54708.5654	0.0008	0.0009	0.0000	0.0060	0.0064	0.0000	0.0000	0.0000	0.0000	0.0000	0.0000	0.0000	0.0000	0.0000	0.0000	0.0000	0.0000	0.0000	0.0000	0.0000	-0.0001	-0.0000	15.0410	1.9998	10.9147	1.0017	0.0002	0.0002	0.0000	0.0002	0.0002	0.0000	0.0000	0.0000	0.0000	0.0000	0.0000	0.0000	0.0000	0.0000	0.0000	0.0000	0.0000	0.0000	0.2312	0.2016	0.0296	0.0317	0.0296	0.0021	0.1996	0.1720	0.0275	0.1207	0.0769	0.0437	0.0458	0.0358	0.0100	0.0748	0.0411	0.0337	23603.5424	17262.0014	0.0000	65450.3314	54708.5654	0.0000	0.0000	0.0000	0.0000	0.0000	0.0000	0.0000	0.0000	0.0000	0.0000	0.0000	0.0000	0.0000					
46	55	0.3336	6	0	1	0	0	0	0	0	0	N	N	N	N	N	N	N	N	N	N	N	N	inf	inf	inf	inf	0.0002	0.0002	0.0000	0.0000	0.0000	0.0000	0.0002	0.0003	0.0000	0.0000	0.0000	0.0000	0.0000	0.0000	0.0000	0.0000	0.0000	0.0000	0.0000	-0.0001	-0.0000	15.0410	8.0033	10.9147	9.9473	0.0002	0.0002	0.0000	0.0000	0.0000	0.0000	0.0002	0.0002	0.0000	0.0000	0.0000	0.0000	0.0000	0.0000	0.0000	0.0000	0.0000	0.0000	0.9436	0.8256	0.1180	0.1373	0.1302	0.0071	0.8063	0.6954	0.1109	0.7451	0.4719	0.2732	0.2509	0.1967	0.0543	0.4941	0.2753	0.2189	inf	inf	0.0000	0.0000	0.0000	0.0000	inf	inf	0.0000	0.0000	0.0000	0.0000	0.0000	0.0000	0.0000	0.0000	0.0000	0.0000						
46	56	0.2933	2	0	2	0	0	0	0	0	0	N	Y	N	N	N	N	N	N	N	N	N	N	0.0000	0.0000	0.0000	0.0000	0.0000	0.0322	0.0000	0.0000	0.0000	0.0000	0.0000	0.0002	0.0000	0.0000	0.0002	0.0000	0.0000	0.0002	1.9935	0.7412	7.4458	0.3087	0.3161	0.0053	2.1821	0.0002	6.7345	inf	15.0109	0.0000	0.3687	15.0410	5.0156	10.9147	9.5596	0.0000	0.0000	0.0000	0.0000	0.0000	0.0000	0.0000	0.0000	0.0000	1.0581	0.0661	0.9920	0.0663	0.0660	0.0002	0.9918	0.0001	0.9917	0.5939	0.5176	0.0764	0.0624	0.0594	0.0030	0.5315	0.4581	0.0734	0.9051	0.5771	0.3280	0.3208	0.2758	0.0450	0.5843	0.3013	0.2831	0.0000	0.0000	0.0001	0.0000	0.0000	0.0322	0.0000	0.0000	0.0000	1.1690	0.1145	3.0242	0.2066	0.2394	0.0053	1.6974	0.0002	3.5037
46	63	0.4130	9	1	2	0	1	0	0	0	0	N	Y	N	N	N	N	N	N	N	N	N	N	0.0000	0.0000	0.0000	0.0000	0.0000	0.0000	0.0000	0.0000	0.0000	0.0000	0.0000	0.0000	0.0000	0.0000	0.0000	0.0000	0.0000	0.0000	0.0000	0.0000	15.0410	2.0000	10.9147	2.0002	0.0000	0.0000	0.0000	0.0000	0.0000	0.0000	0.0000	0.0000	0.0000	0.0000	0.0000	0.0000	0.0000	0.0000	0.0000	0.0000	0.0000	0.0000	0.2291	0.2008	0.0283	0.0491	0.0457	0.0034	0.1800	0.1551	0.0249	0.1495	0.0929	0.0566	0.0453	0.0359	0.0095	0.1042	0.0570	0.0472	0.0000	0.0000	0.0000	0.0000	0.0000	0.0000	0.0000	0.0000	0.0000	0.0000	0.0000	0.0000	0.0000	0.0000	0.0000	0.0000	0.0000	0.0000											
46	64	0.4287	13	0	2	0	1	0	0	0	0	N	Y	N	N	N	N	N	N	N	N	N	N	0.0000	0.0000	0.0000	0.0000	0.0000	0.0000	0.0000	0.0000	0.0000	0.0000	0.0000	0.0000	0.0000	0.0000	0.0000	0.0000	0.0113	0.0183	0.0000	0.0347	0.0430	0.0000	0.0000	0.0000	0.0000	0.0002	0.0000	-0.0017	15.0410	2.0059	10.9147	4.8036	0.0000	0.0000	0.0000	0.0000	0.0000	0.0000	0.0000	0.0000	0.0000	0.0029	0.0028	0.0000	0.0028	0.0028	0.0000	0.0000	0.0000	0.0000	0.2318	0.2034	0.0284	0.0533	0.0496	0.0037	0.1785	0.1538	0.0247	0.2528	0.1601	0.0927	0.0822	0.0663	0.0159	0.1706	0.0938	0.0769	0.0000	0.0000	0.0000	0.0000	0.0000	0.0000	0.0000	0.0000	0.0000	0.0113	0.0178	0.0000	0.0347	0.0430	0.0000	0.0000	0.0000	0.0000			
46	65	0.4259	11	0	2	0	0	0	0	0	0	N	Y	N	N	N	N	N	N	N	N	N	N	0.0000	0.0000	0.0000	0.0000	0.0000	0.0000	0.0000	0.0000	0.0000	0.0000	0.0000	0.0000	0.0000	0.0000	0.0000	0.0000	0.0000	0.0000	0.0013	0.0018	0.0005	0.0034	0.0041	0.0002	0.0002	0.0000	0.0005	0.1616	0.0000	-0.0000	15.0410	0.9804	10.9147	0.2754	0.0000	0.0000	0.0000	0.0000	0.0000	0.0000	0.0000	0.0000	0.0000	0.0001	0.0001	0.0000	0.0001	0.0001	0.0000	0.0000	0.0000	0.0000	0.1364	0.1176	0.0188	0.0427	0.0363	0.0064	0.0937	0.0813	0.0124	0.0528	0.0326	0.0201	0.0174	0.0143	0.0032	0.0353	0.0183	0.0170	0.0000	0.0000	0.0000	0.0000	0.0000	0.0000	0.0000	0.0000	0.0000	0.0013	0.0018	0.0005	0.0034	0.0041	0.0002	0.0002	0.0000	0.0005	
46	66	0.4237	12	0	1	1	1	0	0	0	0	N	N	N	N	N	N	N	N	N	N	N	N	0.0000	0.0000	0.0000	0.0000	0.0000	0.0000	0.0000	0.0000	0.0000	0.0000	0.0000	0.0000	0.0000	0.0002	0.0004	0.0000	0.0007	0.0009	0.0000	0.0000	0.0000	0.0000	0.0000	0.0000	-0.0000	15.0410	0.9437	10.9147	4.8091	0.0000	0.0000	0.0000	0.0000	0.0000	0.0000	0.0000	0.0000	0.0000	0.0000	0.0000	0.0000	0.0000	0.0000	0.0000	0.0000	0.0000	0.0000	0.1494	0.1306	0.0187	0.0481	0.0452	0.0029	0.1013	0.0854	0.0158	0.2198	0.1394	0.0804	0.0712	0.0576	0.0135	0.1486	0.0817	0.0669	0.0000	0.0000	0.0000	0.0000	0.0000	0.0000	0.0000	0.0000	0.0000	0.0002	0.0004	0.0000	0.0007	0.0009	0.0000	0.0000	0.0000	0.0000						
46	67	0.4167	11	0	1	1	1	0	0	0	0	N	N	N	N	N	N	N	N	N	N	N	N	0.0000	0.0000	0.0000	0.0000	0.0000	0.0000	0.0000	0.0000	0.0000	0.0000	0.0000	0.0000	0.0000	0.0000	0.0000	0.0000	0.0000	0.0000	0.0000	0.0000	15.0410	4.0088	10.9147	5.0246	0.0000	0.0000	0.0000	0.0000	0.0000	0.0000	0.0000	0.0000	0.0000	0.0000	0.0000	0.0000	0.0000	0.0000	0.0000	0.0000	0.0000	0.0000	0.4547	0.3988	0.0559	0.0979	0.0911	0.0067	0.3568	0.3076	0.0492	0.3324	0.2071	0.1252	0.1010	0.0805	0.0205	0.2314	0.1267	0.1047	0.0000	0.0000	0.0000	0.0000	0.0000	0.0000	0.0000	0.0000	0.0000	0.0000	0.0000	0.0000	0.0000	0.0000	0.0000	0.0000	0.0000	0.0000											
46	68	0.4287	13	0	1	1	1	0	0	0	0	N	N	N	N	N	N	N	N	N	N	N	N	0.0000	0.0000	0.0000	0.0000	0.0000	0.0000	0.0000	0.0000	0.0000	0.0000	0.0000	0.0000	0.0000	0.0000	5.6932	0.0000	30.0908	0.0000	0.0000	0.0000	7.5351	0.0000	33.9196	inf	0.0000	0.4097	15.0410	1.0064	10.9147	4.2000	0.0000	0.0000	0.0000	0.0000	0.0000	0.0000	0.0000	0.0000	0.0000	0.9971	0.0000	0.9971	0.0000	0.0000	0.0000	0.9971	0.0000	0.9971	0.1176	0.1031	0.0144	0.0272	0.0253	0.0019	0.0904	0.0778	0.0126	0.1968	0.1249	0.0718	0.0644	0.0521	0.0123	0.1323	0.0728	0.0595	0.0000	0.0000	0.0000	0.0000	0.0000	0.0000	0.0000	0.0000	0.0000	5.0678	0.0000	13.8807	0.0000	0.0000	0.0000	7.5351	0.0000	16.7497					
46	69	0.4237	12	0	1	0	1	0	0	0	0	N	N	N	N	N	N	N	N	N	N	N	N	0.0000	0.0000	0.0000	0.0000	0.0000	0.0000	0.0000	0.0000	0.0000	0.0000	0.0000	0.0000	0.0000	0.0000	0.0000	0.0000	0.0539	0.0011	0.1154	0.0021	0.0025	0.0000	0.1378	0.0000	0.1377	56.4981	0.0000	0.0011	15.0410	1.2889	10.9147	0.3511	0.0000	0.0000	0.0000	0.0000	0.0000	0.0000	0.0000	0.0000	0.0000	0.0029	0.0001	0.0028	0.0001	0.0001	0.0000	0.0028	0.0000	0.0028	0.1888	0.1653	0.0236	0.0567	0.0533	0.0035	0.1321	0.1120	0.0201	0.0705	0.0458	0.0247	0.0241	0.0201	0.0040	0.0464	0.0257	0.0207	0.0000	0.0000	0.0000	0.0000	0.0000	0.0000	0.0000	0.0000	0.0000	0.0412	0.0011	0.1154	0.0021	0.0025	0.0000	0.0614	0.0000	0.1377			
46	70	0.4167	11	0	1	0	1	0	0	0	0	N	N	N	N	N	N	N	N	N	N	N	N	0.0000	0.0000	0.0000	0.0000	0.0000	0.0000	0.0000	0.0000	0.0000	0.0000	0.0000	0.0000	0.0000	0.0006	0.0000	0.0017	0.0000	0.0000	0.0000	0.0009	0.0000	0.0021	inf	0.0000	0.0000	15.0410	0.7777	10.9147	1.1718	0.0000	0.0000	0.0000	0.0000	0.0000	0.0000	0.0000	0.0000	0.0000	0.0000	0.0000	0.0000	0.0000	0.0000	0.0000	0.0000	0.0000	0.0000	0.0904	0.0792	0.0112	0.0196	0.0183	0.0013	0.0708	0.0609	0.0098	0.0786	0.0496	0.0290	0.0249	0.0202	0.0047	0.0536	0.0293	0.0243	0.0000	0.0000	0.0000	0.0000	0.0000	0.0000	0.0000	0.0000	0.0000	0.0006	0.0000	0.0017	0.0000	0.0000	0.0000	0.0009	0.0000	0.0021						
46	71	0.4130	10	0	1	0	1	0	0	0	0	N	N	N	N	N	N	N	N	N	N	N	N	0.0000	0.0000	0.0000	0.0000	0.0000	0.0000	0.0000	0.0000	0.0000	0.0000	0.0000	0.0000	0.0000	0.0000	0.0000	0.0000	0.0000	0.0000	0.0000	0.0000	15.0410	0.9929	10.9147	0.0325	0.0000	0.0000	0.0000	0.0000	0.0000	0.0000	0.0000	0.0000	0.0000	0.0000	0.0000	0.0000	0.0000	0.0000	0.0000	0.0000	0.0000	0.0000	0.1144	0.1003	0.0142	0.0245	0.0228	0.0017	0.0899	0.0774	0.0125	0.0391	0.0243	0.0148	0.0119	0.0094	0.0025	0.0271	0.0149	0.0123	0.0000	0.0000	0.0000	0.0000	0.0000	0.0000	0.0000	0.0000	0.0000	0.0000	0.0000	0.0000	0.0000	0.0000	0.0000	0.0000	0.0000	0.0000											
46	72	0.4581	9	1	2	0	0	0	0	0	0	N	Y	N	N	N	N	N	N	N	N	N	N	0.0000	0.0000	0.0000	0.0000	0.0000	0.0000	0.0000	0.0000	0.0000	0.0000	0.0000	0.0000	0.0000	0.0000	0.0000	0.0000	0.0000	0.0000	0.0000	0.0000	15.0410	0.0000	10.9147	0.0001	0.0000	0.0000	0.0000	0.0000	0.0000	0.0000	0.0000	0.0000	0.0000	0.0000	0.0000	0.0000	0.0000	0.0000	0.0000	0.0000	0.0000	0.0000	0.0000	0.0000	0.0000	0.0000	0.0000	0.0000	0.0000	0.0000	0.0000	0.0000	0.0000	0.0000	0.0000	0.0000	0.0000	0.0000	0.0000	0.0000	0.0000	0.0000	0.0000	0.0000	0.0000	0.0000	0.0000	0.0000	0.0000	0.0000	0.0000	0.0000	0.0000	0.0000	0.0000	0.0000	0.0000	0.0000											
46	73	0.3948	8	1	2	0	0	0	0	0	0	N	Y	N	N	N	N	N	N	N	N	N	N	214.0862	379.8069	0.0000	788.6619	672.2510	0.0000	0.0000	0.0000	0.0089	0.0102	0.0000	0.0437	0.0469	0.0000	0.0000	0.0000	0.0000	0.0000	0.0000	0.0001	0.0001	0.0001	0.0000	0.0000	0.0000	0.0001	0.0000	1.5142	-0.0036	0.0000	15.0410	9.9619	10.9147	7.0378	0.0099	0.0099	0.0000	0.0099	0.0099	0.0000	0.0000	0.0000	0.0000	0.0000	0.0000	0.0000	0.0000	0.0000	0.0000	0.0000	0.0000	0.0000	1.1117	0.9762	0.1355	0.2266	0.2113	0.0153	0.8851	0.7649	0.1202	0.6024	0.3733	0.2292	0.1801	0.1430	0.0371	0.4223	0.2303	0.1920	214.0862	379.8069	0.0000	788.6619	672.2510	0.0000	0.0000	0.0000	0.0000	0.0000	0.0000	0.0001	0.0001	0.0001	0.0000	0.0000	0.0000	0.0001	
46	74	0.4067	8	0	2	0	0	0	0	0	0	N	Y	N	N	N	N	N	N	N	N	N	N	191.4959	25219.2221	0.0000	29747.7757	38759.6436	0.0000	0.0018	inf	0.0000	1.0632	1.2057	0.0000	3.9981	4.2621	0.0000	0.0000	0.0000	0.0000	0.0056	0.0000	0.0144	0.0001	0.0001	0.0002	0.0082	0.0000	0.0173	0.0000	187.0650	-0.3633	0.0008	15.0410	7.0442	10.9147	2.0273	0.9988	0.9988	0.0000	0.9988	0.9988	0.0000	0.0000	0.0000	0.0000	0.0019	0.0000	0.0019	0.0000	0.0000	0.0000	0.0019	0.0000	0.0019	0.9394	0.8284	0.1111	0.2498	0.2343	0.0155	0.6896	0.5940	0.0956	0.3380	0.2087	0.1293	0.1121	0.0907	0.0214	0.2259	0.1180	0.1079	191.4959	25219.2221	0.0000	29747.7757	38759.6436	0.0000	0.0018	inf	0.0000	0.0056	0.0000	0.0144	0.0001	0.0001	0.0002	0.0082	0.0000	0.0173
46	75	0.3828	7	0	2	0	0	0	0	0	0	N	Y	N	N	N	N	N	N	N	N	N	N	0.3575	0.2626	0.0000	0.4777	0.3988	0.0000	0.0001	0.0003	0.0000	0.0025	0.0028	0.0000	0.0104	0.0109	0.0000	0.0000	0.0000	0.0000	0.0070	0.0107	0.0008	0.0217	0.0273	0.0000	0.0005	0.0001	0.0009	0.0000	0.0433	-0.0005	-0.0011	15.0410	4.3369	10.9147	3.0972	0.0015	0.0015	0.0000	0.0015	0.0015	0.0000	0.0000	0.0000	0.0000	0.0020	0.0019	0.0001	0.0019	0.0019	0.0000	0.0001	0.0000	0.0001	0.5945	0.5252	0.0693	0.1427	0.1360	0.0067	0.4518	0.3892	0.0626	0.2822	0.1755	0.1067	0.0863	0.0687	0.0177	0.1959	0.1069	0.0890	0.3575	0.2626	0.0000	0.4777	0.3988	0.0000	0.0001	0.0003	0.0000	0.0070	0.0107	0.0008	0.0217	0.0273	0.0000	0.0005	0.0001	0.0009
46	76	0.4700	12	1	2	0	0	0	0	0	0	N	Y	N	N	N	N	N	N	N	N	N	N	0.0000	0.0000	0.0000	0.0000	0.0000	0.0000	0.0000	0.0000	0.0000	0.0000	0.0000	0.0000	0.0000	0.0000	0.0000	0.0000	0.0000	0.0000	0.0000	0.0000	15.0410	1.9992	10.9147	0.0055	0.0000	0.0000	0.0000	0.0000	0.0000	0.0000	0.0000	0.0000	0.0000	0.0000	0.0000	0.0000	0.0000	0.0000	0.0000	0.0000	0.0000	0.0000	0.3149	0.2781	0.0368	0.0815	0.0763	0.0052	0.2334	0.2018	0.0316	0.1003	0.0642	0.0361	0.0354	0.0278	0.0076	0.0649	0.0365	0.0285	0.0000	0.0000	0.0000	0.0000	0.0000	0.0000	0.0000	0.0000	0.0000	0.0000	0.0000	0.0000	0.0000	0.0000	0.0000	0.0000	0.0000	0.0000											
46	77	0.4259	11	1	2	0	0	0	0	0	0	N	Y	N	N	N	N	N	N	N	N	N	N	0.0000	0.0000	0.0000	0.0000	0.0000	0.0000	0.0000	0.0000	0.0000	0.0000	0.0000	0.0000	0.0000	0.0000	0.0000	0.0000	0.0000	0.0000	0.0000	-0.0000	15.0410	5.0219	10.9147	2.0148	0.0000	0.0000	0.0000	0.0000	0.0000	0.0000	0.0000	0.0000	0.0000	0.0000	0.0000	0.0000	0.0000	0.0000	0.0000	0.0000	0.0000	0.0000	0.5881	0.5145	0.0737	0.1393	0.1267	0.0125	0.4489	0.3877	0.0611	0.2635	0.1636	0.0999	0.0818	0.0653	0.0165	0.1817	0.0982	0.0835	0.0000	0.0000	0.0000	0.0000	0.0000	0.0000	0.0000	0.0000	0.0000	0.0000	0.0000	0.0000	0.0000	0.0000	0.0000	0.0000	0.0000	0.0000											
46	78	0.4130	10	0	2	0	0	0	0	0	0	N	Y	N	N	N	N	N	N	N	N	N	N	0.0000	0.0000	0.0000	0.0000	0.0000	0.0000	0.0000	0.0000	0.0000	0.0000	0.0000	0.0000	0.0000	0.0000	0.0000	0.0000	0.0000	0.0000	0.0005	0.0005	0.0004	0.0002	0.0003	0.0000	0.0006	0.0007	0.0004	0.4029	0.0000	-0.0000	15.0410	1.0203	10.9147	2.7327	0.0000	0.0000	0.0000	0.0000	0.0000	0.0000	0.0000	0.0000	0.0000	0.0001	0.0000	0.0000	0.0000	0.0000	0.0000	0.0001	0.0000	0.0000	0.1175	0.1030	0.0145	0.0252	0.0235	0.0017	0.0923	0.0795	0.0128	0.1405	0.0873	0.0532	0.0426	0.0337	0.0089	0.0979	0.0536	0.0443	0.0000	0.0000	0.0000	0.0000	0.0000	0.0000	0.0000	0.0000	0.0000	0.0005	0.0005	0.0004	0.0002	0.0003	0.0000	0.0006	0.0007	0.0004	
46	79	0.4130	9	0	1	0	0	0	0	0	0	N	N	N	N	N	N	N	N	N	N	N	N	0.0000	0.0000	0.0000	0.0000	0.0000	0.0000	0.0000	0.0000	0.0000	0.0000	0.0000	0.0000	0.0000	0.0000	0.0000	0.0000	0.0000	0.0000	0.0000	0.0000	15.0410	0.0000	10.9147	0.0018	0.0000	0.0000	0.0000	0.0000	0.0000	0.0000	0.0000	0.0000	0.0000	0.0000	0.0000	0.0000	0.0000	0.0000	0.0000	0.0000	0.0000	0.0000	0.0000	0.0000	0.0000	0.0000	0.0000	0.0000	0.0000	0.0000	0.0000	0.0002	0.0001	0.0001	0.0001	0.0001	0.0000	0.0001	0.0001	0.0000	0.0000	0.0000	0.0000	0.0000	0.0000	0.0000	0.0000	0.0000	0.0000	0.0000	0.0000	0.0000	0.0000	0.0000	0.0000	0.0000	0.0000	0.0000											
46	80	0.3948	8	0	1	0	0	0	0	0	0	N	N	N	N	N	N	N	N	N	N	N	N	20848.3579	37275.8487	0.0000	1.5196	1.2963	0.0000	30509.2406	inf	0.0000	2.6902	3.0634	0.0000	0.0003	0.0003	0.0000	3.4245	3.9698	0.0000	0.0001	0.0001	0.0002	0.0002	0.0002	0.0000	0.0001	0.0000	0.0002	0.0000	1.5222	-0.3602	0.0000	15.0410	3.0825	10.9147	2.0124	0.9901	0.9901	0.0000	0.0000	0.0000	0.0000	0.9901	0.9901	0.0000	0.0000	0.0000	0.0000	0.0000	0.0000	0.0000	0.0000	0.0000	0.0000	0.3680	0.3232	0.0448	0.0789	0.0738	0.0051	0.2891	0.2494	0.0397	0.1950	0.1214	0.0736	0.0601	0.0477	0.0123	0.1349	0.0737	0.0613	20848.3579	37275.8487	0.0000	1.5196	1.2963	0.0000	30509.2406	inf	0.0000	0.0001	0.0001	0.0002	0.0002	0.0002	0.0000	0.0001	0.0000	0.0002
46	81	0.3828	7	0	1	0	0	0	0	0	0	N	N	N	N	N	N	N	N	N	N	N	N	24.0904	57.8537	0.0000	3.1458	2.7006	0.0000	27.4986	163.5359	0.0000	0.0194	0.0220	0.0000	0.0018	0.0018	0.0000	0.0253	0.0293	0.0000	0.0008	0.0004	0.0015	0.0006	0.0007	0.0001	0.0009	0.0002	0.0018	0.0000	2.4001	-0.0037	0.0000	15.0410	3.6751	10.9147	0.0788	0.0101	0.0101	0.0000	0.0002	0.0002	0.0000	0.0099	0.0099	0.0000	0.0001	0.0000	0.0001	0.0000	0.0000	0.0000	0.0001	0.0000	0.0001	0.5215	0.4613	0.0602	0.1294	0.1237	0.0058	0.3921	0.3377	0.0545	0.1480	0.0925	0.0555	0.0462	0.0369	0.0093	0.1018	0.0556	0.0462	24.0904	57.8537	0.0000	3.1458	2.7006	0.0000	27.4986	163.5359	0.0000	0.0008	0.0004	0.0015	0.0006	0.0007	0.0001	0.0009	0.0002	0.0018
46	82	0.3336	6	0	1	0	0	0	0	0	0	N	N	N	N	N	N	N	N	N	N	N	N	1.4811	1.0823	0.0000	0.0000	10.6279	6.9287	0.0002	0.0003	0.0000	0.0000	0.0000	0.0000	0.0003	0.0003	0.0000	0.0002	0.0002	0.0000	0.0004	0.0005	0.0000	0.0000	0.0000	0.0000	0.0000	0.0000	-0.0001	-0.0001	15.0410	8.5011	10.9147	5.2406	0.0002	0.0002	0.0000	0.0000	0.0000	0.0000	0.0002	0.0002	0.0000	0.0001	0.0001	0.0000	0.0001	0.0001	0.0000	0.0000	0.0000	0.0000	0.9970	0.8723	0.1246	0.1442	0.1366	0.0075	0.8528	0.7357	0.1171	0.6053	0.3870	0.2183	0.2122	0.1659	0.0463	0.3931	0.2211	0.1720	1.4811	1.0823	0.0000	0.0000	0.0000	0.0000	10.6279	6.9287	0.0000	0.0002	0.0002	0.0000	0.0004	0.0005	0.0000	0.0000	0.0000	0.0000			
47	51	0.1400	6	1	1	1	1	0	0	0	0	N	N	N	N	N	N	N	N	N	N	N	N	1.0396	0.7277	0.0000	0.3443	0.2910	0.0000	1.1479	0.6028	0.0000	1.3779	1.5691	0.0000	0.0061	0.0063	0.0000	1.5808	1.8258	0.0000	1.3254	2.1561	0.0000	0.0177	0.0218	0.0003	1.3770	3.0288	0.0000	0.0000	0.0001	-0.3639	-0.0758	12.7633	7.3891	6.3722	13.2142	1.0003	1.0003	0.0000	0.0006	0.0006	0.0000	0.9998	0.9998	0.0000	0.1288	0.1287	0.0000	0.0021	0.0021	0.0000	0.1267	0.1267	0.0000	0.7260	0.6375	0.0884	0.0935	0.0899	0.0036	0.6325	0.5476	0.0849	0.5165	0.3063	0.2103	0.1174	0.0951	0.0223	0.3991	0.2111	0.1879	5.5278	3.7326	0.0000	0.3443	0.2910	0.0000	4.9804	3.0433	0.0000	0.2493	0.4204	0.0000	0.0177	0.0218	0.0003	0.3174	0.5999	0.0000
47	52	0.1462	7	1	1	1	0	0	0	0	0	N	N	N	N	N	N	N	N	N	N	N	N	0.7451	861.8318	1.3811	2177.1643	2215.3405	0.0000	0.6576	43.2279	1.4539	1.8804	0.3417	13.0026	2.7631	2.9221	0.0000	1.7728	0.0000	13.6671	2.5236	0.0004	9.4149	0.0013	0.0013	0.0011	2.6957	0.0000	9.4005	5.2640	7650.0188	1.0369	0.4106	12.7633	12.1779	6.3722	13.0455	2.1758	0.3473	1.8284	0.3473	0.3473	0.0000	1.8284	0.0000	1.8284	0.9996	0.0001	0.9995	0.0002	0.0001	0.0000	0.9995	0.0000	0.9995	1.1571	1.0165	0.1406	0.1257	0.1189	0.0068	1.0314	0.8976	0.1338	0.5669	0.3295	0.2374	0.1266	0.0990	0.0276	0.4403	0.2305	0.2098	1.0664	861.8318	3.0886	2177.1643	2215.3405	0.0000	0.7810	43.2279	2.8691	1.7632	0.0004	4.2099	0.0013	0.0013	0.0011	2.2698	0.0000	4.7636
47	53	0.0700	5	1	1	1	0	0	0	0	0	N	N	N	N	N	N	N	N	N	N	N	N	0.0000	0.0000	0.0000	0.0000	0.0000	0.0000	0.0000	0.0000	0.0000	0.0000	0.0000	0.0000	0.0000	0.0000	0.0000	0.0000	0.0002	0.0005	0.0000	0.0067	0.0078	0.0000	0.0000	0.0000	0.0000	0.0004	0.0000	-0.0000	12.7633	3.0001	6.3722	3.0003	0.0000	0.0000	0.0000	0.0000	0.0000	0.0000	0.0000	0.0000	0.0000	0.0000	0.0000	0.0000	0.0000	0.0000	0.0000	0.0000	0.0000	0.0000	0.2789	0.2419	0.0370	0.0048	0.0048	0.0001	0.2741	0.2371	0.0370	0.1616	0.0823	0.0792	0.0060	0.0051	0.0009	0.1556	0.0772	0.0783	0.0000	0.0000	0.0000	0.0000	0.0000	0.0000	0.0000	0.0000	0.0000	0.0002	0.0005	0.0000	0.0067	0.0078	0.0000	0.0000	0.0000	0.0000			
47	54	0.0626	4	1	0	1	0	0	0	0	0	N	N	N	N	N	N	N	N	N	N	N	N	0.2780	0.1855	0.0000	0.7713	0.6645	0.0000	0.0000	0.0000	0.0011	0.0013	0.0000	0.0740	0.0747	0.0000	0.0000	0.0000	0.0000	0.0041	0.0071	0.0010	0.0960	0.1124	0.0000	0.0005	0.0000	0.0010	0.0000	0.1370	-0.0001	-0.0002	12.7633	1.9998	6.3722	1.0017	0.0002	0.0002	0.0000	0.0002	0.0002	0.0000	0.0000	0.0000	0.0000	0.0003	0.0003	0.0000	0.0003	0.0003	0.0000	0.0000	0.0000	0.0000	0.1869	0.1620	0.0249	0.0029	0.0029	0.0000	0.1840	0.1591	0.0249	0.0824	0.0419	0.0405	0.0031	0.0027	0.0005	0.0793	0.0392	0.0400	0.2780	0.1855	0.0000	0.7713	0.6645	0.0000	0.0000	0.0000	0.0000	0.0041	0.0071	0.0010	0.0960	0.1124	0.0000	0.0005	0.0000	0.0010	
47	56	0.2038	11	1	1	1	0	0	0	0	0	N	N	N	N	N	N	N	N	N	N	N	N	0.0006	0.0000	0.0052	0.0025	0.0000	0.5086	0.0000	0.0000	0.0000	0.0000	0.0000	0.0000	0.0000	0.0000	0.0000	0.0000	0.0000	0.0000	0.0002	0.0002	0.0002	0.0003	0.0004	0.0000	0.0001	0.0000	0.0002	inf	0.4278	0.0000	-0.0000	12.7633	5.0156	6.3722	9.5596	0.0000	0.0000	0.0000	0.0000	0.0000	0.0000	0.0000	0.0000	0.0000	0.0001	0.0000	0.0000	0.0000	0.0000	0.0000	0.0000	0.0000	0.0000	0.4661	0.4086	0.0574	0.0605	0.0571	0.0034	0.4056	0.3515	0.0541	0.3967	0.2586	0.1381	0.1563	0.1312	0.0251	0.2404	0.1274	0.1130	0.0006	0.0000	0.0052	0.0025	0.0000	0.5086	0.0000	0.0000	0.0000	0.0002	0.0002	0.0002	0.0003	0.0004	0.0000	0.0001	0.0000	0.0002
47	57	0.1824	10	1	1	1	0	0	0	0	0	N	N	N	N	N	N	N	N	N	N	N	N	0.0166	0.0123	0.1308	0.0476	0.0377	0.9421	0.0000	0.0000	0.0008	0.0001	0.0001	0.0000	0.0003	0.0003	0.0004	0.0000	0.0000	0.0000	0.0046	0.0066	0.0003	0.0072	0.0090	0.0005	0.0023	0.0082	0.0003	0.0770	0.0241	-0.0000	-0.0012	12.7633	5.2776	6.3722	4.9316	0.0000	0.0000	0.0000	0.0000	0.0000	0.0000	0.0000	0.0000	0.0000	0.0021	0.0020	0.0000	0.0015	0.0015	0.0000	0.0005	0.0005	0.0000	0.6302	0.5530	0.0772	0.1407	0.1327	0.0080	0.4895	0.4202	0.0692	0.4444	0.3033	0.1411	0.2106	0.1671	0.0435	0.2338	0.1362	0.0976	0.0166	0.0123	0.1308	0.0476	0.0377	0.9421	0.0000	0.0000	0.0008	0.0046	0.0066	0.0003	0.0072	0.0090	0.0005	0.0023	0.0037	0.0003
47	58	0.1544	9	1	0	1	0	0	0	0	0	N	N	N	N	N	N	N	N	N	N	N	N	0.0003	0.0004	0.0000	0.1396	0.1259	0.0000	0.0000	0.0000	0.0000	0.0006	0.0006	0.0000	0.0063	0.0066	0.0000	0.0001	0.0001	0.0000	1.6940	1.6928	2.5558	0.0449	0.0526	0.0087	1.6863	2.8332	2.0363	0.0000	2.1598	-0.0001	0.0162	12.7633	6.4383	6.3722	5.2340	0.0003	0.0003	0.0000	0.0003	0.0003	0.0000	0.0000	0.0000	0.0000	0.1712	0.0542	0.1170	0.0038	0.0037	0.0001	0.1674	0.0505	0.1169	0.5926	0.5176	0.0750	0.0453	0.0428	0.0025	0.5474	0.4749	0.0725	0.3188	0.1980	0.1208	0.0852	0.0701	0.0151	0.2336	0.1278	0.1058	0.0010	0.0023	0.0000	0.1396	0.1259	0.0000	0.0001	0.0002	0.0000	0.5370	0.2737	0.9684	0.0449	0.0526	0.0087	0.7165	0.3949	1.1052
47	59	0.1462	8	1	0	1	0	0	0	0	0	N	N	N	N	N	N	N	N	N	N	N	N	41.6180	76.6423	0.0000	1873.1274	1718.2547	0.0000	0.0000	0.0000	0.0000	1.0090	1.1362	0.0000	5.0515	5.3106	0.0000	0.0000	0.0000	0.0000	0.0242	0.0148	0.0393	0.0027	0.0031	0.0009	0.0361	0.3658	0.0445	0.0000	1.6586	-0.1687	0.0001	12.7633	3.9043	6.3722	0.3762	0.4638	0.4638	0.0000	0.4638	0.4638	0.0000	0.0000	0.0000	0.0000	0.0029	0.0011	0.0018	0.0001	0.0001	0.0000	0.0028	0.0010	0.0018	0.4597	0.4083	0.0515	0.0918	0.0873	0.0045	0.3679	0.3209	0.0470	0.1199	0.0738	0.0461	0.0313	0.0258	0.0055	0.0886	0.0480	0.0406	41.6180	76.6423	0.0000	1873.1274	1718.2547	0.0000	0.0000	0.0000	0.0000	0.0242	0.0148	0.0393	0.0027	0.0031	0.0009	0.0319	0.0211	0.0445
47	60	0.1462	7	1	0	1	0	0	0	0	0	N	N	N	N	N	N	N	N	N	N	N	N	998.7079	995.2247	0.2421	1824.9045	1721.6319	0.0000	0.3317	0.3879	0.2722	2.1324	2.3592	0.0004	6.6328	6.9414	0.0000	0.0005	0.0005	0.0005	0.0021	0.0024	0.0017	0.0036	0.0040	0.0012	0.0015	0.0013	0.0018	0.0000	0.3617	-0.1860	-0.0000	12.7633	1.5036	6.3722	0.1987	0.5114	0.5114	0.0000	0.5113	0.5113	0.0000	0.0001	0.0001	0.0000	0.0001	0.0001	0.0000	0.0001	0.0001	0.0000	0.0001	0.0000	0.0000	0.2398	0.2168	0.0231	0.0771	0.0737	0.0034	0.1627	0.1431	0.0196	0.0581	0.0384	0.0197	0.0179	0.0154	0.0025	0.0402	0.0230	0.0172	998.7079	995.2247	0.2421	1824.9045	1721.6319	0.0000	0.3317	0.3879	0.2722	0.0021	0.0024	0.0017	0.0036	0.0040	0.0012	0.0015	0.0013	0.0018
47	61	0.1400	6	1	0	1	0	0	0	0	0	N	N	N	N	N	N	N	N	N	N	N	N	673.7519	593.5716	0.3917	1268.1744	1167.9076	0.0000	0.4708	0.5418	0.3936	1.1048	1.2448	0.0003	4.7331	4.8888	0.0000	0.0003	0.0003	0.0003	0.0016	0.0021	0.0007	0.0037	0.0042	0.0004	0.0006	0.0005	0.0007	0.0000	0.1523	-0.1264	-0.0001	12.7633	2.7181	6.3722	1.0102	0.3476	0.3476	0.0000	0.3475	0.3475	0.0000	0.0001	0.0001	0.0000	0.0002	0.0002	0.0000	0.0002	0.0002	0.0000	0.0001	0.0000	0.0000	0.3146	0.2792	0.0354	0.0734	0.0711	0.0023	0.2412	0.2082	0.0331	0.1482	0.1006	0.0476	0.0489	0.0431	0.0058	0.0993	0.0575	0.0419	673.7519	593.5716	0.3917	1268.1744	1167.9076	0.0000	0.4708	0.5418	0.3936	0.0016	0.0021	0.0007	0.0037	0.0042	0.0004	0.0006	0.0005	0.0007
47	62	0.1206	5	1	0	1	0	0	0	0	0	N	N	N	N	N	N	N	N	N	N	N	N	5.5949	4.1450	0.0000	39.0528	45.0120	0.0000	1.3849	0.8452	0.0000	0.0038	0.0042	0.0000	0.0095	0.0098	0.0000	0.0011	0.0012	0.0000	0.0007	0.0010	0.0002	0.0002	0.0002	0.0005	0.0008	0.0015	0.0001	0.0000	0.1025	-0.0003	-0.0001	12.7633	1.4525	6.3722	6.3634	0.0007	0.0007	0.0000	0.0006	0.0006	0.0000	0.0001	0.0001	0.0000	0.0002	0.0001	0.0000	0.0000	0.0000	0.0000	0.0001	0.0001	0.0000	0.1905	0.1710	0.0194	0.0609	0.0590	0.0019	0.1295	0.1120	0.0175	0.2352	0.1419	0.0933	0.0460	0.0410	0.0050	0.1893	0.1009	0.0883	5.5949	4.1450	0.0000	39.0528	45.0120	0.0000	1.3849	0.9331	0.0000	0.0007	0.0010	0.0002	0.0002	0.0002	0.0005	0.0008	0.0013	0.0001
47	63	0.2000	8	2	1	1	1	0	0	0	0	Y	N	N	N	N	N	N	N	N	N	N	N	0.0000	0.0000	0.0000	0.0000	0.0000	0.0000	0.0000	0.0000	0.0000	0.0000	0.0000	0.0000	0.0000	0.0000	0.0000	0.0000	0.0000	0.0001	0.0002	0.0000	0.0006	0.0008	0.0000	0.0000	0.0000	0.0000	0.0004	0.0000	-0.0000	12.7633	2.0000	6.3722	2.0002	0.0000	0.0000	0.0000	0.0000	0.0000	0.0000	0.0000	0.0000	0.0000	0.0000	0.0000	0.0000	0.0000	0.0000	0.0000	0.0000	0.0000	0.0000	0.1835	0.1605	0.0230	0.0257	0.0239	0.0018	0.1578	0.1366	0.0213	0.0945	0.0534	0.0411	0.0163	0.0132	0.0031	0.0782	0.0402	0.0380	0.0000	0.0000	0.0000	0.0000	0.0000	0.0000	0.0000	0.0000	0.0000	0.0001	0.0002	0.0000	0.0006	0.0008	0.0000	0.0000	0.0000	0.0000		
47	64	0.2157	12	1	1	1	1	0	0	0	0	N	N	N	N	N	N	N	N	N	N	N	N	0.0000	0.0000	0.0000	0.0000	0.0000	0.0000	0.0000	0.0000	0.0000	0.0000	0.0000	0.0000	0.0000	0.0000	0.0000	0.0000	0.0005	0.0009	0.0000	0.0025	0.0030	0.0000	0.0000	0.0000	0.0000	0.0010	0.0000	-0.0000	12.7633	2.0059	6.3722	4.8036	0.0000	0.0000	0.0000	0.0000	0.0000	0.0000	0.0000	0.0000	0.0000	0.0001	0.0001	0.0000	0.0001	0.0001	0.0000	0.0000	0.0000	0.0000	0.1857	0.1626	0.0231	0.0292	0.0272	0.0020	0.1566	0.1355	0.0211	0.1601	0.0930	0.0672	0.0323	0.0270	0.0053	0.1279	0.0660	0.0619	0.0000	0.0000	0.0000	0.0000	0.0000	0.0000	0.0000	0.0000	0.0000	0.0005	0.0009	0.0000	0.0025	0.0030	0.0000	0.0000	0.0000	0.0000			
47	65	0.2129	10	1	1	1	0	0	0	0	0	N	N	N	N	N	N	N	N	N	N	N	N	0.0000	0.0000	0.0000	0.0000	0.0000	0.0000	0.0000	0.0000	0.0000	0.0000	0.0000	0.0000	0.0000	0.0000	0.0000	0.0000	0.0000	0.0174	0.0005	0.0395	0.0014	0.0016	0.0000	0.0218	0.0000	0.0426	57.5846	0.0000	0.0002	12.7633	0.9804	6.3722	0.2754	0.0000	0.0000	0.0000	0.0000	0.0000	0.0000	0.0000	0.0000	0.0000	0.0006	0.0000	0.0006	0.0000	0.0000	0.0000	0.0006	0.0000	0.0006	0.0957	0.0842	0.0115	0.0154	0.0146	0.0008	0.0803	0.0696	0.0107	0.0339	0.0192	0.0147	0.0074	0.0063	0.0011	0.0265	0.0129	0.0136	0.0000	0.0000	0.0000	0.0000	0.0000	0.0000	0.0000	0.0000	0.0000	0.0174	0.0005	0.0395	0.0014	0.0016	0.0000	0.0218	0.0000	0.0426		
47	66	0.2107	11	1	0	2	1	0	0	0	0	N	N	Y	N	N	N	N	N	N	N	N	N	0.0000	0.0000	0.0000	0.0000	0.0000	0.0000	0.0000	0.0000	0.0000	0.0000	0.0000	0.0000	0.0000	0.0000	0.0000	0.0000	0.0034	0.0058	0.0000	0.0166	0.0197	0.0000	0.0000	0.0000	0.0000	0.0000	0.0000	-0.0003	12.7633	0.9437	6.3722	4.8091	0.0000	0.0000	0.0000	0.0000	0.0000	0.0000	0.0000	0.0000	0.0000	0.0005	0.0005	0.0000	0.0005	0.0005	0.0000	0.0000	0.0000	0.0000	0.1214	0.1061	0.0154	0.0331	0.0312	0.0019	0.0884	0.0749	0.0135	0.1398	0.0815	0.0583	0.0284	0.0239	0.0045	0.1115	0.0576	0.0538	0.0000	0.0000	0.0000	0.0000	0.0000	0.0000	0.0000	0.0000	0.0000	0.0034	0.0058	0.0000	0.0166	0.0197	0.0000	0.0000	0.0000	0.0000			
47	67	0.2037	10	1	0	2	1	0	0	0	0	N	N	Y	N	N	N	N	N	N	N	N	N	0.0000	0.0000	0.0000	0.0000	0.0000	0.0000	0.0000	0.0000	0.0000	0.0000	0.0000	0.0000	0.0000	0.0000	0.0000	0.0000	0.0000	0.0001	0.0001	0.0000	0.0003	0.0003	0.0000	0.0000	0.0000	0.0000	0.0825	0.0000	-0.0000	12.7633	4.0088	6.3722	5.0246	0.0000	0.0000	0.0000	0.0000	0.0000	0.0000	0.0000	0.0000	0.0000	0.0000	0.0000	0.0000	0.0000	0.0000	0.0000	0.0000	0.0000	0.0000	0.3642	0.3188	0.0455	0.0514	0.0479	0.0035	0.3129	0.2709	0.0420	0.2110	0.1201	0.0909	0.0375	0.0307	0.0068	0.1735	0.0894	0.0840	0.0000	0.0000	0.0000	0.0000	0.0000	0.0000	0.0000	0.0000	0.0000	0.0001	0.0001	0.0000	0.0003	0.0003	0.0000	0.0000	0.0000	0.0000		
47	68	0.2157	12	1	0	2	1	0	0	0	0	N	N	Y	N	N	N	N	N	N	N	N	N	0.0000	0.0000	0.0000	0.0000	0.0000	0.0000	0.0000	0.0000	0.0000	0.0000	0.0000	0.0000	0.0000	0.0000	0.0000	0.0000	0.0000	0.0001	0.0001	0.0000	0.0004	0.0005	0.0000	0.0000	0.0000	0.0000	0.0225	0.0000	-0.0000	12.7633	1.0064	6.3722	4.2000	0.0000	0.0000	0.0000	0.0000	0.0000	0.0000	0.0000	0.0000	0.0000	0.0000	0.0000	0.0000	0.0000	0.0000	0.0000	0.0000	0.0000	0.0000	0.0942	0.0825	0.0117	0.0150	0.0140	0.0010	0.0792	0.0685	0.0107	0.1247	0.0727	0.0520	0.0255	0.0214	0.0041	0.0992	0.0512	0.0479	0.0000	0.0000	0.0000	0.0000	0.0000	0.0000	0.0000	0.0000	0.0000	0.0001	0.0001	0.0000	0.0004	0.0005	0.0000	0.0000	0.0000	0.0000		
47	69	0.2107	11	1	0	1	1	0	0	0	0	N	N	N	N	N	N	N	N	N	N	N	N	0.0000	0.0000	0.0000	0.0000	0.0000	0.0000	0.0000	0.0000	0.0000	0.0000	0.0000	0.0000	0.0000	0.0000	0.0000	0.0000	0.0000	0.0000	0.0003	0.0004	0.0000	0.0001	0.0001	0.0000	0.0003	0.0005	0.0001	0.0840	0.0000	-0.0000	12.7633	1.2889	6.3722	0.3511	0.0000	0.0000	0.0000	0.0000	0.0000	0.0000	0.0000	0.0000	0.0000	0.0000	0.0000	0.0000	0.0000	0.0000	0.0000	0.0000	0.0000	0.0000	0.1530	0.1337	0.0193	0.0376	0.0355	0.0022	0.1154	0.0983	0.0171	0.0455	0.0275	0.0179	0.0107	0.0093	0.0013	0.0348	0.0182	0.0166	0.0000	0.0000	0.0000	0.0000	0.0000	0.0000	0.0000	0.0000	0.0000	0.0003	0.0004	0.0000	0.0001	0.0001	0.0000	0.0003	0.0005	0.0001	
47	70	0.2037	10	1	0	1	1	0	0	0	0	N	N	N	N	N	N	N	N	N	N	N	N	0.0000	0.0000	0.0000	0.0000	0.0000	0.0000	0.0000	0.0000	0.0000	0.0000	0.0000	0.0000	0.0000	0.0000	0.0000	0.0000	0.0000	0.0006	0.0010	0.0000	0.0030	0.0036	0.0000	0.0000	0.0000	0.0000	0.0011	0.0000	-0.0000	12.7633	0.7777	6.3722	1.1718	0.0000	0.0000	0.0000	0.0000	0.0000	0.0000	0.0000	0.0000	0.0000	0.0000	0.0000	0.0000	0.0000	0.0000	0.0000	0.0000	0.0000	0.0000	0.0724	0.0633	0.0091	0.0104	0.0097	0.0007	0.0620	0.0536	0.0084	0.0501	0.0291	0.0211	0.0099	0.0084	0.0015	0.0402	0.0207	0.0195	0.0000	0.0000	0.0000	0.0000	0.0000	0.0000	0.0000	0.0000	0.0000	0.0006	0.0010	0.0000	0.0030	0.0036	0.0000	0.0000	0.0000	0.0000		
47	71	0.2000	9	1	0	1	1	0	0	0	0	N	N	N	N	N	N	N	N	N	N	N	N	0.0000	0.0000	0.0000	0.0000	0.0000	0.0000	0.0000	0.0000	0.0000	0.0000	0.0000	0.0000	0.0000	0.0000	0.0000	0.0000	0.0000	0.0000	0.0001	0.0000	0.0002	0.0002	0.0000	0.0000	0.0000	0.0000	0.0051	0.0000	-0.0000	12.7633	0.9929	6.3722	0.0325	0.0000	0.0000	0.0000	0.0000	0.0000	0.0000	0.0000	0.0000	0.0000	0.0000	0.0000	0.0000	0.0000	0.0000	0.0000	0.0000	0.0000	0.0000	0.0916	0.0801	0.0115	0.0128	0.0119	0.0009	0.0788	0.0682	0.0106	0.0246	0.0139	0.0107	0.0043	0.0035	0.0008	0.0204	0.0105	0.0099	0.0000	0.0000	0.0000	0.0000	0.0000	0.0000	0.0000	0.0000	0.0000	0.0000	0.0001	0.0000	0.0002	0.0002	0.0000	0.0000	0.0000	0.0000		
47	72	0.2451	8	2	1	1	0	0	0	0	0	Y	N	N	N	N	N	N	N	N	N	N	N	0.0000	0.0000	0.0000	0.0000	0.0000	0.0000	0.0000	0.0000	0.0000	0.0000	0.0000	0.0000	0.0000	0.0000	0.0000	0.0000	0.0000	0.0000	0.0000	0.0000	12.7633	0.0000	6.3722	0.0001	0.0000	0.0000	0.0000	0.0000	0.0000	0.0000	0.0000	0.0000	0.0000	0.0000	0.0000	0.0000	0.0000	0.0000	0.0000	0.0000	0.0000	0.0000	0.0000	0.0000	0.0000	0.0000	0.0000	0.0000	0.0000	0.0000	0.0000	0.0000	0.0000	0.0000	0.0000	0.0000	0.0000	0.0000	0.0000	0.0000	0.0000	0.0000	0.0000	0.0000	0.0000	0.0000	0.0000	0.0000	0.0000	0.0000	0.0000	0.0000	0.0000	0.0000	0.0000	0.0000	0.0000	0.0000											
47	73	0.1818	7	2	1	1	0	0	0	0	0	Y	N	N	N	N	N	N	N	N	N	N	N	0.0178	0.0115	0.0000	0.0226	0.0198	0.0000	0.0000	0.0000	0.0000	0.0000	0.0000	0.0000	0.0002	0.0002	0.0000	0.0000	0.0000	0.0000	0.0014	0.0025	0.0000	0.0087	0.0107	0.0000	0.0000	0.0000	0.0000	0.0000	0.0007	-0.0000	-0.0003	12.7633	9.9619	6.3722	7.0378	0.0000	0.0000	0.0000	0.0000	0.0000	0.0000	0.0000	0.0000	0.0000	0.0005	0.0005	0.0000	0.0005	0.0005	0.0000	0.0000	0.0000	0.0000	0.8915	0.7810	0.1106	0.1132	0.1058	0.0075	0.7783	0.6752	0.1031	0.3835	0.2167	0.1667	0.0618	0.0504	0.0114	0.3217	0.1663	0.1554	0.0178	0.0115	0.0000	0.0226	0.0198	0.0000	0.0000	0.0000	0.0000	0.0014	0.0025	0.0000	0.0087	0.0107	0.0000	0.0000	0.0000	0.0000
47	74	0.1936	7	1	1	1	0	0	0	0	0	N	N	N	N	N	N	N	N	N	N	N	N	2.0287	1.4095	0.0000	2.1026	1.8791	0.0000	0.0000	0.0000	0.0000	0.0014	0.0016	0.0000	0.0068	0.0072	0.0000	0.0000	0.0000	0.0000	0.0007	0.0011	0.0001	0.0032	0.0038	0.0000	0.0001	0.0000	0.0001	0.0000	0.0877	-0.0004	-0.0001	12.7633	7.0442	6.3722	2.0273	0.0010	0.0010	0.0000	0.0010	0.0010	0.0000	0.0000	0.0000	0.0000	0.0001	0.0001	0.0000	0.0001	0.0001	0.0000	0.0000	0.0000	0.0000	0.7601	0.6693	0.0909	0.1535	0.1447	0.0089	0.6066	0.5246	0.0820	0.2111	0.1187	0.0924	0.0407	0.0342	0.0065	0.1704	0.0845	0.0859	2.0287	1.4095	0.0000	2.1026	1.8791	0.0000	0.0000	0.0000	0.0000	0.0007	0.0011	0.0001	0.0032	0.0038	0.0000	0.0001	0.0000	0.0001
47	75	0.1697	6	1	1	1	0	0	0	0	0	N	N	N	N	N	N	N	N	N	N	N	N	2.1771	1.2295	16.2828	0.0121	0.0000	24.2209	3.9845	2.0877	15.9946	0.0027	0.0024	0.0050	0.0000	0.0000	0.0012	0.0033	0.0030	0.0052	0.0013	0.0020	0.0003	0.0034	0.0041	0.0000	0.0008	0.0015	0.0003	0.2726	0.1176	-0.0002	-0.0001	12.7633	4.3369	6.3722	3.0972	0.0013	0.0010	0.0003	0.0000	0.0000	0.0000	0.0013	0.0010	0.0003	0.0002	0.0002	0.0000	0.0001	0.0001	0.0000	0.0001	0.0001	0.0000	0.4814	0.4247	0.0567	0.0844	0.0814	0.0030	0.3969	0.3432	0.0537	0.1795	0.1019	0.0777	0.0300	0.0248	0.0053	0.1495	0.0771	0.0724	2.1771	1.2295	16.2828	0.0121	0.0000	24.2209	3.9845	2.3092	15.9946	0.0013	0.0020	0.0003	0.0034	0.0041	0.0000	0.0008	0.0013	0.0003
47	76	0.2570	11	2	1	1	0	0	0	0	0	Y	N	N	N	N	N	N	N	N	N	N	N	0.0000	0.0000	0.0000	0.0000	0.0000	0.0000	0.0000	0.0000	0.0000	0.0000	0.0000	0.0000	0.0000	0.0000	0.0000	0.0000	0.0209	0.0589	0.0000	0.0984	0.1221	0.0000	0.0000	0.0000	0.0000	0.0000	0.0000	-0.0008	12.7633	1.9992	6.3722	0.0055	0.0000	0.0000	0.0000	0.0000	0.0000	0.0000	0.0000	0.0000	0.0000	0.0013	0.0013	0.0000	0.0013	0.0013	0.0000	0.0000	0.0000	0.0000	0.2463	0.2173	0.0289	0.0425	0.0400	0.0025	0.2038	0.1773	0.0265	0.0625	0.0351	0.0274	0.0133	0.0107	0.0026	0.0492	0.0244	0.0248	0.0000	0.0000	0.0000	0.0000	0.0000	0.0000	0.0000	0.0000	0.0000	0.0209	0.0372	0.0000	0.0984	0.1221	0.0000	0.0000	0.0000	0.0000			
47	77	0.2129	10	2	1	1	0	0	0	0	0	Y	N	N	N	N	N	N	N	N	N	N	N	0.0000	0.0000	0.0000	0.0000	0.0000	0.0000	0.0000	0.0000	0.0000	0.0000	0.0000	0.0000	0.0000	0.0000	0.0000	0.0000	6.7054	14.5383	0.0000	81.5204	87.1916	0.0000	0.0000	0.0000	0.0000	0.0000	0.0000	-0.5868	12.7633	5.0219	6.3722	2.0148	0.0000	0.0000	0.0000	0.0000	0.0000	0.0000	0.0000	0.0000	0.0000	0.9961	0.9961	0.0000	0.9961	0.9961	0.0000	0.0000	0.0000	0.0000	0.4583	0.4019	0.0563	0.0664	0.0624	0.0040	0.3919	0.3395	0.0524	0.1672	0.0947	0.0725	0.0311	0.0255	0.0056	0.1361	0.0692	0.0669	0.0000	0.0000	0.0000	0.0000	0.0000	0.0000	0.0000	0.0000	0.0000	5.9569	10.5140	0.0000	32.0523	39.0366	0.0000	0.0000	0.0000	0.0000			
47	78	0.2000	9	1	1	1	0	0	0	0	0	N	N	N	N	N	N	N	N	N	N	N	N	0.0000	0.0000	0.0000	0.0000	0.0000	0.0000	0.0000	0.0000	0.0000	0.0000	0.0000	0.0000	0.0000	0.0000	0.0000	0.0000	0.0000	0.0000	0.0066	0.0117	0.0000	0.0378	0.0467	0.0000	0.0001	0.0003	0.0000	0.0000	0.0000	-0.0003	12.7633	1.0203	6.3722	2.7327	0.0000	0.0000	0.0000	0.0000	0.0000	0.0000	0.0000	0.0000	0.0000	0.0006	0.0006	0.0000	0.0006	0.0006	0.0000	0.0000	0.0000	0.0000	0.0941	0.0823	0.0118	0.0132	0.0123	0.0009	0.0810	0.0700	0.0109	0.0887	0.0501	0.0386	0.0153	0.0124	0.0029	0.0734	0.0377	0.0357	0.0000	0.0000	0.0000	0.0000	0.0000	0.0000	0.0000	0.0000	0.0000	0.0066	0.0117	0.0000	0.0378	0.0467	0.0000	0.0001	0.0003	0.0000	
47	79	0.2000	8	1	0	1	0	0	0	0	0	N	N	N	N	N	N	N	N	N	N	N	N	0.0000	0.0000	0.0000	0.0000	0.0000	0.0000	0.0000	0.0000	0.0000	0.0000	0.0000	0.0000	0.0000	0.0000	0.0000	0.0000	0.0000	0.0001	0.0001	0.0001	0.0001	0.0001	0.0008	0.0000	0.0000	0.0001	1.0000	0.0000	-0.0000	12.7633	0.0000	6.3722	0.0018	0.0000	0.0000	0.0000	0.0000	0.0000	0.0000	0.0000	0.0000	0.0000	0.0000	0.0000	0.0000	0.0000	0.0000	0.0000	0.0000	0.0000	0.0000	0.0000	0.0000	0.0000	0.0000	0.0000	0.0000	0.0000	0.0000	0.0000	0.0001	0.0001	0.0000	0.0000	0.0000	0.0000	0.0001	0.0000	0.0000	0.0000	0.0000	0.0000	0.0000	0.0000	0.0000	0.0000	0.0000	0.0000	0.0001	0.0001	0.0001	0.0001	0.0001	0.0008	0.0000	0.0000	0.0001		
47	80	0.1818	7	1	0	1	0	0	0	0	0	N	N	N	N	N	N	N	N	N	N	N	N	0.0136	0.0090	0.0085	0.0168	0.0147	0.0000	0.0026	0.0000	0.0095	0.0000	0.0000	0.0000	0.0001	0.0001	0.0000	0.0000	0.0000	0.0000	0.0006	0.0010	0.0000	0.0034	0.0041	0.0001	0.0000	0.0000	0.0000	0.0052	0.0298	-0.0000	-0.0000	12.7633	3.0825	6.3722	2.0124	0.0000	0.0000	0.0000	0.0000	0.0000	0.0000	0.0000	0.0000	0.0000	0.0001	0.0001	0.0000	0.0001	0.0001	0.0000	0.0000	0.0000	0.0000	0.2948	0.2584	0.0365	0.0406	0.0382	0.0025	0.2542	0.2202	0.0340	0.1235	0.0699	0.0536	0.0206	0.0170	0.0036	0.1029	0.0530	0.0499	0.0136	0.0090	0.0085	0.0168	0.0147	0.0000	0.0026	0.0000	0.0095	0.0006	0.0010	0.0000	0.0034	0.0041	0.0001	0.0000	0.0000	0.0000
47	81	0.1697	6	1	0	1	0	0	0	0	0	N	N	N	N	N	N	N	N	N	N	N	N	3.7822	2.3455	21.4269	5.8717	5.0748	0.0101	0.8990	0.0001	21.7735	0.0061	0.0062	0.0057	0.0294	0.0304	0.0000	0.0008	0.0000	0.0060	0.0016	0.0026	0.0003	0.0050	0.0060	0.0001	0.0009	0.0019	0.0003	0.1210	0.0754	-0.0007	-0.0001	12.7633	3.6751	6.3722	0.0788	0.0026	0.0023	0.0003	0.0023	0.0023	0.0000	0.0003	0.0000	0.0003	0.0002	0.0001	0.0000	0.0001	0.0001	0.0000	0.0001	0.0001	0.0000	0.4230	0.3737	0.0493	0.0786	0.0761	0.0026	0.3444	0.2976	0.0467	0.0942	0.0538	0.0404	0.0164	0.0137	0.0028	0.0777	0.0401	0.0376	3.7822	2.3455	21.4269	5.8717	5.0748	0.0101	0.8990	0.0002	21.7735	0.0016	0.0026	0.0003	0.0050	0.0060	0.0001	0.0009	0.0015	0.0003
47	82	0.1206	5	1	0	1	0	0	0	0	0	N	N	N	N	N	N	N	N	N	N	N	N	4687.1158	0.0127	121527.7096	0.1496	0.1603	0.0000	5283.7201	0.0000	150587.5576	1.2264	0.0000	9.9459	0.0000	0.0000	0.0000	1.3764	0.0000	10.3248	0.0003	0.0004	0.0001	0.0003	0.0003	0.0003	0.0003	0.0004	0.0001	281368.6123	0.1504	0.6360	-0.0000	12.7633	8.5011	6.3722	5.2406	0.9996	0.0000	0.9996	0.0000	0.0000	0.0000	0.9996	0.0000	0.9996	0.0001	0.0001	0.0000	0.0000	0.0000	0.0000	0.0001	0.0001	0.0000	0.8150	0.7145	0.1005	0.0888	0.0851	0.0037	0.7262	0.6294	0.0968	0.3686	0.2146	0.1541	0.0619	0.0535	0.0084	0.3068	0.1611	0.1457	4687.1158	0.0127	121527.7096	0.1496	0.1603	0.0000	5283.7201	0.0000	150587.5576	0.0003	0.0004	0.0001	0.0003	0.0003	0.0003	0.0003	0.0004	0.0001
48	51	0.0829	5	0	1	0	1	0	0	0	0	N	N	N	N	N	N	N	N	N	N	N	N	0.0001	0.0001	0.0000	0.0008	0.0006	0.0000	0.0002	0.0001	0.0000	0.0023	0.0025	0.0000	0.0000	0.0000	0.0000	0.0032	0.0036	0.0000	16.3269	24.1692	0.0695	0.0104	0.0128	0.0004	18.4188	31.3275	0.0768	0.0000	0.0022	-0.0000	-0.5119	0.3513	7.3891	1.9759	13.2142	0.0001	0.0001	0.0000	0.0000	0.0000	0.0000	0.0001	0.0001	0.0000	0.8722	0.8702	0.0019	0.0001	0.0001	0.0000	0.8720	0.8701	0.0019	0.0346	0.0316	0.0030	0.0093	0.0092	0.0001	0.0253	0.0224	0.0029	0.0669	0.0390	0.0279	0.0139	0.0112	0.0027	0.0530	0.0278	0.0252	0.0002	0.0001	0.0000	0.0008	0.0006	0.0000	0.0002	0.0001	0.0000	13.0453	22.3399	0.0695	0.0104	0.0128	0.0004	16.4533	31.3275	0.0768
48	52	0.0890	6	0	1	0	0	0	0	0	0	N	N	N	N	N	N	N	N	N	N	N	N	603.2814	1582.2222	1750.6851	13791.4200	10811.1836	0.0000	337.2519	0.0000	1631.6369	5.0546	2.7041	30.0876	9.5798	9.7147	0.0000	3.4809	0.0000	31.3989	0.0084	0.0017	0.0172	0.0007	0.0009	0.0000	0.0103	0.0034	0.0192	1.0448	7.6149	0.0413	0.0002	0.3513	12.1779	1.9759	13.0455	0.2803	0.1371	0.1432	0.1371	0.1371	0.0000	0.1432	0.0000	0.1432	0.0006	0.0001	0.0005	0.0000	0.0000	0.0000	0.0006	0.0001	0.0005	0.0555	0.0507	0.0048	0.0143	0.0141	0.0002	0.0412	0.0366	0.0046	0.0729	0.0415	0.0314	0.0147	0.0114	0.0034	0.0582	0.0301	0.0281	603.2814	1582.2222	1750.6851	13791.4200	10811.1836	0.0000	337.2519	0.0000	1631.6369	0.0084	0.0017	0.0172	0.0007	0.0009	0.0000	0.0103	0.0020	0.0192
48	53	0.0128	4	0	1	0	0	0	0	0	0	N	N	N	N	N	N	N	N	N	N	N	N	0.0000	0.0000	0.0000	0.0000	0.0000	0.0000	0.0000	0.0000	0.0000	0.0000	0.0000	0.0000	0.0000	0.0000	0.0000	0.0000	0.0019	0.0000	0.0038	0.0001	0.0001	0.0000	0.0019	0.0000	0.0038	2666.8787	0.0000	0.0000	0.3513	3.0001	1.9759	3.0003	0.0000	0.0000	0.0000	0.0000	0.0000	0.0000	0.0000	0.0000	0.0000	0.0000	0.0000	0.0000	0.0000	0.0000	0.0000	0.0000	0.0000	0.0000	0.0137	0.0124	0.0013	0.0029	0.0029	0.0000	0.0108	0.0096	0.0013	0.0209	0.0103	0.0106	0.0001	0.0001	0.0000	0.0208	0.0102	0.0106	0.0000	0.0000	0.0000	0.0000	0.0000	0.0000	0.0000	0.0000	0.0000	0.0019	0.0000	0.0038	0.0001	0.0001	0.0000	0.0019	0.0000	0.0038			
48	54	0.0054	3	0	0	0	0	0	0	0	0	N	N	N	N	N	N	N	N	N	N	N	N	0.1243	0.0560	0.8675	0.0024	0.0033	0.1974	0.8680	0.0009	0.0005	0.0049	0.0023	0.0023	0.0000	0.0006	0.0000	0.0049	0.0075	0.0095	0.0056	0.9790	0.7012	0.0000	0.0029	0.0000	0.0056	0.9365	0.6130	0.0000	-0.0000	0.3513	1.9998	1.9759	1.0017	0.0000	0.0000	0.0000	0.0000	0.0000	0.0000	0.0000	0.0000	0.0000	0.0001	0.0001	0.0000	0.0001	0.0001	0.0000	0.0000	0.0000	0.0000	0.0092	0.0083	0.0009	0.0019	0.0019	0.0000	0.0073	0.0064	0.0009	0.0108	0.0053	0.0055	0.0001	0.0001	0.0000	0.0107	0.0052	0.0055	0.1243	0.0560	0.8675	0.0058	0.0058	0.0000	0.1974	0.0000	0.8680	0.0075	0.0095	0.0056	0.3967	0.3969	0.0000	0.0029	0.0000	0.0056		
48	56	0.1466	10	0	1	0	0	0	0	0	0	N	N	N	N	N	N	N	N	N	N	N	N	1.0708	0.8190	0.0000	0.0059	0.0051	0.0000	2.8975	2.1022	0.0000	0.0009	0.0010	0.0000	0.0000	0.0000	0.0000	0.0012	0.0014	0.0000	0.0008	0.0012	0.0002	0.0015	0.0017	0.0002	0.0004	0.0006	0.0002	0.0000	0.0802	-0.0000	-0.0000	0.3513	5.0156	1.9759	9.5596	0.0000	0.0000	0.0000	0.0000	0.0000	0.0000	0.0000	0.0000	0.0000	0.0000	0.0000	0.0000	0.0000	0.0000	0.0000	0.0000	0.0000	0.0000	0.0228	0.0208	0.0020	0.0063	0.0062	0.0001	0.0165	0.0147	0.0019	0.0515	0.0333	0.0182	0.0198	0.0167	0.0032	0.0317	0.0167	0.0150	1.0708	0.8190	0.0000	0.0059	0.0051	0.0000	2.8975	2.1022	0.0000	0.0008	0.0012	0.0002	0.0015	0.0017	0.0002	0.0004	0.0006	0.0002
48	57	0.1252	9	0	1	0	0	0	0	0	0	N	N	N	N	N	N	N	N	N	N	N	N	0.0454	0.0238	0.7351	0.0916	0.0510	5.4499	0.0023	0.0006	0.0009	0.0004	0.0003	0.0016	0.0013	0.0009	0.0168	0.0000	0.0000	0.0000	0.0095	0.0132	0.0022	0.0146	0.0177	0.0031	0.0049	0.0221	0.0017	0.5120	0.0784	-0.0000	-0.0003	0.3513	5.2776	1.9759	4.9316	0.0000	0.0000	0.0000	0.0000	0.0000	0.0000	0.0000	0.0000	0.0000	0.0006	0.0005	0.0000	0.0004	0.0004	0.0000	0.0002	0.0001	0.0000	0.0282	0.0256	0.0026	0.0089	0.0087	0.0002	0.0192	0.0169	0.0023	0.0590	0.0401	0.0189	0.0279	0.0220	0.0059	0.0311	0.0181	0.0130	0.0454	0.0243	0.7351	0.0916	0.0510	5.4499	0.0023	0.0018	0.0009	0.0095	0.0129	0.0022	0.0146	0.0177	0.0031	0.0049	0.0072	0.0017
48	58	0.0972	8	0	0	0	0	0	0	0	0	N	N	N	N	N	N	N	N	N	N	N	N	0.0020	0.0013	0.0003	0.0686	0.0756	0.0000	0.0015	0.0007	0.0003	0.0011	0.0012	0.0000	0.0006	0.0006	0.0000	0.0013	0.0014	0.0000	0.5638	0.9610	0.0213	0.0085	0.0078	0.0118	0.8702	2.1181	0.0225	0.0006	0.0906	-0.0000	-0.0021	0.3513	6.4383	1.9759	5.2340	0.0000	0.0000	0.0000	0.0000	0.0000	0.0000	0.0000	0.0000	0.0000	0.0041	0.0038	0.0003	0.0001	0.0001	0.0000	0.0040	0.0037	0.0003	0.0290	0.0265	0.0026	0.0071	0.0070	0.0001	0.0220	0.0195	0.0025	0.0415	0.0255	0.0160	0.0104	0.0086	0.0019	0.0311	0.0169	0.0142	0.0111	0.0082	0.0003	0.0686	0.0756	0.0000	0.0098	0.0065	0.0003	0.0989	0.1477	0.0213	0.0085	0.0078	0.0118	0.1292	0.2187	0.0225
48	59	0.0890	7	0	0	0	0	0	0	0	0	N	N	N	N	N	N	N	N	N	N	N	N	0.3356	0.2424	0.0000	0.5461	0.4656	0.0000	0.0000	0.0000	0.0000	0.0030	0.0032	0.0000	0.0099	0.0101	0.0000	0.0000	0.0000	0.0000	0.0088	0.0133	0.0021	0.0180	0.0216	0.0015	0.0058	0.0435	0.0022	0.0000	0.1047	-0.0000	-0.0001	0.3513	3.9043	1.9759	0.3762	0.0001	0.0001	0.0000	0.0001	0.0001	0.0000	0.0000	0.0000	0.0000	0.0001	0.0001	0.0000	0.0001	0.0001	0.0000	0.0001	0.0001	0.0000	0.0206	0.0189	0.0017	0.0062	0.0061	0.0001	0.0144	0.0128	0.0016	0.0156	0.0095	0.0061	0.0038	0.0031	0.0007	0.0118	0.0063	0.0054	0.3356	0.2456	0.0000	0.5461	0.4656	0.0000	0.0000	0.0000	0.0000	0.0088	0.0131	0.0021	0.0180	0.0216	0.0015	0.0058	0.0090	0.0022
48	60	0.0890	6	0	0	0	0	0	0	0	0	N	N	N	N	N	N	N	N	N	N	N	N	0.4068	0.2302	2.5615	0.6443	0.5774	0.0000	0.0089	0.0000	5.1650	0.0069	0.0074	0.0009	0.0186	0.0191	0.0000	0.0001	0.0000	0.0010	0.0170	0.0323	0.0003	0.0289	0.0332	0.0014	0.0120	0.3298	0.0002	0.0097	0.0068	-0.0000	-0.0001	0.3513	1.5036	1.9759	0.1987	0.0001	0.0001	0.0000	0.0001	0.0001	0.0000	0.0000	0.0000	0.0000	0.0001	0.0001	0.0000	0.0001	0.0001	0.0000	0.0001	0.0001	0.0000	0.0098	0.0090	0.0008	0.0036	0.0035	0.0001	0.0062	0.0055	0.0007	0.0077	0.0050	0.0026	0.0023	0.0020	0.0003	0.0054	0.0031	0.0023	0.4068	0.2895	2.5615	0.6443	0.5774	0.0000	0.0089	0.0001	5.1650	0.0170	0.0257	0.0003	0.0289	0.0332	0.0014	0.0120	0.0209	0.0002
48	61	0.0829	5	0	0	0	0	0	0	0	0	N	N	N	N	N	N	N	N	N	N	N	N	0.0472	0.0181	2.9246	0.0820	0.0739	0.0000	0.0095	0.0000	4.8492	0.0032	0.0035	0.0005	0.0097	0.0099	0.0000	0.0001	0.0000	0.0006	0.0681	0.1910	0.0002	0.1187	0.1335	0.0007	0.0072	0.0733	0.0001	0.0144	0.0014	-0.0000	-0.0005	0.3513	2.7181	1.9759	1.0102	0.0000	0.0000	0.0000	0.0000	0.0000	0.0000	0.0000	0.0000	0.0000	0.0008	0.0008	0.0000	0.0007	0.0007	0.0000	0.0001	0.0001	0.0000	0.0142	0.0131	0.0012	0.0046	0.0046	0.0001	0.0096	0.0085	0.0011	0.0196	0.0133	0.0063	0.0063	0.0056	0.0007	0.0133	0.0077	0.0056	0.0751	0.0547	2.9246	0.0820	0.0739	0.0000	0.0095	0.0001	4.8492	0.0429	0.0632	0.0002	0.1187	0.1335	0.0007	0.0072	0.0124	0.0001
48	62	0.0634	4	0	0	0	0	0	0	0	0	N	N	N	N	N	N	N	N	N	N	N	N	0.0003	0.0001	0.0000	0.0513	0.0477	0.0000	0.0000	0.0000	0.0000	0.0000	0.0000	0.0000	0.0000	0.0000	0.0000	0.0000	0.0000	0.0000	0.0417	0.1548	0.0039	0.0005	0.0005	0.0001	0.0592	1.3836	0.0041	0.0000	0.0476	-0.0000	-0.0006	0.3513	1.4525	1.9759	6.3634	0.0000	0.0000	0.0000	0.0000	0.0000	0.0000	0.0000	0.0000	0.0000	0.0011	0.0010	0.0000	0.0000	0.0000	0.0000	0.0011	0.0010	0.0000	0.0083	0.0076	0.0006	0.0031	0.0031	0.0001	0.0052	0.0046	0.0006	0.0307	0.0182	0.0124	0.0054	0.0049	0.0005	0.0253	0.0133	0.0119	0.0003	0.0002	0.0000	0.0513	0.0477	0.0000	0.0001	0.0000	0.0000	0.0351	0.0564	0.0039	0.0005	0.0005	0.0001	0.0426	0.0769	0.0041
48	63	0.1428	7	1	1	0	1	0	0	0	0	N	N	N	N	N	N	N	N	N	N	N	N	0.0000	0.0000	0.0000	0.0000	0.0000	0.0000	0.0000	0.0000	0.0000	0.0000	0.0000	0.0000	0.0000	0.0000	0.0000	0.0000	0.0000	0.0008	0.0000	0.0018	0.0000	0.0000	0.0000	0.0010	0.0000	0.0020	2778.9537	0.0000	0.0000	0.3513	2.0000	1.9759	2.0002	0.0000	0.0000	0.0000	0.0000	0.0000	0.0000	0.0000	0.0000	0.0000	0.0000	0.0000	0.0000	0.0000	0.0000	0.0000	0.0000	0.0000	0.0000	0.0091	0.0083	0.0008	0.0026	0.0025	0.0001	0.0065	0.0058	0.0007	0.0120	0.0066	0.0054	0.0017	0.0014	0.0003	0.0103	0.0052	0.0051	0.0000	0.0000	0.0000	0.0000	0.0000	0.0000	0.0000	0.0000	0.0000	0.0008	0.0000	0.0018	0.0000	0.0000	0.0000	0.0010	0.0000	0.0020		
48	64	0.1585	11	0	1	0	1	0	0	0	0	N	N	N	N	N	N	N	N	N	N	N	N	0.0000	0.0000	0.0000	0.0000	0.0000	0.0000	0.0000	0.0000	0.0000	0.0000	0.0000	0.0000	0.0000	0.0000	0.0000	0.0000	0.0000	0.0000	0.0054	0.0035	0.0079	0.0115	0.0138	0.0000	0.0041	0.0000	0.0084	1.7429	0.0000	0.0000	0.3513	2.0059	1.9759	4.8036	0.0000	0.0000	0.0000	0.0000	0.0000	0.0000	0.0000	0.0000	0.0000	0.0001	0.0000	0.0001	0.0000	0.0000	0.0000	0.0001	0.0000	0.0001	0.0091	0.0083	0.0008	0.0027	0.0026	0.0001	0.0065	0.0057	0.0007	0.0203	0.0115	0.0089	0.0035	0.0029	0.0006	0.0168	0.0086	0.0083	0.0000	0.0000	0.0000	0.0000	0.0000	0.0000	0.0000	0.0000	0.0000	0.0054	0.0035	0.0079	0.0115	0.0138	0.0000	0.0041	0.0000	0.0084	
48	65	0.1557	9	0	1	0	0	0	0	0	0	N	N	N	N	N	N	N	N	N	N	N	N	0.0000	0.0000	0.0000	0.0000	0.0000	0.0000	0.0000	0.0000	0.0000	0.0000	0.0000	0.0000	0.0000	0.0000	0.0000	0.0000	0.0026	0.0043	0.0006	0.0124	0.0146	0.0000	0.0003	0.0000	0.0007	0.1173	0.0000	-0.0000	0.3513	0.9804	1.9759	0.2754	0.0000	0.0000	0.0000	0.0000	0.0000	0.0000	0.0000	0.0000	0.0000	0.0000	0.0000	0.0000	0.0000	0.0000	0.0000	0.0000	0.0000	0.0000	0.0046	0.0042	0.0004	0.0013	0.0013	0.0000	0.0033	0.0029	0.0004	0.0043	0.0024	0.0019	0.0008	0.0007	0.0001	0.0035	0.0017	0.0018	0.0000	0.0000	0.0000	0.0000	0.0000	0.0000	0.0000	0.0000	0.0000	0.0026	0.0043	0.0006	0.0124	0.0146	0.0000	0.0003	0.0000	0.0007			
48	66	0.1535	10	0	0	1	1	0	0	0	0	N	N	N	N	N	N	N	N	N	N	N	N	0.0000	0.0000	0.0000	0.0000	0.0000	0.0000	0.0000	0.0000	0.0000	0.0000	0.0000	0.0000	0.0000	0.0000	0.0000	0.0000	0.0000	0.0264	0.0001	0.0609	0.0001	0.0002	0.0000	0.0367	0.0000	0.0652	826.5271	0.0000	0.0002	0.3513	0.9437	1.9759	4.8091	0.0000	0.0000	0.0000	0.0000	0.0000	0.0000	0.0000	0.0000	0.0000	0.0005	0.0000	0.0005	0.0000	0.0000	0.0000	0.0005	0.0000	0.0005	0.0053	0.0048	0.0005	0.0018	0.0018	0.0001	0.0035	0.0030	0.0004	0.0178	0.0101	0.0077	0.0031	0.0026	0.0005	0.0147	0.0075	0.0072	0.0000	0.0000	0.0000	0.0000	0.0000	0.0000	0.0000	0.0000	0.0000	0.0264	0.0001	0.0609	0.0001	0.0002	0.0000	0.0320	0.0000	0.0652		
48	67	0.1465	9	0	0	1	1	0	0	0	0	N	N	N	N	N	N	N	N	N	N	N	N	0.0000	0.0000	0.0000	0.0000	0.0000	0.0000	0.0000	0.0000	0.0000	0.0000	0.0000	0.0000	0.0000	0.0000	0.0000	0.0000	0.0000	0.0012	0.0021	0.0001	0.0005	0.0003	0.0014	0.0013	0.0045	0.0000	0.0350	0.0000	-0.0000	0.3513	4.0088	1.9759	5.0246	0.0000	0.0000	0.0000	0.0000	0.0000	0.0000	0.0000	0.0000	0.0000	0.0000	0.0000	0.0000	0.0000	0.0000	0.0000	0.0000	0.0000	0.0000	0.0180	0.0164	0.0016	0.0051	0.0050	0.0001	0.0129	0.0114	0.0014	0.0269	0.0148	0.0120	0.0040	0.0032	0.0008	0.0229	0.0116	0.0112	0.0000	0.0000	0.0000	0.0000	0.0000	0.0000	0.0000	0.0000	0.0000	0.0012	0.0021	0.0001	0.0005	0.0003	0.0014	0.0013	0.0026	0.0000		
48	68	0.1585	11	0	0	1	1	0	0	0	0	N	N	N	N	N	N	N	N	N	N	N	N	0.0000	0.0000	0.0000	0.0000	0.0000	0.0000	0.0000	0.0000	0.0000	0.0000	0.0000	0.0000	0.0000	0.0000	0.0000	0.0000	0.0000	0.0000	0.0000	0.0000	0.0001	0.0001	0.0000	0.0000	0.0000	0.0000	0.0548	0.0000	-0.0000	0.3513	1.0064	1.9759	4.2000	0.0000	0.0000	0.0000	0.0000	0.0000	0.0000	0.0000	0.0000	0.0000	0.0000	0.0000	0.0000	0.0000	0.0000	0.0000	0.0000	0.0000	0.0000	0.0046	0.0042	0.0004	0.0014	0.0013	0.0000	0.0033	0.0029	0.0004	0.0158	0.0090	0.0069	0.0028	0.0023	0.0005	0.0131	0.0067	0.0064	0.0000	0.0000	0.0000	0.0000	0.0000	0.0000	0.0000	0.0000	0.0000	0.0000	0.0000	0.0000	0.0001	0.0001	0.0000	0.0000	0.0000	0.0000		
48	69	0.1535	10	0	0	0	1	0	0	0	0	N	N	N	N	N	N	N	N	N	N	N	N	0.0000	0.0000	0.0000	0.0000	0.0000	0.0000	0.0000	0.0000	0.0000	0.0000	0.0000	0.0000	0.0000	0.0000	0.0000	0.0000	0.0000	0.0000	0.0003	0.0004	0.0002	0.0012	0.0013	0.0002	0.0001	0.0001	0.0002	0.3219	0.0000	-0.0000	0.3513	1.2889	1.9759	0.3511	0.0000	0.0000	0.0000	0.0000	0.0000	0.0000	0.0000	0.0000	0.0000	0.0000	0.0000	0.0000	0.0000	0.0000	0.0000	0.0000	0.0000	0.0000	0.0068	0.0062	0.0006	0.0023	0.0022	0.0001	0.0046	0.0040	0.0006	0.0058	0.0034	0.0024	0.0012	0.0011	0.0001	0.0046	0.0024	0.0022	0.0000	0.0000	0.0000	0.0000	0.0000	0.0000	0.0000	0.0000	0.0000	0.0003	0.0004	0.0002	0.0012	0.0013	0.0002	0.0001	0.0001	0.0002	
48	70	0.1465	9	0	0	0	1	0	0	0	0	N	N	N	N	N	N	N	N	N	N	N	N	0.0000	0.0000	0.0000	0.0000	0.0000	0.0000	0.0000	0.0000	0.0000	0.0000	0.0000	0.0000	0.0000	0.0000	0.0000	0.0000	0.0000	0.0000	0.0107	0.0135	0.0072	0.0353	0.0419	0.0001	0.0056	0.0075	0.0077	0.4178	0.0000	-0.0000	0.3513	0.7777	1.9759	1.1718	0.0000	0.0000	0.0000	0.0000	0.0000	0.0000	0.0000	0.0000	0.0000	0.0001	0.0000	0.0000	0.0000	0.0000	0.0000	0.0000	0.0000	0.0000	0.0036	0.0032	0.0003	0.0010	0.0010	0.0000	0.0025	0.0023	0.0003	0.0064	0.0036	0.0028	0.0011	0.0009	0.0002	0.0053	0.0027	0.0026	0.0000	0.0000	0.0000	0.0000	0.0000	0.0000	0.0000	0.0000	0.0000	0.0107	0.0133	0.0072	0.0353	0.0419	0.0001	0.0056	0.0036	0.0077	
48	71	0.1428	8	0	0	0	1	0	0	0	0	N	N	N	N	N	N	N	N	N	N	N	N	0.0000	0.0000	0.0000	0.0000	0.0000	0.0000	0.0000	0.0000	0.0000	0.0000	0.0000	0.0000	0.0000	0.0000	0.0000	0.0000	0.0000	0.0000	0.0006	0.0008	0.0004	0.0024	0.0030	0.0001	0.0003	0.0002	0.0004	0.4090	0.0000	-0.0000	0.3513	0.9929	1.9759	0.0325	0.0000	0.0000	0.0000	0.0000	0.0000	0.0000	0.0000	0.0000	0.0000	0.0000	0.0000	0.0000	0.0000	0.0000	0.0000	0.0000	0.0000	0.0000	0.0045	0.0041	0.0004	0.0013	0.0013	0.0000	0.0032	0.0029	0.0004	0.0031	0.0017	0.0014	0.0004	0.0004	0.0001	0.0027	0.0014	0.0013	0.0000	0.0000	0.0000	0.0000	0.0000	0.0000	0.0000	0.0000	0.0000	0.0006	0.0008	0.0004	0.0024	0.0030	0.0001	0.0003	0.0002	0.0004	
48	72	0.1879	7	1	1	0	0	0	0	0	0	N	N	N	N	N	N	N	N	N	N	N	N	0.0000	0.0000	0.0000	0.0000	0.0000	0.0000	0.0000	0.0000	0.0000	0.0000	0.0000	0.0000	0.0000	0.0000	0.0000	0.0000	0.0000	0.0000	0.0000	0.0000	0.3513	0.0000	1.9759	0.0001	0.0000	0.0000	0.0000	0.0000	0.0000	0.0000	0.0000	0.0000	0.0000	0.0000	0.0000	0.0000	0.0000	0.0000	0.0000	0.0000	0.0000	0.0000	0.0000	0.0000	0.0000	0.0000	0.0000	0.0000	0.0000	0.0000	0.0000	0.0000	0.0000	0.0000	0.0000	0.0000	0.0000	0.0000	0.0000	0.0000	0.0000	0.0000	0.0000	0.0000	0.0000	0.0000	0.0000	0.0000	0.0000	0.0000	0.0000	0.0000	0.0000	0.0000	0.0000	0.0000	0.0000	0.0000											
48	73	0.1247	6	1	1	0	0	0	0	0	0	N	N	N	N	N	N	N	N	N	N	N	N	0.0529	3.2602	0.2498	0.1363	0.1124	0.0000	0.0632	56.3051	0.2504	0.0005	0.0001	0.0053	0.0000	0.0000	0.0000	0.0007	0.0001	0.0057	0.0096	0.0000	0.0213	0.0001	0.0001	0.0000	0.0111	0.0000	0.0226	8.6144	986.5762	0.0000	0.0002	0.3513	9.9619	1.9759	7.0378	0.0000	0.0000	0.0000	0.0000	0.0000	0.0000	0.0000	0.0000	0.0000	0.0005	0.0000	0.0005	0.0000	0.0000	0.0000	0.0005	0.0000	0.0005	0.0439	0.0401	0.0038	0.0121	0.0119	0.0002	0.0318	0.0282	0.0035	0.0488	0.0268	0.0220	0.0064	0.0051	0.0013	0.0424	0.0216	0.0207	0.0529	3.2602	0.2498	0.1363	0.1124	0.0000	0.0632	56.3051	0.2504	0.0096	0.0000	0.0213	0.0001	0.0001	0.0000	0.0111	0.0000	0.0226
48	74	0.1365	6	0	1	0	0	0	0	0	0	N	N	N	N	N	N	N	N	N	N	N	N	0.0032	0.0019	0.0000	0.0033	0.0029	0.0000	0.0000	0.0000	0.0000	0.0000	0.0000	0.0000	0.0000	0.0000	0.0000	0.0000	0.0000	0.0000	0.0008	0.0014	0.0000	0.0023	0.0027	0.0000	0.0004	0.0009	0.0000	0.0012	0.0172	-0.0000	-0.0000	0.3513	7.0442	1.9759	2.0273	0.0000	0.0000	0.0000	0.0000	0.0000	0.0000	0.0000	0.0000	0.0000	0.0000	0.0000	0.0000	0.0000	0.0000	0.0000	0.0000	0.0000	0.0000	0.0350	0.0320	0.0030	0.0108	0.0105	0.0003	0.0242	0.0215	0.0028	0.0271	0.0148	0.0123	0.0045	0.0038	0.0007	0.0226	0.0110	0.0116	0.0032	0.0019	0.0000	0.0033	0.0029	0.0000	0.0000	0.0000	0.0000	0.0008	0.0014	0.0000	0.0023	0.0027	0.0000	0.0004	0.0009	0.0000
48	75	0.1126	5	0	1	0	0	0	0	0	0	N	N	N	N	N	N	N	N	N	N	N	N	0.1368	0.0951	0.0594	0.4201	0.3502	0.0000	0.0074	0.0021	0.0588	0.0002	0.0002	0.0000	0.0006	0.0006	0.0000	0.0000	0.0000	0.0000	0.0012	0.0019	0.0004	0.0013	0.0016	0.0000	0.0012	0.0034	0.0004	0.0119	0.1641	-0.0000	-0.0000	0.3513	4.3369	1.9759	3.0972	0.0000	0.0000	0.0000	0.0000	0.0000	0.0000	0.0000	0.0000	0.0000	0.0000	0.0000	0.0000	0.0000	0.0000	0.0000	0.0000	0.0000	0.0000	0.0221	0.0202	0.0019	0.0064	0.0063	0.0001	0.0157	0.0139	0.0018	0.0231	0.0127	0.0103	0.0033	0.0027	0.0006	0.0198	0.0101	0.0097	0.1368	0.0951	0.0594	0.4201	0.3502	0.0000	0.0074	0.0035	0.0588	0.0012	0.0019	0.0004	0.0013	0.0016	0.0000	0.0012	0.0020	0.0004
48	76	0.1998	10	1	1	0	0	0	0	0	0	N	N	N	N	N	N	N	N	N	N	N	N	5.6014	3.7611	0.0000	3.4509	2.7660	0.0000	0.0000	0.0022	0.0024	0.0000	0.0068	0.0069	0.0000	0.0000	0.0000	0.0000	0.0004	0.0006	0.0001	0.0020	0.0025	0.0000	0.0001	0.0000	0.0001	0.0000	0.1509	-0.0000	-0.0000	0.3513	1.9992	1.9759	0.0055	0.0000	0.0000	0.0000	0.0000	0.0000	0.0000	0.0000	0.0000	0.0000	0.0000	0.0000	0.0000	0.0000	0.0000	0.0000	0.0000	0.0000	0.0000	0.0137	0.0126	0.0010	0.0044	0.0043	0.0001	0.0092	0.0083	0.0010	0.0079	0.0043	0.0036	0.0014	0.0011	0.0003	0.0065	0.0032	0.0034	5.6014	3.7611	0.0000	3.4509	2.7660	0.0000	0.0000	0.0000	0.0000	0.0004	0.0006	0.0001	0.0020	0.0025	0.0000	0.0001	0.0000	0.0001		
48	77	0.1557	9	1	1	0	0	0	0	0	0	N	N	N	N	N	N	N	N	N	N	N	N	0.0000	0.0000	0.0000	0.0000	0.0000	0.0000	0.0000	0.0000	0.0000	0.0000	0.0000	0.0000	0.0000	0.0000	0.0000	0.0000	0.0000	0.6945	1.2007	0.0323	2.3918	2.2538	0.0000	0.0178	0.0011	0.0345	0.0000	0.1502	-0.0000	-0.0011	0.3513	5.0219	1.9759	2.0148	0.0000	0.0000	0.0000	0.0000	0.0000	0.0000	0.0000	0.0000	0.0000	0.0024	0.0021	0.0003	0.0020	0.0020	0.0000	0.0003	0.0000	0.0003	0.0226	0.0206	0.0019	0.0065	0.0063	0.0001	0.0161	0.0143	0.0018	0.0213	0.0117	0.0096	0.0033	0.0027	0.0006	0.0180	0.0090	0.0089	0.0000	0.0000	0.0000	0.0000	0.0000	0.0000	0.0000	0.0000	0.0000	0.1112	0.1758	0.0323	0.6182	0.7623	0.0000	0.0178	0.0011	0.0345	
48	78	0.1428	8	0	1	0	0	0	0	0	0	N	N	N	N	N	N	N	N	N	N	N	N	0.0000	0.0000	0.0000	0.0000	0.0000	0.0000	0.0000	0.0000	0.0000	0.0000	0.0000	0.0000	0.0000	0.0000	0.0000	0.0000	0.0000	0.0000	0.0010	0.0018	0.0000	0.0007	0.0009	0.0000	0.0011	0.0034	0.0001	0.0219	0.0000	-0.0000	0.3513	1.0203	1.9759	2.7327	0.0000	0.0000	0.0000	0.0000	0.0000	0.0000	0.0000	0.0000	0.0000	0.0000	0.0000	0.0000	0.0000	0.0000	0.0000	0.0000	0.0000	0.0000	0.0046	0.0042	0.0004	0.0013	0.0013	0.0000	0.0033	0.0029	0.0004	0.0113	0.0062	0.0051	0.0016	0.0013	0.0003	0.0097	0.0049	0.0048	0.0000	0.0000	0.0000	0.0000	0.0000	0.0000	0.0000	0.0000	0.0000	0.0010	0.0018	0.0000	0.0007	0.0009	0.0000	0.0011	0.0020	0.0001	
48	79	0.1428	7	0	0	0	0	0	0	0	0	N	N	N	N	N	N	N	N	N	N	N	N	0.0000	0.0000	0.0000	0.0000	0.0000	0.0000	0.0000	0.0000	0.0000	0.0000	0.0000	0.0000	0.0000	0.0000	0.0000	0.0000	0.0000	0.0000	0.0011	0.0010	0.0015	0.0023	0.0016	0.0281	0.0004	0.0002	0.0006	0.7670	0.0000	-0.0000	0.3513	0.0000	1.9759	0.0018	0.0000	0.0000	0.0000	0.0000	0.0000	0.0000	0.0000	0.0000	0.0000	0.0000	0.0000	0.0000	0.0000	0.0000	0.0000	0.0000	0.0000	0.0000	0.0000	0.0000	0.0000	0.0000	0.0000	0.0000	0.0000	0.0000	0.0000	0.0000	0.0000	0.0000	0.0000	0.0000	0.0000	0.0000	0.0000	0.0000	0.0000	0.0000	0.0000	0.0000	0.0000	0.0000	0.0000	0.0000	0.0000	0.0011	0.0010	0.0015	0.0023	0.0016	0.0281	0.0004	0.0002	0.0006	
48	80	0.1247	6	0	0	0	0	0	0	0	0	N	N	N	N	N	N	N	N	N	N	N	N	1.1526	0.7005	0.0000	0.0318	0.0264	0.0000	62.5945	53.2848	0.0000	0.0002	0.0002	0.0000	0.0000	0.0000	0.0000	0.0002	0.0002	0.0000	0.0001	0.0003	0.0000	0.0010	0.0012	0.0000	0.0000	0.0000	0.0000	0.0001	0.0101	-0.0000	-0.0000	0.3513	3.0825	1.9759	2.0124	0.0000	0.0000	0.0000	0.0000	0.0000	0.0000	0.0000	0.0000	0.0000	0.0000	0.0000	0.0000	0.0000	0.0000	0.0000	0.0000	0.0000	0.0000	0.0143	0.0130	0.0012	0.0040	0.0039	0.0001	0.0103	0.0091	0.0012	0.0157	0.0086	0.0071	0.0022	0.0018	0.0004	0.0136	0.0069	0.0067	1.1526	0.7005	0.0000	0.0318	0.0264	0.0000	62.5945	53.2848	0.0000	0.0001	0.0003	0.0000	0.0010	0.0012	0.0000	0.0000	0.0000	0.0000
48	81	0.1126	5	0	0	0	0	0	0	0	0	N	N	N	N	N	N	N	N	N	N	N	N	368.0015	458.7155	0.0890	0.1590	0.1358	0.0000	581.8527	1001.9096	0.0884	0.1206	0.1320	0.0000	0.0001	0.0001	0.0000	0.1711	0.1936	0.0000	0.0003	0.0003	0.0004	0.0005	0.0006	0.0000	0.0003	0.0002	0.0004	0.0000	1.0482	-0.0008	-0.0000	0.3513	3.6751	1.9759	0.0788	0.0023	0.0023	0.0000	0.0000	0.0000	0.0000	0.0023	0.0023	0.0000	0.0000	0.0000	0.0000	0.0000	0.0000	0.0000	0.0000	0.0000	0.0000	0.0192	0.0175	0.0016	0.0057	0.0056	0.0001	0.0135	0.0120	0.0016	0.0121	0.0067	0.0054	0.0018	0.0015	0.0003	0.0103	0.0052	0.0051	368.0015	458.7155	0.0890	0.1590	0.1358	0.0000	581.8527	1001.9096	0.0884	0.0003	0.0003	0.0004	0.0005	0.0006	0.0000	0.0003	0.0002	0.0004
48	82	0.0634	4	0	0	0	0	0	0	0	0	N	N	N	N	N	N	N	N	N	N	N	N	0.4695	0.0338	16.7167	0.0000	0.0000	0.0000	0.5495	0.0050	16.4797	0.0034	0.0004	0.0353	0.0000	0.0000	0.0000	0.0046	0.0005	0.0364	0.0073	0.0111	0.0021	0.0007	0.0009	0.0000	0.0084	0.1057	0.0022	8.9125	0.1427	0.0001	-0.0002	0.3513	8.5011	1.9759	5.2406	0.0001	0.0000	0.0001	0.0000	0.0000	0.0000	0.0001	0.0000	0.0001	0.0003	0.0003	0.0000	0.0000	0.0000	0.0000	0.0003	0.0003	0.0000	0.0392	0.0358	0.0034	0.0102	0.0101	0.0001	0.0290	0.0257	0.0033	0.0478	0.0273	0.0205	0.0070	0.0061	0.0009	0.0408	0.0212	0.0196	0.4695	0.0338	16.7167	0.0000	0.0000	0.0000	0.5495	0.0372	16.4797	0.0073	0.0111	0.0021	0.0007	0.0009	0.0000	0.0084	0.0141	0.0022
49	51	0.0777	4	0	1	0	1	0	0	0	0	N	N	N	N	N	N	N	N	N	N	N	N	0.0001	0.0000	0.0000	0.0362	0.0304	0.0000	0.0000	0.0000	0.0000	0.0000	0.0000	0.0000	0.0003	0.0003	0.0000	0.0000	0.0000	0.0000	0.5688	1.1736	0.0041	0.0083	0.0103	0.0000	0.8635	2.2937	0.0045	0.0000	0.0170	-0.0000	-0.0003	0.1669	7.3891	0.0350	13.2142	0.0000	0.0000	0.0000	0.0000	0.0000	0.0000	0.0000	0.0000	0.0000	0.0006	0.0006	0.0000	0.0000	0.0000	0.0000	0.0006	0.0006	0.0000	0.0100	0.0087	0.0013	0.0012	0.0012	0.0000	0.0088	0.0076	0.0012	0.0059	0.0034	0.0025	0.0012	0.0010	0.0002	0.0046	0.0024	0.0022	0.0004	0.0002	0.0000	0.0362	0.0304	0.0000	0.0000	0.0000	0.0000	0.1022	0.1730	0.0041	0.0083	0.0103	0.0000	0.1268	0.2388	0.0045
49	52	0.0839	5	0	1	0	0	0	0	0	0	N	N	N	N	N	N	N	N	N	N	N	N	2218.8864	1.1157	22790.9795	3.3887	2.7699	0.0000	5923.1122	21367.2526	10.3671	0.0061	81.9627	0.0522	0.0554	0.0000	11.5455	0.0000	86.0029	0.0047	0.0055	0.0036	0.0154	0.0200	0.0000	0.0019	0.0000	0.0040	1935.2062	0.4998	0.1052	-0.0000	0.1669	12.1779	0.0350	13.0455	0.1655	0.0001	0.1654	0.0001	0.0001	0.0000	0.1654	0.0000	0.1654	0.0000	0.0000	0.0000	0.0000	0.0000	0.0000	0.0000	0.0000	0.0000	0.0160	0.0139	0.0020	0.0016	0.0015	0.0001	0.0143	0.0124	0.0019	0.0064	0.0036	0.0028	0.0013	0.0010	0.0003	0.0051	0.0026	0.0025	2218.8864	1.1157	22790.9795	3.3887	2.7699	0.0000	5923.1122	0.0000	21367.2526	0.0047	0.0055	0.0036	0.0154	0.0200	0.0000	0.0019	0.0000	0.0040	
49	53	0.0077	3	0	1	0	0	0	0	0	0	N	N	N	N	N	N	N	N	N	N	N	N	0.0000	0.0000	0.0000	0.0000	0.0000	0.0000	0.0000	0.0000	0.0000	0.0000	0.0000	0.0000	0.0000	0.0000	0.0000	0.0000	0.0000	0.0000	0.0000	0.0004	0.0004	0.0000	0.0000	0.0000	0.0000	0.8571	0.0000	-0.0000	0.1669	3.0001	0.0350	3.0003	0.0000	0.0000	0.0000	0.0000	0.0000	0.0000	0.0000	0.0000	0.0000	0.0000	0.0000	0.0000	0.0000	0.0000	0.0000	0.0000	0.0000	0.0000	0.0038	0.0033	0.0005	0.0000	0.0000	0.0000	0.0038	0.0033	0.0005	0.0018	0.0009	0.0009	0.0000	0.0000	0.0000	0.0018	0.0009	0.0009	0.0000	0.0000	0.0000	0.0000	0.0000	0.0000	0.0000	0.0000	0.0000	0.0000	0.0000	0.0000	0.0004	0.0004	0.0000	0.0000	0.0000	0.0000			
49	54	0.0003	2	0	0	0	0	0	0	0	0	N	N	N	N	N	N	N	N	N	N	N	N	0.9699	0.1624	0.0469	0.7980	0.9902	0.0128	0.0469	0.0409	0.0476	0.0001	19.0123	19.0244	0.0000	0.0000	0.0000	0.0001	0.0422	0.2931	0.0022	23.8235	19.2125	0.0000	0.0011	0.0000	0.0022	0.0004	0.0331	-0.0000	-0.0000	0.1669	1.9998	0.0350	1.0017	0.0001	0.0001	0.0000	0.0001	0.0001	0.0000	0.0000	0.0000	0.0000	0.0000	0.0000	0.0000	0.0000	0.0000	0.0000	0.0000	0.0000	0.0000	0.0026	0.0022	0.0004	0.0000	0.0000	0.0000	0.0026	0.0022	0.0004	0.0009	0.0005	0.0005	0.0000	0.0000	0.0000	0.0009	0.0005	0.0005	1.1579	0.6785	0.0469	3.6040	3.6061	0.0000	0.0128	0.0000	0.0469	0.0354	0.0701	0.0022	5.2753	5.2757	0.0000	0.0011	0.0000	0.0022		
49	56	0.1415	9	0	1	0	0	0	0	0	0	N	N	N	N	N	N	N	N	N	N	N	N	0.0000	0.0000	0.0000	0.0000	0.0000	0.0000	0.0000	0.0000	0.0000	0.0000	0.0000	0.0000	0.0000	0.0000	0.0000	0.0000	0.0000	0.0000	0.0021	0.0033	0.0000	0.0029	0.0035	0.0000	0.0016	0.0055	0.0000	0.0016	0.0000	-0.0000	0.1669	5.0156	0.0350	9.5596	0.0000	0.0000	0.0000	0.0000	0.0000	0.0000	0.0000	0.0000	0.0000	0.0000	0.0000	0.0000	0.0000	0.0000	0.0000	0.0000	0.0000	0.0000	0.0064	0.0056	0.0008	0.0008	0.0007	0.0000	0.0056	0.0049	0.0008	0.0045	0.0029	0.0016	0.0018	0.0015	0.0003	0.0028	0.0015	0.0013	0.0000	0.0000	0.0000	0.0000	0.0000	0.0000	0.0000	0.0000	0.0000	0.0021	0.0033	0.0000	0.0029	0.0035	0.0000	0.0016	0.0031	0.0000	
49	57	0.1201	8	0	1	0	0	0	0	0	0	N	N	N	N	N	N	N	N	N	N	N	N	0.1479	0.1367	0.0000	0.4699	0.4525	0.0000	0.0028	0.0014	0.0000	0.0006	0.0007	0.0000	0.0026	0.0028	0.0000	0.0000	0.0000	0.0000	0.0039	0.0049	0.0019	0.0056	0.0062	0.0034	0.0024	0.0057	0.0012	0.0001	0.1852	-0.0000	-0.0000	0.1669	5.2776	0.0350	4.9316	0.0000	0.0000	0.0000	0.0000	0.0000	0.0000	0.0000	0.0000	0.0000	0.0000	0.0000	0.0000	0.0000	0.0000	0.0000	0.0000	0.0000	0.0000	0.0087	0.0076	0.0011	0.0019	0.0018	0.0001	0.0068	0.0058	0.0010	0.0052	0.0035	0.0017	0.0025	0.0020	0.0005	0.0027	0.0016	0.0011	0.1479	0.1367	0.0000	0.4699	0.4525	0.0000	0.0028	0.0025	0.0000	0.0039	0.0049	0.0019	0.0056	0.0062	0.0034	0.0024	0.0032	0.0012
49	58	0.0921	7	0	0	0	0	0	0	0	0	N	N	N	N	N	N	N	N	N	N	N	N	0.5466	0.4222	0.0000	1.7189	1.5719	0.0000	0.5480	0.0823	0.0000	0.0056	0.0064	0.0000	0.0389	0.0416	0.0000	0.0033	0.0038	0.0000	0.0102	0.0152	0.0022	0.0226	0.0265	0.0051	0.0060	0.0461	0.0019	0.0000	0.0934	-0.0000	-0.0000	0.1669	6.4383	0.0350	5.2340	0.0000	0.0000	0.0000	0.0000	0.0000	0.0000	0.0000	0.0000	0.0000	0.0000	0.0000	0.0000	0.0000	0.0000	0.0000	0.0000	0.0000	0.0000	0.0081	0.0071	0.0011	0.0005	0.0005	0.0000	0.0076	0.0066	0.0010	0.0036	0.0022	0.0014	0.0009	0.0008	0.0002	0.0027	0.0015	0.0012	0.5466	0.4222	0.0000	1.7189	1.5719	0.0000	0.5480	0.4020	0.0000	0.0102	0.0152	0.0022	0.0226	0.0265	0.0051	0.0060	0.0094	0.0019
49	59	0.0839	6	0	0	0	0	0	0	0	0	N	N	N	N	N	N	N	N	N	N	N	N	2.5649	2.1891	0.0000	4.7704	5.3174	0.0000	0.0002	0.0001	0.0000	0.0094	0.0106	0.0000	0.0465	0.0488	0.0000	0.0000	0.0000	0.0000	0.0037	0.0049	0.0018	0.0098	0.0092	0.0123	0.0017	0.0048	0.0005	0.0000	0.2471	-0.0000	-0.0000	0.1669	3.9043	0.0350	0.3762	0.0001	0.0001	0.0000	0.0001	0.0001	0.0000	0.0000	0.0000	0.0000	0.0000	0.0000	0.0000	0.0000	0.0000	0.0000	0.0000	0.0000	0.0000	0.0064	0.0057	0.0007	0.0013	0.0012	0.0001	0.0051	0.0044	0.0007	0.0014	0.0008	0.0005	0.0003	0.0003	0.0001	0.0010	0.0006	0.0005	2.5649	2.1891	0.0000	4.7704	5.3174	0.0000	0.0002	0.0002	0.0000	0.0037	0.0049	0.0018	0.0098	0.0092	0.0123	0.0017	0.0027	0.0005
49	60	0.0839	5	0	0	0	0	0	0	0	0	N	N	N	N	N	N	N	N	N	N	N	N	4.9245	5.1102	0.0000	6.4753	7.9176	0.0000	0.0000	0.0000	0.0000	0.0140	0.0155	0.0000	0.0422	0.0440	0.0000	0.0000	0.0000	0.0000	0.0029	0.0030	0.0025	0.0065	0.0056	0.0126	0.0013	0.0018	0.0011	0.0000	0.4256	-0.0000	-0.0000	0.1669	1.5036	0.0350	0.1987	0.0000	0.0000	0.0000	0.0000	0.0000	0.0000	0.0000	0.0000	0.0000	0.0000	0.0000	0.0000	0.0000	0.0000	0.0000	0.0000	0.0000	0.0000	0.0034	0.0031	0.0003	0.0011	0.0011	0.0000	0.0023	0.0020	0.0003	0.0007	0.0004	0.0002	0.0002	0.0002	0.0000	0.0005	0.0003	0.0002	4.9245	5.1102	0.0000	6.4753	7.9176	0.0000	0.0000	0.0000	0.0000	0.0029	0.0030	0.0025	0.0065	0.0056	0.0126	0.0013	0.0014	0.0011
49	61	0.0777	4	0	0	0	0	0	0	0	0	N	N	N	N	N	N	N	N	N	N	N	N	9.3839	10.2838	0.0000	15.0252	18.3406	0.0000	0.0000	0.0000	0.0000	0.0091	0.0103	0.0000	0.0398	0.0411	0.0000	0.0000	0.0000	0.0000	0.0010	0.0010	0.0009	0.0027	0.0022	0.0059	0.0002	0.0001	0.0003	0.0000	0.4311	-0.0000	-0.0000	0.1669	2.7181	0.0350	1.0102	0.0000	0.0000	0.0000	0.0000	0.0000	0.0000	0.0000	0.0000	0.0000	0.0000	0.0000	0.0000	0.0000	0.0000	0.0000	0.0000	0.0000	0.0000	0.0043	0.0038	0.0005	0.0010	0.0010	0.0000	0.0034	0.0029	0.0005	0.0017	0.0012	0.0006	0.0006	0.0005	0.0001	0.0012	0.0007	0.0005	9.3839	10.2838	0.0000	15.0252	18.3406	0.0000	0.0000	0.0000	0.0000	0.0010	0.0010	0.0009	0.0027	0.0022	0.0059	0.0002	0.0001	0.0003
49	62	0.0583	3	0	0	0	0	0	0	0	0	N	N	N	N	N	N	N	N	N	N	N	N	0.5451	0.4131	0.0000	2.1521	2.3826	0.0000	0.0000	0.0000	0.0000	0.0001	0.0002	0.0000	0.0004	0.0004	0.0000	0.0000	0.0000	0.0000	0.0003	0.0004	0.0001	0.0002	0.0002	0.0003	0.0003	0.0004	0.0001	0.0000	0.1438	-0.0000	-0.0000	0.1669	1.4525	0.0350	6.3634	0.0000	0.0000	0.0000	0.0000	0.0000	0.0000	0.0000	0.0000	0.0000	0.0000	0.0000	0.0000	0.0000	0.0000	0.0000	0.0000	0.0000	0.0000	0.0026	0.0024	0.0003	0.0008	0.0008	0.0000	0.0018	0.0015	0.0003	0.0027	0.0016	0.0011	0.0005	0.0004	0.0000	0.0022	0.0012	0.0010	0.5451	0.4131	0.0000	2.1521	2.3826	0.0000	0.0000	0.0000	0.0000	0.0003	0.0004	0.0001	0.0002	0.0002	0.0003	0.0003	0.0004	0.0001
49	63	0.1377	6	1	1	0	1	0	0	0	0	N	N	N	N	N	N	N	N	N	N	N	N	0.0000	0.0000	0.0000	0.0000	0.0000	0.0000	0.0000	0.0000	0.0000	0.0000	0.0000	0.0000	0.0000	0.0000	0.0000	0.0000	0.0000	0.0000	0.0000	0.0000	0.0000	0.0000	0.0000	0.0000	0.2500	0.0000	-0.0000	0.1669	2.0000	0.0350	2.0002	0.0000	0.0000	0.0000	0.0000	0.0000	0.0000	0.0000	0.0000	0.0000	0.0000	0.0000	0.0000	0.0000	0.0000	0.0000	0.0000	0.0000	0.0000	0.0025	0.0022	0.0003	0.0003	0.0003	0.0000	0.0022	0.0019	0.0003	0.0011	0.0006	0.0005	0.0002	0.0001	0.0000	0.0009	0.0005	0.0005	0.0000	0.0000	0.0000	0.0000	0.0000	0.0000	0.0000	0.0000	0.0000	0.0000	0.0000	0.0000	0.0000	0.0000	0.0000	0.0000	0.0000	0.0000				
49	64	0.1534	10	0	1	0	1	0	0	0	0	N	N	N	N	N	N	N	N	N	N	N	N	0.0000	0.0000	0.0000	0.0000	0.0000	0.0000	0.0000	0.0000	0.0000	0.0000	0.0000	0.0000	0.0000	0.0000	0.0000	0.0000	0.0000	0.0056	0.0000	0.0127	0.0320	0.0000	0.2123	0.0000	0.0000	0.0000	229.1069	0.0000	0.0000	0.1669	2.0059	0.0350	4.8036	0.0000	0.0000	0.0000	0.0000	0.0000	0.0000	0.0000	0.0000	0.0000	0.0000	0.0000	0.0000	0.0000	0.0000	0.0000	0.0000	0.0000	0.0000	0.0025	0.0022	0.0003	0.0004	0.0003	0.0000	0.0022	0.0019	0.0003	0.0018	0.0010	0.0008	0.0003	0.0003	0.0001	0.0015	0.0008	0.0007	0.0000	0.0000	0.0000	0.0000	0.0000	0.0000	0.0000	0.0000	0.0000	0.0056	0.0000	0.0127	0.0320	0.0000	0.1878	0.0000	0.0000	0.0000		
49	65	0.1505	8	0	1	0	0	0	0	0	0	N	N	N	N	N	N	N	N	N	N	N	N	0.0000	0.0000	0.0000	0.0000	0.0000	0.0000	0.0000	0.0000	0.0000	0.0000	0.0000	0.0000	0.0000	0.0000	0.0000	0.0000	0.0010	0.0009	0.0011	0.0025	0.0029	0.0000	0.0006	0.0000	0.0011	0.9967	0.0000	-0.0000	0.1669	0.9804	0.0350	0.2754	0.0000	0.0000	0.0000	0.0000	0.0000	0.0000	0.0000	0.0000	0.0000	0.0000	0.0000	0.0000	0.0000	0.0000	0.0000	0.0000	0.0000	0.0000	0.0013	0.0011	0.0002	0.0002	0.0002	0.0000	0.0011	0.0010	0.0002	0.0004	0.0002	0.0002	0.0001	0.0001	0.0000	0.0003	0.0001	0.0002	0.0000	0.0000	0.0000	0.0000	0.0000	0.0000	0.0000	0.0000	0.0000	0.0010	0.0009	0.0011	0.0025	0.0029	0.0000	0.0006	0.0000	0.0011			
49	66	0.1484	9	0	0	1	1	0	0	0	0	N	N	N	N	N	N	N	N	N	N	N	N	0.0000	0.0000	0.0000	0.0000	0.0000	0.0000	0.0000	0.0000	0.0000	0.0000	0.0000	0.0000	0.0000	0.0000	0.0000	0.0004	0.0006	0.0000	0.0004	0.0005	0.0000	0.0003	0.0007	0.0000	0.0005	0.0000	-0.0000	0.1669	0.9437	0.0350	4.8091	0.0000	0.0000	0.0000	0.0000	0.0000	0.0000	0.0000	0.0000	0.0000	0.0000	0.0000	0.0000	0.0000	0.0000	0.0000	0.0000	0.0000	0.0000	0.0017	0.0014	0.0002	0.0004	0.0004	0.0000	0.0012	0.0010	0.0002	0.0016	0.0009	0.0007	0.0003	0.0002	0.0000	0.0013	0.0007	0.0006	0.0000	0.0000	0.0000	0.0000	0.0000	0.0000	0.0000	0.0000	0.0000	0.0004	0.0006	0.0000	0.0004	0.0005	0.0000	0.0003	0.0007	0.0000				
49	67	0.1413	8	0	0	1	1	0	0	0	0	N	N	N	N	N	N	N	N	N	N	N	N	0.0000	0.0000	0.0000	0.0000	0.0000	0.0000	0.0000	0.0000	0.0000	0.0000	0.0000	0.0000	0.0000	0.0000	0.0000	0.0006	0.0008	0.0003	0.0038	0.0037	0.0040	0.0000	0.0000	0.0000	0.2502	0.0000	-0.0000	0.1669	4.0088	0.0350	5.0246	0.0000	0.0000	0.0000	0.0000	0.0000	0.0000	0.0000	0.0000	0.0000	0.0000	0.0000	0.0000	0.0000	0.0000	0.0000	0.0000	0.0000	0.0000	0.0050	0.0043	0.0007	0.0006	0.0006	0.0000	0.0043	0.0037	0.0006	0.0024	0.0013	0.0011	0.0004	0.0003	0.0001	0.0020	0.0010	0.0010	0.0000	0.0000	0.0000	0.0000	0.0000	0.0000	0.0000	0.0000	0.0000	0.0006	0.0008	0.0003	0.0038	0.0037	0.0040	0.0000	0.0000	0.0000				
49	68	0.1534	10	0	0	1	1	0	0	0	0	N	N	N	N	N	N	N	N	N	N	N	N	0.0000	0.0000	0.0000	0.0000	0.0000	0.0000	0.0000	0.0000	0.0000	0.0000	0.0000	0.0000	0.0000	0.0000	0.0000	0.0000	0.0001	0.0000	0.0001	0.0001	0.0000	0.0000	0.0001	0.0000	0.0130	0.0000	-0.0000	0.1669	1.0064	0.0350	4.2000	0.0000	0.0000	0.0000	0.0000	0.0000	0.0000	0.0000	0.0000	0.0000	0.0000	0.0000	0.0000	0.0000	0.0000	0.0000	0.0000	0.0000	0.0000	0.0013	0.0011	0.0002	0.0002	0.0002	0.0000	0.0011	0.0009	0.0002	0.0014	0.0008	0.0006	0.0002	0.0002	0.0000	0.0012	0.0006	0.0006	0.0000	0.0000	0.0000	0.0000	0.0000	0.0000	0.0000	0.0000	0.0000	0.0000	0.0001	0.0000	0.0001	0.0001	0.0000	0.0000	0.0001	0.0000				
49	69	0.1484	9	0	0	0	1	0	0	0	0	N	N	N	N	N	N	N	N	N	N	N	N	0.0000	0.0000	0.0000	0.0000	0.0000	0.0000	0.0000	0.0000	0.0000	0.0000	0.0000	0.0000	0.0000	0.0000	0.0000	0.0000	0.0000	0.0012	0.0020	0.0001	0.0016	0.0016	0.0014	0.0011	0.0036	0.0000	0.0314	0.0000	-0.0000	0.1669	1.2889	0.0350	0.3511	0.0000	0.0000	0.0000	0.0000	0.0000	0.0000	0.0000	0.0000	0.0000	0.0000	0.0000	0.0000	0.0000	0.0000	0.0000	0.0000	0.0000	0.0000	0.0021	0.0018	0.0003	0.0005	0.0005	0.0000	0.0016	0.0014	0.0002	0.0005	0.0003	0.0002	0.0001	0.0001	0.0000	0.0004	0.0002	0.0002	0.0000	0.0000	0.0000	0.0000	0.0000	0.0000	0.0000	0.0000	0.0000	0.0012	0.0020	0.0001	0.0016	0.0016	0.0014	0.0011	0.0022	0.0000		
49	70	0.1413	8	0	0	0	1	0	0	0	0	N	N	N	N	N	N	N	N	N	N	N	N	0.0000	0.0000	0.0000	0.0000	0.0000	0.0000	0.0000	0.0000	0.0000	0.0000	0.0000	0.0000	0.0000	0.0000	0.0000	0.0000	0.0000	0.3523	0.9910	0.0000	0.0983	0.1167	0.0002	0.3182	1.7284	0.0000	0.0001	0.0000	-0.0000	0.1669	0.7777	0.0350	1.1718	0.0000	0.0000	0.0000	0.0000	0.0000	0.0000	0.0000	0.0000	0.0000	0.0000	0.0000	0.0000	0.0000	0.0000	0.0000	0.0000	0.0000	0.0000	0.0010	0.0009	0.0001	0.0001	0.0001	0.0000	0.0009	0.0007	0.0001	0.0006	0.0003	0.0002	0.0001	0.0001	0.0000	0.0005	0.0002	0.0002	0.0000	0.0000	0.0000	0.0000	0.0000	0.0000	0.0000	0.0000	0.0000	0.0850	0.1509	0.0000	0.0983	0.1167	0.0002	0.0822	0.1629	0.0000		
49	71	0.1377	7	0	0	0	1	0	0	0	0	N	N	N	N	N	N	N	N	N	N	N	N	0.0000	0.0000	0.0000	0.0000	0.0000	0.0000	0.0000	0.0000	0.0000	0.0000	0.0000	0.0000	0.0000	0.0000	0.0000	0.0000	0.0000	0.0049	0.0089	0.0000	0.0068	0.0085	0.0001	0.0046	0.0442	0.0000	0.0015	0.0000	-0.0000	0.1669	0.9929	0.0350	0.0325	0.0000	0.0000	0.0000	0.0000	0.0000	0.0000	0.0000	0.0000	0.0000	0.0000	0.0000	0.0000	0.0000	0.0000	0.0000	0.0000	0.0000	0.0000	0.0013	0.0011	0.0002	0.0002	0.0001	0.0000	0.0011	0.0009	0.0002	0.0003	0.0002	0.0001	0.0000	0.0000	0.0000	0.0002	0.0001	0.0001	0.0000	0.0000	0.0000	0.0000	0.0000	0.0000	0.0000	0.0000	0.0000	0.0049	0.0089	0.0000	0.0068	0.0085	0.0001	0.0046	0.0090	0.0000		
49	72	0.1828	6	1	1	0	0	0	0	0	0	N	N	N	N	N	N	N	N	N	N	N	N	0.0000	0.0000	0.0000	0.0000	0.0000	0.0000	0.0000	0.0000	0.0000	0.0000	0.0000	0.0000	0.0000	0.0000	0.0000	0.0000	0.0000	0.0000	0.0000	0.0000	0.1669	0.0000	0.0350	0.0001	0.0000	0.0000	0.0000	0.0000	0.0000	0.0000	0.0000	0.0000	0.0000	0.0000	0.0000	0.0000	0.0000	0.0000	0.0000	0.0000	0.0000	0.0000	0.0000	0.0000	0.0000	0.0000	0.0000	0.0000	0.0000	0.0000	0.0000	0.0000	0.0000	0.0000	0.0000	0.0000	0.0000	0.0000	0.0000	0.0000	0.0000	0.0000	0.0000	0.0000	0.0000	0.0000	0.0000	0.0000	0.0000	0.0000	0.0000	0.0000	0.0000	0.0000	0.0000	0.0000	0.0000	0.0000											
49	73	0.1195	5	1	1	0	0	0	0	0	0	N	N	N	N	N	N	N	N	N	N	N	N	11.3657	9.1940	0.0000	16.0274	14.5330	0.3374	inf	0.0000	0.0001	0.0001	0.0000	0.0005	0.0005	0.0000	0.0000	0.0000	0.0000	0.0000	0.0000	0.0000	0.0000	0.0000	0.0000	0.0000	0.0000	0.0000	0.0000	0.2857	-0.0000	-0.0000	0.1669	9.9619	0.0350	7.0378	0.0000	0.0000	0.0000	0.0000	0.0000	0.0000	0.0000	0.0000	0.0000	0.0000	0.0000	0.0000	0.0000	0.0000	0.0000	0.0000	0.0000	0.0000	0.0122	0.0106	0.0016	0.0014	0.0013	0.0001	0.0108	0.0093	0.0015	0.0043	0.0024	0.0019	0.0006	0.0005	0.0001	0.0037	0.0019	0.0018	11.3657	9.1940	0.0000	16.0274	14.5330	0.0000	0.3374	inf	0.0000	0.0000	0.0000	0.0000	0.0000	0.0000	0.0000	0.0000	0.0000	0.0000	
49	74	0.1313	5	0	1	0	0	0	0	0	0	N	N	N	N	N	N	N	N	N	N	N	N	0.0006	0.0004	0.0000	0.0006	0.0005	0.0000	0.0000	0.0000	0.0000	0.0000	0.0000	0.0000	0.0000	0.0000	0.0000	0.0000	0.0000	0.0002	0.0003	0.0000	0.0009	0.0010	0.0001	0.0000	0.0000	0.0000	0.0000	0.0613	-0.0000	-0.0000	0.1669	7.0442	0.0350	2.0273	0.0000	0.0000	0.0000	0.0000	0.0000	0.0000	0.0000	0.0000	0.0000	0.0000	0.0000	0.0000	0.0000	0.0000	0.0000	0.0000	0.0000	0.0000	0.0105	0.0092	0.0013	0.0020	0.0019	0.0001	0.0084	0.0073	0.0012	0.0024	0.0013	0.0011	0.0004	0.0003	0.0001	0.0020	0.0010	0.0010	0.0006	0.0004	0.0000	0.0006	0.0005	0.0000	0.0000	0.0000	0.0000	0.0002	0.0003	0.0000	0.0009	0.0010	0.0001	0.0000	0.0000	0.0000	
49	75	0.1074	4	0	1	0	0	0	0	0	0	N	N	N	N	N	N	N	N	N	N	N	N	0.0459	0.0333	0.0000	0.0442	0.0376	0.0000	0.0015	0.0324	0.0000	0.0001	0.0001	0.0000	0.0004	0.0004	0.0000	0.0000	0.0000	0.0000	0.0015	0.0023	0.0005	0.0091	0.0111	0.0001	0.0002	0.0000	0.0005	0.0000	0.1583	-0.0000	-0.0000	0.1669	4.3369	0.0350	3.0972	0.0000	0.0000	0.0000	0.0000	0.0000	0.0000	0.0000	0.0000	0.0000	0.0000	0.0000	0.0000	0.0000	0.0000	0.0000	0.0000	0.0000	0.0000	0.0067	0.0058	0.0008	0.0011	0.0011	0.0000	0.0055	0.0048	0.0008	0.0020	0.0011	0.0009	0.0003	0.0002	0.0001	0.0017	0.0009	0.0009	0.0459	0.0333	0.0000	0.0442	0.0376	0.0000	0.0015	0.0324	0.0000	0.0015	0.0023	0.0005	0.0091	0.0111	0.0001	0.0002	0.0000	0.0005
49	76	0.1947	9	1	1	0	0	0	0	0	0	N	N	N	N	N	N	N	N	N	N	N	N	2.5861	3.1245	0.0000	0.0000	0.0000	5.1548	inf	0.0000	0.0030	0.0034	0.0000	0.0000	0.0000	0.0000	0.0035	0.0041	0.0000	0.0011	0.0011	0.0012	0.0033	0.0042	0.0000	0.0007	0.0000	0.0013	0.0000	0.9673	-0.0000	-0.0000	0.1669	1.9992	0.0350	0.0055	0.0000	0.0000	0.0000	0.0000	0.0000	0.0000	0.0000	0.0000	0.0000	0.0000	0.0000	0.0000	0.0000	0.0000	0.0000	0.0000	0.0000	0.0000	0.0034	0.0030	0.0004	0.0005	0.0005	0.0000	0.0028	0.0025	0.0004	0.0007	0.0004	0.0003	0.0001	0.0001	0.0000	0.0006	0.0003	0.0003	2.5861	3.1245	0.0000	0.0000	0.0000	0.0000	5.1548	inf	0.0000	0.0011	0.0011	0.0012	0.0033	0.0042	0.0000	0.0007	0.0000	0.0013	
49	77	0.1505	8	1	1	0	0	0	0	0	0	N	N	N	N	N	N	N	N	N	N	N	N	0.0000	0.0000	0.0000	0.0000	0.0000	0.0000	inf	0.0000	0.0000	0.0000	0.0000	0.0000	0.0000	0.0000	0.0000	0.0000	0.0000	1.3902	1.9749	0.8023	4.2872	4.2657	0.0000	1.2423	0.0000	0.6913	0.0167	0.9677	-0.0000	-0.0001	0.1669	5.0219	0.0350	2.0148	0.0000	0.0000	0.0000	0.0000	0.0000	0.0000	0.0000	0.0000	0.0000	0.0006	0.0003	0.0003	0.0003	0.0003	0.0000	0.0003	0.0000	0.0003	0.0063	0.0055	0.0008	0.0008	0.0008	0.0001	0.0054	0.0047	0.0008	0.0019	0.0010	0.0008	0.0003	0.0002	0.0001	0.0016	0.0008	0.0008	0.0000	0.0000	0.0000	0.0000	0.0000	0.0000	0.0000	inf	0.0000	0.3242	0.3003	0.3533	1.0437	1.2834	0.0000	0.1894	0.0000	0.3780	
49	78	0.1377	7	0	1	0	0	0	0	0	0	N	N	N	N	N	N	N	N	N	N	N	N	0.0000	0.0000	0.0000	0.0000	0.0000	0.0000	0.0000	0.0000	0.0000	0.0000	0.0000	0.0000	0.0000	0.0000	0.0000	0.0000	0.0000	0.0000	0.0004	0.0004	0.0004	0.0013	0.0016	0.0000	0.0002	0.0000	0.0004	0.9117	0.0000	-0.0000	0.1669	1.0203	0.0350	2.7327	0.0000	0.0000	0.0000	0.0000	0.0000	0.0000	0.0000	0.0000	0.0000	0.0000	0.0000	0.0000	0.0000	0.0000	0.0000	0.0000	0.0000	0.0000	0.0013	0.0011	0.0002	0.0002	0.0002	0.0000	0.0011	0.0010	0.0002	0.0010	0.0005	0.0005	0.0001	0.0001	0.0000	0.0009	0.0004	0.0004	0.0000	0.0000	0.0000	0.0000	0.0000	0.0000	0.0000	0.0000	0.0000	0.0004	0.0004	0.0004	0.0013	0.0016	0.0000	0.0002	0.0000	0.0004	
49	79	0.1377	6	0	0	0	0	0	0	0	0	N	N	N	N	N	N	N	N	N	N	N	N	0.0000	0.0000	0.0000	0.0000	0.0000	0.0000	0.0000	0.0000	0.0000	0.0000	0.0000	0.0000	0.0000	0.0000	0.0000	0.0000	0.0000	0.0085	0.0114	0.0026	0.0136	0.0117	0.0754	0.0054	0.0649	0.0000	0.1111	0.0000	-0.0000	0.1669	0.0000	0.0350	0.0018	0.0000	0.0000	0.0000	0.0000	0.0000	0.0000	0.0000	0.0000	0.0000	0.0000	0.0000	0.0000	0.0000	0.0000	0.0000	0.0000	0.0000	0.0000	0.0000	0.0000	0.0000	0.0000	0.0000	0.0000	0.0000	0.0000	0.0000	0.0000	0.0000	0.0000	0.0000	0.0000	0.0000	0.0000	0.0000	0.0000	0.0000	0.0000	0.0000	0.0000	0.0000	0.0000	0.0000	0.0000	0.0000	0.0085	0.0114	0.0026	0.0136	0.0117	0.0754	0.0054	0.0110	0.0000		
49	80	0.1195	5	0	0	0	0	0	0	0	0	N	N	N	N	N	N	N	N	N	N	N	N	9.4885	9.4144	0.0000	14.5350	20.3116	0.0000	0.1856	0.1655	0.0000	0.0002	0.0002	0.0000	0.0013	0.0014	0.0000	0.0000	0.0000	0.0000	0.0000	0.0000	0.0000	0.0001	0.0001	0.0002	0.0000	0.0000	0.0000	0.0000	0.5750	-0.0000	-0.0000	0.1669	3.0825	0.0350	2.0124	0.0000	0.0000	0.0000	0.0000	0.0000	0.0000	0.0000	0.0000	0.0000	0.0000	0.0000	0.0000	0.0000	0.0000	0.0000	0.0000	0.0000	0.0000	0.0040	0.0035	0.0005	0.0005	0.0005	0.0000	0.0035	0.0030	0.0005	0.0014	0.0008	0.0006	0.0002	0.0002	0.0000	0.0012	0.0006	0.0006	9.4885	9.4144	0.0000	14.5350	20.3116	0.0000	0.1856	0.1655	0.0000	0.0000	0.0000	0.0000	0.0001	0.0001	0.0002	0.0000	0.0000	0.0000
49	81	0.1074	4	0	0	0	0	0	0	0	0	N	N	N	N	N	N	N	N	N	N	N	N	253.9515	229.2500	0.0000	315.6988	295.4776	0.0000	0.0159	0.0352	0.0000	0.0169	0.0192	0.0000	0.0933	0.0966	0.0000	0.0000	0.0000	0.0000	0.0001	0.0001	0.0000	0.0003	0.0003	0.0001	0.0000	0.0000	0.0000	0.0000	0.4327	-0.0000	-0.0000	0.1669	3.6751	0.0350	0.0788	0.0001	0.0001	0.0000	0.0001	0.0001	0.0000	0.0000	0.0000	0.0000	0.0000	0.0000	0.0000	0.0000	0.0000	0.0000	0.0000	0.0000	0.0000	0.0059	0.0052	0.0007	0.0011	0.0010	0.0000	0.0048	0.0041	0.0007	0.0011	0.0006	0.0005	0.0002	0.0001	0.0000	0.0009	0.0005	0.0004	253.9515	229.2500	0.0000	315.6988	295.4776	0.0000	0.0159	0.0352	0.0000	0.0001	0.0001	0.0000	0.0003	0.0003	0.0001	0.0000	0.0000	0.0000
49	82	0.0583	3	0	0	0	0	0	0	0	0	N	N	N	N	N	N	N	N	N	N	N	N	0.0641	1.2417	0.0000	2.9565	2.6861	0.0000	0.0000	0.0000	0.0000	0.0000	0.0000	0.0004	0.0004	0.0000	0.0000	0.0000	0.0000	0.0006	0.0000	0.0014	0.0001	0.0002	0.0000	0.0007	0.0000	0.0015	0.0000	28.6691	-0.0000	0.0000	0.1669	8.5011	0.0350	5.2406	0.0000	0.0000	0.0000	0.0000	0.0000	0.0000	0.0000	0.0000	0.0000	0.0000	0.0000	0.0000	0.0000	0.0000	0.0000	0.0000	0.0000	0.0000	0.0112	0.0098	0.0014	0.0011	0.0011	0.0000	0.0101	0.0087	0.0014	0.0042	0.0024	0.0018	0.0006	0.0005	0.0001	0.0036	0.0019	0.0017	0.0641	1.2417	0.0000	2.9565	2.6861	0.0000	0.0000	0.0000	0.0000	0.0006	0.0000	0.0014	0.0001	0.0002	0.0000	0.0007	0.0000	0.0015	
50	51	0.0774	3	0	1	0	1	0	0	0	0	N	N	N	N	N	N	N	N	N	N	N	N	0.0153	0.0102	0.0000	0.0980	0.1038	0.0000	0.0000	0.0000	0.0000	0.0116	0.0129	0.0000	0.0201	0.0212	0.0000	0.0000	0.0000	0.0000	0.7591	1.2580	0.0005	0.2052	0.2047	0.0005	0.3558	1.9311	0.0005	0.0000	0.0018	-0.0000	-0.0000	0.0010	7.3891	0.0028	13.2142	0.0000	0.0000	0.0000	0.0000	0.0000	0.0000	0.0000	0.0000	0.0000	0.0000	0.0000	0.0000	0.0000	0.0000	0.0000	0.0000	0.0000	0.0000	0.0002	0.0002	0.0000	0.0001	0.0001	0.0000	0.0001	0.0001	0.0000	0.0002	0.0001	0.0001	0.0001	0.0001	0.0000	0.0001	0.0001	0.0001	0.1017	0.0668	0.0000	0.1139	0.1086	0.0000	0.0000	0.0000	0.0000	0.1142	0.1927	0.0005	0.1766	0.1956	0.0005	0.0844	0.1898	0.0005
50	52	0.0836	4	0	1	0	0	0	0	0	0	N	N	N	N	N	N	N	N	N	N	N	N	0.5022	0.5301	2.4695	1.3293	1.3645	0.0000	0.3310	inf	4.3692	0.6203	0.6024	0.9868	0.6865	0.7025	0.0000	0.3390	0.1143	1.6307	1.2351	1.1365	0.3996	0.5164	0.5148	0.0024	1.0240	0.0000	0.3732	0.0801	1.0000	-0.0001	-0.0000	0.0010	12.1779	0.0028	13.0455	0.0004	0.0004	0.0000	0.0004	0.0004	0.0000	0.0000	0.0000	0.0000	0.0000	0.0000	0.0000	0.0000	0.0000	0.0000	0.0000	0.0000	0.0000	0.0007	0.0006	0.0000	0.0005	0.0005	0.0000	0.0001	0.0001	0.0000	0.0002	0.0001	0.0001	0.0001	0.0001	0.0000	0.0001	0.0001	0.0001	3.1161	3.5403	4.1149	2.2689	2.0731	0.0000	2.2861	inf	6.2231	0.1991	0.1702	0.2398	0.3026	0.3389	0.0024	0.1483	0.0000	0.2620
50	53	0.0074	2	0	1	0	0	0	0	0	0	N	N	N	N	N	N	N	N	N	N	N	N	0.0000	0.0000	0.0000	0.0000	0.0000	0.0000	0.0000	0.0000	0.0000	0.0000	0.0000	0.0000	0.0000	0.0000	0.0000	0.0000	0.0001	0.0001	0.0001	0.0003	0.0003	0.0000	0.0001	0.0000	0.0001	1.0000	0.0000	-0.0000	0.0010	3.0001	0.0028	3.0003	0.0000	0.0000	0.0000	0.0000	0.0000	0.0000	0.0000	0.0000	0.0000	0.0000	0.0000	0.0000	0.0000	0.0000	0.0000	0.0000	0.0000	0.0000	0.0001	0.0001	0.0000	0.0000	0.0000	0.0000	0.0000	0.0000	0.0000	0.0000	0.0000	0.0000	0.0000	0.0000	0.0000	0.0000	0.0000	0.0000	0.0000	0.0000	0.0000	0.0000	0.0000	0.0000	0.0000	0.0000	0.0000	0.0001	0.0001	0.0001	0.0003	0.0003	0.0000	0.0001	0.0000	0.0001			
50	56	0.1412	8	0	1	0	0	0	0	0	0	N	N	N	N	N	N	N	N	N	N	N	N	0.0000	0.0000	0.0000	0.0000	0.0000	0.0000	0.0000	0.0000	0.0000	0.0000	0.0000	0.0000	0.0000	0.0000	0.0000	0.0000	0.0000	0.0000	0.3398	0.8941	0.0003	0.0920	0.1080	0.0002	0.2742	1.8203	0.0003	0.0013	0.0000	-0.0000	0.0010	5.0156	0.0028	9.5596	0.0000	0.0000	0.0000	0.0000	0.0000	0.0000	0.0000	0.0000	0.0000	0.0000	0.0000	0.0000	0.0000	0.0000	0.0000	0.0000	0.0000	0.0000	0.0001	0.0001	0.0000	0.0000	0.0000	0.0000	0.0000	0.0000	0.0000	0.0001	0.0001	0.0001	0.0001	0.0001	0.0000	0.0001	0.0000	0.0000	0.0000	0.0000	0.0000	0.0000	0.0000	0.0000	0.0000	0.0000	0.0000	0.0850	0.1323	0.0003	0.0920	0.1080	0.0002	0.0786	0.1739	0.0003	
50	57	0.1198	7	0	1	0	0	0	0	0	0	N	N	N	N	N	N	N	N	N	N	N	N	0.0009	0.0008	0.0000	0.0045	0.0059	0.0000	0.0009	0.0005	0.0000	0.0010	0.0011	0.0000	0.0012	0.0013	0.0000	0.0008	0.0010	0.0000	1.1069	1.3842	0.0824	0.2642	0.2148	0.1489	0.9490	2.2292	0.0519	0.0096	0.1930	-0.0000	-0.0000	0.0010	5.2776	0.0028	4.9316	0.0000	0.0000	0.0000	0.0000	0.0000	0.0000	0.0000	0.0000	0.0000	0.0000	0.0000	0.0000	0.0000	0.0000	0.0000	0.0000	0.0000	0.0000	0.0001	0.0001	0.0000	0.0000	0.0000	0.0000	0.0001	0.0000	0.0000	0.0002	0.0001	0.0001	0.0001	0.0001	0.0000	0.0001	0.0000	0.0000	0.0059	0.0054	0.0000	0.0062	0.0063	0.0000	0.0059	0.0045	0.0000	0.1680	0.2100	0.0824	0.1918	0.2022	0.1489	0.1412	0.2236	0.0519
50	58	0.0918	6	0	0	0	0	0	0	0	0	N	N	N	N	N	N	N	N	N	N	N	N	0.2673	0.1880	0.0000	0.2888	0.3632	0.0000	0.2317	0.1271	0.0000	0.3865	0.4415	0.0000	0.4846	0.5252	0.0000	0.3158	0.3754	0.0000	1.4458	2.3489	0.0668	1.6782	1.4458	0.1600	1.3628	2.9539	0.0538	0.0000	0.0778	-0.0000	-0.0000	0.0010	6.4383	0.0028	5.2340	0.0000	0.0000	0.0000	0.0000	0.0000	0.0000	0.0000	0.0000	0.0000	0.0000	0.0000	0.0000	0.0000	0.0000	0.0000	0.0000	0.0000	0.0000	0.0001	0.0001	0.0000	0.0000	0.0000	0.0000	0.0001	0.0001	0.0000	0.0001	0.0001	0.0000	0.0000	0.0000	0.0000	0.0001	0.0000	0.0000	1.0945	0.8340	0.0000	0.9759	0.9635	0.0000	1.1760	0.7329	0.0000	0.3531	0.5294	0.0668	0.4966	0.5451	0.1600	0.2685	0.5122	0.0538
50	59	0.0836	5	0	0	0	0	0	0	0	0	N	N	N	N	N	N	N	N	N	N	N	N	0.8281	0.6671	0.0023	1.9794	3.5487	0.0003	1.4874	0.1901	0.0000	0.6568	0.6746	0.0001	0.6961	0.7071	0.0003	0.2570	0.2978	0.0000	0.7932	1.0113	0.0633	0.3517	0.1993	0.8667	0.1728	1.5666	0.0200	0.0000	0.2581	-0.0001	-0.0000	0.0010	3.9043	0.0028	0.3762	0.0003	0.0003	0.0000	0.0003	0.0003	0.0000	0.0000	0.0000	0.0000	0.0000	0.0000	0.0000	0.0000	0.0000	0.0000	0.0000	0.0000	0.0000	0.0005	0.0005	0.0000	0.0005	0.0005	0.0000	0.0000	0.0000	0.0000	0.0000	0.0000	0.0000	0.0000	0.0000	0.0000	0.0000	0.0000	0.0000	5.4579	4.3033	0.0023	3.1997	3.7327	0.0006	3.8938	2.4590	0.0000	0.1203	0.1568	0.0633	0.2175	0.1894	0.4409	0.0660	0.1211	0.0200
50	60	0.0836	4	0	0	0	0	0	0	0	0	N	N	N	N	N	N	N	N	N	N	N	N	1.1116	0.9512	0.0000	3.0854	4.3385	0.0000	2.3362	0.1941	0.0000	0.5635	0.5737	0.0000	0.5811	0.5887	0.0000	0.2086	0.2357	0.0000	0.5069	0.6031	0.0855	0.1883	0.1357	0.6737	0.0893	1.2140	0.0435	0.0000	0.4700	-0.0001	-0.0000	0.0010	1.5036	0.0028	0.1987	0.0003	0.0003	0.0000	0.0003	0.0003	0.0000	0.0000	0.0000	0.0000	0.0000	0.0000	0.0000	0.0000	0.0000	0.0000	0.0000	0.0000	0.0000	0.0005	0.0005	0.0000	0.0005	0.0005	0.0000	0.0000	0.0000	0.0000	0.0000	0.0000	0.0000	0.0000	0.0000	0.0000	0.0000	0.0000	0.0000	5.9532	5.7543	0.0000	3.5765	4.3385	0.0000	4.1639	4.1359	0.0000	0.0947	0.0997	0.0855	0.1625	0.1357	0.3668	0.0501	0.0570	0.0435
50	61	0.0774	3	0	0	0	0	0	0	0	0	N	N	N	N	N	N	N	N	N	N	N	N	118.1976	148.1959	0.0000	85.3236	133.7694	0.0000	36.8138	89.9926	0.0000	3.0276	3.3274	0.0000	4.7229	4.9582	0.0000	0.2771	0.3296	0.0000	0.0256	0.0225	0.0352	0.0554	0.0371	0.3706	0.0075	0.0037	0.0128	0.0000	0.8890	-0.0001	-0.0000	0.0010	2.7181	0.0028	1.0102	0.0002	0.0002	0.0000	0.0002	0.0002	0.0000	0.0000	0.0000	0.0000	0.0000	0.0000	0.0000	0.0000	0.0000	0.0000	0.0000	0.0000	0.0000	0.0001	0.0001	0.0000	0.0000	0.0000	0.0000	0.0000	0.0000	0.0000	0.0000	0.0000	0.0000	0.0000	0.0000	0.0000	0.0000	0.0000	0.0000	118.1976	161.3006	0.0000	85.3236	133.7694	0.0000	36.8138	147.7691	0.0000	0.0256	0.0206	0.0352	0.0554	0.0371	0.2600	0.0075	0.0022	0.0128
50	62	0.0580	2	0	0	0	0	0	0	0	0	N	N	N	N	N	N	N	N	N	N	N	N	25.7134	27.2529	0.0000	20.1220	23.8392	0.0000	4.0191	7.1986	0.0000	0.0532	0.0587	0.0000	0.0850	0.0896	0.0000	0.0047	0.0056	0.0000	0.0021	0.0022	0.0019	0.0042	0.0038	0.0117	0.0012	0.0008	0.0015	0.0000	0.6048	-0.0000	-0.0000	0.0010	1.4525	0.0028	6.3634	0.0000	0.0000	0.0000	0.0000	0.0000	0.0000	0.0000	0.0000	0.0000	0.0000	0.0000	0.0000	0.0000	0.0000	0.0000	0.0000	0.0000	0.0000	0.0000	0.0000	0.0000	0.0000	0.0000	0.0000	0.0000	0.0000	0.0000	0.0001	0.0000	0.0000	0.0000	0.0000	0.0000	0.0001	0.0000	0.0000	25.7134	27.2529	0.0000	20.1220	23.8392	0.0000	4.0191	7.1986	0.0000	0.0021	0.0022	0.0019	0.0042	0.0038	0.0117	0.0012	0.0008	0.0015
50	63	0.1374	5	1	1	0	1	0	0	0	0	N	N	N	N	N	N	N	N	N	N	N	N	0.0000	0.0000	0.0000	0.0000	0.0000	0.0000	0.0000	0.0000	0.0000	0.0000	0.0000	0.0000	0.0000	0.0000	0.0000	0.0001	0.0001	0.0001	0.0003	0.0002	0.0018	0.0000	0.0000	0.0000	1.0000	0.0000	-0.0000	0.0010	2.0000	0.0028	2.0002	0.0000	0.0000	0.0000	0.0000	0.0000	0.0000	0.0000	0.0000	0.0000	0.0000	0.0000	0.0000	0.0000	0.0000	0.0000	0.0000	0.0000	0.0000	0.0000	0.0000	0.0000	0.0000	0.0000	0.0000	0.0000	0.0000	0.0000	0.0000	0.0000	0.0000	0.0000	0.0000	0.0000	0.0000	0.0000	0.0000	0.0000	0.0000	0.0000	0.0000	0.0000	0.0000	0.0000	0.0000	0.0000	0.0001	0.0001	0.0001	0.0003	0.0002	0.0018	0.0000	0.0000	0.0000				
50	64	0.1531	9	0	1	0	1	0	0	0	0	N	N	N	N	N	N	N	N	N	N	N	N	0.0000	0.0000	0.0000	0.0000	0.0000	0.0000	0.0000	0.0000	0.0000	0.0000	0.0000	0.0000	0.0000	0.0000	0.0000	0.0000	0.0000	1.5113	2.0811	1.0307	5.5744	2.3827	1129.4840	0.0003	0.0006	0.0000	0.9983	0.0000	-0.0000	0.0010	2.0059	0.0028	4.8036	0.0000	0.0000	0.0000	0.0000	0.0000	0.0000	0.0000	0.0000	0.0000	0.0000	0.0000	0.0000	0.0000	0.0000	0.0000	0.0000	0.0000	0.0000	0.0000	0.0000	0.0000	0.0000	0.0000	0.0000	0.0000	0.0000	0.0000	0.0000	0.0000	0.0000	0.0000	0.0000	0.0000	0.0000	0.0000	0.0000	0.0000	0.0000	0.0000	0.0000	0.0000	0.0000	0.0000	0.0000	0.0000	0.4051	0.3608	0.4618	1.4053	0.7842	6.7807	0.0003	0.0006	0.0000		
50	65	0.1503	7	0	1	0	0	0	0	0	0	N	N	N	N	N	N	N	N	N	N	N	N	0.0000	0.0000	0.0000	0.0000	0.0000	0.0000	0.0000	0.0000	0.0000	0.0000	0.0000	0.0000	0.0000	0.0000	0.0000	0.0000	0.0361	0.0378	0.0364	0.0548	0.0589	0.0000	0.0231	0.0000	0.0381	1.0000	0.0000	-0.0000	0.0010	0.9804	0.0028	0.2754	0.0000	0.0000	0.0000	0.0000	0.0000	0.0000	0.0000	0.0000	0.0000	0.0000	0.0000	0.0000	0.0000	0.0000	0.0000	0.0000	0.0000	0.0000	0.0000	0.0000	0.0000	0.0000	0.0000	0.0000	0.0000	0.0000	0.0000	0.0000	0.0000	0.0000	0.0000	0.0000	0.0000	0.0000	0.0000	0.0000	0.0000	0.0000	0.0000	0.0000	0.0000	0.0000	0.0000	0.0000	0.0000	0.0326	0.0294	0.0364	0.0548	0.0589	0.0000	0.0231	0.0000	0.0381			
50	66	0.1481	8	0	0	1	1	0	0	0	0	N	N	N	N	N	N	N	N	N	N	N	N	0.0000	0.0000	0.0000	0.0000	0.0000	0.0000	0.0000	0.0000	0.0000	0.0000	0.0000	0.0000	0.0000	0.0000	0.0000	0.0052	0.0093	0.0000	0.0090	0.0101	0.0000	0.0037	0.0346	0.0000	0.0013	0.0000	-0.0000	0.0010	0.9437	0.0028	4.8091	0.0000	0.0000	0.0000	0.0000	0.0000	0.0000	0.0000	0.0000	0.0000	0.0000	0.0000	0.0000	0.0000	0.0000	0.0000	0.0000	0.0000	0.0000	0.0000	0.0000	0.0000	0.0000	0.0000	0.0000	0.0000	0.0000	0.0000	0.0000	0.0000	0.0000	0.0000	0.0000	0.0000	0.0000	0.0000	0.0000	0.0000	0.0000	0.0000	0.0000	0.0000	0.0000	0.0000	0.0000	0.0000	0.0052	0.0093	0.0000	0.0090	0.0101	0.0000	0.0037	0.0086	0.0000				
50	67	0.1411	7	0	0	1	1	0	0	0	0	N	N	N	N	N	N	N	N	N	N	N	N	0.0000	0.0000	0.0000	0.0000	0.0000	0.0000	0.0000	0.0000	0.0000	0.0000	0.0000	0.0000	0.0000	0.0000	0.0000	0.0082	0.0074	0.0093	0.0306	0.0170	0.1553	0.0000	0.0000	0.0000	1.0000	0.0000	-0.0000	0.0010	4.0088	0.0028	5.0246	0.0000	0.0000	0.0000	0.0000	0.0000	0.0000	0.0000	0.0000	0.0000	0.0000	0.0000	0.0000	0.0000	0.0000	0.0000	0.0000	0.0000	0.0000	0.0001	0.0001	0.0000	0.0000	0.0000	0.0000	0.0000	0.0000	0.0000	0.0001	0.0000	0.0000	0.0000	0.0000	0.0000	0.0000	0.0000	0.0000	0.0000	0.0000	0.0000	0.0000	0.0000	0.0000	0.0000	0.0000	0.0000	0.0082	0.0074	0.0093	0.0306	0.0170	0.1553	0.0000	0.0000	0.0000				
50	68	0.1531	9	0	0	1	1	0	0	0	0	N	N	N	N	N	N	N	N	N	N	N	N	0.0000	0.0000	0.0000	0.0000	0.0000	0.0000	0.0000	0.0000	0.0000	0.0000	0.0000	0.0000	0.0000	0.0000	0.0000	0.0010	0.0018	0.0000	0.0018	0.0020	0.0000	0.0007	0.0023	0.0000	0.0182	0.0000	-0.0000	0.0010	1.0064	0.0028	4.2000	0.0000	0.0000	0.0000	0.0000	0.0000	0.0000	0.0000	0.0000	0.0000	0.0000	0.0000	0.0000	0.0000	0.0000	0.0000	0.0000	0.0000	0.0000	0.0000	0.0000	0.0000	0.0000	0.0000	0.0000	0.0000	0.0000	0.0000	0.0000	0.0000	0.0000	0.0000	0.0000	0.0000	0.0000	0.0000	0.0000	0.0000	0.0000	0.0000	0.0000	0.0000	0.0000	0.0000	0.0000	0.0000	0.0010	0.0018	0.0000	0.0018	0.0020	0.0000	0.0007	0.0016	0.0000				
50	69	0.1481	8	0	0	0	1	0	0	0	0	N	N	N	N	N	N	N	N	N	N	N	N	0.0000	0.0000	0.0000	0.0000	0.0000	0.0000	0.0000	0.0000	0.0000	0.0000	0.0000	0.0000	0.0000	0.0000	0.0000	0.0000	0.0000	0.0191	0.0412	0.0033	0.0344	0.0337	0.0401	0.0120	0.5226	0.0000	0.0782	0.0000	-0.0000	0.0010	1.2889	0.0028	0.3511	0.0000	0.0000	0.0000	0.0000	0.0000	0.0000	0.0000	0.0000	0.0000	0.0000	0.0000	0.0000	0.0000	0.0000	0.0000	0.0000	0.0000	0.0000	0.0000	0.0000	0.0000	0.0000	0.0000	0.0000	0.0000	0.0000	0.0000	0.0000	0.0000	0.0000	0.0000	0.0000	0.0000	0.0000	0.0000	0.0000	0.0000	0.0000	0.0000	0.0000	0.0000	0.0000	0.0000	0.0000	0.0000	0.0191	0.0302	0.0033	0.0344	0.0337	0.0401	0.0120	0.0269	0.0000		
50	70	0.1411	7	0	0	0	1	0	0	0	0	N	N	N	N	N	N	N	N	N	N	N	N	0.0000	0.0000	0.0000	0.0000	0.0000	0.0000	0.0000	0.0000	0.0000	0.0000	0.0000	0.0000	0.0000	0.0000	0.0000	0.0000	0.0000	2.0548	3.3876	0.0005	8.3742	7.4884	0.0056	1.7996	3.7328	0.0000	0.0002	0.0000	-0.0000	0.0010	0.7777	0.0028	1.1718	0.0000	0.0000	0.0000	0.0000	0.0000	0.0000	0.0000	0.0000	0.0000	0.0000	0.0000	0.0000	0.0000	0.0000	0.0000	0.0000	0.0000	0.0000	0.0000	0.0000	0.0000	0.0000	0.0000	0.0000	0.0000	0.0000	0.0000	0.0000	0.0000	0.0000	0.0000	0.0000	0.0000	0.0000	0.0000	0.0000	0.0000	0.0000	0.0000	0.0000	0.0000	0.0000	0.0000	0.0000	0.0000	1.1908	2.0657	0.0005	1.9623	2.2305	0.0056	0.8546	1.9235	0.0000		
50	71	0.1374	6	0	0	0	1	0	0	0	0	N	N	N	N	N	N	N	N	N	N	N	N	0.0000	0.0000	0.0000	0.0000	0.0000	0.0000	0.0000	0.0000	0.0000	0.0000	0.0000	0.0000	0.0000	0.0000	0.0000	0.0000	0.0000	0.2072	0.8326	0.0004	0.1408	0.1503	0.0066	0.0817	1.5136	0.0000	0.0027	0.0000	-0.0000	0.0010	0.9929	0.0028	0.0325	0.0000	0.0000	0.0000	0.0000	0.0000	0.0000	0.0000	0.0000	0.0000	0.0000	0.0000	0.0000	0.0000	0.0000	0.0000	0.0000	0.0000	0.0000	0.0000	0.0000	0.0000	0.0000	0.0000	0.0000	0.0000	0.0000	0.0000	0.0000	0.0000	0.0000	0.0000	0.0000	0.0000	0.0000	0.0000	0.0000	0.0000	0.0000	0.0000	0.0000	0.0000	0.0000	0.0000	0.0000	0.0000	0.0713	0.1284	0.0004	0.1374	0.1503	0.0066	0.0480	0.1119	0.0000		
50	72	0.1825	5	1	1	0	0	0	0	0	0	N	N	N	N	N	N	N	N	N	N	N	N	0.0000	0.0000	0.0000	0.0000	0.0000	0.0000	0.0000	0.0000	0.0000	0.0000	0.0000	0.0000	0.0000	0.0000	0.0000	0.0000	0.0000	0.0000	0.0000	0.0000	0.0010	0.0000	0.0028	0.0001	0.0000	0.0000	0.0000	0.0000	0.0000	0.0000	0.0000	0.0000	0.0000	0.0000	0.0000	0.0000	0.0000	0.0000	0.0000	0.0000	0.0000	0.0000	0.0000	0.0000	0.0000	0.0000	0.0000	0.0000	0.0000	0.0000	0.0000	0.0000	0.0000	0.0000	0.0000	0.0000	0.0000	0.0000	0.0000	0.0000	0.0000	0.0000	0.0000	0.0000	0.0000	0.0000	0.0000	0.0000	0.0000	0.0000	0.0000	0.0000	0.0000	0.0000	0.0000	0.0000	0.0000	0.0000											
50	73	0.1192	4	1	1	0	0	0	0	0	0	N	N	N	N	N	N	N	N	N	N	N	N	291.1270	366.8756	0.0000	271.5142	308.2906	36.5534	inf	0.0000	0.0238	0.0271	0.0000	0.0508	0.0550	0.0000	0.0017	0.0020	0.0000	0.0001	0.0001	0.0001	0.0002	0.0002	0.0000	0.0000	0.0000	0.0001	0.0000	1.0000	-0.0000	-0.0000	0.0010	9.9619	0.0028	7.0378	0.0000	0.0000	0.0000	0.0000	0.0000	0.0000	0.0000	0.0000	0.0000	0.0000	0.0000	0.0000	0.0000	0.0000	0.0000	0.0000	0.0000	0.0000	0.0002	0.0001	0.0000	0.0001	0.0001	0.0000	0.0001	0.0001	0.0000	0.0001	0.0001	0.0001	0.0000	0.0000	0.0000	0.0001	0.0000	0.0000	291.1270	366.8756	0.0000	271.5142	308.2906	0.0000	36.5534	inf	0.0000	0.0001	0.0001	0.0001	0.0002	0.0002	0.0000	0.0000	0.0000	0.0001	
50	74	0.1311	4	0	1	0	0	0	0	0	0	N	N	N	N	N	N	N	N	N	N	N	N	0.0594	0.0753	0.0000	0.0518	0.0621	0.0000	0.0000	0.0000	0.0000	0.0000	0.0000	0.0001	0.0001	0.0000	0.0000	0.0000	0.0000	0.0006	0.0005	0.0007	0.0011	0.0010	0.0030	0.0003	0.0000	0.0006	0.0000	1.0000	-0.0000	-0.0000	0.0010	7.0442	0.0028	2.0273	0.0000	0.0000	0.0000	0.0000	0.0000	0.0000	0.0000	0.0000	0.0000	0.0000	0.0000	0.0000	0.0000	0.0000	0.0000	0.0000	0.0000	0.0000	0.0002	0.0002	0.0000	0.0001	0.0001	0.0000	0.0001	0.0001	0.0000	0.0001	0.0000	0.0000	0.0000	0.0000	0.0000	0.0001	0.0000	0.0000	0.0594	0.0753	0.0000	0.0518	0.0621	0.0000	0.0000	0.0000	0.0000	0.0006	0.0005	0.0007	0.0011	0.0010	0.0030	0.0003	0.0000	0.0006	
50	75	0.1071	3	0	1	0	0	0	0	0	0	N	N	N	N	N	N	N	N	N	N	N	N	6.5844	7.9995	0.0000	6.0754	6.1992	0.0000	0.0854	1.0487	0.0000	0.0227	0.0250	0.0000	0.0380	0.0401	0.0000	0.0002	0.0002	0.0000	0.0034	0.0031	0.0039	0.0063	0.0065	0.0034	0.0023	0.0002	0.0039	0.0000	0.9234	-0.0000	-0.0000	0.0010	4.3369	0.0028	3.0972	0.0000	0.0000	0.0000	0.0000	0.0000	0.0000	0.0000	0.0000	0.0000	0.0000	0.0000	0.0000	0.0000	0.0000	0.0000	0.0000	0.0000	0.0000	0.0001	0.0001	0.0000	0.0001	0.0001	0.0000	0.0000	0.0000	0.0000	0.0001	0.0000	0.0000	0.0000	0.0000	0.0000	0.0000	0.0000	0.0000	6.5844	7.9995	0.0000	6.0754	6.1992	0.0000	0.0854	1.0487	0.0000	0.0034	0.0031	0.0039	0.0063	0.0065	0.0034	0.0023	0.0002	0.0039
50	76	0.1944	8	1	1	0	0	0	0	0	0	N	N	N	N	N	N	N	N	N	N	N	N	0.0000	0.0000	0.0000	0.0000	0.0000	0.0000	0.0000	0.0000	0.0000	0.0000	0.0000	0.0000	0.0000	0.0000	0.0000	0.0000	0.0580	0.0596	0.0464	0.0737	0.0824	0.0000	0.0287	0.0000	0.0496	1.0000	0.0000	-0.0000	0.0010	1.9992	0.0028	0.0055	0.0000	0.0000	0.0000	0.0000	0.0000	0.0000	0.0000	0.0000	0.0000	0.0000	0.0000	0.0000	0.0000	0.0000	0.0000	0.0000	0.0000	0.0000	0.0000	0.0000	0.0000	0.0000	0.0000	0.0000	0.0000	0.0000	0.0000	0.0000	0.0000	0.0000	0.0000	0.0000	0.0000	0.0000	0.0000	0.0000	0.0000	0.0000	0.0000	0.0000	0.0000	0.0000	0.0000	0.0000	0.0000	0.0414	0.0373	0.0464	0.0737	0.0824	0.0000	0.0287	0.0000	0.0496			
50	77	0.1503	7	1	1	0	0	0	0	0	0	N	N	N	N	N	N	N	N	N	N	N	N	0.0000	0.0000	0.0000	0.0000	0.0000	0.0000	0.0000	0.0000	0.0000	0.0000	0.0000	0.0000	0.0000	0.0000	0.0000	0.0000	14.7397	13.3847	27.8300	63.4759	67.1271	0.0000	7.9291	0.0000	26.6694	1.0000	0.0000	-0.0001	0.0010	5.0219	0.0028	2.0148	0.0000	0.0000	0.0000	0.0000	0.0000	0.0000	0.0000	0.0000	0.0000	0.0006	0.0003	0.0003	0.0003	0.0003	0.0000	0.0003	0.0000	0.0003	0.0001	0.0001	0.0000	0.0000	0.0000	0.0000	0.0000	0.0000	0.0000	0.0001	0.0000	0.0000	0.0000	0.0000	0.0000	0.0000	0.0000	0.0000	0.0000	0.0000	0.0000	0.0000	0.0000	0.0000	0.0000	0.0000	0.0000	11.5791	10.4476	12.9855	21.4559	23.4835	0.0000	7.9291	0.0000	13.7015			
50	78	0.1374	6	0	1	0	0	0	0	0	0	N	N	N	N	N	N	N	N	N	N	N	N	0.0000	0.0000	0.0000	0.0000	0.0000	0.0000	0.0000	0.0000	0.0000	0.0000	0.0000	0.0000	0.0000	0.0000	0.0000	0.0000	0.0000	0.0129	0.0117	0.0144	0.0250	0.0274	0.0019	0.0086	0.0000	0.0151	0.9932	0.0000	-0.0000	0.0010	1.0203	0.0028	2.7327	0.0000	0.0000	0.0000	0.0000	0.0000	0.0000	0.0000	0.0000	0.0000	0.0000	0.0000	0.0000	0.0000	0.0000	0.0000	0.0000	0.0000	0.0000	0.0000	0.0000	0.0000	0.0000	0.0000	0.0000	0.0000	0.0000	0.0000	0.0000	0.0000	0.0000	0.0000	0.0000	0.0000	0.0000	0.0000	0.0000	0.0000	0.0000	0.0000	0.0000	0.0000	0.0000	0.0000	0.0000	0.0000	0.0129	0.0117	0.0144	0.0250	0.0274	0.0019	0.0086	0.0000	0.0151		
50	79	0.1374	5	0	0	0	0	0	0	0	0	N	N	N	N	N	N	N	N	N	N	N	N	0.0000	0.0000	0.0000	0.0000	0.0000	0.0000	0.0000	0.0000	0.0000	0.0000	0.0000	0.0000	0.0000	0.0000	0.0000	0.0000	0.0000	0.8633	0.9896	0.1011	0.3901	0.1688	2.1301	0.1244	1.5893	0.0000	0.3333	0.0000	-0.0000	0.0010	0.0000	0.0028	0.0018	0.0000	0.0000	0.0000	0.0000	0.0000	0.0000	0.0000	0.0000	0.0000	0.0000	0.0000	0.0000	0.0000	0.0000	0.0000	0.0000	0.0000	0.0000	0.0000	0.0000	0.0000	0.0000	0.0000	0.0000	0.0000	0.0000	0.0000	0.0000	0.0000	0.0000	0.0000	0.0000	0.0000	0.0000	0.0000	0.0000	0.0000	0.0000	0.0000	0.0000	0.0000	0.0000	0.0000	0.0000	0.0000	0.1343	0.1507	0.1011	0.2288	0.1688	0.7888	0.0600	0.1241	0.0000		
50	80	0.1192	4	0	0	0	0	0	0	0	0	N	N	N	N	N	N	N	N	N	N	N	N	114.7754	127.8497	0.0000	65.2100	104.5151	0.0000	39.7426	62.8381	0.0000	0.0631	0.0707	0.0000	0.1156	0.1229	0.0000	0.0052	0.0062	0.0000	0.0005	0.0006	0.0005	0.0018	0.0012	0.0084	0.0001	0.0001	0.0002	0.0000	0.7931	-0.0000	-0.0000	0.0010	3.0825	0.0028	2.0124	0.0000	0.0000	0.0000	0.0000	0.0000	0.0000	0.0000	0.0000	0.0000	0.0000	0.0000	0.0000	0.0000	0.0000	0.0000	0.0000	0.0000	0.0000	0.0001	0.0001	0.0000	0.0000	0.0000	0.0000	0.0000	0.0000	0.0000	0.0000	0.0000	0.0000	0.0000	0.0000	0.0000	0.0000	0.0000	0.0000	114.7754	127.8497	0.0000	65.2100	104.5151	0.0000	39.7426	62.8381	0.0000	0.0005	0.0006	0.0005	0.0018	0.0012	0.0084	0.0001	0.0001	0.0002
50	81	0.1071	3	0	0	0	0	0	0	0	0	N	N	N	N	N	N	N	N	N	N	N	N	4913.5348	4587.5190	0.5002	3798.3937	4513.5369	0.2117	769.4670	869.3904	0.0000	5.6495	6.2221	0.0004	9.1131	9.5820	0.0014	0.4936	0.5850	0.0000	0.0011	0.0014	0.0009	0.0024	0.0021	0.0065	0.0006	0.0007	0.0006	0.0000	0.4755	-0.0002	-0.0000	0.0010	3.6751	0.0028	0.0788	0.0006	0.0006	0.0000	0.0005	0.0005	0.0000	0.0000	0.0000	0.0000	0.0000	0.0000	0.0000	0.0000	0.0000	0.0000	0.0000	0.0000	0.0000	0.0001	0.0001	0.0000	0.0001	0.0001	0.0000	0.0000	0.0000	0.0000	0.0000	0.0000	0.0000	0.0000	0.0000	0.0000	0.0000	0.0000	0.0000	4913.5348	4587.5190	0.5002	3798.3937	4513.5369	0.2117	769.4670	869.3904	0.0000	0.0011	0.0014	0.0009	0.0024	0.0021	0.0065	0.0006	0.0007	0.0006
50	82	0.0580	2	0	0	0	0	0	0	0	0	N	N	N	N	N	N	N	N	N	N	N	N	9.5264	11.8191	0.0639	9.2602	9.1737	inf	1.0878	12.8065	0.0000	0.0134	0.0149	0.0001	0.0231	0.0245	0.0003	0.0011	0.0013	0.0000	0.0014	0.0013	0.0016	0.0025	0.0027	0.0000	0.0010	0.0001	0.0017	0.0008	0.9141	-0.0000	-0.0000	0.0010	8.5011	0.0028	5.2406	0.0000	0.0000	0.0000	0.0000	0.0000	0.0000	0.0000	0.0000	0.0000	0.0000	0.0000	0.0000	0.0000	0.0000	0.0000	0.0000	0.0000	0.0000	0.0002	0.0002	0.0000	0.0001	0.0001	0.0000	0.0001	0.0001	0.0000	0.0001	0.0001	0.0001	0.0000	0.0000	0.0000	0.0001	0.0000	0.0000	9.5264	11.8191	0.0639	9.2602	9.1737	inf	1.0878	12.8065	0.0000	0.0014	0.0013	0.0016	0.0025	0.0027	0.0000	0.0010	0.0001	0.0017
51	52	0.0674	2	0	2	0	1	0	0	0	0	N	Y	N	N	N	N	N	N	N	N	N	N	0.1340	0.1394	0.0011	1.1227	1.3138	3.7162	0.1457	0.1305	0.0013	0.5060	0.5783	0.0085	0.3898	0.3954	0.0091	0.5193	0.6024	0.0085	3.7763	4.1475	7.9209	0.3472	0.3010	0.0024	3.5639	4.6143	6.5919	0.0021	0.9699	-0.1413	-0.1924	7.3891	12.1779	13.2142	13.0455	0.3908	0.3899	0.0008	0.0310	0.0310	0.0000	0.3598	0.3589	0.0008	1.9888	1.0096	0.9792	0.0100	0.0100	0.0000	1.9788	0.9996	0.9792	0.7723	0.6743	0.0981	0.0795	0.0784	0.0012	0.6928	0.5959	0.0969	0.6478	0.3553	0.2925	0.0468	0.0427	0.0041	0.6010	0.3126	0.2884	0.1648	0.2035	0.0025	1.8268	1.6923	3.7162	0.1577	0.1883	0.0025	3.0700	2.8417	3.3474	0.2134	0.2337	0.0024	3.2926	3.1981	3.3950
51	53	0.1461	4	0	2	0	1	0	0	0	0	N	Y	N	N	N	N	N	N	N	N	N	N	51090.1261	inf	0.0000	inf	inf	0.0003	0.0004	0.0000	0.0026	0.0027	0.0000	0.0000	0.0000	0.0000	0.0000	0.0000	0.0000	0.0000	0.0000	0.0000	0.0000	0.0000	0.0000	0.0000	inf	-0.0000	0.0000	7.3891	3.0001	13.2142	3.0003	0.0001	0.0001	0.0000	0.0001	0.0001	0.0000	0.0000	0.0000	0.0000	0.0000	0.0000	0.0000	0.0000	0.0000	0.0000	0.0000	0.0000	0.0000	0.1780	0.1555	0.0225	0.0230	0.0220	0.0011	0.1550	0.1335	0.0214	0.1668	0.0969	0.0699	0.0338	0.0271	0.0067	0.1331	0.0698	0.0632	51090.1261	inf	0.0000	inf	inf	0.0000	0.0000	0.0000	0.0000	0.0000	0.0000	0.0000	0.0000	0.0000	0.0000	0.0000	0.0000	0.0000				
51	54	0.1387	3	0	1	0	1	0	0	0	0	N	N	N	N	N	N	N	N	N	N	N	N	443.8736	293.7831	3352.7843	759.3337	633.8955	0.0000	977.7577	534.6527	3437.1850	0.0525	0.0596	0.0033	0.4396	0.4579	0.0000	0.0006	0.0001	0.0035	0.0001	0.0002	0.0000	0.0006	0.0007	0.0000	0.0000	0.0000	0.0000	0.0081	0.0035	-0.0022	-0.0000	7.3891	1.9998	13.2142	1.0017	0.0062	0.0061	0.0000	0.0061	0.0061	0.0000	0.0001	0.0000	0.0000	0.0000	0.0000	0.0000	0.0000	0.0000	0.0000	0.0000	0.0000	0.0000	0.1179	0.1030	0.0150	0.0139	0.0134	0.0006	0.1040	0.0896	0.0144	0.0849	0.0493	0.0356	0.0173	0.0138	0.0034	0.0677	0.0355	0.0322	443.8736	293.7831	3352.7843	759.3337	633.8955	0.0000	977.7577	534.6527	3437.1850	0.0001	0.0002	0.0000	0.0006	0.0007	0.0000	0.0000	0.0000	0.0000
51	55	0.0807	2	0	1	0	1	0	0	0	0	N	N	N	N	N	N	N	N	N	N	N	N	0.2548	0.1894	0.0000	7.7799	8.1217	0.0000	0.0897	0.0622	0.0000	0.5654	0.7383	0.0000	2.1679	2.2061	0.0000	0.2144	0.2985	0.0000	2.2187	3.8990	0.0534	0.2787	0.2716	0.0189	2.3905	4.7977	0.0552	0.0000	0.0145	-0.1338	-0.4937	7.3891	8.0033	13.2142	9.9473	0.3678	0.3678	0.0000	0.2534	0.2534	0.0000	0.1144	0.1144	0.0000	0.8589	0.8467	0.0123	0.0181	0.0179	0.0002	0.8408	0.8287	0.0121	0.6506	0.4982	0.1524	0.1169	0.1149	0.0020	0.5337	0.3833	0.1504	0.5512	0.3209	0.2302	0.0919	0.0801	0.0118	0.4593	0.2409	0.2184	0.3628	0.2799	0.0000	10.9814	9.8607	0.0000	0.1171	0.0868	0.0000	1.5585	2.6382	0.0534	0.1974	0.2237	0.0189	1.8307	3.4408	0.0552
51	56	0.1251	6	0	2	0	1	0	0	0	0	N	Y	N	N	N	N	N	N	N	N	N	N	0.0040	0.0000	177.0884	0.0002	0.0002	0.0000	0.2161	0.0000	577.0025	0.0020	0.0000	0.0157	0.0001	0.0001	0.0000	0.0023	0.0000	0.0166	0.4953	0.9998	0.0001	0.4607	0.5349	0.0004	0.0106	0.2979	0.0000	154.4585	0.0004	0.0004	-0.0249	7.3891	5.0156	13.2142	9.5596	0.0006	0.0000	0.0006	0.0000	0.0000	0.0000	0.0006	0.0000	0.0006	0.0423	0.0423	0.0000	0.0390	0.0390	0.0000	0.0033	0.0033	0.0000	0.2891	0.2530	0.0361	0.0421	0.0401	0.0020	0.2470	0.2129	0.0341	0.4488	0.2768	0.1720	0.1351	0.1106	0.0246	0.3137	0.1662	0.1475	0.0209	0.0001	177.0884	0.0003	0.0003	0.0000	0.2161	0.0000	577.0025	0.0942	0.1528	0.0001	0.2884	0.3524	0.0004	0.0106	0.0200	0.0000
51	57	0.1036	5	0	2	0	1	0	0	0	0	N	Y	N	N	N	N	N	N	N	N	N	N	0.7812	0.0008	30.3880	0.2870	0.0312	46.6645	0.9261	0.0000	22.1830	1.0356	0.0015	7.9144	0.0443	0.0060	0.7702	1.3210	0.0000	8.5844	1.3257	1.8814	0.2604	0.1544	0.1924	0.0165	1.4264	2.8278	0.3870	810.5606	0.3281	0.2593	-0.0520	7.3891	5.2776	13.2142	4.9316	0.4084	0.0005	0.4079	0.0039	0.0005	0.0034	0.4045	0.0000	0.4045	0.1521	0.1146	0.0376	0.0393	0.0383	0.0010	0.1128	0.0762	0.0366	0.3944	0.3428	0.0515	0.0882	0.0837	0.0044	0.3062	0.2591	0.0471	0.6003	0.4023	0.1980	0.2681	0.2077	0.0605	0.3322	0.1947	0.1375	4.0863	0.0052	41.6904	0.3022	0.0326	46.6645	3.8894	0.0000	32.2621	0.2534	0.2847	0.1898	0.1467	0.1846	0.0165	0.3396	0.3916	0.2661
51	58	0.0757	4	0	1	0	1	0	0	0	0	N	N	N	N	N	N	N	N	N	N	N	N	1.0176	0.0090	41.0911	0.1261	0.1749	0.1813	1.0989	0.0038	51.1831	1.5829	0.0213	11.9653	0.1405	0.1445	0.0089	1.6851	0.0115	12.1451	1.5555	2.3786	0.2912	1.1143	0.8262	0.0491	1.5335	3.0137	0.2373	84.4582	0.2683	0.3667	-0.0567	7.3891	6.4383	13.2142	5.2340	0.5871	0.0069	0.5802	0.0034	0.0034	0.0000	0.5836	0.0034	0.5802	0.1501	0.1183	0.0317	0.0197	0.0195	0.0002	0.1304	0.0988	0.0316	0.3709	0.3224	0.0485	0.0245	0.0238	0.0007	0.3464	0.2986	0.0478	0.3639	0.2122	0.1517	0.0491	0.0454	0.0037	0.3148	0.1669	0.1479	3.8381	0.0382	57.1653	0.3507	0.3363	0.1813	4.0677	0.0194	56.9212	0.4124	0.5576	0.2093	0.4006	0.4296	0.0491	0.4143	0.5924	0.2134
51	59	0.0674	3	0	1	0	1	0	0	0	0	N	N	N	N	N	N	N	N	N	N	N	N	0.0533	0.0326	0.4188	0.0743	0.0879	0.0223	0.0332	0.0002	0.6141	0.0699	0.0513	0.2064	0.2295	0.2311	0.0017	0.0309	0.0000	0.2088	1.3121	1.5712	0.4929	3.0900	2.6305	0.0749	0.9327	0.2359	0.3400	0.5508	0.8200	-0.0002	-0.0050	7.3891	3.9043	13.2142	0.3762	0.0236	0.0152	0.0084	0.0152	0.0152	0.0000	0.0084	0.0000	0.0084	0.0358	0.0197	0.0161	0.0186	0.0185	0.0001	0.0172	0.0012	0.0160	0.3380	0.2973	0.0407	0.0664	0.0659	0.0005	0.2716	0.2314	0.0402	0.1452	0.0825	0.0627	0.0210	0.0199	0.0011	0.1242	0.0626	0.0616	0.2838	0.2152	0.8027	0.2593	0.2484	0.0223	0.2234	0.0023	0.8017	0.2465	0.2383	0.2572	0.8851	0.9303	0.0749	0.1385	0.0186	0.2604
51	60	0.0674	2	0	1	0	1	0	0	0	0	N	N	N	N	N	N	N	N	N	N	N	N	0.0789	0.0339	0.4258	0.0496	0.0638	0.4305	0.0663	0.0008	0.4730	0.1283	0.0732	0.5633	0.2156	0.2161	0.0845	0.0909	0.0008	0.5681	1.6253	2.1580	1.3230	4.3436	3.3869	0.1962	1.3718	0.9667	1.2011	0.9742	0.8752	0.0033	-0.0045	7.3891	1.5036	13.2142	0.1987	0.0257	0.0130	0.0127	0.0129	0.0129	0.0000	0.0128	0.0001	0.0127	0.0371	0.0198	0.0173	0.0187	0.0186	0.0001	0.0184	0.0012	0.0172	0.2004	0.1778	0.0225	0.0600	0.0598	0.0002	0.1403	0.1180	0.0223	0.0762	0.0452	0.0310	0.0176	0.0169	0.0007	0.0586	0.0283	0.0304	0.2637	0.1672	1.0109	0.2027	0.1964	0.4673	0.2899	0.0184	1.0041	0.4865	0.4378	0.5572	1.0637	1.1000	0.1807	0.3136	0.0430	0.5658
51	63	0.1601	5	1	2	0	2	0	0	0	0	N	Y	N	Y	N	N	N	N	N	N	N	N	0.0000	0.0000	0.0000	0.0000	0.0000	0.0000	0.0000	0.0000	0.0000	0.0000	0.0000	0.0000	0.0000	0.0000	0.0000	0.0012	0.0022	0.0000	0.0120	0.0137	0.0000	0.0000	0.0000	0.0000	0.0000	0.0000	-0.0001	7.3891	2.0000	13.2142	2.0002	0.0000	0.0000	0.0000	0.0000	0.0000	0.0000	0.0000	0.0000	0.0000	0.0001	0.0001	0.0000	0.0001	0.0001	0.0000	0.0000	0.0000	0.0000	0.1134	0.0985	0.0149	0.0173	0.0156	0.0017	0.0962	0.0829	0.0133	0.1068	0.0603	0.0465	0.0108	0.0095	0.0013	0.0960	0.0508	0.0452	0.0000	0.0000	0.0000	0.0000	0.0000	0.0000	0.0000	0.0000	0.0000	0.0012	0.0022	0.0000	0.0120	0.0137	0.0000	0.0000	0.0000	0.0000				
51	64	0.1758	9	0	2	0	2	0	0	0	0	N	Y	N	Y	N	N	N	N	N	N	N	N	0.2649	0.1772	0.0000	5.3432	5.9480	0.0000	0.0000	0.0000	0.0000	0.0013	0.0015	0.0000	0.0078	0.0086	0.0000	0.0000	0.0000	0.0000	0.0049	0.0085	0.0000	0.0015	0.0014	0.0016	0.0055	0.0550	0.0000	0.0000	0.0043	-0.0001	-0.0005	7.3891	2.0059	13.2142	4.8036	0.0001	0.0001	0.0000	0.0001	0.0001	0.0000	0.0000	0.0000	0.0000	0.0009	0.0009	0.0000	0.0000	0.0000	0.0000	0.0009	0.0009	0.0000	0.1148	0.0998	0.0150	0.0193	0.0175	0.0018	0.0954	0.0823	0.0132	0.1809	0.1048	0.0761	0.0235	0.0211	0.0024	0.1574	0.0836	0.0737	0.2649	0.1772	0.0000	5.3432	5.9480	0.0000	0.0000	0.0000	0.0000	0.0049	0.0085	0.0000	0.0015	0.0014	0.0016	0.0055	0.0103	0.0000
51	65	0.1729	7	0	2	0	1	0	0	0	0	N	Y	N	N	N	N	N	N	N	N	N	N	11488.1222	8031.7457	0.0000	0.4058	0.4361	0.0000	6925043.1040	32917791.2285	0.0000	16.3236	18.7035	0.0000	0.0038	0.0041	0.0000	19.8446	22.9692	0.0000	0.0014	0.0023	0.0002	0.0093	0.0095	0.0075	0.0000	0.0000	0.0000	0.0000	0.0755	-0.3538	-0.0000	7.3891	0.9804	13.2142	0.2754	0.9724	0.9724	0.0000	0.0000	0.0000	0.0000	0.9724	0.9724	0.0000	0.0001	0.0001	0.0000	0.0001	0.0001	0.0000	0.0000	0.0000	0.0000	0.0596	0.0520	0.0076	0.0106	0.0097	0.0009	0.0490	0.0423	0.0067	0.0382	0.0217	0.0165	0.0058	0.0053	0.0005	0.0323	0.0163	0.0160	11488.1222	8031.7457	0.0000	0.4058	0.4361	0.0000	6925043.1040	32917791.2285	0.0000	0.0014	0.0023	0.0002	0.0093	0.0095	0.0075	0.0000	0.0000	0.0000
51	66	0.1708	8	0	1	1	2	0	0	0	0	N	N	N	Y	N	N	N	N	N	N	N	N	0.0000	0.0000	0.0000	0.0000	0.0000	0.0000	0.0000	0.0000	0.0000	0.0000	0.0000	0.0000	0.0000	0.0000	0.0000	0.0000	0.0000	0.0000	7.0597	0.8216	31.5890	0.0054	0.0058	0.0009	7.3863	1.7180	31.5751	88.2089	0.0000	0.4038	7.3891	0.9437	13.2142	4.8091	0.0000	0.0000	0.0000	0.0000	0.0000	0.0000	0.0000	0.0000	0.0000	1.0104	0.0113	0.9991	0.0001	0.0001	0.0000	1.0103	0.0112	0.9991	0.0741	0.0644	0.0097	0.0205	0.0191	0.0014	0.0536	0.0452	0.0083	0.1578	0.0918	0.0660	0.0210	0.0190	0.0020	0.1368	0.0728	0.0640	0.0000	0.0000	0.0000	0.0000	0.0000	0.0000	0.0000	0.0000	0.0000	6.4021	0.1234	15.1314	0.0054	0.0058	0.0009	7.3863	0.1541	15.6104	
51	67	0.1637	7	0	1	1	2	0	0	0	0	N	N	N	Y	N	N	N	N	N	N	N	N	0.0000	0.0000	0.0000	0.0000	0.0000	0.0000	0.0000	0.0000	0.0000	0.0000	0.0000	0.0000	0.0000	0.0000	0.0000	0.0000	0.0000	0.0000	0.7324	1.3127	0.0000	4.3256	3.8673	0.0006	0.0000	0.0001	0.0000	0.0001	0.0000	-0.0159	7.3891	4.0088	13.2142	5.0246	0.0000	0.0000	0.0000	0.0000	0.0000	0.0000	0.0000	0.0000	0.0000	0.0269	0.0269	0.0000	0.0269	0.0269	0.0000	0.0000	0.0000	0.0000	0.2251	0.1957	0.0295	0.0346	0.0313	0.0033	0.1906	0.1644	0.0262	0.2382	0.1355	0.1027	0.0257	0.0227	0.0029	0.2125	0.1127	0.0998	0.0000	0.0000	0.0000	0.0000	0.0000	0.0000	0.0000	0.0000	0.0000	0.1131	0.1988	0.0000	1.0496	1.1855	0.0006	0.0000	0.0001	0.0000	
51	68	0.1758	9	0	1	1	2	0	0	0	0	N	N	N	Y	N	N	N	N	N	N	N	N	2711.0284	1820.7899	0.0000	0.0000	0.0000	0.0000	2943.5264	269.5976	0.0000	17.1743	19.7521	0.0000	0.0000	0.0000	0.0000	20.7013	24.0248	0.0000	0.0063	0.0108	0.0001	0.0018	0.0018	0.0020	0.0070	0.0891	0.0000	0.0000	0.0043	-0.3637	-0.0005	7.3891	1.0064	13.2142	4.2000	0.9998	0.9998	0.0000	0.0000	0.0000	0.0000	0.9998	0.9998	0.0000	0.0009	0.0009	0.0000	0.0000	0.0000	0.0000	0.0009	0.0009	0.0000	0.0582	0.0506	0.0076	0.0099	0.0090	0.0009	0.0483	0.0416	0.0067	0.1409	0.0819	0.0590	0.0188	0.0170	0.0018	0.1220	0.0649	0.0571	2711.0284	1820.7899	0.0000	0.0000	0.0000	0.0000	2943.5264	1816.9184	0.0000	0.0063	0.0108	0.0001	0.0018	0.0018	0.0020	0.0070	0.0132	0.0000
51	69	0.1708	8	0	1	0	2	0	0	0	0	N	N	N	Y	N	N	N	N	N	N	N	N	0.0012	0.0009	0.0000	0.0000	0.0000	0.0000	0.0016	0.0009	0.0000	0.0016	0.0018	0.0000	0.0000	0.0000	0.0000	0.0021	0.0025	0.0000	1.3038	2.1293	0.0016	0.1552	0.1600	0.0037	1.3580	2.9205	0.0015	0.0000	0.0025	-0.0001	-0.0074	7.3891	1.2889	13.2142	0.3511	0.0001	0.0001	0.0000	0.0000	0.0000	0.0000	0.0001	0.0001	0.0000	0.0125	0.0125	0.0000	0.0013	0.0013	0.0000	0.0112	0.0112	0.0000	0.0936	0.0813	0.0123	0.0236	0.0219	0.0017	0.0700	0.0595	0.0106	0.0512	0.0309	0.0203	0.0088	0.0081	0.0006	0.0424	0.0227	0.0197	0.0065	0.0046	0.0000	0.0000	0.0000	0.0000	0.0081	0.0051	0.0000	0.2451	0.4050	0.0016	0.1492	0.1600	0.0037	0.2649	0.4928	0.0015
51	70	0.1637	7	0	1	0	2	0	0	0	0	N	N	N	Y	N	N	N	N	N	N	N	N	0.0000	0.0000	0.0000	0.0000	0.0000	0.0000	0.0000	0.0000	0.0000	0.0000	0.0000	0.0000	0.0000	0.0000	0.0000	0.0000	0.0000	0.0000	20.3285	29.2571	0.0181	0.1951	0.2018	0.0029	21.8156	36.8203	0.0186	0.0004	0.0000	-0.5662	7.3891	0.7777	13.2142	1.1718	0.0000	0.0000	0.0000	0.0000	0.0000	0.0000	0.0000	0.0000	0.0000	0.9618	0.9614	0.0004	0.0013	0.0013	0.0000	0.9605	0.9601	0.0004	0.0447	0.0388	0.0059	0.0069	0.0063	0.0007	0.0378	0.0326	0.0052	0.0567	0.0329	0.0238	0.0075	0.0068	0.0007	0.0492	0.0261	0.0231	0.0000	0.0000	0.0000	0.0000	0.0000	0.0000	0.0000	0.0000	0.0000	16.9630	29.2571	0.0181	0.1736	0.1911	0.0029	19.5151	36.8203	0.0186	
51	71	0.1601	6	0	1	0	2	0	0	0	0	N	N	N	Y	N	N	N	N	N	N	N	N	0.0000	0.0000	0.0000	0.0000	0.0000	0.0000	0.0000	0.0000	0.0000	0.0000	0.0000	0.0000	0.0000	0.0000	0.0000	0.0000	0.0000	0.0000	1.8390	3.1202	0.0016	0.0508	0.0576	0.0005	1.8736	3.9171	0.0017	0.0007	0.0000	-0.0159	7.3891	0.9929	13.2142	0.0325	0.0000	0.0000	0.0000	0.0000	0.0000	0.0000	0.0000	0.0000	0.0000	0.0270	0.0270	0.0000	0.0001	0.0001	0.0000	0.0269	0.0269	0.0000	0.0566	0.0492	0.0075	0.0086	0.0078	0.0008	0.0480	0.0414	0.0066	0.0279	0.0158	0.0121	0.0029	0.0025	0.0003	0.0250	0.0132	0.0118	0.0000	0.0000	0.0000	0.0000	0.0000	0.0000	0.0000	0.0000	0.0000	0.9690	1.7130	0.0016	0.0508	0.0576	0.0005	1.0741	2.0278	0.0017	
51	72	0.2052	5	1	2	0	1	0	0	0	0	N	Y	N	N	N	N	N	N	N	N	N	N	0.0000	0.0000	0.0000	0.0000	0.0000	0.0000	0.0000	0.0000	0.0000	0.0000	0.0000	0.0000	0.0000	0.0000	0.0000	0.0000	0.0000	0.0000	0.0000	0.0000	7.3891	0.0000	13.2142	0.0001	0.0000	0.0000	0.0000	0.0000	0.0000	0.0000	0.0000	0.0000	0.0000	0.0000	0.0000	0.0000	0.0000	0.0000	0.0000	0.0000	0.0000	0.0000	0.0000	0.0000	0.0000	0.0000	0.0000	0.0000	0.0000	0.0000	0.0000	0.0000	0.0000	0.0000	0.0000	0.0000	0.0000	0.0000	0.0000	0.0000	0.0000	0.0000	0.0000	0.0000	0.0000	0.0000	0.0000	0.0000	0.0000	0.0000	0.0000	0.0000	0.0000	0.0000	0.0000	0.0000	0.0000	0.0000											
51	73	0.1419	4	1	2	0	1	0	0	0	0	N	Y	N	N	N	N	N	N	N	N	N	N	107.5518	55.8414	0.0000	0.0884	0.0880	0.0000	94675.6004	358916.6199	0.0000	1.7475	2.0082	0.0000	0.0138	0.0152	0.0000	2.0316	2.3497	0.0000	0.0162	0.0360	0.0002	0.1556	0.1729	0.0047	0.0000	0.0000	0.0000	0.0000	0.0050	-0.3508	-0.0041	7.3891	9.9619	13.2142	7.0378	0.9643	0.9643	0.0000	0.0011	0.0011	0.0000	0.9632	0.9632	0.0000	0.0071	0.0070	0.0000	0.0070	0.0070	0.0000	0.0000	0.0000	0.0000	0.5518	0.4802	0.0716	0.0777	0.0702	0.0074	0.4741	0.4099	0.0642	0.4344	0.2456	0.1888	0.0466	0.0406	0.0060	0.3878	0.2050	0.1828	107.5518	70.2298	0.0000	0.0909	0.0880	0.0000	94675.6004	358916.6199	0.0000	0.0162	0.0286	0.0002	0.1513	0.1729	0.0047	0.0000	0.0000	0.0000
51	74	0.1537	4	0	2	0	1	0	0	0	0	N	Y	N	N	N	N	N	N	N	N	N	N	525.1463	2.3516	20638.3626	198.2969	2.3185	3670.3536	18271.0092	0.0000	71777.6531	1.1747	0.0085	9.3309	3.2435	0.0392	43.1288	0.6410	0.0000	4.6388	0.0022	0.0036	0.0005	0.0164	0.0169	0.0118	0.0000	0.0000	0.0001	156.8464	0.0967	0.3487	-0.0003	7.3891	7.0442	13.2142	2.0273	0.5535	0.0035	0.5500	0.3134	0.0035	0.3099	0.2401	0.0000	0.2401	0.0005	0.0005	0.0000	0.0005	0.0005	0.0000	0.0000	0.0000	0.0000	0.4712	0.4123	0.0589	0.0966	0.0894	0.0072	0.3746	0.3228	0.0518	0.2412	0.1360	0.1052	0.0325	0.0291	0.0035	0.2087	0.1070	0.1017	525.1463	2.3516	20638.3626	198.2969	2.3185	3670.3536	18271.0092	0.0000	71777.6531	0.0022	0.0036	0.0005	0.0164	0.0169	0.0118	0.0000	0.0000	0.0001
51	75	0.1298	3	0	2	0	1	0	0	0	0	N	Y	N	N	N	N	N	N	N	N	N	N	246.2200	80.5056	2631.4009	7.1663	2.6174	286.7077	971.8094	396.3494	3060.8649	2.5309	1.1733	12.1735	0.4799	0.1928	5.1968	2.9848	1.4106	12.8152	0.0103	0.0146	0.0046	0.0670	0.0737	0.0181	0.0031	0.0036	0.0042	1.4607	0.2412	0.1744	-0.0008	7.3891	4.3369	13.2142	3.0972	0.7587	0.3083	0.4504	0.0261	0.0099	0.0162	0.7326	0.2984	0.4342	0.0021	0.0017	0.0004	0.0015	0.0015	0.0001	0.0006	0.0002	0.0004	0.2998	0.2628	0.0370	0.0543	0.0512	0.0031	0.2454	0.2116	0.0339	0.2049	0.1164	0.0885	0.0231	0.0203	0.0028	0.1818	0.0961	0.0857	246.2200	80.5056	2631.4009	7.1663	2.6174	286.7077	971.8094	679.1664	3060.8649	0.0103	0.0146	0.0046	0.0670	0.0737	0.0181	0.0031	0.0021	0.0042
51	76	0.2171	8	1	2	0	1	0	0	0	0	N	Y	N	N	N	N	N	N	N	N	N	N	0.0000	0.0000	0.0000	0.0000	0.0000	0.0000	0.0000	0.0000	0.0000	0.0000	0.0000	0.0000	0.0000	0.0000	0.0000	0.0000	0.0000	0.0000	0.0005	0.0007	0.0001	0.0046	0.0044	0.0065	0.0000	0.0000	0.0000	0.1273	0.0000	-0.0000	7.3891	1.9992	13.2142	0.0055	0.0000	0.0000	0.0000	0.0000	0.0000	0.0000	0.0000	0.0000	0.0000	0.0000	0.0000	0.0000	0.0000	0.0000	0.0000	0.0000	0.0000	0.0000	0.1530	0.1337	0.0193	0.0266	0.0242	0.0024	0.1264	0.1096	0.0168	0.0712	0.0407	0.0305	0.0073	0.0067	0.0006	0.0639	0.0339	0.0300	0.0000	0.0000	0.0000	0.0000	0.0000	0.0000	0.0000	0.0000	0.0000	0.0005	0.0007	0.0001	0.0046	0.0044	0.0065	0.0000	0.0000	0.0000	
51	77	0.1729	7	1	2	0	1	0	0	0	0	N	Y	N	N	N	N	N	N	N	N	N	N	177.5684	166.0143	0.0000	209.7335	223.1841	0.0000	0.0000	0.0000	0.0000	0.0721	0.0828	0.0000	0.4558	0.5003	0.0000	0.0000	0.0000	0.0000	0.0004	0.0005	0.0003	0.0022	0.0022	0.0016	0.0002	0.0001	0.0002	0.0000	0.4381	-0.0074	-0.0000	7.3891	5.0219	13.2142	2.0148	0.0205	0.0205	0.0000	0.0205	0.0205	0.0000	0.0000	0.0000	0.0000	0.0001	0.0001	0.0000	0.0000	0.0000	0.0000	0.0000	0.0000	0.0000	0.2837	0.2471	0.0366	0.0449	0.0409	0.0040	0.2388	0.2061	0.0326	0.1887	0.1068	0.0819	0.0218	0.0193	0.0025	0.1669	0.0875	0.0794	177.5684	166.0143	0.0000	209.7335	223.1841	0.0000	0.0000	0.0000	0.0000	0.0004	0.0005	0.0003	0.0022	0.0022	0.0016	0.0002	0.0001	0.0002
51	78	0.1601	6	0	2	0	1	0	0	0	0	N	Y	N	N	N	N	N	N	N	N	N	N	202.6969	159.2034	5.6832	0.0000	0.0000	0.0000	747.0770	1129.3841	6.2873	0.3517	0.4044	0.0039	0.0000	0.0000	0.0000	0.4148	0.4806	0.0044	0.0017	0.0025	0.0007	0.0122	0.0138	0.0003	0.0006	0.0004	0.0007	0.0015	0.2091	-0.0074	-0.0001	7.3891	1.0203	13.2142	2.7327	0.0205	0.0204	0.0000	0.0000	0.0000	0.0000	0.0205	0.0204	0.0000	0.0002	0.0001	0.0000	0.0001	0.0001	0.0000	0.0001	0.0000	0.0000	0.0582	0.0505	0.0077	0.0089	0.0080	0.0009	0.0493	0.0425	0.0068	0.1003	0.0567	0.0437	0.0102	0.0089	0.0012	0.0902	0.0477	0.0424	202.6969	159.2034	5.6832	0.0000	0.0000	0.0000	747.0770	1129.3841	6.2873	0.0017	0.0025	0.0007	0.0122	0.0138	0.0003	0.0006	0.0004	0.0007
51	79	0.1601	5	0	1	0	1	0	0	0	0	N	N	N	N	N	N	N	N	N	N	N	N	0.0000	0.0000	0.0000	0.0000	0.0000	0.0000	0.0000	0.0000	0.0000	0.0000	0.0000	0.0000	0.0000	0.0000	0.0000	2.4130	3.8045	0.0000	10.2096	9.0059	0.0000	2.0329	3.9708	0.0000	0.0000	0.0000	-0.0001	7.3891	0.0000	13.2142	0.0018	0.0000	0.0000	0.0000	0.0000	0.0000	0.0000	0.0000	0.0000	0.0000	0.0002	0.0002	0.0000	0.0001	0.0001	0.0000	0.0001	0.0001	0.0000	0.0000	0.0000	0.0000	0.0000	0.0000	0.0000	0.0000	0.0000	0.0000	0.0001	0.0001	0.0000	0.0001	0.0000	0.0000	0.0001	0.0000	0.0000	0.0000	0.0000	0.0000	0.0000	0.0000	0.0000	0.0000	0.0000	0.0000	1.7029	2.4812	0.0000	2.3853	2.4255	0.0000	1.3237	2.5395	0.0000				
51	80	0.1419	4	0	1	0	1	0	0	0	0	N	N	N	N	N	N	N	N	N	N	N	N	0.0268	0.0136	0.0000	26.7310	26.6982	0.0000	0.0000	0.0000	0.0000	0.2009	0.2307	0.0000	1.3265	1.4529	0.0000	0.0000	0.0000	0.0000	7.5043	16.9290	0.0006	0.0496	0.0544	0.0148	7.9835	15.1340	0.0001	0.0000	0.0000	-0.0134	-0.5856	7.3891	3.0825	13.2142	2.0124	0.0367	0.0367	0.0000	0.0367	0.0367	0.0000	0.0000	0.0000	0.0000	0.9940	0.9940	0.0000	0.0008	0.0008	0.0000	0.9932	0.9932	0.0000	0.1829	0.1593	0.0236	0.0277	0.0253	0.0024	0.1552	0.1340	0.0212	0.1403	0.0796	0.0607	0.0159	0.0140	0.0019	0.1244	0.0656	0.0588	0.0284	0.0185	0.0000	26.7310	26.6982	0.0000	0.0000	0.0000	0.0000	7.0837	12.4842	0.0006	0.0496	0.0544	0.0148	7.9835	15.1340	0.0001
51	81	0.1298	3	0	1	0	1	0	0	0	0	N	N	N	N	N	N	N	N	N	N	N	N	0.8025	0.3466	3.0535	4.3632	4.7204	0.3672	0.6470	0.1143	3.5489	0.2856	0.3217	0.0259	0.7894	0.8330	0.0125	0.1664	0.1887	0.0271	0.3559	0.9283	0.0085	0.1809	0.1765	0.0341	0.2571	1.6513	0.0076	0.0112	0.0445	-0.0265	-0.0050	7.3891	3.6751	13.2142	0.0788	0.0752	0.0744	0.0008	0.0398	0.0398	0.0000	0.0354	0.0346	0.0008	0.0092	0.0088	0.0004	0.0021	0.0020	0.0000	0.0071	0.0068	0.0003	0.2633	0.2312	0.0321	0.0504	0.0477	0.0027	0.2129	0.1835	0.0294	0.1075	0.0615	0.0461	0.0130	0.0115	0.0015	0.0946	0.0500	0.0446	3.3440	2.2488	3.0535	4.9218	4.7204	0.3672	2.2148	1.3943	3.5489	0.0854	0.1431	0.0085	0.1604	0.1765	0.0341	0.0751	0.1354	0.0076
51	82	0.0807	2	0	1	0	1	0	0	0	0	N	N	N	N	N	N	N	N	N	N	N	N	1.4338	1.2035	0.0735	0.3192	0.3581	0.0171	10.7212	9.8830	0.0724	2.0694	2.6849	0.0087	2.1178	2.1550	0.0010	2.0592	2.8357	0.0088	1.4433	2.2309	0.1177	6.6343	6.0178	0.0587	0.1921	0.2869	0.1209	0.0010	0.1598	-0.5080	-0.0714	7.3891	8.5011	13.2142	5.2406	1.4001	1.3988	0.0013	0.2486	0.2486	0.0000	1.1515	1.1501	0.0013	0.1583	0.1364	0.0218	0.1333	0.1327	0.0006	0.0250	0.0038	0.0212	0.6766	0.5210	0.1556	0.1174	0.1154	0.0020	0.5592	0.4056	0.1536	0.4505	0.2651	0.1854	0.0823	0.0725	0.0098	0.3682	0.1926	0.1756	5.8904	5.2166	0.0735	1.3076	1.1773	0.0171	30.3342	145.2918	0.0724	0.3513	0.5147	0.1177	1.6195	1.8305	0.0587	0.0679	0.0195	0.1209
52	53	0.1637	5	0	2	0	0	0	0	0	0	N	Y	N	N	N	N	N	N	N	N	N	N	0.0000	0.0000	0.0000	0.0000	0.0000	0.0000	0.0000	0.0000	0.0000	0.0000	0.0000	0.0000	0.0000	0.0000	0.0000	6.4246	0.0000	26.1375	0.0000	0.0000	0.0000	6.8322	0.0000	28.0631	inf	0.0000	0.4109	12.1779	3.0001	13.0455	3.0003	0.0000	0.0000	0.0000	0.0000	0.0000	0.0000	0.0000	0.0000	0.0000	1.0000	0.0000	1.0000	0.0000	0.0000	0.0000	1.0000	0.0000	1.0000	0.2943	0.2568	0.0376	0.0414	0.0376	0.0038	0.2529	0.2192	0.0337	0.1821	0.1032	0.0789	0.0357	0.0273	0.0084	0.1464	0.0759	0.0705	0.0000	0.0000	0.0000	0.0000	0.0000	0.0000	0.0000	0.0000	0.0000	5.4921	0.0000	12.6768	0.0000	0.0000	0.0000	6.8322	0.0000	14.1900				
52	54	0.1563	4	0	1	0	0	0	0	0	0	N	N	N	N	N	N	N	N	N	N	N	N	14800.0400	9608.7881	0.0000	29887.0127	24323.6469	0.0000	615.5818	inf	0.0000	3.2145	3.6800	0.0000	32.8682	34.9972	0.0000	0.0001	0.0001	0.0000	0.0002	0.0004	0.0000	0.0011	0.0014	0.0000	0.0000	0.0000	0.0000	0.0000	0.0009	-0.2198	-0.0000	12.1779	1.9998	13.0455	1.0017	0.6041	0.6041	0.0000	0.6041	0.6041	0.0000	0.0000	0.0000	0.0000	0.0000	0.0000	0.0000	0.0000	0.0000	0.0000	0.0000	0.0000	0.0000	0.1879	0.1642	0.0238	0.0184	0.0173	0.0011	0.1696	0.1469	0.0227	0.0925	0.0524	0.0401	0.0183	0.0140	0.0043	0.0743	0.0385	0.0358	14800.0400	9608.7881	0.0000	29887.0127	24323.6469	0.0000	615.5818	inf	0.0000	0.0002	0.0004	0.0000	0.0011	0.0014	0.0000	0.0000	0.0000	0.0000
52	55	0.0983	3	0	1	0	0	0	0	0	0	N	N	N	N	N	N	N	N	N	N	N	N	533.7702	229.5049	122145.9914	246.5840	206.0135	0.0000	58502.8033	185552.1752	117321.7292	3.6045	2.7168	9.9369	12.7005	12.9420	0.0000	2.6076	1.4463	10.0882	0.0068	0.0118	0.0001	0.0515	0.0628	0.0000	0.0000	0.0000	0.0001	0.5127	0.0052	-0.0733	-0.0022	12.1779	8.0033	13.0455	9.9473	2.9504	1.9504	1.0000	1.0269	1.0269	0.0000	1.9235	0.9235	1.0000	0.0038	0.0038	0.0000	0.0038	0.0038	0.0000	0.0000	0.0000	0.0000	0.8185	0.7179	0.1006	0.0809	0.0793	0.0015	0.7377	0.6385	0.0991	0.5647	0.3205	0.2443	0.0736	0.0604	0.0133	0.4911	0.2601	0.2310	533.7702	229.5049	122145.9914	246.5840	206.0135	0.0000	58502.8033	185552.1752	117321.7292	0.0068	0.0118	0.0001	0.0515	0.0628	0.0000	0.0000	0.0000	0.0001
52	56	0.1303	5	0	2	0	0	0	0	0	0	N	Y	N	N	N	N	N	N	N	N	N	N	1.2123	0.9045	1275.3674	0.0145	0.0140	7279.3305	1.6445	0.9046	957.1539	2.1133	2.3925	0.0371	0.0753	0.0698	0.1960	2.4602	2.8276	0.0280	1.7432	2.6449	0.0000	5.2078	4.9914	0.0000	1.4960	3.1259	0.0000	0.0021	0.0000	-0.3628	-0.1827	12.1779	5.0156	13.0455	9.5596	1.0032	1.0011	0.0021	0.0052	0.0046	0.0006	0.9980	0.9965	0.0015	0.3102	0.3102	0.0000	0.1611	0.1611	0.0000	0.1491	0.1491	0.0000	0.4747	0.4184	0.0563	0.0691	0.0660	0.0030	0.4056	0.3524	0.0532	0.4922	0.2980	0.1942	0.1214	0.1029	0.0185	0.3708	0.1951	0.1757	3.3535	2.2985	1275.3674	0.0568	0.0446	7279.3305	6.1183	3.6998	957.1539	0.6302	1.0409	0.0000	1.3267	1.5652	0.0000	0.4021	0.7643	0.0000
52	57	0.1089	4	0	2	0	0	0	0	0	0	N	Y	N	N	N	N	N	N	N	N	N	N	1.5640	0.0071	12.2847	0.0326	0.0076	0.0226	2.0184	0.0056	28.7599	3.0681	0.0212	24.7691	0.1648	0.0240	2.8723	3.8969	0.0203	26.9122	1.9617	2.9869	2.0163	5.0536	3.1439	127.0641	1.9307	3.6434	0.9358	163.9954	0.2649	1.2439	-0.2453	12.1779	5.2776	13.0455	4.9316	1.9740	0.0120	1.9620	0.0235	0.0033	0.0203	1.9504	0.0087	1.9417	0.6460	0.5107	0.1353	0.2288	0.1693	0.0595	0.4172	0.3414	0.0758	0.6434	0.5642	0.0792	0.1429	0.1358	0.0071	0.5005	0.4284	0.0722	0.5578	0.3749	0.1829	0.1791	0.1618	0.0173	0.3787	0.2130	0.1656	2.6490	0.0156	33.4847	0.1290	0.0230	0.8339	3.5371	0.0127	58.8157	1.1582	1.3624	0.7397	1.2776	1.0462	3.4443	1.1017	1.6026	0.4576
52	58	0.0809	3	0	1	0	0	0	0	0	0	N	N	N	N	N	N	N	N	N	N	N	N	0.0502	0.0234	0.2304	0.1955	0.2357	1.1277	0.0287	0.0047	0.2671	0.1044	0.0740	0.3107	0.6777	0.6809	0.5594	0.0573	0.0177	0.3069	2.0782	3.1648	1.3489	3.4659	2.8885	0.4960	1.9947	3.7452	1.1490	0.6186	0.2328	0.0012	-0.2088	12.1779	6.4383	13.0455	5.2340	0.0647	0.0400	0.0247	0.0319	0.0312	0.0007	0.0328	0.0088	0.0241	0.5217	0.4232	0.0985	0.0351	0.0347	0.0004	0.4866	0.3886	0.0981	0.6197	0.5401	0.0796	0.0470	0.0458	0.0012	0.5726	0.4943	0.0784	0.4066	0.2310	0.1756	0.0370	0.0357	0.0014	0.3696	0.1953	0.1742	0.0814	0.0404	0.5539	0.7154	0.7005	1.8235	0.0435	0.0089	0.5451	1.2832	1.8321	0.5610	0.9474	0.9720	0.3068	1.3168	1.9890	0.5630
52	59	0.0727	2	0	1	0	0	0	0	0	0	N	N	N	N	N	N	N	N	N	N	N	N	0.5664	0.3461	2.2064	0.1876	0.2266	0.5230	0.5200	0.0412	2.7582	0.7579	0.5715	1.1910	1.1174	1.1194	0.4033	0.5692	0.0427	1.1935	1.3381	1.6513	0.5398	5.9577	4.9388	0.7711	1.0945	1.0362	0.4327	0.8970	0.8542	0.0872	-0.0053	12.1779	3.9043	13.0455	0.3762	0.7996	0.4215	0.3781	0.4059	0.4055	0.0004	0.3937	0.0160	0.3777	0.0415	0.0224	0.0191	0.0191	0.0191	0.0001	0.0224	0.0033	0.0191	1.0550	0.7375	0.3175	0.3633	0.3623	0.0010	0.6917	0.3753	0.3164	0.1534	0.0844	0.0690	0.0125	0.0124	0.0002	0.1408	0.0720	0.0688	2.8007	2.1547	4.2966	0.7324	0.7259	1.0278	3.5834	0.9271	4.3103	0.2706	0.2653	0.2772	1.5256	1.5420	0.3924	0.1588	0.0461	0.2769
52	63	0.1776	6	1	2	0	1	0	0	0	0	N	Y	N	N	N	N	N	N	N	N	N	N	0.0000	0.0000	0.0000	0.0000	0.0000	0.0000	0.0000	0.0000	0.0000	0.0000	0.0000	0.0000	0.0000	0.0000	0.0000	0.0000	0.0000	0.0000	0.0000	0.0000	0.0000	0.0000	0.0000	0.0000	inf	0.0000	0.0000	12.1779	2.0000	13.0455	2.0002	0.0000	0.0000	0.0000	0.0000	0.0000	0.0000	0.0000	0.0000	0.0000	0.0000	0.0000	0.0000	0.0000	0.0000	0.0000	0.0000	0.0000	0.0000	0.1895	0.1667	0.0228	0.0287	0.0271	0.0017	0.1607	0.1396	0.0211	0.1154	0.0631	0.0523	0.0101	0.0080	0.0021	0.1053	0.0551	0.0502	0.0000	0.0000	0.0000	0.0000	0.0000	0.0000	0.0000	0.0000	0.0000	0.0000	0.0000	0.0000	0.0000	0.0000	0.0000	0.0000	0.0000	0.0000				
52	64	0.1933	10	0	2	0	1	0	0	0	0	N	Y	N	N	N	N	N	N	N	N	N	N	0.0000	0.0000	0.0000	0.0000	0.0000	0.0000	0.0000	0.0000	0.0000	0.0000	0.0000	0.0000	0.0000	0.0000	0.0000	0.0000	0.0000	0.0000	0.0002	0.0003	0.0000	0.0013	0.0016	0.0000	0.0000	0.0000	0.0000	0.0028	0.0000	-0.0000	12.1779	2.0059	13.0455	4.8036	0.0000	0.0000	0.0000	0.0000	0.0000	0.0000	0.0000	0.0000	0.0000	0.0000	0.0000	0.0000	0.0000	0.0000	0.0000	0.0000	0.0000	0.0000	0.1917	0.1688	0.0229	0.0321	0.0302	0.0019	0.1596	0.1386	0.0210	0.1959	0.1104	0.0855	0.0233	0.0197	0.0036	0.1726	0.0907	0.0819	0.0000	0.0000	0.0000	0.0000	0.0000	0.0000	0.0000	0.0000	0.0000	0.0002	0.0003	0.0000	0.0013	0.0016	0.0000	0.0000	0.0000	0.0000	
52	65	0.1905	8	0	2	0	0	0	0	0	0	N	Y	N	N	N	N	N	N	N	N	N	N	0.0822	0.0000	148.8737	0.0000	0.0000	0.0000	41.9874	0.0000	229.9796	0.0001	0.0000	0.0009	0.0000	0.0000	0.0000	0.0001	0.0000	0.0009	0.0012	0.0022	0.0000	0.0083	0.0095	0.0000	0.0000	0.0000	0.0000	inf	0.0021	0.0000	-0.0000	12.1779	0.9804	13.0455	0.2754	0.0000	0.0000	0.0000	0.0000	0.0000	0.0000	0.0000	0.0000	0.0000	0.0001	0.0001	0.0000	0.0001	0.0001	0.0000	0.0000	0.0000	0.0000	0.0989	0.0874	0.0115	0.0172	0.0163	0.0009	0.0817	0.0711	0.0106	0.0417	0.0230	0.0187	0.0061	0.0053	0.0008	0.0357	0.0177	0.0180	0.0822	0.0000	148.8737	0.0000	0.0000	0.0000	41.9874	0.0000	229.9796	0.0012	0.0022	0.0000	0.0083	0.0095	0.0000	0.0000	0.0000	0.0000
52	66	0.1884	9	0	1	1	1	0	0	0	0	N	N	N	N	N	N	N	N	N	N	N	N	0.0000	0.0000	0.0000	0.0000	0.0000	0.0000	0.0000	0.0000	0.0000	0.0000	0.0000	0.0000	0.0000	0.0000	0.0000	0.0000	0.0000	0.0000	0.0006	0.0010	0.0000	0.0047	0.0056	0.0000	0.0000	0.0000	0.0000	0.0003	0.0000	-0.0001	12.1779	0.9437	13.0455	4.8091	0.0000	0.0000	0.0000	0.0000	0.0000	0.0000	0.0000	0.0000	0.0000	0.0001	0.0001	0.0000	0.0001	0.0001	0.0000	0.0000	0.0000	0.0000	0.1228	0.1077	0.0151	0.0336	0.0318	0.0018	0.0891	0.0759	0.0133	0.1712	0.0970	0.0743	0.0210	0.0179	0.0031	0.1502	0.0791	0.0712	0.0000	0.0000	0.0000	0.0000	0.0000	0.0000	0.0000	0.0000	0.0000	0.0006	0.0010	0.0000	0.0047	0.0056	0.0000	0.0000	0.0000	0.0000	
52	67	0.1813	8	0	1	1	1	0	0	0	0	N	N	N	N	N	N	N	N	N	N	N	N	0.0000	0.0000	0.0000	0.0000	0.0000	0.0000	0.0000	0.0000	0.0000	0.0000	0.0000	0.0000	0.0000	0.0000	0.0000	0.0000	0.0000	0.0000	0.0003	0.0004	0.0002	0.0033	0.0030	0.0046	0.0000	0.0000	0.0000	0.3765	0.0000	-0.0000	12.1779	4.0088	13.0455	5.0246	0.0000	0.0000	0.0000	0.0000	0.0000	0.0000	0.0000	0.0000	0.0000	0.0001	0.0001	0.0000	0.0001	0.0001	0.0000	0.0000	0.0000	0.0000	0.3761	0.3310	0.0450	0.0574	0.0541	0.0033	0.3186	0.2769	0.0417	0.2580	0.1423	0.1157	0.0243	0.0197	0.0046	0.2337	0.1226	0.1111	0.0000	0.0000	0.0000	0.0000	0.0000	0.0000	0.0000	0.0000	0.0000	0.0003	0.0004	0.0002	0.0033	0.0030	0.0046	0.0000	0.0000	0.0000	
52	68	0.1933	10	0	1	1	1	0	0	0	0	N	N	N	N	N	N	N	N	N	N	N	N	0.0000	0.0000	0.0000	0.0000	0.0000	0.0000	0.0000	0.0000	0.0000	0.0000	0.0000	0.0000	0.0000	0.0000	0.0000	0.0000	0.0000	0.0000	0.0001	0.0002	0.0000	0.0011	0.0013	0.0000	0.0000	0.0000	0.0000	0.0049	0.0000	-0.0000	12.1779	1.0064	13.0455	4.2000	0.0000	0.0000	0.0000	0.0000	0.0000	0.0000	0.0000	0.0000	0.0000	0.0000	0.0000	0.0000	0.0000	0.0000	0.0000	0.0000	0.0000	0.0000	0.0972	0.0856	0.0116	0.0165	0.0155	0.0010	0.0807	0.0701	0.0106	0.1527	0.0864	0.0663	0.0188	0.0160	0.0028	0.1338	0.0704	0.0635	0.0000	0.0000	0.0000	0.0000	0.0000	0.0000	0.0000	0.0000	0.0000	0.0001	0.0002	0.0000	0.0011	0.0013	0.0000	0.0000	0.0000	0.0000	
52	69	0.1884	9	0	1	0	1	0	0	0	0	N	N	N	N	N	N	N	N	N	N	N	N	0.0000	0.0000	0.0000	0.0000	0.0000	0.0000	0.0000	0.0000	0.0000	0.0000	0.0000	0.0000	0.0000	0.0000	0.0000	0.0000	0.0000	0.0000	0.0007	0.0012	0.0000	0.0022	0.0024	0.0008	0.0004	0.0008	0.0000	0.0215	0.0000	-0.0000	12.1779	1.2889	13.0455	0.3511	0.0000	0.0000	0.0000	0.0000	0.0000	0.0000	0.0000	0.0000	0.0000	0.0000	0.0000	0.0000	0.0000	0.0000	0.0000	0.0000	0.0000	0.0000	0.1554	0.1364	0.0190	0.0387	0.0366	0.0021	0.1167	0.0998	0.0169	0.0560	0.0332	0.0229	0.0092	0.0083	0.0009	0.0468	0.0248	0.0219	0.0000	0.0000	0.0000	0.0000	0.0000	0.0000	0.0000	0.0000	0.0000	0.0007	0.0012	0.0000	0.0022	0.0024	0.0008	0.0004	0.0008	0.0000	
52	70	0.1813	8	0	1	0	1	0	0	0	0	N	N	N	N	N	N	N	N	N	N	N	N	0.0000	0.0000	0.0000	0.0000	0.0000	0.0000	0.0000	0.0000	0.0000	0.0000	0.0000	0.0000	0.0000	0.0000	0.0000	0.0000	0.0000	0.0000	0.0142	0.0305	0.0008	0.1123	0.1308	0.0002	0.0007	0.0007	0.0008	0.0238	0.0000	-0.0005	12.1779	0.7777	13.0455	1.1718	0.0000	0.0000	0.0000	0.0000	0.0000	0.0000	0.0000	0.0000	0.0000	0.0009	0.0009	0.0000	0.0008	0.0008	0.0000	0.0000	0.0000	0.0000	0.0747	0.0657	0.0090	0.0116	0.0109	0.0007	0.0632	0.0548	0.0083	0.0615	0.0347	0.0268	0.0074	0.0063	0.0011	0.0541	0.0284	0.0258	0.0000	0.0000	0.0000	0.0000	0.0000	0.0000	0.0000	0.0000	0.0000	0.0142	0.0245	0.0008	0.1123	0.1308	0.0002	0.0007	0.0007	0.0008	
52	71	0.1776	7	0	1	0	1	0	0	0	0	N	N	N	N	N	N	N	N	N	N	N	N	0.0000	0.0000	0.0000	0.0000	0.0000	0.0000	0.0000	0.0000	0.0000	0.0000	0.0000	0.0000	0.0000	0.0000	0.0000	0.0000	0.0000	0.0000	0.0028	0.0032	0.0022	0.0085	0.0107	0.0002	0.0022	0.0036	0.0023	0.5696	0.0000	-0.0000	12.1779	0.9929	13.0455	0.0325	0.0000	0.0000	0.0000	0.0000	0.0000	0.0000	0.0000	0.0000	0.0000	0.0001	0.0001	0.0000	0.0000	0.0000	0.0000	0.0001	0.0000	0.0000	0.0946	0.0832	0.0114	0.0143	0.0135	0.0008	0.0802	0.0697	0.0106	0.0301	0.0165	0.0136	0.0027	0.0021	0.0005	0.0274	0.0144	0.0131	0.0000	0.0000	0.0000	0.0000	0.0000	0.0000	0.0000	0.0000	0.0000	0.0028	0.0032	0.0022	0.0085	0.0107	0.0002	0.0022	0.0021	0.0023	
52	72	0.2228	6	1	2	0	0	0	0	0	0	N	Y	N	N	N	N	N	N	N	N	N	N	0.0000	0.0000	0.0000	0.0000	0.0000	0.0000	0.0000	0.0000	0.0000	0.0000	0.0000	0.0000	0.0000	0.0000	0.0000	0.0000	0.0000	0.0000	0.0000	0.0000	12.1779	0.0000	13.0455	0.0001	0.0000	0.0000	0.0000	0.0000	0.0000	0.0000	0.0000	0.0000	0.0000	0.0000	0.0000	0.0000	0.0000	0.0000	0.0000	0.0000	0.0000	0.0000	0.0000	0.0000	0.0000	0.0000	0.0000	0.0000	0.0000	0.0000	0.0000	0.0000	0.0000	0.0000	0.0000	0.0000	0.0000	0.0000	0.0000	0.0000	0.0000	0.0000	0.0000	0.0000	0.0000	0.0000	0.0000	0.0000	0.0000	0.0000	0.0000	0.0000	0.0000	0.0000	0.0000	0.0000	0.0000	0.0000											
52	73	0.1595	5	1	2	0	0	0	0	0	0	N	Y	N	N	N	N	N	N	N	N	N	N	12.1346	0.7678	4154.7425	0.8499	0.6657	47.3038	1938.3806	16.3318	8442.0505	0.0050	0.0006	0.0375	0.0038	0.0037	0.0051	0.0053	0.0000	0.0397	0.0004	0.0008	0.0000	0.0044	0.0055	0.0001	0.0000	0.0000	0.0000	8.9502	0.0099	0.0025	-0.0001	12.1779	9.9619	13.0455	7.0378	0.0047	0.0005	0.0042	0.0005	0.0005	0.0000	0.0042	0.0000	0.0042	0.0002	0.0002	0.0000	0.0002	0.0002	0.0000	0.0000	0.0000	0.0000	0.9264	0.8141	0.1123	0.1318	0.1246	0.0072	0.7946	0.6895	0.1051	0.4714	0.2583	0.2131	0.0440	0.0350	0.0090	0.4274	0.2233	0.2041	12.1346	0.7678	4154.7425	0.8499	0.6657	47.3038	1938.3806	16.3318	8442.0505	0.0004	0.0008	0.0000	0.0044	0.0055	0.0001	0.0000	0.0000	0.0000
52	74	0.1713	5	0	2	0	0	0	0	0	0	N	Y	N	N	N	N	N	N	N	N	N	N	0.0727	0.0328	0.3098	66.0334	58.2901	0.0014	0.0000	0.0000	0.4159	0.3199	0.3608	0.0000	1.4861	1.5650	0.0000	0.0000	0.0000	0.0000	4.3993	10.9845	0.0000	0.0225	0.0268	0.0002	4.2731	9.9368	0.0000	0.0000	0.0000	-0.0933	-0.5730	12.1779	7.0442	13.0455	2.0273	0.2565	0.2565	0.0000	0.2565	0.2565	0.0000	0.0000	0.0000	0.0000	0.9727	0.9726	0.0000	0.0007	0.0007	0.0000	0.9719	0.9719	0.0000	0.8020	0.7110	0.0910	0.1726	0.1639	0.0087	0.6293	0.5471	0.0823	0.2597	0.1416	0.1181	0.0322	0.0270	0.0052	0.2275	0.1146	0.1129	0.0854	0.0525	0.3098	66.0334	58.2901	0.0014	0.0000	0.0000	0.4159	3.7457	6.8708	0.0000	0.0225	0.0268	0.0002	4.2731	8.4817	0.0000
52	75	0.1474	4	0	2	0	0	0	0	0	0	N	Y	N	N	N	N	N	N	N	N	N	N	0.0115	0.0064	1.5819	0.7306	0.6094	3.1707	0.0031	0.0009	1.5713	0.0098	0.0100	0.0078	0.0381	0.0392	0.0041	0.0030	0.0022	0.0080	0.8470	1.5647	0.0049	0.0522	0.0643	0.0013	0.9691	2.4390	0.0051	0.0998	0.0169	-0.0014	-0.0168	12.1779	4.3369	13.0455	3.0972	0.0050	0.0045	0.0005	0.0038	0.0037	0.0000	0.0012	0.0008	0.0004	0.0294	0.0289	0.0005	0.0011	0.0011	0.0000	0.0282	0.0278	0.0005	0.5112	0.4528	0.0584	0.0987	0.0957	0.0030	0.4125	0.3571	0.0554	0.2206	0.1214	0.0992	0.0218	0.0176	0.0042	0.1988	0.1038	0.0950	0.0734	0.0422	1.5819	0.7306	0.6094	3.1707	0.0211	0.0083	1.5713	0.1332	0.2380	0.0049	0.0522	0.0643	0.0013	0.1420	0.2675	0.0051
52	76	0.2347	9	1	2	0	0	0	0	0	0	N	Y	N	N	N	N	N	N	N	N	N	N	0.0000	0.0000	0.0000	0.0000	0.0000	0.0000	0.0000	0.0000	0.0000	0.0000	0.0000	0.0000	0.0000	0.0000	0.0000	0.0000	0.0000	0.0000	0.0001	0.0003	0.0000	0.0016	0.0020	0.0000	0.0000	0.0000	0.0000	0.0083	0.0000	-0.0000	12.1779	1.9992	13.0455	0.0055	0.0000	0.0000	0.0000	0.0000	0.0000	0.0000	0.0000	0.0000	0.0000	0.0000	0.0000	0.0000	0.0000	0.0000	0.0000	0.0000	0.0000	0.0000	0.2547	0.2257	0.0290	0.0431	0.0408	0.0023	0.2116	0.1848	0.0267	0.0747	0.0410	0.0337	0.0064	0.0053	0.0011	0.0683	0.0357	0.0326	0.0000	0.0000	0.0000	0.0000	0.0000	0.0000	0.0000	0.0000	0.0000	0.0001	0.0003	0.0000	0.0016	0.0020	0.0000	0.0000	0.0000	0.0000	
52	77	0.1905	8	1	2	0	0	0	0	0	0	N	Y	N	N	N	N	N	N	N	N	N	N	0.0000	0.0000	0.0000	0.0000	0.0000	0.0000	0.0000	0.0000	0.0000	0.0000	0.0000	0.0000	0.0000	0.0000	0.0000	0.0000	0.0000	0.0000	0.0002	0.0003	0.0000	0.0010	0.0012	0.0000	0.0001	0.0001	0.0000	0.0028	0.0000	-0.0000	12.1779	5.0219	13.0455	2.0148	0.0000	0.0000	0.0000	0.0000	0.0000	0.0000	0.0000	0.0000	0.0000	0.0000	0.0000	0.0000	0.0000	0.0000	0.0000	0.0000	0.0000	0.0000	0.4732	0.4174	0.0559	0.0742	0.0703	0.0039	0.3990	0.3471	0.0520	0.2046	0.1123	0.0923	0.0212	0.0173	0.0038	0.1835	0.0950	0.0885	0.0000	0.0000	0.0000	0.0000	0.0000	0.0000	0.0000	0.0000	0.0000	0.0002	0.0003	0.0000	0.0010	0.0012	0.0000	0.0001	0.0001	0.0000	
52	78	0.1776	7	0	2	0	0	0	0	0	0	N	Y	N	N	N	N	N	N	N	N	N	N	0.2167	0.3329	0.0000	26.5277	36.8943	0.0000	0.0000	0.0000	0.0000	0.0001	0.0001	0.0000	0.0007	0.0007	0.0000	0.0000	0.0000	0.0000	0.0005	0.0003	0.0006	0.0000	0.0000	0.0000	0.0005	0.0004	0.0006	0.0000	1.4709	-0.0000	0.0000	12.1779	1.0203	13.0455	2.7327	0.0000	0.0000	0.0000	0.0000	0.0000	0.0000	0.0000	0.0000	0.0000	0.0001	0.0000	0.0000	0.0000	0.0000	0.0000	0.0001	0.0000	0.0000	0.0972	0.0855	0.0117	0.0147	0.0139	0.0009	0.0824	0.0716	0.0108	0.1084	0.0593	0.0491	0.0095	0.0075	0.0020	0.0989	0.0518	0.0472	0.2167	0.3329	0.0000	26.5277	36.8943	0.0000	0.0000	0.0000	0.0000	0.0005	0.0003	0.0006	0.0000	0.0000	0.0000	0.0005	0.0004	0.0006
52	79	0.1776	6	0	1	0	0	0	0	0	0	N	N	N	N	N	N	N	N	N	N	N	N	0.0000	0.0000	0.0000	0.0000	0.0000	0.0000	0.0000	0.0000	0.0000	0.0000	0.0000	0.0000	0.0000	0.0000	0.0000	0.0000	0.0000	0.0012	0.0009	0.0020	0.0033	0.0018	0.0862	0.0001	0.0000	0.0001	1.0000	0.0000	-0.0000	12.1779	0.0000	13.0455	0.0018	0.0000	0.0000	0.0000	0.0000	0.0000	0.0000	0.0000	0.0000	0.0000	0.0000	0.0000	0.0000	0.0000	0.0000	0.0000	0.0000	0.0000	0.0000	0.0000	0.0000	0.0000	0.0000	0.0000	0.0000	0.0000	0.0000	0.0000	0.0002	0.0001	0.0001	0.0001	0.0001	0.0000	0.0001	0.0001	0.0001	0.0000	0.0000	0.0000	0.0000	0.0000	0.0000	0.0000	0.0000	0.0000	0.0012	0.0009	0.0020	0.0033	0.0018	0.0862	0.0001	0.0000	0.0001		
52	80	0.1595	5	0	1	0	0	0	0	0	0	N	N	N	N	N	N	N	N	N	N	N	N	1013.3728	636.8926	3730.2080	0.0296	0.0054	50.0604	395450.4414	1287781.5423	6890.8377	3.2338	3.6836	0.1077	0.0009	0.0002	0.0153	3.8356	4.4424	0.1137	0.0032	0.0058	0.0000	0.0320	0.0396	0.0003	0.0000	0.0000	0.0000	0.0042	0.0041	-0.3609	-0.0003	12.1779	3.0825	13.0455	2.0124	1.0038	0.9996	0.0042	0.0000	0.0000	0.0000	1.0037	0.9996	0.0042	0.0005	0.0005	0.0000	0.0005	0.0005	0.0000	0.0000	0.0000	0.0000	0.3104	0.2714	0.0390	0.0487	0.0463	0.0024	0.2617	0.2250	0.0367	0.1517	0.0834	0.0684	0.0151	0.0122	0.0029	0.1366	0.0712	0.0654	1013.3728	636.8926	3730.2080	0.0296	0.0054	50.0604	395450.4414	1287781.5423	6890.8377	0.0032	0.0058	0.0000	0.0320	0.0396	0.0003	0.0000	0.0000	0.0000
52	81	0.1474	4	0	1	0	0	0	0	0	0	N	N	N	N	N	N	N	N	N	N	N	N	95.2031	0.1631	12759.2741	0.0881	0.0719	5.0884	372.9037	0.1766	14407.8168	1.3376	0.0050	11.7194	0.0083	0.0082	0.0118	1.6751	0.0041	12.3391	0.0141	0.0309	0.0009	0.0941	0.1139	0.0023	0.0045	0.0235	0.0009	298.2157	0.0300	0.3797	-0.0009	12.1779	3.6751	13.0455	0.0788	0.5999	0.0020	0.5979	0.0008	0.0007	0.0000	0.5992	0.0013	0.5979	0.0016	0.0016	0.0000	0.0012	0.0012	0.0000	0.0005	0.0004	0.0000	0.4485	0.3975	0.0510	0.0908	0.0882	0.0026	0.3577	0.3092	0.0485	0.1156	0.0640	0.0516	0.0123	0.0101	0.0022	0.1033	0.0539	0.0494	95.2031	0.2049	12759.2741	0.0881	0.0719	5.0884	372.9037	0.5300	14407.8168	0.0141	0.0246	0.0009	0.0941	0.1139	0.0023	0.0045	0.0078	0.0009
52	82	0.0983	3	0	1	0	0	0	0	0	0	N	N	N	N	N	N	N	N	N	N	N	N	673.4015	255.4292	8619.9460	272.0043	271.9751	313.4836	1392.5453	125.3268	36039.1147	4.6105	2.6324	18.7544	8.2220	8.1952	9.6265	4.2202	1.9514	18.8927	0.0068	0.0103	0.0022	0.0302	0.0301	0.0307	0.0030	0.0156	0.0005	0.9964	0.1564	0.5392	-0.0014	12.1779	8.5011	13.0455	5.2406	3.9852	1.9962	1.9890	0.6931	0.6778	0.0152	3.2921	1.3184	1.9737	0.0031	0.0027	0.0004	0.0019	0.0016	0.0003	0.0012	0.0011	0.0001	0.8644	0.7583	0.1061	0.0843	0.0827	0.0016	0.7801	0.6756	0.1045	0.4526	0.2600	0.1926	0.0635	0.0530	0.0105	0.3891	0.2071	0.1821	673.4015	255.4292	8619.9460	272.0043	271.9751	313.4836	1392.5453	372.8224	36039.1147	0.0068	0.0103	0.0022	0.0302	0.0301	0.0307	0.0030	0.0052	0.0005
53	56	0.1651	9	0	2	0	0	0	0	0	0	N	Y	N	N	N	N	N	N	N	N	N	N	0.0000	0.0000	0.0000	0.0000	0.0000	0.0000	0.0000	0.0000	0.0000	0.0000	0.0000	0.0000	0.0000	0.0000	0.0000	0.0000	0.0000	0.0000	0.0003	0.0005	0.0000	0.0008	0.0010	0.0000	0.0000	0.0000	0.0000	0.0001	0.0000	-0.0000	3.0001	5.0156	3.0003	9.5596	0.0000	0.0000	0.0000	0.0000	0.0000	0.0000	0.0000	0.0000	0.0000	0.0000	0.0000	0.0000	0.0000	0.0000	0.0000	0.0000	0.0000	0.0000	0.1131	0.0986	0.0145	0.0137	0.0128	0.0008	0.0994	0.0858	0.0136	0.1287	0.0830	0.0457	0.0491	0.0411	0.0079	0.0796	0.0419	0.0377	0.0000	0.0000	0.0000	0.0000	0.0000	0.0000	0.0000	0.0000	0.0000	0.0003	0.0005	0.0000	0.0008	0.0010	0.0000	0.0000	0.0000	0.0000	
53	57	0.1436	8	0	2	0	0	0	0	0	0	N	Y	N	N	N	N	N	N	N	N	N	N	0.4921	0.3926	0.0000	1.1124	0.9332	0.0000	0.0000	0.0000	0.0000	0.0028	0.0032	0.0000	0.0128	0.0136	0.0000	0.0000	0.0000	0.0000	0.0057	0.0082	0.0004	0.0115	0.0146	0.0000	0.0005	0.0004	0.0006	0.0000	0.0247	-0.0002	-0.0005	3.0001	5.2776	3.0003	4.9316	0.0004	0.0004	0.0000	0.0004	0.0004	0.0000	0.0000	0.0000	0.0000	0.0008	0.0008	0.0000	0.0008	0.0008	0.0000	0.0000	0.0000	0.0000	0.1539	0.1343	0.0196	0.0336	0.0316	0.0020	0.1203	0.1027	0.0176	0.1476	0.1002	0.0474	0.0694	0.0547	0.0147	0.0782	0.0455	0.0327	0.4921	0.3926	0.0000	1.1124	0.9332	0.0000	0.0000	0.0000	0.0000	0.0057	0.0082	0.0004	0.0115	0.0146	0.0000	0.0005	0.0004	0.0006
53	58	0.1156	7	0	1	0	0	0	0	0	0	N	N	N	N	N	N	N	N	N	N	N	N	0.3133	0.0364	1.9203	0.0000	0.0000	0.0000	0.3164	0.0104	1.7614	0.0030	0.0003	0.0206	0.0000	0.0000	0.0000	0.0032	0.0003	0.0213	0.0095	0.0088	0.0107	0.0078	0.0094	0.0002	0.0101	0.0333	0.0121	9.7500	0.7721	0.0002	-0.0002	3.0001	6.4383	3.0003	5.2340	0.0004	0.0000	0.0004	0.0000	0.0000	0.0000	0.0004	0.0000	0.0004	0.0010	0.0006	0.0004	0.0002	0.0002	0.0000	0.0008	0.0004	0.0004	0.1439	0.1250	0.0190	0.0097	0.0090	0.0007	0.1343	0.1159	0.0183	0.1037	0.0634	0.0402	0.0256	0.0210	0.0047	0.0781	0.0425	0.0356	0.3133	0.0364	1.9203	0.0000	0.0000	0.0000	0.3164	0.0407	1.7614	0.0095	0.0088	0.0107	0.0078	0.0094	0.0002	0.0101	0.0085	0.0121
53	59	0.1074	6	0	1	0	0	0	0	0	0	N	N	N	N	N	N	N	N	N	N	N	N	0.0000	0.0000	0.0000	0.0000	0.0000	0.0000	0.0000	0.0000	0.0000	0.0000	0.0000	0.0000	0.0000	0.0000	0.0000	0.0000	0.0000	0.0000	0.0012	0.0019	0.0000	0.0049	0.0060	0.0001	0.0000	0.0000	0.0000	0.0040	0.0000	-0.0000	3.0001	3.9043	3.0003	0.3762	0.0000	0.0000	0.0000	0.0000	0.0000	0.0000	0.0000	0.0000	0.0000	0.0000	0.0000	0.0000	0.0000	0.0000	0.0000	0.0000	0.0000	0.0000	0.1254	0.1103	0.0151	0.0350	0.0317	0.0032	0.0904	0.0785	0.0119	0.0389	0.0236	0.0154	0.0093	0.0076	0.0017	0.0296	0.0159	0.0137	0.0000	0.0000	0.0000	0.0000	0.0000	0.0000	0.0000	0.0000	0.0000	0.0012	0.0019	0.0000	0.0049	0.0060	0.0001	0.0000	0.0000	0.0000	
53	60	0.1074	5	0	1	0	0	0	0	0	0	N	N	N	N	N	N	N	N	N	N	N	N	0.0000	0.0000	0.0000	0.0000	0.0000	0.0000	0.0000	0.0000	0.0000	0.0000	0.0000	0.0000	0.0000	0.0000	0.0000	0.0000	0.0000	0.0021	0.0016	0.0031	0.0036	0.0042	0.0002	0.0015	0.0000	0.0035	1.0000	0.0000	-0.0000	3.0001	1.5036	3.0003	0.1987	0.0000	0.0000	0.0000	0.0000	0.0000	0.0000	0.0000	0.0000	0.0000	0.0000	0.0000	0.0000	0.0000	0.0000	0.0000	0.0000	0.0000	0.0000	0.0720	0.0641	0.0079	0.0319	0.0290	0.0030	0.0401	0.0351	0.0049	0.0191	0.0126	0.0066	0.0056	0.0048	0.0008	0.0135	0.0077	0.0058	0.0000	0.0000	0.0000	0.0000	0.0000	0.0000	0.0000	0.0000	0.0000	0.0021	0.0016	0.0031	0.0036	0.0042	0.0002	0.0015	0.0000	0.0035		
53	61	0.1013	4	0	1	0	0	0	0	0	0	N	N	N	N	N	N	N	N	N	N	N	N	0.0012	0.0000	0.0034	0.0222	0.0000	0.4708	0.0009	0.0027	0.0000	0.0000	0.0000	0.0000	0.0000	0.0000	0.0000	0.0000	0.0000	0.0004	0.0000	0.0013	0.0000	0.0000	0.0000	0.0006	0.0000	0.0014	inf	97.2536	0.0000	0.0000	3.0001	2.7181	3.0003	1.0102	0.0000	0.0000	0.0000	0.0000	0.0000	0.0000	0.0000	0.0000	0.0000	0.0000	0.0000	0.0000	0.0000	0.0000	0.0000	0.0000	0.0000	0.0000	0.0775	0.0685	0.0090	0.0184	0.0177	0.0006	0.0591	0.0508	0.0083	0.0490	0.0331	0.0159	0.0155	0.0138	0.0018	0.0335	0.0193	0.0141	0.0012	0.0000	0.0034	0.0222	0.0000	0.4708	0.0009	0.0000	0.0027	0.0004	0.0000	0.0013	0.0000	0.0000	0.0000	0.0006	0.0000	0.0014	
53	62	0.0818	3	0	1	0	0	0	0	0	0	N	N	N	N	N	N	N	N	N	N	N	N	0.4105	0.2719	0.2195	0.2038	0.0000	0.0000	0.0000	0.0000	0.0000	0.0000	0.0000	0.0000	0.0000	0.0000	0.0000	0.0000	0.0000	0.0000	0.0000	0.0000	0.0000	0.0000	0.0000	0.0000	-0.0000	-0.0000	3.0001	1.4525	3.0003	6.3634	0.0000	0.0000	0.0000	0.0000	0.0000	0.0000	0.0000	0.0000	0.0000	0.0000	0.0000	0.0000	0.0000	0.0000	0.0000	0.0000	0.0000	0.0000	0.0469	0.0420	0.0049	0.0151	0.0147	0.0005	0.0318	0.0273	0.0044	0.0767	0.0455	0.0312	0.0132	0.0119	0.0013	0.0634	0.0336	0.0299	0.4105	0.2719	0.0000	0.2195	0.2038	0.0000	0.0000	0.0000	0.0000	0.0000	0.0000	0.0000	0.0000	0.0000	0.0000	0.0000	0.0000	0.0000					
53	63	0.1612	6	1	2	0	1	0	0	0	0	N	Y	N	N	N	N	N	N	N	N	N	N	0.0000	0.0000	0.0000	0.0000	0.0000	0.0000	0.0000	0.0000	0.0000	0.0000	0.0000	0.0000	0.0000	0.0000	0.0000	0.0000	0.0000	0.0000	0.0000	0.0000	3.0001	2.0000	3.0003	2.0002	0.0000	0.0000	0.0000	0.0000	0.0000	0.0000	0.0000	0.0000	0.0000	0.0000	0.0000	0.0000	0.0000	0.0000	0.0000	0.0000	0.0000	0.0000	0.0444	0.0386	0.0058	0.0058	0.0054	0.0004	0.0386	0.0333	0.0053	0.0303	0.0166	0.0137	0.0042	0.0034	0.0009	0.0261	0.0132	0.0128	0.0000	0.0000	0.0000	0.0000	0.0000	0.0000	0.0000	0.0000	0.0000	0.0000	0.0000	0.0000	0.0000	0.0000	0.0000	0.0000	0.0000	0.0000											
53	64	0.1769	10	0	2	0	1	0	0	0	0	N	Y	N	N	N	N	N	N	N	N	N	N	0.0000	0.0000	0.0000	0.0000	0.0000	0.0000	0.0000	0.0000	0.0000	0.0000	0.0000	0.0000	0.0000	0.0000	0.0000	0.0000	0.0000	0.0000	0.0000	0.0000	0.0000	0.0000	inf	0.0000	0.0000	3.0001	2.0059	3.0003	4.8036	0.0000	0.0000	0.0000	0.0000	0.0000	0.0000	0.0000	0.0000	0.0000	0.0000	0.0000	0.0000	0.0000	0.0000	0.0000	0.0000	0.0000	0.0000	0.0450	0.0392	0.0058	0.0067	0.0062	0.0005	0.0383	0.0330	0.0053	0.0513	0.0289	0.0224	0.0087	0.0072	0.0015	0.0426	0.0217	0.0209	0.0000	0.0000	0.0000	0.0000	0.0000	0.0000	0.0000	0.0000	0.0000	0.0000	0.0000	0.0000	0.0000	0.0000	0.0000	0.0000	0.0000	0.0000						
53	65	0.1741	8	0	2	0	0	0	0	0	0	N	Y	N	N	N	N	N	N	N	N	N	N	0.0000	0.0000	0.0000	0.0000	0.0000	0.0000	0.0000	0.0000	0.0000	0.0000	0.0000	0.0000	0.0000	0.0000	0.0000	0.0000	0.0000	0.0000	0.0000	0.0000	0.0000	0.0000	0.0000	0.0000	inf	0.0000	0.0000	3.0001	0.9804	3.0003	0.2754	0.0000	0.0000	0.0000	0.0000	0.0000	0.0000	0.0000	0.0000	0.0000	0.0000	0.0000	0.0000	0.0000	0.0000	0.0000	0.0000	0.0000	0.0000	0.0232	0.0203	0.0029	0.0036	0.0034	0.0002	0.0197	0.0170	0.0027	0.0109	0.0060	0.0049	0.0020	0.0018	0.0003	0.0088	0.0043	0.0046	0.0000	0.0000	0.0000	0.0000	0.0000	0.0000	0.0000	0.0000	0.0000	0.0000	0.0000	0.0000	0.0000	0.0000	0.0000	0.0000	0.0000	0.0000				
53	66	0.1719	9	0	1	1	1	0	0	0	0	N	N	N	N	N	N	N	N	N	N	N	N	0.0000	0.0000	0.0000	0.0000	0.0000	0.0000	0.0000	0.0000	0.0000	0.0000	0.0000	0.0000	0.0000	0.0000	0.0000	0.0000	0.0000	0.0000	0.0000	0.0000	0.0000	0.0000	inf	0.0000	0.0000	3.0001	0.9437	3.0003	4.8091	0.0000	0.0000	0.0000	0.0000	0.0000	0.0000	0.0000	0.0000	0.0000	0.0000	0.0000	0.0000	0.0000	0.0000	0.0000	0.0000	0.0000	0.0000	0.0294	0.0256	0.0039	0.0078	0.0074	0.0005	0.0216	0.0182	0.0034	0.0448	0.0254	0.0194	0.0077	0.0065	0.0013	0.0371	0.0189	0.0182	0.0000	0.0000	0.0000	0.0000	0.0000	0.0000	0.0000	0.0000	0.0000	0.0000	0.0000	0.0000	0.0000	0.0000	0.0000	0.0000	0.0000	0.0000						
53	67	0.1649	8	0	1	1	1	0	0	0	0	N	N	N	N	N	N	N	N	N	N	N	N	0.0000	0.0000	0.0000	0.0000	0.0000	0.0000	0.0000	0.0000	0.0000	0.0000	0.0000	0.0000	0.0000	0.0000	0.0000	0.0000	0.0000	0.0000	0.0000	0.0000	0.0000	0.0000	inf	0.0000	0.0000	3.0001	4.0088	3.0003	5.0246	0.0000	0.0000	0.0000	0.0000	0.0000	0.0000	0.0000	0.0000	0.0000	0.0000	0.0000	0.0000	0.0000	0.0000	0.0000	0.0000	0.0000	0.0000	0.0882	0.0767	0.0115	0.0117	0.0108	0.0009	0.0765	0.0659	0.0106	0.0677	0.0374	0.0303	0.0099	0.0080	0.0019	0.0578	0.0294	0.0284	0.0000	0.0000	0.0000	0.0000	0.0000	0.0000	0.0000	0.0000	0.0000	0.0000	0.0000	0.0000	0.0000	0.0000	0.0000	0.0000	0.0000	0.0000						
53	68	0.1769	10	0	1	1	1	0	0	0	0	N	N	N	N	N	N	N	N	N	N	N	N	0.0000	0.0000	0.0000	0.0000	0.0000	0.0000	0.0000	0.0000	0.0000	0.0000	0.0000	0.0000	0.0000	0.0000	0.0000	0.0000	0.0000	0.0000	0.0000	0.0000	0.0000	0.0000	inf	0.0000	0.0000	3.0001	1.0064	3.0003	4.2000	0.0000	0.0000	0.0000	0.0000	0.0000	0.0000	0.0000	0.0000	0.0000	0.0000	0.0000	0.0000	0.0000	0.0000	0.0000	0.0000	0.0000	0.0000	0.0228	0.0199	0.0030	0.0034	0.0032	0.0003	0.0194	0.0167	0.0027	0.0400	0.0226	0.0173	0.0069	0.0058	0.0012	0.0330	0.0168	0.0162	0.0000	0.0000	0.0000	0.0000	0.0000	0.0000	0.0000	0.0000	0.0000	0.0000	0.0000	0.0000	0.0000	0.0000	0.0000	0.0000	0.0000	0.0000						
53	69	0.1719	9	0	1	0	1	0	0	0	0	N	N	N	N	N	N	N	N	N	N	N	N	0.0000	0.0000	0.0000	0.0000	0.0000	0.0000	0.0000	0.0000	0.0000	0.0000	0.0000	0.0000	0.0000	0.0000	0.0000	0.0000	0.0000	0.0000	0.0000	0.0000	0.0000	0.0000	0.0000	0.0000	0.0000	0.3194	0.0000	-0.0000	3.0001	1.2889	3.0003	0.3511	0.0000	0.0000	0.0000	0.0000	0.0000	0.0000	0.0000	0.0000	0.0000	0.0000	0.0000	0.0000	0.0000	0.0000	0.0000	0.0000	0.0000	0.0000	0.0371	0.0322	0.0048	0.0089	0.0083	0.0005	0.0282	0.0239	0.0043	0.0146	0.0086	0.0060	0.0030	0.0027	0.0004	0.0116	0.0060	0.0056	0.0000	0.0000	0.0000	0.0000	0.0000	0.0000	0.0000	0.0000	0.0000	0.0000	0.0000	0.0000	0.0000	0.0000	0.0000	0.0000	0.0000	0.0000			
53	70	0.1649	8	0	1	0	1	0	0	0	0	N	N	N	N	N	N	N	N	N	N	N	N	0.0000	0.0000	0.0000	0.0000	0.0000	0.0000	0.0000	0.0000	0.0000	0.0000	0.0000	0.0000	0.0000	0.0000	0.0000	0.0000	0.0000	0.0000	0.0000	0.0000	0.0000	0.0000	0.0000	0.0000	0.0000	1.0000	0.0000	-0.0000	3.0001	0.7777	3.0003	1.1718	0.0000	0.0000	0.0000	0.0000	0.0000	0.0000	0.0000	0.0000	0.0000	0.0000	0.0000	0.0000	0.0000	0.0000	0.0000	0.0000	0.0000	0.0000	0.0175	0.0152	0.0023	0.0024	0.0022	0.0002	0.0152	0.0131	0.0021	0.0162	0.0091	0.0070	0.0027	0.0023	0.0004	0.0134	0.0068	0.0066	0.0000	0.0000	0.0000	0.0000	0.0000	0.0000	0.0000	0.0000	0.0000	0.0000	0.0000	0.0000	0.0000	0.0000	0.0000	0.0000	0.0000	0.0000			
53	71	0.1612	7	0	1	0	1	0	0	0	0	N	N	N	N	N	N	N	N	N	N	N	N	0.0000	0.0000	0.0000	0.0000	0.0000	0.0000	0.0000	0.0000	0.0000	0.0000	0.0000	0.0000	0.0000	0.0000	0.0000	0.0000	0.0000	0.0000	0.0000	0.0000	0.0000	0.0000	0.0000	0.0000	-0.0000	3.0001	0.9929	3.0003	0.0325	0.0000	0.0000	0.0000	0.0000	0.0000	0.0000	0.0000	0.0000	0.0000	0.0000	0.0000	0.0000	0.0000	0.0000	0.0000	0.0000	0.0000	0.0000	0.0222	0.0193	0.0029	0.0029	0.0027	0.0002	0.0193	0.0166	0.0027	0.0079	0.0043	0.0036	0.0011	0.0009	0.0002	0.0068	0.0034	0.0034	0.0000	0.0000	0.0000	0.0000	0.0000	0.0000	0.0000	0.0000	0.0000	0.0000	0.0000	0.0000	0.0000	0.0000	0.0000	0.0000	0.0000	0.0000						
53	72	0.2063	6	1	2	0	0	0	0	0	0	N	Y	N	N	N	N	N	N	N	N	N	N	0.0000	0.0000	0.0000	0.0000	0.0000	0.0000	0.0000	0.0000	0.0000	0.0000	0.0000	0.0000	0.0000	0.0000	0.0000	0.0000	0.0000	0.0000	0.0000	0.0000	3.0001	0.0000	3.0003	0.0001	0.0000	0.0000	0.0000	0.0000	0.0000	0.0000	0.0000	0.0000	0.0000	0.0000	0.0000	0.0000	0.0000	0.0000	0.0000	0.0000	0.0000	0.0000	0.0000	0.0000	0.0000	0.0000	0.0000	0.0000	0.0000	0.0000	0.0000	0.0000	0.0000	0.0000	0.0000	0.0000	0.0000	0.0000	0.0000	0.0000	0.0000	0.0000	0.0000	0.0000	0.0000	0.0000	0.0000	0.0000	0.0000	0.0000	0.0000	0.0000	0.0000	0.0000	0.0000	0.0000	0.0000	0.0000											
53	73	0.1431	5	1	2	0	0	0	0	0	0	N	Y	N	N	N	N	N	N	N	N	N	N	0.0000	0.0000	0.0000	0.0000	0.0000	0.0000	0.0000	0.0000	0.0000	0.0000	0.0000	0.0000	0.0000	0.0000	0.0000	0.0000	0.0000	0.0000	0.0000	0.0000	0.0000	0.0000	0.0000	0.0000	inf	0.0000	0.0000	3.0001	9.9619	3.0003	7.0378	0.0000	0.0000	0.0000	0.0000	0.0000	0.0000	0.0000	0.0000	0.0000	0.0000	0.0000	0.0000	0.0000	0.0000	0.0000	0.0000	0.0000	0.0000	0.2161	0.1882	0.0279	0.0258	0.0239	0.0020	0.1902	0.1643	0.0259	0.1230	0.0674	0.0555	0.0159	0.0127	0.0032	0.1071	0.0547	0.0524	0.0000	0.0000	0.0000	0.0000	0.0000	0.0000	0.0000	0.0000	0.0000	0.0000	0.0000	0.0000	0.0000	0.0000	0.0000	0.0000	0.0000	0.0000				
53	74	0.1549	5	0	2	0	0	0	0	0	0	N	Y	N	N	N	N	N	N	N	N	N	N	17975.8191	0.0000	18460938.6480	0.0000	0.0000	0.0000	5522788.2881	20380471.6867	5.3418	0.0000	43.3303	0.0000	0.0000	0.0000	6.6964	0.0000	48.3502	0.0003	0.0005	0.0000	0.0018	0.0022	0.0000	0.0000	0.0000	0.0000	inf	0.0036	0.6334	-0.0000	3.0001	7.0442	3.0003	2.0273	0.9955	0.0000	0.9955	0.0000	0.0000	0.0000	0.9955	0.0000	0.9955	0.0000	0.0000	0.0000	0.0000	0.0000	0.0000	0.0000	0.0000	0.0000	0.1864	0.1634	0.0230	0.0377	0.0353	0.0024	0.1487	0.1281	0.0206	0.0675	0.0368	0.0308	0.0109	0.0091	0.0018	0.0567	0.0277	0.0290	17975.8191	0.0000	18460938.6480	0.0000	0.0000	0.0000	5522788.2881	0.0000	20380471.6867	0.0003	0.0005	0.0000	0.0018	0.0022	0.0000	0.0000	0.0000	0.0000	
53	75	0.1310	4	0	2	0	0	0	0	0	0	N	Y	N	N	N	N	N	N	N	N	N	N	72.9985	0.3018	806.1898	0.7300	0.6195	0.0000	114.8572	0.0000	811.7960	0.0382	0.0002	0.3133	0.0009	0.0010	0.0000	0.0463	0.0000	0.3343	0.0005	0.0006	0.0004	0.0013	0.0016	0.0000	0.0004	0.0004	0.0004	226.5148	0.5010	0.0029	-0.0000	3.0001	4.3369	3.0003	3.0972	0.0045	0.0000	0.0045	0.0000	0.0000	0.0000	0.0045	0.0000	0.0045	0.0000	0.0000	0.0000	0.0000	0.0000	0.0000	0.0000	0.0000	0.0000	0.1186	0.1042	0.0144	0.0211	0.0202	0.0009	0.0975	0.0840	0.0135	0.0576	0.0317	0.0259	0.0078	0.0063	0.0015	0.0498	0.0254	0.0244	72.9985	0.3018	806.1898	0.7300	0.6195	0.0000	114.8572	0.0000	811.7960	0.0005	0.0006	0.0004	0.0013	0.0016	0.0000	0.0004	0.0004	0.0004
53	76	0.2182	9	1	2	0	0	0	0	0	0	N	Y	N	N	N	N	N	N	N	N	N	N	0.0000	0.0000	0.0000	0.0000	0.0000	0.0000	0.0000	0.0000	0.0000	0.0000	0.0000	0.0000	0.0000	0.0000	0.0000	0.0000	0.0000	0.0000	0.0000	0.0000	0.0000	0.0000	inf	0.0000	0.0000	3.0001	1.9992	3.0003	0.0055	0.0000	0.0000	0.0000	0.0000	0.0000	0.0000	0.0000	0.0000	0.0000	0.0000	0.0000	0.0000	0.0000	0.0000	0.0000	0.0000	0.0000	0.0000	0.0592	0.0519	0.0073	0.0092	0.0086	0.0006	0.0500	0.0432	0.0067	0.0199	0.0107	0.0092	0.0034	0.0027	0.0007	0.0165	0.0080	0.0085	0.0000	0.0000	0.0000	0.0000	0.0000	0.0000	0.0000	0.0000	0.0000	0.0000	0.0000	0.0000	0.0000	0.0000	0.0000	0.0000	0.0000	0.0000						
53	77	0.1741	8	1	2	0	0	0	0	0	0	N	Y	N	N	N	N	N	N	N	N	N	N	0.0000	0.0000	0.0000	0.0000	0.0000	0.0000	0.0000	0.0000	0.0000	0.0000	0.0000	0.0000	0.0000	0.0000	0.0000	0.0000	0.0000	0.0000	0.0000	0.0000	0.0000	0.0000	0.0000	0.0000	0.0000	1.0000	0.0000	-0.0000	3.0001	5.0219	3.0003	2.0148	0.0000	0.0000	0.0000	0.0000	0.0000	0.0000	0.0000	0.0000	0.0000	0.0000	0.0000	0.0000	0.0000	0.0000	0.0000	0.0000	0.0000	0.0000	0.1109	0.0968	0.0142	0.0151	0.0141	0.0010	0.0958	0.0827	0.0132	0.0536	0.0295	0.0241	0.0083	0.0067	0.0016	0.0454	0.0228	0.0226	0.0000	0.0000	0.0000	0.0000	0.0000	0.0000	0.0000	0.0000	0.0000	0.0000	0.0000	0.0000	0.0000	0.0000	0.0000	0.0000	0.0000	0.0000			
53	78	0.1612	7	0	2	0	0	0	0	0	0	N	Y	N	N	N	N	N	N	N	N	N	N	0.0000	0.0000	0.0000	0.0000	0.0000	0.0000	0.0000	0.0000	0.0000	0.0000	0.0000	0.0000	0.0000	0.0000	0.0000	0.0000	0.0000	0.0000	0.0000	0.0000	0.0000	0.0000	0.0000	0.0000	-0.0000	3.0001	1.0203	3.0003	2.7327	0.0000	0.0000	0.0000	0.0000	0.0000	0.0000	0.0000	0.0000	0.0000	0.0000	0.0000	0.0000	0.0000	0.0000	0.0000	0.0000	0.0000	0.0000	0.0228	0.0198	0.0030	0.0030	0.0028	0.0002	0.0198	0.0171	0.0027	0.0285	0.0156	0.0129	0.0040	0.0032	0.0008	0.0245	0.0124	0.0121	0.0000	0.0000	0.0000	0.0000	0.0000	0.0000	0.0000	0.0000	0.0000	0.0000	0.0000	0.0000	0.0000	0.0000	0.0000	0.0000	0.0000	0.0000						
53	79	0.1612	6	0	1	0	0	0	0	0	0	N	N	N	N	N	N	N	N	N	N	N	N	0.0000	0.0000	0.0000	0.0000	0.0000	0.0000	0.0000	0.0000	0.0000	0.0000	0.0000	0.0000	0.0000	0.0000	0.0000	0.0000	0.0000	0.0000	0.0000	0.0000	3.0001	0.0000	3.0003	0.0018	0.0000	0.0000	0.0000	0.0000	0.0000	0.0000	0.0000	0.0000	0.0000	0.0000	0.0000	0.0000	0.0000	0.0000	0.0000	0.0000	0.0000	0.0000	0.0000	0.0000	0.0000	0.0000	0.0000	0.0000	0.0000	0.0000	0.0000	0.0000	0.0000	0.0000	0.0000	0.0000	0.0000	0.0000	0.0000	0.0000	0.0000	0.0000	0.0000	0.0000	0.0000	0.0000	0.0000	0.0000	0.0000	0.0000	0.0000	0.0000	0.0000	0.0000	0.0000	0.0000	0.0000	0.0000											
53	80	0.1431	5	0	1	0	0	0	0	0	0	N	N	N	N	N	N	N	N	N	N	N	N	0.0000	0.0000	0.0000	0.0000	0.0000	0.0000	0.0000	0.0000	0.0000	0.0000	0.0000	0.0000	0.0000	0.0000	0.0000	0.0000	0.0000	0.0000	0.0000	0.0000	0.0000	0.0000	0.0000	0.0000	inf	0.0000	0.0000	3.0001	3.0825	3.0003	2.0124	0.0000	0.0000	0.0000	0.0000	0.0000	0.0000	0.0000	0.0000	0.0000	0.0000	0.0000	0.0000	0.0000	0.0000	0.0000	0.0000	0.0000	0.0000	0.0718	0.0626	0.0092	0.0096	0.0089	0.0007	0.0622	0.0536	0.0086	0.0397	0.0218	0.0179	0.0054	0.0044	0.0010	0.0343	0.0174	0.0169	0.0000	0.0000	0.0000	0.0000	0.0000	0.0000	0.0000	0.0000	0.0000	0.0000	0.0000	0.0000	0.0000	0.0000	0.0000	0.0000	0.0000	0.0000				
53	81	0.1310	4	0	1	0	0	0	0	0	0	N	N	N	N	N	N	N	N	N	N	N	N	0.5729	0.3632	0.0000	0.4378	0.3757	0.0000	0.0000	0.0000	0.0002	0.0002	0.0000	0.0010	0.0011	0.0000	0.0000	0.0000	0.0000	0.0003	0.0006	0.0000	0.0023	0.0028	0.0000	0.0000	0.0000	0.0000	0.0000	0.0056	-0.0000	-0.0000	3.0001	3.6751	3.0003	0.0788	0.0000	0.0000	0.0000	0.0000	0.0000	0.0000	0.0000	0.0000	0.0000	0.0000	0.0000	0.0000	0.0000	0.0000	0.0000	0.0000	0.0000	0.0000	0.1043	0.0918	0.0125	0.0197	0.0190	0.0008	0.0846	0.0729	0.0117	0.0302	0.0168	0.0135	0.0043	0.0036	0.0008	0.0259	0.0132	0.0127	0.5729	0.3632	0.0000	0.4378	0.3757	0.0000	0.0000	0.0000	0.0000	0.0003	0.0006	0.0000	0.0023	0.0028	0.0000	0.0000	0.0000	0.0000	
53	82	0.0818	3	0	1	0	0	0	0	0	0	N	N	N	N	N	N	N	N	N	N	N	N	1.1902	0.0000	inf	0.0000	0.0000	1.1531	0.0000	inf	0.0001	0.0000	0.0008	0.0000	0.0000	0.0000	0.0001	0.0000	0.0008	0.0001	0.0001	0.0000	0.0000	0.0000	0.0000	0.0001	0.0002	0.0000	inf	0.0000	0.0000	-0.0000	3.0001	8.5011	3.0003	5.2406	0.0000	0.0000	0.0000	0.0000	0.0000	0.0000	0.0000	0.0000	0.0000	0.0000	0.0000	0.0000	0.0000	0.0000	0.0000	0.0000	0.0000	0.0000	0.1996	0.1740	0.0255	0.0216	0.0205	0.0011	0.1779	0.1535	0.0244	0.1194	0.0680	0.0515	0.0169	0.0146	0.0023	0.1026	0.0534	0.0492	1.1902	0.0000	inf	0.0000	0.0000	0.0000	1.1531	0.0000	inf	0.0001	0.0001	0.0000	0.0000	0.0000	0.0000	0.0001	0.0002	0.0000	
54	56	0.1486	8	0	1	0	0	0	0	0	0	N	N	N	N	N	N	N	N	N	N	N	N	0.0000	0.0000	0.0000	0.0000	0.0000	0.0000	0.0000	0.0000	0.0000	0.0000	0.0000	0.0000	0.0000	0.0000	0.0000	0.0000	0.0000	0.0000	0.0001	0.0002	0.0000	0.0001	0.0002	0.0000	0.0001	0.0002	0.0000	0.0020	0.0000	-0.0000	1.9998	5.0156	1.0017	9.5596	0.0000	0.0000	0.0000	0.0000	0.0000	0.0000	0.0000	0.0000	0.0000	0.0000	0.0000	0.0000	0.0000	0.0000	0.0000	0.0000	0.0000	0.0000	0.0756	0.0658	0.0097	0.0089	0.0083	0.0006	0.0667	0.0575	0.0092	0.0655	0.0423	0.0232	0.0251	0.0210	0.0041	0.0404	0.0213	0.0191	0.0000	0.0000	0.0000	0.0000	0.0000	0.0000	0.0000	0.0000	0.0000	0.0001	0.0002	0.0000	0.0001	0.0002	0.0000	0.0001	0.0002	0.0000	
54	57	0.1272	7	0	1	0	0	0	0	0	0	N	N	N	N	N	N	N	N	N	N	N	N	0.0016	0.0014	0.0000	0.0002	0.0000	0.0000	0.0025	0.0018	0.0000	0.0000	0.0000	0.0000	0.0000	0.0000	0.0000	0.0000	0.0000	0.0000	0.0003	0.0004	0.0001	0.0003	0.0004	0.0002	0.0002	0.0004	0.0000	0.0194	0.0784	-0.0000	-0.0000	1.9998	5.2776	1.0017	4.9316	0.0000	0.0000	0.0000	0.0000	0.0000	0.0000	0.0000	0.0000	0.0000	0.0000	0.0000	0.0000	0.0000	0.0000	0.0000	0.0000	0.0000	0.0000	0.1029	0.0898	0.0132	0.0223	0.0209	0.0013	0.0807	0.0688	0.0118	0.0753	0.0512	0.0241	0.0355	0.0280	0.0075	0.0397	0.0232	0.0166	0.0016	0.0014	0.0000	0.0002	0.0000	0.0000	0.0025	0.0018	0.0000	0.0003	0.0004	0.0001	0.0003	0.0004	0.0002	0.0002	0.0004	0.0000
54	58	0.0992	6	0	0	0	0	0	0	0	0	N	N	N	N	N	N	N	N	N	N	N	N	10.1576	7.2053	0.0000	418.7191	382.1525	0.0000	0.0446	0.0058	0.0000	0.0422	0.0486	0.0000	0.6702	0.7182	0.0000	0.0002	0.0003	0.0000	0.0041	0.0067	0.0001	0.0016	0.0019	0.0003	0.0050	0.0445	0.0000	0.0000	0.0055	-0.0015	-0.0001	1.9998	6.4383	1.0017	5.2340	0.0040	0.0040	0.0000	0.0040	0.0040	0.0000	0.0000	0.0000	0.0000	0.0002	0.0002	0.0000	0.0000	0.0000	0.0000	0.0002	0.0002	0.0000	0.0960	0.0833	0.0127	0.0060	0.0056	0.0004	0.0900	0.0777	0.0123	0.0527	0.0323	0.0205	0.0131	0.0107	0.0024	0.0396	0.0216	0.0181	10.1576	7.2053	0.0000	418.7191	382.1525	0.0000	0.0446	0.0282	0.0000	0.0041	0.0067	0.0001	0.0016	0.0019	0.0003	0.0050	0.0092	0.0000
54	59	0.0910	5	0	0	0	0	0	0	0	0	N	N	N	N	N	N	N	N	N	N	N	N	5580.5878	3967.7469	16.9218	76450.1948	91285.5493	32.8917	0.1153	0.0411	0.0000	8.0206	9.0688	0.0023	41.3151	43.5015	0.0272	0.0002	0.0002	0.0000	0.0014	0.0023	0.0001	0.0005	0.0005	0.0008	0.0017	0.0056	0.0000	0.0000	0.0387	-0.2194	-0.0000	1.9998	3.9043	1.0017	0.3762	0.6033	0.6033	0.0000	0.6033	0.6033	0.0000	0.0000	0.0000	0.0000	0.0000	0.0000	0.0000	0.0000	0.0000	0.0000	0.0000	0.0000	0.0000	0.0752	0.0665	0.0087	0.0146	0.0139	0.0007	0.0606	0.0527	0.0080	0.0198	0.0120	0.0078	0.0048	0.0039	0.0009	0.0150	0.0081	0.0070	5580.5878	3967.7469	16.9218	76450.1948	91285.5493	32.8917	0.1153	0.0724	0.0000	0.0014	0.0023	0.0001	0.0005	0.0005	0.0008	0.0017	0.0032	0.0000
54	60	0.0910	4	0	0	0	0	0	0	0	0	N	N	N	N	N	N	N	N	N	N	N	N	85178.5617	99781.6015	0.0000	104354.2068	140408.8347	0.0000	3.5012	4.7940	0.0000	12.0677	13.3795	0.0000	37.5442	39.2790	0.0000	0.0002	0.0002	0.0000	0.0001	0.0001	0.0002	0.0004	0.0003	0.0009	0.0001	0.0000	0.0001	0.0000	0.6074	-0.1739	-0.0000	1.9998	1.5036	1.0017	0.1987	0.4780	0.4780	0.0000	0.4780	0.4780	0.0000	0.0000	0.0000	0.0000	0.0000	0.0000	0.0000	0.0000	0.0000	0.0000	0.0000	0.0000	0.0000	0.0396	0.0357	0.0039	0.0127	0.0122	0.0006	0.0269	0.0236	0.0033	0.0097	0.0064	0.0033	0.0029	0.0025	0.0004	0.0069	0.0039	0.0029	85178.5617	99781.6015	0.0000	104354.2068	140408.8347	0.0000	3.5012	4.7940	0.0000	0.0001	0.0001	0.0002	0.0004	0.0003	0.0009	0.0001	0.0000	0.0001
54	61	0.0848	3	0	0	0	0	0	0	0	0	N	N	N	N	N	N	N	N	N	N	N	N	720047.6934	300812.3183	2993222.4378	391144.2172	749899.6399	139.9162	1703189.0836	14.1508	14128515.6251	27.1392	8.7301	167.0291	33.9715	35.0396	0.0562	25.1315	0.0002	177.6158	0.0000	0.0000	0.0001	0.0001	0.0000	0.0004	0.0000	0.0000	0.0000	2.5178	0.9203	0.4905	-0.0000	1.9998	2.7181	1.0017	1.0102	1.3937	0.3962	0.9975	0.3962	0.3962	0.0000	0.9975	0.0000	0.9975	0.0000	0.0000	0.0000	0.0000	0.0000	0.0000	0.0000	0.0000	0.0000	0.0514	0.0454	0.0060	0.0117	0.0113	0.0004	0.0397	0.0341	0.0056	0.0250	0.0169	0.0081	0.0080	0.0071	0.0009	0.0171	0.0099	0.0072	720047.6934	300812.3183	2993222.4378	391144.2172	749899.6399	139.9162	1703189.0836	14.1508	14128515.6251	0.0000	0.0000	0.0001	0.0001	0.0000	0.0004	0.0000	0.0000	0.0000
54	62	0.0654	2	0	0	0	0	0	0	0	0	N	N	N	N	N	N	N	N	N	N	N	N	33010.3289	29535.7458	93414.9316	31017.3202	35453.0558	0.0000	25064.9054	503.6342	111002.0323	0.1965	0.1296	0.7691	0.3644	0.3755	0.0000	0.1187	0.0011	0.8450	0.0000	0.0000	0.0000	0.0000	0.0000	0.0000	0.0000	0.0000	0.0000	0.6937	1.2884	0.0003	-0.0000	1.9998	1.4525	1.0017	6.3634	0.0061	0.0036	0.0025	0.0036	0.0036	0.0000	0.0025	0.0000	0.0025	0.0000	0.0000	0.0000	0.0000	0.0000	0.0000	0.0000	0.0000	0.0000	0.0312	0.0279	0.0033	0.0099	0.0096	0.0003	0.0213	0.0183	0.0030	0.0391	0.0232	0.0159	0.0068	0.0061	0.0007	0.0323	0.0171	0.0152	33010.3289	29535.7458	93414.9316	31017.3202	35453.0558	0.0000	25064.9054	503.6342	111002.0323	0.0000	0.0000	0.0000	0.0000	0.0000	0.0000	0.0000	0.0000	0.0000
54	63	0.1448	5	1	1	0	1	0	0	0	0	N	N	N	N	N	N	N	N	N	N	N	N	0.0000	0.0000	0.0000	0.0000	0.0000	0.0000	0.0000	0.0000	0.0000	0.0000	0.0000	0.0000	0.0000	0.0000	0.0000	0.0000	0.0000	0.0000	0.0000	0.0000	0.0000	0.0000	inf	0.0000	0.0000	1.9998	2.0000	1.0017	2.0002	0.0000	0.0000	0.0000	0.0000	0.0000	0.0000	0.0000	0.0000	0.0000	0.0000	0.0000	0.0000	0.0000	0.0000	0.0000	0.0000	0.0000	0.0000	0.0297	0.0258	0.0039	0.0038	0.0035	0.0003	0.0259	0.0223	0.0036	0.0154	0.0084	0.0070	0.0022	0.0017	0.0004	0.0133	0.0067	0.0065	0.0000	0.0000	0.0000	0.0000	0.0000	0.0000	0.0000	0.0000	0.0000	0.0000	0.0000	0.0000	0.0000	0.0000	0.0000	0.0000	0.0000	0.0000						
54	64	0.1605	9	0	1	0	1	0	0	0	0	N	N	N	N	N	N	N	N	N	N	N	N	0.0000	0.0000	0.0000	0.0000	0.0000	0.0000	0.0000	0.0000	0.0000	0.0000	0.0000	0.0000	0.0000	0.0000	0.0000	0.0004	0.0000	0.0009	0.0022	0.0000	0.0130	0.0000	0.0000	0.0000	632.3382	0.0000	0.0000	1.9998	2.0059	1.0017	4.8036	0.0000	0.0000	0.0000	0.0000	0.0000	0.0000	0.0000	0.0000	0.0000	0.0000	0.0000	0.0000	0.0000	0.0000	0.0000	0.0000	0.0000	0.0000	0.0301	0.0261	0.0039	0.0043	0.0040	0.0003	0.0257	0.0221	0.0036	0.0261	0.0147	0.0114	0.0044	0.0037	0.0008	0.0216	0.0110	0.0106	0.0000	0.0000	0.0000	0.0000	0.0000	0.0000	0.0000	0.0000	0.0000	0.0004	0.0000	0.0009	0.0022	0.0000	0.0130	0.0000	0.0000	0.0000				
54	65	0.1577	7	0	1	0	0	0	0	0	0	N	N	N	N	N	N	N	N	N	N	N	N	0.0000	0.0000	0.0000	0.0000	0.0000	0.0000	0.0000	0.0000	0.0000	0.0000	0.0000	0.0000	0.0000	0.0000	0.0001	0.0000	0.0002	0.0002	0.0000	0.0000	0.0000	0.0000	0.0049	0.0000	-0.0000	1.9998	0.9804	1.0017	0.2754	0.0000	0.0000	0.0000	0.0000	0.0000	0.0000	0.0000	0.0000	0.0000	0.0000	0.0000	0.0000	0.0000	0.0000	0.0000	0.0000	0.0000	0.0000	0.0155	0.0136	0.0019	0.0023	0.0022	0.0001	0.0132	0.0114	0.0018	0.0055	0.0030	0.0025	0.0010	0.0009	0.0002	0.0045	0.0022	0.0023	0.0000	0.0000	0.0000	0.0000	0.0000	0.0000	0.0000	0.0000	0.0000	0.0000	0.0001	0.0000	0.0002	0.0002	0.0000	0.0000	0.0000	0.0000						
54	66	0.1555	8	0	0	1	1	0	0	0	0	N	N	N	N	N	N	N	N	N	N	N	N	0.0000	0.0000	0.0000	0.0000	0.0000	0.0000	0.0000	0.0000	0.0000	0.0000	0.0000	0.0000	0.0000	0.0000	0.0000	0.0000	0.0000	0.0000	0.0000	0.0000	0.0000	0.0000	0.0026	0.0000	-0.0000	1.9998	0.9437	1.0017	4.8091	0.0000	0.0000	0.0000	0.0000	0.0000	0.0000	0.0000	0.0000	0.0000	0.0000	0.0000	0.0000	0.0000	0.0000	0.0000	0.0000	0.0000	0.0000	0.0197	0.0171	0.0026	0.0052	0.0049	0.0003	0.0145	0.0122	0.0023	0.0228	0.0129	0.0099	0.0039	0.0033	0.0007	0.0189	0.0096	0.0093	0.0000	0.0000	0.0000	0.0000	0.0000	0.0000	0.0000	0.0000	0.0000	0.0000	0.0000	0.0000	0.0000	0.0000	0.0000	0.0000	0.0000	0.0000						
54	67	0.1485	7	0	0	1	1	0	0	0	0	N	N	N	N	N	N	N	N	N	N	N	N	0.0000	0.0000	0.0000	0.0000	0.0000	0.0000	0.0000	0.0000	0.0000	0.0000	0.0000	0.0000	0.0000	0.0000	0.0000	0.0000	0.0000	0.0000	0.0001	0.0000	0.0003	0.0000	0.0000	0.0000	117.2186	0.0000	0.0000	1.9998	4.0088	1.0017	5.0246	0.0000	0.0000	0.0000	0.0000	0.0000	0.0000	0.0000	0.0000	0.0000	0.0000	0.0000	0.0000	0.0000	0.0000	0.0000	0.0000	0.0000	0.0000	0.0589	0.0512	0.0077	0.0076	0.0070	0.0006	0.0513	0.0442	0.0071	0.0344	0.0190	0.0154	0.0050	0.0041	0.0010	0.0294	0.0149	0.0145	0.0000	0.0000	0.0000	0.0000	0.0000	0.0000	0.0000	0.0000	0.0000	0.0000	0.0000	0.0000	0.0001	0.0000	0.0003	0.0000	0.0000	0.0000				
54	68	0.1605	9	0	0	1	1	0	0	0	0	N	N	N	N	N	N	N	N	N	N	N	N	0.0000	0.0000	0.0000	0.0000	0.0000	0.0000	0.0000	0.0000	0.0000	0.0000	0.0000	0.0000	0.0000	0.0000	0.0000	0.0000	0.0000	0.0000	0.0000	0.0000	0.0000	0.0000	0.0268	0.0000	-0.0000	1.9998	1.0064	1.0017	4.2000	0.0000	0.0000	0.0000	0.0000	0.0000	0.0000	0.0000	0.0000	0.0000	0.0000	0.0000	0.0000	0.0000	0.0000	0.0000	0.0000	0.0000	0.0000	0.0153	0.0133	0.0020	0.0022	0.0021	0.0002	0.0130	0.0112	0.0018	0.0203	0.0115	0.0088	0.0035	0.0029	0.0006	0.0168	0.0085	0.0082	0.0000	0.0000	0.0000	0.0000	0.0000	0.0000	0.0000	0.0000	0.0000	0.0000	0.0000	0.0000	0.0000	0.0000	0.0000	0.0000	0.0000	0.0000						
54	69	0.1555	8	0	0	0	1	0	0	0	0	N	N	N	N	N	N	N	N	N	N	N	N	0.0000	0.0000	0.0000	0.0000	0.0000	0.0000	0.0000	0.0000	0.0000	0.0000	0.0000	0.0000	0.0000	0.0000	0.0000	0.0000	0.0000	0.0000	0.0000	0.0000	0.0001	0.0001	0.0001	0.0000	0.0000	0.0000	0.2203	0.0000	-0.0000	1.9998	1.2889	1.0017	0.3511	0.0000	0.0000	0.0000	0.0000	0.0000	0.0000	0.0000	0.0000	0.0000	0.0000	0.0000	0.0000	0.0000	0.0000	0.0000	0.0000	0.0000	0.0000	0.0248	0.0215	0.0033	0.0059	0.0055	0.0004	0.0189	0.0160	0.0029	0.0074	0.0044	0.0030	0.0015	0.0013	0.0002	0.0059	0.0030	0.0029	0.0000	0.0000	0.0000	0.0000	0.0000	0.0000	0.0000	0.0000	0.0000	0.0000	0.0000	0.0000	0.0001	0.0001	0.0001	0.0000	0.0000	0.0000		
54	70	0.1485	7	0	0	0	1	0	0	0	0	N	N	N	N	N	N	N	N	N	N	N	N	0.0000	0.0000	0.0000	0.0000	0.0000	0.0000	0.0000	0.0000	0.0000	0.0000	0.0000	0.0000	0.0000	0.0000	0.0000	0.0000	0.0000	0.0012	0.0021	0.0000	0.0069	0.0082	0.0000	0.0000	0.0000	0.0000	0.0006	0.0000	-0.0000	1.9998	0.7777	1.0017	1.1718	0.0000	0.0000	0.0000	0.0000	0.0000	0.0000	0.0000	0.0000	0.0000	0.0000	0.0000	0.0000	0.0000	0.0000	0.0000	0.0000	0.0000	0.0000	0.0117	0.0102	0.0015	0.0015	0.0014	0.0001	0.0102	0.0088	0.0014	0.0082	0.0046	0.0036	0.0014	0.0012	0.0002	0.0068	0.0035	0.0034	0.0000	0.0000	0.0000	0.0000	0.0000	0.0000	0.0000	0.0000	0.0000	0.0012	0.0021	0.0000	0.0069	0.0082	0.0000	0.0000	0.0000	0.0000		
54	71	0.1448	6	0	0	0	1	0	0	0	0	N	N	N	N	N	N	N	N	N	N	N	N	0.0000	0.0000	0.0000	0.0000	0.0000	0.0000	0.0000	0.0000	0.0000	0.0000	0.0000	0.0000	0.0000	0.0000	0.0000	0.0000	0.0000	0.0001	0.0001	0.0000	0.0005	0.0006	0.0000	0.0000	0.0000	0.0000	0.0129	0.0000	-0.0000	1.9998	0.9929	1.0017	0.0325	0.0000	0.0000	0.0000	0.0000	0.0000	0.0000	0.0000	0.0000	0.0000	0.0000	0.0000	0.0000	0.0000	0.0000	0.0000	0.0000	0.0000	0.0000	0.0148	0.0129	0.0019	0.0019	0.0017	0.0001	0.0129	0.0111	0.0018	0.0040	0.0022	0.0018	0.0006	0.0005	0.0001	0.0035	0.0017	0.0017	0.0000	0.0000	0.0000	0.0000	0.0000	0.0000	0.0000	0.0000	0.0000	0.0001	0.0001	0.0000	0.0005	0.0006	0.0000	0.0000	0.0000	0.0000		
54	72	0.1899	5	1	1	0	0	0	0	0	0	N	N	N	N	N	N	N	N	N	N	N	N	0.0000	0.0000	0.0000	0.0000	0.0000	0.0000	0.0000	0.0000	0.0000	0.0000	0.0000	0.0000	0.0000	0.0000	0.0000	0.0000	0.0000	0.0000	0.0000	0.0000	1.9998	0.0000	1.0017	0.0001	0.0000	0.0000	0.0000	0.0000	0.0000	0.0000	0.0000	0.0000	0.0000	0.0000	0.0000	0.0000	0.0000	0.0000	0.0000	0.0000	0.0000	0.0000	0.0000	0.0000	0.0000	0.0000	0.0000	0.0000	0.0000	0.0000	0.0000	0.0000	0.0000	0.0000	0.0000	0.0000	0.0000	0.0000	0.0000	0.0000	0.0000	0.0000	0.0000	0.0000	0.0000	0.0000	0.0000	0.0000	0.0000	0.0000	0.0000	0.0000	0.0000	0.0000	0.0000	0.0000	0.0000	0.0000											
54	73	0.1266	4	1	1	0	0	0	0	0	0	N	N	N	N	N	N	N	N	N	N	N	N	54786.5254	37761.2725	0.0000	67090.6144	58920.7839	14.3553	inf	0.0000	0.0483	0.0554	0.0000	0.4222	0.4568	0.0000	0.0000	0.0000	0.0000	0.0000	0.0000	0.0000	0.0000	0.0000	0.0000	0.0000	0.0000	0.0000	0.0000	0.0954	-0.0025	-0.0000	1.9998	9.9619	1.0017	7.0378	0.0070	0.0070	0.0000	0.0070	0.0070	0.0000	0.0000	0.0000	0.0000	0.0000	0.0000	0.0000	0.0000	0.0000	0.0000	0.0000	0.0000	0.0000	0.1441	0.1255	0.0187	0.0165	0.0152	0.0013	0.1277	0.1102	0.0174	0.0625	0.0343	0.0283	0.0081	0.0065	0.0016	0.0544	0.0278	0.0267	54786.5254	37761.2725	0.0000	67090.6144	58920.7839	0.0000	14.3553	inf	0.0000	0.0000	0.0000	0.0000	0.0000	0.0000	0.0000	0.0000	0.0000	0.0000	
54	74	0.1385	4	0	1	0	0	0	0	0	0	N	N	N	N	N	N	N	N	N	N	N	N	29.7559	22.9120	0.0000	29.2052	27.4174	0.0000	0.0000	0.0000	0.0001	0.0001	0.0000	0.0004	0.0004	0.0000	0.0000	0.0000	0.0000	0.0000	0.0000	0.0000	0.0000	0.0000	0.0000	0.0000	0.0000	0.0000	0.0000	0.2407	-0.0000	-0.0000	1.9998	7.0442	1.0017	2.0273	0.0000	0.0000	0.0000	0.0000	0.0000	0.0000	0.0000	0.0000	0.0000	0.0000	0.0000	0.0000	0.0000	0.0000	0.0000	0.0000	0.0000	0.0000	0.1237	0.1084	0.0153	0.0239	0.0225	0.0015	0.0998	0.0859	0.0138	0.0344	0.0187	0.0157	0.0056	0.0046	0.0009	0.0288	0.0140	0.0147	29.7559	22.9120	0.0000	29.2052	27.4174	0.0000	0.0000	0.0000	0.0000	0.0000	0.0000	0.0000	0.0000	0.0000	0.0000	0.0000	0.0000	0.0000	
54	75	0.1145	3	0	1	0	0	0	0	0	0	N	N	N	N	N	N	N	N	N	N	N	N	7167.0429	13636.9461	0.0000	17595.7754	15615.0217	0.0000	0.0000	0.0000	0.0000	0.0579	0.0659	0.0000	0.3449	0.3584	0.0000	0.0000	0.0000	0.0000	0.0000	0.0000	0.0000	0.0000	0.0000	0.0000	0.0000	0.0000	0.0000	0.0000	2.0390	-0.0017	0.0000	1.9998	4.3369	1.0017	3.0972	0.0045	0.0045	0.0000	0.0045	0.0045	0.0000	0.0000	0.0000	0.0000	0.0000	0.0000	0.0000	0.0000	0.0000	0.0000	0.0000	0.0000	0.0000	0.0786	0.0690	0.0096	0.0132	0.0127	0.0005	0.0654	0.0563	0.0091	0.0293	0.0161	0.0132	0.0040	0.0032	0.0008	0.0253	0.0129	0.0124	7167.0429	13636.9461	0.0000	17595.7754	15615.0217	0.0000	0.0000	0.0000	0.0000	0.0000	0.0000	0.0000	0.0000	0.0000	0.0000	0.0000	0.0000	0.0000
54	76	0.2018	8	1	1	0	0	0	0	0	0	N	N	N	N	N	N	N	N	N	N	N	N	0.0000	0.0000	0.0000	0.0000	0.0000	0.0000	0.0000	0.0000	0.0000	0.0000	0.0000	0.0000	0.0000	0.0000	0.0000	0.0000	0.0000	0.0000	0.0001	0.0000	0.0000	0.0000	0.0000	0.0000	0.0001	57.0440	0.0000	0.0000	1.9998	1.9992	1.0017	0.0055	0.0000	0.0000	0.0000	0.0000	0.0000	0.0000	0.0000	0.0000	0.0000	0.0000	0.0000	0.0000	0.0000	0.0000	0.0000	0.0000	0.0000	0.0000	0.0397	0.0348	0.0049	0.0062	0.0058	0.0004	0.0335	0.0290	0.0045	0.0101	0.0054	0.0047	0.0017	0.0014	0.0004	0.0084	0.0041	0.0043	0.0000	0.0000	0.0000	0.0000	0.0000	0.0000	0.0000	0.0000	0.0000	0.0000	0.0000	0.0001	0.0000	0.0000	0.0000	0.0000	0.0000	0.0001			
54	77	0.1577	7	1	1	0	0	0	0	0	0	N	N	N	N	N	N	N	N	N	N	N	N	0.0000	0.0000	0.0000	0.0000	0.0000	0.0000	0.0000	0.0000	0.0000	0.0000	0.0000	0.0000	0.0000	0.0000	0.0000	0.0000	0.0110	0.0000	0.0243	0.0000	0.0000	0.0000	0.0130	0.0000	0.0260	38749.7232	0.0000	0.0001	1.9998	5.0219	1.0017	2.0148	0.0000	0.0000	0.0000	0.0000	0.0000	0.0000	0.0000	0.0000	0.0000	0.0003	0.0000	0.0003	0.0000	0.0000	0.0000	0.0003	0.0000	0.0003	0.0741	0.0646	0.0095	0.0098	0.0092	0.0006	0.0643	0.0554	0.0089	0.0273	0.0150	0.0123	0.0042	0.0034	0.0008	0.0231	0.0116	0.0115	0.0000	0.0000	0.0000	0.0000	0.0000	0.0000	0.0000	0.0000	0.0000	0.0110	0.0000	0.0243	0.0000	0.0000	0.0000	0.0130	0.0000	0.0260			
54	78	0.1448	6	0	1	0	0	0	0	0	0	N	N	N	N	N	N	N	N	N	N	N	N	0.0000	0.0000	0.0000	0.0000	0.0000	0.0000	0.0000	0.0000	0.0000	0.0000	0.0000	0.0000	0.0000	0.0000	0.0000	0.0000	0.0000	0.0000	0.0000	0.0000	0.0000	0.0000	0.0000	0.0000	0.0000	0.0000	65.7523	0.0000	0.0000	1.9998	1.0203	1.0017	2.7327	0.0000	0.0000	0.0000	0.0000	0.0000	0.0000	0.0000	0.0000	0.0000	0.0000	0.0000	0.0000	0.0000	0.0000	0.0000	0.0000	0.0000	0.0000	0.0152	0.0132	0.0020	0.0019	0.0018	0.0002	0.0133	0.0114	0.0018	0.0145	0.0079	0.0066	0.0020	0.0016	0.0004	0.0124	0.0063	0.0061	0.0000	0.0000	0.0000	0.0000	0.0000	0.0000	0.0000	0.0000	0.0000	0.0000	0.0000	0.0000	0.0000	0.0000	0.0000	0.0000	0.0000	0.0000		
54	79	0.1448	5	0	0	0	0	0	0	0	0	N	N	N	N	N	N	N	N	N	N	N	N	0.0000	0.0000	0.0000	0.0000	0.0000	0.0000	0.0000	0.0000	0.0000	0.0000	0.0000	0.0000	0.0000	0.0000	0.0000	0.0001	0.0001	0.0002	0.0003	0.0002	0.0056	0.0000	0.0000	0.0000	1.0000	0.0000	-0.0000	1.9998	0.0000	1.0017	0.0018	0.0000	0.0000	0.0000	0.0000	0.0000	0.0000	0.0000	0.0000	0.0000	0.0000	0.0000	0.0000	0.0000	0.0000	0.0000	0.0000	0.0000	0.0000	0.0000	0.0000	0.0000	0.0000	0.0000	0.0000	0.0000	0.0000	0.0000	0.0000	0.0000	0.0000	0.0000	0.0000	0.0000	0.0000	0.0000	0.0000	0.0000	0.0000	0.0000	0.0000	0.0000	0.0000	0.0000	0.0000	0.0000	0.0001	0.0001	0.0002	0.0003	0.0002	0.0056	0.0000	0.0000	0.0000				
54	80	0.1266	4	0	0	0	0	0	0	0	0	N	N	N	N	N	N	N	N	N	N	N	N	43817.7439	31993.3647	0.0000	49197.4103	47788.2798	0.0000	23.0621	inf	0.0000	0.1457	0.1674	0.0000	1.1581	1.2432	0.0000	0.0000	0.0000	0.0000	0.0000	0.0000	0.0000	0.0000	0.0000	0.0000	0.0000	0.0000	0.0000	0.0000	0.1589	-0.0025	-0.0000	1.9998	3.0825	1.0017	2.0124	0.0070	0.0070	0.0000	0.0070	0.0070	0.0000	0.0000	0.0000	0.0000	0.0000	0.0000	0.0000	0.0000	0.0000	0.0000	0.0000	0.0000	0.0000	0.0477	0.0416	0.0062	0.0060	0.0056	0.0004	0.0417	0.0360	0.0058	0.0202	0.0111	0.0091	0.0027	0.0022	0.0005	0.0174	0.0088	0.0086	43817.7439	31993.3647	0.0000	49197.4103	47788.2798	0.0000	23.0621	inf	0.0000	0.0000	0.0000	0.0000	0.0000	0.0000	0.0000	0.0000	0.0000	0.0000
54	81	0.1145	3	0	0	0	0	0	0	0	0	N	N	N	N	N	N	N	N	N	N	N	N	1642481.3791	1883669.4083	546.8377	2485735.2522	2241539.8656	9465.2729	73.3900	451.1336	0.0000	14.2895	16.2408	0.0048	79.8522	82.6925	0.0940	0.0003	0.0004	0.0000	0.0000	0.0000	0.0000	0.0000	0.0000	0.0000	0.0000	0.0000	0.0000	0.0000	0.8211	-0.3594	-0.0000	1.9998	3.6751	1.0017	0.0788	0.9882	0.9882	0.0000	0.9882	0.9881	0.0000	0.0000	0.0000	0.0000	0.0000	0.0000	0.0000	0.0000	0.0000	0.0000	0.0000	0.0000	0.0000	0.0692	0.0608	0.0083	0.0124	0.0119	0.0004	0.0568	0.0489	0.0079	0.0154	0.0085	0.0069	0.0022	0.0018	0.0004	0.0132	0.0067	0.0065	1642481.3791	1883669.4083	546.8377	2485735.2522	2241539.8656	9465.2729	73.3900	451.1336	0.0000	0.0000	0.0000	0.0000	0.0000	0.0000	0.0000	0.0000	0.0000	0.0000
54	82	0.0654	2	0	0	0	0	0	0	0	0	N	N	N	N	N	N	N	N	N	N	N	N	14555.9851	14987.4753	583.3926	34861.2411	31443.7104	inf	0.7049	7.0001	0.0000	0.0343	0.0392	0.0012	0.3515	0.3663	0.0348	0.0000	0.0000	0.0000	0.0000	0.0000	0.0000	0.0000	0.0000	0.0000	0.0000	0.0000	0.0000	0.0044	0.5852	-0.0016	-0.0000	1.9998	8.5011	1.0017	5.2406	0.0045	0.0045	0.0000	0.0045	0.0045	0.0000	0.0000	0.0000	0.0000	0.0000	0.0000	0.0000	0.0000	0.0000	0.0000	0.0000	0.0000	0.0000	0.1323	0.1153	0.0170	0.0129	0.0123	0.0006	0.1194	0.1030	0.0164	0.0608	0.0346	0.0262	0.0086	0.0075	0.0012	0.0522	0.0271	0.0251	14555.9851	14987.4753	583.3926	34861.2411	31443.7104	inf	0.7049	7.0001	0.0000	0.0000	0.0000	0.0000	0.0000	0.0000	0.0000	0.0000	0.0000	0.0000
55	56	0.1412	7	0	1	0	0	0	0	0	0	N	N	N	N	N	N	N	N	N	N	N	N	0.0010	0.0040	0.0016	1.0505	0.0069	412.9236	0.0005	0.0012	0.0009	0.0032	0.0000	0.0253	0.0097	0.0001	0.1885	0.0021	0.0000	0.0150	3.2654	0.0093	15.9048	0.0092	0.0110	0.0005	4.0056	0.0239	17.0620	97.1058	427.6657	0.0006	0.4020	8.0033	5.0156	9.9473	9.5596	0.0010	0.0000	0.0010	0.0004	0.0000	0.0004	0.0005	0.0000	0.0005	0.9840	0.0023	0.9817	0.0012	0.0012	0.0000	0.9828	0.0011	0.9817	0.3083	0.2699	0.0383	0.0448	0.0425	0.0023	0.2635	0.2274	0.0361	0.3878	0.2477	0.1401	0.1311	0.1092	0.0219	0.2567	0.1385	0.1182	0.0013	0.0040	0.0036	1.0505	0.0069	412.9236	0.0005	0.0038	0.0018	2.5372	0.0093	7.0049	0.0092	0.0110	0.0005	3.8280	0.0079	8.3026
55	57	0.1198	6	0	1	0	0	0	0	0	0	N	N	N	N	N	N	N	N	N	N	N	N	3.0866	0.0127	152.1716	0.2685	0.1143	16.4813	2.5961	0.0057	119.2578	2.4077	0.0093	19.1682	0.0104	0.0055	0.0992	3.0835	0.0105	21.1205	0.7801	0.7289	0.1260	0.0389	0.0480	0.0060	1.1878	1.8266	0.1771	295.2295	0.5477	0.6337	-0.0129	8.0033	5.2776	9.9473	4.9316	1.0013	0.0034	0.9979	0.0010	0.0005	0.0005	1.0004	0.0029	0.9975	0.0550	0.0355	0.0195	0.0083	0.0080	0.0003	0.0468	0.0276	0.0192	0.4159	0.3638	0.0521	0.0915	0.0866	0.0048	0.3244	0.2772	0.0472	0.4744	0.3199	0.1546	0.2128	0.1666	0.0462	0.2616	0.1533	0.1084	20.7612	0.0836	152.1716	0.2685	0.1143	16.4813	17.2571	0.0583	119.2578	0.1160	0.1111	0.1260	0.0389	0.0480	0.0060	0.1787	0.1798	0.1771
55	58	0.0918	5	0	0	0	0	0	0	0	0	N	N	N	N	N	N	N	N	N	N	N	N	1.4693	1.2161	0.0149	0.0039	0.0039	0.0000	1.6921	1.2695	0.0185	2.5367	2.9119	0.0245	0.0183	0.0190	0.0000	2.7119	3.1369	0.0249	1.7265	2.3945	1.6422	4.7364	4.8360	0.0357	1.6027	2.4709	1.3487	0.0013	0.7057	-0.3642	-0.0336	8.0033	6.4383	9.9473	5.2340	1.0045	1.0033	0.0013	0.0005	0.0005	0.0000	1.0041	1.0028	0.0013	0.1914	0.1122	0.0792	0.0721	0.0718	0.0003	0.1193	0.0404	0.0789	0.3960	0.3445	0.0515	0.0258	0.0249	0.0009	0.3702	0.3197	0.0506	0.3154	0.1899	0.1255	0.0580	0.0502	0.0078	0.2574	0.1397	0.1177	4.1800	4.9271	0.0388	0.0147	0.0133	0.0000	5.8487	10.8398	0.0372	0.6069	0.5910	0.6309	1.2419	1.4301	0.0357	0.4637	0.2894	0.6705
55	59	0.0836	4	0	0	0	0	0	0	0	0	N	N	N	N	N	N	N	N	N	N	N	N	1.6623	1.4509	0.0000	0.0145	0.0158	0.0003	2.1565	3.1511	0.0000	3.0454	3.4241	0.0000	0.0913	0.0922	0.0000	3.7384	4.3187	0.0000	1.8321	2.3600	5.2902	6.3132	5.8204	0.0227	1.7335	1.3706	2.6549	0.0000	1.8293	-0.3927	0.0064	8.0033	3.9043	9.9473	0.3762	1.0794	1.0794	0.0000	0.0062	0.0062	0.0000	1.0733	1.0733	0.0000	0.1108	0.0392	0.0717	0.0353	0.0352	0.0001	0.0755	0.0039	0.0716	0.3544	0.3152	0.0392	0.0673	0.0667	0.0006	0.2871	0.2485	0.0386	0.1231	0.0727	0.0504	0.0229	0.0200	0.0029	0.1002	0.0527	0.0475	3.3826	6.3582	0.0000	0.0592	0.0523	0.0003	4.9610	58.0357	0.0000	0.9003	0.5385	1.4228	1.5429	1.7623	0.0227	0.7536	0.0744	1.5079
55	60	0.0836	3	0	0	0	0	0	0	0	0	N	N	N	N	N	N	N	N	N	N	N	N	2.3809	2.0490	0.0000	0.6679	0.7108	0.0000	2.3079	3.0910	0.0000	4.8794	5.3948	0.0000	6.7764	6.8127	0.0000	4.0932	4.7206	0.0000	2.0494	2.6329	5.3053	10.1465	9.5846	0.0230	1.7736	1.5272	2.6869	0.0000	0.8543	-0.3682	-0.0094	8.0033	1.5036	9.9473	0.1987	1.0122	1.0122	0.0000	0.4119	0.4119	0.0000	0.6003	0.6003	0.0000	0.0734	0.0396	0.0338	0.0367	0.0367	0.0000	0.0367	0.0029	0.0338	0.2074	0.1876	0.0198	0.0608	0.0605	0.0003	0.1467	0.1272	0.0195	0.0621	0.0384	0.0236	0.0158	0.0143	0.0014	0.0463	0.0241	0.0222	4.1278	5.2401	0.0000	2.9098	2.6601	0.0000	5.1695	39.2852	0.0000	1.1821	1.0295	1.4302	2.3288	2.5611	0.0230	0.7918	0.1202	1.5216
55	61	0.0774	2	0	0	0	0	0	0	0	0	N	N	N	N	N	N	N	N	N	N	N	N	2.0256	2.1005	0.0001	0.3248	0.3777	0.0011	3.1770	7.8431	0.0001	3.6066	5.2335	0.0001	1.8406	1.8731	0.0000	4.3527	7.7023	0.0001	1.7805	2.4915	1.3130	5.6673	4.9589	0.0026	1.3701	0.9821	1.0419	0.0000	0.3848	-0.5009	-0.0389	8.0033	2.7181	9.9473	1.0102	1.3770	1.3770	0.0000	0.2087	0.2087	0.0000	1.1683	1.1683	0.0000	0.1249	0.0902	0.0347	0.0874	0.0874	0.0000	0.0375	0.0028	0.0347	0.3818	0.2631	0.1187	0.1134	0.1114	0.0020	0.2684	0.1517	0.1167	0.1886	0.1210	0.0676	0.0605	0.0560	0.0044	0.1282	0.0650	0.0632	5.4474	7.0210	0.0002	1.2739	1.2012	0.0011	14.8712	177.4355	0.0002	0.6621	0.7454	0.5130	1.4448	1.5593	0.0026	0.2927	0.0434	0.5490
55	63	0.1374	4	1	1	0	1	0	0	0	0	N	N	N	N	N	N	N	N	N	N	N	N	0.0000	0.0000	0.0000	0.0000	0.0000	0.0000	0.0000	0.0000	0.0000	0.0000	0.0000	0.0000	0.0000	0.0000	0.0000	0.0000	12.3868	0.0000	51.6256	0.0000	0.0000	0.0000	11.6967	0.0000	50.2801	833100008.1462	0.0000	0.4108	8.0033	2.0000	9.9473	2.0002	0.0000	0.0000	0.0000	0.0000	0.0000	0.0000	0.0000	0.0000	0.0000	0.9997	0.0000	0.9997	0.0000	0.0000	0.0000	0.9997	0.0000	0.9997	0.1211	0.1052	0.0159	0.0169	0.0152	0.0017	0.1042	0.0900	0.0143	0.0946	0.0533	0.0413	0.0091	0.0079	0.0012	0.0855	0.0454	0.0401	0.0000	0.0000	0.0000	0.0000	0.0000	0.0000	0.0000	0.0000	0.0000	10.5668	0.0000	24.1927	0.0000	0.0000	0.0000	11.6967	0.0000	24.9257			
55	64	0.1531	8	0	1	0	1	0	0	0	0	N	N	N	N	N	N	N	N	N	N	N	N	0.0000	0.0000	0.0000	0.0000	0.0000	0.0000	0.0000	0.0000	0.0000	0.0000	0.0000	0.0000	0.0000	0.0000	0.0000	0.0000	0.0000	0.0000	6.9207	0.0003	30.7201	0.0039	0.0010	0.0287	7.1244	0.0001	31.4009	36635.0442	0.0000	0.4104	8.0033	2.0059	9.9473	4.8036	0.0000	0.0000	0.0000	0.0000	0.0000	0.0000	0.0000	0.0000	0.0000	0.9988	0.0000	0.9988	0.0001	0.0000	0.0001	0.9988	0.0000	0.9988	0.1225	0.1065	0.0160	0.0191	0.0173	0.0018	0.1035	0.0893	0.0142	0.1601	0.0925	0.0676	0.0199	0.0178	0.0021	0.1402	0.0747	0.0655	0.0000	0.0000	0.0000	0.0000	0.0000	0.0000	0.0000	0.0000	0.0000	6.2378	0.0003	14.7662	0.0039	0.0010	0.0287	7.1244	0.0001	15.2465	
55	65	0.1503	6	0	1	0	0	0	0	0	0	N	N	N	N	N	N	N	N	N	N	N	N	0.0000	0.0000	0.0000	0.0000	0.0000	0.0000	0.0000	0.0000	0.0000	0.0000	0.0000	0.0000	0.0000	0.0000	0.0000	0.0000	0.0000	0.0000	0.0213	0.0608	0.0001	0.1537	0.1583	0.0029	0.0000	0.0000	0.0000	0.0021	0.0000	-0.0004	8.0033	0.9804	9.9473	0.2754	0.0000	0.0000	0.0000	0.0000	0.0000	0.0000	0.0000	0.0000	0.0000	0.0007	0.0007	0.0000	0.0007	0.0007	0.0000	0.0000	0.0000	0.0000	0.0631	0.0551	0.0080	0.0101	0.0093	0.0008	0.0530	0.0458	0.0072	0.0338	0.0191	0.0147	0.0050	0.0045	0.0005	0.0288	0.0146	0.0142	0.0000	0.0000	0.0000	0.0000	0.0000	0.0000	0.0000	0.0000	0.0000	0.0213	0.0375	0.0001	0.1441	0.1583	0.0029	0.0000	0.0000	0.0000	
55	66	0.1481	7	0	0	1	1	0	0	0	0	N	N	N	N	N	N	N	N	N	N	N	N	0.0000	0.0000	0.0000	0.0000	0.0000	0.0000	0.0000	0.0000	0.0000	0.0000	0.0000	0.0000	0.0000	0.0000	0.0000	0.0000	0.0000	0.0001	0.0002	0.0000	0.0011	0.0012	0.0004	0.0000	0.0000	0.0000	0.0350	0.0000	-0.0000	8.0033	0.9437	9.9473	4.8091	0.0000	0.0000	0.0000	0.0000	0.0000	0.0000	0.0000	0.0000	0.0000	0.0000	0.0000	0.0000	0.0000	0.0000	0.0000	0.0000	0.0000	0.0000	0.0794	0.0689	0.0104	0.0213	0.0199	0.0014	0.0581	0.0491	0.0090	0.1396	0.0810	0.0587	0.0178	0.0160	0.0018	0.1218	0.0650	0.0568	0.0000	0.0000	0.0000	0.0000	0.0000	0.0000	0.0000	0.0000	0.0000	0.0001	0.0002	0.0000	0.0011	0.0012	0.0004	0.0000	0.0000	0.0000		
55	67	0.1411	6	0	0	1	1	0	0	0	0	N	N	N	N	N	N	N	N	N	N	N	N	0.0000	0.0000	0.0000	0.0000	0.0000	0.0000	0.0000	0.0000	0.0000	0.0000	0.0000	0.0000	0.0000	0.0000	0.0000	0.0000	0.0000	0.0001	0.0002	0.0000	0.0009	0.0010	0.0002	0.0000	0.0000	0.0000	0.0347	0.0000	-0.0000	8.0033	4.0088	9.9473	5.0246	0.0000	0.0000	0.0000	0.0000	0.0000	0.0000	0.0000	0.0000	0.0000	0.0000	0.0000	0.0000	0.0000	0.0000	0.0000	0.0000	0.0000	0.0000	0.2404	0.2088	0.0315	0.0338	0.0305	0.0033	0.2066	0.1784	0.0282	0.2108	0.1195	0.0913	0.0216	0.0189	0.0027	0.1892	0.1006	0.0886	0.0000	0.0000	0.0000	0.0000	0.0000	0.0000	0.0000	0.0000	0.0000	0.0001	0.0002	0.0000	0.0009	0.0010	0.0002	0.0000	0.0000	0.0000		
55	68	0.1531	8	0	0	1	1	0	0	0	0	N	N	N	N	N	N	N	N	N	N	N	N	0.0000	0.0000	0.0000	0.0000	0.0000	0.0000	0.0000	0.0000	0.0000	0.0000	0.0000	0.0000	0.0000	0.0000	0.0000	0.0000	0.0000	0.0000	0.0084	0.0145	0.0000	0.0655	0.0729	0.0008	0.0000	0.0000	0.0000	0.0013	0.0000	-0.0006	8.0033	1.0064	9.9473	4.2000	0.0000	0.0000	0.0000	0.0000	0.0000	0.0000	0.0000	0.0000	0.0000	0.0010	0.0010	0.0000	0.0010	0.0010	0.0000	0.0000	0.0000	0.0000	0.0622	0.0540	0.0081	0.0098	0.0089	0.0009	0.0524	0.0452	0.0072	0.1247	0.0723	0.0524	0.0160	0.0144	0.0016	0.1087	0.0579	0.0507	0.0000	0.0000	0.0000	0.0000	0.0000	0.0000	0.0000	0.0000	0.0000	0.0084	0.0145	0.0000	0.0655	0.0729	0.0008	0.0000	0.0000	0.0000	
55	69	0.1481	7	0	0	0	1	0	0	0	0	N	N	N	N	N	N	N	N	N	N	N	N	0.0000	0.0000	0.0000	0.0000	0.0000	0.0000	0.0000	0.0000	0.0000	0.0000	0.0000	0.0000	0.0000	0.0000	0.0000	0.0000	0.0000	0.0000	0.0236	0.0036	0.0539	0.0028	0.0029	0.0012	0.0278	0.0084	0.0555	9.9722	0.0000	0.0003	8.0033	1.2889	9.9473	0.3511	0.0000	0.0000	0.0000	0.0000	0.0000	0.0000	0.0000	0.0000	0.0000	0.0011	0.0001	0.0010	0.0000	0.0000	0.0000	0.0010	0.0001	0.0010	0.1002	0.0871	0.0132	0.0243	0.0226	0.0017	0.0759	0.0645	0.0114	0.0452	0.0272	0.0180	0.0075	0.0069	0.0005	0.0377	0.0203	0.0175	0.0000	0.0000	0.0000	0.0000	0.0000	0.0000	0.0000	0.0000	0.0000	0.0236	0.0036	0.0539	0.0028	0.0029	0.0012	0.0278	0.0038	0.0555	
55	70	0.1411	6	0	0	0	1	0	0	0	0	N	N	N	N	N	N	N	N	N	N	N	N	0.0000	0.0000	0.0000	0.0000	0.0000	0.0000	0.0000	0.0000	0.0000	0.0000	0.0000	0.0000	0.0000	0.0000	0.0000	0.0000	0.0000	0.0000	0.0010	0.0013	0.0005	0.0032	0.0034	0.0011	0.0006	0.0008	0.0005	0.2838	0.0000	-0.0000	8.0033	0.7777	9.9473	1.1718	0.0000	0.0000	0.0000	0.0000	0.0000	0.0000	0.0000	0.0000	0.0000	0.0000	0.0000	0.0000	0.0000	0.0000	0.0000	0.0000	0.0000	0.0000	0.0478	0.0415	0.0063	0.0068	0.0061	0.0007	0.0410	0.0353	0.0056	0.0501	0.0289	0.0211	0.0063	0.0057	0.0006	0.0438	0.0232	0.0205	0.0000	0.0000	0.0000	0.0000	0.0000	0.0000	0.0000	0.0000	0.0000	0.0010	0.0013	0.0005	0.0032	0.0034	0.0011	0.0006	0.0008	0.0005	
55	71	0.1374	5	0	0	0	1	0	0	0	0	N	N	N	N	N	N	N	N	N	N	N	N	0.0000	0.0000	0.0000	0.0000	0.0000	0.0000	0.0000	0.0000	0.0000	0.0000	0.0000	0.0000	0.0000	0.0000	0.0000	0.0000	0.0000	0.0117	0.0214	0.0009	0.1117	0.1285	0.0000	0.0008	0.0008	0.0010	0.0358	0.0000	-0.0002	8.0033	0.9929	9.9473	0.0325	0.0000	0.0000	0.0000	0.0000	0.0000	0.0000	0.0000	0.0000	0.0000	0.0003	0.0003	0.0000	0.0003	0.0003	0.0000	0.0000	0.0000	0.0000	0.0605	0.0525	0.0080	0.0084	0.0076	0.0008	0.0521	0.0449	0.0071	0.0247	0.0139	0.0108	0.0024	0.0021	0.0003	0.0223	0.0118	0.0105	0.0000	0.0000	0.0000	0.0000	0.0000	0.0000	0.0000	0.0000	0.0000	0.0117	0.0201	0.0009	0.1117	0.1285	0.0000	0.0008	0.0008	0.0010		
55	72	0.1825	4	1	1	0	0	0	0	0	0	N	N	N	N	N	N	N	N	N	N	N	N	0.0000	0.0000	0.0000	0.0000	0.0000	0.0000	0.0000	0.0000	0.0000	0.0000	0.0000	0.0000	0.0000	4.8837	0.0000	22.3918	0.0000	0.0000	0.0000	5.2537	0.0000	20.6673	inf	0.0000	0.0000	8.0033	0.0000	9.9473	0.0001	0.0000	0.0000	0.0000	0.0000	0.0000	0.0000	0.0000	0.0000	0.0000	0.0000	0.0000	0.0000	0.0000	0.0000	0.0000	0.0000	0.0000	0.0000	0.0000	0.0000	0.0000	0.0000	0.0000	0.0000	0.0000	0.0000	0.0000	0.0000	0.0000	0.0000	0.0000	0.0000	0.0000	0.0000	0.0000	0.0000	0.0000	0.0000	0.0000	0.0000	0.0000	0.0000	0.0000	0.0000	0.0000	4.3173	0.0000	10.4258	0.0000	0.0000	0.0000	5.2537	0.0000	10.6689						
55	73	0.1192	3	1	1	0	0	0	0	0	0	N	N	N	N	N	N	N	N	N	N	N	N	0.0035	9.2807	0.0000	0.0857	0.0864	0.0000	0.0043	15998.9424	0.0000	0.0118	0.0136	0.0000	0.0008	0.0009	0.0000	0.0135	0.0156	0.0000	3.3506	0.0015	13.0045	0.0098	0.0108	0.0025	3.1512	0.0000	12.4181	0.0000	3167.4708	-0.0025	0.4102	8.0033	9.9619	9.9473	7.0378	0.0070	0.0070	0.0000	0.0001	0.0001	0.0000	0.0069	0.0069	0.0000	0.9991	0.0003	0.9988	0.0003	0.0003	0.0000	0.9988	0.0000	0.9988	0.5891	0.5125	0.0766	0.0752	0.0678	0.0074	0.5139	0.4447	0.0692	0.3822	0.2149	0.1673	0.0331	0.0292	0.0039	0.3490	0.1857	0.1634	0.0045	9.2807	0.0000	0.0857	0.0864	0.0000	0.0047	15998.9424	0.0000	2.6142	0.0015	5.9699	0.0098	0.0108	0.0025	2.8615	0.0000	6.1141
55	74	0.1311	3	0	1	0	0	0	0	0	0	N	N	N	N	N	N	N	N	N	N	N	N	0.0117	0.0079	0.0000	0.0070	0.0071	0.0000	0.0000	0.0000	0.0000	0.0000	0.0000	0.0000	0.0001	0.0001	0.0000	0.0000	0.0000	0.0000	0.0017	0.0029	0.0002	0.0147	0.0156	0.0061	0.0000	0.0000	0.0000	0.0000	0.0458	-0.0000	-0.0002	8.0033	7.0442	9.9473	2.0273	0.0000	0.0000	0.0000	0.0000	0.0000	0.0000	0.0000	0.0000	0.0000	0.0004	0.0003	0.0000	0.0004	0.0003	0.0000	0.0000	0.0000	0.0000	0.5036	0.4405	0.0631	0.0979	0.0906	0.0073	0.4057	0.3499	0.0558	0.2123	0.1191	0.0932	0.0244	0.0221	0.0024	0.1879	0.0970	0.0909	0.0117	0.0079	0.0000	0.0070	0.0071	0.0000	0.0000	0.0000	0.0000	0.0017	0.0029	0.0002	0.0147	0.0156	0.0061	0.0000	0.0000	0.0000
55	75	0.1071	2	0	1	0	0	0	0	0	0	N	N	N	N	N	N	N	N	N	N	N	N	1.9809	1.4046	0.0000	1.1603	1.1061	0.0000	1.7725	0.9463	0.0000	0.0188	0.0215	0.0000	0.0890	0.0944	0.0000	0.0044	0.0051	0.0000	0.0095	0.0153	0.0020	0.0767	0.0853	0.0080	0.0025	0.0054	0.0018	0.0000	0.0982	-0.0022	-0.0009	8.0033	4.3369	9.9473	3.0972	0.0060	0.0060	0.0000	0.0049	0.0049	0.0000	0.0012	0.0012	0.0000	0.0017	0.0016	0.0002	0.0013	0.0013	0.0000	0.0004	0.0003	0.0001	0.3203	0.2807	0.0396	0.0546	0.0515	0.0031	0.2657	0.2292	0.0365	0.1808	0.1023	0.0785	0.0171	0.0152	0.0019	0.1637	0.0871	0.0766	1.9809	1.4046	0.0000	1.1603	1.1061	0.0000	1.7725	1.6570	0.0000	0.0095	0.0153	0.0020	0.0767	0.0853	0.0080	0.0025	0.0031	0.0018
55	76	0.1944	7	1	1	0	0	0	0	0	0	N	N	N	N	N	N	N	N	N	N	N	N	0.0000	0.0000	0.0000	0.0000	0.0000	0.0000	0.0000	0.0000	0.0000	0.0000	0.0000	0.0000	0.0000	0.0000	0.0000	0.0000	0.0000	0.0000	0.0209	0.0005	0.0486	0.0023	0.0024	0.0014	0.0237	0.0000	0.0503	75.9284	0.0000	0.0005	8.0033	1.9992	9.9473	0.0055	0.0000	0.0000	0.0000	0.0000	0.0000	0.0000	0.0000	0.0000	0.0000	0.0013	0.0000	0.0013	0.0000	0.0000	0.0000	0.0013	0.0000	0.0013	0.1633	0.1428	0.0205	0.0272	0.0248	0.0024	0.1361	0.1181	0.0181	0.0634	0.0365	0.0270	0.0081	0.0071	0.0009	0.0554	0.0293	0.0260	0.0000	0.0000	0.0000	0.0000	0.0000	0.0000	0.0000	0.0000	0.0000	0.0209	0.0005	0.0486	0.0023	0.0024	0.0014	0.0237	0.0000	0.0503	
55	77	0.1503	6	1	1	0	0	0	0	0	0	N	N	N	N	N	N	N	N	N	N	N	N	0.0000	0.0000	0.0000	0.0000	0.0000	0.0000	0.0000	0.0000	0.0000	0.0000	0.0000	0.0000	0.0000	0.0000	0.0000	0.0000	0.0000	0.0000	6.7652	0.0004	29.8571	0.0011	0.0012	0.0006	6.7134	0.0002	27.6844	27261.9085	0.0000	0.4100	8.0033	5.0219	9.9473	2.0148	0.0000	0.0000	0.0000	0.0000	0.0000	0.0000	0.0000	0.0000	0.0000	0.9978	0.0000	0.9978	0.0000	0.0000	0.0000	0.9978	0.0000	0.9978	0.3024	0.2633	0.0390	0.0436	0.0398	0.0039	0.2587	0.2236	0.0352	0.1671	0.0943	0.0728	0.0185	0.0162	0.0023	0.1486	0.0781	0.0705	0.0000	0.0000	0.0000	0.0000	0.0000	0.0000	0.0000	0.0000	0.0000	5.9710	0.0004	13.7100	0.0011	0.0012	0.0006	6.7134	0.0002	14.1530	
55	78	0.1374	5	0	1	0	0	0	0	0	0	N	N	N	N	N	N	N	N	N	N	N	N	0.0000	0.0000	0.0000	0.0000	0.0000	0.0000	0.0000	0.0000	0.0000	0.0000	0.0000	0.0000	0.0000	0.0000	0.0000	0.0000	0.0000	0.0111	0.0058	0.0180	0.0316	0.0364	0.0000	0.0089	0.0004	0.0186	2.4239	-0.0000	0.0001	8.0033	1.0203	9.9473	2.7327	0.0000	0.0000	0.0000	0.0000	0.0000	0.0000	0.0000	0.0000	0.0000	0.0010	0.0003	0.0007	0.0003	0.0003	0.0000	0.0007	0.0000	0.0007	0.0621	0.0539	0.0082	0.0086	0.0078	0.0009	0.0535	0.0461	0.0073	0.0889	0.0501	0.0388	0.0086	0.0074	0.0011	0.0803	0.0426	0.0377	0.0000	0.0000	0.0000	0.0000	0.0000	0.0000	0.0000	0.0000	0.0000	0.0111	0.0058	0.0180	0.0316	0.0364	0.0000	0.0089	0.0004	0.0186		
55	79	0.1374	4	0	0	0	0	0	0	0	0	N	N	N	N	N	N	N	N	N	N	N	N	0.0000	0.0000	0.0000	0.0000	0.0000	0.0000	0.0000	0.0000	0.0000	0.0000	0.0000	0.0000	0.0000	0.0000	0.0000	0.0000	0.0000	5.2208	4.9035	15.6580	30.9940	26.5827	0.0000	3.6764	0.0000	15.2530	0.9643	0.0000	-0.0001	8.0033	0.0000	9.9473	0.0018	0.0000	0.0000	0.0000	0.0000	0.0000	0.0000	0.0000	0.0000	0.0000	0.0005	0.0003	0.0003	0.0003	0.0003	0.0000	0.0003	0.0000	0.0003	0.0000	0.0000	0.0000	0.0000	0.0000	0.0000	0.0000	0.0000	0.0000	0.0001	0.0001	0.0000	0.0000	0.0000	0.0000	0.0001	0.0000	0.0000	0.0000	0.0000	0.0000	0.0000	0.0000	0.0000	0.0000	0.0000	0.0000	4.4596	3.3153	6.9455	6.4428	6.5300	0.0000	3.3804	0.0000	7.0507		
55	80	0.1192	3	0	0	0	0	0	0	0	0	N	N	N	N	N	N	N	N	N	N	N	N	2.4180	1.5999	0.0000	0.0176	0.0172	0.0000	16.3354	15563.9547	0.0000	0.0357	0.0410	0.0000	0.0023	0.0026	0.0000	0.0411	0.0476	0.0000	0.0148	0.0257	0.0054	0.1328	0.1484	0.0076	0.0025	0.0000	0.0054	0.0000	0.1899	-0.0025	-0.0008	8.0033	3.0825	9.9473	2.0124	0.0070	0.0070	0.0000	0.0001	0.0001	0.0000	0.0069	0.0069	0.0000	0.0018	0.0015	0.0003	0.0015	0.0015	0.0000	0.0003	0.0000	0.0003	0.1953	0.1701	0.0253	0.0271	0.0247	0.0024	0.1682	0.1454	0.0228	0.1236	0.0698	0.0538	0.0116	0.0103	0.0013	0.1120	0.0594	0.0525	2.4180	1.8657	0.0000	0.0176	0.0172	0.0000	16.3354	15563.9547	0.0000	0.0148	0.0220	0.0054	0.1328	0.1484	0.0076	0.0025	0.0000	0.0054
55	81	0.1071	2	0	0	0	0	0	0	0	0	N	N	N	N	N	N	N	N	N	N	N	N	114.1001	112.6737	0.0000	0.0594	0.0569	0.0000	234.7810	323.9494	0.0000	3.5186	4.0080	0.0000	0.0078	0.0083	0.0000	4.2942	4.9795	0.0000	0.0308	0.0356	0.0328	0.1319	0.1453	0.0149	0.0183	0.0154	0.0332	0.0000	0.8779	-0.3602	-0.0003	8.0033	3.6751	9.9473	0.0788	0.9901	0.9901	0.0000	0.0004	0.0004	0.0000	0.9897	0.9897	0.0000	0.0029	0.0015	0.0013	0.0013	0.0013	0.0000	0.0016	0.0002	0.0013	0.2814	0.2470	0.0344	0.0509	0.0483	0.0026	0.2305	0.1988	0.0317	0.0951	0.0542	0.0409	0.0099	0.0089	0.0010	0.0852	0.0453	0.0399	116.8111	142.4344	0.0000	0.0594	0.0569	0.0000	234.7810	963.4171	0.0000	0.0301	0.0281	0.0328	0.1319	0.1453	0.0149	0.0183	0.0052	0.0332
56	63	0.2000	10	1	2	0	1	0	0	0	0	N	Y	N	N	N	N	N	N	N	N	N	N	0.0000	0.0000	0.0000	0.0000	0.0000	0.0000	0.0000	0.0000	0.0000	0.0000	0.0000	0.0000	0.0000	0.0000	0.0000	0.0000	0.0000	0.0013	0.0020	0.0000	0.0040	0.0047	0.0000	0.0000	0.0000	0.0000	0.0003	0.0000	-0.0001	5.0156	2.0000	9.5596	2.0002	0.0000	0.0000	0.0000	0.0000	0.0000	0.0000	0.0000	0.0000	0.0000	0.0001	0.0001	0.0000	0.0001	0.0001	0.0000	0.0000	0.0000	0.0000	0.0755	0.0662	0.0092	0.0147	0.0138	0.0009	0.0607	0.0524	0.0083	0.0843	0.0538	0.0305	0.0273	0.0236	0.0037	0.0570	0.0302	0.0268	0.0000	0.0000	0.0000	0.0000	0.0000	0.0000	0.0000	0.0000	0.0000	0.0013	0.0020	0.0000	0.0040	0.0047	0.0000	0.0000	0.0000	0.0000		
56	64	0.2157	14	0	2	0	1	0	0	0	0	N	Y	N	N	N	N	N	N	N	N	N	N	0.0000	0.3508	0.0000	0.7465	0.7290	0.0000	0.0000	0.0059	0.0000	0.0001	0.0001	0.0000	0.0002	0.0003	0.0000	0.0000	0.0000	0.0000	7.0892	0.0002	45.9552	0.0003	0.0004	0.0001	10.6252	0.0000	48.6980	0.0000	62565.7257	-0.0000	0.4066	5.0156	2.0059	9.5596	4.8036	0.0000	0.0000	0.0000	0.0000	0.0000	0.0000	0.0000	0.0000	0.0000	0.9897	0.0000	0.9897	0.0000	0.0000	0.0000	0.9897	0.0000	0.9897	0.0764	0.0671	0.0093	0.0162	0.0152	0.0010	0.0602	0.0519	0.0083	0.1425	0.0927	0.0499	0.0494	0.0431	0.0063	0.0931	0.0496	0.0436	0.0000	0.3508	0.0000	0.7465	0.7290	0.0000	0.0000	0.0059	0.0000	6.9429	0.0002	19.8388	0.0003	0.0004	0.0001	10.6252	0.0000	22.7074
56	65	0.2129	12	0	2	0	0	0	0	0	0	N	Y	N	N	N	N	N	N	N	N	N	N	3.9064	2.8927	0.0000	0.0002	0.0002	0.0000	356.7895	1249.9618	0.0000	0.0135	0.0154	0.0000	0.0000	0.0000	0.0000	0.0186	0.0216	0.0000	0.0035	0.0053	0.0002	0.0098	0.0110	0.0012	0.0001	0.0000	0.0001	0.0000	0.0233	-0.0002	-0.0001	5.0156	0.9804	9.5596	0.2754	0.0006	0.0006	0.0000	0.0000	0.0000	0.0000	0.0006	0.0006	0.0000	0.0001	0.0001	0.0000	0.0001	0.0001	0.0000	0.0000	0.0000	0.0000	0.0414	0.0362	0.0052	0.0114	0.0104	0.0010	0.0300	0.0258	0.0041	0.0298	0.0189	0.0109	0.0104	0.0091	0.0013	0.0194	0.0097	0.0097	3.9064	2.8927	0.0000	0.0002	0.0002	0.0000	356.7895	1249.9618	0.0000	0.0035	0.0053	0.0002	0.0098	0.0110	0.0012	0.0001	0.0000	0.0001
56	66	0.2107	13	0	1	1	1	0	0	0	0	N	N	N	N	N	N	N	N	N	N	N	N	22.6947	16.9250	0.0000	20.6039	19.2161	0.0000	3115.5004	2895.1856	0.0000	0.0190	0.0218	0.0000	0.0501	0.0534	0.0000	0.0045	0.0054	0.0000	0.0008	0.0013	0.0000	0.0024	0.0028	0.0000	0.0000	0.0000	0.0000	0.0000	0.0004	-0.0003	-0.0001	5.0156	0.9437	9.5596	4.8091	0.0010	0.0010	0.0000	0.0008	0.0008	0.0000	0.0002	0.0002	0.0000	0.0001	0.0001	0.0000	0.0001	0.0001	0.0000	0.0000	0.0000	0.0000	0.0506	0.0441	0.0064	0.0161	0.0151	0.0010	0.0345	0.0290	0.0054	0.1240	0.0807	0.0433	0.0427	0.0374	0.0054	0.0813	0.0433	0.0380	22.6947	16.9250	0.0000	20.6039	19.2161	0.0000	3115.5004	2895.1856	0.0000	0.0008	0.0013	0.0000	0.0024	0.0028	0.0000	0.0000	0.0000	0.0000
56	67	0.2037	12	0	1	1	1	0	0	0	0	N	N	N	N	N	N	N	N	N	N	N	N	0.0048	0.0000	0.5062	0.0065	0.0000	1.9910	0.0395	0.0000	0.1378	0.0000	0.0000	0.0001	0.0000	0.0000	0.0004	0.0000	0.0000	0.0000	0.0013	0.0019	0.0001	0.0039	0.0044	0.0002	0.0000	0.0000	0.0001	inf	0.0291	0.0000	-0.0001	5.0156	4.0088	9.5596	5.0246	0.0000	0.0000	0.0000	0.0000	0.0000	0.0000	0.0000	0.0000	0.0000	0.0002	0.0002	0.0000	0.0002	0.0002	0.0000	0.0000	0.0000	0.0000	0.1497	0.1314	0.0183	0.0294	0.0276	0.0018	0.1203	0.1039	0.0165	0.1876	0.1200	0.0676	0.0608	0.0527	0.0081	0.1268	0.0673	0.0595	0.0048	0.0000	0.5062	0.0065	0.0000	1.9910	0.0395	0.0000	0.1378	0.0013	0.0019	0.0001	0.0039	0.0044	0.0002	0.0000	0.0000	0.0001
56	68	0.2157	14	0	1	1	1	0	0	0	0	N	N	N	N	N	N	N	N	N	N	N	N	0.0073	0.0047	0.0000	0.0119	0.0111	0.0000	0.0133	0.0091	0.0000	0.0001	0.0001	0.0000	0.0005	0.0005	0.0000	0.0000	0.0000	0.0000	0.0142	0.0250	0.0001	0.0407	0.0465	0.0004	0.0000	0.0000	0.0000	0.0000	0.0013	-0.0000	-0.0009	5.0156	1.0064	9.5596	4.2000	0.0000	0.0000	0.0000	0.0000	0.0000	0.0000	0.0000	0.0000	0.0000	0.0016	0.0016	0.0000	0.0016	0.0016	0.0000	0.0000	0.0000	0.0000	0.0388	0.0341	0.0047	0.0083	0.0078	0.0005	0.0305	0.0263	0.0042	0.1109	0.0723	0.0386	0.0387	0.0338	0.0049	0.0722	0.0385	0.0338	0.0073	0.0054	0.0000	0.0119	0.0111	0.0000	0.0133	0.0091	0.0000	0.0142	0.0218	0.0001	0.0407	0.0465	0.0004	0.0000	0.0000	0.0000
56	69	0.2107	13	0	1	0	1	0	0	0	0	N	N	N	N	N	N	N	N	N	N	N	N	0.0890	4.0489	0.0027	6.7868	6.8044	1.4000	0.0001	0.0181	0.0006	0.0047	0.0053	0.0003	0.0159	0.0168	0.0018	0.0000	0.0000	0.0001	0.0525	0.0013	0.1178	0.0023	0.0025	0.0013	0.1424	0.0002	0.1334	0.0088	45.3397	-0.0001	0.0006	5.0156	1.2889	9.5596	0.3511	0.0003	0.0003	0.0000	0.0003	0.0003	0.0000	0.0000	0.0000	0.0000	0.0016	0.0000	0.0016	0.0000	0.0000	0.0000	0.0016	0.0000	0.0016	0.0635	0.0555	0.0080	0.0187	0.0175	0.0012	0.0449	0.0380	0.0068	0.0398	0.0264	0.0133	0.0143	0.0128	0.0016	0.0254	0.0137	0.0117	0.1158	4.0489	0.0027	6.7868	6.8044	1.4000	0.0002	0.0181	0.0006	0.0403	0.0013	0.1178	0.0023	0.0025	0.0013	0.0618	0.0002	0.1334
56	70	0.2037	12	0	1	0	1	0	0	0	0	N	N	N	N	N	N	N	N	N	N	N	N	4.3392	3.4602	0.0451	8.0190	7.4946	2.8830	0.0032	0.0054	0.0095	0.0263	0.0300	0.0001	0.1328	0.1414	0.0005	0.0000	0.0000	0.0000	0.0061	0.0087	0.0013	0.0166	0.0189	0.0002	0.0007	0.0001	0.0014	0.0003	0.0816	-0.0003	-0.0001	5.0156	0.7777	9.5596	1.1718	0.0008	0.0008	0.0000	0.0008	0.0008	0.0000	0.0000	0.0000	0.0000	0.0003	0.0002	0.0000	0.0002	0.0002	0.0000	0.0000	0.0000	0.0000	0.0298	0.0261	0.0037	0.0059	0.0055	0.0004	0.0239	0.0206	0.0033	0.0444	0.0287	0.0157	0.0150	0.0131	0.0018	0.0294	0.0156	0.0138	4.3392	3.4602	0.0451	8.0190	7.4946	2.8830	0.0032	0.0054	0.0095	0.0061	0.0087	0.0013	0.0166	0.0189	0.0002	0.0007	0.0001	0.0014
56	71	0.2000	11	0	1	0	1	0	0	0	0	N	N	N	N	N	N	N	N	N	N	N	N	0.0523	0.0392	0.0000	0.1034	0.0973	0.0000	0.0000	0.0000	0.0000	0.0000	0.0000	0.0000	0.0001	0.0001	0.0000	0.0000	0.0000	0.0000	0.0005	0.0007	0.0000	0.0012	0.0014	0.0002	0.0001	0.0002	0.0000	0.0000	0.0287	-0.0000	-0.0000	5.0156	0.9929	9.5596	0.0325	0.0000	0.0000	0.0000	0.0000	0.0000	0.0000	0.0000	0.0000	0.0000	0.0000	0.0000	0.0000	0.0000	0.0000	0.0000	0.0000	0.0000	0.0000	0.0377	0.0331	0.0046	0.0074	0.0069	0.0005	0.0303	0.0262	0.0042	0.0220	0.0141	0.0079	0.0072	0.0062	0.0010	0.0148	0.0079	0.0070	0.0523	0.0392	0.0000	0.1034	0.0973	0.0000	0.0000	0.0000	0.0000	0.0005	0.0007	0.0000	0.0012	0.0014	0.0002	0.0001	0.0002	0.0000
56	72	0.2452	10	1	2	0	0	0	0	0	0	N	Y	N	N	N	N	N	N	N	N	N	N	0.0000	0.0000	0.0000	0.0000	0.0000	0.0000	0.0000	0.0000	0.0000	0.0000	0.0000	0.0000	0.0000	0.0000	0.0000	0.0000	0.0000	0.0000	0.0000	0.0000	5.0156	0.0000	9.5596	0.0001	0.0000	0.0000	0.0000	0.0000	0.0000	0.0000	0.0000	0.0000	0.0000	0.0000	0.0000	0.0000	0.0000	0.0000	0.0000	0.0000	0.0000	0.0000	0.0000	0.0000	0.0000	0.0000	0.0000	0.0000	0.0000	0.0000	0.0000	0.0000	0.0000	0.0000	0.0000	0.0000	0.0000	0.0000	0.0000	0.0000	0.0000	0.0000	0.0000	0.0000	0.0000	0.0000	0.0000	0.0000	0.0000	0.0000	0.0000	0.0000	0.0000	0.0000	0.0000	0.0000	0.0000	0.0000											
56	73	0.1819	9	1	2	0	0	0	0	0	0	N	Y	N	N	N	N	N	N	N	N	N	N	96.2367	69.8824	8.4505	167.6404	153.8224	45.9607	21.1270	24.5719	0.0000	0.0361	0.0411	0.0000	0.1950	0.2075	0.0005	0.0001	0.0001	0.0000	0.0004	0.0006	0.0000	0.0012	0.0013	0.0000	0.0000	0.0000	0.0000	0.0002	0.0054	-0.0048	-0.0001	5.0156	9.9619	9.5596	7.0378	0.0132	0.0132	0.0000	0.0132	0.0132	0.0000	0.0000	0.0000	0.0000	0.0001	0.0001	0.0000	0.0001	0.0001	0.0000	0.0000	0.0000	0.0000	0.3666	0.3222	0.0444	0.0677	0.0636	0.0041	0.2989	0.2586	0.0403	0.3404	0.2161	0.1243	0.1088	0.0937	0.0151	0.2316	0.1224	0.1092	96.2367	69.8824	8.4505	167.6404	153.8224	45.9607	21.1270	24.5719	0.0000	0.0004	0.0006	0.0000	0.0012	0.0013	0.0000	0.0000	0.0000	0.0000
56	74	0.1937	9	0	2	0	0	0	0	0	0	N	Y	N	N	N	N	N	N	N	N	N	N	0.0019	0.0010	0.0000	0.0003	0.0003	0.0000	0.7206	0.4709	0.0000	0.0000	0.0000	0.0000	0.0000	0.0000	0.0000	0.0000	0.0000	0.0000	0.0187	0.0408	0.0000	0.0524	0.0599	0.0000	0.0001	0.0001	0.0000	0.0000	0.0003	-0.0000	-0.0021	5.0156	7.0442	9.5596	2.0273	0.0000	0.0000	0.0000	0.0000	0.0000	0.0000	0.0000	0.0000	0.0000	0.0036	0.0036	0.0000	0.0036	0.0036	0.0000	0.0000	0.0000	0.0000	0.3133	0.2767	0.0366	0.0793	0.0749	0.0045	0.2340	0.2018	0.0322	0.1941	0.1221	0.0721	0.0690	0.0604	0.0086	0.1251	0.0617	0.0634	0.0019	0.0014	0.0000	0.0003	0.0003	0.0000	0.7206	0.4709	0.0000	0.0187	0.0297	0.0000	0.0524	0.0599	0.0000	0.0001	0.0001	0.0000
56	75	0.1698	8	0	2	0	0	0	0	0	0	N	Y	N	N	N	N	N	N	N	N	N	N	0.4086	2.2547	0.0005	0.0660	0.0607	0.0257	0.3979	12.2942	0.0004	0.0083	0.0093	0.0000	0.0005	0.0005	0.0000	0.0106	0.0122	0.0000	0.0202	0.0041	0.0485	0.0072	0.0081	0.0014	0.0265	0.0010	0.0551	0.0003	6.6616	-0.0006	0.0009	5.0156	4.3369	9.5596	3.0972	0.0016	0.0016	0.0000	0.0000	0.0000	0.0000	0.0016	0.0016	0.0000	0.0032	0.0004	0.0028	0.0004	0.0004	0.0000	0.0029	0.0001	0.0028	0.1990	0.1761	0.0229	0.0452	0.0434	0.0018	0.1538	0.1327	0.0211	0.1595	0.1017	0.0578	0.0520	0.0449	0.0071	0.1075	0.0568	0.0507	0.4086	2.2547	0.0005	0.0660	0.0607	0.0257	0.3979	12.2942	0.0004	0.0202	0.0041	0.0485	0.0072	0.0081	0.0014	0.0265	0.0010	0.0551
56	76	0.2570	13	1	2	0	0	0	0	0	0	N	Y	N	N	N	N	N	N	N	N	N	N	142054.5171	104740.0091	0.0000	222701.8995	201363.3852	0.0000	1433.3232	1000.4050	0.0000	9.7220	10.9788	0.0000	41.1542	43.5216	0.0000	0.0038	0.0044	0.0000	0.0001	0.0001	0.0000	0.0002	0.0002	0.0000	0.0000	0.0000	0.0000	0.0000	0.0036	-0.3615	-0.0000	5.0156	1.9992	9.5596	0.0055	0.9937	0.9937	0.0000	0.9934	0.9934	0.0000	0.0003	0.0003	0.0000	0.0000	0.0000	0.0000	0.0000	0.0000	0.0000	0.0000	0.0000	0.0000	0.1022	0.0905	0.0117	0.0241	0.0228	0.0013	0.0781	0.0677	0.0104	0.0537	0.0350	0.0188	0.0194	0.0166	0.0028	0.0343	0.0184	0.0160	142054.5171	104740.0091	0.0000	222701.8995	201363.3852	0.0000	1433.3232	1000.4050	0.0000	0.0001	0.0001	0.0000	0.0002	0.0002	0.0000	0.0000	0.0000	0.0000
56	77	0.2129	12	1	2	0	0	0	0	0	0	N	Y	N	N	N	N	N	N	N	N	N	N	3.7303	2.4368	223.1269	5.9226	4.9438	345.2207	0.0487	0.0290	0.2016	0.0025	0.0026	0.0021	0.0119	0.0114	0.0186	0.0000	0.0000	0.0000	0.0007	0.0011	0.0000	0.0020	0.0023	0.0001	0.0000	0.0000	0.0000	0.1158	0.0052	-0.0001	-0.0001	5.0156	5.0219	9.5596	2.0148	0.0005	0.0004	0.0000	0.0005	0.0004	0.0000	0.0000	0.0000	0.0000	0.0001	0.0001	0.0000	0.0001	0.0001	0.0000	0.0000	0.0000	0.0000	0.1902	0.1671	0.0231	0.0404	0.0377	0.0027	0.1499	0.1294	0.0204	0.1487	0.0947	0.0540	0.0492	0.0426	0.0066	0.0995	0.0521	0.0474	3.7303	2.4368	223.1269	5.9226	4.9438	345.2207	0.0487	0.0290	0.2016	0.0007	0.0011	0.0000	0.0020	0.0023	0.0001	0.0000	0.0000	0.0000
56	78	0.2000	11	0	2	0	0	0	0	0	0	N	Y	N	N	N	N	N	N	N	N	N	N	0.2336	0.4441	0.0016	0.0000	0.0000	0.0000	0.2084	0.3674	0.0016	0.0003	0.0003	0.0000	0.0000	0.0000	0.0000	0.0004	0.0004	0.0000	0.0013	0.0008	0.0022	0.0002	0.0003	0.0001	0.0018	0.0012	0.0025	0.0015	1.6167	-0.0000	0.0000	5.0156	1.0203	9.5596	2.7327	0.0000	0.0000	0.0000	0.0000	0.0000	0.0000	0.0000	0.0000	0.0000	0.0001	0.0000	0.0001	0.0000	0.0000	0.0000	0.0001	0.0000	0.0001	0.0387	0.0340	0.0048	0.0076	0.0071	0.0005	0.0312	0.0269	0.0043	0.0792	0.0505	0.0287	0.0256	0.0221	0.0035	0.0536	0.0284	0.0252	0.2336	0.4441	0.0016	0.0000	0.0000	0.0000	0.2084	0.3674	0.0016	0.0013	0.0008	0.0022	0.0002	0.0003	0.0001	0.0018	0.0012	0.0025
56	79	0.2000	10	0	1	0	0	0	0	0	0	N	N	N	N	N	N	N	N	N	N	N	N	0.0000	0.0000	0.0000	0.0000	0.0000	0.0000	0.0000	0.0000	0.0000	0.0000	0.0000	0.0000	0.0000	0.0000	0.0000	0.0000	0.0000	0.0007	0.0005	0.0012	0.0010	0.0009	0.0040	0.0005	0.0000	0.0011	1.0000	0.0000	-0.0000	5.0156	0.0000	9.5596	0.0018	0.0000	0.0000	0.0000	0.0000	0.0000	0.0000	0.0000	0.0000	0.0000	0.0000	0.0000	0.0000	0.0000	0.0000	0.0000	0.0000	0.0000	0.0000	0.0000	0.0000	0.0000	0.0000	0.0000	0.0000	0.0000	0.0000	0.0000	0.0001	0.0001	0.0000	0.0000	0.0000	0.0000	0.0001	0.0000	0.0000	0.0000	0.0000	0.0000	0.0000	0.0000	0.0000	0.0000	0.0000	0.0000	0.0007	0.0005	0.0012	0.0010	0.0009	0.0040	0.0005	0.0000	0.0011		
56	80	0.1819	9	0	1	0	0	0	0	0	0	N	N	N	N	N	N	N	N	N	N	N	N	22.5555	18.7747	0.3083	41.8062	39.7920	1.5531	4.7528	11.8816	0.0005	0.0391	0.0444	0.0002	0.1929	0.2044	0.0020	0.0015	0.0018	0.0000	0.0017	0.0024	0.0006	0.0046	0.0051	0.0013	0.0003	0.0001	0.0005	0.0006	0.1466	-0.0017	-0.0001	5.0156	3.0825	9.5596	2.0124	0.0047	0.0047	0.0000	0.0046	0.0046	0.0000	0.0001	0.0001	0.0000	0.0002	0.0002	0.0000	0.0002	0.0002	0.0000	0.0000	0.0000	0.0000	0.1216	0.1069	0.0147	0.0238	0.0225	0.0014	0.0977	0.0844	0.0133	0.1102	0.0704	0.0398	0.0362	0.0313	0.0050	0.0740	0.0391	0.0349	22.5555	18.7747	0.3083	41.8062	39.7920	1.5531	4.7528	11.8816	0.0005	0.0017	0.0024	0.0006	0.0046	0.0051	0.0013	0.0003	0.0001	0.0005
56	81	0.1698	8	0	1	0	0	0	0	0	0	N	N	N	N	N	N	N	N	N	N	N	N	1.8396	1.5679	0.0044	0.1417	0.1317	0.0081	5.3992	3.5510	0.0040	0.0097	0.0109	0.0000	0.0016	0.0017	0.0000	0.0121	0.0141	0.0000	0.0052	0.0069	0.0022	0.0113	0.0126	0.0028	0.0022	0.0040	0.0021	0.0001	0.1800	-0.0006	-0.0002	5.0156	3.6751	9.5596	0.0788	0.0017	0.0017	0.0000	0.0001	0.0001	0.0000	0.0016	0.0016	0.0000	0.0004	0.0004	0.0001	0.0003	0.0003	0.0000	0.0001	0.0001	0.0001	0.1749	0.1550	0.0199	0.0413	0.0398	0.0015	0.1336	0.1152	0.0184	0.0837	0.0536	0.0301	0.0278	0.0241	0.0037	0.0559	0.0295	0.0264	1.8396	1.5679	0.0044	0.1417	0.1317	0.0081	5.3992	6.0135	0.0040	0.0052	0.0069	0.0022	0.0113	0.0126	0.0028	0.0022	0.0023	0.0021
56	82	0.1207	7	0	1	0	0	0	0	0	0	N	N	N	N	N	N	N	N	N	N	N	N	875.7870	725.4011	12.6952	2.5403	2.0639	14.3739	1115.3106	140.9629	14.4782	6.1191	6.9842	0.0281	0.0205	0.0182	0.0622	7.1468	8.2739	0.0260	0.0070	0.0096	0.0022	0.0081	0.0088	0.0043	0.0064	0.0587	0.0018	0.0006	0.1275	-0.7237	-0.0010	5.0156	8.5011	9.5596	5.2406	1.9925	1.9914	0.0011	0.0010	0.0008	0.0001	1.9915	1.9906	0.0010	0.0022	0.0019	0.0002	0.0009	0.0008	0.0001	0.0013	0.0011	0.0002	0.3256	0.2851	0.0405	0.0470	0.0445	0.0024	0.2787	0.2406	0.0381	0.3116	0.2006	0.1111	0.1087	0.0902	0.0185	0.2030	0.1104	0.0925	875.7870	725.4011	12.6952	2.5403	2.0639	14.3739	1115.3106	805.3893	14.4782	0.0070	0.0096	0.0022	0.0081	0.0088	0.0043	0.0064	0.0103	0.0018
57	63	0.1626	9	1	2	0	1	0	0	0	0	N	Y	N	N	N	N	N	N	N	N	N	N	0.0356	0.0303	0.0000	0.0591	0.0500	0.0000	0.0000	0.0000	0.0004	0.0004	0.0000	0.0014	0.0015	0.0000	0.0000	0.0000	0.0000	0.0110	0.0148	0.0035	0.0234	0.0297	0.0000	0.0020	0.0000	0.0048	0.0000	0.1196	-0.0000	-0.0005	5.2776	2.0000	4.9316	2.0002	0.0000	0.0000	0.0000	0.0000	0.0000	0.0000	0.0000	0.0000	0.0000	0.0010	0.0009	0.0001	0.0009	0.0009	0.0000	0.0001	0.0000	0.0001	0.1018	0.0891	0.0127	0.0289	0.0270	0.0019	0.0729	0.0621	0.0108	0.0933	0.0620	0.0313	0.0393	0.0310	0.0083	0.0540	0.0310	0.0230	0.0356	0.0303	0.0000	0.0591	0.0500	0.0000	0.0000	0.0000	0.0000	0.0110	0.0148	0.0035	0.0234	0.0297	0.0000	0.0020	0.0000	0.0048	
57	64	0.1783	13	0	2	0	1	0	0	0	0	N	Y	N	N	N	N	N	N	N	N	N	N	0.0005	0.0110	0.0003	0.0116	0.0094	0.6131	0.0001	0.2551	0.0002	0.0001	0.0001	0.0001	0.0001	0.0001	0.0001	0.0000	0.0000	0.0001	0.1330	0.0055	0.2048	0.0085	0.0106	0.0001	0.5590	0.0002	0.2733	0.1584	15.0141	-0.0000	0.0033	5.2776	2.0059	4.9316	4.8036	0.0000	0.0000	0.0000	0.0000	0.0000	0.0000	0.0000	0.0000	0.0000	0.0093	0.0006	0.0088	0.0006	0.0006	0.0000	0.0088	0.0000	0.0088	0.1028	0.0901	0.0127	0.0304	0.0284	0.0020	0.0724	0.0617	0.0107	0.1568	0.1054	0.0514	0.0682	0.0543	0.0138	0.0887	0.0511	0.0376	0.0010	0.0110	0.0004	0.0116	0.0094	0.6131	0.0005	0.2551	0.0003	0.0595	0.0055	0.1703	0.0085	0.0106	0.0001	0.0988	0.0002	0.2328
57	65	0.1755	11	0	2	0	0	0	0	0	0	N	Y	N	N	N	N	N	N	N	N	N	N	894.6073	718.6824	0.0000	8.4497	8.5092	0.0000	71491.4892	212212.5557	0.0000	5.6581	6.7047	0.0000	0.1220	0.1503	0.0000	9.7791	11.2660	0.0000	0.0063	0.0093	0.0005	0.0144	0.0177	0.0013	0.0001	0.0001	0.0002	0.0000	0.0273	-0.1465	-0.0001	5.2776	0.9804	4.9316	0.2754	0.4027	0.4027	0.0000	0.0037	0.0037	0.0000	0.3990	0.3990	0.0000	0.0002	0.0002	0.0000	0.0002	0.0002	0.0000	0.0000	0.0000	0.0000	0.0712	0.0601	0.0111	0.0304	0.0246	0.0057	0.0408	0.0354	0.0054	0.0319	0.0211	0.0109	0.0138	0.0111	0.0027	0.0181	0.0100	0.0081	894.6073	718.6824	0.0000	8.4497	8.5092	0.0000	71491.4892	212212.5557	0.0000	0.0063	0.0093	0.0005	0.0144	0.0177	0.0013	0.0001	0.0001	0.0002
57	66	0.1733	12	0	1	1	1	0	0	0	0	N	N	N	N	N	N	N	N	N	N	N	N	1.5257	1.0361	0.0000	1.4682	1.2512	0.0000	7.9822	50.1521	0.0000	0.0239	0.0274	0.0000	0.0512	0.0546	0.0000	0.0085	0.0101	0.0000	0.0157	0.0265	0.0017	0.0349	0.0437	0.0001	0.0011	0.0002	0.0022	0.0000	0.0358	-0.0006	-0.0012	5.2776	0.9437	4.9316	4.8091	0.0015	0.0015	0.0000	0.0012	0.0012	0.0000	0.0003	0.0003	0.0000	0.0021	0.0021	0.0001	0.0020	0.0020	0.0000	0.0001	0.0000	0.0001	0.0634	0.0553	0.0081	0.0229	0.0215	0.0014	0.0405	0.0338	0.0067	0.1355	0.0911	0.0444	0.0586	0.0468	0.0118	0.0769	0.0443	0.0326	1.5257	1.2173	0.0000	1.4682	1.2512	0.0000	7.9822	50.1521	0.0000	0.0157	0.0225	0.0017	0.0349	0.0437	0.0001	0.0011	0.0002	0.0022
57	67	0.1662	11	0	1	1	1	0	0	0	0	N	N	N	N	N	N	N	N	N	N	N	N	0.0170	0.0134	0.0134	0.0279	0.0236	0.1345	0.0004	0.0000	0.0033	0.0002	0.0002	0.0000	0.0007	0.0008	0.0001	0.0000	0.0000	0.0000	0.0121	0.0173	0.0016	0.0258	0.0323	0.0008	0.0021	0.0039	0.0019	0.0131	0.0464	-0.0000	-0.0014	5.2776	4.0088	4.9316	5.0246	0.0000	0.0000	0.0000	0.0000	0.0000	0.0000	0.0000	0.0000	0.0000	0.0025	0.0024	0.0001	0.0022	0.0022	0.0000	0.0003	0.0002	0.0001	0.2019	0.1768	0.0250	0.0574	0.0536	0.0037	0.1445	0.1232	0.0213	0.2060	0.1370	0.0689	0.0864	0.0685	0.0179	0.1196	0.0685	0.0511	0.0170	0.0134	0.0134	0.0279	0.0236	0.1345	0.0004	0.0000	0.0033	0.0121	0.0173	0.0016	0.0258	0.0323	0.0008	0.0021	0.0023	0.0019
57	68	0.1783	13	0	1	1	1	0	0	0	0	N	N	N	N	N	N	N	N	N	N	N	N	0.1323	0.0917	1.1033	0.0926	0.0779	0.4153	3.4573	5.9287	3.0736	0.0001	0.0001	0.0001	0.0002	0.0002	0.0001	0.0001	0.0001	0.0001	0.0009	0.0013	0.0001	0.0021	0.0025	0.0003	0.0000	0.0000	0.0000	0.1584	0.0451	-0.0000	-0.0001	5.2776	1.0064	4.9316	4.2000	0.0000	0.0000	0.0000	0.0000	0.0000	0.0000	0.0000	0.0000	0.0000	0.0001	0.0001	0.0000	0.0001	0.0001	0.0000	0.0000	0.0000	0.0000	0.0521	0.0456	0.0065	0.0155	0.0145	0.0010	0.0366	0.0312	0.0055	0.1218	0.0820	0.0398	0.0531	0.0424	0.0107	0.0687	0.0396	0.0291	0.1323	0.0917	1.1033	0.0926	0.0779	0.4153	3.4573	5.9287	3.0736	0.0009	0.0013	0.0001	0.0021	0.0025	0.0003	0.0000	0.0000	0.0000
57	69	0.1733	12	0	1	0	1	0	0	0	0	N	N	N	N	N	N	N	N	N	N	N	N	2.7800	3.3539	2.1881	3.2469	3.4625	2.4612	2.6094	4.5172	2.1601	0.0058	0.0057	0.0063	0.0083	0.0084	0.0079	0.0044	0.0041	0.0060	0.0021	0.0017	0.0029	0.0026	0.0024	0.0032	0.0017	0.0009	0.0028	0.1607	0.7975	-0.0001	-0.0000	5.2776	1.2889	4.9316	0.3511	0.0005	0.0004	0.0001	0.0002	0.0002	0.0000	0.0002	0.0002	0.0001	0.0001	0.0000	0.0000	0.0000	0.0000	0.0000	0.0000	0.0000	0.0000	0.0809	0.0707	0.0103	0.0280	0.0262	0.0018	0.0529	0.0444	0.0085	0.0422	0.0287	0.0135	0.0185	0.0151	0.0035	0.0237	0.0137	0.0100	2.7800	3.3539	2.1881	3.2469	3.4625	2.4612	2.6094	4.5172	2.1601	0.0021	0.0017	0.0029	0.0026	0.0024	0.0032	0.0017	0.0009	0.0028
57	70	0.1662	11	0	1	0	1	0	0	0	0	N	N	N	N	N	N	N	N	N	N	N	N	0.7456	0.3330	2.6125	0.5715	0.4908	0.1513	3.0390	2.7343	2.3493	0.0308	0.0308	0.0312	0.0396	0.0424	0.0002	0.0273	0.0257	0.0366	0.0414	0.0925	0.0119	0.0694	0.0863	0.0015	0.0090	0.0094	0.0156	0.1448	0.1283	-0.0003	-0.0008	5.2776	0.7777	4.9316	1.1718	0.0012	0.0011	0.0002	0.0005	0.0005	0.0000	0.0008	0.0006	0.0002	0.0017	0.0015	0.0002	0.0014	0.0014	0.0000	0.0002	0.0001	0.0002	0.0401	0.0351	0.0050	0.0114	0.0107	0.0007	0.0287	0.0244	0.0043	0.0482	0.0323	0.0160	0.0206	0.0165	0.0041	0.0277	0.0158	0.0118	0.8878	0.6692	2.6125	0.5715	0.4908	0.1513	3.0390	6.3209	2.3493	0.0347	0.0460	0.0119	0.0694	0.0863	0.0015	0.0090	0.0041	0.0156
57	71	0.1626	10	0	1	0	1	0	0	0	0	N	N	N	N	N	N	N	N	N	N	N	N	0.0118	0.0093	0.0250	0.0081	0.0075	0.0000	0.0299	0.0308	0.0374	0.0000	0.0000	0.0000	0.0000	0.0000	0.0000	0.0000	0.0000	0.0000	0.0025	0.0031	0.0012	0.0046	0.0053	0.0020	0.0009	0.0008	0.0010	0.1538	0.2027	-0.0000	-0.0000	5.2776	0.9929	4.9316	0.0325	0.0000	0.0000	0.0000	0.0000	0.0000	0.0000	0.0000	0.0000	0.0000	0.0001	0.0000	0.0000	0.0000	0.0000	0.0000	0.0000	0.0000	0.0000	0.0508	0.0445	0.0064	0.0144	0.0135	0.0009	0.0364	0.0310	0.0054	0.0244	0.0162	0.0082	0.0103	0.0081	0.0022	0.0141	0.0081	0.0060	0.0118	0.0093	0.0250	0.0081	0.0075	0.0000	0.0299	0.0308	0.0374	0.0025	0.0031	0.0012	0.0046	0.0053	0.0020	0.0009	0.0008	0.0010
57	72	0.2077	9	1	2	0	0	0	0	0	0	N	Y	N	N	N	N	N	N	N	N	N	N	0.0000	0.0000	0.0000	0.0000	0.0000	0.0000	0.0000	0.0000	0.0000	0.0000	0.0000	0.0000	0.0000	0.0000	0.0000	0.0000	0.0000	0.0000	0.0000	0.0000	5.2776	0.0000	4.9316	0.0001	0.0000	0.0000	0.0000	0.0000	0.0000	0.0000	0.0000	0.0000	0.0000	0.0000	0.0000	0.0000	0.0000	0.0000	0.0000	0.0000	0.0000	0.0000	0.0000	0.0000	0.0000	0.0000	0.0000	0.0000	0.0000	0.0000	0.0000	0.0000	0.0000	0.0000	0.0000	0.0000	0.0000	0.0000	0.0000	0.0000	0.0000	0.0000	0.0000	0.0000	0.0000	0.0000	0.0000	0.0000	0.0000	0.0000	0.0000	0.0000	0.0000	0.0000	0.0000	0.0000	0.0000	0.0000											
57	73	0.1444	8	1	2	0	0	0	0	0	0	N	Y	N	N	N	N	N	N	N	N	N	N	19.2682	15.7648	0.0748	12.4357	10.5467	5.6833	103.0094	373.1869	0.0004	0.0433	0.0494	0.0000	0.0612	0.0654	0.0003	0.0366	0.0428	0.0000	0.0022	0.0031	0.0005	0.0049	0.0062	0.0000	0.0004	0.0001	0.0007	0.0001	0.0838	-0.0077	-0.0004	5.2776	9.9619	4.9316	7.0378	0.0213	0.0213	0.0000	0.0082	0.0082	0.0000	0.0131	0.0131	0.0000	0.0008	0.0008	0.0001	0.0008	0.0008	0.0000	0.0001	0.0000	0.0001	0.4918	0.4315	0.0603	0.1340	0.1254	0.0086	0.3578	0.3061	0.0517	0.3708	0.2456	0.1252	0.1537	0.1217	0.0319	0.2171	0.1239	0.0933	19.2682	15.7648	0.0748	12.4357	10.5467	5.6833	103.0094	373.1869	0.0004	0.0022	0.0031	0.0005	0.0049	0.0062	0.0000	0.0004	0.0001	0.0007
57	74	0.1562	8	0	2	0	0	0	0	0	0	N	Y	N	N	N	N	N	N	N	N	N	N	0.0004	0.0003	0.0389	0.0020	0.0018	0.1353	0.0049	0.0000	0.0330	0.0004	0.0004	0.0002	0.0012	0.0012	0.0001	0.0000	0.0000	0.0003	0.8976	1.4254	0.0059	0.5884	0.6820	0.0009	0.0077	0.0234	0.0077	0.0752	0.0145	-0.0000	-0.0174	5.2776	7.0442	4.9316	2.0273	0.0002	0.0001	0.0000	0.0002	0.0001	0.0000	0.0000	0.0000	0.0000	0.0302	0.0298	0.0004	0.0293	0.0293	0.0000	0.0009	0.0005	0.0004	0.4060	0.3575	0.0486	0.1286	0.1207	0.0079	0.2775	0.2367	0.0407	0.2124	0.1398	0.0726	0.0934	0.0750	0.0184	0.1190	0.0648	0.0542	0.0028	0.0020	0.0389	0.0037	0.0032	0.1353	0.0049	0.0001	0.0330	0.1423	0.2131	0.0059	0.3139	0.3908	0.0009	0.0077	0.0077	0.0077
57	75	0.1323	7	0	2	0	0	0	0	0	0	N	Y	N	N	N	N	N	N	N	N	N	N	0.0038	0.1679	0.0053	0.0561	0.0440	0.4735	0.0040	0.2327	0.0055	0.0043	0.0040	0.0068	0.0017	0.0016	0.0035	0.0054	0.0051	0.0073	1.1381	0.0236	1.2909	0.0296	0.0354	0.0075	1.3678	0.0218	1.3303	0.2311	11.2462	-0.0002	0.0099	5.2776	4.3369	4.9316	3.0972	0.0011	0.0009	0.0002	0.0001	0.0001	0.0000	0.0010	0.0008	0.0002	0.0302	0.0025	0.0278	0.0022	0.0021	0.0001	0.0281	0.0004	0.0276	0.2571	0.2267	0.0304	0.0758	0.0719	0.0039	0.1813	0.1548	0.0266	0.1745	0.1159	0.0586	0.0734	0.0581	0.0153	0.1011	0.0578	0.0433	0.0248	0.1861	0.0144	0.0561	0.0440	0.4735	0.0195	0.7131	0.0115	0.1732	0.0213	0.4734	0.0296	0.0354	0.0075	0.2775	0.0071	0.6379
57	76	0.2196	12	1	2	0	0	0	0	0	0	N	Y	N	N	N	N	N	N	N	N	N	N	263.1420	216.8605	0.0000	375.0508	326.3086	0.0000	187.1488	187.1380	0.0000	0.0677	0.0768	0.0000	0.1976	0.2106	0.0000	0.0029	0.0034	0.0000	0.0003	0.0004	0.0000	0.0005	0.0006	0.0001	0.0000	0.0000	0.0000	0.0000	0.0609	-0.0036	-0.0000	5.2776	1.9992	4.9316	0.0055	0.0099	0.0099	0.0000	0.0097	0.0097	0.0000	0.0003	0.0003	0.0000	0.0000	0.0000	0.0000	0.0000	0.0000	0.0000	0.0000	0.0000	0.0000	0.1467	0.1293	0.0175	0.0488	0.0458	0.0030	0.0979	0.0835	0.0145	0.0662	0.0453	0.0209	0.0313	0.0243	0.0070	0.0349	0.0210	0.0139	263.1420	216.8605	0.0000	375.0508	326.3086	0.0000	187.1488	187.1380	0.0000	0.0003	0.0004	0.0000	0.0005	0.0006	0.0001	0.0000	0.0000	0.0000
57	77	0.1755	11	1	2	0	0	0	0	0	0	N	Y	N	N	N	N	N	N	N	N	N	N	5.4833	4.2804	0.5376	8.0828	7.2464	1.1420	0.0617	0.0331	0.0027	0.0313	0.0360	0.0002	0.0975	0.1089	0.0008	0.0001	0.0001	0.0000	0.0057	0.0084	0.0004	0.0121	0.0150	0.0007	0.0010	0.0022	0.0003	0.0009	0.0230	-0.0031	-0.0005	5.2776	5.0219	4.9316	2.0148	0.0085	0.0085	0.0000	0.0085	0.0085	0.0000	0.0000	0.0000	0.0000	0.0009	0.0009	0.0000	0.0008	0.0008	0.0000	0.0001	0.0001	0.0000	0.2712	0.2356	0.0355	0.0869	0.0777	0.0091	0.1843	0.1579	0.0264	0.1630	0.1082	0.0548	0.0691	0.0548	0.0143	0.0939	0.0534	0.0406	5.4833	4.2804	0.5376	8.0828	7.2464	1.1420	0.0617	0.0461	0.0027	0.0057	0.0084	0.0004	0.0121	0.0150	0.0007	0.0010	0.0016	0.0003
57	78	0.1626	10	0	2	0	0	0	0	0	0	N	Y	N	N	N	N	N	N	N	N	N	N	70.2694	385.4640	0.3181	11.3656	19.2011	0.0963	61.4339	393.3076	0.2867	0.1623	0.1852	0.0019	0.0052	0.0056	0.0001	0.2244	0.2632	0.0022	0.0023	0.0005	0.0059	0.0005	0.0003	0.0011	0.0037	0.0007	0.0077	0.0015	6.2314	-0.0031	0.0001	5.2776	1.0203	4.9316	2.7327	0.0085	0.0085	0.0000	0.0001	0.0001	0.0000	0.0084	0.0084	0.0000	0.0002	0.0000	0.0002	0.0000	0.0000	0.0000	0.0002	0.0000	0.0002	0.0522	0.0457	0.0065	0.0148	0.0138	0.0010	0.0374	0.0319	0.0056	0.0877	0.0583	0.0294	0.0369	0.0291	0.0078	0.0507	0.0291	0.0216	70.2694	385.4640	0.3181	11.3656	19.2011	0.0963	61.4339	393.3076	0.2867	0.0023	0.0005	0.0059	0.0005	0.0003	0.0011	0.0037	0.0007	0.0077
57	79	0.1626	9	0	1	0	0	0	0	0	0	N	N	N	N	N	N	N	N	N	N	N	N	0.0000	0.0000	0.0000	0.0000	0.0000	0.0000	0.0000	0.0000	0.0000	0.0000	0.0000	0.0000	0.0000	0.0000	0.0000	0.0000	0.0000	0.0000	0.0061	0.0044	0.0102	0.0081	0.0073	0.0161	0.0043	0.0003	0.0091	0.9494	0.0000	-0.0000	5.2776	0.0000	4.9316	0.0018	0.0000	0.0000	0.0000	0.0000	0.0000	0.0000	0.0000	0.0000	0.0000	0.0000	0.0000	0.0000	0.0000	0.0000	0.0000	0.0000	0.0000	0.0000	0.0000	0.0000	0.0000	0.0000	0.0000	0.0000	0.0000	0.0000	0.0000	0.0001	0.0001	0.0000	0.0000	0.0000	0.0000	0.0000	0.0000	0.0000	0.0000	0.0000	0.0000	0.0000	0.0000	0.0000	0.0000	0.0000	0.0000	0.0061	0.0044	0.0102	0.0081	0.0073	0.0161	0.0043	0.0003	0.0091	
57	80	0.1444	8	0	1	0	0	0	0	0	0	N	N	N	N	N	N	N	N	N	N	N	N	25.0097	20.0911	0.1088	6.2244	5.5073	0.2513	360.0884	329.1655	0.0043	0.1171	0.1335	0.0001	0.0656	0.0701	0.0006	0.1371	0.1606	0.0000	0.0047	0.0066	0.0008	0.0105	0.0127	0.0023	0.0004	0.0005	0.0002	0.0001	0.0594	-0.0069	-0.0003	5.2776	3.0825	4.9316	2.0124	0.0190	0.0190	0.0000	0.0030	0.0030	0.0000	0.0160	0.0160	0.0000	0.0006	0.0005	0.0000	0.0005	0.0005	0.0000	0.0000	0.0000	0.0000	0.1624	0.1423	0.0200	0.0455	0.0426	0.0029	0.1168	0.0997	0.0171	0.1208	0.0803	0.0405	0.0511	0.0404	0.0107	0.0697	0.0399	0.0298	25.0097	20.0911	0.1088	6.2244	5.5073	0.2513	360.0884	329.1655	0.0043	0.0047	0.0066	0.0008	0.0105	0.0127	0.0023	0.0004	0.0005	0.0002
57	81	0.1323	7	0	1	0	0	0	0	0	0	N	N	N	N	N	N	N	N	N	N	N	N	0.4675	0.2590	0.5412	0.5523	0.4818	0.3216	0.5709	0.1149	0.5600	0.0116	0.0123	0.0064	0.0240	0.0251	0.0035	0.0063	0.0062	0.0068	0.0248	0.0474	0.0118	0.0435	0.0521	0.0108	0.0109	0.0536	0.0121	0.0688	0.1884	-0.0008	-0.0010	5.2776	3.6751	4.9316	0.0788	0.0026	0.0024	0.0002	0.0016	0.0016	0.0000	0.0010	0.0008	0.0002	0.0023	0.0019	0.0004	0.0017	0.0016	0.0001	0.0006	0.0003	0.0003	0.2247	0.1984	0.0263	0.0675	0.0642	0.0033	0.1572	0.1342	0.0230	0.0916	0.0610	0.0306	0.0390	0.0309	0.0081	0.0527	0.0301	0.0226	0.4675	0.3920	0.5412	0.5523	0.4818	0.3216	0.5709	0.6109	0.5600	0.0248	0.0314	0.0118	0.0435	0.0521	0.0108	0.0109	0.0101	0.0121
57	82	0.0832	6	0	1	0	0	0	0	0	0	N	N	N	N	N	N	N	N	N	N	N	N	10.1752	3.2769	842.1599	3.1555	1.3973	49.8843	6.2971	1.6333	903.3320	4.5212	2.6257	17.7782	0.0989	0.0482	1.0024	5.7632	3.4278	19.4980	0.4443	0.8013	0.0211	0.0313	0.0345	0.0201	0.9152	2.0987	0.0216	0.9681	0.0829	0.2546	-0.0177	5.2776	8.5011	4.9316	5.2406	1.9872	1.0097	0.9775	0.0095	0.0044	0.0051	1.9777	1.0053	0.9724	0.0346	0.0319	0.0026	0.0056	0.0048	0.0008	0.0289	0.0271	0.0018	0.4395	0.3845	0.0550	0.0964	0.0913	0.0051	0.3432	0.2933	0.0499	0.3902	0.2649	0.1253	0.1802	0.1403	0.0399	0.2100	0.1246	0.0854	51.0620	21.7987	842.1599	3.1555	1.3973	49.8843	41.8764	15.7816	903.3320	0.0885	0.1205	0.0211	0.0313	0.0345	0.0201	0.1376	0.2172	0.0216
58	63	0.1411	8	1	1	0	1	0	0	0	0	N	N	N	N	N	N	N	N	N	N	N	N	0.0252	0.0789	0.0000	0.0000	0.0000	0.0000	0.0291	0.1191	0.0000	0.0004	0.0005	0.0000	0.0000	0.0000	0.0000	0.0005	0.0006	0.0000	0.0167	0.0061	0.0317	0.0166	0.0193	0.0000	0.0167	0.0047	0.0334	0.0000	3.6500	-0.0000	0.0002	6.4383	2.0000	5.2340	2.0002	0.0000	0.0000	0.0000	0.0000	0.0000	0.0000	0.0000	0.0000	0.0000	0.0011	0.0002	0.0008	0.0002	0.0001	0.0000	0.0009	0.0001	0.0008	0.0949	0.0827	0.0122	0.0127	0.0118	0.0009	0.0822	0.0709	0.0113	0.0640	0.0375	0.0265	0.0091	0.0078	0.0013	0.0549	0.0297	0.0252	0.0252	0.0789	0.0000	0.0000	0.0000	0.0000	0.0291	0.2098	0.0000	0.0167	0.0061	0.0317	0.0166	0.0193	0.0000	0.0167	0.0027	0.0334
58	64	0.1568	12	0	1	0	1	0	0	0	0	N	N	N	N	N	N	N	N	N	N	N	N	0.0044	0.0151	0.0041	0.0092	0.0066	0.2042	0.0039	0.0262	0.0036	0.0000	0.0000	0.0000	0.0000	0.0000	0.0001	0.0000	0.0000	0.0000	0.0055	0.0014	0.0118	0.0028	0.0032	0.0004	0.0061	0.0008	0.0124	0.3409	5.7451	-0.0000	0.0002	6.4383	2.0059	5.2340	4.8036	0.0000	0.0000	0.0000	0.0000	0.0000	0.0000	0.0000	0.0000	0.0000	0.0006	0.0001	0.0005	0.0001	0.0001	0.0000	0.0005	0.0000	0.0005	0.0961	0.0838	0.0123	0.0145	0.0134	0.0011	0.0816	0.0704	0.0112	0.1081	0.0649	0.0433	0.0182	0.0160	0.0022	0.0899	0.0489	0.0410	0.0044	0.0151	0.0041	0.0092	0.0066	0.2042	0.0039	0.0262	0.0036	0.0055	0.0014	0.0118	0.0028	0.0032	0.0004	0.0061	0.0008	0.0124
58	65	0.1540	10	0	1	0	0	0	0	0	0	N	N	N	N	N	N	N	N	N	N	N	N	3910.6911	2687.7634	478.9337	25.2766	24.5836	3.4907	317021.4252	1974680.7624	1185.2174	11.5464	13.1798	0.0877	0.3941	0.4238	0.0075	13.7164	15.8453	0.0959	0.0030	0.0049	0.0002	0.0156	0.0172	0.0022	0.0000	0.0000	0.0001	0.0009	0.0263	-0.2100	-0.0000	6.4383	0.9804	5.2340	0.2754	0.5788	0.5782	0.0005	0.0032	0.0032	0.0000	0.5756	0.5750	0.0005	0.0001	0.0001	0.0000	0.0001	0.0001	0.0000	0.0000	0.0000	0.0000	0.0501	0.0439	0.0063	0.0082	0.0076	0.0006	0.0420	0.0363	0.0057	0.0228	0.0134	0.0094	0.0043	0.0038	0.0005	0.0185	0.0096	0.0089	3910.6911	2687.7634	478.9337	25.2766	24.5836	3.4907	317021.4252	1974680.7624	1185.2174	0.0030	0.0049	0.0002	0.0156	0.0172	0.0022	0.0000	0.0000	0.0001
58	66	0.1519	11	0	0	1	1	0	0	0	0	N	N	N	N	N	N	N	N	N	N	N	N	0.4045	6.0264	0.0000	12.3153	11.6999	0.0000	0.1139	1.7739	0.0000	0.0089	0.0102	0.0000	0.0250	0.0266	0.0000	0.0030	0.0035	0.0000	0.0219	0.0017	0.0525	0.0020	0.0023	0.0003	0.0260	0.0020	0.0553	0.0000	20.5621	-0.0002	0.0008	6.4383	0.9437	5.2340	4.8091	0.0006	0.0006	0.0000	0.0004	0.0004	0.0000	0.0001	0.0001	0.0000	0.0021	0.0001	0.0020	0.0000	0.0000	0.0000	0.0020	0.0001	0.0020	0.0628	0.0546	0.0081	0.0168	0.0158	0.0010	0.0460	0.0388	0.0071	0.0942	0.0567	0.0375	0.0161	0.0142	0.0019	0.0782	0.0425	0.0356	0.4045	6.0264	0.0000	12.3153	11.6999	0.0000	0.1139	2.3433	0.0000	0.0219	0.0017	0.0525	0.0020	0.0023	0.0003	0.0260	0.0015	0.0553
58	67	0.1448	10	0	0	1	1	0	0	0	0	N	N	N	N	N	N	N	N	N	N	N	N	0.0133	0.0106	0.0294	0.0043	0.0042	0.0000	0.0136	0.0006	0.0305	0.0002	0.0002	0.0004	0.0000	0.0000	0.0000	0.0002	0.0002	0.0004	0.0162	0.0176	0.0141	0.0050	0.0055	0.0016	0.0181	0.3323	0.0147	0.3275	0.5583	-0.0000	-0.0005	6.4383	4.0088	5.2340	5.0246	0.0000	0.0000	0.0000	0.0000	0.0000	0.0000	0.0000	0.0000	0.0000	0.0023	0.0015	0.0008	0.0001	0.0001	0.0000	0.0022	0.0014	0.0008	0.1884	0.1642	0.0241	0.0254	0.0236	0.0019	0.1629	0.1407	0.0223	0.1424	0.0839	0.0585	0.0208	0.0180	0.0028	0.1216	0.0659	0.0557	0.0133	0.0106	0.0294	0.0043	0.0042	0.0000	0.0136	0.0102	0.0305	0.0162	0.0176	0.0141	0.0050	0.0055	0.0016	0.0181	0.0209	0.0147
58	68	0.1568	12	0	0	1	1	0	0	0	0	N	N	N	N	N	N	N	N	N	N	N	N	0.0348	0.0385	0.0516	0.0135	0.0098	0.3104	0.0537	3.0578	0.0456	0.0000	0.0000	0.0001	0.0001	0.0000	0.0002	0.0000	0.0000	0.0001	0.0014	0.0011	0.0018	0.0037	0.0042	0.0006	0.0009	0.0000	0.0019	0.3409	1.1504	-0.0000	-0.0000	6.4383	1.0064	5.2340	4.2000	0.0000	0.0000	0.0000	0.0000	0.0000	0.0000	0.0000	0.0000	0.0000	0.0001	0.0001	0.0001	0.0001	0.0001	0.0000	0.0001	0.0000	0.0001	0.0487	0.0425	0.0062	0.0075	0.0069	0.0005	0.0413	0.0356	0.0057	0.0842	0.0507	0.0335	0.0145	0.0128	0.0017	0.0697	0.0379	0.0318	0.0348	0.0385	0.0516	0.0135	0.0098	0.3104	0.0537	3.0578	0.0456	0.0014	0.0011	0.0018	0.0037	0.0042	0.0006	0.0009	0.0000	0.0019
58	69	0.1519	11	0	0	0	1	0	0	0	0	N	N	N	N	N	N	N	N	N	N	N	N	0.6808	0.4859	1.9918	0.3051	0.3142	0.3875	0.9327	0.3138	3.0960	0.0022	0.0019	0.0042	0.0019	0.0015	0.0076	0.0023	0.0020	0.0038	0.0032	0.0038	0.0021	0.0062	0.0049	0.0196	0.0024	0.0063	0.0012	0.3360	0.3378	-0.0000	-0.0000	6.4383	1.2889	5.2340	0.3511	0.0002	0.0001	0.0000	0.0000	0.0000	0.0000	0.0001	0.0001	0.0000	0.0001	0.0001	0.0000	0.0000	0.0000	0.0000	0.0001	0.0000	0.0000	0.0791	0.0689	0.0102	0.0191	0.0179	0.0011	0.0600	0.0510	0.0091	0.0304	0.0189	0.0115	0.0062	0.0056	0.0006	0.0242	0.0133	0.0110	0.6808	0.4859	1.9918	0.3051	0.3142	0.3875	0.9327	0.5821	3.0960	0.0032	0.0038	0.0021	0.0062	0.0049	0.0196	0.0024	0.0034	0.0012
58	70	0.1448	10	0	0	0	1	0	0	0	0	N	N	N	N	N	N	N	N	N	N	N	N	0.1297	0.1963	0.3218	0.0008	0.0008	0.0006	0.1543	0.0160	0.3341	0.0121	0.0106	0.0221	0.0000	0.0000	0.0000	0.0140	0.0124	0.0239	0.0934	0.0542	0.0686	0.0388	0.0427	0.0091	0.0910	0.7769	0.0716	0.3071	1.3098	-0.0001	-0.0000	6.4383	0.7777	5.2340	1.1718	0.0005	0.0003	0.0001	0.0000	0.0000	0.0000	0.0005	0.0003	0.0001	0.0016	0.0007	0.0009	0.0002	0.0002	0.0000	0.0014	0.0005	0.0009	0.0375	0.0326	0.0048	0.0051	0.0048	0.0004	0.0323	0.0279	0.0045	0.0338	0.0203	0.0136	0.0057	0.0050	0.0006	0.0282	0.0152	0.0129	0.2495	0.3031	0.3218	0.0008	0.0008	0.0006	0.2778	0.3819	0.3341	0.0485	0.0351	0.0686	0.0388	0.0427	0.0091	0.0505	0.0326	0.0716
58	71	0.1412	9	0	0	0	1	0	0	0	0	N	N	N	N	N	N	N	N	N	N	N	N	0.0029	0.0028	0.0047	0.0000	0.0000	0.0000	0.0034	0.0015	0.0058	0.0000	0.0000	0.0000	0.0000	0.0000	0.0000	0.0000	0.0000	0.0000	0.0040	0.0035	0.0047	0.0048	0.0031	0.0153	0.0039	0.0075	0.0041	0.3319	0.9413	-0.0000	-0.0000	6.4383	0.9929	5.2340	0.0325	0.0000	0.0000	0.0000	0.0000	0.0000	0.0000	0.0000	0.0000	0.0000	0.0001	0.0000	0.0000	0.0000	0.0000	0.0000	0.0001	0.0000	0.0000	0.0474	0.0413	0.0061	0.0063	0.0059	0.0005	0.0411	0.0354	0.0056	0.0167	0.0098	0.0069	0.0024	0.0020	0.0003	0.0143	0.0078	0.0066	0.0029	0.0028	0.0047	0.0000	0.0000	0.0000	0.0034	0.0032	0.0058	0.0040	0.0035	0.0047	0.0048	0.0031	0.0153	0.0039	0.0036	0.0041
58	72	0.1863	8	1	1	0	0	0	0	0	0	N	N	N	N	N	N	N	N	N	N	N	N	inf	inf	inf	inf	0.0045	0.0050	0.0000	0.0107	0.0108	0.0000	0.0000	0.0000	0.0000	0.0000	0.0000	0.0000	0.0000	0.0000	0.0000	0.0000	0.0000	0.0000	0.0000	-0.0000	0.0000	6.4383	0.0000	5.2340	0.0001	0.0000	0.0000	0.0000	0.0000	0.0000	0.0000	0.0000	0.0000	0.0000	0.0000	0.0000	0.0000	0.0000	0.0000	0.0000	0.0000	0.0000	0.0000	0.0000	0.0000	0.0000	0.0000	0.0000	0.0000	0.0000	0.0000	0.0000	0.0000	0.0000	0.0000	0.0000	0.0000	0.0000	0.0000	0.0000	0.0000	inf	inf	0.0000	inf	inf	0.0000	0.0000	0.0000	0.0000	0.0000	0.0000	0.0000	0.0000	0.0000	0.0000	0.0000	0.0000	0.0000						
58	73	0.1230	7	1	1	0	0	0	0	0	0	N	N	N	N	N	N	N	N	N	N	N	N	13.3884	20.5492	0.1148	21.3756	20.0400	0.0884	9.7895	169.8745	0.1169	0.0411	0.0471	0.0005	0.1926	0.2076	0.0001	0.0203	0.0234	0.0005	0.0031	0.0023	0.0042	0.0090	0.0104	0.0012	0.0021	0.0001	0.0043	0.0015	1.2953	-0.0069	-0.0000	6.4383	9.9619	5.2340	7.0378	0.0190	0.0189	0.0000	0.0108	0.0108	0.0000	0.0082	0.0082	0.0000	0.0008	0.0003	0.0004	0.0003	0.0003	0.0000	0.0005	0.0000	0.0004	0.4612	0.4025	0.0587	0.0559	0.0518	0.0040	0.4054	0.3507	0.0546	0.2591	0.1515	0.1077	0.0374	0.0319	0.0055	0.2217	0.1196	0.1021	13.3884	20.5492	0.1148	21.3756	20.0400	0.0884	9.7895	169.8745	0.1169	0.0031	0.0023	0.0042	0.0090	0.0104	0.0012	0.0021	0.0001	0.0043
58	74	0.1348	7	0	1	0	0	0	0	0	0	N	N	N	N	N	N	N	N	N	N	N	N	1.6465	0.5102	12.7208	1.5877	1.4760	1.8188	1.3794	0.0003	13.6010	0.0443	0.0355	0.1075	0.1555	0.1653	0.0062	0.0163	0.0000	0.1189	0.0269	0.0695	0.0085	0.0980	0.1120	0.0034	0.0119	0.1171	0.0087	0.4215	0.1510	-0.0012	-0.0018	6.4383	7.0442	5.2340	2.0273	0.0175	0.0123	0.0052	0.0123	0.0123	0.0000	0.0052	0.0000	0.0052	0.0038	0.0033	0.0005	0.0024	0.0024	0.0000	0.0014	0.0009	0.0005	0.3951	0.3469	0.0482	0.0792	0.0743	0.0049	0.3159	0.2725	0.0433	0.1430	0.0834	0.0596	0.0250	0.0217	0.0032	0.1180	0.0616	0.0564	1.6465	0.8851	12.7208	1.5877	1.4760	1.8188	1.3794	0.0025	13.6010	0.0269	0.0401	0.0085	0.0980	0.1120	0.0034	0.0119	0.0147	0.0087
58	75	0.1109	6	0	1	0	0	0	0	0	0	N	N	N	N	N	N	N	N	N	N	N	N	2.5095	2.6295	3.6637	3.6401	3.9266	0.0051	2.1347	0.2236	3.9219	0.0741	0.0637	0.1502	0.1450	0.1509	0.0002	0.0591	0.0432	0.1592	0.0295	0.0242	0.0410	0.0398	0.0384	0.0483	0.0277	0.1933	0.0406	0.3218	1.3434	-0.0022	-0.0001	6.4383	4.3369	5.2340	3.0972	0.0186	0.0141	0.0045	0.0063	0.0063	0.0000	0.0122	0.0077	0.0045	0.0036	0.0015	0.0021	0.0007	0.0006	0.0001	0.0029	0.0009	0.0019	0.2508	0.2206	0.0301	0.0437	0.0420	0.0017	0.2071	0.1786	0.0284	0.1213	0.0712	0.0501	0.0183	0.0157	0.0026	0.1030	0.0555	0.0475	2.5095	2.9681	3.6637	3.6401	3.9266	0.0051	2.1347	2.5905	3.9219	0.0295	0.0215	0.0410	0.0398	0.0384	0.0483	0.0277	0.0167	0.0406
58	76	0.1982	11	1	1	0	0	0	0	0	0	N	N	N	N	N	N	N	N	N	N	N	N	28.6454	20.0263	0.0000	27.9516	26.8575	0.0000	71.4300	61.8457	0.0000	0.0293	0.0334	0.0000	0.1845	0.1972	0.0000	0.0004	0.0004	0.0000	0.0010	0.0017	0.0001	0.0066	0.0073	0.0012	0.0000	0.0000	0.0000	0.0000	0.0229	-0.0014	-0.0000	6.4383	1.9992	5.2340	0.0055	0.0037	0.0037	0.0000	0.0037	0.0037	0.0000	0.0000	0.0000	0.0000	0.0000	0.0000	0.0000	0.0000	0.0000	0.0000	0.0000	0.0000	0.0000	0.1278	0.1121	0.0156	0.0201	0.0188	0.0013	0.1077	0.0933	0.0143	0.0430	0.0258	0.0172	0.0066	0.0058	0.0008	0.0363	0.0199	0.0164	28.6454	20.0263	0.0000	27.9516	26.8575	0.0000	71.4300	61.8457	0.0000	0.0010	0.0017	0.0001	0.0066	0.0073	0.0012	0.0000	0.0000	0.0000
58	77	0.1540	10	1	1	0	0	0	0	0	0	N	N	N	N	N	N	N	N	N	N	N	N	6.1519	4.4089	1.4231	58.5242	60.5630	5.8897	0.0001	0.0000	0.0025	0.0513	0.0584	0.0022	0.3650	0.3894	0.0295	0.0000	0.0000	0.0000	0.0083	0.0132	0.0016	0.0062	0.0064	0.0050	0.0087	0.1453	0.0014	0.0055	0.0840	-0.0044	-0.0005	6.4383	5.0219	5.2340	2.0148	0.0122	0.0121	0.0001	0.0122	0.0121	0.0001	0.0000	0.0000	0.0000	0.0009	0.0009	0.0001	0.0001	0.0001	0.0000	0.0008	0.0008	0.0001	0.2376	0.2076	0.0300	0.0334	0.0311	0.0023	0.2042	0.1765	0.0277	0.1129	0.0662	0.0466	0.0174	0.0150	0.0024	0.0955	0.0512	0.0443	6.1519	4.4543	1.4231	58.5242	60.5630	5.8897	0.0001	0.0000	0.0025	0.0083	0.0131	0.0016	0.0062	0.0064	0.0050	0.0087	0.0151	0.0014
58	78	0.1412	9	0	1	0	0	0	0	0	0	N	N	N	N	N	N	N	N	N	N	N	N	142.3159	143.2092	3.2763	6.5078	26.4092	0.0221	160.7942	80.1928	4.7836	0.2501	0.2864	0.0046	0.0103	0.0111	0.0002	0.2872	0.3321	0.0050	0.0018	0.0020	0.0014	0.0016	0.0004	0.0085	0.0018	0.0041	0.0010	0.0024	0.4988	-0.0044	-0.0000	6.4383	1.0203	5.2340	2.7327	0.0122	0.0122	0.0000	0.0001	0.0001	0.0000	0.0121	0.0121	0.0000	0.0001	0.0001	0.0000	0.0000	0.0000	0.0000	0.0001	0.0001	0.0000	0.0487	0.0424	0.0063	0.0065	0.0060	0.0005	0.0422	0.0364	0.0058	0.0601	0.0352	0.0249	0.0085	0.0073	0.0012	0.0516	0.0279	0.0236	142.3159	143.2092	3.2763	6.5078	26.4092	0.0221	160.7942	137.6724	4.7836	0.0018	0.0020	0.0014	0.0016	0.0004	0.0085	0.0018	0.0024	0.0010
58	79	0.1411	8	0	0	0	0	0	0	0	0	N	N	N	N	N	N	N	N	N	N	N	N	0.0000	0.0000	0.0000	0.0000	0.0000	0.0000	0.0000	0.0000	0.0000	0.0000	0.0000	0.0000	0.0000	0.0000	0.0000	0.0000	0.0000	0.0000	0.0069	0.0062	0.0087	0.0100	0.0096	0.0283	0.0051	0.0041	0.0082	0.6277	0.0000	-0.0000	6.4383	0.0000	5.2340	0.0018	0.0000	0.0000	0.0000	0.0000	0.0000	0.0000	0.0000	0.0000	0.0000	0.0000	0.0000	0.0000	0.0000	0.0000	0.0000	0.0000	0.0000	0.0000	0.0000	0.0000	0.0000	0.0000	0.0000	0.0000	0.0000	0.0000	0.0000	0.0001	0.0001	0.0000	0.0000	0.0000	0.0000	0.0001	0.0000	0.0000	0.0000	0.0000	0.0000	0.0000	0.0000	0.0000	0.0000	0.0000	0.0000	0.0069	0.0062	0.0087	0.0100	0.0096	0.0283	0.0051	0.0024	0.0082	
58	80	0.1230	7	0	0	0	0	0	0	0	0	N	N	N	N	N	N	N	N	N	N	N	N	473.9362	270.7025	7.9644	0.0103	0.0093	0.0691	27336.2185	19871.4952	32.3377	6.4239	7.3585	0.0025	0.0009	0.0009	0.0003	7.4033	8.5726	0.0027	0.0136	0.0272	0.0003	0.0879	0.1018	0.0045	0.0003	0.0004	0.0001	0.0000	0.0098	-0.3571	-0.0007	6.4383	3.0825	5.2340	2.0124	0.9817	0.9816	0.0000	0.0000	0.0000	0.0000	0.9816	0.9816	0.0000	0.0011	0.0011	0.0000	0.0011	0.0011	0.0000	0.0000	0.0000	0.0000	0.1528	0.1334	0.0194	0.0202	0.0189	0.0013	0.1326	0.1145	0.0181	0.0838	0.0492	0.0346	0.0127	0.0109	0.0018	0.0711	0.0383	0.0328	473.9362	321.8787	7.9644	0.0103	0.0093	0.0691	27336.2185	19871.4952	32.3377	0.0136	0.0229	0.0003	0.0879	0.1018	0.0045	0.0003	0.0004	0.0001
58	81	0.1109	6	0	0	0	0	0	0	0	0	N	N	N	N	N	N	N	N	N	N	N	N	4.7229	2.1911	24.7662	2.3320	2.4047	0.2123	7.1612	0.3017	55.8717	0.0943	0.0864	0.1527	0.1553	0.1605	0.0139	0.0804	0.0676	0.1609	0.0200	0.0394	0.0062	0.0666	0.0667	0.0655	0.0112	0.2240	0.0029	0.2382	0.1449	-0.0036	-0.0006	6.4383	3.6751	5.2340	0.0788	0.0208	0.0168	0.0040	0.0063	0.0063	0.0000	0.0145	0.0105	0.0040	0.0013	0.0011	0.0002	0.0007	0.0006	0.0001	0.0006	0.0005	0.0001	0.2205	0.1943	0.0262	0.0408	0.0393	0.0015	0.1797	0.1550	0.0247	0.0636	0.0375	0.0260	0.0100	0.0087	0.0014	0.0535	0.0289	0.0247	4.7229	2.9252	24.7662	2.3320	2.4047	0.2123	7.1612	3.6792	55.8717	0.0200	0.0295	0.0062	0.0666	0.0667	0.0655	0.0112	0.0184	0.0029
58	82	0.0618	5	0	0	0	0	0	0	0	0	N	N	N	N	N	N	N	N	N	N	N	N	0.1512	0.0787	10.7081	21.8936	21.5501	10.1307	0.0808	0.0188	10.7007	0.1624	0.1258	0.4074	1.1141	1.1412	0.3730	0.0975	0.0485	0.4080	1.0736	1.5980	0.0380	0.0509	0.0530	0.0368	1.2060	2.5743	0.0381	0.4835	0.1019	-0.0026	-0.0203	6.4383	8.5011	5.2340	5.2406	0.0679	0.0458	0.0221	0.0297	0.0294	0.0004	0.0382	0.0164	0.0218	0.0408	0.0371	0.0038	0.0025	0.0023	0.0002	0.0384	0.0348	0.0035	0.4183	0.3640	0.0543	0.0267	0.0258	0.0009	0.3916	0.3382	0.0534	0.2533	0.1540	0.0993	0.0490	0.0427	0.0063	0.2043	0.1113	0.0930	1.0069	0.5227	10.7081	21.8936	21.5501	10.1307	0.5194	0.1551	10.7007	0.1613	0.2407	0.0380	0.0509	0.0530	0.0368	0.1877	0.3126	0.0381
59	63	0.1132	7	1	1	0	1	0	0	0	0	N	N	N	N	N	N	N	N	N	N	N	N	0.0000	0.0000	0.0000	0.0000	0.0000	0.0000	0.0000	0.0000	0.0000	0.0000	0.0000	0.0000	0.0000	0.0000	0.0000	0.0000	0.0000	0.0063	0.0000	0.0147	0.0000	0.0000	0.0002	0.0072	0.0000	0.0154	6205.5709	0.0000	0.0001	3.9043	2.0000	0.3762	2.0002	0.0000	0.0000	0.0000	0.0000	0.0000	0.0000	0.0000	0.0000	0.0000	0.0002	0.0000	0.0002	0.0000	0.0000	0.0000	0.0002	0.0000	0.0002	0.0773	0.0691	0.0082	0.0168	0.0162	0.0006	0.0605	0.0529	0.0076	0.0238	0.0136	0.0102	0.0030	0.0025	0.0004	0.0208	0.0110	0.0098	0.0000	0.0000	0.0000	0.0000	0.0000	0.0000	0.0000	0.0000	0.0000	0.0063	0.0000	0.0147	0.0000	0.0000	0.0002	0.0072	0.0000	0.0154		
59	64	0.1289	11	0	1	0	1	0	0	0	0	N	N	N	N	N	N	N	N	N	N	N	N	0.0000	0.0000	0.0000	0.0000	0.0000	0.0000	0.0000	0.0000	0.0000	0.0000	0.0000	0.0000	0.0000	0.0000	0.0000	0.0000	0.0000	0.0000	0.0004	0.0006	0.0000	0.0025	0.0028	0.0007	0.0000	0.0000	0.0000	0.0449	0.0000	-0.0000	3.9043	2.0059	0.3762	4.8036	0.0000	0.0000	0.0000	0.0000	0.0000	0.0000	0.0000	0.0000	0.0000	0.0000	0.0000	0.0000	0.0000	0.0000	0.0000	0.0000	0.0000	0.0000	0.0781	0.0698	0.0082	0.0179	0.0172	0.0007	0.0602	0.0526	0.0075	0.0402	0.0235	0.0167	0.0061	0.0054	0.0007	0.0340	0.0181	0.0159	0.0000	0.0000	0.0000	0.0000	0.0000	0.0000	0.0000	0.0000	0.0000	0.0004	0.0006	0.0000	0.0025	0.0028	0.0007	0.0000	0.0000	0.0000	
59	65	0.1260	9	0	1	0	0	0	0	0	0	N	N	N	N	N	N	N	N	N	N	N	N	532.2993	385.0450	0.0086	182.0625	189.9015	0.0000	16046.4903	37446.2915	0.0726	0.3562	0.3979	0.0000	0.6964	0.7279	0.0000	0.2505	0.2859	0.0000	0.0007	0.0010	0.0002	0.0038	0.0038	0.0038	0.0000	0.0000	0.0000	0.0000	0.1303	-0.0052	-0.0000	3.9043	0.9804	0.3762	0.2754	0.0144	0.0144	0.0000	0.0067	0.0067	0.0000	0.0077	0.0077	0.0000	0.0000	0.0000	0.0000	0.0000	0.0000	0.0000	0.0000	0.0000	0.0000	0.0403	0.0361	0.0042	0.0096	0.0091	0.0004	0.0308	0.0269	0.0038	0.0085	0.0048	0.0036	0.0015	0.0013	0.0002	0.0070	0.0035	0.0035	532.2993	385.0450	0.0086	182.0625	189.9015	0.0000	16046.4903	37446.2915	0.0726	0.0007	0.0010	0.0002	0.0038	0.0038	0.0038	0.0000	0.0000	0.0000
59	66	0.1239	10	0	0	1	1	0	0	0	0	N	N	N	N	N	N	N	N	N	N	N	N	0.0000	0.0000	0.0000	0.0000	0.0000	0.0000	0.0000	0.0000	0.0000	0.0000	0.0000	0.0000	0.0000	0.0000	0.0000	0.0000	0.0000	0.0000	0.0021	0.0030	0.0007	0.0112	0.0127	0.0004	0.0004	0.0001	0.0008	0.1728	0.0000	-0.0000	3.9043	0.9437	0.3762	4.8091	0.0000	0.0000	0.0000	0.0000	0.0000	0.0000	0.0000	0.0000	0.0000	0.0001	0.0001	0.0000	0.0001	0.0001	0.0000	0.0000	0.0000	0.0000	0.0475	0.0422	0.0053	0.0145	0.0139	0.0006	0.0330	0.0283	0.0047	0.0351	0.0206	0.0145	0.0055	0.0048	0.0006	0.0296	0.0158	0.0138	0.0000	0.0000	0.0000	0.0000	0.0000	0.0000	0.0000	0.0000	0.0000	0.0021	0.0030	0.0007	0.0112	0.0127	0.0004	0.0004	0.0001	0.0008	
59	67	0.1168	9	0	0	1	1	0	0	0	0	N	N	N	N	N	N	N	N	N	N	N	N	0.0000	0.0000	0.0000	0.0000	0.0000	0.0000	0.0000	0.0000	0.0000	0.0000	0.0000	0.0000	0.0000	0.0000	0.0000	0.0000	0.0000	0.0000	0.0015	0.0015	0.0015	0.0055	0.0028	0.0227	0.0009	0.0012	0.0005	0.7016	0.0000	-0.0000	3.9043	4.0088	0.3762	5.0246	0.0000	0.0000	0.0000	0.0000	0.0000	0.0000	0.0000	0.0000	0.0000	0.0001	0.0000	0.0000	0.0000	0.0000	0.0000	0.0000	0.0000	0.0000	0.1534	0.1372	0.0162	0.0334	0.0322	0.0012	0.1200	0.1050	0.0150	0.0530	0.0305	0.0226	0.0069	0.0060	0.0009	0.0461	0.0245	0.0216	0.0000	0.0000	0.0000	0.0000	0.0000	0.0000	0.0000	0.0000	0.0000	0.0015	0.0015	0.0015	0.0055	0.0028	0.0227	0.0009	0.0012	0.0005	
59	68	0.1289	11	0	0	1	1	0	0	0	0	N	N	N	N	N	N	N	N	N	N	N	N	0.0000	0.0000	0.0000	0.0000	0.0000	0.0000	0.0000	0.0000	0.0000	0.0000	0.0000	0.0000	0.0000	0.0000	0.0000	0.0000	0.0000	0.0000	0.0002	0.0003	0.0001	0.0011	0.0012	0.0010	0.0000	0.0000	0.0000	0.1355	0.0000	-0.0000	3.9043	1.0064	0.3762	4.2000	0.0000	0.0000	0.0000	0.0000	0.0000	0.0000	0.0000	0.0000	0.0000	0.0000	0.0000	0.0000	0.0000	0.0000	0.0000	0.0000	0.0000	0.0000	0.0395	0.0354	0.0042	0.0091	0.0088	0.0004	0.0304	0.0266	0.0038	0.0313	0.0184	0.0129	0.0049	0.0043	0.0006	0.0264	0.0140	0.0123	0.0000	0.0000	0.0000	0.0000	0.0000	0.0000	0.0000	0.0000	0.0000	0.0002	0.0003	0.0001	0.0011	0.0012	0.0010	0.0000	0.0000	0.0000	
59	69	0.1239	10	0	0	0	1	0	0	0	0	N	N	N	N	N	N	N	N	N	N	N	N	0.0000	0.0000	0.0000	0.0000	0.0000	0.0000	0.0000	0.0000	0.0000	0.0000	0.0000	0.0000	0.0000	0.0000	0.0000	0.0000	0.0000	0.0000	0.0017	0.0026	0.0004	0.0059	0.0060	0.0053	0.0007	0.0012	0.0002	0.1062	0.0000	-0.0000	3.9043	1.2889	0.3762	0.3511	0.0000	0.0000	0.0000	0.0000	0.0000	0.0000	0.0000	0.0000	0.0000	0.0000	0.0000	0.0000	0.0000	0.0000	0.0000	0.0000	0.0000	0.0000	0.0608	0.0541	0.0067	0.0175	0.0168	0.0007	0.0433	0.0373	0.0060	0.0113	0.0069	0.0044	0.0022	0.0020	0.0002	0.0092	0.0049	0.0043	0.0000	0.0000	0.0000	0.0000	0.0000	0.0000	0.0000	0.0000	0.0000	0.0017	0.0026	0.0004	0.0059	0.0060	0.0053	0.0007	0.0012	0.0002	
59	70	0.1168	9	0	0	0	1	0	0	0	0	N	N	N	N	N	N	N	N	N	N	N	N	0.0000	0.0000	0.0000	0.0000	0.0000	0.0000	0.0000	0.0000	0.0000	0.0000	0.0000	0.0000	0.0000	0.0000	0.0000	0.0000	0.0000	0.0000	0.2962	0.8330	0.0093	1.1506	0.9774	0.0026	0.0181	0.5021	0.0096	0.0510	0.0000	-0.0005	3.9043	0.7777	0.3762	1.1718	0.0000	0.0000	0.0000	0.0000	0.0000	0.0000	0.0000	0.0000	0.0000	0.0010	0.0010	0.0000	0.0008	0.0008	0.0000	0.0002	0.0001	0.0000	0.0304	0.0272	0.0032	0.0067	0.0064	0.0002	0.0238	0.0208	0.0030	0.0127	0.0074	0.0053	0.0020	0.0017	0.0002	0.0107	0.0057	0.0050	0.0000	0.0000	0.0000	0.0000	0.0000	0.0000	0.0000	0.0000	0.0000	0.0793	0.1288	0.0093	0.4106	0.4638	0.0026	0.0181	0.0257	0.0096	
59	71	0.1132	8	0	0	0	1	0	0	0	0	N	N	N	N	N	N	N	N	N	N	N	N	0.0000	0.0000	0.0000	0.0000	0.0000	0.0000	0.0000	0.0000	0.0000	0.0000	0.0000	0.0000	0.0000	0.0000	0.0000	0.0000	0.0000	0.0000	0.0048	0.0080	0.0006	0.0296	0.0342	0.0013	0.0013	0.0032	0.0006	0.0547	0.0000	-0.0000	3.9043	0.9929	0.3762	0.0325	0.0000	0.0000	0.0000	0.0000	0.0000	0.0000	0.0000	0.0000	0.0000	0.0000	0.0000	0.0000	0.0000	0.0000	0.0000	0.0000	0.0000	0.0000	0.0386	0.0345	0.0041	0.0084	0.0081	0.0003	0.0302	0.0264	0.0038	0.0062	0.0035	0.0027	0.0008	0.0007	0.0001	0.0054	0.0029	0.0025	0.0000	0.0000	0.0000	0.0000	0.0000	0.0000	0.0000	0.0000	0.0000	0.0048	0.0080	0.0006	0.0296	0.0342	0.0013	0.0013	0.0019	0.0006	
59	72	0.1583	7	1	1	0	0	0	0	0	0	N	N	N	N	N	N	N	N	N	N	N	N	inf	inf	inf	inf	0.0069	0.0000	0.0816	0.0000	0.0000	0.0000	0.0119	0.0000	0.0848	0.0000	0.0000	0.0000	0.0000	0.0000	0.0000	0.0000	0.0000	0.0000	inf	0.0000	0.0000	3.9043	0.0000	0.3762	0.0001	0.0000	0.0000	0.0000	0.0000	0.0000	0.0000	0.0000	0.0000	0.0000	0.0000	0.0000	0.0000	0.0000	0.0000	0.0000	0.0000	0.0000	0.0000	0.0000	0.0000	0.0000	0.0000	0.0000	0.0000	0.0000	0.0000	0.0000	0.0000	0.0000	0.0000	0.0000	0.0000	0.0000	0.0000	0.0000	0.0000	inf	0.0000	inf	0.0000	0.0000	0.0000	inf	0.0000	inf	0.0000	0.0000	0.0000	0.0000	0.0000	0.0000	0.0000	0.0000	0.0000						
59	73	0.0950	6	1	1	0	0	0	0	0	0	N	N	N	N	N	N	N	N	N	N	N	N	14.0065	0.0719	230.3042	0.0942	0.0267	6.8474	75.6494	9.8612	273.0645	0.0155	0.0001	0.1388	0.0006	0.0002	0.0136	0.0195	0.0001	0.1472	0.0011	0.0015	0.0006	0.0069	0.0077	0.0020	0.0003	0.0000	0.0005	162.2201	0.3045	0.0037	-0.0000	3.9043	9.9619	0.3762	7.0378	0.0059	0.0000	0.0059	0.0001	0.0000	0.0000	0.0059	0.0000	0.0058	0.0001	0.0001	0.0000	0.0001	0.0001	0.0000	0.0000	0.0000	0.0000	0.3808	0.3385	0.0424	0.0806	0.0780	0.0027	0.3002	0.2605	0.0397	0.0964	0.0550	0.0414	0.0124	0.0106	0.0018	0.0840	0.0444	0.0396	14.0065	0.0719	230.3042	0.0942	0.0267	6.8474	75.6494	9.8612	273.0645	0.0011	0.0015	0.0006	0.0069	0.0077	0.0020	0.0003	0.0000	0.0005
59	74	0.1068	6	0	1	0	0	0	0	0	0	N	N	N	N	N	N	N	N	N	N	N	N	563.4165	0.7627	25970.1272	0.7981	0.7418	0.8301	3126.5638	0.0725	39584.6082	2.1917	0.0047	22.1484	0.0155	0.0159	0.0047	3.0075	0.0001	24.4360	0.0039	0.0062	0.0009	0.0195	0.0215	0.0057	0.0010	0.0014	0.0006	513.4984	0.1045	0.4631	-0.0001	3.9043	7.0442	0.3762	2.0273	0.7302	0.0014	0.7287	0.0014	0.0014	0.0000	0.7288	0.0000	0.7287	0.0002	0.0002	0.0000	0.0002	0.0002	0.0000	0.0000	0.0000	0.0000	0.3332	0.3003	0.0329	0.0908	0.0878	0.0031	0.2423	0.2125	0.0298	0.0533	0.0303	0.0230	0.0084	0.0074	0.0011	0.0448	0.0229	0.0219	563.4165	0.7627	25970.1272	0.7981	0.7418	0.8301	3126.5638	0.0801	39584.6082	0.0039	0.0062	0.0009	0.0195	0.0215	0.0057	0.0010	0.0013	0.0006
59	75	0.0829	5	0	1	0	0	0	0	0	0	N	N	N	N	N	N	N	N	N	N	N	N	4.8117	3.3539	15.8046	4.4219	4.5170	0.0169	2.4971	0.0470	19.6833	0.0172	0.0145	0.0413	0.0499	0.0509	0.0002	0.0060	0.0002	0.0435	0.0036	0.0043	0.0026	0.0113	0.0113	0.0113	0.0024	0.0044	0.0022	0.3319	0.4521	-0.0004	-0.0000	3.9043	4.3369	0.3762	3.0972	0.0037	0.0028	0.0009	0.0027	0.0027	0.0000	0.0009	0.0000	0.0009	0.0002	0.0001	0.0001	0.0001	0.0001	0.0000	0.0001	0.0001	0.0000	0.2143	0.1920	0.0223	0.0551	0.0540	0.0011	0.1592	0.1380	0.0212	0.0453	0.0259	0.0193	0.0061	0.0052	0.0009	0.0392	0.0207	0.0185	4.8117	3.3539	15.8046	4.4219	4.5170	0.0169	2.4971	0.0816	19.6833	0.0036	0.0043	0.0026	0.0113	0.0113	0.0113	0.0024	0.0025	0.0022
59	76	0.1702	10	1	1	0	0	0	0	0	0	N	N	N	N	N	N	N	N	N	N	N	N	0.0000	0.0000	0.0000	0.0000	0.0000	0.0000	0.0000	0.0000	0.0000	0.0000	0.0000	0.0000	0.0000	0.0000	0.0000	0.0000	0.0000	0.0000	0.0003	0.0005	0.0001	0.0022	0.0023	0.0021	0.0000	0.0000	0.0000	0.1374	0.0000	-0.0000	3.9043	1.9992	0.3762	0.0055	0.0000	0.0000	0.0000	0.0000	0.0000	0.0000	0.0000	0.0000	0.0000	0.0000	0.0000	0.0000	0.0000	0.0000	0.0000	0.0000	0.0000	0.0000	0.1055	0.0951	0.0104	0.0248	0.0240	0.0008	0.0807	0.0711	0.0096	0.0158	0.0091	0.0067	0.0021	0.0018	0.0002	0.0137	0.0073	0.0064	0.0000	0.0000	0.0000	0.0000	0.0000	0.0000	0.0000	0.0000	0.0000	0.0003	0.0005	0.0001	0.0022	0.0023	0.0021	0.0000	0.0000	0.0000	
59	77	0.1260	9	1	1	0	0	0	0	0	0	N	N	N	N	N	N	N	N	N	N	N	N	2.8784	1.0823	61.8094	4.9162	2.8656	49.9520	0.0034	0.0000	0.3181	0.0016	0.0009	0.0069	0.0070	0.0039	0.0929	0.0000	0.0000	0.0000	0.0005	0.0009	0.0001	0.0014	0.0014	0.0019	0.0004	0.0007	0.0000	0.8640	0.0969	0.0000	-0.0000	3.9043	5.0219	0.3762	2.0148	0.0003	0.0002	0.0001	0.0003	0.0002	0.0001	0.0000	0.0000	0.0000	0.0000	0.0000	0.0000	0.0000	0.0000	0.0000	0.0000	0.0000	0.0000	0.1931	0.1729	0.0202	0.0428	0.0413	0.0015	0.1503	0.1316	0.0187	0.0419	0.0240	0.0179	0.0058	0.0050	0.0008	0.0362	0.0190	0.0172	2.8784	1.0823	61.8094	4.9162	2.8656	49.9520	0.0034	0.0000	0.3181	0.0005	0.0009	0.0001	0.0014	0.0014	0.0019	0.0004	0.0007	0.0000
59	78	0.1132	8	0	1	0	0	0	0	0	0	N	N	N	N	N	N	N	N	N	N	N	N	18.6367	15.0350	0.4868	20.9819	20.4915	0.0000	14.6418	11.7533	0.5601	0.0076	0.0085	0.0001	0.0163	0.0169	0.0000	0.0052	0.0060	0.0001	0.0004	0.0006	0.0002	0.0008	0.0008	0.0005	0.0004	0.0005	0.0002	0.0014	0.2644	-0.0001	-0.0000	3.9043	1.0203	0.3762	2.7327	0.0003	0.0003	0.0000	0.0001	0.0001	0.0000	0.0002	0.0002	0.0000	0.0000	0.0000	0.0000	0.0000	0.0000	0.0000	0.0000	0.0000	0.0000	0.0396	0.0354	0.0042	0.0086	0.0083	0.0003	0.0310	0.0271	0.0039	0.0223	0.0127	0.0096	0.0028	0.0024	0.0004	0.0195	0.0104	0.0092	18.6367	15.0350	0.4868	20.9819	20.4915	0.0000	14.6418	11.7533	0.5601	0.0004	0.0006	0.0002	0.0008	0.0008	0.0005	0.0004	0.0005	0.0002
59	79	0.1132	7	0	0	0	0	0	0	0	0	N	N	N	N	N	N	N	N	N	N	N	N	0.0000	0.0000	0.0000	0.0000	0.0000	0.0000	0.0000	0.0000	0.0000	0.0000	0.0000	0.0000	0.0000	0.0000	0.0000	0.0000	0.0000	0.0000	0.0095	0.0078	0.0132	0.0211	0.0133	0.5705	0.0028	0.0028	0.0038	0.7812	0.0000	-0.0000	3.9043	0.0000	0.3762	0.0018	0.0000	0.0000	0.0000	0.0000	0.0000	0.0000	0.0000	0.0000	0.0000	0.0000	0.0000	0.0000	0.0000	0.0000	0.0000	0.0000	0.0000	0.0000	0.0000	0.0000	0.0000	0.0000	0.0000	0.0000	0.0000	0.0000	0.0000	0.0000	0.0000	0.0000	0.0000	0.0000	0.0000	0.0000	0.0000	0.0000	0.0000	0.0000	0.0000	0.0000	0.0000	0.0000	0.0000	0.0000	0.0000	0.0095	0.0078	0.0132	0.0211	0.0133	0.3188	0.0028	0.0018	0.0038	
59	80	0.0950	6	0	0	0	0	0	0	0	0	N	N	N	N	N	N	N	N	N	N	N	N	1.6308	1.3541	5.4573	0.1178	0.0292	4.3862	1.9726	8.6805	5.5159	0.0366	0.0048	0.2603	0.0016	0.0004	0.0410	0.0469	0.0063	0.2730	0.0224	0.0036	0.0477	0.0140	0.0147	0.0093	0.0238	0.0007	0.0495	7.6517	9.9876	0.0025	0.0002	3.9043	3.0825	0.3762	2.0124	0.0047	0.0005	0.0042	0.0000	0.0000	0.0000	0.0047	0.0005	0.0042	0.0007	0.0001	0.0006	0.0001	0.0001	0.0000	0.0006	0.0000	0.0006	0.1295	0.1134	0.0161	0.0294	0.0286	0.0009	0.1000	0.0848	0.0152	0.0312	0.0178	0.0133	0.0042	0.0036	0.0006	0.0269	0.0142	0.0127	1.6308	1.3541	5.4573	0.1178	0.0292	4.3862	1.9726	8.6805	5.5159	0.0224	0.0036	0.0477	0.0140	0.0147	0.0093	0.0238	0.0007	0.0495
59	81	0.0829	5	0	0	0	0	0	0	0	0	N	N	N	N	N	N	N	N	N	N	N	N	679.9808	1.5936	11803.5846	1.7480	1.7936	0.9014	1839.1105	0.1037	18630.3671	3.1851	0.0099	30.3176	0.0329	0.0331	0.0188	4.3140	0.0005	31.8773	0.0047	0.0062	0.0026	0.0188	0.0185	0.0209	0.0023	0.0051	0.0017	356.7342	0.3028	0.3780	-0.0000	3.9043	3.6751	0.3762	0.0788	0.5967	0.0017	0.5951	0.0016	0.0016	0.0000	0.5951	0.0001	0.5950	0.0001	0.0001	0.0000	0.0001	0.0001	0.0000	0.0000	0.0000	0.0000	0.1874	0.1677	0.0196	0.0494	0.0484	0.0010	0.1379	0.1193	0.0187	0.0237	0.0137	0.0101	0.0034	0.0029	0.0004	0.0204	0.0108	0.0096	679.9808	1.5936	11803.5846	1.7480	1.7936	0.9014	1839.1105	0.1804	18630.3671	0.0047	0.0062	0.0026	0.0188	0.0185	0.0209	0.0023	0.0029	0.0017
59	82	0.0338	4	0	0	0	0	0	0	0	0	N	N	N	N	N	N	N	N	N	N	N	N	2.0278	2.9595	5.5708	4.1802	4.5468	1.8564	3.2236	3.0176	6.1439	0.1916	0.1669	0.3918	0.4581	0.4594	0.3212	0.1296	0.0890	0.3930	0.0945	0.0564	0.0703	0.1096	0.1010	0.1730	0.0402	0.0295	0.0640	0.2901	1.3378	-0.0100	-0.0001	3.9043	8.5011	0.3762	5.2406	0.0717	0.0556	0.0161	0.0324	0.0322	0.0002	0.0393	0.0234	0.0159	0.0049	0.0021	0.0028	0.0022	0.0018	0.0004	0.0028	0.0004	0.0024	0.3742	0.3330	0.0411	0.0707	0.0700	0.0006	0.3035	0.2630	0.0405	0.0998	0.0596	0.0403	0.0198	0.0175	0.0024	0.0800	0.0421	0.0379	3.8644	4.6936	5.5708	4.1802	4.5468	1.8564	3.7304	10.5936	6.1439	0.0496	0.0356	0.0703	0.1096	0.1010	0.1730	0.0347	0.0084	0.0640
60	63	0.1049	6	1	1	0	1	0	0	0	0	N	N	N	N	N	N	N	N	N	N	N	N	0.0000	0.0000	0.0000	0.0000	0.0000	0.0000	0.0000	0.0000	0.0000	0.0000	0.0000	0.0000	0.0000	0.0000	0.0000	0.0000	0.0000	0.0000	0.0000	0.0000	0.0001	0.0001	0.0005	0.0000	0.0000	0.0000	0.9997	0.0000	-0.0000	1.5036	2.0000	0.1987	2.0002	0.0000	0.0000	0.0000	0.0000	0.0000	0.0000	0.0000	0.0000	0.0000	0.0000	0.0000	0.0000	0.0000	0.0000	0.0000	0.0000	0.0000	0.0000	0.0417	0.0381	0.0036	0.0125	0.0122	0.0003	0.0292	0.0259	0.0033	0.0112	0.0068	0.0044	0.0020	0.0018	0.0002	0.0092	0.0050	0.0042	0.0000	0.0000	0.0000	0.0000	0.0000	0.0000	0.0000	0.0000	0.0000	0.0000	0.0000	0.0000	0.0001	0.0001	0.0005	0.0000	0.0000	0.0000		
60	64	0.1206	10	0	1	0	1	0	0	0	0	N	N	N	N	N	N	N	N	N	N	N	N	0.0000	0.0000	0.0000	0.0000	0.0000	0.0000	0.0000	0.0000	0.0000	0.0000	0.0000	0.0000	0.0000	0.0000	0.0000	0.0000	0.0000	0.0000	0.0012	0.0010	0.0015	0.0031	0.0033	0.0018	0.0007	0.0001	0.0015	0.8851	0.0000	-0.0000	1.5036	2.0059	0.1987	4.8036	0.0000	0.0000	0.0000	0.0000	0.0000	0.0000	0.0000	0.0000	0.0000	0.0000	0.0000	0.0000	0.0000	0.0000	0.0000	0.0000	0.0000	0.0000	0.0420	0.0384	0.0036	0.0129	0.0126	0.0003	0.0291	0.0258	0.0033	0.0189	0.0117	0.0072	0.0039	0.0035	0.0004	0.0150	0.0082	0.0068	0.0000	0.0000	0.0000	0.0000	0.0000	0.0000	0.0000	0.0000	0.0000	0.0012	0.0010	0.0015	0.0031	0.0033	0.0018	0.0007	0.0001	0.0015	
60	65	0.1178	8	0	1	0	0	0	0	0	0	N	N	N	N	N	N	N	N	N	N	N	N	1663.5897	2131.0904	0.1968	613.0100	1082.3222	0.0000	13105.9365	30817.5150	1.9102	0.6130	0.6726	0.0001	0.9667	1.0045	0.0000	0.4488	0.5055	0.0001	0.0004	0.0003	0.0004	0.0016	0.0009	0.0089	0.0000	0.0000	0.0001	0.0000	0.9256	-0.0048	-0.0000	1.5036	0.9804	0.1987	0.2754	0.0133	0.0133	0.0000	0.0067	0.0067	0.0000	0.0067	0.0067	0.0000	0.0000	0.0000	0.0000	0.0000	0.0000	0.0000	0.0000	0.0000	0.0000	0.0217	0.0198	0.0019	0.0069	0.0066	0.0003	0.0148	0.0132	0.0017	0.0039	0.0024	0.0015	0.0008	0.0008	0.0001	0.0031	0.0016	0.0015	1663.5897	2131.0904	0.1968	613.0100	1082.3222	0.0000	13105.9365	30817.5150	1.9102	0.0004	0.0003	0.0004	0.0016	0.0009	0.0089	0.0000	0.0000	0.0001
60	66	0.1157	9	0	0	1	1	0	0	0	0	N	N	N	N	N	N	N	N	N	N	N	N	0.0000	0.0000	0.0000	0.0000	0.0000	0.0000	0.0000	0.0000	0.0000	0.0000	0.0000	0.0000	0.0000	0.0000	0.0000	0.0000	0.0000	0.0000	0.0100	0.0103	0.0093	0.0241	0.0264	0.0010	0.0063	0.0060	0.0098	0.5540	0.0000	-0.0000	1.5036	0.9437	0.1987	4.8091	0.0000	0.0000	0.0000	0.0000	0.0000	0.0000	0.0000	0.0000	0.0000	0.0002	0.0001	0.0001	0.0001	0.0001	0.0000	0.0001	0.0000	0.0001	0.0240	0.0217	0.0023	0.0085	0.0082	0.0003	0.0155	0.0135	0.0020	0.0164	0.0102	0.0062	0.0034	0.0031	0.0003	0.0130	0.0071	0.0059	0.0000	0.0000	0.0000	0.0000	0.0000	0.0000	0.0000	0.0000	0.0000	0.0100	0.0103	0.0093	0.0241	0.0264	0.0010	0.0063	0.0033	0.0098	
60	67	0.1086	8	0	0	1	1	0	0	0	0	N	N	N	N	N	N	N	N	N	N	N	N	0.0000	0.0000	0.0000	0.0000	0.0000	0.0000	0.0000	0.0000	0.0000	0.0000	0.0000	0.0000	0.0000	0.0000	0.0000	0.0000	0.0000	0.0000	0.0026	0.0028	0.0024	0.0118	0.0079	0.0485	0.0006	0.0009	0.0002	0.5340	0.0000	-0.0000	1.5036	4.0088	0.1987	5.0246	0.0000	0.0000	0.0000	0.0000	0.0000	0.0000	0.0000	0.0000	0.0000	0.0001	0.0000	0.0000	0.0001	0.0000	0.0000	0.0000	0.0000	0.0000	0.0828	0.0756	0.0071	0.0248	0.0243	0.0005	0.0580	0.0514	0.0066	0.0249	0.0152	0.0097	0.0046	0.0042	0.0004	0.0203	0.0110	0.0093	0.0000	0.0000	0.0000	0.0000	0.0000	0.0000	0.0000	0.0000	0.0000	0.0026	0.0028	0.0024	0.0118	0.0079	0.0485	0.0006	0.0009	0.0002	
60	68	0.1206	10	0	0	1	1	0	0	0	0	N	N	N	N	N	N	N	N	N	N	N	N	0.0000	0.0000	0.0000	0.0000	0.0000	0.0000	0.0000	0.0000	0.0000	0.0000	0.0000	0.0000	0.0000	0.0000	0.0000	0.0000	0.0000	0.0000	0.0002	0.0002	0.0001	0.0007	0.0005	0.0023	0.0001	0.0001	0.0000	0.3585	0.0000	-0.0000	1.5036	1.0064	0.1987	4.2000	0.0000	0.0000	0.0000	0.0000	0.0000	0.0000	0.0000	0.0000	0.0000	0.0000	0.0000	0.0000	0.0000	0.0000	0.0000	0.0000	0.0000	0.0000	0.0213	0.0194	0.0018	0.0065	0.0064	0.0002	0.0147	0.0130	0.0017	0.0147	0.0091	0.0056	0.0030	0.0028	0.0003	0.0116	0.0063	0.0053	0.0000	0.0000	0.0000	0.0000	0.0000	0.0000	0.0000	0.0000	0.0000	0.0002	0.0002	0.0001	0.0007	0.0005	0.0023	0.0001	0.0001	0.0000	
60	69	0.1157	9	0	0	0	1	0	0	0	0	N	N	N	N	N	N	N	N	N	N	N	N	0.0000	0.0000	0.0000	0.0000	0.0000	0.0000	0.0000	0.0000	0.0000	0.0000	0.0000	0.0000	0.0000	0.0000	0.0000	0.0000	0.0000	0.0000	0.0043	0.0062	0.0010	0.0100	0.0100	0.0104	0.0026	0.0105	0.0005	0.0943	0.0000	-0.0000	1.5036	1.2889	0.1987	0.3511	0.0000	0.0000	0.0000	0.0000	0.0000	0.0000	0.0000	0.0000	0.0000	0.0000	0.0000	0.0000	0.0000	0.0000	0.0000	0.0000	0.0000	0.0000	0.0312	0.0283	0.0029	0.0106	0.0103	0.0003	0.0205	0.0180	0.0026	0.0053	0.0033	0.0019	0.0012	0.0011	0.0001	0.0040	0.0022	0.0018	0.0000	0.0000	0.0000	0.0000	0.0000	0.0000	0.0000	0.0000	0.0000	0.0043	0.0062	0.0010	0.0100	0.0100	0.0104	0.0026	0.0043	0.0005	
60	70	0.1086	8	0	0	0	1	0	0	0	0	N	N	N	N	N	N	N	N	N	N	N	N	0.0000	0.0000	0.0000	0.0000	0.0000	0.0000	0.0000	0.0000	0.0000	0.0000	0.0000	0.0000	0.0000	0.0000	0.0000	0.0000	0.0000	0.0000	1.3418	2.1573	0.0258	2.4335	2.1564	0.0053	1.1529	2.4877	0.0269	0.0375	0.0000	-0.0009	1.5036	0.7777	0.1987	1.1718	0.0000	0.0000	0.0000	0.0000	0.0000	0.0000	0.0000	0.0000	0.0000	0.0016	0.0016	0.0001	0.0008	0.0008	0.0000	0.0008	0.0008	0.0001	0.0164	0.0150	0.0014	0.0049	0.0048	0.0001	0.0115	0.0102	0.0013	0.0059	0.0037	0.0023	0.0012	0.0011	0.0001	0.0047	0.0026	0.0022	0.0000	0.0000	0.0000	0.0000	0.0000	0.0000	0.0000	0.0000	0.0000	0.2719	0.4233	0.0258	0.6521	0.7184	0.0053	0.1716	0.2934	0.0269	
60	71	0.1049	7	0	0	0	1	0	0	0	0	N	N	N	N	N	N	N	N	N	N	N	N	0.0000	0.0000	0.0000	0.0000	0.0000	0.0000	0.0000	0.0000	0.0000	0.0000	0.0000	0.0000	0.0000	0.0000	0.0000	0.0000	0.0000	0.0000	0.0158	0.0319	0.0016	0.0437	0.0480	0.0021	0.0096	0.1711	0.0015	0.0400	0.0000	-0.0000	1.5036	0.9929	0.1987	0.0325	0.0000	0.0000	0.0000	0.0000	0.0000	0.0000	0.0000	0.0000	0.0000	0.0000	0.0000	0.0000	0.0000	0.0000	0.0000	0.0000	0.0000	0.0000	0.0208	0.0190	0.0018	0.0062	0.0061	0.0001	0.0146	0.0129	0.0017	0.0029	0.0018	0.0011	0.0005	0.0005	0.0001	0.0024	0.0013	0.0011	0.0000	0.0000	0.0000	0.0000	0.0000	0.0000	0.0000	0.0000	0.0000	0.0158	0.0250	0.0016	0.0437	0.0480	0.0021	0.0096	0.0164	0.0015	
60	72	0.1501	6	1	1	0	0	0	0	0	0	N	N	N	N	N	N	N	N	N	N	N	N	0.0000	0.0000	0.0000	0.0000	0.0000	0.0000	0.0000	0.0000	0.0000	0.0000	0.0000	0.0000	0.0000	0.0000	0.0000	0.0000	0.0000	0.0000	0.0000	0.0000	1.5036	0.0000	0.1987	0.0001	0.0000	0.0000	0.0000	0.0000	0.0000	0.0000	0.0000	0.0000	0.0000	0.0000	0.0000	0.0000	0.0000	0.0000	0.0000	0.0000	0.0000	0.0000	0.0000	0.0000	0.0000	0.0000	0.0000	0.0000	0.0000	0.0000	0.0000	0.0000	0.0000	0.0000	0.0000	0.0000	0.0000	0.0000	0.0000	0.0000	0.0000	0.0000	0.0000	0.0000	0.0000	0.0000	0.0000	0.0000	0.0000	0.0000	0.0000	0.0000	0.0000	0.0000	0.0000	0.0000	0.0000	0.0000											
60	73	0.0868	5	1	1	0	0	0	0	0	0	N	N	N	N	N	N	N	N	N	N	N	N	6.4459	4.3018	26.1803	3.6849	3.5988	2.3567	8.0543	0.0736	28.4447	0.0160	0.0089	0.0819	0.0271	0.0274	0.0119	0.0113	0.0000	0.0863	0.0025	0.0021	0.0031	0.0074	0.0076	0.0051	0.0014	0.0000	0.0030	0.9999	0.9905	0.0005	-0.0000	1.5036	9.9619	0.1987	7.0378	0.0033	0.0017	0.0017	0.0017	0.0017	0.0000	0.0016	0.0000	0.0016	0.0001	0.0001	0.0001	0.0001	0.0001	0.0000	0.0001	0.0000	0.0001	0.2078	0.1875	0.0203	0.0618	0.0606	0.0012	0.1460	0.1269	0.0191	0.0450	0.0272	0.0178	0.0082	0.0073	0.0008	0.0368	0.0199	0.0169	6.4459	4.3018	26.1803	3.6849	3.5988	2.3567	8.0543	0.0736	28.4447	0.0025	0.0021	0.0031	0.0074	0.0076	0.0051	0.0014	0.0000	0.0030
60	74	0.0986	5	0	1	0	0	0	0	0	0	N	N	N	N	N	N	N	N	N	N	N	N	263.7249	89.2781	12272.0996	145.9953	144.6381	0.2120	350.2966	0.0000	34972.2196	2.0865	1.1045	13.5199	2.9648	3.0274	0.0030	1.6279	0.0000	14.8528	0.0079	0.0124	0.0011	0.0203	0.0209	0.0142	0.0046	0.0322	0.0004	1.0514	0.0583	0.0574	-0.0001	1.5036	7.0442	0.1987	2.0273	0.3860	0.1882	0.1978	0.1882	0.1882	0.0000	0.1978	0.0000	0.1978	0.0002	0.0002	0.0000	0.0001	0.0001	0.0000	0.0001	0.0001	0.0000	0.1850	0.1704	0.0146	0.0635	0.0622	0.0013	0.1215	0.1082	0.0133	0.0250	0.0151	0.0099	0.0052	0.0047	0.0005	0.0198	0.0104	0.0094	263.7249	89.2781	12272.0996	145.9953	144.6381	0.2120	350.2966	0.0000	34972.2196	0.0079	0.0124	0.0011	0.0203	0.0209	0.0142	0.0046	0.0085	0.0004
60	75	0.0747	4	0	1	0	0	0	0	0	0	N	N	N	N	N	N	N	N	N	N	N	N	6.4883	3.4114	38.6164	2.8739	3.3100	0.5678	10.8241	0.1930	61.2772	0.0224	0.0124	0.1221	0.0335	0.0338	0.0142	0.0168	0.0002	0.1275	0.0034	0.0036	0.0032	0.0117	0.0102	0.0250	0.0015	0.0011	0.0021	0.9866	0.5631	0.0004	-0.0000	1.5036	4.3369	0.1987	3.0972	0.0027	0.0014	0.0013	0.0013	0.0013	0.0000	0.0013	0.0000	0.0013	0.0001	0.0000	0.0000	0.0000	0.0000	0.0000	0.0000	0.0000	0.0000	0.1202	0.1093	0.0109	0.0401	0.0396	0.0005	0.0801	0.0697	0.0104	0.0212	0.0129	0.0083	0.0040	0.0036	0.0004	0.0172	0.0093	0.0079	6.4883	3.4114	38.6164	2.8739	3.3100	0.5678	10.8241	0.1930	61.2772	0.0034	0.0036	0.0032	0.0117	0.0102	0.0250	0.0015	0.0011	0.0021
60	76	0.1620	9	1	1	0	0	0	0	0	0	N	N	N	N	N	N	N	N	N	N	N	N	0.0000	0.0000	0.0000	0.0000	0.0000	0.0000	0.0000	0.0000	0.0000	0.0000	0.0000	0.0000	0.0000	0.0000	0.0000	0.0000	0.0000	0.0000	0.0002	0.0001	0.0002	0.0008	0.0005	0.0049	0.0000	0.0000	0.0000	0.9212	0.0000	-0.0000	1.5036	1.9992	0.1987	0.0055	0.0000	0.0000	0.0000	0.0000	0.0000	0.0000	0.0000	0.0000	0.0000	0.0000	0.0000	0.0000	0.0000	0.0000	0.0000	0.0000	0.0000	0.0000	0.0574	0.0529	0.0045	0.0181	0.0177	0.0004	0.0394	0.0352	0.0042	0.0076	0.0047	0.0029	0.0015	0.0014	0.0001	0.0062	0.0034	0.0028	0.0000	0.0000	0.0000	0.0000	0.0000	0.0000	0.0000	0.0000	0.0000	0.0002	0.0001	0.0002	0.0008	0.0005	0.0049	0.0000	0.0000	0.0000	
60	77	0.1178	8	1	1	0	0	0	0	0	0	N	N	N	N	N	N	N	N	N	N	N	N	10.0970	5.4564	59.9839	8.1642	5.8681	45.6929	0.0379	0.0000	0.3149	0.0027	0.0015	0.0157	0.0089	0.0045	0.1878	0.0000	0.0000	0.0000	0.0003	0.0003	0.0003	0.0011	0.0008	0.0041	0.0001	0.0001	0.0001	1.0000	0.6262	0.0000	-0.0000	1.5036	5.0219	0.1987	2.0148	0.0003	0.0001	0.0001	0.0003	0.0001	0.0001	0.0000	0.0000	0.0000	0.0000	0.0000	0.0000	0.0000	0.0000	0.0000	0.0000	0.0000	0.0000	0.1042	0.0953	0.0089	0.0316	0.0309	0.0007	0.0726	0.0644	0.0082	0.0196	0.0119	0.0077	0.0037	0.0034	0.0003	0.0159	0.0085	0.0074	10.0970	5.4564	59.9839	8.1642	5.8681	45.6929	0.0379	0.0000	0.3149	0.0003	0.0003	0.0003	0.0011	0.0008	0.0041	0.0001	0.0001	0.0001
60	78	0.1049	7	0	1	0	0	0	0	0	0	N	N	N	N	N	N	N	N	N	N	N	N	33.2472	26.2747	1.2641	18.9492	18.5387	0.0000	41.2894	34.8792	1.5977	0.0131	0.0144	0.0002	0.0220	0.0225	0.0000	0.0094	0.0105	0.0002	0.0004	0.0005	0.0002	0.0012	0.0012	0.0007	0.0002	0.0003	0.0001	0.0013	0.1898	-0.0001	-0.0000	1.5036	1.0203	0.1987	2.7327	0.0003	0.0003	0.0000	0.0001	0.0001	0.0000	0.0001	0.0001	0.0000	0.0000	0.0000	0.0000	0.0000	0.0000	0.0000	0.0000	0.0000	0.0000	0.0214	0.0195	0.0018	0.0064	0.0062	0.0001	0.0150	0.0133	0.0017	0.0105	0.0064	0.0041	0.0019	0.0017	0.0002	0.0086	0.0047	0.0039	33.2472	26.2747	1.2641	18.9492	18.5387	0.0000	41.2894	34.8792	1.5977	0.0004	0.0005	0.0002	0.0012	0.0012	0.0007	0.0002	0.0003	0.0001
60	79	0.1049	6	0	0	0	0	0	0	0	0	N	N	N	N	N	N	N	N	N	N	N	N	0.0000	0.0000	0.0000	0.0000	0.0000	0.0000	0.0000	0.0000	0.0000	0.0000	0.0000	0.0000	0.0000	0.0000	0.0000	0.0000	0.0000	0.0000	0.0297	0.0471	0.0260	0.0570	0.0404	1.0226	0.0129	0.3559	0.0036	0.3658	0.0000	-0.0000	1.5036	0.0000	0.1987	0.0018	0.0000	0.0000	0.0000	0.0000	0.0000	0.0000	0.0000	0.0000	0.0000	0.0000	0.0000	0.0000	0.0000	0.0000	0.0000	0.0000	0.0000	0.0000	0.0000	0.0000	0.0000	0.0000	0.0000	0.0000	0.0000	0.0000	0.0000	0.0000	0.0000	0.0000	0.0000	0.0000	0.0000	0.0000	0.0000	0.0000	0.0000	0.0000	0.0000	0.0000	0.0000	0.0000	0.0000	0.0000	0.0000	0.0297	0.0313	0.0260	0.0570	0.0404	0.5048	0.0129	0.0211	0.0036	
60	80	0.0868	5	0	0	0	0	0	0	0	0	N	N	N	N	N	N	N	N	N	N	N	N	11.9038	6.0443	59.9104	5.9460	6.5759	1.5934	17.8093	0.0012	89.8844	0.0461	0.0263	0.1880	0.0744	0.0751	0.0357	0.0332	0.0000	0.1953	0.0039	0.0043	0.0031	0.0125	0.0114	0.0224	0.0019	0.0023	0.0022	0.9999	0.4658	0.0005	-0.0000	1.5036	3.0825	0.1987	2.0124	0.0033	0.0017	0.0017	0.0017	0.0017	0.0000	0.0016	0.0000	0.0016	0.0001	0.0000	0.0000	0.0000	0.0000	0.0000	0.0000	0.0000	0.0000	0.0722	0.0633	0.0088	0.0226	0.0222	0.0004	0.0496	0.0412	0.0084	0.0146	0.0089	0.0057	0.0028	0.0025	0.0003	0.0118	0.0064	0.0054	11.9038	6.0443	59.9104	5.9460	6.5759	1.5934	17.8093	0.0017	89.8844	0.0039	0.0043	0.0031	0.0125	0.0114	0.0224	0.0019	0.0016	0.0022
60	81	0.0747	4	0	0	0	0	0	0	0	0	N	N	N	N	N	N	N	N	N	N	N	N	806.2271	442.8863	4352.9499	353.8190	424.8072	0.3602	1428.0871	0.2338	7274.7114	4.5180	2.4913	24.2483	6.6901	6.7749	0.0168	3.4106	0.0004	25.4036	0.0056	0.0056	0.0056	0.0189	0.0159	0.0466	0.0024	0.0018	0.0035	0.9998	0.6327	0.0644	-0.0000	1.5036	3.6751	0.1987	0.0788	0.4728	0.2364	0.2364	0.2364	0.2364	0.0000	0.2364	0.0000	0.2364	0.0001	0.0000	0.0000	0.0000	0.0000	0.0000	0.0000	0.0000	0.0000	0.1046	0.0949	0.0097	0.0353	0.0349	0.0004	0.0693	0.0600	0.0093	0.0111	0.0068	0.0043	0.0022	0.0020	0.0002	0.0090	0.0048	0.0041	806.2271	442.8863	4352.9499	353.8190	424.8072	0.3602	1428.0871	0.2894	7274.7114	0.0056	0.0056	0.0056	0.0189	0.0159	0.0466	0.0024	0.0014	0.0035
60	82	0.0256	3	0	0	0	0	0	0	0	0	N	N	N	N	N	N	N	N	N	N	N	N	0.4526	0.5050	4.3573	1.4565	1.6717	0.9987	1.0887	13.4042	4.7222	0.3691	0.3360	0.6867	0.6378	0.6379	0.6081	0.2582	0.1933	0.6880	0.8154	0.6653	0.1576	0.4379	0.3816	0.6088	0.2372	0.0144	0.1457	0.2131	0.9387	-0.0152	-0.0007	1.5036	8.5011	0.1987	5.2406	0.0808	0.0666	0.0142	0.0408	0.0406	0.0002	0.0400	0.0260	0.0140	0.0063	0.0032	0.0030	0.0035	0.0031	0.0004	0.0027	0.0001	0.0026	0.2189	0.1982	0.0207	0.0639	0.0636	0.0003	0.1549	0.1346	0.0203	0.0510	0.0317	0.0193	0.0136	0.0124	0.0012	0.0373	0.0193	0.0181	3.0004	3.2938	4.3573	2.4562	2.5279	1.8191	3.5331	37.7621	4.7222	0.1230	0.1020	0.1576	0.2597	0.2524	0.3343	0.0731	0.0051	0.1457
61	63	0.1049	5	1	1	0	1	0	0	0	0	N	N	N	N	N	N	N	N	N	N	N	N	0.0000	0.0000	0.0000	0.0000	0.0000	0.0000	0.0000	0.0000	0.0000	0.0000	0.0000	0.0000	0.0000	0.0000	0.0000	0.0000	0.0000	0.0003	0.0005	0.0000	0.0014	0.0014	0.0008	0.0000	0.0000	0.0000	0.0254	0.0000	-0.0000	2.7181	2.0000	1.0102	2.0002	0.0000	0.0000	0.0000	0.0000	0.0000	0.0000	0.0000	0.0000	0.0000	0.0000	0.0000	0.0000	0.0000	0.0000	0.0000	0.0000	0.0000	0.0000	0.0468	0.0406	0.0063	0.0101	0.0090	0.0011	0.0367	0.0316	0.0052	0.0314	0.0210	0.0105	0.0074	0.0071	0.0003	0.0241	0.0139	0.0102	0.0000	0.0000	0.0000	0.0000	0.0000	0.0000	0.0000	0.0000	0.0000	0.0003	0.0005	0.0000	0.0014	0.0014	0.0008	0.0000	0.0000	0.0000		
61	64	0.1206	9	0	1	0	1	0	0	0	0	N	N	N	N	N	N	N	N	N	N	N	N	0.0004	0.0000	0.0026	0.0007	0.0000	0.0103	0.0000	0.0000	0.0000	0.0000	0.0000	0.0000	0.0000	0.0000	0.0000	0.0000	0.0000	0.0000	0.0006	0.0005	0.0006	0.0014	0.0014	0.0009	0.0003	0.0000	0.0006	inf	0.5883	0.0000	-0.0000	2.7181	2.0059	1.0102	4.8036	0.0000	0.0000	0.0000	0.0000	0.0000	0.0000	0.0000	0.0000	0.0000	0.0000	0.0000	0.0000	0.0000	0.0000	0.0000	0.0000	0.0000	0.0000	0.0474	0.0411	0.0063	0.0109	0.0097	0.0011	0.0365	0.0313	0.0051	0.0529	0.0357	0.0172	0.0134	0.0128	0.0006	0.0395	0.0229	0.0167	0.0004	0.0000	0.0026	0.0007	0.0000	0.0103	0.0000	0.0000	0.0000	0.0006	0.0005	0.0006	0.0014	0.0014	0.0009	0.0003	0.0000	0.0006
61	65	0.1178	7	0	1	0	0	0	0	0	0	N	N	N	N	N	N	N	N	N	N	N	N	329.0584	264.8598	0.1971	184.9861	205.3531	0.0000	5304.5673	26503.3584	0.4973	0.5474	0.6300	0.0001	1.1501	1.2908	0.0000	0.3543	0.4112	0.0001	0.0017	0.0024	0.0003	0.0062	0.0063	0.0045	0.0001	0.0000	0.0001	0.0000	0.0568	-0.0049	-0.0000	2.7181	0.9804	1.0102	0.2754	0.0136	0.0136	0.0000	0.0069	0.0069	0.0000	0.0067	0.0067	0.0000	0.0000	0.0000	0.0000	0.0000	0.0000	0.0000	0.0000	0.0000	0.0000	0.0248	0.0216	0.0033	0.0060	0.0054	0.0007	0.0188	0.0162	0.0026	0.0108	0.0072	0.0037	0.0028	0.0027	0.0001	0.0080	0.0045	0.0036	329.0584	264.8598	0.1971	184.9861	205.3531	0.0000	5304.5673	26503.3584	0.4973	0.0017	0.0024	0.0003	0.0062	0.0063	0.0045	0.0001	0.0000	0.0001
61	66	0.1157	8	0	0	1	1	0	0	0	0	N	N	N	N	N	N	N	N	N	N	N	N	0.0000	0.0000	0.0000	0.0000	0.0000	0.0000	0.0000	0.0000	0.0000	0.0000	0.0000	0.0000	0.0000	0.0000	0.0000	0.0000	0.0000	0.0000	0.0138	0.0194	0.0041	0.0468	0.0488	0.0005	0.0026	0.0019	0.0042	0.1066	0.0000	-0.0003	2.7181	0.9437	1.0102	4.8091	0.0000	0.0000	0.0000	0.0000	0.0000	0.0000	0.0000	0.0000	0.0000	0.0006	0.0006	0.0001	0.0005	0.0005	0.0000	0.0001	0.0000	0.0001	0.0298	0.0258	0.0040	0.0094	0.0087	0.0007	0.0204	0.0172	0.0032	0.0459	0.0309	0.0149	0.0116	0.0111	0.0005	0.0342	0.0198	0.0144	0.0000	0.0000	0.0000	0.0000	0.0000	0.0000	0.0000	0.0000	0.0000	0.0138	0.0185	0.0041	0.0468	0.0488	0.0005	0.0026	0.0015	0.0042	
61	67	0.1086	7	0	0	1	1	0	0	0	0	N	N	N	N	N	N	N	N	N	N	N	N	0.0000	0.0000	0.0000	0.0000	0.0000	0.0000	0.0000	0.0000	0.0000	0.0000	0.0000	0.0000	0.0000	0.0000	0.0000	0.0000	0.0000	0.0000	0.0017	0.0013	0.0025	0.0061	0.0032	0.0734	0.0003	0.0003	0.0004	0.9567	0.0000	-0.0000	2.7181	4.0088	1.0102	5.0246	0.0000	0.0000	0.0000	0.0000	0.0000	0.0000	0.0000	0.0000	0.0000	0.0001	0.0001	0.0001	0.0001	0.0001	0.0001	0.0000	0.0000	0.0000	0.0930	0.0806	0.0124	0.0202	0.0180	0.0022	0.0728	0.0626	0.0102	0.0696	0.0464	0.0232	0.0165	0.0158	0.0007	0.0531	0.0306	0.0225	0.0000	0.0000	0.0000	0.0000	0.0000	0.0000	0.0000	0.0000	0.0000	0.0017	0.0013	0.0025	0.0061	0.0032	0.0734	0.0003	0.0003	0.0004	
61	68	0.1206	9	0	0	1	1	0	0	0	0	N	N	N	N	N	N	N	N	N	N	N	N	6.0328	4.9537	0.0000	7.0951	7.8004	0.0000	0.0000	0.0000	0.0000	0.0029	0.0034	0.0000	0.0126	0.0141	0.0000	0.0000	0.0000	0.0000	0.0005	0.0007	0.0001	0.0018	0.0018	0.0012	0.0000	0.0000	0.0000	0.0000	0.0546	-0.0000	-0.0000	2.7181	1.0064	1.0102	4.2000	0.0001	0.0001	0.0000	0.0001	0.0001	0.0000	0.0000	0.0000	0.0000	0.0000	0.0000	0.0000	0.0000	0.0000	0.0000	0.0000	0.0000	0.0000	0.0240	0.0208	0.0032	0.0056	0.0050	0.0006	0.0185	0.0158	0.0026	0.0411	0.0278	0.0134	0.0105	0.0100	0.0004	0.0306	0.0177	0.0129	6.0328	4.9537	0.0000	7.0951	7.8004	0.0000	0.0000	0.0000	0.0000	0.0005	0.0007	0.0001	0.0018	0.0018	0.0012	0.0000	0.0000	0.0000
61	69	0.1157	8	0	0	0	1	0	0	0	0	N	N	N	N	N	N	N	N	N	N	N	N	0.0001	0.0001	0.0000	0.0001	0.0001	0.0000	0.0000	0.0000	0.0000	0.0000	0.0000	0.0000	0.0000	0.0000	0.0000	0.0000	0.0000	0.0000	0.0043	0.0060	0.0007	0.0091	0.0090	0.0115	0.0025	0.0095	0.0003	0.0000	0.0566	-0.0000	-0.0000	2.7181	1.2889	1.0102	0.3511	0.0000	0.0000	0.0000	0.0000	0.0000	0.0000	0.0000	0.0000	0.0000	0.0001	0.0001	0.0000	0.0000	0.0000	0.0000	0.0000	0.0000	0.0000	0.0379	0.0328	0.0050	0.0112	0.0102	0.0009	0.0267	0.0226	0.0041	0.0145	0.0099	0.0046	0.0040	0.0038	0.0002	0.0105	0.0061	0.0044	0.0001	0.0001	0.0000	0.0001	0.0001	0.0000	0.0000	0.0000	0.0000	0.0043	0.0060	0.0007	0.0091	0.0090	0.0115	0.0025	0.0041	0.0003
61	70	0.1086	7	0	0	0	1	0	0	0	0	N	N	N	N	N	N	N	N	N	N	N	N	0.0000	0.0000	0.0000	0.0000	0.0000	0.0000	0.0000	0.0000	0.0000	0.0000	0.0000	0.0000	0.0000	0.0000	0.0000	0.0000	0.0000	0.0000	1.1449	1.6019	0.0109	1.5123	1.2965	0.0048	0.1867	1.4906	0.0111	0.0209	0.0000	-0.0016	2.7181	0.7777	1.0102	1.1718	0.0000	0.0000	0.0000	0.0000	0.0000	0.0000	0.0000	0.0000	0.0000	0.0029	0.0028	0.0001	0.0021	0.0021	0.0000	0.0008	0.0008	0.0001	0.0185	0.0160	0.0025	0.0040	0.0036	0.0004	0.0144	0.0124	0.0020	0.0165	0.0111	0.0054	0.0042	0.0040	0.0002	0.0123	0.0071	0.0052	0.0000	0.0000	0.0000	0.0000	0.0000	0.0000	0.0000	0.0000	0.0000	0.1746	0.2544	0.0109	0.4926	0.5159	0.0048	0.0662	0.1067	0.0111	
61	71	0.1049	6	0	0	0	1	0	0	0	0	N	N	N	N	N	N	N	N	N	N	N	N	0.0000	0.0000	0.0000	0.0000	0.0000	0.0000	0.0000	0.0000	0.0000	0.0000	0.0000	0.0000	0.0000	0.0000	0.0000	0.0000	0.0000	0.0000	0.0108	0.0159	0.0007	0.0301	0.0312	0.0029	0.0049	0.0259	0.0006	0.0221	0.0000	-0.0001	2.7181	0.9929	1.0102	0.0325	0.0000	0.0000	0.0000	0.0000	0.0000	0.0000	0.0000	0.0000	0.0000	0.0001	0.0001	0.0000	0.0001	0.0001	0.0000	0.0000	0.0000	0.0000	0.0234	0.0203	0.0031	0.0050	0.0045	0.0005	0.0183	0.0158	0.0026	0.0082	0.0055	0.0027	0.0019	0.0019	0.0001	0.0063	0.0036	0.0027	0.0000	0.0000	0.0000	0.0000	0.0000	0.0000	0.0000	0.0000	0.0000	0.0108	0.0159	0.0007	0.0301	0.0312	0.0029	0.0049	0.0080	0.0006	
61	72	0.1501	5	1	1	0	0	0	0	0	0	N	N	N	N	N	N	N	N	N	N	N	N	0.0000	0.0000	0.0000	0.0000	0.0000	0.0000	0.0000	0.0000	0.0000	0.0000	0.0000	0.0000	0.0000	0.0000	0.0000	0.0000	0.0000	0.0000	0.0000	0.0000	2.7181	0.0000	1.0102	0.0001	0.0000	0.0000	0.0000	0.0000	0.0000	0.0000	0.0000	0.0000	0.0000	0.0000	0.0000	0.0000	0.0000	0.0000	0.0000	0.0000	0.0000	0.0000	0.0000	0.0000	0.0000	0.0000	0.0000	0.0000	0.0000	0.0000	0.0000	0.0000	0.0000	0.0000	0.0000	0.0000	0.0000	0.0000	0.0000	0.0000	0.0000	0.0000	0.0000	0.0000	0.0000	0.0000	0.0000	0.0000	0.0000	0.0000	0.0000	0.0000	0.0000	0.0000	0.0000	0.0000	0.0000	0.0000											
61	73	0.0868	4	1	1	0	0	0	0	0	0	N	N	N	N	N	N	N	N	N	N	N	N	6.9881	0.2396	57.6090	0.4033	0.3578	0.6013	25.3754	4.5715	78.6860	0.0124	0.0005	0.0913	0.0023	0.0020	0.0047	0.0151	0.0000	0.1086	0.0018	0.0019	0.0016	0.0056	0.0055	0.0078	0.0006	0.0000	0.0014	30.8314	0.4279	0.0017	-0.0001	2.7181	9.9619	1.0102	7.0378	0.0028	0.0001	0.0027	0.0001	0.0001	0.0000	0.0027	0.0000	0.0027	0.0002	0.0002	0.0001	0.0002	0.0002	0.0000	0.0001	0.0000	0.0001	0.2278	0.1977	0.0301	0.0468	0.0417	0.0050	0.1810	0.1560	0.0250	0.1261	0.0836	0.0424	0.0297	0.0283	0.0013	0.0964	0.0553	0.0411	6.9881	0.2396	57.6090	0.4033	0.3578	0.6013	25.3754	4.5715	78.6860	0.0018	0.0019	0.0016	0.0056	0.0055	0.0078	0.0006	0.0000	0.0014
61	74	0.0986	4	0	1	0	0	0	0	0	0	N	N	N	N	N	N	N	N	N	N	N	N	285.9409	1.6738	14052.7927	2.9606	3.2198	0.1032	972.2977	0.0000	34345.5927	1.3416	0.0112	10.4785	0.0384	0.0419	0.0012	1.7885	0.0000	12.7133	0.0047	0.0067	0.0007	0.0130	0.0130	0.0116	0.0018	0.0051	0.0004	136.3467	0.0563	0.1621	-0.0002	2.7181	7.0442	1.0102	2.0273	0.2578	0.0019	0.2559	0.0019	0.0019	0.0000	0.2559	0.0000	0.2559	0.0003	0.0003	0.0000	0.0002	0.0002	0.0000	0.0001	0.0001	0.0000	0.1921	0.1677	0.0244	0.0491	0.0448	0.0043	0.1431	0.1229	0.0201	0.0707	0.0470	0.0237	0.0181	0.0173	0.0008	0.0525	0.0296	0.0229	285.9409	1.6738	14052.7927	2.9606	3.2198	0.1032	972.2977	0.0000	34345.5927	0.0047	0.0067	0.0007	0.0130	0.0130	0.0116	0.0018	0.0030	0.0004
61	75	0.0747	3	0	1	0	0	0	0	0	0	N	N	N	N	N	N	N	N	N	N	N	N	1.6564	1.2649	4.3088	1.7841	1.9747	0.0070	1.4812	0.2512	7.4897	0.0218	0.0218	0.0216	0.0668	0.0725	0.0004	0.0080	0.0052	0.0252	0.0131	0.0172	0.0050	0.0374	0.0367	0.0527	0.0054	0.0206	0.0034	0.1426	0.1461	-0.0006	-0.0004	2.7181	4.3369	1.0102	3.0972	0.0027	0.0023	0.0003	0.0019	0.0019	0.0000	0.0007	0.0004	0.0003	0.0008	0.0007	0.0001	0.0005	0.0005	0.0000	0.0002	0.0002	0.0001	0.1226	0.1072	0.0154	0.0287	0.0265	0.0023	0.0939	0.0807	0.0132	0.0600	0.0399	0.0201	0.0145	0.0138	0.0007	0.0455	0.0261	0.0194	1.6564	1.2649	4.3088	1.7841	1.9747	0.0070	1.4812	0.7497	7.4897	0.0131	0.0172	0.0050	0.0374	0.0367	0.0527	0.0054	0.0069	0.0034
61	76	0.1620	8	1	1	0	0	0	0	0	0	N	N	N	N	N	N	N	N	N	N	N	N	0.0000	0.0000	0.0000	0.0000	0.0000	0.0000	0.0000	0.0000	0.0000	0.0000	0.0000	0.0000	0.0000	0.0000	0.0000	0.0000	0.0000	0.0000	0.0008	0.0010	0.0001	0.0029	0.0029	0.0038	0.0000	0.0000	0.0001	0.0602	0.0000	-0.0000	2.7181	1.9992	1.0102	0.0055	0.0000	0.0000	0.0000	0.0000	0.0000	0.0000	0.0000	0.0000	0.0000	0.0000	0.0000	0.0000	0.0000	0.0000	0.0000	0.0000	0.0000	0.0000	0.0640	0.0558	0.0082	0.0159	0.0142	0.0017	0.0481	0.0416	0.0065	0.0227	0.0156	0.0071	0.0058	0.0056	0.0001	0.0170	0.0100	0.0070	0.0000	0.0000	0.0000	0.0000	0.0000	0.0000	0.0000	0.0000	0.0000	0.0008	0.0010	0.0001	0.0029	0.0029	0.0038	0.0000	0.0000	0.0001	
61	77	0.1178	7	1	1	0	0	0	0	0	0	N	N	N	N	N	N	N	N	N	N	N	N	2.8431	1.1311	65.7980	4.8421	2.6767	19.4241	0.0056	0.0000	0.2586	0.0024	0.0014	0.0094	0.0109	0.0060	0.0535	0.0000	0.0000	0.0000	0.0009	0.0012	0.0001	0.0023	0.0022	0.0028	0.0004	0.0007	0.0001	1.0397	0.0594	0.0000	-0.0000	2.7181	5.0219	1.0102	2.0148	0.0003	0.0001	0.0001	0.0003	0.0001	0.0001	0.0000	0.0000	0.0000	0.0000	0.0000	0.0000	0.0000	0.0000	0.0000	0.0000	0.0000	0.0000	0.1174	0.1019	0.0154	0.0261	0.0234	0.0027	0.0913	0.0785	0.0127	0.0550	0.0366	0.0184	0.0132	0.0127	0.0005	0.0417	0.0239	0.0179	2.8431	1.1311	65.7980	4.8421	2.6767	19.4241	0.0056	0.0000	0.2586	0.0009	0.0012	0.0001	0.0023	0.0022	0.0028	0.0004	0.0007	0.0001
61	78	0.1049	6	0	1	0	0	0	0	0	0	N	N	N	N	N	N	N	N	N	N	N	N	16.5772	13.6009	1.0012	64.9857	75.9116	0.0000	9.2420	5.9383	1.4265	0.0119	0.0137	0.0001	0.0282	0.0316	0.0000	0.0075	0.0086	0.0002	0.0007	0.0010	0.0001	0.0004	0.0004	0.0009	0.0008	0.0015	0.0001	0.0015	0.0679	-0.0001	-0.0000	2.7181	1.0203	1.0102	2.7327	0.0003	0.0003	0.0000	0.0001	0.0001	0.0000	0.0001	0.0001	0.0000	0.0000	0.0000	0.0000	0.0000	0.0000	0.0000	0.0000	0.0000	0.0000	0.0240	0.0208	0.0032	0.0052	0.0046	0.0006	0.0188	0.0162	0.0027	0.0295	0.0197	0.0099	0.0069	0.0066	0.0003	0.0226	0.0130	0.0096	16.5772	13.6009	1.0012	64.9857	75.9116	0.0000	9.2420	6.5871	1.4265	0.0007	0.0010	0.0001	0.0004	0.0004	0.0009	0.0008	0.0013	0.0001
61	79	0.1049	5	0	0	0	0	0	0	0	0	N	N	N	N	N	N	N	N	N	N	N	N	0.0000	0.0000	0.0000	0.0000	0.0000	0.0000	0.0000	0.0000	0.0000	0.0000	0.0000	0.0000	0.0000	0.0000	0.0000	0.0000	0.0000	0.0000	0.0216	0.0198	0.0278	0.0454	0.0288	1.6555	0.0067	0.0278	0.0047	0.5857	0.0000	-0.0000	2.7181	0.0000	1.0102	0.0018	0.0000	0.0000	0.0000	0.0000	0.0000	0.0000	0.0000	0.0000	0.0000	0.0000	0.0000	0.0000	0.0000	0.0000	0.0000	0.0000	0.0000	0.0000	0.0000	0.0000	0.0000	0.0000	0.0000	0.0000	0.0000	0.0000	0.0000	0.0000	0.0000	0.0000	0.0000	0.0000	0.0000	0.0000	0.0000	0.0000	0.0000	0.0000	0.0000	0.0000	0.0000	0.0000	0.0000	0.0000	0.0000	0.0216	0.0192	0.0278	0.0454	0.0288	0.6221	0.0067	0.0084	0.0047	
61	80	0.0868	4	0	0	0	0	0	0	0	0	N	N	N	N	N	N	N	N	N	N	N	N	3.0771	0.0194	145.9987	0.0556	0.0221	0.8027	52.3506	0.2105	257.1484	0.0368	0.0003	0.2769	0.0026	0.0011	0.0162	0.0460	0.0001	0.3275	0.0119	0.0170	0.0019	0.0465	0.0478	0.0202	0.0009	0.0006	0.0013	127.8269	0.0558	0.0017	-0.0003	2.7181	3.0825	1.0102	2.0124	0.0028	0.0000	0.0027	0.0000	0.0000	0.0000	0.0027	0.0000	0.0027	0.0005	0.0005	0.0000	0.0005	0.0005	0.0000	0.0000	0.0000	0.0000	0.0753	0.0654	0.0099	0.0160	0.0144	0.0016	0.0593	0.0510	0.0083	0.0412	0.0275	0.0137	0.0100	0.0095	0.0005	0.0312	0.0179	0.0133	3.0771	0.0194	145.9987	0.0556	0.0221	0.8027	52.3506	0.2105	257.1484	0.0119	0.0170	0.0019	0.0465	0.0478	0.0202	0.0009	0.0006	0.0013
61	81	0.0747	3	0	0	0	0	0	0	0	0	N	N	N	N	N	N	N	N	N	N	N	N	158.8538	0.7577	2867.0927	1.2871	1.4079	0.0994	584.1676	0.1406	4838.8299	3.6492	0.0285	29.0842	0.0868	0.0931	0.0094	4.7898	0.0062	34.0368	0.0230	0.0376	0.0101	0.0674	0.0661	0.0941	0.0082	0.0442	0.0070	145.3910	0.1725	0.2469	-0.0003	2.7181	3.6751	1.0102	0.0788	0.3924	0.0027	0.3897	0.0023	0.0022	0.0000	0.3901	0.0004	0.3897	0.0007	0.0006	0.0001	0.0005	0.0005	0.0000	0.0002	0.0001	0.0001	0.1075	0.0941	0.0134	0.0261	0.0241	0.0020	0.0814	0.0700	0.0114	0.0317	0.0211	0.0106	0.0079	0.0075	0.0004	0.0238	0.0136	0.0102	158.8538	0.9692	2867.0927	1.2871	1.4079	0.0994	584.1676	0.6853	4838.8299	0.0230	0.0294	0.0101	0.0674	0.0661	0.0941	0.0082	0.0091	0.0070
61	82	0.0256	2	0	0	0	0	0	0	0	0	N	N	N	N	N	N	N	N	N	N	N	N	1.0652	1.0426	0.2805	0.4410	0.5759	0.0001	2.2066	325.6671	0.5226	1.6898	2.3778	0.1261	1.8053	1.8370	0.0004	1.6426	2.7550	0.1282	1.5864	2.2806	0.4496	4.0934	3.1898	2.8745	0.7444	0.0085	0.2453	0.0233	0.2760	-0.2259	-0.0258	2.7181	8.5011	1.0102	5.2406	0.6626	0.6475	0.0151	0.2055	0.2055	0.0000	0.4571	0.4420	0.0151	0.0692	0.0542	0.0150	0.0573	0.0540	0.0033	0.0119	0.0002	0.0117	0.3921	0.2723	0.1198	0.1138	0.1119	0.0020	0.2783	0.1604	0.1178	0.1617	0.1033	0.0584	0.0550	0.0509	0.0041	0.1067	0.0524	0.0543	3.9502	4.5311	0.4923	1.7329	1.7323	0.0005	14.7628	718.8398	0.5968	0.4278	0.5248	0.2562	1.0418	1.0605	0.8079	0.1113	0.0038	0.2148
62	63	0.0988	4	1	1	0	1	0	0	0	0	N	N	N	N	N	N	N	N	N	N	N	N	0.0000	0.0000	0.0000	0.0000	0.0000	0.0000	0.0000	0.0000	0.0000	0.0000	0.0000	0.0000	0.0000	0.0000	0.0000	0.0000	0.0002	0.0000	0.0005	0.0000	0.0000	0.0000	0.0002	0.0000	0.0005	38.9381	0.0000	0.0000	1.4525	2.0000	6.3634	2.0002	0.0000	0.0000	0.0000	0.0000	0.0000	0.0000	0.0000	0.0000	0.0000	0.0000	0.0000	0.0000	0.0000	0.0000	0.0000	0.0000	0.0000	0.0000	0.0269	0.0233	0.0036	0.0072	0.0063	0.0009	0.0197	0.0170	0.0027	0.0488	0.0294	0.0194	0.0070	0.0064	0.0006	0.0419	0.0231	0.0188	0.0000	0.0000	0.0000	0.0000	0.0000	0.0000	0.0000	0.0000	0.0000	0.0002	0.0000	0.0005	0.0000	0.0000	0.0000	0.0002	0.0000	0.0005			
62	64	0.1145	8	0	1	0	1	0	0	0	0	N	N	N	N	N	N	N	N	N	N	N	N	0.0032	0.0038	0.0000	0.0024	0.0046	0.0000	0.0000	0.0000	0.0000	0.0000	0.0000	0.0000	0.0000	0.0000	0.0000	0.0000	0.0000	0.0000	0.0001	0.0001	0.0001	0.0006	0.0003	0.0036	0.0000	0.0000	0.0000	0.0000	0.6667	-0.0000	-0.0000	1.4525	2.0059	6.3634	4.8036	0.0000	0.0000	0.0000	0.0000	0.0000	0.0000	0.0000	0.0000	0.0000	0.0000	0.0000	0.0000	0.0000	0.0000	0.0000	0.0000	0.0000	0.0000	0.0271	0.0235	0.0036	0.0076	0.0067	0.0009	0.0196	0.0168	0.0027	0.0824	0.0506	0.0318	0.0137	0.0127	0.0010	0.0687	0.0379	0.0308	0.0032	0.0038	0.0000	0.0024	0.0046	0.0000	0.0000	0.0000	0.0000	0.0001	0.0001	0.0001	0.0006	0.0003	0.0036	0.0000	0.0000	0.0000
62	65	0.1117	6	0	1	0	0	0	0	0	0	N	N	N	N	N	N	N	N	N	N	N	N	89.1273	64.0610	0.0000	0.0844	0.0917	0.0000	465534.9047	inf	0.0000	0.5031	0.5778	0.0000	0.0026	0.0029	0.0000	0.6963	0.8070	0.0000	0.0056	0.0090	0.0005	0.0308	0.0318	0.0171	0.0000	0.0000	0.0000	0.0000	0.0398	-0.0025	-0.0001	1.4525	0.9804	6.3634	0.2754	0.0070	0.0070	0.0000	0.0000	0.0000	0.0000	0.0070	0.0070	0.0000	0.0001	0.0001	0.0000	0.0001	0.0001	0.0000	0.0000	0.0000	0.0000	0.0139	0.0121	0.0018	0.0039	0.0034	0.0004	0.0100	0.0086	0.0014	0.0172	0.0103	0.0068	0.0032	0.0029	0.0002	0.0140	0.0074	0.0066	89.1273	64.0610	0.0000	0.0844	0.0917	0.0000	465534.9047	inf	0.0000	0.0056	0.0090	0.0005	0.0308	0.0318	0.0171	0.0000	0.0000	0.0000
62	66	0.1095	7	0	0	1	1	0	0	0	0	N	N	N	N	N	N	N	N	N	N	N	N	0.0000	0.0000	0.0000	0.0000	0.0000	0.0000	0.0000	0.0000	0.0000	0.0000	0.0000	0.0000	0.0000	0.0000	0.0000	0.0000	0.0000	0.0000	0.0078	0.0014	0.0180	0.0003	0.0002	0.0022	0.0093	0.0030	0.0185	7.8629	0.0000	0.0002	1.4525	0.9437	6.3634	4.8091	0.0000	0.0000	0.0000	0.0000	0.0000	0.0000	0.0000	0.0000	0.0000	0.0006	0.0001	0.0005	0.0000	0.0000	0.0000	0.0006	0.0001	0.0005	0.0168	0.0146	0.0022	0.0059	0.0053	0.0005	0.0109	0.0092	0.0017	0.0717	0.0441	0.0275	0.0121	0.0112	0.0009	0.0596	0.0329	0.0267	0.0000	0.0000	0.0000	0.0000	0.0000	0.0000	0.0000	0.0000	0.0000	0.0078	0.0014	0.0180	0.0003	0.0002	0.0022	0.0093	0.0018	0.0185	
62	67	0.1025	6	0	0	1	1	0	0	0	0	N	N	N	N	N	N	N	N	N	N	N	N	0.0000	0.0000	0.0000	0.0000	0.0000	0.0000	0.0000	0.0000	0.0000	0.0000	0.0000	0.0000	0.0000	0.0000	0.0000	0.0000	0.0000	0.0000	0.0008	0.0012	0.0000	0.0039	0.0041	0.0015	0.0002	0.0004	0.0000	0.0233	0.0000	-0.0000	1.4525	4.0088	6.3634	5.0246	0.0000	0.0000	0.0000	0.0000	0.0000	0.0000	0.0000	0.0000	0.0000	0.0001	0.0001	0.0000	0.0001	0.0001	0.0000	0.0000	0.0000	0.0000	0.0533	0.0462	0.0071	0.0143	0.0126	0.0017	0.0390	0.0336	0.0054	0.1084	0.0655	0.0429	0.0159	0.0146	0.0013	0.0926	0.0510	0.0416	0.0000	0.0000	0.0000	0.0000	0.0000	0.0000	0.0000	0.0000	0.0000	0.0008	0.0012	0.0000	0.0039	0.0041	0.0015	0.0002	0.0004	0.0000	
62	68	0.1145	8	0	0	1	1	0	0	0	0	N	N	N	N	N	N	N	N	N	N	N	N	16.4778	14.6515	0.0000	0.0000	0.0000	0.0000	202.7428	151.9832	0.0000	0.0051	0.0059	0.0000	0.0000	0.0000	0.0000	0.0071	0.0082	0.0000	0.0003	0.0004	0.0002	0.0017	0.0014	0.0047	0.0000	0.0001	0.0000	0.0000	0.2503	-0.0000	-0.0000	1.4525	1.0064	6.3634	4.2000	0.0001	0.0001	0.0000	0.0000	0.0000	0.0000	0.0001	0.0001	0.0000	0.0000	0.0000	0.0000	0.0000	0.0000	0.0000	0.0000	0.0000	0.0000	0.0138	0.0119	0.0018	0.0039	0.0034	0.0005	0.0099	0.0085	0.0014	0.0641	0.0395	0.0246	0.0109	0.0101	0.0008	0.0533	0.0294	0.0238	16.4778	14.6515	0.0000	0.0000	0.0000	0.0000	202.7428	151.9832	0.0000	0.0003	0.0004	0.0002	0.0017	0.0014	0.0047	0.0000	0.0001	0.0000
62	69	0.1095	7	0	0	0	1	0	0	0	0	N	N	N	N	N	N	N	N	N	N	N	N	0.0002	0.0002	0.0000	0.0000	0.0000	0.0000	0.0004	0.0001	0.0000	0.0000	0.0000	0.0000	0.0000	0.0000	0.0000	0.0000	0.0000	0.0000	0.0021	0.0029	0.0007	0.0022	0.0019	0.0076	0.0021	0.0062	0.0005	0.0000	0.1331	-0.0000	-0.0000	1.4525	1.2889	6.3634	0.3511	0.0000	0.0000	0.0000	0.0000	0.0000	0.0000	0.0000	0.0000	0.0000	0.0000	0.0000	0.0000	0.0000	0.0000	0.0000	0.0000	0.0000	0.0000	0.0214	0.0186	0.0029	0.0071	0.0064	0.0007	0.0143	0.0121	0.0022	0.0229	0.0145	0.0084	0.0045	0.0043	0.0003	0.0184	0.0102	0.0082	0.0002	0.0002	0.0000	0.0000	0.0000	0.0000	0.0004	0.0003	0.0000	0.0021	0.0029	0.0007	0.0022	0.0019	0.0076	0.0021	0.0034	0.0005
62	70	0.1025	6	0	0	0	1	0	0	0	0	N	N	N	N	N	N	N	N	N	N	N	N	0.0000	0.0000	0.0000	0.0000	0.0000	0.0000	0.0000	0.0000	0.0000	0.0000	0.0000	0.0000	0.0000	0.0000	0.0000	0.0000	0.0000	0.0000	0.3063	0.7386	0.0283	0.0016	0.0012	0.0066	0.4968	1.7116	0.0290	0.1575	0.0000	-0.0009	1.4525	0.7777	6.3634	1.1718	0.0000	0.0000	0.0000	0.0000	0.0000	0.0000	0.0000	0.0000	0.0000	0.0021	0.0018	0.0003	0.0000	0.0000	0.0000	0.0021	0.0018	0.0003	0.0106	0.0092	0.0014	0.0028	0.0025	0.0003	0.0077	0.0067	0.0011	0.0257	0.0157	0.0099	0.0043	0.0040	0.0003	0.0214	0.0118	0.0096	0.0000	0.0000	0.0000	0.0000	0.0000	0.0000	0.0000	0.0000	0.0000	0.0805	0.1135	0.0283	0.0016	0.0012	0.0066	0.0962	0.1514	0.0290	
62	71	0.0988	5	0	0	0	1	0	0	0	0	N	N	N	N	N	N	N	N	N	N	N	N	0.0000	0.0000	0.0000	0.0000	0.0000	0.0000	0.0000	0.0000	0.0000	0.0000	0.0000	0.0000	0.0000	0.0000	0.0000	0.0000	0.0000	0.0000	0.0048	0.0070	0.0016	0.0012	0.0012	0.0002	0.0055	0.0399	0.0016	0.1502	0.0000	-0.0000	1.4525	0.9929	6.3634	0.0325	0.0000	0.0000	0.0000	0.0000	0.0000	0.0000	0.0000	0.0000	0.0000	0.0001	0.0001	0.0000	0.0000	0.0000	0.0000	0.0001	0.0001	0.0000	0.0134	0.0116	0.0018	0.0036	0.0031	0.0004	0.0098	0.0085	0.0014	0.0128	0.0077	0.0051	0.0018	0.0017	0.0002	0.0109	0.0060	0.0049	0.0000	0.0000	0.0000	0.0000	0.0000	0.0000	0.0000	0.0000	0.0000	0.0048	0.0070	0.0016	0.0012	0.0012	0.0002	0.0055	0.0086	0.0016	
62	72	0.1439	4	1	1	0	0	0	0	0	0	N	N	N	N	N	N	N	N	N	N	N	N	0.0000	0.0000	0.0000	0.0000	0.0000	0.0000	0.0000	0.0000	0.0000	0.0000	0.0000	0.0000	0.0000	0.0000	0.0000	0.0000	0.0000	0.0000	0.0000	0.0000	1.4525	0.0000	6.3634	0.0001	0.0000	0.0000	0.0000	0.0000	0.0000	0.0000	0.0000	0.0000	0.0000	0.0000	0.0000	0.0000	0.0000	0.0000	0.0000	0.0000	0.0000	0.0000	0.0000	0.0000	0.0000	0.0000	0.0000	0.0000	0.0000	0.0000	0.0000	0.0000	0.0000	0.0000	0.0000	0.0000	0.0000	0.0000	0.0000	0.0000	0.0000	0.0000	0.0000	0.0000	0.0000	0.0000	0.0000	0.0000	0.0000	0.0000	0.0000	0.0000	0.0000	0.0000	0.0000	0.0000	0.0000	0.0000											
62	73	0.0806	3	1	1	0	0	0	0	0	0	N	N	N	N	N	N	N	N	N	N	N	N	0.3495	0.3181	0.6228	0.0061	0.0074	0.0016	1.3839	313.0149	1.1993	0.0007	0.0006	0.0014	0.0001	0.0001	0.0001	0.0010	0.0008	0.0019	0.0021	0.0020	0.0023	0.0115	0.0099	0.0324	0.0007	0.0000	0.0016	0.3465	0.7745	-0.0000	-0.0001	1.4525	9.9619	6.3634	7.0378	0.0001	0.0001	0.0000	0.0000	0.0000	0.0000	0.0001	0.0001	0.0000	0.0004	0.0002	0.0002	0.0003	0.0002	0.0001	0.0001	0.0000	0.0001	0.1306	0.1133	0.0173	0.0335	0.0294	0.0041	0.0971	0.0838	0.0132	0.1958	0.1173	0.0785	0.0257	0.0238	0.0019	0.1701	0.0935	0.0766	0.3495	0.3181	0.6228	0.0061	0.0074	0.0016	1.3839	313.0149	1.1993	0.0021	0.0020	0.0023	0.0115	0.0099	0.0324	0.0007	0.0000	0.0016
62	74	0.0925	3	0	1	0	0	0	0	0	0	N	N	N	N	N	N	N	N	N	N	N	N	11.2340	0.0016	61.9630	0.0850	0.0016	0.1240	34.9351	0.0000	151.4416	0.0230	0.0000	0.1795	0.0007	0.0000	0.0066	0.0324	0.0000	0.2332	0.0020	0.0015	0.0029	0.0080	0.0048	0.0530	0.0009	0.0004	0.0015	11027.5827	1.3114	0.0016	-0.0000	1.4525	7.0442	6.3634	2.0273	0.0025	0.0000	0.0025	0.0000	0.0000	0.0000	0.0025	0.0000	0.0025	0.0002	0.0001	0.0001	0.0001	0.0001	0.0001	0.0001	0.0000	0.0001	0.1089	0.0950	0.0140	0.0323	0.0290	0.0033	0.0767	0.0660	0.0106	0.1092	0.0654	0.0438	0.0173	0.0161	0.0012	0.0919	0.0493	0.0426	11.2340	0.0016	61.9630	0.0850	0.0016	0.1240	34.9351	0.0000	151.4416	0.0020	0.0015	0.0029	0.0080	0.0048	0.0530	0.0009	0.0004	0.0015
62	75	0.0685	2	0	1	0	0	0	0	0	0	N	N	N	N	N	N	N	N	N	N	N	N	0.1589	0.9366	0.0528	0.2152	0.4109	0.0014	0.1252	2.2726	0.0700	0.0060	0.0063	0.0039	0.0095	0.0105	0.0007	0.0047	0.0046	0.0048	0.0378	0.0067	0.0748	0.0442	0.0255	0.4549	0.0372	0.0020	0.0693	0.0913	7.3168	-0.0001	0.0009	1.4525	4.3369	6.3634	3.0972	0.0004	0.0004	0.0000	0.0002	0.0002	0.0000	0.0002	0.0002	0.0000	0.0031	0.0004	0.0028	0.0006	0.0003	0.0003	0.0026	0.0001	0.0025	0.0697	0.0608	0.0089	0.0193	0.0174	0.0019	0.0504	0.0434	0.0070	0.0931	0.0561	0.0370	0.0131	0.0121	0.0010	0.0800	0.0440	0.0360	0.1779	0.9366	0.0528	0.2152	0.4109	0.0023	0.1455	2.9690	0.0700	0.0337	0.0067	0.0748	0.0442	0.0255	0.2817	0.0320	0.0016	0.0693
62	76	0.1558	7	1	1	0	0	0	0	0	0	N	N	N	N	N	N	N	N	N	N	N	N	0.0000	0.0000	0.0000	0.0000	0.0000	0.0000	0.0000	0.0000	0.0000	0.0000	0.0000	0.0000	0.0000	0.0000	0.0000	0.0000	0.0000	0.0000	0.0002	0.0002	0.0003	0.0013	0.0008	0.0081	0.0000	0.0000	0.0000	0.8546	0.0000	-0.0000	1.4525	1.9992	6.3634	0.0055	0.0000	0.0000	0.0000	0.0000	0.0000	0.0000	0.0000	0.0000	0.0000	0.0000	0.0000	0.0000	0.0000	0.0000	0.0000	0.0000	0.0000	0.0000	0.0380	0.0331	0.0049	0.0121	0.0107	0.0014	0.0259	0.0224	0.0035	0.0339	0.0211	0.0128	0.0061	0.0056	0.0005	0.0278	0.0155	0.0124	0.0000	0.0000	0.0000	0.0000	0.0000	0.0000	0.0000	0.0000	0.0000	0.0002	0.0002	0.0003	0.0013	0.0008	0.0081	0.0000	0.0000	0.0000	
62	77	0.1117	6	1	1	0	0	0	0	0	0	N	N	N	N	N	N	N	N	N	N	N	N	6.7895	5.5642	0.0000	7.9488	11.4782	0.0000	0.0000	0.0000	0.0000	0.0022	0.0025	0.0000	0.0081	0.0092	0.0000	0.0000	0.0000	0.0000	0.0003	0.0005	0.0001	0.0010	0.0008	0.0035	0.0002	0.0003	0.0000	0.0000	0.1808	-0.0001	-0.0000	1.4525	5.0219	6.3634	2.0148	0.0001	0.0001	0.0000	0.0001	0.0001	0.0000	0.0000	0.0000	0.0000	0.0000	0.0000	0.0000	0.0000	0.0000	0.0000	0.0000	0.0000	0.0000	0.0670	0.0582	0.0088	0.0181	0.0160	0.0021	0.0489	0.0422	0.0067	0.0859	0.0518	0.0341	0.0132	0.0121	0.0011	0.0727	0.0397	0.0331	6.7895	5.5642	0.0000	7.9488	11.4782	0.0000	0.0000	0.0000	0.0000	0.0003	0.0005	0.0001	0.0010	0.0008	0.0035	0.0002	0.0003	0.0000
62	78	0.0988	5	0	1	0	0	0	0	0	0	N	N	N	N	N	N	N	N	N	N	N	N	5.2694	8.8312	1.6244	0.0000	0.0000	0.0000	6.4205	7.9743	2.0802	0.0114	0.0123	0.0054	0.0000	0.0000	0.0000	0.0155	0.0168	0.0071	0.0022	0.0014	0.0033	0.0006	0.0007	0.0001	0.0024	0.0021	0.0034	0.0681	1.5712	-0.0000	0.0000	1.4525	1.0203	6.3634	2.7327	0.0002	0.0001	0.0000	0.0000	0.0000	0.0000	0.0002	0.0001	0.0000	0.0001	0.0000	0.0001	0.0000	0.0000	0.0000	0.0001	0.0000	0.0001	0.0138	0.0119	0.0019	0.0037	0.0032	0.0004	0.0101	0.0087	0.0014	0.0459	0.0277	0.0182	0.0065	0.0060	0.0005	0.0394	0.0217	0.0177	5.2694	8.8312	1.6244	0.0000	0.0000	0.0000	6.4205	10.5681	2.0802	0.0022	0.0014	0.0033	0.0006	0.0007	0.0001	0.0024	0.0016	0.0034
62	79	0.0988	4	0	0	0	0	0	0	0	0	N	N	N	N	N	N	N	N	N	N	N	N	0.0000	0.0000	0.0000	0.0000	0.0000	0.0000	0.0000	0.0000	0.0000	0.0000	0.0000	0.0000	0.0000	0.0000	0.0000	0.0000	0.0000	0.0088	0.0118	0.0020	0.0123	0.0125	0.0000	0.0068	0.0664	0.0020	0.0740	0.0000	-0.0000	1.4525	0.0000	6.3634	0.0018	0.0000	0.0000	0.0000	0.0000	0.0000	0.0000	0.0000	0.0000	0.0000	0.0000	0.0000	0.0000	0.0000	0.0000	0.0000	0.0000	0.0000	0.0000	0.0000	0.0000	0.0000	0.0000	0.0000	0.0000	0.0000	0.0000	0.0000	0.0001	0.0000	0.0000	0.0000	0.0000	0.0000	0.0000	0.0000	0.0000	0.0000	0.0000	0.0000	0.0000	0.0000	0.0000	0.0000	0.0000	0.0000	0.0088	0.0118	0.0020	0.0123	0.0125	0.0000	0.0068	0.0111	0.0020		
62	80	0.0806	3	0	0	0	0	0	0	0	0	N	N	N	N	N	N	N	N	N	N	N	N	0.0890	0.0209	0.6119	0.0330	0.0707	0.0017	0.1125	0.0019	1.1683	0.0007	0.0002	0.0044	0.0004	0.0005	0.0002	0.0009	0.0001	0.0057	0.0084	0.0092	0.0072	0.0131	0.0066	0.0970	0.0076	0.0499	0.0049	3.4776	0.5146	0.0000	-0.0001	1.4525	3.0825	6.3634	2.0124	0.0000	0.0000	0.0000	0.0000	0.0000	0.0000	0.0000	0.0000	0.0000	0.0005	0.0004	0.0002	0.0001	0.0001	0.0001	0.0004	0.0003	0.0001	0.0430	0.0373	0.0057	0.0112	0.0099	0.0013	0.0318	0.0274	0.0044	0.0636	0.0384	0.0253	0.0089	0.0083	0.0006	0.0547	0.0301	0.0246	0.0890	0.0209	0.6119	0.0330	0.0707	0.0017	0.1125	0.0093	1.1683	0.0084	0.0092	0.0072	0.0131	0.0066	0.0970	0.0076	0.0099	0.0049
62	81	0.0685	2	0	0	0	0	0	0	0	0	N	N	N	N	N	N	N	N	N	N	N	N	0.3565	0.4045	3.1414	0.1168	0.2053	0.0014	0.5202	0.2773	4.2876	0.0641	0.0068	0.4612	0.0100	0.0109	0.0014	0.0856	0.0051	0.5862	0.1798	0.0168	0.1468	0.0853	0.0529	1.0026	0.1645	0.0184	0.1367	9.7792	5.6668	0.0021	0.0009	1.4525	3.6751	6.3634	0.0788	0.0039	0.0004	0.0036	0.0002	0.0002	0.0000	0.0037	0.0002	0.0035	0.0033	0.0005	0.0028	0.0006	0.0004	0.0003	0.0027	0.0001	0.0026	0.0611	0.0534	0.0077	0.0173	0.0157	0.0016	0.0437	0.0377	0.0061	0.0492	0.0298	0.0194	0.0074	0.0069	0.0005	0.0418	0.0229	0.0188	0.9427	0.4045	3.1414	0.1168	0.2053	0.0027	1.3180	0.8532	4.2876	0.0680	0.0168	0.1468	0.0853	0.0529	0.5022	0.0649	0.0060	0.1367
63	64	0.0302	5	1	2	0	2	0	0	0	0	N	Y	N	Y	N	N	N	N	N	N	N	N	12383449.8287	0.0000	inf	0.0000	0.0000	inf	inf	31.5872	0.0000	231.4698	0.0000	0.0000	0.0000	32.1508	0.0000	233.6190	0.0000	0.0000	0.0000	0.0001	0.0001	0.0000	0.0000	0.0000	0.0000	inf	0.0000	0.6361	-0.0000	2.0000	2.0059	2.0002	4.8036	0.9999	0.0000	0.9999	0.0000	0.0000	0.0000	0.9999	0.0000	0.9999	0.0000	0.0000	0.0000	0.0000	0.0000	0.0000	0.0000	0.0000	0.0000	0.0317	0.0273	0.0043	0.0006	0.0005	0.0000	0.0311	0.0268	0.0043	0.0405	0.0213	0.0192	0.0011	0.0011	0.0000	0.0393	0.0202	0.0192	12383449.8287	0.0000	inf	0.0000	0.0000	0.0000	inf	0.0000	inf	0.0000	0.0000	0.0000	0.0001	0.0001	0.0000	0.0000	0.0000	0.0000		
63	65	0.0273	3	1	2	0	1	0	0	0	0	N	Y	N	N	N	N	N	N	N	N	N	N	0.0000	0.0000	0.0000	0.0001	0.0001	0.0000	0.0000	0.0000	0.0000	0.0000	0.0000	0.0000	0.0000	0.0000	0.0000	0.0000	0.0000	0.0099	0.0203	0.0000	0.1961	0.1760	0.0002	0.0000	0.0000	0.0000	0.0000	0.0000	-0.0000	-0.0000	2.0000	0.9804	2.0002	0.2754	0.0000	0.0000	0.0000	0.0000	0.0000	0.0000	0.0000	0.0000	0.0000	0.0001	0.0001	0.0000	0.0001	0.0001	0.0000	0.0000	0.0000	0.0000	0.0163	0.0142	0.0021	0.0007	0.0006	0.0000	0.0156	0.0135	0.0021	0.0084	0.0043	0.0040	0.0005	0.0005	0.0000	0.0079	0.0039	0.0040	0.0000	0.0000	0.0000	0.0001	0.0001	0.0000	0.0000	0.0000	0.0000	0.0099	0.0192	0.0000	0.1737	0.1760	0.0002	0.0000	0.0000	0.0000	
63	66	0.0252	4	1	1	1	2	0	0	0	0	N	N	N	Y	N	N	N	N	N	N	N	N	0.0000	0.0000	0.0000	0.0000	0.0000	0.0000	0.0000	0.0000	0.0000	0.0000	0.0000	0.0000	0.0000	0.0000	0.0001	0.0000	0.0012	0.0012	0.0000	0.0000	0.0000	0.0000	0.0000	0.0000	-0.0000	2.0000	0.9437	2.0002	4.8091	0.0000	0.0000	0.0000	0.0000	0.0000	0.0000	0.0000	0.0000	0.0000	0.0000	0.0000	0.0000	0.0000	0.0000	0.0000	0.0000	0.0000	0.0000	0.0204	0.0177	0.0028	0.0034	0.0032	0.0002	0.0170	0.0144	0.0026	0.0352	0.0186	0.0166	0.0012	0.0011	0.0000	0.0341	0.0175	0.0166	0.0000	0.0000	0.0000	0.0000	0.0000	0.0000	0.0000	0.0000	0.0000	0.0000	0.0001	0.0000	0.0012	0.0012	0.0000	0.0000	0.0000	0.0000						
63	67	0.0181	3	1	1	1	2	0	0	0	0	N	N	N	Y	N	N	N	N	N	N	N	N	0.0000	0.0000	0.0000	0.0000	0.0000	0.0000	0.0000	0.0000	0.0000	0.0000	0.0000	0.0000	0.0000	0.0000	0.0000	0.0000	0.0000	0.0087	0.0167	0.0001	4.1216	3.1384	0.0026	0.0001	0.0000	0.0001	0.0070	0.0000	-0.0003	2.0000	4.0088	2.0002	5.0246	0.0000	0.0000	0.0000	0.0000	0.0000	0.0000	0.0000	0.0000	0.0000	0.0005	0.0005	0.0000	0.0005	0.0005	0.0000	0.0000	0.0000	0.0000	0.0620	0.0535	0.0085	0.0001	0.0001	0.0000	0.0620	0.0535	0.0085	0.0533	0.0276	0.0258	0.0004	0.0004	0.0000	0.0529	0.0271	0.0258	0.0000	0.0000	0.0000	0.0000	0.0000	0.0000	0.0000	0.0000	0.0000	0.0087	0.0167	0.0001	1.0421	1.0454	0.0026	0.0001	0.0000	0.0001		
63	68	0.0302	5	1	1	1	2	0	0	0	0	N	N	N	Y	N	N	N	N	N	N	N	N	2468.1714	1509.7313	3867.2306	4067.8565	0.0081	0.0094	0.0000	0.3981	0.4260	0.0000	0.0000	0.0000	0.0000	0.0000	0.0000	0.0000	0.0001	0.0001	0.0000	0.0000	0.0000	0.0000	0.0000	0.0000	-0.0000	-0.0000	2.0000	1.0064	2.0002	4.2000	0.0001	0.0001	0.0000	0.0001	0.0001	0.0000	0.0000	0.0000	0.0000	0.0000	0.0000	0.0000	0.0000	0.0000	0.0000	0.0000	0.0000	0.0000	0.0161	0.0139	0.0022	0.0003	0.0003	0.0000	0.0157	0.0136	0.0022	0.0315	0.0166	0.0148	0.0010	0.0010	0.0000	0.0305	0.0156	0.0148	2468.1714	1509.7313	0.0000	3867.2306	4067.8565	0.0000	0.0000	0.0000	0.0000	0.0000	0.0000	0.0000	0.0001	0.0001	0.0000	0.0000	0.0000	0.0000					
63	69	0.0252	4	1	1	0	2	0	0	0	0	N	N	N	Y	N	N	N	N	N	N	N	N	39.1817	0.0000	1827.6513	0.0000	0.0000	593.6818	1918.9260	0.0050	0.0000	0.0369	0.0000	0.0000	0.0000	0.0058	0.0000	0.0388	0.0001	0.0002	0.0000	0.0016	0.0016	0.0000	0.0000	0.0000	0.0000	inf	0.0757	0.0001	-0.0000	2.0000	1.2889	2.0002	0.3511	0.0001	0.0000	0.0001	0.0000	0.0000	0.0000	0.0001	0.0000	0.0001	0.0000	0.0000	0.0000	0.0000	0.0000	0.0000	0.0000	0.0000	0.0000	0.0258	0.0223	0.0035	0.0034	0.0033	0.0002	0.0224	0.0191	0.0033	0.0113	0.0062	0.0051	0.0009	0.0008	0.0000	0.0104	0.0054	0.0050	39.1817	0.0000	1827.6513	0.0000	0.0000	0.0000	593.6818	0.0000	1918.9260	0.0001	0.0002	0.0000	0.0016	0.0016	0.0000	0.0000	0.0000	0.0000		
63	70	0.0181	3	1	1	0	2	0	0	0	0	N	N	N	Y	N	N	N	N	N	N	N	N	0.0000	0.0000	0.0000	0.0000	0.0000	0.0000	0.0000	0.0000	0.0000	0.0000	0.0000	0.0000	0.0000	0.0000	0.0000	0.0000	0.0107	0.0218	0.0001	0.5588	0.4677	0.0000	0.0000	0.0000	0.0001	0.0022	0.0000	-0.0001	2.0000	0.7777	2.0002	1.1718	0.0000	0.0000	0.0000	0.0000	0.0000	0.0000	0.0000	0.0000	0.0000	0.0001	0.0001	0.0000	0.0001	0.0001	0.0000	0.0000	0.0000	0.0000	0.0123	0.0106	0.0017	0.0001	0.0001	0.0000	0.0123	0.0106	0.0017	0.0126	0.0067	0.0060	0.0004	0.0004	0.0000	0.0122	0.0062	0.0060	0.0000	0.0000	0.0000	0.0000	0.0000	0.0000	0.0000	0.0000	0.0000	0.0107	0.0203	0.0001	0.3098	0.3100	0.0000	0.0000	0.0000	0.0001			
63	71	0.0145	2	1	1	0	2	0	0	0	0	N	N	N	Y	N	N	N	N	N	N	N	N	0.0000	0.0000	0.0000	0.0000	0.0000	0.0000	0.0000	0.0000	0.0000	0.0000	0.0000	0.0000	0.0000	0.0000	0.0000	0.0000	0.1288	0.6830	0.0066	79.8539	69.7515	0.0000	0.0032	0.0000	0.0066	0.0588	0.0000	-0.0002	2.0000	0.9929	2.0002	0.0325	0.0000	0.0000	0.0000	0.0000	0.0000	0.0000	0.0000	0.0000	0.0000	0.0004	0.0003	0.0000	0.0003	0.0003	0.0000	0.0000	0.0000	0.0000	0.0156	0.0135	0.0022	0.0000	0.0000	0.0000	0.0156	0.0135	0.0022	0.0063	0.0032	0.0031	0.0000	0.0000	0.0000	0.0062	0.0032	0.0031	0.0000	0.0000	0.0000	0.0000	0.0000	0.0000	0.0000	0.0000	0.0000	0.0582	0.1074	0.0066	28.7680	28.7830	0.0000	0.0032	0.0000	0.0066			
63	72	0.0959	3	2	2	0	1	0	0	0	0	Y	Y	N	N	N	N	N	N	N	N	N	N	0.0000	0.0000	0.0000	0.0000	0.0000	0.0000	0.0000	0.0000	0.0000	0.0000	0.0000	0.0000	0.0000	21.2477	0.0000	111.6817	0.0000	0.0000	0.0000	20.7347	0.0000	86.4420	inf	0.0000	0.0000	2.0000	0.0000	2.0002	0.0001	0.0000	0.0000	0.0000	0.0000	0.0000	0.0000	0.0000	0.0000	0.0000	0.0000	0.0000	0.0000	0.0000	0.0000	0.0000	0.0000	0.0000	0.0000	0.0000	0.0000	0.0000	0.0000	0.0000	0.0000	0.0000	0.0000	0.0000	0.0000	0.0000	0.0000	0.0000	0.0000	0.0000	0.0000	0.0000	0.0000	0.0000	0.0000	0.0000	0.0000	0.0000	0.0000	0.0000	0.0000	0.0000	17.3711	0.0000	37.8309	0.0000	0.0000	0.0000	19.5060	0.0000	38.0084						
63	73	0.0326	2	2	2	0	1	0	0	0	0	Y	Y	N	N	N	N	N	N	N	N	N	N	0.0000	0.0000	0.0000	0.0005	0.0000	69.6529	0.0000	0.0000	0.0000	0.0000	0.0000	0.0000	0.0000	0.0004	0.0000	0.0000	0.0000	12.4509	0.0006	48.1290	0.0294	0.0375	0.0000	10.7061	0.0000	48.3531	inf	33187.1068	0.0000	0.4102	2.0000	9.9619	2.0002	7.0378	0.0000	0.0000	0.0000	0.0000	0.0000	0.0000	0.0000	0.0000	0.0000	0.9985	0.0000	0.9985	0.0000	0.0000	0.0000	0.9985	0.0000	0.9985	0.1509	0.1308	0.0201	0.0035	0.0034	0.0001	0.1474	0.1274	0.0200	0.0943	0.0490	0.0453	0.0010	0.0008	0.0002	0.0933	0.0482	0.0451	0.0000	0.0000	0.0000	0.0005	0.0000	69.6529	0.0000	0.0000	0.0000	10.5904	0.0006	22.0526	0.0294	0.0375	0.0000	10.7061	0.0000	22.1605	
63	74	0.0686	4	1	2	0	1	0	0	0	0	N	Y	N	N	N	N	N	N	N	N	N	N	0.0483	0.0281	0.0000	0.0129	0.0127	0.0000	0.0000	0.0000	0.0000	0.0000	0.0000	0.0003	0.0003	0.0000	0.0000	0.0000	0.0000	0.0008	0.0016	0.0000	0.0217	0.0233	0.0000	0.0000	0.0000	0.0000	0.0000	0.0003	-0.0000	-0.0000	2.0000	7.0442	2.0002	2.0273	0.0000	0.0000	0.0000	0.0000	0.0000	0.0000	0.0000	0.0000	0.0000	0.0000	0.0000	0.0000	0.0000	0.0000	0.0000	0.0000	0.0000	0.0000	0.1254	0.1097	0.0157	0.0173	0.0163	0.0010	0.1081	0.0934	0.0147	0.0501	0.0255	0.0246	0.0018	0.0017	0.0001	0.0483	0.0238	0.0245	0.0483	0.0281	0.0000	0.0129	0.0127	0.0000	0.0000	0.0000	0.0000	0.0008	0.0016	0.0000	0.0217	0.0233	0.0000	0.0000	0.0000	0.0000	
63	75	0.0447	3	1	2	0	1	0	0	0	0	N	Y	N	N	N	N	N	N	N	N	N	N	0.0247	0.0114	0.1337	0.0068	0.0031	1130.9231	0.0000	0.0000	0.0001	0.0000	0.0003	0.0006	0.0003	0.0135	0.0000	0.0000	0.0000	0.0026	0.0032	0.0019	0.0871	0.0996	0.0000	0.0010	0.0000	0.0019	0.9961	0.5715	0.0000	-0.0000	2.0000	4.3369	2.0002	3.0972	0.0000	0.0000	0.0000	0.0000	0.0000	0.0000	0.0000	0.0000	0.0000	0.0001	0.0001	0.0000	0.0001	0.0001	0.0000	0.0000	0.0000	0.0000	0.0785	0.0689	0.0096	0.0084	0.0082	0.0002	0.0701	0.0607	0.0094	0.0427	0.0220	0.0207	0.0008	0.0007	0.0001	0.0419	0.0213	0.0206	0.0247	0.0114	0.1337	0.0068	0.0031	1130.9231	0.0000	0.0000	0.0000	0.0026	0.0032	0.0019	0.0871	0.0996	0.0000	0.0010	0.0000	0.0019	
63	76	0.0715	4	2	2	0	1	0	0	0	0	Y	Y	N	N	N	N	N	N	N	N	N	N	0.0000	0.0000	0.0000	0.0000	0.0000	0.0000	0.0000	0.0000	0.0000	0.0000	0.0000	0.0000	0.0000	0.0000	0.0000	0.0000	0.0000	0.0000	0.0000	0.0000	0.0000	0.0000	0.0000	0.0000	0.0000	0.2727	0.0000	-0.0000	2.0000	1.9992	2.0002	0.0055	0.0000	0.0000	0.0000	0.0000	0.0000	0.0000	0.0000	0.0000	0.0000	0.0000	0.0000	0.0000	0.0000	0.0000	0.0000	0.0000	0.0000	0.0000	0.0421	0.0366	0.0055	0.0010	0.0009	0.0000	0.0411	0.0357	0.0055	0.0159	0.0081	0.0078	0.0002	0.0002	0.0000	0.0157	0.0079	0.0078	0.0000	0.0000	0.0000	0.0000	0.0000	0.0000	0.0000	0.0000	0.0000	0.0000	0.0000	0.0000	0.0000	0.0000	0.0000	0.0000	0.0000	0.0000			
63	77	0.0273	3	2	2	0	1	0	0	0	0	Y	Y	N	N	N	N	N	N	N	N	N	N	0.0003	0.0002	0.0000	0.0002	0.0002	0.0000	0.0000	0.0000	0.0000	0.0000	0.0000	0.0000	0.0000	0.0000	0.0000	0.0000	0.0003	0.0006	0.0000	0.0192	0.0201	0.0000	0.0000	0.0000	0.0000	0.0000	0.0004	-0.0000	-0.0000	2.0000	5.0219	2.0002	2.0148	0.0000	0.0000	0.0000	0.0000	0.0000	0.0000	0.0000	0.0000	0.0000	0.0000	0.0000	0.0000	0.0000	0.0000	0.0000	0.0000	0.0000	0.0000	0.0780	0.0675	0.0105	0.0015	0.0015	0.0000	0.0765	0.0660	0.0104	0.0417	0.0214	0.0203	0.0007	0.0007	0.0000	0.0410	0.0207	0.0202	0.0003	0.0002	0.0000	0.0002	0.0002	0.0000	0.0000	0.0000	0.0000	0.0003	0.0006	0.0000	0.0192	0.0201	0.0000	0.0000	0.0000	0.0000		
63	78	0.0145	2	1	2	0	1	0	0	0	0	N	Y	N	N	N	N	N	N	N	N	N	N	0.0128	0.0027	0.0000	0.3293	0.3093	0.0000	0.0000	0.0006	0.0007	0.0000	31.7739	31.8270	0.0000	0.0000	0.0000	0.0000	0.0487	0.2640	0.0073	96.4952	102.9046	0.0000	0.0036	0.0000	0.0073	0.0000	0.1030	-0.0000	-0.0004	2.0000	1.0203	2.0002	2.7327	0.0000	0.0000	0.0000	0.0000	0.0000	0.0000	0.0000	0.0000	0.0000	0.0009	0.0008	0.0001	0.0008	0.0008	0.0000	0.0001	0.0000	0.0001	0.0161	0.0138	0.0022	0.0000	0.0000	0.0000	0.0161	0.0138	0.0022	0.0225	0.0115	0.0110	0.0000	0.0000	0.0000	0.0225	0.0115	0.0110	0.0163	0.0107	0.0000	0.7362	0.7365	0.0000	0.0000	0.0000	0.0000	0.0381	0.0675	0.0073	43.1590	43.2134	0.0000	0.0036	0.0000	0.0073		
64	65	0.0535	5	0	2	0	1	0	0	0	0	N	Y	N	N	N	N	N	N	N	N	N	N	0.0000	0.0000	0.0000	0.0000	0.0000	0.0000	0.0000	0.0000	0.0000	0.0000	0.0000	0.0000	0.0000	0.0000	0.0000	0.0000	0.0000	0.0000	0.0000	0.0000	0.0000	0.0000	0.0000	0.0000	0.0000	0.9651	0.0000	-0.0000	2.0059	0.9804	4.8036	0.2754	0.0000	0.0000	0.0000	0.0000	0.0000	0.0000	0.0000	0.0000	0.0000	0.0000	0.0000	0.0000	0.0000	0.0000	0.0000	0.0000	0.0000	0.0000	0.0165	0.0143	0.0022	0.0009	0.0009	0.0000	0.0156	0.0134	0.0021	0.0141	0.0075	0.0066	0.0011	0.0011	0.0000	0.0130	0.0064	0.0066	0.0000	0.0000	0.0000	0.0000	0.0000	0.0000	0.0000	0.0000	0.0000	0.0000	0.0000	0.0000	0.0000	0.0000	0.0000	0.0000	0.0000	0.0000			
64	66	0.0299	2	0	1	1	2	0	0	0	0	N	N	N	Y	N	N	N	N	N	N	N	N	0.0299	40.6348	0.0000	59.4285	73.4158	0.0000	0.0063	inf	0.0000	0.1351	0.1569	0.0000	0.4246	0.4465	0.0000	0.0370	0.0446	0.0000	4.5245	0.0039	17.8992	0.0071	0.0061	333.8403	5.8411	0.0000	16.5509	0.0000	2003.2878	-0.0014	0.2628	2.0059	0.9437	4.8036	4.8091	0.0037	0.0037	0.0000	0.0030	0.0030	0.0000	0.0008	0.0008	0.0000	0.6404	0.0003	0.6401	0.0004	0.0003	0.0001	0.6400	0.0000	0.6400	0.0275	0.0237	0.0038	0.0070	0.0066	0.0003	0.0206	0.0171	0.0035	0.1621	0.0828	0.0794	0.0526	0.0525	0.0000	0.1096	0.0302	0.0793	0.0342	40.6348	0.0000	59.4285	73.4158	0.0000	0.0063	inf	0.0000	3.9500	0.0039	8.0662	0.0071	0.0061	4.0674	5.8411	0.0000	8.0669
64	67	0.0369	3	0	1	1	2	0	0	0	0	N	N	N	Y	N	N	N	N	N	N	N	N	0.0068	0.0042	0.0000	0.0100	0.0145	2.4336	inf	0.0000	0.0001	0.0001	0.0000	0.0032	0.0034	0.0000	0.0000	0.0000	0.0000	0.0084	0.0159	0.0000	0.3160	0.2335	0.0000	0.0000	0.0000	0.0000	0.0000	0.0000	-0.0000	-0.0005	2.0059	4.0088	4.8036	5.0246	0.0000	0.0000	0.0000	0.0000	0.0000	0.0000	0.0000	0.0000	0.0000	0.0008	0.0008	0.0000	0.0008	0.0008	0.0000	0.0000	0.0000	0.0000	0.0628	0.0543	0.0085	0.0011	0.0011	0.0001	0.0617	0.0532	0.0085	0.0915	0.0484	0.0431	0.0037	0.0036	0.0000	0.0878	0.0447	0.0430	0.0068	0.0042	0.0000	0.0152	0.0161	0.0000	2.4336	inf	0.0000	0.0084	0.0159	0.0000	0.2083	0.2111	0.0000	0.0000	0.0000	0.0000	
64	72	0.1220	7	1	2	0	1	0	0	0	0	N	Y	N	N	N	N	N	N	N	N	N	N	0.0000	0.0000	0.0000	0.0000	0.0000	0.0000	0.0000	0.0000	0.0000	0.0000	0.0000	0.0000	0.0000	0.0000	0.0000	0.0014	0.0000	0.0031	0.0054	0.0000	0.3481	0.0008	0.0000	0.0015	inf	0.0000	0.0000	2.0059	0.0000	4.8036	0.0001	0.0000	0.0000	0.0000	0.0000	0.0000	0.0000	0.0000	0.0000	0.0000	0.0000	0.0000	0.0000	0.0000	0.0000	0.0000	0.0000	0.0000	0.0000	0.0000	0.0000	0.0000	0.0000	0.0000	0.0000	0.0000	0.0000	0.0000	0.0000	0.0000	0.0000	0.0000	0.0000	0.0000	0.0000	0.0000	0.0000	0.0000	0.0000	0.0000	0.0000	0.0000	0.0000	0.0000	0.0000	0.0000	0.0014	0.0000	0.0031	0.0054	0.0000	0.2540	0.0008	0.0000	0.0015				
64	73	0.0588	6	1	2	0	1	0	0	0	0	N	Y	N	N	N	N	N	N	N	N	N	N	6549.5167	0.5838	117042231.6377	0.9035	0.8817	0.0000	38198341.0654	135442643.9562	6.5479	0.0011	49.4762	0.0234	0.0246	0.0000	6.8236	0.0000	50.2722	0.0010	0.0019	0.0000	0.0259	0.0279	0.0000	0.0000	0.0000	0.0000	6910.2289	0.0002	0.6359	-0.0001	2.0059	9.9619	4.8036	7.0378	0.9997	0.0001	0.9995	0.0001	0.0001	0.0000	0.9995	0.0000	0.9995	0.0002	0.0002	0.0000	0.0002	0.0002	0.0000	0.0000	0.0000	0.0000	0.1527	0.1325	0.0202	0.0062	0.0059	0.0003	0.1465	0.1266	0.0199	0.1596	0.0853	0.0743	0.0062	0.0057	0.0005	0.1534	0.0796	0.0738	6549.5167	0.5838	117042231.6377	0.9035	0.8817	0.0000	38198341.0654	0.0000	135442643.9562	0.0010	0.0019	0.0000	0.0259	0.0279	0.0000	0.0000	0.0000	0.0000	
64	74	0.0947	8	0	2	0	1	0	0	0	0	N	Y	N	N	N	N	N	N	N	N	N	N	5.2012	3.1921	0.0000	0.9112	0.9142	0.0000	92.8044	inf	0.0000	0.0007	0.0007	0.0000	0.0019	0.0020	0.0000	0.0004	0.0005	0.0000	0.0001	0.0002	0.0000	0.0021	0.0022	0.0000	0.0000	0.0000	0.0000	0.0000	0.0361	-0.0000	-0.0000	2.0059	7.0442	4.8036	2.0273	0.0001	0.0001	0.0000	0.0000	0.0000	0.0000	0.0000	0.0000	0.0000	0.0000	0.0000	0.0000	0.0000	0.0000	0.0000	0.0000	0.0000	0.0000	0.1269	0.1111	0.0158	0.0194	0.0182	0.0011	0.1075	0.0928	0.0147	0.0834	0.0432	0.0401	0.0048	0.0045	0.0003	0.0786	0.0387	0.0399	5.2012	3.1921	0.0000	0.9112	0.9142	0.0000	92.8044	inf	0.0000	0.0001	0.0002	0.0000	0.0021	0.0022	0.0000	0.0000	0.0000	0.0000
64	75	0.0708	7	0	2	0	1	0	0	0	0	N	Y	N	N	N	N	N	N	N	N	N	N	1.1372	0.8489	0.2580	4.4427	4.2939	1.3200	0.0449	0.0134	0.2538	0.0014	0.0016	0.0001	0.0114	0.0117	0.0002	0.0001	0.0000	0.0001	0.0013	0.0019	0.0005	0.0026	0.0027	0.0001	0.0012	0.0030	0.0005	0.0120	0.2510	-0.0000	-0.0000	2.0059	4.3369	4.8036	3.0972	0.0001	0.0001	0.0000	0.0001	0.0001	0.0000	0.0000	0.0000	0.0000	0.0001	0.0001	0.0000	0.0000	0.0000	0.0000	0.0001	0.0001	0.0000	0.0794	0.0697	0.0097	0.0096	0.0094	0.0003	0.0697	0.0603	0.0094	0.0721	0.0382	0.0339	0.0033	0.0031	0.0002	0.0687	0.0351	0.0336	1.1372	0.8489	0.2580	4.4427	4.2939	1.3200	0.0449	0.0223	0.2538	0.0013	0.0019	0.0005	0.0026	0.0027	0.0001	0.0012	0.0018	0.0005
64	76	0.0976	6	1	2	0	1	0	0	0	0	N	Y	N	N	N	N	N	N	N	N	N	N	0.0000	0.0000	0.0000	0.0000	0.0000	0.0000	0.0000	0.0000	0.0000	0.0000	0.0000	0.0000	0.0000	0.0000	0.0000	0.0000	0.0000	0.0000	0.0000	0.0000	0.0000	0.0000	0.0000	0.0000	0.0000	0.3953	0.0000	-0.0000	2.0059	1.9992	4.8036	0.0055	0.0000	0.0000	0.0000	0.0000	0.0000	0.0000	0.0000	0.0000	0.0000	0.0000	0.0000	0.0000	0.0000	0.0000	0.0000	0.0000	0.0000	0.0000	0.0427	0.0372	0.0055	0.0020	0.0018	0.0001	0.0408	0.0353	0.0054	0.0269	0.0142	0.0127	0.0013	0.0013	0.0001	0.0256	0.0129	0.0127	0.0000	0.0000	0.0000	0.0000	0.0000	0.0000	0.0000	0.0000	0.0000	0.0000	0.0000	0.0000	0.0000	0.0000	0.0000	0.0000	0.0000	0.0000			
64	77	0.0535	5	1	2	0	1	0	0	0	0	N	Y	N	N	N	N	N	N	N	N	N	N	0.0000	0.0000	0.0000	0.0000	0.0000	0.0000	0.0000	0.0000	0.0000	0.0000	0.0000	0.0000	0.0000	0.0000	0.0000	0.0000	0.0000	0.0000	0.0000	0.0000	0.0000	0.0000	0.0000	0.0000	0.0000	3.2135	0.0000	0.0000	2.0059	5.0219	4.8036	2.0148	0.0000	0.0000	0.0000	0.0000	0.0000	0.0000	0.0000	0.0000	0.0000	0.0000	0.0000	0.0000	0.0000	0.0000	0.0000	0.0000	0.0000	0.0000	0.0789	0.0684	0.0105	0.0029	0.0028	0.0001	0.0760	0.0656	0.0104	0.0704	0.0371	0.0333	0.0031	0.0030	0.0001	0.0673	0.0342	0.0332	0.0000	0.0000	0.0000	0.0000	0.0000	0.0000	0.0000	0.0000	0.0000	0.0000	0.0000	0.0000	0.0000	0.0000	0.0000	0.0000	0.0000	0.0000			
64	78	0.0406	4	0	2	0	1	0	0	0	0	N	Y	N	N	N	N	N	N	N	N	N	N	0.0000	0.0000	0.0000	0.0000	0.0000	0.0000	0.0000	0.0000	0.0000	0.0000	0.0000	0.0000	0.0000	0.0000	0.0000	0.0000	0.0000	0.0000	0.0000	0.0001	0.0001	0.0000	0.0000	0.0000	0.0000	0.0621	0.0000	-0.0000	2.0059	1.0203	4.8036	2.7327	0.0000	0.0000	0.0000	0.0000	0.0000	0.0000	0.0000	0.0000	0.0000	0.0000	0.0000	0.0000	0.0000	0.0000	0.0000	0.0000	0.0000	0.0000	0.0162	0.0140	0.0022	0.0003	0.0003	0.0000	0.0160	0.0138	0.0022	0.0380	0.0200	0.0180	0.0011	0.0010	0.0000	0.0370	0.0190	0.0180	0.0000	0.0000	0.0000	0.0000	0.0000	0.0000	0.0000	0.0000	0.0000	0.0000	0.0000	0.0000	0.0001	0.0001	0.0000	0.0000	0.0000	0.0000			
65	66	0.0281	4	0	1	1	1	0	0	0	0	N	N	N	N	N	N	N	N	N	N	N	N	0.0000	0.0000	0.0000	0.0000	0.0000	0.0000	0.0000	0.0000	0.0000	0.0000	0.0000	0.0000	0.0000	0.0000	0.0000	0.0000	0.0008	0.0015	0.0000	0.0097	0.0099	0.0000	0.0000	0.0000	0.0000	0.0001	0.0000	-0.0000	0.9804	0.9437	0.2754	4.8091	0.0000	0.0000	0.0000	0.0000	0.0000	0.0000	0.0000	0.0000	0.0000	0.0000	0.0000	0.0000	0.0000	0.0000	0.0000	0.0000	0.0000	0.0000	0.0105	0.0091	0.0014	0.0020	0.0019	0.0001	0.0085	0.0072	0.0013	0.0123	0.0065	0.0057	0.0010	0.0010	0.0000	0.0112	0.0055	0.0057	0.0000	0.0000	0.0000	0.0000	0.0000	0.0000	0.0000	0.0000	0.0000	0.0008	0.0015	0.0000	0.0097	0.0099	0.0000	0.0000	0.0000	0.0000			
65	67	0.0211	3	0	1	1	1	0	0	0	0	N	N	N	N	N	N	N	N	N	N	N	N	0.0000	0.0000	0.0000	0.0000	0.0000	0.0000	0.0000	0.0000	0.0000	0.0000	0.0000	0.0000	0.0000	0.0000	0.0000	1.4920	0.0000	2.2842	0.0335	0.0000	38.8400	1.5584	0.0000	1.6827	inf	0.0000	0.0031	0.9804	4.0088	0.2754	5.0246	0.0000	0.0000	0.0000	0.0000	0.0000	0.0000	0.0000	0.0000	0.0000	0.0074	0.0000	0.0074	0.0000	0.0000	0.0000	0.0074	0.0000	0.0074	0.0323	0.0281	0.0042	0.0013	0.0013	0.0000	0.0310	0.0268	0.0042	0.0187	0.0097	0.0089	0.0012	0.0012	0.0000	0.0175	0.0086	0.0089	0.0000	0.0000	0.0000	0.0000	0.0000	0.0000	0.0000	0.0000	0.0000	0.3982	0.0000	0.8343	0.0335	0.0000	2.6863	0.4231	0.0000	0.8312				
65	68	0.0331	5	0	1	1	1	0	0	0	0	N	N	N	N	N	N	N	N	N	N	N	N	0.0000	0.0000	0.0000	0.0000	0.0000	0.0000	0.0000	0.0000	0.0000	0.0000	0.0000	0.0000	0.0000	0.0000	0.0000	0.0000	0.0000	0.0000	0.0000	0.0000	0.0000	0.0000	0.0000	0.0000	0.0000	1.0233	0.0000	-0.0000	0.9804	1.0064	0.2754	4.2000	0.0000	0.0000	0.0000	0.0000	0.0000	0.0000	0.0000	0.0000	0.0000	0.0000	0.0000	0.0000	0.0000	0.0000	0.0000	0.0000	0.0000	0.0000	0.0084	0.0073	0.0011	0.0005	0.0005	0.0000	0.0079	0.0068	0.0011	0.0110	0.0058	0.0051	0.0009	0.0009	0.0000	0.0100	0.0049	0.0051	0.0000	0.0000	0.0000	0.0000	0.0000	0.0000	0.0000	0.0000	0.0000	0.0000	0.0000	0.0000	0.0000	0.0000	0.0000	0.0000	0.0000	0.0000			
65	69	0.0281	4	0	1	0	1	0	0	0	0	N	N	N	N	N	N	N	N	N	N	N	N	0.0000	0.0000	0.0000	0.0000	0.0000	0.0000	0.0000	0.0000	0.0000	0.0000	0.0000	0.0000	0.0000	0.0000	0.0000	0.0000	0.0000	0.0001	0.0000	0.0003	0.0003	0.0000	0.0000	0.0000	0.0000	0.1469	0.0000	-0.0000	0.9804	1.2889	0.2754	0.3511	0.0000	0.0000	0.0000	0.0000	0.0000	0.0000	0.0000	0.0000	0.0000	0.0000	0.0000	0.0000	0.0000	0.0000	0.0000	0.0000	0.0000	0.0000	0.0133	0.0115	0.0017	0.0021	0.0020	0.0001	0.0112	0.0095	0.0017	0.0039	0.0022	0.0017	0.0005	0.0005	0.0000	0.0034	0.0017	0.0017	0.0000	0.0000	0.0000	0.0000	0.0000	0.0000	0.0000	0.0000	0.0000	0.0000	0.0001	0.0000	0.0003	0.0003	0.0000	0.0000	0.0000	0.0000			
65	70	0.0211	3	0	1	0	1	0	0	0	0	N	N	N	N	N	N	N	N	N	N	N	N	0.0000	0.0000	0.0000	0.0000	0.0000	0.0000	0.0000	0.0000	0.0000	0.0000	0.0000	0.0000	0.0000	0.0000	0.0000	0.0000	0.0032	0.0060	0.0000	0.0377	0.0381	0.0000	0.0000	0.0000	0.0000	0.0004	0.0000	-0.0000	0.9804	0.7777	0.2754	1.1718	0.0000	0.0000	0.0000	0.0000	0.0000	0.0000	0.0000	0.0000	0.0000	0.0000	0.0000	0.0000	0.0000	0.0000	0.0000	0.0000	0.0000	0.0000	0.0064	0.0056	0.0008	0.0003	0.0003	0.0000	0.0061	0.0053	0.0008	0.0044	0.0023	0.0021	0.0004	0.0004	0.0000	0.0040	0.0020	0.0021	0.0000	0.0000	0.0000	0.0000	0.0000	0.0000	0.0000	0.0000	0.0000	0.0032	0.0060	0.0000	0.0377	0.0381	0.0000	0.0000	0.0000	0.0000			
65	71	0.0174	2	0	1	0	1	0	0	0	0	N	N	N	N	N	N	N	N	N	N	N	N	0.0002	0.0003	0.0000	0.0007	0.0007	0.0000	0.0000	0.0000	0.0000	0.0000	0.0000	0.0000	0.0000	0.0000	0.0000	0.0000	0.0000	0.0037	0.0031	0.0043	0.0273	0.0274	0.0152	0.0022	0.0000	0.0043	0.0000	1.2865	-0.0000	-0.0000	0.9804	0.9929	0.2754	0.0325	0.0000	0.0000	0.0000	0.0000	0.0000	0.0000	0.0000	0.0000	0.0000	0.0000	0.0000	0.0000	0.0000	0.0000	0.0000	0.0000	0.0000	0.0000	0.0081	0.0071	0.0011	0.0003	0.0003	0.0000	0.0078	0.0067	0.0011	0.0022	0.0011	0.0011	0.0001	0.0001	0.0000	0.0021	0.0010	0.0011	0.0002	0.0003	0.0000	0.0007	0.0007	0.0000	0.0000	0.0000	0.0000	0.0037	0.0031	0.0043	0.0273	0.0274	0.0152	0.0022	0.0000	0.0043	
65	72	0.0988	5	1	2	0	0	0	0	0	0	N	Y	N	N	N	N	N	N	N	N	N	N	0.0000	0.0000	0.0000	0.0000	0.0000	0.0000	0.0000	0.0000	0.0000	0.0000	0.0000	0.0000	0.0000	0.0035	0.0065	0.0000	0.0237	0.0242	0.0000	0.0000	0.0000	0.0000	0.0000	0.0000	-0.0000	0.9804	0.0000	0.2754	0.0001	0.0000	0.0000	0.0000	0.0000	0.0000	0.0000	0.0000	0.0000	0.0000	0.0000	0.0000	0.0000	0.0000	0.0000	0.0000	0.0000	0.0000	0.0000	0.0000	0.0000	0.0000	0.0000	0.0000	0.0000	0.0000	0.0000	0.0000	0.0000	0.0000	0.0000	0.0000	0.0000	0.0000	0.0000	0.0000	0.0000	0.0000	0.0000	0.0000	0.0000	0.0000	0.0000	0.0000	0.0000	0.0000	0.0035	0.0065	0.0000	0.0237	0.0242	0.0000	0.0000	0.0000	0.0000						
65	73	0.0356	4	1	2	0	0	0	0	0	0	N	Y	N	N	N	N	N	N	N	N	N	N	0.0172	0.0104	0.0000	0.0190	0.0186	0.0000	0.0000	0.0000	0.0000	0.0000	0.0000	0.0000	0.0007	0.0007	0.0000	0.0000	0.0000	0.0000	0.0024	0.0046	0.0000	0.0354	0.0370	0.0002	0.0000	0.0000	0.0000	0.0000	0.0015	-0.0000	-0.0000	0.9804	9.9619	0.2754	7.0378	0.0000	0.0000	0.0000	0.0000	0.0000	0.0000	0.0000	0.0000	0.0000	0.0001	0.0001	0.0000	0.0001	0.0001	0.0000	0.0000	0.0000	0.0000	0.0785	0.0685	0.0100	0.0049	0.0047	0.0001	0.0737	0.0638	0.0099	0.0331	0.0174	0.0157	0.0023	0.0022	0.0001	0.0308	0.0152	0.0156	0.0172	0.0104	0.0000	0.0190	0.0186	0.0000	0.0000	0.0000	0.0000	0.0024	0.0046	0.0000	0.0354	0.0370	0.0002	0.0000	0.0000	0.0000
65	74	0.0716	6	0	2	0	0	0	0	0	0	N	Y	N	N	N	N	N	N	N	N	N	N	3.4765	2.6164	0.0000	0.0002	0.0002	0.0000	20.2513	inf	0.0000	0.0049	0.0056	0.0000	0.0000	0.0000	0.0000	0.0061	0.0071	0.0000	0.0014	0.0021	0.0006	0.0122	0.0124	0.0061	0.0003	0.0000	0.0006	0.0000	0.2658	-0.0001	-0.0000	0.9804	7.0442	0.2754	2.0273	0.0003	0.0003	0.0000	0.0000	0.0000	0.0000	0.0003	0.0003	0.0000	0.0000	0.0000	0.0000	0.0000	0.0000	0.0000	0.0000	0.0000	0.0000	0.0656	0.0570	0.0086	0.0134	0.0119	0.0015	0.0522	0.0451	0.0071	0.0178	0.0092	0.0086	0.0016	0.0016	0.0001	0.0162	0.0076	0.0085	3.4765	2.6164	0.0000	0.0002	0.0002	0.0000	20.2513	inf	0.0000	0.0014	0.0021	0.0006	0.0122	0.0124	0.0061	0.0003	0.0000	0.0006
65	75	0.0476	5	0	2	0	0	0	0	0	0	N	Y	N	N	N	N	N	N	N	N	N	N	4.1902	2.5644	0.0245	0.7793	0.8620	0.0024	237.4264	5967.9916	0.0178	0.0080	0.0092	0.0000	0.0196	0.0226	0.0000	0.0050	0.0058	0.0000	0.0019	0.0036	0.0000	0.0252	0.0262	0.0013	0.0000	0.0000	0.0000	0.0000	0.0123	-0.0001	-0.0000	0.9804	4.3369	0.2754	3.0972	0.0003	0.0003	0.0000	0.0002	0.0002	0.0000	0.0002	0.0002	0.0000	0.0000	0.0000	0.0000	0.0000	0.0000	0.0000	0.0000	0.0000	0.0000	0.0414	0.0358	0.0056	0.0084	0.0073	0.0011	0.0330	0.0285	0.0045	0.0151	0.0079	0.0072	0.0011	0.0011	0.0000	0.0140	0.0068	0.0072	4.1902	2.5644	0.0245	0.7793	0.8620	0.0024	237.4264	5967.9916	0.0178	0.0019	0.0036	0.0000	0.0252	0.0262	0.0013	0.0000	0.0000	0.0000
65	76	0.0487	2	1	2	0	0	0	0	0	0	N	Y	N	N	N	N	N	N	N	N	N	N	0.0047	0.0031	0.0000	0.0039	0.0039	0.0000	0.0000	0.0000	0.0000	0.0000	0.0000	0.0000	0.0000	0.0000	0.0000	0.0000	0.0002	0.0003	0.0000	0.0052	0.0052	0.0000	0.0000	0.0000	0.0000	0.0000	0.0954	-0.0000	-0.0000	0.9804	1.9992	0.2754	0.0055	0.0000	0.0000	0.0000	0.0000	0.0000	0.0000	0.0000	0.0000	0.0000	0.0000	0.0000	0.0000	0.0000	0.0000	0.0000	0.0000	0.0000	0.0000	0.0223	0.0195	0.0028	0.0009	0.0009	0.0000	0.0215	0.0186	0.0028	0.0054	0.0028	0.0026	0.0002	0.0002	0.0000	0.0052	0.0027	0.0026	0.0047	0.0031	0.0000	0.0039	0.0039	0.0000	0.0000	0.0000	0.0000	0.0002	0.0003	0.0000	0.0052	0.0052	0.0000	0.0000	0.0000	0.0000		
66	67	0.0277	2	0	0	2	2	0	0	0	0	N	N	Y	Y	N	N	N	N	N	N	N	N	0.7394	0.1923	inf	0.0171	0.0227	inf	inf	inf	0.0208	0.0242	0.0000	0.0313	0.0331	0.0000	0.0185	0.0220	0.0000	0.0281	0.1256	0.0000	1.8268	1.4550	0.0000	0.0000	0.0000	0.0000	0.0002	0.0000	-0.0003	-0.0013	0.9437	4.0088	4.8091	5.0246	0.0009	0.0009	0.0000	0.0002	0.0002	0.0000	0.0006	0.0006	0.0000	0.0023	0.0023	0.0000	0.0023	0.0023	0.0000	0.0000	0.0000	0.0000	0.0414	0.0355	0.0058	0.0072	0.0068	0.0004	0.0341	0.0287	0.0054	0.0807	0.0429	0.0378	0.0041	0.0041	0.0000	0.0765	0.0388	0.0377	0.7394	0.4576	inf	0.0573	0.0599	0.0000	inf	inf	inf	0.0281	0.0528	0.0000	0.5466	0.5522	0.0000	0.0000	0.0000	0.0000	
66	68	0.0256	2	0	0	2	2	0	0	0	0	N	N	Y	Y	N	N	N	N	N	N	N	N	0.1253	0.0812	0.0000	0.0488	0.0558	0.0000	674.3677	inf	0.0000	0.2378	0.2859	0.0000	0.6521	0.7012	0.0000	0.0686	0.0867	0.0000	1.8985	3.5216	0.0001	13.3739	12.5560	0.0008	0.0001	0.0000	0.0001	0.0000	0.0001	-0.0014	-0.0946	0.9437	1.0064	4.8091	4.2000	0.0037	0.0037	0.0000	0.0030	0.0030	0.0000	0.0008	0.0008	0.0000	0.1606	0.1606	0.0000	0.1606	0.1606	0.0000	0.0000	0.0000	0.0000	0.0156	0.0130	0.0026	0.0045	0.0042	0.0003	0.0111	0.0088	0.0023	0.1487	0.0758	0.0729	0.0524	0.0523	0.0000	0.0963	0.0234	0.0729	0.2202	0.1349	0.0000	0.2126	0.2286	0.0000	674.3677	inf	0.0000	1.0801	2.1195	0.0001	3.0670	3.0677	0.0008	0.0001	0.0000	0.0001
66	72	0.1128	6	1	1	1	1	0	0	0	0	N	N	N	N	N	N	N	N	N	N	N	N	0.0000	0.0000	0.0000	0.0000	0.0000	0.0000	0.0000	0.0000	0.0000	0.0000	0.0000	0.0000	0.0000	0.0000	0.0000	0.0000	0.0000	0.0000	0.0000	0.0000	0.9437	0.0000	4.8091	0.0001	0.0000	0.0000	0.0000	0.0000	0.0000	0.0000	0.0000	0.0000	0.0000	0.0000	0.0000	0.0000	0.0000	0.0000	0.0000	0.0000	0.0000	0.0000	0.0000	0.0000	0.0000	0.0000	0.0000	0.0000	0.0000	0.0000	0.0000	0.0000	0.0000	0.0000	0.0000	0.0000	0.0000	0.0000	0.0000	0.0000	0.0000	0.0000	0.0000	0.0000	0.0000	0.0000	0.0000	0.0000	0.0000	0.0000	0.0000	0.0000	0.0000	0.0000	0.0000	0.0000	0.0000	0.0000											
66	73	0.0495	5	1	1	1	1	0	0	0	0	N	N	N	N	N	N	N	N	N	N	N	N	0.0000	0.0000	0.0000	0.0000	0.0000	0.0000	0.0000	0.0000	0.0000	0.0000	0.0000	0.0000	0.0000	0.0000	0.0000	0.0000	0.0000	7.5171	0.0000	32.4994	0.0001	0.0001	0.0000	7.4841	0.0000	31.5481	1262929.0534	0.0000	0.4086	0.9437	9.9619	4.8091	7.0378	0.0000	0.0000	0.0000	0.0000	0.0000	0.0000	0.0000	0.0000	0.0000	0.9946	0.0000	0.9946	0.0000	0.0000	0.0000	0.9946	0.0000	0.9946	0.0987	0.0856	0.0131	0.0181	0.0172	0.0009	0.0806	0.0684	0.0122	0.1390	0.0747	0.0643	0.0061	0.0057	0.0004	0.1329	0.0690	0.0639	0.0000	0.0000	0.0000	0.0000	0.0000	0.0000	0.0000	0.0000	0.0000	7.1564	0.0000	15.4745	0.0001	0.0001	0.0000	7.4841	0.0000	15.5690		
66	74	0.0855	7	0	1	1	1	0	0	0	0	N	N	N	N	N	N	N	N	N	N	N	N	0.0000	0.0000	0.0000	0.0000	0.0000	0.0000	0.0000	0.0000	0.0000	0.0000	0.0000	0.0000	0.0000	0.0000	0.0000	0.0000	0.0000	0.0000	0.0000	0.0000	0.0002	0.0002	0.0000	0.0000	0.0000	0.0000	0.0280	0.0000	-0.0000	0.9437	7.0442	4.8091	2.0273	0.0000	0.0000	0.0000	0.0000	0.0000	0.0000	0.0000	0.0000	0.0000	0.0000	0.0000	0.0000	0.0000	0.0000	0.0000	0.0000	0.0000	0.0000	0.0788	0.0689	0.0100	0.0200	0.0189	0.0010	0.0589	0.0500	0.0089	0.0728	0.0380	0.0348	0.0046	0.0044	0.0002	0.0682	0.0337	0.0345	0.0000	0.0000	0.0000	0.0000	0.0000	0.0000	0.0000	0.0000	0.0000	0.0000	0.0000	0.0000	0.0002	0.0002	0.0000	0.0000	0.0000	0.0000		
66	75	0.0616	6	0	1	1	1	0	0	0	0	N	N	N	N	N	N	N	N	N	N	N	N	0.0000	0.0000	0.0000	0.0000	0.0000	0.0000	0.0000	0.0000	0.0000	0.0000	0.0000	0.0000	0.0000	0.0000	0.0000	0.0000	0.0000	0.0000	0.0119	0.0161	0.0071	0.1201	0.1272	0.0001	0.0061	0.0142	0.0072	0.3860	0.0000	-0.0002	0.9437	4.3369	4.8091	3.0972	0.0000	0.0000	0.0000	0.0000	0.0000	0.0000	0.0000	0.0000	0.0000	0.0007	0.0005	0.0002	0.0004	0.0004	0.0000	0.0004	0.0002	0.0002	0.0493	0.0431	0.0062	0.0113	0.0108	0.0004	0.0380	0.0323	0.0057	0.0628	0.0335	0.0293	0.0032	0.0030	0.0002	0.0596	0.0305	0.0291	0.0000	0.0000	0.0000	0.0000	0.0000	0.0000	0.0000	0.0000	0.0000	0.0119	0.0161	0.0071	0.1201	0.1272	0.0001	0.0061	0.0051	0.0072	
66	76	0.0884	5	1	1	1	1	0	0	0	0	N	N	N	N	N	N	N	N	N	N	N	N	0.0000	0.0000	0.0000	0.0000	0.0000	0.0000	0.0000	0.0000	0.0000	0.0000	0.0000	0.0000	0.0000	0.0000	0.0000	0.0000	0.0000	0.0000	0.0000	0.0001	0.0001	0.0000	0.0000	0.0000	0.0000	0.0116	0.0000	-0.0000	0.9437	1.9992	4.8091	0.0055	0.0000	0.0000	0.0000	0.0000	0.0000	0.0000	0.0000	0.0000	0.0000	0.0000	0.0000	0.0000	0.0000	0.0000	0.0000	0.0000	0.0000	0.0000	0.0298	0.0259	0.0039	0.0064	0.0061	0.0003	0.0234	0.0198	0.0036	0.0237	0.0126	0.0111	0.0013	0.0013	0.0000	0.0223	0.0113	0.0110	0.0000	0.0000	0.0000	0.0000	0.0000	0.0000	0.0000	0.0000	0.0000	0.0000	0.0000	0.0000	0.0001	0.0001	0.0000	0.0000	0.0000	0.0000			
66	77	0.0442	4	1	1	1	1	0	0	0	0	N	N	N	N	N	N	N	N	N	N	N	N	0.0000	0.0000	0.0000	0.0000	0.0000	0.0000	0.0000	0.0000	0.0000	0.0000	0.0000	0.0000	0.0000	0.0000	0.0000	0.0000	0.0000	0.0000	0.0000	0.0000	0.0000	0.0000	0.0000	0.0000	0.0000	1.0774	0.0000	-0.0000	0.9437	5.0219	4.8091	2.0148	0.0000	0.0000	0.0000	0.0000	0.0000	0.0000	0.0000	0.0000	0.0000	0.0000	0.0000	0.0000	0.0000	0.0000	0.0000	0.0000	0.0000	0.0000	0.0509	0.0441	0.0068	0.0092	0.0087	0.0004	0.0417	0.0354	0.0064	0.0613	0.0325	0.0288	0.0030	0.0029	0.0001	0.0583	0.0296	0.0287	0.0000	0.0000	0.0000	0.0000	0.0000	0.0000	0.0000	0.0000	0.0000	0.0000	0.0000	0.0000	0.0000	0.0000	0.0000	0.0000	0.0000	0.0000			
66	78	0.0313	3	0	1	1	1	0	0	0	0	N	N	N	N	N	N	N	N	N	N	N	N	0.0000	0.0000	0.0000	0.0000	0.0000	0.0000	0.0000	0.0000	0.0000	0.0000	0.0000	0.0000	0.0000	0.0000	0.0000	0.0000	0.0003	0.0001	0.0006	0.0012	0.0013	0.0000	0.0003	0.0000	0.0006	7.4291	0.0000	0.0000	0.9437	1.0203	4.8091	2.7327	0.0000	0.0000	0.0000	0.0000	0.0000	0.0000	0.0000	0.0000	0.0000	0.0000	0.0000	0.0000	0.0000	0.0000	0.0000	0.0000	0.0000	0.0000	0.0105	0.0091	0.0014	0.0017	0.0017	0.0001	0.0087	0.0074	0.0013	0.0331	0.0175	0.0156	0.0011	0.0011	0.0000	0.0320	0.0164	0.0156	0.0000	0.0000	0.0000	0.0000	0.0000	0.0000	0.0000	0.0000	0.0000	0.0003	0.0001	0.0006	0.0012	0.0013	0.0000	0.0003	0.0000	0.0006			
67	68	0.0451	3	0	0	2	2	0	0	0	0	N	N	Y	Y	N	N	N	N	N	N	N	N	0.0383	0.2128	0.0000	0.7440	0.7863	0.0000	0.0001	inf	0.0000	0.0001	0.0001	0.0000	0.0054	0.0057	0.0000	0.0000	0.0000	0.0000	0.0029	0.0006	0.0056	0.0072	0.0073	0.0010	0.0027	0.0000	0.0056	0.0000	8.0403	-0.0000	0.0001	4.0088	1.0064	5.0246	4.2000	0.0000	0.0000	0.0000	0.0000	0.0000	0.0000	0.0000	0.0000	0.0000	0.0002	0.0000	0.0002	0.0000	0.0000	0.0000	0.0002	0.0000	0.0002	0.0319	0.0275	0.0043	0.0007	0.0006	0.0000	0.0312	0.0269	0.0043	0.0713	0.0379	0.0334	0.0032	0.0032	0.0000	0.0681	0.0347	0.0334	0.0383	0.2128	0.0000	0.7440	0.7863	0.0000	0.0001	inf	0.0000	0.0029	0.0006	0.0056	0.0072	0.0073	0.0010	0.0027	0.0000	0.0056
67	69	0.0401	2	0	0	1	2	0	0	0	0	N	N	N	Y	N	N	N	N	N	N	N	N	0.2096	0.1187	0.0226	0.1928	0.2350	0.1485	0.0112	63.6270	0.0217	0.0051	0.0059	0.0003	0.0360	0.0380	0.0006	0.0001	0.0000	0.0003	0.0243	0.0494	0.0150	0.1867	0.1617	0.0038	0.0076	0.0000	0.0150	0.0094	0.3828	-0.0001	-0.0002	4.0088	1.2889	5.0246	0.3511	0.0003	0.0003	0.0000	0.0003	0.0003	0.0000	0.0000	0.0000	0.0000	0.0007	0.0005	0.0002	0.0005	0.0005	0.0000	0.0002	0.0000	0.0002	0.0520	0.0447	0.0073	0.0073	0.0069	0.0004	0.0448	0.0379	0.0069	0.0270	0.0149	0.0121	0.0029	0.0029	0.0000	0.0240	0.0120	0.0121	0.2096	0.1844	0.0226	0.2236	0.2350	0.1485	0.0112	63.6270	0.0217	0.0243	0.0318	0.0150	0.1610	0.1617	0.0038	0.0076	0.0000	0.0150
67	72	0.1182	5	1	1	1	1	0	0	0	0	N	N	N	N	N	N	N	N	N	N	N	N	0.0000	0.0000	0.0000	0.0000	0.0000	0.0000	0.0000	0.0000	0.0000	0.0000	0.0000	0.0000	0.0000	0.0000	0.0000	0.0000	0.0000	0.0000	0.0000	-0.0000	4.0088	0.0000	5.0246	0.0001	0.0000	0.0000	0.0000	0.0000	0.0000	0.0000	0.0000	0.0000	0.0000	0.0000	0.0000	0.0000	0.0000	0.0000	0.0000	0.0000	0.0000	0.0000	0.0000	0.0000	0.0000	0.0000	0.0000	0.0000	0.0000	0.0000	0.0000	0.0000	0.0000	0.0000	0.0000	0.0000	0.0000	0.0000	0.0000	0.0000	0.0000	0.0000	0.0000	0.0000	0.0000	0.0000	0.0000	0.0000	0.0000	0.0000	0.0000	0.0000	0.0000	0.0000	0.0000	0.0000	0.0000	0.0000											
67	73	0.0549	4	1	1	1	1	0	0	0	0	N	N	N	N	N	N	N	N	N	N	N	N	0.0000	0.0000	0.0000	0.0000	0.0000	0.0000	0.0000	0.0000	0.0000	0.0000	0.0000	0.0000	0.0000	0.0000	0.0000	0.0000	0.0000	0.0005	0.0009	0.0000	0.0262	0.0300	0.0006	0.0000	0.0000	0.0000	0.0191	0.0000	-0.0001	4.0088	9.9619	5.0246	7.0378	0.0000	0.0000	0.0000	0.0000	0.0000	0.0000	0.0000	0.0000	0.0000	0.0001	0.0001	0.0000	0.0001	0.0001	0.0000	0.0000	0.0000	0.0000	0.2993	0.2595	0.0397	0.0073	0.0070	0.0003	0.2920	0.2525	0.0394	0.2101	0.1103	0.0998	0.0038	0.0033	0.0005	0.2063	0.1069	0.0993	0.0000	0.0000	0.0000	0.0000	0.0000	0.0000	0.0000	0.0000	0.0000	0.0005	0.0009	0.0000	0.0262	0.0300	0.0006	0.0000	0.0000	0.0000		
67	74	0.0909	6	0	1	1	1	0	0	0	0	N	N	N	N	N	N	N	N	N	N	N	N	0.0000	0.0000	0.0000	0.0000	0.0000	0.0000	0.0000	0.0000	0.0000	0.0000	0.0000	0.0000	0.0000	0.0000	0.0000	0.0000	0.0000	0.0000	0.0013	0.0024	0.0000	0.0281	0.0298	0.0009	0.0000	0.0000	0.0000	0.0176	0.0000	-0.0001	4.0088	7.0442	5.0246	2.0273	0.0000	0.0000	0.0000	0.0000	0.0000	0.0000	0.0000	0.0000	0.0000	0.0001	0.0001	0.0000	0.0001	0.0001	0.0000	0.0000	0.0000	0.0000	0.2487	0.2177	0.0310	0.0346	0.0326	0.0019	0.2141	0.1850	0.0291	0.1118	0.0575	0.0543	0.0049	0.0046	0.0003	0.1068	0.0529	0.0540	0.0000	0.0000	0.0000	0.0000	0.0000	0.0000	0.0000	0.0000	0.0000	0.0013	0.0024	0.0000	0.0281	0.0298	0.0009	0.0000	0.0000	0.0000	
67	75	0.0670	5	0	1	1	1	0	0	0	0	N	N	N	N	N	N	N	N	N	N	N	N	0.0000	0.0000	0.0000	0.0000	0.0000	0.0000	0.0000	0.0000	0.0000	0.0000	0.0000	0.0000	0.0000	0.0000	0.0000	0.0000	0.0000	0.0000	0.0017	0.0027	0.0007	0.0297	0.0326	0.0014	0.0010	0.0013	0.0007	0.2388	0.0000	-0.0001	4.0088	4.3369	5.0246	3.0972	0.0000	0.0000	0.0000	0.0000	0.0000	0.0000	0.0000	0.0000	0.0000	0.0002	0.0001	0.0000	0.0001	0.0001	0.0000	0.0001	0.0001	0.0000	0.1557	0.1367	0.0190	0.0168	0.0165	0.0004	0.1389	0.1202	0.0187	0.0951	0.0495	0.0455	0.0025	0.0023	0.0002	0.0926	0.0472	0.0453	0.0000	0.0000	0.0000	0.0000	0.0000	0.0000	0.0000	0.0000	0.0000	0.0017	0.0027	0.0007	0.0297	0.0326	0.0014	0.0010	0.0013	0.0007	
67	76	0.0938	4	1	1	1	1	0	0	0	0	N	N	N	N	N	N	N	N	N	N	N	N	0.0000	0.0000	0.0000	0.0000	0.0000	0.0000	0.0000	0.0000	0.0000	0.0000	0.0000	0.0000	0.0000	0.0003	0.0000	0.0006	0.0000	0.0000	0.0000	0.0003	0.0000	0.0006	inf	0.0000	0.0000	4.0088	1.9992	5.0246	0.0055	0.0000	0.0000	0.0000	0.0000	0.0000	0.0000	0.0000	0.0000	0.0000	0.0000	0.0000	0.0000	0.0000	0.0000	0.0000	0.0000	0.0000	0.0000	0.0835	0.0726	0.0109	0.0021	0.0020	0.0001	0.0814	0.0706	0.0108	0.0356	0.0184	0.0172	0.0009	0.0008	0.0000	0.0347	0.0176	0.0172	0.0000	0.0000	0.0000	0.0000	0.0000	0.0000	0.0000	0.0000	0.0000	0.0003	0.0000	0.0006	0.0000	0.0000	0.0000	0.0003	0.0000	0.0006						
67	77	0.0496	3	1	1	1	1	0	0	0	0	N	N	N	N	N	N	N	N	N	N	N	N	0.0000	0.0000	0.0000	0.0000	0.0000	0.0000	0.0000	0.0000	0.0000	0.0000	0.0000	0.0000	0.0000	0.0000	0.0000	0.0000	0.0000	0.2995	0.0002	0.1886	0.0225	0.0047	1.0568	0.3149	0.0000	0.1655	728.6833	0.0000	0.0030	4.0088	5.0219	5.0246	2.0148	0.0000	0.0000	0.0000	0.0000	0.0000	0.0000	0.0000	0.0000	0.0000	0.0074	0.0000	0.0074	0.0001	0.0000	0.0000	0.0074	0.0000	0.0074	0.1547	0.1340	0.0207	0.0032	0.0031	0.0001	0.1515	0.1308	0.0206	0.0928	0.0481	0.0447	0.0022	0.0021	0.0001	0.0906	0.0460	0.0446	0.0000	0.0000	0.0000	0.0000	0.0000	0.0000	0.0000	0.0000	0.0000	0.0801	0.0002	0.1661	0.0225	0.0047	0.5120	0.0815	0.0000	0.1655		
67	78	0.0367	2	0	1	1	1	0	0	0	0	N	N	N	N	N	N	N	N	N	N	N	N	0.0000	0.0000	0.0000	0.0000	0.0000	0.0000	0.0000	0.0000	0.0000	0.0000	0.0000	0.0000	0.0000	0.0000	0.0000	0.0000	0.0000	0.0000	21.8054	0.0017	149.0601	0.0085	0.0086	0.0028	24.0307	0.0021	140.8278	22790.7202	0.0000	0.4074	4.0088	1.0203	5.0246	2.7327	0.0000	0.0000	0.0000	0.0000	0.0000	0.0000	0.0000	0.0000	0.0000	0.9916	0.0000	0.9915	0.0000	0.0000	0.0000	0.9916	0.0000	0.9915	0.0318	0.0275	0.0044	0.0000	0.0000	0.0000	0.0318	0.0274	0.0044	0.0501	0.0259	0.0242	0.0004	0.0004	0.0000	0.0497	0.0255	0.0242	0.0000	0.0000	0.0000	0.0000	0.0000	0.0000	0.0000	0.0000	0.0000	19.7863	0.0017	40.9535	0.0085	0.0086	0.0028	19.9518	0.0016	40.9557	
68	72	0.1157	7	1	1	1	1	0	0	0	0	N	N	N	N	N	N	N	N	N	N	N	N	0.0000	0.0000	0.0000	0.0000	0.0000	0.0000	0.0000	0.0000	0.0000	0.0000	0.0000	0.0000	0.0000	0.0000	0.0000	0.0000	0.0000	0.0000	0.0000	0.0000	1.0064	0.0000	4.2000	0.0001	0.0000	0.0000	0.0000	0.0000	0.0000	0.0000	0.0000	0.0000	0.0000	0.0000	0.0000	0.0000	0.0000	0.0000	0.0000	0.0000	0.0000	0.0000	0.0000	0.0000	0.0000	0.0000	0.0000	0.0000	0.0000	0.0000	0.0000	0.0000	0.0000	0.0000	0.0000	0.0000	0.0000	0.0000	0.0000	0.0000	0.0000	0.0000	0.0000	0.0000	0.0000	0.0000	0.0000	0.0000	0.0000	0.0000	0.0000	0.0000	0.0000	0.0000	0.0000	0.0000	0.0000	0.0000											
68	73	0.0524	6	1	1	1	1	0	0	0	0	N	N	N	N	N	N	N	N	N	N	N	N	9689.5490	1.4294	176687520.4884	12.6496	2.2511	609680.7538	57190680.3103	202103616.9381	12.4479	0.0034	93.9796	0.3790	0.0723	6.1982	12.9934	0.0000	95.4389	0.0013	0.0024	0.0000	0.0300	0.0321	0.0000	0.0000	0.0000	0.0000	4192.9442	0.0002	0.6133	-0.0001	1.0064	9.9619	4.2000	7.0378	0.9644	0.0002	0.9641	0.0013	0.0002	0.0010	0.9631	0.0000	0.9631	0.0002	0.0002	0.0000	0.0002	0.0002	0.0000	0.0000	0.0000	0.0000	0.0775	0.0672	0.0103	0.0034	0.0032	0.0002	0.0741	0.0640	0.0101	0.1242	0.0666	0.0575	0.0053	0.0050	0.0004	0.1188	0.0617	0.0572	9689.5490	1.4294	176687520.4884	12.6496	2.2511	609680.7538	57190680.3103	0.0000	202103616.9381	0.0013	0.0024	0.0000	0.0300	0.0321	0.0000	0.0000	0.0000	0.0000	
68	74	0.0884	8	0	1	1	1	0	0	0	0	N	N	N	N	N	N	N	N	N	N	N	N	1213350.2563	4262939.8100	0.0000	1514317.5246	1622605.9375	0.0000	717436.3781	inf	0.0000	8.5386	9.7572	0.0000	30.9901	32.9700	0.0000	4.4125	5.1118	0.0000	0.0000	0.0000	0.0000	0.0000	0.0000	0.0000	0.0000	0.0000	0.0000	0.0000	4.9018	-0.2001	0.0000	1.0064	7.0442	4.2000	2.0273	0.5500	0.5500	0.0000	0.3099	0.3099	0.0000	0.2401	0.2401	0.0000	0.0000	0.0000	0.0000	0.0000	0.0000	0.0000	0.0000	0.0000	0.0000	0.0644	0.0564	0.0080	0.0100	0.0094	0.0006	0.0544	0.0470	0.0074	0.0649	0.0338	0.0311	0.0040	0.0038	0.0002	0.0609	0.0300	0.0309	1213350.2563	4262939.8100	0.0000	1514317.5246	1622605.9375	0.0000	717436.3781	inf	0.0000	0.0000	0.0000	0.0000	0.0000	0.0000	0.0000	0.0000	0.0000	0.0000
68	75	0.0645	7	0	1	1	1	0	0	0	0	N	N	N	N	N	N	N	N	N	N	N	N	50951.5363	21232.4173	704203.4295	716.2171	757.1851	257.2704	5631727.2331	45526698.5657	8503863.4559	18.8140	13.1500	59.5239	5.2025	5.2601	3.1979	20.7288	14.3979	61.1575	0.0004	0.0006	0.0001	0.0073	0.0069	0.0124	0.0000	0.0000	0.0000	0.6298	0.1199	0.0171	-0.0000	1.0064	4.3369	4.2000	3.0972	0.7572	0.4646	0.2926	0.0258	0.0254	0.0004	0.7314	0.4392	0.2922	0.0000	0.0000	0.0000	0.0000	0.0000	0.0000	0.0000	0.0000	0.0000	0.0402	0.0353	0.0049	0.0050	0.0048	0.0001	0.0353	0.0305	0.0048	0.0561	0.0299	0.0262	0.0028	0.0027	0.0002	0.0533	0.0272	0.0261	50951.5363	21232.4173	704203.4295	716.2171	757.1851	257.2704	5631727.2331	45526698.5657	8503863.4559	0.0004	0.0006	0.0001	0.0073	0.0069	0.0124	0.0000	0.0000	0.0000
68	76	0.0913	6	1	1	1	1	0	0	0	0	N	N	N	N	N	N	N	N	N	N	N	N	0.0000	0.0000	0.0000	0.0000	0.0000	0.0000	0.0000	0.0000	0.0000	0.0000	0.0000	0.0000	0.0000	0.0000	0.0000	0.0000	0.0000	0.0000	0.0000	0.0000	0.0000	0.0000	0.0000	0.0000	0.0000	0.3953	0.0000	-0.0000	1.0064	1.9992	4.2000	0.0055	0.0000	0.0000	0.0000	0.0000	0.0000	0.0000	0.0000	0.0000	0.0000	0.0000	0.0000	0.0000	0.0000	0.0000	0.0000	0.0000	0.0000	0.0000	0.0217	0.0189	0.0028	0.0011	0.0010	0.0001	0.0207	0.0179	0.0028	0.0210	0.0111	0.0099	0.0011	0.0011	0.0000	0.0199	0.0100	0.0098	0.0000	0.0000	0.0000	0.0000	0.0000	0.0000	0.0000	0.0000	0.0000	0.0000	0.0000	0.0000	0.0000	0.0000	0.0000	0.0000	0.0000	0.0000			
68	77	0.0471	5	1	1	1	1	0	0	0	0	N	N	N	N	N	N	N	N	N	N	N	N	0.0000	0.0000	0.0000	0.0000	0.0000	0.0000	0.0000	0.0000	0.0000	0.0000	0.0000	0.0000	0.0000	0.0000	0.0000	0.0000	0.0000	0.0000	0.0000	0.0000	0.0000	0.0000	0.0000	0.0000	0.0000	3.2135	0.0000	0.0000	1.0064	5.0219	4.2000	2.0148	0.0000	0.0000	0.0000	0.0000	0.0000	0.0000	0.0000	0.0000	0.0000	0.0000	0.0000	0.0000	0.0000	0.0000	0.0000	0.0000	0.0000	0.0000	0.0400	0.0347	0.0053	0.0016	0.0015	0.0001	0.0385	0.0332	0.0053	0.0548	0.0290	0.0258	0.0026	0.0025	0.0001	0.0522	0.0265	0.0257	0.0000	0.0000	0.0000	0.0000	0.0000	0.0000	0.0000	0.0000	0.0000	0.0000	0.0000	0.0000	0.0000	0.0000	0.0000	0.0000	0.0000	0.0000			
68	78	0.0343	4	0	1	1	1	0	0	0	0	N	N	N	N	N	N	N	N	N	N	N	N	0.0000	0.0000	0.0000	0.0000	0.0000	0.0000	0.0000	0.0000	0.0000	0.0000	0.0000	0.0000	0.0000	0.0000	0.0000	0.0000	0.0000	0.0000	0.0000	0.0001	0.0002	0.0000	0.0000	0.0000	0.0000	0.0619	0.0000	-0.0000	1.0064	1.0203	4.2000	2.7327	0.0000	0.0000	0.0000	0.0000	0.0000	0.0000	0.0000	0.0000	0.0000	0.0000	0.0000	0.0000	0.0000	0.0000	0.0000	0.0000	0.0000	0.0000	0.0082	0.0071	0.0011	0.0002	0.0002	0.0000	0.0081	0.0070	0.0011	0.0296	0.0156	0.0140	0.0009	0.0009	0.0000	0.0286	0.0147	0.0139	0.0000	0.0000	0.0000	0.0000	0.0000	0.0000	0.0000	0.0000	0.0000	0.0000	0.0000	0.0000	0.0001	0.0002	0.0000	0.0000	0.0000	0.0000			
69	72	0.0971	6	1	1	0	1	0	0	0	0	N	N	N	N	N	N	N	N	N	N	N	N	0.0000	0.0000	0.0000	0.0000	0.0000	0.0000	0.0000	0.0000	0.0000	0.0000	0.0000	0.0000	0.0000	0.0000	0.0000	0.0000	0.0000	0.0000	0.0000	0.0000	1.2889	0.0000	0.3511	0.0001	0.0000	0.0000	0.0000	0.0000	0.0000	0.0000	0.0000	0.0000	0.0000	0.0000	0.0000	0.0000	0.0000	0.0000	0.0000	0.0000	0.0000	0.0000	0.0000	0.0000	0.0000	0.0000	0.0000	0.0000	0.0000	0.0000	0.0000	0.0000	0.0000	0.0000	0.0000	0.0000	0.0000	0.0000	0.0000	0.0000	0.0000	0.0000	0.0000	0.0000	0.0000	0.0000	0.0000	0.0000	0.0000	0.0000	0.0000	0.0000	0.0000	0.0000	0.0000	0.0000	0.0000	0.0000											
69	73	0.0338	5	1	1	0	1	0	0	0	0	N	N	N	N	N	N	N	N	N	N	N	N	0.0405	0.0000	2.7937	0.0000	0.0000	1.8534	0.9079	2.9368	0.0030	0.0000	0.0227	0.0000	0.0000	0.0002	0.0035	0.0000	0.0240	0.0742	0.3234	0.0081	1.4383	1.0568	0.0001	0.0039	0.0000	0.0082	inf	0.0878	0.0002	-0.0010	1.2889	9.9619	0.3511	7.0378	0.0004	0.0000	0.0004	0.0000	0.0000	0.0000	0.0004	0.0000	0.0004	0.0020	0.0018	0.0002	0.0018	0.0018	0.0000	0.0002	0.0000	0.0002	0.1247	0.1082	0.0165	0.0188	0.0179	0.0009	0.1058	0.0902	0.0156	0.0448	0.0251	0.0196	0.0039	0.0038	0.0001	0.0409	0.0214	0.0195	0.0682	0.0000	2.7937	0.0000	0.0000	1.8534	0.9079	0.0000	2.9368	0.0441	0.0722	0.0081	0.4649	0.4788	0.0001	0.0039	0.0000	0.0082	
69	74	0.0698	7	0	1	0	1	0	0	0	0	N	N	N	N	N	N	N	N	N	N	N	N	12.2400	8.1727	0.0000	3.3931	3.4980	0.0000	118.6579	inf	0.0000	0.0008	0.0009	0.0000	0.0020	0.0021	0.0000	0.0005	0.0005	0.0000	0.0001	0.0001	0.0000	0.0006	0.0006	0.0001	0.0000	0.0000	0.0000	0.0000	0.0628	-0.0000	-0.0000	1.2889	7.0442	0.3511	2.0273	0.0001	0.0001	0.0000	0.0000	0.0000	0.0000	0.0000	0.0000	0.0000	0.0000	0.0000	0.0000	0.0000	0.0000	0.0000	0.0000	0.0000	0.0000	0.1004	0.0878	0.0127	0.0230	0.0218	0.0012	0.0774	0.0660	0.0115	0.0236	0.0129	0.0106	0.0025	0.0024	0.0001	0.0210	0.0105	0.0105	12.2400	8.1727	0.0000	3.3931	3.4980	0.0000	118.6579	inf	0.0000	0.0001	0.0001	0.0000	0.0006	0.0006	0.0001	0.0000	0.0000	0.0000
69	75	0.0459	6	0	1	0	1	0	0	0	0	N	N	N	N	N	N	N	N	N	N	N	N	1.0237	0.4706	9.3713	0.0301	0.0326	0.0045	2.4085	0.8967	14.2136	0.0018	0.0013	0.0056	0.0003	0.0003	0.0001	0.0022	0.0015	0.0060	0.0018	0.0027	0.0006	0.0101	0.0095	0.0303	0.0009	0.0017	0.0004	0.6298	0.1769	0.0000	-0.0000	1.2889	4.3369	0.3511	3.0972	0.0001	0.0001	0.0000	0.0000	0.0000	0.0000	0.0001	0.0001	0.0000	0.0000	0.0000	0.0000	0.0000	0.0000	0.0000	0.0000	0.0000	0.0000	0.0628	0.0550	0.0078	0.0128	0.0123	0.0005	0.0500	0.0427	0.0073	0.0202	0.0113	0.0089	0.0019	0.0018	0.0001	0.0183	0.0094	0.0089	1.0237	0.4706	9.3713	0.0301	0.0326	0.0045	2.4085	1.1247	14.2136	0.0018	0.0027	0.0006	0.0101	0.0095	0.0303	0.0009	0.0014	0.0004
69	76	0.0727	5	1	1	0	1	0	0	0	0	N	N	N	N	N	N	N	N	N	N	N	N	0.0000	0.0000	0.0000	0.0000	0.0000	0.0000	0.0000	0.0000	0.0000	0.0000	0.0000	0.0000	0.0000	0.0000	0.0000	0.0000	0.0000	0.0000	0.0000	0.0001	0.0001	0.0000	0.0000	0.0000	0.0000	0.0847	0.0000	-0.0000	1.2889	1.9992	0.3511	0.0055	0.0000	0.0000	0.0000	0.0000	0.0000	0.0000	0.0000	0.0000	0.0000	0.0000	0.0000	0.0000	0.0000	0.0000	0.0000	0.0000	0.0000	0.0000	0.0371	0.0322	0.0049	0.0066	0.0063	0.0003	0.0304	0.0259	0.0045	0.0078	0.0044	0.0034	0.0008	0.0008	0.0000	0.0070	0.0036	0.0034	0.0000	0.0000	0.0000	0.0000	0.0000	0.0000	0.0000	0.0000	0.0000	0.0000	0.0000	0.0000	0.0001	0.0001	0.0000	0.0000	0.0000	0.0000			
69	77	0.0286	4	1	1	0	1	0	0	0	0	N	N	N	N	N	N	N	N	N	N	N	N	0.0000	0.0000	0.0000	0.0000	0.0000	0.0000	0.0000	0.0000	0.0000	0.0000	0.0000	0.0000	0.0000	0.0000	0.0000	0.0000	0.0000	0.0000	0.0000	0.0001	0.0001	0.0000	0.0000	0.0000	0.0000	0.8835	0.0000	-0.0000	1.2889	5.0219	0.3511	2.0148	0.0000	0.0000	0.0000	0.0000	0.0000	0.0000	0.0000	0.0000	0.0000	0.0000	0.0000	0.0000	0.0000	0.0000	0.0000	0.0000	0.0000	0.0000	0.0643	0.0557	0.0086	0.0095	0.0090	0.0005	0.0548	0.0467	0.0081	0.0196	0.0109	0.0088	0.0018	0.0017	0.0000	0.0179	0.0092	0.0087	0.0000	0.0000	0.0000	0.0000	0.0000	0.0000	0.0000	0.0000	0.0000	0.0000	0.0000	0.0000	0.0001	0.0001	0.0000	0.0000	0.0000	0.0000			
69	78	0.0157	3	0	1	0	1	0	0	0	0	N	N	N	N	N	N	N	N	N	N	N	N	0.0000	0.0000	0.0000	0.0000	0.0000	0.0000	0.0000	0.0000	0.0000	0.0000	0.0000	0.0000	0.0000	0.0000	0.0000	0.0000	0.0002	0.0002	0.0001	0.0017	0.0017	0.0000	0.0000	0.0000	0.0001	0.1811	0.0000	-0.0000	1.2889	1.0203	0.3511	2.7327	0.0000	0.0000	0.0000	0.0000	0.0000	0.0000	0.0000	0.0000	0.0000	0.0000	0.0000	0.0000	0.0000	0.0000	0.0000	0.0000	0.0000	0.0000	0.0132	0.0114	0.0018	0.0018	0.0017	0.0001	0.0115	0.0098	0.0017	0.0106	0.0059	0.0047	0.0008	0.0008	0.0000	0.0098	0.0051	0.0047	0.0000	0.0000	0.0000	0.0000	0.0000	0.0000	0.0000	0.0000	0.0000	0.0002	0.0002	0.0001	0.0017	0.0017	0.0000	0.0000	0.0000	0.0001			
70	72	0.0922	5	1	1	0	1	0	0	0	0	N	N	N	N	N	N	N	N	N	N	N	N	0.0000	0.0000	0.0000	0.0000	0.0000	0.0000	0.0000	0.0000	0.0000	0.0000	0.0000	0.0000	0.0000	0.0000	0.0000	0.0000	0.0000	0.0000	0.0000	-0.0000	0.7777	0.0000	1.1718	0.0001	0.0000	0.0000	0.0000	0.0000	0.0000	0.0000	0.0000	0.0000	0.0000	0.0000	0.0000	0.0000	0.0000	0.0000	0.0000	0.0000	0.0000	0.0000	0.0000	0.0000	0.0000	0.0000	0.0000	0.0000	0.0000	0.0000	0.0000	0.0000	0.0000	0.0000	0.0000	0.0000	0.0000	0.0000	0.0000	0.0000	0.0000	0.0000	0.0000	0.0000	0.0000	0.0000	0.0000	0.0000	0.0000	0.0000	0.0000	0.0000	0.0000	0.0000	0.0000	0.0000	0.0000	0.0000											
70	73	0.0289	4	1	1	0	1	0	0	0	0	N	N	N	N	N	N	N	N	N	N	N	N	0.0000	0.0000	0.0000	0.0000	0.0000	0.0000	0.0000	0.0000	0.0000	0.0000	0.0000	0.0000	0.0000	0.0000	0.0000	0.0000	0.0000	0.0495	0.0040	0.0786	0.0492	0.0518	0.0003	0.0460	0.0000	0.0790	16.9159	0.0000	0.0007	0.7777	9.9619	1.1718	7.0378	0.0000	0.0000	0.0000	0.0000	0.0000	0.0000	0.0000	0.0000	0.0000	0.0019	0.0001	0.0018	0.0001	0.0001	0.0000	0.0018	0.0000	0.0018	0.0595	0.0516	0.0079	0.0016	0.0016	0.0001	0.0579	0.0500	0.0079	0.0497	0.0266	0.0231	0.0022	0.0021	0.0001	0.0475	0.0246	0.0230	0.0000	0.0000	0.0000	0.0000	0.0000	0.0000	0.0000	0.0000	0.0000	0.0386	0.0040	0.0786	0.0492	0.0518	0.0003	0.0381	0.0000	0.0790		
70	74	0.0649	6	0	1	0	1	0	0	0	0	N	N	N	N	N	N	N	N	N	N	N	N	0.0000	0.0000	0.0000	0.0000	0.0000	0.0000	0.0000	0.0000	0.0000	0.0000	0.0000	0.0000	0.0000	0.0000	0.0000	0.0000	0.0000	0.0000	0.0048	0.0084	0.0008	0.0530	0.0550	0.0007	0.0012	0.0022	0.0008	0.0838	0.0000	-0.0001	0.7777	7.0442	1.1718	2.0273	0.0000	0.0000	0.0000	0.0000	0.0000	0.0000	0.0000	0.0000	0.0000	0.0001	0.0001	0.0000	0.0001	0.0001	0.0000	0.0000	0.0000	0.0000	0.0494	0.0432	0.0062	0.0069	0.0066	0.0004	0.0425	0.0367	0.0058	0.0265	0.0140	0.0126	0.0018	0.0018	0.0001	0.0247	0.0122	0.0125	0.0000	0.0000	0.0000	0.0000	0.0000	0.0000	0.0000	0.0000	0.0000	0.0048	0.0084	0.0008	0.0530	0.0550	0.0007	0.0012	0.0016	0.0008	
70	75	0.0410	5	0	1	0	1	0	0	0	0	N	N	N	N	N	N	N	N	N	N	N	N	0.0000	0.0000	0.0000	0.0000	0.0000	0.0000	0.0000	0.0000	0.0000	0.0000	0.0000	0.0000	0.0000	0.0000	0.0000	0.0000	0.0000	0.0000	0.0078	0.0081	0.0076	0.0604	0.0631	0.0011	0.0050	0.0042	0.0076	0.8232	0.0000	-0.0000	0.7777	4.3369	1.1718	3.0972	0.0000	0.0000	0.0000	0.0000	0.0000	0.0000	0.0000	0.0000	0.0000	0.0002	0.0001	0.0001	0.0001	0.0001	0.0000	0.0001	0.0000	0.0001	0.0309	0.0271	0.0038	0.0034	0.0033	0.0001	0.0275	0.0238	0.0037	0.0225	0.0120	0.0105	0.0012	0.0011	0.0001	0.0214	0.0109	0.0105	0.0000	0.0000	0.0000	0.0000	0.0000	0.0000	0.0000	0.0000	0.0000	0.0078	0.0081	0.0076	0.0604	0.0631	0.0011	0.0050	0.0024	0.0076	
70	76	0.0677	4	1	1	0	1	0	0	0	0	N	N	N	N	N	N	N	N	N	N	N	N	0.0000	0.0000	0.0000	0.0000	0.0000	0.0000	0.0000	0.0000	0.0000	0.0000	0.0000	0.0000	0.0000	0.0000	0.0000	0.0000	0.0011	0.0021	0.0000	0.0197	0.0201	0.0000	0.0000	0.0000	0.0000	0.0004	0.0000	-0.0000	0.7777	1.9992	1.1718	0.0055	0.0000	0.0000	0.0000	0.0000	0.0000	0.0000	0.0000	0.0000	0.0000	0.0000	0.0000	0.0000	0.0000	0.0000	0.0000	0.0000	0.0000	0.0000	0.0167	0.0145	0.0022	0.0005	0.0005	0.0000	0.0162	0.0140	0.0022	0.0086	0.0046	0.0040	0.0005	0.0005	0.0000	0.0081	0.0041	0.0040	0.0000	0.0000	0.0000	0.0000	0.0000	0.0000	0.0000	0.0000	0.0000	0.0011	0.0021	0.0000	0.0197	0.0201	0.0000	0.0000	0.0000	0.0000			
70	77	0.0236	3	1	1	0	1	0	0	0	0	N	N	N	N	N	N	N	N	N	N	N	N	0.0000	0.0000	0.0000	0.0000	0.0000	0.0000	0.0000	0.0000	0.0000	0.0000	0.0000	0.0000	0.0000	0.0000	0.0000	0.0000	0.0011	0.0012	0.0009	0.0132	0.0134	0.0000	0.0005	0.0000	0.0009	0.6805	0.0000	-0.0000	0.7777	5.0219	1.1718	2.0148	0.0000	0.0000	0.0000	0.0000	0.0000	0.0000	0.0000	0.0000	0.0000	0.0000	0.0000	0.0000	0.0000	0.0000	0.0000	0.0000	0.0000	0.0000	0.0308	0.0266	0.0041	0.0007	0.0007	0.0000	0.0300	0.0259	0.0041	0.0220	0.0116	0.0103	0.0011	0.0011	0.0000	0.0209	0.0106	0.0103	0.0000	0.0000	0.0000	0.0000	0.0000	0.0000	0.0000	0.0000	0.0000	0.0011	0.0012	0.0009	0.0132	0.0134	0.0000	0.0005	0.0000	0.0009			
70	78	0.0107	2	0	1	0	1	0	0	0	0	N	N	N	N	N	N	N	N	N	N	N	N	0.0000	0.0000	0.0000	0.0000	0.0000	0.0000	0.0000	0.0000	0.0000	0.0000	0.0000	0.0000	0.0000	0.0000	0.0000	0.0000	0.1435	0.7609	0.0017	6.9693	5.5015	0.0000	0.0008	0.0000	0.0017	0.0134	0.0000	-0.0004	0.7777	1.0203	1.1718	2.7327	0.0000	0.0000	0.0000	0.0000	0.0000	0.0000	0.0000	0.0000	0.0000	0.0007	0.0007	0.0000	0.0007	0.0007	0.0000	0.0000	0.0000	0.0000	0.0063	0.0055	0.0009	0.0000	0.0000	0.0000	0.0063	0.0054	0.0009	0.0119	0.0063	0.0056	0.0004	0.0004	0.0000	0.0115	0.0059	0.0056	0.0000	0.0000	0.0000	0.0000	0.0000	0.0000	0.0000	0.0000	0.0000	0.0615	0.1150	0.0017	1.7518	1.7531	0.0000	0.0008	0.0000	0.0017			
71	72	0.0851	4	1	1	0	1	0	0	0	0	N	N	N	N	N	N	N	N	N	N	N	N	0.0000	0.0000	0.0000	0.0000	0.0000	0.0000	0.0000	0.0000	0.0000	0.0000	0.0000	0.0000	0.0000	0.0177	0.0487	0.0000	0.1325	0.1346	0.0000	0.0000	0.0000	0.0000	0.0370	0.0000	-0.0000	0.9929	0.0000	0.0325	0.0001	0.0000	0.0000	0.0000	0.0000	0.0000	0.0000	0.0000	0.0000	0.0000	0.0000	0.0000	0.0000	0.0000	0.0000	0.0000	0.0000	0.0000	0.0000	0.0000	0.0000	0.0000	0.0000	0.0000	0.0000	0.0000	0.0000	0.0000	0.0000	0.0000	0.0000	0.0000	0.0000	0.0000	0.0000	0.0000	0.0000	0.0000	0.0000	0.0000	0.0000	0.0000	0.0000	0.0000	0.0000	0.0000	0.0177	0.0318	0.0000	0.1325	0.1346	0.0000	0.0000	0.0000	0.0000						
71	73	0.0218	3	1	1	0	1	0	0	0	0	N	N	N	N	N	N	N	N	N	N	N	N	0.0001	0.0000	0.0015	0.0000	0.0000	37.3241	0.0000	0.0000	0.0000	0.0000	0.0000	0.0000	0.0000	0.0008	0.0000	0.0000	0.0000	0.0127	0.0233	0.0034	3.2448	3.7472	0.0000	0.0016	0.0000	0.0034	inf	0.1468	0.0000	-0.0001	0.9929	9.9619	0.0325	7.0378	0.0000	0.0000	0.0000	0.0000	0.0000	0.0000	0.0000	0.0000	0.0000	0.0003	0.0003	0.0000	0.0003	0.0003	0.0000	0.0000	0.0000	0.0000	0.0754	0.0653	0.0101	0.0017	0.0017	0.0001	0.0736	0.0636	0.0100	0.0246	0.0128	0.0118	0.0003	0.0002	0.0001	0.0243	0.0126	0.0118	0.0001	0.0000	0.0015	0.0000	0.0000	37.3241	0.0000	0.0000	0.0000	0.0127	0.0212	0.0034	0.9260	1.1508	0.0000	0.0016	0.0000	0.0034	
71	74	0.0578	5	0	1	0	1	0	0	0	0	N	N	N	N	N	N	N	N	N	N	N	N	0.0197	0.0185	0.0000	0.1097	0.1086	0.0000	0.0000	0.0000	0.0000	0.0001	0.0001	0.0000	0.0006	0.0006	0.0000	0.0000	0.0000	0.0000	0.0039	0.0048	0.0030	0.0051	0.0055	0.0003	0.0039	0.0123	0.0030	0.0000	0.6144	-0.0000	-0.0000	0.9929	7.0442	0.0325	2.0273	0.0000	0.0000	0.0000	0.0000	0.0000	0.0000	0.0000	0.0000	0.0000	0.0001	0.0000	0.0000	0.0000	0.0000	0.0000	0.0000	0.0000	0.0000	0.0626	0.0548	0.0078	0.0086	0.0081	0.0005	0.0540	0.0466	0.0074	0.0131	0.0067	0.0064	0.0005	0.0005	0.0000	0.0126	0.0062	0.0064	0.0197	0.0185	0.0000	0.1097	0.1086	0.0000	0.0000	0.0000	0.0000	0.0039	0.0048	0.0030	0.0051	0.0055	0.0003	0.0039	0.0047	0.0030
71	75	0.0339	4	0	1	0	1	0	0	0	0	N	N	N	N	N	N	N	N	N	N	N	N	0.2340	0.1278	0.9988	0.1283	0.0580	567.8739	0.0000	0.0000	0.0000	0.0001	0.0001	0.0005	0.0012	0.0006	0.0266	0.0000	0.0000	0.0000	0.0005	0.0006	0.0005	0.0093	0.0105	0.0000	0.0004	0.0002	0.0005	0.9961	0.8547	0.0000	-0.0000	0.9929	4.3369	0.0325	3.0972	0.0000	0.0000	0.0000	0.0000	0.0000	0.0000	0.0000	0.0000	0.0000	0.0000	0.0000	0.0000	0.0000	0.0000	0.0000	0.0000	0.0000	0.0000	0.0392	0.0344	0.0048	0.0042	0.0041	0.0001	0.0350	0.0303	0.0047	0.0111	0.0057	0.0054	0.0002	0.0002	0.0000	0.0109	0.0055	0.0054	0.2340	0.1278	0.9988	0.1283	0.0580	567.8739	0.0000	0.0000	0.0000	0.0005	0.0006	0.0005	0.0093	0.0105	0.0000	0.0004	0.0002	0.0005
71	76	0.0607	3	1	1	0	1	0	0	0	0	N	N	N	N	N	N	N	N	N	N	N	N	0.0000	0.0000	0.0000	0.0000	0.0000	0.0000	0.0000	0.0000	0.0000	0.0000	0.0000	0.0000	0.0000	0.0000	0.0000	0.0000	0.0001	0.0001	0.0000	0.0042	0.0046	0.0000	0.0000	0.0000	0.0000	0.0264	0.0000	-0.0000	0.9929	1.9992	0.0325	0.0055	0.0000	0.0000	0.0000	0.0000	0.0000	0.0000	0.0000	0.0000	0.0000	0.0000	0.0000	0.0000	0.0000	0.0000	0.0000	0.0000	0.0000	0.0000	0.0211	0.0183	0.0028	0.0005	0.0005	0.0000	0.0206	0.0178	0.0027	0.0042	0.0021	0.0020	0.0001	0.0001	0.0000	0.0041	0.0021	0.0020	0.0000	0.0000	0.0000	0.0000	0.0000	0.0000	0.0000	0.0000	0.0000	0.0001	0.0001	0.0000	0.0042	0.0046	0.0000	0.0000	0.0000	0.0000			
71	77	0.0165	2	1	1	0	1	0	0	0	0	N	N	N	N	N	N	N	N	N	N	N	N	0.0002	0.0003	0.0000	0.0005	0.0005	0.0000	0.0000	0.0000	0.0000	0.0000	0.0000	0.0000	0.0000	0.0000	0.0000	0.0000	0.0000	0.0008	0.0006	0.0009	0.0183	0.0190	0.0028	0.0004	0.0000	0.0009	0.0000	1.3524	-0.0000	-0.0000	0.9929	5.0219	0.0325	2.0148	0.0000	0.0000	0.0000	0.0000	0.0000	0.0000	0.0000	0.0000	0.0000	0.0000	0.0000	0.0000	0.0000	0.0000	0.0000	0.0000	0.0000	0.0000	0.0390	0.0337	0.0052	0.0008	0.0007	0.0000	0.0382	0.0330	0.0052	0.0109	0.0056	0.0053	0.0002	0.0002	0.0000	0.0107	0.0054	0.0053	0.0002	0.0003	0.0000	0.0005	0.0005	0.0000	0.0000	0.0000	0.0000	0.0008	0.0006	0.0009	0.0183	0.0190	0.0028	0.0004	0.0000	0.0009	
72	74	0.0993	4	1	2	0	0	0	0	0	0	N	Y	N	N	N	N	N	N	N	N	N	N	inf	inf	inf	inf	inf	inf	0.0057	0.0064	0.0000	0.0009	0.0009	0.0000	0.0124	0.0151	0.0000	0.0000	0.0000	0.0000	0.0000	0.0000	0.0000	0.0000	0.0000	0.0000	0.0000	-0.0000	0.0000	0.0000	7.0442	0.0001	2.0273	0.0000	0.0000	0.0000	0.0000	0.0000	0.0000	0.0000	0.0000	0.0000	0.0000	0.0000	0.0000	0.0000	0.0000	0.0000	0.0000	0.0000	0.0000	0.0000	0.0000	0.0000	0.0000	0.0000	0.0000	0.0000	0.0000	0.0000	0.0000	0.0000	0.0000	0.0000	0.0000	0.0000	0.0000	0.0000	0.0000	inf	inf	0.0000	inf	inf	0.0000	inf	inf	0.0000	0.0000	0.0000	0.0000	0.0000	0.0000	0.0000	0.0000	0.0000	0.0000				
72	75	0.0754	3	1	2	0	0	0	0	0	0	N	Y	N	N	N	N	N	N	N	N	N	N	inf	inf	inf	inf	inf	inf	3.5756	3.9474	0.0000	0.0020	0.0020	0.0000	6.0731	7.0853	0.0000	0.0000	0.0000	0.0000	0.0000	0.0000	0.0000	0.0000	0.0000	0.0000	0.0000	-0.0000	-0.0000	0.0000	4.3369	0.0001	3.0972	0.0000	0.0000	0.0000	0.0000	0.0000	0.0000	0.0000	0.0000	0.0000	0.0000	0.0000	0.0000	0.0000	0.0000	0.0000	0.0000	0.0000	0.0000	0.0000	0.0000	0.0000	0.0000	0.0000	0.0000	0.0000	0.0000	0.0000	0.0000	0.0000	0.0000	0.0000	0.0000	0.0000	0.0000	0.0000	0.0000	inf	inf	0.0000	inf	inf	0.0000	inf	inf	0.0000	0.0000	0.0000	0.0000	0.0000	0.0000	0.0000	0.0000	0.0000	0.0000				
72	76	0.1385	6	2	2	0	0	0	0	0	0	Y	Y	N	N	N	N	N	N	N	N	N	N	0.0000	0.0000	0.0000	0.0000	0.0000	0.0000	0.0000	0.0000	0.0000	0.0000	0.0000	0.0000	0.0000	0.0000	0.0000	0.0000	0.0000	0.0000	0.0000	0.0000	0.0000	1.9992	0.0001	0.0055	0.0000	0.0000	0.0000	0.0000	0.0000	0.0000	0.0000	0.0000	0.0000	0.0000	0.0000	0.0000	0.0000	0.0000	0.0000	0.0000	0.0000	0.0000	0.0000	0.0000	0.0000	0.0000	0.0000	0.0000	0.0000	0.0000	0.0000	0.0000	0.0000	0.0000	0.0000	0.0000	0.0000	0.0000	0.0000	0.0000	0.0000	0.0000	0.0000	0.0000	0.0000	0.0000	0.0000	0.0000	0.0000	0.0000	0.0000	0.0000	0.0000	0.0000	0.0000	0.0000	0.0000	0.0000											
72	77	0.0943	5	2	2	0	0	0	0	0	0	Y	Y	N	N	N	N	N	N	N	N	N	N	0.0000	0.0000	0.0000	0.0000	0.0000	0.0000	0.0000	0.0000	0.0000	0.0000	0.0000	0.0000	0.0000	0.0000	0.0000	0.0000	0.0000	0.0000	0.0000	0.0000	0.0000	5.0219	0.0001	2.0148	0.0000	0.0000	0.0000	0.0000	0.0000	0.0000	0.0000	0.0000	0.0000	0.0000	0.0000	0.0000	0.0000	0.0000	0.0000	0.0000	0.0000	0.0000	0.0000	0.0000	0.0000	0.0000	0.0000	0.0000	0.0000	0.0000	0.0000	0.0000	0.0000	0.0000	0.0000	0.0000	0.0000	0.0000	0.0000	0.0000	0.0000	0.0000	0.0000	0.0000	0.0000	0.0000	0.0000	0.0000	0.0000	0.0000	0.0000	0.0000	0.0000	0.0000	0.0000	0.0000	0.0000	0.0000											
72	78	0.0814	4	1	2	0	0	0	0	0	0	N	Y	N	N	N	N	N	N	N	N	N	N	0.0000	0.0000	0.0000	0.0000	0.0000	0.0000	0.0000	0.0000	0.0000	0.0000	0.0000	0.0000	0.0000	0.0000	0.0000	0.0000	0.0063	0.0092	0.0028	0.0455	0.0464	0.0000	0.0015	0.0000	0.0028	0.2592	0.0000	-0.0000	0.0000	1.0203	0.0001	2.7327	0.0000	0.0000	0.0000	0.0000	0.0000	0.0000	0.0000	0.0000	0.0000	0.0000	0.0000	0.0000	0.0000	0.0000	0.0000	0.0000	0.0000	0.0000	0.0000	0.0000	0.0000	0.0000	0.0000	0.0000	0.0000	0.0000	0.0000	0.0000	0.0000	0.0000	0.0000	0.0000	0.0000	0.0000	0.0000	0.0000	0.0000	0.0000	0.0000	0.0000	0.0000	0.0000	0.0000	0.0000	0.0000	0.0063	0.0092	0.0028	0.0455	0.0464	0.0000	0.0015	0.0000	0.0028			
72	79	0.0814	3	1	1	0	0	0	0	0	0	N	N	N	N	N	N	N	N	N	N	N	N	0.0000	0.0000	0.0000	0.0000	0.0000	0.0000	0.0000	0.0000	0.0000	0.0000	0.0000	0.0000	0.0000	0.0000	0.0000	0.0000	1.5999	2.1896	1.1312	1.4686	0.9938	0.0000	1.5826	0.0000	0.9483	0.9643	0.0000	-0.0000	0.0000	0.0000	0.0001	0.0018	0.0000	0.0000	0.0000	0.0000	0.0000	0.0000	0.0000	0.0000	0.0000	0.0000	0.0000	0.0000	0.0000	0.0000	0.0000	0.0000	0.0000	0.0000	0.0000	0.0000	0.0000	0.0000	0.0000	0.0000	0.0000	0.0000	0.0000	0.0000	0.0000	0.0000	0.0000	0.0000	0.0000	0.0000	0.0000	0.0000	0.0000	0.0000	0.0000	0.0000	0.0000	0.0000	0.0000	0.0000	0.0000	0.4641	0.4646	0.4637	0.4813	0.4646	0.0000	0.4476	0.0000	0.4637			
72	80	0.0633	2	1	1	0	0	0	0	0	0	N	N	N	N	N	N	N	N	N	N	N	N	0.5749	0.3401	0.0000	0.2186	0.2219	0.0000	0.0000	0.0110	0.0123	0.0000	0.0276	0.0280	0.0000	0.0000	0.0000	0.0000	0.0192	0.0361	0.0078	0.1261	0.1263	0.0000	0.0041	0.0000	0.0078	0.0000	0.2293	-0.0000	-0.0000	0.0000	3.0825	0.0001	2.0124	0.0000	0.0000	0.0000	0.0000	0.0000	0.0000	0.0000	0.0000	0.0000	0.0000	0.0000	0.0000	0.0000	0.0000	0.0000	0.0000	0.0000	0.0000	0.0000	0.0000	0.0000	0.0000	0.0000	0.0000	0.0000	0.0000	0.0000	0.0000	0.0000	0.0000	0.0000	0.0000	0.0000	0.0000	0.0000	0.0000	0.5749	0.4248	0.0000	0.2186	0.2219	0.0000	0.0000	0.0000	0.0000	0.0192	0.0289	0.0078	0.1261	0.1263	0.0000	0.0041	0.0000	0.0078		
73	74	0.0993	3	1	2	0	0	0	0	0	0	N	Y	N	N	N	N	N	N	N	N	N	N	719.9212	444.6494	8.6674	78.5415	86.0549	0.0186	9249.1766	5567217.9950	10.0552	0.8212	0.9507	0.0008	2.7614	3.0912	0.0000	0.4306	0.5019	0.0009	0.0011	0.0021	0.0001	0.0352	0.0359	0.0008	0.0000	0.0000	0.0001	0.0001	0.0416	-0.1947	-0.0001	9.9619	7.0442	7.0378	2.0273	0.5355	0.5354	0.0001	0.3018	0.3018	0.0000	0.2337	0.2336	0.0001	0.0002	0.0002	0.0000	0.0002	0.0002	0.0000	0.0000	0.0000	0.0000	0.6521	0.5632	0.0889	0.1093	0.0976	0.0117	0.5428	0.4656	0.0772	0.2027	0.1038	0.0989	0.0063	0.0062	0.0001	0.1963	0.0976	0.0987	719.9212	444.6494	8.6674	78.5415	86.0549	0.0186	9249.1766	5567217.9950	10.0552	0.0011	0.0021	0.0001	0.0352	0.0359	0.0008	0.0000	0.0000	0.0001
73	75	0.0754	2	1	2	0	0	0	0	0	0	N	Y	N	N	N	N	N	N	N	N	N	N	316.9152	135.1799	2681.6281	0.4106	0.5110	32.4953	5038.6562	1172238.4581	2718.7207	4.4771	4.3475	5.3042	1.5104	1.5176	1.0567	4.8558	4.7663	5.3605	0.0141	0.0322	0.0020	3.6786	2.9702	0.0325	0.0010	0.0000	0.0020	0.1911	0.0723	-0.3593	-0.0013	9.9619	4.3369	7.0378	3.0972	1.7670	1.4834	0.2835	0.0675	0.0668	0.0007	1.6995	1.4167	0.2828	0.0024	0.0023	0.0002	0.0023	0.0023	0.0000	0.0002	0.0000	0.0002	0.3947	0.3412	0.0535	0.0447	0.0440	0.0007	0.3500	0.2972	0.0528	0.1724	0.0894	0.0830	0.0023	0.0022	0.0000	0.1702	0.0872	0.0830	316.9152	171.1261	2681.6281	1.5050	1.5011	32.4953	5038.6562	1172238.4581	2718.7207	0.0141	0.0254	0.0020	1.0036	1.0110	0.0325	0.0010	0.0000	0.0020
73	76	0.1385	5	2	2	0	0	0	0	0	0	Y	Y	N	N	N	N	N	N	N	N	N	N	317.7183	2848.1732	0.0000	519.6384	1444.8823	0.0000	0.0000	0.0000	0.0001	0.0002	0.0000	0.0028	0.0029	0.0000	0.0000	0.0000	0.0000	0.0000	0.0000	0.0000	0.0000	0.0000	0.0000	0.0000	0.0000	0.0000	0.0000	14.2105	-0.0000	0.0000	9.9619	1.9992	7.0378	0.0055	0.0000	0.0000	0.0000	0.0000	0.0000	0.0000	0.0000	0.0000	0.0000	0.0000	0.0000	0.0000	0.0000	0.0000	0.0000	0.0000	0.0000	0.0000	0.2027	0.1771	0.0256	0.0107	0.0103	0.0005	0.1920	0.1668	0.0252	0.0621	0.0320	0.0301	0.0010	0.0009	0.0001	0.0610	0.0310	0.0300	317.7183	2848.1732	0.0000	519.6384	1444.8823	0.0000	0.0000	0.0000	0.0000	0.0000	0.0000	0.0000	0.0000	0.0000	0.0000	0.0000	0.0000	0.0000	
73	77	0.0943	4	2	2	0	0	0	0	0	0	Y	Y	N	N	N	N	N	N	N	N	N	N	0.0706	0.0427	0.0000	0.0453	0.0416	0.0000	0.0000	0.0000	0.0000	0.0000	0.0000	0.0002	0.0002	0.0000	0.0000	0.0000	0.0000	0.0001	0.0002	0.0000	0.0045	0.0051	0.0000	0.0000	0.0000	0.0000	0.0000	0.0092	-0.0000	-0.0000	9.9619	5.0219	7.0378	2.0148	0.0000	0.0000	0.0000	0.0000	0.0000	0.0000	0.0000	0.0000	0.0000	0.0000	0.0000	0.0000	0.0000	0.0000	0.0000	0.0000	0.0000	0.0000	0.3762	0.3271	0.0491	0.0162	0.0155	0.0006	0.3601	0.3116	0.0485	0.1642	0.0856	0.0786	0.0045	0.0040	0.0005	0.1597	0.0816	0.0781	0.0706	0.0427	0.0000	0.0453	0.0416	0.0000	0.0000	0.0000	0.0000	0.0001	0.0002	0.0000	0.0045	0.0051	0.0000	0.0000	0.0000	0.0000	
73	78	0.0814	3	1	2	0	0	0	0	0	0	N	Y	N	N	N	N	N	N	N	N	N	N	15.3305	11.7299	0.0000	5.4752	4.5211	0.0000	0.0000	0.0000	0.0000	0.0640	0.0739	0.0000	2.7789	2.8872	0.0000	0.0000	0.0000	0.0000	0.0042	0.0063	0.0019	0.5075	0.6386	0.0000	0.0009	0.0000	0.0019	0.0000	0.2756	-0.0018	-0.0001	9.9619	1.0203	7.0378	2.7327	0.0050	0.0050	0.0000	0.0050	0.0050	0.0000	0.0000	0.0000	0.0000	0.0004	0.0003	0.0001	0.0003	0.0003	0.0000	0.0001	0.0000	0.0001	0.0774	0.0671	0.0103	0.0018	0.0017	0.0001	0.0756	0.0654	0.0103	0.0886	0.0460	0.0425	0.0010	0.0008	0.0002	0.0876	0.0453	0.0423	15.3305	11.7299	0.0000	9.2229	7.5190	0.0000	0.0000	0.0000	0.0000	0.0042	0.0063	0.0019	0.3013	0.3840	0.0000	0.0009	0.0000	0.0019
73	79	0.0814	2	1	1	0	0	0	0	0	0	N	N	N	N	N	N	N	N	N	N	N	N	0.0051	0.0029	0.0087	0.0025	0.0014	63.3436	0.0000	0.0000	0.0270	0.0150	0.1346	0.0857	0.0447	1.0687	0.0000	0.0000	0.0000	5.3423	5.1880	15.5018	34.4970	32.9724	0.0169	3.5487	0.0000	14.3409	1.0000	0.9643	0.0000	-0.0001	9.9619	0.0000	7.0378	0.0018	0.0000	0.0000	0.0000	0.0000	0.0000	0.0000	0.0000	0.0000	0.0000	0.0005	0.0003	0.0003	0.0003	0.0003	0.0000	0.0003	0.0000	0.0003	0.0000	0.0000	0.0000	0.0000	0.0000	0.0000	0.0000	0.0000	0.0000	0.0001	0.0001	0.0000	0.0000	0.0000	0.0000	0.0001	0.0000	0.0000	0.0059	0.0043	0.0203	0.0118	0.0061	63.3436	0.0000	0.0000	0.0000	4.5487	3.4892	6.6394	7.2894	7.3097	0.0169	3.2726	0.0000	6.6569	
74	76	0.1419	7	1	2	0	0	0	0	0	0	N	Y	N	N	N	N	N	N	N	N	N	N	36.5450	72.5767	0.0000	15.5857	20.6915	0.0000	0.0000	0.0000	0.0001	0.0001	0.0000	0.0003	0.0003	0.0000	0.0000	0.0000	0.0000	0.0000	0.0000	0.0000	0.0000	0.0000	0.0001	0.0000	0.0000	0.0000	0.0000	2.3734	-0.0000	0.0000	7.0442	1.9992	2.0273	0.0055	0.0000	0.0000	0.0000	0.0000	0.0000	0.0000	0.0000	0.0000	0.0000	0.0000	0.0000	0.0000	0.0000	0.0000	0.0000	0.0000	0.0000	0.0000	0.1757	0.1530	0.0227	0.0373	0.0330	0.0043	0.1384	0.1200	0.0184	0.0342	0.0175	0.0167	0.0011	0.0011	0.0001	0.0331	0.0165	0.0166	36.5450	72.5767	0.0000	15.5857	20.6915	0.0000	0.0000	0.0000	0.0000	0.0000	0.0000	0.0000	0.0000	0.0000	0.0001	0.0000	0.0000	0.0000	
74	77	0.0978	6	1	2	0	0	0	0	0	0	N	Y	N	N	N	N	N	N	N	N	N	N	2.2266	1.3222	0.0000	0.0001	0.0001	0.0000	397.0760	inf	0.0000	0.0010	0.0012	0.0000	0.0000	0.0000	0.0000	0.0013	0.0015	0.0000	0.0005	0.0009	0.0000	0.0086	0.0092	0.0000	0.0000	0.0000	0.0000	0.0000	0.0069	-0.0001	-0.0000	7.0442	5.0219	2.0273	2.0148	0.0003	0.0003	0.0000	0.0000	0.0000	0.0000	0.0003	0.0003	0.0000	0.0000	0.0000	0.0000	0.0000	0.0000	0.0000	0.0000	0.0000	0.0000	0.3136	0.2722	0.0414	0.0591	0.0525	0.0067	0.2545	0.2198	0.0347	0.0882	0.0452	0.0431	0.0047	0.0044	0.0003	0.0836	0.0408	0.0428	2.2266	1.3222	0.0000	0.0001	0.0001	0.0000	397.0760	inf	0.0000	0.0005	0.0009	0.0000	0.0086	0.0092	0.0000	0.0000	0.0000	0.0000
74	78	0.0849	5	0	2	0	0	0	0	0	0	N	Y	N	N	N	N	N	N	N	N	N	N	14042.9803	37275.3341	0.0000	1.4298	1.4064	0.0000	20047.7038	5311940.0404	0.0000	7.5042	8.5796	0.0000	0.0045	0.0048	0.0000	8.7031	10.0769	0.0000	0.0005	0.0002	0.0008	0.0032	0.0034	0.0000	0.0004	0.0000	0.0009	0.0000	3.5621	-0.1756	0.0000	7.0442	1.0203	2.0273	2.7327	0.4827	0.4827	0.0000	0.0000	0.0000	0.0000	0.4827	0.4827	0.0000	0.0000	0.0000	0.0000	0.0000	0.0000	0.0000	0.0000	0.0000	0.0000	0.0643	0.0563	0.0081	0.0089	0.0084	0.0005	0.0555	0.0479	0.0076	0.0471	0.0240	0.0231	0.0017	0.0016	0.0001	0.0453	0.0224	0.0230	14042.9803	37275.3341	0.0000	1.4298	1.4064	0.0000	20047.7038	5311940.0404	0.0000	0.0005	0.0002	0.0008	0.0032	0.0034	0.0000	0.0004	0.0000	0.0009
74	79	0.0849	4	0	1	0	0	0	0	0	0	N	N	N	N	N	N	N	N	N	N	N	N	1916.2404	3240.1853	0.0000	839.2242	1285.5055	0.0000	4543.2227	inf	0.0000	0.8063	1.0297	0.0000	0.5848	0.8257	0.0000	1.2980	1.3674	0.0000	0.0004	0.0003	0.0006	0.0007	0.0006	0.0185	0.0003	0.0000	0.0006	0.0000	1.0000	-0.0000	-0.0000	7.0442	0.0000	2.0273	0.0018	0.0000	0.0000	0.0000	0.0000	0.0000	0.0000	0.0000	0.0000	0.0000	0.0000	0.0000	0.0000	0.0000	0.0000	0.0000	0.0000	0.0000	0.0000	0.0000	0.0000	0.0000	0.0000	0.0000	0.0000	0.0000	0.0000	0.0000	0.0001	0.0000	0.0000	0.0000	0.0000	0.0000	0.0000	0.0000	0.0000	1916.2404	3240.1853	0.0000	839.2242	1285.5055	0.0000	4543.2227	inf	0.0000	0.0004	0.0003	0.0006	0.0007	0.0006	0.0185	0.0003	0.0000	0.0006
74	80	0.0667	3	0	1	0	0	0	0	0	0	N	N	N	N	N	N	N	N	N	N	N	N	39.6193	25.2440	0.0350	3.8615	4.4817	0.0000	392.2305	242747.1905	0.0464	0.1224	0.1456	0.0000	0.3225	0.3813	0.0000	0.0577	0.0688	0.0000	0.0031	0.0058	0.0003	0.0835	0.0851	0.0031	0.0001	0.0000	0.0003	0.0000	0.0489	-0.0111	-0.0001	7.0442	3.0825	2.0273	2.0124	0.0304	0.0304	0.0000	0.0196	0.0196	0.0000	0.0108	0.0108	0.0000	0.0002	0.0002	0.0000	0.0002	0.0002	0.0000	0.0000	0.0000	0.0000	0.2483	0.2087	0.0396	0.0606	0.0513	0.0093	0.1877	0.1574	0.0303	0.0652	0.0333	0.0319	0.0023	0.0023	0.0000	0.0629	0.0310	0.0319	39.6193	25.2440	0.0350	3.8615	4.4817	0.0000	392.2305	242747.1905	0.0464	0.0031	0.0058	0.0003	0.0835	0.0851	0.0031	0.0001	0.0000	0.0003
74	81	0.0547	2	0	1	0	0	0	0	0	0	N	N	N	N	N	N	N	N	N	N	N	N	11.2316	3.6404	1.1782	0.6226	0.9712	0.9578	11.3166	109.9004	1.0664	0.5363	0.7450	0.0109	1.4252	1.4996	0.0268	0.0577	0.0910	0.0098	0.0477	0.2047	0.0092	2.2892	1.5440	0.0280	0.0051	0.0008	0.0092	0.0058	0.1346	-0.1033	-0.0009	7.0442	3.6751	2.0273	0.0788	0.2887	0.2870	0.0017	0.2685	0.2682	0.0003	0.0202	0.0188	0.0014	0.0019	0.0017	0.0002	0.0017	0.0017	0.0000	0.0002	0.0000	0.0002	0.5382	0.3852	0.1530	0.1884	0.1789	0.0095	0.3499	0.2063	0.1435	0.0508	0.0262	0.0246	0.0028	0.0027	0.0000	0.0480	0.0235	0.0245	14.2708	11.6114	1.1782	2.3575	2.4494	0.9578	11.3166	109.9004	1.0664	0.0376	0.0642	0.0092	0.6045	0.6122	0.0280	0.0051	0.0008	0.0092
75	76	0.1112	6	1	2	0	0	0	0	0	0	N	Y	N	N	N	N	N	N	N	N	N	N	2657.0129	4587.8243	0.0000	543.5259	1014.5596	0.0000	57.5493	687.5095	0.0000	0.0115	0.0133	0.0000	0.0516	0.0597	0.0000	0.0001	0.0001	0.0000	0.0000	0.0000	0.0000	0.0001	0.0001	0.0007	0.0000	0.0000	0.0000	0.0000	1.9335	-0.0005	0.0000	4.3369	1.9992	3.0972	0.0055	0.0013	0.0013	0.0000	0.0013	0.0013	0.0000	0.0000	0.0000	0.0000	0.0000	0.0000	0.0000	0.0000	0.0000	0.0000	0.0000	0.0000	0.0000	0.1101	0.0954	0.0147	0.0244	0.0211	0.0033	0.0857	0.0744	0.0114	0.0284	0.0145	0.0139	0.0007	0.0007	0.0000	0.0277	0.0138	0.0139	2657.0129	4587.8243	0.0000	543.5259	1014.5596	0.0000	57.5493	687.5095	0.0000	0.0000	0.0000	0.0000	0.0001	0.0001	0.0007	0.0000	0.0000	0.0000
75	77	0.0670	5	1	2	0	0	0	0	0	0	N	Y	N	N	N	N	N	N	N	N	N	N	1.9799	1.4161	0.0009	0.5092	0.5344	0.0046	1.8516	1.4493	0.0005	0.0017	0.0019	0.0000	0.0046	0.0053	0.0000	0.0010	0.0012	0.0000	0.0008	0.0014	0.0003	0.0089	0.0098	0.0002	0.0006	0.0008	0.0003	0.0000	0.1925	-0.0001	-0.0000	4.3369	5.0219	3.0972	2.0148	0.0003	0.0003	0.0000	0.0002	0.0002	0.0000	0.0002	0.0002	0.0000	0.0001	0.0001	0.0000	0.0000	0.0000	0.0000	0.0000	0.0000	0.0000	0.1969	0.1702	0.0267	0.0363	0.0314	0.0049	0.1606	0.1388	0.0218	0.0750	0.0389	0.0361	0.0026	0.0024	0.0002	0.0724	0.0365	0.0359	1.9799	1.4161	0.0009	0.5092	0.5344	0.0046	1.8516	1.4493	0.0005	0.0008	0.0014	0.0003	0.0089	0.0098	0.0002	0.0006	0.0008	0.0003
75	78	0.0542	4	0	2	0	0	0	0	0	0	N	Y	N	N	N	N	N	N	N	N	N	N	771.6582	335.7417	2.5461	20.8793	21.0862	4030.7731	10646.4601	15636.7884	1.2504	12.3861	14.1209	0.0020	57.7054	59.0202	0.0536	6.9486	8.0324	0.0010	0.0161	0.0421	0.0008	2.7638	2.7990	0.0000	0.0007	0.0005	0.0008	0.0000	0.0245	-0.1816	-0.0004	4.3369	1.0203	3.0972	2.7327	0.4991	0.4991	0.0000	0.2491	0.2491	0.0000	0.2500	0.2500	0.0000	0.0006	0.0006	0.0000	0.0006	0.0006	0.0000	0.0000	0.0000	0.0000	0.0403	0.0353	0.0050	0.0043	0.0042	0.0001	0.0360	0.0311	0.0049	0.0401	0.0207	0.0194	0.0008	0.0007	0.0001	0.0393	0.0200	0.0193	771.6582	464.7625	2.5461	70.5856	63.1469	4030.7731	10646.4601	15636.7884	1.2504	0.0161	0.0304	0.0008	0.8175	0.9346	0.0000	0.0007	0.0005	0.0008
75	79	0.0542	3	0	1	0	0	0	0	0	0	N	N	N	N	N	N	N	N	N	N	N	N	671.8176	841.3326	511.3892	440.9241	437.3505	41.8790	806.4157	12250.5770	0.0000	0.8888	0.8637	0.9740	0.9418	0.9062	1.0223	0.7607	0.7897	0.0000	0.0013	0.0010	0.0019	0.0021	0.0021	0.0244	0.0009	0.0001	0.0018	0.3325	0.9455	-0.0000	-0.0000	4.3369	0.0000	3.0972	0.0018	0.0000	0.0000	0.0000	0.0000	0.0000	0.0000	0.0000	0.0000	0.0000	0.0000	0.0000	0.0000	0.0000	0.0000	0.0000	0.0000	0.0000	0.0000	0.0000	0.0000	0.0000	0.0000	0.0000	0.0000	0.0000	0.0000	0.0000	0.0001	0.0000	0.0000	0.0000	0.0000	0.0000	0.0000	0.0000	0.0000	671.8176	841.3326	511.3892	440.9241	437.3505	41.8790	806.4157	12250.5770	0.0000	0.0013	0.0010	0.0019	0.0021	0.0021	0.0244	0.0009	0.0001	0.0018
75	80	0.0360	2	0	1	0	0	0	0	0	0	N	N	N	N	N	N	N	N	N	N	N	N	14.1870	3.3988	1628.6849	0.3553	0.4011	1.0332	736.5989	40828.9409	1811.6024	0.3375	0.3106	0.4765	1.6782	1.6999	0.0998	0.0961	0.0061	0.4814	0.0238	0.0914	0.0003	4.7232	4.2376	0.0966	0.0001	0.0000	0.0003	0.2978	0.0060	-0.0064	-0.0008	4.3369	3.0825	3.0972	2.0124	0.0477	0.0368	0.0110	0.0362	0.0362	0.0000	0.0115	0.0006	0.0109	0.0013	0.0013	0.0000	0.0013	0.0013	0.0000	0.0000	0.0000	0.0000	0.1414	0.1185	0.0230	0.0216	0.0213	0.0003	0.1199	0.0972	0.0227	0.0557	0.0289	0.0268	0.0011	0.0011	0.0000	0.0546	0.0278	0.0268	14.1870	6.8090	1628.6849	1.3711	1.3799	1.0332	736.5989	40828.9409	1811.6024	0.0238	0.0456	0.0003	1.2240	1.2319	0.0966	0.0001	0.0000	0.0003
