280
260
109
259
99
240
66
80
91
94
128
227
317
158
14
138
116
115
163
188
222
48
141
315
137
65
229
346
294
233
344
52
220
238
342
159
21
129
285
111
191
77
135
1
112
289
288
56
50
69
234
197
110
164
96
322
70
313
106
142
264
119
239
299
97
318
51
136
120
286
81
267
58
189
199
107
75
226
308
316
0
157
160
162
121
204
300
71
221
314
312
47
228
194
82
345
78
232
326
134
231
320
118
263
186
304
57
219
343
196
349
325
117
113
31
126
103
92
59
321
235
95
105
132
298
3
302
323
206
79
190
309
237
68
2
295
328
201
15
307
124
67
203
305
311
192
122
257
20
76
230
16
319
98
218
32
348
265
254
131
72
139
150
187
290
151
292
198
61
236
310
306
73
133
347
33
130
202
101
49
261
93
100
60
