204
97
220
89
194
159
68
288
16
38
170
80
33
65
49
158
63
62
67
113
241
291
287
138
237
169
151
17
145
11
240
212
314
52
290
134
179
150
44
127
226
74
103
42
144
255
268
313
129
133
231
75
245
224
195
94
95
221
2
225
107
312
91
188
289
1
230
164
102
244
210
178
34
168
37
79
45
111
64
73
222
96
82
261
53
51
163
10
209
136
77
84
60
69
61
72
193
223
233
76
93
48
260
267
304
18
190
130
135
143
66
32
81
39
162
192
293
0
232
211
246
101
109
41
125
266
259
90
303
234
177
166
132
161
88
54
292
286
86
140
258
21
264
153
165
15
128
131
160
50
296
257
285
139
46
263
186
43
152
265
295
22
256
262
92
294
47
