branch_id_1	branch_id_2	dist_bl	dist_node_num	branch_num_fg_tube	branch_num_fg_pink	branch_num_fg_yellow	branch_num_fg_beakless	branch_num_mg_tube	branch_num_mg_pink	branch_num_mg_yellow	branch_num_mg_beakless	is_fg_tube	is_fg_pink	is_fg_yellow	is_fg_beakless	is_mf_tube	is_mf_pink	is_mf_yellow	is_mf_beakless	is_mg_tube	is_mg_pink	is_mg_yellow	is_mg_beakless	omegaCany2any	omegaCany2dif	omegaCany2spe	omegaCdif2any	omegaCdif2dif	omegaCdif2spe	omegaCspe2any	omegaCspe2dif	omegaCspe2spe	dNCany2any	dNCany2dif	dNCany2spe	dNCdif2any	dNCdif2dif	dNCdif2spe	dNCspe2any	dNCspe2dif	dNCspe2spe	dSCany2any	dSCany2dif	dSCany2spe	dSCdif2any	dSCdif2dif	dSCdif2spe	dSCspe2any	dSCspe2dif	dSCspe2spe	OCNCoD	OCSCoD	OCN_linreg_residual	OCS_linreg_residual	N_sub_1	N_sub_2	S_sub_1	S_sub_2	OCNany2any	OCNany2dif	OCNany2spe	OCNdif2any	OCNdif2dif	OCNdif2spe	OCNspe2any	OCNspe2dif	OCNspe2spe	OCSany2any	OCSany2dif	OCSany2spe	OCSdif2any	OCSdif2dif	OCSdif2spe	OCSspe2any	OCSspe2dif	OCSspe2spe	ECNany2any	ECNany2dif	ECNany2spe	ECNdif2any	ECNdif2dif	ECNdif2spe	ECNspe2any	ECNspe2dif	ECNspe2spe	ECSany2any	ECSany2dif	ECSany2spe	ECSdif2any	ECSdif2dif	ECSdif2spe	ECSspe2any	ECSspe2dif	ECSspe2spe	omegaCany2any_nocalib	omegaCany2dif_nocalib	omegaCany2spe_nocalib	omegaCdif2any_nocalib	omegaCdif2dif_nocalib	omegaCdif2spe_nocalib	omegaCspe2any_nocalib	omegaCspe2dif_nocalib	omegaCspe2spe_nocalib	dSCany2any_nocalib	dSCany2dif_nocalib	dSCany2spe_nocalib	dSCdif2any_nocalib	dSCdif2dif_nocalib	dSCdif2spe_nocalib	dSCspe2any_nocalib	dSCspe2dif_nocalib	dSCspe2spe_nocalib
0	1	0.1078	2	0	0	1	2	0	0	0	0	N	N	N	Y	N	N	N	N	N	N	N	N	0.1744	0.8658	0.1807	0.1002	0.1920	1.0063	0.0297	0.0000	0.2046	0.0029	0.0000	0.0262	0.0364	0.0000	0.2376	0.1701	0.0000	0.2363	0.0162	0.0000	0.2613	0.1898	0.0000	0.2361	inf	inf	0.0022	0.0101	3.0000	1.1236	2.0006	2.8233	0.0035	0.0000	0.0035	0.0001	0.0000	0.0001	0.0034	0.0000	0.0034	0.0307	0.0000	0.0307	0.0003	0.0000	0.0003	0.0304	0.0000	0.0304	0.1183	0.1012	0.0172	0.0239	0.0213	0.0027	0.0944	0.0799	0.0145	0.1804	0.0506	0.1298	0.0205	0.0192	0.0013	0.1599	0.0314	0.1286	0.1744	0.0000	0.8658	0.1807	0.0000	0.1002	0.1920	0.0000	1.0063	0.1701	0.0000	0.2363	0.0162	0.0000	0.2613	0.1898	0.0000	0.2361			
0	2	0.1433	2	1	0	2	1	0	0	0	0	N	N	Y	N	N	N	N	N	N	N	N	N	0.0000	0.0000	0.0000	0.0000	0.0000	0.0000	0.0000	0.0000	0.0000	0.0000	0.0000	0.0000	0.0000	0.0000	0.0000	0.0000	0.0000	0.0000	0.0000	0.0000	3.0000	0.0000	2.0006	0.0000	0.0000	0.0000	0.0000	0.0000	0.0000	0.0000	0.0000	0.0000	0.0000	0.0000	0.0000	0.0000	0.0000	0.0000	0.0000	0.0000	0.0000	0.0000	0.0000	0.0000	0.0000	0.0000	0.0000	0.0000	0.0000	0.0000	0.0000	0.0000	0.0000	0.0000	0.0000	0.0000	0.0000	0.0000	0.0000	0.0000	0.0000	0.0000	0.0000	0.0000	0.0000	0.0000	0.0000	0.0000	0.0000	0.0000	0.0000	0.0000	0.0000	0.0000	0.0000	0.0000	0.0000	0.0000											
0	3	0.1196	2	0	1	1	1	0	0	0	0	N	N	N	N	N	N	N	N	N	N	N	N	0.6365	0.1723	0.3050	0.3342	0.0010	0.0012	0.0000	0.0077	0.0088	0.0000	0.0000	0.0000	0.0000	0.0016	0.0071	0.0000	0.0252	0.0265	0.0000	0.0000	0.0000	0.0000	0.0000	0.0000	-0.0002	-0.0004	3.0000	6.6553	2.0006	3.6686	0.0006	0.0006	0.0000	0.0006	0.0006	0.0000	0.0000	0.0000	0.0000	0.0006	0.0006	0.0000	0.0006	0.0006	0.0000	0.0000	0.0000	0.0000	0.5635	0.4847	0.0788	0.0767	0.0667	0.0100	0.4868	0.4180	0.0688	0.3405	0.0792	0.2612	0.0222	0.0212	0.0010	0.3183	0.0581	0.2602	0.6365	0.1723	0.0000	0.3050	0.3342	0.0000	0.0000	0.0000	0.0000	0.0016	0.0071	0.0000	0.0252	0.0265	0.0000	0.0000	0.0000	0.0000					
0	5	0.1282	4	1	1	1	2	0	0	0	0	N	N	N	Y	N	N	N	N	N	N	N	N	0.0000	0.0000	0.0000	0.0000	0.0000	0.0000	0.0000	0.0000	0.0000	0.0000	0.0000	0.0000	0.0000	0.0000	0.0000	0.0000	0.0000	0.0000	0.0000	0.0000	3.0000	0.0000	2.0006	0.0000	0.0000	0.0000	0.0000	0.0000	0.0000	0.0000	0.0000	0.0000	0.0000	0.0000	0.0000	0.0000	0.0000	0.0000	0.0000	0.0000	0.0000	0.0000	0.0000	0.0000	0.0000	0.0000	0.0000	0.0000	0.0000	0.0000	0.0000	0.0000	0.0000	0.0000	0.0000	0.0000	0.0000	0.0000	0.0000	0.0000	0.0000	0.0000	0.0000	0.0000	0.0000	0.0000	0.0000	0.0000	0.0000	0.0000	0.0000	0.0000	0.0000	0.0000	0.0000	0.0000	0.0000	0.0000											
0	6	0.1804	2	1	0	2	1	0	0	0	0	N	N	Y	N	N	N	N	N	N	N	N	N	0.0000	0.0000	0.0000	0.0000	0.0000	0.0000	0.0000	0.0000	0.0000	0.0000	0.0000	0.0000	0.0000	0.0000	0.0000	0.0000	0.0000	0.0000	0.0000	0.0000	3.0000	0.0000	2.0006	1.0000	0.0000	0.0000	0.0000	0.0000	0.0000	0.0000	0.0000	0.0000	0.0000	0.0000	0.0000	0.0000	0.0000	0.0000	0.0000	0.0000	0.0000	0.0000	0.0000	0.0000	0.0000	0.0000	0.0000	0.0000	0.0000	0.0000	0.0000	0.0252	0.0100	0.0152	0.0158	0.0075	0.0083	0.0094	0.0025	0.0069	0.0000	0.0000	0.0000	0.0000	0.0000	0.0000	0.0000	0.0000	0.0000	0.0000	0.0000	0.0000	0.0000	0.0000	0.0000	0.0000	0.0000	0.0000											
0	7	0.1675	4	0	0	2	1	0	0	0	0	N	N	Y	N	N	N	N	N	N	N	N	N	0.0000	0.0000	0.0000	0.0000	0.0000	0.0000	0.0000	0.0000	0.0000	0.0000	0.0000	0.0000	0.0000	0.0000	0.0000	0.0000	0.0000	0.0000	0.0000	0.0000	3.0000	0.1278	2.0006	0.0006	0.0000	0.0000	0.0000	0.0000	0.0000	0.0000	0.0000	0.0000	0.0000	0.0000	0.0000	0.0000	0.0000	0.0000	0.0000	0.0000	0.0000	0.0000	0.0162	0.0138	0.0023	0.0053	0.0050	0.0003	0.0109	0.0089	0.0020	0.0057	0.0010	0.0046	0.0015	0.0004	0.0011	0.0042	0.0007	0.0035	0.0000	0.0000	0.0000	0.0000	0.0000	0.0000	0.0000	0.0000	0.0000	0.0000	0.0000	0.0000	0.0000	0.0000	0.0000	0.0000	0.0000	0.0000											
0	9	0.1365	2	0	0	2	2	0	0	0	0	N	N	Y	Y	N	N	N	N	N	N	N	N	14.9688	6.6974	1.3799	0.8255	inf	inf	0.0201	0.0221	0.0000	0.0041	0.0043	0.0000	0.0308	0.0352	0.0000	0.0013	0.0033	0.0000	0.0030	0.0052	0.0000	0.0000	0.0000	0.0000	0.0000	0.0000	-0.0007	-0.0001	3.0000	1.0190	2.0006	2.2112	0.0019	0.0019	0.0000	0.0002	0.0002	0.0000	0.0018	0.0018	0.0000	0.0002	0.0002	0.0000	0.0002	0.0002	0.0000	0.0000	0.0000	0.0000	0.0967	0.0879	0.0088	0.0390	0.0373	0.0017	0.0577	0.0506	0.0072	0.1440	0.0586	0.0855	0.0649	0.0372	0.0277	0.0791	0.0214	0.0577	14.9688	6.6974	0.0000	1.3799	0.8255	0.0000	inf	inf	0.0000	0.0013	0.0033	0.0000	0.0030	0.0052	0.0000	0.0000	0.0000	0.0000			
0	10	0.1374	2	0	0	1	2	0	0	0	0	N	N	N	Y	N	N	N	N	N	N	N	N	0.0000	0.0000	0.0000	0.0000	0.0000	0.0000	0.0000	0.0000	0.0000	0.0000	0.0000	0.0000	0.0000	0.0000	0.0000	0.0000	0.0000	0.0000	0.0000	0.0000	3.0000	0.0000	2.0006	1.0000	0.0000	0.0000	0.0000	0.0000	0.0000	0.0000	0.0000	0.0000	0.0000	0.0000	0.0000	0.0000	0.0000	0.0000	0.0000	0.0000	0.0000	0.0000	0.0000	0.0000	0.0000	0.0000	0.0000	0.0000	0.0000	0.0000	0.0000	0.0363	0.0112	0.0252	0.0127	0.0043	0.0084	0.0237	0.0069	0.0168	0.0000	0.0000	0.0000	0.0000	0.0000	0.0000	0.0000	0.0000	0.0000	0.0000	0.0000	0.0000	0.0000	0.0000	0.0000	0.0000	0.0000	0.0000											
0	11	0.1176	3	0	1	1	2	0	0	0	0	N	N	N	Y	N	N	N	N	N	N	N	N	0.0000	0.0000	0.0000	0.0000	0.0000	0.0000	0.0000	0.0000	0.0000	0.0000	0.0000	0.0000	0.0000	0.0000	0.0000	0.0000	0.0000	0.4683	0.0002	0.3532	0.1755	0.0005	0.3146	0.6480	0.0000	0.3646	4176.3525	0.0000	0.0052	3.0000	1.0886	2.0006	0.0502	0.0000	0.0000	0.0000	0.0000	0.0000	0.0000	0.0000	0.0000	0.0000	0.0158	0.0000	0.0158	0.0032	0.0000	0.0032	0.0126	0.0000	0.0126	0.1049	0.0890	0.0159	0.0133	0.0113	0.0020	0.0916	0.0777	0.0139	0.0616	0.0168	0.0448	0.0183	0.0081	0.0102	0.0433	0.0087	0.0346	0.0000	0.0000	0.0000	0.0000	0.0000	0.0000	0.0000	0.0000	0.0000	0.2569	0.0002	0.3532	0.1755	0.0005	0.3146	0.2913	0.0000	0.3646		
0	13	0.1456	3	0	1	1	2	0	0	0	0	N	N	N	Y	N	N	N	N	N	N	N	N	0.0000	0.0000	0.0000	0.0000	0.0000	0.0000	0.0000	0.0000	0.0000	0.0000	0.0000	0.0000	0.0000	0.0000	0.0000	0.0000	0.0000	0.0000	0.0000	0.0000	3.0000	0.0000	2.0006	0.0000	0.0000	0.0000	0.0000	0.0000	0.0000	0.0000	0.0000	0.0000	0.0000	0.0000	0.0000	0.0000	0.0000	0.0000	0.0000	0.0000	0.0000	0.0000	0.0000	0.0000	0.0000	0.0000	0.0000	0.0000	0.0000	0.0000	0.0000	0.0000	0.0000	0.0000	0.0000	0.0000	0.0000	0.0000	0.0000	0.0000	0.0000	0.0000	0.0000	0.0000	0.0000	0.0000	0.0000	0.0000	0.0000	0.0000	0.0000	0.0000	0.0000	0.0000	0.0000	0.0000	0.0000	0.0000											
0	14	0.0986	2	1	1	1	1	0	0	0	0	N	N	N	N	N	N	N	N	N	N	N	N	0.0633	0.0179	0.0000	0.0084	0.0089	0.0000	0.0000	0.0000	0.0000	0.0000	0.0000	0.0003	0.0004	0.0000	0.0000	0.0000	0.0000	0.0006	0.0024	0.0000	0.0399	0.0402	0.0244	0.0000	0.0000	0.0000	0.0000	0.0134	-0.0000	-0.0001	3.0000	3.0234	2.0006	1.0170	0.0000	0.0000	0.0000	0.0000	0.0000	0.0000	0.0000	0.0000	0.0000	0.0001	0.0001	0.0000	0.0001	0.0001	0.0000	0.0000	0.0000	0.0000	0.2724	0.2285	0.0439	0.0299	0.0280	0.0019	0.2426	0.2005	0.0421	0.1397	0.0327	0.1071	0.0020	0.0020	0.0000	0.1377	0.0307	0.1070	0.0633	0.0179	0.0000	0.0084	0.0089	0.0000	0.0000	0.0000	0.0000	0.0006	0.0024	0.0000	0.0399	0.0402	0.0244	0.0000	0.0000	0.0000	
0	16	0.1176	3	0	0	1	2	0	0	0	0	N	N	N	Y	N	N	N	N	N	N	N	N	0.0000	0.0000	0.0000	0.0000	0.0000	0.0000	0.0000	0.0000	0.0000	0.0000	0.0000	0.0000	0.0000	0.0000	0.0000	0.0000	0.0000	0.0644	0.0001	0.0849	0.0515	0.0002	0.0829	0.0688	0.0000	0.0854	4176.3525	0.0000	0.0052	3.0000	2.9121	2.0006	3.0117	0.0000	0.0000	0.0000	0.0000	0.0000	0.0000	0.0000	0.0000	0.0000	0.0158	0.0000	0.0158	0.0032	0.0000	0.0032	0.0126	0.0000	0.0126	0.2647	0.2252	0.0395	0.0322	0.0272	0.0050	0.2325	0.1980	0.0345	0.2455	0.0593	0.1862	0.0624	0.0237	0.0387	0.1831	0.0356	0.1475	0.0000	0.0000	0.0000	0.0000	0.0000	0.0000	0.0000	0.0000	0.0000	0.0644	0.0001	0.0849	0.0515	0.0002	0.0829	0.0688	0.0000	0.0854		
0	17	0.0930	2	0	0	1	2	0	0	0	0	N	N	N	Y	N	N	N	N	N	N	N	N	0.0072	0.0000	0.0130	0.0006	0.0000	0.0010	0.0090	0.0000	0.0258	0.0238	0.0000	0.1637	0.0033	0.0000	0.0302	0.0278	0.0000	0.1825	3.2886	0.6416	12.5549	5.8276	0.2339	31.0126	3.0854	1.4359	7.0616	inf	52.6455	0.0003	0.1802	3.0000	0.1693	2.0006	3.5362	0.0004	0.0000	0.0004	0.0000	0.0000	0.0000	0.0004	0.0000	0.0004	0.5827	0.0109	0.5718	0.1931	0.0096	0.1835	0.3896	0.0013	0.3883	0.0185	0.0158	0.0027	0.0030	0.0027	0.0003	0.0155	0.0131	0.0024	0.2202	0.0812	0.1391	0.0481	0.0410	0.0071	0.1722	0.0402	0.1320	0.0090	0.0000	0.0398	0.0008	0.0000	0.0012	0.0123	0.0000	0.0620	2.6455	0.1338	4.1114	4.0142	0.2339	25.9245	2.2632	0.0315	2.9419
0	19	0.1286	2	0	1	1	1	0	0	0	0	N	N	N	N	N	N	N	N	N	N	N	N	7276.7742	1770.0915	0.4335	0.1465	inf	inf	5.8719	7.1032	0.0000	0.0014	0.0015	0.0000	6.1301	7.4647	0.0000	0.0008	0.0040	0.0000	0.0032	0.0100	0.0000	0.0000	0.0000	0.0000	0.0000	0.0000	-0.3854	-0.0001	3.0000	2.0070	2.0006	1.9996	0.9999	0.9999	0.0000	0.0000	0.0000	0.0000	0.9999	0.9999	0.0000	0.0001	0.0001	0.0000	0.0001	0.0001	0.0000	0.0000	0.0000	0.0000	0.1703	0.1408	0.0295	0.0072	0.0068	0.0004	0.1631	0.1340	0.0292	0.1668	0.0335	0.1333	0.0419	0.0134	0.0284	0.1250	0.0201	0.1049	7276.7742	1770.0915	0.0000	0.4335	0.1465	0.0000	inf	inf	0.0000	0.0008	0.0040	0.0000	0.0032	0.0100	0.0000	0.0000	0.0000	0.0000			
0	21	0.1174	2	1	1	1	1	0	0	0	0	N	N	N	N	N	N	N	N	N	N	N	N	0.0124	0.0059	0.0000	0.0206	0.0215	0.0000	0.0000	0.0000	0.0003	0.0003	0.0000	0.0011	0.0012	0.0000	0.0000	0.0000	0.0000	0.0205	0.0500	0.0000	0.0558	0.0557	0.1773	0.0000	0.0000	0.0000	0.0000	0.0009	-0.0000	-0.0018	3.0000	0.9600	2.0006	1.3160	0.0000	0.0000	0.0000	0.0000	0.0000	0.0000	0.0000	0.0000	0.0000	0.0027	0.0027	0.0000	0.0027	0.0027	0.0000	0.0000	0.0000	0.0000	0.1186	0.1019	0.0167	0.0261	0.0250	0.0011	0.0925	0.0768	0.0157	0.1320	0.0579	0.0741	0.0485	0.0484	0.0000	0.0836	0.0095	0.0741	0.0124	0.0063	0.0000	0.0206	0.0215	0.0000	0.0000	0.0000	0.0000	0.0205	0.0466	0.0000	0.0558	0.0557	0.1773	0.0000	0.0000	0.0000	
0	22	0.1432	3	0	1	1	1	0	0	0	0	N	N	N	N	N	N	N	N	N	N	N	N	0.0000	0.0000	0.0000	0.0000	0.0000	0.0000	0.0000	0.0000	0.0000	0.0000	0.0000	0.0000	0.0000	0.0000	0.0000	0.0000	0.0000	0.0000	0.0000	0.0000	3.0000	0.0000	2.0006	0.0000	0.0000	0.0000	0.0000	0.0000	0.0000	0.0000	0.0000	0.0000	0.0000	0.0000	0.0000	0.0000	0.0000	0.0000	0.0000	0.0000	0.0000	0.0000	0.0000	0.0000	0.0000	0.0000	0.0000	0.0000	0.0000	0.0000	0.0000	0.0000	0.0000	0.0000	0.0000	0.0000	0.0000	0.0000	0.0000	0.0000	0.0000	0.0000	0.0000	0.0000	0.0000	0.0000	0.0000	0.0000	0.0000	0.0000	0.0000	0.0000	0.0000	0.0000	0.0000	0.0000	0.0000	0.0000											
0	25	0.1078	2	0	1	2	2	0	0	0	0	N	N	Y	Y	N	N	N	N	N	N	N	N	0.0540	0.5987	0.1836	0.0779	0.0552	0.6934	0.0362	0.0000	0.2519	0.0034	0.0000	0.0327	0.0449	0.0000	0.2918	0.6700	0.0000	0.4208	0.0187	0.0000	0.4191	0.8132	0.0000	0.4208	inf	inf	0.0022	0.0101	3.0000	0.8908	2.0006	1.0730	0.0035	0.0000	0.0035	0.0001	0.0000	0.0001	0.0034	0.0000	0.0034	0.0307	0.0000	0.0307	0.0003	0.0000	0.0003	0.0304	0.0000	0.0304	0.0970	0.0830	0.0139	0.0204	0.0183	0.0021	0.0766	0.0648	0.0118	0.1092	0.0363	0.0729	0.0177	0.0169	0.0008	0.0915	0.0194	0.0721	0.1288	0.0000	0.5987	0.1836	0.0000	0.0779	0.1354	0.0000	0.6934	0.2809	0.0000	0.4208	0.0187	0.0000	0.4191	0.3317	0.0000	0.4208			
0	28	0.1365	2	1	1	1	1	0	0	0	0	N	N	N	N	N	N	N	N	N	N	N	N	8.8190	3.8224	0.8099	0.4680	inf	inf	0.0075	0.0083	0.0000	0.0016	0.0017	0.0000	0.0112	0.0128	0.0000	0.0008	0.0022	0.0000	0.0020	0.0036	0.0000	0.0000	0.0000	0.0000	0.0000	0.0000	-0.0007	-0.0001	3.0000	2.9919	2.0006	1.1331	0.0019	0.0019	0.0000	0.0002	0.0002	0.0000	0.0018	0.0018	0.0000	0.0001	0.0001	0.0000	0.0001	0.0001	0.0000	0.0000	0.0000	0.0000	0.2590	0.2348	0.0242	0.0999	0.0953	0.0046	0.1591	0.1395	0.0196	0.1648	0.0648	0.1000	0.0708	0.0390	0.0318	0.0940	0.0258	0.0683	8.8190	3.8224	0.0000	0.8099	0.4680	0.0000	inf	inf	0.0000	0.0008	0.0022	0.0000	0.0020	0.0036	0.0000	0.0000	0.0000	0.0000			
0	30	0.0739	2	0	1	1	2	0	0	0	0	N	N	N	Y	N	N	N	N	N	N	N	N	0.0102	0.0566	0.0049	0.0673	0.0000	0.0000	0.0002	0.0000	0.0000	0.0000	0.0000	0.0000	0.0002	0.0027	0.0000	0.0036	0.0000	0.0000	0.0000	0.0072	0.0000	0.0036	inf	inf	0.0000	0.0001	3.0000	3.9676	2.0006	1.0007	0.0000	0.0000	0.0000	0.0000	0.0000	0.0000	0.0000	0.0000	0.0000	0.0004	0.0000	0.0004	0.0000	0.0000	0.0000	0.0004	0.0000	0.0004	0.3605	0.3110	0.0495	0.0803	0.0723	0.0080	0.2802	0.2388	0.0414	0.1619	0.0388	0.1231	0.0065	0.0061	0.0004	0.1554	0.0327	0.1227	0.0102	0.0000	0.0566	0.0000	0.0000	0.0000	0.0126	0.0000	0.0673	0.0027	0.0000	0.0036	0.0000	0.0000	0.0000	0.0028	0.0000	0.0036					
0	32	0.1029	2	0	0	2	1	0	0	0	0	N	N	Y	N	N	N	N	N	N	N	N	N	0.4802	1.4946	0.1013	0.4211	0.7793	1.5092	0.0386	0.0000	0.1520	0.0018	0.0000	0.1377	0.0651	0.0000	0.1523	0.0804	0.0000	0.1017	0.0182	0.0000	0.3270	0.0835	0.0000	0.1009	inf	inf	0.0003	0.0012	3.0000	0.0319	2.0006	1.0050	0.0005	0.0000	0.0005	0.0000	0.0000	0.0000	0.0005	0.0000	0.0005	0.0037	0.0000	0.0037	0.0000	0.0000	0.0000	0.0036	0.0000	0.0036	0.0130	0.0097	0.0033	0.0054	0.0054	0.0001	0.0075	0.0043	0.0032	0.0457	0.0096	0.0361	0.0022	0.0021	0.0001	0.0435	0.0075	0.0360	0.4802	0.0000	1.4946	0.1013	0.0000	0.4211	0.7793	0.0000	1.5092	0.0804	0.0000	0.1017	0.0182	0.0000	0.3270	0.0835	0.0000	0.1009			
0	33	0.0739	3	0	1	1	1	0	0	0	0	N	N	N	N	N	N	N	N	N	N	N	N	1.1485	17.6182	1.2036	20.6643	0.0137	0.0000	0.2745	0.0000	0.0000	0.0000	0.0234	0.0000	0.3230	0.0120	0.0000	0.0156	0.0000	0.0000	0.0000	0.0194	0.0000	0.0156	inf	inf	0.0000	0.0001	3.0000	0.0023	2.0006	1.0003	0.0000	0.0000	0.0000	0.0000	0.0000	0.0000	0.0000	0.0000	0.0000	0.0004	0.0000	0.0004	0.0000	0.0000	0.0000	0.0004	0.0000	0.0004	0.0007	0.0007	0.0000	0.0003	0.0003	0.0000	0.0004	0.0004	0.0000	0.0368	0.0086	0.0282	0.0015	0.0014	0.0001	0.0353	0.0072	0.0281	1.1485	0.0000	17.6182	0.0000	0.0000	0.0000	1.8805	0.0000	20.6643	0.0120	0.0000	0.0156	0.0000	0.0000	0.0000	0.0124	0.0000	0.0156					
0	38	0.0739	3	0	0	2	1	0	0	0	0	N	N	Y	N	N	N	N	N	N	N	N	N	0.0086	0.0458	0.0068	0.0546	0.0001	0.0000	0.0007	0.0000	0.0000	0.0000	0.0001	0.0000	0.0009	0.0119	0.0000	0.0156	0.0000	0.0000	0.0000	0.0194	0.0000	0.0156	inf	inf	0.0000	0.0001	3.0000	1.0023	2.0006	0.0007	0.0000	0.0000	0.0000	0.0000	0.0000	0.0000	0.0000	0.0000	0.0000	0.0004	0.0000	0.0004	0.0000	0.0000	0.0000	0.0004	0.0000	0.0004	0.0978	0.0838	0.0140	0.0221	0.0198	0.0023	0.0757	0.0640	0.0117	0.0368	0.0086	0.0282	0.0015	0.0014	0.0001	0.0354	0.0072	0.0282	0.0086	0.0000	0.0458	0.0000	0.0000	0.0000	0.0106	0.0000	0.0546	0.0119	0.0000	0.0156	0.0000	0.0000	0.0000	0.0124	0.0000	0.0156					
0	39	0.0739	2	0	0	1	1	0	0	0	0	N	N	N	N	N	N	N	N	N	N	N	N	0.0013	0.0003	0.0457	0.0004	0.0003	0.0021	0.0539	0.0019	0.0010	0.0186	0.0024	0.0024	0.0000	0.0016	0.0000	0.0220	1.4463	3.1801	0.4071	6.3605	7.1510	0.0000	0.7855	0.0000	0.4083	1.0000	1.0000	0.0000	-0.0002	3.0000	0.0347	2.0006	0.0013	0.0000	0.0000	0.0000	0.0000	0.0000	0.0000	0.0000	0.0000	0.0000	0.0009	0.0004	0.0004	0.0004	0.0004	0.0000	0.0004	0.0000	0.0004	0.0104	0.0099	0.0005	0.0043	0.0042	0.0001	0.0062	0.0057	0.0005	0.0015	0.0004	0.0011	0.0001	0.0001	0.0000	0.0014	0.0003	0.0011	0.0032	0.0009	0.0457	0.0006	0.0006	0.0000	0.0050	0.0000	0.0539	0.5991	1.1341	0.4071	4.1281	4.2584	0.0000	0.3230	0.0000	0.4083		
0	41	0.1139	3	0	1	1	1	0	0	0	0	N	N	N	N	N	N	N	N	N	N	N	N	0.0000	0.0000	0.0000	0.0000	0.0000	0.0000	0.0000	0.0000	0.0000	0.0000	0.0000	0.0000	0.0000	0.0000	0.0000	0.0008	0.0000	0.0010	0.0000	0.0000	0.0001	0.0011	0.0000	0.0010	inf	0.0000	0.0000	3.0000	1.0144	2.0006	1.0128	0.0000	0.0000	0.0000	0.0000	0.0000	0.0000	0.0000	0.0000	0.0000	0.0001	0.0000	0.0001	0.0000	0.0000	0.0000	0.0001	0.0000	0.0001	0.1058	0.0927	0.0130	0.0285	0.0261	0.0024	0.0773	0.0666	0.0107	0.0849	0.0173	0.0677	0.0035	0.0033	0.0002	0.0814	0.0140	0.0674	0.0000	0.0000	0.0000	0.0000	0.0000	0.0000	0.0000	0.0000	0.0000	0.0008	0.0000	0.0010	0.0000	0.0000	0.0001	0.0009	0.0000	0.0010				
0	44	0.1984	2	1	1	1	1	0	0	0	0	N	N	N	N	N	N	N	N	N	N	N	N	0.0000	0.0000	0.0000	0.0000	0.0000	0.0000	0.0000	0.0000	0.0000	0.0000	0.0000	0.0000	0.0000	0.0000	0.0000	0.0000	0.0000	0.0000	0.0000	0.0000	3.0000	2.0000	2.0006	1.0000	0.0000	0.0000	0.0000	0.0000	0.0000	0.0000	0.0000	0.0000	0.0000	0.0000	0.0000	0.0000	0.0000	0.0000	0.0000	0.0000	0.0000	0.0000	0.1689	0.1436	0.0252	0.0076	0.0066	0.0010	0.1612	0.1370	0.0242	0.0932	0.0282	0.0650	0.0130	0.0075	0.0056	0.0802	0.0208	0.0594	0.0000	0.0000	0.0000	0.0000	0.0000	0.0000	0.0000	0.0000	0.0000	0.0000	0.0000	0.0000	0.0000	0.0000	0.0000	0.0000	0.0000	0.0000											
0	45	0.1260	3	0	1	1	2	0	0	0	0	N	N	N	Y	N	N	N	N	N	N	N	N	0.0000	0.0000	0.0000	0.0000	0.0000	0.0000	0.0000	0.0000	0.0000	0.0000	0.0000	0.0000	0.0000	0.0000	0.0000	0.0000	0.0000	0.0000	0.0000	0.0000	3.0000	1.0000	2.0006	0.0000	0.0000	0.0000	0.0000	0.0000	0.0000	0.0000	0.0000	0.0000	0.0000	0.0000	0.0000	0.0000	0.0000	0.0000	0.0000	0.0000	0.0000	0.0000	0.0954	0.0809	0.0144	0.0133	0.0113	0.0020	0.0821	0.0696	0.0125	0.0435	0.0084	0.0351	0.0020	0.0014	0.0006	0.0415	0.0070	0.0345	0.0000	0.0000	0.0000	0.0000	0.0000	0.0000	0.0000	0.0000	0.0000	0.0000	0.0000	0.0000	0.0000	0.0000	0.0000	0.0000	0.0000	0.0000											
0	46	0.1260	3	0	0	1	2	0	0	0	0	N	N	N	Y	N	N	N	N	N	N	N	N	0.0000	0.0000	0.0000	0.0000	0.0000	0.0000	0.0000	0.0000	0.0000	0.0000	0.0000	0.0000	0.0000	0.0000	0.0000	0.0000	0.0000	0.0000	0.0000	0.0000	3.0000	0.0000	2.0006	0.0000	0.0000	0.0000	0.0000	0.0000	0.0000	0.0000	0.0000	0.0000	0.0000	0.0000	0.0000	0.0000	0.0000	0.0000	0.0000	0.0000	0.0000	0.0000	0.0000	0.0000	0.0000	0.0000	0.0000	0.0000	0.0000	0.0000	0.0000	0.0000	0.0000	0.0000	0.0000	0.0000	0.0000	0.0000	0.0000	0.0000	0.0000	0.0000	0.0000	0.0000	0.0000	0.0000	0.0000	0.0000	0.0000	0.0000	0.0000	0.0000	0.0000	0.0000	0.0000	0.0000	0.0000	0.0000											
0	47	0.0930	2	0	0	1	2	0	0	0	0	N	N	N	Y	N	N	N	N	N	N	N	N	0.0005	0.0000	42.5618	0.0000	0.0000	0.7847	0.0008	0.0000	85.4578	0.0023	0.0000	0.0150	0.0004	0.0000	0.0027	0.0025	0.0000	0.0168	4.7616	9.9027	0.0004	12.0092	70.5283	0.0034	2.9659	9.4042	0.0002	inf	0.0001	0.0003	-0.5510	3.0000	2.0873	2.0006	1.9360	0.0004	0.0000	0.0004	0.0000	0.0000	0.0000	0.0004	0.0000	0.0004	0.8198	0.8198	0.0001	0.4252	0.4252	0.0000	0.3946	0.3946	0.0000	0.1949	0.1656	0.0293	0.0242	0.0205	0.0037	0.1707	0.1451	0.0256	0.2304	0.0828	0.1476	0.0480	0.0408	0.0071	0.1824	0.0420	0.1404	0.0006	0.0000	42.5618	0.0000	0.0000	0.7847	0.0012	0.0000	85.4578	3.5588	9.9027	0.0004	8.8652	10.4149	0.0034	2.1634	9.4042	0.0002
0	51	0.0986	2	1	1	1	1	0	0	0	0	N	N	N	N	N	N	N	N	N	N	N	N	0.1693	0.0480	0.0000	0.0199	0.0209	0.0000	0.0000	0.0000	0.0001	0.0001	0.0000	0.0008	0.0008	0.0000	0.0000	0.0000	0.0000	0.0006	0.0025	0.0000	0.0399	0.0402	0.0244	0.0000	0.0000	0.0000	0.0000	0.0134	-0.0000	-0.0001	3.0000	1.0314	2.0006	3.0033	0.0000	0.0000	0.0000	0.0000	0.0000	0.0000	0.0000	0.0000	0.0000	0.0001	0.0001	0.0000	0.0001	0.0001	0.0000	0.0000	0.0000	0.0000	0.1017	0.0851	0.0166	0.0126	0.0119	0.0007	0.0891	0.0732	0.0159	0.1396	0.0326	0.1069	0.0020	0.0020	0.0000	0.1375	0.0307	0.1069	0.1693	0.0480	0.0000	0.0199	0.0209	0.0000	0.0000	0.0000	0.0000	0.0006	0.0025	0.0000	0.0399	0.0402	0.0244	0.0000	0.0000	0.0000	
0	54	0.1139	3	0	0	2	1	0	0	0	0	N	N	Y	N	N	N	N	N	N	N	N	N	0.0000	0.0000	0.0000	0.0000	0.0000	0.0000	0.0000	0.0000	0.0000	0.0000	0.0000	0.0000	0.0000	0.0000	0.0000	0.0016	0.0000	0.0020	0.0000	0.0000	0.0002	0.0033	0.0000	0.0020	inf	0.0000	0.0000	3.0000	0.0147	2.0006	0.9910	0.0000	0.0000	0.0000	0.0000	0.0000	0.0000	0.0000	0.0000	0.0000	0.0001	0.0000	0.0001	0.0000	0.0000	0.0000	0.0001	0.0000	0.0001	0.0060	0.0045	0.0015	0.0026	0.0026	0.0000	0.0034	0.0019	0.0015	0.0439	0.0089	0.0349	0.0019	0.0018	0.0001	0.0419	0.0071	0.0348	0.0000	0.0000	0.0000	0.0000	0.0000	0.0000	0.0000	0.0000	0.0000	0.0016	0.0000	0.0020	0.0000	0.0000	0.0002	0.0017	0.0000	0.0020				
0	55	0.1029	2	0	0	1	1	0	0	0	0	N	N	N	N	N	N	N	N	N	N	N	N	0.1061	0.0000	0.5428	0.0152	0.0000	0.0276	0.1290	0.6115	0.0048	0.0000	0.0301	0.0005	0.0000	0.0049	0.0059	0.0000	0.0336	0.0448	0.0041	0.0554	0.0303	0.0206	0.1765	0.0455	0.0000	0.0550	inf	52.5961	0.0003	0.0012	3.0000	0.9556	2.0006	1.0192	0.0005	0.0000	0.0005	0.0000	0.0000	0.0000	0.0005	0.0000	0.0005	0.0037	0.0001	0.0037	0.0001	0.0001	0.0000	0.0036	0.0000	0.0036	0.1051	0.0885	0.0166	0.0216	0.0196	0.0021	0.0835	0.0689	0.0146	0.0834	0.0172	0.0662	0.0036	0.0034	0.0002	0.0798	0.0138	0.0660	0.1061	0.0000	0.5428	0.0152	0.0000	0.0276	0.1290	0.0000	0.6115	0.0448	0.0041	0.0554	0.0303	0.0206	0.1765	0.0455	0.0000	0.0550	
0	58	0.2064	3	0	0	1	1	0	0	0	0	N	N	N	N	N	N	N	N	N	N	N	N	92.7687	8.7447	35563.6930	30.5675	31.0047	8.8502	412974.7637	inf	1948721.1941	1.8774	0.8646	8.1192	4.7181	4.9514	0.2573	1.4353	0.1506	8.5150	0.0202	0.0989	0.0002	0.1544	0.1597	0.0291	0.0000	0.0000	0.0000	1.5237	0.0079	0.3595	-0.0065	3.0000	10.2575	2.0006	3.8960	1.6468	0.6525	0.9943	0.5573	0.5557	0.0015	1.0895	0.0968	0.9928	0.0098	0.0097	0.0001	0.0098	0.0097	0.0001	0.0000	0.0000	0.0000	0.8772	0.7547	0.1225	0.1181	0.1122	0.0059	0.7591	0.6425	0.1166	0.4821	0.1463	0.3358	0.0632	0.0606	0.0026	0.4189	0.0857	0.3332	92.7687	13.0683	35563.6930	30.5675	31.0047	8.8502	412974.7637	inf	1948721.1941	0.0202	0.0662	0.0002	0.1544	0.1597	0.0291	0.0000	0.0000	0.0000
0	59	0.1804	2	1	1	2	1	0	0	0	0	N	N	Y	N	N	N	N	N	N	N	N	N	0.0000	0.0000	0.0000	0.0000	0.0000	0.0000	0.0000	0.0000	0.0000	0.0000	0.0000	0.0000	0.0000	0.0000	0.0000	0.0000	0.0000	0.0000	0.0000	0.0000	3.0000	0.0000	2.0006	0.0000	0.0000	0.0000	0.0000	0.0000	0.0000	0.0000	0.0000	0.0000	0.0000	0.0000	0.0000	0.0000	0.0000	0.0000	0.0000	0.0000	0.0000	0.0000	0.0000	0.0000	0.0000	0.0000	0.0000	0.0000	0.0000	0.0000	0.0000	0.0000	0.0000	0.0000	0.0000	0.0000	0.0000	0.0000	0.0000	0.0000	0.0000	0.0000	0.0000	0.0000	0.0000	0.0000	0.0000	0.0000	0.0000	0.0000	0.0000	0.0000	0.0000	0.0000	0.0000	0.0000	0.0000	0.0000											
0	61	0.1433	2	1	0	2	1	0	0	0	0	N	N	Y	N	N	N	N	N	N	N	N	N	0.0000	0.0000	0.0000	0.0000	0.0000	0.0000	0.0000	0.0000	0.0000	0.0000	0.0000	0.0000	0.0000	0.0000	0.0000	0.0000	0.0000	0.0000	0.0000	0.0000	3.0000	2.0000	2.0006	0.0000	0.0000	0.0000	0.0000	0.0000	0.0000	0.0000	0.0000	0.0000	0.0000	0.0000	0.0000	0.0000	0.0000	0.0000	0.0000	0.0000	0.0000	0.0000	0.1588	0.1311	0.0277	0.0126	0.0118	0.0009	0.1462	0.1194	0.0268	0.0564	0.0215	0.0349	0.0300	0.0144	0.0156	0.0264	0.0071	0.0193	0.0000	0.0000	0.0000	0.0000	0.0000	0.0000	0.0000	0.0000	0.0000	0.0000	0.0000	0.0000	0.0000	0.0000	0.0000	0.0000	0.0000	0.0000											
0	64	0.1675	4	0	0	2	1	0	0	0	0	N	N	Y	N	N	N	N	N	N	N	N	N	0.0000	0.0000	0.0000	0.0000	0.0000	0.0000	0.0000	0.0000	0.0000	0.0000	0.0000	0.0000	0.0000	0.0000	0.0000	0.0000	0.0000	0.0000	0.0000	0.0000	3.0000	0.0000	2.0006	0.0000	0.0000	0.0000	0.0000	0.0000	0.0000	0.0000	0.0000	0.0000	0.0000	0.0000	0.0000	0.0000	0.0000	0.0000	0.0000	0.0000	0.0000	0.0000	0.0000	0.0000	0.0000	0.0000	0.0000	0.0000	0.0000	0.0000	0.0000	0.0000	0.0000	0.0000	0.0000	0.0000	0.0000	0.0000	0.0000	0.0000	0.0000	0.0000	0.0000	0.0000	0.0000	0.0000	0.0000	0.0000	0.0000	0.0000	0.0000	0.0000	0.0000	0.0000	0.0000	0.0000	0.0000	0.0000											
0	65	0.1432	3	0	0	2	1	0	0	0	0	N	N	Y	N	N	N	N	N	N	N	N	N	0.0000	0.0000	0.0000	0.0000	0.0000	0.0000	0.0000	0.0000	0.0000	0.0000	0.0000	0.0000	0.0000	0.0000	0.0000	0.0000	0.0000	0.0000	0.0000	0.0000	3.0000	0.8734	2.0006	1.0002	0.0000	0.0000	0.0000	0.0000	0.0000	0.0000	0.0000	0.0000	0.0000	0.0000	0.0000	0.0000	0.0000	0.0000	0.0000	0.0000	0.0000	0.0000	0.0758	0.0624	0.0134	0.0030	0.0028	0.0002	0.0728	0.0596	0.0132	0.0788	0.0133	0.0655	0.0185	0.0038	0.0147	0.0602	0.0094	0.0508	0.0000	0.0000	0.0000	0.0000	0.0000	0.0000	0.0000	0.0000	0.0000	0.0000	0.0000	0.0000	0.0000	0.0000	0.0000	0.0000	0.0000	0.0000											
0	66	0.1286	2	0	0	1	1	0	0	0	0	N	N	N	N	N	N	N	N	N	N	N	N	0.4898	0.1486	3.3320	1.6044	0.0011	0.0014	0.0000	0.0252	0.0264	0.0000	0.0000	0.0000	0.0000	0.0023	0.0092	0.0000	0.0076	0.0164	0.0000	0.0000	0.0000	0.0000	0.0000	0.0000	-0.0000	-0.0001	3.0000	1.0063	2.0006	0.0727	0.0001	0.0001	0.0000	0.0001	0.0001	0.0000	0.0000	0.0000	0.0000	0.0001	0.0001	0.0000	0.0001	0.0001	0.0000	0.0000	0.0000	0.0000	0.0883	0.0728	0.0155	0.0040	0.0038	0.0002	0.0844	0.0690	0.0154	0.0583	0.0146	0.0437	0.0178	0.0082	0.0096	0.0404	0.0064	0.0341	0.4898	0.1486	0.0000	3.3320	1.6044	0.0000	0.0000	0.0000	0.0000	0.0023	0.0092	0.0000	0.0076	0.0164	0.0000	0.0000	0.0000	0.0000					
0	72	0.1174	2	0	1	1	1	0	0	0	0	N	N	N	N	N	N	N	N	N	N	N	N	0.8073	0.4725	0.0000	2.6316	3.4053	0.0000	0.0000	0.0000	0.0001	0.0001	0.0000	0.0006	0.0006	0.0000	0.0000	0.0000	0.0000	0.0001	0.0001	0.0000	0.0002	0.0002	0.0848	0.0000	0.0000	0.0000	0.0000	0.2358	-0.0000	-0.0000	3.0000	4.7764	2.0006	1.3205	0.0000	0.0000	0.0000	0.0000	0.0000	0.0000	0.0000	0.0000	0.0000	0.0000	0.0000	0.0000	0.0000	0.0000	0.0000	0.0000	0.0000	0.0000	0.3928	0.3305	0.0624	0.0339	0.0323	0.0016	0.3590	0.2982	0.0607	0.1959	0.0781	0.1179	0.0549	0.0549	0.0000	0.1410	0.0232	0.1178	0.8073	0.4725	0.0000	2.6316	3.4053	0.0000	0.0000	0.0000	0.0000	0.0001	0.0001	0.0000	0.0002	0.0002	0.0848	0.0000	0.0000	0.0000	
0	74	0.1196	2	0	1	1	1	0	0	0	0	N	N	N	N	N	N	N	N	N	N	N	N	0.0000	0.0000	0.0000	0.0000	0.0000	0.0000	0.0000	0.0000	0.0000	0.0000	0.0000	0.0000	0.0000	0.0000	0.0000	0.0000	0.0000	0.0000	0.0000	0.0000	3.0000	0.0000	2.0006	0.0000	0.0000	0.0000	0.0000	0.0000	0.0000	0.0000	0.0000	0.0000	0.0000	0.0000	0.0000	0.0000	0.0000	0.0000	0.0000	0.0000	0.0000	0.0000	0.0000	0.0000	0.0000	0.0000	0.0000	0.0000	0.0000	0.0000	0.0000	0.0000	0.0000	0.0000	0.0000	0.0000	0.0000	0.0000	0.0000	0.0000	0.0000	0.0000	0.0000	0.0000	0.0000	0.0000	0.0000	0.0000	0.0000	0.0000	0.0000	0.0000	0.0000	0.0000	0.0000	0.0000	0.0000	0.0000											
0	76	0.1282	4	1	1	1	2	0	0	0	0	N	N	N	Y	N	N	N	N	N	N	N	N	0.0000	0.0000	0.0000	0.0000	0.0000	0.0000	0.0000	0.0000	0.0000	0.0000	0.0000	0.0000	0.0000	0.0000	0.0000	0.0000	0.0000	0.0000	0.0000	0.0000	3.0000	0.0000	2.0006	0.0000	0.0000	0.0000	0.0000	0.0000	0.0000	0.0000	0.0000	0.0000	0.0000	0.0000	0.0000	0.0000	0.0000	0.0000	0.0000	0.0000	0.0000	0.0000	0.0000	0.0000	0.0000	0.0000	0.0000	0.0000	0.0000	0.0000	0.0000	0.0000	0.0000	0.0000	0.0000	0.0000	0.0000	0.0000	0.0000	0.0000	0.0000	0.0000	0.0000	0.0000	0.0000	0.0000	0.0000	0.0000	0.0000	0.0000	0.0000	0.0000	0.0000	0.0000	0.0000	0.0000	0.0000	0.0000											
0	77	0.1199	3	1	1	1	2	0	0	0	0	N	N	N	Y	N	N	N	N	N	N	N	N	0.0000	0.0000	0.0000	0.0000	0.0000	0.0000	0.0000	0.0000	0.0000	0.0000	0.0000	0.0000	0.0000	0.0000	0.0000	0.0000	0.0000	0.0000	0.0000	0.0000	3.0000	1.0073	2.0006	0.3366	0.0000	0.0000	0.0000	0.0000	0.0000	0.0000	0.0000	0.0000	0.0000	0.0000	0.0000	0.0000	0.0000	0.0000	0.0000	0.0000	0.0000	0.0000	0.0877	0.0745	0.0132	0.0073	0.0065	0.0008	0.0804	0.0680	0.0124	0.0375	0.0137	0.0238	0.0046	0.0045	0.0001	0.0329	0.0092	0.0237	0.0000	0.0000	0.0000	0.0000	0.0000	0.0000	0.0000	0.0000	0.0000	0.0000	0.0000	0.0000	0.0000	0.0000	0.0000	0.0000	0.0000	0.0000											
0	78	0.1456	3	0	1	1	2	0	0	0	0	N	N	N	Y	N	N	N	N	N	N	N	N	0.0000	0.0000	0.0000	0.0000	0.0000	0.0000	0.0000	0.0000	0.0000	0.0000	0.0000	0.0000	0.0000	0.0000	0.0000	0.0000	0.0000	0.0000	0.0000	0.0000	3.0000	0.0000	2.0006	0.0000	0.0000	0.0000	0.0000	0.0000	0.0000	0.0000	0.0000	0.0000	0.0000	0.0000	0.0000	0.0000	0.0000	0.0000	0.0000	0.0000	0.0000	0.0000	0.0000	0.0000	0.0000	0.0000	0.0000	0.0000	0.0000	0.0000	0.0000	0.0000	0.0000	0.0000	0.0000	0.0000	0.0000	0.0000	0.0000	0.0000	0.0000	0.0000	0.0000	0.0000	0.0000	0.0000	0.0000	0.0000	0.0000	0.0000	0.0000	0.0000	0.0000	0.0000	0.0000	0.0000	0.0000	0.0000											
0	79	0.1374	2	0	1	1	2	0	0	0	0	N	N	N	Y	N	N	N	N	N	N	N	N	0.0000	0.0000	0.0000	0.0000	0.0000	0.0000	0.0000	0.0000	0.0000	0.0000	0.0000	0.0000	0.0000	0.0000	0.0000	0.0000	0.0000	0.0000	0.0000	0.0000	3.0000	0.0000	2.0006	1.0000	0.0000	0.0000	0.0000	0.0000	0.0000	0.0000	0.0000	0.0000	0.0000	0.0000	0.0000	0.0000	0.0000	0.0000	0.0000	0.0000	0.0000	0.0000	0.0000	0.0000	0.0000	0.0000	0.0000	0.0000	0.0000	0.0000	0.0000	0.0363	0.0112	0.0252	0.0127	0.0043	0.0084	0.0237	0.0069	0.0168	0.0000	0.0000	0.0000	0.0000	0.0000	0.0000	0.0000	0.0000	0.0000	0.0000	0.0000	0.0000	0.0000	0.0000	0.0000	0.0000	0.0000	0.0000											
0	80	0.1199	3	0	1	1	1	0	0	0	0	N	N	N	N	N	N	N	N	N	N	N	N	0.0000	0.0000	0.0000	0.0000	0.0000	0.0000	0.0000	0.0000	0.0000	0.0000	0.0000	0.0000	0.0000	0.0000	0.0000	0.0000	0.0000	0.0000	0.0000	0.0000	3.0000	3.9927	2.0006	1.0002	0.0000	0.0000	0.0000	0.0000	0.0000	0.0000	0.0000	0.0000	0.0000	0.0000	0.0000	0.0000	0.0000	0.0000	0.0000	0.0000	0.0000	0.0000	0.3216	0.2750	0.0466	0.0269	0.0240	0.0029	0.2947	0.2509	0.0437	0.1193	0.0425	0.0768	0.0115	0.0110	0.0005	0.1078	0.0315	0.0763	0.0000	0.0000	0.0000	0.0000	0.0000	0.0000	0.0000	0.0000	0.0000	0.0000	0.0000	0.0000	0.0000	0.0000	0.0000	0.0000	0.0000	0.0000											
0	81	0.1152	2	0	1	1	1	0	0	0	0	N	N	N	N	N	N	N	N	N	N	N	N	0.0000	0.0000	0.0000	0.0000	0.0000	0.0000	0.0000	0.0000	0.0000	0.0000	0.0000	0.0000	0.0000	0.0000	0.0000	0.0000	0.0000	0.0000	0.0000	0.0000	3.0000	0.0110	2.0006	0.6549	0.0000	0.0000	0.0000	0.0000	0.0000	0.0000	0.0000	0.0000	0.0000	0.0000	0.0000	0.0000	0.0000	0.0000	0.0000	0.0000	0.0000	0.0000	0.0010	0.0008	0.0001	0.0001	0.0001	0.0000	0.0009	0.0008	0.0001	0.0173	0.0061	0.0112	0.0015	0.0015	0.0001	0.0158	0.0046	0.0111	0.0000	0.0000	0.0000	0.0000	0.0000	0.0000	0.0000	0.0000	0.0000	0.0000	0.0000	0.0000	0.0000	0.0000	0.0000	0.0000	0.0000	0.0000											
0	82	0.1374	2	0	0	2	2	0	0	0	0	N	N	Y	Y	N	N	N	N	N	N	N	N	0.0000	0.0000	0.0000	0.0000	0.0000	0.0000	0.0000	0.0000	0.0000	0.0000	0.0000	0.0000	0.0000	0.0000	0.0000	0.0000	0.0000	0.0000	0.0000	0.0000	3.0000	1.0000	2.0006	0.0000	0.0000	0.0000	0.0000	0.0000	0.0000	0.0000	0.0000	0.0000	0.0000	0.0000	0.0000	0.0000	0.0000	0.0000	0.0000	0.0000	0.0000	0.0000	0.0868	0.0736	0.0132	0.0028	0.0024	0.0004	0.0839	0.0712	0.0127	0.0363	0.0112	0.0252	0.0127	0.0043	0.0084	0.0237	0.0069	0.0168	0.0000	0.0000	0.0000	0.0000	0.0000	0.0000	0.0000	0.0000	0.0000	0.0000	0.0000	0.0000	0.0000	0.0000	0.0000	0.0000	0.0000	0.0000											
0	83	0.1374	2	0	0	2	2	0	0	0	0	N	N	Y	Y	N	N	N	N	N	N	N	N	0.0000	0.0000	0.0000	0.0000	0.0000	0.0000	0.0000	0.0000	0.0000	0.0000	0.0000	0.0000	0.0000	0.0000	0.0000	0.0000	0.0000	0.0000	0.0000	0.0000	3.0000	0.0000	2.0006	0.0000	0.0000	0.0000	0.0000	0.0000	0.0000	0.0000	0.0000	0.0000	0.0000	0.0000	0.0000	0.0000	0.0000	0.0000	0.0000	0.0000	0.0000	0.0000	0.0000	0.0000	0.0000	0.0000	0.0000	0.0000	0.0000	0.0000	0.0000	0.0000	0.0000	0.0000	0.0000	0.0000	0.0000	0.0000	0.0000	0.0000	0.0000	0.0000	0.0000	0.0000	0.0000	0.0000	0.0000	0.0000	0.0000	0.0000	0.0000	0.0000	0.0000	0.0000	0.0000	0.0000	0.0000	0.0000											
0	85	0.1984	2	1	1	1	1	0	0	0	0	N	N	N	N	N	N	N	N	N	N	N	N	0.0000	0.0000	0.0000	0.0000	0.0000	0.0000	0.0000	0.0000	0.0000	0.0000	0.0000	0.0000	0.0000	0.0000	0.0000	0.0000	0.0000	0.0000	0.0000	0.0000	3.0000	0.0000	2.0006	0.0000	0.0000	0.0000	0.0000	0.0000	0.0000	0.0000	0.0000	0.0000	0.0000	0.0000	0.0000	0.0000	0.0000	0.0000	0.0000	0.0000	0.0000	0.0000	0.0000	0.0000	0.0000	0.0000	0.0000	0.0000	0.0000	0.0000	0.0000	0.0000	0.0000	0.0000	0.0000	0.0000	0.0000	0.0000	0.0000	0.0000	0.0000	0.0000	0.0000	0.0000	0.0000	0.0000	0.0000	0.0000	0.0000	0.0000	0.0000	0.0000	0.0000	0.0000	0.0000	0.0000	0.0000	0.0000											
0	88	0.1152	2	1	1	1	1	0	0	0	0	N	N	N	N	N	N	N	N	N	N	N	N	0.0000	0.0000	0.0000	0.0000	0.0000	0.0000	0.0000	0.0000	0.0000	0.0000	0.0000	0.0000	0.0000	0.0000	0.0000	0.0000	0.0000	0.0000	0.0000	0.0000	3.0000	0.0000	2.0006	0.0000	0.0000	0.0000	0.0000	0.0000	0.0000	0.0000	0.0000	0.0000	0.0000	0.0000	0.0000	0.0000	0.0000	0.0000	0.0000	0.0000	0.0000	0.0000	0.0000	0.0000	0.0000	0.0000	0.0000	0.0000	0.0000	0.0000	0.0000	0.0000	0.0000	0.0000	0.0000	0.0000	0.0000	0.0000	0.0000	0.0000	0.0000	0.0000	0.0000	0.0000	0.0000	0.0000	0.0000	0.0000	0.0000	0.0000	0.0000	0.0000	0.0000	0.0000	0.0000	0.0000	0.0000	0.0000											
0	91	0.2064	3	0	0	1	1	0	0	0	0	N	N	N	N	N	N	N	N	N	N	N	N	25.2857	6.2627	0.0000	18.6637	18.9319	0.0000	36299.6183	inf	0.0000	0.4841	0.5619	0.0000	3.0032	3.1641	0.0000	0.1177	0.1387	0.0000	0.0191	0.0897	0.0002	0.1609	0.1671	0.0278	0.0000	0.0000	0.0000	0.0000	0.0079	-0.1757	-0.0065	3.0000	11.5137	2.0006	4.9035	0.4559	0.4559	0.0000	0.3591	0.3591	0.0000	0.0968	0.0968	0.0000	0.0098	0.0097	0.0001	0.0098	0.0097	0.0001	0.0000	0.0000	0.0000	0.9416	0.8112	0.1304	0.1196	0.1135	0.0061	0.8221	0.6977	0.1244	0.5096	0.1515	0.3581	0.0606	0.0579	0.0027	0.4490	0.0936	0.3554	25.2857	8.7943	0.0000	18.6637	18.9319	0.0000	36299.6183	inf	0.0000	0.0191	0.0639	0.0002	0.1609	0.1671	0.0278	0.0000	0.0000	0.0000
1	2	0.1788	3	1	0	1	1	0	0	0	0	N	N	N	N	N	N	N	N	N	N	N	N	0.0000	0.0000	0.0000	0.0000	0.0000	0.0000	0.0000	0.0000	0.0000	0.0000	0.0000	0.0000	0.0000	0.0000	0.0000	0.0000	0.0000	0.0000	0.0000	0.0000	1.1236	0.0000	2.8233	0.0000	0.0000	0.0000	0.0000	0.0000	0.0000	0.0000	0.0000	0.0000	0.0000	0.0000	0.0000	0.0000	0.0000	0.0000	0.0000	0.0000	0.0000	0.0000	0.0000	0.0000	0.0000	0.0000	0.0000	0.0000	0.0000	0.0000	0.0000	0.0000	0.0000	0.0000	0.0000	0.0000	0.0000	0.0000	0.0000	0.0000	0.0000	0.0000	0.0000	0.0000	0.0000	0.0000	0.0000	0.0000	0.0000	0.0000	0.0000	0.0000	0.0000	0.0000	0.0000	0.0000	0.0000	0.0000											
1	3	0.1551	3	0	1	0	1	0	0	0	0	N	N	N	N	N	N	N	N	N	N	N	N	15.8017	4.2644	0.0000	4.8155	5.8811	0.0000	83.7089	0.0863	0.0000	0.2292	0.2733	0.0000	0.7978	1.0456	0.0000	0.0006	0.0007	0.0000	0.0145	0.0641	0.0000	0.1657	0.1778	0.0000	0.0000	0.0086	0.0000	0.0000	0.0000	-0.0298	-0.0030	1.1236	6.6553	2.8233	3.6686	0.0774	0.0774	0.0000	0.0773	0.0773	0.0000	0.0002	0.0002	0.0000	0.0045	0.0045	0.0000	0.0045	0.0045	0.0000	0.0000	0.0000	0.0000	0.3378	0.2833	0.0545	0.0968	0.0739	0.0229	0.2410	0.2094	0.0316	0.3125	0.0852	0.2273	0.0273	0.0255	0.0019	0.2852	0.0597	0.2254	15.8017	5.1388	0.0000	4.8155	5.8811	0.0000	83.7089	20.9315	0.0000	0.0145	0.0532	0.0000	0.1657	0.1778	0.0000	0.0000	0.0000	0.0000
1	4	0.0963	2	1	0	1	1	0	0	0	0	N	N	N	N	N	N	N	N	N	N	N	N	1.1756	0.0047	2.5454	0.0603	0.0086	inf	1.2866	2.9644	4.5453	0.0002	32.6545	0.0050	0.0008	0.0405	5.6937	0.0000	38.5643	3.8665	0.0336	12.8286	0.0822	0.0878	0.0000	4.4254	0.0000	13.0092	33310.0000	292.1285	0.6141	0.3166	1.1236	6.0000	2.8233	4.9994	0.9993	0.0000	0.9993	0.0002	0.0000	0.0002	0.9991	0.0000	0.9991	0.9758	0.0033	0.9725	0.0033	0.0033	0.0000	0.9725	0.0000	0.9725	0.2199	0.1893	0.0306	0.0444	0.0397	0.0047	0.1755	0.1496	0.0259	0.3349	0.0990	0.2359	0.0405	0.0379	0.0026	0.2944	0.0611	0.2333	1.5598	0.0047	7.9209	0.0603	0.0086	inf	1.7236	0.0000	9.2520	2.9140	0.0336	4.1226	0.0822	0.0878	0.0000	3.3034	0.0000	4.1682	
1	5	0.1637	5	1	1	0	2	0	0	0	0	N	N	N	Y	N	N	N	N	N	N	N	N	0.0000	0.0000	0.0000	0.0000	0.0000	0.0000	0.0000	0.0000	0.0000	0.0000	0.0000	0.0000	0.0000	0.0000	0.0000	0.0000	0.0000	0.0000	0.0000	0.0000	1.1236	0.0000	2.8233	0.0000	0.0000	0.0000	0.0000	0.0000	0.0000	0.0000	0.0000	0.0000	0.0000	0.0000	0.0000	0.0000	0.0000	0.0000	0.0000	0.0000	0.0000	0.0000	0.0000	0.0000	0.0000	0.0000	0.0000	0.0000	0.0000	0.0000	0.0000	0.0000	0.0000	0.0000	0.0000	0.0000	0.0000	0.0000	0.0000	0.0000	0.0000	0.0000	0.0000	0.0000	0.0000	0.0000	0.0000	0.0000	0.0000	0.0000	0.0000	0.0000	0.0000	0.0000	0.0000	0.0000	0.0000	0.0000											
1	6	0.2159	3	1	0	1	1	0	0	0	0	N	N	N	N	N	N	N	N	N	N	N	N	0.0000	0.0000	0.0000	0.0000	0.0000	0.0000	0.0000	0.0000	0.0000	0.0000	0.0000	0.0000	0.0000	0.0004	0.0008	0.0000	0.0006	0.0010	0.0000	0.0000	0.0000	0.0000	0.0000	0.0000	-0.0000	1.1236	0.0000	2.8233	1.0000	0.0000	0.0000	0.0000	0.0000	0.0000	0.0000	0.0000	0.0000	0.0000	0.0000	0.0000	0.0000	0.0000	0.0000	0.0000	0.0000	0.0000	0.0000	0.0000	0.0000	0.0000	0.0000	0.0000	0.0000	0.0000	0.0000	0.0000	0.0252	0.0125	0.0127	0.0172	0.0101	0.0072	0.0080	0.0024	0.0055	0.0000	0.0000	0.0000	0.0000	0.0000	0.0000	0.0000	0.0000	0.0000	0.0004	0.0008	0.0000	0.0006	0.0010	0.0000	0.0000	0.0000	0.0000						
1	7	0.2030	5	0	0	1	1	0	0	0	0	N	N	N	N	N	N	N	N	N	N	N	N	0.0000	0.0000	0.0000	0.0000	0.0000	0.0000	0.0000	0.0000	0.0000	0.0000	0.0000	0.0000	0.0000	0.0000	0.0000	0.0000	0.0000	0.0000	0.0000	0.0000	1.1236	0.1278	2.8233	0.0006	0.0000	0.0000	0.0000	0.0000	0.0000	0.0000	0.0000	0.0000	0.0000	0.0000	0.0000	0.0000	0.0000	0.0000	0.0000	0.0000	0.0000	0.0000	0.0069	0.0060	0.0009	0.0031	0.0029	0.0002	0.0038	0.0032	0.0006	0.0052	0.0013	0.0040	0.0018	0.0008	0.0010	0.0034	0.0005	0.0029	0.0000	0.0000	0.0000	0.0000	0.0000	0.0000	0.0000	0.0000	0.0000	0.0000	0.0000	0.0000	0.0000	0.0000	0.0000	0.0000	0.0000	0.0000											
1	8	0.0963	2	1	1	0	1	0	0	0	0	N	N	N	N	N	N	N	N	N	N	N	N	0.0000	0.0000	0.0000	0.0000	0.0000	0.0000	0.0000	0.0000	0.0000	0.0000	0.0000	0.0000	0.0000	0.0000	0.0000	0.0000	0.0000	0.0054	0.0187	0.0000	0.0458	0.0489	0.0004	0.0000	0.0000	0.0000	0.0006	0.0000	-0.0011	1.1236	6.0000	2.8233	3.0006	0.0000	0.0000	0.0000	0.0000	0.0000	0.0000	0.0000	0.0000	0.0000	0.0016	0.0016	0.0000	0.0016	0.0016	0.0000	0.0000	0.0000	0.0000	0.2199	0.1893	0.0306	0.0444	0.0397	0.0047	0.1755	0.1496	0.0259	0.2896	0.0841	0.2054	0.0343	0.0321	0.0022	0.2553	0.0520	0.2033	0.0000	0.0000	0.0000	0.0000	0.0000	0.0000	0.0000	0.0000	0.0000	0.0054	0.0187	0.0000	0.0458	0.0489	0.0004	0.0000	0.0000	0.0000		
1	9	0.1720	3	0	0	1	2	0	0	0	0	N	N	N	Y	N	N	N	N	N	N	N	N	0.0246	0.0126	0.0078	0.0030	0.0020	0.0000	0.0628	0.0007	0.0000	0.0002	0.0002	0.0000	0.0000	0.0000	0.0000	0.0003	0.0003	0.0000	0.0065	0.0139	0.0001	0.0111	0.0172	0.0000	0.0044	0.4444	0.0001	0.0002	0.0042	-0.0000	-0.0006	1.1236	1.0190	2.8233	2.2112	0.0000	0.0000	0.0000	0.0000	0.0000	0.0000	0.0000	0.0000	0.0000	0.0009	0.0009	0.0000	0.0007	0.0007	0.0000	0.0001	0.0001	0.0000	0.0424	0.0387	0.0037	0.0203	0.0194	0.0009	0.0221	0.0193	0.0028	0.1330	0.0619	0.0711	0.0669	0.0430	0.0239	0.0661	0.0189	0.0472	0.0246	0.0126	0.0078	0.0030	0.0020	0.0000	0.1441	0.0485	0.0000	0.0065	0.0139	0.0001	0.0111	0.0172	0.0000	0.0019	0.0065	0.0001
1	10	0.1729	3	0	0	0	2	0	0	0	0	N	N	N	Y	N	N	N	N	N	N	N	N	0.0000	0.0000	0.0000	0.0000	0.0000	0.0000	0.0000	0.0000	0.0000	0.0000	0.0000	0.0000	0.0000	0.0000	0.0000	0.0000	0.0000	0.0000	0.0000	0.0000	1.1236	0.0000	2.8233	1.0000	0.0000	0.0000	0.0000	0.0000	0.0000	0.0000	0.0000	0.0000	0.0000	0.0000	0.0000	0.0000	0.0000	0.0000	0.0000	0.0000	0.0000	0.0000	0.0000	0.0000	0.0000	0.0000	0.0000	0.0000	0.0000	0.0000	0.0000	0.0348	0.0137	0.0211	0.0149	0.0076	0.0072	0.0199	0.0061	0.0138	0.0000	0.0000	0.0000	0.0000	0.0000	0.0000	0.0000	0.0000	0.0000	0.0000	0.0000	0.0000	0.0000	0.0000	0.0000	0.0000	0.0000	0.0000											
1	11	0.1531	4	0	1	0	2	0	0	0	0	N	N	N	Y	N	N	N	N	N	N	N	N	0.0178	0.0026	0.0000	0.0632	0.0370	0.0000	0.0000	0.0000	0.0000	0.0038	0.0044	0.0000	0.0390	0.0411	0.0000	0.0000	0.0000	0.0000	0.2137	1.7377	0.0124	0.6172	1.1091	0.0111	0.0180	0.1818	0.0128	0.0000	0.0394	-0.0001	-0.0083	1.1236	1.0886	2.8233	0.0502	0.0002	0.0002	0.0000	0.0002	0.0002	0.0000	0.0000	0.0000	0.0000	0.0131	0.0126	0.0005	0.0127	0.0126	0.0001	0.0004	0.0000	0.0004	0.0472	0.0404	0.0068	0.0046	0.0044	0.0002	0.0426	0.0361	0.0066	0.0614	0.0214	0.0400	0.0205	0.0113	0.0092	0.0408	0.0101	0.0308	0.0178	0.0075	0.0000	0.0632	0.0370	0.0000	0.0000	0.0000	0.0000	0.2137	0.5895	0.0124	0.6172	1.1091	0.0111	0.0107	0.0044	0.0128
1	12	0.0963	2	0	1	0	1	0	0	0	0	N	N	N	N	N	N	N	N	N	N	N	N	0.0252	0.0085	0.0000	0.0148	0.0155	0.0000	0.0000	0.0000	0.0001	0.0002	0.0000	0.0007	0.0008	0.0000	0.0000	0.0000	0.0000	0.0054	0.0187	0.0000	0.0458	0.0489	0.0004	0.0000	0.0000	0.0000	0.0000	0.0006	-0.0000	-0.0011	1.1236	6.0000	2.8233	3.0006	0.0000	0.0000	0.0000	0.0000	0.0000	0.0000	0.0000	0.0000	0.0000	0.0016	0.0016	0.0000	0.0016	0.0016	0.0000	0.0000	0.0000	0.0000	0.2199	0.1893	0.0306	0.0444	0.0397	0.0047	0.1755	0.1496	0.0259	0.2896	0.0841	0.2054	0.0343	0.0321	0.0022	0.2553	0.0520	0.2033	0.0252	0.0085	0.0000	0.0148	0.0155	0.0000	0.0000	0.0000	0.0000	0.0054	0.0187	0.0000	0.0458	0.0489	0.0004	0.0000	0.0000	0.0000	
1	13	0.1811	4	0	1	0	2	0	0	0	0	N	N	N	Y	N	N	N	N	N	N	N	N	0.0000	0.0000	0.0000	0.0000	0.0000	0.0000	0.0000	0.0000	0.0000	0.0000	0.0000	0.0000	0.0000	0.0000	0.0000	0.0000	0.0000	0.0000	0.0000	0.0000	1.1236	0.0000	2.8233	0.0000	0.0000	0.0000	0.0000	0.0000	0.0000	0.0000	0.0000	0.0000	0.0000	0.0000	0.0000	0.0000	0.0000	0.0000	0.0000	0.0000	0.0000	0.0000	0.0000	0.0000	0.0000	0.0000	0.0000	0.0000	0.0000	0.0000	0.0000	0.0000	0.0000	0.0000	0.0000	0.0000	0.0000	0.0000	0.0000	0.0000	0.0000	0.0000	0.0000	0.0000	0.0000	0.0000	0.0000	0.0000	0.0000	0.0000	0.0000	0.0000	0.0000	0.0000	0.0000	0.0000	0.0000	0.0000											
1	14	0.1341	3	1	1	0	1	0	0	0	0	N	N	N	N	N	N	N	N	N	N	N	N	439.4396	172.3520	0.0000	207.3398	217.6005	0.0000	0.0006	0.0000	0.0000	0.9608	1.1172	0.0000	3.2258	3.5871	0.0000	0.0000	0.0000	0.0000	0.0022	0.0065	0.0001	0.0156	0.0165	0.0005	0.0000	0.0011	0.0001	0.0000	0.0204	-0.0455	-0.0002	1.1236	3.0234	2.8233	1.0170	0.1181	0.1181	0.0000	0.1181	0.1181	0.0000	0.0000	0.0000	0.0000	0.0003	0.0003	0.0000	0.0003	0.0003	0.0000	0.0000	0.0000	0.0000	0.1229	0.1057	0.0172	0.0366	0.0329	0.0037	0.0863	0.0728	0.0135	0.1330	0.0440	0.0890	0.0183	0.0173	0.0011	0.1146	0.0267	0.0880	439.4396	172.3520	0.0000	207.3398	217.6005	0.0000	0.0006	0.0293	0.0000	0.0022	0.0065	0.0001	0.0156	0.0165	0.0005	0.0000	0.0000	0.0001
1	15	0.0963	2	0	1	0	1	0	0	0	0	N	N	N	N	N	N	N	N	N	N	N	N	27.0470	9.0524	0.0000	0.3092	0.3272	0.0000	527135.7106	inf	0.0000	0.0228	0.0266	0.0000	0.0022	0.0025	0.0000	0.0280	0.0330	0.0000	0.0008	0.0029	0.0000	0.0073	0.0077	0.0006	0.0000	0.0000	0.0000	0.0000	0.0049	-0.0014	-0.0001	1.1236	4.0000	2.8233	3.0006	0.0035	0.0035	0.0000	0.0001	0.0001	0.0000	0.0034	0.0034	0.0000	0.0002	0.0002	0.0000	0.0002	0.0002	0.0000	0.0000	0.0000	0.0000	0.1539	0.1319	0.0220	0.0311	0.0277	0.0034	0.1228	0.1042	0.0186	0.2383	0.0680	0.1703	0.0276	0.0259	0.0017	0.2107	0.0421	0.1686	27.0470	9.0524	0.0000	0.3092	0.3272	0.0000	527135.7106	inf	0.0000	0.0008	0.0029	0.0000	0.0073	0.0077	0.0006	0.0000	0.0000	0.0000
1	16	0.1531	4	0	0	0	2	0	0	0	0	N	N	N	Y	N	N	N	N	N	N	N	N	1.1224	0.0000	2.2460	0.0326	0.0000	128.7089	0.9136	0.0000	1.7390	8.3636	0.0000	59.4250	0.0200	0.0000	0.3926	9.2534	0.0000	61.5557	7.4517	10.8278	26.4581	0.6129	1.2397	0.0030	10.1286	18.6304	35.3979	inf	1.2256	0.6140	-0.2131	1.1236	2.9121	2.8233	3.0117	0.9992	0.0000	0.9992	0.0002	0.0000	0.0002	0.9989	0.0000	0.9989	1.7547	0.7884	0.9663	0.0406	0.0405	0.0001	1.7141	0.7479	0.9662	0.1195	0.1026	0.0168	0.0115	0.0109	0.0006	0.1080	0.0917	0.0162	0.2355	0.0728	0.1627	0.0662	0.0327	0.0336	0.1692	0.0401	0.1291	1.1224	0.0000	10.0035	0.0326	0.0000	128.7089	0.9136	0.0000	8.2243	7.4517	10.8278	5.9404	0.6129	1.2397	0.0030	10.1286	18.6304	7.4846
1	17	0.1285	3	0	0	0	2	0	0	0	0	N	N	N	Y	N	N	N	N	N	N	N	N	0.1359	0.0390	0.5593	0.0007	0.0001	0.0039	0.1445	0.0020	0.6764	0.0221	0.0057	0.1233	0.0001	0.0000	0.0025	0.0254	0.0066	0.1274	0.1626	0.1450	0.2205	0.1326	0.0563	0.6221	0.1757	3.3232	0.1883	3.5386	3.0323	0.0001	0.0029	1.1236	0.1693	2.8233	3.5362	0.0002	0.0000	0.0001	0.0000	0.0000	0.0000	0.0002	0.0000	0.0001	0.0365	0.0091	0.0275	0.0091	0.0033	0.0058	0.0275	0.0057	0.0217	0.0082	0.0071	0.0011	0.0011	0.0010	0.0000	0.0071	0.0060	0.0011	0.2248	0.1002	0.1246	0.0685	0.0593	0.0092	0.1563	0.0409	0.1154	0.1359	0.0625	0.5593	0.0007	0.0001	0.0039	0.1445	0.0473	0.6764	0.1626	0.0905	0.2205	0.1326	0.0563	0.6221	0.1757	0.1400	0.1883
1	18	0.0963	2	1	0	1	1	0	0	0	0	N	N	N	N	N	N	N	N	N	N	N	N	525.0188	0.0000	inf	0.0679	0.0000	inf	inf	inf	1.9567	0.0000	16.1536	0.0019	0.0000	0.0217	2.4443	0.0000	18.8111	0.0037	0.0114	0.0000	0.0274	0.0294	0.0000	0.0000	0.0000	0.0000	inf	0.0000	0.6141	-0.0013	1.1236	18.0000	2.8233	5.9994	0.9993	0.0000	0.9993	0.0002	0.0000	0.0002	0.9991	0.0000	0.9991	0.0020	0.0020	0.0000	0.0020	0.0020	0.0000	0.0000	0.0000	0.0000	0.5107	0.4488	0.0619	0.1019	0.0932	0.0087	0.4088	0.3556	0.0531	0.5256	0.1713	0.3543	0.0714	0.0666	0.0048	0.4542	0.1047	0.3495	525.0188	0.0000	inf	0.0679	0.0000	inf	inf	0.0000	inf	0.0037	0.0114	0.0000	0.0274	0.0294	0.0000	0.0000	0.0000	0.0000	
1	19	0.1641	3	0	1	0	1	0	0	0	0	N	N	N	N	N	N	N	N	N	N	N	N	1.9995	0.0001	2.5936	3.2489	0.0002	378777.7145	1.9208	0.0000	1.9832	12.9855	0.0000	87.8192	0.0213	0.0000	0.2041	17.3086	0.0000	106.5958	6.4943	0.0080	33.8598	0.0066	0.0124	0.0000	9.0114	0.0538	53.7504	28451579.9430	2582.7798	0.6137	0.3111	1.1236	2.0070	2.8233	1.9996	0.9987	0.0000	0.9987	0.0004	0.0000	0.0004	0.9982	0.0000	0.9982	0.9500	0.0004	0.9496	0.0003	0.0003	0.0000	0.9497	0.0000	0.9496	0.0769	0.0655	0.0114	0.0192	0.0172	0.0020	0.0577	0.0483	0.0094	0.1580	0.0460	0.1120	0.0526	0.0279	0.0247	0.1054	0.0180	0.0873	2.1596	0.0001	10.3589	3.2489	0.0002	378777.7145	1.9208	0.0000	9.8035	6.0130	0.0080	8.4776	0.0066	0.0124	0.0000	9.0114	0.0013	10.8732
1	20	0.0963	2	0	1	0	1	0	0	0	0	N	N	N	N	N	N	N	N	N	N	N	N	0.0000	0.0000	0.0000	0.0000	0.0000	0.0000	0.0000	0.0000	0.0000	0.0000	0.0000	0.0000	0.0000	0.0000	0.0000	0.0000	0.0000	0.0000	0.0980	1.4120	0.0000	0.0088	0.0094	0.0004	0.1102	4.0052	0.0000	0.0000	0.0000	-0.0206	1.1236	9.0000	2.8233	1.0006	0.0000	0.0000	0.0000	0.0000	0.0000	0.0000	0.0000	0.0000	0.0000	0.0307	0.0307	0.0000	0.0003	0.0003	0.0000	0.0304	0.0303	0.0000	0.3077	0.2664	0.0412	0.0619	0.0557	0.0062	0.2457	0.2107	0.0350	0.3129	0.0917	0.2212	0.0374	0.0351	0.0024	0.2755	0.0566	0.2188	0.0000	0.0000	0.0000	0.0000	0.0000	0.0000	0.0000	0.0000	0.0000	0.0980	0.3345	0.0000	0.0088	0.0094	0.0004	0.1102	0.5358	0.0000	
1	21	0.1529	3	1	1	0	1	0	0	0	0	N	N	N	N	N	N	N	N	N	N	N	N	0.0021	0.0000	4.8949	0.0024	0.0001	4.5454	0.0010	0.0000	0.2949	0.0001	0.0000	0.0006	0.0002	0.0000	0.0029	0.0000	0.0000	0.0000	0.0399	0.1215	0.0001	0.0919	0.0936	0.0006	0.0056	0.9928	0.0001	27.8789	0.0017	0.0000	-0.0032	1.1236	0.9600	2.8233	1.3160	0.0000	0.0000	0.0000	0.0000	0.0000	0.0000	0.0000	0.0000	0.0000	0.0048	0.0048	0.0000	0.0047	0.0047	0.0000	0.0002	0.0002	0.0000	0.0511	0.0447	0.0064	0.0181	0.0168	0.0014	0.0330	0.0279	0.0051	0.1212	0.0589	0.0623	0.0508	0.0499	0.0009	0.0704	0.0090	0.0614	0.0021	0.0000	4.8949	0.0024	0.0001	4.5454	0.0024	0.0000	0.2949	0.0399	0.0820	0.0001	0.0919	0.0936	0.0006	0.0024	0.0177	0.0001
1	22	0.1787	4	0	1	0	1	0	0	0	0	N	N	N	N	N	N	N	N	N	N	N	N	0.0000	0.0000	0.0000	0.0000	0.0000	0.0000	0.0000	0.0000	0.0000	0.0000	0.0000	0.0000	0.0000	0.0000	0.0000	0.0000	0.0000	0.0000	0.0000	0.0000	1.1236	0.0000	2.8233	0.0000	0.0000	0.0000	0.0000	0.0000	0.0000	0.0000	0.0000	0.0000	0.0000	0.0000	0.0000	0.0000	0.0000	0.0000	0.0000	0.0000	0.0000	0.0000	0.0000	0.0000	0.0000	0.0000	0.0000	0.0000	0.0000	0.0000	0.0000	0.0000	0.0000	0.0000	0.0000	0.0000	0.0000	0.0000	0.0000	0.0000	0.0000	0.0000	0.0000	0.0000	0.0000	0.0000	0.0000	0.0000	0.0000	0.0000	0.0000	0.0000	0.0000	0.0000	0.0000	0.0000	0.0000	0.0000											
1	23	0.0963	2	1	1	0	1	0	0	0	0	N	N	N	N	N	N	N	N	N	N	N	N	0.1628	0.8270	0.1784	0.1071	0.1779	0.9574	0.0160	0.0000	0.1147	0.0016	0.0000	0.0149	0.0196	0.0000	0.1328	0.0980	0.0000	0.1387	0.0088	0.0000	0.1393	0.1102	0.0000	0.1387	inf	inf	0.0022	0.0101	1.1236	6.0000	2.8233	4.0006	0.0035	0.0000	0.0035	0.0001	0.0000	0.0001	0.0034	0.0000	0.0034	0.0307	0.0000	0.0307	0.0003	0.0000	0.0003	0.0304	0.0000	0.0304	0.2199	0.1893	0.0306	0.0444	0.0397	0.0047	0.1755	0.1496	0.0259	0.3129	0.0917	0.2212	0.0374	0.0351	0.0024	0.2755	0.0566	0.2188	0.1628	0.0000	0.8270	0.1784	0.0000	0.1071	0.1779	0.0000	0.9574	0.0980	0.0000	0.1387	0.0088	0.0000	0.1393	0.1102	0.0000	0.1387			
1	24	0.0963	2	0	1	0	1	0	0	0	0	N	N	N	N	N	N	N	N	N	N	N	N	1.0852	0.3679	0.0232	0.0244	inf	inf	0.0125	0.0146	0.0000	0.0022	0.0025	0.0000	0.0151	0.0178	0.0000	0.0115	0.0396	0.0000	0.0971	0.1036	0.0000	0.0000	0.0000	0.0000	0.0000	0.0000	-0.0007	-0.0022	1.1236	4.0000	2.8233	4.9994	0.0019	0.0019	0.0000	0.0001	0.0001	0.0000	0.0019	0.0019	0.0000	0.0033	0.0033	0.0000	0.0033	0.0033	0.0000	0.0000	0.0000	0.0000	0.1539	0.1319	0.0220	0.0311	0.0277	0.0034	0.1228	0.1042	0.0186	0.2895	0.0841	0.2054	0.0343	0.0321	0.0022	0.2553	0.0520	0.2033	1.0852	0.3679	0.0000	0.0232	0.0244	0.0000	inf	inf	0.0000	0.0115	0.0396	0.0000	0.0971	0.1036	0.0000	0.0000	0.0000	0.0000			
1	27	0.0963	2	0	1	0	1	0	0	0	0	N	N	N	N	N	N	N	N	N	N	N	N	28.8045	inf	0.0000	16.9387	inf	0.0000	0.0000	0.0000	0.0001	0.0001	0.0000	0.0005	0.0006	0.0000	0.0000	0.0000	0.0000	0.0000	0.0000	0.0000	0.0000	0.0000	0.0005	0.0000	0.0000	0.0000	0.0000	inf	-0.0000	0.0000	1.1236	8.0000	2.8233	0.0006	0.0000	0.0000	0.0000	0.0000	0.0000	0.0000	0.0000	0.0000	0.0000	0.0000	0.0000	0.0000	0.0000	0.0000	0.0000	0.0000	0.0000	0.0000	0.2798	0.2418	0.0380	0.0564	0.0506	0.0058	0.2234	0.1912	0.0322	0.2647	0.0762	0.1885	0.0310	0.0291	0.0020	0.2337	0.0472	0.1865	28.8045	inf	0.0000	16.9387	inf	0.0000	0.0000	0.0000	0.0000	0.0000	0.0000	0.0000	0.0000	0.0000	0.0005	0.0000	0.0000	0.0000	
1	28	0.1720	3	1	1	0	1	0	0	0	0	N	N	N	N	N	N	N	N	N	N	N	N	0.0131	0.0066	0.0034	0.0014	0.0009	0.0000	0.4566	0.0036	0.0000	0.0001	0.0001	0.0000	0.0000	0.0000	0.0000	0.0001	0.0001	0.0000	0.0046	0.0099	0.0000	0.0091	0.0143	0.0000	0.0002	0.0322	0.0001	0.0002	0.0052	-0.0000	-0.0005	1.1236	2.9919	2.8233	1.1331	0.0000	0.0000	0.0000	0.0000	0.0000	0.0000	0.0000	0.0000	0.0000	0.0007	0.0007	0.0000	0.0007	0.0007	0.0000	0.0000	0.0000	0.0000	0.1142	0.1040	0.0102	0.0530	0.0505	0.0025	0.0612	0.0535	0.0077	0.1537	0.0704	0.0833	0.0751	0.0476	0.0275	0.0786	0.0228	0.0558	0.0131	0.0066	0.0034	0.0014	0.0009	0.0000	0.4566	0.1906	0.0000	0.0046	0.0099	0.0000	0.0091	0.0143	0.0000	0.0002	0.0006	0.0001
1	29	0.0963	2	0	0	0	1	0	0	0	0	N	N	N	N	N	N	N	N	N	N	N	N	2.2545	0.8955	0.0048	0.0361	0.0378	0.0346	3.8536	0.0687	0.0055	0.0186	0.0217	0.0000	0.0018	0.0021	0.0000	0.0229	0.0269	0.0000	0.0083	0.0242	0.0017	0.0510	0.0544	0.0000	0.0059	0.3910	0.0017	0.0001	0.1652	-0.0014	-0.0014	1.1236	5.0156	2.8233	4.8897	0.0035	0.0035	0.0000	0.0001	0.0001	0.0000	0.0034	0.0034	0.0000	0.0026	0.0022	0.0004	0.0019	0.0019	0.0000	0.0007	0.0003	0.0004	0.1882	0.1617	0.0265	0.0380	0.0339	0.0041	0.1502	0.1277	0.0224	0.3108	0.0910	0.2198	0.0372	0.0348	0.0024	0.2736	0.0562	0.2174	2.2545	0.8955	0.0048	0.0361	0.0378	0.0346	9.3023	4.8932	0.0055	0.0083	0.0242	0.0017	0.0510	0.0544	0.0000	0.0025	0.0055	0.0017
1	30	0.1094	3	0	1	0	2	0	0	0	0	N	N	N	Y	N	N	N	N	N	N	N	N	0.1496	0.0000	10.9976	0.0847	0.0000	139.5081	0.0023	0.0000	0.0139	0.0002	0.0000	0.0014	0.0010	0.0000	0.0213	0.0000	0.0000	0.0000	0.0012	0.0035	0.0001	0.0113	0.0120	0.0002	0.0001	0.0128	0.0001	inf	0.0773	0.0000	-0.0001	1.1236	3.9676	2.8233	1.0007	0.0000	0.0000	0.0000	0.0000	0.0000	0.0000	0.0000	0.0000	0.0000	0.0002	0.0002	0.0000	0.0002	0.0002	0.0000	0.0000	0.0000	0.0000	0.1622	0.1411	0.0211	0.0303	0.0290	0.0014	0.1319	0.1122	0.0197	0.1571	0.0493	0.1077	0.0152	0.0143	0.0010	0.1419	0.0351	0.1068	0.1496	0.0000	10.9976	0.0847	0.0000	139.5081	0.0023	0.0000	0.0139	0.0012	0.0035	0.0001	0.0113	0.0120	0.0002	0.0001	0.0001	0.0001
1	31	0.0963	2	1	1	0	1	0	0	0	0	N	N	N	N	N	N	N	N	N	N	N	N	0.0000	0.0000	0.0000	0.0000	0.0000	0.0000	0.0000	0.0000	0.0000	0.0000	0.0000	0.0000	0.0000	0.0001	0.0003	0.0000	0.0006	0.0007	0.0000	0.0000	0.0000	0.0000	0.0000	0.0000	-0.0000	1.1236	5.0000	2.8233	3.0000	0.0000	0.0000	0.0000	0.0000	0.0000	0.0000	0.0000	0.0000	0.0000	0.0000	0.0000	0.0000	0.0000	0.0000	0.0000	0.0000	0.0000	0.0000	0.1877	0.1612	0.0265	0.0379	0.0338	0.0041	0.1498	0.1274	0.0224	0.2647	0.0762	0.1885	0.0310	0.0291	0.0019	0.2337	0.0472	0.1865	0.0000	0.0000	0.0000	0.0000	0.0000	0.0000	0.0000	0.0000	0.0000	0.0001	0.0003	0.0000	0.0006	0.0007	0.0000	0.0000	0.0000	0.0000						
1	32	0.1384	3	0	0	1	1	0	0	0	0	N	N	N	N	N	N	N	N	N	N	N	N	0.0743	0.0000	0.2690	0.0031	0.0000	0.4249	0.0531	0.0000	0.2634	0.0003	0.0000	0.0010	0.0000	0.0000	0.0044	0.0004	0.0000	0.0009	0.0034	0.0030	0.0036	0.0089	0.0088	0.0104	0.0077	0.0154	0.0036	inf	3.2007	0.0000	0.0000	1.1236	0.0319	2.8233	1.0050	0.0000	0.0000	0.0000	0.0000	0.0000	0.0000	0.0000	0.0000	0.0000	0.0001	0.0000	0.0001	0.0000	0.0000	0.0000	0.0001	0.0000	0.0001	0.0055	0.0041	0.0014	0.0022	0.0022	0.0000	0.0033	0.0018	0.0014	0.0432	0.0120	0.0313	0.0042	0.0039	0.0002	0.0391	0.0080	0.0311	0.0743	0.0000	0.2690	0.0031	0.0000	0.4249	0.1438	0.0000	0.2634	0.0034	0.0030	0.0036	0.0089	0.0088	0.0104	0.0029	0.0001	0.0036
1	33	0.1094	4	0	1	0	1	0	0	0	0	N	N	N	N	N	N	N	N	N	N	N	N	0.0000	inf	0.0000	0.0000	inf	0.0000	0.0000	inf	0.0000	0.0004	0.0003	0.0022	0.0006	0.0006	0.0000	0.0003	0.0001	0.0023	22.3119	0.0000	113.3962	180.4688	0.0000	191.3722	23.4045	0.0000	77.8831	0.3861	inf	-0.0000	0.2602	1.1236	0.0023	2.8233	1.0003	0.0000	0.0000	0.0000	0.0000	0.0000	0.0000	0.0000	0.0000	0.0000	0.7938	0.0000	0.7938	0.0404	0.0000	0.0404	0.7534	0.0000	0.7534	0.0003	0.0003	0.0000	0.0001	0.0001	0.0000	0.0002	0.0002	0.0000	0.0356	0.0109	0.0247	0.0034	0.0032	0.0002	0.0322	0.0077	0.0245	0.0000	inf	0.0001	0.0000	inf	0.0000	0.0000	inf	0.0001	22.3119	0.0000	32.1525	11.9285	0.0000	191.3722	23.4045	0.0000	30.7791
1	34	0.0963	2	1	0	1	1	0	0	0	0	N	N	N	N	N	N	N	N	N	N	N	N	0.0000	0.0000	0.0000	0.0000	0.0000	0.0000	0.0000	0.0000	0.0000	0.0000	0.0000	0.0000	0.0000	0.0000	0.0000	0.0000	0.0000	0.0000	4.9079	13.0042	0.0000	0.0352	0.0375	0.0005	5.4232	20.9940	0.0000	0.0000	0.0000	-0.6664	1.1236	3.0000	2.8233	5.0006	0.0000	0.0000	0.0000	0.0000	0.0000	0.0000	0.0000	0.0000	0.0000	0.9915	0.9915	0.0000	0.0011	0.0011	0.0000	0.9904	0.9904	0.0000	0.1183	0.1012	0.0172	0.0239	0.0213	0.0027	0.0944	0.0799	0.0145	0.2647	0.0762	0.1885	0.0310	0.0291	0.0020	0.2337	0.0472	0.1865	0.0000	0.0000	0.0000	0.0000	0.0000	0.0000	0.0000	0.0000	0.0000	3.7452	13.0042	0.0000	0.0352	0.0375	0.0005	4.2376	20.9940	0.0000	
1	35	0.0963	2	0	1	0	2	0	0	0	0	N	N	N	Y	N	N	N	N	N	N	N	N	6.0556	inf	0.8658	305.6984	inf	0.1002	0.1920	1.0063	1.0299	1.1698	0.2046	4.9462	5.5645	0.0262	0.0364	0.0000	0.2376	0.1701	0.0000	0.2363	0.0162	0.0000	0.2613	0.1898	0.0000	0.2361	0.0297	inf	-0.0435	0.0101	1.1236	3.0000	2.8233	2.0006	0.1219	0.1184	0.0035	0.1184	0.1184	0.0001	0.0034	0.0000	0.0034	0.0307	0.0000	0.0307	0.0003	0.0000	0.0003	0.0304	0.0000	0.0304	0.1183	0.1012	0.0172	0.0239	0.0213	0.0027	0.0944	0.0799	0.0145	0.1804	0.0506	0.1298	0.0205	0.0192	0.0013	0.1599	0.0314	0.1286	6.0556	inf	0.8658	305.6984	inf	0.1002	0.1920	0.0000	1.0063	0.1701	0.0000	0.2363	0.0162	0.0000	0.2613	0.1898	0.0000	0.2361	
1	36	0.0963	2	1	0	1	1	0	0	0	0	N	N	N	N	N	N	N	N	N	N	N	N	0.9412	0.0000	2.5133	0.0851	0.0000	123.8110	1.0543	0.0000	3.3206	6.4938	0.0000	45.4234	0.0061	0.0000	0.0557	8.1381	0.0000	53.7504	6.8995	11.8008	18.0732	0.0718	0.0766	0.0004	7.7192	19.0426	16.1871	inf	0.9795	0.6141	-0.3485	1.1236	4.0000	2.8233	5.0006	0.9993	0.0000	0.9993	0.0002	0.0000	0.0002	0.9991	0.0000	0.9991	1.9654	0.9929	0.9725	0.0025	0.0025	0.0000	1.9629	0.9904	0.9725	0.1539	0.1319	0.0220	0.0311	0.0277	0.0034	0.1228	0.1042	0.0186	0.2896	0.0841	0.2054	0.0343	0.0321	0.0022	0.2553	0.0520	0.2033	0.9568	0.0000	9.5957	0.0851	0.0000	123.8110	1.0584	0.0000	11.2350	6.7871	11.8008	4.7337	0.0718	0.0766	0.0004	7.6891	19.0426	4.7842
1	37	0.0963	2	1	0	1	1	0	0	0	0	N	N	N	N	N	N	N	N	N	N	N	N	1.7204	0.0000	2.2392	0.1395	0.0000	126.0411	1.7279	3.5546	8.4438	0.0000	58.2552	0.0079	0.0000	0.0711	10.5839	0.0000	68.9980	4.9081	0.0231	26.0162	0.0569	0.0606	0.0006	6.1254	0.0000	19.4109	inf	619.4274	0.6141	0.3178	1.1236	3.0000	2.8233	4.0006	0.9993	0.0000	0.9993	0.0002	0.0000	0.0002	0.9991	0.0000	0.9991	0.9741	0.0016	0.9725	0.0016	0.0016	0.0000	0.9725	0.0000	0.9725	0.1183	0.1012	0.0172	0.0239	0.0213	0.0027	0.0944	0.0799	0.0145	0.2383	0.0680	0.1703	0.0276	0.0259	0.0017	0.2107	0.0421	0.1686	2.0660	0.0000	10.2014	0.1395	0.0000	126.0411	2.2931	0.0000	11.9601	4.0871	0.0231	5.7105	0.0569	0.0606	0.0006	4.6155	0.0000	5.7690	
1	38	0.1094	4	0	0	1	1	0	0	0	0	N	N	N	N	N	N	N	N	N	N	N	N	0.0005	0.0001	0.0107	0.0002	0.0002	0.0000	0.0033	0.0000	0.0112	0.0000	0.0000	0.0000	0.0000	0.0000	0.0000	0.0000	0.0000	0.0000	0.0053	0.0160	0.0005	0.0508	0.0541	0.0007	0.0005	0.0252	0.0005	0.3861	0.0773	-0.0000	-0.0001	1.1236	1.0023	2.8233	0.0007	0.0000	0.0000	0.0000	0.0000	0.0000	0.0000	0.0000	0.0000	0.0000	0.0002	0.0002	0.0000	0.0002	0.0002	0.0000	0.0000	0.0000	0.0000	0.0440	0.0380	0.0060	0.0081	0.0077	0.0004	0.0359	0.0303	0.0056	0.0356	0.0109	0.0247	0.0034	0.0032	0.0002	0.0322	0.0077	0.0245	0.0005	0.0001	0.0107	0.0002	0.0002	0.0000	0.0033	0.0024	0.0112	0.0053	0.0160	0.0005	0.0508	0.0541	0.0007	0.0005	0.0003	0.0005
1	39	0.1094	3	0	0	0	1	0	0	0	0	N	N	N	N	N	N	N	N	N	N	N	N	0.0008	0.0002	0.0032	0.0008	0.0007	0.0125	0.0002	0.0000	0.0012	0.0003	0.0003	0.0004	0.0007	0.0006	0.0045	0.0000	0.0000	0.0002	0.3624	1.6698	0.1347	0.8470	0.8863	0.3611	0.1423	3.4854	0.1307	0.0921	0.5440	-0.0000	-0.0001	1.1236	0.0347	2.8233	0.0013	0.0000	0.0000	0.0000	0.0000	0.0000	0.0000	0.0000	0.0000	0.0000	0.0004	0.0002	0.0001	0.0002	0.0002	0.0000	0.0002	0.0001	0.0001	0.0043	0.0041	0.0002	0.0016	0.0016	0.0000	0.0026	0.0024	0.0002	0.0015	0.0005	0.0010	0.0002	0.0002	0.0000	0.0013	0.0003	0.0010	0.0011	0.0006	0.0032	0.0008	0.0007	0.0125	0.0002	0.0001	0.0012	0.2497	0.4661	0.1347	0.8470	0.8863	0.3611	0.1423	0.1785	0.1307
1	40	0.0963	2	0	0	0	1	0	0	0	0	N	N	N	N	N	N	N	N	N	N	N	N	0.1504	3.0332	0.6738	0.1919	7.1270	0.0772	0.1647	0.0638	0.7825	0.0259	0.0034	0.1607	0.0032	0.0011	0.0207	0.0316	0.0040	0.1864	0.1719	0.0011	0.2384	0.0167	0.0001	0.2676	0.1918	0.0621	0.2382	7.9958	554.0052	0.0020	0.0101	1.1236	3.9674	2.8233	1.0003	0.0039	0.0004	0.0035	0.0001	0.0000	0.0001	0.0038	0.0004	0.0034	0.0308	0.0001	0.0308	0.0003	0.0000	0.0003	0.0305	0.0001	0.0304	0.1528	0.1309	0.0218	0.0309	0.0275	0.0034	0.1219	0.1034	0.0185	0.1794	0.0503	0.1291	0.0203	0.0191	0.0013	0.1590	0.0312	0.1279	0.1504	3.0332	0.6738	0.1919	7.1270	0.0772	0.1647	2.3443	0.7825	0.1719	0.0011	0.2384	0.0167	0.0001	0.2676	0.1918	0.0017	0.2382
1	41	0.1494	4	0	1	0	1	0	0	0	0	N	N	N	N	N	N	N	N	N	N	N	N	0.0000	0.0000	0.0000	0.0000	0.0000	0.0000	0.0000	0.0000	0.0000	0.0000	0.0000	0.0000	0.0000	0.0000	0.0000	0.0000	0.0000	0.0000	0.0003	0.0008	0.0000	0.0024	0.0026	0.0001	0.0000	0.0083	0.0000	0.1379	0.0000	-0.0000	1.1236	1.0144	2.8233	1.0128	0.0000	0.0000	0.0000	0.0000	0.0000	0.0000	0.0000	0.0000	0.0000	0.0000	0.0000	0.0000	0.0000	0.0000	0.0000	0.0000	0.0000	0.0000	0.0472	0.0416	0.0056	0.0107	0.0103	0.0004	0.0366	0.0314	0.0052	0.0802	0.0217	0.0585	0.0071	0.0067	0.0004	0.0731	0.0150	0.0581	0.0000	0.0000	0.0000	0.0000	0.0000	0.0000	0.0000	0.0000	0.0000	0.0003	0.0008	0.0000	0.0024	0.0026	0.0001	0.0000	0.0000	0.0000	
1	42	0.0963	2	1	1	1	1	0	0	0	0	N	N	N	N	N	N	N	N	N	N	N	N	0.0000	0.0000	0.0000	0.0000	0.0000	0.0000	0.0000	0.0000	0.0000	0.0000	0.0000	0.0000	0.0000	0.0093	0.0329	0.0000	0.0813	0.0867	0.0000	0.0000	0.0000	0.0000	0.0000	0.0000	-0.0013	1.1236	3.0000	2.8233	2.9994	0.0000	0.0000	0.0000	0.0000	0.0000	0.0000	0.0000	0.0000	0.0000	0.0020	0.0020	0.0000	0.0020	0.0020	0.0000	0.0000	0.0000	0.0000	0.1183	0.1012	0.0172	0.0239	0.0213	0.0027	0.0944	0.0799	0.0145	0.2102	0.0595	0.1508	0.0241	0.0226	0.0015	0.1861	0.0369	0.1493	0.0000	0.0000	0.0000	0.0000	0.0000	0.0000	0.0000	0.0000	0.0000	0.0093	0.0329	0.0000	0.0813	0.0867	0.0000	0.0000	0.0000	0.0000						
1	43	0.0963	2	1	1	1	1	0	0	0	0	N	N	N	N	N	N	N	N	N	N	N	N	1.4379	0.0000	2.3773	0.1069	0.0000	inf	1.6773	2.9524	6.4938	0.0000	45.4234	0.0061	0.0000	0.0557	8.1381	0.0000	53.7504	4.5160	0.0233	19.1068	0.0571	0.0610	0.0000	4.8520	0.0000	18.2058	inf	496.4231	0.6141	0.3175	1.1236	4.0000	2.8233	4.9994	0.9993	0.0000	0.9993	0.0002	0.0000	0.0002	0.9991	0.0000	0.9991	0.9745	0.0020	0.9725	0.0020	0.0020	0.0000	0.9725	0.0000	0.9725	0.1539	0.1319	0.0220	0.0311	0.0277	0.0034	0.1228	0.1042	0.0186	0.2895	0.0841	0.2054	0.0343	0.0321	0.0022	0.2553	0.0520	0.2033	1.9295	0.0000	9.5948	0.1069	0.0000	inf	2.1361	0.0000	11.2340	3.3655	0.0233	4.7342	0.0571	0.0610	0.0000	3.8098	0.0000	4.7846	
1	44	0.2339	3	1	1	0	1	0	0	0	0	N	N	N	N	N	N	N	N	N	N	N	N	0.0000	0.0000	0.0000	0.0000	0.0000	0.0000	0.0000	0.0000	0.0000	0.0000	0.0000	0.0000	0.0000	0.0000	0.0000	0.0000	0.0000	0.0000	0.0000	0.0000	1.1236	2.0000	2.8233	1.0000	0.0000	0.0000	0.0000	0.0000	0.0000	0.0000	0.0000	0.0000	0.0000	0.0000	0.0000	0.0000	0.0000	0.0000	0.0000	0.0000	0.0000	0.0000	0.0744	0.0637	0.0107	0.0111	0.0103	0.0008	0.0633	0.0534	0.0099	0.0961	0.0404	0.0557	0.0262	0.0205	0.0057	0.0699	0.0199	0.0500	0.0000	0.0000	0.0000	0.0000	0.0000	0.0000	0.0000	0.0000	0.0000	0.0000	0.0000	0.0000	0.0000	0.0000	0.0000	0.0000	0.0000	0.0000											
1	45	0.1615	4	0	1	0	2	0	0	0	0	N	N	N	Y	N	N	N	N	N	N	N	N	0.0000	0.0000	0.0000	0.0000	0.0000	0.0000	0.0000	0.0000	0.0000	0.0000	0.0000	0.0000	0.0000	0.0000	0.0000	0.0000	0.0000	0.0000	0.0000	0.0000	1.1236	1.0000	2.8233	0.0000	0.0000	0.0000	0.0000	0.0000	0.0000	0.0000	0.0000	0.0000	0.0000	0.0000	0.0000	0.0000	0.0000	0.0000	0.0000	0.0000	0.0000	0.0000	0.0430	0.0369	0.0062	0.0046	0.0044	0.0002	0.0384	0.0325	0.0059	0.0415	0.0115	0.0299	0.0060	0.0050	0.0011	0.0355	0.0066	0.0289	0.0000	0.0000	0.0000	0.0000	0.0000	0.0000	0.0000	0.0000	0.0000	0.0000	0.0000	0.0000	0.0000	0.0000	0.0000	0.0000	0.0000	0.0000											
1	46	0.1615	4	0	0	0	2	0	0	0	0	N	N	N	Y	N	N	N	N	N	N	N	N	0.0000	0.0000	0.0000	0.0000	0.0000	0.0000	0.0000	0.0000	0.0000	0.0000	0.0000	0.0000	0.0000	0.0000	0.0000	0.0000	0.0000	0.0000	0.0000	0.0000	1.1236	0.0000	2.8233	0.0000	0.0000	0.0000	0.0000	0.0000	0.0000	0.0000	0.0000	0.0000	0.0000	0.0000	0.0000	0.0000	0.0000	0.0000	0.0000	0.0000	0.0000	0.0000	0.0000	0.0000	0.0000	0.0000	0.0000	0.0000	0.0000	0.0000	0.0000	0.0000	0.0000	0.0000	0.0000	0.0000	0.0000	0.0000	0.0000	0.0000	0.0000	0.0000	0.0000	0.0000	0.0000	0.0000	0.0000	0.0000	0.0000	0.0000	0.0000	0.0000	0.0000	0.0000	0.0000	0.0000	0.0000	0.0000											
1	47	0.1285	3	0	0	0	2	0	0	0	0	N	N	N	Y	N	N	N	N	N	N	N	N	0.0002	0.0000	0.0988	0.0000	0.0000	0.0155	0.0003	0.0000	0.2022	0.0000	0.0000	0.0001	0.0000	0.0000	0.0002	0.0000	0.0000	0.0001	0.1133	1.2557	0.0013	0.2088	0.2399	0.0097	0.0731	3.5791	0.0006	inf	0.0063	0.0000	-0.0177	1.1236	2.0873	2.8233	1.9360	0.0000	0.0000	0.0000	0.0000	0.0000	0.0000	0.0000	0.0000	0.0000	0.0266	0.0264	0.0002	0.0145	0.0144	0.0001	0.0121	0.0120	0.0001	0.0879	0.0754	0.0125	0.0085	0.0081	0.0004	0.0793	0.0673	0.0120	0.2344	0.1026	0.1318	0.0694	0.0600	0.0094	0.1650	0.0426	0.1224	0.0002	0.0000	0.0988	0.0000	0.0000	0.0155	0.0003	0.0000	0.2022	0.1133	0.2572	0.0013	0.2088	0.2399	0.0097	0.0731	0.2815	0.0006
1	48	0.0963	2	0	0	0	2	0	0	0	0	N	N	N	Y	N	N	N	N	N	N	N	N	0.1969	0.0000	1.4636	0.1113	0.0000	0.1770	0.2189	0.0000	1.6989	0.0233	0.0000	0.1625	0.0023	0.0000	0.0209	0.0286	0.0000	0.1885	0.1181	0.7204	0.1110	0.0206	0.0142	0.1180	0.1305	3.5370	0.1109	97456.1250	2.1006	0.0022	0.0001	1.1236	3.9129	2.8233	0.7267	0.0035	0.0000	0.0035	0.0001	0.0000	0.0001	0.0034	0.0000	0.0034	0.0200	0.0064	0.0135	0.0004	0.0003	0.0001	0.0196	0.0062	0.0134	0.1509	0.1293	0.0216	0.0305	0.0272	0.0034	0.1204	0.1021	0.0182	0.1692	0.0473	0.1219	0.0191	0.0179	0.0012	0.1501	0.0293	0.1207	0.1969	0.0000	1.4636	0.1113	0.0000	0.1770	0.2189	0.0000	1.6989	0.1181	0.1363	0.1110	0.0206	0.0142	0.1180	0.1305	0.2109	0.1109
1	49	0.0963	2	0	1	1	1	0	0	0	0	N	N	N	N	N	N	N	N	N	N	N	N	0.0272	0.0093	0.0000	0.0161	0.0169	0.0000	0.0000	0.0000	0.0001	0.0002	0.0000	0.0007	0.0008	0.0000	0.0000	0.0000	0.0000	0.0050	0.0171	0.0000	0.0420	0.0448	0.0004	0.0000	0.0000	0.0000	0.0000	0.0006	-0.0000	-0.0011	1.1236	6.0000	2.8233	4.0006	0.0000	0.0000	0.0000	0.0000	0.0000	0.0000	0.0000	0.0000	0.0000	0.0016	0.0016	0.0000	0.0016	0.0016	0.0000	0.0000	0.0000	0.0000	0.2199	0.1893	0.0306	0.0444	0.0397	0.0047	0.1755	0.1496	0.0259	0.3129	0.0917	0.2212	0.0374	0.0351	0.0024	0.2755	0.0566	0.2188	0.0272	0.0093	0.0000	0.0161	0.0169	0.0000	0.0000	0.0000	0.0000	0.0050	0.0171	0.0000	0.0420	0.0448	0.0004	0.0000	0.0000	0.0000	
1	50	0.0963	2	1	0	1	1	0	0	0	0	N	N	N	N	N	N	N	N	N	N	N	N	99.2467	33.5194	0.0000	58.2164	61.0271	0.0000	0.0000	0.0000	0.5384	0.6255	0.0000	2.6670	2.9825	0.0000	0.0000	0.0000	0.0000	0.0054	0.0187	0.0000	0.0458	0.0489	0.0004	0.0000	0.0000	0.0000	0.0000	0.0006	-0.0456	-0.0011	1.1236	6.0000	2.8233	3.0006	0.1184	0.1184	0.0000	0.1184	0.1184	0.0000	0.0000	0.0000	0.0000	0.0016	0.0016	0.0000	0.0016	0.0016	0.0000	0.0000	0.0000	0.0000	0.2199	0.1893	0.0306	0.0444	0.0397	0.0047	0.1755	0.1496	0.0259	0.2896	0.0841	0.2054	0.0343	0.0321	0.0022	0.2553	0.0520	0.2033	99.2467	33.5194	0.0000	58.2164	61.0271	0.0000	0.0000	0.0000	0.0000	0.0054	0.0187	0.0000	0.0458	0.0489	0.0004	0.0000	0.0000	0.0000	
1	51	0.1341	3	1	1	0	1	0	0	0	0	N	N	N	N	N	N	N	N	N	N	N	N	2.1416	0.0015	684.1197	0.9750	0.0019	256.8097	0.0007	0.0000	0.0039	0.0068	0.0000	0.0475	0.0220	0.0000	0.2054	0.0000	0.0000	0.0000	0.0032	0.0095	0.0001	0.0225	0.0239	0.0008	0.0001	0.0219	0.0001	552.4814	0.0147	0.0002	-0.0003	1.1236	1.0314	2.8233	3.0033	0.0003	0.0000	0.0003	0.0003	0.0000	0.0003	0.0000	0.0000	0.0000	0.0004	0.0004	0.0000	0.0004	0.0004	0.0000	0.0000	0.0000	0.0000	0.0463	0.0396	0.0067	0.0144	0.0129	0.0015	0.0319	0.0267	0.0051	0.1328	0.0439	0.0889	0.0183	0.0173	0.0011	0.1145	0.0266	0.0878	2.1416	0.0015	684.1197	0.9750	0.0019	256.8097	0.0007	0.0002	0.0039	0.0032	0.0095	0.0001	0.0225	0.0239	0.0008	0.0001	0.0002	0.0001
1	52	0.0963	2	1	1	0	1	0	0	0	0	N	N	N	N	N	N	N	N	N	N	N	N	0.8081	0.6477	0.0000	12.5644	14.1501	0.0000	0.0000	0.0000	0.0000	0.0018	0.0022	0.0000	0.0091	0.0102	0.0000	0.0000	0.0000	0.0000	0.0023	0.0033	0.0019	0.0007	0.0007	0.0008	0.0061	0.2157	0.0019	0.0000	1.4550	-0.0001	-0.0000	1.1236	4.9791	2.8233	0.0710	0.0003	0.0003	0.0000	0.0003	0.0003	0.0000	0.0000	0.0000	0.0000	0.0004	0.0002	0.0002	0.0000	0.0000	0.0000	0.0004	0.0002	0.0002	0.1870	0.1606	0.0264	0.0378	0.0337	0.0041	0.1492	0.1269	0.0223	0.1819	0.0510	0.1309	0.0206	0.0194	0.0013	0.1613	0.0317	0.1296	0.8081	0.6477	0.0000	12.5644	14.1501	0.0000	0.0001	0.0001	0.0000	0.0023	0.0033	0.0019	0.0007	0.0007	0.0008	0.0025	0.0049	0.0019
1	53	0.0963	2	0	1	0	1	0	0	0	0	N	N	N	N	N	N	N	N	N	N	N	N	0.0272	0.0093	0.0000	0.0161	0.0169	0.0000	0.0000	0.0000	0.0001	0.0002	0.0000	0.0007	0.0008	0.0000	0.0000	0.0000	0.0000	0.0050	0.0171	0.0000	0.0420	0.0448	0.0004	0.0000	0.0000	0.0000	0.0000	0.0006	-0.0000	-0.0011	1.1236	6.0000	2.8233	4.0006	0.0000	0.0000	0.0000	0.0000	0.0000	0.0000	0.0000	0.0000	0.0000	0.0016	0.0016	0.0000	0.0016	0.0016	0.0000	0.0000	0.0000	0.0000	0.2199	0.1893	0.0306	0.0444	0.0397	0.0047	0.1755	0.1496	0.0259	0.3129	0.0917	0.2212	0.0374	0.0351	0.0024	0.2755	0.0566	0.2188	0.0272	0.0093	0.0000	0.0161	0.0169	0.0000	0.0000	0.0000	0.0000	0.0050	0.0171	0.0000	0.0420	0.0448	0.0004	0.0000	0.0000	0.0000	
1	54	0.1494	4	0	0	1	1	0	0	0	0	N	N	N	N	N	N	N	N	N	N	N	N	0.0000	0.0000	0.0000	0.0000	0.0000	0.0000	0.0000	0.0000	0.0000	0.0000	0.0000	0.0000	0.0000	0.0000	0.0000	0.0000	0.0000	0.0000	0.0007	0.0025	0.0001	0.0073	0.0078	0.0001	0.0001	0.0112	0.0001	0.0841	0.0000	-0.0000	1.1236	0.0147	2.8233	0.9910	0.0000	0.0000	0.0000	0.0000	0.0000	0.0000	0.0000	0.0000	0.0000	0.0000	0.0000	0.0000	0.0000	0.0000	0.0000	0.0000	0.0000	0.0000	0.0025	0.0019	0.0007	0.0011	0.0011	0.0000	0.0015	0.0008	0.0006	0.0413	0.0111	0.0302	0.0037	0.0035	0.0002	0.0376	0.0076	0.0300	0.0000	0.0000	0.0000	0.0000	0.0000	0.0000	0.0000	0.0000	0.0000	0.0007	0.0025	0.0001	0.0073	0.0078	0.0001	0.0001	0.0000	0.0001	
1	55	0.1384	3	0	0	0	1	0	0	0	0	N	N	N	N	N	N	N	N	N	N	N	N	0.0141	0.0000	0.0922	0.0014	0.0000	0.0367	0.0095	0.0000	0.0932	0.0000	0.0000	0.0002	0.0000	0.0000	0.0002	0.0000	0.0000	0.0002	0.0021	0.0021	0.0021	0.0055	0.0055	0.0056	0.0036	0.0293	0.0021	inf	2.6873	0.0000	0.0000	1.1236	0.9556	2.8233	1.0192	0.0000	0.0000	0.0000	0.0000	0.0000	0.0000	0.0000	0.0000	0.0000	0.0002	0.0000	0.0001	0.0000	0.0000	0.0000	0.0001	0.0000	0.0001	0.0468	0.0397	0.0071	0.0080	0.0077	0.0003	0.0388	0.0320	0.0068	0.0790	0.0216	0.0573	0.0072	0.0068	0.0004	0.0717	0.0148	0.0569	0.0141	0.0000	0.0922	0.0014	0.0000	0.0367	0.0193	0.0000	0.0932	0.0021	0.0021	0.0021	0.0055	0.0055	0.0056	0.0018	0.0006	0.0021
1	56	0.0963	2	0	0	0	1	0	0	0	0	N	N	N	N	N	N	N	N	N	N	N	N	0.2028	0.0007	1.0045	0.2058	0.0000	0.1187	0.2231	0.0000	1.1672	0.0294	0.0000	0.2027	0.0029	0.0000	0.0259	0.0361	0.0000	0.2353	0.1448	0.0005	0.2018	0.0141	0.0005	0.2184	0.1618	0.0269	0.2016	99960.0000	1108.4077	0.0022	0.0100	1.1236	3.0309	2.8233	3.0097	0.0035	0.0000	0.0035	0.0001	0.0000	0.0001	0.0034	0.0000	0.0034	0.0306	0.0000	0.0306	0.0003	0.0000	0.0003	0.0303	0.0000	0.0303	0.1195	0.1022	0.0173	0.0242	0.0215	0.0027	0.0953	0.0807	0.0146	0.2114	0.0598	0.1516	0.0242	0.0227	0.0015	0.1872	0.0371	0.1501	0.2028	0.0007	1.0045	0.2058	0.0000	0.1187	0.2231	0.0010	1.1672	0.1448	0.0005	0.2018	0.0141	0.0005	0.2184	0.1618	0.0004	0.2016
1	57	0.0963	2	0	0	0	1	0	0	0	0	N	N	N	N	N	N	N	N	N	N	N	N	0.1601	0.0534	0.0000	0.0907	0.0966	0.0000	0.0000	0.0000	0.0001	0.0001	0.0000	0.0004	0.0005	0.0000	0.0000	0.0000	0.0000	0.0005	0.0018	0.0000	0.0046	0.0049	0.0006	0.0000	0.0000	0.0000	0.0000	0.0090	-0.0000	-0.0001	1.1236	3.0000	2.8233	3.0006	0.0000	0.0000	0.0000	0.0000	0.0000	0.0000	0.0000	0.0000	0.0000	0.0001	0.0001	0.0000	0.0001	0.0001	0.0000	0.0000	0.0000	0.0000	0.1183	0.1012	0.0172	0.0239	0.0213	0.0027	0.0944	0.0799	0.0145	0.2102	0.0595	0.1508	0.0241	0.0226	0.0015	0.1861	0.0369	0.1493	0.1601	0.0534	0.0000	0.0907	0.0966	0.0000	0.0000	0.0000	0.0000	0.0005	0.0018	0.0000	0.0046	0.0049	0.0006	0.0000	0.0000	0.0000	
1	58	0.2419	4	0	0	0	1	0	0	0	0	N	N	N	N	N	N	N	N	N	N	N	N	0.0103	0.0009	0.0351	0.0090	0.0090	0.0752	0.0011	0.0000	0.0001	0.0009	0.0011	0.0000	0.0031	0.0034	0.0003	0.0000	0.0000	0.0000	0.0913	1.1702	0.0014	0.3487	0.3753	0.0035	0.0194	2.1688	0.0014	0.0066	0.0097	-0.0001	-0.0277	1.1236	10.2575	2.8233	3.8960	0.0004	0.0004	0.0000	0.0004	0.0004	0.0000	0.0000	0.0000	0.0000	0.0418	0.0414	0.0004	0.0375	0.0375	0.0000	0.0043	0.0040	0.0004	0.3881	0.3403	0.0477	0.1143	0.1053	0.0090	0.2737	0.2351	0.0387	0.4579	0.1751	0.2828	0.1075	0.0998	0.0077	0.3504	0.0753	0.2751	0.0103	0.0045	0.0351	0.0090	0.0090	0.0752	0.0017	0.0005	0.0001	0.0913	0.2365	0.0014	0.3487	0.3753	0.0035	0.0123	0.0525	0.0014
1	59	0.2159	3	1	1	1	1	0	0	0	0	N	N	N	N	N	N	N	N	N	N	N	N	0.0000	0.0000	0.0000	0.0000	0.0000	0.0000	0.0000	0.0000	0.0000	0.0000	0.0000	0.0000	0.0000	0.0000	0.0000	0.0000	0.0000	0.0000	0.0000	0.0000	1.1236	0.0000	2.8233	0.0000	0.0000	0.0000	0.0000	0.0000	0.0000	0.0000	0.0000	0.0000	0.0000	0.0000	0.0000	0.0000	0.0000	0.0000	0.0000	0.0000	0.0000	0.0000	0.0000	0.0000	0.0000	0.0000	0.0000	0.0000	0.0000	0.0000	0.0000	0.0000	0.0000	0.0000	0.0000	0.0000	0.0000	0.0000	0.0000	0.0000	0.0000	0.0000	0.0000	0.0000	0.0000	0.0000	0.0000	0.0000	0.0000	0.0000	0.0000	0.0000	0.0000	0.0000	0.0000	0.0000	0.0000	0.0000											
1	60	0.0963	2	1	0	1	1	0	0	0	0	N	N	N	N	N	N	N	N	N	N	N	N	0.0120	0.0041	0.0072	0.0075	0.0001	0.0001	0.0000	0.0006	0.0007	0.0000	0.0000	0.0000	0.0000	0.0099	0.0336	0.0000	0.0822	0.0878	0.0000	0.0000	0.0000	0.0000	0.0000	0.0000	-0.0000	-0.0022	1.1236	7.0000	2.8233	3.9994	0.0000	0.0000	0.0000	0.0000	0.0000	0.0000	0.0000	0.0000	0.0000	0.0033	0.0033	0.0000	0.0033	0.0033	0.0000	0.0000	0.0000	0.0000	0.2505	0.2161	0.0344	0.0505	0.0453	0.0052	0.2000	0.1708	0.0292	0.3349	0.0990	0.2359	0.0405	0.0379	0.0026	0.2944	0.0611	0.2333	0.0120	0.0041	0.0000	0.0072	0.0075	0.0000	0.0000	0.0000	0.0000	0.0099	0.0336	0.0000	0.0822	0.0878	0.0000	0.0000	0.0000	0.0000					
1	61	0.1788	3	1	0	1	1	0	0	0	0	N	N	N	N	N	N	N	N	N	N	N	N	0.0000	0.0000	0.0000	0.0000	0.0000	0.0000	0.0000	0.0000	0.0000	0.0000	0.0000	0.0000	0.0000	0.0000	0.0000	0.0000	0.0000	0.0000	0.0000	0.0000	1.1236	2.0000	2.8233	0.0000	0.0000	0.0000	0.0000	0.0000	0.0000	0.0000	0.0000	0.0000	0.0000	0.0000	0.0000	0.0000	0.0000	0.0000	0.0000	0.0000	0.0000	0.0000	0.0724	0.0618	0.0106	0.0213	0.0191	0.0022	0.0511	0.0426	0.0084	0.0559	0.0266	0.0293	0.0334	0.0199	0.0135	0.0225	0.0067	0.0158	0.0000	0.0000	0.0000	0.0000	0.0000	0.0000	0.0000	0.0000	0.0000	0.0000	0.0000	0.0000	0.0000	0.0000	0.0000	0.0000	0.0000	0.0000											
1	62	0.0963	2	1	0	1	1	0	0	0	0	N	N	N	N	N	N	N	N	N	N	N	N	0.0155	0.0052	0.0090	0.0095	0.0002	0.0002	0.0000	0.0010	0.0011	0.0000	0.0000	0.0000	0.0000	0.0126	0.0437	0.0000	0.1073	0.1145	0.0000	0.0000	0.0000	0.0000	0.0000	0.0000	-0.0000	-0.0022	1.1236	4.0000	2.8233	3.9994	0.0000	0.0000	0.0000	0.0000	0.0000	0.0000	0.0000	0.0000	0.0000	0.0033	0.0033	0.0000	0.0033	0.0033	0.0000	0.0000	0.0000	0.0000	0.1539	0.1319	0.0220	0.0311	0.0277	0.0034	0.1228	0.1042	0.0186	0.2647	0.0762	0.1885	0.0310	0.0291	0.0019	0.2337	0.0472	0.1865	0.0155	0.0052	0.0000	0.0090	0.0095	0.0000	0.0000	0.0000	0.0000	0.0126	0.0437	0.0000	0.1073	0.1145	0.0000	0.0000	0.0000	0.0000					
1	63	0.0963	2	0	1	0	1	0	0	0	0	N	N	N	N	N	N	N	N	N	N	N	N	0.0000	0.0000	0.0000	0.0000	0.0000	0.0000	0.0000	0.0000	0.0000	0.0000	0.0000	0.0000	0.0000	0.0000	0.0000	0.0099	0.0335	0.0000	0.0005	0.0005	0.0000	0.0183	2.4622	0.0000	0.0000	0.0000	-0.0022	1.1236	7.0000	2.8233	4.0000	0.0000	0.0000	0.0000	0.0000	0.0000	0.0000	0.0000	0.0000	0.0000	0.0033	0.0033	0.0000	0.0000	0.0000	0.0000	0.0033	0.0033	0.0000	0.2505	0.2161	0.0344	0.0505	0.0453	0.0052	0.2000	0.1708	0.0292	0.3349	0.0990	0.2359	0.0405	0.0379	0.0026	0.2944	0.0611	0.2333	0.0000	0.0000	0.0000	0.0000	0.0000	0.0000	0.0000	0.0000	0.0000	0.0099	0.0335	0.0000	0.0005	0.0005	0.0000	0.0112	0.0540	0.0000				
1	64	0.2030	5	0	0	1	1	0	0	0	0	N	N	N	N	N	N	N	N	N	N	N	N	0.0000	0.0000	0.0000	0.0000	0.0000	0.0000	0.0000	0.0000	0.0000	0.0000	0.0000	0.0000	0.0000	0.0000	0.0000	0.0000	0.0000	0.0000	0.0000	0.0000	1.1236	0.0000	2.8233	0.0000	0.0000	0.0000	0.0000	0.0000	0.0000	0.0000	0.0000	0.0000	0.0000	0.0000	0.0000	0.0000	0.0000	0.0000	0.0000	0.0000	0.0000	0.0000	0.0000	0.0000	0.0000	0.0000	0.0000	0.0000	0.0000	0.0000	0.0000	0.0000	0.0000	0.0000	0.0000	0.0000	0.0000	0.0000	0.0000	0.0000	0.0000	0.0000	0.0000	0.0000	0.0000	0.0000	0.0000	0.0000	0.0000	0.0000	0.0000	0.0000	0.0000	0.0000	0.0000	0.0000	0.0000	0.0000											
1	65	0.1787	4	0	0	1	1	0	0	0	0	N	N	N	N	N	N	N	N	N	N	N	N	0.0000	0.0000	0.0000	0.0000	0.0000	0.0000	0.0000	0.0000	0.0000	0.0000	0.0000	0.0000	0.0000	0.0000	0.0000	10.7777	41.2899	0.0000	1.9524	6.4215	0.0000	15.0069	88.7538	0.0000	0.0000	0.0000	-0.5336	1.1236	0.8734	2.8233	1.0002	0.0000	0.0000	0.0000	0.0000	0.0000	0.0000	0.0000	0.0000	0.0000	0.7939	0.7939	0.0000	0.0404	0.0404	0.0000	0.7535	0.7535	0.0000	0.0342	0.0291	0.0051	0.0085	0.0076	0.0009	0.0257	0.0215	0.0042	0.0737	0.0192	0.0544	0.0234	0.0107	0.0127	0.0502	0.0085	0.0417	0.0000	0.0000	0.0000	0.0000	0.0000	0.0000	0.0000	0.0000	0.0000	10.7777	41.2899	0.0000	1.7213	3.7590	0.0000	15.0069	88.7538	0.0000				
1	66	0.1641	3	0	0	0	1	0	0	0	0	N	N	N	N	N	N	N	N	N	N	N	N	0.0166	0.0077	0.0026	0.0792	0.0421	0.0000	0.0010	0.0000	0.0000	0.0221	0.0260	0.0000	0.0878	0.0981	0.0000	0.0000	0.0000	0.0000	1.3292	3.3535	0.0001	1.1087	2.3295	0.0000	0.0008	0.1640	0.0001	0.0000	0.0002	-0.0003	-0.0156	1.1236	1.0063	2.8233	0.0727	0.0009	0.0009	0.0000	0.0009	0.0009	0.0000	0.0000	0.0000	0.0000	0.0232	0.0232	0.0000	0.0231	0.0231	0.0000	0.0000	0.0000	0.0000	0.0398	0.0338	0.0060	0.0100	0.0090	0.0011	0.0298	0.0249	0.0049	0.0559	0.0183	0.0376	0.0209	0.0126	0.0083	0.0350	0.0057	0.0293	0.0533	0.0205	0.0026	0.0792	0.0532	0.0000	0.0010	0.0002	0.0000	0.4146	1.2690	0.0001	1.1087	1.8421	0.0000	0.0008	0.0040	0.0001
1	67	0.0963	2	0	0	0	1	0	0	0	0	N	N	N	N	N	N	N	N	N	N	N	N	0.0419	0.0415	0.1725	0.0001	0.0000	1.1341	0.0501	0.0037	0.2021	0.0057	0.0017	0.0300	0.0000	0.0000	0.0000	0.0072	0.0021	0.0355	0.1363	0.0402	0.1738	0.0854	0.0911	0.0000	0.1428	0.5712	0.1755	2.9995	11.1009	0.0003	0.0061	1.1236	4.0009	2.8233	1.0789	0.0009	0.0002	0.0007	0.0000	0.0000	0.0000	0.0009	0.0002	0.0007	0.0249	0.0021	0.0229	0.0018	0.0018	0.0000	0.0231	0.0003	0.0229	0.1539	0.1319	0.0220	0.0311	0.0277	0.0034	0.1228	0.1042	0.0186	0.1828	0.0513	0.1315	0.0208	0.0195	0.0013	0.1621	0.0318	0.1303	0.0419	0.0415	0.1725	0.0001	0.0000	1.1341	0.0501	0.2345	0.2021	0.1363	0.0402	0.1738	0.0854	0.0911	0.0000	0.1428	0.0090	0.1755
1	68	0.0963	2	0	1	0	1	0	0	0	0	N	N	N	N	N	N	N	N	N	N	N	N	0.1602	0.0000	0.8878	0.0183	0.0000	0.1125	0.1932	1.0290	0.0187	0.0000	0.1326	0.0018	0.0000	0.0171	0.0230	0.0000	0.1537	0.1168	0.0372	0.1494	0.1009	0.0974	0.1524	0.1189	0.0000	0.1493	inf	9.8050	0.0022	0.0080	1.1236	5.0000	2.8233	3.9994	0.0035	0.0000	0.0035	0.0001	0.0000	0.0001	0.0034	0.0000	0.0034	0.0338	0.0031	0.0307	0.0035	0.0031	0.0003	0.0303	0.0000	0.0303	0.1877	0.1612	0.0265	0.0379	0.0338	0.0041	0.1498	0.1274	0.0224	0.2895	0.0841	0.2054	0.0343	0.0321	0.0022	0.2553	0.0520	0.2033	0.1602	0.0000	0.8878	0.0183	0.0000	0.1125	0.1932	0.0000	1.0290	0.1168	0.0372	0.1494	0.1009	0.0974	0.1524	0.1189	0.0000	0.1493	
1	69	0.0963	2	1	0	1	1	0	0	0	0	N	N	N	N	N	N	N	N	N	N	N	N	0.0000	0.0000	0.0000	0.0000	0.0000	0.0000	0.0000	0.0000	0.0000	0.0000	0.0000	0.0000	0.0000	0.0063	0.0214	0.0000	0.0523	0.0559	0.0000	0.0000	0.0000	0.0000	0.0000	0.0000	-0.0013	1.1236	7.0000	2.8233	2.9994	0.0000	0.0000	0.0000	0.0000	0.0000	0.0000	0.0000	0.0000	0.0000	0.0020	0.0020	0.0000	0.0020	0.0020	0.0000	0.0000	0.0000	0.0000	0.2505	0.2161	0.0344	0.0505	0.0453	0.0052	0.2000	0.1708	0.0292	0.3129	0.0917	0.2212	0.0374	0.0351	0.0024	0.2755	0.0566	0.2188	0.0000	0.0000	0.0000	0.0000	0.0000	0.0000	0.0000	0.0000	0.0000	0.0063	0.0214	0.0000	0.0523	0.0559	0.0000	0.0000	0.0000	0.0000						
1	70	0.0963	2	0	1	0	2	0	0	0	0	N	N	N	Y	N	N	N	N	N	N	N	N	2099.1829	697.6679	33256.4054	1176.9685	1248.6299	45.6146	982129.8947	inf	3358842.2336	0.8046	0.9121	0.1595	3.8089	4.2754	0.0205	0.0431	0.0178	0.1851	0.0004	0.0013	0.0000	0.0032	0.0034	0.0004	0.0000	0.0000	0.0000	0.0292	0.0090	-0.0442	-0.0001	1.1236	4.0000	2.8233	5.0006	0.1238	0.1203	0.0035	0.1185	0.1184	0.0001	0.0053	0.0018	0.0034	0.0001	0.0001	0.0000	0.0001	0.0001	0.0000	0.0000	0.0000	0.0000	0.1539	0.1319	0.0220	0.0311	0.0277	0.0034	0.1228	0.1042	0.0186	0.2896	0.0841	0.2054	0.0343	0.0321	0.0022	0.2553	0.0520	0.2033	2099.1829	697.6679	33256.4054	1176.9685	1248.6299	45.6146	982129.8947	inf	3358842.2336	0.0004	0.0013	0.0000	0.0032	0.0034	0.0004	0.0000	0.0000	0.0000
1	71	0.0963	2	0	1	0	1	0	0	0	0	N	N	N	N	N	N	N	N	N	N	N	N	0.0852	0.0001	0.8295	0.0030	0.0010	0.1124	0.1769	0.9589	0.0141	0.0001	0.1020	0.0020	0.0007	0.0133	0.0172	0.0000	0.1179	0.1658	1.3108	0.1229	0.6584	0.6953	0.1186	0.0972	0.0000	0.1230	117.0000	1.0857	0.0021	-0.0089	1.1236	7.0000	2.8233	4.9994	0.0035	0.0000	0.0035	0.0001	0.0000	0.0001	0.0034	0.0000	0.0034	0.0589	0.0283	0.0307	0.0286	0.0283	0.0003	0.0303	0.0000	0.0303	0.2505	0.2161	0.0344	0.0505	0.0453	0.0052	0.2000	0.1708	0.0292	0.3555	0.1060	0.2496	0.0434	0.0406	0.0028	0.3121	0.0653	0.2468	0.0852	0.0005	0.8295	0.0030	0.0010	0.1124	0.1769	0.0000	0.9589	0.1658	0.2666	0.1229	0.6584	0.6953	0.1186	0.0972	0.0000	0.1230	
1	72	0.1529	3	0	1	0	1	0	0	0	0	N	N	N	N	N	N	N	N	N	N	N	N	0.0469	0.0262	0.0000	0.0629	0.0676	0.0000	0.0008	inf	0.0000	0.0002	0.0002	0.0000	0.0006	0.0007	0.0000	0.0000	0.0000	0.0000	0.0036	0.0074	0.0001	0.0095	0.0097	0.0003	0.0001	0.0000	0.0001	0.0000	0.0112	-0.0000	-0.0004	1.1236	4.7764	2.8233	1.3205	0.0000	0.0000	0.0000	0.0000	0.0000	0.0000	0.0000	0.0000	0.0000	0.0007	0.0007	0.0000	0.0007	0.0007	0.0000	0.0000	0.0000	0.0000	0.1766	0.1525	0.0241	0.0495	0.0449	0.0046	0.1271	0.1076	0.0195	0.1894	0.0902	0.0992	0.0704	0.0686	0.0018	0.1190	0.0216	0.0974	0.0469	0.0262	0.0000	0.0629	0.0676	0.0000	0.0008	inf	0.0000	0.0036	0.0074	0.0001	0.0095	0.0097	0.0003	0.0001	0.0000	0.0001
1	73	0.0963	2	0	1	0	1	0	0	0	0	N	N	N	N	N	N	N	N	N	N	N	N	0.0011	0.0002	0.0000	0.0023	0.0025	0.0000	0.0001	0.0000	0.0000	0.0000	0.0000	0.0000	0.0002	0.0002	0.0000	0.0000	0.0000	0.0000	0.0290	0.1575	0.0045	0.0668	0.0711	0.0025	0.0241	3.0309	0.0045	0.0000	0.1240	-0.0000	-0.0035	1.1236	3.3049	2.8233	2.7470	0.0000	0.0000	0.0000	0.0000	0.0000	0.0000	0.0000	0.0000	0.0000	0.0061	0.0055	0.0007	0.0016	0.0016	0.0000	0.0045	0.0038	0.0007	0.1294	0.1107	0.0187	0.0262	0.0233	0.0029	0.1032	0.0874	0.0158	0.2117	0.0599	0.1518	0.0243	0.0228	0.0015	0.1874	0.0371	0.1503	0.0011	0.0004	0.0000	0.0023	0.0025	0.0000	0.0001	0.0000	0.0000	0.0290	0.0912	0.0045	0.0668	0.0711	0.0025	0.0241	0.1035	0.0045
1	74	0.1551	3	0	1	0	1	0	0	0	0	N	N	N	N	N	N	N	N	N	N	N	N	0.0000	0.0000	0.0000	0.0000	0.0000	0.0000	0.0000	0.0000	0.0000	0.0000	0.0000	0.0000	0.0000	0.0000	0.0000	0.0000	0.0000	0.0000	0.0000	0.0000	1.1236	0.0000	2.8233	0.0000	0.0000	0.0000	0.0000	0.0000	0.0000	0.0000	0.0000	0.0000	0.0000	0.0000	0.0000	0.0000	0.0000	0.0000	0.0000	0.0000	0.0000	0.0000	0.0000	0.0000	0.0000	0.0000	0.0000	0.0000	0.0000	0.0000	0.0000	0.0000	0.0000	0.0000	0.0000	0.0000	0.0000	0.0000	0.0000	0.0000	0.0000	0.0000	0.0000	0.0000	0.0000	0.0000	0.0000	0.0000	0.0000	0.0000	0.0000	0.0000	0.0000	0.0000	0.0000	0.0000	0.0000	0.0000											
1	75	0.0963	2	0	1	0	1	0	0	0	0	N	N	N	N	N	N	N	N	N	N	N	N	1.3642	0.2622	0.7908	39.9443	70.7830	0.0934	0.0771	0.0000	0.9178	0.2744	0.2952	0.1485	1.2547	1.4058	0.0191	0.0260	0.0000	0.1722	0.2011	1.1259	0.1878	0.0314	0.0199	0.2048	0.3368	3.8199	0.1876	0.0834	2.0109	-0.0141	-0.0002	1.1236	4.3567	2.8233	2.3689	0.0456	0.0421	0.0035	0.0421	0.0421	0.0001	0.0034	0.0000	0.0034	0.0464	0.0154	0.0310	0.0008	0.0005	0.0003	0.0456	0.0149	0.0307	0.1661	0.1425	0.0236	0.0336	0.0299	0.0037	0.1326	0.1126	0.0200	0.2308	0.0657	0.1651	0.0267	0.0250	0.0017	0.2041	0.0407	0.1634	1.3642	1.2585	0.7908	39.9443	70.7830	0.0934	0.1162	0.0000	0.9178	0.2011	0.2346	0.1878	0.0314	0.0199	0.2048	0.2233	0.3665	0.1876
1	76	0.1637	5	1	1	0	2	0	0	0	0	N	N	N	Y	N	N	N	N	N	N	N	N	0.0000	0.0000	0.0000	0.0000	0.0000	0.0000	0.0000	0.0000	0.0000	0.0000	0.0000	0.0000	0.0000	0.0000	0.0000	0.0000	0.0000	0.0000	0.0000	0.0000	1.1236	0.0000	2.8233	0.0000	0.0000	0.0000	0.0000	0.0000	0.0000	0.0000	0.0000	0.0000	0.0000	0.0000	0.0000	0.0000	0.0000	0.0000	0.0000	0.0000	0.0000	0.0000	0.0000	0.0000	0.0000	0.0000	0.0000	0.0000	0.0000	0.0000	0.0000	0.0000	0.0000	0.0000	0.0000	0.0000	0.0000	0.0000	0.0000	0.0000	0.0000	0.0000	0.0000	0.0000	0.0000	0.0000	0.0000	0.0000	0.0000	0.0000	0.0000	0.0000	0.0000	0.0000	0.0000	0.0000	0.0000	0.0000											
1	77	0.1554	4	1	1	0	2	0	0	0	0	N	N	N	Y	N	N	N	N	N	N	N	N	0.0000	0.0000	0.0000	0.0000	0.0000	0.0000	0.0000	0.0000	0.0000	0.0000	0.0000	0.0000	0.0000	0.0000	0.0000	0.0000	0.0000	0.0005	0.0010	0.0000	0.0018	0.0019	0.0000	0.0000	0.0108	0.0000	0.0046	0.0000	-0.0000	1.1236	1.0073	2.8233	0.3366	0.0000	0.0000	0.0000	0.0000	0.0000	0.0000	0.0000	0.0000	0.0000	0.0000	0.0000	0.0000	0.0000	0.0000	0.0000	0.0000	0.0000	0.0000	0.0386	0.0330	0.0056	0.0070	0.0065	0.0005	0.0316	0.0265	0.0051	0.0371	0.0172	0.0200	0.0095	0.0090	0.0005	0.0276	0.0081	0.0195	0.0000	0.0000	0.0000	0.0000	0.0000	0.0000	0.0000	0.0000	0.0000	0.0005	0.0010	0.0000	0.0018	0.0019	0.0000	0.0000	0.0000	0.0000		
1	78	0.1811	4	0	1	0	2	0	0	0	0	N	N	N	Y	N	N	N	N	N	N	N	N	0.0000	0.0000	0.0000	0.0000	0.0000	0.0000	0.0000	0.0000	0.0000	0.0000	0.0000	0.0000	0.0000	0.0000	0.0000	0.0000	0.0000	0.0000	0.0000	0.0000	1.1236	0.0000	2.8233	0.0000	0.0000	0.0000	0.0000	0.0000	0.0000	0.0000	0.0000	0.0000	0.0000	0.0000	0.0000	0.0000	0.0000	0.0000	0.0000	0.0000	0.0000	0.0000	0.0000	0.0000	0.0000	0.0000	0.0000	0.0000	0.0000	0.0000	0.0000	0.0000	0.0000	0.0000	0.0000	0.0000	0.0000	0.0000	0.0000	0.0000	0.0000	0.0000	0.0000	0.0000	0.0000	0.0000	0.0000	0.0000	0.0000	0.0000	0.0000	0.0000	0.0000	0.0000	0.0000	0.0000	0.0000	0.0000											
1	79	0.1729	3	0	1	0	2	0	0	0	0	N	N	N	Y	N	N	N	N	N	N	N	N	0.0000	0.0000	0.0000	0.0000	0.0000	0.0000	0.0000	0.0000	0.0000	0.0000	0.0000	0.0000	0.0000	0.0000	0.0000	0.0000	0.0000	0.0000	0.0000	0.0000	1.1236	0.0000	2.8233	1.0000	0.0000	0.0000	0.0000	0.0000	0.0000	0.0000	0.0000	0.0000	0.0000	0.0000	0.0000	0.0000	0.0000	0.0000	0.0000	0.0000	0.0000	0.0000	0.0000	0.0000	0.0000	0.0000	0.0000	0.0000	0.0000	0.0000	0.0000	0.0348	0.0137	0.0211	0.0149	0.0076	0.0072	0.0199	0.0061	0.0138	0.0000	0.0000	0.0000	0.0000	0.0000	0.0000	0.0000	0.0000	0.0000	0.0000	0.0000	0.0000	0.0000	0.0000	0.0000	0.0000	0.0000	0.0000											
1	80	0.1554	4	0	1	0	1	0	0	0	0	N	N	N	N	N	N	N	N	N	N	N	N	0.0000	0.0000	0.0000	0.0000	0.0000	0.0000	0.0000	0.0000	0.0000	0.0000	0.0000	0.0000	0.0000	0.0000	0.0000	0.0000	0.0000	0.0002	0.0005	0.0000	0.0009	0.0010	0.0000	0.0000	0.0054	0.0000	0.0029	0.0000	-0.0000	1.1236	3.9927	2.8233	1.0002	0.0000	0.0000	0.0000	0.0000	0.0000	0.0000	0.0000	0.0000	0.0000	0.0000	0.0000	0.0000	0.0000	0.0000	0.0000	0.0000	0.0000	0.0000	0.1420	0.1223	0.0197	0.0263	0.0244	0.0019	0.1157	0.0979	0.0178	0.1201	0.0556	0.0645	0.0294	0.0277	0.0017	0.0907	0.0279	0.0628	0.0000	0.0000	0.0000	0.0000	0.0000	0.0000	0.0000	0.0000	0.0000	0.0002	0.0005	0.0000	0.0009	0.0010	0.0000	0.0000	0.0000	0.0000		
1	81	0.1507	3	0	1	0	1	0	0	0	0	N	N	N	N	N	N	N	N	N	N	N	N	0.0000	0.0000	0.0000	0.0000	0.0000	0.0000	0.0000	0.0000	0.0000	0.0000	0.0000	0.0000	0.0000	0.0000	0.0000	0.0000	0.0000	0.0016	0.0022	0.0010	0.0001	0.0001	0.0000	0.0053	0.1778	0.0011	0.5426	0.0000	-0.0000	1.1236	0.0110	2.8233	0.6549	0.0000	0.0000	0.0000	0.0000	0.0000	0.0000	0.0000	0.0000	0.0000	0.0000	0.0000	0.0000	0.0000	0.0000	0.0000	0.0000	0.0000	0.0000	0.0004	0.0004	0.0001	0.0001	0.0001	0.0000	0.0004	0.0003	0.0001	0.0174	0.0080	0.0094	0.0041	0.0039	0.0002	0.0133	0.0041	0.0092	0.0000	0.0000	0.0000	0.0000	0.0000	0.0000	0.0000	0.0000	0.0000	0.0016	0.0022	0.0010	0.0001	0.0001	0.0000	0.0020	0.0043	0.0011		
1	82	0.1729	3	0	0	1	2	0	0	0	0	N	N	N	Y	N	N	N	N	N	N	N	N	0.0000	0.0000	0.0000	0.0000	0.0000	0.0000	0.0000	0.0000	0.0000	0.0000	0.0000	0.0000	0.0000	0.0000	0.0000	0.0000	0.0000	0.0000	0.0000	0.0000	1.1236	1.0000	2.8233	0.0000	0.0000	0.0000	0.0000	0.0000	0.0000	0.0000	0.0000	0.0000	0.0000	0.0000	0.0000	0.0000	0.0000	0.0000	0.0000	0.0000	0.0000	0.0000	0.0382	0.0326	0.0056	0.0053	0.0049	0.0004	0.0329	0.0277	0.0052	0.0348	0.0137	0.0211	0.0149	0.0076	0.0072	0.0199	0.0061	0.0138	0.0000	0.0000	0.0000	0.0000	0.0000	0.0000	0.0000	0.0000	0.0000	0.0000	0.0000	0.0000	0.0000	0.0000	0.0000	0.0000	0.0000	0.0000											
1	83	0.1729	3	0	0	1	2	0	0	0	0	N	N	N	Y	N	N	N	N	N	N	N	N	0.0000	0.0000	0.0000	0.0000	0.0000	0.0000	0.0000	0.0000	0.0000	0.0000	0.0000	0.0000	0.0000	0.0000	0.0000	0.0000	0.0000	0.0000	0.0000	0.0000	1.1236	0.0000	2.8233	0.0000	0.0000	0.0000	0.0000	0.0000	0.0000	0.0000	0.0000	0.0000	0.0000	0.0000	0.0000	0.0000	0.0000	0.0000	0.0000	0.0000	0.0000	0.0000	0.0000	0.0000	0.0000	0.0000	0.0000	0.0000	0.0000	0.0000	0.0000	0.0000	0.0000	0.0000	0.0000	0.0000	0.0000	0.0000	0.0000	0.0000	0.0000	0.0000	0.0000	0.0000	0.0000	0.0000	0.0000	0.0000	0.0000	0.0000	0.0000	0.0000	0.0000	0.0000	0.0000	0.0000	0.0000	0.0000											
1	84	0.0963	2	0	0	0	2	0	0	0	0	N	N	N	Y	N	N	N	N	N	N	N	N	4.3836	1.4895	0.0512	0.0540	inf	inf	0.0297	0.0347	0.0000	0.0029	0.0033	0.0000	0.0364	0.0430	0.0000	0.0068	0.0233	0.0000	0.0571	0.0610	0.0000	0.0000	0.0000	0.0000	0.0000	0.0000	-0.0014	-0.0013	1.1236	3.0000	2.8233	5.9994	0.0035	0.0035	0.0000	0.0001	0.0001	0.0000	0.0034	0.0034	0.0000	0.0020	0.0020	0.0000	0.0020	0.0020	0.0000	0.0000	0.0000	0.0000	0.1183	0.1012	0.0172	0.0239	0.0213	0.0027	0.0944	0.0799	0.0145	0.2895	0.0841	0.2054	0.0343	0.0321	0.0022	0.2553	0.0520	0.2033	4.3836	1.4895	0.0000	0.0512	0.0540	0.0000	inf	inf	0.0000	0.0068	0.0233	0.0000	0.0571	0.0610	0.0000	0.0000	0.0000	0.0000			
1	85	0.2339	3	1	1	0	1	0	0	0	0	N	N	N	N	N	N	N	N	N	N	N	N	0.0000	0.0000	0.0000	0.0000	0.0000	0.0000	0.0000	0.0000	0.0000	0.0000	0.0000	0.0000	0.0000	0.0000	0.0000	0.0000	0.0000	0.0000	0.0000	0.0000	1.1236	0.0000	2.8233	0.0000	0.0000	0.0000	0.0000	0.0000	0.0000	0.0000	0.0000	0.0000	0.0000	0.0000	0.0000	0.0000	0.0000	0.0000	0.0000	0.0000	0.0000	0.0000	0.0000	0.0000	0.0000	0.0000	0.0000	0.0000	0.0000	0.0000	0.0000	0.0000	0.0000	0.0000	0.0000	0.0000	0.0000	0.0000	0.0000	0.0000	0.0000	0.0000	0.0000	0.0000	0.0000	0.0000	0.0000	0.0000	0.0000	0.0000	0.0000	0.0000	0.0000	0.0000	0.0000	0.0000	0.0000	0.0000											
1	86	0.0963	2	1	1	0	1	0	0	0	0	N	N	N	N	N	N	N	N	N	N	N	N	0.0069	11.5379	0.0000	0.0020	0.4204	0.0000	0.0071	inf	0.0000	0.0187	0.0218	0.0000	0.0018	0.0021	0.0000	0.0230	0.0270	0.0000	2.7295	0.0019	5.9742	0.9341	0.0049	14.5101	3.2577	0.0000	9.0046	0.0000	3969.3549	-0.0014	0.2601	1.1236	5.0000	2.8233	7.0006	0.0035	0.0035	0.0000	0.0001	0.0001	0.0000	0.0034	0.0034	0.0000	0.7941	0.0002	0.7939	0.0406	0.0002	0.0404	0.7535	0.0000	0.7535	0.1877	0.1612	0.0265	0.0379	0.0338	0.0041	0.1498	0.1274	0.0224	0.3556	0.1060	0.2496	0.0434	0.0406	0.0028	0.3121	0.0653	0.2468	0.0084	11.5379	0.0000	0.0020	0.4204	0.0000	0.0095	inf	0.0000	2.2332	0.0019	3.1808	0.9341	0.0049	14.5101	2.4140	0.0000	3.0531
1	87	0.0963	2	0	1	0	1	0	0	0	0	N	N	N	N	N	N	N	N	N	N	N	N	62.4839	20.4978	0.0000	0.6898	0.7357	0.0000	1223593.0522	inf	0.0000	0.0845	0.0993	0.0000	0.0083	0.0094	0.0000	0.1038	0.1233	0.0000	0.0014	0.0048	0.0000	0.0121	0.0128	0.0009	0.0000	0.0000	0.0000	0.0000	0.0049	-0.0014	-0.0001	1.1236	1.0000	2.8233	3.0006	0.0035	0.0035	0.0000	0.0001	0.0001	0.0000	0.0034	0.0034	0.0000	0.0002	0.0002	0.0000	0.0002	0.0002	0.0000	0.0000	0.0000	0.0000	0.0415	0.0353	0.0062	0.0084	0.0074	0.0010	0.0331	0.0279	0.0052	0.1486	0.0413	0.1074	0.0167	0.0156	0.0010	0.1320	0.0256	0.1063	62.4839	20.4978	0.0000	0.6898	0.7357	0.0000	1223593.0522	inf	0.0000	0.0014	0.0048	0.0000	0.0121	0.0128	0.0009	0.0000	0.0000	0.0000
1	88	0.1507	3	1	1	0	1	0	0	0	0	N	N	N	N	N	N	N	N	N	N	N	N	0.0000	0.0000	0.0000	0.0000	0.0000	0.0000	0.0000	0.0000	0.0000	0.0000	0.0000	0.0000	0.0000	0.0000	0.0000	0.0000	0.0000	0.0000	0.0000	0.0000	1.1236	0.0000	2.8233	0.0000	0.0000	0.0000	0.0000	0.0000	0.0000	0.0000	0.0000	0.0000	0.0000	0.0000	0.0000	0.0000	0.0000	0.0000	0.0000	0.0000	0.0000	0.0000	0.0000	0.0000	0.0000	0.0000	0.0000	0.0000	0.0000	0.0000	0.0000	0.0000	0.0000	0.0000	0.0000	0.0000	0.0000	0.0000	0.0000	0.0000	0.0000	0.0000	0.0000	0.0000	0.0000	0.0000	0.0000	0.0000	0.0000	0.0000	0.0000	0.0000	0.0000	0.0000	0.0000	0.0000	0.0000	0.0000											
1	89	0.0963	2	0	1	0	1	0	0	0	0	N	N	N	N	N	N	N	N	N	N	N	N	30.1905	10.1452	0.3489	0.3672	inf	inf	0.0228	0.0266	0.0000	0.0022	0.0025	0.0000	0.0280	0.0330	0.0000	0.0008	0.0026	0.0000	0.0064	0.0069	0.0000	0.0000	0.0000	0.0000	0.0000	0.0000	-0.0014	-0.0001	1.1236	4.0000	2.8233	4.0001	0.0035	0.0035	0.0000	0.0001	0.0001	0.0000	0.0034	0.0034	0.0000	0.0002	0.0002	0.0000	0.0002	0.0002	0.0000	0.0000	0.0000	0.0000	0.1539	0.1319	0.0220	0.0311	0.0277	0.0034	0.1228	0.1042	0.0186	0.2647	0.0762	0.1885	0.0310	0.0291	0.0019	0.2337	0.0472	0.1865	30.1905	10.1452	0.0000	0.3489	0.3672	0.0000	inf	inf	0.0000	0.0008	0.0026	0.0000	0.0064	0.0069	0.0000	0.0000	0.0000	0.0000			
1	91	0.2419	4	0	0	0	1	0	0	0	0	N	N	N	N	N	N	N	N	N	N	N	N	0.0107	0.0010	0.0348	0.0087	0.0087	0.0791	0.0002	0.0000	0.0001	0.0009	0.0010	0.0000	0.0029	0.0032	0.0002	0.0000	0.0000	0.0000	0.0798	0.9564	0.0013	0.3401	0.3667	0.0031	0.0087	0.6531	0.0013	0.0067	0.0105	-0.0001	-0.0257	1.1236	11.5137	2.8233	4.9035	0.0004	0.0004	0.0000	0.0004	0.0004	0.0000	0.0000	0.0000	0.0000	0.0388	0.0384	0.0004	0.0376	0.0376	0.0000	0.0012	0.0008	0.0004	0.4178	0.3669	0.0509	0.1211	0.1115	0.0096	0.2967	0.2553	0.0413	0.4859	0.1846	0.3013	0.1106	0.1025	0.0081	0.3753	0.0821	0.2932	0.0107	0.0047	0.0348	0.0087	0.0087	0.0791	0.0006	0.0002	0.0001	0.0798	0.2079	0.0013	0.3401	0.3667	0.0031	0.0031	0.0097	0.0013
2	3	0.1412	3	1	1	1	0	0	0	0	0	N	N	N	N	N	N	N	N	N	N	N	N	0.0000	0.0000	0.0000	0.0000	0.0000	0.0000	0.0000	0.0000	0.0000	0.0000	0.0000	0.0000	0.0000	0.0000	0.0000	0.0000	0.0000	0.0000	0.0000	0.0000	0.0000	6.6553	0.0000	3.6686	0.0000	0.0000	0.0000	0.0000	0.0000	0.0000	0.0000	0.0000	0.0000	0.0000	0.0000	0.0000	0.0000	0.0000	0.0000	0.0000	0.0000	0.0000	0.0000	0.0000	0.0000	0.0000	0.0000	0.0000	0.0000	0.0000	0.0000	0.0000	0.0000	0.0000	0.0000	0.0000	0.0000	0.0000	0.0000	0.0000	0.0000	0.0000	0.0000	0.0000	0.0000	0.0000	0.0000	0.0000	0.0000	0.0000	0.0000	0.0000	0.0000	0.0000	0.0000	0.0000	0.0000	0.0000											
2	4	0.0824	2	2	0	2	0	0	0	0	0	Y	N	Y	N	N	N	N	N	N	N	N	N	0.0000	0.0000	0.0000	0.0000	0.0000	0.0000	0.0000	0.0000	0.0000	0.0000	0.0000	0.0000	0.0000	0.0000	0.0000	0.0000	0.0000	0.0000	0.0000	0.0000	0.0000	6.0000	0.0000	4.9994	0.0000	0.0000	0.0000	0.0000	0.0000	0.0000	0.0000	0.0000	0.0000	0.0000	0.0000	0.0000	0.0000	0.0000	0.0000	0.0000	0.0000	0.0000	0.0000	0.0000	0.0000	0.0000	0.0000	0.0000	0.0000	0.0000	0.0000	0.0000	0.0000	0.0000	0.0000	0.0000	0.0000	0.0000	0.0000	0.0000	0.0000	0.0000	0.0000	0.0000	0.0000	0.0000	0.0000	0.0000	0.0000	0.0000	0.0000	0.0000	0.0000	0.0000	0.0000	0.0000	0.0000	0.0000											
2	5	0.1498	5	2	1	1	1	0	0	0	0	Y	N	N	N	N	N	N	N	N	N	N	N	0.0000	0.0000	0.0000	0.0000	0.0000	0.0000	0.0000	0.0000	0.0000	0.0000	0.0000	0.0000	0.0000	0.0000	0.0000	0.0000	0.0000	0.0000	0.0000	0.0000	0.0000	0.0000	0.0000	0.0000	0.0000	0.0000	0.0000	0.0000	0.0000	0.0000	0.0000	0.0000	0.0000	0.0000	0.0000	0.0000	0.0000	0.0000	0.0000	0.0000	0.0000	0.0000	0.0000	0.0000	0.0000	0.0000	0.0000	0.0000	0.0000	0.0000	0.0000	0.0000	0.0000	0.0000	0.0000	0.0000	0.0000	0.0000	0.0000	0.0000	0.0000	0.0000	0.0000	0.0000	0.0000	0.0000	0.0000	0.0000	0.0000	0.0000	0.0000	0.0000	0.0000	0.0000	0.0000	0.0000	0.0000	0.0000											
2	6	0.2020	3	2	0	2	0	0	0	0	0	Y	N	Y	N	N	N	N	N	N	N	N	N	0.0000	0.0000	0.0000	0.0000	0.0000	0.0000	0.0000	0.0000	0.0000	0.0000	0.0000	0.0000	0.0000	0.0000	0.0000	0.0000	0.0000	0.0000	0.0000	0.0000	0.0000	0.0000	0.0000	1.0000	0.0000	0.0000	0.0000	0.0000	0.0000	0.0000	0.0000	0.0000	0.0000	0.0000	0.0000	0.0000	0.0000	0.0000	0.0000	0.0000	0.0000	0.0000	0.0000	0.0000	0.0000	0.0000	0.0000	0.0000	0.0000	0.0000	0.0000	0.0000	0.0000	0.0000	0.0000	0.0000	0.0000	0.0000	0.0000	0.0000	0.0000	0.0000	0.0000	0.0000	0.0000	0.0000	0.0000	0.0000	0.0000	0.0000	0.0000	0.0000	0.0000	0.0000	0.0000	0.0000	0.0000	0.0000											
2	7	0.1891	5	1	0	2	0	0	0	0	0	N	N	Y	N	N	N	N	N	N	N	N	N	0.0000	0.0000	0.0000	0.0000	0.0000	0.0000	0.0000	0.0000	0.0000	0.0000	0.0000	0.0000	0.0000	0.0000	0.0000	0.0000	0.0000	0.0000	0.0000	0.0000	0.0000	0.1278	0.0000	0.0006	0.0000	0.0000	0.0000	0.0000	0.0000	0.0000	0.0000	0.0000	0.0000	0.0000	0.0000	0.0000	0.0000	0.0000	0.0000	0.0000	0.0000	0.0000	0.0000	0.0000	0.0000	0.0000	0.0000	0.0000	0.0000	0.0000	0.0000	0.0000	0.0000	0.0000	0.0000	0.0000	0.0000	0.0000	0.0000	0.0000	0.0000	0.0000	0.0000	0.0000	0.0000	0.0000	0.0000	0.0000	0.0000	0.0000	0.0000	0.0000	0.0000	0.0000	0.0000	0.0000	0.0000	0.0000											
2	8	0.0824	2	2	1	1	0	0	0	0	0	Y	N	N	N	N	N	N	N	N	N	N	N	0.0000	0.0000	0.0000	0.0000	0.0000	0.0000	0.0000	0.0000	0.0000	0.0000	0.0000	0.0000	0.0000	0.0000	0.0000	0.0000	0.0000	0.0000	0.0000	0.0000	0.0000	6.0000	0.0000	3.0006	0.0000	0.0000	0.0000	0.0000	0.0000	0.0000	0.0000	0.0000	0.0000	0.0000	0.0000	0.0000	0.0000	0.0000	0.0000	0.0000	0.0000	0.0000	0.0000	0.0000	0.0000	0.0000	0.0000	0.0000	0.0000	0.0000	0.0000	0.0000	0.0000	0.0000	0.0000	0.0000	0.0000	0.0000	0.0000	0.0000	0.0000	0.0000	0.0000	0.0000	0.0000	0.0000	0.0000	0.0000	0.0000	0.0000	0.0000	0.0000	0.0000	0.0000	0.0000	0.0000	0.0000	0.0000											
2	9	0.1581	3	1	0	2	1	0	0	0	0	N	N	Y	N	N	N	N	N	N	N	N	N	0.0000	0.0000	0.0000	0.0000	0.0000	0.0000	0.0000	0.0000	0.0000	0.0000	0.0000	0.0000	0.0000	0.0000	0.0000	0.0000	0.0000	0.0000	0.0000	0.0000	0.0000	1.0190	0.0000	2.2112	0.0000	0.0000	0.0000	0.0000	0.0000	0.0000	0.0000	0.0000	0.0000	0.0000	0.0000	0.0000	0.0000	0.0000	0.0000	0.0000	0.0000	0.0000	0.0000	0.0000	0.0000	0.0000	0.0000	0.0000	0.0000	0.0000	0.0000	0.0000	0.0000	0.0000	0.0000	0.0000	0.0000	0.0000	0.0000	0.0000	0.0000	0.0000	0.0000	0.0000	0.0000	0.0000	0.0000	0.0000	0.0000	0.0000	0.0000	0.0000	0.0000	0.0000	0.0000	0.0000	0.0000	0.0000											
2	10	0.1590	3	1	0	1	1	0	0	0	0	N	N	N	N	N	N	N	N	N	N	N	N	0.0000	0.0000	0.0000	0.0000	0.0000	0.0000	0.0000	0.0000	0.0000	0.0000	0.0000	0.0000	0.0000	0.0000	0.0000	0.0000	0.0000	0.0000	0.0000	0.0000	0.0000	0.0000	0.0000	1.0000	0.0000	0.0000	0.0000	0.0000	0.0000	0.0000	0.0000	0.0000	0.0000	0.0000	0.0000	0.0000	0.0000	0.0000	0.0000	0.0000	0.0000	0.0000	0.0000	0.0000	0.0000	0.0000	0.0000	0.0000	0.0000	0.0000	0.0000	0.0000	0.0000	0.0000	0.0000	0.0000	0.0000	0.0000	0.0000	0.0000	0.0000	0.0000	0.0000	0.0000	0.0000	0.0000	0.0000	0.0000	0.0000	0.0000	0.0000	0.0000	0.0000	0.0000	0.0000	0.0000	0.0000	0.0000											
2	11	0.1392	4	1	1	1	1	0	0	0	0	N	N	N	N	N	N	N	N	N	N	N	N	0.0000	0.0000	0.0000	0.0000	0.0000	0.0000	0.0000	0.0000	0.0000	0.0000	0.0000	0.0000	0.0000	0.0000	0.0000	0.0000	0.0000	0.0000	0.0000	0.0000	0.0000	1.0886	0.0000	0.0502	0.0000	0.0000	0.0000	0.0000	0.0000	0.0000	0.0000	0.0000	0.0000	0.0000	0.0000	0.0000	0.0000	0.0000	0.0000	0.0000	0.0000	0.0000	0.0000	0.0000	0.0000	0.0000	0.0000	0.0000	0.0000	0.0000	0.0000	0.0000	0.0000	0.0000	0.0000	0.0000	0.0000	0.0000	0.0000	0.0000	0.0000	0.0000	0.0000	0.0000	0.0000	0.0000	0.0000	0.0000	0.0000	0.0000	0.0000	0.0000	0.0000	0.0000	0.0000	0.0000	0.0000	0.0000											
2	12	0.0824	2	1	1	1	0	0	0	0	0	N	N	N	N	N	N	N	N	N	N	N	N	0.0000	0.0000	0.0000	0.0000	0.0000	0.0000	0.0000	0.0000	0.0000	0.0000	0.0000	0.0000	0.0000	0.0000	0.0000	0.0000	0.0000	0.0000	0.0000	0.0000	0.0000	6.0000	0.0000	3.0006	0.0000	0.0000	0.0000	0.0000	0.0000	0.0000	0.0000	0.0000	0.0000	0.0000	0.0000	0.0000	0.0000	0.0000	0.0000	0.0000	0.0000	0.0000	0.0000	0.0000	0.0000	0.0000	0.0000	0.0000	0.0000	0.0000	0.0000	0.0000	0.0000	0.0000	0.0000	0.0000	0.0000	0.0000	0.0000	0.0000	0.0000	0.0000	0.0000	0.0000	0.0000	0.0000	0.0000	0.0000	0.0000	0.0000	0.0000	0.0000	0.0000	0.0000	0.0000	0.0000	0.0000	0.0000											
2	13	0.1673	4	1	1	1	1	0	0	0	0	N	N	N	N	N	N	N	N	N	N	N	N	0.0000	0.0000	0.0000	0.0000	0.0000	0.0000	0.0000	0.0000	0.0000	0.0000	0.0000	0.0000	0.0000	0.0000	0.0000	0.0000	0.0000	0.0000	0.0000	0.0000	0.0000	0.0000	0.0000	0.0000	0.0000	0.0000	0.0000	0.0000	0.0000	0.0000	0.0000	0.0000	0.0000	0.0000	0.0000	0.0000	0.0000	0.0000	0.0000	0.0000	0.0000	0.0000	0.0000	0.0000	0.0000	0.0000	0.0000	0.0000	0.0000	0.0000	0.0000	0.0000	0.0000	0.0000	0.0000	0.0000	0.0000	0.0000	0.0000	0.0000	0.0000	0.0000	0.0000	0.0000	0.0000	0.0000	0.0000	0.0000	0.0000	0.0000	0.0000	0.0000	0.0000	0.0000	0.0000	0.0000	0.0000	0.0000											
2	14	0.1202	3	2	1	1	0	0	0	0	0	Y	N	N	N	N	N	N	N	N	N	N	N	0.0000	0.0000	0.0000	0.0000	0.0000	0.0000	0.0000	0.0000	0.0000	0.0000	0.0000	0.0000	0.0000	0.0000	0.0000	0.0000	0.0000	0.0000	0.0000	0.0000	0.0000	3.0234	0.0000	1.0170	0.0000	0.0000	0.0000	0.0000	0.0000	0.0000	0.0000	0.0000	0.0000	0.0000	0.0000	0.0000	0.0000	0.0000	0.0000	0.0000	0.0000	0.0000	0.0000	0.0000	0.0000	0.0000	0.0000	0.0000	0.0000	0.0000	0.0000	0.0000	0.0000	0.0000	0.0000	0.0000	0.0000	0.0000	0.0000	0.0000	0.0000	0.0000	0.0000	0.0000	0.0000	0.0000	0.0000	0.0000	0.0000	0.0000	0.0000	0.0000	0.0000	0.0000	0.0000	0.0000	0.0000	0.0000											
2	15	0.0824	2	1	1	1	0	0	0	0	0	N	N	N	N	N	N	N	N	N	N	N	N	0.0000	0.0000	0.0000	0.0000	0.0000	0.0000	0.0000	0.0000	0.0000	0.0000	0.0000	0.0000	0.0000	0.0000	0.0000	0.0000	0.0000	0.0000	0.0000	0.0000	0.0000	4.0000	0.0000	3.0006	0.0000	0.0000	0.0000	0.0000	0.0000	0.0000	0.0000	0.0000	0.0000	0.0000	0.0000	0.0000	0.0000	0.0000	0.0000	0.0000	0.0000	0.0000	0.0000	0.0000	0.0000	0.0000	0.0000	0.0000	0.0000	0.0000	0.0000	0.0000	0.0000	0.0000	0.0000	0.0000	0.0000	0.0000	0.0000	0.0000	0.0000	0.0000	0.0000	0.0000	0.0000	0.0000	0.0000	0.0000	0.0000	0.0000	0.0000	0.0000	0.0000	0.0000	0.0000	0.0000	0.0000	0.0000											
2	16	0.1392	4	1	0	1	1	0	0	0	0	N	N	N	N	N	N	N	N	N	N	N	N	0.0000	0.0000	0.0000	0.0000	0.0000	0.0000	0.0000	0.0000	0.0000	0.0000	0.0000	0.0000	0.0000	0.0000	0.0000	0.0000	0.0000	0.0000	0.0000	0.0000	0.0000	2.9121	0.0000	3.0117	0.0000	0.0000	0.0000	0.0000	0.0000	0.0000	0.0000	0.0000	0.0000	0.0000	0.0000	0.0000	0.0000	0.0000	0.0000	0.0000	0.0000	0.0000	0.0000	0.0000	0.0000	0.0000	0.0000	0.0000	0.0000	0.0000	0.0000	0.0000	0.0000	0.0000	0.0000	0.0000	0.0000	0.0000	0.0000	0.0000	0.0000	0.0000	0.0000	0.0000	0.0000	0.0000	0.0000	0.0000	0.0000	0.0000	0.0000	0.0000	0.0000	0.0000	0.0000	0.0000	0.0000	0.0000											
2	17	0.1147	3	1	0	1	1	0	0	0	0	N	N	N	N	N	N	N	N	N	N	N	N	0.0000	0.0000	0.0000	0.0000	0.0000	0.0000	0.0000	0.0000	0.0000	0.0000	0.0000	0.0000	0.0000	0.0000	0.0000	0.0000	0.0000	0.0000	0.0000	0.0000	0.0000	0.1693	0.0000	3.5362	0.0000	0.0000	0.0000	0.0000	0.0000	0.0000	0.0000	0.0000	0.0000	0.0000	0.0000	0.0000	0.0000	0.0000	0.0000	0.0000	0.0000	0.0000	0.0000	0.0000	0.0000	0.0000	0.0000	0.0000	0.0000	0.0000	0.0000	0.0000	0.0000	0.0000	0.0000	0.0000	0.0000	0.0000	0.0000	0.0000	0.0000	0.0000	0.0000	0.0000	0.0000	0.0000	0.0000	0.0000	0.0000	0.0000	0.0000	0.0000	0.0000	0.0000	0.0000	0.0000	0.0000	0.0000											
2	18	0.0824	2	2	0	2	0	0	0	0	0	Y	N	Y	N	N	N	N	N	N	N	N	N	0.0000	0.0000	0.0000	0.0000	0.0000	0.0000	0.0000	0.0000	0.0000	0.0000	0.0000	0.0000	0.0000	0.0000	0.0000	0.0000	0.0000	0.0000	0.0000	0.0000	0.0000	18.0000	0.0000	5.9994	0.0000	0.0000	0.0000	0.0000	0.0000	0.0000	0.0000	0.0000	0.0000	0.0000	0.0000	0.0000	0.0000	0.0000	0.0000	0.0000	0.0000	0.0000	0.0000	0.0000	0.0000	0.0000	0.0000	0.0000	0.0000	0.0000	0.0000	0.0000	0.0000	0.0000	0.0000	0.0000	0.0000	0.0000	0.0000	0.0000	0.0000	0.0000	0.0000	0.0000	0.0000	0.0000	0.0000	0.0000	0.0000	0.0000	0.0000	0.0000	0.0000	0.0000	0.0000	0.0000	0.0000	0.0000											
2	19	0.1503	3	1	1	1	0	0	0	0	0	N	N	N	N	N	N	N	N	N	N	N	N	0.0000	0.0000	0.0000	0.0000	0.0000	0.0000	0.0000	0.0000	0.0000	0.0000	0.0000	0.0000	0.0000	0.0000	0.0000	0.0000	0.0000	0.0000	0.0000	0.0000	0.0000	2.0070	0.0000	1.9996	0.0000	0.0000	0.0000	0.0000	0.0000	0.0000	0.0000	0.0000	0.0000	0.0000	0.0000	0.0000	0.0000	0.0000	0.0000	0.0000	0.0000	0.0000	0.0000	0.0000	0.0000	0.0000	0.0000	0.0000	0.0000	0.0000	0.0000	0.0000	0.0000	0.0000	0.0000	0.0000	0.0000	0.0000	0.0000	0.0000	0.0000	0.0000	0.0000	0.0000	0.0000	0.0000	0.0000	0.0000	0.0000	0.0000	0.0000	0.0000	0.0000	0.0000	0.0000	0.0000	0.0000	0.0000											
2	20	0.0824	2	1	1	1	0	0	0	0	0	N	N	N	N	N	N	N	N	N	N	N	N	0.0000	0.0000	0.0000	0.0000	0.0000	0.0000	0.0000	0.0000	0.0000	0.0000	0.0000	0.0000	0.0000	0.0000	0.0000	0.0000	0.0000	0.0000	0.0000	0.0000	0.0000	9.0000	0.0000	1.0006	0.0000	0.0000	0.0000	0.0000	0.0000	0.0000	0.0000	0.0000	0.0000	0.0000	0.0000	0.0000	0.0000	0.0000	0.0000	0.0000	0.0000	0.0000	0.0000	0.0000	0.0000	0.0000	0.0000	0.0000	0.0000	0.0000	0.0000	0.0000	0.0000	0.0000	0.0000	0.0000	0.0000	0.0000	0.0000	0.0000	0.0000	0.0000	0.0000	0.0000	0.0000	0.0000	0.0000	0.0000	0.0000	0.0000	0.0000	0.0000	0.0000	0.0000	0.0000	0.0000	0.0000	0.0000											
2	21	0.1390	3	2	1	1	0	0	0	0	0	Y	N	N	N	N	N	N	N	N	N	N	N	0.0000	0.0000	0.0000	0.0000	0.0000	0.0000	0.0000	0.0000	0.0000	0.0000	0.0000	0.0000	0.0000	0.0000	0.0000	0.0000	0.0000	0.0000	0.0000	0.0000	0.0000	0.9600	0.0000	1.3160	0.0000	0.0000	0.0000	0.0000	0.0000	0.0000	0.0000	0.0000	0.0000	0.0000	0.0000	0.0000	0.0000	0.0000	0.0000	0.0000	0.0000	0.0000	0.0000	0.0000	0.0000	0.0000	0.0000	0.0000	0.0000	0.0000	0.0000	0.0000	0.0000	0.0000	0.0000	0.0000	0.0000	0.0000	0.0000	0.0000	0.0000	0.0000	0.0000	0.0000	0.0000	0.0000	0.0000	0.0000	0.0000	0.0000	0.0000	0.0000	0.0000	0.0000	0.0000	0.0000	0.0000	0.0000											
2	22	0.1648	4	1	1	1	0	0	0	0	0	N	N	N	N	N	N	N	N	N	N	N	N	0.0000	0.0000	0.0000	0.0000	0.0000	0.0000	0.0000	0.0000	0.0000	0.0000	0.0000	0.0000	0.0000	0.0000	0.0000	0.0000	0.0000	0.0000	0.0000	0.0000	0.0000	0.0000	0.0000	0.0000	0.0000	0.0000	0.0000	0.0000	0.0000	0.0000	0.0000	0.0000	0.0000	0.0000	0.0000	0.0000	0.0000	0.0000	0.0000	0.0000	0.0000	0.0000	0.0000	0.0000	0.0000	0.0000	0.0000	0.0000	0.0000	0.0000	0.0000	0.0000	0.0000	0.0000	0.0000	0.0000	0.0000	0.0000	0.0000	0.0000	0.0000	0.0000	0.0000	0.0000	0.0000	0.0000	0.0000	0.0000	0.0000	0.0000	0.0000	0.0000	0.0000	0.0000	0.0000	0.0000	0.0000	0.0000											
2	23	0.0824	2	2	1	1	0	0	0	0	0	Y	N	N	N	N	N	N	N	N	N	N	N	0.0000	0.0000	0.0000	0.0000	0.0000	0.0000	0.0000	0.0000	0.0000	0.0000	0.0000	0.0000	0.0000	0.0000	0.0000	0.0000	0.0000	0.0000	0.0000	0.0000	0.0000	6.0000	0.0000	4.0006	0.0000	0.0000	0.0000	0.0000	0.0000	0.0000	0.0000	0.0000	0.0000	0.0000	0.0000	0.0000	0.0000	0.0000	0.0000	0.0000	0.0000	0.0000	0.0000	0.0000	0.0000	0.0000	0.0000	0.0000	0.0000	0.0000	0.0000	0.0000	0.0000	0.0000	0.0000	0.0000	0.0000	0.0000	0.0000	0.0000	0.0000	0.0000	0.0000	0.0000	0.0000	0.0000	0.0000	0.0000	0.0000	0.0000	0.0000	0.0000	0.0000	0.0000	0.0000	0.0000	0.0000	0.0000											
2	24	0.0824	2	1	1	1	0	0	0	0	0	N	N	N	N	N	N	N	N	N	N	N	N	0.0000	0.0000	0.0000	0.0000	0.0000	0.0000	0.0000	0.0000	0.0000	0.0000	0.0000	0.0000	0.0000	0.0000	0.0000	0.0000	0.0000	0.0000	0.0000	0.0000	0.0000	4.0000	0.0000	4.9994	0.0000	0.0000	0.0000	0.0000	0.0000	0.0000	0.0000	0.0000	0.0000	0.0000	0.0000	0.0000	0.0000	0.0000	0.0000	0.0000	0.0000	0.0000	0.0000	0.0000	0.0000	0.0000	0.0000	0.0000	0.0000	0.0000	0.0000	0.0000	0.0000	0.0000	0.0000	0.0000	0.0000	0.0000	0.0000	0.0000	0.0000	0.0000	0.0000	0.0000	0.0000	0.0000	0.0000	0.0000	0.0000	0.0000	0.0000	0.0000	0.0000	0.0000	0.0000	0.0000	0.0000	0.0000											
2	25	0.1294	3	1	1	2	1	0	0	0	0	N	N	Y	N	N	N	N	N	N	N	N	N	0.0000	0.0000	0.0000	0.0000	0.0000	0.0000	0.0000	0.0000	0.0000	0.0000	0.0000	0.0000	0.0000	0.0000	0.0000	0.0000	0.0000	0.0000	0.0000	0.0000	0.0000	0.8908	0.0000	1.0730	0.0000	0.0000	0.0000	0.0000	0.0000	0.0000	0.0000	0.0000	0.0000	0.0000	0.0000	0.0000	0.0000	0.0000	0.0000	0.0000	0.0000	0.0000	0.0000	0.0000	0.0000	0.0000	0.0000	0.0000	0.0000	0.0000	0.0000	0.0000	0.0000	0.0000	0.0000	0.0000	0.0000	0.0000	0.0000	0.0000	0.0000	0.0000	0.0000	0.0000	0.0000	0.0000	0.0000	0.0000	0.0000	0.0000	0.0000	0.0000	0.0000	0.0000	0.0000	0.0000	0.0000	0.0000											
2	26	0.0824	2	1	0	1	1	0	0	0	0	N	N	N	N	N	N	N	N	N	N	N	N	0.0000	0.0000	0.0000	0.0000	0.0000	0.0000	0.0000	0.0000	0.0000	0.0000	0.0000	0.0000	0.0000	0.0000	0.0000	0.0000	0.0000	0.0000	0.0000	0.0000	0.0000	3.1159	0.0000	2.1859	0.0000	0.0000	0.0000	0.0000	0.0000	0.0000	0.0000	0.0000	0.0000	0.0000	0.0000	0.0000	0.0000	0.0000	0.0000	0.0000	0.0000	0.0000	0.0000	0.0000	0.0000	0.0000	0.0000	0.0000	0.0000	0.0000	0.0000	0.0000	0.0000	0.0000	0.0000	0.0000	0.0000	0.0000	0.0000	0.0000	0.0000	0.0000	0.0000	0.0000	0.0000	0.0000	0.0000	0.0000	0.0000	0.0000	0.0000	0.0000	0.0000	0.0000	0.0000	0.0000	0.0000	0.0000											
2	27	0.0824	2	1	1	1	0	0	0	0	0	N	N	N	N	N	N	N	N	N	N	N	N	0.0000	0.0000	0.0000	0.0000	0.0000	0.0000	0.0000	0.0000	0.0000	0.0000	0.0000	0.0000	0.0000	0.0000	0.0000	0.0000	0.0000	0.0000	0.0000	0.0000	0.0000	8.0000	0.0000	0.0006	0.0000	0.0000	0.0000	0.0000	0.0000	0.0000	0.0000	0.0000	0.0000	0.0000	0.0000	0.0000	0.0000	0.0000	0.0000	0.0000	0.0000	0.0000	0.0000	0.0000	0.0000	0.0000	0.0000	0.0000	0.0000	0.0000	0.0000	0.0000	0.0000	0.0000	0.0000	0.0000	0.0000	0.0000	0.0000	0.0000	0.0000	0.0000	0.0000	0.0000	0.0000	0.0000	0.0000	0.0000	0.0000	0.0000	0.0000	0.0000	0.0000	0.0000	0.0000	0.0000	0.0000	0.0000											
2	28	0.1581	3	2	1	1	0	0	0	0	0	Y	N	N	N	N	N	N	N	N	N	N	N	0.0000	0.0000	0.0000	0.0000	0.0000	0.0000	0.0000	0.0000	0.0000	0.0000	0.0000	0.0000	0.0000	0.0000	0.0000	0.0000	0.0000	0.0000	0.0000	0.0000	0.0000	2.9919	0.0000	1.1331	0.0000	0.0000	0.0000	0.0000	0.0000	0.0000	0.0000	0.0000	0.0000	0.0000	0.0000	0.0000	0.0000	0.0000	0.0000	0.0000	0.0000	0.0000	0.0000	0.0000	0.0000	0.0000	0.0000	0.0000	0.0000	0.0000	0.0000	0.0000	0.0000	0.0000	0.0000	0.0000	0.0000	0.0000	0.0000	0.0000	0.0000	0.0000	0.0000	0.0000	0.0000	0.0000	0.0000	0.0000	0.0000	0.0000	0.0000	0.0000	0.0000	0.0000	0.0000	0.0000	0.0000	0.0000											
2	29	0.0824	2	1	0	1	0	0	0	0	0	N	N	N	N	N	N	N	N	N	N	N	N	0.0000	0.0000	0.0000	0.0000	0.0000	0.0000	0.0000	0.0000	0.0000	0.0000	0.0000	0.0000	0.0000	0.0000	0.0000	0.0000	0.0000	0.0000	0.0000	0.0000	0.0000	5.0156	0.0000	4.8897	0.0000	0.0000	0.0000	0.0000	0.0000	0.0000	0.0000	0.0000	0.0000	0.0000	0.0000	0.0000	0.0000	0.0000	0.0000	0.0000	0.0000	0.0000	0.0000	0.0000	0.0000	0.0000	0.0000	0.0000	0.0000	0.0000	0.0000	0.0000	0.0000	0.0000	0.0000	0.0000	0.0000	0.0000	0.0000	0.0000	0.0000	0.0000	0.0000	0.0000	0.0000	0.0000	0.0000	0.0000	0.0000	0.0000	0.0000	0.0000	0.0000	0.0000	0.0000	0.0000	0.0000	0.0000											
2	30	0.0956	3	1	1	1	1	0	0	0	0	N	N	N	N	N	N	N	N	N	N	N	N	0.0000	0.0000	0.0000	0.0000	0.0000	0.0000	0.0000	0.0000	0.0000	0.0000	0.0000	0.0000	0.0000	0.0000	0.0000	0.0000	0.0000	0.0000	0.0000	0.0000	0.0000	3.9676	0.0000	1.0007	0.0000	0.0000	0.0000	0.0000	0.0000	0.0000	0.0000	0.0000	0.0000	0.0000	0.0000	0.0000	0.0000	0.0000	0.0000	0.0000	0.0000	0.0000	0.0000	0.0000	0.0000	0.0000	0.0000	0.0000	0.0000	0.0000	0.0000	0.0000	0.0000	0.0000	0.0000	0.0000	0.0000	0.0000	0.0000	0.0000	0.0000	0.0000	0.0000	0.0000	0.0000	0.0000	0.0000	0.0000	0.0000	0.0000	0.0000	0.0000	0.0000	0.0000	0.0000	0.0000	0.0000	0.0000											
2	31	0.0824	2	2	1	1	0	0	0	0	0	Y	N	N	N	N	N	N	N	N	N	N	N	0.0000	0.0000	0.0000	0.0000	0.0000	0.0000	0.0000	0.0000	0.0000	0.0000	0.0000	0.0000	0.0000	0.0000	0.0000	0.0000	0.0000	0.0000	0.0000	0.0000	0.0000	5.0000	0.0000	3.0000	0.0000	0.0000	0.0000	0.0000	0.0000	0.0000	0.0000	0.0000	0.0000	0.0000	0.0000	0.0000	0.0000	0.0000	0.0000	0.0000	0.0000	0.0000	0.0000	0.0000	0.0000	0.0000	0.0000	0.0000	0.0000	0.0000	0.0000	0.0000	0.0000	0.0000	0.0000	0.0000	0.0000	0.0000	0.0000	0.0000	0.0000	0.0000	0.0000	0.0000	0.0000	0.0000	0.0000	0.0000	0.0000	0.0000	0.0000	0.0000	0.0000	0.0000	0.0000	0.0000	0.0000	0.0000											
2	32	0.1245	3	1	0	2	0	0	0	0	0	N	N	Y	N	N	N	N	N	N	N	N	N	0.0000	0.0000	0.0000	0.0000	0.0000	0.0000	0.0000	0.0000	0.0000	0.0000	0.0000	0.0000	0.0000	0.0000	0.0000	0.0000	0.0000	0.0000	0.0000	0.0000	0.0000	0.0319	0.0000	1.0050	0.0000	0.0000	0.0000	0.0000	0.0000	0.0000	0.0000	0.0000	0.0000	0.0000	0.0000	0.0000	0.0000	0.0000	0.0000	0.0000	0.0000	0.0000	0.0000	0.0000	0.0000	0.0000	0.0000	0.0000	0.0000	0.0000	0.0000	0.0000	0.0000	0.0000	0.0000	0.0000	0.0000	0.0000	0.0000	0.0000	0.0000	0.0000	0.0000	0.0000	0.0000	0.0000	0.0000	0.0000	0.0000	0.0000	0.0000	0.0000	0.0000	0.0000	0.0000	0.0000	0.0000	0.0000											
2	33	0.0956	4	1	1	1	0	0	0	0	0	N	N	N	N	N	N	N	N	N	N	N	N	0.0000	0.0000	0.0000	0.0000	0.0000	0.0000	0.0000	0.0000	0.0000	0.0000	0.0000	0.0000	0.0000	0.0000	0.0000	0.0000	0.0000	0.0000	0.0000	0.0000	0.0000	0.0023	0.0000	1.0003	0.0000	0.0000	0.0000	0.0000	0.0000	0.0000	0.0000	0.0000	0.0000	0.0000	0.0000	0.0000	0.0000	0.0000	0.0000	0.0000	0.0000	0.0000	0.0000	0.0000	0.0000	0.0000	0.0000	0.0000	0.0000	0.0000	0.0000	0.0000	0.0000	0.0000	0.0000	0.0000	0.0000	0.0000	0.0000	0.0000	0.0000	0.0000	0.0000	0.0000	0.0000	0.0000	0.0000	0.0000	0.0000	0.0000	0.0000	0.0000	0.0000	0.0000	0.0000	0.0000	0.0000	0.0000											
2	34	0.0824	2	2	0	2	0	0	0	0	0	Y	N	Y	N	N	N	N	N	N	N	N	N	0.0000	0.0000	0.0000	0.0000	0.0000	0.0000	0.0000	0.0000	0.0000	0.0000	0.0000	0.0000	0.0000	0.0000	0.0000	0.0000	0.0000	0.0000	0.0000	0.0000	0.0000	3.0000	0.0000	5.0006	0.0000	0.0000	0.0000	0.0000	0.0000	0.0000	0.0000	0.0000	0.0000	0.0000	0.0000	0.0000	0.0000	0.0000	0.0000	0.0000	0.0000	0.0000	0.0000	0.0000	0.0000	0.0000	0.0000	0.0000	0.0000	0.0000	0.0000	0.0000	0.0000	0.0000	0.0000	0.0000	0.0000	0.0000	0.0000	0.0000	0.0000	0.0000	0.0000	0.0000	0.0000	0.0000	0.0000	0.0000	0.0000	0.0000	0.0000	0.0000	0.0000	0.0000	0.0000	0.0000	0.0000	0.0000											
2	35	0.0824	2	1	1	1	1	0	0	0	0	N	N	N	N	N	N	N	N	N	N	N	N	0.0000	0.0000	0.0000	0.0000	0.0000	0.0000	0.0000	0.0000	0.0000	0.0000	0.0000	0.0000	0.0000	0.0000	0.0000	0.0000	0.0000	0.0000	0.0000	0.0000	0.0000	3.0000	0.0000	2.0006	0.0000	0.0000	0.0000	0.0000	0.0000	0.0000	0.0000	0.0000	0.0000	0.0000	0.0000	0.0000	0.0000	0.0000	0.0000	0.0000	0.0000	0.0000	0.0000	0.0000	0.0000	0.0000	0.0000	0.0000	0.0000	0.0000	0.0000	0.0000	0.0000	0.0000	0.0000	0.0000	0.0000	0.0000	0.0000	0.0000	0.0000	0.0000	0.0000	0.0000	0.0000	0.0000	0.0000	0.0000	0.0000	0.0000	0.0000	0.0000	0.0000	0.0000	0.0000	0.0000	0.0000	0.0000											
2	36	0.0824	2	2	0	2	0	0	0	0	0	Y	N	Y	N	N	N	N	N	N	N	N	N	0.0000	0.0000	0.0000	0.0000	0.0000	0.0000	0.0000	0.0000	0.0000	0.0000	0.0000	0.0000	0.0000	0.0000	0.0000	0.0000	0.0000	0.0000	0.0000	0.0000	0.0000	4.0000	0.0000	5.0006	0.0000	0.0000	0.0000	0.0000	0.0000	0.0000	0.0000	0.0000	0.0000	0.0000	0.0000	0.0000	0.0000	0.0000	0.0000	0.0000	0.0000	0.0000	0.0000	0.0000	0.0000	0.0000	0.0000	0.0000	0.0000	0.0000	0.0000	0.0000	0.0000	0.0000	0.0000	0.0000	0.0000	0.0000	0.0000	0.0000	0.0000	0.0000	0.0000	0.0000	0.0000	0.0000	0.0000	0.0000	0.0000	0.0000	0.0000	0.0000	0.0000	0.0000	0.0000	0.0000	0.0000	0.0000											
2	37	0.0824	2	2	0	2	0	0	0	0	0	Y	N	Y	N	N	N	N	N	N	N	N	N	0.0000	0.0000	0.0000	0.0000	0.0000	0.0000	0.0000	0.0000	0.0000	0.0000	0.0000	0.0000	0.0000	0.0000	0.0000	0.0000	0.0000	0.0000	0.0000	0.0000	0.0000	3.0000	0.0000	4.0006	0.0000	0.0000	0.0000	0.0000	0.0000	0.0000	0.0000	0.0000	0.0000	0.0000	0.0000	0.0000	0.0000	0.0000	0.0000	0.0000	0.0000	0.0000	0.0000	0.0000	0.0000	0.0000	0.0000	0.0000	0.0000	0.0000	0.0000	0.0000	0.0000	0.0000	0.0000	0.0000	0.0000	0.0000	0.0000	0.0000	0.0000	0.0000	0.0000	0.0000	0.0000	0.0000	0.0000	0.0000	0.0000	0.0000	0.0000	0.0000	0.0000	0.0000	0.0000	0.0000	0.0000	0.0000											
2	38	0.0956	4	1	0	2	0	0	0	0	0	N	N	Y	N	N	N	N	N	N	N	N	N	0.0000	0.0000	0.0000	0.0000	0.0000	0.0000	0.0000	0.0000	0.0000	0.0000	0.0000	0.0000	0.0000	0.0000	0.0000	0.0000	0.0000	0.0000	0.0000	0.0000	0.0000	1.0023	0.0000	0.0007	0.0000	0.0000	0.0000	0.0000	0.0000	0.0000	0.0000	0.0000	0.0000	0.0000	0.0000	0.0000	0.0000	0.0000	0.0000	0.0000	0.0000	0.0000	0.0000	0.0000	0.0000	0.0000	0.0000	0.0000	0.0000	0.0000	0.0000	0.0000	0.0000	0.0000	0.0000	0.0000	0.0000	0.0000	0.0000	0.0000	0.0000	0.0000	0.0000	0.0000	0.0000	0.0000	0.0000	0.0000	0.0000	0.0000	0.0000	0.0000	0.0000	0.0000	0.0000	0.0000	0.0000	0.0000											
2	39	0.0956	3	1	0	1	0	0	0	0	0	N	N	N	N	N	N	N	N	N	N	N	N	0.0000	0.0000	0.0000	0.0000	0.0000	0.0000	0.0000	0.0000	0.0000	0.0000	0.0000	0.0000	0.0000	0.0000	0.0000	0.0000	0.0000	0.0000	0.0000	0.0000	0.0000	0.0347	0.0000	0.0013	0.0000	0.0000	0.0000	0.0000	0.0000	0.0000	0.0000	0.0000	0.0000	0.0000	0.0000	0.0000	0.0000	0.0000	0.0000	0.0000	0.0000	0.0000	0.0000	0.0000	0.0000	0.0000	0.0000	0.0000	0.0000	0.0000	0.0000	0.0000	0.0000	0.0000	0.0000	0.0000	0.0000	0.0000	0.0000	0.0000	0.0000	0.0000	0.0000	0.0000	0.0000	0.0000	0.0000	0.0000	0.0000	0.0000	0.0000	0.0000	0.0000	0.0000	0.0000	0.0000	0.0000	0.0000											
2	40	0.0824	2	1	0	1	0	0	0	0	0	N	N	N	N	N	N	N	N	N	N	N	N	0.0000	0.0000	0.0000	0.0000	0.0000	0.0000	0.0000	0.0000	0.0000	0.0000	0.0000	0.0000	0.0000	0.0000	0.0000	0.0000	0.0000	0.0000	0.0000	0.0000	0.0000	3.9674	0.0000	1.0003	0.0000	0.0000	0.0000	0.0000	0.0000	0.0000	0.0000	0.0000	0.0000	0.0000	0.0000	0.0000	0.0000	0.0000	0.0000	0.0000	0.0000	0.0000	0.0000	0.0000	0.0000	0.0000	0.0000	0.0000	0.0000	0.0000	0.0000	0.0000	0.0000	0.0000	0.0000	0.0000	0.0000	0.0000	0.0000	0.0000	0.0000	0.0000	0.0000	0.0000	0.0000	0.0000	0.0000	0.0000	0.0000	0.0000	0.0000	0.0000	0.0000	0.0000	0.0000	0.0000	0.0000	0.0000											
2	41	0.1355	4	1	1	1	0	0	0	0	0	N	N	N	N	N	N	N	N	N	N	N	N	0.0000	0.0000	0.0000	0.0000	0.0000	0.0000	0.0000	0.0000	0.0000	0.0000	0.0000	0.0000	0.0000	0.0000	0.0000	0.0000	0.0000	0.0000	0.0000	0.0000	0.0000	1.0144	0.0000	1.0128	0.0000	0.0000	0.0000	0.0000	0.0000	0.0000	0.0000	0.0000	0.0000	0.0000	0.0000	0.0000	0.0000	0.0000	0.0000	0.0000	0.0000	0.0000	0.0000	0.0000	0.0000	0.0000	0.0000	0.0000	0.0000	0.0000	0.0000	0.0000	0.0000	0.0000	0.0000	0.0000	0.0000	0.0000	0.0000	0.0000	0.0000	0.0000	0.0000	0.0000	0.0000	0.0000	0.0000	0.0000	0.0000	0.0000	0.0000	0.0000	0.0000	0.0000	0.0000	0.0000	0.0000	0.0000											
2	42	0.0824	2	2	1	2	0	0	0	0	0	Y	N	Y	N	N	N	N	N	N	N	N	N	0.0000	0.0000	0.0000	0.0000	0.0000	0.0000	0.0000	0.0000	0.0000	0.0000	0.0000	0.0000	0.0000	0.0000	0.0000	0.0000	0.0000	0.0000	0.0000	0.0000	0.0000	3.0000	0.0000	2.9994	0.0000	0.0000	0.0000	0.0000	0.0000	0.0000	0.0000	0.0000	0.0000	0.0000	0.0000	0.0000	0.0000	0.0000	0.0000	0.0000	0.0000	0.0000	0.0000	0.0000	0.0000	0.0000	0.0000	0.0000	0.0000	0.0000	0.0000	0.0000	0.0000	0.0000	0.0000	0.0000	0.0000	0.0000	0.0000	0.0000	0.0000	0.0000	0.0000	0.0000	0.0000	0.0000	0.0000	0.0000	0.0000	0.0000	0.0000	0.0000	0.0000	0.0000	0.0000	0.0000	0.0000	0.0000											
2	43	0.0824	2	2	1	2	0	0	0	0	0	Y	N	Y	N	N	N	N	N	N	N	N	N	0.0000	0.0000	0.0000	0.0000	0.0000	0.0000	0.0000	0.0000	0.0000	0.0000	0.0000	0.0000	0.0000	0.0000	0.0000	0.0000	0.0000	0.0000	0.0000	0.0000	0.0000	4.0000	0.0000	4.9994	0.0000	0.0000	0.0000	0.0000	0.0000	0.0000	0.0000	0.0000	0.0000	0.0000	0.0000	0.0000	0.0000	0.0000	0.0000	0.0000	0.0000	0.0000	0.0000	0.0000	0.0000	0.0000	0.0000	0.0000	0.0000	0.0000	0.0000	0.0000	0.0000	0.0000	0.0000	0.0000	0.0000	0.0000	0.0000	0.0000	0.0000	0.0000	0.0000	0.0000	0.0000	0.0000	0.0000	0.0000	0.0000	0.0000	0.0000	0.0000	0.0000	0.0000	0.0000	0.0000	0.0000	0.0000											
2	44	0.2200	3	2	1	1	0	0	0	0	0	Y	N	N	N	N	N	N	N	N	N	N	N	0.0000	0.0000	0.0000	0.0000	0.0000	0.0000	0.0000	0.0000	0.0000	0.0000	0.0000	0.0000	0.0000	0.0000	0.0000	0.0000	0.0000	0.0000	0.0000	0.0000	0.0000	2.0000	0.0000	1.0000	0.0000	0.0000	0.0000	0.0000	0.0000	0.0000	0.0000	0.0000	0.0000	0.0000	0.0000	0.0000	0.0000	0.0000	0.0000	0.0000	0.0000	0.0000	0.0000	0.0000	0.0000	0.0000	0.0000	0.0000	0.0000	0.0000	0.0000	0.0000	0.0000	0.0000	0.0000	0.0000	0.0000	0.0000	0.0000	0.0000	0.0000	0.0000	0.0000	0.0000	0.0000	0.0000	0.0000	0.0000	0.0000	0.0000	0.0000	0.0000	0.0000	0.0000	0.0000	0.0000	0.0000	0.0000											
2	45	0.1476	4	1	1	1	1	0	0	0	0	N	N	N	N	N	N	N	N	N	N	N	N	0.0000	0.0000	0.0000	0.0000	0.0000	0.0000	0.0000	0.0000	0.0000	0.0000	0.0000	0.0000	0.0000	0.0000	0.0000	0.0000	0.0000	0.0000	0.0000	0.0000	0.0000	1.0000	0.0000	0.0000	0.0000	0.0000	0.0000	0.0000	0.0000	0.0000	0.0000	0.0000	0.0000	0.0000	0.0000	0.0000	0.0000	0.0000	0.0000	0.0000	0.0000	0.0000	0.0000	0.0000	0.0000	0.0000	0.0000	0.0000	0.0000	0.0000	0.0000	0.0000	0.0000	0.0000	0.0000	0.0000	0.0000	0.0000	0.0000	0.0000	0.0000	0.0000	0.0000	0.0000	0.0000	0.0000	0.0000	0.0000	0.0000	0.0000	0.0000	0.0000	0.0000	0.0000	0.0000	0.0000	0.0000	0.0000											
2	46	0.1476	4	1	0	1	1	0	0	0	0	N	N	N	N	N	N	N	N	N	N	N	N	0.0000	0.0000	0.0000	0.0000	0.0000	0.0000	0.0000	0.0000	0.0000	0.0000	0.0000	0.0000	0.0000	0.0000	0.0000	0.0000	0.0000	0.0000	0.0000	0.0000	0.0000	0.0000	0.0000	0.0000	0.0000	0.0000	0.0000	0.0000	0.0000	0.0000	0.0000	0.0000	0.0000	0.0000	0.0000	0.0000	0.0000	0.0000	0.0000	0.0000	0.0000	0.0000	0.0000	0.0000	0.0000	0.0000	0.0000	0.0000	0.0000	0.0000	0.0000	0.0000	0.0000	0.0000	0.0000	0.0000	0.0000	0.0000	0.0000	0.0000	0.0000	0.0000	0.0000	0.0000	0.0000	0.0000	0.0000	0.0000	0.0000	0.0000	0.0000	0.0000	0.0000	0.0000	0.0000	0.0000	0.0000	0.0000											
2	47	0.1147	3	1	0	1	1	0	0	0	0	N	N	N	N	N	N	N	N	N	N	N	N	0.0000	0.0000	0.0000	0.0000	0.0000	0.0000	0.0000	0.0000	0.0000	0.0000	0.0000	0.0000	0.0000	0.0000	0.0000	0.0000	0.0000	0.0000	0.0000	0.0000	0.0000	2.0873	0.0000	1.9360	0.0000	0.0000	0.0000	0.0000	0.0000	0.0000	0.0000	0.0000	0.0000	0.0000	0.0000	0.0000	0.0000	0.0000	0.0000	0.0000	0.0000	0.0000	0.0000	0.0000	0.0000	0.0000	0.0000	0.0000	0.0000	0.0000	0.0000	0.0000	0.0000	0.0000	0.0000	0.0000	0.0000	0.0000	0.0000	0.0000	0.0000	0.0000	0.0000	0.0000	0.0000	0.0000	0.0000	0.0000	0.0000	0.0000	0.0000	0.0000	0.0000	0.0000	0.0000	0.0000	0.0000	0.0000											
2	48	0.0824	2	1	0	1	1	0	0	0	0	N	N	N	N	N	N	N	N	N	N	N	N	0.0000	0.0000	0.0000	0.0000	0.0000	0.0000	0.0000	0.0000	0.0000	0.0000	0.0000	0.0000	0.0000	0.0000	0.0000	0.0000	0.0000	0.0000	0.0000	0.0000	0.0000	3.9129	0.0000	0.7267	0.0000	0.0000	0.0000	0.0000	0.0000	0.0000	0.0000	0.0000	0.0000	0.0000	0.0000	0.0000	0.0000	0.0000	0.0000	0.0000	0.0000	0.0000	0.0000	0.0000	0.0000	0.0000	0.0000	0.0000	0.0000	0.0000	0.0000	0.0000	0.0000	0.0000	0.0000	0.0000	0.0000	0.0000	0.0000	0.0000	0.0000	0.0000	0.0000	0.0000	0.0000	0.0000	0.0000	0.0000	0.0000	0.0000	0.0000	0.0000	0.0000	0.0000	0.0000	0.0000	0.0000	0.0000											
2	49	0.0824	2	1	1	2	0	0	0	0	0	N	N	Y	N	N	N	N	N	N	N	N	N	0.0000	0.0000	0.0000	0.0000	0.0000	0.0000	0.0000	0.0000	0.0000	0.0000	0.0000	0.0000	0.0000	0.0000	0.0000	0.0000	0.0000	0.0000	0.0000	0.0000	0.0000	6.0000	0.0000	4.0006	0.0000	0.0000	0.0000	0.0000	0.0000	0.0000	0.0000	0.0000	0.0000	0.0000	0.0000	0.0000	0.0000	0.0000	0.0000	0.0000	0.0000	0.0000	0.0000	0.0000	0.0000	0.0000	0.0000	0.0000	0.0000	0.0000	0.0000	0.0000	0.0000	0.0000	0.0000	0.0000	0.0000	0.0000	0.0000	0.0000	0.0000	0.0000	0.0000	0.0000	0.0000	0.0000	0.0000	0.0000	0.0000	0.0000	0.0000	0.0000	0.0000	0.0000	0.0000	0.0000	0.0000	0.0000											
2	50	0.0824	2	2	0	2	0	0	0	0	0	Y	N	Y	N	N	N	N	N	N	N	N	N	0.0000	0.0000	0.0000	0.0000	0.0000	0.0000	0.0000	0.0000	0.0000	0.0000	0.0000	0.0000	0.0000	0.0000	0.0000	0.0000	0.0000	0.0000	0.0000	0.0000	0.0000	6.0000	0.0000	3.0006	0.0000	0.0000	0.0000	0.0000	0.0000	0.0000	0.0000	0.0000	0.0000	0.0000	0.0000	0.0000	0.0000	0.0000	0.0000	0.0000	0.0000	0.0000	0.0000	0.0000	0.0000	0.0000	0.0000	0.0000	0.0000	0.0000	0.0000	0.0000	0.0000	0.0000	0.0000	0.0000	0.0000	0.0000	0.0000	0.0000	0.0000	0.0000	0.0000	0.0000	0.0000	0.0000	0.0000	0.0000	0.0000	0.0000	0.0000	0.0000	0.0000	0.0000	0.0000	0.0000	0.0000	0.0000											
2	51	0.1202	3	2	1	1	0	0	0	0	0	Y	N	N	N	N	N	N	N	N	N	N	N	0.0000	0.0000	0.0000	0.0000	0.0000	0.0000	0.0000	0.0000	0.0000	0.0000	0.0000	0.0000	0.0000	0.0000	0.0000	0.0000	0.0000	0.0000	0.0000	0.0000	0.0000	1.0314	0.0000	3.0033	0.0000	0.0000	0.0000	0.0000	0.0000	0.0000	0.0000	0.0000	0.0000	0.0000	0.0000	0.0000	0.0000	0.0000	0.0000	0.0000	0.0000	0.0000	0.0000	0.0000	0.0000	0.0000	0.0000	0.0000	0.0000	0.0000	0.0000	0.0000	0.0000	0.0000	0.0000	0.0000	0.0000	0.0000	0.0000	0.0000	0.0000	0.0000	0.0000	0.0000	0.0000	0.0000	0.0000	0.0000	0.0000	0.0000	0.0000	0.0000	0.0000	0.0000	0.0000	0.0000	0.0000	0.0000											
2	52	0.0824	2	2	1	1	0	0	0	0	0	Y	N	N	N	N	N	N	N	N	N	N	N	0.0000	0.0000	0.0000	0.0000	0.0000	0.0000	0.0000	0.0000	0.0000	0.0000	0.0000	0.0000	0.0000	0.0000	0.0000	0.0000	0.0000	0.0000	0.0000	0.0000	0.0000	4.9791	0.0000	0.0710	0.0000	0.0000	0.0000	0.0000	0.0000	0.0000	0.0000	0.0000	0.0000	0.0000	0.0000	0.0000	0.0000	0.0000	0.0000	0.0000	0.0000	0.0000	0.0000	0.0000	0.0000	0.0000	0.0000	0.0000	0.0000	0.0000	0.0000	0.0000	0.0000	0.0000	0.0000	0.0000	0.0000	0.0000	0.0000	0.0000	0.0000	0.0000	0.0000	0.0000	0.0000	0.0000	0.0000	0.0000	0.0000	0.0000	0.0000	0.0000	0.0000	0.0000	0.0000	0.0000	0.0000	0.0000											
2	53	0.0824	2	1	1	1	0	0	0	0	0	N	N	N	N	N	N	N	N	N	N	N	N	0.0000	0.0000	0.0000	0.0000	0.0000	0.0000	0.0000	0.0000	0.0000	0.0000	0.0000	0.0000	0.0000	0.0000	0.0000	0.0000	0.0000	0.0000	0.0000	0.0000	0.0000	6.0000	0.0000	4.0006	0.0000	0.0000	0.0000	0.0000	0.0000	0.0000	0.0000	0.0000	0.0000	0.0000	0.0000	0.0000	0.0000	0.0000	0.0000	0.0000	0.0000	0.0000	0.0000	0.0000	0.0000	0.0000	0.0000	0.0000	0.0000	0.0000	0.0000	0.0000	0.0000	0.0000	0.0000	0.0000	0.0000	0.0000	0.0000	0.0000	0.0000	0.0000	0.0000	0.0000	0.0000	0.0000	0.0000	0.0000	0.0000	0.0000	0.0000	0.0000	0.0000	0.0000	0.0000	0.0000	0.0000	0.0000											
2	54	0.1355	4	1	0	2	0	0	0	0	0	N	N	Y	N	N	N	N	N	N	N	N	N	0.0000	0.0000	0.0000	0.0000	0.0000	0.0000	0.0000	0.0000	0.0000	0.0000	0.0000	0.0000	0.0000	0.0000	0.0000	0.0000	0.0000	0.0000	0.0000	0.0000	0.0000	0.0147	0.0000	0.9910	0.0000	0.0000	0.0000	0.0000	0.0000	0.0000	0.0000	0.0000	0.0000	0.0000	0.0000	0.0000	0.0000	0.0000	0.0000	0.0000	0.0000	0.0000	0.0000	0.0000	0.0000	0.0000	0.0000	0.0000	0.0000	0.0000	0.0000	0.0000	0.0000	0.0000	0.0000	0.0000	0.0000	0.0000	0.0000	0.0000	0.0000	0.0000	0.0000	0.0000	0.0000	0.0000	0.0000	0.0000	0.0000	0.0000	0.0000	0.0000	0.0000	0.0000	0.0000	0.0000	0.0000	0.0000											
2	55	0.1245	3	1	0	1	0	0	0	0	0	N	N	N	N	N	N	N	N	N	N	N	N	0.0000	0.0000	0.0000	0.0000	0.0000	0.0000	0.0000	0.0000	0.0000	0.0000	0.0000	0.0000	0.0000	0.0000	0.0000	0.0000	0.0000	0.0000	0.0000	0.0000	0.0000	0.9556	0.0000	1.0192	0.0000	0.0000	0.0000	0.0000	0.0000	0.0000	0.0000	0.0000	0.0000	0.0000	0.0000	0.0000	0.0000	0.0000	0.0000	0.0000	0.0000	0.0000	0.0000	0.0000	0.0000	0.0000	0.0000	0.0000	0.0000	0.0000	0.0000	0.0000	0.0000	0.0000	0.0000	0.0000	0.0000	0.0000	0.0000	0.0000	0.0000	0.0000	0.0000	0.0000	0.0000	0.0000	0.0000	0.0000	0.0000	0.0000	0.0000	0.0000	0.0000	0.0000	0.0000	0.0000	0.0000	0.0000											
2	56	0.0824	2	1	0	1	0	0	0	0	0	N	N	N	N	N	N	N	N	N	N	N	N	0.0000	0.0000	0.0000	0.0000	0.0000	0.0000	0.0000	0.0000	0.0000	0.0000	0.0000	0.0000	0.0000	0.0000	0.0000	0.0000	0.0000	0.0000	0.0000	0.0000	0.0000	3.0309	0.0000	3.0097	0.0000	0.0000	0.0000	0.0000	0.0000	0.0000	0.0000	0.0000	0.0000	0.0000	0.0000	0.0000	0.0000	0.0000	0.0000	0.0000	0.0000	0.0000	0.0000	0.0000	0.0000	0.0000	0.0000	0.0000	0.0000	0.0000	0.0000	0.0000	0.0000	0.0000	0.0000	0.0000	0.0000	0.0000	0.0000	0.0000	0.0000	0.0000	0.0000	0.0000	0.0000	0.0000	0.0000	0.0000	0.0000	0.0000	0.0000	0.0000	0.0000	0.0000	0.0000	0.0000	0.0000	0.0000											
2	57	0.0824	2	1	0	1	0	0	0	0	0	N	N	N	N	N	N	N	N	N	N	N	N	0.0000	0.0000	0.0000	0.0000	0.0000	0.0000	0.0000	0.0000	0.0000	0.0000	0.0000	0.0000	0.0000	0.0000	0.0000	0.0000	0.0000	0.0000	0.0000	0.0000	0.0000	3.0000	0.0000	3.0006	0.0000	0.0000	0.0000	0.0000	0.0000	0.0000	0.0000	0.0000	0.0000	0.0000	0.0000	0.0000	0.0000	0.0000	0.0000	0.0000	0.0000	0.0000	0.0000	0.0000	0.0000	0.0000	0.0000	0.0000	0.0000	0.0000	0.0000	0.0000	0.0000	0.0000	0.0000	0.0000	0.0000	0.0000	0.0000	0.0000	0.0000	0.0000	0.0000	0.0000	0.0000	0.0000	0.0000	0.0000	0.0000	0.0000	0.0000	0.0000	0.0000	0.0000	0.0000	0.0000	0.0000	0.0000											
2	58	0.2280	4	1	0	1	0	0	0	0	0	N	N	N	N	N	N	N	N	N	N	N	N	0.0000	0.0000	0.0000	0.0000	0.0000	0.0000	0.0000	0.0000	0.0000	0.0000	0.0000	0.0000	0.0000	0.0000	0.0000	0.0000	0.0000	0.0000	0.0000	0.0000	0.0000	10.2575	0.0000	3.8960	0.0000	0.0000	0.0000	0.0000	0.0000	0.0000	0.0000	0.0000	0.0000	0.0000	0.0000	0.0000	0.0000	0.0000	0.0000	0.0000	0.0000	0.0000	0.0000	0.0000	0.0000	0.0000	0.0000	0.0000	0.0000	0.0000	0.0000	0.0000	0.0000	0.0000	0.0000	0.0000	0.0000	0.0000	0.0000	0.0000	0.0000	0.0000	0.0000	0.0000	0.0000	0.0000	0.0000	0.0000	0.0000	0.0000	0.0000	0.0000	0.0000	0.0000	0.0000	0.0000	0.0000	0.0000											
2	59	0.2020	3	2	1	2	0	0	0	0	0	Y	N	Y	N	N	N	N	N	N	N	N	N	0.0000	0.0000	0.0000	0.0000	0.0000	0.0000	0.0000	0.0000	0.0000	0.0000	0.0000	0.0000	0.0000	0.0000	0.0000	0.0000	0.0000	0.0000	0.0000	0.0000	0.0000	0.0000	0.0000	0.0000	0.0000	0.0000	0.0000	0.0000	0.0000	0.0000	0.0000	0.0000	0.0000	0.0000	0.0000	0.0000	0.0000	0.0000	0.0000	0.0000	0.0000	0.0000	0.0000	0.0000	0.0000	0.0000	0.0000	0.0000	0.0000	0.0000	0.0000	0.0000	0.0000	0.0000	0.0000	0.0000	0.0000	0.0000	0.0000	0.0000	0.0000	0.0000	0.0000	0.0000	0.0000	0.0000	0.0000	0.0000	0.0000	0.0000	0.0000	0.0000	0.0000	0.0000	0.0000	0.0000	0.0000	0.0000											
2	60	0.0824	2	2	0	2	0	0	0	0	0	Y	N	Y	N	N	N	N	N	N	N	N	N	0.0000	0.0000	0.0000	0.0000	0.0000	0.0000	0.0000	0.0000	0.0000	0.0000	0.0000	0.0000	0.0000	0.0000	0.0000	0.0000	0.0000	0.0000	0.0000	0.0000	0.0000	7.0000	0.0000	3.9994	0.0000	0.0000	0.0000	0.0000	0.0000	0.0000	0.0000	0.0000	0.0000	0.0000	0.0000	0.0000	0.0000	0.0000	0.0000	0.0000	0.0000	0.0000	0.0000	0.0000	0.0000	0.0000	0.0000	0.0000	0.0000	0.0000	0.0000	0.0000	0.0000	0.0000	0.0000	0.0000	0.0000	0.0000	0.0000	0.0000	0.0000	0.0000	0.0000	0.0000	0.0000	0.0000	0.0000	0.0000	0.0000	0.0000	0.0000	0.0000	0.0000	0.0000	0.0000	0.0000	0.0000	0.0000											
2	63	0.0824	2	1	1	1	0	0	0	0	0	N	N	N	N	N	N	N	N	N	N	N	N	0.0000	0.0000	0.0000	0.0000	0.0000	0.0000	0.0000	0.0000	0.0000	0.0000	0.0000	0.0000	0.0000	0.0000	0.0000	0.0000	0.0000	0.0000	0.0000	0.0000	0.0000	7.0000	0.0000	4.0000	0.0000	0.0000	0.0000	0.0000	0.0000	0.0000	0.0000	0.0000	0.0000	0.0000	0.0000	0.0000	0.0000	0.0000	0.0000	0.0000	0.0000	0.0000	0.0000	0.0000	0.0000	0.0000	0.0000	0.0000	0.0000	0.0000	0.0000	0.0000	0.0000	0.0000	0.0000	0.0000	0.0000	0.0000	0.0000	0.0000	0.0000	0.0000	0.0000	0.0000	0.0000	0.0000	0.0000	0.0000	0.0000	0.0000	0.0000	0.0000	0.0000	0.0000	0.0000	0.0000	0.0000	0.0000											
2	64	0.1891	5	1	0	2	0	0	0	0	0	N	N	Y	N	N	N	N	N	N	N	N	N	0.0000	0.0000	0.0000	0.0000	0.0000	0.0000	0.0000	0.0000	0.0000	0.0000	0.0000	0.0000	0.0000	0.0000	0.0000	0.0000	0.0000	0.0000	0.0000	0.0000	0.0000	0.0000	0.0000	0.0000	0.0000	0.0000	0.0000	0.0000	0.0000	0.0000	0.0000	0.0000	0.0000	0.0000	0.0000	0.0000	0.0000	0.0000	0.0000	0.0000	0.0000	0.0000	0.0000	0.0000	0.0000	0.0000	0.0000	0.0000	0.0000	0.0000	0.0000	0.0000	0.0000	0.0000	0.0000	0.0000	0.0000	0.0000	0.0000	0.0000	0.0000	0.0000	0.0000	0.0000	0.0000	0.0000	0.0000	0.0000	0.0000	0.0000	0.0000	0.0000	0.0000	0.0000	0.0000	0.0000	0.0000	0.0000											
2	65	0.1648	4	1	0	2	0	0	0	0	0	N	N	Y	N	N	N	N	N	N	N	N	N	0.0000	0.0000	0.0000	0.0000	0.0000	0.0000	0.0000	0.0000	0.0000	0.0000	0.0000	0.0000	0.0000	0.0000	0.0000	0.0000	0.0000	0.0000	0.0000	0.0000	0.0000	0.8734	0.0000	1.0002	0.0000	0.0000	0.0000	0.0000	0.0000	0.0000	0.0000	0.0000	0.0000	0.0000	0.0000	0.0000	0.0000	0.0000	0.0000	0.0000	0.0000	0.0000	0.0000	0.0000	0.0000	0.0000	0.0000	0.0000	0.0000	0.0000	0.0000	0.0000	0.0000	0.0000	0.0000	0.0000	0.0000	0.0000	0.0000	0.0000	0.0000	0.0000	0.0000	0.0000	0.0000	0.0000	0.0000	0.0000	0.0000	0.0000	0.0000	0.0000	0.0000	0.0000	0.0000	0.0000	0.0000	0.0000											
2	66	0.1503	3	1	0	1	0	0	0	0	0	N	N	N	N	N	N	N	N	N	N	N	N	0.0000	0.0000	0.0000	0.0000	0.0000	0.0000	0.0000	0.0000	0.0000	0.0000	0.0000	0.0000	0.0000	0.0000	0.0000	0.0000	0.0000	0.0000	0.0000	0.0000	0.0000	1.0063	0.0000	0.0727	0.0000	0.0000	0.0000	0.0000	0.0000	0.0000	0.0000	0.0000	0.0000	0.0000	0.0000	0.0000	0.0000	0.0000	0.0000	0.0000	0.0000	0.0000	0.0000	0.0000	0.0000	0.0000	0.0000	0.0000	0.0000	0.0000	0.0000	0.0000	0.0000	0.0000	0.0000	0.0000	0.0000	0.0000	0.0000	0.0000	0.0000	0.0000	0.0000	0.0000	0.0000	0.0000	0.0000	0.0000	0.0000	0.0000	0.0000	0.0000	0.0000	0.0000	0.0000	0.0000	0.0000	0.0000											
2	67	0.0824	2	1	0	1	0	0	0	0	0	N	N	N	N	N	N	N	N	N	N	N	N	0.0000	0.0000	0.0000	0.0000	0.0000	0.0000	0.0000	0.0000	0.0000	0.0000	0.0000	0.0000	0.0000	0.0000	0.0000	0.0000	0.0000	0.0000	0.0000	0.0000	0.0000	4.0009	0.0000	1.0789	0.0000	0.0000	0.0000	0.0000	0.0000	0.0000	0.0000	0.0000	0.0000	0.0000	0.0000	0.0000	0.0000	0.0000	0.0000	0.0000	0.0000	0.0000	0.0000	0.0000	0.0000	0.0000	0.0000	0.0000	0.0000	0.0000	0.0000	0.0000	0.0000	0.0000	0.0000	0.0000	0.0000	0.0000	0.0000	0.0000	0.0000	0.0000	0.0000	0.0000	0.0000	0.0000	0.0000	0.0000	0.0000	0.0000	0.0000	0.0000	0.0000	0.0000	0.0000	0.0000	0.0000	0.0000											
2	68	0.0824	2	1	1	1	0	0	0	0	0	N	N	N	N	N	N	N	N	N	N	N	N	0.0000	0.0000	0.0000	0.0000	0.0000	0.0000	0.0000	0.0000	0.0000	0.0000	0.0000	0.0000	0.0000	0.0000	0.0000	0.0000	0.0000	0.0000	0.0000	0.0000	0.0000	5.0000	0.0000	3.9994	0.0000	0.0000	0.0000	0.0000	0.0000	0.0000	0.0000	0.0000	0.0000	0.0000	0.0000	0.0000	0.0000	0.0000	0.0000	0.0000	0.0000	0.0000	0.0000	0.0000	0.0000	0.0000	0.0000	0.0000	0.0000	0.0000	0.0000	0.0000	0.0000	0.0000	0.0000	0.0000	0.0000	0.0000	0.0000	0.0000	0.0000	0.0000	0.0000	0.0000	0.0000	0.0000	0.0000	0.0000	0.0000	0.0000	0.0000	0.0000	0.0000	0.0000	0.0000	0.0000	0.0000	0.0000											
2	69	0.0824	2	2	0	2	0	0	0	0	0	Y	N	Y	N	N	N	N	N	N	N	N	N	0.0000	0.0000	0.0000	0.0000	0.0000	0.0000	0.0000	0.0000	0.0000	0.0000	0.0000	0.0000	0.0000	0.0000	0.0000	0.0000	0.0000	0.0000	0.0000	0.0000	0.0000	7.0000	0.0000	2.9994	0.0000	0.0000	0.0000	0.0000	0.0000	0.0000	0.0000	0.0000	0.0000	0.0000	0.0000	0.0000	0.0000	0.0000	0.0000	0.0000	0.0000	0.0000	0.0000	0.0000	0.0000	0.0000	0.0000	0.0000	0.0000	0.0000	0.0000	0.0000	0.0000	0.0000	0.0000	0.0000	0.0000	0.0000	0.0000	0.0000	0.0000	0.0000	0.0000	0.0000	0.0000	0.0000	0.0000	0.0000	0.0000	0.0000	0.0000	0.0000	0.0000	0.0000	0.0000	0.0000	0.0000	0.0000											
2	70	0.0824	2	1	1	1	1	0	0	0	0	N	N	N	N	N	N	N	N	N	N	N	N	0.0000	0.0000	0.0000	0.0000	0.0000	0.0000	0.0000	0.0000	0.0000	0.0000	0.0000	0.0000	0.0000	0.0000	0.0000	0.0000	0.0000	0.0000	0.0000	0.0000	0.0000	4.0000	0.0000	5.0006	0.0000	0.0000	0.0000	0.0000	0.0000	0.0000	0.0000	0.0000	0.0000	0.0000	0.0000	0.0000	0.0000	0.0000	0.0000	0.0000	0.0000	0.0000	0.0000	0.0000	0.0000	0.0000	0.0000	0.0000	0.0000	0.0000	0.0000	0.0000	0.0000	0.0000	0.0000	0.0000	0.0000	0.0000	0.0000	0.0000	0.0000	0.0000	0.0000	0.0000	0.0000	0.0000	0.0000	0.0000	0.0000	0.0000	0.0000	0.0000	0.0000	0.0000	0.0000	0.0000	0.0000	0.0000											
2	71	0.0824	2	1	1	1	0	0	0	0	0	N	N	N	N	N	N	N	N	N	N	N	N	0.0000	0.0000	0.0000	0.0000	0.0000	0.0000	0.0000	0.0000	0.0000	0.0000	0.0000	0.0000	0.0000	0.0000	0.0000	0.0000	0.0000	0.0000	0.0000	0.0000	0.0000	7.0000	0.0000	4.9994	0.0000	0.0000	0.0000	0.0000	0.0000	0.0000	0.0000	0.0000	0.0000	0.0000	0.0000	0.0000	0.0000	0.0000	0.0000	0.0000	0.0000	0.0000	0.0000	0.0000	0.0000	0.0000	0.0000	0.0000	0.0000	0.0000	0.0000	0.0000	0.0000	0.0000	0.0000	0.0000	0.0000	0.0000	0.0000	0.0000	0.0000	0.0000	0.0000	0.0000	0.0000	0.0000	0.0000	0.0000	0.0000	0.0000	0.0000	0.0000	0.0000	0.0000	0.0000	0.0000	0.0000	0.0000											
2	72	0.1390	3	1	1	1	0	0	0	0	0	N	N	N	N	N	N	N	N	N	N	N	N	0.0000	0.0000	0.0000	0.0000	0.0000	0.0000	0.0000	0.0000	0.0000	0.0000	0.0000	0.0000	0.0000	0.0000	0.0000	0.0000	0.0000	0.0000	0.0000	0.0000	0.0000	4.7764	0.0000	1.3205	0.0000	0.0000	0.0000	0.0000	0.0000	0.0000	0.0000	0.0000	0.0000	0.0000	0.0000	0.0000	0.0000	0.0000	0.0000	0.0000	0.0000	0.0000	0.0000	0.0000	0.0000	0.0000	0.0000	0.0000	0.0000	0.0000	0.0000	0.0000	0.0000	0.0000	0.0000	0.0000	0.0000	0.0000	0.0000	0.0000	0.0000	0.0000	0.0000	0.0000	0.0000	0.0000	0.0000	0.0000	0.0000	0.0000	0.0000	0.0000	0.0000	0.0000	0.0000	0.0000	0.0000	0.0000											
2	73	0.0824	2	1	1	1	0	0	0	0	0	N	N	N	N	N	N	N	N	N	N	N	N	0.0000	0.0000	0.0000	0.0000	0.0000	0.0000	0.0000	0.0000	0.0000	0.0000	0.0000	0.0000	0.0000	0.0000	0.0000	0.0000	0.0000	0.0000	0.0000	0.0000	0.0000	3.3049	0.0000	2.7470	0.0000	0.0000	0.0000	0.0000	0.0000	0.0000	0.0000	0.0000	0.0000	0.0000	0.0000	0.0000	0.0000	0.0000	0.0000	0.0000	0.0000	0.0000	0.0000	0.0000	0.0000	0.0000	0.0000	0.0000	0.0000	0.0000	0.0000	0.0000	0.0000	0.0000	0.0000	0.0000	0.0000	0.0000	0.0000	0.0000	0.0000	0.0000	0.0000	0.0000	0.0000	0.0000	0.0000	0.0000	0.0000	0.0000	0.0000	0.0000	0.0000	0.0000	0.0000	0.0000	0.0000	0.0000											
2	74	0.1412	3	1	1	1	0	0	0	0	0	N	N	N	N	N	N	N	N	N	N	N	N	0.0000	0.0000	0.0000	0.0000	0.0000	0.0000	0.0000	0.0000	0.0000	0.0000	0.0000	0.0000	0.0000	0.0000	0.0000	0.0000	0.0000	0.0000	0.0000	0.0000	0.0000	0.0000	0.0000	0.0000	0.0000	0.0000	0.0000	0.0000	0.0000	0.0000	0.0000	0.0000	0.0000	0.0000	0.0000	0.0000	0.0000	0.0000	0.0000	0.0000	0.0000	0.0000	0.0000	0.0000	0.0000	0.0000	0.0000	0.0000	0.0000	0.0000	0.0000	0.0000	0.0000	0.0000	0.0000	0.0000	0.0000	0.0000	0.0000	0.0000	0.0000	0.0000	0.0000	0.0000	0.0000	0.0000	0.0000	0.0000	0.0000	0.0000	0.0000	0.0000	0.0000	0.0000	0.0000	0.0000	0.0000	0.0000											
2	75	0.0824	2	1	1	1	0	0	0	0	0	N	N	N	N	N	N	N	N	N	N	N	N	0.0000	0.0000	0.0000	0.0000	0.0000	0.0000	0.0000	0.0000	0.0000	0.0000	0.0000	0.0000	0.0000	0.0000	0.0000	0.0000	0.0000	0.0000	0.0000	0.0000	0.0000	4.3567	0.0000	2.3689	0.0000	0.0000	0.0000	0.0000	0.0000	0.0000	0.0000	0.0000	0.0000	0.0000	0.0000	0.0000	0.0000	0.0000	0.0000	0.0000	0.0000	0.0000	0.0000	0.0000	0.0000	0.0000	0.0000	0.0000	0.0000	0.0000	0.0000	0.0000	0.0000	0.0000	0.0000	0.0000	0.0000	0.0000	0.0000	0.0000	0.0000	0.0000	0.0000	0.0000	0.0000	0.0000	0.0000	0.0000	0.0000	0.0000	0.0000	0.0000	0.0000	0.0000	0.0000	0.0000	0.0000	0.0000											
2	76	0.1498	5	2	1	1	1	0	0	0	0	Y	N	N	N	N	N	N	N	N	N	N	N	0.0000	0.0000	0.0000	0.0000	0.0000	0.0000	0.0000	0.0000	0.0000	0.0000	0.0000	0.0000	0.0000	0.0000	0.0000	0.0000	0.0000	0.0000	0.0000	0.0000	0.0000	0.0000	0.0000	0.0000	0.0000	0.0000	0.0000	0.0000	0.0000	0.0000	0.0000	0.0000	0.0000	0.0000	0.0000	0.0000	0.0000	0.0000	0.0000	0.0000	0.0000	0.0000	0.0000	0.0000	0.0000	0.0000	0.0000	0.0000	0.0000	0.0000	0.0000	0.0000	0.0000	0.0000	0.0000	0.0000	0.0000	0.0000	0.0000	0.0000	0.0000	0.0000	0.0000	0.0000	0.0000	0.0000	0.0000	0.0000	0.0000	0.0000	0.0000	0.0000	0.0000	0.0000	0.0000	0.0000	0.0000	0.0000											
2	77	0.1415	4	2	1	1	1	0	0	0	0	Y	N	N	N	N	N	N	N	N	N	N	N	0.0000	0.0000	0.0000	0.0000	0.0000	0.0000	0.0000	0.0000	0.0000	0.0000	0.0000	0.0000	0.0000	0.0000	0.0000	0.0000	0.0000	0.0000	0.0000	0.0000	0.0000	1.0073	0.0000	0.3366	0.0000	0.0000	0.0000	0.0000	0.0000	0.0000	0.0000	0.0000	0.0000	0.0000	0.0000	0.0000	0.0000	0.0000	0.0000	0.0000	0.0000	0.0000	0.0000	0.0000	0.0000	0.0000	0.0000	0.0000	0.0000	0.0000	0.0000	0.0000	0.0000	0.0000	0.0000	0.0000	0.0000	0.0000	0.0000	0.0000	0.0000	0.0000	0.0000	0.0000	0.0000	0.0000	0.0000	0.0000	0.0000	0.0000	0.0000	0.0000	0.0000	0.0000	0.0000	0.0000	0.0000	0.0000											
2	78	0.1673	4	1	1	1	1	0	0	0	0	N	N	N	N	N	N	N	N	N	N	N	N	0.0000	0.0000	0.0000	0.0000	0.0000	0.0000	0.0000	0.0000	0.0000	0.0000	0.0000	0.0000	0.0000	0.0000	0.0000	0.0000	0.0000	0.0000	0.0000	0.0000	0.0000	0.0000	0.0000	0.0000	0.0000	0.0000	0.0000	0.0000	0.0000	0.0000	0.0000	0.0000	0.0000	0.0000	0.0000	0.0000	0.0000	0.0000	0.0000	0.0000	0.0000	0.0000	0.0000	0.0000	0.0000	0.0000	0.0000	0.0000	0.0000	0.0000	0.0000	0.0000	0.0000	0.0000	0.0000	0.0000	0.0000	0.0000	0.0000	0.0000	0.0000	0.0000	0.0000	0.0000	0.0000	0.0000	0.0000	0.0000	0.0000	0.0000	0.0000	0.0000	0.0000	0.0000	0.0000	0.0000	0.0000	0.0000											
2	79	0.1590	3	1	1	1	1	0	0	0	0	N	N	N	N	N	N	N	N	N	N	N	N	0.0000	0.0000	0.0000	0.0000	0.0000	0.0000	0.0000	0.0000	0.0000	0.0000	0.0000	0.0000	0.0000	0.0000	0.0000	0.0000	0.0000	0.0000	0.0000	0.0000	0.0000	0.0000	0.0000	1.0000	0.0000	0.0000	0.0000	0.0000	0.0000	0.0000	0.0000	0.0000	0.0000	0.0000	0.0000	0.0000	0.0000	0.0000	0.0000	0.0000	0.0000	0.0000	0.0000	0.0000	0.0000	0.0000	0.0000	0.0000	0.0000	0.0000	0.0000	0.0000	0.0000	0.0000	0.0000	0.0000	0.0000	0.0000	0.0000	0.0000	0.0000	0.0000	0.0000	0.0000	0.0000	0.0000	0.0000	0.0000	0.0000	0.0000	0.0000	0.0000	0.0000	0.0000	0.0000	0.0000	0.0000	0.0000											
2	80	0.1415	4	1	1	1	0	0	0	0	0	N	N	N	N	N	N	N	N	N	N	N	N	0.0000	0.0000	0.0000	0.0000	0.0000	0.0000	0.0000	0.0000	0.0000	0.0000	0.0000	0.0000	0.0000	0.0000	0.0000	0.0000	0.0000	0.0000	0.0000	0.0000	0.0000	3.9927	0.0000	1.0002	0.0000	0.0000	0.0000	0.0000	0.0000	0.0000	0.0000	0.0000	0.0000	0.0000	0.0000	0.0000	0.0000	0.0000	0.0000	0.0000	0.0000	0.0000	0.0000	0.0000	0.0000	0.0000	0.0000	0.0000	0.0000	0.0000	0.0000	0.0000	0.0000	0.0000	0.0000	0.0000	0.0000	0.0000	0.0000	0.0000	0.0000	0.0000	0.0000	0.0000	0.0000	0.0000	0.0000	0.0000	0.0000	0.0000	0.0000	0.0000	0.0000	0.0000	0.0000	0.0000	0.0000	0.0000											
2	81	0.1368	3	1	1	1	0	0	0	0	0	N	N	N	N	N	N	N	N	N	N	N	N	0.0000	0.0000	0.0000	0.0000	0.0000	0.0000	0.0000	0.0000	0.0000	0.0000	0.0000	0.0000	0.0000	0.0000	0.0000	0.0000	0.0000	0.0000	0.0000	0.0000	0.0000	0.0110	0.0000	0.6549	0.0000	0.0000	0.0000	0.0000	0.0000	0.0000	0.0000	0.0000	0.0000	0.0000	0.0000	0.0000	0.0000	0.0000	0.0000	0.0000	0.0000	0.0000	0.0000	0.0000	0.0000	0.0000	0.0000	0.0000	0.0000	0.0000	0.0000	0.0000	0.0000	0.0000	0.0000	0.0000	0.0000	0.0000	0.0000	0.0000	0.0000	0.0000	0.0000	0.0000	0.0000	0.0000	0.0000	0.0000	0.0000	0.0000	0.0000	0.0000	0.0000	0.0000	0.0000	0.0000	0.0000	0.0000											
2	82	0.1590	3	1	0	2	1	0	0	0	0	N	N	Y	N	N	N	N	N	N	N	N	N	0.0000	0.0000	0.0000	0.0000	0.0000	0.0000	0.0000	0.0000	0.0000	0.0000	0.0000	0.0000	0.0000	0.0000	0.0000	0.0000	0.0000	0.0000	0.0000	0.0000	0.0000	1.0000	0.0000	0.0000	0.0000	0.0000	0.0000	0.0000	0.0000	0.0000	0.0000	0.0000	0.0000	0.0000	0.0000	0.0000	0.0000	0.0000	0.0000	0.0000	0.0000	0.0000	0.0000	0.0000	0.0000	0.0000	0.0000	0.0000	0.0000	0.0000	0.0000	0.0000	0.0000	0.0000	0.0000	0.0000	0.0000	0.0000	0.0000	0.0000	0.0000	0.0000	0.0000	0.0000	0.0000	0.0000	0.0000	0.0000	0.0000	0.0000	0.0000	0.0000	0.0000	0.0000	0.0000	0.0000	0.0000	0.0000											
2	83	0.1590	3	1	0	2	1	0	0	0	0	N	N	Y	N	N	N	N	N	N	N	N	N	0.0000	0.0000	0.0000	0.0000	0.0000	0.0000	0.0000	0.0000	0.0000	0.0000	0.0000	0.0000	0.0000	0.0000	0.0000	0.0000	0.0000	0.0000	0.0000	0.0000	0.0000	0.0000	0.0000	0.0000	0.0000	0.0000	0.0000	0.0000	0.0000	0.0000	0.0000	0.0000	0.0000	0.0000	0.0000	0.0000	0.0000	0.0000	0.0000	0.0000	0.0000	0.0000	0.0000	0.0000	0.0000	0.0000	0.0000	0.0000	0.0000	0.0000	0.0000	0.0000	0.0000	0.0000	0.0000	0.0000	0.0000	0.0000	0.0000	0.0000	0.0000	0.0000	0.0000	0.0000	0.0000	0.0000	0.0000	0.0000	0.0000	0.0000	0.0000	0.0000	0.0000	0.0000	0.0000	0.0000	0.0000	0.0000											
2	84	0.0824	2	1	0	1	1	0	0	0	0	N	N	N	N	N	N	N	N	N	N	N	N	0.0000	0.0000	0.0000	0.0000	0.0000	0.0000	0.0000	0.0000	0.0000	0.0000	0.0000	0.0000	0.0000	0.0000	0.0000	0.0000	0.0000	0.0000	0.0000	0.0000	0.0000	3.0000	0.0000	5.9994	0.0000	0.0000	0.0000	0.0000	0.0000	0.0000	0.0000	0.0000	0.0000	0.0000	0.0000	0.0000	0.0000	0.0000	0.0000	0.0000	0.0000	0.0000	0.0000	0.0000	0.0000	0.0000	0.0000	0.0000	0.0000	0.0000	0.0000	0.0000	0.0000	0.0000	0.0000	0.0000	0.0000	0.0000	0.0000	0.0000	0.0000	0.0000	0.0000	0.0000	0.0000	0.0000	0.0000	0.0000	0.0000	0.0000	0.0000	0.0000	0.0000	0.0000	0.0000	0.0000	0.0000	0.0000											
2	85	0.2200	3	2	1	1	0	0	0	0	0	Y	N	N	N	N	N	N	N	N	N	N	N	0.0000	0.0000	0.0000	0.0000	0.0000	0.0000	0.0000	0.0000	0.0000	0.0000	0.0000	0.0000	0.0000	0.0000	0.0000	0.0000	0.0000	0.0000	0.0000	0.0000	0.0000	0.0000	0.0000	0.0000	0.0000	0.0000	0.0000	0.0000	0.0000	0.0000	0.0000	0.0000	0.0000	0.0000	0.0000	0.0000	0.0000	0.0000	0.0000	0.0000	0.0000	0.0000	0.0000	0.0000	0.0000	0.0000	0.0000	0.0000	0.0000	0.0000	0.0000	0.0000	0.0000	0.0000	0.0000	0.0000	0.0000	0.0000	0.0000	0.0000	0.0000	0.0000	0.0000	0.0000	0.0000	0.0000	0.0000	0.0000	0.0000	0.0000	0.0000	0.0000	0.0000	0.0000	0.0000	0.0000	0.0000	0.0000											
2	86	0.0824	2	2	1	1	0	0	0	0	0	Y	N	N	N	N	N	N	N	N	N	N	N	0.0000	0.0000	0.0000	0.0000	0.0000	0.0000	0.0000	0.0000	0.0000	0.0000	0.0000	0.0000	0.0000	0.0000	0.0000	0.0000	0.0000	0.0000	0.0000	0.0000	0.0000	5.0000	0.0000	7.0006	0.0000	0.0000	0.0000	0.0000	0.0000	0.0000	0.0000	0.0000	0.0000	0.0000	0.0000	0.0000	0.0000	0.0000	0.0000	0.0000	0.0000	0.0000	0.0000	0.0000	0.0000	0.0000	0.0000	0.0000	0.0000	0.0000	0.0000	0.0000	0.0000	0.0000	0.0000	0.0000	0.0000	0.0000	0.0000	0.0000	0.0000	0.0000	0.0000	0.0000	0.0000	0.0000	0.0000	0.0000	0.0000	0.0000	0.0000	0.0000	0.0000	0.0000	0.0000	0.0000	0.0000	0.0000											
2	87	0.0824	2	1	1	1	0	0	0	0	0	N	N	N	N	N	N	N	N	N	N	N	N	0.0000	0.0000	0.0000	0.0000	0.0000	0.0000	0.0000	0.0000	0.0000	0.0000	0.0000	0.0000	0.0000	0.0000	0.0000	0.0000	0.0000	0.0000	0.0000	0.0000	0.0000	1.0000	0.0000	3.0006	0.0000	0.0000	0.0000	0.0000	0.0000	0.0000	0.0000	0.0000	0.0000	0.0000	0.0000	0.0000	0.0000	0.0000	0.0000	0.0000	0.0000	0.0000	0.0000	0.0000	0.0000	0.0000	0.0000	0.0000	0.0000	0.0000	0.0000	0.0000	0.0000	0.0000	0.0000	0.0000	0.0000	0.0000	0.0000	0.0000	0.0000	0.0000	0.0000	0.0000	0.0000	0.0000	0.0000	0.0000	0.0000	0.0000	0.0000	0.0000	0.0000	0.0000	0.0000	0.0000	0.0000	0.0000											
2	88	0.1368	3	2	1	1	0	0	0	0	0	Y	N	N	N	N	N	N	N	N	N	N	N	0.0000	0.0000	0.0000	0.0000	0.0000	0.0000	0.0000	0.0000	0.0000	0.0000	0.0000	0.0000	0.0000	0.0000	0.0000	0.0000	0.0000	0.0000	0.0000	0.0000	0.0000	0.0000	0.0000	0.0000	0.0000	0.0000	0.0000	0.0000	0.0000	0.0000	0.0000	0.0000	0.0000	0.0000	0.0000	0.0000	0.0000	0.0000	0.0000	0.0000	0.0000	0.0000	0.0000	0.0000	0.0000	0.0000	0.0000	0.0000	0.0000	0.0000	0.0000	0.0000	0.0000	0.0000	0.0000	0.0000	0.0000	0.0000	0.0000	0.0000	0.0000	0.0000	0.0000	0.0000	0.0000	0.0000	0.0000	0.0000	0.0000	0.0000	0.0000	0.0000	0.0000	0.0000	0.0000	0.0000	0.0000	0.0000											
2	89	0.0824	2	1	1	1	0	0	0	0	0	N	N	N	N	N	N	N	N	N	N	N	N	0.0000	0.0000	0.0000	0.0000	0.0000	0.0000	0.0000	0.0000	0.0000	0.0000	0.0000	0.0000	0.0000	0.0000	0.0000	0.0000	0.0000	0.0000	0.0000	0.0000	0.0000	4.0000	0.0000	4.0001	0.0000	0.0000	0.0000	0.0000	0.0000	0.0000	0.0000	0.0000	0.0000	0.0000	0.0000	0.0000	0.0000	0.0000	0.0000	0.0000	0.0000	0.0000	0.0000	0.0000	0.0000	0.0000	0.0000	0.0000	0.0000	0.0000	0.0000	0.0000	0.0000	0.0000	0.0000	0.0000	0.0000	0.0000	0.0000	0.0000	0.0000	0.0000	0.0000	0.0000	0.0000	0.0000	0.0000	0.0000	0.0000	0.0000	0.0000	0.0000	0.0000	0.0000	0.0000	0.0000	0.0000	0.0000											
2	91	0.2280	4	1	0	1	0	0	0	0	0	N	N	N	N	N	N	N	N	N	N	N	N	0.0000	0.0000	0.0000	0.0000	0.0000	0.0000	0.0000	0.0000	0.0000	0.0000	0.0000	0.0000	0.0000	0.0000	0.0000	0.0000	0.0000	0.0000	0.0000	0.0000	0.0000	11.5137	0.0000	4.9035	0.0000	0.0000	0.0000	0.0000	0.0000	0.0000	0.0000	0.0000	0.0000	0.0000	0.0000	0.0000	0.0000	0.0000	0.0000	0.0000	0.0000	0.0000	0.0000	0.0000	0.0000	0.0000	0.0000	0.0000	0.0000	0.0000	0.0000	0.0000	0.0000	0.0000	0.0000	0.0000	0.0000	0.0000	0.0000	0.0000	0.0000	0.0000	0.0000	0.0000	0.0000	0.0000	0.0000	0.0000	0.0000	0.0000	0.0000	0.0000	0.0000	0.0000	0.0000	0.0000	0.0000	0.0000											
3	4	0.1701	2	1	1	1	0	0	0	0	0	N	N	N	N	N	N	N	N	N	N	N	N	0.0000	inf	0.0000	inf	inf	0.0000	0.0000	0.0000	0.0000	0.0000	0.0001	0.0001	0.0000	0.0000	0.0000	0.0000	2.1033	0.0000	2.1025	0.0000	0.0000	0.0000	2.4233	0.0000	2.1123	0.0000	inf	-0.0000	0.3277	6.6553	6.0000	3.6686	4.9994	0.0000	0.0000	0.0000	0.0000	0.0000	0.0000	0.0000	0.0000	0.0000	0.9994	0.0000	0.9994	0.0000	0.0000	0.0000	0.9994	0.0000	0.9994	1.0468	0.9050	0.1418	0.1409	0.1234	0.0175	0.9059	0.7817	0.1242	0.6303	0.1549	0.4754	0.0444	0.0422	0.0022	0.5859	0.1127	0.4731	0.0000	inf	0.0000	inf	inf	0.0000	0.0000	0.0000	0.0000	1.5857	0.0000	2.1025	0.0000	0.0000	0.0000	1.7059	0.0000	2.1123		
3	5	0.2375	5	1	2	0	1	0	0	0	0	N	Y	N	N	N	N	N	N	N	N	N	N	0.0000	0.0000	0.0000	0.0000	0.0000	0.0000	0.0000	0.0000	0.0000	0.0000	0.0000	0.0000	0.0000	0.0000	0.0000	0.0000	0.0000	0.0000	0.0000	0.0000	6.6553	0.0000	3.6686	0.0000	0.0000	0.0000	0.0000	0.0000	0.0000	0.0000	0.0000	0.0000	0.0000	0.0000	0.0000	0.0000	0.0000	0.0000	0.0000	0.0000	0.0000	0.0000	0.0000	0.0000	0.0000	0.0000	0.0000	0.0000	0.0000	0.0000	0.0000	0.0000	0.0000	0.0000	0.0000	0.0000	0.0000	0.0000	0.0000	0.0000	0.0000	0.0000	0.0000	0.0000	0.0000	0.0000	0.0000	0.0000	0.0000	0.0000	0.0000	0.0000	0.0000	0.0000	0.0000	0.0000	0.0000	0.0000											
3	6	0.2897	3	1	1	1	0	0	0	0	0	N	N	N	N	N	N	N	N	N	N	N	N	0.0000	0.0000	0.0000	0.0000	0.0000	0.0000	0.0000	0.0000	0.0000	0.0000	0.0000	0.0000	0.0000	14.4580	0.0000	87.8272	0.0000	0.0000	0.0000	47.6768	0.0000	139.7342	inf	0.0000	0.2144	6.6553	0.0000	3.6686	1.0000	0.0000	0.0000	0.0000	0.0000	0.0000	0.0000	0.0000	0.0000	0.0000	0.6539	0.0000	0.6539	0.0000	0.0000	0.0000	0.6539	0.0000	0.6539	0.0000	0.0000	0.0000	0.0000	0.0000	0.0000	0.0000	0.0000	0.0000	0.0452	0.0203	0.0249	0.0315	0.0173	0.0142	0.0137	0.0030	0.0107	0.0000	0.0000	0.0000	0.0000	0.0000	0.0000	0.0000	0.0000	0.0000	14.4580	0.0000	26.2374	0.0000	0.0000	0.0000	47.6768	0.0000	60.9611						
3	7	0.2768	5	0	1	1	0	0	0	0	0	N	N	N	N	N	N	N	N	N	N	N	N	0.0000	0.0000	0.0000	0.0000	0.0000	0.0000	0.0000	0.0000	0.0000	0.0000	0.0000	0.0000	0.0000	0.0000	0.0000	0.0000	0.0000	0.0000	0.0000	0.0000	6.6553	0.1278	3.6686	0.0006	0.0000	0.0000	0.0000	0.0000	0.0000	0.0000	0.0000	0.0000	0.0000	0.0000	0.0000	0.0000	0.0000	0.0000	0.0000	0.0000	0.0000	0.0000	0.0347	0.0306	0.0042	0.0148	0.0136	0.0012	0.0200	0.0170	0.0030	0.0100	0.0022	0.0079	0.0030	0.0011	0.0019	0.0070	0.0010	0.0060	0.0000	0.0000	0.0000	0.0000	0.0000	0.0000	0.0000	0.0000	0.0000	0.0000	0.0000	0.0000	0.0000	0.0000	0.0000	0.0000	0.0000	0.0000											
3	8	0.1701	2	1	2	0	0	0	0	0	0	N	Y	N	N	N	N	N	N	N	N	N	N	1861.0838	519.7902	0.0000	0.0000	inf	inf	1.9106	2.2098	0.0000	0.0000	0.0000	0.0000	2.2077	2.5586	0.0000	0.0010	0.0043	0.0000	0.0149	0.0157	0.0000	0.0000	0.0000	0.0000	0.0000	0.0000	-0.7709	-0.0004	6.6553	6.0000	3.6686	3.0006	2.0000	2.0000	0.0000	0.0000	0.0000	0.0000	2.0000	2.0000	0.0000	0.0006	0.0006	0.0000	0.0006	0.0006	0.0000	0.0000	0.0000	0.0000	1.0468	0.9050	0.1418	0.1409	0.1234	0.0175	0.9059	0.7817	0.1242	0.5455	0.1317	0.4138	0.0375	0.0356	0.0018	0.5080	0.0961	0.4119	1861.0838	519.7902	0.0000	0.0000	0.0000	0.0000	inf	inf	0.0000	0.0010	0.0043	0.0000	0.0149	0.0157	0.0000	0.0000	0.0000	0.0000			
3	9	0.2458	3	0	1	1	1	0	0	0	0	N	N	N	N	N	N	N	N	N	N	N	N	4.0788	1134.2833	0.0000	0.0121	1.0032	0.0000	39.0469	12486.8387	0.0000	4.9053	5.3832	0.0000	0.0066	0.0068	0.0000	8.3387	9.4888	0.0000	1.2026	0.0047	0.6592	0.5431	0.0068	1.4078	0.2136	0.0008	0.2883	0.0000	180.7887	-0.3849	0.0307	6.6553	1.0190	3.6686	2.2112	0.9986	0.9986	0.0000	0.0006	0.0006	0.0000	0.9981	0.9981	0.0000	0.0952	0.0005	0.0947	0.0675	0.0005	0.0670	0.0277	0.0000	0.0277	0.2036	0.1855	0.0181	0.0839	0.0803	0.0036	0.1197	0.1052	0.0145	0.2540	0.1103	0.1436	0.1243	0.0767	0.0476	0.1297	0.0336	0.0960	13.0863	1134.2833	0.0000	0.0121	1.0032	0.0000	39.0469	16528732.4486	0.0000	0.3748	0.0047	0.6592	0.5431	0.0068	1.4078	0.2136	0.0000	0.2883
3	10	0.2467	3	0	1	0	1	0	0	0	0	N	N	N	N	N	N	N	N	N	N	N	N	0.0000	0.0000	0.0000	0.0000	0.0000	0.0000	0.0000	0.0000	0.0000	0.0000	0.0000	0.0000	0.0000	0.0000	0.0000	0.0000	0.0000	0.0000	0.0000	0.0000	6.6553	0.0000	3.6686	1.0000	0.0000	0.0000	0.0000	0.0000	0.0000	0.0000	0.0000	0.0000	0.0000	0.0000	0.0000	0.0000	0.0000	0.0000	0.0000	0.0000	0.0000	0.0000	0.0000	0.0000	0.0000	0.0000	0.0000	0.0000	0.0000	0.0000	0.0000	0.0651	0.0228	0.0424	0.0262	0.0119	0.0144	0.0389	0.0109	0.0280	0.0000	0.0000	0.0000	0.0000	0.0000	0.0000	0.0000	0.0000	0.0000	0.0000	0.0000	0.0000	0.0000	0.0000	0.0000	0.0000	0.0000	0.0000											
3	11	0.2269	4	0	2	0	1	0	0	0	0	N	Y	N	N	N	N	N	N	N	N	N	N	0.0245	0.0269	0.0000	0.3322	0.4579	0.0002	0.0000	0.0000	0.0020	0.0023	0.0000	0.0610	0.0623	0.0000	0.0000	0.0000	0.0000	0.0798	0.0843	0.0871	0.1836	0.1360	0.2224	0.0376	0.0000	0.0483	0.0000	3.5213	-0.0002	0.0009	6.6553	1.0886	3.6686	0.0502	0.0004	0.0004	0.0000	0.0004	0.0004	0.0000	0.0000	0.0000	0.0000	0.0087	0.0019	0.0068	0.0058	0.0019	0.0039	0.0029	0.0000	0.0029	0.2252	0.1942	0.0310	0.0072	0.0071	0.0002	0.2180	0.1871	0.0308	0.1088	0.0312	0.0776	0.0314	0.0141	0.0173	0.0774	0.0171	0.0603	0.0245	0.0368	0.0000	0.3322	0.4579	0.0002	0.0000	0.0000	0.0000	0.0798	0.0615	0.0871	0.1836	0.1360	0.2224	0.0376	0.0000	0.0483	
3	12	0.1701	2	0	2	0	0	0	0	0	0	N	Y	N	N	N	N	N	N	N	N	N	N	1861.0838	519.7902	0.0000	0.0000	inf	inf	1.9106	2.2098	0.0000	0.0000	0.0000	0.0000	2.2077	2.5586	0.0000	0.0010	0.0043	0.0000	0.0149	0.0157	0.0000	0.0000	0.0000	0.0000	0.0000	0.0000	-0.7709	-0.0004	6.6553	6.0000	3.6686	3.0006	2.0000	2.0000	0.0000	0.0000	0.0000	0.0000	2.0000	2.0000	0.0000	0.0006	0.0006	0.0000	0.0006	0.0006	0.0000	0.0000	0.0000	0.0000	1.0468	0.9050	0.1418	0.1409	0.1234	0.0175	0.9059	0.7817	0.1242	0.5455	0.1317	0.4138	0.0375	0.0356	0.0018	0.5080	0.0961	0.4119	1861.0838	519.7902	0.0000	0.0000	0.0000	0.0000	inf	inf	0.0000	0.0010	0.0043	0.0000	0.0149	0.0157	0.0000	0.0000	0.0000	0.0000			
3	13	0.2550	4	0	2	0	1	0	0	0	0	N	Y	N	N	N	N	N	N	N	N	N	N	0.0000	0.0000	0.0000	0.0000	0.0000	0.0000	0.0000	0.0000	0.0000	0.0000	0.0000	0.0000	0.0000	0.0000	0.0000	0.0000	0.0000	0.0000	0.0000	0.0000	6.6553	0.0000	3.6686	0.0000	0.0000	0.0000	0.0000	0.0000	0.0000	0.0000	0.0000	0.0000	0.0000	0.0000	0.0000	0.0000	0.0000	0.0000	0.0000	0.0000	0.0000	0.0000	0.0000	0.0000	0.0000	0.0000	0.0000	0.0000	0.0000	0.0000	0.0000	0.0000	0.0000	0.0000	0.0000	0.0000	0.0000	0.0000	0.0000	0.0000	0.0000	0.0000	0.0000	0.0000	0.0000	0.0000	0.0000	0.0000	0.0000	0.0000	0.0000	0.0000	0.0000	0.0000	0.0000	0.0000	0.0000	0.0000											
3	14	0.2079	3	1	2	0	0	0	0	0	0	N	Y	N	N	N	N	N	N	N	N	N	N	41.1300	5.8784	0.0082	0.2194	0.2338	0.0757	74458.3975	169.0276	0.0000	1.1179	1.2915	0.0000	0.0676	0.0754	0.0000	1.4496	1.6937	0.0000	0.0272	0.2197	0.0000	0.3080	0.3224	0.0000	0.0000	0.0100	0.0000	0.0000	0.0003	-0.2514	-0.0046	6.6553	3.0234	3.6686	1.0170	0.6523	0.6523	0.0000	0.0095	0.0095	0.0000	0.6429	0.6429	0.0000	0.0068	0.0068	0.0000	0.0068	0.0068	0.0000	0.0000	0.0000	0.0000	0.5835	0.5051	0.0784	0.1401	0.1255	0.0145	0.4435	0.3796	0.0639	0.2503	0.0711	0.1792	0.0221	0.0211	0.0010	0.2282	0.0500	0.1782	41.1300	13.5065	0.0082	0.2194	0.2338	0.0757	74458.3975	37265.1093	0.0000	0.0272	0.0956	0.0000	0.3080	0.3224	0.0000	0.0000	0.0000	0.0000
3	15	0.1701	2	0	2	0	0	0	0	0	0	N	Y	N	N	N	N	N	N	N	N	N	N	2190.3010	602.7375	0.0000	0.0000	inf	inf	2.7295	3.1677	0.0000	0.0000	0.0000	0.0000	3.1577	3.6714	0.0000	0.0012	0.0053	0.0000	0.0186	0.0196	0.0000	0.0000	0.0000	0.0000	0.0000	0.0000	-0.7709	-0.0004	6.6553	4.0000	3.6686	3.0006	2.0000	2.0000	0.0000	0.0000	0.0000	0.0000	2.0000	2.0000	0.0000	0.0006	0.0006	0.0000	0.0006	0.0006	0.0000	0.0000	0.0000	0.0000	0.7327	0.6314	0.1014	0.0994	0.0866	0.0128	0.6334	0.5448	0.0886	0.4494	0.1066	0.3428	0.0301	0.0286	0.0014	0.4193	0.0779	0.3414	2190.3010	602.7375	0.0000	0.0000	0.0000	0.0000	inf	inf	0.0000	0.0012	0.0053	0.0000	0.0186	0.0196	0.0000	0.0000	0.0000	0.0000			
3	16	0.2269	4	0	1	0	1	0	0	0	0	N	N	N	N	N	N	N	N	N	N	N	N	0.0066	0.0412	0.0000	0.0965	0.4820	0.0000	0.0000	0.0000	0.0001	0.0001	0.0000	0.0037	0.0038	0.0000	0.0000	0.0000	0.0000	0.0161	0.0030	0.0207	0.0380	0.0078	0.0577	0.0150	0.0000	0.0112	0.0000	19.9260	-0.0000	0.0020	6.6553	2.9121	3.6686	3.0117	0.0001	0.0001	0.0000	0.0001	0.0001	0.0000	0.0000	0.0000	0.0000	0.0071	0.0003	0.0068	0.0042	0.0003	0.0039	0.0029	0.0000	0.0029	0.5687	0.4916	0.0771	0.0164	0.0160	0.0004	0.5524	0.4757	0.0767	0.4415	0.1147	0.3268	0.1103	0.0435	0.0667	0.3313	0.0711	0.2601	0.0066	0.0412	0.0000	0.0965	0.4820	0.0000	0.0000	0.0000	0.0000	0.0161	0.0030	0.0207	0.0380	0.0078	0.0577	0.0088	0.0000	0.0112	
3	17	0.2024	3	0	1	0	1	0	0	0	0	N	N	N	N	N	N	N	N	N	N	N	N	0.0043	0.4554	0.0002	0.0355	1.1916	0.0001	0.0031	0.0066	0.0002	0.0125	0.0141	0.0019	0.0171	0.0174	0.0003	0.0121	0.0138	0.0020	2.9081	0.0310	12.5549	0.4823	0.0146	3.9695	3.9762	2.0861	13.0036	0.0209	197.0856	-0.0002	0.3069	6.6553	0.1693	3.6686	3.5362	0.0005	0.0005	0.0000	0.0001	0.0000	0.0000	0.0004	0.0004	0.0000	0.9508	0.0048	0.9460	0.0446	0.0012	0.0434	0.9062	0.0036	0.9026	0.0392	0.0340	0.0052	0.0029	0.0029	0.0000	0.0362	0.0311	0.0051	0.3856	0.1548	0.2308	0.0924	0.0815	0.0109	0.2932	0.0733	0.2199	0.0051	0.4554	0.0005	0.0355	1.1916	0.0001	0.0039	0.2805	0.0005	2.4657	0.0310	4.0981	0.4823	0.0146	3.9695	3.0908	0.0493	4.1045
3	18	0.1701	2	1	1	1	0	0	0	0	0	N	N	N	N	N	N	N	N	N	N	N	N	1.1639	inf	0.0000	inf	inf	1.2207	inf	0.0000	2.0584	2.3424	0.0000	0.0001	0.0001	0.0000	2.3642	2.6989	0.0000	1.7686	0.0000	1.3944	0.0000	0.0000	0.0000	1.9367	0.0000	1.4030	0.0000	inf	-1.9273	0.3277	6.6553	18.0000	3.6686	5.9994	5.0000	5.0000	0.0000	0.0000	0.0000	0.0000	5.0000	5.0000	0.0000	0.9994	0.0000	0.9994	0.0000	0.0000	0.0000	0.9994	0.0000	0.9994	2.4291	2.1346	0.2944	0.3142	0.2820	0.0322	2.1148	1.8526	0.2622	0.9847	0.2679	0.7167	0.0797	0.0753	0.0044	0.9050	0.1926	0.7124	2.0280	inf	0.0000	inf	inf	0.0000	2.1408	inf	0.0000	1.0150	0.0000	1.3944	0.0000	0.0000	0.0000	1.1044	0.0000	1.4030	
3	19	0.2379	3	0	2	0	0	0	0	0	0	N	Y	N	N	N	N	N	N	N	N	N	N	0.0000	0.0000	0.0000	0.0000	0.0000	0.0000	0.0000	0.0000	0.0000	0.0000	0.0000	0.0000	0.0000	0.0000	0.0000	0.0000	0.0000	0.0281	0.0001	0.0371	0.0692	0.0002	0.1266	0.0168	0.0000	0.0120	1264.6734	0.0000	0.0027	6.6553	2.0070	3.6686	1.9996	0.0000	0.0000	0.0000	0.0000	0.0000	0.0000	0.0000	0.0000	0.0000	0.0083	0.0000	0.0083	0.0062	0.0000	0.0062	0.0021	0.0000	0.0021	0.3640	0.3120	0.0520	0.0636	0.0560	0.0076	0.3005	0.2560	0.0445	0.2949	0.0718	0.2232	0.0893	0.0406	0.0487	0.2057	0.0312	0.1744	0.0000	0.0000	0.0000	0.0000	0.0000	0.0000	0.0000	0.0000	0.0000	0.0281	0.0001	0.0371	0.0692	0.0002	0.1266	0.0102	0.0000	0.0120		
3	20	0.1701	2	0	2	0	0	0	0	0	0	N	Y	N	N	N	N	N	N	N	N	N	N	1436.9751	403.0469	0.0375	0.0405	inf	inf	1.3657	1.5722	0.0000	0.0005	0.0006	0.0000	1.5753	1.8177	0.0000	0.0010	0.0039	0.0000	0.0137	0.0144	0.0000	0.0000	0.0000	0.0000	0.0000	0.0000	-0.7710	-0.0004	6.6553	9.0000	3.6686	1.0006	2.0001	2.0001	0.0000	0.0001	0.0001	0.0000	2.0000	2.0000	0.0000	0.0006	0.0006	0.0000	0.0006	0.0006	0.0000	0.0000	0.0000	0.0000	1.4645	1.2722	0.1924	0.1950	0.1719	0.0231	1.2696	1.1003	0.1693	0.5892	0.1436	0.4457	0.0410	0.0390	0.0020	0.5482	0.1046	0.4436	1436.9751	403.0469	0.0000	0.0375	0.0405	0.0000	inf	inf	0.0000	0.0010	0.0039	0.0000	0.0137	0.0144	0.0000	0.0000	0.0000	0.0000			
3	21	0.2267	3	1	2	0	0	0	0	0	0	N	Y	N	N	N	N	N	N	N	N	N	N	25.0676	2.6185	0.0151	1.0644	1.1392	0.0017	52317.4494	inf	0.0091	1.4180	1.6131	0.0000	0.1496	0.1610	0.0000	1.8848	2.1900	0.0000	0.0566	0.6160	0.0000	0.1405	0.1413	0.0014	0.0000	0.0000	0.0000	0.0000	0.0004	-0.1195	-0.0087	6.6553	0.9600	3.6686	1.3160	0.3101	0.3101	0.0000	0.0088	0.0088	0.0000	0.3013	0.3013	0.0000	0.0129	0.0129	0.0000	0.0129	0.0129	0.0000	0.0000	0.0000	0.0000	0.2187	0.1922	0.0264	0.0588	0.0547	0.0042	0.1599	0.1376	0.0223	0.2283	0.1053	0.1230	0.0919	0.0913	0.0005	0.1364	0.0139	0.1225	25.0676	13.1571	0.0151	1.0644	1.1392	0.0017	52317.4494	inf	0.0091	0.0566	0.1226	0.0000	0.1405	0.1413	0.0014	0.0000	0.0000	0.0000
3	22	0.2525	4	0	2	0	0	0	0	0	0	N	Y	N	N	N	N	N	N	N	N	N	N	0.0000	0.0000	0.0000	0.0000	0.0000	0.0000	0.0000	0.0000	0.0000	0.0000	0.0000	0.0000	0.0000	0.0000	0.0000	0.0000	0.0000	0.0000	0.0000	0.0000	6.6553	0.0000	3.6686	0.0000	0.0000	0.0000	0.0000	0.0000	0.0000	0.0000	0.0000	0.0000	0.0000	0.0000	0.0000	0.0000	0.0000	0.0000	0.0000	0.0000	0.0000	0.0000	0.0000	0.0000	0.0000	0.0000	0.0000	0.0000	0.0000	0.0000	0.0000	0.0000	0.0000	0.0000	0.0000	0.0000	0.0000	0.0000	0.0000	0.0000	0.0000	0.0000	0.0000	0.0000	0.0000	0.0000	0.0000	0.0000	0.0000	0.0000	0.0000	0.0000	0.0000	0.0000	0.0000	0.0000	0.0000	0.0000											
3	23	0.1701	2	1	2	0	0	0	0	0	0	N	Y	N	N	N	N	N	N	N	N	N	N	0.0002	0.1231	0.0000	0.2259	0.2452	0.0000	0.0000	0.0006	0.0007	0.0000	0.0042	0.0048	0.0000	0.0000	0.0000	0.0000	2.3268	0.0053	2.2438	0.0185	0.0195	0.0000	2.6471	0.0000	2.2541	0.0000	1315.7895	-0.0002	0.3273	6.6553	6.0000	3.6686	4.0006	0.0006	0.0006	0.0000	0.0006	0.0006	0.0000	0.0000	0.0000	0.0000	1.0008	0.0008	1.0000	0.0008	0.0008	0.0000	1.0000	0.0000	1.0000	1.0468	0.9050	0.1418	0.1409	0.1234	0.0175	0.9059	0.7817	0.1242	0.5892	0.1436	0.4457	0.0410	0.0390	0.0020	0.5482	0.1046	0.4436	0.0003	0.1231	0.0000	0.2259	0.2452	0.0000	0.0000	0.0000	0.0000	1.6984	0.0053	2.2438	0.0185	0.0195	0.0000	1.8240	0.0000	2.2541		
3	24	0.1701	2	0	2	0	0	0	0	0	0	N	Y	N	N	N	N	N	N	N	N	N	N	0.0001	inf	0.0000	inf	inf	0.0000	0.0000	0.0002	0.0003	0.0000	0.0018	0.0021	0.0000	0.0000	0.0000	0.0000	2.4120	0.0000	2.4157	0.0000	0.0000	0.0000	2.7791	0.0000	2.4264	0.0000	inf	-0.0001	0.3277	6.6553	4.0000	3.6686	4.9994	0.0002	0.0002	0.0000	0.0002	0.0002	0.0000	0.0000	0.0000	0.0000	0.9994	0.0000	0.9994	0.0000	0.0000	0.0000	0.9994	0.0000	0.9994	0.7327	0.6314	0.1014	0.0994	0.0866	0.0128	0.6334	0.5448	0.0886	0.5454	0.1317	0.4137	0.0375	0.0356	0.0018	0.5080	0.0961	0.4119	0.0001	inf	0.0000	inf	inf	0.0000	0.0000	0.0000	0.0000	1.8324	0.0000	2.4157	0.0000	0.0000	0.0000	1.9675	0.0000	2.4264		
3	25	0.2171	3	0	2	1	1	0	0	0	0	N	Y	N	N	N	N	N	N	N	N	N	N	41.9430	3.1068	0.0000	0.2949	0.3684	0.0000	140946.0816	inf	0.0000	1.9783	2.3702	0.0000	0.1075	0.1419	0.0000	2.8620	3.2854	0.0000	0.0472	0.7629	0.0002	0.3645	0.3853	0.0176	0.0000	0.0000	0.0000	0.0000	0.0031	-0.2229	-0.0058	6.6553	0.8908	3.6686	1.0730	0.5784	0.5784	0.0000	0.0101	0.0101	0.0000	0.5683	0.5683	0.0000	0.0086	0.0086	0.0000	0.0086	0.0086	0.0000	0.0000	0.0000	0.0000	0.2924	0.2440	0.0483	0.0938	0.0710	0.0228	0.1986	0.1730	0.0256	0.1830	0.0568	0.1262	0.0237	0.0223	0.0013	0.1594	0.0345	0.1249	41.9430	15.6463	0.0000	0.2949	0.3684	0.0000	140946.0816	inf	0.0000	0.0472	0.1515	0.0002	0.3645	0.3853	0.0176	0.0000	0.0000	0.0000
3	26	0.1701	2	0	1	0	1	0	0	0	0	N	N	N	N	N	N	N	N	N	N	N	N	5.2913	4.6988	0.0401	0.6462	0.7076	inf	6.0149	0.1085	0.0455	0.1360	0.1579	0.0009	0.0162	0.0186	0.0000	0.1548	0.1801	0.0011	0.0257	0.0336	0.0233	0.0250	0.0263	0.0000	0.0257	1.6593	0.0234	0.0010	2.2761	-0.0305	0.0002	6.6553	3.1159	3.6686	2.1859	0.0793	0.0793	0.0001	0.0013	0.0013	0.0000	0.0781	0.0780	0.0001	0.0092	0.0028	0.0064	0.0006	0.0006	0.0000	0.0086	0.0022	0.0064	0.5836	0.5021	0.0815	0.0794	0.0691	0.0103	0.5042	0.4330	0.0712	0.3578	0.0835	0.2742	0.0234	0.0223	0.0011	0.3343	0.0612	0.2731	5.2913	4.6988	0.0401	0.6462	0.7076	inf	6.0149	4.9659	0.0455	0.0257	0.0336	0.0233	0.0250	0.0263	0.0000	0.0257	0.0363	0.0234
3	27	0.1701	2	0	2	0	0	0	0	0	0	N	Y	N	N	N	N	N	N	N	N	N	N	1337.9844	369.1476	0.0034	0.0037	inf	inf	1.5017	1.7314	0.0000	0.0001	0.0001	0.0000	1.7333	2.0028	0.0000	0.0011	0.0047	0.0000	0.0165	0.0174	0.0000	0.0000	0.0000	0.0000	0.0000	0.0000	-0.7709	-0.0004	6.6553	8.0000	3.6686	0.0006	2.0000	2.0000	0.0000	0.0000	0.0000	0.0000	2.0000	2.0000	0.0000	0.0006	0.0006	0.0000	0.0006	0.0006	0.0000	0.0000	0.0000	0.0000	1.3318	1.1551	0.1767	0.1779	0.1565	0.0214	1.1539	0.9986	0.1553	0.4989	0.1194	0.3795	0.0338	0.0322	0.0016	0.4651	0.0872	0.3779	1337.9844	369.1476	0.0000	0.0034	0.0037	0.0000	inf	inf	0.0000	0.0011	0.0047	0.0000	0.0165	0.0174	0.0000	0.0000	0.0000	0.0000			
3	28	0.2458	3	1	2	0	0	0	0	0	0	N	Y	N	N	N	N	N	N	N	N	N	N	160.9101	110.9363	0.0000	201.1081	167.4212	0.0000	93.0452	inf	0.0000	0.0055	0.0060	0.0000	0.0129	0.0135	0.0000	0.0007	0.0008	0.0000	0.0000	0.0001	0.0000	0.0001	0.0001	0.0000	0.0000	0.0000	0.0000	0.0000	0.4786	-0.0012	-0.0000	6.6553	2.9919	3.6686	1.1331	0.0030	0.0030	0.0000	0.0028	0.0028	0.0000	0.0002	0.0002	0.0000	0.0000	0.0000	0.0000	0.0000	0.0000	0.0000	0.0000	0.0000	0.0000	0.5467	0.4973	0.0494	0.2154	0.2059	0.0095	0.3313	0.2914	0.0399	0.2921	0.1239	0.1682	0.1381	0.0835	0.0546	0.1540	0.0404	0.1136	160.9101	110.9363	0.0000	201.1081	167.4212	0.0000	93.0452	inf	0.0000	0.0000	0.0001	0.0000	0.0001	0.0001	0.0000	0.0000	0.0000	0.0000
3	29	0.1701	2	0	1	0	0	0	0	0	0	N	N	N	N	N	N	N	N	N	N	N	N	1.0430	1.5500	0.0002	0.0001	0.0001	1.0567	0.7485	0.0002	2.2340	2.5881	0.0003	0.0000	0.0000	0.0000	2.5830	2.9981	0.0004	2.1419	1.6698	2.0104	0.0063	0.0066	0.0000	2.4444	4.0052	2.0195	0.0000	13.0181	-0.7716	0.2459	6.6553	5.0156	3.6686	4.8897	2.0019	2.0019	0.0000	0.0000	0.0000	0.0000	2.0019	2.0019	0.0000	0.9584	0.0684	0.8900	0.0003	0.0003	0.0000	0.9582	0.0681	0.8900	0.8961	0.7735	0.1226	0.1211	0.1058	0.0153	0.7750	0.6677	0.1073	0.5852	0.1425	0.4427	0.0407	0.0387	0.0020	0.5445	0.1038	0.4407	1.3640	5.3926	0.0002	0.0001	0.0001	0.0000	1.4679	4.5689	0.0002	1.6378	0.4799	2.0104	0.0063	0.0066	0.0000	1.7596	0.6562	2.0195	
3	30	0.1833	3	0	2	0	1	0	0	0	0	N	Y	N	N	N	N	N	N	N	N	N	N	0.0000	0.0000	0.0000	0.0000	0.0000	0.0000	0.0000	0.0000	0.0000	0.0000	0.0000	0.0000	0.0000	0.0000	0.0000	0.0000	0.0000	0.0000	0.0000	0.0000	6.6553	3.9676	3.6686	1.0007	0.0000	0.0000	0.0000	0.0000	0.0000	0.0000	0.0000	0.0000	0.0000	0.0000	0.0000	0.0000	0.0000	0.0000	0.0000	0.0000	0.0000	0.0000	0.7730	0.6761	0.0969	0.1010	0.0970	0.0039	0.6720	0.5791	0.0929	0.2954	0.0762	0.2192	0.0101	0.0098	0.0003	0.2852	0.0663	0.2189	0.0000	0.0000	0.0000	0.0000	0.0000	0.0000	0.0000	0.0000	0.0000	0.0000	0.0000	0.0000	0.0000	0.0000	0.0000	0.0000	0.0000	0.0000											
3	31	0.1701	2	1	2	0	0	0	0	0	0	N	Y	N	N	N	N	N	N	N	N	N	N	0.0014	0.0004	0.0007	0.0008	0.0000	0.0000	0.0000	0.0001	0.0001	0.0000	0.0000	0.0000	0.0000	0.0081	0.0339	0.0000	0.1197	0.1258	0.0000	0.0000	0.0000	0.0000	0.0000	0.0000	-0.0000	-0.0027	6.6553	5.0000	3.6686	3.0000	0.0000	0.0000	0.0000	0.0000	0.0000	0.0000	0.0000	0.0000	0.0000	0.0040	0.0040	0.0000	0.0040	0.0040	0.0000	0.0000	0.0000	0.0000	0.8936	0.7713	0.1223	0.1207	0.1055	0.0153	0.7729	0.6659	0.1071	0.4989	0.1194	0.3795	0.0338	0.0322	0.0016	0.4651	0.0872	0.3779	0.0014	0.0004	0.0000	0.0007	0.0008	0.0000	0.0000	0.0000	0.0000	0.0081	0.0339	0.0000	0.1197	0.1258	0.0000	0.0000	0.0000	0.0000					
3	32	0.2122	3	0	1	1	0	0	0	0	0	N	N	N	N	N	N	N	N	N	N	N	N	95.0882	112.5644	0.0000	26.9880	25.5431	0.0000	0.0000	1.2025	1.5681	0.0000	3.0915	3.0993	0.0000	0.0000	0.0000	0.0000	0.0126	0.0139	0.0123	0.1145	0.1213	0.0000	0.0163	0.0000	0.0123	0.0000	3.1667	-0.0121	0.0001	6.6553	0.0319	3.6686	1.0050	0.0314	0.0314	0.0000	0.0314	0.0314	0.0000	0.0000	0.0000	0.0000	0.0010	0.0002	0.0008	0.0002	0.0002	0.0000	0.0008	0.0000	0.0008	0.0261	0.0200	0.0061	0.0102	0.0101	0.0000	0.0160	0.0099	0.0061	0.0791	0.0172	0.0618	0.0021	0.0020	0.0001	0.0770	0.0152	0.0617	95.0882	112.5644	0.0000	26.9880	25.5431	0.0000	0.0000	0.0000	0.0000	0.0126	0.0139	0.0123	0.1145	0.1213	0.0000	0.0099	0.0000	0.0123		
3	33	0.1833	4	0	2	0	0	0	0	0	0	N	Y	N	N	N	N	N	N	N	N	N	N	0.0000	0.0000	0.0000	0.0000	0.0000	0.0000	0.0000	0.0000	0.0000	0.0000	0.0000	0.0000	0.0000	0.0000	0.0000	0.0000	0.0000	0.0000	0.0000	0.0000	6.6553	0.0023	3.6686	1.0003	0.0000	0.0000	0.0000	0.0000	0.0000	0.0000	0.0000	0.0000	0.0000	0.0000	0.0000	0.0000	0.0000	0.0000	0.0000	0.0000	0.0000	0.0000	0.0015	0.0014	0.0001	0.0006	0.0006	0.0000	0.0009	0.0009	0.0001	0.0668	0.0168	0.0501	0.0022	0.0022	0.0001	0.0646	0.0146	0.0500	0.0000	0.0000	0.0000	0.0000	0.0000	0.0000	0.0000	0.0000	0.0000	0.0000	0.0000	0.0000	0.0000	0.0000	0.0000	0.0000	0.0000	0.0000											
3	34	0.1701	2	1	1	1	0	0	0	0	0	N	N	N	N	N	N	N	N	N	N	N	N	0.0000	0.0037	0.0000	0.0066	0.0072	0.0000	0.0000	0.0001	0.0001	0.0000	0.0007	0.0007	0.0000	0.0000	0.0000	0.0000	2.5703	0.0281	4.5022	0.0990	0.1040	0.0000	2.9606	0.0000	6.1434	0.0000	298.5075	-0.0000	0.3256	6.6553	3.0000	3.6686	5.0006	0.0001	0.0001	0.0000	0.0001	0.0001	0.0000	0.0000	0.0000	0.0000	1.0033	0.0033	1.0000	0.0033	0.0033	0.0000	1.0000	0.0000	1.0000	0.5635	0.4847	0.0788	0.0767	0.0667	0.0100	0.4868	0.4180	0.0688	0.4989	0.1194	0.3795	0.0338	0.0322	0.0016	0.4651	0.0872	0.3779	0.0000	0.0037	0.0000	0.0066	0.0072	0.0000	0.0000	0.0000	0.0000	2.0110	0.0281	2.6348	0.0990	0.1040	0.0000	2.1501	0.0000	2.6462		
3	35	0.1701	2	0	2	0	1	0	0	0	0	N	Y	N	N	N	N	N	N	N	N	N	N	705.5181	190.9257	4.8283	5.2907	inf	inf	1.1604	1.3491	0.0000	0.1217	0.1400	0.0000	1.3241	1.5421	0.0000	0.0016	0.0071	0.0000	0.0252	0.0265	0.0000	0.0000	0.0000	0.0000	0.0000	0.0000	-0.2521	-0.0004	6.6553	3.0000	3.6686	2.0006	0.6539	0.6539	0.0000	0.0093	0.0093	0.0000	0.6446	0.6446	0.0000	0.0006	0.0006	0.0000	0.0006	0.0006	0.0000	0.0000	0.0000	0.0000	0.5635	0.4847	0.0788	0.0767	0.0667	0.0100	0.4868	0.4180	0.0688	0.3405	0.0792	0.2612	0.0222	0.0212	0.0010	0.3183	0.0581	0.2602	705.5181	190.9257	0.0000	4.8283	5.2907	0.0000	inf	inf	0.0000	0.0016	0.0071	0.0000	0.0252	0.0265	0.0000	0.0000	0.0000	0.0000			
3	36	0.1701	2	1	1	1	0	0	0	0	0	N	N	N	N	N	N	N	N	N	N	N	N	0.0000	0.0000	0.0000	0.0000	0.0000	0.0000	0.0000	0.0000	0.0000	0.0000	0.0000	0.0000	0.0000	0.0061	0.0254	0.0000	0.0894	0.0940	0.0000	0.0000	0.0000	0.0000	0.0000	0.0000	-0.0023	6.6553	4.0000	3.6686	5.0006	0.0000	0.0000	0.0000	0.0000	0.0000	0.0000	0.0000	0.0000	0.0000	0.0033	0.0033	0.0000	0.0033	0.0033	0.0000	0.0000	0.0000	0.0000	0.7327	0.6314	0.1014	0.0994	0.0866	0.0128	0.6334	0.5448	0.0886	0.5455	0.1317	0.4138	0.0375	0.0356	0.0018	0.5080	0.0961	0.4119	0.0000	0.0000	0.0000	0.0000	0.0000	0.0000	0.0000	0.0000	0.0000	0.0061	0.0254	0.0000	0.0894	0.0940	0.0000	0.0000	0.0000	0.0000						
3	37	0.1701	2	1	1	1	0	0	0	0	0	N	N	N	N	N	N	N	N	N	N	N	N	0.0000	0.0000	0.0000	0.0000	0.0000	0.0000	0.0000	0.0000	0.0000	0.0000	0.0000	0.0000	0.0000	0.0012	0.0053	0.0000	0.0186	0.0196	0.0000	0.0000	0.0000	0.0000	0.0000	0.0000	-0.0004	6.6553	3.0000	3.6686	4.0006	0.0000	0.0000	0.0000	0.0000	0.0000	0.0000	0.0000	0.0000	0.0000	0.0006	0.0006	0.0000	0.0006	0.0006	0.0000	0.0000	0.0000	0.0000	0.5635	0.4847	0.0788	0.0767	0.0667	0.0100	0.4868	0.4180	0.0688	0.4494	0.1066	0.3428	0.0301	0.0286	0.0014	0.4193	0.0779	0.3414	0.0000	0.0000	0.0000	0.0000	0.0000	0.0000	0.0000	0.0000	0.0000	0.0012	0.0053	0.0000	0.0186	0.0196	0.0000	0.0000	0.0000	0.0000						
3	38	0.1833	4	0	1	1	0	0	0	0	0	N	N	N	N	N	N	N	N	N	N	N	N	0.0000	0.0000	0.0000	0.0000	0.0000	0.0000	0.0000	0.0000	0.0000	0.0000	0.0000	0.0000	0.0000	0.0000	0.0000	0.0000	0.0000	0.0000	0.0000	0.0000	6.6553	1.0023	3.6686	0.0007	0.0000	0.0000	0.0000	0.0000	0.0000	0.0000	0.0000	0.0000	0.0000	0.0000	0.0000	0.0000	0.0000	0.0000	0.0000	0.0000	0.0000	0.0000	0.2094	0.1822	0.0272	0.0268	0.0258	0.0010	0.1826	0.1564	0.0262	0.0668	0.0168	0.0501	0.0022	0.0022	0.0001	0.0646	0.0146	0.0500	0.0000	0.0000	0.0000	0.0000	0.0000	0.0000	0.0000	0.0000	0.0000	0.0000	0.0000	0.0000	0.0000	0.0000	0.0000	0.0000	0.0000	0.0000											
3	39	0.1833	3	0	1	0	0	0	0	0	0	N	N	N	N	N	N	N	N	N	N	N	N	0.0000	0.0000	0.0000	0.0000	0.0000	0.0000	0.0000	0.0000	0.0000	0.0000	0.0000	0.0000	0.0000	0.0000	0.0000	0.0000	0.0000	0.0000	0.0000	0.0000	6.6553	0.0347	3.6686	0.0013	0.0000	0.0000	0.0000	0.0000	0.0000	0.0000	0.0000	0.0000	0.0000	0.0000	0.0000	0.0000	0.0000	0.0000	0.0000	0.0000	0.0000	0.0000	0.0216	0.0206	0.0011	0.0080	0.0080	0.0000	0.0136	0.0126	0.0010	0.0026	0.0007	0.0019	0.0002	0.0002	0.0000	0.0025	0.0006	0.0019	0.0000	0.0000	0.0000	0.0000	0.0000	0.0000	0.0000	0.0000	0.0000	0.0000	0.0000	0.0000	0.0000	0.0000	0.0000	0.0000	0.0000	0.0000											
3	40	0.1701	2	0	1	0	0	0	0	0	0	N	N	N	N	N	N	N	N	N	N	N	N	0.0000	0.0000	0.0000	0.0000	0.0000	0.0000	0.0000	0.0000	0.0000	0.0000	0.0000	0.0000	0.0000	0.0017	0.0071	0.0000	0.0254	0.0266	0.0000	0.0000	0.0000	0.0000	0.0000	0.0000	-0.0004	6.6553	3.9674	3.6686	1.0003	0.0000	0.0000	0.0000	0.0000	0.0000	0.0000	0.0000	0.0000	0.0000	0.0006	0.0006	0.0000	0.0006	0.0006	0.0000	0.0000	0.0000	0.0000	0.7274	0.6267	0.1007	0.0987	0.0860	0.0127	0.6287	0.5407	0.0880	0.3386	0.0788	0.2598	0.0221	0.0210	0.0010	0.3165	0.0577	0.2587	0.0000	0.0000	0.0000	0.0000	0.0000	0.0000	0.0000	0.0000	0.0000	0.0017	0.0071	0.0000	0.0254	0.0266	0.0000	0.0000	0.0000	0.0000						
3	41	0.2232	4	0	2	0	0	0	0	0	0	N	Y	N	N	N	N	N	N	N	N	N	N	118.4342	28.0960	0.0000	0.0000	inf	inf	0.0643	0.0726	0.0000	0.0000	0.0000	0.0000	0.0780	0.0898	0.0000	0.0005	0.0026	0.0000	0.0284	0.0308	0.0000	0.0000	0.0000	0.0000	0.0000	0.0000	-0.0056	-0.0001	6.6553	1.0144	3.6686	1.0128	0.0146	0.0146	0.0000	0.0000	0.0000	0.0000	0.0146	0.0146	0.0000	0.0001	0.0001	0.0000	0.0001	0.0001	0.0000	0.0000	0.0000	0.0000	0.2262	0.2005	0.0257	0.0397	0.0385	0.0012	0.1865	0.1620	0.0245	0.1473	0.0310	0.1163	0.0028	0.0026	0.0002	0.1445	0.0284	0.1161	118.4342	28.0960	0.0000	0.0000	0.0000	0.0000	inf	inf	0.0000	0.0005	0.0026	0.0000	0.0284	0.0308	0.0000	0.0000	0.0000	0.0000			
3	42	0.1701	2	1	2	1	0	0	0	0	0	N	Y	N	N	N	N	N	N	N	N	N	N	0.0000	0.0000	0.0000	0.0000	0.0000	0.0000	0.0000	0.0000	0.0000	0.0000	0.0000	0.0000	0.0000	3.1653	0.0000	8.1397	0.0000	0.0000	0.0000	3.3466	0.0000	10.2932	inf	0.0000	0.3277	6.6553	3.0000	3.6686	2.9994	0.0000	0.0000	0.0000	0.0000	0.0000	0.0000	0.0000	0.0000	0.0000	0.9994	0.0000	0.9994	0.0000	0.0000	0.0000	0.9994	0.0000	0.9994	0.5635	0.4847	0.0788	0.0767	0.0667	0.0100	0.4868	0.4180	0.0688	0.3966	0.0932	0.3034	0.0262	0.0250	0.0012	0.3704	0.0682	0.3022	0.0000	0.0000	0.0000	0.0000	0.0000	0.0000	0.0000	0.0000	0.0000	2.5202	0.0000	3.2941	0.0000	0.0000	0.0000	2.6986	0.0000	3.3078						
3	43	0.1701	2	1	2	1	0	0	0	0	0	N	Y	N	N	N	N	N	N	N	N	N	N	0.0000	0.0000	0.0000	0.0000	0.0000	0.0000	0.0000	0.0000	0.0000	0.0000	0.0000	0.0000	0.0000	2.4120	0.0000	2.4157	0.0000	0.0000	0.0000	2.7791	0.0000	2.4264	inf	0.0000	0.3277	6.6553	4.0000	3.6686	4.9994	0.0000	0.0000	0.0000	0.0000	0.0000	0.0000	0.0000	0.0000	0.0000	0.9994	0.0000	0.9994	0.0000	0.0000	0.0000	0.9994	0.0000	0.9994	0.7327	0.6314	0.1014	0.0994	0.0866	0.0128	0.6334	0.5448	0.0886	0.5454	0.1317	0.4137	0.0375	0.0356	0.0018	0.5080	0.0961	0.4119	0.0000	0.0000	0.0000	0.0000	0.0000	0.0000	0.0000	0.0000	0.0000	1.8324	0.0000	2.4157	0.0000	0.0000	0.0000	1.9675	0.0000	2.4264						
3	44	0.3077	3	1	2	0	0	0	0	0	0	N	Y	N	N	N	N	N	N	N	N	N	N	0.4257	inf	0.0000	0.4082	inf	0.0000	2.8072	3.2541	0.0000	0.0000	0.0000	0.0000	3.0516	3.5620	0.0000	6.5949	0.0000	45.4234	0.0000	0.0000	0.0000	7.4750	0.0000	41.8035	0.0000	inf	-0.3855	0.3279	6.6553	2.0000	3.6686	1.0000	1.0000	1.0000	0.0000	0.0000	0.0000	0.0000	1.0000	1.0000	0.0000	1.0000	0.0000	1.0000	0.0000	0.0000	0.0000	1.0000	0.0000	1.0000	0.3562	0.3073	0.0489	0.0285	0.0266	0.0020	0.3277	0.2807	0.0470	0.1662	0.0582	0.1080	0.0306	0.0248	0.0058	0.1356	0.0334	0.1022	0.4665	inf	0.0000	0.0000	0.0000	0.0000	0.4138	inf	0.0000	6.0175	0.0000	9.2618	0.0000	0.0000	0.0000	7.3755	0.0000	9.7853			
3	45	0.2353	4	0	2	0	1	0	0	0	0	N	Y	N	N	N	N	N	N	N	N	N	N	inf	inf	inf	inf	0.0000	0.0001	0.0000	0.0015	0.0016	0.0000	0.0000	0.0000	0.0000	0.0000	0.0000	0.0000	0.0000	0.0000	0.0000	0.0000	0.0000	0.0000	0.0000	-0.0000	0.0000	6.6553	1.0000	3.6686	0.0000	0.0000	0.0000	0.0000	0.0000	0.0000	0.0000	0.0000	0.0000	0.0000	0.0000	0.0000	0.0000	0.0000	0.0000	0.0000	0.0000	0.0000	0.0000	0.2042	0.1760	0.0282	0.0067	0.0064	0.0002	0.1976	0.1696	0.0280	0.0786	0.0180	0.0606	0.0068	0.0055	0.0013	0.0718	0.0125	0.0593	inf	inf	0.0000	inf	inf	0.0000	0.0000	0.0000	0.0000	0.0000	0.0000	0.0000	0.0000	0.0000	0.0000	0.0000	0.0000	0.0000						
3	46	0.2353	4	0	1	0	1	0	0	0	0	N	N	N	N	N	N	N	N	N	N	N	N	0.0000	0.0000	0.0000	0.0000	0.0000	0.0000	0.0000	0.0000	0.0000	0.0000	0.0000	0.0000	0.0000	0.0000	0.0000	0.0000	0.0000	0.0000	0.0000	0.0000	6.6553	0.0000	3.6686	0.0000	0.0000	0.0000	0.0000	0.0000	0.0000	0.0000	0.0000	0.0000	0.0000	0.0000	0.0000	0.0000	0.0000	0.0000	0.0000	0.0000	0.0000	0.0000	0.0000	0.0000	0.0000	0.0000	0.0000	0.0000	0.0000	0.0000	0.0000	0.0000	0.0000	0.0000	0.0000	0.0000	0.0000	0.0000	0.0000	0.0000	0.0000	0.0000	0.0000	0.0000	0.0000	0.0000	0.0000	0.0000	0.0000	0.0000	0.0000	0.0000	0.0000	0.0000	0.0000	0.0000	0.0000	0.0000											
3	47	0.2024	3	0	1	0	1	0	0	0	0	N	N	N	N	N	N	N	N	N	N	N	N	0.0009	0.0001	0.0000	0.0071	0.0064	0.0000	0.0000	0.0000	0.0002	0.0002	0.0000	0.0071	0.0073	0.0000	0.0000	0.0000	0.0000	0.2319	1.7505	0.0000	1.0051	1.1418	0.0000	0.0000	0.0000	0.0000	0.0000	0.0000	-0.0000	-0.0630	6.6553	2.0873	3.6686	1.9360	0.0001	0.0001	0.0000	0.0001	0.0001	0.0000	0.0000	0.0000	0.0000	0.0938	0.0938	0.0000	0.0938	0.0938	0.0000	0.0000	0.0000	0.0000	0.4180	0.3610	0.0570	0.0127	0.0124	0.0003	0.4053	0.3486	0.0567	0.4042	0.1586	0.2456	0.0933	0.0821	0.0112	0.3109	0.0764	0.2345	0.0009	0.0004	0.0000	0.0071	0.0064	0.0000	0.0000	0.0000	0.0000	0.2319	0.5913	0.0000	1.0051	1.1418	0.0000	0.0000	0.0000	0.0000	
3	48	0.1701	2	0	1	0	1	0	0	0	0	N	N	N	N	N	N	N	N	N	N	N	N	0.0001	0.0000	0.0000	0.0000	0.0000	0.0001	0.0000	0.0000	0.0001	0.0001	0.0000	0.0000	0.0000	0.0000	0.0001	0.0001	0.0000	0.7599	1.7505	0.2040	0.0257	0.0269	0.0000	0.7338	4.0072	0.2048	0.0000	1.1320	-0.0000	-0.0133	6.6553	3.9129	3.6686	0.7267	0.0001	0.0001	0.0000	0.0000	0.0000	0.0000	0.0001	0.0001	0.0000	0.0942	0.0442	0.0500	0.0005	0.0005	0.0000	0.0937	0.0437	0.0500	0.7183	0.6189	0.0995	0.0975	0.0849	0.0125	0.6209	0.5339	0.0869	0.3193	0.0741	0.2452	0.0207	0.0198	0.0010	0.2986	0.0543	0.2443	0.0002	0.0001	0.0000	0.0000	0.0000	0.0000	0.0003	0.0001	0.0000	0.2951	0.5966	0.2040	0.0257	0.0269	0.0000	0.3138	0.8039	0.2048	
3	49	0.1701	2	0	2	1	0	0	0	0	0	N	Y	N	N	N	N	N	N	N	N	N	N	2010.3039	566.5061	0.0000	0.0000	inf	inf	1.9106	2.2098	0.0000	0.0000	0.0000	0.0000	2.2077	2.5586	0.0000	0.0010	0.0039	0.0000	0.0137	0.0144	0.0000	0.0000	0.0000	0.0000	0.0000	0.0000	-0.7709	-0.0004	6.6553	6.0000	3.6686	4.0006	2.0000	2.0000	0.0000	0.0000	0.0000	0.0000	2.0000	2.0000	0.0000	0.0006	0.0006	0.0000	0.0006	0.0006	0.0000	0.0000	0.0000	0.0000	1.0468	0.9050	0.1418	0.1409	0.1234	0.0175	0.9059	0.7817	0.1242	0.5892	0.1436	0.4457	0.0410	0.0390	0.0020	0.5482	0.1046	0.4436	2010.3039	566.5061	0.0000	0.0000	0.0000	0.0000	inf	inf	0.0000	0.0010	0.0039	0.0000	0.0137	0.0144	0.0000	0.0000	0.0000	0.0000			
3	50	0.1701	2	1	1	1	0	0	0	0	0	N	N	N	N	N	N	N	N	N	N	N	N	2469.6024	689.7460	4.4364	4.8178	inf	inf	2.5353	2.9324	0.0000	0.0663	0.0757	0.0000	2.9193	3.3833	0.0000	0.0010	0.0043	0.0000	0.0149	0.0157	0.0000	0.0000	0.0000	0.0000	0.0000	0.0000	-1.0230	-0.0004	6.6553	6.0000	3.6686	3.0006	2.6539	2.6539	0.0000	0.0093	0.0093	0.0000	2.6446	2.6446	0.0000	0.0006	0.0006	0.0000	0.0006	0.0006	0.0000	0.0000	0.0000	0.0000	1.0468	0.9050	0.1418	0.1409	0.1234	0.0175	0.9059	0.7817	0.1242	0.5455	0.1317	0.4138	0.0375	0.0356	0.0018	0.5080	0.0961	0.4119	2469.6024	689.7460	0.0000	4.4364	4.8178	0.0000	inf	inf	0.0000	0.0010	0.0043	0.0000	0.0149	0.0157	0.0000	0.0000	0.0000	0.0000			
3	51	0.2079	3	1	2	0	0	0	0	0	0	N	Y	N	N	N	N	N	N	N	N	N	N	0.6290	0.2140	0.0029	0.2190	0.2408	0.0001	0.0926	inf	0.0280	0.0083	0.0096	0.0000	0.0327	0.0365	0.0000	0.0000	0.0000	0.0000	0.0132	0.0450	0.0006	0.1495	0.1516	0.1050	0.0000	0.0000	0.0000	0.0000	0.0338	-0.0007	-0.0021	6.6553	1.0314	3.6686	3.0033	0.0018	0.0018	0.0000	0.0018	0.0018	0.0000	0.0000	0.0000	0.0000	0.0033	0.0032	0.0001	0.0033	0.0032	0.0001	0.0000	0.0000	0.0000	0.2186	0.1887	0.0298	0.0555	0.0497	0.0057	0.1631	0.1390	0.0241	0.2500	0.0710	0.1790	0.0221	0.0211	0.0010	0.2279	0.0500	0.1780	0.6290	0.2140	0.0029	0.2190	0.2408	0.0001	0.0926	inf	0.0280	0.0132	0.0450	0.0006	0.1495	0.1516	0.1050	0.0000	0.0000	0.0000
3	52	0.1701	2	1	2	0	0	0	0	0	0	N	Y	N	N	N	N	N	N	N	N	N	N	0.1986	0.0727	0.0299	0.0097	0.0106	inf	0.1510	0.0017	0.0335	0.0020	0.0023	0.0001	0.0003	0.0003	0.0000	0.0023	0.0027	0.0001	0.0103	0.0323	0.0036	0.0299	0.0314	0.0000	0.0153	1.5396	0.0036	0.0073	0.3670	-0.0007	-0.0014	6.6553	4.9791	3.6686	0.0710	0.0018	0.0018	0.0000	0.0000	0.0000	0.0000	0.0018	0.0018	0.0000	0.0035	0.0026	0.0009	0.0007	0.0007	0.0000	0.0029	0.0019	0.0009	0.8904	0.7685	0.1219	0.1203	0.1051	0.0152	0.7701	0.6634	0.1067	0.3433	0.0800	0.2634	0.0224	0.0214	0.0011	0.3209	0.0586	0.2623	0.1986	0.0727	0.0299	0.0097	0.0106	inf	0.2599	0.0818	0.0335	0.0103	0.0323	0.0036	0.0299	0.0314	0.0000	0.0089	0.0326	0.0036
3	53	0.1701	2	0	2	0	0	0	0	0	0	N	Y	N	N	N	N	N	N	N	N	N	N	0.8542	566.5061	0.0000	0.0000	0.0000	0.8340	inf	0.0000	1.9106	2.2098	0.0000	0.0000	0.0000	0.0000	2.2077	2.5586	0.0000	2.2368	0.0039	2.2438	0.0137	0.0144	0.0000	2.6471	0.0000	2.2541	0.0000	1785.7143	-0.7709	0.3275	6.6553	6.0000	3.6686	4.0006	2.0000	2.0000	0.0000	0.0000	0.0000	0.0000	2.0000	2.0000	0.0000	1.0006	0.0006	1.0000	0.0006	0.0006	0.0000	1.0000	0.0000	1.0000	1.0468	0.9050	0.1418	0.1409	0.1234	0.0175	0.9059	0.7817	0.1242	0.5892	0.1436	0.4457	0.0410	0.0390	0.0020	0.5482	0.1046	0.4436	1.1251	566.5061	0.0000	0.0000	0.0000	0.0000	1.2104	inf	0.0000	1.6981	0.0039	2.2438	0.0137	0.0144	0.0000	1.8240	0.0000	2.2541	
3	54	0.2232	4	0	1	1	0	0	0	0	0	N	N	N	N	N	N	N	N	N	N	N	N	1145.4273	313.2735	0.0000	0.0000	inf	inf	1.2041	1.5616	0.0000	0.0000	0.0000	0.0000	2.0413	3.3218	0.0000	0.0011	0.0050	0.0000	0.0458	0.0489	0.0000	0.0000	0.0000	0.0000	0.0000	0.0000	-0.0056	-0.0001	6.6553	0.0147	3.6686	0.9910	0.0146	0.0146	0.0000	0.0000	0.0000	0.0000	0.0146	0.0146	0.0000	0.0001	0.0001	0.0000	0.0001	0.0001	0.0000	0.0000	0.0000	0.0000	0.0121	0.0093	0.0028	0.0050	0.0049	0.0000	0.0071	0.0044	0.0027	0.0761	0.0160	0.0601	0.0017	0.0016	0.0001	0.0744	0.0144	0.0599	1145.4273	313.2735	0.0000	0.0000	0.0000	0.0000	inf	inf	0.0000	0.0011	0.0050	0.0000	0.0458	0.0489	0.0000	0.0000	0.0000	0.0000			
3	55	0.2122	3	0	1	0	0	0	0	0	0	N	N	N	N	N	N	N	N	N	N	N	N	570.8098	530.9902	0.0000	0.2148	0.2048	383.7906	88.6745	0.0000	4.2661	4.9795	0.0000	0.0168	0.0173	0.0000	4.8519	5.7713	0.0000	0.0075	0.0094	0.0070	0.0784	0.0846	0.0000	0.0126	0.0651	0.0070	0.0000	2.7243	-0.3681	0.0001	6.6553	0.9556	3.6686	1.0192	0.9549	0.9549	0.0000	0.0005	0.0005	0.0000	0.9545	0.9545	0.0000	0.0011	0.0003	0.0008	0.0002	0.0002	0.0000	0.0008	0.0000	0.0008	0.2238	0.1918	0.0321	0.0271	0.0264	0.0007	0.1967	0.1654	0.0313	0.1445	0.0309	0.1136	0.0031	0.0028	0.0002	0.1414	0.0281	0.1134	570.8098	530.9902	0.0000	0.2148	0.2048	0.0000	816.9895	3242.1191	0.0000	0.0075	0.0094	0.0070	0.0784	0.0846	0.0000	0.0059	0.0018	0.0070	
3	56	0.1701	2	0	1	0	0	0	0	0	0	N	N	N	N	N	N	N	N	N	N	N	N	0.0181	8.5111	0.0000	0.3587	0.3929	0.0193	0.7256	0.0000	0.0562	0.0654	0.0000	0.0076	0.0088	0.0000	0.0639	0.0744	0.0000	3.1058	0.0077	8.0456	0.0212	0.0223	0.0000	3.3078	0.1025	9.8542	0.0000	1388.1172	-0.0123	0.3272	6.6553	3.0309	3.6686	3.0097	0.0320	0.0320	0.0000	0.0006	0.0006	0.0000	0.0314	0.0314	0.0000	1.0000	0.0007	0.9993	0.0006	0.0006	0.0000	0.9995	0.0002	0.9993	0.5689	0.4893	0.0795	0.0774	0.0673	0.0101	0.4914	0.4220	0.0694	0.3988	0.0937	0.3051	0.0264	0.0251	0.0013	0.3724	0.0686	0.3038	0.0224	8.5111	0.0000	0.3587	0.3929	0.0000	0.0238	31.9259	0.0000	2.5076	0.0077	3.2756	0.0212	0.0223	0.0000	2.6837	0.0023	3.2892	
3	57	0.1701	2	0	1	0	0	0	0	0	0	N	N	N	N	N	N	N	N	N	N	N	N	0.0000	0.0000	0.0000	0.0000	0.0000	0.0000	0.0000	0.0000	0.0000	0.0000	0.0000	0.0000	0.0000	0.0027	0.0116	0.0000	0.0412	0.0433	0.0000	0.0000	0.0000	0.0000	0.0000	0.0000	-0.0007	6.6553	3.0000	3.6686	3.0006	0.0000	0.0000	0.0000	0.0000	0.0000	0.0000	0.0000	0.0000	0.0000	0.0011	0.0011	0.0000	0.0011	0.0011	0.0000	0.0000	0.0000	0.0000	0.5635	0.4847	0.0788	0.0767	0.0667	0.0100	0.4868	0.4180	0.0688	0.3966	0.0932	0.3034	0.0262	0.0250	0.0012	0.3704	0.0682	0.3022	0.0000	0.0000	0.0000	0.0000	0.0000	0.0000	0.0000	0.0000	0.0000	0.0027	0.0116	0.0000	0.0412	0.0433	0.0000	0.0000	0.0000	0.0000						
3	58	0.3157	4	0	1	0	0	0	0	0	0	N	N	N	N	N	N	N	N	N	N	N	N	0.0140	0.0072	0.0076	0.0590	0.0577	0.0033	0.0000	0.0000	0.0022	0.0273	0.0311	0.0000	0.1151	0.1255	0.0000	0.0000	0.0000	0.0000	1.9475	4.3022	0.0000	1.9524	2.1747	0.0003	2.1826	6.8981	0.0000	0.0000	0.0000	-0.0197	-0.8854	6.6553	10.2575	3.6686	3.8960	0.0511	0.0511	0.0000	0.0511	0.0511	0.0000	0.0000	0.0000	0.0000	1.3174	1.3174	0.0000	0.3560	0.3560	0.0000	0.9613	0.9613	0.0000	1.8701	1.6447	0.2254	0.4441	0.4075	0.0366	1.4261	1.2372	0.1888	0.9432	0.3343	0.6089	0.2022	0.1950	0.0072	0.7410	0.1394	0.6017	0.0196	0.0079	0.0076	0.0654	0.0687	0.0033	0.0000	0.0000	0.0022	1.3967	3.9403	0.0000	1.7607	1.8261	0.0003	1.2973	6.8981	0.0000
3	59	0.2897	3	1	2	1	0	0	0	0	0	N	Y	N	N	N	N	N	N	N	N	N	N	0.0000	0.0000	0.0000	0.0000	0.0000	0.0000	0.0000	0.0000	0.0000	0.0000	0.0000	0.0000	0.0000	1.5584	3.7484	0.0000	1.5260	1.7242	0.0000	0.0000	0.0000	0.0000	0.0000	0.0000	-0.0000	6.6553	0.0000	3.6686	0.0000	0.0000	0.0000	0.0000	0.0000	0.0000	0.0000	0.0000	0.0000	0.0000	0.0000	0.0000	0.0000	0.0000	0.0000	0.0000	0.0000	0.0000	0.0000	0.0000	0.0000	0.0000	0.0000	0.0000	0.0000	0.0000	0.0000	0.0000	0.0000	0.0000	0.0000	0.0000	0.0000	0.0000	0.0000	0.0000	0.0000	0.0000	0.0000	0.0000	0.0000	0.0000	0.0000	0.0000	0.0000	0.0000	0.7362	1.4809	0.0000	1.4418	1.4911	0.0000	0.0000	0.0000	0.0000						
3	60	0.1701	2	1	1	1	0	0	0	0	0	N	N	N	N	N	N	N	N	N	N	N	N	0.7971	inf	0.0000	0.7943	inf	0.0000	1.6769	1.9364	0.0000	0.0000	0.0000	0.0000	1.9365	2.2409	0.0000	2.1038	0.0000	2.1025	0.0000	0.0000	0.0000	2.4382	0.0000	2.1124	0.0000	inf	-0.7709	0.3277	6.6553	7.0000	3.6686	3.9994	2.0000	2.0000	0.0000	0.0000	0.0000	0.0000	2.0000	2.0000	0.0000	0.9994	0.0000	0.9994	0.0000	0.0000	0.0000	0.9994	0.0000	0.9994	1.1927	1.0329	0.1598	0.1599	0.1404	0.0196	1.0328	0.8925	0.1403	0.6303	0.1549	0.4754	0.0444	0.0422	0.0022	0.5859	0.1127	0.4731	1.0575	inf	0.0000	0.0000	0.0000	0.0000	1.1352	inf	0.0000	1.5857	0.0000	2.1025	0.0000	0.0000	0.0000	1.7059	0.0000	2.1124			
3	61	0.2526	3	1	1	1	0	0	0	0	0	N	N	N	N	N	N	N	N	N	N	N	N	0.0000	0.0000	0.0000	0.0000	0.0000	0.0000	0.0000	0.0000	0.0000	0.0000	0.0000	0.0000	0.0000	0.0000	0.0000	0.0000	0.0000	0.0000	0.0000	0.0000	6.6553	2.0000	3.6686	0.0000	0.0000	0.0000	0.0000	0.0000	0.0000	0.0000	0.0000	0.0000	0.0000	0.0000	0.0000	0.0000	0.0000	0.0000	0.0000	0.0000	0.0000	0.0000	0.3414	0.2932	0.0482	0.0784	0.0697	0.0087	0.2630	0.2235	0.0394	0.1007	0.0434	0.0573	0.0602	0.0335	0.0267	0.0405	0.0099	0.0306	0.0000	0.0000	0.0000	0.0000	0.0000	0.0000	0.0000	0.0000	0.0000	0.0000	0.0000	0.0000	0.0000	0.0000	0.0000	0.0000	0.0000	0.0000											
3	62	0.1701	2	1	1	1	0	0	0	0	0	N	N	N	N	N	N	N	N	N	N	N	N	0.0000	0.0000	0.0000	0.0000	0.0000	0.0000	0.0000	0.0000	0.0000	0.0000	0.0000	0.0000	0.0000	2.5354	0.0000	4.0080	0.0000	0.0000	0.0000	2.9456	0.0000	4.7560	inf	0.0000	0.3277	6.6553	4.0000	3.6686	3.9994	0.0000	0.0000	0.0000	0.0000	0.0000	0.0000	0.0000	0.0000	0.0000	0.9994	0.0000	0.9994	0.0000	0.0000	0.0000	0.9994	0.0000	0.9994	0.7327	0.6314	0.1014	0.0994	0.0866	0.0128	0.6334	0.5448	0.0886	0.4989	0.1194	0.3795	0.0338	0.0322	0.0016	0.4650	0.0872	0.3779	0.0000	0.0000	0.0000	0.0000	0.0000	0.0000	0.0000	0.0000	0.0000	2.0034	0.0000	2.6336	0.0000	0.0000	0.0000	2.1491	0.0000	2.6450						
3	63	0.1701	2	0	2	0	0	0	0	0	0	N	Y	N	N	N	N	N	N	N	N	N	N	inf	inf	inf	inf	0.0002	0.0002	0.0000	0.0011	0.0013	0.0000	0.0000	0.0000	0.0000	0.0000	0.0000	0.0000	0.0000	0.0000	0.0000	0.0000	0.0000	0.0000	0.0000	-0.0001	0.0000	6.6553	7.0000	3.6686	4.0000	0.0002	0.0002	0.0000	0.0002	0.0002	0.0000	0.0000	0.0000	0.0000	0.0000	0.0000	0.0000	0.0000	0.0000	0.0000	0.0000	0.0000	0.0000	1.1927	1.0329	0.1598	0.1599	0.1404	0.0196	1.0328	0.8925	0.1403	0.6303	0.1549	0.4754	0.0444	0.0422	0.0022	0.5859	0.1127	0.4732	inf	inf	0.0000	inf	inf	0.0000	0.0000	0.0000	0.0000	0.0000	0.0000	0.0000	0.0000	0.0000	0.0000	0.0000	0.0000	0.0000						
3	64	0.2768	5	0	1	1	0	0	0	0	0	N	N	N	N	N	N	N	N	N	N	N	N	0.0000	0.0000	0.0000	0.0000	0.0000	0.0000	0.0000	0.0000	0.0000	0.0000	0.0000	0.0000	0.0000	0.0000	0.0000	0.0000	0.0000	0.0000	0.0000	0.0000	6.6553	0.0000	3.6686	0.0000	0.0000	0.0000	0.0000	0.0000	0.0000	0.0000	0.0000	0.0000	0.0000	0.0000	0.0000	0.0000	0.0000	0.0000	0.0000	0.0000	0.0000	0.0000	0.0000	0.0000	0.0000	0.0000	0.0000	0.0000	0.0000	0.0000	0.0000	0.0000	0.0000	0.0000	0.0000	0.0000	0.0000	0.0000	0.0000	0.0000	0.0000	0.0000	0.0000	0.0000	0.0000	0.0000	0.0000	0.0000	0.0000	0.0000	0.0000	0.0000	0.0000	0.0000	0.0000	0.0000	0.0000	0.0000											
3	65	0.2525	4	0	1	1	0	0	0	0	0	N	N	N	N	N	N	N	N	N	N	N	N	0.0000	0.0000	0.0000	0.0000	0.0000	0.0000	0.0000	0.0000	0.0000	0.0000	0.0000	0.0000	0.0000	0.0000	0.0000	0.0000	0.0000	0.0000	0.0000	0.0000	6.6553	0.8734	3.6686	1.0002	0.0000	0.0000	0.0000	0.0000	0.0000	0.0000	0.0000	0.0000	0.0000	0.0000	0.0000	0.0000	0.0000	0.0000	0.0000	0.0000	0.0000	0.0000	0.1621	0.1386	0.0235	0.0282	0.0247	0.0035	0.1339	0.1139	0.0200	0.1387	0.0294	0.1093	0.0400	0.0148	0.0252	0.0987	0.0146	0.0841	0.0000	0.0000	0.0000	0.0000	0.0000	0.0000	0.0000	0.0000	0.0000	0.0000	0.0000	0.0000	0.0000	0.0000	0.0000	0.0000	0.0000	0.0000											
3	66	0.2379	3	0	1	0	0	0	0	0	0	N	N	N	N	N	N	N	N	N	N	N	N	0.0661	0.0093	0.0000	0.1493	0.1652	0.0000	0.0000	0.0000	0.0102	0.0120	0.0000	0.0578	0.0656	0.0000	0.0000	0.0000	0.0000	0.1549	1.2925	0.1125	0.3870	0.3970	0.3752	0.0313	0.0000	0.0368	0.0000	1.0773	-0.0007	-0.0024	6.6553	1.0063	3.6686	0.0727	0.0019	0.0019	0.0000	0.0019	0.0019	0.0000	0.0000	0.0000	0.0000	0.0159	0.0077	0.0083	0.0138	0.0077	0.0062	0.0021	0.0000	0.0021	0.1884	0.1612	0.0273	0.0334	0.0294	0.0040	0.1550	0.1317	0.0233	0.1029	0.0294	0.0735	0.0358	0.0193	0.0164	0.0672	0.0101	0.0571	0.0661	0.0459	0.0000	0.1493	0.1652	0.0000	0.0000	0.0000	0.0000	0.1549	0.2611	0.1125	0.3870	0.3970	0.3752	0.0313	0.0000	0.0368	
3	67	0.1701	2	0	1	0	0	0	0	0	0	N	N	N	N	N	N	N	N	N	N	N	N	0.0007	0.0244	0.0000	0.0000	0.0000	0.0008	0.0011	0.0000	0.0026	0.0030	0.0005	0.0000	0.0000	0.0000	0.0030	0.0035	0.0006	3.7792	0.1220	11.2945	0.0002	0.0002	0.0000	4.0285	3.0325	13.0036	0.0266	148.3041	-0.0007	0.3228	6.6553	4.0009	3.6686	1.0789	0.0019	0.0019	0.0001	0.0000	0.0000	0.0000	0.0019	0.0019	0.0001	1.0050	0.0067	0.9983	0.0000	0.0000	0.0000	1.0050	0.0067	0.9983	0.7329	0.6315	0.1014	0.0994	0.0866	0.0128	0.6335	0.5449	0.0886	0.3451	0.0804	0.2647	0.0225	0.0215	0.0011	0.3225	0.0589	0.2636	0.0009	0.0355	0.0001	0.0000	0.0000	0.0000	0.0010	0.0302	0.0001	2.9127	0.0838	3.7717	0.0002	0.0002	0.0000	3.1162	0.1142	3.7870	
3	68	0.1701	2	0	2	0	0	0	0	0	0	N	Y	N	N	N	N	N	N	N	N	N	N	0.0000	inf	0.0000	inf	inf	0.0000	0.0000	0.0001	0.0001	0.0000	0.0004	0.0005	0.0000	0.0000	0.0000	0.0000	2.4120	0.0000	2.4157	0.0000	0.0000	0.0000	2.7791	0.0000	2.4264	0.0000	inf	-0.0000	0.3277	6.6553	5.0000	3.6686	3.9994	0.0001	0.0001	0.0000	0.0001	0.0001	0.0000	0.0000	0.0000	0.0000	0.9994	0.0000	0.9994	0.0000	0.0000	0.0000	0.9994	0.0000	0.9994	0.8936	0.7713	0.1223	0.1207	0.1055	0.0153	0.7729	0.6659	0.1071	0.5454	0.1317	0.4137	0.0375	0.0356	0.0018	0.5080	0.0961	0.4119	0.0000	inf	0.0000	inf	inf	0.0000	0.0000	0.0000	0.0000	1.8324	0.0000	2.4157	0.0000	0.0000	0.0000	1.9675	0.0000	2.4264		
3	69	0.1701	2	1	1	1	0	0	0	0	0	N	N	N	N	N	N	N	N	N	N	N	N	0.7517	inf	0.0000	0.7496	inf	0.0000	1.6769	1.9364	0.0000	0.0000	0.0000	0.0000	1.9365	2.2409	0.0000	2.2309	0.0000	2.2427	0.0000	0.0000	0.0000	2.5836	0.0000	2.2530	0.0000	inf	-0.7709	0.3277	6.6553	7.0000	3.6686	2.9994	2.0000	2.0000	0.0000	0.0000	0.0000	0.0000	2.0000	2.0000	0.0000	0.9994	0.0000	0.9994	0.0000	0.0000	0.0000	0.9994	0.0000	0.9994	1.1927	1.0329	0.1598	0.1599	0.1404	0.0196	1.0328	0.8925	0.1403	0.5892	0.1435	0.4456	0.0410	0.0390	0.0020	0.5482	0.1046	0.4436	0.9885	inf	0.0000	0.0000	0.0000	0.0000	1.0622	inf	0.0000	1.6963	0.0000	2.2427	0.0000	0.0000	0.0000	1.8232	0.0000	2.2530			
3	70	0.1701	2	0	2	0	1	0	0	0	0	N	Y	N	N	N	N	N	N	N	N	N	N	869.5727	243.6928	6.4109	6.9948	inf	inf	0.8927	1.0360	0.0000	0.0958	0.1099	0.0000	1.0177	1.1833	0.0000	0.0010	0.0043	0.0000	0.0149	0.0157	0.0000	0.0000	0.0000	0.0000	0.0000	0.0000	-0.2521	-0.0004	6.6553	4.0000	3.6686	5.0006	0.6541	0.6541	0.0000	0.0095	0.0095	0.0000	0.6446	0.6446	0.0000	0.0006	0.0006	0.0000	0.0006	0.0006	0.0000	0.0000	0.0000	0.0000	0.7327	0.6314	0.1014	0.0994	0.0866	0.0128	0.6334	0.5448	0.0886	0.5455	0.1317	0.4138	0.0375	0.0356	0.0018	0.5080	0.0961	0.4119	869.5727	243.6928	0.0000	6.4109	6.9948	0.0000	inf	inf	0.0000	0.0010	0.0043	0.0000	0.0149	0.0157	0.0000	0.0000	0.0000	0.0000			
3	71	0.1701	2	0	2	0	0	0	0	0	0	N	Y	N	N	N	N	N	N	N	N	N	N	0.0001	inf	0.0000	inf	inf	0.0000	0.0000	0.0002	0.0002	0.0000	0.0014	0.0016	0.0000	0.0000	0.0000	0.0000	2.0397	0.0000	1.9868	0.0000	0.0000	0.0000	2.3690	0.0000	1.9963	0.0000	inf	-0.0001	0.3277	6.6553	7.0000	3.6686	4.9994	0.0002	0.0002	0.0000	0.0002	0.0002	0.0000	0.0000	0.0000	0.0000	0.9994	0.0000	0.9994	0.0000	0.0000	0.0000	0.9994	0.0000	0.9994	1.1927	1.0329	0.1598	0.1599	0.1404	0.0196	1.0328	0.8925	0.1403	0.6689	0.1658	0.5030	0.0477	0.0453	0.0024	0.6212	0.1206	0.5006	0.0001	inf	0.0000	inf	inf	0.0000	0.0000	0.0000	0.0000	1.4942	0.0000	1.9868	0.0000	0.0000	0.0000	1.6089	0.0000	1.9963		
3	72	0.2267	3	0	2	0	0	0	0	0	0	N	Y	N	N	N	N	N	N	N	N	N	N	0.3258	34.1453	0.0000	0.0851	0.0942	0.0000	0.2816	inf	0.0000	1.2247	1.4120	0.0000	0.0045	0.0050	0.0000	1.5282	1.7784	0.0000	3.7597	0.0414	19.7465	0.0530	0.0532	0.0310	5.4264	0.0000	19.3228	0.0000	158.4785	-0.3837	0.3216	6.6553	4.7764	3.6686	1.3205	0.9955	0.9955	0.0000	0.0007	0.0007	0.0000	0.9948	0.9948	0.0000	0.9999	0.0063	0.9937	0.0063	0.0063	0.0000	0.9936	0.0000	0.9936	0.8128	0.7050	0.1078	0.1619	0.1457	0.0162	0.6510	0.5594	0.0916	0.3471	0.1516	0.1955	0.1191	0.1178	0.0013	0.2280	0.0338	0.1942	0.4252	34.1453	0.0000	0.0851	0.0942	0.0000	0.3507	inf	0.0000	2.8805	0.0414	5.0824	0.0530	0.0532	0.0310	4.3574	0.0000	5.1160
3	73	0.1701	2	0	2	0	0	0	0	0	0	N	Y	N	N	N	N	N	N	N	N	N	N	33.8806	23.2183	0.0109	0.0002	0.0001	inf	38.2246	0.6017	0.0124	1.1427	1.3278	0.0003	0.0000	0.0000	0.0000	1.3226	1.5394	0.0004	0.0337	0.0572	0.0283	0.0214	0.0225	0.0000	0.0346	2.5586	0.0284	0.0000	1.7930	-0.2713	-0.0004	6.6553	3.3049	3.6686	2.7470	0.7040	0.7039	0.0000	0.0000	0.0000	0.0000	0.7040	0.7039	0.0000	0.0135	0.0048	0.0086	0.0006	0.0006	0.0000	0.0129	0.0043	0.0086	0.6160	0.5302	0.0859	0.0838	0.0729	0.0109	0.5323	0.4573	0.0750	0.3994	0.0939	0.3055	0.0264	0.0252	0.0013	0.3730	0.0687	0.3043	33.8806	25.8438	0.0109	0.0002	0.0001	inf	38.2246	24.8485	0.0124	0.0337	0.0514	0.0283	0.0214	0.0225	0.0000	0.0346	0.0620	0.0284
3	76	0.2375	5	1	2	0	1	0	0	0	0	N	Y	N	N	N	N	N	N	N	N	N	N	0.0000	0.0000	0.0000	0.0000	0.0000	0.0000	0.0000	0.0000	0.0000	0.0000	0.0000	0.0000	0.0000	0.0000	0.0000	0.0000	0.0000	0.0000	0.0000	0.0000	6.6553	0.0000	3.6686	0.0000	0.0000	0.0000	0.0000	0.0000	0.0000	0.0000	0.0000	0.0000	0.0000	0.0000	0.0000	0.0000	0.0000	0.0000	0.0000	0.0000	0.0000	0.0000	0.0000	0.0000	0.0000	0.0000	0.0000	0.0000	0.0000	0.0000	0.0000	0.0000	0.0000	0.0000	0.0000	0.0000	0.0000	0.0000	0.0000	0.0000	0.0000	0.0000	0.0000	0.0000	0.0000	0.0000	0.0000	0.0000	0.0000	0.0000	0.0000	0.0000	0.0000	0.0000	0.0000	0.0000	0.0000	0.0000											
3	77	0.2292	4	1	2	0	1	0	0	0	0	N	Y	N	N	N	N	N	N	N	N	N	N	0.2207	0.1060	inf	0.4075	0.4211	inf	inf	inf	0.0005	0.0006	0.0000	0.0047	0.0050	0.0002	0.0000	0.0000	0.0000	0.0025	0.0059	0.0000	0.0115	0.0119	0.0000	0.0000	0.0000	0.0000	0.0046	0.0000	-0.0000	-0.0001	6.6553	1.0073	3.6686	0.3366	0.0001	0.0001	0.0000	0.0001	0.0001	0.0000	0.0000	0.0000	0.0000	0.0002	0.0002	0.0000	0.0002	0.0002	0.0000	0.0000	0.0000	0.0000	0.1849	0.1594	0.0255	0.0214	0.0199	0.0015	0.1634	0.1395	0.0240	0.0697	0.0290	0.0407	0.0149	0.0144	0.0006	0.0548	0.0146	0.0401	0.2207	0.1060	inf	0.4075	0.4211	inf	inf	0.0000	inf	0.0025	0.0059	0.0000	0.0115	0.0119	0.0000	0.0000	0.0000	0.0000	
3	78	0.2550	4	0	2	0	1	0	0	0	0	N	Y	N	N	N	N	N	N	N	N	N	N	0.0000	0.0000	0.0000	0.0000	0.0000	0.0000	0.0000	0.0000	0.0000	0.0000	0.0000	0.0000	0.0000	0.0000	0.0000	0.0000	0.0000	0.0000	0.0000	0.0000	6.6553	0.0000	3.6686	0.0000	0.0000	0.0000	0.0000	0.0000	0.0000	0.0000	0.0000	0.0000	0.0000	0.0000	0.0000	0.0000	0.0000	0.0000	0.0000	0.0000	0.0000	0.0000	0.0000	0.0000	0.0000	0.0000	0.0000	0.0000	0.0000	0.0000	0.0000	0.0000	0.0000	0.0000	0.0000	0.0000	0.0000	0.0000	0.0000	0.0000	0.0000	0.0000	0.0000	0.0000	0.0000	0.0000	0.0000	0.0000	0.0000	0.0000	0.0000	0.0000	0.0000	0.0000	0.0000	0.0000	0.0000	0.0000											
3	79	0.2467	3	0	2	0	1	0	0	0	0	N	Y	N	N	N	N	N	N	N	N	N	N	0.0000	0.0000	0.0000	0.0000	0.0000	0.0000	0.0000	0.0000	0.0000	0.0000	0.0000	0.0000	0.0000	0.0000	0.0000	0.0000	0.0000	0.0000	0.0000	0.0000	6.6553	0.0000	3.6686	1.0000	0.0000	0.0000	0.0000	0.0000	0.0000	0.0000	0.0000	0.0000	0.0000	0.0000	0.0000	0.0000	0.0000	0.0000	0.0000	0.0000	0.0000	0.0000	0.0000	0.0000	0.0000	0.0000	0.0000	0.0000	0.0000	0.0000	0.0000	0.0651	0.0228	0.0424	0.0262	0.0119	0.0144	0.0389	0.0109	0.0280	0.0000	0.0000	0.0000	0.0000	0.0000	0.0000	0.0000	0.0000	0.0000	0.0000	0.0000	0.0000	0.0000	0.0000	0.0000	0.0000	0.0000	0.0000											
3	80	0.2292	4	0	2	0	0	0	0	0	0	N	Y	N	N	N	N	N	N	N	N	N	N	0.7521	0.3562	9.3629	1.2311	1.2613	9.5732	1.1064	5.6047	0.0001	0.0001	0.0000	0.0009	0.0009	0.0000	0.0000	0.0000	0.0000	0.0001	0.0003	0.0000	0.0007	0.0007	0.0000	0.0000	0.0000	0.0000	0.0026	0.0009	-0.0000	-0.0000	6.6553	3.9927	3.6686	1.0002	0.0001	0.0001	0.0000	0.0001	0.0001	0.0000	0.0000	0.0000	0.0000	0.0000	0.0000	0.0000	0.0000	0.0000	0.0000	0.0000	0.0000	0.0000	0.6800	0.5891	0.0909	0.0802	0.0744	0.0058	0.5998	0.5148	0.0851	0.2202	0.0905	0.1297	0.0425	0.0405	0.0021	0.1777	0.0501	0.1276	0.7521	0.3562	9.3629	1.2311	1.2613	9.5732	1.1064	0.0000	5.6047	0.0001	0.0003	0.0000	0.0007	0.0007	0.0000	0.0000	0.0000	0.0000	
3	81	0.2245	3	0	2	0	0	0	0	0	0	N	Y	N	N	N	N	N	N	N	N	N	N	0.0322	0.0168	0.0000	0.0576	0.0591	0.0000	0.0000	0.0003	0.0004	0.0000	0.0027	0.0030	0.0000	0.0000	0.0000	0.0000	0.0096	0.0214	0.0016	0.0476	0.0501	0.0000	0.0023	0.0000	0.0016	0.0000	0.1091	-0.0000	-0.0002	6.6553	0.0110	3.6686	0.6549	0.0000	0.0000	0.0000	0.0000	0.0000	0.0000	0.0000	0.0000	0.0000	0.0003	0.0003	0.0000	0.0003	0.0003	0.0000	0.0000	0.0000	0.0000	0.0021	0.0018	0.0003	0.0002	0.0002	0.0000	0.0018	0.0016	0.0003	0.0316	0.0128	0.0188	0.0058	0.0055	0.0003	0.0259	0.0073	0.0185	0.0322	0.0168	0.0000	0.0576	0.0591	0.0000	0.0000	0.0000	0.0000	0.0096	0.0214	0.0016	0.0476	0.0501	0.0000	0.0012	0.0000	0.0016		
3	82	0.2467	3	0	1	1	1	0	0	0	0	N	N	N	N	N	N	N	N	N	N	N	N	0.0000	0.0000	0.0000	0.0000	0.0000	0.0000	0.0000	0.0000	0.0000	0.0000	0.0000	0.0000	0.0000	0.0000	0.0000	0.0000	0.0000	0.0000	0.0000	0.0000	6.6553	1.0000	3.6686	0.0000	0.0000	0.0000	0.0000	0.0000	0.0000	0.0000	0.0000	0.0000	0.0000	0.0000	0.0000	0.0000	0.0000	0.0000	0.0000	0.0000	0.0000	0.0000	0.1828	0.1574	0.0254	0.0122	0.0114	0.0008	0.1706	0.1459	0.0246	0.0651	0.0228	0.0424	0.0262	0.0119	0.0144	0.0389	0.0109	0.0280	0.0000	0.0000	0.0000	0.0000	0.0000	0.0000	0.0000	0.0000	0.0000	0.0000	0.0000	0.0000	0.0000	0.0000	0.0000	0.0000	0.0000	0.0000											
3	83	0.2467	3	0	1	1	1	0	0	0	0	N	N	N	N	N	N	N	N	N	N	N	N	0.0000	0.0000	0.0000	0.0000	0.0000	0.0000	0.0000	0.0000	0.0000	0.0000	0.0000	0.0000	0.0000	0.0000	0.0000	0.0000	0.0000	0.0000	0.0000	0.0000	6.6553	0.0000	3.6686	0.0000	0.0000	0.0000	0.0000	0.0000	0.0000	0.0000	0.0000	0.0000	0.0000	0.0000	0.0000	0.0000	0.0000	0.0000	0.0000	0.0000	0.0000	0.0000	0.0000	0.0000	0.0000	0.0000	0.0000	0.0000	0.0000	0.0000	0.0000	0.0000	0.0000	0.0000	0.0000	0.0000	0.0000	0.0000	0.0000	0.0000	0.0000	0.0000	0.0000	0.0000	0.0000	0.0000	0.0000	0.0000	0.0000	0.0000	0.0000	0.0000	0.0000	0.0000	0.0000	0.0000	0.0000	0.0000											
3	84	0.1701	2	0	1	0	1	0	0	0	0	N	N	N	N	N	N	N	N	N	N	N	N	0.7292	377.3978	0.0000	0.0000	0.0000	0.7392	inf	0.0000	1.7745	2.0631	0.0000	0.0000	0.0000	0.0000	2.0542	2.3924	0.0000	2.4336	0.0055	2.4157	0.0192	0.0202	0.0000	2.7791	0.0000	2.4264	0.0000	1388.1111	-0.3855	0.3272	6.6553	3.0000	3.6686	5.9994	1.0000	1.0000	0.0000	0.0000	0.0000	0.0000	1.0000	1.0000	0.0000	1.0002	0.0007	0.9994	0.0007	0.0007	0.0000	0.9994	0.0000	0.9994	0.5635	0.4847	0.0788	0.0767	0.0667	0.0100	0.4868	0.4180	0.0688	0.5454	0.1317	0.4137	0.0375	0.0356	0.0018	0.5080	0.0961	0.4119	0.9677	377.3978	0.0000	0.0000	0.0000	0.0000	1.0440	inf	0.0000	1.8337	0.0055	2.4157	0.0192	0.0202	0.0000	1.9675	0.0000	2.4264	
3	85	0.3077	3	1	2	0	0	0	0	0	0	N	Y	N	N	N	N	N	N	N	N	N	N	0.0000	0.0000	0.0000	0.0000	0.0000	0.0000	0.0000	0.0000	0.0000	0.0000	0.0000	0.0000	0.0000	2.8074	4.7088	0.0000	6.5549	7.2588	0.0000	0.0000	0.0000	0.0000	0.0000	0.0000	-0.0000	6.6553	0.0000	3.6686	0.0000	0.0000	0.0000	0.0000	0.0000	0.0000	0.0000	0.0000	0.0000	0.0000	0.0000	0.0000	0.0000	0.0000	0.0000	0.0000	0.0000	0.0000	0.0000	0.0000	0.0000	0.0000	0.0000	0.0000	0.0000	0.0000	0.0000	0.0000	0.0000	0.0000	0.0000	0.0000	0.0000	0.0000	0.0000	0.0000	0.0000	0.0000	0.0000	0.0000	0.0000	0.0000	0.0000	0.0000	0.0000	0.0000	2.3559	4.1711	0.0000	5.1783	5.2337	0.0000	0.0000	0.0000	0.0000						
3	86	0.1701	2	1	2	0	0	0	0	0	0	N	Y	N	N	N	N	N	N	N	N	N	N	0.1313	0.0384	0.0000	0.0705	0.0767	0.0000	0.0000	0.0001	0.0001	0.0000	0.0008	0.0009	0.0000	0.0000	0.0000	0.0000	0.0009	0.0034	0.0000	0.0117	0.0124	0.0000	0.0000	0.0000	0.0000	0.0000	0.0179	-0.0000	-0.0004	6.6553	5.0000	3.6686	7.0006	0.0001	0.0001	0.0000	0.0001	0.0001	0.0000	0.0000	0.0000	0.0000	0.0006	0.0006	0.0000	0.0006	0.0006	0.0000	0.0000	0.0000	0.0000	0.8936	0.7713	0.1223	0.1207	0.1055	0.0153	0.7729	0.6659	0.1071	0.6689	0.1658	0.5031	0.0477	0.0453	0.0024	0.6212	0.1206	0.5007	0.1313	0.0384	0.0000	0.0705	0.0767	0.0000	0.0000	0.0000	0.0000	0.0009	0.0034	0.0000	0.0117	0.0124	0.0000	0.0000	0.0000	0.0000		
3	87	0.1701	2	0	2	0	0	0	0	0	0	N	Y	N	N	N	N	N	N	N	N	N	N	0.0000	0.0000	0.0000	0.0000	0.0000	0.0000	0.0000	0.0000	0.0000	0.0000	0.0000	0.0000	0.0000	0.0020	0.0087	0.0000	0.0310	0.0325	0.0000	0.0000	0.0000	0.0000	0.0000	0.0000	-0.0004	6.6553	1.0000	3.6686	3.0006	0.0000	0.0000	0.0000	0.0000	0.0000	0.0000	0.0000	0.0000	0.0000	0.0006	0.0006	0.0000	0.0006	0.0006	0.0000	0.0000	0.0000	0.0000	0.1978	0.1695	0.0283	0.0272	0.0235	0.0037	0.1707	0.1460	0.0247	0.2807	0.0647	0.2160	0.0181	0.0172	0.0008	0.2626	0.0475	0.2151	0.0000	0.0000	0.0000	0.0000	0.0000	0.0000	0.0000	0.0000	0.0000	0.0020	0.0087	0.0000	0.0310	0.0325	0.0000	0.0000	0.0000	0.0000						
3	88	0.2245	3	1	2	0	0	0	0	0	0	N	Y	N	N	N	N	N	N	N	N	N	N	0.0000	0.0000	0.0000	0.0000	0.0000	0.0000	0.0000	0.0000	0.0000	0.0000	0.0000	0.0000	0.0000	0.0000	0.0000	0.0000	0.0000	0.0000	0.0000	0.0000	6.6553	0.0000	3.6686	0.0000	0.0000	0.0000	0.0000	0.0000	0.0000	0.0000	0.0000	0.0000	0.0000	0.0000	0.0000	0.0000	0.0000	0.0000	0.0000	0.0000	0.0000	0.0000	0.0000	0.0000	0.0000	0.0000	0.0000	0.0000	0.0000	0.0000	0.0000	0.0000	0.0000	0.0000	0.0000	0.0000	0.0000	0.0000	0.0000	0.0000	0.0000	0.0000	0.0000	0.0000	0.0000	0.0000	0.0000	0.0000	0.0000	0.0000	0.0000	0.0000	0.0000	0.0000	0.0000	0.0000	0.0000	0.0000											
3	89	0.1701	2	0	2	0	0	0	0	0	0	N	Y	N	N	N	N	N	N	N	N	N	N	0.1021	0.0284	0.0511	0.0558	0.0000	0.0000	0.0000	0.0003	0.0003	0.0000	0.0000	0.0000	0.0000	0.0004	0.0017	0.0000	0.0059	0.0062	0.0000	0.0000	0.0000	0.0000	0.0000	0.0000	-0.0000	-0.0001	6.6553	4.0000	3.6686	4.0001	0.0000	0.0000	0.0000	0.0000	0.0000	0.0000	0.0000	0.0000	0.0000	0.0002	0.0002	0.0000	0.0002	0.0002	0.0000	0.0000	0.0000	0.0000	0.7327	0.6314	0.1014	0.0994	0.0866	0.0128	0.6334	0.5448	0.0886	0.4989	0.1194	0.3795	0.0338	0.0322	0.0016	0.4651	0.0872	0.3779	0.1021	0.0284	0.0000	0.0511	0.0558	0.0000	0.0000	0.0000	0.0000	0.0004	0.0017	0.0000	0.0059	0.0062	0.0000	0.0000	0.0000	0.0000					
3	91	0.3157	4	0	1	0	0	0	0	0	0	N	N	N	N	N	N	N	N	N	N	N	N	1.0120	0.6604	0.0001	0.0905	0.0949	0.5730	6.7722	541.9905	0.0000	0.9884	1.1230	0.0000	0.0788	0.0860	0.0001	1.2614	1.4514	0.0000	0.9767	1.7006	0.2278	0.8712	0.9065	0.0002	0.1863	0.0027	0.2306	0.0000	0.8365	-0.7659	-0.0699	6.6553	11.5137	3.6686	4.9035	1.9870	1.9870	0.0000	0.0366	0.0366	0.0000	1.9505	1.9505	0.0000	0.3224	0.1756	0.1469	0.1756	0.1756	0.0000	0.1469	0.0000	0.1469	2.0104	1.7694	0.2410	0.4641	0.4255	0.0386	1.5463	1.3439	0.2024	0.9900	0.3454	0.6446	0.2015	0.1937	0.0079	0.7885	0.1517	0.6367	3.0349	2.2094	0.0001	0.0905	0.0949	0.5730	6.7722	406767.2807	0.0000	0.3257	0.5083	0.2278	0.8712	0.9065	0.0002	0.1863	0.0000	0.2306
4	5	0.2679	4	2	1	1	1	0	0	0	0	Y	N	N	N	N	N	N	N	N	N	N	N	0.0000	0.0000	0.0000	0.0000	0.0000	0.0000	0.0000	0.0000	0.0000	0.0000	0.0000	0.0000	0.0000	0.0000	0.0000	0.0000	0.0000	0.0000	0.0000	0.0000	6.0000	0.0000	4.9994	0.0000	0.0000	0.0000	0.0000	0.0000	0.0000	0.0000	0.0000	0.0000	0.0000	0.0000	0.0000	0.0000	0.0000	0.0000	0.0000	0.0000	0.0000	0.0000	0.0000	0.0000	0.0000	0.0000	0.0000	0.0000	0.0000	0.0000	0.0000	0.0000	0.0000	0.0000	0.0000	0.0000	0.0000	0.0000	0.0000	0.0000	0.0000	0.0000	0.0000	0.0000	0.0000	0.0000	0.0000	0.0000	0.0000	0.0000	0.0000	0.0000	0.0000	0.0000	0.0000	0.0000	0.0000	0.0000											
4	6	0.3201	2	2	0	2	0	0	0	0	0	Y	N	Y	N	N	N	N	N	N	N	N	N	0.0000	0.0000	0.0000	0.0000	0.0000	0.0000	0.0000	0.0000	0.0000	0.0000	0.0000	0.0000	0.0000	0.0000	0.0000	0.0000	0.0000	0.0000	0.0000	0.0000	6.0000	0.0000	4.9994	1.0000	0.0000	0.0000	0.0000	0.0000	0.0000	0.0000	0.0000	0.0000	0.0000	0.0000	0.0000	0.0000	0.0000	0.0000	0.0000	0.0000	0.0000	0.0000	0.0000	0.0000	0.0000	0.0000	0.0000	0.0000	0.0000	0.0000	0.0000	0.0471	0.0184	0.0286	0.0279	0.0133	0.0145	0.0192	0.0051	0.0141	0.0000	0.0000	0.0000	0.0000	0.0000	0.0000	0.0000	0.0000	0.0000	0.0000	0.0000	0.0000	0.0000	0.0000	0.0000	0.0000	0.0000	0.0000											
4	7	0.3072	4	1	0	2	0	0	0	0	0	N	N	Y	N	N	N	N	N	N	N	N	N	0.0000	0.0000	0.0000	0.0000	0.0000	0.0000	0.0000	0.0000	0.0000	0.0000	0.0000	0.0000	0.0000	0.0000	0.0000	0.0000	0.0000	0.0000	0.0000	0.0000	6.0000	0.1278	4.9994	0.0006	0.0000	0.0000	0.0000	0.0000	0.0000	0.0000	0.0000	0.0000	0.0000	0.0000	0.0000	0.0000	0.0000	0.0000	0.0000	0.0000	0.0000	0.0000	0.0305	0.0264	0.0041	0.0104	0.0098	0.0006	0.0201	0.0166	0.0035	0.0104	0.0020	0.0083	0.0027	0.0007	0.0019	0.0077	0.0013	0.0064	0.0000	0.0000	0.0000	0.0000	0.0000	0.0000	0.0000	0.0000	0.0000	0.0000	0.0000	0.0000	0.0000	0.0000	0.0000	0.0000	0.0000	0.0000											
4	9	0.2762	2	1	0	2	1	0	0	0	0	N	N	Y	N	N	N	N	N	N	N	N	N	0.0002	0.0128	0.0000	0.0012	0.0190	0.0000	0.0000	0.0000	0.0003	0.0003	0.0000	0.0007	0.0007	0.0000	0.0000	0.0000	0.0000	1.4971	0.0239	1.1843	0.6086	0.0391	1.3731	1.5756	0.0000	1.0994	0.0000	72.7723	-0.0000	0.0594	6.0000	1.0190	4.9994	2.2112	0.0001	0.0001	0.0000	0.0001	0.0001	0.0000	0.0000	0.0000	0.0000	0.1889	0.0026	0.1863	0.0695	0.0026	0.0669	0.1194	0.0000	0.1194	0.1794	0.1630	0.0164	0.0703	0.0672	0.0031	0.1092	0.0958	0.0133	0.2642	0.1069	0.1573	0.1142	0.0654	0.0488	0.1500	0.0415	0.1086	0.0004	0.0128	0.0000	0.0012	0.0190	0.0000	0.0000	0.0000	0.0000	0.7148	0.0239	1.1843	0.6086	0.0391	1.3731	0.7956	0.0000	1.0994	
4	10	0.2771	2	1	0	1	1	0	0	0	0	N	N	N	N	N	N	N	N	N	N	N	N	0.0000	0.0000	0.0000	0.0000	0.0000	0.0000	0.0000	0.0000	0.0000	0.0000	0.0000	0.0000	0.0000	0.0000	0.0000	0.0000	0.0000	0.0000	0.0000	0.0000	6.0000	0.0000	4.9994	1.0000	0.0000	0.0000	0.0000	0.0000	0.0000	0.0000	0.0000	0.0000	0.0000	0.0000	0.0000	0.0000	0.0000	0.0000	0.0000	0.0000	0.0000	0.0000	0.0000	0.0000	0.0000	0.0000	0.0000	0.0000	0.0000	0.0000	0.0000	0.0676	0.0210	0.0466	0.0224	0.0077	0.0147	0.0452	0.0133	0.0319	0.0000	0.0000	0.0000	0.0000	0.0000	0.0000	0.0000	0.0000	0.0000	0.0000	0.0000	0.0000	0.0000	0.0000	0.0000	0.0000	0.0000	0.0000											
4	11	0.2573	3	1	1	1	1	0	0	0	0	N	N	N	N	N	N	N	N	N	N	N	N	0.0078	0.0010	0.0000	0.0232	0.0191	0.0000	0.0000	0.0000	0.0010	0.0011	0.0000	0.0078	0.0092	0.0000	0.0000	0.0000	0.0000	0.1251	1.1028	0.0836	0.3370	0.4811	0.2139	0.0365	0.0000	0.0463	0.0000	0.9142	-0.0001	-0.0028	6.0000	1.0886	4.9994	0.0502	0.0002	0.0002	0.0000	0.0002	0.0002	0.0000	0.0000	0.0000	0.0000	0.0141	0.0074	0.0068	0.0112	0.0074	0.0038	0.0029	0.0000	0.0029	0.1943	0.1659	0.0284	0.0243	0.0207	0.0035	0.1700	0.1452	0.0248	0.1131	0.0322	0.0809	0.0334	0.0154	0.0180	0.0797	0.0168	0.0629	0.0078	0.0050	0.0000	0.0232	0.0191	0.0000	0.0000	0.0000	0.0000	0.1251	0.2295	0.0836	0.3370	0.4811	0.2139	0.0365	0.0000	0.0463	
4	13	0.2854	3	1	1	1	1	0	0	0	0	N	N	N	N	N	N	N	N	N	N	N	N	0.0000	0.0000	0.0000	0.0000	0.0000	0.0000	0.0000	0.0000	0.0000	0.0000	0.0000	0.0000	0.0000	0.0000	0.0000	0.0000	0.0000	0.0000	0.0000	0.0000	6.0000	0.0000	4.9994	0.0000	0.0000	0.0000	0.0000	0.0000	0.0000	0.0000	0.0000	0.0000	0.0000	0.0000	0.0000	0.0000	0.0000	0.0000	0.0000	0.0000	0.0000	0.0000	0.0000	0.0000	0.0000	0.0000	0.0000	0.0000	0.0000	0.0000	0.0000	0.0000	0.0000	0.0000	0.0000	0.0000	0.0000	0.0000	0.0000	0.0000	0.0000	0.0000	0.0000	0.0000	0.0000	0.0000	0.0000	0.0000	0.0000	0.0000	0.0000	0.0000	0.0000	0.0000	0.0000	0.0000	0.0000	0.0000											
4	14	0.2383	2	2	1	1	0	0	0	0	0	Y	N	N	N	N	N	N	N	N	N	N	N	2.5761	0.5919	0.0176	0.0185	inf	inf	0.0370	0.0438	0.0000	0.0165	0.0176	0.0000	0.0395	0.0474	0.0000	0.0144	0.0739	0.0000	0.9327	0.9529	0.0000	0.0000	0.0000	0.0000	0.0000	0.0000	-0.0072	-0.0025	6.0000	3.0234	4.9994	1.0170	0.0187	0.0187	0.0000	0.0009	0.0009	0.0000	0.0178	0.0178	0.0000	0.0037	0.0037	0.0000	0.0037	0.0037	0.0000	0.0000	0.0000	0.0000	0.5050	0.4268	0.0782	0.0559	0.0523	0.0036	0.4491	0.3745	0.0746	0.2604	0.0639	0.1966	0.0040	0.0039	0.0001	0.2564	0.0599	0.1965	2.5761	0.7475	0.0000	0.0176	0.0185	0.0000	inf	inf	0.0000	0.0144	0.0586	0.0000	0.9327	0.9529	0.0000	0.0000	0.0000	0.0000			
4	16	0.2573	3	1	0	1	1	0	0	0	0	N	N	N	N	N	N	N	N	N	N	N	N	0.7538	0.0053	2.4604	0.0222	0.0176	0.0815	0.6077	1.4024	2.0393	0.0000	14.1738	0.0009	0.0002	0.0046	2.3147	0.0000	16.1666	2.7054	0.0045	5.7608	0.0386	0.0114	0.0564	3.8091	0.0000	11.5277	99985.0000	1960.5416	0.6144	0.3275	6.0000	2.9121	4.9994	3.0117	0.9999	0.0000	0.9999	0.0000	0.0000	0.0000	0.9998	0.0000	0.9998	1.0004	0.0005	0.9999	0.0044	0.0005	0.0038	0.9960	0.0000	0.9960	0.4903	0.4198	0.0705	0.0584	0.0497	0.0087	0.4319	0.3701	0.0618	0.4508	0.1137	0.3371	0.1128	0.0445	0.0682	0.3381	0.0692	0.2689	0.9190	0.0053	4.7782	0.0222	0.0176	0.0815	0.7856	0.0000	4.3640	2.2190	0.0045	2.9663	0.0386	0.0114	0.0564	2.9463	0.0000	3.7045	
4	17	0.2328	2	1	0	1	1	0	0	0	0	N	N	N	N	N	N	N	N	N	N	N	N	0.0022	0.0658	0.0026	0.0072	0.1471	0.0000	0.0019	0.0011	0.0025	0.0061	0.0024	0.0292	0.0036	0.0040	0.0000	0.0066	0.0020	0.0331	2.7615	0.0359	11.1230	0.4929	0.0270	3.1845	3.4567	1.8705	13.0036	2.0000	169.4208	0.0001	0.3080	6.0000	0.1693	4.9994	3.5362	0.0002	0.0001	0.0001	0.0000	0.0000	0.0000	0.0002	0.0000	0.0001	0.9567	0.0056	0.9511	0.0455	0.0021	0.0434	0.9112	0.0035	0.9077	0.0344	0.0296	0.0048	0.0056	0.0050	0.0006	0.0288	0.0246	0.0042	0.4102	0.1563	0.2539	0.0923	0.0786	0.0136	0.3180	0.0776	0.2403	0.0026	0.0658	0.0078	0.0072	0.1471	0.0000	0.0023	0.0453	0.0088	2.3320	0.0359	3.7451	0.4929	0.0270	3.1845	2.8656	0.0450	3.7768
4	19	0.2684	2	1	1	1	0	0	0	0	0	N	N	N	N	N	N	N	N	N	N	N	N	0.7337	0.0064	1.5214	0.1740	0.0412	2.6132	0.6390	inf	1.0016	3.1646	0.0002	19.1014	0.0198	0.0039	0.3239	3.3062	0.0000	19.3484	4.3132	0.0357	12.5549	0.1140	0.0937	0.1239	5.1740	0.0000	19.3173	16655.8333	428.1589	0.6141	0.3213	6.0000	2.0070	4.9994	1.9996	0.9994	0.0001	0.9993	0.0003	0.0000	0.0002	0.9991	0.0000	0.9991	0.9871	0.0023	0.9848	0.0085	0.0023	0.0062	0.9786	0.0000	0.9786	0.3158	0.2635	0.0523	0.0136	0.0129	0.0007	0.3022	0.2506	0.0516	0.3059	0.0644	0.2415	0.0743	0.0245	0.0498	0.2316	0.0399	0.1917	0.9806	0.0064	4.6836	0.1740	0.0412	2.6132	0.7824	inf	3.7904	3.2271	0.0357	4.0784	0.1140	0.0937	0.1239	4.2258	0.0000	5.1046
4	21	0.2571	2	2	1	1	0	0	0	0	0	Y	N	N	N	N	N	N	N	N	N	N	N	0.0463	2.0525	0.0231	6.4449	6.7049	inf	0.0031	0.0242	0.0885	0.0942	0.0521	0.3611	0.3757	0.0193	0.0088	0.0000	0.0545	1.9106	0.0459	2.2511	0.0560	0.0560	0.0000	2.8154	0.0000	2.2515	0.0858	63.2288	-0.0060	0.0954	6.0000	0.9600	4.9994	1.3160	0.0197	0.0182	0.0016	0.0182	0.0182	0.0000	0.0015	0.0000	0.0015	0.3056	0.0048	0.3008	0.0048	0.0048	0.0000	0.3008	0.0000	0.3008	0.2230	0.1931	0.0300	0.0505	0.0484	0.0021	0.1725	0.1447	0.0279	0.2373	0.1037	0.1336	0.0849	0.0849	0.0000	0.1524	0.0188	0.1336	0.0687	2.0525	0.0231	6.4449	6.7049	inf	0.0045	0.0000	0.0242	1.2876	0.0459	2.2511	0.0560	0.0560	0.0000	1.9739	0.0000	2.2515	
4	22	0.2829	3	1	1	1	0	0	0	0	0	N	N	N	N	N	N	N	N	N	N	N	N	0.0000	0.0000	0.0000	0.0000	0.0000	0.0000	0.0000	0.0000	0.0000	0.0000	0.0000	0.0000	0.0000	0.0000	0.0000	0.0000	0.0000	0.0000	0.0000	0.0000	6.0000	0.0000	4.9994	0.0000	0.0000	0.0000	0.0000	0.0000	0.0000	0.0000	0.0000	0.0000	0.0000	0.0000	0.0000	0.0000	0.0000	0.0000	0.0000	0.0000	0.0000	0.0000	0.0000	0.0000	0.0000	0.0000	0.0000	0.0000	0.0000	0.0000	0.0000	0.0000	0.0000	0.0000	0.0000	0.0000	0.0000	0.0000	0.0000	0.0000	0.0000	0.0000	0.0000	0.0000	0.0000	0.0000	0.0000	0.0000	0.0000	0.0000	0.0000	0.0000	0.0000	0.0000	0.0000	0.0000	0.0000	0.0000											
4	25	0.2476	2	1	1	2	1	0	0	0	0	N	N	Y	N	N	N	N	N	N	N	N	N	0.0338	0.0038	0.0275	0.0292	0.0051	0.0059	0.0000	0.0243	0.0269	0.0000	0.0000	0.0000	0.0000	0.1511	1.5683	0.0000	0.8815	0.9238	0.0000	0.0000	0.0000	0.0000	0.0000	0.0000	-0.0004	-0.0207	6.0000	0.8908	4.9994	1.0730	0.0009	0.0009	0.0000	0.0009	0.0009	0.0000	0.0000	0.0000	0.0000	0.0308	0.0308	0.0000	0.0308	0.0308	0.0000	0.0000	0.0000	0.0000	0.1803	0.1555	0.0249	0.0379	0.0341	0.0038	0.1424	0.1213	0.0211	0.2040	0.0712	0.1328	0.0350	0.0334	0.0016	0.1690	0.0378	0.1312	0.0338	0.0137	0.0000	0.0275	0.0292	0.0000	0.0000	0.0000	0.0000	0.1511	0.4330	0.0000	0.8815	0.9238	0.0000	0.0000	0.0000	0.0000					
4	28	0.2762	2	2	1	1	0	0	0	0	0	Y	N	N	N	N	N	N	N	N	N	N	N	0.0001	0.0053	0.0000	0.0135	0.0078	0.0000	0.0000	0.0001	0.0001	0.0000	0.0003	0.0003	0.0000	0.0000	0.0000	0.0000	0.8953	0.0215	0.4958	0.0205	0.0372	0.0000	1.0085	0.0000	0.7103	0.0000	35.8125	-0.0000	0.0283	6.0000	2.9919	4.9994	1.1331	0.0001	0.0001	0.0000	0.0001	0.0001	0.0000	0.0000	0.0000	0.0000	0.0942	0.0026	0.0917	0.0026	0.0026	0.0000	0.0917	0.0000	0.0917	0.4809	0.4359	0.0450	0.1797	0.1712	0.0085	0.3012	0.2646	0.0366	0.3038	0.1189	0.1849	0.1246	0.0688	0.0558	0.1792	0.0501	0.1291	0.0003	0.0053	0.0000	0.0135	0.0078	0.0000	0.0000	0.0000	0.0000	0.3102	0.0215	0.4958	0.0205	0.0372	0.0000	0.5116	0.0000	0.7103		
4	30	0.2137	2	1	1	1	1	0	0	0	0	N	N	N	N	N	N	N	N	N	N	N	N	inf	inf	inf	inf	1.4483	1.6698	0.0000	6.5544	7.2588	0.0000	0.0000	0.0000	0.0000	0.0000	0.0000	0.0000	0.0000	0.0000	0.0000	0.0000	0.0000	0.0000	0.0000	-0.3730	0.0000	6.0000	3.9676	4.9994	1.0007	0.9676	0.9676	0.0000	0.9676	0.9676	0.0000	0.0000	0.0000	0.0000	0.0000	0.0000	0.0000	0.0000	0.0000	0.0000	0.0000	0.0000	0.0000	0.6681	0.5795	0.0886	0.1476	0.1333	0.0143	0.5205	0.4462	0.0743	0.3012	0.0754	0.2258	0.0128	0.0119	0.0009	0.2884	0.0635	0.2250	inf	inf	0.0000	inf	inf	0.0000	0.0000	0.0000	0.0000	0.0000	0.0000	0.0000	0.0000	0.0000	0.0000	0.0000	0.0000	0.0000						
4	32	0.2426	2	1	0	2	0	0	0	0	0	N	N	Y	N	N	N	N	N	N	N	N	N	0.0000	0.0000	0.0000	0.0000	0.0000	0.0000	0.0000	0.0000	0.0000	0.0000	0.0000	0.0000	0.0000	0.0039	0.0177	0.0000	0.0752	0.0799	0.0000	0.0000	0.0000	0.0000	0.0000	0.0000	-0.0002	6.0000	0.0319	4.9994	1.0050	0.0000	0.0000	0.0000	0.0000	0.0000	0.0000	0.0000	0.0000	0.0000	0.0003	0.0003	0.0000	0.0003	0.0003	0.0000	0.0000	0.0000	0.0000	0.0236	0.0179	0.0057	0.0098	0.0097	0.0001	0.0137	0.0082	0.0055	0.0838	0.0186	0.0652	0.0044	0.0041	0.0003	0.0794	0.0145	0.0649	0.0000	0.0000	0.0000	0.0000	0.0000	0.0000	0.0000	0.0000	0.0000	0.0039	0.0177	0.0000	0.0752	0.0799	0.0000	0.0000	0.0000	0.0000						
4	33	0.2137	3	1	1	1	0	0	0	0	0	N	N	N	N	N	N	N	N	N	N	N	N	inf	inf	inf	inf	1.6298	1.7123	0.0000	0.0000	0.0000	0.0000	2.7791	2.9881	0.0000	0.0000	0.0000	0.0000	0.0000	0.0000	0.0000	0.0000	0.0000	0.0000	0.0000	-0.0009	0.0000	6.0000	0.0023	4.9994	1.0003	0.0022	0.0022	0.0000	0.0000	0.0000	0.0000	0.0022	0.0022	0.0000	0.0000	0.0000	0.0000	0.0000	0.0000	0.0000	0.0000	0.0000	0.0000	0.0014	0.0013	0.0001	0.0006	0.0006	0.0000	0.0008	0.0007	0.0001	0.0682	0.0166	0.0516	0.0029	0.0027	0.0002	0.0654	0.0140	0.0514	inf	inf	0.0000	0.0000	0.0000	0.0000	inf	inf	0.0000	0.0000	0.0000	0.0000	0.0000	0.0000	0.0000	0.0000	0.0000	0.0000						
4	38	0.2137	3	1	0	2	0	0	0	0	0	N	N	Y	N	N	N	N	N	N	N	N	N	inf	inf	inf	inf	0.0122	0.0142	0.0000	0.0000	0.0000	0.0000	0.0157	0.0185	0.0000	0.0000	0.0000	0.0000	0.0000	0.0000	0.0000	0.0000	0.0000	0.0000	0.0000	-0.0009	0.0000	6.0000	1.0023	4.9994	0.0007	0.0022	0.0022	0.0000	0.0000	0.0000	0.0000	0.0022	0.0022	0.0000	0.0000	0.0000	0.0000	0.0000	0.0000	0.0000	0.0000	0.0000	0.0000	0.1810	0.1561	0.0250	0.0406	0.0365	0.0041	0.1404	0.1195	0.0209	0.0683	0.0167	0.0516	0.0029	0.0027	0.0002	0.0654	0.0140	0.0514	inf	inf	0.0000	0.0000	0.0000	0.0000	inf	inf	0.0000	0.0000	0.0000	0.0000	0.0000	0.0000	0.0000	0.0000	0.0000	0.0000						
4	39	0.2137	2	1	0	1	0	0	0	0	0	N	N	N	N	N	N	N	N	N	N	N	N	inf	inf	inf	inf	inf	inf	1.7762	1.8690	0.0000	0.2701	0.2752	0.0000	2.8154	3.0309	0.0000	0.0000	0.0000	0.0000	0.0000	0.0000	0.0000	0.0000	0.0000	0.0000	0.0000	-0.0133	0.0000	6.0000	0.0347	4.9994	0.0013	0.0344	0.0344	0.0000	0.0021	0.0021	0.0000	0.0323	0.0323	0.0000	0.0000	0.0000	0.0000	0.0000	0.0000	0.0000	0.0000	0.0000	0.0000	0.0194	0.0184	0.0010	0.0079	0.0078	0.0001	0.0115	0.0107	0.0008	0.0027	0.0008	0.0020	0.0002	0.0002	0.0000	0.0025	0.0006	0.0020	inf	inf	0.0000	inf	inf	0.0000	inf	inf	0.0000	0.0000	0.0000	0.0000	0.0000	0.0000	0.0000	0.0000	0.0000	0.0000				
4	41	0.2536	3	1	1	1	0	0	0	0	0	N	N	N	N	N	N	N	N	N	N	N	N	0.0000	0.0000	0.0000	0.0000	0.0000	0.0000	0.0000	0.0000	0.0000	0.0000	0.0000	0.0000	0.0000	0.0007	0.0033	0.0000	0.0157	0.0169	0.0000	0.0000	0.0000	0.0000	0.0000	0.0000	-0.0001	6.0000	1.0144	4.9994	1.0128	0.0000	0.0000	0.0000	0.0000	0.0000	0.0000	0.0000	0.0000	0.0000	0.0001	0.0001	0.0000	0.0001	0.0001	0.0000	0.0000	0.0000	0.0000	0.1961	0.1726	0.0235	0.0524	0.0482	0.0042	0.1436	0.1244	0.0192	0.1559	0.0336	0.1223	0.0070	0.0065	0.0005	0.1489	0.0271	0.1218	0.0000	0.0000	0.0000	0.0000	0.0000	0.0000	0.0000	0.0000	0.0000	0.0007	0.0033	0.0000	0.0157	0.0169	0.0000	0.0000	0.0000	0.0000						
4	44	0.3381	2	2	1	1	0	0	0	0	0	Y	N	N	N	N	N	N	N	N	N	N	N	0.0000	0.0000	0.0000	0.0000	0.0000	0.0000	0.0000	0.0000	0.0000	0.0000	0.0000	0.0000	0.0000	0.0000	0.0000	0.0000	0.0000	0.0000	0.0000	0.0000	6.0000	2.0000	4.9994	1.0000	0.0000	0.0000	0.0000	0.0000	0.0000	0.0000	0.0000	0.0000	0.0000	0.0000	0.0000	0.0000	0.0000	0.0000	0.0000	0.0000	0.0000	0.0000	0.3133	0.2681	0.0451	0.0141	0.0124	0.0018	0.2992	0.2558	0.0434	0.1752	0.0538	0.1214	0.0247	0.0136	0.0110	0.1506	0.0402	0.1104	0.0000	0.0000	0.0000	0.0000	0.0000	0.0000	0.0000	0.0000	0.0000	0.0000	0.0000	0.0000	0.0000	0.0000	0.0000	0.0000	0.0000	0.0000											
4	45	0.2657	3	1	1	1	1	0	0	0	0	N	N	N	N	N	N	N	N	N	N	N	N	0.0000	0.0000	0.0000	0.0000	0.0000	0.0000	0.0000	0.0000	0.0000	0.0000	0.0000	0.0000	0.0000	0.0000	0.0000	0.0000	0.0000	0.0000	0.0000	0.0000	6.0000	1.0000	4.9994	0.0000	0.0000	0.0000	0.0000	0.0000	0.0000	0.0000	0.0000	0.0000	0.0000	0.0000	0.0000	0.0000	0.0000	0.0000	0.0000	0.0000	0.0000	0.0000	0.1765	0.1508	0.0257	0.0243	0.0209	0.0034	0.1522	0.1299	0.0223	0.0797	0.0163	0.0634	0.0039	0.0027	0.0011	0.0758	0.0136	0.0622	0.0000	0.0000	0.0000	0.0000	0.0000	0.0000	0.0000	0.0000	0.0000	0.0000	0.0000	0.0000	0.0000	0.0000	0.0000	0.0000	0.0000	0.0000											
4	46	0.2657	3	1	0	1	1	0	0	0	0	N	N	N	N	N	N	N	N	N	N	N	N	0.0000	0.0000	0.0000	0.0000	0.0000	0.0000	0.0000	0.0000	0.0000	0.0000	0.0000	0.0000	0.0000	0.0000	0.0000	0.0000	0.0000	0.0000	0.0000	0.0000	6.0000	0.0000	4.9994	0.0000	0.0000	0.0000	0.0000	0.0000	0.0000	0.0000	0.0000	0.0000	0.0000	0.0000	0.0000	0.0000	0.0000	0.0000	0.0000	0.0000	0.0000	0.0000	0.0000	0.0000	0.0000	0.0000	0.0000	0.0000	0.0000	0.0000	0.0000	0.0000	0.0000	0.0000	0.0000	0.0000	0.0000	0.0000	0.0000	0.0000	0.0000	0.0000	0.0000	0.0000	0.0000	0.0000	0.0000	0.0000	0.0000	0.0000	0.0000	0.0000	0.0000	0.0000	0.0000	0.0000	0.0000	0.0000											
4	47	0.2328	2	1	0	1	1	0	0	0	0	N	N	N	N	N	N	N	N	N	N	N	N	0.0003	0.0000	0.0004	0.0004	0.0001	0.0001	0.0000	0.0005	0.0005	0.0000	0.0000	0.0000	0.0000	0.2207	1.7505	0.0000	1.0285	1.2088	0.0000	0.0000	0.0000	0.0000	0.0000	0.0000	-0.0000	-0.0636	6.0000	2.0873	4.9994	1.9360	0.0000	0.0000	0.0000	0.0000	0.0000	0.0000	0.0000	0.0000	0.0000	0.0946	0.0946	0.0000	0.0946	0.0946	0.0000	0.0000	0.0000	0.0000	0.3610	0.3087	0.0523	0.0440	0.0375	0.0065	0.3170	0.2712	0.0458	0.4289	0.1595	0.2694	0.0920	0.0783	0.0137	0.3369	0.0812	0.2557	0.0003	0.0001	0.0000	0.0004	0.0004	0.0000	0.0000	0.0000	0.0000	0.2207	0.5935	0.0000	1.0285	1.2088	0.0000	0.0000	0.0000	0.0000					
4	51	0.2383	2	2	1	1	0	0	0	0	0	Y	N	N	N	N	N	N	N	N	N	N	N	375.4631	83.7405	0.0064	0.0066	inf	inf	5.3974	6.3979	0.0000	0.0059	0.0063	0.0000	6.1675	7.4385	0.0000	0.0144	0.0764	0.0000	0.9326	0.9528	0.0000	0.0000	0.0000	0.0000	0.0000	0.0000	-0.3921	-0.0025	6.0000	1.0314	4.9994	3.0033	1.0171	1.0171	0.0000	0.0001	0.0001	0.0000	1.0170	1.0170	0.0000	0.0037	0.0037	0.0000	0.0037	0.0037	0.0000	0.0000	0.0000	0.0000	0.1884	0.1590	0.0295	0.0236	0.0223	0.0013	0.1649	0.1367	0.0282	0.2601	0.0638	0.1963	0.0040	0.0039	0.0001	0.2561	0.0599	0.1962	375.4631	109.1455	0.0000	0.0064	0.0066	0.0000	inf	inf	0.0000	0.0144	0.0586	0.0000	0.9326	0.9528	0.0000	0.0000	0.0000	0.0000			
4	54	0.2536	3	1	0	2	0	0	0	0	0	N	N	Y	N	N	N	N	N	N	N	N	N	0.0000	0.0000	0.0000	0.0000	0.0000	0.0000	0.0000	0.0000	0.0000	0.0000	0.0000	0.0000	0.0000	0.0014	0.0063	0.0000	0.0283	0.0302	0.0000	0.0000	0.0000	0.0000	0.0000	0.0000	-0.0001	6.0000	0.0147	4.9994	0.9910	0.0000	0.0000	0.0000	0.0000	0.0000	0.0000	0.0000	0.0000	0.0000	0.0001	0.0001	0.0000	0.0001	0.0001	0.0000	0.0000	0.0000	0.0000	0.0109	0.0084	0.0026	0.0048	0.0047	0.0001	0.0061	0.0036	0.0025	0.0805	0.0174	0.0631	0.0039	0.0036	0.0002	0.0766	0.0138	0.0629	0.0000	0.0000	0.0000	0.0000	0.0000	0.0000	0.0000	0.0000	0.0000	0.0014	0.0063	0.0000	0.0283	0.0302	0.0000	0.0000	0.0000	0.0000						
4	55	0.2426	2	1	0	1	0	0	0	0	0	N	N	N	N	N	N	N	N	N	N	N	N	0.0000	0.0000	0.0000	0.0000	0.0000	0.0000	0.0000	0.0000	0.0000	0.0000	0.0000	0.0000	0.0000	0.0000	0.0000	0.0000	0.0000	0.0029	0.0113	0.0005	0.0458	0.0491	0.0000	0.0008	0.0680	0.0005	0.1579	0.0000	-0.0002	6.0000	0.9556	4.9994	1.0192	0.0000	0.0000	0.0000	0.0000	0.0000	0.0000	0.0000	0.0000	0.0000	0.0004	0.0004	0.0001	0.0003	0.0003	0.0000	0.0001	0.0000	0.0001	0.1946	0.1651	0.0295	0.0400	0.0363	0.0036	0.1546	0.1288	0.0258	0.1531	0.0335	0.1196	0.0072	0.0067	0.0005	0.1459	0.0268	0.1191	0.0000	0.0000	0.0000	0.0000	0.0000	0.0000	0.0000	0.0000	0.0000	0.0029	0.0113	0.0005	0.0458	0.0491	0.0000	0.0008	0.0019	0.0005		
4	58	0.3461	3	1	0	1	0	0	0	0	0	N	N	N	N	N	N	N	N	N	N	N	N	1.2773	0.4797	0.8176	0.7923	inf	inf	1.0179	1.1765	0.0000	2.6077	2.7431	0.0000	0.7639	0.8971	0.0000	0.7969	2.4526	0.0000	3.1894	3.4621	0.0000	0.0000	0.0000	0.0000	0.0000	0.0000	-0.6422	-0.1777	6.0000	10.2575	4.9994	3.8960	1.6660	1.6660	0.0000	0.5879	0.5879	0.0000	1.0781	1.0781	0.0000	0.2644	0.2644	0.0000	0.2644	0.2644	0.0000	0.0000	0.0000	0.0000	1.6368	1.4160	0.2208	0.2255	0.2143	0.0111	1.4113	1.2017	0.2096	0.8947	0.2787	0.6160	0.1163	0.1117	0.0047	0.7783	0.1670	0.6113	3.4445	1.2402	0.0000	1.1474	1.1586	0.0000	inf	inf	0.0000	0.2955	0.9487	0.0000	2.2728	2.3676	0.0000	0.0000	0.0000	0.0000			
4	59	0.3201	2	2	1	2	0	0	0	0	0	Y	N	Y	N	N	N	N	N	N	N	N	N	0.0000	0.0000	0.0000	0.0000	0.0000	0.0000	0.0000	0.0000	0.0000	0.0000	0.0000	0.0000	0.0000	0.0000	0.0000	0.0000	0.0000	0.0000	0.0000	0.0000	6.0000	0.0000	4.9994	0.0000	0.0000	0.0000	0.0000	0.0000	0.0000	0.0000	0.0000	0.0000	0.0000	0.0000	0.0000	0.0000	0.0000	0.0000	0.0000	0.0000	0.0000	0.0000	0.0000	0.0000	0.0000	0.0000	0.0000	0.0000	0.0000	0.0000	0.0000	0.0000	0.0000	0.0000	0.0000	0.0000	0.0000	0.0000	0.0000	0.0000	0.0000	0.0000	0.0000	0.0000	0.0000	0.0000	0.0000	0.0000	0.0000	0.0000	0.0000	0.0000	0.0000	0.0000	0.0000	0.0000	0.0000	0.0000											
4	61	0.2830	2	2	0	2	0	0	0	0	0	Y	N	Y	N	N	N	N	N	N	N	N	N	0.0000	0.0000	0.0000	0.0000	0.0000	0.0000	0.0000	0.0000	0.0000	0.0000	0.0000	0.0000	0.0000	0.0000	0.0000	0.0000	0.0000	0.0000	0.0000	0.0000	6.0000	2.0000	4.9994	0.0000	0.0000	0.0000	0.0000	0.0000	0.0000	0.0000	0.0000	0.0000	0.0000	0.0000	0.0000	0.0000	0.0000	0.0000	0.0000	0.0000	0.0000	0.0000	0.2941	0.2452	0.0489	0.0235	0.0220	0.0016	0.2706	0.2232	0.0473	0.1048	0.0399	0.0649	0.0530	0.0257	0.0273	0.0518	0.0142	0.0376	0.0000	0.0000	0.0000	0.0000	0.0000	0.0000	0.0000	0.0000	0.0000	0.0000	0.0000	0.0000	0.0000	0.0000	0.0000	0.0000	0.0000	0.0000											
4	64	0.3072	4	1	0	2	0	0	0	0	0	N	N	Y	N	N	N	N	N	N	N	N	N	0.0000	0.0000	0.0000	0.0000	0.0000	0.0000	0.0000	0.0000	0.0000	0.0000	0.0000	0.0000	0.0000	0.0000	0.0000	0.0000	0.0000	0.0000	0.0000	0.0000	6.0000	0.0000	4.9994	0.0000	0.0000	0.0000	0.0000	0.0000	0.0000	0.0000	0.0000	0.0000	0.0000	0.0000	0.0000	0.0000	0.0000	0.0000	0.0000	0.0000	0.0000	0.0000	0.0000	0.0000	0.0000	0.0000	0.0000	0.0000	0.0000	0.0000	0.0000	0.0000	0.0000	0.0000	0.0000	0.0000	0.0000	0.0000	0.0000	0.0000	0.0000	0.0000	0.0000	0.0000	0.0000	0.0000	0.0000	0.0000	0.0000	0.0000	0.0000	0.0000	0.0000	0.0000	0.0000	0.0000	0.0000	0.0000											
4	65	0.2829	3	1	0	2	0	0	0	0	0	N	N	Y	N	N	N	N	N	N	N	N	N	0.0000	0.0000	0.0000	0.0000	0.0000	0.0000	0.0000	0.0000	0.0000	0.0000	0.0000	0.0000	0.0000	0.0000	0.0000	0.0000	0.0000	0.0000	0.0000	0.0000	6.0000	0.8734	4.9994	1.0002	0.0000	0.0000	0.0000	0.0000	0.0000	0.0000	0.0000	0.0000	0.0000	0.0000	0.0000	0.0000	0.0000	0.0000	0.0000	0.0000	0.0000	0.0000	0.1405	0.1168	0.0237	0.0057	0.0054	0.0003	0.1348	0.1114	0.0233	0.1437	0.0255	0.1182	0.0326	0.0068	0.0257	0.1112	0.0187	0.0925	0.0000	0.0000	0.0000	0.0000	0.0000	0.0000	0.0000	0.0000	0.0000	0.0000	0.0000	0.0000	0.0000	0.0000	0.0000	0.0000	0.0000	0.0000											
4	66	0.2684	2	1	0	1	0	0	0	0	0	N	N	N	N	N	N	N	N	N	N	N	N	0.0061	0.0029	0.0000	0.1240	0.0644	0.0000	0.0023	inf	0.0000	0.0057	0.0069	0.0000	0.1236	0.1295	0.0000	0.0001	0.0001	0.0000	0.9401	2.3707	0.1043	0.9971	2.0095	0.3660	0.0282	0.0000	0.0336	0.0000	0.3204	-0.0004	-0.0146	6.0000	1.0063	4.9994	0.0727	0.0009	0.0009	0.0000	0.0009	0.0009	0.0000	0.0000	0.0000	0.0000	0.0341	0.0258	0.0083	0.0320	0.0258	0.0062	0.0021	0.0000	0.0021	0.1638	0.1363	0.0275	0.0075	0.0072	0.0003	0.1562	0.1291	0.0271	0.1070	0.0278	0.0792	0.0321	0.0152	0.0168	0.0749	0.0125	0.0624	0.0180	0.0074	0.0000	0.1240	0.0764	0.0000	0.0023	inf	0.0000	0.3184	0.9294	0.1043	0.9971	1.6961	0.3660	0.0280	0.0000	0.0336
4	72	0.2571	2	1	1	1	0	0	0	0	0	N	N	N	N	N	N	N	N	N	N	N	N	0.8249	47.4859	0.0101	0.1663	0.1613	inf	0.7052	inf	0.0101	1.3444	1.5828	0.0140	0.0082	0.0079	0.0130	1.4744	1.7569	0.0141	1.6298	0.0333	1.3849	0.0491	0.0492	0.0000	2.0908	0.0000	1.3852	0.0016	63.2288	-0.3777	0.0954	6.0000	4.7764	4.9994	1.3205	0.9838	0.9823	0.0016	0.0005	0.0005	0.0000	0.9833	0.9818	0.0015	0.3056	0.0048	0.3008	0.0048	0.0048	0.0000	0.3008	0.0000	0.3008	0.7318	0.6206	0.1112	0.0649	0.0618	0.0031	0.6669	0.5588	0.1081	0.3599	0.1427	0.2172	0.0968	0.0968	0.0000	0.2631	0.0460	0.2172	1.5836	47.4859	0.0101	0.1663	0.1613	inf	1.2897	inf	0.0101	0.8490	0.0333	1.3849	0.0491	0.0492	0.0000	1.1432	0.0000	1.3852
4	74	0.2593	2	1	1	1	0	0	0	0	0	N	N	N	N	N	N	N	N	N	N	N	N	0.0000	0.0000	0.0000	0.0000	0.0000	0.0000	0.0000	0.0000	0.0000	0.0000	0.0000	0.0000	0.0000	0.0000	0.0000	0.0000	0.0000	0.0000	0.0000	0.0000	6.0000	0.0000	4.9994	0.0000	0.0000	0.0000	0.0000	0.0000	0.0000	0.0000	0.0000	0.0000	0.0000	0.0000	0.0000	0.0000	0.0000	0.0000	0.0000	0.0000	0.0000	0.0000	0.0000	0.0000	0.0000	0.0000	0.0000	0.0000	0.0000	0.0000	0.0000	0.0000	0.0000	0.0000	0.0000	0.0000	0.0000	0.0000	0.0000	0.0000	0.0000	0.0000	0.0000	0.0000	0.0000	0.0000	0.0000	0.0000	0.0000	0.0000	0.0000	0.0000	0.0000	0.0000	0.0000	0.0000	0.0000	0.0000											
4	76	0.2679	4	2	1	1	1	0	0	0	0	Y	N	N	N	N	N	N	N	N	N	N	N	0.0000	0.0000	0.0000	0.0000	0.0000	0.0000	0.0000	0.0000	0.0000	0.0000	0.0000	0.0000	0.0000	0.0000	0.0000	0.0000	0.0000	0.0000	0.0000	0.0000	6.0000	0.0000	4.9994	0.0000	0.0000	0.0000	0.0000	0.0000	0.0000	0.0000	0.0000	0.0000	0.0000	0.0000	0.0000	0.0000	0.0000	0.0000	0.0000	0.0000	0.0000	0.0000	0.0000	0.0000	0.0000	0.0000	0.0000	0.0000	0.0000	0.0000	0.0000	0.0000	0.0000	0.0000	0.0000	0.0000	0.0000	0.0000	0.0000	0.0000	0.0000	0.0000	0.0000	0.0000	0.0000	0.0000	0.0000	0.0000	0.0000	0.0000	0.0000	0.0000	0.0000	0.0000	0.0000	0.0000	0.0000	0.0000											
4	77	0.2596	3	2	1	1	1	0	0	0	0	Y	N	N	N	N	N	N	N	N	N	N	N	0.0000	0.0000	0.0000	0.0000	0.0000	0.0000	0.0000	0.0000	0.0000	0.0000	0.0000	0.0000	0.0000	0.0000	0.0000	0.0000	0.0014	0.0023	0.0009	0.0067	0.0069	0.0000	0.0006	0.0000	0.0009	0.6667	0.0000	-0.0000	6.0000	1.0073	4.9994	0.3366	0.0000	0.0000	0.0000	0.0000	0.0000	0.0000	0.0000	0.0000	0.0000	0.0001	0.0001	0.0000	0.0001	0.0001	0.0000	0.0000	0.0000	0.0000	0.1627	0.1392	0.0235	0.0135	0.0121	0.0014	0.1492	0.1271	0.0221	0.0721	0.0265	0.0457	0.0090	0.0086	0.0003	0.0632	0.0178	0.0453	0.0000	0.0000	0.0000	0.0000	0.0000	0.0000	0.0000	0.0000	0.0000	0.0014	0.0023	0.0009	0.0067	0.0069	0.0000	0.0006	0.0000	0.0009			
4	78	0.2854	3	1	1	1	1	0	0	0	0	N	N	N	N	N	N	N	N	N	N	N	N	0.0000	0.0000	0.0000	0.0000	0.0000	0.0000	0.0000	0.0000	0.0000	0.0000	0.0000	0.0000	0.0000	0.0000	0.0000	0.0000	0.0000	0.0000	0.0000	0.0000	6.0000	0.0000	4.9994	0.0000	0.0000	0.0000	0.0000	0.0000	0.0000	0.0000	0.0000	0.0000	0.0000	0.0000	0.0000	0.0000	0.0000	0.0000	0.0000	0.0000	0.0000	0.0000	0.0000	0.0000	0.0000	0.0000	0.0000	0.0000	0.0000	0.0000	0.0000	0.0000	0.0000	0.0000	0.0000	0.0000	0.0000	0.0000	0.0000	0.0000	0.0000	0.0000	0.0000	0.0000	0.0000	0.0000	0.0000	0.0000	0.0000	0.0000	0.0000	0.0000	0.0000	0.0000	0.0000	0.0000	0.0000	0.0000											
4	79	0.2771	2	1	1	1	1	0	0	0	0	N	N	N	N	N	N	N	N	N	N	N	N	0.0000	0.0000	0.0000	0.0000	0.0000	0.0000	0.0000	0.0000	0.0000	0.0000	0.0000	0.0000	0.0000	0.0000	0.0000	0.0000	0.0000	0.0000	0.0000	0.0000	6.0000	0.0000	4.9994	1.0000	0.0000	0.0000	0.0000	0.0000	0.0000	0.0000	0.0000	0.0000	0.0000	0.0000	0.0000	0.0000	0.0000	0.0000	0.0000	0.0000	0.0000	0.0000	0.0000	0.0000	0.0000	0.0000	0.0000	0.0000	0.0000	0.0000	0.0000	0.0676	0.0210	0.0466	0.0224	0.0077	0.0147	0.0452	0.0133	0.0319	0.0000	0.0000	0.0000	0.0000	0.0000	0.0000	0.0000	0.0000	0.0000	0.0000	0.0000	0.0000	0.0000	0.0000	0.0000	0.0000	0.0000	0.0000											
4	80	0.2596	3	1	1	1	0	0	0	0	0	N	N	N	N	N	N	N	N	N	N	N	N	0.0000	0.0000	0.0000	0.0000	0.0000	0.0000	0.0000	0.0000	0.0000	0.0000	0.0000	0.0000	0.0000	0.0000	0.0000	0.0000	0.0004	0.0007	0.0003	0.0028	0.0030	0.0000	0.0002	0.0000	0.0003	0.6667	0.0000	-0.0000	6.0000	3.9927	4.9994	1.0002	0.0000	0.0000	0.0000	0.0000	0.0000	0.0000	0.0000	0.0000	0.0000	0.0001	0.0001	0.0000	0.0001	0.0001	0.0000	0.0000	0.0000	0.0000	0.5972	0.5135	0.0837	0.0499	0.0447	0.0052	0.5473	0.4688	0.0785	0.2283	0.0817	0.1466	0.0214	0.0203	0.0011	0.2069	0.0614	0.1455	0.0000	0.0000	0.0000	0.0000	0.0000	0.0000	0.0000	0.0000	0.0000	0.0004	0.0007	0.0003	0.0028	0.0030	0.0000	0.0002	0.0000	0.0003			
4	81	0.2549	2	1	1	1	0	0	0	0	0	N	N	N	N	N	N	N	N	N	N	N	N	0.0000	0.0000	0.0000	0.0000	0.0000	0.0000	0.0000	0.0000	0.0000	0.0000	0.0000	0.0000	0.0000	0.0000	0.0000	0.0000	0.0030	0.0035	0.0028	0.0145	0.0153	0.0000	0.0049	0.0000	0.0028	1.5000	0.0000	-0.0000	6.0000	0.0110	4.9994	0.6549	0.0000	0.0000	0.0000	0.0000	0.0000	0.0000	0.0000	0.0000	0.0000	0.0001	0.0000	0.0001	0.0000	0.0000	0.0000	0.0001	0.0000	0.0001	0.0018	0.0015	0.0003	0.0001	0.0001	0.0000	0.0017	0.0014	0.0002	0.0328	0.0116	0.0213	0.0028	0.0026	0.0002	0.0301	0.0090	0.0211	0.0000	0.0000	0.0000	0.0000	0.0000	0.0000	0.0000	0.0000	0.0000	0.0030	0.0035	0.0028	0.0145	0.0153	0.0000	0.0020	0.0000	0.0028			
4	82	0.2771	2	1	0	2	1	0	0	0	0	N	N	Y	N	N	N	N	N	N	N	N	N	0.0000	0.0000	0.0000	0.0000	0.0000	0.0000	0.0000	0.0000	0.0000	0.0000	0.0000	0.0000	0.0000	0.0000	0.0000	0.0000	0.0000	0.0000	0.0000	0.0000	6.0000	1.0000	4.9994	0.0000	0.0000	0.0000	0.0000	0.0000	0.0000	0.0000	0.0000	0.0000	0.0000	0.0000	0.0000	0.0000	0.0000	0.0000	0.0000	0.0000	0.0000	0.0000	0.1609	0.1374	0.0235	0.0052	0.0045	0.0007	0.1557	0.1330	0.0228	0.0676	0.0210	0.0466	0.0224	0.0077	0.0147	0.0452	0.0133	0.0319	0.0000	0.0000	0.0000	0.0000	0.0000	0.0000	0.0000	0.0000	0.0000	0.0000	0.0000	0.0000	0.0000	0.0000	0.0000	0.0000	0.0000	0.0000											
4	83	0.2771	2	1	0	2	1	0	0	0	0	N	N	Y	N	N	N	N	N	N	N	N	N	0.0000	0.0000	0.0000	0.0000	0.0000	0.0000	0.0000	0.0000	0.0000	0.0000	0.0000	0.0000	0.0000	0.0000	0.0000	0.0000	0.0000	0.0000	0.0000	0.0000	6.0000	0.0000	4.9994	0.0000	0.0000	0.0000	0.0000	0.0000	0.0000	0.0000	0.0000	0.0000	0.0000	0.0000	0.0000	0.0000	0.0000	0.0000	0.0000	0.0000	0.0000	0.0000	0.0000	0.0000	0.0000	0.0000	0.0000	0.0000	0.0000	0.0000	0.0000	0.0000	0.0000	0.0000	0.0000	0.0000	0.0000	0.0000	0.0000	0.0000	0.0000	0.0000	0.0000	0.0000	0.0000	0.0000	0.0000	0.0000	0.0000	0.0000	0.0000	0.0000	0.0000	0.0000	0.0000	0.0000	0.0000	0.0000											
4	85	0.3381	2	2	1	1	0	0	0	0	0	Y	N	N	N	N	N	N	N	N	N	N	N	0.0000	0.0000	0.0000	0.0000	0.0000	0.0000	0.0000	0.0000	0.0000	0.0000	0.0000	0.0000	0.0000	0.0000	0.0000	0.0000	0.0000	0.0000	0.0000	0.0000	6.0000	0.0000	4.9994	0.0000	0.0000	0.0000	0.0000	0.0000	0.0000	0.0000	0.0000	0.0000	0.0000	0.0000	0.0000	0.0000	0.0000	0.0000	0.0000	0.0000	0.0000	0.0000	0.0000	0.0000	0.0000	0.0000	0.0000	0.0000	0.0000	0.0000	0.0000	0.0000	0.0000	0.0000	0.0000	0.0000	0.0000	0.0000	0.0000	0.0000	0.0000	0.0000	0.0000	0.0000	0.0000	0.0000	0.0000	0.0000	0.0000	0.0000	0.0000	0.0000	0.0000	0.0000	0.0000	0.0000	0.0000	0.0000											
4	88	0.2549	2	2	1	1	0	0	0	0	0	Y	N	N	N	N	N	N	N	N	N	N	N	0.0000	0.0000	0.0000	0.0000	0.0000	0.0000	0.0000	0.0000	0.0000	0.0000	0.0000	0.0000	0.0000	0.0000	0.0000	0.0000	0.0000	0.0000	0.0000	0.0000	6.0000	0.0000	4.9994	0.0000	0.0000	0.0000	0.0000	0.0000	0.0000	0.0000	0.0000	0.0000	0.0000	0.0000	0.0000	0.0000	0.0000	0.0000	0.0000	0.0000	0.0000	0.0000	0.0000	0.0000	0.0000	0.0000	0.0000	0.0000	0.0000	0.0000	0.0000	0.0000	0.0000	0.0000	0.0000	0.0000	0.0000	0.0000	0.0000	0.0000	0.0000	0.0000	0.0000	0.0000	0.0000	0.0000	0.0000	0.0000	0.0000	0.0000	0.0000	0.0000	0.0000	0.0000	0.0000	0.0000	0.0000	0.0000											
4	91	0.3461	3	1	0	1	0	0	0	0	0	N	N	N	N	N	N	N	N	N	N	N	N	0.7631	0.3128	0.4284	0.3639	inf	inf	0.8633	0.9969	0.0000	1.9229	2.0252	0.0000	0.7051	0.8261	0.0000	1.1313	3.1869	0.0000	4.4891	5.5647	0.0000	0.0000	0.0000	0.0000	0.0000	0.0000	-0.5848	-0.2213	6.0000	11.5137	4.9994	4.9035	1.5171	1.5171	0.0000	0.4390	0.4390	0.0000	1.0781	1.0781	0.0000	0.3292	0.3292	0.0000	0.3292	0.3292	0.0000	0.0000	0.0000	0.0000	1.7573	1.5218	0.2355	0.2283	0.2168	0.0115	1.5290	1.3051	0.2239	0.9480	0.2896	0.6584	0.1119	0.1070	0.0049	0.8361	0.1827	0.6535	2.4862	0.8771	0.0000	0.6535	0.6581	0.0000	inf	inf	0.0000	0.3472	1.1366	0.0000	2.9426	3.0774	0.0000	0.0000	0.0000	0.0000			
5	6	0.1870	5	2	1	1	1	0	0	0	0	Y	N	N	N	N	N	N	N	N	N	N	N	0.0000	0.0000	0.0000	0.0000	0.0000	0.0000	0.0000	0.0000	0.0000	0.0000	0.0000	0.0000	0.0000	0.0000	0.0000	0.0000	0.0000	0.0000	0.0000	0.0000	0.0000	0.0000	0.0000	1.0000	0.0000	0.0000	0.0000	0.0000	0.0000	0.0000	0.0000	0.0000	0.0000	0.0000	0.0000	0.0000	0.0000	0.0000	0.0000	0.0000	0.0000	0.0000	0.0000	0.0000	0.0000	0.0000	0.0000	0.0000	0.0000	0.0000	0.0000	0.0000	0.0000	0.0000	0.0000	0.0000	0.0000	0.0000	0.0000	0.0000	0.0000	0.0000	0.0000	0.0000	0.0000	0.0000	0.0000	0.0000	0.0000	0.0000	0.0000	0.0000	0.0000	0.0000	0.0000	0.0000	0.0000	0.0000											
5	7	0.1740	7	1	1	1	1	0	0	0	0	N	N	N	N	N	N	N	N	N	N	N	N	0.0000	0.0000	0.0000	0.0000	0.0000	0.0000	0.0000	0.0000	0.0000	0.0000	0.0000	0.0000	0.0000	0.0000	0.0000	0.0000	0.0000	0.0000	0.0000	0.0000	0.0000	0.1278	0.0000	0.0006	0.0000	0.0000	0.0000	0.0000	0.0000	0.0000	0.0000	0.0000	0.0000	0.0000	0.0000	0.0000	0.0000	0.0000	0.0000	0.0000	0.0000	0.0000	0.0000	0.0000	0.0000	0.0000	0.0000	0.0000	0.0000	0.0000	0.0000	0.0000	0.0000	0.0000	0.0000	0.0000	0.0000	0.0000	0.0000	0.0000	0.0000	0.0000	0.0000	0.0000	0.0000	0.0000	0.0000	0.0000	0.0000	0.0000	0.0000	0.0000	0.0000	0.0000	0.0000	0.0000	0.0000	0.0000											
5	8	0.0674	4	2	2	0	1	0	0	0	0	Y	Y	N	N	N	N	N	N	N	N	N	N	0.0000	0.0000	0.0000	0.0000	0.0000	0.0000	0.0000	0.0000	0.0000	0.0000	0.0000	0.0000	0.0000	0.0000	0.0000	0.0000	0.0000	0.0000	0.0000	0.0000	0.0000	6.0000	0.0000	3.0006	0.0000	0.0000	0.0000	0.0000	0.0000	0.0000	0.0000	0.0000	0.0000	0.0000	0.0000	0.0000	0.0000	0.0000	0.0000	0.0000	0.0000	0.0000	0.0000	0.0000	0.0000	0.0000	0.0000	0.0000	0.0000	0.0000	0.0000	0.0000	0.0000	0.0000	0.0000	0.0000	0.0000	0.0000	0.0000	0.0000	0.0000	0.0000	0.0000	0.0000	0.0000	0.0000	0.0000	0.0000	0.0000	0.0000	0.0000	0.0000	0.0000	0.0000	0.0000	0.0000	0.0000	0.0000											
5	9	0.1431	5	1	1	1	2	0	0	0	0	N	N	N	Y	N	N	N	N	N	N	N	N	0.0000	0.0000	0.0000	0.0000	0.0000	0.0000	0.0000	0.0000	0.0000	0.0000	0.0000	0.0000	0.0000	0.0000	0.0000	0.0000	0.0000	0.0000	0.0000	0.0000	0.0000	1.0190	0.0000	2.2112	0.0000	0.0000	0.0000	0.0000	0.0000	0.0000	0.0000	0.0000	0.0000	0.0000	0.0000	0.0000	0.0000	0.0000	0.0000	0.0000	0.0000	0.0000	0.0000	0.0000	0.0000	0.0000	0.0000	0.0000	0.0000	0.0000	0.0000	0.0000	0.0000	0.0000	0.0000	0.0000	0.0000	0.0000	0.0000	0.0000	0.0000	0.0000	0.0000	0.0000	0.0000	0.0000	0.0000	0.0000	0.0000	0.0000	0.0000	0.0000	0.0000	0.0000	0.0000	0.0000	0.0000	0.0000											
5	10	0.1440	5	1	1	0	2	0	0	0	0	N	N	N	Y	N	N	N	N	N	N	N	N	0.0000	0.0000	0.0000	0.0000	0.0000	0.0000	0.0000	0.0000	0.0000	0.0000	0.0000	0.0000	0.0000	0.0000	0.0000	0.0000	0.0000	0.0000	0.0000	0.0000	0.0000	0.0000	0.0000	1.0000	0.0000	0.0000	0.0000	0.0000	0.0000	0.0000	0.0000	0.0000	0.0000	0.0000	0.0000	0.0000	0.0000	0.0000	0.0000	0.0000	0.0000	0.0000	0.0000	0.0000	0.0000	0.0000	0.0000	0.0000	0.0000	0.0000	0.0000	0.0000	0.0000	0.0000	0.0000	0.0000	0.0000	0.0000	0.0000	0.0000	0.0000	0.0000	0.0000	0.0000	0.0000	0.0000	0.0000	0.0000	0.0000	0.0000	0.0000	0.0000	0.0000	0.0000	0.0000	0.0000	0.0000	0.0000											
5	11	0.1242	6	1	2	0	2	0	0	0	0	N	Y	N	Y	N	N	N	N	N	N	N	N	0.0000	0.0000	0.0000	0.0000	0.0000	0.0000	0.0000	0.0000	0.0000	0.0000	0.0000	0.0000	0.0000	0.0000	0.0000	0.0000	0.0000	0.0000	0.0000	0.0000	0.0000	1.0886	0.0000	0.0502	0.0000	0.0000	0.0000	0.0000	0.0000	0.0000	0.0000	0.0000	0.0000	0.0000	0.0000	0.0000	0.0000	0.0000	0.0000	0.0000	0.0000	0.0000	0.0000	0.0000	0.0000	0.0000	0.0000	0.0000	0.0000	0.0000	0.0000	0.0000	0.0000	0.0000	0.0000	0.0000	0.0000	0.0000	0.0000	0.0000	0.0000	0.0000	0.0000	0.0000	0.0000	0.0000	0.0000	0.0000	0.0000	0.0000	0.0000	0.0000	0.0000	0.0000	0.0000	0.0000	0.0000	0.0000											
5	12	0.0674	4	1	2	0	1	0	0	0	0	N	Y	N	N	N	N	N	N	N	N	N	N	0.0000	0.0000	0.0000	0.0000	0.0000	0.0000	0.0000	0.0000	0.0000	0.0000	0.0000	0.0000	0.0000	0.0000	0.0000	0.0000	0.0000	0.0000	0.0000	0.0000	0.0000	6.0000	0.0000	3.0006	0.0000	0.0000	0.0000	0.0000	0.0000	0.0000	0.0000	0.0000	0.0000	0.0000	0.0000	0.0000	0.0000	0.0000	0.0000	0.0000	0.0000	0.0000	0.0000	0.0000	0.0000	0.0000	0.0000	0.0000	0.0000	0.0000	0.0000	0.0000	0.0000	0.0000	0.0000	0.0000	0.0000	0.0000	0.0000	0.0000	0.0000	0.0000	0.0000	0.0000	0.0000	0.0000	0.0000	0.0000	0.0000	0.0000	0.0000	0.0000	0.0000	0.0000	0.0000	0.0000	0.0000	0.0000											
5	13	0.1522	6	1	2	0	2	0	0	0	0	N	Y	N	Y	N	N	N	N	N	N	N	N	0.0000	0.0000	0.0000	0.0000	0.0000	0.0000	0.0000	0.0000	0.0000	0.0000	0.0000	0.0000	0.0000	0.0000	0.0000	0.0000	0.0000	0.0000	0.0000	0.0000	0.0000	0.0000	0.0000	0.0000	0.0000	0.0000	0.0000	0.0000	0.0000	0.0000	0.0000	0.0000	0.0000	0.0000	0.0000	0.0000	0.0000	0.0000	0.0000	0.0000	0.0000	0.0000	0.0000	0.0000	0.0000	0.0000	0.0000	0.0000	0.0000	0.0000	0.0000	0.0000	0.0000	0.0000	0.0000	0.0000	0.0000	0.0000	0.0000	0.0000	0.0000	0.0000	0.0000	0.0000	0.0000	0.0000	0.0000	0.0000	0.0000	0.0000	0.0000	0.0000	0.0000	0.0000	0.0000	0.0000	0.0000	0.0000											
5	14	0.1052	5	2	2	0	1	0	0	0	0	Y	Y	N	N	N	N	N	N	N	N	N	N	0.0000	0.0000	0.0000	0.0000	0.0000	0.0000	0.0000	0.0000	0.0000	0.0000	0.0000	0.0000	0.0000	0.0000	0.0000	0.0000	0.0000	0.0000	0.0000	0.0000	0.0000	3.0234	0.0000	1.0170	0.0000	0.0000	0.0000	0.0000	0.0000	0.0000	0.0000	0.0000	0.0000	0.0000	0.0000	0.0000	0.0000	0.0000	0.0000	0.0000	0.0000	0.0000	0.0000	0.0000	0.0000	0.0000	0.0000	0.0000	0.0000	0.0000	0.0000	0.0000	0.0000	0.0000	0.0000	0.0000	0.0000	0.0000	0.0000	0.0000	0.0000	0.0000	0.0000	0.0000	0.0000	0.0000	0.0000	0.0000	0.0000	0.0000	0.0000	0.0000	0.0000	0.0000	0.0000	0.0000	0.0000	0.0000											
5	15	0.0674	4	1	2	0	1	0	0	0	0	N	Y	N	N	N	N	N	N	N	N	N	N	0.0000	0.0000	0.0000	0.0000	0.0000	0.0000	0.0000	0.0000	0.0000	0.0000	0.0000	0.0000	0.0000	0.0000	0.0000	0.0000	0.0000	0.0000	0.0000	0.0000	0.0000	4.0000	0.0000	3.0006	0.0000	0.0000	0.0000	0.0000	0.0000	0.0000	0.0000	0.0000	0.0000	0.0000	0.0000	0.0000	0.0000	0.0000	0.0000	0.0000	0.0000	0.0000	0.0000	0.0000	0.0000	0.0000	0.0000	0.0000	0.0000	0.0000	0.0000	0.0000	0.0000	0.0000	0.0000	0.0000	0.0000	0.0000	0.0000	0.0000	0.0000	0.0000	0.0000	0.0000	0.0000	0.0000	0.0000	0.0000	0.0000	0.0000	0.0000	0.0000	0.0000	0.0000	0.0000	0.0000	0.0000	0.0000											
5	16	0.1242	6	1	1	0	2	0	0	0	0	N	N	N	Y	N	N	N	N	N	N	N	N	0.0000	0.0000	0.0000	0.0000	0.0000	0.0000	0.0000	0.0000	0.0000	0.0000	0.0000	0.0000	0.0000	0.0000	0.0000	0.0000	0.0000	0.0000	0.0000	0.0000	0.0000	2.9121	0.0000	3.0117	0.0000	0.0000	0.0000	0.0000	0.0000	0.0000	0.0000	0.0000	0.0000	0.0000	0.0000	0.0000	0.0000	0.0000	0.0000	0.0000	0.0000	0.0000	0.0000	0.0000	0.0000	0.0000	0.0000	0.0000	0.0000	0.0000	0.0000	0.0000	0.0000	0.0000	0.0000	0.0000	0.0000	0.0000	0.0000	0.0000	0.0000	0.0000	0.0000	0.0000	0.0000	0.0000	0.0000	0.0000	0.0000	0.0000	0.0000	0.0000	0.0000	0.0000	0.0000	0.0000	0.0000	0.0000											
5	17	0.0996	5	1	1	0	2	0	0	0	0	N	N	N	Y	N	N	N	N	N	N	N	N	0.0000	0.0000	0.0000	0.0000	0.0000	0.0000	0.0000	0.0000	0.0000	0.0000	0.0000	0.0000	0.0000	0.0000	0.0000	0.0000	0.0000	0.0000	0.0000	0.0000	0.0000	0.1693	0.0000	3.5362	0.0000	0.0000	0.0000	0.0000	0.0000	0.0000	0.0000	0.0000	0.0000	0.0000	0.0000	0.0000	0.0000	0.0000	0.0000	0.0000	0.0000	0.0000	0.0000	0.0000	0.0000	0.0000	0.0000	0.0000	0.0000	0.0000	0.0000	0.0000	0.0000	0.0000	0.0000	0.0000	0.0000	0.0000	0.0000	0.0000	0.0000	0.0000	0.0000	0.0000	0.0000	0.0000	0.0000	0.0000	0.0000	0.0000	0.0000	0.0000	0.0000	0.0000	0.0000	0.0000	0.0000	0.0000											
5	18	0.0674	4	2	1	1	1	0	0	0	0	Y	N	N	N	N	N	N	N	N	N	N	N	0.0000	0.0000	0.0000	0.0000	0.0000	0.0000	0.0000	0.0000	0.0000	0.0000	0.0000	0.0000	0.0000	0.0000	0.0000	0.0000	0.0000	0.0000	0.0000	0.0000	0.0000	18.0000	0.0000	5.9994	0.0000	0.0000	0.0000	0.0000	0.0000	0.0000	0.0000	0.0000	0.0000	0.0000	0.0000	0.0000	0.0000	0.0000	0.0000	0.0000	0.0000	0.0000	0.0000	0.0000	0.0000	0.0000	0.0000	0.0000	0.0000	0.0000	0.0000	0.0000	0.0000	0.0000	0.0000	0.0000	0.0000	0.0000	0.0000	0.0000	0.0000	0.0000	0.0000	0.0000	0.0000	0.0000	0.0000	0.0000	0.0000	0.0000	0.0000	0.0000	0.0000	0.0000	0.0000	0.0000	0.0000	0.0000											
5	19	0.1352	5	1	2	0	1	0	0	0	0	N	Y	N	N	N	N	N	N	N	N	N	N	0.0000	0.0000	0.0000	0.0000	0.0000	0.0000	0.0000	0.0000	0.0000	0.0000	0.0000	0.0000	0.0000	0.0000	0.0000	0.0000	0.0000	0.0000	0.0000	0.0000	0.0000	2.0070	0.0000	1.9996	0.0000	0.0000	0.0000	0.0000	0.0000	0.0000	0.0000	0.0000	0.0000	0.0000	0.0000	0.0000	0.0000	0.0000	0.0000	0.0000	0.0000	0.0000	0.0000	0.0000	0.0000	0.0000	0.0000	0.0000	0.0000	0.0000	0.0000	0.0000	0.0000	0.0000	0.0000	0.0000	0.0000	0.0000	0.0000	0.0000	0.0000	0.0000	0.0000	0.0000	0.0000	0.0000	0.0000	0.0000	0.0000	0.0000	0.0000	0.0000	0.0000	0.0000	0.0000	0.0000	0.0000	0.0000											
5	20	0.0674	4	1	2	0	1	0	0	0	0	N	Y	N	N	N	N	N	N	N	N	N	N	0.0000	0.0000	0.0000	0.0000	0.0000	0.0000	0.0000	0.0000	0.0000	0.0000	0.0000	0.0000	0.0000	0.0000	0.0000	0.0000	0.0000	0.0000	0.0000	0.0000	0.0000	9.0000	0.0000	1.0006	0.0000	0.0000	0.0000	0.0000	0.0000	0.0000	0.0000	0.0000	0.0000	0.0000	0.0000	0.0000	0.0000	0.0000	0.0000	0.0000	0.0000	0.0000	0.0000	0.0000	0.0000	0.0000	0.0000	0.0000	0.0000	0.0000	0.0000	0.0000	0.0000	0.0000	0.0000	0.0000	0.0000	0.0000	0.0000	0.0000	0.0000	0.0000	0.0000	0.0000	0.0000	0.0000	0.0000	0.0000	0.0000	0.0000	0.0000	0.0000	0.0000	0.0000	0.0000	0.0000	0.0000	0.0000											
5	21	0.1239	5	2	2	0	1	0	0	0	0	Y	Y	N	N	N	N	N	N	N	N	N	N	0.0000	0.0000	0.0000	0.0000	0.0000	0.0000	0.0000	0.0000	0.0000	0.0000	0.0000	0.0000	0.0000	0.0000	0.0000	0.0000	0.0000	0.0000	0.0000	0.0000	0.0000	0.9600	0.0000	1.3160	0.0000	0.0000	0.0000	0.0000	0.0000	0.0000	0.0000	0.0000	0.0000	0.0000	0.0000	0.0000	0.0000	0.0000	0.0000	0.0000	0.0000	0.0000	0.0000	0.0000	0.0000	0.0000	0.0000	0.0000	0.0000	0.0000	0.0000	0.0000	0.0000	0.0000	0.0000	0.0000	0.0000	0.0000	0.0000	0.0000	0.0000	0.0000	0.0000	0.0000	0.0000	0.0000	0.0000	0.0000	0.0000	0.0000	0.0000	0.0000	0.0000	0.0000	0.0000	0.0000	0.0000	0.0000											
5	22	0.1497	6	1	2	0	1	0	0	0	0	N	Y	N	N	N	N	N	N	N	N	N	N	0.0000	0.0000	0.0000	0.0000	0.0000	0.0000	0.0000	0.0000	0.0000	0.0000	0.0000	0.0000	0.0000	0.0000	0.0000	0.0000	0.0000	0.0000	0.0000	0.0000	0.0000	0.0000	0.0000	0.0000	0.0000	0.0000	0.0000	0.0000	0.0000	0.0000	0.0000	0.0000	0.0000	0.0000	0.0000	0.0000	0.0000	0.0000	0.0000	0.0000	0.0000	0.0000	0.0000	0.0000	0.0000	0.0000	0.0000	0.0000	0.0000	0.0000	0.0000	0.0000	0.0000	0.0000	0.0000	0.0000	0.0000	0.0000	0.0000	0.0000	0.0000	0.0000	0.0000	0.0000	0.0000	0.0000	0.0000	0.0000	0.0000	0.0000	0.0000	0.0000	0.0000	0.0000	0.0000	0.0000	0.0000	0.0000											
5	23	0.0674	4	2	2	0	1	0	0	0	0	Y	Y	N	N	N	N	N	N	N	N	N	N	0.0000	0.0000	0.0000	0.0000	0.0000	0.0000	0.0000	0.0000	0.0000	0.0000	0.0000	0.0000	0.0000	0.0000	0.0000	0.0000	0.0000	0.0000	0.0000	0.0000	0.0000	6.0000	0.0000	4.0006	0.0000	0.0000	0.0000	0.0000	0.0000	0.0000	0.0000	0.0000	0.0000	0.0000	0.0000	0.0000	0.0000	0.0000	0.0000	0.0000	0.0000	0.0000	0.0000	0.0000	0.0000	0.0000	0.0000	0.0000	0.0000	0.0000	0.0000	0.0000	0.0000	0.0000	0.0000	0.0000	0.0000	0.0000	0.0000	0.0000	0.0000	0.0000	0.0000	0.0000	0.0000	0.0000	0.0000	0.0000	0.0000	0.0000	0.0000	0.0000	0.0000	0.0000	0.0000	0.0000	0.0000	0.0000											
5	24	0.0674	4	1	2	0	1	0	0	0	0	N	Y	N	N	N	N	N	N	N	N	N	N	0.0000	0.0000	0.0000	0.0000	0.0000	0.0000	0.0000	0.0000	0.0000	0.0000	0.0000	0.0000	0.0000	0.0000	0.0000	0.0000	0.0000	0.0000	0.0000	0.0000	0.0000	4.0000	0.0000	4.9994	0.0000	0.0000	0.0000	0.0000	0.0000	0.0000	0.0000	0.0000	0.0000	0.0000	0.0000	0.0000	0.0000	0.0000	0.0000	0.0000	0.0000	0.0000	0.0000	0.0000	0.0000	0.0000	0.0000	0.0000	0.0000	0.0000	0.0000	0.0000	0.0000	0.0000	0.0000	0.0000	0.0000	0.0000	0.0000	0.0000	0.0000	0.0000	0.0000	0.0000	0.0000	0.0000	0.0000	0.0000	0.0000	0.0000	0.0000	0.0000	0.0000	0.0000	0.0000	0.0000	0.0000	0.0000											
5	25	0.1144	5	1	2	1	2	0	0	0	0	N	Y	N	Y	N	N	N	N	N	N	N	N	0.0000	0.0000	0.0000	0.0000	0.0000	0.0000	0.0000	0.0000	0.0000	0.0000	0.0000	0.0000	0.0000	0.0000	0.0000	0.0000	0.0000	0.0000	0.0000	0.0000	0.0000	0.8908	0.0000	1.0730	0.0000	0.0000	0.0000	0.0000	0.0000	0.0000	0.0000	0.0000	0.0000	0.0000	0.0000	0.0000	0.0000	0.0000	0.0000	0.0000	0.0000	0.0000	0.0000	0.0000	0.0000	0.0000	0.0000	0.0000	0.0000	0.0000	0.0000	0.0000	0.0000	0.0000	0.0000	0.0000	0.0000	0.0000	0.0000	0.0000	0.0000	0.0000	0.0000	0.0000	0.0000	0.0000	0.0000	0.0000	0.0000	0.0000	0.0000	0.0000	0.0000	0.0000	0.0000	0.0000	0.0000	0.0000											
5	26	0.0674	4	1	1	0	2	0	0	0	0	N	N	N	Y	N	N	N	N	N	N	N	N	0.0000	0.0000	0.0000	0.0000	0.0000	0.0000	0.0000	0.0000	0.0000	0.0000	0.0000	0.0000	0.0000	0.0000	0.0000	0.0000	0.0000	0.0000	0.0000	0.0000	0.0000	3.1159	0.0000	2.1859	0.0000	0.0000	0.0000	0.0000	0.0000	0.0000	0.0000	0.0000	0.0000	0.0000	0.0000	0.0000	0.0000	0.0000	0.0000	0.0000	0.0000	0.0000	0.0000	0.0000	0.0000	0.0000	0.0000	0.0000	0.0000	0.0000	0.0000	0.0000	0.0000	0.0000	0.0000	0.0000	0.0000	0.0000	0.0000	0.0000	0.0000	0.0000	0.0000	0.0000	0.0000	0.0000	0.0000	0.0000	0.0000	0.0000	0.0000	0.0000	0.0000	0.0000	0.0000	0.0000	0.0000	0.0000											
5	27	0.0674	4	1	2	0	1	0	0	0	0	N	Y	N	N	N	N	N	N	N	N	N	N	0.0000	0.0000	0.0000	0.0000	0.0000	0.0000	0.0000	0.0000	0.0000	0.0000	0.0000	0.0000	0.0000	0.0000	0.0000	0.0000	0.0000	0.0000	0.0000	0.0000	0.0000	8.0000	0.0000	0.0006	0.0000	0.0000	0.0000	0.0000	0.0000	0.0000	0.0000	0.0000	0.0000	0.0000	0.0000	0.0000	0.0000	0.0000	0.0000	0.0000	0.0000	0.0000	0.0000	0.0000	0.0000	0.0000	0.0000	0.0000	0.0000	0.0000	0.0000	0.0000	0.0000	0.0000	0.0000	0.0000	0.0000	0.0000	0.0000	0.0000	0.0000	0.0000	0.0000	0.0000	0.0000	0.0000	0.0000	0.0000	0.0000	0.0000	0.0000	0.0000	0.0000	0.0000	0.0000	0.0000	0.0000	0.0000											
5	28	0.1431	5	2	2	0	1	0	0	0	0	Y	Y	N	N	N	N	N	N	N	N	N	N	0.0000	0.0000	0.0000	0.0000	0.0000	0.0000	0.0000	0.0000	0.0000	0.0000	0.0000	0.0000	0.0000	0.0000	0.0000	0.0000	0.0000	0.0000	0.0000	0.0000	0.0000	2.9919	0.0000	1.1331	0.0000	0.0000	0.0000	0.0000	0.0000	0.0000	0.0000	0.0000	0.0000	0.0000	0.0000	0.0000	0.0000	0.0000	0.0000	0.0000	0.0000	0.0000	0.0000	0.0000	0.0000	0.0000	0.0000	0.0000	0.0000	0.0000	0.0000	0.0000	0.0000	0.0000	0.0000	0.0000	0.0000	0.0000	0.0000	0.0000	0.0000	0.0000	0.0000	0.0000	0.0000	0.0000	0.0000	0.0000	0.0000	0.0000	0.0000	0.0000	0.0000	0.0000	0.0000	0.0000	0.0000	0.0000											
5	29	0.0674	4	1	1	0	1	0	0	0	0	N	N	N	N	N	N	N	N	N	N	N	N	0.0000	0.0000	0.0000	0.0000	0.0000	0.0000	0.0000	0.0000	0.0000	0.0000	0.0000	0.0000	0.0000	0.0000	0.0000	0.0000	0.0000	0.0000	0.0000	0.0000	0.0000	5.0156	0.0000	4.8897	0.0000	0.0000	0.0000	0.0000	0.0000	0.0000	0.0000	0.0000	0.0000	0.0000	0.0000	0.0000	0.0000	0.0000	0.0000	0.0000	0.0000	0.0000	0.0000	0.0000	0.0000	0.0000	0.0000	0.0000	0.0000	0.0000	0.0000	0.0000	0.0000	0.0000	0.0000	0.0000	0.0000	0.0000	0.0000	0.0000	0.0000	0.0000	0.0000	0.0000	0.0000	0.0000	0.0000	0.0000	0.0000	0.0000	0.0000	0.0000	0.0000	0.0000	0.0000	0.0000	0.0000	0.0000											
5	30	0.0805	5	1	2	0	2	0	0	0	0	N	Y	N	Y	N	N	N	N	N	N	N	N	0.0000	0.0000	0.0000	0.0000	0.0000	0.0000	0.0000	0.0000	0.0000	0.0000	0.0000	0.0000	0.0000	0.0000	0.0000	0.0000	0.0000	0.0000	0.0000	0.0000	0.0000	3.9676	0.0000	1.0007	0.0000	0.0000	0.0000	0.0000	0.0000	0.0000	0.0000	0.0000	0.0000	0.0000	0.0000	0.0000	0.0000	0.0000	0.0000	0.0000	0.0000	0.0000	0.0000	0.0000	0.0000	0.0000	0.0000	0.0000	0.0000	0.0000	0.0000	0.0000	0.0000	0.0000	0.0000	0.0000	0.0000	0.0000	0.0000	0.0000	0.0000	0.0000	0.0000	0.0000	0.0000	0.0000	0.0000	0.0000	0.0000	0.0000	0.0000	0.0000	0.0000	0.0000	0.0000	0.0000	0.0000	0.0000											
5	31	0.0674	4	2	2	0	1	0	0	0	0	Y	Y	N	N	N	N	N	N	N	N	N	N	0.0000	0.0000	0.0000	0.0000	0.0000	0.0000	0.0000	0.0000	0.0000	0.0000	0.0000	0.0000	0.0000	0.0000	0.0000	0.0000	0.0000	0.0000	0.0000	0.0000	0.0000	5.0000	0.0000	3.0000	0.0000	0.0000	0.0000	0.0000	0.0000	0.0000	0.0000	0.0000	0.0000	0.0000	0.0000	0.0000	0.0000	0.0000	0.0000	0.0000	0.0000	0.0000	0.0000	0.0000	0.0000	0.0000	0.0000	0.0000	0.0000	0.0000	0.0000	0.0000	0.0000	0.0000	0.0000	0.0000	0.0000	0.0000	0.0000	0.0000	0.0000	0.0000	0.0000	0.0000	0.0000	0.0000	0.0000	0.0000	0.0000	0.0000	0.0000	0.0000	0.0000	0.0000	0.0000	0.0000	0.0000	0.0000											
5	32	0.1094	5	1	1	1	1	0	0	0	0	N	N	N	N	N	N	N	N	N	N	N	N	0.0000	0.0000	0.0000	0.0000	0.0000	0.0000	0.0000	0.0000	0.0000	0.0000	0.0000	0.0000	0.0000	0.0000	0.0000	0.0000	0.0000	0.0000	0.0000	0.0000	0.0000	0.0319	0.0000	1.0050	0.0000	0.0000	0.0000	0.0000	0.0000	0.0000	0.0000	0.0000	0.0000	0.0000	0.0000	0.0000	0.0000	0.0000	0.0000	0.0000	0.0000	0.0000	0.0000	0.0000	0.0000	0.0000	0.0000	0.0000	0.0000	0.0000	0.0000	0.0000	0.0000	0.0000	0.0000	0.0000	0.0000	0.0000	0.0000	0.0000	0.0000	0.0000	0.0000	0.0000	0.0000	0.0000	0.0000	0.0000	0.0000	0.0000	0.0000	0.0000	0.0000	0.0000	0.0000	0.0000	0.0000	0.0000											
5	33	0.0805	6	1	2	0	1	0	0	0	0	N	Y	N	N	N	N	N	N	N	N	N	N	0.0000	0.0000	0.0000	0.0000	0.0000	0.0000	0.0000	0.0000	0.0000	0.0000	0.0000	0.0000	0.0000	0.0000	0.0000	0.0000	0.0000	0.0000	0.0000	0.0000	0.0000	0.0023	0.0000	1.0003	0.0000	0.0000	0.0000	0.0000	0.0000	0.0000	0.0000	0.0000	0.0000	0.0000	0.0000	0.0000	0.0000	0.0000	0.0000	0.0000	0.0000	0.0000	0.0000	0.0000	0.0000	0.0000	0.0000	0.0000	0.0000	0.0000	0.0000	0.0000	0.0000	0.0000	0.0000	0.0000	0.0000	0.0000	0.0000	0.0000	0.0000	0.0000	0.0000	0.0000	0.0000	0.0000	0.0000	0.0000	0.0000	0.0000	0.0000	0.0000	0.0000	0.0000	0.0000	0.0000	0.0000	0.0000											
5	34	0.0674	4	2	1	1	1	0	0	0	0	Y	N	N	N	N	N	N	N	N	N	N	N	0.0000	0.0000	0.0000	0.0000	0.0000	0.0000	0.0000	0.0000	0.0000	0.0000	0.0000	0.0000	0.0000	0.0000	0.0000	0.0000	0.0000	0.0000	0.0000	0.0000	0.0000	3.0000	0.0000	5.0006	0.0000	0.0000	0.0000	0.0000	0.0000	0.0000	0.0000	0.0000	0.0000	0.0000	0.0000	0.0000	0.0000	0.0000	0.0000	0.0000	0.0000	0.0000	0.0000	0.0000	0.0000	0.0000	0.0000	0.0000	0.0000	0.0000	0.0000	0.0000	0.0000	0.0000	0.0000	0.0000	0.0000	0.0000	0.0000	0.0000	0.0000	0.0000	0.0000	0.0000	0.0000	0.0000	0.0000	0.0000	0.0000	0.0000	0.0000	0.0000	0.0000	0.0000	0.0000	0.0000	0.0000	0.0000											
5	35	0.0674	4	1	2	0	2	0	0	0	0	N	Y	N	Y	N	N	N	N	N	N	N	N	0.0000	0.0000	0.0000	0.0000	0.0000	0.0000	0.0000	0.0000	0.0000	0.0000	0.0000	0.0000	0.0000	0.0000	0.0000	0.0000	0.0000	0.0000	0.0000	0.0000	0.0000	3.0000	0.0000	2.0006	0.0000	0.0000	0.0000	0.0000	0.0000	0.0000	0.0000	0.0000	0.0000	0.0000	0.0000	0.0000	0.0000	0.0000	0.0000	0.0000	0.0000	0.0000	0.0000	0.0000	0.0000	0.0000	0.0000	0.0000	0.0000	0.0000	0.0000	0.0000	0.0000	0.0000	0.0000	0.0000	0.0000	0.0000	0.0000	0.0000	0.0000	0.0000	0.0000	0.0000	0.0000	0.0000	0.0000	0.0000	0.0000	0.0000	0.0000	0.0000	0.0000	0.0000	0.0000	0.0000	0.0000	0.0000											
5	36	0.0674	4	2	1	1	1	0	0	0	0	Y	N	N	N	N	N	N	N	N	N	N	N	0.0000	0.0000	0.0000	0.0000	0.0000	0.0000	0.0000	0.0000	0.0000	0.0000	0.0000	0.0000	0.0000	0.0000	0.0000	0.0000	0.0000	0.0000	0.0000	0.0000	0.0000	4.0000	0.0000	5.0006	0.0000	0.0000	0.0000	0.0000	0.0000	0.0000	0.0000	0.0000	0.0000	0.0000	0.0000	0.0000	0.0000	0.0000	0.0000	0.0000	0.0000	0.0000	0.0000	0.0000	0.0000	0.0000	0.0000	0.0000	0.0000	0.0000	0.0000	0.0000	0.0000	0.0000	0.0000	0.0000	0.0000	0.0000	0.0000	0.0000	0.0000	0.0000	0.0000	0.0000	0.0000	0.0000	0.0000	0.0000	0.0000	0.0000	0.0000	0.0000	0.0000	0.0000	0.0000	0.0000	0.0000	0.0000											
5	37	0.0674	4	2	1	1	1	0	0	0	0	Y	N	N	N	N	N	N	N	N	N	N	N	0.0000	0.0000	0.0000	0.0000	0.0000	0.0000	0.0000	0.0000	0.0000	0.0000	0.0000	0.0000	0.0000	0.0000	0.0000	0.0000	0.0000	0.0000	0.0000	0.0000	0.0000	3.0000	0.0000	4.0006	0.0000	0.0000	0.0000	0.0000	0.0000	0.0000	0.0000	0.0000	0.0000	0.0000	0.0000	0.0000	0.0000	0.0000	0.0000	0.0000	0.0000	0.0000	0.0000	0.0000	0.0000	0.0000	0.0000	0.0000	0.0000	0.0000	0.0000	0.0000	0.0000	0.0000	0.0000	0.0000	0.0000	0.0000	0.0000	0.0000	0.0000	0.0000	0.0000	0.0000	0.0000	0.0000	0.0000	0.0000	0.0000	0.0000	0.0000	0.0000	0.0000	0.0000	0.0000	0.0000	0.0000	0.0000											
5	38	0.0805	6	1	1	1	1	0	0	0	0	N	N	N	N	N	N	N	N	N	N	N	N	0.0000	0.0000	0.0000	0.0000	0.0000	0.0000	0.0000	0.0000	0.0000	0.0000	0.0000	0.0000	0.0000	0.0000	0.0000	0.0000	0.0000	0.0000	0.0000	0.0000	0.0000	1.0023	0.0000	0.0007	0.0000	0.0000	0.0000	0.0000	0.0000	0.0000	0.0000	0.0000	0.0000	0.0000	0.0000	0.0000	0.0000	0.0000	0.0000	0.0000	0.0000	0.0000	0.0000	0.0000	0.0000	0.0000	0.0000	0.0000	0.0000	0.0000	0.0000	0.0000	0.0000	0.0000	0.0000	0.0000	0.0000	0.0000	0.0000	0.0000	0.0000	0.0000	0.0000	0.0000	0.0000	0.0000	0.0000	0.0000	0.0000	0.0000	0.0000	0.0000	0.0000	0.0000	0.0000	0.0000	0.0000	0.0000											
5	39	0.0805	5	1	1	0	1	0	0	0	0	N	N	N	N	N	N	N	N	N	N	N	N	0.0000	0.0000	0.0000	0.0000	0.0000	0.0000	0.0000	0.0000	0.0000	0.0000	0.0000	0.0000	0.0000	0.0000	0.0000	0.0000	0.0000	0.0000	0.0000	0.0000	0.0000	0.0347	0.0000	0.0013	0.0000	0.0000	0.0000	0.0000	0.0000	0.0000	0.0000	0.0000	0.0000	0.0000	0.0000	0.0000	0.0000	0.0000	0.0000	0.0000	0.0000	0.0000	0.0000	0.0000	0.0000	0.0000	0.0000	0.0000	0.0000	0.0000	0.0000	0.0000	0.0000	0.0000	0.0000	0.0000	0.0000	0.0000	0.0000	0.0000	0.0000	0.0000	0.0000	0.0000	0.0000	0.0000	0.0000	0.0000	0.0000	0.0000	0.0000	0.0000	0.0000	0.0000	0.0000	0.0000	0.0000	0.0000											
5	40	0.0674	4	1	1	0	1	0	0	0	0	N	N	N	N	N	N	N	N	N	N	N	N	0.0000	0.0000	0.0000	0.0000	0.0000	0.0000	0.0000	0.0000	0.0000	0.0000	0.0000	0.0000	0.0000	0.0000	0.0000	0.0000	0.0000	0.0000	0.0000	0.0000	0.0000	3.9674	0.0000	1.0003	0.0000	0.0000	0.0000	0.0000	0.0000	0.0000	0.0000	0.0000	0.0000	0.0000	0.0000	0.0000	0.0000	0.0000	0.0000	0.0000	0.0000	0.0000	0.0000	0.0000	0.0000	0.0000	0.0000	0.0000	0.0000	0.0000	0.0000	0.0000	0.0000	0.0000	0.0000	0.0000	0.0000	0.0000	0.0000	0.0000	0.0000	0.0000	0.0000	0.0000	0.0000	0.0000	0.0000	0.0000	0.0000	0.0000	0.0000	0.0000	0.0000	0.0000	0.0000	0.0000	0.0000	0.0000											
5	41	0.1204	6	1	2	0	1	0	0	0	0	N	Y	N	N	N	N	N	N	N	N	N	N	0.0000	0.0000	0.0000	0.0000	0.0000	0.0000	0.0000	0.0000	0.0000	0.0000	0.0000	0.0000	0.0000	0.0000	0.0000	0.0000	0.0000	0.0000	0.0000	0.0000	0.0000	1.0144	0.0000	1.0128	0.0000	0.0000	0.0000	0.0000	0.0000	0.0000	0.0000	0.0000	0.0000	0.0000	0.0000	0.0000	0.0000	0.0000	0.0000	0.0000	0.0000	0.0000	0.0000	0.0000	0.0000	0.0000	0.0000	0.0000	0.0000	0.0000	0.0000	0.0000	0.0000	0.0000	0.0000	0.0000	0.0000	0.0000	0.0000	0.0000	0.0000	0.0000	0.0000	0.0000	0.0000	0.0000	0.0000	0.0000	0.0000	0.0000	0.0000	0.0000	0.0000	0.0000	0.0000	0.0000	0.0000	0.0000											
5	42	0.0674	4	2	2	1	1	0	0	0	0	Y	Y	N	N	N	N	N	N	N	N	N	N	0.0000	0.0000	0.0000	0.0000	0.0000	0.0000	0.0000	0.0000	0.0000	0.0000	0.0000	0.0000	0.0000	0.0000	0.0000	0.0000	0.0000	0.0000	0.0000	0.0000	0.0000	3.0000	0.0000	2.9994	0.0000	0.0000	0.0000	0.0000	0.0000	0.0000	0.0000	0.0000	0.0000	0.0000	0.0000	0.0000	0.0000	0.0000	0.0000	0.0000	0.0000	0.0000	0.0000	0.0000	0.0000	0.0000	0.0000	0.0000	0.0000	0.0000	0.0000	0.0000	0.0000	0.0000	0.0000	0.0000	0.0000	0.0000	0.0000	0.0000	0.0000	0.0000	0.0000	0.0000	0.0000	0.0000	0.0000	0.0000	0.0000	0.0000	0.0000	0.0000	0.0000	0.0000	0.0000	0.0000	0.0000	0.0000											
5	43	0.0674	4	2	2	1	1	0	0	0	0	Y	Y	N	N	N	N	N	N	N	N	N	N	0.0000	0.0000	0.0000	0.0000	0.0000	0.0000	0.0000	0.0000	0.0000	0.0000	0.0000	0.0000	0.0000	0.0000	0.0000	0.0000	0.0000	0.0000	0.0000	0.0000	0.0000	4.0000	0.0000	4.9994	0.0000	0.0000	0.0000	0.0000	0.0000	0.0000	0.0000	0.0000	0.0000	0.0000	0.0000	0.0000	0.0000	0.0000	0.0000	0.0000	0.0000	0.0000	0.0000	0.0000	0.0000	0.0000	0.0000	0.0000	0.0000	0.0000	0.0000	0.0000	0.0000	0.0000	0.0000	0.0000	0.0000	0.0000	0.0000	0.0000	0.0000	0.0000	0.0000	0.0000	0.0000	0.0000	0.0000	0.0000	0.0000	0.0000	0.0000	0.0000	0.0000	0.0000	0.0000	0.0000	0.0000	0.0000											
5	44	0.2050	5	2	2	0	1	0	0	0	0	Y	Y	N	N	N	N	N	N	N	N	N	N	0.0000	0.0000	0.0000	0.0000	0.0000	0.0000	0.0000	0.0000	0.0000	0.0000	0.0000	0.0000	0.0000	0.0000	0.0000	0.0000	0.0000	0.0000	0.0000	0.0000	0.0000	2.0000	0.0000	1.0000	0.0000	0.0000	0.0000	0.0000	0.0000	0.0000	0.0000	0.0000	0.0000	0.0000	0.0000	0.0000	0.0000	0.0000	0.0000	0.0000	0.0000	0.0000	0.0000	0.0000	0.0000	0.0000	0.0000	0.0000	0.0000	0.0000	0.0000	0.0000	0.0000	0.0000	0.0000	0.0000	0.0000	0.0000	0.0000	0.0000	0.0000	0.0000	0.0000	0.0000	0.0000	0.0000	0.0000	0.0000	0.0000	0.0000	0.0000	0.0000	0.0000	0.0000	0.0000	0.0000	0.0000	0.0000											
5	45	0.1326	6	1	2	0	2	0	0	0	0	N	Y	N	Y	N	N	N	N	N	N	N	N	0.0000	0.0000	0.0000	0.0000	0.0000	0.0000	0.0000	0.0000	0.0000	0.0000	0.0000	0.0000	0.0000	0.0000	0.0000	0.0000	0.0000	0.0000	0.0000	0.0000	0.0000	1.0000	0.0000	0.0000	0.0000	0.0000	0.0000	0.0000	0.0000	0.0000	0.0000	0.0000	0.0000	0.0000	0.0000	0.0000	0.0000	0.0000	0.0000	0.0000	0.0000	0.0000	0.0000	0.0000	0.0000	0.0000	0.0000	0.0000	0.0000	0.0000	0.0000	0.0000	0.0000	0.0000	0.0000	0.0000	0.0000	0.0000	0.0000	0.0000	0.0000	0.0000	0.0000	0.0000	0.0000	0.0000	0.0000	0.0000	0.0000	0.0000	0.0000	0.0000	0.0000	0.0000	0.0000	0.0000	0.0000	0.0000											
5	46	0.1326	6	1	1	0	2	0	0	0	0	N	N	N	Y	N	N	N	N	N	N	N	N	0.0000	0.0000	0.0000	0.0000	0.0000	0.0000	0.0000	0.0000	0.0000	0.0000	0.0000	0.0000	0.0000	0.0000	0.0000	0.0000	0.0000	0.0000	0.0000	0.0000	0.0000	0.0000	0.0000	0.0000	0.0000	0.0000	0.0000	0.0000	0.0000	0.0000	0.0000	0.0000	0.0000	0.0000	0.0000	0.0000	0.0000	0.0000	0.0000	0.0000	0.0000	0.0000	0.0000	0.0000	0.0000	0.0000	0.0000	0.0000	0.0000	0.0000	0.0000	0.0000	0.0000	0.0000	0.0000	0.0000	0.0000	0.0000	0.0000	0.0000	0.0000	0.0000	0.0000	0.0000	0.0000	0.0000	0.0000	0.0000	0.0000	0.0000	0.0000	0.0000	0.0000	0.0000	0.0000	0.0000	0.0000	0.0000											
5	47	0.0996	5	1	1	0	2	0	0	0	0	N	N	N	Y	N	N	N	N	N	N	N	N	0.0000	0.0000	0.0000	0.0000	0.0000	0.0000	0.0000	0.0000	0.0000	0.0000	0.0000	0.0000	0.0000	0.0000	0.0000	0.0000	0.0000	0.0000	0.0000	0.0000	0.0000	2.0873	0.0000	1.9360	0.0000	0.0000	0.0000	0.0000	0.0000	0.0000	0.0000	0.0000	0.0000	0.0000	0.0000	0.0000	0.0000	0.0000	0.0000	0.0000	0.0000	0.0000	0.0000	0.0000	0.0000	0.0000	0.0000	0.0000	0.0000	0.0000	0.0000	0.0000	0.0000	0.0000	0.0000	0.0000	0.0000	0.0000	0.0000	0.0000	0.0000	0.0000	0.0000	0.0000	0.0000	0.0000	0.0000	0.0000	0.0000	0.0000	0.0000	0.0000	0.0000	0.0000	0.0000	0.0000	0.0000	0.0000											
5	48	0.0674	4	1	1	0	2	0	0	0	0	N	N	N	Y	N	N	N	N	N	N	N	N	0.0000	0.0000	0.0000	0.0000	0.0000	0.0000	0.0000	0.0000	0.0000	0.0000	0.0000	0.0000	0.0000	0.0000	0.0000	0.0000	0.0000	0.0000	0.0000	0.0000	0.0000	3.9129	0.0000	0.7267	0.0000	0.0000	0.0000	0.0000	0.0000	0.0000	0.0000	0.0000	0.0000	0.0000	0.0000	0.0000	0.0000	0.0000	0.0000	0.0000	0.0000	0.0000	0.0000	0.0000	0.0000	0.0000	0.0000	0.0000	0.0000	0.0000	0.0000	0.0000	0.0000	0.0000	0.0000	0.0000	0.0000	0.0000	0.0000	0.0000	0.0000	0.0000	0.0000	0.0000	0.0000	0.0000	0.0000	0.0000	0.0000	0.0000	0.0000	0.0000	0.0000	0.0000	0.0000	0.0000	0.0000	0.0000											
5	49	0.0674	4	1	2	1	1	0	0	0	0	N	Y	N	N	N	N	N	N	N	N	N	N	0.0000	0.0000	0.0000	0.0000	0.0000	0.0000	0.0000	0.0000	0.0000	0.0000	0.0000	0.0000	0.0000	0.0000	0.0000	0.0000	0.0000	0.0000	0.0000	0.0000	0.0000	6.0000	0.0000	4.0006	0.0000	0.0000	0.0000	0.0000	0.0000	0.0000	0.0000	0.0000	0.0000	0.0000	0.0000	0.0000	0.0000	0.0000	0.0000	0.0000	0.0000	0.0000	0.0000	0.0000	0.0000	0.0000	0.0000	0.0000	0.0000	0.0000	0.0000	0.0000	0.0000	0.0000	0.0000	0.0000	0.0000	0.0000	0.0000	0.0000	0.0000	0.0000	0.0000	0.0000	0.0000	0.0000	0.0000	0.0000	0.0000	0.0000	0.0000	0.0000	0.0000	0.0000	0.0000	0.0000	0.0000	0.0000											
5	50	0.0674	4	2	1	1	1	0	0	0	0	Y	N	N	N	N	N	N	N	N	N	N	N	0.0000	0.0000	0.0000	0.0000	0.0000	0.0000	0.0000	0.0000	0.0000	0.0000	0.0000	0.0000	0.0000	0.0000	0.0000	0.0000	0.0000	0.0000	0.0000	0.0000	0.0000	6.0000	0.0000	3.0006	0.0000	0.0000	0.0000	0.0000	0.0000	0.0000	0.0000	0.0000	0.0000	0.0000	0.0000	0.0000	0.0000	0.0000	0.0000	0.0000	0.0000	0.0000	0.0000	0.0000	0.0000	0.0000	0.0000	0.0000	0.0000	0.0000	0.0000	0.0000	0.0000	0.0000	0.0000	0.0000	0.0000	0.0000	0.0000	0.0000	0.0000	0.0000	0.0000	0.0000	0.0000	0.0000	0.0000	0.0000	0.0000	0.0000	0.0000	0.0000	0.0000	0.0000	0.0000	0.0000	0.0000	0.0000											
5	51	0.1052	5	2	2	0	1	0	0	0	0	Y	Y	N	N	N	N	N	N	N	N	N	N	0.0000	0.0000	0.0000	0.0000	0.0000	0.0000	0.0000	0.0000	0.0000	0.0000	0.0000	0.0000	0.0000	0.0000	0.0000	0.0000	0.0000	0.0000	0.0000	0.0000	0.0000	1.0314	0.0000	3.0033	0.0000	0.0000	0.0000	0.0000	0.0000	0.0000	0.0000	0.0000	0.0000	0.0000	0.0000	0.0000	0.0000	0.0000	0.0000	0.0000	0.0000	0.0000	0.0000	0.0000	0.0000	0.0000	0.0000	0.0000	0.0000	0.0000	0.0000	0.0000	0.0000	0.0000	0.0000	0.0000	0.0000	0.0000	0.0000	0.0000	0.0000	0.0000	0.0000	0.0000	0.0000	0.0000	0.0000	0.0000	0.0000	0.0000	0.0000	0.0000	0.0000	0.0000	0.0000	0.0000	0.0000	0.0000											
5	52	0.0674	4	2	2	0	1	0	0	0	0	Y	Y	N	N	N	N	N	N	N	N	N	N	0.0000	0.0000	0.0000	0.0000	0.0000	0.0000	0.0000	0.0000	0.0000	0.0000	0.0000	0.0000	0.0000	0.0000	0.0000	0.0000	0.0000	0.0000	0.0000	0.0000	0.0000	4.9791	0.0000	0.0710	0.0000	0.0000	0.0000	0.0000	0.0000	0.0000	0.0000	0.0000	0.0000	0.0000	0.0000	0.0000	0.0000	0.0000	0.0000	0.0000	0.0000	0.0000	0.0000	0.0000	0.0000	0.0000	0.0000	0.0000	0.0000	0.0000	0.0000	0.0000	0.0000	0.0000	0.0000	0.0000	0.0000	0.0000	0.0000	0.0000	0.0000	0.0000	0.0000	0.0000	0.0000	0.0000	0.0000	0.0000	0.0000	0.0000	0.0000	0.0000	0.0000	0.0000	0.0000	0.0000	0.0000	0.0000											
5	53	0.0674	4	1	2	0	1	0	0	0	0	N	Y	N	N	N	N	N	N	N	N	N	N	0.0000	0.0000	0.0000	0.0000	0.0000	0.0000	0.0000	0.0000	0.0000	0.0000	0.0000	0.0000	0.0000	0.0000	0.0000	0.0000	0.0000	0.0000	0.0000	0.0000	0.0000	6.0000	0.0000	4.0006	0.0000	0.0000	0.0000	0.0000	0.0000	0.0000	0.0000	0.0000	0.0000	0.0000	0.0000	0.0000	0.0000	0.0000	0.0000	0.0000	0.0000	0.0000	0.0000	0.0000	0.0000	0.0000	0.0000	0.0000	0.0000	0.0000	0.0000	0.0000	0.0000	0.0000	0.0000	0.0000	0.0000	0.0000	0.0000	0.0000	0.0000	0.0000	0.0000	0.0000	0.0000	0.0000	0.0000	0.0000	0.0000	0.0000	0.0000	0.0000	0.0000	0.0000	0.0000	0.0000	0.0000	0.0000											
5	54	0.1204	6	1	1	1	1	0	0	0	0	N	N	N	N	N	N	N	N	N	N	N	N	0.0000	0.0000	0.0000	0.0000	0.0000	0.0000	0.0000	0.0000	0.0000	0.0000	0.0000	0.0000	0.0000	0.0000	0.0000	0.0000	0.0000	0.0000	0.0000	0.0000	0.0000	0.0147	0.0000	0.9910	0.0000	0.0000	0.0000	0.0000	0.0000	0.0000	0.0000	0.0000	0.0000	0.0000	0.0000	0.0000	0.0000	0.0000	0.0000	0.0000	0.0000	0.0000	0.0000	0.0000	0.0000	0.0000	0.0000	0.0000	0.0000	0.0000	0.0000	0.0000	0.0000	0.0000	0.0000	0.0000	0.0000	0.0000	0.0000	0.0000	0.0000	0.0000	0.0000	0.0000	0.0000	0.0000	0.0000	0.0000	0.0000	0.0000	0.0000	0.0000	0.0000	0.0000	0.0000	0.0000	0.0000	0.0000											
5	55	0.1094	5	1	1	0	1	0	0	0	0	N	N	N	N	N	N	N	N	N	N	N	N	0.0000	0.0000	0.0000	0.0000	0.0000	0.0000	0.0000	0.0000	0.0000	0.0000	0.0000	0.0000	0.0000	0.0000	0.0000	0.0000	0.0000	0.0000	0.0000	0.0000	0.0000	0.9556	0.0000	1.0192	0.0000	0.0000	0.0000	0.0000	0.0000	0.0000	0.0000	0.0000	0.0000	0.0000	0.0000	0.0000	0.0000	0.0000	0.0000	0.0000	0.0000	0.0000	0.0000	0.0000	0.0000	0.0000	0.0000	0.0000	0.0000	0.0000	0.0000	0.0000	0.0000	0.0000	0.0000	0.0000	0.0000	0.0000	0.0000	0.0000	0.0000	0.0000	0.0000	0.0000	0.0000	0.0000	0.0000	0.0000	0.0000	0.0000	0.0000	0.0000	0.0000	0.0000	0.0000	0.0000	0.0000	0.0000											
5	56	0.0674	4	1	1	0	1	0	0	0	0	N	N	N	N	N	N	N	N	N	N	N	N	0.0000	0.0000	0.0000	0.0000	0.0000	0.0000	0.0000	0.0000	0.0000	0.0000	0.0000	0.0000	0.0000	0.0000	0.0000	0.0000	0.0000	0.0000	0.0000	0.0000	0.0000	3.0309	0.0000	3.0097	0.0000	0.0000	0.0000	0.0000	0.0000	0.0000	0.0000	0.0000	0.0000	0.0000	0.0000	0.0000	0.0000	0.0000	0.0000	0.0000	0.0000	0.0000	0.0000	0.0000	0.0000	0.0000	0.0000	0.0000	0.0000	0.0000	0.0000	0.0000	0.0000	0.0000	0.0000	0.0000	0.0000	0.0000	0.0000	0.0000	0.0000	0.0000	0.0000	0.0000	0.0000	0.0000	0.0000	0.0000	0.0000	0.0000	0.0000	0.0000	0.0000	0.0000	0.0000	0.0000	0.0000	0.0000											
5	57	0.0674	4	1	1	0	1	0	0	0	0	N	N	N	N	N	N	N	N	N	N	N	N	0.0000	0.0000	0.0000	0.0000	0.0000	0.0000	0.0000	0.0000	0.0000	0.0000	0.0000	0.0000	0.0000	0.0000	0.0000	0.0000	0.0000	0.0000	0.0000	0.0000	0.0000	3.0000	0.0000	3.0006	0.0000	0.0000	0.0000	0.0000	0.0000	0.0000	0.0000	0.0000	0.0000	0.0000	0.0000	0.0000	0.0000	0.0000	0.0000	0.0000	0.0000	0.0000	0.0000	0.0000	0.0000	0.0000	0.0000	0.0000	0.0000	0.0000	0.0000	0.0000	0.0000	0.0000	0.0000	0.0000	0.0000	0.0000	0.0000	0.0000	0.0000	0.0000	0.0000	0.0000	0.0000	0.0000	0.0000	0.0000	0.0000	0.0000	0.0000	0.0000	0.0000	0.0000	0.0000	0.0000	0.0000	0.0000											
5	58	0.2129	6	1	1	0	1	0	0	0	0	N	N	N	N	N	N	N	N	N	N	N	N	0.0000	0.0000	0.0000	0.0000	0.0000	0.0000	0.0000	0.0000	0.0000	0.0000	0.0000	0.0000	0.0000	0.0000	0.0000	0.0000	0.0000	0.0000	0.0000	0.0000	0.0000	10.2575	0.0000	3.8960	0.0000	0.0000	0.0000	0.0000	0.0000	0.0000	0.0000	0.0000	0.0000	0.0000	0.0000	0.0000	0.0000	0.0000	0.0000	0.0000	0.0000	0.0000	0.0000	0.0000	0.0000	0.0000	0.0000	0.0000	0.0000	0.0000	0.0000	0.0000	0.0000	0.0000	0.0000	0.0000	0.0000	0.0000	0.0000	0.0000	0.0000	0.0000	0.0000	0.0000	0.0000	0.0000	0.0000	0.0000	0.0000	0.0000	0.0000	0.0000	0.0000	0.0000	0.0000	0.0000	0.0000	0.0000											
5	59	0.1870	5	2	2	1	1	0	0	0	0	Y	Y	N	N	N	N	N	N	N	N	N	N	0.0000	0.0000	0.0000	0.0000	0.0000	0.0000	0.0000	0.0000	0.0000	0.0000	0.0000	0.0000	0.0000	0.0000	0.0000	0.0000	0.0000	0.0000	0.0000	0.0000	0.0000	0.0000	0.0000	0.0000	0.0000	0.0000	0.0000	0.0000	0.0000	0.0000	0.0000	0.0000	0.0000	0.0000	0.0000	0.0000	0.0000	0.0000	0.0000	0.0000	0.0000	0.0000	0.0000	0.0000	0.0000	0.0000	0.0000	0.0000	0.0000	0.0000	0.0000	0.0000	0.0000	0.0000	0.0000	0.0000	0.0000	0.0000	0.0000	0.0000	0.0000	0.0000	0.0000	0.0000	0.0000	0.0000	0.0000	0.0000	0.0000	0.0000	0.0000	0.0000	0.0000	0.0000	0.0000	0.0000	0.0000	0.0000											
5	60	0.0674	4	2	1	1	1	0	0	0	0	Y	N	N	N	N	N	N	N	N	N	N	N	0.0000	0.0000	0.0000	0.0000	0.0000	0.0000	0.0000	0.0000	0.0000	0.0000	0.0000	0.0000	0.0000	0.0000	0.0000	0.0000	0.0000	0.0000	0.0000	0.0000	0.0000	7.0000	0.0000	3.9994	0.0000	0.0000	0.0000	0.0000	0.0000	0.0000	0.0000	0.0000	0.0000	0.0000	0.0000	0.0000	0.0000	0.0000	0.0000	0.0000	0.0000	0.0000	0.0000	0.0000	0.0000	0.0000	0.0000	0.0000	0.0000	0.0000	0.0000	0.0000	0.0000	0.0000	0.0000	0.0000	0.0000	0.0000	0.0000	0.0000	0.0000	0.0000	0.0000	0.0000	0.0000	0.0000	0.0000	0.0000	0.0000	0.0000	0.0000	0.0000	0.0000	0.0000	0.0000	0.0000	0.0000	0.0000											
5	61	0.1498	5	2	1	1	1	0	0	0	0	Y	N	N	N	N	N	N	N	N	N	N	N	0.0000	0.0000	0.0000	0.0000	0.0000	0.0000	0.0000	0.0000	0.0000	0.0000	0.0000	0.0000	0.0000	0.0000	0.0000	0.0000	0.0000	0.0000	0.0000	0.0000	0.0000	2.0000	0.0000	0.0000	0.0000	0.0000	0.0000	0.0000	0.0000	0.0000	0.0000	0.0000	0.0000	0.0000	0.0000	0.0000	0.0000	0.0000	0.0000	0.0000	0.0000	0.0000	0.0000	0.0000	0.0000	0.0000	0.0000	0.0000	0.0000	0.0000	0.0000	0.0000	0.0000	0.0000	0.0000	0.0000	0.0000	0.0000	0.0000	0.0000	0.0000	0.0000	0.0000	0.0000	0.0000	0.0000	0.0000	0.0000	0.0000	0.0000	0.0000	0.0000	0.0000	0.0000	0.0000	0.0000	0.0000	0.0000											
5	62	0.0674	4	2	1	1	1	0	0	0	0	Y	N	N	N	N	N	N	N	N	N	N	N	0.0000	0.0000	0.0000	0.0000	0.0000	0.0000	0.0000	0.0000	0.0000	0.0000	0.0000	0.0000	0.0000	0.0000	0.0000	0.0000	0.0000	0.0000	0.0000	0.0000	0.0000	4.0000	0.0000	3.9994	0.0000	0.0000	0.0000	0.0000	0.0000	0.0000	0.0000	0.0000	0.0000	0.0000	0.0000	0.0000	0.0000	0.0000	0.0000	0.0000	0.0000	0.0000	0.0000	0.0000	0.0000	0.0000	0.0000	0.0000	0.0000	0.0000	0.0000	0.0000	0.0000	0.0000	0.0000	0.0000	0.0000	0.0000	0.0000	0.0000	0.0000	0.0000	0.0000	0.0000	0.0000	0.0000	0.0000	0.0000	0.0000	0.0000	0.0000	0.0000	0.0000	0.0000	0.0000	0.0000	0.0000	0.0000											
5	63	0.0674	4	1	2	0	1	0	0	0	0	N	Y	N	N	N	N	N	N	N	N	N	N	0.0000	0.0000	0.0000	0.0000	0.0000	0.0000	0.0000	0.0000	0.0000	0.0000	0.0000	0.0000	0.0000	0.0000	0.0000	0.0000	0.0000	0.0000	0.0000	0.0000	0.0000	7.0000	0.0000	4.0000	0.0000	0.0000	0.0000	0.0000	0.0000	0.0000	0.0000	0.0000	0.0000	0.0000	0.0000	0.0000	0.0000	0.0000	0.0000	0.0000	0.0000	0.0000	0.0000	0.0000	0.0000	0.0000	0.0000	0.0000	0.0000	0.0000	0.0000	0.0000	0.0000	0.0000	0.0000	0.0000	0.0000	0.0000	0.0000	0.0000	0.0000	0.0000	0.0000	0.0000	0.0000	0.0000	0.0000	0.0000	0.0000	0.0000	0.0000	0.0000	0.0000	0.0000	0.0000	0.0000	0.0000	0.0000											
5	64	0.1740	7	1	1	1	1	0	0	0	0	N	N	N	N	N	N	N	N	N	N	N	N	0.0000	0.0000	0.0000	0.0000	0.0000	0.0000	0.0000	0.0000	0.0000	0.0000	0.0000	0.0000	0.0000	0.0000	0.0000	0.0000	0.0000	0.0000	0.0000	0.0000	0.0000	0.0000	0.0000	0.0000	0.0000	0.0000	0.0000	0.0000	0.0000	0.0000	0.0000	0.0000	0.0000	0.0000	0.0000	0.0000	0.0000	0.0000	0.0000	0.0000	0.0000	0.0000	0.0000	0.0000	0.0000	0.0000	0.0000	0.0000	0.0000	0.0000	0.0000	0.0000	0.0000	0.0000	0.0000	0.0000	0.0000	0.0000	0.0000	0.0000	0.0000	0.0000	0.0000	0.0000	0.0000	0.0000	0.0000	0.0000	0.0000	0.0000	0.0000	0.0000	0.0000	0.0000	0.0000	0.0000	0.0000	0.0000											
5	65	0.1497	6	1	1	1	1	0	0	0	0	N	N	N	N	N	N	N	N	N	N	N	N	0.0000	0.0000	0.0000	0.0000	0.0000	0.0000	0.0000	0.0000	0.0000	0.0000	0.0000	0.0000	0.0000	0.0000	0.0000	0.0000	0.0000	0.0000	0.0000	0.0000	0.0000	0.8734	0.0000	1.0002	0.0000	0.0000	0.0000	0.0000	0.0000	0.0000	0.0000	0.0000	0.0000	0.0000	0.0000	0.0000	0.0000	0.0000	0.0000	0.0000	0.0000	0.0000	0.0000	0.0000	0.0000	0.0000	0.0000	0.0000	0.0000	0.0000	0.0000	0.0000	0.0000	0.0000	0.0000	0.0000	0.0000	0.0000	0.0000	0.0000	0.0000	0.0000	0.0000	0.0000	0.0000	0.0000	0.0000	0.0000	0.0000	0.0000	0.0000	0.0000	0.0000	0.0000	0.0000	0.0000	0.0000	0.0000											
5	66	0.1352	5	1	1	0	1	0	0	0	0	N	N	N	N	N	N	N	N	N	N	N	N	0.0000	0.0000	0.0000	0.0000	0.0000	0.0000	0.0000	0.0000	0.0000	0.0000	0.0000	0.0000	0.0000	0.0000	0.0000	0.0000	0.0000	0.0000	0.0000	0.0000	0.0000	1.0063	0.0000	0.0727	0.0000	0.0000	0.0000	0.0000	0.0000	0.0000	0.0000	0.0000	0.0000	0.0000	0.0000	0.0000	0.0000	0.0000	0.0000	0.0000	0.0000	0.0000	0.0000	0.0000	0.0000	0.0000	0.0000	0.0000	0.0000	0.0000	0.0000	0.0000	0.0000	0.0000	0.0000	0.0000	0.0000	0.0000	0.0000	0.0000	0.0000	0.0000	0.0000	0.0000	0.0000	0.0000	0.0000	0.0000	0.0000	0.0000	0.0000	0.0000	0.0000	0.0000	0.0000	0.0000	0.0000	0.0000											
5	67	0.0674	4	1	1	0	1	0	0	0	0	N	N	N	N	N	N	N	N	N	N	N	N	0.0000	0.0000	0.0000	0.0000	0.0000	0.0000	0.0000	0.0000	0.0000	0.0000	0.0000	0.0000	0.0000	0.0000	0.0000	0.0000	0.0000	0.0000	0.0000	0.0000	0.0000	4.0009	0.0000	1.0789	0.0000	0.0000	0.0000	0.0000	0.0000	0.0000	0.0000	0.0000	0.0000	0.0000	0.0000	0.0000	0.0000	0.0000	0.0000	0.0000	0.0000	0.0000	0.0000	0.0000	0.0000	0.0000	0.0000	0.0000	0.0000	0.0000	0.0000	0.0000	0.0000	0.0000	0.0000	0.0000	0.0000	0.0000	0.0000	0.0000	0.0000	0.0000	0.0000	0.0000	0.0000	0.0000	0.0000	0.0000	0.0000	0.0000	0.0000	0.0000	0.0000	0.0000	0.0000	0.0000	0.0000	0.0000											
5	68	0.0674	4	1	2	0	1	0	0	0	0	N	Y	N	N	N	N	N	N	N	N	N	N	0.0000	0.0000	0.0000	0.0000	0.0000	0.0000	0.0000	0.0000	0.0000	0.0000	0.0000	0.0000	0.0000	0.0000	0.0000	0.0000	0.0000	0.0000	0.0000	0.0000	0.0000	5.0000	0.0000	3.9994	0.0000	0.0000	0.0000	0.0000	0.0000	0.0000	0.0000	0.0000	0.0000	0.0000	0.0000	0.0000	0.0000	0.0000	0.0000	0.0000	0.0000	0.0000	0.0000	0.0000	0.0000	0.0000	0.0000	0.0000	0.0000	0.0000	0.0000	0.0000	0.0000	0.0000	0.0000	0.0000	0.0000	0.0000	0.0000	0.0000	0.0000	0.0000	0.0000	0.0000	0.0000	0.0000	0.0000	0.0000	0.0000	0.0000	0.0000	0.0000	0.0000	0.0000	0.0000	0.0000	0.0000	0.0000											
5	69	0.0674	4	2	1	1	1	0	0	0	0	Y	N	N	N	N	N	N	N	N	N	N	N	0.0000	0.0000	0.0000	0.0000	0.0000	0.0000	0.0000	0.0000	0.0000	0.0000	0.0000	0.0000	0.0000	0.0000	0.0000	0.0000	0.0000	0.0000	0.0000	0.0000	0.0000	7.0000	0.0000	2.9994	0.0000	0.0000	0.0000	0.0000	0.0000	0.0000	0.0000	0.0000	0.0000	0.0000	0.0000	0.0000	0.0000	0.0000	0.0000	0.0000	0.0000	0.0000	0.0000	0.0000	0.0000	0.0000	0.0000	0.0000	0.0000	0.0000	0.0000	0.0000	0.0000	0.0000	0.0000	0.0000	0.0000	0.0000	0.0000	0.0000	0.0000	0.0000	0.0000	0.0000	0.0000	0.0000	0.0000	0.0000	0.0000	0.0000	0.0000	0.0000	0.0000	0.0000	0.0000	0.0000	0.0000	0.0000											
5	70	0.0674	4	1	2	0	2	0	0	0	0	N	Y	N	Y	N	N	N	N	N	N	N	N	0.0000	0.0000	0.0000	0.0000	0.0000	0.0000	0.0000	0.0000	0.0000	0.0000	0.0000	0.0000	0.0000	0.0000	0.0000	0.0000	0.0000	0.0000	0.0000	0.0000	0.0000	4.0000	0.0000	5.0006	0.0000	0.0000	0.0000	0.0000	0.0000	0.0000	0.0000	0.0000	0.0000	0.0000	0.0000	0.0000	0.0000	0.0000	0.0000	0.0000	0.0000	0.0000	0.0000	0.0000	0.0000	0.0000	0.0000	0.0000	0.0000	0.0000	0.0000	0.0000	0.0000	0.0000	0.0000	0.0000	0.0000	0.0000	0.0000	0.0000	0.0000	0.0000	0.0000	0.0000	0.0000	0.0000	0.0000	0.0000	0.0000	0.0000	0.0000	0.0000	0.0000	0.0000	0.0000	0.0000	0.0000	0.0000											
5	71	0.0674	4	1	2	0	1	0	0	0	0	N	Y	N	N	N	N	N	N	N	N	N	N	0.0000	0.0000	0.0000	0.0000	0.0000	0.0000	0.0000	0.0000	0.0000	0.0000	0.0000	0.0000	0.0000	0.0000	0.0000	0.0000	0.0000	0.0000	0.0000	0.0000	0.0000	7.0000	0.0000	4.9994	0.0000	0.0000	0.0000	0.0000	0.0000	0.0000	0.0000	0.0000	0.0000	0.0000	0.0000	0.0000	0.0000	0.0000	0.0000	0.0000	0.0000	0.0000	0.0000	0.0000	0.0000	0.0000	0.0000	0.0000	0.0000	0.0000	0.0000	0.0000	0.0000	0.0000	0.0000	0.0000	0.0000	0.0000	0.0000	0.0000	0.0000	0.0000	0.0000	0.0000	0.0000	0.0000	0.0000	0.0000	0.0000	0.0000	0.0000	0.0000	0.0000	0.0000	0.0000	0.0000	0.0000	0.0000											
5	72	0.1239	5	1	2	0	1	0	0	0	0	N	Y	N	N	N	N	N	N	N	N	N	N	0.0000	0.0000	0.0000	0.0000	0.0000	0.0000	0.0000	0.0000	0.0000	0.0000	0.0000	0.0000	0.0000	0.0000	0.0000	0.0000	0.0000	0.0000	0.0000	0.0000	0.0000	4.7764	0.0000	1.3205	0.0000	0.0000	0.0000	0.0000	0.0000	0.0000	0.0000	0.0000	0.0000	0.0000	0.0000	0.0000	0.0000	0.0000	0.0000	0.0000	0.0000	0.0000	0.0000	0.0000	0.0000	0.0000	0.0000	0.0000	0.0000	0.0000	0.0000	0.0000	0.0000	0.0000	0.0000	0.0000	0.0000	0.0000	0.0000	0.0000	0.0000	0.0000	0.0000	0.0000	0.0000	0.0000	0.0000	0.0000	0.0000	0.0000	0.0000	0.0000	0.0000	0.0000	0.0000	0.0000	0.0000	0.0000											
5	73	0.0674	4	1	2	0	1	0	0	0	0	N	Y	N	N	N	N	N	N	N	N	N	N	0.0000	0.0000	0.0000	0.0000	0.0000	0.0000	0.0000	0.0000	0.0000	0.0000	0.0000	0.0000	0.0000	0.0000	0.0000	0.0000	0.0000	0.0000	0.0000	0.0000	0.0000	3.3049	0.0000	2.7470	0.0000	0.0000	0.0000	0.0000	0.0000	0.0000	0.0000	0.0000	0.0000	0.0000	0.0000	0.0000	0.0000	0.0000	0.0000	0.0000	0.0000	0.0000	0.0000	0.0000	0.0000	0.0000	0.0000	0.0000	0.0000	0.0000	0.0000	0.0000	0.0000	0.0000	0.0000	0.0000	0.0000	0.0000	0.0000	0.0000	0.0000	0.0000	0.0000	0.0000	0.0000	0.0000	0.0000	0.0000	0.0000	0.0000	0.0000	0.0000	0.0000	0.0000	0.0000	0.0000	0.0000	0.0000											
5	74	0.1261	5	1	2	0	1	0	0	0	0	N	Y	N	N	N	N	N	N	N	N	N	N	0.0000	0.0000	0.0000	0.0000	0.0000	0.0000	0.0000	0.0000	0.0000	0.0000	0.0000	0.0000	0.0000	0.0000	0.0000	0.0000	0.0000	0.0000	0.0000	0.0000	0.0000	0.0000	0.0000	0.0000	0.0000	0.0000	0.0000	0.0000	0.0000	0.0000	0.0000	0.0000	0.0000	0.0000	0.0000	0.0000	0.0000	0.0000	0.0000	0.0000	0.0000	0.0000	0.0000	0.0000	0.0000	0.0000	0.0000	0.0000	0.0000	0.0000	0.0000	0.0000	0.0000	0.0000	0.0000	0.0000	0.0000	0.0000	0.0000	0.0000	0.0000	0.0000	0.0000	0.0000	0.0000	0.0000	0.0000	0.0000	0.0000	0.0000	0.0000	0.0000	0.0000	0.0000	0.0000	0.0000	0.0000	0.0000											
5	75	0.0674	4	1	2	0	1	0	0	0	0	N	Y	N	N	N	N	N	N	N	N	N	N	0.0000	0.0000	0.0000	0.0000	0.0000	0.0000	0.0000	0.0000	0.0000	0.0000	0.0000	0.0000	0.0000	0.0000	0.0000	0.0000	0.0000	0.0000	0.0000	0.0000	0.0000	4.3567	0.0000	2.3689	0.0000	0.0000	0.0000	0.0000	0.0000	0.0000	0.0000	0.0000	0.0000	0.0000	0.0000	0.0000	0.0000	0.0000	0.0000	0.0000	0.0000	0.0000	0.0000	0.0000	0.0000	0.0000	0.0000	0.0000	0.0000	0.0000	0.0000	0.0000	0.0000	0.0000	0.0000	0.0000	0.0000	0.0000	0.0000	0.0000	0.0000	0.0000	0.0000	0.0000	0.0000	0.0000	0.0000	0.0000	0.0000	0.0000	0.0000	0.0000	0.0000	0.0000	0.0000	0.0000	0.0000	0.0000											
5	78	0.1522	6	1	2	0	2	0	0	0	0	N	Y	N	Y	N	N	N	N	N	N	N	N	0.0000	0.0000	0.0000	0.0000	0.0000	0.0000	0.0000	0.0000	0.0000	0.0000	0.0000	0.0000	0.0000	0.0000	0.0000	0.0000	0.0000	0.0000	0.0000	0.0000	0.0000	0.0000	0.0000	0.0000	0.0000	0.0000	0.0000	0.0000	0.0000	0.0000	0.0000	0.0000	0.0000	0.0000	0.0000	0.0000	0.0000	0.0000	0.0000	0.0000	0.0000	0.0000	0.0000	0.0000	0.0000	0.0000	0.0000	0.0000	0.0000	0.0000	0.0000	0.0000	0.0000	0.0000	0.0000	0.0000	0.0000	0.0000	0.0000	0.0000	0.0000	0.0000	0.0000	0.0000	0.0000	0.0000	0.0000	0.0000	0.0000	0.0000	0.0000	0.0000	0.0000	0.0000	0.0000	0.0000	0.0000	0.0000											
5	79	0.1440	5	1	2	0	2	0	0	0	0	N	Y	N	Y	N	N	N	N	N	N	N	N	0.0000	0.0000	0.0000	0.0000	0.0000	0.0000	0.0000	0.0000	0.0000	0.0000	0.0000	0.0000	0.0000	0.0000	0.0000	0.0000	0.0000	0.0000	0.0000	0.0000	0.0000	0.0000	0.0000	1.0000	0.0000	0.0000	0.0000	0.0000	0.0000	0.0000	0.0000	0.0000	0.0000	0.0000	0.0000	0.0000	0.0000	0.0000	0.0000	0.0000	0.0000	0.0000	0.0000	0.0000	0.0000	0.0000	0.0000	0.0000	0.0000	0.0000	0.0000	0.0000	0.0000	0.0000	0.0000	0.0000	0.0000	0.0000	0.0000	0.0000	0.0000	0.0000	0.0000	0.0000	0.0000	0.0000	0.0000	0.0000	0.0000	0.0000	0.0000	0.0000	0.0000	0.0000	0.0000	0.0000	0.0000	0.0000											
5	80	0.0083	2	1	2	0	1	0	0	0	0	N	Y	N	N	N	N	N	N	N	N	N	N	0.0000	0.0000	0.0000	0.0000	0.0000	0.0000	0.0000	0.0000	0.0000	0.0000	0.0000	0.0000	0.0000	0.0000	0.0000	0.0000	0.0000	0.0000	0.0000	0.0000	0.0000	3.9927	0.0000	1.0002	0.0000	0.0000	0.0000	0.0000	0.0000	0.0000	0.0000	0.0000	0.0000	0.0000	0.0000	0.0000	0.0000	0.0000	0.0000	0.0000	0.0000	0.0000	0.0000	0.0000	0.0000	0.0000	0.0000	0.0000	0.0000	0.0000	0.0000	0.0000	0.0000	0.0000	0.0000	0.0000	0.0000	0.0000	0.0000	0.0000	0.0000	0.0000	0.0000	0.0000	0.0000	0.0000	0.0000	0.0000	0.0000	0.0000	0.0000	0.0000	0.0000	0.0000	0.0000	0.0000	0.0000	0.0000											
5	82	0.1440	5	1	1	1	2	0	0	0	0	N	N	N	Y	N	N	N	N	N	N	N	N	0.0000	0.0000	0.0000	0.0000	0.0000	0.0000	0.0000	0.0000	0.0000	0.0000	0.0000	0.0000	0.0000	0.0000	0.0000	0.0000	0.0000	0.0000	0.0000	0.0000	0.0000	1.0000	0.0000	0.0000	0.0000	0.0000	0.0000	0.0000	0.0000	0.0000	0.0000	0.0000	0.0000	0.0000	0.0000	0.0000	0.0000	0.0000	0.0000	0.0000	0.0000	0.0000	0.0000	0.0000	0.0000	0.0000	0.0000	0.0000	0.0000	0.0000	0.0000	0.0000	0.0000	0.0000	0.0000	0.0000	0.0000	0.0000	0.0000	0.0000	0.0000	0.0000	0.0000	0.0000	0.0000	0.0000	0.0000	0.0000	0.0000	0.0000	0.0000	0.0000	0.0000	0.0000	0.0000	0.0000	0.0000	0.0000											
5	83	0.1440	5	1	1	1	2	0	0	0	0	N	N	N	Y	N	N	N	N	N	N	N	N	0.0000	0.0000	0.0000	0.0000	0.0000	0.0000	0.0000	0.0000	0.0000	0.0000	0.0000	0.0000	0.0000	0.0000	0.0000	0.0000	0.0000	0.0000	0.0000	0.0000	0.0000	0.0000	0.0000	0.0000	0.0000	0.0000	0.0000	0.0000	0.0000	0.0000	0.0000	0.0000	0.0000	0.0000	0.0000	0.0000	0.0000	0.0000	0.0000	0.0000	0.0000	0.0000	0.0000	0.0000	0.0000	0.0000	0.0000	0.0000	0.0000	0.0000	0.0000	0.0000	0.0000	0.0000	0.0000	0.0000	0.0000	0.0000	0.0000	0.0000	0.0000	0.0000	0.0000	0.0000	0.0000	0.0000	0.0000	0.0000	0.0000	0.0000	0.0000	0.0000	0.0000	0.0000	0.0000	0.0000	0.0000	0.0000											
5	84	0.0674	4	1	1	0	2	0	0	0	0	N	N	N	Y	N	N	N	N	N	N	N	N	0.0000	0.0000	0.0000	0.0000	0.0000	0.0000	0.0000	0.0000	0.0000	0.0000	0.0000	0.0000	0.0000	0.0000	0.0000	0.0000	0.0000	0.0000	0.0000	0.0000	0.0000	3.0000	0.0000	5.9994	0.0000	0.0000	0.0000	0.0000	0.0000	0.0000	0.0000	0.0000	0.0000	0.0000	0.0000	0.0000	0.0000	0.0000	0.0000	0.0000	0.0000	0.0000	0.0000	0.0000	0.0000	0.0000	0.0000	0.0000	0.0000	0.0000	0.0000	0.0000	0.0000	0.0000	0.0000	0.0000	0.0000	0.0000	0.0000	0.0000	0.0000	0.0000	0.0000	0.0000	0.0000	0.0000	0.0000	0.0000	0.0000	0.0000	0.0000	0.0000	0.0000	0.0000	0.0000	0.0000	0.0000	0.0000											
5	85	0.2050	5	2	2	0	1	0	0	0	0	Y	Y	N	N	N	N	N	N	N	N	N	N	0.0000	0.0000	0.0000	0.0000	0.0000	0.0000	0.0000	0.0000	0.0000	0.0000	0.0000	0.0000	0.0000	0.0000	0.0000	0.0000	0.0000	0.0000	0.0000	0.0000	0.0000	0.0000	0.0000	0.0000	0.0000	0.0000	0.0000	0.0000	0.0000	0.0000	0.0000	0.0000	0.0000	0.0000	0.0000	0.0000	0.0000	0.0000	0.0000	0.0000	0.0000	0.0000	0.0000	0.0000	0.0000	0.0000	0.0000	0.0000	0.0000	0.0000	0.0000	0.0000	0.0000	0.0000	0.0000	0.0000	0.0000	0.0000	0.0000	0.0000	0.0000	0.0000	0.0000	0.0000	0.0000	0.0000	0.0000	0.0000	0.0000	0.0000	0.0000	0.0000	0.0000	0.0000	0.0000	0.0000	0.0000	0.0000											
5	86	0.0674	4	2	2	0	1	0	0	0	0	Y	Y	N	N	N	N	N	N	N	N	N	N	0.0000	0.0000	0.0000	0.0000	0.0000	0.0000	0.0000	0.0000	0.0000	0.0000	0.0000	0.0000	0.0000	0.0000	0.0000	0.0000	0.0000	0.0000	0.0000	0.0000	0.0000	5.0000	0.0000	7.0006	0.0000	0.0000	0.0000	0.0000	0.0000	0.0000	0.0000	0.0000	0.0000	0.0000	0.0000	0.0000	0.0000	0.0000	0.0000	0.0000	0.0000	0.0000	0.0000	0.0000	0.0000	0.0000	0.0000	0.0000	0.0000	0.0000	0.0000	0.0000	0.0000	0.0000	0.0000	0.0000	0.0000	0.0000	0.0000	0.0000	0.0000	0.0000	0.0000	0.0000	0.0000	0.0000	0.0000	0.0000	0.0000	0.0000	0.0000	0.0000	0.0000	0.0000	0.0000	0.0000	0.0000	0.0000											
5	87	0.0674	4	1	2	0	1	0	0	0	0	N	Y	N	N	N	N	N	N	N	N	N	N	0.0000	0.0000	0.0000	0.0000	0.0000	0.0000	0.0000	0.0000	0.0000	0.0000	0.0000	0.0000	0.0000	0.0000	0.0000	0.0000	0.0000	0.0000	0.0000	0.0000	0.0000	1.0000	0.0000	3.0006	0.0000	0.0000	0.0000	0.0000	0.0000	0.0000	0.0000	0.0000	0.0000	0.0000	0.0000	0.0000	0.0000	0.0000	0.0000	0.0000	0.0000	0.0000	0.0000	0.0000	0.0000	0.0000	0.0000	0.0000	0.0000	0.0000	0.0000	0.0000	0.0000	0.0000	0.0000	0.0000	0.0000	0.0000	0.0000	0.0000	0.0000	0.0000	0.0000	0.0000	0.0000	0.0000	0.0000	0.0000	0.0000	0.0000	0.0000	0.0000	0.0000	0.0000	0.0000	0.0000	0.0000	0.0000											
5	88	0.0130	3	2	2	0	1	0	0	0	0	Y	Y	N	N	N	N	N	N	N	N	N	N	0.0000	0.0000	0.0000	0.0000	0.0000	0.0000	0.0000	0.0000	0.0000	0.0000	0.0000	0.0000	0.0000	0.0000	0.0000	0.0000	0.0000	0.0000	0.0000	0.0000	0.0000	0.0000	0.0000	0.0000	0.0000	0.0000	0.0000	0.0000	0.0000	0.0000	0.0000	0.0000	0.0000	0.0000	0.0000	0.0000	0.0000	0.0000	0.0000	0.0000	0.0000	0.0000	0.0000	0.0000	0.0000	0.0000	0.0000	0.0000	0.0000	0.0000	0.0000	0.0000	0.0000	0.0000	0.0000	0.0000	0.0000	0.0000	0.0000	0.0000	0.0000	0.0000	0.0000	0.0000	0.0000	0.0000	0.0000	0.0000	0.0000	0.0000	0.0000	0.0000	0.0000	0.0000	0.0000	0.0000	0.0000	0.0000											
5	91	0.2129	6	1	1	0	1	0	0	0	0	N	N	N	N	N	N	N	N	N	N	N	N	0.0000	0.0000	0.0000	0.0000	0.0000	0.0000	0.0000	0.0000	0.0000	0.0000	0.0000	0.0000	0.0000	0.0000	0.0000	0.0000	0.0000	0.0000	0.0000	0.0000	0.0000	11.5137	0.0000	4.9035	0.0000	0.0000	0.0000	0.0000	0.0000	0.0000	0.0000	0.0000	0.0000	0.0000	0.0000	0.0000	0.0000	0.0000	0.0000	0.0000	0.0000	0.0000	0.0000	0.0000	0.0000	0.0000	0.0000	0.0000	0.0000	0.0000	0.0000	0.0000	0.0000	0.0000	0.0000	0.0000	0.0000	0.0000	0.0000	0.0000	0.0000	0.0000	0.0000	0.0000	0.0000	0.0000	0.0000	0.0000	0.0000	0.0000	0.0000	0.0000	0.0000	0.0000	0.0000	0.0000	0.0000	0.0000											
6	7	0.2350	5	1	0	2	0	0	0	0	0	N	N	Y	N	N	N	N	N	N	N	N	N	0.0000	0.0000	0.0000	0.0000	0.0000	0.0000	0.0000	0.0000	0.0000	0.0000	0.0000	0.0000	0.0000	0.0000	0.0000	0.0000	0.0000	0.0000	0.0000	0.0000	0.0000	0.1278	1.0000	0.0006	0.0000	0.0000	0.0000	0.0000	0.0000	0.0000	0.0000	0.0000	0.0000	0.0000	0.0000	0.0000	0.0000	0.0000	0.0000	0.0000	0.0000	0.0000	0.0000	0.0000	0.0000	0.0000	0.0000	0.0000	0.0000	0.0000	0.0000	0.0010	0.0004	0.0006	0.0002	0.0002	0.0000	0.0008	0.0002	0.0006	0.0000	0.0000	0.0000	0.0000	0.0000	0.0000	0.0000	0.0000	0.0000	0.0000	0.0000	0.0000	0.0000	0.0000	0.0000	0.0000	0.0000	0.0000											
6	8	0.1284	2	2	1	1	0	0	0	0	0	Y	N	N	N	N	N	N	N	N	N	N	N	0.0000	0.0000	0.0000	0.0000	0.0000	0.0000	0.0000	0.0000	0.0000	0.0000	0.0000	0.0000	0.0000	0.0000	0.0000	0.0000	0.0000	0.0000	0.0000	0.0000	0.0000	6.0000	1.0000	3.0006	0.0000	0.0000	0.0000	0.0000	0.0000	0.0000	0.0000	0.0000	0.0000	0.0000	0.0000	0.0000	0.0000	0.0000	0.0000	0.0000	0.0000	0.0000	0.0000	0.0000	0.0000	0.0000	0.0000	0.0000	0.0000	0.0000	0.0000	0.0406	0.0159	0.0247	0.0245	0.0117	0.0128	0.0161	0.0043	0.0118	0.0000	0.0000	0.0000	0.0000	0.0000	0.0000	0.0000	0.0000	0.0000	0.0000	0.0000	0.0000	0.0000	0.0000	0.0000	0.0000	0.0000	0.0000											
6	9	0.2041	3	1	0	2	1	0	0	0	0	N	N	Y	N	N	N	N	N	N	N	N	N	0.0000	0.0000	0.0000	0.0000	0.0000	0.0000	0.0000	0.0000	0.0000	0.0000	0.0000	0.0000	0.0000	0.0003	0.0006	0.0000	0.0011	0.0012	0.0000	0.0000	0.0000	0.0000	0.0000	0.0000	-0.0000	0.0000	1.0190	1.0000	2.2112	0.0000	0.0000	0.0000	0.0000	0.0000	0.0000	0.0000	0.0000	0.0000	0.0000	0.0000	0.0000	0.0000	0.0000	0.0000	0.0000	0.0000	0.0000	0.0000	0.0000	0.0000	0.0000	0.0000	0.0000	0.0000	0.0000	0.0000	0.0375	0.0180	0.0195	0.0091	0.0086	0.0005	0.0284	0.0094	0.0190	0.0000	0.0000	0.0000	0.0000	0.0000	0.0000	0.0000	0.0000	0.0000	0.0003	0.0006	0.0000	0.0011	0.0012	0.0000	0.0000	0.0000	0.0000						
6	10	0.2050	3	1	0	1	1	0	0	0	0	N	N	N	N	N	N	N	N	N	N	N	N	0.0000	0.0000	0.0000	0.0000	0.0000	0.0000	0.0000	0.0000	0.0000	0.0000	0.0000	0.0000	0.0000	0.0000	0.0000	0.0000	0.0000	0.0000	0.0000	0.0000	0.0000	0.0000	1.0000	1.0000	0.0000	0.0000	0.0000	0.0000	0.0000	0.0000	0.0000	0.0000	0.0000	0.0000	0.0000	0.0000	0.0000	0.0000	0.0000	0.0000	0.0000	0.0000	0.0000	0.0000	0.0000	0.0000	0.0000	0.0000	0.0000	0.0000	0.0000	0.0070	0.0025	0.0045	0.0010	0.0009	0.0000	0.0060	0.0015	0.0044	0.0000	0.0000	0.0000	0.0000	0.0000	0.0000	0.0000	0.0000	0.0000	0.0000	0.0000	0.0000	0.0000	0.0000	0.0000	0.0000	0.0000	0.0000											
6	11	0.1851	4	1	1	1	1	0	0	0	0	N	N	N	N	N	N	N	N	N	N	N	N	0.0000	0.0000	0.0000	0.0000	0.0000	0.0000	0.0000	0.0000	0.0000	0.0000	0.0000	0.0000	0.0000	0.0000	0.0000	0.0000	0.0000	0.0000	0.0000	0.0000	0.0000	1.0886	1.0000	0.0502	0.0000	0.0000	0.0000	0.0000	0.0000	0.0000	0.0000	0.0000	0.0000	0.0000	0.0000	0.0000	0.0000	0.0000	0.0000	0.0000	0.0000	0.0000	0.0000	0.0000	0.0000	0.0000	0.0000	0.0000	0.0000	0.0000	0.0000	0.0102	0.0048	0.0053	0.0029	0.0028	0.0001	0.0073	0.0020	0.0052	0.0000	0.0000	0.0000	0.0000	0.0000	0.0000	0.0000	0.0000	0.0000	0.0000	0.0000	0.0000	0.0000	0.0000	0.0000	0.0000	0.0000	0.0000											
6	12	0.1284	2	1	1	1	0	0	0	0	0	N	N	N	N	N	N	N	N	N	N	N	N	0.0000	0.0000	0.0000	0.0000	0.0000	0.0000	0.0000	0.0000	0.0000	0.0000	0.0000	0.0000	0.0000	0.0000	0.0000	0.0000	0.0000	0.0000	0.0000	0.0000	0.0000	6.0000	1.0000	3.0006	0.0000	0.0000	0.0000	0.0000	0.0000	0.0000	0.0000	0.0000	0.0000	0.0000	0.0000	0.0000	0.0000	0.0000	0.0000	0.0000	0.0000	0.0000	0.0000	0.0000	0.0000	0.0000	0.0000	0.0000	0.0000	0.0000	0.0000	0.0406	0.0159	0.0247	0.0245	0.0117	0.0128	0.0161	0.0043	0.0118	0.0000	0.0000	0.0000	0.0000	0.0000	0.0000	0.0000	0.0000	0.0000	0.0000	0.0000	0.0000	0.0000	0.0000	0.0000	0.0000	0.0000	0.0000											
6	13	0.2132	4	1	1	1	1	0	0	0	0	N	N	N	N	N	N	N	N	N	N	N	N	0.0000	0.0000	0.0000	0.0000	0.0000	0.0000	0.0000	0.0000	0.0000	0.0000	0.0000	0.0000	0.0000	0.0000	0.0000	0.0000	0.0000	0.0000	0.0000	0.0000	0.0000	0.0000	1.0000	0.0000	0.0000	0.0000	0.0000	0.0000	0.0000	0.0000	0.0000	0.0000	0.0000	0.0000	0.0000	0.0000	0.0000	0.0000	0.0000	0.0000	0.0000	0.0000	0.0000	0.0000	0.0000	0.0000	0.0000	0.0000	0.0000	0.0000	0.0000	0.0000	0.0000	0.0000	0.0000	0.0000	0.0000	0.0000	0.0000	0.0000	0.0000	0.0000	0.0000	0.0000	0.0000	0.0000	0.0000	0.0000	0.0000	0.0000	0.0000	0.0000	0.0000	0.0000	0.0000	0.0000	0.0000	0.0000											
6	14	0.1662	3	2	1	1	0	0	0	0	0	Y	N	N	N	N	N	N	N	N	N	N	N	0.0000	0.0000	0.0000	0.0000	0.0000	0.0000	0.0000	0.0000	0.0000	0.0000	0.0000	0.0000	0.0000	0.0005	0.0012	0.0000	0.0008	0.0017	0.0000	0.0000	0.0000	0.0000	0.0000	0.0000	-0.0000	0.0000	3.0234	1.0000	1.0170	0.0000	0.0000	0.0000	0.0000	0.0000	0.0000	0.0000	0.0000	0.0000	0.0000	0.0000	0.0000	0.0000	0.0000	0.0000	0.0000	0.0000	0.0000	0.0000	0.0000	0.0000	0.0000	0.0000	0.0000	0.0000	0.0000	0.0000	0.0208	0.0081	0.0127	0.0130	0.0059	0.0070	0.0079	0.0022	0.0057	0.0000	0.0000	0.0000	0.0000	0.0000	0.0000	0.0000	0.0000	0.0000	0.0005	0.0012	0.0000	0.0008	0.0017	0.0000	0.0000	0.0000	0.0000						
6	15	0.1284	2	1	1	1	0	0	0	0	0	N	N	N	N	N	N	N	N	N	N	N	N	0.0000	0.0000	0.0000	0.0000	0.0000	0.0000	0.0000	0.0000	0.0000	0.0000	0.0000	0.0000	0.0000	0.0000	0.0000	0.0000	0.0000	0.0000	0.0000	0.0000	0.0000	4.0000	1.0000	3.0006	0.0000	0.0000	0.0000	0.0000	0.0000	0.0000	0.0000	0.0000	0.0000	0.0000	0.0000	0.0000	0.0000	0.0000	0.0000	0.0000	0.0000	0.0000	0.0000	0.0000	0.0000	0.0000	0.0000	0.0000	0.0000	0.0000	0.0000	0.0333	0.0131	0.0202	0.0205	0.0097	0.0107	0.0128	0.0034	0.0095	0.0000	0.0000	0.0000	0.0000	0.0000	0.0000	0.0000	0.0000	0.0000	0.0000	0.0000	0.0000	0.0000	0.0000	0.0000	0.0000	0.0000	0.0000											
6	16	0.1851	4	1	0	1	1	0	0	0	0	N	N	N	N	N	N	N	N	N	N	N	N	0.0000	0.0000	0.0000	0.0000	0.0000	0.0000	0.0000	0.0000	0.0000	0.0000	0.0000	0.0000	0.0000	0.0000	0.0000	0.0000	0.0000	0.0000	0.0000	0.0000	0.0000	2.9121	1.0000	3.0117	0.0000	0.0000	0.0000	0.0000	0.0000	0.0000	0.0000	0.0000	0.0000	0.0000	0.0000	0.0000	0.0000	0.0000	0.0000	0.0000	0.0000	0.0000	0.0000	0.0000	0.0000	0.0000	0.0000	0.0000	0.0000	0.0000	0.0000	0.0380	0.0170	0.0210	0.0092	0.0089	0.0003	0.0288	0.0081	0.0207	0.0000	0.0000	0.0000	0.0000	0.0000	0.0000	0.0000	0.0000	0.0000	0.0000	0.0000	0.0000	0.0000	0.0000	0.0000	0.0000	0.0000	0.0000											
6	17	0.1606	3	1	0	1	1	0	0	0	0	N	N	N	N	N	N	N	N	N	N	N	N	0.0000	0.0000	0.0000	0.0000	0.0000	0.0000	0.0000	0.0000	0.0000	0.0000	0.0000	0.0000	0.0000	0.0000	0.0000	0.0000	0.0000	0.0000	0.0000	0.0000	0.0000	0.1693	1.0000	3.5362	0.0000	0.0000	0.0000	0.0000	0.0000	0.0000	0.0000	0.0000	0.0000	0.0000	0.0000	0.0000	0.0000	0.0000	0.0000	0.0000	0.0000	0.0000	0.0000	0.0000	0.0000	0.0000	0.0000	0.0000	0.0000	0.0000	0.0000	0.0389	0.0220	0.0169	0.0256	0.0164	0.0092	0.0133	0.0056	0.0077	0.0000	0.0000	0.0000	0.0000	0.0000	0.0000	0.0000	0.0000	0.0000	0.0000	0.0000	0.0000	0.0000	0.0000	0.0000	0.0000	0.0000	0.0000											
6	18	0.1284	2	2	0	2	0	0	0	0	0	Y	N	Y	N	N	N	N	N	N	N	N	N	0.0000	0.0000	0.0000	0.0000	0.0000	0.0000	0.0000	0.0000	0.0000	0.0000	0.0000	0.0000	0.0000	0.0000	0.0000	0.0000	0.0000	0.0000	0.0000	0.0000	0.0000	18.0000	1.0000	5.9994	0.0000	0.0000	0.0000	0.0000	0.0000	0.0000	0.0000	0.0000	0.0000	0.0000	0.0000	0.0000	0.0000	0.0000	0.0000	0.0000	0.0000	0.0000	0.0000	0.0000	0.0000	0.0000	0.0000	0.0000	0.0000	0.0000	0.0000	0.0755	0.0290	0.0465	0.0394	0.0191	0.0202	0.0362	0.0099	0.0263	0.0000	0.0000	0.0000	0.0000	0.0000	0.0000	0.0000	0.0000	0.0000	0.0000	0.0000	0.0000	0.0000	0.0000	0.0000	0.0000	0.0000	0.0000											
6	19	0.1962	3	1	1	1	0	0	0	0	0	N	N	N	N	N	N	N	N	N	N	N	N	0.0000	0.0000	0.0000	0.0000	0.0000	0.0000	0.0000	0.0000	0.0000	0.0000	0.0000	0.0000	0.0000	0.0004	0.0009	0.0000	0.0019	0.0019	0.0000	0.0000	0.0000	0.0000	0.0000	0.0000	-0.0000	0.0000	2.0070	1.0000	1.9996	0.0000	0.0000	0.0000	0.0000	0.0000	0.0000	0.0000	0.0000	0.0000	0.0000	0.0000	0.0000	0.0000	0.0000	0.0000	0.0000	0.0000	0.0000	0.0000	0.0000	0.0000	0.0000	0.0000	0.0000	0.0000	0.0000	0.0000	0.0280	0.0117	0.0164	0.0054	0.0054	0.0000	0.0227	0.0063	0.0164	0.0000	0.0000	0.0000	0.0000	0.0000	0.0000	0.0000	0.0000	0.0000	0.0004	0.0009	0.0000	0.0019	0.0019	0.0000	0.0000	0.0000	0.0000						
6	20	0.1284	2	1	1	1	0	0	0	0	0	N	N	N	N	N	N	N	N	N	N	N	N	0.0000	0.0000	0.0000	0.0000	0.0000	0.0000	0.0000	0.0000	0.0000	0.0000	0.0000	0.0000	0.0000	0.0000	0.0000	0.0000	0.0000	0.0000	0.0000	0.0000	0.0000	9.0000	1.0000	1.0006	0.0000	0.0000	0.0000	0.0000	0.0000	0.0000	0.0000	0.0000	0.0000	0.0000	0.0000	0.0000	0.0000	0.0000	0.0000	0.0000	0.0000	0.0000	0.0000	0.0000	0.0000	0.0000	0.0000	0.0000	0.0000	0.0000	0.0000	0.0439	0.0172	0.0267	0.0262	0.0125	0.0137	0.0177	0.0047	0.0130	0.0000	0.0000	0.0000	0.0000	0.0000	0.0000	0.0000	0.0000	0.0000	0.0000	0.0000	0.0000	0.0000	0.0000	0.0000	0.0000	0.0000	0.0000											
6	21	0.1849	3	2	1	1	0	0	0	0	0	Y	N	N	N	N	N	N	N	N	N	N	N	0.0000	0.0000	0.0000	0.0000	0.0000	0.0000	0.0000	0.0000	0.0000	0.0000	0.0000	0.0000	0.0000	0.0223	0.1130	0.0000	0.0457	0.0898	0.0000	0.0000	0.0000	0.0000	0.0000	0.0000	-0.0003	0.0000	0.9600	1.0000	1.3160	0.0000	0.0000	0.0000	0.0000	0.0000	0.0000	0.0000	0.0000	0.0000	0.0004	0.0004	0.0000	0.0004	0.0004	0.0000	0.0000	0.0000	0.0000	0.0000	0.0000	0.0000	0.0000	0.0000	0.0000	0.0000	0.0000	0.0000	0.0184	0.0057	0.0126	0.0090	0.0046	0.0044	0.0094	0.0012	0.0082	0.0000	0.0000	0.0000	0.0000	0.0000	0.0000	0.0000	0.0000	0.0000	0.0223	0.0713	0.0000	0.0457	0.0898	0.0000	0.0000	0.0000	0.0000						
6	22	0.2107	4	1	1	1	0	0	0	0	0	N	N	N	N	N	N	N	N	N	N	N	N	0.0000	0.0000	0.0000	0.0000	0.0000	0.0000	0.0000	0.0000	0.0000	0.0000	0.0000	0.0000	0.0000	0.0000	0.0000	0.0000	0.0000	0.0000	0.0000	0.0000	0.0000	0.0000	1.0000	0.0000	0.0000	0.0000	0.0000	0.0000	0.0000	0.0000	0.0000	0.0000	0.0000	0.0000	0.0000	0.0000	0.0000	0.0000	0.0000	0.0000	0.0000	0.0000	0.0000	0.0000	0.0000	0.0000	0.0000	0.0000	0.0000	0.0000	0.0000	0.0000	0.0000	0.0000	0.0000	0.0000	0.0000	0.0000	0.0000	0.0000	0.0000	0.0000	0.0000	0.0000	0.0000	0.0000	0.0000	0.0000	0.0000	0.0000	0.0000	0.0000	0.0000	0.0000	0.0000	0.0000	0.0000	0.0000											
6	23	0.1284	2	2	1	1	0	0	0	0	0	Y	N	N	N	N	N	N	N	N	N	N	N	0.0000	0.0000	0.0000	0.0000	0.0000	0.0000	0.0000	0.0000	0.0000	0.0000	0.0000	0.0000	0.0000	0.0000	0.0000	0.0000	0.0000	0.0000	0.0000	0.0000	0.0000	6.0000	1.0000	4.0006	0.0000	0.0000	0.0000	0.0000	0.0000	0.0000	0.0000	0.0000	0.0000	0.0000	0.0000	0.0000	0.0000	0.0000	0.0000	0.0000	0.0000	0.0000	0.0000	0.0000	0.0000	0.0000	0.0000	0.0000	0.0000	0.0000	0.0000	0.0439	0.0172	0.0267	0.0262	0.0125	0.0137	0.0177	0.0047	0.0130	0.0000	0.0000	0.0000	0.0000	0.0000	0.0000	0.0000	0.0000	0.0000	0.0000	0.0000	0.0000	0.0000	0.0000	0.0000	0.0000	0.0000	0.0000											
6	24	0.1284	2	1	1	1	0	0	0	0	0	N	N	N	N	N	N	N	N	N	N	N	N	0.0000	0.0000	0.0000	0.0000	0.0000	0.0000	0.0000	0.0000	0.0000	0.0000	0.0000	0.0000	0.0000	0.0000	0.0000	0.0000	0.0000	0.0000	0.0000	0.0000	0.0000	4.0000	1.0000	4.9994	0.0000	0.0000	0.0000	0.0000	0.0000	0.0000	0.0000	0.0000	0.0000	0.0000	0.0000	0.0000	0.0000	0.0000	0.0000	0.0000	0.0000	0.0000	0.0000	0.0000	0.0000	0.0000	0.0000	0.0000	0.0000	0.0000	0.0000	0.0406	0.0159	0.0246	0.0245	0.0117	0.0128	0.0161	0.0043	0.0118	0.0000	0.0000	0.0000	0.0000	0.0000	0.0000	0.0000	0.0000	0.0000	0.0000	0.0000	0.0000	0.0000	0.0000	0.0000	0.0000	0.0000	0.0000											
6	25	0.1754	3	1	1	2	1	0	0	0	0	N	N	Y	N	N	N	N	N	N	N	N	N	0.0000	0.0000	0.0000	0.0000	0.0000	0.0000	0.0000	0.0000	0.0000	0.0000	0.0000	0.0000	0.0000	0.0006	0.0012	0.0000	0.0009	0.0015	0.0000	0.0000	0.0000	0.0000	0.0000	0.0000	-0.0000	0.0000	0.8908	1.0000	1.0730	0.0000	0.0000	0.0000	0.0000	0.0000	0.0000	0.0000	0.0000	0.0000	0.0000	0.0000	0.0000	0.0000	0.0000	0.0000	0.0000	0.0000	0.0000	0.0000	0.0000	0.0000	0.0000	0.0000	0.0000	0.0000	0.0000	0.0000	0.0161	0.0086	0.0075	0.0107	0.0067	0.0039	0.0054	0.0019	0.0035	0.0000	0.0000	0.0000	0.0000	0.0000	0.0000	0.0000	0.0000	0.0000	0.0006	0.0012	0.0000	0.0009	0.0015	0.0000	0.0000	0.0000	0.0000						
6	26	0.1284	2	1	0	1	1	0	0	0	0	N	N	N	N	N	N	N	N	N	N	N	N	0.0000	0.0000	0.0000	0.0000	0.0000	0.0000	0.0000	0.0000	0.0000	0.0000	0.0000	0.0000	0.0000	0.0004	0.0000	0.0006	0.0000	0.0000	0.0000	0.0016	0.0000	0.0014	inf	0.0000	0.0000	0.0000	3.1159	1.0000	2.1859	0.0000	0.0000	0.0000	0.0000	0.0000	0.0000	0.0000	0.0000	0.0000	0.0000	0.0000	0.0000	0.0000	0.0000	0.0000	0.0000	0.0000	0.0000	0.0000	0.0000	0.0000	0.0000	0.0000	0.0000	0.0000	0.0000	0.0000	0.0265	0.0105	0.0160	0.0165	0.0078	0.0087	0.0099	0.0026	0.0073	0.0000	0.0000	0.0000	0.0000	0.0000	0.0000	0.0000	0.0000	0.0000	0.0004	0.0000	0.0006	0.0000	0.0000	0.0000	0.0010	0.0000	0.0014						
6	27	0.1284	2	1	1	1	0	0	0	0	0	N	N	N	N	N	N	N	N	N	N	N	N	0.0000	0.0000	0.0000	0.0000	0.0000	0.0000	0.0000	0.0000	0.0000	0.0000	0.0000	0.0000	0.0000	0.0000	0.0000	0.0000	0.0000	0.0000	0.0000	0.0000	0.0000	8.0000	1.0000	0.0006	0.0000	0.0000	0.0000	0.0000	0.0000	0.0000	0.0000	0.0000	0.0000	0.0000	0.0000	0.0000	0.0000	0.0000	0.0000	0.0000	0.0000	0.0000	0.0000	0.0000	0.0000	0.0000	0.0000	0.0000	0.0000	0.0000	0.0000	0.0371	0.0146	0.0225	0.0226	0.0108	0.0118	0.0145	0.0038	0.0107	0.0000	0.0000	0.0000	0.0000	0.0000	0.0000	0.0000	0.0000	0.0000	0.0000	0.0000	0.0000	0.0000	0.0000	0.0000	0.0000	0.0000	0.0000											
6	28	0.2041	3	2	1	1	0	0	0	0	0	Y	N	N	N	N	N	N	N	N	N	N	N	0.0000	0.0000	0.0000	0.0000	0.0000	0.0000	0.0000	0.0000	0.0000	0.0000	0.0000	0.0000	0.0000	0.0002	0.0005	0.0000	0.0010	0.0011	0.0000	0.0000	0.0000	0.0000	0.0000	0.0000	-0.0000	0.0000	2.9919	1.0000	1.1331	0.0000	0.0000	0.0000	0.0000	0.0000	0.0000	0.0000	0.0000	0.0000	0.0000	0.0000	0.0000	0.0000	0.0000	0.0000	0.0000	0.0000	0.0000	0.0000	0.0000	0.0000	0.0000	0.0000	0.0000	0.0000	0.0000	0.0000	0.0431	0.0201	0.0230	0.0096	0.0090	0.0005	0.0335	0.0110	0.0225	0.0000	0.0000	0.0000	0.0000	0.0000	0.0000	0.0000	0.0000	0.0000	0.0002	0.0005	0.0000	0.0010	0.0011	0.0000	0.0000	0.0000	0.0000						
6	29	0.1284	2	1	0	1	0	0	0	0	0	N	N	N	N	N	N	N	N	N	N	N	N	0.0000	0.0000	0.0000	0.0000	0.0000	0.0000	0.0000	0.0000	0.0000	0.0000	0.0000	0.0000	0.0000	0.0002	0.0000	0.0004	0.0000	0.0000	0.0000	0.0006	0.0000	0.0008	inf	0.0000	0.0000	0.0000	5.0156	1.0000	4.8897	0.0000	0.0000	0.0000	0.0000	0.0000	0.0000	0.0000	0.0000	0.0000	0.0000	0.0000	0.0000	0.0000	0.0000	0.0000	0.0000	0.0000	0.0000	0.0000	0.0000	0.0000	0.0000	0.0000	0.0000	0.0000	0.0000	0.0000	0.0436	0.0171	0.0265	0.0261	0.0125	0.0136	0.0175	0.0047	0.0129	0.0000	0.0000	0.0000	0.0000	0.0000	0.0000	0.0000	0.0000	0.0000	0.0002	0.0000	0.0004	0.0000	0.0000	0.0000	0.0006	0.0000	0.0008						
6	30	0.1415	3	1	1	1	1	0	0	0	0	N	N	N	N	N	N	N	N	N	N	N	N	0.0000	0.0000	0.0000	0.0000	0.0000	0.0000	0.0000	0.0000	0.0000	0.0000	0.0000	0.0000	0.0000	0.0000	0.0000	0.0000	0.0000	0.0000	0.0000	0.0000	0.0000	3.9676	1.0000	1.0007	0.0000	0.0000	0.0000	0.0000	0.0000	0.0000	0.0000	0.0000	0.0000	0.0000	0.0000	0.0000	0.0000	0.0000	0.0000	0.0000	0.0000	0.0000	0.0000	0.0000	0.0000	0.0000	0.0000	0.0000	0.0000	0.0000	0.0000	0.0238	0.0096	0.0141	0.0162	0.0079	0.0083	0.0076	0.0018	0.0058	0.0000	0.0000	0.0000	0.0000	0.0000	0.0000	0.0000	0.0000	0.0000	0.0000	0.0000	0.0000	0.0000	0.0000	0.0000	0.0000	0.0000	0.0000											
6	31	0.1284	2	2	1	1	0	0	0	0	0	Y	N	N	N	N	N	N	N	N	N	N	N	0.0000	0.0000	0.0000	0.0000	0.0000	0.0000	0.0000	0.0000	0.0000	0.0000	0.0000	0.0000	0.0000	0.0000	0.0000	0.0000	0.0000	0.0000	0.0000	0.0000	0.0000	5.0000	1.0000	3.0000	0.0000	0.0000	0.0000	0.0000	0.0000	0.0000	0.0000	0.0000	0.0000	0.0000	0.0000	0.0000	0.0000	0.0000	0.0000	0.0000	0.0000	0.0000	0.0000	0.0000	0.0000	0.0000	0.0000	0.0000	0.0000	0.0000	0.0000	0.0371	0.0146	0.0225	0.0226	0.0108	0.0118	0.0145	0.0038	0.0107	0.0000	0.0000	0.0000	0.0000	0.0000	0.0000	0.0000	0.0000	0.0000	0.0000	0.0000	0.0000	0.0000	0.0000	0.0000	0.0000	0.0000	0.0000											
6	32	0.1704	3	1	0	2	0	0	0	0	0	N	N	Y	N	N	N	N	N	N	N	N	N	0.0000	0.0000	0.0000	0.0000	0.0000	0.0000	0.0000	0.0000	0.0000	0.0000	0.0000	0.0000	0.0000	0.0000	0.0000	0.0000	0.0000	0.0000	0.0000	0.0000	0.0000	0.0319	1.0000	1.0050	0.0000	0.0000	0.0000	0.0000	0.0000	0.0000	0.0000	0.0000	0.0000	0.0000	0.0000	0.0000	0.0000	0.0000	0.0000	0.0000	0.0000	0.0000	0.0000	0.0000	0.0000	0.0000	0.0000	0.0000	0.0000	0.0000	0.0000	0.0059	0.0026	0.0033	0.0043	0.0022	0.0021	0.0017	0.0004	0.0013	0.0000	0.0000	0.0000	0.0000	0.0000	0.0000	0.0000	0.0000	0.0000	0.0000	0.0000	0.0000	0.0000	0.0000	0.0000	0.0000	0.0000	0.0000											
6	33	0.1415	4	1	1	1	0	0	0	0	0	N	N	N	N	N	N	N	N	N	N	N	N	0.0000	0.0000	0.0000	0.0000	0.0000	0.0000	0.0000	0.0000	0.0000	0.0000	0.0000	0.0000	0.0000	0.0000	0.0000	0.0000	0.0000	0.0000	0.0000	0.0000	0.0000	0.0023	1.0000	1.0003	0.0000	0.0000	0.0000	0.0000	0.0000	0.0000	0.0000	0.0000	0.0000	0.0000	0.0000	0.0000	0.0000	0.0000	0.0000	0.0000	0.0000	0.0000	0.0000	0.0000	0.0000	0.0000	0.0000	0.0000	0.0000	0.0000	0.0000	0.0054	0.0022	0.0032	0.0038	0.0018	0.0020	0.0016	0.0004	0.0012	0.0000	0.0000	0.0000	0.0000	0.0000	0.0000	0.0000	0.0000	0.0000	0.0000	0.0000	0.0000	0.0000	0.0000	0.0000	0.0000	0.0000	0.0000											
6	34	0.1284	2	2	0	2	0	0	0	0	0	Y	N	Y	N	N	N	N	N	N	N	N	N	0.0000	0.0000	0.0000	0.0000	0.0000	0.0000	0.0000	0.0000	0.0000	0.0000	0.0000	0.0000	0.0000	0.0000	0.0000	0.0000	0.0000	0.0000	0.0000	0.0000	0.0000	3.0000	1.0000	5.0006	0.0000	0.0000	0.0000	0.0000	0.0000	0.0000	0.0000	0.0000	0.0000	0.0000	0.0000	0.0000	0.0000	0.0000	0.0000	0.0000	0.0000	0.0000	0.0000	0.0000	0.0000	0.0000	0.0000	0.0000	0.0000	0.0000	0.0000	0.0371	0.0146	0.0225	0.0226	0.0108	0.0118	0.0145	0.0038	0.0107	0.0000	0.0000	0.0000	0.0000	0.0000	0.0000	0.0000	0.0000	0.0000	0.0000	0.0000	0.0000	0.0000	0.0000	0.0000	0.0000	0.0000	0.0000											
6	35	0.1284	2	1	1	1	1	0	0	0	0	N	N	N	N	N	N	N	N	N	N	N	N	0.0000	0.0000	0.0000	0.0000	0.0000	0.0000	0.0000	0.0000	0.0000	0.0000	0.0000	0.0000	0.0000	0.0000	0.0000	0.0000	0.0000	0.0000	0.0000	0.0000	0.0000	3.0000	1.0000	2.0006	0.0000	0.0000	0.0000	0.0000	0.0000	0.0000	0.0000	0.0000	0.0000	0.0000	0.0000	0.0000	0.0000	0.0000	0.0000	0.0000	0.0000	0.0000	0.0000	0.0000	0.0000	0.0000	0.0000	0.0000	0.0000	0.0000	0.0000	0.0252	0.0100	0.0152	0.0158	0.0075	0.0083	0.0094	0.0025	0.0069	0.0000	0.0000	0.0000	0.0000	0.0000	0.0000	0.0000	0.0000	0.0000	0.0000	0.0000	0.0000	0.0000	0.0000	0.0000	0.0000	0.0000	0.0000											
6	36	0.1284	2	2	0	2	0	0	0	0	0	Y	N	Y	N	N	N	N	N	N	N	N	N	0.0000	0.0000	0.0000	0.0000	0.0000	0.0000	0.0000	0.0000	0.0000	0.0000	0.0000	0.0000	0.0000	0.0000	0.0000	0.0000	0.0000	0.0000	0.0000	0.0000	0.0000	4.0000	1.0000	5.0006	0.0000	0.0000	0.0000	0.0000	0.0000	0.0000	0.0000	0.0000	0.0000	0.0000	0.0000	0.0000	0.0000	0.0000	0.0000	0.0000	0.0000	0.0000	0.0000	0.0000	0.0000	0.0000	0.0000	0.0000	0.0000	0.0000	0.0000	0.0406	0.0159	0.0247	0.0245	0.0117	0.0128	0.0161	0.0043	0.0118	0.0000	0.0000	0.0000	0.0000	0.0000	0.0000	0.0000	0.0000	0.0000	0.0000	0.0000	0.0000	0.0000	0.0000	0.0000	0.0000	0.0000	0.0000											
6	37	0.1284	2	2	0	2	0	0	0	0	0	Y	N	Y	N	N	N	N	N	N	N	N	N	0.0000	0.0000	0.0000	0.0000	0.0000	0.0000	0.0000	0.0000	0.0000	0.0000	0.0000	0.0000	0.0000	0.0000	0.0000	0.0000	0.0000	0.0000	0.0000	0.0000	0.0000	3.0000	1.0000	4.0006	0.0000	0.0000	0.0000	0.0000	0.0000	0.0000	0.0000	0.0000	0.0000	0.0000	0.0000	0.0000	0.0000	0.0000	0.0000	0.0000	0.0000	0.0000	0.0000	0.0000	0.0000	0.0000	0.0000	0.0000	0.0000	0.0000	0.0000	0.0333	0.0131	0.0202	0.0205	0.0097	0.0107	0.0128	0.0034	0.0095	0.0000	0.0000	0.0000	0.0000	0.0000	0.0000	0.0000	0.0000	0.0000	0.0000	0.0000	0.0000	0.0000	0.0000	0.0000	0.0000	0.0000	0.0000											
6	38	0.1415	4	1	0	2	0	0	0	0	0	N	N	Y	N	N	N	N	N	N	N	N	N	0.0000	0.0000	0.0000	0.0000	0.0000	0.0000	0.0000	0.0000	0.0000	0.0000	0.0000	0.0000	0.0000	0.0000	0.0000	0.0000	0.0000	0.0000	0.0000	0.0000	0.0000	1.0023	1.0000	0.0007	0.0000	0.0000	0.0000	0.0000	0.0000	0.0000	0.0000	0.0000	0.0000	0.0000	0.0000	0.0000	0.0000	0.0000	0.0000	0.0000	0.0000	0.0000	0.0000	0.0000	0.0000	0.0000	0.0000	0.0000	0.0000	0.0000	0.0000	0.0054	0.0022	0.0032	0.0038	0.0018	0.0020	0.0016	0.0004	0.0012	0.0000	0.0000	0.0000	0.0000	0.0000	0.0000	0.0000	0.0000	0.0000	0.0000	0.0000	0.0000	0.0000	0.0000	0.0000	0.0000	0.0000	0.0000											
6	39	0.1415	3	1	0	1	0	0	0	0	0	N	N	N	N	N	N	N	N	N	N	N	N	0.0000	0.0000	0.0000	0.0000	0.0000	0.0000	0.0000	0.0000	0.0000	0.0000	0.0000	0.0000	0.0000	0.0000	0.0000	0.0000	0.0000	0.0000	0.0000	0.0000	0.0000	0.0347	1.0000	0.0013	0.0000	0.0000	0.0000	0.0000	0.0000	0.0000	0.0000	0.0000	0.0000	0.0000	0.0000	0.0000	0.0000	0.0000	0.0000	0.0000	0.0000	0.0000	0.0000	0.0000	0.0000	0.0000	0.0000	0.0000	0.0000	0.0000	0.0000	0.0002	0.0001	0.0001	0.0002	0.0001	0.0001	0.0001	0.0000	0.0001	0.0000	0.0000	0.0000	0.0000	0.0000	0.0000	0.0000	0.0000	0.0000	0.0000	0.0000	0.0000	0.0000	0.0000	0.0000	0.0000	0.0000	0.0000											
6	40	0.1284	2	1	0	1	0	0	0	0	0	N	N	N	N	N	N	N	N	N	N	N	N	0.0000	0.0000	0.0000	0.0000	0.0000	0.0000	0.0000	0.0000	0.0000	0.0000	0.0000	0.0000	0.0000	0.0000	0.0000	0.0000	0.0000	0.0000	0.0000	0.0000	0.0000	3.9674	1.0000	1.0003	0.0000	0.0000	0.0000	0.0000	0.0000	0.0000	0.0000	0.0000	0.0000	0.0000	0.0000	0.0000	0.0000	0.0000	0.0000	0.0000	0.0000	0.0000	0.0000	0.0000	0.0000	0.0000	0.0000	0.0000	0.0000	0.0000	0.0000	0.0250	0.0099	0.0151	0.0157	0.0074	0.0083	0.0094	0.0025	0.0069	0.0000	0.0000	0.0000	0.0000	0.0000	0.0000	0.0000	0.0000	0.0000	0.0000	0.0000	0.0000	0.0000	0.0000	0.0000	0.0000	0.0000	0.0000											
6	41	0.1814	4	1	1	1	0	0	0	0	0	N	N	N	N	N	N	N	N	N	N	N	N	0.0000	0.0000	0.0000	0.0000	0.0000	0.0000	0.0000	0.0000	0.0000	0.0000	0.0000	0.0000	0.0000	0.0000	0.0000	0.0000	0.0000	0.0000	0.0000	0.0000	0.0000	1.0144	1.0000	1.0128	0.0000	0.0000	0.0000	0.0000	0.0000	0.0000	0.0000	0.0000	0.0000	0.0000	0.0000	0.0000	0.0000	0.0000	0.0000	0.0000	0.0000	0.0000	0.0000	0.0000	0.0000	0.0000	0.0000	0.0000	0.0000	0.0000	0.0000	0.0110	0.0048	0.0062	0.0079	0.0041	0.0038	0.0031	0.0007	0.0024	0.0000	0.0000	0.0000	0.0000	0.0000	0.0000	0.0000	0.0000	0.0000	0.0000	0.0000	0.0000	0.0000	0.0000	0.0000	0.0000	0.0000	0.0000											
6	42	0.1284	2	2	1	2	0	0	0	0	0	Y	N	Y	N	N	N	N	N	N	N	N	N	0.0000	0.0000	0.0000	0.0000	0.0000	0.0000	0.0000	0.0000	0.0000	0.0000	0.0000	0.0000	0.0000	0.0000	0.0000	0.0000	0.0000	0.0000	0.0000	0.0000	0.0000	3.0000	1.0000	2.9994	0.0000	0.0000	0.0000	0.0000	0.0000	0.0000	0.0000	0.0000	0.0000	0.0000	0.0000	0.0000	0.0000	0.0000	0.0000	0.0000	0.0000	0.0000	0.0000	0.0000	0.0000	0.0000	0.0000	0.0000	0.0000	0.0000	0.0000	0.0294	0.0116	0.0178	0.0182	0.0087	0.0096	0.0111	0.0029	0.0082	0.0000	0.0000	0.0000	0.0000	0.0000	0.0000	0.0000	0.0000	0.0000	0.0000	0.0000	0.0000	0.0000	0.0000	0.0000	0.0000	0.0000	0.0000											
6	43	0.1284	2	2	1	2	0	0	0	0	0	Y	N	Y	N	N	N	N	N	N	N	N	N	0.0000	0.0000	0.0000	0.0000	0.0000	0.0000	0.0000	0.0000	0.0000	0.0000	0.0000	0.0000	0.0000	0.0000	0.0000	0.0000	0.0000	0.0000	0.0000	0.0000	0.0000	4.0000	1.0000	4.9994	0.0000	0.0000	0.0000	0.0000	0.0000	0.0000	0.0000	0.0000	0.0000	0.0000	0.0000	0.0000	0.0000	0.0000	0.0000	0.0000	0.0000	0.0000	0.0000	0.0000	0.0000	0.0000	0.0000	0.0000	0.0000	0.0000	0.0000	0.0406	0.0159	0.0246	0.0245	0.0117	0.0128	0.0161	0.0043	0.0118	0.0000	0.0000	0.0000	0.0000	0.0000	0.0000	0.0000	0.0000	0.0000	0.0000	0.0000	0.0000	0.0000	0.0000	0.0000	0.0000	0.0000	0.0000											
6	44	0.2659	3	2	1	1	0	0	0	0	0	Y	N	N	N	N	N	N	N	N	N	N	N	0.0000	0.0000	0.0000	0.0000	0.0000	0.0000	0.0000	0.0000	0.0000	0.0000	0.0000	0.0000	0.0000	0.0000	0.0000	0.0000	0.0000	0.0000	0.0000	0.0000	0.0000	2.0000	1.0000	1.0000	0.0000	0.0000	0.0000	0.0000	0.0000	0.0000	0.0000	0.0000	0.0000	0.0000	0.0000	0.0000	0.0000	0.0000	0.0000	0.0000	0.0000	0.0000	0.0000	0.0000	0.0000	0.0000	0.0000	0.0000	0.0000	0.0000	0.0000	0.0153	0.0054	0.0100	0.0108	0.0042	0.0066	0.0045	0.0011	0.0034	0.0000	0.0000	0.0000	0.0000	0.0000	0.0000	0.0000	0.0000	0.0000	0.0000	0.0000	0.0000	0.0000	0.0000	0.0000	0.0000	0.0000	0.0000											
6	45	0.1935	4	1	1	1	1	0	0	0	0	N	N	N	N	N	N	N	N	N	N	N	N	0.0000	0.0000	0.0000	0.0000	0.0000	0.0000	0.0000	0.0000	0.0000	0.0000	0.0000	0.0000	0.0000	0.0000	0.0000	0.0000	0.0000	0.0000	0.0000	0.0000	0.0000	1.0000	1.0000	0.0000	0.0000	0.0000	0.0000	0.0000	0.0000	0.0000	0.0000	0.0000	0.0000	0.0000	0.0000	0.0000	0.0000	0.0000	0.0000	0.0000	0.0000	0.0000	0.0000	0.0000	0.0000	0.0000	0.0000	0.0000	0.0000	0.0000	0.0000	0.0056	0.0024	0.0033	0.0041	0.0020	0.0021	0.0015	0.0003	0.0012	0.0000	0.0000	0.0000	0.0000	0.0000	0.0000	0.0000	0.0000	0.0000	0.0000	0.0000	0.0000	0.0000	0.0000	0.0000	0.0000	0.0000	0.0000											
6	46	0.1935	4	1	0	1	1	0	0	0	0	N	N	N	N	N	N	N	N	N	N	N	N	0.0000	0.0000	0.0000	0.0000	0.0000	0.0000	0.0000	0.0000	0.0000	0.0000	0.0000	0.0000	0.0000	0.0000	0.0000	0.0000	0.0000	0.0000	0.0000	0.0000	0.0000	0.0000	1.0000	0.0000	0.0000	0.0000	0.0000	0.0000	0.0000	0.0000	0.0000	0.0000	0.0000	0.0000	0.0000	0.0000	0.0000	0.0000	0.0000	0.0000	0.0000	0.0000	0.0000	0.0000	0.0000	0.0000	0.0000	0.0000	0.0000	0.0000	0.0000	0.0000	0.0000	0.0000	0.0000	0.0000	0.0000	0.0000	0.0000	0.0000	0.0000	0.0000	0.0000	0.0000	0.0000	0.0000	0.0000	0.0000	0.0000	0.0000	0.0000	0.0000	0.0000	0.0000	0.0000	0.0000	0.0000	0.0000											
6	47	0.1606	3	1	0	1	1	0	0	0	0	N	N	N	N	N	N	N	N	N	N	N	N	0.0000	0.0000	0.0000	0.0000	0.0000	0.0000	0.0000	0.0000	0.0000	0.0000	0.0000	0.0000	0.0000	0.0000	0.0000	0.0000	0.0000	0.0000	0.0000	0.0000	0.0000	2.0873	1.0000	1.9360	0.0000	0.0000	0.0000	0.0000	0.0000	0.0000	0.0000	0.0000	0.0000	0.0000	0.0000	0.0000	0.0000	0.0000	0.0000	0.0000	0.0000	0.0000	0.0000	0.0000	0.0000	0.0000	0.0000	0.0000	0.0000	0.0000	0.0000	0.0400	0.0224	0.0176	0.0263	0.0167	0.0096	0.0138	0.0057	0.0080	0.0000	0.0000	0.0000	0.0000	0.0000	0.0000	0.0000	0.0000	0.0000	0.0000	0.0000	0.0000	0.0000	0.0000	0.0000	0.0000	0.0000	0.0000											
6	48	0.1284	2	1	0	1	1	0	0	0	0	N	N	N	N	N	N	N	N	N	N	N	N	0.0000	0.0000	0.0000	0.0000	0.0000	0.0000	0.0000	0.0000	0.0000	0.0000	0.0000	0.0000	0.0000	0.0000	0.0000	0.0000	0.0000	0.0000	0.0000	0.0000	0.0000	3.9129	1.0000	0.7267	0.0000	0.0000	0.0000	0.0000	0.0000	0.0000	0.0000	0.0000	0.0000	0.0000	0.0000	0.0000	0.0000	0.0000	0.0000	0.0000	0.0000	0.0000	0.0000	0.0000	0.0000	0.0000	0.0000	0.0000	0.0000	0.0000	0.0000	0.0236	0.0093	0.0143	0.0148	0.0070	0.0078	0.0088	0.0023	0.0065	0.0000	0.0000	0.0000	0.0000	0.0000	0.0000	0.0000	0.0000	0.0000	0.0000	0.0000	0.0000	0.0000	0.0000	0.0000	0.0000	0.0000	0.0000											
6	49	0.1284	2	1	1	2	0	0	0	0	0	N	N	Y	N	N	N	N	N	N	N	N	N	0.0000	0.0000	0.0000	0.0000	0.0000	0.0000	0.0000	0.0000	0.0000	0.0000	0.0000	0.0000	0.0000	0.0000	0.0000	0.0000	0.0000	0.0000	0.0000	0.0000	0.0000	6.0000	1.0000	4.0006	0.0000	0.0000	0.0000	0.0000	0.0000	0.0000	0.0000	0.0000	0.0000	0.0000	0.0000	0.0000	0.0000	0.0000	0.0000	0.0000	0.0000	0.0000	0.0000	0.0000	0.0000	0.0000	0.0000	0.0000	0.0000	0.0000	0.0000	0.0439	0.0172	0.0267	0.0262	0.0125	0.0137	0.0177	0.0047	0.0130	0.0000	0.0000	0.0000	0.0000	0.0000	0.0000	0.0000	0.0000	0.0000	0.0000	0.0000	0.0000	0.0000	0.0000	0.0000	0.0000	0.0000	0.0000											
6	50	0.1284	2	2	0	2	0	0	0	0	0	Y	N	Y	N	N	N	N	N	N	N	N	N	0.0000	0.0000	0.0000	0.0000	0.0000	0.0000	0.0000	0.0000	0.0000	0.0000	0.0000	0.0000	0.0000	0.0000	0.0000	0.0000	0.0000	0.0000	0.0000	0.0000	0.0000	6.0000	1.0000	3.0006	0.0000	0.0000	0.0000	0.0000	0.0000	0.0000	0.0000	0.0000	0.0000	0.0000	0.0000	0.0000	0.0000	0.0000	0.0000	0.0000	0.0000	0.0000	0.0000	0.0000	0.0000	0.0000	0.0000	0.0000	0.0000	0.0000	0.0000	0.0406	0.0159	0.0247	0.0245	0.0117	0.0128	0.0161	0.0043	0.0118	0.0000	0.0000	0.0000	0.0000	0.0000	0.0000	0.0000	0.0000	0.0000	0.0000	0.0000	0.0000	0.0000	0.0000	0.0000	0.0000	0.0000	0.0000											
6	51	0.1662	3	2	1	1	0	0	0	0	0	Y	N	N	N	N	N	N	N	N	N	N	N	0.0000	0.0000	0.0000	0.0000	0.0000	0.0000	0.0000	0.0000	0.0000	0.0000	0.0000	0.0000	0.0000	0.0005	0.0012	0.0000	0.0008	0.0017	0.0000	0.0000	0.0000	0.0000	0.0000	0.0000	-0.0000	0.0000	1.0314	1.0000	3.0033	0.0000	0.0000	0.0000	0.0000	0.0000	0.0000	0.0000	0.0000	0.0000	0.0000	0.0000	0.0000	0.0000	0.0000	0.0000	0.0000	0.0000	0.0000	0.0000	0.0000	0.0000	0.0000	0.0000	0.0000	0.0000	0.0000	0.0000	0.0208	0.0081	0.0127	0.0129	0.0059	0.0070	0.0079	0.0022	0.0057	0.0000	0.0000	0.0000	0.0000	0.0000	0.0000	0.0000	0.0000	0.0000	0.0005	0.0012	0.0000	0.0008	0.0017	0.0000	0.0000	0.0000	0.0000						
6	52	0.1284	2	2	1	1	0	0	0	0	0	Y	N	N	N	N	N	N	N	N	N	N	N	0.0000	0.0000	0.0000	0.0000	0.0000	0.0000	0.0000	0.0000	0.0000	0.0000	0.0000	0.0000	0.0000	0.0004	0.0000	0.0007	0.0000	0.0000	0.0000	0.0019	0.0000	0.0014	inf	0.0000	0.0000	0.0000	4.9791	1.0000	0.0710	0.0000	0.0000	0.0000	0.0000	0.0000	0.0000	0.0000	0.0000	0.0000	0.0000	0.0000	0.0000	0.0000	0.0000	0.0000	0.0000	0.0000	0.0000	0.0000	0.0000	0.0000	0.0000	0.0000	0.0000	0.0000	0.0000	0.0000	0.0254	0.0100	0.0154	0.0159	0.0075	0.0084	0.0095	0.0025	0.0070	0.0000	0.0000	0.0000	0.0000	0.0000	0.0000	0.0000	0.0000	0.0000	0.0004	0.0000	0.0007	0.0000	0.0000	0.0000	0.0011	0.0000	0.0014						
6	53	0.1284	2	1	1	1	0	0	0	0	0	N	N	N	N	N	N	N	N	N	N	N	N	0.0000	0.0000	0.0000	0.0000	0.0000	0.0000	0.0000	0.0000	0.0000	0.0000	0.0000	0.0000	0.0000	0.0000	0.0000	0.0000	0.0000	0.0000	0.0000	0.0000	0.0000	6.0000	1.0000	4.0006	0.0000	0.0000	0.0000	0.0000	0.0000	0.0000	0.0000	0.0000	0.0000	0.0000	0.0000	0.0000	0.0000	0.0000	0.0000	0.0000	0.0000	0.0000	0.0000	0.0000	0.0000	0.0000	0.0000	0.0000	0.0000	0.0000	0.0000	0.0439	0.0172	0.0267	0.0262	0.0125	0.0137	0.0177	0.0047	0.0130	0.0000	0.0000	0.0000	0.0000	0.0000	0.0000	0.0000	0.0000	0.0000	0.0000	0.0000	0.0000	0.0000	0.0000	0.0000	0.0000	0.0000	0.0000											
6	54	0.1814	4	1	0	2	0	0	0	0	0	N	N	Y	N	N	N	N	N	N	N	N	N	0.0000	0.0000	0.0000	0.0000	0.0000	0.0000	0.0000	0.0000	0.0000	0.0000	0.0000	0.0000	0.0000	0.0000	0.0000	0.0000	0.0000	0.0000	0.0000	0.0000	0.0000	0.0147	1.0000	0.9910	0.0000	0.0000	0.0000	0.0000	0.0000	0.0000	0.0000	0.0000	0.0000	0.0000	0.0000	0.0000	0.0000	0.0000	0.0000	0.0000	0.0000	0.0000	0.0000	0.0000	0.0000	0.0000	0.0000	0.0000	0.0000	0.0000	0.0000	0.0057	0.0025	0.0032	0.0041	0.0021	0.0020	0.0016	0.0004	0.0012	0.0000	0.0000	0.0000	0.0000	0.0000	0.0000	0.0000	0.0000	0.0000	0.0000	0.0000	0.0000	0.0000	0.0000	0.0000	0.0000	0.0000	0.0000											
6	55	0.1704	3	1	0	1	0	0	0	0	0	N	N	N	N	N	N	N	N	N	N	N	N	0.0000	0.0000	0.0000	0.0000	0.0000	0.0000	0.0000	0.0000	0.0000	0.0000	0.0000	0.0000	0.0000	0.0000	0.0000	0.0000	0.0000	0.0000	0.0000	0.0000	0.0000	0.9556	1.0000	1.0192	0.0000	0.0000	0.0000	0.0000	0.0000	0.0000	0.0000	0.0000	0.0000	0.0000	0.0000	0.0000	0.0000	0.0000	0.0000	0.0000	0.0000	0.0000	0.0000	0.0000	0.0000	0.0000	0.0000	0.0000	0.0000	0.0000	0.0000	0.0108	0.0047	0.0061	0.0078	0.0040	0.0038	0.0030	0.0007	0.0023	0.0000	0.0000	0.0000	0.0000	0.0000	0.0000	0.0000	0.0000	0.0000	0.0000	0.0000	0.0000	0.0000	0.0000	0.0000	0.0000	0.0000	0.0000											
6	56	0.1284	2	1	0	1	0	0	0	0	0	N	N	N	N	N	N	N	N	N	N	N	N	0.0000	0.0000	0.0000	0.0000	0.0000	0.0000	0.0000	0.0000	0.0000	0.0000	0.0000	0.0000	0.0000	0.0000	0.0000	0.0000	0.0000	0.0000	0.0000	0.0000	0.0000	3.0309	1.0000	3.0097	0.0000	0.0000	0.0000	0.0000	0.0000	0.0000	0.0000	0.0000	0.0000	0.0000	0.0000	0.0000	0.0000	0.0000	0.0000	0.0000	0.0000	0.0000	0.0000	0.0000	0.0000	0.0000	0.0000	0.0000	0.0000	0.0000	0.0000	0.0295	0.0117	0.0179	0.0183	0.0087	0.0096	0.0112	0.0030	0.0083	0.0000	0.0000	0.0000	0.0000	0.0000	0.0000	0.0000	0.0000	0.0000	0.0000	0.0000	0.0000	0.0000	0.0000	0.0000	0.0000	0.0000	0.0000											
6	57	0.1284	2	1	0	1	0	0	0	0	0	N	N	N	N	N	N	N	N	N	N	N	N	0.0000	0.0000	0.0000	0.0000	0.0000	0.0000	0.0000	0.0000	0.0000	0.0000	0.0000	0.0000	0.0000	0.0000	0.0000	0.0000	0.0000	0.0000	0.0000	0.0000	0.0000	3.0000	1.0000	3.0006	0.0000	0.0000	0.0000	0.0000	0.0000	0.0000	0.0000	0.0000	0.0000	0.0000	0.0000	0.0000	0.0000	0.0000	0.0000	0.0000	0.0000	0.0000	0.0000	0.0000	0.0000	0.0000	0.0000	0.0000	0.0000	0.0000	0.0000	0.0294	0.0116	0.0178	0.0182	0.0087	0.0096	0.0111	0.0029	0.0082	0.0000	0.0000	0.0000	0.0000	0.0000	0.0000	0.0000	0.0000	0.0000	0.0000	0.0000	0.0000	0.0000	0.0000	0.0000	0.0000	0.0000	0.0000											
6	58	0.2739	4	1	0	1	0	0	0	0	0	N	N	N	N	N	N	N	N	N	N	N	N	0.0000	0.0000	0.0000	0.0000	0.0000	0.0000	0.0000	0.0000	0.0000	0.0000	0.0000	0.0000	0.0000	0.0000	0.0000	0.0000	0.0000	0.0000	0.0000	0.0000	0.0000	10.2575	1.0000	3.8960	0.0000	0.0000	0.0000	0.0000	0.0000	0.0000	0.0000	0.0000	0.0000	0.0000	0.0000	0.0000	0.0000	0.0000	0.0000	0.0000	0.0000	0.0000	0.0000	0.0000	0.0000	0.0000	0.0000	0.0000	0.0000	0.0000	0.0000	0.0671	0.0296	0.0374	0.0407	0.0233	0.0173	0.0264	0.0063	0.0201	0.0000	0.0000	0.0000	0.0000	0.0000	0.0000	0.0000	0.0000	0.0000	0.0000	0.0000	0.0000	0.0000	0.0000	0.0000	0.0000	0.0000	0.0000											
6	61	0.2108	3	2	0	2	0	0	0	0	0	Y	N	Y	N	N	N	N	N	N	N	N	N	0.0000	0.0000	0.0000	0.0000	0.0000	0.0000	0.0000	0.0000	0.0000	0.0000	0.0000	0.0000	0.0000	0.0000	0.0000	0.0000	0.0000	0.0000	0.0000	0.0000	0.0000	2.0000	1.0000	0.0000	0.0000	0.0000	0.0000	0.0000	0.0000	0.0000	0.0000	0.0000	0.0000	0.0000	0.0000	0.0000	0.0000	0.0000	0.0000	0.0000	0.0000	0.0000	0.0000	0.0000	0.0000	0.0000	0.0000	0.0000	0.0000	0.0000	0.0000	0.0141	0.0032	0.0109	0.0000	0.0000	0.0000	0.0141	0.0032	0.0109	0.0000	0.0000	0.0000	0.0000	0.0000	0.0000	0.0000	0.0000	0.0000	0.0000	0.0000	0.0000	0.0000	0.0000	0.0000	0.0000	0.0000	0.0000											
6	62	0.1284	2	2	0	2	0	0	0	0	0	Y	N	Y	N	N	N	N	N	N	N	N	N	0.0000	0.0000	0.0000	0.0000	0.0000	0.0000	0.0000	0.0000	0.0000	0.0000	0.0000	0.0000	0.0000	0.0000	0.0000	0.0000	0.0000	0.0000	0.0000	0.0000	0.0000	4.0000	1.0000	3.9994	0.0000	0.0000	0.0000	0.0000	0.0000	0.0000	0.0000	0.0000	0.0000	0.0000	0.0000	0.0000	0.0000	0.0000	0.0000	0.0000	0.0000	0.0000	0.0000	0.0000	0.0000	0.0000	0.0000	0.0000	0.0000	0.0000	0.0000	0.0371	0.0146	0.0225	0.0226	0.0107	0.0118	0.0145	0.0038	0.0107	0.0000	0.0000	0.0000	0.0000	0.0000	0.0000	0.0000	0.0000	0.0000	0.0000	0.0000	0.0000	0.0000	0.0000	0.0000	0.0000	0.0000	0.0000											
6	63	0.1284	2	1	1	1	0	0	0	0	0	N	N	N	N	N	N	N	N	N	N	N	N	0.0000	0.0000	0.0000	0.0000	0.0000	0.0000	0.0000	0.0000	0.0000	0.0000	0.0000	0.0000	0.0000	0.0000	0.0000	0.0000	0.0000	0.0000	0.0000	0.0000	0.0000	7.0000	1.0000	4.0000	0.0000	0.0000	0.0000	0.0000	0.0000	0.0000	0.0000	0.0000	0.0000	0.0000	0.0000	0.0000	0.0000	0.0000	0.0000	0.0000	0.0000	0.0000	0.0000	0.0000	0.0000	0.0000	0.0000	0.0000	0.0000	0.0000	0.0000	0.0471	0.0184	0.0286	0.0279	0.0133	0.0145	0.0192	0.0051	0.0141	0.0000	0.0000	0.0000	0.0000	0.0000	0.0000	0.0000	0.0000	0.0000	0.0000	0.0000	0.0000	0.0000	0.0000	0.0000	0.0000	0.0000	0.0000											
6	64	0.2350	5	1	0	2	0	0	0	0	0	N	N	Y	N	N	N	N	N	N	N	N	N	0.0000	0.0000	0.0000	0.0000	0.0000	0.0000	0.0000	0.0000	0.0000	0.0000	0.0000	0.0000	0.0000	0.0000	0.0000	0.0000	0.0000	0.0000	0.0000	0.0000	0.0000	0.0000	1.0000	0.0000	0.0000	0.0000	0.0000	0.0000	0.0000	0.0000	0.0000	0.0000	0.0000	0.0000	0.0000	0.0000	0.0000	0.0000	0.0000	0.0000	0.0000	0.0000	0.0000	0.0000	0.0000	0.0000	0.0000	0.0000	0.0000	0.0000	0.0000	0.0000	0.0000	0.0000	0.0000	0.0000	0.0000	0.0000	0.0000	0.0000	0.0000	0.0000	0.0000	0.0000	0.0000	0.0000	0.0000	0.0000	0.0000	0.0000	0.0000	0.0000	0.0000	0.0000	0.0000	0.0000	0.0000	0.0000											
6	65	0.2107	4	1	0	2	0	0	0	0	0	N	N	Y	N	N	N	N	N	N	N	N	N	0.0000	0.0000	0.0000	0.0000	0.0000	0.0000	0.0000	0.0000	0.0000	0.0000	0.0000	0.0000	0.0000	0.0000	0.0000	0.0000	0.0000	0.0000	0.0000	0.0000	0.0000	0.8734	1.0000	1.0002	0.0000	0.0000	0.0000	0.0000	0.0000	0.0000	0.0000	0.0000	0.0000	0.0000	0.0000	0.0000	0.0000	0.0000	0.0000	0.0000	0.0000	0.0000	0.0000	0.0000	0.0000	0.0000	0.0000	0.0000	0.0000	0.0000	0.0000	0.0133	0.0053	0.0080	0.0023	0.0023	0.0000	0.0110	0.0030	0.0080	0.0000	0.0000	0.0000	0.0000	0.0000	0.0000	0.0000	0.0000	0.0000	0.0000	0.0000	0.0000	0.0000	0.0000	0.0000	0.0000	0.0000	0.0000											
6	66	0.1962	3	1	0	1	0	0	0	0	0	N	N	N	N	N	N	N	N	N	N	N	N	0.0000	0.0000	0.0000	0.0000	0.0000	0.0000	0.0000	0.0000	0.0000	0.0000	0.0000	0.0000	0.0000	0.0010	0.0023	0.0000	0.0042	0.0043	0.0000	0.0000	0.0000	0.0000	0.0000	0.0000	-0.0000	0.0000	1.0063	1.0000	0.0727	0.0000	0.0000	0.0000	0.0000	0.0000	0.0000	0.0000	0.0000	0.0000	0.0000	0.0000	0.0000	0.0000	0.0000	0.0000	0.0000	0.0000	0.0000	0.0000	0.0000	0.0000	0.0000	0.0000	0.0000	0.0000	0.0000	0.0000	0.0098	0.0043	0.0056	0.0024	0.0023	0.0000	0.0075	0.0019	0.0055	0.0000	0.0000	0.0000	0.0000	0.0000	0.0000	0.0000	0.0000	0.0000	0.0010	0.0023	0.0000	0.0042	0.0043	0.0000	0.0000	0.0000	0.0000						
6	67	0.1284	2	1	0	1	0	0	0	0	0	N	N	N	N	N	N	N	N	N	N	N	N	0.0000	0.0000	0.0000	0.0000	0.0000	0.0000	0.0000	0.0000	0.0000	0.0000	0.0000	0.0000	0.0000	0.0004	0.0000	0.0006	0.0000	0.0000	0.0000	0.0017	0.0000	0.0014	inf	0.0000	0.0000	0.0000	4.0009	1.0000	1.0789	0.0000	0.0000	0.0000	0.0000	0.0000	0.0000	0.0000	0.0000	0.0000	0.0000	0.0000	0.0000	0.0000	0.0000	0.0000	0.0000	0.0000	0.0000	0.0000	0.0000	0.0000	0.0000	0.0000	0.0000	0.0000	0.0000	0.0000	0.0255	0.0101	0.0154	0.0160	0.0076	0.0084	0.0095	0.0025	0.0070	0.0000	0.0000	0.0000	0.0000	0.0000	0.0000	0.0000	0.0000	0.0000	0.0004	0.0000	0.0006	0.0000	0.0000	0.0000	0.0010	0.0000	0.0014						
6	68	0.1284	2	1	1	1	0	0	0	0	0	N	N	N	N	N	N	N	N	N	N	N	N	0.0000	0.0000	0.0000	0.0000	0.0000	0.0000	0.0000	0.0000	0.0000	0.0000	0.0000	0.0000	0.0000	0.0000	0.0000	0.0000	0.0000	0.0000	0.0000	0.0000	0.0000	5.0000	1.0000	3.9994	0.0000	0.0000	0.0000	0.0000	0.0000	0.0000	0.0000	0.0000	0.0000	0.0000	0.0000	0.0000	0.0000	0.0000	0.0000	0.0000	0.0000	0.0000	0.0000	0.0000	0.0000	0.0000	0.0000	0.0000	0.0000	0.0000	0.0000	0.0406	0.0159	0.0246	0.0245	0.0117	0.0128	0.0161	0.0043	0.0118	0.0000	0.0000	0.0000	0.0000	0.0000	0.0000	0.0000	0.0000	0.0000	0.0000	0.0000	0.0000	0.0000	0.0000	0.0000	0.0000	0.0000	0.0000											
6	69	0.1284	2	2	0	2	0	0	0	0	0	Y	N	Y	N	N	N	N	N	N	N	N	N	0.0000	0.0000	0.0000	0.0000	0.0000	0.0000	0.0000	0.0000	0.0000	0.0000	0.0000	0.0000	0.0000	0.0000	0.0000	0.0000	0.0000	0.0000	0.0000	0.0000	0.0000	7.0000	1.0000	2.9994	0.0000	0.0000	0.0000	0.0000	0.0000	0.0000	0.0000	0.0000	0.0000	0.0000	0.0000	0.0000	0.0000	0.0000	0.0000	0.0000	0.0000	0.0000	0.0000	0.0000	0.0000	0.0000	0.0000	0.0000	0.0000	0.0000	0.0000	0.0439	0.0172	0.0267	0.0262	0.0125	0.0137	0.0177	0.0047	0.0130	0.0000	0.0000	0.0000	0.0000	0.0000	0.0000	0.0000	0.0000	0.0000	0.0000	0.0000	0.0000	0.0000	0.0000	0.0000	0.0000	0.0000	0.0000											
6	70	0.1284	2	1	1	1	1	0	0	0	0	N	N	N	N	N	N	N	N	N	N	N	N	0.0000	0.0000	0.0000	0.0000	0.0000	0.0000	0.0000	0.0000	0.0000	0.0000	0.0000	0.0000	0.0000	0.0000	0.0000	0.0000	0.0000	0.0000	0.0000	0.0000	0.0000	4.0000	1.0000	5.0006	0.0000	0.0000	0.0000	0.0000	0.0000	0.0000	0.0000	0.0000	0.0000	0.0000	0.0000	0.0000	0.0000	0.0000	0.0000	0.0000	0.0000	0.0000	0.0000	0.0000	0.0000	0.0000	0.0000	0.0000	0.0000	0.0000	0.0000	0.0406	0.0159	0.0247	0.0245	0.0117	0.0128	0.0161	0.0043	0.0118	0.0000	0.0000	0.0000	0.0000	0.0000	0.0000	0.0000	0.0000	0.0000	0.0000	0.0000	0.0000	0.0000	0.0000	0.0000	0.0000	0.0000	0.0000											
6	71	0.1284	2	1	1	1	0	0	0	0	0	N	N	N	N	N	N	N	N	N	N	N	N	0.0000	0.0000	0.0000	0.0000	0.0000	0.0000	0.0000	0.0000	0.0000	0.0000	0.0000	0.0000	0.0000	0.0000	0.0000	0.0000	0.0000	0.0000	0.0000	0.0000	0.0000	7.0000	1.0000	4.9994	0.0000	0.0000	0.0000	0.0000	0.0000	0.0000	0.0000	0.0000	0.0000	0.0000	0.0000	0.0000	0.0000	0.0000	0.0000	0.0000	0.0000	0.0000	0.0000	0.0000	0.0000	0.0000	0.0000	0.0000	0.0000	0.0000	0.0000	0.0501	0.0196	0.0305	0.0293	0.0141	0.0153	0.0207	0.0055	0.0152	0.0000	0.0000	0.0000	0.0000	0.0000	0.0000	0.0000	0.0000	0.0000	0.0000	0.0000	0.0000	0.0000	0.0000	0.0000	0.0000	0.0000	0.0000											
6	72	0.1849	3	1	1	1	0	0	0	0	0	N	N	N	N	N	N	N	N	N	N	N	N	0.0000	0.0000	0.0000	0.0000	0.0000	0.0000	0.0000	0.0000	0.0000	0.0000	0.0000	0.0000	0.0000	0.0000	0.0000	0.0000	0.0000	0.0000	0.0000	0.0000	0.0000	4.7764	1.0000	1.3205	0.0000	0.0000	0.0000	0.0000	0.0000	0.0000	0.0000	0.0000	0.0000	0.0000	0.0000	0.0000	0.0000	0.0000	0.0000	0.0000	0.0000	0.0000	0.0000	0.0000	0.0000	0.0000	0.0000	0.0000	0.0000	0.0000	0.0000	0.0336	0.0085	0.0251	0.0154	0.0056	0.0098	0.0182	0.0030	0.0152	0.0000	0.0000	0.0000	0.0000	0.0000	0.0000	0.0000	0.0000	0.0000	0.0000	0.0000	0.0000	0.0000	0.0000	0.0000	0.0000	0.0000	0.0000											
6	73	0.1284	2	1	1	1	0	0	0	0	0	N	N	N	N	N	N	N	N	N	N	N	N	0.0000	0.0000	0.0000	0.0000	0.0000	0.0000	0.0000	0.0000	0.0000	0.0000	0.0000	0.0000	0.0000	0.0139	0.0000	0.0229	0.0000	0.0000	0.0000	0.0365	0.0000	0.0495	inf	0.0000	0.0001	0.0000	3.3049	1.0000	2.7470	0.0000	0.0000	0.0000	0.0000	0.0000	0.0000	0.0000	0.0000	0.0000	0.0004	0.0000	0.0004	0.0000	0.0000	0.0000	0.0004	0.0000	0.0004	0.0000	0.0000	0.0000	0.0000	0.0000	0.0000	0.0000	0.0000	0.0000	0.0296	0.0117	0.0179	0.0184	0.0087	0.0096	0.0112	0.0030	0.0083	0.0000	0.0000	0.0000	0.0000	0.0000	0.0000	0.0000	0.0000	0.0000	0.0139	0.0000	0.0229	0.0000	0.0000	0.0000	0.0365	0.0000	0.0495						
6	74	0.1871	3	1	1	1	0	0	0	0	0	N	N	N	N	N	N	N	N	N	N	N	N	0.0000	0.0000	0.0000	0.0000	0.0000	0.0000	0.0000	0.0000	0.0000	0.0000	0.0000	0.0000	0.0000	0.0000	0.0000	0.0000	0.0000	0.0000	0.0000	0.0000	0.0000	0.0000	1.0000	0.0000	0.0000	0.0000	0.0000	0.0000	0.0000	0.0000	0.0000	0.0000	0.0000	0.0000	0.0000	0.0000	0.0000	0.0000	0.0000	0.0000	0.0000	0.0000	0.0000	0.0000	0.0000	0.0000	0.0000	0.0000	0.0000	0.0000	0.0000	0.0000	0.0000	0.0000	0.0000	0.0000	0.0000	0.0000	0.0000	0.0000	0.0000	0.0000	0.0000	0.0000	0.0000	0.0000	0.0000	0.0000	0.0000	0.0000	0.0000	0.0000	0.0000	0.0000	0.0000	0.0000	0.0000	0.0000											
6	75	0.1284	2	1	1	1	0	0	0	0	0	N	N	N	N	N	N	N	N	N	N	N	N	0.0000	0.0000	0.0000	0.0000	0.0000	0.0000	0.0000	0.0000	0.0000	0.0000	0.0000	0.0000	0.0000	10.7048	0.0000	59.4272	0.0000	0.0000	0.0000	27.9013	0.0000	106.6062	inf	0.0000	0.1133	0.0000	4.3567	1.0000	2.3689	0.0000	0.0000	0.0000	0.0000	0.0000	0.0000	0.0000	0.0000	0.0000	0.3454	0.0000	0.3454	0.0000	0.0000	0.0000	0.3454	0.0000	0.3454	0.0000	0.0000	0.0000	0.0000	0.0000	0.0000	0.0000	0.0000	0.0000	0.0323	0.0127	0.0196	0.0199	0.0095	0.0104	0.0124	0.0033	0.0091	0.0000	0.0000	0.0000	0.0000	0.0000	0.0000	0.0000	0.0000	0.0000	10.7048	0.0000	17.6680	0.0000	0.0000	0.0000	27.9013	0.0000	37.8971						
6	76	0.1958	5	2	1	1	1	0	0	0	0	Y	N	N	N	N	N	N	N	N	N	N	N	0.0000	0.0000	0.0000	0.0000	0.0000	0.0000	0.0000	0.0000	0.0000	0.0000	0.0000	0.0000	0.0000	0.0000	0.0000	0.0000	0.0000	0.0000	0.0000	0.0000	0.0000	0.0000	1.0000	0.0000	0.0000	0.0000	0.0000	0.0000	0.0000	0.0000	0.0000	0.0000	0.0000	0.0000	0.0000	0.0000	0.0000	0.0000	0.0000	0.0000	0.0000	0.0000	0.0000	0.0000	0.0000	0.0000	0.0000	0.0000	0.0000	0.0000	0.0000	0.0000	0.0000	0.0000	0.0000	0.0000	0.0000	0.0000	0.0000	0.0000	0.0000	0.0000	0.0000	0.0000	0.0000	0.0000	0.0000	0.0000	0.0000	0.0000	0.0000	0.0000	0.0000	0.0000	0.0000	0.0000	0.0000	0.0000											
6	77	0.1874	4	2	1	1	1	0	0	0	0	Y	N	N	N	N	N	N	N	N	N	N	N	0.0000	0.0000	0.0000	0.0000	0.0000	0.0000	0.0000	0.0000	0.0000	0.0000	0.0000	0.0000	0.0000	0.0000	0.0000	0.0000	0.0000	0.0000	0.0000	0.0000	0.0000	1.0073	1.0000	0.3366	0.0000	0.0000	0.0000	0.0000	0.0000	0.0000	0.0000	0.0000	0.0000	0.0000	0.0000	0.0000	0.0000	0.0000	0.0000	0.0000	0.0000	0.0000	0.0000	0.0000	0.0000	0.0000	0.0000	0.0000	0.0000	0.0000	0.0000	0.0043	0.0021	0.0022	0.0016	0.0016	0.0000	0.0027	0.0006	0.0022	0.0000	0.0000	0.0000	0.0000	0.0000	0.0000	0.0000	0.0000	0.0000	0.0000	0.0000	0.0000	0.0000	0.0000	0.0000	0.0000	0.0000	0.0000											
6	78	0.2132	4	1	1	1	1	0	0	0	0	N	N	N	N	N	N	N	N	N	N	N	N	0.0000	0.0000	0.0000	0.0000	0.0000	0.0000	0.0000	0.0000	0.0000	0.0000	0.0000	0.0000	0.0000	0.0000	0.0000	0.0000	0.0000	0.0000	0.0000	0.0000	0.0000	0.0000	1.0000	0.0000	0.0000	0.0000	0.0000	0.0000	0.0000	0.0000	0.0000	0.0000	0.0000	0.0000	0.0000	0.0000	0.0000	0.0000	0.0000	0.0000	0.0000	0.0000	0.0000	0.0000	0.0000	0.0000	0.0000	0.0000	0.0000	0.0000	0.0000	0.0000	0.0000	0.0000	0.0000	0.0000	0.0000	0.0000	0.0000	0.0000	0.0000	0.0000	0.0000	0.0000	0.0000	0.0000	0.0000	0.0000	0.0000	0.0000	0.0000	0.0000	0.0000	0.0000	0.0000	0.0000	0.0000	0.0000											
6	79	0.2050	3	1	1	1	1	0	0	0	0	N	N	N	N	N	N	N	N	N	N	N	N	0.0000	0.0000	0.0000	0.0000	0.0000	0.0000	0.0000	0.0000	0.0000	0.0000	0.0000	0.0000	0.0000	0.0000	0.0000	0.0000	0.0000	0.0000	0.0000	0.0000	0.0000	0.0000	1.0000	1.0000	0.0000	0.0000	0.0000	0.0000	0.0000	0.0000	0.0000	0.0000	0.0000	0.0000	0.0000	0.0000	0.0000	0.0000	0.0000	0.0000	0.0000	0.0000	0.0000	0.0000	0.0000	0.0000	0.0000	0.0000	0.0000	0.0000	0.0000	0.0070	0.0025	0.0045	0.0010	0.0009	0.0000	0.0060	0.0015	0.0044	0.0000	0.0000	0.0000	0.0000	0.0000	0.0000	0.0000	0.0000	0.0000	0.0000	0.0000	0.0000	0.0000	0.0000	0.0000	0.0000	0.0000	0.0000											
6	80	0.1874	4	1	1	1	0	0	0	0	0	N	N	N	N	N	N	N	N	N	N	N	N	0.0000	0.0000	0.0000	0.0000	0.0000	0.0000	0.0000	0.0000	0.0000	0.0000	0.0000	0.0000	0.0000	0.0000	0.0000	0.0000	0.0000	0.0000	0.0000	0.0000	0.0000	3.9927	1.0000	1.0002	0.0000	0.0000	0.0000	0.0000	0.0000	0.0000	0.0000	0.0000	0.0000	0.0000	0.0000	0.0000	0.0000	0.0000	0.0000	0.0000	0.0000	0.0000	0.0000	0.0000	0.0000	0.0000	0.0000	0.0000	0.0000	0.0000	0.0000	0.0134	0.0064	0.0070	0.0045	0.0044	0.0001	0.0089	0.0020	0.0069	0.0000	0.0000	0.0000	0.0000	0.0000	0.0000	0.0000	0.0000	0.0000	0.0000	0.0000	0.0000	0.0000	0.0000	0.0000	0.0000	0.0000	0.0000											
6	81	0.1828	3	1	1	1	0	0	0	0	0	N	N	N	N	N	N	N	N	N	N	N	N	0.0000	0.0000	0.0000	0.0000	0.0000	0.0000	0.0000	0.0000	0.0000	0.0000	0.0000	0.0000	0.0000	0.0000	0.0000	0.0000	0.0000	0.0000	0.0000	0.0000	0.0000	0.0110	1.0000	0.6549	0.0000	0.0000	0.0000	0.0000	0.0000	0.0000	0.0000	0.0000	0.0000	0.0000	0.0000	0.0000	0.0000	0.0000	0.0000	0.0000	0.0000	0.0000	0.0000	0.0000	0.0000	0.0000	0.0000	0.0000	0.0000	0.0000	0.0000	0.0018	0.0009	0.0009	0.0006	0.0006	0.0000	0.0012	0.0003	0.0009	0.0000	0.0000	0.0000	0.0000	0.0000	0.0000	0.0000	0.0000	0.0000	0.0000	0.0000	0.0000	0.0000	0.0000	0.0000	0.0000	0.0000	0.0000											
6	82	0.2050	3	1	0	2	1	0	0	0	0	N	N	Y	N	N	N	N	N	N	N	N	N	0.0000	0.0000	0.0000	0.0000	0.0000	0.0000	0.0000	0.0000	0.0000	0.0000	0.0000	0.0000	0.0000	0.0000	0.0000	0.0000	0.0000	0.0000	0.0000	0.0000	0.0000	1.0000	1.0000	0.0000	0.0000	0.0000	0.0000	0.0000	0.0000	0.0000	0.0000	0.0000	0.0000	0.0000	0.0000	0.0000	0.0000	0.0000	0.0000	0.0000	0.0000	0.0000	0.0000	0.0000	0.0000	0.0000	0.0000	0.0000	0.0000	0.0000	0.0000	0.0070	0.0025	0.0045	0.0010	0.0009	0.0000	0.0060	0.0015	0.0044	0.0000	0.0000	0.0000	0.0000	0.0000	0.0000	0.0000	0.0000	0.0000	0.0000	0.0000	0.0000	0.0000	0.0000	0.0000	0.0000	0.0000	0.0000											
6	83	0.2050	3	1	0	2	1	0	0	0	0	N	N	Y	N	N	N	N	N	N	N	N	N	0.0000	0.0000	0.0000	0.0000	0.0000	0.0000	0.0000	0.0000	0.0000	0.0000	0.0000	0.0000	0.0000	0.0000	0.0000	0.0000	0.0000	0.0000	0.0000	0.0000	0.0000	0.0000	1.0000	0.0000	0.0000	0.0000	0.0000	0.0000	0.0000	0.0000	0.0000	0.0000	0.0000	0.0000	0.0000	0.0000	0.0000	0.0000	0.0000	0.0000	0.0000	0.0000	0.0000	0.0000	0.0000	0.0000	0.0000	0.0000	0.0000	0.0000	0.0000	0.0000	0.0000	0.0000	0.0000	0.0000	0.0000	0.0000	0.0000	0.0000	0.0000	0.0000	0.0000	0.0000	0.0000	0.0000	0.0000	0.0000	0.0000	0.0000	0.0000	0.0000	0.0000	0.0000	0.0000	0.0000	0.0000	0.0000											
6	84	0.1284	2	1	0	1	1	0	0	0	0	N	N	N	N	N	N	N	N	N	N	N	N	0.0000	0.0000	0.0000	0.0000	0.0000	0.0000	0.0000	0.0000	0.0000	0.0000	0.0000	0.0000	0.0000	0.0000	0.0000	0.0000	0.0000	0.0000	0.0000	0.0000	0.0000	3.0000	1.0000	5.9994	0.0000	0.0000	0.0000	0.0000	0.0000	0.0000	0.0000	0.0000	0.0000	0.0000	0.0000	0.0000	0.0000	0.0000	0.0000	0.0000	0.0000	0.0000	0.0000	0.0000	0.0000	0.0000	0.0000	0.0000	0.0000	0.0000	0.0000	0.0406	0.0159	0.0246	0.0245	0.0117	0.0128	0.0161	0.0043	0.0118	0.0000	0.0000	0.0000	0.0000	0.0000	0.0000	0.0000	0.0000	0.0000	0.0000	0.0000	0.0000	0.0000	0.0000	0.0000	0.0000	0.0000	0.0000											
6	85	0.2659	3	2	1	1	0	0	0	0	0	Y	N	N	N	N	N	N	N	N	N	N	N	0.0000	0.0000	0.0000	0.0000	0.0000	0.0000	0.0000	0.0000	0.0000	0.0000	0.0000	0.0000	0.0000	0.0000	0.0000	0.0000	0.0000	0.0000	0.0000	0.0000	0.0000	0.0000	1.0000	0.0000	0.0000	0.0000	0.0000	0.0000	0.0000	0.0000	0.0000	0.0000	0.0000	0.0000	0.0000	0.0000	0.0000	0.0000	0.0000	0.0000	0.0000	0.0000	0.0000	0.0000	0.0000	0.0000	0.0000	0.0000	0.0000	0.0000	0.0000	0.0000	0.0000	0.0000	0.0000	0.0000	0.0000	0.0000	0.0000	0.0000	0.0000	0.0000	0.0000	0.0000	0.0000	0.0000	0.0000	0.0000	0.0000	0.0000	0.0000	0.0000	0.0000	0.0000	0.0000	0.0000	0.0000	0.0000											
6	86	0.1284	2	2	1	1	0	0	0	0	0	Y	N	N	N	N	N	N	N	N	N	N	N	0.0000	0.0000	0.0000	0.0000	0.0000	0.0000	0.0000	0.0000	0.0000	0.0000	0.0000	0.0000	0.0000	0.0000	0.0000	0.0000	0.0000	0.0000	0.0000	0.0000	0.0000	5.0000	1.0000	7.0006	0.0000	0.0000	0.0000	0.0000	0.0000	0.0000	0.0000	0.0000	0.0000	0.0000	0.0000	0.0000	0.0000	0.0000	0.0000	0.0000	0.0000	0.0000	0.0000	0.0000	0.0000	0.0000	0.0000	0.0000	0.0000	0.0000	0.0000	0.0501	0.0196	0.0305	0.0293	0.0141	0.0153	0.0207	0.0055	0.0152	0.0000	0.0000	0.0000	0.0000	0.0000	0.0000	0.0000	0.0000	0.0000	0.0000	0.0000	0.0000	0.0000	0.0000	0.0000	0.0000	0.0000	0.0000											
6	87	0.1284	2	1	1	1	0	0	0	0	0	N	N	N	N	N	N	N	N	N	N	N	N	0.0000	0.0000	0.0000	0.0000	0.0000	0.0000	0.0000	0.0000	0.0000	0.0000	0.0000	0.0000	0.0000	0.0000	0.0000	0.0000	0.0000	0.0000	0.0000	0.0000	0.0000	1.0000	1.0000	3.0006	0.0000	0.0000	0.0000	0.0000	0.0000	0.0000	0.0000	0.0000	0.0000	0.0000	0.0000	0.0000	0.0000	0.0000	0.0000	0.0000	0.0000	0.0000	0.0000	0.0000	0.0000	0.0000	0.0000	0.0000	0.0000	0.0000	0.0000	0.0207	0.0082	0.0125	0.0131	0.0062	0.0069	0.0076	0.0020	0.0056	0.0000	0.0000	0.0000	0.0000	0.0000	0.0000	0.0000	0.0000	0.0000	0.0000	0.0000	0.0000	0.0000	0.0000	0.0000	0.0000	0.0000	0.0000											
6	88	0.1828	3	2	1	1	0	0	0	0	0	Y	N	N	N	N	N	N	N	N	N	N	N	0.0000	0.0000	0.0000	0.0000	0.0000	0.0000	0.0000	0.0000	0.0000	0.0000	0.0000	0.0000	0.0000	0.0000	0.0000	0.0000	0.0000	0.0000	0.0000	0.0000	0.0000	0.0000	1.0000	0.0000	0.0000	0.0000	0.0000	0.0000	0.0000	0.0000	0.0000	0.0000	0.0000	0.0000	0.0000	0.0000	0.0000	0.0000	0.0000	0.0000	0.0000	0.0000	0.0000	0.0000	0.0000	0.0000	0.0000	0.0000	0.0000	0.0000	0.0000	0.0000	0.0000	0.0000	0.0000	0.0000	0.0000	0.0000	0.0000	0.0000	0.0000	0.0000	0.0000	0.0000	0.0000	0.0000	0.0000	0.0000	0.0000	0.0000	0.0000	0.0000	0.0000	0.0000	0.0000	0.0000	0.0000	0.0000											
6	89	0.1284	2	1	1	1	0	0	0	0	0	N	N	N	N	N	N	N	N	N	N	N	N	0.0000	0.0000	0.0000	0.0000	0.0000	0.0000	0.0000	0.0000	0.0000	0.0000	0.0000	0.0000	0.0000	0.0000	0.0000	0.0000	0.0000	0.0000	0.0000	0.0000	0.0000	4.0000	1.0000	4.0001	0.0000	0.0000	0.0000	0.0000	0.0000	0.0000	0.0000	0.0000	0.0000	0.0000	0.0000	0.0000	0.0000	0.0000	0.0000	0.0000	0.0000	0.0000	0.0000	0.0000	0.0000	0.0000	0.0000	0.0000	0.0000	0.0000	0.0000	0.0371	0.0146	0.0225	0.0226	0.0108	0.0118	0.0145	0.0038	0.0107	0.0000	0.0000	0.0000	0.0000	0.0000	0.0000	0.0000	0.0000	0.0000	0.0000	0.0000	0.0000	0.0000	0.0000	0.0000	0.0000	0.0000	0.0000											
6	91	0.2739	4	1	0	1	0	0	0	0	0	N	N	N	N	N	N	N	N	N	N	N	N	0.0000	0.0000	0.0000	0.0000	0.0000	0.0000	0.0000	0.0000	0.0000	0.0000	0.0000	0.0000	0.0000	4.3121	0.0000	21.2864	0.0000	0.0000	0.0000	7.8353	0.0000	44.9975	inf	0.0000	0.0736	0.0000	11.5137	1.0000	4.9035	0.0000	0.0000	0.0000	0.0000	0.0000	0.0000	0.0000	0.0000	0.0000	0.2246	0.0000	0.2246	0.0000	0.0000	0.0000	0.2246	0.0000	0.2246	0.0000	0.0000	0.0000	0.0000	0.0000	0.0000	0.0000	0.0000	0.0000	0.0709	0.0310	0.0399	0.0419	0.0239	0.0180	0.0290	0.0071	0.0219	0.0000	0.0000	0.0000	0.0000	0.0000	0.0000	0.0000	0.0000	0.0000	3.1660	0.0000	5.6230	0.0000	0.0000	0.0000	7.7426	0.0000	10.2344						
7	8	0.1102	4	1	1	1	0	0	0	0	0	N	N	N	N	N	N	N	N	N	N	N	N	0.0000	0.0000	0.0000	0.0000	0.0000	0.0000	0.0000	0.0000	0.0000	0.0000	0.0000	0.0000	0.0000	0.0000	0.0000	0.0000	0.0000	0.0000	0.0000	0.0000	0.1278	6.0000	0.0006	3.0006	0.0000	0.0000	0.0000	0.0000	0.0000	0.0000	0.0000	0.0000	0.0000	0.0000	0.0000	0.0000	0.0000	0.0000	0.0000	0.0000	0.0000	0.0000	0.0305	0.0264	0.0041	0.0104	0.0098	0.0006	0.0201	0.0166	0.0035	0.0090	0.0017	0.0073	0.0023	0.0006	0.0017	0.0067	0.0011	0.0056	0.0000	0.0000	0.0000	0.0000	0.0000	0.0000	0.0000	0.0000	0.0000	0.0000	0.0000	0.0000	0.0000	0.0000	0.0000	0.0000	0.0000	0.0000											
7	9	0.1859	5	0	0	2	1	0	0	0	0	N	N	Y	N	N	N	N	N	N	N	N	N	0.0000	0.0000	0.0000	0.0000	0.0000	0.0000	0.0000	0.0000	0.0000	0.0000	0.0000	0.0000	0.0000	0.0000	0.0000	0.0000	0.0000	0.0000	0.0000	0.0000	0.1278	1.0190	0.0006	2.2112	0.0000	0.0000	0.0000	0.0000	0.0000	0.0000	0.0000	0.0000	0.0000	0.0000	0.0000	0.0000	0.0000	0.0000	0.0000	0.0000	0.0000	0.0000	0.0058	0.0054	0.0005	0.0037	0.0035	0.0002	0.0021	0.0019	0.0003	0.0050	0.0022	0.0027	0.0013	0.0013	0.0001	0.0036	0.0009	0.0027	0.0000	0.0000	0.0000	0.0000	0.0000	0.0000	0.0000	0.0000	0.0000	0.0000	0.0000	0.0000	0.0000	0.0000	0.0000	0.0000	0.0000	0.0000											
7	10	0.1868	5	0	0	1	1	0	0	0	0	N	N	N	N	N	N	N	N	N	N	N	N	0.0000	0.0000	0.0000	0.0000	0.0000	0.0000	0.0000	0.0000	0.0000	0.0000	0.0000	0.0000	0.0000	0.0000	0.0000	0.0000	0.0000	0.0000	0.0000	0.0000	0.1278	0.0000	0.0006	1.0000	0.0000	0.0000	0.0000	0.0000	0.0000	0.0000	0.0000	0.0000	0.0000	0.0000	0.0000	0.0000	0.0000	0.0000	0.0000	0.0000	0.0000	0.0000	0.0000	0.0000	0.0000	0.0000	0.0000	0.0000	0.0000	0.0000	0.0000	0.0012	0.0004	0.0008	0.0001	0.0001	0.0000	0.0011	0.0003	0.0008	0.0000	0.0000	0.0000	0.0000	0.0000	0.0000	0.0000	0.0000	0.0000	0.0000	0.0000	0.0000	0.0000	0.0000	0.0000	0.0000	0.0000	0.0000											
7	11	0.1669	6	0	1	1	1	0	0	0	0	N	N	N	N	N	N	N	N	N	N	N	N	0.0000	0.0000	0.0000	0.0000	0.0000	0.0000	0.0000	0.0000	0.0000	0.0000	0.0000	0.0000	0.0000	0.0000	0.0000	0.0000	0.0000	0.0000	0.0000	0.0000	0.1278	1.0886	0.0006	0.0502	0.0000	0.0000	0.0000	0.0000	0.0000	0.0000	0.0000	0.0000	0.0000	0.0000	0.0000	0.0000	0.0000	0.0000	0.0000	0.0000	0.0000	0.0000	0.0063	0.0055	0.0008	0.0026	0.0023	0.0002	0.0037	0.0031	0.0006	0.0020	0.0005	0.0014	0.0002	0.0002	0.0000	0.0017	0.0003	0.0014	0.0000	0.0000	0.0000	0.0000	0.0000	0.0000	0.0000	0.0000	0.0000	0.0000	0.0000	0.0000	0.0000	0.0000	0.0000	0.0000	0.0000	0.0000											
7	12	0.1102	4	0	1	1	0	0	0	0	0	N	N	N	N	N	N	N	N	N	N	N	N	0.0000	0.0000	0.0000	0.0000	0.0000	0.0000	0.0000	0.0000	0.0000	0.0000	0.0000	0.0000	0.0000	0.0000	0.0000	0.0000	0.0000	0.0000	0.0000	0.0000	0.1278	6.0000	0.0006	3.0006	0.0000	0.0000	0.0000	0.0000	0.0000	0.0000	0.0000	0.0000	0.0000	0.0000	0.0000	0.0000	0.0000	0.0000	0.0000	0.0000	0.0000	0.0000	0.0305	0.0264	0.0041	0.0104	0.0098	0.0006	0.0201	0.0166	0.0035	0.0090	0.0017	0.0073	0.0023	0.0006	0.0017	0.0067	0.0011	0.0056	0.0000	0.0000	0.0000	0.0000	0.0000	0.0000	0.0000	0.0000	0.0000	0.0000	0.0000	0.0000	0.0000	0.0000	0.0000	0.0000	0.0000	0.0000											
7	13	0.1950	6	0	1	1	1	0	0	0	0	N	N	N	N	N	N	N	N	N	N	N	N	0.0000	0.0000	0.0000	0.0000	0.0000	0.0000	0.0000	0.0000	0.0000	0.0000	0.0000	0.0000	0.0000	0.0000	0.0000	0.0000	0.0000	0.0000	0.0000	0.0000	0.1278	0.0000	0.0006	0.0000	0.0000	0.0000	0.0000	0.0000	0.0000	0.0000	0.0000	0.0000	0.0000	0.0000	0.0000	0.0000	0.0000	0.0000	0.0000	0.0000	0.0000	0.0000	0.0000	0.0000	0.0000	0.0000	0.0000	0.0000	0.0000	0.0000	0.0000	0.0000	0.0000	0.0000	0.0000	0.0000	0.0000	0.0000	0.0000	0.0000	0.0000	0.0000	0.0000	0.0000	0.0000	0.0000	0.0000	0.0000	0.0000	0.0000	0.0000	0.0000	0.0000	0.0000	0.0000	0.0000	0.0000	0.0000											
7	14	0.1480	5	1	1	1	0	0	0	0	0	N	N	N	N	N	N	N	N	N	N	N	N	inf	inf	inf	inf	inf	inf	0.0238	0.0271	0.0000	0.0530	0.0550	0.0000	0.0000	0.0000	0.0000	0.0000	0.0000	0.0000	0.0000	0.0000	0.0000	0.0000	0.0000	0.0000	0.0000	-0.0002	0.0000	0.1278	3.0234	0.0006	1.0170	0.0004	0.0004	0.0000	0.0004	0.0004	0.0000	0.0000	0.0000	0.0000	0.0000	0.0000	0.0000	0.0000	0.0000	0.0000	0.0000	0.0000	0.0000	0.0180	0.0158	0.0022	0.0081	0.0078	0.0003	0.0099	0.0080	0.0019	0.0041	0.0009	0.0031	0.0013	0.0004	0.0009	0.0028	0.0006	0.0022	inf	inf	0.0000	inf	inf	0.0000	inf	inf	0.0000	0.0000	0.0000	0.0000	0.0000	0.0000	0.0000	0.0000	0.0000	0.0000				
7	15	0.1102	4	0	1	1	0	0	0	0	0	N	N	N	N	N	N	N	N	N	N	N	N	0.0000	0.0000	0.0000	0.0000	0.0000	0.0000	0.0000	0.0000	0.0000	0.0000	0.0000	0.0000	0.0000	0.0000	0.0000	0.0000	0.0000	0.0000	0.0000	0.0000	0.1278	4.0000	0.0006	3.0006	0.0000	0.0000	0.0000	0.0000	0.0000	0.0000	0.0000	0.0000	0.0000	0.0000	0.0000	0.0000	0.0000	0.0000	0.0000	0.0000	0.0000	0.0000	0.0211	0.0182	0.0030	0.0070	0.0066	0.0004	0.0141	0.0116	0.0026	0.0075	0.0014	0.0061	0.0020	0.0005	0.0014	0.0055	0.0009	0.0046	0.0000	0.0000	0.0000	0.0000	0.0000	0.0000	0.0000	0.0000	0.0000	0.0000	0.0000	0.0000	0.0000	0.0000	0.0000	0.0000	0.0000	0.0000											
7	16	0.1669	6	0	0	1	1	0	0	0	0	N	N	N	N	N	N	N	N	N	N	N	N	0.0000	0.0000	0.0000	0.0000	0.0000	0.0000	0.0000	0.0000	0.0000	0.0000	0.0000	0.0000	0.0000	0.0000	0.0000	0.0000	0.0000	0.0000	0.0000	0.0000	0.1278	2.9121	0.0006	3.0117	0.0000	0.0000	0.0000	0.0000	0.0000	0.0000	0.0000	0.0000	0.0000	0.0000	0.0000	0.0000	0.0000	0.0000	0.0000	0.0000	0.0000	0.0000	0.0161	0.0140	0.0021	0.0066	0.0061	0.0005	0.0094	0.0079	0.0015	0.0077	0.0019	0.0058	0.0005	0.0005	0.0000	0.0072	0.0014	0.0057	0.0000	0.0000	0.0000	0.0000	0.0000	0.0000	0.0000	0.0000	0.0000	0.0000	0.0000	0.0000	0.0000	0.0000	0.0000	0.0000	0.0000	0.0000											
7	17	0.1424	5	0	0	1	1	0	0	0	0	N	N	N	N	N	N	N	N	N	N	N	N	0.0000	0.0000	0.0000	0.0000	0.0000	0.0000	0.0000	0.0000	0.0000	0.0000	0.0000	0.0000	0.0000	0.0000	0.0000	0.0000	0.0000	0.0000	0.0000	0.0000	0.1278	0.1693	0.0006	3.5362	0.0000	0.0000	0.0000	0.0000	0.0000	0.0000	0.0000	0.0000	0.0000	0.0000	0.0000	0.0000	0.0000	0.0000	0.0000	0.0000	0.0000	0.0000	0.0011	0.0009	0.0001	0.0004	0.0004	0.0000	0.0006	0.0005	0.0001	0.0070	0.0027	0.0043	0.0029	0.0017	0.0012	0.0040	0.0010	0.0031	0.0000	0.0000	0.0000	0.0000	0.0000	0.0000	0.0000	0.0000	0.0000	0.0000	0.0000	0.0000	0.0000	0.0000	0.0000	0.0000	0.0000	0.0000											
7	18	0.1102	4	1	0	2	0	0	0	0	0	N	N	Y	N	N	N	N	N	N	N	N	N	0.0000	0.0000	0.0000	0.0000	0.0000	0.0000	0.0000	0.0000	0.0000	0.0000	0.0000	0.0000	0.0000	0.0000	0.0000	0.0000	0.0000	0.0000	0.0000	0.0000	0.1278	18.0000	0.0006	5.9994	0.0000	0.0000	0.0000	0.0000	0.0000	0.0000	0.0000	0.0000	0.0000	0.0000	0.0000	0.0000	0.0000	0.0000	0.0000	0.0000	0.0000	0.0000	0.0755	0.0669	0.0086	0.0293	0.0276	0.0018	0.0462	0.0393	0.0068	0.0157	0.0034	0.0122	0.0038	0.0011	0.0027	0.0118	0.0023	0.0095	0.0000	0.0000	0.0000	0.0000	0.0000	0.0000	0.0000	0.0000	0.0000	0.0000	0.0000	0.0000	0.0000	0.0000	0.0000	0.0000	0.0000	0.0000											
7	19	0.0424	3	0	1	1	0	0	0	0	0	N	N	N	N	N	N	N	N	N	N	N	N	inf	inf	inf	inf	inf	inf	0.0264	0.0312	0.0000	0.0044	0.0050	0.0000	0.0377	0.0459	0.0000	0.0000	0.0000	0.0000	0.0000	0.0000	0.0000	0.0000	0.0000	0.0000	0.0000	-0.0001	0.0000	0.1278	2.0070	0.0006	1.9996	0.0003	0.0003	0.0000	0.0000	0.0000	0.0000	0.0003	0.0003	0.0000	0.0000	0.0000	0.0000	0.0000	0.0000	0.0000	0.0000	0.0000	0.0000	0.0122	0.0103	0.0019	0.0041	0.0037	0.0005	0.0080	0.0066	0.0014	0.0059	0.0014	0.0044	0.0003	0.0003	0.0000	0.0056	0.0011	0.0044	inf	inf	0.0000	inf	inf	0.0000	inf	inf	0.0000	0.0000	0.0000	0.0000	0.0000	0.0000	0.0000	0.0000	0.0000	0.0000				
7	20	0.1102	4	0	1	1	0	0	0	0	0	N	N	N	N	N	N	N	N	N	N	N	N	0.0000	0.0000	0.0000	0.0000	0.0000	0.0000	0.0000	0.0000	0.0000	0.0000	0.0000	0.0000	0.0000	0.0000	0.0000	0.0000	0.0000	0.0000	0.0000	0.0000	0.1278	9.0000	0.0006	1.0006	0.0000	0.0000	0.0000	0.0000	0.0000	0.0000	0.0000	0.0000	0.0000	0.0000	0.0000	0.0000	0.0000	0.0000	0.0000	0.0000	0.0000	0.0000	0.0434	0.0378	0.0056	0.0153	0.0144	0.0009	0.0281	0.0234	0.0047	0.0097	0.0019	0.0078	0.0025	0.0007	0.0018	0.0072	0.0012	0.0060	0.0000	0.0000	0.0000	0.0000	0.0000	0.0000	0.0000	0.0000	0.0000	0.0000	0.0000	0.0000	0.0000	0.0000	0.0000	0.0000	0.0000	0.0000											
7	21	0.1667	5	1	1	1	0	0	0	0	0	N	N	N	N	N	N	N	N	N	N	N	N	0.0000	0.0000	0.0000	0.0000	0.0000	0.0000	0.0000	0.0000	0.0000	0.0000	0.0000	0.0000	0.0000	0.0000	0.0000	0.0000	0.0000	0.0000	0.0000	0.0000	0.1278	0.9600	0.0006	1.3160	0.0000	0.0000	0.0000	0.0000	0.0000	0.0000	0.0000	0.0000	0.0000	0.0000	0.0000	0.0000	0.0000	0.0000	0.0000	0.0000	0.0000	0.0000	0.0076	0.0066	0.0010	0.0039	0.0035	0.0003	0.0037	0.0030	0.0007	0.0043	0.0019	0.0024	0.0023	0.0017	0.0006	0.0020	0.0002	0.0018	0.0000	0.0000	0.0000	0.0000	0.0000	0.0000	0.0000	0.0000	0.0000	0.0000	0.0000	0.0000	0.0000	0.0000	0.0000	0.0000	0.0000	0.0000											
7	22	0.0278	2	0	1	1	0	0	0	0	0	N	N	N	N	N	N	N	N	N	N	N	N	inf	inf	inf	inf	0.2813	0.4447	0.0000	0.4521	0.5636	0.0000	0.0000	0.0000	0.0000	0.0000	0.0000	0.0000	0.0000	0.0000	0.0000	0.0000	0.0000	0.0000	0.0000	-0.0000	0.0000	0.1278	0.0000	0.0006	0.0000	0.0000	0.0000	0.0000	0.0000	0.0000	0.0000	0.0000	0.0000	0.0000	0.0000	0.0000	0.0000	0.0000	0.0000	0.0000	0.0000	0.0000	0.0000	0.0000	0.0000	0.0000	0.0000	0.0000	0.0000	0.0000	0.0000	0.0000	0.0000	0.0000	0.0000	0.0000	0.0000	0.0000	0.0000	0.0000	0.0000	inf	inf	0.0000	inf	inf	0.0000	0.0000	0.0000	0.0000	0.0000	0.0000	0.0000	0.0000	0.0000	0.0000	0.0000	0.0000	0.0000						
7	23	0.1102	4	1	1	1	0	0	0	0	0	N	N	N	N	N	N	N	N	N	N	N	N	0.0000	0.0000	0.0000	0.0000	0.0000	0.0000	0.0000	0.0000	0.0000	0.0000	0.0000	0.0000	0.0000	0.0000	0.0000	0.0000	0.0000	0.0000	0.0000	0.0000	0.1278	6.0000	0.0006	4.0006	0.0000	0.0000	0.0000	0.0000	0.0000	0.0000	0.0000	0.0000	0.0000	0.0000	0.0000	0.0000	0.0000	0.0000	0.0000	0.0000	0.0000	0.0000	0.0305	0.0264	0.0041	0.0104	0.0098	0.0006	0.0201	0.0166	0.0035	0.0097	0.0019	0.0078	0.0025	0.0007	0.0018	0.0072	0.0012	0.0060	0.0000	0.0000	0.0000	0.0000	0.0000	0.0000	0.0000	0.0000	0.0000	0.0000	0.0000	0.0000	0.0000	0.0000	0.0000	0.0000	0.0000	0.0000											
7	24	0.1102	4	0	1	1	0	0	0	0	0	N	N	N	N	N	N	N	N	N	N	N	N	0.0000	0.0000	0.0000	0.0000	0.0000	0.0000	0.0000	0.0000	0.0000	0.0000	0.0000	0.0000	0.0000	0.0000	0.0000	0.0000	0.0000	0.0000	0.0000	0.0000	0.1278	4.0000	0.0006	4.9994	0.0000	0.0000	0.0000	0.0000	0.0000	0.0000	0.0000	0.0000	0.0000	0.0000	0.0000	0.0000	0.0000	0.0000	0.0000	0.0000	0.0000	0.0000	0.0211	0.0182	0.0030	0.0070	0.0066	0.0004	0.0141	0.0116	0.0026	0.0090	0.0017	0.0073	0.0023	0.0006	0.0017	0.0067	0.0011	0.0056	0.0000	0.0000	0.0000	0.0000	0.0000	0.0000	0.0000	0.0000	0.0000	0.0000	0.0000	0.0000	0.0000	0.0000	0.0000	0.0000	0.0000	0.0000											
7	25	0.1572	5	0	1	2	1	0	0	0	0	N	N	Y	N	N	N	N	N	N	N	N	N	0.0000	0.0000	0.0000	0.0000	0.0000	0.0000	0.0000	0.0000	0.0000	0.0000	0.0000	0.0000	0.0000	0.0000	0.0000	0.0000	0.0000	0.0000	0.0000	0.0000	0.1278	0.8908	0.0006	1.0730	0.0000	0.0000	0.0000	0.0000	0.0000	0.0000	0.0000	0.0000	0.0000	0.0000	0.0000	0.0000	0.0000	0.0000	0.0000	0.0000	0.0000	0.0000	0.0056	0.0049	0.0007	0.0025	0.0023	0.0002	0.0031	0.0026	0.0005	0.0031	0.0008	0.0023	0.0012	0.0006	0.0006	0.0019	0.0003	0.0016	0.0000	0.0000	0.0000	0.0000	0.0000	0.0000	0.0000	0.0000	0.0000	0.0000	0.0000	0.0000	0.0000	0.0000	0.0000	0.0000	0.0000	0.0000											
7	26	0.1102	4	0	0	1	1	0	0	0	0	N	N	N	N	N	N	N	N	N	N	N	N	0.0000	0.0000	0.0000	0.0000	0.0000	0.0000	0.0000	0.0000	0.0000	0.0000	0.0000	0.0000	0.0000	0.0000	0.0000	0.0000	0.0000	0.0000	0.0000	0.0000	0.1278	3.1159	0.0006	2.1859	0.0000	0.0000	0.0000	0.0000	0.0000	0.0000	0.0000	0.0000	0.0000	0.0000	0.0000	0.0000	0.0000	0.0000	0.0000	0.0000	0.0000	0.0000	0.0167	0.0144	0.0024	0.0055	0.0052	0.0003	0.0113	0.0092	0.0021	0.0060	0.0011	0.0049	0.0016	0.0004	0.0012	0.0044	0.0007	0.0037	0.0000	0.0000	0.0000	0.0000	0.0000	0.0000	0.0000	0.0000	0.0000	0.0000	0.0000	0.0000	0.0000	0.0000	0.0000	0.0000	0.0000	0.0000											
7	27	0.1102	4	0	1	1	0	0	0	0	0	N	N	N	N	N	N	N	N	N	N	N	N	inf	inf	inf	inf	inf	inf	3.2557	3.7479	0.0000	9.3200	9.9111	0.0000	0.0020	0.0024	0.0000	0.0000	0.0000	0.0000	0.0000	0.0000	0.0000	0.0000	0.0000	0.0000	0.0000	-0.0493	0.0000	0.1278	8.0000	0.0006	0.0006	0.1278	0.1278	0.0000	0.1278	0.1278	0.0000	0.0001	0.0001	0.0000	0.0000	0.0000	0.0000	0.0000	0.0000	0.0000	0.0000	0.0000	0.0000	0.0393	0.0341	0.0052	0.0137	0.0129	0.0008	0.0256	0.0212	0.0043	0.0083	0.0016	0.0067	0.0022	0.0006	0.0016	0.0061	0.0010	0.0051	inf	inf	0.0000	inf	inf	0.0000	inf	inf	0.0000	0.0000	0.0000	0.0000	0.0000	0.0000	0.0000	0.0000	0.0000	0.0000				
7	28	0.1859	5	1	1	1	0	0	0	0	0	N	N	N	N	N	N	N	N	N	N	N	N	0.0000	0.0000	0.0000	0.0000	0.0000	0.0000	0.0000	0.0000	0.0000	0.0000	0.0000	0.0000	0.0000	0.0000	0.0000	0.0000	0.0000	0.0000	0.0000	0.0000	0.1278	2.9919	0.0006	1.1331	0.0000	0.0000	0.0000	0.0000	0.0000	0.0000	0.0000	0.0000	0.0000	0.0000	0.0000	0.0000	0.0000	0.0000	0.0000	0.0000	0.0000	0.0000	0.0159	0.0146	0.0013	0.0100	0.0095	0.0005	0.0059	0.0051	0.0008	0.0056	0.0024	0.0032	0.0014	0.0013	0.0001	0.0042	0.0011	0.0031	0.0000	0.0000	0.0000	0.0000	0.0000	0.0000	0.0000	0.0000	0.0000	0.0000	0.0000	0.0000	0.0000	0.0000	0.0000	0.0000	0.0000	0.0000											
7	29	0.1102	4	0	0	1	0	0	0	0	0	N	N	N	N	N	N	N	N	N	N	N	N	0.0000	0.0000	0.0000	0.0000	0.0000	0.0000	0.0000	0.0000	0.0000	0.0000	0.0000	0.0000	0.0000	0.0000	0.0000	0.0000	0.0000	0.0000	0.0000	0.0000	0.1278	5.0156	0.0006	4.8897	0.0000	0.0000	0.0000	0.0000	0.0000	0.0000	0.0000	0.0000	0.0000	0.0000	0.0000	0.0000	0.0000	0.0000	0.0000	0.0000	0.0000	0.0000	0.0260	0.0224	0.0036	0.0087	0.0082	0.0005	0.0173	0.0142	0.0031	0.0096	0.0019	0.0078	0.0025	0.0007	0.0018	0.0071	0.0012	0.0060	0.0000	0.0000	0.0000	0.0000	0.0000	0.0000	0.0000	0.0000	0.0000	0.0000	0.0000	0.0000	0.0000	0.0000	0.0000	0.0000	0.0000	0.0000											
7	30	0.1233	5	0	1	1	1	0	0	0	0	N	N	N	N	N	N	N	N	N	N	N	N	0.0000	0.0000	0.0000	0.0000	0.0000	0.0000	0.0000	0.0000	0.0000	0.0000	0.0000	0.0000	0.0000	0.0000	0.0000	0.0000	0.0000	0.0000	0.0000	0.0000	0.1278	3.9676	0.0006	1.0007	0.0000	0.0000	0.0000	0.0000	0.0000	0.0000	0.0000	0.0000	0.0000	0.0000	0.0000	0.0000	0.0000	0.0000	0.0000	0.0000	0.0000	0.0000	0.0219	0.0193	0.0026	0.0107	0.0099	0.0008	0.0112	0.0094	0.0018	0.0047	0.0011	0.0036	0.0017	0.0006	0.0011	0.0031	0.0006	0.0025	0.0000	0.0000	0.0000	0.0000	0.0000	0.0000	0.0000	0.0000	0.0000	0.0000	0.0000	0.0000	0.0000	0.0000	0.0000	0.0000	0.0000	0.0000											
7	31	0.1102	4	1	1	1	0	0	0	0	0	N	N	N	N	N	N	N	N	N	N	N	N	0.0000	0.0000	0.0000	0.0000	0.0000	0.0000	0.0000	0.0000	0.0000	0.0000	0.0000	0.0000	0.0000	0.0000	0.0000	0.0000	0.0000	0.0000	0.0000	0.0000	0.1278	5.0000	0.0006	3.0000	0.0000	0.0000	0.0000	0.0000	0.0000	0.0000	0.0000	0.0000	0.0000	0.0000	0.0000	0.0000	0.0000	0.0000	0.0000	0.0000	0.0000	0.0000	0.0259	0.0223	0.0036	0.0087	0.0082	0.0005	0.0172	0.0141	0.0031	0.0083	0.0016	0.0067	0.0022	0.0006	0.0016	0.0061	0.0010	0.0051	0.0000	0.0000	0.0000	0.0000	0.0000	0.0000	0.0000	0.0000	0.0000	0.0000	0.0000	0.0000	0.0000	0.0000	0.0000	0.0000	0.0000	0.0000											
7	32	0.1522	5	0	0	2	0	0	0	0	0	N	N	Y	N	N	N	N	N	N	N	N	N	0.0000	0.0000	0.0000	0.0000	0.0000	0.0000	0.0000	0.0000	0.0000	0.0000	0.0000	0.0000	0.0000	0.0000	0.0000	0.0000	0.0000	0.0000	0.0000	0.0000	0.1278	0.0319	0.0006	1.0050	0.0000	0.0000	0.0000	0.0000	0.0000	0.0000	0.0000	0.0000	0.0000	0.0000	0.0000	0.0000	0.0000	0.0000	0.0000	0.0000	0.0000	0.0000	0.0006	0.0005	0.0002	0.0003	0.0003	0.0000	0.0003	0.0002	0.0002	0.0014	0.0003	0.0011	0.0004	0.0001	0.0003	0.0009	0.0001	0.0008	0.0000	0.0000	0.0000	0.0000	0.0000	0.0000	0.0000	0.0000	0.0000	0.0000	0.0000	0.0000	0.0000	0.0000	0.0000	0.0000	0.0000	0.0000											
7	33	0.1233	6	0	1	1	0	0	0	0	0	N	N	N	N	N	N	N	N	N	N	N	N	0.0000	0.0000	0.0000	0.0000	0.0000	0.0000	0.0000	0.0000	0.0000	0.0000	0.0000	0.0000	0.0000	0.0000	0.0000	0.0000	0.0000	0.0000	0.0000	0.0000	0.1278	0.0023	0.0006	1.0003	0.0000	0.0000	0.0000	0.0000	0.0000	0.0000	0.0000	0.0000	0.0000	0.0000	0.0000	0.0000	0.0000	0.0000	0.0000	0.0000	0.0000	0.0000	0.0000	0.0000	0.0000	0.0000	0.0000	0.0000	0.0000	0.0000	0.0000	0.0011	0.0002	0.0008	0.0004	0.0001	0.0003	0.0007	0.0001	0.0006	0.0000	0.0000	0.0000	0.0000	0.0000	0.0000	0.0000	0.0000	0.0000	0.0000	0.0000	0.0000	0.0000	0.0000	0.0000	0.0000	0.0000	0.0000											
7	34	0.1102	4	1	0	2	0	0	0	0	0	N	N	Y	N	N	N	N	N	N	N	N	N	0.0000	0.0000	0.0000	0.0000	0.0000	0.0000	0.0000	0.0000	0.0000	0.0000	0.0000	0.0000	0.0000	0.0000	0.0000	0.0000	0.0000	0.0000	0.0000	0.0000	0.1278	3.0000	0.0006	5.0006	0.0000	0.0000	0.0000	0.0000	0.0000	0.0000	0.0000	0.0000	0.0000	0.0000	0.0000	0.0000	0.0000	0.0000	0.0000	0.0000	0.0000	0.0000	0.0162	0.0138	0.0023	0.0053	0.0050	0.0003	0.0109	0.0089	0.0020	0.0083	0.0016	0.0067	0.0022	0.0006	0.0016	0.0061	0.0010	0.0051	0.0000	0.0000	0.0000	0.0000	0.0000	0.0000	0.0000	0.0000	0.0000	0.0000	0.0000	0.0000	0.0000	0.0000	0.0000	0.0000	0.0000	0.0000											
7	35	0.1102	4	0	1	1	1	0	0	0	0	N	N	N	N	N	N	N	N	N	N	N	N	0.0000	0.0000	0.0000	0.0000	0.0000	0.0000	0.0000	0.0000	0.0000	0.0000	0.0000	0.0000	0.0000	0.0000	0.0000	0.0000	0.0000	0.0000	0.0000	0.0000	0.1278	3.0000	0.0006	2.0006	0.0000	0.0000	0.0000	0.0000	0.0000	0.0000	0.0000	0.0000	0.0000	0.0000	0.0000	0.0000	0.0000	0.0000	0.0000	0.0000	0.0000	0.0000	0.0162	0.0138	0.0023	0.0053	0.0050	0.0003	0.0109	0.0089	0.0020	0.0057	0.0010	0.0046	0.0015	0.0004	0.0011	0.0042	0.0007	0.0035	0.0000	0.0000	0.0000	0.0000	0.0000	0.0000	0.0000	0.0000	0.0000	0.0000	0.0000	0.0000	0.0000	0.0000	0.0000	0.0000	0.0000	0.0000											
7	36	0.1102	4	1	0	2	0	0	0	0	0	N	N	Y	N	N	N	N	N	N	N	N	N	0.0000	0.0000	0.0000	0.0000	0.0000	0.0000	0.0000	0.0000	0.0000	0.0000	0.0000	0.0000	0.0000	0.0000	0.0000	0.0000	0.0000	0.0000	0.0000	0.0000	0.1278	4.0000	0.0006	5.0006	0.0000	0.0000	0.0000	0.0000	0.0000	0.0000	0.0000	0.0000	0.0000	0.0000	0.0000	0.0000	0.0000	0.0000	0.0000	0.0000	0.0000	0.0000	0.0211	0.0182	0.0030	0.0070	0.0066	0.0004	0.0141	0.0116	0.0026	0.0090	0.0017	0.0073	0.0023	0.0006	0.0017	0.0067	0.0011	0.0056	0.0000	0.0000	0.0000	0.0000	0.0000	0.0000	0.0000	0.0000	0.0000	0.0000	0.0000	0.0000	0.0000	0.0000	0.0000	0.0000	0.0000	0.0000											
7	37	0.1102	4	1	0	2	0	0	0	0	0	N	N	Y	N	N	N	N	N	N	N	N	N	0.0000	0.0000	0.0000	0.0000	0.0000	0.0000	0.0000	0.0000	0.0000	0.0000	0.0000	0.0000	0.0000	0.0000	0.0000	0.0000	0.0000	0.0000	0.0000	0.0000	0.1278	3.0000	0.0006	4.0006	0.0000	0.0000	0.0000	0.0000	0.0000	0.0000	0.0000	0.0000	0.0000	0.0000	0.0000	0.0000	0.0000	0.0000	0.0000	0.0000	0.0000	0.0000	0.0162	0.0138	0.0023	0.0053	0.0050	0.0003	0.0109	0.0089	0.0020	0.0075	0.0014	0.0061	0.0020	0.0005	0.0014	0.0055	0.0009	0.0046	0.0000	0.0000	0.0000	0.0000	0.0000	0.0000	0.0000	0.0000	0.0000	0.0000	0.0000	0.0000	0.0000	0.0000	0.0000	0.0000	0.0000	0.0000											
7	38	0.1233	6	0	0	2	0	0	0	0	0	N	N	Y	N	N	N	N	N	N	N	N	N	0.0000	0.0000	0.0000	0.0000	0.0000	0.0000	0.0000	0.0000	0.0000	0.0000	0.0000	0.0000	0.0000	0.0000	0.0000	0.0000	0.0000	0.0000	0.0000	0.0000	0.1278	1.0023	0.0006	0.0007	0.0000	0.0000	0.0000	0.0000	0.0000	0.0000	0.0000	0.0000	0.0000	0.0000	0.0000	0.0000	0.0000	0.0000	0.0000	0.0000	0.0000	0.0000	0.0058	0.0051	0.0007	0.0028	0.0026	0.0002	0.0030	0.0025	0.0005	0.0011	0.0002	0.0008	0.0004	0.0001	0.0003	0.0007	0.0001	0.0006	0.0000	0.0000	0.0000	0.0000	0.0000	0.0000	0.0000	0.0000	0.0000	0.0000	0.0000	0.0000	0.0000	0.0000	0.0000	0.0000	0.0000	0.0000											
7	39	0.1233	5	0	0	1	0	0	0	0	0	N	N	N	N	N	N	N	N	N	N	N	N	0.0000	0.0000	0.0000	0.0000	0.0000	0.0000	0.0000	0.0000	0.0000	0.0000	0.0000	0.0000	0.0000	0.0000	0.0000	0.0000	0.0000	0.0000	0.0000	0.0000	0.1278	0.0347	0.0006	0.0013	0.0000	0.0000	0.0000	0.0000	0.0000	0.0000	0.0000	0.0000	0.0000	0.0000	0.0000	0.0000	0.0000	0.0000	0.0000	0.0000	0.0000	0.0000	0.0005	0.0005	0.0000	0.0003	0.0002	0.0000	0.0003	0.0002	0.0000	0.0000	0.0000	0.0000	0.0000	0.0000	0.0000	0.0000	0.0000	0.0000	0.0000	0.0000	0.0000	0.0000	0.0000	0.0000	0.0000	0.0000	0.0000	0.0000	0.0000	0.0000	0.0000	0.0000	0.0000	0.0000	0.0000	0.0000											
7	40	0.1102	4	0	0	1	0	0	0	0	0	N	N	N	N	N	N	N	N	N	N	N	N	0.0000	0.0000	0.0000	0.0000	0.0000	0.0000	0.0000	0.0000	0.0000	0.0000	0.0000	0.0000	0.0000	0.0000	0.0000	0.0000	0.0000	0.0000	0.0000	0.0000	0.1278	3.9674	0.0006	1.0003	0.0000	0.0000	0.0000	0.0000	0.0000	0.0000	0.0000	0.0000	0.0000	0.0000	0.0000	0.0000	0.0000	0.0000	0.0000	0.0000	0.0000	0.0000	0.0210	0.0180	0.0029	0.0069	0.0065	0.0004	0.0140	0.0115	0.0025	0.0057	0.0010	0.0046	0.0015	0.0004	0.0011	0.0042	0.0006	0.0035	0.0000	0.0000	0.0000	0.0000	0.0000	0.0000	0.0000	0.0000	0.0000	0.0000	0.0000	0.0000	0.0000	0.0000	0.0000	0.0000	0.0000	0.0000											
7	41	0.1632	6	0	1	1	0	0	0	0	0	N	N	N	N	N	N	N	N	N	N	N	N	0.0000	0.0000	0.0000	0.0000	0.0000	0.0000	0.0000	0.0000	0.0000	0.0000	0.0000	0.0000	0.0000	0.0000	0.0000	0.0000	0.0000	0.0000	0.0000	0.0000	0.1278	1.0144	0.0006	1.0128	0.0000	0.0000	0.0000	0.0000	0.0000	0.0000	0.0000	0.0000	0.0000	0.0000	0.0000	0.0000	0.0000	0.0000	0.0000	0.0000	0.0000	0.0000	0.0062	0.0055	0.0007	0.0031	0.0029	0.0002	0.0031	0.0026	0.0005	0.0025	0.0005	0.0020	0.0008	0.0003	0.0005	0.0017	0.0002	0.0015	0.0000	0.0000	0.0000	0.0000	0.0000	0.0000	0.0000	0.0000	0.0000	0.0000	0.0000	0.0000	0.0000	0.0000	0.0000	0.0000	0.0000	0.0000											
7	42	0.1102	4	1	1	2	0	0	0	0	0	N	N	Y	N	N	N	N	N	N	N	N	N	0.0000	0.0000	0.0000	0.0000	0.0000	0.0000	0.0000	0.0000	0.0000	0.0000	0.0000	0.0000	0.0000	0.0000	0.0000	0.0000	0.0000	0.0000	0.0000	0.0000	0.1278	3.0000	0.0006	2.9994	0.0000	0.0000	0.0000	0.0000	0.0000	0.0000	0.0000	0.0000	0.0000	0.0000	0.0000	0.0000	0.0000	0.0000	0.0000	0.0000	0.0000	0.0000	0.0162	0.0138	0.0023	0.0053	0.0050	0.0003	0.0109	0.0089	0.0020	0.0066	0.0012	0.0054	0.0017	0.0005	0.0013	0.0049	0.0008	0.0041	0.0000	0.0000	0.0000	0.0000	0.0000	0.0000	0.0000	0.0000	0.0000	0.0000	0.0000	0.0000	0.0000	0.0000	0.0000	0.0000	0.0000	0.0000											
7	43	0.1102	4	1	1	2	0	0	0	0	0	N	N	Y	N	N	N	N	N	N	N	N	N	0.0000	0.0000	0.0000	0.0000	0.0000	0.0000	0.0000	0.0000	0.0000	0.0000	0.0000	0.0000	0.0000	0.0000	0.0000	0.0000	0.0000	0.0000	0.0000	0.0000	0.1278	4.0000	0.0006	4.9994	0.0000	0.0000	0.0000	0.0000	0.0000	0.0000	0.0000	0.0000	0.0000	0.0000	0.0000	0.0000	0.0000	0.0000	0.0000	0.0000	0.0000	0.0000	0.0211	0.0182	0.0030	0.0070	0.0066	0.0004	0.0141	0.0116	0.0026	0.0090	0.0017	0.0073	0.0023	0.0006	0.0017	0.0067	0.0011	0.0056	0.0000	0.0000	0.0000	0.0000	0.0000	0.0000	0.0000	0.0000	0.0000	0.0000	0.0000	0.0000	0.0000	0.0000	0.0000	0.0000	0.0000	0.0000											
7	44	0.2477	5	1	1	1	0	0	0	0	0	N	N	N	N	N	N	N	N	N	N	N	N	0.0000	0.0000	0.0000	0.0000	0.0000	0.0000	0.0000	0.0000	0.0000	0.0000	0.0000	0.0000	0.0000	0.0000	0.0000	0.0000	0.0000	0.0000	0.0000	0.0000	0.1278	2.0000	0.0006	1.0000	0.0000	0.0000	0.0000	0.0000	0.0000	0.0000	0.0000	0.0000	0.0000	0.0000	0.0000	0.0000	0.0000	0.0000	0.0000	0.0000	0.0000	0.0000	0.0104	0.0091	0.0013	0.0039	0.0036	0.0003	0.0065	0.0055	0.0011	0.0027	0.0008	0.0018	0.0012	0.0005	0.0007	0.0015	0.0004	0.0011	0.0000	0.0000	0.0000	0.0000	0.0000	0.0000	0.0000	0.0000	0.0000	0.0000	0.0000	0.0000	0.0000	0.0000	0.0000	0.0000	0.0000	0.0000											
7	45	0.1753	6	0	1	1	1	0	0	0	0	N	N	N	N	N	N	N	N	N	N	N	N	0.0000	0.0000	0.0000	0.0000	0.0000	0.0000	0.0000	0.0000	0.0000	0.0000	0.0000	0.0000	0.0000	0.0000	0.0000	0.0000	0.0000	0.0000	0.0000	0.0000	0.1278	1.0000	0.0006	0.0000	0.0000	0.0000	0.0000	0.0000	0.0000	0.0000	0.0000	0.0000	0.0000	0.0000	0.0000	0.0000	0.0000	0.0000	0.0000	0.0000	0.0000	0.0000	0.0057	0.0050	0.0008	0.0023	0.0021	0.0002	0.0034	0.0029	0.0006	0.0013	0.0003	0.0011	0.0004	0.0001	0.0003	0.0009	0.0001	0.0008	0.0000	0.0000	0.0000	0.0000	0.0000	0.0000	0.0000	0.0000	0.0000	0.0000	0.0000	0.0000	0.0000	0.0000	0.0000	0.0000	0.0000	0.0000											
7	46	0.1753	6	0	0	1	1	0	0	0	0	N	N	N	N	N	N	N	N	N	N	N	N	0.0000	0.0000	0.0000	0.0000	0.0000	0.0000	0.0000	0.0000	0.0000	0.0000	0.0000	0.0000	0.0000	0.0000	0.0000	0.0000	0.0000	0.0000	0.0000	0.0000	0.1278	0.0000	0.0006	0.0000	0.0000	0.0000	0.0000	0.0000	0.0000	0.0000	0.0000	0.0000	0.0000	0.0000	0.0000	0.0000	0.0000	0.0000	0.0000	0.0000	0.0000	0.0000	0.0000	0.0000	0.0000	0.0000	0.0000	0.0000	0.0000	0.0000	0.0000	0.0000	0.0000	0.0000	0.0000	0.0000	0.0000	0.0000	0.0000	0.0000	0.0000	0.0000	0.0000	0.0000	0.0000	0.0000	0.0000	0.0000	0.0000	0.0000	0.0000	0.0000	0.0000	0.0000	0.0000	0.0000	0.0000	0.0000											
7	47	0.1424	5	0	0	1	1	0	0	0	0	N	N	N	N	N	N	N	N	N	N	N	N	0.0000	0.0000	0.0000	0.0000	0.0000	0.0000	0.0000	0.0000	0.0000	0.0000	0.0000	0.0000	0.0000	0.0000	0.0000	0.0000	0.0000	0.0000	0.0000	0.0000	0.1278	2.0873	0.0006	1.9360	0.0000	0.0000	0.0000	0.0000	0.0000	0.0000	0.0000	0.0000	0.0000	0.0000	0.0000	0.0000	0.0000	0.0000	0.0000	0.0000	0.0000	0.0000	0.0118	0.0103	0.0015	0.0048	0.0044	0.0004	0.0069	0.0058	0.0011	0.0072	0.0027	0.0045	0.0030	0.0017	0.0013	0.0043	0.0010	0.0033	0.0000	0.0000	0.0000	0.0000	0.0000	0.0000	0.0000	0.0000	0.0000	0.0000	0.0000	0.0000	0.0000	0.0000	0.0000	0.0000	0.0000	0.0000											
7	48	0.1102	4	0	0	1	1	0	0	0	0	N	N	N	N	N	N	N	N	N	N	N	N	0.0000	0.0000	0.0000	0.0000	0.0000	0.0000	0.0000	0.0000	0.0000	0.0000	0.0000	0.0000	0.0000	0.0000	0.0000	0.0000	0.0000	0.0000	0.0000	0.0000	0.1278	3.9129	0.0006	0.7267	0.0000	0.0000	0.0000	0.0000	0.0000	0.0000	0.0000	0.0000	0.0000	0.0000	0.0000	0.0000	0.0000	0.0000	0.0000	0.0000	0.0000	0.0000	0.0207	0.0178	0.0029	0.0069	0.0064	0.0004	0.0138	0.0113	0.0025	0.0053	0.0010	0.0044	0.0014	0.0004	0.0010	0.0039	0.0006	0.0033	0.0000	0.0000	0.0000	0.0000	0.0000	0.0000	0.0000	0.0000	0.0000	0.0000	0.0000	0.0000	0.0000	0.0000	0.0000	0.0000	0.0000	0.0000											
7	49	0.1102	4	0	1	2	0	0	0	0	0	N	N	Y	N	N	N	N	N	N	N	N	N	0.0000	0.0000	0.0000	0.0000	0.0000	0.0000	0.0000	0.0000	0.0000	0.0000	0.0000	0.0000	0.0000	0.0000	0.0000	0.0000	0.0000	0.0000	0.0000	0.0000	0.1278	6.0000	0.0006	4.0006	0.0000	0.0000	0.0000	0.0000	0.0000	0.0000	0.0000	0.0000	0.0000	0.0000	0.0000	0.0000	0.0000	0.0000	0.0000	0.0000	0.0000	0.0000	0.0305	0.0264	0.0041	0.0104	0.0098	0.0006	0.0201	0.0166	0.0035	0.0097	0.0019	0.0078	0.0025	0.0007	0.0018	0.0072	0.0012	0.0060	0.0000	0.0000	0.0000	0.0000	0.0000	0.0000	0.0000	0.0000	0.0000	0.0000	0.0000	0.0000	0.0000	0.0000	0.0000	0.0000	0.0000	0.0000											
7	50	0.1102	4	1	0	2	0	0	0	0	0	N	N	Y	N	N	N	N	N	N	N	N	N	0.0000	0.0000	0.0000	0.0000	0.0000	0.0000	0.0000	0.0000	0.0000	0.0000	0.0000	0.0000	0.0000	0.0000	0.0000	0.0000	0.0000	0.0000	0.0000	0.0000	0.1278	6.0000	0.0006	3.0006	0.0000	0.0000	0.0000	0.0000	0.0000	0.0000	0.0000	0.0000	0.0000	0.0000	0.0000	0.0000	0.0000	0.0000	0.0000	0.0000	0.0000	0.0000	0.0305	0.0264	0.0041	0.0104	0.0098	0.0006	0.0201	0.0166	0.0035	0.0090	0.0017	0.0073	0.0023	0.0006	0.0017	0.0067	0.0011	0.0056	0.0000	0.0000	0.0000	0.0000	0.0000	0.0000	0.0000	0.0000	0.0000	0.0000	0.0000	0.0000	0.0000	0.0000	0.0000	0.0000	0.0000	0.0000											
7	51	0.1480	5	1	1	1	0	0	0	0	0	N	N	N	N	N	N	N	N	N	N	N	N	inf	inf	inf	inf	inf	inf	0.0570	0.0640	0.0000	0.1107	0.1136	0.0000	0.0000	0.0001	0.0000	0.0000	0.0000	0.0000	0.0000	0.0000	0.0000	0.0000	0.0000	0.0000	0.0000	-0.0002	0.0000	0.1278	1.0314	0.0006	3.0033	0.0004	0.0004	0.0000	0.0004	0.0004	0.0000	0.0000	0.0000	0.0000	0.0000	0.0000	0.0000	0.0000	0.0000	0.0000	0.0000	0.0000	0.0000	0.0075	0.0067	0.0008	0.0039	0.0038	0.0001	0.0037	0.0029	0.0007	0.0041	0.0009	0.0031	0.0013	0.0004	0.0009	0.0028	0.0006	0.0022	inf	inf	0.0000	inf	inf	0.0000	inf	inf	0.0000	0.0000	0.0000	0.0000	0.0000	0.0000	0.0000	0.0000	0.0000	0.0000				
7	52	0.1102	4	1	1	1	0	0	0	0	0	N	N	N	N	N	N	N	N	N	N	N	N	inf	inf	inf	inf	inf	inf	4.9357	5.7262	0.0000	14.6900	15.6165	0.0000	0.0029	0.0035	0.0000	0.0000	0.0000	0.0000	0.0000	0.0000	0.0000	0.0000	0.0000	0.0000	0.0000	-0.0491	0.0000	0.1278	4.9791	0.0006	0.0710	0.1274	0.1274	0.0000	0.1273	0.1273	0.0000	0.0000	0.0000	0.0000	0.0000	0.0000	0.0000	0.0000	0.0000	0.0000	0.0000	0.0000	0.0000	0.0258	0.0222	0.0036	0.0087	0.0082	0.0005	0.0171	0.0141	0.0030	0.0057	0.0011	0.0047	0.0015	0.0004	0.0011	0.0042	0.0007	0.0036	inf	inf	0.0000	inf	inf	0.0000	inf	inf	0.0000	0.0000	0.0000	0.0000	0.0000	0.0000	0.0000	0.0000	0.0000	0.0000				
7	53	0.1102	4	0	1	1	0	0	0	0	0	N	N	N	N	N	N	N	N	N	N	N	N	0.0000	0.0000	0.0000	0.0000	0.0000	0.0000	0.0000	0.0000	0.0000	0.0000	0.0000	0.0000	0.0000	0.0000	0.0000	0.0000	0.0000	0.0000	0.0000	0.0000	0.1278	6.0000	0.0006	4.0006	0.0000	0.0000	0.0000	0.0000	0.0000	0.0000	0.0000	0.0000	0.0000	0.0000	0.0000	0.0000	0.0000	0.0000	0.0000	0.0000	0.0000	0.0000	0.0305	0.0264	0.0041	0.0104	0.0098	0.0006	0.0201	0.0166	0.0035	0.0097	0.0019	0.0078	0.0025	0.0007	0.0018	0.0072	0.0012	0.0060	0.0000	0.0000	0.0000	0.0000	0.0000	0.0000	0.0000	0.0000	0.0000	0.0000	0.0000	0.0000	0.0000	0.0000	0.0000	0.0000	0.0000	0.0000											
7	54	0.1632	6	0	0	2	0	0	0	0	0	N	N	Y	N	N	N	N	N	N	N	N	N	0.0000	0.0000	0.0000	0.0000	0.0000	0.0000	0.0000	0.0000	0.0000	0.0000	0.0000	0.0000	0.0000	0.0000	0.0000	0.0000	0.0000	0.0000	0.0000	0.0000	0.1278	0.0147	0.0006	0.9910	0.0000	0.0000	0.0000	0.0000	0.0000	0.0000	0.0000	0.0000	0.0000	0.0000	0.0000	0.0000	0.0000	0.0000	0.0000	0.0000	0.0000	0.0000	0.0003	0.0002	0.0001	0.0002	0.0001	0.0000	0.0002	0.0001	0.0001	0.0013	0.0003	0.0010	0.0004	0.0001	0.0003	0.0009	0.0001	0.0008	0.0000	0.0000	0.0000	0.0000	0.0000	0.0000	0.0000	0.0000	0.0000	0.0000	0.0000	0.0000	0.0000	0.0000	0.0000	0.0000	0.0000	0.0000											
7	55	0.1522	5	0	0	1	0	0	0	0	0	N	N	N	N	N	N	N	N	N	N	N	N	0.0000	0.0000	0.0000	0.0000	0.0000	0.0000	0.0000	0.0000	0.0000	0.0000	0.0000	0.0000	0.0000	0.0000	0.0000	0.0000	0.0000	0.0000	0.0000	0.0000	0.1278	0.9556	0.0006	1.0192	0.0000	0.0000	0.0000	0.0000	0.0000	0.0000	0.0000	0.0000	0.0000	0.0000	0.0000	0.0000	0.0000	0.0000	0.0000	0.0000	0.0000	0.0000	0.0061	0.0053	0.0009	0.0027	0.0025	0.0002	0.0034	0.0028	0.0007	0.0025	0.0005	0.0020	0.0008	0.0003	0.0005	0.0017	0.0002	0.0015	0.0000	0.0000	0.0000	0.0000	0.0000	0.0000	0.0000	0.0000	0.0000	0.0000	0.0000	0.0000	0.0000	0.0000	0.0000	0.0000	0.0000	0.0000											
7	56	0.1102	4	0	0	1	0	0	0	0	0	N	N	N	N	N	N	N	N	N	N	N	N	0.0000	0.0000	0.0000	0.0000	0.0000	0.0000	0.0000	0.0000	0.0000	0.0000	0.0000	0.0000	0.0000	0.0000	0.0000	0.0000	0.0000	0.0000	0.0000	0.0000	0.1278	3.0309	0.0006	3.0097	0.0000	0.0000	0.0000	0.0000	0.0000	0.0000	0.0000	0.0000	0.0000	0.0000	0.0000	0.0000	0.0000	0.0000	0.0000	0.0000	0.0000	0.0000	0.0163	0.0140	0.0023	0.0053	0.0050	0.0003	0.0110	0.0090	0.0020	0.0066	0.0012	0.0054	0.0017	0.0005	0.0013	0.0049	0.0008	0.0041	0.0000	0.0000	0.0000	0.0000	0.0000	0.0000	0.0000	0.0000	0.0000	0.0000	0.0000	0.0000	0.0000	0.0000	0.0000	0.0000	0.0000	0.0000											
7	57	0.1102	4	0	0	1	0	0	0	0	0	N	N	N	N	N	N	N	N	N	N	N	N	0.0000	0.0000	0.0000	0.0000	0.0000	0.0000	0.0000	0.0000	0.0000	0.0000	0.0000	0.0000	0.0000	0.0000	0.0000	0.0000	0.0000	0.0000	0.0000	0.0000	0.1278	3.0000	0.0006	3.0006	0.0000	0.0000	0.0000	0.0000	0.0000	0.0000	0.0000	0.0000	0.0000	0.0000	0.0000	0.0000	0.0000	0.0000	0.0000	0.0000	0.0000	0.0000	0.0162	0.0138	0.0023	0.0053	0.0050	0.0003	0.0109	0.0089	0.0020	0.0066	0.0012	0.0054	0.0017	0.0005	0.0013	0.0049	0.0008	0.0041	0.0000	0.0000	0.0000	0.0000	0.0000	0.0000	0.0000	0.0000	0.0000	0.0000	0.0000	0.0000	0.0000	0.0000	0.0000	0.0000	0.0000	0.0000											
7	58	0.2557	6	0	0	1	0	0	0	0	0	N	N	N	N	N	N	N	N	N	N	N	N	inf	inf	inf	inf	inf	inf	0.0001	0.0001	0.0000	0.0003	0.0003	0.0000	0.0000	0.0000	0.0000	0.0000	0.0000	0.0000	0.0000	0.0000	0.0000	0.0000	0.0000	0.0000	0.0000	-0.0000	0.0000	0.1278	10.2575	0.0006	3.8960	0.0000	0.0000	0.0000	0.0000	0.0000	0.0000	0.0000	0.0000	0.0000	0.0000	0.0000	0.0000	0.0000	0.0000	0.0000	0.0000	0.0000	0.0000	0.0541	0.0475	0.0066	0.0219	0.0206	0.0013	0.0322	0.0270	0.0053	0.0143	0.0044	0.0099	0.0050	0.0027	0.0024	0.0093	0.0017	0.0076	inf	inf	0.0000	inf	inf	0.0000	inf	inf	0.0000	0.0000	0.0000	0.0000	0.0000	0.0000	0.0000	0.0000	0.0000	0.0000				
7	59	0.2298	5	1	1	2	0	0	0	0	0	N	N	Y	N	N	N	N	N	N	N	N	N	0.0000	0.0000	0.0000	0.0000	0.0000	0.0000	0.0000	0.0000	0.0000	0.0000	0.0000	0.0000	0.0000	0.0000	0.0000	0.0000	0.0000	0.0000	0.0000	0.0000	0.1278	0.0000	0.0006	0.0000	0.0000	0.0000	0.0000	0.0000	0.0000	0.0000	0.0000	0.0000	0.0000	0.0000	0.0000	0.0000	0.0000	0.0000	0.0000	0.0000	0.0000	0.0000	0.0000	0.0000	0.0000	0.0000	0.0000	0.0000	0.0000	0.0000	0.0000	0.0000	0.0000	0.0000	0.0000	0.0000	0.0000	0.0000	0.0000	0.0000	0.0000	0.0000	0.0000	0.0000	0.0000	0.0000	0.0000	0.0000	0.0000	0.0000	0.0000	0.0000	0.0000	0.0000	0.0000	0.0000	0.0000	0.0000											
7	60	0.1102	4	1	0	2	0	0	0	0	0	N	N	Y	N	N	N	N	N	N	N	N	N	0.0000	0.0000	0.0000	0.0000	0.0000	0.0000	0.0000	0.0000	0.0000	0.0000	0.0000	0.0000	0.0000	0.0000	0.0000	0.0000	0.0000	0.0000	0.0000	0.0000	0.1278	7.0000	0.0006	3.9994	0.0000	0.0000	0.0000	0.0000	0.0000	0.0000	0.0000	0.0000	0.0000	0.0000	0.0000	0.0000	0.0000	0.0000	0.0000	0.0000	0.0000	0.0000	0.0350	0.0303	0.0047	0.0121	0.0113	0.0007	0.0229	0.0190	0.0039	0.0104	0.0020	0.0083	0.0027	0.0007	0.0019	0.0077	0.0013	0.0064	0.0000	0.0000	0.0000	0.0000	0.0000	0.0000	0.0000	0.0000	0.0000	0.0000	0.0000	0.0000	0.0000	0.0000	0.0000	0.0000	0.0000	0.0000											
7	61	0.1926	5	1	0	2	0	0	0	0	0	N	N	Y	N	N	N	N	N	N	N	N	N	0.0000	0.0000	0.0000	0.0000	0.0000	0.0000	0.0000	0.0000	0.0000	0.0000	0.0000	0.0000	0.0000	0.0000	0.0000	0.0000	0.0000	0.0000	0.0000	0.0000	0.1278	2.0000	0.0006	0.0000	0.0000	0.0000	0.0000	0.0000	0.0000	0.0000	0.0000	0.0000	0.0000	0.0000	0.0000	0.0000	0.0000	0.0000	0.0000	0.0000	0.0000	0.0000	0.0105	0.0090	0.0015	0.0039	0.0037	0.0002	0.0066	0.0053	0.0013	0.0021	0.0008	0.0012	0.0004	0.0004	0.0000	0.0017	0.0005	0.0012	0.0000	0.0000	0.0000	0.0000	0.0000	0.0000	0.0000	0.0000	0.0000	0.0000	0.0000	0.0000	0.0000	0.0000	0.0000	0.0000	0.0000	0.0000											
7	62	0.1102	4	1	0	2	0	0	0	0	0	N	N	Y	N	N	N	N	N	N	N	N	N	0.0000	0.0000	0.0000	0.0000	0.0000	0.0000	0.0000	0.0000	0.0000	0.0000	0.0000	0.0000	0.0000	0.0000	0.0000	0.0000	0.0000	0.0000	0.0000	0.0000	0.1278	4.0000	0.0006	3.9994	0.0000	0.0000	0.0000	0.0000	0.0000	0.0000	0.0000	0.0000	0.0000	0.0000	0.0000	0.0000	0.0000	0.0000	0.0000	0.0000	0.0000	0.0000	0.0211	0.0182	0.0030	0.0070	0.0066	0.0004	0.0141	0.0116	0.0026	0.0083	0.0016	0.0067	0.0022	0.0006	0.0016	0.0061	0.0010	0.0051	0.0000	0.0000	0.0000	0.0000	0.0000	0.0000	0.0000	0.0000	0.0000	0.0000	0.0000	0.0000	0.0000	0.0000	0.0000	0.0000	0.0000	0.0000											
7	63	0.1102	4	0	1	1	0	0	0	0	0	N	N	N	N	N	N	N	N	N	N	N	N	0.0000	0.0000	0.0000	0.0000	0.0000	0.0000	0.0000	0.0000	0.0000	0.0000	0.0000	0.0000	0.0000	0.0000	0.0000	0.0000	0.0000	0.0000	0.0000	0.0000	0.1278	7.0000	0.0006	4.0000	0.0000	0.0000	0.0000	0.0000	0.0000	0.0000	0.0000	0.0000	0.0000	0.0000	0.0000	0.0000	0.0000	0.0000	0.0000	0.0000	0.0000	0.0000	0.0350	0.0303	0.0047	0.0121	0.0113	0.0007	0.0229	0.0190	0.0039	0.0104	0.0020	0.0083	0.0027	0.0007	0.0019	0.0077	0.0013	0.0064	0.0000	0.0000	0.0000	0.0000	0.0000	0.0000	0.0000	0.0000	0.0000	0.0000	0.0000	0.0000	0.0000	0.0000	0.0000	0.0000	0.0000	0.0000											
7	68	0.1102	4	0	1	1	0	0	0	0	0	N	N	N	N	N	N	N	N	N	N	N	N	0.0000	0.0000	0.0000	0.0000	0.0000	0.0000	0.0000	0.0000	0.0000	0.0000	0.0000	0.0000	0.0000	0.0000	0.0000	0.0000	0.0000	0.0000	0.0000	0.0000	0.1278	5.0000	0.0006	3.9994	0.0000	0.0000	0.0000	0.0000	0.0000	0.0000	0.0000	0.0000	0.0000	0.0000	0.0000	0.0000	0.0000	0.0000	0.0000	0.0000	0.0000	0.0000	0.0259	0.0223	0.0036	0.0087	0.0082	0.0005	0.0172	0.0141	0.0031	0.0090	0.0017	0.0073	0.0023	0.0006	0.0017	0.0067	0.0011	0.0056	0.0000	0.0000	0.0000	0.0000	0.0000	0.0000	0.0000	0.0000	0.0000	0.0000	0.0000	0.0000	0.0000	0.0000	0.0000	0.0000	0.0000	0.0000											
7	69	0.1102	4	1	0	2	0	0	0	0	0	N	N	Y	N	N	N	N	N	N	N	N	N	0.0000	0.0000	0.0000	0.0000	0.0000	0.0000	0.0000	0.0000	0.0000	0.0000	0.0000	0.0000	0.0000	0.0000	0.0000	0.0000	0.0000	0.0000	0.0000	0.0000	0.1278	7.0000	0.0006	2.9994	0.0000	0.0000	0.0000	0.0000	0.0000	0.0000	0.0000	0.0000	0.0000	0.0000	0.0000	0.0000	0.0000	0.0000	0.0000	0.0000	0.0000	0.0000	0.0350	0.0303	0.0047	0.0121	0.0113	0.0007	0.0229	0.0190	0.0039	0.0097	0.0019	0.0078	0.0025	0.0007	0.0018	0.0072	0.0012	0.0060	0.0000	0.0000	0.0000	0.0000	0.0000	0.0000	0.0000	0.0000	0.0000	0.0000	0.0000	0.0000	0.0000	0.0000	0.0000	0.0000	0.0000	0.0000											
7	70	0.1102	4	0	1	1	1	0	0	0	0	N	N	N	N	N	N	N	N	N	N	N	N	0.0000	0.0000	0.0000	0.0000	0.0000	0.0000	0.0000	0.0000	0.0000	0.0000	0.0000	0.0000	0.0000	0.0000	0.0000	0.0000	0.0000	0.0000	0.0000	0.0000	0.1278	4.0000	0.0006	5.0006	0.0000	0.0000	0.0000	0.0000	0.0000	0.0000	0.0000	0.0000	0.0000	0.0000	0.0000	0.0000	0.0000	0.0000	0.0000	0.0000	0.0000	0.0000	0.0211	0.0182	0.0030	0.0070	0.0066	0.0004	0.0141	0.0116	0.0026	0.0090	0.0017	0.0073	0.0023	0.0006	0.0017	0.0067	0.0011	0.0056	0.0000	0.0000	0.0000	0.0000	0.0000	0.0000	0.0000	0.0000	0.0000	0.0000	0.0000	0.0000	0.0000	0.0000	0.0000	0.0000	0.0000	0.0000											
7	71	0.1102	4	0	1	1	0	0	0	0	0	N	N	N	N	N	N	N	N	N	N	N	N	0.0000	0.0000	0.0000	0.0000	0.0000	0.0000	0.0000	0.0000	0.0000	0.0000	0.0000	0.0000	0.0000	0.0000	0.0000	0.0000	0.0000	0.0000	0.0000	0.0000	0.1278	7.0000	0.0006	4.9994	0.0000	0.0000	0.0000	0.0000	0.0000	0.0000	0.0000	0.0000	0.0000	0.0000	0.0000	0.0000	0.0000	0.0000	0.0000	0.0000	0.0000	0.0000	0.0350	0.0303	0.0047	0.0121	0.0113	0.0007	0.0229	0.0190	0.0039	0.0110	0.0022	0.0088	0.0028	0.0008	0.0020	0.0081	0.0014	0.0068	0.0000	0.0000	0.0000	0.0000	0.0000	0.0000	0.0000	0.0000	0.0000	0.0000	0.0000	0.0000	0.0000	0.0000	0.0000	0.0000	0.0000	0.0000											
7	72	0.1667	5	0	1	1	0	0	0	0	0	N	N	N	N	N	N	N	N	N	N	N	N	0.0000	0.0000	0.0000	0.0000	0.0000	0.0000	0.0000	0.0000	0.0000	0.0000	0.0000	0.0000	0.0000	0.0000	0.0000	0.0000	0.0000	0.0000	0.0000	0.0000	0.1278	4.7764	0.0006	1.3205	0.0000	0.0000	0.0000	0.0000	0.0000	0.0000	0.0000	0.0000	0.0000	0.0000	0.0000	0.0000	0.0000	0.0000	0.0000	0.0000	0.0000	0.0000	0.0262	0.0226	0.0036	0.0103	0.0096	0.0007	0.0159	0.0130	0.0028	0.0065	0.0027	0.0038	0.0035	0.0022	0.0013	0.0030	0.0006	0.0025	0.0000	0.0000	0.0000	0.0000	0.0000	0.0000	0.0000	0.0000	0.0000	0.0000	0.0000	0.0000	0.0000	0.0000	0.0000	0.0000	0.0000	0.0000											
7	73	0.1102	4	0	1	1	0	0	0	0	0	N	N	N	N	N	N	N	N	N	N	N	N	0.0000	0.0000	0.0000	0.0000	0.0000	0.0000	0.0000	0.0000	0.0000	0.0000	0.0000	0.0000	0.0000	0.0000	0.0000	0.0000	0.0000	0.0000	0.0000	0.0000	0.1278	3.3049	0.0006	2.7470	0.0000	0.0000	0.0000	0.0000	0.0000	0.0000	0.0000	0.0000	0.0000	0.0000	0.0000	0.0000	0.0000	0.0000	0.0000	0.0000	0.0000	0.0000	0.0177	0.0152	0.0025	0.0058	0.0055	0.0003	0.0119	0.0097	0.0022	0.0067	0.0012	0.0054	0.0017	0.0005	0.0013	0.0049	0.0008	0.0041	0.0000	0.0000	0.0000	0.0000	0.0000	0.0000	0.0000	0.0000	0.0000	0.0000	0.0000	0.0000	0.0000	0.0000	0.0000	0.0000	0.0000	0.0000											
7	74	0.1689	5	0	1	1	0	0	0	0	0	N	N	N	N	N	N	N	N	N	N	N	N	0.0000	0.0000	0.0000	0.0000	0.0000	0.0000	0.0000	0.0000	0.0000	0.0000	0.0000	0.0000	0.0000	0.0000	0.0000	0.0000	0.0000	0.0000	0.0000	0.0000	0.1278	0.0000	0.0006	0.0000	0.0000	0.0000	0.0000	0.0000	0.0000	0.0000	0.0000	0.0000	0.0000	0.0000	0.0000	0.0000	0.0000	0.0000	0.0000	0.0000	0.0000	0.0000	0.0000	0.0000	0.0000	0.0000	0.0000	0.0000	0.0000	0.0000	0.0000	0.0000	0.0000	0.0000	0.0000	0.0000	0.0000	0.0000	0.0000	0.0000	0.0000	0.0000	0.0000	0.0000	0.0000	0.0000	0.0000	0.0000	0.0000	0.0000	0.0000	0.0000	0.0000	0.0000	0.0000	0.0000	0.0000	0.0000											
7	75	0.1102	4	0	1	1	0	0	0	0	0	N	N	N	N	N	N	N	N	N	N	N	N	0.0000	0.0000	0.0000	0.0000	0.0000	0.0000	0.0000	0.0000	0.0000	0.0000	0.0000	0.0000	0.0000	0.0000	0.0000	0.0000	0.0000	0.0000	0.0000	0.0000	0.1278	4.3567	0.0006	2.3689	0.0000	0.0000	0.0000	0.0000	0.0000	0.0000	0.0000	0.0000	0.0000	0.0000	0.0000	0.0000	0.0000	0.0000	0.0000	0.0000	0.0000	0.0000	0.0229	0.0197	0.0032	0.0076	0.0072	0.0005	0.0152	0.0125	0.0027	0.0072	0.0014	0.0059	0.0019	0.0005	0.0014	0.0053	0.0009	0.0045	0.0000	0.0000	0.0000	0.0000	0.0000	0.0000	0.0000	0.0000	0.0000	0.0000	0.0000	0.0000	0.0000	0.0000	0.0000	0.0000	0.0000	0.0000											
7	76	0.1776	7	1	1	1	1	0	0	0	0	N	N	N	N	N	N	N	N	N	N	N	N	0.0000	0.0000	0.0000	0.0000	0.0000	0.0000	0.0000	0.0000	0.0000	0.0000	0.0000	0.0000	0.0000	0.0000	0.0000	0.0000	0.0000	0.0000	0.0000	0.0000	0.1278	0.0000	0.0006	0.0000	0.0000	0.0000	0.0000	0.0000	0.0000	0.0000	0.0000	0.0000	0.0000	0.0000	0.0000	0.0000	0.0000	0.0000	0.0000	0.0000	0.0000	0.0000	0.0000	0.0000	0.0000	0.0000	0.0000	0.0000	0.0000	0.0000	0.0000	0.0000	0.0000	0.0000	0.0000	0.0000	0.0000	0.0000	0.0000	0.0000	0.0000	0.0000	0.0000	0.0000	0.0000	0.0000	0.0000	0.0000	0.0000	0.0000	0.0000	0.0000	0.0000	0.0000	0.0000	0.0000	0.0000	0.0000											
7	77	0.1692	6	1	1	1	1	0	0	0	0	N	N	N	N	N	N	N	N	N	N	N	N	0.0000	0.0000	0.0000	0.0000	0.0000	0.0000	0.0000	0.0000	0.0000	0.0000	0.0000	0.0000	0.0000	0.0000	0.0000	0.0000	0.0000	0.0000	0.0000	0.0000	0.1278	1.0073	0.0006	0.3366	0.0000	0.0000	0.0000	0.0000	0.0000	0.0000	0.0000	0.0000	0.0000	0.0000	0.0000	0.0000	0.0000	0.0000	0.0000	0.0000	0.0000	0.0000	0.0054	0.0047	0.0007	0.0021	0.0020	0.0001	0.0033	0.0027	0.0005	0.0009	0.0003	0.0006	0.0002	0.0002	0.0000	0.0007	0.0002	0.0005	0.0000	0.0000	0.0000	0.0000	0.0000	0.0000	0.0000	0.0000	0.0000	0.0000	0.0000	0.0000	0.0000	0.0000	0.0000	0.0000	0.0000	0.0000											
7	78	0.1950	6	0	1	1	1	0	0	0	0	N	N	N	N	N	N	N	N	N	N	N	N	0.0000	0.0000	0.0000	0.0000	0.0000	0.0000	0.0000	0.0000	0.0000	0.0000	0.0000	0.0000	0.0000	0.0000	0.0000	0.0000	0.0000	0.0000	0.0000	0.0000	0.1278	0.0000	0.0006	0.0000	0.0000	0.0000	0.0000	0.0000	0.0000	0.0000	0.0000	0.0000	0.0000	0.0000	0.0000	0.0000	0.0000	0.0000	0.0000	0.0000	0.0000	0.0000	0.0000	0.0000	0.0000	0.0000	0.0000	0.0000	0.0000	0.0000	0.0000	0.0000	0.0000	0.0000	0.0000	0.0000	0.0000	0.0000	0.0000	0.0000	0.0000	0.0000	0.0000	0.0000	0.0000	0.0000	0.0000	0.0000	0.0000	0.0000	0.0000	0.0000	0.0000	0.0000	0.0000	0.0000	0.0000	0.0000											
7	79	0.1868	5	0	1	1	1	0	0	0	0	N	N	N	N	N	N	N	N	N	N	N	N	0.0000	0.0000	0.0000	0.0000	0.0000	0.0000	0.0000	0.0000	0.0000	0.0000	0.0000	0.0000	0.0000	0.0000	0.0000	0.0000	0.0000	0.0000	0.0000	0.0000	0.1278	0.0000	0.0006	1.0000	0.0000	0.0000	0.0000	0.0000	0.0000	0.0000	0.0000	0.0000	0.0000	0.0000	0.0000	0.0000	0.0000	0.0000	0.0000	0.0000	0.0000	0.0000	0.0000	0.0000	0.0000	0.0000	0.0000	0.0000	0.0000	0.0000	0.0000	0.0012	0.0004	0.0008	0.0001	0.0001	0.0000	0.0011	0.0003	0.0008	0.0000	0.0000	0.0000	0.0000	0.0000	0.0000	0.0000	0.0000	0.0000	0.0000	0.0000	0.0000	0.0000	0.0000	0.0000	0.0000	0.0000	0.0000											
7	80	0.1692	6	0	1	1	0	0	0	0	0	N	N	N	N	N	N	N	N	N	N	N	N	0.0000	0.0000	0.0000	0.0000	0.0000	0.0000	0.0000	0.0000	0.0000	0.0000	0.0000	0.0000	0.0000	0.0000	0.0000	0.0000	0.0000	0.0000	0.0000	0.0000	0.1278	3.9927	0.0006	1.0002	0.0000	0.0000	0.0000	0.0000	0.0000	0.0000	0.0000	0.0000	0.0000	0.0000	0.0000	0.0000	0.0000	0.0000	0.0000	0.0000	0.0000	0.0000	0.0201	0.0177	0.0025	0.0082	0.0077	0.0006	0.0119	0.0100	0.0019	0.0028	0.0010	0.0018	0.0005	0.0005	0.0000	0.0023	0.0006	0.0017	0.0000	0.0000	0.0000	0.0000	0.0000	0.0000	0.0000	0.0000	0.0000	0.0000	0.0000	0.0000	0.0000	0.0000	0.0000	0.0000	0.0000	0.0000											
7	81	0.1646	5	0	1	1	0	0	0	0	0	N	N	N	N	N	N	N	N	N	N	N	N	0.0000	0.0000	0.0000	0.0000	0.0000	0.0000	0.0000	0.0000	0.0000	0.0000	0.0000	0.0000	0.0000	0.0000	0.0000	0.0000	0.0000	0.0000	0.0000	0.0000	0.1278	0.0110	0.0006	0.6549	0.0000	0.0000	0.0000	0.0000	0.0000	0.0000	0.0000	0.0000	0.0000	0.0000	0.0000	0.0000	0.0000	0.0000	0.0000	0.0000	0.0000	0.0000	0.0001	0.0001	0.0000	0.0000	0.0000	0.0000	0.0000	0.0000	0.0000	0.0004	0.0001	0.0003	0.0001	0.0001	0.0000	0.0003	0.0001	0.0003	0.0000	0.0000	0.0000	0.0000	0.0000	0.0000	0.0000	0.0000	0.0000	0.0000	0.0000	0.0000	0.0000	0.0000	0.0000	0.0000	0.0000	0.0000											
7	82	0.1868	5	0	0	2	1	0	0	0	0	N	N	Y	N	N	N	N	N	N	N	N	N	0.0000	0.0000	0.0000	0.0000	0.0000	0.0000	0.0000	0.0000	0.0000	0.0000	0.0000	0.0000	0.0000	0.0000	0.0000	0.0000	0.0000	0.0000	0.0000	0.0000	0.1278	1.0000	0.0006	0.0000	0.0000	0.0000	0.0000	0.0000	0.0000	0.0000	0.0000	0.0000	0.0000	0.0000	0.0000	0.0000	0.0000	0.0000	0.0000	0.0000	0.0000	0.0000	0.0053	0.0046	0.0007	0.0019	0.0018	0.0001	0.0034	0.0029	0.0006	0.0012	0.0004	0.0008	0.0001	0.0001	0.0000	0.0011	0.0003	0.0008	0.0000	0.0000	0.0000	0.0000	0.0000	0.0000	0.0000	0.0000	0.0000	0.0000	0.0000	0.0000	0.0000	0.0000	0.0000	0.0000	0.0000	0.0000											
7	83	0.1868	5	0	0	2	1	0	0	0	0	N	N	Y	N	N	N	N	N	N	N	N	N	0.0000	0.0000	0.0000	0.0000	0.0000	0.0000	0.0000	0.0000	0.0000	0.0000	0.0000	0.0000	0.0000	0.0000	0.0000	0.0000	0.0000	0.0000	0.0000	0.0000	0.1278	0.0000	0.0006	0.0000	0.0000	0.0000	0.0000	0.0000	0.0000	0.0000	0.0000	0.0000	0.0000	0.0000	0.0000	0.0000	0.0000	0.0000	0.0000	0.0000	0.0000	0.0000	0.0000	0.0000	0.0000	0.0000	0.0000	0.0000	0.0000	0.0000	0.0000	0.0000	0.0000	0.0000	0.0000	0.0000	0.0000	0.0000	0.0000	0.0000	0.0000	0.0000	0.0000	0.0000	0.0000	0.0000	0.0000	0.0000	0.0000	0.0000	0.0000	0.0000	0.0000	0.0000	0.0000	0.0000	0.0000	0.0000											
7	84	0.1102	4	0	0	1	1	0	0	0	0	N	N	N	N	N	N	N	N	N	N	N	N	0.0000	0.0000	0.0000	0.0000	0.0000	0.0000	0.0000	0.0000	0.0000	0.0000	0.0000	0.0000	0.0000	0.0000	0.0000	0.0000	0.0000	0.0000	0.0000	0.0000	0.1278	3.0000	0.0006	5.9994	0.0000	0.0000	0.0000	0.0000	0.0000	0.0000	0.0000	0.0000	0.0000	0.0000	0.0000	0.0000	0.0000	0.0000	0.0000	0.0000	0.0000	0.0000	0.0162	0.0138	0.0023	0.0053	0.0050	0.0003	0.0109	0.0089	0.0020	0.0090	0.0017	0.0073	0.0023	0.0006	0.0017	0.0067	0.0011	0.0056	0.0000	0.0000	0.0000	0.0000	0.0000	0.0000	0.0000	0.0000	0.0000	0.0000	0.0000	0.0000	0.0000	0.0000	0.0000	0.0000	0.0000	0.0000											
7	85	0.2477	5	1	1	1	0	0	0	0	0	N	N	N	N	N	N	N	N	N	N	N	N	0.0000	0.0000	0.0000	0.0000	0.0000	0.0000	0.0000	0.0000	0.0000	0.0000	0.0000	0.0000	0.0000	0.0000	0.0000	0.0000	0.0000	0.0000	0.0000	0.0000	0.1278	0.0000	0.0006	0.0000	0.0000	0.0000	0.0000	0.0000	0.0000	0.0000	0.0000	0.0000	0.0000	0.0000	0.0000	0.0000	0.0000	0.0000	0.0000	0.0000	0.0000	0.0000	0.0000	0.0000	0.0000	0.0000	0.0000	0.0000	0.0000	0.0000	0.0000	0.0000	0.0000	0.0000	0.0000	0.0000	0.0000	0.0000	0.0000	0.0000	0.0000	0.0000	0.0000	0.0000	0.0000	0.0000	0.0000	0.0000	0.0000	0.0000	0.0000	0.0000	0.0000	0.0000	0.0000	0.0000	0.0000	0.0000											
7	86	0.1102	4	1	1	1	0	0	0	0	0	N	N	N	N	N	N	N	N	N	N	N	N	0.0000	0.0000	0.0000	0.0000	0.0000	0.0000	0.0000	0.0000	0.0000	0.0000	0.0000	0.0000	0.0000	0.0000	0.0000	0.0000	0.0000	0.0000	0.0000	0.0000	0.1278	5.0000	0.0006	7.0006	0.0000	0.0000	0.0000	0.0000	0.0000	0.0000	0.0000	0.0000	0.0000	0.0000	0.0000	0.0000	0.0000	0.0000	0.0000	0.0000	0.0000	0.0000	0.0259	0.0223	0.0036	0.0087	0.0082	0.0005	0.0172	0.0141	0.0031	0.0110	0.0022	0.0088	0.0028	0.0008	0.0020	0.0081	0.0014	0.0068	0.0000	0.0000	0.0000	0.0000	0.0000	0.0000	0.0000	0.0000	0.0000	0.0000	0.0000	0.0000	0.0000	0.0000	0.0000	0.0000	0.0000	0.0000											
7	87	0.1102	4	0	1	1	0	0	0	0	0	N	N	N	N	N	N	N	N	N	N	N	N	0.0000	0.0000	0.0000	0.0000	0.0000	0.0000	0.0000	0.0000	0.0000	0.0000	0.0000	0.0000	0.0000	0.0000	0.0000	0.0000	0.0000	0.0000	0.0000	0.0000	0.1278	1.0000	0.0006	3.0006	0.0000	0.0000	0.0000	0.0000	0.0000	0.0000	0.0000	0.0000	0.0000	0.0000	0.0000	0.0000	0.0000	0.0000	0.0000	0.0000	0.0000	0.0000	0.0056	0.0048	0.0008	0.0018	0.0017	0.0001	0.0038	0.0031	0.0007	0.0047	0.0009	0.0038	0.0012	0.0003	0.0009	0.0035	0.0005	0.0029	0.0000	0.0000	0.0000	0.0000	0.0000	0.0000	0.0000	0.0000	0.0000	0.0000	0.0000	0.0000	0.0000	0.0000	0.0000	0.0000	0.0000	0.0000											
7	88	0.1646	5	1	1	1	0	0	0	0	0	N	N	N	N	N	N	N	N	N	N	N	N	0.0000	0.0000	0.0000	0.0000	0.0000	0.0000	0.0000	0.0000	0.0000	0.0000	0.0000	0.0000	0.0000	0.0000	0.0000	0.0000	0.0000	0.0000	0.0000	0.0000	0.1278	0.0000	0.0006	0.0000	0.0000	0.0000	0.0000	0.0000	0.0000	0.0000	0.0000	0.0000	0.0000	0.0000	0.0000	0.0000	0.0000	0.0000	0.0000	0.0000	0.0000	0.0000	0.0000	0.0000	0.0000	0.0000	0.0000	0.0000	0.0000	0.0000	0.0000	0.0000	0.0000	0.0000	0.0000	0.0000	0.0000	0.0000	0.0000	0.0000	0.0000	0.0000	0.0000	0.0000	0.0000	0.0000	0.0000	0.0000	0.0000	0.0000	0.0000	0.0000	0.0000	0.0000	0.0000	0.0000	0.0000	0.0000											
7	89	0.1102	4	0	1	1	0	0	0	0	0	N	N	N	N	N	N	N	N	N	N	N	N	0.0000	0.0000	0.0000	0.0000	0.0000	0.0000	0.0000	0.0000	0.0000	0.0000	0.0000	0.0000	0.0000	0.0000	0.0000	0.0000	0.0000	0.0000	0.0000	0.0000	0.1278	4.0000	0.0006	4.0001	0.0000	0.0000	0.0000	0.0000	0.0000	0.0000	0.0000	0.0000	0.0000	0.0000	0.0000	0.0000	0.0000	0.0000	0.0000	0.0000	0.0000	0.0000	0.0211	0.0182	0.0030	0.0070	0.0066	0.0004	0.0141	0.0116	0.0026	0.0083	0.0016	0.0067	0.0022	0.0006	0.0016	0.0061	0.0010	0.0051	0.0000	0.0000	0.0000	0.0000	0.0000	0.0000	0.0000	0.0000	0.0000	0.0000	0.0000	0.0000	0.0000	0.0000	0.0000	0.0000	0.0000	0.0000											
7	91	0.2557	6	0	0	1	0	0	0	0	0	N	N	N	N	N	N	N	N	N	N	N	N	inf	inf	inf	inf	inf	inf	0.0001	0.0001	0.0000	0.0003	0.0003	0.0000	0.0000	0.0000	0.0000	0.0000	0.0000	0.0000	0.0000	0.0000	0.0000	0.0000	0.0000	0.0000	0.0000	-0.0000	0.0000	0.1278	11.5137	0.0006	4.9035	0.0000	0.0000	0.0000	0.0000	0.0000	0.0000	0.0000	0.0000	0.0000	0.0000	0.0000	0.0000	0.0000	0.0000	0.0000	0.0000	0.0000	0.0000	0.0587	0.0517	0.0071	0.0239	0.0224	0.0015	0.0349	0.0293	0.0056	0.0151	0.0045	0.0105	0.0051	0.0027	0.0024	0.0100	0.0019	0.0081	inf	inf	0.0000	inf	inf	0.0000	inf	inf	0.0000	0.0000	0.0000	0.0000	0.0000	0.0000	0.0000	0.0000	0.0000	0.0000				
8	9	0.1930	2	1	1	1	1	0	0	0	0	N	N	N	N	N	N	N	N	N	N	N	N	0.0100	0.0000	0.2094	0.4401	0.0000	inf	0.0103	0.1238	0.0129	0.0000	0.1408	0.0098	0.0000	0.2247	0.0148	0.0000	0.1215	1.2813	0.0241	0.6721	0.0223	0.0389	0.0000	1.4355	0.0000	0.9807	inf	40.8736	0.0014	0.0286	6.0000	1.0190	3.0006	2.2112	0.0023	0.0000	0.0023	0.0007	0.0000	0.0007	0.0016	0.0000	0.0016	0.0939	0.0022	0.0917	0.0022	0.0022	0.0000	0.0917	0.0000	0.0917	0.1794	0.1630	0.0164	0.0703	0.0672	0.0031	0.1092	0.0958	0.0133	0.2293	0.0929	0.1364	0.1005	0.0576	0.0429	0.1288	0.0353	0.0935	0.0314	0.0000	0.2094	0.4401	0.0000	inf	0.0209	0.0000	0.1238	0.4095	0.0241	0.6721	0.0223	0.0389	0.0000	0.7117	0.0000	0.9807	
8	10	0.1939	2	1	1	0	1	0	0	0	0	N	N	N	N	N	N	N	N	N	N	N	N	0.0000	0.0000	0.0000	0.0000	0.0000	0.0000	0.0000	0.0000	0.0000	0.0000	0.0000	0.0000	0.0000	0.0000	0.0000	0.0000	0.0000	0.0000	0.0000	0.0000	6.0000	0.0000	3.0006	1.0000	0.0000	0.0000	0.0000	0.0000	0.0000	0.0000	0.0000	0.0000	0.0000	0.0000	0.0000	0.0000	0.0000	0.0000	0.0000	0.0000	0.0000	0.0000	0.0000	0.0000	0.0000	0.0000	0.0000	0.0000	0.0000	0.0000	0.0000	0.0584	0.0181	0.0403	0.0197	0.0067	0.0129	0.0387	0.0113	0.0274	0.0000	0.0000	0.0000	0.0000	0.0000	0.0000	0.0000	0.0000	0.0000	0.0000	0.0000	0.0000	0.0000	0.0000	0.0000	0.0000	0.0000	0.0000											
8	11	0.1741	3	1	2	0	1	0	0	0	0	N	Y	N	N	N	N	N	N	N	N	N	N	0.5504	0.1810	1.3038	0.6938	0.0029	0.0034	0.0000	0.0231	0.0270	0.0000	0.0000	0.0000	0.0000	0.0052	0.0186	0.0000	0.0177	0.0389	0.0000	0.0000	0.0000	0.0000	0.0000	0.0000	-0.0002	-0.0003	6.0000	1.0886	3.0006	0.0502	0.0006	0.0006	0.0000	0.0006	0.0006	0.0000	0.0000	0.0000	0.0000	0.0005	0.0005	0.0000	0.0005	0.0005	0.0000	0.0000	0.0000	0.0000	0.1943	0.1659	0.0284	0.0243	0.0207	0.0035	0.1700	0.1452	0.0248	0.0981	0.0276	0.0706	0.0290	0.0132	0.0158	0.0691	0.0144	0.0547	0.5504	0.1810	0.0000	1.3038	0.6938	0.0000	0.0000	0.0000	0.0000	0.0052	0.0186	0.0000	0.0177	0.0389	0.0000	0.0000	0.0000	0.0000					
8	13	0.2021	3	1	2	0	1	0	0	0	0	N	Y	N	N	N	N	N	N	N	N	N	N	0.0000	0.0000	0.0000	0.0000	0.0000	0.0000	0.0000	0.0000	0.0000	0.0000	0.0000	0.0000	0.0000	0.0000	0.0000	0.0000	0.0000	0.0000	0.0000	0.0000	6.0000	0.0000	3.0006	0.0000	0.0000	0.0000	0.0000	0.0000	0.0000	0.0000	0.0000	0.0000	0.0000	0.0000	0.0000	0.0000	0.0000	0.0000	0.0000	0.0000	0.0000	0.0000	0.0000	0.0000	0.0000	0.0000	0.0000	0.0000	0.0000	0.0000	0.0000	0.0000	0.0000	0.0000	0.0000	0.0000	0.0000	0.0000	0.0000	0.0000	0.0000	0.0000	0.0000	0.0000	0.0000	0.0000	0.0000	0.0000	0.0000	0.0000	0.0000	0.0000	0.0000	0.0000	0.0000	0.0000	0.0000	0.0000											
8	14	0.1551	2	2	2	0	0	0	0	0	0	Y	Y	N	N	N	N	N	N	N	N	N	N	0.0169	0.0048	0.0000	0.0023	0.0024	0.0000	0.0000	0.0000	0.0001	0.0001	0.0000	0.0011	0.0011	0.0000	0.0000	0.0000	0.0000	0.0070	0.0291	0.0000	0.4666	0.4764	0.0146	0.0000	0.0000	0.0000	0.0000	0.0007	-0.0000	-0.0011	6.0000	3.0234	3.0006	1.0170	0.0001	0.0001	0.0000	0.0001	0.0001	0.0000	0.0000	0.0000	0.0000	0.0016	0.0016	0.0000	0.0016	0.0016	0.0000	0.0000	0.0000	0.0000	0.5050	0.4268	0.0782	0.0559	0.0523	0.0036	0.4491	0.3745	0.0746	0.2249	0.0543	0.1706	0.0034	0.0033	0.0001	0.2215	0.0510	0.1705	0.0169	0.0048	0.0000	0.0023	0.0024	0.0000	0.0000	0.0000	0.0000	0.0070	0.0291	0.0000	0.4666	0.4764	0.0146	0.0000	0.0000	0.0000	
8	16	0.1741	3	1	1	0	1	0	0	0	0	N	N	N	N	N	N	N	N	N	N	N	N	0.0155	0.0045	0.0328	0.0150	0.0000	0.0000	0.0000	0.0002	0.0002	0.0000	0.0000	0.0000	0.0000	0.0013	0.0053	0.0000	0.0052	0.0134	0.0000	0.0000	0.0000	0.0000	0.0000	0.0000	-0.0000	-0.0003	6.0000	2.9121	3.0006	3.0117	0.0000	0.0000	0.0000	0.0000	0.0000	0.0000	0.0000	0.0000	0.0000	0.0005	0.0005	0.0000	0.0005	0.0005	0.0000	0.0000	0.0000	0.0000	0.4903	0.4198	0.0705	0.0584	0.0497	0.0087	0.4319	0.3701	0.0618	0.3912	0.0973	0.2939	0.0984	0.0384	0.0600	0.2928	0.0589	0.2339	0.0155	0.0045	0.0000	0.0328	0.0150	0.0000	0.0000	0.0000	0.0000	0.0013	0.0053	0.0000	0.0052	0.0134	0.0000	0.0000	0.0000	0.0000					
8	17	0.1495	2	1	1	0	1	0	0	0	0	N	N	N	N	N	N	N	N	N	N	N	N	21.1475	12.2769	0.9028	33.3078	31.6410	0.0000	4.7125	13.5526	0.9717	0.1230	0.1425	0.0021	0.6543	0.7290	0.0000	0.0194	0.0224	0.0024	0.0058	0.0116	0.0023	0.0196	0.0230	0.0000	0.0041	0.0017	0.0024	0.0024	0.3288	-0.0016	-0.0009	6.0000	0.1693	3.0006	3.5362	0.0042	0.0042	0.0000	0.0037	0.0037	0.0000	0.0006	0.0005	0.0000	0.0021	0.0016	0.0005	0.0016	0.0016	0.0000	0.0005	0.0000	0.0005	0.0344	0.0296	0.0048	0.0056	0.0050	0.0006	0.0288	0.0246	0.0042	0.3543	0.1335	0.2208	0.0789	0.0673	0.0116	0.2754	0.0662	0.2092	21.1475	12.2769	0.9028	33.3078	31.6410	0.0000	10.5065	13933.0418	0.9717	0.0058	0.0116	0.0023	0.0196	0.0230	0.0000	0.0019	0.0000	0.0024
8	19	0.1851	2	1	2	0	0	0	0	0	0	N	Y	N	N	N	N	N	N	N	N	N	N	1.1894	0.2956	0.0000	0.0000	inf	inf	0.0103	0.0124	0.0000	0.0000	0.0000	0.0000	0.0108	0.0130	0.0000	0.0087	0.0419	0.0000	0.0354	0.1080	0.0000	0.0000	0.0000	0.0000	0.0000	0.0000	-0.0013	-0.0015	6.0000	2.0070	3.0006	1.9996	0.0033	0.0033	0.0000	0.0000	0.0000	0.0000	0.0033	0.0033	0.0000	0.0023	0.0023	0.0000	0.0023	0.0023	0.0000	0.0000	0.0000	0.0000	0.3158	0.2635	0.0523	0.0136	0.0129	0.0007	0.3022	0.2506	0.0516	0.2655	0.0551	0.2105	0.0652	0.0213	0.0439	0.2004	0.0337	0.1666	1.1894	0.2956	0.0000	0.0000	0.0000	0.0000	inf	inf	0.0000	0.0087	0.0419	0.0000	0.0354	0.1080	0.0000	0.0000	0.0000	0.0000			
8	21	0.1738	2	2	2	0	0	0	0	0	0	Y	Y	N	N	N	N	N	N	N	N	N	N	1.4492	inf	8.1690	138966.2239	inf	855.1135	0.7608	4.2814	2.8529	0.0273	21.0661	4.3236	0.1089	102.5787	2.4228	0.0000	14.9968	1.9685	0.0000	2.5788	0.0000	0.0000	0.1200	3.1846	0.0000	3.5027	119.7249	inf	0.3857	0.0986	6.0000	0.9600	3.0006	1.3160	0.6362	0.0053	0.6309	0.2182	0.0053	0.2129	0.4180	0.0000	0.4180	0.3008	0.0000	0.3008	0.0000	0.0000	0.0000	0.3008	0.0000	0.3008	0.2230	0.1931	0.0300	0.0505	0.0484	0.0021	0.1725	0.1447	0.0279	0.2074	0.0908	0.1167	0.0749	0.0749	0.0000	0.1325	0.0159	0.1166	1.9671	inf	8.1690	138966.2239	inf	855.1135	1.0675	0.0000	5.8145	1.4503	0.0000	2.5788	0.0000	0.0000	0.1200	2.2696	0.0000	2.5792	
8	22	0.1996	3	1	2	0	0	0	0	0	0	N	Y	N	N	N	N	N	N	N	N	N	N	0.0000	0.0000	0.0000	0.0000	0.0000	0.0000	0.0000	0.0000	0.0000	0.0000	0.0000	0.0000	0.0000	0.0000	0.0000	0.0000	0.0000	0.0000	0.0000	0.0000	6.0000	0.0000	3.0006	0.0000	0.0000	0.0000	0.0000	0.0000	0.0000	0.0000	0.0000	0.0000	0.0000	0.0000	0.0000	0.0000	0.0000	0.0000	0.0000	0.0000	0.0000	0.0000	0.0000	0.0000	0.0000	0.0000	0.0000	0.0000	0.0000	0.0000	0.0000	0.0000	0.0000	0.0000	0.0000	0.0000	0.0000	0.0000	0.0000	0.0000	0.0000	0.0000	0.0000	0.0000	0.0000	0.0000	0.0000	0.0000	0.0000	0.0000	0.0000	0.0000	0.0000	0.0000	0.0000	0.0000	0.0000	0.0000											
8	25	0.1643	2	1	2	1	1	0	0	0	0	N	Y	N	N	N	N	N	N	N	N	N	N	1.3921	0.5551	0.0000	1.1153	1.1827	0.0000	0.0000	0.0000	0.0124	0.0144	0.0000	0.0591	0.0656	0.0000	0.0000	0.0000	0.0000	0.0089	0.0260	0.0000	0.0530	0.0555	0.0007	0.0000	0.0000	0.0000	0.0000	0.0006	-0.0009	-0.0011	6.0000	0.8908	3.0006	1.0730	0.0022	0.0022	0.0000	0.0022	0.0022	0.0000	0.0000	0.0000	0.0000	0.0016	0.0016	0.0000	0.0016	0.0016	0.0000	0.0000	0.0000	0.0000	0.1803	0.1555	0.0249	0.0379	0.0341	0.0038	0.1424	0.1213	0.0211	0.1760	0.0605	0.1156	0.0296	0.0283	0.0013	0.1464	0.0322	0.1142	1.3921	0.5551	0.0000	1.1153	1.1827	0.0000	0.0000	0.0000	0.0000	0.0089	0.0260	0.0000	0.0530	0.0555	0.0007	0.0000	0.0000	0.0000	
8	28	0.1930	2	2	2	0	0	0	0	0	0	Y	Y	N	N	N	N	N	N	N	N	N	N	0.0041	0.0000	0.0896	0.1922	0.0000	inf	0.0047	0.0536	0.0048	0.0000	0.0513	0.0038	0.0000	0.0815	0.0054	0.0000	0.0443	1.1742	0.0212	0.5726	0.0200	0.0362	0.0000	1.1356	0.0000	0.8262	inf	41.8630	0.0014	0.0286	6.0000	2.9919	3.0006	1.1331	0.0023	0.0000	0.0023	0.0007	0.0000	0.0007	0.0016	0.0000	0.0016	0.0939	0.0022	0.0917	0.0022	0.0022	0.0000	0.0917	0.0000	0.0917	0.4809	0.4359	0.0450	0.1797	0.1712	0.0085	0.3012	0.2646	0.0366	0.2633	0.1032	0.1601	0.1096	0.0605	0.0491	0.1536	0.0427	0.1110	0.0135	0.0000	0.0896	0.1922	0.0000	inf	0.0090	0.0000	0.0536	0.3566	0.0212	0.5726	0.0200	0.0362	0.0000	0.5967	0.0000	0.8262	
8	30	0.1304	2	1	2	0	1	0	0	0	0	N	Y	N	N	N	N	N	N	N	N	N	N	0.0000	0.0000	0.0000	0.0000	0.0000	0.0000	0.0000	0.0000	0.0000	0.0000	0.0000	0.0000	0.0000	0.0000	0.0000	0.0000	0.0000	0.0000	0.0000	0.0000	6.0000	3.9676	3.0006	1.0007	0.0000	0.0000	0.0000	0.0000	0.0000	0.0000	0.0000	0.0000	0.0000	0.0000	0.0000	0.0000	0.0000	0.0000	0.0000	0.0000	0.0000	0.0000	0.6681	0.5795	0.0886	0.1476	0.1333	0.0143	0.5205	0.4462	0.0743	0.2602	0.0642	0.1960	0.0108	0.0101	0.0007	0.2494	0.0541	0.1953	0.0000	0.0000	0.0000	0.0000	0.0000	0.0000	0.0000	0.0000	0.0000	0.0000	0.0000	0.0000	0.0000	0.0000	0.0000	0.0000	0.0000	0.0000											
8	32	0.1593	2	1	1	1	0	0	0	0	0	N	N	N	N	N	N	N	N	N	N	N	N	645.1561	185.1413	0.0000	78.7330	75.2172	0.0000	1.3311	1.7505	0.0000	3.1883	3.2306	0.0000	0.0000	0.0000	0.0000	0.0021	0.0095	0.0000	0.0405	0.0430	0.0004	0.0000	0.0000	0.0000	0.0000	0.0006	-0.0121	-0.0001	6.0000	0.0319	3.0006	1.0050	0.0314	0.0314	0.0000	0.0314	0.0314	0.0000	0.0000	0.0000	0.0000	0.0002	0.0001	0.0000	0.0002	0.0001	0.0000	0.0000	0.0000	0.0000	0.0236	0.0179	0.0057	0.0098	0.0097	0.0001	0.0137	0.0082	0.0055	0.0727	0.0159	0.0569	0.0037	0.0035	0.0002	0.0690	0.0124	0.0567	645.1561	185.1413	0.0000	78.7330	75.2172	0.0000	0.0000	0.0000	0.0000	0.0021	0.0095	0.0000	0.0405	0.0430	0.0004	0.0000	0.0000	0.0000			
8	33	0.1304	3	1	2	0	0	0	0	0	0	N	Y	N	N	N	N	N	N	N	N	N	N	0.0000	0.0000	0.0000	0.0000	0.0000	0.0000	0.0000	0.0000	0.0000	0.0000	0.0000	0.0000	0.0000	0.0000	0.0000	0.0000	0.0000	0.0000	0.0000	0.0000	6.0000	0.0023	3.0006	1.0003	0.0000	0.0000	0.0000	0.0000	0.0000	0.0000	0.0000	0.0000	0.0000	0.0000	0.0000	0.0000	0.0000	0.0000	0.0000	0.0000	0.0000	0.0000	0.0014	0.0013	0.0001	0.0006	0.0006	0.0000	0.0008	0.0007	0.0001	0.0590	0.0142	0.0449	0.0024	0.0023	0.0002	0.0566	0.0119	0.0447	0.0000	0.0000	0.0000	0.0000	0.0000	0.0000	0.0000	0.0000	0.0000	0.0000	0.0000	0.0000	0.0000	0.0000	0.0000	0.0000	0.0000	0.0000											
8	38	0.1304	3	1	1	1	0	0	0	0	0	N	N	N	N	N	N	N	N	N	N	N	N	0.0000	0.0000	0.0000	0.0000	0.0000	0.0000	0.0000	0.0000	0.0000	0.0000	0.0000	0.0000	0.0000	0.0000	0.0000	0.0000	0.0000	0.0000	0.0000	0.0000	6.0000	1.0023	3.0006	0.0007	0.0000	0.0000	0.0000	0.0000	0.0000	0.0000	0.0000	0.0000	0.0000	0.0000	0.0000	0.0000	0.0000	0.0000	0.0000	0.0000	0.0000	0.0000	0.1810	0.1561	0.0250	0.0406	0.0365	0.0041	0.1404	0.1195	0.0209	0.0591	0.0142	0.0449	0.0024	0.0023	0.0002	0.0566	0.0119	0.0447	0.0000	0.0000	0.0000	0.0000	0.0000	0.0000	0.0000	0.0000	0.0000	0.0000	0.0000	0.0000	0.0000	0.0000	0.0000	0.0000	0.0000	0.0000											
8	39	0.1304	2	1	1	0	0	0	0	0	0	N	N	N	N	N	N	N	N	N	N	N	N	0.0000	0.0000	0.0000	0.0000	0.0000	0.0000	0.0000	0.0000	0.0000	0.0000	0.0000	0.0000	0.0000	0.0000	0.0000	0.0000	0.0000	0.0000	0.0000	0.0000	6.0000	0.0347	3.0006	0.0013	0.0000	0.0000	0.0000	0.0000	0.0000	0.0000	0.0000	0.0000	0.0000	0.0000	0.0000	0.0000	0.0000	0.0000	0.0000	0.0000	0.0000	0.0000	0.0194	0.0184	0.0010	0.0079	0.0078	0.0001	0.0115	0.0107	0.0008	0.0024	0.0006	0.0017	0.0002	0.0002	0.0000	0.0022	0.0005	0.0017	0.0000	0.0000	0.0000	0.0000	0.0000	0.0000	0.0000	0.0000	0.0000	0.0000	0.0000	0.0000	0.0000	0.0000	0.0000	0.0000	0.0000	0.0000											
8	41	0.1703	3	1	2	0	0	0	0	0	0	N	Y	N	N	N	N	N	N	N	N	N	N	200.6522	48.2133	0.0000	0.0000	0.0000	0.0000	inf	inf	0.0742	0.0843	0.0000	0.0000	0.0000	0.0000	0.1013	0.1169	0.0000	0.0004	0.0017	0.0000	0.0085	0.0091	0.0001	0.0000	0.0000	0.0000	0.0000	0.0006	-0.0056	-0.0000	6.0000	1.0144	3.0006	1.0128	0.0146	0.0146	0.0000	0.0000	0.0000	0.0000	0.0146	0.0146	0.0000	0.0001	0.0001	0.0000	0.0001	0.0001	0.0000	0.0000	0.0000	0.0000	0.1961	0.1726	0.0235	0.0524	0.0482	0.0042	0.1436	0.1244	0.0192	0.1353	0.0286	0.1067	0.0059	0.0055	0.0004	0.1294	0.0231	0.1063	200.6522	48.2133	0.0000	0.0000	0.0000	0.0000	inf	inf	0.0000	0.0004	0.0017	0.0000	0.0085	0.0091	0.0001	0.0000	0.0000	0.0000	
8	44	0.2549	2	2	2	0	0	0	0	0	0	Y	Y	N	N	N	N	N	N	N	N	N	N	0.0000	0.0000	0.0000	0.0000	0.0000	0.0000	0.0000	0.0000	0.0000	0.0000	0.0000	0.0000	0.0000	0.0000	0.0000	0.0000	0.0000	0.0000	0.0000	0.0000	6.0000	2.0000	3.0006	1.0000	0.0000	0.0000	0.0000	0.0000	0.0000	0.0000	0.0000	0.0000	0.0000	0.0000	0.0000	0.0000	0.0000	0.0000	0.0000	0.0000	0.0000	0.0000	0.3133	0.2681	0.0451	0.0141	0.0124	0.0018	0.2992	0.2558	0.0434	0.1509	0.0461	0.1048	0.0212	0.0118	0.0093	0.1297	0.0343	0.0954	0.0000	0.0000	0.0000	0.0000	0.0000	0.0000	0.0000	0.0000	0.0000	0.0000	0.0000	0.0000	0.0000	0.0000	0.0000	0.0000	0.0000	0.0000											
8	45	0.1825	3	1	2	0	1	0	0	0	0	N	Y	N	N	N	N	N	N	N	N	N	N	0.0000	0.0000	0.0000	0.0000	0.0000	0.0000	0.0000	0.0000	0.0000	0.0000	0.0000	0.0000	0.0000	0.0000	0.0000	0.0000	0.0000	0.0000	0.0000	0.0000	6.0000	1.0000	3.0006	0.0000	0.0000	0.0000	0.0000	0.0000	0.0000	0.0000	0.0000	0.0000	0.0000	0.0000	0.0000	0.0000	0.0000	0.0000	0.0000	0.0000	0.0000	0.0000	0.1765	0.1508	0.0257	0.0243	0.0209	0.0034	0.1522	0.1299	0.0223	0.0692	0.0139	0.0553	0.0033	0.0023	0.0010	0.0659	0.0116	0.0543	0.0000	0.0000	0.0000	0.0000	0.0000	0.0000	0.0000	0.0000	0.0000	0.0000	0.0000	0.0000	0.0000	0.0000	0.0000	0.0000	0.0000	0.0000											
8	46	0.1825	3	1	1	0	1	0	0	0	0	N	N	N	N	N	N	N	N	N	N	N	N	0.0000	0.0000	0.0000	0.0000	0.0000	0.0000	0.0000	0.0000	0.0000	0.0000	0.0000	0.0000	0.0000	0.0000	0.0000	0.0000	0.0000	0.0000	0.0000	0.0000	6.0000	0.0000	3.0006	0.0000	0.0000	0.0000	0.0000	0.0000	0.0000	0.0000	0.0000	0.0000	0.0000	0.0000	0.0000	0.0000	0.0000	0.0000	0.0000	0.0000	0.0000	0.0000	0.0000	0.0000	0.0000	0.0000	0.0000	0.0000	0.0000	0.0000	0.0000	0.0000	0.0000	0.0000	0.0000	0.0000	0.0000	0.0000	0.0000	0.0000	0.0000	0.0000	0.0000	0.0000	0.0000	0.0000	0.0000	0.0000	0.0000	0.0000	0.0000	0.0000	0.0000	0.0000	0.0000	0.0000	0.0000	0.0000											
8	47	0.1495	2	1	1	0	1	0	0	0	0	N	N	N	N	N	N	N	N	N	N	N	N	953.9803	431.1236	0.0000	0.0857	0.0875	0.0000	33181.5546	inf	0.0000	2.7604	3.2278	0.0000	0.0011	0.0013	0.0000	3.1433	3.6742	0.0000	0.0029	0.0075	0.0002	0.0133	0.0152	0.0021	0.0001	0.0000	0.0001	0.0000	0.0511	-0.3841	-0.0007	6.0000	2.0873	3.0006	1.9360	0.9964	0.9964	0.0000	0.0000	0.0000	0.0000	0.9964	0.9964	0.0000	0.0011	0.0010	0.0001	0.0010	0.0010	0.0000	0.0000	0.0000	0.0000	0.3610	0.3087	0.0523	0.0440	0.0375	0.0065	0.3170	0.2712	0.0458	0.3705	0.1362	0.2343	0.0787	0.0670	0.0117	0.2918	0.0693	0.2225	953.9803	431.1236	0.0000	0.0857	0.0875	0.0000	33181.5546	inf	0.0000	0.0029	0.0075	0.0002	0.0133	0.0152	0.0021	0.0001	0.0000	0.0001
8	51	0.1551	2	2	2	0	0	0	0	0	0	Y	Y	N	N	N	N	N	N	N	N	N	N	0.0452	0.0130	0.0000	0.0055	0.0057	0.0000	0.0000	0.0000	0.0003	0.0004	0.0000	0.0025	0.0027	0.0000	0.0000	0.0000	0.0000	0.0070	0.0291	0.0000	0.4665	0.4763	0.0147	0.0000	0.0000	0.0000	0.0000	0.0007	-0.0000	-0.0011	6.0000	1.0314	3.0006	3.0033	0.0001	0.0001	0.0000	0.0001	0.0001	0.0000	0.0000	0.0000	0.0000	0.0016	0.0016	0.0000	0.0016	0.0016	0.0000	0.0000	0.0000	0.0000	0.1884	0.1590	0.0295	0.0236	0.0223	0.0013	0.1649	0.1367	0.0282	0.2246	0.0542	0.1704	0.0034	0.0033	0.0001	0.2212	0.0509	0.1703	0.0452	0.0130	0.0000	0.0055	0.0057	0.0000	0.0000	0.0000	0.0000	0.0070	0.0291	0.0000	0.4665	0.4763	0.0147	0.0000	0.0000	0.0000	
8	54	0.1703	3	1	1	1	0	0	0	0	0	N	N	N	N	N	N	N	N	N	N	N	N	1856.5546	514.5967	0.0000	0.0000	0.0000	0.0000	inf	inf	1.3292	1.7377	0.0000	0.0000	0.0000	0.0000	2.3690	4.0052	0.0000	0.0007	0.0034	0.0000	0.0153	0.0163	0.0001	0.0000	0.0000	0.0000	0.0000	0.0006	-0.0056	-0.0000	6.0000	0.0147	3.0006	0.9910	0.0146	0.0146	0.0000	0.0000	0.0000	0.0000	0.0146	0.0146	0.0000	0.0001	0.0001	0.0000	0.0001	0.0001	0.0000	0.0000	0.0000	0.0000	0.0109	0.0084	0.0026	0.0048	0.0047	0.0001	0.0061	0.0036	0.0025	0.0699	0.0148	0.0551	0.0033	0.0031	0.0002	0.0666	0.0117	0.0549	1856.5546	514.5967	0.0000	0.0000	0.0000	0.0000	inf	inf	0.0000	0.0007	0.0034	0.0000	0.0153	0.0163	0.0001	0.0000	0.0000	0.0000	
8	55	0.1593	2	1	1	0	0	0	0	0	0	N	N	N	N	N	N	N	N	N	N	N	N	3258.6344	1099.3361	0.0000	0.4633	0.4768	0.0000	15655.3481	inf	0.0000	4.9079	5.7835	0.0000	0.0114	0.0126	0.0000	6.1735	7.4111	0.0000	0.0015	0.0053	0.0005	0.0247	0.0264	0.0002	0.0004	0.0000	0.0005	0.0000	0.3338	-0.3681	-0.0001	6.0000	0.9556	3.0006	1.0192	0.9549	0.9549	0.0000	0.0005	0.0005	0.0000	0.9545	0.9545	0.0000	0.0002	0.0002	0.0001	0.0002	0.0002	0.0000	0.0000	0.0000	0.0000	0.1946	0.1651	0.0295	0.0400	0.0363	0.0036	0.1546	0.1288	0.0258	0.1329	0.0285	0.1043	0.0061	0.0057	0.0004	0.1268	0.0228	0.1039	3258.6344	1099.3361	0.0000	0.4633	0.4768	0.0000	15655.3481	inf	0.0000	0.0015	0.0053	0.0005	0.0247	0.0264	0.0002	0.0004	0.0000	0.0005
8	58	0.2628	3	1	1	0	0	0	0	0	0	N	N	N	N	N	N	N	N	N	N	N	N	0.6298	0.0635	0.0000	0.3660	0.3698	0.0000	18208.4287	inf	0.0000	0.0881	0.1018	0.0000	0.3928	0.4132	0.0000	0.0394	0.0463	0.0000	0.1399	1.6045	0.0001	1.0732	1.1174	0.0185	0.0000	0.0000	0.0000	0.0000	0.0007	-0.0556	-0.0727	6.0000	10.2575	3.0006	3.8960	0.1442	0.1442	0.0000	0.0886	0.0886	0.0000	0.0556	0.0556	0.0000	0.1082	0.1081	0.0001	0.1082	0.1081	0.0001	0.0000	0.0000	0.0000	1.6368	1.4160	0.2208	0.2255	0.2143	0.0111	1.4113	1.2017	0.2096	0.7737	0.2389	0.5348	0.1008	0.0968	0.0041	0.6728	0.1422	0.5307	0.6298	0.2250	0.0000	0.3660	0.3698	0.0000	18208.4287	inf	0.0000	0.1399	0.4526	0.0001	1.0732	1.1174	0.0185	0.0000	0.0000	0.0000
8	59	0.2369	2	2	2	1	0	0	0	0	0	Y	Y	N	N	N	N	N	N	N	N	N	N	0.0000	0.0000	0.0000	0.0000	0.0000	0.0000	0.0000	0.0000	0.0000	0.0000	0.0000	0.0000	0.0000	0.0000	0.0000	0.0000	0.0000	0.0000	0.0000	0.0000	6.0000	0.0000	3.0006	0.0000	0.0000	0.0000	0.0000	0.0000	0.0000	0.0000	0.0000	0.0000	0.0000	0.0000	0.0000	0.0000	0.0000	0.0000	0.0000	0.0000	0.0000	0.0000	0.0000	0.0000	0.0000	0.0000	0.0000	0.0000	0.0000	0.0000	0.0000	0.0000	0.0000	0.0000	0.0000	0.0000	0.0000	0.0000	0.0000	0.0000	0.0000	0.0000	0.0000	0.0000	0.0000	0.0000	0.0000	0.0000	0.0000	0.0000	0.0000	0.0000	0.0000	0.0000	0.0000	0.0000	0.0000	0.0000											
8	61	0.1997	2	2	1	1	0	0	0	0	0	Y	N	N	N	N	N	N	N	N	N	N	N	0.0000	0.0000	0.0000	0.0000	0.0000	0.0000	0.0000	0.0000	0.0000	0.0000	0.0000	0.0000	0.0000	0.0000	0.0000	0.0000	0.0000	0.0000	0.0000	0.0000	6.0000	2.0000	3.0006	0.0000	0.0000	0.0000	0.0000	0.0000	0.0000	0.0000	0.0000	0.0000	0.0000	0.0000	0.0000	0.0000	0.0000	0.0000	0.0000	0.0000	0.0000	0.0000	0.2941	0.2452	0.0489	0.0235	0.0220	0.0016	0.2706	0.2232	0.0473	0.0906	0.0345	0.0560	0.0466	0.0225	0.0240	0.0440	0.0120	0.0320	0.0000	0.0000	0.0000	0.0000	0.0000	0.0000	0.0000	0.0000	0.0000	0.0000	0.0000	0.0000	0.0000	0.0000	0.0000	0.0000	0.0000	0.0000											
8	64	0.2239	4	1	1	1	0	0	0	0	0	N	N	N	N	N	N	N	N	N	N	N	N	0.0000	0.0000	0.0000	0.0000	0.0000	0.0000	0.0000	0.0000	0.0000	0.0000	0.0000	0.0000	0.0000	0.0000	0.0000	0.0000	0.0000	0.0000	0.0000	0.0000	6.0000	0.0000	3.0006	0.0000	0.0000	0.0000	0.0000	0.0000	0.0000	0.0000	0.0000	0.0000	0.0000	0.0000	0.0000	0.0000	0.0000	0.0000	0.0000	0.0000	0.0000	0.0000	0.0000	0.0000	0.0000	0.0000	0.0000	0.0000	0.0000	0.0000	0.0000	0.0000	0.0000	0.0000	0.0000	0.0000	0.0000	0.0000	0.0000	0.0000	0.0000	0.0000	0.0000	0.0000	0.0000	0.0000	0.0000	0.0000	0.0000	0.0000	0.0000	0.0000	0.0000	0.0000	0.0000	0.0000	0.0000	0.0000											
8	65	0.1996	3	1	1	1	0	0	0	0	0	N	N	N	N	N	N	N	N	N	N	N	N	0.0000	0.0000	0.0000	0.0000	0.0000	0.0000	0.0000	0.0000	0.0000	0.0000	0.0000	0.0000	0.0000	0.0000	0.0000	0.0000	0.0000	0.0000	0.0000	0.0000	6.0000	0.8734	3.0006	1.0002	0.0000	0.0000	0.0000	0.0000	0.0000	0.0000	0.0000	0.0000	0.0000	0.0000	0.0000	0.0000	0.0000	0.0000	0.0000	0.0000	0.0000	0.0000	0.1405	0.1168	0.0237	0.0057	0.0054	0.0003	0.1348	0.1114	0.0233	0.1250	0.0218	0.1032	0.0287	0.0060	0.0227	0.0963	0.0158	0.0805	0.0000	0.0000	0.0000	0.0000	0.0000	0.0000	0.0000	0.0000	0.0000	0.0000	0.0000	0.0000	0.0000	0.0000	0.0000	0.0000	0.0000	0.0000											
8	66	0.1851	2	1	1	0	0	0	0	0	0	N	N	N	N	N	N	N	N	N	N	N	N	1.4193	0.1076	4.0532	1.9941	inf	inf	0.0352	0.0423	0.0000	0.3336	0.3495	0.0000	0.0209	0.0253	0.0000	0.0248	0.3935	0.0000	0.0823	0.1753	0.0000	0.0000	0.0000	0.0000	0.0000	0.0000	-0.0022	-0.0015	6.0000	1.0063	3.0006	0.0727	0.0058	0.0058	0.0000	0.0025	0.0025	0.0000	0.0033	0.0033	0.0000	0.0023	0.0023	0.0000	0.0023	0.0023	0.0000	0.0000	0.0000	0.0000	0.1638	0.1363	0.0275	0.0075	0.0072	0.0003	0.1562	0.1291	0.0271	0.0928	0.0238	0.0690	0.0280	0.0131	0.0149	0.0648	0.0106	0.0542	1.4193	0.4371	0.0000	4.0532	1.9941	0.0000	inf	inf	0.0000	0.0248	0.0969	0.0000	0.0823	0.1753	0.0000	0.0000	0.0000	0.0000			
8	72	0.1738	2	1	2	0	0	0	0	0	0	N	Y	N	N	N	N	N	N	N	N	N	N	1.4668	inf	0.0088	215034.4075	inf	0.2346	0.9558	inf	0.0088	2.4518	2.8886	0.0140	5.8805	6.1737	0.0130	2.1183	2.5255	0.0141	1.6715	0.0000	1.5980	0.0000	0.0000	0.0552	2.2162	0.0000	1.5983	0.0009	inf	-0.6900	0.0986	6.0000	4.7764	3.0006	1.3205	1.7942	1.7927	0.0016	0.3814	0.3814	0.0000	1.4128	1.4113	0.0015	0.3008	0.0000	0.3008	0.0000	0.0000	0.0000	0.3008	0.0000	0.3008	0.7318	0.6206	0.1112	0.0649	0.0618	0.0031	0.6669	0.5588	0.1081	0.3123	0.1240	0.1882	0.0852	0.0851	0.0000	0.2271	0.0389	0.1882	2.5452	inf	0.0088	215034.4075	inf	0.2346	1.5992	inf	0.0088	0.9633	0.0000	1.5980	0.0000	0.0000	0.0552	1.3246	0.0000	1.5983
8	74	0.1760	2	1	2	0	0	0	0	0	0	N	Y	N	N	N	N	N	N	N	N	N	N	0.0000	0.0000	0.0000	0.0000	0.0000	0.0000	0.0000	0.0000	0.0000	0.0000	0.0000	0.0000	0.0000	0.0000	0.0000	0.0000	0.0000	0.0000	0.0000	0.0000	6.0000	0.0000	3.0006	0.0000	0.0000	0.0000	0.0000	0.0000	0.0000	0.0000	0.0000	0.0000	0.0000	0.0000	0.0000	0.0000	0.0000	0.0000	0.0000	0.0000	0.0000	0.0000	0.0000	0.0000	0.0000	0.0000	0.0000	0.0000	0.0000	0.0000	0.0000	0.0000	0.0000	0.0000	0.0000	0.0000	0.0000	0.0000	0.0000	0.0000	0.0000	0.0000	0.0000	0.0000	0.0000	0.0000	0.0000	0.0000	0.0000	0.0000	0.0000	0.0000	0.0000	0.0000	0.0000	0.0000	0.0000	0.0000											
8	76	0.1847	4	2	2	0	1	0	0	0	0	Y	Y	N	N	N	N	N	N	N	N	N	N	0.0000	0.0000	0.0000	0.0000	0.0000	0.0000	0.0000	0.0000	0.0000	0.0000	0.0000	0.0000	0.0000	0.0000	0.0000	0.0000	0.0000	0.0000	0.0000	0.0000	6.0000	0.0000	3.0006	0.0000	0.0000	0.0000	0.0000	0.0000	0.0000	0.0000	0.0000	0.0000	0.0000	0.0000	0.0000	0.0000	0.0000	0.0000	0.0000	0.0000	0.0000	0.0000	0.0000	0.0000	0.0000	0.0000	0.0000	0.0000	0.0000	0.0000	0.0000	0.0000	0.0000	0.0000	0.0000	0.0000	0.0000	0.0000	0.0000	0.0000	0.0000	0.0000	0.0000	0.0000	0.0000	0.0000	0.0000	0.0000	0.0000	0.0000	0.0000	0.0000	0.0000	0.0000	0.0000	0.0000	0.0000	0.0000											
8	77	0.1763	3	2	2	0	1	0	0	0	0	Y	Y	N	N	N	N	N	N	N	N	N	N	0.0000	0.0000	0.0000	0.0000	0.0000	0.0000	0.0000	0.0000	0.0000	0.0000	0.0000	0.0000	0.0000	0.0000	0.0000	0.0000	0.0015	0.0022	0.0010	0.0065	0.0068	0.0000	0.0007	0.0000	0.0010	0.8000	0.0000	-0.0000	6.0000	1.0073	3.0006	0.3366	0.0000	0.0000	0.0000	0.0000	0.0000	0.0000	0.0000	0.0000	0.0000	0.0001	0.0001	0.0000	0.0001	0.0001	0.0000	0.0000	0.0000	0.0000	0.1627	0.1392	0.0235	0.0135	0.0121	0.0014	0.1492	0.1271	0.0221	0.0617	0.0226	0.0391	0.0076	0.0074	0.0003	0.0540	0.0152	0.0388	0.0000	0.0000	0.0000	0.0000	0.0000	0.0000	0.0000	0.0000	0.0000	0.0015	0.0022	0.0010	0.0065	0.0068	0.0000	0.0007	0.0000	0.0010			
8	78	0.2021	3	1	2	0	1	0	0	0	0	N	Y	N	N	N	N	N	N	N	N	N	N	0.0000	0.0000	0.0000	0.0000	0.0000	0.0000	0.0000	0.0000	0.0000	0.0000	0.0000	0.0000	0.0000	0.0000	0.0000	0.0000	0.0000	0.0000	0.0000	0.0000	6.0000	0.0000	3.0006	0.0000	0.0000	0.0000	0.0000	0.0000	0.0000	0.0000	0.0000	0.0000	0.0000	0.0000	0.0000	0.0000	0.0000	0.0000	0.0000	0.0000	0.0000	0.0000	0.0000	0.0000	0.0000	0.0000	0.0000	0.0000	0.0000	0.0000	0.0000	0.0000	0.0000	0.0000	0.0000	0.0000	0.0000	0.0000	0.0000	0.0000	0.0000	0.0000	0.0000	0.0000	0.0000	0.0000	0.0000	0.0000	0.0000	0.0000	0.0000	0.0000	0.0000	0.0000	0.0000	0.0000	0.0000	0.0000											
8	79	0.1939	2	1	2	0	1	0	0	0	0	N	Y	N	N	N	N	N	N	N	N	N	N	0.0000	0.0000	0.0000	0.0000	0.0000	0.0000	0.0000	0.0000	0.0000	0.0000	0.0000	0.0000	0.0000	0.0000	0.0000	0.0000	0.0000	0.0000	0.0000	0.0000	6.0000	0.0000	3.0006	1.0000	0.0000	0.0000	0.0000	0.0000	0.0000	0.0000	0.0000	0.0000	0.0000	0.0000	0.0000	0.0000	0.0000	0.0000	0.0000	0.0000	0.0000	0.0000	0.0000	0.0000	0.0000	0.0000	0.0000	0.0000	0.0000	0.0000	0.0000	0.0584	0.0181	0.0403	0.0197	0.0067	0.0129	0.0387	0.0113	0.0274	0.0000	0.0000	0.0000	0.0000	0.0000	0.0000	0.0000	0.0000	0.0000	0.0000	0.0000	0.0000	0.0000	0.0000	0.0000	0.0000	0.0000	0.0000											
8	80	0.1763	3	1	2	0	0	0	0	0	0	N	Y	N	N	N	N	N	N	N	N	N	N	0.0000	0.0000	0.0000	0.0000	0.0000	0.0000	0.0000	0.0000	0.0000	0.0000	0.0000	0.0000	0.0000	0.0000	0.0000	0.0000	0.0005	0.0007	0.0003	0.0027	0.0028	0.0000	0.0002	0.0000	0.0003	0.8000	0.0000	-0.0000	6.0000	3.9927	3.0006	1.0002	0.0000	0.0000	0.0000	0.0000	0.0000	0.0000	0.0000	0.0000	0.0000	0.0001	0.0001	0.0000	0.0001	0.0001	0.0000	0.0000	0.0000	0.0000	0.5972	0.5135	0.0837	0.0499	0.0447	0.0052	0.5473	0.4688	0.0785	0.1955	0.0699	0.1256	0.0185	0.0176	0.0009	0.1770	0.0523	0.1247	0.0000	0.0000	0.0000	0.0000	0.0000	0.0000	0.0000	0.0000	0.0000	0.0005	0.0007	0.0003	0.0027	0.0028	0.0000	0.0002	0.0000	0.0003			
8	81	0.1717	2	1	2	0	0	0	0	0	0	N	Y	N	N	N	N	N	N	N	N	N	N	0.0000	0.0000	0.0000	0.0000	0.0000	0.0000	0.0000	0.0000	0.0000	0.0000	0.0000	0.0000	0.0000	0.0000	0.0000	0.0000	0.0032	0.0040	0.0027	0.0166	0.0175	0.0000	0.0047	0.0000	0.0028	1.2500	0.0000	-0.0000	6.0000	0.0110	3.0006	0.6549	0.0000	0.0000	0.0000	0.0000	0.0000	0.0000	0.0000	0.0000	0.0000	0.0001	0.0000	0.0001	0.0000	0.0000	0.0000	0.0001	0.0000	0.0001	0.0018	0.0015	0.0003	0.0001	0.0001	0.0000	0.0017	0.0014	0.0002	0.0282	0.0099	0.0183	0.0024	0.0023	0.0001	0.0258	0.0076	0.0181	0.0000	0.0000	0.0000	0.0000	0.0000	0.0000	0.0000	0.0000	0.0000	0.0032	0.0040	0.0027	0.0166	0.0175	0.0000	0.0019	0.0000	0.0028			
8	82	0.1939	2	1	1	1	1	0	0	0	0	N	N	N	N	N	N	N	N	N	N	N	N	0.0000	0.0000	0.0000	0.0000	0.0000	0.0000	0.0000	0.0000	0.0000	0.0000	0.0000	0.0000	0.0000	0.0000	0.0000	0.0000	0.0000	0.0000	0.0000	0.0000	6.0000	1.0000	3.0006	0.0000	0.0000	0.0000	0.0000	0.0000	0.0000	0.0000	0.0000	0.0000	0.0000	0.0000	0.0000	0.0000	0.0000	0.0000	0.0000	0.0000	0.0000	0.0000	0.1609	0.1374	0.0235	0.0052	0.0045	0.0007	0.1557	0.1330	0.0228	0.0584	0.0181	0.0403	0.0197	0.0067	0.0129	0.0387	0.0113	0.0274	0.0000	0.0000	0.0000	0.0000	0.0000	0.0000	0.0000	0.0000	0.0000	0.0000	0.0000	0.0000	0.0000	0.0000	0.0000	0.0000	0.0000	0.0000											
8	83	0.1939	2	1	1	1	1	0	0	0	0	N	N	N	N	N	N	N	N	N	N	N	N	0.0000	0.0000	0.0000	0.0000	0.0000	0.0000	0.0000	0.0000	0.0000	0.0000	0.0000	0.0000	0.0000	0.0000	0.0000	0.0000	0.0000	0.0000	0.0000	0.0000	6.0000	0.0000	3.0006	0.0000	0.0000	0.0000	0.0000	0.0000	0.0000	0.0000	0.0000	0.0000	0.0000	0.0000	0.0000	0.0000	0.0000	0.0000	0.0000	0.0000	0.0000	0.0000	0.0000	0.0000	0.0000	0.0000	0.0000	0.0000	0.0000	0.0000	0.0000	0.0000	0.0000	0.0000	0.0000	0.0000	0.0000	0.0000	0.0000	0.0000	0.0000	0.0000	0.0000	0.0000	0.0000	0.0000	0.0000	0.0000	0.0000	0.0000	0.0000	0.0000	0.0000	0.0000	0.0000	0.0000	0.0000	0.0000											
8	85	0.2549	2	2	2	0	0	0	0	0	0	Y	Y	N	N	N	N	N	N	N	N	N	N	0.0000	0.0000	0.0000	0.0000	0.0000	0.0000	0.0000	0.0000	0.0000	0.0000	0.0000	0.0000	0.0000	0.0000	0.0000	0.0000	0.0000	0.0000	0.0000	0.0000	6.0000	0.0000	3.0006	0.0000	0.0000	0.0000	0.0000	0.0000	0.0000	0.0000	0.0000	0.0000	0.0000	0.0000	0.0000	0.0000	0.0000	0.0000	0.0000	0.0000	0.0000	0.0000	0.0000	0.0000	0.0000	0.0000	0.0000	0.0000	0.0000	0.0000	0.0000	0.0000	0.0000	0.0000	0.0000	0.0000	0.0000	0.0000	0.0000	0.0000	0.0000	0.0000	0.0000	0.0000	0.0000	0.0000	0.0000	0.0000	0.0000	0.0000	0.0000	0.0000	0.0000	0.0000	0.0000	0.0000	0.0000	0.0000											
8	88	0.1717	2	2	2	0	0	0	0	0	0	Y	Y	N	N	N	N	N	N	N	N	N	N	0.0000	0.0000	0.0000	0.0000	0.0000	0.0000	0.0000	0.0000	0.0000	0.0000	0.0000	0.0000	0.0000	0.0000	0.0000	0.0000	0.0000	0.0000	0.0000	0.0000	6.0000	0.0000	3.0006	0.0000	0.0000	0.0000	0.0000	0.0000	0.0000	0.0000	0.0000	0.0000	0.0000	0.0000	0.0000	0.0000	0.0000	0.0000	0.0000	0.0000	0.0000	0.0000	0.0000	0.0000	0.0000	0.0000	0.0000	0.0000	0.0000	0.0000	0.0000	0.0000	0.0000	0.0000	0.0000	0.0000	0.0000	0.0000	0.0000	0.0000	0.0000	0.0000	0.0000	0.0000	0.0000	0.0000	0.0000	0.0000	0.0000	0.0000	0.0000	0.0000	0.0000	0.0000	0.0000	0.0000	0.0000	0.0000											
8	91	0.2628	3	1	1	0	0	0	0	0	0	N	N	N	N	N	N	N	N	N	N	N	N	8.1172	0.0179	93531.3613	0.0954	0.0014	218.0135	962804.2237	inf	5062667.7182	1.7144	0.0370	12.5549	0.1972	0.0033	3.8429	1.9409	0.0426	13.0036	0.2112	2.0687	0.0001	2.0680	2.3630	0.0176	0.0000	0.0000	0.0000	52.4934	0.0004	1.7951	-0.1162	6.0000	11.5137	3.0006	4.9035	3.0128	0.0563	2.9564	0.0450	0.0007	0.0443	2.9677	0.0556	2.9121	0.1730	0.1729	0.0001	0.1730	0.1729	0.0001	0.0000	0.0000	0.0000	1.7573	1.5218	0.2355	0.2283	0.2168	0.0115	1.5290	1.3051	0.2239	0.8191	0.2480	0.5711	0.0969	0.0926	0.0043	0.7222	0.1554	0.5669	8.1172	0.0531	93531.3613	0.1105	0.0018	218.0135	962804.2237	inf	5062667.7182	0.2112	0.6973	0.0001	1.7857	1.8672	0.0176	0.0000	0.0000	0.0000
9	10	0.1829	3	0	0	1	2	0	0	0	0	N	N	N	Y	N	N	N	N	N	N	N	N	0.0000	0.0000	0.0000	0.0000	0.0000	0.0000	0.0000	0.0000	0.0000	0.0000	0.0000	0.0000	0.0000	0.0000	0.0000	0.0000	0.0000	0.0000	0.0000	0.0000	1.0190	0.0000	2.2112	1.0000	0.0000	0.0000	0.0000	0.0000	0.0000	0.0000	0.0000	0.0000	0.0000	0.0000	0.0000	0.0000	0.0000	0.0000	0.0000	0.0000	0.0000	0.0000	0.0000	0.0000	0.0000	0.0000	0.0000	0.0000	0.0000	0.0000	0.0000	0.0347	0.0141	0.0206	0.0056	0.0052	0.0004	0.0291	0.0089	0.0202	0.0000	0.0000	0.0000	0.0000	0.0000	0.0000	0.0000	0.0000	0.0000	0.0000	0.0000	0.0000	0.0000	0.0000	0.0000	0.0000	0.0000	0.0000											
9	11	0.1631	4	0	1	1	2	0	0	0	0	N	N	N	Y	N	N	N	N	N	N	N	N	0.0015	0.0654	0.0035	0.0022	0.0854	0.0014	0.0000	0.0001	0.0001	0.0000	0.0000	0.0001	0.0000	0.0000	0.0004	0.0000	0.0000	0.0000	0.0122	0.0002	0.0234	0.0200	0.0003	0.3029	0.0151	0.0023	0.0124	0.6350	130.3319	0.0000	0.0002	1.0190	1.0886	2.2112	0.0502	0.0000	0.0000	0.0000	0.0000	0.0000	0.0000	0.0000	0.0000	0.0000	0.0007	0.0000	0.0006	0.0003	0.0000	0.0003	0.0003	0.0000	0.0003	0.0378	0.0344	0.0034	0.0161	0.0154	0.0007	0.0217	0.0190	0.0027	0.0533	0.0257	0.0277	0.0161	0.0151	0.0010	0.0372	0.0106	0.0266	0.0015	0.0654	0.0035	0.0022	0.0854	0.0014	0.0000	0.0915	0.0001	0.0122	0.0002	0.0234	0.0200	0.0003	0.3029	0.0089	0.0000	0.0124
9	12	0.1063	2	0	1	1	1	0	0	0	0	N	N	N	N	N	N	N	N	N	N	N	N	0.0103	0.0127	0.2094	0.4720	0.0191	inf	0.0103	0.1238	0.0132	0.0003	0.1408	0.0105	0.0007	0.2247	0.0148	0.0000	0.1215	1.2813	0.0241	0.6721	0.0223	0.0389	0.0000	1.4355	0.0000	0.9807	46.2000	40.8736	0.0014	0.0286	1.0190	6.0000	2.2112	3.0006	0.0024	0.0000	0.0023	0.0007	0.0000	0.0007	0.0016	0.0000	0.0016	0.0939	0.0022	0.0917	0.0022	0.0022	0.0000	0.0917	0.0000	0.0917	0.1794	0.1630	0.0164	0.0703	0.0672	0.0031	0.1092	0.0958	0.0133	0.2293	0.0929	0.1364	0.1005	0.0576	0.0429	0.1288	0.0353	0.0935	0.0321	0.0127	0.2094	0.4720	0.0191	inf	0.0209	0.0000	0.1238	0.4095	0.0241	0.6721	0.0223	0.0389	0.0000	0.7117	0.0000	0.9807	
9	13	0.1911	4	0	1	1	2	0	0	0	0	N	N	N	Y	N	N	N	N	N	N	N	N	0.0000	0.0000	0.0000	0.0000	0.0000	0.0000	0.0000	0.0000	0.0000	0.0000	0.0000	0.0000	0.0000	0.0000	0.0000	0.0000	0.0000	0.0000	0.0000	0.0000	1.0190	0.0000	2.2112	0.0000	0.0000	0.0000	0.0000	0.0000	0.0000	0.0000	0.0000	0.0000	0.0000	0.0000	0.0000	0.0000	0.0000	0.0000	0.0000	0.0000	0.0000	0.0000	0.0000	0.0000	0.0000	0.0000	0.0000	0.0000	0.0000	0.0000	0.0000	0.0000	0.0000	0.0000	0.0000	0.0000	0.0000	0.0000	0.0000	0.0000	0.0000	0.0000	0.0000	0.0000	0.0000	0.0000	0.0000	0.0000	0.0000	0.0000	0.0000	0.0000	0.0000	0.0000	0.0000	0.0000	0.0000	0.0000											
9	14	0.1441	3	1	1	1	1	0	0	0	0	N	N	N	N	N	N	N	N	N	N	N	N	3.9086	1.7328	0.0000	5.5138	3.0066	0.0000	0.0000	0.0000	0.0000	0.0120	0.0131	0.0000	0.0240	0.0252	0.0000	0.0000	0.0000	0.0000	0.0031	0.0076	0.0001	0.0044	0.0084	0.0000	0.0051	0.4367	0.0001	0.0000	0.0125	-0.0005	-0.0002	1.0190	3.0234	2.2112	1.0170	0.0012	0.0012	0.0000	0.0012	0.0012	0.0000	0.0000	0.0000	0.0000	0.0003	0.0003	0.0000	0.0002	0.0002	0.0000	0.0001	0.0001	0.0000	0.0999	0.0913	0.0086	0.0500	0.0477	0.0023	0.0499	0.0436	0.0062	0.1091	0.0437	0.0655	0.0489	0.0254	0.0236	0.0602	0.0183	0.0419	3.9086	1.7328	0.0000	5.5138	3.0066	0.0000	0.0000	0.0000	0.0000	0.0031	0.0076	0.0001	0.0044	0.0084	0.0000	0.0020	0.0065	0.0001
9	15	0.1063	2	0	1	1	1	0	0	0	0	N	N	N	N	N	N	N	N	N	N	N	N	0.0238	0.0000	0.4250	1.9730	0.0000	21.1479	0.0250	0.2869	0.0338	0.0000	0.3704	0.0169	0.0000	0.3938	0.0450	0.0000	0.3650	1.4187	0.0007	0.8715	0.0086	0.0011	0.0186	1.8028	0.0000	1.2721	inf	1850.7900	0.0026	0.0321	1.0190	4.0000	2.2112	3.0006	0.0043	0.0000	0.0043	0.0009	0.0000	0.0009	0.0034	0.0000	0.0034	0.0982	0.0001	0.0981	0.0007	0.0001	0.0007	0.0975	0.0000	0.0975	0.1257	0.1142	0.0115	0.0502	0.0480	0.0022	0.0755	0.0662	0.0093	0.1895	0.0769	0.1126	0.0842	0.0482	0.0360	0.1053	0.0287	0.0766	0.0653	0.0000	0.4250	1.9730	0.0000	21.1479	0.0486	0.0000	0.2869	0.5180	0.0007	0.8715	0.0086	0.0011	0.0186	0.9256	0.0000	1.2721	
9	16	0.1631	4	0	0	1	2	0	0	0	0	N	N	N	Y	N	N	N	N	N	N	N	N	1.8884	1.7868	0.0000	1.5887	2.2269	0.0000	0.0000	0.0000	0.0000	0.0126	0.0138	0.0000	0.0302	0.0316	0.0000	0.0000	0.0000	0.0000	0.0067	0.0077	0.0057	0.0190	0.0142	0.0976	0.0054	0.0038	0.0030	0.0000	0.8666	-0.0005	-0.0003	1.0190	2.9121	2.2112	3.0117	0.0012	0.0012	0.0000	0.0012	0.0012	0.0000	0.0000	0.0000	0.0000	0.0014	0.0007	0.0006	0.0011	0.0007	0.0003	0.0003	0.0000	0.0003	0.0955	0.0869	0.0086	0.0397	0.0380	0.0017	0.0558	0.0489	0.0069	0.2075	0.0957	0.1118	0.0554	0.0522	0.0032	0.1521	0.0435	0.1086	1.8884	1.7868	0.0000	1.5887	2.2269	0.0000	0.0000	0.0000	0.0000	0.0067	0.0077	0.0057	0.0190	0.0142	0.0976	0.0021	0.0000	0.0030
9	17	0.1385	3	0	0	1	2	0	0	0	0	N	N	N	Y	N	N	N	N	N	N	N	N	0.0002	0.0551	0.0000	0.0003	0.0410	0.0000	0.0003	0.0021	0.0001	0.0002	0.0003	0.0000	0.0002	0.0002	0.0000	0.0003	0.0003	0.0000	1.3697	0.0048	1.0313	0.6092	0.0054	1.8872	0.7893	0.1463	0.5130	0.0103	187.0987	-0.0000	0.0290	1.0190	0.1693	2.2112	3.5362	0.0000	0.0000	0.0000	0.0000	0.0000	0.0000	0.0000	0.0000	0.0000	0.0899	0.0005	0.0894	0.0621	0.0004	0.0617	0.0278	0.0001	0.0277	0.0066	0.0060	0.0006	0.0029	0.0028	0.0001	0.0037	0.0032	0.0005	0.1866	0.0999	0.0867	0.1019	0.0692	0.0327	0.0847	0.0307	0.0540	0.0005	0.0551	0.0000	0.0003	0.0410	0.0000	0.0008	0.0863	0.0001	0.4817	0.0048	1.0313	0.6092	0.0054	1.8872	0.3284	0.0035	0.5130
9	18	0.1063	2	1	0	2	1	0	0	0	0	N	N	Y	N	N	N	N	N	N	N	N	N	0.0041	inf	0.0014	0.0113	inf	0.0015	0.0062	inf	0.0014	0.0056	0.0060	0.0011	0.0047	0.0049	0.0014	0.0061	0.0067	0.0010	1.3454	0.0000	0.7663	0.4178	0.0000	0.9780	0.9801	0.0000	0.6834	0.0176	inf	-0.0009	0.0611	1.0190	18.0000	2.2112	5.9994	0.0023	0.0023	0.0000	0.0007	0.0007	0.0000	0.0016	0.0016	0.0000	0.1863	0.0000	0.1863	0.0669	0.0000	0.0669	0.1194	0.0000	0.1194	0.4139	0.3759	0.0380	0.1467	0.1398	0.0069	0.2672	0.2361	0.0311	0.4058	0.1627	0.2431	0.1602	0.0918	0.0685	0.2456	0.0709	0.1747	0.0122	inf	0.0014	0.0113	inf	0.0015	0.0125	inf	0.0014	0.4591	0.0000	0.7663	0.4178	0.0000	0.9780	0.4860	0.0000	0.6834
9	19	0.1741	3	0	1	1	1	0	0	0	0	N	N	N	N	N	N	N	N	N	N	N	N	0.0000	0.0000	0.0000	0.0000	0.0001	0.0000	0.0000	0.0001	0.0000	0.0000	0.0000	0.0000	0.0000	0.0000	0.0000	0.0000	0.0000	0.0087	0.0072	0.0099	0.0209	0.0127	0.1841	0.0105	0.0000	0.0059	0.1289	1.7350	-0.0000	-0.0000	1.0190	2.0070	2.2112	1.9996	0.0000	0.0000	0.0000	0.0000	0.0000	0.0000	0.0000	0.0000	0.0000	0.0012	0.0005	0.0008	0.0008	0.0005	0.0003	0.0005	0.0000	0.0005	0.0626	0.0571	0.0055	0.0298	0.0286	0.0013	0.0327	0.0285	0.0042	0.1429	0.0633	0.0796	0.0376	0.0358	0.0018	0.1053	0.0275	0.0778	0.0000	0.0000	0.0000	0.0000	0.0001	0.0000	0.0000	0.0000	0.0001	0.0087	0.0072	0.0099	0.0209	0.0127	0.1841	0.0043	0.0000	0.0059	
9	20	0.1063	2	0	1	1	1	0	0	0	0	N	N	N	N	N	N	N	N	N	N	N	N	11.8102	0.0000	inf	4.0304	0.0000	inf	inf	inf	0.0092	0.0000	0.1005	0.0072	0.0000	0.1617	0.0104	0.0000	0.0866	0.0008	0.0019	0.0000	0.0018	0.0031	0.0000	0.0000	0.0000	0.0000	inf	0.0000	0.0014	-0.0001	1.0190	9.0000	2.2112	1.0006	0.0023	0.0000	0.0023	0.0007	0.0000	0.0007	0.0016	0.0000	0.0016	0.0002	0.0002	0.0000	0.0002	0.0002	0.0000	0.0000	0.0000	0.0000	0.2507	0.2277	0.0230	0.0955	0.0912	0.0043	0.1552	0.1365	0.0187	0.2474	0.1002	0.1472	0.1077	0.0617	0.0460	0.1397	0.0385	0.1012	11.8102	0.0000	inf	4.0304	0.0000	inf	inf	0.0000	inf	0.0008	0.0019	0.0000	0.0018	0.0031	0.0000	0.0000	0.0000	0.0000	
9	21	0.1629	3	1	1	1	1	0	0	0	0	N	N	N	N	N	N	N	N	N	N	N	N	58.0068	475.7438	0.0012	18.1225	13.9572	27.9533	31.1219	7.8799	0.0005	6.7092	7.3278	0.0002	0.1413	0.1496	0.0004	14.7088	16.6978	0.0002	0.1157	0.0154	0.2071	0.0078	0.0107	0.0000	0.4726	2.1190	0.2973	0.0000	14.7417	-0.1172	0.0028	1.0190	0.9600	2.2112	1.3160	0.3042	0.3042	0.0000	0.0035	0.0035	0.0000	0.3007	0.3007	0.0000	0.0108	0.0007	0.0101	0.0004	0.0004	0.0000	0.0104	0.0003	0.0101	0.0453	0.0415	0.0038	0.0249	0.0235	0.0014	0.0204	0.0180	0.0024	0.0932	0.0445	0.0487	0.0541	0.0393	0.0148	0.0391	0.0051	0.0340	58.0068	475.7438	0.0012	18.1225	13.9572	27.9533	55.5102	325.4207	0.0005	0.1157	0.0154	0.2071	0.0078	0.0107	0.0000	0.2650	0.0513	0.2973
9	22	0.1886	4	0	1	1	1	0	0	0	0	N	N	N	N	N	N	N	N	N	N	N	N	0.0000	0.0000	0.0000	0.0000	0.0000	0.0000	0.0000	0.0000	0.0000	0.0000	0.0000	0.0000	0.0000	0.0000	0.0000	0.0000	0.0000	0.0000	0.0000	0.0000	1.0190	0.0000	2.2112	0.0000	0.0000	0.0000	0.0000	0.0000	0.0000	0.0000	0.0000	0.0000	0.0000	0.0000	0.0000	0.0000	0.0000	0.0000	0.0000	0.0000	0.0000	0.0000	0.0000	0.0000	0.0000	0.0000	0.0000	0.0000	0.0000	0.0000	0.0000	0.0000	0.0000	0.0000	0.0000	0.0000	0.0000	0.0000	0.0000	0.0000	0.0000	0.0000	0.0000	0.0000	0.0000	0.0000	0.0000	0.0000	0.0000	0.0000	0.0000	0.0000	0.0000	0.0000	0.0000	0.0000	0.0000	0.0000											
9	23	0.1063	2	1	1	1	1	0	0	0	0	N	N	N	N	N	N	N	N	N	N	N	N	0.3509	6.1758	0.0000	0.2841	0.7612	0.0000	0.3370	inf	0.0000	0.0108	0.0119	0.0000	0.0023	0.0024	0.0000	0.0163	0.0186	0.0000	0.0308	0.0019	0.0505	0.0080	0.0031	0.0146	0.0484	0.0000	0.0668	0.0000	38.4944	-0.0007	0.0023	1.0190	6.0000	2.2112	4.0006	0.0019	0.0019	0.0000	0.0002	0.0002	0.0000	0.0018	0.0018	0.0000	0.0076	0.0002	0.0074	0.0009	0.0002	0.0007	0.0068	0.0000	0.0068	0.1794	0.1630	0.0164	0.0703	0.0672	0.0031	0.1092	0.0958	0.0133	0.2474	0.1002	0.1472	0.1077	0.0617	0.0460	0.1397	0.0385	0.1012	0.3509	6.1758	0.0000	0.2841	0.7612	0.0000	0.3370	inf	0.0000	0.0308	0.0019	0.0505	0.0080	0.0031	0.0146	0.0484	0.0000	0.0668
9	24	0.1063	2	0	1	1	1	0	0	0	0	N	N	N	N	N	N	N	N	N	N	N	N	0.0000	0.0000	0.0000	0.0000	0.0000	0.0000	0.0000	0.0000	0.0000	0.0000	0.0000	0.0000	0.0000	0.0000	0.0000	0.0000	0.0000	1.5748	0.0236	1.3659	0.6878	0.0380	1.5597	1.8575	0.0000	1.2769	85.0671	0.0000	0.0596	1.0190	4.0000	2.2112	4.9994	0.0000	0.0000	0.0000	0.0000	0.0000	0.0000	0.0000	0.0000	0.0000	0.1885	0.0022	0.1863	0.0691	0.0022	0.0669	0.1194	0.0000	0.1194	0.1257	0.1142	0.0115	0.0502	0.0480	0.0022	0.0755	0.0662	0.0093	0.2293	0.0929	0.1364	0.1005	0.0576	0.0429	0.1288	0.0353	0.0935	0.0000	0.0000	0.0000	0.0000	0.0000	0.0000	0.0000	0.0000	0.0000	0.8219	0.0236	1.3659	0.6878	0.0380	1.5597	0.9266	0.0000	1.2769		
9	25	0.1533	3	0	1	2	2	0	0	0	0	N	N	Y	Y	N	N	N	N	N	N	N	N	0.1001	0.0591	0.0012	0.0833	0.0592	0.0000	0.0388	0.0006	0.0000	0.0002	0.0003	0.0000	0.0001	0.0002	0.0000	0.0003	0.0004	0.0000	0.0025	0.0046	0.0004	0.0017	0.0026	0.0000	0.0088	0.6218	0.0006	0.0002	0.0886	-0.0000	-0.0001	1.0190	0.8908	2.2112	1.0730	0.0000	0.0000	0.0000	0.0000	0.0000	0.0000	0.0000	0.0000	0.0000	0.0002	0.0002	0.0000	0.0001	0.0001	0.0000	0.0001	0.0001	0.0000	0.0347	0.0317	0.0030	0.0167	0.0160	0.0007	0.0180	0.0157	0.0023	0.0795	0.0393	0.0402	0.0406	0.0274	0.0131	0.0389	0.0119	0.0270	0.1001	0.0591	0.0012	0.0833	0.0592	0.0000	0.1060	0.0424	0.0000	0.0025	0.0046	0.0004	0.0017	0.0026	0.0000	0.0032	0.0092	0.0006
9	26	0.1063	2	0	0	1	2	0	0	0	0	N	N	N	Y	N	N	N	N	N	N	N	N	6.8321	3.1370	0.0548	0.7307	0.4387	0.0706	42.6737	0.3739	0.0472	0.0193	0.0213	0.0000	0.0040	0.0041	0.0000	0.0297	0.0339	0.0000	0.0028	0.0068	0.0001	0.0054	0.0095	0.0000	0.0007	0.0906	0.0002	0.0000	0.0265	-0.0007	-0.0003	1.0190	3.1159	2.2112	2.1859	0.0019	0.0019	0.0000	0.0002	0.0002	0.0000	0.0018	0.0018	0.0000	0.0004	0.0004	0.0000	0.0004	0.0004	0.0000	0.0001	0.0000	0.0000	0.1002	0.0910	0.0091	0.0403	0.0386	0.0017	0.0598	0.0524	0.0074	0.1513	0.0615	0.0898	0.0680	0.0390	0.0291	0.0832	0.0225	0.0607	6.8321	3.1370	0.0548	0.7307	0.4387	0.0706	42.6737	15.8454	0.0472	0.0028	0.0068	0.0001	0.0054	0.0095	0.0000	0.0007	0.0021	0.0002
9	27	0.1063	2	0	1	1	1	0	0	0	0	N	N	N	N	N	N	N	N	N	N	N	N	42.2221	0.9309	inf	16.1601	1.4353	inf	inf	inf	0.0107	0.0006	0.1106	0.0092	0.0014	0.1774	0.0115	0.0000	0.0953	0.0003	0.0006	0.0000	0.0006	0.0010	0.0000	0.0000	0.0000	0.0000	19.2500	0.0000	0.0014	-0.0000	1.0190	8.0000	2.2112	0.0006	0.0024	0.0001	0.0023	0.0008	0.0001	0.0007	0.0016	0.0000	0.0016	0.0001	0.0001	0.0000	0.0001	0.0001	0.0000	0.0000	0.0000	0.0000	0.2281	0.2072	0.0209	0.0877	0.0838	0.0039	0.1404	0.1234	0.0170	0.2101	0.0852	0.1249	0.0927	0.0531	0.0396	0.1174	0.0321	0.0853	42.2221	0.9309	inf	16.1601	1.4353	inf	inf	0.0000	inf	0.0003	0.0006	0.0000	0.0006	0.0010	0.0000	0.0000	0.0000	0.0000	
9	30	0.1194	3	0	1	1	2	0	0	0	0	N	N	N	Y	N	N	N	N	N	N	N	N	330.6096	0.1463	4225.5784	377.3948	0.0252	8723.2001	0.7317	inf	0.0000	0.0004	0.0000	0.0046	0.0007	0.0000	0.0176	0.0000	0.0000	0.0000	0.0000	0.0000	0.0000	0.0000	0.0000	0.0000	0.0000	0.0000	0.0000	2325.9615	1.3214	0.0000	-0.0000	1.0190	3.9676	2.2112	1.0007	0.0000	0.0000	0.0000	0.0000	0.0000	0.0000	0.0000	0.0000	0.0000	0.0000	0.0000	0.0000	0.0000	0.0000	0.0000	0.0000	0.0000	0.0000	0.1301	0.1195	0.0106	0.0657	0.0630	0.0027	0.0644	0.0565	0.0078	0.1271	0.0518	0.0753	0.0604	0.0326	0.0278	0.0667	0.0192	0.0475	330.6096	0.1463	4225.5784	377.3948	0.0252	8723.2001	0.7317	inf	0.0000	0.0000	0.0000	0.0000	0.0000	0.0000	0.0000	0.0000	0.0000	0.0000
9	31	0.1063	2	1	1	1	1	0	0	0	0	N	N	N	N	N	N	N	N	N	N	N	N	135.3446	60.4097	151.0971	90.4870	0.0966	0.1064	0.0000	0.2444	0.2555	0.0000	0.0000	0.0000	0.0000	0.0007	0.0018	0.0000	0.0016	0.0028	0.0000	0.0000	0.0000	0.0000	0.0000	0.0000	-0.0057	-0.0001	1.0190	5.0000	2.2112	3.0000	0.0148	0.0148	0.0000	0.0148	0.0148	0.0000	0.0000	0.0000	0.0000	0.0001	0.0001	0.0000	0.0001	0.0001	0.0000	0.0000	0.0000	0.0000	0.1532	0.1392	0.0140	0.0606	0.0580	0.0026	0.0927	0.0813	0.0114	0.2101	0.0852	0.1249	0.0927	0.0531	0.0396	0.1174	0.0321	0.0853	135.3446	60.4097	0.0000	151.0971	90.4870	0.0000	0.0000	0.0000	0.0000	0.0007	0.0018	0.0000	0.0016	0.0028	0.0000	0.0000	0.0000	0.0000					
9	32	0.1483	3	0	0	2	1	0	0	0	0	N	N	Y	N	N	N	N	N	N	N	N	N	5.4874	2.4822	0.0000	7.7519	4.7655	0.0000	2.5007	0.0173	0.0000	0.0027	0.0028	0.0000	0.0028	0.0029	0.0000	0.0016	0.0018	0.0000	0.0005	0.0011	0.0000	0.0004	0.0006	0.0000	0.0006	0.1038	0.0000	0.0000	0.0218	-0.0000	-0.0000	1.0190	0.0319	2.2112	1.0050	0.0000	0.0000	0.0000	0.0000	0.0000	0.0000	0.0000	0.0000	0.0000	0.0000	0.0000	0.0000	0.0000	0.0000	0.0000	0.0000	0.0000	0.0000	0.0087	0.0085	0.0002	0.0081	0.0079	0.0001	0.0006	0.0006	0.0001	0.0343	0.0148	0.0195	0.0172	0.0103	0.0068	0.0171	0.0044	0.0127	5.4874	2.4822	0.0000	7.7519	4.7655	0.0000	2.5007	0.7654	0.0000	0.0005	0.0011	0.0000	0.0004	0.0006	0.0000	0.0006	0.0023	0.0000
9	33	0.1194	4	0	1	1	1	0	0	0	0	N	N	N	N	N	N	N	N	N	N	N	N	0.0394	0.0166	0.0326	0.0177	81.8825	0.0372	0.0005	0.0005	0.0000	0.0009	0.0009	0.0000	0.0001	0.0001	0.0000	0.0128	0.0313	0.0000	0.0262	0.0488	0.0000	0.0000	0.0039	0.0000	0.0000	0.0000	-0.0000	-0.0002	1.0190	0.0023	2.2112	1.0003	0.0000	0.0000	0.0000	0.0000	0.0000	0.0000	0.0000	0.0000	0.0000	0.0004	0.0004	0.0000	0.0004	0.0004	0.0000	0.0000	0.0000	0.0000	0.0003	0.0003	0.0000	0.0001	0.0001	0.0000	0.0001	0.0001	0.0000	0.0290	0.0118	0.0172	0.0141	0.0076	0.0066	0.0149	0.0043	0.0106	0.0394	0.0166	0.0000	0.0326	0.0177	0.0000	81.8825	24.5413	0.0000	0.0128	0.0313	0.0000	0.0262	0.0488	0.0000	0.0000	0.0000	0.0000			
9	34	0.1063	2	1	0	2	1	0	0	0	0	N	N	Y	N	N	N	N	N	N	N	N	N	0.0000	0.0000	0.0000	0.0000	0.0000	0.0000	0.0000	0.0000	0.0000	0.0000	0.0000	0.0000	0.0000	0.0000	0.0000	0.0000	1.3311	0.0011	0.7341	0.0010	0.0018	0.0000	1.5124	0.0000	1.0750	985.6454	0.0000	0.0300	1.0190	3.0000	2.2112	5.0006	0.0000	0.0000	0.0000	0.0000	0.0000	0.0000	0.0000	0.0000	0.0000	0.0918	0.0001	0.0917	0.0001	0.0001	0.0000	0.0917	0.0000	0.0917	0.0967	0.0879	0.0088	0.0390	0.0373	0.0017	0.0577	0.0506	0.0072	0.2101	0.0852	0.1249	0.0927	0.0531	0.0396	0.1174	0.0321	0.0853	0.0000	0.0000	0.0000	0.0000	0.0000	0.0000	0.0000	0.0000	0.0000	0.4368	0.0011	0.7341	0.0010	0.0018	0.0000	0.7812	0.0000	1.0750			
9	35	0.1063	2	0	1	1	2	0	0	0	0	N	N	N	Y	N	N	N	N	N	N	N	N	14.9688	6.6974	1.3799	0.8255	inf	inf	0.0201	0.0221	0.0000	0.0041	0.0043	0.0000	0.0308	0.0352	0.0000	0.0013	0.0033	0.0000	0.0030	0.0052	0.0000	0.0000	0.0000	0.0000	0.0000	0.0000	-0.0007	-0.0001	1.0190	3.0000	2.2112	2.0006	0.0019	0.0019	0.0000	0.0002	0.0002	0.0000	0.0018	0.0018	0.0000	0.0002	0.0002	0.0000	0.0002	0.0002	0.0000	0.0000	0.0000	0.0000	0.0967	0.0879	0.0088	0.0390	0.0373	0.0017	0.0577	0.0506	0.0072	0.1440	0.0586	0.0855	0.0649	0.0372	0.0277	0.0791	0.0214	0.0577	14.9688	6.6974	0.0000	1.3799	0.8255	0.0000	inf	inf	0.0000	0.0013	0.0033	0.0000	0.0030	0.0052	0.0000	0.0000	0.0000	0.0000			
9	36	0.1063	2	1	0	2	1	0	0	0	0	N	N	Y	N	N	N	N	N	N	N	N	N	0.0000	0.0000	0.0000	0.0000	0.0000	0.0000	0.0000	0.0000	0.0000	0.0000	0.0000	0.0000	0.0000	0.0000	0.0000	0.0000	1.3292	0.0284	0.6721	0.0263	0.0459	0.0000	1.4355	0.0000	0.9807	34.6877	0.0000	0.0283	1.0190	4.0000	2.2112	5.0006	0.0000	0.0000	0.0000	0.0000	0.0000	0.0000	0.0000	0.0000	0.0000	0.0943	0.0026	0.0917	0.0026	0.0026	0.0000	0.0917	0.0000	0.0917	0.1257	0.1142	0.0115	0.0502	0.0480	0.0022	0.0755	0.0662	0.0093	0.2293	0.0929	0.1364	0.1005	0.0576	0.0429	0.1288	0.0353	0.0935	0.0000	0.0000	0.0000	0.0000	0.0000	0.0000	0.0000	0.0000	0.0000	0.4113	0.0284	0.6721	0.0263	0.0459	0.0000	0.7117	0.0000	0.9807			
9	37	0.1063	2	1	0	2	1	0	0	0	0	N	N	Y	N	N	N	N	N	N	N	N	N	0.0000	0.0000	0.0000	0.0000	0.0000	0.0000	0.0000	0.0000	0.0000	0.0000	0.0000	0.0000	0.0000	0.0000	0.0000	0.0000	1.3814	0.0340	0.8143	0.0310	0.0542	0.0000	1.7220	0.0000	1.1967	35.0859	0.0000	0.0283	1.0190	3.0000	2.2112	4.0006	0.0000	0.0000	0.0000	0.0000	0.0000	0.0000	0.0000	0.0000	0.0000	0.0943	0.0026	0.0917	0.0026	0.0026	0.0000	0.0917	0.0000	0.0917	0.0967	0.0879	0.0088	0.0390	0.0373	0.0017	0.0577	0.0506	0.0072	0.1895	0.0769	0.1126	0.0842	0.0482	0.0360	0.1053	0.0287	0.0766	0.0000	0.0000	0.0000	0.0000	0.0000	0.0000	0.0000	0.0000	0.0000	0.4976	0.0340	0.8143	0.0310	0.0542	0.0000	0.8708	0.0000	1.1967			
9	38	0.1194	4	0	0	2	1	0	0	0	0	N	N	Y	N	N	N	N	N	N	N	N	N	0.7568	0.7795	0.0000	0.7446	0.7954	0.0000	0.6215	inf	0.0000	0.0000	0.0000	0.0000	0.0000	0.0000	0.0000	0.0000	0.0000	0.0000	0.0000	0.0000	0.0000	0.0000	0.0000	0.0000	0.0000	0.0000	0.0000	0.0000	1.3214	-0.0000	-0.0000	1.0190	1.0023	2.2112	0.0007	0.0000	0.0000	0.0000	0.0000	0.0000	0.0000	0.0000	0.0000	0.0000	0.0000	0.0000	0.0000	0.0000	0.0000	0.0000	0.0000	0.0000	0.0000	0.0352	0.0324	0.0029	0.0183	0.0176	0.0007	0.0169	0.0148	0.0021	0.0290	0.0118	0.0172	0.0141	0.0076	0.0066	0.0149	0.0043	0.0106	0.7568	0.7795	0.0000	0.7446	0.7954	0.0000	0.6215	inf	0.0000	0.0000	0.0000	0.0000	0.0000	0.0000	0.0000	0.0000	0.0000	0.0000
9	39	0.1194	3	0	0	1	1	0	0	0	0	N	N	N	N	N	N	N	N	N	N	N	N	1.8878	1.5539	4.3709	2.5350	1.9403	15.4710	0.0738	inf	0.0000	0.0005	0.0005	0.0009	0.0009	0.0009	0.0038	0.0000	0.0000	0.0000	0.0002	0.0003	0.0002	0.0004	0.0005	0.0002	0.0001	0.0000	0.0002	0.0654	0.9999	-0.0000	-0.0000	1.0190	0.0347	2.2112	0.0013	0.0000	0.0000	0.0000	0.0000	0.0000	0.0000	0.0000	0.0000	0.0000	0.0000	0.0000	0.0000	0.0000	0.0000	0.0000	0.0000	0.0000	0.0000	0.0037	0.0036	0.0001	0.0019	0.0019	0.0000	0.0018	0.0018	0.0001	0.0011	0.0005	0.0007	0.0006	0.0003	0.0002	0.0006	0.0002	0.0004	1.8878	1.5539	4.3709	2.5350	1.9403	15.4710	0.0738	inf	0.0000	0.0002	0.0003	0.0002	0.0004	0.0005	0.0002	0.0001	0.0000	0.0002
9	40	0.1063	2	0	0	1	1	0	0	0	0	N	N	N	N	N	N	N	N	N	N	N	N	12.2406	5.4776	1.8688	1.1183	inf	inf	0.0165	0.0182	0.0000	0.0056	0.0058	0.0000	0.0237	0.0271	0.0000	0.0013	0.0033	0.0000	0.0030	0.0052	0.0000	0.0000	0.0000	0.0000	0.0000	0.0000	-0.0008	-0.0001	1.0190	3.9674	2.2112	1.0003	0.0021	0.0021	0.0000	0.0003	0.0003	0.0000	0.0018	0.0018	0.0000	0.0002	0.0002	0.0000	0.0002	0.0002	0.0000	0.0000	0.0000	0.0000	0.1248	0.1134	0.0114	0.0498	0.0477	0.0021	0.0750	0.0657	0.0092	0.1432	0.0583	0.0850	0.0646	0.0370	0.0276	0.0787	0.0213	0.0574	12.2406	5.4776	0.0000	1.8688	1.1183	0.0000	inf	inf	0.0000	0.0013	0.0033	0.0000	0.0030	0.0052	0.0000	0.0000	0.0000	0.0000			
9	41	0.1594	4	0	1	1	1	0	0	0	0	N	N	N	N	N	N	N	N	N	N	N	N	3.4172	1.6811	0.0000	8.3703	5.2439	0.0000	1.2800	0.0060	0.0000	0.0003	0.0003	0.0000	0.0004	0.0004	0.0000	0.0001	0.0002	0.0000	0.0001	0.0002	0.0000	0.0000	0.0001	0.0000	0.0001	0.0265	0.0000	0.0000	0.0542	-0.0000	-0.0000	1.0190	1.0144	2.2112	1.0128	0.0000	0.0000	0.0000	0.0000	0.0000	0.0000	0.0000	0.0000	0.0000	0.0000	0.0000	0.0000	0.0000	0.0000	0.0000	0.0000	0.0000	0.0000	0.0397	0.0363	0.0034	0.0199	0.0190	0.0009	0.0198	0.0173	0.0025	0.0639	0.0273	0.0366	0.0318	0.0190	0.0128	0.0321	0.0083	0.0238	3.4172	1.6811	0.0000	8.3703	5.2439	0.0000	1.2800	0.4066	0.0000	0.0001	0.0002	0.0000	0.0000	0.0001	0.0000	0.0001	0.0004	0.0000
9	42	0.1063	2	1	1	2	1	0	0	0	0	N	N	Y	N	N	N	N	N	N	N	N	N	0.0000	0.0000	0.0000	0.0000	0.0000	0.0000	0.0000	0.0000	0.0000	0.0000	0.0000	0.0000	0.0000	0.0000	0.0000	1.7971	0.0000	1.8732	0.8929	0.0000	2.0899	2.1419	0.0000	1.7702	inf	0.0000	0.0611	1.0190	3.0000	2.2112	2.9994	0.0000	0.0000	0.0000	0.0000	0.0000	0.0000	0.0000	0.0000	0.0000	0.1863	0.0000	0.1863	0.0669	0.0000	0.0669	0.1194	0.0000	0.1194	0.0967	0.0879	0.0088	0.0390	0.0373	0.0017	0.0577	0.0506	0.0072	0.1675	0.0680	0.0995	0.0750	0.0429	0.0320	0.0925	0.0251	0.0674	0.0000	0.0000	0.0000	0.0000	0.0000	0.0000	0.0000	0.0000	0.0000	1.1122	0.0000	1.8732	0.8929	0.0000	2.0899	1.2899	0.0000	1.7702				
9	43	0.1063	2	1	1	2	1	0	0	0	0	N	N	Y	N	N	N	N	N	N	N	N	N	0.0000	0.0000	0.0000	0.0000	0.0000	0.0000	0.0000	0.0000	0.0000	0.0000	0.0000	0.0000	0.0000	0.0000	0.0000	0.0000	0.0000	1.5718	0.0040	1.3659	0.6697	0.0064	1.5597	1.8575	0.0000	1.2769	503.5054	0.0000	0.0608	1.0190	4.0000	2.2112	4.9994	0.0000	0.0000	0.0000	0.0000	0.0000	0.0000	0.0000	0.0000	0.0000	0.1867	0.0004	0.1863	0.0673	0.0004	0.0669	0.1194	0.0000	0.1194	0.1257	0.1142	0.0115	0.0502	0.0480	0.0022	0.0755	0.0662	0.0093	0.2293	0.0929	0.1364	0.1005	0.0576	0.0429	0.1288	0.0353	0.0935	0.0000	0.0000	0.0000	0.0000	0.0000	0.0000	0.0000	0.0000	0.0000	0.8140	0.0040	1.3659	0.6697	0.0064	1.5597	0.9266	0.0000	1.2769		
9	44	0.2439	3	1	1	1	1	0	0	0	0	N	N	N	N	N	N	N	N	N	N	N	N	0.0000	0.0000	0.0000	0.0000	0.0000	0.0000	0.0000	0.0000	0.0000	0.0000	0.0000	0.0000	0.0000	0.0000	0.0000	0.0000	0.0000	0.0000	0.0000	0.0000	1.0190	2.0000	2.2112	1.0000	0.0000	0.0000	0.0000	0.0000	0.0000	0.0000	0.0000	0.0000	0.0000	0.0000	0.0000	0.0000	0.0000	0.0000	0.0000	0.0000	0.0000	0.0000	0.0645	0.0588	0.0058	0.0255	0.0246	0.0009	0.0390	0.0341	0.0049	0.0762	0.0277	0.0484	0.0356	0.0142	0.0213	0.0406	0.0135	0.0271	0.0000	0.0000	0.0000	0.0000	0.0000	0.0000	0.0000	0.0000	0.0000	0.0000	0.0000	0.0000	0.0000	0.0000	0.0000	0.0000	0.0000	0.0000											
9	45	0.1715	4	0	1	1	2	0	0	0	0	N	N	N	Y	N	N	N	N	N	N	N	N	0.0000	0.0000	0.0000	0.0000	0.0000	0.0000	0.0000	0.0000	0.0000	0.0000	0.0000	0.0000	0.0000	0.0000	0.0000	0.0000	0.0000	0.0000	0.0000	0.0000	1.0190	1.0000	2.2112	0.0000	0.0000	0.0000	0.0000	0.0000	0.0000	0.0000	0.0000	0.0000	0.0000	0.0000	0.0000	0.0000	0.0000	0.0000	0.0000	0.0000	0.0000	0.0000	0.0344	0.0313	0.0030	0.0151	0.0145	0.0006	0.0193	0.0168	0.0024	0.0326	0.0137	0.0190	0.0164	0.0095	0.0069	0.0162	0.0041	0.0121	0.0000	0.0000	0.0000	0.0000	0.0000	0.0000	0.0000	0.0000	0.0000	0.0000	0.0000	0.0000	0.0000	0.0000	0.0000	0.0000	0.0000	0.0000											
9	46	0.1715	4	0	0	1	2	0	0	0	0	N	N	N	Y	N	N	N	N	N	N	N	N	0.0000	0.0000	0.0000	0.0000	0.0000	0.0000	0.0000	0.0000	0.0000	0.0000	0.0000	0.0000	0.0000	0.0000	0.0000	0.0000	0.0000	0.0000	0.0000	0.0000	1.0190	0.0000	2.2112	0.0000	0.0000	0.0000	0.0000	0.0000	0.0000	0.0000	0.0000	0.0000	0.0000	0.0000	0.0000	0.0000	0.0000	0.0000	0.0000	0.0000	0.0000	0.0000	0.0000	0.0000	0.0000	0.0000	0.0000	0.0000	0.0000	0.0000	0.0000	0.0000	0.0000	0.0000	0.0000	0.0000	0.0000	0.0000	0.0000	0.0000	0.0000	0.0000	0.0000	0.0000	0.0000	0.0000	0.0000	0.0000	0.0000	0.0000	0.0000	0.0000	0.0000	0.0000	0.0000	0.0000	0.0000	0.0000											
9	47	0.1385	3	0	0	1	2	0	0	0	0	N	N	N	Y	N	N	N	N	N	N	N	N	0.0003	0.0001	0.0049	0.0001	0.0001	0.0000	0.0006	0.0000	0.0000	0.0000	0.0000	0.0000	0.0000	0.0000	0.0000	0.0000	0.0000	0.0000	0.0461	0.1340	0.0000	0.0583	0.0863	0.0000	0.0317	2.9881	0.0000	0.0011	0.0003	-0.0000	-0.0060	1.0190	2.0873	2.2112	1.9360	0.0000	0.0000	0.0000	0.0000	0.0000	0.0000	0.0000	0.0000	0.0000	0.0089	0.0089	0.0000	0.0061	0.0061	0.0000	0.0028	0.0028	0.0000	0.0702	0.0639	0.0063	0.0294	0.0282	0.0012	0.0408	0.0357	0.0051	0.1937	0.1025	0.0911	0.1048	0.0708	0.0340	0.0889	0.0317	0.0572	0.0003	0.0002	0.0049	0.0001	0.0001	0.0000	0.0006	0.0002	0.0000	0.0461	0.0871	0.0000	0.0583	0.0863	0.0000	0.0317	0.0889	0.0000
9	48	0.1063	2	0	0	1	2	0	0	0	0	N	N	N	Y	N	N	N	N	N	N	N	N	0.2375	0.1435	0.0000	0.0312	0.0388	0.0000	0.6879	0.0107	0.0000	0.0157	0.0173	0.0000	0.0032	0.0034	0.0000	0.0240	0.0274	0.0000	0.0662	0.1207	0.0583	0.1042	0.0875	0.1266	0.0350	2.5586	0.0254	0.0000	1.0925	-0.0007	-0.0013	1.0190	3.9129	2.2112	0.7267	0.0019	0.0019	0.0000	0.0002	0.0002	0.0000	0.0018	0.0018	0.0000	0.0090	0.0043	0.0047	0.0064	0.0031	0.0033	0.0026	0.0012	0.0014	0.1232	0.1120	0.0112	0.0492	0.0471	0.0021	0.0740	0.0649	0.0091	0.1352	0.0550	0.0802	0.0611	0.0350	0.0261	0.0741	0.0200	0.0541	0.2375	0.2225	0.0000	0.0312	0.0388	0.0000	0.6879	0.4505	0.0000	0.0662	0.0778	0.0583	0.1042	0.0875	0.1266	0.0350	0.0609	0.0254
9	49	0.1063	2	0	1	2	1	0	0	0	0	N	N	Y	N	N	N	N	N	N	N	N	N	0.0108	0.0137	0.2260	0.5055	0.0205	inf	0.0112	0.1341	0.0132	0.0003	0.1408	0.0105	0.0007	0.2247	0.0148	0.0000	0.1215	1.2159	0.0224	0.6228	0.0208	0.0364	0.0000	1.3234	0.0000	0.9056	46.2000	40.8736	0.0014	0.0286	1.0190	6.0000	2.2112	4.0006	0.0024	0.0000	0.0023	0.0007	0.0000	0.0007	0.0016	0.0000	0.0016	0.0939	0.0022	0.0917	0.0022	0.0022	0.0000	0.0917	0.0000	0.0917	0.1794	0.1630	0.0164	0.0703	0.0672	0.0031	0.1092	0.0958	0.0133	0.2474	0.1002	0.1472	0.1077	0.0617	0.0460	0.1397	0.0385	0.1012	0.0346	0.0137	0.2260	0.5055	0.0205	inf	0.0226	0.0000	0.1341	0.3797	0.0224	0.6228	0.0208	0.0364	0.0000	0.6562	0.0000	0.9056	
9	50	0.1063	2	1	0	2	1	0	0	0	0	N	N	Y	N	N	N	N	N	N	N	N	N	0.0100	0.0000	0.2094	0.4401	0.0000	inf	0.0103	0.1238	0.0129	0.0000	0.1408	0.0098	0.0000	0.2247	0.0148	0.0000	0.1215	1.2813	0.0241	0.6721	0.0223	0.0389	0.0000	1.4355	0.0000	0.9807	inf	40.8736	0.0014	0.0286	1.0190	6.0000	2.2112	3.0006	0.0023	0.0000	0.0023	0.0007	0.0000	0.0007	0.0016	0.0000	0.0016	0.0939	0.0022	0.0917	0.0022	0.0022	0.0000	0.0917	0.0000	0.0917	0.1794	0.1630	0.0164	0.0703	0.0672	0.0031	0.1092	0.0958	0.0133	0.2293	0.0929	0.1364	0.1005	0.0576	0.0429	0.1288	0.0353	0.0935	0.0314	0.0000	0.2094	0.4401	0.0000	inf	0.0209	0.0000	0.1238	0.4095	0.0241	0.6721	0.0223	0.0389	0.0000	0.7117	0.0000	0.9807	
9	51	0.1441	3	1	1	1	1	0	0	0	0	N	N	N	N	N	N	N	N	N	N	N	N	0.0334	0.0086	2.7639	0.0695	0.0222	7.7410	0.0000	0.0000	0.0000	0.0001	0.0000	0.0003	0.0001	0.0001	0.0012	0.0000	0.0000	0.0000	0.0020	0.0047	0.0001	0.0018	0.0034	0.0002	0.0052	0.4444	0.0001	0.7709	0.0382	0.0000	-0.0001	1.0190	1.0314	2.2112	3.0033	0.0000	0.0000	0.0000	0.0000	0.0000	0.0000	0.0000	0.0000	0.0000	0.0002	0.0002	0.0000	0.0001	0.0001	0.0000	0.0001	0.0001	0.0000	0.0372	0.0340	0.0032	0.0189	0.0181	0.0008	0.0183	0.0159	0.0023	0.1090	0.0436	0.0654	0.0489	0.0253	0.0235	0.0601	0.0183	0.0419	0.0334	0.0086	2.7639	0.0695	0.0222	7.7410	0.0001	0.0000	0.0000	0.0020	0.0047	0.0001	0.0018	0.0034	0.0002	0.0020	0.0065	0.0001
9	52	0.1063	2	1	1	1	1	0	0	0	0	N	N	N	N	N	N	N	N	N	N	N	N	0.2717	0.2134	0.0000	0.6869	0.4156	0.0000	0.0000	0.0000	0.0000	0.0008	0.0009	0.0000	0.0020	0.0021	0.0000	0.0000	0.0000	0.0000	0.0029	0.0040	0.0021	0.0029	0.0050	0.0001	0.0079	0.1138	0.0031	0.0000	0.7553	-0.0000	-0.0001	1.0190	4.9791	2.2112	0.0710	0.0001	0.0001	0.0000	0.0001	0.0001	0.0000	0.0000	0.0000	0.0000	0.0004	0.0002	0.0002	0.0002	0.0002	0.0000	0.0002	0.0001	0.0002	0.1527	0.1387	0.0140	0.0604	0.0578	0.0026	0.0923	0.0810	0.0113	0.1452	0.0591	0.0862	0.0654	0.0375	0.0280	0.0798	0.0216	0.0582	0.2717	0.2134	0.0000	0.6869	0.4156	0.0000	0.0001	0.0001	0.0000	0.0029	0.0040	0.0021	0.0029	0.0050	0.0001	0.0029	0.0024	0.0031
9	53	0.1063	2	0	1	1	1	0	0	0	0	N	N	N	N	N	N	N	N	N	N	N	N	0.0108	0.0137	0.2260	0.5055	0.0205	inf	0.0112	0.1341	0.0132	0.0003	0.1408	0.0105	0.0007	0.2247	0.0148	0.0000	0.1215	1.2159	0.0224	0.6228	0.0208	0.0364	0.0000	1.3234	0.0000	0.9056	46.2000	40.8736	0.0014	0.0286	1.0190	6.0000	2.2112	4.0006	0.0024	0.0000	0.0023	0.0007	0.0000	0.0007	0.0016	0.0000	0.0016	0.0939	0.0022	0.0917	0.0022	0.0022	0.0000	0.0917	0.0000	0.0917	0.1794	0.1630	0.0164	0.0703	0.0672	0.0031	0.1092	0.0958	0.0133	0.2474	0.1002	0.1472	0.1077	0.0617	0.0460	0.1397	0.0385	0.1012	0.0346	0.0137	0.2260	0.5055	0.0205	inf	0.0226	0.0000	0.1341	0.3797	0.0224	0.6228	0.0208	0.0364	0.0000	0.6562	0.0000	0.9056	
9	54	0.1594	4	0	0	2	1	0	0	0	0	N	N	Y	N	N	N	N	N	N	N	N	N	5.7918	2.5672	0.0000	2.9986	1.8324	0.0000	45.6252	0.2958	0.0000	0.0026	0.0027	0.0000	0.0021	0.0021	0.0000	0.0094	0.0107	0.0000	0.0004	0.0010	0.0000	0.0007	0.0011	0.0000	0.0002	0.0362	0.0000	0.0000	0.0094	-0.0000	-0.0000	1.0190	0.0147	2.2112	0.9910	0.0000	0.0000	0.0000	0.0000	0.0000	0.0000	0.0000	0.0000	0.0000	0.0000	0.0000	0.0000	0.0000	0.0000	0.0000	0.0000	0.0000	0.0000	0.0041	0.0040	0.0001	0.0038	0.0037	0.0001	0.0003	0.0003	0.0000	0.0330	0.0141	0.0189	0.0165	0.0099	0.0066	0.0165	0.0042	0.0123	5.7918	2.5672	0.0000	2.9986	1.8324	0.0000	45.6252	13.8615	0.0000	0.0004	0.0010	0.0000	0.0007	0.0011	0.0000	0.0002	0.0008	0.0000
9	55	0.1483	3	0	0	1	1	0	0	0	0	N	N	N	N	N	N	N	N	N	N	N	N	47.9225	22.5986	0.0000	71.5947	44.4731	0.0000	25.2784	0.1971	0.0000	0.0168	0.0182	0.0000	0.0225	0.0233	0.0000	0.0098	0.0112	0.0000	0.0004	0.0008	0.0000	0.0003	0.0005	0.0000	0.0004	0.0566	0.0000	0.0000	0.0172	-0.0003	-0.0000	1.0190	0.9556	2.2112	1.0192	0.0007	0.0007	0.0000	0.0005	0.0005	0.0000	0.0002	0.0002	0.0000	0.0000	0.0000	0.0000	0.0000	0.0000	0.0000	0.0000	0.0000	0.0000	0.0416	0.0384	0.0031	0.0229	0.0221	0.0008	0.0187	0.0163	0.0023	0.0626	0.0269	0.0358	0.0312	0.0187	0.0125	0.0314	0.0082	0.0233	47.9225	22.5986	0.0000	71.5947	44.4731	0.0000	25.2784	7.7284	0.0000	0.0004	0.0008	0.0000	0.0003	0.0005	0.0000	0.0004	0.0014	0.0000
9	56	0.1063	2	0	0	1	1	0	0	0	0	N	N	N	N	N	N	N	N	N	N	N	N	14.7869	6.6360	0.0000	1.5151	0.9064	533.4057	1.8166	0.0000	0.0201	0.0221	0.0000	0.0045	0.0047	0.0000	0.0306	0.0350	0.0000	0.0014	0.0033	0.0000	0.0030	0.0052	0.0000	0.0001	0.0192	0.0000	0.0000	0.0040	-0.0008	-0.0002	1.0190	3.0309	2.2112	3.0097	0.0020	0.0020	0.0000	0.0002	0.0002	0.0000	0.0018	0.0018	0.0000	0.0002	0.0002	0.0000	0.0002	0.0002	0.0000	0.0000	0.0000	0.0000	0.0976	0.0887	0.0089	0.0394	0.0377	0.0017	0.0583	0.0511	0.0072	0.1684	0.0684	0.1000	0.0754	0.0432	0.0322	0.0931	0.0253	0.0678	14.7869	6.6360	0.0000	1.5151	0.9064	0.0000	533.4057	199.4568	0.0000	0.0014	0.0033	0.0000	0.0030	0.0052	0.0000	0.0001	0.0002	0.0000	
9	57	0.1063	2	0	0	1	1	0	0	0	0	N	N	N	N	N	N	N	N	N	N	N	N	0.0000	0.0000	0.0000	0.0000	0.0000	0.0000	0.0000	0.0000	0.0000	0.0000	0.0000	0.0000	0.0000	0.0000	0.0000	0.0000	0.0000	6.6281	0.0009	45.4477	0.0024	0.0015	0.0037	11.2341	0.0000	61.5611	16500.9395	0.0000	0.3409	1.0190	3.0000	2.2112	3.0006	0.0000	0.0000	0.0000	0.0000	0.0000	0.0000	0.0000	0.0000	0.0000	1.0399	0.0001	1.0398	0.0002	0.0001	0.0001	1.0397	0.0000	1.0397	0.0967	0.0879	0.0088	0.0390	0.0373	0.0017	0.0577	0.0506	0.0072	0.1675	0.0681	0.0995	0.0750	0.0429	0.0320	0.0925	0.0251	0.0674	0.0000	0.0000	0.0000	0.0000	0.0000	0.0000	0.0000	0.0000	0.0000	6.2072	0.0009	10.4536	0.0024	0.0015	0.0037	11.2341	0.0000	15.4180		
9	58	0.2518	4	0	0	1	1	0	0	0	0	N	N	N	N	N	N	N	N	N	N	N	N	0.0159	0.0055	0.0995	0.0429	0.0288	1.5642	0.0013	0.0000	0.0176	0.0006	0.0007	0.0001	0.0013	0.0014	0.0005	0.0001	0.0001	0.0000	0.0392	0.1224	0.0014	0.0306	0.0470	0.0003	0.0471	3.4204	0.0019	0.0195	0.0194	-0.0001	-0.0092	1.0190	10.2575	2.2112	3.8960	0.0002	0.0002	0.0000	0.0002	0.0002	0.0000	0.0000	0.0000	0.0000	0.0140	0.0138	0.0003	0.0052	0.0052	0.0000	0.0088	0.0085	0.0002	0.3221	0.2939	0.0282	0.1453	0.1386	0.0067	0.1768	0.1553	0.0214	0.3583	0.1644	0.1939	0.1713	0.1113	0.0600	0.1870	0.0530	0.1340	0.0159	0.0080	0.0995	0.0429	0.0288	1.5642	0.0013	0.0004	0.0176	0.0392	0.0838	0.0014	0.0306	0.0470	0.0003	0.0471	0.1612	0.0019
9	59	0.2259	3	1	1	2	1	0	0	0	0	N	N	Y	N	N	N	N	N	N	N	N	N	0.0000	0.0000	0.0000	0.0000	0.0000	0.0000	0.0000	0.0000	0.0000	0.0000	0.0000	0.0000	0.0000	0.0000	0.0000	0.0000	0.0000	0.0000	0.0000	0.0000	1.0190	0.0000	2.2112	0.0000	0.0000	0.0000	0.0000	0.0000	0.0000	0.0000	0.0000	0.0000	0.0000	0.0000	0.0000	0.0000	0.0000	0.0000	0.0000	0.0000	0.0000	0.0000	0.0000	0.0000	0.0000	0.0000	0.0000	0.0000	0.0000	0.0000	0.0000	0.0000	0.0000	0.0000	0.0000	0.0000	0.0000	0.0000	0.0000	0.0000	0.0000	0.0000	0.0000	0.0000	0.0000	0.0000	0.0000	0.0000	0.0000	0.0000	0.0000	0.0000	0.0000	0.0000	0.0000	0.0000	0.0000	0.0000											
9	60	0.1063	2	1	0	2	1	0	0	0	0	N	N	Y	N	N	N	N	N	N	N	N	N	0.0078	0.0131	0.1043	0.0154	0.0197	0.1439	0.0085	0.0969	0.0115	0.0003	0.1235	0.0093	0.0007	0.1976	0.0130	0.0000	0.1065	1.4885	0.0205	1.1843	0.6054	0.0335	1.3731	1.5306	0.0000	1.0994	46.2000	85.0671	0.0014	0.0596	1.0190	7.0000	2.2112	3.9994	0.0024	0.0000	0.0023	0.0007	0.0000	0.0007	0.0016	0.0000	0.0016	0.1885	0.0022	0.1863	0.0691	0.0022	0.0669	0.1194	0.0000	0.1194	0.2043	0.1856	0.0187	0.0793	0.0758	0.0035	0.1251	0.1099	0.0152	0.2642	0.1069	0.1573	0.1142	0.0654	0.0488	0.1500	0.0415	0.1086	0.0162	0.0131	0.1043	0.0154	0.0197	0.1439	0.0163	0.0000	0.0969	0.7134	0.0205	1.1843	0.6054	0.0335	1.3731	0.7956	0.0000	1.0994	
9	61	0.1887	3	1	0	2	1	0	0	0	0	N	N	Y	N	N	N	N	N	N	N	N	N	0.0000	0.0000	0.0000	0.0000	0.0000	0.0000	0.0000	0.0000	0.0000	0.0000	0.0000	0.0000	0.0000	0.0000	0.0000	0.0000	0.0000	0.0000	0.0000	0.0000	1.0190	2.0000	2.2112	0.0000	0.0000	0.0000	0.0000	0.0000	0.0000	0.0000	0.0000	0.0000	0.0000	0.0000	0.0000	0.0000	0.0000	0.0000	0.0000	0.0000	0.0000	0.0000	0.0583	0.0535	0.0049	0.0315	0.0300	0.0014	0.0269	0.0234	0.0034	0.0570	0.0273	0.0297	0.0160	0.0152	0.0008	0.0410	0.0121	0.0288	0.0000	0.0000	0.0000	0.0000	0.0000	0.0000	0.0000	0.0000	0.0000	0.0000	0.0000	0.0000	0.0000	0.0000	0.0000	0.0000	0.0000	0.0000											
9	62	0.1063	2	1	0	2	1	0	0	0	0	N	N	Y	N	N	N	N	N	N	N	N	N	0.0002	0.0170	0.0000	0.0013	0.0252	0.0000	0.0000	0.0000	0.0004	0.0004	0.0000	0.0010	0.0010	0.0000	0.0000	0.0000	0.0000	1.6328	0.0257	1.4919	0.7457	0.0412	1.6906	1.9054	0.0000	1.3997	0.0000	85.0671	-0.0000	0.0596	1.0190	4.0000	2.2112	3.9994	0.0001	0.0001	0.0000	0.0001	0.0001	0.0000	0.0000	0.0000	0.0000	0.1885	0.0022	0.1863	0.0691	0.0022	0.0669	0.1194	0.0000	0.1194	0.1257	0.1142	0.0115	0.0502	0.0480	0.0022	0.0755	0.0662	0.0093	0.2101	0.0852	0.1249	0.0927	0.0531	0.0396	0.1173	0.0321	0.0853	0.0004	0.0170	0.0000	0.0013	0.0252	0.0000	0.0000	0.0000	0.0000	0.8973	0.0257	1.4919	0.7457	0.0412	1.6906	1.0171	0.0000	1.3997	
9	63	0.1063	2	0	1	1	1	0	0	0	0	N	N	N	N	N	N	N	N	N	N	N	N	638.3512	284.3166	711.2112	426.3728	0.0725	0.0798	0.0000	0.1868	0.1954	0.0000	0.0000	0.0000	0.0000	0.0001	0.0003	0.0000	0.0003	0.0005	0.0000	0.0000	0.0000	0.0000	0.0000	0.0000	-0.0057	-0.0000	1.0190	7.0000	2.2112	4.0000	0.0148	0.0148	0.0000	0.0148	0.0148	0.0000	0.0000	0.0000	0.0000	0.0000	0.0000	0.0000	0.0000	0.0000	0.0000	0.0000	0.0000	0.0000	0.2043	0.1856	0.0187	0.0793	0.0758	0.0035	0.1251	0.1099	0.0152	0.2642	0.1069	0.1573	0.1142	0.0654	0.0488	0.1500	0.0415	0.1086	638.3512	284.3166	0.0000	711.2112	426.3728	0.0000	0.0000	0.0000	0.0000	0.0001	0.0003	0.0000	0.0003	0.0005	0.0000	0.0000	0.0000	0.0000					
9	64	0.2129	5	0	0	2	1	0	0	0	0	N	N	Y	N	N	N	N	N	N	N	N	N	0.0000	0.0000	0.0000	0.0000	0.0000	0.0000	0.0000	0.0000	0.0000	0.0000	0.0000	0.0000	0.0000	0.0000	0.0000	0.0000	0.0000	0.0000	0.0000	0.0000	1.0190	0.0000	2.2112	0.0000	0.0000	0.0000	0.0000	0.0000	0.0000	0.0000	0.0000	0.0000	0.0000	0.0000	0.0000	0.0000	0.0000	0.0000	0.0000	0.0000	0.0000	0.0000	0.0000	0.0000	0.0000	0.0000	0.0000	0.0000	0.0000	0.0000	0.0000	0.0000	0.0000	0.0000	0.0000	0.0000	0.0000	0.0000	0.0000	0.0000	0.0000	0.0000	0.0000	0.0000	0.0000	0.0000	0.0000	0.0000	0.0000	0.0000	0.0000	0.0000	0.0000	0.0000	0.0000	0.0000	0.0000	0.0000											
9	65	0.1886	4	0	0	2	1	0	0	0	0	N	N	Y	N	N	N	N	N	N	N	N	N	0.0000	0.0000	0.0000	0.0000	0.0000	0.0000	0.0000	0.0000	0.0000	0.0000	0.0000	0.0000	0.0000	0.0054	0.0126	0.0000	0.0218	0.0229	0.0000	0.0000	0.0000	0.0000	0.0000	0.0000	-0.0002	1.0190	0.8734	2.2112	1.0002	0.0000	0.0000	0.0000	0.0000	0.0000	0.0000	0.0000	0.0000	0.0000	0.0004	0.0004	0.0000	0.0004	0.0004	0.0000	0.0000	0.0000	0.0000	0.0278	0.0253	0.0024	0.0133	0.0128	0.0006	0.0144	0.0126	0.0019	0.0683	0.0294	0.0389	0.0170	0.0162	0.0008	0.0513	0.0133	0.0381	0.0000	0.0000	0.0000	0.0000	0.0000	0.0000	0.0000	0.0000	0.0000	0.0054	0.0126	0.0000	0.0218	0.0229	0.0000	0.0000	0.0000	0.0000						
9	66	0.1741	3	0	0	1	1	0	0	0	0	N	N	N	N	N	N	N	N	N	N	N	N	0.0038	0.1140	0.0000	0.0055	0.1383	0.0000	0.0001	inf	0.0000	0.0001	0.0001	0.0000	0.0001	0.0001	0.0000	0.0000	0.0000	0.0000	0.0163	0.0006	0.0298	0.0229	0.0010	0.4507	0.0207	0.0000	0.0179	0.0012	58.1196	-0.0000	0.0003	1.0190	1.0063	2.2112	0.0727	0.0000	0.0000	0.0000	0.0000	0.0000	0.0000	0.0000	0.0000	0.0000	0.0008	0.0000	0.0008	0.0003	0.0000	0.0003	0.0005	0.0000	0.0005	0.0325	0.0297	0.0028	0.0158	0.0151	0.0007	0.0168	0.0146	0.0022	0.0499	0.0231	0.0268	0.0152	0.0144	0.0007	0.0348	0.0087	0.0260	0.0038	0.1140	0.0000	0.0055	0.1383	0.0000	0.0001	inf	0.0000	0.0163	0.0006	0.0298	0.0229	0.0010	0.4507	0.0134	0.0000	0.0179
9	67	0.1063	2	0	0	1	1	0	0	0	0	N	N	N	N	N	N	N	N	N	N	N	N	0.0000	0.0017	0.0000	0.0000	0.0016	0.0000	0.0000	0.0000	0.0000	0.0000	0.0000	0.0000	0.0000	0.0000	0.0000	0.0000	0.0000	0.0000	1.4488	0.0101	1.0835	1.0162	0.0114	2.3629	0.8955	0.5164	0.4693	0.0397	156.2135	-0.0000	0.0304	1.0190	4.0009	2.2112	1.0789	0.0000	0.0000	0.0000	0.0000	0.0000	0.0000	0.0000	0.0000	0.0000	0.0944	0.0006	0.0938	0.0668	0.0004	0.0664	0.0276	0.0002	0.0275	0.1257	0.1143	0.0115	0.0502	0.0480	0.0022	0.0755	0.0662	0.0093	0.1460	0.0593	0.0866	0.0658	0.0377	0.0281	0.0802	0.0217	0.0585	0.0000	0.0017	0.0000	0.0000	0.0016	0.0000	0.0000	0.0020	0.0000	0.6471	0.0101	1.0835	1.0162	0.0114	2.3629	0.3445	0.0079	0.4693
9	68	0.1063	2	0	1	1	1	0	0	0	0	N	N	N	N	N	N	N	N	N	N	N	N	0.0128	0.0347	0.0000	0.0178	0.0779	0.0000	0.0894	inf	0.0000	0.0170	0.0187	0.0000	0.0137	0.0143	0.0000	0.0192	0.0219	0.0000	1.3318	0.5409	0.6937	0.7714	0.1839	1.5597	0.2148	0.0000	0.2961	0.0000	8.9346	-0.0010	0.0239	1.0190	5.0000	2.2112	3.9994	0.0026	0.0026	0.0000	0.0008	0.0008	0.0000	0.0018	0.0018	0.0000	0.1052	0.0106	0.0946	0.0775	0.0106	0.0669	0.0277	0.0000	0.0277	0.1532	0.1392	0.0140	0.0606	0.0580	0.0026	0.0927	0.0813	0.0114	0.2293	0.0929	0.1364	0.1005	0.0576	0.0429	0.1288	0.0353	0.0935	0.0371	0.1645	0.0000	0.0178	0.0779	0.0000	0.0894	inf	0.0000	0.4588	0.1140	0.6937	0.7714	0.1839	1.5597	0.2148	0.0000	0.2961
9	69	0.1063	2	1	0	2	1	0	0	0	0	N	N	Y	N	N	N	N	N	N	N	N	N	0.0072	0.0976	0.0140	0.1357	0.0076	0.0903	0.0113	0.0000	0.1235	0.0087	0.0000	0.1976	0.0130	0.0000	0.1065	1.5595	0.0000	1.2657	0.6218	0.0000	1.4564	1.7011	0.0000	1.1791	inf	inf	0.0014	0.0611	1.0190	7.0000	2.2112	2.9994	0.0023	0.0000	0.0023	0.0007	0.0000	0.0007	0.0016	0.0000	0.0016	0.1863	0.0000	0.1863	0.0669	0.0000	0.0669	0.1194	0.0000	0.1194	0.2043	0.1856	0.0187	0.0793	0.0758	0.0035	0.1251	0.1099	0.0152	0.2473	0.1002	0.1472	0.1077	0.0617	0.0460	0.1397	0.0385	0.1012	0.0150	0.0000	0.0976	0.0140	0.0000	0.1357	0.0152	0.0000	0.0903	0.7532	0.0000	1.2657	0.6218	0.0000	1.4564	0.8544	0.0000	1.1791			
9	70	0.1063	2	0	1	1	2	0	0	0	0	N	N	N	Y	N	N	N	N	N	N	N	N	0.0773	25.0467	0.0000	5.0855	3.0448	0.0255	inf	0.0000	0.0154	0.0170	0.0000	0.0032	0.0033	0.0000	0.0236	0.0269	0.0000	0.1997	0.0007	0.3353	0.0006	0.0011	0.0000	0.9255	0.0000	0.4893	0.0000	725.8566	-0.0007	0.0150	1.0190	4.0000	2.2112	5.0006	0.0019	0.0019	0.0000	0.0002	0.0002	0.0000	0.0018	0.0018	0.0000	0.0458	0.0001	0.0457	0.0001	0.0001	0.0000	0.0457	0.0000	0.0457	0.1257	0.1142	0.0115	0.0502	0.0480	0.0022	0.0755	0.0662	0.0093	0.2293	0.0929	0.1364	0.1005	0.0576	0.0429	0.1288	0.0353	0.0935	0.0773	25.0467	0.0000	5.0855	3.0448	0.0000	0.0664	inf	0.0000	0.1997	0.0007	0.3353	0.0006	0.0011	0.0000	0.3551	0.0000	0.4893	
9	71	0.1063	2	0	1	1	1	0	0	0	0	N	N	N	N	N	N	N	N	N	N	N	N	0.0083	3.1119	0.0000	0.0047	0.4894	0.0000	0.0680	inf	0.0000	0.0097	0.0107	0.0000	0.0026	0.0028	0.0000	0.0142	0.0162	0.0000	1.1775	0.0034	0.6059	0.5659	0.0057	1.3180	0.2092	0.0000	0.2896	0.0000	259.1205	-0.0008	0.0329	1.0190	7.0000	2.2112	4.9994	0.0020	0.0020	0.0000	0.0002	0.0002	0.0000	0.0018	0.0018	0.0000	0.1014	0.0004	0.1011	0.0680	0.0004	0.0676	0.0334	0.0000	0.0334	0.2043	0.1856	0.0187	0.0793	0.0758	0.0035	0.1251	0.1099	0.0152	0.2800	0.1132	0.1668	0.1202	0.0689	0.0513	0.1598	0.0443	0.1155	0.0269	3.1119	0.0000	0.0047	0.4894	0.0000	0.0680	inf	0.0000	0.3623	0.0034	0.6059	0.5659	0.0057	1.3180	0.2092	0.0000	0.2896
9	72	0.1629	3	0	1	1	1	0	0	0	0	N	N	N	N	N	N	N	N	N	N	N	N	0.0748	0.6979	0.0000	2.3372	1.5576	2.6070	0.0149	0.0027	0.0000	0.0053	0.0058	0.0000	0.0081	0.0085	0.0000	0.0026	0.0029	0.0000	0.0710	0.0083	0.1243	0.0035	0.0055	0.0000	0.1715	1.0825	0.2091	0.0000	17.5401	-0.0003	0.0029	1.0190	4.7764	2.2112	1.3205	0.0008	0.0008	0.0000	0.0006	0.0006	0.0000	0.0002	0.0002	0.0000	0.0107	0.0006	0.0101	0.0003	0.0003	0.0000	0.0104	0.0003	0.0101	0.1461	0.1335	0.0126	0.0723	0.0688	0.0035	0.0738	0.0648	0.0090	0.1503	0.0691	0.0812	0.0899	0.0570	0.0329	0.0604	0.0121	0.0482	0.0748	0.6979	0.0000	2.3372	1.5576	2.6070	0.0149	0.1344	0.0000	0.0710	0.0083	0.1243	0.0035	0.0055	0.0000	0.1715	0.0217	0.2091
9	73	0.1063	2	0	1	1	1	0	0	0	0	N	N	N	N	N	N	N	N	N	N	N	N	4.7670	195.5312	0.0127	0.0028	0.0017	0.0000	6.3606	25.9848	0.0106	6.5947	7.2554	0.0104	0.0001	0.0001	0.0000	11.0277	12.5833	0.0128	1.3834	0.0371	0.8148	0.0312	0.0543	0.0001	1.7337	0.4843	1.2016	0.0001	32.0960	-0.2686	0.0250	1.0190	3.3049	2.2112	2.7470	0.6972	0.6971	0.0001	0.0000	0.0000	0.0000	0.6972	0.6971	0.0001	0.0842	0.0025	0.0816	0.0024	0.0023	0.0000	0.0818	0.0002	0.0816	0.1057	0.0961	0.0096	0.0425	0.0407	0.0018	0.0632	0.0554	0.0078	0.1687	0.0685	0.1002	0.0755	0.0432	0.0322	0.0932	0.0253	0.0679	13.2191	195.5312	0.0127	0.0028	0.0017	0.0000	12.5663	1635.6262	0.0106	0.4989	0.0371	0.8148	0.0312	0.0543	0.0001	0.8776	0.0077	1.2016
9	74	0.1650	3	0	1	1	1	0	0	0	0	N	N	N	N	N	N	N	N	N	N	N	N	0.0000	0.0000	0.0000	0.0000	0.0000	0.0000	0.0000	0.0000	0.0000	0.0000	0.0000	0.0000	0.0000	0.0000	0.0000	0.0000	0.0000	0.0000	0.0000	0.0000	1.0190	0.0000	2.2112	0.0000	0.0000	0.0000	0.0000	0.0000	0.0000	0.0000	0.0000	0.0000	0.0000	0.0000	0.0000	0.0000	0.0000	0.0000	0.0000	0.0000	0.0000	0.0000	0.0000	0.0000	0.0000	0.0000	0.0000	0.0000	0.0000	0.0000	0.0000	0.0000	0.0000	0.0000	0.0000	0.0000	0.0000	0.0000	0.0000	0.0000	0.0000	0.0000	0.0000	0.0000	0.0000	0.0000	0.0000	0.0000	0.0000	0.0000	0.0000	0.0000	0.0000	0.0000	0.0000	0.0000	0.0000	0.0000											
9	75	0.1063	2	0	1	1	1	0	0	0	0	N	N	N	N	N	N	N	N	N	N	N	N	3.6523	2.1341	0.0000	1.2020	0.7196	0.0000	1.9457	0.0333	0.0000	0.0143	0.0157	0.0000	0.0030	0.0031	0.0000	0.0218	0.0248	0.0000	0.0039	0.0074	0.0016	0.0025	0.0043	0.0000	0.0112	0.7467	0.0023	0.0000	0.3078	-0.0007	-0.0003	1.0190	4.3567	2.2112	2.3689	0.0019	0.0019	0.0000	0.0002	0.0002	0.0000	0.0018	0.0018	0.0000	0.0007	0.0005	0.0002	0.0002	0.0002	0.0000	0.0005	0.0003	0.0002	0.1357	0.1233	0.0124	0.0540	0.0517	0.0023	0.0817	0.0717	0.0101	0.1836	0.0745	0.1091	0.0818	0.0468	0.0349	0.1018	0.0277	0.0741	3.6523	2.1341	0.0000	1.2020	0.7196	0.0000	4.2909	1.9788	0.0000	0.0039	0.0074	0.0016	0.0025	0.0043	0.0000	0.0051	0.0126	0.0023
9	76	0.1737	5	1	1	1	2	0	0	0	0	N	N	N	Y	N	N	N	N	N	N	N	N	0.0000	0.0000	0.0000	0.0000	0.0000	0.0000	0.0000	0.0000	0.0000	0.0000	0.0000	0.0000	0.0000	0.0000	0.0000	0.0000	0.0000	0.0000	0.0000	0.0000	1.0190	0.0000	2.2112	0.0000	0.0000	0.0000	0.0000	0.0000	0.0000	0.0000	0.0000	0.0000	0.0000	0.0000	0.0000	0.0000	0.0000	0.0000	0.0000	0.0000	0.0000	0.0000	0.0000	0.0000	0.0000	0.0000	0.0000	0.0000	0.0000	0.0000	0.0000	0.0000	0.0000	0.0000	0.0000	0.0000	0.0000	0.0000	0.0000	0.0000	0.0000	0.0000	0.0000	0.0000	0.0000	0.0000	0.0000	0.0000	0.0000	0.0000	0.0000	0.0000	0.0000	0.0000	0.0000	0.0000	0.0000	0.0000											
9	77	0.1654	4	1	1	1	2	0	0	0	0	N	N	N	Y	N	N	N	N	N	N	N	N	0.0000	0.0000	0.0000	0.0000	0.0000	0.0000	0.0000	0.0000	0.0000	0.0000	0.0000	0.0000	0.0000	0.0000	0.0000	0.0001	0.0000	0.0001	0.0000	0.0000	0.0007	0.0001	0.0000	0.0001	inf	0.0000	0.0000	1.0190	1.0073	2.2112	0.3366	0.0000	0.0000	0.0000	0.0000	0.0000	0.0000	0.0000	0.0000	0.0000	0.0000	0.0000	0.0000	0.0000	0.0000	0.0000	0.0000	0.0000	0.0000	0.0335	0.0306	0.0029	0.0146	0.0140	0.0006	0.0189	0.0166	0.0024	0.0219	0.0074	0.0145	0.0019	0.0019	0.0000	0.0200	0.0055	0.0145	0.0000	0.0000	0.0000	0.0000	0.0000	0.0000	0.0000	0.0000	0.0000	0.0001	0.0000	0.0001	0.0000	0.0000	0.0007	0.0001	0.0000	0.0001				
9	78	0.1911	4	0	1	1	2	0	0	0	0	N	N	N	Y	N	N	N	N	N	N	N	N	0.0000	0.0000	0.0000	0.0000	0.0000	0.0000	0.0000	0.0000	0.0000	0.0000	0.0000	0.0000	0.0000	0.0000	0.0000	0.0000	0.0000	0.0000	0.0000	0.0000	1.0190	0.0000	2.2112	0.0000	0.0000	0.0000	0.0000	0.0000	0.0000	0.0000	0.0000	0.0000	0.0000	0.0000	0.0000	0.0000	0.0000	0.0000	0.0000	0.0000	0.0000	0.0000	0.0000	0.0000	0.0000	0.0000	0.0000	0.0000	0.0000	0.0000	0.0000	0.0000	0.0000	0.0000	0.0000	0.0000	0.0000	0.0000	0.0000	0.0000	0.0000	0.0000	0.0000	0.0000	0.0000	0.0000	0.0000	0.0000	0.0000	0.0000	0.0000	0.0000	0.0000	0.0000	0.0000	0.0000	0.0000	0.0000											
9	79	0.1829	3	0	1	1	2	0	0	0	0	N	N	N	Y	N	N	N	N	N	N	N	N	0.0000	0.0000	0.0000	0.0000	0.0000	0.0000	0.0000	0.0000	0.0000	0.0000	0.0000	0.0000	0.0000	0.0000	0.0000	0.0000	0.0000	0.0000	0.0000	0.0000	1.0190	0.0000	2.2112	1.0000	0.0000	0.0000	0.0000	0.0000	0.0000	0.0000	0.0000	0.0000	0.0000	0.0000	0.0000	0.0000	0.0000	0.0000	0.0000	0.0000	0.0000	0.0000	0.0000	0.0000	0.0000	0.0000	0.0000	0.0000	0.0000	0.0000	0.0000	0.0347	0.0141	0.0206	0.0056	0.0052	0.0004	0.0291	0.0089	0.0202	0.0000	0.0000	0.0000	0.0000	0.0000	0.0000	0.0000	0.0000	0.0000	0.0000	0.0000	0.0000	0.0000	0.0000	0.0000	0.0000	0.0000	0.0000											
9	80	0.1654	4	0	1	1	1	0	0	0	0	N	N	N	N	N	N	N	N	N	N	N	N	0.0000	0.0000	0.0000	0.0000	0.0000	0.0000	0.0000	0.0000	0.0000	0.0000	0.0000	0.0000	0.0000	0.0000	0.0000	0.0000	0.0000	0.0000	0.0000	0.0000	0.0002	0.0000	0.0000	0.0000	inf	0.0000	0.0000	1.0190	3.9927	2.2112	1.0002	0.0000	0.0000	0.0000	0.0000	0.0000	0.0000	0.0000	0.0000	0.0000	0.0000	0.0000	0.0000	0.0000	0.0000	0.0000	0.0000	0.0000	0.0000	0.1227	0.1119	0.0108	0.0519	0.0498	0.0021	0.0708	0.0621	0.0087	0.0698	0.0230	0.0468	0.0039	0.0039	0.0000	0.0659	0.0191	0.0468	0.0000	0.0000	0.0000	0.0000	0.0000	0.0000	0.0000	0.0000	0.0000	0.0000	0.0000	0.0000	0.0000	0.0000	0.0002	0.0000	0.0000	0.0000				
9	81	0.1607	3	0	1	1	1	0	0	0	0	N	N	N	N	N	N	N	N	N	N	N	N	0.0000	0.0000	0.0000	0.0000	0.0000	0.0000	0.0000	0.0000	0.0000	0.0000	0.0000	0.0000	0.0000	0.0000	0.0000	0.0000	0.0002	0.0006	0.0000	0.0045	0.0045	0.0000	0.0000	0.0000	0.0000	0.0007	0.0000	-0.0000	1.0190	0.0110	2.2112	0.6549	0.0000	0.0000	0.0000	0.0000	0.0000	0.0000	0.0000	0.0000	0.0000	0.0000	0.0000	0.0000	0.0000	0.0000	0.0000	0.0000	0.0000	0.0000	0.0004	0.0003	0.0000	0.0002	0.0002	0.0000	0.0002	0.0002	0.0000	0.0100	0.0032	0.0068	0.0004	0.0004	0.0000	0.0095	0.0028	0.0068	0.0000	0.0000	0.0000	0.0000	0.0000	0.0000	0.0000	0.0000	0.0000	0.0002	0.0006	0.0000	0.0045	0.0045	0.0000	0.0000	0.0000	0.0000			
9	82	0.1829	3	0	0	2	2	0	0	0	0	N	N	Y	Y	N	N	N	N	N	N	N	N	0.0000	0.0000	0.0000	0.0000	0.0000	0.0000	0.0000	0.0000	0.0000	0.0000	0.0000	0.0000	0.0000	0.0000	0.0000	0.0000	0.0000	0.0000	0.0000	0.0000	1.0190	1.0000	2.2112	0.0000	0.0000	0.0000	0.0000	0.0000	0.0000	0.0000	0.0000	0.0000	0.0000	0.0000	0.0000	0.0000	0.0000	0.0000	0.0000	0.0000	0.0000	0.0000	0.0332	0.0302	0.0030	0.0129	0.0125	0.0004	0.0203	0.0177	0.0025	0.0347	0.0141	0.0206	0.0056	0.0052	0.0004	0.0291	0.0089	0.0202	0.0000	0.0000	0.0000	0.0000	0.0000	0.0000	0.0000	0.0000	0.0000	0.0000	0.0000	0.0000	0.0000	0.0000	0.0000	0.0000	0.0000	0.0000											
9	83	0.1829	3	0	0	2	2	0	0	0	0	N	N	Y	Y	N	N	N	N	N	N	N	N	0.0000	0.0000	0.0000	0.0000	0.0000	0.0000	0.0000	0.0000	0.0000	0.0000	0.0000	0.0000	0.0000	0.0000	0.0000	0.0000	0.0000	0.0000	0.0000	0.0000	1.0190	0.0000	2.2112	0.0000	0.0000	0.0000	0.0000	0.0000	0.0000	0.0000	0.0000	0.0000	0.0000	0.0000	0.0000	0.0000	0.0000	0.0000	0.0000	0.0000	0.0000	0.0000	0.0000	0.0000	0.0000	0.0000	0.0000	0.0000	0.0000	0.0000	0.0000	0.0000	0.0000	0.0000	0.0000	0.0000	0.0000	0.0000	0.0000	0.0000	0.0000	0.0000	0.0000	0.0000	0.0000	0.0000	0.0000	0.0000	0.0000	0.0000	0.0000	0.0000	0.0000	0.0000	0.0000	0.0000	0.0000	0.0000											
9	84	0.1063	2	0	0	1	2	0	0	0	0	N	N	N	Y	N	N	N	N	N	N	N	N	1.7501	3.1959	0.0061	0.0610	1.9917	2.5990	10.3370	0.0000	113.3962	0.0041	0.0000	0.0962	17.3185	0.0000	139.7342	5.9064	0.0000	35.4818	0.6739	0.0000	1.5781	8.6952	0.0000	53.7651	inf	inf	0.6144	0.3894	1.0190	3.0000	2.2112	5.9994	0.9998	0.0000	0.9998	0.0002	0.0000	0.0002	0.9997	0.0000	0.9997	1.1878	0.0000	1.1878	0.0677	0.0000	0.0677	1.1201	0.0000	1.1201	0.0967	0.0879	0.0088	0.0390	0.0373	0.0017	0.0577	0.0506	0.0072	0.2293	0.0929	0.1364	0.1005	0.0576	0.0429	0.1288	0.0353	0.0935	1.9957	0.0000	13.0210	0.0061	0.0000	0.0610	1.9917	0.0000	11.6612	5.1796	0.0000	8.7087	0.6739	0.0000	1.5781	8.6952	0.0000	11.9829			
9	85	0.2439	3	1	1	1	1	0	0	0	0	N	N	N	N	N	N	N	N	N	N	N	N	0.0000	0.0000	0.0000	0.0000	0.0000	0.0000	0.0000	0.0000	0.0000	0.0000	0.0000	0.0000	0.0000	0.0000	0.0000	0.0000	0.0000	0.0000	0.0000	0.0000	1.0190	0.0000	2.2112	0.0000	0.0000	0.0000	0.0000	0.0000	0.0000	0.0000	0.0000	0.0000	0.0000	0.0000	0.0000	0.0000	0.0000	0.0000	0.0000	0.0000	0.0000	0.0000	0.0000	0.0000	0.0000	0.0000	0.0000	0.0000	0.0000	0.0000	0.0000	0.0000	0.0000	0.0000	0.0000	0.0000	0.0000	0.0000	0.0000	0.0000	0.0000	0.0000	0.0000	0.0000	0.0000	0.0000	0.0000	0.0000	0.0000	0.0000	0.0000	0.0000	0.0000	0.0000	0.0000	0.0000	0.0000	0.0000											
9	86	0.1063	2	1	1	1	1	0	0	0	0	N	N	N	N	N	N	N	N	N	N	N	N	0.0111	0.0000	0.2368	0.2904	0.0000	4.6630	0.0150	0.1865	0.0127	0.0000	0.1393	0.0026	0.0000	0.0609	0.0193	0.0000	0.1574	1.1439	0.0037	0.5882	0.0091	0.0061	0.0131	1.2885	0.0000	0.8437	inf	231.9538	0.0012	0.0319	1.0190	5.0000	2.2112	7.0006	0.0020	0.0000	0.0020	0.0002	0.0000	0.0002	0.0018	0.0000	0.0018	0.0985	0.0004	0.0981	0.0011	0.0004	0.0007	0.0975	0.0000	0.0975	0.1532	0.1392	0.0140	0.0606	0.0580	0.0026	0.0927	0.0813	0.0114	0.2800	0.1132	0.1668	0.1202	0.0689	0.0513	0.1598	0.0443	0.1155	0.0362	0.0000	0.2368	0.2904	0.0000	4.6630	0.0317	0.0000	0.1865	0.3519	0.0037	0.5882	0.0091	0.0061	0.0131	0.6097	0.0000	0.8437	
9	87	0.1063	2	0	1	1	1	0	0	0	0	N	N	N	N	N	N	N	N	N	N	N	N	0.0361	0.0000	0.4515	0.8543	0.0000	9.4089	0.0384	0.3463	0.0571	0.0000	0.6280	0.0114	0.0000	0.2732	0.0890	0.0000	0.7111	1.5797	0.0011	1.3911	0.0134	0.0017	0.0290	2.3153	0.0000	2.0533	inf	1850.7900	0.0012	0.0321	1.0190	1.0000	2.2112	3.0006	0.0019	0.0000	0.0019	0.0002	0.0000	0.0002	0.0018	0.0000	0.0018	0.0982	0.0001	0.0981	0.0007	0.0001	0.0007	0.0975	0.0000	0.0975	0.0340	0.0309	0.0031	0.0140	0.0134	0.0006	0.0200	0.0175	0.0025	0.1190	0.0484	0.0705	0.0540	0.0309	0.0231	0.0650	0.0175	0.0475	0.0692	0.0000	0.4515	0.8543	0.0000	9.4089	0.0593	0.0000	0.3463	0.8252	0.0011	1.3911	0.0134	0.0017	0.0290	1.5000	0.0000	2.0533	
9	88	0.1607	3	1	1	1	1	0	0	0	0	N	N	N	N	N	N	N	N	N	N	N	N	0.0000	0.0000	0.0000	0.0000	0.0000	0.0000	0.0000	0.0000	0.0000	0.0000	0.0000	0.0000	0.0000	0.0000	0.0000	0.0000	0.0000	0.0000	0.0000	0.0000	1.0190	0.0000	2.2112	0.0000	0.0000	0.0000	0.0000	0.0000	0.0000	0.0000	0.0000	0.0000	0.0000	0.0000	0.0000	0.0000	0.0000	0.0000	0.0000	0.0000	0.0000	0.0000	0.0000	0.0000	0.0000	0.0000	0.0000	0.0000	0.0000	0.0000	0.0000	0.0000	0.0000	0.0000	0.0000	0.0000	0.0000	0.0000	0.0000	0.0000	0.0000	0.0000	0.0000	0.0000	0.0000	0.0000	0.0000	0.0000	0.0000	0.0000	0.0000	0.0000	0.0000	0.0000	0.0000	0.0000	0.0000	0.0000											
9	89	0.1063	2	0	1	1	1	0	0	0	0	N	N	N	N	N	N	N	N	N	N	N	N	0.1018	8246431.0317	0.2141	43.1259	12228922.1292	4.3813	0.0145	0.1665	0.1387	0.1355	0.1700	0.3116	0.3223	0.0741	0.0237	0.0000	0.1922	1.3627	0.0000	0.7937	0.0072	0.0000	0.0169	1.6326	0.0000	1.1544	0.1260	70792856.8994	-0.0048	0.0325	1.0190	4.0000	2.2112	4.0001	0.0174	0.0155	0.0020	0.0156	0.0155	0.0002	0.0018	0.0000	0.0018	0.0991	0.0000	0.0991	0.0007	0.0000	0.0007	0.0984	0.0000	0.0984	0.1257	0.1142	0.0115	0.0502	0.0480	0.0022	0.0755	0.0662	0.0093	0.2101	0.0852	0.1249	0.0927	0.0531	0.0396	0.1174	0.0321	0.0853	0.2939	8246431.0317	0.2141	43.1259	12228922.1292	4.3813	0.0283	0.0000	0.1665	0.4718	0.0000	0.7937	0.0072	0.0000	0.0169	0.8388	0.0000	1.1544	
9	91	0.2518	4	0	0	1	1	0	0	0	0	N	N	N	N	N	N	N	N	N	N	N	N	0.1788	0.0048	20.7056	0.1750	0.0619	17.1901	0.1837	0.0000	24.8659	0.0086	0.0022	0.0747	0.0092	0.0048	0.0975	0.0081	0.0000	0.0676	0.0481	0.4712	0.0036	0.0524	0.0780	0.0057	0.0443	3.3881	0.0027	3.1977	0.0428	0.0011	-0.0115	1.0190	11.5137	2.2112	4.9035	0.0030	0.0007	0.0023	0.0014	0.0007	0.0007	0.0016	0.0000	0.0016	0.0182	0.0174	0.0007	0.0092	0.0089	0.0004	0.0089	0.0085	0.0004	0.3458	0.3155	0.0303	0.1537	0.1465	0.0072	0.1921	0.1690	0.0231	0.3782	0.1715	0.2066	0.1762	0.1140	0.0622	0.2020	0.0576	0.1444	0.1788	0.0221	20.7056	0.1750	0.0619	17.1901	0.1837	0.0000	24.8659	0.0481	0.1016	0.0036	0.0524	0.0780	0.0057	0.0443	0.1485	0.0027
10	11	0.1416	4	0	1	0	2	0	0	0	0	N	N	N	Y	N	N	N	N	N	N	N	N	0.0000	0.0000	0.0000	0.0000	0.0000	0.0000	0.0000	0.0000	0.0000	0.0000	0.0000	0.0000	0.0000	0.0000	0.0000	0.0000	0.0000	0.0000	0.0000	0.0000	0.0000	1.0886	1.0000	0.0502	0.0000	0.0000	0.0000	0.0000	0.0000	0.0000	0.0000	0.0000	0.0000	0.0000	0.0000	0.0000	0.0000	0.0000	0.0000	0.0000	0.0000	0.0000	0.0000	0.0000	0.0000	0.0000	0.0000	0.0000	0.0000	0.0000	0.0000	0.0131	0.0052	0.0080	0.0021	0.0020	0.0001	0.0110	0.0032	0.0079	0.0000	0.0000	0.0000	0.0000	0.0000	0.0000	0.0000	0.0000	0.0000	0.0000	0.0000	0.0000	0.0000	0.0000	0.0000	0.0000	0.0000	0.0000											
10	12	0.0849	2	0	1	0	1	0	0	0	0	N	N	N	N	N	N	N	N	N	N	N	N	0.0000	0.0000	0.0000	0.0000	0.0000	0.0000	0.0000	0.0000	0.0000	0.0000	0.0000	0.0000	0.0000	0.0000	0.0000	0.0000	0.0000	0.0000	0.0000	0.0000	0.0000	6.0000	1.0000	3.0006	0.0000	0.0000	0.0000	0.0000	0.0000	0.0000	0.0000	0.0000	0.0000	0.0000	0.0000	0.0000	0.0000	0.0000	0.0000	0.0000	0.0000	0.0000	0.0000	0.0000	0.0000	0.0000	0.0000	0.0000	0.0000	0.0000	0.0000	0.0584	0.0181	0.0403	0.0197	0.0067	0.0129	0.0387	0.0113	0.0274	0.0000	0.0000	0.0000	0.0000	0.0000	0.0000	0.0000	0.0000	0.0000	0.0000	0.0000	0.0000	0.0000	0.0000	0.0000	0.0000	0.0000	0.0000											
10	13	0.0165	2	0	1	0	2	0	0	0	0	N	N	N	Y	N	N	N	N	N	N	N	N	0.0000	0.0000	0.0000	0.0000	0.0000	0.0000	0.0000	0.0000	0.0000	0.0000	0.0000	0.0000	0.0000	0.0000	0.0000	0.0000	0.0000	0.0000	0.0000	0.0000	0.0000	0.0000	1.0000	0.0000	0.0000	0.0000	0.0000	0.0000	0.0000	0.0000	0.0000	0.0000	0.0000	0.0000	0.0000	0.0000	0.0000	0.0000	0.0000	0.0000	0.0000	0.0000	0.0000	0.0000	0.0000	0.0000	0.0000	0.0000	0.0000	0.0000	0.0000	0.0000	0.0000	0.0000	0.0000	0.0000	0.0000	0.0000	0.0000	0.0000	0.0000	0.0000	0.0000	0.0000	0.0000	0.0000	0.0000	0.0000	0.0000	0.0000	0.0000	0.0000	0.0000	0.0000	0.0000	0.0000	0.0000	0.0000											
10	14	0.1226	3	1	1	0	1	0	0	0	0	N	N	N	N	N	N	N	N	N	N	N	N	0.0000	0.0000	0.0000	0.0000	0.0000	0.0000	0.0000	0.0000	0.0000	0.0000	0.0000	0.0000	0.0000	0.0000	0.0000	0.0000	0.0000	0.0000	0.0000	0.0000	0.0000	3.0234	1.0000	1.0170	0.0000	0.0000	0.0000	0.0000	0.0000	0.0000	0.0000	0.0000	0.0000	0.0000	0.0000	0.0000	0.0000	0.0000	0.0000	0.0000	0.0000	0.0000	0.0000	0.0000	0.0000	0.0000	0.0000	0.0000	0.0000	0.0000	0.0000	0.0301	0.0092	0.0209	0.0104	0.0033	0.0071	0.0197	0.0059	0.0138	0.0000	0.0000	0.0000	0.0000	0.0000	0.0000	0.0000	0.0000	0.0000	0.0000	0.0000	0.0000	0.0000	0.0000	0.0000	0.0000	0.0000	0.0000											
10	15	0.0849	2	0	1	0	1	0	0	0	0	N	N	N	N	N	N	N	N	N	N	N	N	0.0000	0.0000	0.0000	0.0000	0.0000	0.0000	0.0000	0.0000	0.0000	0.0000	0.0000	0.0000	0.0000	0.0000	0.0000	0.0000	0.0000	0.0000	0.0000	0.0000	0.0000	4.0000	1.0000	3.0006	0.0000	0.0000	0.0000	0.0000	0.0000	0.0000	0.0000	0.0000	0.0000	0.0000	0.0000	0.0000	0.0000	0.0000	0.0000	0.0000	0.0000	0.0000	0.0000	0.0000	0.0000	0.0000	0.0000	0.0000	0.0000	0.0000	0.0000	0.0480	0.0148	0.0332	0.0165	0.0056	0.0109	0.0316	0.0092	0.0224	0.0000	0.0000	0.0000	0.0000	0.0000	0.0000	0.0000	0.0000	0.0000	0.0000	0.0000	0.0000	0.0000	0.0000	0.0000	0.0000	0.0000	0.0000											
10	16	0.1416	4	0	0	0	2	0	0	0	0	N	N	N	Y	N	N	N	N	N	N	N	N	0.0000	0.0000	0.0000	0.0000	0.0000	0.0000	0.0000	0.0000	0.0000	0.0000	0.0000	0.0000	0.0000	0.0000	0.0000	0.0000	0.0000	0.0000	0.0000	0.0000	0.0000	2.9121	1.0000	3.0117	0.0000	0.0000	0.0000	0.0000	0.0000	0.0000	0.0000	0.0000	0.0000	0.0000	0.0000	0.0000	0.0000	0.0000	0.0000	0.0000	0.0000	0.0000	0.0000	0.0000	0.0000	0.0000	0.0000	0.0000	0.0000	0.0000	0.0000	0.0510	0.0184	0.0325	0.0058	0.0053	0.0005	0.0452	0.0131	0.0321	0.0000	0.0000	0.0000	0.0000	0.0000	0.0000	0.0000	0.0000	0.0000	0.0000	0.0000	0.0000	0.0000	0.0000	0.0000	0.0000	0.0000	0.0000											
10	17	0.1171	3	0	0	0	2	0	0	0	0	N	N	N	Y	N	N	N	N	N	N	N	N	0.0000	0.0000	0.0000	0.0000	0.0000	0.0000	0.0000	0.0000	0.0000	0.0000	0.0000	0.0000	0.0000	0.0000	0.0000	0.0000	0.0000	0.0000	0.0000	0.0000	0.0000	0.1693	1.0000	3.5362	0.0000	0.0000	0.0000	0.0000	0.0000	0.0000	0.0000	0.0000	0.0000	0.0000	0.0000	0.0000	0.0000	0.0000	0.0000	0.0000	0.0000	0.0000	0.0000	0.0000	0.0000	0.0000	0.0000	0.0000	0.0000	0.0000	0.0000	0.0475	0.0228	0.0246	0.0231	0.0139	0.0092	0.0244	0.0090	0.0154	0.0000	0.0000	0.0000	0.0000	0.0000	0.0000	0.0000	0.0000	0.0000	0.0000	0.0000	0.0000	0.0000	0.0000	0.0000	0.0000	0.0000	0.0000											
10	18	0.0849	2	1	0	1	1	0	0	0	0	N	N	N	N	N	N	N	N	N	N	N	N	0.0000	0.0000	0.0000	0.0000	0.0000	0.0000	0.0000	0.0000	0.0000	0.0000	0.0000	0.0000	0.0000	0.0000	0.0000	0.0000	0.0000	0.0000	0.0000	0.0000	0.0000	18.0000	1.0000	5.9994	0.0000	0.0000	0.0000	0.0000	0.0000	0.0000	0.0000	0.0000	0.0000	0.0000	0.0000	0.0000	0.0000	0.0000	0.0000	0.0000	0.0000	0.0000	0.0000	0.0000	0.0000	0.0000	0.0000	0.0000	0.0000	0.0000	0.0000	0.1068	0.0340	0.0729	0.0319	0.0113	0.0206	0.0749	0.0227	0.0522	0.0000	0.0000	0.0000	0.0000	0.0000	0.0000	0.0000	0.0000	0.0000	0.0000	0.0000	0.0000	0.0000	0.0000	0.0000	0.0000	0.0000	0.0000											
10	19	0.1527	3	0	1	0	1	0	0	0	0	N	N	N	N	N	N	N	N	N	N	N	N	0.0000	0.0000	0.0000	0.0000	0.0000	0.0000	0.0000	0.0000	0.0000	0.0000	0.0000	0.0000	0.0000	0.0000	0.0000	0.0000	0.0000	0.0000	0.0000	0.0000	0.0000	2.0070	1.0000	1.9996	0.0000	0.0000	0.0000	0.0000	0.0000	0.0000	0.0000	0.0000	0.0000	0.0000	0.0000	0.0000	0.0000	0.0000	0.0000	0.0000	0.0000	0.0000	0.0000	0.0000	0.0000	0.0000	0.0000	0.0000	0.0000	0.0000	0.0000	0.0345	0.0114	0.0231	0.0034	0.0032	0.0001	0.0311	0.0082	0.0230	0.0000	0.0000	0.0000	0.0000	0.0000	0.0000	0.0000	0.0000	0.0000	0.0000	0.0000	0.0000	0.0000	0.0000	0.0000	0.0000	0.0000	0.0000											
10	20	0.0849	2	0	1	0	1	0	0	0	0	N	N	N	N	N	N	N	N	N	N	N	N	0.0000	0.0000	0.0000	0.0000	0.0000	0.0000	0.0000	0.0000	0.0000	0.0000	0.0000	0.0000	0.0000	0.0000	0.0000	0.0000	0.0000	0.0000	0.0000	0.0000	0.0000	9.0000	1.0000	1.0006	0.0000	0.0000	0.0000	0.0000	0.0000	0.0000	0.0000	0.0000	0.0000	0.0000	0.0000	0.0000	0.0000	0.0000	0.0000	0.0000	0.0000	0.0000	0.0000	0.0000	0.0000	0.0000	0.0000	0.0000	0.0000	0.0000	0.0000	0.0631	0.0196	0.0435	0.0211	0.0072	0.0139	0.0420	0.0123	0.0297	0.0000	0.0000	0.0000	0.0000	0.0000	0.0000	0.0000	0.0000	0.0000	0.0000	0.0000	0.0000	0.0000	0.0000	0.0000	0.0000	0.0000	0.0000											
10	21	0.1414	3	1	1	0	1	0	0	0	0	N	N	N	N	N	N	N	N	N	N	N	N	0.0000	0.0000	0.0000	0.0000	0.0000	0.0000	0.0000	0.0000	0.0000	0.0000	0.0000	0.0000	0.0000	0.0000	0.0000	0.0000	0.0000	0.0000	0.0000	0.0000	0.0000	0.9600	1.0000	1.3160	0.0000	0.0000	0.0000	0.0000	0.0000	0.0000	0.0000	0.0000	0.0000	0.0000	0.0000	0.0000	0.0000	0.0000	0.0000	0.0000	0.0000	0.0000	0.0000	0.0000	0.0000	0.0000	0.0000	0.0000	0.0000	0.0000	0.0000	0.0198	0.0077	0.0121	0.0106	0.0061	0.0044	0.0092	0.0016	0.0077	0.0000	0.0000	0.0000	0.0000	0.0000	0.0000	0.0000	0.0000	0.0000	0.0000	0.0000	0.0000	0.0000	0.0000	0.0000	0.0000	0.0000	0.0000											
10	22	0.1672	4	0	1	0	1	0	0	0	0	N	N	N	N	N	N	N	N	N	N	N	N	0.0000	0.0000	0.0000	0.0000	0.0000	0.0000	0.0000	0.0000	0.0000	0.0000	0.0000	0.0000	0.0000	0.0000	0.0000	0.0000	0.0000	0.0000	0.0000	0.0000	0.0000	0.0000	1.0000	0.0000	0.0000	0.0000	0.0000	0.0000	0.0000	0.0000	0.0000	0.0000	0.0000	0.0000	0.0000	0.0000	0.0000	0.0000	0.0000	0.0000	0.0000	0.0000	0.0000	0.0000	0.0000	0.0000	0.0000	0.0000	0.0000	0.0000	0.0000	0.0000	0.0000	0.0000	0.0000	0.0000	0.0000	0.0000	0.0000	0.0000	0.0000	0.0000	0.0000	0.0000	0.0000	0.0000	0.0000	0.0000	0.0000	0.0000	0.0000	0.0000	0.0000	0.0000	0.0000	0.0000	0.0000	0.0000											
10	23	0.0849	2	1	1	0	1	0	0	0	0	N	N	N	N	N	N	N	N	N	N	N	N	0.0000	0.0000	0.0000	0.0000	0.0000	0.0000	0.0000	0.0000	0.0000	0.0000	0.0000	0.0000	0.0000	0.0000	0.0000	0.0000	0.0000	0.0000	0.0000	0.0000	0.0000	6.0000	1.0000	4.0006	0.0000	0.0000	0.0000	0.0000	0.0000	0.0000	0.0000	0.0000	0.0000	0.0000	0.0000	0.0000	0.0000	0.0000	0.0000	0.0000	0.0000	0.0000	0.0000	0.0000	0.0000	0.0000	0.0000	0.0000	0.0000	0.0000	0.0000	0.0631	0.0196	0.0435	0.0211	0.0072	0.0139	0.0420	0.0123	0.0297	0.0000	0.0000	0.0000	0.0000	0.0000	0.0000	0.0000	0.0000	0.0000	0.0000	0.0000	0.0000	0.0000	0.0000	0.0000	0.0000	0.0000	0.0000											
10	24	0.0849	2	0	1	0	1	0	0	0	0	N	N	N	N	N	N	N	N	N	N	N	N	0.0000	0.0000	0.0000	0.0000	0.0000	0.0000	0.0000	0.0000	0.0000	0.0000	0.0000	0.0000	0.0000	0.0000	0.0000	0.0000	0.0000	0.0000	0.0000	0.0000	0.0000	4.0000	1.0000	4.9994	0.0000	0.0000	0.0000	0.0000	0.0000	0.0000	0.0000	0.0000	0.0000	0.0000	0.0000	0.0000	0.0000	0.0000	0.0000	0.0000	0.0000	0.0000	0.0000	0.0000	0.0000	0.0000	0.0000	0.0000	0.0000	0.0000	0.0000	0.0584	0.0181	0.0403	0.0197	0.0067	0.0129	0.0387	0.0113	0.0274	0.0000	0.0000	0.0000	0.0000	0.0000	0.0000	0.0000	0.0000	0.0000	0.0000	0.0000	0.0000	0.0000	0.0000	0.0000	0.0000	0.0000	0.0000											
10	25	0.1319	3	0	1	1	2	0	0	0	0	N	N	N	Y	N	N	N	N	N	N	N	N	0.0000	0.0000	0.0000	0.0000	0.0000	0.0000	0.0000	0.0000	0.0000	0.0000	0.0000	0.0000	0.0000	0.0000	0.0000	0.0000	0.0000	0.0000	0.0000	0.0000	0.0000	0.8908	1.0000	1.0730	0.0000	0.0000	0.0000	0.0000	0.0000	0.0000	0.0000	0.0000	0.0000	0.0000	0.0000	0.0000	0.0000	0.0000	0.0000	0.0000	0.0000	0.0000	0.0000	0.0000	0.0000	0.0000	0.0000	0.0000	0.0000	0.0000	0.0000	0.0213	0.0093	0.0120	0.0095	0.0055	0.0040	0.0118	0.0038	0.0080	0.0000	0.0000	0.0000	0.0000	0.0000	0.0000	0.0000	0.0000	0.0000	0.0000	0.0000	0.0000	0.0000	0.0000	0.0000	0.0000	0.0000	0.0000											
10	26	0.0849	2	0	0	0	2	0	0	0	0	N	N	N	Y	N	N	N	N	N	N	N	N	0.0000	0.0000	0.0000	0.0000	0.0000	0.0000	0.0000	0.0000	0.0000	0.0000	0.0000	0.0000	0.0000	0.0000	0.0000	0.0000	0.0000	0.0000	0.0000	0.0000	0.0000	3.1159	1.0000	2.1859	0.0000	0.0000	0.0000	0.0000	0.0000	0.0000	0.0000	0.0000	0.0000	0.0000	0.0000	0.0000	0.0000	0.0000	0.0000	0.0000	0.0000	0.0000	0.0000	0.0000	0.0000	0.0000	0.0000	0.0000	0.0000	0.0000	0.0000	0.0382	0.0117	0.0265	0.0133	0.0045	0.0088	0.0249	0.0072	0.0177	0.0000	0.0000	0.0000	0.0000	0.0000	0.0000	0.0000	0.0000	0.0000	0.0000	0.0000	0.0000	0.0000	0.0000	0.0000	0.0000	0.0000	0.0000											
10	27	0.0849	2	0	1	0	1	0	0	0	0	N	N	N	N	N	N	N	N	N	N	N	N	0.0000	0.0000	0.0000	0.0000	0.0000	0.0000	0.0000	0.0000	0.0000	0.0000	0.0000	0.0000	0.0000	0.0000	0.0000	0.0000	0.0000	0.0000	0.0000	0.0000	0.0000	8.0000	1.0000	0.0006	0.0000	0.0000	0.0000	0.0000	0.0000	0.0000	0.0000	0.0000	0.0000	0.0000	0.0000	0.0000	0.0000	0.0000	0.0000	0.0000	0.0000	0.0000	0.0000	0.0000	0.0000	0.0000	0.0000	0.0000	0.0000	0.0000	0.0000	0.0534	0.0165	0.0369	0.0182	0.0062	0.0119	0.0352	0.0103	0.0249	0.0000	0.0000	0.0000	0.0000	0.0000	0.0000	0.0000	0.0000	0.0000	0.0000	0.0000	0.0000	0.0000	0.0000	0.0000	0.0000	0.0000	0.0000											
10	28	0.1605	3	1	1	0	1	0	0	0	0	N	N	N	N	N	N	N	N	N	N	N	N	0.0000	0.0000	0.0000	0.0000	0.0000	0.0000	0.0000	0.0000	0.0000	0.0000	0.0000	0.0000	0.0000	0.0000	0.0000	0.0000	0.0000	0.0000	0.0000	0.0000	0.0000	2.9919	1.0000	1.1331	0.0000	0.0000	0.0000	0.0000	0.0000	0.0000	0.0000	0.0000	0.0000	0.0000	0.0000	0.0000	0.0000	0.0000	0.0000	0.0000	0.0000	0.0000	0.0000	0.0000	0.0000	0.0000	0.0000	0.0000	0.0000	0.0000	0.0000	0.0401	0.0156	0.0245	0.0054	0.0049	0.0004	0.0347	0.0106	0.0241	0.0000	0.0000	0.0000	0.0000	0.0000	0.0000	0.0000	0.0000	0.0000	0.0000	0.0000	0.0000	0.0000	0.0000	0.0000	0.0000	0.0000	0.0000											
10	29	0.0849	2	0	0	0	1	0	0	0	0	N	N	N	N	N	N	N	N	N	N	N	N	0.0000	0.0000	0.0000	0.0000	0.0000	0.0000	0.0000	0.0000	0.0000	0.0000	0.0000	0.0000	0.0000	0.0000	0.0000	0.0000	0.0000	0.0000	0.0000	0.0000	0.0000	5.0156	1.0000	4.8897	0.0000	0.0000	0.0000	0.0000	0.0000	0.0000	0.0000	0.0000	0.0000	0.0000	0.0000	0.0000	0.0000	0.0000	0.0000	0.0000	0.0000	0.0000	0.0000	0.0000	0.0000	0.0000	0.0000	0.0000	0.0000	0.0000	0.0000	0.0627	0.0195	0.0433	0.0210	0.0072	0.0138	0.0417	0.0123	0.0295	0.0000	0.0000	0.0000	0.0000	0.0000	0.0000	0.0000	0.0000	0.0000	0.0000	0.0000	0.0000	0.0000	0.0000	0.0000	0.0000	0.0000	0.0000											
10	30	0.0980	3	0	1	0	2	0	0	0	0	N	N	N	Y	N	N	N	N	N	N	N	N	0.0000	0.0000	0.0000	0.0000	0.0000	0.0000	0.0000	0.0000	0.0000	0.0000	0.0000	0.0000	0.0000	0.0000	0.0000	0.0000	0.0000	0.0000	0.0000	0.0000	0.0000	3.9676	1.0000	1.0007	0.0000	0.0000	0.0000	0.0000	0.0000	0.0000	0.0000	0.0000	0.0000	0.0000	0.0000	0.0000	0.0000	0.0000	0.0000	0.0000	0.0000	0.0000	0.0000	0.0000	0.0000	0.0000	0.0000	0.0000	0.0000	0.0000	0.0000	0.0349	0.0109	0.0240	0.0131	0.0047	0.0084	0.0218	0.0062	0.0156	0.0000	0.0000	0.0000	0.0000	0.0000	0.0000	0.0000	0.0000	0.0000	0.0000	0.0000	0.0000	0.0000	0.0000	0.0000	0.0000	0.0000	0.0000											
10	31	0.0849	2	1	1	0	1	0	0	0	0	N	N	N	N	N	N	N	N	N	N	N	N	0.0000	0.0000	0.0000	0.0000	0.0000	0.0000	0.0000	0.0000	0.0000	0.0000	0.0000	0.0000	0.0000	0.0000	0.0000	0.0000	0.0000	0.0000	0.0000	0.0000	0.0000	5.0000	1.0000	3.0000	0.0000	0.0000	0.0000	0.0000	0.0000	0.0000	0.0000	0.0000	0.0000	0.0000	0.0000	0.0000	0.0000	0.0000	0.0000	0.0000	0.0000	0.0000	0.0000	0.0000	0.0000	0.0000	0.0000	0.0000	0.0000	0.0000	0.0000	0.0534	0.0165	0.0369	0.0182	0.0062	0.0119	0.0352	0.0103	0.0249	0.0000	0.0000	0.0000	0.0000	0.0000	0.0000	0.0000	0.0000	0.0000	0.0000	0.0000	0.0000	0.0000	0.0000	0.0000	0.0000	0.0000	0.0000											
10	32	0.1269	3	0	0	1	1	0	0	0	0	N	N	N	N	N	N	N	N	N	N	N	N	0.0000	0.0000	0.0000	0.0000	0.0000	0.0000	0.0000	0.0000	0.0000	0.0000	0.0000	0.0000	0.0000	0.0000	0.0000	0.0000	0.0000	0.0000	0.0000	0.0000	0.0000	0.0319	1.0000	1.0050	0.0000	0.0000	0.0000	0.0000	0.0000	0.0000	0.0000	0.0000	0.0000	0.0000	0.0000	0.0000	0.0000	0.0000	0.0000	0.0000	0.0000	0.0000	0.0000	0.0000	0.0000	0.0000	0.0000	0.0000	0.0000	0.0000	0.0000	0.0086	0.0029	0.0057	0.0035	0.0015	0.0021	0.0051	0.0014	0.0037	0.0000	0.0000	0.0000	0.0000	0.0000	0.0000	0.0000	0.0000	0.0000	0.0000	0.0000	0.0000	0.0000	0.0000	0.0000	0.0000	0.0000	0.0000											
10	33	0.0980	4	0	1	0	1	0	0	0	0	N	N	N	N	N	N	N	N	N	N	N	N	0.0000	0.0000	0.0000	0.0000	0.0000	0.0000	0.0000	0.0000	0.0000	0.0000	0.0000	0.0000	0.0000	0.0000	0.0000	0.0000	0.0000	0.0000	0.0000	0.0000	0.0000	0.0023	1.0000	1.0003	0.0000	0.0000	0.0000	0.0000	0.0000	0.0000	0.0000	0.0000	0.0000	0.0000	0.0000	0.0000	0.0000	0.0000	0.0000	0.0000	0.0000	0.0000	0.0000	0.0000	0.0000	0.0000	0.0000	0.0000	0.0000	0.0000	0.0000	0.0079	0.0024	0.0055	0.0031	0.0011	0.0020	0.0049	0.0014	0.0035	0.0000	0.0000	0.0000	0.0000	0.0000	0.0000	0.0000	0.0000	0.0000	0.0000	0.0000	0.0000	0.0000	0.0000	0.0000	0.0000	0.0000	0.0000											
10	34	0.0849	2	1	0	1	1	0	0	0	0	N	N	N	N	N	N	N	N	N	N	N	N	0.0000	0.0000	0.0000	0.0000	0.0000	0.0000	0.0000	0.0000	0.0000	0.0000	0.0000	0.0000	0.0000	0.0000	0.0000	0.0000	0.0000	0.0000	0.0000	0.0000	0.0000	3.0000	1.0000	5.0006	0.0000	0.0000	0.0000	0.0000	0.0000	0.0000	0.0000	0.0000	0.0000	0.0000	0.0000	0.0000	0.0000	0.0000	0.0000	0.0000	0.0000	0.0000	0.0000	0.0000	0.0000	0.0000	0.0000	0.0000	0.0000	0.0000	0.0000	0.0534	0.0165	0.0369	0.0182	0.0062	0.0119	0.0352	0.0103	0.0249	0.0000	0.0000	0.0000	0.0000	0.0000	0.0000	0.0000	0.0000	0.0000	0.0000	0.0000	0.0000	0.0000	0.0000	0.0000	0.0000	0.0000	0.0000											
10	35	0.0849	2	0	1	0	2	0	0	0	0	N	N	N	Y	N	N	N	N	N	N	N	N	0.0000	0.0000	0.0000	0.0000	0.0000	0.0000	0.0000	0.0000	0.0000	0.0000	0.0000	0.0000	0.0000	0.0000	0.0000	0.0000	0.0000	0.0000	0.0000	0.0000	0.0000	3.0000	1.0000	2.0006	0.0000	0.0000	0.0000	0.0000	0.0000	0.0000	0.0000	0.0000	0.0000	0.0000	0.0000	0.0000	0.0000	0.0000	0.0000	0.0000	0.0000	0.0000	0.0000	0.0000	0.0000	0.0000	0.0000	0.0000	0.0000	0.0000	0.0000	0.0363	0.0112	0.0252	0.0127	0.0043	0.0084	0.0237	0.0069	0.0168	0.0000	0.0000	0.0000	0.0000	0.0000	0.0000	0.0000	0.0000	0.0000	0.0000	0.0000	0.0000	0.0000	0.0000	0.0000	0.0000	0.0000	0.0000											
10	36	0.0849	2	1	0	1	1	0	0	0	0	N	N	N	N	N	N	N	N	N	N	N	N	0.0000	0.0000	0.0000	0.0000	0.0000	0.0000	0.0000	0.0000	0.0000	0.0000	0.0000	0.0000	0.0000	0.0000	0.0000	0.0000	0.0000	0.0000	0.0000	0.0000	0.0000	4.0000	1.0000	5.0006	0.0000	0.0000	0.0000	0.0000	0.0000	0.0000	0.0000	0.0000	0.0000	0.0000	0.0000	0.0000	0.0000	0.0000	0.0000	0.0000	0.0000	0.0000	0.0000	0.0000	0.0000	0.0000	0.0000	0.0000	0.0000	0.0000	0.0000	0.0584	0.0181	0.0403	0.0197	0.0067	0.0129	0.0387	0.0113	0.0274	0.0000	0.0000	0.0000	0.0000	0.0000	0.0000	0.0000	0.0000	0.0000	0.0000	0.0000	0.0000	0.0000	0.0000	0.0000	0.0000	0.0000	0.0000											
10	37	0.0849	2	1	0	1	1	0	0	0	0	N	N	N	N	N	N	N	N	N	N	N	N	0.0000	0.0000	0.0000	0.0000	0.0000	0.0000	0.0000	0.0000	0.0000	0.0000	0.0000	0.0000	0.0000	0.0000	0.0000	0.0000	0.0000	0.0000	0.0000	0.0000	0.0000	3.0000	1.0000	4.0006	0.0000	0.0000	0.0000	0.0000	0.0000	0.0000	0.0000	0.0000	0.0000	0.0000	0.0000	0.0000	0.0000	0.0000	0.0000	0.0000	0.0000	0.0000	0.0000	0.0000	0.0000	0.0000	0.0000	0.0000	0.0000	0.0000	0.0000	0.0480	0.0148	0.0332	0.0165	0.0056	0.0109	0.0316	0.0092	0.0224	0.0000	0.0000	0.0000	0.0000	0.0000	0.0000	0.0000	0.0000	0.0000	0.0000	0.0000	0.0000	0.0000	0.0000	0.0000	0.0000	0.0000	0.0000											
10	38	0.0980	4	0	0	1	1	0	0	0	0	N	N	N	N	N	N	N	N	N	N	N	N	0.0000	0.0000	0.0000	0.0000	0.0000	0.0000	0.0000	0.0000	0.0000	0.0000	0.0000	0.0000	0.0000	0.0000	0.0000	0.0000	0.0000	0.0000	0.0000	0.0000	0.0000	1.0023	1.0000	0.0007	0.0000	0.0000	0.0000	0.0000	0.0000	0.0000	0.0000	0.0000	0.0000	0.0000	0.0000	0.0000	0.0000	0.0000	0.0000	0.0000	0.0000	0.0000	0.0000	0.0000	0.0000	0.0000	0.0000	0.0000	0.0000	0.0000	0.0000	0.0079	0.0024	0.0055	0.0031	0.0011	0.0020	0.0049	0.0014	0.0035	0.0000	0.0000	0.0000	0.0000	0.0000	0.0000	0.0000	0.0000	0.0000	0.0000	0.0000	0.0000	0.0000	0.0000	0.0000	0.0000	0.0000	0.0000											
10	39	0.0980	3	0	0	0	1	0	0	0	0	N	N	N	N	N	N	N	N	N	N	N	N	0.0000	0.0000	0.0000	0.0000	0.0000	0.0000	0.0000	0.0000	0.0000	0.0000	0.0000	0.0000	0.0000	0.0000	0.0000	0.0000	0.0000	0.0000	0.0000	0.0000	0.0000	0.0347	1.0000	0.0013	0.0000	0.0000	0.0000	0.0000	0.0000	0.0000	0.0000	0.0000	0.0000	0.0000	0.0000	0.0000	0.0000	0.0000	0.0000	0.0000	0.0000	0.0000	0.0000	0.0000	0.0000	0.0000	0.0000	0.0000	0.0000	0.0000	0.0000	0.0003	0.0001	0.0002	0.0001	0.0001	0.0001	0.0002	0.0001	0.0001	0.0000	0.0000	0.0000	0.0000	0.0000	0.0000	0.0000	0.0000	0.0000	0.0000	0.0000	0.0000	0.0000	0.0000	0.0000	0.0000	0.0000	0.0000											
10	40	0.0849	2	0	0	0	1	0	0	0	0	N	N	N	N	N	N	N	N	N	N	N	N	0.0000	0.0000	0.0000	0.0000	0.0000	0.0000	0.0000	0.0000	0.0000	0.0000	0.0000	0.0000	0.0000	0.0000	0.0000	0.0000	0.0000	0.0000	0.0000	0.0000	0.0000	3.9674	1.0000	1.0003	0.0000	0.0000	0.0000	0.0000	0.0000	0.0000	0.0000	0.0000	0.0000	0.0000	0.0000	0.0000	0.0000	0.0000	0.0000	0.0000	0.0000	0.0000	0.0000	0.0000	0.0000	0.0000	0.0000	0.0000	0.0000	0.0000	0.0000	0.0361	0.0111	0.0250	0.0126	0.0043	0.0083	0.0235	0.0068	0.0167	0.0000	0.0000	0.0000	0.0000	0.0000	0.0000	0.0000	0.0000	0.0000	0.0000	0.0000	0.0000	0.0000	0.0000	0.0000	0.0000	0.0000	0.0000											
10	41	0.1379	4	0	1	0	1	0	0	0	0	N	N	N	N	N	N	N	N	N	N	N	N	0.0000	0.0000	0.0000	0.0000	0.0000	0.0000	0.0000	0.0000	0.0000	0.0000	0.0000	0.0000	0.0000	0.0000	0.0000	0.0000	0.0000	0.0000	0.0000	0.0000	0.0000	1.0144	1.0000	1.0128	0.0000	0.0000	0.0000	0.0000	0.0000	0.0000	0.0000	0.0000	0.0000	0.0000	0.0000	0.0000	0.0000	0.0000	0.0000	0.0000	0.0000	0.0000	0.0000	0.0000	0.0000	0.0000	0.0000	0.0000	0.0000	0.0000	0.0000	0.0160	0.0053	0.0107	0.0065	0.0026	0.0039	0.0095	0.0026	0.0068	0.0000	0.0000	0.0000	0.0000	0.0000	0.0000	0.0000	0.0000	0.0000	0.0000	0.0000	0.0000	0.0000	0.0000	0.0000	0.0000	0.0000	0.0000											
10	42	0.0849	2	1	1	1	1	0	0	0	0	N	N	N	N	N	N	N	N	N	N	N	N	0.0000	0.0000	0.0000	0.0000	0.0000	0.0000	0.0000	0.0000	0.0000	0.0000	0.0000	0.0000	0.0000	0.0000	0.0000	0.0000	0.0000	0.0000	0.0000	0.0000	0.0000	3.0000	1.0000	2.9994	0.0000	0.0000	0.0000	0.0000	0.0000	0.0000	0.0000	0.0000	0.0000	0.0000	0.0000	0.0000	0.0000	0.0000	0.0000	0.0000	0.0000	0.0000	0.0000	0.0000	0.0000	0.0000	0.0000	0.0000	0.0000	0.0000	0.0000	0.0424	0.0130	0.0293	0.0147	0.0050	0.0097	0.0277	0.0081	0.0197	0.0000	0.0000	0.0000	0.0000	0.0000	0.0000	0.0000	0.0000	0.0000	0.0000	0.0000	0.0000	0.0000	0.0000	0.0000	0.0000	0.0000	0.0000											
10	43	0.0849	2	1	1	1	1	0	0	0	0	N	N	N	N	N	N	N	N	N	N	N	N	0.0000	0.0000	0.0000	0.0000	0.0000	0.0000	0.0000	0.0000	0.0000	0.0000	0.0000	0.0000	0.0000	0.0000	0.0000	0.0000	0.0000	0.0000	0.0000	0.0000	0.0000	4.0000	1.0000	4.9994	0.0000	0.0000	0.0000	0.0000	0.0000	0.0000	0.0000	0.0000	0.0000	0.0000	0.0000	0.0000	0.0000	0.0000	0.0000	0.0000	0.0000	0.0000	0.0000	0.0000	0.0000	0.0000	0.0000	0.0000	0.0000	0.0000	0.0000	0.0584	0.0181	0.0403	0.0197	0.0067	0.0129	0.0387	0.0113	0.0274	0.0000	0.0000	0.0000	0.0000	0.0000	0.0000	0.0000	0.0000	0.0000	0.0000	0.0000	0.0000	0.0000	0.0000	0.0000	0.0000	0.0000	0.0000											
10	44	0.2224	3	1	1	0	1	0	0	0	0	N	N	N	N	N	N	N	N	N	N	N	N	0.0000	0.0000	0.0000	0.0000	0.0000	0.0000	0.0000	0.0000	0.0000	0.0000	0.0000	0.0000	0.0000	0.0000	0.0000	0.0000	0.0000	0.0000	0.0000	0.0000	0.0000	2.0000	1.0000	1.0000	0.0000	0.0000	0.0000	0.0000	0.0000	0.0000	0.0000	0.0000	0.0000	0.0000	0.0000	0.0000	0.0000	0.0000	0.0000	0.0000	0.0000	0.0000	0.0000	0.0000	0.0000	0.0000	0.0000	0.0000	0.0000	0.0000	0.0000	0.0226	0.0060	0.0166	0.0082	0.0017	0.0065	0.0144	0.0043	0.0101	0.0000	0.0000	0.0000	0.0000	0.0000	0.0000	0.0000	0.0000	0.0000	0.0000	0.0000	0.0000	0.0000	0.0000	0.0000	0.0000	0.0000	0.0000											
10	45	0.1500	4	0	1	0	2	0	0	0	0	N	N	N	Y	N	N	N	N	N	N	N	N	0.0000	0.0000	0.0000	0.0000	0.0000	0.0000	0.0000	0.0000	0.0000	0.0000	0.0000	0.0000	0.0000	0.0000	0.0000	0.0000	0.0000	0.0000	0.0000	0.0000	0.0000	1.0000	1.0000	0.0000	0.0000	0.0000	0.0000	0.0000	0.0000	0.0000	0.0000	0.0000	0.0000	0.0000	0.0000	0.0000	0.0000	0.0000	0.0000	0.0000	0.0000	0.0000	0.0000	0.0000	0.0000	0.0000	0.0000	0.0000	0.0000	0.0000	0.0000	0.0082	0.0026	0.0056	0.0033	0.0013	0.0021	0.0048	0.0013	0.0035	0.0000	0.0000	0.0000	0.0000	0.0000	0.0000	0.0000	0.0000	0.0000	0.0000	0.0000	0.0000	0.0000	0.0000	0.0000	0.0000	0.0000	0.0000											
10	46	0.1500	4	0	0	0	2	0	0	0	0	N	N	N	Y	N	N	N	N	N	N	N	N	0.0000	0.0000	0.0000	0.0000	0.0000	0.0000	0.0000	0.0000	0.0000	0.0000	0.0000	0.0000	0.0000	0.0000	0.0000	0.0000	0.0000	0.0000	0.0000	0.0000	0.0000	0.0000	1.0000	0.0000	0.0000	0.0000	0.0000	0.0000	0.0000	0.0000	0.0000	0.0000	0.0000	0.0000	0.0000	0.0000	0.0000	0.0000	0.0000	0.0000	0.0000	0.0000	0.0000	0.0000	0.0000	0.0000	0.0000	0.0000	0.0000	0.0000	0.0000	0.0000	0.0000	0.0000	0.0000	0.0000	0.0000	0.0000	0.0000	0.0000	0.0000	0.0000	0.0000	0.0000	0.0000	0.0000	0.0000	0.0000	0.0000	0.0000	0.0000	0.0000	0.0000	0.0000	0.0000	0.0000	0.0000	0.0000											
10	47	0.1171	3	0	0	0	2	0	0	0	0	N	N	N	Y	N	N	N	N	N	N	N	N	0.0000	0.0000	0.0000	0.0000	0.0000	0.0000	0.0000	0.0000	0.0000	0.0000	0.0000	0.0000	0.0000	0.0000	0.0000	0.0000	0.0000	0.0000	0.0000	0.0000	0.0000	2.0873	1.0000	1.9360	0.0000	0.0000	0.0000	0.0000	0.0000	0.0000	0.0000	0.0000	0.0000	0.0000	0.0000	0.0000	0.0000	0.0000	0.0000	0.0000	0.0000	0.0000	0.0000	0.0000	0.0000	0.0000	0.0000	0.0000	0.0000	0.0000	0.0000	0.0493	0.0233	0.0260	0.0236	0.0140	0.0096	0.0257	0.0093	0.0163	0.0000	0.0000	0.0000	0.0000	0.0000	0.0000	0.0000	0.0000	0.0000	0.0000	0.0000	0.0000	0.0000	0.0000	0.0000	0.0000	0.0000	0.0000											
10	48	0.0849	2	0	0	0	2	0	0	0	0	N	N	N	Y	N	N	N	N	N	N	N	N	0.0000	0.0000	0.0000	0.0000	0.0000	0.0000	0.0000	0.0000	0.0000	0.0000	0.0000	0.0000	0.0000	0.0000	0.0000	0.0000	0.0000	0.0000	0.0000	0.0000	0.0000	3.9129	1.0000	0.7267	0.0000	0.0000	0.0000	0.0000	0.0000	0.0000	0.0000	0.0000	0.0000	0.0000	0.0000	0.0000	0.0000	0.0000	0.0000	0.0000	0.0000	0.0000	0.0000	0.0000	0.0000	0.0000	0.0000	0.0000	0.0000	0.0000	0.0000	0.0341	0.0105	0.0236	0.0119	0.0040	0.0079	0.0222	0.0064	0.0157	0.0000	0.0000	0.0000	0.0000	0.0000	0.0000	0.0000	0.0000	0.0000	0.0000	0.0000	0.0000	0.0000	0.0000	0.0000	0.0000	0.0000	0.0000											
10	49	0.0849	2	0	1	1	1	0	0	0	0	N	N	N	N	N	N	N	N	N	N	N	N	0.0000	0.0000	0.0000	0.0000	0.0000	0.0000	0.0000	0.0000	0.0000	0.0000	0.0000	0.0000	0.0000	0.0000	0.0000	0.0000	0.0000	0.0000	0.0000	0.0000	0.0000	6.0000	1.0000	4.0006	0.0000	0.0000	0.0000	0.0000	0.0000	0.0000	0.0000	0.0000	0.0000	0.0000	0.0000	0.0000	0.0000	0.0000	0.0000	0.0000	0.0000	0.0000	0.0000	0.0000	0.0000	0.0000	0.0000	0.0000	0.0000	0.0000	0.0000	0.0631	0.0196	0.0435	0.0211	0.0072	0.0139	0.0420	0.0123	0.0297	0.0000	0.0000	0.0000	0.0000	0.0000	0.0000	0.0000	0.0000	0.0000	0.0000	0.0000	0.0000	0.0000	0.0000	0.0000	0.0000	0.0000	0.0000											
10	50	0.0849	2	1	0	1	1	0	0	0	0	N	N	N	N	N	N	N	N	N	N	N	N	0.0000	0.0000	0.0000	0.0000	0.0000	0.0000	0.0000	0.0000	0.0000	0.0000	0.0000	0.0000	0.0000	0.0000	0.0000	0.0000	0.0000	0.0000	0.0000	0.0000	0.0000	6.0000	1.0000	3.0006	0.0000	0.0000	0.0000	0.0000	0.0000	0.0000	0.0000	0.0000	0.0000	0.0000	0.0000	0.0000	0.0000	0.0000	0.0000	0.0000	0.0000	0.0000	0.0000	0.0000	0.0000	0.0000	0.0000	0.0000	0.0000	0.0000	0.0000	0.0584	0.0181	0.0403	0.0197	0.0067	0.0129	0.0387	0.0113	0.0274	0.0000	0.0000	0.0000	0.0000	0.0000	0.0000	0.0000	0.0000	0.0000	0.0000	0.0000	0.0000	0.0000	0.0000	0.0000	0.0000	0.0000	0.0000											
10	51	0.1226	3	1	1	0	1	0	0	0	0	N	N	N	N	N	N	N	N	N	N	N	N	0.0000	0.0000	0.0000	0.0000	0.0000	0.0000	0.0000	0.0000	0.0000	0.0000	0.0000	0.0000	0.0000	0.0000	0.0000	0.0000	0.0000	0.0000	0.0000	0.0000	0.0000	1.0314	1.0000	3.0033	0.0000	0.0000	0.0000	0.0000	0.0000	0.0000	0.0000	0.0000	0.0000	0.0000	0.0000	0.0000	0.0000	0.0000	0.0000	0.0000	0.0000	0.0000	0.0000	0.0000	0.0000	0.0000	0.0000	0.0000	0.0000	0.0000	0.0000	0.0301	0.0091	0.0209	0.0104	0.0033	0.0071	0.0197	0.0058	0.0138	0.0000	0.0000	0.0000	0.0000	0.0000	0.0000	0.0000	0.0000	0.0000	0.0000	0.0000	0.0000	0.0000	0.0000	0.0000	0.0000	0.0000	0.0000											
10	52	0.0849	2	1	1	0	1	0	0	0	0	N	N	N	N	N	N	N	N	N	N	N	N	0.0000	0.0000	0.0000	0.0000	0.0000	0.0000	0.0000	0.0000	0.0000	0.0000	0.0000	0.0000	0.0000	0.0000	0.0000	0.0000	0.0000	0.0000	0.0000	0.0000	0.0000	4.9791	1.0000	0.0710	0.0000	0.0000	0.0000	0.0000	0.0000	0.0000	0.0000	0.0000	0.0000	0.0000	0.0000	0.0000	0.0000	0.0000	0.0000	0.0000	0.0000	0.0000	0.0000	0.0000	0.0000	0.0000	0.0000	0.0000	0.0000	0.0000	0.0000	0.0366	0.0113	0.0254	0.0128	0.0043	0.0084	0.0239	0.0069	0.0170	0.0000	0.0000	0.0000	0.0000	0.0000	0.0000	0.0000	0.0000	0.0000	0.0000	0.0000	0.0000	0.0000	0.0000	0.0000	0.0000	0.0000	0.0000											
10	53	0.0849	2	0	1	0	1	0	0	0	0	N	N	N	N	N	N	N	N	N	N	N	N	0.0000	0.0000	0.0000	0.0000	0.0000	0.0000	0.0000	0.0000	0.0000	0.0000	0.0000	0.0000	0.0000	0.0000	0.0000	0.0000	0.0000	0.0000	0.0000	0.0000	0.0000	6.0000	1.0000	4.0006	0.0000	0.0000	0.0000	0.0000	0.0000	0.0000	0.0000	0.0000	0.0000	0.0000	0.0000	0.0000	0.0000	0.0000	0.0000	0.0000	0.0000	0.0000	0.0000	0.0000	0.0000	0.0000	0.0000	0.0000	0.0000	0.0000	0.0000	0.0631	0.0196	0.0435	0.0211	0.0072	0.0139	0.0420	0.0123	0.0297	0.0000	0.0000	0.0000	0.0000	0.0000	0.0000	0.0000	0.0000	0.0000	0.0000	0.0000	0.0000	0.0000	0.0000	0.0000	0.0000	0.0000	0.0000											
10	54	0.1379	4	0	0	1	1	0	0	0	0	N	N	N	N	N	N	N	N	N	N	N	N	0.0000	0.0000	0.0000	0.0000	0.0000	0.0000	0.0000	0.0000	0.0000	0.0000	0.0000	0.0000	0.0000	0.0000	0.0000	0.0000	0.0000	0.0000	0.0000	0.0000	0.0000	0.0147	1.0000	0.9910	0.0000	0.0000	0.0000	0.0000	0.0000	0.0000	0.0000	0.0000	0.0000	0.0000	0.0000	0.0000	0.0000	0.0000	0.0000	0.0000	0.0000	0.0000	0.0000	0.0000	0.0000	0.0000	0.0000	0.0000	0.0000	0.0000	0.0000	0.0082	0.0027	0.0055	0.0034	0.0014	0.0020	0.0049	0.0013	0.0035	0.0000	0.0000	0.0000	0.0000	0.0000	0.0000	0.0000	0.0000	0.0000	0.0000	0.0000	0.0000	0.0000	0.0000	0.0000	0.0000	0.0000	0.0000											
10	55	0.1269	3	0	0	0	1	0	0	0	0	N	N	N	N	N	N	N	N	N	N	N	N	0.0000	0.0000	0.0000	0.0000	0.0000	0.0000	0.0000	0.0000	0.0000	0.0000	0.0000	0.0000	0.0000	0.0000	0.0000	0.0000	0.0000	0.0000	0.0000	0.0000	0.0000	0.9556	1.0000	1.0192	0.0000	0.0000	0.0000	0.0000	0.0000	0.0000	0.0000	0.0000	0.0000	0.0000	0.0000	0.0000	0.0000	0.0000	0.0000	0.0000	0.0000	0.0000	0.0000	0.0000	0.0000	0.0000	0.0000	0.0000	0.0000	0.0000	0.0000	0.0157	0.0052	0.0105	0.0064	0.0026	0.0038	0.0093	0.0026	0.0067	0.0000	0.0000	0.0000	0.0000	0.0000	0.0000	0.0000	0.0000	0.0000	0.0000	0.0000	0.0000	0.0000	0.0000	0.0000	0.0000	0.0000	0.0000											
10	56	0.0849	2	0	0	0	1	0	0	0	0	N	N	N	N	N	N	N	N	N	N	N	N	0.0000	0.0000	0.0000	0.0000	0.0000	0.0000	0.0000	0.0000	0.0000	0.0000	0.0000	0.0000	0.0000	0.0000	0.0000	0.0000	0.0000	0.0000	0.0000	0.0000	0.0000	3.0309	1.0000	3.0097	0.0000	0.0000	0.0000	0.0000	0.0000	0.0000	0.0000	0.0000	0.0000	0.0000	0.0000	0.0000	0.0000	0.0000	0.0000	0.0000	0.0000	0.0000	0.0000	0.0000	0.0000	0.0000	0.0000	0.0000	0.0000	0.0000	0.0000	0.0426	0.0131	0.0295	0.0147	0.0050	0.0097	0.0279	0.0081	0.0198	0.0000	0.0000	0.0000	0.0000	0.0000	0.0000	0.0000	0.0000	0.0000	0.0000	0.0000	0.0000	0.0000	0.0000	0.0000	0.0000	0.0000	0.0000											
10	57	0.0849	2	0	0	0	1	0	0	0	0	N	N	N	N	N	N	N	N	N	N	N	N	0.0000	0.0000	0.0000	0.0000	0.0000	0.0000	0.0000	0.0000	0.0000	0.0000	0.0000	0.0000	0.0000	0.0000	0.0000	0.0000	0.0000	0.0000	0.0000	0.0000	0.0000	3.0000	1.0000	3.0006	0.0000	0.0000	0.0000	0.0000	0.0000	0.0000	0.0000	0.0000	0.0000	0.0000	0.0000	0.0000	0.0000	0.0000	0.0000	0.0000	0.0000	0.0000	0.0000	0.0000	0.0000	0.0000	0.0000	0.0000	0.0000	0.0000	0.0000	0.0424	0.0130	0.0293	0.0147	0.0050	0.0097	0.0277	0.0081	0.0197	0.0000	0.0000	0.0000	0.0000	0.0000	0.0000	0.0000	0.0000	0.0000	0.0000	0.0000	0.0000	0.0000	0.0000	0.0000	0.0000	0.0000	0.0000											
10	58	0.2304	4	0	0	0	1	0	0	0	0	N	N	N	N	N	N	N	N	N	N	N	N	0.0000	0.0000	0.0000	0.0000	0.0000	0.0000	0.0000	0.0000	0.0000	0.0000	0.0000	0.0000	0.0000	0.0023	0.0057	0.0000	0.0055	0.0098	0.0000	0.0000	0.0000	0.0000	0.0000	0.0000	-0.0001	0.0000	10.2575	1.0000	3.8960	0.0000	0.0000	0.0000	0.0000	0.0000	0.0000	0.0000	0.0000	0.0000	0.0002	0.0002	0.0000	0.0002	0.0002	0.0000	0.0000	0.0000	0.0000	0.0000	0.0000	0.0000	0.0000	0.0000	0.0000	0.0000	0.0000	0.0000	0.0959	0.0388	0.0571	0.0404	0.0224	0.0179	0.0556	0.0164	0.0392	0.0000	0.0000	0.0000	0.0000	0.0000	0.0000	0.0000	0.0000	0.0000	0.0023	0.0057	0.0000	0.0055	0.0098	0.0000	0.0000	0.0000	0.0000						
10	59	0.2044	3	1	1	1	1	0	0	0	0	N	N	N	N	N	N	N	N	N	N	N	N	0.0000	0.0000	0.0000	0.0000	0.0000	0.0000	0.0000	0.0000	0.0000	0.0000	0.0000	0.0000	0.0000	0.0000	0.0000	0.0000	0.0000	0.0000	0.0000	0.0000	0.0000	0.0000	1.0000	0.0000	0.0000	0.0000	0.0000	0.0000	0.0000	0.0000	0.0000	0.0000	0.0000	0.0000	0.0000	0.0000	0.0000	0.0000	0.0000	0.0000	0.0000	0.0000	0.0000	0.0000	0.0000	0.0000	0.0000	0.0000	0.0000	0.0000	0.0000	0.0000	0.0000	0.0000	0.0000	0.0000	0.0000	0.0000	0.0000	0.0000	0.0000	0.0000	0.0000	0.0000	0.0000	0.0000	0.0000	0.0000	0.0000	0.0000	0.0000	0.0000	0.0000	0.0000	0.0000	0.0000	0.0000	0.0000											
10	60	0.0849	2	1	0	1	1	0	0	0	0	N	N	N	N	N	N	N	N	N	N	N	N	0.0000	0.0000	0.0000	0.0000	0.0000	0.0000	0.0000	0.0000	0.0000	0.0000	0.0000	0.0000	0.0000	0.0000	0.0000	0.0000	0.0000	0.0000	0.0000	0.0000	0.0000	7.0000	1.0000	3.9994	0.0000	0.0000	0.0000	0.0000	0.0000	0.0000	0.0000	0.0000	0.0000	0.0000	0.0000	0.0000	0.0000	0.0000	0.0000	0.0000	0.0000	0.0000	0.0000	0.0000	0.0000	0.0000	0.0000	0.0000	0.0000	0.0000	0.0000	0.0676	0.0210	0.0466	0.0224	0.0077	0.0147	0.0452	0.0133	0.0319	0.0000	0.0000	0.0000	0.0000	0.0000	0.0000	0.0000	0.0000	0.0000	0.0000	0.0000	0.0000	0.0000	0.0000	0.0000	0.0000	0.0000	0.0000											
10	61	0.1673	3	1	0	1	1	0	0	0	0	N	N	N	N	N	N	N	N	N	N	N	N	0.0000	0.0000	0.0000	0.0000	0.0000	0.0000	0.0000	0.0000	0.0000	0.0000	0.0000	0.0000	0.0000	0.0000	0.0000	0.0000	0.0000	0.0000	0.0000	0.0000	0.0000	2.0000	1.0000	0.0000	0.0000	0.0000	0.0000	0.0000	0.0000	0.0000	0.0000	0.0000	0.0000	0.0000	0.0000	0.0000	0.0000	0.0000	0.0000	0.0000	0.0000	0.0000	0.0000	0.0000	0.0000	0.0000	0.0000	0.0000	0.0000	0.0000	0.0000	0.0152	0.0053	0.0099	0.0019	0.0018	0.0001	0.0133	0.0035	0.0098	0.0000	0.0000	0.0000	0.0000	0.0000	0.0000	0.0000	0.0000	0.0000	0.0000	0.0000	0.0000	0.0000	0.0000	0.0000	0.0000	0.0000	0.0000											
10	62	0.0849	2	1	0	1	1	0	0	0	0	N	N	N	N	N	N	N	N	N	N	N	N	0.0000	0.0000	0.0000	0.0000	0.0000	0.0000	0.0000	0.0000	0.0000	0.0000	0.0000	0.0000	0.0000	0.0000	0.0000	0.0000	0.0000	0.0000	0.0000	0.0000	0.0000	4.0000	1.0000	3.9994	0.0000	0.0000	0.0000	0.0000	0.0000	0.0000	0.0000	0.0000	0.0000	0.0000	0.0000	0.0000	0.0000	0.0000	0.0000	0.0000	0.0000	0.0000	0.0000	0.0000	0.0000	0.0000	0.0000	0.0000	0.0000	0.0000	0.0000	0.0534	0.0165	0.0369	0.0181	0.0062	0.0119	0.0352	0.0103	0.0249	0.0000	0.0000	0.0000	0.0000	0.0000	0.0000	0.0000	0.0000	0.0000	0.0000	0.0000	0.0000	0.0000	0.0000	0.0000	0.0000	0.0000	0.0000											
10	63	0.0849	2	0	1	0	1	0	0	0	0	N	N	N	N	N	N	N	N	N	N	N	N	0.0000	0.0000	0.0000	0.0000	0.0000	0.0000	0.0000	0.0000	0.0000	0.0000	0.0000	0.0000	0.0000	0.0000	0.0000	0.0000	0.0000	0.0000	0.0000	0.0000	0.0000	7.0000	1.0000	4.0000	0.0000	0.0000	0.0000	0.0000	0.0000	0.0000	0.0000	0.0000	0.0000	0.0000	0.0000	0.0000	0.0000	0.0000	0.0000	0.0000	0.0000	0.0000	0.0000	0.0000	0.0000	0.0000	0.0000	0.0000	0.0000	0.0000	0.0000	0.0676	0.0210	0.0466	0.0224	0.0077	0.0147	0.0452	0.0133	0.0319	0.0000	0.0000	0.0000	0.0000	0.0000	0.0000	0.0000	0.0000	0.0000	0.0000	0.0000	0.0000	0.0000	0.0000	0.0000	0.0000	0.0000	0.0000											
10	64	0.1915	5	0	0	1	1	0	0	0	0	N	N	N	N	N	N	N	N	N	N	N	N	0.0000	0.0000	0.0000	0.0000	0.0000	0.0000	0.0000	0.0000	0.0000	0.0000	0.0000	0.0000	0.0000	0.0000	0.0000	0.0000	0.0000	0.0000	0.0000	0.0000	0.0000	0.0000	1.0000	0.0000	0.0000	0.0000	0.0000	0.0000	0.0000	0.0000	0.0000	0.0000	0.0000	0.0000	0.0000	0.0000	0.0000	0.0000	0.0000	0.0000	0.0000	0.0000	0.0000	0.0000	0.0000	0.0000	0.0000	0.0000	0.0000	0.0000	0.0000	0.0000	0.0000	0.0000	0.0000	0.0000	0.0000	0.0000	0.0000	0.0000	0.0000	0.0000	0.0000	0.0000	0.0000	0.0000	0.0000	0.0000	0.0000	0.0000	0.0000	0.0000	0.0000	0.0000	0.0000	0.0000	0.0000	0.0000											
10	65	0.1672	4	0	0	1	1	0	0	0	0	N	N	N	N	N	N	N	N	N	N	N	N	0.0000	0.0000	0.0000	0.0000	0.0000	0.0000	0.0000	0.0000	0.0000	0.0000	0.0000	0.0000	0.0000	0.0000	0.0000	0.0000	0.0000	0.0000	0.0000	0.0000	0.0000	0.8734	1.0000	1.0002	0.0000	0.0000	0.0000	0.0000	0.0000	0.0000	0.0000	0.0000	0.0000	0.0000	0.0000	0.0000	0.0000	0.0000	0.0000	0.0000	0.0000	0.0000	0.0000	0.0000	0.0000	0.0000	0.0000	0.0000	0.0000	0.0000	0.0000	0.0161	0.0048	0.0112	0.0010	0.0009	0.0001	0.0151	0.0039	0.0112	0.0000	0.0000	0.0000	0.0000	0.0000	0.0000	0.0000	0.0000	0.0000	0.0000	0.0000	0.0000	0.0000	0.0000	0.0000	0.0000	0.0000	0.0000											
10	66	0.1527	3	0	0	0	1	0	0	0	0	N	N	N	N	N	N	N	N	N	N	N	N	0.0000	0.0000	0.0000	0.0000	0.0000	0.0000	0.0000	0.0000	0.0000	0.0000	0.0000	0.0000	0.0000	0.0000	0.0000	0.0000	0.0000	0.0000	0.0000	0.0000	0.0000	1.0063	1.0000	0.0727	0.0000	0.0000	0.0000	0.0000	0.0000	0.0000	0.0000	0.0000	0.0000	0.0000	0.0000	0.0000	0.0000	0.0000	0.0000	0.0000	0.0000	0.0000	0.0000	0.0000	0.0000	0.0000	0.0000	0.0000	0.0000	0.0000	0.0000	0.0125	0.0046	0.0078	0.0021	0.0021	0.0000	0.0104	0.0026	0.0078	0.0000	0.0000	0.0000	0.0000	0.0000	0.0000	0.0000	0.0000	0.0000	0.0000	0.0000	0.0000	0.0000	0.0000	0.0000	0.0000	0.0000	0.0000											
10	67	0.0849	2	0	0	0	1	0	0	0	0	N	N	N	N	N	N	N	N	N	N	N	N	0.0000	0.0000	0.0000	0.0000	0.0000	0.0000	0.0000	0.0000	0.0000	0.0000	0.0000	0.0000	0.0000	0.0000	0.0000	0.0000	0.0000	0.0000	0.0000	0.0000	0.0000	4.0009	1.0000	1.0789	0.0000	0.0000	0.0000	0.0000	0.0000	0.0000	0.0000	0.0000	0.0000	0.0000	0.0000	0.0000	0.0000	0.0000	0.0000	0.0000	0.0000	0.0000	0.0000	0.0000	0.0000	0.0000	0.0000	0.0000	0.0000	0.0000	0.0000	0.0368	0.0113	0.0255	0.0128	0.0044	0.0085	0.0240	0.0070	0.0170	0.0000	0.0000	0.0000	0.0000	0.0000	0.0000	0.0000	0.0000	0.0000	0.0000	0.0000	0.0000	0.0000	0.0000	0.0000	0.0000	0.0000	0.0000											
10	68	0.0849	2	0	1	0	1	0	0	0	0	N	N	N	N	N	N	N	N	N	N	N	N	0.0000	0.0000	0.0000	0.0000	0.0000	0.0000	0.0000	0.0000	0.0000	0.0000	0.0000	0.0000	0.0000	0.0000	0.0000	0.0000	0.0000	0.0000	0.0000	0.0000	0.0000	5.0000	1.0000	3.9994	0.0000	0.0000	0.0000	0.0000	0.0000	0.0000	0.0000	0.0000	0.0000	0.0000	0.0000	0.0000	0.0000	0.0000	0.0000	0.0000	0.0000	0.0000	0.0000	0.0000	0.0000	0.0000	0.0000	0.0000	0.0000	0.0000	0.0000	0.0584	0.0181	0.0403	0.0197	0.0067	0.0129	0.0387	0.0113	0.0274	0.0000	0.0000	0.0000	0.0000	0.0000	0.0000	0.0000	0.0000	0.0000	0.0000	0.0000	0.0000	0.0000	0.0000	0.0000	0.0000	0.0000	0.0000											
10	69	0.0849	2	1	0	1	1	0	0	0	0	N	N	N	N	N	N	N	N	N	N	N	N	0.0000	0.0000	0.0000	0.0000	0.0000	0.0000	0.0000	0.0000	0.0000	0.0000	0.0000	0.0000	0.0000	0.0000	0.0000	0.0000	0.0000	0.0000	0.0000	0.0000	0.0000	7.0000	1.0000	2.9994	0.0000	0.0000	0.0000	0.0000	0.0000	0.0000	0.0000	0.0000	0.0000	0.0000	0.0000	0.0000	0.0000	0.0000	0.0000	0.0000	0.0000	0.0000	0.0000	0.0000	0.0000	0.0000	0.0000	0.0000	0.0000	0.0000	0.0000	0.0631	0.0196	0.0435	0.0211	0.0072	0.0139	0.0420	0.0123	0.0297	0.0000	0.0000	0.0000	0.0000	0.0000	0.0000	0.0000	0.0000	0.0000	0.0000	0.0000	0.0000	0.0000	0.0000	0.0000	0.0000	0.0000	0.0000											
10	70	0.0849	2	0	1	0	2	0	0	0	0	N	N	N	Y	N	N	N	N	N	N	N	N	0.0000	0.0000	0.0000	0.0000	0.0000	0.0000	0.0000	0.0000	0.0000	0.0000	0.0000	0.0000	0.0000	0.0000	0.0000	0.0000	0.0000	0.0000	0.0000	0.0000	0.0000	4.0000	1.0000	5.0006	0.0000	0.0000	0.0000	0.0000	0.0000	0.0000	0.0000	0.0000	0.0000	0.0000	0.0000	0.0000	0.0000	0.0000	0.0000	0.0000	0.0000	0.0000	0.0000	0.0000	0.0000	0.0000	0.0000	0.0000	0.0000	0.0000	0.0000	0.0584	0.0181	0.0403	0.0197	0.0067	0.0129	0.0387	0.0113	0.0274	0.0000	0.0000	0.0000	0.0000	0.0000	0.0000	0.0000	0.0000	0.0000	0.0000	0.0000	0.0000	0.0000	0.0000	0.0000	0.0000	0.0000	0.0000											
10	71	0.0849	2	0	1	0	1	0	0	0	0	N	N	N	N	N	N	N	N	N	N	N	N	0.0000	0.0000	0.0000	0.0000	0.0000	0.0000	0.0000	0.0000	0.0000	0.0000	0.0000	0.0000	0.0000	0.0000	0.0000	0.0000	0.0000	0.0000	0.0000	0.0000	0.0000	7.0000	1.0000	4.9994	0.0000	0.0000	0.0000	0.0000	0.0000	0.0000	0.0000	0.0000	0.0000	0.0000	0.0000	0.0000	0.0000	0.0000	0.0000	0.0000	0.0000	0.0000	0.0000	0.0000	0.0000	0.0000	0.0000	0.0000	0.0000	0.0000	0.0000	0.0718	0.0224	0.0494	0.0236	0.0081	0.0155	0.0482	0.0142	0.0340	0.0000	0.0000	0.0000	0.0000	0.0000	0.0000	0.0000	0.0000	0.0000	0.0000	0.0000	0.0000	0.0000	0.0000	0.0000	0.0000	0.0000	0.0000											
10	72	0.1414	3	0	1	0	1	0	0	0	0	N	N	N	N	N	N	N	N	N	N	N	N	0.0000	0.0000	0.0000	0.0000	0.0000	0.0000	0.0000	0.0000	0.0000	0.0000	0.0000	0.0000	0.0000	0.0000	0.0000	0.0000	0.0000	0.0000	0.0000	0.0000	0.0000	4.7764	1.0000	1.3205	0.0000	0.0000	0.0000	0.0000	0.0000	0.0000	0.0000	0.0000	0.0000	0.0000	0.0000	0.0000	0.0000	0.0000	0.0000	0.0000	0.0000	0.0000	0.0000	0.0000	0.0000	0.0000	0.0000	0.0000	0.0000	0.0000	0.0000	0.0374	0.0134	0.0240	0.0195	0.0096	0.0099	0.0179	0.0038	0.0141	0.0000	0.0000	0.0000	0.0000	0.0000	0.0000	0.0000	0.0000	0.0000	0.0000	0.0000	0.0000	0.0000	0.0000	0.0000	0.0000	0.0000	0.0000											
10	73	0.0849	2	0	1	0	1	0	0	0	0	N	N	N	N	N	N	N	N	N	N	N	N	0.0000	0.0000	0.0000	0.0000	0.0000	0.0000	0.0000	0.0000	0.0000	0.0000	0.0000	0.0000	0.0000	0.0000	0.0000	0.0000	0.0000	0.0000	0.0000	0.0000	0.0000	3.3049	1.0000	2.7470	0.0000	0.0000	0.0000	0.0000	0.0000	0.0000	0.0000	0.0000	0.0000	0.0000	0.0000	0.0000	0.0000	0.0000	0.0000	0.0000	0.0000	0.0000	0.0000	0.0000	0.0000	0.0000	0.0000	0.0000	0.0000	0.0000	0.0000	0.0427	0.0131	0.0295	0.0148	0.0050	0.0097	0.0279	0.0081	0.0198	0.0000	0.0000	0.0000	0.0000	0.0000	0.0000	0.0000	0.0000	0.0000	0.0000	0.0000	0.0000	0.0000	0.0000	0.0000	0.0000	0.0000	0.0000											
10	74	0.1436	3	0	1	0	1	0	0	0	0	N	N	N	N	N	N	N	N	N	N	N	N	0.0000	0.0000	0.0000	0.0000	0.0000	0.0000	0.0000	0.0000	0.0000	0.0000	0.0000	0.0000	0.0000	0.0000	0.0000	0.0000	0.0000	0.0000	0.0000	0.0000	0.0000	0.0000	1.0000	0.0000	0.0000	0.0000	0.0000	0.0000	0.0000	0.0000	0.0000	0.0000	0.0000	0.0000	0.0000	0.0000	0.0000	0.0000	0.0000	0.0000	0.0000	0.0000	0.0000	0.0000	0.0000	0.0000	0.0000	0.0000	0.0000	0.0000	0.0000	0.0000	0.0000	0.0000	0.0000	0.0000	0.0000	0.0000	0.0000	0.0000	0.0000	0.0000	0.0000	0.0000	0.0000	0.0000	0.0000	0.0000	0.0000	0.0000	0.0000	0.0000	0.0000	0.0000	0.0000	0.0000	0.0000	0.0000											
10	75	0.0849	2	0	1	0	1	0	0	0	0	N	N	N	N	N	N	N	N	N	N	N	N	0.0000	0.0000	0.0000	0.0000	0.0000	0.0000	0.0000	0.0000	0.0000	0.0000	0.0000	0.0000	0.0000	0.0000	0.0000	0.0000	0.0000	0.0000	0.0000	0.0000	0.0000	4.3567	1.0000	2.3689	0.0000	0.0000	0.0000	0.0000	0.0000	0.0000	0.0000	0.0000	0.0000	0.0000	0.0000	0.0000	0.0000	0.0000	0.0000	0.0000	0.0000	0.0000	0.0000	0.0000	0.0000	0.0000	0.0000	0.0000	0.0000	0.0000	0.0000	0.0465	0.0143	0.0322	0.0160	0.0055	0.0105	0.0305	0.0089	0.0216	0.0000	0.0000	0.0000	0.0000	0.0000	0.0000	0.0000	0.0000	0.0000	0.0000	0.0000	0.0000	0.0000	0.0000	0.0000	0.0000	0.0000	0.0000											
10	76	0.1522	5	1	1	0	2	0	0	0	0	N	N	N	Y	N	N	N	N	N	N	N	N	0.0000	0.0000	0.0000	0.0000	0.0000	0.0000	0.0000	0.0000	0.0000	0.0000	0.0000	0.0000	0.0000	0.0000	0.0000	0.0000	0.0000	0.0000	0.0000	0.0000	0.0000	0.0000	1.0000	0.0000	0.0000	0.0000	0.0000	0.0000	0.0000	0.0000	0.0000	0.0000	0.0000	0.0000	0.0000	0.0000	0.0000	0.0000	0.0000	0.0000	0.0000	0.0000	0.0000	0.0000	0.0000	0.0000	0.0000	0.0000	0.0000	0.0000	0.0000	0.0000	0.0000	0.0000	0.0000	0.0000	0.0000	0.0000	0.0000	0.0000	0.0000	0.0000	0.0000	0.0000	0.0000	0.0000	0.0000	0.0000	0.0000	0.0000	0.0000	0.0000	0.0000	0.0000	0.0000	0.0000	0.0000	0.0000											
10	77	0.1439	4	1	1	0	2	0	0	0	0	N	N	N	Y	N	N	N	N	N	N	N	N	0.0000	0.0000	0.0000	0.0000	0.0000	0.0000	0.0000	0.0000	0.0000	0.0000	0.0000	0.0000	0.0000	0.0000	0.0000	0.0000	0.0000	0.0000	0.0000	0.0000	0.0000	1.0073	1.0000	0.3366	0.0000	0.0000	0.0000	0.0000	0.0000	0.0000	0.0000	0.0000	0.0000	0.0000	0.0000	0.0000	0.0000	0.0000	0.0000	0.0000	0.0000	0.0000	0.0000	0.0000	0.0000	0.0000	0.0000	0.0000	0.0000	0.0000	0.0000	0.0078	0.0024	0.0054	0.0004	0.0004	0.0000	0.0074	0.0021	0.0054	0.0000	0.0000	0.0000	0.0000	0.0000	0.0000	0.0000	0.0000	0.0000	0.0000	0.0000	0.0000	0.0000	0.0000	0.0000	0.0000	0.0000	0.0000											
10	78	0.0165	2	0	1	0	2	0	0	0	0	N	N	N	Y	N	N	N	N	N	N	N	N	0.0000	0.0000	0.0000	0.0000	0.0000	0.0000	0.0000	0.0000	0.0000	0.0000	0.0000	0.0000	0.0000	0.0000	0.0000	0.0000	0.0000	0.0000	0.0000	0.0000	0.0000	0.0000	1.0000	0.0000	0.0000	0.0000	0.0000	0.0000	0.0000	0.0000	0.0000	0.0000	0.0000	0.0000	0.0000	0.0000	0.0000	0.0000	0.0000	0.0000	0.0000	0.0000	0.0000	0.0000	0.0000	0.0000	0.0000	0.0000	0.0000	0.0000	0.0000	0.0000	0.0000	0.0000	0.0000	0.0000	0.0000	0.0000	0.0000	0.0000	0.0000	0.0000	0.0000	0.0000	0.0000	0.0000	0.0000	0.0000	0.0000	0.0000	0.0000	0.0000	0.0000	0.0000	0.0000	0.0000	0.0000	0.0000											
10	80	0.1439	4	0	1	0	1	0	0	0	0	N	N	N	N	N	N	N	N	N	N	N	N	0.0000	0.0000	0.0000	0.0000	0.0000	0.0000	0.0000	0.0000	0.0000	0.0000	0.0000	0.0000	0.0000	0.0000	0.0000	0.0000	0.0000	0.0000	0.0000	0.0000	0.0000	3.9927	1.0000	1.0002	0.0000	0.0000	0.0000	0.0000	0.0000	0.0000	0.0000	0.0000	0.0000	0.0000	0.0000	0.0000	0.0000	0.0000	0.0000	0.0000	0.0000	0.0000	0.0000	0.0000	0.0000	0.0000	0.0000	0.0000	0.0000	0.0000	0.0000	0.0249	0.0075	0.0174	0.0004	0.0004	0.0000	0.0244	0.0071	0.0174	0.0000	0.0000	0.0000	0.0000	0.0000	0.0000	0.0000	0.0000	0.0000	0.0000	0.0000	0.0000	0.0000	0.0000	0.0000	0.0000	0.0000	0.0000											
10	81	0.1392	3	0	1	0	1	0	0	0	0	N	N	N	N	N	N	N	N	N	N	N	N	0.0000	0.0000	0.0000	0.0000	0.0000	0.0000	0.0000	0.0000	0.0000	0.0000	0.0000	0.0000	0.0000	0.0000	0.0000	0.0000	0.0000	0.0000	0.0000	0.0000	0.0000	0.0110	1.0000	0.6549	0.0000	0.0000	0.0000	0.0000	0.0000	0.0000	0.0000	0.0000	0.0000	0.0000	0.0000	0.0000	0.0000	0.0000	0.0000	0.0000	0.0000	0.0000	0.0000	0.0000	0.0000	0.0000	0.0000	0.0000	0.0000	0.0000	0.0000	0.0036	0.0010	0.0026	0.0000	0.0000	0.0000	0.0036	0.0010	0.0026	0.0000	0.0000	0.0000	0.0000	0.0000	0.0000	0.0000	0.0000	0.0000	0.0000	0.0000	0.0000	0.0000	0.0000	0.0000	0.0000	0.0000	0.0000											
10	85	0.2224	3	1	1	0	1	0	0	0	0	N	N	N	N	N	N	N	N	N	N	N	N	0.0000	0.0000	0.0000	0.0000	0.0000	0.0000	0.0000	0.0000	0.0000	0.0000	0.0000	0.0000	0.0000	0.0000	0.0000	0.0000	0.0000	0.0000	0.0000	0.0000	0.0000	0.0000	1.0000	0.0000	0.0000	0.0000	0.0000	0.0000	0.0000	0.0000	0.0000	0.0000	0.0000	0.0000	0.0000	0.0000	0.0000	0.0000	0.0000	0.0000	0.0000	0.0000	0.0000	0.0000	0.0000	0.0000	0.0000	0.0000	0.0000	0.0000	0.0000	0.0000	0.0000	0.0000	0.0000	0.0000	0.0000	0.0000	0.0000	0.0000	0.0000	0.0000	0.0000	0.0000	0.0000	0.0000	0.0000	0.0000	0.0000	0.0000	0.0000	0.0000	0.0000	0.0000	0.0000	0.0000	0.0000	0.0000											
10	86	0.0849	2	1	1	0	1	0	0	0	0	N	N	N	N	N	N	N	N	N	N	N	N	0.0000	0.0000	0.0000	0.0000	0.0000	0.0000	0.0000	0.0000	0.0000	0.0000	0.0000	0.0000	0.0000	0.0000	0.0000	0.0000	0.0000	0.0000	0.0000	0.0000	0.0000	5.0000	1.0000	7.0006	0.0000	0.0000	0.0000	0.0000	0.0000	0.0000	0.0000	0.0000	0.0000	0.0000	0.0000	0.0000	0.0000	0.0000	0.0000	0.0000	0.0000	0.0000	0.0000	0.0000	0.0000	0.0000	0.0000	0.0000	0.0000	0.0000	0.0000	0.0718	0.0224	0.0494	0.0236	0.0081	0.0155	0.0482	0.0142	0.0340	0.0000	0.0000	0.0000	0.0000	0.0000	0.0000	0.0000	0.0000	0.0000	0.0000	0.0000	0.0000	0.0000	0.0000	0.0000	0.0000	0.0000	0.0000											
10	87	0.0849	2	0	1	0	1	0	0	0	0	N	N	N	N	N	N	N	N	N	N	N	N	0.0000	0.0000	0.0000	0.0000	0.0000	0.0000	0.0000	0.0000	0.0000	0.0000	0.0000	0.0000	0.0000	0.0000	0.0000	0.0000	0.0000	0.0000	0.0000	0.0000	0.0000	1.0000	1.0000	3.0006	0.0000	0.0000	0.0000	0.0000	0.0000	0.0000	0.0000	0.0000	0.0000	0.0000	0.0000	0.0000	0.0000	0.0000	0.0000	0.0000	0.0000	0.0000	0.0000	0.0000	0.0000	0.0000	0.0000	0.0000	0.0000	0.0000	0.0000	0.0299	0.0092	0.0208	0.0105	0.0036	0.0070	0.0194	0.0056	0.0138	0.0000	0.0000	0.0000	0.0000	0.0000	0.0000	0.0000	0.0000	0.0000	0.0000	0.0000	0.0000	0.0000	0.0000	0.0000	0.0000	0.0000	0.0000											
10	88	0.1392	3	1	1	0	1	0	0	0	0	N	N	N	N	N	N	N	N	N	N	N	N	0.0000	0.0000	0.0000	0.0000	0.0000	0.0000	0.0000	0.0000	0.0000	0.0000	0.0000	0.0000	0.0000	0.0000	0.0000	0.0000	0.0000	0.0000	0.0000	0.0000	0.0000	0.0000	1.0000	0.0000	0.0000	0.0000	0.0000	0.0000	0.0000	0.0000	0.0000	0.0000	0.0000	0.0000	0.0000	0.0000	0.0000	0.0000	0.0000	0.0000	0.0000	0.0000	0.0000	0.0000	0.0000	0.0000	0.0000	0.0000	0.0000	0.0000	0.0000	0.0000	0.0000	0.0000	0.0000	0.0000	0.0000	0.0000	0.0000	0.0000	0.0000	0.0000	0.0000	0.0000	0.0000	0.0000	0.0000	0.0000	0.0000	0.0000	0.0000	0.0000	0.0000	0.0000	0.0000	0.0000	0.0000	0.0000											
10	89	0.0849	2	0	1	0	1	0	0	0	0	N	N	N	N	N	N	N	N	N	N	N	N	0.0000	0.0000	0.0000	0.0000	0.0000	0.0000	0.0000	0.0000	0.0000	0.0000	0.0000	0.0000	0.0000	0.0000	0.0000	0.0000	0.0000	0.0000	0.0000	0.0000	0.0000	4.0000	1.0000	4.0001	0.0000	0.0000	0.0000	0.0000	0.0000	0.0000	0.0000	0.0000	0.0000	0.0000	0.0000	0.0000	0.0000	0.0000	0.0000	0.0000	0.0000	0.0000	0.0000	0.0000	0.0000	0.0000	0.0000	0.0000	0.0000	0.0000	0.0000	0.0534	0.0165	0.0369	0.0182	0.0062	0.0119	0.0352	0.0103	0.0249	0.0000	0.0000	0.0000	0.0000	0.0000	0.0000	0.0000	0.0000	0.0000	0.0000	0.0000	0.0000	0.0000	0.0000	0.0000	0.0000	0.0000	0.0000											
10	91	0.2304	4	0	0	0	1	0	0	0	0	N	N	N	N	N	N	N	N	N	N	N	N	0.0000	0.0000	0.0000	0.0000	0.0000	0.0000	0.0000	0.0000	0.0000	0.0000	0.0000	0.0000	0.0000	0.0022	0.0055	0.0000	0.0054	0.0098	0.0000	0.0000	0.0000	0.0000	0.0000	0.0000	-0.0001	0.0000	11.5137	1.0000	4.9035	0.0000	0.0000	0.0000	0.0000	0.0000	0.0000	0.0000	0.0000	0.0000	0.0002	0.0002	0.0000	0.0002	0.0002	0.0000	0.0000	0.0000	0.0000	0.0000	0.0000	0.0000	0.0000	0.0000	0.0000	0.0000	0.0000	0.0000	0.1012	0.0402	0.0609	0.0411	0.0224	0.0187	0.0601	0.0178	0.0423	0.0000	0.0000	0.0000	0.0000	0.0000	0.0000	0.0000	0.0000	0.0000	0.0022	0.0055	0.0000	0.0054	0.0098	0.0000	0.0000	0.0000	0.0000						
11	12	0.0658	3	0	2	0	1	0	0	0	0	N	Y	N	N	N	N	N	N	N	N	N	N	0.5504	0.1810	1.3038	0.6938	0.0029	0.0034	0.0000	0.0231	0.0270	0.0000	0.0000	0.0000	0.0000	0.0052	0.0186	0.0000	0.0177	0.0389	0.0000	0.0000	0.0000	0.0000	0.0000	0.0000	-0.0002	-0.0003	1.0886	6.0000	0.0502	3.0006	0.0006	0.0006	0.0000	0.0006	0.0006	0.0000	0.0000	0.0000	0.0000	0.0005	0.0005	0.0000	0.0005	0.0005	0.0000	0.0000	0.0000	0.0000	0.1943	0.1659	0.0284	0.0243	0.0207	0.0035	0.1700	0.1452	0.0248	0.0981	0.0276	0.0706	0.0290	0.0132	0.0158	0.0691	0.0144	0.0547	0.5504	0.1810	0.0000	1.3038	0.6938	0.0000	0.0000	0.0000	0.0000	0.0052	0.0186	0.0000	0.0177	0.0389	0.0000	0.0000	0.0000	0.0000					
11	13	0.1506	5	0	2	0	2	0	0	0	0	N	Y	N	Y	N	N	N	N	N	N	N	N	0.0000	0.0000	0.0000	0.0000	0.0000	0.0000	0.0000	0.0000	0.0000	0.0000	0.0000	0.0000	0.0000	0.0000	0.0000	0.0000	0.0000	0.0000	0.0000	0.0000	1.0886	0.0000	0.0502	0.0000	0.0000	0.0000	0.0000	0.0000	0.0000	0.0000	0.0000	0.0000	0.0000	0.0000	0.0000	0.0000	0.0000	0.0000	0.0000	0.0000	0.0000	0.0000	0.0000	0.0000	0.0000	0.0000	0.0000	0.0000	0.0000	0.0000	0.0000	0.0000	0.0000	0.0000	0.0000	0.0000	0.0000	0.0000	0.0000	0.0000	0.0000	0.0000	0.0000	0.0000	0.0000	0.0000	0.0000	0.0000	0.0000	0.0000	0.0000	0.0000	0.0000	0.0000	0.0000	0.0000	0.0000	0.0000											
11	14	0.1036	4	1	2	0	1	0	0	0	0	N	Y	N	N	N	N	N	N	N	N	N	N	3.3700	1.5205	0.0087	8.5693	4.4348	0.0199	0.0007	0.0000	0.0074	0.0021	0.0025	0.0000	0.0093	0.0105	0.0000	0.0000	0.0000	0.0000	0.0006	0.0016	0.0002	0.0011	0.0024	0.0000	0.0004	0.0408	0.0002	0.0001	0.2068	-0.0001	-0.0000	1.0886	3.0234	0.0502	1.0170	0.0002	0.0002	0.0000	0.0002	0.0002	0.0000	0.0000	0.0000	0.0000	0.0000	0.0000	0.0000	0.0000	0.0000	0.0000	0.0000	0.0000	0.0000	0.1082	0.0925	0.0157	0.0248	0.0220	0.0028	0.0835	0.0705	0.0130	0.0458	0.0146	0.0311	0.0159	0.0072	0.0087	0.0299	0.0074	0.0225	3.3700	1.5205	0.0087	8.5693	4.4348	0.0199	0.0007	0.0000	0.0074	0.0006	0.0016	0.0002	0.0011	0.0024	0.0000	0.0004	0.0009	0.0002
11	15	0.0658	3	0	2	0	1	0	0	0	0	N	Y	N	N	N	N	N	N	N	N	N	N	5.1282	1.6701	12.0429	6.3583	0.0040	0.0047	0.0000	0.0320	0.0376	0.0000	0.0000	0.0000	0.0000	0.0008	0.0028	0.0000	0.0027	0.0059	0.0000	0.0000	0.0000	0.0000	0.0000	0.0000	-0.0002	-0.0000	1.0886	4.0000	0.0502	3.0006	0.0006	0.0006	0.0000	0.0006	0.0006	0.0000	0.0000	0.0000	0.0000	0.0001	0.0001	0.0000	0.0001	0.0001	0.0000	0.0000	0.0000	0.0000	0.1363	0.1159	0.0204	0.0172	0.0146	0.0026	0.1191	0.1012	0.0178	0.0810	0.0224	0.0586	0.0240	0.0108	0.0132	0.0570	0.0117	0.0453	5.1282	1.6701	0.0000	12.0429	6.3583	0.0000	0.0000	0.0000	0.0000	0.0008	0.0028	0.0000	0.0027	0.0059	0.0000	0.0000	0.0000	0.0000					
11	18	0.0658	3	1	1	1	1	0	0	0	0	N	N	N	N	N	N	N	N	N	N	N	N	0.0417	1.6807	0.0000	0.1799	6.6124	0.0000	0.0000	0.0000	0.0016	0.0019	0.0000	0.0139	0.0158	0.0000	0.0000	0.0000	0.0000	0.0392	0.0011	0.0563	0.0773	0.0024	0.1512	0.0236	0.0000	0.0308	0.0000	112.6036	-0.0003	0.0022	1.0886	18.0000	0.0502	5.9994	0.0007	0.0007	0.0000	0.0007	0.0007	0.0000	0.0000	0.0000	0.0000	0.0068	0.0001	0.0068	0.0039	0.0001	0.0038	0.0029	0.0000	0.0029	0.4464	0.3893	0.0571	0.0525	0.0461	0.0063	0.3940	0.3432	0.0508	0.1738	0.0538	0.1200	0.0505	0.0251	0.0255	0.1232	0.0287	0.0945	0.0417	1.6807	0.0000	0.1799	6.6124	0.0000	0.0000	0.0000	0.0000	0.0392	0.0011	0.0563	0.0773	0.0024	0.1512	0.0236	0.0000	0.0308	
11	19	0.1336	4	0	2	0	1	0	0	0	0	N	Y	N	N	N	N	N	N	N	N	N	N	0.0226	0.0020	0.0000	0.0172	0.0187	0.0000	0.0001	0.0000	0.0000	0.0027	0.0031	0.0000	0.0151	0.0174	0.0000	0.0000	0.0000	0.0000	0.1172	1.5369	0.0015	0.8799	0.9310	0.0647	0.0006	0.0023	0.0008	0.0000	0.0088	-0.0001	-0.0045	1.0886	2.0070	0.0502	1.9996	0.0002	0.0002	0.0000	0.0002	0.0002	0.0000	0.0000	0.0000	0.0000	0.0068	0.0067	0.0001	0.0068	0.0067	0.0000	0.0000	0.0000	0.0000	0.0679	0.0573	0.0105	0.0119	0.0103	0.0016	0.0560	0.0470	0.0090	0.0579	0.0176	0.0404	0.0077	0.0072	0.0005	0.0503	0.0103	0.0399	0.0226	0.0082	0.0000	0.0172	0.0187	0.0000	0.0001	0.0369	0.0000	0.1172	0.3834	0.0015	0.8799	0.9310	0.0647	0.0006	0.0000	0.0008
11	20	0.0658	3	0	2	0	1	0	0	0	0	N	Y	N	N	N	N	N	N	N	N	N	N	0.0138	0.0014	0.1636	0.0870	0.0000	0.0000	0.0021	0.0024	0.0000	0.0168	0.0195	0.0000	0.0000	0.0000	0.0000	0.1494	1.7065	0.0000	0.1028	0.2247	0.0000	0.1689	4.1410	0.0000	0.0000	0.0000	-0.0002	-0.0106	1.0886	9.0000	0.0502	1.0006	0.0006	0.0006	0.0000	0.0006	0.0006	0.0000	0.0000	0.0000	0.0000	0.0158	0.0158	0.0000	0.0032	0.0032	0.0000	0.0126	0.0126	0.0000	0.2711	0.2329	0.0382	0.0333	0.0287	0.0046	0.2378	0.2042	0.0335	0.1058	0.0299	0.0759	0.0313	0.0143	0.0170	0.0746	0.0156	0.0589	0.0138	0.0046	0.0000	0.1636	0.0870	0.0000	0.0000	0.0000	0.0000	0.1494	0.5282	0.0000	0.1028	0.2247	0.0000	0.1689	0.8060	0.0000			
11	21	0.1223	4	1	2	0	1	0	0	0	0	N	Y	N	N	N	N	N	N	N	N	N	N	0.0476	0.0266	0.1789	0.0993	0.0826	0.2958	0.0036	0.0000	0.0736	0.0002	0.0002	0.0003	0.0006	0.0005	0.0016	0.0000	0.0000	0.0001	0.0038	0.0059	0.0019	0.0057	0.0057	0.0055	0.0030	0.4826	0.0008	0.3294	0.3682	-0.0000	-0.0001	1.0886	0.9600	0.0502	1.3160	0.0000	0.0000	0.0000	0.0000	0.0000	0.0000	0.0000	0.0000	0.0000	0.0002	0.0001	0.0000	0.0001	0.0001	0.0000	0.0000	0.0000	0.0000	0.0463	0.0403	0.0060	0.0143	0.0132	0.0011	0.0320	0.0272	0.0049	0.0411	0.0194	0.0217	0.0226	0.0171	0.0055	0.0185	0.0023	0.0162	0.0476	0.0266	0.1789	0.0993	0.0826	0.2958	0.0070	0.0004	0.0736	0.0038	0.0059	0.0019	0.0057	0.0057	0.0055	0.0015	0.0070	0.0008
11	22	0.1481	5	0	2	0	1	0	0	0	0	N	Y	N	N	N	N	N	N	N	N	N	N	0.0000	0.0000	0.0000	0.0000	0.0000	0.0000	0.0000	0.0000	0.0000	0.0000	0.0000	0.0000	0.0000	0.0000	0.0000	0.0000	0.0000	0.0000	0.0000	0.0000	1.0886	0.0000	0.0502	0.0000	0.0000	0.0000	0.0000	0.0000	0.0000	0.0000	0.0000	0.0000	0.0000	0.0000	0.0000	0.0000	0.0000	0.0000	0.0000	0.0000	0.0000	0.0000	0.0000	0.0000	0.0000	0.0000	0.0000	0.0000	0.0000	0.0000	0.0000	0.0000	0.0000	0.0000	0.0000	0.0000	0.0000	0.0000	0.0000	0.0000	0.0000	0.0000	0.0000	0.0000	0.0000	0.0000	0.0000	0.0000	0.0000	0.0000	0.0000	0.0000	0.0000	0.0000	0.0000	0.0000	0.0000	0.0000											
11	23	0.0658	3	1	2	0	1	0	0	0	0	N	Y	N	N	N	N	N	N	N	N	N	N	0.0000	0.0000	0.0000	0.0000	0.0000	0.0000	0.0000	0.0000	0.0000	0.0000	0.0000	0.0000	0.0000	0.0000	0.0000	0.0000	0.0000	0.1494	0.0001	0.2083	0.1028	0.0003	0.1893	0.1689	0.0000	0.2138	4176.3525	0.0000	0.0052	1.0886	6.0000	0.0502	4.0006	0.0000	0.0000	0.0000	0.0000	0.0000	0.0000	0.0000	0.0000	0.0000	0.0158	0.0000	0.0158	0.0032	0.0000	0.0032	0.0126	0.0000	0.0126	0.1943	0.1659	0.0284	0.0243	0.0207	0.0035	0.1700	0.1452	0.0248	0.1058	0.0299	0.0759	0.0313	0.0143	0.0170	0.0746	0.0156	0.0589	0.0000	0.0000	0.0000	0.0000	0.0000	0.0000	0.0000	0.0000	0.0000	0.1494	0.0001	0.2083	0.1028	0.0003	0.1893	0.1689	0.0000	0.2138		
11	24	0.0658	3	0	2	0	1	0	0	0	0	N	Y	N	N	N	N	N	N	N	N	N	N	0.0000	0.0000	0.0000	0.0000	0.0000	0.0000	0.0000	0.0000	0.0000	0.0000	0.0000	0.0000	0.0000	0.0000	0.0000	0.0000	0.0000	0.0741	0.0185	0.0958	0.1502	0.0387	0.2432	0.0421	0.0000	0.0531	13.2475	0.0000	0.0019	1.0886	4.0000	0.0502	4.9994	0.0000	0.0000	0.0000	0.0000	0.0000	0.0000	0.0000	0.0000	0.0000	0.0073	0.0005	0.0068	0.0044	0.0005	0.0038	0.0029	0.0000	0.0029	0.1363	0.1159	0.0204	0.0172	0.0146	0.0026	0.1191	0.1012	0.0178	0.0981	0.0276	0.0705	0.0290	0.0132	0.0158	0.0691	0.0144	0.0547	0.0000	0.0000	0.0000	0.0000	0.0000	0.0000	0.0000	0.0000	0.0000	0.0741	0.0185	0.0958	0.1502	0.0387	0.2432	0.0421	0.0000	0.0531		
11	25	0.1128	4	0	2	1	2	0	0	0	0	N	Y	N	Y	N	N	N	N	N	N	N	N	0.0010	0.0000	0.0042	0.0058	0.0000	0.0510	0.0006	0.0000	0.0029	0.0000	0.0000	0.0001	0.0000	0.0000	0.0010	0.0000	0.0000	0.0001	0.0194	0.0008	0.0319	0.0076	0.0006	0.0193	0.0275	0.0459	0.0357	inf	61.9301	0.0000	0.0002	1.0886	0.8908	0.0502	1.0730	0.0000	0.0000	0.0000	0.0000	0.0000	0.0000	0.0000	0.0000	0.0000	0.0007	0.0000	0.0007	0.0001	0.0000	0.0001	0.0006	0.0000	0.0006	0.0387	0.0332	0.0055	0.0042	0.0040	0.0002	0.0345	0.0292	0.0053	0.0385	0.0154	0.0231	0.0144	0.0090	0.0054	0.0241	0.0064	0.0177	0.0010	0.0000	0.0042	0.0058	0.0000	0.0510	0.0006	0.0000	0.0029	0.0194	0.0008	0.0319	0.0076	0.0006	0.0193	0.0265	0.0010	0.0357
11	26	0.0658	3	0	1	0	2	0	0	0	0	N	N	N	Y	N	N	N	N	N	N	N	N	0.0000	0.0001	0.0000	0.0002	0.0004	0.0000	0.0000	0.0000	0.0000	0.0000	0.0000	0.0000	0.0001	0.0001	0.0000	0.0000	0.0000	0.0000	0.8651	0.1040	0.3973	0.2251	0.1413	0.2919	0.8308	0.0464	0.4284	0.0000	15.3669	-0.0000	0.0053	1.0886	3.1159	0.0502	2.1859	0.0000	0.0000	0.0000	0.0000	0.0000	0.0000	0.0000	0.0000	0.0000	0.0199	0.0012	0.0187	0.0043	0.0012	0.0031	0.0156	0.0000	0.0155	0.1086	0.0922	0.0165	0.0138	0.0117	0.0021	0.0948	0.0805	0.0144	0.0647	0.0177	0.0470	0.0192	0.0085	0.0107	0.0454	0.0092	0.0363	0.0000	0.0001	0.0000	0.0002	0.0004	0.0000	0.0000	0.0000	0.0000	0.3074	0.0687	0.3973	0.2251	0.1413	0.2919	0.3422	0.0010	0.4284
11	27	0.0658	3	0	2	0	1	0	0	0	0	N	Y	N	N	N	N	N	N	N	N	N	N	53.8782	17.5215	129.2159	67.9603	0.0023	0.0026	0.0000	0.0184	0.0214	0.0000	0.0000	0.0000	0.0000	0.0000	0.0002	0.0000	0.0001	0.0003	0.0000	0.0000	0.0000	0.0000	0.0000	0.0000	-0.0002	-0.0000	1.0886	8.0000	0.0502	0.0006	0.0006	0.0006	0.0000	0.0006	0.0006	0.0000	0.0000	0.0000	0.0000	0.0000	0.0000	0.0000	0.0000	0.0000	0.0000	0.0000	0.0000	0.0000	0.2467	0.2116	0.0351	0.0305	0.0262	0.0043	0.2162	0.1854	0.0308	0.0899	0.0251	0.0648	0.0266	0.0120	0.0146	0.0632	0.0130	0.0502	53.8782	17.5215	0.0000	129.2159	67.9603	0.0000	0.0000	0.0000	0.0000	0.0000	0.0002	0.0000	0.0001	0.0003	0.0000	0.0000	0.0000	0.0000					
11	28	0.1415	4	1	2	0	1	0	0	0	0	N	Y	N	N	N	N	N	N	N	N	N	N	11.5615	14.3822	0.0000	12.9051	18.9243	0.0000	0.0012	0.0001	0.0000	0.0023	0.0025	0.0000	0.0056	0.0059	0.0000	0.0000	0.0000	0.0000	0.0002	0.0002	0.0002	0.0004	0.0003	0.0021	0.0001	0.0022	0.0001	0.0000	1.4044	-0.0001	-0.0000	1.0886	2.9919	0.0502	1.1331	0.0002	0.0002	0.0000	0.0002	0.0002	0.0000	0.0000	0.0000	0.0000	0.0000	0.0000	0.0000	0.0000	0.0000	0.0000	0.0000	0.0000	0.0000	0.1012	0.0920	0.0092	0.0411	0.0393	0.0017	0.0601	0.0526	0.0075	0.0607	0.0285	0.0321	0.0172	0.0160	0.0012	0.0435	0.0126	0.0309	11.5615	14.3822	0.0000	12.9051	18.9243	0.0000	0.0012	0.0588	0.0000	0.0002	0.0002	0.0002	0.0004	0.0003	0.0021	0.0001	0.0000	0.0001
11	29	0.0658	3	0	1	0	1	0	0	0	0	N	N	N	N	N	N	N	N	N	N	N	N	0.0531	0.2217	0.0000	0.2178	1.3509	0.0000	0.0000	0.0000	0.0000	0.0033	0.0039	0.0000	0.0263	0.0309	0.0000	0.0000	0.0000	0.0000	0.0622	0.0175	0.0798	0.1208	0.0229	0.2034	0.0376	0.7877	0.0443	0.0000	11.5830	-0.0002	0.0016	1.0886	5.0156	0.0502	4.8897	0.0006	0.0006	0.0000	0.0006	0.0006	0.0000	0.0000	0.0000	0.0000	0.0065	0.0005	0.0060	0.0038	0.0003	0.0034	0.0028	0.0002	0.0026	0.1665	0.1419	0.0246	0.0209	0.0178	0.0031	0.1456	0.1241	0.0215	0.1051	0.0297	0.0754	0.0311	0.0142	0.0169	0.0741	0.0155	0.0586	0.0531	0.2217	0.0000	0.2178	1.3509	0.0000	0.0000	0.0000	0.0000	0.0622	0.0175	0.0798	0.1208	0.0229	0.2034	0.0376	0.0126	0.0443
11	30	0.0789	4	0	2	0	2	0	0	0	0	N	Y	N	Y	N	N	N	N	N	N	N	N	0.4224	2.1530	3.3951	53.8047	0.0000	0.0000	0.0001	0.0000	0.0005	0.0006	0.0000	0.0161	0.0000	0.0000	0.0000	0.0002	0.0000	0.0002	0.0002	0.0000	0.0003	0.0002	0.0000	0.0002	inf	inf	0.0000	0.0000	1.0886	3.9676	0.0502	1.0007	0.0000	0.0000	0.0000	0.0000	0.0000	0.0000	0.0000	0.0000	0.0000	0.0000	0.0000	0.0000	0.0000	0.0000	0.0000	0.0000	0.0000	0.0000	0.1441	0.1246	0.0195	0.0163	0.0157	0.0006	0.1278	0.1090	0.0189	0.0541	0.0169	0.0372	0.0172	0.0071	0.0101	0.0369	0.0097	0.0271	0.4224	0.0000	2.1530	3.3951	0.0000	53.8047	0.0000	0.0000	0.0000	0.0002	0.0000	0.0002	0.0002	0.0000	0.0003	0.0002	0.0000	0.0002			
11	31	0.0658	3	1	2	0	1	0	0	0	0	N	Y	N	N	N	N	N	N	N	N	N	N	0.5412	0.1771	1.2765	0.6766	0.0001	0.0001	0.0000	0.0005	0.0006	0.0000	0.0000	0.0000	0.0000	0.0001	0.0004	0.0000	0.0004	0.0008	0.0000	0.0000	0.0000	0.0000	0.0000	0.0000	-0.0000	-0.0000	1.0886	5.0000	0.0502	3.0000	0.0000	0.0000	0.0000	0.0000	0.0000	0.0000	0.0000	0.0000	0.0000	0.0000	0.0000	0.0000	0.0000	0.0000	0.0000	0.0000	0.0000	0.0000	0.1660	0.1415	0.0245	0.0208	0.0178	0.0031	0.1452	0.1237	0.0215	0.0899	0.0251	0.0648	0.0266	0.0120	0.0146	0.0632	0.0130	0.0502	0.5412	0.1771	0.0000	1.2765	0.6766	0.0000	0.0000	0.0000	0.0000	0.0001	0.0004	0.0000	0.0004	0.0008	0.0000	0.0000	0.0000	0.0000					
11	32	0.1078	4	0	1	1	1	0	0	0	0	N	N	N	N	N	N	N	N	N	N	N	N	0.5538	0.0000	1.5498	0.1081	0.0000	30.9970	0.3191	0.0000	1.4339	0.0022	0.0000	0.0084	0.0003	0.0000	0.1551	0.0034	0.0000	0.0080	0.0040	0.0003	0.0054	0.0029	0.0002	0.0050	0.0107	0.0224	0.0056	inf	54.1722	0.0000	0.0000	1.0886	0.0319	0.0502	1.0050	0.0000	0.0000	0.0000	0.0000	0.0000	0.0000	0.0000	0.0000	0.0000	0.0001	0.0000	0.0001	0.0000	0.0000	0.0000	0.0000	0.0000	0.0000	0.0051	0.0038	0.0013	0.0020	0.0020	0.0000	0.0031	0.0018	0.0013	0.0150	0.0042	0.0108	0.0044	0.0019	0.0025	0.0105	0.0022	0.0083	0.5538	0.0000	1.5498	0.1081	0.0000	30.9970	0.7698	0.0000	1.4339	0.0040	0.0003	0.0054	0.0029	0.0002	0.0050	0.0044	0.0003	0.0056
11	33	0.0789	5	0	2	0	1	0	0	0	0	N	Y	N	N	N	N	N	N	N	N	N	N	0.0001	0.0000	0.0000	0.0001	0.0000	0.0000	0.0000	0.0000	0.0000	0.0001	0.0001	0.0000	0.0002	0.0002	0.0000	0.0000	0.0000	0.0000	1.4483	3.7860	0.0008	2.2219	7.2588	0.0006	0.0007	0.0067	0.0009	0.0000	0.0009	-0.0000	-0.0050	1.0886	0.0023	0.0502	1.0003	0.0000	0.0000	0.0000	0.0000	0.0000	0.0000	0.0000	0.0000	0.0000	0.0074	0.0074	0.0000	0.0074	0.0074	0.0000	0.0000	0.0000	0.0000	0.0003	0.0003	0.0000	0.0001	0.0001	0.0000	0.0002	0.0002	0.0000	0.0123	0.0038	0.0086	0.0040	0.0016	0.0024	0.0083	0.0021	0.0062	0.0001	0.0000	0.0000	0.0001	0.0000	0.0000	0.0000	0.0000	0.0000	0.6034	1.9716	0.0008	1.8608	4.5766	0.0006	0.0007	0.0000	0.0009
11	34	0.0658	3	1	1	1	1	0	0	0	0	N	N	N	N	N	N	N	N	N	N	N	N	0.0000	0.0000	0.0000	0.0000	0.0000	0.0000	0.0000	0.0000	0.0000	0.0000	0.0000	0.0000	0.0000	0.0008	0.0029	0.0000	0.0028	0.0061	0.0000	0.0000	0.0000	0.0000	0.0000	0.0000	-0.0000	1.0886	3.0000	0.0502	5.0006	0.0000	0.0000	0.0000	0.0000	0.0000	0.0000	0.0000	0.0000	0.0000	0.0001	0.0001	0.0000	0.0001	0.0001	0.0000	0.0000	0.0000	0.0000	0.1049	0.0890	0.0159	0.0133	0.0113	0.0020	0.0916	0.0777	0.0139	0.0899	0.0251	0.0648	0.0266	0.0120	0.0146	0.0632	0.0130	0.0502	0.0000	0.0000	0.0000	0.0000	0.0000	0.0000	0.0000	0.0000	0.0000	0.0008	0.0029	0.0000	0.0028	0.0061	0.0000	0.0000	0.0000	0.0000						
11	35	0.0658	3	0	2	0	2	0	0	0	0	N	Y	N	Y	N	N	N	N	N	N	N	N	0.0000	0.0000	0.0000	0.0000	0.0000	0.0000	0.0000	0.0000	0.0000	0.0000	0.0000	0.0000	0.0000	0.0000	0.0000	0.0000	0.0000	0.4683	0.0002	0.3532	0.1755	0.0005	0.3146	0.6480	0.0000	0.3646	4176.3525	0.0000	0.0052	1.0886	3.0000	0.0502	2.0006	0.0000	0.0000	0.0000	0.0000	0.0000	0.0000	0.0000	0.0000	0.0000	0.0158	0.0000	0.0158	0.0032	0.0000	0.0032	0.0126	0.0000	0.0126	0.1049	0.0890	0.0159	0.0133	0.0113	0.0020	0.0916	0.0777	0.0139	0.0616	0.0168	0.0448	0.0183	0.0081	0.0102	0.0433	0.0087	0.0346	0.0000	0.0000	0.0000	0.0000	0.0000	0.0000	0.0000	0.0000	0.0000	0.2569	0.0002	0.3532	0.1755	0.0005	0.3146	0.2913	0.0000	0.3646		
11	36	0.0658	3	1	1	1	1	0	0	0	0	N	N	N	N	N	N	N	N	N	N	N	N	0.0175	0.0012	0.0410	0.0219	0.0013	0.0016	0.0000	0.0105	0.0123	0.0000	0.0000	0.0000	0.0000	0.0755	1.3501	0.0000	0.2552	0.5613	0.0000	0.0000	0.0000	0.0000	0.0000	0.0000	-0.0001	-0.0050	1.0886	4.0000	0.0502	5.0006	0.0002	0.0002	0.0000	0.0002	0.0002	0.0000	0.0000	0.0000	0.0000	0.0074	0.0074	0.0000	0.0074	0.0074	0.0000	0.0000	0.0000	0.0000	0.1363	0.1159	0.0204	0.0172	0.0146	0.0026	0.1191	0.1012	0.0178	0.0981	0.0276	0.0706	0.0290	0.0132	0.0158	0.0691	0.0144	0.0547	0.0175	0.0058	0.0000	0.0410	0.0219	0.0000	0.0000	0.0000	0.0000	0.0755	0.2687	0.0000	0.2552	0.5613	0.0000	0.0000	0.0000	0.0000					
11	37	0.0658	3	1	1	1	1	0	0	0	0	N	N	N	N	N	N	N	N	N	N	N	N	0.0188	0.0015	0.0439	0.0232	0.0017	0.0020	0.0000	0.0135	0.0159	0.0000	0.0000	0.0000	0.0000	0.0912	1.3911	0.0000	0.3077	0.6857	0.0000	0.0000	0.0000	0.0000	0.0000	0.0000	-0.0001	-0.0050	1.0886	3.0000	0.0502	4.0006	0.0002	0.0002	0.0000	0.0002	0.0002	0.0000	0.0000	0.0000	0.0000	0.0074	0.0074	0.0000	0.0074	0.0074	0.0000	0.0000	0.0000	0.0000	0.1049	0.0890	0.0159	0.0133	0.0113	0.0020	0.0916	0.0777	0.0139	0.0810	0.0224	0.0586	0.0240	0.0108	0.0132	0.0570	0.0117	0.0453	0.0188	0.0061	0.0000	0.0439	0.0232	0.0000	0.0000	0.0000	0.0000	0.0912	0.3295	0.0000	0.3077	0.6857	0.0000	0.0000	0.0000	0.0000					
11	38	0.0789	5	0	1	1	1	0	0	0	0	N	N	N	N	N	N	N	N	N	N	N	N	0.0008	inf	0.0000	0.0068	inf	0.0000	0.0000	0.0000	0.0000	0.0000	0.0000	0.0000	0.0000	0.0000	0.0000	0.0000	0.0000	0.0007	0.0000	0.0010	0.0008	0.0000	0.0013	0.0007	0.0000	0.0009	0.0000	inf	-0.0000	0.0000	1.0886	1.0023	0.0502	0.0007	0.0000	0.0000	0.0000	0.0000	0.0000	0.0000	0.0000	0.0000	0.0000	0.0000	0.0000	0.0000	0.0000	0.0000	0.0000	0.0000	0.0000	0.0000	0.0392	0.0336	0.0055	0.0043	0.0042	0.0002	0.0348	0.0295	0.0054	0.0123	0.0038	0.0086	0.0040	0.0016	0.0024	0.0083	0.0021	0.0062	0.0008	inf	0.0000	0.0068	inf	0.0000	0.0000	0.0000	0.0000	0.0007	0.0000	0.0010	0.0008	0.0000	0.0013	0.0007	0.0000	0.0009	
11	39	0.0789	4	0	1	0	1	0	0	0	0	N	N	N	N	N	N	N	N	N	N	N	N	0.0025	0.0016	0.0040	0.0036	0.0022	0.1093	0.0000	0.0000	0.0001	0.0001	0.0001	0.0002	0.0002	0.0036	0.0000	0.0000	0.0000	0.0336	0.0535	0.0255	0.0648	0.0981	0.0329	0.0224	0.0000	0.0228	0.0662	1.0000	-0.0000	-0.0000	1.0886	0.0347	0.0502	0.0013	0.0000	0.0000	0.0000	0.0000	0.0000	0.0000	0.0000	0.0000	0.0000	0.0000	0.0000	0.0000	0.0000	0.0000	0.0000	0.0000	0.0000	0.0000	0.0040	0.0038	0.0002	0.0015	0.0015	0.0000	0.0026	0.0024	0.0002	0.0005	0.0002	0.0003	0.0002	0.0001	0.0001	0.0003	0.0001	0.0002	0.0025	0.0017	0.0040	0.0036	0.0022	0.1093	0.0000	0.0000	0.0000	0.0336	0.0490	0.0255	0.0648	0.0981	0.0329	0.0168	0.0000	0.0228	
11	40	0.0658	3	0	1	0	1	0	0	0	0	N	N	N	N	N	N	N	N	N	N	N	N	0.0001	0.2593	0.0000	0.0032	0.9910	0.0000	0.0000	0.0000	0.0001	0.0001	0.0000	0.0006	0.0007	0.0000	0.0000	0.0000	0.0000	0.4855	0.0003	0.3550	0.1765	0.0007	0.3161	0.6726	0.0000	0.3665	0.0000	2914.4002	-0.0000	0.0052	1.0886	3.9674	0.0502	1.0003	0.0000	0.0000	0.0000	0.0000	0.0000	0.0000	0.0000	0.0000	0.0000	0.0158	0.0000	0.0158	0.0032	0.0000	0.0032	0.0126	0.0000	0.0126	0.1353	0.1150	0.0203	0.0171	0.0145	0.0026	0.1182	0.1005	0.0177	0.0612	0.0167	0.0445	0.0182	0.0081	0.0101	0.0430	0.0086	0.0344	0.0003	0.2593	0.0000	0.0032	0.9910	0.0000	0.0000	0.0000	0.0000	0.2582	0.0003	0.3550	0.1765	0.0007	0.3161	0.2928	0.0000	0.3665	
11	41	0.1188	5	0	2	0	1	0	0	0	0	N	Y	N	N	N	N	N	N	N	N	N	N	2.0341	3.1257	0.0000	13.7343	17.5451	0.0000	0.0000	0.0000	0.0000	0.0001	0.0001	0.0000	0.0008	0.0008	0.0000	0.0000	0.0000	0.0000	0.0001	0.0000	0.0001	0.0001	0.0000	0.0001	0.0001	0.0099	0.0001	0.0000	3.9734	-0.0000	0.0000	1.0886	1.0144	0.0502	1.0128	0.0000	0.0000	0.0000	0.0000	0.0000	0.0000	0.0000	0.0000	0.0000	0.0000	0.0000	0.0000	0.0000	0.0000	0.0000	0.0000	0.0000	0.0000	0.0422	0.0371	0.0051	0.0068	0.0066	0.0002	0.0355	0.0305	0.0049	0.0276	0.0075	0.0201	0.0079	0.0033	0.0046	0.0196	0.0042	0.0155	2.0341	3.1257	0.0000	13.7343	17.5451	0.0000	0.0000	0.0000	0.0000	0.0001	0.0000	0.0001	0.0001	0.0000	0.0001	0.0001	0.0000	0.0001
11	42	0.0658	3	1	2	1	1	0	0	0	0	N	Y	N	N	N	N	N	N	N	N	N	N	0.0000	0.0000	0.0000	0.0000	0.0000	0.0000	0.0000	0.0000	0.0000	0.0000	0.0000	0.0000	0.0000	0.0000	0.0000	0.0000	0.0000	0.0952	0.0030	0.1301	0.1837	0.0063	0.3264	0.0578	0.0000	0.0725	112.6036	0.0000	0.0022	1.0886	3.0000	0.0502	2.9994	0.0000	0.0000	0.0000	0.0000	0.0000	0.0000	0.0000	0.0000	0.0000	0.0068	0.0001	0.0068	0.0039	0.0001	0.0038	0.0029	0.0000	0.0029	0.1049	0.0890	0.0159	0.0133	0.0113	0.0020	0.0916	0.0777	0.0139	0.0716	0.0197	0.0519	0.0213	0.0095	0.0118	0.0503	0.0102	0.0401	0.0000	0.0000	0.0000	0.0000	0.0000	0.0000	0.0000	0.0000	0.0000	0.0952	0.0030	0.1301	0.1837	0.0063	0.3264	0.0578	0.0000	0.0725		
11	43	0.0658	3	1	2	1	1	0	0	0	0	N	Y	N	N	N	N	N	N	N	N	N	N	0.0095	0.0013	0.0000	0.0281	0.0234	0.0000	0.0000	0.0000	0.0013	0.0016	0.0000	0.0105	0.0123	0.0000	0.0000	0.0000	0.0000	0.1396	1.2251	0.0958	0.3718	0.5261	0.2432	0.0421	0.0000	0.0531	0.0000	0.9735	-0.0001	-0.0024	1.0886	4.0000	0.0502	4.9994	0.0002	0.0002	0.0000	0.0002	0.0002	0.0000	0.0000	0.0000	0.0000	0.0137	0.0069	0.0068	0.0108	0.0069	0.0038	0.0029	0.0000	0.0029	0.1363	0.1159	0.0204	0.0172	0.0146	0.0026	0.1191	0.1012	0.0178	0.0981	0.0276	0.0705	0.0290	0.0132	0.0158	0.0691	0.0144	0.0547	0.0095	0.0062	0.0000	0.0281	0.0234	0.0000	0.0000	0.0000	0.0000	0.1396	0.2519	0.0958	0.3718	0.5261	0.2432	0.0421	0.0000	0.0531	
11	44	0.2033	4	1	2	0	1	0	0	0	0	N	Y	N	N	N	N	N	N	N	N	N	N	0.0000	0.0000	0.0000	0.0000	0.0000	0.0000	0.0000	0.0000	0.0000	0.0000	0.0000	0.0000	0.0000	0.0602	0.8153	0.0000	0.1216	0.2492	0.0000	0.0000	0.0000	0.0000	0.0000	0.0000	-0.0013	1.0886	2.0000	0.0502	1.0000	0.0000	0.0000	0.0000	0.0000	0.0000	0.0000	0.0000	0.0000	0.0000	0.0019	0.0019	0.0000	0.0019	0.0019	0.0000	0.0000	0.0000	0.0000	0.0659	0.0561	0.0099	0.0042	0.0038	0.0003	0.0618	0.0523	0.0095	0.0319	0.0124	0.0194	0.0158	0.0077	0.0081	0.0161	0.0047	0.0114	0.0000	0.0000	0.0000	0.0000	0.0000	0.0000	0.0000	0.0000	0.0000	0.0602	0.1544	0.0000	0.1216	0.2492	0.0000	0.0000	0.0000	0.0000						
11	45	0.0665	3	0	2	0	2	0	0	0	0	N	Y	N	Y	N	N	N	N	N	N	N	N	0.0000	0.0000	0.0000	0.0000	0.0000	0.0000	0.0000	0.0000	0.0000	0.0000	0.0000	0.0000	0.0000	0.0000	0.0000	0.0000	0.0000	0.0000	0.0000	0.0000	1.0886	1.0000	0.0502	0.0000	0.0000	0.0000	0.0000	0.0000	0.0000	0.0000	0.0000	0.0000	0.0000	0.0000	0.0000	0.0000	0.0000	0.0000	0.0000	0.0000	0.0000	0.0000	0.0383	0.0326	0.0057	0.0009	0.0008	0.0000	0.0374	0.0317	0.0057	0.0144	0.0040	0.0104	0.0045	0.0019	0.0026	0.0099	0.0020	0.0078	0.0000	0.0000	0.0000	0.0000	0.0000	0.0000	0.0000	0.0000	0.0000	0.0000	0.0000	0.0000	0.0000	0.0000	0.0000	0.0000	0.0000	0.0000											
11	46	0.0665	3	0	1	0	2	0	0	0	0	N	N	N	Y	N	N	N	N	N	N	N	N	0.0000	0.0000	0.0000	0.0000	0.0000	0.0000	0.0000	0.0000	0.0000	0.0000	0.0000	0.0000	0.0000	0.0000	0.0000	0.0000	0.0000	0.0000	0.0000	0.0000	1.0886	0.0000	0.0502	0.0000	0.0000	0.0000	0.0000	0.0000	0.0000	0.0000	0.0000	0.0000	0.0000	0.0000	0.0000	0.0000	0.0000	0.0000	0.0000	0.0000	0.0000	0.0000	0.0000	0.0000	0.0000	0.0000	0.0000	0.0000	0.0000	0.0000	0.0000	0.0000	0.0000	0.0000	0.0000	0.0000	0.0000	0.0000	0.0000	0.0000	0.0000	0.0000	0.0000	0.0000	0.0000	0.0000	0.0000	0.0000	0.0000	0.0000	0.0000	0.0000	0.0000	0.0000	0.0000	0.0000	0.0000	0.0000											
11	47	0.0336	2	0	1	0	2	0	0	0	0	N	N	N	Y	N	N	N	N	N	N	N	N	0.5007	0.0001	1254.3099	0.0034	0.0023	5.9895	0.8636	0.0000	1057.8955	0.0749	0.0001	0.3184	0.0007	0.0007	0.0008	0.0862	0.0000	0.3184	0.1497	1.3773	0.0003	0.2144	0.3241	0.0001	0.0998	3.7030	0.0003	778.4612	0.0009	0.0048	-0.0092	1.0886	2.0873	0.0502	1.9360	0.0078	0.0000	0.0078	0.0000	0.0000	0.0000	0.0078	0.0000	0.0078	0.0137	0.0136	0.0000	0.0085	0.0085	0.0000	0.0051	0.0051	0.0000	0.1036	0.0793	0.0244	0.0136	0.0136	0.0000	0.0900	0.0657	0.0244	0.0913	0.0420	0.0493	0.0397	0.0263	0.0134	0.0516	0.0157	0.0359	0.5007	0.0004	1254.3099	0.0034	0.0023	5.9895	0.8636	0.0000	1057.8955	0.1497	0.3252	0.0003	0.2144	0.3241	0.0001	0.0998	0.3270	0.0003
11	49	0.0658	3	0	2	1	1	0	0	0	0	N	Y	N	N	N	N	N	N	N	N	N	N	0.5938	0.1967	1.4046	0.7523	0.0029	0.0034	0.0000	0.0231	0.0270	0.0000	0.0000	0.0000	0.0000	0.0049	0.0172	0.0000	0.0164	0.0359	0.0000	0.0000	0.0000	0.0000	0.0000	0.0000	-0.0002	-0.0003	1.0886	6.0000	0.0502	4.0006	0.0006	0.0006	0.0000	0.0006	0.0006	0.0000	0.0000	0.0000	0.0000	0.0005	0.0005	0.0000	0.0005	0.0005	0.0000	0.0000	0.0000	0.0000	0.1943	0.1659	0.0284	0.0243	0.0207	0.0035	0.1700	0.1452	0.0248	0.1058	0.0299	0.0759	0.0313	0.0143	0.0170	0.0746	0.0156	0.0589	0.5938	0.1967	0.0000	1.4046	0.7523	0.0000	0.0000	0.0000	0.0000	0.0049	0.0172	0.0000	0.0164	0.0359	0.0000	0.0000	0.0000	0.0000					
11	50	0.0658	3	1	1	1	1	0	0	0	0	N	N	N	N	N	N	N	N	N	N	N	N	0.5406	0.1778	1.2805	0.6814	0.0028	0.0033	0.0000	0.0227	0.0265	0.0000	0.0000	0.0000	0.0000	0.0052	0.0186	0.0000	0.0177	0.0389	0.0000	0.0000	0.0000	0.0000	0.0000	0.0000	-0.0002	-0.0003	1.0886	6.0000	0.0502	3.0006	0.0006	0.0006	0.0000	0.0006	0.0006	0.0000	0.0000	0.0000	0.0000	0.0005	0.0005	0.0000	0.0005	0.0005	0.0000	0.0000	0.0000	0.0000	0.1943	0.1659	0.0284	0.0243	0.0207	0.0035	0.1700	0.1452	0.0248	0.0981	0.0276	0.0706	0.0290	0.0132	0.0158	0.0691	0.0144	0.0547	0.5406	0.1778	0.0000	1.2805	0.6814	0.0000	0.0000	0.0000	0.0000	0.0052	0.0186	0.0000	0.0177	0.0389	0.0000	0.0000	0.0000	0.0000					
11	51	0.1036	4	1	2	0	1	0	0	0	0	N	Y	N	N	N	N	N	N	N	N	N	N	0.0220	0.0054	0.1791	0.0705	0.0205	1.0857	0.0019	0.0000	0.0208	0.0000	0.0000	0.0000	0.0000	0.0000	0.0002	0.0000	0.0000	0.0000	0.0005	0.0010	0.0002	0.0006	0.0010	0.0002	0.0004	0.0415	0.0002	1.2514	0.4622	0.0000	-0.0000	1.0886	1.0314	0.0502	3.0033	0.0000	0.0000	0.0000	0.0000	0.0000	0.0000	0.0000	0.0000	0.0000	0.0000	0.0000	0.0000	0.0000	0.0000	0.0000	0.0000	0.0000	0.0000	0.0404	0.0344	0.0059	0.0097	0.0086	0.0010	0.0307	0.0258	0.0049	0.0457	0.0146	0.0311	0.0159	0.0072	0.0086	0.0299	0.0074	0.0225	0.0220	0.0054	0.1791	0.0705	0.0205	1.0857	0.0019	0.0000	0.0208	0.0005	0.0010	0.0002	0.0006	0.0010	0.0002	0.0004	0.0009	0.0002
11	52	0.0658	3	1	2	0	1	0	0	0	0	N	Y	N	N	N	N	N	N	N	N	N	N	0.1531	0.0522	0.0000	0.4945	0.2625	0.0000	0.0000	0.0000	0.0000	0.0001	0.0001	0.0000	0.0005	0.0006	0.0000	0.0000	0.0000	0.0000	0.0004	0.0014	0.0000	0.0010	0.0022	0.0000	0.0002	0.0330	0.0000	0.0000	0.0634	-0.0000	-0.0000	1.0886	4.9791	0.0502	0.0710	0.0000	0.0000	0.0000	0.0000	0.0000	0.0000	0.0000	0.0000	0.0000	0.0000	0.0000	0.0000	0.0000	0.0000	0.0000	0.0000	0.0000	0.0000	0.1654	0.1410	0.0245	0.0208	0.0177	0.0031	0.1446	0.1233	0.0214	0.0621	0.0170	0.0451	0.0185	0.0082	0.0103	0.0436	0.0088	0.0348	0.1531	0.0522	0.0000	0.4945	0.2625	0.0000	0.0000	0.0000	0.0000	0.0004	0.0014	0.0000	0.0010	0.0022	0.0000	0.0002	0.0006	0.0000
11	53	0.0658	3	0	2	0	1	0	0	0	0	N	Y	N	N	N	N	N	N	N	N	N	N	0.5938	0.1967	1.4046	0.7523	0.0029	0.0034	0.0000	0.0231	0.0270	0.0000	0.0000	0.0000	0.0000	0.0049	0.0172	0.0000	0.0164	0.0359	0.0000	0.0000	0.0000	0.0000	0.0000	0.0000	-0.0002	-0.0003	1.0886	6.0000	0.0502	4.0006	0.0006	0.0006	0.0000	0.0006	0.0006	0.0000	0.0000	0.0000	0.0000	0.0005	0.0005	0.0000	0.0005	0.0005	0.0000	0.0000	0.0000	0.0000	0.1943	0.1659	0.0284	0.0243	0.0207	0.0035	0.1700	0.1452	0.0248	0.1058	0.0299	0.0759	0.0313	0.0143	0.0170	0.0746	0.0156	0.0589	0.5938	0.1967	0.0000	1.4046	0.7523	0.0000	0.0000	0.0000	0.0000	0.0049	0.0172	0.0000	0.0164	0.0359	0.0000	0.0000	0.0000	0.0000					
11	54	0.1188	5	0	1	1	1	0	0	0	0	N	N	N	N	N	N	N	N	N	N	N	N	18.7031	33.9266	0.0000	49.5743	62.2375	0.0000	0.0000	0.0000	0.0000	0.0022	0.0030	0.0000	0.0054	0.0054	0.0000	0.0000	0.0000	0.0000	0.0001	0.0001	0.0001	0.0001	0.0001	0.0001	0.0001	0.0140	0.0001	0.0000	3.9734	-0.0000	0.0000	1.0886	0.0147	0.0502	0.9910	0.0000	0.0000	0.0000	0.0000	0.0000	0.0000	0.0000	0.0000	0.0000	0.0000	0.0000	0.0000	0.0000	0.0000	0.0000	0.0000	0.0000	0.0000	0.0024	0.0018	0.0006	0.0010	0.0010	0.0000	0.0014	0.0008	0.0006	0.0142	0.0038	0.0104	0.0041	0.0017	0.0024	0.0101	0.0021	0.0080	18.7031	33.9266	0.0000	49.5743	62.2375	0.0000	0.0000	0.0000	0.0000	0.0001	0.0001	0.0001	0.0001	0.0001	0.0001	0.0001	0.0001	0.0001
11	55	0.1078	4	0	1	0	1	0	0	0	0	N	N	N	N	N	N	N	N	N	N	N	N	3.6386	26.4817	0.0084	43.3161	135.5647	0.0338	0.0007	0.0000	0.0079	0.0082	0.0097	0.0000	0.0790	0.0808	0.0001	0.0000	0.0000	0.0000	0.0023	0.0004	0.0030	0.0018	0.0006	0.0027	0.0059	0.0194	0.0030	0.0005	21.2394	-0.0001	0.0000	1.0886	0.9556	0.0502	1.0192	0.0003	0.0003	0.0000	0.0003	0.0003	0.0000	0.0000	0.0000	0.0000	0.0001	0.0000	0.0001	0.0000	0.0000	0.0000	0.0000	0.0000	0.0000	0.0419	0.0353	0.0066	0.0044	0.0043	0.0001	0.0376	0.0311	0.0065	0.0272	0.0075	0.0197	0.0079	0.0034	0.0045	0.0193	0.0041	0.0152	3.6386	26.4817	0.0084	43.3161	135.5647	0.0338	0.0017	0.0000	0.0079	0.0023	0.0004	0.0030	0.0018	0.0006	0.0027	0.0024	0.0002	0.0030
11	56	0.0658	3	0	1	0	1	0	0	0	0	N	N	N	N	N	N	N	N	N	N	N	N	0.0005	0.4106	0.0000	0.0056	1.8541	0.0000	0.0000	0.0000	0.0000	0.0001	0.0001	0.0000	0.0008	0.0010	0.0000	0.0000	0.0000	0.0000	0.2188	0.0003	0.3017	0.1498	0.0005	0.2699	0.4129	0.0152	0.3111	0.0000	2595.4839	-0.0000	0.0052	1.0886	3.0309	0.0502	3.0097	0.0000	0.0000	0.0000	0.0000	0.0000	0.0000	0.0000	0.0000	0.0000	0.0158	0.0000	0.0158	0.0032	0.0000	0.0032	0.0126	0.0000	0.0126	0.1059	0.0898	0.0161	0.0134	0.0114	0.0020	0.0924	0.0784	0.0140	0.0720	0.0198	0.0522	0.0214	0.0095	0.0119	0.0506	0.0103	0.0404	0.0005	0.4106	0.0000	0.0056	1.8541	0.0000	0.0000	0.0000	0.0000	0.2188	0.0003	0.3017	0.1498	0.0005	0.2699	0.2480	0.0001	0.3111
11	57	0.0658	3	0	1	0	1	0	0	0	0	N	N	N	N	N	N	N	N	N	N	N	N	0.0000	0.0000	0.0000	0.0000	0.0000	0.0000	0.0000	0.0000	0.0000	0.0000	0.0000	0.0000	0.0000	0.0005	0.0017	0.0000	0.0016	0.0036	0.0000	0.0000	0.0000	0.0000	0.0000	0.0000	-0.0000	1.0886	3.0000	0.0502	3.0006	0.0000	0.0000	0.0000	0.0000	0.0000	0.0000	0.0000	0.0000	0.0000	0.0000	0.0000	0.0000	0.0000	0.0000	0.0000	0.0000	0.0000	0.0000	0.1049	0.0890	0.0159	0.0133	0.0113	0.0020	0.0916	0.0777	0.0139	0.0716	0.0197	0.0519	0.0213	0.0095	0.0118	0.0504	0.0102	0.0401	0.0000	0.0000	0.0000	0.0000	0.0000	0.0000	0.0000	0.0000	0.0000	0.0005	0.0017	0.0000	0.0016	0.0036	0.0000	0.0000	0.0000	0.0000						
11	58	0.2113	5	0	1	0	1	0	0	0	0	N	N	N	N	N	N	N	N	N	N	N	N	0.0023	0.0003	0.0438	0.0141	0.0061	0.1073	0.0008	0.0000	0.0250	0.0001	0.0000	0.0004	0.0002	0.0001	0.0013	0.0000	0.0000	0.0002	0.0329	0.1167	0.0083	0.0147	0.0162	0.0123	0.0442	3.4564	0.0070	1.6197	0.1867	0.0000	-0.0026	1.0886	10.2575	0.0502	3.8960	0.0000	0.0000	0.0000	0.0000	0.0000	0.0000	0.0000	0.0000	0.0000	0.0051	0.0043	0.0008	0.0009	0.0006	0.0003	0.0042	0.0037	0.0005	0.3456	0.3014	0.0442	0.0809	0.0736	0.0072	0.2647	0.2277	0.0370	0.1549	0.0579	0.0970	0.0595	0.0368	0.0227	0.0954	0.0211	0.0743	0.0023	0.0004	0.0438	0.0141	0.0061	0.1073	0.0008	0.0001	0.0250	0.0329	0.0741	0.0083	0.0147	0.0162	0.0123	0.0442	0.1752	0.0070
11	59	0.1854	4	1	2	1	1	0	0	0	0	N	Y	N	N	N	N	N	N	N	N	N	N	0.0000	0.0000	0.0000	0.0000	0.0000	0.0000	0.0000	0.0000	0.0000	0.0000	0.0000	0.0000	0.0000	0.0000	0.0000	0.0000	0.0000	0.0000	0.0000	0.0000	1.0886	0.0000	0.0502	0.0000	0.0000	0.0000	0.0000	0.0000	0.0000	0.0000	0.0000	0.0000	0.0000	0.0000	0.0000	0.0000	0.0000	0.0000	0.0000	0.0000	0.0000	0.0000	0.0000	0.0000	0.0000	0.0000	0.0000	0.0000	0.0000	0.0000	0.0000	0.0000	0.0000	0.0000	0.0000	0.0000	0.0000	0.0000	0.0000	0.0000	0.0000	0.0000	0.0000	0.0000	0.0000	0.0000	0.0000	0.0000	0.0000	0.0000	0.0000	0.0000	0.0000	0.0000	0.0000	0.0000	0.0000	0.0000											
11	60	0.0658	3	1	1	1	1	0	0	0	0	N	N	N	N	N	N	N	N	N	N	N	N	0.0394	0.1868	0.0000	0.1561	0.7171	0.0000	0.0000	0.0000	0.0025	0.0030	0.0000	0.0204	0.0238	0.0000	0.0000	0.0000	0.0000	0.0643	0.0158	0.0836	0.1307	0.0332	0.2139	0.0365	0.0000	0.0463	0.0000	13.2475	-0.0002	0.0019	1.0886	7.0000	0.0502	3.9994	0.0006	0.0006	0.0000	0.0006	0.0006	0.0000	0.0000	0.0000	0.0000	0.0073	0.0005	0.0068	0.0044	0.0005	0.0038	0.0029	0.0000	0.0029	0.2211	0.1893	0.0319	0.0275	0.0235	0.0039	0.1937	0.1657	0.0279	0.1131	0.0322	0.0809	0.0334	0.0154	0.0180	0.0797	0.0168	0.0629	0.0394	0.1868	0.0000	0.1561	0.7171	0.0000	0.0000	0.0000	0.0000	0.0643	0.0158	0.0836	0.1307	0.0332	0.2139	0.0365	0.0000	0.0463	
11	61	0.1482	4	1	1	1	1	0	0	0	0	N	N	N	N	N	N	N	N	N	N	N	N	0.0000	0.0000	0.0000	0.0000	0.0000	0.0000	0.0000	0.0000	0.0000	0.0000	0.0000	0.0000	0.0000	0.0000	0.0000	0.0000	0.0000	0.0000	0.0000	0.0000	1.0886	2.0000	0.0502	0.0000	0.0000	0.0000	0.0000	0.0000	0.0000	0.0000	0.0000	0.0000	0.0000	0.0000	0.0000	0.0000	0.0000	0.0000	0.0000	0.0000	0.0000	0.0000	0.0635	0.0537	0.0098	0.0140	0.0122	0.0017	0.0496	0.0415	0.0081	0.0218	0.0100	0.0118	0.0057	0.0055	0.0002	0.0161	0.0046	0.0116	0.0000	0.0000	0.0000	0.0000	0.0000	0.0000	0.0000	0.0000	0.0000	0.0000	0.0000	0.0000	0.0000	0.0000	0.0000	0.0000	0.0000	0.0000											
11	62	0.0658	3	1	1	1	1	0	0	0	0	N	N	N	N	N	N	N	N	N	N	N	N	0.0009	0.0042	0.0000	0.0035	0.0161	0.0000	0.0000	0.0000	0.0001	0.0001	0.0000	0.0006	0.0007	0.0000	0.0000	0.0000	0.0000	0.0809	0.0204	0.1043	0.1638	0.0424	0.2638	0.0460	0.0000	0.0579	0.0000	13.2475	-0.0000	0.0019	1.0886	4.0000	0.0502	3.9994	0.0000	0.0000	0.0000	0.0000	0.0000	0.0000	0.0000	0.0000	0.0000	0.0073	0.0005	0.0068	0.0044	0.0005	0.0038	0.0029	0.0000	0.0029	0.1363	0.1159	0.0204	0.0172	0.0146	0.0026	0.1191	0.1012	0.0178	0.0898	0.0251	0.0648	0.0266	0.0120	0.0146	0.0632	0.0130	0.0502	0.0009	0.0042	0.0000	0.0035	0.0161	0.0000	0.0000	0.0000	0.0000	0.0809	0.0204	0.1043	0.1638	0.0424	0.2638	0.0460	0.0000	0.0579	
11	63	0.0658	3	0	2	0	1	0	0	0	0	N	Y	N	N	N	N	N	N	N	N	N	N	0.0015	0.0001	1.2147	0.6531	0.0000	0.0000	0.0000	0.0001	0.0000	0.0004	0.0004	0.0000	0.0000	0.0000	0.0000	0.0296	0.4861	0.0000	0.0003	0.0007	0.0000	0.0419	3.5058	0.0000	0.0000	0.0000	-0.0000	-0.0023	1.0886	7.0000	0.0502	4.0000	0.0000	0.0000	0.0000	0.0000	0.0000	0.0000	0.0000	0.0000	0.0000	0.0034	0.0034	0.0000	0.0000	0.0000	0.0000	0.0033	0.0033	0.0000	0.2211	0.1893	0.0319	0.0275	0.0235	0.0039	0.1937	0.1657	0.0279	0.1131	0.0322	0.0809	0.0334	0.0154	0.0180	0.0797	0.0168	0.0629	0.0015	0.0005	0.0000	1.2147	0.6531	0.0000	0.0000	0.0000	0.0000	0.0296	0.1040	0.0000	0.0003	0.0007	0.0000	0.0419	0.1983	0.0000			
11	64	0.1724	6	0	1	1	1	0	0	0	0	N	N	N	N	N	N	N	N	N	N	N	N	0.0000	0.0000	0.0000	0.0000	0.0000	0.0000	0.0000	0.0000	0.0000	0.0000	0.0000	0.0000	0.0000	0.0000	0.0000	0.0000	0.0000	0.0000	0.0000	0.0000	1.0886	0.0000	0.0502	0.0000	0.0000	0.0000	0.0000	0.0000	0.0000	0.0000	0.0000	0.0000	0.0000	0.0000	0.0000	0.0000	0.0000	0.0000	0.0000	0.0000	0.0000	0.0000	0.0000	0.0000	0.0000	0.0000	0.0000	0.0000	0.0000	0.0000	0.0000	0.0000	0.0000	0.0000	0.0000	0.0000	0.0000	0.0000	0.0000	0.0000	0.0000	0.0000	0.0000	0.0000	0.0000	0.0000	0.0000	0.0000	0.0000	0.0000	0.0000	0.0000	0.0000	0.0000	0.0000	0.0000	0.0000	0.0000											
11	65	0.1481	5	0	1	1	1	0	0	0	0	N	N	N	N	N	N	N	N	N	N	N	N	0.0000	0.0000	0.0000	0.0000	0.0000	0.0000	0.0000	0.0000	0.0000	0.0000	0.0000	0.0000	0.0000	0.5806	2.6790	0.0000	3.8006	4.9539	0.0000	0.0000	0.0000	0.0000	0.0000	0.0000	-0.0050	1.0886	0.8734	0.0502	1.0002	0.0000	0.0000	0.0000	0.0000	0.0000	0.0000	0.0000	0.0000	0.0000	0.0074	0.0074	0.0000	0.0074	0.0074	0.0000	0.0000	0.0000	0.0000	0.0302	0.0255	0.0048	0.0053	0.0046	0.0007	0.0249	0.0209	0.0040	0.0273	0.0075	0.0198	0.0028	0.0026	0.0002	0.0245	0.0049	0.0196	0.0000	0.0000	0.0000	0.0000	0.0000	0.0000	0.0000	0.0000	0.0000	0.2724	0.9868	0.0000	2.6720	2.8713	0.0000	0.0000	0.0000	0.0000						
11	66	0.1336	4	0	1	0	1	0	0	0	0	N	N	N	N	N	N	N	N	N	N	N	N	0.0017	0.0037	0.0070	0.0044	0.0110	0.0012	0.0009	0.0000	0.0068	0.0000	0.0000	0.0001	0.0000	0.0000	0.0002	0.0000	0.0000	0.0001	0.0134	0.0003	0.0202	0.0086	0.0005	0.2065	0.0217	0.0042	0.0181	24.1908	133.1653	0.0000	0.0001	1.0886	1.0063	0.0502	0.0727	0.0000	0.0000	0.0000	0.0000	0.0000	0.0000	0.0000	0.0000	0.0000	0.0003	0.0000	0.0003	0.0000	0.0000	0.0000	0.0002	0.0000	0.0002	0.0352	0.0297	0.0055	0.0063	0.0055	0.0008	0.0289	0.0242	0.0047	0.0205	0.0070	0.0135	0.0039	0.0037	0.0002	0.0166	0.0033	0.0134	0.0017	0.0037	0.0070	0.0044	0.0110	0.0012	0.0014	0.0000	0.0068	0.0134	0.0003	0.0202	0.0086	0.0005	0.2065	0.0146	0.0000	0.0181
11	67	0.0658	3	0	1	0	1	0	0	0	0	N	N	N	N	N	N	N	N	N	N	N	N	0.0007	0.0061	0.0000	0.0029	0.0250	0.0000	0.0000	0.0000	0.0000	0.0001	0.0001	0.0000	0.0006	0.0007	0.0000	0.0000	0.0000	0.0000	0.1116	0.0152	0.1478	0.2187	0.0294	0.3693	0.0662	0.0750	0.0824	0.0000	25.8110	-0.0000	0.0020	1.0886	4.0009	0.0502	1.0789	0.0000	0.0000	0.0000	0.0000	0.0000	0.0000	0.0000	0.0000	0.0000	0.0070	0.0003	0.0067	0.0041	0.0002	0.0038	0.0029	0.0000	0.0029	0.1363	0.1159	0.0204	0.0172	0.0146	0.0026	0.1191	0.1013	0.0178	0.0624	0.0170	0.0453	0.0186	0.0082	0.0103	0.0438	0.0088	0.0350	0.0007	0.0061	0.0000	0.0029	0.0250	0.0000	0.0000	0.0000	0.0000	0.1116	0.0152	0.1478	0.2187	0.0294	0.3693	0.0662	0.0020	0.0824
11	68	0.0658	3	0	2	0	1	0	0	0	0	N	Y	N	N	N	N	N	N	N	N	N	N	0.0000	0.0000	0.0000	0.0000	0.0000	0.0000	0.0000	0.0000	0.0000	0.0000	0.0000	0.0000	0.0000	0.0000	0.0000	0.0000	0.0000	0.2346	0.0163	0.3199	0.2588	0.0341	0.4461	0.3890	0.0000	0.2834	50.1471	0.0000	0.0071	1.0886	5.0000	0.0502	3.9994	0.0000	0.0000	0.0000	0.0000	0.0000	0.0000	0.0000	0.0000	0.0000	0.0230	0.0004	0.0226	0.0075	0.0004	0.0071	0.0155	0.0000	0.0155	0.1660	0.1415	0.0245	0.0208	0.0178	0.0031	0.1452	0.1237	0.0215	0.0981	0.0276	0.0705	0.0290	0.0132	0.0158	0.0691	0.0144	0.0547	0.0000	0.0000	0.0000	0.0000	0.0000	0.0000	0.0000	0.0000	0.0000	0.2346	0.0163	0.3199	0.2588	0.0341	0.4461	0.2245	0.0000	0.2834		
11	69	0.0658	3	1	1	1	1	0	0	0	0	N	N	N	N	N	N	N	N	N	N	N	N	0.0386	1.4499	0.0000	0.1602	5.5747	0.0000	0.0000	0.0000	0.0025	0.0029	0.0000	0.0200	0.0234	0.0000	0.0000	0.0000	0.0000	0.0644	0.0020	0.0890	0.1250	0.0042	0.2270	0.0390	0.0000	0.0493	0.0000	112.6036	-0.0002	0.0022	1.0886	7.0000	0.0502	2.9994	0.0006	0.0006	0.0000	0.0006	0.0006	0.0000	0.0000	0.0000	0.0000	0.0068	0.0001	0.0068	0.0039	0.0001	0.0038	0.0029	0.0000	0.0029	0.2211	0.1893	0.0319	0.0275	0.0235	0.0039	0.1937	0.1657	0.0279	0.1058	0.0299	0.0759	0.0313	0.0143	0.0170	0.0746	0.0156	0.0589	0.0386	1.4499	0.0000	0.1602	5.5747	0.0000	0.0000	0.0000	0.0000	0.0644	0.0020	0.0890	0.1250	0.0042	0.2270	0.0390	0.0000	0.0493	
11	70	0.0658	3	0	2	0	2	0	0	0	0	N	Y	N	Y	N	N	N	N	N	N	N	N	0.0000	0.0000	0.0000	0.0000	0.0000	0.0000	0.0000	0.0000	0.0000	0.0000	0.0000	0.0000	0.0000	0.0003	0.0012	0.0000	0.0012	0.0026	0.0000	0.0000	0.0000	0.0000	0.0000	0.0000	-0.0000	1.0886	4.0000	0.0502	5.0006	0.0000	0.0000	0.0000	0.0000	0.0000	0.0000	0.0000	0.0000	0.0000	0.0000	0.0000	0.0000	0.0000	0.0000	0.0000	0.0000	0.0000	0.0000	0.1363	0.1159	0.0204	0.0172	0.0146	0.0026	0.1191	0.1012	0.0178	0.0981	0.0276	0.0706	0.0290	0.0132	0.0158	0.0691	0.0144	0.0547	0.0000	0.0000	0.0000	0.0000	0.0000	0.0000	0.0000	0.0000	0.0000	0.0003	0.0012	0.0000	0.0012	0.0026	0.0000	0.0000	0.0000	0.0000						
11	71	0.0658	3	0	2	0	1	0	0	0	0	N	Y	N	N	N	N	N	N	N	N	N	N	0.0002	0.0363	0.0000	0.0018	0.1391	0.0000	0.0000	0.0000	0.0000	0.0001	0.0000	0.0004	0.0004	0.0000	0.0000	0.0000	0.0000	0.1887	0.0015	0.2640	0.2013	0.0031	0.3726	0.1835	0.0000	0.2331	0.0000	451.3243	-0.0000	0.0074	1.0886	7.0000	0.0502	4.9994	0.0000	0.0000	0.0000	0.0000	0.0000	0.0000	0.0000	0.0000	0.0000	0.0226	0.0001	0.0226	0.0071	0.0001	0.0071	0.0155	0.0000	0.0155	0.2211	0.1893	0.0319	0.0275	0.0235	0.0039	0.1937	0.1657	0.0279	0.1198	0.0344	0.0855	0.0353	0.0164	0.0189	0.0845	0.0180	0.0665	0.0002	0.0363	0.0000	0.0018	0.1391	0.0000	0.0000	0.0000	0.0000	0.1887	0.0015	0.2640	0.2013	0.0031	0.3726	0.1835	0.0000	0.2331	
11	72	0.1223	4	0	2	0	1	0	0	0	0	N	Y	N	N	N	N	N	N	N	N	N	N	1.9501	1.1727	0.0005	7.4106	5.5867	0.0138	0.0025	0.0000	0.0002	0.0024	0.0028	0.0000	0.0115	0.0129	0.0000	0.0000	0.0000	0.0000	0.0012	0.0024	0.0003	0.0016	0.0023	0.0000	0.0009	0.1299	0.0004	0.0000	0.1298	-0.0001	-0.0000	1.0886	4.7764	0.0502	1.3205	0.0004	0.0004	0.0000	0.0004	0.0004	0.0000	0.0000	0.0000	0.0000	0.0001	0.0001	0.0000	0.0001	0.0001	0.0000	0.0000	0.0000	0.0000	0.1559	0.1337	0.0222	0.0327	0.0291	0.0036	0.1232	0.1045	0.0187	0.0652	0.0297	0.0354	0.0364	0.0243	0.0121	0.0287	0.0054	0.0233	1.9501	1.1727	0.0005	7.4106	5.5867	0.0138	0.0028	0.0010	0.0002	0.0012	0.0024	0.0003	0.0016	0.0023	0.0000	0.0008	0.0028	0.0004
11	73	0.0658	3	0	2	0	1	0	0	0	0	N	Y	N	N	N	N	N	N	N	N	N	N	0.0085	0.0029	0.0000	0.0217	0.0116	0.0000	0.0000	0.0000	0.0000	0.0001	0.0001	0.0000	0.0005	0.0006	0.0000	0.0000	0.0000	0.0000	0.0081	0.0275	0.0007	0.0251	0.0555	0.0007	0.0014	0.0610	0.0007	0.0000	0.0686	-0.0000	-0.0004	1.0886	3.3049	0.0502	2.7470	0.0000	0.0000	0.0000	0.0000	0.0000	0.0000	0.0000	0.0000	0.0000	0.0006	0.0005	0.0000	0.0005	0.0005	0.0000	0.0000	0.0000	0.0000	0.1146	0.0973	0.0173	0.0145	0.0123	0.0022	0.1001	0.0850	0.0151	0.0721	0.0198	0.0523	0.0214	0.0095	0.0119	0.0507	0.0103	0.0404	0.0085	0.0029	0.0000	0.0217	0.0116	0.0000	0.0000	0.0000	0.0000	0.0081	0.0275	0.0007	0.0251	0.0555	0.0007	0.0009	0.0016	0.0007
11	74	0.1245	4	0	2	0	1	0	0	0	0	N	Y	N	N	N	N	N	N	N	N	N	N	0.0000	0.0000	0.0000	0.0000	0.0000	0.0000	0.0000	0.0000	0.0000	0.0000	0.0000	0.0000	0.0000	0.0000	0.0000	0.0000	0.0000	0.0000	0.0000	0.0000	1.0886	0.0000	0.0502	0.0000	0.0000	0.0000	0.0000	0.0000	0.0000	0.0000	0.0000	0.0000	0.0000	0.0000	0.0000	0.0000	0.0000	0.0000	0.0000	0.0000	0.0000	0.0000	0.0000	0.0000	0.0000	0.0000	0.0000	0.0000	0.0000	0.0000	0.0000	0.0000	0.0000	0.0000	0.0000	0.0000	0.0000	0.0000	0.0000	0.0000	0.0000	0.0000	0.0000	0.0000	0.0000	0.0000	0.0000	0.0000	0.0000	0.0000	0.0000	0.0000	0.0000	0.0000	0.0000	0.0000	0.0000	0.0000											
11	75	0.0658	3	0	2	0	1	0	0	0	0	N	Y	N	N	N	N	N	N	N	N	N	N	0.0005	0.0001	0.0016	0.0038	0.0631	0.0000	0.0001	0.0000	0.0018	0.0001	0.0001	0.0005	0.0005	0.0006	0.0000	0.0001	0.0000	0.0005	0.2749	0.8446	0.2783	0.1423	0.0101	0.2496	0.6099	3.6198	0.2867	0.9986	4.5892	0.0000	0.0029	1.0886	4.3567	0.0502	2.3689	0.0000	0.0000	0.0000	0.0000	0.0000	0.0000	0.0000	0.0000	0.0000	0.0193	0.0034	0.0158	0.0033	0.0001	0.0032	0.0159	0.0033	0.0126	0.1471	0.1251	0.0219	0.0185	0.0158	0.0028	0.1285	0.1094	0.0191	0.0785	0.0217	0.0568	0.0233	0.0104	0.0129	0.0552	0.0113	0.0440	0.0006	0.0005	0.0016	0.0038	0.0631	0.0000	0.0003	0.0000	0.0018	0.2453	0.1588	0.2783	0.1423	0.0101	0.2496	0.2887	0.2965	0.2867
11	76	0.1332	6	1	2	0	2	0	0	0	0	N	Y	N	Y	N	N	N	N	N	N	N	N	0.0000	0.0000	0.0000	0.0000	0.0000	0.0000	0.0000	0.0000	0.0000	0.0000	0.0000	0.0000	0.0000	0.0000	0.0000	0.0000	0.0000	0.0000	0.0000	0.0000	1.0886	0.0000	0.0502	0.0000	0.0000	0.0000	0.0000	0.0000	0.0000	0.0000	0.0000	0.0000	0.0000	0.0000	0.0000	0.0000	0.0000	0.0000	0.0000	0.0000	0.0000	0.0000	0.0000	0.0000	0.0000	0.0000	0.0000	0.0000	0.0000	0.0000	0.0000	0.0000	0.0000	0.0000	0.0000	0.0000	0.0000	0.0000	0.0000	0.0000	0.0000	0.0000	0.0000	0.0000	0.0000	0.0000	0.0000	0.0000	0.0000	0.0000	0.0000	0.0000	0.0000	0.0000	0.0000	0.0000	0.0000	0.0000											
11	77	0.1248	5	1	2	0	2	0	0	0	0	N	Y	N	Y	N	N	N	N	N	N	N	N	0.0000	0.0000	0.0000	0.0000	0.0000	0.0000	0.0000	0.0000	0.0000	0.0000	0.0000	0.0000	0.0000	0.0000	0.0000	0.0000	0.0000	0.0000	0.0000	0.0000	0.0000	0.0000	0.0005	0.0000	0.0000	0.0000	196.9167	0.0000	0.0000	1.0886	1.0073	0.0502	0.3366	0.0000	0.0000	0.0000	0.0000	0.0000	0.0000	0.0000	0.0000	0.0000	0.0000	0.0000	0.0000	0.0000	0.0000	0.0000	0.0000	0.0000	0.0000	0.0342	0.0291	0.0052	0.0034	0.0031	0.0003	0.0308	0.0260	0.0049	0.0109	0.0047	0.0062	0.0026	0.0025	0.0002	0.0083	0.0023	0.0060	0.0000	0.0000	0.0000	0.0000	0.0000	0.0000	0.0000	0.0000	0.0000	0.0000	0.0000	0.0000	0.0000	0.0000	0.0005	0.0000	0.0000	0.0000		
11	78	0.1506	5	0	2	0	2	0	0	0	0	N	Y	N	Y	N	N	N	N	N	N	N	N	0.0000	0.0000	0.0000	0.0000	0.0000	0.0000	0.0000	0.0000	0.0000	0.0000	0.0000	0.0000	0.0000	0.0000	0.0000	0.0000	0.0000	0.0000	0.0000	0.0000	1.0886	0.0000	0.0502	0.0000	0.0000	0.0000	0.0000	0.0000	0.0000	0.0000	0.0000	0.0000	0.0000	0.0000	0.0000	0.0000	0.0000	0.0000	0.0000	0.0000	0.0000	0.0000	0.0000	0.0000	0.0000	0.0000	0.0000	0.0000	0.0000	0.0000	0.0000	0.0000	0.0000	0.0000	0.0000	0.0000	0.0000	0.0000	0.0000	0.0000	0.0000	0.0000	0.0000	0.0000	0.0000	0.0000	0.0000	0.0000	0.0000	0.0000	0.0000	0.0000	0.0000	0.0000	0.0000	0.0000	0.0000	0.0000											
11	79	0.1424	4	0	2	0	2	0	0	0	0	N	Y	N	Y	N	N	N	N	N	N	N	N	0.0000	0.0000	0.0000	0.0000	0.0000	0.0000	0.0000	0.0000	0.0000	0.0000	0.0000	0.0000	0.0000	0.0000	0.0000	0.0000	0.0000	0.0000	0.0000	0.0000	1.0886	0.0000	0.0502	1.0000	0.0000	0.0000	0.0000	0.0000	0.0000	0.0000	0.0000	0.0000	0.0000	0.0000	0.0000	0.0000	0.0000	0.0000	0.0000	0.0000	0.0000	0.0000	0.0000	0.0000	0.0000	0.0000	0.0000	0.0000	0.0000	0.0000	0.0000	0.0131	0.0052	0.0080	0.0021	0.0020	0.0001	0.0110	0.0032	0.0079	0.0000	0.0000	0.0000	0.0000	0.0000	0.0000	0.0000	0.0000	0.0000	0.0000	0.0000	0.0000	0.0000	0.0000	0.0000	0.0000	0.0000	0.0000											
11	80	0.1248	5	0	2	0	1	0	0	0	0	N	Y	N	N	N	N	N	N	N	N	N	N	0.0000	0.0000	0.0000	0.0000	0.0000	0.0000	0.0000	0.0000	0.0000	0.0000	0.0000	0.0000	0.0000	0.0000	0.0000	0.0000	0.0000	0.0000	0.0000	0.0000	0.0000	0.0000	0.0001	0.0000	0.0000	0.0000	197.0000	0.0000	0.0000	1.0886	3.9927	0.0502	1.0002	0.0000	0.0000	0.0000	0.0000	0.0000	0.0000	0.0000	0.0000	0.0000	0.0000	0.0000	0.0000	0.0000	0.0000	0.0000	0.0000	0.0000	0.0000	0.1256	0.1074	0.0182	0.0127	0.0117	0.0010	0.1129	0.0957	0.0171	0.0353	0.0153	0.0200	0.0081	0.0075	0.0006	0.0272	0.0078	0.0195	0.0000	0.0000	0.0000	0.0000	0.0000	0.0000	0.0000	0.0000	0.0000	0.0000	0.0000	0.0000	0.0000	0.0000	0.0001	0.0000	0.0000	0.0000		
11	81	0.1202	4	0	2	0	1	0	0	0	0	N	Y	N	N	N	N	N	N	N	N	N	N	0.0000	0.0000	0.0000	0.0000	0.0000	0.0000	0.0000	0.0000	0.0000	0.0000	0.0000	0.0000	0.0000	0.0000	0.0000	0.0000	0.0000	0.0001	0.0000	0.0002	0.0002	0.0000	0.0000	0.0000	0.0000	0.0051	0.0000	-0.0000	1.0886	0.0110	0.0502	0.6549	0.0000	0.0000	0.0000	0.0000	0.0000	0.0000	0.0000	0.0000	0.0000	0.0000	0.0000	0.0000	0.0000	0.0000	0.0000	0.0000	0.0000	0.0000	0.0004	0.0003	0.0001	0.0000	0.0000	0.0000	0.0003	0.0003	0.0001	0.0051	0.0022	0.0029	0.0011	0.0011	0.0001	0.0040	0.0011	0.0029	0.0000	0.0000	0.0000	0.0000	0.0000	0.0000	0.0000	0.0000	0.0000	0.0000	0.0001	0.0000	0.0002	0.0002	0.0000	0.0000	0.0000	0.0000			
11	82	0.1424	4	0	1	1	2	0	0	0	0	N	N	N	Y	N	N	N	N	N	N	N	N	0.0000	0.0000	0.0000	0.0000	0.0000	0.0000	0.0000	0.0000	0.0000	0.0000	0.0000	0.0000	0.0000	0.0000	0.0000	0.0000	0.0000	0.0000	0.0000	0.0000	1.0886	1.0000	0.0502	0.0000	0.0000	0.0000	0.0000	0.0000	0.0000	0.0000	0.0000	0.0000	0.0000	0.0000	0.0000	0.0000	0.0000	0.0000	0.0000	0.0000	0.0000	0.0000	0.0339	0.0287	0.0051	0.0017	0.0016	0.0001	0.0321	0.0271	0.0050	0.0131	0.0052	0.0080	0.0021	0.0020	0.0001	0.0110	0.0032	0.0079	0.0000	0.0000	0.0000	0.0000	0.0000	0.0000	0.0000	0.0000	0.0000	0.0000	0.0000	0.0000	0.0000	0.0000	0.0000	0.0000	0.0000	0.0000											
11	83	0.1424	4	0	1	1	2	0	0	0	0	N	N	N	Y	N	N	N	N	N	N	N	N	0.0000	0.0000	0.0000	0.0000	0.0000	0.0000	0.0000	0.0000	0.0000	0.0000	0.0000	0.0000	0.0000	0.0000	0.0000	0.0000	0.0000	0.0000	0.0000	0.0000	1.0886	0.0000	0.0502	0.0000	0.0000	0.0000	0.0000	0.0000	0.0000	0.0000	0.0000	0.0000	0.0000	0.0000	0.0000	0.0000	0.0000	0.0000	0.0000	0.0000	0.0000	0.0000	0.0000	0.0000	0.0000	0.0000	0.0000	0.0000	0.0000	0.0000	0.0000	0.0000	0.0000	0.0000	0.0000	0.0000	0.0000	0.0000	0.0000	0.0000	0.0000	0.0000	0.0000	0.0000	0.0000	0.0000	0.0000	0.0000	0.0000	0.0000	0.0000	0.0000	0.0000	0.0000	0.0000	0.0000	0.0000	0.0000											
11	84	0.0658	3	0	1	0	2	0	0	0	0	N	N	N	Y	N	N	N	N	N	N	N	N	0.0000	0.0000	0.0000	0.0000	0.0000	0.0000	0.0000	0.0000	0.0000	0.0000	0.0000	0.0000	0.0000	0.0000	0.0000	0.0000	0.0000	0.0695	0.0022	0.0958	0.1347	0.0045	0.2432	0.0421	0.0000	0.0531	112.6036	0.0000	0.0022	1.0886	3.0000	0.0502	5.9994	0.0000	0.0000	0.0000	0.0000	0.0000	0.0000	0.0000	0.0000	0.0000	0.0068	0.0001	0.0068	0.0039	0.0001	0.0038	0.0029	0.0000	0.0029	0.1049	0.0890	0.0159	0.0133	0.0113	0.0020	0.0916	0.0777	0.0139	0.0981	0.0276	0.0705	0.0290	0.0132	0.0158	0.0691	0.0144	0.0547	0.0000	0.0000	0.0000	0.0000	0.0000	0.0000	0.0000	0.0000	0.0000	0.0695	0.0022	0.0958	0.1347	0.0045	0.2432	0.0421	0.0000	0.0531		
11	85	0.2033	4	1	2	0	1	0	0	0	0	N	Y	N	N	N	N	N	N	N	N	N	N	0.0000	0.0000	0.0000	0.0000	0.0000	0.0000	0.0000	0.0000	0.0000	0.0000	0.0000	0.0000	0.0000	0.0000	0.0000	0.0242	0.0000	0.0539	0.0030	0.0000	0.0384	0.0455	0.0000	0.0553	inf	0.0000	0.0000	1.0886	0.0000	0.0502	0.0000	0.0000	0.0000	0.0000	0.0000	0.0000	0.0000	0.0000	0.0000	0.0000	0.0000	0.0000	0.0000	0.0000	0.0000	0.0000	0.0000	0.0000	0.0000	0.0000	0.0000	0.0000	0.0000	0.0000	0.0000	0.0000	0.0000	0.0000	0.0000	0.0000	0.0000	0.0000	0.0000	0.0000	0.0000	0.0000	0.0000	0.0000	0.0000	0.0000	0.0000	0.0000	0.0000	0.0000	0.0000	0.0000	0.0242	0.0000	0.0539	0.0030	0.0000	0.0384	0.0455	0.0000	0.0553				
11	86	0.0658	3	1	2	0	1	0	0	0	0	N	Y	N	N	N	N	N	N	N	N	N	N	96.1664	6.5155	0.0000	0.0000	inf	inf	6.0213	7.0657	0.0000	0.0000	0.0000	0.0000	6.8859	8.0802	0.0000	0.0626	1.0844	0.0000	0.2125	0.4586	0.0000	0.0000	0.0000	0.0000	0.0000	0.0000	-0.3853	-0.0050	1.0886	5.0000	0.0502	7.0006	0.9996	0.9996	0.0000	0.0000	0.0000	0.0000	0.9996	0.9996	0.0000	0.0075	0.0075	0.0000	0.0075	0.0075	0.0000	0.0000	0.0000	0.0000	0.1660	0.1415	0.0245	0.0208	0.0178	0.0031	0.1452	0.1237	0.0215	0.1198	0.0344	0.0855	0.0353	0.0164	0.0189	0.0845	0.0180	0.0665	96.1664	32.3675	0.0000	0.0000	0.0000	0.0000	inf	inf	0.0000	0.0626	0.2183	0.0000	0.2125	0.4586	0.0000	0.0000	0.0000	0.0000			
11	87	0.0658	3	0	2	0	1	0	0	0	0	N	Y	N	N	N	N	N	N	N	N	N	N	0.0000	0.0000	0.0000	0.0000	0.0000	0.0000	0.0000	0.0000	0.0000	0.0000	0.0000	0.0000	0.0000	0.0013	0.0046	0.0000	0.0042	0.0096	0.0000	0.0000	0.0000	0.0000	0.0000	0.0000	-0.0000	1.0886	1.0000	0.0502	3.0006	0.0000	0.0000	0.0000	0.0000	0.0000	0.0000	0.0000	0.0000	0.0000	0.0001	0.0001	0.0000	0.0001	0.0001	0.0000	0.0000	0.0000	0.0000	0.0369	0.0312	0.0058	0.0047	0.0040	0.0007	0.0322	0.0272	0.0050	0.0508	0.0138	0.0370	0.0151	0.0067	0.0085	0.0357	0.0071	0.0286	0.0000	0.0000	0.0000	0.0000	0.0000	0.0000	0.0000	0.0000	0.0000	0.0013	0.0046	0.0000	0.0042	0.0096	0.0000	0.0000	0.0000	0.0000						
11	88	0.1202	4	1	2	0	1	0	0	0	0	N	Y	N	N	N	N	N	N	N	N	N	N	0.0000	0.0000	0.0000	0.0000	0.0000	0.0000	0.0000	0.0000	0.0000	0.0000	0.0000	0.0000	0.0000	0.0000	0.0000	0.0000	0.0000	0.0000	0.0000	0.0000	1.0886	0.0000	0.0502	0.0000	0.0000	0.0000	0.0000	0.0000	0.0000	0.0000	0.0000	0.0000	0.0000	0.0000	0.0000	0.0000	0.0000	0.0000	0.0000	0.0000	0.0000	0.0000	0.0000	0.0000	0.0000	0.0000	0.0000	0.0000	0.0000	0.0000	0.0000	0.0000	0.0000	0.0000	0.0000	0.0000	0.0000	0.0000	0.0000	0.0000	0.0000	0.0000	0.0000	0.0000	0.0000	0.0000	0.0000	0.0000	0.0000	0.0000	0.0000	0.0000	0.0000	0.0000	0.0000	0.0000	0.0000	0.0000											
11	89	0.0658	3	0	2	0	1	0	0	0	0	N	Y	N	N	N	N	N	N	N	N	N	N	0.0000	0.0000	0.0000	0.0000	0.0000	0.0000	0.0000	0.0000	0.0000	0.0000	0.0000	0.0000	0.0000	0.0007	0.0024	0.0000	0.0023	0.0050	0.0000	0.0000	0.0000	0.0000	0.0000	0.0000	-0.0000	1.0886	4.0000	0.0502	4.0001	0.0000	0.0000	0.0000	0.0000	0.0000	0.0000	0.0000	0.0000	0.0000	0.0001	0.0001	0.0000	0.0001	0.0001	0.0000	0.0000	0.0000	0.0000	0.1363	0.1159	0.0204	0.0172	0.0146	0.0026	0.1191	0.1012	0.0178	0.0899	0.0251	0.0648	0.0266	0.0120	0.0146	0.0632	0.0130	0.0502	0.0000	0.0000	0.0000	0.0000	0.0000	0.0000	0.0000	0.0000	0.0000	0.0007	0.0024	0.0000	0.0023	0.0050	0.0000	0.0000	0.0000	0.0000						
11	91	0.2113	5	0	1	0	1	0	0	0	0	N	N	N	N	N	N	N	N	N	N	N	N	0.1530	0.0847	0.0003	0.4554	0.3705	0.0011	0.0016	0.0000	0.0001	0.0015	0.0017	0.0000	0.0065	0.0071	0.0000	0.0000	0.0000	0.0000	0.0097	0.0201	0.0036	0.0142	0.0192	0.0063	0.0138	1.0725	0.0028	0.0001	0.3067	-0.0002	-0.0007	1.0886	11.5137	0.0502	4.9035	0.0006	0.0006	0.0000	0.0005	0.0005	0.0000	0.0000	0.0000	0.0000	0.0016	0.0012	0.0004	0.0009	0.0007	0.0001	0.0007	0.0005	0.0002	0.3712	0.3241	0.0471	0.0845	0.0769	0.0076	0.2867	0.2472	0.0395	0.1634	0.0604	0.1030	0.0611	0.0375	0.0236	0.1023	0.0229	0.0794	0.1530	0.0847	0.0003	0.4554	0.3705	0.0011	0.0031	0.0012	0.0001	0.0097	0.0201	0.0036	0.0142	0.0192	0.0063	0.0071	0.0217	0.0028
12	13	0.1982	3	0	2	0	1	0	0	0	0	N	Y	N	N	N	N	N	N	N	N	N	N	0.0000	0.0000	0.0000	0.0000	0.0000	0.0000	0.0000	0.0000	0.0000	0.0000	0.0000	0.0000	0.0000	0.0000	0.0000	0.0000	0.0000	0.0000	0.0000	0.0000	6.0000	0.0000	3.0006	0.0000	0.0000	0.0000	0.0000	0.0000	0.0000	0.0000	0.0000	0.0000	0.0000	0.0000	0.0000	0.0000	0.0000	0.0000	0.0000	0.0000	0.0000	0.0000	0.0000	0.0000	0.0000	0.0000	0.0000	0.0000	0.0000	0.0000	0.0000	0.0000	0.0000	0.0000	0.0000	0.0000	0.0000	0.0000	0.0000	0.0000	0.0000	0.0000	0.0000	0.0000	0.0000	0.0000	0.0000	0.0000	0.0000	0.0000	0.0000	0.0000	0.0000	0.0000	0.0000	0.0000	0.0000	0.0000											
12	14	0.1512	2	1	2	0	0	0	0	0	0	N	Y	N	N	N	N	N	N	N	N	N	N	5.0581	1.4460	0.0000	0.0077	0.0080	0.0000	521325.0901	inf	0.0000	0.0356	0.0421	0.0000	0.0036	0.0038	0.0000	0.0395	0.0474	0.0000	0.0070	0.0291	0.0000	0.4666	0.4764	0.0146	0.0000	0.0000	0.0000	0.0000	0.0007	-0.0069	-0.0011	6.0000	3.0234	3.0006	1.0170	0.0180	0.0180	0.0000	0.0002	0.0002	0.0000	0.0178	0.0178	0.0000	0.0016	0.0016	0.0000	0.0016	0.0016	0.0000	0.0000	0.0000	0.0000	0.5050	0.4268	0.0782	0.0559	0.0523	0.0036	0.4491	0.3745	0.0746	0.2249	0.0543	0.1706	0.0034	0.0033	0.0001	0.2215	0.0510	0.1705	5.0581	1.4460	0.0000	0.0077	0.0080	0.0000	521325.0901	inf	0.0000	0.0070	0.0291	0.0000	0.4666	0.4764	0.0146	0.0000	0.0000	0.0000
12	16	0.1702	3	0	1	0	1	0	0	0	0	N	N	N	N	N	N	N	N	N	N	N	N	0.0155	0.0045	0.0328	0.0150	0.0000	0.0000	0.0000	0.0002	0.0002	0.0000	0.0000	0.0000	0.0000	0.0013	0.0053	0.0000	0.0052	0.0134	0.0000	0.0000	0.0000	0.0000	0.0000	0.0000	-0.0000	-0.0003	6.0000	2.9121	3.0006	3.0117	0.0000	0.0000	0.0000	0.0000	0.0000	0.0000	0.0000	0.0000	0.0000	0.0005	0.0005	0.0000	0.0005	0.0005	0.0000	0.0000	0.0000	0.0000	0.4903	0.4198	0.0705	0.0584	0.0497	0.0087	0.4319	0.3701	0.0618	0.3912	0.0973	0.2939	0.0984	0.0384	0.0600	0.2928	0.0589	0.2339	0.0155	0.0045	0.0000	0.0328	0.0150	0.0000	0.0000	0.0000	0.0000	0.0013	0.0053	0.0000	0.0052	0.0134	0.0000	0.0000	0.0000	0.0000					
12	17	0.1456	2	0	1	0	1	0	0	0	0	N	N	N	N	N	N	N	N	N	N	N	N	3.1495	1.8037	0.9028	0.6351	0.6034	0.0000	4.7128	13.5535	0.9717	0.0183	0.0209	0.0021	0.0125	0.0139	0.0000	0.0194	0.0224	0.0024	0.0058	0.0116	0.0023	0.0196	0.0230	0.0000	0.0041	0.0017	0.0024	0.0161	0.3288	-0.0002	-0.0009	6.0000	0.1693	3.0006	3.5362	0.0006	0.0006	0.0000	0.0001	0.0001	0.0000	0.0006	0.0005	0.0000	0.0021	0.0016	0.0005	0.0016	0.0016	0.0000	0.0005	0.0000	0.0005	0.0344	0.0296	0.0048	0.0056	0.0050	0.0006	0.0288	0.0246	0.0042	0.3543	0.1335	0.2208	0.0789	0.0673	0.0116	0.2754	0.0662	0.2092	3.1495	1.8037	0.9028	0.6351	0.6034	0.0000	10.5072	13933.9564	0.9717	0.0058	0.0116	0.0023	0.0196	0.0230	0.0000	0.0019	0.0000	0.0024
12	19	0.1812	2	0	2	0	0	0	0	0	0	N	Y	N	N	N	N	N	N	N	N	N	N	0.0219	0.0054	0.1039	0.0358	inf	inf	0.0002	0.0002	0.0000	0.0037	0.0039	0.0000	0.0000	0.0000	0.0000	0.0087	0.0419	0.0000	0.0354	0.1080	0.0000	0.0000	0.0000	0.0000	0.0000	0.0000	-0.0000	-0.0015	6.0000	2.0070	3.0006	1.9996	0.0001	0.0001	0.0000	0.0001	0.0001	0.0000	0.0000	0.0000	0.0000	0.0023	0.0023	0.0000	0.0023	0.0023	0.0000	0.0000	0.0000	0.0000	0.3158	0.2635	0.0523	0.0136	0.0129	0.0007	0.3022	0.2506	0.0516	0.2655	0.0551	0.2105	0.0652	0.0213	0.0439	0.2004	0.0337	0.1666	0.0219	0.0054	0.0000	0.1039	0.0358	0.0000	inf	inf	0.0000	0.0087	0.0419	0.0000	0.0354	0.1080	0.0000	0.0000	0.0000	0.0000			
12	21	0.1700	2	1	2	0	0	0	0	0	0	N	Y	N	N	N	N	N	N	N	N	N	N	0.0570	inf	0.0202	14961.5758	inf	0.1607	0.0028	0.0156	0.1121	0.1215	0.0521	0.4655	0.4846	0.0193	0.0088	0.0000	0.0545	1.9685	0.0000	2.5788	0.0000	0.0000	0.1200	3.1846	0.0000	3.5027	0.0665	inf	-0.0081	0.0986	6.0000	0.9600	3.0006	1.3160	0.0250	0.0235	0.0016	0.0235	0.0235	0.0000	0.0015	0.0000	0.0015	0.3008	0.0000	0.3008	0.0000	0.0000	0.0000	0.3008	0.0000	0.3008	0.2230	0.1931	0.0300	0.0505	0.0484	0.0021	0.1725	0.1447	0.0279	0.2074	0.0908	0.1167	0.0749	0.0749	0.0000	0.1325	0.0159	0.1166	0.0773	inf	0.0202	14961.5758	inf	0.1607	0.0039	0.0000	0.0211	1.4503	0.0000	2.5788	0.0000	0.0000	0.1200	2.2696	0.0000	2.5792	
12	22	0.1958	3	0	2	0	0	0	0	0	0	N	Y	N	N	N	N	N	N	N	N	N	N	0.0000	0.0000	0.0000	0.0000	0.0000	0.0000	0.0000	0.0000	0.0000	0.0000	0.0000	0.0000	0.0000	0.0000	0.0000	0.0000	0.0000	0.0000	0.0000	0.0000	6.0000	0.0000	3.0006	0.0000	0.0000	0.0000	0.0000	0.0000	0.0000	0.0000	0.0000	0.0000	0.0000	0.0000	0.0000	0.0000	0.0000	0.0000	0.0000	0.0000	0.0000	0.0000	0.0000	0.0000	0.0000	0.0000	0.0000	0.0000	0.0000	0.0000	0.0000	0.0000	0.0000	0.0000	0.0000	0.0000	0.0000	0.0000	0.0000	0.0000	0.0000	0.0000	0.0000	0.0000	0.0000	0.0000	0.0000	0.0000	0.0000	0.0000	0.0000	0.0000	0.0000	0.0000	0.0000	0.0000	0.0000	0.0000											
12	25	0.1604	2	0	2	1	1	0	0	0	0	N	Y	N	N	N	N	N	N	N	N	N	N	1.4108	0.5626	0.0000	1.1302	1.1985	0.0000	0.0000	0.0000	0.0126	0.0146	0.0000	0.0599	0.0665	0.0000	0.0000	0.0000	0.0000	0.0089	0.0260	0.0000	0.0530	0.0555	0.0007	0.0000	0.0000	0.0000	0.0000	0.0006	-0.0009	-0.0011	6.0000	0.8908	3.0006	1.0730	0.0023	0.0023	0.0000	0.0023	0.0023	0.0000	0.0000	0.0000	0.0000	0.0016	0.0016	0.0000	0.0016	0.0016	0.0000	0.0000	0.0000	0.0000	0.1803	0.1555	0.0249	0.0379	0.0341	0.0038	0.1424	0.1213	0.0211	0.1760	0.0605	0.1156	0.0296	0.0283	0.0013	0.1464	0.0322	0.1142	1.4108	0.5626	0.0000	1.1302	1.1985	0.0000	0.0000	0.0000	0.0000	0.0089	0.0260	0.0000	0.0530	0.0555	0.0007	0.0000	0.0000	0.0000	
12	28	0.1891	2	1	2	0	0	0	0	0	0	N	Y	N	N	N	N	N	N	N	N	N	N	0.0042	0.0054	0.0896	0.2061	0.0081	inf	0.0047	0.0536	0.0049	0.0001	0.0513	0.0041	0.0003	0.0815	0.0054	0.0000	0.0443	1.1742	0.0212	0.5726	0.0200	0.0362	0.0000	1.1356	0.0000	0.8262	46.2000	41.8630	0.0014	0.0286	6.0000	2.9919	3.0006	1.1331	0.0024	0.0000	0.0023	0.0007	0.0000	0.0007	0.0016	0.0000	0.0016	0.0939	0.0022	0.0917	0.0022	0.0022	0.0000	0.0917	0.0000	0.0917	0.4809	0.4359	0.0450	0.1797	0.1712	0.0085	0.3012	0.2646	0.0366	0.2633	0.1032	0.1601	0.1096	0.0605	0.0491	0.1536	0.0427	0.1110	0.0138	0.0054	0.0896	0.2061	0.0081	inf	0.0090	0.0000	0.0536	0.3566	0.0212	0.5726	0.0200	0.0362	0.0000	0.5967	0.0000	0.8262	
12	30	0.1265	2	0	2	0	1	0	0	0	0	N	Y	N	N	N	N	N	N	N	N	N	N	inf	inf	inf	inf	1.4483	1.6698	0.0000	6.5544	7.2588	0.0000	0.0000	0.0000	0.0000	0.0000	0.0000	0.0000	0.0000	0.0000	0.0000	0.0000	0.0000	0.0000	0.0000	-0.3730	0.0000	6.0000	3.9676	3.0006	1.0007	0.9676	0.9676	0.0000	0.9676	0.9676	0.0000	0.0000	0.0000	0.0000	0.0000	0.0000	0.0000	0.0000	0.0000	0.0000	0.0000	0.0000	0.0000	0.6681	0.5795	0.0886	0.1476	0.1333	0.0143	0.5205	0.4462	0.0743	0.2602	0.0642	0.1960	0.0108	0.0101	0.0007	0.2494	0.0541	0.1953	inf	inf	0.0000	inf	inf	0.0000	0.0000	0.0000	0.0000	0.0000	0.0000	0.0000	0.0000	0.0000	0.0000	0.0000	0.0000	0.0000						
12	32	0.1555	2	0	1	1	0	0	0	0	0	N	N	N	N	N	N	N	N	N	N	N	N	645.1561	185.1413	0.0000	78.7330	75.2172	0.0000	1.3311	1.7505	0.0000	3.1883	3.2306	0.0000	0.0000	0.0000	0.0000	0.0021	0.0095	0.0000	0.0405	0.0430	0.0004	0.0000	0.0000	0.0000	0.0000	0.0006	-0.0121	-0.0001	6.0000	0.0319	3.0006	1.0050	0.0314	0.0314	0.0000	0.0314	0.0314	0.0000	0.0000	0.0000	0.0000	0.0002	0.0001	0.0000	0.0002	0.0001	0.0000	0.0000	0.0000	0.0000	0.0236	0.0179	0.0057	0.0098	0.0097	0.0001	0.0137	0.0082	0.0055	0.0727	0.0159	0.0569	0.0037	0.0035	0.0002	0.0690	0.0124	0.0567	645.1561	185.1413	0.0000	78.7330	75.2172	0.0000	0.0000	0.0000	0.0000	0.0021	0.0095	0.0000	0.0405	0.0430	0.0004	0.0000	0.0000	0.0000			
12	33	0.1265	3	0	2	0	0	0	0	0	0	N	Y	N	N	N	N	N	N	N	N	N	N	inf	inf	inf	inf	1.6298	1.7123	0.0000	0.0000	0.0000	0.0000	2.7791	2.9881	0.0000	0.0000	0.0000	0.0000	0.0000	0.0000	0.0000	0.0000	0.0000	0.0000	0.0000	-0.0009	0.0000	6.0000	0.0023	3.0006	1.0003	0.0022	0.0022	0.0000	0.0000	0.0000	0.0000	0.0022	0.0022	0.0000	0.0000	0.0000	0.0000	0.0000	0.0000	0.0000	0.0000	0.0000	0.0000	0.0014	0.0013	0.0001	0.0006	0.0006	0.0000	0.0008	0.0007	0.0001	0.0590	0.0142	0.0449	0.0024	0.0023	0.0002	0.0566	0.0119	0.0447	inf	inf	0.0000	0.0000	0.0000	0.0000	inf	inf	0.0000	0.0000	0.0000	0.0000	0.0000	0.0000	0.0000	0.0000	0.0000	0.0000						
12	38	0.1265	3	0	1	1	0	0	0	0	0	N	N	N	N	N	N	N	N	N	N	N	N	inf	inf	inf	inf	0.0122	0.0142	0.0000	0.0000	0.0000	0.0000	0.0157	0.0185	0.0000	0.0000	0.0000	0.0000	0.0000	0.0000	0.0000	0.0000	0.0000	0.0000	0.0000	-0.0009	0.0000	6.0000	1.0023	3.0006	0.0007	0.0022	0.0022	0.0000	0.0000	0.0000	0.0000	0.0022	0.0022	0.0000	0.0000	0.0000	0.0000	0.0000	0.0000	0.0000	0.0000	0.0000	0.0000	0.1810	0.1561	0.0250	0.0406	0.0365	0.0041	0.1404	0.1195	0.0209	0.0591	0.0142	0.0449	0.0024	0.0023	0.0002	0.0566	0.0119	0.0447	inf	inf	0.0000	0.0000	0.0000	0.0000	inf	inf	0.0000	0.0000	0.0000	0.0000	0.0000	0.0000	0.0000	0.0000	0.0000	0.0000						
12	39	0.1265	2	0	1	0	0	0	0	0	0	N	N	N	N	N	N	N	N	N	N	N	N	inf	inf	inf	inf	inf	inf	1.7762	1.8690	0.0000	0.2701	0.2752	0.0000	2.8154	3.0309	0.0000	0.0000	0.0000	0.0000	0.0000	0.0000	0.0000	0.0000	0.0000	0.0000	0.0000	-0.0133	0.0000	6.0000	0.0347	3.0006	0.0013	0.0344	0.0344	0.0000	0.0021	0.0021	0.0000	0.0323	0.0323	0.0000	0.0000	0.0000	0.0000	0.0000	0.0000	0.0000	0.0000	0.0000	0.0000	0.0194	0.0184	0.0010	0.0079	0.0078	0.0001	0.0115	0.0107	0.0008	0.0024	0.0006	0.0017	0.0002	0.0002	0.0000	0.0022	0.0005	0.0017	inf	inf	0.0000	inf	inf	0.0000	inf	inf	0.0000	0.0000	0.0000	0.0000	0.0000	0.0000	0.0000	0.0000	0.0000	0.0000				
12	41	0.1665	3	0	2	0	0	0	0	0	0	N	Y	N	N	N	N	N	N	N	N	N	N	200.6522	48.2133	0.0000	0.0000	0.0000	0.0000	inf	inf	0.0742	0.0843	0.0000	0.0000	0.0000	0.0000	0.1013	0.1169	0.0000	0.0004	0.0017	0.0000	0.0085	0.0091	0.0001	0.0000	0.0000	0.0000	0.0000	0.0006	-0.0056	-0.0000	6.0000	1.0144	3.0006	1.0128	0.0146	0.0146	0.0000	0.0000	0.0000	0.0000	0.0146	0.0146	0.0000	0.0001	0.0001	0.0000	0.0001	0.0001	0.0000	0.0000	0.0000	0.0000	0.1961	0.1726	0.0235	0.0524	0.0482	0.0042	0.1436	0.1244	0.0192	0.1353	0.0286	0.1067	0.0059	0.0055	0.0004	0.1294	0.0231	0.1063	200.6522	48.2133	0.0000	0.0000	0.0000	0.0000	inf	inf	0.0000	0.0004	0.0017	0.0000	0.0085	0.0091	0.0001	0.0000	0.0000	0.0000	
12	44	0.2510	2	1	2	0	0	0	0	0	0	N	Y	N	N	N	N	N	N	N	N	N	N	0.0000	0.0000	0.0000	0.0000	0.0000	0.0000	0.0000	0.0000	0.0000	0.0000	0.0000	0.0000	0.0000	0.0000	0.0000	0.0000	0.0000	0.0000	0.0000	0.0000	6.0000	2.0000	3.0006	1.0000	0.0000	0.0000	0.0000	0.0000	0.0000	0.0000	0.0000	0.0000	0.0000	0.0000	0.0000	0.0000	0.0000	0.0000	0.0000	0.0000	0.0000	0.0000	0.3133	0.2681	0.0451	0.0141	0.0124	0.0018	0.2992	0.2558	0.0434	0.1509	0.0461	0.1048	0.0212	0.0118	0.0093	0.1297	0.0343	0.0954	0.0000	0.0000	0.0000	0.0000	0.0000	0.0000	0.0000	0.0000	0.0000	0.0000	0.0000	0.0000	0.0000	0.0000	0.0000	0.0000	0.0000	0.0000											
12	45	0.1786	3	0	2	0	1	0	0	0	0	N	Y	N	N	N	N	N	N	N	N	N	N	0.0000	0.0000	0.0000	0.0000	0.0000	0.0000	0.0000	0.0000	0.0000	0.0000	0.0000	0.0000	0.0000	0.0000	0.0000	0.0000	0.0000	0.0000	0.0000	0.0000	6.0000	1.0000	3.0006	0.0000	0.0000	0.0000	0.0000	0.0000	0.0000	0.0000	0.0000	0.0000	0.0000	0.0000	0.0000	0.0000	0.0000	0.0000	0.0000	0.0000	0.0000	0.0000	0.1765	0.1508	0.0257	0.0243	0.0209	0.0034	0.1522	0.1299	0.0223	0.0692	0.0139	0.0553	0.0033	0.0023	0.0010	0.0659	0.0116	0.0543	0.0000	0.0000	0.0000	0.0000	0.0000	0.0000	0.0000	0.0000	0.0000	0.0000	0.0000	0.0000	0.0000	0.0000	0.0000	0.0000	0.0000	0.0000											
12	46	0.1786	3	0	1	0	1	0	0	0	0	N	N	N	N	N	N	N	N	N	N	N	N	0.0000	0.0000	0.0000	0.0000	0.0000	0.0000	0.0000	0.0000	0.0000	0.0000	0.0000	0.0000	0.0000	0.0000	0.0000	0.0000	0.0000	0.0000	0.0000	0.0000	6.0000	0.0000	3.0006	0.0000	0.0000	0.0000	0.0000	0.0000	0.0000	0.0000	0.0000	0.0000	0.0000	0.0000	0.0000	0.0000	0.0000	0.0000	0.0000	0.0000	0.0000	0.0000	0.0000	0.0000	0.0000	0.0000	0.0000	0.0000	0.0000	0.0000	0.0000	0.0000	0.0000	0.0000	0.0000	0.0000	0.0000	0.0000	0.0000	0.0000	0.0000	0.0000	0.0000	0.0000	0.0000	0.0000	0.0000	0.0000	0.0000	0.0000	0.0000	0.0000	0.0000	0.0000	0.0000	0.0000	0.0000	0.0000											
12	47	0.1456	2	0	1	0	1	0	0	0	0	N	N	N	N	N	N	N	N	N	N	N	N	0.0670	0.0303	0.0000	0.1199	0.1225	0.0000	0.0000	0.0000	0.0002	0.0002	0.0000	0.0016	0.0019	0.0000	0.0000	0.0000	0.0000	0.0029	0.0075	0.0002	0.0133	0.0152	0.0021	0.0001	0.0000	0.0001	0.0000	0.0511	-0.0000	-0.0007	6.0000	2.0873	3.0006	1.9360	0.0001	0.0001	0.0000	0.0001	0.0001	0.0000	0.0000	0.0000	0.0000	0.0011	0.0010	0.0001	0.0010	0.0010	0.0000	0.0000	0.0000	0.0000	0.3610	0.3087	0.0523	0.0440	0.0375	0.0065	0.3170	0.2712	0.0458	0.3705	0.1362	0.2343	0.0787	0.0670	0.0117	0.2918	0.0693	0.2225	0.0670	0.0303	0.0000	0.1199	0.1225	0.0000	0.0000	0.0000	0.0000	0.0029	0.0075	0.0002	0.0133	0.0152	0.0021	0.0001	0.0000	0.0001	
12	51	0.1512	2	1	2	0	0	0	0	0	0	N	Y	N	N	N	N	N	N	N	N	N	N	13.5392	3.8779	0.0000	0.0182	0.0189	0.0000	1418243.1527	inf	0.0000	0.0953	0.1130	0.0000	0.0085	0.0090	0.0000	0.1077	0.1299	0.0000	0.0070	0.0291	0.0000	0.4665	0.4763	0.0147	0.0000	0.0000	0.0000	0.0000	0.0007	-0.0069	-0.0011	6.0000	1.0314	3.0006	3.0033	0.0180	0.0180	0.0000	0.0002	0.0002	0.0000	0.0178	0.0178	0.0000	0.0016	0.0016	0.0000	0.0016	0.0016	0.0000	0.0000	0.0000	0.0000	0.1884	0.1590	0.0295	0.0236	0.0223	0.0013	0.1649	0.1367	0.0282	0.2246	0.0542	0.1704	0.0034	0.0033	0.0001	0.2212	0.0509	0.1703	13.5392	3.8779	0.0000	0.0182	0.0189	0.0000	1418243.1527	inf	0.0000	0.0070	0.0291	0.0000	0.4665	0.4763	0.0147	0.0000	0.0000	0.0000
12	54	0.1665	3	0	1	1	0	0	0	0	0	N	N	N	N	N	N	N	N	N	N	N	N	1856.5546	514.5967	0.0000	0.0000	0.0000	0.0000	inf	inf	1.3292	1.7377	0.0000	0.0000	0.0000	0.0000	2.3690	4.0052	0.0000	0.0007	0.0034	0.0000	0.0153	0.0163	0.0001	0.0000	0.0000	0.0000	0.0000	0.0006	-0.0056	-0.0000	6.0000	0.0147	3.0006	0.9910	0.0146	0.0146	0.0000	0.0000	0.0000	0.0000	0.0146	0.0146	0.0000	0.0001	0.0001	0.0000	0.0001	0.0001	0.0000	0.0000	0.0000	0.0000	0.0109	0.0084	0.0026	0.0048	0.0047	0.0001	0.0061	0.0036	0.0025	0.0699	0.0148	0.0551	0.0033	0.0031	0.0002	0.0666	0.0117	0.0549	1856.5546	514.5967	0.0000	0.0000	0.0000	0.0000	inf	inf	0.0000	0.0007	0.0034	0.0000	0.0153	0.0163	0.0001	0.0000	0.0000	0.0000	
12	55	0.1555	2	0	1	0	0	0	0	0	0	N	N	N	N	N	N	N	N	N	N	N	N	3258.6344	1099.3361	0.0000	0.4633	0.4768	0.0000	15655.3481	inf	0.0000	4.9079	5.7835	0.0000	0.0114	0.0126	0.0000	6.1735	7.4111	0.0000	0.0015	0.0053	0.0005	0.0247	0.0264	0.0002	0.0004	0.0000	0.0005	0.0000	0.3338	-0.3681	-0.0001	6.0000	0.9556	3.0006	1.0192	0.9549	0.9549	0.0000	0.0005	0.0005	0.0000	0.9545	0.9545	0.0000	0.0002	0.0002	0.0001	0.0002	0.0002	0.0000	0.0000	0.0000	0.0000	0.1946	0.1651	0.0295	0.0400	0.0363	0.0036	0.1546	0.1288	0.0258	0.1329	0.0285	0.1043	0.0061	0.0057	0.0004	0.1268	0.0228	0.1039	3258.6344	1099.3361	0.0000	0.4633	0.4768	0.0000	15655.3481	inf	0.0000	0.0015	0.0053	0.0005	0.0247	0.0264	0.0002	0.0004	0.0000	0.0005
12	58	0.2590	3	0	1	0	0	0	0	0	0	N	N	N	N	N	N	N	N	N	N	N	N	4.4562	0.4490	0.0000	1.8193	1.8380	0.0000	189890.2380	inf	0.0000	0.6232	0.7204	0.0000	1.9524	2.0538	0.0000	0.4109	0.4826	0.0000	0.1399	1.6045	0.0001	1.0732	1.1174	0.0185	0.0000	0.0000	0.0000	0.0000	0.0007	-0.3932	-0.0727	6.0000	10.2575	3.0006	3.8960	1.0201	1.0201	0.0000	0.4402	0.4402	0.0000	0.5799	0.5799	0.0000	0.1082	0.1081	0.0001	0.1082	0.1081	0.0001	0.0000	0.0000	0.0000	1.6368	1.4160	0.2208	0.2255	0.2143	0.0111	1.4113	1.2017	0.2096	0.7737	0.2389	0.5348	0.1008	0.0968	0.0041	0.6728	0.1422	0.5307	4.4562	1.5918	0.0000	1.8193	1.8380	0.0000	189890.2380	inf	0.0000	0.1399	0.4526	0.0001	1.0732	1.1174	0.0185	0.0000	0.0000	0.0000
12	59	0.2330	2	1	2	1	0	0	0	0	0	N	Y	N	N	N	N	N	N	N	N	N	N	0.0000	0.0000	0.0000	0.0000	0.0000	0.0000	0.0000	0.0000	0.0000	0.0000	0.0000	0.0000	0.0000	0.0000	0.0000	0.0000	0.0000	0.0000	0.0000	0.0000	6.0000	0.0000	3.0006	0.0000	0.0000	0.0000	0.0000	0.0000	0.0000	0.0000	0.0000	0.0000	0.0000	0.0000	0.0000	0.0000	0.0000	0.0000	0.0000	0.0000	0.0000	0.0000	0.0000	0.0000	0.0000	0.0000	0.0000	0.0000	0.0000	0.0000	0.0000	0.0000	0.0000	0.0000	0.0000	0.0000	0.0000	0.0000	0.0000	0.0000	0.0000	0.0000	0.0000	0.0000	0.0000	0.0000	0.0000	0.0000	0.0000	0.0000	0.0000	0.0000	0.0000	0.0000	0.0000	0.0000	0.0000	0.0000											
12	61	0.1959	2	1	1	1	0	0	0	0	0	N	N	N	N	N	N	N	N	N	N	N	N	0.0000	0.0000	0.0000	0.0000	0.0000	0.0000	0.0000	0.0000	0.0000	0.0000	0.0000	0.0000	0.0000	0.0000	0.0000	0.0000	0.0000	0.0000	0.0000	0.0000	6.0000	2.0000	3.0006	0.0000	0.0000	0.0000	0.0000	0.0000	0.0000	0.0000	0.0000	0.0000	0.0000	0.0000	0.0000	0.0000	0.0000	0.0000	0.0000	0.0000	0.0000	0.0000	0.2941	0.2452	0.0489	0.0235	0.0220	0.0016	0.2706	0.2232	0.0473	0.0906	0.0345	0.0560	0.0466	0.0225	0.0240	0.0440	0.0120	0.0320	0.0000	0.0000	0.0000	0.0000	0.0000	0.0000	0.0000	0.0000	0.0000	0.0000	0.0000	0.0000	0.0000	0.0000	0.0000	0.0000	0.0000	0.0000											
12	64	0.2201	4	0	1	1	0	0	0	0	0	N	N	N	N	N	N	N	N	N	N	N	N	0.0000	0.0000	0.0000	0.0000	0.0000	0.0000	0.0000	0.0000	0.0000	0.0000	0.0000	0.0000	0.0000	0.0000	0.0000	0.0000	0.0000	0.0000	0.0000	0.0000	6.0000	0.0000	3.0006	0.0000	0.0000	0.0000	0.0000	0.0000	0.0000	0.0000	0.0000	0.0000	0.0000	0.0000	0.0000	0.0000	0.0000	0.0000	0.0000	0.0000	0.0000	0.0000	0.0000	0.0000	0.0000	0.0000	0.0000	0.0000	0.0000	0.0000	0.0000	0.0000	0.0000	0.0000	0.0000	0.0000	0.0000	0.0000	0.0000	0.0000	0.0000	0.0000	0.0000	0.0000	0.0000	0.0000	0.0000	0.0000	0.0000	0.0000	0.0000	0.0000	0.0000	0.0000	0.0000	0.0000	0.0000	0.0000											
12	65	0.1958	3	0	1	1	0	0	0	0	0	N	N	N	N	N	N	N	N	N	N	N	N	0.0000	0.0000	0.0000	0.0000	0.0000	0.0000	0.0000	0.0000	0.0000	0.0000	0.0000	0.0000	0.0000	0.0000	0.0000	0.0000	0.0000	0.0000	0.0000	0.0000	6.0000	0.8734	3.0006	1.0002	0.0000	0.0000	0.0000	0.0000	0.0000	0.0000	0.0000	0.0000	0.0000	0.0000	0.0000	0.0000	0.0000	0.0000	0.0000	0.0000	0.0000	0.0000	0.1405	0.1168	0.0237	0.0057	0.0054	0.0003	0.1348	0.1114	0.0233	0.1250	0.0218	0.1032	0.0287	0.0060	0.0227	0.0963	0.0158	0.0805	0.0000	0.0000	0.0000	0.0000	0.0000	0.0000	0.0000	0.0000	0.0000	0.0000	0.0000	0.0000	0.0000	0.0000	0.0000	0.0000	0.0000	0.0000											
12	66	0.1812	2	0	1	0	0	0	0	0	0	N	N	N	N	N	N	N	N	N	N	N	N	0.6322	0.0479	4.1340	2.0338	inf	inf	0.0157	0.0189	0.0000	0.3403	0.3565	0.0000	0.0001	0.0001	0.0000	0.0248	0.3935	0.0000	0.0823	0.1753	0.0000	0.0000	0.0000	0.0000	0.0000	0.0000	-0.0010	-0.0015	6.0000	1.0063	3.0006	0.0727	0.0026	0.0026	0.0000	0.0026	0.0026	0.0000	0.0000	0.0000	0.0000	0.0023	0.0023	0.0000	0.0023	0.0023	0.0000	0.0000	0.0000	0.0000	0.1638	0.1363	0.0275	0.0075	0.0072	0.0003	0.1562	0.1291	0.0271	0.0928	0.0238	0.0690	0.0280	0.0131	0.0149	0.0648	0.0106	0.0542	0.6322	0.1947	0.0000	4.1340	2.0338	0.0000	inf	inf	0.0000	0.0248	0.0969	0.0000	0.0823	0.1753	0.0000	0.0000	0.0000	0.0000			
12	72	0.1700	2	0	2	0	0	0	0	0	0	N	Y	N	N	N	N	N	N	N	N	N	N	1.6182	inf	0.0088	716.0296	inf	0.2346	1.3383	inf	0.0088	2.7048	3.1869	0.0140	0.0196	0.0199	0.0130	2.9659	3.5370	0.0141	1.6715	0.0000	1.5980	0.0000	0.0000	0.0552	2.2162	0.0000	1.5983	0.0008	inf	-0.7614	0.0986	6.0000	4.7764	3.0006	1.3205	1.9794	1.9778	0.0016	0.0013	0.0012	0.0000	1.9781	1.9766	0.0015	0.3008	0.0000	0.3008	0.0000	0.0000	0.0000	0.3008	0.0000	0.3008	0.7318	0.6206	0.1112	0.0649	0.0618	0.0031	0.6669	0.5588	0.1081	0.3123	0.1240	0.1882	0.0852	0.0851	0.0000	0.2271	0.0389	0.1882	2.8078	inf	0.0088	716.0296	inf	0.2346	2.2391	inf	0.0088	0.9633	0.0000	1.5980	0.0000	0.0000	0.0552	1.3246	0.0000	1.5983
12	74	0.1722	2	0	2	0	0	0	0	0	0	N	Y	N	N	N	N	N	N	N	N	N	N	0.0000	0.0000	0.0000	0.0000	0.0000	0.0000	0.0000	0.0000	0.0000	0.0000	0.0000	0.0000	0.0000	0.0000	0.0000	0.0000	0.0000	0.0000	0.0000	0.0000	6.0000	0.0000	3.0006	0.0000	0.0000	0.0000	0.0000	0.0000	0.0000	0.0000	0.0000	0.0000	0.0000	0.0000	0.0000	0.0000	0.0000	0.0000	0.0000	0.0000	0.0000	0.0000	0.0000	0.0000	0.0000	0.0000	0.0000	0.0000	0.0000	0.0000	0.0000	0.0000	0.0000	0.0000	0.0000	0.0000	0.0000	0.0000	0.0000	0.0000	0.0000	0.0000	0.0000	0.0000	0.0000	0.0000	0.0000	0.0000	0.0000	0.0000	0.0000	0.0000	0.0000	0.0000	0.0000	0.0000	0.0000	0.0000											
12	76	0.1808	4	1	2	0	1	0	0	0	0	N	Y	N	N	N	N	N	N	N	N	N	N	0.0000	0.0000	0.0000	0.0000	0.0000	0.0000	0.0000	0.0000	0.0000	0.0000	0.0000	0.0000	0.0000	0.0000	0.0000	0.0000	0.0000	0.0000	0.0000	0.0000	6.0000	0.0000	3.0006	0.0000	0.0000	0.0000	0.0000	0.0000	0.0000	0.0000	0.0000	0.0000	0.0000	0.0000	0.0000	0.0000	0.0000	0.0000	0.0000	0.0000	0.0000	0.0000	0.0000	0.0000	0.0000	0.0000	0.0000	0.0000	0.0000	0.0000	0.0000	0.0000	0.0000	0.0000	0.0000	0.0000	0.0000	0.0000	0.0000	0.0000	0.0000	0.0000	0.0000	0.0000	0.0000	0.0000	0.0000	0.0000	0.0000	0.0000	0.0000	0.0000	0.0000	0.0000	0.0000	0.0000	0.0000	0.0000											
12	77	0.1725	3	1	2	0	1	0	0	0	0	N	Y	N	N	N	N	N	N	N	N	N	N	0.0000	0.0000	0.0000	0.0000	0.0000	0.0000	0.0000	0.0000	0.0000	0.0000	0.0000	0.0000	0.0000	0.0000	0.0000	0.0000	0.0015	0.0022	0.0010	0.0065	0.0068	0.0000	0.0007	0.0000	0.0010	0.8000	0.0000	-0.0000	6.0000	1.0073	3.0006	0.3366	0.0000	0.0000	0.0000	0.0000	0.0000	0.0000	0.0000	0.0000	0.0000	0.0001	0.0001	0.0000	0.0001	0.0001	0.0000	0.0000	0.0000	0.0000	0.1627	0.1392	0.0235	0.0135	0.0121	0.0014	0.1492	0.1271	0.0221	0.0617	0.0226	0.0391	0.0076	0.0074	0.0003	0.0540	0.0152	0.0388	0.0000	0.0000	0.0000	0.0000	0.0000	0.0000	0.0000	0.0000	0.0000	0.0015	0.0022	0.0010	0.0065	0.0068	0.0000	0.0007	0.0000	0.0010			
12	78	0.1982	3	0	2	0	1	0	0	0	0	N	Y	N	N	N	N	N	N	N	N	N	N	0.0000	0.0000	0.0000	0.0000	0.0000	0.0000	0.0000	0.0000	0.0000	0.0000	0.0000	0.0000	0.0000	0.0000	0.0000	0.0000	0.0000	0.0000	0.0000	0.0000	6.0000	0.0000	3.0006	0.0000	0.0000	0.0000	0.0000	0.0000	0.0000	0.0000	0.0000	0.0000	0.0000	0.0000	0.0000	0.0000	0.0000	0.0000	0.0000	0.0000	0.0000	0.0000	0.0000	0.0000	0.0000	0.0000	0.0000	0.0000	0.0000	0.0000	0.0000	0.0000	0.0000	0.0000	0.0000	0.0000	0.0000	0.0000	0.0000	0.0000	0.0000	0.0000	0.0000	0.0000	0.0000	0.0000	0.0000	0.0000	0.0000	0.0000	0.0000	0.0000	0.0000	0.0000	0.0000	0.0000	0.0000	0.0000											
12	79	0.1900	2	0	2	0	1	0	0	0	0	N	Y	N	N	N	N	N	N	N	N	N	N	0.0000	0.0000	0.0000	0.0000	0.0000	0.0000	0.0000	0.0000	0.0000	0.0000	0.0000	0.0000	0.0000	0.0000	0.0000	0.0000	0.0000	0.0000	0.0000	0.0000	6.0000	0.0000	3.0006	1.0000	0.0000	0.0000	0.0000	0.0000	0.0000	0.0000	0.0000	0.0000	0.0000	0.0000	0.0000	0.0000	0.0000	0.0000	0.0000	0.0000	0.0000	0.0000	0.0000	0.0000	0.0000	0.0000	0.0000	0.0000	0.0000	0.0000	0.0000	0.0584	0.0181	0.0403	0.0197	0.0067	0.0129	0.0387	0.0113	0.0274	0.0000	0.0000	0.0000	0.0000	0.0000	0.0000	0.0000	0.0000	0.0000	0.0000	0.0000	0.0000	0.0000	0.0000	0.0000	0.0000	0.0000	0.0000											
12	80	0.1725	3	0	2	0	0	0	0	0	0	N	Y	N	N	N	N	N	N	N	N	N	N	0.0000	0.0000	0.0000	0.0000	0.0000	0.0000	0.0000	0.0000	0.0000	0.0000	0.0000	0.0000	0.0000	0.0000	0.0000	0.0000	0.0005	0.0007	0.0003	0.0027	0.0028	0.0000	0.0002	0.0000	0.0003	0.8000	0.0000	-0.0000	6.0000	3.9927	3.0006	1.0002	0.0000	0.0000	0.0000	0.0000	0.0000	0.0000	0.0000	0.0000	0.0000	0.0001	0.0001	0.0000	0.0001	0.0001	0.0000	0.0000	0.0000	0.0000	0.5972	0.5135	0.0837	0.0499	0.0447	0.0052	0.5473	0.4688	0.0785	0.1955	0.0699	0.1256	0.0185	0.0176	0.0009	0.1770	0.0523	0.1247	0.0000	0.0000	0.0000	0.0000	0.0000	0.0000	0.0000	0.0000	0.0000	0.0005	0.0007	0.0003	0.0027	0.0028	0.0000	0.0002	0.0000	0.0003			
12	81	0.1678	2	0	2	0	0	0	0	0	0	N	Y	N	N	N	N	N	N	N	N	N	N	0.0000	0.0000	0.0000	0.0000	0.0000	0.0000	0.0000	0.0000	0.0000	0.0000	0.0000	0.0000	0.0000	0.0000	0.0000	0.0000	0.0032	0.0040	0.0027	0.0166	0.0175	0.0000	0.0047	0.0000	0.0028	1.2500	0.0000	-0.0000	6.0000	0.0110	3.0006	0.6549	0.0000	0.0000	0.0000	0.0000	0.0000	0.0000	0.0000	0.0000	0.0000	0.0001	0.0000	0.0001	0.0000	0.0000	0.0000	0.0001	0.0000	0.0001	0.0018	0.0015	0.0003	0.0001	0.0001	0.0000	0.0017	0.0014	0.0002	0.0282	0.0099	0.0183	0.0024	0.0023	0.0001	0.0258	0.0076	0.0181	0.0000	0.0000	0.0000	0.0000	0.0000	0.0000	0.0000	0.0000	0.0000	0.0032	0.0040	0.0027	0.0166	0.0175	0.0000	0.0019	0.0000	0.0028			
12	82	0.1900	2	0	1	1	1	0	0	0	0	N	N	N	N	N	N	N	N	N	N	N	N	0.0000	0.0000	0.0000	0.0000	0.0000	0.0000	0.0000	0.0000	0.0000	0.0000	0.0000	0.0000	0.0000	0.0000	0.0000	0.0000	0.0000	0.0000	0.0000	0.0000	6.0000	1.0000	3.0006	0.0000	0.0000	0.0000	0.0000	0.0000	0.0000	0.0000	0.0000	0.0000	0.0000	0.0000	0.0000	0.0000	0.0000	0.0000	0.0000	0.0000	0.0000	0.0000	0.1609	0.1374	0.0235	0.0052	0.0045	0.0007	0.1557	0.1330	0.0228	0.0584	0.0181	0.0403	0.0197	0.0067	0.0129	0.0387	0.0113	0.0274	0.0000	0.0000	0.0000	0.0000	0.0000	0.0000	0.0000	0.0000	0.0000	0.0000	0.0000	0.0000	0.0000	0.0000	0.0000	0.0000	0.0000	0.0000											
12	83	0.1900	2	0	1	1	1	0	0	0	0	N	N	N	N	N	N	N	N	N	N	N	N	0.0000	0.0000	0.0000	0.0000	0.0000	0.0000	0.0000	0.0000	0.0000	0.0000	0.0000	0.0000	0.0000	0.0000	0.0000	0.0000	0.0000	0.0000	0.0000	0.0000	6.0000	0.0000	3.0006	0.0000	0.0000	0.0000	0.0000	0.0000	0.0000	0.0000	0.0000	0.0000	0.0000	0.0000	0.0000	0.0000	0.0000	0.0000	0.0000	0.0000	0.0000	0.0000	0.0000	0.0000	0.0000	0.0000	0.0000	0.0000	0.0000	0.0000	0.0000	0.0000	0.0000	0.0000	0.0000	0.0000	0.0000	0.0000	0.0000	0.0000	0.0000	0.0000	0.0000	0.0000	0.0000	0.0000	0.0000	0.0000	0.0000	0.0000	0.0000	0.0000	0.0000	0.0000	0.0000	0.0000	0.0000	0.0000											
12	85	0.2510	2	1	2	0	0	0	0	0	0	N	Y	N	N	N	N	N	N	N	N	N	N	0.0000	0.0000	0.0000	0.0000	0.0000	0.0000	0.0000	0.0000	0.0000	0.0000	0.0000	0.0000	0.0000	0.0000	0.0000	0.0000	0.0000	0.0000	0.0000	0.0000	6.0000	0.0000	3.0006	0.0000	0.0000	0.0000	0.0000	0.0000	0.0000	0.0000	0.0000	0.0000	0.0000	0.0000	0.0000	0.0000	0.0000	0.0000	0.0000	0.0000	0.0000	0.0000	0.0000	0.0000	0.0000	0.0000	0.0000	0.0000	0.0000	0.0000	0.0000	0.0000	0.0000	0.0000	0.0000	0.0000	0.0000	0.0000	0.0000	0.0000	0.0000	0.0000	0.0000	0.0000	0.0000	0.0000	0.0000	0.0000	0.0000	0.0000	0.0000	0.0000	0.0000	0.0000	0.0000	0.0000	0.0000	0.0000											
12	88	0.1678	2	1	2	0	0	0	0	0	0	N	Y	N	N	N	N	N	N	N	N	N	N	0.0000	0.0000	0.0000	0.0000	0.0000	0.0000	0.0000	0.0000	0.0000	0.0000	0.0000	0.0000	0.0000	0.0000	0.0000	0.0000	0.0000	0.0000	0.0000	0.0000	6.0000	0.0000	3.0006	0.0000	0.0000	0.0000	0.0000	0.0000	0.0000	0.0000	0.0000	0.0000	0.0000	0.0000	0.0000	0.0000	0.0000	0.0000	0.0000	0.0000	0.0000	0.0000	0.0000	0.0000	0.0000	0.0000	0.0000	0.0000	0.0000	0.0000	0.0000	0.0000	0.0000	0.0000	0.0000	0.0000	0.0000	0.0000	0.0000	0.0000	0.0000	0.0000	0.0000	0.0000	0.0000	0.0000	0.0000	0.0000	0.0000	0.0000	0.0000	0.0000	0.0000	0.0000	0.0000	0.0000	0.0000	0.0000											
12	91	0.2590	3	0	1	0	0	0	0	0	0	N	N	N	N	N	N	N	N	N	N	N	N	9.9584	0.2350	93531.3613	0.4323	0.3119	218.0135	1132910.2777	inf	5062667.7182	2.1033	0.4861	12.5549	0.8939	0.7371	3.8429	2.2839	0.4444	13.0036	0.2112	2.0687	0.0001	2.0680	2.3630	0.0176	0.0000	0.0000	0.0000	3.9967	0.0004	1.5317	-0.1162	6.0000	11.5137	3.0006	4.9035	3.6961	0.7397	2.9564	0.2041	0.1598	0.0443	3.4920	0.5799	2.9121	0.1730	0.1729	0.0001	0.1730	0.1729	0.0001	0.0000	0.0000	0.0000	1.7573	1.5218	0.2355	0.2283	0.2168	0.0115	1.5290	1.3051	0.2239	0.8191	0.2480	0.5711	0.0969	0.0926	0.0043	0.7222	0.1554	0.5669	9.9584	0.6971	93531.3613	0.5006	0.3947	218.0135	1132910.2777	inf	5062667.7182	0.2112	0.6973	0.0001	1.7857	1.8672	0.0176	0.0000	0.0000	0.0000
13	14	0.1226	4	1	2	0	1	0	0	0	0	N	Y	N	N	N	N	N	N	N	N	N	N	0.0000	0.0000	0.0000	0.0000	0.0000	0.0000	0.0000	0.0000	0.0000	0.0000	0.0000	0.0000	0.0000	0.0000	0.0000	0.0000	0.0000	0.0000	0.0000	0.0000	0.0000	3.0234	0.0000	1.0170	0.0000	0.0000	0.0000	0.0000	0.0000	0.0000	0.0000	0.0000	0.0000	0.0000	0.0000	0.0000	0.0000	0.0000	0.0000	0.0000	0.0000	0.0000	0.0000	0.0000	0.0000	0.0000	0.0000	0.0000	0.0000	0.0000	0.0000	0.0000	0.0000	0.0000	0.0000	0.0000	0.0000	0.0000	0.0000	0.0000	0.0000	0.0000	0.0000	0.0000	0.0000	0.0000	0.0000	0.0000	0.0000	0.0000	0.0000	0.0000	0.0000	0.0000	0.0000	0.0000	0.0000	0.0000											
13	15	0.0848	3	0	2	0	1	0	0	0	0	N	Y	N	N	N	N	N	N	N	N	N	N	0.0000	0.0000	0.0000	0.0000	0.0000	0.0000	0.0000	0.0000	0.0000	0.0000	0.0000	0.0000	0.0000	0.0000	0.0000	0.0000	0.0000	0.0000	0.0000	0.0000	0.0000	4.0000	0.0000	3.0006	0.0000	0.0000	0.0000	0.0000	0.0000	0.0000	0.0000	0.0000	0.0000	0.0000	0.0000	0.0000	0.0000	0.0000	0.0000	0.0000	0.0000	0.0000	0.0000	0.0000	0.0000	0.0000	0.0000	0.0000	0.0000	0.0000	0.0000	0.0000	0.0000	0.0000	0.0000	0.0000	0.0000	0.0000	0.0000	0.0000	0.0000	0.0000	0.0000	0.0000	0.0000	0.0000	0.0000	0.0000	0.0000	0.0000	0.0000	0.0000	0.0000	0.0000	0.0000	0.0000	0.0000	0.0000											
13	16	0.1416	5	0	1	0	2	0	0	0	0	N	N	N	Y	N	N	N	N	N	N	N	N	0.0000	0.0000	0.0000	0.0000	0.0000	0.0000	0.0000	0.0000	0.0000	0.0000	0.0000	0.0000	0.0000	0.0000	0.0000	0.0000	0.0000	0.0000	0.0000	0.0000	0.0000	2.9121	0.0000	3.0117	0.0000	0.0000	0.0000	0.0000	0.0000	0.0000	0.0000	0.0000	0.0000	0.0000	0.0000	0.0000	0.0000	0.0000	0.0000	0.0000	0.0000	0.0000	0.0000	0.0000	0.0000	0.0000	0.0000	0.0000	0.0000	0.0000	0.0000	0.0000	0.0000	0.0000	0.0000	0.0000	0.0000	0.0000	0.0000	0.0000	0.0000	0.0000	0.0000	0.0000	0.0000	0.0000	0.0000	0.0000	0.0000	0.0000	0.0000	0.0000	0.0000	0.0000	0.0000	0.0000	0.0000	0.0000											
13	17	0.1171	4	0	1	0	2	0	0	0	0	N	N	N	Y	N	N	N	N	N	N	N	N	0.0000	0.0000	0.0000	0.0000	0.0000	0.0000	0.0000	0.0000	0.0000	0.0000	0.0000	0.0000	0.0000	0.0000	0.0000	0.0000	0.0000	0.0000	0.0000	0.0000	0.0000	0.1693	0.0000	3.5362	0.0000	0.0000	0.0000	0.0000	0.0000	0.0000	0.0000	0.0000	0.0000	0.0000	0.0000	0.0000	0.0000	0.0000	0.0000	0.0000	0.0000	0.0000	0.0000	0.0000	0.0000	0.0000	0.0000	0.0000	0.0000	0.0000	0.0000	0.0000	0.0000	0.0000	0.0000	0.0000	0.0000	0.0000	0.0000	0.0000	0.0000	0.0000	0.0000	0.0000	0.0000	0.0000	0.0000	0.0000	0.0000	0.0000	0.0000	0.0000	0.0000	0.0000	0.0000	0.0000	0.0000	0.0000											
13	18	0.0848	3	1	1	1	1	0	0	0	0	N	N	N	N	N	N	N	N	N	N	N	N	0.0000	0.0000	0.0000	0.0000	0.0000	0.0000	0.0000	0.0000	0.0000	0.0000	0.0000	0.0000	0.0000	0.0000	0.0000	0.0000	0.0000	0.0000	0.0000	0.0000	0.0000	18.0000	0.0000	5.9994	0.0000	0.0000	0.0000	0.0000	0.0000	0.0000	0.0000	0.0000	0.0000	0.0000	0.0000	0.0000	0.0000	0.0000	0.0000	0.0000	0.0000	0.0000	0.0000	0.0000	0.0000	0.0000	0.0000	0.0000	0.0000	0.0000	0.0000	0.0000	0.0000	0.0000	0.0000	0.0000	0.0000	0.0000	0.0000	0.0000	0.0000	0.0000	0.0000	0.0000	0.0000	0.0000	0.0000	0.0000	0.0000	0.0000	0.0000	0.0000	0.0000	0.0000	0.0000	0.0000	0.0000	0.0000											
13	19	0.1526	4	0	2	0	1	0	0	0	0	N	Y	N	N	N	N	N	N	N	N	N	N	0.0000	0.0000	0.0000	0.0000	0.0000	0.0000	0.0000	0.0000	0.0000	0.0000	0.0000	0.0000	0.0000	0.0000	0.0000	0.0000	0.0000	0.0000	0.0000	0.0000	0.0000	2.0070	0.0000	1.9996	0.0000	0.0000	0.0000	0.0000	0.0000	0.0000	0.0000	0.0000	0.0000	0.0000	0.0000	0.0000	0.0000	0.0000	0.0000	0.0000	0.0000	0.0000	0.0000	0.0000	0.0000	0.0000	0.0000	0.0000	0.0000	0.0000	0.0000	0.0000	0.0000	0.0000	0.0000	0.0000	0.0000	0.0000	0.0000	0.0000	0.0000	0.0000	0.0000	0.0000	0.0000	0.0000	0.0000	0.0000	0.0000	0.0000	0.0000	0.0000	0.0000	0.0000	0.0000	0.0000	0.0000	0.0000											
13	20	0.0848	3	0	2	0	1	0	0	0	0	N	Y	N	N	N	N	N	N	N	N	N	N	0.0000	0.0000	0.0000	0.0000	0.0000	0.0000	0.0000	0.0000	0.0000	0.0000	0.0000	0.0000	0.0000	0.0000	0.0000	0.0000	0.0000	0.0000	0.0000	0.0000	0.0000	9.0000	0.0000	1.0006	0.0000	0.0000	0.0000	0.0000	0.0000	0.0000	0.0000	0.0000	0.0000	0.0000	0.0000	0.0000	0.0000	0.0000	0.0000	0.0000	0.0000	0.0000	0.0000	0.0000	0.0000	0.0000	0.0000	0.0000	0.0000	0.0000	0.0000	0.0000	0.0000	0.0000	0.0000	0.0000	0.0000	0.0000	0.0000	0.0000	0.0000	0.0000	0.0000	0.0000	0.0000	0.0000	0.0000	0.0000	0.0000	0.0000	0.0000	0.0000	0.0000	0.0000	0.0000	0.0000	0.0000	0.0000											
13	21	0.1414	4	1	2	0	1	0	0	0	0	N	Y	N	N	N	N	N	N	N	N	N	N	0.0000	0.0000	0.0000	0.0000	0.0000	0.0000	0.0000	0.0000	0.0000	0.0000	0.0000	0.0000	0.0000	0.0000	0.0000	0.0000	0.0000	0.0000	0.0000	0.0000	0.0000	0.9600	0.0000	1.3160	0.0000	0.0000	0.0000	0.0000	0.0000	0.0000	0.0000	0.0000	0.0000	0.0000	0.0000	0.0000	0.0000	0.0000	0.0000	0.0000	0.0000	0.0000	0.0000	0.0000	0.0000	0.0000	0.0000	0.0000	0.0000	0.0000	0.0000	0.0000	0.0000	0.0000	0.0000	0.0000	0.0000	0.0000	0.0000	0.0000	0.0000	0.0000	0.0000	0.0000	0.0000	0.0000	0.0000	0.0000	0.0000	0.0000	0.0000	0.0000	0.0000	0.0000	0.0000	0.0000	0.0000	0.0000											
13	22	0.1672	5	0	2	0	1	0	0	0	0	N	Y	N	N	N	N	N	N	N	N	N	N	0.0000	0.0000	0.0000	0.0000	0.0000	0.0000	0.0000	0.0000	0.0000	0.0000	0.0000	0.0000	0.0000	0.0000	0.0000	0.0000	0.0000	0.0000	0.0000	0.0000	0.0000	0.0000	0.0000	0.0000	0.0000	0.0000	0.0000	0.0000	0.0000	0.0000	0.0000	0.0000	0.0000	0.0000	0.0000	0.0000	0.0000	0.0000	0.0000	0.0000	0.0000	0.0000	0.0000	0.0000	0.0000	0.0000	0.0000	0.0000	0.0000	0.0000	0.0000	0.0000	0.0000	0.0000	0.0000	0.0000	0.0000	0.0000	0.0000	0.0000	0.0000	0.0000	0.0000	0.0000	0.0000	0.0000	0.0000	0.0000	0.0000	0.0000	0.0000	0.0000	0.0000	0.0000	0.0000	0.0000	0.0000	0.0000											
13	23	0.0848	3	1	2	0	1	0	0	0	0	N	Y	N	N	N	N	N	N	N	N	N	N	0.0000	0.0000	0.0000	0.0000	0.0000	0.0000	0.0000	0.0000	0.0000	0.0000	0.0000	0.0000	0.0000	0.0000	0.0000	0.0000	0.0000	0.0000	0.0000	0.0000	0.0000	6.0000	0.0000	4.0006	0.0000	0.0000	0.0000	0.0000	0.0000	0.0000	0.0000	0.0000	0.0000	0.0000	0.0000	0.0000	0.0000	0.0000	0.0000	0.0000	0.0000	0.0000	0.0000	0.0000	0.0000	0.0000	0.0000	0.0000	0.0000	0.0000	0.0000	0.0000	0.0000	0.0000	0.0000	0.0000	0.0000	0.0000	0.0000	0.0000	0.0000	0.0000	0.0000	0.0000	0.0000	0.0000	0.0000	0.0000	0.0000	0.0000	0.0000	0.0000	0.0000	0.0000	0.0000	0.0000	0.0000	0.0000											
13	24	0.0848	3	0	2	0	1	0	0	0	0	N	Y	N	N	N	N	N	N	N	N	N	N	0.0000	0.0000	0.0000	0.0000	0.0000	0.0000	0.0000	0.0000	0.0000	0.0000	0.0000	0.0000	0.0000	0.0000	0.0000	0.0000	0.0000	0.0000	0.0000	0.0000	0.0000	4.0000	0.0000	4.9994	0.0000	0.0000	0.0000	0.0000	0.0000	0.0000	0.0000	0.0000	0.0000	0.0000	0.0000	0.0000	0.0000	0.0000	0.0000	0.0000	0.0000	0.0000	0.0000	0.0000	0.0000	0.0000	0.0000	0.0000	0.0000	0.0000	0.0000	0.0000	0.0000	0.0000	0.0000	0.0000	0.0000	0.0000	0.0000	0.0000	0.0000	0.0000	0.0000	0.0000	0.0000	0.0000	0.0000	0.0000	0.0000	0.0000	0.0000	0.0000	0.0000	0.0000	0.0000	0.0000	0.0000	0.0000											
13	25	0.1318	4	0	2	1	2	0	0	0	0	N	Y	N	Y	N	N	N	N	N	N	N	N	0.0000	0.0000	0.0000	0.0000	0.0000	0.0000	0.0000	0.0000	0.0000	0.0000	0.0000	0.0000	0.0000	0.0000	0.0000	0.0000	0.0000	0.0000	0.0000	0.0000	0.0000	0.8908	0.0000	1.0730	0.0000	0.0000	0.0000	0.0000	0.0000	0.0000	0.0000	0.0000	0.0000	0.0000	0.0000	0.0000	0.0000	0.0000	0.0000	0.0000	0.0000	0.0000	0.0000	0.0000	0.0000	0.0000	0.0000	0.0000	0.0000	0.0000	0.0000	0.0000	0.0000	0.0000	0.0000	0.0000	0.0000	0.0000	0.0000	0.0000	0.0000	0.0000	0.0000	0.0000	0.0000	0.0000	0.0000	0.0000	0.0000	0.0000	0.0000	0.0000	0.0000	0.0000	0.0000	0.0000	0.0000	0.0000											
13	26	0.0848	3	0	1	0	2	0	0	0	0	N	N	N	Y	N	N	N	N	N	N	N	N	0.0000	0.0000	0.0000	0.0000	0.0000	0.0000	0.0000	0.0000	0.0000	0.0000	0.0000	0.0000	0.0000	0.0000	0.0000	0.0000	0.0000	0.0000	0.0000	0.0000	0.0000	3.1159	0.0000	2.1859	0.0000	0.0000	0.0000	0.0000	0.0000	0.0000	0.0000	0.0000	0.0000	0.0000	0.0000	0.0000	0.0000	0.0000	0.0000	0.0000	0.0000	0.0000	0.0000	0.0000	0.0000	0.0000	0.0000	0.0000	0.0000	0.0000	0.0000	0.0000	0.0000	0.0000	0.0000	0.0000	0.0000	0.0000	0.0000	0.0000	0.0000	0.0000	0.0000	0.0000	0.0000	0.0000	0.0000	0.0000	0.0000	0.0000	0.0000	0.0000	0.0000	0.0000	0.0000	0.0000	0.0000	0.0000											
13	27	0.0848	3	0	2	0	1	0	0	0	0	N	Y	N	N	N	N	N	N	N	N	N	N	0.0000	0.0000	0.0000	0.0000	0.0000	0.0000	0.0000	0.0000	0.0000	0.0000	0.0000	0.0000	0.0000	0.0000	0.0000	0.0000	0.0000	0.0000	0.0000	0.0000	0.0000	8.0000	0.0000	0.0006	0.0000	0.0000	0.0000	0.0000	0.0000	0.0000	0.0000	0.0000	0.0000	0.0000	0.0000	0.0000	0.0000	0.0000	0.0000	0.0000	0.0000	0.0000	0.0000	0.0000	0.0000	0.0000	0.0000	0.0000	0.0000	0.0000	0.0000	0.0000	0.0000	0.0000	0.0000	0.0000	0.0000	0.0000	0.0000	0.0000	0.0000	0.0000	0.0000	0.0000	0.0000	0.0000	0.0000	0.0000	0.0000	0.0000	0.0000	0.0000	0.0000	0.0000	0.0000	0.0000	0.0000	0.0000											
13	28	0.1605	4	1	2	0	1	0	0	0	0	N	Y	N	N	N	N	N	N	N	N	N	N	0.0000	0.0000	0.0000	0.0000	0.0000	0.0000	0.0000	0.0000	0.0000	0.0000	0.0000	0.0000	0.0000	0.0000	0.0000	0.0000	0.0000	0.0000	0.0000	0.0000	0.0000	2.9919	0.0000	1.1331	0.0000	0.0000	0.0000	0.0000	0.0000	0.0000	0.0000	0.0000	0.0000	0.0000	0.0000	0.0000	0.0000	0.0000	0.0000	0.0000	0.0000	0.0000	0.0000	0.0000	0.0000	0.0000	0.0000	0.0000	0.0000	0.0000	0.0000	0.0000	0.0000	0.0000	0.0000	0.0000	0.0000	0.0000	0.0000	0.0000	0.0000	0.0000	0.0000	0.0000	0.0000	0.0000	0.0000	0.0000	0.0000	0.0000	0.0000	0.0000	0.0000	0.0000	0.0000	0.0000	0.0000	0.0000											
13	29	0.0848	3	0	1	0	1	0	0	0	0	N	N	N	N	N	N	N	N	N	N	N	N	0.0000	0.0000	0.0000	0.0000	0.0000	0.0000	0.0000	0.0000	0.0000	0.0000	0.0000	0.0000	0.0000	0.0000	0.0000	0.0000	0.0000	0.0000	0.0000	0.0000	0.0000	5.0156	0.0000	4.8897	0.0000	0.0000	0.0000	0.0000	0.0000	0.0000	0.0000	0.0000	0.0000	0.0000	0.0000	0.0000	0.0000	0.0000	0.0000	0.0000	0.0000	0.0000	0.0000	0.0000	0.0000	0.0000	0.0000	0.0000	0.0000	0.0000	0.0000	0.0000	0.0000	0.0000	0.0000	0.0000	0.0000	0.0000	0.0000	0.0000	0.0000	0.0000	0.0000	0.0000	0.0000	0.0000	0.0000	0.0000	0.0000	0.0000	0.0000	0.0000	0.0000	0.0000	0.0000	0.0000	0.0000	0.0000											
13	30	0.0980	4	0	2	0	2	0	0	0	0	N	Y	N	Y	N	N	N	N	N	N	N	N	0.0000	0.0000	0.0000	0.0000	0.0000	0.0000	0.0000	0.0000	0.0000	0.0000	0.0000	0.0000	0.0000	0.0000	0.0000	0.0000	0.0000	0.0000	0.0000	0.0000	0.0000	3.9676	0.0000	1.0007	0.0000	0.0000	0.0000	0.0000	0.0000	0.0000	0.0000	0.0000	0.0000	0.0000	0.0000	0.0000	0.0000	0.0000	0.0000	0.0000	0.0000	0.0000	0.0000	0.0000	0.0000	0.0000	0.0000	0.0000	0.0000	0.0000	0.0000	0.0000	0.0000	0.0000	0.0000	0.0000	0.0000	0.0000	0.0000	0.0000	0.0000	0.0000	0.0000	0.0000	0.0000	0.0000	0.0000	0.0000	0.0000	0.0000	0.0000	0.0000	0.0000	0.0000	0.0000	0.0000	0.0000	0.0000											
13	31	0.0848	3	1	2	0	1	0	0	0	0	N	Y	N	N	N	N	N	N	N	N	N	N	0.0000	0.0000	0.0000	0.0000	0.0000	0.0000	0.0000	0.0000	0.0000	0.0000	0.0000	0.0000	0.0000	0.0000	0.0000	0.0000	0.0000	0.0000	0.0000	0.0000	0.0000	5.0000	0.0000	3.0000	0.0000	0.0000	0.0000	0.0000	0.0000	0.0000	0.0000	0.0000	0.0000	0.0000	0.0000	0.0000	0.0000	0.0000	0.0000	0.0000	0.0000	0.0000	0.0000	0.0000	0.0000	0.0000	0.0000	0.0000	0.0000	0.0000	0.0000	0.0000	0.0000	0.0000	0.0000	0.0000	0.0000	0.0000	0.0000	0.0000	0.0000	0.0000	0.0000	0.0000	0.0000	0.0000	0.0000	0.0000	0.0000	0.0000	0.0000	0.0000	0.0000	0.0000	0.0000	0.0000	0.0000	0.0000											
13	32	0.1269	4	0	1	1	1	0	0	0	0	N	N	N	N	N	N	N	N	N	N	N	N	0.0000	0.0000	0.0000	0.0000	0.0000	0.0000	0.0000	0.0000	0.0000	0.0000	0.0000	0.0000	0.0000	0.0000	0.0000	0.0000	0.0000	0.0000	0.0000	0.0000	0.0000	0.0319	0.0000	1.0050	0.0000	0.0000	0.0000	0.0000	0.0000	0.0000	0.0000	0.0000	0.0000	0.0000	0.0000	0.0000	0.0000	0.0000	0.0000	0.0000	0.0000	0.0000	0.0000	0.0000	0.0000	0.0000	0.0000	0.0000	0.0000	0.0000	0.0000	0.0000	0.0000	0.0000	0.0000	0.0000	0.0000	0.0000	0.0000	0.0000	0.0000	0.0000	0.0000	0.0000	0.0000	0.0000	0.0000	0.0000	0.0000	0.0000	0.0000	0.0000	0.0000	0.0000	0.0000	0.0000	0.0000	0.0000											
13	33	0.0980	5	0	2	0	1	0	0	0	0	N	Y	N	N	N	N	N	N	N	N	N	N	0.0000	0.0000	0.0000	0.0000	0.0000	0.0000	0.0000	0.0000	0.0000	0.0000	0.0000	0.0000	0.0000	0.0000	0.0000	0.0000	0.0000	0.0000	0.0000	0.0000	0.0000	0.0023	0.0000	1.0003	0.0000	0.0000	0.0000	0.0000	0.0000	0.0000	0.0000	0.0000	0.0000	0.0000	0.0000	0.0000	0.0000	0.0000	0.0000	0.0000	0.0000	0.0000	0.0000	0.0000	0.0000	0.0000	0.0000	0.0000	0.0000	0.0000	0.0000	0.0000	0.0000	0.0000	0.0000	0.0000	0.0000	0.0000	0.0000	0.0000	0.0000	0.0000	0.0000	0.0000	0.0000	0.0000	0.0000	0.0000	0.0000	0.0000	0.0000	0.0000	0.0000	0.0000	0.0000	0.0000	0.0000	0.0000											
13	34	0.0848	3	1	1	1	1	0	0	0	0	N	N	N	N	N	N	N	N	N	N	N	N	0.0000	0.0000	0.0000	0.0000	0.0000	0.0000	0.0000	0.0000	0.0000	0.0000	0.0000	0.0000	0.0000	0.0000	0.0000	0.0000	0.0000	0.0000	0.0000	0.0000	0.0000	3.0000	0.0000	5.0006	0.0000	0.0000	0.0000	0.0000	0.0000	0.0000	0.0000	0.0000	0.0000	0.0000	0.0000	0.0000	0.0000	0.0000	0.0000	0.0000	0.0000	0.0000	0.0000	0.0000	0.0000	0.0000	0.0000	0.0000	0.0000	0.0000	0.0000	0.0000	0.0000	0.0000	0.0000	0.0000	0.0000	0.0000	0.0000	0.0000	0.0000	0.0000	0.0000	0.0000	0.0000	0.0000	0.0000	0.0000	0.0000	0.0000	0.0000	0.0000	0.0000	0.0000	0.0000	0.0000	0.0000	0.0000											
13	35	0.0848	3	0	2	0	2	0	0	0	0	N	Y	N	Y	N	N	N	N	N	N	N	N	0.0000	0.0000	0.0000	0.0000	0.0000	0.0000	0.0000	0.0000	0.0000	0.0000	0.0000	0.0000	0.0000	0.0000	0.0000	0.0000	0.0000	0.0000	0.0000	0.0000	0.0000	3.0000	0.0000	2.0006	0.0000	0.0000	0.0000	0.0000	0.0000	0.0000	0.0000	0.0000	0.0000	0.0000	0.0000	0.0000	0.0000	0.0000	0.0000	0.0000	0.0000	0.0000	0.0000	0.0000	0.0000	0.0000	0.0000	0.0000	0.0000	0.0000	0.0000	0.0000	0.0000	0.0000	0.0000	0.0000	0.0000	0.0000	0.0000	0.0000	0.0000	0.0000	0.0000	0.0000	0.0000	0.0000	0.0000	0.0000	0.0000	0.0000	0.0000	0.0000	0.0000	0.0000	0.0000	0.0000	0.0000	0.0000											
13	36	0.0848	3	1	1	1	1	0	0	0	0	N	N	N	N	N	N	N	N	N	N	N	N	0.0000	0.0000	0.0000	0.0000	0.0000	0.0000	0.0000	0.0000	0.0000	0.0000	0.0000	0.0000	0.0000	0.0000	0.0000	0.0000	0.0000	0.0000	0.0000	0.0000	0.0000	4.0000	0.0000	5.0006	0.0000	0.0000	0.0000	0.0000	0.0000	0.0000	0.0000	0.0000	0.0000	0.0000	0.0000	0.0000	0.0000	0.0000	0.0000	0.0000	0.0000	0.0000	0.0000	0.0000	0.0000	0.0000	0.0000	0.0000	0.0000	0.0000	0.0000	0.0000	0.0000	0.0000	0.0000	0.0000	0.0000	0.0000	0.0000	0.0000	0.0000	0.0000	0.0000	0.0000	0.0000	0.0000	0.0000	0.0000	0.0000	0.0000	0.0000	0.0000	0.0000	0.0000	0.0000	0.0000	0.0000	0.0000											
13	37	0.0848	3	1	1	1	1	0	0	0	0	N	N	N	N	N	N	N	N	N	N	N	N	0.0000	0.0000	0.0000	0.0000	0.0000	0.0000	0.0000	0.0000	0.0000	0.0000	0.0000	0.0000	0.0000	0.0000	0.0000	0.0000	0.0000	0.0000	0.0000	0.0000	0.0000	3.0000	0.0000	4.0006	0.0000	0.0000	0.0000	0.0000	0.0000	0.0000	0.0000	0.0000	0.0000	0.0000	0.0000	0.0000	0.0000	0.0000	0.0000	0.0000	0.0000	0.0000	0.0000	0.0000	0.0000	0.0000	0.0000	0.0000	0.0000	0.0000	0.0000	0.0000	0.0000	0.0000	0.0000	0.0000	0.0000	0.0000	0.0000	0.0000	0.0000	0.0000	0.0000	0.0000	0.0000	0.0000	0.0000	0.0000	0.0000	0.0000	0.0000	0.0000	0.0000	0.0000	0.0000	0.0000	0.0000	0.0000											
13	38	0.0980	5	0	1	1	1	0	0	0	0	N	N	N	N	N	N	N	N	N	N	N	N	0.0000	0.0000	0.0000	0.0000	0.0000	0.0000	0.0000	0.0000	0.0000	0.0000	0.0000	0.0000	0.0000	0.0000	0.0000	0.0000	0.0000	0.0000	0.0000	0.0000	0.0000	1.0023	0.0000	0.0007	0.0000	0.0000	0.0000	0.0000	0.0000	0.0000	0.0000	0.0000	0.0000	0.0000	0.0000	0.0000	0.0000	0.0000	0.0000	0.0000	0.0000	0.0000	0.0000	0.0000	0.0000	0.0000	0.0000	0.0000	0.0000	0.0000	0.0000	0.0000	0.0000	0.0000	0.0000	0.0000	0.0000	0.0000	0.0000	0.0000	0.0000	0.0000	0.0000	0.0000	0.0000	0.0000	0.0000	0.0000	0.0000	0.0000	0.0000	0.0000	0.0000	0.0000	0.0000	0.0000	0.0000	0.0000											
13	39	0.0980	4	0	1	0	1	0	0	0	0	N	N	N	N	N	N	N	N	N	N	N	N	0.0000	0.0000	0.0000	0.0000	0.0000	0.0000	0.0000	0.0000	0.0000	0.0000	0.0000	0.0000	0.0000	0.0000	0.0000	0.0000	0.0000	0.0000	0.0000	0.0000	0.0000	0.0347	0.0000	0.0013	0.0000	0.0000	0.0000	0.0000	0.0000	0.0000	0.0000	0.0000	0.0000	0.0000	0.0000	0.0000	0.0000	0.0000	0.0000	0.0000	0.0000	0.0000	0.0000	0.0000	0.0000	0.0000	0.0000	0.0000	0.0000	0.0000	0.0000	0.0000	0.0000	0.0000	0.0000	0.0000	0.0000	0.0000	0.0000	0.0000	0.0000	0.0000	0.0000	0.0000	0.0000	0.0000	0.0000	0.0000	0.0000	0.0000	0.0000	0.0000	0.0000	0.0000	0.0000	0.0000	0.0000	0.0000											
13	40	0.0848	3	0	1	0	1	0	0	0	0	N	N	N	N	N	N	N	N	N	N	N	N	0.0000	0.0000	0.0000	0.0000	0.0000	0.0000	0.0000	0.0000	0.0000	0.0000	0.0000	0.0000	0.0000	0.0000	0.0000	0.0000	0.0000	0.0000	0.0000	0.0000	0.0000	3.9674	0.0000	1.0003	0.0000	0.0000	0.0000	0.0000	0.0000	0.0000	0.0000	0.0000	0.0000	0.0000	0.0000	0.0000	0.0000	0.0000	0.0000	0.0000	0.0000	0.0000	0.0000	0.0000	0.0000	0.0000	0.0000	0.0000	0.0000	0.0000	0.0000	0.0000	0.0000	0.0000	0.0000	0.0000	0.0000	0.0000	0.0000	0.0000	0.0000	0.0000	0.0000	0.0000	0.0000	0.0000	0.0000	0.0000	0.0000	0.0000	0.0000	0.0000	0.0000	0.0000	0.0000	0.0000	0.0000	0.0000											
13	41	0.1379	5	0	2	0	1	0	0	0	0	N	Y	N	N	N	N	N	N	N	N	N	N	0.0000	0.0000	0.0000	0.0000	0.0000	0.0000	0.0000	0.0000	0.0000	0.0000	0.0000	0.0000	0.0000	0.0000	0.0000	0.0000	0.0000	0.0000	0.0000	0.0000	0.0000	1.0144	0.0000	1.0128	0.0000	0.0000	0.0000	0.0000	0.0000	0.0000	0.0000	0.0000	0.0000	0.0000	0.0000	0.0000	0.0000	0.0000	0.0000	0.0000	0.0000	0.0000	0.0000	0.0000	0.0000	0.0000	0.0000	0.0000	0.0000	0.0000	0.0000	0.0000	0.0000	0.0000	0.0000	0.0000	0.0000	0.0000	0.0000	0.0000	0.0000	0.0000	0.0000	0.0000	0.0000	0.0000	0.0000	0.0000	0.0000	0.0000	0.0000	0.0000	0.0000	0.0000	0.0000	0.0000	0.0000	0.0000											
13	42	0.0848	3	1	2	1	1	0	0	0	0	N	Y	N	N	N	N	N	N	N	N	N	N	0.0000	0.0000	0.0000	0.0000	0.0000	0.0000	0.0000	0.0000	0.0000	0.0000	0.0000	0.0000	0.0000	0.0000	0.0000	0.0000	0.0000	0.0000	0.0000	0.0000	0.0000	3.0000	0.0000	2.9994	0.0000	0.0000	0.0000	0.0000	0.0000	0.0000	0.0000	0.0000	0.0000	0.0000	0.0000	0.0000	0.0000	0.0000	0.0000	0.0000	0.0000	0.0000	0.0000	0.0000	0.0000	0.0000	0.0000	0.0000	0.0000	0.0000	0.0000	0.0000	0.0000	0.0000	0.0000	0.0000	0.0000	0.0000	0.0000	0.0000	0.0000	0.0000	0.0000	0.0000	0.0000	0.0000	0.0000	0.0000	0.0000	0.0000	0.0000	0.0000	0.0000	0.0000	0.0000	0.0000	0.0000	0.0000											
13	43	0.0848	3	1	2	1	1	0	0	0	0	N	Y	N	N	N	N	N	N	N	N	N	N	0.0000	0.0000	0.0000	0.0000	0.0000	0.0000	0.0000	0.0000	0.0000	0.0000	0.0000	0.0000	0.0000	0.0000	0.0000	0.0000	0.0000	0.0000	0.0000	0.0000	0.0000	4.0000	0.0000	4.9994	0.0000	0.0000	0.0000	0.0000	0.0000	0.0000	0.0000	0.0000	0.0000	0.0000	0.0000	0.0000	0.0000	0.0000	0.0000	0.0000	0.0000	0.0000	0.0000	0.0000	0.0000	0.0000	0.0000	0.0000	0.0000	0.0000	0.0000	0.0000	0.0000	0.0000	0.0000	0.0000	0.0000	0.0000	0.0000	0.0000	0.0000	0.0000	0.0000	0.0000	0.0000	0.0000	0.0000	0.0000	0.0000	0.0000	0.0000	0.0000	0.0000	0.0000	0.0000	0.0000	0.0000	0.0000											
13	44	0.2224	4	1	2	0	1	0	0	0	0	N	Y	N	N	N	N	N	N	N	N	N	N	0.0000	0.0000	0.0000	0.0000	0.0000	0.0000	0.0000	0.0000	0.0000	0.0000	0.0000	0.0000	0.0000	0.0000	0.0000	0.0000	0.0000	0.0000	0.0000	0.0000	0.0000	2.0000	0.0000	1.0000	0.0000	0.0000	0.0000	0.0000	0.0000	0.0000	0.0000	0.0000	0.0000	0.0000	0.0000	0.0000	0.0000	0.0000	0.0000	0.0000	0.0000	0.0000	0.0000	0.0000	0.0000	0.0000	0.0000	0.0000	0.0000	0.0000	0.0000	0.0000	0.0000	0.0000	0.0000	0.0000	0.0000	0.0000	0.0000	0.0000	0.0000	0.0000	0.0000	0.0000	0.0000	0.0000	0.0000	0.0000	0.0000	0.0000	0.0000	0.0000	0.0000	0.0000	0.0000	0.0000	0.0000	0.0000											
13	45	0.1500	5	0	2	0	2	0	0	0	0	N	Y	N	Y	N	N	N	N	N	N	N	N	0.0000	0.0000	0.0000	0.0000	0.0000	0.0000	0.0000	0.0000	0.0000	0.0000	0.0000	0.0000	0.0000	0.0000	0.0000	0.0000	0.0000	0.0000	0.0000	0.0000	0.0000	1.0000	0.0000	0.0000	0.0000	0.0000	0.0000	0.0000	0.0000	0.0000	0.0000	0.0000	0.0000	0.0000	0.0000	0.0000	0.0000	0.0000	0.0000	0.0000	0.0000	0.0000	0.0000	0.0000	0.0000	0.0000	0.0000	0.0000	0.0000	0.0000	0.0000	0.0000	0.0000	0.0000	0.0000	0.0000	0.0000	0.0000	0.0000	0.0000	0.0000	0.0000	0.0000	0.0000	0.0000	0.0000	0.0000	0.0000	0.0000	0.0000	0.0000	0.0000	0.0000	0.0000	0.0000	0.0000	0.0000	0.0000											
13	46	0.1500	5	0	1	0	2	0	0	0	0	N	N	N	Y	N	N	N	N	N	N	N	N	0.0000	0.0000	0.0000	0.0000	0.0000	0.0000	0.0000	0.0000	0.0000	0.0000	0.0000	0.0000	0.0000	0.0000	0.0000	0.0000	0.0000	0.0000	0.0000	0.0000	0.0000	0.0000	0.0000	0.0000	0.0000	0.0000	0.0000	0.0000	0.0000	0.0000	0.0000	0.0000	0.0000	0.0000	0.0000	0.0000	0.0000	0.0000	0.0000	0.0000	0.0000	0.0000	0.0000	0.0000	0.0000	0.0000	0.0000	0.0000	0.0000	0.0000	0.0000	0.0000	0.0000	0.0000	0.0000	0.0000	0.0000	0.0000	0.0000	0.0000	0.0000	0.0000	0.0000	0.0000	0.0000	0.0000	0.0000	0.0000	0.0000	0.0000	0.0000	0.0000	0.0000	0.0000	0.0000	0.0000	0.0000	0.0000											
13	47	0.1171	4	0	1	0	2	0	0	0	0	N	N	N	Y	N	N	N	N	N	N	N	N	0.0000	0.0000	0.0000	0.0000	0.0000	0.0000	0.0000	0.0000	0.0000	0.0000	0.0000	0.0000	0.0000	0.0000	0.0000	0.0000	0.0000	0.0000	0.0000	0.0000	0.0000	2.0873	0.0000	1.9360	0.0000	0.0000	0.0000	0.0000	0.0000	0.0000	0.0000	0.0000	0.0000	0.0000	0.0000	0.0000	0.0000	0.0000	0.0000	0.0000	0.0000	0.0000	0.0000	0.0000	0.0000	0.0000	0.0000	0.0000	0.0000	0.0000	0.0000	0.0000	0.0000	0.0000	0.0000	0.0000	0.0000	0.0000	0.0000	0.0000	0.0000	0.0000	0.0000	0.0000	0.0000	0.0000	0.0000	0.0000	0.0000	0.0000	0.0000	0.0000	0.0000	0.0000	0.0000	0.0000	0.0000	0.0000											
13	48	0.0848	3	0	1	0	2	0	0	0	0	N	N	N	Y	N	N	N	N	N	N	N	N	0.0000	0.0000	0.0000	0.0000	0.0000	0.0000	0.0000	0.0000	0.0000	0.0000	0.0000	0.0000	0.0000	0.0000	0.0000	0.0000	0.0000	0.0000	0.0000	0.0000	0.0000	3.9129	0.0000	0.7267	0.0000	0.0000	0.0000	0.0000	0.0000	0.0000	0.0000	0.0000	0.0000	0.0000	0.0000	0.0000	0.0000	0.0000	0.0000	0.0000	0.0000	0.0000	0.0000	0.0000	0.0000	0.0000	0.0000	0.0000	0.0000	0.0000	0.0000	0.0000	0.0000	0.0000	0.0000	0.0000	0.0000	0.0000	0.0000	0.0000	0.0000	0.0000	0.0000	0.0000	0.0000	0.0000	0.0000	0.0000	0.0000	0.0000	0.0000	0.0000	0.0000	0.0000	0.0000	0.0000	0.0000	0.0000											
13	49	0.0848	3	0	2	1	1	0	0	0	0	N	Y	N	N	N	N	N	N	N	N	N	N	0.0000	0.0000	0.0000	0.0000	0.0000	0.0000	0.0000	0.0000	0.0000	0.0000	0.0000	0.0000	0.0000	0.0000	0.0000	0.0000	0.0000	0.0000	0.0000	0.0000	0.0000	6.0000	0.0000	4.0006	0.0000	0.0000	0.0000	0.0000	0.0000	0.0000	0.0000	0.0000	0.0000	0.0000	0.0000	0.0000	0.0000	0.0000	0.0000	0.0000	0.0000	0.0000	0.0000	0.0000	0.0000	0.0000	0.0000	0.0000	0.0000	0.0000	0.0000	0.0000	0.0000	0.0000	0.0000	0.0000	0.0000	0.0000	0.0000	0.0000	0.0000	0.0000	0.0000	0.0000	0.0000	0.0000	0.0000	0.0000	0.0000	0.0000	0.0000	0.0000	0.0000	0.0000	0.0000	0.0000	0.0000	0.0000											
13	50	0.0848	3	1	1	1	1	0	0	0	0	N	N	N	N	N	N	N	N	N	N	N	N	0.0000	0.0000	0.0000	0.0000	0.0000	0.0000	0.0000	0.0000	0.0000	0.0000	0.0000	0.0000	0.0000	0.0000	0.0000	0.0000	0.0000	0.0000	0.0000	0.0000	0.0000	6.0000	0.0000	3.0006	0.0000	0.0000	0.0000	0.0000	0.0000	0.0000	0.0000	0.0000	0.0000	0.0000	0.0000	0.0000	0.0000	0.0000	0.0000	0.0000	0.0000	0.0000	0.0000	0.0000	0.0000	0.0000	0.0000	0.0000	0.0000	0.0000	0.0000	0.0000	0.0000	0.0000	0.0000	0.0000	0.0000	0.0000	0.0000	0.0000	0.0000	0.0000	0.0000	0.0000	0.0000	0.0000	0.0000	0.0000	0.0000	0.0000	0.0000	0.0000	0.0000	0.0000	0.0000	0.0000	0.0000	0.0000											
13	51	0.1226	4	1	2	0	1	0	0	0	0	N	Y	N	N	N	N	N	N	N	N	N	N	0.0000	0.0000	0.0000	0.0000	0.0000	0.0000	0.0000	0.0000	0.0000	0.0000	0.0000	0.0000	0.0000	0.0000	0.0000	0.0000	0.0000	0.0000	0.0000	0.0000	0.0000	1.0314	0.0000	3.0033	0.0000	0.0000	0.0000	0.0000	0.0000	0.0000	0.0000	0.0000	0.0000	0.0000	0.0000	0.0000	0.0000	0.0000	0.0000	0.0000	0.0000	0.0000	0.0000	0.0000	0.0000	0.0000	0.0000	0.0000	0.0000	0.0000	0.0000	0.0000	0.0000	0.0000	0.0000	0.0000	0.0000	0.0000	0.0000	0.0000	0.0000	0.0000	0.0000	0.0000	0.0000	0.0000	0.0000	0.0000	0.0000	0.0000	0.0000	0.0000	0.0000	0.0000	0.0000	0.0000	0.0000	0.0000											
13	52	0.0848	3	1	2	0	1	0	0	0	0	N	Y	N	N	N	N	N	N	N	N	N	N	0.0000	0.0000	0.0000	0.0000	0.0000	0.0000	0.0000	0.0000	0.0000	0.0000	0.0000	0.0000	0.0000	0.0000	0.0000	0.0000	0.0000	0.0000	0.0000	0.0000	0.0000	4.9791	0.0000	0.0710	0.0000	0.0000	0.0000	0.0000	0.0000	0.0000	0.0000	0.0000	0.0000	0.0000	0.0000	0.0000	0.0000	0.0000	0.0000	0.0000	0.0000	0.0000	0.0000	0.0000	0.0000	0.0000	0.0000	0.0000	0.0000	0.0000	0.0000	0.0000	0.0000	0.0000	0.0000	0.0000	0.0000	0.0000	0.0000	0.0000	0.0000	0.0000	0.0000	0.0000	0.0000	0.0000	0.0000	0.0000	0.0000	0.0000	0.0000	0.0000	0.0000	0.0000	0.0000	0.0000	0.0000	0.0000											
13	53	0.0848	3	0	2	0	1	0	0	0	0	N	Y	N	N	N	N	N	N	N	N	N	N	0.0000	0.0000	0.0000	0.0000	0.0000	0.0000	0.0000	0.0000	0.0000	0.0000	0.0000	0.0000	0.0000	0.0000	0.0000	0.0000	0.0000	0.0000	0.0000	0.0000	0.0000	6.0000	0.0000	4.0006	0.0000	0.0000	0.0000	0.0000	0.0000	0.0000	0.0000	0.0000	0.0000	0.0000	0.0000	0.0000	0.0000	0.0000	0.0000	0.0000	0.0000	0.0000	0.0000	0.0000	0.0000	0.0000	0.0000	0.0000	0.0000	0.0000	0.0000	0.0000	0.0000	0.0000	0.0000	0.0000	0.0000	0.0000	0.0000	0.0000	0.0000	0.0000	0.0000	0.0000	0.0000	0.0000	0.0000	0.0000	0.0000	0.0000	0.0000	0.0000	0.0000	0.0000	0.0000	0.0000	0.0000	0.0000											
13	54	0.1379	5	0	1	1	1	0	0	0	0	N	N	N	N	N	N	N	N	N	N	N	N	0.0000	0.0000	0.0000	0.0000	0.0000	0.0000	0.0000	0.0000	0.0000	0.0000	0.0000	0.0000	0.0000	0.0000	0.0000	0.0000	0.0000	0.0000	0.0000	0.0000	0.0000	0.0147	0.0000	0.9910	0.0000	0.0000	0.0000	0.0000	0.0000	0.0000	0.0000	0.0000	0.0000	0.0000	0.0000	0.0000	0.0000	0.0000	0.0000	0.0000	0.0000	0.0000	0.0000	0.0000	0.0000	0.0000	0.0000	0.0000	0.0000	0.0000	0.0000	0.0000	0.0000	0.0000	0.0000	0.0000	0.0000	0.0000	0.0000	0.0000	0.0000	0.0000	0.0000	0.0000	0.0000	0.0000	0.0000	0.0000	0.0000	0.0000	0.0000	0.0000	0.0000	0.0000	0.0000	0.0000	0.0000	0.0000											
13	55	0.1269	4	0	1	0	1	0	0	0	0	N	N	N	N	N	N	N	N	N	N	N	N	0.0000	0.0000	0.0000	0.0000	0.0000	0.0000	0.0000	0.0000	0.0000	0.0000	0.0000	0.0000	0.0000	0.0000	0.0000	0.0000	0.0000	0.0000	0.0000	0.0000	0.0000	0.9556	0.0000	1.0192	0.0000	0.0000	0.0000	0.0000	0.0000	0.0000	0.0000	0.0000	0.0000	0.0000	0.0000	0.0000	0.0000	0.0000	0.0000	0.0000	0.0000	0.0000	0.0000	0.0000	0.0000	0.0000	0.0000	0.0000	0.0000	0.0000	0.0000	0.0000	0.0000	0.0000	0.0000	0.0000	0.0000	0.0000	0.0000	0.0000	0.0000	0.0000	0.0000	0.0000	0.0000	0.0000	0.0000	0.0000	0.0000	0.0000	0.0000	0.0000	0.0000	0.0000	0.0000	0.0000	0.0000	0.0000											
13	56	0.0848	3	0	1	0	1	0	0	0	0	N	N	N	N	N	N	N	N	N	N	N	N	0.0000	0.0000	0.0000	0.0000	0.0000	0.0000	0.0000	0.0000	0.0000	0.0000	0.0000	0.0000	0.0000	0.0000	0.0000	0.0000	0.0000	0.0000	0.0000	0.0000	0.0000	3.0309	0.0000	3.0097	0.0000	0.0000	0.0000	0.0000	0.0000	0.0000	0.0000	0.0000	0.0000	0.0000	0.0000	0.0000	0.0000	0.0000	0.0000	0.0000	0.0000	0.0000	0.0000	0.0000	0.0000	0.0000	0.0000	0.0000	0.0000	0.0000	0.0000	0.0000	0.0000	0.0000	0.0000	0.0000	0.0000	0.0000	0.0000	0.0000	0.0000	0.0000	0.0000	0.0000	0.0000	0.0000	0.0000	0.0000	0.0000	0.0000	0.0000	0.0000	0.0000	0.0000	0.0000	0.0000	0.0000	0.0000											
13	57	0.0848	3	0	1	0	1	0	0	0	0	N	N	N	N	N	N	N	N	N	N	N	N	0.0000	0.0000	0.0000	0.0000	0.0000	0.0000	0.0000	0.0000	0.0000	0.0000	0.0000	0.0000	0.0000	0.0000	0.0000	0.0000	0.0000	0.0000	0.0000	0.0000	0.0000	3.0000	0.0000	3.0006	0.0000	0.0000	0.0000	0.0000	0.0000	0.0000	0.0000	0.0000	0.0000	0.0000	0.0000	0.0000	0.0000	0.0000	0.0000	0.0000	0.0000	0.0000	0.0000	0.0000	0.0000	0.0000	0.0000	0.0000	0.0000	0.0000	0.0000	0.0000	0.0000	0.0000	0.0000	0.0000	0.0000	0.0000	0.0000	0.0000	0.0000	0.0000	0.0000	0.0000	0.0000	0.0000	0.0000	0.0000	0.0000	0.0000	0.0000	0.0000	0.0000	0.0000	0.0000	0.0000	0.0000	0.0000											
13	58	0.2304	5	0	1	0	1	0	0	0	0	N	N	N	N	N	N	N	N	N	N	N	N	0.0000	0.0000	0.0000	0.0000	0.0000	0.0000	0.0000	0.0000	0.0000	0.0000	0.0000	0.0000	0.0000	0.0000	0.0000	0.0000	0.0000	0.0000	0.0000	0.0000	0.0000	10.2575	0.0000	3.8960	0.0000	0.0000	0.0000	0.0000	0.0000	0.0000	0.0000	0.0000	0.0000	0.0000	0.0000	0.0000	0.0000	0.0000	0.0000	0.0000	0.0000	0.0000	0.0000	0.0000	0.0000	0.0000	0.0000	0.0000	0.0000	0.0000	0.0000	0.0000	0.0000	0.0000	0.0000	0.0000	0.0000	0.0000	0.0000	0.0000	0.0000	0.0000	0.0000	0.0000	0.0000	0.0000	0.0000	0.0000	0.0000	0.0000	0.0000	0.0000	0.0000	0.0000	0.0000	0.0000	0.0000	0.0000											
13	59	0.2044	4	1	2	1	1	0	0	0	0	N	Y	N	N	N	N	N	N	N	N	N	N	0.0000	0.0000	0.0000	0.0000	0.0000	0.0000	0.0000	0.0000	0.0000	0.0000	0.0000	0.0000	0.0000	0.0000	0.0000	0.0000	0.0000	0.0000	0.0000	0.0000	0.0000	0.0000	0.0000	0.0000	0.0000	0.0000	0.0000	0.0000	0.0000	0.0000	0.0000	0.0000	0.0000	0.0000	0.0000	0.0000	0.0000	0.0000	0.0000	0.0000	0.0000	0.0000	0.0000	0.0000	0.0000	0.0000	0.0000	0.0000	0.0000	0.0000	0.0000	0.0000	0.0000	0.0000	0.0000	0.0000	0.0000	0.0000	0.0000	0.0000	0.0000	0.0000	0.0000	0.0000	0.0000	0.0000	0.0000	0.0000	0.0000	0.0000	0.0000	0.0000	0.0000	0.0000	0.0000	0.0000	0.0000	0.0000											
13	60	0.0848	3	1	1	1	1	0	0	0	0	N	N	N	N	N	N	N	N	N	N	N	N	0.0000	0.0000	0.0000	0.0000	0.0000	0.0000	0.0000	0.0000	0.0000	0.0000	0.0000	0.0000	0.0000	0.0000	0.0000	0.0000	0.0000	0.0000	0.0000	0.0000	0.0000	7.0000	0.0000	3.9994	0.0000	0.0000	0.0000	0.0000	0.0000	0.0000	0.0000	0.0000	0.0000	0.0000	0.0000	0.0000	0.0000	0.0000	0.0000	0.0000	0.0000	0.0000	0.0000	0.0000	0.0000	0.0000	0.0000	0.0000	0.0000	0.0000	0.0000	0.0000	0.0000	0.0000	0.0000	0.0000	0.0000	0.0000	0.0000	0.0000	0.0000	0.0000	0.0000	0.0000	0.0000	0.0000	0.0000	0.0000	0.0000	0.0000	0.0000	0.0000	0.0000	0.0000	0.0000	0.0000	0.0000	0.0000											
13	61	0.1673	4	1	1	1	1	0	0	0	0	N	N	N	N	N	N	N	N	N	N	N	N	0.0000	0.0000	0.0000	0.0000	0.0000	0.0000	0.0000	0.0000	0.0000	0.0000	0.0000	0.0000	0.0000	0.0000	0.0000	0.0000	0.0000	0.0000	0.0000	0.0000	0.0000	2.0000	0.0000	0.0000	0.0000	0.0000	0.0000	0.0000	0.0000	0.0000	0.0000	0.0000	0.0000	0.0000	0.0000	0.0000	0.0000	0.0000	0.0000	0.0000	0.0000	0.0000	0.0000	0.0000	0.0000	0.0000	0.0000	0.0000	0.0000	0.0000	0.0000	0.0000	0.0000	0.0000	0.0000	0.0000	0.0000	0.0000	0.0000	0.0000	0.0000	0.0000	0.0000	0.0000	0.0000	0.0000	0.0000	0.0000	0.0000	0.0000	0.0000	0.0000	0.0000	0.0000	0.0000	0.0000	0.0000	0.0000											
13	62	0.0848	3	1	1	1	1	0	0	0	0	N	N	N	N	N	N	N	N	N	N	N	N	0.0000	0.0000	0.0000	0.0000	0.0000	0.0000	0.0000	0.0000	0.0000	0.0000	0.0000	0.0000	0.0000	0.0000	0.0000	0.0000	0.0000	0.0000	0.0000	0.0000	0.0000	4.0000	0.0000	3.9994	0.0000	0.0000	0.0000	0.0000	0.0000	0.0000	0.0000	0.0000	0.0000	0.0000	0.0000	0.0000	0.0000	0.0000	0.0000	0.0000	0.0000	0.0000	0.0000	0.0000	0.0000	0.0000	0.0000	0.0000	0.0000	0.0000	0.0000	0.0000	0.0000	0.0000	0.0000	0.0000	0.0000	0.0000	0.0000	0.0000	0.0000	0.0000	0.0000	0.0000	0.0000	0.0000	0.0000	0.0000	0.0000	0.0000	0.0000	0.0000	0.0000	0.0000	0.0000	0.0000	0.0000	0.0000											
13	63	0.0848	3	0	2	0	1	0	0	0	0	N	Y	N	N	N	N	N	N	N	N	N	N	0.0000	0.0000	0.0000	0.0000	0.0000	0.0000	0.0000	0.0000	0.0000	0.0000	0.0000	0.0000	0.0000	0.0000	0.0000	0.0000	0.0000	0.0000	0.0000	0.0000	0.0000	7.0000	0.0000	4.0000	0.0000	0.0000	0.0000	0.0000	0.0000	0.0000	0.0000	0.0000	0.0000	0.0000	0.0000	0.0000	0.0000	0.0000	0.0000	0.0000	0.0000	0.0000	0.0000	0.0000	0.0000	0.0000	0.0000	0.0000	0.0000	0.0000	0.0000	0.0000	0.0000	0.0000	0.0000	0.0000	0.0000	0.0000	0.0000	0.0000	0.0000	0.0000	0.0000	0.0000	0.0000	0.0000	0.0000	0.0000	0.0000	0.0000	0.0000	0.0000	0.0000	0.0000	0.0000	0.0000	0.0000	0.0000											
13	64	0.1915	6	0	1	1	1	0	0	0	0	N	N	N	N	N	N	N	N	N	N	N	N	0.0000	0.0000	0.0000	0.0000	0.0000	0.0000	0.0000	0.0000	0.0000	0.0000	0.0000	0.0000	0.0000	0.0000	0.0000	0.0000	0.0000	0.0000	0.0000	0.0000	0.0000	0.0000	0.0000	0.0000	0.0000	0.0000	0.0000	0.0000	0.0000	0.0000	0.0000	0.0000	0.0000	0.0000	0.0000	0.0000	0.0000	0.0000	0.0000	0.0000	0.0000	0.0000	0.0000	0.0000	0.0000	0.0000	0.0000	0.0000	0.0000	0.0000	0.0000	0.0000	0.0000	0.0000	0.0000	0.0000	0.0000	0.0000	0.0000	0.0000	0.0000	0.0000	0.0000	0.0000	0.0000	0.0000	0.0000	0.0000	0.0000	0.0000	0.0000	0.0000	0.0000	0.0000	0.0000	0.0000	0.0000	0.0000											
13	65	0.1672	5	0	1	1	1	0	0	0	0	N	N	N	N	N	N	N	N	N	N	N	N	0.0000	0.0000	0.0000	0.0000	0.0000	0.0000	0.0000	0.0000	0.0000	0.0000	0.0000	0.0000	0.0000	0.0000	0.0000	0.0000	0.0000	0.0000	0.0000	0.0000	0.0000	0.8734	0.0000	1.0002	0.0000	0.0000	0.0000	0.0000	0.0000	0.0000	0.0000	0.0000	0.0000	0.0000	0.0000	0.0000	0.0000	0.0000	0.0000	0.0000	0.0000	0.0000	0.0000	0.0000	0.0000	0.0000	0.0000	0.0000	0.0000	0.0000	0.0000	0.0000	0.0000	0.0000	0.0000	0.0000	0.0000	0.0000	0.0000	0.0000	0.0000	0.0000	0.0000	0.0000	0.0000	0.0000	0.0000	0.0000	0.0000	0.0000	0.0000	0.0000	0.0000	0.0000	0.0000	0.0000	0.0000	0.0000											
13	66	0.1526	4	0	1	0	1	0	0	0	0	N	N	N	N	N	N	N	N	N	N	N	N	0.0000	0.0000	0.0000	0.0000	0.0000	0.0000	0.0000	0.0000	0.0000	0.0000	0.0000	0.0000	0.0000	0.0000	0.0000	0.0000	0.0000	0.0000	0.0000	0.0000	0.0000	1.0063	0.0000	0.0727	0.0000	0.0000	0.0000	0.0000	0.0000	0.0000	0.0000	0.0000	0.0000	0.0000	0.0000	0.0000	0.0000	0.0000	0.0000	0.0000	0.0000	0.0000	0.0000	0.0000	0.0000	0.0000	0.0000	0.0000	0.0000	0.0000	0.0000	0.0000	0.0000	0.0000	0.0000	0.0000	0.0000	0.0000	0.0000	0.0000	0.0000	0.0000	0.0000	0.0000	0.0000	0.0000	0.0000	0.0000	0.0000	0.0000	0.0000	0.0000	0.0000	0.0000	0.0000	0.0000	0.0000	0.0000											
13	67	0.0848	3	0	1	0	1	0	0	0	0	N	N	N	N	N	N	N	N	N	N	N	N	0.0000	0.0000	0.0000	0.0000	0.0000	0.0000	0.0000	0.0000	0.0000	0.0000	0.0000	0.0000	0.0000	0.0000	0.0000	0.0000	0.0000	0.0000	0.0000	0.0000	0.0000	4.0009	0.0000	1.0789	0.0000	0.0000	0.0000	0.0000	0.0000	0.0000	0.0000	0.0000	0.0000	0.0000	0.0000	0.0000	0.0000	0.0000	0.0000	0.0000	0.0000	0.0000	0.0000	0.0000	0.0000	0.0000	0.0000	0.0000	0.0000	0.0000	0.0000	0.0000	0.0000	0.0000	0.0000	0.0000	0.0000	0.0000	0.0000	0.0000	0.0000	0.0000	0.0000	0.0000	0.0000	0.0000	0.0000	0.0000	0.0000	0.0000	0.0000	0.0000	0.0000	0.0000	0.0000	0.0000	0.0000	0.0000											
13	68	0.0848	3	0	2	0	1	0	0	0	0	N	Y	N	N	N	N	N	N	N	N	N	N	0.0000	0.0000	0.0000	0.0000	0.0000	0.0000	0.0000	0.0000	0.0000	0.0000	0.0000	0.0000	0.0000	0.0000	0.0000	0.0000	0.0000	0.0000	0.0000	0.0000	0.0000	5.0000	0.0000	3.9994	0.0000	0.0000	0.0000	0.0000	0.0000	0.0000	0.0000	0.0000	0.0000	0.0000	0.0000	0.0000	0.0000	0.0000	0.0000	0.0000	0.0000	0.0000	0.0000	0.0000	0.0000	0.0000	0.0000	0.0000	0.0000	0.0000	0.0000	0.0000	0.0000	0.0000	0.0000	0.0000	0.0000	0.0000	0.0000	0.0000	0.0000	0.0000	0.0000	0.0000	0.0000	0.0000	0.0000	0.0000	0.0000	0.0000	0.0000	0.0000	0.0000	0.0000	0.0000	0.0000	0.0000	0.0000											
13	69	0.0848	3	1	1	1	1	0	0	0	0	N	N	N	N	N	N	N	N	N	N	N	N	0.0000	0.0000	0.0000	0.0000	0.0000	0.0000	0.0000	0.0000	0.0000	0.0000	0.0000	0.0000	0.0000	0.0000	0.0000	0.0000	0.0000	0.0000	0.0000	0.0000	0.0000	7.0000	0.0000	2.9994	0.0000	0.0000	0.0000	0.0000	0.0000	0.0000	0.0000	0.0000	0.0000	0.0000	0.0000	0.0000	0.0000	0.0000	0.0000	0.0000	0.0000	0.0000	0.0000	0.0000	0.0000	0.0000	0.0000	0.0000	0.0000	0.0000	0.0000	0.0000	0.0000	0.0000	0.0000	0.0000	0.0000	0.0000	0.0000	0.0000	0.0000	0.0000	0.0000	0.0000	0.0000	0.0000	0.0000	0.0000	0.0000	0.0000	0.0000	0.0000	0.0000	0.0000	0.0000	0.0000	0.0000	0.0000											
13	70	0.0848	3	0	2	0	2	0	0	0	0	N	Y	N	Y	N	N	N	N	N	N	N	N	0.0000	0.0000	0.0000	0.0000	0.0000	0.0000	0.0000	0.0000	0.0000	0.0000	0.0000	0.0000	0.0000	0.0000	0.0000	0.0000	0.0000	0.0000	0.0000	0.0000	0.0000	4.0000	0.0000	5.0006	0.0000	0.0000	0.0000	0.0000	0.0000	0.0000	0.0000	0.0000	0.0000	0.0000	0.0000	0.0000	0.0000	0.0000	0.0000	0.0000	0.0000	0.0000	0.0000	0.0000	0.0000	0.0000	0.0000	0.0000	0.0000	0.0000	0.0000	0.0000	0.0000	0.0000	0.0000	0.0000	0.0000	0.0000	0.0000	0.0000	0.0000	0.0000	0.0000	0.0000	0.0000	0.0000	0.0000	0.0000	0.0000	0.0000	0.0000	0.0000	0.0000	0.0000	0.0000	0.0000	0.0000	0.0000											
13	71	0.0848	3	0	2	0	1	0	0	0	0	N	Y	N	N	N	N	N	N	N	N	N	N	0.0000	0.0000	0.0000	0.0000	0.0000	0.0000	0.0000	0.0000	0.0000	0.0000	0.0000	0.0000	0.0000	0.0000	0.0000	0.0000	0.0000	0.0000	0.0000	0.0000	0.0000	7.0000	0.0000	4.9994	0.0000	0.0000	0.0000	0.0000	0.0000	0.0000	0.0000	0.0000	0.0000	0.0000	0.0000	0.0000	0.0000	0.0000	0.0000	0.0000	0.0000	0.0000	0.0000	0.0000	0.0000	0.0000	0.0000	0.0000	0.0000	0.0000	0.0000	0.0000	0.0000	0.0000	0.0000	0.0000	0.0000	0.0000	0.0000	0.0000	0.0000	0.0000	0.0000	0.0000	0.0000	0.0000	0.0000	0.0000	0.0000	0.0000	0.0000	0.0000	0.0000	0.0000	0.0000	0.0000	0.0000	0.0000											
13	72	0.1414	4	0	2	0	1	0	0	0	0	N	Y	N	N	N	N	N	N	N	N	N	N	0.0000	0.0000	0.0000	0.0000	0.0000	0.0000	0.0000	0.0000	0.0000	0.0000	0.0000	0.0000	0.0000	0.0000	0.0000	0.0000	0.0000	0.0000	0.0000	0.0000	0.0000	4.7764	0.0000	1.3205	0.0000	0.0000	0.0000	0.0000	0.0000	0.0000	0.0000	0.0000	0.0000	0.0000	0.0000	0.0000	0.0000	0.0000	0.0000	0.0000	0.0000	0.0000	0.0000	0.0000	0.0000	0.0000	0.0000	0.0000	0.0000	0.0000	0.0000	0.0000	0.0000	0.0000	0.0000	0.0000	0.0000	0.0000	0.0000	0.0000	0.0000	0.0000	0.0000	0.0000	0.0000	0.0000	0.0000	0.0000	0.0000	0.0000	0.0000	0.0000	0.0000	0.0000	0.0000	0.0000	0.0000	0.0000											
13	73	0.0848	3	0	2	0	1	0	0	0	0	N	Y	N	N	N	N	N	N	N	N	N	N	0.0000	0.0000	0.0000	0.0000	0.0000	0.0000	0.0000	0.0000	0.0000	0.0000	0.0000	0.0000	0.0000	0.0000	0.0000	0.0000	0.0000	0.0000	0.0000	0.0000	0.0000	3.3049	0.0000	2.7470	0.0000	0.0000	0.0000	0.0000	0.0000	0.0000	0.0000	0.0000	0.0000	0.0000	0.0000	0.0000	0.0000	0.0000	0.0000	0.0000	0.0000	0.0000	0.0000	0.0000	0.0000	0.0000	0.0000	0.0000	0.0000	0.0000	0.0000	0.0000	0.0000	0.0000	0.0000	0.0000	0.0000	0.0000	0.0000	0.0000	0.0000	0.0000	0.0000	0.0000	0.0000	0.0000	0.0000	0.0000	0.0000	0.0000	0.0000	0.0000	0.0000	0.0000	0.0000	0.0000	0.0000	0.0000											
13	74	0.1436	4	0	2	0	1	0	0	0	0	N	Y	N	N	N	N	N	N	N	N	N	N	0.0000	0.0000	0.0000	0.0000	0.0000	0.0000	0.0000	0.0000	0.0000	0.0000	0.0000	0.0000	0.0000	0.0000	0.0000	0.0000	0.0000	0.0000	0.0000	0.0000	0.0000	0.0000	0.0000	0.0000	0.0000	0.0000	0.0000	0.0000	0.0000	0.0000	0.0000	0.0000	0.0000	0.0000	0.0000	0.0000	0.0000	0.0000	0.0000	0.0000	0.0000	0.0000	0.0000	0.0000	0.0000	0.0000	0.0000	0.0000	0.0000	0.0000	0.0000	0.0000	0.0000	0.0000	0.0000	0.0000	0.0000	0.0000	0.0000	0.0000	0.0000	0.0000	0.0000	0.0000	0.0000	0.0000	0.0000	0.0000	0.0000	0.0000	0.0000	0.0000	0.0000	0.0000	0.0000	0.0000	0.0000	0.0000											
13	75	0.0848	3	0	2	0	1	0	0	0	0	N	Y	N	N	N	N	N	N	N	N	N	N	0.0000	0.0000	0.0000	0.0000	0.0000	0.0000	0.0000	0.0000	0.0000	0.0000	0.0000	0.0000	0.0000	0.0000	0.0000	0.0000	0.0000	0.0000	0.0000	0.0000	0.0000	4.3567	0.0000	2.3689	0.0000	0.0000	0.0000	0.0000	0.0000	0.0000	0.0000	0.0000	0.0000	0.0000	0.0000	0.0000	0.0000	0.0000	0.0000	0.0000	0.0000	0.0000	0.0000	0.0000	0.0000	0.0000	0.0000	0.0000	0.0000	0.0000	0.0000	0.0000	0.0000	0.0000	0.0000	0.0000	0.0000	0.0000	0.0000	0.0000	0.0000	0.0000	0.0000	0.0000	0.0000	0.0000	0.0000	0.0000	0.0000	0.0000	0.0000	0.0000	0.0000	0.0000	0.0000	0.0000	0.0000	0.0000											
13	76	0.1522	6	1	2	0	2	0	0	0	0	N	Y	N	Y	N	N	N	N	N	N	N	N	0.0000	0.0000	0.0000	0.0000	0.0000	0.0000	0.0000	0.0000	0.0000	0.0000	0.0000	0.0000	0.0000	0.0000	0.0000	0.0000	0.0000	0.0000	0.0000	0.0000	0.0000	0.0000	0.0000	0.0000	0.0000	0.0000	0.0000	0.0000	0.0000	0.0000	0.0000	0.0000	0.0000	0.0000	0.0000	0.0000	0.0000	0.0000	0.0000	0.0000	0.0000	0.0000	0.0000	0.0000	0.0000	0.0000	0.0000	0.0000	0.0000	0.0000	0.0000	0.0000	0.0000	0.0000	0.0000	0.0000	0.0000	0.0000	0.0000	0.0000	0.0000	0.0000	0.0000	0.0000	0.0000	0.0000	0.0000	0.0000	0.0000	0.0000	0.0000	0.0000	0.0000	0.0000	0.0000	0.0000	0.0000	0.0000											
13	77	0.1439	5	1	2	0	2	0	0	0	0	N	Y	N	Y	N	N	N	N	N	N	N	N	0.0000	0.0000	0.0000	0.0000	0.0000	0.0000	0.0000	0.0000	0.0000	0.0000	0.0000	0.0000	0.0000	0.0000	0.0000	0.0000	0.0000	0.0000	0.0000	0.0000	0.0000	1.0073	0.0000	0.3366	0.0000	0.0000	0.0000	0.0000	0.0000	0.0000	0.0000	0.0000	0.0000	0.0000	0.0000	0.0000	0.0000	0.0000	0.0000	0.0000	0.0000	0.0000	0.0000	0.0000	0.0000	0.0000	0.0000	0.0000	0.0000	0.0000	0.0000	0.0000	0.0000	0.0000	0.0000	0.0000	0.0000	0.0000	0.0000	0.0000	0.0000	0.0000	0.0000	0.0000	0.0000	0.0000	0.0000	0.0000	0.0000	0.0000	0.0000	0.0000	0.0000	0.0000	0.0000	0.0000	0.0000	0.0000											
13	80	0.1439	5	0	2	0	1	0	0	0	0	N	Y	N	N	N	N	N	N	N	N	N	N	0.0000	0.0000	0.0000	0.0000	0.0000	0.0000	0.0000	0.0000	0.0000	0.0000	0.0000	0.0000	0.0000	0.0000	0.0000	0.0000	0.0000	0.0000	0.0000	0.0000	0.0000	3.9927	0.0000	1.0002	0.0000	0.0000	0.0000	0.0000	0.0000	0.0000	0.0000	0.0000	0.0000	0.0000	0.0000	0.0000	0.0000	0.0000	0.0000	0.0000	0.0000	0.0000	0.0000	0.0000	0.0000	0.0000	0.0000	0.0000	0.0000	0.0000	0.0000	0.0000	0.0000	0.0000	0.0000	0.0000	0.0000	0.0000	0.0000	0.0000	0.0000	0.0000	0.0000	0.0000	0.0000	0.0000	0.0000	0.0000	0.0000	0.0000	0.0000	0.0000	0.0000	0.0000	0.0000	0.0000	0.0000	0.0000											
13	81	0.1392	4	0	2	0	1	0	0	0	0	N	Y	N	N	N	N	N	N	N	N	N	N	0.0000	0.0000	0.0000	0.0000	0.0000	0.0000	0.0000	0.0000	0.0000	0.0000	0.0000	0.0000	0.0000	0.0000	0.0000	0.0000	0.0000	0.0000	0.0000	0.0000	0.0000	0.0110	0.0000	0.6549	0.0000	0.0000	0.0000	0.0000	0.0000	0.0000	0.0000	0.0000	0.0000	0.0000	0.0000	0.0000	0.0000	0.0000	0.0000	0.0000	0.0000	0.0000	0.0000	0.0000	0.0000	0.0000	0.0000	0.0000	0.0000	0.0000	0.0000	0.0000	0.0000	0.0000	0.0000	0.0000	0.0000	0.0000	0.0000	0.0000	0.0000	0.0000	0.0000	0.0000	0.0000	0.0000	0.0000	0.0000	0.0000	0.0000	0.0000	0.0000	0.0000	0.0000	0.0000	0.0000	0.0000	0.0000											
13	82	0.0082	2	0	1	1	2	0	0	0	0	N	N	N	Y	N	N	N	N	N	N	N	N	0.0000	0.0000	0.0000	0.0000	0.0000	0.0000	0.0000	0.0000	0.0000	0.0000	0.0000	0.0000	0.0000	0.0000	0.0000	0.0000	0.0000	0.0000	0.0000	0.0000	0.0000	1.0000	0.0000	0.0000	0.0000	0.0000	0.0000	0.0000	0.0000	0.0000	0.0000	0.0000	0.0000	0.0000	0.0000	0.0000	0.0000	0.0000	0.0000	0.0000	0.0000	0.0000	0.0000	0.0000	0.0000	0.0000	0.0000	0.0000	0.0000	0.0000	0.0000	0.0000	0.0000	0.0000	0.0000	0.0000	0.0000	0.0000	0.0000	0.0000	0.0000	0.0000	0.0000	0.0000	0.0000	0.0000	0.0000	0.0000	0.0000	0.0000	0.0000	0.0000	0.0000	0.0000	0.0000	0.0000	0.0000	0.0000											
13	83	0.0082	2	0	1	1	2	0	0	0	0	N	N	N	Y	N	N	N	N	N	N	N	N	0.0000	0.0000	0.0000	0.0000	0.0000	0.0000	0.0000	0.0000	0.0000	0.0000	0.0000	0.0000	0.0000	0.0000	0.0000	0.0000	0.0000	0.0000	0.0000	0.0000	0.0000	0.0000	0.0000	0.0000	0.0000	0.0000	0.0000	0.0000	0.0000	0.0000	0.0000	0.0000	0.0000	0.0000	0.0000	0.0000	0.0000	0.0000	0.0000	0.0000	0.0000	0.0000	0.0000	0.0000	0.0000	0.0000	0.0000	0.0000	0.0000	0.0000	0.0000	0.0000	0.0000	0.0000	0.0000	0.0000	0.0000	0.0000	0.0000	0.0000	0.0000	0.0000	0.0000	0.0000	0.0000	0.0000	0.0000	0.0000	0.0000	0.0000	0.0000	0.0000	0.0000	0.0000	0.0000	0.0000	0.0000	0.0000											
13	85	0.2224	4	1	2	0	1	0	0	0	0	N	Y	N	N	N	N	N	N	N	N	N	N	0.0000	0.0000	0.0000	0.0000	0.0000	0.0000	0.0000	0.0000	0.0000	0.0000	0.0000	0.0000	0.0000	0.0000	0.0000	0.0000	0.0000	0.0000	0.0000	0.0000	0.0000	0.0000	0.0000	0.0000	0.0000	0.0000	0.0000	0.0000	0.0000	0.0000	0.0000	0.0000	0.0000	0.0000	0.0000	0.0000	0.0000	0.0000	0.0000	0.0000	0.0000	0.0000	0.0000	0.0000	0.0000	0.0000	0.0000	0.0000	0.0000	0.0000	0.0000	0.0000	0.0000	0.0000	0.0000	0.0000	0.0000	0.0000	0.0000	0.0000	0.0000	0.0000	0.0000	0.0000	0.0000	0.0000	0.0000	0.0000	0.0000	0.0000	0.0000	0.0000	0.0000	0.0000	0.0000	0.0000	0.0000	0.0000											
13	86	0.0848	3	1	2	0	1	0	0	0	0	N	Y	N	N	N	N	N	N	N	N	N	N	0.0000	0.0000	0.0000	0.0000	0.0000	0.0000	0.0000	0.0000	0.0000	0.0000	0.0000	0.0000	0.0000	0.0000	0.0000	0.0000	0.0000	0.0000	0.0000	0.0000	0.0000	5.0000	0.0000	7.0006	0.0000	0.0000	0.0000	0.0000	0.0000	0.0000	0.0000	0.0000	0.0000	0.0000	0.0000	0.0000	0.0000	0.0000	0.0000	0.0000	0.0000	0.0000	0.0000	0.0000	0.0000	0.0000	0.0000	0.0000	0.0000	0.0000	0.0000	0.0000	0.0000	0.0000	0.0000	0.0000	0.0000	0.0000	0.0000	0.0000	0.0000	0.0000	0.0000	0.0000	0.0000	0.0000	0.0000	0.0000	0.0000	0.0000	0.0000	0.0000	0.0000	0.0000	0.0000	0.0000	0.0000	0.0000											
13	87	0.0848	3	0	2	0	1	0	0	0	0	N	Y	N	N	N	N	N	N	N	N	N	N	0.0000	0.0000	0.0000	0.0000	0.0000	0.0000	0.0000	0.0000	0.0000	0.0000	0.0000	0.0000	0.0000	0.0000	0.0000	0.0000	0.0000	0.0000	0.0000	0.0000	0.0000	1.0000	0.0000	3.0006	0.0000	0.0000	0.0000	0.0000	0.0000	0.0000	0.0000	0.0000	0.0000	0.0000	0.0000	0.0000	0.0000	0.0000	0.0000	0.0000	0.0000	0.0000	0.0000	0.0000	0.0000	0.0000	0.0000	0.0000	0.0000	0.0000	0.0000	0.0000	0.0000	0.0000	0.0000	0.0000	0.0000	0.0000	0.0000	0.0000	0.0000	0.0000	0.0000	0.0000	0.0000	0.0000	0.0000	0.0000	0.0000	0.0000	0.0000	0.0000	0.0000	0.0000	0.0000	0.0000	0.0000	0.0000											
13	88	0.1392	4	1	2	0	1	0	0	0	0	N	Y	N	N	N	N	N	N	N	N	N	N	0.0000	0.0000	0.0000	0.0000	0.0000	0.0000	0.0000	0.0000	0.0000	0.0000	0.0000	0.0000	0.0000	0.0000	0.0000	0.0000	0.0000	0.0000	0.0000	0.0000	0.0000	0.0000	0.0000	0.0000	0.0000	0.0000	0.0000	0.0000	0.0000	0.0000	0.0000	0.0000	0.0000	0.0000	0.0000	0.0000	0.0000	0.0000	0.0000	0.0000	0.0000	0.0000	0.0000	0.0000	0.0000	0.0000	0.0000	0.0000	0.0000	0.0000	0.0000	0.0000	0.0000	0.0000	0.0000	0.0000	0.0000	0.0000	0.0000	0.0000	0.0000	0.0000	0.0000	0.0000	0.0000	0.0000	0.0000	0.0000	0.0000	0.0000	0.0000	0.0000	0.0000	0.0000	0.0000	0.0000	0.0000	0.0000											
13	89	0.0848	3	0	2	0	1	0	0	0	0	N	Y	N	N	N	N	N	N	N	N	N	N	0.0000	0.0000	0.0000	0.0000	0.0000	0.0000	0.0000	0.0000	0.0000	0.0000	0.0000	0.0000	0.0000	0.0000	0.0000	0.0000	0.0000	0.0000	0.0000	0.0000	0.0000	4.0000	0.0000	4.0001	0.0000	0.0000	0.0000	0.0000	0.0000	0.0000	0.0000	0.0000	0.0000	0.0000	0.0000	0.0000	0.0000	0.0000	0.0000	0.0000	0.0000	0.0000	0.0000	0.0000	0.0000	0.0000	0.0000	0.0000	0.0000	0.0000	0.0000	0.0000	0.0000	0.0000	0.0000	0.0000	0.0000	0.0000	0.0000	0.0000	0.0000	0.0000	0.0000	0.0000	0.0000	0.0000	0.0000	0.0000	0.0000	0.0000	0.0000	0.0000	0.0000	0.0000	0.0000	0.0000	0.0000	0.0000											
13	91	0.2304	5	0	1	0	1	0	0	0	0	N	N	N	N	N	N	N	N	N	N	N	N	0.0000	0.0000	0.0000	0.0000	0.0000	0.0000	0.0000	0.0000	0.0000	0.0000	0.0000	0.0000	0.0000	0.0000	0.0000	0.0000	0.0000	0.0000	0.0000	0.0000	0.0000	11.5137	0.0000	4.9035	0.0000	0.0000	0.0000	0.0000	0.0000	0.0000	0.0000	0.0000	0.0000	0.0000	0.0000	0.0000	0.0000	0.0000	0.0000	0.0000	0.0000	0.0000	0.0000	0.0000	0.0000	0.0000	0.0000	0.0000	0.0000	0.0000	0.0000	0.0000	0.0000	0.0000	0.0000	0.0000	0.0000	0.0000	0.0000	0.0000	0.0000	0.0000	0.0000	0.0000	0.0000	0.0000	0.0000	0.0000	0.0000	0.0000	0.0000	0.0000	0.0000	0.0000	0.0000	0.0000	0.0000	0.0000											
14	15	0.0729	2	1	2	0	0	0	0	0	0	N	Y	N	N	N	N	N	N	N	N	N	N	0.3617	0.1033	0.0000	0.0486	0.0513	0.0000	0.0000	0.0000	0.0002	0.0002	0.0000	0.0018	0.0019	0.0000	0.0000	0.0000	0.0000	0.0005	0.0023	0.0000	0.0370	0.0374	0.0181	0.0000	0.0000	0.0000	0.0000	0.0107	-0.0000	-0.0001	3.0234	4.0000	1.0170	3.0006	0.0001	0.0001	0.0000	0.0001	0.0001	0.0000	0.0000	0.0000	0.0000	0.0001	0.0001	0.0000	0.0001	0.0001	0.0000	0.0000	0.0000	0.0000	0.3540	0.2977	0.0563	0.0390	0.0365	0.0025	0.3150	0.2612	0.0538	0.1848	0.0439	0.1409	0.0027	0.0027	0.0001	0.1821	0.0413	0.1409	0.3617	0.1033	0.0000	0.0486	0.0513	0.0000	0.0000	0.0000	0.0000	0.0005	0.0023	0.0000	0.0370	0.0374	0.0181	0.0000	0.0000	0.0000	
14	16	0.1297	4	1	1	0	1	0	0	0	0	N	N	N	N	N	N	N	N	N	N	N	N	2430.0861	822.8581	0.0000	0.0342	0.0155	0.0000	78412.9676	259.4027	0.0000	3.6564	4.2650	0.0000	0.0002	0.0002	0.0000	4.7176	5.5610	0.0000	0.0015	0.0052	0.0000	0.0048	0.0121	0.0000	0.0001	0.0214	0.0000	0.0000	0.0027	-0.3850	-0.0002	3.0234	2.9121	1.0170	3.0117	0.9989	0.9989	0.0000	0.0000	0.0000	0.0000	0.9989	0.9989	0.0000	0.0003	0.0003	0.0000	0.0003	0.0003	0.0000	0.0000	0.0000	0.0000	0.2732	0.2342	0.0390	0.0615	0.0546	0.0069	0.2117	0.1796	0.0321	0.1814	0.0525	0.1289	0.0549	0.0220	0.0329	0.1265	0.0305	0.0960	2430.0861	822.8581	0.0000	0.0342	0.0155	0.0000	78412.9676	24632.8285	0.0000	0.0015	0.0052	0.0000	0.0048	0.0121	0.0000	0.0001	0.0002	0.0000
14	17	0.1051	3	1	1	0	1	0	0	0	0	N	N	N	N	N	N	N	N	N	N	N	N	1.9123	0.5191	1750.1265	0.0018	0.0017	0.0253	40.2255	0.1641	2453.6179	0.0216	0.0141	0.0678	0.0001	0.0001	0.0000	0.0289	0.0192	0.0815	0.0113	0.0271	0.0000	0.0433	0.0506	0.0001	0.0007	0.1169	0.0000	0.7818	0.0020	0.0000	-0.0013	3.0234	0.1693	1.0170	3.5362	0.0004	0.0002	0.0002	0.0000	0.0000	0.0000	0.0004	0.0002	0.0002	0.0019	0.0019	0.0000	0.0018	0.0018	0.0000	0.0001	0.0001	0.0000	0.0190	0.0164	0.0027	0.0048	0.0044	0.0004	0.0142	0.0120	0.0022	0.1672	0.0694	0.0977	0.0414	0.0355	0.0059	0.1257	0.0339	0.0918	1.9123	0.5191	1750.1265	0.0018	0.0017	0.0253	40.2255	7.4656	2453.6179	0.0113	0.0271	0.0000	0.0433	0.0506	0.0001	0.0007	0.0026	0.0000
14	18	0.0729	2	2	1	1	0	0	0	0	0	Y	N	N	N	N	N	N	N	N	N	N	N	0.0020	0.0003	0.0003	0.0003	0.0001	0.0001	0.0000	0.0005	0.0005	0.0000	0.0000	0.0000	0.0000	0.0252	0.1780	0.0000	1.4953	1.4471	0.0000	0.0000	0.0000	0.0000	0.0000	0.0000	-0.0000	-0.0070	3.0234	18.0000	1.0170	5.9994	0.0001	0.0001	0.0000	0.0001	0.0001	0.0000	0.0000	0.0000	0.0000	0.0104	0.0104	0.0000	0.0104	0.0104	0.0000	0.0000	0.0000	0.0000	1.1631	1.0068	0.1563	0.1311	0.1223	0.0088	1.0321	0.8845	0.1475	0.4127	0.1107	0.3020	0.0073	0.0072	0.0002	0.4053	0.1035	0.3018	0.0020	0.0006	0.0000	0.0003	0.0003	0.0000	0.0000	0.0000	0.0000	0.0252	0.0940	0.0000	1.4169	1.4471	0.0000	0.0000	0.0000	0.0000					
14	19	0.1407	3	1	2	0	0	0	0	0	0	N	Y	N	N	N	N	N	N	N	N	N	N	0.0188	0.0056	0.0000	0.0376	0.0137	0.0000	0.0000	0.0000	0.0000	0.0001	0.0001	0.0000	0.0003	0.0004	0.0000	0.0000	0.0000	0.0000	0.0028	0.0113	0.0000	0.0089	0.0260	0.0000	0.0002	0.0333	0.0000	0.0000	0.0101	-0.0000	-0.0002	3.0234	2.0070	1.0170	1.9996	0.0000	0.0000	0.0000	0.0000	0.0000	0.0000	0.0000	0.0000	0.0000	0.0003	0.0003	0.0000	0.0003	0.0003	0.0000	0.0000	0.0000	0.0000	0.1762	0.1470	0.0292	0.0278	0.0261	0.0017	0.1484	0.1209	0.0275	0.1215	0.0299	0.0916	0.0367	0.0126	0.0241	0.0847	0.0173	0.0674	0.0188	0.0056	0.0000	0.0376	0.0137	0.0000	0.0000	0.0000	0.0000	0.0028	0.0113	0.0000	0.0089	0.0260	0.0000	0.0002	0.0006	0.0000
14	20	0.0729	2	1	2	0	0	0	0	0	0	N	Y	N	N	N	N	N	N	N	N	N	N	0.2552	0.0740	0.0000	0.0349	0.0370	0.0000	0.0000	0.0000	0.0001	0.0001	0.0000	0.0008	0.0008	0.0000	0.0000	0.0000	0.0000	0.0003	0.0014	0.0000	0.0219	0.0221	0.0134	0.0000	0.0000	0.0000	0.0000	0.0134	-0.0000	-0.0001	3.0234	9.0000	1.0170	1.0006	0.0001	0.0001	0.0000	0.0001	0.0001	0.0000	0.0000	0.0000	0.0000	0.0001	0.0001	0.0000	0.0001	0.0001	0.0000	0.0000	0.0000	0.0000	0.7051	0.6001	0.1050	0.0786	0.0735	0.0051	0.6266	0.5266	0.0999	0.2432	0.0592	0.1840	0.0037	0.0036	0.0001	0.2395	0.0556	0.1839	0.2552	0.0740	0.0000	0.0349	0.0370	0.0000	0.0000	0.0000	0.0000	0.0003	0.0014	0.0000	0.0219	0.0221	0.0134	0.0000	0.0000	0.0000	
14	21	0.1294	3	2	2	0	0	0	0	0	0	Y	Y	N	N	N	N	N	N	N	N	N	N	0.2611	0.1312	0.0763	0.2763	0.2954	0.0032	0.0470	0.0008	0.0124	0.0030	0.0035	0.0000	0.0094	0.0101	0.0001	0.0000	0.0000	0.0000	0.0114	0.0264	0.0002	0.0342	0.0342	0.0338	0.0002	0.0122	0.0002	0.0009	0.0122	-0.0001	-0.0006	3.0234	0.9600	1.0170	1.3160	0.0004	0.0004	0.0000	0.0004	0.0004	0.0000	0.0000	0.0000	0.0000	0.0010	0.0010	0.0000	0.0010	0.0010	0.0000	0.0000	0.0000	0.0000	0.1227	0.1055	0.0172	0.0387	0.0362	0.0025	0.0839	0.0693	0.0146	0.0857	0.0366	0.0490	0.0284	0.0283	0.0000	0.0573	0.0083	0.0490	0.2611	0.1312	0.0763	0.2763	0.2954	0.0032	0.0470	0.1773	0.0124	0.0114	0.0264	0.0002	0.0342	0.0342	0.0338	0.0002	0.0001	0.0002
14	22	0.1552	4	1	2	0	0	0	0	0	0	N	Y	N	N	N	N	N	N	N	N	N	N	inf	inf	inf	inf	inf	inf	0.0226	0.0264	0.0000	0.0244	0.0269	0.0000	0.0211	0.0260	0.0000	0.0000	0.0000	0.0000	0.0000	0.0000	0.0000	0.0000	0.0000	0.0000	0.0000	-0.0000	0.0000	3.0234	0.0000	1.0170	0.0000	0.0000	0.0000	0.0000	0.0000	0.0000	0.0000	0.0000	0.0000	0.0000	0.0000	0.0000	0.0000	0.0000	0.0000	0.0000	0.0000	0.0000	0.0000	0.0000	0.0000	0.0000	0.0000	0.0000	0.0000	0.0000	0.0000	0.0000	0.0000	0.0000	0.0000	0.0000	0.0000	0.0000	0.0000	0.0000	0.0000	inf	inf	0.0000	inf	inf	0.0000	inf	inf	0.0000	0.0000	0.0000	0.0000	0.0000	0.0000	0.0000	0.0000	0.0000	0.0000				
14	23	0.0729	2	2	2	0	0	0	0	0	0	Y	Y	N	N	N	N	N	N	N	N	N	N	0.0594	0.0173	0.0000	0.0082	0.0087	0.0000	0.0000	0.0000	0.0000	0.0000	0.0000	0.0002	0.0002	0.0000	0.0000	0.0000	0.0000	0.0003	0.0014	0.0000	0.0219	0.0221	0.0134	0.0000	0.0000	0.0000	0.0000	0.0134	-0.0000	-0.0001	3.0234	6.0000	1.0170	4.0006	0.0000	0.0000	0.0000	0.0000	0.0000	0.0000	0.0000	0.0000	0.0000	0.0001	0.0001	0.0000	0.0001	0.0001	0.0000	0.0000	0.0000	0.0000	0.5050	0.4268	0.0782	0.0559	0.0523	0.0036	0.4491	0.3745	0.0746	0.2432	0.0592	0.1840	0.0037	0.0036	0.0001	0.2395	0.0556	0.1839	0.0594	0.0173	0.0000	0.0082	0.0087	0.0000	0.0000	0.0000	0.0000	0.0003	0.0014	0.0000	0.0219	0.0221	0.0134	0.0000	0.0000	0.0000	
14	24	0.0729	2	1	2	0	0	0	0	0	0	N	Y	N	N	N	N	N	N	N	N	N	N	0.0000	0.0000	0.0000	0.0000	0.0000	0.0000	0.0000	0.0000	0.0000	0.0000	0.0000	0.0000	0.0000	0.0155	0.0938	0.0000	1.0297	1.0520	0.0000	0.0000	0.0000	0.0000	0.0000	0.0000	-0.0023	3.0234	4.0000	1.0170	4.9994	0.0000	0.0000	0.0000	0.0000	0.0000	0.0000	0.0000	0.0000	0.0000	0.0035	0.0035	0.0000	0.0035	0.0035	0.0000	0.0000	0.0000	0.0000	0.3540	0.2977	0.0563	0.0390	0.0365	0.0025	0.3150	0.2612	0.0538	0.2249	0.0543	0.1706	0.0034	0.0033	0.0001	0.2215	0.0510	0.1705	0.0000	0.0000	0.0000	0.0000	0.0000	0.0000	0.0000	0.0000	0.0000	0.0155	0.0643	0.0000	1.0297	1.0520	0.0000	0.0000	0.0000	0.0000						
14	25	0.1199	3	1	2	1	1	0	0	0	0	N	Y	N	N	N	N	N	N	N	N	N	N	16208.1836	14346.1702	0.0132	3.9922	4.4936	0.0012	40280.2459	17353.2391	0.0161	8.7215	10.1308	0.0000	0.0060	0.0067	0.0000	12.5300	14.8651	0.0000	0.0005	0.0007	0.0004	0.0015	0.0015	0.0020	0.0003	0.0009	0.0004	0.0000	0.9980	-0.3390	-0.0000	3.0234	0.8908	1.0170	1.0730	0.8794	0.8794	0.0000	0.0002	0.0002	0.0000	0.8792	0.8792	0.0000	0.0000	0.0000	0.0000	0.0000	0.0000	0.0000	0.0000	0.0000	0.0000	0.1008	0.0868	0.0140	0.0307	0.0277	0.0030	0.0702	0.0591	0.0110	0.0814	0.0311	0.0504	0.0154	0.0147	0.0007	0.0661	0.0164	0.0497	16208.1836	14346.1702	0.0132	3.9922	4.4936	0.0012	40280.2459	20972523.2286	0.0161	0.0005	0.0007	0.0004	0.0015	0.0015	0.0020	0.0003	0.0000	0.0004
14	26	0.0729	2	1	1	0	1	0	0	0	0	N	N	N	N	N	N	N	N	N	N	N	N	512.2943	144.4498	0.8299	0.0102	0.0107	0.0001	3492.2734	17.3198	54.7578	0.4185	0.4989	0.0000	0.0005	0.0005	0.0000	0.4701	0.5685	0.0000	0.0008	0.0035	0.0000	0.0469	0.0475	0.0231	0.0001	0.0328	0.0000	0.0000	0.0090	-0.0455	-0.0001	3.0234	3.1159	1.0170	2.1859	0.1181	0.1181	0.0000	0.0000	0.0000	0.0000	0.1181	0.1181	0.0000	0.0001	0.0001	0.0000	0.0001	0.0001	0.0000	0.0000	0.0000	0.0000	0.2821	0.2367	0.0454	0.0310	0.0290	0.0020	0.2512	0.2077	0.0435	0.1469	0.0344	0.1124	0.0021	0.0021	0.0000	0.1447	0.0323	0.1124	512.2943	144.4498	0.8299	0.0102	0.0107	0.0001	3492.2734	944.4878	54.7578	0.0008	0.0035	0.0000	0.0469	0.0475	0.0231	0.0001	0.0006	0.0000
14	27	0.0729	2	1	2	0	0	0	0	0	0	N	Y	N	N	N	N	N	N	N	N	N	N	8184.5426	inf	14154.6405	31.4160	inf	7.6534	561265.9448	inf	888320.1516	0.0426	0.0330	0.0969	0.0108	0.0030	0.1238	0.0466	0.0371	0.0956	0.0000	0.0000	0.0000	0.0003	0.0000	0.0162	0.0000	0.0000	0.0000	0.5223	inf	-0.0012	0.0000	3.0234	8.0000	1.0170	0.0006	0.0273	0.0180	0.0094	0.0008	0.0002	0.0006	0.0266	0.0178	0.0088	0.0000	0.0000	0.0000	0.0000	0.0000	0.0000	0.0000	0.0000	0.0000	0.6417	0.5449	0.0968	0.0714	0.0667	0.0046	0.5703	0.4781	0.0922	0.2055	0.0492	0.1562	0.0031	0.0030	0.0001	0.2024	0.0462	0.1562	8184.5426	inf	14154.6405	31.4160	inf	7.6534	561265.9448	inf	888320.1516	0.0000	0.0000	0.0000	0.0003	0.0000	0.0162	0.0000	0.0000	0.0000
14	28	0.1486	3	2	2	0	0	0	0	0	0	Y	Y	N	N	N	N	N	N	N	N	N	N	54242.0560	43853.0105	0.0000	1.7449	1.0151	0.0000	144909.8027	inf	0.0000	3.7280	4.0878	0.0000	0.0002	0.0002	0.0000	7.2810	8.3135	0.0000	0.0001	0.0001	0.0001	0.0001	0.0002	0.0000	0.0001	0.0000	0.0001	0.0000	0.9040	-0.3847	-0.0000	3.0234	2.9919	1.0170	1.1331	0.9979	0.9979	0.0000	0.0000	0.0000	0.0000	0.9979	0.9979	0.0000	0.0000	0.0000	0.0000	0.0000	0.0000	0.0000	0.0000	0.0000	0.0000	0.2677	0.2441	0.0236	0.1306	0.1241	0.0065	0.1371	0.1200	0.0170	0.1267	0.0491	0.0776	0.0540	0.0270	0.0270	0.0728	0.0221	0.0507	54242.0560	43853.0105	0.0000	1.7449	1.0151	0.0000	144909.8027	inf	0.0000	0.0001	0.0001	0.0001	0.0001	0.0002	0.0000	0.0001	0.0000	0.0001
14	29	0.0729	2	1	1	0	0	0	0	0	0	N	N	N	N	N	N	N	N	N	N	N	N	0.3418	0.0990	0.1480	0.0028	0.0029	0.0031	5.0795	0.0321	0.1542	0.0029	0.0035	0.0000	0.0015	0.0016	0.0000	0.0031	0.0037	0.0000	0.0086	0.0352	0.0001	0.5250	0.5363	0.0004	0.0006	0.1169	0.0001	0.0004	0.0047	-0.0005	-0.0014	3.0234	5.0156	1.0170	4.8897	0.0013	0.0013	0.0000	0.0001	0.0001	0.0000	0.0012	0.0012	0.0000	0.0021	0.0021	0.0000	0.0019	0.0019	0.0000	0.0001	0.0001	0.0000	0.4326	0.3647	0.0679	0.0477	0.0447	0.0030	0.3849	0.3200	0.0648	0.2415	0.0587	0.1828	0.0037	0.0036	0.0001	0.2378	0.0551	0.1827	0.3418	0.0990	0.1480	0.0028	0.0029	0.0031	5.0795	1.5164	0.1542	0.0086	0.0352	0.0001	0.5250	0.5363	0.0004	0.0006	0.0025	0.0001
14	30	0.0860	3	1	2	0	1	0	0	0	0	N	Y	N	N	N	N	N	N	N	N	N	N	150324.6088	52831.9588	31721.5766	33380.0838	0.0462	0.0534	0.0000	0.1551	0.1716	0.0000	0.0000	0.0000	0.0000	0.0000	0.0000	0.0000	0.0000	0.0000	0.0000	0.0000	0.0000	0.0000	0.0000	0.0000	-0.0067	-0.0000	3.0234	3.9676	1.0170	1.0007	0.0173	0.0173	0.0000	0.0173	0.0173	0.0000	0.0000	0.0000	0.0000	0.0000	0.0000	0.0000	0.0000	0.0000	0.0000	0.0000	0.0000	0.0000	0.3746	0.3242	0.0504	0.1117	0.1009	0.0107	0.2629	0.2233	0.0396	0.1144	0.0348	0.0796	0.0072	0.0068	0.0004	0.1072	0.0280	0.0793	150324.6088	52831.9588	0.0000	31721.5766	33380.0838	0.0000	0.0000	0.0000	0.0000	0.0000	0.0000	0.0000	0.0000	0.0000	0.0000	0.0000	0.0000	0.0000					
14	31	0.0729	2	2	2	0	0	0	0	0	0	Y	Y	N	N	N	N	N	N	N	N	N	N	0.0001	inf	0.0000	0.0000	0.0000	0.0001	inf	0.0000	0.0003	0.0004	0.0000	0.0000	0.0000	0.0000	0.0004	0.0005	0.0000	5.8721	0.0000	26.9649	0.1925	0.0000	9.0648	6.1448	0.0000	29.0019	0.0000	inf	-0.0001	0.3193	3.0234	5.0000	1.0170	3.0000	0.0001	0.0001	0.0000	0.0000	0.0000	0.0000	0.0001	0.0001	0.0000	0.9739	0.0000	0.9739	0.0006	0.0000	0.0006	0.9733	0.0000	0.9733	0.4314	0.3637	0.0677	0.0476	0.0446	0.0030	0.3838	0.3191	0.0647	0.2054	0.0492	0.1562	0.0031	0.0030	0.0001	0.2024	0.0462	0.1562	0.0001	inf	0.0000	0.0000	0.0000	0.0000	0.0001	inf	0.0000	4.7404	0.0000	6.2338	0.1925	0.0000	9.0648	4.8093	0.0000	6.2326	
14	32	0.1149	3	1	1	1	0	0	0	0	0	N	N	N	N	N	N	N	N	N	N	N	N	0.3026	0.0002	22.6666	0.0001	0.0001	0.0000	13.3028	24.0335	0.0001	0.0000	0.0006	0.0000	0.0000	0.0000	0.0003	0.0000	0.0006	0.0005	0.0018	0.0000	0.0065	0.0070	0.0001	0.0000	0.0000	0.0000	471.0000	0.0408	0.0000	-0.0000	3.0234	0.0319	1.0170	1.0050	0.0000	0.0000	0.0000	0.0000	0.0000	0.0000	0.0000	0.0000	0.0000	0.0000	0.0000	0.0000	0.0000	0.0000	0.0000	0.0000	0.0000	0.0000	0.0131	0.0098	0.0033	0.0058	0.0057	0.0001	0.0073	0.0041	0.0032	0.0330	0.0085	0.0245	0.0023	0.0022	0.0002	0.0307	0.0064	0.0243	0.3026	0.0002	22.6666	0.0001	0.0001	0.0000	13.3028	0.0000	24.0335	0.0005	0.0018	0.0000	0.0065	0.0070	0.0001	0.0000	0.0000	0.0000	
14	33	0.0860	4	1	2	0	0	0	0	0	0	N	Y	N	N	N	N	N	N	N	N	N	N	33864.4407	11819.5459	21.8437	24.4989	inf	inf	0.0463	0.0542	0.0000	0.0005	0.0006	0.0000	0.1862	0.2142	0.0000	0.0000	0.0000	0.0000	0.0000	0.0000	0.0000	0.0000	0.0000	0.0000	0.0000	0.0000	-0.0000	-0.0000	3.0234	0.0023	1.0170	1.0003	0.0000	0.0000	0.0000	0.0000	0.0000	0.0000	0.0000	0.0000	0.0000	0.0000	0.0000	0.0000	0.0000	0.0000	0.0000	0.0000	0.0000	0.0000	0.0009	0.0007	0.0001	0.0006	0.0005	0.0001	0.0002	0.0002	0.0000	0.0257	0.0077	0.0181	0.0016	0.0015	0.0001	0.0241	0.0062	0.0180	33864.4407	11819.5459	0.0000	21.8437	24.4989	0.0000	inf	inf	0.0000	0.0000	0.0000	0.0000	0.0000	0.0000	0.0000	0.0000	0.0000	0.0000			
14	34	0.0729	2	2	1	1	0	0	0	0	0	Y	N	N	N	N	N	N	N	N	N	N	N	0.0000	0.0000	0.0000	0.0000	0.0000	0.0000	0.0000	0.0000	0.0000	0.0000	0.0000	0.0000	0.0000	0.0000	0.0000	0.0000	0.0000	0.0006	0.0024	0.0000	0.0395	0.0400	0.0162	0.0000	0.0000	0.0000	0.0089	0.0000	-0.0001	3.0234	3.0000	1.0170	5.0006	0.0000	0.0000	0.0000	0.0000	0.0000	0.0000	0.0000	0.0000	0.0000	0.0001	0.0001	0.0000	0.0001	0.0001	0.0000	0.0000	0.0000	0.0000	0.2724	0.2285	0.0439	0.0299	0.0280	0.0019	0.2426	0.2005	0.0421	0.2055	0.0492	0.1562	0.0031	0.0030	0.0001	0.2024	0.0462	0.1562	0.0000	0.0000	0.0000	0.0000	0.0000	0.0000	0.0000	0.0000	0.0000	0.0006	0.0024	0.0000	0.0395	0.0400	0.0162	0.0000	0.0000	0.0000		
14	35	0.0729	2	1	2	0	1	0	0	0	0	N	Y	N	N	N	N	N	N	N	N	N	N	6310.3149	1783.3279	0.0000	0.0420	0.0444	0.0000	33703138.9676	inf	0.0000	3.6608	4.3649	0.0000	0.0017	0.0018	0.0000	4.1116	4.9741	0.0000	0.0006	0.0024	0.0000	0.0399	0.0402	0.0244	0.0000	0.0000	0.0000	0.0000	0.0134	-0.3844	-0.0001	3.0234	3.0000	1.0170	2.0006	0.9974	0.9974	0.0000	0.0000	0.0000	0.0000	0.9973	0.9973	0.0000	0.0001	0.0001	0.0000	0.0001	0.0001	0.0000	0.0000	0.0000	0.0000	0.2724	0.2285	0.0439	0.0299	0.0280	0.0019	0.2426	0.2005	0.0421	0.1397	0.0327	0.1071	0.0020	0.0020	0.0000	0.1377	0.0307	0.1070	6310.3149	1783.3279	0.0000	0.0420	0.0444	0.0000	33703138.9676	inf	0.0000	0.0006	0.0024	0.0000	0.0399	0.0402	0.0244	0.0000	0.0000	0.0000
14	36	0.0729	2	2	1	1	0	0	0	0	0	Y	N	N	N	N	N	N	N	N	N	N	N	0.0000	0.0000	0.0000	0.0000	0.0000	0.0000	0.0000	0.0000	0.0000	0.0000	0.0000	0.0000	0.0000	0.0000	0.0000	0.0000	0.0000	0.0082	0.0341	0.0000	0.5462	0.5578	0.0146	0.0000	0.0000	0.0000	0.0006	0.0000	-0.0012	3.0234	4.0000	1.0170	5.0006	0.0000	0.0000	0.0000	0.0000	0.0000	0.0000	0.0000	0.0000	0.0000	0.0019	0.0019	0.0000	0.0019	0.0019	0.0000	0.0000	0.0000	0.0000	0.3540	0.2977	0.0563	0.0390	0.0365	0.0025	0.3150	0.2612	0.0538	0.2249	0.0543	0.1706	0.0034	0.0033	0.0001	0.2215	0.0510	0.1705	0.0000	0.0000	0.0000	0.0000	0.0000	0.0000	0.0000	0.0000	0.0000	0.0082	0.0341	0.0000	0.5462	0.5578	0.0146	0.0000	0.0000	0.0000		
14	37	0.0729	2	2	1	1	0	0	0	0	0	Y	N	N	N	N	N	N	N	N	N	N	N	0.0000	0.0000	0.0000	0.0000	0.0000	0.0000	0.0000	0.0000	0.0000	0.0000	0.0000	0.0000	0.0000	0.0000	0.0000	0.0000	0.0000	0.0099	0.0417	0.0000	0.6704	0.6845	0.0181	0.0000	0.0000	0.0000	0.0006	0.0000	-0.0012	3.0234	3.0000	1.0170	4.0006	0.0000	0.0000	0.0000	0.0000	0.0000	0.0000	0.0000	0.0000	0.0000	0.0018	0.0018	0.0000	0.0018	0.0018	0.0000	0.0000	0.0000	0.0000	0.2724	0.2285	0.0439	0.0299	0.0280	0.0019	0.2426	0.2005	0.0421	0.1848	0.0439	0.1409	0.0027	0.0027	0.0001	0.1821	0.0413	0.1409	0.0000	0.0000	0.0000	0.0000	0.0000	0.0000	0.0000	0.0000	0.0000	0.0099	0.0417	0.0000	0.6704	0.6845	0.0181	0.0000	0.0000	0.0000		
14	38	0.0860	4	1	1	1	0	0	0	0	0	N	N	N	N	N	N	N	N	N	N	N	N	285.3391	98.7062	0.4723	0.4964	inf	inf	0.0004	0.0005	0.0000	0.0000	0.0000	0.0000	0.0005	0.0006	0.0000	0.0000	0.0000	0.0000	0.0000	0.0000	0.0000	0.0000	0.0000	0.0000	0.0000	0.0000	-0.0000	-0.0000	3.0234	1.0023	1.0170	0.0007	0.0000	0.0000	0.0000	0.0000	0.0000	0.0000	0.0000	0.0000	0.0000	0.0000	0.0000	0.0000	0.0000	0.0000	0.0000	0.0000	0.0000	0.0000	0.1014	0.0874	0.0140	0.0298	0.0270	0.0028	0.0717	0.0604	0.0112	0.0258	0.0077	0.0181	0.0016	0.0015	0.0001	0.0242	0.0062	0.0180	285.3391	98.7062	0.0000	0.4723	0.4964	0.0000	inf	inf	0.0000	0.0000	0.0000	0.0000	0.0000	0.0000	0.0000	0.0000	0.0000	0.0000			
14	39	0.0860	3	1	1	0	0	0	0	0	0	N	N	N	N	N	N	N	N	N	N	N	N	744.3455	574.4330	0.0000	13.6187	15.6108	4946.8051	inf	0.0000	0.0505	0.0592	0.0000	0.0047	0.0055	0.0000	0.1861	0.2143	0.0000	0.0001	0.0001	0.0001	0.0003	0.0004	0.0000	0.0000	0.0000	0.0001	0.0000	1.0000	-0.0002	-0.0000	3.0234	0.0347	1.0170	0.0013	0.0006	0.0006	0.0000	0.0000	0.0000	0.0000	0.0006	0.0006	0.0000	0.0000	0.0000	0.0000	0.0000	0.0000	0.0000	0.0000	0.0000	0.0000	0.0122	0.0104	0.0018	0.0091	0.0077	0.0014	0.0031	0.0027	0.0004	0.0010	0.0003	0.0007	0.0001	0.0001	0.0000	0.0009	0.0002	0.0007	744.3455	574.4330	0.0000	13.6187	15.6108	0.0000	4946.8051	inf	0.0000	0.0001	0.0001	0.0001	0.0003	0.0004	0.0000	0.0000	0.0000	0.0001	
14	40	0.0729	2	1	1	0	0	0	0	0	0	N	N	N	N	N	N	N	N	N	N	N	N	84.5677	23.8320	0.0000	0.0939	0.0994	0.0000	447882.0274	inf	0.0000	0.0493	0.0587	0.0000	0.0038	0.0040	0.0000	0.0549	0.0663	0.0000	0.0006	0.0025	0.0000	0.0401	0.0404	0.0245	0.0000	0.0000	0.0000	0.0000	0.0134	-0.0067	-0.0001	3.0234	3.9674	1.0170	1.0003	0.0173	0.0173	0.0000	0.0001	0.0001	0.0000	0.0172	0.0172	0.0000	0.0001	0.0001	0.0000	0.0001	0.0001	0.0000	0.0000	0.0000	0.0000	0.3514	0.2955	0.0559	0.0387	0.0362	0.0025	0.3127	0.2593	0.0535	0.1390	0.0325	0.1065	0.0020	0.0020	0.0000	0.1369	0.0305	0.1064	84.5677	23.8320	0.0000	0.0939	0.0994	0.0000	447882.0274	inf	0.0000	0.0006	0.0025	0.0000	0.0401	0.0404	0.0245	0.0000	0.0000	0.0000
14	41	0.1260	4	1	2	0	0	0	0	0	0	N	Y	N	N	N	N	N	N	N	N	N	N	1.4689	24.9689	0.0000	7.5345	15.0880	0.0000	0.0000	0.0000	0.0000	0.0000	0.0000	0.0000	0.0000	0.0000	0.0000	0.0000	0.0000	0.0000	0.0000	0.0000	0.0000	0.0000	0.0000	0.0000	0.0000	0.0000	0.0000	58.6429	-0.0000	0.0000	3.0234	1.0144	1.0170	1.0128	0.0000	0.0000	0.0000	0.0000	0.0000	0.0000	0.0000	0.0000	0.0000	0.0000	0.0000	0.0000	0.0000	0.0000	0.0000	0.0000	0.0000	0.0000	0.1090	0.0961	0.0128	0.0393	0.0362	0.0030	0.0697	0.0599	0.0098	0.0612	0.0154	0.0458	0.0038	0.0035	0.0003	0.0574	0.0119	0.0455	1.4689	24.9689	0.0000	7.5345	15.0880	0.0000	0.0000	0.0000	0.0000	0.0000	0.0000	0.0000	0.0000	0.0000	0.0000	0.0000	0.0000	0.0000	
14	42	0.0729	2	2	2	1	0	0	0	0	0	Y	Y	N	N	N	N	N	N	N	N	N	N	0.0000	0.0000	0.0000	0.0000	0.0000	0.0000	0.0000	0.0000	0.0000	0.0000	0.0000	0.0000	0.0000	0.0123	0.0593	0.0000	0.8415	0.8598	0.0000	0.0000	0.0000	0.0000	0.0000	0.0000	-0.0014	3.0234	3.0000	1.0170	2.9994	0.0000	0.0000	0.0000	0.0000	0.0000	0.0000	0.0000	0.0000	0.0000	0.0020	0.0020	0.0000	0.0020	0.0020	0.0000	0.0000	0.0000	0.0000	0.2724	0.2285	0.0439	0.0299	0.0280	0.0019	0.2426	0.2005	0.0421	0.1629	0.0384	0.1245	0.0024	0.0023	0.0001	0.1606	0.0361	0.1245	0.0000	0.0000	0.0000	0.0000	0.0000	0.0000	0.0000	0.0000	0.0000	0.0123	0.0523	0.0000	0.8415	0.8598	0.0000	0.0000	0.0000	0.0000						
14	43	0.0729	2	2	2	1	0	0	0	0	0	Y	Y	N	N	N	N	N	N	N	N	N	N	0.0000	0.0000	0.0000	0.0000	0.0000	0.0000	0.0000	0.0000	0.0000	0.0000	0.0000	0.0000	0.0000	0.0100	0.0416	0.0000	0.6667	0.6811	0.0000	0.0000	0.0000	0.0000	0.0000	0.0000	-0.0015	3.0234	4.0000	1.0170	4.9994	0.0000	0.0000	0.0000	0.0000	0.0000	0.0000	0.0000	0.0000	0.0000	0.0023	0.0023	0.0000	0.0023	0.0023	0.0000	0.0000	0.0000	0.0000	0.3540	0.2977	0.0563	0.0390	0.0365	0.0025	0.3150	0.2612	0.0538	0.2249	0.0543	0.1706	0.0034	0.0033	0.0001	0.2215	0.0510	0.1705	0.0000	0.0000	0.0000	0.0000	0.0000	0.0000	0.0000	0.0000	0.0000	0.0100	0.0416	0.0000	0.6667	0.6811	0.0000	0.0000	0.0000	0.0000						
14	44	0.2105	3	2	2	0	0	0	0	0	0	Y	Y	N	N	N	N	N	N	N	N	N	N	0.0000	0.0000	0.0000	0.0000	0.0000	0.0000	0.0000	0.0000	0.0000	0.0000	0.0000	0.0000	0.0000	0.0122	0.0406	0.0000	0.0948	0.1754	0.0000	0.0000	0.0000	0.0000	0.0000	0.0000	-0.0006	3.0234	2.0000	1.0170	1.0000	0.0000	0.0000	0.0000	0.0000	0.0000	0.0000	0.0000	0.0000	0.0000	0.0009	0.0009	0.0000	0.0009	0.0009	0.0000	0.0000	0.0000	0.0000	0.1747	0.1498	0.0249	0.0280	0.0257	0.0023	0.1467	0.1241	0.0226	0.0771	0.0232	0.0539	0.0099	0.0054	0.0046	0.0671	0.0178	0.0493	0.0000	0.0000	0.0000	0.0000	0.0000	0.0000	0.0000	0.0000	0.0000	0.0122	0.0406	0.0000	0.0948	0.1754	0.0000	0.0000	0.0000	0.0000						
14	45	0.1381	4	1	2	0	1	0	0	0	0	N	Y	N	N	N	N	N	N	N	N	N	N	inf	inf	inf	inf	0.0014	0.0017	0.0000	0.0000	0.0000	0.0000	0.0019	0.0022	0.0000	0.0000	0.0000	0.0000	0.0000	0.0000	0.0000	0.0000	0.0000	0.0000	0.0000	-0.0001	0.0000	3.0234	1.0000	1.0170	0.0000	0.0001	0.0001	0.0000	0.0000	0.0000	0.0000	0.0001	0.0001	0.0000	0.0000	0.0000	0.0000	0.0000	0.0000	0.0000	0.0000	0.0000	0.0000	0.0985	0.0842	0.0143	0.0238	0.0212	0.0026	0.0746	0.0630	0.0116	0.0313	0.0075	0.0237	0.0020	0.0015	0.0005	0.0293	0.0060	0.0233	inf	inf	0.0000	0.0000	0.0000	0.0000	inf	inf	0.0000	0.0000	0.0000	0.0000	0.0000	0.0000	0.0000	0.0000	0.0000	0.0000						
14	46	0.1381	4	1	1	0	1	0	0	0	0	N	N	N	N	N	N	N	N	N	N	N	N	0.0000	0.0000	0.0000	0.0000	0.0000	0.0000	0.0000	0.0000	0.0000	0.0000	0.0000	0.0000	0.0000	0.0000	0.0000	0.0000	0.0000	0.0000	0.0000	0.0000	3.0234	0.0000	1.0170	0.0000	0.0000	0.0000	0.0000	0.0000	0.0000	0.0000	0.0000	0.0000	0.0000	0.0000	0.0000	0.0000	0.0000	0.0000	0.0000	0.0000	0.0000	0.0000	0.0000	0.0000	0.0000	0.0000	0.0000	0.0000	0.0000	0.0000	0.0000	0.0000	0.0000	0.0000	0.0000	0.0000	0.0000	0.0000	0.0000	0.0000	0.0000	0.0000	0.0000	0.0000	0.0000	0.0000	0.0000	0.0000	0.0000	0.0000	0.0000	0.0000	0.0000	0.0000	0.0000	0.0000	0.0000	0.0000											
14	47	0.1051	3	1	1	0	1	0	0	0	0	N	N	N	N	N	N	N	N	N	N	N	N	0.6112	0.0020	3.5696	0.0023	0.0076	0.0000	0.9275	0.0000	8.9974	0.0009	0.0000	0.0062	0.0000	0.0000	0.0000	0.0012	0.0000	0.0075	0.0015	0.0011	0.0017	0.0034	0.0012	0.0165	0.0012	0.0426	0.0008	496.0662	2.3942	0.0001	0.0000	3.0234	2.0873	1.0170	1.9360	0.0002	0.0000	0.0002	0.0000	0.0000	0.0000	0.0002	0.0000	0.0002	0.0003	0.0001	0.0002	0.0001	0.0000	0.0001	0.0001	0.0000	0.0001	0.2011	0.1722	0.0289	0.0456	0.0405	0.0051	0.1555	0.1317	0.0238	0.1744	0.0709	0.1035	0.0414	0.0354	0.0060	0.1330	0.0355	0.0975	0.6112	0.0020	3.5696	0.0023	0.0076	0.0000	1.3337	0.0000	8.9974	0.0015	0.0011	0.0017	0.0034	0.0012	0.0165	0.0009	0.0009	0.0008
14	48	0.0729	2	1	1	0	1	0	0	0	0	N	N	N	N	N	N	N	N	N	N	N	N	1574.3271	0.0045	1870627.1455	0.0022	0.0023	0.0000	42812.8020	0.0000	124503722.0950	2.8772	0.0000	18.0641	0.0003	0.0003	0.0000	3.2328	0.0000	18.8918	0.0018	0.0078	0.0000	0.1207	0.1228	0.0237	0.0001	0.0250	0.0000	98112.5617	0.0041	0.6136	-0.0002	3.0234	3.9129	1.0170	0.7267	0.9986	0.0000	0.9986	0.0000	0.0000	0.0000	0.9986	0.0000	0.9986	0.0002	0.0002	0.0000	0.0002	0.0002	0.0000	0.0000	0.0000	0.0000	0.3471	0.2918	0.0553	0.0382	0.0358	0.0024	0.3089	0.2560	0.0529	0.1310	0.0306	0.1005	0.0019	0.0019	0.0000	0.1291	0.0287	0.1004	1574.3271	0.0045	1870627.1455	0.0022	0.0023	0.0000	42812.8020	0.0020	124503722.0950	0.0018	0.0078	0.0000	0.1207	0.1228	0.0237	0.0001	0.0003	0.0000
14	49	0.0729	2	1	2	1	0	0	0	0	0	N	Y	N	N	N	N	N	N	N	N	N	N	5.4698	1.5759	0.0000	0.0084	0.0088	0.0000	563659.2659	inf	0.0000	0.0356	0.0421	0.0000	0.0036	0.0038	0.0000	0.0395	0.0474	0.0000	0.0065	0.0267	0.0000	0.4269	0.4359	0.0134	0.0000	0.0000	0.0000	0.0000	0.0007	-0.0069	-0.0011	3.0234	6.0000	1.0170	4.0006	0.0180	0.0180	0.0000	0.0002	0.0002	0.0000	0.0178	0.0178	0.0000	0.0016	0.0016	0.0000	0.0016	0.0016	0.0000	0.0000	0.0000	0.0000	0.5050	0.4268	0.0782	0.0559	0.0523	0.0036	0.4491	0.3745	0.0746	0.2432	0.0592	0.1840	0.0037	0.0036	0.0001	0.2395	0.0556	0.1839	5.4698	1.5759	0.0000	0.0084	0.0088	0.0000	563659.2659	inf	0.0000	0.0065	0.0267	0.0000	0.4269	0.4359	0.0134	0.0000	0.0000	0.0000
14	50	0.0729	2	2	1	1	0	0	0	0	0	Y	N	N	N	N	N	N	N	N	N	N	N	280.9030	80.3049	0.0000	0.0038	0.0040	0.0000	29274928.2429	inf	0.0000	1.9750	2.3368	0.0000	0.0018	0.0019	0.0000	2.2205	2.6629	0.0000	0.0070	0.0291	0.0000	0.4666	0.4764	0.0146	0.0000	0.0000	0.0000	0.0000	0.0007	-0.3845	-0.0011	3.0234	6.0000	1.0170	3.0006	0.9974	0.9974	0.0000	0.0001	0.0001	0.0000	0.9973	0.9973	0.0000	0.0016	0.0016	0.0000	0.0016	0.0016	0.0000	0.0000	0.0000	0.0000	0.5050	0.4268	0.0782	0.0559	0.0523	0.0036	0.4491	0.3745	0.0746	0.2249	0.0543	0.1706	0.0034	0.0033	0.0001	0.2215	0.0510	0.1705	280.9030	80.3049	0.0000	0.0038	0.0040	0.0000	29274928.2429	inf	0.0000	0.0070	0.0291	0.0000	0.4666	0.4764	0.0146	0.0000	0.0000	0.0000
14	53	0.0729	2	1	2	0	0	0	0	0	0	N	Y	N	N	N	N	N	N	N	N	N	N	5.4698	1.5759	0.0000	0.0084	0.0088	0.0000	563659.2659	inf	0.0000	0.0356	0.0421	0.0000	0.0036	0.0038	0.0000	0.0395	0.0474	0.0000	0.0065	0.0267	0.0000	0.4269	0.4359	0.0134	0.0000	0.0000	0.0000	0.0000	0.0007	-0.0069	-0.0011	3.0234	6.0000	1.0170	4.0006	0.0180	0.0180	0.0000	0.0002	0.0002	0.0000	0.0178	0.0178	0.0000	0.0016	0.0016	0.0000	0.0016	0.0016	0.0000	0.0000	0.0000	0.0000	0.5050	0.4268	0.0782	0.0559	0.0523	0.0036	0.4491	0.3745	0.0746	0.2432	0.0592	0.1840	0.0037	0.0036	0.0001	0.2395	0.0556	0.1839	5.4698	1.5759	0.0000	0.0084	0.0088	0.0000	563659.2659	inf	0.0000	0.0065	0.0267	0.0000	0.4269	0.4359	0.0134	0.0000	0.0000	0.0000
14	54	0.1260	4	1	1	1	0	0	0	0	0	N	N	N	N	N	N	N	N	N	N	N	N	0.4485	0.1529	0.0000	0.0642	0.0607	0.0000	0.0000	0.0000	0.0001	0.0002	0.0000	0.0003	0.0003	0.0000	0.0000	0.0000	0.0000	0.0003	0.0012	0.0000	0.0048	0.0052	0.0000	0.0000	0.0000	0.0000	0.0000	0.0211	-0.0000	-0.0000	3.0234	0.0147	1.0170	0.9910	0.0000	0.0000	0.0000	0.0000	0.0000	0.0000	0.0000	0.0000	0.0000	0.0000	0.0000	0.0000	0.0000	0.0000	0.0000	0.0000	0.0000	0.0000	0.0061	0.0046	0.0015	0.0028	0.0028	0.0000	0.0033	0.0018	0.0015	0.0316	0.0079	0.0236	0.0021	0.0019	0.0001	0.0295	0.0060	0.0235	0.4485	0.1529	0.0000	0.0642	0.0607	0.0000	0.0000	0.0000	0.0000	0.0003	0.0012	0.0000	0.0048	0.0052	0.0000	0.0000	0.0000	0.0000	
14	55	0.1149	3	1	1	0	0	0	0	0	0	N	N	N	N	N	N	N	N	N	N	N	N	1.9932	0.6234	0.1205	0.4572	0.4620	0.0000	0.0339	0.1483	0.0005	0.0006	0.0000	0.0018	0.0020	0.0000	0.0000	0.0000	0.0000	0.0003	0.0010	0.0000	0.0039	0.0043	0.0001	0.0000	0.0000	0.0000	0.0005	0.0403	-0.0000	-0.0000	3.0234	0.9556	1.0170	1.0192	0.0001	0.0001	0.0000	0.0001	0.0001	0.0000	0.0000	0.0000	0.0000	0.0000	0.0000	0.0000	0.0000	0.0000	0.0000	0.0000	0.0000	0.0000	0.1081	0.0917	0.0164	0.0318	0.0291	0.0027	0.0764	0.0626	0.0138	0.0602	0.0154	0.0449	0.0039	0.0036	0.0003	0.0563	0.0118	0.0446	1.9932	0.6234	0.1205	0.4572	0.4620	0.0000	0.0339	0.0000	0.1483	0.0003	0.0010	0.0000	0.0039	0.0043	0.0001	0.0000	0.0000	0.0000	
14	56	0.0729	2	1	1	0	0	0	0	0	0	N	N	N	N	N	N	N	N	N	N	N	N	0.0004	0.0000	0.0000	0.0000	0.0001	0.0000	0.0000	0.0000	0.0000	0.0001	0.0000	0.0004	0.0004	0.0000	0.0000	0.0000	0.0000	0.1160	1.6919	0.0000	8.4448	8.3630	0.0206	0.0000	0.0000	0.0000	0.0000	0.0001	-0.0000	-0.0128	3.0234	3.0309	1.0170	3.0097	0.0000	0.0000	0.0000	0.0000	0.0000	0.0000	0.0000	0.0000	0.0000	0.0190	0.0190	0.0000	0.0190	0.0190	0.0000	0.0000	0.0000	0.0000	0.2750	0.2307	0.0443	0.0302	0.0283	0.0019	0.2449	0.2024	0.0424	0.1639	0.0386	0.1252	0.0024	0.0024	0.0001	0.1615	0.0363	0.1252	0.0004	0.0001	0.0000	0.0000	0.0001	0.0000	0.0000	0.0000	0.0000	0.1160	0.4918	0.0000	7.9140	8.0853	0.0206	0.0000	0.0000	0.0000	
14	57	0.0729	2	1	1	0	0	0	0	0	0	N	N	N	N	N	N	N	N	N	N	N	N	0.0000	0.0000	0.0000	0.0000	0.0000	0.0000	0.0000	0.0000	0.0000	0.0000	0.0000	0.0000	0.0000	0.0000	0.0000	0.0000	0.0000	0.0007	0.0029	0.0000	0.0465	0.0471	0.0208	0.0000	0.0000	0.0000	0.0097	0.0000	-0.0001	3.0234	3.0000	1.0170	3.0006	0.0000	0.0000	0.0000	0.0000	0.0000	0.0000	0.0000	0.0000	0.0000	0.0001	0.0001	0.0000	0.0001	0.0001	0.0000	0.0000	0.0000	0.0000	0.2724	0.2285	0.0439	0.0299	0.0280	0.0019	0.2426	0.2005	0.0421	0.1630	0.0384	0.1245	0.0024	0.0023	0.0001	0.1606	0.0361	0.1245	0.0000	0.0000	0.0000	0.0000	0.0000	0.0000	0.0000	0.0000	0.0000	0.0007	0.0029	0.0000	0.0465	0.0471	0.0208	0.0000	0.0000	0.0000		
14	58	0.2184	4	1	1	0	0	0	0	0	0	N	N	N	N	N	N	N	N	N	N	N	N	2.4392	1.1971	0.0046	0.6218	0.6631	0.0010	5.8681	3.6715	0.0038	0.0246	0.0286	0.0000	0.0360	0.0386	0.0000	0.0215	0.0256	0.0000	0.0101	0.0239	0.0028	0.0579	0.0583	0.0488	0.0037	0.0070	0.0024	0.0001	0.2238	-0.0087	-0.0018	3.0234	10.2575	1.0170	3.8960	0.0225	0.0225	0.0000	0.0070	0.0070	0.0000	0.0155	0.0155	0.0000	0.0036	0.0030	0.0007	0.0031	0.0030	0.0001	0.0006	0.0000	0.0006	0.9137	0.7850	0.1287	0.1941	0.1807	0.0134	0.7196	0.6043	0.1154	0.3616	0.1246	0.2370	0.0534	0.0511	0.0023	0.3081	0.0735	0.2347	2.4392	1.1971	0.0046	0.6218	0.6631	0.0010	11.9523	1131.6685	0.0038	0.0101	0.0239	0.0028	0.0579	0.0583	0.0488	0.0018	0.0000	0.0024
14	59	0.1925	3	2	2	1	0	0	0	0	0	Y	Y	N	N	N	N	N	N	N	N	N	N	0.0000	0.0000	0.0000	0.0000	0.0000	0.0000	0.0000	0.0000	0.0000	0.0000	0.0000	0.0000	0.0000	0.0000	0.0000	0.0000	0.0000	0.0000	0.0000	0.0000	3.0234	0.0000	1.0170	0.0000	0.0000	0.0000	0.0000	0.0000	0.0000	0.0000	0.0000	0.0000	0.0000	0.0000	0.0000	0.0000	0.0000	0.0000	0.0000	0.0000	0.0000	0.0000	0.0000	0.0000	0.0000	0.0000	0.0000	0.0000	0.0000	0.0000	0.0000	0.0000	0.0000	0.0000	0.0000	0.0000	0.0000	0.0000	0.0000	0.0000	0.0000	0.0000	0.0000	0.0000	0.0000	0.0000	0.0000	0.0000	0.0000	0.0000	0.0000	0.0000	0.0000	0.0000	0.0000	0.0000	0.0000	0.0000											
14	60	0.0729	2	2	1	1	0	0	0	0	0	Y	N	N	N	N	N	N	N	N	N	N	N	2.3312	0.5176	0.0036	0.0038	inf	inf	0.0312	0.0369	0.0000	0.0031	0.0034	0.0000	0.0347	0.0415	0.0000	0.0134	0.0712	0.0000	0.8703	0.8892	0.0000	0.0000	0.0000	0.0000	0.0000	0.0000	-0.0069	-0.0023	3.0234	7.0000	1.0170	3.9994	0.0180	0.0180	0.0000	0.0002	0.0002	0.0000	0.0178	0.0178	0.0000	0.0035	0.0035	0.0000	0.0035	0.0035	0.0000	0.0000	0.0000	0.0000	0.5750	0.4872	0.0879	0.0638	0.0597	0.0041	0.5112	0.4275	0.0838	0.2604	0.0639	0.1966	0.0040	0.0039	0.0001	0.2564	0.0599	0.1965	2.3312	0.6748	0.0000	0.0036	0.0038	0.0000	inf	inf	0.0000	0.0134	0.0546	0.0000	0.8703	0.8892	0.0000	0.0000	0.0000	0.0000			
14	61	0.1553	3	2	1	1	0	0	0	0	0	Y	N	N	N	N	N	N	N	N	N	N	N	0.0000	0.0000	0.0000	0.0000	0.0000	0.0000	0.0000	0.0000	0.0000	0.0000	0.0000	0.0000	0.0000	0.0000	0.0000	0.0000	0.0000	0.0000	0.0000	0.0000	3.0234	2.0000	1.0170	0.0000	0.0000	0.0000	0.0000	0.0000	0.0000	0.0000	0.0000	0.0000	0.0000	0.0000	0.0000	0.0000	0.0000	0.0000	0.0000	0.0000	0.0000	0.0000	0.1645	0.1365	0.0280	0.0258	0.0237	0.0021	0.1387	0.1128	0.0259	0.0469	0.0177	0.0291	0.0247	0.0115	0.0132	0.0222	0.0062	0.0159	0.0000	0.0000	0.0000	0.0000	0.0000	0.0000	0.0000	0.0000	0.0000	0.0000	0.0000	0.0000	0.0000	0.0000	0.0000	0.0000	0.0000	0.0000											
14	62	0.0729	2	2	1	1	0	0	0	0	0	Y	N	N	N	N	N	N	N	N	N	N	N	2.9774	0.5454	0.0032	0.0033	inf	inf	0.0506	0.0601	0.0000	0.0036	0.0038	0.0000	0.0564	0.0680	0.0000	0.0170	0.1103	0.0000	1.1385	1.1632	0.0000	0.0000	0.0000	0.0000	0.0000	0.0000	-0.0069	-0.0023	3.0234	4.0000	1.0170	3.9994	0.0179	0.0179	0.0000	0.0001	0.0001	0.0000	0.0178	0.0178	0.0000	0.0035	0.0035	0.0000	0.0035	0.0035	0.0000	0.0000	0.0000	0.0000	0.3540	0.2977	0.0563	0.0390	0.0365	0.0025	0.3150	0.2612	0.0538	0.2054	0.0492	0.1562	0.0031	0.0030	0.0001	0.2024	0.0462	0.1562	2.9774	0.8482	0.0000	0.0032	0.0033	0.0000	inf	inf	0.0000	0.0170	0.0709	0.0000	1.1385	1.1632	0.0000	0.0000	0.0000	0.0000			
14	63	0.0729	2	1	2	0	0	0	0	0	0	N	Y	N	N	N	N	N	N	N	N	N	N	0.0000	0.0000	0.0000	0.0000	0.0000	0.0000	0.0000	0.0000	0.0000	0.0000	0.0000	0.0000	0.0000	0.0000	0.0002	0.0000	0.0025	0.0025	0.0000	0.0000	0.0000	0.0000	0.0000	0.0000	-0.0000	3.0234	7.0000	1.0170	4.0000	0.0000	0.0000	0.0000	0.0000	0.0000	0.0000	0.0000	0.0000	0.0000	0.0000	0.0000	0.0000	0.0000	0.0000	0.0000	0.0000	0.0000	0.0000	0.5750	0.4872	0.0879	0.0638	0.0597	0.0041	0.5112	0.4275	0.0838	0.2604	0.0639	0.1966	0.0040	0.0039	0.0001	0.2564	0.0599	0.1965	0.0000	0.0000	0.0000	0.0000	0.0000	0.0000	0.0000	0.0000	0.0000	0.0000	0.0002	0.0000	0.0025	0.0025	0.0000	0.0000	0.0000	0.0000						
14	64	0.1795	5	1	1	1	0	0	0	0	0	N	N	N	N	N	N	N	N	N	N	N	N	0.0000	0.0000	0.0000	0.0000	0.0000	0.0000	0.0000	0.0000	0.0000	0.0000	0.0000	0.0000	0.0000	0.0000	0.0000	0.0000	0.0000	0.0000	0.0000	0.0000	3.0234	0.0000	1.0170	0.0000	0.0000	0.0000	0.0000	0.0000	0.0000	0.0000	0.0000	0.0000	0.0000	0.0000	0.0000	0.0000	0.0000	0.0000	0.0000	0.0000	0.0000	0.0000	0.0000	0.0000	0.0000	0.0000	0.0000	0.0000	0.0000	0.0000	0.0000	0.0000	0.0000	0.0000	0.0000	0.0000	0.0000	0.0000	0.0000	0.0000	0.0000	0.0000	0.0000	0.0000	0.0000	0.0000	0.0000	0.0000	0.0000	0.0000	0.0000	0.0000	0.0000	0.0000	0.0000	0.0000	0.0000	0.0000											
14	65	0.1552	4	1	1	1	0	0	0	0	0	N	N	N	N	N	N	N	N	N	N	N	N	inf	inf	inf	inf	inf	inf	inf	inf	0.0374	0.0450	0.0000	0.2436	0.2595	0.0001	0.0000	0.0000	0.0000	0.0000	0.0000	0.0000	0.0000	0.0000	0.0000	0.0000	0.0000	0.0000	0.0000	-0.0011	0.0000	3.0234	0.8734	1.0170	1.0002	0.0029	0.0029	0.0000	0.0029	0.0029	0.0000	0.0000	0.0000	0.0000	0.0000	0.0000	0.0000	0.0000	0.0000	0.0000	0.0000	0.0000	0.0000	0.0784	0.0652	0.0132	0.0120	0.0113	0.0007	0.0664	0.0539	0.0125	0.0569	0.0121	0.0448	0.0165	0.0040	0.0125	0.0404	0.0081	0.0323	inf	inf	inf	inf	inf	inf	inf	inf	0.0000	0.0000	0.0000	0.0000	0.0000	0.0000	0.0000	0.0000	0.0000	0.0000		
14	66	0.1407	3	1	1	0	0	0	0	0	0	N	N	N	N	N	N	N	N	N	N	N	N	24.2737	12.2653	0.0088	0.0389	0.0197	0.0644	22.5164	0.7650	0.0066	0.0367	0.0441	0.0000	0.0001	0.0001	0.0000	0.0436	0.0538	0.0000	0.0015	0.0036	0.0007	0.0023	0.0048	0.0001	0.0019	0.0703	0.0008	0.0000	0.4385	-0.0013	-0.0000	3.0234	1.0063	1.0170	0.0727	0.0034	0.0034	0.0000	0.0000	0.0000	0.0000	0.0034	0.0034	0.0000	0.0001	0.0000	0.0000	0.0000	0.0000	0.0000	0.0000	0.0000	0.0000	0.0914	0.0760	0.0154	0.0146	0.0137	0.0009	0.0768	0.0623	0.0145	0.0428	0.0125	0.0303	0.0152	0.0071	0.0082	0.0276	0.0055	0.0222	24.2737	12.2653	0.0088	0.0389	0.0197	0.0644	40.6358	26.5559	0.0066	0.0015	0.0036	0.0007	0.0023	0.0048	0.0001	0.0011	0.0020	0.0008
14	67	0.0729	2	1	1	0	0	0	0	0	0	N	N	N	N	N	N	N	N	N	N	N	N	0.0019	0.0003	662.1588	0.0000	0.0000	0.0336	0.1414	0.0008	inf	0.0000	0.0000	0.0000	0.0000	0.0000	0.0000	0.0000	0.0000	0.0000	0.0138	0.0838	0.0000	0.9335	0.9538	0.0001	0.0002	0.0416	0.0000	0.0893	0.0000	-0.0000	-0.0013	3.0234	4.0009	1.0170	1.0789	0.0000	0.0000	0.0000	0.0000	0.0000	0.0000	0.0000	0.0000	0.0000	0.0020	0.0020	0.0000	0.0019	0.0019	0.0000	0.0000	0.0000	0.0000	0.3541	0.2977	0.0563	0.0390	0.0365	0.0025	0.3151	0.2613	0.0539	0.1416	0.0331	0.1085	0.0021	0.0020	0.0000	0.1396	0.0311	0.1084	0.0019	0.0005	662.1588	0.0000	0.0000	0.0336	0.1414	0.0349	inf	0.0138	0.0589	0.0000	0.9335	0.9538	0.0001	0.0002	0.0009	0.0000
14	68	0.0729	2	1	2	0	0	0	0	0	0	N	Y	N	N	N	N	N	N	N	N	N	N	0.0015	0.0003	0.0002	0.0002	0.0000	0.0000	0.0000	0.0002	0.0002	0.0000	0.0000	0.0000	0.0000	0.0154	0.0890	0.0000	1.0238	1.0460	0.0000	0.0000	0.0000	0.0000	0.0000	0.0000	-0.0000	-0.0023	3.0234	5.0000	1.0170	3.9994	0.0000	0.0000	0.0000	0.0000	0.0000	0.0000	0.0000	0.0000	0.0000	0.0035	0.0035	0.0000	0.0035	0.0035	0.0000	0.0000	0.0000	0.0000	0.4314	0.3637	0.0677	0.0476	0.0446	0.0030	0.3838	0.3191	0.0647	0.2249	0.0543	0.1706	0.0034	0.0033	0.0001	0.2215	0.0510	0.1705	0.0015	0.0004	0.0000	0.0002	0.0002	0.0000	0.0000	0.0000	0.0000	0.0154	0.0639	0.0000	1.0238	1.0460	0.0000	0.0000	0.0000	0.0000					
14	69	0.0729	2	2	1	1	0	0	0	0	0	Y	N	N	N	N	N	N	N	N	N	N	N	0.0126	0.0036	0.0017	0.0018	0.0001	0.0001	0.0000	0.0009	0.0010	0.0000	0.0000	0.0000	0.0000	0.0083	0.0340	0.0000	0.5425	0.5543	0.0000	0.0000	0.0000	0.0000	0.0000	0.0000	-0.0000	-0.0014	3.0234	7.0000	1.0170	2.9994	0.0001	0.0001	0.0000	0.0001	0.0001	0.0000	0.0000	0.0000	0.0000	0.0020	0.0020	0.0000	0.0020	0.0020	0.0000	0.0000	0.0000	0.0000	0.5750	0.4872	0.0879	0.0638	0.0597	0.0041	0.5112	0.4275	0.0838	0.2432	0.0592	0.1840	0.0037	0.0036	0.0001	0.2395	0.0555	0.1839	0.0126	0.0036	0.0000	0.0017	0.0018	0.0000	0.0000	0.0000	0.0000	0.0083	0.0340	0.0000	0.5425	0.5543	0.0000	0.0000	0.0000	0.0000					
14	70	0.0729	2	1	2	0	1	0	0	0	0	N	Y	N	N	N	N	N	N	N	N	N	N	5704.3385	1653.8123	0.0000	0.0392	0.0413	0.0000	41735341.2913	inf	0.0000	2.8174	3.3504	0.0000	0.0013	0.0014	0.0000	3.1656	3.8182	0.0000	0.0005	0.0020	0.0000	0.0328	0.0332	0.0146	0.0000	0.0000	0.0000	0.0000	0.0097	-0.3844	-0.0001	3.0234	4.0000	1.0170	5.0006	0.9974	0.9974	0.0000	0.0000	0.0000	0.0000	0.9973	0.9973	0.0000	0.0001	0.0001	0.0000	0.0001	0.0001	0.0000	0.0000	0.0000	0.0000	0.3540	0.2977	0.0563	0.0390	0.0365	0.0025	0.3150	0.2612	0.0538	0.2249	0.0543	0.1706	0.0034	0.0033	0.0001	0.2215	0.0510	0.1705	5704.3385	1653.8123	0.0000	0.0392	0.0413	0.0000	41735341.2913	inf	0.0000	0.0005	0.0020	0.0000	0.0328	0.0332	0.0146	0.0000	0.0000	0.0000
14	71	0.0729	2	1	2	0	0	0	0	0	0	N	Y	N	N	N	N	N	N	N	N	N	N	3.9914	1.1641	0.0047	0.0049	inf	inf	0.0311	0.0368	0.0000	0.0024	0.0025	0.0000	0.0347	0.0415	0.0000	0.0078	0.0316	0.0000	0.5013	0.5122	0.0000	0.0000	0.0000	0.0000	0.0000	0.0000	-0.0069	-0.0015	3.0234	7.0000	1.0170	4.9994	0.0179	0.0179	0.0000	0.0001	0.0001	0.0000	0.0178	0.0178	0.0000	0.0022	0.0022	0.0000	0.0022	0.0022	0.0000	0.0000	0.0000	0.0000	0.5750	0.4872	0.0879	0.0638	0.0597	0.0041	0.5112	0.4275	0.0838	0.2767	0.0684	0.2083	0.0043	0.0042	0.0001	0.2724	0.0641	0.2082	3.9914	1.1641	0.0000	0.0047	0.0049	0.0000	inf	inf	0.0000	0.0078	0.0316	0.0000	0.5013	0.5122	0.0000	0.0000	0.0000	0.0000			
14	72	0.1294	3	1	2	0	0	0	0	0	0	N	Y	N	N	N	N	N	N	N	N	N	N	43.5857	21.9525	0.0000	0.6867	0.7397	0.0000	583.1187	inf	0.0000	0.0434	0.0512	0.0000	0.0025	0.0027	0.0000	0.0536	0.0650	0.0000	0.0010	0.0023	0.0001	0.0037	0.0037	0.0198	0.0001	0.0000	0.0001	0.0000	0.0852	-0.0068	-0.0001	3.0234	4.7764	1.0170	1.3205	0.0176	0.0176	0.0000	0.0002	0.0002	0.0000	0.0174	0.0174	0.0000	0.0001	0.0001	0.0000	0.0001	0.0001	0.0000	0.0000	0.0000	0.0000	0.4068	0.3446	0.0622	0.0815	0.0763	0.0052	0.3253	0.2683	0.0570	0.1422	0.0559	0.0863	0.0357	0.0356	0.0001	0.1065	0.0203	0.0862	43.5857	21.9525	0.0000	0.6867	0.7397	0.0000	583.1187	inf	0.0000	0.0010	0.0023	0.0001	0.0037	0.0037	0.0198	0.0001	0.0000	0.0001
14	73	0.0729	2	1	2	0	0	0	0	0	0	N	Y	N	N	N	N	N	N	N	N	N	N	0.0878	0.0181	0.5559	0.0001	0.0002	0.0009	0.1126	0.0015	0.6068	0.0012	0.0014	0.0001	0.0001	0.0001	0.0000	0.0014	0.0016	0.0001	0.0140	0.0801	0.0002	0.6082	0.6210	0.0207	0.0122	1.1018	0.0002	0.0120	0.0090	-0.0001	-0.0015	3.0234	3.3049	1.0170	2.7470	0.0004	0.0004	0.0000	0.0000	0.0000	0.0000	0.0004	0.0004	0.0000	0.0023	0.0023	0.0000	0.0015	0.0015	0.0000	0.0008	0.0008	0.0000	0.2978	0.2499	0.0478	0.0327	0.0306	0.0021	0.2651	0.2193	0.0458	0.1641	0.0387	0.1254	0.0024	0.0024	0.0001	0.1617	0.0364	0.1254	0.0878	0.0246	0.5559	0.0001	0.0002	0.0009	0.2648	0.0728	0.6068	0.0140	0.0589	0.0002	0.6082	0.6210	0.0207	0.0052	0.0225	0.0002
14	74	0.1316	3	1	2	0	0	0	0	0	0	N	Y	N	N	N	N	N	N	N	N	N	N	0.0000	0.0000	0.0000	0.0000	0.0000	0.0000	0.0000	0.0000	0.0000	0.0000	0.0000	0.0000	0.0000	0.0000	0.0000	0.0000	0.0000	0.0000	0.0000	0.0000	3.0234	0.0000	1.0170	0.0000	0.0000	0.0000	0.0000	0.0000	0.0000	0.0000	0.0000	0.0000	0.0000	0.0000	0.0000	0.0000	0.0000	0.0000	0.0000	0.0000	0.0000	0.0000	0.0000	0.0000	0.0000	0.0000	0.0000	0.0000	0.0000	0.0000	0.0000	0.0000	0.0000	0.0000	0.0000	0.0000	0.0000	0.0000	0.0000	0.0000	0.0000	0.0000	0.0000	0.0000	0.0000	0.0000	0.0000	0.0000	0.0000	0.0000	0.0000	0.0000	0.0000	0.0000	0.0000	0.0000	0.0000	0.0000											
14	75	0.0729	2	1	2	0	0	0	0	0	0	N	Y	N	N	N	N	N	N	N	N	N	N	41.1926	6.9684	3.0457	0.0170	0.0180	0.0001	44.5425	0.4143	3.2254	0.9278	1.1020	0.0020	0.0006	0.0006	0.0000	1.0426	1.2558	0.0021	0.0225	0.1581	0.0006	0.0338	0.0341	0.0197	0.0234	3.0309	0.0006	0.0003	0.0225	-0.1365	-0.0026	3.0234	4.3567	1.0170	2.3689	0.3545	0.3544	0.0001	0.0000	0.0000	0.0000	0.3545	0.3544	0.0001	0.0040	0.0039	0.0001	0.0001	0.0001	0.0000	0.0039	0.0039	0.0001	0.3821	0.3216	0.0605	0.0421	0.0394	0.0027	0.3400	0.2822	0.0578	0.1790	0.0424	0.1365	0.0026	0.0026	0.0001	0.1763	0.0399	0.1365	41.1926	11.8626	3.0457	0.0170	0.0180	0.0001	46.6370	12.9860	3.2254	0.0225	0.0929	0.0006	0.0338	0.0341	0.0197	0.0224	0.0967	0.0006
14	76	0.1403	5	2	2	0	1	0	0	0	0	Y	Y	N	N	N	N	N	N	N	N	N	N	0.0000	0.0000	0.0000	0.0000	0.0000	0.0000	0.0000	0.0000	0.0000	0.0000	0.0000	0.0000	0.0000	0.0000	0.0000	0.0000	0.0000	0.0000	0.0000	0.0000	3.0234	0.0000	1.0170	0.0000	0.0000	0.0000	0.0000	0.0000	0.0000	0.0000	0.0000	0.0000	0.0000	0.0000	0.0000	0.0000	0.0000	0.0000	0.0000	0.0000	0.0000	0.0000	0.0000	0.0000	0.0000	0.0000	0.0000	0.0000	0.0000	0.0000	0.0000	0.0000	0.0000	0.0000	0.0000	0.0000	0.0000	0.0000	0.0000	0.0000	0.0000	0.0000	0.0000	0.0000	0.0000	0.0000	0.0000	0.0000	0.0000	0.0000	0.0000	0.0000	0.0000	0.0000	0.0000	0.0000	0.0000	0.0000											
14	77	0.1319	4	2	2	0	1	0	0	0	0	Y	Y	N	N	N	N	N	N	N	N	N	N	0.0000	0.0000	0.0000	0.0000	0.0000	0.0000	0.0000	0.0000	0.0000	0.0000	0.0000	0.0000	0.0000	0.0000	0.0000	0.0000	0.0000	0.0000	0.0000	0.0000	0.0000	0.0000	0.0000	0.0000	0.0000	0.0000	56.6000	0.0000	0.0000	3.0234	1.0073	1.0170	0.3366	0.0000	0.0000	0.0000	0.0000	0.0000	0.0000	0.0000	0.0000	0.0000	0.0000	0.0000	0.0000	0.0000	0.0000	0.0000	0.0000	0.0000	0.0000	0.0907	0.0778	0.0130	0.0178	0.0164	0.0014	0.0729	0.0614	0.0115	0.0302	0.0106	0.0196	0.0031	0.0030	0.0001	0.0271	0.0076	0.0195	0.0000	0.0000	0.0000	0.0000	0.0000	0.0000	0.0000	0.0000	0.0000	0.0000	0.0000	0.0000	0.0000	0.0000	0.0000	0.0000	0.0000	0.0000		
14	78	0.1577	4	1	2	0	1	0	0	0	0	N	Y	N	N	N	N	N	N	N	N	N	N	0.0000	0.0000	0.0000	0.0000	0.0000	0.0000	0.0000	0.0000	0.0000	0.0000	0.0000	0.0000	0.0000	0.0000	0.0000	0.0000	0.0000	0.0000	0.0000	0.0000	3.0234	0.0000	1.0170	0.0000	0.0000	0.0000	0.0000	0.0000	0.0000	0.0000	0.0000	0.0000	0.0000	0.0000	0.0000	0.0000	0.0000	0.0000	0.0000	0.0000	0.0000	0.0000	0.0000	0.0000	0.0000	0.0000	0.0000	0.0000	0.0000	0.0000	0.0000	0.0000	0.0000	0.0000	0.0000	0.0000	0.0000	0.0000	0.0000	0.0000	0.0000	0.0000	0.0000	0.0000	0.0000	0.0000	0.0000	0.0000	0.0000	0.0000	0.0000	0.0000	0.0000	0.0000	0.0000	0.0000	0.0000	0.0000											
14	79	0.1495	3	1	2	0	1	0	0	0	0	N	Y	N	N	N	N	N	N	N	N	N	N	0.0000	0.0000	0.0000	0.0000	0.0000	0.0000	0.0000	0.0000	0.0000	0.0000	0.0000	0.0000	0.0000	0.0000	0.0000	0.0000	0.0000	0.0000	0.0000	0.0000	3.0234	0.0000	1.0170	1.0000	0.0000	0.0000	0.0000	0.0000	0.0000	0.0000	0.0000	0.0000	0.0000	0.0000	0.0000	0.0000	0.0000	0.0000	0.0000	0.0000	0.0000	0.0000	0.0000	0.0000	0.0000	0.0000	0.0000	0.0000	0.0000	0.0000	0.0000	0.0301	0.0092	0.0209	0.0104	0.0033	0.0071	0.0197	0.0059	0.0138	0.0000	0.0000	0.0000	0.0000	0.0000	0.0000	0.0000	0.0000	0.0000	0.0000	0.0000	0.0000	0.0000	0.0000	0.0000	0.0000	0.0000	0.0000											
14	80	0.1319	4	1	2	0	0	0	0	0	0	N	Y	N	N	N	N	N	N	N	N	N	N	0.0000	0.0000	0.0000	0.0000	0.0000	0.0000	0.0000	0.0000	0.0000	0.0000	0.0000	0.0000	0.0000	0.0000	0.0000	0.0000	0.0000	0.0000	0.0000	0.0000	0.0000	0.0000	0.0000	0.0000	0.0000	0.0000	56.7000	0.0000	0.0000	3.0234	3.9927	1.0170	1.0002	0.0000	0.0000	0.0000	0.0000	0.0000	0.0000	0.0000	0.0000	0.0000	0.0000	0.0000	0.0000	0.0000	0.0000	0.0000	0.0000	0.0000	0.0000	0.3327	0.2868	0.0459	0.0660	0.0606	0.0054	0.2667	0.2262	0.0406	0.0962	0.0330	0.0632	0.0072	0.0068	0.0004	0.0890	0.0262	0.0628	0.0000	0.0000	0.0000	0.0000	0.0000	0.0000	0.0000	0.0000	0.0000	0.0000	0.0000	0.0000	0.0000	0.0000	0.0000	0.0000	0.0000	0.0000		
14	81	0.1273	3	1	2	0	0	0	0	0	0	N	Y	N	N	N	N	N	N	N	N	N	N	0.0000	0.0000	0.0000	0.0000	0.0000	0.0000	0.0000	0.0000	0.0000	0.0000	0.0000	0.0000	0.0000	0.0000	0.0000	0.0000	0.0000	0.0000	0.0000	0.0001	0.0001	0.0000	0.0000	0.0000	0.0000	0.0238	0.0000	-0.0000	3.0234	0.0110	1.0170	0.6549	0.0000	0.0000	0.0000	0.0000	0.0000	0.0000	0.0000	0.0000	0.0000	0.0000	0.0000	0.0000	0.0000	0.0000	0.0000	0.0000	0.0000	0.0000	0.0010	0.0009	0.0001	0.0002	0.0002	0.0000	0.0008	0.0007	0.0001	0.0139	0.0047	0.0092	0.0009	0.0008	0.0001	0.0130	0.0038	0.0092	0.0000	0.0000	0.0000	0.0000	0.0000	0.0000	0.0000	0.0000	0.0000	0.0000	0.0000	0.0000	0.0001	0.0001	0.0000	0.0000	0.0000	0.0000			
14	82	0.1495	3	1	1	1	1	0	0	0	0	N	N	N	N	N	N	N	N	N	N	N	N	0.0000	0.0000	0.0000	0.0000	0.0000	0.0000	0.0000	0.0000	0.0000	0.0000	0.0000	0.0000	0.0000	0.0000	0.0000	0.0000	0.0000	0.0000	0.0000	0.0000	3.0234	1.0000	1.0170	0.0000	0.0000	0.0000	0.0000	0.0000	0.0000	0.0000	0.0000	0.0000	0.0000	0.0000	0.0000	0.0000	0.0000	0.0000	0.0000	0.0000	0.0000	0.0000	0.0897	0.0768	0.0129	0.0133	0.0122	0.0011	0.0764	0.0646	0.0119	0.0301	0.0092	0.0209	0.0104	0.0033	0.0071	0.0197	0.0059	0.0138	0.0000	0.0000	0.0000	0.0000	0.0000	0.0000	0.0000	0.0000	0.0000	0.0000	0.0000	0.0000	0.0000	0.0000	0.0000	0.0000	0.0000	0.0000											
14	83	0.1495	3	1	1	1	1	0	0	0	0	N	N	N	N	N	N	N	N	N	N	N	N	0.0000	0.0000	0.0000	0.0000	0.0000	0.0000	0.0000	0.0000	0.0000	0.0000	0.0000	0.0000	0.0000	0.0000	0.0000	0.0000	0.0000	0.0000	0.0000	0.0000	3.0234	0.0000	1.0170	0.0000	0.0000	0.0000	0.0000	0.0000	0.0000	0.0000	0.0000	0.0000	0.0000	0.0000	0.0000	0.0000	0.0000	0.0000	0.0000	0.0000	0.0000	0.0000	0.0000	0.0000	0.0000	0.0000	0.0000	0.0000	0.0000	0.0000	0.0000	0.0000	0.0000	0.0000	0.0000	0.0000	0.0000	0.0000	0.0000	0.0000	0.0000	0.0000	0.0000	0.0000	0.0000	0.0000	0.0000	0.0000	0.0000	0.0000	0.0000	0.0000	0.0000	0.0000	0.0000	0.0000	0.0000	0.0000											
14	84	0.0729	2	1	1	0	1	0	0	0	0	N	N	N	N	N	N	N	N	N	N	N	N	0.0041	0.0012	0.0006	0.0006	0.0000	0.0000	0.0000	0.0003	0.0004	0.0000	0.0000	0.0000	0.0000	0.0089	0.0370	0.0000	0.5929	0.6057	0.0000	0.0000	0.0000	0.0000	0.0000	0.0000	-0.0000	-0.0014	3.0234	3.0000	1.0170	5.9994	0.0000	0.0000	0.0000	0.0000	0.0000	0.0000	0.0000	0.0000	0.0000	0.0020	0.0020	0.0000	0.0020	0.0020	0.0000	0.0000	0.0000	0.0000	0.2724	0.2285	0.0439	0.0299	0.0280	0.0019	0.2426	0.2005	0.0421	0.2249	0.0543	0.1706	0.0034	0.0033	0.0001	0.2215	0.0510	0.1705	0.0041	0.0012	0.0000	0.0006	0.0006	0.0000	0.0000	0.0000	0.0000	0.0089	0.0370	0.0000	0.5929	0.6057	0.0000	0.0000	0.0000	0.0000					
14	85	0.2105	3	2	2	0	0	0	0	0	0	Y	Y	N	N	N	N	N	N	N	N	N	N	0.0000	0.0000	0.0000	0.0000	0.0000	0.0000	0.0000	0.0000	0.0000	0.0000	0.0000	0.0000	0.0000	0.0043	0.0000	0.0096	0.0000	0.0000	0.0000	0.0147	0.0000	0.0094	inf	0.0000	0.0000	3.0234	0.0000	1.0170	0.0000	0.0000	0.0000	0.0000	0.0000	0.0000	0.0000	0.0000	0.0000	0.0000	0.0000	0.0000	0.0000	0.0000	0.0000	0.0000	0.0000	0.0000	0.0000	0.0000	0.0000	0.0000	0.0000	0.0000	0.0000	0.0000	0.0000	0.0000	0.0000	0.0000	0.0000	0.0000	0.0000	0.0000	0.0000	0.0000	0.0000	0.0000	0.0000	0.0000	0.0000	0.0000	0.0000	0.0000	0.0000	0.0000	0.0043	0.0000	0.0096	0.0000	0.0000	0.0000	0.0076	0.0000	0.0094						
14	86	0.0729	2	2	2	0	0	0	0	0	0	Y	Y	N	N	N	N	N	N	N	N	N	N	0.1269	0.0376	0.0000	0.0089	0.0095	0.0000	422.4118	inf	0.0000	0.0000	0.0001	0.0000	0.0002	0.0002	0.0000	0.0000	0.0000	0.0000	0.0004	0.0015	0.0000	0.0235	0.0237	0.0115	0.0000	0.0000	0.0000	0.0000	0.0107	-0.0000	-0.0001	3.0234	5.0000	1.0170	7.0006	0.0000	0.0000	0.0000	0.0000	0.0000	0.0000	0.0000	0.0000	0.0000	0.0001	0.0001	0.0000	0.0001	0.0001	0.0000	0.0000	0.0000	0.0000	0.4314	0.3637	0.0677	0.0476	0.0446	0.0030	0.3838	0.3191	0.0647	0.2767	0.0684	0.2083	0.0043	0.0042	0.0001	0.2724	0.0642	0.2082	0.1269	0.0376	0.0000	0.0089	0.0095	0.0000	422.4118	inf	0.0000	0.0004	0.0015	0.0000	0.0235	0.0237	0.0115	0.0000	0.0000	0.0000
14	87	0.0729	2	1	2	0	0	0	0	0	0	N	Y	N	N	N	N	N	N	N	N	N	N	0.1189	0.0334	0.0000	0.0158	0.0167	0.0000	0.0000	0.0000	0.0001	0.0001	0.0000	0.0010	0.0010	0.0000	0.0000	0.0000	0.0000	0.0009	0.0037	0.0000	0.0606	0.0613	0.0298	0.0000	0.0000	0.0000	0.0000	0.0107	-0.0000	-0.0001	3.0234	1.0000	1.0170	3.0006	0.0000	0.0000	0.0000	0.0000	0.0000	0.0000	0.0000	0.0000	0.0000	0.0001	0.0001	0.0000	0.0001	0.0001	0.0000	0.0000	0.0000	0.0000	0.0958	0.0799	0.0159	0.0104	0.0098	0.0007	0.0853	0.0701	0.0152	0.1151	0.0267	0.0884	0.0017	0.0016	0.0000	0.1134	0.0251	0.0883	0.1189	0.0334	0.0000	0.0158	0.0167	0.0000	0.0000	0.0000	0.0000	0.0009	0.0037	0.0000	0.0606	0.0613	0.0298	0.0000	0.0000	0.0000	
14	88	0.1273	3	2	2	0	0	0	0	0	0	Y	Y	N	N	N	N	N	N	N	N	N	N	0.0000	0.0000	0.0000	0.0000	0.0000	0.0000	0.0000	0.0000	0.0000	0.0000	0.0000	0.0000	0.0000	0.0000	0.0000	0.0000	0.0000	0.0000	0.0000	0.0000	3.0234	0.0000	1.0170	0.0000	0.0000	0.0000	0.0000	0.0000	0.0000	0.0000	0.0000	0.0000	0.0000	0.0000	0.0000	0.0000	0.0000	0.0000	0.0000	0.0000	0.0000	0.0000	0.0000	0.0000	0.0000	0.0000	0.0000	0.0000	0.0000	0.0000	0.0000	0.0000	0.0000	0.0000	0.0000	0.0000	0.0000	0.0000	0.0000	0.0000	0.0000	0.0000	0.0000	0.0000	0.0000	0.0000	0.0000	0.0000	0.0000	0.0000	0.0000	0.0000	0.0000	0.0000	0.0000	0.0000	0.0000	0.0000											
14	89	0.0729	2	1	2	0	0	0	0	0	0	N	Y	N	N	N	N	N	N	N	N	N	N	0.0580	0.0165	0.0079	0.0082	0.0000	0.0000	0.0000	0.0003	0.0003	0.0000	0.0000	0.0000	0.0000	0.0005	0.0020	0.0000	0.0326	0.0333	0.0000	0.0000	0.0000	0.0000	0.0000	0.0000	-0.0000	-0.0001	3.0234	4.0000	1.0170	4.0001	0.0000	0.0000	0.0000	0.0000	0.0000	0.0000	0.0000	0.0000	0.0000	0.0001	0.0001	0.0000	0.0001	0.0001	0.0000	0.0000	0.0000	0.0000	0.3540	0.2977	0.0563	0.0390	0.0365	0.0025	0.3150	0.2612	0.0538	0.2054	0.0492	0.1562	0.0031	0.0030	0.0001	0.2024	0.0462	0.1562	0.0580	0.0165	0.0000	0.0079	0.0082	0.0000	0.0000	0.0000	0.0000	0.0005	0.0020	0.0000	0.0326	0.0333	0.0000	0.0000	0.0000	0.0000					
14	91	0.2184	4	1	1	0	0	0	0	0	0	N	N	N	N	N	N	N	N	N	N	N	N	11.1873	2.7451	53.5715	12.8250	4.7455	9.8435	5.2499	0.0018	51.8656	0.0137	0.0002	0.0969	0.0156	0.0011	0.2109	0.0132	0.0000	0.0840	0.0012	0.0001	0.0018	0.0012	0.0002	0.0214	0.0025	0.0009	0.0016	63.3693	39.0807	0.0081	0.0001	3.0234	11.5137	1.0170	4.9035	0.0134	0.0002	0.0132	0.0031	0.0002	0.0029	0.0103	0.0000	0.0103	0.0005	0.0000	0.0005	0.0001	0.0000	0.0001	0.0004	0.0000	0.0004	0.9799	0.8434	0.1365	0.2009	0.1870	0.0139	0.7790	0.6564	0.1226	0.3837	0.1301	0.2536	0.0522	0.0498	0.0024	0.3315	0.0803	0.2511	11.1873	2.7451	53.5715	12.8250	4.7455	9.8435	10.7745	1.7964	51.8656	0.0012	0.0001	0.0018	0.0012	0.0002	0.0214	0.0012	0.0000	0.0016
15	16	0.1437	3	0	1	0	1	0	0	0	0	N	N	N	N	N	N	N	N	N	N	N	N	0.0000	0.0000	0.0000	0.0000	0.0000	0.0000	0.0000	0.0000	0.0000	0.0000	0.0000	0.0000	0.0000	0.0002	0.0008	0.0000	0.0008	0.0020	0.0000	0.0000	0.0000	0.0000	0.0000	0.0000	-0.0000	4.0000	2.9121	3.0006	3.0117	0.0000	0.0000	0.0000	0.0000	0.0000	0.0000	0.0000	0.0000	0.0000	0.0001	0.0001	0.0000	0.0001	0.0001	0.0000	0.0000	0.0000	0.0000	0.3438	0.2932	0.0507	0.0415	0.0351	0.0064	0.3023	0.2580	0.0443	0.3231	0.0792	0.2439	0.0817	0.0314	0.0503	0.2414	0.0478	0.1937	0.0000	0.0000	0.0000	0.0000	0.0000	0.0000	0.0000	0.0000	0.0000	0.0002	0.0008	0.0000	0.0008	0.0020	0.0000	0.0000	0.0000	0.0000						
15	17	0.1192	2	0	1	0	1	0	0	0	0	N	N	N	N	N	N	N	N	N	N	N	N	17.7230	8.3425	8.8135	1.5108	1.4433	0.0000	183.7315	26.7303	9.5296	0.0433	0.0500	0.0029	0.0153	0.0171	0.0000	0.0487	0.0567	0.0033	0.0024	0.0060	0.0003	0.0101	0.0119	0.0000	0.0003	0.0021	0.0003	0.0097	0.0924	-0.0004	-0.0004	4.0000	0.1693	3.0006	3.5362	0.0010	0.0010	0.0000	0.0001	0.0001	0.0000	0.0010	0.0010	0.0000	0.0007	0.0007	0.0001	0.0007	0.0007	0.0000	0.0001	0.0000	0.0001	0.0240	0.0206	0.0034	0.0039	0.0035	0.0004	0.0201	0.0171	0.0030	0.2913	0.1086	0.1827	0.0642	0.0548	0.0095	0.2271	0.0538	0.1733	17.7230	8.3425	8.8135	1.5108	1.4433	0.0000	183.7315	28674.0697	9.5296	0.0024	0.0060	0.0003	0.0101	0.0119	0.0000	0.0003	0.0000	0.0003
15	19	0.1547	2	0	2	0	0	0	0	0	0	N	Y	N	N	N	N	N	N	N	N	N	N	0.0326	0.0080	0.1903	0.0649	0.0000	0.0001	0.0000	0.0011	0.0011	0.0000	0.0000	0.0000	0.0000	0.0014	0.0068	0.0000	0.0056	0.0173	0.0000	0.0000	0.0000	0.0000	0.0000	0.0000	-0.0000	-0.0002	4.0000	2.0070	3.0006	1.9996	0.0000	0.0000	0.0000	0.0000	0.0000	0.0000	0.0000	0.0000	0.0000	0.0003	0.0003	0.0000	0.0003	0.0003	0.0000	0.0000	0.0000	0.0000	0.2213	0.1835	0.0378	0.0094	0.0089	0.0005	0.2119	0.1746	0.0373	0.2195	0.0448	0.1747	0.0545	0.0177	0.0368	0.1650	0.0272	0.1379	0.0326	0.0080	0.0000	0.1903	0.0649	0.0000	0.0000	0.0000	0.0000	0.0014	0.0068	0.0000	0.0056	0.0173	0.0000	0.0000	0.0000	0.0000					
15	21	0.1435	2	1	2	0	0	0	0	0	0	N	Y	N	N	N	N	N	N	N	N	N	N	0.0180	inf	0.0000	4144.2400	inf	0.0000	0.0000	0.0000	0.0342	0.0397	0.0000	0.1537	0.1603	0.0000	0.0000	0.0000	0.0000	1.9011	0.0000	2.2708	0.0000	0.0000	0.1411	2.8323	0.0000	2.2712	0.0000	inf	-0.0020	0.0722	4.0000	0.9600	3.0006	1.3160	0.0053	0.0053	0.0000	0.0053	0.0053	0.0000	0.0000	0.0000	0.0000	0.2201	0.0000	0.2201	0.0000	0.0000	0.0000	0.2201	0.0000	0.2201	0.1549	0.1334	0.0215	0.0344	0.0330	0.0014	0.1204	0.1004	0.0201	0.1726	0.0756	0.0969	0.0628	0.0628	0.0000	0.1097	0.0128	0.0969	0.0268	inf	0.0000	4144.2400	inf	0.0000	0.0000	0.0000	0.0000	1.2757	0.0000	2.2708	0.0000	0.0000	0.1411	2.0060	0.0000	2.2712	
15	22	0.1693	3	0	2	0	0	0	0	0	0	N	Y	N	N	N	N	N	N	N	N	N	N	0.0000	0.0000	0.0000	0.0000	0.0000	0.0000	0.0000	0.0000	0.0000	0.0000	0.0000	0.0000	0.0000	0.0000	0.0000	0.0000	0.0000	0.0000	0.0000	0.0000	4.0000	0.0000	3.0006	0.0000	0.0000	0.0000	0.0000	0.0000	0.0000	0.0000	0.0000	0.0000	0.0000	0.0000	0.0000	0.0000	0.0000	0.0000	0.0000	0.0000	0.0000	0.0000	0.0000	0.0000	0.0000	0.0000	0.0000	0.0000	0.0000	0.0000	0.0000	0.0000	0.0000	0.0000	0.0000	0.0000	0.0000	0.0000	0.0000	0.0000	0.0000	0.0000	0.0000	0.0000	0.0000	0.0000	0.0000	0.0000	0.0000	0.0000	0.0000	0.0000	0.0000	0.0000	0.0000	0.0000	0.0000	0.0000											
15	25	0.1339	2	0	2	1	1	0	0	0	0	N	Y	N	N	N	N	N	N	N	N	N	N	32.7950	12.9775	0.0000	10.3538	11.0778	0.0000	372168.9273	inf	0.0000	0.0456	0.0531	0.0000	0.0871	0.0971	0.0000	0.0345	0.0407	0.0000	0.0014	0.0041	0.0000	0.0084	0.0088	0.0009	0.0000	0.0000	0.0000	0.0000	0.0049	-0.0022	-0.0001	4.0000	0.8908	3.0006	1.0730	0.0057	0.0057	0.0000	0.0023	0.0023	0.0000	0.0034	0.0034	0.0000	0.0002	0.0002	0.0000	0.0002	0.0002	0.0000	0.0000	0.0000	0.0000	0.1261	0.1083	0.0179	0.0265	0.0238	0.0027	0.0996	0.0845	0.0151	0.1446	0.0489	0.0957	0.0239	0.0228	0.0011	0.1207	0.0260	0.0946	32.7950	12.9775	0.0000	10.3538	11.0778	0.0000	372168.9273	inf	0.0000	0.0014	0.0041	0.0000	0.0084	0.0088	0.0009	0.0000	0.0000	0.0000
15	28	0.1626	2	1	2	0	0	0	0	0	0	N	Y	N	N	N	N	N	N	N	N	N	N	0.0095	0.1816	0.9070	8.7604	0.0109	0.1242	0.0126	0.0000	0.1350	0.0066	0.0000	0.1425	0.0163	0.0000	0.1333	1.3311	0.0000	0.7435	0.0073	0.0000	0.0163	1.4948	0.0000	1.0735	inf	inf	0.0026	0.0322	4.0000	2.9919	3.0006	1.1331	0.0043	0.0000	0.0043	0.0009	0.0000	0.0009	0.0034	0.0000	0.0034	0.0981	0.0000	0.0981	0.0007	0.0000	0.0007	0.0975	0.0000	0.0975	0.3367	0.3052	0.0315	0.1284	0.1225	0.0060	0.2083	0.1827	0.0255	0.2172	0.0852	0.1320	0.0918	0.0506	0.0412	0.1254	0.0346	0.0908	0.0279	0.0000	0.1816	0.9070	0.0000	8.7604	0.0210	0.0000	0.1242	0.4518	0.0000	0.7435	0.0073	0.0000	0.0163	0.7774	0.0000	1.0735			
15	30	0.1001	2	0	2	0	1	0	0	0	0	N	Y	N	N	N	N	N	N	N	N	N	N	inf	inf	inf	inf	0.0000	0.0000	0.0000	0.0000	0.0000	0.0000	0.0000	0.0000	0.0000	0.0000	0.0000	0.0000	0.0000	0.0000	0.0000	0.0000	0.0000	0.0000	0.0000	-0.0000	0.0000	4.0000	3.9676	3.0006	1.0007	0.0000	0.0000	0.0000	0.0000	0.0000	0.0000	0.0000	0.0000	0.0000	0.0000	0.0000	0.0000	0.0000	0.0000	0.0000	0.0000	0.0000	0.0000	0.4684	0.4048	0.0635	0.1041	0.0937	0.0103	0.3643	0.3111	0.0532	0.2140	0.0520	0.1620	0.0087	0.0082	0.0006	0.2053	0.0438	0.1614	inf	inf	0.0000	0.0000	0.0000	0.0000	inf	inf	0.0000	0.0000	0.0000	0.0000	0.0000	0.0000	0.0000	0.0000	0.0000	0.0000						
15	32	0.1290	2	0	1	1	0	0	0	0	0	N	N	N	N	N	N	N	N	N	N	N	N	5685.5641	1625.7004	0.0000	665.3900	638.9448	0.0000	inf	inf	1.9007	2.5313	0.0000	4.4867	4.5471	0.0000	0.0401	0.0690	0.0000	0.0003	0.0016	0.0000	0.0067	0.0071	0.0005	0.0000	0.0000	0.0000	0.0000	0.0045	-0.0123	-0.0000	4.0000	0.0319	3.0006	1.0050	0.0318	0.0318	0.0000	0.0314	0.0314	0.0000	0.0004	0.0004	0.0000	0.0000	0.0000	0.0000	0.0000	0.0000	0.0000	0.0000	0.0000	0.0000	0.0167	0.0126	0.0042	0.0070	0.0069	0.0001	0.0097	0.0057	0.0041	0.0601	0.0128	0.0472	0.0030	0.0028	0.0002	0.0571	0.0100	0.0471	5685.5641	1625.7004	0.0000	665.3900	638.9448	0.0000	inf	inf	0.0000	0.0003	0.0016	0.0000	0.0067	0.0071	0.0005	0.0000	0.0000	0.0000	
15	33	0.1001	3	0	2	0	0	0	0	0	0	N	Y	N	N	N	N	N	N	N	N	N	N	inf	inf	inf	inf	0.0105	0.0111	0.0000	0.0000	0.0000	0.0000	0.0180	0.0194	0.0000	0.0000	0.0000	0.0000	0.0000	0.0000	0.0000	0.0000	0.0000	0.0000	0.0000	-0.0000	0.0000	4.0000	0.0023	3.0006	1.0003	0.0000	0.0000	0.0000	0.0000	0.0000	0.0000	0.0000	0.0000	0.0000	0.0000	0.0000	0.0000	0.0000	0.0000	0.0000	0.0000	0.0000	0.0000	0.0009	0.0009	0.0000	0.0004	0.0004	0.0000	0.0006	0.0005	0.0000	0.0486	0.0115	0.0371	0.0020	0.0018	0.0001	0.0466	0.0097	0.0370	inf	inf	0.0000	0.0000	0.0000	0.0000	inf	inf	0.0000	0.0000	0.0000	0.0000	0.0000	0.0000	0.0000	0.0000	0.0000	0.0000						
15	38	0.1001	3	0	1	1	0	0	0	0	0	N	N	N	N	N	N	N	N	N	N	N	N	inf	inf	inf	inf	0.0001	0.0001	0.0000	0.0000	0.0000	0.0000	0.0001	0.0001	0.0000	0.0000	0.0000	0.0000	0.0000	0.0000	0.0000	0.0000	0.0000	0.0000	0.0000	-0.0000	0.0000	4.0000	1.0023	3.0006	0.0007	0.0000	0.0000	0.0000	0.0000	0.0000	0.0000	0.0000	0.0000	0.0000	0.0000	0.0000	0.0000	0.0000	0.0000	0.0000	0.0000	0.0000	0.0000	0.1270	0.1091	0.0180	0.0286	0.0257	0.0029	0.0984	0.0834	0.0150	0.0486	0.0115	0.0371	0.0020	0.0018	0.0001	0.0467	0.0097	0.0370	inf	inf	0.0000	0.0000	0.0000	0.0000	inf	inf	0.0000	0.0000	0.0000	0.0000	0.0000	0.0000	0.0000	0.0000	0.0000	0.0000						
15	39	0.1001	2	0	1	0	0	0	0	0	0	N	N	N	N	N	N	N	N	N	N	N	N	inf	inf	inf	inf	inf	inf	0.0015	0.0016	0.0000	0.0018	0.0018	0.0000	0.0012	0.0013	0.0000	0.0000	0.0000	0.0000	0.0000	0.0000	0.0000	0.0000	0.0000	0.0000	0.0000	-0.0000	0.0000	4.0000	0.0347	3.0006	0.0013	0.0000	0.0000	0.0000	0.0000	0.0000	0.0000	0.0000	0.0000	0.0000	0.0000	0.0000	0.0000	0.0000	0.0000	0.0000	0.0000	0.0000	0.0000	0.0136	0.0129	0.0007	0.0055	0.0054	0.0001	0.0080	0.0074	0.0006	0.0019	0.0005	0.0014	0.0001	0.0001	0.0000	0.0018	0.0004	0.0014	inf	inf	0.0000	inf	inf	0.0000	inf	inf	0.0000	0.0000	0.0000	0.0000	0.0000	0.0000	0.0000	0.0000	0.0000	0.0000				
15	41	0.1400	3	0	2	0	0	0	0	0	0	N	Y	N	N	N	N	N	N	N	N	N	N	422547.5179	inf	0.0000	0.0000	0.0000	inf	inf	0.1059	0.1206	0.0000	0.0000	0.0000	0.0000	0.1448	0.1677	0.0000	0.0000	0.0000	0.0000	0.0000	0.0000	0.0001	0.0000	0.0000	0.0000	0.0000	inf	-0.0056	0.0000	4.0000	1.0144	3.0006	1.0128	0.0146	0.0146	0.0000	0.0000	0.0000	0.0000	0.0146	0.0146	0.0000	0.0000	0.0000	0.0000	0.0000	0.0000	0.0000	0.0000	0.0000	0.0000	0.1374	0.1207	0.0168	0.0369	0.0339	0.0030	0.1005	0.0868	0.0137	0.1118	0.0232	0.0886	0.0047	0.0044	0.0003	0.1070	0.0187	0.0883	422547.5179	inf	0.0000	0.0000	0.0000	0.0000	inf	inf	0.0000	0.0000	0.0000	0.0000	0.0000	0.0000	0.0001	0.0000	0.0000	0.0000		
15	44	0.2245	2	1	2	0	0	0	0	0	0	N	Y	N	N	N	N	N	N	N	N	N	N	0.0000	0.0000	0.0000	0.0000	0.0000	0.0000	0.0000	0.0000	0.0000	0.0000	0.0000	0.0000	0.0000	0.0000	0.0000	0.0000	0.0000	0.0000	0.0000	0.0000	4.0000	2.0000	3.0006	1.0000	0.0000	0.0000	0.0000	0.0000	0.0000	0.0000	0.0000	0.0000	0.0000	0.0000	0.0000	0.0000	0.0000	0.0000	0.0000	0.0000	0.0000	0.0000	0.2195	0.1871	0.0324	0.0099	0.0086	0.0013	0.2095	0.1784	0.0311	0.1237	0.0376	0.0860	0.0173	0.0098	0.0075	0.1064	0.0278	0.0785	0.0000	0.0000	0.0000	0.0000	0.0000	0.0000	0.0000	0.0000	0.0000	0.0000	0.0000	0.0000	0.0000	0.0000	0.0000	0.0000	0.0000	0.0000											
15	45	0.1521	3	0	2	0	1	0	0	0	0	N	Y	N	N	N	N	N	N	N	N	N	N	0.0000	0.0000	0.0000	0.0000	0.0000	0.0000	0.0000	0.0000	0.0000	0.0000	0.0000	0.0000	0.0000	0.0000	0.0000	0.0000	0.0000	0.0000	0.0000	0.0000	4.0000	1.0000	3.0006	0.0000	0.0000	0.0000	0.0000	0.0000	0.0000	0.0000	0.0000	0.0000	0.0000	0.0000	0.0000	0.0000	0.0000	0.0000	0.0000	0.0000	0.0000	0.0000	0.1239	0.1054	0.0185	0.0172	0.0147	0.0025	0.1067	0.0907	0.0160	0.0572	0.0113	0.0459	0.0026	0.0019	0.0008	0.0546	0.0094	0.0452	0.0000	0.0000	0.0000	0.0000	0.0000	0.0000	0.0000	0.0000	0.0000	0.0000	0.0000	0.0000	0.0000	0.0000	0.0000	0.0000	0.0000	0.0000											
15	46	0.1521	3	0	1	0	1	0	0	0	0	N	N	N	N	N	N	N	N	N	N	N	N	0.0000	0.0000	0.0000	0.0000	0.0000	0.0000	0.0000	0.0000	0.0000	0.0000	0.0000	0.0000	0.0000	0.0000	0.0000	0.0000	0.0000	0.0000	0.0000	0.0000	4.0000	0.0000	3.0006	0.0000	0.0000	0.0000	0.0000	0.0000	0.0000	0.0000	0.0000	0.0000	0.0000	0.0000	0.0000	0.0000	0.0000	0.0000	0.0000	0.0000	0.0000	0.0000	0.0000	0.0000	0.0000	0.0000	0.0000	0.0000	0.0000	0.0000	0.0000	0.0000	0.0000	0.0000	0.0000	0.0000	0.0000	0.0000	0.0000	0.0000	0.0000	0.0000	0.0000	0.0000	0.0000	0.0000	0.0000	0.0000	0.0000	0.0000	0.0000	0.0000	0.0000	0.0000	0.0000	0.0000	0.0000	0.0000											
15	47	0.1192	2	0	1	0	1	0	0	0	0	N	N	N	N	N	N	N	N	N	N	N	N	3.4266	2.0978	0.0000	0.8522	1.0290	0.0000	16.8645	inf	0.0000	0.0019	0.0023	0.0000	0.0019	0.0023	0.0000	0.0019	0.0023	0.0000	0.0006	0.0011	0.0003	0.0023	0.0022	0.0026	0.0001	0.0000	0.0001	0.0000	0.4341	-0.0002	-0.0001	4.0000	2.0873	3.0006	1.9360	0.0005	0.0005	0.0000	0.0001	0.0001	0.0000	0.0004	0.0004	0.0000	0.0002	0.0001	0.0001	0.0001	0.0001	0.0000	0.0000	0.0000	0.0000	0.2531	0.2156	0.0376	0.0312	0.0265	0.0047	0.2219	0.1891	0.0328	0.3046	0.1107	0.1939	0.0641	0.0545	0.0095	0.2406	0.0562	0.1844	3.4266	2.0978	0.0000	0.8522	1.0290	0.0000	16.8645	inf	0.0000	0.0006	0.0011	0.0003	0.0023	0.0022	0.0026	0.0001	0.0000	0.0001
15	51	0.1247	2	1	2	0	0	0	0	0	0	N	Y	N	N	N	N	N	N	N	N	N	N	0.9678	0.2770	0.0000	0.1153	0.1206	0.0000	0.0000	0.0000	0.0005	0.0006	0.0000	0.0043	0.0045	0.0000	0.0000	0.0000	0.0000	0.0005	0.0023	0.0000	0.0370	0.0374	0.0182	0.0000	0.0000	0.0000	0.0000	0.0107	-0.0000	-0.0001	4.0000	1.0314	3.0006	3.0033	0.0001	0.0001	0.0000	0.0001	0.0001	0.0000	0.0000	0.0000	0.0000	0.0001	0.0001	0.0000	0.0001	0.0001	0.0000	0.0000	0.0000	0.0000	0.1321	0.1109	0.0213	0.0164	0.0155	0.0009	0.1157	0.0954	0.0204	0.1846	0.0439	0.1407	0.0027	0.0027	0.0001	0.1819	0.0412	0.1407	0.9678	0.2770	0.0000	0.1153	0.1206	0.0000	0.0000	0.0000	0.0000	0.0005	0.0023	0.0000	0.0370	0.0374	0.0182	0.0000	0.0000	0.0000	
15	54	0.1400	3	0	1	1	0	0	0	0	0	N	N	N	N	N	N	N	N	N	N	N	N	3863796.1322	inf	0.0000	0.0000	0.0000	inf	inf	1.8741	2.4802	0.0000	0.0000	0.0000	0.0000	3.3463	5.8273	0.0000	0.0000	0.0000	0.0000	0.0000	0.0000	0.0002	0.0000	0.0000	0.0000	0.0000	inf	-0.0056	0.0000	4.0000	0.0147	3.0006	0.9910	0.0146	0.0146	0.0000	0.0000	0.0000	0.0000	0.0146	0.0146	0.0000	0.0000	0.0000	0.0000	0.0000	0.0000	0.0000	0.0000	0.0000	0.0000	0.0078	0.0059	0.0019	0.0034	0.0034	0.0000	0.0043	0.0025	0.0019	0.0577	0.0120	0.0457	0.0026	0.0025	0.0002	0.0551	0.0095	0.0456	3863796.1322	inf	0.0000	0.0000	0.0000	0.0000	inf	inf	0.0000	0.0000	0.0000	0.0000	0.0000	0.0000	0.0002	0.0000	0.0000	0.0000		
15	55	0.1290	2	0	1	0	0	0	0	0	0	N	N	N	N	N	N	N	N	N	N	N	N	38186.2452	9561.0593	0.0000	4.0440	4.1944	0.0000	inf	inf	6.9988	8.2903	0.0000	0.0166	0.0183	0.0000	8.8070	10.6354	0.0000	0.0002	0.0009	0.0000	0.0041	0.0044	0.0003	0.0000	0.0000	0.0000	0.0000	0.0045	-0.3682	-0.0000	4.0000	0.9556	3.0006	1.0192	0.9553	0.9553	0.0000	0.0005	0.0005	0.0000	0.9549	0.9549	0.0000	0.0000	0.0000	0.0000	0.0000	0.0000	0.0000	0.0000	0.0000	0.0000	0.1365	0.1152	0.0213	0.0281	0.0255	0.0026	0.1084	0.0898	0.0186	0.1098	0.0231	0.0867	0.0049	0.0046	0.0003	0.1049	0.0185	0.0864	38186.2452	9561.0593	0.0000	4.0440	4.1944	0.0000	inf	inf	0.0000	0.0002	0.0009	0.0000	0.0041	0.0044	0.0003	0.0000	0.0000	0.0000	
15	58	0.2325	3	0	1	0	0	0	0	0	0	N	N	N	N	N	N	N	N	N	N	N	N	2.9778	0.7080	0.0000	2.8679	2.9082	0.0000	0.0000	0.0000	0.0777	0.0902	0.0000	0.5730	0.6028	0.0000	0.0000	0.0000	0.0000	0.0261	0.1274	0.0002	0.1998	0.2073	0.0223	0.0000	0.0000	0.0000	0.0000	0.0046	-0.0342	-0.0111	4.0000	10.2575	3.0006	3.8960	0.0888	0.0888	0.0000	0.0888	0.0888	0.0000	0.0000	0.0000	0.0000	0.0166	0.0165	0.0001	0.0166	0.0165	0.0001	0.0000	0.0000	0.0000	1.1423	0.9847	0.1576	0.1550	0.1473	0.0077	0.9873	0.8374	0.1499	0.6368	0.1950	0.4419	0.0832	0.0798	0.0034	0.5536	0.1151	0.4385	2.9778	1.0624	0.0000	2.8679	2.9082	0.0000	0.0000	0.0000	0.0000	0.0261	0.0849	0.0002	0.1998	0.2073	0.0223	0.0000	0.0000	0.0000	
15	59	0.2065	2	1	2	1	0	0	0	0	0	N	Y	N	N	N	N	N	N	N	N	N	N	0.0000	0.0000	0.0000	0.0000	0.0000	0.0000	0.0000	0.0000	0.0000	0.0000	0.0000	0.0000	0.0000	0.0000	0.0000	0.0000	0.0000	0.0000	0.0000	0.0000	4.0000	0.0000	3.0006	0.0000	0.0000	0.0000	0.0000	0.0000	0.0000	0.0000	0.0000	0.0000	0.0000	0.0000	0.0000	0.0000	0.0000	0.0000	0.0000	0.0000	0.0000	0.0000	0.0000	0.0000	0.0000	0.0000	0.0000	0.0000	0.0000	0.0000	0.0000	0.0000	0.0000	0.0000	0.0000	0.0000	0.0000	0.0000	0.0000	0.0000	0.0000	0.0000	0.0000	0.0000	0.0000	0.0000	0.0000	0.0000	0.0000	0.0000	0.0000	0.0000	0.0000	0.0000	0.0000	0.0000	0.0000	0.0000											
15	61	0.1694	2	1	1	1	0	0	0	0	0	N	N	N	N	N	N	N	N	N	N	N	N	0.0000	0.0000	0.0000	0.0000	0.0000	0.0000	0.0000	0.0000	0.0000	0.0000	0.0000	0.0000	0.0000	0.0000	0.0000	0.0000	0.0000	0.0000	0.0000	0.0000	4.0000	2.0000	3.0006	0.0000	0.0000	0.0000	0.0000	0.0000	0.0000	0.0000	0.0000	0.0000	0.0000	0.0000	0.0000	0.0000	0.0000	0.0000	0.0000	0.0000	0.0000	0.0000	0.2063	0.1709	0.0354	0.0164	0.0153	0.0011	0.1899	0.1556	0.0343	0.0745	0.0284	0.0461	0.0390	0.0188	0.0202	0.0355	0.0096	0.0259	0.0000	0.0000	0.0000	0.0000	0.0000	0.0000	0.0000	0.0000	0.0000	0.0000	0.0000	0.0000	0.0000	0.0000	0.0000	0.0000	0.0000	0.0000											
15	64	0.1936	4	0	1	1	0	0	0	0	0	N	N	N	N	N	N	N	N	N	N	N	N	0.0000	0.0000	0.0000	0.0000	0.0000	0.0000	0.0000	0.0000	0.0000	0.0000	0.0000	0.0000	0.0000	0.0000	0.0000	0.0000	0.0000	0.0000	0.0000	0.0000	4.0000	0.0000	3.0006	0.0000	0.0000	0.0000	0.0000	0.0000	0.0000	0.0000	0.0000	0.0000	0.0000	0.0000	0.0000	0.0000	0.0000	0.0000	0.0000	0.0000	0.0000	0.0000	0.0000	0.0000	0.0000	0.0000	0.0000	0.0000	0.0000	0.0000	0.0000	0.0000	0.0000	0.0000	0.0000	0.0000	0.0000	0.0000	0.0000	0.0000	0.0000	0.0000	0.0000	0.0000	0.0000	0.0000	0.0000	0.0000	0.0000	0.0000	0.0000	0.0000	0.0000	0.0000	0.0000	0.0000	0.0000	0.0000											
15	65	0.1693	3	0	1	1	0	0	0	0	0	N	N	N	N	N	N	N	N	N	N	N	N	0.0000	0.0000	0.0000	0.0000	0.0000	0.0000	0.0000	0.0000	0.0000	0.0000	0.0000	0.0000	0.0000	0.0000	0.0000	0.0000	0.0000	0.0000	0.0000	0.0000	4.0000	0.8734	3.0006	1.0002	0.0000	0.0000	0.0000	0.0000	0.0000	0.0000	0.0000	0.0000	0.0000	0.0000	0.0000	0.0000	0.0000	0.0000	0.0000	0.0000	0.0000	0.0000	0.0985	0.0814	0.0171	0.0039	0.0037	0.0002	0.0945	0.0777	0.0169	0.1034	0.0177	0.0857	0.0240	0.0050	0.0190	0.0794	0.0127	0.0667	0.0000	0.0000	0.0000	0.0000	0.0000	0.0000	0.0000	0.0000	0.0000	0.0000	0.0000	0.0000	0.0000	0.0000	0.0000	0.0000	0.0000	0.0000											
15	66	0.1547	2	0	1	0	0	0	0	0	0	N	N	N	N	N	N	N	N	N	N	N	N	5.5264	1.6912	37.0545	18.0329	0.0220	0.0266	0.0000	0.4848	0.5078	0.0000	0.0000	0.0000	0.0000	0.0040	0.0157	0.0000	0.0131	0.0282	0.0000	0.0000	0.0000	0.0000	0.0000	0.0000	-0.0010	-0.0002	4.0000	1.0063	3.0006	0.0727	0.0025	0.0025	0.0000	0.0025	0.0025	0.0000	0.0000	0.0000	0.0000	0.0003	0.0003	0.0000	0.0003	0.0003	0.0000	0.0000	0.0000	0.0000	0.1148	0.0949	0.0199	0.0052	0.0050	0.0002	0.1096	0.0899	0.0196	0.0767	0.0194	0.0573	0.0233	0.0108	0.0125	0.0534	0.0086	0.0448	5.5264	1.6912	0.0000	37.0545	18.0329	0.0000	0.0000	0.0000	0.0000	0.0040	0.0157	0.0000	0.0131	0.0282	0.0000	0.0000	0.0000	0.0000					
15	72	0.1435	2	0	2	0	0	0	0	0	0	N	Y	N	N	N	N	N	N	N	N	N	N	1.1947	inf	0.0000	523.0480	inf	0.0000	1.0189	inf	0.0000	1.9471	2.3082	0.0000	0.0171	0.0179	0.0000	2.1311	2.5577	0.0000	1.6298	0.0000	1.4173	0.0000	0.0000	0.0659	2.0915	0.0000	1.4176	0.0000	inf	-0.3837	0.0722	4.0000	4.7764	3.0006	1.3205	0.9955	0.9955	0.0000	0.0008	0.0008	0.0000	0.9948	0.9948	0.0000	0.2201	0.0000	0.2201	0.0000	0.0000	0.0000	0.2201	0.0000	0.2201	0.5113	0.4313	0.0800	0.0445	0.0424	0.0021	0.4668	0.3889	0.0779	0.2579	0.1026	0.1553	0.0713	0.0713	0.0000	0.1866	0.0313	0.1553	2.2815	inf	0.0000	523.0480	inf	0.0000	1.8065	inf	0.0000	0.8534	0.0000	1.4173	0.0000	0.0000	0.0659	1.1797	0.0000	1.4176
15	74	0.1457	2	0	2	0	0	0	0	0	0	N	Y	N	N	N	N	N	N	N	N	N	N	0.0000	0.0000	0.0000	0.0000	0.0000	0.0000	0.0000	0.0000	0.0000	0.0000	0.0000	0.0000	0.0000	0.0000	0.0000	0.0000	0.0000	0.0000	0.0000	0.0000	4.0000	0.0000	3.0006	0.0000	0.0000	0.0000	0.0000	0.0000	0.0000	0.0000	0.0000	0.0000	0.0000	0.0000	0.0000	0.0000	0.0000	0.0000	0.0000	0.0000	0.0000	0.0000	0.0000	0.0000	0.0000	0.0000	0.0000	0.0000	0.0000	0.0000	0.0000	0.0000	0.0000	0.0000	0.0000	0.0000	0.0000	0.0000	0.0000	0.0000	0.0000	0.0000	0.0000	0.0000	0.0000	0.0000	0.0000	0.0000	0.0000	0.0000	0.0000	0.0000	0.0000	0.0000	0.0000	0.0000	0.0000	0.0000											
15	76	0.1543	4	1	2	0	1	0	0	0	0	N	Y	N	N	N	N	N	N	N	N	N	N	0.0000	0.0000	0.0000	0.0000	0.0000	0.0000	0.0000	0.0000	0.0000	0.0000	0.0000	0.0000	0.0000	0.0000	0.0000	0.0000	0.0000	0.0000	0.0000	0.0000	4.0000	0.0000	3.0006	0.0000	0.0000	0.0000	0.0000	0.0000	0.0000	0.0000	0.0000	0.0000	0.0000	0.0000	0.0000	0.0000	0.0000	0.0000	0.0000	0.0000	0.0000	0.0000	0.0000	0.0000	0.0000	0.0000	0.0000	0.0000	0.0000	0.0000	0.0000	0.0000	0.0000	0.0000	0.0000	0.0000	0.0000	0.0000	0.0000	0.0000	0.0000	0.0000	0.0000	0.0000	0.0000	0.0000	0.0000	0.0000	0.0000	0.0000	0.0000	0.0000	0.0000	0.0000	0.0000	0.0000	0.0000	0.0000											
15	77	0.1460	3	1	2	0	1	0	0	0	0	N	Y	N	N	N	N	N	N	N	N	N	N	0.0000	0.0000	0.0000	0.0000	0.0000	0.0000	0.0000	0.0000	0.0000	0.0000	0.0000	0.0000	0.0000	0.0008	0.0000	0.0013	0.0000	0.0000	0.0000	0.0016	0.0000	0.0013	inf	0.0000	0.0000	4.0000	1.0073	3.0006	0.3366	0.0000	0.0000	0.0000	0.0000	0.0000	0.0000	0.0000	0.0000	0.0000	0.0000	0.0000	0.0000	0.0000	0.0000	0.0000	0.0000	0.0000	0.0000	0.1140	0.0971	0.0169	0.0095	0.0085	0.0010	0.1045	0.0886	0.0159	0.0502	0.0183	0.0318	0.0062	0.0060	0.0002	0.0439	0.0123	0.0316	0.0000	0.0000	0.0000	0.0000	0.0000	0.0000	0.0000	0.0000	0.0000	0.0008	0.0000	0.0013	0.0000	0.0000	0.0000	0.0009	0.0000	0.0013						
15	78	0.1718	3	0	2	0	1	0	0	0	0	N	Y	N	N	N	N	N	N	N	N	N	N	0.0000	0.0000	0.0000	0.0000	0.0000	0.0000	0.0000	0.0000	0.0000	0.0000	0.0000	0.0000	0.0000	0.0000	0.0000	0.0000	0.0000	0.0000	0.0000	0.0000	4.0000	0.0000	3.0006	0.0000	0.0000	0.0000	0.0000	0.0000	0.0000	0.0000	0.0000	0.0000	0.0000	0.0000	0.0000	0.0000	0.0000	0.0000	0.0000	0.0000	0.0000	0.0000	0.0000	0.0000	0.0000	0.0000	0.0000	0.0000	0.0000	0.0000	0.0000	0.0000	0.0000	0.0000	0.0000	0.0000	0.0000	0.0000	0.0000	0.0000	0.0000	0.0000	0.0000	0.0000	0.0000	0.0000	0.0000	0.0000	0.0000	0.0000	0.0000	0.0000	0.0000	0.0000	0.0000	0.0000	0.0000	0.0000											
15	79	0.1635	2	0	2	0	1	0	0	0	0	N	Y	N	N	N	N	N	N	N	N	N	N	0.0000	0.0000	0.0000	0.0000	0.0000	0.0000	0.0000	0.0000	0.0000	0.0000	0.0000	0.0000	0.0000	0.0000	0.0000	0.0000	0.0000	0.0000	0.0000	0.0000	4.0000	0.0000	3.0006	1.0000	0.0000	0.0000	0.0000	0.0000	0.0000	0.0000	0.0000	0.0000	0.0000	0.0000	0.0000	0.0000	0.0000	0.0000	0.0000	0.0000	0.0000	0.0000	0.0000	0.0000	0.0000	0.0000	0.0000	0.0000	0.0000	0.0000	0.0000	0.0480	0.0148	0.0332	0.0165	0.0056	0.0109	0.0316	0.0092	0.0224	0.0000	0.0000	0.0000	0.0000	0.0000	0.0000	0.0000	0.0000	0.0000	0.0000	0.0000	0.0000	0.0000	0.0000	0.0000	0.0000	0.0000	0.0000											
15	80	0.1460	3	0	2	0	0	0	0	0	0	N	Y	N	N	N	N	N	N	N	N	N	N	0.0000	0.0000	0.0000	0.0000	0.0000	0.0000	0.0000	0.0000	0.0000	0.0000	0.0000	0.0000	0.0000	0.0003	0.0000	0.0004	0.0000	0.0000	0.0000	0.0003	0.0000	0.0004	inf	0.0000	0.0000	4.0000	3.9927	3.0006	1.0002	0.0000	0.0000	0.0000	0.0000	0.0000	0.0000	0.0000	0.0000	0.0000	0.0000	0.0000	0.0000	0.0000	0.0000	0.0000	0.0000	0.0000	0.0000	0.4181	0.3582	0.0599	0.0350	0.0313	0.0037	0.3831	0.3269	0.0562	0.1593	0.0568	0.1025	0.0152	0.0145	0.0007	0.1441	0.0423	0.1017	0.0000	0.0000	0.0000	0.0000	0.0000	0.0000	0.0000	0.0000	0.0000	0.0003	0.0000	0.0004	0.0000	0.0000	0.0000	0.0003	0.0000	0.0004						
15	81	0.1413	2	0	2	0	0	0	0	0	0	N	Y	N	N	N	N	N	N	N	N	N	N	0.0000	0.0000	0.0000	0.0000	0.0000	0.0000	0.0000	0.0000	0.0000	0.0000	0.0000	0.0000	0.0000	0.0017	0.0049	0.0000	0.0199	0.0210	0.0000	0.0000	0.0000	0.0000	0.0000	0.0000	-0.0000	4.0000	0.0110	3.0006	0.6549	0.0000	0.0000	0.0000	0.0000	0.0000	0.0000	0.0000	0.0000	0.0000	0.0000	0.0000	0.0000	0.0000	0.0000	0.0000	0.0000	0.0000	0.0000	0.0013	0.0011	0.0002	0.0001	0.0001	0.0000	0.0012	0.0010	0.0002	0.0230	0.0081	0.0149	0.0020	0.0019	0.0001	0.0210	0.0062	0.0148	0.0000	0.0000	0.0000	0.0000	0.0000	0.0000	0.0000	0.0000	0.0000	0.0017	0.0049	0.0000	0.0199	0.0210	0.0000	0.0000	0.0000	0.0000						
15	82	0.1635	2	0	1	1	1	0	0	0	0	N	N	N	N	N	N	N	N	N	N	N	N	0.0000	0.0000	0.0000	0.0000	0.0000	0.0000	0.0000	0.0000	0.0000	0.0000	0.0000	0.0000	0.0000	0.0000	0.0000	0.0000	0.0000	0.0000	0.0000	0.0000	4.0000	1.0000	3.0006	0.0000	0.0000	0.0000	0.0000	0.0000	0.0000	0.0000	0.0000	0.0000	0.0000	0.0000	0.0000	0.0000	0.0000	0.0000	0.0000	0.0000	0.0000	0.0000	0.1127	0.0959	0.0169	0.0037	0.0032	0.0005	0.1091	0.0927	0.0163	0.0480	0.0148	0.0332	0.0165	0.0056	0.0109	0.0316	0.0092	0.0224	0.0000	0.0000	0.0000	0.0000	0.0000	0.0000	0.0000	0.0000	0.0000	0.0000	0.0000	0.0000	0.0000	0.0000	0.0000	0.0000	0.0000	0.0000											
15	83	0.1635	2	0	1	1	1	0	0	0	0	N	N	N	N	N	N	N	N	N	N	N	N	0.0000	0.0000	0.0000	0.0000	0.0000	0.0000	0.0000	0.0000	0.0000	0.0000	0.0000	0.0000	0.0000	0.0000	0.0000	0.0000	0.0000	0.0000	0.0000	0.0000	4.0000	0.0000	3.0006	0.0000	0.0000	0.0000	0.0000	0.0000	0.0000	0.0000	0.0000	0.0000	0.0000	0.0000	0.0000	0.0000	0.0000	0.0000	0.0000	0.0000	0.0000	0.0000	0.0000	0.0000	0.0000	0.0000	0.0000	0.0000	0.0000	0.0000	0.0000	0.0000	0.0000	0.0000	0.0000	0.0000	0.0000	0.0000	0.0000	0.0000	0.0000	0.0000	0.0000	0.0000	0.0000	0.0000	0.0000	0.0000	0.0000	0.0000	0.0000	0.0000	0.0000	0.0000	0.0000	0.0000	0.0000	0.0000											
15	85	0.2245	2	1	2	0	0	0	0	0	0	N	Y	N	N	N	N	N	N	N	N	N	N	0.0000	0.0000	0.0000	0.0000	0.0000	0.0000	0.0000	0.0000	0.0000	0.0000	0.0000	0.0000	0.0000	0.0000	0.0000	0.0000	0.0000	0.0000	0.0000	0.0000	4.0000	0.0000	3.0006	0.0000	0.0000	0.0000	0.0000	0.0000	0.0000	0.0000	0.0000	0.0000	0.0000	0.0000	0.0000	0.0000	0.0000	0.0000	0.0000	0.0000	0.0000	0.0000	0.0000	0.0000	0.0000	0.0000	0.0000	0.0000	0.0000	0.0000	0.0000	0.0000	0.0000	0.0000	0.0000	0.0000	0.0000	0.0000	0.0000	0.0000	0.0000	0.0000	0.0000	0.0000	0.0000	0.0000	0.0000	0.0000	0.0000	0.0000	0.0000	0.0000	0.0000	0.0000	0.0000	0.0000	0.0000	0.0000											
15	88	0.1413	2	1	2	0	0	0	0	0	0	N	Y	N	N	N	N	N	N	N	N	N	N	0.0000	0.0000	0.0000	0.0000	0.0000	0.0000	0.0000	0.0000	0.0000	0.0000	0.0000	0.0000	0.0000	0.0000	0.0000	0.0000	0.0000	0.0000	0.0000	0.0000	4.0000	0.0000	3.0006	0.0000	0.0000	0.0000	0.0000	0.0000	0.0000	0.0000	0.0000	0.0000	0.0000	0.0000	0.0000	0.0000	0.0000	0.0000	0.0000	0.0000	0.0000	0.0000	0.0000	0.0000	0.0000	0.0000	0.0000	0.0000	0.0000	0.0000	0.0000	0.0000	0.0000	0.0000	0.0000	0.0000	0.0000	0.0000	0.0000	0.0000	0.0000	0.0000	0.0000	0.0000	0.0000	0.0000	0.0000	0.0000	0.0000	0.0000	0.0000	0.0000	0.0000	0.0000	0.0000	0.0000	0.0000	0.0000											
15	91	0.2325	3	0	1	0	0	0	0	0	0	N	N	N	N	N	N	N	N	N	N	N	N	19.9533	0.0006	108273.0609	0.2831	0.0060	261.9919	1110624.5276	5850684.9200	2.4116	0.0009	17.6010	0.2885	0.0064	5.5671	2.7232	0.0000	18.1998	0.1209	1.5371	0.0002	1.0192	1.0655	0.0212	0.0000	0.0000	0.0000	3079.6146	0.0009	1.8165	-0.0547	4.0000	11.5137	3.0006	4.9035	2.9574	0.0010	2.9564	0.0453	0.0010	0.0443	2.9121	0.0000	2.9121	0.0814	0.0814	0.0001	0.0814	0.0814	0.0001	0.0000	0.0000	0.0000	1.2263	1.0583	0.1680	0.1569	0.1490	0.0080	1.0694	0.9094	0.1600	0.6737	0.2021	0.4716	0.0799	0.0764	0.0035	0.5938	0.1258	0.4681	19.9533	0.0023	108273.0609	0.2831	0.0060	261.9919	1110624.5276	0.0000	5850684.9200	0.1209	0.4025	0.0002	1.0192	1.0655	0.0212	0.0000	0.0000	0.0000	
16	18	0.1118	3	1	0	1	1	0	0	0	0	N	N	N	N	N	N	N	N	N	N	N	N	90.1792	0.0000	518.9116	0.0138	0.0000	0.0640	79.2977	1093.7701	0.8869	0.0000	6.9744	0.0003	0.0000	0.0026	0.9973	0.0000	7.8288	0.0098	0.0003	0.0134	0.0232	0.0008	0.0399	0.0126	0.0000	0.0072	inf	112.6036	0.6144	0.0022	2.9121	18.0000	3.0117	5.9994	0.9999	0.0000	0.9999	0.0000	0.0000	0.0000	0.9998	0.0000	0.9998	0.0068	0.0001	0.0068	0.0039	0.0001	0.0038	0.0029	0.0000	0.0029	1.1273	0.9840	0.1434	0.1248	0.1092	0.0157	1.0025	0.8748	0.1277	0.6931	0.1904	0.5027	0.1681	0.0717	0.0963	0.5250	0.1186	0.4063	90.1792	0.0000	518.9116	0.0138	0.0000	0.0640	180.0135	0.0000	1093.7701	0.0098	0.0003	0.0134	0.0232	0.0008	0.0399	0.0055	0.0000	0.0072	
16	19	0.1796	4	0	1	0	1	0	0	0	0	N	N	N	N	N	N	N	N	N	N	N	N	1.0185	0.0000	1.4492	0.4477	0.0001	3.2719	1.1474	0.0000	1.6795	5.8354	0.0000	38.3400	0.0089	0.0000	0.0675	7.0338	0.0000	44.9754	5.7293	0.0058	26.4553	0.0199	0.0198	0.0206	6.1301	0.0037	26.7797	30744618.4818	2774.0308	0.6140	0.3177	2.9121	2.0070	3.0117	1.9996	0.9992	0.0000	0.9992	0.0003	0.0000	0.0003	0.9989	0.0000	0.9989	0.9702	0.0003	0.9698	0.0004	0.0003	0.0000	0.9698	0.0000	0.9698	0.1712	0.1452	0.0261	0.0292	0.0254	0.0039	0.1420	0.1198	0.0222	0.2254	0.0601	0.1654	0.0189	0.0176	0.0013	0.2065	0.0425	0.1640	1.3560	0.0000	6.5371	0.4477	0.0001	3.2719	1.4977	0.0000	7.6077	4.3034	0.0058	5.8650	0.0199	0.0198	0.0206	4.6963	0.0000	5.9118
16	20	0.1118	3	0	1	0	1	0	0	0	0	N	N	N	N	N	N	N	N	N	N	N	N	0.0004	0.0000	0.0041	0.0019	0.0000	0.0000	0.0000	0.0000	0.0000	0.0001	0.0001	0.0000	0.0000	0.0000	0.0000	0.0375	0.7559	0.0000	0.0304	0.0774	0.0000	0.0399	3.4858	0.0000	0.0000	0.0000	-0.0000	-0.0106	2.9121	9.0000	3.0117	1.0006	0.0000	0.0000	0.0000	0.0000	0.0000	0.0000	0.0000	0.0000	0.0000	0.0158	0.0158	0.0000	0.0032	0.0032	0.0000	0.0126	0.0126	0.0000	0.6842	0.5891	0.0952	0.0799	0.0685	0.0114	0.6043	0.5206	0.0838	0.4220	0.1057	0.3163	0.1058	0.0415	0.0643	0.3162	0.0642	0.2520	0.0004	0.0001	0.0000	0.0041	0.0019	0.0000	0.0000	0.0000	0.0000	0.0375	0.1496	0.0000	0.0304	0.0774	0.0000	0.0399	0.1963	0.0000			
16	21	0.1683	4	1	1	0	1	0	0	0	0	N	N	N	N	N	N	N	N	N	N	N	N	0.0045	0.0016	6.9050	0.0079	0.0065	171.1506	0.0036	0.0000	0.0907	0.0001	0.0002	0.0000	0.0005	0.0005	0.0001	0.0000	0.0000	0.0000	0.0307	0.1008	0.0000	0.0571	0.0746	0.0000	0.0002	0.1018	0.0000	0.0112	0.0000	-0.0000	-0.0034	2.9121	0.9600	3.0117	1.3160	0.0000	0.0000	0.0000	0.0000	0.0000	0.0000	0.0000	0.0000	0.0000	0.0051	0.0051	0.0000	0.0050	0.0050	0.0000	0.0000	0.0000	0.0000	0.1181	0.1032	0.0149	0.0364	0.0336	0.0028	0.0817	0.0696	0.0121	0.1645	0.0756	0.0890	0.0881	0.0675	0.0206	0.0764	0.0081	0.0683	0.0045	0.0024	6.9050	0.0079	0.0065	171.1506	0.0036	0.0004	0.0907	0.0307	0.0668	0.0000	0.0571	0.0746	0.0000	0.0002	0.0022	0.0000
16	22	0.1941	5	0	1	0	1	0	0	0	0	N	N	N	N	N	N	N	N	N	N	N	N	0.0000	0.0000	0.0000	0.0000	0.0000	0.0000	0.0000	0.0000	0.0000	0.0000	0.0000	0.0000	0.0000	0.0000	0.0000	0.0000	0.0000	0.0000	0.0000	0.0000	2.9121	0.0000	3.0117	0.0000	0.0000	0.0000	0.0000	0.0000	0.0000	0.0000	0.0000	0.0000	0.0000	0.0000	0.0000	0.0000	0.0000	0.0000	0.0000	0.0000	0.0000	0.0000	0.0000	0.0000	0.0000	0.0000	0.0000	0.0000	0.0000	0.0000	0.0000	0.0000	0.0000	0.0000	0.0000	0.0000	0.0000	0.0000	0.0000	0.0000	0.0000	0.0000	0.0000	0.0000	0.0000	0.0000	0.0000	0.0000	0.0000	0.0000	0.0000	0.0000	0.0000	0.0000	0.0000	0.0000	0.0000	0.0000											
16	23	0.1118	3	1	1	0	1	0	0	0	0	N	N	N	N	N	N	N	N	N	N	N	N	0.0000	0.0000	0.0000	0.0000	0.0000	0.0000	0.0000	0.0000	0.0000	0.0000	0.0000	0.0000	0.0000	0.0000	0.0000	0.0000	0.0000	0.0375	0.0000	0.0500	0.0304	0.0001	0.0499	0.0399	0.0000	0.0500	4176.3525	0.0000	0.0052	2.9121	6.0000	3.0117	4.0006	0.0000	0.0000	0.0000	0.0000	0.0000	0.0000	0.0000	0.0000	0.0000	0.0158	0.0000	0.0158	0.0032	0.0000	0.0032	0.0126	0.0000	0.0126	0.4903	0.4198	0.0705	0.0584	0.0497	0.0087	0.4319	0.3701	0.0618	0.4220	0.1057	0.3163	0.1058	0.0415	0.0643	0.3162	0.0642	0.2520	0.0000	0.0000	0.0000	0.0000	0.0000	0.0000	0.0000	0.0000	0.0000	0.0375	0.0000	0.0500	0.0304	0.0001	0.0499	0.0399	0.0000	0.0500		
16	24	0.1118	3	0	1	0	1	0	0	0	0	N	N	N	N	N	N	N	N	N	N	N	N	0.0000	0.0000	0.0000	0.0000	0.0000	0.0000	0.0000	0.0000	0.0000	0.0000	0.0000	0.0000	0.0000	0.0000	0.0000	0.0000	0.0000	0.0186	0.0052	0.0230	0.0443	0.0133	0.0641	0.0164	0.0000	0.0124	13.2475	0.0000	0.0019	2.9121	4.0000	3.0117	4.9994	0.0000	0.0000	0.0000	0.0000	0.0000	0.0000	0.0000	0.0000	0.0000	0.0073	0.0005	0.0068	0.0044	0.0005	0.0038	0.0029	0.0000	0.0029	0.3438	0.2932	0.0507	0.0415	0.0351	0.0064	0.3023	0.2580	0.0443	0.3912	0.0973	0.2939	0.0984	0.0383	0.0600	0.2928	0.0589	0.2339	0.0000	0.0000	0.0000	0.0000	0.0000	0.0000	0.0000	0.0000	0.0000	0.0186	0.0052	0.0230	0.0443	0.0133	0.0641	0.0099	0.0000	0.0124		
16	25	0.1588	4	0	1	1	2	0	0	0	0	N	N	N	Y	N	N	N	N	N	N	N	N	0.0467	0.0062	0.0000	0.1403	0.0861	0.0000	0.0000	0.0000	0.0000	0.0091	0.0106	0.0000	0.0852	0.0892	0.0000	0.0000	0.0000	0.0000	0.1948	1.7099	0.0054	0.6074	1.0356	0.0055	0.0101	0.0224	0.0054	0.0000	0.0182	-0.0003	-0.0182	2.9121	0.8908	3.0117	1.0730	0.0009	0.0009	0.0000	0.0009	0.0009	0.0000	0.0000	0.0000	0.0000	0.0278	0.0273	0.0005	0.0274	0.0273	0.0001	0.0004	0.0000	0.0004	0.0979	0.0842	0.0137	0.0104	0.0100	0.0005	0.0874	0.0742	0.0132	0.1428	0.0513	0.0915	0.0451	0.0264	0.0188	0.0977	0.0249	0.0728	0.0467	0.0198	0.0000	0.1403	0.0861	0.0000	0.0000	0.0002	0.0000	0.1948	0.5328	0.0054	0.6074	1.0356	0.0055	0.0041	0.0003	0.0054
16	26	0.1118	3	0	0	0	2	0	0	0	0	N	N	N	Y	N	N	N	N	N	N	N	N	0.0022	0.0002	0.0692	0.0000	0.0001	0.0001	0.0021	0.0002	0.0671	0.0032	0.0008	0.0171	0.0000	0.0000	0.0000	0.0037	0.0009	0.0196	1.4706	3.8468	0.2477	0.0489	0.0033	0.0769	1.7448	4.8790	0.2925	3.6842	0.3880	0.0004	-0.0680	2.9121	3.1159	3.0117	2.1859	0.0009	0.0002	0.0007	0.0000	0.0000	0.0000	0.0009	0.0002	0.0007	0.1732	0.1248	0.0484	0.0032	0.0001	0.0031	0.1700	0.1247	0.0453	0.2741	0.2332	0.0408	0.0333	0.0281	0.0052	0.2408	0.2051	0.0357	0.2579	0.0624	0.1954	0.0655	0.0249	0.0406	0.1924	0.0375	0.1548	0.0048	0.0004	0.0692	0.0000	0.0001	0.0001	0.0042	0.0003	0.0671	0.6717	1.9991	0.2477	0.0489	0.0033	0.0769	0.8838	3.3246	0.2925
16	27	0.1118	3	0	1	0	1	0	0	0	0	N	N	N	N	N	N	N	N	N	N	N	N	1.5199	0.4367	3.2608	1.4768	0.0000	0.0000	0.0000	0.0001	0.0002	0.0000	0.0000	0.0000	0.0000	0.0000	0.0000	0.0000	0.0000	0.0001	0.0000	0.0000	0.0000	0.0000	0.0000	0.0000	-0.0000	-0.0000	2.9121	8.0000	3.0117	0.0006	0.0000	0.0000	0.0000	0.0000	0.0000	0.0000	0.0000	0.0000	0.0000	0.0000	0.0000	0.0000	0.0000	0.0000	0.0000	0.0000	0.0000	0.0000	0.6227	0.5352	0.0876	0.0732	0.0626	0.0106	0.5496	0.4726	0.0770	0.3583	0.0885	0.2698	0.0903	0.0350	0.0553	0.2680	0.0535	0.2145	1.5199	0.4367	0.0000	3.2608	1.4768	0.0000	0.0000	0.0000	0.0000	0.0000	0.0000	0.0000	0.0000	0.0001	0.0000	0.0000	0.0000	0.0000					
16	28	0.1874	4	1	1	0	1	0	0	0	0	N	N	N	N	N	N	N	N	N	N	N	N	1244.6339	614.7031	0.0000	0.0077	0.0075	0.0000	829852.2677	2408.6082	0.0000	3.9073	4.3015	0.0000	0.0001	0.0001	0.0000	6.4738	7.3829	0.0000	0.0031	0.0070	0.0000	0.0128	0.0137	0.0000	0.0000	0.0031	0.0000	0.0000	0.0016	-0.3849	-0.0005	2.9121	2.9919	3.0117	1.1331	0.9986	0.9986	0.0000	0.0000	0.0000	0.0000	0.9986	0.9986	0.0000	0.0007	0.0007	0.0000	0.0007	0.0007	0.0000	0.0000	0.0000	0.0000	0.2556	0.2321	0.0234	0.1013	0.0969	0.0044	0.1542	0.1353	0.0190	0.2361	0.1057	0.1303	0.0579	0.0541	0.0038	0.1782	0.0517	0.1265	1244.6339	614.7031	0.0000	0.0077	0.0075	0.0000	829852.2677	1688057.5979	0.0000	0.0031	0.0070	0.0000	0.0128	0.0137	0.0000	0.0000	0.0000	0.0000
16	29	0.1118	3	0	0	0	1	0	0	0	0	N	N	N	N	N	N	N	N	N	N	N	N	0.1648	0.4002	0.0080	0.0000	0.0000	0.0000	0.1759	0.0067	0.0157	0.0029	0.0033	0.0002	0.0000	0.0000	0.0000	0.0032	0.0038	0.0002	0.0173	0.0083	0.0204	0.0356	0.0077	0.0536	0.0184	0.5589	0.0119	0.0084	7.3598	-0.0005	0.0015	2.9121	5.0156	3.0117	4.8897	0.0012	0.0012	0.0000	0.0000	0.0000	0.0000	0.0012	0.0012	0.0000	0.0073	0.0009	0.0064	0.0037	0.0003	0.0034	0.0035	0.0006	0.0030	0.4201	0.3589	0.0611	0.0503	0.0427	0.0076	0.3697	0.3162	0.0535	0.4192	0.1049	0.3142	0.1051	0.0412	0.0639	0.3140	0.0637	0.2503	0.1648	0.4002	0.0080	0.0000	0.0000	0.0000	0.2894	0.4339	0.0157	0.0173	0.0083	0.0204	0.0356	0.0077	0.0536	0.0112	0.0087	0.0119
16	30	0.1249	4	0	1	0	2	0	0	0	0	N	N	N	Y	N	N	N	N	N	N	N	N	0.0254	0.0000	4.4933	0.0645	0.0000	168.8897	0.0000	0.0000	0.0000	0.0000	0.0000	0.0002	0.0002	0.0000	0.0061	0.0000	0.0000	0.0000	0.0010	0.0037	0.0000	0.0037	0.0109	0.0000	0.0000	0.0011	0.0000	inf	0.0318	0.0000	-0.0001	2.9121	3.9676	3.0117	1.0007	0.0000	0.0000	0.0000	0.0000	0.0000	0.0000	0.0000	0.0000	0.0000	0.0002	0.0002	0.0000	0.0002	0.0002	0.0000	0.0000	0.0000	0.0000	0.3636	0.3153	0.0483	0.0402	0.0387	0.0016	0.3234	0.2766	0.0468	0.2153	0.0591	0.1561	0.0590	0.0200	0.0390	0.1563	0.0392	0.1172	0.0254	0.0000	4.4933	0.0645	0.0000	168.8897	0.0000	0.0000	0.0000	0.0010	0.0037	0.0000	0.0037	0.0109	0.0000	0.0000	0.0000	0.0000
16	31	0.1118	3	1	1	0	1	0	0	0	0	N	N	N	N	N	N	N	N	N	N	N	N	0.8552	0.2471	1.7989	0.8208	0.0000	0.0000	0.0000	0.0002	0.0002	0.0000	0.0000	0.0000	0.0000	0.0000	0.0001	0.0000	0.0001	0.0003	0.0000	0.0000	0.0000	0.0000	0.0000	0.0000	-0.0000	-0.0000	2.9121	5.0000	3.0117	3.0000	0.0000	0.0000	0.0000	0.0000	0.0000	0.0000	0.0000	0.0000	0.0000	0.0000	0.0000	0.0000	0.0000	0.0000	0.0000	0.0000	0.0000	0.0000	0.4189	0.3580	0.0610	0.0502	0.0426	0.0076	0.3687	0.3153	0.0534	0.3583	0.0885	0.2698	0.0903	0.0350	0.0553	0.2679	0.0535	0.2145	0.8552	0.2471	0.0000	1.7989	0.8208	0.0000	0.0000	0.0000	0.0000	0.0000	0.0001	0.0000	0.0001	0.0003	0.0000	0.0000	0.0000	0.0000					
16	32	0.1538	4	0	0	1	1	0	0	0	0	N	N	N	N	N	N	N	N	N	N	N	N	0.0000	0.0000	0.0000	0.0000	0.0000	0.0000	0.0000	0.0000	0.0000	0.0000	0.0000	0.0000	0.0000	0.0000	0.0000	0.0000	0.0000	0.0000	0.0017	0.0028	0.0013	0.0035	0.0072	0.0013	0.0018	0.0127	0.0013	1.4236	0.0000	-0.0000	2.9121	0.0319	3.0117	1.0050	0.0000	0.0000	0.0000	0.0000	0.0000	0.0000	0.0000	0.0000	0.0000	0.0001	0.0000	0.0001	0.0001	0.0000	0.0000	0.0000	0.0000	0.0000	0.0128	0.0096	0.0032	0.0050	0.0050	0.0000	0.0078	0.0046	0.0032	0.0595	0.0146	0.0449	0.0151	0.0056	0.0096	0.0443	0.0090	0.0353	0.0000	0.0000	0.0000	0.0000	0.0000	0.0000	0.0000	0.0000	0.0000	0.0017	0.0028	0.0013	0.0035	0.0072	0.0013	0.0010	0.0001	0.0013	
16	33	0.1249	5	0	1	0	1	0	0	0	0	N	N	N	N	N	N	N	N	N	N	N	N	0.0000	0.0000	0.0000	0.0018	0.0006	0.0000	0.0000	0.0000	0.0000	0.0000	0.0000	0.0000	0.0001	0.0001	0.0000	0.0000	0.0000	0.0000	20.2496	75.2221	0.0002	0.0459	0.1375	0.0002	28.1257	115.0574	0.0002	0.0000	0.0000	-0.0000	-0.6674	2.9121	0.0023	3.0117	1.0003	0.0000	0.0000	0.0000	0.0000	0.0000	0.0000	0.0000	0.0000	0.0000	0.9930	0.9930	0.0000	0.0006	0.0006	0.0000	0.9923	0.9923	0.0000	0.0007	0.0007	0.0000	0.0003	0.0003	0.0000	0.0005	0.0004	0.0000	0.0490	0.0132	0.0358	0.0138	0.0046	0.0092	0.0353	0.0086	0.0267	0.0000	0.0000	0.0000	0.0018	0.0006	0.0000	0.0000	0.0000	0.0000	20.2496	75.2221	0.0002	0.0459	0.1375	0.0002	28.1257	115.0574	0.0002
16	34	0.1118	3	1	0	1	1	0	0	0	0	N	N	N	N	N	N	N	N	N	N	N	N	0.0000	0.0000	0.0000	0.0000	0.0000	0.0000	0.0000	0.0000	0.0000	0.0000	0.0000	0.0000	0.0000	0.0002	0.0008	0.0000	0.0008	0.0021	0.0000	0.0000	0.0000	0.0000	0.0000	0.0000	-0.0000	2.9121	3.0000	3.0117	5.0006	0.0000	0.0000	0.0000	0.0000	0.0000	0.0000	0.0000	0.0000	0.0000	0.0001	0.0001	0.0000	0.0001	0.0001	0.0000	0.0000	0.0000	0.0000	0.2647	0.2252	0.0395	0.0322	0.0272	0.0050	0.2325	0.1980	0.0345	0.3583	0.0885	0.2698	0.0903	0.0350	0.0553	0.2680	0.0535	0.2145	0.0000	0.0000	0.0000	0.0000	0.0000	0.0000	0.0000	0.0000	0.0000	0.0002	0.0008	0.0000	0.0008	0.0021	0.0000	0.0000	0.0000	0.0000						
16	35	0.1118	3	0	1	0	2	0	0	0	0	N	N	N	Y	N	N	N	N	N	N	N	N	0.0000	0.0000	0.0000	0.0000	0.0000	0.0000	0.0000	0.0000	0.0000	0.0000	0.0000	0.0000	0.0000	0.0000	0.0000	0.0000	0.0000	0.0644	0.0001	0.0849	0.0515	0.0002	0.0829	0.0688	0.0000	0.0854	4176.3525	0.0000	0.0052	2.9121	3.0000	3.0117	2.0006	0.0000	0.0000	0.0000	0.0000	0.0000	0.0000	0.0000	0.0000	0.0000	0.0158	0.0000	0.0158	0.0032	0.0000	0.0032	0.0126	0.0000	0.0126	0.2647	0.2252	0.0395	0.0322	0.0272	0.0050	0.2325	0.1980	0.0345	0.2455	0.0593	0.1862	0.0624	0.0237	0.0387	0.1831	0.0356	0.1475	0.0000	0.0000	0.0000	0.0000	0.0000	0.0000	0.0000	0.0000	0.0000	0.0644	0.0001	0.0849	0.0515	0.0002	0.0829	0.0688	0.0000	0.0854		
16	36	0.1118	3	1	0	1	1	0	0	0	0	N	N	N	N	N	N	N	N	N	N	N	N	0.9076	0.0000	2.1007	0.1811	0.0000	inf	0.7013	1.6743	2.9081	0.0000	19.7360	0.0010	0.0000	0.0063	3.3070	0.0000	22.5682	3.2042	0.0054	9.3952	0.0053	0.0137	0.0000	4.7152	0.0000	13.4791	inf	1896.0430	0.6144	0.3252	2.9121	4.0000	3.0117	5.0006	0.9999	0.0000	0.9999	0.0000	0.0000	0.0000	0.9998	0.0000	0.9998	0.9936	0.0005	0.9931	0.0005	0.0005	0.0000	0.9931	0.0000	0.9931	0.3438	0.2932	0.0507	0.0415	0.0351	0.0064	0.3023	0.2580	0.0443	0.3912	0.0973	0.2939	0.0984	0.0384	0.0600	0.2928	0.0589	0.2339	1.1449	0.0000	5.8408	0.1811	0.0000	inf	0.9751	0.0000	5.3153	2.5400	0.0054	3.3790	0.0053	0.0137	0.0000	3.3913	0.0000	4.2459	
16	37	0.1118	3	1	0	1	1	0	0	0	0	N	N	N	N	N	N	N	N	N	N	N	N	0.8854	0.0000	2.0171	0.1978	0.0000	inf	0.8521	1.4985	3.7777	0.0000	25.3245	0.0012	0.0000	0.0080	4.2999	0.0000	28.9945	4.2668	0.0065	12.5549	0.0063	0.0163	0.0000	5.0466	0.0000	19.3487	inf	1932.9463	0.6144	0.3253	2.9121	3.0000	3.0117	4.0006	0.9999	0.0000	0.9999	0.0000	0.0000	0.0000	0.9998	0.0000	0.9998	0.9936	0.0005	0.9931	0.0005	0.0005	0.0000	0.9931	0.0000	0.9931	0.2647	0.2252	0.0395	0.0322	0.0272	0.0050	0.2325	0.1980	0.0345	0.3231	0.0792	0.2439	0.0817	0.0314	0.0503	0.2414	0.0478	0.1937	1.2286	0.0000	6.2204	0.1978	0.0000	inf	1.0454	0.0000	5.6543	3.0749	0.0065	4.0712	0.0063	0.0163	0.0000	4.1132	0.0000	5.1278	
16	38	0.1249	5	0	0	1	1	0	0	0	0	N	N	N	N	N	N	N	N	N	N	N	N	0.0000	0.0000	0.0000	0.0001	0.0000	0.0000	0.0000	0.0000	0.0000	0.0000	0.0000	0.0000	0.0000	0.0000	0.0000	0.0000	0.0000	0.0000	0.0046	0.0165	0.0002	0.0160	0.0477	0.0002	0.0002	0.0035	0.0002	0.0000	0.0318	-0.0000	-0.0001	2.9121	1.0023	3.0117	0.0007	0.0000	0.0000	0.0000	0.0000	0.0000	0.0000	0.0000	0.0000	0.0000	0.0002	0.0002	0.0000	0.0002	0.0002	0.0000	0.0000	0.0000	0.0000	0.0988	0.0851	0.0137	0.0107	0.0103	0.0004	0.0881	0.0748	0.0133	0.0491	0.0132	0.0358	0.0138	0.0046	0.0092	0.0353	0.0086	0.0267	0.0000	0.0000	0.0000	0.0001	0.0000	0.0000	0.0000	0.0000	0.0000	0.0046	0.0165	0.0002	0.0160	0.0477	0.0002	0.0002	0.0000	0.0002
16	39	0.1249	4	0	0	0	1	0	0	0	0	N	N	N	N	N	N	N	N	N	N	N	N	0.0001	0.0000	0.0080	0.0002	0.0001	0.3455	0.0000	0.0000	0.0000	0.0000	0.0000	0.0000	0.0001	0.0001	0.0014	0.0000	0.0000	0.0000	0.2307	2.0867	0.0051	0.3884	0.9444	0.0041	0.1634	4.0052	0.0054	0.0662	0.0157	-0.0000	-0.0003	2.9121	0.0347	3.0117	0.0013	0.0000	0.0000	0.0000	0.0000	0.0000	0.0000	0.0000	0.0000	0.0000	0.0005	0.0004	0.0000	0.0002	0.0002	0.0000	0.0002	0.0002	0.0000	0.0103	0.0097	0.0005	0.0038	0.0037	0.0000	0.0065	0.0060	0.0005	0.0020	0.0006	0.0014	0.0006	0.0002	0.0003	0.0014	0.0003	0.0010	0.0001	0.0000	0.0080	0.0002	0.0001	0.3455	0.0000	0.0000	0.0000	0.2307	0.7552	0.0051	0.3884	0.9444	0.0041	0.1634	0.6257	0.0054
16	40	0.1118	3	0	0	0	1	0	0	0	0	N	N	N	N	N	N	N	N	N	N	N	N	0.0004	0.0088	0.0000	0.0045	1.6725	0.0000	0.0000	0.0000	0.0000	0.0000	0.0000	0.0000	0.0002	0.0003	0.0000	0.0000	0.0000	0.0000	0.0656	0.0038	0.0853	0.0517	0.0002	0.0833	0.0704	0.4330	0.0859	0.0000	71.0978	-0.0000	0.0050	2.9121	3.9674	3.0117	1.0003	0.0000	0.0000	0.0000	0.0000	0.0000	0.0000	0.0000	0.0000	0.0000	0.0160	0.0002	0.0158	0.0032	0.0000	0.0032	0.0128	0.0002	0.0126	0.3413	0.2910	0.0503	0.0412	0.0349	0.0063	0.3001	0.2561	0.0440	0.2441	0.0590	0.1852	0.0621	0.0236	0.0385	0.1821	0.0354	0.1467	0.0004	0.0088	0.0000	0.0045	1.6725	0.0000	0.0000	0.0000	0.0000	0.0656	0.0038	0.0853	0.0517	0.0002	0.0833	0.0704	0.0062	0.0859
16	41	0.1648	5	0	1	0	1	0	0	0	0	N	N	N	N	N	N	N	N	N	N	N	N	0.0000	0.0000	0.0000	0.0000	0.0000	0.0000	0.0000	0.0000	0.0000	0.0000	0.0000	0.0000	0.0000	0.0000	0.0000	0.0000	0.0000	0.0000	0.0002	0.0008	0.0000	0.0007	0.0021	0.0000	0.0000	0.0050	0.0000	0.0561	0.0000	-0.0000	2.9121	1.0144	3.0117	1.0128	0.0000	0.0000	0.0000	0.0000	0.0000	0.0000	0.0000	0.0000	0.0000	0.0000	0.0000	0.0000	0.0000	0.0000	0.0000	0.0000	0.0000	0.0000	0.1066	0.0938	0.0128	0.0168	0.0164	0.0005	0.0898	0.0775	0.0123	0.1106	0.0264	0.0843	0.0275	0.0096	0.0179	0.0831	0.0167	0.0664	0.0000	0.0000	0.0000	0.0000	0.0000	0.0000	0.0000	0.0000	0.0000	0.0002	0.0008	0.0000	0.0007	0.0021	0.0000	0.0000	0.0000	0.0000	
16	42	0.1118	3	1	1	1	1	0	0	0	0	N	N	N	N	N	N	N	N	N	N	N	N	0.0000	0.0000	0.0000	0.0000	0.0000	0.0000	0.0000	0.0000	0.0000	0.0000	0.0000	0.0000	0.0000	0.0000	0.0000	0.0000	0.0000	0.0239	0.0009	0.0313	0.0540	0.0022	0.0860	0.0212	0.0000	0.0170	112.6036	0.0000	0.0022	2.9121	3.0000	3.0117	2.9994	0.0000	0.0000	0.0000	0.0000	0.0000	0.0000	0.0000	0.0000	0.0000	0.0068	0.0001	0.0068	0.0039	0.0001	0.0038	0.0029	0.0000	0.0029	0.2647	0.2252	0.0395	0.0322	0.0272	0.0050	0.2325	0.1980	0.0345	0.2856	0.0695	0.2161	0.0724	0.0277	0.0447	0.2132	0.0418	0.1713	0.0000	0.0000	0.0000	0.0000	0.0000	0.0000	0.0000	0.0000	0.0000	0.0239	0.0009	0.0313	0.0540	0.0022	0.0860	0.0136	0.0000	0.0170		
16	43	0.1118	3	1	1	1	1	0	0	0	0	N	N	N	N	N	N	N	N	N	N	N	N	0.9001	0.0000	2.0889	0.0243	0.0000	0.0981	0.7013	1.5048	2.9081	0.0000	19.7360	0.0010	0.0000	0.0063	3.3070	0.0000	22.5682	3.2309	0.0006	9.4480	0.0397	0.0016	0.0641	4.7152	0.0000	14.9972	inf	16664.6036	0.6144	0.3278	2.9121	4.0000	3.0117	4.9994	0.9999	0.0000	0.9999	0.0000	0.0000	0.0000	0.9998	0.0000	0.9998	0.9999	0.0001	0.9999	0.0039	0.0001	0.0038	0.9960	0.0000	0.9960	0.3438	0.2932	0.0507	0.0415	0.0351	0.0064	0.3023	0.2580	0.0443	0.3912	0.0973	0.2939	0.0984	0.0383	0.0600	0.2928	0.0589	0.2339	1.1376	0.0000	5.8008	0.0243	0.0000	0.0981	0.9722	0.0000	5.2993	2.5563	0.0006	3.4023	0.0397	0.0016	0.0641	3.4016	0.0000	4.2587	
16	44	0.2493	4	1	1	0	1	0	0	0	0	N	N	N	N	N	N	N	N	N	N	N	N	0.0000	0.0000	0.0000	0.0000	0.0000	0.0000	0.0000	0.0000	0.0000	0.0000	0.0000	0.0000	0.0000	0.0000	0.0000	0.0000	0.0000	0.0000	0.0000	0.0000	2.9121	2.0000	3.0117	1.0000	0.0000	0.0000	0.0000	0.0000	0.0000	0.0000	0.0000	0.0000	0.0000	0.0000	0.0000	0.0000	0.0000	0.0000	0.0000	0.0000	0.0000	0.0000	0.1665	0.1421	0.0245	0.0098	0.0089	0.0009	0.1567	0.1331	0.0236	0.1238	0.0441	0.0797	0.0557	0.0240	0.0317	0.0681	0.0200	0.0481	0.0000	0.0000	0.0000	0.0000	0.0000	0.0000	0.0000	0.0000	0.0000	0.0000	0.0000	0.0000	0.0000	0.0000	0.0000	0.0000	0.0000	0.0000											
16	45	0.1125	3	0	1	0	2	0	0	0	0	N	N	N	Y	N	N	N	N	N	N	N	N	0.0000	0.0000	0.0000	0.0000	0.0000	0.0000	0.0000	0.0000	0.0000	0.0000	0.0000	0.0000	0.0000	0.0000	0.0000	0.0000	0.0000	0.0000	0.0000	0.0000	2.9121	1.0000	3.0117	0.0000	0.0000	0.0000	0.0000	0.0000	0.0000	0.0000	0.0000	0.0000	0.0000	0.0000	0.0000	0.0000	0.0000	0.0000	0.0000	0.0000	0.0000	0.0000	0.0965	0.0824	0.0142	0.0019	0.0018	0.0001	0.0947	0.0806	0.0141	0.0573	0.0138	0.0435	0.0149	0.0053	0.0096	0.0424	0.0085	0.0339	0.0000	0.0000	0.0000	0.0000	0.0000	0.0000	0.0000	0.0000	0.0000	0.0000	0.0000	0.0000	0.0000	0.0000	0.0000	0.0000	0.0000	0.0000											
16	46	0.1125	3	0	0	0	2	0	0	0	0	N	N	N	Y	N	N	N	N	N	N	N	N	0.0000	0.0000	0.0000	0.0000	0.0000	0.0000	0.0000	0.0000	0.0000	0.0000	0.0000	0.0000	0.0000	0.0000	0.0000	0.0000	0.0000	0.0000	0.0000	0.0000	2.9121	0.0000	3.0117	0.0000	0.0000	0.0000	0.0000	0.0000	0.0000	0.0000	0.0000	0.0000	0.0000	0.0000	0.0000	0.0000	0.0000	0.0000	0.0000	0.0000	0.0000	0.0000	0.0000	0.0000	0.0000	0.0000	0.0000	0.0000	0.0000	0.0000	0.0000	0.0000	0.0000	0.0000	0.0000	0.0000	0.0000	0.0000	0.0000	0.0000	0.0000	0.0000	0.0000	0.0000	0.0000	0.0000	0.0000	0.0000	0.0000	0.0000	0.0000	0.0000	0.0000	0.0000	0.0000	0.0000	0.0000	0.0000											
16	47	0.0795	2	0	0	0	2	0	0	0	0	N	N	N	Y	N	N	N	N	N	N	N	N	7.6092	0.7895	0.2298	67.6861	41.8156	0.0000	0.0000	0.0000	0.1773	0.3616	0.4444	0.0000	5.6897	5.6912	0.0000	0.0000	0.0000	0.0000	0.0475	0.5629	0.0000	0.0841	0.1361	0.0000	0.0261	2.9881	0.0000	0.0000	0.0000	-0.0310	-0.0101	2.9121	2.0873	3.0117	1.9360	0.0804	0.0804	0.0000	0.0804	0.0804	0.0000	0.0000	0.0000	0.0000	0.0150	0.0150	0.0000	0.0099	0.0099	0.0000	0.0051	0.0051	0.0000	0.2224	0.1810	0.0414	0.0141	0.0141	0.0000	0.2083	0.1669	0.0414	0.3165	0.1304	0.1860	0.1178	0.0728	0.0451	0.1986	0.0576	0.1410	7.6092	3.8533	0.2298	67.6861	41.8156	0.0000	0.0000	0.0000	0.1773	0.0475	0.1153	0.0000	0.0841	0.1361	0.0000	0.0259	0.0891	0.0000
16	49	0.1118	3	0	1	1	1	0	0	0	0	N	N	N	N	N	N	N	N	N	N	N	N	0.0168	0.0049	0.0353	0.0163	0.0000	0.0000	0.0000	0.0002	0.0002	0.0000	0.0000	0.0000	0.0000	0.0012	0.0049	0.0000	0.0049	0.0124	0.0000	0.0000	0.0000	0.0000	0.0000	0.0000	-0.0000	-0.0003	2.9121	6.0000	3.0117	4.0006	0.0000	0.0000	0.0000	0.0000	0.0000	0.0000	0.0000	0.0000	0.0000	0.0005	0.0005	0.0000	0.0005	0.0005	0.0000	0.0000	0.0000	0.0000	0.4903	0.4198	0.0705	0.0584	0.0497	0.0087	0.4319	0.3701	0.0618	0.4220	0.1057	0.3163	0.1058	0.0415	0.0643	0.3162	0.0642	0.2520	0.0168	0.0049	0.0000	0.0353	0.0163	0.0000	0.0000	0.0000	0.0000	0.0012	0.0049	0.0000	0.0049	0.0124	0.0000	0.0000	0.0000	0.0000					
16	50	0.1118	3	1	0	1	1	0	0	0	0	N	N	N	N	N	N	N	N	N	N	N	N	0.0000	0.0000	0.0000	0.0000	0.0000	0.0000	0.0000	0.0000	0.0000	0.0000	0.0000	0.0000	0.0000	0.0013	0.0053	0.0000	0.0052	0.0134	0.0000	0.0000	0.0000	0.0000	0.0000	0.0000	-0.0003	2.9121	6.0000	3.0117	3.0006	0.0000	0.0000	0.0000	0.0000	0.0000	0.0000	0.0000	0.0000	0.0000	0.0005	0.0005	0.0000	0.0005	0.0005	0.0000	0.0000	0.0000	0.0000	0.4903	0.4198	0.0705	0.0584	0.0497	0.0087	0.4319	0.3701	0.0618	0.3912	0.0973	0.2939	0.0984	0.0384	0.0600	0.2928	0.0589	0.2339	0.0000	0.0000	0.0000	0.0000	0.0000	0.0000	0.0000	0.0000	0.0000	0.0013	0.0053	0.0000	0.0052	0.0134	0.0000	0.0000	0.0000	0.0000						
16	51	0.1495	4	1	1	0	1	0	0	0	0	N	N	N	N	N	N	N	N	N	N	N	N	3.5376	1.1997	0.0000	4.6115	2.0691	0.0000	0.0000	0.0000	0.0000	0.0086	0.0101	0.0000	0.0366	0.0409	0.0000	0.0000	0.0000	0.0000	0.0024	0.0084	0.0000	0.0079	0.0198	0.0000	0.0001	0.0219	0.0000	0.0000	0.0023	-0.0003	-0.0003	2.9121	1.0314	3.0117	3.0033	0.0009	0.0009	0.0000	0.0009	0.0009	0.0000	0.0000	0.0000	0.0000	0.0004	0.0004	0.0000	0.0004	0.0004	0.0000	0.0000	0.0000	0.0000	0.1019	0.0872	0.0147	0.0241	0.0215	0.0026	0.0778	0.0657	0.0122	0.1812	0.0525	0.1287	0.0548	0.0220	0.0328	0.1264	0.0305	0.0959	3.5376	1.1997	0.0000	4.6115	2.0691	0.0000	0.0000	0.0000	0.0000	0.0024	0.0084	0.0000	0.0079	0.0198	0.0000	0.0001	0.0002	0.0000
16	52	0.1118	3	1	1	0	1	0	0	0	0	N	N	N	N	N	N	N	N	N	N	N	N	1.1827	0.8360	0.1145	0.9793	0.4518	0.0000	0.4448	0.0149	0.1038	0.0021	0.0025	0.0002	0.0002	0.0002	0.0000	0.0024	0.0028	0.0002	0.0018	0.0030	0.0014	0.0002	0.0005	0.0000	0.0054	0.1864	0.0018	0.0114	1.5275	-0.0003	-0.0000	2.9121	4.9791	3.0117	0.0710	0.0009	0.0009	0.0000	0.0000	0.0000	0.0000	0.0009	0.0009	0.0000	0.0004	0.0002	0.0003	0.0000	0.0000	0.0000	0.0004	0.0002	0.0003	0.4174	0.3566	0.0608	0.0500	0.0425	0.0076	0.3674	0.3142	0.0532	0.2476	0.0598	0.1877	0.0629	0.0239	0.0390	0.1846	0.0359	0.1487	1.1827	0.8360	0.1145	0.9793	0.4518	0.0000	1.0199	0.6055	0.1038	0.0018	0.0030	0.0014	0.0002	0.0005	0.0000	0.0023	0.0046	0.0018
16	53	0.1118	3	0	1	0	1	0	0	0	0	N	N	N	N	N	N	N	N	N	N	N	N	0.0168	0.0049	0.0353	0.0163	0.0000	0.0000	0.0000	0.0002	0.0002	0.0000	0.0000	0.0000	0.0000	0.0012	0.0049	0.0000	0.0049	0.0124	0.0000	0.0000	0.0000	0.0000	0.0000	0.0000	-0.0000	-0.0003	2.9121	6.0000	3.0117	4.0006	0.0000	0.0000	0.0000	0.0000	0.0000	0.0000	0.0000	0.0000	0.0000	0.0005	0.0005	0.0000	0.0005	0.0005	0.0000	0.0000	0.0000	0.0000	0.4903	0.4198	0.0705	0.0584	0.0497	0.0087	0.4319	0.3701	0.0618	0.4220	0.1057	0.3163	0.1058	0.0415	0.0643	0.3162	0.0642	0.2520	0.0168	0.0049	0.0000	0.0353	0.0163	0.0000	0.0000	0.0000	0.0000	0.0012	0.0049	0.0000	0.0049	0.0124	0.0000	0.0000	0.0000	0.0000					
16	54	0.1648	5	0	0	1	1	0	0	0	0	N	N	N	N	N	N	N	N	N	N	N	N	0.0000	0.0000	0.0000	0.0000	0.0000	0.0000	0.0000	0.0000	0.0000	0.0000	0.0000	0.0000	0.0000	0.0000	0.0000	0.0000	0.0000	0.0000	0.0004	0.0015	0.0000	0.0014	0.0039	0.0000	0.0000	0.0080	0.0000	0.0561	0.0000	-0.0000	2.9121	0.0147	3.0117	0.9910	0.0000	0.0000	0.0000	0.0000	0.0000	0.0000	0.0000	0.0000	0.0000	0.0000	0.0000	0.0000	0.0000	0.0000	0.0000	0.0000	0.0000	0.0000	0.0059	0.0045	0.0015	0.0024	0.0024	0.0000	0.0035	0.0020	0.0015	0.0571	0.0136	0.0435	0.0144	0.0051	0.0092	0.0427	0.0085	0.0342	0.0000	0.0000	0.0000	0.0000	0.0000	0.0000	0.0000	0.0000	0.0000	0.0004	0.0015	0.0000	0.0014	0.0039	0.0000	0.0000	0.0000	0.0000	
16	55	0.1538	4	0	0	0	1	0	0	0	0	N	N	N	N	N	N	N	N	N	N	N	N	0.0000	0.0000	0.0000	0.0000	0.0000	0.0000	0.0000	0.0000	0.0000	0.0000	0.0000	0.0000	0.0000	0.0000	0.0000	0.0000	0.0000	0.0000	0.0011	0.0020	0.0008	0.0020	0.0043	0.0007	0.0009	0.0340	0.0009	1.3030	0.0000	-0.0000	2.9121	0.9556	3.0117	1.0192	0.0000	0.0000	0.0000	0.0000	0.0000	0.0000	0.0000	0.0000	0.0000	0.0001	0.0001	0.0001	0.0001	0.0000	0.0000	0.0001	0.0000	0.0001	0.1058	0.0895	0.0163	0.0108	0.0105	0.0003	0.0950	0.0790	0.0160	0.1087	0.0263	0.0824	0.0272	0.0097	0.0175	0.0815	0.0166	0.0649	0.0000	0.0000	0.0000	0.0000	0.0000	0.0000	0.0000	0.0000	0.0000	0.0011	0.0020	0.0008	0.0020	0.0043	0.0007	0.0008	0.0006	0.0009	
16	56	0.1118	3	0	0	0	1	0	0	0	0	N	N	N	N	N	N	N	N	N	N	N	N	0.0000	0.0000	0.0000	0.0000	0.0000	0.0000	0.0000	0.0000	0.0000	0.0000	0.0000	0.0000	0.0000	0.0000	0.0000	0.0000	0.0000	0.0000	0.0550	0.0004	0.0726	0.0440	0.0002	0.0711	0.0588	0.0271	0.0730	620.1525	0.0000	0.0052	2.9121	3.0309	3.0117	3.0097	0.0000	0.0000	0.0000	0.0000	0.0000	0.0000	0.0000	0.0000	0.0000	0.0158	0.0000	0.0158	0.0032	0.0000	0.0032	0.0126	0.0000	0.0126	0.2672	0.2273	0.0398	0.0324	0.0274	0.0050	0.2347	0.1999	0.0348	0.2872	0.0699	0.2173	0.0728	0.0278	0.0450	0.2144	0.0421	0.1723	0.0000	0.0000	0.0000	0.0000	0.0000	0.0000	0.0000	0.0000	0.0000	0.0550	0.0004	0.0726	0.0440	0.0002	0.0711	0.0588	0.0005	0.0730	
16	57	0.1118	3	0	0	0	1	0	0	0	0	N	N	N	N	N	N	N	N	N	N	N	N	0.0000	0.0000	0.0000	0.0000	0.0000	0.0000	0.0000	0.0000	0.0000	0.0000	0.0000	0.0000	0.0000	0.0001	0.0005	0.0000	0.0005	0.0012	0.0000	0.0000	0.0000	0.0000	0.0000	0.0000	-0.0000	2.9121	3.0000	3.0117	3.0006	0.0000	0.0000	0.0000	0.0000	0.0000	0.0000	0.0000	0.0000	0.0000	0.0000	0.0000	0.0000	0.0000	0.0000	0.0000	0.0000	0.0000	0.0000	0.2647	0.2252	0.0395	0.0322	0.0272	0.0050	0.2325	0.1980	0.0345	0.2856	0.0695	0.2161	0.0724	0.0277	0.0447	0.2132	0.0418	0.1714	0.0000	0.0000	0.0000	0.0000	0.0000	0.0000	0.0000	0.0000	0.0000	0.0001	0.0005	0.0000	0.0005	0.0012	0.0000	0.0000	0.0000	0.0000						
16	58	0.2573	5	0	0	0	1	0	0	0	0	N	N	N	N	N	N	N	N	N	N	N	N	0.0053	0.0004	0.0000	0.0086	0.0057	0.0000	0.0002	0.0000	0.0000	0.0004	0.0004	0.0000	0.0017	0.0018	0.0000	0.0000	0.0000	0.0000	0.0735	0.9986	0.0001	0.1934	0.3233	0.0000	0.0157	1.7914	0.0001	0.0000	0.0011	-0.0001	-0.0304	2.9121	10.2575	3.0117	3.8960	0.0003	0.0003	0.0000	0.0003	0.0003	0.0000	0.0000	0.0000	0.0000	0.0453	0.0453	0.0000	0.0416	0.0416	0.0000	0.0038	0.0037	0.0000	0.8758	0.7651	0.1107	0.2026	0.1846	0.0180	0.6731	0.5805	0.0926	0.6168	0.2135	0.4033	0.2150	0.1286	0.0863	0.4019	0.0849	0.3170	0.0053	0.0021	0.0000	0.0086	0.0057	0.0000	0.0004	0.0001	0.0000	0.0735	0.2121	0.0001	0.1934	0.3233	0.0000	0.0093	0.0436	0.0001
16	59	0.2313	4	1	1	1	1	0	0	0	0	N	N	N	N	N	N	N	N	N	N	N	N	0.0000	0.0000	0.0000	0.0000	0.0000	0.0000	0.0000	0.0000	0.0000	0.0000	0.0000	0.0000	0.0000	0.0000	0.0000	0.0000	0.0000	0.0000	0.0000	0.0000	2.9121	0.0000	3.0117	0.0000	0.0000	0.0000	0.0000	0.0000	0.0000	0.0000	0.0000	0.0000	0.0000	0.0000	0.0000	0.0000	0.0000	0.0000	0.0000	0.0000	0.0000	0.0000	0.0000	0.0000	0.0000	0.0000	0.0000	0.0000	0.0000	0.0000	0.0000	0.0000	0.0000	0.0000	0.0000	0.0000	0.0000	0.0000	0.0000	0.0000	0.0000	0.0000	0.0000	0.0000	0.0000	0.0000	0.0000	0.0000	0.0000	0.0000	0.0000	0.0000	0.0000	0.0000	0.0000	0.0000	0.0000	0.0000											
16	60	0.1118	3	1	0	1	1	0	0	0	0	N	N	N	N	N	N	N	N	N	N	N	N	0.0011	0.0047	0.0000	0.0039	0.0155	0.0000	0.0000	0.0000	0.0000	0.0000	0.0000	0.0002	0.0002	0.0000	0.0000	0.0000	0.0000	0.0161	0.0045	0.0200	0.0386	0.0114	0.0564	0.0149	0.0000	0.0108	0.0000	13.2475	-0.0000	0.0019	2.9121	7.0000	3.0117	3.9994	0.0000	0.0000	0.0000	0.0000	0.0000	0.0000	0.0000	0.0000	0.0000	0.0073	0.0005	0.0068	0.0044	0.0005	0.0038	0.0029	0.0000	0.0029	0.5582	0.4788	0.0794	0.0660	0.0563	0.0097	0.4921	0.4225	0.0697	0.4508	0.1137	0.3371	0.1128	0.0445	0.0682	0.3381	0.0692	0.2689	0.0011	0.0047	0.0000	0.0039	0.0155	0.0000	0.0000	0.0000	0.0000	0.0161	0.0045	0.0200	0.0386	0.0114	0.0564	0.0086	0.0000	0.0108	
16	61	0.1942	4	1	0	1	1	0	0	0	0	N	N	N	N	N	N	N	N	N	N	N	N	0.0000	0.0000	0.0000	0.0000	0.0000	0.0000	0.0000	0.0000	0.0000	0.0000	0.0000	0.0000	0.0000	0.0000	0.0000	0.0000	0.0000	0.0000	0.0000	0.0000	2.9121	2.0000	3.0117	0.0000	0.0000	0.0000	0.0000	0.0000	0.0000	0.0000	0.0000	0.0000	0.0000	0.0000	0.0000	0.0000	0.0000	0.0000	0.0000	0.0000	0.0000	0.0000	0.1600	0.1358	0.0243	0.0344	0.0301	0.0043	0.1256	0.1057	0.0199	0.0821	0.0354	0.0467	0.0178	0.0172	0.0006	0.0644	0.0183	0.0461	0.0000	0.0000	0.0000	0.0000	0.0000	0.0000	0.0000	0.0000	0.0000	0.0000	0.0000	0.0000	0.0000	0.0000	0.0000	0.0000	0.0000	0.0000											
16	62	0.1118	3	1	0	1	1	0	0	0	0	N	N	N	N	N	N	N	N	N	N	N	N	0.0014	0.0059	0.0000	0.0050	0.0195	0.0000	0.0000	0.0000	0.0000	0.0000	0.0000	0.0002	0.0003	0.0000	0.0000	0.0000	0.0000	0.0203	0.0058	0.0250	0.0482	0.0146	0.0695	0.0180	0.0000	0.0136	0.0000	13.2475	-0.0000	0.0019	2.9121	4.0000	3.0117	3.9994	0.0000	0.0000	0.0000	0.0000	0.0000	0.0000	0.0000	0.0000	0.0000	0.0073	0.0005	0.0068	0.0044	0.0005	0.0038	0.0029	0.0000	0.0029	0.3438	0.2932	0.0507	0.0415	0.0351	0.0064	0.3023	0.2580	0.0443	0.3583	0.0885	0.2698	0.0903	0.0350	0.0553	0.2679	0.0535	0.2145	0.0014	0.0059	0.0000	0.0050	0.0195	0.0000	0.0000	0.0000	0.0000	0.0203	0.0058	0.0250	0.0482	0.0146	0.0695	0.0109	0.0000	0.0136	
16	63	0.1118	3	0	1	0	1	0	0	0	0	N	N	N	N	N	N	N	N	N	N	N	N	0.0024	0.0007	1.7081	0.7911	0.0000	0.0000	0.0000	0.0000	0.0000	0.0002	0.0002	0.0000	0.0000	0.0000	0.0000	0.0074	0.0295	0.0000	0.0001	0.0002	0.0000	0.0164	2.0322	0.0000	0.0000	0.0000	-0.0000	-0.0023	2.9121	7.0000	3.0117	4.0000	0.0000	0.0000	0.0000	0.0000	0.0000	0.0000	0.0000	0.0000	0.0000	0.0034	0.0034	0.0000	0.0000	0.0000	0.0000	0.0033	0.0033	0.0000	0.5582	0.4788	0.0794	0.0660	0.0563	0.0097	0.4921	0.4225	0.0697	0.4508	0.1137	0.3371	0.1128	0.0446	0.0682	0.3381	0.0692	0.2689	0.0024	0.0007	0.0000	1.7081	0.7911	0.0000	0.0000	0.0000	0.0000	0.0074	0.0295	0.0000	0.0001	0.0002	0.0000	0.0099	0.0483	0.0000			
16	64	0.2184	6	0	0	1	1	0	0	0	0	N	N	N	N	N	N	N	N	N	N	N	N	0.0000	0.0000	0.0000	0.0000	0.0000	0.0000	0.0000	0.0000	0.0000	0.0000	0.0000	0.0000	0.0000	0.0000	0.0000	0.0000	0.0000	0.0000	0.0000	0.0000	2.9121	0.0000	3.0117	0.0000	0.0000	0.0000	0.0000	0.0000	0.0000	0.0000	0.0000	0.0000	0.0000	0.0000	0.0000	0.0000	0.0000	0.0000	0.0000	0.0000	0.0000	0.0000	0.0000	0.0000	0.0000	0.0000	0.0000	0.0000	0.0000	0.0000	0.0000	0.0000	0.0000	0.0000	0.0000	0.0000	0.0000	0.0000	0.0000	0.0000	0.0000	0.0000	0.0000	0.0000	0.0000	0.0000	0.0000	0.0000	0.0000	0.0000	0.0000	0.0000	0.0000	0.0000	0.0000	0.0000	0.0000	0.0000											
16	65	0.1941	5	0	0	1	1	0	0	0	0	N	N	N	N	N	N	N	N	N	N	N	N	0.0000	0.0000	0.0000	0.0000	0.0000	0.0000	0.0000	0.0000	0.0000	0.0000	0.0000	0.0000	0.0000	0.0000	0.0000	9.3103	39.1295	0.0000	0.1006	0.1118	0.0000	9.8176	48.7187	0.0000	0.0000	0.0000	-0.6675	2.9121	0.8734	3.0117	1.0002	0.0000	0.0000	0.0000	0.0000	0.0000	0.0000	0.0000	0.0000	0.0000	0.9931	0.9931	0.0000	0.0006	0.0006	0.0000	0.9926	0.9926	0.0000	0.0763	0.0645	0.0118	0.0130	0.0112	0.0018	0.0633	0.0533	0.0100	0.1067	0.0254	0.0813	0.0056	0.0050	0.0006	0.1011	0.0204	0.0807	0.0000	0.0000	0.0000	0.0000	0.0000	0.0000	0.0000	0.0000	0.0000	9.3103	39.1295	0.0000	0.1006	0.1118	0.0000	9.8176	48.7187	0.0000				
16	66	0.1796	4	0	0	0	1	0	0	0	0	N	N	N	N	N	N	N	N	N	N	N	N	0.0123	0.0044	0.0000	0.0214	0.0220	0.0000	0.0002	0.0000	0.0000	0.0099	0.0117	0.0000	0.0571	0.0658	0.0000	0.0000	0.0000	0.0000	0.8049	2.6687	0.0010	2.6693	2.9843	0.0686	0.0004	0.0062	0.0006	0.0000	0.0024	-0.0003	-0.0159	2.9121	1.0063	3.0117	0.0727	0.0009	0.0009	0.0000	0.0009	0.0009	0.0000	0.0000	0.0000	0.0000	0.0237	0.0237	0.0001	0.0237	0.0237	0.0000	0.0000	0.0000	0.0000	0.0888	0.0751	0.0137	0.0154	0.0134	0.0020	0.0734	0.0617	0.0117	0.0792	0.0246	0.0547	0.0115	0.0111	0.0004	0.0677	0.0135	0.0543	0.0331	0.0122	0.0000	0.0277	0.0309	0.0000	0.0002	0.0049	0.0000	0.2996	0.9638	0.0010	2.0598	2.1306	0.0686	0.0004	0.0000	0.0006
16	67	0.1118	3	0	0	0	1	0	0	0	0	N	N	N	N	N	N	N	N	N	N	N	N	0.0212	0.1272	0.0818	0.0040	0.2717	0.0000	0.0203	0.0014	0.0848	0.0026	0.0008	0.0130	0.0002	0.0003	0.0000	0.0029	0.0009	0.0149	0.1223	0.0062	0.1593	0.0607	0.0010	0.0973	0.1433	0.6260	0.1756	2.8699	81.0597	0.0003	0.0096	2.9121	4.0009	3.0117	1.0789	0.0009	0.0002	0.0007	0.0000	0.0000	0.0000	0.0009	0.0002	0.0007	0.0304	0.0004	0.0301	0.0038	0.0000	0.0038	0.0266	0.0003	0.0262	0.3439	0.2932	0.0507	0.0415	0.0351	0.0064	0.3024	0.2581	0.0443	0.2488	0.0601	0.1886	0.0632	0.0240	0.0392	0.1855	0.0361	0.1494	0.0212	0.1272	0.0818	0.0040	0.2717	0.0000	0.0203	0.0891	0.0848	0.1223	0.0062	0.1593	0.0607	0.0010	0.0973	0.1433	0.0096	0.1756
16	68	0.1118	3	0	1	0	1	0	0	0	0	N	N	N	N	N	N	N	N	N	N	N	N	0.0000	0.0000	0.0000	0.0000	0.0000	0.0000	0.0000	0.0000	0.0000	0.0000	0.0000	0.0000	0.0000	0.0000	0.0000	0.0000	0.0000	0.0588	0.0046	0.0768	0.0763	0.0117	0.1176	0.0530	0.0000	0.0663	50.1471	0.0000	0.0071	2.9121	5.0000	3.0117	3.9994	0.0000	0.0000	0.0000	0.0000	0.0000	0.0000	0.0000	0.0000	0.0000	0.0230	0.0004	0.0226	0.0075	0.0004	0.0071	0.0155	0.0000	0.0155	0.4189	0.3580	0.0610	0.0502	0.0426	0.0076	0.3687	0.3153	0.0534	0.3912	0.0973	0.2939	0.0984	0.0383	0.0600	0.2928	0.0589	0.2339	0.0000	0.0000	0.0000	0.0000	0.0000	0.0000	0.0000	0.0000	0.0000	0.0588	0.0046	0.0768	0.0763	0.0117	0.1176	0.0530	0.0000	0.0663		
16	69	0.1118	3	1	0	1	1	0	0	0	0	N	N	N	N	N	N	N	N	N	N	N	N	0.0000	0.0000	0.0000	0.0000	0.0000	0.0000	0.0000	0.0000	0.0000	0.0000	0.0000	0.0000	0.0000	0.0000	0.0000	0.0000	0.0000	0.0162	0.0006	0.0214	0.0369	0.0014	0.0599	0.0157	0.0000	0.0115	112.6036	0.0000	0.0022	2.9121	7.0000	3.0117	2.9994	0.0000	0.0000	0.0000	0.0000	0.0000	0.0000	0.0000	0.0000	0.0000	0.0068	0.0001	0.0068	0.0039	0.0001	0.0038	0.0029	0.0000	0.0029	0.5582	0.4788	0.0794	0.0660	0.0563	0.0097	0.4921	0.4225	0.0697	0.4220	0.1057	0.3163	0.1058	0.0415	0.0643	0.3162	0.0642	0.2520	0.0000	0.0000	0.0000	0.0000	0.0000	0.0000	0.0000	0.0000	0.0000	0.0162	0.0006	0.0214	0.0369	0.0014	0.0599	0.0092	0.0000	0.0115		
16	70	0.1118	3	0	1	0	2	0	0	0	0	N	N	N	Y	N	N	N	N	N	N	N	N	0.0000	0.0000	0.0000	0.0000	0.0000	0.0000	0.0000	0.0000	0.0000	0.0000	0.0000	0.0000	0.0000	0.0001	0.0003	0.0000	0.0003	0.0009	0.0000	0.0000	0.0000	0.0000	0.0000	0.0000	-0.0000	2.9121	4.0000	3.0117	5.0006	0.0000	0.0000	0.0000	0.0000	0.0000	0.0000	0.0000	0.0000	0.0000	0.0000	0.0000	0.0000	0.0000	0.0000	0.0000	0.0000	0.0000	0.0000	0.3438	0.2932	0.0507	0.0415	0.0351	0.0064	0.3023	0.2580	0.0443	0.3912	0.0973	0.2939	0.0984	0.0384	0.0600	0.2928	0.0589	0.2339	0.0000	0.0000	0.0000	0.0000	0.0000	0.0000	0.0000	0.0000	0.0000	0.0001	0.0003	0.0000	0.0003	0.0009	0.0000	0.0000	0.0000	0.0000						
16	71	0.1118	3	0	1	0	1	0	0	0	0	N	N	N	N	N	N	N	N	N	N	N	N	0.0004	0.0507	0.0000	0.0025	0.1683	0.0000	0.0000	0.0000	0.0000	0.0000	0.0000	0.0002	0.0002	0.0000	0.0000	0.0000	0.0000	0.0473	0.0004	0.0633	0.0596	0.0011	0.0983	0.0432	0.0000	0.0545	0.0000	451.3243	-0.0000	0.0074	2.9121	7.0000	3.0117	4.9994	0.0000	0.0000	0.0000	0.0000	0.0000	0.0000	0.0000	0.0000	0.0000	0.0226	0.0001	0.0226	0.0071	0.0001	0.0071	0.0155	0.0000	0.0155	0.5582	0.4788	0.0794	0.0660	0.0563	0.0097	0.4921	0.4225	0.0697	0.4778	0.1214	0.3564	0.1192	0.0474	0.0718	0.3586	0.0740	0.2846	0.0004	0.0507	0.0000	0.0025	0.1683	0.0000	0.0000	0.0000	0.0000	0.0473	0.0004	0.0633	0.0596	0.0011	0.0983	0.0432	0.0000	0.0545	
16	72	0.1683	4	0	1	0	1	0	0	0	0	N	N	N	N	N	N	N	N	N	N	N	N	0.0186	0.0094	0.0000	0.0496	0.0370	0.0000	0.0017	0.0000	0.0000	0.0000	0.0001	0.0000	0.0002	0.0002	0.0000	0.0000	0.0000	0.0000	0.0024	0.0056	0.0000	0.0044	0.0066	0.0000	0.0001	0.0372	0.0000	0.0000	0.0000	-0.0000	-0.0004	2.9121	4.7764	3.0117	1.3205	0.0000	0.0000	0.0000	0.0000	0.0000	0.0000	0.0000	0.0000	0.0000	0.0006	0.0006	0.0000	0.0006	0.0006	0.0000	0.0000	0.0000	0.0000	0.3943	0.3390	0.0553	0.0812	0.0723	0.0089	0.3131	0.2667	0.0464	0.2542	0.1106	0.1436	0.1371	0.0911	0.0460	0.1171	0.0195	0.0976	0.0186	0.0094	0.0000	0.0496	0.0370	0.0000	0.0017	0.0003	0.0000	0.0024	0.0056	0.0000	0.0044	0.0066	0.0000	0.0001	0.0008	0.0000
16	73	0.1118	3	0	1	0	1	0	0	0	0	N	N	N	N	N	N	N	N	N	N	N	N	0.0029	0.0002	0.0672	0.0251	0.0115	0.0000	0.0017	0.0000	0.0616	0.0001	0.0000	0.0002	0.0002	0.0002	0.0000	0.0000	0.0000	0.0003	0.0190	0.1018	0.0035	0.0068	0.0176	0.0002	0.0234	3.0309	0.0043	1.6617	0.1593	0.0000	-0.0029	2.9121	3.3049	3.0117	2.7470	0.0000	0.0000	0.0000	0.0000	0.0000	0.0000	0.0000	0.0000	0.0000	0.0055	0.0047	0.0008	0.0005	0.0005	0.0000	0.0050	0.0042	0.0007	0.2892	0.2463	0.0430	0.0351	0.0296	0.0054	0.2542	0.2166	0.0376	0.2876	0.0700	0.2176	0.0729	0.0279	0.0450	0.2147	0.0421	0.1726	0.0029	0.0004	0.0672	0.0251	0.0115	0.0000	0.0017	0.0000	0.0616	0.0190	0.0675	0.0035	0.0068	0.0176	0.0002	0.0232	0.1005	0.0043
16	74	0.1705	4	0	1	0	1	0	0	0	0	N	N	N	N	N	N	N	N	N	N	N	N	0.0000	0.0000	0.0000	0.0000	0.0000	0.0000	0.0000	0.0000	0.0000	0.0000	0.0000	0.0000	0.0000	0.0000	0.0000	0.0000	0.0000	0.0000	0.0000	0.0000	2.9121	0.0000	3.0117	0.0000	0.0000	0.0000	0.0000	0.0000	0.0000	0.0000	0.0000	0.0000	0.0000	0.0000	0.0000	0.0000	0.0000	0.0000	0.0000	0.0000	0.0000	0.0000	0.0000	0.0000	0.0000	0.0000	0.0000	0.0000	0.0000	0.0000	0.0000	0.0000	0.0000	0.0000	0.0000	0.0000	0.0000	0.0000	0.0000	0.0000	0.0000	0.0000	0.0000	0.0000	0.0000	0.0000	0.0000	0.0000	0.0000	0.0000	0.0000	0.0000	0.0000	0.0000	0.0000	0.0000	0.0000	0.0000											
16	75	0.1118	3	0	1	0	1	0	0	0	0	N	N	N	N	N	N	N	N	N	N	N	N	0.0021	0.0001	0.0104	0.0055	0.3947	0.0000	0.0018	0.0000	0.0117	0.0002	0.0001	0.0007	0.0002	0.0003	0.0000	0.0002	0.0001	0.0008	0.1009	0.9386	0.0706	0.0408	0.0007	0.0658	0.1212	3.6746	0.0718	1.0000	1.1217	0.0000	-0.0045	2.9121	4.3567	3.0117	2.3689	0.0001	0.0000	0.0000	0.0000	0.0000	0.0000	0.0001	0.0000	0.0000	0.0316	0.0149	0.0167	0.0032	0.0000	0.0032	0.0283	0.0149	0.0135	0.3711	0.3166	0.0544	0.0447	0.0379	0.0068	0.3264	0.2788	0.0476	0.3131	0.0766	0.2365	0.0792	0.0304	0.0488	0.2339	0.0462	0.1877	0.0021	0.0006	0.0104	0.0055	0.3947	0.0000	0.0018	0.0003	0.0117	0.1009	0.1944	0.0706	0.0408	0.0007	0.0658	0.1212	0.3220	0.0718
16	76	0.1791	6	1	1	0	2	0	0	0	0	N	N	N	Y	N	N	N	N	N	N	N	N	0.0000	0.0000	0.0000	0.0000	0.0000	0.0000	0.0000	0.0000	0.0000	0.0000	0.0000	0.0000	0.0000	0.0000	0.0000	0.0000	0.0000	0.0000	0.0000	0.0000	2.9121	0.0000	3.0117	0.0000	0.0000	0.0000	0.0000	0.0000	0.0000	0.0000	0.0000	0.0000	0.0000	0.0000	0.0000	0.0000	0.0000	0.0000	0.0000	0.0000	0.0000	0.0000	0.0000	0.0000	0.0000	0.0000	0.0000	0.0000	0.0000	0.0000	0.0000	0.0000	0.0000	0.0000	0.0000	0.0000	0.0000	0.0000	0.0000	0.0000	0.0000	0.0000	0.0000	0.0000	0.0000	0.0000	0.0000	0.0000	0.0000	0.0000	0.0000	0.0000	0.0000	0.0000	0.0000	0.0000	0.0000	0.0000											
16	77	0.1708	5	1	1	0	2	0	0	0	0	N	N	N	Y	N	N	N	N	N	N	N	N	0.0000	0.0000	0.0000	0.0000	0.0000	0.0000	0.0000	0.0000	0.0000	0.0000	0.0000	0.0000	0.0000	0.0000	0.0000	0.0000	0.0000	0.0004	0.0011	0.0000	0.0022	0.0023	0.0000	0.0000	0.0008	0.0000	0.0013	0.0000	-0.0000	2.9121	1.0073	3.0117	0.3366	0.0000	0.0000	0.0000	0.0000	0.0000	0.0000	0.0000	0.0000	0.0000	0.0000	0.0000	0.0000	0.0000	0.0000	0.0000	0.0000	0.0000	0.0000	0.0865	0.0737	0.0128	0.0083	0.0076	0.0007	0.0782	0.0661	0.0121	0.0446	0.0180	0.0265	0.0090	0.0085	0.0005	0.0356	0.0096	0.0260	0.0000	0.0000	0.0000	0.0000	0.0000	0.0000	0.0000	0.0000	0.0000	0.0004	0.0011	0.0000	0.0022	0.0023	0.0000	0.0000	0.0000	0.0000		
16	78	0.1966	5	0	1	0	2	0	0	0	0	N	N	N	Y	N	N	N	N	N	N	N	N	0.0000	0.0000	0.0000	0.0000	0.0000	0.0000	0.0000	0.0000	0.0000	0.0000	0.0000	0.0000	0.0000	0.0000	0.0000	0.0000	0.0000	0.0000	0.0000	0.0000	2.9121	0.0000	3.0117	0.0000	0.0000	0.0000	0.0000	0.0000	0.0000	0.0000	0.0000	0.0000	0.0000	0.0000	0.0000	0.0000	0.0000	0.0000	0.0000	0.0000	0.0000	0.0000	0.0000	0.0000	0.0000	0.0000	0.0000	0.0000	0.0000	0.0000	0.0000	0.0000	0.0000	0.0000	0.0000	0.0000	0.0000	0.0000	0.0000	0.0000	0.0000	0.0000	0.0000	0.0000	0.0000	0.0000	0.0000	0.0000	0.0000	0.0000	0.0000	0.0000	0.0000	0.0000	0.0000	0.0000	0.0000	0.0000											
16	79	0.1883	4	0	1	0	2	0	0	0	0	N	N	N	Y	N	N	N	N	N	N	N	N	0.0000	0.0000	0.0000	0.0000	0.0000	0.0000	0.0000	0.0000	0.0000	0.0000	0.0000	0.0000	0.0000	0.0000	0.0000	0.0000	0.0000	0.0000	0.0000	0.0000	2.9121	0.0000	3.0117	1.0000	0.0000	0.0000	0.0000	0.0000	0.0000	0.0000	0.0000	0.0000	0.0000	0.0000	0.0000	0.0000	0.0000	0.0000	0.0000	0.0000	0.0000	0.0000	0.0000	0.0000	0.0000	0.0000	0.0000	0.0000	0.0000	0.0000	0.0000	0.0510	0.0184	0.0325	0.0058	0.0053	0.0005	0.0452	0.0131	0.0321	0.0000	0.0000	0.0000	0.0000	0.0000	0.0000	0.0000	0.0000	0.0000	0.0000	0.0000	0.0000	0.0000	0.0000	0.0000	0.0000	0.0000	0.0000											
16	80	0.1708	5	0	1	0	1	0	0	0	0	N	N	N	N	N	N	N	N	N	N	N	N	0.0000	0.0000	0.0000	0.0000	0.0000	0.0000	0.0000	0.0000	0.0000	0.0000	0.0000	0.0000	0.0000	0.0000	0.0000	0.0000	0.0000	0.0001	0.0003	0.0000	0.0008	0.0008	0.0000	0.0000	0.0005	0.0000	0.0014	0.0000	-0.0000	2.9121	3.9927	3.0117	1.0002	0.0000	0.0000	0.0000	0.0000	0.0000	0.0000	0.0000	0.0000	0.0000	0.0000	0.0000	0.0000	0.0000	0.0000	0.0000	0.0000	0.0000	0.0000	0.3173	0.2721	0.0452	0.0308	0.0282	0.0026	0.2865	0.2439	0.0426	0.1420	0.0568	0.0852	0.0259	0.0240	0.0019	0.1161	0.0328	0.0833	0.0000	0.0000	0.0000	0.0000	0.0000	0.0000	0.0000	0.0000	0.0000	0.0001	0.0003	0.0000	0.0008	0.0008	0.0000	0.0000	0.0000	0.0000		
16	81	0.1661	4	0	1	0	1	0	0	0	0	N	N	N	N	N	N	N	N	N	N	N	N	0.0000	0.0000	0.0000	0.0000	0.0000	0.0000	0.0000	0.0000	0.0000	0.0000	0.0000	0.0000	0.0000	0.0000	0.0000	0.0000	0.0000	0.0010	0.0012	0.0008	0.0000	0.0000	0.0000	0.0024	0.0836	0.0008	0.9974	0.0000	-0.0000	2.9121	0.0110	3.0117	0.6549	0.0000	0.0000	0.0000	0.0000	0.0000	0.0000	0.0000	0.0000	0.0000	0.0000	0.0000	0.0000	0.0000	0.0000	0.0000	0.0000	0.0000	0.0000	0.0010	0.0008	0.0001	0.0001	0.0001	0.0000	0.0009	0.0007	0.0001	0.0205	0.0081	0.0124	0.0036	0.0033	0.0003	0.0170	0.0048	0.0122	0.0000	0.0000	0.0000	0.0000	0.0000	0.0000	0.0000	0.0000	0.0000	0.0010	0.0012	0.0008	0.0000	0.0000	0.0000	0.0012	0.0021	0.0008		
16	82	0.1883	4	0	0	1	2	0	0	0	0	N	N	N	Y	N	N	N	N	N	N	N	N	0.0000	0.0000	0.0000	0.0000	0.0000	0.0000	0.0000	0.0000	0.0000	0.0000	0.0000	0.0000	0.0000	0.0000	0.0000	0.0000	0.0000	0.0000	0.0000	0.0000	2.9121	1.0000	3.0117	0.0000	0.0000	0.0000	0.0000	0.0000	0.0000	0.0000	0.0000	0.0000	0.0000	0.0000	0.0000	0.0000	0.0000	0.0000	0.0000	0.0000	0.0000	0.0000	0.0855	0.0728	0.0128	0.0040	0.0036	0.0004	0.0816	0.0692	0.0124	0.0510	0.0184	0.0325	0.0058	0.0053	0.0005	0.0452	0.0131	0.0321	0.0000	0.0000	0.0000	0.0000	0.0000	0.0000	0.0000	0.0000	0.0000	0.0000	0.0000	0.0000	0.0000	0.0000	0.0000	0.0000	0.0000	0.0000											
16	83	0.1883	4	0	0	1	2	0	0	0	0	N	N	N	Y	N	N	N	N	N	N	N	N	0.0000	0.0000	0.0000	0.0000	0.0000	0.0000	0.0000	0.0000	0.0000	0.0000	0.0000	0.0000	0.0000	0.0000	0.0000	0.0000	0.0000	0.0000	0.0000	0.0000	2.9121	0.0000	3.0117	0.0000	0.0000	0.0000	0.0000	0.0000	0.0000	0.0000	0.0000	0.0000	0.0000	0.0000	0.0000	0.0000	0.0000	0.0000	0.0000	0.0000	0.0000	0.0000	0.0000	0.0000	0.0000	0.0000	0.0000	0.0000	0.0000	0.0000	0.0000	0.0000	0.0000	0.0000	0.0000	0.0000	0.0000	0.0000	0.0000	0.0000	0.0000	0.0000	0.0000	0.0000	0.0000	0.0000	0.0000	0.0000	0.0000	0.0000	0.0000	0.0000	0.0000	0.0000	0.0000	0.0000	0.0000	0.0000											
16	84	0.1118	3	0	0	0	2	0	0	0	0	N	N	N	Y	N	N	N	N	N	N	N	N	0.0000	0.0000	0.0000	0.0000	0.0000	0.0000	0.0000	0.0000	0.0000	0.0000	0.0000	0.0000	0.0000	0.0000	0.0000	0.0000	0.0000	0.0174	0.0006	0.0230	0.0397	0.0016	0.0641	0.0164	0.0000	0.0124	112.6036	0.0000	0.0022	2.9121	3.0000	3.0117	5.9994	0.0000	0.0000	0.0000	0.0000	0.0000	0.0000	0.0000	0.0000	0.0000	0.0068	0.0001	0.0068	0.0039	0.0001	0.0038	0.0029	0.0000	0.0029	0.2647	0.2252	0.0395	0.0322	0.0272	0.0050	0.2325	0.1980	0.0345	0.3912	0.0973	0.2939	0.0984	0.0383	0.0600	0.2928	0.0589	0.2339	0.0000	0.0000	0.0000	0.0000	0.0000	0.0000	0.0000	0.0000	0.0000	0.0174	0.0006	0.0230	0.0397	0.0016	0.0641	0.0099	0.0000	0.0124		
16	85	0.2493	4	1	1	0	1	0	0	0	0	N	N	N	N	N	N	N	N	N	N	N	N	0.0000	0.0000	0.0000	0.0000	0.0000	0.0000	0.0000	0.0000	0.0000	0.0000	0.0000	0.0000	0.0000	0.0000	0.0000	0.0000	0.0000	0.0000	0.0000	0.0000	2.9121	0.0000	3.0117	0.0000	0.0000	0.0000	0.0000	0.0000	0.0000	0.0000	0.0000	0.0000	0.0000	0.0000	0.0000	0.0000	0.0000	0.0000	0.0000	0.0000	0.0000	0.0000	0.0000	0.0000	0.0000	0.0000	0.0000	0.0000	0.0000	0.0000	0.0000	0.0000	0.0000	0.0000	0.0000	0.0000	0.0000	0.0000	0.0000	0.0000	0.0000	0.0000	0.0000	0.0000	0.0000	0.0000	0.0000	0.0000	0.0000	0.0000	0.0000	0.0000	0.0000	0.0000	0.0000	0.0000	0.0000	0.0000											
16	86	0.1118	3	1	1	0	1	0	0	0	0	N	N	N	N	N	N	N	N	N	N	N	N	0.0003	0.0001	1.4083	0.6597	0.0000	0.0000	0.0009	0.0010	0.0000	0.0074	0.0087	0.0000	0.0000	0.0000	0.0000	2.7048	8.1800	0.0000	0.0052	0.0132	0.0000	3.4009	13.4111	0.0000	0.0000	0.0000	-0.0001	-0.6676	2.9121	5.0000	3.0117	7.0006	0.0004	0.0004	0.0000	0.0004	0.0004	0.0000	0.0000	0.0000	0.0000	0.9932	0.9932	0.0000	0.0006	0.0006	0.0000	0.9926	0.9926	0.0000	0.4189	0.3580	0.0610	0.0502	0.0426	0.0076	0.3687	0.3153	0.0534	0.4778	0.1214	0.3564	0.1192	0.0474	0.0718	0.3586	0.0740	0.2846	0.0004	0.0001	0.0000	1.4083	0.6597	0.0000	0.0000	0.0000	0.0000	2.0785	8.1800	0.0000	0.0052	0.0132	0.0000	2.7677	13.4111	0.0000			
16	87	0.1118	3	0	1	0	1	0	0	0	0	N	N	N	N	N	N	N	N	N	N	N	N	0.0000	0.0000	0.0000	0.0000	0.0000	0.0000	0.0000	0.0000	0.0000	0.0000	0.0000	0.0000	0.0000	0.0003	0.0013	0.0000	0.0012	0.0033	0.0000	0.0000	0.0000	0.0000	0.0000	0.0000	-0.0000	2.9121	1.0000	3.0117	3.0006	0.0000	0.0000	0.0000	0.0000	0.0000	0.0000	0.0000	0.0000	0.0000	0.0001	0.0001	0.0000	0.0001	0.0001	0.0000	0.0000	0.0000	0.0000	0.0931	0.0788	0.0142	0.0115	0.0096	0.0018	0.0816	0.0692	0.0124	0.2027	0.0486	0.1541	0.0517	0.0195	0.0322	0.1510	0.0291	0.1219	0.0000	0.0000	0.0000	0.0000	0.0000	0.0000	0.0000	0.0000	0.0000	0.0003	0.0013	0.0000	0.0012	0.0033	0.0000	0.0000	0.0000	0.0000						
16	88	0.1661	4	1	1	0	1	0	0	0	0	N	N	N	N	N	N	N	N	N	N	N	N	0.0000	0.0000	0.0000	0.0000	0.0000	0.0000	0.0000	0.0000	0.0000	0.0000	0.0000	0.0000	0.0000	0.0000	0.0000	0.0000	0.0000	0.0000	0.0000	0.0000	2.9121	0.0000	3.0117	0.0000	0.0000	0.0000	0.0000	0.0000	0.0000	0.0000	0.0000	0.0000	0.0000	0.0000	0.0000	0.0000	0.0000	0.0000	0.0000	0.0000	0.0000	0.0000	0.0000	0.0000	0.0000	0.0000	0.0000	0.0000	0.0000	0.0000	0.0000	0.0000	0.0000	0.0000	0.0000	0.0000	0.0000	0.0000	0.0000	0.0000	0.0000	0.0000	0.0000	0.0000	0.0000	0.0000	0.0000	0.0000	0.0000	0.0000	0.0000	0.0000	0.0000	0.0000	0.0000	0.0000	0.0000	0.0000											
16	89	0.1118	3	0	1	0	1	0	0	0	0	N	N	N	N	N	N	N	N	N	N	N	N	0.0000	0.0000	0.0000	0.0000	0.0000	0.0000	0.0000	0.0000	0.0000	0.0000	0.0000	0.0000	0.0000	0.0002	0.0007	0.0000	0.0007	0.0017	0.0000	0.0000	0.0000	0.0000	0.0000	0.0000	-0.0000	2.9121	4.0000	3.0117	4.0001	0.0000	0.0000	0.0000	0.0000	0.0000	0.0000	0.0000	0.0000	0.0000	0.0001	0.0001	0.0000	0.0001	0.0001	0.0000	0.0000	0.0000	0.0000	0.3438	0.2932	0.0507	0.0415	0.0351	0.0064	0.3023	0.2580	0.0443	0.3583	0.0885	0.2698	0.0903	0.0350	0.0553	0.2680	0.0535	0.2145	0.0000	0.0000	0.0000	0.0000	0.0000	0.0000	0.0000	0.0000	0.0000	0.0002	0.0007	0.0000	0.0007	0.0017	0.0000	0.0000	0.0000	0.0000						
16	91	0.2573	5	0	0	0	1	0	0	0	0	N	N	N	N	N	N	N	N	N	N	N	N	0.0055	0.0004	0.0000	0.0084	0.0055	0.0000	0.0000	0.0000	0.0000	0.0004	0.0004	0.0000	0.0016	0.0018	0.0000	0.0000	0.0000	0.0000	0.0650	0.9246	0.0001	0.1902	0.3217	0.0000	0.0025	0.4232	0.0001	0.0000	0.0012	-0.0001	-0.0284	2.9121	11.5137	3.0117	4.9035	0.0003	0.0003	0.0000	0.0003	0.0003	0.0000	0.0000	0.0000	0.0000	0.0423	0.0422	0.0001	0.0417	0.0417	0.0000	0.0006	0.0005	0.0000	0.9404	0.8224	0.1180	0.2113	0.1922	0.0190	0.7291	0.6301	0.0990	0.6507	0.2221	0.4285	0.2193	0.1296	0.0897	0.4314	0.0925	0.3389	0.0055	0.0022	0.0000	0.0084	0.0055	0.0000	0.0000	0.0000	0.0000	0.0650	0.1900	0.0001	0.1902	0.3217	0.0000	0.0013	0.0055	0.0001
17	18	0.0568	2	1	0	1	1	0	0	0	0	N	N	N	N	N	N	N	N	N	N	N	N	0.0081	1.0349	0.0063	0.1479	10.2025	0.0000	0.0040	0.0083	0.0069	0.0160	0.0161	0.0154	0.0422	0.0458	0.0000	0.0108	0.0099	0.0172	1.9782	0.0155	2.4518	0.2857	0.0045	1.9092	2.7241	1.1856	2.4858	0.1316	231.3980	-0.0003	0.3067	0.1693	18.0000	3.5362	5.9994	0.0013	0.0011	0.0002	0.0006	0.0006	0.0000	0.0007	0.0006	0.0001	0.9478	0.0041	0.9437	0.0439	0.0006	0.0434	0.9039	0.0035	0.9004	0.0807	0.0710	0.0098	0.0133	0.0122	0.0010	0.0675	0.0588	0.0087	0.6477	0.2628	0.3849	0.1538	0.1311	0.0227	0.4939	0.1317	0.3622	0.0109	1.0349	0.0063	0.1479	10.2025	0.0000	0.0059	0.3726	0.0069	1.4633	0.0155	2.4518	0.2857	0.0045	1.9092	1.8299	0.0265	2.4858
17	19	0.1246	3	0	1	0	1	0	0	0	0	N	N	N	N	N	N	N	N	N	N	N	N	0.2078	0.5175	0.6556	0.0589	0.3375	0.0007	0.2521	0.1967	0.9202	0.0158	0.0050	0.0777	0.0046	0.0051	0.0001	0.0188	0.0050	0.0903	0.0759	0.0097	0.1185	0.0780	0.0151	0.1753	0.0744	0.0253	0.0982	2.7045	19.0925	0.0001	0.0043	0.1693	2.0070	3.5362	1.9996	0.0002	0.0001	0.0001	0.0000	0.0000	0.0000	0.0002	0.0000	0.0001	0.0153	0.0008	0.0145	0.0064	0.0008	0.0057	0.0089	0.0000	0.0089	0.0122	0.0104	0.0018	0.0026	0.0023	0.0003	0.0096	0.0080	0.0015	0.2016	0.0789	0.1227	0.0822	0.0499	0.0323	0.1194	0.0290	0.0904	0.2078	0.5175	0.6556	0.0589	0.3375	0.0007	0.2521	14.3421	0.9202	0.0759	0.0097	0.1185	0.0780	0.0151	0.1753	0.0744	0.0003	0.0982
17	20	0.0568	2	0	1	0	1	0	0	0	0	N	N	N	N	N	N	N	N	N	N	N	N	0.0426	0.0231	0.3198	0.1462	0.1205	0.0000	0.0063	0.0028	0.7119	0.0877	0.1008	0.0031	0.4661	0.5154	0.0000	0.0139	0.0156	0.0035	2.0556	4.3668	0.0096	3.1883	4.2756	0.0941	2.1860	5.5904	0.0049	0.0047	0.0040	-0.0016	-0.3893	0.1693	9.0000	3.5362	1.0006	0.0042	0.0042	0.0000	0.0037	0.0037	0.0000	0.0006	0.0005	0.0000	0.5827	0.5804	0.0023	0.1931	0.1919	0.0012	0.3896	0.3885	0.0011	0.0483	0.0418	0.0065	0.0079	0.0071	0.0008	0.0404	0.0347	0.0057	0.3831	0.1452	0.2380	0.0858	0.0731	0.0126	0.2974	0.0721	0.2253	0.0576	0.0252	0.3198	0.2070	0.1964	0.0000	0.0106	0.0029	0.7119	1.5208	3.9977	0.0096	2.2513	2.6245	0.0941	1.3101	5.3906	0.0049
17	21	0.1133	3	1	1	0	1	0	0	0	0	N	N	N	N	N	N	N	N	N	N	N	N	4.5076	1.7885	0.3232	4.1940	4.7301	0.1501	0.5331	0.0058	0.2754	0.1832	0.2157	0.0003	0.3606	0.4331	0.0004	0.0047	0.0054	0.0003	0.0406	0.1206	0.0010	0.0860	0.0916	0.0026	0.0088	0.9214	0.0009	0.0003	0.0124	-0.0009	-0.0038	0.1693	0.9600	3.5362	1.3160	0.0023	0.0023	0.0000	0.0023	0.0023	0.0000	0.0000	0.0000	0.0000	0.0057	0.0057	0.0001	0.0055	0.0055	0.0000	0.0003	0.0002	0.0001	0.0125	0.0106	0.0019	0.0063	0.0052	0.0010	0.0062	0.0054	0.0008	0.1411	0.0734	0.0677	0.0635	0.0596	0.0040	0.0776	0.0139	0.0637	4.5076	2.7965	0.3232	4.1940	4.7301	0.1501	1.3476	0.3546	0.2754	0.0406	0.0771	0.0010	0.0860	0.0916	0.0026	0.0035	0.0152	0.0009
17	22	0.1391	4	0	1	0	1	0	0	0	0	N	N	N	N	N	N	N	N	N	N	N	N	0.0000	0.0000	0.0000	0.0000	0.0000	0.0000	0.0000	0.0000	0.0000	0.0000	0.0000	0.0000	0.0000	0.0000	0.0000	0.0000	0.0000	0.0000	0.0000	0.0000	0.1693	0.0000	3.5362	0.0000	0.0000	0.0000	0.0000	0.0000	0.0000	0.0000	0.0000	0.0000	0.0000	0.0000	0.0000	0.0000	0.0000	0.0000	0.0000	0.0000	0.0000	0.0000	0.0000	0.0000	0.0000	0.0000	0.0000	0.0000	0.0000	0.0000	0.0000	0.0000	0.0000	0.0000	0.0000	0.0000	0.0000	0.0000	0.0000	0.0000	0.0000	0.0000	0.0000	0.0000	0.0000	0.0000	0.0000	0.0000	0.0000	0.0000	0.0000	0.0000	0.0000	0.0000	0.0000	0.0000	0.0000	0.0000											
17	23	0.0568	2	1	1	0	1	0	0	0	0	N	N	N	N	N	N	N	N	N	N	N	N	0.0062	0.0000	0.0382	0.0006	0.0000	0.0012	0.0068	0.0000	0.0591	0.0128	0.0000	0.0917	0.0018	0.0000	0.0174	0.0149	0.0000	0.1018	2.0556	0.1179	2.4029	3.1883	0.1312	14.5040	2.2077	0.9675	1.7236	inf	52.6455	0.0003	0.1802	0.1693	6.0000	3.5362	4.0006	0.0004	0.0000	0.0004	0.0000	0.0000	0.0000	0.0004	0.0000	0.0004	0.5827	0.0109	0.5718	0.1931	0.0096	0.1835	0.3896	0.0013	0.3883	0.0344	0.0296	0.0048	0.0056	0.0050	0.0006	0.0288	0.0246	0.0042	0.3831	0.1452	0.2380	0.0858	0.0731	0.0126	0.2974	0.0721	0.2253	0.0084	0.0000	0.0382	0.0008	0.0000	0.0012	0.0114	0.0000	0.0591	1.5208	0.0748	2.4029	2.2513	0.1312	14.5040	1.3101	0.0176	1.7236
17	24	0.0568	2	0	1	0	1	0	0	0	0	N	N	N	N	N	N	N	N	N	N	N	N	0.0000	0.0000	0.0000	0.0000	0.0000	0.0000	0.0000	0.0000	0.0000	0.0000	0.0000	0.0000	0.0000	0.0000	0.0000	0.0000	0.0000	0.0000	3.6581	0.0373	14.5411	0.5682	0.0221	3.7254	4.3019	2.2459	15.2950	189.6715	0.0000	0.3062	0.1693	4.0000	3.5362	4.9994	0.0000	0.0000	0.0000	0.0000	0.0000	0.0000	0.0000	0.0000	0.0000	0.9492	0.0050	0.9442	0.0448	0.0015	0.0434	0.9043	0.0035	0.9008	0.0240	0.0206	0.0034	0.0039	0.0035	0.0004	0.0201	0.0171	0.0030	0.3543	0.1335	0.2208	0.0789	0.0673	0.0116	0.2754	0.0662	0.2092	0.0000	0.0000	0.0000	0.0000	0.0000	0.0000	0.0000	0.0000	0.0000	2.6789	0.0373	4.2764	0.5682	0.0221	3.7254	3.2838	0.0527	4.3071	
17	25	0.1038	3	0	1	1	2	0	0	0	0	N	N	N	Y	N	N	N	N	N	N	N	N	0.0022	0.0040	0.0062	0.0057	0.0171	0.0029	0.0016	0.0000	0.0077	0.0003	0.0001	0.0017	0.0009	0.0008	0.0024	0.0003	0.0000	0.0017	0.1584	0.0317	0.2770	0.1521	0.0474	0.8106	0.1618	0.1802	0.2213	2.2090	9.3509	0.0000	0.0053	0.1693	0.8908	3.5362	1.0730	0.0000	0.0000	0.0000	0.0000	0.0000	0.0000	0.0000	0.0000	0.0000	0.0230	0.0022	0.0208	0.0079	0.0021	0.0058	0.0152	0.0001	0.0151	0.0067	0.0058	0.0009	0.0009	0.0009	0.0000	0.0058	0.0049	0.0009	0.1455	0.0703	0.0752	0.0517	0.0446	0.0071	0.0938	0.0257	0.0681	0.0022	0.0040	0.0062	0.0057	0.0171	0.0029	0.0016	0.0000	0.0077	0.1584	0.0317	0.2770	0.1521	0.0474	0.8106	0.1618	0.0043	0.2213
17	26	0.0568	2	0	0	0	2	0	0	0	0	N	N	N	Y	N	N	N	N	N	N	N	N	0.0034	0.0000	0.0027	0.0006	0.0001	0.0012	0.0035	0.0000	0.0046	0.0230	0.0000	0.1580	0.0032	0.0000	0.0292	0.0268	0.0000	0.1761	6.7100	0.8303	58.2570	5.7733	0.2230	23.8737	7.6915	2.9884	38.5745	1560.1999	113.5626	0.0003	0.4930	0.1693	3.1159	3.5362	2.1859	0.0004	0.0000	0.0004	0.0000	0.0000	0.0000	0.0004	0.0000	0.0004	1.5449	0.0135	1.5314	0.1875	0.0096	0.1779	1.3574	0.0039	1.3535	0.0191	0.0164	0.0028	0.0031	0.0028	0.0003	0.0160	0.0136	0.0024	0.2315	0.0855	0.1460	0.0506	0.0432	0.0075	0.1809	0.0423	0.1386	0.0034	0.0001	0.0151	0.0009	0.0001	0.0012	0.0036	0.0002	0.0180	6.6735	0.1578	10.4863	3.7037	0.2230	23.8737	7.5048	0.0913	9.7666
17	27	0.0568	2	0	1	0	1	0	0	0	0	N	N	N	N	N	N	N	N	N	N	N	N	8.7614	3.7405	2242.1044	1.3231	1.2506	0.0000	20582.6609	9.7455	4538.3476	0.0144	0.0164	0.0017	0.0098	0.0108	0.0000	0.0153	0.0175	0.0019	0.0016	0.0044	0.0000	0.0074	0.0087	0.0000	0.0000	0.0018	0.0000	0.0161	0.0003	-0.0002	-0.0004	0.1693	8.0000	3.5362	0.0006	0.0006	0.0006	0.0000	0.0001	0.0001	0.0000	0.0006	0.0005	0.0000	0.0005	0.0005	0.0000	0.0005	0.0005	0.0000	0.0000	0.0000	0.0000	0.0438	0.0379	0.0060	0.0072	0.0065	0.0007	0.0367	0.0314	0.0053	0.3238	0.1213	0.2024	0.0718	0.0612	0.0106	0.2520	0.0602	0.1919	8.7614	3.7405	2242.1044	1.3231	1.2506	0.0000	20582.6609	9889.1654	4538.3476	0.0016	0.0044	0.0000	0.0074	0.0087	0.0000	0.0000	0.0000	0.0000
17	28	0.1324	3	1	1	0	1	0	0	0	0	N	N	N	N	N	N	N	N	N	N	N	N	28.0385	17.4697	0.1543	0.0567	0.0398	0.3772	276.3211	2.1699	0.1162	0.0130	0.0143	0.0000	0.0000	0.0000	0.0000	0.0224	0.0256	0.0000	0.0005	0.0008	0.0001	0.0008	0.0012	0.0000	0.0001	0.0118	0.0001	0.0001	0.0733	-0.0001	-0.0001	0.1693	2.9919	3.5362	1.1331	0.0002	0.0002	0.0000	0.0000	0.0000	0.0000	0.0002	0.0002	0.0000	0.0001	0.0001	0.0000	0.0001	0.0001	0.0000	0.0000	0.0000	0.0000	0.0178	0.0162	0.0016	0.0075	0.0072	0.0003	0.0103	0.0090	0.0013	0.2152	0.1138	0.1014	0.1151	0.0776	0.0375	0.1001	0.0362	0.0639	28.0385	17.4697	0.1543	0.0567	0.0398	0.3772	276.3211	475.2468	0.1162	0.0005	0.0008	0.0001	0.0008	0.0012	0.0000	0.0001	0.0001	0.0001
17	29	0.0568	2	0	0	0	1	0	0	0	0	N	N	N	N	N	N	N	N	N	N	N	N	0.0125	0.0248	0.0002	0.0252	0.2885	0.0000	0.0108	0.0105	0.0003	0.0353	0.0407	0.0024	0.0125	0.0140	0.0000	0.0398	0.0462	0.0027	2.8182	1.6394	9.8172	0.4952	0.0484	3.0776	3.6842	4.3901	10.4285	0.0097	12.5583	-0.0004	0.2306	0.1693	5.0156	3.5362	4.8897	0.0010	0.0010	0.0000	0.0001	0.0001	0.0000	0.0010	0.0010	0.0000	0.9076	0.0669	0.8407	0.0422	0.0035	0.0386	0.8655	0.0634	0.8021	0.0294	0.0253	0.0042	0.0048	0.0043	0.0005	0.0246	0.0210	0.0037	0.3805	0.1441	0.2364	0.0851	0.0726	0.0126	0.2954	0.0715	0.2238	0.0148	0.0877	0.0007	0.0252	0.2885	0.0000	0.0136	0.0521	0.0008	2.3856	0.4646	3.5566	0.4952	0.0484	3.0776	2.9304	0.8868	3.5835
17	30	0.0699	3	0	1	0	2	0	0	0	0	N	N	N	Y	N	N	N	N	N	N	N	N	0.8564	5.8201	2.5801	4.1237	19.0561	14.0931	0.0001	0.0000	0.0008	0.0011	0.0004	0.0059	0.0077	0.0026	0.2034	0.0000	0.0000	0.0000	0.0013	0.0001	0.0023	0.0019	0.0001	0.0144	0.0024	0.0052	0.0016	2.0005	40.7256	0.0000	0.0001	0.1693	3.9676	3.5362	1.0007	0.0000	0.0000	0.0000	0.0000	0.0000	0.0000	0.0000	0.0000	0.0000	0.0003	0.0000	0.0003	0.0001	0.0000	0.0001	0.0002	0.0000	0.0002	0.0253	0.0220	0.0033	0.0038	0.0037	0.0001	0.0216	0.0184	0.0032	0.1928	0.0819	0.1108	0.0462	0.0406	0.0056	0.1466	0.0413	0.1052	0.8564	5.8201	2.5801	4.1237	19.0561	14.0931	0.0002	0.0000	0.0008	0.0013	0.0001	0.0023	0.0019	0.0001	0.0144	0.0012	0.0000	0.0016
17	31	0.0568	2	1	1	0	1	0	0	0	0	N	N	N	N	N	N	N	N	N	N	N	N	2002.3523	874.0103	5429.7564	5171.8968	10.2225	0.0258	0.1237	0.1441	0.0000	0.7567	0.8453	0.0000	0.0004	0.0005	0.0000	0.0001	0.0002	0.0000	0.0001	0.0002	0.0000	0.0000	0.0185	0.0000	0.0000	0.0000	-0.0014	-0.0000	0.1693	5.0000	3.5362	3.0000	0.0036	0.0036	0.0000	0.0036	0.0036	0.0000	0.0000	0.0000	0.0000	0.0000	0.0000	0.0000	0.0000	0.0000	0.0000	0.0000	0.0000	0.0000	0.0293	0.0252	0.0041	0.0048	0.0043	0.0005	0.0246	0.0209	0.0036	0.3238	0.1213	0.2024	0.0718	0.0612	0.0106	0.2520	0.0602	0.1918	2002.3523	874.0103	0.0000	5429.7564	5171.8968	0.0000	10.2225	2.8657	0.0000	0.0001	0.0002	0.0000	0.0001	0.0002	0.0000	0.0000	0.0002	0.0000			
17	32	0.0988	3	0	0	1	1	0	0	0	0	N	N	N	N	N	N	N	N	N	N	N	N	0.3726	2.0976	0.1246	0.5439	2.2859	0.0401	0.0984	0.0000	0.1747	0.0155	0.0182	0.0079	0.0344	0.0344	0.0151	0.0034	0.0000	0.0079	0.0417	0.0087	0.0635	0.0632	0.0150	0.3770	0.0345	0.0531	0.0452	0.1544	11.0373	-0.0000	0.0006	0.1693	0.0319	3.5362	1.0050	0.0000	0.0000	0.0000	0.0000	0.0000	0.0000	0.0000	0.0000	0.0000	0.0023	0.0002	0.0021	0.0009	0.0002	0.0007	0.0014	0.0000	0.0014	0.0008	0.0006	0.0002	0.0003	0.0003	0.0000	0.0005	0.0003	0.0002	0.0549	0.0219	0.0331	0.0137	0.0119	0.0018	0.0412	0.0100	0.0312	0.3726	2.0976	0.1246	0.5439	2.2859	0.0401	0.0984	0.0000	0.1747	0.0417	0.0087	0.0635	0.0632	0.0150	0.3770	0.0345	0.0011	0.0452
17	33	0.0699	4	0	1	0	1	0	0	0	0	N	N	N	N	N	N	N	N	N	N	N	N	0.0080	0.0010	0.1731	0.0347	0.0341	0.0000	0.0023	0.0002	0.2423	0.0015	0.0015	0.0018	0.0025	0.0025	0.0000	0.0009	0.0008	0.0018	0.1905	1.5769	0.0103	0.0730	0.0744	0.0626	0.3928	4.2055	0.0075	0.0664	0.0322	-0.0000	-0.0054	0.1693	0.0023	3.5362	1.0003	0.0000	0.0000	0.0000	0.0000	0.0000	0.0000	0.0000	0.0000	0.0000	0.0084	0.0081	0.0003	0.0008	0.0007	0.0001	0.0076	0.0074	0.0002	0.0000	0.0000	0.0000	0.0000	0.0000	0.0000	0.0000	0.0000	0.0000	0.0440	0.0185	0.0255	0.0106	0.0093	0.0013	0.0334	0.0092	0.0242	0.0080	0.0034	0.1731	0.0347	0.0341	0.0000	0.0040	0.0010	0.2423	0.1905	0.4389	0.0103	0.0730	0.0744	0.0626	0.2277	0.8062	0.0075
17	34	0.0568	2	1	0	1	1	0	0	0	0	N	N	N	N	N	N	N	N	N	N	N	N	0.0000	0.0000	0.0000	0.0000	0.0000	0.0000	0.0000	0.0000	0.0000	0.0000	0.0000	0.0000	0.0000	0.0000	0.0000	0.0000	0.0000	0.0000	0.0023	0.0055	0.0003	0.0092	0.0108	0.0000	0.0003	0.0185	0.0003	0.0897	0.0000	-0.0004	0.1693	3.0000	3.5362	5.0006	0.0000	0.0000	0.0000	0.0000	0.0000	0.0000	0.0000	0.0000	0.0000	0.0007	0.0007	0.0001	0.0007	0.0007	0.0000	0.0001	0.0000	0.0001	0.0185	0.0158	0.0027	0.0030	0.0027	0.0003	0.0155	0.0131	0.0024	0.3238	0.1213	0.2024	0.0718	0.0612	0.0106	0.2520	0.0602	0.1919	0.0000	0.0000	0.0000	0.0000	0.0000	0.0000	0.0000	0.0000	0.0000	0.0023	0.0055	0.0003	0.0092	0.0108	0.0000	0.0003	0.0002	0.0003	
17	35	0.0568	2	0	1	0	2	0	0	0	0	N	N	N	Y	N	N	N	N	N	N	N	N	0.0072	0.0000	0.0130	0.0006	0.0000	0.0010	0.0090	0.0000	0.0258	0.0238	0.0000	0.1637	0.0033	0.0000	0.0302	0.0278	0.0000	0.1825	3.2886	0.6416	12.5549	5.8276	0.2339	31.0126	3.0854	1.4359	7.0616	inf	52.6455	0.0003	0.1802	0.1693	3.0000	3.5362	2.0006	0.0004	0.0000	0.0004	0.0000	0.0000	0.0000	0.0004	0.0000	0.0004	0.5827	0.0109	0.5718	0.1931	0.0096	0.1835	0.3896	0.0013	0.3883	0.0185	0.0158	0.0027	0.0030	0.0027	0.0003	0.0155	0.0131	0.0024	0.2202	0.0812	0.1391	0.0481	0.0410	0.0071	0.1722	0.0402	0.1320	0.0090	0.0000	0.0398	0.0008	0.0000	0.0012	0.0123	0.0000	0.0620	2.6455	0.1338	4.1114	4.0142	0.2339	25.9245	2.2632	0.0315	2.9419
17	36	0.0568	2	1	0	1	1	0	0	0	0	N	N	N	N	N	N	N	N	N	N	N	N	0.2766	0.1176	1.2143	0.0000	0.0000	0.0000	0.3214	0.1279	1.3101	0.0075	0.0019	0.0406	0.0000	0.0000	0.0000	0.0089	0.0023	0.0463	0.0271	0.0165	0.0334	0.0278	0.0326	0.0000	0.0278	0.0183	0.0353	3.5000	3.3478	0.0001	0.0009	0.1693	4.0000	3.5362	5.0006	0.0002	0.0000	0.0001	0.0000	0.0000	0.0000	0.0002	0.0000	0.0001	0.0096	0.0022	0.0074	0.0022	0.0022	0.0000	0.0074	0.0000	0.0074	0.0240	0.0206	0.0034	0.0039	0.0035	0.0004	0.0201	0.0171	0.0030	0.3543	0.1335	0.2208	0.0789	0.0673	0.0116	0.2754	0.0662	0.2092	0.2766	0.1176	1.2143	0.0000	0.0000	0.0000	0.3331	15.3361	1.3101	0.0271	0.0165	0.0334	0.0278	0.0326	0.0000	0.0269	0.0002	0.0353
17	37	0.0568	2	1	0	1	1	0	0	0	0	N	N	N	N	N	N	N	N	N	N	N	N	0.2965	0.1258	1.2891	0.0000	0.0000	0.0000	0.3570	1.4928	1.3939	0.0097	0.0025	0.0521	0.0000	0.0000	0.0000	0.0116	0.0031	0.0594	0.0329	0.0201	0.0404	0.0340	0.0399	0.0000	0.0326	0.0020	0.0426	3.5000	3.3785	0.0001	0.0010	0.1693	3.0000	3.5362	4.0006	0.0002	0.0000	0.0001	0.0000	0.0000	0.0000	0.0002	0.0000	0.0001	0.0096	0.0022	0.0074	0.0022	0.0022	0.0000	0.0074	0.0000	0.0074	0.0185	0.0158	0.0027	0.0030	0.0027	0.0003	0.0155	0.0131	0.0024	0.2913	0.1086	0.1827	0.0642	0.0548	0.0095	0.2271	0.0538	0.1733	0.2965	0.1258	1.2891	0.0000	0.0000	0.0000	0.3579	1542.2677	1.3939	0.0329	0.0201	0.0404	0.0340	0.0399	0.0000	0.0325	0.0000	0.0426
17	38	0.0699	4	0	0	1	1	0	0	0	0	N	N	N	N	N	N	N	N	N	N	N	N	0.0018	0.0335	0.0005	0.0055	0.0755	0.0000	0.0004	0.0004	0.0007	0.0000	0.0000	0.0000	0.0000	0.0000	0.0000	0.0000	0.0000	0.0000	0.0059	0.0003	0.0099	0.0082	0.0006	0.0627	0.0116	0.0123	0.0071	0.0664	40.7256	-0.0000	0.0001	0.1693	1.0023	3.5362	0.0007	0.0000	0.0000	0.0000	0.0000	0.0000	0.0000	0.0000	0.0000	0.0000	0.0003	0.0000	0.0003	0.0001	0.0000	0.0001	0.0002	0.0000	0.0002	0.0069	0.0059	0.0009	0.0010	0.0010	0.0000	0.0059	0.0050	0.0009	0.0440	0.0185	0.0255	0.0106	0.0093	0.0013	0.0334	0.0092	0.0242	0.0018	0.0335	0.0005	0.0055	0.0755	0.0000	0.0009	0.0737	0.0007	0.0059	0.0003	0.0099	0.0082	0.0006	0.0627	0.0051	0.0001	0.0071
17	39	0.0699	3	0	0	0	1	0	0	0	0	N	N	N	N	N	N	N	N	N	N	N	N	0.0066	0.0013	0.0059	0.0063	0.0066	0.0381	0.0064	0.0019	0.0007	0.0016	0.0016	0.0013	0.0029	0.0027	0.0284	0.0008	0.0008	0.0001	0.2361	1.1790	0.2223	0.4630	0.4134	0.7443	0.1213	0.4464	0.1670	0.0474	0.9786	-0.0000	-0.0001	0.1693	0.0347	3.5362	0.0013	0.0000	0.0000	0.0000	0.0000	0.0000	0.0000	0.0000	0.0000	0.0000	0.0005	0.0003	0.0003	0.0003	0.0003	0.0001	0.0002	0.0000	0.0002	0.0007	0.0006	0.0000	0.0002	0.0002	0.0000	0.0004	0.0004	0.0000	0.0022	0.0010	0.0011	0.0007	0.0006	0.0001	0.0015	0.0004	0.0010	0.0066	0.0063	0.0059	0.0063	0.0066	0.0381	0.0064	0.1266	0.0007	0.2361	0.2513	0.2223	0.4630	0.4134	0.7443	0.1213	0.0066	0.1670
17	40	0.0568	2	0	0	0	1	0	0	0	0	N	N	N	N	N	N	N	N	N	N	N	N	0.0056	0.0021	0.0091	0.0013	0.0237	0.0004	0.0068	0.0004	0.0170	0.0197	0.0014	0.1285	0.0075	0.0056	0.0239	0.0220	0.0006	0.1431	3.5220	0.6731	14.1473	5.9537	0.2352	57.7610	3.2532	1.5196	8.4381	15.1578	52.6359	0.0003	0.1801	0.1693	3.9674	3.5362	1.0003	0.0005	0.0000	0.0004	0.0000	0.0000	0.0000	0.0004	0.0000	0.0004	0.5824	0.0109	0.5716	0.1930	0.0096	0.1834	0.3894	0.0013	0.3882	0.0239	0.0204	0.0034	0.0039	0.0035	0.0004	0.0200	0.0170	0.0030	0.2190	0.0807	0.1383	0.0478	0.0408	0.0070	0.1712	0.0399	0.1313	0.0074	0.0106	0.0311	0.0019	0.0237	0.0009	0.0097	0.0180	0.0484	2.6593	0.1346	4.1323	4.0357	0.2352	26.0643	2.2748	0.0318	2.9569
17	41	0.1098	4	0	1	0	1	0	0	0	0	N	N	N	N	N	N	N	N	N	N	N	N	0.8760	0.1175	8.4072	0.1853	0.2129	0.0000	2.2252	0.0035	12.2395	0.0008	0.0002	0.0057	0.0005	0.0005	0.0000	0.0009	0.0001	0.0059	0.0009	0.0013	0.0007	0.0028	0.0025	0.0052	0.0004	0.0163	0.0005	4.8582	0.8299	0.0000	-0.0000	0.1693	1.0144	3.5362	1.0128	0.0000	0.0000	0.0000	0.0000	0.0000	0.0000	0.0000	0.0000	0.0000	0.0001	0.0000	0.0000	0.0001	0.0000	0.0000	0.0000	0.0000	0.0000	0.0073	0.0065	0.0009	0.0014	0.0014	0.0000	0.0060	0.0051	0.0008	0.0955	0.0361	0.0593	0.0207	0.0183	0.0025	0.0747	0.0179	0.0568	0.8760	0.1175	8.4072	0.1853	0.2129	0.0000	2.2252	0.4610	12.2395	0.0009	0.0013	0.0007	0.0028	0.0025	0.0052	0.0004	0.0001	0.0005
17	42	0.0568	2	1	1	1	1	0	0	0	0	N	N	N	N	N	N	N	N	N	N	N	N	0.0000	0.0000	0.0000	0.0000	0.0000	0.0000	0.0000	0.0000	0.0000	0.0000	0.0000	0.0000	0.0000	0.0000	0.0000	0.0000	0.0000	0.0000	4.9053	0.0429	26.4330	0.7797	0.0122	5.2244	5.6987	2.6639	22.5689	231.3980	0.0000	0.3067	0.1693	3.0000	3.5362	2.9994	0.0000	0.0000	0.0000	0.0000	0.0000	0.0000	0.0000	0.0000	0.0000	0.9478	0.0041	0.9437	0.0439	0.0006	0.0434	0.9039	0.0035	0.9004	0.0185	0.0158	0.0027	0.0030	0.0027	0.0003	0.0155	0.0131	0.0024	0.2568	0.0952	0.1616	0.0564	0.0481	0.0083	0.2004	0.0471	0.1533	0.0000	0.0000	0.0000	0.0000	0.0000	0.0000	0.0000	0.0000	0.0000	3.6908	0.0429	5.8389	0.7797	0.0122	5.2244	4.5093	0.0741	5.8721	
17	43	0.0568	2	1	1	1	1	0	0	0	0	N	N	N	N	N	N	N	N	N	N	N	N	0.0020	0.0550	0.0025	0.0000	0.0000	0.0000	0.0020	0.0010	0.0029	0.0075	0.0019	0.0406	0.0000	0.0000	0.0000	0.0089	0.0023	0.0463	3.6616	0.0353	16.1616	0.5648	0.0182	3.7254	4.4782	2.2459	15.7626	3.5000	201.6568	0.0001	0.3085	0.1693	4.0000	3.5362	4.9994	0.0002	0.0000	0.0001	0.0000	0.0000	0.0000	0.0002	0.0000	0.0001	0.9553	0.0047	0.9506	0.0446	0.0012	0.0434	0.9108	0.0035	0.9073	0.0240	0.0206	0.0034	0.0039	0.0035	0.0004	0.0201	0.0171	0.0030	0.3543	0.1335	0.2208	0.0789	0.0673	0.0116	0.2754	0.0662	0.2092	0.0028	0.0550	0.0094	0.0000	0.0000	0.0000	0.0027	0.0444	0.0107	2.6963	0.0353	4.3056	0.5648	0.0182	3.7254	3.3071	0.0527	4.3378
17	44	0.1943	3	1	1	0	1	0	0	0	0	N	N	N	N	N	N	N	N	N	N	N	N	0.0000	0.0000	0.0000	0.0000	0.0000	0.0000	0.0000	0.0000	0.0000	0.0000	0.0000	0.0000	0.0000	0.0000	0.0000	0.0000	0.0000	0.0000	0.0225	0.0151	0.0292	0.0179	0.0228	0.0000	0.0250	0.2676	0.0340	2.1451	0.0000	0.0000	0.1693	2.0000	3.5362	1.0000	0.0000	0.0000	0.0000	0.0000	0.0000	0.0000	0.0000	0.0000	0.0000	0.0026	0.0008	0.0018	0.0007	0.0007	0.0000	0.0019	0.0001	0.0018	0.0116	0.0099	0.0017	0.0012	0.0012	0.0001	0.0104	0.0088	0.0016	0.1170	0.0554	0.0616	0.0401	0.0315	0.0086	0.0768	0.0239	0.0529	0.0000	0.0000	0.0000	0.0000	0.0000	0.0000	0.0000	0.0000	0.0000	0.0225	0.0151	0.0292	0.0179	0.0228	0.0000	0.0250	0.0050	0.0340	
17	45	0.0575	2	0	1	0	2	0	0	0	0	N	N	N	Y	N	N	N	N	N	N	N	N	0.0000	0.0000	0.0000	0.0000	0.0000	0.0000	0.0000	0.0000	0.0000	0.0000	0.0000	0.0000	0.0000	0.0000	0.0000	0.0000	0.0000	0.0000	0.0000	0.0000	0.1693	1.0000	3.5362	0.0000	0.0000	0.0000	0.0000	0.0000	0.0000	0.0000	0.0000	0.0000	0.0000	0.0000	0.0000	0.0000	0.0000	0.0000	0.0000	0.0000	0.0000	0.0000	0.0067	0.0058	0.0010	0.0004	0.0004	0.0000	0.0063	0.0053	0.0010	0.0527	0.0214	0.0313	0.0141	0.0117	0.0024	0.0385	0.0097	0.0289	0.0000	0.0000	0.0000	0.0000	0.0000	0.0000	0.0000	0.0000	0.0000	0.0000	0.0000	0.0000	0.0000	0.0000	0.0000	0.0000	0.0000	0.0000											
17	46	0.0575	2	0	0	0	2	0	0	0	0	N	N	N	Y	N	N	N	N	N	N	N	N	0.0000	0.0000	0.0000	0.0000	0.0000	0.0000	0.0000	0.0000	0.0000	0.0000	0.0000	0.0000	0.0000	0.0000	0.0000	0.0000	0.0000	0.0000	0.0000	0.0000	0.1693	0.0000	3.5362	0.0000	0.0000	0.0000	0.0000	0.0000	0.0000	0.0000	0.0000	0.0000	0.0000	0.0000	0.0000	0.0000	0.0000	0.0000	0.0000	0.0000	0.0000	0.0000	0.0000	0.0000	0.0000	0.0000	0.0000	0.0000	0.0000	0.0000	0.0000	0.0000	0.0000	0.0000	0.0000	0.0000	0.0000	0.0000	0.0000	0.0000	0.0000	0.0000	0.0000	0.0000	0.0000	0.0000	0.0000	0.0000	0.0000	0.0000	0.0000	0.0000	0.0000	0.0000	0.0000	0.0000	0.0000	0.0000											
17	49	0.0568	2	0	1	1	1	0	0	0	0	N	N	N	N	N	N	N	N	N	N	N	N	3.4055	1.9609	0.9729	0.6901	0.6555	0.0000	5.6936	16.6518	1.0467	0.0183	0.0209	0.0021	0.0125	0.0139	0.0000	0.0194	0.0224	0.0024	0.0054	0.0107	0.0021	0.0181	0.0212	0.0000	0.0034	0.0013	0.0023	0.0161	0.3288	-0.0002	-0.0009	0.1693	6.0000	3.5362	4.0006	0.0006	0.0006	0.0000	0.0001	0.0001	0.0000	0.0006	0.0005	0.0000	0.0021	0.0016	0.0005	0.0016	0.0016	0.0000	0.0005	0.0000	0.0005	0.0344	0.0296	0.0048	0.0056	0.0050	0.0006	0.0288	0.0246	0.0042	0.3831	0.1452	0.2380	0.0858	0.0731	0.0126	0.2974	0.0721	0.2253	3.4055	1.9609	0.9729	0.6901	0.6555	0.0000	11.3453	15159.2186	1.0467	0.0054	0.0107	0.0021	0.0181	0.0212	0.0000	0.0017	0.0000	0.0023
17	50	0.0568	2	1	0	1	1	0	0	0	0	N	N	N	N	N	N	N	N	N	N	N	N	2.9995	1.7164	0.9028	0.4536	0.4309	0.0000	4.6286	13.3071	0.9717	0.0174	0.0199	0.0021	0.0089	0.0099	0.0000	0.0191	0.0220	0.0024	0.0058	0.0116	0.0023	0.0196	0.0230	0.0000	0.0041	0.0017	0.0024	0.0170	0.3288	-0.0002	-0.0009	0.1693	6.0000	3.5362	3.0006	0.0006	0.0006	0.0000	0.0000	0.0000	0.0000	0.0005	0.0005	0.0000	0.0021	0.0016	0.0005	0.0016	0.0016	0.0000	0.0005	0.0000	0.0005	0.0344	0.0296	0.0048	0.0056	0.0050	0.0006	0.0288	0.0246	0.0042	0.3543	0.1335	0.2208	0.0789	0.0673	0.0116	0.2754	0.0662	0.2092	2.9995	1.7164	0.9028	0.4536	0.4309	0.0000	10.3195	13680.6084	0.9717	0.0058	0.0116	0.0023	0.0196	0.0230	0.0000	0.0019	0.0000	0.0024
17	51	0.0945	3	1	1	0	1	0	0	0	0	N	N	N	N	N	N	N	N	N	N	N	N	0.0126	0.0050	4.4510	0.0102	0.0096	0.0558	0.0543	0.0000	6.4161	0.0001	0.0001	0.0002	0.0004	0.0005	0.0000	0.0000	0.0000	0.0002	0.0112	0.0270	0.0000	0.0434	0.0507	0.0002	0.0006	0.1025	0.0000	0.2233	0.0021	-0.0000	-0.0013	0.1693	1.0314	3.5362	3.0033	0.0000	0.0000	0.0000	0.0000	0.0000	0.0000	0.0000	0.0000	0.0000	0.0019	0.0019	0.0000	0.0018	0.0018	0.0000	0.0001	0.0001	0.0000	0.0070	0.0060	0.0010	0.0018	0.0017	0.0002	0.0052	0.0044	0.0008	0.1670	0.0693	0.0976	0.0414	0.0354	0.0059	0.1256	0.0339	0.0917	0.0126	0.0050	4.4510	0.0102	0.0096	0.0558	0.0543	0.0000	6.4161	0.0112	0.0270	0.0000	0.0434	0.0507	0.0002	0.0006	0.0023	0.0000
17	52	0.0568	2	1	1	0	1	0	0	0	0	N	N	N	N	N	N	N	N	N	N	N	N	0.0948	0.0280	3.9765	0.3158	0.3089	0.0000	0.0252	0.0000	5.3063	0.0010	0.0008	0.0024	0.0041	0.0046	0.0000	0.0004	0.0000	0.0028	0.0108	0.0282	0.0006	0.0131	0.0149	0.0023	0.0167	1.7784	0.0005	0.5073	0.0372	-0.0000	-0.0015	0.1693	4.9791	3.5362	0.0710	0.0000	0.0000	0.0000	0.0000	0.0000	0.0000	0.0000	0.0000	0.0000	0.0024	0.0023	0.0001	0.0006	0.0006	0.0000	0.0018	0.0017	0.0001	0.0292	0.0251	0.0041	0.0048	0.0043	0.0005	0.0245	0.0208	0.0036	0.2221	0.0819	0.1402	0.0485	0.0414	0.0071	0.1736	0.0405	0.1331	0.0948	0.0280	3.9765	0.3158	0.3089	0.0000	0.0413	0.0002	5.3063	0.0108	0.0282	0.0006	0.0131	0.0149	0.0023	0.0102	0.0418	0.0005
17	53	0.0568	2	0	1	0	1	0	0	0	0	N	N	N	N	N	N	N	N	N	N	N	N	3.4055	1.9609	0.9729	0.6901	0.6555	0.0000	5.6936	16.6518	1.0467	0.0183	0.0209	0.0021	0.0125	0.0139	0.0000	0.0194	0.0224	0.0024	0.0054	0.0107	0.0021	0.0181	0.0212	0.0000	0.0034	0.0013	0.0023	0.0161	0.3288	-0.0002	-0.0009	0.1693	6.0000	3.5362	4.0006	0.0006	0.0006	0.0000	0.0001	0.0001	0.0000	0.0006	0.0005	0.0000	0.0021	0.0016	0.0005	0.0016	0.0016	0.0000	0.0005	0.0000	0.0005	0.0344	0.0296	0.0048	0.0056	0.0050	0.0006	0.0288	0.0246	0.0042	0.3831	0.1452	0.2380	0.0858	0.0731	0.0126	0.2974	0.0721	0.2253	3.4055	1.9609	0.9729	0.6901	0.6555	0.0000	11.3453	15159.2186	1.0467	0.0054	0.0107	0.0021	0.0181	0.0212	0.0000	0.0017	0.0000	0.0023
17	54	0.1098	4	0	0	1	1	0	0	0	0	N	N	N	N	N	N	N	N	N	N	N	N	8.5272	1.3541	37.6870	0.8237	0.9313	0.0000	26.3026	0.1028	53.3826	0.0154	0.0035	0.0494	0.0045	0.0045	0.0000	0.0230	0.0023	0.0496	0.0018	0.0026	0.0013	0.0055	0.0049	0.0102	0.0009	0.0220	0.0009	4.8582	0.8299	0.0000	-0.0000	0.1693	0.0147	3.5362	0.9910	0.0000	0.0000	0.0000	0.0000	0.0000	0.0000	0.0000	0.0000	0.0000	0.0001	0.0000	0.0000	0.0001	0.0000	0.0000	0.0000	0.0000	0.0000	0.0004	0.0003	0.0001	0.0002	0.0002	0.0000	0.0002	0.0001	0.0001	0.0491	0.0185	0.0306	0.0107	0.0094	0.0013	0.0384	0.0091	0.0293	8.5272	1.3541	37.6870	0.8237	0.9313	0.0000	29.9212	9.3522	53.3826	0.0018	0.0026	0.0013	0.0055	0.0049	0.0102	0.0008	0.0002	0.0009
17	55	0.0988	3	0	0	0	1	0	0	0	0	N	N	N	N	N	N	N	N	N	N	N	N	2.2079	1.4864	8.2967	1.2325	4.4855	0.0023	2.3780	0.0264	11.8890	0.0539	0.0109	0.2931	0.0490	0.0498	0.0005	0.0547	0.0037	0.2972	0.0244	0.0073	0.0353	0.0398	0.0111	0.2353	0.0230	0.1392	0.0250	4.8492	7.5633	0.0002	0.0005	0.1693	0.9556	3.5362	1.0192	0.0004	0.0001	0.0003	0.0000	0.0000	0.0000	0.0003	0.0000	0.0003	0.0024	0.0003	0.0021	0.0009	0.0002	0.0007	0.0015	0.0001	0.0014	0.0073	0.0062	0.0011	0.0010	0.0010	0.0000	0.0063	0.0052	0.0011	0.0974	0.0379	0.0594	0.0228	0.0199	0.0029	0.0745	0.0180	0.0565	2.2079	1.4864	8.2967	1.2325	4.4855	0.0023	2.7734	1.1707	11.8890	0.0244	0.0073	0.0353	0.0398	0.0111	0.2353	0.0197	0.0031	0.0250
17	56	0.0568	2	0	0	0	1	0	0	0	0	N	N	N	N	N	N	N	N	N	N	N	N	0.0089	0.0002	0.0172	0.0007	0.0029	0.0014	0.0102	0.0000	0.0738	0.0243	0.0001	0.1661	0.0038	0.0006	0.0300	0.0283	0.0000	0.1852	2.7299	0.5528	9.6845	5.3618	0.1983	21.8993	2.7691	1.2929	2.5095	204.6033	51.7531	0.0003	0.1794	0.1693	3.0309	3.5362	3.0097	0.0005	0.0000	0.0005	0.0000	0.0000	0.0000	0.0004	0.0000	0.0004	0.5807	0.0110	0.5697	0.1924	0.0096	0.1828	0.3883	0.0014	0.3869	0.0187	0.0159	0.0027	0.0030	0.0027	0.0003	0.0156	0.0132	0.0024	0.2583	0.0957	0.1625	0.0567	0.0483	0.0083	0.2016	0.0474	0.1542	0.0108	0.0012	0.0474	0.0011	0.0029	0.0014	0.0147	0.0016	0.0738	2.2485	0.1150	3.5053	3.3936	0.1983	21.8993	1.9265	0.0300	2.5095
17	57	0.0568	2	0	0	0	1	0	0	0	0	N	N	N	N	N	N	N	N	N	N	N	N	0.6609	0.3010	0.0000	0.9344	0.8952	0.0000	0.0000	0.0000	0.0000	0.0016	0.0019	0.0000	0.0100	0.0112	0.0000	0.0000	0.0000	0.0000	0.0025	0.0063	0.0002	0.0107	0.0125	0.0000	0.0002	0.0023	0.0002	0.0000	0.0502	-0.0000	-0.0004	0.1693	3.0000	3.5362	3.0006	0.0000	0.0000	0.0000	0.0000	0.0000	0.0000	0.0000	0.0000	0.0000	0.0006	0.0006	0.0000	0.0006	0.0006	0.0000	0.0000	0.0000	0.0000	0.0185	0.0158	0.0027	0.0030	0.0027	0.0003	0.0155	0.0131	0.0024	0.2568	0.0952	0.1617	0.0564	0.0481	0.0083	0.2005	0.0471	0.1534	0.6609	0.3010	0.0000	0.9344	0.8952	0.0000	0.0000	0.0000	0.0000	0.0025	0.0063	0.0002	0.0107	0.0125	0.0000	0.0002	0.0000	0.0002
17	58	0.2023	4	0	0	0	1	0	0	0	0	N	N	N	N	N	N	N	N	N	N	N	N	0.0050	0.0028	0.1905	0.0598	0.0560	0.0990	0.0001	0.0000	0.2031	0.0123	0.0140	0.0003	0.0459	0.0494	0.0005	0.0002	0.0002	0.0002	2.4692	5.0690	0.0013	0.7679	0.8834	0.0047	3.3062	9.8460	0.0010	0.0026	0.0004	-0.0003	-0.7235	0.1693	10.2575	3.5362	3.8960	0.0008	0.0008	0.0000	0.0007	0.0007	0.0000	0.0000	0.0000	0.0000	1.0769	1.0765	0.0004	0.1326	0.1325	0.0001	0.9443	0.9440	0.0003	0.0618	0.0540	0.0078	0.0163	0.0151	0.0012	0.0455	0.0389	0.0066	0.5546	0.2459	0.3087	0.1727	0.1500	0.0227	0.3819	0.0959	0.2860	0.0063	0.0032	0.1905	0.0598	0.0560	0.0990	0.0001	0.0000	0.2031	1.9419	4.3783	0.0013	0.7679	0.8834	0.0047	2.4729	9.8460	0.0010
17	59	0.1763	3	1	1	1	1	0	0	0	0	N	N	N	N	N	N	N	N	N	N	N	N	0.0000	0.0000	0.0000	0.0000	0.0000	0.0000	0.0000	0.0000	0.0000	0.0000	0.0000	0.0000	0.0000	0.0000	0.0000	0.0000	0.0000	0.0000	0.0000	0.0000	0.1693	0.0000	3.5362	0.0000	0.0000	0.0000	0.0000	0.0000	0.0000	0.0000	0.0000	0.0000	0.0000	0.0000	0.0000	0.0000	0.0000	0.0000	0.0000	0.0000	0.0000	0.0000	0.0000	0.0000	0.0000	0.0000	0.0000	0.0000	0.0000	0.0000	0.0000	0.0000	0.0000	0.0000	0.0000	0.0000	0.0000	0.0000	0.0000	0.0000	0.0000	0.0000	0.0000	0.0000	0.0000	0.0000	0.0000	0.0000	0.0000	0.0000	0.0000	0.0000	0.0000	0.0000	0.0000	0.0000	0.0000	0.0000											
17	60	0.0568	2	1	0	1	1	0	0	0	0	N	N	N	N	N	N	N	N	N	N	N	N	0.0059	0.5753	0.0002	0.0225	0.6425	0.0000	0.0049	0.0108	0.0002	0.0161	0.0183	0.0019	0.0109	0.0122	0.0000	0.0171	0.0196	0.0021	2.7332	0.0319	11.1207	0.4860	0.0189	3.1845	3.4502	1.8196	11.5481	0.0161	189.6715	-0.0002	0.3062	0.1693	7.0000	3.5362	3.9994	0.0006	0.0006	0.0000	0.0001	0.0001	0.0000	0.0006	0.0005	0.0000	0.9492	0.0050	0.9442	0.0448	0.0015	0.0434	0.9043	0.0035	0.9008	0.0392	0.0338	0.0054	0.0064	0.0058	0.0006	0.0328	0.0281	0.0048	0.4102	0.1563	0.2540	0.0923	0.0786	0.0136	0.3180	0.0776	0.2403	0.0069	0.5753	0.0005	0.0225	0.6425	0.0000	0.0060	0.4358	0.0006	2.3137	0.0319	3.7180	0.4860	0.0189	3.1845	2.8440	0.0450	3.7482
17	61	0.1392	3	1	0	1	1	0	0	0	0	N	N	N	N	N	N	N	N	N	N	N	N	0.0000	0.0000	0.0000	0.0000	0.0000	0.0000	0.0000	0.0000	0.0000	0.0000	0.0000	0.0000	0.0000	0.0000	0.0000	0.0000	0.0000	0.0000	0.0000	0.0000	0.1693	2.0000	3.5362	0.0000	0.0000	0.0000	0.0000	0.0000	0.0000	0.0000	0.0000	0.0000	0.0000	0.0000	0.0000	0.0000	0.0000	0.0000	0.0000	0.0000	0.0000	0.0000	0.0113	0.0096	0.0017	0.0028	0.0025	0.0003	0.0085	0.0071	0.0014	0.0811	0.0442	0.0368	0.0490	0.0316	0.0174	0.0321	0.0126	0.0195	0.0000	0.0000	0.0000	0.0000	0.0000	0.0000	0.0000	0.0000	0.0000	0.0000	0.0000	0.0000	0.0000	0.0000	0.0000	0.0000	0.0000	0.0000											
17	62	0.0568	2	1	0	1	1	0	0	0	0	N	N	N	N	N	N	N	N	N	N	N	N	0.0003	0.0355	0.0000	0.0082	0.2350	0.0000	0.0001	0.0002	0.0000	0.0012	0.0015	0.0000	0.0051	0.0057	0.0000	0.0005	0.0006	0.0000	3.9075	0.0410	17.0127	0.6249	0.0243	4.0990	4.7887	2.5265	16.0851	0.0000	189.6715	-0.0000	0.3062	0.1693	4.0000	3.5362	3.9994	0.0000	0.0000	0.0000	0.0000	0.0000	0.0000	0.0000	0.0000	0.0000	0.9492	0.0050	0.9442	0.0448	0.0015	0.0434	0.9043	0.0035	0.9008	0.0240	0.0206	0.0034	0.0039	0.0035	0.0004	0.0201	0.0171	0.0030	0.3237	0.1213	0.2024	0.0718	0.0612	0.0106	0.2520	0.0601	0.1918	0.0004	0.0355	0.0000	0.0082	0.2350	0.0000	0.0001	0.0101	0.0000	2.9319	0.0410	4.6648	0.6249	0.0243	4.0990	3.5889	0.0580	4.6960
17	63	0.0568	2	0	1	0	1	0	0	0	0	N	N	N	N	N	N	N	N	N	N	N	N	0.0324	0.0171	46.8697	451.7052	428.5315	0.0000	0.0001	0.0000	51.1803	0.0925	0.1070	0.0018	0.5659	0.6288	0.0000	0.0003	0.0000	0.0021	2.8534	6.2717	0.0000	0.0013	0.0015	0.0000	3.9178	12.6233	0.0000	0.0028	0.0000	-0.0014	-0.6588	0.1693	7.0000	3.5362	4.0000	0.0036	0.0036	0.0000	0.0036	0.0036	0.0000	0.0000	0.0000	0.0000	0.9802	0.9802	0.0000	0.0001	0.0001	0.0000	0.9801	0.9801	0.0000	0.0392	0.0338	0.0054	0.0064	0.0058	0.0006	0.0328	0.0281	0.0048	0.4102	0.1563	0.2540	0.0923	0.0786	0.0136	0.3180	0.0776	0.2403	0.0387	0.0171	46.8697	451.7052	428.5315	0.0000	0.0001	0.0000	51.1803	2.3893	6.2717	0.0000	0.0013	0.0015	0.0000	3.0822	12.6233	0.0000
17	64	0.1634	5	0	0	1	1	0	0	0	0	N	N	N	N	N	N	N	N	N	N	N	N	0.0000	0.0000	0.0000	0.0000	0.0000	0.0000	0.0000	0.0000	0.0000	0.0000	0.0000	0.0000	0.0000	0.0000	0.0000	0.0000	0.0000	0.0000	0.0000	0.0000	0.1693	0.0000	3.5362	0.0000	0.0000	0.0000	0.0000	0.0000	0.0000	0.0000	0.0000	0.0000	0.0000	0.0000	0.0000	0.0000	0.0000	0.0000	0.0000	0.0000	0.0000	0.0000	0.0000	0.0000	0.0000	0.0000	0.0000	0.0000	0.0000	0.0000	0.0000	0.0000	0.0000	0.0000	0.0000	0.0000	0.0000	0.0000	0.0000	0.0000	0.0000	0.0000	0.0000	0.0000	0.0000	0.0000	0.0000	0.0000	0.0000	0.0000	0.0000	0.0000	0.0000	0.0000	0.0000	0.0000	0.0000	0.0000											
17	65	0.1391	4	0	0	1	1	0	0	0	0	N	N	N	N	N	N	N	N	N	N	N	N	0.0000	0.0000	0.0000	0.0000	0.0000	0.0000	0.0000	0.0000	0.0000	0.0000	0.0000	0.0000	0.0000	0.0000	0.0000	0.0000	0.0000	0.0000	0.0844	0.9636	0.0091	0.0178	0.0309	0.0000	0.1289	3.9420	0.0126	0.0726	0.0000	-0.0049	0.1693	0.8734	3.5362	1.0002	0.0000	0.0000	0.0000	0.0000	0.0000	0.0000	0.0000	0.0000	0.0000	0.0081	0.0076	0.0005	0.0007	0.0007	0.0000	0.0074	0.0069	0.0005	0.0054	0.0046	0.0008	0.0011	0.0010	0.0001	0.0043	0.0036	0.0007	0.0963	0.0361	0.0601	0.0386	0.0222	0.0164	0.0577	0.0139	0.0438	0.0000	0.0000	0.0000	0.0000	0.0000	0.0000	0.0000	0.0000	0.0000	0.0844	0.2097	0.0091	0.0178	0.0309	0.0000	0.1289	0.4949	0.0126	
17	66	0.1246	3	0	0	0	1	0	0	0	0	N	N	N	N	N	N	N	N	N	N	N	N	0.0167	0.2024	0.0006	0.0460	0.6137	0.0001	0.0004	0.0000	0.0016	0.0020	0.0023	0.0001	0.0093	0.0103	0.0001	0.0000	0.0000	0.0001	0.1199	0.0116	0.1960	0.2024	0.0168	0.5253	0.0567	0.0476	0.0744	0.0085	24.1039	-0.0000	0.0024	0.1693	1.0063	3.5362	0.0727	0.0000	0.0000	0.0000	0.0000	0.0000	0.0000	0.0000	0.0000	0.0000	0.0082	0.0003	0.0078	0.0060	0.0003	0.0057	0.0022	0.0000	0.0022	0.0063	0.0054	0.0010	0.0014	0.0012	0.0001	0.0050	0.0041	0.0008	0.0680	0.0281	0.0400	0.0295	0.0188	0.0108	0.0385	0.0093	0.0292	0.0167	0.2024	0.0006	0.0460	0.6137	0.0001	0.0004	0.0000	0.0016	0.1199	0.0116	0.1960	0.2024	0.0168	0.5253	0.0567	0.0011	0.0744
17	67	0.0568	2	0	0	0	1	0	0	0	0	N	N	N	N	N	N	N	N	N	N	N	N	0.0305	0.3038	0.0001	1.0251	55.8309	0.0000	0.0001	0.0000	0.0001	0.1505	0.1752	0.0030	0.9204	1.0310	0.0000	0.0005	0.0000	0.0035	4.9399	0.5767	27.2715	0.8978	0.0185	5.9944	6.1735	3.5375	31.7684	0.0029	95.5934	-0.0014	0.3003	0.1693	4.0009	3.5362	1.0789	0.0036	0.0036	0.0000	0.0036	0.0036	0.0000	0.0000	0.0000	0.0000	0.9460	0.0098	0.9362	0.0438	0.0008	0.0430	0.9022	0.0090	0.8932	0.0240	0.0206	0.0034	0.0039	0.0035	0.0004	0.0201	0.0171	0.0030	0.2232	0.0823	0.1409	0.0488	0.0416	0.0072	0.1745	0.0407	0.1337	0.0355	1.4721	0.0005	1.0251	55.8309	0.0000	0.0001	0.0001	0.0005	4.2377	0.1190	6.6431	0.8978	0.0185	5.9944	5.1712	0.2217	6.6779
17	68	0.0568	2	0	1	0	1	0	0	0	0	N	N	N	N	N	N	N	N	N	N	N	N	0.0026	0.0000	0.0036	0.0004	0.0000	0.0010	0.0029	0.0000	0.0044	0.0150	0.0000	0.1060	0.0021	0.0000	0.0199	0.0175	0.0000	0.1179	5.8356	0.5242	29.7988	4.7204	0.1551	19.4917	6.1302	2.6569	26.7937	inf	99.8070	0.0003	0.4868	0.1693	5.0000	3.5362	3.9994	0.0004	0.0000	0.0004	0.0000	0.0000	0.0000	0.0004	0.0000	0.0004	1.5311	0.0152	1.5159	0.2372	0.0104	0.2268	1.2939	0.0048	1.2891	0.0293	0.0252	0.0041	0.0048	0.0043	0.0005	0.0246	0.0209	0.0036	0.3543	0.1335	0.2208	0.0789	0.0673	0.0116	0.2754	0.0662	0.2092	0.0035	0.0000	0.0154	0.0007	0.0000	0.0010	0.0037	0.0000	0.0191	4.3214	0.1138	6.8660	3.0062	0.1551	19.4917	4.6983	0.0718	6.1636
17	69	0.0568	2	1	0	1	1	0	0	0	0	N	N	N	N	N	N	N	N	N	N	N	N	0.0050	0.6207	0.0002	0.0152	1.0785	0.0000	0.0043	0.0094	0.0002	0.0153	0.0174	0.0019	0.0078	0.0087	0.0000	0.0168	0.0192	0.0021	3.0819	0.0281	12.0150	0.5124	0.0081	3.4274	3.8556	2.0366	13.0036	0.0170	231.3980	-0.0002	0.3067	0.1693	7.0000	3.5362	2.9994	0.0006	0.0006	0.0000	0.0000	0.0000	0.0000	0.0005	0.0005	0.0000	0.9478	0.0041	0.9437	0.0439	0.0006	0.0434	0.9039	0.0035	0.9004	0.0392	0.0338	0.0054	0.0064	0.0058	0.0006	0.0328	0.0281	0.0048	0.3831	0.1452	0.2379	0.0857	0.0731	0.0126	0.2974	0.0721	0.2253	0.0062	0.6207	0.0005	0.0152	1.0785	0.0000	0.0055	0.3972	0.0005	2.4740	0.0281	3.9662	0.5124	0.0081	3.4274	3.0397	0.0484	3.9965
17	70	0.0568	2	0	1	0	2	0	0	0	0	N	N	N	Y	N	N	N	N	N	N	N	N	10.4429	0.0000	934.8042	0.3408	0.0000	3888.1192	194.9701	0.0000	988.0043	0.0183	0.0000	0.1276	0.0026	0.0000	0.0238	0.0214	0.0000	0.1421	0.0018	0.0044	0.0001	0.0075	0.0088	0.0000	0.0001	0.0014	0.0001	inf	0.0510	0.0003	-0.0004	0.1693	4.0000	3.5362	5.0006	0.0004	0.0000	0.0004	0.0000	0.0000	0.0000	0.0004	0.0000	0.0004	0.0006	0.0006	0.0000	0.0006	0.0006	0.0000	0.0000	0.0000	0.0000	0.0240	0.0206	0.0034	0.0039	0.0035	0.0004	0.0201	0.0171	0.0030	0.3543	0.1335	0.2208	0.0789	0.0673	0.0116	0.2754	0.0662	0.2092	10.4429	0.0000	934.8042	0.3408	0.0000	3888.1192	194.9701	0.0000	988.0043	0.0018	0.0044	0.0001	0.0075	0.0088	0.0000	0.0001	0.0000	0.0001
17	71	0.0568	2	0	1	0	1	0	0	0	0	N	N	N	N	N	N	N	N	N	N	N	N	0.0055	0.1248	0.0032	0.0257	0.8022	0.0010	0.0028	0.0001	0.0048	0.0250	0.0160	0.0815	0.0844	0.0921	0.0156	0.0134	0.0004	0.0904	4.5474	0.1279	25.3293	3.2874	0.1148	15.6071	4.8632	2.5244	18.8957	0.8148	105.2517	0.0001	0.4872	0.1693	7.0000	3.5362	4.9994	0.0010	0.0005	0.0004	0.0005	0.0005	0.0000	0.0004	0.0000	0.0004	1.5299	0.0144	1.5155	0.2364	0.0096	0.2268	1.2935	0.0048	1.2887	0.0392	0.0338	0.0054	0.0064	0.0058	0.0006	0.0328	0.0281	0.0048	0.4358	0.1669	0.2689	0.0985	0.0839	0.0145	0.3373	0.0830	0.2543	0.0071	0.1850	0.0145	0.0352	0.8022	0.0010	0.0035	0.0062	0.0178	3.5108	0.0863	5.6364	2.4013	0.1148	15.6071	3.8346	0.0574	5.0667
17	72	0.1133	3	0	1	0	1	0	0	0	0	N	N	N	N	N	N	N	N	N	N	N	N	6.0709	3.7594	5.3473	7.5122	7.9697	0.0655	5.9917	0.0601	7.2470	0.1047	0.1219	0.0022	0.2890	0.3359	0.0000	0.0183	0.0209	0.0031	0.0172	0.0324	0.0004	0.0385	0.0421	0.0001	0.0031	0.3480	0.0004	0.0030	0.0113	-0.0013	-0.0027	0.1693	4.7764	3.5362	1.3205	0.0033	0.0033	0.0000	0.0029	0.0029	0.0000	0.0004	0.0004	0.0000	0.0041	0.0041	0.0000	0.0039	0.0039	0.0000	0.0002	0.0002	0.0000	0.0318	0.0272	0.0046	0.0102	0.0087	0.0014	0.0217	0.0185	0.0032	0.2395	0.1260	0.1136	0.1018	0.0929	0.0089	0.1378	0.0331	0.1047	6.0709	3.7594	5.3473	7.5122	7.9697	0.0655	11.6486	4.0389	7.2470	0.0172	0.0324	0.0004	0.0385	0.0421	0.0001	0.0016	0.0052	0.0004
17	73	0.0568	2	0	1	0	1	0	0	0	0	N	N	N	N	N	N	N	N	N	N	N	N	3.6030	1.4887	0.0100	16.7544	20.0404	0.0000	0.0168	0.0002	0.0140	0.1050	0.1227	0.0001	0.6415	0.7200	0.0000	0.0005	0.0005	0.0001	0.0291	0.0824	0.0116	0.0383	0.0359	0.0520	0.0278	2.7656	0.0094	0.0002	0.3336	-0.0008	-0.0032	0.1693	3.3049	3.5362	2.7470	0.0021	0.0021	0.0000	0.0021	0.0021	0.0000	0.0000	0.0000	0.0000	0.0075	0.0057	0.0019	0.0022	0.0017	0.0004	0.0054	0.0039	0.0015	0.0202	0.0173	0.0029	0.0033	0.0029	0.0004	0.0169	0.0143	0.0026	0.2587	0.0959	0.1628	0.0568	0.0484	0.0084	0.2019	0.0475	0.1544	3.6030	2.0825	0.0100	16.7544	20.0404	0.0000	0.0176	0.0064	0.0140	0.0291	0.0589	0.0116	0.0383	0.0359	0.0520	0.0266	0.0824	0.0094
17	74	0.1155	3	0	1	0	1	0	0	0	0	N	N	N	N	N	N	N	N	N	N	N	N	0.0000	0.0000	0.0000	0.0000	0.0000	0.0000	0.0000	0.0000	0.0000	0.0000	0.0000	0.0000	0.0000	0.0000	0.0000	0.0000	0.0000	0.0000	0.0000	0.0000	0.1693	0.0000	3.5362	0.0000	0.0000	0.0000	0.0000	0.0000	0.0000	0.0000	0.0000	0.0000	0.0000	0.0000	0.0000	0.0000	0.0000	0.0000	0.0000	0.0000	0.0000	0.0000	0.0000	0.0000	0.0000	0.0000	0.0000	0.0000	0.0000	0.0000	0.0000	0.0000	0.0000	0.0000	0.0000	0.0000	0.0000	0.0000	0.0000	0.0000	0.0000	0.0000	0.0000	0.0000	0.0000	0.0000	0.0000	0.0000	0.0000	0.0000	0.0000	0.0000	0.0000	0.0000	0.0000	0.0000	0.0000	0.0000											
17	75	0.0568	2	0	1	0	1	0	0	0	0	N	N	N	N	N	N	N	N	N	N	N	N	0.0421	0.0173	0.1145	0.1718	5.2364	0.0011	0.0188	0.0000	0.3894	0.2534	0.1635	0.7937	0.8600	0.9598	0.0222	0.1353	0.0005	0.9006	6.0216	9.4437	6.9303	5.0055	0.1833	20.0511	7.2074	18.8798	2.3126	0.8077	0.5769	0.0004	-0.4787	0.1693	4.3567	3.5362	2.3689	0.0066	0.0036	0.0029	0.0036	0.0036	0.0000	0.0029	0.0000	0.0029	1.5630	0.9911	0.5718	0.1932	0.0097	0.1835	1.3698	0.9814	0.3884	0.0260	0.0223	0.0037	0.0042	0.0038	0.0005	0.0217	0.0185	0.0033	0.2820	0.1050	0.1771	0.0621	0.0530	0.0091	0.2199	0.0520	0.1679	0.0457	0.0173	0.2458	0.2765	5.2364	0.0011	0.0217	0.0000	0.3894	5.5417	9.4437	3.2291	3.1097	0.1833	20.0511	6.2286	18.8798	2.3126
17	76	0.1242	5	1	1	0	2	0	0	0	0	N	N	N	Y	N	N	N	N	N	N	N	N	0.0000	0.0000	0.0000	0.0000	0.0000	0.0000	0.0000	0.0000	0.0000	0.0000	0.0000	0.0000	0.0000	0.0000	0.0000	0.0000	0.0000	0.0000	0.0000	0.0000	0.1693	0.0000	3.5362	0.0000	0.0000	0.0000	0.0000	0.0000	0.0000	0.0000	0.0000	0.0000	0.0000	0.0000	0.0000	0.0000	0.0000	0.0000	0.0000	0.0000	0.0000	0.0000	0.0000	0.0000	0.0000	0.0000	0.0000	0.0000	0.0000	0.0000	0.0000	0.0000	0.0000	0.0000	0.0000	0.0000	0.0000	0.0000	0.0000	0.0000	0.0000	0.0000	0.0000	0.0000	0.0000	0.0000	0.0000	0.0000	0.0000	0.0000	0.0000	0.0000	0.0000	0.0000	0.0000	0.0000	0.0000	0.0000											
17	77	0.1158	4	1	1	0	2	0	0	0	0	N	N	N	Y	N	N	N	N	N	N	N	N	0.0000	0.0000	0.0000	0.0000	0.0000	0.0000	0.0000	0.0000	0.0000	0.0000	0.0000	0.0000	0.0000	0.0000	0.0000	0.0000	0.0000	0.0000	0.0000	0.0000	0.0000	0.0000	0.0000	0.0000	0.0000	0.0000	0.3871	0.0000	-0.0000	0.1693	1.0073	3.5362	0.3366	0.0000	0.0000	0.0000	0.0000	0.0000	0.0000	0.0000	0.0000	0.0000	0.0000	0.0000	0.0000	0.0000	0.0000	0.0000	0.0000	0.0000	0.0000	0.0060	0.0051	0.0009	0.0008	0.0008	0.0000	0.0052	0.0044	0.0008	0.0431	0.0208	0.0223	0.0135	0.0117	0.0018	0.0296	0.0091	0.0205	0.0000	0.0000	0.0000	0.0000	0.0000	0.0000	0.0000	0.0000	0.0000	0.0000	0.0000	0.0000	0.0000	0.0000	0.0000	0.0000	0.0000	0.0000		
17	78	0.1416	4	0	1	0	2	0	0	0	0	N	N	N	Y	N	N	N	N	N	N	N	N	0.0000	0.0000	0.0000	0.0000	0.0000	0.0000	0.0000	0.0000	0.0000	0.0000	0.0000	0.0000	0.0000	0.0000	0.0000	0.0000	0.0000	0.0000	0.0000	0.0000	0.1693	0.0000	3.5362	0.0000	0.0000	0.0000	0.0000	0.0000	0.0000	0.0000	0.0000	0.0000	0.0000	0.0000	0.0000	0.0000	0.0000	0.0000	0.0000	0.0000	0.0000	0.0000	0.0000	0.0000	0.0000	0.0000	0.0000	0.0000	0.0000	0.0000	0.0000	0.0000	0.0000	0.0000	0.0000	0.0000	0.0000	0.0000	0.0000	0.0000	0.0000	0.0000	0.0000	0.0000	0.0000	0.0000	0.0000	0.0000	0.0000	0.0000	0.0000	0.0000	0.0000	0.0000	0.0000	0.0000	0.0000	0.0000											
17	79	0.1334	3	0	1	0	2	0	0	0	0	N	N	N	Y	N	N	N	N	N	N	N	N	0.0000	0.0000	0.0000	0.0000	0.0000	0.0000	0.0000	0.0000	0.0000	0.0000	0.0000	0.0000	0.0000	0.0000	0.0000	0.0000	0.0000	0.0000	0.0000	0.0000	0.1693	0.0000	3.5362	1.0000	0.0000	0.0000	0.0000	0.0000	0.0000	0.0000	0.0000	0.0000	0.0000	0.0000	0.0000	0.0000	0.0000	0.0000	0.0000	0.0000	0.0000	0.0000	0.0000	0.0000	0.0000	0.0000	0.0000	0.0000	0.0000	0.0000	0.0000	0.0475	0.0228	0.0246	0.0231	0.0139	0.0092	0.0244	0.0090	0.0154	0.0000	0.0000	0.0000	0.0000	0.0000	0.0000	0.0000	0.0000	0.0000	0.0000	0.0000	0.0000	0.0000	0.0000	0.0000	0.0000	0.0000	0.0000											
17	80	0.1158	4	0	1	0	1	0	0	0	0	N	N	N	N	N	N	N	N	N	N	N	N	0.0000	0.0000	0.0000	0.0000	0.0000	0.0000	0.0000	0.0000	0.0000	0.0000	0.0000	0.0000	0.0000	0.0000	0.0000	0.0000	0.0000	0.0000	0.0000	0.0000	0.0000	0.0000	0.0000	0.0000	0.0000	0.0000	0.3873	0.0000	-0.0000	0.1693	3.9927	3.5362	1.0002	0.0000	0.0000	0.0000	0.0000	0.0000	0.0000	0.0000	0.0000	0.0000	0.0000	0.0000	0.0000	0.0000	0.0000	0.0000	0.0000	0.0000	0.0000	0.0222	0.0191	0.0031	0.0031	0.0030	0.0002	0.0191	0.0161	0.0029	0.1416	0.0688	0.0727	0.0436	0.0374	0.0062	0.0980	0.0315	0.0665	0.0000	0.0000	0.0000	0.0000	0.0000	0.0000	0.0000	0.0000	0.0000	0.0000	0.0000	0.0000	0.0000	0.0000	0.0000	0.0000	0.0000	0.0000		
17	81	0.1112	3	0	1	0	1	0	0	0	0	N	N	N	N	N	N	N	N	N	N	N	N	0.0000	0.0000	0.0000	0.0000	0.0000	0.0000	0.0000	0.0000	0.0000	0.0000	0.0000	0.0000	0.0000	0.0000	0.0000	0.0000	0.0000	0.0000	0.0000	0.0000	0.0000	0.0000	0.0000	0.0000	0.0063	0.0000	1.0096	0.0000	-0.0000	0.1693	0.0110	3.5362	0.6549	0.0000	0.0000	0.0000	0.0000	0.0000	0.0000	0.0000	0.0000	0.0000	0.0000	0.0000	0.0000	0.0000	0.0000	0.0000	0.0000	0.0000	0.0000	0.0001	0.0001	0.0000	0.0000	0.0000	0.0000	0.0001	0.0000	0.0000	0.0205	0.0099	0.0106	0.0062	0.0053	0.0009	0.0143	0.0046	0.0097	0.0000	0.0000	0.0000	0.0000	0.0000	0.0000	0.0000	0.0000	0.0000	0.0000	0.0000	0.0000	0.0000	0.0000	0.0000	0.0000	0.0000	0.0000		
17	82	0.1334	3	0	0	1	2	0	0	0	0	N	N	N	Y	N	N	N	N	N	N	N	N	0.0000	0.0000	0.0000	0.0000	0.0000	0.0000	0.0000	0.0000	0.0000	0.0000	0.0000	0.0000	0.0000	0.0000	0.0000	0.0000	0.0000	0.0000	0.0000	0.0000	0.1693	1.0000	3.5362	0.0000	0.0000	0.0000	0.0000	0.0000	0.0000	0.0000	0.0000	0.0000	0.0000	0.0000	0.0000	0.0000	0.0000	0.0000	0.0000	0.0000	0.0000	0.0000	0.0060	0.0051	0.0009	0.0006	0.0005	0.0000	0.0054	0.0045	0.0008	0.0475	0.0228	0.0246	0.0231	0.0139	0.0092	0.0244	0.0090	0.0154	0.0000	0.0000	0.0000	0.0000	0.0000	0.0000	0.0000	0.0000	0.0000	0.0000	0.0000	0.0000	0.0000	0.0000	0.0000	0.0000	0.0000	0.0000											
17	83	0.1334	3	0	0	1	2	0	0	0	0	N	N	N	Y	N	N	N	N	N	N	N	N	0.0000	0.0000	0.0000	0.0000	0.0000	0.0000	0.0000	0.0000	0.0000	0.0000	0.0000	0.0000	0.0000	0.0000	0.0000	0.0000	0.0000	0.0000	0.0000	0.0000	0.1693	0.0000	3.5362	0.0000	0.0000	0.0000	0.0000	0.0000	0.0000	0.0000	0.0000	0.0000	0.0000	0.0000	0.0000	0.0000	0.0000	0.0000	0.0000	0.0000	0.0000	0.0000	0.0000	0.0000	0.0000	0.0000	0.0000	0.0000	0.0000	0.0000	0.0000	0.0000	0.0000	0.0000	0.0000	0.0000	0.0000	0.0000	0.0000	0.0000	0.0000	0.0000	0.0000	0.0000	0.0000	0.0000	0.0000	0.0000	0.0000	0.0000	0.0000	0.0000	0.0000	0.0000	0.0000	0.0000	0.0000	0.0000											
17	84	0.0568	2	0	0	0	2	0	0	0	0	N	N	N	Y	N	N	N	N	N	N	N	N	0.0065	0.9101	0.0000	0.0060	0.4192	0.0000	0.0067	0.0146	0.0000	0.0238	0.0279	0.0000	0.0033	0.0037	0.0000	0.0278	0.0328	0.0000	3.6565	0.0306	14.1775	0.5569	0.0089	3.7254	4.1736	2.2459	15.0338	0.0000	230.8321	-0.0002	0.3067	0.1693	3.0000	3.5362	5.9994	0.0004	0.0004	0.0000	0.0000	0.0000	0.0000	0.0004	0.0004	0.0000	0.9478	0.0041	0.9437	0.0439	0.0006	0.0434	0.9039	0.0035	0.9004	0.0185	0.0158	0.0027	0.0030	0.0027	0.0003	0.0155	0.0131	0.0024	0.3543	0.1335	0.2208	0.0789	0.0673	0.0116	0.2754	0.0662	0.2092	0.0089	0.9101	0.0000	0.0060	0.4192	0.0000	0.0085	0.6226	0.0000	2.6751	0.0306	4.2744	0.5569	0.0089	3.7254	3.2822	0.0527	4.3050
17	85	0.1943	3	1	1	0	1	0	0	0	0	N	N	N	N	N	N	N	N	N	N	N	N	0.0000	0.0000	0.0000	0.0000	0.0000	0.0000	0.0000	0.0000	0.0000	0.0000	0.0000	0.0000	0.0000	0.0000	0.0000	0.0000	0.0120	0.0154	0.0075	0.0188	0.0191	0.0000	0.0128	0.0000	0.0076	0.3745	0.0000	-0.0000	0.1693	0.0000	3.5362	0.0000	0.0000	0.0000	0.0000	0.0000	0.0000	0.0000	0.0000	0.0000	0.0000	0.0000	0.0000	0.0000	0.0000	0.0000	0.0000	0.0000	0.0000	0.0000	0.0000	0.0000	0.0000	0.0000	0.0000	0.0000	0.0000	0.0000	0.0000	0.0000	0.0000	0.0000	0.0000	0.0000	0.0000	0.0000	0.0000	0.0000	0.0000	0.0000	0.0000	0.0000	0.0000	0.0000	0.0000	0.0000	0.0000	0.0120	0.0154	0.0075	0.0188	0.0191	0.0000	0.0060	0.0000	0.0076			
17	86	0.0568	2	1	1	0	1	0	0	0	0	N	N	N	N	N	N	N	N	N	N	N	N	1.3620	0.5310	0.0000	0.1539	0.1466	0.0000	1.3915	0.0128	0.0000	0.0276	0.0321	0.0000	0.0021	0.0023	0.0000	0.0326	0.0383	0.0000	0.0203	0.0605	0.0003	0.0136	0.0159	0.0000	0.0234	2.9881	0.0003	0.0000	0.0080	-0.0003	-0.0059	0.1693	5.0000	3.5362	7.0006	0.0008	0.0008	0.0000	0.0000	0.0000	0.0000	0.0008	0.0008	0.0000	0.0088	0.0088	0.0001	0.0013	0.0013	0.0000	0.0075	0.0074	0.0001	0.0293	0.0252	0.0041	0.0048	0.0043	0.0005	0.0246	0.0209	0.0036	0.4358	0.1669	0.2689	0.0985	0.0839	0.0145	0.3373	0.0830	0.2544	1.3620	0.6124	0.0000	0.1539	0.1466	0.0000	1.4660	0.4275	0.0000	0.0203	0.0525	0.0003	0.0136	0.0159	0.0000	0.0222	0.0895	0.0003
17	87	0.0568	2	0	1	0	1	0	0	0	0	N	N	N	N	N	N	N	N	N	N	N	N	17.3317	8.1610	0.0000	0.5734	0.5526	0.0000	187.1277	38.4344	0.0000	0.0679	0.0799	0.0000	0.0095	0.0107	0.0000	0.0793	0.0941	0.0000	0.0039	0.0098	0.0005	0.0165	0.0194	0.0000	0.0004	0.0024	0.0006	0.0000	0.0924	-0.0002	-0.0004	0.1693	1.0000	3.5362	3.0006	0.0004	0.0004	0.0000	0.0000	0.0000	0.0000	0.0004	0.0004	0.0000	0.0007	0.0007	0.0001	0.0007	0.0007	0.0000	0.0001	0.0000	0.0001	0.0065	0.0055	0.0010	0.0011	0.0009	0.0001	0.0054	0.0046	0.0008	0.1814	0.0665	0.1149	0.0394	0.0336	0.0058	0.1420	0.0329	0.1091	17.3317	8.1610	0.0000	0.5734	0.5526	0.0000	187.1277	29036.4456	0.0000	0.0039	0.0098	0.0005	0.0165	0.0194	0.0000	0.0004	0.0000	0.0006
17	88	0.1112	3	1	1	0	1	0	0	0	0	N	N	N	N	N	N	N	N	N	N	N	N	0.0000	0.0000	0.0000	0.0000	0.0000	0.0000	0.0000	0.0000	0.0000	0.0000	0.0000	0.0000	0.0000	0.0000	0.0000	0.0000	0.0000	0.0000	0.0000	0.0000	0.1693	0.0000	3.5362	0.0000	0.0000	0.0000	0.0000	0.0000	0.0000	0.0000	0.0000	0.0000	0.0000	0.0000	0.0000	0.0000	0.0000	0.0000	0.0000	0.0000	0.0000	0.0000	0.0000	0.0000	0.0000	0.0000	0.0000	0.0000	0.0000	0.0000	0.0000	0.0000	0.0000	0.0000	0.0000	0.0000	0.0000	0.0000	0.0000	0.0000	0.0000	0.0000	0.0000	0.0000	0.0000	0.0000	0.0000	0.0000	0.0000	0.0000	0.0000	0.0000	0.0000	0.0000	0.0000	0.0000	0.0000	0.0000											
17	89	0.0568	2	0	1	0	1	0	0	0	0	N	N	N	N	N	N	N	N	N	N	N	N	32.9174	21.6020	0.0000	1.5257	1.4572	89.7502	inf	0.0000	0.0183	0.0214	0.0000	0.0026	0.0029	0.0000	0.0214	0.0252	0.0000	0.0006	0.0010	0.0003	0.0017	0.0020	0.0000	0.0002	0.0000	0.0003	0.0000	0.5000	-0.0002	-0.0001	0.1693	4.0000	3.5362	4.0001	0.0004	0.0004	0.0000	0.0000	0.0000	0.0000	0.0004	0.0004	0.0000	0.0002	0.0001	0.0001	0.0001	0.0001	0.0000	0.0001	0.0000	0.0001	0.0240	0.0206	0.0034	0.0039	0.0035	0.0004	0.0201	0.0171	0.0030	0.3238	0.1213	0.2024	0.0718	0.0612	0.0106	0.2520	0.0602	0.1918	32.9174	21.6020	0.0000	1.5257	1.4572	0.0000	89.7502	inf	0.0000	0.0006	0.0010	0.0003	0.0017	0.0020	0.0000	0.0002	0.0000	0.0003	
17	91	0.2023	4	0	0	0	1	0	0	0	0	N	N	N	N	N	N	N	N	N	N	N	N	0.0153	0.0071	3.2108	0.0171	0.0159	0.5287	0.5148	0.0050	4.3130	0.0124	0.0138	0.0024	0.0162	0.0174	0.0014	0.0110	0.0124	0.0025	0.8101	1.9377	0.0007	0.9493	1.0957	0.0026	0.0214	2.5036	0.0006	0.0244	0.0014	-0.0003	-0.1191	0.1693	11.5137	3.5362	4.9035	0.0008	0.0008	0.0000	0.0003	0.0003	0.0000	0.0005	0.0005	0.0000	0.1775	0.1773	0.0002	0.1716	0.1716	0.0001	0.0058	0.0057	0.0002	0.0666	0.0583	0.0083	0.0172	0.0160	0.0012	0.0494	0.0423	0.0070	0.5903	0.2611	0.3292	0.1808	0.1566	0.0242	0.4095	0.1045	0.3050	0.0411	0.0203	3.2108	0.0171	0.0159	0.5287	0.7709	0.2289	4.3130	0.3007	0.6789	0.0007	0.9493	1.0957	0.0026	0.0143	0.0543	0.0006
18	19	0.6445	2	1	1	1	0	0	0	0	0	N	N	N	N	N	N	N	N	N	N	N	N	75.0087	0.0058	422.6049	0.1069	0.0000	1.4117	113.7565	inf	1367.6786	1.3693	0.0000	9.6825	0.0065	0.0000	0.1257	1.4357	0.0000	9.8473	0.0183	0.0028	0.0229	0.0607	0.0081	0.0890	0.0126	0.0000	0.0072	99935.0000	27.5512	0.6141	0.0025	18.0000	2.0070	5.9994	1.9996	0.9994	0.0000	0.9993	0.0002	0.0000	0.0002	0.9991	0.0000	0.9991	0.0086	0.0003	0.0083	0.0065	0.0003	0.0062	0.0021	0.0000	0.0021	0.7298	0.6266	0.1032	0.0339	0.0321	0.0018	0.6959	0.5945	0.1015	0.4692	0.1084	0.3608	0.1065	0.0372	0.0693	0.3627	0.0712	0.2915	75.0087	0.0058	422.6049	0.1069	0.0000	1.4117	248.1160	inf	1367.6786	0.0183	0.0028	0.0229	0.0607	0.0081	0.0890	0.0058	0.0000	0.0072
18	21	0.6333	2	2	1	1	0	0	0	0	0	Y	N	N	N	N	N	N	N	N	N	N	N	0.0028	0.0017	0.0227	1.1003	1.1391	inf	0.0006	0.0000	0.0243	0.0126	0.0110	0.0253	0.0399	0.0413	0.0072	0.0037	0.0000	0.0271	4.5164	6.5718	1.1121	0.0362	0.0362	0.0000	6.1735	29.3466	1.1123	0.2960	0.2225	-0.0011	-0.5927	18.0000	0.9600	5.9994	1.3160	0.0068	0.0053	0.0016	0.0053	0.0053	0.0000	0.0015	0.0000	0.0015	1.2093	0.9892	0.2201	0.0042	0.0042	0.0000	1.2051	0.9850	0.2201	0.5408	0.4790	0.0617	0.1332	0.1277	0.0055	0.4075	0.3513	0.0562	0.3485	0.1505	0.1979	0.1170	0.1170	0.0000	0.2315	0.0336	0.1979	0.0036	0.0017	0.0227	1.1003	1.1391	inf	0.0007	0.0000	0.0243	3.4705	6.5718	1.1121	0.0362	0.0362	0.0000	5.2063	29.3466	1.1123
18	22	0.6591	3	1	1	1	0	0	0	0	0	N	N	N	N	N	N	N	N	N	N	N	N	0.0000	0.0000	0.0000	0.0000	0.0000	0.0000	0.0000	0.0000	0.0000	0.0000	0.0000	0.0000	0.0000	0.0000	0.0000	0.0000	0.0000	0.0000	0.0000	0.0000	18.0000	0.0000	5.9994	0.0000	0.0000	0.0000	0.0000	0.0000	0.0000	0.0000	0.0000	0.0000	0.0000	0.0000	0.0000	0.0000	0.0000	0.0000	0.0000	0.0000	0.0000	0.0000	0.0000	0.0000	0.0000	0.0000	0.0000	0.0000	0.0000	0.0000	0.0000	0.0000	0.0000	0.0000	0.0000	0.0000	0.0000	0.0000	0.0000	0.0000	0.0000	0.0000	0.0000	0.0000	0.0000	0.0000	0.0000	0.0000	0.0000	0.0000	0.0000	0.0000	0.0000	0.0000	0.0000	0.0000	0.0000	0.0000											
18	25	0.6237	2	1	1	2	1	0	0	0	0	N	N	Y	N	N	N	N	N	N	N	N	N	1.2400	0.5372	1.1245	1.1633	0.0075	0.0085	0.0000	0.0359	0.0390	0.0000	0.0000	0.0000	0.0000	0.0060	0.0159	0.0000	0.0319	0.0335	0.0000	0.0000	0.0000	0.0000	0.0000	0.0000	-0.0012	-0.0013	18.0000	0.8908	5.9994	1.0730	0.0032	0.0032	0.0000	0.0032	0.0032	0.0000	0.0000	0.0000	0.0000	0.0020	0.0020	0.0000	0.0020	0.0020	0.0000	0.0000	0.0000	0.0000	0.4200	0.3698	0.0502	0.0878	0.0808	0.0070	0.3323	0.2890	0.0432	0.3239	0.1235	0.2004	0.0614	0.0584	0.0030	0.2625	0.0651	0.1974	1.2400	0.5372	0.0000	1.1245	1.1633	0.0000	0.0000	0.0000	0.0000	0.0060	0.0159	0.0000	0.0319	0.0335	0.0000	0.0000	0.0000	0.0000					
18	28	0.6524	2	2	1	1	0	0	0	0	0	Y	N	N	N	N	N	N	N	N	N	N	N	0.0107	inf	0.0012	inf	inf	inf	0.0030	inf	0.0008	0.0021	0.0022	0.0004	0.0018	0.0019	0.0005	0.0022	0.0024	0.0004	0.1946	0.0000	0.3181	0.0000	0.0000	0.0000	0.7242	0.0000	0.4370	0.0176	inf	-0.0009	0.0301	18.0000	2.9919	5.9994	1.1331	0.0023	0.0023	0.0000	0.0007	0.0007	0.0000	0.0016	0.0016	0.0000	0.0917	0.0000	0.0917	0.0000	0.0000	0.0000	0.0917	0.0000	0.0917	1.1134	1.0090	0.1044	0.3739	0.3550	0.0188	0.7395	0.6539	0.0856	0.4712	0.1831	0.2882	0.1752	0.0968	0.0784	0.2960	0.0862	0.2098	0.0107	inf	0.0012	inf	inf	inf	0.0071	inf	0.0008	0.1946	0.0000	0.3181	0.0000	0.0000	0.0000	0.3097	0.0000	0.4370
18	30	0.5899	2	1	1	1	1	0	0	0	0	N	N	N	N	N	N	N	N	N	N	N	N	0.0000	0.0000	0.0000	0.0000	0.0000	0.0000	0.0000	0.0000	0.0000	0.0000	0.0000	0.0000	0.0000	0.0000	0.0000	0.0000	0.0000	0.0000	0.0000	0.0000	18.0000	3.9676	5.9994	1.0007	0.0000	0.0000	0.0000	0.0000	0.0000	0.0000	0.0000	0.0000	0.0000	0.0000	0.0000	0.0000	0.0000	0.0000	0.0000	0.0000	0.0000	0.0000	1.5374	1.3553	0.1821	0.3277	0.2993	0.0284	1.2097	1.0560	0.1537	0.4759	0.1292	0.3467	0.0223	0.0207	0.0017	0.4535	0.1085	0.3450	0.0000	0.0000	0.0000	0.0000	0.0000	0.0000	0.0000	0.0000	0.0000	0.0000	0.0000	0.0000	0.0000	0.0000	0.0000	0.0000	0.0000	0.0000											
18	32	0.6188	2	1	0	2	0	0	0	0	0	N	N	Y	N	N	N	N	N	N	N	N	N	440.8234	135.6036	65.3696	61.9267	0.6160	0.7596	0.0000	1.4946	1.5129	0.0000	0.0000	0.0000	0.0000	0.0014	0.0056	0.0000	0.0229	0.0244	0.0000	0.0000	0.0000	0.0000	0.0000	0.0000	-0.0121	-0.0001	18.0000	0.0319	5.9994	1.0050	0.0314	0.0314	0.0000	0.0314	0.0314	0.0000	0.0000	0.0000	0.0000	0.0002	0.0002	0.0000	0.0002	0.0002	0.0000	0.0000	0.0000	0.0000	0.0510	0.0413	0.0096	0.0210	0.0208	0.0003	0.0300	0.0206	0.0094	0.1287	0.0321	0.0966	0.0079	0.0074	0.0005	0.1209	0.0248	0.0961	440.8234	135.6036	0.0000	65.3696	61.9267	0.0000	0.0000	0.0000	0.0000	0.0014	0.0056	0.0000	0.0229	0.0244	0.0000	0.0000	0.0000	0.0000					
18	33	0.5899	3	1	1	1	0	0	0	0	0	N	N	N	N	N	N	N	N	N	N	N	N	0.0000	0.0000	0.0000	0.0000	0.0000	0.0000	0.0000	0.0000	0.0000	0.0000	0.0000	0.0000	0.0000	0.0000	0.0000	0.0000	0.0000	0.0000	0.0000	0.0000	18.0000	0.0023	5.9994	1.0003	0.0000	0.0000	0.0000	0.0000	0.0000	0.0000	0.0000	0.0000	0.0000	0.0000	0.0000	0.0000	0.0000	0.0000	0.0000	0.0000	0.0000	0.0000	0.0031	0.0030	0.0001	0.0013	0.0013	0.0000	0.0018	0.0017	0.0001	0.1070	0.0284	0.0786	0.0050	0.0047	0.0004	0.1020	0.0238	0.0782	0.0000	0.0000	0.0000	0.0000	0.0000	0.0000	0.0000	0.0000	0.0000	0.0000	0.0000	0.0000	0.0000	0.0000	0.0000	0.0000	0.0000	0.0000											
18	38	0.5899	3	1	0	2	0	0	0	0	0	N	N	Y	N	N	N	N	N	N	N	N	N	0.0000	0.0000	0.0000	0.0000	0.0000	0.0000	0.0000	0.0000	0.0000	0.0000	0.0000	0.0000	0.0000	0.0000	0.0000	0.0000	0.0000	0.0000	0.0000	0.0000	18.0000	1.0023	5.9994	0.0007	0.0000	0.0000	0.0000	0.0000	0.0000	0.0000	0.0000	0.0000	0.0000	0.0000	0.0000	0.0000	0.0000	0.0000	0.0000	0.0000	0.0000	0.0000	0.4147	0.3642	0.0505	0.0900	0.0820	0.0080	0.3247	0.2823	0.0425	0.1070	0.0284	0.0786	0.0050	0.0047	0.0004	0.1020	0.0238	0.0782	0.0000	0.0000	0.0000	0.0000	0.0000	0.0000	0.0000	0.0000	0.0000	0.0000	0.0000	0.0000	0.0000	0.0000	0.0000	0.0000	0.0000	0.0000											
18	39	0.5899	2	1	0	1	0	0	0	0	0	N	N	N	N	N	N	N	N	N	N	N	N	0.0000	0.0000	0.0000	0.0000	0.0000	0.0000	0.0000	0.0000	0.0000	0.0000	0.0000	0.0000	0.0000	0.0000	0.0000	0.0000	0.0000	0.0000	0.0000	0.0000	18.0000	0.0347	5.9994	0.0013	0.0000	0.0000	0.0000	0.0000	0.0000	0.0000	0.0000	0.0000	0.0000	0.0000	0.0000	0.0000	0.0000	0.0000	0.0000	0.0000	0.0000	0.0000	0.0449	0.0429	0.0020	0.0183	0.0180	0.0003	0.0266	0.0249	0.0017	0.0043	0.0013	0.0030	0.0004	0.0004	0.0000	0.0039	0.0009	0.0030	0.0000	0.0000	0.0000	0.0000	0.0000	0.0000	0.0000	0.0000	0.0000	0.0000	0.0000	0.0000	0.0000	0.0000	0.0000	0.0000	0.0000	0.0000											
18	41	0.6298	3	1	1	1	0	0	0	0	0	N	N	N	N	N	N	N	N	N	N	N	N	154.1506	41.7208	0.0000	0.0000	inf	inf	0.0322	0.0361	0.0000	0.0000	0.0000	0.0000	0.0436	0.0496	0.0000	0.0002	0.0009	0.0000	0.0040	0.0043	0.0000	0.0000	0.0000	0.0000	0.0000	0.0000	-0.0056	-0.0000	18.0000	1.0144	5.9994	1.0128	0.0146	0.0146	0.0000	0.0000	0.0000	0.0000	0.0146	0.0146	0.0000	0.0000	0.0000	0.0000	0.0000	0.0000	0.0000	0.0000	0.0000	0.0000	0.4518	0.4027	0.0490	0.1177	0.1091	0.0086	0.3340	0.2936	0.0404	0.2392	0.0577	0.1815	0.0126	0.0117	0.0010	0.2266	0.0460	0.1805	154.1506	41.7208	0.0000	0.0000	0.0000	0.0000	inf	inf	0.0000	0.0002	0.0009	0.0000	0.0040	0.0043	0.0000	0.0000	0.0000	0.0000			
18	44	0.7143	2	2	1	1	0	0	0	0	0	Y	N	N	N	N	N	N	N	N	N	N	N	inf	inf	inf	inf	1.3813	1.5833	0.0000	0.0000	0.0000	0.0000	1.4457	1.6590	0.0000	0.0000	0.0000	0.0000	0.0000	0.0000	0.0000	0.0000	0.0000	0.0000	0.0000	-0.3855	0.0000	18.0000	2.0000	5.9994	1.0000	1.0000	1.0000	0.0000	0.0000	0.0000	0.0000	1.0000	1.0000	0.0000	0.0000	0.0000	0.0000	0.0000	0.0000	0.0000	0.0000	0.0000	0.0000	0.7239	0.6316	0.0924	0.0322	0.0288	0.0034	0.6917	0.6028	0.0889	0.2825	0.0890	0.1935	0.0404	0.0209	0.0196	0.2421	0.0682	0.1739	inf	inf	0.0000	0.0000	0.0000	0.0000	inf	inf	0.0000	0.0000	0.0000	0.0000	0.0000	0.0000	0.0000	0.0000	0.0000	0.0000						
18	45	0.6419	3	1	1	1	1	0	0	0	0	N	N	N	N	N	N	N	N	N	N	N	N	0.0000	0.0000	0.0000	0.0000	0.0000	0.0000	0.0000	0.0000	0.0000	0.0000	0.0000	0.0000	0.0000	0.0000	0.0000	0.0000	0.0000	0.0000	0.0000	0.0000	18.0000	1.0000	5.9994	0.0000	0.0000	0.0000	0.0000	0.0000	0.0000	0.0000	0.0000	0.0000	0.0000	0.0000	0.0000	0.0000	0.0000	0.0000	0.0000	0.0000	0.0000	0.0000	0.4042	0.3526	0.0516	0.0534	0.0472	0.0063	0.3507	0.3054	0.0453	0.1218	0.0278	0.0940	0.0068	0.0048	0.0020	0.1150	0.0230	0.0920	0.0000	0.0000	0.0000	0.0000	0.0000	0.0000	0.0000	0.0000	0.0000	0.0000	0.0000	0.0000	0.0000	0.0000	0.0000	0.0000	0.0000	0.0000											
18	46	0.6419	3	1	0	1	1	0	0	0	0	N	N	N	N	N	N	N	N	N	N	N	N	0.0000	0.0000	0.0000	0.0000	0.0000	0.0000	0.0000	0.0000	0.0000	0.0000	0.0000	0.0000	0.0000	0.0000	0.0000	0.0000	0.0000	0.0000	0.0000	0.0000	18.0000	0.0000	5.9994	0.0000	0.0000	0.0000	0.0000	0.0000	0.0000	0.0000	0.0000	0.0000	0.0000	0.0000	0.0000	0.0000	0.0000	0.0000	0.0000	0.0000	0.0000	0.0000	0.0000	0.0000	0.0000	0.0000	0.0000	0.0000	0.0000	0.0000	0.0000	0.0000	0.0000	0.0000	0.0000	0.0000	0.0000	0.0000	0.0000	0.0000	0.0000	0.0000	0.0000	0.0000	0.0000	0.0000	0.0000	0.0000	0.0000	0.0000	0.0000	0.0000	0.0000	0.0000	0.0000	0.0000	0.0000	0.0000											
18	47	0.6090	2	1	0	1	1	0	0	0	0	N	N	N	N	N	N	N	N	N	N	N	N	8.7542	0.0000	inf	0.0009	0.0008	inf	inf	1.2046	0.0001	9.4443	0.0005	0.0006	0.0000	1.3595	0.0000	10.6105	0.1376	1.4145	0.0000	0.6069	0.7132	0.0000	0.0000	0.0000	0.0000	19989.6000	0.0000	0.6142	-0.0626	18.0000	2.0873	5.9994	1.9360	0.9995	0.0000	0.9995	0.0000	0.0000	0.0000	0.9995	0.0000	0.9995	0.0931	0.0931	0.0000	0.0931	0.0931	0.0000	0.0000	0.0000	0.0000	0.8298	0.7239	0.1058	0.0946	0.0830	0.0116	0.7352	0.6410	0.0942	0.6766	0.2684	0.4082	0.1534	0.1305	0.0229	0.5232	0.1379	0.3853	8.7542	0.0002	inf	0.0009	0.0008	0.0000	inf	0.0000	inf	0.1376	0.3469	0.0000	0.6069	0.7132	0.0000	0.0000	0.0000	0.0000		
18	51	0.6145	2	2	1	1	0	0	0	0	0	Y	N	N	N	N	N	N	N	N	N	N	N	0.0000	0.0000	0.0039	0.0040	0.0000	0.0000	0.0001	0.0002	0.0000	0.0011	0.0012	0.0000	0.0000	0.0000	0.0000	2.8778	8.9869	0.0000	0.2789	0.2848	0.0000	3.2710	9.5924	0.0000	0.0000	0.0000	-0.0000	-0.6679	18.0000	1.0314	5.9994	3.0033	0.0001	0.0001	0.0000	0.0001	0.0001	0.0000	0.0000	0.0000	0.0000	0.9937	0.9937	0.0000	0.0020	0.0020	0.0000	0.9916	0.9916	0.0000	0.4332	0.3748	0.0584	0.0553	0.0521	0.0032	0.3779	0.3227	0.0552	0.4122	0.1106	0.3016	0.0073	0.0072	0.0002	0.4048	0.1034	0.3014	0.0001	0.0000	0.0000	0.0039	0.0040	0.0000	0.0000	0.0000	0.0000	2.4108	8.9869	0.0000	0.2789	0.2848	0.0000	2.4495	9.5924	0.0000			
18	54	0.6298	3	1	0	2	0	0	0	0	0	N	N	Y	N	N	N	N	N	N	N	N	N	1522.2197	453.1682	0.0000	0.0000	inf	inf	0.6153	0.7556	0.0000	0.0000	0.0000	0.0000	1.0855	1.5913	0.0000	0.0004	0.0017	0.0000	0.0071	0.0076	0.0000	0.0000	0.0000	0.0000	0.0000	0.0000	-0.0056	-0.0000	18.0000	0.0147	5.9994	0.9910	0.0146	0.0146	0.0000	0.0000	0.0000	0.0000	0.0146	0.0146	0.0000	0.0000	0.0000	0.0000	0.0000	0.0000	0.0000	0.0000	0.0000	0.0000	0.0236	0.0193	0.0044	0.0102	0.0101	0.0001	0.0134	0.0091	0.0043	0.1236	0.0300	0.0937	0.0071	0.0066	0.0005	0.1165	0.0234	0.0932	1522.2197	453.1682	0.0000	0.0000	0.0000	0.0000	inf	inf	0.0000	0.0004	0.0017	0.0000	0.0071	0.0076	0.0000	0.0000	0.0000	0.0000			
18	55	0.6188	2	1	0	1	0	0	0	0	0	N	N	N	N	N	N	N	N	N	N	N	N	2186.4813	615.7168	0.3588	0.3611	11939.3149	63.8214	2.1391	2.4594	0.0000	0.0050	0.0054	0.0000	2.6861	3.1358	0.0000	0.0010	0.0040	0.0000	0.0140	0.0151	0.0000	0.0002	0.0491	0.0000	0.0000	0.0000	-0.3681	-0.0002	18.0000	0.9556	5.9994	1.0192	0.9549	0.9549	0.0000	0.0005	0.0005	0.0000	0.9545	0.9545	0.0000	0.0002	0.0002	0.0000	0.0002	0.0002	0.0000	0.0000	0.0000	0.0000	0.4464	0.3883	0.0581	0.0911	0.0839	0.0072	0.3553	0.3044	0.0510	0.2350	0.0575	0.1774	0.0129	0.0119	0.0009	0.2221	0.0456	0.1765	2186.4813	615.7168	0.0000	0.3588	0.3611	0.0000	11939.3149	2862.9697	0.0000	0.0010	0.0040	0.0000	0.0140	0.0151	0.0000	0.0002	0.0011	0.0000			
18	58	0.7223	3	1	0	1	0	0	0	0	0	N	N	N	N	N	N	N	N	N	N	N	N	4.9505	0.2285	inf	0.1840	0.1857	inf	inf	inf	inf	0.5404	0.3207	2.1565	0.1561	0.1640	0.0014	0.6076	0.3507	2.2947	0.1092	1.4035	0.0000	0.8487	0.8831	0.0000	0.0000	0.0000	0.0000	0.9146	0.0000	0.1923	-0.1031	18.0000	10.2575	5.9994	3.8960	2.0855	1.0893	0.9962	0.0897	0.0896	0.0000	1.9958	0.9997	0.9962	0.1534	0.1534	0.0000	0.1534	0.1534	0.0000	0.0000	0.0000	0.0000	3.8590	3.3971	0.4620	0.5743	0.5464	0.0278	3.2848	2.8507	0.4341	1.4055	0.4613	0.9442	0.1808	0.1737	0.0071	1.2247	0.2875	0.9372	4.9505	0.9640	inf	0.1840	0.1857	inf	inf	inf	inf	0.1092	0.3326	0.0000	0.8487	0.8831	0.0000	0.0000	0.0000	0.0000
18	59	0.6963	2	2	1	2	0	0	0	0	0	Y	N	Y	N	N	N	N	N	N	N	N	N	0.0000	0.0000	0.0000	0.0000	0.0000	0.0000	0.0000	0.0000	0.0000	0.0000	0.0000	0.0000	0.0000	0.0000	0.0000	0.0000	0.0000	0.0000	0.0000	0.0000	18.0000	0.0000	5.9994	0.0000	0.0000	0.0000	0.0000	0.0000	0.0000	0.0000	0.0000	0.0000	0.0000	0.0000	0.0000	0.0000	0.0000	0.0000	0.0000	0.0000	0.0000	0.0000	0.0000	0.0000	0.0000	0.0000	0.0000	0.0000	0.0000	0.0000	0.0000	0.0000	0.0000	0.0000	0.0000	0.0000	0.0000	0.0000	0.0000	0.0000	0.0000	0.0000	0.0000	0.0000	0.0000	0.0000	0.0000	0.0000	0.0000	0.0000	0.0000	0.0000	0.0000	0.0000	0.0000	0.0000	0.0000	0.0000											
18	61	0.6592	2	2	0	2	0	0	0	0	0	Y	N	Y	N	N	N	N	N	N	N	N	N	0.0000	0.0000	0.0000	0.0000	0.0000	0.0000	0.0000	0.0000	0.0000	0.0000	0.0000	0.0000	0.0000	0.0000	0.0000	0.0000	0.0000	0.0000	0.0000	0.0000	18.0000	2.0000	5.9994	0.0000	0.0000	0.0000	0.0000	0.0000	0.0000	0.0000	0.0000	0.0000	0.0000	0.0000	0.0000	0.0000	0.0000	0.0000	0.0000	0.0000	0.0000	0.0000	0.6770	0.5812	0.0958	0.0549	0.0512	0.0037	0.6221	0.5300	0.0921	0.1659	0.0626	0.1033	0.0748	0.0369	0.0380	0.0911	0.0257	0.0653	0.0000	0.0000	0.0000	0.0000	0.0000	0.0000	0.0000	0.0000	0.0000	0.0000	0.0000	0.0000	0.0000	0.0000	0.0000	0.0000	0.0000	0.0000											
18	64	0.6834	4	1	0	2	0	0	0	0	0	N	N	Y	N	N	N	N	N	N	N	N	N	0.0000	0.0000	0.0000	0.0000	0.0000	0.0000	0.0000	0.0000	0.0000	0.0000	0.0000	0.0000	0.0000	0.0000	0.0000	0.0000	0.0000	0.0000	0.0000	0.0000	18.0000	0.0000	5.9994	0.0000	0.0000	0.0000	0.0000	0.0000	0.0000	0.0000	0.0000	0.0000	0.0000	0.0000	0.0000	0.0000	0.0000	0.0000	0.0000	0.0000	0.0000	0.0000	0.0000	0.0000	0.0000	0.0000	0.0000	0.0000	0.0000	0.0000	0.0000	0.0000	0.0000	0.0000	0.0000	0.0000	0.0000	0.0000	0.0000	0.0000	0.0000	0.0000	0.0000	0.0000	0.0000	0.0000	0.0000	0.0000	0.0000	0.0000	0.0000	0.0000	0.0000	0.0000	0.0000	0.0000	0.0000	0.0000											
18	65	0.6591	3	1	0	2	0	0	0	0	0	N	N	Y	N	N	N	N	N	N	N	N	N	0.0000	0.0000	0.0000	0.0000	0.0000	0.0000	0.0000	0.0000	0.0000	0.0000	0.0000	0.0000	0.0000	0.0000	0.0000	0.0000	0.0000	0.0000	0.0000	0.0000	18.0000	0.8734	5.9994	1.0002	0.0000	0.0000	0.0000	0.0000	0.0000	0.0000	0.0000	0.0000	0.0000	0.0000	0.0000	0.0000	0.0000	0.0000	0.0000	0.0000	0.0000	0.0000	0.3240	0.2776	0.0463	0.0144	0.0136	0.0008	0.3096	0.2641	0.0455	0.2184	0.0433	0.1751	0.0456	0.0098	0.0358	0.1728	0.0335	0.1393	0.0000	0.0000	0.0000	0.0000	0.0000	0.0000	0.0000	0.0000	0.0000	0.0000	0.0000	0.0000	0.0000	0.0000	0.0000	0.0000	0.0000	0.0000											
18	66	0.6445	2	1	0	1	0	0	0	0	0	N	N	N	N	N	N	N	N	N	N	N	N	0.1744	1.6251	0.0000	1.3421	15.3261	0.0000	0.0012	inf	0.0000	0.0091	0.0106	0.0000	0.1832	0.1923	0.0000	0.0000	0.0000	0.0000	0.0520	0.0065	0.0697	0.1365	0.0125	0.2628	0.0229	0.0000	0.0221	0.0000	27.5512	-0.0013	0.0025	18.0000	1.0063	5.9994	0.0727	0.0034	0.0034	0.0000	0.0034	0.0034	0.0000	0.0000	0.0000	0.0000	0.0086	0.0003	0.0083	0.0065	0.0003	0.0062	0.0021	0.0000	0.0021	0.3779	0.3240	0.0539	0.0187	0.0178	0.0009	0.3592	0.3062	0.0530	0.1646	0.0461	0.1185	0.0474	0.0239	0.0235	0.1172	0.0221	0.0951	0.1744	1.6251	0.0000	1.3421	15.3261	0.0000	0.0016	inf	0.0000	0.0520	0.0065	0.0697	0.1365	0.0125	0.2628	0.0179	0.0000	0.0221
18	72	0.6333	2	1	1	1	0	0	0	0	0	N	N	N	N	N	N	N	N	N	N	N	N	0.4361	4.9146	0.0107	0.0330	0.0328	inf	0.6331	inf	0.0108	0.5801	0.6663	0.0069	0.0047	0.0047	0.0051	0.6417	0.7447	0.0070	1.3301	0.1356	0.6517	0.1424	0.1425	0.0000	1.0136	0.0000	0.6519	0.0016	11.4303	-0.3828	0.0592	18.0000	4.7764	5.9994	1.3205	0.9971	0.9955	0.0016	0.0008	0.0007	0.0000	0.9963	0.9948	0.0015	0.2394	0.0193	0.2201	0.0193	0.0193	0.0000	0.2201	0.0000	0.2201	1.7189	1.4942	0.2247	0.1662	0.1583	0.0079	1.5527	1.3359	0.2168	0.5553	0.2176	0.3377	0.1352	0.1351	0.0001	0.4202	0.0825	0.3377	1.3458	7.5285	0.0107	0.0330	0.0328	inf	1.2248	inf	0.0108	0.4310	0.0885	0.6517	0.1424	0.1425	0.0000	0.5239	0.0000	0.6519
18	74	0.6355	2	1	1	1	0	0	0	0	0	N	N	N	N	N	N	N	N	N	N	N	N	0.0000	0.0000	0.0000	0.0000	0.0000	0.0000	0.0000	0.0000	0.0000	0.0000	0.0000	0.0000	0.0000	0.0000	0.0000	0.0000	0.0000	0.0000	0.0000	0.0000	18.0000	0.0000	5.9994	0.0000	0.0000	0.0000	0.0000	0.0000	0.0000	0.0000	0.0000	0.0000	0.0000	0.0000	0.0000	0.0000	0.0000	0.0000	0.0000	0.0000	0.0000	0.0000	0.0000	0.0000	0.0000	0.0000	0.0000	0.0000	0.0000	0.0000	0.0000	0.0000	0.0000	0.0000	0.0000	0.0000	0.0000	0.0000	0.0000	0.0000	0.0000	0.0000	0.0000	0.0000	0.0000	0.0000	0.0000	0.0000	0.0000	0.0000	0.0000	0.0000	0.0000	0.0000	0.0000	0.0000	0.0000	0.0000											
18	76	0.6441	4	2	1	1	1	0	0	0	0	Y	N	N	N	N	N	N	N	N	N	N	N	0.0000	0.0000	0.0000	0.0000	0.0000	0.0000	0.0000	0.0000	0.0000	0.0000	0.0000	0.0000	0.0000	0.0000	0.0000	0.0000	0.0000	0.0000	0.0000	0.0000	18.0000	0.0000	5.9994	0.0000	0.0000	0.0000	0.0000	0.0000	0.0000	0.0000	0.0000	0.0000	0.0000	0.0000	0.0000	0.0000	0.0000	0.0000	0.0000	0.0000	0.0000	0.0000	0.0000	0.0000	0.0000	0.0000	0.0000	0.0000	0.0000	0.0000	0.0000	0.0000	0.0000	0.0000	0.0000	0.0000	0.0000	0.0000	0.0000	0.0000	0.0000	0.0000	0.0000	0.0000	0.0000	0.0000	0.0000	0.0000	0.0000	0.0000	0.0000	0.0000	0.0000	0.0000	0.0000	0.0000	0.0000	0.0000											
18	77	0.6358	3	2	1	1	1	0	0	0	0	Y	N	N	N	N	N	N	N	N	N	N	N	0.2428	inf	0.0000	inf	inf	0.0000	0.0000	0.0001	0.0001	0.0000	0.0010	0.0011	0.0000	0.0000	0.0000	0.0000	0.0003	0.0000	0.0005	0.0000	0.0000	0.0000	0.0004	0.0000	0.0005	0.0000	inf	-0.0000	0.0000	18.0000	1.0073	5.9994	0.3366	0.0000	0.0000	0.0000	0.0000	0.0000	0.0000	0.0000	0.0000	0.0000	0.0000	0.0000	0.0000	0.0000	0.0000	0.0000	0.0000	0.0000	0.0000	0.3759	0.3279	0.0480	0.0311	0.0282	0.0029	0.3449	0.2997	0.0451	0.1217	0.0453	0.0764	0.0154	0.0148	0.0006	0.1063	0.0305	0.0757	0.2428	inf	0.0000	inf	inf	0.0000	0.0000	0.0000	0.0000	0.0003	0.0000	0.0005	0.0000	0.0000	0.0000	0.0004	0.0000	0.0005		
18	78	0.6616	3	1	1	1	1	0	0	0	0	N	N	N	N	N	N	N	N	N	N	N	N	0.0000	0.0000	0.0000	0.0000	0.0000	0.0000	0.0000	0.0000	0.0000	0.0000	0.0000	0.0000	0.0000	0.0000	0.0000	0.0000	0.0000	0.0000	0.0000	0.0000	18.0000	0.0000	5.9994	0.0000	0.0000	0.0000	0.0000	0.0000	0.0000	0.0000	0.0000	0.0000	0.0000	0.0000	0.0000	0.0000	0.0000	0.0000	0.0000	0.0000	0.0000	0.0000	0.0000	0.0000	0.0000	0.0000	0.0000	0.0000	0.0000	0.0000	0.0000	0.0000	0.0000	0.0000	0.0000	0.0000	0.0000	0.0000	0.0000	0.0000	0.0000	0.0000	0.0000	0.0000	0.0000	0.0000	0.0000	0.0000	0.0000	0.0000	0.0000	0.0000	0.0000	0.0000	0.0000	0.0000	0.0000	0.0000											
18	79	0.6533	2	1	1	1	1	0	0	0	0	N	N	N	N	N	N	N	N	N	N	N	N	0.0000	0.0000	0.0000	0.0000	0.0000	0.0000	0.0000	0.0000	0.0000	0.0000	0.0000	0.0000	0.0000	0.0000	0.0000	0.0000	0.0000	0.0000	0.0000	0.0000	18.0000	0.0000	5.9994	1.0000	0.0000	0.0000	0.0000	0.0000	0.0000	0.0000	0.0000	0.0000	0.0000	0.0000	0.0000	0.0000	0.0000	0.0000	0.0000	0.0000	0.0000	0.0000	0.0000	0.0000	0.0000	0.0000	0.0000	0.0000	0.0000	0.0000	0.0000	0.1068	0.0340	0.0729	0.0319	0.0113	0.0206	0.0749	0.0227	0.0522	0.0000	0.0000	0.0000	0.0000	0.0000	0.0000	0.0000	0.0000	0.0000	0.0000	0.0000	0.0000	0.0000	0.0000	0.0000	0.0000	0.0000	0.0000											
18	80	0.6358	3	1	1	1	0	0	0	0	0	N	N	N	N	N	N	N	N	N	N	N	N	6870.0655	35015.1603	6816.5548	37016.8722	0.7219	0.0000	5.7574	0.0000	0.0000	0.0000	0.7868	0.0000	6.1417	0.0001	0.0000	0.0002	0.0000	0.0000	0.0000	0.0001	0.0000	0.0002	inf	inf	0.6145	0.0000	18.0000	3.9927	5.9994	1.0002	1.0000	0.0000	1.0000	0.0000	0.0000	0.0000	1.0000	0.0000	1.0000	0.0000	0.0000	0.0000	0.0000	0.0000	0.0000	0.0000	0.0000	0.0000	1.3851	1.2114	0.1737	0.1142	0.1033	0.0109	1.2709	1.1081	0.1628	0.3806	0.1374	0.2433	0.0341	0.0319	0.0022	0.3465	0.1055	0.2411	6870.0655	0.0000	35015.1603	0.0000	0.0000	0.0000	6816.5548	0.0000	37016.8722	0.0001	0.0000	0.0002	0.0000	0.0000	0.0000	0.0001	0.0000	0.0002					
18	81	0.6311	2	1	1	1	0	0	0	0	0	N	N	N	N	N	N	N	N	N	N	N	N	9.6961	0.0000	inf	0.0000	0.0000	inf	inf	0.0072	0.0000	0.0559	0.0000	0.0000	0.0000	0.0078	0.0000	0.0594	0.0007	0.0021	0.0000	0.0098	0.0106	0.0000	0.0000	0.0000	0.0000	inf	0.0000	0.0000	-0.0000	18.0000	0.0110	5.9994	0.6549	0.0000	0.0000	0.0000	0.0000	0.0000	0.0000	0.0000	0.0000	0.0000	0.0000	0.0000	0.0000	0.0000	0.0000	0.0000	0.0000	0.0000	0.0000	0.0042	0.0036	0.0005	0.0003	0.0003	0.0000	0.0038	0.0033	0.0005	0.0539	0.0191	0.0348	0.0041	0.0038	0.0003	0.0498	0.0153	0.0345	9.6961	0.0000	inf	0.0000	0.0000	0.0000	inf	0.0000	inf	0.0007	0.0021	0.0000	0.0098	0.0106	0.0000	0.0000	0.0000	0.0000		
18	82	0.6533	2	1	0	2	1	0	0	0	0	N	N	Y	N	N	N	N	N	N	N	N	N	0.0000	0.0000	0.0000	0.0000	0.0000	0.0000	0.0000	0.0000	0.0000	0.0000	0.0000	0.0000	0.0000	0.0000	0.0000	0.0000	0.0000	0.0000	0.0000	0.0000	18.0000	1.0000	5.9994	0.0000	0.0000	0.0000	0.0000	0.0000	0.0000	0.0000	0.0000	0.0000	0.0000	0.0000	0.0000	0.0000	0.0000	0.0000	0.0000	0.0000	0.0000	0.0000	0.3713	0.3236	0.0478	0.0110	0.0097	0.0013	0.3603	0.3138	0.0465	0.1068	0.0340	0.0729	0.0319	0.0113	0.0206	0.0749	0.0227	0.0522	0.0000	0.0000	0.0000	0.0000	0.0000	0.0000	0.0000	0.0000	0.0000	0.0000	0.0000	0.0000	0.0000	0.0000	0.0000	0.0000	0.0000	0.0000											
18	83	0.6533	2	1	0	2	1	0	0	0	0	N	N	Y	N	N	N	N	N	N	N	N	N	0.0000	0.0000	0.0000	0.0000	0.0000	0.0000	0.0000	0.0000	0.0000	0.0000	0.0000	0.0000	0.0000	0.0000	0.0000	0.0000	0.0000	0.0000	0.0000	0.0000	18.0000	0.0000	5.9994	0.0000	0.0000	0.0000	0.0000	0.0000	0.0000	0.0000	0.0000	0.0000	0.0000	0.0000	0.0000	0.0000	0.0000	0.0000	0.0000	0.0000	0.0000	0.0000	0.0000	0.0000	0.0000	0.0000	0.0000	0.0000	0.0000	0.0000	0.0000	0.0000	0.0000	0.0000	0.0000	0.0000	0.0000	0.0000	0.0000	0.0000	0.0000	0.0000	0.0000	0.0000	0.0000	0.0000	0.0000	0.0000	0.0000	0.0000	0.0000	0.0000	0.0000	0.0000	0.0000	0.0000	0.0000	0.0000											
18	85	0.7143	2	2	1	1	0	0	0	0	0	Y	N	N	N	N	N	N	N	N	N	N	N	0.0000	0.0000	0.0000	0.0000	0.0000	0.0000	0.0000	0.0000	0.0000	0.0000	0.0000	0.0000	0.0000	0.0000	0.0000	0.0000	0.0000	0.0000	0.0000	0.0000	18.0000	0.0000	5.9994	0.0000	0.0000	0.0000	0.0000	0.0000	0.0000	0.0000	0.0000	0.0000	0.0000	0.0000	0.0000	0.0000	0.0000	0.0000	0.0000	0.0000	0.0000	0.0000	0.0000	0.0000	0.0000	0.0000	0.0000	0.0000	0.0000	0.0000	0.0000	0.0000	0.0000	0.0000	0.0000	0.0000	0.0000	0.0000	0.0000	0.0000	0.0000	0.0000	0.0000	0.0000	0.0000	0.0000	0.0000	0.0000	0.0000	0.0000	0.0000	0.0000	0.0000	0.0000	0.0000	0.0000	0.0000	0.0000											
18	88	0.6311	2	2	1	1	0	0	0	0	0	Y	N	N	N	N	N	N	N	N	N	N	N	0.0000	0.0000	0.0000	0.0000	0.0000	0.0000	0.0000	0.0000	0.0000	0.0000	0.0000	0.0000	0.0000	0.0000	0.0000	0.0000	0.0000	0.0000	0.0000	0.0000	18.0000	0.0000	5.9994	0.0000	0.0000	0.0000	0.0000	0.0000	0.0000	0.0000	0.0000	0.0000	0.0000	0.0000	0.0000	0.0000	0.0000	0.0000	0.0000	0.0000	0.0000	0.0000	0.0000	0.0000	0.0000	0.0000	0.0000	0.0000	0.0000	0.0000	0.0000	0.0000	0.0000	0.0000	0.0000	0.0000	0.0000	0.0000	0.0000	0.0000	0.0000	0.0000	0.0000	0.0000	0.0000	0.0000	0.0000	0.0000	0.0000	0.0000	0.0000	0.0000	0.0000	0.0000	0.0000	0.0000	0.0000	0.0000											
18	91	0.7223	3	1	0	1	0	0	0	0	0	N	N	N	N	N	N	N	N	N	N	N	N	4.9003	0.3412	inf	0.0677	0.0516	inf	inf	inf	inf	0.7145	0.5401	2.0005	0.0845	0.0672	0.4139	0.8174	0.6245	2.0989	0.1458	1.5828	0.0000	1.2479	1.3040	0.0000	0.0000	0.0000	0.0000	0.5023	0.0000	-0.1513	-0.1467	18.0000	11.5137	5.9994	4.9035	2.9613	1.9711	0.9902	0.0492	0.0372	0.0120	2.9121	1.9339	0.9782	0.2182	0.2182	0.0000	0.2182	0.2182	0.0000	0.0000	0.0000	0.0000	4.1446	3.6497	0.4950	0.5821	0.5532	0.0289	3.5626	3.0965	0.4661	1.4968	0.4828	1.0140	0.1749	0.1674	0.0075	1.3219	0.3154	1.0064	4.9003	1.1948	inf	0.0677	0.0516	inf	inf	inf	inf	0.1458	0.4520	0.0000	1.2479	1.3040	0.0000	0.0000	0.0000	0.0000
19	20	0.1328	2	0	2	0	0	0	0	0	0	N	Y	N	N	N	N	N	N	N	N	N	N	17.7408	0.0000	inf	0.0000	0.0000	inf	inf	0.0083	0.0000	0.0526	0.0000	0.0000	0.0000	0.0087	0.0000	0.0533	0.0005	0.0022	0.0000	0.0019	0.0059	0.0000	0.0000	0.0000	0.0000	inf	0.0000	0.0023	-0.0001	2.0070	9.0000	1.9996	1.0006	0.0037	0.0000	0.0037	0.0000	0.0000	0.0000	0.0037	0.0000	0.0037	0.0001	0.0001	0.0000	0.0001	0.0001	0.0000	0.0000	0.0000	0.0000	0.4412	0.3712	0.0700	0.0194	0.0184	0.0010	0.4218	0.3528	0.0690	0.2864	0.0598	0.2265	0.0699	0.0230	0.0469	0.2165	0.0369	0.1796	17.7408	0.0000	inf	0.0000	0.0000	0.0000	inf	0.0000	inf	0.0005	0.0022	0.0000	0.0019	0.0059	0.0000	0.0000	0.0000	0.0000		
19	21	0.1894	3	1	2	0	0	0	0	0	0	N	Y	N	N	N	N	N	N	N	N	N	N	3.4011	1.7890	1.5850	1.4962	1.2791	9.5890	53.0771	0.1986	0.7605	0.0215	0.0254	0.0001	0.0179	0.0202	0.0001	0.0240	0.0292	0.0000	0.0063	0.0142	0.0000	0.0119	0.0158	0.0000	0.0005	0.1472	0.0000	0.0004	0.0035	-0.0008	-0.0005	2.0070	0.9600	1.9996	1.3160	0.0020	0.0020	0.0000	0.0007	0.0007	0.0000	0.0014	0.0014	0.0000	0.0008	0.0008	0.0000	0.0007	0.0007	0.0000	0.0000	0.0000	0.0000	0.0952	0.0806	0.0146	0.0387	0.0343	0.0045	0.0564	0.0463	0.0101	0.1216	0.0540	0.0676	0.0621	0.0470	0.0151	0.0595	0.0070	0.0525	3.4011	1.7890	1.5850	1.4962	1.2791	9.5890	53.0771	8.3776	0.7605	0.0063	0.0142	0.0000	0.0119	0.0158	0.0000	0.0005	0.0035	0.0000
19	22	0.0795	2	0	2	0	0	0	0	0	0	N	Y	N	N	N	N	N	N	N	N	N	N	inf	inf	inf	inf	0.0250	0.0300	0.0000	0.0882	0.0953	0.0000	0.0000	0.0000	0.0000	0.0000	0.0000	0.0000	0.0000	0.0000	0.0000	0.0000	0.0000	0.0000	0.0000	-0.0000	0.0000	2.0070	0.0000	1.9996	0.0000	0.0000	0.0000	0.0000	0.0000	0.0000	0.0000	0.0000	0.0000	0.0000	0.0000	0.0000	0.0000	0.0000	0.0000	0.0000	0.0000	0.0000	0.0000	0.0000	0.0000	0.0000	0.0000	0.0000	0.0000	0.0000	0.0000	0.0000	0.0000	0.0000	0.0000	0.0000	0.0000	0.0000	0.0000	0.0000	0.0000	inf	inf	0.0000	inf	inf	0.0000	0.0000	0.0000	0.0000	0.0000	0.0000	0.0000	0.0000	0.0000	0.0000	0.0000	0.0000	0.0000						
19	23	0.1328	2	1	2	0	0	0	0	0	0	N	Y	N	N	N	N	N	N	N	N	N	N	0.0674	0.0169	0.3816	0.1320	0.0000	0.0000	0.0000	0.0007	0.0008	0.0000	0.0000	0.0000	0.0000	0.0005	0.0022	0.0000	0.0019	0.0059	0.0000	0.0000	0.0000	0.0000	0.0000	0.0000	-0.0000	-0.0001	2.0070	6.0000	1.9996	4.0006	0.0000	0.0000	0.0000	0.0000	0.0000	0.0000	0.0000	0.0000	0.0000	0.0001	0.0001	0.0000	0.0001	0.0001	0.0000	0.0000	0.0000	0.0000	0.3158	0.2635	0.0523	0.0136	0.0129	0.0007	0.3022	0.2506	0.0516	0.2864	0.0598	0.2265	0.0699	0.0230	0.0469	0.2165	0.0369	0.1796	0.0674	0.0169	0.0000	0.3816	0.1320	0.0000	0.0000	0.0000	0.0000	0.0005	0.0022	0.0000	0.0019	0.0059	0.0000	0.0000	0.0000	0.0000					
19	24	0.1328	2	0	2	0	0	0	0	0	0	N	Y	N	N	N	N	N	N	N	N	N	N	0.0011	0.0013	0.0000	0.0000	0.0000	0.0000	0.0027	inf	0.0000	0.0000	0.0001	0.0000	0.0000	0.0000	0.0000	0.0000	0.0001	0.0000	0.0398	0.0418	0.0393	0.1299	0.1078	0.1406	0.0172	0.0000	0.0126	0.0000	3.5936	-0.0000	0.0012	2.0070	4.0000	1.9996	4.9994	0.0000	0.0000	0.0000	0.0000	0.0000	0.0000	0.0000	0.0000	0.0000	0.0106	0.0023	0.0083	0.0085	0.0023	0.0062	0.0021	0.0000	0.0021	0.2213	0.1835	0.0378	0.0094	0.0089	0.0005	0.2119	0.1746	0.0373	0.2655	0.0551	0.2105	0.0652	0.0213	0.0439	0.2003	0.0337	0.1666	0.0011	0.0013	0.0000	0.0000	0.0000	0.0000	0.0045	inf	0.0000	0.0398	0.0418	0.0393	0.1299	0.1078	0.1406	0.0105	0.0000	0.0126
19	25	0.1798	3	0	2	1	1	0	0	0	0	N	Y	N	N	N	N	N	N	N	N	N	N	0.0226	0.0074	0.0029	0.0706	0.0477	0.0000	0.0022	0.0000	0.0000	0.0141	0.0165	0.0000	0.0548	0.0609	0.0000	0.0000	0.0000	0.0000	0.6232	2.2220	0.0001	0.7765	1.2763	0.0000	0.0002	0.0407	0.0001	0.0000	0.0001	-0.0003	-0.0181	2.0070	0.8908	1.9996	1.0730	0.0009	0.0009	0.0000	0.0009	0.0009	0.0000	0.0000	0.0000	0.0000	0.0269	0.0269	0.0000	0.0269	0.0269	0.0000	0.0000	0.0000	0.0000	0.0631	0.0538	0.0092	0.0162	0.0146	0.0016	0.0469	0.0392	0.0076	0.0965	0.0329	0.0636	0.0347	0.0211	0.0136	0.0618	0.0118	0.0500	0.0505	0.0202	0.0029	0.0706	0.0477	0.0000	0.0022	0.0006	0.0000	0.2791	0.8178	0.0001	0.7765	1.2763	0.0000	0.0002	0.0009	0.0001
19	26	0.1328	2	0	1	0	1	0	0	0	0	N	N	N	N	N	N	N	N	N	N	N	N	0.0330	0.2518	0.1192	0.3181	0.1061	96.4389	0.0257	0.0713	0.0950	0.0051	0.0014	0.0229	0.0014	0.0014	0.0004	0.0053	0.0014	0.0232	0.1546	0.0054	0.1923	0.0043	0.0134	0.0000	0.2049	0.0192	0.2443	3.5005	140.0029	0.0004	0.0087	2.0070	3.1159	1.9996	2.1859	0.0009	0.0002	0.0007	0.0000	0.0000	0.0000	0.0009	0.0002	0.0007	0.0271	0.0002	0.0269	0.0002	0.0002	0.0000	0.0269	0.0000	0.0269	0.1763	0.1458	0.0305	0.0074	0.0071	0.0004	0.1689	0.1388	0.0301	0.1752	0.0353	0.1399	0.0439	0.0141	0.0298	0.1313	0.0212	0.1101	0.0330	0.2518	0.1192	0.3181	0.1061	96.4389	0.0257	7.9401	0.0950	0.1546	0.0054	0.1923	0.0043	0.0134	0.0000	0.2049	0.0002	0.2443
19	27	0.1328	2	0	2	0	0	0	0	0	0	N	Y	N	N	N	N	N	N	N	N	N	N	334.9927	82.1421	1891.3326	648.4872	0.0064	0.0076	0.0000	0.1459	0.1536	0.0000	0.0000	0.0000	0.0000	0.0000	0.0001	0.0000	0.0001	0.0002	0.0000	0.0000	0.0000	0.0000	0.0000	0.0000	-0.0010	-0.0000	2.0070	8.0000	1.9996	0.0006	0.0026	0.0026	0.0000	0.0026	0.0026	0.0000	0.0000	0.0000	0.0000	0.0000	0.0000	0.0000	0.0000	0.0000	0.0000	0.0000	0.0000	0.0000	0.4014	0.3368	0.0646	0.0175	0.0167	0.0009	0.3839	0.3202	0.0637	0.2433	0.0501	0.1932	0.0600	0.0196	0.0405	0.1832	0.0305	0.1527	334.9927	82.1421	0.0000	1891.3326	648.4872	0.0000	0.0000	0.0000	0.0000	0.0000	0.0001	0.0000	0.0001	0.0002	0.0000	0.0000	0.0000	0.0000					
19	28	0.2085	3	1	2	0	0	0	0	0	0	N	Y	N	N	N	N	N	N	N	N	N	N	0.0000	0.0000	0.0030	0.0000	0.0000	0.0232	0.0006	0.0020	0.0000	0.0000	0.0000	0.0000	0.0000	0.0000	0.0000	0.0000	0.0000	0.0028	0.0066	0.0001	0.0118	0.0125	0.0000	0.0000	0.0000	0.0001	0.1289	0.0114	-0.0000	-0.0003	2.0070	2.9919	1.9996	1.1331	0.0000	0.0000	0.0000	0.0000	0.0000	0.0000	0.0000	0.0000	0.0000	0.0005	0.0005	0.0000	0.0005	0.0005	0.0000	0.0000	0.0000	0.0000	0.1672	0.1521	0.0151	0.0771	0.0736	0.0036	0.0900	0.0786	0.0115	0.1614	0.0689	0.0925	0.0385	0.0364	0.0021	0.1229	0.0324	0.0904	0.0000	0.0000	0.0030	0.0000	0.0000	0.0232	0.0006	0.0000	0.0020	0.0028	0.0066	0.0001	0.0118	0.0125	0.0000	0.0000	0.0000	0.0001	
19	29	0.1328	2	0	1	0	0	0	0	0	0	N	N	N	N	N	N	N	N	N	N	N	N	0.0012	0.0031	0.0000	0.0097	0.0294	0.0000	0.0000	0.0000	0.0000	0.0000	0.0000	0.0000	0.0009	0.0009	0.0000	0.0000	0.0000	0.0000	0.0304	0.0142	0.0347	0.0892	0.0309	0.1177	0.0186	0.1528	0.0129	0.0000	9.2266	-0.0000	0.0020	2.0070	5.0156	1.9996	4.8897	0.0000	0.0000	0.0000	0.0000	0.0000	0.0000	0.0000	0.0000	0.0000	0.0086	0.0008	0.0078	0.0062	0.0007	0.0055	0.0025	0.0001	0.0023	0.2705	0.2250	0.0455	0.0116	0.0110	0.0006	0.2589	0.2140	0.0449	0.2845	0.0594	0.2251	0.0695	0.0228	0.0467	0.2150	0.0366	0.1784	0.0012	0.0031	0.0000	0.0097	0.0294	0.0000	0.0000	0.0000	0.0000	0.0304	0.0142	0.0347	0.0892	0.0309	0.1177	0.0114	0.0038	0.0129
19	30	0.1459	3	0	2	0	1	0	0	0	0	N	Y	N	N	N	N	N	N	N	N	N	N	221.2826	0.0000	2097.8091	321.3686	0.0000	4409.2149	0.0000	0.0000	0.0002	0.0000	0.0015	0.0007	0.0000	0.0080	0.0000	0.0000	0.0000	0.0000	0.0000	0.0000	0.0000	0.0000	0.0000	0.0000	0.0000	0.0000	inf	1.3077	0.0000	-0.0000	2.0070	3.9676	1.9996	1.0007	0.0000	0.0000	0.0000	0.0000	0.0000	0.0000	0.0000	0.0000	0.0000	0.0000	0.0000	0.0000	0.0000	0.0000	0.0000	0.0000	0.0000	0.0000	0.2336	0.2011	0.0325	0.0646	0.0586	0.0061	0.1690	0.1426	0.0265	0.1411	0.0356	0.1055	0.0468	0.0182	0.0286	0.0943	0.0174	0.0769	221.2826	0.0000	2097.8091	321.3686	0.0000	4409.2149	0.0000	0.0000	0.0000	0.0000	0.0000	0.0000	0.0000	0.0000	0.0000	0.0000	0.0000	0.0000	
19	31	0.1328	2	1	2	0	0	0	0	0	0	N	Y	N	N	N	N	N	N	N	N	N	N	97.6971	24.1632	0.0000	0.0000	inf	inf	0.0120	0.0145	0.0000	0.0000	0.0000	0.0000	0.0126	0.0152	0.0000	0.0001	0.0006	0.0000	0.0005	0.0015	0.0000	0.0000	0.0000	0.0000	0.0000	0.0000	-0.0013	-0.0000	2.0070	5.0000	1.9996	3.0000	0.0033	0.0033	0.0000	0.0000	0.0000	0.0000	0.0033	0.0033	0.0000	0.0000	0.0000	0.0000	0.0000	0.0000	0.0000	0.0000	0.0000	0.0000	0.2697	0.2244	0.0454	0.0115	0.0110	0.0006	0.2582	0.2134	0.0448	0.2433	0.0500	0.1932	0.0600	0.0196	0.0405	0.1832	0.0305	0.1527	97.6971	24.1632	0.0000	0.0000	0.0000	0.0000	inf	inf	0.0000	0.0001	0.0006	0.0000	0.0005	0.0015	0.0000	0.0000	0.0000	0.0000			
19	32	0.1749	3	0	1	1	0	0	0	0	0	N	N	N	N	N	N	N	N	N	N	N	N	0.0008	0.0002	0.0000	0.0006	0.0002	0.0000	0.0000	0.0000	0.0000	0.0000	0.0000	0.0000	0.0000	0.0000	0.0000	0.0000	0.0000	0.0005	0.0024	0.0000	0.0017	0.0042	0.0000	0.0000	0.0224	0.0000	0.0000	0.0140	-0.0000	-0.0000	2.0070	0.0319	1.9996	1.0050	0.0000	0.0000	0.0000	0.0000	0.0000	0.0000	0.0000	0.0000	0.0000	0.0000	0.0000	0.0000	0.0000	0.0000	0.0000	0.0000	0.0000	0.0000	0.0090	0.0066	0.0024	0.0039	0.0039	0.0001	0.0051	0.0027	0.0023	0.0397	0.0088	0.0309	0.0119	0.0048	0.0070	0.0278	0.0039	0.0238	0.0008	0.0002	0.0000	0.0006	0.0002	0.0000	0.0000	0.0000	0.0000	0.0005	0.0024	0.0000	0.0017	0.0042	0.0000	0.0000	0.0002	0.0000	
19	33	0.1459	4	0	2	0	0	0	0	0	0	N	Y	N	N	N	N	N	N	N	N	N	N	0.0213	0.0055	0.0167	0.0065	0.0000	0.0000	0.0002	0.0002	0.0000	0.0005	0.0005	0.0000	0.0000	0.0000	0.0000	0.0106	0.0429	0.0000	0.0312	0.0821	0.0000	0.0000	0.0040	0.0000	0.0000	0.0000	-0.0000	-0.0002	2.0070	0.0023	1.9996	1.0003	0.0000	0.0000	0.0000	0.0000	0.0000	0.0000	0.0000	0.0000	0.0000	0.0003	0.0003	0.0000	0.0003	0.0003	0.0000	0.0000	0.0000	0.0000	0.0005	0.0005	0.0000	0.0002	0.0002	0.0000	0.0003	0.0003	0.0000	0.0322	0.0079	0.0243	0.0109	0.0041	0.0068	0.0213	0.0038	0.0175	0.0213	0.0055	0.0000	0.0167	0.0065	0.0000	0.0000	0.0000	0.0000	0.0106	0.0429	0.0000	0.0312	0.0821	0.0000	0.0000	0.0000	0.0000			
19	34	0.1328	2	1	1	1	0	0	0	0	0	N	N	N	N	N	N	N	N	N	N	N	N	0.0415	0.0103	0.0000	0.0000	inf	inf	0.0001	0.0001	0.0000	0.0000	0.0000	0.0000	0.0001	0.0001	0.0000	0.0014	0.0069	0.0000	0.0057	0.0176	0.0000	0.0000	0.0000	0.0000	0.0000	0.0000	-0.0000	-0.0002	2.0070	3.0000	1.9996	5.0006	0.0000	0.0000	0.0000	0.0000	0.0000	0.0000	0.0000	0.0000	0.0000	0.0003	0.0003	0.0000	0.0003	0.0003	0.0000	0.0000	0.0000	0.0000	0.1703	0.1408	0.0295	0.0072	0.0068	0.0004	0.1631	0.1340	0.0292	0.2433	0.0501	0.1932	0.0600	0.0196	0.0405	0.1832	0.0305	0.1527	0.0415	0.0103	0.0000	0.0000	0.0000	0.0000	inf	inf	0.0000	0.0014	0.0069	0.0000	0.0057	0.0176	0.0000	0.0000	0.0000	0.0000			
19	35	0.1328	2	0	2	0	1	0	0	0	0	N	Y	N	N	N	N	N	N	N	N	N	N	0.0728	0.0177	0.4335	0.1465	0.0001	0.0001	0.0000	0.0014	0.0015	0.0000	0.0000	0.0000	0.0000	0.0008	0.0040	0.0000	0.0032	0.0100	0.0000	0.0000	0.0000	0.0000	0.0000	0.0000	-0.0000	-0.0001	2.0070	3.0000	1.9996	2.0006	0.0000	0.0000	0.0000	0.0000	0.0000	0.0000	0.0000	0.0000	0.0000	0.0001	0.0001	0.0000	0.0001	0.0001	0.0000	0.0000	0.0000	0.0000	0.1703	0.1408	0.0295	0.0072	0.0068	0.0004	0.1631	0.1340	0.0292	0.1668	0.0335	0.1333	0.0419	0.0134	0.0284	0.1250	0.0201	0.1049	0.0728	0.0177	0.0000	0.4335	0.1465	0.0000	0.0000	0.0000	0.0000	0.0008	0.0040	0.0000	0.0032	0.0100	0.0000	0.0000	0.0000	0.0000					
19	36	0.1328	2	1	1	1	0	0	0	0	0	N	N	N	N	N	N	N	N	N	N	N	N	0.9211	0.0013	1.5610	0.6538	0.0000	inf	0.7645	inf	1.1866	4.5160	0.0001	26.4553	0.0234	0.0000	0.4722	4.7152	0.0001	26.7797	4.9026	0.0424	16.9473	0.0358	0.1095	0.0000	6.1675	0.0000	22.5682	99935.0000	418.2673	0.6141	0.3186	2.0070	4.0000	1.9996	5.0006	0.9994	0.0000	0.9993	0.0002	0.0000	0.0002	0.9991	0.0000	0.9991	0.9788	0.0023	0.9765	0.0023	0.0023	0.0000	0.9765	0.0000	0.9765	0.2213	0.1835	0.0378	0.0094	0.0089	0.0005	0.2119	0.1746	0.0373	0.2655	0.0551	0.2105	0.0652	0.0213	0.0439	0.2004	0.0337	0.1666	1.2251	0.0013	5.7025	0.6538	0.0000	inf	0.9675	inf	4.5697	3.6861	0.0424	4.6392	0.0358	0.1095	0.0000	4.8738	0.0000	5.8603
19	37	0.1328	2	1	1	1	0	0	0	0	0	N	N	N	N	N	N	N	N	N	N	N	N	1.0000	0.0012	1.6070	0.7248	0.0000	inf	0.9457	inf	1.0680	5.8686	0.0001	33.8547	0.0307	0.0000	0.6205	6.1253	0.0001	34.2587	5.8686	0.0579	21.0676	0.0423	0.1305	0.0000	6.4767	0.0000	32.0761	99935.0000	423.7120	0.6141	0.3186	2.0070	3.0000	1.9996	4.0006	0.9994	0.0000	0.9993	0.0002	0.0000	0.0002	0.9991	0.0000	0.9991	0.9788	0.0023	0.9765	0.0023	0.0023	0.0000	0.9765	0.0000	0.9765	0.1703	0.1408	0.0295	0.0072	0.0068	0.0004	0.1631	0.1340	0.0292	0.2195	0.0448	0.1747	0.0545	0.0177	0.0368	0.1650	0.0272	0.1379	1.3159	0.0014	6.0554	0.7248	0.0000	inf	1.0350	inf	4.8363	4.4599	0.0514	5.5908	0.0423	0.1305	0.0000	5.9181	0.0000	7.0837
19	38	0.1459	4	0	1	1	0	0	0	0	0	N	N	N	N	N	N	N	N	N	N	N	N	0.4260	0.2835	0.0000	0.6253	0.5009	0.0000	0.0000	0.0000	0.0000	0.0000	0.0000	0.0000	0.0000	0.0000	0.0000	0.0000	0.0000	0.0000	0.0000	0.0000	0.0000	0.0000	0.0000	0.0000	0.0000	0.0000	0.0000	1.3077	-0.0000	-0.0000	2.0070	1.0023	1.9996	0.0007	0.0000	0.0000	0.0000	0.0000	0.0000	0.0000	0.0000	0.0000	0.0000	0.0000	0.0000	0.0000	0.0000	0.0000	0.0000	0.0000	0.0000	0.0000	0.0633	0.0541	0.0092	0.0177	0.0160	0.0017	0.0456	0.0381	0.0075	0.0322	0.0079	0.0243	0.0109	0.0041	0.0068	0.0213	0.0038	0.0175	0.4260	0.2835	0.0000	0.6253	0.5009	0.0000	0.0000	0.0000	0.0000	0.0000	0.0000	0.0000	0.0000	0.0000	0.0000	0.0000	0.0000	0.0000	
19	39	0.1459	3	0	1	0	0	0	0	0	0	N	N	N	N	N	N	N	N	N	N	N	N	1.1909	0.6469	2.1105	1.3674	0.8170	7.6095	0.0000	0.0000	0.0002	0.0002	0.0003	0.0006	0.0005	0.0017	0.0000	0.0000	0.0000	0.0002	0.0004	0.0001	0.0004	0.0007	0.0002	0.0001	0.0000	0.0001	0.0662	0.9999	-0.0000	-0.0000	2.0070	0.0347	1.9996	0.0013	0.0000	0.0000	0.0000	0.0000	0.0000	0.0000	0.0000	0.0000	0.0000	0.0000	0.0000	0.0000	0.0000	0.0000	0.0000	0.0000	0.0000	0.0000	0.0070	0.0067	0.0004	0.0030	0.0029	0.0001	0.0040	0.0037	0.0003	0.0013	0.0004	0.0009	0.0004	0.0002	0.0003	0.0008	0.0002	0.0007	1.1909	0.6469	2.1105	1.3674	0.8170	7.6095	0.0000	0.0000	0.0000	0.0002	0.0004	0.0001	0.0004	0.0007	0.0002	0.0001	0.0000	0.0001	
19	40	0.1328	2	0	1	0	0	0	0	0	0	N	N	N	N	N	N	N	N	N	N	N	N	0.3275	0.0794	1.9363	0.6544	0.0003	0.0003	0.0000	0.0063	0.0066	0.0000	0.0000	0.0000	0.0000	0.0008	0.0040	0.0000	0.0032	0.0101	0.0000	0.0000	0.0000	0.0000	0.0000	0.0000	-0.0000	-0.0001	2.0070	3.9674	1.9996	1.0003	0.0001	0.0001	0.0000	0.0001	0.0001	0.0000	0.0000	0.0000	0.0000	0.0001	0.0001	0.0000	0.0001	0.0001	0.0000	0.0000	0.0000	0.0000	0.2197	0.1822	0.0375	0.0093	0.0089	0.0005	0.2103	0.1733	0.0371	0.1659	0.0334	0.1326	0.0416	0.0134	0.0283	0.1243	0.0200	0.1043	0.3275	0.0794	0.0000	1.9363	0.6544	0.0000	0.0000	0.0000	0.0000	0.0008	0.0040	0.0000	0.0032	0.0101	0.0000	0.0000	0.0000	0.0000					
19	41	0.1859	4	0	2	0	0	0	0	0	0	N	Y	N	N	N	N	N	N	N	N	N	N	0.0000	0.0000	0.0000	0.0000	0.0000	0.0000	0.0000	0.0000	0.0000	0.0000	0.0000	0.0000	0.0000	0.0000	0.0000	0.0000	0.0000	0.0001	0.0006	0.0000	0.0005	0.0012	0.0000	0.0000	0.0097	0.0000	0.0231	0.0000	-0.0000	2.0070	1.0144	1.9996	1.0128	0.0000	0.0000	0.0000	0.0000	0.0000	0.0000	0.0000	0.0000	0.0000	0.0000	0.0000	0.0000	0.0000	0.0000	0.0000	0.0000	0.0000	0.0000	0.0688	0.0602	0.0086	0.0222	0.0204	0.0018	0.0466	0.0398	0.0068	0.0737	0.0159	0.0578	0.0218	0.0086	0.0132	0.0520	0.0073	0.0447	0.0000	0.0000	0.0000	0.0000	0.0000	0.0000	0.0000	0.0000	0.0000	0.0001	0.0006	0.0000	0.0005	0.0012	0.0000	0.0000	0.0000	0.0000		
19	42	0.1328	2	1	2	1	0	0	0	0	0	N	Y	N	N	N	N	N	N	N	N	N	N	0.0013	0.0093	0.0000	0.0000	0.0000	0.0000	0.0028	inf	0.0000	0.0001	0.0001	0.0000	0.0000	0.0000	0.0000	0.0001	0.0001	0.0000	0.0442	0.0076	0.0534	0.1336	0.0192	0.1881	0.0216	0.0000	0.0172	0.0000	27.5512	-0.0000	0.0025	2.0070	3.0000	1.9996	2.9994	0.0000	0.0000	0.0000	0.0000	0.0000	0.0000	0.0000	0.0000	0.0000	0.0086	0.0003	0.0083	0.0065	0.0003	0.0062	0.0021	0.0000	0.0021	0.1703	0.1408	0.0295	0.0072	0.0068	0.0004	0.1631	0.1340	0.0292	0.1940	0.0393	0.1547	0.0484	0.0156	0.0328	0.1456	0.0237	0.1219	0.0013	0.0093	0.0000	0.0000	0.0000	0.0000	0.0043	inf	0.0000	0.0442	0.0076	0.0534	0.1336	0.0192	0.1881	0.0144	0.0000	0.0172
19	43	0.1328	2	1	2	1	0	0	0	0	0	N	Y	N	N	N	N	N	N	N	N	N	N	0.9202	0.0100	1.5027	0.2360	0.0000	3.3584	0.7638	inf	1.1802	4.5160	0.0001	26.4553	0.0234	0.0000	0.4722	4.7152	0.0001	26.7797	4.9079	0.0054	17.6053	0.0992	0.0141	0.1406	6.1735	0.0000	22.6906	99935.0000	3282.5512	0.6141	0.3227	2.0070	4.0000	1.9996	4.9994	0.9994	0.0000	0.9993	0.0002	0.0000	0.0002	0.9991	0.0000	0.9991	0.9851	0.0003	0.9848	0.0065	0.0003	0.0062	0.9786	0.0000	0.9786	0.2213	0.1835	0.0378	0.0094	0.0089	0.0005	0.2119	0.1746	0.0373	0.2655	0.0551	0.2105	0.0652	0.0213	0.0439	0.2003	0.0337	0.1666	1.2173	0.0100	5.6542	0.2360	0.0000	3.3584	0.9653	inf	4.5594	3.7099	0.0054	4.6789	0.0992	0.0141	0.1406	4.8847	0.0000	5.8735
19	44	0.2704	3	1	2	0	0	0	0	0	0	N	Y	N	N	N	N	N	N	N	N	N	N	0.0000	0.0000	0.0000	0.0000	0.0000	0.0000	0.0000	0.0000	0.0000	0.0000	0.0000	0.0000	0.0000	0.0000	0.0000	0.0000	0.0000	0.0000	0.0000	0.0000	2.0070	2.0000	1.9996	1.0000	0.0000	0.0000	0.0000	0.0000	0.0000	0.0000	0.0000	0.0000	0.0000	0.0000	0.0000	0.0000	0.0000	0.0000	0.0000	0.0000	0.0000	0.0000	0.1084	0.0919	0.0166	0.0101	0.0092	0.0009	0.0983	0.0827	0.0156	0.0817	0.0257	0.0560	0.0376	0.0147	0.0230	0.0441	0.0110	0.0330	0.0000	0.0000	0.0000	0.0000	0.0000	0.0000	0.0000	0.0000	0.0000	0.0000	0.0000	0.0000	0.0000	0.0000	0.0000	0.0000	0.0000	0.0000											
19	45	0.1980	4	0	2	0	1	0	0	0	0	N	Y	N	N	N	N	N	N	N	N	N	N	0.0000	0.0000	0.0000	0.0000	0.0000	0.0000	0.0000	0.0000	0.0000	0.0000	0.0000	0.0000	0.0000	0.0000	0.0000	0.0000	0.0000	0.0000	0.0000	0.0000	2.0070	1.0000	1.9996	0.0000	0.0000	0.0000	0.0000	0.0000	0.0000	0.0000	0.0000	0.0000	0.0000	0.0000	0.0000	0.0000	0.0000	0.0000	0.0000	0.0000	0.0000	0.0000	0.0619	0.0522	0.0097	0.0101	0.0087	0.0014	0.0518	0.0435	0.0083	0.0383	0.0081	0.0302	0.0113	0.0042	0.0071	0.0270	0.0039	0.0231	0.0000	0.0000	0.0000	0.0000	0.0000	0.0000	0.0000	0.0000	0.0000	0.0000	0.0000	0.0000	0.0000	0.0000	0.0000	0.0000	0.0000	0.0000											
19	46	0.1980	4	0	1	0	1	0	0	0	0	N	N	N	N	N	N	N	N	N	N	N	N	0.0000	0.0000	0.0000	0.0000	0.0000	0.0000	0.0000	0.0000	0.0000	0.0000	0.0000	0.0000	0.0000	0.0000	0.0000	0.0000	0.0000	0.0000	0.0000	0.0000	2.0070	0.0000	1.9996	0.0000	0.0000	0.0000	0.0000	0.0000	0.0000	0.0000	0.0000	0.0000	0.0000	0.0000	0.0000	0.0000	0.0000	0.0000	0.0000	0.0000	0.0000	0.0000	0.0000	0.0000	0.0000	0.0000	0.0000	0.0000	0.0000	0.0000	0.0000	0.0000	0.0000	0.0000	0.0000	0.0000	0.0000	0.0000	0.0000	0.0000	0.0000	0.0000	0.0000	0.0000	0.0000	0.0000	0.0000	0.0000	0.0000	0.0000	0.0000	0.0000	0.0000	0.0000	0.0000	0.0000	0.0000	0.0000											
19	47	0.1650	3	0	1	0	1	0	0	0	0	N	N	N	N	N	N	N	N	N	N	N	N	3.5154	0.0000	9434.5619	0.0000	0.0000	0.0000	5.2746	0.0000	8892.4252	0.0257	0.0000	0.1672	0.0000	0.0000	0.0000	0.0310	0.0000	0.1961	0.0073	0.0191	0.0000	0.0146	0.0243	0.0000	0.0059	0.6677	0.0000	735955.3409	0.0015	0.0020	-0.0010	2.0070	2.0873	1.9996	1.9360	0.0032	0.0000	0.0032	0.0000	0.0000	0.0000	0.0032	0.0000	0.0032	0.0015	0.0015	0.0000	0.0012	0.0012	0.0000	0.0003	0.0003	0.0000	0.1262	0.1069	0.0194	0.0219	0.0190	0.0029	0.1044	0.0879	0.0165	0.2101	0.0802	0.1299	0.0839	0.0503	0.0336	0.1262	0.0299	0.0962	3.5154	0.0000	9434.5619	0.0000	0.0000	0.0000	12.6629	0.0000	8892.4252	0.0073	0.0191	0.0000	0.0146	0.0243	0.0000	0.0025	0.0103	0.0000
19	48	0.1328	2	0	1	0	1	0	0	0	0	N	N	N	N	N	N	N	N	N	N	N	N	0.0104	0.0039	0.0374	0.0649	0.0407	0.0000	0.0039	0.0000	0.0417	0.0001	0.0001	0.0003	0.0011	0.0011	0.0000	0.0001	0.0000	0.0003	0.0096	0.0142	0.0085	0.0167	0.0281	0.0114	0.0146	0.2142	0.0077	1.1769	2.3810	0.0000	0.0000	2.0070	3.9129	1.9996	0.7267	0.0000	0.0000	0.0000	0.0000	0.0000	0.0000	0.0000	0.0000	0.0000	0.0015	0.0004	0.0011	0.0007	0.0004	0.0003	0.0008	0.0001	0.0008	0.2170	0.1799	0.0371	0.0092	0.0087	0.0005	0.2078	0.1711	0.0366	0.1566	0.0314	0.1252	0.0394	0.0126	0.0267	0.1172	0.0188	0.0984	0.0104	0.0039	0.0374	0.0649	0.0407	0.0000	0.0078	0.0000	0.0417	0.0096	0.0142	0.0085	0.0167	0.0281	0.0114	0.0073	0.0049	0.0077
19	49	0.1328	2	0	2	1	0	0	0	0	0	N	Y	N	N	N	N	N	N	N	N	N	N	0.0236	0.0059	0.1115	0.0386	inf	inf	0.0002	0.0002	0.0000	0.0037	0.0039	0.0000	0.0000	0.0000	0.0000	0.0080	0.0385	0.0000	0.0330	0.1002	0.0000	0.0000	0.0000	0.0000	0.0000	0.0000	-0.0000	-0.0015	2.0070	6.0000	1.9996	4.0006	0.0001	0.0001	0.0000	0.0001	0.0001	0.0000	0.0000	0.0000	0.0000	0.0023	0.0023	0.0000	0.0023	0.0023	0.0000	0.0000	0.0000	0.0000	0.3158	0.2635	0.0523	0.0136	0.0129	0.0007	0.3022	0.2506	0.0516	0.2864	0.0598	0.2265	0.0699	0.0230	0.0469	0.2165	0.0369	0.1796	0.0236	0.0059	0.0000	0.1115	0.0386	0.0000	inf	inf	0.0000	0.0080	0.0385	0.0000	0.0330	0.1002	0.0000	0.0000	0.0000	0.0000			
19	50	0.1328	2	1	1	1	0	0	0	0	0	N	N	N	N	N	N	N	N	N	N	N	N	0.0036	0.0009	0.0000	0.0000	inf	inf	0.0000	0.0000	0.0000	0.0000	0.0000	0.0000	0.0000	0.0000	0.0000	0.0087	0.0419	0.0000	0.0354	0.1080	0.0000	0.0000	0.0000	0.0000	0.0000	0.0000	-0.0000	-0.0015	2.0070	6.0000	1.9996	3.0006	0.0000	0.0000	0.0000	0.0000	0.0000	0.0000	0.0000	0.0000	0.0000	0.0023	0.0023	0.0000	0.0023	0.0023	0.0000	0.0000	0.0000	0.0000	0.3158	0.2635	0.0523	0.0136	0.0129	0.0007	0.3022	0.2506	0.0516	0.2655	0.0551	0.2105	0.0652	0.0213	0.0439	0.2004	0.0337	0.1666	0.0036	0.0009	0.0000	0.0000	0.0000	0.0000	inf	inf	0.0000	0.0087	0.0419	0.0000	0.0354	0.1080	0.0000	0.0000	0.0000	0.0000			
19	51	0.1706	3	1	2	0	0	0	0	0	0	N	Y	N	N	N	N	N	N	N	N	N	N	0.0516	0.0154	0.0000	0.0957	0.0348	0.0000	0.0000	0.0000	0.0000	0.0001	0.0002	0.0000	0.0008	0.0009	0.0000	0.0000	0.0000	0.0000	0.0027	0.0110	0.0000	0.0087	0.0253	0.0000	0.0002	0.0335	0.0000	0.0000	0.0118	-0.0000	-0.0002	2.0070	1.0314	1.9996	3.0033	0.0000	0.0000	0.0000	0.0000	0.0000	0.0000	0.0000	0.0000	0.0000	0.0003	0.0003	0.0000	0.0003	0.0003	0.0000	0.0000	0.0000	0.0000	0.0659	0.0548	0.0111	0.0112	0.0106	0.0006	0.0547	0.0442	0.0105	0.1213	0.0299	0.0915	0.0367	0.0126	0.0241	0.0846	0.0173	0.0674	0.0516	0.0154	0.0000	0.0957	0.0348	0.0000	0.0000	0.0000	0.0000	0.0027	0.0110	0.0000	0.0087	0.0253	0.0000	0.0002	0.0006	0.0000
19	52	0.1328	2	1	2	0	0	0	0	0	0	N	Y	N	N	N	N	N	N	N	N	N	N	5.0040	15.3161	0.0000	436.4065	148.8876	0.0000	0.0000	0.0000	0.0000	0.0095	0.0114	0.0000	0.2219	0.2335	0.0000	0.0000	0.0000	0.0000	0.0019	0.0007	0.0022	0.0005	0.0016	0.0000	0.0054	0.0205	0.0028	0.0000	11.6565	-0.0010	0.0001	2.0070	4.9791	1.9996	0.0710	0.0026	0.0026	0.0000	0.0026	0.0026	0.0000	0.0000	0.0000	0.0000	0.0003	0.0000	0.0003	0.0000	0.0000	0.0000	0.0003	0.0000	0.0003	0.2688	0.2236	0.0452	0.0115	0.0109	0.0006	0.2573	0.2126	0.0446	0.1682	0.0338	0.1344	0.0422	0.0136	0.0286	0.1260	0.0203	0.1057	5.0040	15.3161	0.0000	436.4065	148.8876	0.0000	0.0000	0.0000	0.0000	0.0019	0.0007	0.0022	0.0005	0.0016	0.0000	0.0024	0.0002	0.0028
19	53	0.1328	2	0	2	0	0	0	0	0	0	N	Y	N	N	N	N	N	N	N	N	N	N	0.0236	0.0059	0.1115	0.0386	inf	inf	0.0002	0.0002	0.0000	0.0037	0.0039	0.0000	0.0000	0.0000	0.0000	0.0080	0.0385	0.0000	0.0330	0.1002	0.0000	0.0000	0.0000	0.0000	0.0000	0.0000	-0.0000	-0.0015	2.0070	6.0000	1.9996	4.0006	0.0001	0.0001	0.0000	0.0001	0.0001	0.0000	0.0000	0.0000	0.0000	0.0023	0.0023	0.0000	0.0023	0.0023	0.0000	0.0000	0.0000	0.0000	0.3158	0.2635	0.0523	0.0136	0.0129	0.0007	0.3022	0.2506	0.0516	0.2864	0.0598	0.2265	0.0699	0.0230	0.0469	0.2165	0.0369	0.1796	0.0236	0.0059	0.0000	0.1115	0.0386	0.0000	inf	inf	0.0000	0.0080	0.0385	0.0000	0.0330	0.1002	0.0000	0.0000	0.0000	0.0000			
19	54	0.1859	4	0	1	1	0	0	0	0	0	N	N	N	N	N	N	N	N	N	N	N	N	0.0000	0.0000	0.0000	0.0000	0.0000	0.0000	0.0000	0.0000	0.0000	0.0000	0.0000	0.0000	0.0000	0.0000	0.0000	0.0000	0.0000	0.0005	0.0024	0.0000	0.0017	0.0044	0.0000	0.0000	0.0130	0.0000	0.0058	0.0000	-0.0000	2.0070	0.0147	1.9996	0.9910	0.0000	0.0000	0.0000	0.0000	0.0000	0.0000	0.0000	0.0000	0.0000	0.0000	0.0000	0.0000	0.0000	0.0000	0.0000	0.0000	0.0000	0.0000	0.0042	0.0031	0.0011	0.0019	0.0019	0.0000	0.0023	0.0012	0.0011	0.0381	0.0082	0.0299	0.0113	0.0045	0.0068	0.0268	0.0037	0.0231	0.0000	0.0000	0.0000	0.0000	0.0000	0.0000	0.0000	0.0000	0.0000	0.0005	0.0024	0.0000	0.0017	0.0044	0.0000	0.0000	0.0001	0.0000		
19	55	0.1749	3	0	1	0	0	0	0	0	0	N	N	N	N	N	N	N	N	N	N	N	N	0.0001	0.0001	0.0000	0.0002	0.0001	0.0000	0.0000	0.0000	0.0000	0.0000	0.0000	0.0000	0.0000	0.0000	0.0000	0.0000	0.0000	0.0000	0.0004	0.0014	0.0002	0.0010	0.0024	0.0000	0.0002	0.0178	0.0002	0.0000	0.4579	-0.0000	-0.0000	2.0070	0.9556	1.9996	1.0192	0.0000	0.0000	0.0000	0.0000	0.0000	0.0000	0.0000	0.0000	0.0000	0.0000	0.0000	0.0000	0.0000	0.0000	0.0000	0.0000	0.0000	0.0000	0.0687	0.0575	0.0112	0.0173	0.0158	0.0015	0.0513	0.0417	0.0096	0.0724	0.0158	0.0566	0.0214	0.0086	0.0129	0.0510	0.0073	0.0437	0.0001	0.0001	0.0000	0.0002	0.0001	0.0000	0.0000	0.0000	0.0000	0.0004	0.0014	0.0002	0.0010	0.0024	0.0000	0.0002	0.0001	0.0002
19	56	0.1328	2	0	1	0	0	0	0	0	0	N	N	N	N	N	N	N	N	N	N	N	N	0.0647	0.0179	0.0000	0.4321	0.1467	0.0000	0.0000	0.0000	0.0001	0.0001	0.0000	0.0014	0.0015	0.0000	0.0000	0.0000	0.0000	0.0009	0.0039	0.0001	0.0032	0.0099	0.0000	0.0001	0.0059	0.0002	0.0000	0.1254	-0.0000	-0.0001	2.0070	3.0309	1.9996	3.0097	0.0000	0.0000	0.0000	0.0000	0.0000	0.0000	0.0000	0.0000	0.0000	0.0002	0.0002	0.0000	0.0002	0.0002	0.0000	0.0000	0.0000	0.0000	0.1719	0.1421	0.0298	0.0072	0.0069	0.0004	0.1647	0.1352	0.0294	0.1951	0.0395	0.1555	0.0487	0.0157	0.0330	0.1464	0.0238	0.1226	0.0647	0.0179	0.0000	0.4321	0.1467	0.0000	0.0000	0.0000	0.0000	0.0009	0.0039	0.0001	0.0032	0.0099	0.0000	0.0001	0.0000	0.0002	
19	57	0.1328	2	0	1	0	0	0	0	0	0	N	N	N	N	N	N	N	N	N	N	N	N	6920.3231	1696.0712	0.0000	0.0000	inf	inf	5.8718	7.1031	0.0000	0.0000	0.0000	0.0000	6.1301	7.4647	0.0000	0.0008	0.0042	0.0000	0.0034	0.0105	0.0000	0.0000	0.0000	0.0000	0.0000	0.0000	-0.3854	-0.0001	2.0070	3.0000	1.9996	3.0006	0.9999	0.9999	0.0000	0.0000	0.0000	0.0000	0.9999	0.9999	0.0000	0.0002	0.0002	0.0000	0.0002	0.0002	0.0000	0.0000	0.0000	0.0000	0.1703	0.1408	0.0295	0.0072	0.0068	0.0004	0.1631	0.1340	0.0292	0.1940	0.0393	0.1547	0.0484	0.0156	0.0328	0.1456	0.0237	0.1219	6920.3231	1696.0712	0.0000	0.0000	0.0000	0.0000	inf	inf	0.0000	0.0008	0.0042	0.0000	0.0034	0.0105	0.0000	0.0000	0.0000	0.0000			
19	58	0.2784	4	0	1	0	0	0	0	0	0	N	N	N	N	N	N	N	N	N	N	N	N	16.8896	1.3983	0.5273	32.4333	19.9485	1.2423	14.9239	0.2658	0.4499	1.1312	1.3222	0.0022	6.0102	6.4215	0.0003	0.2009	0.2387	0.0023	0.0670	0.9456	0.0041	0.1853	0.3219	0.0002	0.0135	0.8983	0.0052	0.0003	0.0441	-0.2516	-0.0181	2.0070	10.2575	1.9996	3.8960	0.6533	0.6531	0.0002	0.5559	0.5559	0.0000	0.0974	0.0972	0.0002	0.0288	0.0275	0.0012	0.0268	0.0267	0.0000	0.0020	0.0008	0.0012	0.5775	0.4939	0.0836	0.0925	0.0866	0.0059	0.4850	0.4074	0.0777	0.4293	0.1360	0.2933	0.1444	0.0831	0.0613	0.2849	0.0529	0.2320	16.8896	6.5284	0.5273	32.4333	19.9485	1.2423	28.6977	15.9013	0.4499	0.0670	0.2025	0.0041	0.1853	0.3219	0.0002	0.0070	0.0150	0.0052
19	59	0.2524	3	1	2	1	0	0	0	0	0	N	Y	N	N	N	N	N	N	N	N	N	N	0.0000	0.0000	0.0000	0.0000	0.0000	0.0000	0.0000	0.0000	0.0000	0.0000	0.0000	0.0000	0.0000	0.0000	0.0000	0.0000	0.0000	0.0000	0.0000	0.0000	2.0070	0.0000	1.9996	0.0000	0.0000	0.0000	0.0000	0.0000	0.0000	0.0000	0.0000	0.0000	0.0000	0.0000	0.0000	0.0000	0.0000	0.0000	0.0000	0.0000	0.0000	0.0000	0.0000	0.0000	0.0000	0.0000	0.0000	0.0000	0.0000	0.0000	0.0000	0.0000	0.0000	0.0000	0.0000	0.0000	0.0000	0.0000	0.0000	0.0000	0.0000	0.0000	0.0000	0.0000	0.0000	0.0000	0.0000	0.0000	0.0000	0.0000	0.0000	0.0000	0.0000	0.0000	0.0000	0.0000	0.0000	0.0000											
19	60	0.1328	2	1	1	1	0	0	0	0	0	N	N	N	N	N	N	N	N	N	N	N	N	0.0048	0.0056	0.0000	0.0281	0.0360	0.0000	0.0019	inf	0.0000	0.0002	0.0002	0.0000	0.0032	0.0034	0.0000	0.0000	0.0000	0.0000	0.0345	0.0357	0.0342	0.1140	0.0937	0.1239	0.0157	0.0000	0.0109	0.0000	3.5936	-0.0000	0.0012	2.0070	7.0000	1.9996	3.9994	0.0001	0.0001	0.0000	0.0001	0.0001	0.0000	0.0000	0.0000	0.0000	0.0106	0.0023	0.0083	0.0085	0.0023	0.0062	0.0021	0.0000	0.0021	0.3597	0.3009	0.0587	0.0156	0.0148	0.0008	0.3440	0.2861	0.0579	0.3059	0.0644	0.2415	0.0743	0.0245	0.0498	0.2316	0.0399	0.1917	0.0048	0.0056	0.0000	0.0281	0.0360	0.0000	0.0032	inf	0.0000	0.0345	0.0357	0.0342	0.1140	0.0937	0.1239	0.0091	0.0000	0.0109
19	61	0.2153	3	1	1	1	0	0	0	0	0	N	N	N	N	N	N	N	N	N	N	N	N	0.0000	0.0000	0.0000	0.0000	0.0000	0.0000	0.0000	0.0000	0.0000	0.0000	0.0000	0.0000	0.0000	0.0000	0.0000	0.0000	0.0000	0.0000	0.0000	0.0000	2.0070	2.0000	1.9996	0.0000	0.0000	0.0000	0.0000	0.0000	0.0000	0.0000	0.0000	0.0000	0.0000	0.0000	0.0000	0.0000	0.0000	0.0000	0.0000	0.0000	0.0000	0.0000	0.1094	0.0901	0.0193	0.0101	0.0095	0.0007	0.0993	0.0806	0.0186	0.0612	0.0249	0.0363	0.0108	0.0107	0.0001	0.0504	0.0142	0.0363	0.0000	0.0000	0.0000	0.0000	0.0000	0.0000	0.0000	0.0000	0.0000	0.0000	0.0000	0.0000	0.0000	0.0000	0.0000	0.0000	0.0000	0.0000											
19	62	0.1328	2	1	1	1	0	0	0	0	0	N	N	N	N	N	N	N	N	N	N	N	N	0.0062	0.0071	0.0000	0.0377	0.0476	0.0000	0.0025	inf	0.0000	0.0003	0.0003	0.0000	0.0053	0.0056	0.0000	0.0000	0.0001	0.0000	0.0434	0.0460	0.0428	0.1410	0.1176	0.1523	0.0188	0.0000	0.0137	0.0000	3.5936	-0.0000	0.0012	2.0070	4.0000	1.9996	3.9994	0.0001	0.0001	0.0000	0.0001	0.0001	0.0000	0.0000	0.0000	0.0000	0.0106	0.0023	0.0083	0.0085	0.0023	0.0062	0.0021	0.0000	0.0021	0.2213	0.1835	0.0378	0.0094	0.0089	0.0005	0.2119	0.1746	0.0373	0.2432	0.0500	0.1932	0.0600	0.0196	0.0405	0.1832	0.0305	0.1527	0.0062	0.0071	0.0000	0.0377	0.0476	0.0000	0.0041	inf	0.0000	0.0434	0.0460	0.0428	0.1410	0.1176	0.1523	0.0115	0.0000	0.0137
19	63	0.1328	2	0	2	0	0	0	0	0	0	N	Y	N	N	N	N	N	N	N	N	N	N	145.7114	0.0000	inf	0.0000	0.0000	inf	inf	0.0143	0.0000	0.0875	0.0000	0.0000	0.0000	0.0149	0.0000	0.0887	0.0001	0.0005	0.0000	0.0004	0.0012	0.0000	0.0000	0.0000	0.0000	inf	0.0000	0.0032	-0.0000	2.0070	7.0000	1.9996	4.0000	0.0051	0.0000	0.0051	0.0000	0.0000	0.0000	0.0051	0.0000	0.0051	0.0000	0.0000	0.0000	0.0000	0.0000	0.0000	0.0000	0.0000	0.0000	0.3597	0.3009	0.0587	0.0156	0.0148	0.0008	0.3440	0.2861	0.0579	0.3059	0.0644	0.2415	0.0743	0.0245	0.0498	0.2316	0.0399	0.1917	145.7114	0.0000	inf	0.0000	0.0000	0.0000	inf	0.0000	inf	0.0001	0.0005	0.0000	0.0004	0.0012	0.0000	0.0000	0.0000	0.0000		
19	64	0.1038	3	0	1	1	0	0	0	0	0	N	N	N	N	N	N	N	N	N	N	N	N	0.0000	0.0000	0.0000	0.0000	0.0000	0.0000	0.0000	0.0000	0.0000	0.0000	0.0000	0.0000	0.0000	0.0000	0.0000	0.0000	0.0000	0.0000	0.0000	0.0000	2.0070	0.0000	1.9996	0.0000	0.0000	0.0000	0.0000	0.0000	0.0000	0.0000	0.0000	0.0000	0.0000	0.0000	0.0000	0.0000	0.0000	0.0000	0.0000	0.0000	0.0000	0.0000	0.0000	0.0000	0.0000	0.0000	0.0000	0.0000	0.0000	0.0000	0.0000	0.0000	0.0000	0.0000	0.0000	0.0000	0.0000	0.0000	0.0000	0.0000	0.0000	0.0000	0.0000	0.0000	0.0000	0.0000	0.0000	0.0000	0.0000	0.0000	0.0000	0.0000	0.0000	0.0000	0.0000	0.0000	0.0000	0.0000											
19	65	0.0795	2	0	1	1	0	0	0	0	0	N	N	N	N	N	N	N	N	N	N	N	N	9.9785	2.8011	inf	2.3233	2.3557	inf	inf	inf	inf	0.0419	0.0512	0.0000	0.3204	0.3316	0.0005	0.0401	0.0491	0.0000	0.0042	0.0183	0.0000	0.1379	0.1408	0.0000	0.0000	0.0000	0.0000	0.0001	0.0000	-0.0008	-0.0002	2.0070	0.8734	1.9996	1.0002	0.0022	0.0022	0.0000	0.0001	0.0001	0.0000	0.0021	0.0021	0.0000	0.0003	0.0003	0.0000	0.0003	0.0003	0.0000	0.0000	0.0000	0.0000	0.0523	0.0428	0.0095	0.0003	0.0003	0.0000	0.0520	0.0425	0.0095	0.0810	0.0186	0.0624	0.0025	0.0024	0.0000	0.0785	0.0162	0.0623	9.9785	2.8011	inf	2.3233	2.3557	inf	inf	inf	inf	0.0042	0.0183	0.0000	0.1379	0.1408	0.0000	0.0000	0.0000	0.0000
19	68	0.1328	2	0	2	0	0	0	0	0	0	N	Y	N	N	N	N	N	N	N	N	N	N	0.0009	0.0012	0.0000	0.0068	0.0091	0.0000	0.0000	0.0000	0.0000	0.0000	0.0000	0.0009	0.0009	0.0000	0.0000	0.0000	0.0000	0.0392	0.0387	0.0393	0.1273	0.0999	0.1406	0.0172	0.0000	0.0126	0.0000	3.8805	-0.0000	0.0013	2.0070	5.0000	1.9996	3.9994	0.0000	0.0000	0.0000	0.0000	0.0000	0.0000	0.0000	0.0000	0.0000	0.0104	0.0021	0.0083	0.0083	0.0021	0.0062	0.0021	0.0000	0.0021	0.2697	0.2244	0.0454	0.0115	0.0110	0.0006	0.2582	0.2134	0.0448	0.2655	0.0551	0.2105	0.0652	0.0213	0.0439	0.2003	0.0337	0.1666	0.0009	0.0012	0.0000	0.0068	0.0091	0.0000	0.0000	0.0000	0.0000	0.0392	0.0387	0.0393	0.1273	0.0999	0.1406	0.0105	0.0000	0.0126	
19	69	0.1328	2	1	1	1	0	0	0	0	0	N	N	N	N	N	N	N	N	N	N	N	N	0.0009	0.0066	0.0000	0.0000	0.0000	0.0000	0.0018	inf	0.0000	0.0000	0.0000	0.0000	0.0000	0.0000	0.0000	0.0000	0.0000	0.0000	0.0299	0.0050	0.0365	0.0925	0.0131	0.1314	0.0158	0.0000	0.0117	0.0000	27.5512	-0.0000	0.0025	2.0070	7.0000	1.9996	2.9994	0.0000	0.0000	0.0000	0.0000	0.0000	0.0000	0.0000	0.0000	0.0000	0.0086	0.0003	0.0083	0.0065	0.0003	0.0062	0.0021	0.0000	0.0021	0.3597	0.3009	0.0587	0.0156	0.0148	0.0008	0.3440	0.2861	0.0579	0.2864	0.0598	0.2265	0.0699	0.0230	0.0469	0.2164	0.0368	0.1796	0.0009	0.0066	0.0000	0.0000	0.0000	0.0000	0.0030	inf	0.0000	0.0299	0.0050	0.0365	0.0925	0.0131	0.1314	0.0097	0.0000	0.0117
19	70	0.1328	2	0	2	0	1	0	0	0	0	N	Y	N	N	N	N	N	N	N	N	N	N	0.0729	0.0182	0.4215	0.1451	0.0000	0.0001	0.0000	0.0011	0.0011	0.0000	0.0000	0.0000	0.0000	0.0006	0.0030	0.0000	0.0025	0.0077	0.0000	0.0000	0.0000	0.0000	0.0000	0.0000	-0.0000	-0.0001	2.0070	4.0000	1.9996	5.0006	0.0000	0.0000	0.0000	0.0000	0.0000	0.0000	0.0000	0.0000	0.0000	0.0002	0.0002	0.0000	0.0002	0.0002	0.0000	0.0000	0.0000	0.0000	0.2213	0.1835	0.0378	0.0094	0.0089	0.0005	0.2119	0.1746	0.0373	0.2655	0.0551	0.2105	0.0652	0.0213	0.0439	0.2004	0.0337	0.1666	0.0729	0.0182	0.0000	0.4215	0.1451	0.0000	0.0000	0.0000	0.0000	0.0006	0.0030	0.0000	0.0025	0.0077	0.0000	0.0000	0.0000	0.0000					
19	71	0.1328	2	0	2	0	0	0	0	0	0	N	Y	N	N	N	N	N	N	N	N	N	N	0.0063	0.0381	0.0000	0.0461	0.2920	0.0000	0.0000	0.0000	0.0002	0.0002	0.0000	0.0038	0.0040	0.0000	0.0000	0.0000	0.0000	0.0266	0.0052	0.0324	0.0834	0.0139	0.1179	0.0149	0.0000	0.0103	0.0000	22.9594	-0.0000	0.0025	2.0070	7.0000	1.9996	4.9994	0.0001	0.0001	0.0000	0.0001	0.0001	0.0000	0.0000	0.0000	0.0000	0.0086	0.0004	0.0083	0.0065	0.0004	0.0062	0.0021	0.0000	0.0021	0.3597	0.3009	0.0587	0.0156	0.0148	0.0008	0.3440	0.2861	0.0579	0.3241	0.0688	0.2553	0.0783	0.0260	0.0523	0.2458	0.0428	0.2030	0.0063	0.0381	0.0000	0.0461	0.2920	0.0000	0.0000	0.0000	0.0000	0.0266	0.0052	0.0324	0.0834	0.0139	0.1179	0.0085	0.0000	0.0103	
19	72	0.1894	3	0	2	0	0	0	0	0	0	N	Y	N	N	N	N	N	N	N	N	N	N	2.2946	1.1289	0.0000	3.6837	2.6483	0.0000	21.6931	0.1231	0.0000	0.0093	0.0112	0.0000	0.0291	0.0325	0.0000	0.0057	0.0069	0.0000	0.0041	0.0099	0.0000	0.0079	0.0123	0.0000	0.0003	0.0558	0.0000	0.0000	0.0004	-0.0010	-0.0005	2.0070	4.7764	1.9996	1.3205	0.0026	0.0026	0.0000	0.0013	0.0013	0.0000	0.0014	0.0014	0.0000	0.0008	0.0008	0.0000	0.0007	0.0007	0.0000	0.0000	0.0000	0.0000	0.2829	0.2366	0.0462	0.0443	0.0395	0.0047	0.2386	0.1971	0.0415	0.1885	0.0775	0.1109	0.0941	0.0604	0.0337	0.0944	0.0171	0.0773	2.2946	1.1289	0.0000	3.6837	2.6483	0.0000	21.6931	4.8161	0.0000	0.0041	0.0099	0.0000	0.0079	0.0123	0.0000	0.0003	0.0014	0.0000
19	73	0.1328	2	0	2	0	0	0	0	0	0	N	Y	N	N	N	N	N	N	N	N	N	N	0.7403	0.1837	0.1944	0.0026	0.0009	0.0000	1.0920	0.4992	0.1551	0.0102	0.0122	0.0007	0.0001	0.0001	0.0000	0.0107	0.0129	0.0007	0.0138	0.0666	0.0036	0.0439	0.1360	0.0000	0.0098	0.0258	0.0045	0.0118	0.2595	-0.0007	-0.0013	2.0070	3.3049	1.9996	2.7470	0.0019	0.0019	0.0000	0.0000	0.0000	0.0000	0.0019	0.0019	0.0000	0.0027	0.0021	0.0006	0.0021	0.0021	0.0000	0.0006	0.0000	0.0006	0.1861	0.1540	0.0321	0.0079	0.0075	0.0004	0.1783	0.1465	0.0317	0.1954	0.0396	0.1558	0.0487	0.0157	0.0330	0.1466	0.0239	0.1228	0.7403	0.2257	0.1944	0.0026	0.0009	0.0000	2.7720	35.1471	0.1551	0.0138	0.0542	0.0036	0.0439	0.1360	0.0000	0.0039	0.0004	0.0045
19	74	0.1916	3	0	2	0	0	0	0	0	0	N	Y	N	N	N	N	N	N	N	N	N	N	0.0000	0.0000	0.0000	0.0000	0.0000	0.0000	0.0000	0.0000	0.0000	0.0000	0.0000	0.0000	0.0000	0.0000	0.0000	0.0000	0.0000	0.0000	0.0000	0.0000	2.0070	0.0000	1.9996	0.0000	0.0000	0.0000	0.0000	0.0000	0.0000	0.0000	0.0000	0.0000	0.0000	0.0000	0.0000	0.0000	0.0000	0.0000	0.0000	0.0000	0.0000	0.0000	0.0000	0.0000	0.0000	0.0000	0.0000	0.0000	0.0000	0.0000	0.0000	0.0000	0.0000	0.0000	0.0000	0.0000	0.0000	0.0000	0.0000	0.0000	0.0000	0.0000	0.0000	0.0000	0.0000	0.0000	0.0000	0.0000	0.0000	0.0000	0.0000	0.0000	0.0000	0.0000	0.0000	0.0000	0.0000	0.0000											
19	75	0.1328	2	0	2	0	0	0	0	0	0	N	Y	N	N	N	N	N	N	N	N	N	N	20.3767	5.0002	0.3649	0.1243	inf	inf	0.0136	0.0164	0.0000	0.0010	0.0010	0.0000	0.0142	0.0172	0.0000	0.0007	0.0033	0.0000	0.0027	0.0083	0.0000	0.0000	0.0000	0.0000	0.0000	0.0000	-0.0013	-0.0001	2.0070	4.3567	1.9996	2.3689	0.0033	0.0033	0.0000	0.0000	0.0000	0.0000	0.0033	0.0033	0.0000	0.0001	0.0001	0.0000	0.0001	0.0001	0.0000	0.0000	0.0000	0.0000	0.2389	0.1983	0.0406	0.0102	0.0097	0.0005	0.2287	0.1886	0.0400	0.2126	0.0433	0.1693	0.0528	0.0171	0.0357	0.1598	0.0262	0.1336	20.3767	5.0002	0.0000	0.3649	0.1243	0.0000	inf	inf	0.0000	0.0007	0.0033	0.0000	0.0027	0.0083	0.0000	0.0000	0.0000	0.0000			
19	76	0.2002	5	1	2	0	1	0	0	0	0	N	Y	N	N	N	N	N	N	N	N	N	N	0.0000	0.0000	0.0000	0.0000	0.0000	0.0000	0.0000	0.0000	0.0000	0.0000	0.0000	0.0000	0.0000	0.0000	0.0000	0.0000	0.0000	0.0000	0.0000	0.0000	2.0070	0.0000	1.9996	0.0000	0.0000	0.0000	0.0000	0.0000	0.0000	0.0000	0.0000	0.0000	0.0000	0.0000	0.0000	0.0000	0.0000	0.0000	0.0000	0.0000	0.0000	0.0000	0.0000	0.0000	0.0000	0.0000	0.0000	0.0000	0.0000	0.0000	0.0000	0.0000	0.0000	0.0000	0.0000	0.0000	0.0000	0.0000	0.0000	0.0000	0.0000	0.0000	0.0000	0.0000	0.0000	0.0000	0.0000	0.0000	0.0000	0.0000	0.0000	0.0000	0.0000	0.0000	0.0000	0.0000	0.0000	0.0000											
19	77	0.1919	4	1	2	0	1	0	0	0	0	N	Y	N	N	N	N	N	N	N	N	N	N	0.0000	0.0000	0.0000	0.0000	0.0000	0.0000	0.0000	0.0000	0.0000	0.0000	0.0000	0.0000	0.0000	0.0000	0.0000	0.0000	0.0004	0.0010	0.0000	0.0019	0.0020	0.0000	0.0000	0.0000	0.0000	0.0118	0.0000	-0.0000	2.0070	1.0073	1.9996	0.3366	0.0000	0.0000	0.0000	0.0000	0.0000	0.0000	0.0000	0.0000	0.0000	0.0000	0.0000	0.0000	0.0000	0.0000	0.0000	0.0000	0.0000	0.0000	0.0563	0.0477	0.0086	0.0075	0.0068	0.0007	0.0488	0.0408	0.0080	0.0281	0.0101	0.0180	0.0051	0.0050	0.0001	0.0230	0.0052	0.0179	0.0000	0.0000	0.0000	0.0000	0.0000	0.0000	0.0000	0.0000	0.0000	0.0004	0.0010	0.0000	0.0019	0.0020	0.0000	0.0000	0.0000	0.0000			
19	78	0.2176	4	0	2	0	1	0	0	0	0	N	Y	N	N	N	N	N	N	N	N	N	N	0.0000	0.0000	0.0000	0.0000	0.0000	0.0000	0.0000	0.0000	0.0000	0.0000	0.0000	0.0000	0.0000	0.0000	0.0000	0.0000	0.0000	0.0000	0.0000	0.0000	2.0070	0.0000	1.9996	0.0000	0.0000	0.0000	0.0000	0.0000	0.0000	0.0000	0.0000	0.0000	0.0000	0.0000	0.0000	0.0000	0.0000	0.0000	0.0000	0.0000	0.0000	0.0000	0.0000	0.0000	0.0000	0.0000	0.0000	0.0000	0.0000	0.0000	0.0000	0.0000	0.0000	0.0000	0.0000	0.0000	0.0000	0.0000	0.0000	0.0000	0.0000	0.0000	0.0000	0.0000	0.0000	0.0000	0.0000	0.0000	0.0000	0.0000	0.0000	0.0000	0.0000	0.0000	0.0000	0.0000	0.0000	0.0000											
19	79	0.2094	3	0	2	0	1	0	0	0	0	N	Y	N	N	N	N	N	N	N	N	N	N	0.0000	0.0000	0.0000	0.0000	0.0000	0.0000	0.0000	0.0000	0.0000	0.0000	0.0000	0.0000	0.0000	0.0000	0.0000	0.0000	0.0000	0.0000	0.0000	0.0000	2.0070	0.0000	1.9996	1.0000	0.0000	0.0000	0.0000	0.0000	0.0000	0.0000	0.0000	0.0000	0.0000	0.0000	0.0000	0.0000	0.0000	0.0000	0.0000	0.0000	0.0000	0.0000	0.0000	0.0000	0.0000	0.0000	0.0000	0.0000	0.0000	0.0000	0.0000	0.0345	0.0114	0.0231	0.0034	0.0032	0.0001	0.0311	0.0082	0.0230	0.0000	0.0000	0.0000	0.0000	0.0000	0.0000	0.0000	0.0000	0.0000	0.0000	0.0000	0.0000	0.0000	0.0000	0.0000	0.0000	0.0000	0.0000											
19	80	0.1919	4	0	2	0	0	0	0	0	0	N	Y	N	N	N	N	N	N	N	N	N	N	0.0000	0.0000	0.0000	0.0000	0.0000	0.0000	0.0000	0.0000	0.0000	0.0000	0.0000	0.0000	0.0000	0.0000	0.0000	0.0000	0.0001	0.0003	0.0000	0.0007	0.0007	0.0000	0.0000	0.0000	0.0000	0.0118	0.0000	-0.0000	2.0070	3.9927	1.9996	1.0002	0.0000	0.0000	0.0000	0.0000	0.0000	0.0000	0.0000	0.0000	0.0000	0.0000	0.0000	0.0000	0.0000	0.0000	0.0000	0.0000	0.0000	0.0000	0.2067	0.1762	0.0305	0.0279	0.0254	0.0025	0.1788	0.1508	0.0280	0.0893	0.0314	0.0579	0.0138	0.0134	0.0004	0.0755	0.0180	0.0575	0.0000	0.0000	0.0000	0.0000	0.0000	0.0000	0.0000	0.0000	0.0000	0.0001	0.0003	0.0000	0.0007	0.0007	0.0000	0.0000	0.0000	0.0000			
19	81	0.1872	3	0	2	0	0	0	0	0	0	N	Y	N	N	N	N	N	N	N	N	N	N	0.0000	0.0000	0.0000	0.0000	0.0000	0.0000	0.0000	0.0000	0.0000	0.0000	0.0000	0.0000	0.0000	0.0000	0.0000	0.0000	0.0008	0.0000	0.0012	0.0001	0.0001	0.0000	0.0014	0.0000	0.0012	84.4512	0.0000	0.0000	2.0070	0.0110	1.9996	0.6549	0.0000	0.0000	0.0000	0.0000	0.0000	0.0000	0.0000	0.0000	0.0000	0.0000	0.0000	0.0000	0.0000	0.0000	0.0000	0.0000	0.0000	0.0000	0.0006	0.0005	0.0001	0.0001	0.0001	0.0000	0.0005	0.0005	0.0001	0.0129	0.0045	0.0084	0.0019	0.0019	0.0001	0.0110	0.0026	0.0084	0.0000	0.0000	0.0000	0.0000	0.0000	0.0000	0.0000	0.0000	0.0000	0.0008	0.0000	0.0012	0.0001	0.0001	0.0000	0.0009	0.0000	0.0012			
19	82	0.2094	3	0	1	1	1	0	0	0	0	N	N	N	N	N	N	N	N	N	N	N	N	0.0000	0.0000	0.0000	0.0000	0.0000	0.0000	0.0000	0.0000	0.0000	0.0000	0.0000	0.0000	0.0000	0.0000	0.0000	0.0000	0.0000	0.0000	0.0000	0.0000	2.0070	1.0000	1.9996	0.0000	0.0000	0.0000	0.0000	0.0000	0.0000	0.0000	0.0000	0.0000	0.0000	0.0000	0.0000	0.0000	0.0000	0.0000	0.0000	0.0000	0.0000	0.0000	0.0557	0.0471	0.0086	0.0045	0.0040	0.0004	0.0513	0.0430	0.0082	0.0345	0.0114	0.0231	0.0034	0.0032	0.0001	0.0311	0.0082	0.0230	0.0000	0.0000	0.0000	0.0000	0.0000	0.0000	0.0000	0.0000	0.0000	0.0000	0.0000	0.0000	0.0000	0.0000	0.0000	0.0000	0.0000	0.0000											
19	83	0.2094	3	0	1	1	1	0	0	0	0	N	N	N	N	N	N	N	N	N	N	N	N	0.0000	0.0000	0.0000	0.0000	0.0000	0.0000	0.0000	0.0000	0.0000	0.0000	0.0000	0.0000	0.0000	0.0000	0.0000	0.0000	0.0000	0.0000	0.0000	0.0000	2.0070	0.0000	1.9996	0.0000	0.0000	0.0000	0.0000	0.0000	0.0000	0.0000	0.0000	0.0000	0.0000	0.0000	0.0000	0.0000	0.0000	0.0000	0.0000	0.0000	0.0000	0.0000	0.0000	0.0000	0.0000	0.0000	0.0000	0.0000	0.0000	0.0000	0.0000	0.0000	0.0000	0.0000	0.0000	0.0000	0.0000	0.0000	0.0000	0.0000	0.0000	0.0000	0.0000	0.0000	0.0000	0.0000	0.0000	0.0000	0.0000	0.0000	0.0000	0.0000	0.0000	0.0000	0.0000	0.0000	0.0000	0.0000											
19	84	0.1328	2	0	1	0	1	0	0	0	0	N	N	N	N	N	N	N	N	N	N	N	N	0.0018	0.0130	0.0000	0.0141	0.1043	0.0000	0.0000	0.0000	0.0001	0.0001	0.0000	0.0014	0.0015	0.0000	0.0000	0.0000	0.0000	0.0323	0.0054	0.0393	0.0992	0.0141	0.1406	0.0172	0.0000	0.0126	0.0000	27.5512	-0.0000	0.0025	2.0070	3.0000	1.9996	5.9994	0.0000	0.0000	0.0000	0.0000	0.0000	0.0000	0.0000	0.0000	0.0000	0.0086	0.0003	0.0083	0.0065	0.0003	0.0062	0.0021	0.0000	0.0021	0.1703	0.1408	0.0295	0.0072	0.0068	0.0004	0.1631	0.1340	0.0292	0.2655	0.0551	0.2105	0.0652	0.0213	0.0439	0.2003	0.0337	0.1666	0.0018	0.0130	0.0000	0.0141	0.1043	0.0000	0.0000	0.0000	0.0000	0.0323	0.0054	0.0393	0.0992	0.0141	0.1406	0.0105	0.0000	0.0126	
19	85	0.2704	3	1	2	0	0	0	0	0	0	N	Y	N	N	N	N	N	N	N	N	N	N	0.0000	0.0000	0.0000	0.0000	0.0000	0.0000	0.0000	0.0000	0.0000	0.0000	0.0000	0.0000	0.0000	0.0000	0.0000	0.0000	0.0000	0.0000	0.0000	0.0000	2.0070	0.0000	1.9996	0.0000	0.0000	0.0000	0.0000	0.0000	0.0000	0.0000	0.0000	0.0000	0.0000	0.0000	0.0000	0.0000	0.0000	0.0000	0.0000	0.0000	0.0000	0.0000	0.0000	0.0000	0.0000	0.0000	0.0000	0.0000	0.0000	0.0000	0.0000	0.0000	0.0000	0.0000	0.0000	0.0000	0.0000	0.0000	0.0000	0.0000	0.0000	0.0000	0.0000	0.0000	0.0000	0.0000	0.0000	0.0000	0.0000	0.0000	0.0000	0.0000	0.0000	0.0000	0.0000	0.0000	0.0000	0.0000											
19	86	0.1328	2	1	2	0	0	0	0	0	0	N	Y	N	N	N	N	N	N	N	N	N	N	0.0186	0.0048	0.1053	0.0368	0.0000	0.0000	0.0000	0.0009	0.0009	0.0000	0.0000	0.0000	0.0000	0.0020	0.0094	0.0000	0.0082	0.0248	0.0000	0.0000	0.0000	0.0000	0.0000	0.0000	-0.0000	-0.0004	2.0070	5.0000	1.9996	7.0006	0.0000	0.0000	0.0000	0.0000	0.0000	0.0000	0.0000	0.0000	0.0000	0.0006	0.0006	0.0000	0.0006	0.0006	0.0000	0.0000	0.0000	0.0000	0.2697	0.2244	0.0454	0.0115	0.0110	0.0006	0.2582	0.2134	0.0448	0.3241	0.0688	0.2554	0.0783	0.0260	0.0523	0.2458	0.0428	0.2030	0.0186	0.0048	0.0000	0.1053	0.0368	0.0000	0.0000	0.0000	0.0000	0.0020	0.0094	0.0000	0.0082	0.0248	0.0000	0.0000	0.0000	0.0000					
19	87	0.1328	2	0	2	0	0	0	0	0	0	N	Y	N	N	N	N	N	N	N	N	N	N	0.0756	0.0184	0.4602	0.1549	0.0002	0.0002	0.0000	0.0040	0.0042	0.0000	0.0000	0.0000	0.0000	0.0022	0.0111	0.0000	0.0088	0.0274	0.0000	0.0000	0.0000	0.0000	0.0000	0.0000	-0.0000	-0.0002	2.0070	1.0000	1.9996	3.0006	0.0000	0.0000	0.0000	0.0000	0.0000	0.0000	0.0000	0.0000	0.0000	0.0003	0.0003	0.0000	0.0003	0.0003	0.0000	0.0000	0.0000	0.0000	0.0599	0.0491	0.0107	0.0025	0.0024	0.0001	0.0574	0.0468	0.0106	0.1378	0.0275	0.1103	0.0348	0.0111	0.0236	0.1030	0.0164	0.0866	0.0756	0.0184	0.0000	0.4602	0.1549	0.0000	0.0000	0.0000	0.0000	0.0022	0.0111	0.0000	0.0088	0.0274	0.0000	0.0000	0.0000	0.0000					
19	88	0.1872	3	1	2	0	0	0	0	0	0	N	Y	N	N	N	N	N	N	N	N	N	N	0.0000	0.0000	0.0000	0.0000	0.0000	0.0000	0.0000	0.0000	0.0000	0.0000	0.0000	0.0000	0.0000	0.0000	0.0000	0.0000	0.0000	0.0000	0.0000	0.0000	2.0070	0.0000	1.9996	0.0000	0.0000	0.0000	0.0000	0.0000	0.0000	0.0000	0.0000	0.0000	0.0000	0.0000	0.0000	0.0000	0.0000	0.0000	0.0000	0.0000	0.0000	0.0000	0.0000	0.0000	0.0000	0.0000	0.0000	0.0000	0.0000	0.0000	0.0000	0.0000	0.0000	0.0000	0.0000	0.0000	0.0000	0.0000	0.0000	0.0000	0.0000	0.0000	0.0000	0.0000	0.0000	0.0000	0.0000	0.0000	0.0000	0.0000	0.0000	0.0000	0.0000	0.0000	0.0000	0.0000	0.0000	0.0000											
19	89	0.1328	2	0	2	0	0	0	0	0	0	N	Y	N	N	N	N	N	N	N	N	N	N	0.0366	0.0091	0.2130	0.0730	0.0000	0.0001	0.0000	0.0011	0.0011	0.0000	0.0000	0.0000	0.0000	0.0012	0.0060	0.0000	0.0050	0.0153	0.0000	0.0000	0.0000	0.0000	0.0000	0.0000	-0.0000	-0.0002	2.0070	4.0000	1.9996	4.0001	0.0000	0.0000	0.0000	0.0000	0.0000	0.0000	0.0000	0.0000	0.0000	0.0003	0.0003	0.0000	0.0003	0.0003	0.0000	0.0000	0.0000	0.0000	0.2213	0.1835	0.0378	0.0094	0.0089	0.0005	0.2119	0.1746	0.0373	0.2433	0.0500	0.1932	0.0600	0.0196	0.0405	0.1832	0.0305	0.1527	0.0366	0.0091	0.0000	0.2130	0.0730	0.0000	0.0000	0.0000	0.0000	0.0012	0.0060	0.0000	0.0050	0.0153	0.0000	0.0000	0.0000	0.0000					
19	91	0.2784	4	0	1	0	0	0	0	0	0	N	N	N	N	N	N	N	N	N	N	N	N	7.0646	0.0021	6238.1582	12.0411	0.0216	357547.6266	21.0524	0.0012	1203.1951	0.7256	0.0029	5.0418	3.7443	0.0119	57.7328	0.1855	0.0011	1.1716	0.1027	1.3847	0.0008	0.3110	0.5502	0.0002	0.0088	0.8766	0.0010	293.7017	0.0055	0.2746	-0.0310	2.0070	11.5137	1.9996	4.9035	0.4494	0.0015	0.4478	0.3519	0.0010	0.3509	0.0974	0.0005	0.0969	0.0465	0.0462	0.0003	0.0454	0.0454	0.0000	0.0010	0.0008	0.0002	0.6193	0.5305	0.0888	0.0940	0.0879	0.0061	0.5253	0.4426	0.0827	0.4524	0.1406	0.3118	0.1461	0.0826	0.0635	0.3063	0.0580	0.2483	7.0646	0.0087	6238.1582	12.0411	0.0216	357547.6266	54.8381	0.0792	1203.1951	0.1027	0.3288	0.0008	0.3110	0.5502	0.0002	0.0034	0.0137	0.0010
20	21	0.1718	2	1	2	0	0	0	0	0	0	N	Y	N	N	N	N	N	N	N	N	N	N	166.5036	83.5979	0.0000	88.6988	92.5730	0.0000	8762859.1159	inf	0.0000	2.0107	2.3066	0.0000	2.9800	3.1083	0.0000	1.7180	2.0321	0.0000	0.0121	0.0276	0.0000	0.0336	0.0336	0.1125	0.0000	0.0000	0.0000	0.0000	0.0009	-0.2446	-0.0018	9.0000	0.9600	1.0006	1.3160	0.6347	0.6347	0.0000	0.2181	0.2181	0.0000	0.4165	0.4165	0.0000	0.0027	0.0027	0.0000	0.0027	0.0027	0.0000	0.0000	0.0000	0.0000	0.3157	0.2751	0.0405	0.0732	0.0702	0.0030	0.2424	0.2050	0.0375	0.2230	0.0975	0.1255	0.0801	0.0801	0.0000	0.1428	0.0174	0.1254	166.5036	83.5979	0.0000	88.6988	92.5730	0.0000	8762859.1159	inf	0.0000	0.0121	0.0276	0.0000	0.0336	0.0336	0.1125	0.0000	0.0000	0.0000
20	22	0.1976	3	0	2	0	0	0	0	0	0	N	Y	N	N	N	N	N	N	N	N	N	N	0.0000	0.0000	0.0000	0.0000	0.0000	0.0000	0.0000	0.0000	0.0000	0.0000	0.0000	0.0000	0.0000	0.0000	0.0000	0.0000	0.0000	0.0000	0.0000	0.0000	9.0000	0.0000	1.0006	0.0000	0.0000	0.0000	0.0000	0.0000	0.0000	0.0000	0.0000	0.0000	0.0000	0.0000	0.0000	0.0000	0.0000	0.0000	0.0000	0.0000	0.0000	0.0000	0.0000	0.0000	0.0000	0.0000	0.0000	0.0000	0.0000	0.0000	0.0000	0.0000	0.0000	0.0000	0.0000	0.0000	0.0000	0.0000	0.0000	0.0000	0.0000	0.0000	0.0000	0.0000	0.0000	0.0000	0.0000	0.0000	0.0000	0.0000	0.0000	0.0000	0.0000	0.0000	0.0000	0.0000	0.0000	0.0000											
20	25	0.1623	2	0	2	1	1	0	0	0	0	N	Y	N	N	N	N	N	N	N	N	N	N	0.0551	0.0062	0.0000	4.1315	4.3645	0.0000	0.0000	0.0000	0.0000	0.0089	0.0102	0.0000	0.0423	0.0466	0.0000	0.0000	0.0000	0.0000	0.1611	1.6565	0.0000	0.0102	0.0107	0.0007	0.1920	4.3437	0.0000	0.0000	0.0000	-0.0009	-0.0206	9.0000	0.8908	1.0006	1.0730	0.0022	0.0022	0.0000	0.0022	0.0022	0.0000	0.0000	0.0000	0.0000	0.0307	0.0307	0.0000	0.0003	0.0003	0.0000	0.0304	0.0303	0.0000	0.2525	0.2190	0.0335	0.0530	0.0480	0.0050	0.1995	0.1710	0.0285	0.1904	0.0660	0.1245	0.0324	0.0309	0.0015	0.1581	0.0351	0.1230	0.0551	0.0220	0.0000	4.1315	4.3645	0.0000	0.0000	0.0000	0.0000	0.1611	0.4652	0.0000	0.0102	0.0107	0.0007	0.1920	0.8654	0.0000
20	28	0.1910	2	1	2	0	0	0	0	0	0	N	Y	N	N	N	N	N	N	N	N	N	N	6.9721	0.0000	inf	2.3721	0.0000	inf	inf	inf	0.0034	0.0000	0.0366	0.0028	0.0000	0.0588	0.0038	0.0000	0.0315	0.0005	0.0013	0.0000	0.0012	0.0022	0.0000	0.0000	0.0000	0.0000	inf	0.0000	0.0014	-0.0001	9.0000	2.9919	1.0006	1.1331	0.0023	0.0000	0.0023	0.0007	0.0000	0.0007	0.0016	0.0000	0.0016	0.0001	0.0001	0.0000	0.0001	0.0001	0.0000	0.0000	0.0000	0.0000	0.6725	0.6095	0.0631	0.2440	0.2323	0.0117	0.4285	0.3772	0.0513	0.2842	0.1113	0.1729	0.1174	0.0648	0.0526	0.1667	0.0465	0.1203	6.9721	0.0000	inf	2.3721	0.0000	inf	inf	0.0000	inf	0.0005	0.0013	0.0000	0.0012	0.0022	0.0000	0.0000	0.0000	0.0000	
20	30	0.1284	2	0	2	0	1	0	0	0	0	N	Y	N	N	N	N	N	N	N	N	N	N	0.0000	0.0000	0.0000	0.0000	0.0000	0.0000	0.0000	0.0000	0.0000	0.0000	0.0000	0.0000	0.0000	0.0016	0.0063	0.0000	0.0000	0.0000	0.0000	0.0032	0.4826	0.0000	0.0000	0.0000	-0.0003	9.0000	3.9676	1.0006	1.0007	0.0000	0.0000	0.0000	0.0000	0.0000	0.0000	0.0000	0.0000	0.0000	0.0004	0.0004	0.0000	0.0000	0.0000	0.0000	0.0004	0.0004	0.0000	0.9326	0.8128	0.1199	0.2043	0.1851	0.0192	0.7283	0.6277	0.1006	0.2813	0.0699	0.2114	0.0118	0.0110	0.0008	0.2695	0.0589	0.2106	0.0000	0.0000	0.0000	0.0000	0.0000	0.0000	0.0000	0.0000	0.0000	0.0016	0.0063	0.0000	0.0000	0.0000	0.0000	0.0016	0.0075	0.0000						
20	32	0.1573	2	0	1	1	0	0	0	0	0	N	N	N	N	N	N	N	N	N	N	N	N	20.7349	1.2177	0.0000	235.5852	225.2555	0.0000	0.0000	0.0000	0.9698	1.2527	0.0000	2.3307	2.3609	0.0000	0.0000	0.0000	0.0000	0.0468	1.0287	0.0000	0.0099	0.0105	0.0004	0.0488	3.5624	0.0000	0.0000	0.0000	-0.0121	-0.0025	9.0000	0.0319	1.0006	1.0050	0.0314	0.0314	0.0000	0.0314	0.0314	0.0000	0.0000	0.0000	0.0000	0.0037	0.0037	0.0000	0.0000	0.0000	0.0000	0.0036	0.0036	0.0000	0.0324	0.0251	0.0073	0.0135	0.0133	0.0002	0.0189	0.0118	0.0071	0.0785	0.0173	0.0612	0.0041	0.0038	0.0002	0.0744	0.0135	0.0610	20.7349	5.8996	0.0000	235.5852	225.2555	0.0000	0.0000	0.0000	0.0000	0.0468	0.2123	0.0000	0.0099	0.0105	0.0004	0.0488	0.2695	0.0000	
20	33	0.1284	3	0	2	0	0	0	0	0	0	N	Y	N	N	N	N	N	N	N	N	N	N	0.0000	0.0000	0.0000	0.0000	0.0000	0.0000	0.0000	0.0000	0.0000	0.0000	0.0000	0.0000	0.0000	0.0069	0.0285	0.0000	0.0000	0.0000	0.0000	0.0142	1.5939	0.0000	0.0000	0.0000	-0.0003	9.0000	0.0023	1.0006	1.0003	0.0000	0.0000	0.0000	0.0000	0.0000	0.0000	0.0000	0.0000	0.0000	0.0004	0.0004	0.0000	0.0000	0.0000	0.0000	0.0004	0.0004	0.0000	0.0019	0.0018	0.0001	0.0008	0.0008	0.0000	0.0011	0.0010	0.0001	0.0638	0.0154	0.0483	0.0027	0.0025	0.0002	0.0611	0.0130	0.0482	0.0000	0.0000	0.0000	0.0000	0.0000	0.0000	0.0000	0.0000	0.0000	0.0069	0.0285	0.0000	0.0000	0.0000	0.0000	0.0072	0.0340	0.0000						
20	38	0.1284	3	0	1	1	0	0	0	0	0	N	N	N	N	N	N	N	N	N	N	N	N	0.0000	0.0000	0.0000	0.0000	0.0000	0.0000	0.0000	0.0000	0.0000	0.0000	0.0000	0.0000	0.0000	0.0069	0.0285	0.0000	0.0000	0.0000	0.0000	0.0139	1.5593	0.0000	0.0000	0.0000	-0.0003	9.0000	1.0023	1.0006	0.0007	0.0000	0.0000	0.0000	0.0000	0.0000	0.0000	0.0000	0.0000	0.0000	0.0004	0.0004	0.0000	0.0000	0.0000	0.0000	0.0004	0.0004	0.0000	0.2524	0.2188	0.0336	0.0561	0.0507	0.0054	0.1962	0.1681	0.0282	0.0638	0.0154	0.0484	0.0027	0.0025	0.0002	0.0611	0.0130	0.0482	0.0000	0.0000	0.0000	0.0000	0.0000	0.0000	0.0000	0.0000	0.0000	0.0069	0.0285	0.0000	0.0000	0.0000	0.0000	0.0072	0.0340	0.0000						
20	39	0.1284	2	0	1	0	0	0	0	0	0	N	N	N	N	N	N	N	N	N	N	N	N	0.0000	0.0000	0.0000	0.0000	0.0000	0.0000	0.0000	0.0000	0.0000	0.0000	0.0000	0.0000	0.0000	0.0000	0.0000	1.0544	3.2556	0.0000	3.1883	3.2306	0.0000	0.1865	4.3126	0.0000	0.0000	0.0000	-0.0006	9.0000	0.0347	1.0006	0.0013	0.0000	0.0000	0.0000	0.0000	0.0000	0.0000	0.0000	0.0000	0.0000	0.0009	0.0009	0.0000	0.0004	0.0004	0.0000	0.0004	0.0004	0.0000	0.0272	0.0259	0.0013	0.0111	0.0109	0.0002	0.0161	0.0150	0.0011	0.0026	0.0007	0.0019	0.0002	0.0002	0.0000	0.0024	0.0005	0.0018	0.0000	0.0000	0.0000	0.0000	0.0000	0.0000	0.0000	0.0000	0.0000	0.3445	1.2540	0.0000	2.2591	2.3342	0.0000	0.1865	0.8573	0.0000				
20	41	0.1683	3	0	2	0	0	0	0	0	0	N	Y	N	N	N	N	N	N	N	N	N	N	7720.6455	26.7650	128603753.3918	0.0000	0.0000	10050.1959	0.6402	inf	3.7054	0.0601	31.3771	0.0000	0.0000	0.0000	5.0450	0.0832	38.2579	0.0005	0.0022	0.0000	0.0000	0.0000	0.0001	0.0005	0.1299	0.0000	68.7210	0.0004	0.6089	-0.0000	9.0000	1.0144	1.0006	1.0128	1.0144	0.0146	0.9999	0.0000	0.0000	0.0000	1.0144	0.0146	0.9999	0.0001	0.0001	0.0000	0.0000	0.0000	0.0000	0.0001	0.0001	0.0000	0.2738	0.2419	0.0319	0.0727	0.0670	0.0057	0.2011	0.1749	0.0261	0.1459	0.0311	0.1148	0.0065	0.0060	0.0004	0.1394	0.0251	0.1143	7720.6455	26.7650	128603753.3918	0.0000	0.0000	0.0000	10050.1959	29.8589	inf	0.0005	0.0022	0.0000	0.0000	0.0000	0.0001	0.0005	0.0028	0.0000	
20	44	0.2528	2	1	2	0	0	0	0	0	0	N	Y	N	N	N	N	N	N	N	N	N	N	0.0000	0.0000	0.0000	0.0000	0.0000	0.0000	0.0000	0.0000	0.0000	0.0000	0.0000	0.0000	0.0000	0.0000	0.0000	0.0000	0.0000	0.0000	0.0000	0.0000	9.0000	2.0000	1.0006	1.0000	0.0000	0.0000	0.0000	0.0000	0.0000	0.0000	0.0000	0.0000	0.0000	0.0000	0.0000	0.0000	0.0000	0.0000	0.0000	0.0000	0.0000	0.0000	0.4378	0.3768	0.0610	0.0197	0.0173	0.0024	0.4181	0.3595	0.0586	0.1634	0.0501	0.1133	0.0230	0.0128	0.0102	0.1404	0.0373	0.1031	0.0000	0.0000	0.0000	0.0000	0.0000	0.0000	0.0000	0.0000	0.0000	0.0000	0.0000	0.0000	0.0000	0.0000	0.0000	0.0000	0.0000	0.0000											
20	45	0.1804	3	0	2	0	1	0	0	0	0	N	Y	N	N	N	N	N	N	N	N	N	N	0.0000	0.0000	0.0000	0.0000	0.0000	0.0000	0.0000	0.0000	0.0000	0.0000	0.0000	0.0000	0.0000	0.0000	0.0000	0.0000	0.0000	0.0000	0.0000	0.0000	9.0000	1.0000	1.0006	0.0000	0.0000	0.0000	0.0000	0.0000	0.0000	0.0000	0.0000	0.0000	0.0000	0.0000	0.0000	0.0000	0.0000	0.0000	0.0000	0.0000	0.0000	0.0000	0.2461	0.2115	0.0346	0.0335	0.0290	0.0045	0.2125	0.1825	0.0301	0.0746	0.0151	0.0595	0.0036	0.0025	0.0011	0.0710	0.0126	0.0584	0.0000	0.0000	0.0000	0.0000	0.0000	0.0000	0.0000	0.0000	0.0000	0.0000	0.0000	0.0000	0.0000	0.0000	0.0000	0.0000	0.0000	0.0000											
20	46	0.1804	3	0	1	0	1	0	0	0	0	N	N	N	N	N	N	N	N	N	N	N	N	0.0000	0.0000	0.0000	0.0000	0.0000	0.0000	0.0000	0.0000	0.0000	0.0000	0.0000	0.0000	0.0000	0.0000	0.0000	0.0000	0.0000	0.0000	0.0000	0.0000	9.0000	0.0000	1.0006	0.0000	0.0000	0.0000	0.0000	0.0000	0.0000	0.0000	0.0000	0.0000	0.0000	0.0000	0.0000	0.0000	0.0000	0.0000	0.0000	0.0000	0.0000	0.0000	0.0000	0.0000	0.0000	0.0000	0.0000	0.0000	0.0000	0.0000	0.0000	0.0000	0.0000	0.0000	0.0000	0.0000	0.0000	0.0000	0.0000	0.0000	0.0000	0.0000	0.0000	0.0000	0.0000	0.0000	0.0000	0.0000	0.0000	0.0000	0.0000	0.0000	0.0000	0.0000	0.0000	0.0000	0.0000	0.0000											
20	47	0.1475	2	0	1	0	1	0	0	0	0	N	N	N	N	N	N	N	N	N	N	N	N	0.7324	inf	2.0232	0.0001	inf	0.0000	1.0606	9.7704	1.9782	0.0001	14.1470	0.0008	0.0010	0.0000	2.2471	0.0000	16.0842	2.7012	0.0000	6.9923	6.5544	0.0000	102.5901	2.1187	0.0000	1.6462	19927.4000	inf	0.6123	0.2688	9.0000	2.0873	1.0006	1.9360	0.9964	0.0000	0.9964	0.0000	0.0000	0.0000	0.9964	0.0000	0.9964	0.8198	0.0000	0.8198	0.4252	0.0000	0.4252	0.3946	0.0000	0.3946	0.5037	0.4333	0.0704	0.0603	0.0518	0.0085	0.4434	0.3815	0.0619	0.4006	0.1481	0.2525	0.0855	0.0728	0.0128	0.3151	0.0753	0.2397	0.9666	inf	4.3564	0.0002	inf	0.0000	1.7941	0.0000	9.7704	2.0466	0.0000	3.2474	4.9716	0.0000	33.3395	1.2525	0.0000	1.6462	
20	51	0.1530	2	1	2	0	0	0	0	0	0	N	Y	N	N	N	N	N	N	N	N	N	N	0.6835	0.1983	0.0000	0.0828	0.0869	0.0000	0.0000	0.0000	0.0002	0.0003	0.0000	0.0018	0.0019	0.0000	0.0000	0.0000	0.0000	0.0003	0.0014	0.0000	0.0219	0.0221	0.0134	0.0000	0.0000	0.0000	0.0000	0.0134	-0.0000	-0.0001	9.0000	1.0314	1.0006	3.0033	0.0001	0.0001	0.0000	0.0001	0.0001	0.0000	0.0000	0.0000	0.0000	0.0001	0.0001	0.0000	0.0001	0.0001	0.0000	0.0000	0.0000	0.0000	0.2630	0.2235	0.0395	0.0331	0.0313	0.0018	0.2299	0.1922	0.0377	0.2429	0.0591	0.1838	0.0037	0.0036	0.0001	0.2392	0.0555	0.1837	0.6835	0.1983	0.0000	0.0828	0.0869	0.0000	0.0000	0.0000	0.0000	0.0003	0.0014	0.0000	0.0219	0.0221	0.0134	0.0000	0.0000	0.0000	
20	54	0.1683	3	0	1	1	0	0	0	0	0	N	N	N	N	N	N	N	N	N	N	N	N	1050.2443	288.8940	0.0000	2145.7379	inf	0.0000	1083.3612	7.9173	0.9758	1.2537	0.0000	0.0167	0.0170	0.0000	1.7214	2.7934	0.0000	0.0009	0.0043	0.0000	0.0000	0.0000	0.0001	0.0016	0.3528	0.0000	0.0000	0.0004	-0.0057	-0.0000	9.0000	0.0147	1.0006	0.9910	0.0147	0.0147	0.0000	0.0001	0.0001	0.0000	0.0146	0.0146	0.0000	0.0001	0.0001	0.0000	0.0000	0.0000	0.0000	0.0001	0.0001	0.0000	0.0150	0.0117	0.0033	0.0066	0.0065	0.0001	0.0085	0.0052	0.0032	0.0754	0.0161	0.0592	0.0036	0.0034	0.0002	0.0718	0.0128	0.0590	1050.2443	288.8940	0.0000	2145.7379	inf	0.0000	1765.2406	509.4046	0.0000	0.0009	0.0043	0.0000	0.0000	0.0000	0.0001	0.0010	0.0055	0.0000	
20	55	0.1573	2	0	1	0	0	0	0	0	0	N	N	N	N	N	N	N	N	N	N	N	N	134.8749	7.0718	3494.8713	0.4973	0.5096	0.0000	159.1276	1.5571	inf	3.5195	4.1174	0.0028	0.0082	0.0090	0.0000	4.4247	5.2681	0.0032	0.0261	0.5822	0.0000	0.0165	0.0177	0.0002	0.0278	3.3834	0.0000	0.0001	0.0000	-0.3680	-0.0025	9.0000	0.9556	1.0006	1.0192	0.9551	0.9549	0.0001	0.0005	0.0005	0.0000	0.9546	0.9545	0.0001	0.0037	0.0037	0.0000	0.0001	0.0001	0.0000	0.0036	0.0036	0.0000	0.2714	0.2319	0.0394	0.0556	0.0507	0.0049	0.2157	0.1812	0.0346	0.1433	0.0311	0.1123	0.0067	0.0062	0.0004	0.1367	0.0248	0.1118	134.8749	34.1986	3494.8713	0.4973	0.5096	0.0000	166.5902	36.0615	inf	0.0261	0.1204	0.0000	0.0165	0.0177	0.0002	0.0266	0.1461	0.0000
20	58	0.2608	3	0	1	0	0	0	0	0	0	N	N	N	N	N	N	N	N	N	N	N	N	42.0076	14.3384	1404.5371	3.5887	3.6350	1.6468	252803.8550	inf	76870.1630	0.4792	0.5231	0.1867	0.3144	0.3292	0.0283	0.5061	0.5584	0.1955	0.0114	0.0365	0.0001	0.0876	0.0906	0.0172	0.0000	0.0000	0.0000	0.0536	0.0081	-0.3687	-0.0063	9.0000	10.2575	1.0006	3.8960	1.1020	1.0460	0.0561	0.1018	0.1013	0.0005	1.0003	0.9447	0.0556	0.0095	0.0095	0.0001	0.0095	0.0095	0.0001	0.0000	0.0000	0.0000	2.2998	1.9996	0.3003	0.3236	0.3077	0.0159	1.9762	1.6919	0.2844	0.8360	0.2593	0.5767	0.1088	0.1045	0.0044	0.7272	0.1549	0.5724	42.0076	14.3384	1404.5371	3.5887	3.6350	1.6468	252803.8550	inf	76870.1630	0.0114	0.0365	0.0001	0.0876	0.0906	0.0172	0.0000	0.0000	0.0000
20	59	0.2349	2	1	2	1	0	0	0	0	0	N	Y	N	N	N	N	N	N	N	N	N	N	0.0000	0.0000	0.0000	0.0000	0.0000	0.0000	0.0000	0.0000	0.0000	0.0000	0.0000	0.0000	0.0000	0.0000	0.0000	0.0000	0.0000	0.0000	0.0000	0.0000	9.0000	0.0000	1.0006	0.0000	0.0000	0.0000	0.0000	0.0000	0.0000	0.0000	0.0000	0.0000	0.0000	0.0000	0.0000	0.0000	0.0000	0.0000	0.0000	0.0000	0.0000	0.0000	0.0000	0.0000	0.0000	0.0000	0.0000	0.0000	0.0000	0.0000	0.0000	0.0000	0.0000	0.0000	0.0000	0.0000	0.0000	0.0000	0.0000	0.0000	0.0000	0.0000	0.0000	0.0000	0.0000	0.0000	0.0000	0.0000	0.0000	0.0000	0.0000	0.0000	0.0000	0.0000	0.0000	0.0000	0.0000	0.0000											
20	61	0.1977	2	1	1	1	0	0	0	0	0	N	N	N	N	N	N	N	N	N	N	N	N	0.0000	0.0000	0.0000	0.0000	0.0000	0.0000	0.0000	0.0000	0.0000	0.0000	0.0000	0.0000	0.0000	0.0000	0.0000	0.0000	0.0000	0.0000	0.0000	0.0000	9.0000	2.0000	1.0006	0.0000	0.0000	0.0000	0.0000	0.0000	0.0000	0.0000	0.0000	0.0000	0.0000	0.0000	0.0000	0.0000	0.0000	0.0000	0.0000	0.0000	0.0000	0.0000	0.4105	0.3451	0.0654	0.0331	0.0308	0.0022	0.3774	0.3143	0.0631	0.0979	0.0373	0.0606	0.0499	0.0242	0.0257	0.0480	0.0131	0.0349	0.0000	0.0000	0.0000	0.0000	0.0000	0.0000	0.0000	0.0000	0.0000	0.0000	0.0000	0.0000	0.0000	0.0000	0.0000	0.0000	0.0000	0.0000											
20	64	0.2219	4	0	1	1	0	0	0	0	0	N	N	N	N	N	N	N	N	N	N	N	N	0.0000	0.0000	0.0000	0.0000	0.0000	0.0000	0.0000	0.0000	0.0000	0.0000	0.0000	0.0000	0.0000	0.0000	0.0000	0.0000	0.0000	0.0000	0.0000	0.0000	9.0000	0.0000	1.0006	0.0000	0.0000	0.0000	0.0000	0.0000	0.0000	0.0000	0.0000	0.0000	0.0000	0.0000	0.0000	0.0000	0.0000	0.0000	0.0000	0.0000	0.0000	0.0000	0.0000	0.0000	0.0000	0.0000	0.0000	0.0000	0.0000	0.0000	0.0000	0.0000	0.0000	0.0000	0.0000	0.0000	0.0000	0.0000	0.0000	0.0000	0.0000	0.0000	0.0000	0.0000	0.0000	0.0000	0.0000	0.0000	0.0000	0.0000	0.0000	0.0000	0.0000	0.0000	0.0000	0.0000	0.0000	0.0000											
20	65	0.1976	3	0	1	1	0	0	0	0	0	N	N	N	N	N	N	N	N	N	N	N	N	0.0000	0.0000	0.0000	0.0000	0.0000	0.0000	0.0000	0.0000	0.0000	0.0000	0.0000	0.0000	0.0000	0.0000	0.0000	0.0000	0.0000	0.0000	0.0000	0.0000	9.0000	0.8734	1.0006	1.0002	0.0000	0.0000	0.0000	0.0000	0.0000	0.0000	0.0000	0.0000	0.0000	0.0000	0.0000	0.0000	0.0000	0.0000	0.0000	0.0000	0.0000	0.0000	0.1962	0.1646	0.0316	0.0082	0.0077	0.0005	0.1880	0.1569	0.0311	0.1347	0.0237	0.1110	0.0307	0.0064	0.0243	0.1040	0.0173	0.0867	0.0000	0.0000	0.0000	0.0000	0.0000	0.0000	0.0000	0.0000	0.0000	0.0000	0.0000	0.0000	0.0000	0.0000	0.0000	0.0000	0.0000	0.0000											
20	66	0.1831	2	0	1	0	0	0	0	0	0	N	N	N	N	N	N	N	N	N	N	N	N	20.1322	2.5079	inf	52.3446	25.8997	inf	inf	0.0271	0.0131	0.1002	0.2341	0.2454	0.0000	0.0169	0.0000	0.1016	0.0013	0.0052	0.0000	0.0045	0.0095	0.0000	0.0000	0.0000	0.0000	1.4661	0.0000	0.0013	-0.0001	9.0000	1.0063	1.0006	0.0727	0.0062	0.0025	0.0037	0.0025	0.0025	0.0000	0.0037	0.0000	0.0037	0.0001	0.0001	0.0000	0.0001	0.0001	0.0000	0.0000	0.0000	0.0000	0.2287	0.1920	0.0367	0.0107	0.0102	0.0005	0.2180	0.1817	0.0362	0.1001	0.0258	0.0743	0.0301	0.0142	0.0159	0.0700	0.0116	0.0584	20.1322	2.5079	inf	52.3446	25.8997	0.0000	inf	0.0000	inf	0.0013	0.0052	0.0000	0.0045	0.0095	0.0000	0.0000	0.0000	0.0000		
20	72	0.1718	2	0	2	0	0	0	0	0	0	N	Y	N	N	N	N	N	N	N	N	N	N	249474.2340	inf	0.0000	160087.3009	inf	0.0000	13263062.9302	inf	0.0000	1.7458	2.0438	0.0000	4.0867	4.2906	0.0000	1.5118	1.7904	0.0000	0.0000	0.0000	0.0000	0.0000	0.0000	0.0515	0.0000	0.0000	0.0000	0.0000	inf	-0.6910	0.0000	9.0000	4.7764	1.0006	1.3205	1.7927	1.7927	0.0000	0.3814	0.3814	0.0000	1.4113	1.4113	0.0000	0.0000	0.0000	0.0000	0.0000	0.0000	0.0000	0.0000	0.0000	0.0000	1.0269	0.8771	0.1497	0.0933	0.0889	0.0044	0.9335	0.7882	0.1453	0.3369	0.1337	0.2032	0.0913	0.0912	0.0000	0.2457	0.0425	0.2032	249474.2340	inf	0.0000	160087.3009	inf	0.0000	13263062.9302	inf	0.0000	0.0000	0.0000	0.0000	0.0000	0.0000	0.0515	0.0000	0.0000	0.0000
20	74	0.1740	2	0	2	0	0	0	0	0	0	N	Y	N	N	N	N	N	N	N	N	N	N	0.0000	0.0000	0.0000	0.0000	0.0000	0.0000	0.0000	0.0000	0.0000	0.0000	0.0000	0.0000	0.0000	0.0000	0.0000	0.0000	0.0000	0.0000	0.0000	0.0000	9.0000	0.0000	1.0006	0.0000	0.0000	0.0000	0.0000	0.0000	0.0000	0.0000	0.0000	0.0000	0.0000	0.0000	0.0000	0.0000	0.0000	0.0000	0.0000	0.0000	0.0000	0.0000	0.0000	0.0000	0.0000	0.0000	0.0000	0.0000	0.0000	0.0000	0.0000	0.0000	0.0000	0.0000	0.0000	0.0000	0.0000	0.0000	0.0000	0.0000	0.0000	0.0000	0.0000	0.0000	0.0000	0.0000	0.0000	0.0000	0.0000	0.0000	0.0000	0.0000	0.0000	0.0000	0.0000	0.0000	0.0000	0.0000											
20	76	0.1827	4	1	2	0	1	0	0	0	0	N	Y	N	N	N	N	N	N	N	N	N	N	0.0000	0.0000	0.0000	0.0000	0.0000	0.0000	0.0000	0.0000	0.0000	0.0000	0.0000	0.0000	0.0000	0.0000	0.0000	0.0000	0.0000	0.0000	0.0000	0.0000	9.0000	0.0000	1.0006	0.0000	0.0000	0.0000	0.0000	0.0000	0.0000	0.0000	0.0000	0.0000	0.0000	0.0000	0.0000	0.0000	0.0000	0.0000	0.0000	0.0000	0.0000	0.0000	0.0000	0.0000	0.0000	0.0000	0.0000	0.0000	0.0000	0.0000	0.0000	0.0000	0.0000	0.0000	0.0000	0.0000	0.0000	0.0000	0.0000	0.0000	0.0000	0.0000	0.0000	0.0000	0.0000	0.0000	0.0000	0.0000	0.0000	0.0000	0.0000	0.0000	0.0000	0.0000	0.0000	0.0000	0.0000	0.0000											
20	77	0.1743	3	1	2	0	1	0	0	0	0	N	Y	N	N	N	N	N	N	N	N	N	N	inf	inf	inf	inf	4.3904	5.1036	0.0000	0.0000	0.0000	0.0000	4.7878	5.5885	0.0000	0.0000	0.0000	0.0000	0.0000	0.0000	0.0000	0.0000	0.0000	0.0000	0.0000	-0.3848	0.0000	9.0000	1.0073	1.0006	0.3366	0.9982	0.9982	0.0000	0.0000	0.0000	0.0000	0.9982	0.9982	0.0000	0.0000	0.0000	0.0000	0.0000	0.0000	0.0000	0.0000	0.0000	0.0000	0.2274	0.1956	0.0318	0.0189	0.0170	0.0019	0.2085	0.1786	0.0299	0.0670	0.0246	0.0424	0.0083	0.0080	0.0003	0.0587	0.0165	0.0422	inf	inf	0.0000	0.0000	0.0000	0.0000	inf	inf	0.0000	0.0000	0.0000	0.0000	0.0000	0.0000	0.0000	0.0000	0.0000	0.0000						
20	78	0.2001	3	0	2	0	1	0	0	0	0	N	Y	N	N	N	N	N	N	N	N	N	N	0.0000	0.0000	0.0000	0.0000	0.0000	0.0000	0.0000	0.0000	0.0000	0.0000	0.0000	0.0000	0.0000	0.0000	0.0000	0.0000	0.0000	0.0000	0.0000	0.0000	9.0000	0.0000	1.0006	0.0000	0.0000	0.0000	0.0000	0.0000	0.0000	0.0000	0.0000	0.0000	0.0000	0.0000	0.0000	0.0000	0.0000	0.0000	0.0000	0.0000	0.0000	0.0000	0.0000	0.0000	0.0000	0.0000	0.0000	0.0000	0.0000	0.0000	0.0000	0.0000	0.0000	0.0000	0.0000	0.0000	0.0000	0.0000	0.0000	0.0000	0.0000	0.0000	0.0000	0.0000	0.0000	0.0000	0.0000	0.0000	0.0000	0.0000	0.0000	0.0000	0.0000	0.0000	0.0000	0.0000	0.0000	0.0000											
20	79	0.1919	2	0	2	0	1	0	0	0	0	N	Y	N	N	N	N	N	N	N	N	N	N	0.0000	0.0000	0.0000	0.0000	0.0000	0.0000	0.0000	0.0000	0.0000	0.0000	0.0000	0.0000	0.0000	0.0000	0.0000	0.0000	0.0000	0.0000	0.0000	0.0000	9.0000	0.0000	1.0006	1.0000	0.0000	0.0000	0.0000	0.0000	0.0000	0.0000	0.0000	0.0000	0.0000	0.0000	0.0000	0.0000	0.0000	0.0000	0.0000	0.0000	0.0000	0.0000	0.0000	0.0000	0.0000	0.0000	0.0000	0.0000	0.0000	0.0000	0.0000	0.0631	0.0196	0.0435	0.0211	0.0072	0.0139	0.0420	0.0123	0.0297	0.0000	0.0000	0.0000	0.0000	0.0000	0.0000	0.0000	0.0000	0.0000	0.0000	0.0000	0.0000	0.0000	0.0000	0.0000	0.0000	0.0000	0.0000											
20	80	0.1743	3	0	2	0	0	0	0	0	0	N	Y	N	N	N	N	N	N	N	N	N	N	inf	inf	inf	inf	0.0022	0.0025	0.0000	0.0263	0.0293	0.0000	0.0000	0.0000	0.0000	0.0000	0.0000	0.0000	0.0000	0.0000	0.0000	0.0000	0.0000	0.0000	0.0000	-0.0007	0.0000	9.0000	3.9927	1.0006	1.0002	0.0018	0.0018	0.0000	0.0018	0.0018	0.0000	0.0000	0.0000	0.0000	0.0000	0.0000	0.0000	0.0000	0.0000	0.0000	0.0000	0.0000	0.0000	0.8354	0.7219	0.1136	0.0696	0.0625	0.0071	0.7658	0.6594	0.1065	0.2123	0.0759	0.1364	0.0200	0.0190	0.0010	0.1923	0.0569	0.1354	inf	inf	0.0000	inf	inf	0.0000	0.0000	0.0000	0.0000	0.0000	0.0000	0.0000	0.0000	0.0000	0.0000	0.0000	0.0000	0.0000						
20	81	0.1697	2	0	2	0	0	0	0	0	0	N	Y	N	N	N	N	N	N	N	N	N	N	inf	inf	inf	inf	0.7245	0.8437	0.0000	0.0000	0.0000	0.0000	0.7880	0.9211	0.0000	0.0000	0.0000	0.0000	0.0000	0.0000	0.0000	0.0000	0.0000	0.0000	0.0000	-0.0007	0.0000	9.0000	0.0110	1.0006	0.6549	0.0018	0.0018	0.0000	0.0000	0.0000	0.0000	0.0018	0.0018	0.0000	0.0000	0.0000	0.0000	0.0000	0.0000	0.0000	0.0000	0.0000	0.0000	0.0025	0.0022	0.0004	0.0002	0.0002	0.0000	0.0023	0.0020	0.0003	0.0306	0.0108	0.0198	0.0026	0.0025	0.0001	0.0280	0.0083	0.0197	inf	inf	0.0000	0.0000	0.0000	0.0000	inf	inf	0.0000	0.0000	0.0000	0.0000	0.0000	0.0000	0.0000	0.0000	0.0000	0.0000						
20	82	0.1919	2	0	1	1	1	0	0	0	0	N	N	N	N	N	N	N	N	N	N	N	N	0.0000	0.0000	0.0000	0.0000	0.0000	0.0000	0.0000	0.0000	0.0000	0.0000	0.0000	0.0000	0.0000	0.0000	0.0000	0.0000	0.0000	0.0000	0.0000	0.0000	9.0000	1.0000	1.0006	0.0000	0.0000	0.0000	0.0000	0.0000	0.0000	0.0000	0.0000	0.0000	0.0000	0.0000	0.0000	0.0000	0.0000	0.0000	0.0000	0.0000	0.0000	0.0000	0.2248	0.1931	0.0317	0.0071	0.0061	0.0009	0.2177	0.1870	0.0307	0.0631	0.0196	0.0435	0.0211	0.0072	0.0139	0.0420	0.0123	0.0297	0.0000	0.0000	0.0000	0.0000	0.0000	0.0000	0.0000	0.0000	0.0000	0.0000	0.0000	0.0000	0.0000	0.0000	0.0000	0.0000	0.0000	0.0000											
20	83	0.1919	2	0	1	1	1	0	0	0	0	N	N	N	N	N	N	N	N	N	N	N	N	0.0000	0.0000	0.0000	0.0000	0.0000	0.0000	0.0000	0.0000	0.0000	0.0000	0.0000	0.0000	0.0000	0.0000	0.0000	0.0000	0.0000	0.0000	0.0000	0.0000	9.0000	0.0000	1.0006	0.0000	0.0000	0.0000	0.0000	0.0000	0.0000	0.0000	0.0000	0.0000	0.0000	0.0000	0.0000	0.0000	0.0000	0.0000	0.0000	0.0000	0.0000	0.0000	0.0000	0.0000	0.0000	0.0000	0.0000	0.0000	0.0000	0.0000	0.0000	0.0000	0.0000	0.0000	0.0000	0.0000	0.0000	0.0000	0.0000	0.0000	0.0000	0.0000	0.0000	0.0000	0.0000	0.0000	0.0000	0.0000	0.0000	0.0000	0.0000	0.0000	0.0000	0.0000	0.0000	0.0000	0.0000	0.0000											
20	85	0.2528	2	1	2	0	0	0	0	0	0	N	Y	N	N	N	N	N	N	N	N	N	N	0.0000	0.0000	0.0000	0.0000	0.0000	0.0000	0.0000	0.0000	0.0000	0.0000	0.0000	0.0000	0.0000	0.0000	0.0000	0.0000	0.0000	0.0000	0.0000	0.0000	9.0000	0.0000	1.0006	0.0000	0.0000	0.0000	0.0000	0.0000	0.0000	0.0000	0.0000	0.0000	0.0000	0.0000	0.0000	0.0000	0.0000	0.0000	0.0000	0.0000	0.0000	0.0000	0.0000	0.0000	0.0000	0.0000	0.0000	0.0000	0.0000	0.0000	0.0000	0.0000	0.0000	0.0000	0.0000	0.0000	0.0000	0.0000	0.0000	0.0000	0.0000	0.0000	0.0000	0.0000	0.0000	0.0000	0.0000	0.0000	0.0000	0.0000	0.0000	0.0000	0.0000	0.0000	0.0000	0.0000	0.0000	0.0000											
20	88	0.1697	2	1	2	0	0	0	0	0	0	N	Y	N	N	N	N	N	N	N	N	N	N	0.0000	0.0000	0.0000	0.0000	0.0000	0.0000	0.0000	0.0000	0.0000	0.0000	0.0000	0.0000	0.0000	0.0000	0.0000	0.0000	0.0000	0.0000	0.0000	0.0000	9.0000	0.0000	1.0006	0.0000	0.0000	0.0000	0.0000	0.0000	0.0000	0.0000	0.0000	0.0000	0.0000	0.0000	0.0000	0.0000	0.0000	0.0000	0.0000	0.0000	0.0000	0.0000	0.0000	0.0000	0.0000	0.0000	0.0000	0.0000	0.0000	0.0000	0.0000	0.0000	0.0000	0.0000	0.0000	0.0000	0.0000	0.0000	0.0000	0.0000	0.0000	0.0000	0.0000	0.0000	0.0000	0.0000	0.0000	0.0000	0.0000	0.0000	0.0000	0.0000	0.0000	0.0000	0.0000	0.0000	0.0000	0.0000											
20	91	0.2608	3	0	1	0	0	0	0	0	0	N	N	N	N	N	N	N	N	N	N	N	N	150.6762	13.1786	75509.4503	3.1721	1.6981	166.1141	979792.3593	inf	4098002.7430	1.6227	0.4629	9.3944	0.2891	0.1606	2.7189	1.8268	0.5141	9.7557	0.0108	0.0351	0.0001	0.0911	0.0946	0.0164	0.0000	0.0000	0.0000	3.0287	0.0081	1.4679	-0.0063	9.0000	11.5137	1.0006	4.9035	4.0072	0.9947	3.0125	0.0948	0.0500	0.0448	3.9124	0.9447	2.9677	0.0095	0.0095	0.0001	0.0095	0.0095	0.0001	0.0000	0.0000	0.0000	2.4694	2.1488	0.3207	0.3278	0.3113	0.0165	2.1417	1.8375	0.3042	0.8855	0.2693	0.6162	0.1046	0.1000	0.0046	0.7809	0.1693	0.6116	150.6762	13.1786	75509.4503	3.1721	1.6981	166.1141	979792.3593	inf	4098002.7430	0.0108	0.0351	0.0001	0.0911	0.0946	0.0164	0.0000	0.0000	0.0000
21	22	0.1636	4	1	2	0	0	0	0	0	0	N	Y	N	N	N	N	N	N	N	N	N	N	0.0000	0.0000	0.0000	0.0000	0.0000	0.0000	0.0000	0.0000	0.0000	0.0000	0.0000	0.0000	0.0000	0.0000	0.0000	0.0000	0.0000	0.0000	0.0000	0.0000	0.9600	0.0000	1.3160	0.0000	0.0000	0.0000	0.0000	0.0000	0.0000	0.0000	0.0000	0.0000	0.0000	0.0000	0.0000	0.0000	0.0000	0.0000	0.0000	0.0000	0.0000	0.0000	0.0000	0.0000	0.0000	0.0000	0.0000	0.0000	0.0000	0.0000	0.0000	0.0000	0.0000	0.0000	0.0000	0.0000	0.0000	0.0000	0.0000	0.0000	0.0000	0.0000	0.0000	0.0000	0.0000	0.0000	0.0000	0.0000	0.0000	0.0000	0.0000	0.0000	0.0000	0.0000	0.0000	0.0000	0.0000	0.0000											
21	23	0.0812	2	2	2	0	0	0	0	0	0	Y	Y	N	N	N	N	N	N	N	N	N	N	0.0384	0.0112	0.0000	0.0611	0.0637	0.0000	0.0000	0.0000	0.0016	0.0018	0.0000	0.0069	0.0072	0.0000	0.0000	0.0000	0.0000	0.0408	0.1616	0.0000	0.1136	0.1136	0.1125	0.0000	0.0000	0.0000	0.0000	0.0003	-0.0001	-0.0061	0.9600	6.0000	1.3160	4.0006	0.0004	0.0004	0.0000	0.0004	0.0004	0.0000	0.0000	0.0000	0.0000	0.0091	0.0091	0.0000	0.0091	0.0091	0.0000	0.0000	0.0000	0.0000	0.2230	0.1931	0.0300	0.0505	0.0484	0.0021	0.1725	0.1447	0.0279	0.2230	0.0975	0.1255	0.0801	0.0801	0.0000	0.1428	0.0174	0.1254	0.0384	0.0194	0.0000	0.0611	0.0637	0.0000	0.0000	0.0000	0.0000	0.0408	0.0933	0.0000	0.1136	0.1136	0.1125	0.0000	0.0000	0.0000	
21	24	0.0812	2	1	2	0	0	0	0	0	0	N	Y	N	N	N	N	N	N	N	N	N	N	0.0051	0.0062	0.0184	0.0413	0.0215	inf	0.0039	0.0179	0.0103	0.0003	0.0726	0.0023	0.0012	0.0283	0.0126	0.0000	0.0757	2.0116	0.0482	3.9446	0.0563	0.0563	0.0000	3.2332	0.0000	4.2239	39.0000	71.3242	0.0009	0.0958	0.9600	4.0000	1.3160	4.9994	0.0016	0.0000	0.0016	0.0001	0.0000	0.0000	0.0015	0.0000	0.0015	0.3050	0.0042	0.3008	0.0042	0.0042	0.0000	0.3008	0.0000	0.3008	0.1549	0.1334	0.0215	0.0344	0.0330	0.0014	0.1204	0.1004	0.0201	0.2074	0.0908	0.1166	0.0749	0.0749	0.0000	0.1325	0.0159	0.1166	0.0070	0.0065	0.0282	0.0413	0.0215	inf	0.0056	0.0000	0.0294	1.4708	0.0465	2.5790	0.0563	0.0563	0.0000	2.2698	0.0000	2.5794	
21	25	0.1282	3	1	2	1	1	0	0	0	0	N	Y	N	N	N	N	N	N	N	N	N	N	0.2172	0.1198	1.0548	0.2986	0.2624	0.5531	0.0277	0.0000	0.2427	0.0008	0.0007	0.0015	0.0022	0.0019	0.0059	0.0000	0.0000	0.0003	0.0038	0.0061	0.0014	0.0074	0.0074	0.0106	0.0016	0.0041	0.0012	0.2850	0.2173	-0.0000	-0.0001	0.9600	0.8908	1.3160	1.0730	0.0000	0.0000	0.0000	0.0000	0.0000	0.0000	0.0000	0.0000	0.0000	0.0003	0.0002	0.0000	0.0002	0.0002	0.0000	0.0000	0.0000	0.0000	0.0416	0.0364	0.0052	0.0149	0.0138	0.0011	0.0267	0.0226	0.0041	0.0723	0.0368	0.0355	0.0312	0.0306	0.0007	0.0411	0.0063	0.0348	0.2172	0.1198	1.0548	0.2986	0.2624	0.5531	0.0444	0.0218	0.2427	0.0038	0.0061	0.0014	0.0074	0.0074	0.0106	0.0010	0.0000	0.0012
21	26	0.0812	2	1	1	0	1	0	0	0	0	N	N	N	N	N	N	N	N	N	N	N	N	0.0239	0.0108	0.0000	0.0414	0.0432	0.0000	0.0000	0.0000	0.0006	0.0007	0.0000	0.0026	0.0027	0.0000	0.0000	0.0000	0.0000	0.0242	0.0623	0.0017	0.0633	0.0633	0.1700	0.0030	0.0000	0.0017	0.0000	0.0420	-0.0000	-0.0021	0.9600	3.1159	1.3160	2.1859	0.0001	0.0001	0.0000	0.0001	0.0001	0.0000	0.0000	0.0000	0.0000	0.0033	0.0032	0.0001	0.0032	0.0032	0.0000	0.0001	0.0000	0.0001	0.1229	0.1056	0.0173	0.0271	0.0260	0.0011	0.0958	0.0796	0.0162	0.1385	0.0608	0.0777	0.0508	0.0508	0.0000	0.0877	0.0100	0.0777	0.0239	0.0127	0.0000	0.0414	0.0432	0.0000	0.0000	0.0000	0.0000	0.0242	0.0529	0.0017	0.0633	0.0633	0.1700	0.0015	0.0000	0.0017	
21	27	0.0812	2	1	2	0	0	0	0	0	0	N	Y	N	N	N	N	N	N	N	N	N	N	6662.6858	inf	0.0000	10624.5256	inf	0.0000	0.0000	0.0000	0.0824	0.0947	0.0000	0.3581	0.3735	0.0000	0.0000	0.0000	0.0000	0.0000	0.0000	0.0000	0.0000	0.0000	0.1293	0.0000	0.0000	0.0000	0.0000	inf	-0.0091	0.0000	0.9600	8.0000	1.3160	0.0006	0.0236	0.0236	0.0000	0.0236	0.0236	0.0000	0.0000	0.0000	0.0000	0.0000	0.0000	0.0000	0.0000	0.0000	0.0000	0.0000	0.0000	0.0000	0.2859	0.2487	0.0372	0.0658	0.0631	0.0027	0.2202	0.1856	0.0345	0.1906	0.0835	0.1072	0.0691	0.0691	0.0000	0.1215	0.0144	0.1071	6662.6858	inf	0.0000	10624.5256	inf	0.0000	0.0000	0.0000	0.0000	0.0000	0.0000	0.0000	0.0000	0.0000	0.1293	0.0000	0.0000	0.0000	
21	28	0.1569	3	2	2	0	0	0	0	0	0	Y	Y	N	N	N	N	N	N	N	N	N	N	0.0559	1.6574	0.0005	3.4829	2.6302	4.4339	0.0000	inf	0.0002	0.0055	0.0060	0.0001	0.0104	0.0109	0.0002	0.0000	0.0000	0.0001	0.0990	0.0036	0.1834	0.0030	0.0041	0.0000	0.4109	0.0000	0.2647	0.0014	57.1011	-0.0003	0.0032	0.9600	2.9919	1.3160	1.1331	0.0007	0.0007	0.0000	0.0007	0.0007	0.0000	0.0000	0.0000	0.0000	0.0103	0.0002	0.0101	0.0002	0.0002	0.0000	0.0101	0.0000	0.0101	0.1204	0.1106	0.0098	0.0644	0.0613	0.0031	0.0560	0.0493	0.0067	0.1037	0.0486	0.0551	0.0597	0.0428	0.0169	0.0440	0.0059	0.0381	0.0559	1.6574	0.0005	3.4829	2.6302	4.4339	0.0000	inf	0.0002	0.0990	0.0036	0.1834	0.0030	0.0041	0.0000	0.2294	0.0000	0.2647
21	29	0.0812	2	1	1	0	0	0	0	0	0	N	N	N	N	N	N	N	N	N	N	N	N	0.0186	0.8600	0.0000	2.4273	2.5307	0.0000	0.0019	13.8557	0.0000	0.0312	0.0362	0.0000	0.1242	0.1295	0.0000	0.0044	0.0052	0.0000	1.6839	0.0421	1.6862	0.0512	0.0512	0.0031	2.2905	0.0004	1.6865	0.0000	51.5800	-0.0023	0.0662	0.9600	5.0156	1.3160	4.8897	0.0059	0.0059	0.0000	0.0053	0.0053	0.0000	0.0006	0.0006	0.0000	0.2143	0.0041	0.2102	0.0041	0.0041	0.0000	0.2102	0.0000	0.2102	0.1902	0.1642	0.0259	0.0427	0.0409	0.0018	0.1475	0.1233	0.0242	0.2215	0.0969	0.1247	0.0797	0.0796	0.0000	0.1419	0.0172	0.1246	0.0323	0.8602	0.0000	2.4273	2.5307	0.0000	0.0030	48065.8625	0.0000	0.9672	0.0421	1.6862	0.0512	0.0512	0.0031	1.4815	0.0000	1.6865
21	30	0.0943	3	1	2	0	1	0	0	0	0	N	Y	N	N	N	N	N	N	N	N	N	N	4964.3882	0.0006	53832.3768	5070.6683	0.0012	1142.6057	0.0000	0.0000	0.1071	0.0000	0.9203	0.2630	0.0000	3.6551	0.0000	0.0000	0.0000	0.0000	0.0000	0.0000	0.0001	0.0000	0.0032	0.0000	0.0000	0.0000	7329569.9975	0.8086	0.0108	-0.0000	0.9600	3.9676	1.3160	1.0007	0.0176	0.0000	0.0176	0.0176	0.0000	0.0176	0.0000	0.0000	0.0000	0.0000	0.0000	0.0000	0.0000	0.0000	0.0000	0.0000	0.0000	0.0000	0.1642	0.1451	0.0191	0.0669	0.0621	0.0048	0.0973	0.0830	0.0143	0.0992	0.0432	0.0560	0.0355	0.0353	0.0002	0.0637	0.0080	0.0558	4964.3882	0.0006	53832.3768	5070.6683	0.0012	1142.6057	0.0000	0.0000	0.0000	0.0000	0.0000	0.0000	0.0001	0.0000	0.0032	0.0000	0.0000	0.0000	
21	31	0.0812	2	2	2	0	0	0	0	0	0	Y	Y	N	N	N	N	N	N	N	N	N	N	735.7460	373.1141	402.2005	419.3217	inf	inf	3.3191	3.8436	0.0000	5.0046	5.2190	0.0000	2.8317	3.3874	0.0000	0.0045	0.0103	0.0000	0.0124	0.0124	0.0000	0.0000	0.0000	0.0000	0.0000	0.0000	-0.2426	-0.0006	0.9600	5.0000	1.3160	3.0000	0.6294	0.6294	0.0000	0.2129	0.2129	0.0000	0.4165	0.4165	0.0000	0.0009	0.0009	0.0000	0.0009	0.0009	0.0000	0.0000	0.0000	0.0000	0.1896	0.1637	0.0259	0.0425	0.0408	0.0017	0.1471	0.1230	0.0241	0.1906	0.0835	0.1072	0.0691	0.0691	0.0000	0.1215	0.0144	0.1071	735.7460	373.1141	0.0000	402.2005	419.3217	0.0000	inf	inf	0.0000	0.0045	0.0103	0.0000	0.0124	0.0124	0.0000	0.0000	0.0000	0.0000			
21	32	0.1233	3	1	1	1	0	0	0	0	0	N	N	N	N	N	N	N	N	N	N	N	N	34.4048	0.0012	2081.8125	26.0653	0.0017	1410.5812	141.0006	0.0000	301.6180	0.0308	0.0000	0.1222	0.0559	0.0000	0.8341	0.0073	0.0000	0.0171	0.0009	0.0019	0.0001	0.0021	0.0022	0.0006	0.0001	0.0026	0.0001	18281.7778	0.0368	0.0001	-0.0000	0.9600	0.0319	1.3160	1.0050	0.0002	0.0000	0.0002	0.0001	0.0000	0.0001	0.0000	0.0000	0.0000	0.0000	0.0000	0.0000	0.0000	0.0000	0.0000	0.0000	0.0000	0.0000	0.0053	0.0040	0.0013	0.0026	0.0024	0.0002	0.0028	0.0016	0.0012	0.0318	0.0146	0.0172	0.0128	0.0127	0.0001	0.0190	0.0018	0.0171	34.4048	0.0012	2081.8125	26.0653	0.0017	1410.5812	141.0006	0.0000	301.6180	0.0009	0.0019	0.0001	0.0021	0.0022	0.0006	0.0001	0.0000	0.0001
21	33	0.0943	4	1	2	0	0	0	0	0	0	N	Y	N	N	N	N	N	N	N	N	N	N	0.5038	0.0694	0.3196	0.3832	0.0000	0.0000	0.0958	0.1092	0.0000	0.1680	0.2025	0.0000	0.0000	0.0000	0.0000	0.1902	1.5724	0.0000	0.5256	0.5284	0.0000	0.0000	0.0186	0.0000	0.0000	0.0000	-0.0000	-0.0029	0.9600	0.0023	1.3160	1.0003	0.0000	0.0000	0.0000	0.0000	0.0000	0.0000	0.0000	0.0000	0.0000	0.0044	0.0044	0.0000	0.0044	0.0044	0.0000	0.0000	0.0000	0.0000	0.0004	0.0004	0.0001	0.0002	0.0002	0.0000	0.0002	0.0002	0.0000	0.0229	0.0100	0.0129	0.0083	0.0082	0.0000	0.0146	0.0017	0.0129	0.5038	0.2503	0.0000	0.3196	0.3832	0.0000	0.0000	0.0000	0.0000	0.1902	0.4362	0.0000	0.5256	0.5284	0.0000	0.0000	0.0002	0.0000			
21	34	0.0812	2	2	1	1	0	0	0	0	0	Y	N	N	N	N	N	N	N	N	N	N	N	0.0070	0.0000	0.0454	0.0151	0.0000	0.2891	0.0067	0.0472	0.0132	0.0000	0.0932	0.0015	0.0000	0.0374	0.0164	0.0000	0.0970	1.8839	0.1231	2.0542	0.1015	0.1014	0.1293	2.4699	0.0000	2.0545	inf	31.4012	0.0010	0.0675	0.9600	3.0000	1.3160	5.0006	0.0016	0.0000	0.0016	0.0000	0.0000	0.0000	0.0015	0.0000	0.0015	0.2271	0.0070	0.2201	0.0070	0.0070	0.0000	0.2201	0.0000	0.2201	0.1186	0.1019	0.0167	0.0261	0.0250	0.0011	0.0925	0.0768	0.0157	0.1906	0.0835	0.1072	0.0691	0.0691	0.0000	0.1215	0.0144	0.1071	0.0110	0.0000	0.0454	0.0151	0.0000	0.2891	0.0091	0.0000	0.0472	1.1914	0.0840	2.0542	0.1015	0.1014	0.1293	1.8113	0.0000	2.0545	
21	35	0.0812	2	1	2	0	1	0	0	0	0	N	Y	N	N	N	N	N	N	N	N	N	N	0.0206	0.0098	0.0000	0.0343	0.0358	0.0000	0.0000	0.0000	0.0004	0.0005	0.0000	0.0019	0.0020	0.0000	0.0000	0.0000	0.0000	0.0205	0.0500	0.0000	0.0558	0.0557	0.1773	0.0000	0.0000	0.0000	0.0000	0.0009	-0.0000	-0.0018	0.9600	3.0000	1.3160	2.0006	0.0001	0.0001	0.0000	0.0001	0.0001	0.0000	0.0000	0.0000	0.0000	0.0027	0.0027	0.0000	0.0027	0.0027	0.0000	0.0000	0.0000	0.0000	0.1186	0.1019	0.0167	0.0261	0.0250	0.0011	0.0925	0.0768	0.0157	0.1320	0.0579	0.0741	0.0485	0.0484	0.0000	0.0836	0.0095	0.0741	0.0206	0.0105	0.0000	0.0343	0.0358	0.0000	0.0000	0.0000	0.0000	0.0205	0.0466	0.0000	0.0558	0.0557	0.1773	0.0000	0.0000	0.0000	
21	36	0.0812	2	2	1	1	0	0	0	0	0	Y	N	N	N	N	N	N	N	N	N	N	N	0.0051	0.0000	0.0282	0.0736	0.0000	0.2361	0.0040	0.0216	0.0101	0.0000	0.0726	0.0012	0.0000	0.0283	0.0126	0.0000	0.0757	1.9775	0.0130	2.5788	0.0158	0.0158	0.1200	3.1846	0.0000	3.5027	inf	254.9342	0.0010	0.0978	0.9600	4.0000	1.3160	5.0006	0.0016	0.0000	0.0016	0.0000	0.0000	0.0000	0.0015	0.0000	0.0015	0.3020	0.0012	0.3008	0.0012	0.0012	0.0000	0.3008	0.0000	0.3008	0.1549	0.1334	0.0215	0.0344	0.0330	0.0014	0.1204	0.1004	0.0201	0.2074	0.0908	0.1167	0.0749	0.0749	0.0000	0.1325	0.0159	0.1166	0.0069	0.0000	0.0282	0.0736	0.0000	0.2361	0.0056	0.0000	0.0294	1.4560	0.0130	2.5788	0.0158	0.0158	0.1200	2.2696	0.0000	2.5792	
21	37	0.0812	2	2	1	1	0	0	0	0	0	Y	N	N	N	N	N	N	N	N	N	N	N	0.0055	0.0000	0.0157	0.1742	0.0000	0.2650	0.0049	0.0099	0.0132	0.0000	0.0932	0.0015	0.0000	0.0374	0.0164	0.0000	0.0970	2.3725	0.0073	5.9479	0.0088	0.0088	0.1411	3.3637	0.0000	9.7572	inf	546.9497	0.0010	0.0983	0.9600	3.0000	1.3160	4.0006	0.0016	0.0000	0.0016	0.0000	0.0000	0.0000	0.0015	0.0000	0.0015	0.3014	0.0005	0.3008	0.0006	0.0005	0.0000	0.3008	0.0000	0.3008	0.1186	0.1019	0.0167	0.0261	0.0250	0.0011	0.0925	0.0768	0.0157	0.1726	0.0756	0.0969	0.0628	0.0628	0.0000	0.1097	0.0128	0.0969	0.0075	0.0000	0.0300	0.1742	0.0000	0.2650	0.0060	0.0000	0.0313	1.7466	0.0073	3.1034	0.0088	0.0088	0.1411	2.7414	0.0000	3.1039	
21	38	0.0943	4	1	1	1	0	0	0	0	0	N	N	N	N	N	N	N	N	N	N	N	N	9.8138	8.7968	0.0000	10.1820	16.9110	0.0000	0.0000	0.0000	0.0009	0.0010	0.0000	0.0023	0.0024	0.0000	0.0000	0.0000	0.0000	0.0001	0.0001	0.0001	0.0002	0.0001	0.0145	0.0000	0.0000	0.0000	0.0000	0.8086	-0.0000	-0.0000	0.9600	1.0023	1.3160	0.0007	0.0000	0.0000	0.0000	0.0000	0.0000	0.0000	0.0000	0.0000	0.0000	0.0000	0.0000	0.0000	0.0000	0.0000	0.0000	0.0000	0.0000	0.0000	0.0438	0.0385	0.0053	0.0178	0.0165	0.0012	0.0260	0.0220	0.0040	0.0229	0.0100	0.0129	0.0083	0.0082	0.0000	0.0146	0.0017	0.0129	9.8138	8.7968	0.0000	10.1820	16.9110	0.0000	0.0000	0.0000	0.0000	0.0001	0.0001	0.0001	0.0002	0.0001	0.0145	0.0000	0.0000	0.0000	
21	39	0.0943	3	1	1	0	0	0	0	0	0	N	N	N	N	N	N	N	N	N	N	N	N	22.1394	21.3627	12.2869	21.1057	32.6095	0.1993	0.0000	0.0000	0.1044	0.1116	0.0528	0.1839	0.2079	0.0669	0.0000	0.0000	0.0000	0.0047	0.0052	0.0043	0.0087	0.0064	0.3358	0.0054	0.0000	0.0027	0.0662	1.0000	-0.0002	-0.0000	0.9600	0.0347	1.3160	0.0013	0.0006	0.0006	0.0000	0.0006	0.0006	0.0000	0.0000	0.0000	0.0000	0.0000	0.0000	0.0000	0.0000	0.0000	0.0000	0.0000	0.0000	0.0000	0.0060	0.0053	0.0007	0.0034	0.0028	0.0006	0.0026	0.0024	0.0002	0.0009	0.0004	0.0005	0.0003	0.0003	0.0000	0.0006	0.0001	0.0005	22.1394	21.3627	12.2869	21.1057	32.6095	0.1993	0.0000	0.0000	0.0000	0.0047	0.0052	0.0043	0.0087	0.0064	0.3358	0.0023	0.0000	0.0027	
21	40	0.0812	2	1	1	0	0	0	0	0	0	N	N	N	N	N	N	N	N	N	N	N	N	5.6230	2.5816	0.0000	9.2900	9.6932	0.0000	0.0000	0.0000	0.1153	0.1339	0.0000	0.5188	0.5410	0.0000	0.0000	0.0000	0.0000	0.0205	0.0519	0.0000	0.0558	0.0558	0.1782	0.0000	0.0000	0.0000	0.0000	0.0009	-0.0068	-0.0018	0.9600	3.9674	1.3160	1.0003	0.0177	0.0177	0.0000	0.0177	0.0177	0.0000	0.0000	0.0000	0.0000	0.0027	0.0027	0.0000	0.0027	0.0027	0.0000	0.0000	0.0000	0.0000	0.1537	0.1324	0.0213	0.0342	0.0328	0.0014	0.1196	0.0996	0.0199	0.1313	0.0576	0.0737	0.0482	0.0482	0.0000	0.0831	0.0094	0.0737	5.6230	2.8681	0.0000	9.2900	9.6932	0.0000	0.0000	0.0000	0.0000	0.0205	0.0467	0.0000	0.0558	0.0558	0.1782	0.0000	0.0000	0.0000	
21	41	0.1343	4	1	2	0	0	0	0	0	0	N	Y	N	N	N	N	N	N	N	N	N	N	20.3276	11.8594	0.0000	22.3044	23.9237	0.0000	0.0000	0.0000	0.0017	0.0019	0.0000	0.0040	0.0043	0.0000	0.0000	0.0000	0.0000	0.0001	0.0002	0.0000	0.0002	0.0002	0.0001	0.0000	0.0000	0.0000	0.0000	0.1387	-0.0000	-0.0000	0.9600	1.0144	1.3160	1.0128	0.0001	0.0001	0.0000	0.0001	0.0001	0.0000	0.0000	0.0000	0.0000	0.0000	0.0000	0.0000	0.0000	0.0000	0.0000	0.0000	0.0000	0.0000	0.0461	0.0410	0.0051	0.0191	0.0178	0.0013	0.0269	0.0232	0.0037	0.0591	0.0269	0.0321	0.0237	0.0236	0.0001	0.0354	0.0034	0.0320	20.3276	11.8594	0.0000	22.3044	23.9237	0.0000	0.0000	0.0000	0.0000	0.0001	0.0002	0.0000	0.0002	0.0002	0.0001	0.0000	0.0000	0.0000	
21	42	0.0812	2	2	2	1	0	0	0	0	0	Y	Y	N	N	N	N	N	N	N	N	N	N	0.0066	0.0000	0.0364	0.0204	0.0000	inf	0.0052	0.0379	0.0132	0.0000	0.0932	0.0015	0.0000	0.0374	0.0164	0.0000	0.0970	1.9794	0.0847	2.5621	0.0752	0.0752	0.0000	3.1437	0.0000	2.5626	inf	52.3143	0.0010	0.0693	0.9600	3.0000	1.3160	2.9994	0.0016	0.0000	0.0016	0.0000	0.0000	0.0000	0.0015	0.0000	0.0015	0.2243	0.0042	0.2201	0.0042	0.0042	0.0000	0.2201	0.0000	0.2201	0.1186	0.1019	0.0167	0.0261	0.0250	0.0011	0.0925	0.0768	0.0157	0.1530	0.0671	0.0859	0.0559	0.0559	0.0000	0.0971	0.0112	0.0859	0.0090	0.0000	0.0364	0.0204	0.0000	inf	0.0072	0.0000	0.0379	1.4660	0.0627	2.5621	0.0752	0.0752	0.0000	2.2674	0.0000	2.5626	
21	43	0.0812	2	2	2	1	0	0	0	0	0	Y	Y	N	N	N	N	N	N	N	N	N	N	0.0057	0.0000	0.0385	0.0183	0.0000	inf	0.0053	0.0401	0.0101	0.0000	0.0726	0.0012	0.0000	0.0283	0.0126	0.0000	0.0757	1.7762	0.0602	1.8871	0.0635	0.0636	0.0000	2.3690	0.0000	1.8874	inf	46.2666	0.0010	0.0690	0.9600	4.0000	1.3160	4.9994	0.0016	0.0000	0.0016	0.0000	0.0000	0.0000	0.0015	0.0000	0.0015	0.2249	0.0048	0.2201	0.0048	0.0048	0.0000	0.2201	0.0000	0.2201	0.1549	0.1334	0.0215	0.0344	0.0330	0.0014	0.1204	0.1004	0.0201	0.2074	0.0908	0.1166	0.0749	0.0749	0.0000	0.1325	0.0159	0.1166	0.0093	0.0000	0.0385	0.0183	0.0000	inf	0.0076	0.0000	0.0401	1.0843	0.0524	1.8871	0.0635	0.0636	0.0000	1.6609	0.0000	1.8874	
21	44	0.2188	3	2	2	0	0	0	0	0	0	Y	Y	N	N	N	N	N	N	N	N	N	N	0.0000	0.0000	0.0000	0.0000	0.0000	0.0000	0.0000	0.0000	0.0000	0.0000	0.0000	0.0000	0.0000	0.0407	0.4861	0.0000	0.1163	0.1396	0.0000	0.0000	0.0000	0.0000	0.0000	0.0000	-0.0014	0.9600	2.0000	1.3160	1.0000	0.0000	0.0000	0.0000	0.0000	0.0000	0.0000	0.0000	0.0000	0.0000	0.0021	0.0021	0.0000	0.0021	0.0021	0.0000	0.0000	0.0000	0.0000	0.0768	0.0672	0.0096	0.0202	0.0191	0.0011	0.0566	0.0481	0.0085	0.0506	0.0198	0.0308	0.0177	0.0148	0.0030	0.0329	0.0051	0.0278	0.0000	0.0000	0.0000	0.0000	0.0000	0.0000	0.0000	0.0000	0.0000	0.0407	0.1039	0.0000	0.1163	0.1396	0.0000	0.0000	0.0000	0.0000						
21	45	0.1464	4	1	2	0	1	0	0	0	0	N	Y	N	N	N	N	N	N	N	N	N	N	0.0000	0.0000	0.0000	0.0000	0.0000	0.0000	0.0000	0.0000	0.0000	0.0000	0.0000	0.0000	0.0000	0.0000	0.0000	0.0000	0.0000	0.0000	0.0000	0.0000	0.9600	1.0000	1.3160	0.0000	0.0000	0.0000	0.0000	0.0000	0.0000	0.0000	0.0000	0.0000	0.0000	0.0000	0.0000	0.0000	0.0000	0.0000	0.0000	0.0000	0.0000	0.0000	0.0474	0.0408	0.0066	0.0222	0.0196	0.0026	0.0252	0.0212	0.0040	0.0304	0.0137	0.0167	0.0123	0.0120	0.0003	0.0181	0.0017	0.0164	0.0000	0.0000	0.0000	0.0000	0.0000	0.0000	0.0000	0.0000	0.0000	0.0000	0.0000	0.0000	0.0000	0.0000	0.0000	0.0000	0.0000	0.0000											
21	46	0.1464	4	1	1	0	1	0	0	0	0	N	N	N	N	N	N	N	N	N	N	N	N	0.0000	0.0000	0.0000	0.0000	0.0000	0.0000	0.0000	0.0000	0.0000	0.0000	0.0000	0.0000	0.0000	0.0000	0.0000	0.0000	0.0000	0.0000	0.0000	0.0000	0.9600	0.0000	1.3160	0.0000	0.0000	0.0000	0.0000	0.0000	0.0000	0.0000	0.0000	0.0000	0.0000	0.0000	0.0000	0.0000	0.0000	0.0000	0.0000	0.0000	0.0000	0.0000	0.0000	0.0000	0.0000	0.0000	0.0000	0.0000	0.0000	0.0000	0.0000	0.0000	0.0000	0.0000	0.0000	0.0000	0.0000	0.0000	0.0000	0.0000	0.0000	0.0000	0.0000	0.0000	0.0000	0.0000	0.0000	0.0000	0.0000	0.0000	0.0000	0.0000	0.0000	0.0000	0.0000	0.0000	0.0000	0.0000											
21	47	0.1134	3	1	1	0	1	0	0	0	0	N	N	N	N	N	N	N	N	N	N	N	N	380.0751	264.9043	0.0095	304.2588	369.2397	0.0026	320.3104	3.0668	0.0091	6.8992	7.9386	0.0001	7.0087	7.7547	0.0001	6.8445	8.0360	0.0000	0.0182	0.0300	0.0055	0.0230	0.0210	0.0545	0.0214	2.6203	0.0026	0.0000	0.1733	-0.2417	-0.0014	0.9600	2.0873	1.3160	1.9360	0.6271	0.6271	0.0000	0.2121	0.2121	0.0000	0.4150	0.4150	0.0000	0.0027	0.0023	0.0004	0.0015	0.0013	0.0002	0.0012	0.0010	0.0002	0.0909	0.0790	0.0119	0.0303	0.0274	0.0029	0.0606	0.0516	0.0090	0.1481	0.0765	0.0716	0.0662	0.0622	0.0040	0.0819	0.0143	0.0676	380.0751	264.9043	0.0095	304.2588	369.2397	0.0026	481.7964	116.4841	0.0091	0.0182	0.0300	0.0055	0.0230	0.0210	0.0545	0.0142	0.0690	0.0026
21	48	0.0812	2	1	1	0	1	0	0	0	0	N	N	N	N	N	N	N	N	N	N	N	N	0.8890	0.4729	0.0000	0.5279	0.5509	0.0000	6.3905	32.5560	0.0000	0.0151	0.0176	0.0000	0.0235	0.0245	0.0000	0.0128	0.0153	0.0000	0.0170	0.0372	0.0013	0.0445	0.0444	0.1694	0.0020	0.0005	0.0012	0.0000	0.0434	-0.0009	-0.0013	0.9600	3.9129	1.3160	0.7267	0.0023	0.0023	0.0000	0.0008	0.0008	0.0000	0.0015	0.0015	0.0000	0.0021	0.0020	0.0001	0.0020	0.0020	0.0000	0.0001	0.0000	0.0001	0.1518	0.1307	0.0211	0.0337	0.0323	0.0014	0.1181	0.0984	0.0197	0.1240	0.0544	0.0696	0.0456	0.0456	0.0000	0.0784	0.0089	0.0696	0.8890	0.4729	0.0000	0.5279	0.5509	0.0000	11.6672	111156.4553	0.0000	0.0170	0.0372	0.0013	0.0445	0.0444	0.1694	0.0011	0.0000	0.0012
21	49	0.0812	2	1	2	1	0	0	0	0	0	N	Y	N	N	N	N	N	N	N	N	N	N	0.0587	inf	0.0217	16012.4215	inf	0.1714	0.0030	0.0227	0.1121	0.1215	0.0521	0.4655	0.4846	0.0193	0.0088	0.0000	0.0545	1.9111	0.0000	2.3977	0.0000	0.0000	0.1125	2.8922	0.0000	2.3980	0.0665	inf	-0.0081	0.0986	0.9600	6.0000	1.3160	4.0006	0.0250	0.0235	0.0016	0.0235	0.0235	0.0000	0.0015	0.0000	0.0015	0.3008	0.0000	0.3008	0.0000	0.0000	0.0000	0.3008	0.0000	0.3008	0.2230	0.1931	0.0300	0.0505	0.0484	0.0021	0.1725	0.1447	0.0279	0.2230	0.0975	0.1255	0.0801	0.0801	0.0000	0.1428	0.0174	0.1254	0.0831	inf	0.0217	16012.4215	inf	0.1714	0.0042	0.0000	0.0227	1.3492	0.0000	2.3977	0.0000	0.0000	0.1125	2.1063	0.0000	2.3980	
21	50	0.0812	2	2	1	1	0	0	0	0	0	Y	N	N	N	N	N	N	N	N	N	N	N	0.0156	inf	0.0202	3401.2267	inf	0.1607	0.0028	0.0156	0.0308	0.0275	0.0521	0.1058	0.1095	0.0193	0.0088	0.0000	0.0545	1.9685	0.0000	2.5788	0.0000	0.0000	0.1200	3.1846	0.0000	3.5027	0.2943	inf	-0.0011	0.0986	0.9600	6.0000	1.3160	3.0006	0.0069	0.0053	0.0016	0.0053	0.0053	0.0000	0.0015	0.0000	0.0015	0.3008	0.0000	0.3008	0.0000	0.0000	0.0000	0.3008	0.0000	0.3008	0.2230	0.1931	0.0300	0.0505	0.0484	0.0021	0.1725	0.1447	0.0279	0.2074	0.0908	0.1167	0.0749	0.0749	0.0000	0.1325	0.0159	0.1166	0.0212	inf	0.0202	3401.2267	inf	0.1607	0.0039	0.0000	0.0211	1.4503	0.0000	2.5788	0.0000	0.0000	0.1200	2.2696	0.0000	2.5792	
21	51	0.1190	3	2	2	0	0	0	0	0	0	Y	Y	N	N	N	N	N	N	N	N	N	N	2.3152	1.3300	0.0864	2.4632	2.9168	0.0006	0.1195	0.0251	0.0298	0.0071	0.0083	0.0001	0.0219	0.0236	0.0003	0.0000	0.0000	0.0000	0.0031	0.0063	0.0007	0.0089	0.0081	0.5703	0.0002	0.0011	0.0002	0.0012	0.1504	-0.0001	-0.0001	0.9600	1.0314	1.3160	3.0033	0.0003	0.0003	0.0000	0.0003	0.0003	0.0000	0.0000	0.0000	0.0000	0.0003	0.0002	0.0000	0.0003	0.0002	0.0000	0.0000	0.0000	0.0000	0.0457	0.0391	0.0066	0.0149	0.0138	0.0011	0.0309	0.0253	0.0055	0.0856	0.0366	0.0490	0.0283	0.0283	0.0000	0.0572	0.0083	0.0489	2.3152	1.3300	0.0864	2.4632	2.9168	0.0006	0.1195	24.2747	0.0298	0.0031	0.0063	0.0007	0.0089	0.0081	0.5703	0.0002	0.0000	0.0002
21	52	0.0812	2	2	2	0	0	0	0	0	0	Y	Y	N	N	N	N	N	N	N	N	N	N	21.6709	181.0384	0.0000	547.1243	607.7309	0.0000	0.0000	0.0000	0.0951	0.1101	0.0000	0.4241	0.4422	0.0000	0.0000	0.0000	0.0000	0.0044	0.0006	0.0073	0.0008	0.0007	0.1758	0.0132	0.0000	0.0073	0.0000	15.4373	-0.0069	0.0002	0.9600	4.9791	1.3160	0.0710	0.0180	0.0180	0.0000	0.0180	0.0180	0.0000	0.0000	0.0000	0.0000	0.0006	0.0000	0.0005	0.0000	0.0000	0.0000	0.0005	0.0000	0.0005	0.1889	0.1631	0.0258	0.0424	0.0406	0.0017	0.1465	0.1225	0.0240	0.1331	0.0584	0.0747	0.0488	0.0488	0.0000	0.0842	0.0096	0.0747	21.6709	181.0384	0.0000	547.1243	607.7309	0.0000	0.0000	0.0000	0.0000	0.0044	0.0006	0.0073	0.0008	0.0007	0.1758	0.0065	0.0000	0.0073	
21	53	0.0812	2	1	2	0	0	0	0	0	0	N	Y	N	N	N	N	N	N	N	N	N	N	0.0581	1.2328	0.0217	5.8538	6.0952	0.1714	0.0030	0.0227	0.1121	0.1215	0.0521	0.4655	0.4846	0.0193	0.0088	0.0000	0.0545	1.9300	0.0985	2.3977	0.0795	0.0795	0.1125	2.8922	0.0000	2.3980	0.0665	47.2249	-0.0081	0.0943	0.9600	6.0000	1.3160	4.0006	0.0250	0.0235	0.0016	0.0235	0.0235	0.0000	0.0015	0.0000	0.0015	0.3072	0.0064	0.3008	0.0064	0.0064	0.0000	0.3008	0.0000	0.3008	0.2230	0.1931	0.0300	0.0505	0.0484	0.0021	0.1725	0.1447	0.0279	0.2230	0.0975	0.1255	0.0801	0.0801	0.0000	0.1428	0.0174	0.1254	0.0814	1.8590	0.0217	5.8538	6.0952	0.1714	0.0042	0.0000	0.0227	1.3778	0.0653	2.3977	0.0795	0.0795	0.1125	2.1063	0.0000	2.3980	
21	54	0.1343	4	1	1	1	0	0	0	0	0	N	N	N	N	N	N	N	N	N	N	N	N	38.5600	23.7443	0.0000	31.2878	33.3829	0.0000	0.0000	0.0000	0.0307	0.0408	0.0000	0.0610	0.0654	0.0000	0.0000	0.0000	0.0000	0.0008	0.0017	0.0000	0.0020	0.0020	0.0002	0.0000	0.0000	0.0000	0.0000	0.0144	-0.0000	-0.0000	0.9600	0.0147	1.3160	0.9910	0.0001	0.0001	0.0000	0.0001	0.0001	0.0000	0.0000	0.0000	0.0000	0.0000	0.0000	0.0000	0.0000	0.0000	0.0000	0.0000	0.0000	0.0000	0.0025	0.0019	0.0006	0.0012	0.0012	0.0001	0.0012	0.0007	0.0005	0.0306	0.0139	0.0166	0.0123	0.0122	0.0001	0.0183	0.0017	0.0166	38.5600	23.7443	0.0000	31.2878	33.3829	0.0000	0.0000	0.0000	0.0000	0.0008	0.0017	0.0000	0.0020	0.0020	0.0002	0.0000	0.0000	0.0000	
21	55	0.1233	3	1	1	0	0	0	0	0	0	N	N	N	N	N	N	N	N	N	N	N	N	191.4252	120.5674	2.2699	254.9738	274.2557	3.4188	0.0669	0.0000	0.3439	0.1097	0.1274	0.0004	0.3076	0.3318	0.0018	0.0000	0.0000	0.0001	0.0006	0.0011	0.0002	0.0012	0.0012	0.0005	0.0001	0.0019	0.0002	0.0005	0.1867	-0.0019	-0.0000	0.9600	0.9556	1.3160	1.0192	0.0050	0.0050	0.0000	0.0050	0.0050	0.0000	0.0000	0.0000	0.0000	0.0000	0.0000	0.0000	0.0000	0.0000	0.0000	0.0000	0.0000	0.0000	0.0456	0.0392	0.0063	0.0163	0.0151	0.0012	0.0293	0.0242	0.0052	0.0580	0.0265	0.0315	0.0233	0.0231	0.0001	0.0347	0.0034	0.0314	191.4252	120.5674	2.2699	254.9738	274.2557	3.4188	0.0669	0.0000	0.3439	0.0006	0.0011	0.0002	0.0012	0.0012	0.0005	0.0001	0.0000	0.0002
21	56	0.0812	2	1	1	0	0	0	0	0	0	N	N	N	N	N	N	N	N	N	N	N	N	0.0275	0.0028	0.0000	0.0457	0.0476	0.0000	0.0000	0.0000	0.0016	0.0019	0.0000	0.0074	0.0077	0.0000	0.0000	0.0000	0.0000	0.0591	0.6667	0.0002	0.1614	0.1614	0.1557	0.0001	0.0000	0.0001	0.0000	0.0017	-0.0001	-0.0061	0.9600	3.0309	1.3160	3.0097	0.0002	0.0002	0.0000	0.0002	0.0002	0.0000	0.0000	0.0000	0.0000	0.0091	0.0091	0.0000	0.0091	0.0091	0.0000	0.0000	0.0000	0.0000	0.1198	0.1029	0.0169	0.0264	0.0253	0.0011	0.0934	0.0776	0.0158	0.1539	0.0675	0.0864	0.0562	0.0562	0.0000	0.0976	0.0112	0.0864	0.0275	0.0141	0.0000	0.0457	0.0476	0.0000	0.0000	0.0000	0.0000	0.0591	0.1345	0.0002	0.1614	0.1614	0.1557	0.0001	0.0000	0.0001	
21	57	0.0812	2	1	1	0	0	0	0	0	0	N	N	N	N	N	N	N	N	N	N	N	N	0.0008	0.7094	0.0000	2.2662	2.4048	0.0000	0.0000	0.0000	0.0012	0.0014	0.0000	0.0054	0.0056	0.0000	0.0000	0.0000	0.0000	1.5391	0.0019	1.2782	0.0024	0.0023	0.1565	2.0504	0.0000	1.2784	0.0000	844.8643	-0.0001	0.0359	0.9600	3.0000	1.3160	3.0006	0.0001	0.0001	0.0000	0.0001	0.0001	0.0000	0.0000	0.0000	0.0000	0.1100	0.0001	0.1098	0.0001	0.0001	0.0000	0.1098	0.0000	0.1098	0.1186	0.1019	0.0167	0.0261	0.0250	0.0011	0.0925	0.0768	0.0157	0.1530	0.0671	0.0859	0.0559	0.0559	0.0000	0.0971	0.0112	0.0859	0.0016	0.7094	0.0000	2.2662	2.4048	0.0000	0.0000	0.0000	0.0000	0.7185	0.0019	1.2782	0.0024	0.0023	0.1565	1.1312	0.0000	1.2784	
21	58	0.2268	4	1	1	0	0	0	0	0	0	N	N	N	N	N	N	N	N	N	N	N	N	2.0308	0.2580	0.3017	0.9427	1.0751	0.0296	7.7826	1.2428	0.0826	0.1056	0.1223	0.0021	0.1146	0.1305	0.0041	0.0966	0.1139	0.0005	0.0520	0.4742	0.0070	0.1216	0.1214	0.1380	0.0124	0.0917	0.0059	0.0028	0.0765	-0.0201	-0.0100	0.9600	10.2575	1.3160	3.8960	0.0526	0.0524	0.0001	0.0285	0.0283	0.0001	0.0241	0.0241	0.0000	0.0166	0.0154	0.0012	0.0155	0.0153	0.0002	0.0010	0.0001	0.0010	0.4979	0.4284	0.0695	0.2483	0.2171	0.0312	0.2496	0.2114	0.0382	0.3188	0.1501	0.1688	0.1278	0.1264	0.0014	0.1911	0.0237	0.1674	2.0308	1.1924	0.3017	0.9427	1.0751	0.0296	17.7705	53.2755	0.0826	0.0520	0.1026	0.0070	0.1216	0.1214	0.1380	0.0054	0.0021	0.0059
21	59	0.2008	3	2	2	1	0	0	0	0	0	Y	Y	N	N	N	N	N	N	N	N	N	N	0.0000	0.0000	0.0000	0.0000	0.0000	0.0000	0.0000	0.0000	0.0000	0.0000	0.0000	0.0000	0.0000	0.0078	0.0000	0.0137	0.0000	0.0000	0.0000	0.0218	0.0000	0.0162	inf	0.0000	0.0000	0.9600	0.0000	1.3160	0.0000	0.0000	0.0000	0.0000	0.0000	0.0000	0.0000	0.0000	0.0000	0.0000	0.0000	0.0000	0.0000	0.0000	0.0000	0.0000	0.0000	0.0000	0.0000	0.0000	0.0000	0.0000	0.0000	0.0000	0.0000	0.0000	0.0000	0.0000	0.0000	0.0000	0.0000	0.0000	0.0000	0.0000	0.0000	0.0000	0.0000	0.0000	0.0000	0.0000	0.0000	0.0000	0.0000	0.0000	0.0000	0.0000	0.0078	0.0000	0.0137	0.0000	0.0000	0.0000	0.0154	0.0000	0.0162						
21	60	0.0812	2	2	1	1	0	0	0	0	0	Y	N	N	N	N	N	N	N	N	N	N	N	0.0513	2.6108	0.0205	8.1443	8.4774	inf	0.0027	0.0215	0.0980	0.1059	0.0462	0.4035	0.4201	0.0167	0.0077	0.0000	0.0485	1.9106	0.0406	2.2511	0.0495	0.0496	0.0000	2.8154	0.0000	2.2515	0.0665	71.4936	-0.0081	0.0958	0.9600	7.0000	1.3160	3.9994	0.0250	0.0235	0.0016	0.0235	0.0235	0.0000	0.0015	0.0000	0.0015	0.3050	0.0042	0.3008	0.0042	0.0042	0.0000	0.3008	0.0000	0.3008	0.2551	0.2214	0.0337	0.0582	0.0558	0.0024	0.1969	0.1655	0.0313	0.2373	0.1037	0.1336	0.0849	0.0849	0.0000	0.1524	0.0188	0.1336	0.0763	2.6108	0.0205	8.1443	8.4774	inf	0.0039	0.0000	0.0215	1.2853	0.0406	2.2511	0.0495	0.0496	0.0000	1.9739	0.0000	2.2515	
21	61	0.1637	3	2	1	1	0	0	0	0	0	Y	N	N	N	N	N	N	N	N	N	N	N	0.0000	0.0000	0.0000	0.0000	0.0000	0.0000	0.0000	0.0000	0.0000	0.0000	0.0000	0.0000	0.0000	0.0000	0.0000	0.0000	0.0000	0.0000	0.0000	0.0000	0.9600	2.0000	1.3160	0.0000	0.0000	0.0000	0.0000	0.0000	0.0000	0.0000	0.0000	0.0000	0.0000	0.0000	0.0000	0.0000	0.0000	0.0000	0.0000	0.0000	0.0000	0.0000	0.0788	0.0673	0.0115	0.0201	0.0189	0.0012	0.0588	0.0484	0.0103	0.0395	0.0124	0.0271	0.0172	0.0089	0.0083	0.0223	0.0035	0.0188	0.0000	0.0000	0.0000	0.0000	0.0000	0.0000	0.0000	0.0000	0.0000	0.0000	0.0000	0.0000	0.0000	0.0000	0.0000	0.0000	0.0000	0.0000											
21	62	0.0812	2	2	1	1	0	0	0	0	0	Y	N	N	N	N	N	N	N	N	N	N	N	0.0601	2.5011	0.0144	8.6940	9.0437	inf	0.0038	0.0121	0.1275	0.1363	0.0726	0.5293	0.5507	0.0283	0.0126	0.0000	0.0757	2.1208	0.0545	5.0551	0.0609	0.0609	0.0000	3.3070	0.0000	6.2393	0.0858	71.4937	-0.0060	0.0958	0.9600	4.0000	1.3160	3.9994	0.0197	0.0182	0.0016	0.0182	0.0182	0.0000	0.0015	0.0000	0.0015	0.3050	0.0042	0.3008	0.0042	0.0042	0.0000	0.3008	0.0000	0.3008	0.1549	0.1334	0.0215	0.0344	0.0330	0.0014	0.1204	0.1004	0.0201	0.1906	0.0835	0.1071	0.0691	0.0691	0.0000	0.1215	0.0144	0.1071	0.0797	2.7042	0.0259	8.6940	9.0437	inf	0.0051	0.0000	0.0270	1.6001	0.0504	2.8075	0.0609	0.0609	0.0000	2.4756	0.0000	2.8080	
21	63	0.0812	2	1	2	0	0	0	0	0	0	N	Y	N	N	N	N	N	N	N	N	N	N	14640.0096	7371.4187	7764.5473	8095.9218	inf	inf	2.4674	2.8434	0.0000	3.6571	3.8141	0.0000	2.1157	2.5161	0.0000	0.0002	0.0004	0.0000	0.0005	0.0005	0.0000	0.0000	0.0000	0.0000	0.0000	0.0000	-0.2426	-0.0000	0.9600	7.0000	1.3160	4.0000	0.6294	0.6294	0.0000	0.2129	0.2129	0.0000	0.4165	0.4165	0.0000	0.0000	0.0000	0.0000	0.0000	0.0000	0.0000	0.0000	0.0000	0.0000	0.2551	0.2214	0.0337	0.0582	0.0558	0.0024	0.1969	0.1655	0.0313	0.2373	0.1037	0.1336	0.0849	0.0849	0.0000	0.1524	0.0188	0.1336	14640.0096	7371.4187	0.0000	7764.5473	8095.9218	0.0000	inf	inf	0.0000	0.0002	0.0004	0.0000	0.0005	0.0005	0.0000	0.0000	0.0000	0.0000			
21	64	0.1879	5	1	1	1	0	0	0	0	0	N	N	N	N	N	N	N	N	N	N	N	N	0.0000	0.0000	0.0000	0.0000	0.0000	0.0000	0.0000	0.0000	0.0000	0.0000	0.0000	0.0000	0.0000	0.0000	0.0000	0.0000	0.0000	0.0000	0.0000	0.0000	0.9600	0.0000	1.3160	0.0000	0.0000	0.0000	0.0000	0.0000	0.0000	0.0000	0.0000	0.0000	0.0000	0.0000	0.0000	0.0000	0.0000	0.0000	0.0000	0.0000	0.0000	0.0000	0.0000	0.0000	0.0000	0.0000	0.0000	0.0000	0.0000	0.0000	0.0000	0.0000	0.0000	0.0000	0.0000	0.0000	0.0000	0.0000	0.0000	0.0000	0.0000	0.0000	0.0000	0.0000	0.0000	0.0000	0.0000	0.0000	0.0000	0.0000	0.0000	0.0000	0.0000	0.0000	0.0000	0.0000	0.0000	0.0000											
21	65	0.1636	4	1	1	1	0	0	0	0	0	N	N	N	N	N	N	N	N	N	N	N	N	0.0000	0.0000	0.0000	0.0000	0.0000	0.0000	0.0000	0.0000	0.0000	0.0000	0.0000	0.0000	0.0000	0.0735	0.8598	0.0000	0.1432	0.1929	0.0000	0.0000	0.0000	0.0000	0.0000	0.0000	-0.0029	0.9600	0.8734	1.3160	1.0002	0.0000	0.0000	0.0000	0.0000	0.0000	0.0000	0.0000	0.0000	0.0000	0.0043	0.0043	0.0000	0.0043	0.0043	0.0000	0.0000	0.0000	0.0000	0.0405	0.0343	0.0062	0.0157	0.0140	0.0017	0.0248	0.0203	0.0046	0.0592	0.0258	0.0334	0.0304	0.0225	0.0078	0.0288	0.0033	0.0255	0.0000	0.0000	0.0000	0.0000	0.0000	0.0000	0.0000	0.0000	0.0000	0.0735	0.1684	0.0000	0.1432	0.1929	0.0000	0.0000	0.0000	0.0000						
21	66	0.1490	3	1	1	0	0	0	0	0	0	N	N	N	N	N	N	N	N	N	N	N	N	6.1056	3.7949	0.6344	3.3413	2.8913	7.3943	5.3134	0.0825	0.1299	0.0403	0.0476	0.0011	0.0326	0.0368	0.0027	0.0458	0.0559	0.0003	0.0066	0.0125	0.0017	0.0097	0.0127	0.0004	0.0086	0.6775	0.0021	0.0042	0.1628	-0.0008	-0.0001	0.9600	1.0063	1.3160	0.0727	0.0021	0.0020	0.0000	0.0007	0.0007	0.0000	0.0014	0.0014	0.0000	0.0003	0.0002	0.0000	0.0002	0.0002	0.0000	0.0001	0.0000	0.0000	0.0510	0.0430	0.0080	0.0215	0.0188	0.0027	0.0296	0.0242	0.0053	0.0404	0.0183	0.0221	0.0212	0.0161	0.0051	0.0192	0.0022	0.0170	6.1056	3.7949	0.6344	3.3413	2.8913	7.3943	14.7085	5.0428	0.1299	0.0066	0.0125	0.0017	0.0097	0.0127	0.0004	0.0031	0.0111	0.0021
21	67	0.0812	2	1	1	0	0	0	0	0	0	N	N	N	N	N	N	N	N	N	N	N	N	122.3414	41.6551	0.0000	71.3940	74.4285	0.0000	641.4907	inf	0.0000	4.0531	4.7059	0.0000	6.1628	6.4264	0.0000	3.4502	4.1400	0.0000	0.0331	0.1130	0.0026	0.0863	0.0863	0.0004	0.0054	0.0000	0.0026	0.0000	0.0459	-0.2420	-0.0028	0.9600	4.0009	1.3160	1.0789	0.6278	0.6278	0.0000	0.2122	0.2122	0.0000	0.4156	0.4156	0.0000	0.0044	0.0042	0.0002	0.0042	0.0042	0.0000	0.0002	0.0000	0.0002	0.1549	0.1334	0.0215	0.0344	0.0330	0.0014	0.1205	0.1004	0.0201	0.1337	0.0587	0.0750	0.0491	0.0491	0.0000	0.0847	0.0096	0.0750	122.3414	65.1967	0.0000	71.3940	74.4285	0.0000	1502.4463	inf	0.0000	0.0331	0.0722	0.0026	0.0863	0.0863	0.0004	0.0023	0.0000	0.0026
21	68	0.0812	2	1	2	0	0	0	0	0	0	N	Y	N	N	N	N	N	N	N	N	N	N	0.0001	0.0010	0.0000	0.0051	0.0053	0.0000	0.0000	0.0001	0.0001	0.0000	0.0005	0.0005	0.0000	0.0000	0.0000	0.0000	1.3293	0.1182	0.6919	0.0921	0.0922	0.0000	1.2855	0.0000	0.6920	0.0000	11.6996	-0.0000	0.0218	0.9600	5.0000	1.3160	3.9994	0.0000	0.0000	0.0000	0.0000	0.0000	0.0000	0.0000	0.0000	0.0000	0.0876	0.0069	0.0807	0.0069	0.0069	0.0000	0.0807	0.0000	0.0807	0.1896	0.1637	0.0259	0.0425	0.0408	0.0017	0.1471	0.1230	0.0241	0.2074	0.0908	0.1166	0.0749	0.0749	0.0000	0.1325	0.0159	0.1166	0.0002	0.0016	0.0000	0.0051	0.0053	0.0000	0.0000	0.0000	0.0000	0.4224	0.0760	0.6919	0.0921	0.0922	0.0000	0.6089	0.0000	0.6920		
21	69	0.0812	2	2	1	1	0	0	0	0	0	Y	N	N	N	N	N	N	N	N	N	N	N	0.0152	0.5516	0.0264	1.7371	1.7976	inf	0.0033	0.0276	0.0268	0.0238	0.0462	0.0912	0.0944	0.0167	0.0077	0.0000	0.0485	1.7565	0.0432	1.7546	0.0525	0.0525	0.0000	2.3300	0.0000	1.7549	0.2960	52.3143	-0.0011	0.0693	0.9600	7.0000	1.3160	2.9994	0.0068	0.0053	0.0016	0.0053	0.0053	0.0000	0.0015	0.0000	0.0015	0.2243	0.0042	0.2201	0.0042	0.0042	0.0000	0.2201	0.0000	0.2201	0.2551	0.2214	0.0337	0.0582	0.0558	0.0024	0.1969	0.1655	0.0313	0.2229	0.0975	0.1255	0.0801	0.0801	0.0000	0.1428	0.0174	0.1254	0.0266	0.5516	0.0264	1.7371	1.7976	inf	0.0050	0.0000	0.0276	1.0062	0.0432	1.7546	0.0525	0.0525	0.0000	1.5414	0.0000	1.7549	
21	70	0.0812	2	1	2	0	1	0	0	0	0	N	Y	N	N	N	N	N	N	N	N	N	N	0.0004	3.0623	0.0000	8.7674	10.2048	0.0000	0.0000	0.0000	0.0006	0.0007	0.0000	0.0026	0.0027	0.0000	0.0000	0.0000	0.0000	1.4301	0.0002	0.9415	0.0003	0.0003	0.1200	1.5811	0.0000	0.9417	0.0000	5491.6179	-0.0000	0.0360	0.9600	4.0000	1.3160	5.0006	0.0001	0.0001	0.0000	0.0001	0.0001	0.0000	0.0000	0.0000	0.0000	0.1099	0.0000	0.1098	0.0000	0.0000	0.0000	0.1098	0.0000	0.1098	0.1549	0.1334	0.0215	0.0344	0.0330	0.0014	0.1204	0.1004	0.0201	0.2074	0.0908	0.1167	0.0749	0.0749	0.0000	0.1325	0.0159	0.1166	0.0011	3.0623	0.0000	8.7674	10.2048	0.0000	0.0000	0.0000	0.0000	0.5296	0.0002	0.9415	0.0003	0.0003	0.1200	0.8286	0.0000	0.9417	
21	71	0.0812	2	1	2	0	0	0	0	0	0	N	Y	N	N	N	N	N	N	N	N	N	N	2.4565	0.8279	3.8345	3.9982	0.0714	0.0823	0.0000	0.3130	0.3264	0.0000	0.0000	0.0000	0.0000	0.0291	0.0994	0.0000	0.0816	0.0816	0.0000	0.0000	0.0000	0.0000	0.0000	0.0000	-0.0070	-0.0049	0.9600	7.0000	1.3160	4.9994	0.0182	0.0182	0.0000	0.0182	0.0182	0.0000	0.0000	0.0000	0.0000	0.0073	0.0073	0.0000	0.0073	0.0073	0.0000	0.0000	0.0000	0.0000	0.2551	0.2214	0.0337	0.0582	0.0558	0.0024	0.1969	0.1655	0.0313	0.2506	0.1094	0.1412	0.0893	0.0893	0.0000	0.1614	0.0202	0.1412	2.4565	1.2359	0.0000	3.8345	3.9982	0.0000	0.0000	0.0000	0.0000	0.0291	0.0666	0.0000	0.0816	0.0816	0.0000	0.0000	0.0000	0.0000					
21	74	0.1400	3	1	2	0	0	0	0	0	0	N	Y	N	N	N	N	N	N	N	N	N	N	0.0000	0.0000	0.0000	0.0000	0.0000	0.0000	0.0000	0.0000	0.0000	0.0000	0.0000	0.0000	0.0000	0.0000	0.0000	0.0000	0.0000	0.0000	0.0000	0.0000	0.9600	0.0000	1.3160	0.0000	0.0000	0.0000	0.0000	0.0000	0.0000	0.0000	0.0000	0.0000	0.0000	0.0000	0.0000	0.0000	0.0000	0.0000	0.0000	0.0000	0.0000	0.0000	0.0000	0.0000	0.0000	0.0000	0.0000	0.0000	0.0000	0.0000	0.0000	0.0000	0.0000	0.0000	0.0000	0.0000	0.0000	0.0000	0.0000	0.0000	0.0000	0.0000	0.0000	0.0000	0.0000	0.0000	0.0000	0.0000	0.0000	0.0000	0.0000	0.0000	0.0000	0.0000	0.0000	0.0000	0.0000	0.0000											
21	75	0.0812	2	1	2	0	0	0	0	0	0	N	Y	N	N	N	N	N	N	N	N	N	N	217.4804	0.0054	1086722.5926	120.2338	0.0181	958.7186	12160224.4480	64848814.2845	3.7594	0.0002	27.2595	5.7021	0.0009	138.8930	3.2018	0.0000	19.3225	0.0173	0.0394	0.0000	0.0474	0.0474	0.1449	0.0000	0.0000	0.0000	20514.8681	0.0008	0.3868	-0.0019	0.9600	4.3567	1.3160	2.3689	0.6294	0.0000	0.6294	0.2129	0.0000	0.2129	0.4165	0.0000	0.4165	0.0029	0.0029	0.0000	0.0029	0.0029	0.0000	0.0000	0.0000	0.0000	0.1674	0.1443	0.0231	0.0373	0.0358	0.0015	0.1301	0.1085	0.0216	0.1673	0.0733	0.0940	0.0610	0.0610	0.0000	0.1063	0.0124	0.0940	217.4804	0.0054	1086722.5926	120.2338	0.0181	958.7186	12160224.4480	0.0000	64848814.2845	0.0173	0.0394	0.0000	0.0474	0.0474	0.1449	0.0000	0.0000	0.0000	
21	76	0.1486	5	2	2	0	1	0	0	0	0	Y	Y	N	N	N	N	N	N	N	N	N	N	0.0000	0.0000	0.0000	0.0000	0.0000	0.0000	0.0000	0.0000	0.0000	0.0000	0.0000	0.0000	0.0000	0.0000	0.0000	0.0000	0.0000	0.0000	0.0000	0.0000	0.9600	0.0000	1.3160	0.0000	0.0000	0.0000	0.0000	0.0000	0.0000	0.0000	0.0000	0.0000	0.0000	0.0000	0.0000	0.0000	0.0000	0.0000	0.0000	0.0000	0.0000	0.0000	0.0000	0.0000	0.0000	0.0000	0.0000	0.0000	0.0000	0.0000	0.0000	0.0000	0.0000	0.0000	0.0000	0.0000	0.0000	0.0000	0.0000	0.0000	0.0000	0.0000	0.0000	0.0000	0.0000	0.0000	0.0000	0.0000	0.0000	0.0000	0.0000	0.0000	0.0000	0.0000	0.0000	0.0000	0.0000	0.0000											
21	77	0.1403	4	2	2	0	1	0	0	0	0	Y	Y	N	N	N	N	N	N	N	N	N	N	0.1312	0.0783	0.0000	0.1853	0.1943	0.0000	0.0000	0.0000	0.0003	0.0003	0.0000	0.0009	0.0009	0.0000	0.0000	0.0000	0.0000	0.0019	0.0037	0.0004	0.0047	0.0048	0.0000	0.0004	0.0000	0.0004	0.0000	0.1323	-0.0000	-0.0000	0.9600	1.0073	1.3160	0.3366	0.0000	0.0000	0.0000	0.0000	0.0000	0.0000	0.0000	0.0000	0.0000	0.0000	0.0000	0.0000	0.0000	0.0000	0.0000	0.0000	0.0000	0.0000	0.0396	0.0346	0.0050	0.0114	0.0108	0.0006	0.0282	0.0238	0.0044	0.0202	0.0093	0.0109	0.0073	0.0072	0.0001	0.0129	0.0021	0.0108	0.1312	0.0783	0.0000	0.1853	0.1943	0.0000	0.0000	0.0000	0.0000	0.0019	0.0037	0.0004	0.0047	0.0048	0.0000	0.0004	0.0000	0.0004	
21	78	0.1660	4	1	2	0	1	0	0	0	0	N	Y	N	N	N	N	N	N	N	N	N	N	0.0000	0.0000	0.0000	0.0000	0.0000	0.0000	0.0000	0.0000	0.0000	0.0000	0.0000	0.0000	0.0000	0.0000	0.0000	0.0000	0.0000	0.0000	0.0000	0.0000	0.9600	0.0000	1.3160	0.0000	0.0000	0.0000	0.0000	0.0000	0.0000	0.0000	0.0000	0.0000	0.0000	0.0000	0.0000	0.0000	0.0000	0.0000	0.0000	0.0000	0.0000	0.0000	0.0000	0.0000	0.0000	0.0000	0.0000	0.0000	0.0000	0.0000	0.0000	0.0000	0.0000	0.0000	0.0000	0.0000	0.0000	0.0000	0.0000	0.0000	0.0000	0.0000	0.0000	0.0000	0.0000	0.0000	0.0000	0.0000	0.0000	0.0000	0.0000	0.0000	0.0000	0.0000	0.0000	0.0000	0.0000	0.0000											
21	79	0.1578	3	1	2	0	1	0	0	0	0	N	Y	N	N	N	N	N	N	N	N	N	N	0.0000	0.0000	0.0000	0.0000	0.0000	0.0000	0.0000	0.0000	0.0000	0.0000	0.0000	0.0000	0.0000	0.0000	0.0000	0.0000	0.0000	0.0000	0.0000	0.0000	0.9600	0.0000	1.3160	1.0000	0.0000	0.0000	0.0000	0.0000	0.0000	0.0000	0.0000	0.0000	0.0000	0.0000	0.0000	0.0000	0.0000	0.0000	0.0000	0.0000	0.0000	0.0000	0.0000	0.0000	0.0000	0.0000	0.0000	0.0000	0.0000	0.0000	0.0000	0.0198	0.0077	0.0121	0.0106	0.0061	0.0044	0.0092	0.0016	0.0077	0.0000	0.0000	0.0000	0.0000	0.0000	0.0000	0.0000	0.0000	0.0000	0.0000	0.0000	0.0000	0.0000	0.0000	0.0000	0.0000	0.0000	0.0000											
21	80	0.1403	4	1	2	0	0	0	0	0	0	N	Y	N	N	N	N	N	N	N	N	N	N	0.0009	0.0000	0.0079	0.0000	0.0000	0.0000	0.0016	0.0090	0.0000	0.0000	0.0000	0.0000	0.0000	0.0000	0.0000	0.0000	0.0000	0.0001	0.0001	0.0001	0.0002	0.0002	0.0000	0.0001	0.0000	0.0001	inf	1.1263	0.0000	-0.0000	0.9600	3.9927	1.3160	1.0002	0.0000	0.0000	0.0000	0.0000	0.0000	0.0000	0.0000	0.0000	0.0000	0.0000	0.0000	0.0000	0.0000	0.0000	0.0000	0.0000	0.0000	0.0000	0.1475	0.1297	0.0178	0.0435	0.0410	0.0024	0.1041	0.0887	0.0154	0.0640	0.0292	0.0348	0.0221	0.0219	0.0002	0.0419	0.0073	0.0345	0.0009	0.0000	0.0079	0.0000	0.0000	0.0000	0.0016	0.0000	0.0090	0.0001	0.0001	0.0001	0.0002	0.0002	0.0000	0.0001	0.0000	0.0001	
21	81	0.1356	3	1	2	0	0	0	0	0	0	N	Y	N	N	N	N	N	N	N	N	N	N	0.0058	0.0032	0.0000	0.0076	0.0079	0.0000	0.0000	0.0000	0.0000	0.0000	0.0001	0.0002	0.0000	0.0000	0.0000	0.0000	0.0072	0.0147	0.0008	0.0193	0.0195	0.0000	0.0007	0.0000	0.0008	0.0000	0.0636	-0.0000	-0.0000	0.9600	0.0110	1.3160	0.6549	0.0000	0.0000	0.0000	0.0000	0.0000	0.0000	0.0000	0.0000	0.0000	0.0001	0.0001	0.0000	0.0001	0.0001	0.0000	0.0000	0.0000	0.0000	0.0004	0.0004	0.0001	0.0001	0.0001	0.0000	0.0003	0.0003	0.0000	0.0094	0.0043	0.0051	0.0033	0.0033	0.0000	0.0061	0.0011	0.0051	0.0058	0.0032	0.0000	0.0076	0.0079	0.0000	0.0000	0.0000	0.0000	0.0072	0.0147	0.0008	0.0193	0.0195	0.0000	0.0007	0.0000	0.0008		
21	82	0.1578	3	1	1	1	1	0	0	0	0	N	N	N	N	N	N	N	N	N	N	N	N	0.0000	0.0000	0.0000	0.0000	0.0000	0.0000	0.0000	0.0000	0.0000	0.0000	0.0000	0.0000	0.0000	0.0000	0.0000	0.0000	0.0000	0.0000	0.0000	0.0000	0.9600	1.0000	1.3160	0.0000	0.0000	0.0000	0.0000	0.0000	0.0000	0.0000	0.0000	0.0000	0.0000	0.0000	0.0000	0.0000	0.0000	0.0000	0.0000	0.0000	0.0000	0.0000	0.0392	0.0341	0.0052	0.0104	0.0097	0.0007	0.0288	0.0244	0.0045	0.0198	0.0077	0.0121	0.0106	0.0061	0.0044	0.0092	0.0016	0.0077	0.0000	0.0000	0.0000	0.0000	0.0000	0.0000	0.0000	0.0000	0.0000	0.0000	0.0000	0.0000	0.0000	0.0000	0.0000	0.0000	0.0000	0.0000											
21	83	0.1578	3	1	1	1	1	0	0	0	0	N	N	N	N	N	N	N	N	N	N	N	N	0.0000	0.0000	0.0000	0.0000	0.0000	0.0000	0.0000	0.0000	0.0000	0.0000	0.0000	0.0000	0.0000	0.0000	0.0000	0.0000	0.0000	0.0000	0.0000	0.0000	0.9600	0.0000	1.3160	0.0000	0.0000	0.0000	0.0000	0.0000	0.0000	0.0000	0.0000	0.0000	0.0000	0.0000	0.0000	0.0000	0.0000	0.0000	0.0000	0.0000	0.0000	0.0000	0.0000	0.0000	0.0000	0.0000	0.0000	0.0000	0.0000	0.0000	0.0000	0.0000	0.0000	0.0000	0.0000	0.0000	0.0000	0.0000	0.0000	0.0000	0.0000	0.0000	0.0000	0.0000	0.0000	0.0000	0.0000	0.0000	0.0000	0.0000	0.0000	0.0000	0.0000	0.0000	0.0000	0.0000	0.0000	0.0000											
21	84	0.0812	2	1	1	0	1	0	0	0	0	N	N	N	N	N	N	N	N	N	N	N	N	1.4469	56.3061	0.0000	2.3286	2.4275	1.3750	inf	0.0000	2.5700	2.9920	0.0000	0.1355	0.1413	0.0000	3.2574	3.9214	0.0000	1.7762	0.0531	1.8871	0.0582	0.0582	0.0000	2.3690	0.0000	1.8874	0.0000	50.5136	-0.1175	0.0692	0.9600	3.0000	1.3160	5.9994	0.3049	0.3049	0.0000	0.0035	0.0035	0.0000	0.3013	0.3013	0.0000	0.2245	0.0044	0.2201	0.0044	0.0044	0.0000	0.2201	0.0000	0.2201	0.1186	0.1019	0.0167	0.0261	0.0250	0.0011	0.0925	0.0768	0.0157	0.2074	0.0908	0.1166	0.0749	0.0749	0.0000	0.1325	0.0159	0.1166	2.3745	62.3162	0.0000	2.3286	2.4275	0.0000	1.9612	inf	0.0000	1.0823	0.0480	1.8871	0.0582	0.0582	0.0000	1.6609	0.0000	1.8874	
21	85	0.2188	3	2	2	0	0	0	0	0	0	Y	Y	N	N	N	N	N	N	N	N	N	N	0.0000	0.0000	0.0000	0.0000	0.0000	0.0000	0.0000	0.0000	0.0000	0.0000	0.0000	0.0000	0.0000	0.0147	0.0000	0.0332	0.0000	0.0000	0.0000	0.0280	0.0000	0.0328	inf	0.0000	0.0000	0.9600	0.0000	1.3160	0.0000	0.0000	0.0000	0.0000	0.0000	0.0000	0.0000	0.0000	0.0000	0.0000	0.0000	0.0000	0.0000	0.0000	0.0000	0.0000	0.0000	0.0000	0.0000	0.0000	0.0000	0.0000	0.0000	0.0000	0.0000	0.0000	0.0000	0.0000	0.0000	0.0000	0.0000	0.0000	0.0000	0.0000	0.0000	0.0000	0.0000	0.0000	0.0000	0.0000	0.0000	0.0000	0.0000	0.0000	0.0000	0.0000	0.0147	0.0000	0.0332	0.0000	0.0000	0.0000	0.0274	0.0000	0.0328						
21	86	0.0812	2	2	2	0	0	0	0	0	0	Y	Y	N	N	N	N	N	N	N	N	N	N	0.0001	0.0046	0.0000	0.0145	0.0151	0.0000	0.0000	0.0000	0.0002	0.0002	0.0000	0.0007	0.0007	0.0000	0.0000	0.0000	0.0000	1.6299	0.0398	1.5587	0.0487	0.0487	0.1012	2.2839	0.0000	1.5590	0.0000	50.6026	-0.0000	0.0692	0.9600	5.0000	1.3160	7.0006	0.0000	0.0000	0.0000	0.0000	0.0000	0.0000	0.0000	0.0000	0.0000	0.2245	0.0044	0.2201	0.0044	0.0044	0.0000	0.2201	0.0000	0.2201	0.1896	0.1637	0.0259	0.0425	0.0408	0.0017	0.1471	0.1230	0.0241	0.2507	0.1094	0.1412	0.0893	0.0893	0.0000	0.1614	0.0202	0.1412	0.0002	0.0046	0.0000	0.0145	0.0151	0.0000	0.0000	0.0000	0.0000	0.8956	0.0398	1.5587	0.0487	0.0487	0.1012	1.3641	0.0000	1.5590	
21	87	0.0812	2	1	2	0	0	0	0	0	0	N	Y	N	N	N	N	N	N	N	N	N	N	0.0002	inf	0.0000	38.8119	inf	0.0000	0.0000	0.0000	0.0005	0.0006	0.0000	0.0022	0.0023	0.0000	0.0000	0.0000	0.0000	2.5849	0.0000	10.0648	0.0001	0.0000	0.2072	4.1126	0.0000	10.6238	0.0000	inf	-0.0000	0.0722	0.9600	1.0000	1.3160	3.0006	0.0000	0.0000	0.0000	0.0000	0.0000	0.0000	0.0000	0.0000	0.0000	0.2201	0.0000	0.2201	0.0000	0.0000	0.0000	0.2201	0.0000	0.2201	0.0413	0.0353	0.0060	0.0089	0.0086	0.0004	0.0324	0.0267	0.0057	0.1094	0.0480	0.0613	0.0403	0.0403	0.0000	0.0691	0.0077	0.0613	0.0002	inf	0.0000	38.8119	inf	0.0000	0.0000	0.0000	0.0000	2.0127	0.0000	3.5890	0.0001	0.0000	0.2072	3.1874	0.0000	3.5896	
21	88	0.1356	3	2	2	0	0	0	0	0	0	Y	Y	N	N	N	N	N	N	N	N	N	N	0.0000	0.0000	0.0000	0.0000	0.0000	0.0000	0.0000	0.0000	0.0000	0.0000	0.0000	0.0000	0.0000	0.0000	0.0000	0.0000	0.0000	0.0000	0.0000	0.0000	0.9600	0.0000	1.3160	0.0000	0.0000	0.0000	0.0000	0.0000	0.0000	0.0000	0.0000	0.0000	0.0000	0.0000	0.0000	0.0000	0.0000	0.0000	0.0000	0.0000	0.0000	0.0000	0.0000	0.0000	0.0000	0.0000	0.0000	0.0000	0.0000	0.0000	0.0000	0.0000	0.0000	0.0000	0.0000	0.0000	0.0000	0.0000	0.0000	0.0000	0.0000	0.0000	0.0000	0.0000	0.0000	0.0000	0.0000	0.0000	0.0000	0.0000	0.0000	0.0000	0.0000	0.0000	0.0000	0.0000	0.0000	0.0000											
21	89	0.0812	2	1	2	0	0	0	0	0	0	N	Y	N	N	N	N	N	N	N	N	N	N	0.0001	0.3129	0.0000	1.0039	1.0466	0.0000	0.0000	0.0001	0.0001	0.0000	0.0006	0.0006	0.0000	0.0000	0.0000	0.0000	1.8731	0.0005	2.0542	0.0006	0.0006	0.0000	2.4744	0.0000	2.0546	0.0000	5502.8074	-0.0000	0.0721	0.9600	4.0000	1.3160	4.0001	0.0000	0.0000	0.0000	0.0000	0.0000	0.0000	0.0000	0.0000	0.0000	0.2202	0.0000	0.2201	0.0000	0.0000	0.0000	0.2201	0.0000	0.2201	0.1549	0.1334	0.0215	0.0344	0.0330	0.0014	0.1204	0.1004	0.0201	0.1906	0.0835	0.1072	0.0691	0.0691	0.0000	0.1215	0.0144	0.1071	0.0001	0.3129	0.0000	1.0039	1.0466	0.0000	0.0000	0.0000	0.0000	1.1549	0.0005	2.0542	0.0006	0.0006	0.0000	1.8113	0.0000	2.0546		
21	91	0.2268	4	1	1	0	0	0	0	0	0	N	N	N	N	N	N	N	N	N	N	N	N	1.9508	0.2363	0.0065	0.9018	1.0334	0.0004	10.1275	18.5323	0.0013	0.1019	0.1182	0.0000	0.1147	0.1308	0.0001	0.0894	0.1053	0.0000	0.0522	0.5001	0.0054	0.1271	0.1266	0.1769	0.0088	0.0057	0.0040	0.0000	0.0580	-0.0209	-0.0108	0.9600	11.5137	1.3160	4.9035	0.0542	0.0542	0.0000	0.0302	0.0302	0.0000	0.0240	0.0240	0.0000	0.0175	0.0165	0.0010	0.0167	0.0165	0.0003	0.0007	0.0000	0.0007	0.5321	0.4589	0.0732	0.2633	0.2307	0.0326	0.2688	0.2282	0.0406	0.3341	0.1561	0.1780	0.1317	0.1303	0.0014	0.2024	0.0258	0.1766	1.9508	1.1180	0.0065	0.9018	1.0334	0.0004	25.6167	7483.2998	0.0013	0.0522	0.1057	0.0054	0.1271	0.1266	0.1769	0.0035	0.0000	0.0040
22	23	0.0823	3	1	2	0	0	0	0	0	0	N	Y	N	N	N	N	N	N	N	N	N	N	0.0000	0.0000	0.0000	0.0000	0.0000	0.0000	0.0000	0.0000	0.0000	0.0000	0.0000	0.0000	0.0000	0.0000	0.0000	0.0000	0.0000	0.0000	0.0000	0.0000	0.0000	6.0000	0.0000	4.0006	0.0000	0.0000	0.0000	0.0000	0.0000	0.0000	0.0000	0.0000	0.0000	0.0000	0.0000	0.0000	0.0000	0.0000	0.0000	0.0000	0.0000	0.0000	0.0000	0.0000	0.0000	0.0000	0.0000	0.0000	0.0000	0.0000	0.0000	0.0000	0.0000	0.0000	0.0000	0.0000	0.0000	0.0000	0.0000	0.0000	0.0000	0.0000	0.0000	0.0000	0.0000	0.0000	0.0000	0.0000	0.0000	0.0000	0.0000	0.0000	0.0000	0.0000	0.0000	0.0000	0.0000	0.0000											
22	24	0.0823	3	0	2	0	0	0	0	0	0	N	Y	N	N	N	N	N	N	N	N	N	N	0.0000	0.0000	0.0000	0.0000	0.0000	0.0000	0.0000	0.0000	0.0000	0.0000	0.0000	0.0000	0.0000	0.0000	0.0000	0.0000	0.0000	0.0000	0.0000	0.0000	0.0000	4.0000	0.0000	4.9994	0.0000	0.0000	0.0000	0.0000	0.0000	0.0000	0.0000	0.0000	0.0000	0.0000	0.0000	0.0000	0.0000	0.0000	0.0000	0.0000	0.0000	0.0000	0.0000	0.0000	0.0000	0.0000	0.0000	0.0000	0.0000	0.0000	0.0000	0.0000	0.0000	0.0000	0.0000	0.0000	0.0000	0.0000	0.0000	0.0000	0.0000	0.0000	0.0000	0.0000	0.0000	0.0000	0.0000	0.0000	0.0000	0.0000	0.0000	0.0000	0.0000	0.0000	0.0000	0.0000	0.0000	0.0000											
22	25	0.1293	4	0	2	1	1	0	0	0	0	N	Y	N	N	N	N	N	N	N	N	N	N	0.0000	0.0000	0.0000	0.0000	0.0000	0.0000	0.0000	0.0000	0.0000	0.0000	0.0000	0.0000	0.0000	0.0000	0.0000	0.0000	0.0000	0.0000	0.0000	0.0000	0.0000	0.8908	0.0000	1.0730	0.0000	0.0000	0.0000	0.0000	0.0000	0.0000	0.0000	0.0000	0.0000	0.0000	0.0000	0.0000	0.0000	0.0000	0.0000	0.0000	0.0000	0.0000	0.0000	0.0000	0.0000	0.0000	0.0000	0.0000	0.0000	0.0000	0.0000	0.0000	0.0000	0.0000	0.0000	0.0000	0.0000	0.0000	0.0000	0.0000	0.0000	0.0000	0.0000	0.0000	0.0000	0.0000	0.0000	0.0000	0.0000	0.0000	0.0000	0.0000	0.0000	0.0000	0.0000	0.0000	0.0000	0.0000											
22	26	0.0823	3	0	1	0	1	0	0	0	0	N	N	N	N	N	N	N	N	N	N	N	N	0.0000	0.0000	0.0000	0.0000	0.0000	0.0000	0.0000	0.0000	0.0000	0.0000	0.0000	0.0000	0.0000	0.0000	0.0000	0.0000	0.0000	0.0000	0.0000	0.0000	0.0000	3.1159	0.0000	2.1859	0.0000	0.0000	0.0000	0.0000	0.0000	0.0000	0.0000	0.0000	0.0000	0.0000	0.0000	0.0000	0.0000	0.0000	0.0000	0.0000	0.0000	0.0000	0.0000	0.0000	0.0000	0.0000	0.0000	0.0000	0.0000	0.0000	0.0000	0.0000	0.0000	0.0000	0.0000	0.0000	0.0000	0.0000	0.0000	0.0000	0.0000	0.0000	0.0000	0.0000	0.0000	0.0000	0.0000	0.0000	0.0000	0.0000	0.0000	0.0000	0.0000	0.0000	0.0000	0.0000	0.0000	0.0000											
22	27	0.0823	3	0	2	0	0	0	0	0	0	N	Y	N	N	N	N	N	N	N	N	N	N	inf	inf	inf	inf	inf	inf	3.1045	3.5589	0.0000	5.3599	5.5939	0.0000	2.1851	2.6096	0.0000	0.0000	0.0000	0.0000	0.0000	0.0000	0.0000	0.0000	0.0000	0.0000	0.0000	-0.0000	0.0000	0.0000	8.0000	0.0000	0.0006	0.0000	0.0000	0.0000	0.0000	0.0000	0.0000	0.0000	0.0000	0.0000	0.0000	0.0000	0.0000	0.0000	0.0000	0.0000	0.0000	0.0000	0.0000	0.0000	0.0000	0.0000	0.0000	0.0000	0.0000	0.0000	0.0000	0.0000	0.0000	0.0000	0.0000	0.0000	0.0000	0.0000	0.0000	0.0000	0.0000	inf	inf	0.0000	inf	inf	0.0000	inf	inf	0.0000	0.0000	0.0000	0.0000	0.0000	0.0000	0.0000	0.0000	0.0000	0.0000				
22	28	0.1580	4	1	2	0	0	0	0	0	0	N	Y	N	N	N	N	N	N	N	N	N	N	0.0000	0.0000	0.0000	0.0000	0.0000	0.0000	0.0000	0.0000	0.0000	0.0000	0.0000	0.0000	0.0000	0.0000	0.0000	0.0000	0.0000	0.0000	0.0000	0.0000	0.0000	2.9919	0.0000	1.1331	0.0000	0.0000	0.0000	0.0000	0.0000	0.0000	0.0000	0.0000	0.0000	0.0000	0.0000	0.0000	0.0000	0.0000	0.0000	0.0000	0.0000	0.0000	0.0000	0.0000	0.0000	0.0000	0.0000	0.0000	0.0000	0.0000	0.0000	0.0000	0.0000	0.0000	0.0000	0.0000	0.0000	0.0000	0.0000	0.0000	0.0000	0.0000	0.0000	0.0000	0.0000	0.0000	0.0000	0.0000	0.0000	0.0000	0.0000	0.0000	0.0000	0.0000	0.0000	0.0000	0.0000	0.0000											
22	29	0.0823	3	0	1	0	0	0	0	0	0	N	N	N	N	N	N	N	N	N	N	N	N	0.0000	0.0000	0.0000	0.0000	0.0000	0.0000	0.0000	0.0000	0.0000	0.0000	0.0000	0.0000	0.0000	0.0000	0.0000	0.0000	0.0000	0.0000	0.0000	0.0000	0.0000	5.0156	0.0000	4.8897	0.0000	0.0000	0.0000	0.0000	0.0000	0.0000	0.0000	0.0000	0.0000	0.0000	0.0000	0.0000	0.0000	0.0000	0.0000	0.0000	0.0000	0.0000	0.0000	0.0000	0.0000	0.0000	0.0000	0.0000	0.0000	0.0000	0.0000	0.0000	0.0000	0.0000	0.0000	0.0000	0.0000	0.0000	0.0000	0.0000	0.0000	0.0000	0.0000	0.0000	0.0000	0.0000	0.0000	0.0000	0.0000	0.0000	0.0000	0.0000	0.0000	0.0000	0.0000	0.0000	0.0000	0.0000											
22	30	0.0955	4	0	2	0	1	0	0	0	0	N	Y	N	N	N	N	N	N	N	N	N	N	0.0000	0.0000	0.0000	0.0000	0.0000	0.0000	0.0000	0.0000	0.0000	0.0000	0.0000	0.0000	0.0000	0.0000	0.0000	0.0000	0.0000	0.0000	0.0000	0.0000	0.0000	3.9676	0.0000	1.0007	0.0000	0.0000	0.0000	0.0000	0.0000	0.0000	0.0000	0.0000	0.0000	0.0000	0.0000	0.0000	0.0000	0.0000	0.0000	0.0000	0.0000	0.0000	0.0000	0.0000	0.0000	0.0000	0.0000	0.0000	0.0000	0.0000	0.0000	0.0000	0.0000	0.0000	0.0000	0.0000	0.0000	0.0000	0.0000	0.0000	0.0000	0.0000	0.0000	0.0000	0.0000	0.0000	0.0000	0.0000	0.0000	0.0000	0.0000	0.0000	0.0000	0.0000	0.0000	0.0000	0.0000	0.0000											
22	31	0.0823	3	1	2	0	0	0	0	0	0	N	Y	N	N	N	N	N	N	N	N	N	N	0.0000	0.0000	0.0000	0.0000	0.0000	0.0000	0.0000	0.0000	0.0000	0.0000	0.0000	0.0000	0.0000	0.0000	0.0000	0.0000	0.0000	0.0000	0.0000	0.0000	0.0000	5.0000	0.0000	3.0000	0.0000	0.0000	0.0000	0.0000	0.0000	0.0000	0.0000	0.0000	0.0000	0.0000	0.0000	0.0000	0.0000	0.0000	0.0000	0.0000	0.0000	0.0000	0.0000	0.0000	0.0000	0.0000	0.0000	0.0000	0.0000	0.0000	0.0000	0.0000	0.0000	0.0000	0.0000	0.0000	0.0000	0.0000	0.0000	0.0000	0.0000	0.0000	0.0000	0.0000	0.0000	0.0000	0.0000	0.0000	0.0000	0.0000	0.0000	0.0000	0.0000	0.0000	0.0000	0.0000	0.0000	0.0000											
22	32	0.1244	4	0	1	1	0	0	0	0	0	N	N	N	N	N	N	N	N	N	N	N	N	0.0000	0.0000	0.0000	0.0000	0.0000	0.0000	0.0000	0.0000	0.0000	0.0000	0.0000	0.0000	0.0000	0.0000	0.0000	0.0000	0.0000	0.0000	0.0000	0.0000	0.0000	0.0319	0.0000	1.0050	0.0000	0.0000	0.0000	0.0000	0.0000	0.0000	0.0000	0.0000	0.0000	0.0000	0.0000	0.0000	0.0000	0.0000	0.0000	0.0000	0.0000	0.0000	0.0000	0.0000	0.0000	0.0000	0.0000	0.0000	0.0000	0.0000	0.0000	0.0000	0.0000	0.0000	0.0000	0.0000	0.0000	0.0000	0.0000	0.0000	0.0000	0.0000	0.0000	0.0000	0.0000	0.0000	0.0000	0.0000	0.0000	0.0000	0.0000	0.0000	0.0000	0.0000	0.0000	0.0000	0.0000	0.0000											
22	33	0.0955	5	0	2	0	0	0	0	0	0	N	Y	N	N	N	N	N	N	N	N	N	N	0.0000	0.0000	0.0000	0.0000	0.0000	0.0000	0.0000	0.0000	0.0000	0.0000	0.0000	0.0000	0.0000	0.0000	0.0000	0.0000	0.0000	0.0000	0.0000	0.0000	0.0000	0.0023	0.0000	1.0003	0.0000	0.0000	0.0000	0.0000	0.0000	0.0000	0.0000	0.0000	0.0000	0.0000	0.0000	0.0000	0.0000	0.0000	0.0000	0.0000	0.0000	0.0000	0.0000	0.0000	0.0000	0.0000	0.0000	0.0000	0.0000	0.0000	0.0000	0.0000	0.0000	0.0000	0.0000	0.0000	0.0000	0.0000	0.0000	0.0000	0.0000	0.0000	0.0000	0.0000	0.0000	0.0000	0.0000	0.0000	0.0000	0.0000	0.0000	0.0000	0.0000	0.0000	0.0000	0.0000	0.0000	0.0000											
22	34	0.0823	3	1	1	1	0	0	0	0	0	N	N	N	N	N	N	N	N	N	N	N	N	0.0000	0.0000	0.0000	0.0000	0.0000	0.0000	0.0000	0.0000	0.0000	0.0000	0.0000	0.0000	0.0000	0.0000	0.0000	0.0000	0.0000	0.0000	0.0000	0.0000	0.0000	3.0000	0.0000	5.0006	0.0000	0.0000	0.0000	0.0000	0.0000	0.0000	0.0000	0.0000	0.0000	0.0000	0.0000	0.0000	0.0000	0.0000	0.0000	0.0000	0.0000	0.0000	0.0000	0.0000	0.0000	0.0000	0.0000	0.0000	0.0000	0.0000	0.0000	0.0000	0.0000	0.0000	0.0000	0.0000	0.0000	0.0000	0.0000	0.0000	0.0000	0.0000	0.0000	0.0000	0.0000	0.0000	0.0000	0.0000	0.0000	0.0000	0.0000	0.0000	0.0000	0.0000	0.0000	0.0000	0.0000	0.0000											
22	35	0.0823	3	0	2	0	1	0	0	0	0	N	Y	N	N	N	N	N	N	N	N	N	N	0.0000	0.0000	0.0000	0.0000	0.0000	0.0000	0.0000	0.0000	0.0000	0.0000	0.0000	0.0000	0.0000	0.0000	0.0000	0.0000	0.0000	0.0000	0.0000	0.0000	0.0000	3.0000	0.0000	2.0006	0.0000	0.0000	0.0000	0.0000	0.0000	0.0000	0.0000	0.0000	0.0000	0.0000	0.0000	0.0000	0.0000	0.0000	0.0000	0.0000	0.0000	0.0000	0.0000	0.0000	0.0000	0.0000	0.0000	0.0000	0.0000	0.0000	0.0000	0.0000	0.0000	0.0000	0.0000	0.0000	0.0000	0.0000	0.0000	0.0000	0.0000	0.0000	0.0000	0.0000	0.0000	0.0000	0.0000	0.0000	0.0000	0.0000	0.0000	0.0000	0.0000	0.0000	0.0000	0.0000	0.0000	0.0000											
22	36	0.0823	3	1	1	1	0	0	0	0	0	N	N	N	N	N	N	N	N	N	N	N	N	0.0000	0.0000	0.0000	0.0000	0.0000	0.0000	0.0000	0.0000	0.0000	0.0000	0.0000	0.0000	0.0000	0.0000	0.0000	0.0000	0.0000	0.0000	0.0000	0.0000	0.0000	4.0000	0.0000	5.0006	0.0000	0.0000	0.0000	0.0000	0.0000	0.0000	0.0000	0.0000	0.0000	0.0000	0.0000	0.0000	0.0000	0.0000	0.0000	0.0000	0.0000	0.0000	0.0000	0.0000	0.0000	0.0000	0.0000	0.0000	0.0000	0.0000	0.0000	0.0000	0.0000	0.0000	0.0000	0.0000	0.0000	0.0000	0.0000	0.0000	0.0000	0.0000	0.0000	0.0000	0.0000	0.0000	0.0000	0.0000	0.0000	0.0000	0.0000	0.0000	0.0000	0.0000	0.0000	0.0000	0.0000	0.0000											
22	37	0.0823	3	1	1	1	0	0	0	0	0	N	N	N	N	N	N	N	N	N	N	N	N	0.0000	0.0000	0.0000	0.0000	0.0000	0.0000	0.0000	0.0000	0.0000	0.0000	0.0000	0.0000	0.0000	0.0000	0.0000	0.0000	0.0000	0.0000	0.0000	0.0000	0.0000	3.0000	0.0000	4.0006	0.0000	0.0000	0.0000	0.0000	0.0000	0.0000	0.0000	0.0000	0.0000	0.0000	0.0000	0.0000	0.0000	0.0000	0.0000	0.0000	0.0000	0.0000	0.0000	0.0000	0.0000	0.0000	0.0000	0.0000	0.0000	0.0000	0.0000	0.0000	0.0000	0.0000	0.0000	0.0000	0.0000	0.0000	0.0000	0.0000	0.0000	0.0000	0.0000	0.0000	0.0000	0.0000	0.0000	0.0000	0.0000	0.0000	0.0000	0.0000	0.0000	0.0000	0.0000	0.0000	0.0000	0.0000											
22	38	0.0955	5	0	1	1	0	0	0	0	0	N	N	N	N	N	N	N	N	N	N	N	N	0.0000	0.0000	0.0000	0.0000	0.0000	0.0000	0.0000	0.0000	0.0000	0.0000	0.0000	0.0000	0.0000	0.0000	0.0000	0.0000	0.0000	0.0000	0.0000	0.0000	0.0000	1.0023	0.0000	0.0007	0.0000	0.0000	0.0000	0.0000	0.0000	0.0000	0.0000	0.0000	0.0000	0.0000	0.0000	0.0000	0.0000	0.0000	0.0000	0.0000	0.0000	0.0000	0.0000	0.0000	0.0000	0.0000	0.0000	0.0000	0.0000	0.0000	0.0000	0.0000	0.0000	0.0000	0.0000	0.0000	0.0000	0.0000	0.0000	0.0000	0.0000	0.0000	0.0000	0.0000	0.0000	0.0000	0.0000	0.0000	0.0000	0.0000	0.0000	0.0000	0.0000	0.0000	0.0000	0.0000	0.0000	0.0000											
22	39	0.0955	4	0	1	0	0	0	0	0	0	N	N	N	N	N	N	N	N	N	N	N	N	0.0000	0.0000	0.0000	0.0000	0.0000	0.0000	0.0000	0.0000	0.0000	0.0000	0.0000	0.0000	0.0000	0.0000	0.0000	0.0000	0.0000	0.0000	0.0000	0.0000	0.0000	0.0347	0.0000	0.0013	0.0000	0.0000	0.0000	0.0000	0.0000	0.0000	0.0000	0.0000	0.0000	0.0000	0.0000	0.0000	0.0000	0.0000	0.0000	0.0000	0.0000	0.0000	0.0000	0.0000	0.0000	0.0000	0.0000	0.0000	0.0000	0.0000	0.0000	0.0000	0.0000	0.0000	0.0000	0.0000	0.0000	0.0000	0.0000	0.0000	0.0000	0.0000	0.0000	0.0000	0.0000	0.0000	0.0000	0.0000	0.0000	0.0000	0.0000	0.0000	0.0000	0.0000	0.0000	0.0000	0.0000	0.0000											
22	40	0.0823	3	0	1	0	0	0	0	0	0	N	N	N	N	N	N	N	N	N	N	N	N	0.0000	0.0000	0.0000	0.0000	0.0000	0.0000	0.0000	0.0000	0.0000	0.0000	0.0000	0.0000	0.0000	0.0000	0.0000	0.0000	0.0000	0.0000	0.0000	0.0000	0.0000	3.9674	0.0000	1.0003	0.0000	0.0000	0.0000	0.0000	0.0000	0.0000	0.0000	0.0000	0.0000	0.0000	0.0000	0.0000	0.0000	0.0000	0.0000	0.0000	0.0000	0.0000	0.0000	0.0000	0.0000	0.0000	0.0000	0.0000	0.0000	0.0000	0.0000	0.0000	0.0000	0.0000	0.0000	0.0000	0.0000	0.0000	0.0000	0.0000	0.0000	0.0000	0.0000	0.0000	0.0000	0.0000	0.0000	0.0000	0.0000	0.0000	0.0000	0.0000	0.0000	0.0000	0.0000	0.0000	0.0000	0.0000											
22	41	0.1354	5	0	2	0	0	0	0	0	0	N	Y	N	N	N	N	N	N	N	N	N	N	0.0000	0.0000	0.0000	0.0000	0.0000	0.0000	0.0000	0.0000	0.0000	0.0000	0.0000	0.0000	0.0000	0.0000	0.0000	0.0000	0.0000	0.0000	0.0000	0.0000	0.0000	1.0144	0.0000	1.0128	0.0000	0.0000	0.0000	0.0000	0.0000	0.0000	0.0000	0.0000	0.0000	0.0000	0.0000	0.0000	0.0000	0.0000	0.0000	0.0000	0.0000	0.0000	0.0000	0.0000	0.0000	0.0000	0.0000	0.0000	0.0000	0.0000	0.0000	0.0000	0.0000	0.0000	0.0000	0.0000	0.0000	0.0000	0.0000	0.0000	0.0000	0.0000	0.0000	0.0000	0.0000	0.0000	0.0000	0.0000	0.0000	0.0000	0.0000	0.0000	0.0000	0.0000	0.0000	0.0000	0.0000	0.0000											
22	42	0.0823	3	1	2	1	0	0	0	0	0	N	Y	N	N	N	N	N	N	N	N	N	N	0.0000	0.0000	0.0000	0.0000	0.0000	0.0000	0.0000	0.0000	0.0000	0.0000	0.0000	0.0000	0.0000	0.0000	0.0000	0.0000	0.0000	0.0000	0.0000	0.0000	0.0000	3.0000	0.0000	2.9994	0.0000	0.0000	0.0000	0.0000	0.0000	0.0000	0.0000	0.0000	0.0000	0.0000	0.0000	0.0000	0.0000	0.0000	0.0000	0.0000	0.0000	0.0000	0.0000	0.0000	0.0000	0.0000	0.0000	0.0000	0.0000	0.0000	0.0000	0.0000	0.0000	0.0000	0.0000	0.0000	0.0000	0.0000	0.0000	0.0000	0.0000	0.0000	0.0000	0.0000	0.0000	0.0000	0.0000	0.0000	0.0000	0.0000	0.0000	0.0000	0.0000	0.0000	0.0000	0.0000	0.0000	0.0000											
22	43	0.0823	3	1	2	1	0	0	0	0	0	N	Y	N	N	N	N	N	N	N	N	N	N	0.0000	0.0000	0.0000	0.0000	0.0000	0.0000	0.0000	0.0000	0.0000	0.0000	0.0000	0.0000	0.0000	0.0000	0.0000	0.0000	0.0000	0.0000	0.0000	0.0000	0.0000	4.0000	0.0000	4.9994	0.0000	0.0000	0.0000	0.0000	0.0000	0.0000	0.0000	0.0000	0.0000	0.0000	0.0000	0.0000	0.0000	0.0000	0.0000	0.0000	0.0000	0.0000	0.0000	0.0000	0.0000	0.0000	0.0000	0.0000	0.0000	0.0000	0.0000	0.0000	0.0000	0.0000	0.0000	0.0000	0.0000	0.0000	0.0000	0.0000	0.0000	0.0000	0.0000	0.0000	0.0000	0.0000	0.0000	0.0000	0.0000	0.0000	0.0000	0.0000	0.0000	0.0000	0.0000	0.0000	0.0000	0.0000											
22	44	0.2199	4	1	2	0	0	0	0	0	0	N	Y	N	N	N	N	N	N	N	N	N	N	0.0000	0.0000	0.0000	0.0000	0.0000	0.0000	0.0000	0.0000	0.0000	0.0000	0.0000	0.0000	0.0000	0.0000	0.0000	0.0000	0.0000	0.0000	0.0000	0.0000	0.0000	2.0000	0.0000	1.0000	0.0000	0.0000	0.0000	0.0000	0.0000	0.0000	0.0000	0.0000	0.0000	0.0000	0.0000	0.0000	0.0000	0.0000	0.0000	0.0000	0.0000	0.0000	0.0000	0.0000	0.0000	0.0000	0.0000	0.0000	0.0000	0.0000	0.0000	0.0000	0.0000	0.0000	0.0000	0.0000	0.0000	0.0000	0.0000	0.0000	0.0000	0.0000	0.0000	0.0000	0.0000	0.0000	0.0000	0.0000	0.0000	0.0000	0.0000	0.0000	0.0000	0.0000	0.0000	0.0000	0.0000	0.0000											
22	45	0.1475	5	0	2	0	1	0	0	0	0	N	Y	N	N	N	N	N	N	N	N	N	N	0.0000	0.0000	0.0000	0.0000	0.0000	0.0000	0.0000	0.0000	0.0000	0.0000	0.0000	0.0000	0.0000	0.0000	0.0000	0.0000	0.0000	0.0000	0.0000	0.0000	0.0000	1.0000	0.0000	0.0000	0.0000	0.0000	0.0000	0.0000	0.0000	0.0000	0.0000	0.0000	0.0000	0.0000	0.0000	0.0000	0.0000	0.0000	0.0000	0.0000	0.0000	0.0000	0.0000	0.0000	0.0000	0.0000	0.0000	0.0000	0.0000	0.0000	0.0000	0.0000	0.0000	0.0000	0.0000	0.0000	0.0000	0.0000	0.0000	0.0000	0.0000	0.0000	0.0000	0.0000	0.0000	0.0000	0.0000	0.0000	0.0000	0.0000	0.0000	0.0000	0.0000	0.0000	0.0000	0.0000	0.0000	0.0000											
22	46	0.1475	5	0	1	0	1	0	0	0	0	N	N	N	N	N	N	N	N	N	N	N	N	0.0000	0.0000	0.0000	0.0000	0.0000	0.0000	0.0000	0.0000	0.0000	0.0000	0.0000	0.0000	0.0000	0.0000	0.0000	0.0000	0.0000	0.0000	0.0000	0.0000	0.0000	0.0000	0.0000	0.0000	0.0000	0.0000	0.0000	0.0000	0.0000	0.0000	0.0000	0.0000	0.0000	0.0000	0.0000	0.0000	0.0000	0.0000	0.0000	0.0000	0.0000	0.0000	0.0000	0.0000	0.0000	0.0000	0.0000	0.0000	0.0000	0.0000	0.0000	0.0000	0.0000	0.0000	0.0000	0.0000	0.0000	0.0000	0.0000	0.0000	0.0000	0.0000	0.0000	0.0000	0.0000	0.0000	0.0000	0.0000	0.0000	0.0000	0.0000	0.0000	0.0000	0.0000	0.0000	0.0000	0.0000	0.0000											
22	47	0.1146	4	0	1	0	1	0	0	0	0	N	N	N	N	N	N	N	N	N	N	N	N	0.0000	0.0000	0.0000	0.0000	0.0000	0.0000	0.0000	0.0000	0.0000	0.0000	0.0000	0.0000	0.0000	0.0000	0.0000	0.0000	0.0000	0.0000	0.0000	0.0000	0.0000	2.0873	0.0000	1.9360	0.0000	0.0000	0.0000	0.0000	0.0000	0.0000	0.0000	0.0000	0.0000	0.0000	0.0000	0.0000	0.0000	0.0000	0.0000	0.0000	0.0000	0.0000	0.0000	0.0000	0.0000	0.0000	0.0000	0.0000	0.0000	0.0000	0.0000	0.0000	0.0000	0.0000	0.0000	0.0000	0.0000	0.0000	0.0000	0.0000	0.0000	0.0000	0.0000	0.0000	0.0000	0.0000	0.0000	0.0000	0.0000	0.0000	0.0000	0.0000	0.0000	0.0000	0.0000	0.0000	0.0000	0.0000											
22	48	0.0823	3	0	1	0	1	0	0	0	0	N	N	N	N	N	N	N	N	N	N	N	N	0.0000	0.0000	0.0000	0.0000	0.0000	0.0000	0.0000	0.0000	0.0000	0.0000	0.0000	0.0000	0.0000	0.0000	0.0000	0.0000	0.0000	0.0000	0.0000	0.0000	0.0000	3.9129	0.0000	0.7267	0.0000	0.0000	0.0000	0.0000	0.0000	0.0000	0.0000	0.0000	0.0000	0.0000	0.0000	0.0000	0.0000	0.0000	0.0000	0.0000	0.0000	0.0000	0.0000	0.0000	0.0000	0.0000	0.0000	0.0000	0.0000	0.0000	0.0000	0.0000	0.0000	0.0000	0.0000	0.0000	0.0000	0.0000	0.0000	0.0000	0.0000	0.0000	0.0000	0.0000	0.0000	0.0000	0.0000	0.0000	0.0000	0.0000	0.0000	0.0000	0.0000	0.0000	0.0000	0.0000	0.0000	0.0000											
22	49	0.0823	3	0	2	1	0	0	0	0	0	N	Y	N	N	N	N	N	N	N	N	N	N	0.0000	0.0000	0.0000	0.0000	0.0000	0.0000	0.0000	0.0000	0.0000	0.0000	0.0000	0.0000	0.0000	0.0000	0.0000	0.0000	0.0000	0.0000	0.0000	0.0000	0.0000	6.0000	0.0000	4.0006	0.0000	0.0000	0.0000	0.0000	0.0000	0.0000	0.0000	0.0000	0.0000	0.0000	0.0000	0.0000	0.0000	0.0000	0.0000	0.0000	0.0000	0.0000	0.0000	0.0000	0.0000	0.0000	0.0000	0.0000	0.0000	0.0000	0.0000	0.0000	0.0000	0.0000	0.0000	0.0000	0.0000	0.0000	0.0000	0.0000	0.0000	0.0000	0.0000	0.0000	0.0000	0.0000	0.0000	0.0000	0.0000	0.0000	0.0000	0.0000	0.0000	0.0000	0.0000	0.0000	0.0000	0.0000											
22	50	0.0823	3	1	1	1	0	0	0	0	0	N	N	N	N	N	N	N	N	N	N	N	N	0.0000	0.0000	0.0000	0.0000	0.0000	0.0000	0.0000	0.0000	0.0000	0.0000	0.0000	0.0000	0.0000	0.0000	0.0000	0.0000	0.0000	0.0000	0.0000	0.0000	0.0000	6.0000	0.0000	3.0006	0.0000	0.0000	0.0000	0.0000	0.0000	0.0000	0.0000	0.0000	0.0000	0.0000	0.0000	0.0000	0.0000	0.0000	0.0000	0.0000	0.0000	0.0000	0.0000	0.0000	0.0000	0.0000	0.0000	0.0000	0.0000	0.0000	0.0000	0.0000	0.0000	0.0000	0.0000	0.0000	0.0000	0.0000	0.0000	0.0000	0.0000	0.0000	0.0000	0.0000	0.0000	0.0000	0.0000	0.0000	0.0000	0.0000	0.0000	0.0000	0.0000	0.0000	0.0000	0.0000	0.0000	0.0000											
22	51	0.1201	4	1	2	0	0	0	0	0	0	N	Y	N	N	N	N	N	N	N	N	N	N	inf	inf	inf	inf	inf	inf	0.0537	0.0626	0.0000	0.0521	0.0581	0.0000	0.0553	0.0680	0.0000	0.0000	0.0000	0.0000	0.0000	0.0000	0.0000	0.0000	0.0000	0.0000	0.0000	-0.0000	0.0000	0.0000	1.0314	0.0000	3.0033	0.0000	0.0000	0.0000	0.0000	0.0000	0.0000	0.0000	0.0000	0.0000	0.0000	0.0000	0.0000	0.0000	0.0000	0.0000	0.0000	0.0000	0.0000	0.0000	0.0000	0.0000	0.0000	0.0000	0.0000	0.0000	0.0000	0.0000	0.0000	0.0000	0.0000	0.0000	0.0000	0.0000	0.0000	0.0000	0.0000	inf	inf	0.0000	inf	inf	0.0000	inf	inf	0.0000	0.0000	0.0000	0.0000	0.0000	0.0000	0.0000	0.0000	0.0000	0.0000				
22	52	0.0823	3	1	2	0	0	0	0	0	0	N	Y	N	N	N	N	N	N	N	N	N	N	inf	inf	inf	inf	inf	inf	4.7146	5.4462	0.0000	8.4447	8.8116	0.0000	3.2702	3.9410	0.0000	0.0000	0.0000	0.0000	0.0000	0.0000	0.0000	0.0000	0.0000	0.0000	0.0000	-0.0000	0.0000	0.0000	4.9791	0.0000	0.0710	0.0000	0.0000	0.0000	0.0000	0.0000	0.0000	0.0000	0.0000	0.0000	0.0000	0.0000	0.0000	0.0000	0.0000	0.0000	0.0000	0.0000	0.0000	0.0000	0.0000	0.0000	0.0000	0.0000	0.0000	0.0000	0.0000	0.0000	0.0000	0.0000	0.0000	0.0000	0.0000	0.0000	0.0000	0.0000	0.0000	inf	inf	0.0000	inf	inf	0.0000	inf	inf	0.0000	0.0000	0.0000	0.0000	0.0000	0.0000	0.0000	0.0000	0.0000	0.0000				
22	53	0.0823	3	0	2	0	0	0	0	0	0	N	Y	N	N	N	N	N	N	N	N	N	N	0.0000	0.0000	0.0000	0.0000	0.0000	0.0000	0.0000	0.0000	0.0000	0.0000	0.0000	0.0000	0.0000	0.0000	0.0000	0.0000	0.0000	0.0000	0.0000	0.0000	0.0000	6.0000	0.0000	4.0006	0.0000	0.0000	0.0000	0.0000	0.0000	0.0000	0.0000	0.0000	0.0000	0.0000	0.0000	0.0000	0.0000	0.0000	0.0000	0.0000	0.0000	0.0000	0.0000	0.0000	0.0000	0.0000	0.0000	0.0000	0.0000	0.0000	0.0000	0.0000	0.0000	0.0000	0.0000	0.0000	0.0000	0.0000	0.0000	0.0000	0.0000	0.0000	0.0000	0.0000	0.0000	0.0000	0.0000	0.0000	0.0000	0.0000	0.0000	0.0000	0.0000	0.0000	0.0000	0.0000	0.0000	0.0000											
22	54	0.1354	5	0	1	1	0	0	0	0	0	N	N	N	N	N	N	N	N	N	N	N	N	0.0000	0.0000	0.0000	0.0000	0.0000	0.0000	0.0000	0.0000	0.0000	0.0000	0.0000	0.0000	0.0000	0.0000	0.0000	0.0000	0.0000	0.0000	0.0000	0.0000	0.0000	0.0147	0.0000	0.9910	0.0000	0.0000	0.0000	0.0000	0.0000	0.0000	0.0000	0.0000	0.0000	0.0000	0.0000	0.0000	0.0000	0.0000	0.0000	0.0000	0.0000	0.0000	0.0000	0.0000	0.0000	0.0000	0.0000	0.0000	0.0000	0.0000	0.0000	0.0000	0.0000	0.0000	0.0000	0.0000	0.0000	0.0000	0.0000	0.0000	0.0000	0.0000	0.0000	0.0000	0.0000	0.0000	0.0000	0.0000	0.0000	0.0000	0.0000	0.0000	0.0000	0.0000	0.0000	0.0000	0.0000	0.0000											
22	55	0.1244	4	0	1	0	0	0	0	0	0	N	N	N	N	N	N	N	N	N	N	N	N	0.0000	0.0000	0.0000	0.0000	0.0000	0.0000	0.0000	0.0000	0.0000	0.0000	0.0000	0.0000	0.0000	0.0000	0.0000	0.0000	0.0000	0.0000	0.0000	0.0000	0.0000	0.9556	0.0000	1.0192	0.0000	0.0000	0.0000	0.0000	0.0000	0.0000	0.0000	0.0000	0.0000	0.0000	0.0000	0.0000	0.0000	0.0000	0.0000	0.0000	0.0000	0.0000	0.0000	0.0000	0.0000	0.0000	0.0000	0.0000	0.0000	0.0000	0.0000	0.0000	0.0000	0.0000	0.0000	0.0000	0.0000	0.0000	0.0000	0.0000	0.0000	0.0000	0.0000	0.0000	0.0000	0.0000	0.0000	0.0000	0.0000	0.0000	0.0000	0.0000	0.0000	0.0000	0.0000	0.0000	0.0000	0.0000											
22	56	0.0823	3	0	1	0	0	0	0	0	0	N	N	N	N	N	N	N	N	N	N	N	N	0.0000	0.0000	0.0000	0.0000	0.0000	0.0000	0.0000	0.0000	0.0000	0.0000	0.0000	0.0000	0.0000	0.0000	0.0000	0.0000	0.0000	0.0000	0.0000	0.0000	0.0000	3.0309	0.0000	3.0097	0.0000	0.0000	0.0000	0.0000	0.0000	0.0000	0.0000	0.0000	0.0000	0.0000	0.0000	0.0000	0.0000	0.0000	0.0000	0.0000	0.0000	0.0000	0.0000	0.0000	0.0000	0.0000	0.0000	0.0000	0.0000	0.0000	0.0000	0.0000	0.0000	0.0000	0.0000	0.0000	0.0000	0.0000	0.0000	0.0000	0.0000	0.0000	0.0000	0.0000	0.0000	0.0000	0.0000	0.0000	0.0000	0.0000	0.0000	0.0000	0.0000	0.0000	0.0000	0.0000	0.0000	0.0000											
22	57	0.0823	3	0	1	0	0	0	0	0	0	N	N	N	N	N	N	N	N	N	N	N	N	0.0000	0.0000	0.0000	0.0000	0.0000	0.0000	0.0000	0.0000	0.0000	0.0000	0.0000	0.0000	0.0000	0.0000	0.0000	0.0000	0.0000	0.0000	0.0000	0.0000	0.0000	3.0000	0.0000	3.0006	0.0000	0.0000	0.0000	0.0000	0.0000	0.0000	0.0000	0.0000	0.0000	0.0000	0.0000	0.0000	0.0000	0.0000	0.0000	0.0000	0.0000	0.0000	0.0000	0.0000	0.0000	0.0000	0.0000	0.0000	0.0000	0.0000	0.0000	0.0000	0.0000	0.0000	0.0000	0.0000	0.0000	0.0000	0.0000	0.0000	0.0000	0.0000	0.0000	0.0000	0.0000	0.0000	0.0000	0.0000	0.0000	0.0000	0.0000	0.0000	0.0000	0.0000	0.0000	0.0000	0.0000	0.0000											
22	58	0.2279	5	0	1	0	0	0	0	0	0	N	N	N	N	N	N	N	N	N	N	N	N	inf	inf	inf	inf	0.0001	0.0001	0.0000	0.0003	0.0003	0.0000	0.0000	0.0000	0.0000	0.0000	0.0000	0.0000	0.0000	0.0000	0.0000	0.0000	0.0000	0.0000	0.0000	-0.0000	0.0000	0.0000	10.2575	0.0000	3.8960	0.0000	0.0000	0.0000	0.0000	0.0000	0.0000	0.0000	0.0000	0.0000	0.0000	0.0000	0.0000	0.0000	0.0000	0.0000	0.0000	0.0000	0.0000	0.0000	0.0000	0.0000	0.0000	0.0000	0.0000	0.0000	0.0000	0.0000	0.0000	0.0000	0.0000	0.0000	0.0000	0.0000	0.0000	0.0000	0.0000	inf	inf	0.0000	inf	inf	0.0000	0.0000	0.0000	0.0000	0.0000	0.0000	0.0000	0.0000	0.0000	0.0000	0.0000	0.0000	0.0000						
22	59	0.2019	4	1	2	1	0	0	0	0	0	N	Y	N	N	N	N	N	N	N	N	N	N	0.0000	0.0000	0.0000	0.0000	0.0000	0.0000	0.0000	0.0000	0.0000	0.0000	0.0000	0.0000	0.0000	0.0000	0.0000	0.0000	0.0000	0.0000	0.0000	0.0000	0.0000	0.0000	0.0000	0.0000	0.0000	0.0000	0.0000	0.0000	0.0000	0.0000	0.0000	0.0000	0.0000	0.0000	0.0000	0.0000	0.0000	0.0000	0.0000	0.0000	0.0000	0.0000	0.0000	0.0000	0.0000	0.0000	0.0000	0.0000	0.0000	0.0000	0.0000	0.0000	0.0000	0.0000	0.0000	0.0000	0.0000	0.0000	0.0000	0.0000	0.0000	0.0000	0.0000	0.0000	0.0000	0.0000	0.0000	0.0000	0.0000	0.0000	0.0000	0.0000	0.0000	0.0000	0.0000	0.0000	0.0000	0.0000											
22	60	0.0823	3	1	1	1	0	0	0	0	0	N	N	N	N	N	N	N	N	N	N	N	N	0.0000	0.0000	0.0000	0.0000	0.0000	0.0000	0.0000	0.0000	0.0000	0.0000	0.0000	0.0000	0.0000	0.0000	0.0000	0.0000	0.0000	0.0000	0.0000	0.0000	0.0000	7.0000	0.0000	3.9994	0.0000	0.0000	0.0000	0.0000	0.0000	0.0000	0.0000	0.0000	0.0000	0.0000	0.0000	0.0000	0.0000	0.0000	0.0000	0.0000	0.0000	0.0000	0.0000	0.0000	0.0000	0.0000	0.0000	0.0000	0.0000	0.0000	0.0000	0.0000	0.0000	0.0000	0.0000	0.0000	0.0000	0.0000	0.0000	0.0000	0.0000	0.0000	0.0000	0.0000	0.0000	0.0000	0.0000	0.0000	0.0000	0.0000	0.0000	0.0000	0.0000	0.0000	0.0000	0.0000	0.0000	0.0000											
22	61	0.1648	4	1	1	1	0	0	0	0	0	N	N	N	N	N	N	N	N	N	N	N	N	0.0000	0.0000	0.0000	0.0000	0.0000	0.0000	0.0000	0.0000	0.0000	0.0000	0.0000	0.0000	0.0000	0.0000	0.0000	0.0000	0.0000	0.0000	0.0000	0.0000	0.0000	2.0000	0.0000	0.0000	0.0000	0.0000	0.0000	0.0000	0.0000	0.0000	0.0000	0.0000	0.0000	0.0000	0.0000	0.0000	0.0000	0.0000	0.0000	0.0000	0.0000	0.0000	0.0000	0.0000	0.0000	0.0000	0.0000	0.0000	0.0000	0.0000	0.0000	0.0000	0.0000	0.0000	0.0000	0.0000	0.0000	0.0000	0.0000	0.0000	0.0000	0.0000	0.0000	0.0000	0.0000	0.0000	0.0000	0.0000	0.0000	0.0000	0.0000	0.0000	0.0000	0.0000	0.0000	0.0000	0.0000	0.0000											
22	62	0.0823	3	1	1	1	0	0	0	0	0	N	N	N	N	N	N	N	N	N	N	N	N	0.0000	0.0000	0.0000	0.0000	0.0000	0.0000	0.0000	0.0000	0.0000	0.0000	0.0000	0.0000	0.0000	0.0000	0.0000	0.0000	0.0000	0.0000	0.0000	0.0000	0.0000	4.0000	0.0000	3.9994	0.0000	0.0000	0.0000	0.0000	0.0000	0.0000	0.0000	0.0000	0.0000	0.0000	0.0000	0.0000	0.0000	0.0000	0.0000	0.0000	0.0000	0.0000	0.0000	0.0000	0.0000	0.0000	0.0000	0.0000	0.0000	0.0000	0.0000	0.0000	0.0000	0.0000	0.0000	0.0000	0.0000	0.0000	0.0000	0.0000	0.0000	0.0000	0.0000	0.0000	0.0000	0.0000	0.0000	0.0000	0.0000	0.0000	0.0000	0.0000	0.0000	0.0000	0.0000	0.0000	0.0000	0.0000											
22	63	0.0823	3	0	2	0	0	0	0	0	0	N	Y	N	N	N	N	N	N	N	N	N	N	0.0000	0.0000	0.0000	0.0000	0.0000	0.0000	0.0000	0.0000	0.0000	0.0000	0.0000	0.0000	0.0000	0.0000	0.0000	0.0000	0.0000	0.0000	0.0000	0.0000	0.0000	7.0000	0.0000	4.0000	0.0000	0.0000	0.0000	0.0000	0.0000	0.0000	0.0000	0.0000	0.0000	0.0000	0.0000	0.0000	0.0000	0.0000	0.0000	0.0000	0.0000	0.0000	0.0000	0.0000	0.0000	0.0000	0.0000	0.0000	0.0000	0.0000	0.0000	0.0000	0.0000	0.0000	0.0000	0.0000	0.0000	0.0000	0.0000	0.0000	0.0000	0.0000	0.0000	0.0000	0.0000	0.0000	0.0000	0.0000	0.0000	0.0000	0.0000	0.0000	0.0000	0.0000	0.0000	0.0000	0.0000	0.0000											
22	64	0.0243	2	0	1	1	0	0	0	0	0	N	N	N	N	N	N	N	N	N	N	N	N	0.0000	0.0000	0.0000	0.0000	0.0000	0.0000	0.0000	0.0000	0.0000	0.0000	0.0000	0.0000	0.0000	0.0000	0.0000	0.0000	0.0000	0.0000	0.0000	0.0000	0.0000	0.0000	0.0000	0.0000	0.0000	0.0000	0.0000	0.0000	0.0000	0.0000	0.0000	0.0000	0.0000	0.0000	0.0000	0.0000	0.0000	0.0000	0.0000	0.0000	0.0000	0.0000	0.0000	0.0000	0.0000	0.0000	0.0000	0.0000	0.0000	0.0000	0.0000	0.0000	0.0000	0.0000	0.0000	0.0000	0.0000	0.0000	0.0000	0.0000	0.0000	0.0000	0.0000	0.0000	0.0000	0.0000	0.0000	0.0000	0.0000	0.0000	0.0000	0.0000	0.0000	0.0000	0.0000	0.0000	0.0000	0.0000											
22	68	0.0823	3	0	2	0	0	0	0	0	0	N	Y	N	N	N	N	N	N	N	N	N	N	0.0000	0.0000	0.0000	0.0000	0.0000	0.0000	0.0000	0.0000	0.0000	0.0000	0.0000	0.0000	0.0000	0.0000	0.0000	0.0000	0.0000	0.0000	0.0000	0.0000	0.0000	5.0000	0.0000	3.9994	0.0000	0.0000	0.0000	0.0000	0.0000	0.0000	0.0000	0.0000	0.0000	0.0000	0.0000	0.0000	0.0000	0.0000	0.0000	0.0000	0.0000	0.0000	0.0000	0.0000	0.0000	0.0000	0.0000	0.0000	0.0000	0.0000	0.0000	0.0000	0.0000	0.0000	0.0000	0.0000	0.0000	0.0000	0.0000	0.0000	0.0000	0.0000	0.0000	0.0000	0.0000	0.0000	0.0000	0.0000	0.0000	0.0000	0.0000	0.0000	0.0000	0.0000	0.0000	0.0000	0.0000	0.0000											
22	69	0.0823	3	1	1	1	0	0	0	0	0	N	N	N	N	N	N	N	N	N	N	N	N	0.0000	0.0000	0.0000	0.0000	0.0000	0.0000	0.0000	0.0000	0.0000	0.0000	0.0000	0.0000	0.0000	0.0000	0.0000	0.0000	0.0000	0.0000	0.0000	0.0000	0.0000	7.0000	0.0000	2.9994	0.0000	0.0000	0.0000	0.0000	0.0000	0.0000	0.0000	0.0000	0.0000	0.0000	0.0000	0.0000	0.0000	0.0000	0.0000	0.0000	0.0000	0.0000	0.0000	0.0000	0.0000	0.0000	0.0000	0.0000	0.0000	0.0000	0.0000	0.0000	0.0000	0.0000	0.0000	0.0000	0.0000	0.0000	0.0000	0.0000	0.0000	0.0000	0.0000	0.0000	0.0000	0.0000	0.0000	0.0000	0.0000	0.0000	0.0000	0.0000	0.0000	0.0000	0.0000	0.0000	0.0000	0.0000											
22	70	0.0823	3	0	2	0	1	0	0	0	0	N	Y	N	N	N	N	N	N	N	N	N	N	0.0000	0.0000	0.0000	0.0000	0.0000	0.0000	0.0000	0.0000	0.0000	0.0000	0.0000	0.0000	0.0000	0.0000	0.0000	0.0000	0.0000	0.0000	0.0000	0.0000	0.0000	4.0000	0.0000	5.0006	0.0000	0.0000	0.0000	0.0000	0.0000	0.0000	0.0000	0.0000	0.0000	0.0000	0.0000	0.0000	0.0000	0.0000	0.0000	0.0000	0.0000	0.0000	0.0000	0.0000	0.0000	0.0000	0.0000	0.0000	0.0000	0.0000	0.0000	0.0000	0.0000	0.0000	0.0000	0.0000	0.0000	0.0000	0.0000	0.0000	0.0000	0.0000	0.0000	0.0000	0.0000	0.0000	0.0000	0.0000	0.0000	0.0000	0.0000	0.0000	0.0000	0.0000	0.0000	0.0000	0.0000	0.0000											
22	71	0.0823	3	0	2	0	0	0	0	0	0	N	Y	N	N	N	N	N	N	N	N	N	N	0.0000	0.0000	0.0000	0.0000	0.0000	0.0000	0.0000	0.0000	0.0000	0.0000	0.0000	0.0000	0.0000	0.0000	0.0000	0.0000	0.0000	0.0000	0.0000	0.0000	0.0000	7.0000	0.0000	4.9994	0.0000	0.0000	0.0000	0.0000	0.0000	0.0000	0.0000	0.0000	0.0000	0.0000	0.0000	0.0000	0.0000	0.0000	0.0000	0.0000	0.0000	0.0000	0.0000	0.0000	0.0000	0.0000	0.0000	0.0000	0.0000	0.0000	0.0000	0.0000	0.0000	0.0000	0.0000	0.0000	0.0000	0.0000	0.0000	0.0000	0.0000	0.0000	0.0000	0.0000	0.0000	0.0000	0.0000	0.0000	0.0000	0.0000	0.0000	0.0000	0.0000	0.0000	0.0000	0.0000	0.0000	0.0000											
22	72	0.1389	4	0	2	0	0	0	0	0	0	N	Y	N	N	N	N	N	N	N	N	N	N	0.0000	0.0000	0.0000	0.0000	0.0000	0.0000	0.0000	0.0000	0.0000	0.0000	0.0000	0.0000	0.0000	0.0000	0.0000	0.0000	0.0000	0.0000	0.0000	0.0000	0.0000	4.7764	0.0000	1.3205	0.0000	0.0000	0.0000	0.0000	0.0000	0.0000	0.0000	0.0000	0.0000	0.0000	0.0000	0.0000	0.0000	0.0000	0.0000	0.0000	0.0000	0.0000	0.0000	0.0000	0.0000	0.0000	0.0000	0.0000	0.0000	0.0000	0.0000	0.0000	0.0000	0.0000	0.0000	0.0000	0.0000	0.0000	0.0000	0.0000	0.0000	0.0000	0.0000	0.0000	0.0000	0.0000	0.0000	0.0000	0.0000	0.0000	0.0000	0.0000	0.0000	0.0000	0.0000	0.0000	0.0000	0.0000											
22	73	0.0823	3	0	2	0	0	0	0	0	0	N	Y	N	N	N	N	N	N	N	N	N	N	0.0000	0.0000	0.0000	0.0000	0.0000	0.0000	0.0000	0.0000	0.0000	0.0000	0.0000	0.0000	0.0000	0.0000	0.0000	0.0000	0.0000	0.0000	0.0000	0.0000	0.0000	3.3049	0.0000	2.7470	0.0000	0.0000	0.0000	0.0000	0.0000	0.0000	0.0000	0.0000	0.0000	0.0000	0.0000	0.0000	0.0000	0.0000	0.0000	0.0000	0.0000	0.0000	0.0000	0.0000	0.0000	0.0000	0.0000	0.0000	0.0000	0.0000	0.0000	0.0000	0.0000	0.0000	0.0000	0.0000	0.0000	0.0000	0.0000	0.0000	0.0000	0.0000	0.0000	0.0000	0.0000	0.0000	0.0000	0.0000	0.0000	0.0000	0.0000	0.0000	0.0000	0.0000	0.0000	0.0000	0.0000	0.0000											
22	74	0.1411	4	0	2	0	0	0	0	0	0	N	Y	N	N	N	N	N	N	N	N	N	N	0.0000	0.0000	0.0000	0.0000	0.0000	0.0000	0.0000	0.0000	0.0000	0.0000	0.0000	0.0000	0.0000	0.0000	0.0000	0.0000	0.0000	0.0000	0.0000	0.0000	0.0000	0.0000	0.0000	0.0000	0.0000	0.0000	0.0000	0.0000	0.0000	0.0000	0.0000	0.0000	0.0000	0.0000	0.0000	0.0000	0.0000	0.0000	0.0000	0.0000	0.0000	0.0000	0.0000	0.0000	0.0000	0.0000	0.0000	0.0000	0.0000	0.0000	0.0000	0.0000	0.0000	0.0000	0.0000	0.0000	0.0000	0.0000	0.0000	0.0000	0.0000	0.0000	0.0000	0.0000	0.0000	0.0000	0.0000	0.0000	0.0000	0.0000	0.0000	0.0000	0.0000	0.0000	0.0000	0.0000	0.0000	0.0000											
22	75	0.0823	3	0	2	0	0	0	0	0	0	N	Y	N	N	N	N	N	N	N	N	N	N	0.0000	0.0000	0.0000	0.0000	0.0000	0.0000	0.0000	0.0000	0.0000	0.0000	0.0000	0.0000	0.0000	0.0000	0.0000	0.0000	0.0000	0.0000	0.0000	0.0000	0.0000	4.3567	0.0000	2.3689	0.0000	0.0000	0.0000	0.0000	0.0000	0.0000	0.0000	0.0000	0.0000	0.0000	0.0000	0.0000	0.0000	0.0000	0.0000	0.0000	0.0000	0.0000	0.0000	0.0000	0.0000	0.0000	0.0000	0.0000	0.0000	0.0000	0.0000	0.0000	0.0000	0.0000	0.0000	0.0000	0.0000	0.0000	0.0000	0.0000	0.0000	0.0000	0.0000	0.0000	0.0000	0.0000	0.0000	0.0000	0.0000	0.0000	0.0000	0.0000	0.0000	0.0000	0.0000	0.0000	0.0000	0.0000											
22	76	0.1497	6	1	2	0	1	0	0	0	0	N	Y	N	N	N	N	N	N	N	N	N	N	0.0000	0.0000	0.0000	0.0000	0.0000	0.0000	0.0000	0.0000	0.0000	0.0000	0.0000	0.0000	0.0000	0.0000	0.0000	0.0000	0.0000	0.0000	0.0000	0.0000	0.0000	0.0000	0.0000	0.0000	0.0000	0.0000	0.0000	0.0000	0.0000	0.0000	0.0000	0.0000	0.0000	0.0000	0.0000	0.0000	0.0000	0.0000	0.0000	0.0000	0.0000	0.0000	0.0000	0.0000	0.0000	0.0000	0.0000	0.0000	0.0000	0.0000	0.0000	0.0000	0.0000	0.0000	0.0000	0.0000	0.0000	0.0000	0.0000	0.0000	0.0000	0.0000	0.0000	0.0000	0.0000	0.0000	0.0000	0.0000	0.0000	0.0000	0.0000	0.0000	0.0000	0.0000	0.0000	0.0000	0.0000	0.0000											
22	77	0.1414	5	1	2	0	1	0	0	0	0	N	Y	N	N	N	N	N	N	N	N	N	N	0.0000	0.0000	0.0000	0.0000	0.0000	0.0000	0.0000	0.0000	0.0000	0.0000	0.0000	0.0000	0.0000	0.0000	0.0000	0.0000	0.0000	0.0000	0.0000	0.0000	0.0000	1.0073	0.0000	0.3366	0.0000	0.0000	0.0000	0.0000	0.0000	0.0000	0.0000	0.0000	0.0000	0.0000	0.0000	0.0000	0.0000	0.0000	0.0000	0.0000	0.0000	0.0000	0.0000	0.0000	0.0000	0.0000	0.0000	0.0000	0.0000	0.0000	0.0000	0.0000	0.0000	0.0000	0.0000	0.0000	0.0000	0.0000	0.0000	0.0000	0.0000	0.0000	0.0000	0.0000	0.0000	0.0000	0.0000	0.0000	0.0000	0.0000	0.0000	0.0000	0.0000	0.0000	0.0000	0.0000	0.0000	0.0000											
22	78	0.1672	5	0	2	0	1	0	0	0	0	N	Y	N	N	N	N	N	N	N	N	N	N	0.0000	0.0000	0.0000	0.0000	0.0000	0.0000	0.0000	0.0000	0.0000	0.0000	0.0000	0.0000	0.0000	0.0000	0.0000	0.0000	0.0000	0.0000	0.0000	0.0000	0.0000	0.0000	0.0000	0.0000	0.0000	0.0000	0.0000	0.0000	0.0000	0.0000	0.0000	0.0000	0.0000	0.0000	0.0000	0.0000	0.0000	0.0000	0.0000	0.0000	0.0000	0.0000	0.0000	0.0000	0.0000	0.0000	0.0000	0.0000	0.0000	0.0000	0.0000	0.0000	0.0000	0.0000	0.0000	0.0000	0.0000	0.0000	0.0000	0.0000	0.0000	0.0000	0.0000	0.0000	0.0000	0.0000	0.0000	0.0000	0.0000	0.0000	0.0000	0.0000	0.0000	0.0000	0.0000	0.0000	0.0000	0.0000											
22	79	0.1589	4	0	2	0	1	0	0	0	0	N	Y	N	N	N	N	N	N	N	N	N	N	0.0000	0.0000	0.0000	0.0000	0.0000	0.0000	0.0000	0.0000	0.0000	0.0000	0.0000	0.0000	0.0000	0.0000	0.0000	0.0000	0.0000	0.0000	0.0000	0.0000	0.0000	0.0000	0.0000	1.0000	0.0000	0.0000	0.0000	0.0000	0.0000	0.0000	0.0000	0.0000	0.0000	0.0000	0.0000	0.0000	0.0000	0.0000	0.0000	0.0000	0.0000	0.0000	0.0000	0.0000	0.0000	0.0000	0.0000	0.0000	0.0000	0.0000	0.0000	0.0000	0.0000	0.0000	0.0000	0.0000	0.0000	0.0000	0.0000	0.0000	0.0000	0.0000	0.0000	0.0000	0.0000	0.0000	0.0000	0.0000	0.0000	0.0000	0.0000	0.0000	0.0000	0.0000	0.0000	0.0000	0.0000	0.0000											
22	80	0.1414	5	0	2	0	0	0	0	0	0	N	Y	N	N	N	N	N	N	N	N	N	N	0.0000	0.0000	0.0000	0.0000	0.0000	0.0000	0.0000	0.0000	0.0000	0.0000	0.0000	0.0000	0.0000	0.0000	0.0000	0.0000	0.0000	0.0000	0.0000	0.0000	0.0000	3.9927	0.0000	1.0002	0.0000	0.0000	0.0000	0.0000	0.0000	0.0000	0.0000	0.0000	0.0000	0.0000	0.0000	0.0000	0.0000	0.0000	0.0000	0.0000	0.0000	0.0000	0.0000	0.0000	0.0000	0.0000	0.0000	0.0000	0.0000	0.0000	0.0000	0.0000	0.0000	0.0000	0.0000	0.0000	0.0000	0.0000	0.0000	0.0000	0.0000	0.0000	0.0000	0.0000	0.0000	0.0000	0.0000	0.0000	0.0000	0.0000	0.0000	0.0000	0.0000	0.0000	0.0000	0.0000	0.0000	0.0000											
22	81	0.1367	4	0	2	0	0	0	0	0	0	N	Y	N	N	N	N	N	N	N	N	N	N	0.0000	0.0000	0.0000	0.0000	0.0000	0.0000	0.0000	0.0000	0.0000	0.0000	0.0000	0.0000	0.0000	0.0000	0.0000	0.0000	0.0000	0.0000	0.0000	0.0000	0.0000	0.0110	0.0000	0.6549	0.0000	0.0000	0.0000	0.0000	0.0000	0.0000	0.0000	0.0000	0.0000	0.0000	0.0000	0.0000	0.0000	0.0000	0.0000	0.0000	0.0000	0.0000	0.0000	0.0000	0.0000	0.0000	0.0000	0.0000	0.0000	0.0000	0.0000	0.0000	0.0000	0.0000	0.0000	0.0000	0.0000	0.0000	0.0000	0.0000	0.0000	0.0000	0.0000	0.0000	0.0000	0.0000	0.0000	0.0000	0.0000	0.0000	0.0000	0.0000	0.0000	0.0000	0.0000	0.0000	0.0000	0.0000											
22	82	0.1589	4	0	1	1	1	0	0	0	0	N	N	N	N	N	N	N	N	N	N	N	N	0.0000	0.0000	0.0000	0.0000	0.0000	0.0000	0.0000	0.0000	0.0000	0.0000	0.0000	0.0000	0.0000	0.0000	0.0000	0.0000	0.0000	0.0000	0.0000	0.0000	0.0000	1.0000	0.0000	0.0000	0.0000	0.0000	0.0000	0.0000	0.0000	0.0000	0.0000	0.0000	0.0000	0.0000	0.0000	0.0000	0.0000	0.0000	0.0000	0.0000	0.0000	0.0000	0.0000	0.0000	0.0000	0.0000	0.0000	0.0000	0.0000	0.0000	0.0000	0.0000	0.0000	0.0000	0.0000	0.0000	0.0000	0.0000	0.0000	0.0000	0.0000	0.0000	0.0000	0.0000	0.0000	0.0000	0.0000	0.0000	0.0000	0.0000	0.0000	0.0000	0.0000	0.0000	0.0000	0.0000	0.0000	0.0000											
22	83	0.1589	4	0	1	1	1	0	0	0	0	N	N	N	N	N	N	N	N	N	N	N	N	0.0000	0.0000	0.0000	0.0000	0.0000	0.0000	0.0000	0.0000	0.0000	0.0000	0.0000	0.0000	0.0000	0.0000	0.0000	0.0000	0.0000	0.0000	0.0000	0.0000	0.0000	0.0000	0.0000	0.0000	0.0000	0.0000	0.0000	0.0000	0.0000	0.0000	0.0000	0.0000	0.0000	0.0000	0.0000	0.0000	0.0000	0.0000	0.0000	0.0000	0.0000	0.0000	0.0000	0.0000	0.0000	0.0000	0.0000	0.0000	0.0000	0.0000	0.0000	0.0000	0.0000	0.0000	0.0000	0.0000	0.0000	0.0000	0.0000	0.0000	0.0000	0.0000	0.0000	0.0000	0.0000	0.0000	0.0000	0.0000	0.0000	0.0000	0.0000	0.0000	0.0000	0.0000	0.0000	0.0000	0.0000	0.0000											
22	84	0.0823	3	0	1	0	1	0	0	0	0	N	N	N	N	N	N	N	N	N	N	N	N	0.0000	0.0000	0.0000	0.0000	0.0000	0.0000	0.0000	0.0000	0.0000	0.0000	0.0000	0.0000	0.0000	0.0000	0.0000	0.0000	0.0000	0.0000	0.0000	0.0000	0.0000	3.0000	0.0000	5.9994	0.0000	0.0000	0.0000	0.0000	0.0000	0.0000	0.0000	0.0000	0.0000	0.0000	0.0000	0.0000	0.0000	0.0000	0.0000	0.0000	0.0000	0.0000	0.0000	0.0000	0.0000	0.0000	0.0000	0.0000	0.0000	0.0000	0.0000	0.0000	0.0000	0.0000	0.0000	0.0000	0.0000	0.0000	0.0000	0.0000	0.0000	0.0000	0.0000	0.0000	0.0000	0.0000	0.0000	0.0000	0.0000	0.0000	0.0000	0.0000	0.0000	0.0000	0.0000	0.0000	0.0000	0.0000											
22	85	0.2199	4	1	2	0	0	0	0	0	0	N	Y	N	N	N	N	N	N	N	N	N	N	0.0000	0.0000	0.0000	0.0000	0.0000	0.0000	0.0000	0.0000	0.0000	0.0000	0.0000	0.0000	0.0000	0.0000	0.0000	0.0000	0.0000	0.0000	0.0000	0.0000	0.0000	0.0000	0.0000	0.0000	0.0000	0.0000	0.0000	0.0000	0.0000	0.0000	0.0000	0.0000	0.0000	0.0000	0.0000	0.0000	0.0000	0.0000	0.0000	0.0000	0.0000	0.0000	0.0000	0.0000	0.0000	0.0000	0.0000	0.0000	0.0000	0.0000	0.0000	0.0000	0.0000	0.0000	0.0000	0.0000	0.0000	0.0000	0.0000	0.0000	0.0000	0.0000	0.0000	0.0000	0.0000	0.0000	0.0000	0.0000	0.0000	0.0000	0.0000	0.0000	0.0000	0.0000	0.0000	0.0000	0.0000	0.0000											
22	86	0.0823	3	1	2	0	0	0	0	0	0	N	Y	N	N	N	N	N	N	N	N	N	N	0.0000	0.0000	0.0000	0.0000	0.0000	0.0000	0.0000	0.0000	0.0000	0.0000	0.0000	0.0000	0.0000	0.0000	0.0000	0.0000	0.0000	0.0000	0.0000	0.0000	0.0000	5.0000	0.0000	7.0006	0.0000	0.0000	0.0000	0.0000	0.0000	0.0000	0.0000	0.0000	0.0000	0.0000	0.0000	0.0000	0.0000	0.0000	0.0000	0.0000	0.0000	0.0000	0.0000	0.0000	0.0000	0.0000	0.0000	0.0000	0.0000	0.0000	0.0000	0.0000	0.0000	0.0000	0.0000	0.0000	0.0000	0.0000	0.0000	0.0000	0.0000	0.0000	0.0000	0.0000	0.0000	0.0000	0.0000	0.0000	0.0000	0.0000	0.0000	0.0000	0.0000	0.0000	0.0000	0.0000	0.0000	0.0000											
22	87	0.0823	3	0	2	0	0	0	0	0	0	N	Y	N	N	N	N	N	N	N	N	N	N	0.0000	0.0000	0.0000	0.0000	0.0000	0.0000	0.0000	0.0000	0.0000	0.0000	0.0000	0.0000	0.0000	0.0000	0.0000	0.0000	0.0000	0.0000	0.0000	0.0000	0.0000	1.0000	0.0000	3.0006	0.0000	0.0000	0.0000	0.0000	0.0000	0.0000	0.0000	0.0000	0.0000	0.0000	0.0000	0.0000	0.0000	0.0000	0.0000	0.0000	0.0000	0.0000	0.0000	0.0000	0.0000	0.0000	0.0000	0.0000	0.0000	0.0000	0.0000	0.0000	0.0000	0.0000	0.0000	0.0000	0.0000	0.0000	0.0000	0.0000	0.0000	0.0000	0.0000	0.0000	0.0000	0.0000	0.0000	0.0000	0.0000	0.0000	0.0000	0.0000	0.0000	0.0000	0.0000	0.0000	0.0000	0.0000											
22	88	0.1367	4	1	2	0	0	0	0	0	0	N	Y	N	N	N	N	N	N	N	N	N	N	0.0000	0.0000	0.0000	0.0000	0.0000	0.0000	0.0000	0.0000	0.0000	0.0000	0.0000	0.0000	0.0000	0.0000	0.0000	0.0000	0.0000	0.0000	0.0000	0.0000	0.0000	0.0000	0.0000	0.0000	0.0000	0.0000	0.0000	0.0000	0.0000	0.0000	0.0000	0.0000	0.0000	0.0000	0.0000	0.0000	0.0000	0.0000	0.0000	0.0000	0.0000	0.0000	0.0000	0.0000	0.0000	0.0000	0.0000	0.0000	0.0000	0.0000	0.0000	0.0000	0.0000	0.0000	0.0000	0.0000	0.0000	0.0000	0.0000	0.0000	0.0000	0.0000	0.0000	0.0000	0.0000	0.0000	0.0000	0.0000	0.0000	0.0000	0.0000	0.0000	0.0000	0.0000	0.0000	0.0000	0.0000	0.0000											
22	89	0.0823	3	0	2	0	0	0	0	0	0	N	Y	N	N	N	N	N	N	N	N	N	N	0.0000	0.0000	0.0000	0.0000	0.0000	0.0000	0.0000	0.0000	0.0000	0.0000	0.0000	0.0000	0.0000	0.0000	0.0000	0.0000	0.0000	0.0000	0.0000	0.0000	0.0000	4.0000	0.0000	4.0001	0.0000	0.0000	0.0000	0.0000	0.0000	0.0000	0.0000	0.0000	0.0000	0.0000	0.0000	0.0000	0.0000	0.0000	0.0000	0.0000	0.0000	0.0000	0.0000	0.0000	0.0000	0.0000	0.0000	0.0000	0.0000	0.0000	0.0000	0.0000	0.0000	0.0000	0.0000	0.0000	0.0000	0.0000	0.0000	0.0000	0.0000	0.0000	0.0000	0.0000	0.0000	0.0000	0.0000	0.0000	0.0000	0.0000	0.0000	0.0000	0.0000	0.0000	0.0000	0.0000	0.0000	0.0000											
22	91	0.2279	5	0	1	0	0	0	0	0	0	N	N	N	N	N	N	N	N	N	N	N	N	inf	inf	inf	inf	0.0001	0.0001	0.0000	0.0003	0.0003	0.0000	0.0000	0.0000	0.0000	0.0000	0.0000	0.0000	0.0000	0.0000	0.0000	0.0000	0.0000	0.0000	0.0000	-0.0000	0.0000	0.0000	11.5137	0.0000	4.9035	0.0000	0.0000	0.0000	0.0000	0.0000	0.0000	0.0000	0.0000	0.0000	0.0000	0.0000	0.0000	0.0000	0.0000	0.0000	0.0000	0.0000	0.0000	0.0000	0.0000	0.0000	0.0000	0.0000	0.0000	0.0000	0.0000	0.0000	0.0000	0.0000	0.0000	0.0000	0.0000	0.0000	0.0000	0.0000	0.0000	inf	inf	0.0000	inf	inf	0.0000	0.0000	0.0000	0.0000	0.0000	0.0000	0.0000	0.0000	0.0000	0.0000	0.0000	0.0000	0.0000						
23	25	0.1805	2	1	2	1	1	0	0	0	0	N	Y	N	N	N	N	N	N	N	N	N	N	0.1208	0.5729	0.1806	0.0830	0.1258	0.6610	0.0195	0.0000	0.1412	0.0018	0.0000	0.0186	0.0242	0.0000	0.1631	0.1611	0.0000	0.2465	0.0102	0.0000	0.2243	0.1920	0.0000	0.2467	inf	inf	0.0022	0.0101	6.0000	0.8908	4.0006	1.0730	0.0035	0.0000	0.0035	0.0001	0.0000	0.0001	0.0034	0.0000	0.0034	0.0307	0.0000	0.0307	0.0003	0.0000	0.0003	0.0304	0.0000	0.0304	0.1803	0.1555	0.0249	0.0379	0.0341	0.0038	0.1424	0.1213	0.0211	0.1904	0.0660	0.1245	0.0324	0.0309	0.0015	0.1581	0.0351	0.1230	0.1208	0.0000	0.5729	0.1806	0.0000	0.0830	0.1258	0.0000	0.6610	0.1611	0.0000	0.2465	0.0102	0.0000	0.2243	0.1920	0.0000	0.2467			
23	28	0.2092	2	2	2	0	0	0	0	0	0	Y	Y	N	N	N	N	N	N	N	N	N	N	0.1514	3.5377	0.0000	0.1291	0.4326	0.0000	0.1458	inf	0.0000	0.0040	0.0045	0.0000	0.0009	0.0009	0.0000	0.0059	0.0067	0.0000	0.0266	0.0013	0.0430	0.0069	0.0022	0.0127	0.0405	0.0000	0.0562	0.0000	53.0714	-0.0007	0.0023	6.0000	2.9919	4.0006	1.1331	0.0019	0.0019	0.0000	0.0002	0.0002	0.0000	0.0018	0.0018	0.0000	0.0076	0.0001	0.0074	0.0008	0.0001	0.0007	0.0068	0.0000	0.0068	0.4809	0.4359	0.0450	0.1797	0.1712	0.0085	0.3012	0.2646	0.0366	0.2842	0.1113	0.1729	0.1174	0.0648	0.0526	0.1667	0.0465	0.1203	0.1514	3.5377	0.0000	0.1291	0.4326	0.0000	0.1458	inf	0.0000	0.0266	0.0013	0.0430	0.0069	0.0022	0.0127	0.0405	0.0000	0.0562
23	30	0.1466	2	1	2	0	1	0	0	0	0	N	Y	N	N	N	N	N	N	N	N	N	N	957.0919	5422.4704	591.7932	6444.0593	1.4968	0.0000	11.2847	0.0000	0.0000	0.0000	1.9214	0.0000	13.4608	0.0016	0.0000	0.0021	0.0000	0.0000	0.0000	0.0032	0.0000	0.0021	inf	inf	0.6145	0.0001	6.0000	3.9676	4.0006	1.0007	1.0000	0.0000	1.0000	0.0000	0.0000	0.0000	1.0000	0.0000	1.0000	0.0004	0.0000	0.0004	0.0000	0.0000	0.0000	0.0004	0.0000	0.0004	0.6681	0.5795	0.0886	0.1476	0.1333	0.0143	0.5205	0.4462	0.0743	0.2813	0.0699	0.2114	0.0118	0.0110	0.0008	0.2695	0.0589	0.2106	957.0919	0.0000	5422.4704	0.0000	0.0000	0.0000	1176.9131	0.0000	6444.0593	0.0016	0.0000	0.0021	0.0000	0.0000	0.0000	0.0016	0.0000	0.0021					
23	32	0.1755	2	1	1	1	0	0	0	0	0	N	N	N	N	N	N	N	N	N	N	N	N	0.3754	inf	0.9775	0.1026	0.4565	0.6045	inf	0.9804	0.0212	0.0056	0.0708	0.0010	0.0000	0.0776	0.0357	0.0122	0.0706	0.0565	0.0000	0.0724	0.0099	0.0000	0.1700	0.0590	0.0000	0.0720	4.0000	inf	0.0002	0.0015	6.0000	0.0319	4.0006	1.0050	0.0005	0.0001	0.0004	0.0000	0.0000	0.0000	0.0005	0.0001	0.0004	0.0044	0.0000	0.0044	0.0000	0.0000	0.0000	0.0044	0.0000	0.0044	0.0236	0.0179	0.0057	0.0098	0.0097	0.0001	0.0137	0.0082	0.0055	0.0785	0.0173	0.0612	0.0041	0.0038	0.0002	0.0744	0.0135	0.0610	0.3754	inf	0.9775	0.1026	0.0000	0.4565	0.6045	inf	0.9804	0.0565	0.0000	0.0724	0.0099	0.0000	0.1700	0.0590	0.0000	0.0720	
23	33	0.1466	3	1	2	0	0	0	0	0	0	N	Y	N	N	N	N	N	N	N	N	N	N	1.0691	16.8170	0.8811	19.6825	0.0074	0.0000	0.1531	0.0000	0.0000	0.0000	0.0126	0.0000	0.1798	0.0069	0.0000	0.0091	0.0000	0.0000	0.0000	0.0143	0.0000	0.0091	inf	inf	0.0000	0.0001	6.0000	0.0023	4.0006	1.0003	0.0000	0.0000	0.0000	0.0000	0.0000	0.0000	0.0000	0.0000	0.0000	0.0004	0.0000	0.0004	0.0000	0.0000	0.0000	0.0004	0.0000	0.0004	0.0014	0.0013	0.0001	0.0006	0.0006	0.0000	0.0008	0.0007	0.0001	0.0638	0.0154	0.0483	0.0027	0.0025	0.0002	0.0611	0.0130	0.0482	1.0691	0.0000	16.8170	0.0000	0.0000	0.0000	1.7470	0.0000	19.6825	0.0069	0.0000	0.0091	0.0000	0.0000	0.0000	0.0072	0.0000	0.0091					
23	38	0.1466	3	1	1	1	0	0	0	0	0	N	N	N	N	N	N	N	N	N	N	N	N	0.0080	0.0440	0.0051	0.0524	0.0001	0.0000	0.0004	0.0000	0.0000	0.0000	0.0001	0.0000	0.0005	0.0069	0.0000	0.0091	0.0000	0.0000	0.0000	0.0139	0.0000	0.0091	inf	inf	0.0000	0.0001	6.0000	1.0023	4.0006	0.0007	0.0000	0.0000	0.0000	0.0000	0.0000	0.0000	0.0000	0.0000	0.0000	0.0004	0.0000	0.0004	0.0000	0.0000	0.0000	0.0004	0.0000	0.0004	0.1810	0.1561	0.0250	0.0406	0.0365	0.0041	0.1404	0.1195	0.0209	0.0638	0.0154	0.0484	0.0027	0.0025	0.0002	0.0611	0.0130	0.0482	0.0080	0.0000	0.0440	0.0000	0.0000	0.0000	0.0099	0.0000	0.0524	0.0069	0.0000	0.0091	0.0000	0.0000	0.0000	0.0072	0.0000	0.0091					
23	39	0.1466	2	1	1	0	0	0	0	0	0	N	N	N	N	N	N	N	N	N	N	N	N	0.0010	0.0003	0.0437	0.0004	0.0004	0.0047	0.0514	0.0010	0.0005	0.0104	0.0013	0.0013	0.0000	0.0009	0.0000	0.0123	1.0584	1.8469	0.2375	3.1883	3.2306	0.0000	0.1865	0.0000	0.2383	1.0000	1.0000	0.0000	-0.0002	6.0000	0.0347	4.0006	0.0013	0.0000	0.0000	0.0000	0.0000	0.0000	0.0000	0.0000	0.0000	0.0000	0.0009	0.0004	0.0004	0.0004	0.0004	0.0000	0.0004	0.0000	0.0004	0.0194	0.0184	0.0010	0.0079	0.0078	0.0001	0.0115	0.0107	0.0008	0.0026	0.0007	0.0019	0.0002	0.0002	0.0000	0.0024	0.0005	0.0018	0.0030	0.0009	0.0437	0.0006	0.0006	0.0000	0.0047	0.0000	0.0514	0.3445	0.6270	0.2375	2.2591	2.3342	0.0000	0.1865	0.0000	0.2383		
23	41	0.1865	3	1	2	0	0	0	0	0	0	N	Y	N	N	N	N	N	N	N	N	N	N	0.0000	0.0000	0.0000	0.0000	0.0000	0.0000	0.0000	0.0000	0.0000	0.0000	0.0000	0.0000	0.0000	0.0000	0.0000	0.0005	0.0000	0.0006	0.0000	0.0000	0.0001	0.0005	0.0000	0.0006	inf	0.0000	0.0000	6.0000	1.0144	4.0006	1.0128	0.0000	0.0000	0.0000	0.0000	0.0000	0.0000	0.0000	0.0000	0.0000	0.0001	0.0000	0.0001	0.0000	0.0000	0.0000	0.0001	0.0000	0.0001	0.1961	0.1726	0.0235	0.0524	0.0482	0.0042	0.1436	0.1244	0.0192	0.1459	0.0311	0.1148	0.0065	0.0060	0.0004	0.1394	0.0251	0.1143	0.0000	0.0000	0.0000	0.0000	0.0000	0.0000	0.0000	0.0000	0.0000	0.0005	0.0000	0.0006	0.0000	0.0000	0.0001	0.0005	0.0000	0.0006				
23	44	0.2710	2	2	2	0	0	0	0	0	0	Y	Y	N	N	N	N	N	N	N	N	N	N	0.0000	0.0000	0.0000	0.0000	0.0000	0.0000	0.0000	0.0000	0.0000	0.0000	0.0000	0.0000	0.0000	0.0000	0.0000	0.0000	0.0000	0.0000	0.0000	0.0000	6.0000	2.0000	4.0006	1.0000	0.0000	0.0000	0.0000	0.0000	0.0000	0.0000	0.0000	0.0000	0.0000	0.0000	0.0000	0.0000	0.0000	0.0000	0.0000	0.0000	0.0000	0.0000	0.3133	0.2681	0.0451	0.0141	0.0124	0.0018	0.2992	0.2558	0.0434	0.1634	0.0501	0.1133	0.0230	0.0128	0.0102	0.1404	0.0373	0.1031	0.0000	0.0000	0.0000	0.0000	0.0000	0.0000	0.0000	0.0000	0.0000	0.0000	0.0000	0.0000	0.0000	0.0000	0.0000	0.0000	0.0000	0.0000											
23	45	0.1986	3	1	2	0	1	0	0	0	0	N	Y	N	N	N	N	N	N	N	N	N	N	0.0000	0.0000	0.0000	0.0000	0.0000	0.0000	0.0000	0.0000	0.0000	0.0000	0.0000	0.0000	0.0000	0.0000	0.0000	0.0000	0.0000	0.0000	0.0000	0.0000	6.0000	1.0000	4.0006	0.0000	0.0000	0.0000	0.0000	0.0000	0.0000	0.0000	0.0000	0.0000	0.0000	0.0000	0.0000	0.0000	0.0000	0.0000	0.0000	0.0000	0.0000	0.0000	0.1765	0.1508	0.0257	0.0243	0.0209	0.0034	0.1522	0.1299	0.0223	0.0746	0.0151	0.0595	0.0036	0.0025	0.0011	0.0710	0.0126	0.0584	0.0000	0.0000	0.0000	0.0000	0.0000	0.0000	0.0000	0.0000	0.0000	0.0000	0.0000	0.0000	0.0000	0.0000	0.0000	0.0000	0.0000	0.0000											
23	46	0.1986	3	1	1	0	1	0	0	0	0	N	N	N	N	N	N	N	N	N	N	N	N	0.0000	0.0000	0.0000	0.0000	0.0000	0.0000	0.0000	0.0000	0.0000	0.0000	0.0000	0.0000	0.0000	0.0000	0.0000	0.0000	0.0000	0.0000	0.0000	0.0000	6.0000	0.0000	4.0006	0.0000	0.0000	0.0000	0.0000	0.0000	0.0000	0.0000	0.0000	0.0000	0.0000	0.0000	0.0000	0.0000	0.0000	0.0000	0.0000	0.0000	0.0000	0.0000	0.0000	0.0000	0.0000	0.0000	0.0000	0.0000	0.0000	0.0000	0.0000	0.0000	0.0000	0.0000	0.0000	0.0000	0.0000	0.0000	0.0000	0.0000	0.0000	0.0000	0.0000	0.0000	0.0000	0.0000	0.0000	0.0000	0.0000	0.0000	0.0000	0.0000	0.0000	0.0000	0.0000	0.0000	0.0000	0.0000											
23	47	0.1657	2	1	1	0	1	0	0	0	0	N	N	N	N	N	N	N	N	N	N	N	N	0.0005	0.0000	40.7957	0.0000	0.0000	0.8058	0.0006	0.0000	81.4280	0.0012	0.0000	0.0084	0.0002	0.0000	0.0015	0.0014	0.0000	0.0094	2.7048	5.5343	0.0002	6.5544	7.2589	0.0019	2.1264	5.2713	0.0001	inf	0.0001	0.0003	-0.5510	6.0000	2.0873	4.0006	1.9360	0.0004	0.0000	0.0004	0.0000	0.0000	0.0000	0.0004	0.0000	0.0004	0.8198	0.8198	0.0001	0.4252	0.4252	0.0000	0.3946	0.3946	0.0000	0.3610	0.3087	0.0523	0.0440	0.0375	0.0065	0.3170	0.2712	0.0458	0.4006	0.1481	0.2525	0.0855	0.0728	0.0128	0.3151	0.0753	0.2397	0.0006	0.0000	40.7957	0.0000	0.0000	0.8058	0.0011	0.0000	81.4280	2.0466	5.5343	0.0002	4.9716	5.8425	0.0019	1.2525	5.2366	0.0001
23	51	0.1713	2	2	2	0	0	0	0	0	0	Y	Y	N	N	N	N	N	N	N	N	N	N	0.1590	0.0465	0.0000	0.0194	0.0204	0.0000	0.0000	0.0000	0.0001	0.0001	0.0000	0.0004	0.0004	0.0000	0.0000	0.0000	0.0000	0.0003	0.0014	0.0000	0.0219	0.0221	0.0134	0.0000	0.0000	0.0000	0.0000	0.0134	-0.0000	-0.0001	6.0000	1.0314	4.0006	3.0033	0.0000	0.0000	0.0000	0.0000	0.0000	0.0000	0.0000	0.0000	0.0000	0.0001	0.0001	0.0000	0.0001	0.0001	0.0000	0.0000	0.0000	0.0000	0.1884	0.1590	0.0295	0.0236	0.0223	0.0013	0.1649	0.1367	0.0282	0.2429	0.0591	0.1838	0.0037	0.0036	0.0001	0.2392	0.0555	0.1837	0.1590	0.0465	0.0000	0.0194	0.0204	0.0000	0.0000	0.0000	0.0000	0.0003	0.0014	0.0000	0.0219	0.0221	0.0134	0.0000	0.0000	0.0000	
23	54	0.1865	3	1	1	1	0	0	0	0	0	N	N	N	N	N	N	N	N	N	N	N	N	0.0000	0.0000	0.0000	0.0000	0.0000	0.0000	0.0000	0.0000	0.0000	0.0000	0.0000	0.0000	0.0000	0.0000	0.0000	0.0009	0.0000	0.0012	0.0000	0.0000	0.0001	0.0016	0.0000	0.0012	inf	0.0000	0.0000	6.0000	0.0147	4.0006	0.9910	0.0000	0.0000	0.0000	0.0000	0.0000	0.0000	0.0000	0.0000	0.0000	0.0001	0.0000	0.0001	0.0000	0.0000	0.0000	0.0001	0.0000	0.0001	0.0109	0.0084	0.0026	0.0048	0.0047	0.0001	0.0061	0.0036	0.0025	0.0754	0.0161	0.0592	0.0036	0.0034	0.0002	0.0718	0.0128	0.0590	0.0000	0.0000	0.0000	0.0000	0.0000	0.0000	0.0000	0.0000	0.0000	0.0009	0.0000	0.0012	0.0000	0.0000	0.0001	0.0010	0.0000	0.0012				
23	55	0.1755	2	1	1	0	0	0	0	0	0	N	N	N	N	N	N	N	N	N	N	N	N	0.0818	0.2696	0.3441	0.0151	0.0000	0.0300	0.0987	inf	0.3848	0.0026	0.0006	0.0136	0.0003	0.0000	0.0027	0.0032	0.0008	0.0151	0.0314	0.0022	0.0395	0.0165	0.0112	0.0917	0.0321	0.0000	0.0393	4.0000	63.4884	0.0002	0.0014	6.0000	0.9556	4.0006	1.0192	0.0005	0.0001	0.0004	0.0000	0.0000	0.0000	0.0005	0.0001	0.0004	0.0045	0.0001	0.0044	0.0001	0.0001	0.0000	0.0044	0.0000	0.0044	0.1946	0.1651	0.0295	0.0400	0.0363	0.0036	0.1546	0.1288	0.0258	0.1433	0.0311	0.1123	0.0067	0.0062	0.0004	0.1367	0.0248	0.1118	0.0818	0.2696	0.3441	0.0151	0.0000	0.0300	0.0987	inf	0.3848	0.0314	0.0022	0.0395	0.0165	0.0112	0.0917	0.0321	0.0000	0.0393
23	58	0.2790	3	1	1	0	0	0	0	0	0	N	N	N	N	N	N	N	N	N	N	N	N	0.7364	0.2098	33791.8330	0.8088	0.8195	0.0522	0.7156	0.1660	1859493.0888	1.3827	0.8980	4.4918	0.1482	0.1559	0.0009	1.5799	1.0303	4.7302	1.8776	4.2797	0.0001	0.1833	0.1902	0.0172	2.2077	6.2080	0.0000	0.7799	0.0001	0.1193	-0.6595	6.0000	10.2575	4.0006	3.8960	2.2632	1.2715	0.9917	0.0334	0.0334	0.0000	2.2298	1.2381	0.9917	0.9813	0.9812	0.0001	0.0199	0.0199	0.0001	0.9613	0.9613	0.0000	1.6368	1.4160	0.2208	0.2255	0.2143	0.0111	1.4113	1.2017	0.2096	0.8360	0.2593	0.5767	0.1088	0.1045	0.0044	0.7272	0.1549	0.5724	1.1781	0.2373	33791.8330	0.8088	0.8195	0.0522	1.1952	0.1660	1859493.0888	1.1737	3.7839	0.0001	0.1833	0.1902	0.0172	1.3219	6.2080	0.0000
23	59	0.2531	2	2	2	1	0	0	0	0	0	Y	Y	N	N	N	N	N	N	N	N	N	N	0.0000	0.0000	0.0000	0.0000	0.0000	0.0000	0.0000	0.0000	0.0000	0.0000	0.0000	0.0000	0.0000	0.0000	0.0000	0.0000	0.0000	0.0000	0.0000	0.0000	6.0000	0.0000	4.0006	0.0000	0.0000	0.0000	0.0000	0.0000	0.0000	0.0000	0.0000	0.0000	0.0000	0.0000	0.0000	0.0000	0.0000	0.0000	0.0000	0.0000	0.0000	0.0000	0.0000	0.0000	0.0000	0.0000	0.0000	0.0000	0.0000	0.0000	0.0000	0.0000	0.0000	0.0000	0.0000	0.0000	0.0000	0.0000	0.0000	0.0000	0.0000	0.0000	0.0000	0.0000	0.0000	0.0000	0.0000	0.0000	0.0000	0.0000	0.0000	0.0000	0.0000	0.0000	0.0000	0.0000	0.0000	0.0000											
23	61	0.2159	2	2	1	1	0	0	0	0	0	Y	N	N	N	N	N	N	N	N	N	N	N	0.0000	0.0000	0.0000	0.0000	0.0000	0.0000	0.0000	0.0000	0.0000	0.0000	0.0000	0.0000	0.0000	0.0000	0.0000	0.0000	0.0000	0.0000	0.0000	0.0000	6.0000	2.0000	4.0006	0.0000	0.0000	0.0000	0.0000	0.0000	0.0000	0.0000	0.0000	0.0000	0.0000	0.0000	0.0000	0.0000	0.0000	0.0000	0.0000	0.0000	0.0000	0.0000	0.2941	0.2452	0.0489	0.0235	0.0220	0.0016	0.2706	0.2232	0.0473	0.0979	0.0373	0.0606	0.0499	0.0242	0.0257	0.0480	0.0131	0.0349	0.0000	0.0000	0.0000	0.0000	0.0000	0.0000	0.0000	0.0000	0.0000	0.0000	0.0000	0.0000	0.0000	0.0000	0.0000	0.0000	0.0000	0.0000											
23	64	0.2401	4	1	1	1	0	0	0	0	0	N	N	N	N	N	N	N	N	N	N	N	N	0.0000	0.0000	0.0000	0.0000	0.0000	0.0000	0.0000	0.0000	0.0000	0.0000	0.0000	0.0000	0.0000	0.0000	0.0000	0.0000	0.0000	0.0000	0.0000	0.0000	6.0000	0.0000	4.0006	0.0000	0.0000	0.0000	0.0000	0.0000	0.0000	0.0000	0.0000	0.0000	0.0000	0.0000	0.0000	0.0000	0.0000	0.0000	0.0000	0.0000	0.0000	0.0000	0.0000	0.0000	0.0000	0.0000	0.0000	0.0000	0.0000	0.0000	0.0000	0.0000	0.0000	0.0000	0.0000	0.0000	0.0000	0.0000	0.0000	0.0000	0.0000	0.0000	0.0000	0.0000	0.0000	0.0000	0.0000	0.0000	0.0000	0.0000	0.0000	0.0000	0.0000	0.0000	0.0000	0.0000	0.0000	0.0000											
23	65	0.2158	3	1	1	1	0	0	0	0	0	N	N	N	N	N	N	N	N	N	N	N	N	0.0000	0.0000	0.0000	0.0000	0.0000	0.0000	0.0000	0.0000	0.0000	0.0000	0.0000	0.0000	0.0000	0.0000	0.0000	0.0000	0.0000	0.0000	0.0000	0.0000	6.0000	0.8734	4.0006	1.0002	0.0000	0.0000	0.0000	0.0000	0.0000	0.0000	0.0000	0.0000	0.0000	0.0000	0.0000	0.0000	0.0000	0.0000	0.0000	0.0000	0.0000	0.0000	0.1405	0.1168	0.0237	0.0057	0.0054	0.0003	0.1348	0.1114	0.0233	0.1347	0.0237	0.1110	0.0307	0.0064	0.0243	0.1040	0.0173	0.0867	0.0000	0.0000	0.0000	0.0000	0.0000	0.0000	0.0000	0.0000	0.0000	0.0000	0.0000	0.0000	0.0000	0.0000	0.0000	0.0000	0.0000	0.0000											
23	66	0.2013	2	1	1	0	0	0	0	0	0	N	N	N	N	N	N	N	N	N	N	N	N	0.0454	0.0141	0.2972	0.1470	0.0001	0.0001	0.0000	0.0013	0.0014	0.0000	0.0000	0.0000	0.0000	0.0013	0.0052	0.0000	0.0045	0.0095	0.0000	0.0000	0.0000	0.0000	0.0000	0.0000	-0.0000	-0.0001	6.0000	1.0063	4.0006	0.0727	0.0000	0.0000	0.0000	0.0000	0.0000	0.0000	0.0000	0.0000	0.0000	0.0001	0.0001	0.0000	0.0001	0.0001	0.0000	0.0000	0.0000	0.0000	0.1638	0.1363	0.0275	0.0075	0.0072	0.0003	0.1562	0.1291	0.0271	0.1001	0.0258	0.0743	0.0301	0.0142	0.0159	0.0700	0.0116	0.0584	0.0454	0.0141	0.0000	0.2972	0.1470	0.0000	0.0000	0.0000	0.0000	0.0013	0.0052	0.0000	0.0045	0.0095	0.0000	0.0000	0.0000	0.0000					
23	72	0.1900	2	1	2	0	0	0	0	0	0	N	Y	N	N	N	N	N	N	N	N	N	N	0.6963	inf	0.0000	1.3296	inf	0.0000	0.5963	inf	0.0000	2.7326	3.2222	0.0000	0.0006	0.0006	0.0000	2.9982	3.5784	0.0000	3.9244	0.0000	19.7360	0.0005	0.0000	0.9364	5.0279	0.0000	18.8119	0.0000	inf	-0.7708	0.3258	6.0000	4.7764	4.0006	1.3205	1.9997	1.9997	0.0000	0.0000	0.0000	0.0000	1.9997	1.9997	0.0000	0.9937	0.0000	0.9937	0.0000	0.0000	0.0000	0.9936	0.0000	0.9936	0.7318	0.6206	0.1112	0.0649	0.0618	0.0031	0.6669	0.5588	0.1081	0.3369	0.1337	0.2032	0.0913	0.0912	0.0000	0.2457	0.0425	0.2032	0.9265	inf	0.0000	1.3296	inf	0.0000	0.7413	inf	0.0000	2.9493	0.0000	4.8900	0.0005	0.0000	0.9364	4.0448	0.0000	4.8909
23	74	0.1922	2	1	2	0	0	0	0	0	0	N	Y	N	N	N	N	N	N	N	N	N	N	0.0000	0.0000	0.0000	0.0000	0.0000	0.0000	0.0000	0.0000	0.0000	0.0000	0.0000	0.0000	0.0000	0.0000	0.0000	0.0000	0.0000	0.0000	0.0000	0.0000	6.0000	0.0000	4.0006	0.0000	0.0000	0.0000	0.0000	0.0000	0.0000	0.0000	0.0000	0.0000	0.0000	0.0000	0.0000	0.0000	0.0000	0.0000	0.0000	0.0000	0.0000	0.0000	0.0000	0.0000	0.0000	0.0000	0.0000	0.0000	0.0000	0.0000	0.0000	0.0000	0.0000	0.0000	0.0000	0.0000	0.0000	0.0000	0.0000	0.0000	0.0000	0.0000	0.0000	0.0000	0.0000	0.0000	0.0000	0.0000	0.0000	0.0000	0.0000	0.0000	0.0000	0.0000	0.0000	0.0000	0.0000	0.0000											
23	76	0.2009	4	2	2	0	1	0	0	0	0	Y	Y	N	N	N	N	N	N	N	N	N	N	0.0000	0.0000	0.0000	0.0000	0.0000	0.0000	0.0000	0.0000	0.0000	0.0000	0.0000	0.0000	0.0000	0.0000	0.0000	0.0000	0.0000	0.0000	0.0000	0.0000	6.0000	0.0000	4.0006	0.0000	0.0000	0.0000	0.0000	0.0000	0.0000	0.0000	0.0000	0.0000	0.0000	0.0000	0.0000	0.0000	0.0000	0.0000	0.0000	0.0000	0.0000	0.0000	0.0000	0.0000	0.0000	0.0000	0.0000	0.0000	0.0000	0.0000	0.0000	0.0000	0.0000	0.0000	0.0000	0.0000	0.0000	0.0000	0.0000	0.0000	0.0000	0.0000	0.0000	0.0000	0.0000	0.0000	0.0000	0.0000	0.0000	0.0000	0.0000	0.0000	0.0000	0.0000	0.0000	0.0000	0.0000	0.0000											
23	77	0.1925	3	2	2	0	1	0	0	0	0	Y	Y	N	N	N	N	N	N	N	N	N	N	0.0000	0.0000	0.0000	0.0000	0.0000	0.0000	0.0000	0.0000	0.0000	0.0000	0.0000	0.0000	0.0000	0.0000	0.0000	0.0000	0.0000	0.0000	0.0000	0.0000	6.0000	1.0073	4.0006	0.3366	0.0000	0.0000	0.0000	0.0000	0.0000	0.0000	0.0000	0.0000	0.0000	0.0000	0.0000	0.0000	0.0000	0.0000	0.0000	0.0000	0.0000	0.0000	0.1627	0.1392	0.0235	0.0135	0.0121	0.0014	0.1492	0.1271	0.0221	0.0670	0.0246	0.0424	0.0083	0.0080	0.0003	0.0587	0.0165	0.0422	0.0000	0.0000	0.0000	0.0000	0.0000	0.0000	0.0000	0.0000	0.0000	0.0000	0.0000	0.0000	0.0000	0.0000	0.0000	0.0000	0.0000	0.0000											
23	78	0.2183	3	1	2	0	1	0	0	0	0	N	Y	N	N	N	N	N	N	N	N	N	N	0.0000	0.0000	0.0000	0.0000	0.0000	0.0000	0.0000	0.0000	0.0000	0.0000	0.0000	0.0000	0.0000	0.0000	0.0000	0.0000	0.0000	0.0000	0.0000	0.0000	6.0000	0.0000	4.0006	0.0000	0.0000	0.0000	0.0000	0.0000	0.0000	0.0000	0.0000	0.0000	0.0000	0.0000	0.0000	0.0000	0.0000	0.0000	0.0000	0.0000	0.0000	0.0000	0.0000	0.0000	0.0000	0.0000	0.0000	0.0000	0.0000	0.0000	0.0000	0.0000	0.0000	0.0000	0.0000	0.0000	0.0000	0.0000	0.0000	0.0000	0.0000	0.0000	0.0000	0.0000	0.0000	0.0000	0.0000	0.0000	0.0000	0.0000	0.0000	0.0000	0.0000	0.0000	0.0000	0.0000	0.0000	0.0000											
23	79	0.2101	2	1	2	0	1	0	0	0	0	N	Y	N	N	N	N	N	N	N	N	N	N	0.0000	0.0000	0.0000	0.0000	0.0000	0.0000	0.0000	0.0000	0.0000	0.0000	0.0000	0.0000	0.0000	0.0000	0.0000	0.0000	0.0000	0.0000	0.0000	0.0000	6.0000	0.0000	4.0006	1.0000	0.0000	0.0000	0.0000	0.0000	0.0000	0.0000	0.0000	0.0000	0.0000	0.0000	0.0000	0.0000	0.0000	0.0000	0.0000	0.0000	0.0000	0.0000	0.0000	0.0000	0.0000	0.0000	0.0000	0.0000	0.0000	0.0000	0.0000	0.0631	0.0196	0.0435	0.0211	0.0072	0.0139	0.0420	0.0123	0.0297	0.0000	0.0000	0.0000	0.0000	0.0000	0.0000	0.0000	0.0000	0.0000	0.0000	0.0000	0.0000	0.0000	0.0000	0.0000	0.0000	0.0000	0.0000											
23	80	0.1925	3	1	2	0	0	0	0	0	0	N	Y	N	N	N	N	N	N	N	N	N	N	0.0000	0.0000	0.0000	0.0000	0.0000	0.0000	0.0000	0.0000	0.0000	0.0000	0.0000	0.0000	0.0000	0.0000	0.0000	0.0000	0.0000	0.0000	0.0000	0.0000	6.0000	3.9927	4.0006	1.0002	0.0000	0.0000	0.0000	0.0000	0.0000	0.0000	0.0000	0.0000	0.0000	0.0000	0.0000	0.0000	0.0000	0.0000	0.0000	0.0000	0.0000	0.0000	0.5972	0.5135	0.0837	0.0499	0.0447	0.0052	0.5473	0.4688	0.0785	0.2123	0.0759	0.1364	0.0200	0.0190	0.0010	0.1923	0.0569	0.1354	0.0000	0.0000	0.0000	0.0000	0.0000	0.0000	0.0000	0.0000	0.0000	0.0000	0.0000	0.0000	0.0000	0.0000	0.0000	0.0000	0.0000	0.0000											
23	81	0.1879	2	1	2	0	0	0	0	0	0	N	Y	N	N	N	N	N	N	N	N	N	N	0.0000	0.0000	0.0000	0.0000	0.0000	0.0000	0.0000	0.0000	0.0000	0.0000	0.0000	0.0000	0.0000	0.0000	0.0000	0.0000	0.0000	0.0000	0.0000	0.0000	6.0000	0.0110	4.0006	0.6549	0.0000	0.0000	0.0000	0.0000	0.0000	0.0000	0.0000	0.0000	0.0000	0.0000	0.0000	0.0000	0.0000	0.0000	0.0000	0.0000	0.0000	0.0000	0.0018	0.0015	0.0003	0.0001	0.0001	0.0000	0.0017	0.0014	0.0002	0.0306	0.0108	0.0198	0.0026	0.0025	0.0001	0.0280	0.0083	0.0197	0.0000	0.0000	0.0000	0.0000	0.0000	0.0000	0.0000	0.0000	0.0000	0.0000	0.0000	0.0000	0.0000	0.0000	0.0000	0.0000	0.0000	0.0000											
23	82	0.2101	2	1	1	1	1	0	0	0	0	N	N	N	N	N	N	N	N	N	N	N	N	0.0000	0.0000	0.0000	0.0000	0.0000	0.0000	0.0000	0.0000	0.0000	0.0000	0.0000	0.0000	0.0000	0.0000	0.0000	0.0000	0.0000	0.0000	0.0000	0.0000	6.0000	1.0000	4.0006	0.0000	0.0000	0.0000	0.0000	0.0000	0.0000	0.0000	0.0000	0.0000	0.0000	0.0000	0.0000	0.0000	0.0000	0.0000	0.0000	0.0000	0.0000	0.0000	0.1609	0.1374	0.0235	0.0052	0.0045	0.0007	0.1557	0.1330	0.0228	0.0631	0.0196	0.0435	0.0211	0.0072	0.0139	0.0420	0.0123	0.0297	0.0000	0.0000	0.0000	0.0000	0.0000	0.0000	0.0000	0.0000	0.0000	0.0000	0.0000	0.0000	0.0000	0.0000	0.0000	0.0000	0.0000	0.0000											
23	83	0.2101	2	1	1	1	1	0	0	0	0	N	N	N	N	N	N	N	N	N	N	N	N	0.0000	0.0000	0.0000	0.0000	0.0000	0.0000	0.0000	0.0000	0.0000	0.0000	0.0000	0.0000	0.0000	0.0000	0.0000	0.0000	0.0000	0.0000	0.0000	0.0000	6.0000	0.0000	4.0006	0.0000	0.0000	0.0000	0.0000	0.0000	0.0000	0.0000	0.0000	0.0000	0.0000	0.0000	0.0000	0.0000	0.0000	0.0000	0.0000	0.0000	0.0000	0.0000	0.0000	0.0000	0.0000	0.0000	0.0000	0.0000	0.0000	0.0000	0.0000	0.0000	0.0000	0.0000	0.0000	0.0000	0.0000	0.0000	0.0000	0.0000	0.0000	0.0000	0.0000	0.0000	0.0000	0.0000	0.0000	0.0000	0.0000	0.0000	0.0000	0.0000	0.0000	0.0000	0.0000	0.0000	0.0000	0.0000											
23	85	0.2710	2	2	2	0	0	0	0	0	0	Y	Y	N	N	N	N	N	N	N	N	N	N	0.0000	0.0000	0.0000	0.0000	0.0000	0.0000	0.0000	0.0000	0.0000	0.0000	0.0000	0.0000	0.0000	0.0000	0.0000	0.0000	0.0000	0.0000	0.0000	0.0000	6.0000	0.0000	4.0006	0.0000	0.0000	0.0000	0.0000	0.0000	0.0000	0.0000	0.0000	0.0000	0.0000	0.0000	0.0000	0.0000	0.0000	0.0000	0.0000	0.0000	0.0000	0.0000	0.0000	0.0000	0.0000	0.0000	0.0000	0.0000	0.0000	0.0000	0.0000	0.0000	0.0000	0.0000	0.0000	0.0000	0.0000	0.0000	0.0000	0.0000	0.0000	0.0000	0.0000	0.0000	0.0000	0.0000	0.0000	0.0000	0.0000	0.0000	0.0000	0.0000	0.0000	0.0000	0.0000	0.0000	0.0000	0.0000											
23	88	0.1879	2	2	2	0	0	0	0	0	0	Y	Y	N	N	N	N	N	N	N	N	N	N	0.0000	0.0000	0.0000	0.0000	0.0000	0.0000	0.0000	0.0000	0.0000	0.0000	0.0000	0.0000	0.0000	0.0000	0.0000	0.0000	0.0000	0.0000	0.0000	0.0000	6.0000	0.0000	4.0006	0.0000	0.0000	0.0000	0.0000	0.0000	0.0000	0.0000	0.0000	0.0000	0.0000	0.0000	0.0000	0.0000	0.0000	0.0000	0.0000	0.0000	0.0000	0.0000	0.0000	0.0000	0.0000	0.0000	0.0000	0.0000	0.0000	0.0000	0.0000	0.0000	0.0000	0.0000	0.0000	0.0000	0.0000	0.0000	0.0000	0.0000	0.0000	0.0000	0.0000	0.0000	0.0000	0.0000	0.0000	0.0000	0.0000	0.0000	0.0000	0.0000	0.0000	0.0000	0.0000	0.0000	0.0000	0.0000											
23	91	0.2790	3	1	1	0	0	0	0	0	0	N	N	N	N	N	N	N	N	N	N	N	N	10.3683	0.7167	0.0000	7.1048	7.1652	0.0000	86066.8985	inf	0.0000	0.5665	0.6542	0.0000	3.2861	3.4610	0.0000	0.1605	0.1880	0.0000	0.0546	0.9128	0.0001	0.4625	0.4830	0.0164	0.0000	0.0000	0.0000	0.0000	0.0016	-0.3838	-0.0324	6.0000	11.5137	4.0006	4.9035	0.9956	0.9956	0.0000	0.7502	0.7502	0.0000	0.2454	0.2454	0.0000	0.0484	0.0483	0.0001	0.0484	0.0483	0.0001	0.0000	0.0000	0.0000	1.7573	1.5218	0.2355	0.2283	0.2168	0.0115	1.5290	1.3051	0.2239	0.8855	0.2693	0.6162	0.1046	0.1000	0.0046	0.7809	0.1693	0.6116	10.3683	3.6471	0.0000	7.1048	7.1652	0.0000	86066.8985	inf	0.0000	0.0546	0.1794	0.0001	0.4625	0.4830	0.0164	0.0000	0.0000	0.0000
24	25	0.1759	2	0	2	1	1	0	0	0	0	N	Y	N	N	N	N	N	N	N	N	N	N	0.8049	0.2441	0.0235	0.0250	inf	inf	0.0152	0.0177	0.0000	0.0026	0.0029	0.0000	0.0186	0.0219	0.0000	0.0189	0.0727	0.0000	0.1123	0.1176	0.0000	0.0000	0.0000	0.0000	0.0000	0.0000	-0.0007	-0.0022	4.0000	0.8908	4.9994	1.0730	0.0019	0.0019	0.0000	0.0001	0.0001	0.0000	0.0019	0.0019	0.0000	0.0033	0.0033	0.0000	0.0033	0.0033	0.0000	0.0000	0.0000	0.0000	0.1261	0.1083	0.0179	0.0265	0.0238	0.0027	0.0996	0.0845	0.0151	0.1760	0.0605	0.1156	0.0296	0.0283	0.0013	0.1464	0.0322	0.1142	0.8049	0.3222	0.0000	0.0235	0.0250	0.0000	inf	inf	0.0000	0.0189	0.0550	0.0000	0.1123	0.1176	0.0000	0.0000	0.0000	0.0000			
24	28	0.2046	2	1	2	0	0	0	0	0	0	N	Y	N	N	N	N	N	N	N	N	N	N	0.0000	0.0000	0.0000	0.0000	0.0000	0.0000	0.0000	0.0000	0.0000	0.0000	0.0000	0.0000	0.0000	0.0000	0.0000	0.0000	1.1758	0.0212	0.5727	0.0200	0.0362	0.0000	1.2447	0.0000	0.8263	41.8630	0.0000	0.0286	4.0000	2.9919	4.9994	1.1331	0.0000	0.0000	0.0000	0.0000	0.0000	0.0000	0.0000	0.0000	0.0000	0.0939	0.0022	0.0917	0.0022	0.0022	0.0000	0.0917	0.0000	0.0917	0.3367	0.3052	0.0315	0.1284	0.1225	0.0060	0.2083	0.1827	0.0255	0.2632	0.1031	0.1601	0.1096	0.0605	0.0491	0.1536	0.0427	0.1110	0.0000	0.0000	0.0000	0.0000	0.0000	0.0000	0.0000	0.0000	0.0000	0.3566	0.0212	0.5727	0.0200	0.0362	0.0000	0.5968	0.0000	0.8263			
24	30	0.1421	2	0	2	0	1	0	0	0	0	N	Y	N	N	N	N	N	N	N	N	N	N	0.0000	0.0000	0.0000	0.0000	0.0000	0.0000	0.0000	0.0000	0.0000	0.0000	0.0000	0.0000	0.0000	0.0000	0.0000	0.0000	0.0000	0.0000	0.0000	0.0000	4.0000	3.9676	4.9994	1.0007	0.0000	0.0000	0.0000	0.0000	0.0000	0.0000	0.0000	0.0000	0.0000	0.0000	0.0000	0.0000	0.0000	0.0000	0.0000	0.0000	0.0000	0.0000	0.4684	0.4048	0.0635	0.1041	0.0937	0.0103	0.3643	0.3111	0.0532	0.2602	0.0642	0.1960	0.0108	0.0101	0.0007	0.2494	0.0541	0.1953	0.0000	0.0000	0.0000	0.0000	0.0000	0.0000	0.0000	0.0000	0.0000	0.0000	0.0000	0.0000	0.0000	0.0000	0.0000	0.0000	0.0000	0.0000											
24	32	0.1710	2	0	1	1	0	0	0	0	0	N	N	N	N	N	N	N	N	N	N	N	N	0.0000	0.0000	0.0000	0.0000	0.0000	0.0000	0.0000	0.0000	0.0000	0.0000	0.0000	0.0000	0.0000	0.0043	0.0195	0.0000	0.0836	0.0887	0.0000	0.0000	0.0000	0.0000	0.0000	0.0000	-0.0002	4.0000	0.0319	4.9994	1.0050	0.0000	0.0000	0.0000	0.0000	0.0000	0.0000	0.0000	0.0000	0.0000	0.0003	0.0003	0.0000	0.0003	0.0003	0.0000	0.0000	0.0000	0.0000	0.0167	0.0126	0.0042	0.0070	0.0069	0.0001	0.0097	0.0057	0.0041	0.0727	0.0159	0.0569	0.0037	0.0035	0.0002	0.0690	0.0124	0.0567	0.0000	0.0000	0.0000	0.0000	0.0000	0.0000	0.0000	0.0000	0.0000	0.0043	0.0195	0.0000	0.0836	0.0887	0.0000	0.0000	0.0000	0.0000						
24	33	0.1421	3	0	2	0	0	0	0	0	0	N	Y	N	N	N	N	N	N	N	N	N	N	0.0000	0.0000	0.0000	0.0000	0.0000	0.0000	0.0000	0.0000	0.0000	0.0000	0.0000	0.0000	0.0000	0.0000	0.0000	0.0000	0.0000	0.0000	0.0000	0.0000	4.0000	0.0023	4.9994	1.0003	0.0000	0.0000	0.0000	0.0000	0.0000	0.0000	0.0000	0.0000	0.0000	0.0000	0.0000	0.0000	0.0000	0.0000	0.0000	0.0000	0.0000	0.0000	0.0009	0.0009	0.0000	0.0004	0.0004	0.0000	0.0006	0.0005	0.0000	0.0590	0.0142	0.0448	0.0024	0.0023	0.0002	0.0566	0.0119	0.0447	0.0000	0.0000	0.0000	0.0000	0.0000	0.0000	0.0000	0.0000	0.0000	0.0000	0.0000	0.0000	0.0000	0.0000	0.0000	0.0000	0.0000	0.0000											
24	38	0.1421	3	0	1	1	0	0	0	0	0	N	N	N	N	N	N	N	N	N	N	N	N	0.0000	0.0000	0.0000	0.0000	0.0000	0.0000	0.0000	0.0000	0.0000	0.0000	0.0000	0.0000	0.0000	0.0000	0.0000	0.0000	0.0000	0.0000	0.0000	0.0000	4.0000	1.0023	4.9994	0.0007	0.0000	0.0000	0.0000	0.0000	0.0000	0.0000	0.0000	0.0000	0.0000	0.0000	0.0000	0.0000	0.0000	0.0000	0.0000	0.0000	0.0000	0.0000	0.1270	0.1091	0.0180	0.0286	0.0257	0.0029	0.0984	0.0834	0.0150	0.0591	0.0142	0.0449	0.0024	0.0023	0.0002	0.0566	0.0119	0.0447	0.0000	0.0000	0.0000	0.0000	0.0000	0.0000	0.0000	0.0000	0.0000	0.0000	0.0000	0.0000	0.0000	0.0000	0.0000	0.0000	0.0000	0.0000											
24	39	0.1421	2	0	1	0	0	0	0	0	0	N	N	N	N	N	N	N	N	N	N	N	N	0.0000	0.0000	0.0000	0.0000	0.0000	0.0000	0.0000	0.0000	0.0000	0.0000	0.0000	0.0000	0.0000	0.0000	0.0000	0.0000	0.0000	0.0000	0.0000	0.0000	4.0000	0.0347	4.9994	0.0013	0.0000	0.0000	0.0000	0.0000	0.0000	0.0000	0.0000	0.0000	0.0000	0.0000	0.0000	0.0000	0.0000	0.0000	0.0000	0.0000	0.0000	0.0000	0.0136	0.0129	0.0007	0.0055	0.0054	0.0001	0.0080	0.0074	0.0006	0.0024	0.0006	0.0017	0.0002	0.0002	0.0000	0.0022	0.0005	0.0017	0.0000	0.0000	0.0000	0.0000	0.0000	0.0000	0.0000	0.0000	0.0000	0.0000	0.0000	0.0000	0.0000	0.0000	0.0000	0.0000	0.0000	0.0000											
24	41	0.1820	3	0	2	0	0	0	0	0	0	N	Y	N	N	N	N	N	N	N	N	N	N	0.0000	0.0000	0.0000	0.0000	0.0000	0.0000	0.0000	0.0000	0.0000	0.0000	0.0000	0.0000	0.0000	0.0007	0.0035	0.0000	0.0169	0.0182	0.0000	0.0000	0.0000	0.0000	0.0000	0.0000	-0.0001	4.0000	1.0144	4.9994	1.0128	0.0000	0.0000	0.0000	0.0000	0.0000	0.0000	0.0000	0.0000	0.0000	0.0001	0.0001	0.0000	0.0001	0.0001	0.0000	0.0000	0.0000	0.0000	0.1374	0.1207	0.0168	0.0369	0.0339	0.0030	0.1005	0.0868	0.0137	0.1353	0.0286	0.1067	0.0059	0.0055	0.0004	0.1294	0.0231	0.1063	0.0000	0.0000	0.0000	0.0000	0.0000	0.0000	0.0000	0.0000	0.0000	0.0007	0.0035	0.0000	0.0169	0.0182	0.0000	0.0000	0.0000	0.0000						
24	44	0.2665	2	1	2	0	0	0	0	0	0	N	Y	N	N	N	N	N	N	N	N	N	N	0.0000	0.0000	0.0000	0.0000	0.0000	0.0000	0.0000	0.0000	0.0000	0.0000	0.0000	0.0000	0.0000	0.0000	0.0000	0.0000	0.0000	0.0000	0.0000	0.0000	4.0000	2.0000	4.9994	1.0000	0.0000	0.0000	0.0000	0.0000	0.0000	0.0000	0.0000	0.0000	0.0000	0.0000	0.0000	0.0000	0.0000	0.0000	0.0000	0.0000	0.0000	0.0000	0.2195	0.1871	0.0324	0.0099	0.0086	0.0013	0.2095	0.1784	0.0311	0.1509	0.0461	0.1048	0.0212	0.0118	0.0093	0.1297	0.0343	0.0954	0.0000	0.0000	0.0000	0.0000	0.0000	0.0000	0.0000	0.0000	0.0000	0.0000	0.0000	0.0000	0.0000	0.0000	0.0000	0.0000	0.0000	0.0000											
24	45	0.1941	3	0	2	0	1	0	0	0	0	N	Y	N	N	N	N	N	N	N	N	N	N	0.0000	0.0000	0.0000	0.0000	0.0000	0.0000	0.0000	0.0000	0.0000	0.0000	0.0000	0.0000	0.0000	0.0000	0.0000	0.0000	0.0000	0.0000	0.0000	0.0000	4.0000	1.0000	4.9994	0.0000	0.0000	0.0000	0.0000	0.0000	0.0000	0.0000	0.0000	0.0000	0.0000	0.0000	0.0000	0.0000	0.0000	0.0000	0.0000	0.0000	0.0000	0.0000	0.1239	0.1054	0.0185	0.0172	0.0147	0.0025	0.1067	0.0907	0.0160	0.0692	0.0139	0.0553	0.0033	0.0023	0.0010	0.0659	0.0116	0.0543	0.0000	0.0000	0.0000	0.0000	0.0000	0.0000	0.0000	0.0000	0.0000	0.0000	0.0000	0.0000	0.0000	0.0000	0.0000	0.0000	0.0000	0.0000											
24	46	0.1941	3	0	1	0	1	0	0	0	0	N	N	N	N	N	N	N	N	N	N	N	N	0.0000	0.0000	0.0000	0.0000	0.0000	0.0000	0.0000	0.0000	0.0000	0.0000	0.0000	0.0000	0.0000	0.0000	0.0000	0.0000	0.0000	0.0000	0.0000	0.0000	4.0000	0.0000	4.9994	0.0000	0.0000	0.0000	0.0000	0.0000	0.0000	0.0000	0.0000	0.0000	0.0000	0.0000	0.0000	0.0000	0.0000	0.0000	0.0000	0.0000	0.0000	0.0000	0.0000	0.0000	0.0000	0.0000	0.0000	0.0000	0.0000	0.0000	0.0000	0.0000	0.0000	0.0000	0.0000	0.0000	0.0000	0.0000	0.0000	0.0000	0.0000	0.0000	0.0000	0.0000	0.0000	0.0000	0.0000	0.0000	0.0000	0.0000	0.0000	0.0000	0.0000	0.0000	0.0000	0.0000	0.0000	0.0000											
24	47	0.1612	2	0	1	0	1	0	0	0	0	N	N	N	N	N	N	N	N	N	N	N	N	0.0000	0.0000	0.0000	0.0000	0.0000	0.0000	0.0000	0.0000	0.0000	0.0000	0.0000	0.0000	0.0000	0.4214	2.0443	0.0000	1.1942	1.4034	0.0000	0.0000	0.0000	0.0000	0.0000	0.0000	-0.0632	4.0000	2.0873	4.9994	1.9360	0.0000	0.0000	0.0000	0.0000	0.0000	0.0000	0.0000	0.0000	0.0000	0.0940	0.0940	0.0000	0.0940	0.0940	0.0000	0.0000	0.0000	0.0000	0.2531	0.2156	0.0376	0.0312	0.0265	0.0047	0.2219	0.1891	0.0328	0.3705	0.1362	0.2342	0.0787	0.0670	0.0117	0.2918	0.0692	0.2225	0.0000	0.0000	0.0000	0.0000	0.0000	0.0000	0.0000	0.0000	0.0000	0.2537	0.6900	0.0000	1.1942	1.4034	0.0000	0.0000	0.0000	0.0000						
24	51	0.1667	2	1	2	0	0	0	0	0	0	N	Y	N	N	N	N	N	N	N	N	N	N	0.0000	0.0000	0.0000	0.0000	0.0000	0.0000	0.0000	0.0000	0.0000	0.0000	0.0000	0.0000	0.0000	0.0155	0.0942	0.0000	1.0296	1.0519	0.0000	0.0000	0.0000	0.0000	0.0000	0.0000	-0.0023	4.0000	1.0314	4.9994	3.0033	0.0000	0.0000	0.0000	0.0000	0.0000	0.0000	0.0000	0.0000	0.0000	0.0035	0.0035	0.0000	0.0035	0.0035	0.0000	0.0000	0.0000	0.0000	0.1321	0.1109	0.0213	0.0164	0.0155	0.0009	0.1157	0.0954	0.0204	0.2246	0.0542	0.1704	0.0034	0.0033	0.0001	0.2212	0.0509	0.1703	0.0000	0.0000	0.0000	0.0000	0.0000	0.0000	0.0000	0.0000	0.0000	0.0155	0.0643	0.0000	1.0296	1.0519	0.0000	0.0000	0.0000	0.0000						
24	54	0.1820	3	0	1	1	0	0	0	0	0	N	N	N	N	N	N	N	N	N	N	N	N	0.0000	0.0000	0.0000	0.0000	0.0000	0.0000	0.0000	0.0000	0.0000	0.0000	0.0000	0.0000	0.0000	0.0014	0.0068	0.0000	0.0305	0.0325	0.0000	0.0000	0.0000	0.0000	0.0000	0.0000	-0.0001	4.0000	0.0147	4.9994	0.9910	0.0000	0.0000	0.0000	0.0000	0.0000	0.0000	0.0000	0.0000	0.0000	0.0001	0.0001	0.0000	0.0001	0.0001	0.0000	0.0000	0.0000	0.0000	0.0078	0.0059	0.0019	0.0034	0.0034	0.0000	0.0043	0.0025	0.0019	0.0699	0.0148	0.0551	0.0033	0.0031	0.0002	0.0666	0.0117	0.0549	0.0000	0.0000	0.0000	0.0000	0.0000	0.0000	0.0000	0.0000	0.0000	0.0014	0.0068	0.0000	0.0305	0.0325	0.0000	0.0000	0.0000	0.0000						
24	55	0.1710	2	0	1	0	0	0	0	0	0	N	N	N	N	N	N	N	N	N	N	N	N	0.0000	0.0000	0.0000	0.0000	0.0000	0.0000	0.0000	0.0000	0.0000	0.0000	0.0000	0.0000	0.0000	0.0000	0.0000	0.0000	0.0000	0.0031	0.0126	0.0005	0.0509	0.0545	0.0000	0.0009	0.0940	0.0005	0.1389	0.0000	-0.0002	4.0000	0.9556	4.9994	1.0192	0.0000	0.0000	0.0000	0.0000	0.0000	0.0000	0.0000	0.0000	0.0000	0.0004	0.0004	0.0000	0.0003	0.0003	0.0000	0.0001	0.0000	0.0000	0.1365	0.1152	0.0213	0.0281	0.0255	0.0026	0.1084	0.0898	0.0186	0.1328	0.0285	0.1043	0.0061	0.0057	0.0004	0.1268	0.0228	0.1039	0.0000	0.0000	0.0000	0.0000	0.0000	0.0000	0.0000	0.0000	0.0000	0.0031	0.0126	0.0005	0.0509	0.0545	0.0000	0.0008	0.0022	0.0005		
24	58	0.2745	3	0	1	0	0	0	0	0	0	N	N	N	N	N	N	N	N	N	N	N	N	0.0002	0.0001	0.0005	0.0005	0.0002	0.0003	0.0000	0.0017	0.0018	0.0000	0.0000	0.0000	0.0000	0.9287	2.8894	0.0000	3.5123	3.7471	0.0000	0.0000	0.0000	0.0000	0.0000	0.0000	-0.0001	-0.1648	4.0000	10.2575	4.9994	3.8960	0.0003	0.0003	0.0000	0.0003	0.0003	0.0000	0.0000	0.0000	0.0000	0.2452	0.2452	0.0000	0.2452	0.2452	0.0000	0.0000	0.0000	0.0000	1.1423	0.9847	0.1576	0.1550	0.1473	0.0077	0.9873	0.8374	0.1499	0.7736	0.2389	0.5347	0.1008	0.0968	0.0041	0.6728	0.1421	0.5306	0.0007	0.0003	0.0000	0.0007	0.0007	0.0000	0.0000	0.0000	0.0000	0.3170	1.0265	0.0000	2.4323	2.5344	0.0000	0.0000	0.0000	0.0000					
24	59	0.2485	2	1	2	1	0	0	0	0	0	N	Y	N	N	N	N	N	N	N	N	N	N	0.0000	0.0000	0.0000	0.0000	0.0000	0.0000	0.0000	0.0000	0.0000	0.0000	0.0000	0.0000	0.0000	0.0000	0.0000	0.0000	0.0000	0.0000	0.0000	0.0000	4.0000	0.0000	4.9994	0.0000	0.0000	0.0000	0.0000	0.0000	0.0000	0.0000	0.0000	0.0000	0.0000	0.0000	0.0000	0.0000	0.0000	0.0000	0.0000	0.0000	0.0000	0.0000	0.0000	0.0000	0.0000	0.0000	0.0000	0.0000	0.0000	0.0000	0.0000	0.0000	0.0000	0.0000	0.0000	0.0000	0.0000	0.0000	0.0000	0.0000	0.0000	0.0000	0.0000	0.0000	0.0000	0.0000	0.0000	0.0000	0.0000	0.0000	0.0000	0.0000	0.0000	0.0000	0.0000	0.0000	0.0000	0.0000											
24	61	0.2114	2	1	1	1	0	0	0	0	0	N	N	N	N	N	N	N	N	N	N	N	N	0.0000	0.0000	0.0000	0.0000	0.0000	0.0000	0.0000	0.0000	0.0000	0.0000	0.0000	0.0000	0.0000	0.0000	0.0000	0.0000	0.0000	0.0000	0.0000	0.0000	4.0000	2.0000	4.9994	0.0000	0.0000	0.0000	0.0000	0.0000	0.0000	0.0000	0.0000	0.0000	0.0000	0.0000	0.0000	0.0000	0.0000	0.0000	0.0000	0.0000	0.0000	0.0000	0.2063	0.1709	0.0354	0.0164	0.0153	0.0011	0.1899	0.1556	0.0343	0.0905	0.0345	0.0560	0.0466	0.0225	0.0240	0.0440	0.0120	0.0320	0.0000	0.0000	0.0000	0.0000	0.0000	0.0000	0.0000	0.0000	0.0000	0.0000	0.0000	0.0000	0.0000	0.0000	0.0000	0.0000	0.0000	0.0000											
24	64	0.2356	4	0	1	1	0	0	0	0	0	N	N	N	N	N	N	N	N	N	N	N	N	0.0000	0.0000	0.0000	0.0000	0.0000	0.0000	0.0000	0.0000	0.0000	0.0000	0.0000	0.0000	0.0000	0.0000	0.0000	0.0000	0.0000	0.0000	0.0000	0.0000	4.0000	0.0000	4.9994	0.0000	0.0000	0.0000	0.0000	0.0000	0.0000	0.0000	0.0000	0.0000	0.0000	0.0000	0.0000	0.0000	0.0000	0.0000	0.0000	0.0000	0.0000	0.0000	0.0000	0.0000	0.0000	0.0000	0.0000	0.0000	0.0000	0.0000	0.0000	0.0000	0.0000	0.0000	0.0000	0.0000	0.0000	0.0000	0.0000	0.0000	0.0000	0.0000	0.0000	0.0000	0.0000	0.0000	0.0000	0.0000	0.0000	0.0000	0.0000	0.0000	0.0000	0.0000	0.0000	0.0000	0.0000	0.0000											
24	65	0.2113	3	0	1	1	0	0	0	0	0	N	N	N	N	N	N	N	N	N	N	N	N	0.0000	0.0000	0.0000	0.0000	0.0000	0.0000	0.0000	0.0000	0.0000	0.0000	0.0000	0.0000	0.0000	0.0000	0.0000	0.0000	0.0000	0.0000	0.0000	0.0000	4.0000	0.8734	4.9994	1.0002	0.0000	0.0000	0.0000	0.0000	0.0000	0.0000	0.0000	0.0000	0.0000	0.0000	0.0000	0.0000	0.0000	0.0000	0.0000	0.0000	0.0000	0.0000	0.0985	0.0814	0.0171	0.0039	0.0037	0.0002	0.0945	0.0777	0.0169	0.1250	0.0218	0.1032	0.0287	0.0060	0.0227	0.0963	0.0158	0.0805	0.0000	0.0000	0.0000	0.0000	0.0000	0.0000	0.0000	0.0000	0.0000	0.0000	0.0000	0.0000	0.0000	0.0000	0.0000	0.0000	0.0000	0.0000											
24	66	0.1968	2	0	1	0	0	0	0	0	0	N	N	N	N	N	N	N	N	N	N	N	N	0.0008	0.0004	0.0000	0.0000	0.0000	0.0000	0.0028	inf	0.0000	0.0001	0.0001	0.0000	0.0000	0.0000	0.0000	0.0001	0.0001	0.0000	0.1138	0.2970	0.1197	0.3024	0.1749	0.4152	0.0324	0.0000	0.0387	0.0000	3.5936	-0.0000	0.0012	4.0000	1.0063	4.9994	0.0727	0.0000	0.0000	0.0000	0.0000	0.0000	0.0000	0.0000	0.0000	0.0000	0.0106	0.0023	0.0083	0.0085	0.0023	0.0062	0.0021	0.0000	0.0021	0.1148	0.0949	0.0199	0.0052	0.0050	0.0002	0.1096	0.0899	0.0196	0.0928	0.0238	0.0690	0.0280	0.0131	0.0149	0.0648	0.0106	0.0542	0.0008	0.0011	0.0000	0.0000	0.0000	0.0000	0.0028	inf	0.0000	0.1138	0.0967	0.1197	0.3024	0.1749	0.4152	0.0324	0.0000	0.0387
24	72	0.1855	2	0	2	0	0	0	0	0	0	N	Y	N	N	N	N	N	N	N	N	N	N	0.0018	0.0000	0.0122	0.0182	0.0000	inf	0.0014	0.0122	0.0031	0.0000	0.0195	0.0009	0.0000	0.0189	0.0033	0.0000	0.0195	1.7158	0.0340	1.5981	0.0495	0.0495	0.0000	2.2471	0.0000	1.5985	inf	71.3242	0.0010	0.0958	4.0000	4.7764	4.9994	1.3205	0.0016	0.0000	0.0016	0.0000	0.0000	0.0000	0.0015	0.0000	0.0015	0.3050	0.0042	0.3008	0.0042	0.0042	0.0000	0.3008	0.0000	0.3008	0.5113	0.4313	0.0800	0.0445	0.0424	0.0021	0.4668	0.3889	0.0779	0.3123	0.1240	0.1882	0.0852	0.0851	0.0000	0.2271	0.0389	0.1882	0.0031	0.0000	0.0122	0.0182	0.0000	inf	0.0025	0.0000	0.0122	0.9769	0.0340	1.5981	0.0495	0.0495	0.0000	1.3247	0.0000	1.5985	
24	74	0.1877	2	0	2	0	0	0	0	0	0	N	Y	N	N	N	N	N	N	N	N	N	N	0.0000	0.0000	0.0000	0.0000	0.0000	0.0000	0.0000	0.0000	0.0000	0.0000	0.0000	0.0000	0.0000	0.0000	0.0000	0.0000	0.0000	0.0000	0.0000	0.0000	4.0000	0.0000	4.9994	0.0000	0.0000	0.0000	0.0000	0.0000	0.0000	0.0000	0.0000	0.0000	0.0000	0.0000	0.0000	0.0000	0.0000	0.0000	0.0000	0.0000	0.0000	0.0000	0.0000	0.0000	0.0000	0.0000	0.0000	0.0000	0.0000	0.0000	0.0000	0.0000	0.0000	0.0000	0.0000	0.0000	0.0000	0.0000	0.0000	0.0000	0.0000	0.0000	0.0000	0.0000	0.0000	0.0000	0.0000	0.0000	0.0000	0.0000	0.0000	0.0000	0.0000	0.0000	0.0000	0.0000	0.0000	0.0000											
24	76	0.1963	4	1	2	0	1	0	0	0	0	N	Y	N	N	N	N	N	N	N	N	N	N	0.0000	0.0000	0.0000	0.0000	0.0000	0.0000	0.0000	0.0000	0.0000	0.0000	0.0000	0.0000	0.0000	0.0000	0.0000	0.0000	0.0000	0.0000	0.0000	0.0000	4.0000	0.0000	4.9994	0.0000	0.0000	0.0000	0.0000	0.0000	0.0000	0.0000	0.0000	0.0000	0.0000	0.0000	0.0000	0.0000	0.0000	0.0000	0.0000	0.0000	0.0000	0.0000	0.0000	0.0000	0.0000	0.0000	0.0000	0.0000	0.0000	0.0000	0.0000	0.0000	0.0000	0.0000	0.0000	0.0000	0.0000	0.0000	0.0000	0.0000	0.0000	0.0000	0.0000	0.0000	0.0000	0.0000	0.0000	0.0000	0.0000	0.0000	0.0000	0.0000	0.0000	0.0000	0.0000	0.0000	0.0000	0.0000											
24	77	0.1880	3	1	2	0	1	0	0	0	0	N	Y	N	N	N	N	N	N	N	N	N	N	0.0000	0.0000	0.0000	0.0000	0.0000	0.0000	0.0000	0.0000	0.0000	0.0000	0.0000	0.0000	0.0000	0.0000	0.0000	0.0000	0.0015	0.0022	0.0010	0.0065	0.0068	0.0000	0.0007	0.0000	0.0010	0.8000	0.0000	-0.0000	4.0000	1.0073	4.9994	0.3366	0.0000	0.0000	0.0000	0.0000	0.0000	0.0000	0.0000	0.0000	0.0000	0.0001	0.0001	0.0000	0.0001	0.0001	0.0000	0.0000	0.0000	0.0000	0.1140	0.0971	0.0169	0.0095	0.0085	0.0010	0.1045	0.0886	0.0159	0.0616	0.0226	0.0391	0.0076	0.0074	0.0003	0.0540	0.0152	0.0388	0.0000	0.0000	0.0000	0.0000	0.0000	0.0000	0.0000	0.0000	0.0000	0.0015	0.0022	0.0010	0.0065	0.0068	0.0000	0.0007	0.0000	0.0010			
24	78	0.2138	3	0	2	0	1	0	0	0	0	N	Y	N	N	N	N	N	N	N	N	N	N	0.0000	0.0000	0.0000	0.0000	0.0000	0.0000	0.0000	0.0000	0.0000	0.0000	0.0000	0.0000	0.0000	0.0000	0.0000	0.0000	0.0000	0.0000	0.0000	0.0000	4.0000	0.0000	4.9994	0.0000	0.0000	0.0000	0.0000	0.0000	0.0000	0.0000	0.0000	0.0000	0.0000	0.0000	0.0000	0.0000	0.0000	0.0000	0.0000	0.0000	0.0000	0.0000	0.0000	0.0000	0.0000	0.0000	0.0000	0.0000	0.0000	0.0000	0.0000	0.0000	0.0000	0.0000	0.0000	0.0000	0.0000	0.0000	0.0000	0.0000	0.0000	0.0000	0.0000	0.0000	0.0000	0.0000	0.0000	0.0000	0.0000	0.0000	0.0000	0.0000	0.0000	0.0000	0.0000	0.0000	0.0000	0.0000											
24	79	0.2055	2	0	2	0	1	0	0	0	0	N	Y	N	N	N	N	N	N	N	N	N	N	0.0000	0.0000	0.0000	0.0000	0.0000	0.0000	0.0000	0.0000	0.0000	0.0000	0.0000	0.0000	0.0000	0.0000	0.0000	0.0000	0.0000	0.0000	0.0000	0.0000	4.0000	0.0000	4.9994	1.0000	0.0000	0.0000	0.0000	0.0000	0.0000	0.0000	0.0000	0.0000	0.0000	0.0000	0.0000	0.0000	0.0000	0.0000	0.0000	0.0000	0.0000	0.0000	0.0000	0.0000	0.0000	0.0000	0.0000	0.0000	0.0000	0.0000	0.0000	0.0584	0.0181	0.0403	0.0197	0.0067	0.0129	0.0387	0.0113	0.0274	0.0000	0.0000	0.0000	0.0000	0.0000	0.0000	0.0000	0.0000	0.0000	0.0000	0.0000	0.0000	0.0000	0.0000	0.0000	0.0000	0.0000	0.0000											
24	80	0.1880	3	0	2	0	0	0	0	0	0	N	Y	N	N	N	N	N	N	N	N	N	N	0.0000	0.0000	0.0000	0.0000	0.0000	0.0000	0.0000	0.0000	0.0000	0.0000	0.0000	0.0000	0.0000	0.0000	0.0000	0.0000	0.0005	0.0007	0.0003	0.0027	0.0028	0.0000	0.0002	0.0000	0.0003	0.8000	0.0000	-0.0000	4.0000	3.9927	4.9994	1.0002	0.0000	0.0000	0.0000	0.0000	0.0000	0.0000	0.0000	0.0000	0.0000	0.0001	0.0001	0.0000	0.0001	0.0001	0.0000	0.0000	0.0000	0.0000	0.4181	0.3582	0.0599	0.0350	0.0313	0.0037	0.3831	0.3269	0.0562	0.1955	0.0698	0.1256	0.0185	0.0176	0.0009	0.1770	0.0523	0.1247	0.0000	0.0000	0.0000	0.0000	0.0000	0.0000	0.0000	0.0000	0.0000	0.0005	0.0007	0.0003	0.0027	0.0028	0.0000	0.0002	0.0000	0.0003			
24	81	0.1833	2	0	2	0	0	0	0	0	0	N	Y	N	N	N	N	N	N	N	N	N	N	0.0000	0.0000	0.0000	0.0000	0.0000	0.0000	0.0000	0.0000	0.0000	0.0000	0.0000	0.0000	0.0000	0.0000	0.0000	0.0000	0.0032	0.0040	0.0027	0.0166	0.0175	0.0000	0.0047	0.0000	0.0028	1.2500	0.0000	-0.0000	4.0000	0.0110	4.9994	0.6549	0.0000	0.0000	0.0000	0.0000	0.0000	0.0000	0.0000	0.0000	0.0000	0.0001	0.0000	0.0001	0.0000	0.0000	0.0000	0.0001	0.0000	0.0001	0.0013	0.0011	0.0002	0.0001	0.0001	0.0000	0.0012	0.0010	0.0002	0.0282	0.0099	0.0183	0.0024	0.0023	0.0001	0.0258	0.0076	0.0181	0.0000	0.0000	0.0000	0.0000	0.0000	0.0000	0.0000	0.0000	0.0000	0.0032	0.0040	0.0027	0.0166	0.0175	0.0000	0.0019	0.0000	0.0028			
24	82	0.2055	2	0	1	1	1	0	0	0	0	N	N	N	N	N	N	N	N	N	N	N	N	0.0000	0.0000	0.0000	0.0000	0.0000	0.0000	0.0000	0.0000	0.0000	0.0000	0.0000	0.0000	0.0000	0.0000	0.0000	0.0000	0.0000	0.0000	0.0000	0.0000	4.0000	1.0000	4.9994	0.0000	0.0000	0.0000	0.0000	0.0000	0.0000	0.0000	0.0000	0.0000	0.0000	0.0000	0.0000	0.0000	0.0000	0.0000	0.0000	0.0000	0.0000	0.0000	0.1127	0.0959	0.0169	0.0037	0.0032	0.0005	0.1091	0.0927	0.0163	0.0584	0.0181	0.0403	0.0197	0.0067	0.0129	0.0387	0.0113	0.0274	0.0000	0.0000	0.0000	0.0000	0.0000	0.0000	0.0000	0.0000	0.0000	0.0000	0.0000	0.0000	0.0000	0.0000	0.0000	0.0000	0.0000	0.0000											
24	83	0.2055	2	0	1	1	1	0	0	0	0	N	N	N	N	N	N	N	N	N	N	N	N	0.0000	0.0000	0.0000	0.0000	0.0000	0.0000	0.0000	0.0000	0.0000	0.0000	0.0000	0.0000	0.0000	0.0000	0.0000	0.0000	0.0000	0.0000	0.0000	0.0000	4.0000	0.0000	4.9994	0.0000	0.0000	0.0000	0.0000	0.0000	0.0000	0.0000	0.0000	0.0000	0.0000	0.0000	0.0000	0.0000	0.0000	0.0000	0.0000	0.0000	0.0000	0.0000	0.0000	0.0000	0.0000	0.0000	0.0000	0.0000	0.0000	0.0000	0.0000	0.0000	0.0000	0.0000	0.0000	0.0000	0.0000	0.0000	0.0000	0.0000	0.0000	0.0000	0.0000	0.0000	0.0000	0.0000	0.0000	0.0000	0.0000	0.0000	0.0000	0.0000	0.0000	0.0000	0.0000	0.0000	0.0000	0.0000											
24	85	0.2665	2	1	2	0	0	0	0	0	0	N	Y	N	N	N	N	N	N	N	N	N	N	0.0000	0.0000	0.0000	0.0000	0.0000	0.0000	0.0000	0.0000	0.0000	0.0000	0.0000	0.0000	0.0000	0.0000	0.0000	0.0000	0.0000	0.0000	0.0000	0.0000	4.0000	0.0000	4.9994	0.0000	0.0000	0.0000	0.0000	0.0000	0.0000	0.0000	0.0000	0.0000	0.0000	0.0000	0.0000	0.0000	0.0000	0.0000	0.0000	0.0000	0.0000	0.0000	0.0000	0.0000	0.0000	0.0000	0.0000	0.0000	0.0000	0.0000	0.0000	0.0000	0.0000	0.0000	0.0000	0.0000	0.0000	0.0000	0.0000	0.0000	0.0000	0.0000	0.0000	0.0000	0.0000	0.0000	0.0000	0.0000	0.0000	0.0000	0.0000	0.0000	0.0000	0.0000	0.0000	0.0000	0.0000	0.0000											
24	88	0.1833	2	1	2	0	0	0	0	0	0	N	Y	N	N	N	N	N	N	N	N	N	N	0.0000	0.0000	0.0000	0.0000	0.0000	0.0000	0.0000	0.0000	0.0000	0.0000	0.0000	0.0000	0.0000	0.0000	0.0000	0.0000	0.0000	0.0000	0.0000	0.0000	4.0000	0.0000	4.9994	0.0000	0.0000	0.0000	0.0000	0.0000	0.0000	0.0000	0.0000	0.0000	0.0000	0.0000	0.0000	0.0000	0.0000	0.0000	0.0000	0.0000	0.0000	0.0000	0.0000	0.0000	0.0000	0.0000	0.0000	0.0000	0.0000	0.0000	0.0000	0.0000	0.0000	0.0000	0.0000	0.0000	0.0000	0.0000	0.0000	0.0000	0.0000	0.0000	0.0000	0.0000	0.0000	0.0000	0.0000	0.0000	0.0000	0.0000	0.0000	0.0000	0.0000	0.0000	0.0000	0.0000	0.0000	0.0000											
24	91	0.2745	3	0	1	0	0	0	0	0	0	N	N	N	N	N	N	N	N	N	N	N	N	0.0002	0.0001	0.0003	0.0003	0.0002	0.0002	0.0000	0.0017	0.0017	0.0000	0.0000	0.0000	0.0000	1.2042	3.2282	0.0000	5.2705	6.1187	0.0000	0.0000	0.0000	0.0000	0.0000	0.0000	-0.0001	-0.2084	4.0000	11.5137	4.9994	4.9035	0.0003	0.0003	0.0000	0.0003	0.0003	0.0000	0.0000	0.0000	0.0000	0.3100	0.3100	0.0000	0.3100	0.3100	0.0000	0.0000	0.0000	0.0000	1.2263	1.0583	0.1680	0.1569	0.1490	0.0080	1.0694	0.9094	0.1600	0.8191	0.2480	0.5711	0.0969	0.0926	0.0043	0.7222	0.1554	0.5668	0.0006	0.0002	0.0000	0.0005	0.0005	0.0000	0.0000	0.0000	0.0000	0.3785	1.2502	0.0000	3.2003	3.3478	0.0000	0.0000	0.0000	0.0000					
25	27	0.0657	2	0	2	1	1	0	0	0	0	N	Y	N	N	N	N	N	N	N	N	N	N	1613.2151	inf	0.0000	1296.2299	inf	0.0000	0.0000	0.0000	0.0099	0.0114	0.0000	0.0471	0.0521	0.0000	0.0000	0.0000	0.0000	0.0000	0.0000	0.0000	0.0000	0.0000	0.0008	0.0000	0.0000	0.0000	0.0000	inf	-0.0009	0.0000	0.8908	8.0000	1.0730	0.0006	0.0023	0.0023	0.0000	0.0023	0.0023	0.0000	0.0000	0.0000	0.0000	0.0000	0.0000	0.0000	0.0000	0.0000	0.0000	0.0000	0.0000	0.0000	0.2295	0.1987	0.0308	0.0482	0.0436	0.0046	0.1813	0.1551	0.0262	0.1608	0.0548	0.1060	0.0268	0.0256	0.0012	0.1340	0.0292	0.1048	1613.2151	inf	0.0000	1296.2299	inf	0.0000	0.0000	0.0000	0.0000	0.0000	0.0000	0.0000	0.0000	0.0000	0.0008	0.0000	0.0000	0.0000	
25	28	0.1414	3	1	2	1	1	0	0	0	0	N	Y	N	N	N	N	N	N	N	N	N	N	0.2883	0.3389	0.0005	0.1849	0.1337	0.0000	0.3677	inf	0.0000	0.0001	0.0001	0.0000	0.0001	0.0001	0.0000	0.0001	0.0001	0.0000	0.0003	0.0003	0.0003	0.0003	0.0004	0.0000	0.0003	0.0000	0.0005	0.0002	1.1844	-0.0000	-0.0000	0.8908	2.9919	1.0730	1.1331	0.0000	0.0000	0.0000	0.0000	0.0000	0.0000	0.0000	0.0000	0.0000	0.0000	0.0000	0.0000	0.0000	0.0000	0.0000	0.0000	0.0000	0.0000	0.0936	0.0853	0.0083	0.0437	0.0417	0.0020	0.0498	0.0435	0.0063	0.0925	0.0454	0.0471	0.0461	0.0310	0.0151	0.0465	0.0144	0.0321	0.2883	0.3389	0.0005	0.1849	0.1337	0.0000	0.3677	inf	0.0000	0.0003	0.0003	0.0003	0.0003	0.0004	0.0000	0.0003	0.0000	0.0005
25	29	0.0657	2	0	1	1	1	0	0	0	0	N	N	N	N	N	N	N	N	N	N	N	N	3.6971	1.4903	0.3009	1.2029	1.2773	0.0268	1040.9427	7.5236	0.3498	0.0372	0.0433	0.0000	0.0712	0.0792	0.0000	0.0282	0.0331	0.0000	0.0101	0.0290	0.0000	0.0592	0.0620	0.0000	0.0000	0.0044	0.0000	0.0000	0.0021	-0.0022	-0.0013	0.8908	5.0156	1.0730	4.8897	0.0057	0.0057	0.0000	0.0023	0.0023	0.0000	0.0034	0.0034	0.0000	0.0019	0.0019	0.0000	0.0019	0.0019	0.0000	0.0000	0.0000	0.0000	0.1543	0.1327	0.0216	0.0324	0.0292	0.0033	0.1219	0.1036	0.0183	0.1891	0.0654	0.1237	0.0321	0.0306	0.0015	0.1570	0.0348	0.1222	3.6971	1.4903	0.3009	1.2029	1.2773	0.0268	1040.9427	3791.4870	0.3498	0.0101	0.0290	0.0000	0.0592	0.0620	0.0000	0.0000	0.0000	0.0000
25	30	0.0788	3	0	2	1	2	0	0	0	0	N	Y	N	Y	N	N	N	N	N	N	N	N	1.5589	7.5983	114.3156	113.7532	0.0020	0.0096	0.0002	0.0000	0.0017	0.0011	0.0000	0.0267	0.0000	0.0000	0.0000	0.0001	0.0000	0.0002	0.0000	0.0000	0.0002	0.0002	0.0000	0.0002	inf	inf	0.0000	0.0000	0.8908	3.9676	1.0730	1.0007	0.0000	0.0000	0.0000	0.0000	0.0000	0.0000	0.0000	0.0000	0.0000	0.0000	0.0000	0.0000	0.0000	0.0000	0.0000	0.0000	0.0000	0.0000	0.1329	0.1157	0.0172	0.0259	0.0248	0.0011	0.1070	0.0909	0.0161	0.0962	0.0357	0.0606	0.0148	0.0142	0.0006	0.0814	0.0215	0.0599	1.5589	0.0000	7.5983	114.3156	0.0000	113.7532	0.0020	0.0000	0.0096	0.0001	0.0000	0.0002	0.0000	0.0000	0.0002	0.0002	0.0000	0.0002			
25	31	0.0657	2	1	2	1	1	0	0	0	0	N	Y	N	N	N	N	N	N	N	N	N	N	0.0000	0.0000	0.0000	0.0000	0.0000	0.0000	0.0000	0.0000	0.0000	0.0000	0.0000	0.0000	0.0000	0.0001	0.0004	0.0000	0.0007	0.0008	0.0000	0.0000	0.0000	0.0000	0.0000	0.0000	-0.0000	0.8908	5.0000	1.0730	3.0000	0.0000	0.0000	0.0000	0.0000	0.0000	0.0000	0.0000	0.0000	0.0000	0.0000	0.0000	0.0000	0.0000	0.0000	0.0000	0.0000	0.0000	0.0000	0.1539	0.1324	0.0215	0.0324	0.0291	0.0033	0.1215	0.1033	0.0182	0.1608	0.0548	0.1060	0.0268	0.0256	0.0012	0.1339	0.0292	0.1048	0.0000	0.0000	0.0000	0.0000	0.0000	0.0000	0.0000	0.0000	0.0000	0.0001	0.0004	0.0000	0.0007	0.0008	0.0000	0.0000	0.0000	0.0000						
25	32	0.1077	3	0	1	2	1	0	0	0	0	N	N	Y	N	N	N	N	N	N	N	N	N	2.2246	0.0000	5.6627	3.2410	0.0000	19.5036	1.3470	5.2865	0.0098	0.0000	0.0369	0.0021	0.0000	0.3217	0.0150	0.0000	0.0340	0.0044	0.0000	0.0065	0.0007	0.0000	0.0165	0.0111	0.0000	0.0064	inf	14668.9103	0.0000	0.0000	0.8908	0.0319	1.0730	1.0050	0.0000	0.0000	0.0000	0.0000	0.0000	0.0000	0.0000	0.0000	0.0000	0.0001	0.0000	0.0001	0.0000	0.0000	0.0000	0.0001	0.0000	0.0001	0.0045	0.0033	0.0012	0.0018	0.0018	0.0000	0.0026	0.0015	0.0012	0.0261	0.0086	0.0175	0.0038	0.0037	0.0002	0.0223	0.0049	0.0174	2.2246	0.0000	5.6627	3.2410	0.0000	19.5036	2.9839	0.0000	5.2865	0.0044	0.0000	0.0065	0.0007	0.0000	0.0165	0.0050	0.0000	0.0064	
25	33	0.0788	4	0	2	1	1	0	0	0	0	N	Y	N	N	N	N	N	N	N	N	N	N	0.8412	inf	2.8134	16.0227	inf	0.0000	0.5565	inf	2.9611	0.0005	0.0004	0.0027	0.0007	0.0007	0.0000	0.0004	0.0002	0.0029	0.0006	0.0000	0.0010	0.0000	0.0000	0.0010	0.0007	0.0000	0.0010	0.3861	inf	-0.0000	0.0000	0.8908	0.0023	1.0730	1.0003	0.0000	0.0000	0.0000	0.0000	0.0000	0.0000	0.0000	0.0000	0.0000	0.0000	0.0000	0.0000	0.0000	0.0000	0.0000	0.0000	0.0000	0.0000	0.0002	0.0002	0.0000	0.0001	0.0001	0.0000	0.0001	0.0001	0.0000	0.0217	0.0079	0.0139	0.0033	0.0032	0.0001	0.0185	0.0047	0.0137	0.8412	inf	2.8134	16.0227	inf	0.0000	0.5565	inf	2.9611	0.0006	0.0000	0.0010	0.0000	0.0000	0.0010	0.0007	0.0000	0.0010
25	34	0.0657	2	1	1	2	1	0	0	0	0	N	N	Y	N	N	N	N	N	N	N	N	N	0.0000	0.0000	0.0000	0.0000	0.0000	0.0000	0.0000	0.0000	0.0000	0.0000	0.0000	0.0000	0.0000	0.0000	0.0000	0.0000	0.0000	0.0609	0.8988	0.0000	0.3650	0.3822	0.0008	0.0000	0.0000	0.0000	0.0001	0.0000	-0.0066	0.8908	3.0000	1.0730	5.0006	0.0000	0.0000	0.0000	0.0000	0.0000	0.0000	0.0000	0.0000	0.0000	0.0098	0.0098	0.0000	0.0098	0.0098	0.0000	0.0000	0.0000	0.0000	0.0970	0.0830	0.0139	0.0204	0.0183	0.0021	0.0766	0.0648	0.0118	0.1608	0.0548	0.1060	0.0268	0.0256	0.0012	0.1340	0.0292	0.1048	0.0000	0.0000	0.0000	0.0000	0.0000	0.0000	0.0000	0.0000	0.0000	0.0609	0.1787	0.0000	0.3650	0.3822	0.0008	0.0000	0.0000	0.0000		
25	35	0.0657	2	0	2	1	2	0	0	0	0	N	Y	N	Y	N	N	N	N	N	N	N	N	13.6249	inf	0.5987	0.5769	inf	0.0779	14.2121	inf	0.6934	9.1283	10.6176	0.2519	0.0108	0.0082	0.0327	11.5576	13.6080	0.2918	0.6700	0.0000	0.4208	0.0187	0.0000	0.4191	0.8132	0.0000	0.4208	0.0040	inf	-0.3377	0.0101	0.8908	3.0000	1.0730	2.0006	0.8853	0.8818	0.0035	0.0002	0.0001	0.0001	0.8851	0.8816	0.0034	0.0307	0.0000	0.0307	0.0003	0.0000	0.0003	0.0304	0.0000	0.0304	0.0970	0.0830	0.0139	0.0204	0.0183	0.0021	0.0766	0.0648	0.0118	0.1092	0.0363	0.0729	0.0177	0.0169	0.0008	0.0915	0.0194	0.0721	32.4932	inf	0.5987	0.5769	inf	0.0779	34.8459	inf	0.6934	0.2809	0.0000	0.4208	0.0187	0.0000	0.4191	0.3317	0.0000	0.4208
25	36	0.0657	2	1	1	2	1	0	0	0	0	N	N	Y	N	N	N	N	N	N	N	N	N	0.0321	0.0044	0.0000	0.0257	0.0274	0.0000	0.0000	0.0000	0.0071	0.0082	0.0000	0.0335	0.0374	0.0000	0.0000	0.0000	0.0000	0.2196	1.8690	0.0000	1.3041	1.3661	0.0007	0.0000	0.0000	0.0000	0.0000	0.0000	-0.0003	-0.0260	0.8908	4.0000	1.0730	5.0006	0.0009	0.0009	0.0000	0.0009	0.0009	0.0000	0.0000	0.0000	0.0000	0.0387	0.0387	0.0000	0.0387	0.0387	0.0000	0.0000	0.0000	0.0000	0.1261	0.1083	0.0179	0.0265	0.0238	0.0027	0.0996	0.0845	0.0151	0.1760	0.0605	0.1156	0.0296	0.0283	0.0013	0.1464	0.0322	0.1142	0.0321	0.0129	0.0000	0.0257	0.0274	0.0000	0.0000	0.0000	0.0000	0.2196	0.6392	0.0000	1.3041	1.3661	0.0007	0.0000	0.0000	0.0000	
25	37	0.0657	2	1	1	2	1	0	0	0	0	N	N	Y	N	N	N	N	N	N	N	N	N	0.0456	0.0061	0.0000	0.0359	0.0383	0.0000	0.0000	0.0000	0.0092	0.0107	0.0000	0.0436	0.0487	0.0000	0.0000	0.0000	0.0000	0.2011	1.7505	0.0000	1.2164	1.2737	0.0009	0.0000	0.0000	0.0000	0.0000	0.0000	-0.0003	-0.0195	0.8908	3.0000	1.0730	4.0006	0.0009	0.0009	0.0000	0.0009	0.0009	0.0000	0.0000	0.0000	0.0000	0.0291	0.0291	0.0000	0.0291	0.0291	0.0000	0.0000	0.0000	0.0000	0.0970	0.0830	0.0139	0.0204	0.0183	0.0021	0.0766	0.0648	0.0118	0.1446	0.0489	0.0957	0.0239	0.0228	0.0011	0.1207	0.0260	0.0946	0.0456	0.0180	0.0000	0.0359	0.0383	0.0000	0.0000	0.0000	0.0000	0.2011	0.5948	0.0000	1.2164	1.2737	0.0009	0.0000	0.0000	0.0000	
25	38	0.0788	4	0	1	2	1	0	0	0	0	N	N	Y	N	N	N	N	N	N	N	N	N	0.0056	inf	0.0074	0.2204	inf	0.0000	0.0028	inf	0.0077	0.0000	0.0000	0.0000	0.0000	0.0000	0.0000	0.0000	0.0000	0.0000	0.0006	0.0000	0.0010	0.0000	0.0000	0.0010	0.0007	0.0000	0.0010	0.3861	inf	-0.0000	0.0000	0.8908	1.0023	1.0730	0.0007	0.0000	0.0000	0.0000	0.0000	0.0000	0.0000	0.0000	0.0000	0.0000	0.0000	0.0000	0.0000	0.0000	0.0000	0.0000	0.0000	0.0000	0.0000	0.0360	0.0311	0.0049	0.0069	0.0066	0.0003	0.0291	0.0245	0.0046	0.0218	0.0079	0.0139	0.0033	0.0032	0.0001	0.0185	0.0047	0.0137	0.0056	inf	0.0074	0.2204	inf	0.0000	0.0028	inf	0.0077	0.0006	0.0000	0.0010	0.0000	0.0000	0.0010	0.0007	0.0000	0.0010
25	39	0.0788	3	0	1	1	1	0	0	0	0	N	N	N	N	N	N	N	N	N	N	N	N	0.0122	0.0095	0.0228	0.0128	0.0115	0.5662	0.0018	inf	0.0083	0.0003	0.0003	0.0005	0.0008	0.0008	0.0056	0.0000	0.0000	0.0002	0.0279	0.0346	0.0234	0.0642	0.0682	0.0098	0.0225	0.0000	0.0237	0.0921	1.0000	-0.0000	-0.0000	0.8908	0.0347	1.0730	0.0013	0.0000	0.0000	0.0000	0.0000	0.0000	0.0000	0.0000	0.0000	0.0000	0.0000	0.0000	0.0000	0.0000	0.0000	0.0000	0.0000	0.0000	0.0000	0.0035	0.0033	0.0002	0.0013	0.0013	0.0000	0.0021	0.0019	0.0002	0.0010	0.0004	0.0006	0.0002	0.0002	0.0000	0.0008	0.0002	0.0006	0.0122	0.0095	0.0228	0.0128	0.0115	0.5662	0.0022	inf	0.0083	0.0279	0.0346	0.0234	0.0642	0.0682	0.0098	0.0177	0.0000	0.0237
25	40	0.0657	2	0	1	1	1	0	0	0	0	N	N	N	N	N	N	N	N	N	N	N	N	0.0441	inf	0.4677	0.2001	inf	0.0611	0.0476	inf	0.5412	0.0315	0.0041	0.1978	0.0038	0.0012	0.0258	0.0389	0.0049	0.2289	0.7151	0.0000	0.4229	0.0188	0.0000	0.4215	0.8184	0.0000	0.4229	7.9958	inf	0.0020	0.0101	0.8908	3.9674	1.0730	1.0003	0.0039	0.0004	0.0035	0.0001	0.0000	0.0001	0.0038	0.0004	0.0034	0.0307	0.0000	0.0307	0.0003	0.0000	0.0003	0.0303	0.0000	0.0303	0.1252	0.1075	0.0177	0.0263	0.0236	0.0027	0.0989	0.0838	0.0150	0.1086	0.0361	0.0725	0.0176	0.0168	0.0008	0.0910	0.0193	0.0717	0.1117	inf	0.4677	0.2001	inf	0.0611	0.1168	inf	0.5412	0.2824	0.0000	0.4229	0.0188	0.0000	0.4215	0.3334	0.0000	0.4229
25	41	0.1187	4	0	2	1	1	0	0	0	0	N	Y	N	N	N	N	N	N	N	N	N	N	8.2606	inf	0.0000	347.8201	inf	0.0000	0.0000	0.0000	0.0005	0.0006	0.0000	0.0022	0.0023	0.0000	0.0000	0.0000	0.0000	0.0001	0.0000	0.0001	0.0000	0.0000	0.0001	0.0001	0.0000	0.0001	0.0000	inf	-0.0000	0.0000	0.8908	1.0144	1.0730	1.0128	0.0000	0.0000	0.0000	0.0000	0.0000	0.0000	0.0000	0.0000	0.0000	0.0000	0.0000	0.0000	0.0000	0.0000	0.0000	0.0000	0.0000	0.0000	0.0386	0.0341	0.0046	0.0090	0.0086	0.0003	0.0296	0.0254	0.0042	0.0482	0.0156	0.0327	0.0066	0.0064	0.0003	0.0416	0.0092	0.0324	8.2606	inf	0.0000	347.8201	inf	0.0000	0.0000	0.0000	0.0000	0.0001	0.0000	0.0001	0.0000	0.0000	0.0001	0.0001	0.0000	0.0001	
25	42	0.0657	2	1	2	2	1	0	0	0	0	N	Y	Y	N	N	N	N	N	N	N	N	N	0.0000	0.0000	0.0000	0.0000	0.0000	0.0000	0.0000	0.0000	0.0000	0.0000	0.0000	0.0000	0.0000	0.0154	0.0459	0.0000	0.0939	0.0983	0.0000	0.0000	0.0000	0.0000	0.0000	0.0000	-0.0013	0.8908	3.0000	1.0730	2.9994	0.0000	0.0000	0.0000	0.0000	0.0000	0.0000	0.0000	0.0000	0.0000	0.0020	0.0020	0.0000	0.0020	0.0020	0.0000	0.0000	0.0000	0.0000	0.0970	0.0830	0.0139	0.0204	0.0183	0.0021	0.0766	0.0648	0.0118	0.1274	0.0427	0.0847	0.0209	0.0199	0.0009	0.1065	0.0228	0.0838	0.0000	0.0000	0.0000	0.0000	0.0000	0.0000	0.0000	0.0000	0.0000	0.0154	0.0459	0.0000	0.0939	0.0983	0.0000	0.0000	0.0000	0.0000						
25	43	0.0657	2	1	2	2	1	0	0	0	0	N	Y	Y	N	N	N	N	N	N	N	N	N	0.0422	0.0049	0.0338	0.0359	0.0071	0.0082	0.0000	0.0335	0.0374	0.0000	0.0000	0.0000	0.0000	0.1674	1.6707	0.0000	0.9938	1.0411	0.0000	0.0000	0.0000	0.0000	0.0000	0.0000	-0.0003	-0.0198	0.8908	4.0000	1.0730	4.9994	0.0009	0.0009	0.0000	0.0009	0.0009	0.0000	0.0000	0.0000	0.0000	0.0295	0.0295	0.0000	0.0295	0.0295	0.0000	0.0000	0.0000	0.0000	0.1261	0.1083	0.0179	0.0265	0.0238	0.0027	0.0996	0.0845	0.0151	0.1760	0.0605	0.1156	0.0296	0.0283	0.0013	0.1464	0.0322	0.1142	0.0422	0.0169	0.0000	0.0338	0.0359	0.0000	0.0000	0.0000	0.0000	0.1674	0.4871	0.0000	0.9938	1.0411	0.0000	0.0000	0.0000	0.0000					
25	44	0.2032	3	1	2	1	1	0	0	0	0	N	Y	N	N	N	N	N	N	N	N	N	N	0.0015	0.0002	0.0031	0.0027	0.0002	0.0002	0.0000	0.0010	0.0011	0.0000	0.0000	0.0000	0.0000	0.1098	1.1175	0.0000	0.3289	0.4093	0.0000	0.0000	0.0000	0.0000	0.0000	0.0000	-0.0000	-0.0046	0.8908	2.0000	1.0730	1.0000	0.0000	0.0000	0.0000	0.0000	0.0000	0.0000	0.0000	0.0000	0.0000	0.0068	0.0068	0.0000	0.0068	0.0068	0.0000	0.0000	0.0000	0.0000	0.0610	0.0523	0.0087	0.0097	0.0091	0.0006	0.0513	0.0432	0.0080	0.0623	0.0296	0.0327	0.0208	0.0167	0.0041	0.0415	0.0129	0.0286	0.0015	0.0008	0.0000	0.0031	0.0027	0.0000	0.0000	0.0000	0.0000	0.1098	0.2310	0.0000	0.3289	0.4093	0.0000	0.0000	0.0000	0.0000					
25	45	0.1308	4	0	2	1	2	0	0	0	0	N	Y	N	Y	N	N	N	N	N	N	N	N	0.0000	0.0000	0.0000	0.0000	0.0000	0.0000	0.0000	0.0000	0.0000	0.0000	0.0000	0.0000	0.0000	0.0000	0.0000	0.0000	0.0000	0.0000	0.0000	0.0000	0.8908	1.0000	1.0730	0.0000	0.0000	0.0000	0.0000	0.0000	0.0000	0.0000	0.0000	0.0000	0.0000	0.0000	0.0000	0.0000	0.0000	0.0000	0.0000	0.0000	0.0000	0.0000	0.0352	0.0302	0.0050	0.0041	0.0039	0.0002	0.0311	0.0263	0.0048	0.0250	0.0083	0.0168	0.0050	0.0043	0.0007	0.0200	0.0040	0.0160	0.0000	0.0000	0.0000	0.0000	0.0000	0.0000	0.0000	0.0000	0.0000	0.0000	0.0000	0.0000	0.0000	0.0000	0.0000	0.0000	0.0000	0.0000											
25	46	0.1308	4	0	1	1	2	0	0	0	0	N	N	N	Y	N	N	N	N	N	N	N	N	0.0000	0.0000	0.0000	0.0000	0.0000	0.0000	0.0000	0.0000	0.0000	0.0000	0.0000	0.0000	0.0000	0.0000	0.0000	0.0000	0.0000	0.0000	0.0000	0.0000	0.8908	0.0000	1.0730	0.0000	0.0000	0.0000	0.0000	0.0000	0.0000	0.0000	0.0000	0.0000	0.0000	0.0000	0.0000	0.0000	0.0000	0.0000	0.0000	0.0000	0.0000	0.0000	0.0000	0.0000	0.0000	0.0000	0.0000	0.0000	0.0000	0.0000	0.0000	0.0000	0.0000	0.0000	0.0000	0.0000	0.0000	0.0000	0.0000	0.0000	0.0000	0.0000	0.0000	0.0000	0.0000	0.0000	0.0000	0.0000	0.0000	0.0000	0.0000	0.0000	0.0000	0.0000	0.0000	0.0000	0.0000	0.0000											
25	47	0.0979	3	0	1	1	2	0	0	0	0	N	N	N	Y	N	N	N	N	N	N	N	N	0.0001	0.0000	0.0657	0.0000	0.0000	0.0161	0.0002	0.0000	0.1131	0.0000	0.0000	0.0002	0.0000	0.0000	0.0002	0.0000	0.0000	0.0002	0.1680	1.4642	0.0024	0.2537	0.2918	0.0127	0.1224	3.9217	0.0014	inf	0.0076	0.0000	-0.0169	0.8908	2.0873	1.0730	1.9360	0.0000	0.0000	0.0000	0.0000	0.0000	0.0000	0.0000	0.0000	0.0000	0.0254	0.0252	0.0002	0.0133	0.0132	0.0001	0.0121	0.0120	0.0001	0.0720	0.0618	0.0101	0.0077	0.0074	0.0003	0.0642	0.0544	0.0098	0.1512	0.0721	0.0791	0.0525	0.0453	0.0072	0.0987	0.0267	0.0720	0.0001	0.0000	0.0657	0.0000	0.0000	0.0161	0.0002	0.0000	0.1131	0.1680	0.3497	0.0024	0.2537	0.2918	0.0127	0.1224	0.4478	0.0014
25	48	0.0657	2	0	1	1	2	0	0	0	0	N	N	N	Y	N	N	N	N	N	N	N	N	0.1543	0.0000	1.0606	0.1135	0.0002	0.1377	0.1640	0.0000	1.2275	0.0284	0.0000	0.2000	0.0027	0.0000	0.0261	0.0352	0.0000	0.2315	0.1838	0.8735	0.1886	0.0237	0.0160	0.1892	0.2147	3.6714	0.1886	34062.3350	2.1842	0.0022	0.0003	0.8908	3.9129	1.0730	0.7267	0.0035	0.0000	0.0035	0.0001	0.0000	0.0001	0.0034	0.0000	0.0034	0.0188	0.0059	0.0129	0.0004	0.0003	0.0001	0.0184	0.0057	0.0128	0.1237	0.1061	0.0175	0.0260	0.0233	0.0027	0.0976	0.0828	0.0149	0.1024	0.0339	0.0685	0.0165	0.0158	0.0007	0.0858	0.0181	0.0677	0.1543	0.0000	1.0606	0.1135	0.0002	0.1377	0.1640	0.0000	1.2275	0.1838	0.1743	0.1886	0.0237	0.0160	0.1892	0.2147	0.3124	0.1886
25	49	0.0657	2	0	2	2	1	0	0	0	0	N	Y	Y	N	N	N	N	N	N	N	N	N	1.5261	0.6134	0.0000	1.2337	1.3081	0.0000	0.0000	0.0000	0.0126	0.0146	0.0000	0.0599	0.0665	0.0000	0.0000	0.0000	0.0000	0.0082	0.0238	0.0000	0.0485	0.0508	0.0007	0.0000	0.0000	0.0000	0.0000	0.0006	-0.0009	-0.0011	0.8908	6.0000	1.0730	4.0006	0.0023	0.0023	0.0000	0.0023	0.0023	0.0000	0.0000	0.0000	0.0000	0.0016	0.0016	0.0000	0.0016	0.0016	0.0000	0.0000	0.0000	0.0000	0.1803	0.1555	0.0249	0.0379	0.0341	0.0038	0.1424	0.1213	0.0211	0.1904	0.0660	0.1245	0.0324	0.0309	0.0015	0.1581	0.0351	0.1230	1.5261	0.6134	0.0000	1.2337	1.3081	0.0000	0.0000	0.0000	0.0000	0.0082	0.0238	0.0000	0.0485	0.0508	0.0007	0.0000	0.0000	0.0000	
25	50	0.0657	2	1	1	2	1	0	0	0	0	N	N	Y	N	N	N	N	N	N	N	N	N	549.3914	0.5551	4159287.6526	1.1899	1.1827	55.0741	80920865.0359	426211857.4113	4.9026	0.0144	35.4737	0.0631	0.0656	0.0399	6.1906	0.0000	41.7945	0.0089	0.0260	0.0000	0.0530	0.0555	0.0007	0.0000	0.0000	0.0000	393.6429	0.0006	0.5410	-0.0011	0.8908	6.0000	1.0730	3.0006	0.8840	0.0022	0.8818	0.0024	0.0022	0.0001	0.8816	0.0000	0.8816	0.0016	0.0016	0.0000	0.0016	0.0016	0.0000	0.0000	0.0000	0.0000	0.1803	0.1555	0.0249	0.0379	0.0341	0.0038	0.1424	0.1213	0.0211	0.1760	0.0605	0.1156	0.0296	0.0283	0.0013	0.1464	0.0322	0.1142	549.3914	0.5551	4159287.6526	1.1899	1.1827	55.0741	80920865.0359	0.0000	426211857.4113	0.0089	0.0260	0.0000	0.0530	0.0555	0.0007	0.0000	0.0000	0.0000	
25	51	0.1035	3	1	2	1	1	0	0	0	0	N	Y	N	N	N	N	N	N	N	N	N	N	145.9025	182.6789	0.0333	213.6624	260.0400	0.0022	0.0093	0.0002	0.0424	0.0619	0.0723	0.0000	0.1943	0.2174	0.0000	0.0000	0.0000	0.0000	0.0004	0.0004	0.0004	0.0009	0.0008	0.0025	0.0003	0.0005	0.0004	0.0000	1.8120	-0.0009	-0.0000	0.8908	1.0314	1.0730	3.0033	0.0024	0.0024	0.0000	0.0024	0.0024	0.0000	0.0000	0.0000	0.0000	0.0000	0.0000	0.0000	0.0000	0.0000	0.0000	0.0000	0.0000	0.0000	0.0380	0.0326	0.0055	0.0121	0.0108	0.0013	0.0259	0.0218	0.0042	0.0813	0.0310	0.0503	0.0153	0.0147	0.0007	0.0660	0.0163	0.0497	145.9025	182.6789	0.0333	213.6624	260.0400	0.0022	0.0093	0.4115	0.0424	0.0004	0.0004	0.0004	0.0009	0.0008	0.0025	0.0003	0.0000	0.0004
25	52	0.0657	2	1	2	1	1	0	0	0	0	N	Y	N	N	N	N	N	N	N	N	N	N	65.2474	29.0190	0.0000	0.6972	0.7735	0.0000	735.4521	inf	0.0000	0.0155	0.0181	0.0000	0.0009	0.0010	0.0000	0.0194	0.0229	0.0000	0.0002	0.0006	0.0000	0.0013	0.0013	0.0013	0.0000	0.0000	0.0000	0.0000	0.1507	-0.0009	-0.0000	0.8908	4.9791	1.0730	0.0710	0.0024	0.0024	0.0000	0.0000	0.0000	0.0000	0.0024	0.0024	0.0000	0.0000	0.0000	0.0000	0.0000	0.0000	0.0000	0.0000	0.0000	0.0000	0.1533	0.1319	0.0214	0.0322	0.0290	0.0033	0.1211	0.1029	0.0182	0.1101	0.0366	0.0735	0.0179	0.0171	0.0008	0.0923	0.0195	0.0727	65.2474	29.0190	0.0000	0.6972	0.7735	0.0000	735.4521	inf	0.0000	0.0002	0.0006	0.0000	0.0013	0.0013	0.0013	0.0000	0.0000	0.0000
25	53	0.0657	2	0	2	1	1	0	0	0	0	N	Y	N	N	N	N	N	N	N	N	N	N	1.5261	0.6134	0.0000	1.2337	1.3081	0.0000	0.0000	0.0000	0.0126	0.0146	0.0000	0.0599	0.0665	0.0000	0.0000	0.0000	0.0000	0.0082	0.0238	0.0000	0.0485	0.0508	0.0007	0.0000	0.0000	0.0000	0.0000	0.0006	-0.0009	-0.0011	0.8908	6.0000	1.0730	4.0006	0.0023	0.0023	0.0000	0.0023	0.0023	0.0000	0.0000	0.0000	0.0000	0.0016	0.0016	0.0000	0.0016	0.0016	0.0000	0.0000	0.0000	0.0000	0.1803	0.1555	0.0249	0.0379	0.0341	0.0038	0.1424	0.1213	0.0211	0.1904	0.0660	0.1245	0.0324	0.0309	0.0015	0.1581	0.0351	0.1230	1.5261	0.6134	0.0000	1.2337	1.3081	0.0000	0.0000	0.0000	0.0000	0.0082	0.0238	0.0000	0.0485	0.0508	0.0007	0.0000	0.0000	0.0000	
25	54	0.1187	4	0	1	2	1	0	0	0	0	N	N	Y	N	N	N	N	N	N	N	N	N	18.4487	10.2888	0.0000	7.6701	7.4368	0.0000	0.0000	0.0000	0.0095	0.0128	0.0000	0.0222	0.0223	0.0000	0.0000	0.0000	0.0000	0.0005	0.0012	0.0002	0.0029	0.0030	0.0003	0.0001	0.0000	0.0002	0.0000	0.2863	-0.0000	-0.0000	0.8908	0.0147	1.0730	0.9910	0.0000	0.0000	0.0000	0.0000	0.0000	0.0000	0.0000	0.0000	0.0000	0.0000	0.0000	0.0000	0.0000	0.0000	0.0000	0.0000	0.0000	0.0000	0.0021	0.0015	0.0005	0.0009	0.0009	0.0000	0.0012	0.0007	0.0005	0.0248	0.0080	0.0168	0.0034	0.0033	0.0001	0.0214	0.0047	0.0167	18.4487	10.2888	0.0000	7.6701	7.4368	0.0000	0.0000	0.0000	0.0000	0.0005	0.0012	0.0002	0.0029	0.0030	0.0003	0.0001	0.0000	0.0002	
25	55	0.1077	3	0	1	1	1	0	0	0	0	N	N	N	N	N	N	N	N	N	N	N	N	13.6080	207.9939	0.0977	233.5623	426.9701	0.0542	0.0084	0.0974	0.0335	0.0394	0.0003	0.1876	0.1944	0.0005	0.0001	0.0000	0.0003	0.0025	0.0002	0.0036	0.0008	0.0005	0.0089	0.0072	0.0000	0.0035	0.0016	38.7986	-0.0005	0.0000	0.8908	0.9556	1.0730	1.0192	0.0013	0.0013	0.0000	0.0013	0.0013	0.0000	0.0000	0.0000	0.0000	0.0001	0.0000	0.0001	0.0000	0.0000	0.0000	0.0001	0.0000	0.0001	0.0382	0.0324	0.0058	0.0068	0.0066	0.0002	0.0314	0.0258	0.0055	0.0476	0.0155	0.0321	0.0068	0.0065	0.0003	0.0409	0.0091	0.0318	13.6080	207.9939	0.0977	233.5623	426.9701	0.0542	0.0221	0.0000	0.0974	0.0025	0.0002	0.0036	0.0008	0.0005	0.0089	0.0027	0.0000	0.0035	
25	56	0.0657	2	0	1	1	1	0	0	0	0	N	N	N	N	N	N	N	N	N	N	N	N	0.1520	1.6547	0.6953	0.3342	3.8686	0.0923	0.0809	0.0000	0.8050	0.0363	0.0005	0.2495	0.0054	0.0023	0.0324	0.0445	0.0000	0.2890	0.2387	0.0003	0.3589	0.0163	0.0006	0.3507	0.5498	0.0113	0.3590	83.3176	2344.2017	0.0021	0.0100	0.8908	3.0309	1.0730	3.0097	0.0036	0.0000	0.0035	0.0001	0.0000	0.0001	0.0034	0.0000	0.0034	0.0306	0.0000	0.0306	0.0003	0.0000	0.0003	0.0302	0.0000	0.0302	0.0979	0.0838	0.0141	0.0206	0.0184	0.0022	0.0773	0.0654	0.0119	0.1281	0.0430	0.0852	0.0210	0.0200	0.0009	0.1071	0.0229	0.0842	0.1520	1.6547	0.6953	0.3342	3.8686	0.0923	0.1576	0.0099	0.8050	0.2387	0.0003	0.3589	0.0163	0.0006	0.3507	0.2822	0.0001	0.3590
25	57	0.0657	2	0	1	1	1	0	0	0	0	N	N	N	N	N	N	N	N	N	N	N	N	0.1184	0.0468	0.0000	0.0921	0.0992	0.0000	0.0000	0.0000	0.0001	0.0001	0.0000	0.0005	0.0005	0.0000	0.0000	0.0000	0.0000	0.0009	0.0026	0.0000	0.0053	0.0055	0.0010	0.0000	0.0000	0.0000	0.0000	0.0090	-0.0000	-0.0001	0.8908	3.0000	1.0730	3.0006	0.0000	0.0000	0.0000	0.0000	0.0000	0.0000	0.0000	0.0000	0.0000	0.0001	0.0001	0.0000	0.0001	0.0001	0.0000	0.0000	0.0000	0.0000	0.0970	0.0830	0.0139	0.0204	0.0183	0.0021	0.0766	0.0648	0.0118	0.1274	0.0427	0.0847	0.0209	0.0199	0.0009	0.1066	0.0228	0.0838	0.1184	0.0468	0.0000	0.0921	0.0992	0.0000	0.0000	0.0000	0.0000	0.0009	0.0026	0.0000	0.0053	0.0055	0.0010	0.0000	0.0000	0.0000	
25	58	0.2112	4	0	1	1	1	0	0	0	0	N	N	N	N	N	N	N	N	N	N	N	N	0.0162	0.0057	0.1052	0.0692	0.0744	0.0569	0.0052	0.0000	0.0571	0.0004	0.0002	0.0017	0.0009	0.0005	0.0057	0.0001	0.0000	0.0008	0.0222	0.0306	0.0161	0.0129	0.0066	0.1007	0.0258	2.6099	0.0133	1.3347	0.7116	0.0000	-0.0016	0.8908	10.2575	1.0730	3.8960	0.0001	0.0000	0.0001	0.0001	0.0000	0.0000	0.0000	0.0000	0.0000	0.0062	0.0036	0.0026	0.0010	0.0005	0.0005	0.0052	0.0032	0.0021	0.3174	0.2787	0.0387	0.0952	0.0879	0.0072	0.2223	0.1908	0.0315	0.2796	0.1185	0.1610	0.0766	0.0715	0.0051	0.2030	0.0471	0.1559	0.0162	0.0057	0.1052	0.0692	0.0744	0.0569	0.0052	0.0004	0.0571	0.0222	0.0306	0.0161	0.0129	0.0066	0.1007	0.0258	0.0671	0.0133
25	59	0.1853	3	1	2	2	1	0	0	0	0	N	Y	Y	N	N	N	N	N	N	N	N	N	0.0000	0.0000	0.0000	0.0000	0.0000	0.0000	0.0000	0.0000	0.0000	0.0000	0.0000	0.0000	0.0000	0.0000	0.0000	0.0000	0.0000	0.0000	0.0000	0.0000	0.8908	0.0000	1.0730	0.0000	0.0000	0.0000	0.0000	0.0000	0.0000	0.0000	0.0000	0.0000	0.0000	0.0000	0.0000	0.0000	0.0000	0.0000	0.0000	0.0000	0.0000	0.0000	0.0000	0.0000	0.0000	0.0000	0.0000	0.0000	0.0000	0.0000	0.0000	0.0000	0.0000	0.0000	0.0000	0.0000	0.0000	0.0000	0.0000	0.0000	0.0000	0.0000	0.0000	0.0000	0.0000	0.0000	0.0000	0.0000	0.0000	0.0000	0.0000	0.0000	0.0000	0.0000	0.0000	0.0000	0.0000	0.0000											
25	60	0.0657	2	1	1	2	1	0	0	0	0	N	N	Y	N	N	N	N	N	N	N	N	N	0.6769	0.2408	0.5523	0.5839	0.0110	0.0128	0.0000	0.0526	0.0582	0.0000	0.0000	0.0000	0.0000	0.0163	0.0531	0.0000	0.0952	0.0998	0.0000	0.0000	0.0000	0.0000	0.0000	0.0000	-0.0009	-0.0022	0.8908	7.0000	1.0730	3.9994	0.0023	0.0023	0.0000	0.0023	0.0023	0.0000	0.0000	0.0000	0.0000	0.0033	0.0033	0.0000	0.0033	0.0033	0.0000	0.0000	0.0000	0.0000	0.2055	0.1775	0.0280	0.0432	0.0390	0.0042	0.1623	0.1386	0.0237	0.2040	0.0712	0.1328	0.0350	0.0334	0.0016	0.1690	0.0378	0.1312	0.6769	0.2735	0.0000	0.5523	0.5839	0.0000	0.0000	0.0000	0.0000	0.0163	0.0468	0.0000	0.0952	0.0998	0.0000	0.0000	0.0000	0.0000					
25	61	0.1481	3	1	1	2	1	0	0	0	0	N	N	Y	N	N	N	N	N	N	N	N	N	0.0000	0.0000	0.0000	0.0000	0.0000	0.0000	0.0000	0.0000	0.0000	0.0000	0.0000	0.0000	0.0000	0.0000	0.0000	0.0000	0.0000	0.0000	0.0000	0.0000	0.8908	2.0000	1.0730	0.0000	0.0000	0.0000	0.0000	0.0000	0.0000	0.0000	0.0000	0.0000	0.0000	0.0000	0.0000	0.0000	0.0000	0.0000	0.0000	0.0000	0.0000	0.0000	0.0595	0.0508	0.0087	0.0179	0.0161	0.0018	0.0416	0.0347	0.0069	0.0354	0.0182	0.0171	0.0209	0.0135	0.0074	0.0145	0.0047	0.0097	0.0000	0.0000	0.0000	0.0000	0.0000	0.0000	0.0000	0.0000	0.0000	0.0000	0.0000	0.0000	0.0000	0.0000	0.0000	0.0000	0.0000	0.0000											
25	62	0.0657	2	1	1	2	1	0	0	0	0	N	N	Y	N	N	N	N	N	N	N	N	N	0.0115	0.0033	0.0091	0.0097	0.0002	0.0003	0.0000	0.0011	0.0013	0.0000	0.0000	0.0000	0.0000	0.0207	0.0843	0.0000	0.1241	0.1300	0.0000	0.0000	0.0000	0.0000	0.0000	0.0000	-0.0000	-0.0022	0.8908	4.0000	1.0730	3.9994	0.0000	0.0000	0.0000	0.0000	0.0000	0.0000	0.0000	0.0000	0.0000	0.0033	0.0033	0.0000	0.0033	0.0033	0.0000	0.0000	0.0000	0.0000	0.1261	0.1083	0.0179	0.0265	0.0238	0.0027	0.0996	0.0845	0.0151	0.1608	0.0548	0.1060	0.0268	0.0256	0.0012	0.1339	0.0292	0.1048	0.0115	0.0046	0.0000	0.0091	0.0097	0.0000	0.0000	0.0000	0.0000	0.0207	0.0608	0.0000	0.1241	0.1300	0.0000	0.0000	0.0000	0.0000					
25	63	0.0657	2	0	2	1	1	0	0	0	0	N	Y	N	N	N	N	N	N	N	N	N	N	0.0000	0.0000	0.0000	0.0000	0.0000	0.0000	0.0000	0.0000	0.0000	0.0000	0.0000	0.0000	0.0000	0.0000	0.0000	0.0163	0.0512	0.0000	0.0006	0.0006	0.0000	0.0230	2.7987	0.0000	0.0000	0.0000	-0.0022	0.8908	7.0000	1.0730	4.0000	0.0000	0.0000	0.0000	0.0000	0.0000	0.0000	0.0000	0.0000	0.0000	0.0033	0.0033	0.0000	0.0000	0.0000	0.0000	0.0033	0.0033	0.0000	0.2055	0.1775	0.0280	0.0432	0.0390	0.0042	0.1623	0.1386	0.0237	0.2040	0.0712	0.1328	0.0350	0.0334	0.0016	0.1690	0.0378	0.1312	0.0000	0.0000	0.0000	0.0000	0.0000	0.0000	0.0000	0.0000	0.0000	0.0163	0.0466	0.0000	0.0006	0.0006	0.0000	0.0195	0.0872	0.0000				
25	64	0.1723	5	0	1	2	1	0	0	0	0	N	N	Y	N	N	N	N	N	N	N	N	N	0.0000	0.0000	0.0000	0.0000	0.0000	0.0000	0.0000	0.0000	0.0000	0.0000	0.0000	0.0000	0.0000	0.0000	0.0000	0.0000	0.0000	0.0000	0.0000	0.0000	0.8908	0.0000	1.0730	0.0000	0.0000	0.0000	0.0000	0.0000	0.0000	0.0000	0.0000	0.0000	0.0000	0.0000	0.0000	0.0000	0.0000	0.0000	0.0000	0.0000	0.0000	0.0000	0.0000	0.0000	0.0000	0.0000	0.0000	0.0000	0.0000	0.0000	0.0000	0.0000	0.0000	0.0000	0.0000	0.0000	0.0000	0.0000	0.0000	0.0000	0.0000	0.0000	0.0000	0.0000	0.0000	0.0000	0.0000	0.0000	0.0000	0.0000	0.0000	0.0000	0.0000	0.0000	0.0000	0.0000	0.0000	0.0000											
25	65	0.1480	4	0	1	2	1	0	0	0	0	N	N	Y	N	N	N	N	N	N	N	N	N	0.0000	0.0000	0.0000	0.0000	0.0000	0.0000	0.0000	0.0000	0.0000	0.0000	0.0000	0.0000	0.0000	0.0000	0.0000	0.0000	0.0000	0.0000	0.0000	0.0000	0.8908	0.8734	1.0730	1.0002	0.0000	0.0000	0.0000	0.0000	0.0000	0.0000	0.0000	0.0000	0.0000	0.0000	0.0000	0.0000	0.0000	0.0000	0.0000	0.0000	0.0000	0.0000	0.0281	0.0239	0.0042	0.0072	0.0065	0.0007	0.0209	0.0174	0.0034	0.0446	0.0140	0.0306	0.0154	0.0084	0.0070	0.0292	0.0056	0.0236	0.0000	0.0000	0.0000	0.0000	0.0000	0.0000	0.0000	0.0000	0.0000	0.0000	0.0000	0.0000	0.0000	0.0000	0.0000	0.0000	0.0000	0.0000											
25	66	0.1335	3	0	1	1	1	0	0	0	0	N	N	N	N	N	N	N	N	N	N	N	N	0.0040	0.0009	0.0170	0.1003	0.0050	0.6774	0.0023	0.0000	0.0114	0.0001	0.0000	0.0007	0.0001	0.0000	0.0012	0.0001	0.0000	0.0006	0.0252	0.0015	0.0390	0.0012	0.0009	0.0017	0.0408	0.1237	0.0490	91.7493	45.7016	0.0000	0.0003	0.8908	1.0063	1.0730	0.0727	0.0000	0.0000	0.0000	0.0000	0.0000	0.0000	0.0000	0.0000	0.0000	0.0009	0.0000	0.0008	0.0000	0.0000	0.0000	0.0008	0.0000	0.0008	0.0327	0.0278	0.0049	0.0084	0.0076	0.0008	0.0242	0.0202	0.0040	0.0344	0.0127	0.0217	0.0136	0.0090	0.0046	0.0208	0.0037	0.0171	0.0040	0.0009	0.0170	0.1003	0.0050	0.6774	0.0023	0.0000	0.0114	0.0252	0.0015	0.0390	0.0012	0.0009	0.0017	0.0408	0.0028	0.0490
25	67	0.0657	2	0	1	1	1	0	0	0	0	N	N	N	N	N	N	N	N	N	N	N	N	0.0011	0.0003	0.0000	0.0008	0.0009	0.0000	0.0081	0.0001	0.0000	0.0000	0.0000	0.0000	0.0001	0.0001	0.0000	0.0000	0.0000	0.0000	0.0236	0.1072	0.0000	0.1449	0.1517	0.0001	0.0000	0.0061	0.0000	0.0000	0.0014	-0.0000	-0.0017	0.8908	4.0009	1.0730	1.0789	0.0000	0.0000	0.0000	0.0000	0.0000	0.0000	0.0000	0.0000	0.0000	0.0026	0.0026	0.0000	0.0026	0.0026	0.0000	0.0000	0.0000	0.0000	0.1262	0.1083	0.0179	0.0265	0.0238	0.0027	0.0996	0.0845	0.0151	0.1107	0.0368	0.0739	0.0180	0.0172	0.0008	0.0927	0.0197	0.0731	0.0011	0.0004	0.0000	0.0008	0.0009	0.0000	0.0081	0.0264	0.0000	0.0236	0.0707	0.0000	0.1449	0.1517	0.0001	0.0000	0.0000	0.0000
25	68	0.0657	2	0	2	1	1	0	0	0	0	N	Y	N	N	N	N	N	N	N	N	N	N	0.1188	0.0000	0.6148	0.0185	0.0000	0.0872	0.1365	0.7101	0.0228	0.0000	0.1632	0.0022	0.0000	0.0214	0.0283	0.0000	0.1887	0.1921	0.0580	0.2655	0.1167	0.1106	0.2452	0.2073	0.0000	0.2658	inf	9.8050	0.0022	0.0080	0.8908	5.0000	1.0730	3.9994	0.0035	0.0000	0.0035	0.0001	0.0000	0.0001	0.0034	0.0000	0.0034	0.0338	0.0031	0.0307	0.0035	0.0031	0.0003	0.0303	0.0000	0.0303	0.1539	0.1324	0.0215	0.0324	0.0291	0.0033	0.1215	0.1033	0.0182	0.1760	0.0605	0.1156	0.0296	0.0283	0.0013	0.1464	0.0322	0.1142	0.1188	0.0000	0.6148	0.0185	0.0000	0.0872	0.1365	0.0000	0.7101	0.1921	0.0517	0.2655	0.1167	0.1106	0.2452	0.2073	0.0000	0.2658	
25	69	0.0657	2	1	1	2	1	0	0	0	0	N	N	Y	N	N	N	N	N	N	N	N	N	1.0595	0.4247	0.8568	0.9061	0.0109	0.0126	0.0000	0.0519	0.0575	0.0000	0.0000	0.0000	0.0000	0.0103	0.0297	0.0000	0.0605	0.0634	0.0000	0.0000	0.0000	0.0000	0.0000	0.0000	-0.0009	-0.0013	0.8908	7.0000	1.0730	2.9994	0.0022	0.0022	0.0000	0.0022	0.0022	0.0000	0.0000	0.0000	0.0000	0.0020	0.0020	0.0000	0.0020	0.0020	0.0000	0.0000	0.0000	0.0000	0.2055	0.1775	0.0280	0.0432	0.0390	0.0042	0.1623	0.1386	0.0237	0.1904	0.0659	0.1245	0.0324	0.0309	0.0015	0.1581	0.0351	0.1230	1.0595	0.4247	0.0000	0.8568	0.9061	0.0000	0.0000	0.0000	0.0000	0.0103	0.0297	0.0000	0.0605	0.0634	0.0000	0.0000	0.0000	0.0000					
25	70	0.0657	2	0	2	1	2	0	0	0	0	N	Y	N	Y	N	N	N	N	N	N	N	N	11156.5783	4487.9497	23030.0785	2.9199	2.3784	35.3622	116389089.4204	inf	2317806.8987	7.0335	8.1620	0.1964	0.0109	0.0092	0.0256	8.9040	10.4587	0.2273	0.0006	0.0018	0.0000	0.0037	0.0039	0.0007	0.0000	0.0000	0.0000	0.0040	0.0090	-0.3385	-0.0001	0.8908	4.0000	1.0730	5.0006	0.8872	0.8837	0.0035	0.0003	0.0002	0.0001	0.8869	0.8835	0.0034	0.0001	0.0001	0.0000	0.0001	0.0001	0.0000	0.0000	0.0000	0.0000	0.1261	0.1083	0.0179	0.0265	0.0238	0.0027	0.0996	0.0845	0.0151	0.1760	0.0605	0.1156	0.0296	0.0283	0.0013	0.1464	0.0322	0.1142	11156.5783	4487.9497	23030.0785	2.9199	2.3784	35.3622	116389089.4204	inf	2317806.8987	0.0006	0.0018	0.0000	0.0037	0.0039	0.0007	0.0000	0.0000	0.0000
25	71	0.0657	2	0	2	1	1	0	0	0	0	N	Y	N	N	N	N	N	N	N	N	N	N	0.0029	0.0067	0.0040	0.0386	0.0143	0.0869	0.0034	0.0041	0.0172	0.0002	0.1255	0.0023	0.0008	0.0166	0.0212	0.0000	0.1448	5.8718	0.0252	31.3819	0.0600	0.0536	0.1914	6.1737	0.0000	35.1322	117.0000	523.3624	0.0021	0.3280	0.8908	7.0000	1.0730	4.9994	0.0035	0.0000	0.0035	0.0001	0.0000	0.0001	0.0034	0.0000	0.0034	1.0063	0.0019	1.0043	0.0022	0.0019	0.0003	1.0040	0.0000	1.0040	0.2055	0.1775	0.0280	0.0432	0.0390	0.0042	0.1623	0.1386	0.0237	0.2168	0.0763	0.1405	0.0375	0.0358	0.0017	0.1793	0.0405	0.1388	0.0037	0.0067	0.0176	0.0386	0.0143	0.0869	0.0038	0.0000	0.0200	4.6414	0.0252	7.1463	0.0600	0.0536	0.1914	5.5995	0.0000	7.2327	
25	72	0.1222	3	0	2	1	1	0	0	0	0	N	Y	N	N	N	N	N	N	N	N	N	N	6.3308	4.9395	0.0009	11.3353	12.2817	0.0014	0.0136	inf	0.0004	0.0094	0.0109	0.0000	0.0328	0.0360	0.0000	0.0000	0.0000	0.0000	0.0015	0.0022	0.0007	0.0029	0.0029	0.0016	0.0006	0.0000	0.0007	0.0000	0.3197	-0.0005	-0.0001	0.8908	4.7764	1.0730	1.3205	0.0014	0.0014	0.0000	0.0014	0.0014	0.0000	0.0000	0.0000	0.0000	0.0002	0.0001	0.0000	0.0001	0.0001	0.0000	0.0000	0.0000	0.0000	0.1448	0.1253	0.0196	0.0415	0.0378	0.0037	0.1034	0.0874	0.0159	0.1177	0.0602	0.0575	0.0464	0.0452	0.0012	0.0712	0.0150	0.0563	6.3308	4.9395	0.0009	11.3353	12.2817	0.0014	0.0136	inf	0.0004	0.0015	0.0022	0.0007	0.0029	0.0029	0.0016	0.0006	0.0000	0.0007
25	73	0.0657	2	0	2	1	1	0	0	0	0	N	Y	N	N	N	N	N	N	N	N	N	N	0.0262	0.0108	0.0000	0.0048	0.0051	0.0000	0.3086	0.0139	0.0000	0.0003	0.0004	0.0000	0.0003	0.0004	0.0000	0.0003	0.0004	0.0000	0.0123	0.0348	0.0010	0.0708	0.0740	0.0019	0.0010	0.0269	0.0010	0.0000	0.0553	-0.0000	-0.0010	0.8908	3.3049	1.0730	2.7470	0.0000	0.0000	0.0000	0.0000	0.0000	0.0000	0.0000	0.0000	0.0000	0.0016	0.0015	0.0001	0.0015	0.0015	0.0000	0.0001	0.0000	0.0001	0.1060	0.0909	0.0152	0.0223	0.0200	0.0023	0.0837	0.0709	0.0128	0.1283	0.0430	0.0853	0.0210	0.0201	0.0009	0.1073	0.0230	0.0844	0.0262	0.0108	0.0000	0.0048	0.0051	0.0000	0.3729	0.8344	0.0000	0.0123	0.0348	0.0010	0.0708	0.0740	0.0019	0.0009	0.0004	0.0010
25	74	0.1244	3	0	2	1	1	0	0	0	0	N	Y	N	N	N	N	N	N	N	N	N	N	0.0000	0.0000	0.0000	0.0000	0.0000	0.0000	0.0000	0.0000	0.0000	0.0000	0.0000	0.0000	0.0000	0.0000	0.0000	0.0000	0.0000	0.0000	0.0000	0.0000	0.8908	0.0000	1.0730	0.0000	0.0000	0.0000	0.0000	0.0000	0.0000	0.0000	0.0000	0.0000	0.0000	0.0000	0.0000	0.0000	0.0000	0.0000	0.0000	0.0000	0.0000	0.0000	0.0000	0.0000	0.0000	0.0000	0.0000	0.0000	0.0000	0.0000	0.0000	0.0000	0.0000	0.0000	0.0000	0.0000	0.0000	0.0000	0.0000	0.0000	0.0000	0.0000	0.0000	0.0000	0.0000	0.0000	0.0000	0.0000	0.0000	0.0000	0.0000	0.0000	0.0000	0.0000	0.0000	0.0000	0.0000	0.0000											
25	75	0.0657	2	0	2	1	1	0	0	0	0	N	Y	N	N	N	N	N	N	N	N	N	N	9.1162	24.4271	0.7347	0.2676	1.1301	0.0750	5.1220	1.0531	0.8538	2.3266	2.6686	0.2430	0.0043	0.0021	0.0239	2.9451	3.4196	0.2825	0.2552	0.1092	0.3307	0.0161	0.0018	0.3191	0.5750	3.2472	0.3308	0.0149	9.1851	-0.1175	0.0078	0.8908	4.3567	1.0730	2.3689	0.3169	0.3122	0.0047	0.0001	0.0001	0.0001	0.3167	0.3122	0.0046	0.0340	0.0033	0.0307	0.0004	0.0000	0.0003	0.0337	0.0033	0.0304	0.1362	0.1170	0.0192	0.0286	0.0257	0.0029	0.1075	0.0913	0.0163	0.1400	0.0472	0.0928	0.0231	0.0220	0.0010	0.1169	0.0252	0.0917	9.5725	37.7092	0.7347	0.2676	1.1301	0.0750	10.2313	26.0750	0.8538	0.2431	0.0708	0.3307	0.0161	0.0018	0.3191	0.2879	0.1311	0.3308
25	76	0.1331	5	1	2	1	2	0	0	0	0	N	Y	N	Y	N	N	N	N	N	N	N	N	0.0000	0.0000	0.0000	0.0000	0.0000	0.0000	0.0000	0.0000	0.0000	0.0000	0.0000	0.0000	0.0000	0.0000	0.0000	0.0000	0.0000	0.0000	0.0000	0.0000	0.8908	0.0000	1.0730	0.0000	0.0000	0.0000	0.0000	0.0000	0.0000	0.0000	0.0000	0.0000	0.0000	0.0000	0.0000	0.0000	0.0000	0.0000	0.0000	0.0000	0.0000	0.0000	0.0000	0.0000	0.0000	0.0000	0.0000	0.0000	0.0000	0.0000	0.0000	0.0000	0.0000	0.0000	0.0000	0.0000	0.0000	0.0000	0.0000	0.0000	0.0000	0.0000	0.0000	0.0000	0.0000	0.0000	0.0000	0.0000	0.0000	0.0000	0.0000	0.0000	0.0000	0.0000	0.0000	0.0000	0.0000	0.0000											
25	77	0.1247	4	1	2	1	2	0	0	0	0	N	Y	N	Y	N	N	N	N	N	N	N	N	0.0000	0.0000	0.0000	0.0000	0.0000	0.0000	0.0000	0.0000	0.0000	0.0000	0.0000	0.0000	0.0000	0.0000	0.0000	0.0000	0.0000	0.0000	0.0000	0.0001	0.0000	0.0000	0.0001	0.0000	0.0000	0.0001	148.3750	0.0000	0.0000	0.8908	1.0073	1.0730	0.3366	0.0000	0.0000	0.0000	0.0000	0.0000	0.0000	0.0000	0.0000	0.0000	0.0000	0.0000	0.0000	0.0000	0.0000	0.0000	0.0000	0.0000	0.0000	0.0316	0.0271	0.0045	0.0060	0.0056	0.0004	0.0256	0.0215	0.0041	0.0233	0.0118	0.0115	0.0069	0.0067	0.0003	0.0163	0.0051	0.0112	0.0000	0.0000	0.0000	0.0000	0.0000	0.0000	0.0000	0.0000	0.0000	0.0000	0.0000	0.0001	0.0000	0.0000	0.0001	0.0000	0.0000	0.0001		
25	78	0.1505	4	0	2	1	2	0	0	0	0	N	Y	N	Y	N	N	N	N	N	N	N	N	0.0000	0.0000	0.0000	0.0000	0.0000	0.0000	0.0000	0.0000	0.0000	0.0000	0.0000	0.0000	0.0000	0.0000	0.0000	0.0000	0.0000	0.0000	0.0000	0.0000	0.8908	0.0000	1.0730	0.0000	0.0000	0.0000	0.0000	0.0000	0.0000	0.0000	0.0000	0.0000	0.0000	0.0000	0.0000	0.0000	0.0000	0.0000	0.0000	0.0000	0.0000	0.0000	0.0000	0.0000	0.0000	0.0000	0.0000	0.0000	0.0000	0.0000	0.0000	0.0000	0.0000	0.0000	0.0000	0.0000	0.0000	0.0000	0.0000	0.0000	0.0000	0.0000	0.0000	0.0000	0.0000	0.0000	0.0000	0.0000	0.0000	0.0000	0.0000	0.0000	0.0000	0.0000	0.0000	0.0000	0.0000	0.0000											
25	79	0.1423	3	0	2	1	2	0	0	0	0	N	Y	N	Y	N	N	N	N	N	N	N	N	0.0000	0.0000	0.0000	0.0000	0.0000	0.0000	0.0000	0.0000	0.0000	0.0000	0.0000	0.0000	0.0000	0.0000	0.0000	0.0000	0.0000	0.0000	0.0000	0.0000	0.8908	0.0000	1.0730	1.0000	0.0000	0.0000	0.0000	0.0000	0.0000	0.0000	0.0000	0.0000	0.0000	0.0000	0.0000	0.0000	0.0000	0.0000	0.0000	0.0000	0.0000	0.0000	0.0000	0.0000	0.0000	0.0000	0.0000	0.0000	0.0000	0.0000	0.0000	0.0213	0.0093	0.0120	0.0095	0.0055	0.0040	0.0118	0.0038	0.0080	0.0000	0.0000	0.0000	0.0000	0.0000	0.0000	0.0000	0.0000	0.0000	0.0000	0.0000	0.0000	0.0000	0.0000	0.0000	0.0000	0.0000	0.0000											
25	80	0.1247	4	0	2	1	1	0	0	0	0	N	Y	N	N	N	N	N	N	N	N	N	N	0.0000	0.0000	0.0000	0.0000	0.0000	0.0000	0.0000	0.0000	0.0000	0.0000	0.0000	0.0000	0.0000	0.0000	0.0000	0.0000	0.0000	0.0000	0.0000	0.0000	0.0000	0.0000	0.0001	0.0000	0.0000	0.0000	172.3500	0.0000	0.0000	0.8908	3.9927	1.0730	1.0002	0.0000	0.0000	0.0000	0.0000	0.0000	0.0000	0.0000	0.0000	0.0000	0.0000	0.0000	0.0000	0.0000	0.0000	0.0000	0.0000	0.0000	0.0000	0.1165	0.1004	0.0160	0.0226	0.0211	0.0015	0.0938	0.0793	0.0145	0.0763	0.0388	0.0375	0.0223	0.0213	0.0010	0.0540	0.0176	0.0365	0.0000	0.0000	0.0000	0.0000	0.0000	0.0000	0.0000	0.0000	0.0000	0.0000	0.0000	0.0000	0.0000	0.0000	0.0001	0.0000	0.0000	0.0000		
25	81	0.1201	3	0	2	1	1	0	0	0	0	N	Y	N	N	N	N	N	N	N	N	N	N	0.0000	0.0000	0.0000	0.0000	0.0000	0.0000	0.0000	0.0000	0.0000	0.0000	0.0000	0.0000	0.0000	0.0000	0.0000	0.0000	0.0001	0.0001	0.0000	0.0002	0.0002	0.0000	0.0000	0.0000	0.0000	0.0068	0.0000	-0.0000	0.8908	0.0110	1.0730	0.6549	0.0000	0.0000	0.0000	0.0000	0.0000	0.0000	0.0000	0.0000	0.0000	0.0000	0.0000	0.0000	0.0000	0.0000	0.0000	0.0000	0.0000	0.0000	0.0004	0.0003	0.0001	0.0001	0.0001	0.0000	0.0003	0.0002	0.0000	0.0111	0.0056	0.0055	0.0032	0.0030	0.0001	0.0079	0.0026	0.0053	0.0000	0.0000	0.0000	0.0000	0.0000	0.0000	0.0000	0.0000	0.0000	0.0001	0.0001	0.0000	0.0002	0.0002	0.0000	0.0000	0.0000	0.0000			
25	82	0.1423	3	0	1	2	2	0	0	0	0	N	N	Y	Y	N	N	N	N	N	N	N	N	0.0000	0.0000	0.0000	0.0000	0.0000	0.0000	0.0000	0.0000	0.0000	0.0000	0.0000	0.0000	0.0000	0.0000	0.0000	0.0000	0.0000	0.0000	0.0000	0.0000	0.8908	1.0000	1.0730	0.0000	0.0000	0.0000	0.0000	0.0000	0.0000	0.0000	0.0000	0.0000	0.0000	0.0000	0.0000	0.0000	0.0000	0.0000	0.0000	0.0000	0.0000	0.0000	0.0313	0.0268	0.0045	0.0046	0.0043	0.0003	0.0267	0.0224	0.0042	0.0213	0.0093	0.0120	0.0095	0.0055	0.0040	0.0118	0.0038	0.0080	0.0000	0.0000	0.0000	0.0000	0.0000	0.0000	0.0000	0.0000	0.0000	0.0000	0.0000	0.0000	0.0000	0.0000	0.0000	0.0000	0.0000	0.0000											
25	83	0.1423	3	0	1	2	2	0	0	0	0	N	N	Y	Y	N	N	N	N	N	N	N	N	0.0000	0.0000	0.0000	0.0000	0.0000	0.0000	0.0000	0.0000	0.0000	0.0000	0.0000	0.0000	0.0000	0.0000	0.0000	0.0000	0.0000	0.0000	0.0000	0.0000	0.8908	0.0000	1.0730	0.0000	0.0000	0.0000	0.0000	0.0000	0.0000	0.0000	0.0000	0.0000	0.0000	0.0000	0.0000	0.0000	0.0000	0.0000	0.0000	0.0000	0.0000	0.0000	0.0000	0.0000	0.0000	0.0000	0.0000	0.0000	0.0000	0.0000	0.0000	0.0000	0.0000	0.0000	0.0000	0.0000	0.0000	0.0000	0.0000	0.0000	0.0000	0.0000	0.0000	0.0000	0.0000	0.0000	0.0000	0.0000	0.0000	0.0000	0.0000	0.0000	0.0000	0.0000	0.0000	0.0000	0.0000	0.0000											
25	84	0.0657	2	0	1	1	2	0	0	0	0	N	N	N	Y	N	N	N	N	N	N	N	N	3.2521	1.3048	0.0519	0.0554	inf	inf	0.0362	0.0423	0.0000	0.0034	0.0038	0.0000	0.0449	0.0531	0.0000	0.0111	0.0324	0.0000	0.0661	0.0692	0.0000	0.0000	0.0000	0.0000	0.0000	0.0000	-0.0014	-0.0013	0.8908	3.0000	1.0730	5.9994	0.0035	0.0035	0.0000	0.0001	0.0001	0.0000	0.0034	0.0034	0.0000	0.0020	0.0020	0.0000	0.0020	0.0020	0.0000	0.0000	0.0000	0.0000	0.0970	0.0830	0.0139	0.0204	0.0183	0.0021	0.0766	0.0648	0.0118	0.1760	0.0605	0.1156	0.0296	0.0283	0.0013	0.1464	0.0322	0.1142	3.2521	1.3048	0.0000	0.0519	0.0554	0.0000	inf	inf	0.0000	0.0111	0.0324	0.0000	0.0661	0.0692	0.0000	0.0000	0.0000	0.0000			
25	85	0.2032	3	1	2	1	1	0	0	0	0	N	Y	N	N	N	N	N	N	N	N	N	N	0.0000	0.0000	0.0000	0.0000	0.0000	0.0000	0.0000	0.0000	0.0000	0.0000	0.0000	0.0000	0.0000	0.0000	0.0000	0.0467	0.0000	0.1057	0.0069	0.0000	0.2522	0.0830	0.0000	0.1013	inf	0.0000	0.0000	0.8908	0.0000	1.0730	0.0000	0.0000	0.0000	0.0000	0.0000	0.0000	0.0000	0.0000	0.0000	0.0000	0.0000	0.0000	0.0000	0.0000	0.0000	0.0000	0.0000	0.0000	0.0000	0.0000	0.0000	0.0000	0.0000	0.0000	0.0000	0.0000	0.0000	0.0000	0.0000	0.0000	0.0000	0.0000	0.0000	0.0000	0.0000	0.0000	0.0000	0.0000	0.0000	0.0000	0.0000	0.0000	0.0000	0.0000	0.0000	0.0000	0.0467	0.0000	0.1057	0.0069	0.0000	0.2522	0.0830	0.0000	0.1013				
25	86	0.0657	2	1	2	1	1	0	0	0	0	N	Y	N	N	N	N	N	N	N	N	N	N	24.5972	10.1069	0.0000	0.4035	0.4304	0.0000	453194.9104	inf	0.0000	0.0228	0.0265	0.0000	0.0022	0.0024	0.0000	0.0283	0.0333	0.0000	0.0009	0.0026	0.0000	0.0054	0.0056	0.0006	0.0000	0.0000	0.0000	0.0000	0.0049	-0.0014	-0.0001	0.8908	5.0000	1.0730	7.0006	0.0035	0.0035	0.0000	0.0001	0.0001	0.0000	0.0034	0.0034	0.0000	0.0002	0.0002	0.0000	0.0002	0.0002	0.0000	0.0000	0.0000	0.0000	0.1539	0.1324	0.0215	0.0324	0.0291	0.0033	0.1215	0.1033	0.0182	0.2168	0.0763	0.1405	0.0375	0.0358	0.0017	0.1793	0.0405	0.1388	24.5972	10.1069	0.0000	0.4035	0.4304	0.0000	453194.9104	inf	0.0000	0.0009	0.0026	0.0000	0.0054	0.0056	0.0006	0.0000	0.0000	0.0000
25	87	0.0657	2	0	2	1	1	0	0	0	0	N	Y	N	N	N	N	N	N	N	N	N	N	46.1385	17.9299	0.0000	0.7021	0.7567	0.0000	862724.9701	inf	0.0000	0.1032	0.1211	0.0000	0.0098	0.0110	0.0000	0.1281	0.1521	0.0000	0.0022	0.0068	0.0000	0.0139	0.0145	0.0015	0.0000	0.0000	0.0000	0.0000	0.0049	-0.0014	-0.0001	0.8908	1.0000	1.0730	3.0006	0.0035	0.0035	0.0000	0.0001	0.0001	0.0000	0.0034	0.0034	0.0000	0.0002	0.0002	0.0000	0.0002	0.0002	0.0000	0.0000	0.0000	0.0000	0.0340	0.0290	0.0050	0.0072	0.0064	0.0008	0.0269	0.0226	0.0043	0.0899	0.0296	0.0603	0.0144	0.0138	0.0006	0.0755	0.0158	0.0596	46.1385	17.9299	0.0000	0.7021	0.7567	0.0000	862724.9701	inf	0.0000	0.0022	0.0068	0.0000	0.0139	0.0145	0.0015	0.0000	0.0000	0.0000
25	88	0.1201	3	1	2	1	1	0	0	0	0	N	Y	N	N	N	N	N	N	N	N	N	N	0.0000	0.0000	0.0000	0.0000	0.0000	0.0000	0.0000	0.0000	0.0000	0.0000	0.0000	0.0000	0.0000	0.0000	0.0000	0.0000	0.0000	0.0000	0.0000	0.0000	0.8908	0.0000	1.0730	0.0000	0.0000	0.0000	0.0000	0.0000	0.0000	0.0000	0.0000	0.0000	0.0000	0.0000	0.0000	0.0000	0.0000	0.0000	0.0000	0.0000	0.0000	0.0000	0.0000	0.0000	0.0000	0.0000	0.0000	0.0000	0.0000	0.0000	0.0000	0.0000	0.0000	0.0000	0.0000	0.0000	0.0000	0.0000	0.0000	0.0000	0.0000	0.0000	0.0000	0.0000	0.0000	0.0000	0.0000	0.0000	0.0000	0.0000	0.0000	0.0000	0.0000	0.0000	0.0000	0.0000	0.0000	0.0000											
25	89	0.0657	2	0	2	1	1	0	0	0	0	N	Y	N	N	N	N	N	N	N	N	N	N	22.3690	8.8814	0.3539	0.3767	inf	inf	0.0278	0.0324	0.0000	0.0026	0.0029	0.0000	0.0345	0.0407	0.0000	0.0012	0.0037	0.0000	0.0075	0.0078	0.0000	0.0000	0.0000	0.0000	0.0000	0.0000	-0.0014	-0.0001	0.8908	4.0000	1.0730	4.0001	0.0035	0.0035	0.0000	0.0001	0.0001	0.0000	0.0034	0.0034	0.0000	0.0002	0.0002	0.0000	0.0002	0.0002	0.0000	0.0000	0.0000	0.0000	0.1261	0.1083	0.0179	0.0265	0.0238	0.0027	0.0996	0.0845	0.0151	0.1608	0.0548	0.1060	0.0268	0.0256	0.0012	0.1339	0.0292	0.1048	22.3690	8.8814	0.0000	0.3539	0.3767	0.0000	inf	inf	0.0000	0.0012	0.0037	0.0000	0.0075	0.0078	0.0000	0.0000	0.0000	0.0000			
25	91	0.2112	4	0	1	1	1	0	0	0	0	N	N	N	N	N	N	N	N	N	N	N	N	1.1748	1.5330	0.0012	2.6853	2.8945	0.0044	0.0089	0.0222	0.0002	0.0066	0.0075	0.0000	0.0221	0.0240	0.0000	0.0001	0.0001	0.0000	0.0056	0.0049	0.0062	0.0082	0.0083	0.0078	0.0108	0.0050	0.0061	0.0001	1.7102	-0.0009	-0.0001	0.8908	11.5137	1.0730	4.9035	0.0023	0.0023	0.0000	0.0022	0.0022	0.0000	0.0000	0.0000	0.0000	0.0017	0.0006	0.0011	0.0007	0.0006	0.0000	0.0010	0.0000	0.0010	0.3420	0.3007	0.0413	0.1010	0.0933	0.0077	0.2410	0.2073	0.0336	0.2975	0.1260	0.1715	0.0798	0.0745	0.0053	0.2177	0.0514	0.1662	1.1748	1.5330	0.0012	2.6853	2.8945	0.0044	0.0206	9.5640	0.0002	0.0056	0.0049	0.0062	0.0082	0.0083	0.0078	0.0047	0.0000	0.0061
26	28	0.1227	2	1	1	0	1	0	0	0	0	N	N	N	N	N	N	N	N	N	N	N	N	5.9986	2.7190	0.0282	0.5780	0.3340	inf	116.1846	inf	0.0216	0.0072	0.0080	0.0000	0.0016	0.0016	0.0000	0.0108	0.0123	0.0000	0.0012	0.0029	0.0001	0.0027	0.0049	0.0000	0.0001	0.0000	0.0001	0.0000	0.0460	-0.0007	-0.0001	3.1159	2.9919	2.1859	1.1331	0.0019	0.0019	0.0000	0.0002	0.0002	0.0000	0.0018	0.0018	0.0000	0.0002	0.0002	0.0000	0.0002	0.0002	0.0000	0.0000	0.0000	0.0000	0.2682	0.2431	0.0250	0.1033	0.0985	0.0048	0.1649	0.1446	0.0203	0.1731	0.0680	0.1051	0.0742	0.0409	0.0333	0.0990	0.0271	0.0718	5.9986	2.7190	0.0282	0.5780	0.3340	inf	116.1846	inf	0.0216	0.0012	0.0029	0.0001	0.0027	0.0049	0.0000	0.0001	0.0000	0.0001
26	30	0.0601	2	0	1	0	2	0	0	0	0	N	N	N	Y	N	N	N	N	N	N	N	N	0.0391	0.1299	0.0591	0.0848	0.0883	0.0052	0.0000	0.0703	0.0001	0.0001	0.0002	0.0003	0.0004	0.0000	0.0000	0.0000	0.0002	0.0027	0.0007	0.0033	0.0041	0.0044	0.0000	0.0067	0.0030	0.0033	0.3433	15.0559	-0.0000	0.0001	3.1159	3.9676	2.1859	1.0007	0.0000	0.0000	0.0000	0.0000	0.0000	0.0000	0.0000	0.0000	0.0000	0.0005	0.0000	0.0004	0.0000	0.0000	0.0000	0.0004	0.0000	0.0004	0.3733	0.3221	0.0511	0.0831	0.0748	0.0083	0.2901	0.2473	0.0428	0.1701	0.0408	0.1293	0.0068	0.0064	0.0004	0.1633	0.0344	0.1289	0.0391	0.1299	0.0591	0.0848	0.0883	0.0000	0.0131	0.0000	0.0703	0.0027	0.0007	0.0033	0.0041	0.0044	0.0000	0.0026	0.0000	0.0033	
26	32	0.0890	2	0	0	1	1	0	0	0	0	N	N	N	N	N	N	N	N	N	N	N	N	0.4425	7.5780	1.2495	0.4978	3.7904	0.4429	0.6468	0.0003	1.2552	0.0329	0.0042	0.1173	0.0093	0.0076	0.1327	0.0499	0.0000	0.1170	0.0743	0.0006	0.0939	0.0186	0.0020	0.2997	0.0771	0.0178	0.0932	9.4668	635.9707	0.0002	0.0012	3.1159	0.0319	2.1859	1.0050	0.0004	0.0000	0.0004	0.0001	0.0000	0.0000	0.0004	0.0000	0.0004	0.0036	0.0000	0.0036	0.0000	0.0000	0.0000	0.0035	0.0000	0.0035	0.0134	0.0100	0.0034	0.0056	0.0055	0.0001	0.0078	0.0045	0.0033	0.0480	0.0101	0.0379	0.0023	0.0022	0.0001	0.0456	0.0079	0.0377	0.4425	7.5780	1.2495	0.4978	3.7904	0.4429	0.6468	0.0402	1.2552	0.0743	0.0006	0.0939	0.0186	0.0020	0.2997	0.0771	0.0002	0.0932
26	33	0.0601	3	0	1	0	1	0	0	0	0	N	N	N	N	N	N	N	N	N	N	N	N	0.0211	0.0165	0.0445	0.0000	0.0000	0.0000	0.0335	0.0263	0.0365	0.0928	0.0838	0.2645	0.0000	0.0000	0.0000	0.1582	0.1463	0.3112	4.3915	5.0693	5.9438	0.0058	0.0020	0.0653	4.7186	5.5613	8.5228	0.1660	2.1845	-0.0000	0.0018	3.1159	0.0023	2.1859	1.0003	0.0001	0.0001	0.0000	0.0000	0.0000	0.0000	0.0001	0.0001	0.0000	0.1285	0.0404	0.0882	0.0000	0.0000	0.0000	0.1285	0.0404	0.0881	0.0008	0.0007	0.0000	0.0003	0.0003	0.0000	0.0004	0.0004	0.0000	0.0387	0.0090	0.0297	0.0015	0.0014	0.0001	0.0371	0.0076	0.0296	0.0279	0.0187	0.0890	0.0000	0.0000	0.0000	0.0457	0.0275	0.1044	3.3224	4.4698	2.9730	0.0058	0.0020	0.0653	3.4597	5.3205	2.9822
26	38	0.0601	3	0	0	1	1	0	0	0	0	N	N	N	N	N	N	N	N	N	N	N	N	0.0588	0.2206	0.0479	0.0000	0.0000	0.0467	0.1323	0.0570	0.0007	0.0007	0.0007	0.0000	0.0000	0.0000	0.0009	0.0009	0.0008	0.0118	0.0031	0.0144	0.0183	0.0195	0.0000	0.0191	0.0068	0.0144	0.1660	15.0559	-0.0000	0.0001	3.1159	1.0023	2.1859	0.0007	0.0001	0.0001	0.0000	0.0000	0.0000	0.0000	0.0001	0.0001	0.0000	0.0005	0.0000	0.0004	0.0000	0.0000	0.0000	0.0004	0.0000	0.0004	0.1013	0.0868	0.0145	0.0229	0.0205	0.0024	0.0784	0.0663	0.0121	0.0387	0.0090	0.0297	0.0015	0.0014	0.0001	0.0372	0.0076	0.0296	0.0588	0.2206	0.0479	0.0000	0.0000	0.0000	0.0778	47.3277	0.0570	0.0118	0.0031	0.0144	0.0183	0.0195	0.0000	0.0115	0.0000	0.0144	
26	39	0.0601	2	0	0	0	1	0	0	0	0	N	N	N	N	N	N	N	N	N	N	N	N	0.0129	0.0059	0.0461	0.0026	0.0024	0.0000	0.0268	0.0116	0.0543	0.0186	0.0187	0.0179	0.0159	0.0162	0.0000	0.0205	0.0204	0.0212	1.4378	3.1875	0.3897	6.0110	6.7376	0.0004	0.7652	1.7577	0.3909	0.0522	0.9464	-0.0001	-0.0002	3.1159	0.0347	2.1859	0.0013	0.0002	0.0002	0.0000	0.0001	0.0001	0.0000	0.0001	0.0001	0.0000	0.0009	0.0005	0.0004	0.0005	0.0005	0.0000	0.0005	0.0000	0.0004	0.0108	0.0102	0.0006	0.0044	0.0043	0.0001	0.0064	0.0059	0.0005	0.0015	0.0004	0.0011	0.0001	0.0001	0.0000	0.0014	0.0003	0.0011	0.0316	0.0163	0.0461	0.0039	0.0039	0.0000	0.0645	0.4897	0.0543	0.5892	1.1432	0.3897	4.0477	4.1758	0.0004	0.3177	0.0417	0.3909
26	41	0.1001	3	0	1	0	1	0	0	0	0	N	N	N	N	N	N	N	N	N	N	N	N	0.2269	0.1570	1.3765	0.0000	0.0000	0.0000	0.2749	0.0185	1.6770	0.0002	0.0000	0.0013	0.0000	0.0000	0.0000	0.0002	0.0000	0.0016	0.0008	0.0001	0.0010	0.0006	0.0006	0.0001	0.0009	0.0014	0.0010	10.1667	32.2419	0.0000	0.0000	3.1159	1.0144	2.1859	1.0128	0.0000	0.0000	0.0000	0.0000	0.0000	0.0000	0.0000	0.0000	0.0000	0.0001	0.0000	0.0001	0.0000	0.0000	0.0000	0.0001	0.0000	0.0001	0.1095	0.0960	0.0135	0.0295	0.0271	0.0025	0.0800	0.0690	0.0110	0.0892	0.0182	0.0710	0.0037	0.0035	0.0002	0.0855	0.0147	0.0708	0.2269	0.1570	1.3765	0.0000	0.0000	0.0000	0.3069	16.1299	1.6770	0.0008	0.0001	0.0010	0.0006	0.0006	0.0001	0.0008	0.0000	0.0010
26	44	0.1846	2	1	1	0	1	0	0	0	0	N	N	N	N	N	N	N	N	N	N	N	N	0.0008	0.0042	0.0000	0.0007	0.0001	0.0000	0.0001	0.0001	0.0000	0.0000	0.0000	0.0000	0.0001	0.0001	0.0000	0.0698	0.0162	0.0931	0.0000	0.0000	0.0000	0.0811	1.0881	0.1018	0.0000	13.2500	-0.0000	0.0018	3.1159	2.0000	2.1859	1.0000	0.0000	0.0000	0.0000	0.0000	0.0000	0.0000	0.0000	0.0000	0.0000	0.0068	0.0005	0.0064	0.0000	0.0000	0.0000	0.0068	0.0005	0.0064	0.1749	0.1488	0.0261	0.0079	0.0069	0.0010	0.1669	0.1419	0.0251	0.0980	0.0297	0.0683	0.0137	0.0078	0.0059	0.0843	0.0219	0.0625	0.0008	0.0042	0.0000	0.0000	0.0000	0.0000	0.0007	0.0032	0.0000	0.0698	0.0162	0.0931	0.0000	0.0000	0.0000	0.0811	0.0220	0.1018			
26	45	0.1122	3	0	1	0	2	0	0	0	0	N	N	N	Y	N	N	N	N	N	N	N	N	0.0000	0.0000	0.0000	0.0000	0.0000	0.0000	0.0000	0.0000	0.0000	0.0000	0.0000	0.0000	0.0000	0.0000	0.0000	0.0000	0.0000	0.0000	0.0000	0.0000	3.1159	1.0000	2.1859	0.0000	0.0000	0.0000	0.0000	0.0000	0.0000	0.0000	0.0000	0.0000	0.0000	0.0000	0.0000	0.0000	0.0000	0.0000	0.0000	0.0000	0.0000	0.0000	0.0988	0.0838	0.0149	0.0138	0.0117	0.0020	0.0850	0.0721	0.0129	0.0457	0.0089	0.0368	0.0021	0.0015	0.0006	0.0436	0.0074	0.0362	0.0000	0.0000	0.0000	0.0000	0.0000	0.0000	0.0000	0.0000	0.0000	0.0000	0.0000	0.0000	0.0000	0.0000	0.0000	0.0000	0.0000	0.0000											
26	46	0.1122	3	0	0	0	2	0	0	0	0	N	N	N	Y	N	N	N	N	N	N	N	N	0.0000	0.0000	0.0000	0.0000	0.0000	0.0000	0.0000	0.0000	0.0000	0.0000	0.0000	0.0000	0.0000	0.0000	0.0000	0.0000	0.0000	0.0000	0.0000	0.0000	3.1159	0.0000	2.1859	0.0000	0.0000	0.0000	0.0000	0.0000	0.0000	0.0000	0.0000	0.0000	0.0000	0.0000	0.0000	0.0000	0.0000	0.0000	0.0000	0.0000	0.0000	0.0000	0.0000	0.0000	0.0000	0.0000	0.0000	0.0000	0.0000	0.0000	0.0000	0.0000	0.0000	0.0000	0.0000	0.0000	0.0000	0.0000	0.0000	0.0000	0.0000	0.0000	0.0000	0.0000	0.0000	0.0000	0.0000	0.0000	0.0000	0.0000	0.0000	0.0000	0.0000	0.0000	0.0000	0.0000	0.0000	0.0000											
26	47	0.0792	2	0	0	0	2	0	0	0	0	N	N	N	Y	N	N	N	N	N	N	N	N	0.0005	0.0000	19.0834	0.0000	0.0000	0.3336	0.0009	0.0000	40.3979	0.0022	0.0000	0.0145	0.0004	0.0000	0.0026	0.0024	0.0000	0.0162	4.4647	9.3122	0.0008	8.5252	10.3263	0.0078	2.8159	8.6577	0.0004	4442.2614	0.0001	0.0003	-0.5455	3.1159	2.0873	2.1859	1.9360	0.0004	0.0000	0.0004	0.0000	0.0000	0.0000	0.0004	0.0000	0.0004	0.8118	0.8117	0.0001	0.4292	0.4291	0.0001	0.3826	0.3826	0.0001	0.2018	0.1715	0.0303	0.0250	0.0212	0.0038	0.1767	0.1503	0.0264	0.2421	0.0872	0.1550	0.0505	0.0430	0.0075	0.1916	0.0442	0.1475	0.0006	0.0000	19.0834	0.0000	0.0000	0.3336	0.0012	0.0000	40.3979	3.3527	9.3122	0.0008	8.4999	9.9852	0.0078	1.9966	8.6577	0.0004
26	51	0.0848	2	1	1	0	1	0	0	0	0	N	N	N	N	N	N	N	N	N	N	N	N	3.4025	0.9597	2.1940	0.4321	0.4510	0.0002	0.0849	0.0001	144.4993	0.0031	0.0037	0.0000	0.0250	0.0264	0.0000	0.0000	0.0000	0.0000	0.0009	0.0039	0.0000	0.0579	0.0586	0.0232	0.0001	0.0249	0.0000	0.0011	0.0080	-0.0001	-0.0001	3.1159	1.0314	2.1859	3.0033	0.0003	0.0003	0.0000	0.0003	0.0003	0.0000	0.0000	0.0000	0.0000	0.0001	0.0001	0.0000	0.0001	0.0001	0.0000	0.0000	0.0000	0.0000	0.1053	0.0881	0.0172	0.0130	0.0123	0.0007	0.0923	0.0758	0.0165	0.1467	0.0344	0.1123	0.0021	0.0021	0.0000	0.1446	0.0323	0.1123	3.4025	0.9597	2.1940	0.4321	0.4510	0.0002	0.0849	0.0077	144.4993	0.0009	0.0039	0.0000	0.0579	0.0586	0.0232	0.0001	0.0003	0.0000
26	54	0.1001	3	0	0	1	1	0	0	0	0	N	N	N	N	N	N	N	N	N	N	N	N	1.8109	1.7693	5.4131	0.0000	0.0000	0.0000	1.5802	0.3743	5.5297	0.0031	0.0004	0.0115	0.0000	0.0000	0.0000	0.0056	0.0009	0.0118	0.0017	0.0002	0.0021	0.0010	0.0010	0.0002	0.0035	0.0024	0.0021	10.1667	39.1616	0.0000	0.0000	3.1159	0.0147	2.1859	0.9910	0.0000	0.0000	0.0000	0.0000	0.0000	0.0000	0.0000	0.0000	0.0000	0.0001	0.0000	0.0001	0.0000	0.0000	0.0000	0.0001	0.0000	0.0001	0.0062	0.0047	0.0015	0.0027	0.0027	0.0000	0.0035	0.0020	0.0015	0.0461	0.0094	0.0367	0.0020	0.0019	0.0001	0.0440	0.0075	0.0365	1.8109	1.7693	5.4131	0.0000	0.0000	0.0000	3.1714	286.7742	5.5297	0.0017	0.0002	0.0021	0.0010	0.0010	0.0002	0.0018	0.0000	0.0021
26	55	0.0890	2	0	0	0	1	0	0	0	0	N	N	N	N	N	N	N	N	N	N	N	N	0.3719	0.3071	1.7769	0.0163	0.0015	0.0291	0.4591	0.0916	2.0294	0.0154	0.0013	0.0910	0.0005	0.0000	0.0047	0.0193	0.0016	0.1032	0.0415	0.0041	0.0512	0.0291	0.0201	0.1618	0.0420	0.0175	0.0508	13.5708	47.9775	0.0009	0.0011	3.1159	0.9556	2.1859	1.0192	0.0017	0.0001	0.0016	0.0000	0.0000	0.0000	0.0017	0.0001	0.0016	0.0036	0.0001	0.0036	0.0001	0.0001	0.0000	0.0035	0.0000	0.0035	0.1088	0.0917	0.0172	0.0224	0.0203	0.0021	0.0864	0.0714	0.0151	0.0876	0.0181	0.0695	0.0038	0.0036	0.0002	0.0838	0.0145	0.0692	0.3719	0.3071	1.7769	0.0163	0.0015	0.0291	0.4591	11.0235	2.0294	0.0415	0.0041	0.0512	0.0291	0.0201	0.1618	0.0420	0.0001	0.0508
26	58	0.1925	3	0	0	0	1	0	0	0	0	N	N	N	N	N	N	N	N	N	N	N	N	0.0005	0.0002	0.0000	0.0336	0.0341	0.0000	0.0000	0.0000	0.0000	0.0012	0.0013	0.0000	0.0085	0.0089	0.0000	0.0000	0.0000	0.0000	2.4390	6.3059	0.0002	0.2513	0.2608	0.0277	2.9667	10.5686	0.0000	0.0000	0.0001	-0.0004	-0.6525	3.1159	10.2575	2.1859	3.8960	0.0011	0.0011	0.0000	0.0010	0.0010	0.0000	0.0000	0.0000	0.0000	0.9709	0.9709	0.0001	0.0167	0.0166	0.0001	0.9543	0.9543	0.0000	0.9085	0.7819	0.1267	0.1224	0.1164	0.0061	0.7861	0.6655	0.1206	0.5067	0.1540	0.3527	0.0664	0.0637	0.0027	0.4403	0.0903	0.3500	0.0006	0.0002	0.0000	0.0336	0.0341	0.0000	0.0000	0.0000	0.0000	1.9164	6.3059	0.0002	0.2513	0.2608	0.0277	2.1675	10.5686	0.0000
26	59	0.1666	2	1	1	1	1	0	0	0	0	N	N	N	N	N	N	N	N	N	N	N	N	0.0000	0.0000	0.0000	0.0000	0.0000	0.0000	0.0000	0.0000	0.0000	0.0000	0.0000	0.0000	0.0000	0.0000	0.0000	0.0000	0.0000	0.0000	0.0000	-0.0000	3.1159	0.0000	2.1859	0.0000	0.0000	0.0000	0.0000	0.0000	0.0000	0.0000	0.0000	0.0000	0.0000	0.0000	0.0000	0.0000	0.0000	0.0000	0.0000	0.0000	0.0000	0.0000	0.0000	0.0000	0.0000	0.0000	0.0000	0.0000	0.0000	0.0000	0.0000	0.0000	0.0000	0.0000	0.0000	0.0000	0.0000	0.0000	0.0000	0.0000	0.0000	0.0000	0.0000	0.0000	0.0000	0.0000	0.0000	0.0000	0.0000	0.0000	0.0000	0.0000	0.0000	0.0000	0.0000	0.0000	0.0000	0.0000											
26	61	0.1294	2	1	0	1	1	0	0	0	0	N	N	N	N	N	N	N	N	N	N	N	N	0.0000	0.0000	0.0000	0.0000	0.0000	0.0000	0.0000	0.0000	0.0000	0.0000	0.0000	0.0000	0.0000	0.0000	0.0000	0.0000	0.0000	0.0000	0.0000	0.0000	3.1159	2.0000	2.1859	0.0000	0.0000	0.0000	0.0000	0.0000	0.0000	0.0000	0.0000	0.0000	0.0000	0.0000	0.0000	0.0000	0.0000	0.0000	0.0000	0.0000	0.0000	0.0000	0.1644	0.1358	0.0286	0.0131	0.0122	0.0009	0.1514	0.1237	0.0277	0.0593	0.0226	0.0366	0.0314	0.0151	0.0163	0.0278	0.0075	0.0203	0.0000	0.0000	0.0000	0.0000	0.0000	0.0000	0.0000	0.0000	0.0000	0.0000	0.0000	0.0000	0.0000	0.0000	0.0000	0.0000	0.0000	0.0000											
26	64	0.1536	4	0	0	1	1	0	0	0	0	N	N	N	N	N	N	N	N	N	N	N	N	0.0000	0.0000	0.0000	0.0000	0.0000	0.0000	0.0000	0.0000	0.0000	0.0000	0.0000	0.0000	0.0000	0.0000	0.0000	0.0000	0.0000	0.0000	0.0000	0.0000	3.1159	0.0000	2.1859	0.0000	0.0000	0.0000	0.0000	0.0000	0.0000	0.0000	0.0000	0.0000	0.0000	0.0000	0.0000	0.0000	0.0000	0.0000	0.0000	0.0000	0.0000	0.0000	0.0000	0.0000	0.0000	0.0000	0.0000	0.0000	0.0000	0.0000	0.0000	0.0000	0.0000	0.0000	0.0000	0.0000	0.0000	0.0000	0.0000	0.0000	0.0000	0.0000	0.0000	0.0000	0.0000	0.0000	0.0000	0.0000	0.0000	0.0000	0.0000	0.0000	0.0000	0.0000	0.0000	0.0000	0.0000	0.0000											
26	65	0.1293	3	0	0	1	1	0	0	0	0	N	N	N	N	N	N	N	N	N	N	N	N	0.0000	0.0000	0.0000	0.0000	0.0000	0.0000	0.0000	0.0000	0.0000	0.0000	0.0000	0.0000	0.0000	0.0000	0.0000	2.0672	6.4585	0.5514	0.0000	0.0000	0.0000	2.8542	9.0678	0.7106	0.4202	0.0000	-0.0482	3.1159	0.8734	2.1859	1.0002	0.0000	0.0000	0.0000	0.0000	0.0000	0.0000	0.0000	0.0000	0.0000	0.1281	0.0902	0.0379	0.0000	0.0000	0.0000	0.1281	0.0902	0.0379	0.0785	0.0647	0.0138	0.0031	0.0029	0.0002	0.0754	0.0617	0.0137	0.0827	0.0140	0.0687	0.0194	0.0040	0.0154	0.0633	0.0099	0.0533	0.0000	0.0000	0.0000	0.0000	0.0000	0.0000	0.0000	0.0000	0.0000	1.5490	6.4585	0.5514	0.0000	0.0000	0.0000	2.0243	9.0678	0.7106				
26	66	0.1148	2	0	0	0	1	0	0	0	0	N	N	N	N	N	N	N	N	N	N	N	N	0.0085	0.0017	0.0000	0.0580	0.0280	0.0000	0.0000	0.0000	0.0000	0.0001	0.0002	0.0000	0.0032	0.0034	0.0000	0.0000	0.0000	0.0000	0.0169	0.1023	0.0000	0.0553	0.1200	0.0000	0.0001	0.0276	0.0000	0.0000	0.0002	-0.0000	-0.0007	3.1159	1.0063	2.1859	0.0727	0.0000	0.0000	0.0000	0.0000	0.0000	0.0000	0.0000	0.0000	0.0000	0.0010	0.0010	0.0000	0.0010	0.0010	0.0000	0.0000	0.0000	0.0000	0.0915	0.0754	0.0161	0.0041	0.0039	0.0002	0.0874	0.0715	0.0159	0.0612	0.0153	0.0459	0.0187	0.0086	0.0101	0.0425	0.0067	0.0358	0.0085	0.0026	0.0000	0.0580	0.0280	0.0000	0.0000	0.0000	0.0000	0.0169	0.0676	0.0000	0.0553	0.1200	0.0000	0.0001	0.0005	0.0000
26	72	0.1035	2	0	1	0	1	0	0	0	0	N	N	N	N	N	N	N	N	N	N	N	N	3.9467	7.4802	0.8482	0.7671	0.8477	0.0003	2.6964	inf	0.8853	0.0034	0.0039	0.0009	0.0006	0.0006	0.0000	0.0037	0.0042	0.0009	0.0009	0.0005	0.0011	0.0008	0.0007	0.0809	0.0014	0.0000	0.0011	0.0450	3.1838	-0.0005	0.0000	3.1159	4.7764	2.1859	1.3205	0.0014	0.0013	0.0001	0.0000	0.0000	0.0000	0.0014	0.0013	0.0001	0.0002	0.0000	0.0001	0.0000	0.0000	0.0000	0.0001	0.0000	0.0001	0.4069	0.3424	0.0645	0.0351	0.0334	0.0017	0.3718	0.3089	0.0628	0.2058	0.0820	0.1238	0.0576	0.0576	0.0000	0.1482	0.0244	0.1238	3.9467	7.4802	0.8482	0.7671	0.8477	0.0003	4.0967	inf	0.8853	0.0009	0.0005	0.0011	0.0008	0.0007	0.0809	0.0009	0.0000	0.0011
26	74	0.1057	2	0	1	0	1	0	0	0	0	N	N	N	N	N	N	N	N	N	N	N	N	0.0000	0.0000	0.0000	0.0000	0.0000	0.0000	0.0000	0.0000	0.0000	0.0000	0.0000	0.0000	0.0000	0.0000	0.0000	0.0000	0.0000	0.0000	0.0000	0.0000	3.1159	0.0000	2.1859	0.0000	0.0000	0.0000	0.0000	0.0000	0.0000	0.0000	0.0000	0.0000	0.0000	0.0000	0.0000	0.0000	0.0000	0.0000	0.0000	0.0000	0.0000	0.0000	0.0000	0.0000	0.0000	0.0000	0.0000	0.0000	0.0000	0.0000	0.0000	0.0000	0.0000	0.0000	0.0000	0.0000	0.0000	0.0000	0.0000	0.0000	0.0000	0.0000	0.0000	0.0000	0.0000	0.0000	0.0000	0.0000	0.0000	0.0000	0.0000	0.0000	0.0000	0.0000	0.0000	0.0000	0.0000	0.0000											
26	76	0.1144	4	1	1	0	2	0	0	0	0	N	N	N	Y	N	N	N	N	N	N	N	N	0.0000	0.0000	0.0000	0.0000	0.0000	0.0000	0.0000	0.0000	0.0000	0.0000	0.0000	0.0000	0.0000	0.0000	0.0000	0.0000	0.0000	0.0000	0.0000	0.0000	3.1159	0.0000	2.1859	0.0000	0.0000	0.0000	0.0000	0.0000	0.0000	0.0000	0.0000	0.0000	0.0000	0.0000	0.0000	0.0000	0.0000	0.0000	0.0000	0.0000	0.0000	0.0000	0.0000	0.0000	0.0000	0.0000	0.0000	0.0000	0.0000	0.0000	0.0000	0.0000	0.0000	0.0000	0.0000	0.0000	0.0000	0.0000	0.0000	0.0000	0.0000	0.0000	0.0000	0.0000	0.0000	0.0000	0.0000	0.0000	0.0000	0.0000	0.0000	0.0000	0.0000	0.0000	0.0000	0.0000	0.0000	0.0000											
26	77	0.1060	3	1	1	0	2	0	0	0	0	N	N	N	Y	N	N	N	N	N	N	N	N	0.0000	0.0000	0.0000	0.0000	0.0000	0.0000	0.0000	0.0000	0.0000	0.0000	0.0000	0.0000	0.0000	0.0000	0.0000	0.0000	0.0000	0.0001	0.0000	0.0004	0.0004	0.0000	0.0000	0.0000	0.0000	0.0021	0.0000	-0.0000	3.1159	1.0073	2.1859	0.3366	0.0000	0.0000	0.0000	0.0000	0.0000	0.0000	0.0000	0.0000	0.0000	0.0000	0.0000	0.0000	0.0000	0.0000	0.0000	0.0000	0.0000	0.0000	0.0908	0.0772	0.0136	0.0075	0.0067	0.0008	0.0833	0.0705	0.0128	0.0395	0.0144	0.0251	0.0049	0.0047	0.0002	0.0346	0.0097	0.0249	0.0000	0.0000	0.0000	0.0000	0.0000	0.0000	0.0000	0.0000	0.0000	0.0000	0.0001	0.0000	0.0004	0.0004	0.0000	0.0000	0.0000	0.0000			
26	78	0.1318	3	0	1	0	2	0	0	0	0	N	N	N	Y	N	N	N	N	N	N	N	N	0.0000	0.0000	0.0000	0.0000	0.0000	0.0000	0.0000	0.0000	0.0000	0.0000	0.0000	0.0000	0.0000	0.0000	0.0000	0.0000	0.0000	0.0000	0.0000	0.0000	3.1159	0.0000	2.1859	0.0000	0.0000	0.0000	0.0000	0.0000	0.0000	0.0000	0.0000	0.0000	0.0000	0.0000	0.0000	0.0000	0.0000	0.0000	0.0000	0.0000	0.0000	0.0000	0.0000	0.0000	0.0000	0.0000	0.0000	0.0000	0.0000	0.0000	0.0000	0.0000	0.0000	0.0000	0.0000	0.0000	0.0000	0.0000	0.0000	0.0000	0.0000	0.0000	0.0000	0.0000	0.0000	0.0000	0.0000	0.0000	0.0000	0.0000	0.0000	0.0000	0.0000	0.0000	0.0000	0.0000	0.0000	0.0000											
26	79	0.1236	2	0	1	0	2	0	0	0	0	N	N	N	Y	N	N	N	N	N	N	N	N	0.0000	0.0000	0.0000	0.0000	0.0000	0.0000	0.0000	0.0000	0.0000	0.0000	0.0000	0.0000	0.0000	0.0000	0.0000	0.0000	0.0000	0.0000	0.0000	0.0000	3.1159	0.0000	2.1859	1.0000	0.0000	0.0000	0.0000	0.0000	0.0000	0.0000	0.0000	0.0000	0.0000	0.0000	0.0000	0.0000	0.0000	0.0000	0.0000	0.0000	0.0000	0.0000	0.0000	0.0000	0.0000	0.0000	0.0000	0.0000	0.0000	0.0000	0.0000	0.0382	0.0117	0.0265	0.0133	0.0045	0.0088	0.0249	0.0072	0.0177	0.0000	0.0000	0.0000	0.0000	0.0000	0.0000	0.0000	0.0000	0.0000	0.0000	0.0000	0.0000	0.0000	0.0000	0.0000	0.0000	0.0000	0.0000											
26	80	0.1060	3	0	1	0	1	0	0	0	0	N	N	N	N	N	N	N	N	N	N	N	N	0.0000	0.0000	0.0000	0.0000	0.0000	0.0000	0.0000	0.0000	0.0000	0.0000	0.0000	0.0000	0.0000	0.0000	0.0000	0.0000	0.0000	0.0000	0.0000	0.0002	0.0002	0.0000	0.0000	0.0000	0.0000	0.0020	0.0000	-0.0000	3.1159	3.9927	2.1859	1.0002	0.0000	0.0000	0.0000	0.0000	0.0000	0.0000	0.0000	0.0000	0.0000	0.0000	0.0000	0.0000	0.0000	0.0000	0.0000	0.0000	0.0000	0.0000	0.3330	0.2848	0.0482	0.0279	0.0249	0.0030	0.3051	0.2599	0.0452	0.1256	0.0447	0.0809	0.0121	0.0115	0.0006	0.1135	0.0332	0.0803	0.0000	0.0000	0.0000	0.0000	0.0000	0.0000	0.0000	0.0000	0.0000	0.0000	0.0000	0.0000	0.0002	0.0002	0.0000	0.0000	0.0000	0.0000			
26	81	0.1014	2	0	1	0	1	0	0	0	0	N	N	N	N	N	N	N	N	N	N	N	N	0.0000	0.0000	0.0000	0.0000	0.0000	0.0000	0.0000	0.0000	0.0000	0.0000	0.0000	0.0000	0.0000	0.0000	0.0000	0.0000	0.0000	0.0001	0.0002	0.0001	0.0000	0.0000	0.0000	0.0001	0.0210	0.0001	0.9575	0.0000	-0.0000	3.1159	0.0110	2.1859	0.6549	0.0000	0.0000	0.0000	0.0000	0.0000	0.0000	0.0000	0.0000	0.0000	0.0000	0.0000	0.0000	0.0000	0.0000	0.0000	0.0000	0.0000	0.0000	0.0010	0.0009	0.0002	0.0001	0.0001	0.0000	0.0009	0.0008	0.0001	0.0182	0.0064	0.0118	0.0016	0.0015	0.0001	0.0166	0.0049	0.0117	0.0000	0.0000	0.0000	0.0000	0.0000	0.0000	0.0000	0.0000	0.0000	0.0001	0.0002	0.0001	0.0000	0.0000	0.0000	0.0001	0.0002	0.0001		
26	82	0.1236	2	0	0	1	2	0	0	0	0	N	N	N	Y	N	N	N	N	N	N	N	N	0.0000	0.0000	0.0000	0.0000	0.0000	0.0000	0.0000	0.0000	0.0000	0.0000	0.0000	0.0000	0.0000	0.0000	0.0000	0.0000	0.0000	0.0000	0.0000	0.0000	3.1159	1.0000	2.1859	0.0000	0.0000	0.0000	0.0000	0.0000	0.0000	0.0000	0.0000	0.0000	0.0000	0.0000	0.0000	0.0000	0.0000	0.0000	0.0000	0.0000	0.0000	0.0000	0.0898	0.0762	0.0136	0.0029	0.0025	0.0004	0.0869	0.0737	0.0132	0.0382	0.0117	0.0265	0.0133	0.0045	0.0088	0.0249	0.0072	0.0177	0.0000	0.0000	0.0000	0.0000	0.0000	0.0000	0.0000	0.0000	0.0000	0.0000	0.0000	0.0000	0.0000	0.0000	0.0000	0.0000	0.0000	0.0000											
26	83	0.1236	2	0	0	1	2	0	0	0	0	N	N	N	Y	N	N	N	N	N	N	N	N	0.0000	0.0000	0.0000	0.0000	0.0000	0.0000	0.0000	0.0000	0.0000	0.0000	0.0000	0.0000	0.0000	0.0000	0.0000	0.0000	0.0000	0.0000	0.0000	0.0000	3.1159	0.0000	2.1859	0.0000	0.0000	0.0000	0.0000	0.0000	0.0000	0.0000	0.0000	0.0000	0.0000	0.0000	0.0000	0.0000	0.0000	0.0000	0.0000	0.0000	0.0000	0.0000	0.0000	0.0000	0.0000	0.0000	0.0000	0.0000	0.0000	0.0000	0.0000	0.0000	0.0000	0.0000	0.0000	0.0000	0.0000	0.0000	0.0000	0.0000	0.0000	0.0000	0.0000	0.0000	0.0000	0.0000	0.0000	0.0000	0.0000	0.0000	0.0000	0.0000	0.0000	0.0000	0.0000	0.0000	0.0000	0.0000											
26	85	0.1846	2	1	1	0	1	0	0	0	0	N	N	N	N	N	N	N	N	N	N	N	N	0.0000	0.0000	0.0000	0.0000	0.0000	0.0000	0.0000	0.0000	0.0000	0.0000	0.0000	0.0000	0.0000	0.0254	0.0459	0.0000	0.0562	0.0571	0.0000	0.0000	0.0000	0.0000	0.0000	0.0000	-0.0000	3.1159	0.0000	2.1859	0.0000	0.0000	0.0000	0.0000	0.0000	0.0000	0.0000	0.0000	0.0000	0.0000	0.0000	0.0000	0.0000	0.0000	0.0000	0.0000	0.0000	0.0000	0.0000	0.0000	0.0000	0.0000	0.0000	0.0000	0.0000	0.0000	0.0000	0.0000	0.0000	0.0000	0.0000	0.0000	0.0000	0.0000	0.0000	0.0000	0.0000	0.0000	0.0000	0.0000	0.0000	0.0000	0.0000	0.0000	0.0000	0.0000	0.0254	0.0459	0.0000	0.0562	0.0571	0.0000	0.0000	0.0000	0.0000						
26	88	0.1014	2	1	1	0	1	0	0	0	0	N	N	N	N	N	N	N	N	N	N	N	N	0.0000	0.0000	0.0000	0.0000	0.0000	0.0000	0.0000	0.0000	0.0000	0.0000	0.0000	0.0000	0.0000	0.0000	0.0000	0.0000	0.0000	0.0000	0.0000	0.0000	3.1159	0.0000	2.1859	0.0000	0.0000	0.0000	0.0000	0.0000	0.0000	0.0000	0.0000	0.0000	0.0000	0.0000	0.0000	0.0000	0.0000	0.0000	0.0000	0.0000	0.0000	0.0000	0.0000	0.0000	0.0000	0.0000	0.0000	0.0000	0.0000	0.0000	0.0000	0.0000	0.0000	0.0000	0.0000	0.0000	0.0000	0.0000	0.0000	0.0000	0.0000	0.0000	0.0000	0.0000	0.0000	0.0000	0.0000	0.0000	0.0000	0.0000	0.0000	0.0000	0.0000	0.0000	0.0000	0.0000	0.0000	0.0000											
26	91	0.1925	3	0	0	0	1	0	0	0	0	N	N	N	N	N	N	N	N	N	N	N	N	0.0317	0.0026	1.6917	0.0093	0.0094	0.0210	53.7501	0.1899	11.0038	0.0033	0.0037	0.0004	0.0081	0.0085	0.0006	0.0026	0.0030	0.0004	0.1035	1.4346	0.0002	0.8701	0.9094	0.0264	0.0000	0.0156	0.0000	0.0170	0.0016	-0.0012	-0.0372	3.1159	11.5137	2.1859	4.9035	0.0032	0.0031	0.0001	0.0010	0.0010	0.0000	0.0022	0.0021	0.0001	0.0554	0.0553	0.0001	0.0554	0.0553	0.0001	0.0000	0.0000	0.0000	0.9753	0.8404	0.1349	0.1240	0.1177	0.0063	0.8514	0.7227	0.1286	0.5356	0.1594	0.3762	0.0637	0.0608	0.0028	0.4719	0.0986	0.3733	0.0317	0.0108	1.6917	0.0093	0.0094	0.0210	53.7501	31.0783	11.0038	0.1035	0.3471	0.0002	0.8701	0.9094	0.0264	0.0000	0.0001	0.0000
27	28	0.1884	2	1	2	0	0	0	0	0	0	N	Y	N	N	N	N	N	N	N	N	N	N	inf	inf	inf	inf	inf	inf	inf	inf	0.0040	0.0002	0.0403	0.0036	0.0006	0.0645	0.0042	0.0000	0.0347	0.0000	0.0000	0.0000	0.0000	0.0000	0.0000	0.0000	0.0000	0.0000	19.2500	0.0014	0.0000	8.0000	2.9919	0.0006	1.1331	0.0024	0.0001	0.0023	0.0008	0.0001	0.0007	0.0016	0.0000	0.0016	0.0000	0.0000	0.0000	0.0000	0.0000	0.0000	0.0000	0.0000	0.0000	0.6117	0.5543	0.0573	0.2241	0.2134	0.0107	0.3876	0.3410	0.0466	0.2410	0.0945	0.1465	0.1011	0.0558	0.0453	0.1398	0.0387	0.1011	inf	inf	inf	inf	inf	inf	inf	0.0000	inf	0.0000	0.0000	0.0000	0.0000	0.0000	0.0000	0.0000	0.0000	0.0000		
27	30	0.1258	2	0	2	0	1	0	0	0	0	N	Y	N	N	N	N	N	N	N	N	N	N	inf	inf	inf	inf	1.1401	1.3102	0.0000	5.1891	5.7341	0.0000	0.0000	0.0000	0.0000	0.0000	0.0000	0.0000	0.0000	0.0000	0.0000	0.0000	0.0000	0.0000	0.0000	-0.3730	0.0000	8.0000	3.9676	0.0006	1.0007	0.9676	0.9676	0.0000	0.9676	0.9676	0.0000	0.0000	0.0000	0.0000	0.0000	0.0000	0.0000	0.0000	0.0000	0.0000	0.0000	0.0000	0.0000	0.8487	0.7385	0.1102	0.1865	0.1687	0.0177	0.6623	0.5698	0.0925	0.2378	0.0582	0.1796	0.0098	0.0092	0.0006	0.2280	0.0491	0.1789	inf	inf	0.0000	inf	inf	0.0000	0.0000	0.0000	0.0000	0.0000	0.0000	0.0000	0.0000	0.0000	0.0000	0.0000	0.0000	0.0000						
27	32	0.1547	2	0	1	1	0	0	0	0	0	N	N	N	N	N	N	N	N	N	N	N	N	788050.4489	inf	0.0000	95084.9709	inf	0.0000	1.0597	1.3769	0.0000	2.5441	2.5773	0.0000	0.0000	0.0000	0.0000	0.0000	0.0000	0.0000	0.0000	0.0000	0.0005	0.0000	0.0000	0.0000	0.0000	inf	-0.0121	0.0000	8.0000	0.0319	0.0006	1.0050	0.0314	0.0314	0.0000	0.0314	0.0314	0.0000	0.0000	0.0000	0.0000	0.0000	0.0000	0.0000	0.0000	0.0000	0.0000	0.0000	0.0000	0.0000	0.0296	0.0228	0.0068	0.0123	0.0122	0.0002	0.0173	0.0106	0.0067	0.0666	0.0144	0.0522	0.0033	0.0032	0.0002	0.0633	0.0112	0.0521	788050.4489	inf	0.0000	95084.9709	inf	0.0000	0.0000	0.0000	0.0000	0.0000	0.0000	0.0000	0.0000	0.0000	0.0005	0.0000	0.0000	0.0000			
27	33	0.1258	3	0	2	0	0	0	0	0	0	N	Y	N	N	N	N	N	N	N	N	N	N	inf	inf	inf	inf	1.2801	0.0000	27.1616	0.0000	0.0000	0.0000	2.1825	0.0000	31.8589	0.0000	0.0000	0.0000	0.0000	0.0000	0.0000	0.0000	0.0000	0.0000	inf	0.0014	0.0000	8.0000	0.0023	0.0006	1.0003	0.0022	0.0000	0.0022	0.0000	0.0000	0.0000	0.0022	0.0000	0.0022	0.0000	0.0000	0.0000	0.0000	0.0000	0.0000	0.0000	0.0000	0.0000	0.0017	0.0016	0.0001	0.0007	0.0007	0.0000	0.0010	0.0009	0.0001	0.0540	0.0129	0.0411	0.0022	0.0021	0.0001	0.0518	0.0108	0.0410	inf	0.0000	inf	0.0000	0.0000	0.0000	inf	0.0000	inf	0.0000	0.0000	0.0000	0.0000	0.0000	0.0000	0.0000	0.0000	0.0000						
27	38	0.1258	3	0	1	1	0	0	0	0	0	N	N	N	N	N	N	N	N	N	N	N	N	inf	inf	inf	inf	0.0096	0.0000	0.0714	0.0000	0.0000	0.0000	0.0124	0.0000	0.0852	0.0000	0.0000	0.0000	0.0000	0.0000	0.0000	0.0000	0.0000	0.0000	inf	0.0014	0.0000	8.0000	1.0023	0.0006	0.0007	0.0022	0.0000	0.0022	0.0000	0.0000	0.0000	0.0022	0.0000	0.0022	0.0000	0.0000	0.0000	0.0000	0.0000	0.0000	0.0000	0.0000	0.0000	0.2298	0.1988	0.0310	0.0513	0.0462	0.0050	0.1785	0.1526	0.0259	0.0540	0.0129	0.0411	0.0022	0.0021	0.0001	0.0518	0.0108	0.0410	inf	0.0000	inf	0.0000	0.0000	0.0000	inf	0.0000	inf	0.0000	0.0000	0.0000	0.0000	0.0000	0.0000	0.0000	0.0000	0.0000						
27	39	0.1258	2	0	1	0	0	0	0	0	0	N	N	N	N	N	N	N	N	N	N	N	N	inf	inf	inf	inf	inf	inf	inf	1.3952	0.0910	26.9638	0.2122	0.2161	0.0000	2.2111	0.0000	31.7680	0.0000	0.0000	0.0000	0.0000	0.0000	0.0000	0.0000	0.0000	0.0000	15.1087	0.0190	0.0000	8.0000	0.0347	0.0006	0.0013	0.0344	0.0021	0.0323	0.0021	0.0021	0.0000	0.0323	0.0000	0.0323	0.0000	0.0000	0.0000	0.0000	0.0000	0.0000	0.0000	0.0000	0.0000	0.0247	0.0235	0.0012	0.0101	0.0099	0.0002	0.0146	0.0136	0.0010	0.0022	0.0006	0.0016	0.0002	0.0002	0.0000	0.0020	0.0004	0.0016	inf	inf	inf	inf	inf	0.0000	inf	0.0000	inf	0.0000	0.0000	0.0000	0.0000	0.0000	0.0000	0.0000	0.0000	0.0000			
27	41	0.1657	3	0	2	0	0	0	0	0	0	N	Y	N	N	N	N	N	N	N	N	N	N	258460.6153	inf	0.0000	0.0000	0.0000	inf	inf	0.0584	0.0662	0.0000	0.0000	0.0000	0.0000	0.0796	0.0916	0.0000	0.0000	0.0000	0.0000	0.0000	0.0000	0.0001	0.0000	0.0000	0.0000	0.0000	inf	-0.0056	0.0000	8.0000	1.0144	0.0006	1.0128	0.0146	0.0146	0.0000	0.0000	0.0000	0.0000	0.0146	0.0146	0.0000	0.0000	0.0000	0.0000	0.0000	0.0000	0.0000	0.0000	0.0000	0.0000	0.2491	0.2199	0.0293	0.0663	0.0610	0.0053	0.1828	0.1588	0.0240	0.1239	0.0259	0.0980	0.0053	0.0050	0.0004	0.1186	0.0210	0.0976	258460.6153	inf	0.0000	0.0000	0.0000	0.0000	inf	inf	0.0000	0.0000	0.0000	0.0000	0.0000	0.0000	0.0001	0.0000	0.0000	0.0000		
27	44	0.2502	2	1	2	0	0	0	0	0	0	N	Y	N	N	N	N	N	N	N	N	N	N	0.0000	0.0000	0.0000	0.0000	0.0000	0.0000	0.0000	0.0000	0.0000	0.0000	0.0000	0.0000	0.0000	0.0000	0.0000	0.0000	0.0000	0.0000	0.0000	0.0000	8.0000	2.0000	0.0006	1.0000	0.0000	0.0000	0.0000	0.0000	0.0000	0.0000	0.0000	0.0000	0.0000	0.0000	0.0000	0.0000	0.0000	0.0000	0.0000	0.0000	0.0000	0.0000	0.3983	0.3422	0.0561	0.0179	0.0157	0.0022	0.3804	0.3264	0.0539	0.1377	0.0420	0.0957	0.0193	0.0109	0.0084	0.1184	0.0311	0.0872	0.0000	0.0000	0.0000	0.0000	0.0000	0.0000	0.0000	0.0000	0.0000	0.0000	0.0000	0.0000	0.0000	0.0000	0.0000	0.0000	0.0000	0.0000											
27	45	0.1778	3	0	2	0	1	0	0	0	0	N	Y	N	N	N	N	N	N	N	N	N	N	inf	inf	inf	inf	4.4639	5.2035	0.0000	0.0000	0.0000	0.0000	5.1708	6.0341	0.0000	0.0000	0.0000	0.0000	0.0000	0.0000	0.0000	0.0000	0.0000	0.0000	0.0000	-0.3855	0.0000	8.0000	1.0000	0.0006	0.0000	1.0000	1.0000	0.0000	0.0000	0.0000	0.0000	1.0000	1.0000	0.0000	0.0000	0.0000	0.0000	0.0000	0.0000	0.0000	0.0000	0.0000	0.0000	0.2240	0.1922	0.0318	0.0306	0.0265	0.0042	0.1934	0.1657	0.0277	0.0634	0.0126	0.0508	0.0030	0.0021	0.0009	0.0604	0.0105	0.0499	inf	inf	0.0000	0.0000	0.0000	0.0000	inf	inf	0.0000	0.0000	0.0000	0.0000	0.0000	0.0000	0.0000	0.0000	0.0000	0.0000						
27	46	0.1778	3	0	1	0	1	0	0	0	0	N	N	N	N	N	N	N	N	N	N	N	N	0.0000	0.0000	0.0000	0.0000	0.0000	0.0000	0.0000	0.0000	0.0000	0.0000	0.0000	0.0000	0.0000	0.0000	0.0000	0.0000	0.0000	0.0000	0.0000	0.0000	8.0000	0.0000	0.0006	0.0000	0.0000	0.0000	0.0000	0.0000	0.0000	0.0000	0.0000	0.0000	0.0000	0.0000	0.0000	0.0000	0.0000	0.0000	0.0000	0.0000	0.0000	0.0000	0.0000	0.0000	0.0000	0.0000	0.0000	0.0000	0.0000	0.0000	0.0000	0.0000	0.0000	0.0000	0.0000	0.0000	0.0000	0.0000	0.0000	0.0000	0.0000	0.0000	0.0000	0.0000	0.0000	0.0000	0.0000	0.0000	0.0000	0.0000	0.0000	0.0000	0.0000	0.0000	0.0000	0.0000	0.0000	0.0000											
27	47	0.1449	2	0	1	0	1	0	0	0	0	N	N	N	N	N	N	N	N	N	N	N	N	0.9923	inf	0.0000	3.7117	inf	0.0000	0.0000	0.0000	0.0002	0.0002	0.0000	0.0013	0.0015	0.0000	0.0000	0.0000	0.0000	0.0002	0.0000	0.0002	0.0003	0.0000	0.0023	0.0001	0.0000	0.0001	0.0000	inf	-0.0000	0.0000	8.0000	2.0873	0.0006	1.9360	0.0001	0.0001	0.0000	0.0001	0.0001	0.0000	0.0000	0.0000	0.0000	0.0001	0.0000	0.0001	0.0000	0.0000	0.0000	0.0000	0.0000	0.0000	0.4584	0.3936	0.0648	0.0552	0.0473	0.0079	0.4032	0.3463	0.0570	0.3386	0.1238	0.2148	0.0716	0.0609	0.0107	0.2670	0.0629	0.2041	0.9923	inf	0.0000	3.7117	inf	0.0000	0.0000	0.0000	0.0000	0.0002	0.0000	0.0002	0.0003	0.0000	0.0023	0.0001	0.0000	0.0001	
27	51	0.1505	2	1	2	0	0	0	0	0	0	N	Y	N	N	N	N	N	N	N	N	N	N	21914.1750	inf	37571.5042	74.5374	inf	21.1426	1527594.1237	inf	2353314.5038	0.1142	0.0885	0.2575	0.0256	0.0070	0.3424	0.1270	0.1018	0.2535	0.0000	0.0000	0.0000	0.0003	0.0000	0.0162	0.0000	0.0000	0.0000	0.5223	inf	-0.0012	0.0000	8.0000	1.0314	0.0006	3.0033	0.0273	0.0180	0.0094	0.0008	0.0002	0.0006	0.0266	0.0178	0.0088	0.0000	0.0000	0.0000	0.0000	0.0000	0.0000	0.0000	0.0000	0.0000	0.2394	0.2029	0.0364	0.0301	0.0284	0.0017	0.2093	0.1745	0.0348	0.2052	0.0492	0.1560	0.0031	0.0030	0.0001	0.2021	0.0462	0.1560	21914.1750	inf	37571.5042	74.5374	inf	21.1426	1527594.1237	inf	2353314.5038	0.0000	0.0000	0.0000	0.0003	0.0000	0.0162	0.0000	0.0000	0.0000
27	54	0.1657	3	0	1	1	0	0	0	0	0	N	N	N	N	N	N	N	N	N	N	N	N	2419039.9368	inf	0.0000	0.0000	0.0000	inf	inf	1.0583	1.3674	0.0000	0.0000	0.0000	0.0000	1.8828	3.0959	0.0000	0.0000	0.0000	0.0000	0.0000	0.0000	0.0002	0.0000	0.0000	0.0000	0.0000	inf	-0.0056	0.0000	8.0000	0.0147	0.0006	0.9910	0.0146	0.0146	0.0000	0.0000	0.0000	0.0000	0.0146	0.0146	0.0000	0.0000	0.0000	0.0000	0.0000	0.0000	0.0000	0.0000	0.0000	0.0000	0.0137	0.0106	0.0031	0.0060	0.0059	0.0001	0.0077	0.0047	0.0030	0.0640	0.0134	0.0506	0.0030	0.0028	0.0002	0.0610	0.0106	0.0504	2419039.9368	inf	0.0000	0.0000	0.0000	0.0000	inf	inf	0.0000	0.0000	0.0000	0.0000	0.0000	0.0000	0.0002	0.0000	0.0000	0.0000		
27	55	0.1547	2	0	1	0	0	0	0	0	0	N	N	N	N	N	N	N	N	N	N	N	N	4000764.9120	4188343.6224	0.0000	421.6613	1818.0550	0.0000	inf	inf	3.8658	4.5335	0.0000	0.0090	0.0099	0.0000	4.8609	5.8033	0.0000	0.0000	0.0000	0.0000	0.0000	0.0000	0.0003	0.0000	0.0000	0.0000	0.0000	3.2003	-0.3681	0.0000	8.0000	0.9556	0.0006	1.0192	0.9549	0.9549	0.0000	0.0005	0.0005	0.0000	0.9545	0.9545	0.0000	0.0000	0.0000	0.0000	0.0000	0.0000	0.0000	0.0000	0.0000	0.0000	0.2470	0.2106	0.0364	0.0507	0.0462	0.0045	0.1964	0.1645	0.0319	0.1217	0.0259	0.0958	0.0055	0.0051	0.0004	0.1162	0.0207	0.0955	4000764.9120	4188343.6224	0.0000	421.6613	1818.0550	0.0000	inf	inf	0.0000	0.0000	0.0000	0.0000	0.0000	0.0000	0.0003	0.0000	0.0000	0.0000	
27	58	0.2582	3	0	1	0	0	0	0	0	0	N	N	N	N	N	N	N	N	N	N	N	N	13262.8849	inf	0.0000	1869.0207	inf	0.0000	601354.2313	inf	0.0000	1.4375	1.6560	0.0000	1.5229	1.6016	0.0000	1.4236	1.6658	0.0000	0.0001	0.0000	0.0002	0.0008	0.0000	0.0202	0.0000	0.0000	0.0000	0.0000	inf	-1.1572	0.0000	8.0000	10.2575	0.0006	3.8960	3.0021	3.0021	0.0000	0.4444	0.4444	0.0000	2.5577	2.5577	0.0000	0.0001	0.0000	0.0001	0.0001	0.0000	0.0001	0.0000	0.0000	0.0000	2.0885	1.8129	0.2756	0.2918	0.2775	0.0143	1.7966	1.5354	0.2612	0.7074	0.2175	0.4899	0.0923	0.0886	0.0037	0.6150	0.1289	0.4861	13262.8849	inf	0.0000	1869.0207	inf	0.0000	601354.2313	inf	0.0000	0.0001	0.0000	0.0002	0.0008	0.0000	0.0202	0.0000	0.0000	0.0000
27	59	0.2323	2	1	2	1	0	0	0	0	0	N	Y	N	N	N	N	N	N	N	N	N	N	0.0000	0.0000	0.0000	0.0000	0.0000	0.0000	0.0000	0.0000	0.0000	0.0000	0.0000	0.0000	0.0000	0.0000	0.0000	0.0000	0.0000	0.0000	0.0000	0.0000	8.0000	0.0000	0.0006	0.0000	0.0000	0.0000	0.0000	0.0000	0.0000	0.0000	0.0000	0.0000	0.0000	0.0000	0.0000	0.0000	0.0000	0.0000	0.0000	0.0000	0.0000	0.0000	0.0000	0.0000	0.0000	0.0000	0.0000	0.0000	0.0000	0.0000	0.0000	0.0000	0.0000	0.0000	0.0000	0.0000	0.0000	0.0000	0.0000	0.0000	0.0000	0.0000	0.0000	0.0000	0.0000	0.0000	0.0000	0.0000	0.0000	0.0000	0.0000	0.0000	0.0000	0.0000	0.0000	0.0000	0.0000	0.0000											
27	61	0.1951	2	1	1	1	0	0	0	0	0	N	N	N	N	N	N	N	N	N	N	N	N	0.0000	0.0000	0.0000	0.0000	0.0000	0.0000	0.0000	0.0000	0.0000	0.0000	0.0000	0.0000	0.0000	0.0000	0.0000	0.0000	0.0000	0.0000	0.0000	0.0000	8.0000	2.0000	0.0006	0.0000	0.0000	0.0000	0.0000	0.0000	0.0000	0.0000	0.0000	0.0000	0.0000	0.0000	0.0000	0.0000	0.0000	0.0000	0.0000	0.0000	0.0000	0.0000	0.3736	0.3132	0.0603	0.0300	0.0280	0.0020	0.3435	0.2852	0.0583	0.0828	0.0316	0.0512	0.0429	0.0207	0.0222	0.0399	0.0108	0.0290	0.0000	0.0000	0.0000	0.0000	0.0000	0.0000	0.0000	0.0000	0.0000	0.0000	0.0000	0.0000	0.0000	0.0000	0.0000	0.0000	0.0000	0.0000											
27	64	0.2193	4	0	1	1	0	0	0	0	0	N	N	N	N	N	N	N	N	N	N	N	N	0.0000	0.0000	0.0000	0.0000	0.0000	0.0000	0.0000	0.0000	0.0000	0.0000	0.0000	0.0000	0.0000	0.0000	0.0000	0.0000	0.0000	0.0000	0.0000	0.0000	8.0000	0.0000	0.0006	0.0000	0.0000	0.0000	0.0000	0.0000	0.0000	0.0000	0.0000	0.0000	0.0000	0.0000	0.0000	0.0000	0.0000	0.0000	0.0000	0.0000	0.0000	0.0000	0.0000	0.0000	0.0000	0.0000	0.0000	0.0000	0.0000	0.0000	0.0000	0.0000	0.0000	0.0000	0.0000	0.0000	0.0000	0.0000	0.0000	0.0000	0.0000	0.0000	0.0000	0.0000	0.0000	0.0000	0.0000	0.0000	0.0000	0.0000	0.0000	0.0000	0.0000	0.0000	0.0000	0.0000	0.0000	0.0000											
27	65	0.1950	3	0	1	1	0	0	0	0	0	N	N	N	N	N	N	N	N	N	N	N	N	inf	inf	inf	inf	inf	inf	inf	inf	4.8929	5.8490	0.0010	118.2247	125.3364	0.0715	0.0001	0.0001	0.0000	0.0000	0.0000	0.0000	0.0000	0.0000	0.0000	0.0000	0.0000	0.0000	0.0000	-0.3366	0.0000	8.0000	0.8734	0.0006	1.0002	0.8734	0.8734	0.0000	0.8734	0.8734	0.0000	0.0000	0.0000	0.0000	0.0000	0.0000	0.0000	0.0000	0.0000	0.0000	0.0000	0.0000	0.0000	0.1785	0.1493	0.0292	0.0074	0.0070	0.0004	0.1711	0.1424	0.0288	0.1146	0.0198	0.0948	0.0264	0.0055	0.0209	0.0881	0.0143	0.0738	inf	inf	inf	inf	inf	inf	inf	inf	0.0000	0.0000	0.0000	0.0000	0.0000	0.0000	0.0000	0.0000	0.0000	0.0000		
27	66	0.1805	2	0	1	0	0	0	0	0	0	N	N	N	N	N	N	N	N	N	N	N	N	88233.3858	26842.2620	1536.0860	752.0063	inf	inf	4.8064	5.7419	0.0000	0.2765	0.2898	0.0000	5.0277	6.0477	0.0000	0.0001	0.0002	0.0000	0.0002	0.0004	0.0000	0.0000	0.0000	0.0000	0.0000	0.0000	-0.3855	-0.0000	8.0000	1.0063	0.0006	0.0727	1.0002	1.0002	0.0000	0.0027	0.0027	0.0000	0.9975	0.9975	0.0000	0.0000	0.0000	0.0000	0.0000	0.0000	0.0000	0.0000	0.0000	0.0000	0.2081	0.1742	0.0339	0.0097	0.0092	0.0004	0.1984	0.1649	0.0335	0.0850	0.0216	0.0634	0.0257	0.0120	0.0137	0.0593	0.0096	0.0497	88233.3858	26842.2620	0.0000	1536.0860	752.0063	0.0000	inf	inf	0.0000	0.0001	0.0002	0.0000	0.0002	0.0004	0.0000	0.0000	0.0000	0.0000			
27	72	0.1692	2	0	2	0	0	0	0	0	0	N	Y	N	N	N	N	N	N	N	N	N	N	257203.1997	inf	0.0000	537.3701	inf	0.0000	17252089.7831	inf	0.0000	2.1202	2.4880	0.0000	0.0159	0.0167	0.0000	2.3287	2.7649	0.0000	0.0000	0.0000	0.0000	0.0000	0.0000	0.0599	0.0000	0.0000	0.0000	0.0000	inf	-0.7624	0.0000	8.0000	4.7764	0.0006	1.3205	1.9779	1.9779	0.0000	0.0013	0.0013	0.0000	1.9766	1.9766	0.0000	0.0000	0.0000	0.0000	0.0000	0.0000	0.0000	0.0000	0.0000	0.0000	0.9329	0.7950	0.1379	0.0841	0.0801	0.0040	0.8488	0.7149	0.1339	0.2860	0.1137	0.1723	0.0786	0.0785	0.0000	0.2074	0.0352	0.1723	257203.1997	inf	0.0000	537.3701	inf	0.0000	17252089.7831	inf	0.0000	0.0000	0.0000	0.0000	0.0000	0.0000	0.0599	0.0000	0.0000	0.0000
27	74	0.1714	2	0	2	0	0	0	0	0	0	N	Y	N	N	N	N	N	N	N	N	N	N	0.0000	0.0000	0.0000	0.0000	0.0000	0.0000	0.0000	0.0000	0.0000	0.0000	0.0000	0.0000	0.0000	0.0000	0.0000	0.0000	0.0000	0.0000	0.0000	0.0000	8.0000	0.0000	0.0006	0.0000	0.0000	0.0000	0.0000	0.0000	0.0000	0.0000	0.0000	0.0000	0.0000	0.0000	0.0000	0.0000	0.0000	0.0000	0.0000	0.0000	0.0000	0.0000	0.0000	0.0000	0.0000	0.0000	0.0000	0.0000	0.0000	0.0000	0.0000	0.0000	0.0000	0.0000	0.0000	0.0000	0.0000	0.0000	0.0000	0.0000	0.0000	0.0000	0.0000	0.0000	0.0000	0.0000	0.0000	0.0000	0.0000	0.0000	0.0000	0.0000	0.0000	0.0000	0.0000	0.0000	0.0000	0.0000											
27	76	0.1801	4	1	2	0	1	0	0	0	0	N	Y	N	N	N	N	N	N	N	N	N	N	0.0000	0.0000	0.0000	0.0000	0.0000	0.0000	0.0000	0.0000	0.0000	0.0000	0.0000	0.0000	0.0000	0.0000	0.0000	0.0000	0.0000	0.0000	0.0000	0.0000	8.0000	0.0000	0.0006	0.0000	0.0000	0.0000	0.0000	0.0000	0.0000	0.0000	0.0000	0.0000	0.0000	0.0000	0.0000	0.0000	0.0000	0.0000	0.0000	0.0000	0.0000	0.0000	0.0000	0.0000	0.0000	0.0000	0.0000	0.0000	0.0000	0.0000	0.0000	0.0000	0.0000	0.0000	0.0000	0.0000	0.0000	0.0000	0.0000	0.0000	0.0000	0.0000	0.0000	0.0000	0.0000	0.0000	0.0000	0.0000	0.0000	0.0000	0.0000	0.0000	0.0000	0.0000	0.0000	0.0000	0.0000	0.0000											
27	77	0.1717	3	1	2	0	1	0	0	0	0	N	Y	N	N	N	N	N	N	N	N	N	N	0.0000	0.0000	0.0000	0.0000	0.0000	0.0000	0.0000	0.0000	0.0000	0.0000	0.0000	0.0000	0.0000	0.0000	0.0000	0.0000	0.0000	0.0000	0.0000	0.0000	8.0000	1.0073	0.0006	0.3366	0.0000	0.0000	0.0000	0.0000	0.0000	0.0000	0.0000	0.0000	0.0000	0.0000	0.0000	0.0000	0.0000	0.0000	0.0000	0.0000	0.0000	0.0000	0.2068	0.1776	0.0292	0.0172	0.0154	0.0017	0.1897	0.1622	0.0275	0.0560	0.0205	0.0355	0.0069	0.0067	0.0002	0.0491	0.0138	0.0353	0.0000	0.0000	0.0000	0.0000	0.0000	0.0000	0.0000	0.0000	0.0000	0.0000	0.0000	0.0000	0.0000	0.0000	0.0000	0.0000	0.0000	0.0000											
27	78	0.1975	3	0	2	0	1	0	0	0	0	N	Y	N	N	N	N	N	N	N	N	N	N	0.0000	0.0000	0.0000	0.0000	0.0000	0.0000	0.0000	0.0000	0.0000	0.0000	0.0000	0.0000	0.0000	0.0000	0.0000	0.0000	0.0000	0.0000	0.0000	0.0000	8.0000	0.0000	0.0006	0.0000	0.0000	0.0000	0.0000	0.0000	0.0000	0.0000	0.0000	0.0000	0.0000	0.0000	0.0000	0.0000	0.0000	0.0000	0.0000	0.0000	0.0000	0.0000	0.0000	0.0000	0.0000	0.0000	0.0000	0.0000	0.0000	0.0000	0.0000	0.0000	0.0000	0.0000	0.0000	0.0000	0.0000	0.0000	0.0000	0.0000	0.0000	0.0000	0.0000	0.0000	0.0000	0.0000	0.0000	0.0000	0.0000	0.0000	0.0000	0.0000	0.0000	0.0000	0.0000	0.0000	0.0000	0.0000											
27	79	0.1893	2	0	2	0	1	0	0	0	0	N	Y	N	N	N	N	N	N	N	N	N	N	0.0000	0.0000	0.0000	0.0000	0.0000	0.0000	0.0000	0.0000	0.0000	0.0000	0.0000	0.0000	0.0000	0.0000	0.0000	0.0000	0.0000	0.0000	0.0000	0.0000	8.0000	0.0000	0.0006	1.0000	0.0000	0.0000	0.0000	0.0000	0.0000	0.0000	0.0000	0.0000	0.0000	0.0000	0.0000	0.0000	0.0000	0.0000	0.0000	0.0000	0.0000	0.0000	0.0000	0.0000	0.0000	0.0000	0.0000	0.0000	0.0000	0.0000	0.0000	0.0534	0.0165	0.0369	0.0182	0.0062	0.0119	0.0352	0.0103	0.0249	0.0000	0.0000	0.0000	0.0000	0.0000	0.0000	0.0000	0.0000	0.0000	0.0000	0.0000	0.0000	0.0000	0.0000	0.0000	0.0000	0.0000	0.0000											
27	80	0.1717	3	0	2	0	0	0	0	0	0	N	Y	N	N	N	N	N	N	N	N	N	N	0.0000	0.0000	0.0000	0.0000	0.0000	0.0000	0.0000	0.0000	0.0000	0.0000	0.0000	0.0000	0.0000	0.0000	0.0000	0.0000	0.0000	0.0000	0.0000	0.0000	8.0000	3.9927	0.0006	1.0002	0.0000	0.0000	0.0000	0.0000	0.0000	0.0000	0.0000	0.0000	0.0000	0.0000	0.0000	0.0000	0.0000	0.0000	0.0000	0.0000	0.0000	0.0000	0.7598	0.6554	0.1043	0.0634	0.0568	0.0065	0.6964	0.5986	0.0978	0.1778	0.0635	0.1143	0.0169	0.0161	0.0008	0.1609	0.0474	0.1135	0.0000	0.0000	0.0000	0.0000	0.0000	0.0000	0.0000	0.0000	0.0000	0.0000	0.0000	0.0000	0.0000	0.0000	0.0000	0.0000	0.0000	0.0000											
27	81	0.1671	2	0	2	0	0	0	0	0	0	N	Y	N	N	N	N	N	N	N	N	N	N	0.0000	0.0000	0.0000	0.0000	0.0000	0.0000	0.0000	0.0000	0.0000	0.0000	0.0000	0.0000	0.0000	0.0000	0.0000	0.0000	0.0000	0.0000	0.0000	0.0000	8.0000	0.0110	0.0006	0.6549	0.0000	0.0000	0.0000	0.0000	0.0000	0.0000	0.0000	0.0000	0.0000	0.0000	0.0000	0.0000	0.0000	0.0000	0.0000	0.0000	0.0000	0.0000	0.0023	0.0020	0.0003	0.0002	0.0002	0.0000	0.0021	0.0018	0.0003	0.0257	0.0090	0.0166	0.0022	0.0021	0.0001	0.0235	0.0069	0.0165	0.0000	0.0000	0.0000	0.0000	0.0000	0.0000	0.0000	0.0000	0.0000	0.0000	0.0000	0.0000	0.0000	0.0000	0.0000	0.0000	0.0000	0.0000											
27	82	0.1893	2	0	1	1	1	0	0	0	0	N	N	N	N	N	N	N	N	N	N	N	N	0.0000	0.0000	0.0000	0.0000	0.0000	0.0000	0.0000	0.0000	0.0000	0.0000	0.0000	0.0000	0.0000	0.0000	0.0000	0.0000	0.0000	0.0000	0.0000	0.0000	8.0000	1.0000	0.0006	0.0000	0.0000	0.0000	0.0000	0.0000	0.0000	0.0000	0.0000	0.0000	0.0000	0.0000	0.0000	0.0000	0.0000	0.0000	0.0000	0.0000	0.0000	0.0000	0.2045	0.1753	0.0291	0.0065	0.0056	0.0009	0.1980	0.1697	0.0283	0.0534	0.0165	0.0369	0.0182	0.0062	0.0119	0.0352	0.0103	0.0249	0.0000	0.0000	0.0000	0.0000	0.0000	0.0000	0.0000	0.0000	0.0000	0.0000	0.0000	0.0000	0.0000	0.0000	0.0000	0.0000	0.0000	0.0000											
27	83	0.1893	2	0	1	1	1	0	0	0	0	N	N	N	N	N	N	N	N	N	N	N	N	0.0000	0.0000	0.0000	0.0000	0.0000	0.0000	0.0000	0.0000	0.0000	0.0000	0.0000	0.0000	0.0000	0.0000	0.0000	0.0000	0.0000	0.0000	0.0000	0.0000	8.0000	0.0000	0.0006	0.0000	0.0000	0.0000	0.0000	0.0000	0.0000	0.0000	0.0000	0.0000	0.0000	0.0000	0.0000	0.0000	0.0000	0.0000	0.0000	0.0000	0.0000	0.0000	0.0000	0.0000	0.0000	0.0000	0.0000	0.0000	0.0000	0.0000	0.0000	0.0000	0.0000	0.0000	0.0000	0.0000	0.0000	0.0000	0.0000	0.0000	0.0000	0.0000	0.0000	0.0000	0.0000	0.0000	0.0000	0.0000	0.0000	0.0000	0.0000	0.0000	0.0000	0.0000	0.0000	0.0000	0.0000	0.0000											
27	85	0.2502	2	1	2	0	0	0	0	0	0	N	Y	N	N	N	N	N	N	N	N	N	N	0.0000	0.0000	0.0000	0.0000	0.0000	0.0000	0.0000	0.0000	0.0000	0.0000	0.0000	0.0000	0.0000	0.0000	0.0000	0.0000	0.0000	0.0000	0.0000	0.0000	8.0000	0.0000	0.0006	0.0000	0.0000	0.0000	0.0000	0.0000	0.0000	0.0000	0.0000	0.0000	0.0000	0.0000	0.0000	0.0000	0.0000	0.0000	0.0000	0.0000	0.0000	0.0000	0.0000	0.0000	0.0000	0.0000	0.0000	0.0000	0.0000	0.0000	0.0000	0.0000	0.0000	0.0000	0.0000	0.0000	0.0000	0.0000	0.0000	0.0000	0.0000	0.0000	0.0000	0.0000	0.0000	0.0000	0.0000	0.0000	0.0000	0.0000	0.0000	0.0000	0.0000	0.0000	0.0000	0.0000	0.0000	0.0000											
27	88	0.1671	2	1	2	0	0	0	0	0	0	N	Y	N	N	N	N	N	N	N	N	N	N	0.0000	0.0000	0.0000	0.0000	0.0000	0.0000	0.0000	0.0000	0.0000	0.0000	0.0000	0.0000	0.0000	0.0000	0.0000	0.0000	0.0000	0.0000	0.0000	0.0000	8.0000	0.0000	0.0006	0.0000	0.0000	0.0000	0.0000	0.0000	0.0000	0.0000	0.0000	0.0000	0.0000	0.0000	0.0000	0.0000	0.0000	0.0000	0.0000	0.0000	0.0000	0.0000	0.0000	0.0000	0.0000	0.0000	0.0000	0.0000	0.0000	0.0000	0.0000	0.0000	0.0000	0.0000	0.0000	0.0000	0.0000	0.0000	0.0000	0.0000	0.0000	0.0000	0.0000	0.0000	0.0000	0.0000	0.0000	0.0000	0.0000	0.0000	0.0000	0.0000	0.0000	0.0000	0.0000	0.0000	0.0000	0.0000											
27	91	0.2582	3	0	1	0	0	0	0	0	0	N	N	N	N	N	N	N	N	N	N	N	N	16191.4840	inf	68555.4886	901.8563	inf	155.1217	813038.3513	inf	3716901.0657	1.6581	0.3910	10.0493	0.7651	0.6477	2.9797	1.7937	0.3478	10.4257	0.0001	0.0000	0.0001	0.0008	0.0000	0.0192	0.0000	0.0000	0.0000	3.8811	inf	1.5232	0.0000	8.0000	11.5137	0.0006	4.9035	3.7182	0.7617	2.9564	0.2261	0.1818	0.0443	3.4920	0.5799	2.9121	0.0001	0.0000	0.0001	0.0001	0.0000	0.0001	0.0000	0.0000	0.0000	2.2424	1.9482	0.2942	0.2956	0.2807	0.0149	1.9468	1.6675	0.2793	0.7486	0.2256	0.5230	0.0887	0.0847	0.0039	0.6600	0.1409	0.5191	16191.4840	inf	68555.4886	901.8563	inf	155.1217	813038.3513	inf	3716901.0657	0.0001	0.0000	0.0001	0.0008	0.0000	0.0192	0.0000	0.0000	0.0000
28	30	0.1190	3	1	2	0	1	0	0	0	0	N	Y	N	N	N	N	N	N	N	N	N	N	143.0355	0.0614	1833.4252	160.9785	0.0105	3701.4645	0.3194	inf	0.0000	0.0001	0.0000	0.0017	0.0003	0.0000	0.0065	0.0000	0.0000	0.0000	0.0000	0.0000	0.0000	0.0000	0.0000	0.0000	0.0000	0.0000	0.0000	2325.9615	1.3214	0.0000	-0.0000	2.9919	3.9676	1.1331	1.0007	0.0000	0.0000	0.0000	0.0000	0.0000	0.0000	0.0000	0.0000	0.0000	0.0000	0.0000	0.0000	0.0000	0.0000	0.0000	0.0000	0.0000	0.0000	0.3488	0.3198	0.0289	0.1711	0.1637	0.0074	0.1776	0.1561	0.0215	0.1474	0.0582	0.0892	0.0671	0.0351	0.0319	0.0803	0.0230	0.0573	143.0355	0.0614	1833.4252	160.9785	0.0105	3701.4645	0.3194	inf	0.0000	0.0000	0.0000	0.0000	0.0000	0.0000	0.0000	0.0000	0.0000	0.0000
28	31	0.1058	2	2	2	0	0	0	0	0	0	Y	Y	N	N	N	N	N	N	N	N	N	N	inf	inf	inf	inf	inf	inf	2.4041	2.6523	0.0000	0.0127	0.0133	0.0000	3.8545	4.3897	0.0000	0.0000	0.0000	0.0000	0.0000	0.0000	0.0000	0.0000	0.0000	0.0000	0.0000	-0.3805	0.0000	2.9919	5.0000	1.1331	3.0000	0.9871	0.9871	0.0000	0.0020	0.0020	0.0000	0.9852	0.9852	0.0000	0.0000	0.0000	0.0000	0.0000	0.0000	0.0000	0.0000	0.0000	0.0000	0.4106	0.3722	0.0384	0.1550	0.1478	0.0073	0.2556	0.2244	0.0312	0.2409	0.0945	0.1465	0.1011	0.0558	0.0453	0.1398	0.0387	0.1011	inf	inf	0.0000	inf	inf	0.0000	inf	inf	0.0000	0.0000	0.0000	0.0000	0.0000	0.0000	0.0000	0.0000	0.0000	0.0000				
28	32	0.1479	3	1	1	1	0	0	0	0	0	N	N	N	N	N	N	N	N	N	N	N	N	22.7990	12.3063	0.0000	14.2324	8.5895	0.0000	32.9593	inf	0.0000	0.0011	0.0011	0.0000	0.0011	0.0011	0.0000	0.0006	0.0007	0.0000	0.0000	0.0001	0.0000	0.0001	0.0001	0.0000	0.0000	0.0000	0.0000	0.0000	0.2498	-0.0000	-0.0000	2.9919	0.0319	1.1331	1.0050	0.0000	0.0000	0.0000	0.0000	0.0000	0.0000	0.0000	0.0000	0.0000	0.0000	0.0000	0.0000	0.0000	0.0000	0.0000	0.0000	0.0000	0.0000	0.0225	0.0219	0.0006	0.0208	0.0203	0.0004	0.0018	0.0015	0.0002	0.0391	0.0164	0.0227	0.0190	0.0111	0.0078	0.0202	0.0053	0.0149	22.7990	12.3063	0.0000	14.2324	8.5895	0.0000	32.9593	inf	0.0000	0.0000	0.0001	0.0000	0.0001	0.0001	0.0000	0.0000	0.0000	0.0000
28	33	0.1190	4	1	2	0	0	0	0	0	0	N	Y	N	N	N	N	N	N	N	N	N	N	0.0165	0.0067	0.0132	0.0070	35.3186	0.0139	0.0002	0.0002	0.0000	0.0003	0.0003	0.0000	0.0000	0.0001	0.0000	0.0110	0.0279	0.0000	0.0236	0.0453	0.0000	0.0000	0.0038	0.0000	0.0000	0.0000	-0.0000	-0.0002	2.9919	0.0023	1.1331	1.0003	0.0000	0.0000	0.0000	0.0000	0.0000	0.0000	0.0000	0.0000	0.0000	0.0004	0.0004	0.0000	0.0004	0.0004	0.0000	0.0000	0.0000	0.0000	0.0007	0.0007	0.0000	0.0004	0.0004	0.0000	0.0004	0.0003	0.0000	0.0336	0.0132	0.0203	0.0157	0.0082	0.0075	0.0179	0.0051	0.0128	0.0165	0.0067	0.0000	0.0132	0.0070	0.0000	35.3186	10.5256	0.0000	0.0110	0.0279	0.0000	0.0236	0.0453	0.0000	0.0000	0.0000	0.0000			
28	34	0.1058	2	2	1	1	0	0	0	0	0	Y	N	N	N	N	N	N	N	N	N	N	N	0.0000	0.0000	0.0000	0.0000	0.0000	0.0000	0.0000	0.0000	0.0000	0.0000	0.0000	0.0000	0.0000	0.0000	0.0000	0.0000	1.2387	0.0004	0.6259	0.0004	0.0007	0.0000	1.3053	0.0000	0.9064	2292.0000	0.0000	0.0300	2.9919	3.0000	1.1331	5.0006	0.0000	0.0000	0.0000	0.0000	0.0000	0.0000	0.0000	0.0000	0.0000	0.0917	0.0000	0.0917	0.0000	0.0000	0.0000	0.0917	0.0000	0.0917	0.2590	0.2348	0.0242	0.0999	0.0953	0.0046	0.1591	0.1395	0.0196	0.2410	0.0945	0.1465	0.1011	0.0558	0.0453	0.1398	0.0387	0.1011	0.0000	0.0000	0.0000	0.0000	0.0000	0.0000	0.0000	0.0000	0.0000	0.3806	0.0004	0.6259	0.0004	0.0007	0.0000	0.6556	0.0000	0.9064			
28	35	0.1058	2	1	2	0	1	0	0	0	0	N	Y	N	N	N	N	N	N	N	N	N	N	8.8190	3.8224	0.8099	0.4680	inf	inf	0.0075	0.0083	0.0000	0.0016	0.0017	0.0000	0.0112	0.0128	0.0000	0.0008	0.0022	0.0000	0.0020	0.0036	0.0000	0.0000	0.0000	0.0000	0.0000	0.0000	-0.0007	-0.0001	2.9919	3.0000	1.1331	2.0006	0.0019	0.0019	0.0000	0.0002	0.0002	0.0000	0.0018	0.0018	0.0000	0.0001	0.0001	0.0000	0.0001	0.0001	0.0000	0.0000	0.0000	0.0000	0.2590	0.2348	0.0242	0.0999	0.0953	0.0046	0.1591	0.1395	0.0196	0.1648	0.0648	0.1000	0.0708	0.0390	0.0318	0.0940	0.0258	0.0683	8.8190	3.8224	0.0000	0.8099	0.4680	0.0000	inf	inf	0.0000	0.0008	0.0022	0.0000	0.0020	0.0036	0.0000	0.0000	0.0000	0.0000			
28	36	0.1058	2	2	1	1	0	0	0	0	0	Y	N	N	N	N	N	N	N	N	N	N	N	0.0000	0.0000	0.0000	0.0000	0.0000	0.0000	0.0000	0.0000	0.0000	0.0000	0.0000	0.0000	0.0000	0.0000	0.0000	0.0000	1.1759	0.0251	0.5726	0.0236	0.0428	0.0000	1.1356	0.0000	0.8262	35.3977	0.0000	0.0283	2.9919	4.0000	1.1331	5.0006	0.0000	0.0000	0.0000	0.0000	0.0000	0.0000	0.0000	0.0000	0.0000	0.0943	0.0026	0.0917	0.0026	0.0026	0.0000	0.0917	0.0000	0.0917	0.3367	0.3052	0.0315	0.1284	0.1225	0.0060	0.2083	0.1827	0.0255	0.2633	0.1032	0.1601	0.1096	0.0605	0.0491	0.1536	0.0427	0.1110	0.0000	0.0000	0.0000	0.0000	0.0000	0.0000	0.0000	0.0000	0.0000	0.3581	0.0251	0.5726	0.0236	0.0428	0.0000	0.5967	0.0000	0.8262			
28	37	0.1058	2	2	1	1	0	0	0	0	0	Y	N	N	N	N	N	N	N	N	N	N	N	0.0000	0.0000	0.0000	0.0000	0.0000	0.0000	0.0000	0.0000	0.0000	0.0000	0.0000	0.0000	0.0000	0.0000	0.0000	0.0000	1.3311	0.0300	0.6947	0.0279	0.0506	0.0000	1.4509	0.0000	1.0099	35.8125	0.0000	0.0283	2.9919	3.0000	1.1331	4.0006	0.0000	0.0000	0.0000	0.0000	0.0000	0.0000	0.0000	0.0000	0.0000	0.0942	0.0026	0.0917	0.0026	0.0026	0.0000	0.0917	0.0000	0.0917	0.2590	0.2348	0.0242	0.0999	0.0953	0.0046	0.1591	0.1395	0.0196	0.2172	0.0852	0.1320	0.0918	0.0506	0.0412	0.1254	0.0346	0.0908	0.0000	0.0000	0.0000	0.0000	0.0000	0.0000	0.0000	0.0000	0.0000	0.4339	0.0300	0.6947	0.0279	0.0506	0.0000	0.7314	0.0000	1.0099			
28	38	0.1190	4	1	1	1	0	0	0	0	0	N	N	N	N	N	N	N	N	N	N	N	N	0.3270	0.3267	0.0000	0.3174	0.3298	0.0000	0.2709	inf	0.0000	0.0000	0.0000	0.0000	0.0000	0.0000	0.0000	0.0000	0.0000	0.0000	0.0000	0.0000	0.0000	0.0000	0.0000	0.0000	0.0000	0.0000	0.0000	0.0000	1.3214	-0.0000	-0.0000	2.9919	1.0023	1.1331	0.0007	0.0000	0.0000	0.0000	0.0000	0.0000	0.0000	0.0000	0.0000	0.0000	0.0000	0.0000	0.0000	0.0000	0.0000	0.0000	0.0000	0.0000	0.0000	0.0943	0.0865	0.0078	0.0476	0.0456	0.0020	0.0466	0.0408	0.0058	0.0336	0.0133	0.0203	0.0157	0.0082	0.0075	0.0179	0.0051	0.0128	0.3270	0.3267	0.0000	0.3174	0.3298	0.0000	0.2709	inf	0.0000	0.0000	0.0000	0.0000	0.0000	0.0000	0.0000	0.0000	0.0000	0.0000
28	39	0.1190	3	1	1	0	0	0	0	0	0	N	N	N	N	N	N	N	N	N	N	N	N	0.7959	0.6384	1.9008	1.0391	0.7796	6.7933	0.0319	inf	0.0000	0.0002	0.0002	0.0003	0.0003	0.0003	0.0015	0.0000	0.0000	0.0000	0.0002	0.0003	0.0002	0.0003	0.0004	0.0002	0.0001	0.0000	0.0002	0.0654	0.9999	-0.0000	-0.0000	2.9919	0.0347	1.1331	0.0013	0.0000	0.0000	0.0000	0.0000	0.0000	0.0000	0.0000	0.0000	0.0000	0.0000	0.0000	0.0000	0.0000	0.0000	0.0000	0.0000	0.0000	0.0000	0.0103	0.0100	0.0003	0.0052	0.0051	0.0001	0.0051	0.0049	0.0002	0.0013	0.0006	0.0008	0.0006	0.0003	0.0003	0.0007	0.0002	0.0005	0.7959	0.6384	1.9008	1.0391	0.7796	6.7933	0.0319	inf	0.0000	0.0002	0.0003	0.0002	0.0003	0.0004	0.0002	0.0001	0.0000	0.0002
28	40	0.1058	2	1	1	0	0	0	0	0	0	N	N	N	N	N	N	N	N	N	N	N	N	7.2087	3.1249	1.0972	0.6342	inf	inf	0.0062	0.0068	0.0000	0.0022	0.0023	0.0000	0.0086	0.0098	0.0000	0.0009	0.0022	0.0000	0.0020	0.0036	0.0000	0.0000	0.0000	0.0000	0.0000	0.0000	-0.0008	-0.0001	2.9919	3.9674	1.1331	1.0003	0.0021	0.0021	0.0000	0.0003	0.0003	0.0000	0.0018	0.0018	0.0000	0.0001	0.0001	0.0000	0.0001	0.0001	0.0000	0.0000	0.0000	0.0000	0.3342	0.3030	0.0312	0.1276	0.1216	0.0059	0.2067	0.1814	0.0253	0.1639	0.0644	0.0995	0.0704	0.0388	0.0316	0.0935	0.0256	0.0679	7.2087	3.1249	0.0000	1.0972	0.6342	0.0000	inf	inf	0.0000	0.0009	0.0022	0.0000	0.0020	0.0036	0.0000	0.0000	0.0000	0.0000			
28	41	0.1589	4	1	2	0	0	0	0	0	0	N	Y	N	N	N	N	N	N	N	N	N	N	27.3138	337.8071	0.0000	480.8278	331.8676	0.0000	7.4896	inf	0.0000	0.0001	0.0001	0.0000	0.0002	0.0002	0.0000	0.0001	0.0001	0.0000	0.0000	0.0000	0.0000	0.0000	0.0000	0.0000	0.0000	0.0000	0.0000	0.0000	26.2347	-0.0000	0.0000	2.9919	1.0144	1.1331	1.0128	0.0000	0.0000	0.0000	0.0000	0.0000	0.0000	0.0000	0.0000	0.0000	0.0000	0.0000	0.0000	0.0000	0.0000	0.0000	0.0000	0.0000	0.0000	0.1062	0.0970	0.0092	0.0516	0.0492	0.0023	0.0546	0.0478	0.0068	0.0729	0.0302	0.0426	0.0350	0.0204	0.0147	0.0378	0.0099	0.0280	27.3138	337.8071	0.0000	480.8278	331.8676	0.0000	7.4896	inf	0.0000	0.0000	0.0000	0.0000	0.0000	0.0000	0.0000	0.0000	0.0000	0.0000
28	42	0.1058	2	2	2	1	0	0	0	0	0	Y	Y	N	N	N	N	N	N	N	N	N	N	0.0000	0.0000	0.0000	0.0000	0.0000	0.0000	0.0000	0.0000	0.0000	0.0000	0.0000	0.0000	0.0000	1.3659	0.0000	0.7870	0.0000	0.0000	0.0000	1.6048	0.0000	1.1485	inf	0.0000	0.0301	2.9919	3.0000	1.1331	2.9994	0.0000	0.0000	0.0000	0.0000	0.0000	0.0000	0.0000	0.0000	0.0000	0.0917	0.0000	0.0917	0.0000	0.0000	0.0000	0.0917	0.0000	0.0917	0.2590	0.2348	0.0242	0.0999	0.0953	0.0046	0.1591	0.1395	0.0196	0.1918	0.0753	0.1165	0.0817	0.0451	0.0367	0.1101	0.0303	0.0798	0.0000	0.0000	0.0000	0.0000	0.0000	0.0000	0.0000	0.0000	0.0000	0.4780	0.0000	0.7870	0.0000	0.0000	0.0000	0.8328	0.0000	1.1485						
28	43	0.1058	2	2	2	1	0	0	0	0	0	Y	Y	N	N	N	N	N	N	N	N	N	N	0.0000	0.0000	0.0000	0.0000	0.0000	0.0000	0.0000	0.0000	0.0000	0.0000	0.0000	0.0000	0.0000	0.0000	0.0000	0.0000	1.1334	0.0036	0.5727	0.0034	0.0061	0.0000	1.2447	0.0000	0.8263	247.7838	0.0000	0.0298	2.9919	4.0000	1.1331	4.9994	0.0000	0.0000	0.0000	0.0000	0.0000	0.0000	0.0000	0.0000	0.0000	0.0921	0.0004	0.0917	0.0004	0.0004	0.0000	0.0917	0.0000	0.0917	0.3367	0.3052	0.0315	0.1284	0.1225	0.0060	0.2083	0.1827	0.0255	0.2632	0.1031	0.1601	0.1096	0.0605	0.0491	0.1536	0.0427	0.1110	0.0000	0.0000	0.0000	0.0000	0.0000	0.0000	0.0000	0.0000	0.0000	0.3497	0.0036	0.5727	0.0034	0.0061	0.0000	0.5968	0.0000	0.8263			
28	44	0.2434	3	2	2	0	0	0	0	0	0	Y	Y	N	N	N	N	N	N	N	N	N	N	0.0000	0.0000	0.0000	0.0000	0.0000	0.0000	0.0000	0.0000	0.0000	0.0000	0.0000	0.0000	0.0000	0.0000	0.0000	0.0000	0.0000	0.0000	0.0000	0.0000	2.9919	2.0000	1.1331	1.0000	0.0000	0.0000	0.0000	0.0000	0.0000	0.0000	0.0000	0.0000	0.0000	0.0000	0.0000	0.0000	0.0000	0.0000	0.0000	0.0000	0.0000	0.0000	0.1729	0.1571	0.0158	0.0652	0.0627	0.0025	0.1077	0.0944	0.0133	0.0895	0.0313	0.0582	0.0399	0.0151	0.0248	0.0497	0.0162	0.0334	0.0000	0.0000	0.0000	0.0000	0.0000	0.0000	0.0000	0.0000	0.0000	0.0000	0.0000	0.0000	0.0000	0.0000	0.0000	0.0000	0.0000	0.0000											
28	45	0.1710	4	1	2	0	1	0	0	0	0	N	Y	N	N	N	N	N	N	N	N	N	N	0.0000	0.0000	0.0000	0.0000	0.0000	0.0000	0.0000	0.0000	0.0000	0.0000	0.0000	0.0000	0.0000	0.0000	0.0000	0.0000	0.0000	0.0000	0.0000	0.0000	2.9919	1.0000	1.1331	0.0000	0.0000	0.0000	0.0000	0.0000	0.0000	0.0000	0.0000	0.0000	0.0000	0.0000	0.0000	0.0000	0.0000	0.0000	0.0000	0.0000	0.0000	0.0000	0.0919	0.0836	0.0083	0.0387	0.0371	0.0017	0.0531	0.0465	0.0066	0.0372	0.0151	0.0221	0.0181	0.0102	0.0079	0.0191	0.0049	0.0142	0.0000	0.0000	0.0000	0.0000	0.0000	0.0000	0.0000	0.0000	0.0000	0.0000	0.0000	0.0000	0.0000	0.0000	0.0000	0.0000	0.0000	0.0000											
28	46	0.1710	4	1	1	0	1	0	0	0	0	N	N	N	N	N	N	N	N	N	N	N	N	0.0000	0.0000	0.0000	0.0000	0.0000	0.0000	0.0000	0.0000	0.0000	0.0000	0.0000	0.0000	0.0000	0.0000	0.0000	0.0000	0.0000	0.0000	0.0000	0.0000	2.9919	0.0000	1.1331	0.0000	0.0000	0.0000	0.0000	0.0000	0.0000	0.0000	0.0000	0.0000	0.0000	0.0000	0.0000	0.0000	0.0000	0.0000	0.0000	0.0000	0.0000	0.0000	0.0000	0.0000	0.0000	0.0000	0.0000	0.0000	0.0000	0.0000	0.0000	0.0000	0.0000	0.0000	0.0000	0.0000	0.0000	0.0000	0.0000	0.0000	0.0000	0.0000	0.0000	0.0000	0.0000	0.0000	0.0000	0.0000	0.0000	0.0000	0.0000	0.0000	0.0000	0.0000	0.0000	0.0000	0.0000	0.0000											
28	47	0.1381	3	1	1	0	1	0	0	0	0	N	N	N	N	N	N	N	N	N	N	N	N	0.0086	0.0051	0.0021	0.0029	0.0021	0.0000	0.0125	0.0001	0.0000	0.0000	0.0000	0.0000	0.0000	0.0000	0.0000	0.0000	0.0000	0.0000	0.0006	0.0010	0.0000	0.0006	0.0008	0.0000	0.0005	0.0568	0.0000	0.0011	0.0243	-0.0000	-0.0001	2.9919	2.0873	1.1331	1.9360	0.0000	0.0000	0.0000	0.0000	0.0000	0.0000	0.0000	0.0000	0.0000	0.0001	0.0001	0.0000	0.0001	0.0001	0.0000	0.0001	0.0001	0.0000	0.1879	0.1707	0.0172	0.0752	0.0719	0.0032	0.1127	0.0988	0.0140	0.2234	0.1167	0.1066	0.1182	0.0792	0.0390	0.1051	0.0375	0.0676	0.0086	0.0051	0.0021	0.0029	0.0021	0.0000	0.0125	0.0053	0.0000	0.0006	0.0010	0.0000	0.0006	0.0008	0.0000	0.0005	0.0015	0.0000
28	48	0.1058	2	1	1	0	1	0	0	0	0	N	N	N	N	N	N	N	N	N	N	N	N	9.7416	4.4889	0.0000	0.9629	0.5565	139.5767	inf	0.0000	0.0059	0.0065	0.0000	0.0013	0.0013	0.0000	0.0087	0.0099	0.0000	0.0006	0.0014	0.0001	0.0013	0.0024	0.0000	0.0001	0.0000	0.0001	0.0000	0.0627	-0.0007	-0.0001	2.9919	3.9129	1.1331	0.7267	0.0019	0.0019	0.0000	0.0002	0.0002	0.0000	0.0018	0.0018	0.0000	0.0001	0.0001	0.0000	0.0001	0.0001	0.0000	0.0000	0.0000	0.0000	0.3301	0.2992	0.0309	0.1260	0.1202	0.0058	0.2040	0.1790	0.0250	0.1546	0.0608	0.0938	0.0666	0.0367	0.0299	0.0881	0.0241	0.0640	9.7416	4.4889	0.0000	0.9629	0.5565	0.0000	139.5767	inf	0.0000	0.0006	0.0014	0.0001	0.0013	0.0024	0.0000	0.0001	0.0000	0.0001	
28	49	0.1058	2	1	2	1	0	0	0	0	0	N	Y	N	N	N	N	N	N	N	N	N	N	0.0048	0.0058	0.0967	0.2208	0.0086	inf	0.0053	0.0581	0.0049	0.0001	0.0513	0.0041	0.0003	0.0815	0.0054	0.0000	0.0443	1.0247	0.0197	0.5303	0.0186	0.0338	0.0000	1.0229	0.0000	0.7623	46.2000	41.8630	0.0014	0.0286	2.9919	6.0000	1.1331	4.0006	0.0024	0.0000	0.0023	0.0007	0.0000	0.0007	0.0016	0.0000	0.0016	0.0939	0.0022	0.0917	0.0022	0.0022	0.0000	0.0917	0.0000	0.0917	0.4809	0.4359	0.0450	0.1797	0.1712	0.0085	0.3012	0.2646	0.0366	0.2842	0.1113	0.1729	0.1174	0.0648	0.0526	0.1667	0.0465	0.1203	0.0149	0.0058	0.0967	0.2208	0.0086	inf	0.0098	0.0000	0.0581	0.3303	0.0197	0.5303	0.0186	0.0338	0.0000	0.5498	0.0000	0.7623	
28	50	0.1058	2	2	1	1	0	0	0	0	0	Y	N	N	N	N	N	N	N	N	N	N	N	0.0041	0.0000	0.0896	0.1922	0.0000	inf	0.0047	0.0536	0.0048	0.0000	0.0513	0.0038	0.0000	0.0815	0.0054	0.0000	0.0443	1.1742	0.0212	0.5726	0.0200	0.0362	0.0000	1.1356	0.0000	0.8262	inf	41.8630	0.0014	0.0286	2.9919	6.0000	1.1331	3.0006	0.0023	0.0000	0.0023	0.0007	0.0000	0.0007	0.0016	0.0000	0.0016	0.0939	0.0022	0.0917	0.0022	0.0022	0.0000	0.0917	0.0000	0.0917	0.4809	0.4359	0.0450	0.1797	0.1712	0.0085	0.3012	0.2646	0.0366	0.2633	0.1032	0.1601	0.1096	0.0605	0.0491	0.1536	0.0427	0.1110	0.0135	0.0000	0.0896	0.1922	0.0000	inf	0.0090	0.0000	0.0536	0.3566	0.0212	0.5726	0.0200	0.0362	0.0000	0.5967	0.0000	0.8262	
28	51	0.1436	3	2	2	0	0	0	0	0	0	Y	Y	N	N	N	N	N	N	N	N	N	N	39.7955	19.5612	0.0000	39.3360	20.7613	0.0000	0.0015	0.0002	0.0000	0.0088	0.0097	0.0000	0.0177	0.0186	0.0000	0.0000	0.0000	0.0000	0.0002	0.0005	0.0000	0.0005	0.0009	0.0000	0.0001	0.0006	0.0001	0.0000	0.1579	-0.0003	-0.0000	2.9919	1.0314	1.1331	3.0033	0.0009	0.0009	0.0000	0.0009	0.0009	0.0000	0.0000	0.0000	0.0000	0.0000	0.0000	0.0000	0.0000	0.0000	0.0000	0.0000	0.0000	0.0000	0.0999	0.0911	0.0088	0.0496	0.0472	0.0024	0.0503	0.0439	0.0064	0.1266	0.0490	0.0776	0.0539	0.0270	0.0269	0.0727	0.0221	0.0506	39.7955	19.5612	0.0000	39.3360	20.7613	0.0000	0.0015	0.2273	0.0000	0.0002	0.0005	0.0000	0.0005	0.0009	0.0000	0.0001	0.0000	0.0001
28	52	0.1058	2	2	2	0	0	0	0	0	0	Y	Y	N	N	N	N	N	N	N	N	N	N	2.2273	41.6872	0.0000	13.0130	7.5243	0.8153	inf	0.0000	0.0024	0.0027	0.0000	0.0008	0.0008	0.0000	0.0035	0.0039	0.0000	0.0011	0.0001	0.0018	0.0001	0.0001	0.0000	0.0042	0.0000	0.0026	0.0000	42.1750	-0.0004	0.0001	2.9919	4.9791	1.1331	0.0710	0.0010	0.0010	0.0000	0.0001	0.0001	0.0000	0.0009	0.0009	0.0000	0.0002	0.0000	0.0002	0.0000	0.0000	0.0000	0.0002	0.0000	0.0002	0.4091	0.3708	0.0383	0.1545	0.1472	0.0072	0.2546	0.2236	0.0310	0.1662	0.0653	0.1009	0.0713	0.0393	0.0320	0.0949	0.0260	0.0689	2.2273	41.6872	0.0000	13.0130	7.5243	0.0000	1.8422	inf	0.0000	0.0011	0.0001	0.0018	0.0001	0.0001	0.0000	0.0019	0.0000	0.0026	
28	53	0.1058	2	1	2	0	0	0	0	0	0	N	Y	N	N	N	N	N	N	N	N	N	N	0.0048	0.0058	0.0967	0.2208	0.0086	inf	0.0053	0.0581	0.0049	0.0001	0.0513	0.0041	0.0003	0.0815	0.0054	0.0000	0.0443	1.0247	0.0197	0.5303	0.0186	0.0338	0.0000	1.0229	0.0000	0.7623	46.2000	41.8630	0.0014	0.0286	2.9919	6.0000	1.1331	4.0006	0.0024	0.0000	0.0023	0.0007	0.0000	0.0007	0.0016	0.0000	0.0016	0.0939	0.0022	0.0917	0.0022	0.0022	0.0000	0.0917	0.0000	0.0917	0.4809	0.4359	0.0450	0.1797	0.1712	0.0085	0.3012	0.2646	0.0366	0.2842	0.1113	0.1729	0.1174	0.0648	0.0526	0.1667	0.0465	0.1203	0.0149	0.0058	0.0967	0.2208	0.0086	inf	0.0098	0.0000	0.0581	0.3303	0.0197	0.5303	0.0186	0.0338	0.0000	0.5498	0.0000	0.7623	
28	54	0.1589	4	1	1	1	0	0	0	0	0	N	N	N	N	N	N	N	N	N	N	N	N	3.7744	1.6373	0.0000	1.4831	0.8839	0.0000	487.4382	inf	0.0000	0.0010	0.0010	0.0000	0.0008	0.0008	0.0000	0.0034	0.0039	0.0000	0.0003	0.0006	0.0000	0.0005	0.0009	0.0000	0.0000	0.0000	0.0000	0.0000	0.0139	-0.0000	-0.0000	2.9919	0.0147	1.1331	0.9910	0.0000	0.0000	0.0000	0.0000	0.0000	0.0000	0.0000	0.0000	0.0000	0.0000	0.0000	0.0000	0.0000	0.0000	0.0000	0.0000	0.0000	0.0000	0.0106	0.0103	0.0003	0.0098	0.0096	0.0002	0.0008	0.0007	0.0001	0.0376	0.0156	0.0220	0.0182	0.0106	0.0076	0.0194	0.0050	0.0144	3.7744	1.6373	0.0000	1.4831	0.8839	0.0000	487.4382	inf	0.0000	0.0003	0.0006	0.0000	0.0005	0.0009	0.0000	0.0000	0.0000	0.0000
28	55	0.1479	3	1	1	0	0	0	0	0	0	N	N	N	N	N	N	N	N	N	N	N	N	217.3680	119.6141	0.0000	174.9136	106.5324	0.0000	364.5659	inf	0.0000	0.0063	0.0068	0.0000	0.0087	0.0090	0.0000	0.0035	0.0040	0.0000	0.0000	0.0001	0.0000	0.0000	0.0001	0.0000	0.0000	0.0000	0.0000	0.0000	0.2178	-0.0003	-0.0000	2.9919	0.9556	1.1331	1.0192	0.0007	0.0007	0.0000	0.0005	0.0005	0.0000	0.0002	0.0002	0.0000	0.0000	0.0000	0.0000	0.0000	0.0000	0.0000	0.0000	0.0000	0.0000	0.1107	0.1021	0.0086	0.0592	0.0571	0.0021	0.0515	0.0451	0.0064	0.0715	0.0298	0.0417	0.0344	0.0201	0.0143	0.0371	0.0097	0.0274	217.3680	119.6141	0.0000	174.9136	106.5324	0.0000	364.5659	inf	0.0000	0.0000	0.0001	0.0000	0.0000	0.0001	0.0000	0.0000	0.0000	0.0000
28	56	0.1058	2	1	1	0	0	0	0	0	0	N	N	N	N	N	N	N	N	N	N	N	N	9.0055	3.9223	0.0000	0.9023	0.5215	1342.0223	inf	0.0000	0.0075	0.0083	0.0000	0.0018	0.0018	0.0000	0.0111	0.0127	0.0000	0.0008	0.0021	0.0000	0.0019	0.0035	0.0000	0.0000	0.0000	0.0000	0.0000	0.0057	-0.0008	-0.0001	2.9919	3.0309	1.1331	3.0097	0.0020	0.0020	0.0000	0.0002	0.0002	0.0000	0.0018	0.0018	0.0000	0.0002	0.0002	0.0000	0.0002	0.0002	0.0000	0.0000	0.0000	0.0000	0.2614	0.2370	0.0244	0.1008	0.0961	0.0046	0.1607	0.1409	0.0198	0.1929	0.0757	0.1172	0.0822	0.0453	0.0369	0.1107	0.0304	0.0803	9.0055	3.9223	0.0000	0.9023	0.5215	0.0000	1342.0223	inf	0.0000	0.0008	0.0021	0.0000	0.0019	0.0035	0.0000	0.0000	0.0000	0.0000	
28	57	0.1058	2	1	1	0	0	0	0	0	0	N	N	N	N	N	N	N	N	N	N	N	N	0.0000	0.0000	0.0000	0.0000	0.0000	0.0000	0.0000	0.0000	0.0000	0.0000	0.0000	0.0000	0.0000	0.0000	0.0000	0.0000	0.5511	0.1215	0.3926	0.0740	0.1343	0.0000	0.9356	0.0000	0.5729	7.5603	0.0000	0.0109	2.9919	3.0000	1.1331	3.0006	0.0000	0.0000	0.0000	0.0000	0.0000	0.0000	0.0000	0.0000	0.0000	0.0518	0.0060	0.0457	0.0060	0.0060	0.0000	0.0457	0.0000	0.0457	0.2590	0.2348	0.0242	0.0999	0.0953	0.0046	0.1591	0.1395	0.0196	0.1918	0.0753	0.1165	0.0817	0.0451	0.0367	0.1101	0.0303	0.0798	0.0000	0.0000	0.0000	0.0000	0.0000	0.0000	0.0000	0.0000	0.0000	0.2700	0.0803	0.3926	0.0740	0.1343	0.0000	0.4154	0.0000	0.5729			
28	58	0.2514	4	1	1	0	0	0	0	0	0	N	N	N	N	N	N	N	N	N	N	N	N	0.7442	0.4664	0.0001	0.9740	0.6665	0.0006	0.0092	0.0078	0.0000	0.0022	0.0024	0.0000	0.0050	0.0053	0.0000	0.0000	0.0000	0.0000	0.0030	0.0052	0.0012	0.0052	0.0079	0.0002	0.0022	0.0029	0.0016	0.0000	0.2742	-0.0007	-0.0006	2.9919	10.2575	1.1331	3.8960	0.0019	0.0019	0.0000	0.0019	0.0019	0.0000	0.0000	0.0000	0.0000	0.0012	0.0010	0.0003	0.0010	0.0010	0.0000	0.0002	0.0000	0.0002	0.8707	0.7933	0.0774	0.3825	0.3638	0.0186	0.4882	0.4295	0.0588	0.4136	0.1853	0.2283	0.1908	0.1221	0.0687	0.2229	0.0633	0.1596	0.7442	0.4664	0.0001	0.9740	0.6665	0.0006	0.0180	5.9703	0.0000	0.0030	0.0052	0.0012	0.0052	0.0079	0.0002	0.0011	0.0000	0.0016
28	59	0.2254	3	2	2	1	0	0	0	0	0	Y	Y	N	N	N	N	N	N	N	N	N	N	0.0000	0.0000	0.0000	0.0000	0.0000	0.0000	0.0000	0.0000	0.0000	0.0000	0.0000	0.0000	0.0000	0.0000	0.0000	0.0000	0.0000	0.0000	0.0000	0.0000	2.9919	0.0000	1.1331	0.0000	0.0000	0.0000	0.0000	0.0000	0.0000	0.0000	0.0000	0.0000	0.0000	0.0000	0.0000	0.0000	0.0000	0.0000	0.0000	0.0000	0.0000	0.0000	0.0000	0.0000	0.0000	0.0000	0.0000	0.0000	0.0000	0.0000	0.0000	0.0000	0.0000	0.0000	0.0000	0.0000	0.0000	0.0000	0.0000	0.0000	0.0000	0.0000	0.0000	0.0000	0.0000	0.0000	0.0000	0.0000	0.0000	0.0000	0.0000	0.0000	0.0000	0.0000	0.0000	0.0000	0.0000	0.0000											
28	60	0.1058	2	2	1	1	0	0	0	0	0	Y	N	N	N	N	N	N	N	N	N	N	N	0.0049	0.0055	0.0908	0.2077	0.0081	inf	0.0047	0.0547	0.0043	0.0001	0.0450	0.0037	0.0003	0.0718	0.0047	0.0000	0.0388	0.8876	0.0184	0.4958	0.0176	0.0318	0.0000	0.9980	0.0000	0.7103	46.2000	41.8630	0.0014	0.0286	2.9919	7.0000	1.1331	3.9994	0.0024	0.0000	0.0023	0.0007	0.0000	0.0007	0.0016	0.0000	0.0016	0.0939	0.0022	0.0917	0.0022	0.0022	0.0000	0.0917	0.0000	0.0917	0.5479	0.4965	0.0513	0.2027	0.1931	0.0096	0.3452	0.3035	0.0417	0.3038	0.1189	0.1849	0.1246	0.0688	0.0558	0.1792	0.0501	0.1291	0.0139	0.0055	0.0908	0.2077	0.0081	inf	0.0092	0.0000	0.0547	0.3090	0.0184	0.4958	0.0176	0.0318	0.0000	0.5116	0.0000	0.7103	
28	61	0.1883	3	2	1	1	0	0	0	0	0	Y	N	N	N	N	N	N	N	N	N	N	N	0.0000	0.0000	0.0000	0.0000	0.0000	0.0000	0.0000	0.0000	0.0000	0.0000	0.0000	0.0000	0.0000	0.0000	0.0000	0.0000	0.0000	0.0000	0.0000	0.0000	2.9919	2.0000	1.1331	0.0000	0.0000	0.0000	0.0000	0.0000	0.0000	0.0000	0.0000	0.0000	0.0000	0.0000	0.0000	0.0000	0.0000	0.0000	0.0000	0.0000	0.0000	0.0000	0.1553	0.1420	0.0133	0.0817	0.0777	0.0040	0.0736	0.0643	0.0093	0.0650	0.0301	0.0348	0.0169	0.0160	0.0010	0.0480	0.0142	0.0338	0.0000	0.0000	0.0000	0.0000	0.0000	0.0000	0.0000	0.0000	0.0000	0.0000	0.0000	0.0000	0.0000	0.0000	0.0000	0.0000	0.0000	0.0000											
28	62	0.1058	2	2	1	1	0	0	0	0	0	Y	N	N	N	N	N	N	N	N	N	N	N	0.0001	0.0071	0.0000	0.0180	0.0104	0.0000	0.0000	0.0001	0.0002	0.0000	0.0004	0.0004	0.0000	0.0000	0.0000	0.0000	1.2687	0.0232	0.6259	0.0217	0.0393	0.0000	1.3116	0.0000	0.9065	0.0000	41.8630	-0.0000	0.0286	2.9919	4.0000	1.1331	3.9994	0.0001	0.0001	0.0000	0.0001	0.0001	0.0000	0.0000	0.0000	0.0000	0.0939	0.0022	0.0917	0.0022	0.0022	0.0000	0.0917	0.0000	0.0917	0.3367	0.3052	0.0315	0.1284	0.1225	0.0060	0.2083	0.1827	0.0255	0.2409	0.0945	0.1465	0.1011	0.0558	0.0453	0.1398	0.0387	0.1011	0.0004	0.0071	0.0000	0.0180	0.0104	0.0000	0.0000	0.0000	0.0000	0.3896	0.0232	0.6259	0.0217	0.0393	0.0000	0.6556	0.0000	0.9065		
28	63	0.1058	2	1	2	0	0	0	0	0	0	N	Y	N	N	N	N	N	N	N	N	N	N	18245.3225	7878.5193	40.3662	23.3916	inf	inf	1.8018	1.9880	0.0000	0.0097	0.0102	0.0000	2.8540	3.2463	0.0000	0.0001	0.0003	0.0000	0.0002	0.0004	0.0000	0.0000	0.0000	0.0000	0.0000	0.0000	-0.3805	-0.0000	2.9919	7.0000	1.1331	4.0000	0.9871	0.9871	0.0000	0.0020	0.0020	0.0000	0.9852	0.9852	0.0000	0.0000	0.0000	0.0000	0.0000	0.0000	0.0000	0.0000	0.0000	0.0000	0.5479	0.4965	0.0513	0.2027	0.1931	0.0096	0.3452	0.3035	0.0417	0.3038	0.1189	0.1849	0.1246	0.0688	0.0558	0.1792	0.0501	0.1291	18245.3225	7878.5193	0.0000	40.3662	23.3916	0.0000	inf	inf	0.0000	0.0001	0.0003	0.0000	0.0002	0.0004	0.0000	0.0000	0.0000	0.0000			
28	64	0.2125	5	1	1	1	0	0	0	0	0	N	N	N	N	N	N	N	N	N	N	N	N	0.0000	0.0000	0.0000	0.0000	0.0000	0.0000	0.0000	0.0000	0.0000	0.0000	0.0000	0.0000	0.0000	0.0000	0.0000	0.0000	0.0000	0.0000	0.0000	0.0000	2.9919	0.0000	1.1331	0.0000	0.0000	0.0000	0.0000	0.0000	0.0000	0.0000	0.0000	0.0000	0.0000	0.0000	0.0000	0.0000	0.0000	0.0000	0.0000	0.0000	0.0000	0.0000	0.0000	0.0000	0.0000	0.0000	0.0000	0.0000	0.0000	0.0000	0.0000	0.0000	0.0000	0.0000	0.0000	0.0000	0.0000	0.0000	0.0000	0.0000	0.0000	0.0000	0.0000	0.0000	0.0000	0.0000	0.0000	0.0000	0.0000	0.0000	0.0000	0.0000	0.0000	0.0000	0.0000	0.0000	0.0000	0.0000											
28	65	0.1882	4	1	1	1	0	0	0	0	0	N	N	N	N	N	N	N	N	N	N	N	N	0.0000	0.0000	0.0000	0.0000	0.0000	0.0000	0.0000	0.0000	0.0000	0.0000	0.0000	0.0000	0.0000	0.0048	0.0117	0.0000	0.0218	0.0230	0.0000	0.0000	0.0000	0.0000	0.0000	0.0000	-0.0002	2.9919	0.8734	1.1331	1.0002	0.0000	0.0000	0.0000	0.0000	0.0000	0.0000	0.0000	0.0000	0.0000	0.0004	0.0004	0.0000	0.0004	0.0004	0.0000	0.0000	0.0000	0.0000	0.0742	0.0675	0.0067	0.0345	0.0329	0.0016	0.0397	0.0346	0.0051	0.0767	0.0317	0.0450	0.0170	0.0161	0.0009	0.0598	0.0156	0.0441	0.0000	0.0000	0.0000	0.0000	0.0000	0.0000	0.0000	0.0000	0.0000	0.0048	0.0117	0.0000	0.0218	0.0230	0.0000	0.0000	0.0000	0.0000						
28	66	0.1737	3	1	1	0	0	0	0	0	0	N	N	N	N	N	N	N	N	N	N	N	N	0.0436	0.0471	0.0006	0.0568	0.0566	0.0132	0.0012	inf	0.0004	0.0000	0.0000	0.0000	0.0000	0.0001	0.0000	0.0000	0.0000	0.0000	0.0005	0.0005	0.0005	0.0009	0.0009	0.0000	0.0004	0.0000	0.0005	0.0012	1.1883	-0.0000	-0.0000	2.9919	1.0063	1.1331	0.0727	0.0000	0.0000	0.0000	0.0000	0.0000	0.0000	0.0000	0.0000	0.0000	0.0000	0.0000	0.0000	0.0000	0.0000	0.0000	0.0000	0.0000	0.0000	0.0869	0.0791	0.0078	0.0408	0.0389	0.0018	0.0461	0.0402	0.0059	0.0566	0.0255	0.0311	0.0160	0.0152	0.0008	0.0406	0.0103	0.0303	0.0436	0.0471	0.0006	0.0568	0.0566	0.0132	0.0012	inf	0.0004	0.0005	0.0005	0.0005	0.0009	0.0009	0.0000	0.0004	0.0000	0.0005
28	67	0.1058	2	1	1	0	0	0	0	0	0	N	N	N	N	N	N	N	N	N	N	N	N	0.0330	0.0252	0.0180	0.0297	0.0170	inf	0.0378	inf	0.0138	0.0000	0.0000	0.0000	0.0000	0.0000	0.0000	0.0000	0.0000	0.0000	0.0002	0.0003	0.0001	0.0002	0.0004	0.0000	0.0001	0.0000	0.0002	0.0397	0.8315	-0.0000	-0.0000	2.9919	4.0009	1.1331	1.0789	0.0000	0.0000	0.0000	0.0000	0.0000	0.0000	0.0000	0.0000	0.0000	0.0000	0.0000	0.0000	0.0000	0.0000	0.0000	0.0000	0.0000	0.0000	0.3368	0.3053	0.0315	0.1285	0.1225	0.0060	0.2083	0.1828	0.0255	0.1670	0.0656	0.1014	0.0717	0.0395	0.0322	0.0954	0.0261	0.0692	0.0330	0.0252	0.0180	0.0297	0.0170	inf	0.0378	inf	0.0138	0.0002	0.0003	0.0001	0.0002	0.0004	0.0000	0.0001	0.0000	0.0002
28	68	0.1058	2	1	2	0	0	0	0	0	0	N	Y	N	N	N	N	N	N	N	N	N	N	0.4969	0.0005	inf	0.0421	0.0195	inf	0.5379	0.0003	inf	2.4386	0.0052	26.0134	0.0013	0.0011	0.0055	3.9168	0.0079	32.0657	4.9079	9.6477	0.0000	0.0307	0.0556	0.0000	7.2822	23.2450	0.0000	515.1289	0.0000	0.6134	-0.6688	2.9919	5.0000	1.1331	3.9994	1.0013	0.0019	0.9994	0.0002	0.0002	0.0000	1.0011	0.0018	0.9993	0.9951	0.9951	0.0000	0.0034	0.0034	0.0000	0.9917	0.9917	0.0000	0.4106	0.3722	0.0384	0.1550	0.1478	0.0073	0.2556	0.2244	0.0312	0.2632	0.1031	0.1601	0.1096	0.0605	0.0491	0.1536	0.0427	0.1110	0.6451	0.0005	inf	0.0421	0.0195	inf	0.6067	0.0003	inf	3.7803	9.6477	0.0000	0.0307	0.0556	0.0000	6.4559	23.2450	0.0000
28	69	0.1058	2	2	1	1	0	0	0	0	0	Y	N	N	N	N	N	N	N	N	N	N	N	0.0043	0.0849	inf	inf	0.0045	0.0509	0.0042	0.0000	0.0450	0.0034	0.0000	0.0718	0.0047	0.0000	0.0388	0.9702	0.0000	0.5303	0.0000	0.0000	0.0000	1.0438	0.0000	0.7624	inf	inf	0.0014	0.0301	2.9919	7.0000	1.1331	2.9994	0.0023	0.0000	0.0023	0.0007	0.0000	0.0007	0.0016	0.0000	0.0016	0.0917	0.0000	0.0917	0.0000	0.0000	0.0000	0.0917	0.0000	0.0917	0.5479	0.4965	0.0513	0.2027	0.1931	0.0096	0.3452	0.3035	0.0417	0.2842	0.1113	0.1729	0.1174	0.0648	0.0526	0.1667	0.0465	0.1203	0.0131	0.0000	0.0849	inf	0.0000	inf	0.0085	0.0000	0.0509	0.3226	0.0000	0.5303	0.0000	0.0000	0.0000	0.5499	0.0000	0.7624			
28	70	0.1058	2	1	2	0	1	0	0	0	0	N	Y	N	N	N	N	N	N	N	N	N	N	0.0332	65.5634	0.0000	13.6555	7.9010	0.0121	inf	0.0000	0.0058	0.0064	0.0000	0.0012	0.0013	0.0000	0.0085	0.0097	0.0000	0.1738	0.0001	0.2857	0.0001	0.0002	0.0000	0.7063	0.0000	0.4122	0.0000	4574.0000	-0.0007	0.0150	2.9919	4.0000	1.1331	5.0006	0.0019	0.0019	0.0000	0.0002	0.0002	0.0000	0.0018	0.0018	0.0000	0.0458	0.0000	0.0457	0.0000	0.0000	0.0000	0.0457	0.0000	0.0457	0.3367	0.3052	0.0315	0.1284	0.1225	0.0060	0.2083	0.1827	0.0255	0.2633	0.1032	0.1601	0.1096	0.0605	0.0491	0.1536	0.0427	0.1110	0.0332	65.5634	0.0000	13.6555	7.9010	0.0000	0.0287	inf	0.0000	0.1738	0.0001	0.2857	0.0001	0.0002	0.0000	0.2977	0.0000	0.4122	
28	71	0.1058	2	1	2	0	0	0	0	0	0	N	Y	N	N	N	N	N	N	N	N	N	N	0.1713	1.2950	0.0000	0.1282	0.2019	0.0000	0.1707	inf	0.0000	0.0036	0.0040	0.0000	0.0010	0.0011	0.0000	0.0052	0.0059	0.0000	0.0212	0.0031	0.0328	0.0081	0.0054	0.0114	0.0302	0.0000	0.0420	0.0000	16.5128	-0.0008	0.0018	2.9919	7.0000	1.1331	4.9994	0.0020	0.0020	0.0000	0.0002	0.0002	0.0000	0.0018	0.0018	0.0000	0.0068	0.0004	0.0064	0.0011	0.0004	0.0007	0.0058	0.0000	0.0058	0.5479	0.4965	0.0513	0.2027	0.1931	0.0096	0.3452	0.3035	0.0417	0.3222	0.1260	0.1962	0.1311	0.0724	0.0587	0.1911	0.0536	0.1374	0.1713	1.2950	0.0000	0.1282	0.2019	0.0000	0.1707	inf	0.0000	0.0212	0.0031	0.0328	0.0081	0.0054	0.0114	0.0302	0.0000	0.0420
28	72	0.1624	3	1	2	0	0	0	0	0	0	N	Y	N	N	N	N	N	N	N	N	N	N	0.0331	0.9472	0.0000	1.7882	1.1737	1.1695	0.0065	inf	0.0000	0.0020	0.0022	0.0000	0.0031	0.0033	0.0000	0.0009	0.0011	0.0000	0.0602	0.0023	0.1074	0.0018	0.0028	0.0000	0.1436	0.0000	0.1792	0.0000	57.0957	-0.0003	0.0032	2.9919	4.7764	1.1331	1.3205	0.0008	0.0008	0.0000	0.0006	0.0006	0.0000	0.0002	0.0002	0.0000	0.0103	0.0002	0.0101	0.0002	0.0002	0.0000	0.0101	0.0000	0.0101	0.3890	0.3553	0.0337	0.1863	0.1773	0.0090	0.2027	0.1780	0.0247	0.1706	0.0767	0.0940	0.1004	0.0627	0.0377	0.0703	0.0140	0.0563	0.0331	0.9472	0.0000	1.7882	1.1737	1.1695	0.0065	inf	0.0000	0.0602	0.0023	0.1074	0.0018	0.0028	0.0000	0.1436	0.0000	0.1792
28	73	0.1058	2	1	2	0	0	0	0	0	0	N	Y	N	N	N	N	N	N	N	N	N	N	0.0040	0.2211	0.0000	0.5618	0.3247	0.0000	inf	0.0000	0.0053	0.0059	0.0000	0.0138	0.0144	0.0000	0.0001	0.0001	0.0000	1.3311	0.0266	0.6953	0.0245	0.0445	0.0000	1.4754	0.0000	1.0145	0.0000	40.4294	-0.0006	0.0254	2.9919	3.3049	1.1331	2.7470	0.0015	0.0015	0.0000	0.0015	0.0015	0.0000	0.0000	0.0000	0.0000	0.0836	0.0020	0.0816	0.0020	0.0020	0.0000	0.0816	0.0000	0.0816	0.2831	0.2566	0.0264	0.1088	0.1038	0.0050	0.1743	0.1529	0.0214	0.1932	0.0758	0.1173	0.0823	0.0454	0.0369	0.1109	0.0305	0.0804	0.0123	0.2211	0.0000	0.5618	0.3247	0.0000	0.0001	inf	0.0000	0.4327	0.0266	0.6953	0.0245	0.0445	0.0000	0.7356	0.0000	1.0145	
28	74	0.1646	3	1	2	0	0	0	0	0	0	N	Y	N	N	N	N	N	N	N	N	N	N	0.0000	0.0000	0.0000	0.0000	0.0000	0.0000	0.0000	0.0000	0.0000	0.0000	0.0000	0.0000	0.0000	0.0000	0.0000	0.0000	0.0000	0.0000	0.0000	0.0000	2.9919	0.0000	1.1331	0.0000	0.0000	0.0000	0.0000	0.0000	0.0000	0.0000	0.0000	0.0000	0.0000	0.0000	0.0000	0.0000	0.0000	0.0000	0.0000	0.0000	0.0000	0.0000	0.0000	0.0000	0.0000	0.0000	0.0000	0.0000	0.0000	0.0000	0.0000	0.0000	0.0000	0.0000	0.0000	0.0000	0.0000	0.0000	0.0000	0.0000	0.0000	0.0000	0.0000	0.0000	0.0000	0.0000	0.0000	0.0000	0.0000	0.0000	0.0000	0.0000	0.0000	0.0000	0.0000	0.0000	0.0000	0.0000											
28	75	0.1058	2	1	2	0	0	0	0	0	0	N	Y	N	N	N	N	N	N	N	N	N	N	7.7611	3.3640	0.0000	0.6829	0.3949	5080.9003	17.8849	0.0000	0.0056	0.0062	0.0000	0.0012	0.0012	0.0000	0.0083	0.0095	0.0000	0.0007	0.0018	0.0000	0.0017	0.0031	0.0000	0.0000	0.0005	0.0000	0.0000	0.0012	-0.0008	-0.0001	2.9919	4.3567	1.1331	2.3689	0.0020	0.0020	0.0000	0.0002	0.0002	0.0000	0.0019	0.0019	0.0000	0.0002	0.0002	0.0000	0.0002	0.0002	0.0000	0.0000	0.0000	0.0000	0.3635	0.3295	0.0340	0.1381	0.1317	0.0064	0.2253	0.1978	0.0276	0.2104	0.0826	0.1278	0.0891	0.0492	0.0400	0.1212	0.0334	0.0878	7.7611	3.3640	0.0000	0.6829	0.3949	0.0000	5080.9003	31900.4664	0.0000	0.0007	0.0018	0.0000	0.0017	0.0031	0.0000	0.0000	0.0000	0.0000	
28	76	0.1732	5	2	2	0	1	0	0	0	0	Y	Y	N	N	N	N	N	N	N	N	N	N	0.0000	0.0000	0.0000	0.0000	0.0000	0.0000	0.0000	0.0000	0.0000	0.0000	0.0000	0.0000	0.0000	0.0000	0.0000	0.0000	0.0000	0.0000	0.0000	0.0000	2.9919	0.0000	1.1331	0.0000	0.0000	0.0000	0.0000	0.0000	0.0000	0.0000	0.0000	0.0000	0.0000	0.0000	0.0000	0.0000	0.0000	0.0000	0.0000	0.0000	0.0000	0.0000	0.0000	0.0000	0.0000	0.0000	0.0000	0.0000	0.0000	0.0000	0.0000	0.0000	0.0000	0.0000	0.0000	0.0000	0.0000	0.0000	0.0000	0.0000	0.0000	0.0000	0.0000	0.0000	0.0000	0.0000	0.0000	0.0000	0.0000	0.0000	0.0000	0.0000	0.0000	0.0000	0.0000	0.0000	0.0000	0.0000											
28	77	0.1649	4	2	2	0	1	0	0	0	0	Y	Y	N	N	N	N	N	N	N	N	N	N	0.0000	0.0000	0.0000	0.0000	0.0000	0.0000	0.0000	0.0000	0.0000	0.0000	0.0000	0.0000	0.0000	0.0000	0.0000	0.0001	0.0000	0.0001	0.0000	0.0000	0.0005	0.0001	0.0000	0.0001	inf	0.0000	0.0000	2.9919	1.0073	1.1331	0.3366	0.0000	0.0000	0.0000	0.0000	0.0000	0.0000	0.0000	0.0000	0.0000	0.0000	0.0000	0.0000	0.0000	0.0000	0.0000	0.0000	0.0000	0.0000	0.0898	0.0817	0.0081	0.0374	0.0359	0.0015	0.0524	0.0458	0.0066	0.0270	0.0091	0.0179	0.0022	0.0022	0.0000	0.0248	0.0069	0.0179	0.0000	0.0000	0.0000	0.0000	0.0000	0.0000	0.0000	0.0000	0.0000	0.0001	0.0000	0.0001	0.0000	0.0000	0.0005	0.0001	0.0000	0.0001				
28	78	0.1907	4	1	2	0	1	0	0	0	0	N	Y	N	N	N	N	N	N	N	N	N	N	0.0000	0.0000	0.0000	0.0000	0.0000	0.0000	0.0000	0.0000	0.0000	0.0000	0.0000	0.0000	0.0000	0.0000	0.0000	0.0000	0.0000	0.0000	0.0000	0.0000	2.9919	0.0000	1.1331	0.0000	0.0000	0.0000	0.0000	0.0000	0.0000	0.0000	0.0000	0.0000	0.0000	0.0000	0.0000	0.0000	0.0000	0.0000	0.0000	0.0000	0.0000	0.0000	0.0000	0.0000	0.0000	0.0000	0.0000	0.0000	0.0000	0.0000	0.0000	0.0000	0.0000	0.0000	0.0000	0.0000	0.0000	0.0000	0.0000	0.0000	0.0000	0.0000	0.0000	0.0000	0.0000	0.0000	0.0000	0.0000	0.0000	0.0000	0.0000	0.0000	0.0000	0.0000	0.0000	0.0000	0.0000	0.0000											
28	79	0.1824	3	1	2	0	1	0	0	0	0	N	Y	N	N	N	N	N	N	N	N	N	N	0.0000	0.0000	0.0000	0.0000	0.0000	0.0000	0.0000	0.0000	0.0000	0.0000	0.0000	0.0000	0.0000	0.0000	0.0000	0.0000	0.0000	0.0000	0.0000	0.0000	2.9919	0.0000	1.1331	1.0000	0.0000	0.0000	0.0000	0.0000	0.0000	0.0000	0.0000	0.0000	0.0000	0.0000	0.0000	0.0000	0.0000	0.0000	0.0000	0.0000	0.0000	0.0000	0.0000	0.0000	0.0000	0.0000	0.0000	0.0000	0.0000	0.0000	0.0000	0.0401	0.0156	0.0245	0.0054	0.0049	0.0004	0.0347	0.0106	0.0241	0.0000	0.0000	0.0000	0.0000	0.0000	0.0000	0.0000	0.0000	0.0000	0.0000	0.0000	0.0000	0.0000	0.0000	0.0000	0.0000	0.0000	0.0000											
28	80	0.1649	4	1	2	0	0	0	0	0	0	N	Y	N	N	N	N	N	N	N	N	N	N	0.0000	0.0000	0.0000	0.0000	0.0000	0.0000	0.0000	0.0000	0.0000	0.0000	0.0000	0.0000	0.0000	0.0000	0.0000	0.0000	0.0000	0.0000	0.0000	0.0000	0.0002	0.0000	0.0000	0.0000	inf	0.0000	0.0000	2.9919	3.9927	1.1331	1.0002	0.0000	0.0000	0.0000	0.0000	0.0000	0.0000	0.0000	0.0000	0.0000	0.0000	0.0000	0.0000	0.0000	0.0000	0.0000	0.0000	0.0000	0.0000	0.3291	0.2992	0.0299	0.1331	0.1273	0.0057	0.1960	0.1719	0.0241	0.0859	0.0280	0.0579	0.0041	0.0041	0.0000	0.0818	0.0239	0.0579	0.0000	0.0000	0.0000	0.0000	0.0000	0.0000	0.0000	0.0000	0.0000	0.0000	0.0000	0.0000	0.0000	0.0000	0.0002	0.0000	0.0000	0.0000				
28	81	0.1602	3	1	2	0	0	0	0	0	0	N	Y	N	N	N	N	N	N	N	N	N	N	0.0000	0.0000	0.0000	0.0000	0.0000	0.0000	0.0000	0.0000	0.0000	0.0000	0.0000	0.0000	0.0000	0.0000	0.0000	0.0000	0.0002	0.0005	0.0000	0.0046	0.0046	0.0000	0.0000	0.0000	0.0000	0.0007	0.0000	-0.0000	2.9919	0.0110	1.1331	0.6549	0.0000	0.0000	0.0000	0.0000	0.0000	0.0000	0.0000	0.0000	0.0000	0.0000	0.0000	0.0000	0.0000	0.0000	0.0000	0.0000	0.0000	0.0000	0.0010	0.0009	0.0001	0.0004	0.0004	0.0000	0.0006	0.0005	0.0001	0.0122	0.0039	0.0084	0.0004	0.0004	0.0000	0.0118	0.0035	0.0084	0.0000	0.0000	0.0000	0.0000	0.0000	0.0000	0.0000	0.0000	0.0000	0.0002	0.0005	0.0000	0.0046	0.0046	0.0000	0.0000	0.0000	0.0000			
28	82	0.1824	3	1	1	1	1	0	0	0	0	N	N	N	N	N	N	N	N	N	N	N	N	0.0000	0.0000	0.0000	0.0000	0.0000	0.0000	0.0000	0.0000	0.0000	0.0000	0.0000	0.0000	0.0000	0.0000	0.0000	0.0000	0.0000	0.0000	0.0000	0.0000	2.9919	1.0000	1.1331	0.0000	0.0000	0.0000	0.0000	0.0000	0.0000	0.0000	0.0000	0.0000	0.0000	0.0000	0.0000	0.0000	0.0000	0.0000	0.0000	0.0000	0.0000	0.0000	0.0888	0.0807	0.0081	0.0328	0.0316	0.0012	0.0560	0.0491	0.0070	0.0401	0.0156	0.0245	0.0054	0.0049	0.0004	0.0347	0.0106	0.0241	0.0000	0.0000	0.0000	0.0000	0.0000	0.0000	0.0000	0.0000	0.0000	0.0000	0.0000	0.0000	0.0000	0.0000	0.0000	0.0000	0.0000	0.0000											
28	83	0.1824	3	1	1	1	1	0	0	0	0	N	N	N	N	N	N	N	N	N	N	N	N	0.0000	0.0000	0.0000	0.0000	0.0000	0.0000	0.0000	0.0000	0.0000	0.0000	0.0000	0.0000	0.0000	0.0000	0.0000	0.0000	0.0000	0.0000	0.0000	0.0000	2.9919	0.0000	1.1331	0.0000	0.0000	0.0000	0.0000	0.0000	0.0000	0.0000	0.0000	0.0000	0.0000	0.0000	0.0000	0.0000	0.0000	0.0000	0.0000	0.0000	0.0000	0.0000	0.0000	0.0000	0.0000	0.0000	0.0000	0.0000	0.0000	0.0000	0.0000	0.0000	0.0000	0.0000	0.0000	0.0000	0.0000	0.0000	0.0000	0.0000	0.0000	0.0000	0.0000	0.0000	0.0000	0.0000	0.0000	0.0000	0.0000	0.0000	0.0000	0.0000	0.0000	0.0000	0.0000	0.0000	0.0000	0.0000											
28	84	0.1058	2	1	1	0	1	0	0	0	0	N	N	N	N	N	N	N	N	N	N	N	N	0.0124	0.1230	0.1302	0.3763	0.2250	2.5498	0.0087	0.1030	0.0158	0.0091	0.0806	0.0230	0.0225	0.0348	0.0112	0.0000	0.0914	1.2724	0.0741	0.6191	0.0612	0.0999	0.0136	1.2926	0.0000	0.8872	0.9112	16.4089	0.0004	0.0284	2.9919	3.0000	1.1331	5.9994	0.0041	0.0021	0.0020	0.0023	0.0021	0.0002	0.0018	0.0000	0.0018	0.1052	0.0060	0.0991	0.0067	0.0060	0.0007	0.0984	0.0000	0.0984	0.2590	0.2348	0.0242	0.0999	0.0953	0.0046	0.1591	0.1395	0.0196	0.2632	0.1031	0.1601	0.1096	0.0605	0.0491	0.1536	0.0427	0.1110	0.0395	0.1556	0.1302	0.3763	0.2250	2.5498	0.0176	0.0000	0.1030	0.3995	0.0586	0.6191	0.0612	0.0999	0.0136	0.6408	0.0000	0.8872	
28	85	0.2434	3	2	2	0	0	0	0	0	0	Y	Y	N	N	N	N	N	N	N	N	N	N	0.0000	0.0000	0.0000	0.0000	0.0000	0.0000	0.0000	0.0000	0.0000	0.0000	0.0000	0.0000	0.0000	0.0000	0.0000	0.0000	0.0000	0.0000	0.0000	0.0000	2.9919	0.0000	1.1331	0.0000	0.0000	0.0000	0.0000	0.0000	0.0000	0.0000	0.0000	0.0000	0.0000	0.0000	0.0000	0.0000	0.0000	0.0000	0.0000	0.0000	0.0000	0.0000	0.0000	0.0000	0.0000	0.0000	0.0000	0.0000	0.0000	0.0000	0.0000	0.0000	0.0000	0.0000	0.0000	0.0000	0.0000	0.0000	0.0000	0.0000	0.0000	0.0000	0.0000	0.0000	0.0000	0.0000	0.0000	0.0000	0.0000	0.0000	0.0000	0.0000	0.0000	0.0000	0.0000	0.0000	0.0000	0.0000											
28	86	0.1058	2	2	2	0	0	0	0	0	0	Y	Y	N	N	N	N	N	N	N	N	N	N	0.0056	0.0000	0.1015	0.1302	0.0000	1.9341	0.0071	0.0810	0.0047	0.0000	0.0508	0.0010	0.0000	0.0221	0.0070	0.0000	0.0574	0.8500	0.0029	0.5001	0.0079	0.0051	0.0114	0.9843	0.0000	0.7090	inf	265.1892	0.0012	0.0319	2.9919	5.0000	1.1331	7.0006	0.0020	0.0000	0.0020	0.0002	0.0000	0.0002	0.0018	0.0000	0.0018	0.0985	0.0004	0.0981	0.0010	0.0004	0.0007	0.0975	0.0000	0.0975	0.4106	0.3722	0.0384	0.1550	0.1478	0.0073	0.2556	0.2244	0.0312	0.3222	0.1260	0.1962	0.1311	0.0724	0.0587	0.1911	0.0536	0.1374	0.0155	0.0000	0.1015	0.1302	0.0000	1.9341	0.0137	0.0000	0.0810	0.3057	0.0029	0.5001	0.0079	0.0051	0.0114	0.5100	0.0000	0.7090	
28	87	0.1058	2	1	2	0	0	0	0	0	0	N	Y	N	N	N	N	N	N	N	N	N	N	0.0137	0.1926	0.3921	3.8817	0.0152	0.1497	0.0213	0.0000	0.2290	0.0045	0.0000	0.0984	0.0323	0.0000	0.2601	1.5521	0.0000	1.1892	0.0114	0.0000	0.0254	2.1315	0.0000	1.7374	inf	inf	0.0012	0.0322	2.9919	1.0000	1.1331	3.0006	0.0019	0.0000	0.0019	0.0002	0.0000	0.0002	0.0018	0.0000	0.0018	0.0981	0.0000	0.0981	0.0007	0.0000	0.0007	0.0975	0.0000	0.0975	0.0909	0.0825	0.0085	0.0358	0.0342	0.0016	0.0551	0.0482	0.0068	0.1360	0.0535	0.0825	0.0588	0.0324	0.0264	0.0772	0.0211	0.0561	0.0296	0.0000	0.1926	0.3921	0.0000	3.8817	0.0256	0.0000	0.1497	0.7214	0.0000	1.1892	0.0114	0.0000	0.0254	1.2630	0.0000	1.7374			
28	88	0.1602	3	2	2	0	0	0	0	0	0	Y	Y	N	N	N	N	N	N	N	N	N	N	0.0000	0.0000	0.0000	0.0000	0.0000	0.0000	0.0000	0.0000	0.0000	0.0000	0.0000	0.0000	0.0000	0.0000	0.0000	0.0000	0.0000	0.0000	0.0000	0.0000	2.9919	0.0000	1.1331	0.0000	0.0000	0.0000	0.0000	0.0000	0.0000	0.0000	0.0000	0.0000	0.0000	0.0000	0.0000	0.0000	0.0000	0.0000	0.0000	0.0000	0.0000	0.0000	0.0000	0.0000	0.0000	0.0000	0.0000	0.0000	0.0000	0.0000	0.0000	0.0000	0.0000	0.0000	0.0000	0.0000	0.0000	0.0000	0.0000	0.0000	0.0000	0.0000	0.0000	0.0000	0.0000	0.0000	0.0000	0.0000	0.0000	0.0000	0.0000	0.0000	0.0000	0.0000	0.0000	0.0000	0.0000	0.0000											
28	89	0.1058	2	1	2	0	0	0	0	0	0	N	Y	N	N	N	N	N	N	N	N	N	N	4.4429	0.0000	93.3687	2.5493	0.0000	24.6149	6.9275	79.9996	5.9056	0.0000	63.1758	0.0169	0.0000	0.3638	9.5378	0.0000	77.8650	1.3292	0.0000	0.6766	0.0066	0.0000	0.0148	1.3768	0.0000	0.9733	inf	70792856.8994	1.2220	0.0325	2.9919	4.0000	1.1331	4.0001	1.9884	0.0000	1.9884	0.0022	0.0000	0.0022	1.9863	0.0000	1.9863	0.0991	0.0000	0.0991	0.0007	0.0000	0.0007	0.0984	0.0000	0.0984	0.3367	0.3052	0.0315	0.1284	0.1225	0.0060	0.2083	0.1827	0.0255	0.2409	0.0945	0.1465	0.1011	0.0558	0.0453	0.1398	0.0387	0.1011	14.3572	0.0000	93.3687	2.5493	0.0000	24.6149	13.5491	0.0000	79.9996	0.4113	0.0000	0.6766	0.0066	0.0000	0.0148	0.7039	0.0000	0.9733	
28	91	0.2514	4	1	1	0	0	0	0	0	0	N	N	N	N	N	N	N	N	N	N	N	N	98.9376	0.0129	3909.2860	0.1739	0.0184	13.4040	602.2931	0.0006	6907.6239	1.0710	0.0003	12.0077	0.0038	0.0006	0.0668	1.8835	0.0000	15.7591	0.0108	0.0206	0.0031	0.0221	0.0319	0.0050	0.0031	0.0039	0.0023	4419.9996	0.1878	0.6148	-0.0024	2.9919	11.5137	1.1331	4.9035	1.0009	0.0002	1.0006	0.0016	0.0002	0.0013	0.9993	0.0000	0.9993	0.0047	0.0040	0.0007	0.0043	0.0040	0.0004	0.0004	0.0000	0.0004	0.9345	0.8512	0.0833	0.4040	0.3841	0.0199	0.5306	0.4671	0.0634	0.4374	0.1937	0.2437	0.1961	0.1248	0.0713	0.2413	0.0689	0.1723	98.9376	0.0129	3909.2860	0.1739	0.0184	13.4040	1154.5899	0.4044	6907.6239	0.0108	0.0206	0.0031	0.0221	0.0319	0.0050	0.0016	0.0000	0.0023
29	30	0.0888	2	0	1	0	1	0	0	0	0	N	N	N	N	N	N	N	N	N	N	N	N	199.2361	95.2298	0.0670	55.0037	56.9398	97.3687	0.0816	0.0796	0.0001	0.0001	0.0000	0.0004	0.0004	0.0000	0.0000	0.0000	0.0000	0.0000	0.0000	0.0000	0.0000	0.0000	0.0000	0.0000	0.0003	0.0000	0.0000	0.6667	-0.0000	-0.0000	5.0156	3.9676	4.8897	1.0007	0.0001	0.0001	0.0000	0.0000	0.0000	0.0000	0.0000	0.0000	0.0000	0.0000	0.0000	0.0000	0.0000	0.0000	0.0000	0.0000	0.0000	0.0000	0.5723	0.4956	0.0767	0.1268	0.1144	0.0124	0.4455	0.3812	0.0643	0.2794	0.0694	0.2100	0.0117	0.0110	0.0008	0.2676	0.0584	0.2092	199.2361	95.2298	0.0670	55.0037	56.9398	0.0000	97.3687	347.7050	0.0796	0.0000	0.0000	0.0000	0.0000	0.0000	0.0000	0.0000	0.0000	0.0000	
29	32	0.1177	2	0	0	1	0	0	0	0	0	N	N	N	N	N	N	N	N	N	N	N	N	704.0270	205.5742	0.5936	86.0722	82.1536	0.0000	4644.5196	23.8462	0.5991	1.5643	2.0699	0.0000	3.6970	3.7464	0.0000	0.0329	0.0558	0.0000	0.0022	0.0101	0.0000	0.0430	0.0456	0.0000	0.0000	0.0023	0.0000	0.0000	0.0029	-0.0123	-0.0001	5.0156	0.0319	4.8897	1.0050	0.0318	0.0318	0.0000	0.0314	0.0314	0.0000	0.0004	0.0004	0.0000	0.0002	0.0002	0.0000	0.0002	0.0002	0.0000	0.0000	0.0000	0.0000	0.0203	0.0154	0.0050	0.0085	0.0084	0.0001	0.0118	0.0070	0.0049	0.0779	0.0172	0.0608	0.0040	0.0038	0.0002	0.0739	0.0134	0.0606	704.0270	205.5742	0.5936	86.0722	82.1536	0.0000	4644.5196	20541.5439	0.5991	0.0022	0.0101	0.0000	0.0430	0.0456	0.0000	0.0000	0.0000	0.0000
29	33	0.0888	3	0	1	0	0	0	0	0	0	N	N	N	N	N	N	N	N	N	N	N	N	1.4896	0.3788	20.7836	0.0000	0.0000	1.1533	0.0127	24.3403	0.0087	0.0091	0.0000	0.0000	0.0000	0.0000	0.0148	0.0160	0.0000	0.0058	0.0241	0.0000	0.0000	0.0000	0.0000	0.0129	1.2572	0.0000	0.0001	0.0002	-0.0000	-0.0002	5.0156	0.0023	4.8897	1.0003	0.0000	0.0000	0.0000	0.0000	0.0000	0.0000	0.0000	0.0000	0.0000	0.0004	0.0004	0.0000	0.0000	0.0000	0.0000	0.0004	0.0004	0.0000	0.0012	0.0011	0.0001	0.0005	0.0005	0.0000	0.0007	0.0006	0.0000	0.0633	0.0153	0.0480	0.0026	0.0025	0.0002	0.0607	0.0129	0.0479	1.4896	0.3788	20.7836	0.0000	0.0000	0.0000	2.4345	0.5548	24.3403	0.0058	0.0241	0.0000	0.0000	0.0000	0.0000	0.0061	0.0288	0.0000	
29	38	0.0888	3	0	0	1	0	0	0	0	0	N	N	N	N	N	N	N	N	N	N	N	N	28.8324	13.5077	0.0543	0.0000	0.0000	82.7438	0.1731	0.0646	0.0001	0.0001	0.0000	0.0000	0.0000	0.0000	0.0001	0.0001	0.0000	0.0000	0.0000	0.0000	0.0000	0.0000	0.0000	0.0000	0.0006	0.0000	0.0001	0.6667	-0.0000	-0.0000	5.0156	1.0023	4.8897	0.0007	0.0000	0.0000	0.0000	0.0000	0.0000	0.0000	0.0000	0.0000	0.0000	0.0000	0.0000	0.0000	0.0000	0.0000	0.0000	0.0000	0.0000	0.0000	0.1551	0.1335	0.0217	0.0349	0.0313	0.0035	0.1203	0.1021	0.0181	0.0634	0.0153	0.0480	0.0026	0.0025	0.0002	0.0607	0.0129	0.0479	28.8324	13.5077	0.0543	0.0000	0.0000	0.0000	82.7438	288.7987	0.0646	0.0000	0.0000	0.0000	0.0000	0.0000	0.0000	0.0000	0.0000	0.0000	
29	39	0.0888	2	0	0	0	0	0	0	0	0	N	N	N	N	N	N	N	N	N	N	N	N	11.5917	4.7063	0.0375	2.0125	1.9852	19.3564	0.0786	0.0441	0.0013	0.0014	0.0000	0.0015	0.0015	0.0000	0.0012	0.0013	0.0000	0.0001	0.0003	0.0000	0.0007	0.0008	0.0000	0.0001	0.0162	0.0000	0.0001	0.4047	-0.0000	-0.0000	5.0156	0.0347	4.8897	0.0013	0.0000	0.0000	0.0000	0.0000	0.0000	0.0000	0.0000	0.0000	0.0000	0.0000	0.0000	0.0000	0.0000	0.0000	0.0000	0.0000	0.0000	0.0000	0.0166	0.0158	0.0008	0.0068	0.0066	0.0001	0.0098	0.0091	0.0007	0.0025	0.0007	0.0018	0.0002	0.0002	0.0000	0.0023	0.0005	0.0018	11.5917	4.7063	0.0375	2.0125	1.9852	0.0000	19.3564	10.6952	0.0441	0.0001	0.0003	0.0000	0.0007	0.0008	0.0000	0.0001	0.0001	0.0000	
29	41	0.1287	3	0	1	0	0	0	0	0	0	N	N	N	N	N	N	N	N	N	N	N	N	260.6766	63.2505	82.7861	0.0000	0.0000	1672566.7229	inf	109.3015	0.0866	0.0985	0.0000	0.0000	0.0000	0.0000	0.1183	0.1368	0.0000	0.0003	0.0016	0.0000	0.0075	0.0081	0.0000	0.0000	0.0000	0.0000	0.0000	0.0002	-0.0056	-0.0000	5.0156	1.0144	4.8897	1.0128	0.0145	0.0145	0.0000	0.0000	0.0000	0.0000	0.0145	0.0145	0.0000	0.0000	0.0000	0.0000	0.0000	0.0000	0.0000	0.0000	0.0000	0.0000	0.1680	0.1477	0.0203	0.0450	0.0414	0.0037	0.1229	0.1063	0.0166	0.1449	0.0309	0.1140	0.0064	0.0060	0.0004	0.1385	0.0249	0.1136	260.6766	63.2505	82.7861	0.0000	0.0000	0.0000	1672566.7229	inf	109.3015	0.0003	0.0016	0.0000	0.0075	0.0081	0.0000	0.0000	0.0000	0.0000	
29	44	0.2132	2	1	1	0	0	0	0	0	0	N	N	N	N	N	N	N	N	N	N	N	N	0.0000	0.0000	0.0000	0.0000	0.0000	0.0000	0.0000	0.0000	0.0000	0.0000	0.0000	0.0000	0.0000	0.0000	0.0000	0.0075	0.0235	0.0004	0.0000	0.0000	0.0000	0.0149	1.5128	0.0004	0.0342	0.0000	-0.0008	5.0156	2.0000	4.8897	1.0000	0.0000	0.0000	0.0000	0.0000	0.0000	0.0000	0.0000	0.0000	0.0000	0.0012	0.0012	0.0000	0.0000	0.0000	0.0000	0.0012	0.0012	0.0000	0.2683	0.2292	0.0391	0.0121	0.0106	0.0015	0.2562	0.2186	0.0376	0.1623	0.0497	0.1125	0.0228	0.0127	0.0101	0.1394	0.0370	0.1024	0.0000	0.0000	0.0000	0.0000	0.0000	0.0000	0.0000	0.0000	0.0000	0.0075	0.0235	0.0004	0.0000	0.0000	0.0000	0.0087	0.0316	0.0004				
29	45	0.1408	3	0	1	0	1	0	0	0	0	N	N	N	N	N	N	N	N	N	N	N	N	0.0000	0.0000	0.0000	0.0000	0.0000	0.0000	0.0000	0.0000	0.0000	0.0000	0.0000	0.0000	0.0000	0.0000	0.0000	0.0000	0.0000	0.0000	0.0000	0.0000	5.0156	1.0000	4.8897	0.0000	0.0000	0.0000	0.0000	0.0000	0.0000	0.0000	0.0000	0.0000	0.0000	0.0000	0.0000	0.0000	0.0000	0.0000	0.0000	0.0000	0.0000	0.0000	0.1513	0.1290	0.0223	0.0209	0.0179	0.0030	0.1304	0.1110	0.0193	0.0741	0.0150	0.0591	0.0036	0.0025	0.0010	0.0706	0.0125	0.0581	0.0000	0.0000	0.0000	0.0000	0.0000	0.0000	0.0000	0.0000	0.0000	0.0000	0.0000	0.0000	0.0000	0.0000	0.0000	0.0000	0.0000	0.0000											
29	46	0.1408	3	0	0	0	1	0	0	0	0	N	N	N	N	N	N	N	N	N	N	N	N	0.0000	0.0000	0.0000	0.0000	0.0000	0.0000	0.0000	0.0000	0.0000	0.0000	0.0000	0.0000	0.0000	0.0000	0.0000	0.0000	0.0000	0.0000	0.0000	0.0000	5.0156	0.0000	4.8897	0.0000	0.0000	0.0000	0.0000	0.0000	0.0000	0.0000	0.0000	0.0000	0.0000	0.0000	0.0000	0.0000	0.0000	0.0000	0.0000	0.0000	0.0000	0.0000	0.0000	0.0000	0.0000	0.0000	0.0000	0.0000	0.0000	0.0000	0.0000	0.0000	0.0000	0.0000	0.0000	0.0000	0.0000	0.0000	0.0000	0.0000	0.0000	0.0000	0.0000	0.0000	0.0000	0.0000	0.0000	0.0000	0.0000	0.0000	0.0000	0.0000	0.0000	0.0000	0.0000	0.0000	0.0000	0.0000											
29	47	0.1079	2	0	0	0	1	0	0	0	0	N	N	N	N	N	N	N	N	N	N	N	N	0.0070	0.0011	0.0152	0.0015	0.0015	0.0000	8.5546	0.0530	0.0329	0.0016	0.0019	0.0000	0.0016	0.0019	0.0000	0.0016	0.0019	0.0000	0.2244	1.7534	0.0000	1.0507	1.2348	0.0004	0.0002	0.0350	0.0000	0.0001	0.0001	-0.0002	-0.0600	5.0156	2.0873	4.8897	1.9360	0.0005	0.0005	0.0000	0.0001	0.0001	0.0000	0.0004	0.0004	0.0000	0.0893	0.0893	0.0000	0.0892	0.0892	0.0000	0.0001	0.0001	0.0000	0.3093	0.2640	0.0453	0.0379	0.0323	0.0057	0.2714	0.2317	0.0397	0.3978	0.1470	0.2508	0.0849	0.0722	0.0127	0.3129	0.0748	0.2381	0.0070	0.0031	0.0152	0.0015	0.0015	0.0000	8.5546	2.6065	0.0329	0.2244	0.6071	0.0000	1.0507	1.2348	0.0004	0.0002	0.0007	0.0000
29	51	0.1135	2	1	1	0	0	0	0	0	0	N	N	N	N	N	N	N	N	N	N	N	N	0.0554	0.0159	129.2803	0.0067	0.0070	0.0102	0.1079	0.0002	inf	0.0004	0.0005	0.0000	0.0035	0.0037	0.0000	0.0000	0.0000	0.0000	0.0081	0.0333	0.0000	0.5259	0.5373	0.0004	0.0001	0.0257	0.0000	0.0075	0.0000	-0.0000	-0.0013	5.0156	1.0314	4.8897	3.0033	0.0001	0.0001	0.0000	0.0001	0.0001	0.0000	0.0000	0.0000	0.0000	0.0020	0.0020	0.0000	0.0019	0.0019	0.0000	0.0000	0.0000	0.0000	0.1614	0.1358	0.0256	0.0201	0.0190	0.0011	0.1413	0.1168	0.0245	0.2412	0.0587	0.1825	0.0037	0.0036	0.0001	0.2375	0.0551	0.1825	0.0554	0.0159	129.2803	0.0067	0.0070	0.0102	0.1079	0.0175	inf	0.0081	0.0333	0.0000	0.5259	0.5373	0.0004	0.0001	0.0004	0.0000
29	54	0.1287	3	0	0	1	0	0	0	0	0	N	N	N	N	N	N	N	N	N	N	N	N	1993.9807	676.1510	0.3831	0.0000	0.0000	19838.1783	inf	0.3914	1.5425	2.0286	0.0001	0.0000	0.0000	0.0000	2.7516	4.7192	0.0001	0.0008	0.0030	0.0002	0.0135	0.0144	0.0000	0.0001	0.0000	0.0002	0.0000	0.2059	-0.0056	-0.0000	5.0156	0.0147	4.8897	0.9910	0.0145	0.0145	0.0000	0.0000	0.0000	0.0000	0.0145	0.0145	0.0000	0.0001	0.0000	0.0000	0.0000	0.0000	0.0000	0.0000	0.0000	0.0000	0.0094	0.0072	0.0023	0.0041	0.0041	0.0001	0.0053	0.0031	0.0022	0.0749	0.0160	0.0589	0.0036	0.0033	0.0002	0.0713	0.0127	0.0586	1993.9807	676.1510	0.3831	0.0000	0.0000	0.0000	19838.1783	inf	0.3914	0.0008	0.0030	0.0002	0.0135	0.0144	0.0000	0.0001	0.0000	0.0002	
29	55	0.1177	2	0	0	0	0	0	0	0	0	N	N	N	N	N	N	N	N	N	N	N	N	3684.2762	959.7786	10.4269	0.5204	0.5356	0.0000	20107.0950	130.9034	11.8778	5.7284	6.7672	0.0004	0.0136	0.0150	0.0000	7.2069	8.6764	0.0004	0.0016	0.0071	0.0000	0.0262	0.0280	0.0000	0.0004	0.0663	0.0000	0.0000	0.0184	-0.3682	-0.0001	5.0156	0.9556	4.8897	1.0192	0.9552	0.9552	0.0000	0.0005	0.0005	0.0000	0.9547	0.9547	0.0000	0.0002	0.0002	0.0000	0.0002	0.0002	0.0000	0.0000	0.0000	0.0000	0.1667	0.1411	0.0256	0.0343	0.0311	0.0032	0.1325	0.1100	0.0224	0.1423	0.0308	0.1115	0.0066	0.0062	0.0004	0.1357	0.0247	0.1111	3684.2762	959.7786	10.4269	0.5204	0.5356	0.0000	20107.0950	4789.7370	11.8778	0.0016	0.0071	0.0000	0.0262	0.0280	0.0000	0.0004	0.0018	0.0000
29	58	0.2212	3	0	0	0	0	0	0	0	0	N	N	N	N	N	N	N	N	N	N	N	N	0.3579	0.0423	0.0000	0.3403	0.3437	0.0000	422.7759	0.1128	0.0000	0.0635	0.0736	0.0000	0.4641	0.4882	0.0000	0.0001	0.0001	0.0000	0.1775	1.7377	0.0000	1.3636	1.4206	0.0005	0.0000	0.0008	0.0000	0.0000	0.0000	-0.0343	-0.0991	5.0156	10.2575	4.8897	3.8960	0.0889	0.0889	0.0000	0.0888	0.0888	0.0000	0.0001	0.0001	0.0000	0.1474	0.1474	0.0000	0.1474	0.1474	0.0000	0.0000	0.0000	0.0000	1.3991	1.2083	0.1908	0.1913	0.1819	0.0095	1.2078	1.0264	0.1814	0.8303	0.2574	0.5729	0.1081	0.1037	0.0043	0.7222	0.1537	0.5685	0.3579	0.1285	0.0000	0.3403	0.3437	0.0000	422.7759	149.6111	0.0000	0.1775	0.5725	0.0000	1.3636	1.4206	0.0005	0.0000	0.0000	0.0000
29	59	0.1953	2	1	1	1	0	0	0	0	0	N	N	N	N	N	N	N	N	N	N	N	N	0.0000	0.0000	0.0000	0.0000	0.0000	0.0000	0.0000	0.0000	0.0000	0.0000	0.0000	0.0000	0.0000	0.0000	0.0000	0.0000	0.0000	0.0000	0.0000	-0.0000	5.0156	0.0000	4.8897	0.0000	0.0000	0.0000	0.0000	0.0000	0.0000	0.0000	0.0000	0.0000	0.0000	0.0000	0.0000	0.0000	0.0000	0.0000	0.0000	0.0000	0.0000	0.0000	0.0000	0.0000	0.0000	0.0000	0.0000	0.0000	0.0000	0.0000	0.0000	0.0000	0.0000	0.0000	0.0000	0.0000	0.0000	0.0000	0.0000	0.0000	0.0000	0.0000	0.0000	0.0000	0.0000	0.0000	0.0000	0.0000	0.0000	0.0000	0.0000	0.0000	0.0000	0.0000	0.0000	0.0000	0.0000	0.0000											
29	61	0.1581	2	1	0	1	0	0	0	0	0	N	N	N	N	N	N	N	N	N	N	N	N	0.0000	0.0000	0.0000	0.0000	0.0000	0.0000	0.0000	0.0000	0.0000	0.0000	0.0000	0.0000	0.0000	0.0000	0.0000	0.0000	0.0000	0.0000	0.0000	0.0000	5.0156	2.0000	4.8897	0.0000	0.0000	0.0000	0.0000	0.0000	0.0000	0.0000	0.0000	0.0000	0.0000	0.0000	0.0000	0.0000	0.0000	0.0000	0.0000	0.0000	0.0000	0.0000	0.2520	0.2095	0.0426	0.0201	0.0188	0.0014	0.2319	0.1907	0.0412	0.0972	0.0370	0.0602	0.0496	0.0240	0.0256	0.0476	0.0130	0.0346	0.0000	0.0000	0.0000	0.0000	0.0000	0.0000	0.0000	0.0000	0.0000	0.0000	0.0000	0.0000	0.0000	0.0000	0.0000	0.0000	0.0000	0.0000											
29	64	0.1823	4	0	0	1	0	0	0	0	0	N	N	N	N	N	N	N	N	N	N	N	N	0.0000	0.0000	0.0000	0.0000	0.0000	0.0000	0.0000	0.0000	0.0000	0.0000	0.0000	0.0000	0.0000	0.0000	0.0000	0.0000	0.0000	0.0000	0.0000	0.0000	5.0156	0.0000	4.8897	0.0000	0.0000	0.0000	0.0000	0.0000	0.0000	0.0000	0.0000	0.0000	0.0000	0.0000	0.0000	0.0000	0.0000	0.0000	0.0000	0.0000	0.0000	0.0000	0.0000	0.0000	0.0000	0.0000	0.0000	0.0000	0.0000	0.0000	0.0000	0.0000	0.0000	0.0000	0.0000	0.0000	0.0000	0.0000	0.0000	0.0000	0.0000	0.0000	0.0000	0.0000	0.0000	0.0000	0.0000	0.0000	0.0000	0.0000	0.0000	0.0000	0.0000	0.0000	0.0000	0.0000	0.0000	0.0000											
29	65	0.1580	3	0	0	1	0	0	0	0	0	N	N	N	N	N	N	N	N	N	N	N	N	0.0000	0.0000	0.0000	0.0000	0.0000	0.0000	0.0000	0.0000	0.0000	0.0000	0.0000	0.0000	0.0000	0.0000	0.0000	0.0028	0.0004	0.0033	0.0000	0.0000	0.0000	0.0089	0.0298	0.0042	36.0000	0.0000	0.0001	5.0156	0.8734	4.8897	1.0002	0.0000	0.0000	0.0000	0.0000	0.0000	0.0000	0.0000	0.0000	0.0000	0.0004	0.0000	0.0004	0.0000	0.0000	0.0000	0.0004	0.0000	0.0004	0.1203	0.0998	0.0206	0.0049	0.0046	0.0003	0.1155	0.0952	0.0203	0.1338	0.0235	0.1102	0.0305	0.0064	0.0241	0.1033	0.0172	0.0861	0.0000	0.0000	0.0000	0.0000	0.0000	0.0000	0.0000	0.0000	0.0000	0.0028	0.0004	0.0033	0.0000	0.0000	0.0000	0.0036	0.0006	0.0042				
29	66	0.1435	2	0	0	0	0	0	0	0	0	N	N	N	N	N	N	N	N	N	N	N	N	0.2171	0.6408	0.0000	1.8940	8.0228	0.0000	0.0000	0.0000	0.0000	0.0180	0.0216	0.0000	0.3936	0.4123	0.0000	0.0000	0.0000	0.0000	0.0827	0.0338	0.0997	0.2078	0.0514	0.3475	0.0289	0.7257	0.0322	0.0000	8.5001	-0.0010	0.0018	5.0156	1.0063	4.8897	0.0727	0.0025	0.0025	0.0000	0.0025	0.0025	0.0000	0.0000	0.0000	0.0000	0.0082	0.0009	0.0074	0.0062	0.0007	0.0055	0.0020	0.0001	0.0019	0.1403	0.1164	0.0239	0.0064	0.0061	0.0003	0.1339	0.1103	0.0236	0.0995	0.0256	0.0738	0.0299	0.0141	0.0158	0.0696	0.0115	0.0580	0.2171	0.6408	0.0000	1.8940	8.0228	0.0000	0.0000	0.0000	0.0000	0.0827	0.0338	0.0997	0.2078	0.0514	0.3475	0.0289	0.0122	0.0322
29	72	0.1322	2	0	1	0	0	0	0	0	0	N	N	N	N	N	N	N	N	N	N	N	N	1.0981	61.9386	0.0002	0.3109	0.3263	0.0026	1.0141	9713.7846	0.0002	1.5904	1.8802	0.0002	0.0138	0.0145	0.0000	1.7423	2.0850	0.0002	1.4483	0.0304	1.0415	0.0445	0.0445	0.0014	1.7181	0.0002	1.0417	0.0000	52.1340	-0.3837	0.0662	5.0156	4.7764	4.8897	1.3205	0.9954	0.9954	0.0000	0.0008	0.0008	0.0000	0.9946	0.9946	0.0000	0.2142	0.0040	0.2102	0.0040	0.0040	0.0000	0.2102	0.0000	0.2102	0.6259	0.5294	0.0965	0.0550	0.0524	0.0026	0.5709	0.4770	0.0938	0.3346	0.1328	0.2018	0.0907	0.0907	0.0000	0.2439	0.0422	0.2018	2.4844	61.9386	0.0002	0.3109	0.3263	0.0026	2.0220	46869055.3492	0.0002	0.6402	0.0304	1.0415	0.0445	0.0445	0.0014	0.8617	0.0000	1.0417
29	74	0.1344	2	0	1	0	0	0	0	0	0	N	N	N	N	N	N	N	N	N	N	N	N	0.0000	0.0000	0.0000	0.0000	0.0000	0.0000	0.0000	0.0000	0.0000	0.0000	0.0000	0.0000	0.0000	0.0000	0.0000	0.0000	0.0000	0.0000	0.0000	0.0000	5.0156	0.0000	4.8897	0.0000	0.0000	0.0000	0.0000	0.0000	0.0000	0.0000	0.0000	0.0000	0.0000	0.0000	0.0000	0.0000	0.0000	0.0000	0.0000	0.0000	0.0000	0.0000	0.0000	0.0000	0.0000	0.0000	0.0000	0.0000	0.0000	0.0000	0.0000	0.0000	0.0000	0.0000	0.0000	0.0000	0.0000	0.0000	0.0000	0.0000	0.0000	0.0000	0.0000	0.0000	0.0000	0.0000	0.0000	0.0000	0.0000	0.0000	0.0000	0.0000	0.0000	0.0000	0.0000	0.0000	0.0000	0.0000											
29	76	0.1431	4	1	1	0	1	0	0	0	0	N	N	N	N	N	N	N	N	N	N	N	N	0.0000	0.0000	0.0000	0.0000	0.0000	0.0000	0.0000	0.0000	0.0000	0.0000	0.0000	0.0000	0.0000	0.0000	0.0000	0.0000	0.0000	0.0000	0.0000	0.0000	5.0156	0.0000	4.8897	0.0000	0.0000	0.0000	0.0000	0.0000	0.0000	0.0000	0.0000	0.0000	0.0000	0.0000	0.0000	0.0000	0.0000	0.0000	0.0000	0.0000	0.0000	0.0000	0.0000	0.0000	0.0000	0.0000	0.0000	0.0000	0.0000	0.0000	0.0000	0.0000	0.0000	0.0000	0.0000	0.0000	0.0000	0.0000	0.0000	0.0000	0.0000	0.0000	0.0000	0.0000	0.0000	0.0000	0.0000	0.0000	0.0000	0.0000	0.0000	0.0000	0.0000	0.0000	0.0000	0.0000	0.0000	0.0000											
29	77	0.1347	3	1	1	0	1	0	0	0	0	N	N	N	N	N	N	N	N	N	N	N	N	0.0000	0.0000	0.0000	0.0000	0.0000	0.0000	0.0000	0.0000	0.0000	0.0000	0.0000	0.0000	0.0000	0.0000	0.0000	0.0000	0.0006	0.0000	0.0009	0.0000	0.0000	0.0000	0.0007	0.0000	0.0009	219.7064	0.0000	0.0000	5.0156	1.0073	4.8897	0.3366	0.0000	0.0000	0.0000	0.0000	0.0000	0.0000	0.0000	0.0000	0.0000	0.0000	0.0000	0.0000	0.0000	0.0000	0.0000	0.0000	0.0000	0.0000	0.1393	0.1189	0.0204	0.0116	0.0104	0.0012	0.1278	0.1086	0.0192	0.0665	0.0244	0.0421	0.0082	0.0080	0.0003	0.0583	0.0164	0.0419	0.0000	0.0000	0.0000	0.0000	0.0000	0.0000	0.0000	0.0000	0.0000	0.0006	0.0000	0.0009	0.0000	0.0000	0.0000	0.0007	0.0000	0.0009			
29	78	0.1605	3	0	1	0	1	0	0	0	0	N	N	N	N	N	N	N	N	N	N	N	N	0.0000	0.0000	0.0000	0.0000	0.0000	0.0000	0.0000	0.0000	0.0000	0.0000	0.0000	0.0000	0.0000	0.0000	0.0000	0.0000	0.0000	0.0000	0.0000	0.0000	5.0156	0.0000	4.8897	0.0000	0.0000	0.0000	0.0000	0.0000	0.0000	0.0000	0.0000	0.0000	0.0000	0.0000	0.0000	0.0000	0.0000	0.0000	0.0000	0.0000	0.0000	0.0000	0.0000	0.0000	0.0000	0.0000	0.0000	0.0000	0.0000	0.0000	0.0000	0.0000	0.0000	0.0000	0.0000	0.0000	0.0000	0.0000	0.0000	0.0000	0.0000	0.0000	0.0000	0.0000	0.0000	0.0000	0.0000	0.0000	0.0000	0.0000	0.0000	0.0000	0.0000	0.0000	0.0000	0.0000	0.0000	0.0000											
29	79	0.1523	2	0	1	0	1	0	0	0	0	N	N	N	N	N	N	N	N	N	N	N	N	0.0000	0.0000	0.0000	0.0000	0.0000	0.0000	0.0000	0.0000	0.0000	0.0000	0.0000	0.0000	0.0000	0.0000	0.0000	0.0000	0.0000	0.0000	0.0000	0.0000	5.0156	0.0000	4.8897	1.0000	0.0000	0.0000	0.0000	0.0000	0.0000	0.0000	0.0000	0.0000	0.0000	0.0000	0.0000	0.0000	0.0000	0.0000	0.0000	0.0000	0.0000	0.0000	0.0000	0.0000	0.0000	0.0000	0.0000	0.0000	0.0000	0.0000	0.0000	0.0627	0.0195	0.0433	0.0210	0.0072	0.0138	0.0417	0.0123	0.0295	0.0000	0.0000	0.0000	0.0000	0.0000	0.0000	0.0000	0.0000	0.0000	0.0000	0.0000	0.0000	0.0000	0.0000	0.0000	0.0000	0.0000	0.0000											
29	80	0.1347	3	0	1	0	0	0	0	0	0	N	N	N	N	N	N	N	N	N	N	N	N	0.0000	0.0000	0.0000	0.0000	0.0000	0.0000	0.0000	0.0000	0.0000	0.0000	0.0000	0.0000	0.0000	0.0000	0.0000	0.0000	0.0002	0.0000	0.0003	0.0000	0.0000	0.0000	0.0002	0.0000	0.0003	219.3276	0.0000	0.0000	5.0156	3.9927	4.8897	1.0002	0.0000	0.0000	0.0000	0.0000	0.0000	0.0000	0.0000	0.0000	0.0000	0.0000	0.0000	0.0000	0.0000	0.0000	0.0000	0.0000	0.0000	0.0000	0.5113	0.4388	0.0725	0.0427	0.0382	0.0045	0.4685	0.4006	0.0679	0.2108	0.0754	0.1354	0.0198	0.0188	0.0010	0.1909	0.0565	0.1344	0.0000	0.0000	0.0000	0.0000	0.0000	0.0000	0.0000	0.0000	0.0000	0.0002	0.0000	0.0003	0.0000	0.0000	0.0000	0.0002	0.0000	0.0003			
29	81	0.1301	2	0	1	0	0	0	0	0	0	N	N	N	N	N	N	N	N	N	N	N	N	0.0000	0.0000	0.0000	0.0000	0.0000	0.0000	0.0000	0.0000	0.0000	0.0000	0.0000	0.0000	0.0000	0.0000	0.0000	0.0000	0.0000	0.0013	0.0036	0.0000	0.0148	0.0156	0.0000	0.0000	0.0032	0.0000	0.0036	0.0000	-0.0000	5.0156	0.0110	4.8897	0.6549	0.0000	0.0000	0.0000	0.0000	0.0000	0.0000	0.0000	0.0000	0.0000	0.0000	0.0000	0.0000	0.0000	0.0000	0.0000	0.0000	0.0000	0.0000	0.0015	0.0013	0.0002	0.0001	0.0001	0.0000	0.0014	0.0012	0.0002	0.0304	0.0107	0.0197	0.0026	0.0024	0.0001	0.0278	0.0083	0.0195	0.0000	0.0000	0.0000	0.0000	0.0000	0.0000	0.0000	0.0000	0.0000	0.0013	0.0036	0.0000	0.0148	0.0156	0.0000	0.0000	0.0000	0.0000		
29	82	0.1523	2	0	0	1	1	0	0	0	0	N	N	N	N	N	N	N	N	N	N	N	N	0.0000	0.0000	0.0000	0.0000	0.0000	0.0000	0.0000	0.0000	0.0000	0.0000	0.0000	0.0000	0.0000	0.0000	0.0000	0.0000	0.0000	0.0000	0.0000	0.0000	5.0156	1.0000	4.8897	0.0000	0.0000	0.0000	0.0000	0.0000	0.0000	0.0000	0.0000	0.0000	0.0000	0.0000	0.0000	0.0000	0.0000	0.0000	0.0000	0.0000	0.0000	0.0000	0.1378	0.1174	0.0204	0.0045	0.0038	0.0006	0.1333	0.1136	0.0197	0.0627	0.0195	0.0433	0.0210	0.0072	0.0138	0.0417	0.0123	0.0295	0.0000	0.0000	0.0000	0.0000	0.0000	0.0000	0.0000	0.0000	0.0000	0.0000	0.0000	0.0000	0.0000	0.0000	0.0000	0.0000	0.0000	0.0000											
29	83	0.1523	2	0	0	1	1	0	0	0	0	N	N	N	N	N	N	N	N	N	N	N	N	0.0000	0.0000	0.0000	0.0000	0.0000	0.0000	0.0000	0.0000	0.0000	0.0000	0.0000	0.0000	0.0000	0.0000	0.0000	0.0000	0.0000	0.0000	0.0000	0.0000	5.0156	0.0000	4.8897	0.0000	0.0000	0.0000	0.0000	0.0000	0.0000	0.0000	0.0000	0.0000	0.0000	0.0000	0.0000	0.0000	0.0000	0.0000	0.0000	0.0000	0.0000	0.0000	0.0000	0.0000	0.0000	0.0000	0.0000	0.0000	0.0000	0.0000	0.0000	0.0000	0.0000	0.0000	0.0000	0.0000	0.0000	0.0000	0.0000	0.0000	0.0000	0.0000	0.0000	0.0000	0.0000	0.0000	0.0000	0.0000	0.0000	0.0000	0.0000	0.0000	0.0000	0.0000	0.0000	0.0000	0.0000	0.0000											
29	85	0.2132	2	1	1	0	0	0	0	0	0	N	N	N	N	N	N	N	N	N	N	N	N	0.0000	0.0000	0.0000	0.0000	0.0000	0.0000	0.0000	0.0000	0.0000	0.0000	0.0000	0.0000	0.0000	0.0029	0.0052	0.0000	0.0065	0.0066	0.0000	0.0000	0.0000	0.0000	0.0000	0.0000	-0.0000	5.0156	0.0000	4.8897	0.0000	0.0000	0.0000	0.0000	0.0000	0.0000	0.0000	0.0000	0.0000	0.0000	0.0000	0.0000	0.0000	0.0000	0.0000	0.0000	0.0000	0.0000	0.0000	0.0000	0.0000	0.0000	0.0000	0.0000	0.0000	0.0000	0.0000	0.0000	0.0000	0.0000	0.0000	0.0000	0.0000	0.0000	0.0000	0.0000	0.0000	0.0000	0.0000	0.0000	0.0000	0.0000	0.0000	0.0000	0.0000	0.0000	0.0029	0.0052	0.0000	0.0065	0.0066	0.0000	0.0000	0.0000	0.0000						
29	88	0.1301	2	1	1	0	0	0	0	0	0	N	N	N	N	N	N	N	N	N	N	N	N	0.0000	0.0000	0.0000	0.0000	0.0000	0.0000	0.0000	0.0000	0.0000	0.0000	0.0000	0.0000	0.0000	0.0000	0.0000	0.0000	0.0000	0.0000	0.0000	0.0000	5.0156	0.0000	4.8897	0.0000	0.0000	0.0000	0.0000	0.0000	0.0000	0.0000	0.0000	0.0000	0.0000	0.0000	0.0000	0.0000	0.0000	0.0000	0.0000	0.0000	0.0000	0.0000	0.0000	0.0000	0.0000	0.0000	0.0000	0.0000	0.0000	0.0000	0.0000	0.0000	0.0000	0.0000	0.0000	0.0000	0.0000	0.0000	0.0000	0.0000	0.0000	0.0000	0.0000	0.0000	0.0000	0.0000	0.0000	0.0000	0.0000	0.0000	0.0000	0.0000	0.0000	0.0000	0.0000	0.0000	0.0000	0.0000											
29	91	0.2212	3	0	0	0	0	0	0	0	0	N	N	N	N	N	N	N	N	N	N	N	N	8.2824	0.0006	640658.2241	0.0897	0.0019	9901.6556	43038.8013	0.0350	774273.6242	1.9683	0.0013	14.5242	0.2338	0.0054	4.5174	2.2251	0.0006	15.0309	0.2376	2.2098	0.0000	2.6067	2.8582	0.0005	0.0001	0.0185	0.0000	1726.6314	0.0001	1.8152	-0.1405	5.0156	11.5137	4.8897	4.9035	2.9565	0.0017	2.9548	0.0453	0.0010	0.0443	2.9112	0.0007	2.9105	0.2090	0.2090	0.0000	0.2089	0.2089	0.0000	0.0000	0.0000	0.0000	1.5021	1.2986	0.2034	0.1937	0.1839	0.0098	1.3084	1.1147	0.1936	0.8794	0.2673	0.6120	0.1039	0.0993	0.0046	0.7755	0.1680	0.6075	8.2824	0.0017	640658.2241	0.1162	0.0026	9901.6556	43038.8013	3.8396	774273.6242	0.2376	0.7817	0.0000	2.0111	2.1035	0.0005	0.0001	0.0002	0.0000
30	31	0.0475	2	1	2	0	1	0	0	0	0	N	Y	N	N	N	N	N	N	N	N	N	N	0.0000	0.0000	0.0000	0.0000	0.0000	0.0000	0.0000	0.0000	0.0000	0.0000	0.0000	0.0000	0.0000	0.0000	0.0000	0.0000	0.0000	0.0000	0.0000	0.0000	3.9676	5.0000	1.0007	3.0000	0.0000	0.0000	0.0000	0.0000	0.0000	0.0000	0.0000	0.0000	0.0000	0.0000	0.0000	0.0000	0.0000	0.0000	0.0000	0.0000	0.0000	0.0000	0.5708	0.4942	0.0765	0.1265	0.1141	0.0124	0.4443	0.3801	0.0641	0.2378	0.0582	0.1796	0.0098	0.0092	0.0006	0.2280	0.0491	0.1789	0.0000	0.0000	0.0000	0.0000	0.0000	0.0000	0.0000	0.0000	0.0000	0.0000	0.0000	0.0000	0.0000	0.0000	0.0000	0.0000	0.0000	0.0000											
30	32	0.0896	3	0	1	1	1	0	0	0	0	N	N	N	N	N	N	N	N	N	N	N	N	0.0057	0.0177	0.0000	0.0000	0.0093	0.0176	0.0000	0.0000	0.0000	0.0000	0.0000	0.0000	0.0000	0.0000	0.0000	0.0000	0.0000	0.0001	0.0000	0.0000	0.0007	0.0000	0.0000	0.0001	inf	inf	0.0000	0.0000	3.9676	0.0319	1.0007	1.0050	0.0000	0.0000	0.0000	0.0000	0.0000	0.0000	0.0000	0.0000	0.0000	0.0000	0.0000	0.0000	0.0000	0.0000	0.0000	0.0000	0.0000	0.0000	0.0169	0.0128	0.0041	0.0069	0.0069	0.0000	0.0100	0.0059	0.0041	0.0388	0.0092	0.0296	0.0007	0.0007	0.0000	0.0381	0.0085	0.0296	0.0057	0.0000	0.0177	0.0000	0.0000	0.0000	0.0093	0.0000	0.0176	0.0000	0.0000	0.0001	0.0000	0.0000	0.0007	0.0000	0.0000	0.0001			
30	33	0.0344	2	0	2	0	1	0	0	0	0	N	Y	N	N	N	N	N	N	N	N	N	N	273.1283	69.2617	0.0000	0.6665	0.5954	0.0000	0.0000	0.0000	1.4881	1.7004	0.0000	3.8005	3.8028	0.0000	0.0000	0.0000	0.0000	0.0054	0.0246	0.0000	5.7026	6.3868	0.0000	0.0000	0.0008	0.0000	0.0000	0.0009	-0.0008	-0.0001	3.9676	0.0023	1.0007	1.0003	0.0021	0.0021	0.0000	0.0021	0.0021	0.0000	0.0000	0.0000	0.0000	0.0002	0.0002	0.0000	0.0002	0.0002	0.0000	0.0000	0.0000	0.0000	0.0014	0.0013	0.0002	0.0006	0.0006	0.0000	0.0009	0.0007	0.0002	0.0404	0.0090	0.0314	0.0001	0.0001	0.0000	0.0403	0.0089	0.0314	273.1283	69.2617	0.0000	1.0456	1.0370	0.0000	0.0000	0.0000	0.0000	0.0054	0.0246	0.0000	3.6346	3.6670	0.0000	0.0000	0.0000	0.0000	
30	34	0.0475	2	1	1	1	1	0	0	0	0	N	N	N	N	N	N	N	N	N	N	N	N	0.0000	0.0000	0.0000	0.0000	0.0000	0.0000	0.0000	0.0000	0.0000	0.0000	0.0000	0.0000	0.0000	0.0000	0.0000	0.0000	0.0000	0.0000	0.0000	0.0000	3.9676	3.0000	1.0007	5.0006	0.0000	0.0000	0.0000	0.0000	0.0000	0.0000	0.0000	0.0000	0.0000	0.0000	0.0000	0.0000	0.0000	0.0000	0.0000	0.0000	0.0000	0.0000	0.3605	0.3110	0.0495	0.0803	0.0723	0.0080	0.2802	0.2388	0.0414	0.2378	0.0582	0.1796	0.0098	0.0092	0.0006	0.2280	0.0491	0.1789	0.0000	0.0000	0.0000	0.0000	0.0000	0.0000	0.0000	0.0000	0.0000	0.0000	0.0000	0.0000	0.0000	0.0000	0.0000	0.0000	0.0000	0.0000											
30	35	0.0475	2	0	2	0	2	0	0	0	0	N	Y	N	Y	N	N	N	N	N	N	N	N	0.0102	0.0566	0.0049	0.0673	0.0000	0.0000	0.0002	0.0000	0.0000	0.0000	0.0000	0.0000	0.0002	0.0027	0.0000	0.0036	0.0000	0.0000	0.0000	0.0072	0.0000	0.0036	inf	inf	0.0000	0.0001	3.9676	3.0000	1.0007	2.0006	0.0000	0.0000	0.0000	0.0000	0.0000	0.0000	0.0000	0.0000	0.0000	0.0004	0.0000	0.0004	0.0000	0.0000	0.0000	0.0004	0.0000	0.0004	0.3605	0.3110	0.0495	0.0803	0.0723	0.0080	0.2802	0.2388	0.0414	0.1619	0.0388	0.1231	0.0065	0.0061	0.0004	0.1554	0.0327	0.1227	0.0102	0.0000	0.0566	0.0000	0.0000	0.0000	0.0126	0.0000	0.0673	0.0027	0.0000	0.0036	0.0000	0.0000	0.0000	0.0028	0.0000	0.0036					
30	36	0.0475	2	1	1	1	1	0	0	0	0	N	N	N	N	N	N	N	N	N	N	N	N	0.0000	0.0000	0.0000	0.0000	0.0000	0.0000	0.0000	0.0000	0.0000	0.0000	0.0000	0.0000	0.0000	0.0000	0.0000	0.0000	0.0000	0.0000	0.0000	0.0000	3.9676	4.0000	1.0007	5.0006	0.0000	0.0000	0.0000	0.0000	0.0000	0.0000	0.0000	0.0000	0.0000	0.0000	0.0000	0.0000	0.0000	0.0000	0.0000	0.0000	0.0000	0.0000	0.4684	0.4048	0.0635	0.1041	0.0937	0.0103	0.3643	0.3111	0.0532	0.2602	0.0642	0.1960	0.0108	0.0101	0.0007	0.2494	0.0541	0.1953	0.0000	0.0000	0.0000	0.0000	0.0000	0.0000	0.0000	0.0000	0.0000	0.0000	0.0000	0.0000	0.0000	0.0000	0.0000	0.0000	0.0000	0.0000											
30	37	0.0475	2	1	1	1	1	0	0	0	0	N	N	N	N	N	N	N	N	N	N	N	N	0.0000	0.0000	0.0000	0.0000	0.0000	0.0000	0.0000	0.0000	0.0000	0.0000	0.0000	0.0000	0.0000	0.0000	0.0000	0.0000	0.0000	0.0000	0.0000	0.0000	3.9676	3.0000	1.0007	4.0006	0.0000	0.0000	0.0000	0.0000	0.0000	0.0000	0.0000	0.0000	0.0000	0.0000	0.0000	0.0000	0.0000	0.0000	0.0000	0.0000	0.0000	0.0000	0.3605	0.3110	0.0495	0.0803	0.0723	0.0080	0.2802	0.2388	0.0414	0.2140	0.0520	0.1620	0.0087	0.0082	0.0006	0.2053	0.0438	0.1614	0.0000	0.0000	0.0000	0.0000	0.0000	0.0000	0.0000	0.0000	0.0000	0.0000	0.0000	0.0000	0.0000	0.0000	0.0000	0.0000	0.0000	0.0000											
30	38	0.0344	2	0	1	1	1	0	0	0	0	N	N	N	N	N	N	N	N	N	N	N	N	2615.8128	inf	0.0000	2665.9918	inf	0.0000	0.0000	0.0000	0.0157	0.0188	0.0000	0.9251	0.9847	0.0000	0.0000	0.0000	0.0000	0.0000	0.0000	0.0000	0.0003	0.0000	0.0393	0.0000	0.0000	0.0000	0.0000	inf	-0.0008	0.0000	3.9676	1.0023	1.0007	0.0007	0.0021	0.0021	0.0000	0.0021	0.0021	0.0000	0.0000	0.0000	0.0000	0.0000	0.0000	0.0000	0.0000	0.0000	0.0000	0.0000	0.0000	0.0000	0.1366	0.1139	0.0226	0.0023	0.0022	0.0001	0.1342	0.1118	0.0225	0.0404	0.0090	0.0315	0.0001	0.0001	0.0000	0.0404	0.0089	0.0315	2615.8128	inf	0.0000	2665.9918	inf	0.0000	0.0000	0.0000	0.0000	0.0000	0.0000	0.0000	0.0003	0.0000	0.0393	0.0000	0.0000	0.0000	
30	41	0.1006	4	0	2	0	1	0	0	0	0	N	Y	N	N	N	N	N	N	N	N	N	N	0.0000	0.0000	0.0000	0.0000	0.0000	0.0000	0.0000	0.0000	0.0000	0.0000	0.0000	0.0000	0.0000	0.0000	0.0000	0.0000	0.0000	0.0000	0.0000	0.0000	0.0000	0.0000	0.0000	0.0000	inf	0.0000	0.0000	3.9676	1.0144	1.0007	1.0128	0.0000	0.0000	0.0000	0.0000	0.0000	0.0000	0.0000	0.0000	0.0000	0.0000	0.0000	0.0000	0.0000	0.0000	0.0000	0.0000	0.0000	0.0000	0.1447	0.1288	0.0159	0.0359	0.0347	0.0012	0.1088	0.0941	0.0147	0.0723	0.0165	0.0558	0.0007	0.0007	0.0001	0.0716	0.0159	0.0557	0.0000	0.0000	0.0000	0.0000	0.0000	0.0000	0.0000	0.0000	0.0000	0.0000	0.0000	0.0000	0.0000	0.0000	0.0000	0.0000	0.0000	0.0000				
30	42	0.0475	2	1	2	1	1	0	0	0	0	N	Y	N	N	N	N	N	N	N	N	N	N	0.0000	0.0000	0.0000	0.0000	0.0000	0.0000	0.0000	0.0000	0.0000	0.0000	0.0000	0.0000	0.0000	0.0000	0.0000	0.0000	0.0000	0.0000	0.0000	0.0000	3.9676	3.0000	1.0007	2.9994	0.0000	0.0000	0.0000	0.0000	0.0000	0.0000	0.0000	0.0000	0.0000	0.0000	0.0000	0.0000	0.0000	0.0000	0.0000	0.0000	0.0000	0.0000	0.3605	0.3110	0.0495	0.0803	0.0723	0.0080	0.2802	0.2388	0.0414	0.1887	0.0455	0.1432	0.0076	0.0072	0.0005	0.1810	0.0384	0.1427	0.0000	0.0000	0.0000	0.0000	0.0000	0.0000	0.0000	0.0000	0.0000	0.0000	0.0000	0.0000	0.0000	0.0000	0.0000	0.0000	0.0000	0.0000											
30	43	0.0475	2	1	2	1	1	0	0	0	0	N	Y	N	N	N	N	N	N	N	N	N	N	0.0000	0.0000	0.0000	0.0000	0.0000	0.0000	0.0000	0.0000	0.0000	0.0000	0.0000	0.0000	0.0000	0.0000	0.0000	0.0000	0.0000	0.0000	0.0000	0.0000	3.9676	4.0000	1.0007	4.9994	0.0000	0.0000	0.0000	0.0000	0.0000	0.0000	0.0000	0.0000	0.0000	0.0000	0.0000	0.0000	0.0000	0.0000	0.0000	0.0000	0.0000	0.0000	0.4684	0.4048	0.0635	0.1041	0.0937	0.0103	0.3643	0.3111	0.0532	0.2602	0.0642	0.1960	0.0108	0.0101	0.0007	0.2494	0.0541	0.1953	0.0000	0.0000	0.0000	0.0000	0.0000	0.0000	0.0000	0.0000	0.0000	0.0000	0.0000	0.0000	0.0000	0.0000	0.0000	0.0000	0.0000	0.0000											
30	44	0.1851	3	1	2	0	1	0	0	0	0	N	Y	N	N	N	N	N	N	N	N	N	N	0.0000	0.0000	0.0000	0.0000	0.0000	0.0000	0.0000	0.0000	0.0000	0.0000	0.0000	0.0000	0.0000	0.0000	0.0000	0.0000	0.0000	0.0000	0.0000	0.0000	3.9676	2.0000	1.0007	1.0000	0.0000	0.0000	0.0000	0.0000	0.0000	0.0000	0.0000	0.0000	0.0000	0.0000	0.0000	0.0000	0.0000	0.0000	0.0000	0.0000	0.0000	0.0000	0.2275	0.1970	0.0305	0.0390	0.0368	0.0022	0.1885	0.1602	0.0283	0.0893	0.0275	0.0618	0.0145	0.0088	0.0058	0.0748	0.0188	0.0560	0.0000	0.0000	0.0000	0.0000	0.0000	0.0000	0.0000	0.0000	0.0000	0.0000	0.0000	0.0000	0.0000	0.0000	0.0000	0.0000	0.0000	0.0000											
30	45	0.1127	4	0	2	0	2	0	0	0	0	N	Y	N	Y	N	N	N	N	N	N	N	N	0.0000	0.0000	0.0000	0.0000	0.0000	0.0000	0.0000	0.0000	0.0000	0.0000	0.0000	0.0000	0.0000	0.0000	0.0000	0.0000	0.0000	0.0000	0.0000	0.0000	3.9676	1.0000	1.0007	0.0000	0.0000	0.0000	0.0000	0.0000	0.0000	0.0000	0.0000	0.0000	0.0000	0.0000	0.0000	0.0000	0.0000	0.0000	0.0000	0.0000	0.0000	0.0000	0.1311	0.1135	0.0176	0.0163	0.0157	0.0007	0.1148	0.0978	0.0170	0.0372	0.0088	0.0284	0.0025	0.0018	0.0007	0.0347	0.0070	0.0277	0.0000	0.0000	0.0000	0.0000	0.0000	0.0000	0.0000	0.0000	0.0000	0.0000	0.0000	0.0000	0.0000	0.0000	0.0000	0.0000	0.0000	0.0000											
30	46	0.1127	4	0	1	0	2	0	0	0	0	N	N	N	Y	N	N	N	N	N	N	N	N	0.0000	0.0000	0.0000	0.0000	0.0000	0.0000	0.0000	0.0000	0.0000	0.0000	0.0000	0.0000	0.0000	0.0000	0.0000	0.0000	0.0000	0.0000	0.0000	0.0000	3.9676	0.0000	1.0007	0.0000	0.0000	0.0000	0.0000	0.0000	0.0000	0.0000	0.0000	0.0000	0.0000	0.0000	0.0000	0.0000	0.0000	0.0000	0.0000	0.0000	0.0000	0.0000	0.0000	0.0000	0.0000	0.0000	0.0000	0.0000	0.0000	0.0000	0.0000	0.0000	0.0000	0.0000	0.0000	0.0000	0.0000	0.0000	0.0000	0.0000	0.0000	0.0000	0.0000	0.0000	0.0000	0.0000	0.0000	0.0000	0.0000	0.0000	0.0000	0.0000	0.0000	0.0000	0.0000	0.0000	0.0000	0.0000											
30	47	0.0797	3	0	1	0	2	0	0	0	0	N	N	N	Y	N	N	N	N	N	N	N	N	0.0404	0.0000	419.1256	0.1595	0.0000	699.6729	0.0000	0.0000	1.0444	0.0001	0.0000	0.0005	0.0006	0.0000	0.0169	0.0000	0.0000	0.0000	0.0018	0.0043	0.0000	0.0040	0.0046	0.0000	0.0022	0.1683	0.0000	inf	0.0004	0.0000	-0.0002	3.9676	2.0873	1.0007	1.9360	0.0000	0.0000	0.0000	0.0000	0.0000	0.0000	0.0000	0.0000	0.0000	0.0004	0.0004	0.0000	0.0002	0.0002	0.0000	0.0002	0.0002	0.0000	0.2678	0.2319	0.0358	0.0300	0.0289	0.0011	0.2377	0.2031	0.0347	0.2015	0.0837	0.1178	0.0463	0.0406	0.0057	0.1552	0.0431	0.1121	0.0404	0.0000	419.1256	0.1595	0.0000	699.6729	0.0000	0.0000	1.0444	0.0018	0.0043	0.0000	0.0040	0.0046	0.0000	0.0011	0.0040	0.0000
30	48	0.0475	2	0	1	0	2	0	0	0	0	N	N	N	Y	N	N	N	N	N	N	N	N	0.0364	0.0215	0.1005	7.5829	7.8912	0.0075	0.0000	0.1196	0.0001	0.0000	0.0002	0.0002	0.0002	0.0000	0.0000	0.0000	0.0002	0.0018	0.0023	0.0016	0.0000	0.0000	0.0000	0.0037	0.1173	0.0016	0.5165	2.2434	-0.0000	0.0000	3.9676	3.9129	1.0007	0.7267	0.0000	0.0000	0.0000	0.0000	0.0000	0.0000	0.0000	0.0000	0.0000	0.0003	0.0001	0.0002	0.0000	0.0000	0.0000	0.0003	0.0001	0.0002	0.4592	0.3968	0.0623	0.1021	0.0919	0.0101	0.3571	0.3049	0.0522	0.1518	0.0362	0.1155	0.0061	0.0057	0.0004	0.1457	0.0306	0.1151	0.0364	0.0215	0.1005	7.5829	7.8912	0.0000	0.0153	0.0000	0.1196	0.0018	0.0023	0.0016	0.0000	0.0000	0.0000	0.0018	0.0027	0.0016	
30	49	0.0475	2	0	2	1	1	0	0	0	0	N	Y	N	N	N	N	N	N	N	N	N	N	inf	inf	inf	inf	1.4483	1.6698	0.0000	6.5544	7.2588	0.0000	0.0000	0.0000	0.0000	0.0000	0.0000	0.0000	0.0000	0.0000	0.0000	0.0000	0.0000	0.0000	0.0000	-0.3730	0.0000	3.9676	6.0000	1.0007	4.0006	0.9676	0.9676	0.0000	0.9676	0.9676	0.0000	0.0000	0.0000	0.0000	0.0000	0.0000	0.0000	0.0000	0.0000	0.0000	0.0000	0.0000	0.0000	0.6681	0.5795	0.0886	0.1476	0.1333	0.0143	0.5205	0.4462	0.0743	0.2813	0.0699	0.2114	0.0118	0.0110	0.0008	0.2695	0.0589	0.2106	inf	inf	0.0000	inf	inf	0.0000	0.0000	0.0000	0.0000	0.0000	0.0000	0.0000	0.0000	0.0000	0.0000	0.0000	0.0000	0.0000						
30	50	0.0475	2	1	1	1	1	0	0	0	0	N	N	N	N	N	N	N	N	N	N	N	N	0.0000	0.0000	0.0000	0.0000	0.0000	0.0000	0.0000	0.0000	0.0000	0.0000	0.0000	0.0000	0.0000	0.0000	0.0000	0.0000	0.0000	0.0000	0.0000	0.0000	3.9676	6.0000	1.0007	3.0006	0.0000	0.0000	0.0000	0.0000	0.0000	0.0000	0.0000	0.0000	0.0000	0.0000	0.0000	0.0000	0.0000	0.0000	0.0000	0.0000	0.0000	0.0000	0.6681	0.5795	0.0886	0.1476	0.1333	0.0143	0.5205	0.4462	0.0743	0.2602	0.0642	0.1960	0.0108	0.0101	0.0007	0.2494	0.0541	0.1953	0.0000	0.0000	0.0000	0.0000	0.0000	0.0000	0.0000	0.0000	0.0000	0.0000	0.0000	0.0000	0.0000	0.0000	0.0000	0.0000	0.0000	0.0000											
30	51	0.0853	3	1	2	0	1	0	0	0	0	N	Y	N	N	N	N	N	N	N	N	N	N	186476.9819	139182.7437	0.0000	42226.5075	80021.7636	0.0000	0.0000	0.0000	0.1220	0.1409	0.0000	0.3734	0.4118	0.0000	0.0000	0.0000	0.0000	0.0000	0.0000	0.0000	0.0000	0.0000	0.0001	0.0000	0.0000	0.0000	0.0000	1.1250	-0.0067	-0.0000	3.9676	1.0314	1.0007	3.0033	0.0173	0.0173	0.0000	0.0173	0.0173	0.0000	0.0000	0.0000	0.0000	0.0000	0.0000	0.0000	0.0000	0.0000	0.0000	0.0000	0.0000	0.0000	0.1419	0.1229	0.0190	0.0464	0.0421	0.0043	0.0956	0.0809	0.0147	0.1143	0.0348	0.0795	0.0072	0.0068	0.0004	0.1071	0.0279	0.0792	186476.9819	139182.7437	0.0000	42226.5075	80021.7636	0.0000	0.0000	0.0000	0.0000	0.0000	0.0000	0.0000	0.0000	0.0000	0.0001	0.0000	0.0000	0.0000	
30	52	0.0475	2	1	2	0	1	0	0	0	0	N	Y	N	N	N	N	N	N	N	N	N	N	3646918.5920	1905978.4696	0.0000	1247870.2623	1296526.2126	0.0000	0.0000	1.6712	1.9302	0.0000	7.5417	8.3620	0.0000	0.0000	0.0000	0.0000	0.0000	0.0000	0.0000	0.0000	0.0000	0.0000	0.0000	0.0000	0.0000	0.0000	0.8889	-0.3663	-0.0000	3.9676	4.9791	1.0007	0.0710	0.9504	0.9504	0.0000	0.9504	0.9504	0.0000	0.0000	0.0000	0.0000	0.0000	0.0000	0.0000	0.0000	0.0000	0.0000	0.0000	0.0000	0.0000	0.5687	0.4924	0.0763	0.1260	0.1137	0.0124	0.4427	0.3787	0.0639	0.1632	0.0391	0.1241	0.0066	0.0061	0.0004	0.1567	0.0330	0.1237	3646918.5920	1905978.4696	0.0000	1247870.2623	1296526.2126	0.0000	0.0000	0.0000	0.0000	0.0000	0.0000	0.0000	0.0000	0.0000	0.0000	0.0000	0.0000	0.0000		
30	53	0.0475	2	0	2	0	1	0	0	0	0	N	Y	N	N	N	N	N	N	N	N	N	N	inf	inf	inf	inf	1.4483	1.6698	0.0000	6.5544	7.2588	0.0000	0.0000	0.0000	0.0000	0.0000	0.0000	0.0000	0.0000	0.0000	0.0000	0.0000	0.0000	0.0000	0.0000	-0.3730	0.0000	3.9676	6.0000	1.0007	4.0006	0.9676	0.9676	0.0000	0.9676	0.9676	0.0000	0.0000	0.0000	0.0000	0.0000	0.0000	0.0000	0.0000	0.0000	0.0000	0.0000	0.0000	0.0000	0.6681	0.5795	0.0886	0.1476	0.1333	0.0143	0.5205	0.4462	0.0743	0.2813	0.0699	0.2114	0.0118	0.0110	0.0008	0.2695	0.0589	0.2106	inf	inf	0.0000	inf	inf	0.0000	0.0000	0.0000	0.0000	0.0000	0.0000	0.0000	0.0000	0.0000	0.0000	0.0000	0.0000	0.0000						
30	54	0.1006	4	0	1	1	1	0	0	0	0	N	N	N	N	N	N	N	N	N	N	N	N	0.0000	0.0000	0.0000	0.0000	0.0000	0.0000	0.0000	0.0000	0.0000	0.0000	0.0000	0.0000	0.0000	0.0000	0.0000	0.0000	0.0000	0.0000	0.0000	0.0000	0.0001	0.0000	0.0000	0.0000	inf	0.0000	0.0000	3.9676	0.0147	1.0007	0.9910	0.0000	0.0000	0.0000	0.0000	0.0000	0.0000	0.0000	0.0000	0.0000	0.0000	0.0000	0.0000	0.0000	0.0000	0.0000	0.0000	0.0000	0.0000	0.0078	0.0060	0.0019	0.0034	0.0034	0.0000	0.0045	0.0026	0.0019	0.0373	0.0086	0.0288	0.0005	0.0005	0.0000	0.0368	0.0081	0.0287	0.0000	0.0000	0.0000	0.0000	0.0000	0.0000	0.0000	0.0000	0.0000	0.0000	0.0000	0.0000	0.0000	0.0000	0.0001	0.0000	0.0000	0.0000				
30	55	0.0896	3	0	1	0	1	0	0	0	0	N	N	N	N	N	N	N	N	N	N	N	N	0.0012	0.0000	0.0066	0.0000	0.0000	0.0000	0.0015	0.0068	0.0000	0.0000	0.0000	0.0000	0.0000	0.0000	0.0000	0.0000	0.0000	0.0000	0.0000	0.0000	0.0001	0.0000	0.0004	0.0000	0.0000	0.0000	inf	49.2301	0.0000	0.0000	3.9676	0.9556	1.0007	1.0192	0.0000	0.0000	0.0000	0.0000	0.0000	0.0000	0.0000	0.0000	0.0000	0.0000	0.0000	0.0000	0.0000	0.0000	0.0000	0.0000	0.0000	0.0000	0.1433	0.1229	0.0204	0.0272	0.0263	0.0009	0.1162	0.0966	0.0195	0.0710	0.0165	0.0545	0.0009	0.0008	0.0001	0.0701	0.0157	0.0544	0.0012	0.0000	0.0066	0.0000	0.0000	0.0000	0.0015	0.0000	0.0068	0.0000	0.0000	0.0000	0.0001	0.0000	0.0004	0.0000	0.0000	0.0000	
30	56	0.0475	2	0	1	0	1	0	0	0	0	N	N	N	N	N	N	N	N	N	N	N	N	0.0119	0.0000	0.0658	0.0000	0.0000	0.0062	0.0000	0.0783	0.0000	0.0000	0.0002	0.0000	0.0000	0.0000	0.0000	0.0000	0.0002	0.0023	0.0000	0.0030	0.0000	0.0000	0.0000	0.0057	0.0007	0.0031	inf	19926.6000	0.0000	0.0001	3.9676	3.0309	1.0007	3.0097	0.0000	0.0000	0.0000	0.0000	0.0000	0.0000	0.0000	0.0000	0.0000	0.0004	0.0000	0.0004	0.0000	0.0000	0.0000	0.0004	0.0000	0.0004	0.3639	0.3140	0.0499	0.0811	0.0729	0.0081	0.2828	0.2410	0.0418	0.1898	0.0458	0.1440	0.0077	0.0072	0.0005	0.1821	0.0386	0.1435	0.0119	0.0000	0.0658	0.0000	0.0000	0.0000	0.0147	0.0000	0.0783	0.0023	0.0000	0.0030	0.0000	0.0000	0.0000	0.0024	0.0000	0.0031	
30	57	0.0475	2	0	1	0	1	0	0	0	0	N	N	N	N	N	N	N	N	N	N	N	N	0.0000	0.0000	0.0000	0.0000	0.0000	0.0000	0.0000	0.0000	0.0000	0.0000	0.0000	0.0000	0.0000	0.0000	0.0000	0.0000	0.0000	0.0000	0.0000	0.0000	3.9676	3.0000	1.0007	3.0006	0.0000	0.0000	0.0000	0.0000	0.0000	0.0000	0.0000	0.0000	0.0000	0.0000	0.0000	0.0000	0.0000	0.0000	0.0000	0.0000	0.0000	0.0000	0.3605	0.3110	0.0495	0.0803	0.0723	0.0080	0.2802	0.2388	0.0414	0.1887	0.0455	0.1432	0.0076	0.0072	0.0005	0.1811	0.0384	0.1427	0.0000	0.0000	0.0000	0.0000	0.0000	0.0000	0.0000	0.0000	0.0000	0.0000	0.0000	0.0000	0.0000	0.0000	0.0000	0.0000	0.0000	0.0000											
30	58	0.1931	4	0	1	0	1	0	0	0	0	N	N	N	N	N	N	N	N	N	N	N	N	2497.9971	491.5023	392508.8208	638.0544	668.2198	0.3346	280202.0008	inf	1593672.4173	1.5390	0.8294	6.9295	2.1473	2.3293	0.0003	1.2237	0.0000	8.9923	0.0006	0.0017	0.0000	0.0034	0.0035	0.0009	0.0000	0.0000	0.0000	1.0997	0.0187	0.2618	-0.0002	3.9676	10.2575	1.0007	3.8960	1.8935	0.9018	0.9917	0.9018	0.9018	0.0000	0.9917	0.0000	0.9917	0.0003	0.0003	0.0000	0.0003	0.0003	0.0000	0.0000	0.0000	0.0000	1.2304	1.0873	0.1431	0.4200	0.3871	0.0328	0.8104	0.7001	0.1103	0.4203	0.1506	0.2697	0.0765	0.0729	0.0036	0.3438	0.0777	0.2661	2497.9971	491.5023	392508.8208	638.0544	668.2198	0.3346	280202.0008	inf	1593672.4173	0.0006	0.0017	0.0000	0.0034	0.0035	0.0009	0.0000	0.0000	0.0000
30	59	0.1671	3	1	2	1	1	0	0	0	0	N	Y	N	N	N	N	N	N	N	N	N	N	0.0000	0.0000	0.0000	0.0000	0.0000	0.0000	0.0000	0.0000	0.0000	0.0000	0.0000	0.0000	0.0000	0.0000	0.0000	0.0000	0.0000	0.0000	0.0000	0.0000	3.9676	0.0000	1.0007	0.0000	0.0000	0.0000	0.0000	0.0000	0.0000	0.0000	0.0000	0.0000	0.0000	0.0000	0.0000	0.0000	0.0000	0.0000	0.0000	0.0000	0.0000	0.0000	0.0000	0.0000	0.0000	0.0000	0.0000	0.0000	0.0000	0.0000	0.0000	0.0000	0.0000	0.0000	0.0000	0.0000	0.0000	0.0000	0.0000	0.0000	0.0000	0.0000	0.0000	0.0000	0.0000	0.0000	0.0000	0.0000	0.0000	0.0000	0.0000	0.0000	0.0000	0.0000	0.0000	0.0000	0.0000	0.0000											
30	60	0.0475	2	1	1	1	1	0	0	0	0	N	N	N	N	N	N	N	N	N	N	N	N	inf	inf	inf	inf	1.2721	1.4642	0.0000	5.7733	6.3866	0.0000	0.0000	0.0000	0.0000	0.0000	0.0000	0.0000	0.0000	0.0000	0.0000	0.0000	0.0000	0.0000	0.0000	-0.3730	0.0000	3.9676	7.0000	1.0007	3.9994	0.9676	0.9676	0.0000	0.9676	0.9676	0.0000	0.0000	0.0000	0.0000	0.0000	0.0000	0.0000	0.0000	0.0000	0.0000	0.0000	0.0000	0.0000	0.7606	0.6608	0.0998	0.1676	0.1515	0.0161	0.5930	0.5093	0.0837	0.3012	0.0754	0.2258	0.0128	0.0119	0.0009	0.2884	0.0635	0.2250	inf	inf	0.0000	inf	inf	0.0000	0.0000	0.0000	0.0000	0.0000	0.0000	0.0000	0.0000	0.0000	0.0000	0.0000	0.0000	0.0000						
30	61	0.1300	3	1	1	1	1	0	0	0	0	N	N	N	N	N	N	N	N	N	N	N	N	0.0000	0.0000	0.0000	0.0000	0.0000	0.0000	0.0000	0.0000	0.0000	0.0000	0.0000	0.0000	0.0000	0.0000	0.0000	0.0000	0.0000	0.0000	0.0000	0.0000	3.9676	2.0000	1.0007	0.0000	0.0000	0.0000	0.0000	0.0000	0.0000	0.0000	0.0000	0.0000	0.0000	0.0000	0.0000	0.0000	0.0000	0.0000	0.0000	0.0000	0.0000	0.0000	0.2182	0.1870	0.0312	0.0624	0.0559	0.0064	0.1558	0.1310	0.0248	0.0537	0.0210	0.0327	0.0309	0.0152	0.0157	0.0228	0.0058	0.0171	0.0000	0.0000	0.0000	0.0000	0.0000	0.0000	0.0000	0.0000	0.0000	0.0000	0.0000	0.0000	0.0000	0.0000	0.0000	0.0000	0.0000	0.0000											
30	62	0.0475	2	1	1	1	1	0	0	0	0	N	N	N	N	N	N	N	N	N	N	N	N	inf	inf	inf	inf	2.0660	2.3902	0.0000	9.2980	10.3213	0.0000	0.0000	0.0000	0.0000	0.0000	0.0000	0.0000	0.0000	0.0000	0.0000	0.0000	0.0000	0.0000	0.0000	-0.3730	0.0000	3.9676	4.0000	1.0007	3.9994	0.9676	0.9676	0.0000	0.9676	0.9676	0.0000	0.0000	0.0000	0.0000	0.0000	0.0000	0.0000	0.0000	0.0000	0.0000	0.0000	0.0000	0.0000	0.4684	0.4048	0.0635	0.1041	0.0937	0.0103	0.3643	0.3111	0.0532	0.2378	0.0582	0.1795	0.0098	0.0092	0.0006	0.2280	0.0491	0.1789	inf	inf	0.0000	inf	inf	0.0000	0.0000	0.0000	0.0000	0.0000	0.0000	0.0000	0.0000	0.0000	0.0000	0.0000	0.0000	0.0000						
30	63	0.0475	2	0	2	0	1	0	0	0	0	N	Y	N	N	N	N	N	N	N	N	N	N	0.0000	0.0000	0.0000	0.0000	0.0000	0.0000	0.0000	0.0000	0.0000	0.0000	0.0000	0.0000	0.0000	0.0000	0.0000	0.0000	0.0000	0.0000	0.0000	0.0000	3.9676	7.0000	1.0007	4.0000	0.0000	0.0000	0.0000	0.0000	0.0000	0.0000	0.0000	0.0000	0.0000	0.0000	0.0000	0.0000	0.0000	0.0000	0.0000	0.0000	0.0000	0.0000	0.7606	0.6608	0.0998	0.1676	0.1515	0.0161	0.5930	0.5093	0.0837	0.3012	0.0754	0.2258	0.0128	0.0119	0.0009	0.2884	0.0635	0.2250	0.0000	0.0000	0.0000	0.0000	0.0000	0.0000	0.0000	0.0000	0.0000	0.0000	0.0000	0.0000	0.0000	0.0000	0.0000	0.0000	0.0000	0.0000											
30	64	0.1542	5	0	1	1	1	0	0	0	0	N	N	N	N	N	N	N	N	N	N	N	N	0.0000	0.0000	0.0000	0.0000	0.0000	0.0000	0.0000	0.0000	0.0000	0.0000	0.0000	0.0000	0.0000	0.0000	0.0000	0.0000	0.0000	0.0000	0.0000	0.0000	3.9676	0.0000	1.0007	0.0000	0.0000	0.0000	0.0000	0.0000	0.0000	0.0000	0.0000	0.0000	0.0000	0.0000	0.0000	0.0000	0.0000	0.0000	0.0000	0.0000	0.0000	0.0000	0.0000	0.0000	0.0000	0.0000	0.0000	0.0000	0.0000	0.0000	0.0000	0.0000	0.0000	0.0000	0.0000	0.0000	0.0000	0.0000	0.0000	0.0000	0.0000	0.0000	0.0000	0.0000	0.0000	0.0000	0.0000	0.0000	0.0000	0.0000	0.0000	0.0000	0.0000	0.0000	0.0000	0.0000	0.0000	0.0000											
30	65	0.1299	4	0	1	1	1	0	0	0	0	N	N	N	N	N	N	N	N	N	N	N	N	0.0000	0.0000	0.0000	0.0000	0.0000	0.0000	0.0000	0.0000	0.0000	0.0000	0.0000	0.0000	0.0000	0.0033	0.0154	0.0000	0.0105	0.0357	0.0000	0.0000	0.0000	0.0000	0.0000	0.0000	-0.0001	3.9676	0.8734	1.0007	1.0002	0.0000	0.0000	0.0000	0.0000	0.0000	0.0000	0.0000	0.0000	0.0000	0.0002	0.0002	0.0000	0.0002	0.0002	0.0000	0.0000	0.0000	0.0000	0.1040	0.0894	0.0147	0.0288	0.0260	0.0028	0.0753	0.0633	0.0119	0.0657	0.0143	0.0514	0.0209	0.0062	0.0148	0.0447	0.0081	0.0366	0.0000	0.0000	0.0000	0.0000	0.0000	0.0000	0.0000	0.0000	0.0000	0.0033	0.0154	0.0000	0.0105	0.0357	0.0000	0.0000	0.0000	0.0000						
30	66	0.1153	3	0	1	0	1	0	0	0	0	N	N	N	N	N	N	N	N	N	N	N	N	152.2072	0.0000	1333.4642	251.9362	0.0000	2858.0830	0.0000	0.0000	0.0004	0.0000	0.0028	0.0014	0.0000	0.0153	0.0000	0.0000	0.0000	0.0000	0.0000	0.0000	0.0000	0.0000	0.0000	0.0000	0.0000	0.0000	inf	1.3077	0.0000	-0.0000	3.9676	1.0063	1.0007	0.0727	0.0000	0.0000	0.0000	0.0000	0.0000	0.0000	0.0000	0.0000	0.0000	0.0000	0.0000	0.0000	0.0000	0.0000	0.0000	0.0000	0.0000	0.0000	0.1212	0.1041	0.0171	0.0337	0.0306	0.0032	0.0874	0.0735	0.0139	0.0503	0.0151	0.0352	0.0191	0.0095	0.0097	0.0312	0.0056	0.0256	152.2072	0.0000	1333.4642	251.9362	0.0000	2858.0830	0.0000	0.0000	0.0000	0.0000	0.0000	0.0000	0.0000	0.0000	0.0000	0.0000	0.0000	0.0000	
30	67	0.0475	2	0	1	0	1	0	0	0	0	N	N	N	N	N	N	N	N	N	N	N	N	128.3504	59.3029	0.0000	40.9313	42.5755	0.0000	0.0000	0.0000	0.0001	0.0001	0.0000	0.0005	0.0005	0.0000	0.0000	0.0000	0.0000	0.0000	0.0000	0.0000	0.0000	0.0000	0.0000	0.0000	0.0005	0.0000	0.0000	0.6667	-0.0000	-0.0000	3.9676	4.0009	1.0007	1.0789	0.0000	0.0000	0.0000	0.0000	0.0000	0.0000	0.0000	0.0000	0.0000	0.0000	0.0000	0.0000	0.0000	0.0000	0.0000	0.0000	0.0000	0.0000	0.4684	0.4049	0.0635	0.1041	0.0938	0.0103	0.3644	0.3111	0.0532	0.1640	0.0393	0.1247	0.0066	0.0062	0.0004	0.1575	0.0331	0.1243	128.3504	59.3029	0.0000	40.9313	42.5755	0.0000	0.0000	0.0000	0.0000	0.0000	0.0000	0.0000	0.0000	0.0000	0.0000	0.0000	0.0000	0.0000	
30	68	0.0475	2	0	2	0	1	0	0	0	0	N	Y	N	N	N	N	N	N	N	N	N	N	0.0104	0.0582	0.0065	0.0692	0.0000	0.0000	0.0001	0.0000	0.0000	0.0000	0.0000	0.0000	0.0002	0.0017	0.0000	0.0022	0.0000	0.0000	0.0000	0.0035	0.0000	0.0023	inf	inf	0.0000	0.0001	3.9676	5.0000	1.0007	3.9994	0.0000	0.0000	0.0000	0.0000	0.0000	0.0000	0.0000	0.0000	0.0000	0.0004	0.0000	0.0004	0.0000	0.0000	0.0000	0.0004	0.0000	0.0004	0.5708	0.4942	0.0765	0.1265	0.1141	0.0124	0.4443	0.3801	0.0641	0.2602	0.0642	0.1960	0.0108	0.0101	0.0007	0.2494	0.0541	0.1953	0.0104	0.0000	0.0582	0.0000	0.0000	0.0000	0.0128	0.0000	0.0692	0.0017	0.0000	0.0022	0.0000	0.0000	0.0000	0.0018	0.0000	0.0023					
30	69	0.0475	2	1	1	1	1	0	0	0	0	N	N	N	N	N	N	N	N	N	N	N	N	0.0000	0.0000	0.0000	0.0000	0.0000	0.0000	0.0000	0.0000	0.0000	0.0000	0.0000	0.0000	0.0000	0.0000	0.0000	0.0000	0.0000	0.0000	0.0000	0.0000	3.9676	7.0000	1.0007	2.9994	0.0000	0.0000	0.0000	0.0000	0.0000	0.0000	0.0000	0.0000	0.0000	0.0000	0.0000	0.0000	0.0000	0.0000	0.0000	0.0000	0.0000	0.0000	0.7606	0.6608	0.0998	0.1676	0.1515	0.0161	0.5930	0.5093	0.0837	0.2813	0.0699	0.2114	0.0118	0.0110	0.0008	0.2695	0.0589	0.2106	0.0000	0.0000	0.0000	0.0000	0.0000	0.0000	0.0000	0.0000	0.0000	0.0000	0.0000	0.0000	0.0000	0.0000	0.0000	0.0000	0.0000	0.0000											
30	70	0.0475	2	0	2	0	2	0	0	0	0	N	Y	N	Y	N	N	N	N	N	N	N	N	inf	inf	inf	inf	0.0000	0.0000	0.0002	0.0000	0.0000	0.0000	0.0000	0.0000	0.0002	0.0000	0.0000	0.0000	0.0000	0.0000	0.0000	0.0000	0.0000	0.0000	inf	0.0000	0.0000	3.9676	4.0000	1.0007	5.0006	0.0000	0.0000	0.0000	0.0000	0.0000	0.0000	0.0000	0.0000	0.0000	0.0000	0.0000	0.0000	0.0000	0.0000	0.0000	0.0000	0.0000	0.0000	0.4684	0.4048	0.0635	0.1041	0.0937	0.0103	0.3643	0.3111	0.0532	0.2602	0.0642	0.1960	0.0108	0.0101	0.0007	0.2494	0.0541	0.1953	inf	0.0000	inf	0.0000	0.0000	0.0000	inf	0.0000	inf	0.0000	0.0000	0.0000	0.0000	0.0000	0.0000	0.0000	0.0000	0.0000						
30	71	0.0475	2	0	2	0	1	0	0	0	0	N	Y	N	N	N	N	N	N	N	N	N	N	924.9872	inf	0.0545	inf	inf	0.0058	0.0647	1.2721	1.4642	0.0001	5.7733	6.3866	0.0000	0.0000	0.0000	0.0001	0.0014	0.0000	0.0018	0.0000	0.0000	0.0000	0.0029	0.0000	0.0018	0.0000	inf	-0.3730	0.0001	3.9676	7.0000	1.0007	4.9994	0.9676	0.9676	0.0000	0.9676	0.9676	0.0000	0.0000	0.0000	0.0000	0.0004	0.0000	0.0004	0.0000	0.0000	0.0000	0.0004	0.0000	0.0004	0.7606	0.6608	0.0998	0.1676	0.1515	0.0161	0.5930	0.5093	0.0837	0.3199	0.0806	0.2393	0.0137	0.0128	0.0009	0.3062	0.0679	0.2384	924.9872	inf	0.0545	inf	inf	0.0000	0.0117	0.0000	0.0647	0.0014	0.0000	0.0018	0.0000	0.0000	0.0000	0.0014	0.0000	0.0018		
30	72	0.1041	3	0	2	0	1	0	0	0	0	N	Y	N	N	N	N	N	N	N	N	N	N	inf	inf	inf	inf	1.7560	2.0148	0.0000	5.5939	6.1183	0.0000	0.0000	0.0000	0.0000	0.0000	0.0000	0.0000	0.0000	0.0000	0.0000	0.0000	0.0000	0.0000	0.0000	-0.3664	0.0000	3.9676	4.7764	1.0007	1.3205	0.9505	0.9505	0.0000	0.9505	0.9505	0.0000	0.0000	0.0000	0.0000	0.0000	0.0000	0.0000	0.0000	0.0000	0.0000	0.0000	0.0000	0.0000	0.5413	0.4717	0.0695	0.1699	0.1553	0.0146	0.3713	0.3164	0.0550	0.1635	0.0661	0.0974	0.0472	0.0467	0.0005	0.1163	0.0193	0.0969	inf	inf	0.0000	inf	inf	0.0000	0.0000	0.0000	0.0000	0.0000	0.0000	0.0000	0.0000	0.0000	0.0000	0.0000	0.0000	0.0000						
30	73	0.0475	2	0	2	0	1	0	0	0	0	N	Y	N	N	N	N	N	N	N	N	N	N	3964.2720	2144.1223	0.0026	1613.6731	1678.5899	0.0012	0.0000	0.0031	0.0447	0.0517	0.0000	0.2006	0.2228	0.0000	0.0000	0.0000	0.0000	0.0000	0.0000	0.0000	0.0001	0.0001	0.0000	0.0000	0.0030	0.0000	0.0000	0.9344	-0.0068	-0.0000	3.9676	3.3049	1.0007	2.7470	0.0176	0.0176	0.0000	0.0176	0.0176	0.0000	0.0000	0.0000	0.0000	0.0000	0.0000	0.0000	0.0000	0.0000	0.0000	0.0000	0.0000	0.0000	0.3940	0.3401	0.0539	0.0877	0.0789	0.0088	0.3063	0.2612	0.0451	0.1901	0.0459	0.1442	0.0077	0.0072	0.0005	0.1824	0.0387	0.1437	3964.2720	2144.1223	0.0026	1613.6731	1678.5899	0.0000	0.0012	0.0014	0.0031	0.0000	0.0000	0.0000	0.0001	0.0001	0.0000	0.0000	0.0000	0.0000	
30	74	0.1063	3	0	2	0	1	0	0	0	0	N	Y	N	N	N	N	N	N	N	N	N	N	0.0000	0.0000	0.0000	0.0000	0.0000	0.0000	0.0000	0.0000	0.0000	0.0000	0.0000	0.0000	0.0000	0.0000	0.0000	0.0000	0.0000	0.0000	0.0000	0.0000	3.9676	0.0000	1.0007	0.0000	0.0000	0.0000	0.0000	0.0000	0.0000	0.0000	0.0000	0.0000	0.0000	0.0000	0.0000	0.0000	0.0000	0.0000	0.0000	0.0000	0.0000	0.0000	0.0000	0.0000	0.0000	0.0000	0.0000	0.0000	0.0000	0.0000	0.0000	0.0000	0.0000	0.0000	0.0000	0.0000	0.0000	0.0000	0.0000	0.0000	0.0000	0.0000	0.0000	0.0000	0.0000	0.0000	0.0000	0.0000	0.0000	0.0000	0.0000	0.0000	0.0000	0.0000	0.0000	0.0000	0.0000	0.0000											
30	75	0.0475	2	0	2	0	1	0	0	0	0	N	Y	N	N	N	N	N	N	N	N	N	N	0.0093	0.0000	0.0522	0.0000	0.0000	0.0047	0.0621	0.0000	0.0000	0.0001	0.0000	0.0000	0.0000	0.0000	0.0000	0.0002	0.0021	0.0001	0.0028	0.0003	0.0003	0.0000	0.0054	0.0000	0.0028	inf	164.4737	0.0000	0.0001	3.9676	4.3567	1.0007	2.3689	0.0000	0.0000	0.0000	0.0000	0.0000	0.0000	0.0000	0.0000	0.0000	0.0004	0.0000	0.0004	0.0000	0.0000	0.0000	0.0004	0.0000	0.0004	0.5055	0.4372	0.0683	0.1122	0.1011	0.0111	0.3933	0.3361	0.0572	0.2072	0.0503	0.1569	0.0084	0.0079	0.0005	0.1988	0.0424	0.1564	0.0093	0.0000	0.0522	0.0000	0.0000	0.0000	0.0115	0.0000	0.0621	0.0021	0.0001	0.0028	0.0003	0.0003	0.0000	0.0022	0.0000	0.0028		
30	76	0.1149	5	1	2	0	2	0	0	0	0	N	Y	N	Y	N	N	N	N	N	N	N	N	0.0000	0.0000	0.0000	0.0000	0.0000	0.0000	0.0000	0.0000	0.0000	0.0000	0.0000	0.0000	0.0000	0.0000	0.0000	0.0000	0.0000	0.0000	0.0000	0.0000	3.9676	0.0000	1.0007	0.0000	0.0000	0.0000	0.0000	0.0000	0.0000	0.0000	0.0000	0.0000	0.0000	0.0000	0.0000	0.0000	0.0000	0.0000	0.0000	0.0000	0.0000	0.0000	0.0000	0.0000	0.0000	0.0000	0.0000	0.0000	0.0000	0.0000	0.0000	0.0000	0.0000	0.0000	0.0000	0.0000	0.0000	0.0000	0.0000	0.0000	0.0000	0.0000	0.0000	0.0000	0.0000	0.0000	0.0000	0.0000	0.0000	0.0000	0.0000	0.0000	0.0000	0.0000	0.0000	0.0000	0.0000	0.0000											
30	77	0.1066	4	1	2	0	2	0	0	0	0	N	Y	N	Y	N	N	N	N	N	N	N	N	0.0000	0.0000	0.0000	0.0000	0.0000	0.0000	0.0000	0.0000	0.0000	0.0000	0.0000	0.0000	0.0000	0.0000	0.0000	0.0000	0.0000	0.0000	0.0000	0.0000	0.0000	0.0000	inf	0.0000	0.0000	3.9676	1.0073	1.0007	0.3366	0.0000	0.0000	0.0000	0.0000	0.0000	0.0000	0.0000	0.0000	0.0000	0.0000	0.0000	0.0000	0.0000	0.0000	0.0000	0.0000	0.0000	0.0000	0.1181	0.1022	0.0159	0.0244	0.0230	0.0015	0.0937	0.0793	0.0144	0.0357	0.0133	0.0224	0.0053	0.0051	0.0003	0.0304	0.0083	0.0221	0.0000	0.0000	0.0000	0.0000	0.0000	0.0000	0.0000	0.0000	0.0000	0.0000	0.0000	0.0000	0.0000	0.0000	0.0000	0.0000	0.0000	0.0000						
30	78	0.1324	4	0	2	0	2	0	0	0	0	N	Y	N	Y	N	N	N	N	N	N	N	N	0.0000	0.0000	0.0000	0.0000	0.0000	0.0000	0.0000	0.0000	0.0000	0.0000	0.0000	0.0000	0.0000	0.0000	0.0000	0.0000	0.0000	0.0000	0.0000	0.0000	3.9676	0.0000	1.0007	0.0000	0.0000	0.0000	0.0000	0.0000	0.0000	0.0000	0.0000	0.0000	0.0000	0.0000	0.0000	0.0000	0.0000	0.0000	0.0000	0.0000	0.0000	0.0000	0.0000	0.0000	0.0000	0.0000	0.0000	0.0000	0.0000	0.0000	0.0000	0.0000	0.0000	0.0000	0.0000	0.0000	0.0000	0.0000	0.0000	0.0000	0.0000	0.0000	0.0000	0.0000	0.0000	0.0000	0.0000	0.0000	0.0000	0.0000	0.0000	0.0000	0.0000	0.0000	0.0000	0.0000	0.0000	0.0000											
30	79	0.1241	3	0	2	0	2	0	0	0	0	N	Y	N	Y	N	N	N	N	N	N	N	N	0.0000	0.0000	0.0000	0.0000	0.0000	0.0000	0.0000	0.0000	0.0000	0.0000	0.0000	0.0000	0.0000	28.6439	92.0315	0.0000	0.0000	0.0000	0.0000	45.8638	162.0996	0.0000	0.0000	0.0000	-0.6721	3.9676	0.0000	1.0007	1.0000	0.0000	0.0000	0.0000	0.0000	0.0000	0.0000	0.0000	0.0000	0.0000	1.0000	1.0000	0.0000	0.0000	0.0000	0.0000	1.0000	1.0000	0.0000	0.0000	0.0000	0.0000	0.0000	0.0000	0.0000	0.0000	0.0000	0.0000	0.0349	0.0109	0.0240	0.0131	0.0047	0.0084	0.0218	0.0062	0.0156	0.0000	0.0000	0.0000	0.0000	0.0000	0.0000	0.0000	0.0000	0.0000	28.6439	92.0315	0.0000	0.0000	0.0000	0.0000	45.8638	162.0996	0.0000						
30	80	0.1066	4	0	2	0	1	0	0	0	0	N	Y	N	N	N	N	N	N	N	N	N	N	0.0000	0.0000	0.0000	0.0000	0.0000	0.0000	0.0000	0.0000	0.0000	0.0000	0.0000	0.0000	0.0000	0.0000	0.0000	0.0000	0.0000	0.0000	0.0000	0.0000	0.0000	0.0000	inf	0.0000	0.0000	3.9676	3.9927	1.0007	1.0002	0.0000	0.0000	0.0000	0.0000	0.0000	0.0000	0.0000	0.0000	0.0000	0.0000	0.0000	0.0000	0.0000	0.0000	0.0000	0.0000	0.0000	0.0000	0.4336	0.3771	0.0564	0.0904	0.0849	0.0055	0.3432	0.2923	0.0509	0.1136	0.0417	0.0719	0.0142	0.0133	0.0009	0.0994	0.0284	0.0710	0.0000	0.0000	0.0000	0.0000	0.0000	0.0000	0.0000	0.0000	0.0000	0.0000	0.0000	0.0000	0.0000	0.0000	0.0000	0.0000	0.0000	0.0000						
30	81	0.1019	3	0	2	0	1	0	0	0	0	N	Y	N	N	N	N	N	N	N	N	N	N	0.0000	0.0000	0.0000	0.0000	0.0000	0.0000	0.0000	0.0000	0.0000	0.0000	0.0000	0.0000	0.0000	0.0000	0.0000	0.0000	0.0000	0.0000	0.0000	0.0000	0.0000	0.0000	0.0000	0.0000	-0.0000	3.9676	0.0110	1.0007	0.6549	0.0000	0.0000	0.0000	0.0000	0.0000	0.0000	0.0000	0.0000	0.0000	0.0000	0.0000	0.0000	0.0000	0.0000	0.0000	0.0000	0.0000	0.0000	0.0013	0.0011	0.0002	0.0003	0.0003	0.0000	0.0010	0.0009	0.0002	0.0164	0.0059	0.0105	0.0019	0.0017	0.0001	0.0145	0.0042	0.0104	0.0000	0.0000	0.0000	0.0000	0.0000	0.0000	0.0000	0.0000	0.0000	0.0000	0.0000	0.0000	0.0000	0.0000	0.0000	0.0000	0.0000	0.0000						
30	82	0.1241	3	0	1	1	2	0	0	0	0	N	N	N	Y	N	N	N	N	N	N	N	N	0.0000	0.0000	0.0000	0.0000	0.0000	0.0000	0.0000	0.0000	0.0000	0.0000	0.0000	0.0000	0.0000	0.0000	0.0000	0.0000	0.0000	0.0000	0.0000	0.0000	3.9676	1.0000	1.0007	0.0000	0.0000	0.0000	0.0000	0.0000	0.0000	0.0000	0.0000	0.0000	0.0000	0.0000	0.0000	0.0000	0.0000	0.0000	0.0000	0.0000	0.0000	0.0000	0.1169	0.1010	0.0159	0.0186	0.0176	0.0010	0.0983	0.0834	0.0149	0.0349	0.0109	0.0240	0.0131	0.0047	0.0084	0.0218	0.0062	0.0156	0.0000	0.0000	0.0000	0.0000	0.0000	0.0000	0.0000	0.0000	0.0000	0.0000	0.0000	0.0000	0.0000	0.0000	0.0000	0.0000	0.0000	0.0000											
30	83	0.1241	3	0	1	1	2	0	0	0	0	N	N	N	Y	N	N	N	N	N	N	N	N	0.0000	0.0000	0.0000	0.0000	0.0000	0.0000	0.0000	0.0000	0.0000	0.0000	0.0000	0.0000	0.0000	0.0000	0.0000	0.0000	0.0000	0.0000	0.0000	0.0000	3.9676	0.0000	1.0007	0.0000	0.0000	0.0000	0.0000	0.0000	0.0000	0.0000	0.0000	0.0000	0.0000	0.0000	0.0000	0.0000	0.0000	0.0000	0.0000	0.0000	0.0000	0.0000	0.0000	0.0000	0.0000	0.0000	0.0000	0.0000	0.0000	0.0000	0.0000	0.0000	0.0000	0.0000	0.0000	0.0000	0.0000	0.0000	0.0000	0.0000	0.0000	0.0000	0.0000	0.0000	0.0000	0.0000	0.0000	0.0000	0.0000	0.0000	0.0000	0.0000	0.0000	0.0000	0.0000	0.0000	0.0000	0.0000											
30	84	0.0475	2	0	1	0	2	0	0	0	0	N	N	N	Y	N	N	N	N	N	N	N	N	inf	inf	inf	inf	0.0000	0.0000	0.0000	0.0000	0.0000	0.0000	0.0000	0.0000	0.0000	0.0000	0.0000	0.0000	0.0000	0.0000	0.0000	0.0000	0.0000	0.0000	0.0000	-0.0000	0.0000	3.9676	3.0000	1.0007	5.9994	0.0000	0.0000	0.0000	0.0000	0.0000	0.0000	0.0000	0.0000	0.0000	0.0000	0.0000	0.0000	0.0000	0.0000	0.0000	0.0000	0.0000	0.0000	0.3605	0.3110	0.0495	0.0803	0.0723	0.0080	0.2802	0.2388	0.0414	0.2602	0.0642	0.1960	0.0108	0.0101	0.0007	0.2494	0.0541	0.1953	inf	inf	0.0000	0.0000	0.0000	0.0000	inf	inf	0.0000	0.0000	0.0000	0.0000	0.0000	0.0000	0.0000	0.0000	0.0000	0.0000						
30	85	0.1851	3	1	2	0	1	0	0	0	0	N	Y	N	N	N	N	N	N	N	N	N	N	0.0000	0.0000	0.0000	0.0000	0.0000	0.0000	0.0000	0.0000	0.0000	0.0000	0.0000	0.0000	0.0000	0.0000	0.0000	0.0000	0.0000	0.0000	0.0000	0.0000	3.9676	0.0000	1.0007	0.0000	0.0000	0.0000	0.0000	0.0000	0.0000	0.0000	0.0000	0.0000	0.0000	0.0000	0.0000	0.0000	0.0000	0.0000	0.0000	0.0000	0.0000	0.0000	0.0000	0.0000	0.0000	0.0000	0.0000	0.0000	0.0000	0.0000	0.0000	0.0000	0.0000	0.0000	0.0000	0.0000	0.0000	0.0000	0.0000	0.0000	0.0000	0.0000	0.0000	0.0000	0.0000	0.0000	0.0000	0.0000	0.0000	0.0000	0.0000	0.0000	0.0000	0.0000	0.0000	0.0000	0.0000	0.0000											
30	86	0.0475	2	1	2	0	1	0	0	0	0	N	Y	N	N	N	N	N	N	N	N	N	N	0.0255	0.0074	0.0000	0.0000	inf	inf	0.0000	0.0000	0.0000	0.0000	0.0000	0.0000	0.0000	0.0000	0.0000	0.0007	0.0027	0.0000	0.0161	0.0172	0.0000	0.0000	0.0000	0.0000	0.0000	0.0000	-0.0000	-0.0001	3.9676	5.0000	1.0007	7.0006	0.0000	0.0000	0.0000	0.0000	0.0000	0.0000	0.0000	0.0000	0.0000	0.0002	0.0002	0.0000	0.0002	0.0002	0.0000	0.0000	0.0000	0.0000	0.5708	0.4942	0.0765	0.1265	0.1141	0.0124	0.4443	0.3801	0.0641	0.3200	0.0806	0.2393	0.0137	0.0128	0.0009	0.3063	0.0679	0.2384	0.0255	0.0074	0.0000	0.0000	0.0000	0.0000	inf	inf	0.0000	0.0007	0.0027	0.0000	0.0161	0.0172	0.0000	0.0000	0.0000	0.0000			
30	87	0.0475	2	0	2	0	1	0	0	0	0	N	Y	N	N	N	N	N	N	N	N	N	N	inf	inf	inf	inf	0.0001	0.0001	0.0000	0.0000	0.0000	0.0000	0.0001	0.0001	0.0000	0.0000	0.0000	0.0000	0.0000	0.0000	0.0000	0.0000	0.0000	0.0000	0.0000	-0.0000	0.0000	3.9676	1.0000	1.0007	3.0006	0.0000	0.0000	0.0000	0.0000	0.0000	0.0000	0.0000	0.0000	0.0000	0.0000	0.0000	0.0000	0.0000	0.0000	0.0000	0.0000	0.0000	0.0000	0.1267	0.1089	0.0178	0.0284	0.0255	0.0029	0.0984	0.0835	0.0149	0.1333	0.0317	0.1016	0.0053	0.0050	0.0003	0.1280	0.0267	0.1013	inf	inf	0.0000	0.0000	0.0000	0.0000	inf	inf	0.0000	0.0000	0.0000	0.0000	0.0000	0.0000	0.0000	0.0000	0.0000	0.0000						
30	88	0.1019	3	1	2	0	1	0	0	0	0	N	Y	N	N	N	N	N	N	N	N	N	N	0.0000	0.0000	0.0000	0.0000	0.0000	0.0000	0.0000	0.0000	0.0000	0.0000	0.0000	0.0000	0.0000	0.0000	0.0000	0.0000	0.0000	0.0000	0.0000	0.0000	3.9676	0.0000	1.0007	0.0000	0.0000	0.0000	0.0000	0.0000	0.0000	0.0000	0.0000	0.0000	0.0000	0.0000	0.0000	0.0000	0.0000	0.0000	0.0000	0.0000	0.0000	0.0000	0.0000	0.0000	0.0000	0.0000	0.0000	0.0000	0.0000	0.0000	0.0000	0.0000	0.0000	0.0000	0.0000	0.0000	0.0000	0.0000	0.0000	0.0000	0.0000	0.0000	0.0000	0.0000	0.0000	0.0000	0.0000	0.0000	0.0000	0.0000	0.0000	0.0000	0.0000	0.0000	0.0000	0.0000	0.0000	0.0000											
30	89	0.0475	2	0	2	0	1	0	0	0	0	N	Y	N	N	N	N	N	N	N	N	N	N	inf	inf	inf	inf	0.0000	0.0000	0.0000	0.0000	0.0000	0.0000	0.0000	0.0000	0.0000	0.0000	0.0000	0.0000	0.0000	0.0000	0.0000	0.0000	0.0000	0.0000	0.0000	-0.0000	0.0000	3.9676	4.0000	1.0007	4.0001	0.0000	0.0000	0.0000	0.0000	0.0000	0.0000	0.0000	0.0000	0.0000	0.0000	0.0000	0.0000	0.0000	0.0000	0.0000	0.0000	0.0000	0.0000	0.4684	0.4048	0.0635	0.1041	0.0937	0.0103	0.3643	0.3111	0.0532	0.2378	0.0582	0.1796	0.0098	0.0092	0.0006	0.2280	0.0491	0.1789	inf	inf	0.0000	0.0000	0.0000	0.0000	inf	inf	0.0000	0.0000	0.0000	0.0000	0.0000	0.0000	0.0000	0.0000	0.0000	0.0000						
30	91	0.1931	4	0	1	0	1	0	0	0	0	N	N	N	N	N	N	N	N	N	N	N	N	943.4990	383.1589	0.0000	487.9656	509.2540	0.0000	8.1001	inf	0.0000	0.5497	0.6218	0.0000	1.6564	1.7978	0.0000	0.0000	0.0000	0.0000	0.0006	0.0016	0.0000	0.0034	0.0035	0.0008	0.0000	0.0000	0.0000	0.0000	0.0187	-0.2790	-0.0002	3.9676	11.5137	1.0007	4.9035	0.7238	0.7238	0.0000	0.7238	0.7238	0.0000	0.0000	0.0000	0.0000	0.0003	0.0003	0.0000	0.0003	0.0003	0.0000	0.0000	0.0000	0.0000	1.3166	1.1640	0.1526	0.4370	0.4026	0.0344	0.8797	0.7614	0.1183	0.4444	0.1566	0.2878	0.0758	0.0720	0.0038	0.3685	0.0846	0.2839	943.4990	383.1589	0.0000	487.9656	509.2540	0.0000	8.1001	inf	0.0000	0.0006	0.0016	0.0000	0.0034	0.0035	0.0008	0.0000	0.0000	0.0000
31	32	0.1461	2	1	1	1	0	0	0	0	0	N	N	N	N	N	N	N	N	N	N	N	N	0.0000	0.0000	0.0000	0.0000	0.0000	0.0000	0.0000	0.0000	0.0000	0.0000	0.0000	0.0000	0.0000	0.0000	0.0000	0.0000	0.0000	0.0000	0.0000	0.0000	5.0000	0.0319	3.0000	1.0050	0.0000	0.0000	0.0000	0.0000	0.0000	0.0000	0.0000	0.0000	0.0000	0.0000	0.0000	0.0000	0.0000	0.0000	0.0000	0.0000	0.0000	0.0000	0.0203	0.0153	0.0050	0.0085	0.0084	0.0001	0.0118	0.0070	0.0048	0.0666	0.0144	0.0522	0.0033	0.0032	0.0002	0.0633	0.0112	0.0520	0.0000	0.0000	0.0000	0.0000	0.0000	0.0000	0.0000	0.0000	0.0000	0.0000	0.0000	0.0000	0.0000	0.0000	0.0000	0.0000	0.0000	0.0000											
31	33	0.1171	3	1	2	0	0	0	0	0	0	N	Y	N	N	N	N	N	N	N	N	N	N	0.0000	0.0000	0.0000	0.0000	0.0000	0.0000	0.0000	0.0000	0.0000	0.0000	0.0000	0.0000	0.0000	0.0000	0.0000	0.0000	0.0000	0.0000	0.0000	0.0000	5.0000	0.0023	3.0000	1.0003	0.0000	0.0000	0.0000	0.0000	0.0000	0.0000	0.0000	0.0000	0.0000	0.0000	0.0000	0.0000	0.0000	0.0000	0.0000	0.0000	0.0000	0.0000	0.0012	0.0011	0.0001	0.0005	0.0005	0.0000	0.0007	0.0006	0.0000	0.0540	0.0129	0.0411	0.0022	0.0021	0.0001	0.0518	0.0108	0.0410	0.0000	0.0000	0.0000	0.0000	0.0000	0.0000	0.0000	0.0000	0.0000	0.0000	0.0000	0.0000	0.0000	0.0000	0.0000	0.0000	0.0000	0.0000											
31	38	0.1171	3	1	1	1	0	0	0	0	0	N	N	N	N	N	N	N	N	N	N	N	N	0.0000	0.0000	0.0000	0.0000	0.0000	0.0000	0.0000	0.0000	0.0000	0.0000	0.0000	0.0000	0.0000	0.0000	0.0000	0.0000	0.0000	0.0000	0.0000	0.0000	5.0000	1.0023	3.0000	0.0007	0.0000	0.0000	0.0000	0.0000	0.0000	0.0000	0.0000	0.0000	0.0000	0.0000	0.0000	0.0000	0.0000	0.0000	0.0000	0.0000	0.0000	0.0000	0.1547	0.1331	0.0216	0.0348	0.0313	0.0035	0.1199	0.1019	0.0181	0.0540	0.0129	0.0411	0.0022	0.0021	0.0001	0.0518	0.0108	0.0410	0.0000	0.0000	0.0000	0.0000	0.0000	0.0000	0.0000	0.0000	0.0000	0.0000	0.0000	0.0000	0.0000	0.0000	0.0000	0.0000	0.0000	0.0000											
31	39	0.1171	2	1	1	0	0	0	0	0	0	N	N	N	N	N	N	N	N	N	N	N	N	0.0000	0.0000	0.0000	0.0000	0.0000	0.0000	0.0000	0.0000	0.0000	0.0000	0.0000	0.0000	0.0000	0.0000	0.0000	0.0000	0.0000	0.0000	0.0000	0.0000	5.0000	0.0347	3.0000	0.0013	0.0000	0.0000	0.0000	0.0000	0.0000	0.0000	0.0000	0.0000	0.0000	0.0000	0.0000	0.0000	0.0000	0.0000	0.0000	0.0000	0.0000	0.0000	0.0165	0.0157	0.0008	0.0068	0.0066	0.0001	0.0098	0.0091	0.0007	0.0022	0.0006	0.0016	0.0002	0.0002	0.0000	0.0020	0.0004	0.0016	0.0000	0.0000	0.0000	0.0000	0.0000	0.0000	0.0000	0.0000	0.0000	0.0000	0.0000	0.0000	0.0000	0.0000	0.0000	0.0000	0.0000	0.0000											
31	41	0.1571	3	1	2	0	0	0	0	0	0	N	Y	N	N	N	N	N	N	N	N	N	N	0.0000	0.0000	0.0000	0.0000	0.0000	0.0000	0.0000	0.0000	0.0000	0.0000	0.0000	0.0000	0.0000	0.0000	0.0000	0.0000	0.0000	0.0000	0.0000	0.0000	5.0000	1.0144	3.0000	1.0128	0.0000	0.0000	0.0000	0.0000	0.0000	0.0000	0.0000	0.0000	0.0000	0.0000	0.0000	0.0000	0.0000	0.0000	0.0000	0.0000	0.0000	0.0000	0.1675	0.1473	0.0202	0.0449	0.0412	0.0037	0.1226	0.1060	0.0166	0.1239	0.0259	0.0980	0.0053	0.0050	0.0004	0.1186	0.0210	0.0976	0.0000	0.0000	0.0000	0.0000	0.0000	0.0000	0.0000	0.0000	0.0000	0.0000	0.0000	0.0000	0.0000	0.0000	0.0000	0.0000	0.0000	0.0000											
31	44	0.2416	2	2	2	0	0	0	0	0	0	Y	Y	N	N	N	N	N	N	N	N	N	N	0.0000	0.0000	0.0000	0.0000	0.0000	0.0000	0.0000	0.0000	0.0000	0.0000	0.0000	0.0000	0.0000	0.0000	0.0000	0.0000	0.0000	0.0000	0.0000	0.0000	5.0000	2.0000	3.0000	1.0000	0.0000	0.0000	0.0000	0.0000	0.0000	0.0000	0.0000	0.0000	0.0000	0.0000	0.0000	0.0000	0.0000	0.0000	0.0000	0.0000	0.0000	0.0000	0.2675	0.2285	0.0390	0.0121	0.0105	0.0015	0.2555	0.2180	0.0375	0.1377	0.0420	0.0957	0.0193	0.0109	0.0084	0.1184	0.0311	0.0872	0.0000	0.0000	0.0000	0.0000	0.0000	0.0000	0.0000	0.0000	0.0000	0.0000	0.0000	0.0000	0.0000	0.0000	0.0000	0.0000	0.0000	0.0000											
31	45	0.1692	3	1	2	0	1	0	0	0	0	N	Y	N	N	N	N	N	N	N	N	N	N	inf	inf	inf	inf	6.6280	7.7750	0.0000	0.0000	0.0000	0.0000	7.6914	9.0310	0.0000	0.0000	0.0000	0.0000	0.0000	0.0000	0.0000	0.0000	0.0000	0.0000	0.0000	-0.3855	0.0000	5.0000	1.0000	3.0000	0.0000	1.0000	1.0000	0.0000	0.0000	0.0000	0.0000	1.0000	1.0000	0.0000	0.0000	0.0000	0.0000	0.0000	0.0000	0.0000	0.0000	0.0000	0.0000	0.1509	0.1286	0.0223	0.0209	0.0179	0.0030	0.1300	0.1107	0.0193	0.0634	0.0126	0.0508	0.0030	0.0021	0.0009	0.0604	0.0105	0.0499	inf	inf	0.0000	0.0000	0.0000	0.0000	inf	inf	0.0000	0.0000	0.0000	0.0000	0.0000	0.0000	0.0000	0.0000	0.0000	0.0000						
31	46	0.1692	3	1	1	0	1	0	0	0	0	N	N	N	N	N	N	N	N	N	N	N	N	0.0000	0.0000	0.0000	0.0000	0.0000	0.0000	0.0000	0.0000	0.0000	0.0000	0.0000	0.0000	0.0000	0.0000	0.0000	0.0000	0.0000	0.0000	0.0000	0.0000	5.0000	0.0000	3.0000	0.0000	0.0000	0.0000	0.0000	0.0000	0.0000	0.0000	0.0000	0.0000	0.0000	0.0000	0.0000	0.0000	0.0000	0.0000	0.0000	0.0000	0.0000	0.0000	0.0000	0.0000	0.0000	0.0000	0.0000	0.0000	0.0000	0.0000	0.0000	0.0000	0.0000	0.0000	0.0000	0.0000	0.0000	0.0000	0.0000	0.0000	0.0000	0.0000	0.0000	0.0000	0.0000	0.0000	0.0000	0.0000	0.0000	0.0000	0.0000	0.0000	0.0000	0.0000	0.0000	0.0000	0.0000	0.0000											
31	47	0.1362	2	1	1	0	1	0	0	0	0	N	N	N	N	N	N	N	N	N	N	N	N	109363.9351	46852.7015	0.0000	0.0000	inf	inf	3.2304	3.7852	0.0000	0.0000	0.0000	0.0000	3.6818	4.3122	0.0000	0.0000	0.0001	0.0000	0.0001	0.0002	0.0000	0.0000	0.0000	0.0000	0.0000	0.0000	-0.3841	-0.0000	5.0000	2.0873	3.0000	1.9360	0.9964	0.9964	0.0000	0.0000	0.0000	0.0000	0.9964	0.9964	0.0000	0.0000	0.0000	0.0000	0.0000	0.0000	0.0000	0.0000	0.0000	0.0000	0.3084	0.2632	0.0452	0.0378	0.0322	0.0056	0.2706	0.2311	0.0396	0.3385	0.1238	0.2148	0.0716	0.0609	0.0107	0.2670	0.0629	0.2041	109363.9351	46852.7015	0.0000	0.0000	0.0000	0.0000	inf	inf	0.0000	0.0000	0.0001	0.0000	0.0001	0.0002	0.0000	0.0000	0.0000	0.0000			
31	51	0.1418	2	2	2	0	0	0	0	0	0	Y	Y	N	N	N	N	N	N	N	N	N	N	0.0072	0.0006	0.0000	0.0000	inf	inf	0.0009	0.0011	0.0000	0.0000	0.0000	0.0000	0.0011	0.0013	0.0000	0.1300	1.7123	0.0000	9.2980	9.9116	0.0000	0.0000	0.0000	0.0000	0.0000	0.0000	-0.0001	-0.0179	5.0000	1.0314	3.0000	3.0033	0.0001	0.0001	0.0000	0.0000	0.0000	0.0000	0.0001	0.0001	0.0000	0.0267	0.0267	0.0000	0.0267	0.0267	0.0000	0.0000	0.0000	0.0000	0.1610	0.1355	0.0255	0.0201	0.0190	0.0011	0.1409	0.1165	0.0244	0.2052	0.0492	0.1560	0.0031	0.0030	0.0001	0.2021	0.0462	0.1560	0.0072	0.0020	0.0000	0.0000	0.0000	0.0000	inf	inf	0.0000	0.1300	0.5427	0.0000	8.7051	8.8938	0.0000	0.0000	0.0000	0.0000			
31	54	0.1571	3	1	1	1	0	0	0	0	0	N	N	N	N	N	N	N	N	N	N	N	N	0.0000	0.0000	0.0000	0.0000	0.0000	0.0000	0.0000	0.0000	0.0000	0.0000	0.0000	0.0000	0.0000	0.0000	0.0000	0.0000	0.0000	0.0000	0.0000	0.0000	5.0000	0.0147	3.0000	0.9910	0.0000	0.0000	0.0000	0.0000	0.0000	0.0000	0.0000	0.0000	0.0000	0.0000	0.0000	0.0000	0.0000	0.0000	0.0000	0.0000	0.0000	0.0000	0.0094	0.0072	0.0023	0.0041	0.0041	0.0001	0.0053	0.0031	0.0022	0.0640	0.0134	0.0506	0.0030	0.0028	0.0002	0.0610	0.0106	0.0504	0.0000	0.0000	0.0000	0.0000	0.0000	0.0000	0.0000	0.0000	0.0000	0.0000	0.0000	0.0000	0.0000	0.0000	0.0000	0.0000	0.0000	0.0000											
31	55	0.1461	2	1	1	0	0	0	0	0	0	N	N	N	N	N	N	N	N	N	N	N	N	0.0000	0.0000	0.0000	0.0000	0.0000	0.0000	0.0000	0.0000	0.0000	0.0000	0.0000	0.0000	0.0000	0.0000	0.0000	0.0000	0.0000	0.0000	0.0000	0.0000	5.0000	0.9556	3.0000	1.0192	0.0000	0.0000	0.0000	0.0000	0.0000	0.0000	0.0000	0.0000	0.0000	0.0000	0.0000	0.0000	0.0000	0.0000	0.0000	0.0000	0.0000	0.0000	0.1663	0.1408	0.0255	0.0342	0.0310	0.0032	0.1321	0.1097	0.0224	0.1217	0.0259	0.0958	0.0055	0.0051	0.0004	0.1162	0.0207	0.0955	0.0000	0.0000	0.0000	0.0000	0.0000	0.0000	0.0000	0.0000	0.0000	0.0000	0.0000	0.0000	0.0000	0.0000	0.0000	0.0000	0.0000	0.0000											
31	58	0.2495	3	1	1	0	0	0	0	0	0	N	N	N	N	N	N	N	N	N	N	N	N	9.1171	3.2460	0.3456	0.3489	inf	inf	0.0415	0.0481	0.0000	0.0121	0.0127	0.0000	0.0462	0.0543	0.0000	0.0046	0.0148	0.0000	0.0349	0.0364	0.0000	0.0000	0.0000	0.0000	0.0000	0.0000	-0.0223	-0.0022	5.0000	10.2575	3.0000	3.8960	0.0579	0.0579	0.0000	0.0023	0.0023	0.0000	0.0556	0.0556	0.0000	0.0032	0.0032	0.0000	0.0032	0.0032	0.0000	0.0000	0.0000	0.0000	1.3953	1.2049	0.1903	0.1908	0.1813	0.0094	1.2045	1.0236	0.1809	0.7073	0.2175	0.4898	0.0923	0.0886	0.0037	0.6150	0.1289	0.4861	9.1171	3.2460	0.0000	0.3456	0.3489	0.0000	inf	inf	0.0000	0.0046	0.0148	0.0000	0.0349	0.0364	0.0000	0.0000	0.0000	0.0000			
31	59	0.2236	2	2	2	1	0	0	0	0	0	Y	Y	N	N	N	N	N	N	N	N	N	N	0.0000	0.0000	0.0000	0.0000	0.0000	0.0000	0.0000	0.0000	0.0000	0.0000	0.0000	0.0000	0.0000	0.0000	0.0000	0.0000	0.0000	0.0000	0.0000	0.0000	5.0000	0.0000	3.0000	0.0000	0.0000	0.0000	0.0000	0.0000	0.0000	0.0000	0.0000	0.0000	0.0000	0.0000	0.0000	0.0000	0.0000	0.0000	0.0000	0.0000	0.0000	0.0000	0.0000	0.0000	0.0000	0.0000	0.0000	0.0000	0.0000	0.0000	0.0000	0.0000	0.0000	0.0000	0.0000	0.0000	0.0000	0.0000	0.0000	0.0000	0.0000	0.0000	0.0000	0.0000	0.0000	0.0000	0.0000	0.0000	0.0000	0.0000	0.0000	0.0000	0.0000	0.0000	0.0000	0.0000	0.0000	0.0000											
31	61	0.1864	2	2	1	1	0	0	0	0	0	Y	N	N	N	N	N	N	N	N	N	N	N	0.0000	0.0000	0.0000	0.0000	0.0000	0.0000	0.0000	0.0000	0.0000	0.0000	0.0000	0.0000	0.0000	0.0000	0.0000	0.0000	0.0000	0.0000	0.0000	0.0000	5.0000	2.0000	3.0000	0.0000	0.0000	0.0000	0.0000	0.0000	0.0000	0.0000	0.0000	0.0000	0.0000	0.0000	0.0000	0.0000	0.0000	0.0000	0.0000	0.0000	0.0000	0.0000	0.2513	0.2089	0.0425	0.0201	0.0187	0.0014	0.2313	0.1902	0.0411	0.0828	0.0316	0.0512	0.0429	0.0207	0.0222	0.0398	0.0108	0.0290	0.0000	0.0000	0.0000	0.0000	0.0000	0.0000	0.0000	0.0000	0.0000	0.0000	0.0000	0.0000	0.0000	0.0000	0.0000	0.0000	0.0000	0.0000											
31	64	0.2106	4	1	1	1	0	0	0	0	0	N	N	N	N	N	N	N	N	N	N	N	N	0.0000	0.0000	0.0000	0.0000	0.0000	0.0000	0.0000	0.0000	0.0000	0.0000	0.0000	0.0000	0.0000	0.0000	0.0000	0.0000	0.0000	0.0000	0.0000	0.0000	5.0000	0.0000	3.0000	0.0000	0.0000	0.0000	0.0000	0.0000	0.0000	0.0000	0.0000	0.0000	0.0000	0.0000	0.0000	0.0000	0.0000	0.0000	0.0000	0.0000	0.0000	0.0000	0.0000	0.0000	0.0000	0.0000	0.0000	0.0000	0.0000	0.0000	0.0000	0.0000	0.0000	0.0000	0.0000	0.0000	0.0000	0.0000	0.0000	0.0000	0.0000	0.0000	0.0000	0.0000	0.0000	0.0000	0.0000	0.0000	0.0000	0.0000	0.0000	0.0000	0.0000	0.0000	0.0000	0.0000	0.0000	0.0000											
31	65	0.1863	3	1	1	1	0	0	0	0	0	N	N	N	N	N	N	N	N	N	N	N	N	0.0000	0.0000	0.0000	0.0000	0.0000	0.0000	0.0000	0.0000	0.0000	0.0000	0.0000	0.0000	0.0000	0.0000	0.0000	0.0000	0.0000	0.0000	0.0000	0.0000	5.0000	0.8734	3.0000	1.0002	0.0000	0.0000	0.0000	0.0000	0.0000	0.0000	0.0000	0.0000	0.0000	0.0000	0.0000	0.0000	0.0000	0.0000	0.0000	0.0000	0.0000	0.0000	0.1200	0.0995	0.0205	0.0048	0.0046	0.0003	0.1152	0.0949	0.0203	0.1146	0.0198	0.0948	0.0264	0.0055	0.0209	0.0881	0.0143	0.0738	0.0000	0.0000	0.0000	0.0000	0.0000	0.0000	0.0000	0.0000	0.0000	0.0000	0.0000	0.0000	0.0000	0.0000	0.0000	0.0000	0.0000	0.0000											
31	66	0.1718	2	1	1	0	0	0	0	0	0	N	N	N	N	N	N	N	N	N	N	N	N	65.8386	20.2106	0.0000	0.0000	inf	inf	0.0232	0.0280	0.0000	0.0000	0.0000	0.0000	0.0243	0.0296	0.0000	0.0004	0.0014	0.0000	0.0012	0.0025	0.0000	0.0000	0.0000	0.0000	0.0000	0.0000	-0.0013	-0.0000	5.0000	1.0063	3.0000	0.0727	0.0033	0.0033	0.0000	0.0000	0.0000	0.0000	0.0033	0.0033	0.0000	0.0000	0.0000	0.0000	0.0000	0.0000	0.0000	0.0000	0.0000	0.0000	0.1399	0.1160	0.0238	0.0064	0.0061	0.0003	0.1335	0.1099	0.0236	0.0850	0.0216	0.0634	0.0257	0.0120	0.0137	0.0593	0.0096	0.0497	65.8386	20.2106	0.0000	0.0000	0.0000	0.0000	inf	inf	0.0000	0.0004	0.0014	0.0000	0.0012	0.0025	0.0000	0.0000	0.0000	0.0000			
31	72	0.1606	2	1	2	0	0	0	0	0	0	N	Y	N	N	N	N	N	N	N	N	N	N	inf	inf	inf	inf	inf	inf	1.2772	1.5099	0.0000	6.9425	7.2896	0.0000	0.7316	0.8756	0.0000	0.0000	0.0000	0.0000	0.0000	0.0000	0.0000	0.0000	0.0000	0.0000	0.0000	-0.3073	0.0000	5.0000	4.7764	3.0000	1.3205	0.7971	0.7971	0.0000	0.3806	0.3806	0.0000	0.4165	0.4165	0.0000	0.0000	0.0000	0.0000	0.0000	0.0000	0.0000	0.0000	0.0000	0.0000	0.6241	0.5279	0.0962	0.0548	0.0522	0.0026	0.5693	0.4757	0.0936	0.2860	0.1137	0.1723	0.0786	0.0785	0.0000	0.2074	0.0352	0.1723	inf	inf	0.0000	inf	inf	0.0000	inf	inf	0.0000	0.0000	0.0000	0.0000	0.0000	0.0000	0.0000	0.0000	0.0000	0.0000				
31	74	0.1627	2	1	2	0	0	0	0	0	0	N	Y	N	N	N	N	N	N	N	N	N	N	0.0000	0.0000	0.0000	0.0000	0.0000	0.0000	0.0000	0.0000	0.0000	0.0000	0.0000	0.0000	0.0000	0.0000	0.0000	0.0000	0.0000	0.0000	0.0000	0.0000	5.0000	0.0000	3.0000	0.0000	0.0000	0.0000	0.0000	0.0000	0.0000	0.0000	0.0000	0.0000	0.0000	0.0000	0.0000	0.0000	0.0000	0.0000	0.0000	0.0000	0.0000	0.0000	0.0000	0.0000	0.0000	0.0000	0.0000	0.0000	0.0000	0.0000	0.0000	0.0000	0.0000	0.0000	0.0000	0.0000	0.0000	0.0000	0.0000	0.0000	0.0000	0.0000	0.0000	0.0000	0.0000	0.0000	0.0000	0.0000	0.0000	0.0000	0.0000	0.0000	0.0000	0.0000	0.0000	0.0000	0.0000	0.0000											
31	76	0.1714	4	2	2	0	1	0	0	0	0	Y	Y	N	N	N	N	N	N	N	N	N	N	0.0000	0.0000	0.0000	0.0000	0.0000	0.0000	0.0000	0.0000	0.0000	0.0000	0.0000	0.0000	0.0000	0.0000	0.0000	0.0000	0.0000	0.0000	0.0000	0.0000	5.0000	0.0000	3.0000	0.0000	0.0000	0.0000	0.0000	0.0000	0.0000	0.0000	0.0000	0.0000	0.0000	0.0000	0.0000	0.0000	0.0000	0.0000	0.0000	0.0000	0.0000	0.0000	0.0000	0.0000	0.0000	0.0000	0.0000	0.0000	0.0000	0.0000	0.0000	0.0000	0.0000	0.0000	0.0000	0.0000	0.0000	0.0000	0.0000	0.0000	0.0000	0.0000	0.0000	0.0000	0.0000	0.0000	0.0000	0.0000	0.0000	0.0000	0.0000	0.0000	0.0000	0.0000	0.0000	0.0000	0.0000	0.0000											
31	77	0.1631	3	2	2	0	1	0	0	0	0	Y	Y	N	N	N	N	N	N	N	N	N	N	0.0000	0.0000	0.0000	0.0000	0.0000	0.0000	0.0000	0.0000	0.0000	0.0000	0.0000	0.0000	0.0000	0.0012	0.0034	0.0000	0.0101	0.0104	0.0000	0.0000	0.0000	0.0000	0.0000	0.0000	-0.0000	5.0000	1.0073	3.0000	0.3366	0.0000	0.0000	0.0000	0.0000	0.0000	0.0000	0.0000	0.0000	0.0000	0.0001	0.0001	0.0000	0.0001	0.0001	0.0000	0.0000	0.0000	0.0000	0.1390	0.1186	0.0203	0.0115	0.0103	0.0012	0.1274	0.1083	0.0191	0.0560	0.0205	0.0355	0.0069	0.0067	0.0002	0.0491	0.0138	0.0353	0.0000	0.0000	0.0000	0.0000	0.0000	0.0000	0.0000	0.0000	0.0000	0.0012	0.0034	0.0000	0.0101	0.0104	0.0000	0.0000	0.0000	0.0000						
31	78	0.1888	3	1	2	0	1	0	0	0	0	N	Y	N	N	N	N	N	N	N	N	N	N	0.0000	0.0000	0.0000	0.0000	0.0000	0.0000	0.0000	0.0000	0.0000	0.0000	0.0000	0.0000	0.0000	0.0000	0.0000	0.0000	0.0000	0.0000	0.0000	0.0000	5.0000	0.0000	3.0000	0.0000	0.0000	0.0000	0.0000	0.0000	0.0000	0.0000	0.0000	0.0000	0.0000	0.0000	0.0000	0.0000	0.0000	0.0000	0.0000	0.0000	0.0000	0.0000	0.0000	0.0000	0.0000	0.0000	0.0000	0.0000	0.0000	0.0000	0.0000	0.0000	0.0000	0.0000	0.0000	0.0000	0.0000	0.0000	0.0000	0.0000	0.0000	0.0000	0.0000	0.0000	0.0000	0.0000	0.0000	0.0000	0.0000	0.0000	0.0000	0.0000	0.0000	0.0000	0.0000	0.0000	0.0000	0.0000											
31	79	0.1806	2	1	2	0	1	0	0	0	0	N	Y	N	N	N	N	N	N	N	N	N	N	0.0000	0.0000	0.0000	0.0000	0.0000	0.0000	0.0000	0.0000	0.0000	0.0000	0.0000	0.0000	0.0000	0.0000	0.0000	0.0000	0.0000	0.0000	0.0000	0.0000	5.0000	0.0000	3.0000	1.0000	0.0000	0.0000	0.0000	0.0000	0.0000	0.0000	0.0000	0.0000	0.0000	0.0000	0.0000	0.0000	0.0000	0.0000	0.0000	0.0000	0.0000	0.0000	0.0000	0.0000	0.0000	0.0000	0.0000	0.0000	0.0000	0.0000	0.0000	0.0534	0.0165	0.0369	0.0182	0.0062	0.0119	0.0352	0.0103	0.0249	0.0000	0.0000	0.0000	0.0000	0.0000	0.0000	0.0000	0.0000	0.0000	0.0000	0.0000	0.0000	0.0000	0.0000	0.0000	0.0000	0.0000	0.0000											
31	80	0.1631	3	1	2	0	0	0	0	0	0	N	Y	N	N	N	N	N	N	N	N	N	N	0.0000	0.0000	0.0000	0.0000	0.0000	0.0000	0.0000	0.0000	0.0000	0.0000	0.0000	0.0000	0.0000	6.0574	0.0000	38.3578	0.0000	0.0000	0.0000	7.0350	0.0000	38.2590	inf	0.0000	0.3278	5.0000	3.9927	3.0000	1.0002	0.0000	0.0000	0.0000	0.0000	0.0000	0.0000	0.0000	0.0000	0.0000	0.9999	0.0000	0.9999	0.0000	0.0000	0.0000	0.9999	0.0000	0.9999	0.5099	0.4376	0.0723	0.0426	0.0381	0.0045	0.4673	0.3995	0.0678	0.1778	0.0635	0.1143	0.0169	0.0161	0.0008	0.1609	0.0474	0.1135	0.0000	0.0000	0.0000	0.0000	0.0000	0.0000	0.0000	0.0000	0.0000	5.6231	0.0000	8.7455	0.0000	0.0000	0.0000	6.2134	0.0000	8.8089						
31	81	0.1584	2	1	2	0	0	0	0	0	0	N	Y	N	N	N	N	N	N	N	N	N	N	0.0000	0.0000	0.0000	0.0000	0.0000	0.0000	0.0000	0.0000	0.0000	0.0000	0.0000	0.0000	0.0000	0.0027	0.0000	0.0042	0.0000	0.0000	0.0000	0.0083	0.0000	0.0042	inf	0.0000	0.0000	5.0000	0.0110	3.0000	0.6549	0.0000	0.0000	0.0000	0.0000	0.0000	0.0000	0.0000	0.0000	0.0000	0.0001	0.0000	0.0001	0.0000	0.0000	0.0000	0.0001	0.0000	0.0001	0.0015	0.0013	0.0002	0.0001	0.0001	0.0000	0.0014	0.0012	0.0002	0.0257	0.0090	0.0166	0.0022	0.0021	0.0001	0.0235	0.0069	0.0165	0.0000	0.0000	0.0000	0.0000	0.0000	0.0000	0.0000	0.0000	0.0000	0.0027	0.0000	0.0042	0.0000	0.0000	0.0000	0.0030	0.0000	0.0042						
31	82	0.1806	2	1	1	1	1	0	0	0	0	N	N	N	N	N	N	N	N	N	N	N	N	0.0000	0.0000	0.0000	0.0000	0.0000	0.0000	0.0000	0.0000	0.0000	0.0000	0.0000	0.0000	0.0000	0.0000	0.0000	0.0000	0.0000	0.0000	0.0000	0.0000	5.0000	1.0000	3.0000	0.0000	0.0000	0.0000	0.0000	0.0000	0.0000	0.0000	0.0000	0.0000	0.0000	0.0000	0.0000	0.0000	0.0000	0.0000	0.0000	0.0000	0.0000	0.0000	0.1374	0.1171	0.0203	0.0044	0.0038	0.0006	0.1330	0.1133	0.0197	0.0534	0.0165	0.0369	0.0182	0.0062	0.0119	0.0352	0.0103	0.0249	0.0000	0.0000	0.0000	0.0000	0.0000	0.0000	0.0000	0.0000	0.0000	0.0000	0.0000	0.0000	0.0000	0.0000	0.0000	0.0000	0.0000	0.0000											
31	83	0.1806	2	1	1	1	1	0	0	0	0	N	N	N	N	N	N	N	N	N	N	N	N	0.0000	0.0000	0.0000	0.0000	0.0000	0.0000	0.0000	0.0000	0.0000	0.0000	0.0000	0.0000	0.0000	0.0000	0.0000	0.0000	0.0000	0.0000	0.0000	0.0000	5.0000	0.0000	3.0000	0.0000	0.0000	0.0000	0.0000	0.0000	0.0000	0.0000	0.0000	0.0000	0.0000	0.0000	0.0000	0.0000	0.0000	0.0000	0.0000	0.0000	0.0000	0.0000	0.0000	0.0000	0.0000	0.0000	0.0000	0.0000	0.0000	0.0000	0.0000	0.0000	0.0000	0.0000	0.0000	0.0000	0.0000	0.0000	0.0000	0.0000	0.0000	0.0000	0.0000	0.0000	0.0000	0.0000	0.0000	0.0000	0.0000	0.0000	0.0000	0.0000	0.0000	0.0000	0.0000	0.0000	0.0000	0.0000											
31	85	0.2416	2	2	2	0	0	0	0	0	0	Y	Y	N	N	N	N	N	N	N	N	N	N	0.0000	0.0000	0.0000	0.0000	0.0000	0.0000	0.0000	0.0000	0.0000	0.0000	0.0000	0.0000	0.0000	0.0000	0.0000	0.0000	0.0000	0.0000	0.0000	0.0000	5.0000	0.0000	3.0000	0.0000	0.0000	0.0000	0.0000	0.0000	0.0000	0.0000	0.0000	0.0000	0.0000	0.0000	0.0000	0.0000	0.0000	0.0000	0.0000	0.0000	0.0000	0.0000	0.0000	0.0000	0.0000	0.0000	0.0000	0.0000	0.0000	0.0000	0.0000	0.0000	0.0000	0.0000	0.0000	0.0000	0.0000	0.0000	0.0000	0.0000	0.0000	0.0000	0.0000	0.0000	0.0000	0.0000	0.0000	0.0000	0.0000	0.0000	0.0000	0.0000	0.0000	0.0000	0.0000	0.0000	0.0000	0.0000											
31	88	0.1584	2	2	2	0	0	0	0	0	0	Y	Y	N	N	N	N	N	N	N	N	N	N	0.0000	0.0000	0.0000	0.0000	0.0000	0.0000	0.0000	0.0000	0.0000	0.0000	0.0000	0.0000	0.0000	0.0000	0.0000	0.0000	0.0000	0.0000	0.0000	0.0000	5.0000	0.0000	3.0000	0.0000	0.0000	0.0000	0.0000	0.0000	0.0000	0.0000	0.0000	0.0000	0.0000	0.0000	0.0000	0.0000	0.0000	0.0000	0.0000	0.0000	0.0000	0.0000	0.0000	0.0000	0.0000	0.0000	0.0000	0.0000	0.0000	0.0000	0.0000	0.0000	0.0000	0.0000	0.0000	0.0000	0.0000	0.0000	0.0000	0.0000	0.0000	0.0000	0.0000	0.0000	0.0000	0.0000	0.0000	0.0000	0.0000	0.0000	0.0000	0.0000	0.0000	0.0000	0.0000	0.0000	0.0000	0.0000											
31	91	0.2495	3	1	1	0	0	0	0	0	0	N	N	N	N	N	N	N	N	N	N	N	N	3293.9614	1148.2737	1.9218	1.9349	inf	inf	0.7041	0.8144	0.0000	0.0035	0.0037	0.0000	0.8078	0.9481	0.0000	0.0002	0.0007	0.0000	0.0018	0.0019	0.0000	0.0000	0.0000	0.0000	0.0000	0.0000	-0.4065	-0.0001	5.0000	11.5137	3.0000	4.9035	1.0546	1.0546	0.0000	0.0007	0.0007	0.0000	1.0539	1.0539	0.0000	0.0002	0.0002	0.0000	0.0002	0.0002	0.0000	0.0000	0.0000	0.0000	1.4979	1.2950	0.2029	0.1932	0.1834	0.0098	1.3048	1.1116	0.1931	0.7486	0.2256	0.5230	0.0886	0.0847	0.0039	0.6599	0.1409	0.5191	3293.9614	1148.2737	0.0000	1.9218	1.9349	0.0000	inf	inf	0.0000	0.0002	0.0007	0.0000	0.0018	0.0019	0.0000	0.0000	0.0000	0.0000			
32	33	0.0637	4	0	1	1	0	0	0	0	0	N	N	N	N	N	N	N	N	N	N	N	N	0.0971	0.0000	5.6591	0.0000	0.0000	0.0000	2.2470	0.0000	5.6068	0.0002	0.0000	0.0013	0.0000	0.0000	0.0000	0.0004	0.0000	0.0013	0.0024	0.0098	0.0002	0.1214	0.1259	0.0029	0.0002	0.0009	0.0002	inf	0.0808	0.0000	-0.0000	0.0319	0.0023	1.0050	1.0003	0.0000	0.0000	0.0000	0.0000	0.0000	0.0000	0.0000	0.0000	0.0000	0.0000	0.0000	0.0000	0.0000	0.0000	0.0000	0.0000	0.0000	0.0000	0.0000	0.0000	0.0000	0.0000	0.0000	0.0000	0.0000	0.0000	0.0000	0.0088	0.0020	0.0068	0.0002	0.0002	0.0000	0.0087	0.0019	0.0068	0.0971	0.0000	5.6591	0.0000	0.0000	0.0000	2.2470	0.0000	5.6068	0.0024	0.0098	0.0002	0.1214	0.1259	0.0029	0.0002	0.0000	0.0002
32	34	0.0506	2	1	0	2	0	0	0	0	0	N	N	Y	N	N	N	N	N	N	N	N	N	0.0000	0.0000	0.0000	0.0000	0.0000	0.0000	0.0000	0.0000	0.0000	0.0000	0.0000	0.0000	0.0000	0.0000	0.0000	0.0000	0.0000	0.0117	0.0014	0.0145	0.0060	0.0063	0.0005	0.0193	0.0000	0.0146	38.0045	0.0000	0.0002	0.0319	3.0000	1.0050	5.0006	0.0000	0.0000	0.0000	0.0000	0.0000	0.0000	0.0000	0.0000	0.0000	0.0008	0.0000	0.0008	0.0000	0.0000	0.0000	0.0008	0.0000	0.0008	0.0130	0.0097	0.0033	0.0054	0.0054	0.0001	0.0075	0.0043	0.0032	0.0666	0.0144	0.0522	0.0033	0.0032	0.0002	0.0633	0.0112	0.0521	0.0000	0.0000	0.0000	0.0000	0.0000	0.0000	0.0000	0.0000	0.0000	0.0117	0.0014	0.0145	0.0060	0.0063	0.0005	0.0120	0.0000	0.0146		
32	35	0.0506	2	0	1	1	1	0	0	0	0	N	N	N	N	N	N	N	N	N	N	N	N	0.3842	1.1957	0.1013	0.4211	0.6202	1.2012	0.0309	0.0000	0.1216	0.0018	0.0000	0.1377	0.0518	0.0000	0.1212	0.0804	0.0000	0.1017	0.0182	0.0000	0.3270	0.0835	0.0000	0.1009	inf	inf	0.0002	0.0012	0.0319	3.0000	1.0050	2.0006	0.0004	0.0000	0.0004	0.0000	0.0000	0.0000	0.0004	0.0000	0.0004	0.0037	0.0000	0.0037	0.0000	0.0000	0.0000	0.0036	0.0000	0.0036	0.0130	0.0097	0.0033	0.0054	0.0054	0.0001	0.0075	0.0043	0.0032	0.0457	0.0096	0.0361	0.0022	0.0021	0.0001	0.0435	0.0075	0.0360	0.3842	0.0000	1.1957	0.1013	0.0000	0.4211	0.6202	0.0000	1.2012	0.0804	0.0000	0.1017	0.0182	0.0000	0.3270	0.0835	0.0000	0.1009			
32	36	0.0506	2	1	0	2	0	0	0	0	0	N	N	Y	N	N	N	N	N	N	N	N	N	0.0000	0.0000	0.0000	0.0000	0.0000	0.0000	0.0000	0.0000	0.0000	0.0000	0.0000	0.0000	0.0000	0.0000	0.0000	0.0023	0.0107	0.0000	0.0459	0.0487	0.0004	0.0000	0.0000	0.0000	0.0005	0.0000	-0.0001	0.0319	4.0000	1.0050	5.0006	0.0000	0.0000	0.0000	0.0000	0.0000	0.0000	0.0000	0.0000	0.0000	0.0002	0.0002	0.0000	0.0002	0.0002	0.0000	0.0000	0.0000	0.0000	0.0167	0.0126	0.0042	0.0070	0.0069	0.0001	0.0097	0.0057	0.0041	0.0727	0.0159	0.0569	0.0037	0.0035	0.0002	0.0690	0.0124	0.0567	0.0000	0.0000	0.0000	0.0000	0.0000	0.0000	0.0000	0.0000	0.0000	0.0023	0.0107	0.0000	0.0459	0.0487	0.0004	0.0000	0.0000	0.0000				
32	37	0.0506	2	1	0	2	0	0	0	0	0	N	N	Y	N	N	N	N	N	N	N	N	N	0.0000	0.0000	0.0000	0.0000	0.0000	0.0000	0.0000	0.0000	0.0000	0.0000	0.0000	0.0000	0.0000	0.0000	0.0000	0.0028	0.0132	0.0000	0.0571	0.0605	0.0005	0.0000	0.0000	0.0000	0.0005	0.0000	-0.0001	0.0319	3.0000	1.0050	4.0006	0.0000	0.0000	0.0000	0.0000	0.0000	0.0000	0.0000	0.0000	0.0000	0.0002	0.0002	0.0000	0.0002	0.0002	0.0000	0.0000	0.0000	0.0000	0.0130	0.0097	0.0033	0.0054	0.0054	0.0001	0.0075	0.0043	0.0032	0.0601	0.0128	0.0472	0.0030	0.0028	0.0002	0.0571	0.0100	0.0471	0.0000	0.0000	0.0000	0.0000	0.0000	0.0000	0.0000	0.0000	0.0000	0.0028	0.0132	0.0000	0.0571	0.0605	0.0005	0.0000	0.0000	0.0000				
32	38	0.0637	4	0	0	2	0	0	0	0	0	N	N	Y	N	N	N	N	N	N	N	N	N	0.0046	0.0139	0.0000	0.0000	0.0076	0.0138	0.0000	0.0000	0.0000	0.0000	0.0000	0.0000	0.0000	0.0000	0.0000	0.0002	0.0000	0.0002	0.0001	0.0000	0.0034	0.0002	0.0000	0.0002	inf	inf	0.0000	0.0000	0.0319	1.0023	1.0050	0.0007	0.0000	0.0000	0.0000	0.0000	0.0000	0.0000	0.0000	0.0000	0.0000	0.0000	0.0000	0.0000	0.0000	0.0000	0.0000	0.0000	0.0000	0.0000	0.0047	0.0035	0.0012	0.0019	0.0019	0.0000	0.0028	0.0016	0.0012	0.0088	0.0020	0.0068	0.0002	0.0002	0.0000	0.0087	0.0019	0.0068	0.0046	0.0000	0.0139	0.0000	0.0000	0.0000	0.0076	0.0000	0.0138	0.0002	0.0000	0.0002	0.0001	0.0000	0.0034	0.0002	0.0000	0.0002			
32	39	0.0637	3	0	0	1	0	0	0	0	0	N	N	N	N	N	N	N	N	N	N	N	N	0.0035	0.0011	0.0144	0.0005	0.0004	0.0000	0.0026	0.0143	0.0000	0.0000	0.0001	0.0000	0.0000	0.0000	0.0000	0.0000	0.0001	0.0091	0.0172	0.0062	0.0831	0.0830	0.0869	0.0108	0.0000	0.0061	1.0000	1.0000	0.0000	-0.0000	0.0319	0.0347	1.0050	0.0013	0.0000	0.0000	0.0000	0.0000	0.0000	0.0000	0.0000	0.0000	0.0000	0.0000	0.0000	0.0000	0.0000	0.0000	0.0000	0.0000	0.0000	0.0000	0.0002	0.0002	0.0000	0.0001	0.0001	0.0000	0.0001	0.0001	0.0000	0.0004	0.0001	0.0003	0.0000	0.0000	0.0000	0.0003	0.0001	0.0003	0.0035	0.0011	0.0144	0.0005	0.0004	0.0000	0.0059	0.0000	0.0143	0.0091	0.0172	0.0062	0.0831	0.0830	0.0869	0.0048	0.0000	0.0061	
32	40	0.0506	2	0	0	1	0	0	0	0	0	N	N	N	N	N	N	N	N	N	N	N	N	0.2980	0.0000	0.9452	0.0786	0.0000	0.3292	0.4808	0.9498	0.0241	0.0000	0.0966	0.0014	0.0000	0.1083	0.0404	0.0000	0.0963	0.0808	0.0000	0.1022	0.0183	0.0000	0.3289	0.0840	0.0000	0.1014	inf	833744.2728	0.0002	0.0012	0.0319	3.9674	1.0050	1.0003	0.0004	0.0000	0.0004	0.0000	0.0000	0.0000	0.0004	0.0000	0.0004	0.0037	0.0000	0.0037	0.0000	0.0000	0.0000	0.0036	0.0000	0.0036	0.0166	0.0125	0.0041	0.0070	0.0069	0.0001	0.0097	0.0056	0.0040	0.0454	0.0095	0.0359	0.0022	0.0021	0.0001	0.0432	0.0074	0.0358	0.2980	0.0000	0.9452	0.0786	0.0000	0.3292	0.4808	0.0000	0.9498	0.0808	0.0000	0.1022	0.0183	0.0000	0.3289	0.0840	0.0000	0.1014	
32	41	0.0195	2	0	1	1	0	0	0	0	0	N	N	N	N	N	N	N	N	N	N	N	N	55.2815	22.4524	0.0000	2.0522	2.0507	0.0000	0.0000	0.0000	0.0681	0.0890	0.0000	0.1736	0.1738	0.0000	0.0000	0.0000	0.0000	0.0012	0.0040	0.0002	0.0846	0.0847	0.0076	0.0001	0.0000	0.0002	0.0000	0.0964	-0.0002	-0.0000	0.0319	1.0144	1.0050	1.0128	0.0005	0.0005	0.0000	0.0005	0.0005	0.0000	0.0000	0.0000	0.0000	0.0000	0.0000	0.0000	0.0000	0.0000	0.0000	0.0000	0.0000	0.0000	0.0067	0.0051	0.0016	0.0026	0.0026	0.0000	0.0041	0.0025	0.0016	0.0258	0.0073	0.0184	0.0003	0.0003	0.0000	0.0254	0.0070	0.0184	55.2815	22.4524	0.0000	2.0522	2.0507	0.0000	0.0000	0.0000	0.0000	0.0012	0.0040	0.0002	0.0846	0.0847	0.0076	0.0001	0.0000	0.0002	
32	42	0.0506	2	1	1	2	0	0	0	0	0	N	N	Y	N	N	N	N	N	N	N	N	N	0.0000	0.0000	0.0000	0.0000	0.0000	0.0000	0.0000	0.0000	0.0000	0.0000	0.0000	0.0000	0.0000	0.0034	0.0160	0.0000	0.0693	0.0734	0.0000	0.0000	0.0000	0.0000	0.0000	0.0000	-0.0001	0.0319	3.0000	1.0050	2.9994	0.0000	0.0000	0.0000	0.0000	0.0000	0.0000	0.0000	0.0000	0.0000	0.0002	0.0002	0.0000	0.0002	0.0002	0.0000	0.0000	0.0000	0.0000	0.0130	0.0097	0.0033	0.0054	0.0054	0.0001	0.0075	0.0043	0.0032	0.0531	0.0112	0.0419	0.0026	0.0025	0.0001	0.0505	0.0088	0.0417	0.0000	0.0000	0.0000	0.0000	0.0000	0.0000	0.0000	0.0000	0.0000	0.0034	0.0160	0.0000	0.0693	0.0734	0.0000	0.0000	0.0000	0.0000						
32	43	0.0506	2	1	1	2	0	0	0	0	0	N	N	Y	N	N	N	N	N	N	N	N	N	0.0000	0.0000	0.0000	0.0000	0.0000	0.0000	0.0000	0.0000	0.0000	0.0000	0.0000	0.0000	0.0000	0.0000	0.0000	13.6493	62.5878	0.0000	0.0566	0.0601	0.0000	14.3790	80.2376	0.0000	0.0000	0.0000	-0.6673	0.0319	4.0000	1.0050	4.9994	0.0000	0.0000	0.0000	0.0000	0.0000	0.0000	0.0000	0.0000	0.0000	0.9928	0.9928	0.0000	0.0002	0.0002	0.0000	0.9926	0.9926	0.0000	0.0167	0.0126	0.0042	0.0070	0.0069	0.0001	0.0097	0.0057	0.0041	0.0727	0.0159	0.0569	0.0037	0.0035	0.0002	0.0690	0.0124	0.0567	0.0000	0.0000	0.0000	0.0000	0.0000	0.0000	0.0000	0.0000	0.0000	13.6493	62.5878	0.0000	0.0566	0.0601	0.0000	14.3790	80.2376	0.0000				
32	44	0.1881	3	1	1	1	0	0	0	0	0	N	N	N	N	N	N	N	N	N	N	N	N	0.0000	0.0000	0.0000	0.0000	0.0000	0.0000	0.0000	0.0000	0.0000	0.0000	0.0000	0.0000	0.0000	0.0036	0.0109	0.0000	0.0185	0.0265	0.0000	0.0000	0.0000	0.0000	0.0000	0.0000	-0.0001	0.0319	2.0000	1.0050	1.0000	0.0000	0.0000	0.0000	0.0000	0.0000	0.0000	0.0000	0.0000	0.0000	0.0001	0.0001	0.0000	0.0001	0.0001	0.0000	0.0000	0.0000	0.0000	0.0087	0.0064	0.0023	0.0036	0.0035	0.0000	0.0051	0.0029	0.0023	0.0219	0.0073	0.0146	0.0043	0.0030	0.0013	0.0176	0.0043	0.0133	0.0000	0.0000	0.0000	0.0000	0.0000	0.0000	0.0000	0.0000	0.0000	0.0036	0.0109	0.0000	0.0185	0.0265	0.0000	0.0000	0.0000	0.0000						
32	45	0.1157	4	0	1	1	1	0	0	0	0	N	N	N	N	N	N	N	N	N	N	N	N	0.0000	0.0000	0.0000	0.0000	0.0000	0.0000	0.0000	0.0000	0.0000	0.0000	0.0000	0.0000	0.0000	0.0000	0.0000	0.0000	0.0000	0.0000	0.0000	0.0000	0.0319	1.0000	1.0050	0.0000	0.0000	0.0000	0.0000	0.0000	0.0000	0.0000	0.0000	0.0000	0.0000	0.0000	0.0000	0.0000	0.0000	0.0000	0.0000	0.0000	0.0000	0.0000	0.0047	0.0034	0.0012	0.0018	0.0018	0.0000	0.0028	0.0016	0.0012	0.0106	0.0022	0.0084	0.0008	0.0006	0.0002	0.0098	0.0016	0.0082	0.0000	0.0000	0.0000	0.0000	0.0000	0.0000	0.0000	0.0000	0.0000	0.0000	0.0000	0.0000	0.0000	0.0000	0.0000	0.0000	0.0000	0.0000											
32	46	0.1157	4	0	0	1	1	0	0	0	0	N	N	N	N	N	N	N	N	N	N	N	N	0.0000	0.0000	0.0000	0.0000	0.0000	0.0000	0.0000	0.0000	0.0000	0.0000	0.0000	0.0000	0.0000	0.0000	0.0000	0.0000	0.0000	0.0000	0.0000	0.0000	0.0319	0.0000	1.0050	0.0000	0.0000	0.0000	0.0000	0.0000	0.0000	0.0000	0.0000	0.0000	0.0000	0.0000	0.0000	0.0000	0.0000	0.0000	0.0000	0.0000	0.0000	0.0000	0.0000	0.0000	0.0000	0.0000	0.0000	0.0000	0.0000	0.0000	0.0000	0.0000	0.0000	0.0000	0.0000	0.0000	0.0000	0.0000	0.0000	0.0000	0.0000	0.0000	0.0000	0.0000	0.0000	0.0000	0.0000	0.0000	0.0000	0.0000	0.0000	0.0000	0.0000	0.0000	0.0000	0.0000	0.0000	0.0000											
32	47	0.0828	3	0	0	1	1	0	0	0	0	N	N	N	N	N	N	N	N	N	N	N	N	0.0035	0.0000	1.6805	0.0000	0.0000	0.2803	0.0091	0.0000	3.4174	0.0002	0.0000	0.0007	0.0000	0.0000	0.0012	0.0003	0.0000	0.0007	0.0527	0.6845	0.0004	0.1151	0.1324	0.0044	0.0330	3.2863	0.0002	inf	0.0050	0.0000	-0.0020	0.0319	2.0873	1.0050	1.9360	0.0000	0.0000	0.0000	0.0000	0.0000	0.0000	0.0000	0.0000	0.0000	0.0030	0.0030	0.0000	0.0016	0.0016	0.0000	0.0014	0.0014	0.0000	0.0094	0.0070	0.0024	0.0036	0.0036	0.0000	0.0058	0.0034	0.0024	0.0574	0.0223	0.0351	0.0138	0.0119	0.0019	0.0436	0.0104	0.0332	0.0035	0.0000	1.6805	0.0000	0.0000	0.2803	0.0091	0.0000	3.4174	0.0527	0.1350	0.0004	0.1151	0.1324	0.0044	0.0330	0.1380	0.0002
32	48	0.0506	2	0	0	1	1	0	0	0	0	N	N	N	N	N	N	N	N	N	N	N	N	0.4684	0.0011	2.1524	0.0879	0.0199	0.7417	0.7581	0.0000	2.1629	0.0245	0.0001	0.0976	0.0017	0.0002	0.1095	0.0408	0.0000	0.0974	0.0522	0.1211	0.0454	0.0192	0.0116	0.1476	0.0539	2.9989	0.0450	254.0152	2.1991	0.0002	0.0000	0.0319	3.9129	1.0050	0.7267	0.0004	0.0000	0.0004	0.0000	0.0000	0.0000	0.0004	0.0000	0.0004	0.0022	0.0007	0.0015	0.0000	0.0000	0.0000	0.0022	0.0007	0.0015	0.0164	0.0123	0.0041	0.0069	0.0068	0.0001	0.0095	0.0055	0.0040	0.0428	0.0089	0.0339	0.0021	0.0019	0.0001	0.0408	0.0070	0.0338	0.4684	0.0016	2.1524	0.0879	0.0199	0.7417	0.7581	0.0000	2.1629	0.0522	0.0782	0.0454	0.0192	0.0116	0.1476	0.0539	0.0967	0.0450
32	49	0.0506	2	0	1	2	0	0	0	0	0	N	N	Y	N	N	N	N	N	N	N	N	N	695.9306	201.6988	0.0000	86.0820	82.1964	0.0000	1.3311	1.7505	0.0000	3.1883	3.2306	0.0000	0.0000	0.0000	0.0000	0.0019	0.0087	0.0000	0.0370	0.0393	0.0004	0.0000	0.0000	0.0000	0.0000	0.0006	-0.0121	-0.0001	0.0319	6.0000	1.0050	4.0006	0.0314	0.0314	0.0000	0.0314	0.0314	0.0000	0.0000	0.0000	0.0000	0.0002	0.0001	0.0000	0.0002	0.0001	0.0000	0.0000	0.0000	0.0000	0.0236	0.0179	0.0057	0.0098	0.0097	0.0001	0.0137	0.0082	0.0055	0.0785	0.0173	0.0612	0.0041	0.0038	0.0002	0.0744	0.0135	0.0610	695.9306	201.6988	0.0000	86.0820	82.1964	0.0000	0.0000	0.0000	0.0000	0.0019	0.0087	0.0000	0.0370	0.0393	0.0004	0.0000	0.0000	0.0000			
32	50	0.0506	2	1	0	2	0	0	0	0	0	N	N	Y	N	N	N	N	N	N	N	N	N	645.1561	185.1413	0.0000	78.7330	75.2172	0.0000	1.3311	1.7505	0.0000	3.1883	3.2306	0.0000	0.0000	0.0000	0.0000	0.0021	0.0095	0.0000	0.0405	0.0430	0.0004	0.0000	0.0000	0.0000	0.0000	0.0006	-0.0121	-0.0001	0.0319	6.0000	1.0050	3.0006	0.0314	0.0314	0.0000	0.0314	0.0314	0.0000	0.0000	0.0000	0.0000	0.0002	0.0001	0.0000	0.0002	0.0001	0.0000	0.0000	0.0000	0.0000	0.0236	0.0179	0.0057	0.0098	0.0097	0.0001	0.0137	0.0082	0.0055	0.0727	0.0159	0.0569	0.0037	0.0035	0.0002	0.0690	0.0124	0.0567	645.1561	185.1413	0.0000	78.7330	75.2172	0.0000	0.0000	0.0000	0.0000	0.0021	0.0095	0.0000	0.0405	0.0430	0.0004	0.0000	0.0000	0.0000			
32	51	0.0883	3	1	1	1	0	0	0	0	0	N	N	N	N	N	N	N	N	N	N	N	N	0.0168	0.0000	59.2107	0.0057	0.0057	0.0000	0.0281	0.0000	62.7547	0.0004	0.0000	0.0015	0.0000	0.0000	0.0000	0.0007	0.0000	0.0015	0.0233	0.1427	0.0000	0.0003	0.0003	0.0001	0.0250	3.1384	0.0000	471.0000	0.0008	0.0000	-0.0005	0.0319	1.0314	1.0050	3.0033	0.0000	0.0000	0.0000	0.0000	0.0000	0.0000	0.0000	0.0000	0.0000	0.0008	0.0008	0.0000	0.0000	0.0000	0.0000	0.0008	0.0008	0.0000	0.0048	0.0036	0.0013	0.0021	0.0021	0.0000	0.0027	0.0015	0.0012	0.0330	0.0085	0.0244	0.0023	0.0022	0.0002	0.0306	0.0064	0.0243	0.0168	0.0000	59.2107	0.0057	0.0057	0.0000	0.0281	0.0000	62.7547	0.0233	0.0899	0.0000	0.0003	0.0003	0.0001	0.0250	0.1203	0.0000
32	52	0.0506	2	1	1	1	0	0	0	0	0	N	N	N	N	N	N	N	N	N	N	N	N	0.2721	0.0790	0.0000	0.6614	0.7221	0.0000	0.0010	0.0000	0.0000	0.0001	0.0001	0.0000	0.0002	0.0002	0.0000	0.0000	0.0000	0.0000	0.0003	0.0016	0.0000	0.0003	0.0003	0.0007	0.0003	0.0681	0.0000	0.0000	0.0471	-0.0000	-0.0000	0.0319	4.9791	1.0050	0.0710	0.0000	0.0000	0.0000	0.0000	0.0000	0.0000	0.0000	0.0000	0.0000	0.0000	0.0000	0.0000	0.0000	0.0000	0.0000	0.0000	0.0000	0.0000	0.0202	0.0153	0.0049	0.0084	0.0083	0.0001	0.0118	0.0069	0.0048	0.0460	0.0096	0.0364	0.0022	0.0021	0.0001	0.0438	0.0075	0.0363	0.2721	0.0790	0.0000	0.6614	0.7221	0.0000	0.0010	0.0003	0.0000	0.0003	0.0016	0.0000	0.0003	0.0003	0.0007	0.0003	0.0019	0.0000
32	53	0.0506	2	0	1	1	0	0	0	0	0	N	N	N	N	N	N	N	N	N	N	N	N	114.7711	201.6988	0.0000	86.0820	82.1964	0.0000	0.0000	0.0000	1.3311	1.7505	0.0000	3.1883	3.2306	0.0000	0.0000	0.0000	0.0000	0.0116	0.0087	0.0124	0.0370	0.0393	0.0004	0.0169	0.0000	0.0125	0.0000	5.0673	-0.0121	0.0001	0.0319	6.0000	1.0050	4.0006	0.0314	0.0314	0.0000	0.0314	0.0314	0.0000	0.0000	0.0000	0.0000	0.0009	0.0002	0.0008	0.0002	0.0002	0.0000	0.0008	0.0000	0.0008	0.0236	0.0179	0.0057	0.0098	0.0097	0.0001	0.0137	0.0082	0.0055	0.0785	0.0173	0.0612	0.0041	0.0038	0.0002	0.0744	0.0135	0.0610	114.7711	201.6988	0.0000	86.0820	82.1964	0.0000	0.0000	0.0000	0.0000	0.0116	0.0087	0.0124	0.0370	0.0393	0.0004	0.0102	0.0000	0.0125	
32	54	0.0195	2	0	0	2	0	0	0	0	0	N	N	Y	N	N	N	N	N	N	N	N	N	14.4071	5.5882	0.0000	0.4828	0.4822	0.0000	0.0000	0.0000	0.2448	0.4710	0.0000	0.4953	0.4954	0.0000	0.0000	0.0000	0.0000	0.0170	0.0843	0.0000	1.0259	1.0273	0.0151	0.0000	0.0000	0.0000	0.0000	0.0013	-0.0002	-0.0002	0.0319	0.0147	1.0050	0.9910	0.0005	0.0005	0.0000	0.0005	0.0005	0.0000	0.0000	0.0000	0.0000	0.0002	0.0002	0.0000	0.0002	0.0002	0.0000	0.0000	0.0000	0.0000	0.0019	0.0010	0.0009	0.0009	0.0009	0.0000	0.0009	0.0000	0.0009	0.0133	0.0038	0.0095	0.0002	0.0002	0.0000	0.0131	0.0036	0.0095	14.4071	7.9086	0.0000	0.4828	0.4822	0.0000	0.0000	0.0000	0.0000	0.0170	0.0596	0.0000	1.0259	1.0273	0.0151	0.0000	0.0000	0.0000	
32	57	0.0506	2	0	0	1	0	0	0	0	0	N	N	N	N	N	N	N	N	N	N	N	N	0.0000	0.0000	0.0000	0.0000	0.0000	0.0000	0.0000	0.0000	0.0000	0.0000	0.0000	0.0000	0.0000	0.0000	0.0000	0.0041	0.0196	0.0000	0.0847	0.0897	0.0006	0.0000	0.0000	0.0000	0.0004	0.0000	-0.0001	0.0319	3.0000	1.0050	3.0006	0.0000	0.0000	0.0000	0.0000	0.0000	0.0000	0.0000	0.0000	0.0000	0.0002	0.0002	0.0000	0.0002	0.0002	0.0000	0.0000	0.0000	0.0000	0.0130	0.0097	0.0033	0.0054	0.0054	0.0001	0.0075	0.0043	0.0032	0.0531	0.0112	0.0419	0.0026	0.0025	0.0001	0.0505	0.0088	0.0417	0.0000	0.0000	0.0000	0.0000	0.0000	0.0000	0.0000	0.0000	0.0000	0.0041	0.0196	0.0000	0.0847	0.0897	0.0006	0.0000	0.0000	0.0000				
32	58	0.1961	4	0	0	1	0	0	0	0	0	N	N	N	N	N	N	N	N	N	N	N	N	3.2221	0.0006	159.4629	3.7926	0.0044	105.2325	1.9901	0.0000	123.2779	0.0252	0.0000	0.1152	0.0198	0.0000	0.6641	0.0295	0.0000	0.0797	0.0078	0.0229	0.0007	0.0052	0.0052	0.0063	0.0148	1.6961	0.0006	2527.2474	0.0671	0.0006	-0.0005	0.0319	10.2575	1.0050	3.8960	0.0010	0.0000	0.0010	0.0003	0.0000	0.0003	0.0006	0.0000	0.0006	0.0009	0.0008	0.0001	0.0001	0.0001	0.0000	0.0008	0.0007	0.0000	0.0386	0.0301	0.0084	0.0172	0.0167	0.0005	0.0213	0.0134	0.0079	0.1125	0.0359	0.0766	0.0191	0.0181	0.0010	0.0934	0.0178	0.0755	3.2221	0.0006	159.4629	3.7926	0.0044	105.2325	3.5376	0.0000	123.2779	0.0078	0.0229	0.0007	0.0052	0.0052	0.0063	0.0083	0.0410	0.0006
32	59	0.1702	3	1	1	2	0	0	0	0	0	N	N	Y	N	N	N	N	N	N	N	N	N	0.0000	0.0000	0.0000	0.0000	0.0000	0.0000	0.0000	0.0000	0.0000	0.0000	0.0000	0.0000	0.0000	0.0000	0.0000	0.0000	0.0000	0.0000	0.0000	0.0000	0.0319	0.0000	1.0050	0.0000	0.0000	0.0000	0.0000	0.0000	0.0000	0.0000	0.0000	0.0000	0.0000	0.0000	0.0000	0.0000	0.0000	0.0000	0.0000	0.0000	0.0000	0.0000	0.0000	0.0000	0.0000	0.0000	0.0000	0.0000	0.0000	0.0000	0.0000	0.0000	0.0000	0.0000	0.0000	0.0000	0.0000	0.0000	0.0000	0.0000	0.0000	0.0000	0.0000	0.0000	0.0000	0.0000	0.0000	0.0000	0.0000	0.0000	0.0000	0.0000	0.0000	0.0000	0.0000	0.0000	0.0000	0.0000											
32	60	0.0506	2	1	0	2	0	0	0	0	0	N	N	Y	N	N	N	N	N	N	N	N	N	318.0312	92.4574	39.9104	38.0636	1.1758	1.5369	0.0000	2.8196	2.8567	0.0000	0.0000	0.0000	0.0000	0.0037	0.0166	0.0000	0.0706	0.0751	0.0000	0.0000	0.0000	0.0000	0.0000	0.0000	-0.0121	-0.0002	0.0319	7.0000	1.0050	3.9994	0.0314	0.0314	0.0000	0.0314	0.0314	0.0000	0.0000	0.0000	0.0000	0.0003	0.0003	0.0000	0.0003	0.0003	0.0000	0.0000	0.0000	0.0000	0.0267	0.0204	0.0063	0.0111	0.0110	0.0001	0.0156	0.0094	0.0061	0.0838	0.0186	0.0652	0.0044	0.0041	0.0003	0.0794	0.0145	0.0649	318.0312	92.4574	0.0000	39.9104	38.0636	0.0000	0.0000	0.0000	0.0000	0.0037	0.0166	0.0000	0.0706	0.0751	0.0000	0.0000	0.0000	0.0000					
32	61	0.1330	3	1	0	2	0	0	0	0	0	N	N	Y	N	N	N	N	N	N	N	N	N	0.0000	0.0000	0.0000	0.0000	0.0000	0.0000	0.0000	0.0000	0.0000	0.0000	0.0000	0.0000	0.0000	0.0000	0.0000	0.0000	0.0000	0.0000	0.0000	0.0000	0.0319	2.0000	1.0050	0.0000	0.0000	0.0000	0.0000	0.0000	0.0000	0.0000	0.0000	0.0000	0.0000	0.0000	0.0000	0.0000	0.0000	0.0000	0.0000	0.0000	0.0000	0.0000	0.0087	0.0064	0.0023	0.0039	0.0038	0.0001	0.0048	0.0026	0.0022	0.0134	0.0056	0.0077	0.0082	0.0043	0.0039	0.0052	0.0013	0.0039	0.0000	0.0000	0.0000	0.0000	0.0000	0.0000	0.0000	0.0000	0.0000	0.0000	0.0000	0.0000	0.0000	0.0000	0.0000	0.0000	0.0000	0.0000											
32	62	0.0506	2	1	0	2	0	0	0	0	0	N	N	Y	N	N	N	N	N	N	N	N	N	0.0000	0.0000	0.0000	0.0000	0.0000	0.0000	0.0000	0.0000	0.0000	0.0000	0.0000	0.0000	0.0000	0.0047	0.0215	0.0000	0.0926	0.0982	0.0000	0.0000	0.0000	0.0000	0.0000	0.0000	-0.0002	0.0319	4.0000	1.0050	3.9994	0.0000	0.0000	0.0000	0.0000	0.0000	0.0000	0.0000	0.0000	0.0000	0.0003	0.0003	0.0000	0.0003	0.0003	0.0000	0.0000	0.0000	0.0000	0.0167	0.0126	0.0042	0.0070	0.0069	0.0001	0.0097	0.0057	0.0041	0.0666	0.0144	0.0522	0.0033	0.0032	0.0002	0.0633	0.0112	0.0520	0.0000	0.0000	0.0000	0.0000	0.0000	0.0000	0.0000	0.0000	0.0000	0.0047	0.0215	0.0000	0.0926	0.0982	0.0000	0.0000	0.0000	0.0000						
32	63	0.0506	2	0	1	1	0	0	0	0	0	N	N	N	N	N	N	N	N	N	N	N	N	0.0000	0.0000	0.0000	0.0000	0.0000	0.0000	0.0000	0.0000	0.0000	0.0000	0.0000	0.0000	0.0000	0.0000	0.0000	0.0000	0.0000	0.0000	0.0000	0.0000	0.0319	7.0000	1.0050	4.0000	0.0000	0.0000	0.0000	0.0000	0.0000	0.0000	0.0000	0.0000	0.0000	0.0000	0.0000	0.0000	0.0000	0.0000	0.0000	0.0000	0.0000	0.0000	0.0267	0.0204	0.0063	0.0111	0.0110	0.0001	0.0156	0.0094	0.0061	0.0838	0.0186	0.0652	0.0044	0.0041	0.0003	0.0794	0.0145	0.0649	0.0000	0.0000	0.0000	0.0000	0.0000	0.0000	0.0000	0.0000	0.0000	0.0000	0.0000	0.0000	0.0000	0.0000	0.0000	0.0000	0.0000	0.0000											
32	64	0.1572	5	0	0	2	0	0	0	0	0	N	N	Y	N	N	N	N	N	N	N	N	N	0.0000	0.0000	0.0000	0.0000	0.0000	0.0000	0.0000	0.0000	0.0000	0.0000	0.0000	0.0000	0.0000	0.0000	0.0000	0.0000	0.0000	0.0000	0.0000	0.0000	0.0319	0.0000	1.0050	0.0000	0.0000	0.0000	0.0000	0.0000	0.0000	0.0000	0.0000	0.0000	0.0000	0.0000	0.0000	0.0000	0.0000	0.0000	0.0000	0.0000	0.0000	0.0000	0.0000	0.0000	0.0000	0.0000	0.0000	0.0000	0.0000	0.0000	0.0000	0.0000	0.0000	0.0000	0.0000	0.0000	0.0000	0.0000	0.0000	0.0000	0.0000	0.0000	0.0000	0.0000	0.0000	0.0000	0.0000	0.0000	0.0000	0.0000	0.0000	0.0000	0.0000	0.0000	0.0000	0.0000	0.0000	0.0000											
32	65	0.1329	4	0	0	2	0	0	0	0	0	N	N	Y	N	N	N	N	N	N	N	N	N	0.0000	0.0000	0.0000	0.0000	0.0000	0.0000	0.0000	0.0000	0.0000	0.0000	0.0000	0.0000	0.0000	0.0011	0.0056	0.0000	0.0037	0.0116	0.0000	0.0000	0.0000	0.0000	0.0000	0.0000	-0.0000	0.0319	0.8734	1.0050	1.0002	0.0000	0.0000	0.0000	0.0000	0.0000	0.0000	0.0000	0.0000	0.0000	0.0000	0.0000	0.0000	0.0000	0.0000	0.0000	0.0000	0.0000	0.0000	0.0040	0.0029	0.0011	0.0017	0.0017	0.0000	0.0022	0.0012	0.0010	0.0188	0.0036	0.0152	0.0054	0.0017	0.0036	0.0134	0.0018	0.0116	0.0000	0.0000	0.0000	0.0000	0.0000	0.0000	0.0000	0.0000	0.0000	0.0011	0.0056	0.0000	0.0037	0.0116	0.0000	0.0000	0.0000	0.0000						
32	66	0.1184	3	0	0	1	0	0	0	0	0	N	N	N	N	N	N	N	N	N	N	N	N	38.8683	0.0023	222.1744	10.3907	0.0055	6031.9647	55.9705	0.0000	164.0574	0.0097	0.0000	0.0354	0.0020	0.0000	0.1263	0.0157	0.0000	0.0331	0.0002	0.0005	0.0002	0.0002	0.0004	0.0000	0.0003	0.0353	0.0002	11461.0000	0.8916	0.0000	-0.0000	0.0319	1.0063	1.0050	0.0727	0.0000	0.0000	0.0000	0.0000	0.0000	0.0000	0.0000	0.0000	0.0000	0.0000	0.0000	0.0000	0.0000	0.0000	0.0000	0.0000	0.0000	0.0000	0.0047	0.0034	0.0013	0.0021	0.0020	0.0000	0.0027	0.0014	0.0013	0.0138	0.0037	0.0101	0.0048	0.0024	0.0024	0.0090	0.0013	0.0078	38.8683	0.0023	222.1744	10.3907	0.0055	6031.9647	55.9705	0.0000	164.0574	0.0002	0.0005	0.0002	0.0002	0.0004	0.0000	0.0003	0.0008	0.0002
32	67	0.0506	2	0	0	1	0	0	0	0	0	N	N	N	N	N	N	N	N	N	N	N	N	0.7840	0.2195	0.0000	0.0908	0.0869	0.0000	0.0362	0.0002	0.0000	0.0027	0.0036	0.0000	0.0065	0.0066	0.0000	0.0000	0.0000	0.0000	0.0035	0.0166	0.0000	0.0721	0.0764	0.0000	0.0000	0.0035	0.0000	0.0000	0.0028	-0.0000	-0.0001	0.0319	4.0009	1.0050	1.0789	0.0000	0.0000	0.0000	0.0000	0.0000	0.0000	0.0000	0.0000	0.0000	0.0002	0.0002	0.0000	0.0002	0.0002	0.0000	0.0000	0.0000	0.0000	0.0167	0.0126	0.0042	0.0070	0.0069	0.0001	0.0097	0.0057	0.0041	0.0463	0.0097	0.0366	0.0022	0.0021	0.0001	0.0440	0.0076	0.0364	0.7840	0.2195	0.0000	0.0908	0.0869	0.0000	0.0362	0.1441	0.0000	0.0035	0.0166	0.0000	0.0721	0.0764	0.0000	0.0000	0.0000	0.0000
32	68	0.0506	2	0	1	1	0	0	0	0	0	N	N	N	N	N	N	N	N	N	N	N	N	0.3625	0.0000	1.2517	0.0133	0.0000	0.4788	0.6286	1.2576	0.0197	0.0000	0.0808	0.0012	0.0000	0.0895	0.0331	0.0000	0.0806	0.0544	0.0183	0.0645	0.0890	0.0830	0.1870	0.0526	0.0000	0.0641	inf	12.6591	0.0002	0.0010	0.0319	5.0000	1.0050	3.9994	0.0004	0.0000	0.0004	0.0000	0.0000	0.0000	0.0004	0.0000	0.0004	0.0040	0.0003	0.0037	0.0003	0.0003	0.0000	0.0036	0.0000	0.0036	0.0203	0.0153	0.0050	0.0085	0.0084	0.0001	0.0118	0.0070	0.0048	0.0727	0.0159	0.0569	0.0037	0.0035	0.0002	0.0690	0.0124	0.0567	0.3625	0.0000	1.2517	0.0133	0.0000	0.4788	0.6286	0.0000	1.2576	0.0544	0.0183	0.0645	0.0890	0.0830	0.1870	0.0526	0.0000	0.0641	
32	69	0.0506	2	1	0	2	0	0	0	0	0	N	N	Y	N	N	N	N	N	N	N	N	N	512.8159	147.6339	63.5023	60.5938	1.1758	1.5369	0.0000	2.8196	2.8567	0.0000	0.0000	0.0000	0.0000	0.0023	0.0104	0.0000	0.0444	0.0471	0.0000	0.0000	0.0000	0.0000	0.0000	0.0000	-0.0121	-0.0001	0.0319	7.0000	1.0050	2.9994	0.0314	0.0314	0.0000	0.0314	0.0314	0.0000	0.0000	0.0000	0.0000	0.0002	0.0002	0.0000	0.0002	0.0002	0.0000	0.0000	0.0000	0.0000	0.0267	0.0204	0.0063	0.0111	0.0110	0.0001	0.0156	0.0094	0.0061	0.0785	0.0173	0.0612	0.0041	0.0038	0.0002	0.0744	0.0135	0.0609	512.8159	147.6339	0.0000	63.5023	60.5938	0.0000	0.0000	0.0000	0.0000	0.0023	0.0104	0.0000	0.0444	0.0471	0.0000	0.0000	0.0000	0.0000					
32	70	0.0506	2	0	1	1	1	0	0	0	0	N	N	N	N	N	N	N	N	N	N	N	N	172.3786	0.0000	60925.9968	0.5247	0.0000	256.7457	inf	inf	0.0239	0.0000	0.0960	0.0014	0.0000	0.1075	0.0401	0.0000	0.0957	0.0001	0.0006	0.0000	0.0027	0.0029	0.0004	0.0000	0.0000	0.0000	inf	0.0090	0.0002	-0.0000	0.0319	4.0000	1.0050	5.0006	0.0004	0.0000	0.0004	0.0000	0.0000	0.0000	0.0004	0.0000	0.0004	0.0000	0.0000	0.0000	0.0000	0.0000	0.0000	0.0000	0.0000	0.0000	0.0167	0.0126	0.0042	0.0070	0.0069	0.0001	0.0097	0.0057	0.0041	0.0727	0.0159	0.0569	0.0037	0.0035	0.0002	0.0690	0.0124	0.0567	172.3786	0.0000	60925.9968	0.5247	0.0000	256.7457	inf	0.0000	inf	0.0001	0.0006	0.0000	0.0027	0.0029	0.0004	0.0000	0.0000	0.0000	
32	71	0.0506	2	0	1	1	0	0	0	0	0	N	N	N	N	N	N	N	N	N	N	N	N	0.3465	0.0000	1.1967	0.0202	0.0000	0.4814	0.5806	1.2026	0.0150	0.0000	0.0638	0.0009	0.0000	0.0691	0.0251	0.0000	0.0636	0.0432	0.0085	0.0533	0.0446	0.0383	0.1436	0.0431	0.0000	0.0529	inf	21.5996	0.0002	0.0011	0.0319	7.0000	1.0050	4.9994	0.0004	0.0000	0.0004	0.0000	0.0000	0.0000	0.0004	0.0000	0.0004	0.0038	0.0002	0.0037	0.0002	0.0002	0.0000	0.0036	0.0000	0.0036	0.0267	0.0204	0.0063	0.0111	0.0110	0.0001	0.0156	0.0094	0.0061	0.0888	0.0200	0.0689	0.0047	0.0044	0.0003	0.0841	0.0155	0.0686	0.3465	0.0000	1.1967	0.0202	0.0000	0.4814	0.5806	0.0000	1.2026	0.0432	0.0085	0.0533	0.0446	0.0383	0.1436	0.0431	0.0000	0.0529	
32	72	0.1071	3	0	1	1	0	0	0	0	0	N	N	N	N	N	N	N	N	N	N	N	N	95.6634	3301.2885	0.0000	4360.0505	4465.2228	0.0000	0.0748	inf	0.0000	1.5746	2.0846	0.0000	3.5104	3.6121	0.0000	0.0018	0.0032	0.0000	0.0165	0.0006	0.0285	0.0008	0.0008	0.0004	0.0245	0.0000	0.0286	0.0000	59.4599	-0.0120	0.0002	0.0319	4.7764	1.0050	1.3205	0.0313	0.0313	0.0000	0.0312	0.0312	0.0000	0.0000	0.0000	0.0000	0.0008	0.0000	0.0008	0.0000	0.0000	0.0000	0.0008	0.0000	0.0008	0.0199	0.0150	0.0049	0.0089	0.0086	0.0003	0.0110	0.0063	0.0046	0.0467	0.0201	0.0266	0.0159	0.0157	0.0002	0.0308	0.0044	0.0264	95.6634	3301.2885	0.0000	4360.0505	4465.2228	0.0000	0.0748	inf	0.0000	0.0165	0.0006	0.0285	0.0008	0.0008	0.0004	0.0245	0.0000	0.0286
32	73	0.0506	2	0	1	1	0	0	0	0	0	N	N	N	N	N	N	N	N	N	N	N	N	4.0665	1.2634	0.0000	0.5254	0.5032	0.0000	0.0037	0.0001	0.0000	0.0116	0.0156	0.0000	0.0278	0.0282	0.0000	0.0000	0.0000	0.0000	0.0029	0.0123	0.0003	0.0529	0.0560	0.0012	0.0003	0.0173	0.0003	0.0000	0.0970	-0.0001	-0.0001	0.0319	3.3049	1.0050	2.7470	0.0002	0.0002	0.0000	0.0002	0.0002	0.0000	0.0000	0.0000	0.0000	0.0002	0.0001	0.0000	0.0001	0.0001	0.0000	0.0000	0.0000	0.0000	0.0141	0.0106	0.0036	0.0059	0.0058	0.0001	0.0082	0.0047	0.0035	0.0535	0.0113	0.0422	0.0026	0.0025	0.0001	0.0509	0.0089	0.0420	4.0665	1.2634	0.0000	0.5254	0.5032	0.0000	0.0037	0.0130	0.0000	0.0029	0.0123	0.0003	0.0529	0.0560	0.0012	0.0003	0.0001	0.0003
32	74	0.1093	3	0	1	1	0	0	0	0	0	N	N	N	N	N	N	N	N	N	N	N	N	0.0000	0.0000	0.0000	0.0000	0.0000	0.0000	0.0000	0.0000	0.0000	0.0000	0.0000	0.0000	0.0000	0.0000	0.0000	0.0000	0.0000	0.0000	0.0000	0.0000	0.0319	0.0000	1.0050	0.0000	0.0000	0.0000	0.0000	0.0000	0.0000	0.0000	0.0000	0.0000	0.0000	0.0000	0.0000	0.0000	0.0000	0.0000	0.0000	0.0000	0.0000	0.0000	0.0000	0.0000	0.0000	0.0000	0.0000	0.0000	0.0000	0.0000	0.0000	0.0000	0.0000	0.0000	0.0000	0.0000	0.0000	0.0000	0.0000	0.0000	0.0000	0.0000	0.0000	0.0000	0.0000	0.0000	0.0000	0.0000	0.0000	0.0000	0.0000	0.0000	0.0000	0.0000	0.0000	0.0000	0.0000	0.0000											
32	75	0.0506	2	0	1	1	0	0	0	0	0	N	N	N	N	N	N	N	N	N	N	N	N	0.3522	0.2107	1.1200	0.0946	0.0000	0.4065	0.5673	inf	1.1253	0.0222	0.0000	0.0897	0.0013	0.0000	0.1002	0.0372	0.0000	0.0895	0.0630	0.0000	0.0801	0.0140	0.0001	0.2464	0.0656	0.0000	0.0795	7142.9107	15090.8289	0.0002	0.0012	0.0319	4.3567	1.0050	2.3689	0.0004	0.0000	0.0004	0.0000	0.0000	0.0000	0.0004	0.0000	0.0004	0.0037	0.0000	0.0037	0.0000	0.0000	0.0000	0.0036	0.0000	0.0036	0.0180	0.0136	0.0045	0.0075	0.0074	0.0001	0.0105	0.0061	0.0044	0.0582	0.0124	0.0458	0.0029	0.0027	0.0002	0.0553	0.0097	0.0456	0.3522	0.2107	1.1200	0.0946	0.0000	0.4065	0.5673	inf	1.1253	0.0630	0.0000	0.0801	0.0140	0.0001	0.2464	0.0656	0.0000	0.0795
32	76	0.1180	5	1	1	1	1	0	0	0	0	N	N	N	N	N	N	N	N	N	N	N	N	0.0000	0.0000	0.0000	0.0000	0.0000	0.0000	0.0000	0.0000	0.0000	0.0000	0.0000	0.0000	0.0000	0.0000	0.0000	0.0000	0.0000	0.0000	0.0000	0.0000	0.0319	0.0000	1.0050	0.0000	0.0000	0.0000	0.0000	0.0000	0.0000	0.0000	0.0000	0.0000	0.0000	0.0000	0.0000	0.0000	0.0000	0.0000	0.0000	0.0000	0.0000	0.0000	0.0000	0.0000	0.0000	0.0000	0.0000	0.0000	0.0000	0.0000	0.0000	0.0000	0.0000	0.0000	0.0000	0.0000	0.0000	0.0000	0.0000	0.0000	0.0000	0.0000	0.0000	0.0000	0.0000	0.0000	0.0000	0.0000	0.0000	0.0000	0.0000	0.0000	0.0000	0.0000	0.0000	0.0000	0.0000	0.0000											
32	77	0.1096	4	1	1	1	1	0	0	0	0	N	N	N	N	N	N	N	N	N	N	N	N	0.0000	0.0000	0.0000	0.0000	0.0000	0.0000	0.0000	0.0000	0.0000	0.0000	0.0000	0.0000	0.0000	0.0000	0.0000	0.0000	0.0000	0.0000	0.0000	0.0000	0.0000	0.0000	inf	0.0000	0.0000	0.0319	1.0073	1.0050	0.3366	0.0000	0.0000	0.0000	0.0000	0.0000	0.0000	0.0000	0.0000	0.0000	0.0000	0.0000	0.0000	0.0000	0.0000	0.0000	0.0000	0.0000	0.0000	0.0045	0.0033	0.0012	0.0019	0.0019	0.0000	0.0026	0.0014	0.0012	0.0087	0.0035	0.0052	0.0017	0.0016	0.0001	0.0070	0.0019	0.0051	0.0000	0.0000	0.0000	0.0000	0.0000	0.0000	0.0000	0.0000	0.0000	0.0000	0.0000	0.0000	0.0000	0.0000	0.0000	0.0000	0.0000	0.0000						
32	78	0.1354	4	0	1	1	1	0	0	0	0	N	N	N	N	N	N	N	N	N	N	N	N	0.0000	0.0000	0.0000	0.0000	0.0000	0.0000	0.0000	0.0000	0.0000	0.0000	0.0000	0.0000	0.0000	0.0000	0.0000	0.0000	0.0000	0.0000	0.0000	0.0000	0.0319	0.0000	1.0050	0.0000	0.0000	0.0000	0.0000	0.0000	0.0000	0.0000	0.0000	0.0000	0.0000	0.0000	0.0000	0.0000	0.0000	0.0000	0.0000	0.0000	0.0000	0.0000	0.0000	0.0000	0.0000	0.0000	0.0000	0.0000	0.0000	0.0000	0.0000	0.0000	0.0000	0.0000	0.0000	0.0000	0.0000	0.0000	0.0000	0.0000	0.0000	0.0000	0.0000	0.0000	0.0000	0.0000	0.0000	0.0000	0.0000	0.0000	0.0000	0.0000	0.0000	0.0000	0.0000	0.0000	0.0000	0.0000											
32	79	0.1272	3	0	1	1	1	0	0	0	0	N	N	N	N	N	N	N	N	N	N	N	N	0.0000	0.0000	0.0000	0.0000	0.0000	0.0000	0.0000	0.0000	0.0000	0.0000	0.0000	0.0000	0.0000	0.0000	0.0000	0.0000	0.0000	0.0000	0.0000	0.0000	0.0319	0.0000	1.0050	1.0000	0.0000	0.0000	0.0000	0.0000	0.0000	0.0000	0.0000	0.0000	0.0000	0.0000	0.0000	0.0000	0.0000	0.0000	0.0000	0.0000	0.0000	0.0000	0.0000	0.0000	0.0000	0.0000	0.0000	0.0000	0.0000	0.0000	0.0000	0.0086	0.0029	0.0057	0.0035	0.0015	0.0021	0.0051	0.0014	0.0037	0.0000	0.0000	0.0000	0.0000	0.0000	0.0000	0.0000	0.0000	0.0000	0.0000	0.0000	0.0000	0.0000	0.0000	0.0000	0.0000	0.0000	0.0000											
32	80	0.1096	4	0	1	1	0	0	0	0	0	N	N	N	N	N	N	N	N	N	N	N	N	0.0000	0.0000	0.0000	0.0000	0.0000	0.0000	0.0000	0.0000	0.0000	0.0000	0.0000	0.0000	0.0000	0.0000	0.0000	0.0000	0.0000	0.0000	0.0000	0.0000	0.0000	0.0000	inf	0.0000	0.0000	0.0319	3.9927	1.0050	1.0002	0.0000	0.0000	0.0000	0.0000	0.0000	0.0000	0.0000	0.0000	0.0000	0.0000	0.0000	0.0000	0.0000	0.0000	0.0000	0.0000	0.0000	0.0000	0.0163	0.0122	0.0041	0.0068	0.0068	0.0001	0.0095	0.0054	0.0040	0.0279	0.0111	0.0167	0.0048	0.0046	0.0002	0.0230	0.0065	0.0165	0.0000	0.0000	0.0000	0.0000	0.0000	0.0000	0.0000	0.0000	0.0000	0.0000	0.0000	0.0000	0.0000	0.0000	0.0000	0.0000	0.0000	0.0000						
32	81	0.1050	3	0	1	1	0	0	0	0	0	N	N	N	N	N	N	N	N	N	N	N	N	0.0000	0.0000	0.0000	0.0000	0.0000	0.0000	0.0000	0.0000	0.0000	0.0000	0.0000	0.0000	0.0000	0.0000	0.0000	0.0000	0.0000	0.0000	0.0000	0.0000	0.0000	0.0000	0.0370	0.0000	-0.0000	0.0319	0.0110	1.0050	0.6549	0.0000	0.0000	0.0000	0.0000	0.0000	0.0000	0.0000	0.0000	0.0000	0.0000	0.0000	0.0000	0.0000	0.0000	0.0000	0.0000	0.0000	0.0000	0.0001	0.0000	0.0000	0.0000	0.0000	0.0000	0.0000	0.0000	0.0000	0.0041	0.0016	0.0025	0.0007	0.0006	0.0000	0.0034	0.0010	0.0024	0.0000	0.0000	0.0000	0.0000	0.0000	0.0000	0.0000	0.0000	0.0000	0.0000	0.0000	0.0000	0.0000	0.0000	0.0000	0.0000	0.0000	0.0000						
32	82	0.1272	3	0	0	2	1	0	0	0	0	N	N	Y	N	N	N	N	N	N	N	N	N	0.0000	0.0000	0.0000	0.0000	0.0000	0.0000	0.0000	0.0000	0.0000	0.0000	0.0000	0.0000	0.0000	0.0000	0.0000	0.0000	0.0000	0.0000	0.0000	0.0000	0.0319	1.0000	1.0050	0.0000	0.0000	0.0000	0.0000	0.0000	0.0000	0.0000	0.0000	0.0000	0.0000	0.0000	0.0000	0.0000	0.0000	0.0000	0.0000	0.0000	0.0000	0.0000	0.0045	0.0033	0.0012	0.0018	0.0018	0.0000	0.0027	0.0015	0.0012	0.0086	0.0029	0.0057	0.0035	0.0015	0.0021	0.0051	0.0014	0.0037	0.0000	0.0000	0.0000	0.0000	0.0000	0.0000	0.0000	0.0000	0.0000	0.0000	0.0000	0.0000	0.0000	0.0000	0.0000	0.0000	0.0000	0.0000											
32	83	0.1272	3	0	0	2	1	0	0	0	0	N	N	Y	N	N	N	N	N	N	N	N	N	0.0000	0.0000	0.0000	0.0000	0.0000	0.0000	0.0000	0.0000	0.0000	0.0000	0.0000	0.0000	0.0000	0.0000	0.0000	0.0000	0.0000	0.0000	0.0000	0.0000	0.0319	0.0000	1.0050	0.0000	0.0000	0.0000	0.0000	0.0000	0.0000	0.0000	0.0000	0.0000	0.0000	0.0000	0.0000	0.0000	0.0000	0.0000	0.0000	0.0000	0.0000	0.0000	0.0000	0.0000	0.0000	0.0000	0.0000	0.0000	0.0000	0.0000	0.0000	0.0000	0.0000	0.0000	0.0000	0.0000	0.0000	0.0000	0.0000	0.0000	0.0000	0.0000	0.0000	0.0000	0.0000	0.0000	0.0000	0.0000	0.0000	0.0000	0.0000	0.0000	0.0000	0.0000	0.0000	0.0000	0.0000	0.0000											
32	84	0.0506	2	0	0	1	1	0	0	0	0	N	N	N	N	N	N	N	N	N	N	N	N	12.4852	3.6498	0.0380	0.0363	inf	inf	0.0309	0.0414	0.0000	0.0018	0.0019	0.0000	0.0518	0.0905	0.0000	0.0025	0.0113	0.0000	0.0485	0.0515	0.0000	0.0000	0.0000	0.0000	0.0000	0.0000	-0.0002	-0.0001	0.0319	3.0000	1.0050	5.9994	0.0004	0.0004	0.0000	0.0000	0.0000	0.0000	0.0004	0.0004	0.0000	0.0002	0.0002	0.0000	0.0002	0.0002	0.0000	0.0000	0.0000	0.0000	0.0130	0.0097	0.0033	0.0054	0.0054	0.0001	0.0075	0.0043	0.0032	0.0727	0.0159	0.0569	0.0037	0.0035	0.0002	0.0690	0.0124	0.0567	12.4852	3.6498	0.0000	0.0380	0.0363	0.0000	inf	inf	0.0000	0.0025	0.0113	0.0000	0.0485	0.0515	0.0000	0.0000	0.0000	0.0000			
32	85	0.1881	3	1	1	1	0	0	0	0	0	N	N	N	N	N	N	N	N	N	N	N	N	0.0000	0.0000	0.0000	0.0000	0.0000	0.0000	0.0000	0.0000	0.0000	0.0000	0.0000	0.0000	0.0000	0.0000	0.0000	0.0000	0.0000	0.0000	0.0000	0.0000	0.0319	0.0000	1.0050	0.0000	0.0000	0.0000	0.0000	0.0000	0.0000	0.0000	0.0000	0.0000	0.0000	0.0000	0.0000	0.0000	0.0000	0.0000	0.0000	0.0000	0.0000	0.0000	0.0000	0.0000	0.0000	0.0000	0.0000	0.0000	0.0000	0.0000	0.0000	0.0000	0.0000	0.0000	0.0000	0.0000	0.0000	0.0000	0.0000	0.0000	0.0000	0.0000	0.0000	0.0000	0.0000	0.0000	0.0000	0.0000	0.0000	0.0000	0.0000	0.0000	0.0000	0.0000	0.0000	0.0000	0.0000	0.0000											
32	86	0.0506	2	1	1	1	0	0	0	0	0	N	N	N	N	N	N	N	N	N	N	N	N	43.7298	13.0249	0.0000	0.1387	0.1325	0.0000	inf	inf	0.0197	0.0261	0.0000	0.0012	0.0012	0.0000	0.0331	0.0561	0.0000	0.0005	0.0020	0.0000	0.0085	0.0090	0.0003	0.0000	0.0000	0.0000	0.0000	0.0022	-0.0002	-0.0000	0.0319	5.0000	1.0050	7.0006	0.0004	0.0004	0.0000	0.0000	0.0000	0.0000	0.0004	0.0004	0.0000	0.0000	0.0000	0.0000	0.0000	0.0000	0.0000	0.0000	0.0000	0.0000	0.0203	0.0153	0.0050	0.0085	0.0084	0.0001	0.0118	0.0070	0.0048	0.0888	0.0200	0.0689	0.0047	0.0044	0.0003	0.0841	0.0155	0.0686	43.7298	13.0249	0.0000	0.1387	0.1325	0.0000	inf	inf	0.0000	0.0005	0.0020	0.0000	0.0085	0.0090	0.0003	0.0000	0.0000	0.0000	
32	87	0.0506	2	0	1	1	0	0	0	0	0	N	N	N	N	N	N	N	N	N	N	N	N	162.8256	46.0759	0.0000	0.4617	0.4443	0.0000	inf	inf	0.0868	0.1179	0.0000	0.0052	0.0052	0.0000	0.1459	0.2628	0.0000	0.0005	0.0026	0.0000	0.0112	0.0118	0.0009	0.0000	0.0000	0.0000	0.0000	0.0045	-0.0002	-0.0000	0.0319	1.0000	1.0050	3.0006	0.0004	0.0004	0.0000	0.0000	0.0000	0.0000	0.0004	0.0004	0.0000	0.0000	0.0000	0.0000	0.0000	0.0000	0.0000	0.0000	0.0000	0.0000	0.0046	0.0034	0.0012	0.0019	0.0019	0.0000	0.0027	0.0015	0.0012	0.0377	0.0078	0.0299	0.0018	0.0017	0.0001	0.0359	0.0061	0.0298	162.8256	46.0759	0.0000	0.4617	0.4443	0.0000	inf	inf	0.0000	0.0005	0.0026	0.0000	0.0112	0.0118	0.0009	0.0000	0.0000	0.0000	
32	88	0.1050	3	1	1	1	0	0	0	0	0	N	N	N	N	N	N	N	N	N	N	N	N	0.0000	0.0000	0.0000	0.0000	0.0000	0.0000	0.0000	0.0000	0.0000	0.0000	0.0000	0.0000	0.0000	0.0000	0.0000	0.0000	0.0000	0.0000	0.0000	0.0000	0.0319	0.0000	1.0050	0.0000	0.0000	0.0000	0.0000	0.0000	0.0000	0.0000	0.0000	0.0000	0.0000	0.0000	0.0000	0.0000	0.0000	0.0000	0.0000	0.0000	0.0000	0.0000	0.0000	0.0000	0.0000	0.0000	0.0000	0.0000	0.0000	0.0000	0.0000	0.0000	0.0000	0.0000	0.0000	0.0000	0.0000	0.0000	0.0000	0.0000	0.0000	0.0000	0.0000	0.0000	0.0000	0.0000	0.0000	0.0000	0.0000	0.0000	0.0000	0.0000	0.0000	0.0000	0.0000	0.0000	0.0000	0.0000											
32	89	0.0506	2	0	1	1	0	0	0	0	0	N	N	N	N	N	N	N	N	N	N	N	N	79.6454	22.9017	0.2392	0.2285	inf	inf	0.0239	0.0318	0.0000	0.0014	0.0014	0.0000	0.0401	0.0690	0.0000	0.0003	0.0014	0.0000	0.0060	0.0063	0.0000	0.0000	0.0000	0.0000	0.0000	0.0000	-0.0002	-0.0000	0.0319	4.0000	1.0050	4.0001	0.0004	0.0004	0.0000	0.0000	0.0000	0.0000	0.0004	0.0004	0.0000	0.0000	0.0000	0.0000	0.0000	0.0000	0.0000	0.0000	0.0000	0.0000	0.0167	0.0126	0.0042	0.0070	0.0069	0.0001	0.0097	0.0057	0.0041	0.0666	0.0144	0.0522	0.0033	0.0032	0.0002	0.0633	0.0112	0.0520	79.6454	22.9017	0.0000	0.2392	0.2285	0.0000	inf	inf	0.0000	0.0003	0.0014	0.0000	0.0060	0.0063	0.0000	0.0000	0.0000	0.0000			
32	91	0.1961	4	0	0	1	0	0	0	0	0	N	N	N	N	N	N	N	N	N	N	N	N	589.5594	314.0000	0.0000	275.4291	271.0396	0.0000	63.2770	39.2929	0.0000	0.7569	0.9617	0.0000	1.6745	1.7233	0.0000	0.0231	0.0361	0.0000	0.0013	0.0031	0.0005	0.0061	0.0064	0.0015	0.0004	0.0009	0.0005	0.0000	0.3323	-0.0121	-0.0001	0.0319	11.5137	1.0050	4.9035	0.0313	0.0313	0.0000	0.0308	0.0308	0.0000	0.0005	0.0005	0.0000	0.0002	0.0001	0.0000	0.0001	0.0001	0.0000	0.0000	0.0000	0.0000	0.0414	0.0325	0.0088	0.0184	0.0179	0.0005	0.0230	0.0147	0.0083	0.1190	0.0375	0.0816	0.0191	0.0180	0.0011	0.0999	0.0194	0.0805	589.5594	314.0000	0.0000	275.4291	271.0396	0.0000	63.2770	47724.3005	0.0000	0.0013	0.0031	0.0005	0.0061	0.0064	0.0015	0.0004	0.0000	0.0005
33	34	0.0208	3	1	1	1	0	0	0	0	0	N	N	N	N	N	N	N	N	N	N	N	N	0.0000	0.0000	0.0000	0.0000	0.0000	0.0000	0.0000	0.0000	0.0000	0.0000	0.0000	0.0000	0.0000	0.0000	0.0000	0.0000	0.0000	0.0000	0.0000	0.0000	0.0023	3.0000	1.0003	5.0006	0.0000	0.0000	0.0000	0.0000	0.0000	0.0000	0.0000	0.0000	0.0000	0.0000	0.0000	0.0000	0.0000	0.0000	0.0000	0.0000	0.0000	0.0000	0.0007	0.0007	0.0000	0.0003	0.0003	0.0000	0.0004	0.0004	0.0000	0.0540	0.0129	0.0411	0.0022	0.0021	0.0001	0.0518	0.0108	0.0410	0.0000	0.0000	0.0000	0.0000	0.0000	0.0000	0.0000	0.0000	0.0000	0.0000	0.0000	0.0000	0.0000	0.0000	0.0000	0.0000	0.0000	0.0000											
33	35	0.0208	3	0	2	0	1	0	0	0	0	N	Y	N	N	N	N	N	N	N	N	N	N	1.1485	17.6182	1.2036	20.6643	0.0137	0.0000	0.2745	0.0000	0.0000	0.0000	0.0234	0.0000	0.3230	0.0120	0.0000	0.0156	0.0000	0.0000	0.0000	0.0194	0.0000	0.0156	inf	inf	0.0000	0.0001	0.0023	3.0000	1.0003	2.0006	0.0000	0.0000	0.0000	0.0000	0.0000	0.0000	0.0000	0.0000	0.0000	0.0004	0.0000	0.0004	0.0000	0.0000	0.0000	0.0004	0.0000	0.0004	0.0007	0.0007	0.0000	0.0003	0.0003	0.0000	0.0004	0.0004	0.0000	0.0368	0.0086	0.0282	0.0015	0.0014	0.0001	0.0353	0.0072	0.0281	1.1485	0.0000	17.6182	0.0000	0.0000	0.0000	1.8805	0.0000	20.6643	0.0120	0.0000	0.0156	0.0000	0.0000	0.0000	0.0124	0.0000	0.0156					
33	36	0.0208	3	1	1	1	0	0	0	0	0	N	N	N	N	N	N	N	N	N	N	N	N	0.0000	0.0000	0.0000	0.0000	0.0000	0.0000	0.0000	0.0000	0.0000	0.0000	0.0000	0.0000	0.0000	0.0000	0.0000	0.0000	0.0000	0.0000	0.0000	0.0000	0.0023	4.0000	1.0003	5.0006	0.0000	0.0000	0.0000	0.0000	0.0000	0.0000	0.0000	0.0000	0.0000	0.0000	0.0000	0.0000	0.0000	0.0000	0.0000	0.0000	0.0000	0.0000	0.0009	0.0009	0.0000	0.0004	0.0004	0.0000	0.0006	0.0005	0.0000	0.0590	0.0142	0.0449	0.0024	0.0023	0.0002	0.0566	0.0119	0.0447	0.0000	0.0000	0.0000	0.0000	0.0000	0.0000	0.0000	0.0000	0.0000	0.0000	0.0000	0.0000	0.0000	0.0000	0.0000	0.0000	0.0000	0.0000											
33	37	0.0208	3	1	1	1	0	0	0	0	0	N	N	N	N	N	N	N	N	N	N	N	N	0.0000	0.0000	0.0000	0.0000	0.0000	0.0000	0.0000	0.0000	0.0000	0.0000	0.0000	0.0000	0.0000	0.0000	0.0000	0.0000	0.0000	0.0000	0.0000	0.0000	0.0023	3.0000	1.0003	4.0006	0.0000	0.0000	0.0000	0.0000	0.0000	0.0000	0.0000	0.0000	0.0000	0.0000	0.0000	0.0000	0.0000	0.0000	0.0000	0.0000	0.0000	0.0000	0.0007	0.0007	0.0000	0.0003	0.0003	0.0000	0.0004	0.0004	0.0000	0.0486	0.0115	0.0371	0.0020	0.0018	0.0001	0.0466	0.0097	0.0370	0.0000	0.0000	0.0000	0.0000	0.0000	0.0000	0.0000	0.0000	0.0000	0.0000	0.0000	0.0000	0.0000	0.0000	0.0000	0.0000	0.0000	0.0000											
33	41	0.0739	5	0	2	0	0	0	0	0	0	N	Y	N	N	N	N	N	N	N	N	N	N	0.0000	0.0000	0.0000	0.0000	0.0000	0.0000	0.0000	0.0000	0.0000	0.0000	0.0000	0.0000	0.0000	0.0000	0.0000	0.0000	0.0006	0.0027	0.0000	0.0590	0.0632	0.0000	0.0000	0.0000	0.0000	0.0031	0.0000	-0.0000	0.0023	1.0144	1.0003	1.0128	0.0000	0.0000	0.0000	0.0000	0.0000	0.0000	0.0000	0.0000	0.0000	0.0000	0.0000	0.0000	0.0000	0.0000	0.0000	0.0000	0.0000	0.0000	0.0003	0.0003	0.0000	0.0001	0.0001	0.0000	0.0002	0.0001	0.0000	0.0165	0.0037	0.0128	0.0002	0.0002	0.0000	0.0163	0.0035	0.0128	0.0000	0.0000	0.0000	0.0000	0.0000	0.0000	0.0000	0.0000	0.0000	0.0006	0.0027	0.0000	0.0590	0.0632	0.0000	0.0000	0.0000	0.0000			
33	42	0.0208	3	1	2	1	0	0	0	0	0	N	Y	N	N	N	N	N	N	N	N	N	N	0.0000	0.0000	0.0000	0.0000	0.0000	0.0000	0.0000	0.0000	0.0000	0.0000	0.0000	0.0000	0.0000	0.0000	0.0000	0.0000	0.0000	0.0000	0.0000	0.0000	0.0023	3.0000	1.0003	2.9994	0.0000	0.0000	0.0000	0.0000	0.0000	0.0000	0.0000	0.0000	0.0000	0.0000	0.0000	0.0000	0.0000	0.0000	0.0000	0.0000	0.0000	0.0000	0.0007	0.0007	0.0000	0.0003	0.0003	0.0000	0.0004	0.0004	0.0000	0.0429	0.0101	0.0328	0.0017	0.0016	0.0001	0.0412	0.0085	0.0327	0.0000	0.0000	0.0000	0.0000	0.0000	0.0000	0.0000	0.0000	0.0000	0.0000	0.0000	0.0000	0.0000	0.0000	0.0000	0.0000	0.0000	0.0000											
33	43	0.0208	3	1	2	1	0	0	0	0	0	N	Y	N	N	N	N	N	N	N	N	N	N	0.0000	0.0000	0.0000	0.0000	0.0000	0.0000	0.0000	0.0000	0.0000	0.0000	0.0000	0.0000	0.0000	0.0000	0.0000	0.0000	0.0000	0.0000	0.0000	0.0000	0.0023	4.0000	1.0003	4.9994	0.0000	0.0000	0.0000	0.0000	0.0000	0.0000	0.0000	0.0000	0.0000	0.0000	0.0000	0.0000	0.0000	0.0000	0.0000	0.0000	0.0000	0.0000	0.0009	0.0009	0.0000	0.0004	0.0004	0.0000	0.0006	0.0005	0.0000	0.0590	0.0142	0.0448	0.0024	0.0023	0.0002	0.0566	0.0119	0.0447	0.0000	0.0000	0.0000	0.0000	0.0000	0.0000	0.0000	0.0000	0.0000	0.0000	0.0000	0.0000	0.0000	0.0000	0.0000	0.0000	0.0000	0.0000											
33	44	0.1584	4	1	2	0	0	0	0	0	0	N	Y	N	N	N	N	N	N	N	N	N	N	0.0000	0.0000	0.0000	0.0000	0.0000	0.0000	0.0000	0.0000	0.0000	0.0000	0.0000	0.0000	0.0000	0.0000	0.0000	0.0000	0.0000	0.0000	0.0000	0.0000	0.0023	2.0000	1.0003	1.0000	0.0000	0.0000	0.0000	0.0000	0.0000	0.0000	0.0000	0.0000	0.0000	0.0000	0.0000	0.0000	0.0000	0.0000	0.0000	0.0000	0.0000	0.0000	0.0005	0.0005	0.0000	0.0002	0.0002	0.0000	0.0003	0.0003	0.0000	0.0202	0.0061	0.0140	0.0032	0.0020	0.0012	0.0169	0.0042	0.0128	0.0000	0.0000	0.0000	0.0000	0.0000	0.0000	0.0000	0.0000	0.0000	0.0000	0.0000	0.0000	0.0000	0.0000	0.0000	0.0000	0.0000	0.0000											
33	45	0.0860	5	0	2	0	1	0	0	0	0	N	Y	N	N	N	N	N	N	N	N	N	N	0.0000	0.0000	0.0000	0.0000	0.0000	0.0000	0.0000	0.0000	0.0000	0.0000	0.0000	0.0000	0.0000	0.0000	0.0000	0.0000	0.0000	0.0000	0.0000	0.0000	0.0023	1.0000	1.0003	0.0000	0.0000	0.0000	0.0000	0.0000	0.0000	0.0000	0.0000	0.0000	0.0000	0.0000	0.0000	0.0000	0.0000	0.0000	0.0000	0.0000	0.0000	0.0000	0.0003	0.0002	0.0000	0.0001	0.0001	0.0000	0.0002	0.0001	0.0000	0.0085	0.0019	0.0065	0.0006	0.0004	0.0002	0.0079	0.0015	0.0064	0.0000	0.0000	0.0000	0.0000	0.0000	0.0000	0.0000	0.0000	0.0000	0.0000	0.0000	0.0000	0.0000	0.0000	0.0000	0.0000	0.0000	0.0000											
33	46	0.0860	5	0	1	0	1	0	0	0	0	N	N	N	N	N	N	N	N	N	N	N	N	0.0000	0.0000	0.0000	0.0000	0.0000	0.0000	0.0000	0.0000	0.0000	0.0000	0.0000	0.0000	0.0000	0.0000	0.0000	0.0000	0.0000	0.0000	0.0000	0.0000	0.0023	0.0000	1.0003	0.0000	0.0000	0.0000	0.0000	0.0000	0.0000	0.0000	0.0000	0.0000	0.0000	0.0000	0.0000	0.0000	0.0000	0.0000	0.0000	0.0000	0.0000	0.0000	0.0000	0.0000	0.0000	0.0000	0.0000	0.0000	0.0000	0.0000	0.0000	0.0000	0.0000	0.0000	0.0000	0.0000	0.0000	0.0000	0.0000	0.0000	0.0000	0.0000	0.0000	0.0000	0.0000	0.0000	0.0000	0.0000	0.0000	0.0000	0.0000	0.0000	0.0000	0.0000	0.0000	0.0000	0.0000	0.0000											
33	47	0.0531	4	0	1	0	1	0	0	0	0	N	N	N	N	N	N	N	N	N	N	N	N	0.0040	0.0012	inf	0.0027	0.0024	0.0012	0.0000	inf	0.0001	0.0001	0.0002	0.0002	0.0002	0.0000	0.0000	0.0000	0.0002	0.0229	0.0736	0.0000	0.0828	0.0945	0.0000	0.0110	1.0321	0.0000	0.0995	0.0000	-0.0000	-0.0007	0.0023	2.0873	1.0003	1.9360	0.0000	0.0000	0.0000	0.0000	0.0000	0.0000	0.0000	0.0000	0.0000	0.0011	0.0011	0.0000	0.0009	0.0009	0.0000	0.0002	0.0002	0.0000	0.0005	0.0005	0.0000	0.0002	0.0002	0.0000	0.0003	0.0003	0.0000	0.0459	0.0189	0.0271	0.0106	0.0093	0.0013	0.0354	0.0096	0.0258	0.0040	0.0016	inf	0.0027	0.0024	0.0000	0.0027	0.0000	inf	0.0229	0.0557	0.0000	0.0828	0.0945	0.0000	0.0049	0.0181	0.0000	
33	48	0.0208	3	0	1	0	1	0	0	0	0	N	N	N	N	N	N	N	N	N	N	N	N	0.3900	0.0002	31.2930	0.0000	0.0000	0.6388	0.0000	36.6865	0.0108	0.0001	0.2177	0.0000	0.0000	0.0000	0.0184	0.0001	0.2560	0.0277	0.2748	0.0070	0.0000	0.0000	0.0000	0.0288	3.0957	0.0070	225.6321	0.2388	0.0000	-0.0005	0.0023	3.9129	1.0003	0.7267	0.0000	0.0000	0.0000	0.0000	0.0000	0.0000	0.0000	0.0000	0.0000	0.0010	0.0008	0.0002	0.0000	0.0000	0.0000	0.0010	0.0008	0.0002	0.0009	0.0009	0.0000	0.0004	0.0004	0.0000	0.0005	0.0005	0.0000	0.0345	0.0080	0.0265	0.0014	0.0013	0.0001	0.0332	0.0067	0.0264	0.3900	0.0005	31.2930	0.0000	0.0000	0.0000	0.6388	0.0008	36.6865	0.0277	0.0963	0.0070	0.0000	0.0000	0.0000	0.0288	0.1146	0.0070	
33	49	0.0208	3	0	2	1	0	0	0	0	0	N	Y	N	N	N	N	N	N	N	N	N	N	inf	inf	inf	inf	1.6298	1.7123	0.0000	0.0000	0.0000	0.0000	2.7791	2.9881	0.0000	0.0000	0.0000	0.0000	0.0000	0.0000	0.0000	0.0000	0.0000	0.0000	0.0000	-0.0009	0.0000	0.0023	6.0000	1.0003	4.0006	0.0022	0.0022	0.0000	0.0000	0.0000	0.0000	0.0022	0.0022	0.0000	0.0000	0.0000	0.0000	0.0000	0.0000	0.0000	0.0000	0.0000	0.0000	0.0014	0.0013	0.0001	0.0006	0.0006	0.0000	0.0008	0.0007	0.0001	0.0638	0.0154	0.0483	0.0027	0.0025	0.0002	0.0611	0.0130	0.0482	inf	inf	0.0000	0.0000	0.0000	0.0000	inf	inf	0.0000	0.0000	0.0000	0.0000	0.0000	0.0000	0.0000	0.0000	0.0000	0.0000						
33	50	0.0208	3	1	1	1	0	0	0	0	0	N	N	N	N	N	N	N	N	N	N	N	N	0.0000	0.0000	0.0000	0.0000	0.0000	0.0000	0.0000	0.0000	0.0000	0.0000	0.0000	0.0000	0.0000	0.0000	0.0000	0.0000	0.0000	0.0000	0.0000	0.0000	0.0023	6.0000	1.0003	3.0006	0.0000	0.0000	0.0000	0.0000	0.0000	0.0000	0.0000	0.0000	0.0000	0.0000	0.0000	0.0000	0.0000	0.0000	0.0000	0.0000	0.0000	0.0000	0.0014	0.0013	0.0001	0.0006	0.0006	0.0000	0.0008	0.0007	0.0001	0.0590	0.0142	0.0449	0.0024	0.0023	0.0002	0.0566	0.0119	0.0447	0.0000	0.0000	0.0000	0.0000	0.0000	0.0000	0.0000	0.0000	0.0000	0.0000	0.0000	0.0000	0.0000	0.0000	0.0000	0.0000	0.0000	0.0000											
33	51	0.0586	4	1	2	0	0	0	0	0	0	N	Y	N	N	N	N	N	N	N	N	N	N	13.8086	4.9658	0.0089	0.0105	837274.2379	239.7324	0.0967	0.1166	0.0000	0.0010	0.0012	0.0000	0.3888	0.4329	0.0000	0.0070	0.0235	0.0000	0.1127	0.1183	0.0000	0.0000	0.0018	0.0000	0.0000	0.0000	-0.0000	-0.0001	0.0023	1.0314	1.0003	3.0033	0.0000	0.0000	0.0000	0.0000	0.0000	0.0000	0.0000	0.0000	0.0000	0.0002	0.0002	0.0000	0.0002	0.0002	0.0000	0.0000	0.0000	0.0000	0.0004	0.0003	0.0001	0.0003	0.0002	0.0001	0.0001	0.0001	0.0000	0.0257	0.0077	0.0180	0.0016	0.0015	0.0001	0.0241	0.0061	0.0180	13.8086	4.9658	0.0000	0.0089	0.0105	0.0000	837274.2379	237440.2509	0.0000	0.0070	0.0235	0.0000	0.1127	0.1183	0.0000	0.0000	0.0000	0.0000			
33	52	0.0208	3	1	2	0	0	0	0	0	0	N	Y	N	N	N	N	N	N	N	N	N	N	388.3248	95.1163	0.0000	0.0000	0.0000	287.0512	2.9202	0.0000	1.8832	1.9797	0.0000	0.0000	0.0000	0.0000	3.2112	3.4557	0.0000	0.0048	0.0208	0.0000	0.0000	0.0000	0.0000	0.0112	1.1834	0.0000	0.0000	0.0002	-0.0008	-0.0001	0.0023	4.9791	1.0003	0.0710	0.0022	0.0022	0.0000	0.0000	0.0000	0.0000	0.0022	0.0022	0.0000	0.0002	0.0002	0.0000	0.0000	0.0000	0.0000	0.0002	0.0002	0.0000	0.0012	0.0011	0.0001	0.0005	0.0005	0.0000	0.0007	0.0006	0.0000	0.0371	0.0086	0.0285	0.0015	0.0014	0.0001	0.0356	0.0073	0.0284	388.3248	95.1163	0.0000	0.0000	0.0000	0.0000	635.9422	139.4893	0.0000	0.0048	0.0208	0.0000	0.0000	0.0000	0.0000	0.0050	0.0248	0.0000	
33	53	0.0208	3	0	2	0	0	0	0	0	0	N	Y	N	N	N	N	N	N	N	N	N	N	inf	inf	inf	inf	1.6298	1.7123	0.0000	0.0000	0.0000	0.0000	2.7791	2.9881	0.0000	0.0000	0.0000	0.0000	0.0000	0.0000	0.0000	0.0000	0.0000	0.0000	0.0000	-0.0009	0.0000	0.0023	6.0000	1.0003	4.0006	0.0022	0.0022	0.0000	0.0000	0.0000	0.0000	0.0022	0.0022	0.0000	0.0000	0.0000	0.0000	0.0000	0.0000	0.0000	0.0000	0.0000	0.0000	0.0014	0.0013	0.0001	0.0006	0.0006	0.0000	0.0008	0.0007	0.0001	0.0638	0.0154	0.0483	0.0027	0.0025	0.0002	0.0611	0.0130	0.0482	inf	inf	0.0000	0.0000	0.0000	0.0000	inf	inf	0.0000	0.0000	0.0000	0.0000	0.0000	0.0000	0.0000	0.0000	0.0000	0.0000						
33	54	0.0739	5	0	1	1	0	0	0	0	0	N	N	N	N	N	N	N	N	N	N	N	N	0.0000	0.0000	0.0000	0.0000	0.0000	0.0000	0.0000	0.0000	0.0000	0.0000	0.0000	0.0000	0.0000	0.0000	0.0000	0.0000	0.0012	0.0053	0.0000	0.0834	0.0876	0.0000	0.0000	0.0000	0.0000	0.0031	0.0000	-0.0000	0.0023	0.0147	1.0003	0.9910	0.0000	0.0000	0.0000	0.0000	0.0000	0.0000	0.0000	0.0000	0.0000	0.0000	0.0000	0.0000	0.0000	0.0000	0.0000	0.0000	0.0000	0.0000	0.0000	0.0000	0.0000	0.0000	0.0000	0.0000	0.0000	0.0000	0.0000	0.0085	0.0019	0.0066	0.0001	0.0001	0.0000	0.0084	0.0018	0.0066	0.0000	0.0000	0.0000	0.0000	0.0000	0.0000	0.0000	0.0000	0.0000	0.0012	0.0053	0.0000	0.0834	0.0876	0.0000	0.0000	0.0000	0.0000			
33	55	0.0629	4	0	1	0	0	0	0	0	0	N	N	N	N	N	N	N	N	N	N	N	N	0.0079	0.0000	2.0653	0.0000	0.0000	0.0000	0.0339	0.0000	2.1062	0.0000	0.0000	0.0003	0.0000	0.0000	0.0000	0.0000	0.0000	0.0003	0.0020	0.0082	0.0001	0.0963	0.1017	0.0016	0.0007	0.1303	0.0001	inf	0.0538	0.0000	-0.0000	0.0023	0.9556	1.0003	1.0192	0.0000	0.0000	0.0000	0.0000	0.0000	0.0000	0.0000	0.0000	0.0000	0.0000	0.0000	0.0000	0.0000	0.0000	0.0000	0.0000	0.0000	0.0000	0.0003	0.0002	0.0000	0.0001	0.0001	0.0000	0.0002	0.0001	0.0000	0.0162	0.0037	0.0125	0.0002	0.0002	0.0000	0.0160	0.0035	0.0125	0.0079	0.0000	2.0653	0.0000	0.0000	0.0000	0.0339	0.0000	2.1062	0.0020	0.0082	0.0001	0.0963	0.1017	0.0016	0.0007	0.0029	0.0001
33	56	0.0208	3	0	1	0	0	0	0	0	0	N	N	N	N	N	N	N	N	N	N	N	N	1.2788	0.0000	20.4715	0.0000	0.0000	1.2745	0.0000	24.0086	0.0136	0.0000	0.2719	0.0000	0.0000	0.0000	0.0232	0.0000	0.3200	0.0106	0.0020	0.0133	0.0000	0.0000	0.0000	0.0182	0.1059	0.0133	inf	21.9035	0.0000	0.0001	0.0023	3.0309	1.0003	3.0097	0.0000	0.0000	0.0000	0.0000	0.0000	0.0000	0.0000	0.0000	0.0000	0.0005	0.0000	0.0004	0.0000	0.0000	0.0000	0.0005	0.0000	0.0004	0.0007	0.0007	0.0000	0.0003	0.0003	0.0000	0.0004	0.0004	0.0000	0.0431	0.0101	0.0330	0.0017	0.0016	0.0001	0.0414	0.0085	0.0329	1.2788	0.0000	20.4715	0.0000	0.0000	0.0000	2.0932	0.0000	24.0086	0.0106	0.0020	0.0133	0.0000	0.0000	0.0000	0.0111	0.0024	0.0133	
33	57	0.0208	3	0	1	0	0	0	0	0	0	N	N	N	N	N	N	N	N	N	N	N	N	0.0000	0.0000	0.0000	0.0000	0.0000	0.0000	0.0000	0.0000	0.0000	0.0000	0.0000	0.0000	0.0000	0.0000	0.0000	0.0000	0.0000	0.0000	0.0000	0.0000	0.0023	3.0000	1.0003	3.0006	0.0000	0.0000	0.0000	0.0000	0.0000	0.0000	0.0000	0.0000	0.0000	0.0000	0.0000	0.0000	0.0000	0.0000	0.0000	0.0000	0.0000	0.0000	0.0007	0.0007	0.0000	0.0003	0.0003	0.0000	0.0004	0.0004	0.0000	0.0429	0.0101	0.0328	0.0017	0.0016	0.0001	0.0412	0.0085	0.0327	0.0000	0.0000	0.0000	0.0000	0.0000	0.0000	0.0000	0.0000	0.0000	0.0000	0.0000	0.0000	0.0000	0.0000	0.0000	0.0000	0.0000	0.0000											
33	58	0.1664	5	0	1	0	0	0	0	0	0	N	N	N	N	N	N	N	N	N	N	N	N	2.3598	0.3294	0.2433	0.2762	53929.3216	81.0538	0.5366	0.6156	0.0000	0.3023	0.3600	0.0000	1.0133	1.0822	0.0000	0.2274	1.8690	0.0000	1.2424	1.3034	0.0000	0.0000	0.0134	0.0000	0.0000	0.0000	-0.0008	-0.0145	0.0023	10.2575	1.0003	3.8960	0.0021	0.0021	0.0000	0.0008	0.0008	0.0000	0.0013	0.0013	0.0000	0.0216	0.0216	0.0000	0.0216	0.0216	0.0000	0.0000	0.0000	0.0000	0.0038	0.0033	0.0005	0.0026	0.0022	0.0004	0.0013	0.0012	0.0001	0.0952	0.0337	0.0614	0.0174	0.0166	0.0008	0.0778	0.0171	0.0606	2.3598	0.9595	0.0000	0.2433	0.2762	0.0000	53929.3216	12687.4229	0.0000	0.2274	0.6416	0.0000	1.2424	1.3034	0.0000	0.0000	0.0001	0.0000			
33	59	0.1404	4	1	2	1	0	0	0	0	0	N	Y	N	N	N	N	N	N	N	N	N	N	0.0000	0.0000	0.0000	0.0000	0.0000	0.0000	0.0000	0.0000	0.0000	0.0000	0.0000	0.0000	0.0000	0.0000	0.0000	0.0000	0.0000	0.0000	0.0000	0.0000	0.0023	0.0000	1.0003	0.0000	0.0000	0.0000	0.0000	0.0000	0.0000	0.0000	0.0000	0.0000	0.0000	0.0000	0.0000	0.0000	0.0000	0.0000	0.0000	0.0000	0.0000	0.0000	0.0000	0.0000	0.0000	0.0000	0.0000	0.0000	0.0000	0.0000	0.0000	0.0000	0.0000	0.0000	0.0000	0.0000	0.0000	0.0000	0.0000	0.0000	0.0000	0.0000	0.0000	0.0000	0.0000	0.0000	0.0000	0.0000	0.0000	0.0000	0.0000	0.0000	0.0000	0.0000	0.0000	0.0000	0.0000	0.0000											
33	60	0.0208	3	1	1	1	0	0	0	0	0	N	N	N	N	N	N	N	N	N	N	N	N	inf	inf	inf	inf	1.4298	1.5013	0.0000	0.0000	0.0000	0.0000	2.4380	2.6192	0.0000	0.0000	0.0000	0.0000	0.0000	0.0000	0.0000	0.0000	0.0000	0.0000	0.0000	-0.0009	0.0000	0.0023	7.0000	1.0003	3.9994	0.0022	0.0022	0.0000	0.0000	0.0000	0.0000	0.0022	0.0022	0.0000	0.0000	0.0000	0.0000	0.0000	0.0000	0.0000	0.0000	0.0000	0.0000	0.0015	0.0015	0.0001	0.0006	0.0006	0.0000	0.0009	0.0008	0.0001	0.0682	0.0166	0.0516	0.0029	0.0027	0.0002	0.0654	0.0140	0.0514	inf	inf	0.0000	0.0000	0.0000	0.0000	inf	inf	0.0000	0.0000	0.0000	0.0000	0.0000	0.0000	0.0000	0.0000	0.0000	0.0000						
33	61	0.1033	4	1	1	1	0	0	0	0	0	N	N	N	N	N	N	N	N	N	N	N	N	0.0000	0.0000	0.0000	0.0000	0.0000	0.0000	0.0000	0.0000	0.0000	0.0000	0.0000	0.0000	0.0000	0.0000	0.0000	0.0000	0.0000	0.0000	0.0000	0.0000	0.0023	2.0000	1.0003	0.0000	0.0000	0.0000	0.0000	0.0000	0.0000	0.0000	0.0000	0.0000	0.0000	0.0000	0.0000	0.0000	0.0000	0.0000	0.0000	0.0000	0.0000	0.0000	0.0005	0.0004	0.0001	0.0004	0.0003	0.0000	0.0001	0.0001	0.0000	0.0122	0.0048	0.0075	0.0072	0.0035	0.0037	0.0050	0.0013	0.0038	0.0000	0.0000	0.0000	0.0000	0.0000	0.0000	0.0000	0.0000	0.0000	0.0000	0.0000	0.0000	0.0000	0.0000	0.0000	0.0000	0.0000	0.0000											
33	62	0.0208	3	1	1	1	0	0	0	0	0	N	N	N	N	N	N	N	N	N	N	N	N	inf	inf	inf	inf	2.3314	2.4524	0.0000	0.0000	0.0000	0.0000	3.9753	4.2818	0.0000	0.0000	0.0000	0.0000	0.0000	0.0000	0.0000	0.0000	0.0000	0.0000	0.0000	-0.0009	0.0000	0.0023	4.0000	1.0003	3.9994	0.0022	0.0022	0.0000	0.0000	0.0000	0.0000	0.0022	0.0022	0.0000	0.0000	0.0000	0.0000	0.0000	0.0000	0.0000	0.0000	0.0000	0.0000	0.0009	0.0009	0.0000	0.0004	0.0004	0.0000	0.0006	0.0005	0.0000	0.0540	0.0129	0.0411	0.0022	0.0021	0.0001	0.0518	0.0108	0.0410	inf	inf	0.0000	0.0000	0.0000	0.0000	inf	inf	0.0000	0.0000	0.0000	0.0000	0.0000	0.0000	0.0000	0.0000	0.0000	0.0000						
33	63	0.0208	3	0	2	0	0	0	0	0	0	N	Y	N	N	N	N	N	N	N	N	N	N	0.0000	0.0000	0.0000	0.0000	0.0000	0.0000	0.0000	0.0000	0.0000	0.0000	0.0000	0.0000	0.0000	0.0000	0.0000	0.0000	0.0000	0.0000	0.0000	0.0000	0.0023	7.0000	1.0003	4.0000	0.0000	0.0000	0.0000	0.0000	0.0000	0.0000	0.0000	0.0000	0.0000	0.0000	0.0000	0.0000	0.0000	0.0000	0.0000	0.0000	0.0000	0.0000	0.0015	0.0015	0.0001	0.0006	0.0006	0.0000	0.0009	0.0008	0.0001	0.0682	0.0166	0.0516	0.0029	0.0027	0.0002	0.0654	0.0140	0.0514	0.0000	0.0000	0.0000	0.0000	0.0000	0.0000	0.0000	0.0000	0.0000	0.0000	0.0000	0.0000	0.0000	0.0000	0.0000	0.0000	0.0000	0.0000											
33	64	0.1275	6	0	1	1	0	0	0	0	0	N	N	N	N	N	N	N	N	N	N	N	N	0.0000	0.0000	0.0000	0.0000	0.0000	0.0000	0.0000	0.0000	0.0000	0.0000	0.0000	0.0000	0.0000	0.0000	0.0000	0.0000	0.0000	0.0000	0.0000	0.0000	0.0023	0.0000	1.0003	0.0000	0.0000	0.0000	0.0000	0.0000	0.0000	0.0000	0.0000	0.0000	0.0000	0.0000	0.0000	0.0000	0.0000	0.0000	0.0000	0.0000	0.0000	0.0000	0.0000	0.0000	0.0000	0.0000	0.0000	0.0000	0.0000	0.0000	0.0000	0.0000	0.0000	0.0000	0.0000	0.0000	0.0000	0.0000	0.0000	0.0000	0.0000	0.0000	0.0000	0.0000	0.0000	0.0000	0.0000	0.0000	0.0000	0.0000	0.0000	0.0000	0.0000	0.0000	0.0000	0.0000	0.0000	0.0000											
33	65	0.1032	5	0	1	1	0	0	0	0	0	N	N	N	N	N	N	N	N	N	N	N	N	0.0000	0.0000	0.0000	0.0000	0.0000	0.0000	0.0000	0.0000	0.0000	0.0000	0.0000	0.0000	0.0000	0.0000	0.0000	66.5192	314.2692	0.0000	0.0143	0.0496	0.0000	98.7188	564.9913	0.0000	0.0000	0.0000	-0.6720	0.0023	0.8734	1.0003	1.0002	0.0000	0.0000	0.0000	0.0000	0.0000	0.0000	0.0000	0.0000	0.0000	0.9998	0.9998	0.0000	0.0001	0.0001	0.0000	0.9998	0.9998	0.0000	0.0002	0.0002	0.0000	0.0001	0.0001	0.0000	0.0001	0.0001	0.0000	0.0150	0.0032	0.0118	0.0049	0.0014	0.0035	0.0101	0.0018	0.0084	0.0000	0.0000	0.0000	0.0000	0.0000	0.0000	0.0000	0.0000	0.0000	66.5192	314.2692	0.0000	0.0143	0.0496	0.0000	98.7188	564.9913	0.0000				
33	66	0.0887	4	0	1	0	0	0	0	0	0	N	N	N	N	N	N	N	N	N	N	N	N	0.0147	0.0010	0.0131	0.0065	0.0000	0.0000	0.0004	0.0005	0.0000	0.0010	0.0010	0.0000	0.0000	0.0000	0.0000	0.0296	0.4635	0.0000	0.0768	0.1586	0.0000	0.0000	0.0067	0.0000	0.0000	0.0000	-0.0000	-0.0002	0.0023	1.0063	1.0003	0.0727	0.0000	0.0000	0.0000	0.0000	0.0000	0.0000	0.0000	0.0000	0.0000	0.0003	0.0003	0.0000	0.0003	0.0003	0.0000	0.0000	0.0000	0.0000	0.0003	0.0002	0.0000	0.0001	0.0001	0.0000	0.0001	0.0001	0.0000	0.0115	0.0034	0.0081	0.0044	0.0021	0.0023	0.0070	0.0012	0.0058	0.0147	0.0046	0.0000	0.0131	0.0065	0.0000	0.0000	0.0000	0.0000	0.0296	0.1009	0.0000	0.0768	0.1586	0.0000	0.0000	0.0000	0.0000			
33	67	0.0208	3	0	1	0	0	0	0	0	0	N	N	N	N	N	N	N	N	N	N	N	N	0.0128	0.0031	0.0000	0.0000	0.0000	0.0126	0.0001	0.0000	0.0001	0.0001	0.0000	0.0000	0.0000	0.0000	0.0002	0.0002	0.0000	0.0091	0.0391	0.0000	0.0000	0.0000	0.0000	0.0157	1.9228	0.0000	0.0000	0.0002	-0.0000	-0.0002	0.0023	4.0009	1.0003	1.0789	0.0000	0.0000	0.0000	0.0000	0.0000	0.0000	0.0000	0.0000	0.0000	0.0003	0.0003	0.0000	0.0000	0.0000	0.0000	0.0003	0.0003	0.0000	0.0009	0.0009	0.0000	0.0004	0.0004	0.0000	0.0006	0.0005	0.0000	0.0373	0.0087	0.0286	0.0015	0.0014	0.0001	0.0358	0.0073	0.0285	0.0128	0.0031	0.0000	0.0000	0.0000	0.0000	0.0210	0.0046	0.0000	0.0091	0.0391	0.0000	0.0000	0.0000	0.0000	0.0095	0.0466	0.0000	
33	68	0.0208	3	0	2	0	0	0	0	0	0	N	Y	N	N	N	N	N	N	N	N	N	N	1.1596	18.0696	0.9932	21.1634	0.0086	0.0000	0.1773	0.0000	0.0000	0.0000	0.0147	0.0000	0.2084	0.0075	0.0000	0.0098	0.0000	0.0000	0.0000	0.0148	0.0000	0.0098	inf	inf	0.0000	0.0001	0.0023	5.0000	1.0003	3.9994	0.0000	0.0000	0.0000	0.0000	0.0000	0.0000	0.0000	0.0000	0.0000	0.0004	0.0000	0.0004	0.0000	0.0000	0.0000	0.0004	0.0000	0.0004	0.0012	0.0011	0.0001	0.0005	0.0005	0.0000	0.0007	0.0006	0.0000	0.0590	0.0142	0.0448	0.0024	0.0023	0.0002	0.0566	0.0119	0.0447	1.1596	0.0000	18.0696	0.0000	0.0000	0.0000	1.8957	0.0000	21.1634	0.0075	0.0000	0.0098	0.0000	0.0000	0.0000	0.0078	0.0000	0.0098					
33	69	0.0208	3	1	1	1	0	0	0	0	0	N	N	N	N	N	N	N	N	N	N	N	N	0.0000	0.0000	0.0000	0.0000	0.0000	0.0000	0.0000	0.0000	0.0000	0.0000	0.0000	0.0000	0.0000	0.0000	0.0000	0.0000	0.0000	0.0000	0.0000	0.0000	0.0023	7.0000	1.0003	2.9994	0.0000	0.0000	0.0000	0.0000	0.0000	0.0000	0.0000	0.0000	0.0000	0.0000	0.0000	0.0000	0.0000	0.0000	0.0000	0.0000	0.0000	0.0000	0.0015	0.0015	0.0001	0.0006	0.0006	0.0000	0.0009	0.0008	0.0001	0.0638	0.0154	0.0483	0.0027	0.0025	0.0002	0.0611	0.0130	0.0482	0.0000	0.0000	0.0000	0.0000	0.0000	0.0000	0.0000	0.0000	0.0000	0.0000	0.0000	0.0000	0.0000	0.0000	0.0000	0.0000	0.0000	0.0000											
33	70	0.0208	3	0	2	0	1	0	0	0	0	N	Y	N	N	N	N	N	N	N	N	N	N	inf	inf	inf	inf	0.0105	0.0000	0.2137	0.0000	0.0000	0.0000	0.0180	0.0000	0.2513	0.0000	0.0000	0.0000	0.0000	0.0000	0.0000	0.0000	0.0000	0.0000	inf	0.0000	0.0000	0.0023	4.0000	1.0003	5.0006	0.0000	0.0000	0.0000	0.0000	0.0000	0.0000	0.0000	0.0000	0.0000	0.0000	0.0000	0.0000	0.0000	0.0000	0.0000	0.0000	0.0000	0.0000	0.0009	0.0009	0.0000	0.0004	0.0004	0.0000	0.0006	0.0005	0.0000	0.0590	0.0142	0.0449	0.0024	0.0023	0.0002	0.0566	0.0119	0.0447	inf	0.0000	inf	0.0000	0.0000	0.0000	inf	0.0000	inf	0.0000	0.0000	0.0000	0.0000	0.0000	0.0000	0.0000	0.0000	0.0000						
33	71	0.0208	3	0	2	0	0	0	0	0	0	N	Y	N	N	N	N	N	N	N	N	N	N	236.4847	3744.4318	188.5125	4378.8536	1.4363	0.0000	30.1483	0.0000	0.0000	0.0000	2.4490	0.0000	35.3871	0.0061	0.0000	0.0081	0.0000	0.0000	0.0000	0.0130	0.0000	0.0081	inf	inf	0.0014	0.0001	0.0023	7.0000	1.0003	4.9994	0.0022	0.0000	0.0022	0.0000	0.0000	0.0000	0.0022	0.0000	0.0022	0.0004	0.0000	0.0004	0.0000	0.0000	0.0000	0.0004	0.0000	0.0004	0.0015	0.0015	0.0001	0.0006	0.0006	0.0000	0.0009	0.0008	0.0001	0.0724	0.0178	0.0546	0.0031	0.0029	0.0002	0.0694	0.0149	0.0544	236.4847	0.0000	3744.4318	0.0000	0.0000	0.0000	386.1055	0.0000	4378.8536	0.0061	0.0000	0.0081	0.0000	0.0000	0.0000	0.0063	0.0000	0.0081					
33	72	0.0774	4	0	2	0	0	0	0	0	0	N	Y	N	N	N	N	N	N	N	N	N	N	inf	inf	inf	inf	inf	inf	1.7683	1.8982	0.0000	0.0018	0.0020	0.0000	3.4000	3.6379	0.0000	0.0000	0.0000	0.0000	0.0000	0.0000	0.0000	0.0000	0.0000	0.0000	0.0000	-0.0008	0.0000	0.0023	4.7764	1.0003	1.3205	0.0022	0.0022	0.0000	0.0000	0.0000	0.0000	0.0022	0.0022	0.0000	0.0000	0.0000	0.0000	0.0000	0.0000	0.0000	0.0000	0.0000	0.0000	0.0012	0.0011	0.0001	0.0006	0.0005	0.0000	0.0006	0.0006	0.0000	0.0373	0.0151	0.0222	0.0110	0.0108	0.0001	0.0263	0.0042	0.0221	inf	inf	0.0000	inf	inf	0.0000	inf	inf	0.0000	0.0000	0.0000	0.0000	0.0000	0.0000	0.0000	0.0000	0.0000	0.0000				
33	73	0.0208	3	0	2	0	0	0	0	0	0	N	Y	N	N	N	N	N	N	N	N	N	N	0.5008	0.0340	0.0163	0.0000	0.0000	0.0000	0.8198	0.0231	0.0191	0.0504	0.0531	0.0000	0.0000	0.0000	0.0000	0.0860	0.0927	0.0000	0.1007	1.5619	0.0015	0.0002	0.0002	0.0000	0.1049	4.0052	0.0015	0.0000	0.0119	-0.0000	-0.0029	0.0023	3.3049	1.0003	2.7470	0.0000	0.0000	0.0000	0.0000	0.0000	0.0000	0.0000	0.0000	0.0000	0.0044	0.0043	0.0001	0.0000	0.0000	0.0000	0.0044	0.0043	0.0001	0.0008	0.0008	0.0000	0.0003	0.0003	0.0000	0.0005	0.0004	0.0000	0.0432	0.0101	0.0331	0.0017	0.0016	0.0001	0.0415	0.0085	0.0329	0.5008	0.1252	0.0163	0.0000	0.0000	0.0000	0.8198	0.1837	0.0191	0.1007	0.4240	0.0015	0.0002	0.0002	0.0000	0.1049	0.5047	0.0015
33	74	0.0796	4	0	2	0	0	0	0	0	0	N	Y	N	N	N	N	N	N	N	N	N	N	0.0000	0.0000	0.0000	0.0000	0.0000	0.0000	0.0000	0.0000	0.0000	0.0000	0.0000	0.0000	0.0000	0.0000	0.0000	0.0000	0.0000	0.0000	0.0000	0.0000	0.0023	0.0000	1.0003	0.0000	0.0000	0.0000	0.0000	0.0000	0.0000	0.0000	0.0000	0.0000	0.0000	0.0000	0.0000	0.0000	0.0000	0.0000	0.0000	0.0000	0.0000	0.0000	0.0000	0.0000	0.0000	0.0000	0.0000	0.0000	0.0000	0.0000	0.0000	0.0000	0.0000	0.0000	0.0000	0.0000	0.0000	0.0000	0.0000	0.0000	0.0000	0.0000	0.0000	0.0000	0.0000	0.0000	0.0000	0.0000	0.0000	0.0000	0.0000	0.0000	0.0000	0.0000	0.0000	0.0000	0.0000	0.0000											
33	75	0.0208	3	0	2	0	0	0	0	0	0	N	Y	N	N	N	N	N	N	N	N	N	N	0.0181	0.0000	10.3602	0.0000	0.0000	0.0000	0.0314	0.0000	12.1411	0.0098	0.0000	0.1988	0.0000	0.0000	0.0000	0.0167	0.0000	0.2337	0.5412	2.9749	0.0192	0.0004	0.0005	0.0001	0.5300	4.4220	0.0192	inf	0.0579	0.0000	-0.0078	0.0023	4.3567	1.0003	2.3689	0.0000	0.0000	0.0000	0.0000	0.0000	0.0000	0.0000	0.0000	0.0000	0.0126	0.0119	0.0007	0.0000	0.0000	0.0000	0.0126	0.0119	0.0007	0.0010	0.0010	0.0001	0.0004	0.0004	0.0000	0.0006	0.0006	0.0000	0.0471	0.0111	0.0360	0.0019	0.0018	0.0001	0.0452	0.0093	0.0358	0.0365	0.0000	10.3602	0.0000	0.0000	0.0000	0.0597	0.0000	12.1411	0.2676	1.0719	0.0192	0.0004	0.0005	0.0001	0.2789	1.2763	0.0192
33	76	0.0882	6	1	2	0	1	0	0	0	0	N	Y	N	N	N	N	N	N	N	N	N	N	0.0000	0.0000	0.0000	0.0000	0.0000	0.0000	0.0000	0.0000	0.0000	0.0000	0.0000	0.0000	0.0000	0.0000	0.0000	0.0000	0.0000	0.0000	0.0000	0.0000	0.0023	0.0000	1.0003	0.0000	0.0000	0.0000	0.0000	0.0000	0.0000	0.0000	0.0000	0.0000	0.0000	0.0000	0.0000	0.0000	0.0000	0.0000	0.0000	0.0000	0.0000	0.0000	0.0000	0.0000	0.0000	0.0000	0.0000	0.0000	0.0000	0.0000	0.0000	0.0000	0.0000	0.0000	0.0000	0.0000	0.0000	0.0000	0.0000	0.0000	0.0000	0.0000	0.0000	0.0000	0.0000	0.0000	0.0000	0.0000	0.0000	0.0000	0.0000	0.0000	0.0000	0.0000	0.0000	0.0000	0.0000	0.0000											
33	77	0.0799	5	1	2	0	1	0	0	0	0	N	Y	N	N	N	N	N	N	N	N	N	N	0.0000	0.0000	0.0000	0.0000	0.0000	0.0000	0.0000	0.0000	0.0000	0.0000	0.0000	0.0000	0.0000	0.0013	0.0034	0.0000	0.0086	0.0090	0.0000	0.0000	0.0000	0.0000	0.0000	0.0000	-0.0000	0.0023	1.0073	1.0003	0.3366	0.0000	0.0000	0.0000	0.0000	0.0000	0.0000	0.0000	0.0000	0.0000	0.0000	0.0000	0.0000	0.0000	0.0000	0.0000	0.0000	0.0000	0.0000	0.0002	0.0002	0.0000	0.0001	0.0001	0.0000	0.0001	0.0001	0.0000	0.0079	0.0029	0.0050	0.0012	0.0011	0.0001	0.0068	0.0018	0.0049	0.0000	0.0000	0.0000	0.0000	0.0000	0.0000	0.0000	0.0000	0.0000	0.0013	0.0034	0.0000	0.0086	0.0090	0.0000	0.0000	0.0000	0.0000						
33	78	0.1057	5	0	2	0	1	0	0	0	0	N	Y	N	N	N	N	N	N	N	N	N	N	0.0000	0.0000	0.0000	0.0000	0.0000	0.0000	0.0000	0.0000	0.0000	0.0000	0.0000	0.0000	0.0000	0.0000	0.0000	0.0000	0.0000	0.0000	0.0000	0.0000	0.0023	0.0000	1.0003	0.0000	0.0000	0.0000	0.0000	0.0000	0.0000	0.0000	0.0000	0.0000	0.0000	0.0000	0.0000	0.0000	0.0000	0.0000	0.0000	0.0000	0.0000	0.0000	0.0000	0.0000	0.0000	0.0000	0.0000	0.0000	0.0000	0.0000	0.0000	0.0000	0.0000	0.0000	0.0000	0.0000	0.0000	0.0000	0.0000	0.0000	0.0000	0.0000	0.0000	0.0000	0.0000	0.0000	0.0000	0.0000	0.0000	0.0000	0.0000	0.0000	0.0000	0.0000	0.0000	0.0000	0.0000	0.0000											
33	79	0.0974	4	0	2	0	1	0	0	0	0	N	Y	N	N	N	N	N	N	N	N	N	N	0.0000	0.0000	0.0000	0.0000	0.0000	0.0000	0.0000	0.0000	0.0000	0.0000	0.0000	0.0000	0.0000	0.0000	0.0000	0.0000	0.0000	0.0000	0.0000	0.0000	0.0023	0.0000	1.0003	1.0000	0.0000	0.0000	0.0000	0.0000	0.0000	0.0000	0.0000	0.0000	0.0000	0.0000	0.0000	0.0000	0.0000	0.0000	0.0000	0.0000	0.0000	0.0000	0.0000	0.0000	0.0000	0.0000	0.0000	0.0000	0.0000	0.0000	0.0000	0.0079	0.0024	0.0055	0.0031	0.0011	0.0020	0.0049	0.0014	0.0035	0.0000	0.0000	0.0000	0.0000	0.0000	0.0000	0.0000	0.0000	0.0000	0.0000	0.0000	0.0000	0.0000	0.0000	0.0000	0.0000	0.0000	0.0000											
33	80	0.0799	5	0	2	0	0	0	0	0	0	N	Y	N	N	N	N	N	N	N	N	N	N	0.0000	0.0000	0.0000	0.0000	0.0000	0.0000	0.0000	0.0000	0.0000	0.0000	0.0000	0.0000	0.0000	0.0004	0.0011	0.0000	0.0032	0.0034	0.0000	0.0000	0.0000	0.0000	0.0000	0.0000	-0.0000	0.0023	3.9927	1.0003	1.0002	0.0000	0.0000	0.0000	0.0000	0.0000	0.0000	0.0000	0.0000	0.0000	0.0000	0.0000	0.0000	0.0000	0.0000	0.0000	0.0000	0.0000	0.0000	0.0009	0.0009	0.0000	0.0004	0.0004	0.0000	0.0005	0.0005	0.0000	0.0253	0.0092	0.0161	0.0032	0.0030	0.0002	0.0221	0.0063	0.0159	0.0000	0.0000	0.0000	0.0000	0.0000	0.0000	0.0000	0.0000	0.0000	0.0004	0.0011	0.0000	0.0032	0.0034	0.0000	0.0000	0.0000	0.0000						
33	81	0.0752	4	0	2	0	0	0	0	0	0	N	Y	N	N	N	N	N	N	N	N	N	N	0.0000	0.0000	0.0000	0.0000	0.0000	0.0000	0.0000	0.0000	0.0000	0.0000	0.0000	0.0000	0.0000	0.0027	0.0076	0.0000	0.0000	0.0000	0.0000	0.0086	0.6746	0.0000	0.0000	0.0000	-0.0000	0.0023	0.0110	1.0003	0.6549	0.0000	0.0000	0.0000	0.0000	0.0000	0.0000	0.0000	0.0000	0.0000	0.0000	0.0000	0.0000	0.0000	0.0000	0.0000	0.0000	0.0000	0.0000	0.0000	0.0000	0.0000	0.0000	0.0000	0.0000	0.0000	0.0000	0.0000	0.0037	0.0013	0.0024	0.0004	0.0004	0.0000	0.0033	0.0009	0.0023	0.0000	0.0000	0.0000	0.0000	0.0000	0.0000	0.0000	0.0000	0.0000	0.0027	0.0076	0.0000	0.0000	0.0000	0.0000	0.0031	0.0109	0.0000						
33	82	0.0974	4	0	1	1	1	0	0	0	0	N	N	N	N	N	N	N	N	N	N	N	N	0.0000	0.0000	0.0000	0.0000	0.0000	0.0000	0.0000	0.0000	0.0000	0.0000	0.0000	0.0000	0.0000	0.0000	0.0000	0.0000	0.0000	0.0000	0.0000	0.0000	0.0023	1.0000	1.0003	0.0000	0.0000	0.0000	0.0000	0.0000	0.0000	0.0000	0.0000	0.0000	0.0000	0.0000	0.0000	0.0000	0.0000	0.0000	0.0000	0.0000	0.0000	0.0000	0.0002	0.0002	0.0000	0.0001	0.0001	0.0000	0.0001	0.0001	0.0000	0.0079	0.0024	0.0055	0.0031	0.0011	0.0020	0.0049	0.0014	0.0035	0.0000	0.0000	0.0000	0.0000	0.0000	0.0000	0.0000	0.0000	0.0000	0.0000	0.0000	0.0000	0.0000	0.0000	0.0000	0.0000	0.0000	0.0000											
33	83	0.0974	4	0	1	1	1	0	0	0	0	N	N	N	N	N	N	N	N	N	N	N	N	0.0000	0.0000	0.0000	0.0000	0.0000	0.0000	0.0000	0.0000	0.0000	0.0000	0.0000	0.0000	0.0000	0.0000	0.0000	0.0000	0.0000	0.0000	0.0000	0.0000	0.0023	0.0000	1.0003	0.0000	0.0000	0.0000	0.0000	0.0000	0.0000	0.0000	0.0000	0.0000	0.0000	0.0000	0.0000	0.0000	0.0000	0.0000	0.0000	0.0000	0.0000	0.0000	0.0000	0.0000	0.0000	0.0000	0.0000	0.0000	0.0000	0.0000	0.0000	0.0000	0.0000	0.0000	0.0000	0.0000	0.0000	0.0000	0.0000	0.0000	0.0000	0.0000	0.0000	0.0000	0.0000	0.0000	0.0000	0.0000	0.0000	0.0000	0.0000	0.0000	0.0000	0.0000	0.0000	0.0000	0.0000	0.0000											
33	84	0.0208	3	0	1	0	1	0	0	0	0	N	N	N	N	N	N	N	N	N	N	N	N	inf	inf	inf	inf	0.0137	0.0145	0.0000	0.0000	0.0000	0.0000	0.0234	0.0252	0.0000	0.0000	0.0000	0.0000	0.0000	0.0000	0.0000	0.0000	0.0000	0.0000	0.0000	-0.0000	0.0000	0.0023	3.0000	1.0003	5.9994	0.0000	0.0000	0.0000	0.0000	0.0000	0.0000	0.0000	0.0000	0.0000	0.0000	0.0000	0.0000	0.0000	0.0000	0.0000	0.0000	0.0000	0.0000	0.0007	0.0007	0.0000	0.0003	0.0003	0.0000	0.0004	0.0004	0.0000	0.0590	0.0142	0.0448	0.0024	0.0023	0.0002	0.0566	0.0119	0.0447	inf	inf	0.0000	0.0000	0.0000	0.0000	inf	inf	0.0000	0.0000	0.0000	0.0000	0.0000	0.0000	0.0000	0.0000	0.0000	0.0000						
33	85	0.1584	4	1	2	0	0	0	0	0	0	N	Y	N	N	N	N	N	N	N	N	N	N	0.0000	0.0000	0.0000	0.0000	0.0000	0.0000	0.0000	0.0000	0.0000	0.0000	0.0000	0.0000	0.0000	0.0000	0.0000	0.0000	0.0000	0.0000	0.0000	0.0000	0.0023	0.0000	1.0003	0.0000	0.0000	0.0000	0.0000	0.0000	0.0000	0.0000	0.0000	0.0000	0.0000	0.0000	0.0000	0.0000	0.0000	0.0000	0.0000	0.0000	0.0000	0.0000	0.0000	0.0000	0.0000	0.0000	0.0000	0.0000	0.0000	0.0000	0.0000	0.0000	0.0000	0.0000	0.0000	0.0000	0.0000	0.0000	0.0000	0.0000	0.0000	0.0000	0.0000	0.0000	0.0000	0.0000	0.0000	0.0000	0.0000	0.0000	0.0000	0.0000	0.0000	0.0000	0.0000	0.0000	0.0000	0.0000											
33	86	0.0208	3	1	2	0	0	0	0	0	0	N	Y	N	N	N	N	N	N	N	N	N	N	0.0006	inf	0.0000	0.0000	0.0000	0.0010	inf	0.0000	0.0086	0.0091	0.0000	0.0000	0.0000	0.0000	0.0147	0.0159	0.0000	13.8001	0.0000	61.1833	0.0227	0.0000	0.3468	14.4113	0.0000	64.9382	0.0000	inf	-0.0000	0.3278	0.0023	5.0000	1.0003	7.0006	0.0000	0.0000	0.0000	0.0000	0.0000	0.0000	0.0000	0.0000	0.0000	0.9998	0.0000	0.9998	0.0001	0.0000	0.0001	0.9998	0.0000	0.9998	0.0012	0.0011	0.0001	0.0005	0.0005	0.0000	0.0007	0.0006	0.0000	0.0725	0.0178	0.0547	0.0031	0.0029	0.0002	0.0694	0.0149	0.0544	0.0006	inf	0.0000	0.0000	0.0000	0.0000	0.0010	inf	0.0000	13.8001	0.0000	18.2948	0.0227	0.0000	0.3468	14.4113	0.0000	18.3614	
33	87	0.0208	3	0	2	0	0	0	0	0	0	N	Y	N	N	N	N	N	N	N	N	N	N	inf	inf	inf	inf	0.0392	0.0413	0.0000	0.0000	0.0000	0.0000	0.0668	0.0722	0.0000	0.0000	0.0000	0.0000	0.0000	0.0000	0.0000	0.0000	0.0000	0.0000	0.0000	-0.0000	0.0000	0.0023	1.0000	1.0003	3.0006	0.0000	0.0000	0.0000	0.0000	0.0000	0.0000	0.0000	0.0000	0.0000	0.0000	0.0000	0.0000	0.0000	0.0000	0.0000	0.0000	0.0000	0.0000	0.0003	0.0002	0.0000	0.0001	0.0001	0.0000	0.0001	0.0001	0.0000	0.0303	0.0070	0.0233	0.0012	0.0011	0.0001	0.0291	0.0059	0.0233	inf	inf	0.0000	0.0000	0.0000	0.0000	inf	inf	0.0000	0.0000	0.0000	0.0000	0.0000	0.0000	0.0000	0.0000	0.0000	0.0000						
33	88	0.0752	4	1	2	0	0	0	0	0	0	N	Y	N	N	N	N	N	N	N	N	N	N	0.0000	0.0000	0.0000	0.0000	0.0000	0.0000	0.0000	0.0000	0.0000	0.0000	0.0000	0.0000	0.0000	0.0000	0.0000	0.0000	0.0000	0.0000	0.0000	0.0000	0.0023	0.0000	1.0003	0.0000	0.0000	0.0000	0.0000	0.0000	0.0000	0.0000	0.0000	0.0000	0.0000	0.0000	0.0000	0.0000	0.0000	0.0000	0.0000	0.0000	0.0000	0.0000	0.0000	0.0000	0.0000	0.0000	0.0000	0.0000	0.0000	0.0000	0.0000	0.0000	0.0000	0.0000	0.0000	0.0000	0.0000	0.0000	0.0000	0.0000	0.0000	0.0000	0.0000	0.0000	0.0000	0.0000	0.0000	0.0000	0.0000	0.0000	0.0000	0.0000	0.0000	0.0000	0.0000	0.0000	0.0000	0.0000											
33	89	0.0208	3	0	2	0	0	0	0	0	0	N	Y	N	N	N	N	N	N	N	N	N	N	inf	inf	inf	inf	0.0105	0.0111	0.0000	0.0000	0.0000	0.0000	0.0180	0.0194	0.0000	0.0000	0.0000	0.0000	0.0000	0.0000	0.0000	0.0000	0.0000	0.0000	0.0000	-0.0000	0.0000	0.0023	4.0000	1.0003	4.0001	0.0000	0.0000	0.0000	0.0000	0.0000	0.0000	0.0000	0.0000	0.0000	0.0000	0.0000	0.0000	0.0000	0.0000	0.0000	0.0000	0.0000	0.0000	0.0009	0.0009	0.0000	0.0004	0.0004	0.0000	0.0006	0.0005	0.0000	0.0540	0.0129	0.0411	0.0022	0.0021	0.0001	0.0518	0.0108	0.0410	inf	inf	0.0000	0.0000	0.0000	0.0000	inf	inf	0.0000	0.0000	0.0000	0.0000	0.0000	0.0000	0.0000	0.0000	0.0000	0.0000						
33	91	0.1664	5	0	1	0	0	0	0	0	0	N	N	N	N	N	N	N	N	N	N	N	N	1.9259	0.2578	0.1076	0.1207	54927.6088	80.7872	0.4149	0.4733	0.0000	0.1351	0.1595	0.0000	0.9643	1.0314	0.0000	0.2154	1.8358	0.0000	1.2553	1.3222	0.0000	0.0000	0.0128	0.0000	0.0000	0.0000	-0.0006	-0.0145	0.0023	11.5137	1.0003	4.9035	0.0016	0.0016	0.0000	0.0004	0.0004	0.0000	0.0013	0.0013	0.0000	0.0216	0.0216	0.0000	0.0216	0.0216	0.0000	0.0000	0.0000	0.0000	0.0039	0.0035	0.0005	0.0026	0.0022	0.0004	0.0013	0.0012	0.0001	0.1005	0.0350	0.0655	0.0172	0.0164	0.0009	0.0832	0.0186	0.0646	1.9259	0.7655	0.0000	0.1076	0.1207	0.0000	54927.6088	13152.9410	0.0000	0.2154	0.6184	0.0000	1.2553	1.3222	0.0000	0.0000	0.0001	0.0000			
34	38	0.1094	3	1	0	2	0	0	0	0	0	N	N	Y	N	N	N	N	N	N	N	N	N	0.0000	0.0000	0.0000	0.0000	0.0000	0.0000	0.0000	0.0000	0.0000	0.0000	0.0000	0.0000	0.0000	0.0000	0.0000	0.0000	0.0000	0.0000	0.0000	0.0000	3.0000	1.0023	5.0006	0.0007	0.0000	0.0000	0.0000	0.0000	0.0000	0.0000	0.0000	0.0000	0.0000	0.0000	0.0000	0.0000	0.0000	0.0000	0.0000	0.0000	0.0000	0.0000	0.0978	0.0838	0.0140	0.0221	0.0198	0.0023	0.0757	0.0640	0.0117	0.0540	0.0129	0.0411	0.0022	0.0021	0.0001	0.0518	0.0108	0.0410	0.0000	0.0000	0.0000	0.0000	0.0000	0.0000	0.0000	0.0000	0.0000	0.0000	0.0000	0.0000	0.0000	0.0000	0.0000	0.0000	0.0000	0.0000											
34	39	0.1094	2	1	0	1	0	0	0	0	0	N	N	N	N	N	N	N	N	N	N	N	N	0.0000	0.0000	0.0000	0.0000	0.0000	0.0000	0.0000	0.0000	0.0000	0.0000	0.0000	0.0000	0.0000	0.0000	0.0000	0.0000	0.0000	0.0000	0.0000	0.0000	3.0000	0.0347	5.0006	0.0013	0.0000	0.0000	0.0000	0.0000	0.0000	0.0000	0.0000	0.0000	0.0000	0.0000	0.0000	0.0000	0.0000	0.0000	0.0000	0.0000	0.0000	0.0000	0.0104	0.0099	0.0005	0.0043	0.0042	0.0001	0.0062	0.0057	0.0005	0.0022	0.0006	0.0016	0.0002	0.0002	0.0000	0.0020	0.0004	0.0016	0.0000	0.0000	0.0000	0.0000	0.0000	0.0000	0.0000	0.0000	0.0000	0.0000	0.0000	0.0000	0.0000	0.0000	0.0000	0.0000	0.0000	0.0000											
34	41	0.1493	3	1	1	1	0	0	0	0	0	N	N	N	N	N	N	N	N	N	N	N	N	0.0000	0.0000	0.0000	0.0000	0.0000	0.0000	0.0000	0.0000	0.0000	0.0000	0.0000	0.0000	0.0000	0.0000	0.0000	0.0000	0.0000	0.0000	0.0001	0.0000	0.0000	0.0000	inf	0.0000	0.0000	3.0000	1.0144	5.0006	1.0128	0.0000	0.0000	0.0000	0.0000	0.0000	0.0000	0.0000	0.0000	0.0000	0.0000	0.0000	0.0000	0.0000	0.0000	0.0000	0.0000	0.0000	0.0000	0.1058	0.0927	0.0130	0.0285	0.0261	0.0024	0.0773	0.0666	0.0107	0.1239	0.0259	0.0980	0.0053	0.0050	0.0004	0.1186	0.0210	0.0976	0.0000	0.0000	0.0000	0.0000	0.0000	0.0000	0.0000	0.0000	0.0000	0.0000	0.0000	0.0000	0.0000	0.0000	0.0001	0.0000	0.0000	0.0000						
34	44	0.2338	2	2	1	1	0	0	0	0	0	Y	N	N	N	N	N	N	N	N	N	N	N	0.0000	0.0000	0.0000	0.0000	0.0000	0.0000	0.0000	0.0000	0.0000	0.0000	0.0000	0.0000	0.0000	0.0000	0.0000	0.0000	0.0000	0.0000	0.0000	0.0000	3.0000	2.0000	5.0006	1.0000	0.0000	0.0000	0.0000	0.0000	0.0000	0.0000	0.0000	0.0000	0.0000	0.0000	0.0000	0.0000	0.0000	0.0000	0.0000	0.0000	0.0000	0.0000	0.1689	0.1436	0.0252	0.0076	0.0066	0.0010	0.1612	0.1370	0.0242	0.1377	0.0420	0.0957	0.0193	0.0109	0.0084	0.1184	0.0311	0.0872	0.0000	0.0000	0.0000	0.0000	0.0000	0.0000	0.0000	0.0000	0.0000	0.0000	0.0000	0.0000	0.0000	0.0000	0.0000	0.0000	0.0000	0.0000											
34	45	0.1614	3	1	1	1	1	0	0	0	0	N	N	N	N	N	N	N	N	N	N	N	N	0.0000	0.0000	0.0000	0.0000	0.0000	0.0000	0.0000	0.0000	0.0000	0.0000	0.0000	0.0000	0.0000	0.0000	0.0000	0.0000	0.0000	0.0000	0.0000	0.0000	3.0000	1.0000	5.0006	0.0000	0.0000	0.0000	0.0000	0.0000	0.0000	0.0000	0.0000	0.0000	0.0000	0.0000	0.0000	0.0000	0.0000	0.0000	0.0000	0.0000	0.0000	0.0000	0.0954	0.0809	0.0144	0.0133	0.0113	0.0020	0.0821	0.0696	0.0125	0.0634	0.0126	0.0508	0.0030	0.0021	0.0009	0.0604	0.0105	0.0499	0.0000	0.0000	0.0000	0.0000	0.0000	0.0000	0.0000	0.0000	0.0000	0.0000	0.0000	0.0000	0.0000	0.0000	0.0000	0.0000	0.0000	0.0000											
34	46	0.1614	3	1	0	1	1	0	0	0	0	N	N	N	N	N	N	N	N	N	N	N	N	0.0000	0.0000	0.0000	0.0000	0.0000	0.0000	0.0000	0.0000	0.0000	0.0000	0.0000	0.0000	0.0000	0.0000	0.0000	0.0000	0.0000	0.0000	0.0000	0.0000	3.0000	0.0000	5.0006	0.0000	0.0000	0.0000	0.0000	0.0000	0.0000	0.0000	0.0000	0.0000	0.0000	0.0000	0.0000	0.0000	0.0000	0.0000	0.0000	0.0000	0.0000	0.0000	0.0000	0.0000	0.0000	0.0000	0.0000	0.0000	0.0000	0.0000	0.0000	0.0000	0.0000	0.0000	0.0000	0.0000	0.0000	0.0000	0.0000	0.0000	0.0000	0.0000	0.0000	0.0000	0.0000	0.0000	0.0000	0.0000	0.0000	0.0000	0.0000	0.0000	0.0000	0.0000	0.0000	0.0000	0.0000	0.0000											
34	47	0.1285	2	1	0	1	1	0	0	0	0	N	N	N	N	N	N	N	N	N	N	N	N	0.0000	0.0000	0.0000	0.0000	0.0000	0.0000	0.0000	0.0000	0.0000	0.0000	0.0000	0.0000	0.0000	0.0000	0.0000	0.0000	0.0000	0.0005	0.0011	0.0002	0.0022	0.0021	0.0023	0.0001	0.0000	0.0001	0.4007	0.0000	-0.0001	3.0000	2.0873	5.0006	1.9360	0.0000	0.0000	0.0000	0.0000	0.0000	0.0000	0.0000	0.0000	0.0000	0.0002	0.0001	0.0001	0.0002	0.0001	0.0000	0.0000	0.0000	0.0000	0.1949	0.1656	0.0293	0.0242	0.0205	0.0037	0.1707	0.1451	0.0256	0.3386	0.1238	0.2148	0.0716	0.0609	0.0107	0.2670	0.0629	0.2041	0.0000	0.0000	0.0000	0.0000	0.0000	0.0000	0.0000	0.0000	0.0000	0.0005	0.0011	0.0002	0.0022	0.0021	0.0023	0.0001	0.0000	0.0001		
34	51	0.1340	2	2	1	1	0	0	0	0	0	Y	N	N	N	N	N	N	N	N	N	N	N	0.0000	0.0000	0.0000	0.0000	0.0000	0.0000	0.0000	0.0000	0.0000	0.0000	0.0000	0.0000	0.0000	0.0000	0.0000	0.0000	0.0000	0.0006	0.0024	0.0000	0.0395	0.0400	0.0162	0.0000	0.0000	0.0000	0.0089	0.0000	-0.0001	3.0000	1.0314	5.0006	3.0033	0.0000	0.0000	0.0000	0.0000	0.0000	0.0000	0.0000	0.0000	0.0000	0.0001	0.0001	0.0000	0.0001	0.0001	0.0000	0.0000	0.0000	0.0000	0.1017	0.0851	0.0166	0.0126	0.0119	0.0007	0.0891	0.0732	0.0159	0.2052	0.0492	0.1560	0.0031	0.0030	0.0001	0.2021	0.0462	0.1560	0.0000	0.0000	0.0000	0.0000	0.0000	0.0000	0.0000	0.0000	0.0000	0.0006	0.0024	0.0000	0.0395	0.0400	0.0162	0.0000	0.0000	0.0000		
34	54	0.1493	3	1	0	2	0	0	0	0	0	N	N	Y	N	N	N	N	N	N	N	N	N	0.0000	0.0000	0.0000	0.0000	0.0000	0.0000	0.0000	0.0000	0.0000	0.0000	0.0000	0.0000	0.0000	0.0000	0.0000	0.0000	0.0000	0.0000	0.0002	0.0000	0.0000	0.0000	inf	0.0000	0.0000	3.0000	0.0147	5.0006	0.9910	0.0000	0.0000	0.0000	0.0000	0.0000	0.0000	0.0000	0.0000	0.0000	0.0000	0.0000	0.0000	0.0000	0.0000	0.0000	0.0000	0.0000	0.0000	0.0060	0.0045	0.0015	0.0026	0.0026	0.0000	0.0034	0.0019	0.0015	0.0640	0.0134	0.0506	0.0030	0.0028	0.0002	0.0610	0.0106	0.0504	0.0000	0.0000	0.0000	0.0000	0.0000	0.0000	0.0000	0.0000	0.0000	0.0000	0.0000	0.0000	0.0000	0.0000	0.0002	0.0000	0.0000	0.0000						
34	55	0.1383	2	1	0	1	0	0	0	0	0	N	N	N	N	N	N	N	N	N	N	N	N	0.0000	0.0000	0.0000	0.0000	0.0000	0.0000	0.0000	0.0000	0.0000	0.0000	0.0000	0.0000	0.0000	0.0000	0.0000	0.0000	0.0000	0.0064	0.0008	0.0079	0.0037	0.0039	0.0003	0.0133	0.0000	0.0080	37.9514	0.0000	0.0002	3.0000	0.9556	5.0006	1.0192	0.0000	0.0000	0.0000	0.0000	0.0000	0.0000	0.0000	0.0000	0.0000	0.0008	0.0000	0.0008	0.0000	0.0000	0.0000	0.0008	0.0000	0.0008	0.1051	0.0885	0.0166	0.0216	0.0196	0.0021	0.0835	0.0689	0.0146	0.1217	0.0259	0.0958	0.0055	0.0051	0.0004	0.1162	0.0207	0.0955	0.0000	0.0000	0.0000	0.0000	0.0000	0.0000	0.0000	0.0000	0.0000	0.0064	0.0008	0.0079	0.0037	0.0039	0.0003	0.0065	0.0000	0.0080		
34	58	0.2418	3	1	0	1	0	0	0	0	0	N	N	N	N	N	N	N	N	N	N	N	N	0.0002	0.0001	0.0000	0.0071	0.0072	0.0000	0.0000	0.0000	0.0000	0.0003	0.0003	0.0000	0.0022	0.0023	0.0000	0.0000	0.0000	0.0000	1.9569	5.1046	0.0002	0.3091	0.3213	0.0202	2.3644	7.4568	0.0000	0.0000	0.0001	-0.0001	-0.6652	3.0000	10.2575	5.0006	3.8960	0.0003	0.0003	0.0000	0.0003	0.0003	0.0000	0.0000	0.0000	0.0000	0.9899	0.9898	0.0001	0.0285	0.0285	0.0001	0.9613	0.9613	0.0000	0.8772	0.7547	0.1225	0.1181	0.1122	0.0059	0.7591	0.6425	0.1166	0.7074	0.2175	0.4899	0.0923	0.0886	0.0037	0.6150	0.1289	0.4861	0.0002	0.0001	0.0000	0.0071	0.0072	0.0000	0.0000	0.0000	0.0000	1.3994	4.5509	0.0002	0.3091	0.3213	0.0202	1.5630	7.4568	0.0000
34	59	0.2158	2	2	1	2	0	0	0	0	0	Y	N	Y	N	N	N	N	N	N	N	N	N	0.0000	0.0000	0.0000	0.0000	0.0000	0.0000	0.0000	0.0000	0.0000	0.0000	0.0000	0.0000	0.0000	0.0000	0.0000	0.0000	0.0000	0.0000	0.0000	0.0000	3.0000	0.0000	5.0006	0.0000	0.0000	0.0000	0.0000	0.0000	0.0000	0.0000	0.0000	0.0000	0.0000	0.0000	0.0000	0.0000	0.0000	0.0000	0.0000	0.0000	0.0000	0.0000	0.0000	0.0000	0.0000	0.0000	0.0000	0.0000	0.0000	0.0000	0.0000	0.0000	0.0000	0.0000	0.0000	0.0000	0.0000	0.0000	0.0000	0.0000	0.0000	0.0000	0.0000	0.0000	0.0000	0.0000	0.0000	0.0000	0.0000	0.0000	0.0000	0.0000	0.0000	0.0000	0.0000	0.0000	0.0000	0.0000											
34	61	0.1787	2	2	0	2	0	0	0	0	0	Y	N	Y	N	N	N	N	N	N	N	N	N	0.0000	0.0000	0.0000	0.0000	0.0000	0.0000	0.0000	0.0000	0.0000	0.0000	0.0000	0.0000	0.0000	0.0000	0.0000	0.0000	0.0000	0.0000	0.0000	0.0000	3.0000	2.0000	5.0006	0.0000	0.0000	0.0000	0.0000	0.0000	0.0000	0.0000	0.0000	0.0000	0.0000	0.0000	0.0000	0.0000	0.0000	0.0000	0.0000	0.0000	0.0000	0.0000	0.1588	0.1311	0.0277	0.0126	0.0118	0.0009	0.1462	0.1194	0.0268	0.0828	0.0316	0.0512	0.0429	0.0207	0.0222	0.0399	0.0108	0.0290	0.0000	0.0000	0.0000	0.0000	0.0000	0.0000	0.0000	0.0000	0.0000	0.0000	0.0000	0.0000	0.0000	0.0000	0.0000	0.0000	0.0000	0.0000											
34	64	0.2029	4	1	0	2	0	0	0	0	0	N	N	Y	N	N	N	N	N	N	N	N	N	0.0000	0.0000	0.0000	0.0000	0.0000	0.0000	0.0000	0.0000	0.0000	0.0000	0.0000	0.0000	0.0000	0.0000	0.0000	0.0000	0.0000	0.0000	0.0000	0.0000	3.0000	0.0000	5.0006	0.0000	0.0000	0.0000	0.0000	0.0000	0.0000	0.0000	0.0000	0.0000	0.0000	0.0000	0.0000	0.0000	0.0000	0.0000	0.0000	0.0000	0.0000	0.0000	0.0000	0.0000	0.0000	0.0000	0.0000	0.0000	0.0000	0.0000	0.0000	0.0000	0.0000	0.0000	0.0000	0.0000	0.0000	0.0000	0.0000	0.0000	0.0000	0.0000	0.0000	0.0000	0.0000	0.0000	0.0000	0.0000	0.0000	0.0000	0.0000	0.0000	0.0000	0.0000	0.0000	0.0000	0.0000	0.0000											
34	65	0.1786	3	1	0	2	0	0	0	0	0	N	N	Y	N	N	N	N	N	N	N	N	N	0.0000	0.0000	0.0000	0.0000	0.0000	0.0000	0.0000	0.0000	0.0000	0.0000	0.0000	0.0000	0.0000	0.0000	0.0000	0.0000	0.0000	0.0000	0.0000	0.0000	3.0000	0.8734	5.0006	1.0002	0.0000	0.0000	0.0000	0.0000	0.0000	0.0000	0.0000	0.0000	0.0000	0.0000	0.0000	0.0000	0.0000	0.0000	0.0000	0.0000	0.0000	0.0000	0.0758	0.0624	0.0134	0.0030	0.0028	0.0002	0.0728	0.0596	0.0132	0.1146	0.0198	0.0948	0.0264	0.0055	0.0209	0.0881	0.0143	0.0738	0.0000	0.0000	0.0000	0.0000	0.0000	0.0000	0.0000	0.0000	0.0000	0.0000	0.0000	0.0000	0.0000	0.0000	0.0000	0.0000	0.0000	0.0000											
34	66	0.1641	2	1	0	1	0	0	0	0	0	N	N	N	N	N	N	N	N	N	N	N	N	0.0279	0.0086	0.0000	0.0000	inf	inf	0.0001	0.0001	0.0000	0.0000	0.0000	0.0000	0.0001	0.0001	0.0000	0.0041	0.0159	0.0000	0.0134	0.0287	0.0000	0.0000	0.0000	0.0000	0.0000	0.0000	-0.0000	-0.0002	3.0000	1.0063	5.0006	0.0727	0.0000	0.0000	0.0000	0.0000	0.0000	0.0000	0.0000	0.0000	0.0000	0.0003	0.0003	0.0000	0.0003	0.0003	0.0000	0.0000	0.0000	0.0000	0.0883	0.0728	0.0155	0.0040	0.0038	0.0002	0.0844	0.0690	0.0154	0.0850	0.0216	0.0634	0.0257	0.0120	0.0137	0.0593	0.0096	0.0497	0.0279	0.0086	0.0000	0.0000	0.0000	0.0000	inf	inf	0.0000	0.0041	0.0159	0.0000	0.0134	0.0287	0.0000	0.0000	0.0000	0.0000			
34	72	0.1528	2	1	1	1	0	0	0	0	0	N	N	N	N	N	N	N	N	N	N	N	N	0.0007	0.0000	0.0008	1.7733	0.0000	0.0228	0.0007	0.0008	0.0040	0.0000	0.0250	0.0012	0.0000	0.0248	0.0042	0.0000	0.0250	5.4003	0.0001	30.1534	0.0007	0.0001	1.0883	6.1930	0.0000	31.8599	inf	121378.2358	0.0010	0.3979	3.0000	4.7764	5.0006	1.3205	0.0016	0.0000	0.0016	0.0000	0.0000	0.0000	0.0015	0.0000	0.0015	1.2138	0.0000	1.2138	0.0001	0.0000	0.0000	1.2137	0.0000	1.2137	0.3928	0.3305	0.0624	0.0339	0.0323	0.0016	0.3590	0.2982	0.0607	0.2860	0.1137	0.1723	0.0786	0.0785	0.0000	0.2074	0.0352	0.1723	0.0009	0.0000	0.0036	1.7733	0.0000	0.0228	0.0007	0.0000	0.0036	4.2441	0.0001	7.0442	0.0007	0.0001	1.0883	5.8512	0.0000	7.0455	
34	74	0.1550	2	1	1	1	0	0	0	0	0	N	N	N	N	N	N	N	N	N	N	N	N	0.0000	0.0000	0.0000	0.0000	0.0000	0.0000	0.0000	0.0000	0.0000	0.0000	0.0000	0.0000	0.0000	0.0000	0.0000	0.0000	0.0000	0.0000	0.0000	0.0000	3.0000	0.0000	5.0006	0.0000	0.0000	0.0000	0.0000	0.0000	0.0000	0.0000	0.0000	0.0000	0.0000	0.0000	0.0000	0.0000	0.0000	0.0000	0.0000	0.0000	0.0000	0.0000	0.0000	0.0000	0.0000	0.0000	0.0000	0.0000	0.0000	0.0000	0.0000	0.0000	0.0000	0.0000	0.0000	0.0000	0.0000	0.0000	0.0000	0.0000	0.0000	0.0000	0.0000	0.0000	0.0000	0.0000	0.0000	0.0000	0.0000	0.0000	0.0000	0.0000	0.0000	0.0000	0.0000	0.0000	0.0000	0.0000											
34	76	0.1636	4	2	1	1	1	0	0	0	0	Y	N	N	N	N	N	N	N	N	N	N	N	0.0000	0.0000	0.0000	0.0000	0.0000	0.0000	0.0000	0.0000	0.0000	0.0000	0.0000	0.0000	0.0000	0.0000	0.0000	0.0000	0.0000	0.0000	0.0000	0.0000	3.0000	0.0000	5.0006	0.0000	0.0000	0.0000	0.0000	0.0000	0.0000	0.0000	0.0000	0.0000	0.0000	0.0000	0.0000	0.0000	0.0000	0.0000	0.0000	0.0000	0.0000	0.0000	0.0000	0.0000	0.0000	0.0000	0.0000	0.0000	0.0000	0.0000	0.0000	0.0000	0.0000	0.0000	0.0000	0.0000	0.0000	0.0000	0.0000	0.0000	0.0000	0.0000	0.0000	0.0000	0.0000	0.0000	0.0000	0.0000	0.0000	0.0000	0.0000	0.0000	0.0000	0.0000	0.0000	0.0000	0.0000	0.0000											
34	77	0.1553	3	2	1	1	1	0	0	0	0	Y	N	N	N	N	N	N	N	N	N	N	N	145.0427	inf	0.0000	inf	inf	0.0000	0.0000	0.1035	0.1218	0.0000	1.2474	1.3956	0.0000	0.0000	0.0000	0.0000	0.0007	0.0000	0.0011	0.0000	0.0000	0.0000	0.0009	0.0000	0.0011	0.0000	inf	-0.0035	0.0000	3.0000	1.0073	5.0006	0.3366	0.0091	0.0091	0.0000	0.0091	0.0091	0.0000	0.0000	0.0000	0.0000	0.0000	0.0000	0.0000	0.0000	0.0000	0.0000	0.0000	0.0000	0.0000	0.0877	0.0745	0.0132	0.0073	0.0065	0.0008	0.0804	0.0680	0.0124	0.0560	0.0205	0.0355	0.0069	0.0067	0.0002	0.0491	0.0138	0.0353	145.0427	inf	0.0000	inf	inf	0.0000	0.0000	0.0000	0.0000	0.0007	0.0000	0.0011	0.0000	0.0000	0.0000	0.0008	0.0000	0.0011		
34	78	0.1811	3	1	1	1	1	0	0	0	0	N	N	N	N	N	N	N	N	N	N	N	N	0.0000	0.0000	0.0000	0.0000	0.0000	0.0000	0.0000	0.0000	0.0000	0.0000	0.0000	0.0000	0.0000	0.0000	0.0000	0.0000	0.0000	0.0000	0.0000	0.0000	3.0000	0.0000	5.0006	0.0000	0.0000	0.0000	0.0000	0.0000	0.0000	0.0000	0.0000	0.0000	0.0000	0.0000	0.0000	0.0000	0.0000	0.0000	0.0000	0.0000	0.0000	0.0000	0.0000	0.0000	0.0000	0.0000	0.0000	0.0000	0.0000	0.0000	0.0000	0.0000	0.0000	0.0000	0.0000	0.0000	0.0000	0.0000	0.0000	0.0000	0.0000	0.0000	0.0000	0.0000	0.0000	0.0000	0.0000	0.0000	0.0000	0.0000	0.0000	0.0000	0.0000	0.0000	0.0000	0.0000	0.0000	0.0000											
34	79	0.1728	2	1	1	1	1	0	0	0	0	N	N	N	N	N	N	N	N	N	N	N	N	0.0000	0.0000	0.0000	0.0000	0.0000	0.0000	0.0000	0.0000	0.0000	0.0000	0.0000	0.0000	0.0000	0.0000	0.0000	0.0000	0.0000	0.0000	0.0000	0.0000	3.0000	0.0000	5.0006	1.0000	0.0000	0.0000	0.0000	0.0000	0.0000	0.0000	0.0000	0.0000	0.0000	0.0000	0.0000	0.0000	0.0000	0.0000	0.0000	0.0000	0.0000	0.0000	0.0000	0.0000	0.0000	0.0000	0.0000	0.0000	0.0000	0.0000	0.0000	0.0534	0.0165	0.0369	0.0182	0.0062	0.0119	0.0352	0.0103	0.0249	0.0000	0.0000	0.0000	0.0000	0.0000	0.0000	0.0000	0.0000	0.0000	0.0000	0.0000	0.0000	0.0000	0.0000	0.0000	0.0000	0.0000	0.0000											
34	80	0.1553	3	1	1	1	0	0	0	0	0	N	N	N	N	N	N	N	N	N	N	N	N	10959.8165	0.0000	60764.7687	0.0000	0.0000	13530.9289	64315.3997	3.0815	0.0000	21.2569	0.0000	0.0000	0.0000	3.3629	0.0000	22.6621	0.0003	0.0002	0.0003	0.0006	0.0006	0.0000	0.0002	0.0000	0.0004	inf	4.0000	0.6090	0.0000	3.0000	3.9927	5.0006	1.0002	0.9909	0.0000	0.9909	0.0000	0.0000	0.0000	0.9909	0.0000	0.9909	0.0001	0.0000	0.0000	0.0000	0.0000	0.0000	0.0000	0.0000	0.0000	0.3216	0.2750	0.0466	0.0269	0.0240	0.0029	0.2947	0.2509	0.0437	0.1778	0.0635	0.1143	0.0169	0.0161	0.0008	0.1609	0.0474	0.1135	10959.8165	0.0000	60764.7687	0.0000	0.0000	0.0000	13530.9289	0.0000	64315.3997	0.0003	0.0002	0.0003	0.0006	0.0006	0.0000	0.0002	0.0000	0.0004		
34	81	0.1506	2	1	1	1	0	0	0	0	0	N	N	N	N	N	N	N	N	N	N	N	N	4778.9830	0.0000	inf	0.0000	0.0000	23745.6866	0.0000	inf	9.3064	0.0000	61.1814	0.0000	0.0000	0.0000	10.1228	0.0000	64.9330	0.0019	0.0055	0.0000	0.0180	0.0190	0.0000	0.0004	0.0561	0.0000	inf	0.0000	0.0056	-0.0000	3.0000	0.0110	5.0006	0.6549	0.0091	0.0000	0.0091	0.0000	0.0000	0.0000	0.0091	0.0000	0.0091	0.0001	0.0001	0.0000	0.0000	0.0000	0.0000	0.0000	0.0000	0.0000	0.0010	0.0008	0.0001	0.0001	0.0001	0.0000	0.0009	0.0008	0.0001	0.0257	0.0090	0.0166	0.0022	0.0021	0.0001	0.0235	0.0069	0.0165	4778.9830	0.0000	inf	0.0000	0.0000	0.0000	23745.6866	0.0000	inf	0.0019	0.0055	0.0000	0.0180	0.0190	0.0000	0.0004	0.0014	0.0000	
34	82	0.1728	2	1	0	2	1	0	0	0	0	N	N	Y	N	N	N	N	N	N	N	N	N	0.0000	0.0000	0.0000	0.0000	0.0000	0.0000	0.0000	0.0000	0.0000	0.0000	0.0000	0.0000	0.0000	0.0000	0.0000	0.0000	0.0000	0.0000	0.0000	0.0000	3.0000	1.0000	5.0006	0.0000	0.0000	0.0000	0.0000	0.0000	0.0000	0.0000	0.0000	0.0000	0.0000	0.0000	0.0000	0.0000	0.0000	0.0000	0.0000	0.0000	0.0000	0.0000	0.0868	0.0736	0.0132	0.0028	0.0024	0.0004	0.0839	0.0712	0.0127	0.0534	0.0165	0.0369	0.0182	0.0062	0.0119	0.0352	0.0103	0.0249	0.0000	0.0000	0.0000	0.0000	0.0000	0.0000	0.0000	0.0000	0.0000	0.0000	0.0000	0.0000	0.0000	0.0000	0.0000	0.0000	0.0000	0.0000											
34	83	0.1728	2	1	0	2	1	0	0	0	0	N	N	Y	N	N	N	N	N	N	N	N	N	0.0000	0.0000	0.0000	0.0000	0.0000	0.0000	0.0000	0.0000	0.0000	0.0000	0.0000	0.0000	0.0000	0.0000	0.0000	0.0000	0.0000	0.0000	0.0000	0.0000	3.0000	0.0000	5.0006	0.0000	0.0000	0.0000	0.0000	0.0000	0.0000	0.0000	0.0000	0.0000	0.0000	0.0000	0.0000	0.0000	0.0000	0.0000	0.0000	0.0000	0.0000	0.0000	0.0000	0.0000	0.0000	0.0000	0.0000	0.0000	0.0000	0.0000	0.0000	0.0000	0.0000	0.0000	0.0000	0.0000	0.0000	0.0000	0.0000	0.0000	0.0000	0.0000	0.0000	0.0000	0.0000	0.0000	0.0000	0.0000	0.0000	0.0000	0.0000	0.0000	0.0000	0.0000	0.0000	0.0000	0.0000	0.0000											
34	85	0.2338	2	2	1	1	0	0	0	0	0	Y	N	N	N	N	N	N	N	N	N	N	N	0.0000	0.0000	0.0000	0.0000	0.0000	0.0000	0.0000	0.0000	0.0000	0.0000	0.0000	0.0000	0.0000	0.0000	0.0000	0.0000	0.0000	0.0000	0.0000	0.0000	3.0000	0.0000	5.0006	0.0000	0.0000	0.0000	0.0000	0.0000	0.0000	0.0000	0.0000	0.0000	0.0000	0.0000	0.0000	0.0000	0.0000	0.0000	0.0000	0.0000	0.0000	0.0000	0.0000	0.0000	0.0000	0.0000	0.0000	0.0000	0.0000	0.0000	0.0000	0.0000	0.0000	0.0000	0.0000	0.0000	0.0000	0.0000	0.0000	0.0000	0.0000	0.0000	0.0000	0.0000	0.0000	0.0000	0.0000	0.0000	0.0000	0.0000	0.0000	0.0000	0.0000	0.0000	0.0000	0.0000	0.0000	0.0000											
34	88	0.1506	2	2	1	1	0	0	0	0	0	Y	N	N	N	N	N	N	N	N	N	N	N	0.0000	0.0000	0.0000	0.0000	0.0000	0.0000	0.0000	0.0000	0.0000	0.0000	0.0000	0.0000	0.0000	0.0000	0.0000	0.0000	0.0000	0.0000	0.0000	0.0000	3.0000	0.0000	5.0006	0.0000	0.0000	0.0000	0.0000	0.0000	0.0000	0.0000	0.0000	0.0000	0.0000	0.0000	0.0000	0.0000	0.0000	0.0000	0.0000	0.0000	0.0000	0.0000	0.0000	0.0000	0.0000	0.0000	0.0000	0.0000	0.0000	0.0000	0.0000	0.0000	0.0000	0.0000	0.0000	0.0000	0.0000	0.0000	0.0000	0.0000	0.0000	0.0000	0.0000	0.0000	0.0000	0.0000	0.0000	0.0000	0.0000	0.0000	0.0000	0.0000	0.0000	0.0000	0.0000	0.0000	0.0000	0.0000											
34	91	0.2418	3	1	0	1	0	0	0	0	0	N	N	N	N	N	N	N	N	N	N	N	N	0.0017	0.0002	0.0000	0.0016	0.0015	0.0000	0.0000	0.0000	0.0003	0.0003	0.0000	0.0022	0.0023	0.0000	0.0000	0.0000	0.0000	0.1651	1.7317	0.0001	1.3942	1.5149	0.0192	0.0000	0.0000	0.0000	0.0000	0.0006	-0.0001	-0.0830	3.0000	11.5137	5.0006	4.9035	0.0003	0.0003	0.0000	0.0003	0.0003	0.0000	0.0000	0.0000	0.0000	0.1236	0.1235	0.0001	0.1236	0.1235	0.0001	0.0000	0.0000	0.0000	0.9416	0.8112	0.1304	0.1196	0.1135	0.0061	0.8221	0.6977	0.1244	0.7486	0.2256	0.5230	0.0887	0.0847	0.0039	0.6600	0.1409	0.5191	0.0017	0.0006	0.0000	0.0016	0.0016	0.0000	0.0000	0.0000	0.0000	0.1651	0.5475	0.0001	1.3942	1.4577	0.0192	0.0000	0.0000	0.0000	
35	38	0.0794	3	0	1	1	1	0	0	0	0	N	N	N	N	N	N	N	N	N	N	N	N	0.0086	0.0458	0.0068	0.0546	0.0001	0.0000	0.0007	0.0000	0.0000	0.0000	0.0001	0.0000	0.0009	0.0119	0.0000	0.0156	0.0000	0.0000	0.0000	0.0194	0.0000	0.0156	inf	inf	0.0000	0.0001	3.0000	1.0023	2.0006	0.0007	0.0000	0.0000	0.0000	0.0000	0.0000	0.0000	0.0000	0.0000	0.0000	0.0004	0.0000	0.0004	0.0000	0.0000	0.0000	0.0004	0.0000	0.0004	0.0978	0.0838	0.0140	0.0221	0.0198	0.0023	0.0757	0.0640	0.0117	0.0368	0.0086	0.0282	0.0015	0.0014	0.0001	0.0354	0.0072	0.0282	0.0086	0.0000	0.0458	0.0000	0.0000	0.0000	0.0106	0.0000	0.0546	0.0119	0.0000	0.0156	0.0000	0.0000	0.0000	0.0124	0.0000	0.0156					
35	39	0.0794	2	0	1	0	1	0	0	0	0	N	N	N	N	N	N	N	N	N	N	N	N	0.0013	0.0003	0.0457	0.0004	0.0003	0.0021	0.0539	0.0019	0.0010	0.0186	0.0024	0.0024	0.0000	0.0016	0.0000	0.0220	1.4463	3.1801	0.4071	6.3605	7.1510	0.0000	0.7855	0.0000	0.4083	1.0000	1.0000	0.0000	-0.0002	3.0000	0.0347	2.0006	0.0013	0.0000	0.0000	0.0000	0.0000	0.0000	0.0000	0.0000	0.0000	0.0000	0.0009	0.0004	0.0004	0.0004	0.0004	0.0000	0.0004	0.0000	0.0004	0.0104	0.0099	0.0005	0.0043	0.0042	0.0001	0.0062	0.0057	0.0005	0.0015	0.0004	0.0011	0.0001	0.0001	0.0000	0.0014	0.0003	0.0011	0.0032	0.0009	0.0457	0.0006	0.0006	0.0000	0.0050	0.0000	0.0539	0.5991	1.1341	0.4071	4.1281	4.2584	0.0000	0.3230	0.0000	0.4083		
35	41	0.1194	3	0	2	0	1	0	0	0	0	N	Y	N	N	N	N	N	N	N	N	N	N	0.0000	0.0000	0.0000	0.0000	0.0000	0.0000	0.0000	0.0000	0.0000	0.0000	0.0000	0.0000	0.0000	0.0000	0.0000	0.0008	0.0000	0.0010	0.0000	0.0000	0.0001	0.0011	0.0000	0.0010	inf	0.0000	0.0000	3.0000	1.0144	2.0006	1.0128	0.0000	0.0000	0.0000	0.0000	0.0000	0.0000	0.0000	0.0000	0.0000	0.0001	0.0000	0.0001	0.0000	0.0000	0.0000	0.0001	0.0000	0.0001	0.1058	0.0927	0.0130	0.0285	0.0261	0.0024	0.0773	0.0666	0.0107	0.0849	0.0173	0.0677	0.0035	0.0033	0.0002	0.0814	0.0140	0.0674	0.0000	0.0000	0.0000	0.0000	0.0000	0.0000	0.0000	0.0000	0.0000	0.0008	0.0000	0.0010	0.0000	0.0000	0.0001	0.0009	0.0000	0.0010				
35	44	0.2039	2	1	2	0	1	0	0	0	0	N	Y	N	N	N	N	N	N	N	N	N	N	0.0000	0.0000	0.0000	0.0000	0.0000	0.0000	0.0000	0.0000	0.0000	0.0000	0.0000	0.0000	0.0000	0.0000	0.0000	0.0000	0.0000	0.0000	0.0000	0.0000	3.0000	2.0000	2.0006	1.0000	0.0000	0.0000	0.0000	0.0000	0.0000	0.0000	0.0000	0.0000	0.0000	0.0000	0.0000	0.0000	0.0000	0.0000	0.0000	0.0000	0.0000	0.0000	0.1689	0.1436	0.0252	0.0076	0.0066	0.0010	0.1612	0.1370	0.0242	0.0932	0.0282	0.0650	0.0130	0.0075	0.0056	0.0802	0.0208	0.0594	0.0000	0.0000	0.0000	0.0000	0.0000	0.0000	0.0000	0.0000	0.0000	0.0000	0.0000	0.0000	0.0000	0.0000	0.0000	0.0000	0.0000	0.0000											
35	45	0.1315	3	0	2	0	2	0	0	0	0	N	Y	N	Y	N	N	N	N	N	N	N	N	0.0000	0.0000	0.0000	0.0000	0.0000	0.0000	0.0000	0.0000	0.0000	0.0000	0.0000	0.0000	0.0000	0.0000	0.0000	0.0000	0.0000	0.0000	0.0000	0.0000	3.0000	1.0000	2.0006	0.0000	0.0000	0.0000	0.0000	0.0000	0.0000	0.0000	0.0000	0.0000	0.0000	0.0000	0.0000	0.0000	0.0000	0.0000	0.0000	0.0000	0.0000	0.0000	0.0954	0.0809	0.0144	0.0133	0.0113	0.0020	0.0821	0.0696	0.0125	0.0435	0.0084	0.0351	0.0020	0.0014	0.0006	0.0415	0.0070	0.0345	0.0000	0.0000	0.0000	0.0000	0.0000	0.0000	0.0000	0.0000	0.0000	0.0000	0.0000	0.0000	0.0000	0.0000	0.0000	0.0000	0.0000	0.0000											
35	46	0.1315	3	0	1	0	2	0	0	0	0	N	N	N	Y	N	N	N	N	N	N	N	N	0.0000	0.0000	0.0000	0.0000	0.0000	0.0000	0.0000	0.0000	0.0000	0.0000	0.0000	0.0000	0.0000	0.0000	0.0000	0.0000	0.0000	0.0000	0.0000	0.0000	3.0000	0.0000	2.0006	0.0000	0.0000	0.0000	0.0000	0.0000	0.0000	0.0000	0.0000	0.0000	0.0000	0.0000	0.0000	0.0000	0.0000	0.0000	0.0000	0.0000	0.0000	0.0000	0.0000	0.0000	0.0000	0.0000	0.0000	0.0000	0.0000	0.0000	0.0000	0.0000	0.0000	0.0000	0.0000	0.0000	0.0000	0.0000	0.0000	0.0000	0.0000	0.0000	0.0000	0.0000	0.0000	0.0000	0.0000	0.0000	0.0000	0.0000	0.0000	0.0000	0.0000	0.0000	0.0000	0.0000	0.0000	0.0000											
35	47	0.0985	2	0	1	0	2	0	0	0	0	N	N	N	Y	N	N	N	N	N	N	N	N	0.0005	0.0000	42.5618	0.0000	0.0000	0.7847	0.0008	0.0000	85.4578	0.0023	0.0000	0.0150	0.0004	0.0000	0.0027	0.0025	0.0000	0.0168	4.7616	9.9027	0.0004	12.0092	70.5283	0.0034	2.9659	9.4042	0.0002	inf	0.0001	0.0003	-0.5510	3.0000	2.0873	2.0006	1.9360	0.0004	0.0000	0.0004	0.0000	0.0000	0.0000	0.0004	0.0000	0.0004	0.8198	0.8198	0.0001	0.4252	0.4252	0.0000	0.3946	0.3946	0.0000	0.1949	0.1656	0.0293	0.0242	0.0205	0.0037	0.1707	0.1451	0.0256	0.2304	0.0828	0.1476	0.0480	0.0408	0.0071	0.1824	0.0420	0.1404	0.0006	0.0000	42.5618	0.0000	0.0000	0.7847	0.0012	0.0000	85.4578	3.5588	9.9027	0.0004	8.8652	10.4149	0.0034	2.1634	9.4042	0.0002
35	51	0.1041	2	1	2	0	1	0	0	0	0	N	Y	N	N	N	N	N	N	N	N	N	N	45.3680	12.8518	0.0000	5.3400	5.5997	0.0000	0.0000	0.0000	0.0264	0.0315	0.0000	0.2129	0.2251	0.0000	0.0000	0.0000	0.0000	0.0006	0.0025	0.0000	0.0399	0.0402	0.0244	0.0000	0.0000	0.0000	0.0000	0.0134	-0.0010	-0.0001	3.0000	1.0314	2.0006	3.0033	0.0027	0.0027	0.0000	0.0027	0.0027	0.0000	0.0000	0.0000	0.0000	0.0001	0.0001	0.0000	0.0001	0.0001	0.0000	0.0000	0.0000	0.0000	0.1017	0.0851	0.0166	0.0126	0.0119	0.0007	0.0891	0.0732	0.0159	0.1396	0.0326	0.1069	0.0020	0.0020	0.0000	0.1375	0.0307	0.1069	45.3680	12.8518	0.0000	5.3400	5.5997	0.0000	0.0000	0.0000	0.0000	0.0006	0.0025	0.0000	0.0399	0.0402	0.0244	0.0000	0.0000	0.0000	
35	54	0.1194	3	0	1	1	1	0	0	0	0	N	N	N	N	N	N	N	N	N	N	N	N	0.0000	0.0000	0.0000	0.0000	0.0000	0.0000	0.0000	0.0000	0.0000	0.0000	0.0000	0.0000	0.0000	0.0000	0.0000	0.0016	0.0000	0.0020	0.0000	0.0000	0.0002	0.0033	0.0000	0.0020	inf	0.0000	0.0000	3.0000	0.0147	2.0006	0.9910	0.0000	0.0000	0.0000	0.0000	0.0000	0.0000	0.0000	0.0000	0.0000	0.0001	0.0000	0.0001	0.0000	0.0000	0.0000	0.0001	0.0000	0.0001	0.0060	0.0045	0.0015	0.0026	0.0026	0.0000	0.0034	0.0019	0.0015	0.0439	0.0089	0.0349	0.0019	0.0018	0.0001	0.0419	0.0071	0.0348	0.0000	0.0000	0.0000	0.0000	0.0000	0.0000	0.0000	0.0000	0.0000	0.0016	0.0000	0.0020	0.0000	0.0000	0.0002	0.0017	0.0000	0.0020				
35	55	0.1084	2	0	1	0	1	0	0	0	0	N	N	N	N	N	N	N	N	N	N	N	N	0.0849	0.0000	0.4343	0.0152	0.0000	0.0276	0.1027	0.4867	0.0038	0.0000	0.0241	0.0005	0.0000	0.0049	0.0047	0.0000	0.0268	0.0448	0.0041	0.0554	0.0303	0.0206	0.1765	0.0455	0.0000	0.0550	inf	52.5961	0.0002	0.0012	3.0000	0.9556	2.0006	1.0192	0.0004	0.0000	0.0004	0.0000	0.0000	0.0000	0.0004	0.0000	0.0004	0.0037	0.0001	0.0037	0.0001	0.0001	0.0000	0.0036	0.0000	0.0036	0.1051	0.0885	0.0166	0.0216	0.0196	0.0021	0.0835	0.0689	0.0146	0.0834	0.0172	0.0662	0.0036	0.0034	0.0002	0.0798	0.0138	0.0660	0.0849	0.0000	0.4343	0.0152	0.0000	0.0276	0.1027	0.0000	0.4867	0.0448	0.0041	0.0554	0.0303	0.0206	0.1765	0.0455	0.0000	0.0550	
35	58	0.2118	3	0	1	0	1	0	0	0	0	N	N	N	N	N	N	N	N	N	N	N	N	0.0552	0.0131	0.0000	0.0538	0.0547	0.0000	0.0000	0.0000	0.0011	0.0013	0.0000	0.0083	0.0087	0.0000	0.0000	0.0000	0.0000	0.0202	0.0989	0.0002	0.1544	0.1597	0.0291	0.0000	0.0000	0.0000	0.0000	0.0079	-0.0004	-0.0065	3.0000	10.2575	2.0006	3.8960	0.0010	0.0010	0.0000	0.0010	0.0010	0.0000	0.0000	0.0000	0.0000	0.0098	0.0097	0.0001	0.0098	0.0097	0.0001	0.0000	0.0000	0.0000	0.8772	0.7547	0.1225	0.1181	0.1122	0.0059	0.7591	0.6425	0.1166	0.4821	0.1463	0.3358	0.0632	0.0606	0.0026	0.4189	0.0857	0.3332	0.0552	0.0196	0.0000	0.0538	0.0547	0.0000	0.0000	0.0000	0.0000	0.0202	0.0662	0.0002	0.1544	0.1597	0.0291	0.0000	0.0000	0.0000	
35	59	0.1859	2	1	2	1	1	0	0	0	0	N	Y	N	N	N	N	N	N	N	N	N	N	0.0000	0.0000	0.0000	0.0000	0.0000	0.0000	0.0000	0.0000	0.0000	0.0000	0.0000	0.0000	0.0000	0.0000	0.0000	0.0000	0.0000	0.0000	0.0000	0.0000	3.0000	0.0000	2.0006	0.0000	0.0000	0.0000	0.0000	0.0000	0.0000	0.0000	0.0000	0.0000	0.0000	0.0000	0.0000	0.0000	0.0000	0.0000	0.0000	0.0000	0.0000	0.0000	0.0000	0.0000	0.0000	0.0000	0.0000	0.0000	0.0000	0.0000	0.0000	0.0000	0.0000	0.0000	0.0000	0.0000	0.0000	0.0000	0.0000	0.0000	0.0000	0.0000	0.0000	0.0000	0.0000	0.0000	0.0000	0.0000	0.0000	0.0000	0.0000	0.0000	0.0000	0.0000	0.0000	0.0000	0.0000	0.0000											
35	61	0.1487	2	1	1	1	1	0	0	0	0	N	N	N	N	N	N	N	N	N	N	N	N	0.0000	0.0000	0.0000	0.0000	0.0000	0.0000	0.0000	0.0000	0.0000	0.0000	0.0000	0.0000	0.0000	0.0000	0.0000	0.0000	0.0000	0.0000	0.0000	0.0000	3.0000	2.0000	2.0006	0.0000	0.0000	0.0000	0.0000	0.0000	0.0000	0.0000	0.0000	0.0000	0.0000	0.0000	0.0000	0.0000	0.0000	0.0000	0.0000	0.0000	0.0000	0.0000	0.1588	0.1311	0.0277	0.0126	0.0118	0.0009	0.1462	0.1194	0.0268	0.0564	0.0215	0.0349	0.0300	0.0144	0.0156	0.0264	0.0071	0.0193	0.0000	0.0000	0.0000	0.0000	0.0000	0.0000	0.0000	0.0000	0.0000	0.0000	0.0000	0.0000	0.0000	0.0000	0.0000	0.0000	0.0000	0.0000											
35	64	0.1729	4	0	1	1	1	0	0	0	0	N	N	N	N	N	N	N	N	N	N	N	N	0.0000	0.0000	0.0000	0.0000	0.0000	0.0000	0.0000	0.0000	0.0000	0.0000	0.0000	0.0000	0.0000	0.0000	0.0000	0.0000	0.0000	0.0000	0.0000	0.0000	3.0000	0.0000	2.0006	0.0000	0.0000	0.0000	0.0000	0.0000	0.0000	0.0000	0.0000	0.0000	0.0000	0.0000	0.0000	0.0000	0.0000	0.0000	0.0000	0.0000	0.0000	0.0000	0.0000	0.0000	0.0000	0.0000	0.0000	0.0000	0.0000	0.0000	0.0000	0.0000	0.0000	0.0000	0.0000	0.0000	0.0000	0.0000	0.0000	0.0000	0.0000	0.0000	0.0000	0.0000	0.0000	0.0000	0.0000	0.0000	0.0000	0.0000	0.0000	0.0000	0.0000	0.0000	0.0000	0.0000	0.0000	0.0000											
35	65	0.1486	3	0	1	1	1	0	0	0	0	N	N	N	N	N	N	N	N	N	N	N	N	0.0000	0.0000	0.0000	0.0000	0.0000	0.0000	0.0000	0.0000	0.0000	0.0000	0.0000	0.0000	0.0000	0.0000	0.0000	0.0000	0.0000	0.0000	0.0000	0.0000	3.0000	0.8734	2.0006	1.0002	0.0000	0.0000	0.0000	0.0000	0.0000	0.0000	0.0000	0.0000	0.0000	0.0000	0.0000	0.0000	0.0000	0.0000	0.0000	0.0000	0.0000	0.0000	0.0758	0.0624	0.0134	0.0030	0.0028	0.0002	0.0728	0.0596	0.0132	0.0788	0.0133	0.0655	0.0185	0.0038	0.0147	0.0602	0.0094	0.0508	0.0000	0.0000	0.0000	0.0000	0.0000	0.0000	0.0000	0.0000	0.0000	0.0000	0.0000	0.0000	0.0000	0.0000	0.0000	0.0000	0.0000	0.0000											
35	66	0.1341	2	0	1	0	1	0	0	0	0	N	N	N	N	N	N	N	N	N	N	N	N	0.0490	0.0149	0.3332	0.1604	0.0001	0.0001	0.0000	0.0025	0.0026	0.0000	0.0000	0.0000	0.0000	0.0023	0.0092	0.0000	0.0076	0.0164	0.0000	0.0000	0.0000	0.0000	0.0000	0.0000	-0.0000	-0.0001	3.0000	1.0063	2.0006	0.0727	0.0000	0.0000	0.0000	0.0000	0.0000	0.0000	0.0000	0.0000	0.0000	0.0001	0.0001	0.0000	0.0001	0.0001	0.0000	0.0000	0.0000	0.0000	0.0883	0.0728	0.0155	0.0040	0.0038	0.0002	0.0844	0.0690	0.0154	0.0583	0.0146	0.0437	0.0178	0.0082	0.0096	0.0404	0.0064	0.0341	0.0490	0.0149	0.0000	0.3332	0.1604	0.0000	0.0000	0.0000	0.0000	0.0023	0.0092	0.0000	0.0076	0.0164	0.0000	0.0000	0.0000	0.0000					
35	72	0.1229	2	0	2	0	1	0	0	0	0	N	Y	N	N	N	N	N	N	N	N	N	N	0.8073	0.4725	0.0000	2.6316	3.4053	0.0000	0.0000	0.0000	0.0001	0.0001	0.0000	0.0006	0.0006	0.0000	0.0000	0.0000	0.0000	0.0001	0.0001	0.0000	0.0002	0.0002	0.0848	0.0000	0.0000	0.0000	0.0000	0.2358	-0.0000	-0.0000	3.0000	4.7764	2.0006	1.3205	0.0000	0.0000	0.0000	0.0000	0.0000	0.0000	0.0000	0.0000	0.0000	0.0000	0.0000	0.0000	0.0000	0.0000	0.0000	0.0000	0.0000	0.0000	0.3928	0.3305	0.0624	0.0339	0.0323	0.0016	0.3590	0.2982	0.0607	0.1959	0.0781	0.1179	0.0549	0.0549	0.0000	0.1410	0.0232	0.1178	0.8073	0.4725	0.0000	2.6316	3.4053	0.0000	0.0000	0.0000	0.0000	0.0001	0.0001	0.0000	0.0002	0.0002	0.0848	0.0000	0.0000	0.0000	
35	74	0.1250	2	0	2	0	1	0	0	0	0	N	Y	N	N	N	N	N	N	N	N	N	N	0.0000	0.0000	0.0000	0.0000	0.0000	0.0000	0.0000	0.0000	0.0000	0.0000	0.0000	0.0000	0.0000	0.0000	0.0000	0.0000	0.0000	0.0000	0.0000	0.0000	3.0000	0.0000	2.0006	0.0000	0.0000	0.0000	0.0000	0.0000	0.0000	0.0000	0.0000	0.0000	0.0000	0.0000	0.0000	0.0000	0.0000	0.0000	0.0000	0.0000	0.0000	0.0000	0.0000	0.0000	0.0000	0.0000	0.0000	0.0000	0.0000	0.0000	0.0000	0.0000	0.0000	0.0000	0.0000	0.0000	0.0000	0.0000	0.0000	0.0000	0.0000	0.0000	0.0000	0.0000	0.0000	0.0000	0.0000	0.0000	0.0000	0.0000	0.0000	0.0000	0.0000	0.0000	0.0000	0.0000	0.0000	0.0000											
35	76	0.1337	4	1	2	0	2	0	0	0	0	N	Y	N	Y	N	N	N	N	N	N	N	N	0.0000	0.0000	0.0000	0.0000	0.0000	0.0000	0.0000	0.0000	0.0000	0.0000	0.0000	0.0000	0.0000	0.0000	0.0000	0.0000	0.0000	0.0000	0.0000	0.0000	3.0000	0.0000	2.0006	0.0000	0.0000	0.0000	0.0000	0.0000	0.0000	0.0000	0.0000	0.0000	0.0000	0.0000	0.0000	0.0000	0.0000	0.0000	0.0000	0.0000	0.0000	0.0000	0.0000	0.0000	0.0000	0.0000	0.0000	0.0000	0.0000	0.0000	0.0000	0.0000	0.0000	0.0000	0.0000	0.0000	0.0000	0.0000	0.0000	0.0000	0.0000	0.0000	0.0000	0.0000	0.0000	0.0000	0.0000	0.0000	0.0000	0.0000	0.0000	0.0000	0.0000	0.0000	0.0000	0.0000	0.0000	0.0000											
35	77	0.1254	3	1	2	0	2	0	0	0	0	N	Y	N	Y	N	N	N	N	N	N	N	N	0.0000	0.0000	0.0000	0.0000	0.0000	0.0000	0.0000	0.0000	0.0000	0.0000	0.0000	0.0000	0.0000	0.0000	0.0000	0.0000	0.0000	0.0000	0.0000	0.0000	3.0000	1.0073	2.0006	0.3366	0.0000	0.0000	0.0000	0.0000	0.0000	0.0000	0.0000	0.0000	0.0000	0.0000	0.0000	0.0000	0.0000	0.0000	0.0000	0.0000	0.0000	0.0000	0.0877	0.0745	0.0132	0.0073	0.0065	0.0008	0.0804	0.0680	0.0124	0.0375	0.0137	0.0238	0.0046	0.0045	0.0001	0.0329	0.0092	0.0237	0.0000	0.0000	0.0000	0.0000	0.0000	0.0000	0.0000	0.0000	0.0000	0.0000	0.0000	0.0000	0.0000	0.0000	0.0000	0.0000	0.0000	0.0000											
35	78	0.1511	3	0	2	0	2	0	0	0	0	N	Y	N	Y	N	N	N	N	N	N	N	N	0.0000	0.0000	0.0000	0.0000	0.0000	0.0000	0.0000	0.0000	0.0000	0.0000	0.0000	0.0000	0.0000	0.0000	0.0000	0.0000	0.0000	0.0000	0.0000	0.0000	3.0000	0.0000	2.0006	0.0000	0.0000	0.0000	0.0000	0.0000	0.0000	0.0000	0.0000	0.0000	0.0000	0.0000	0.0000	0.0000	0.0000	0.0000	0.0000	0.0000	0.0000	0.0000	0.0000	0.0000	0.0000	0.0000	0.0000	0.0000	0.0000	0.0000	0.0000	0.0000	0.0000	0.0000	0.0000	0.0000	0.0000	0.0000	0.0000	0.0000	0.0000	0.0000	0.0000	0.0000	0.0000	0.0000	0.0000	0.0000	0.0000	0.0000	0.0000	0.0000	0.0000	0.0000	0.0000	0.0000	0.0000	0.0000											
35	79	0.1429	2	0	2	0	2	0	0	0	0	N	Y	N	Y	N	N	N	N	N	N	N	N	0.0000	0.0000	0.0000	0.0000	0.0000	0.0000	0.0000	0.0000	0.0000	0.0000	0.0000	0.0000	0.0000	0.0000	0.0000	0.0000	0.0000	0.0000	0.0000	0.0000	3.0000	0.0000	2.0006	1.0000	0.0000	0.0000	0.0000	0.0000	0.0000	0.0000	0.0000	0.0000	0.0000	0.0000	0.0000	0.0000	0.0000	0.0000	0.0000	0.0000	0.0000	0.0000	0.0000	0.0000	0.0000	0.0000	0.0000	0.0000	0.0000	0.0000	0.0000	0.0363	0.0112	0.0252	0.0127	0.0043	0.0084	0.0237	0.0069	0.0168	0.0000	0.0000	0.0000	0.0000	0.0000	0.0000	0.0000	0.0000	0.0000	0.0000	0.0000	0.0000	0.0000	0.0000	0.0000	0.0000	0.0000	0.0000											
35	80	0.1254	3	0	2	0	1	0	0	0	0	N	Y	N	N	N	N	N	N	N	N	N	N	0.0000	0.0000	0.0000	0.0000	0.0000	0.0000	0.0000	0.0000	0.0000	0.0000	0.0000	0.0000	0.0000	0.0000	0.0000	0.0000	0.0000	0.0000	0.0000	0.0000	3.0000	3.9927	2.0006	1.0002	0.0000	0.0000	0.0000	0.0000	0.0000	0.0000	0.0000	0.0000	0.0000	0.0000	0.0000	0.0000	0.0000	0.0000	0.0000	0.0000	0.0000	0.0000	0.3216	0.2750	0.0466	0.0269	0.0240	0.0029	0.2947	0.2509	0.0437	0.1193	0.0425	0.0768	0.0115	0.0110	0.0005	0.1078	0.0315	0.0763	0.0000	0.0000	0.0000	0.0000	0.0000	0.0000	0.0000	0.0000	0.0000	0.0000	0.0000	0.0000	0.0000	0.0000	0.0000	0.0000	0.0000	0.0000											
35	81	0.1207	2	0	2	0	1	0	0	0	0	N	Y	N	N	N	N	N	N	N	N	N	N	0.0000	0.0000	0.0000	0.0000	0.0000	0.0000	0.0000	0.0000	0.0000	0.0000	0.0000	0.0000	0.0000	0.0000	0.0000	0.0000	0.0000	0.0000	0.0000	0.0000	3.0000	0.0110	2.0006	0.6549	0.0000	0.0000	0.0000	0.0000	0.0000	0.0000	0.0000	0.0000	0.0000	0.0000	0.0000	0.0000	0.0000	0.0000	0.0000	0.0000	0.0000	0.0000	0.0010	0.0008	0.0001	0.0001	0.0001	0.0000	0.0009	0.0008	0.0001	0.0173	0.0061	0.0112	0.0015	0.0015	0.0001	0.0158	0.0046	0.0111	0.0000	0.0000	0.0000	0.0000	0.0000	0.0000	0.0000	0.0000	0.0000	0.0000	0.0000	0.0000	0.0000	0.0000	0.0000	0.0000	0.0000	0.0000											
35	82	0.1429	2	0	1	1	2	0	0	0	0	N	N	N	Y	N	N	N	N	N	N	N	N	0.0000	0.0000	0.0000	0.0000	0.0000	0.0000	0.0000	0.0000	0.0000	0.0000	0.0000	0.0000	0.0000	0.0000	0.0000	0.0000	0.0000	0.0000	0.0000	0.0000	3.0000	1.0000	2.0006	0.0000	0.0000	0.0000	0.0000	0.0000	0.0000	0.0000	0.0000	0.0000	0.0000	0.0000	0.0000	0.0000	0.0000	0.0000	0.0000	0.0000	0.0000	0.0000	0.0868	0.0736	0.0132	0.0028	0.0024	0.0004	0.0839	0.0712	0.0127	0.0363	0.0112	0.0252	0.0127	0.0043	0.0084	0.0237	0.0069	0.0168	0.0000	0.0000	0.0000	0.0000	0.0000	0.0000	0.0000	0.0000	0.0000	0.0000	0.0000	0.0000	0.0000	0.0000	0.0000	0.0000	0.0000	0.0000											
35	83	0.1429	2	0	1	1	2	0	0	0	0	N	N	N	Y	N	N	N	N	N	N	N	N	0.0000	0.0000	0.0000	0.0000	0.0000	0.0000	0.0000	0.0000	0.0000	0.0000	0.0000	0.0000	0.0000	0.0000	0.0000	0.0000	0.0000	0.0000	0.0000	0.0000	3.0000	0.0000	2.0006	0.0000	0.0000	0.0000	0.0000	0.0000	0.0000	0.0000	0.0000	0.0000	0.0000	0.0000	0.0000	0.0000	0.0000	0.0000	0.0000	0.0000	0.0000	0.0000	0.0000	0.0000	0.0000	0.0000	0.0000	0.0000	0.0000	0.0000	0.0000	0.0000	0.0000	0.0000	0.0000	0.0000	0.0000	0.0000	0.0000	0.0000	0.0000	0.0000	0.0000	0.0000	0.0000	0.0000	0.0000	0.0000	0.0000	0.0000	0.0000	0.0000	0.0000	0.0000	0.0000	0.0000	0.0000	0.0000											
35	85	0.2039	2	1	2	0	1	0	0	0	0	N	Y	N	N	N	N	N	N	N	N	N	N	0.0000	0.0000	0.0000	0.0000	0.0000	0.0000	0.0000	0.0000	0.0000	0.0000	0.0000	0.0000	0.0000	0.0000	0.0000	0.0000	0.0000	0.0000	0.0000	0.0000	3.0000	0.0000	2.0006	0.0000	0.0000	0.0000	0.0000	0.0000	0.0000	0.0000	0.0000	0.0000	0.0000	0.0000	0.0000	0.0000	0.0000	0.0000	0.0000	0.0000	0.0000	0.0000	0.0000	0.0000	0.0000	0.0000	0.0000	0.0000	0.0000	0.0000	0.0000	0.0000	0.0000	0.0000	0.0000	0.0000	0.0000	0.0000	0.0000	0.0000	0.0000	0.0000	0.0000	0.0000	0.0000	0.0000	0.0000	0.0000	0.0000	0.0000	0.0000	0.0000	0.0000	0.0000	0.0000	0.0000	0.0000	0.0000											
35	88	0.1207	2	1	2	0	1	0	0	0	0	N	Y	N	N	N	N	N	N	N	N	N	N	0.0000	0.0000	0.0000	0.0000	0.0000	0.0000	0.0000	0.0000	0.0000	0.0000	0.0000	0.0000	0.0000	0.0000	0.0000	0.0000	0.0000	0.0000	0.0000	0.0000	3.0000	0.0000	2.0006	0.0000	0.0000	0.0000	0.0000	0.0000	0.0000	0.0000	0.0000	0.0000	0.0000	0.0000	0.0000	0.0000	0.0000	0.0000	0.0000	0.0000	0.0000	0.0000	0.0000	0.0000	0.0000	0.0000	0.0000	0.0000	0.0000	0.0000	0.0000	0.0000	0.0000	0.0000	0.0000	0.0000	0.0000	0.0000	0.0000	0.0000	0.0000	0.0000	0.0000	0.0000	0.0000	0.0000	0.0000	0.0000	0.0000	0.0000	0.0000	0.0000	0.0000	0.0000	0.0000	0.0000	0.0000	0.0000											
35	91	0.2118	3	0	1	0	1	0	0	0	0	N	N	N	N	N	N	N	N	N	N	N	N	0.0544	0.0135	0.0000	0.0509	0.0517	0.0000	0.0000	0.0000	0.0010	0.0012	0.0000	0.0082	0.0086	0.0000	0.0000	0.0000	0.0000	0.0191	0.0897	0.0002	0.1609	0.1671	0.0278	0.0000	0.0000	0.0000	0.0000	0.0079	-0.0004	-0.0065	3.0000	11.5137	2.0006	4.9035	0.0010	0.0010	0.0000	0.0010	0.0010	0.0000	0.0000	0.0000	0.0000	0.0098	0.0097	0.0001	0.0098	0.0097	0.0001	0.0000	0.0000	0.0000	0.9416	0.8112	0.1304	0.1196	0.1135	0.0061	0.8221	0.6977	0.1244	0.5096	0.1515	0.3581	0.0606	0.0579	0.0027	0.4490	0.0936	0.3554	0.0544	0.0189	0.0000	0.0509	0.0517	0.0000	0.0000	0.0000	0.0000	0.0191	0.0639	0.0002	0.1609	0.1671	0.0278	0.0000	0.0000	0.0000	
36	38	0.1610	3	1	0	2	0	0	0	0	0	N	N	Y	N	N	N	N	N	N	N	N	N	0.0000	0.0000	0.0000	0.0000	0.0000	0.0000	0.0000	0.0000	0.0000	0.0000	0.0000	0.0000	0.0000	0.0000	0.0000	0.0000	0.0000	0.0000	0.0000	0.0000	4.0000	1.0023	5.0006	0.0007	0.0000	0.0000	0.0000	0.0000	0.0000	0.0000	0.0000	0.0000	0.0000	0.0000	0.0000	0.0000	0.0000	0.0000	0.0000	0.0000	0.0000	0.0000	0.1270	0.1091	0.0180	0.0286	0.0257	0.0029	0.0984	0.0834	0.0150	0.0591	0.0142	0.0449	0.0024	0.0023	0.0002	0.0566	0.0119	0.0447	0.0000	0.0000	0.0000	0.0000	0.0000	0.0000	0.0000	0.0000	0.0000	0.0000	0.0000	0.0000	0.0000	0.0000	0.0000	0.0000	0.0000	0.0000											
36	39	0.1610	2	1	0	1	0	0	0	0	0	N	N	N	N	N	N	N	N	N	N	N	N	0.0000	0.0000	0.0000	0.0000	0.0000	0.0000	0.0000	0.0000	0.0000	0.0000	0.0000	0.0000	0.0000	0.0000	0.0000	0.0000	0.0000	0.0000	0.0000	0.0000	4.0000	0.0347	5.0006	0.0013	0.0000	0.0000	0.0000	0.0000	0.0000	0.0000	0.0000	0.0000	0.0000	0.0000	0.0000	0.0000	0.0000	0.0000	0.0000	0.0000	0.0000	0.0000	0.0136	0.0129	0.0007	0.0055	0.0054	0.0001	0.0080	0.0074	0.0006	0.0024	0.0006	0.0017	0.0002	0.0002	0.0000	0.0022	0.0005	0.0017	0.0000	0.0000	0.0000	0.0000	0.0000	0.0000	0.0000	0.0000	0.0000	0.0000	0.0000	0.0000	0.0000	0.0000	0.0000	0.0000	0.0000	0.0000											
36	41	0.2010	3	1	1	1	0	0	0	0	0	N	N	N	N	N	N	N	N	N	N	N	N	0.0000	0.0000	0.0000	0.0000	0.0000	0.0000	0.0000	0.0000	0.0000	0.0000	0.0000	0.0000	0.0000	0.0000	0.0000	0.0004	0.0021	0.0000	0.0102	0.0109	0.0001	0.0000	0.0000	0.0000	0.0005	0.0000	-0.0000	4.0000	1.0144	5.0006	1.0128	0.0000	0.0000	0.0000	0.0000	0.0000	0.0000	0.0000	0.0000	0.0000	0.0001	0.0001	0.0000	0.0001	0.0001	0.0000	0.0000	0.0000	0.0000	0.1374	0.1207	0.0168	0.0369	0.0339	0.0030	0.1005	0.0868	0.0137	0.1353	0.0286	0.1067	0.0059	0.0055	0.0004	0.1294	0.0231	0.1063	0.0000	0.0000	0.0000	0.0000	0.0000	0.0000	0.0000	0.0000	0.0000	0.0004	0.0021	0.0000	0.0102	0.0109	0.0001	0.0000	0.0000	0.0000				
36	44	0.2855	2	2	1	1	0	0	0	0	0	Y	N	N	N	N	N	N	N	N	N	N	N	0.0000	0.0000	0.0000	0.0000	0.0000	0.0000	0.0000	0.0000	0.0000	0.0000	0.0000	0.0000	0.0000	0.0000	0.0000	0.0000	0.0000	0.0000	0.0000	0.0000	4.0000	2.0000	5.0006	1.0000	0.0000	0.0000	0.0000	0.0000	0.0000	0.0000	0.0000	0.0000	0.0000	0.0000	0.0000	0.0000	0.0000	0.0000	0.0000	0.0000	0.0000	0.0000	0.2195	0.1871	0.0324	0.0099	0.0086	0.0013	0.2095	0.1784	0.0311	0.1509	0.0461	0.1048	0.0212	0.0118	0.0093	0.1297	0.0343	0.0954	0.0000	0.0000	0.0000	0.0000	0.0000	0.0000	0.0000	0.0000	0.0000	0.0000	0.0000	0.0000	0.0000	0.0000	0.0000	0.0000	0.0000	0.0000											
36	45	0.2131	3	1	1	1	1	0	0	0	0	N	N	N	N	N	N	N	N	N	N	N	N	0.0000	0.0000	0.0000	0.0000	0.0000	0.0000	0.0000	0.0000	0.0000	0.0000	0.0000	0.0000	0.0000	0.0000	0.0000	0.0000	0.0000	0.0000	0.0000	0.0000	4.0000	1.0000	5.0006	0.0000	0.0000	0.0000	0.0000	0.0000	0.0000	0.0000	0.0000	0.0000	0.0000	0.0000	0.0000	0.0000	0.0000	0.0000	0.0000	0.0000	0.0000	0.0000	0.1239	0.1054	0.0185	0.0172	0.0147	0.0025	0.1067	0.0907	0.0160	0.0692	0.0139	0.0553	0.0033	0.0023	0.0010	0.0659	0.0116	0.0543	0.0000	0.0000	0.0000	0.0000	0.0000	0.0000	0.0000	0.0000	0.0000	0.0000	0.0000	0.0000	0.0000	0.0000	0.0000	0.0000	0.0000	0.0000											
36	46	0.2131	3	1	0	1	1	0	0	0	0	N	N	N	N	N	N	N	N	N	N	N	N	0.0000	0.0000	0.0000	0.0000	0.0000	0.0000	0.0000	0.0000	0.0000	0.0000	0.0000	0.0000	0.0000	0.0000	0.0000	0.0000	0.0000	0.0000	0.0000	0.0000	4.0000	0.0000	5.0006	0.0000	0.0000	0.0000	0.0000	0.0000	0.0000	0.0000	0.0000	0.0000	0.0000	0.0000	0.0000	0.0000	0.0000	0.0000	0.0000	0.0000	0.0000	0.0000	0.0000	0.0000	0.0000	0.0000	0.0000	0.0000	0.0000	0.0000	0.0000	0.0000	0.0000	0.0000	0.0000	0.0000	0.0000	0.0000	0.0000	0.0000	0.0000	0.0000	0.0000	0.0000	0.0000	0.0000	0.0000	0.0000	0.0000	0.0000	0.0000	0.0000	0.0000	0.0000	0.0000	0.0000	0.0000	0.0000											
36	47	0.1801	2	1	0	1	1	0	0	0	0	N	N	N	N	N	N	N	N	N	N	N	N	0.0000	0.0000	0.0000	0.0000	0.0000	0.0000	0.0000	0.0000	0.0000	0.0000	0.0000	0.0000	0.0000	0.0000	0.0000	0.0000	0.0000	0.0046	0.0123	0.0002	0.0215	0.0249	0.0021	0.0001	0.0000	0.0001	0.0312	0.0000	-0.0011	4.0000	2.0873	5.0006	1.9360	0.0000	0.0000	0.0000	0.0000	0.0000	0.0000	0.0000	0.0000	0.0000	0.0017	0.0017	0.0001	0.0017	0.0017	0.0000	0.0000	0.0000	0.0000	0.2531	0.2156	0.0376	0.0312	0.0265	0.0047	0.2219	0.1891	0.0328	0.3705	0.1362	0.2343	0.0787	0.0670	0.0117	0.2918	0.0693	0.2225	0.0000	0.0000	0.0000	0.0000	0.0000	0.0000	0.0000	0.0000	0.0000	0.0046	0.0123	0.0002	0.0215	0.0249	0.0021	0.0001	0.0000	0.0001		
36	51	0.1857	2	2	1	1	0	0	0	0	0	Y	N	N	N	N	N	N	N	N	N	N	N	0.0000	0.0000	0.0000	0.0000	0.0000	0.0000	0.0000	0.0000	0.0000	0.0000	0.0000	0.0000	0.0000	0.0000	0.0000	0.0000	0.0000	0.0082	0.0341	0.0000	0.5462	0.5577	0.0147	0.0000	0.0000	0.0000	0.0006	0.0000	-0.0012	4.0000	1.0314	5.0006	3.0033	0.0000	0.0000	0.0000	0.0000	0.0000	0.0000	0.0000	0.0000	0.0000	0.0019	0.0019	0.0000	0.0019	0.0019	0.0000	0.0000	0.0000	0.0000	0.1321	0.1109	0.0213	0.0164	0.0155	0.0009	0.1157	0.0954	0.0204	0.2246	0.0542	0.1704	0.0034	0.0033	0.0001	0.2212	0.0509	0.1703	0.0000	0.0000	0.0000	0.0000	0.0000	0.0000	0.0000	0.0000	0.0000	0.0082	0.0341	0.0000	0.5462	0.5577	0.0147	0.0000	0.0000	0.0000		
36	54	0.2010	3	1	0	2	0	0	0	0	0	N	N	Y	N	N	N	N	N	N	N	N	N	0.0000	0.0000	0.0000	0.0000	0.0000	0.0000	0.0000	0.0000	0.0000	0.0000	0.0000	0.0000	0.0000	0.0000	0.0000	0.0009	0.0041	0.0000	0.0183	0.0195	0.0001	0.0000	0.0000	0.0000	0.0005	0.0000	-0.0000	4.0000	0.0147	5.0006	0.9910	0.0000	0.0000	0.0000	0.0000	0.0000	0.0000	0.0000	0.0000	0.0000	0.0001	0.0001	0.0000	0.0001	0.0001	0.0000	0.0000	0.0000	0.0000	0.0078	0.0059	0.0019	0.0034	0.0034	0.0000	0.0043	0.0025	0.0019	0.0699	0.0148	0.0551	0.0033	0.0031	0.0002	0.0666	0.0117	0.0549	0.0000	0.0000	0.0000	0.0000	0.0000	0.0000	0.0000	0.0000	0.0000	0.0009	0.0041	0.0000	0.0183	0.0195	0.0001	0.0000	0.0000	0.0000				
36	55	0.1900	2	1	0	1	0	0	0	0	0	N	N	N	N	N	N	N	N	N	N	N	N	0.0000	0.0000	0.0000	0.0000	0.0000	0.0000	0.0000	0.0000	0.0000	0.0000	0.0000	0.0000	0.0000	0.0000	0.0000	0.0000	0.0000	0.0017	0.0060	0.0006	0.0280	0.0299	0.0002	0.0005	0.0000	0.0006	0.3534	0.0000	-0.0001	4.0000	0.9556	5.0006	1.0192	0.0000	0.0000	0.0000	0.0000	0.0000	0.0000	0.0000	0.0000	0.0000	0.0002	0.0002	0.0001	0.0002	0.0002	0.0000	0.0001	0.0000	0.0001	0.1365	0.1152	0.0213	0.0281	0.0255	0.0026	0.1084	0.0898	0.0186	0.1329	0.0285	0.1043	0.0061	0.0057	0.0004	0.1268	0.0228	0.1039	0.0000	0.0000	0.0000	0.0000	0.0000	0.0000	0.0000	0.0000	0.0000	0.0017	0.0060	0.0006	0.0280	0.0299	0.0002	0.0005	0.0000	0.0006		
36	58	0.2935	3	1	0	1	0	0	0	0	0	N	N	N	N	N	N	N	N	N	N	N	N	0.0031	0.0003	0.0000	0.0030	0.0030	0.0000	0.0000	0.0000	0.0005	0.0006	0.0000	0.0038	0.0040	0.0000	0.0000	0.0000	0.0000	0.1674	1.7123	0.0001	1.2845	1.3377	0.0185	0.0000	0.0000	0.0000	0.0000	0.0006	-0.0002	-0.0870	4.0000	10.2575	5.0006	3.8960	0.0006	0.0006	0.0000	0.0006	0.0006	0.0000	0.0000	0.0000	0.0000	0.1295	0.1294	0.0001	0.1295	0.1294	0.0001	0.0000	0.0000	0.0000	1.1423	0.9847	0.1576	0.1550	0.1473	0.0077	0.9873	0.8374	0.1499	0.7737	0.2389	0.5348	0.1008	0.0968	0.0041	0.6728	0.1422	0.5307	0.0031	0.0011	0.0000	0.0030	0.0030	0.0000	0.0000	0.0000	0.0000	0.1674	0.5418	0.0001	1.2845	1.3377	0.0185	0.0000	0.0000	0.0000	
36	59	0.2675	2	2	1	2	0	0	0	0	0	Y	N	Y	N	N	N	N	N	N	N	N	N	0.0000	0.0000	0.0000	0.0000	0.0000	0.0000	0.0000	0.0000	0.0000	0.0000	0.0000	0.0000	0.0000	0.0000	0.0000	0.0000	0.0000	0.0000	0.0000	0.0000	4.0000	0.0000	5.0006	0.0000	0.0000	0.0000	0.0000	0.0000	0.0000	0.0000	0.0000	0.0000	0.0000	0.0000	0.0000	0.0000	0.0000	0.0000	0.0000	0.0000	0.0000	0.0000	0.0000	0.0000	0.0000	0.0000	0.0000	0.0000	0.0000	0.0000	0.0000	0.0000	0.0000	0.0000	0.0000	0.0000	0.0000	0.0000	0.0000	0.0000	0.0000	0.0000	0.0000	0.0000	0.0000	0.0000	0.0000	0.0000	0.0000	0.0000	0.0000	0.0000	0.0000	0.0000	0.0000	0.0000	0.0000	0.0000											
36	61	0.2304	2	2	0	2	0	0	0	0	0	Y	N	Y	N	N	N	N	N	N	N	N	N	0.0000	0.0000	0.0000	0.0000	0.0000	0.0000	0.0000	0.0000	0.0000	0.0000	0.0000	0.0000	0.0000	0.0000	0.0000	0.0000	0.0000	0.0000	0.0000	0.0000	4.0000	2.0000	5.0006	0.0000	0.0000	0.0000	0.0000	0.0000	0.0000	0.0000	0.0000	0.0000	0.0000	0.0000	0.0000	0.0000	0.0000	0.0000	0.0000	0.0000	0.0000	0.0000	0.2063	0.1709	0.0354	0.0164	0.0153	0.0011	0.1899	0.1556	0.0343	0.0906	0.0345	0.0560	0.0466	0.0225	0.0240	0.0440	0.0120	0.0320	0.0000	0.0000	0.0000	0.0000	0.0000	0.0000	0.0000	0.0000	0.0000	0.0000	0.0000	0.0000	0.0000	0.0000	0.0000	0.0000	0.0000	0.0000											
36	64	0.2546	4	1	0	2	0	0	0	0	0	N	N	Y	N	N	N	N	N	N	N	N	N	0.0000	0.0000	0.0000	0.0000	0.0000	0.0000	0.0000	0.0000	0.0000	0.0000	0.0000	0.0000	0.0000	0.0000	0.0000	0.0000	0.0000	0.0000	0.0000	0.0000	4.0000	0.0000	5.0006	0.0000	0.0000	0.0000	0.0000	0.0000	0.0000	0.0000	0.0000	0.0000	0.0000	0.0000	0.0000	0.0000	0.0000	0.0000	0.0000	0.0000	0.0000	0.0000	0.0000	0.0000	0.0000	0.0000	0.0000	0.0000	0.0000	0.0000	0.0000	0.0000	0.0000	0.0000	0.0000	0.0000	0.0000	0.0000	0.0000	0.0000	0.0000	0.0000	0.0000	0.0000	0.0000	0.0000	0.0000	0.0000	0.0000	0.0000	0.0000	0.0000	0.0000	0.0000	0.0000	0.0000	0.0000	0.0000											
36	65	0.2303	3	1	0	2	0	0	0	0	0	N	N	Y	N	N	N	N	N	N	N	N	N	0.0000	0.0000	0.0000	0.0000	0.0000	0.0000	0.0000	0.0000	0.0000	0.0000	0.0000	0.0000	0.0000	0.0000	0.0000	0.0000	0.0000	0.0000	0.0000	0.0000	4.0000	0.8734	5.0006	1.0002	0.0000	0.0000	0.0000	0.0000	0.0000	0.0000	0.0000	0.0000	0.0000	0.0000	0.0000	0.0000	0.0000	0.0000	0.0000	0.0000	0.0000	0.0000	0.0985	0.0814	0.0171	0.0039	0.0037	0.0002	0.0945	0.0777	0.0169	0.1250	0.0218	0.1032	0.0287	0.0060	0.0227	0.0963	0.0158	0.0805	0.0000	0.0000	0.0000	0.0000	0.0000	0.0000	0.0000	0.0000	0.0000	0.0000	0.0000	0.0000	0.0000	0.0000	0.0000	0.0000	0.0000	0.0000											
36	66	0.2157	2	1	0	1	0	0	0	0	0	N	N	N	N	N	N	N	N	N	N	N	N	0.0126	0.0031	0.1835	0.0647	inf	inf	0.0078	0.0094	0.0000	0.1693	0.1773	0.0000	0.0001	0.0001	0.0000	0.6166	2.9948	0.0000	0.9227	2.7417	0.0000	0.0000	0.0000	0.0000	0.0000	0.0000	-0.0003	-0.0174	4.0000	1.0063	5.0006	0.0727	0.0009	0.0009	0.0000	0.0009	0.0009	0.0000	0.0000	0.0000	0.0000	0.0258	0.0258	0.0000	0.0258	0.0258	0.0000	0.0000	0.0000	0.0000	0.1148	0.0949	0.0199	0.0052	0.0050	0.0002	0.1096	0.0899	0.0196	0.0928	0.0238	0.0690	0.0280	0.0131	0.0149	0.0648	0.0106	0.0542	0.0279	0.0086	0.0000	0.1835	0.0902	0.0000	inf	inf	0.0000	0.2783	1.0860	0.0000	0.9227	1.9649	0.0000	0.0000	0.0000	0.0000			
36	72	0.2045	2	1	1	1	0	0	0	0	0	N	N	N	N	N	N	N	N	N	N	N	N	0.0018	0.0000	0.0122	0.1386	0.0000	0.3416	0.0015	0.0122	0.0031	0.0000	0.0195	0.0009	0.0000	0.0189	0.0033	0.0000	0.0195	1.6771	0.0044	1.5980	0.0065	0.0065	0.0552	2.2162	0.0000	1.5983	inf	546.9497	0.0010	0.0983	4.0000	4.7764	5.0006	1.3205	0.0016	0.0000	0.0016	0.0000	0.0000	0.0000	0.0015	0.0000	0.0015	0.3014	0.0005	0.3008	0.0006	0.0005	0.0000	0.3008	0.0000	0.3008	0.5113	0.4313	0.0800	0.0445	0.0424	0.0021	0.4668	0.3889	0.0779	0.3123	0.1240	0.1882	0.0852	0.0851	0.0000	0.2271	0.0389	0.1882	0.0032	0.0000	0.0122	0.1386	0.0000	0.3416	0.0025	0.0000	0.0122	0.9651	0.0044	1.5980	0.0065	0.0065	0.0552	1.3246	0.0000	1.5983	
36	74	0.2067	2	1	1	1	0	0	0	0	0	N	N	N	N	N	N	N	N	N	N	N	N	0.0000	0.0000	0.0000	0.0000	0.0000	0.0000	0.0000	0.0000	0.0000	0.0000	0.0000	0.0000	0.0000	0.0000	0.0000	0.0000	0.0000	0.0000	0.0000	0.0000	4.0000	0.0000	5.0006	0.0000	0.0000	0.0000	0.0000	0.0000	0.0000	0.0000	0.0000	0.0000	0.0000	0.0000	0.0000	0.0000	0.0000	0.0000	0.0000	0.0000	0.0000	0.0000	0.0000	0.0000	0.0000	0.0000	0.0000	0.0000	0.0000	0.0000	0.0000	0.0000	0.0000	0.0000	0.0000	0.0000	0.0000	0.0000	0.0000	0.0000	0.0000	0.0000	0.0000	0.0000	0.0000	0.0000	0.0000	0.0000	0.0000	0.0000	0.0000	0.0000	0.0000	0.0000	0.0000	0.0000	0.0000	0.0000											
36	76	0.2153	4	2	1	1	1	0	0	0	0	Y	N	N	N	N	N	N	N	N	N	N	N	0.0000	0.0000	0.0000	0.0000	0.0000	0.0000	0.0000	0.0000	0.0000	0.0000	0.0000	0.0000	0.0000	0.0000	0.0000	0.0000	0.0000	0.0000	0.0000	0.0000	4.0000	0.0000	5.0006	0.0000	0.0000	0.0000	0.0000	0.0000	0.0000	0.0000	0.0000	0.0000	0.0000	0.0000	0.0000	0.0000	0.0000	0.0000	0.0000	0.0000	0.0000	0.0000	0.0000	0.0000	0.0000	0.0000	0.0000	0.0000	0.0000	0.0000	0.0000	0.0000	0.0000	0.0000	0.0000	0.0000	0.0000	0.0000	0.0000	0.0000	0.0000	0.0000	0.0000	0.0000	0.0000	0.0000	0.0000	0.0000	0.0000	0.0000	0.0000	0.0000	0.0000	0.0000	0.0000	0.0000	0.0000	0.0000											
36	77	0.2070	3	2	1	1	1	0	0	0	0	Y	N	N	N	N	N	N	N	N	N	N	N	0.0000	0.0000	0.0000	0.0000	0.0000	0.0000	0.0000	0.0000	0.0000	0.0000	0.0000	0.0000	0.0000	0.0000	0.0000	0.0000	0.0016	0.0027	0.0010	0.0079	0.0081	0.0000	0.0007	0.0000	0.0010	0.6667	0.0000	-0.0000	4.0000	1.0073	5.0006	0.3366	0.0000	0.0000	0.0000	0.0000	0.0000	0.0000	0.0000	0.0000	0.0000	0.0001	0.0001	0.0000	0.0001	0.0001	0.0000	0.0000	0.0000	0.0000	0.1140	0.0971	0.0169	0.0095	0.0085	0.0010	0.1045	0.0886	0.0159	0.0617	0.0226	0.0391	0.0076	0.0074	0.0003	0.0540	0.0152	0.0388	0.0000	0.0000	0.0000	0.0000	0.0000	0.0000	0.0000	0.0000	0.0000	0.0016	0.0027	0.0010	0.0079	0.0081	0.0000	0.0007	0.0000	0.0010			
36	78	0.2328	3	1	1	1	1	0	0	0	0	N	N	N	N	N	N	N	N	N	N	N	N	0.0000	0.0000	0.0000	0.0000	0.0000	0.0000	0.0000	0.0000	0.0000	0.0000	0.0000	0.0000	0.0000	0.0000	0.0000	0.0000	0.0000	0.0000	0.0000	0.0000	4.0000	0.0000	5.0006	0.0000	0.0000	0.0000	0.0000	0.0000	0.0000	0.0000	0.0000	0.0000	0.0000	0.0000	0.0000	0.0000	0.0000	0.0000	0.0000	0.0000	0.0000	0.0000	0.0000	0.0000	0.0000	0.0000	0.0000	0.0000	0.0000	0.0000	0.0000	0.0000	0.0000	0.0000	0.0000	0.0000	0.0000	0.0000	0.0000	0.0000	0.0000	0.0000	0.0000	0.0000	0.0000	0.0000	0.0000	0.0000	0.0000	0.0000	0.0000	0.0000	0.0000	0.0000	0.0000	0.0000	0.0000	0.0000											
36	79	0.2245	2	1	1	1	1	0	0	0	0	N	N	N	N	N	N	N	N	N	N	N	N	0.0000	0.0000	0.0000	0.0000	0.0000	0.0000	0.0000	0.0000	0.0000	0.0000	0.0000	0.0000	0.0000	0.0000	0.0000	0.0000	0.0000	0.0000	0.0000	0.0000	4.0000	0.0000	5.0006	1.0000	0.0000	0.0000	0.0000	0.0000	0.0000	0.0000	0.0000	0.0000	0.0000	0.0000	0.0000	0.0000	0.0000	0.0000	0.0000	0.0000	0.0000	0.0000	0.0000	0.0000	0.0000	0.0000	0.0000	0.0000	0.0000	0.0000	0.0000	0.0584	0.0181	0.0403	0.0197	0.0067	0.0129	0.0387	0.0113	0.0274	0.0000	0.0000	0.0000	0.0000	0.0000	0.0000	0.0000	0.0000	0.0000	0.0000	0.0000	0.0000	0.0000	0.0000	0.0000	0.0000	0.0000	0.0000											
36	80	0.2070	3	1	1	1	0	0	0	0	0	N	N	N	N	N	N	N	N	N	N	N	N	0.0000	0.0000	0.0000	0.0000	0.0000	0.0000	0.0000	0.0000	0.0000	0.0000	0.0000	0.0000	0.0000	0.0000	0.0000	0.0000	0.0006	0.0010	0.0003	0.0038	0.0040	0.0000	0.0002	0.0000	0.0003	0.5714	0.0000	-0.0000	4.0000	3.9927	5.0006	1.0002	0.0000	0.0000	0.0000	0.0000	0.0000	0.0000	0.0000	0.0000	0.0000	0.0001	0.0001	0.0000	0.0001	0.0001	0.0000	0.0000	0.0000	0.0000	0.4181	0.3582	0.0599	0.0350	0.0313	0.0037	0.3831	0.3269	0.0562	0.1955	0.0699	0.1256	0.0185	0.0176	0.0009	0.1770	0.0523	0.1247	0.0000	0.0000	0.0000	0.0000	0.0000	0.0000	0.0000	0.0000	0.0000	0.0006	0.0010	0.0003	0.0038	0.0040	0.0000	0.0002	0.0000	0.0003			
36	81	0.2023	2	1	1	1	0	0	0	0	0	N	N	N	N	N	N	N	N	N	N	N	N	0.0000	0.0000	0.0000	0.0000	0.0000	0.0000	0.0000	0.0000	0.0000	0.0000	0.0000	0.0000	0.0000	0.0000	0.0000	0.0000	0.0000	0.0039	0.0050	0.0033	0.0166	0.0175	0.0000	0.0071	0.0544	0.0033	1.2000	0.0000	-0.0000	4.0000	0.0110	5.0006	0.6549	0.0000	0.0000	0.0000	0.0000	0.0000	0.0000	0.0000	0.0000	0.0000	0.0001	0.0001	0.0001	0.0000	0.0000	0.0000	0.0001	0.0000	0.0001	0.0013	0.0011	0.0002	0.0001	0.0001	0.0000	0.0012	0.0010	0.0002	0.0282	0.0099	0.0183	0.0024	0.0023	0.0001	0.0258	0.0076	0.0181	0.0000	0.0000	0.0000	0.0000	0.0000	0.0000	0.0000	0.0000	0.0000	0.0039	0.0050	0.0033	0.0166	0.0175	0.0000	0.0027	0.0013	0.0033		
36	82	0.2245	2	1	0	2	1	0	0	0	0	N	N	Y	N	N	N	N	N	N	N	N	N	0.0000	0.0000	0.0000	0.0000	0.0000	0.0000	0.0000	0.0000	0.0000	0.0000	0.0000	0.0000	0.0000	0.0000	0.0000	0.0000	0.0000	0.0000	0.0000	0.0000	4.0000	1.0000	5.0006	0.0000	0.0000	0.0000	0.0000	0.0000	0.0000	0.0000	0.0000	0.0000	0.0000	0.0000	0.0000	0.0000	0.0000	0.0000	0.0000	0.0000	0.0000	0.0000	0.1127	0.0959	0.0169	0.0037	0.0032	0.0005	0.1091	0.0927	0.0163	0.0584	0.0181	0.0403	0.0197	0.0067	0.0129	0.0387	0.0113	0.0274	0.0000	0.0000	0.0000	0.0000	0.0000	0.0000	0.0000	0.0000	0.0000	0.0000	0.0000	0.0000	0.0000	0.0000	0.0000	0.0000	0.0000	0.0000											
36	83	0.2245	2	1	0	2	1	0	0	0	0	N	N	Y	N	N	N	N	N	N	N	N	N	0.0000	0.0000	0.0000	0.0000	0.0000	0.0000	0.0000	0.0000	0.0000	0.0000	0.0000	0.0000	0.0000	0.0000	0.0000	0.0000	0.0000	0.0000	0.0000	0.0000	4.0000	0.0000	5.0006	0.0000	0.0000	0.0000	0.0000	0.0000	0.0000	0.0000	0.0000	0.0000	0.0000	0.0000	0.0000	0.0000	0.0000	0.0000	0.0000	0.0000	0.0000	0.0000	0.0000	0.0000	0.0000	0.0000	0.0000	0.0000	0.0000	0.0000	0.0000	0.0000	0.0000	0.0000	0.0000	0.0000	0.0000	0.0000	0.0000	0.0000	0.0000	0.0000	0.0000	0.0000	0.0000	0.0000	0.0000	0.0000	0.0000	0.0000	0.0000	0.0000	0.0000	0.0000	0.0000	0.0000	0.0000	0.0000											
36	85	0.2855	2	2	1	1	0	0	0	0	0	Y	N	N	N	N	N	N	N	N	N	N	N	0.0000	0.0000	0.0000	0.0000	0.0000	0.0000	0.0000	0.0000	0.0000	0.0000	0.0000	0.0000	0.0000	0.0000	0.0000	0.0000	0.0000	0.0000	0.0000	0.0000	4.0000	0.0000	5.0006	0.0000	0.0000	0.0000	0.0000	0.0000	0.0000	0.0000	0.0000	0.0000	0.0000	0.0000	0.0000	0.0000	0.0000	0.0000	0.0000	0.0000	0.0000	0.0000	0.0000	0.0000	0.0000	0.0000	0.0000	0.0000	0.0000	0.0000	0.0000	0.0000	0.0000	0.0000	0.0000	0.0000	0.0000	0.0000	0.0000	0.0000	0.0000	0.0000	0.0000	0.0000	0.0000	0.0000	0.0000	0.0000	0.0000	0.0000	0.0000	0.0000	0.0000	0.0000	0.0000	0.0000	0.0000	0.0000											
36	88	0.2023	2	2	1	1	0	0	0	0	0	Y	N	N	N	N	N	N	N	N	N	N	N	0.0000	0.0000	0.0000	0.0000	0.0000	0.0000	0.0000	0.0000	0.0000	0.0000	0.0000	0.0000	0.0000	0.0000	0.0000	0.0000	0.0000	0.0000	0.0000	0.0000	4.0000	0.0000	5.0006	0.0000	0.0000	0.0000	0.0000	0.0000	0.0000	0.0000	0.0000	0.0000	0.0000	0.0000	0.0000	0.0000	0.0000	0.0000	0.0000	0.0000	0.0000	0.0000	0.0000	0.0000	0.0000	0.0000	0.0000	0.0000	0.0000	0.0000	0.0000	0.0000	0.0000	0.0000	0.0000	0.0000	0.0000	0.0000	0.0000	0.0000	0.0000	0.0000	0.0000	0.0000	0.0000	0.0000	0.0000	0.0000	0.0000	0.0000	0.0000	0.0000	0.0000	0.0000	0.0000	0.0000	0.0000	0.0000											
36	91	0.2935	3	1	0	1	0	0	0	0	0	N	N	N	N	N	N	N	N	N	N	N	N	0.0020	0.0003	0.0000	0.0015	0.0014	0.0000	0.0000	0.0000	0.0005	0.0006	0.0000	0.0038	0.0040	0.0000	0.0000	0.0000	0.0000	0.2372	2.2098	0.0001	2.5452	2.8567	0.0176	0.0000	0.0000	0.0000	0.0000	0.0004	-0.0002	-0.1305	4.0000	11.5137	5.0006	4.9035	0.0006	0.0006	0.0000	0.0006	0.0006	0.0000	0.0000	0.0000	0.0000	0.1943	0.1942	0.0001	0.1943	0.1942	0.0001	0.0000	0.0000	0.0000	1.2263	1.0583	0.1680	0.1569	0.1490	0.0080	1.0694	0.9094	0.1600	0.8191	0.2480	0.5711	0.0969	0.0926	0.0043	0.7222	0.1554	0.5669	0.0020	0.0007	0.0000	0.0019	0.0019	0.0000	0.0000	0.0000	0.0000	0.2372	0.7832	0.0001	2.0057	2.0973	0.0176	0.0000	0.0000	0.0000	
37	38	0.1274	3	1	0	2	0	0	0	0	0	N	N	Y	N	N	N	N	N	N	N	N	N	0.0000	0.0000	0.0000	0.0000	0.0000	0.0000	0.0000	0.0000	0.0000	0.0000	0.0000	0.0000	0.0000	0.0000	0.0000	0.0000	0.0000	0.0000	0.0000	0.0000	3.0000	1.0023	4.0006	0.0007	0.0000	0.0000	0.0000	0.0000	0.0000	0.0000	0.0000	0.0000	0.0000	0.0000	0.0000	0.0000	0.0000	0.0000	0.0000	0.0000	0.0000	0.0000	0.0978	0.0838	0.0140	0.0221	0.0198	0.0023	0.0757	0.0640	0.0117	0.0486	0.0115	0.0371	0.0020	0.0018	0.0001	0.0467	0.0097	0.0370	0.0000	0.0000	0.0000	0.0000	0.0000	0.0000	0.0000	0.0000	0.0000	0.0000	0.0000	0.0000	0.0000	0.0000	0.0000	0.0000	0.0000	0.0000											
37	39	0.1274	2	1	0	1	0	0	0	0	0	N	N	N	N	N	N	N	N	N	N	N	N	0.0000	0.0000	0.0000	0.0000	0.0000	0.0000	0.0000	0.0000	0.0000	0.0000	0.0000	0.0000	0.0000	0.0000	0.0000	0.0000	0.0000	0.0000	0.0000	0.0000	3.0000	0.0347	4.0006	0.0013	0.0000	0.0000	0.0000	0.0000	0.0000	0.0000	0.0000	0.0000	0.0000	0.0000	0.0000	0.0000	0.0000	0.0000	0.0000	0.0000	0.0000	0.0000	0.0104	0.0099	0.0005	0.0043	0.0042	0.0001	0.0062	0.0057	0.0005	0.0019	0.0005	0.0014	0.0001	0.0001	0.0000	0.0018	0.0004	0.0014	0.0000	0.0000	0.0000	0.0000	0.0000	0.0000	0.0000	0.0000	0.0000	0.0000	0.0000	0.0000	0.0000	0.0000	0.0000	0.0000	0.0000	0.0000											
37	41	0.1673	3	1	1	1	0	0	0	0	0	N	N	N	N	N	N	N	N	N	N	N	N	0.0000	0.0000	0.0000	0.0000	0.0000	0.0000	0.0000	0.0000	0.0000	0.0000	0.0000	0.0000	0.0000	0.0000	0.0000	0.0005	0.0026	0.0000	0.0126	0.0136	0.0001	0.0000	0.0000	0.0000	0.0005	0.0000	-0.0000	3.0000	1.0144	4.0006	1.0128	0.0000	0.0000	0.0000	0.0000	0.0000	0.0000	0.0000	0.0000	0.0000	0.0001	0.0001	0.0000	0.0001	0.0001	0.0000	0.0000	0.0000	0.0000	0.1058	0.0927	0.0130	0.0285	0.0261	0.0024	0.0773	0.0666	0.0107	0.1118	0.0232	0.0886	0.0047	0.0044	0.0003	0.1070	0.0187	0.0883	0.0000	0.0000	0.0000	0.0000	0.0000	0.0000	0.0000	0.0000	0.0000	0.0005	0.0026	0.0000	0.0126	0.0136	0.0001	0.0000	0.0000	0.0000				
37	44	0.2518	2	2	1	1	0	0	0	0	0	Y	N	N	N	N	N	N	N	N	N	N	N	0.0000	0.0000	0.0000	0.0000	0.0000	0.0000	0.0000	0.0000	0.0000	0.0000	0.0000	0.0000	0.0000	0.0000	0.0000	0.0000	0.0000	0.0000	0.0000	0.0000	3.0000	2.0000	4.0006	1.0000	0.0000	0.0000	0.0000	0.0000	0.0000	0.0000	0.0000	0.0000	0.0000	0.0000	0.0000	0.0000	0.0000	0.0000	0.0000	0.0000	0.0000	0.0000	0.1689	0.1436	0.0252	0.0076	0.0066	0.0010	0.1612	0.1370	0.0242	0.1237	0.0376	0.0860	0.0173	0.0098	0.0075	0.1064	0.0278	0.0785	0.0000	0.0000	0.0000	0.0000	0.0000	0.0000	0.0000	0.0000	0.0000	0.0000	0.0000	0.0000	0.0000	0.0000	0.0000	0.0000	0.0000	0.0000											
37	45	0.1794	3	1	1	1	1	0	0	0	0	N	N	N	N	N	N	N	N	N	N	N	N	0.0000	0.0000	0.0000	0.0000	0.0000	0.0000	0.0000	0.0000	0.0000	0.0000	0.0000	0.0000	0.0000	0.0000	0.0000	0.0000	0.0000	0.0000	0.0000	0.0000	3.0000	1.0000	4.0006	0.0000	0.0000	0.0000	0.0000	0.0000	0.0000	0.0000	0.0000	0.0000	0.0000	0.0000	0.0000	0.0000	0.0000	0.0000	0.0000	0.0000	0.0000	0.0000	0.0954	0.0809	0.0144	0.0133	0.0113	0.0020	0.0821	0.0696	0.0125	0.0572	0.0113	0.0459	0.0026	0.0019	0.0008	0.0546	0.0094	0.0452	0.0000	0.0000	0.0000	0.0000	0.0000	0.0000	0.0000	0.0000	0.0000	0.0000	0.0000	0.0000	0.0000	0.0000	0.0000	0.0000	0.0000	0.0000											
37	46	0.1794	3	1	0	1	1	0	0	0	0	N	N	N	N	N	N	N	N	N	N	N	N	0.0000	0.0000	0.0000	0.0000	0.0000	0.0000	0.0000	0.0000	0.0000	0.0000	0.0000	0.0000	0.0000	0.0000	0.0000	0.0000	0.0000	0.0000	0.0000	0.0000	3.0000	0.0000	4.0006	0.0000	0.0000	0.0000	0.0000	0.0000	0.0000	0.0000	0.0000	0.0000	0.0000	0.0000	0.0000	0.0000	0.0000	0.0000	0.0000	0.0000	0.0000	0.0000	0.0000	0.0000	0.0000	0.0000	0.0000	0.0000	0.0000	0.0000	0.0000	0.0000	0.0000	0.0000	0.0000	0.0000	0.0000	0.0000	0.0000	0.0000	0.0000	0.0000	0.0000	0.0000	0.0000	0.0000	0.0000	0.0000	0.0000	0.0000	0.0000	0.0000	0.0000	0.0000	0.0000	0.0000	0.0000	0.0000											
37	47	0.1465	2	1	0	1	1	0	0	0	0	N	N	N	N	N	N	N	N	N	N	N	N	0.0000	0.0000	0.0000	0.0000	0.0000	0.0000	0.0000	0.0000	0.0000	0.0000	0.0000	0.0000	0.0000	0.0000	0.0000	0.0000	0.0000	0.0056	0.0150	0.0003	0.0263	0.0304	0.0026	0.0001	0.0000	0.0001	0.0314	0.0000	-0.0011	3.0000	2.0873	4.0006	1.9360	0.0000	0.0000	0.0000	0.0000	0.0000	0.0000	0.0000	0.0000	0.0000	0.0017	0.0017	0.0001	0.0017	0.0017	0.0000	0.0000	0.0000	0.0000	0.1949	0.1656	0.0293	0.0242	0.0205	0.0037	0.1707	0.1451	0.0256	0.3046	0.1107	0.1939	0.0641	0.0545	0.0095	0.2406	0.0562	0.1844	0.0000	0.0000	0.0000	0.0000	0.0000	0.0000	0.0000	0.0000	0.0000	0.0056	0.0150	0.0003	0.0263	0.0304	0.0026	0.0001	0.0000	0.0001		
37	51	0.1520	2	2	1	1	0	0	0	0	0	Y	N	N	N	N	N	N	N	N	N	N	N	0.0000	0.0000	0.0000	0.0000	0.0000	0.0000	0.0000	0.0000	0.0000	0.0000	0.0000	0.0000	0.0000	0.0000	0.0000	0.0000	0.0000	0.0099	0.0417	0.0000	0.6703	0.6845	0.0182	0.0000	0.0000	0.0000	0.0006	0.0000	-0.0012	3.0000	1.0314	4.0006	3.0033	0.0000	0.0000	0.0000	0.0000	0.0000	0.0000	0.0000	0.0000	0.0000	0.0018	0.0018	0.0000	0.0018	0.0018	0.0000	0.0000	0.0000	0.0000	0.1017	0.0851	0.0166	0.0126	0.0119	0.0007	0.0891	0.0732	0.0159	0.1846	0.0439	0.1407	0.0027	0.0027	0.0001	0.1819	0.0412	0.1407	0.0000	0.0000	0.0000	0.0000	0.0000	0.0000	0.0000	0.0000	0.0000	0.0099	0.0417	0.0000	0.6703	0.6845	0.0182	0.0000	0.0000	0.0000		
37	54	0.1673	3	1	0	2	0	0	0	0	0	N	N	Y	N	N	N	N	N	N	N	N	N	0.0000	0.0000	0.0000	0.0000	0.0000	0.0000	0.0000	0.0000	0.0000	0.0000	0.0000	0.0000	0.0000	0.0000	0.0000	0.0010	0.0050	0.0000	0.0228	0.0243	0.0002	0.0000	0.0000	0.0000	0.0005	0.0000	-0.0000	3.0000	0.0147	4.0006	0.9910	0.0000	0.0000	0.0000	0.0000	0.0000	0.0000	0.0000	0.0000	0.0000	0.0001	0.0001	0.0000	0.0001	0.0001	0.0000	0.0000	0.0000	0.0000	0.0060	0.0045	0.0015	0.0026	0.0026	0.0000	0.0034	0.0019	0.0015	0.0577	0.0120	0.0457	0.0026	0.0025	0.0002	0.0551	0.0095	0.0456	0.0000	0.0000	0.0000	0.0000	0.0000	0.0000	0.0000	0.0000	0.0000	0.0010	0.0050	0.0000	0.0228	0.0243	0.0002	0.0000	0.0000	0.0000				
37	55	0.1563	2	1	0	1	0	0	0	0	0	N	N	N	N	N	N	N	N	N	N	N	N	0.0000	0.0000	0.0000	0.0000	0.0000	0.0000	0.0000	0.0000	0.0000	0.0000	0.0000	0.0000	0.0000	0.0000	0.0000	0.0000	0.0000	0.0021	0.0074	0.0007	0.0348	0.0371	0.0003	0.0006	0.0000	0.0007	0.3534	0.0000	-0.0001	3.0000	0.9556	4.0006	1.0192	0.0000	0.0000	0.0000	0.0000	0.0000	0.0000	0.0000	0.0000	0.0000	0.0002	0.0002	0.0001	0.0002	0.0002	0.0000	0.0001	0.0000	0.0001	0.1051	0.0885	0.0166	0.0216	0.0196	0.0021	0.0835	0.0689	0.0146	0.1098	0.0231	0.0867	0.0049	0.0046	0.0003	0.1049	0.0185	0.0864	0.0000	0.0000	0.0000	0.0000	0.0000	0.0000	0.0000	0.0000	0.0000	0.0021	0.0074	0.0007	0.0348	0.0371	0.0003	0.0006	0.0000	0.0007		
37	58	0.2598	3	1	0	1	0	0	0	0	0	N	N	N	N	N	N	N	N	N	N	N	N	0.0034	0.0004	0.0000	0.0030	0.0027	0.0000	0.0000	0.0000	0.0007	0.0008	0.0000	0.0050	0.0053	0.0000	0.0000	0.0000	0.0000	0.2004	1.8992	0.0002	1.6783	1.9400	0.0223	0.0000	0.0000	0.0000	0.0000	0.0006	-0.0002	-0.0857	3.0000	10.2575	4.0006	3.8960	0.0006	0.0006	0.0000	0.0006	0.0006	0.0000	0.0000	0.0000	0.0000	0.1276	0.1275	0.0001	0.1276	0.1275	0.0001	0.0000	0.0000	0.0000	0.8772	0.7547	0.1225	0.1181	0.1122	0.0059	0.7591	0.6425	0.1166	0.6368	0.1950	0.4419	0.0832	0.0798	0.0034	0.5536	0.1151	0.4385	0.0034	0.0012	0.0000	0.0033	0.0033	0.0000	0.0000	0.0000	0.0000	0.2004	0.6543	0.0002	1.5336	1.5976	0.0223	0.0000	0.0000	0.0000	
37	59	0.2338	2	2	1	2	0	0	0	0	0	Y	N	Y	N	N	N	N	N	N	N	N	N	0.0000	0.0000	0.0000	0.0000	0.0000	0.0000	0.0000	0.0000	0.0000	0.0000	0.0000	0.0000	0.0000	0.0000	0.0000	0.0000	0.0000	0.0000	0.0000	0.0000	3.0000	0.0000	4.0006	0.0000	0.0000	0.0000	0.0000	0.0000	0.0000	0.0000	0.0000	0.0000	0.0000	0.0000	0.0000	0.0000	0.0000	0.0000	0.0000	0.0000	0.0000	0.0000	0.0000	0.0000	0.0000	0.0000	0.0000	0.0000	0.0000	0.0000	0.0000	0.0000	0.0000	0.0000	0.0000	0.0000	0.0000	0.0000	0.0000	0.0000	0.0000	0.0000	0.0000	0.0000	0.0000	0.0000	0.0000	0.0000	0.0000	0.0000	0.0000	0.0000	0.0000	0.0000	0.0000	0.0000	0.0000	0.0000											
37	61	0.1967	2	2	0	2	0	0	0	0	0	Y	N	Y	N	N	N	N	N	N	N	N	N	0.0000	0.0000	0.0000	0.0000	0.0000	0.0000	0.0000	0.0000	0.0000	0.0000	0.0000	0.0000	0.0000	0.0000	0.0000	0.0000	0.0000	0.0000	0.0000	0.0000	3.0000	2.0000	4.0006	0.0000	0.0000	0.0000	0.0000	0.0000	0.0000	0.0000	0.0000	0.0000	0.0000	0.0000	0.0000	0.0000	0.0000	0.0000	0.0000	0.0000	0.0000	0.0000	0.1588	0.1311	0.0277	0.0126	0.0118	0.0009	0.1462	0.1194	0.0268	0.0745	0.0284	0.0461	0.0390	0.0188	0.0202	0.0355	0.0096	0.0259	0.0000	0.0000	0.0000	0.0000	0.0000	0.0000	0.0000	0.0000	0.0000	0.0000	0.0000	0.0000	0.0000	0.0000	0.0000	0.0000	0.0000	0.0000											
37	64	0.2209	4	1	0	2	0	0	0	0	0	N	N	Y	N	N	N	N	N	N	N	N	N	0.0000	0.0000	0.0000	0.0000	0.0000	0.0000	0.0000	0.0000	0.0000	0.0000	0.0000	0.0000	0.0000	0.0000	0.0000	0.0000	0.0000	0.0000	0.0000	0.0000	3.0000	0.0000	4.0006	0.0000	0.0000	0.0000	0.0000	0.0000	0.0000	0.0000	0.0000	0.0000	0.0000	0.0000	0.0000	0.0000	0.0000	0.0000	0.0000	0.0000	0.0000	0.0000	0.0000	0.0000	0.0000	0.0000	0.0000	0.0000	0.0000	0.0000	0.0000	0.0000	0.0000	0.0000	0.0000	0.0000	0.0000	0.0000	0.0000	0.0000	0.0000	0.0000	0.0000	0.0000	0.0000	0.0000	0.0000	0.0000	0.0000	0.0000	0.0000	0.0000	0.0000	0.0000	0.0000	0.0000	0.0000	0.0000											
37	65	0.1966	3	1	0	2	0	0	0	0	0	N	N	Y	N	N	N	N	N	N	N	N	N	0.0000	0.0000	0.0000	0.0000	0.0000	0.0000	0.0000	0.0000	0.0000	0.0000	0.0000	0.0000	0.0000	0.0000	0.0000	0.0000	0.0000	0.0000	0.0000	0.0000	3.0000	0.8734	4.0006	1.0002	0.0000	0.0000	0.0000	0.0000	0.0000	0.0000	0.0000	0.0000	0.0000	0.0000	0.0000	0.0000	0.0000	0.0000	0.0000	0.0000	0.0000	0.0000	0.0758	0.0624	0.0134	0.0030	0.0028	0.0002	0.0728	0.0596	0.0132	0.1034	0.0177	0.0857	0.0240	0.0050	0.0190	0.0794	0.0127	0.0667	0.0000	0.0000	0.0000	0.0000	0.0000	0.0000	0.0000	0.0000	0.0000	0.0000	0.0000	0.0000	0.0000	0.0000	0.0000	0.0000	0.0000	0.0000											
37	66	0.1821	2	1	0	1	0	0	0	0	0	N	N	N	N	N	N	N	N	N	N	N	N	0.0097	0.0034	0.2000	0.0653	inf	inf	0.0101	0.0122	0.0000	0.2217	0.2321	0.0000	0.0001	0.0001	0.0000	1.0344	3.5605	0.0000	1.1084	3.5537	0.0000	0.0000	0.0000	0.0000	0.0000	0.0000	-0.0003	-0.0173	3.0000	1.0063	4.0006	0.0727	0.0009	0.0009	0.0000	0.0009	0.0009	0.0000	0.0000	0.0000	0.0000	0.0258	0.0258	0.0000	0.0258	0.0258	0.0000	0.0000	0.0000	0.0000	0.0883	0.0728	0.0155	0.0040	0.0038	0.0002	0.0844	0.0690	0.0154	0.0767	0.0194	0.0573	0.0233	0.0108	0.0125	0.0534	0.0086	0.0448	0.0299	0.0092	0.0000	0.2000	0.0973	0.0000	inf	inf	0.0000	0.3365	1.3299	0.0000	1.1084	2.3854	0.0000	0.0000	0.0000	0.0000			
37	72	0.1708	2	1	1	1	0	0	0	0	0	N	N	N	N	N	N	N	N	N	N	N	N	0.0021	0.0000	0.0129	0.1526	0.0000	0.3763	0.0018	0.0129	0.0040	0.0000	0.0250	0.0012	0.0000	0.0248	0.0042	0.0000	0.0250	1.8742	0.0054	1.9369	0.0077	0.0077	0.0659	2.3690	0.0000	1.9373	inf	546.9497	0.0010	0.0983	3.0000	4.7764	4.0006	1.3205	0.0016	0.0000	0.0016	0.0000	0.0000	0.0000	0.0015	0.0000	0.0015	0.3014	0.0005	0.3008	0.0006	0.0005	0.0000	0.3008	0.0000	0.3008	0.3928	0.3305	0.0624	0.0339	0.0323	0.0016	0.3590	0.2982	0.0607	0.2579	0.1026	0.1553	0.0713	0.0713	0.0000	0.1866	0.0313	0.1553	0.0034	0.0000	0.0129	0.1526	0.0000	0.3763	0.0026	0.0000	0.0129	1.1684	0.0054	1.9369	0.0077	0.0077	0.0659	1.6123	0.0000	1.9373	
37	74	0.1730	2	1	1	1	0	0	0	0	0	N	N	N	N	N	N	N	N	N	N	N	N	0.0000	0.0000	0.0000	0.0000	0.0000	0.0000	0.0000	0.0000	0.0000	0.0000	0.0000	0.0000	0.0000	0.0000	0.0000	0.0000	0.0000	0.0000	0.0000	0.0000	3.0000	0.0000	4.0006	0.0000	0.0000	0.0000	0.0000	0.0000	0.0000	0.0000	0.0000	0.0000	0.0000	0.0000	0.0000	0.0000	0.0000	0.0000	0.0000	0.0000	0.0000	0.0000	0.0000	0.0000	0.0000	0.0000	0.0000	0.0000	0.0000	0.0000	0.0000	0.0000	0.0000	0.0000	0.0000	0.0000	0.0000	0.0000	0.0000	0.0000	0.0000	0.0000	0.0000	0.0000	0.0000	0.0000	0.0000	0.0000	0.0000	0.0000	0.0000	0.0000	0.0000	0.0000	0.0000	0.0000	0.0000	0.0000											
37	76	0.1816	4	2	1	1	1	0	0	0	0	Y	N	N	N	N	N	N	N	N	N	N	N	0.0000	0.0000	0.0000	0.0000	0.0000	0.0000	0.0000	0.0000	0.0000	0.0000	0.0000	0.0000	0.0000	0.0000	0.0000	0.0000	0.0000	0.0000	0.0000	0.0000	3.0000	0.0000	4.0006	0.0000	0.0000	0.0000	0.0000	0.0000	0.0000	0.0000	0.0000	0.0000	0.0000	0.0000	0.0000	0.0000	0.0000	0.0000	0.0000	0.0000	0.0000	0.0000	0.0000	0.0000	0.0000	0.0000	0.0000	0.0000	0.0000	0.0000	0.0000	0.0000	0.0000	0.0000	0.0000	0.0000	0.0000	0.0000	0.0000	0.0000	0.0000	0.0000	0.0000	0.0000	0.0000	0.0000	0.0000	0.0000	0.0000	0.0000	0.0000	0.0000	0.0000	0.0000	0.0000	0.0000	0.0000	0.0000											
37	77	0.1733	3	2	1	1	1	0	0	0	0	Y	N	N	N	N	N	N	N	N	N	N	N	0.0000	0.0000	0.0000	0.0000	0.0000	0.0000	0.0000	0.0000	0.0000	0.0000	0.0000	0.0000	0.0000	0.0000	0.0000	0.0000	0.0020	0.0033	0.0013	0.0097	0.0100	0.0000	0.0016	0.0000	0.0013	0.6667	0.0000	-0.0000	3.0000	1.0073	4.0006	0.3366	0.0000	0.0000	0.0000	0.0000	0.0000	0.0000	0.0000	0.0000	0.0000	0.0001	0.0001	0.0000	0.0001	0.0001	0.0000	0.0000	0.0000	0.0000	0.0877	0.0745	0.0132	0.0073	0.0065	0.0008	0.0804	0.0680	0.0124	0.0502	0.0183	0.0318	0.0062	0.0060	0.0002	0.0439	0.0123	0.0316	0.0000	0.0000	0.0000	0.0000	0.0000	0.0000	0.0000	0.0000	0.0000	0.0020	0.0033	0.0013	0.0097	0.0100	0.0000	0.0009	0.0000	0.0013			
37	78	0.1991	3	1	1	1	1	0	0	0	0	N	N	N	N	N	N	N	N	N	N	N	N	0.0000	0.0000	0.0000	0.0000	0.0000	0.0000	0.0000	0.0000	0.0000	0.0000	0.0000	0.0000	0.0000	0.0000	0.0000	0.0000	0.0000	0.0000	0.0000	0.0000	3.0000	0.0000	4.0006	0.0000	0.0000	0.0000	0.0000	0.0000	0.0000	0.0000	0.0000	0.0000	0.0000	0.0000	0.0000	0.0000	0.0000	0.0000	0.0000	0.0000	0.0000	0.0000	0.0000	0.0000	0.0000	0.0000	0.0000	0.0000	0.0000	0.0000	0.0000	0.0000	0.0000	0.0000	0.0000	0.0000	0.0000	0.0000	0.0000	0.0000	0.0000	0.0000	0.0000	0.0000	0.0000	0.0000	0.0000	0.0000	0.0000	0.0000	0.0000	0.0000	0.0000	0.0000	0.0000	0.0000	0.0000	0.0000											
37	79	0.1908	2	1	1	1	1	0	0	0	0	N	N	N	N	N	N	N	N	N	N	N	N	0.0000	0.0000	0.0000	0.0000	0.0000	0.0000	0.0000	0.0000	0.0000	0.0000	0.0000	0.0000	0.0000	0.0000	0.0000	0.0000	0.0000	0.0000	0.0000	0.0000	3.0000	0.0000	4.0006	1.0000	0.0000	0.0000	0.0000	0.0000	0.0000	0.0000	0.0000	0.0000	0.0000	0.0000	0.0000	0.0000	0.0000	0.0000	0.0000	0.0000	0.0000	0.0000	0.0000	0.0000	0.0000	0.0000	0.0000	0.0000	0.0000	0.0000	0.0000	0.0480	0.0148	0.0332	0.0165	0.0056	0.0109	0.0316	0.0092	0.0224	0.0000	0.0000	0.0000	0.0000	0.0000	0.0000	0.0000	0.0000	0.0000	0.0000	0.0000	0.0000	0.0000	0.0000	0.0000	0.0000	0.0000	0.0000											
37	80	0.1733	3	1	1	1	0	0	0	0	0	N	N	N	N	N	N	N	N	N	N	N	N	0.0000	0.0000	0.0000	0.0000	0.0000	0.0000	0.0000	0.0000	0.0000	0.0000	0.0000	0.0000	0.0000	0.0000	0.0000	0.0000	0.0006	0.0011	0.0004	0.0039	0.0041	0.0000	0.0003	0.0000	0.0004	0.6667	0.0000	-0.0000	3.0000	3.9927	4.0006	1.0002	0.0000	0.0000	0.0000	0.0000	0.0000	0.0000	0.0000	0.0000	0.0000	0.0001	0.0001	0.0000	0.0001	0.0001	0.0000	0.0000	0.0000	0.0000	0.3216	0.2750	0.0466	0.0269	0.0240	0.0029	0.2947	0.2509	0.0437	0.1593	0.0568	0.1025	0.0152	0.0145	0.0007	0.1441	0.0423	0.1017	0.0000	0.0000	0.0000	0.0000	0.0000	0.0000	0.0000	0.0000	0.0000	0.0006	0.0011	0.0004	0.0039	0.0041	0.0000	0.0003	0.0000	0.0004			
37	81	0.1686	2	1	1	1	0	0	0	0	0	N	N	N	N	N	N	N	N	N	N	N	N	0.0000	0.0000	0.0000	0.0000	0.0000	0.0000	0.0000	0.0000	0.0000	0.0000	0.0000	0.0000	0.0000	0.0000	0.0000	0.0000	0.0043	0.0049	0.0040	0.0199	0.0210	0.0000	0.0077	0.0000	0.0040	1.5000	0.0000	-0.0000	3.0000	0.0110	4.0006	0.6549	0.0000	0.0000	0.0000	0.0000	0.0000	0.0000	0.0000	0.0000	0.0000	0.0001	0.0000	0.0001	0.0000	0.0000	0.0000	0.0001	0.0000	0.0001	0.0010	0.0008	0.0001	0.0001	0.0001	0.0000	0.0009	0.0008	0.0001	0.0230	0.0081	0.0149	0.0020	0.0019	0.0001	0.0210	0.0062	0.0148	0.0000	0.0000	0.0000	0.0000	0.0000	0.0000	0.0000	0.0000	0.0000	0.0043	0.0049	0.0040	0.0199	0.0210	0.0000	0.0029	0.0000	0.0040			
37	82	0.1908	2	1	0	2	1	0	0	0	0	N	N	Y	N	N	N	N	N	N	N	N	N	0.0000	0.0000	0.0000	0.0000	0.0000	0.0000	0.0000	0.0000	0.0000	0.0000	0.0000	0.0000	0.0000	0.0000	0.0000	0.0000	0.0000	0.0000	0.0000	0.0000	3.0000	1.0000	4.0006	0.0000	0.0000	0.0000	0.0000	0.0000	0.0000	0.0000	0.0000	0.0000	0.0000	0.0000	0.0000	0.0000	0.0000	0.0000	0.0000	0.0000	0.0000	0.0000	0.0868	0.0736	0.0132	0.0028	0.0024	0.0004	0.0839	0.0712	0.0127	0.0480	0.0148	0.0332	0.0165	0.0056	0.0109	0.0316	0.0092	0.0224	0.0000	0.0000	0.0000	0.0000	0.0000	0.0000	0.0000	0.0000	0.0000	0.0000	0.0000	0.0000	0.0000	0.0000	0.0000	0.0000	0.0000	0.0000											
37	83	0.1908	2	1	0	2	1	0	0	0	0	N	N	Y	N	N	N	N	N	N	N	N	N	0.0000	0.0000	0.0000	0.0000	0.0000	0.0000	0.0000	0.0000	0.0000	0.0000	0.0000	0.0000	0.0000	0.0000	0.0000	0.0000	0.0000	0.0000	0.0000	0.0000	3.0000	0.0000	4.0006	0.0000	0.0000	0.0000	0.0000	0.0000	0.0000	0.0000	0.0000	0.0000	0.0000	0.0000	0.0000	0.0000	0.0000	0.0000	0.0000	0.0000	0.0000	0.0000	0.0000	0.0000	0.0000	0.0000	0.0000	0.0000	0.0000	0.0000	0.0000	0.0000	0.0000	0.0000	0.0000	0.0000	0.0000	0.0000	0.0000	0.0000	0.0000	0.0000	0.0000	0.0000	0.0000	0.0000	0.0000	0.0000	0.0000	0.0000	0.0000	0.0000	0.0000	0.0000	0.0000	0.0000	0.0000	0.0000											
37	85	0.2518	2	2	1	1	0	0	0	0	0	Y	N	N	N	N	N	N	N	N	N	N	N	0.0000	0.0000	0.0000	0.0000	0.0000	0.0000	0.0000	0.0000	0.0000	0.0000	0.0000	0.0000	0.0000	0.0000	0.0000	0.0000	0.0000	0.0000	0.0000	0.0000	3.0000	0.0000	4.0006	0.0000	0.0000	0.0000	0.0000	0.0000	0.0000	0.0000	0.0000	0.0000	0.0000	0.0000	0.0000	0.0000	0.0000	0.0000	0.0000	0.0000	0.0000	0.0000	0.0000	0.0000	0.0000	0.0000	0.0000	0.0000	0.0000	0.0000	0.0000	0.0000	0.0000	0.0000	0.0000	0.0000	0.0000	0.0000	0.0000	0.0000	0.0000	0.0000	0.0000	0.0000	0.0000	0.0000	0.0000	0.0000	0.0000	0.0000	0.0000	0.0000	0.0000	0.0000	0.0000	0.0000	0.0000	0.0000											
37	88	0.1686	2	2	1	1	0	0	0	0	0	Y	N	N	N	N	N	N	N	N	N	N	N	0.0000	0.0000	0.0000	0.0000	0.0000	0.0000	0.0000	0.0000	0.0000	0.0000	0.0000	0.0000	0.0000	0.0000	0.0000	0.0000	0.0000	0.0000	0.0000	0.0000	3.0000	0.0000	4.0006	0.0000	0.0000	0.0000	0.0000	0.0000	0.0000	0.0000	0.0000	0.0000	0.0000	0.0000	0.0000	0.0000	0.0000	0.0000	0.0000	0.0000	0.0000	0.0000	0.0000	0.0000	0.0000	0.0000	0.0000	0.0000	0.0000	0.0000	0.0000	0.0000	0.0000	0.0000	0.0000	0.0000	0.0000	0.0000	0.0000	0.0000	0.0000	0.0000	0.0000	0.0000	0.0000	0.0000	0.0000	0.0000	0.0000	0.0000	0.0000	0.0000	0.0000	0.0000	0.0000	0.0000	0.0000	0.0000											
37	91	0.2598	3	1	0	1	0	0	0	0	0	N	N	N	N	N	N	N	N	N	N	N	N	0.0009	0.0003	0.0000	0.0015	0.0014	0.0000	0.0000	0.0000	0.0006	0.0007	0.0000	0.0049	0.0052	0.0000	0.0000	0.0000	0.0000	0.7221	2.4598	0.0002	3.3817	3.6136	0.0212	0.0000	0.0000	0.0000	0.0000	0.0004	-0.0002	-0.1293	3.0000	11.5137	4.0006	4.9035	0.0006	0.0006	0.0000	0.0006	0.0006	0.0000	0.0000	0.0000	0.0000	0.1924	0.1923	0.0001	0.1924	0.1923	0.0001	0.0000	0.0000	0.0000	0.9416	0.8112	0.1304	0.1196	0.1135	0.0061	0.8221	0.6977	0.1244	0.6737	0.2021	0.4716	0.0799	0.0764	0.0035	0.5938	0.1258	0.4681	0.0022	0.0008	0.0000	0.0020	0.0021	0.0000	0.0000	0.0000	0.0000	0.2856	0.9517	0.0002	2.4086	2.5193	0.0212	0.0000	0.0000	0.0000	
38	41	0.0742	5	0	1	1	0	0	0	0	0	N	N	N	N	N	N	N	N	N	N	N	N	0.0000	0.0000	0.0000	0.0000	0.0000	0.0000	0.0000	0.0000	0.0000	0.0000	0.0000	0.0000	0.0000	0.0000	0.0000	0.0000	0.0000	0.0000	0.0000	0.0000	0.0001	0.0000	0.0000	0.0000	inf	0.0000	0.0000	1.0023	1.0144	0.0007	1.0128	0.0000	0.0000	0.0000	0.0000	0.0000	0.0000	0.0000	0.0000	0.0000	0.0000	0.0000	0.0000	0.0000	0.0000	0.0000	0.0000	0.0000	0.0000	0.0393	0.0348	0.0045	0.0097	0.0094	0.0003	0.0296	0.0254	0.0042	0.0165	0.0037	0.0128	0.0002	0.0002	0.0000	0.0163	0.0035	0.0128	0.0000	0.0000	0.0000	0.0000	0.0000	0.0000	0.0000	0.0000	0.0000	0.0000	0.0000	0.0000	0.0000	0.0000	0.0001	0.0000	0.0000	0.0000				
38	42	0.0211	3	1	1	2	0	0	0	0	0	N	N	Y	N	N	N	N	N	N	N	N	N	0.0000	0.0000	0.0000	0.0000	0.0000	0.0000	0.0000	0.0000	0.0000	0.0000	0.0000	0.0000	0.0000	0.0000	0.0000	0.0000	0.0000	0.0000	0.0000	0.0000	1.0023	3.0000	0.0007	2.9994	0.0000	0.0000	0.0000	0.0000	0.0000	0.0000	0.0000	0.0000	0.0000	0.0000	0.0000	0.0000	0.0000	0.0000	0.0000	0.0000	0.0000	0.0000	0.0978	0.0838	0.0140	0.0221	0.0198	0.0023	0.0757	0.0640	0.0117	0.0429	0.0101	0.0328	0.0017	0.0016	0.0001	0.0412	0.0085	0.0327	0.0000	0.0000	0.0000	0.0000	0.0000	0.0000	0.0000	0.0000	0.0000	0.0000	0.0000	0.0000	0.0000	0.0000	0.0000	0.0000	0.0000	0.0000											
38	43	0.0211	3	1	1	2	0	0	0	0	0	N	N	Y	N	N	N	N	N	N	N	N	N	0.0000	0.0000	0.0000	0.0000	0.0000	0.0000	0.0000	0.0000	0.0000	0.0000	0.0000	0.0000	0.0000	0.0000	0.0000	0.0000	0.0000	0.0000	0.0000	0.0000	1.0023	4.0000	0.0007	4.9994	0.0000	0.0000	0.0000	0.0000	0.0000	0.0000	0.0000	0.0000	0.0000	0.0000	0.0000	0.0000	0.0000	0.0000	0.0000	0.0000	0.0000	0.0000	0.1270	0.1091	0.0180	0.0286	0.0257	0.0029	0.0984	0.0834	0.0150	0.0591	0.0142	0.0449	0.0024	0.0023	0.0002	0.0566	0.0119	0.0447	0.0000	0.0000	0.0000	0.0000	0.0000	0.0000	0.0000	0.0000	0.0000	0.0000	0.0000	0.0000	0.0000	0.0000	0.0000	0.0000	0.0000	0.0000											
38	44	0.1587	4	1	1	1	0	0	0	0	0	N	N	N	N	N	N	N	N	N	N	N	N	0.0000	0.0000	0.0000	0.0000	0.0000	0.0000	0.0000	0.0000	0.0000	0.0000	0.0000	0.0000	0.0000	0.0000	0.0000	0.0000	0.0000	0.0000	0.0000	0.0000	1.0023	2.0000	0.0007	1.0000	0.0000	0.0000	0.0000	0.0000	0.0000	0.0000	0.0000	0.0000	0.0000	0.0000	0.0000	0.0000	0.0000	0.0000	0.0000	0.0000	0.0000	0.0000	0.0615	0.0529	0.0086	0.0105	0.0099	0.0006	0.0510	0.0430	0.0080	0.0202	0.0061	0.0140	0.0032	0.0020	0.0012	0.0169	0.0042	0.0128	0.0000	0.0000	0.0000	0.0000	0.0000	0.0000	0.0000	0.0000	0.0000	0.0000	0.0000	0.0000	0.0000	0.0000	0.0000	0.0000	0.0000	0.0000											
38	45	0.0863	5	0	1	1	1	0	0	0	0	N	N	N	N	N	N	N	N	N	N	N	N	0.0000	0.0000	0.0000	0.0000	0.0000	0.0000	0.0000	0.0000	0.0000	0.0000	0.0000	0.0000	0.0000	0.0000	0.0000	0.0000	0.0000	0.0000	0.0000	0.0000	1.0023	1.0000	0.0007	0.0000	0.0000	0.0000	0.0000	0.0000	0.0000	0.0000	0.0000	0.0000	0.0000	0.0000	0.0000	0.0000	0.0000	0.0000	0.0000	0.0000	0.0000	0.0000	0.0357	0.0306	0.0050	0.0043	0.0042	0.0002	0.0313	0.0265	0.0048	0.0085	0.0019	0.0065	0.0006	0.0004	0.0002	0.0079	0.0015	0.0064	0.0000	0.0000	0.0000	0.0000	0.0000	0.0000	0.0000	0.0000	0.0000	0.0000	0.0000	0.0000	0.0000	0.0000	0.0000	0.0000	0.0000	0.0000											
38	46	0.0863	5	0	0	1	1	0	0	0	0	N	N	N	N	N	N	N	N	N	N	N	N	0.0000	0.0000	0.0000	0.0000	0.0000	0.0000	0.0000	0.0000	0.0000	0.0000	0.0000	0.0000	0.0000	0.0000	0.0000	0.0000	0.0000	0.0000	0.0000	0.0000	1.0023	0.0000	0.0007	0.0000	0.0000	0.0000	0.0000	0.0000	0.0000	0.0000	0.0000	0.0000	0.0000	0.0000	0.0000	0.0000	0.0000	0.0000	0.0000	0.0000	0.0000	0.0000	0.0000	0.0000	0.0000	0.0000	0.0000	0.0000	0.0000	0.0000	0.0000	0.0000	0.0000	0.0000	0.0000	0.0000	0.0000	0.0000	0.0000	0.0000	0.0000	0.0000	0.0000	0.0000	0.0000	0.0000	0.0000	0.0000	0.0000	0.0000	0.0000	0.0000	0.0000	0.0000	0.0000	0.0000	0.0000	0.0000											
38	47	0.0534	4	0	0	1	1	0	0	0	0	N	N	N	N	N	N	N	N	N	N	N	N	0.0001	0.0000	0.0773	0.0003	0.0003	0.0000	0.0000	0.0000	0.8447	0.0000	0.0000	0.0000	0.0000	0.0000	0.0000	0.0000	0.0000	0.0000	0.0079	0.0191	0.0000	0.0177	0.0202	0.0001	0.0110	1.0304	0.0000	0.0995	0.0004	-0.0000	-0.0002	1.0023	2.0873	0.0007	1.9360	0.0000	0.0000	0.0000	0.0000	0.0000	0.0000	0.0000	0.0000	0.0000	0.0004	0.0004	0.0000	0.0002	0.0002	0.0000	0.0002	0.0002	0.0000	0.0728	0.0626	0.0102	0.0080	0.0077	0.0003	0.0648	0.0549	0.0099	0.0460	0.0189	0.0271	0.0106	0.0093	0.0013	0.0354	0.0096	0.0258	0.0001	0.0000	0.0773	0.0003	0.0003	0.0000	0.0000	0.0000	0.8447	0.0079	0.0191	0.0000	0.0177	0.0202	0.0001	0.0049	0.0181	0.0000
38	48	0.0211	3	0	0	1	1	0	0	0	0	N	N	N	N	N	N	N	N	N	N	N	N	0.0104	0.0000	0.0816	0.0000	0.0000	0.0070	0.0000	0.0972	0.0001	0.0000	0.0006	0.0000	0.0000	0.0000	0.0001	0.0000	0.0007	0.0077	0.0102	0.0070	0.0001	0.0001	0.0000	0.0148	0.7235	0.0070	225.6321	2.2434	0.0000	0.0000	1.0023	3.9129	0.0007	0.7267	0.0000	0.0000	0.0000	0.0000	0.0000	0.0000	0.0000	0.0000	0.0000	0.0003	0.0001	0.0002	0.0000	0.0000	0.0000	0.0003	0.0001	0.0002	0.1245	0.1069	0.0176	0.0281	0.0252	0.0029	0.0965	0.0817	0.0148	0.0345	0.0080	0.0265	0.0014	0.0013	0.0001	0.0332	0.0067	0.0264	0.0104	0.0000	0.0816	0.0000	0.0000	0.0000	0.0130	0.0000	0.0972	0.0077	0.0102	0.0070	0.0001	0.0001	0.0000	0.0080	0.0122	0.0070	
38	49	0.0211	3	0	1	2	0	0	0	0	0	N	N	Y	N	N	N	N	N	N	N	N	N	inf	inf	inf	inf	0.0122	0.0142	0.0000	0.0000	0.0000	0.0000	0.0157	0.0185	0.0000	0.0000	0.0000	0.0000	0.0000	0.0000	0.0000	0.0000	0.0000	0.0000	0.0000	-0.0009	0.0000	1.0023	6.0000	0.0007	4.0006	0.0022	0.0022	0.0000	0.0000	0.0000	0.0000	0.0022	0.0022	0.0000	0.0000	0.0000	0.0000	0.0000	0.0000	0.0000	0.0000	0.0000	0.0000	0.1810	0.1561	0.0250	0.0406	0.0365	0.0041	0.1404	0.1195	0.0209	0.0638	0.0154	0.0484	0.0027	0.0025	0.0002	0.0611	0.0130	0.0482	inf	inf	0.0000	0.0000	0.0000	0.0000	inf	inf	0.0000	0.0000	0.0000	0.0000	0.0000	0.0000	0.0000	0.0000	0.0000	0.0000						
38	50	0.0211	3	1	0	2	0	0	0	0	0	N	N	Y	N	N	N	N	N	N	N	N	N	0.0000	0.0000	0.0000	0.0000	0.0000	0.0000	0.0000	0.0000	0.0000	0.0000	0.0000	0.0000	0.0000	0.0000	0.0000	0.0000	0.0000	0.0000	0.0000	0.0000	1.0023	6.0000	0.0007	3.0006	0.0000	0.0000	0.0000	0.0000	0.0000	0.0000	0.0000	0.0000	0.0000	0.0000	0.0000	0.0000	0.0000	0.0000	0.0000	0.0000	0.0000	0.0000	0.1810	0.1561	0.0250	0.0406	0.0365	0.0041	0.1404	0.1195	0.0209	0.0591	0.0142	0.0449	0.0024	0.0023	0.0002	0.0566	0.0119	0.0447	0.0000	0.0000	0.0000	0.0000	0.0000	0.0000	0.0000	0.0000	0.0000	0.0000	0.0000	0.0000	0.0000	0.0000	0.0000	0.0000	0.0000	0.0000											
38	51	0.0589	4	1	1	1	0	0	0	0	0	N	N	N	N	N	N	N	N	N	N	N	N	355.2503	260.7693	0.0000	0.6323	1.1918	0.0000	3252.1779	inf	0.0000	0.0010	0.0012	0.0000	0.0000	0.0000	0.0000	0.0015	0.0018	0.0000	0.0000	0.0000	0.0000	0.0000	0.0000	0.0004	0.0000	0.0000	0.0000	0.0000	1.1250	-0.0000	-0.0000	1.0023	1.0314	0.0007	3.0033	0.0000	0.0000	0.0000	0.0000	0.0000	0.0000	0.0000	0.0000	0.0000	0.0000	0.0000	0.0000	0.0000	0.0000	0.0000	0.0000	0.0000	0.0000	0.0383	0.0330	0.0053	0.0123	0.0112	0.0011	0.0260	0.0218	0.0042	0.0257	0.0077	0.0181	0.0016	0.0015	0.0001	0.0241	0.0061	0.0180	355.2503	260.7693	0.0000	0.6323	1.1918	0.0000	3252.1779	inf	0.0000	0.0000	0.0000	0.0000	0.0000	0.0000	0.0004	0.0000	0.0000	0.0000
38	52	0.0211	3	1	1	1	0	0	0	0	0	N	N	N	N	N	N	N	N	N	N	N	N	6990.1629	3575.0503	0.0000	0.0000	0.0000	18401.0182	inf	0.0000	0.0141	0.0164	0.0000	0.0000	0.0000	0.0000	0.0182	0.0214	0.0000	0.0000	0.0000	0.0000	0.0000	0.0000	0.0000	0.0000	0.0000	0.0000	0.0000	0.8889	-0.0008	-0.0000	1.0023	4.9791	0.0007	0.0710	0.0022	0.0022	0.0000	0.0000	0.0000	0.0000	0.0022	0.0022	0.0000	0.0000	0.0000	0.0000	0.0000	0.0000	0.0000	0.0000	0.0000	0.0000	0.1542	0.1326	0.0215	0.0347	0.0311	0.0035	0.1195	0.1015	0.0180	0.0371	0.0086	0.0285	0.0015	0.0014	0.0001	0.0357	0.0073	0.0284	6990.1629	3575.0503	0.0000	0.0000	0.0000	0.0000	18401.0182	inf	0.0000	0.0000	0.0000	0.0000	0.0000	0.0000	0.0000	0.0000	0.0000	0.0000	
38	53	0.0211	3	0	1	1	0	0	0	0	0	N	N	N	N	N	N	N	N	N	N	N	N	inf	inf	inf	inf	0.0122	0.0142	0.0000	0.0000	0.0000	0.0000	0.0157	0.0185	0.0000	0.0000	0.0000	0.0000	0.0000	0.0000	0.0000	0.0000	0.0000	0.0000	0.0000	-0.0009	0.0000	1.0023	6.0000	0.0007	4.0006	0.0022	0.0022	0.0000	0.0000	0.0000	0.0000	0.0022	0.0022	0.0000	0.0000	0.0000	0.0000	0.0000	0.0000	0.0000	0.0000	0.0000	0.0000	0.1810	0.1561	0.0250	0.0406	0.0365	0.0041	0.1404	0.1195	0.0209	0.0638	0.0154	0.0484	0.0027	0.0025	0.0002	0.0611	0.0130	0.0482	inf	inf	0.0000	0.0000	0.0000	0.0000	inf	inf	0.0000	0.0000	0.0000	0.0000	0.0000	0.0000	0.0000	0.0000	0.0000	0.0000						
38	54	0.0742	5	0	0	2	0	0	0	0	0	N	N	Y	N	N	N	N	N	N	N	N	N	0.0000	0.0000	0.0000	0.0000	0.0000	0.0000	0.0000	0.0000	0.0000	0.0000	0.0000	0.0000	0.0000	0.0000	0.0000	0.0000	0.0000	0.0000	0.0000	0.0000	0.0003	0.0000	0.0000	0.0000	inf	0.0000	0.0000	1.0023	0.0147	0.0007	0.9910	0.0000	0.0000	0.0000	0.0000	0.0000	0.0000	0.0000	0.0000	0.0000	0.0000	0.0000	0.0000	0.0000	0.0000	0.0000	0.0000	0.0000	0.0000	0.0022	0.0016	0.0006	0.0009	0.0009	0.0000	0.0012	0.0007	0.0005	0.0085	0.0019	0.0066	0.0001	0.0001	0.0000	0.0084	0.0018	0.0066	0.0000	0.0000	0.0000	0.0000	0.0000	0.0000	0.0000	0.0000	0.0000	0.0000	0.0000	0.0000	0.0000	0.0000	0.0003	0.0000	0.0000	0.0000				
38	55	0.0632	4	0	0	1	0	0	0	0	0	N	N	N	N	N	N	N	N	N	N	N	N	0.0010	0.0000	0.0053	0.0000	0.0000	0.0000	0.0012	0.0054	0.0000	0.0000	0.0000	0.0000	0.0000	0.0000	0.0000	0.0000	0.0000	0.0001	0.0000	0.0001	0.0003	0.0002	0.0018	0.0001	0.0000	0.0001	inf	49.2301	0.0000	0.0000	1.0023	0.9556	0.0007	1.0192	0.0000	0.0000	0.0000	0.0000	0.0000	0.0000	0.0000	0.0000	0.0000	0.0000	0.0000	0.0000	0.0000	0.0000	0.0000	0.0000	0.0000	0.0000	0.0390	0.0332	0.0058	0.0073	0.0071	0.0002	0.0317	0.0261	0.0056	0.0162	0.0037	0.0125	0.0002	0.0002	0.0000	0.0160	0.0035	0.0125	0.0010	0.0000	0.0053	0.0000	0.0000	0.0000	0.0012	0.0000	0.0054	0.0001	0.0000	0.0001	0.0003	0.0002	0.0018	0.0001	0.0000	0.0001	
38	56	0.0211	3	0	0	1	0	0	0	0	0	N	N	N	N	N	N	N	N	N	N	N	N	0.0100	0.0000	0.0533	0.0000	0.0000	0.0073	0.0000	0.0634	0.0001	0.0000	0.0007	0.0000	0.0000	0.0000	0.0001	0.0000	0.0008	0.0102	0.0000	0.0133	0.0000	0.0000	0.0000	0.0180	0.0022	0.0133	inf	19926.6000	0.0000	0.0001	1.0023	3.0309	0.0007	3.0097	0.0000	0.0000	0.0000	0.0000	0.0000	0.0000	0.0000	0.0000	0.0000	0.0004	0.0000	0.0004	0.0000	0.0000	0.0000	0.0004	0.0000	0.0004	0.0987	0.0846	0.0141	0.0223	0.0200	0.0023	0.0764	0.0646	0.0118	0.0431	0.0101	0.0330	0.0017	0.0016	0.0001	0.0414	0.0085	0.0329	0.0100	0.0000	0.0533	0.0000	0.0000	0.0000	0.0124	0.0000	0.0634	0.0102	0.0000	0.0133	0.0000	0.0000	0.0000	0.0106	0.0000	0.0133	
38	57	0.0211	3	0	0	1	0	0	0	0	0	N	N	N	N	N	N	N	N	N	N	N	N	0.0000	0.0000	0.0000	0.0000	0.0000	0.0000	0.0000	0.0000	0.0000	0.0000	0.0000	0.0000	0.0000	0.0000	0.0000	0.0000	0.0000	0.0000	0.0000	0.0000	1.0023	3.0000	0.0007	3.0006	0.0000	0.0000	0.0000	0.0000	0.0000	0.0000	0.0000	0.0000	0.0000	0.0000	0.0000	0.0000	0.0000	0.0000	0.0000	0.0000	0.0000	0.0000	0.0978	0.0838	0.0140	0.0221	0.0198	0.0023	0.0757	0.0640	0.0117	0.0429	0.0101	0.0328	0.0017	0.0016	0.0001	0.0412	0.0085	0.0327	0.0000	0.0000	0.0000	0.0000	0.0000	0.0000	0.0000	0.0000	0.0000	0.0000	0.0000	0.0000	0.0000	0.0000	0.0000	0.0000	0.0000	0.0000											
38	58	0.1667	5	0	0	1	0	0	0	0	0	N	N	N	N	N	N	N	N	N	N	N	N	66.7716	57.5428	0.0000	16.4493	30.1765	0.0000	304.4699	inf	0.0000	0.0063	0.0071	0.0000	0.0070	0.0076	0.0000	0.0059	0.0068	0.0000	0.0001	0.0001	0.0001	0.0004	0.0003	0.0040	0.0000	0.0000	0.0000	0.0000	1.1438	-0.0008	-0.0000	1.0023	10.2575	0.0007	3.8960	0.0021	0.0021	0.0000	0.0008	0.0008	0.0000	0.0013	0.0013	0.0000	0.0000	0.0000	0.0000	0.0000	0.0000	0.0000	0.0000	0.0000	0.0000	0.3291	0.2902	0.0390	0.1111	0.1029	0.0082	0.2181	0.1873	0.0308	0.0952	0.0337	0.0615	0.0174	0.0166	0.0008	0.0778	0.0171	0.0606	66.7716	57.5428	0.0000	16.4493	30.1765	0.0000	304.4699	inf	0.0000	0.0001	0.0001	0.0001	0.0004	0.0003	0.0040	0.0000	0.0000	0.0000
38	59	0.1407	4	1	1	2	0	0	0	0	0	N	N	Y	N	N	N	N	N	N	N	N	N	0.0000	0.0000	0.0000	0.0000	0.0000	0.0000	0.0000	0.0000	0.0000	0.0000	0.0000	0.0000	0.0000	0.0000	0.0000	0.0000	0.0000	0.0000	0.0000	0.0000	1.0023	0.0000	0.0007	0.0000	0.0000	0.0000	0.0000	0.0000	0.0000	0.0000	0.0000	0.0000	0.0000	0.0000	0.0000	0.0000	0.0000	0.0000	0.0000	0.0000	0.0000	0.0000	0.0000	0.0000	0.0000	0.0000	0.0000	0.0000	0.0000	0.0000	0.0000	0.0000	0.0000	0.0000	0.0000	0.0000	0.0000	0.0000	0.0000	0.0000	0.0000	0.0000	0.0000	0.0000	0.0000	0.0000	0.0000	0.0000	0.0000	0.0000	0.0000	0.0000	0.0000	0.0000	0.0000	0.0000	0.0000	0.0000											
38	60	0.0211	3	1	0	2	0	0	0	0	0	N	N	Y	N	N	N	N	N	N	N	N	N	inf	inf	inf	inf	0.0107	0.0124	0.0000	0.0000	0.0000	0.0000	0.0138	0.0162	0.0000	0.0000	0.0000	0.0000	0.0000	0.0000	0.0000	0.0000	0.0000	0.0000	0.0000	-0.0009	0.0000	1.0023	7.0000	0.0007	3.9994	0.0022	0.0022	0.0000	0.0000	0.0000	0.0000	0.0022	0.0022	0.0000	0.0000	0.0000	0.0000	0.0000	0.0000	0.0000	0.0000	0.0000	0.0000	0.2060	0.1779	0.0281	0.0461	0.0415	0.0046	0.1599	0.1364	0.0235	0.0683	0.0167	0.0516	0.0029	0.0027	0.0002	0.0654	0.0140	0.0514	inf	inf	0.0000	0.0000	0.0000	0.0000	inf	inf	0.0000	0.0000	0.0000	0.0000	0.0000	0.0000	0.0000	0.0000	0.0000	0.0000						
38	61	0.1036	4	1	0	2	0	0	0	0	0	N	N	Y	N	N	N	N	N	N	N	N	N	0.0000	0.0000	0.0000	0.0000	0.0000	0.0000	0.0000	0.0000	0.0000	0.0000	0.0000	0.0000	0.0000	0.0000	0.0000	0.0000	0.0000	0.0000	0.0000	0.0000	1.0023	2.0000	0.0007	0.0000	0.0000	0.0000	0.0000	0.0000	0.0000	0.0000	0.0000	0.0000	0.0000	0.0000	0.0000	0.0000	0.0000	0.0000	0.0000	0.0000	0.0000	0.0000	0.0592	0.0504	0.0088	0.0167	0.0149	0.0017	0.0425	0.0355	0.0071	0.0122	0.0048	0.0075	0.0072	0.0035	0.0037	0.0050	0.0013	0.0038	0.0000	0.0000	0.0000	0.0000	0.0000	0.0000	0.0000	0.0000	0.0000	0.0000	0.0000	0.0000	0.0000	0.0000	0.0000	0.0000	0.0000	0.0000											
38	62	0.0211	3	1	0	2	0	0	0	0	0	N	N	Y	N	N	N	N	N	N	N	N	N	inf	inf	inf	inf	0.0174	0.0203	0.0000	0.0000	0.0000	0.0000	0.0225	0.0265	0.0000	0.0000	0.0000	0.0000	0.0000	0.0000	0.0000	0.0000	0.0000	0.0000	0.0000	-0.0009	0.0000	1.0023	4.0000	0.0007	3.9994	0.0022	0.0022	0.0000	0.0000	0.0000	0.0000	0.0022	0.0022	0.0000	0.0000	0.0000	0.0000	0.0000	0.0000	0.0000	0.0000	0.0000	0.0000	0.1270	0.1091	0.0180	0.0286	0.0257	0.0029	0.0984	0.0834	0.0150	0.0540	0.0129	0.0411	0.0022	0.0021	0.0001	0.0518	0.0108	0.0410	inf	inf	0.0000	0.0000	0.0000	0.0000	inf	inf	0.0000	0.0000	0.0000	0.0000	0.0000	0.0000	0.0000	0.0000	0.0000	0.0000						
38	63	0.0211	3	0	1	1	0	0	0	0	0	N	N	N	N	N	N	N	N	N	N	N	N	0.0000	0.0000	0.0000	0.0000	0.0000	0.0000	0.0000	0.0000	0.0000	0.0000	0.0000	0.0000	0.0000	0.0000	0.0000	0.0000	0.0000	0.0000	0.0000	0.0000	1.0023	7.0000	0.0007	4.0000	0.0000	0.0000	0.0000	0.0000	0.0000	0.0000	0.0000	0.0000	0.0000	0.0000	0.0000	0.0000	0.0000	0.0000	0.0000	0.0000	0.0000	0.0000	0.2060	0.1779	0.0281	0.0461	0.0415	0.0046	0.1599	0.1364	0.0235	0.0683	0.0167	0.0516	0.0029	0.0027	0.0002	0.0654	0.0140	0.0514	0.0000	0.0000	0.0000	0.0000	0.0000	0.0000	0.0000	0.0000	0.0000	0.0000	0.0000	0.0000	0.0000	0.0000	0.0000	0.0000	0.0000	0.0000											
38	64	0.1278	6	0	0	2	0	0	0	0	0	N	N	Y	N	N	N	N	N	N	N	N	N	0.0000	0.0000	0.0000	0.0000	0.0000	0.0000	0.0000	0.0000	0.0000	0.0000	0.0000	0.0000	0.0000	0.0000	0.0000	0.0000	0.0000	0.0000	0.0000	0.0000	1.0023	0.0000	0.0007	0.0000	0.0000	0.0000	0.0000	0.0000	0.0000	0.0000	0.0000	0.0000	0.0000	0.0000	0.0000	0.0000	0.0000	0.0000	0.0000	0.0000	0.0000	0.0000	0.0000	0.0000	0.0000	0.0000	0.0000	0.0000	0.0000	0.0000	0.0000	0.0000	0.0000	0.0000	0.0000	0.0000	0.0000	0.0000	0.0000	0.0000	0.0000	0.0000	0.0000	0.0000	0.0000	0.0000	0.0000	0.0000	0.0000	0.0000	0.0000	0.0000	0.0000	0.0000	0.0000	0.0000	0.0000	0.0000											
38	65	0.1035	5	0	0	2	0	0	0	0	0	N	N	Y	N	N	N	N	N	N	N	N	N	0.0000	0.0000	0.0000	0.0000	0.0000	0.0000	0.0000	0.0000	0.0000	0.0000	0.0000	0.0000	0.0000	0.0146	0.1060	0.0000	0.0449	0.1558	0.0000	0.0000	0.0000	0.0000	0.0000	0.0000	-0.0001	1.0023	0.8734	0.0007	1.0002	0.0000	0.0000	0.0000	0.0000	0.0000	0.0000	0.0000	0.0000	0.0000	0.0002	0.0002	0.0000	0.0002	0.0002	0.0000	0.0000	0.0000	0.0000	0.0282	0.0240	0.0042	0.0079	0.0071	0.0008	0.0203	0.0169	0.0034	0.0150	0.0032	0.0119	0.0049	0.0014	0.0035	0.0101	0.0018	0.0084	0.0000	0.0000	0.0000	0.0000	0.0000	0.0000	0.0000	0.0000	0.0000	0.0146	0.0691	0.0000	0.0449	0.1558	0.0000	0.0000	0.0000	0.0000						
38	66	0.0889	4	0	0	1	0	0	0	0	0	N	N	N	N	N	N	N	N	N	N	N	N	0.2925	0.2328	0.0000	0.4866	0.4969	0.0000	0.0000	0.0000	0.0000	0.0000	0.0000	0.0000	0.0000	0.0000	0.0000	0.0000	0.0000	0.0000	0.0000	0.0000	0.0000	0.0000	0.0000	0.0000	0.0000	0.0000	0.0000	1.3077	-0.0000	-0.0000	1.0023	1.0063	0.0007	0.0727	0.0000	0.0000	0.0000	0.0000	0.0000	0.0000	0.0000	0.0000	0.0000	0.0000	0.0000	0.0000	0.0000	0.0000	0.0000	0.0000	0.0000	0.0000	0.0329	0.0280	0.0049	0.0092	0.0083	0.0009	0.0236	0.0196	0.0040	0.0115	0.0034	0.0081	0.0044	0.0021	0.0023	0.0070	0.0012	0.0058	0.2925	0.2328	0.0000	0.4866	0.4969	0.0000	0.0000	0.0000	0.0000	0.0000	0.0000	0.0000	0.0000	0.0000	0.0000	0.0000	0.0000	0.0000	
38	67	0.0211	3	0	0	1	0	0	0	0	0	N	N	N	N	N	N	N	N	N	N	N	N	0.2461	0.1113	0.0000	0.0000	0.0000	0.7041	0.0016	0.0000	0.0000	0.0000	0.0000	0.0000	0.0000	0.0000	0.0000	0.0000	0.0000	0.0000	0.0000	0.0000	0.0001	0.0001	0.0000	0.0000	0.0008	0.0000	0.0000	0.6667	-0.0000	-0.0000	1.0023	4.0009	0.0007	1.0789	0.0000	0.0000	0.0000	0.0000	0.0000	0.0000	0.0000	0.0000	0.0000	0.0000	0.0000	0.0000	0.0000	0.0000	0.0000	0.0000	0.0000	0.0000	0.1270	0.1091	0.0180	0.0286	0.0257	0.0029	0.0984	0.0834	0.0150	0.0373	0.0087	0.0286	0.0015	0.0014	0.0001	0.0358	0.0073	0.0285	0.2461	0.1113	0.0000	0.0000	0.0000	0.0000	0.7041	2.2020	0.0000	0.0000	0.0000	0.0000	0.0001	0.0001	0.0000	0.0000	0.0000	0.0000	
38	68	0.0211	3	0	1	1	0	0	0	0	0	N	N	N	N	N	N	N	N	N	N	N	N	0.0087	0.0472	0.0056	0.0562	0.0001	0.0000	0.0005	0.0000	0.0000	0.0000	0.0001	0.0000	0.0006	0.0075	0.0000	0.0098	0.0000	0.0000	0.0000	0.0148	0.0000	0.0098	inf	inf	0.0000	0.0001	1.0023	5.0000	0.0007	3.9994	0.0000	0.0000	0.0000	0.0000	0.0000	0.0000	0.0000	0.0000	0.0000	0.0004	0.0000	0.0004	0.0000	0.0000	0.0000	0.0004	0.0000	0.0004	0.1547	0.1331	0.0216	0.0348	0.0313	0.0035	0.1199	0.1019	0.0181	0.0591	0.0142	0.0449	0.0024	0.0023	0.0002	0.0566	0.0119	0.0447	0.0087	0.0000	0.0472	0.0000	0.0000	0.0000	0.0107	0.0000	0.0562	0.0075	0.0000	0.0098	0.0000	0.0000	0.0000	0.0078	0.0000	0.0098					
38	69	0.0211	3	1	0	2	0	0	0	0	0	N	N	Y	N	N	N	N	N	N	N	N	N	0.0000	0.0000	0.0000	0.0000	0.0000	0.0000	0.0000	0.0000	0.0000	0.0000	0.0000	0.0000	0.0000	0.0000	0.0000	0.0000	0.0000	0.0000	0.0000	0.0000	1.0023	7.0000	0.0007	2.9994	0.0000	0.0000	0.0000	0.0000	0.0000	0.0000	0.0000	0.0000	0.0000	0.0000	0.0000	0.0000	0.0000	0.0000	0.0000	0.0000	0.0000	0.0000	0.2060	0.1779	0.0281	0.0461	0.0415	0.0046	0.1599	0.1364	0.0235	0.0638	0.0154	0.0484	0.0027	0.0025	0.0002	0.0611	0.0130	0.0482	0.0000	0.0000	0.0000	0.0000	0.0000	0.0000	0.0000	0.0000	0.0000	0.0000	0.0000	0.0000	0.0000	0.0000	0.0000	0.0000	0.0000	0.0000											
38	70	0.0211	3	0	1	1	1	0	0	0	0	N	N	N	N	N	N	N	N	N	N	N	N	inf	inf	inf	inf	0.0001	0.0000	0.0006	0.0000	0.0000	0.0000	0.0001	0.0000	0.0007	0.0000	0.0000	0.0000	0.0000	0.0000	0.0000	0.0000	0.0000	0.0000	inf	0.0000	0.0000	1.0023	4.0000	0.0007	5.0006	0.0000	0.0000	0.0000	0.0000	0.0000	0.0000	0.0000	0.0000	0.0000	0.0000	0.0000	0.0000	0.0000	0.0000	0.0000	0.0000	0.0000	0.0000	0.1270	0.1091	0.0180	0.0286	0.0257	0.0029	0.0984	0.0834	0.0150	0.0591	0.0142	0.0449	0.0024	0.0023	0.0002	0.0566	0.0119	0.0447	inf	0.0000	inf	0.0000	0.0000	0.0000	inf	0.0000	inf	0.0000	0.0000	0.0000	0.0000	0.0000	0.0000	0.0000	0.0000	0.0000						
38	71	0.0211	3	0	1	1	0	0	0	0	0	N	N	N	N	N	N	N	N	N	N	N	N	1.7750	9.8235	1.0716	11.6856	0.0108	0.0000	0.0791	0.0000	0.0000	0.0000	0.0139	0.0000	0.0944	0.0061	0.0000	0.0080	0.0000	0.0000	0.0000	0.0130	0.0000	0.0081	inf	inf	0.0014	0.0001	1.0023	7.0000	0.0007	4.9994	0.0022	0.0000	0.0022	0.0000	0.0000	0.0000	0.0022	0.0000	0.0022	0.0004	0.0000	0.0004	0.0000	0.0000	0.0000	0.0004	0.0000	0.0004	0.2060	0.1779	0.0281	0.0461	0.0415	0.0046	0.1599	0.1364	0.0235	0.0725	0.0178	0.0547	0.0031	0.0029	0.0002	0.0694	0.0149	0.0545	1.7750	0.0000	9.8235	0.0000	0.0000	0.0000	2.1892	0.0000	11.6856	0.0061	0.0000	0.0080	0.0000	0.0000	0.0000	0.0063	0.0000	0.0081					
38	72	0.0777	4	0	1	1	0	0	0	0	0	N	N	N	N	N	N	N	N	N	N	N	N	inf	inf	inf	inf	inf	inf	0.0149	0.0172	0.0000	0.0000	0.0000	0.0000	0.0217	0.0257	0.0000	0.0000	0.0000	0.0000	0.0000	0.0000	0.0000	0.0000	0.0000	0.0000	0.0000	-0.0008	0.0000	1.0023	4.7764	0.0007	1.3205	0.0022	0.0022	0.0000	0.0000	0.0000	0.0000	0.0022	0.0022	0.0000	0.0000	0.0000	0.0000	0.0000	0.0000	0.0000	0.0000	0.0000	0.0000	0.1459	0.1264	0.0195	0.0461	0.0421	0.0040	0.0998	0.0843	0.0155	0.0373	0.0151	0.0222	0.0110	0.0108	0.0001	0.0263	0.0042	0.0221	inf	inf	0.0000	inf	inf	0.0000	inf	inf	0.0000	0.0000	0.0000	0.0000	0.0000	0.0000	0.0000	0.0000	0.0000	0.0000				
38	73	0.0211	3	0	1	1	0	0	0	0	0	N	N	N	N	N	N	N	N	N	N	N	N	7.5884	4.0196	0.0021	0.0000	0.0000	17.0142	0.0865	0.0025	0.0004	0.0004	0.0000	0.0000	0.0000	0.0000	0.0005	0.0006	0.0000	0.0000	0.0001	0.0000	0.0006	0.0006	0.0000	0.0000	0.0066	0.0000	0.0000	0.9344	-0.0000	-0.0000	1.0023	3.3049	0.0007	2.7470	0.0000	0.0000	0.0000	0.0000	0.0000	0.0000	0.0000	0.0000	0.0000	0.0000	0.0000	0.0000	0.0000	0.0000	0.0000	0.0000	0.0000	0.0000	0.1069	0.0916	0.0152	0.0241	0.0216	0.0025	0.0828	0.0700	0.0128	0.0432	0.0101	0.0331	0.0017	0.0016	0.0001	0.0415	0.0085	0.0330	7.5884	4.0196	0.0021	0.0000	0.0000	0.0000	17.0142	32.6924	0.0025	0.0000	0.0001	0.0000	0.0006	0.0006	0.0000	0.0000	0.0000	0.0000	
38	74	0.0799	4	0	1	1	0	0	0	0	0	N	N	N	N	N	N	N	N	N	N	N	N	0.0000	0.0000	0.0000	0.0000	0.0000	0.0000	0.0000	0.0000	0.0000	0.0000	0.0000	0.0000	0.0000	0.0000	0.0000	0.0000	0.0000	0.0000	0.0000	0.0000	1.0023	0.0000	0.0007	0.0000	0.0000	0.0000	0.0000	0.0000	0.0000	0.0000	0.0000	0.0000	0.0000	0.0000	0.0000	0.0000	0.0000	0.0000	0.0000	0.0000	0.0000	0.0000	0.0000	0.0000	0.0000	0.0000	0.0000	0.0000	0.0000	0.0000	0.0000	0.0000	0.0000	0.0000	0.0000	0.0000	0.0000	0.0000	0.0000	0.0000	0.0000	0.0000	0.0000	0.0000	0.0000	0.0000	0.0000	0.0000	0.0000	0.0000	0.0000	0.0000	0.0000	0.0000	0.0000	0.0000	0.0000	0.0000											
38	75	0.0211	3	0	1	1	0	0	0	0	0	N	N	N	N	N	N	N	N	N	N	N	N	0.0078	0.0000	0.0424	0.0000	0.0000	0.0058	0.0505	0.0001	0.0000	0.0005	0.0000	0.0000	0.0000	0.0001	0.0000	0.0006	0.0094	0.0002	0.0122	0.0014	0.0015	0.0000	0.0163	0.0000	0.0123	inf	164.4737	0.0000	0.0001	1.0023	4.3567	0.0007	2.3689	0.0000	0.0000	0.0000	0.0000	0.0000	0.0000	0.0000	0.0000	0.0000	0.0004	0.0000	0.0004	0.0000	0.0000	0.0000	0.0004	0.0000	0.0004	0.1371	0.1178	0.0193	0.0309	0.0277	0.0031	0.1062	0.0901	0.0161	0.0471	0.0111	0.0360	0.0019	0.0018	0.0001	0.0452	0.0093	0.0359	0.0078	0.0000	0.0424	0.0000	0.0000	0.0000	0.0097	0.0000	0.0505	0.0094	0.0002	0.0122	0.0014	0.0015	0.0000	0.0097	0.0000	0.0123		
38	76	0.0885	6	1	1	1	1	0	0	0	0	N	N	N	N	N	N	N	N	N	N	N	N	0.0000	0.0000	0.0000	0.0000	0.0000	0.0000	0.0000	0.0000	0.0000	0.0000	0.0000	0.0000	0.0000	0.0000	0.0000	0.0000	0.0000	0.0000	0.0000	0.0000	1.0023	0.0000	0.0007	0.0000	0.0000	0.0000	0.0000	0.0000	0.0000	0.0000	0.0000	0.0000	0.0000	0.0000	0.0000	0.0000	0.0000	0.0000	0.0000	0.0000	0.0000	0.0000	0.0000	0.0000	0.0000	0.0000	0.0000	0.0000	0.0000	0.0000	0.0000	0.0000	0.0000	0.0000	0.0000	0.0000	0.0000	0.0000	0.0000	0.0000	0.0000	0.0000	0.0000	0.0000	0.0000	0.0000	0.0000	0.0000	0.0000	0.0000	0.0000	0.0000	0.0000	0.0000	0.0000	0.0000	0.0000	0.0000											
38	77	0.0802	5	1	1	1	1	0	0	0	0	N	N	N	N	N	N	N	N	N	N	N	N	0.0000	0.0000	0.0000	0.0000	0.0000	0.0000	0.0000	0.0000	0.0000	0.0000	0.0000	0.0000	0.0000	0.0000	0.0000	0.0000	0.0000	0.0000	0.0000	0.0000	0.0000	0.0000	inf	0.0000	0.0000	1.0023	1.0073	0.0007	0.3366	0.0000	0.0000	0.0000	0.0000	0.0000	0.0000	0.0000	0.0000	0.0000	0.0000	0.0000	0.0000	0.0000	0.0000	0.0000	0.0000	0.0000	0.0000	0.0320	0.0275	0.0045	0.0066	0.0062	0.0004	0.0254	0.0213	0.0041	0.0079	0.0029	0.0050	0.0012	0.0011	0.0001	0.0068	0.0018	0.0049	0.0000	0.0000	0.0000	0.0000	0.0000	0.0000	0.0000	0.0000	0.0000	0.0000	0.0000	0.0000	0.0000	0.0000	0.0000	0.0000	0.0000	0.0000						
38	78	0.1060	5	0	1	1	1	0	0	0	0	N	N	N	N	N	N	N	N	N	N	N	N	0.0000	0.0000	0.0000	0.0000	0.0000	0.0000	0.0000	0.0000	0.0000	0.0000	0.0000	0.0000	0.0000	0.0000	0.0000	0.0000	0.0000	0.0000	0.0000	0.0000	1.0023	0.0000	0.0007	0.0000	0.0000	0.0000	0.0000	0.0000	0.0000	0.0000	0.0000	0.0000	0.0000	0.0000	0.0000	0.0000	0.0000	0.0000	0.0000	0.0000	0.0000	0.0000	0.0000	0.0000	0.0000	0.0000	0.0000	0.0000	0.0000	0.0000	0.0000	0.0000	0.0000	0.0000	0.0000	0.0000	0.0000	0.0000	0.0000	0.0000	0.0000	0.0000	0.0000	0.0000	0.0000	0.0000	0.0000	0.0000	0.0000	0.0000	0.0000	0.0000	0.0000	0.0000	0.0000	0.0000	0.0000	0.0000											
38	79	0.0977	4	0	1	1	1	0	0	0	0	N	N	N	N	N	N	N	N	N	N	N	N	0.0000	0.0000	0.0000	0.0000	0.0000	0.0000	0.0000	0.0000	0.0000	0.0000	0.0000	0.0000	0.0000	0.0000	0.0000	0.0000	0.0000	0.0000	0.0000	0.0000	1.0023	0.0000	0.0007	1.0000	0.0000	0.0000	0.0000	0.0000	0.0000	0.0000	0.0000	0.0000	0.0000	0.0000	0.0000	0.0000	0.0000	0.0000	0.0000	0.0000	0.0000	0.0000	0.0000	0.0000	0.0000	0.0000	0.0000	0.0000	0.0000	0.0000	0.0000	0.0079	0.0024	0.0055	0.0031	0.0011	0.0020	0.0049	0.0014	0.0035	0.0000	0.0000	0.0000	0.0000	0.0000	0.0000	0.0000	0.0000	0.0000	0.0000	0.0000	0.0000	0.0000	0.0000	0.0000	0.0000	0.0000	0.0000											
38	80	0.0802	5	0	1	1	0	0	0	0	0	N	N	N	N	N	N	N	N	N	N	N	N	0.0000	0.0000	0.0000	0.0000	0.0000	0.0000	0.0000	0.0000	0.0000	0.0000	0.0000	0.0000	0.0000	0.0000	0.0000	0.0000	0.0000	0.0000	0.0000	0.0000	0.0000	0.0000	inf	0.0000	0.0000	1.0023	3.9927	0.0007	1.0002	0.0000	0.0000	0.0000	0.0000	0.0000	0.0000	0.0000	0.0000	0.0000	0.0000	0.0000	0.0000	0.0000	0.0000	0.0000	0.0000	0.0000	0.0000	0.1172	0.1013	0.0159	0.0244	0.0229	0.0015	0.0927	0.0783	0.0144	0.0253	0.0092	0.0161	0.0032	0.0030	0.0002	0.0222	0.0063	0.0159	0.0000	0.0000	0.0000	0.0000	0.0000	0.0000	0.0000	0.0000	0.0000	0.0000	0.0000	0.0000	0.0000	0.0000	0.0000	0.0000	0.0000	0.0000						
38	81	0.0755	4	0	1	1	0	0	0	0	0	N	N	N	N	N	N	N	N	N	N	N	N	0.0000	0.0000	0.0000	0.0000	0.0000	0.0000	0.0000	0.0000	0.0000	0.0000	0.0000	0.0000	0.0000	0.0000	0.0000	0.0000	0.0000	0.0000	0.0000	0.0000	0.0000	0.0000	0.0000	0.0000	-0.0000	1.0023	0.0110	0.0007	0.6549	0.0000	0.0000	0.0000	0.0000	0.0000	0.0000	0.0000	0.0000	0.0000	0.0000	0.0000	0.0000	0.0000	0.0000	0.0000	0.0000	0.0000	0.0000	0.0004	0.0003	0.0001	0.0001	0.0001	0.0000	0.0003	0.0002	0.0000	0.0037	0.0013	0.0024	0.0004	0.0004	0.0000	0.0033	0.0009	0.0023	0.0000	0.0000	0.0000	0.0000	0.0000	0.0000	0.0000	0.0000	0.0000	0.0000	0.0000	0.0000	0.0000	0.0000	0.0000	0.0000	0.0000	0.0000						
38	82	0.0977	4	0	0	2	1	0	0	0	0	N	N	Y	N	N	N	N	N	N	N	N	N	0.0000	0.0000	0.0000	0.0000	0.0000	0.0000	0.0000	0.0000	0.0000	0.0000	0.0000	0.0000	0.0000	0.0000	0.0000	0.0000	0.0000	0.0000	0.0000	0.0000	1.0023	1.0000	0.0007	0.0000	0.0000	0.0000	0.0000	0.0000	0.0000	0.0000	0.0000	0.0000	0.0000	0.0000	0.0000	0.0000	0.0000	0.0000	0.0000	0.0000	0.0000	0.0000	0.0316	0.0271	0.0045	0.0050	0.0048	0.0003	0.0266	0.0224	0.0042	0.0079	0.0024	0.0055	0.0031	0.0011	0.0020	0.0049	0.0014	0.0035	0.0000	0.0000	0.0000	0.0000	0.0000	0.0000	0.0000	0.0000	0.0000	0.0000	0.0000	0.0000	0.0000	0.0000	0.0000	0.0000	0.0000	0.0000											
38	83	0.0977	4	0	0	2	1	0	0	0	0	N	N	Y	N	N	N	N	N	N	N	N	N	0.0000	0.0000	0.0000	0.0000	0.0000	0.0000	0.0000	0.0000	0.0000	0.0000	0.0000	0.0000	0.0000	0.0000	0.0000	0.0000	0.0000	0.0000	0.0000	0.0000	1.0023	0.0000	0.0007	0.0000	0.0000	0.0000	0.0000	0.0000	0.0000	0.0000	0.0000	0.0000	0.0000	0.0000	0.0000	0.0000	0.0000	0.0000	0.0000	0.0000	0.0000	0.0000	0.0000	0.0000	0.0000	0.0000	0.0000	0.0000	0.0000	0.0000	0.0000	0.0000	0.0000	0.0000	0.0000	0.0000	0.0000	0.0000	0.0000	0.0000	0.0000	0.0000	0.0000	0.0000	0.0000	0.0000	0.0000	0.0000	0.0000	0.0000	0.0000	0.0000	0.0000	0.0000	0.0000	0.0000	0.0000	0.0000											
38	84	0.0211	3	0	0	1	1	0	0	0	0	N	N	N	N	N	N	N	N	N	N	N	N	inf	inf	inf	inf	0.0001	0.0001	0.0000	0.0000	0.0000	0.0000	0.0001	0.0002	0.0000	0.0000	0.0000	0.0000	0.0000	0.0000	0.0000	0.0000	0.0000	0.0000	0.0000	-0.0000	0.0000	1.0023	3.0000	0.0007	5.9994	0.0000	0.0000	0.0000	0.0000	0.0000	0.0000	0.0000	0.0000	0.0000	0.0000	0.0000	0.0000	0.0000	0.0000	0.0000	0.0000	0.0000	0.0000	0.0978	0.0838	0.0140	0.0221	0.0198	0.0023	0.0757	0.0640	0.0117	0.0591	0.0142	0.0449	0.0024	0.0023	0.0002	0.0566	0.0119	0.0447	inf	inf	0.0000	0.0000	0.0000	0.0000	inf	inf	0.0000	0.0000	0.0000	0.0000	0.0000	0.0000	0.0000	0.0000	0.0000	0.0000						
38	85	0.1587	4	1	1	1	0	0	0	0	0	N	N	N	N	N	N	N	N	N	N	N	N	0.0000	0.0000	0.0000	0.0000	0.0000	0.0000	0.0000	0.0000	0.0000	0.0000	0.0000	0.0000	0.0000	0.0000	0.0000	0.0000	0.0000	0.0000	0.0000	0.0000	1.0023	0.0000	0.0007	0.0000	0.0000	0.0000	0.0000	0.0000	0.0000	0.0000	0.0000	0.0000	0.0000	0.0000	0.0000	0.0000	0.0000	0.0000	0.0000	0.0000	0.0000	0.0000	0.0000	0.0000	0.0000	0.0000	0.0000	0.0000	0.0000	0.0000	0.0000	0.0000	0.0000	0.0000	0.0000	0.0000	0.0000	0.0000	0.0000	0.0000	0.0000	0.0000	0.0000	0.0000	0.0000	0.0000	0.0000	0.0000	0.0000	0.0000	0.0000	0.0000	0.0000	0.0000	0.0000	0.0000	0.0000	0.0000											
38	86	0.0211	3	1	1	1	0	0	0	0	0	N	N	N	N	N	N	N	N	N	N	N	N	0.0213	0.0061	0.0000	0.0000	inf	inf	0.0001	0.0001	0.0000	0.0000	0.0000	0.0000	0.0001	0.0001	0.0000	0.0030	0.0124	0.0000	0.0715	0.0765	0.0000	0.0000	0.0000	0.0000	0.0000	0.0000	-0.0000	-0.0001	1.0023	5.0000	0.0007	7.0006	0.0000	0.0000	0.0000	0.0000	0.0000	0.0000	0.0000	0.0000	0.0000	0.0002	0.0002	0.0000	0.0002	0.0002	0.0000	0.0000	0.0000	0.0000	0.1547	0.1331	0.0216	0.0348	0.0313	0.0035	0.1199	0.1019	0.0181	0.0725	0.0178	0.0547	0.0031	0.0029	0.0002	0.0694	0.0149	0.0545	0.0213	0.0061	0.0000	0.0000	0.0000	0.0000	inf	inf	0.0000	0.0030	0.0124	0.0000	0.0715	0.0765	0.0000	0.0000	0.0000	0.0000			
38	87	0.0211	3	0	1	1	0	0	0	0	0	N	N	N	N	N	N	N	N	N	N	N	N	inf	inf	inf	inf	0.0003	0.0003	0.0000	0.0000	0.0000	0.0000	0.0004	0.0004	0.0000	0.0000	0.0000	0.0000	0.0000	0.0000	0.0000	0.0000	0.0000	0.0000	0.0000	-0.0000	0.0000	1.0023	1.0000	0.0007	3.0006	0.0000	0.0000	0.0000	0.0000	0.0000	0.0000	0.0000	0.0000	0.0000	0.0000	0.0000	0.0000	0.0000	0.0000	0.0000	0.0000	0.0000	0.0000	0.0344	0.0294	0.0051	0.0078	0.0070	0.0008	0.0266	0.0224	0.0042	0.0303	0.0070	0.0233	0.0012	0.0011	0.0001	0.0292	0.0059	0.0233	inf	inf	0.0000	0.0000	0.0000	0.0000	inf	inf	0.0000	0.0000	0.0000	0.0000	0.0000	0.0000	0.0000	0.0000	0.0000	0.0000						
38	88	0.0755	4	1	1	1	0	0	0	0	0	N	N	N	N	N	N	N	N	N	N	N	N	0.0000	0.0000	0.0000	0.0000	0.0000	0.0000	0.0000	0.0000	0.0000	0.0000	0.0000	0.0000	0.0000	0.0000	0.0000	0.0000	0.0000	0.0000	0.0000	0.0000	1.0023	0.0000	0.0007	0.0000	0.0000	0.0000	0.0000	0.0000	0.0000	0.0000	0.0000	0.0000	0.0000	0.0000	0.0000	0.0000	0.0000	0.0000	0.0000	0.0000	0.0000	0.0000	0.0000	0.0000	0.0000	0.0000	0.0000	0.0000	0.0000	0.0000	0.0000	0.0000	0.0000	0.0000	0.0000	0.0000	0.0000	0.0000	0.0000	0.0000	0.0000	0.0000	0.0000	0.0000	0.0000	0.0000	0.0000	0.0000	0.0000	0.0000	0.0000	0.0000	0.0000	0.0000	0.0000	0.0000	0.0000	0.0000											
38	89	0.0211	3	0	1	1	0	0	0	0	0	N	N	N	N	N	N	N	N	N	N	N	N	inf	inf	inf	inf	0.0001	0.0001	0.0000	0.0000	0.0000	0.0000	0.0001	0.0001	0.0000	0.0000	0.0000	0.0000	0.0000	0.0000	0.0000	0.0000	0.0000	0.0000	0.0000	-0.0000	0.0000	1.0023	4.0000	0.0007	4.0001	0.0000	0.0000	0.0000	0.0000	0.0000	0.0000	0.0000	0.0000	0.0000	0.0000	0.0000	0.0000	0.0000	0.0000	0.0000	0.0000	0.0000	0.0000	0.1270	0.1091	0.0180	0.0286	0.0257	0.0029	0.0984	0.0834	0.0150	0.0540	0.0129	0.0411	0.0022	0.0021	0.0001	0.0518	0.0108	0.0410	inf	inf	0.0000	0.0000	0.0000	0.0000	inf	inf	0.0000	0.0000	0.0000	0.0000	0.0000	0.0000	0.0000	0.0000	0.0000	0.0000						
38	91	0.1667	5	0	0	1	0	0	0	0	0	N	N	N	N	N	N	N	N	N	N	N	N	52.2182	44.2175	0.0000	7.0784	12.9495	0.0000	300.1894	inf	0.0000	0.0046	0.0053	0.0000	0.0030	0.0033	0.0000	0.0054	0.0063	0.0000	0.0001	0.0001	0.0001	0.0004	0.0003	0.0037	0.0000	0.0000	0.0000	0.0000	1.1438	-0.0006	-0.0000	1.0023	11.5137	0.0007	4.9035	0.0016	0.0016	0.0000	0.0004	0.0004	0.0000	0.0013	0.0013	0.0000	0.0000	0.0000	0.0000	0.0000	0.0000	0.0000	0.0000	0.0000	0.0000	0.3524	0.3108	0.0416	0.1157	0.1071	0.0086	0.2367	0.2038	0.0330	0.1005	0.0350	0.0655	0.0172	0.0164	0.0009	0.0832	0.0186	0.0646	52.2182	44.2175	0.0000	7.0784	12.9495	0.0000	300.1894	inf	0.0000	0.0001	0.0001	0.0001	0.0004	0.0003	0.0037	0.0000	0.0000	0.0000
39	41	0.0662	4	0	1	0	0	0	0	0	0	N	N	N	N	N	N	N	N	N	N	N	N	0.0000	0.0000	0.0000	0.0000	0.0000	0.0000	0.0000	0.0000	0.0000	0.0000	0.0000	0.0000	0.0000	0.0000	0.0000	0.0000	0.0000	0.0001	0.0002	0.0001	0.0013	0.0013	0.0037	0.0001	0.0000	0.0001	1.0000	0.0000	-0.0000	0.0347	1.0144	0.0013	1.0128	0.0000	0.0000	0.0000	0.0000	0.0000	0.0000	0.0000	0.0000	0.0000	0.0000	0.0000	0.0000	0.0000	0.0000	0.0000	0.0000	0.0000	0.0000	0.0039	0.0037	0.0002	0.0016	0.0016	0.0000	0.0023	0.0021	0.0002	0.0007	0.0002	0.0005	0.0000	0.0000	0.0000	0.0006	0.0001	0.0005	0.0000	0.0000	0.0000	0.0000	0.0000	0.0000	0.0000	0.0000	0.0000	0.0001	0.0002	0.0001	0.0013	0.0013	0.0037	0.0001	0.0000	0.0001		
39	42	0.0131	2	1	1	1	0	0	0	0	0	N	N	N	N	N	N	N	N	N	N	N	N	0.0000	0.0000	0.0000	0.0000	0.0000	0.0000	0.0000	0.0000	0.0000	0.0000	0.0000	0.0000	0.0000	0.0000	0.0000	0.0000	0.0000	0.0000	0.0000	0.0000	0.0347	3.0000	0.0013	2.9994	0.0000	0.0000	0.0000	0.0000	0.0000	0.0000	0.0000	0.0000	0.0000	0.0000	0.0000	0.0000	0.0000	0.0000	0.0000	0.0000	0.0000	0.0000	0.0104	0.0099	0.0005	0.0043	0.0042	0.0001	0.0062	0.0057	0.0005	0.0017	0.0005	0.0013	0.0001	0.0001	0.0000	0.0016	0.0003	0.0013	0.0000	0.0000	0.0000	0.0000	0.0000	0.0000	0.0000	0.0000	0.0000	0.0000	0.0000	0.0000	0.0000	0.0000	0.0000	0.0000	0.0000	0.0000											
39	43	0.0131	2	1	1	1	0	0	0	0	0	N	N	N	N	N	N	N	N	N	N	N	N	0.0000	0.0000	0.0000	0.0000	0.0000	0.0000	0.0000	0.0000	0.0000	0.0000	0.0000	0.0000	0.0000	0.0000	0.0000	0.0000	0.0000	0.0000	0.0000	0.0000	0.0347	4.0000	0.0013	4.9994	0.0000	0.0000	0.0000	0.0000	0.0000	0.0000	0.0000	0.0000	0.0000	0.0000	0.0000	0.0000	0.0000	0.0000	0.0000	0.0000	0.0000	0.0000	0.0136	0.0129	0.0007	0.0055	0.0054	0.0001	0.0080	0.0074	0.0006	0.0024	0.0006	0.0017	0.0002	0.0002	0.0000	0.0022	0.0005	0.0017	0.0000	0.0000	0.0000	0.0000	0.0000	0.0000	0.0000	0.0000	0.0000	0.0000	0.0000	0.0000	0.0000	0.0000	0.0000	0.0000	0.0000	0.0000											
39	44	0.1507	3	1	1	0	0	0	0	0	0	N	N	N	N	N	N	N	N	N	N	N	N	0.0000	0.0000	0.0000	0.0000	0.0000	0.0000	0.0000	0.0000	0.0000	0.0000	0.0000	0.0000	0.0000	0.0000	0.0000	0.0000	0.0000	0.0000	0.0000	0.0000	0.0347	2.0000	0.0013	1.0000	0.0000	0.0000	0.0000	0.0000	0.0000	0.0000	0.0000	0.0000	0.0000	0.0000	0.0000	0.0000	0.0000	0.0000	0.0000	0.0000	0.0000	0.0000	0.0069	0.0066	0.0003	0.0027	0.0027	0.0000	0.0042	0.0039	0.0003	0.0008	0.0003	0.0005	0.0002	0.0001	0.0001	0.0007	0.0002	0.0005	0.0000	0.0000	0.0000	0.0000	0.0000	0.0000	0.0000	0.0000	0.0000	0.0000	0.0000	0.0000	0.0000	0.0000	0.0000	0.0000	0.0000	0.0000											
39	45	0.0783	4	0	1	0	1	0	0	0	0	N	N	N	N	N	N	N	N	N	N	N	N	0.0000	0.0000	0.0000	0.0000	0.0000	0.0000	0.0000	0.0000	0.0000	0.0000	0.0000	0.0000	0.0000	0.0000	0.0000	0.0000	0.0000	0.0000	0.0000	0.0000	0.0347	1.0000	0.0013	0.0000	0.0000	0.0000	0.0000	0.0000	0.0000	0.0000	0.0000	0.0000	0.0000	0.0000	0.0000	0.0000	0.0000	0.0000	0.0000	0.0000	0.0000	0.0000	0.0037	0.0035	0.0002	0.0014	0.0014	0.0000	0.0023	0.0021	0.0002	0.0003	0.0001	0.0002	0.0000	0.0000	0.0000	0.0003	0.0001	0.0002	0.0000	0.0000	0.0000	0.0000	0.0000	0.0000	0.0000	0.0000	0.0000	0.0000	0.0000	0.0000	0.0000	0.0000	0.0000	0.0000	0.0000	0.0000											
39	46	0.0783	4	0	0	0	1	0	0	0	0	N	N	N	N	N	N	N	N	N	N	N	N	0.0000	0.0000	0.0000	0.0000	0.0000	0.0000	0.0000	0.0000	0.0000	0.0000	0.0000	0.0000	0.0000	0.0000	0.0000	0.0000	0.0000	0.0000	0.0000	0.0000	0.0347	0.0000	0.0013	0.0000	0.0000	0.0000	0.0000	0.0000	0.0000	0.0000	0.0000	0.0000	0.0000	0.0000	0.0000	0.0000	0.0000	0.0000	0.0000	0.0000	0.0000	0.0000	0.0000	0.0000	0.0000	0.0000	0.0000	0.0000	0.0000	0.0000	0.0000	0.0000	0.0000	0.0000	0.0000	0.0000	0.0000	0.0000	0.0000	0.0000	0.0000	0.0000	0.0000	0.0000	0.0000	0.0000	0.0000	0.0000	0.0000	0.0000	0.0000	0.0000	0.0000	0.0000	0.0000	0.0000	0.0000	0.0000											
39	47	0.0453	3	0	0	0	1	0	0	0	0	N	N	N	N	N	N	N	N	N	N	N	N	0.0001	0.0000	0.9621	0.0005	0.0004	3.0314	0.0000	0.0000	0.9362	0.0001	0.0001	0.0001	0.0003	0.0002	0.0038	0.0000	0.0000	0.0000	0.9555	2.0152	0.0001	0.4943	0.5819	0.0012	0.4109	4.2822	0.0000	0.0725	0.0002	-0.0000	-0.0005	0.0347	2.0873	0.0013	1.9360	0.0000	0.0000	0.0000	0.0000	0.0000	0.0000	0.0000	0.0000	0.0000	0.0007	0.0007	0.0000	0.0004	0.0004	0.0000	0.0004	0.0004	0.0000	0.0075	0.0071	0.0004	0.0027	0.0027	0.0000	0.0048	0.0044	0.0004	0.0023	0.0011	0.0012	0.0007	0.0006	0.0001	0.0015	0.0004	0.0011	0.0003	0.0001	0.9621	0.0005	0.0004	3.0314	0.0000	0.0000	0.9362	0.3194	0.6850	0.0001	0.4943	0.5819	0.0012	0.2349	0.8354	0.0000
39	48	0.0131	2	0	0	0	1	0	0	0	0	N	N	N	N	N	N	N	N	N	N	N	N	0.0012	0.0003	0.0813	0.0005	0.0004	0.0065	0.0000	0.0957	0.0016	0.0008	0.0148	0.0018	0.0019	0.0000	0.0014	0.0001	0.0174	1.2658	2.6526	0.1817	3.8120	4.2931	0.0000	0.2086	3.6385	0.1823	0.9355	0.5287	0.0000	-0.0002	0.0347	3.9129	0.0013	0.7267	0.0000	0.0000	0.0000	0.0000	0.0000	0.0000	0.0000	0.0000	0.0000	0.0005	0.0003	0.0002	0.0003	0.0003	0.0000	0.0003	0.0001	0.0002	0.0133	0.0126	0.0007	0.0054	0.0053	0.0001	0.0079	0.0073	0.0006	0.0014	0.0004	0.0010	0.0001	0.0001	0.0000	0.0013	0.0003	0.0010	0.0040	0.0009	0.0813	0.0007	0.0007	0.0000	0.0065	0.0003	0.0957	0.3871	0.9613	0.1817	2.6766	2.7607	0.0000	0.2086	0.3087	0.1823	
39	49	0.0131	2	0	1	1	0	0	0	0	0	N	N	N	N	N	N	N	N	N	N	N	N	inf	inf	inf	inf	inf	inf	1.7762	1.8690	0.0000	0.2701	0.2752	0.0000	2.8154	3.0309	0.0000	0.0000	0.0000	0.0000	0.0000	0.0000	0.0000	0.0000	0.0000	0.0000	0.0000	-0.0133	0.0000	0.0347	6.0000	0.0013	4.0006	0.0344	0.0344	0.0000	0.0021	0.0021	0.0000	0.0323	0.0323	0.0000	0.0000	0.0000	0.0000	0.0000	0.0000	0.0000	0.0000	0.0000	0.0000	0.0194	0.0184	0.0010	0.0079	0.0078	0.0001	0.0115	0.0107	0.0008	0.0026	0.0007	0.0019	0.0002	0.0002	0.0000	0.0024	0.0005	0.0018	inf	inf	0.0000	inf	inf	0.0000	inf	inf	0.0000	0.0000	0.0000	0.0000	0.0000	0.0000	0.0000	0.0000	0.0000	0.0000				
39	50	0.0131	2	1	0	1	0	0	0	0	0	N	N	N	N	N	N	N	N	N	N	N	N	0.0000	0.0000	0.0000	0.0000	0.0000	0.0000	0.0000	0.0000	0.0000	0.0000	0.0000	0.0000	0.0000	0.0000	0.0000	0.0000	0.0000	0.0000	0.0000	0.0000	0.0347	6.0000	0.0013	3.0006	0.0000	0.0000	0.0000	0.0000	0.0000	0.0000	0.0000	0.0000	0.0000	0.0000	0.0000	0.0000	0.0000	0.0000	0.0000	0.0000	0.0000	0.0000	0.0194	0.0184	0.0010	0.0079	0.0078	0.0001	0.0115	0.0107	0.0008	0.0024	0.0006	0.0017	0.0002	0.0002	0.0000	0.0022	0.0005	0.0017	0.0000	0.0000	0.0000	0.0000	0.0000	0.0000	0.0000	0.0000	0.0000	0.0000	0.0000	0.0000	0.0000	0.0000	0.0000	0.0000	0.0000	0.0000											
39	51	0.0509	3	1	1	0	0	0	0	0	0	N	N	N	N	N	N	N	N	N	N	N	N	731.2637	581.2452	0.0000	9.6791	16.1184	0.0000	7881.1137	inf	0.0000	0.1056	0.1274	0.0000	0.0098	0.0121	0.0000	0.3914	0.4363	0.0000	0.0001	0.0002	0.0001	0.0010	0.0008	0.0101	0.0000	0.0000	0.0001	0.0000	0.9999	-0.0002	-0.0000	0.0347	1.0314	0.0013	3.0033	0.0006	0.0006	0.0000	0.0000	0.0000	0.0000	0.0006	0.0006	0.0000	0.0000	0.0000	0.0000	0.0000	0.0000	0.0000	0.0000	0.0000	0.0000	0.0058	0.0048	0.0010	0.0044	0.0035	0.0009	0.0015	0.0013	0.0002	0.0010	0.0003	0.0007	0.0001	0.0001	0.0000	0.0009	0.0002	0.0007	731.2637	581.2452	0.0000	9.6791	16.1184	0.0000	7881.1137	inf	0.0000	0.0001	0.0002	0.0001	0.0010	0.0008	0.0101	0.0000	0.0000	0.0001
39	52	0.0131	2	1	1	0	0	0	0	0	0	N	N	N	N	N	N	N	N	N	N	N	N	20318.4168	8194.8120	0.0000	448.5797	443.2013	59737.0351	220.8533	0.0000	2.0523	2.1609	0.0000	0.3121	0.3180	0.0000	3.2531	3.5052	0.0000	0.0001	0.0003	0.0000	0.0007	0.0007	0.0000	0.0001	0.0159	0.0000	0.0000	0.4496	-0.0130	-0.0000	0.0347	4.9791	0.0013	0.0710	0.0338	0.0338	0.0000	0.0021	0.0021	0.0000	0.0317	0.0317	0.0000	0.0000	0.0000	0.0000	0.0000	0.0000	0.0000	0.0000	0.0000	0.0000	0.0165	0.0157	0.0008	0.0067	0.0066	0.0001	0.0098	0.0091	0.0007	0.0015	0.0004	0.0011	0.0001	0.0001	0.0000	0.0014	0.0003	0.0011	20318.4168	8194.8120	0.0000	448.5797	443.2013	0.0000	59737.0351	35436.6375	0.0000	0.0001	0.0003	0.0000	0.0007	0.0007	0.0000	0.0001	0.0001	0.0000	
39	53	0.0131	2	0	1	0	0	0	0	0	0	N	N	N	N	N	N	N	N	N	N	N	N	inf	inf	inf	inf	inf	inf	1.7762	1.8690	0.0000	0.2701	0.2752	0.0000	2.8154	3.0309	0.0000	0.0000	0.0000	0.0000	0.0000	0.0000	0.0000	0.0000	0.0000	0.0000	0.0000	-0.0133	0.0000	0.0347	6.0000	0.0013	4.0006	0.0344	0.0344	0.0000	0.0021	0.0021	0.0000	0.0323	0.0323	0.0000	0.0000	0.0000	0.0000	0.0000	0.0000	0.0000	0.0000	0.0000	0.0000	0.0194	0.0184	0.0010	0.0079	0.0078	0.0001	0.0115	0.0107	0.0008	0.0026	0.0007	0.0019	0.0002	0.0002	0.0000	0.0024	0.0005	0.0018	inf	inf	0.0000	inf	inf	0.0000	inf	inf	0.0000	0.0000	0.0000	0.0000	0.0000	0.0000	0.0000	0.0000	0.0000	0.0000				
39	54	0.0662	4	0	0	1	0	0	0	0	0	N	N	N	N	N	N	N	N	N	N	N	N	0.0000	0.0000	0.0000	0.0000	0.0000	0.0000	0.0000	0.0000	0.0000	0.0000	0.0000	0.0000	0.0000	0.0000	0.0000	0.0000	0.0000	0.0002	0.0004	0.0001	0.0023	0.0023	0.0073	0.0001	0.0000	0.0001	1.0000	0.0000	-0.0000	0.0347	0.0147	0.0013	0.9910	0.0000	0.0000	0.0000	0.0000	0.0000	0.0000	0.0000	0.0000	0.0000	0.0000	0.0000	0.0000	0.0000	0.0000	0.0000	0.0000	0.0000	0.0000	0.0001	0.0001	0.0000	0.0001	0.0001	0.0000	0.0001	0.0000	0.0000	0.0003	0.0001	0.0002	0.0000	0.0000	0.0000	0.0003	0.0001	0.0002	0.0000	0.0000	0.0000	0.0000	0.0000	0.0000	0.0000	0.0000	0.0000	0.0002	0.0004	0.0001	0.0023	0.0023	0.0073	0.0001	0.0000	0.0001		
39	55	0.0552	3	0	0	0	0	0	0	0	0	N	N	N	N	N	N	N	N	N	N	N	N	0.0004	0.0001	0.0052	0.0001	0.0001	0.0000	0.0002	0.0000	0.0053	0.0000	0.0000	0.0000	0.0000	0.0000	0.0000	0.0000	0.0000	0.0000	0.0051	0.0099	0.0035	0.0547	0.0548	0.0480	0.0070	0.0049	0.0034	1.0000	0.9982	0.0000	-0.0000	0.0347	0.9556	0.0013	1.0192	0.0000	0.0000	0.0000	0.0000	0.0000	0.0000	0.0000	0.0000	0.0000	0.0000	0.0000	0.0000	0.0000	0.0000	0.0000	0.0000	0.0000	0.0000	0.0037	0.0035	0.0002	0.0014	0.0014	0.0000	0.0023	0.0021	0.0002	0.0006	0.0002	0.0005	0.0000	0.0000	0.0000	0.0006	0.0001	0.0005	0.0004	0.0001	0.0052	0.0001	0.0001	0.0000	0.0006	0.0000	0.0053	0.0051	0.0099	0.0035	0.0547	0.0548	0.0480	0.0027	0.0000	0.0034
39	56	0.0131	2	0	0	0	0	0	0	0	0	N	N	N	N	N	N	N	N	N	N	N	N	0.0014	0.0004	0.0532	0.0004	0.0004	0.0032	0.0000	0.0626	0.0019	0.0010	0.0184	0.0023	0.0024	0.0000	0.0016	0.0000	0.0218	1.3964	2.4804	0.3470	5.5946	6.1751	0.0000	0.5077	0.0124	0.3480	1.0000	0.9999	0.0000	-0.0002	0.0347	3.0309	0.0013	3.0097	0.0000	0.0000	0.0000	0.0000	0.0000	0.0000	0.0000	0.0000	0.0000	0.0009	0.0004	0.0004	0.0004	0.0004	0.0000	0.0004	0.0000	0.0004	0.0105	0.0100	0.0005	0.0043	0.0042	0.0001	0.0062	0.0058	0.0005	0.0017	0.0005	0.0013	0.0001	0.0001	0.0000	0.0016	0.0003	0.0013	0.0037	0.0010	0.0532	0.0007	0.0007	0.0000	0.0058	0.0000	0.0626	0.5091	0.9558	0.3470	3.4715	3.5824	0.0000	0.2747	0.0001	0.3480	
39	57	0.0131	2	0	0	0	0	0	0	0	0	N	N	N	N	N	N	N	N	N	N	N	N	0.0000	0.0000	0.0000	0.0000	0.0000	0.0000	0.0000	0.0000	0.0000	0.0000	0.0000	0.0000	0.0000	0.0000	0.0000	0.0000	0.0000	0.0000	0.0000	0.0000	0.0347	3.0000	0.0013	3.0006	0.0000	0.0000	0.0000	0.0000	0.0000	0.0000	0.0000	0.0000	0.0000	0.0000	0.0000	0.0000	0.0000	0.0000	0.0000	0.0000	0.0000	0.0000	0.0104	0.0099	0.0005	0.0043	0.0042	0.0001	0.0062	0.0057	0.0005	0.0017	0.0005	0.0013	0.0001	0.0001	0.0000	0.0016	0.0003	0.0013	0.0000	0.0000	0.0000	0.0000	0.0000	0.0000	0.0000	0.0000	0.0000	0.0000	0.0000	0.0000	0.0000	0.0000	0.0000	0.0000	0.0000	0.0000											
39	58	0.1587	4	0	0	0	0	0	0	0	0	N	N	N	N	N	N	N	N	N	N	N	N	124.6672	108.0631	0.0004	22.9174	36.7680	0.0000	297.8770	inf	0.0006	0.5860	0.6725	0.0000	0.3659	0.4358	0.0000	1.0269	1.0981	0.0000	0.0047	0.0062	0.0038	0.0160	0.0119	0.1100	0.0034	0.0000	0.0023	0.0000	0.9999	-0.0124	-0.0000	0.0347	10.2575	0.0013	3.8960	0.0321	0.0321	0.0000	0.0134	0.0134	0.0000	0.0187	0.0187	0.0000	0.0000	0.0000	0.0000	0.0000	0.0000	0.0000	0.0000	0.0000	0.0000	0.0548	0.0477	0.0070	0.0365	0.0307	0.0059	0.0182	0.0171	0.0012	0.0038	0.0014	0.0024	0.0008	0.0008	0.0000	0.0030	0.0007	0.0023	124.6672	108.0631	0.0004	22.9174	36.7680	0.0000	583.0709	inf	0.0006	0.0047	0.0062	0.0038	0.0160	0.0119	0.1100	0.0018	0.0000	0.0023
39	59	0.1327	3	1	1	1	0	0	0	0	0	N	N	N	N	N	N	N	N	N	N	N	N	0.0000	0.0000	0.0000	0.0000	0.0000	0.0000	0.0000	0.0000	0.0000	0.0000	0.0000	0.0000	0.0000	0.0000	0.0000	0.0000	0.0000	0.0000	0.0000	0.0000	0.0347	0.0000	0.0013	0.0000	0.0000	0.0000	0.0000	0.0000	0.0000	0.0000	0.0000	0.0000	0.0000	0.0000	0.0000	0.0000	0.0000	0.0000	0.0000	0.0000	0.0000	0.0000	0.0000	0.0000	0.0000	0.0000	0.0000	0.0000	0.0000	0.0000	0.0000	0.0000	0.0000	0.0000	0.0000	0.0000	0.0000	0.0000	0.0000	0.0000	0.0000	0.0000	0.0000	0.0000	0.0000	0.0000	0.0000	0.0000	0.0000	0.0000	0.0000	0.0000	0.0000	0.0000	0.0000	0.0000	0.0000	0.0000											
39	60	0.0131	2	1	0	1	0	0	0	0	0	N	N	N	N	N	N	N	N	N	N	N	N	inf	inf	inf	inf	inf	inf	1.5583	1.6387	0.0000	0.2370	0.2414	0.0000	2.4699	2.6567	0.0000	0.0000	0.0000	0.0000	0.0000	0.0000	0.0000	0.0000	0.0000	0.0000	0.0000	-0.0133	0.0000	0.0347	7.0000	0.0013	3.9994	0.0344	0.0344	0.0000	0.0021	0.0021	0.0000	0.0323	0.0323	0.0000	0.0000	0.0000	0.0000	0.0000	0.0000	0.0000	0.0000	0.0000	0.0000	0.0221	0.0210	0.0011	0.0090	0.0089	0.0002	0.0131	0.0122	0.0009	0.0027	0.0008	0.0020	0.0002	0.0002	0.0000	0.0025	0.0006	0.0020	inf	inf	0.0000	inf	inf	0.0000	inf	inf	0.0000	0.0000	0.0000	0.0000	0.0000	0.0000	0.0000	0.0000	0.0000	0.0000				
39	61	0.0956	3	1	0	1	0	0	0	0	0	N	N	N	N	N	N	N	N	N	N	N	N	0.0000	0.0000	0.0000	0.0000	0.0000	0.0000	0.0000	0.0000	0.0000	0.0000	0.0000	0.0000	0.0000	0.0000	0.0000	0.0000	0.0000	0.0000	0.0000	0.0000	0.0347	2.0000	0.0013	0.0000	0.0000	0.0000	0.0000	0.0000	0.0000	0.0000	0.0000	0.0000	0.0000	0.0000	0.0000	0.0000	0.0000	0.0000	0.0000	0.0000	0.0000	0.0000	0.0065	0.0058	0.0008	0.0050	0.0045	0.0005	0.0015	0.0013	0.0003	0.0005	0.0002	0.0003	0.0003	0.0002	0.0001	0.0002	0.0001	0.0002	0.0000	0.0000	0.0000	0.0000	0.0000	0.0000	0.0000	0.0000	0.0000	0.0000	0.0000	0.0000	0.0000	0.0000	0.0000	0.0000	0.0000	0.0000											
39	62	0.0131	2	1	0	1	0	0	0	0	0	N	N	N	N	N	N	N	N	N	N	N	N	inf	inf	inf	inf	inf	inf	2.5407	2.6768	0.0000	0.3863	0.3938	0.0000	4.0270	4.3431	0.0000	0.0000	0.0000	0.0000	0.0000	0.0000	0.0000	0.0000	0.0000	0.0000	0.0000	-0.0133	0.0000	0.0347	4.0000	0.0013	3.9994	0.0344	0.0344	0.0000	0.0021	0.0021	0.0000	0.0323	0.0323	0.0000	0.0000	0.0000	0.0000	0.0000	0.0000	0.0000	0.0000	0.0000	0.0000	0.0136	0.0129	0.0007	0.0055	0.0054	0.0001	0.0080	0.0074	0.0006	0.0022	0.0006	0.0016	0.0002	0.0002	0.0000	0.0020	0.0004	0.0016	inf	inf	0.0000	inf	inf	0.0000	inf	inf	0.0000	0.0000	0.0000	0.0000	0.0000	0.0000	0.0000	0.0000	0.0000	0.0000				
39	63	0.0131	2	0	1	0	0	0	0	0	0	N	N	N	N	N	N	N	N	N	N	N	N	0.0000	0.0000	0.0000	0.0000	0.0000	0.0000	0.0000	0.0000	0.0000	0.0000	0.0000	0.0000	0.0000	0.0000	0.0000	0.0000	0.0000	0.0000	0.0000	0.0000	0.0347	7.0000	0.0013	4.0000	0.0000	0.0000	0.0000	0.0000	0.0000	0.0000	0.0000	0.0000	0.0000	0.0000	0.0000	0.0000	0.0000	0.0000	0.0000	0.0000	0.0000	0.0000	0.0221	0.0210	0.0011	0.0090	0.0089	0.0002	0.0131	0.0122	0.0009	0.0027	0.0008	0.0020	0.0002	0.0002	0.0000	0.0025	0.0006	0.0020	0.0000	0.0000	0.0000	0.0000	0.0000	0.0000	0.0000	0.0000	0.0000	0.0000	0.0000	0.0000	0.0000	0.0000	0.0000	0.0000	0.0000	0.0000											
39	64	0.1198	5	0	0	1	0	0	0	0	0	N	N	N	N	N	N	N	N	N	N	N	N	0.0000	0.0000	0.0000	0.0000	0.0000	0.0000	0.0000	0.0000	0.0000	0.0000	0.0000	0.0000	0.0000	0.0000	0.0000	0.0000	0.0000	0.0000	0.0000	0.0000	0.0347	0.0000	0.0013	0.0000	0.0000	0.0000	0.0000	0.0000	0.0000	0.0000	0.0000	0.0000	0.0000	0.0000	0.0000	0.0000	0.0000	0.0000	0.0000	0.0000	0.0000	0.0000	0.0000	0.0000	0.0000	0.0000	0.0000	0.0000	0.0000	0.0000	0.0000	0.0000	0.0000	0.0000	0.0000	0.0000	0.0000	0.0000	0.0000	0.0000	0.0000	0.0000	0.0000	0.0000	0.0000	0.0000	0.0000	0.0000	0.0000	0.0000	0.0000	0.0000	0.0000	0.0000	0.0000	0.0000	0.0000	0.0000											
39	65	0.0955	4	0	0	1	0	0	0	0	0	N	N	N	N	N	N	N	N	N	N	N	N	0.0000	0.0000	0.0000	0.0000	0.0000	0.0000	0.0000	0.0000	0.0000	0.0000	0.0000	0.0000	0.0000	0.0000	0.0000	0.0000	0.0000	0.0000	1.5576	4.1192	0.1544	1.0798	5.3580	0.0001	1.0640	4.7211	0.2168	0.1892	0.0000	-0.0002	0.0347	0.8734	0.0013	1.0002	0.0000	0.0000	0.0000	0.0000	0.0000	0.0000	0.0000	0.0000	0.0000	0.0004	0.0004	0.0001	0.0002	0.0002	0.0000	0.0002	0.0001	0.0001	0.0031	0.0030	0.0002	0.0013	0.0013	0.0000	0.0018	0.0017	0.0001	0.0006	0.0001	0.0005	0.0002	0.0001	0.0001	0.0004	0.0001	0.0003	0.0000	0.0000	0.0000	0.0000	0.0000	0.0000	0.0000	0.0000	0.0000	0.7343	2.5360	0.1544	1.0798	3.0041	0.0001	0.5562	2.0643	0.2168	
39	66	0.0809	3	0	0	0	0	0	0	0	0	N	N	N	N	N	N	N	N	N	N	N	N	0.8120	0.5046	1.3306	1.0447	0.7393	4.8206	0.0000	0.0000	0.0005	0.0005	0.0006	0.0011	0.0011	0.0032	0.0000	0.0000	0.0000	0.0006	0.0009	0.0004	0.0011	0.0014	0.0007	0.0003	0.0000	0.0003	0.0662	0.9999	-0.0000	-0.0000	0.0347	1.0063	0.0013	0.0727	0.0000	0.0000	0.0000	0.0000	0.0000	0.0000	0.0000	0.0000	0.0000	0.0000	0.0000	0.0000	0.0000	0.0000	0.0000	0.0000	0.0000	0.0000	0.0036	0.0034	0.0002	0.0016	0.0015	0.0000	0.0021	0.0019	0.0002	0.0004	0.0001	0.0003	0.0002	0.0001	0.0001	0.0003	0.0000	0.0002	0.8120	0.5046	1.3306	1.0447	0.7393	4.8206	0.0000	0.0000	0.0000	0.0006	0.0009	0.0004	0.0011	0.0014	0.0007	0.0003	0.0000	0.0003	
39	67	0.0131	2	0	0	0	0	0	0	0	0	N	N	N	N	N	N	N	N	N	N	N	N	0.7162	0.2799	0.0000	0.0158	0.0156	2.1054	0.0110	0.0000	0.0001	0.0001	0.0000	0.0000	0.0000	0.0000	0.0002	0.0002	0.0000	0.0002	0.0005	0.0001	0.0012	0.0013	0.0000	0.0001	0.0197	0.0001	0.0000	0.4035	-0.0000	-0.0000	0.0347	4.0009	0.0013	1.0789	0.0000	0.0000	0.0000	0.0000	0.0000	0.0000	0.0000	0.0000	0.0000	0.0000	0.0000	0.0000	0.0000	0.0000	0.0000	0.0000	0.0000	0.0000	0.0136	0.0129	0.0007	0.0055	0.0054	0.0001	0.0080	0.0074	0.0006	0.0015	0.0004	0.0011	0.0001	0.0001	0.0000	0.0014	0.0003	0.0011	0.7162	0.2799	0.0000	0.0158	0.0156	0.0000	2.1054	1.1171	0.0000	0.0002	0.0005	0.0001	0.0012	0.0013	0.0000	0.0001	0.0002	0.0001	
39	68	0.0131	2	0	1	0	0	0	0	0	0	N	N	N	N	N	N	N	N	N	N	N	N	0.0010	0.0003	0.0470	0.0004	0.0004	0.0051	0.0553	0.0012	0.0006	0.0120	0.0015	0.0015	0.0000	0.0010	0.0000	0.0142	1.1952	1.9800	0.2561	3.7449	3.8029	0.0000	0.2015	0.0000	0.2569	1.0000	1.0000	0.0000	-0.0002	0.0347	5.0000	0.0013	3.9994	0.0000	0.0000	0.0000	0.0000	0.0000	0.0000	0.0000	0.0000	0.0000	0.0009	0.0004	0.0004	0.0004	0.0004	0.0000	0.0004	0.0000	0.0004	0.0165	0.0157	0.0008	0.0068	0.0066	0.0001	0.0098	0.0091	0.0007	0.0024	0.0006	0.0017	0.0002	0.0002	0.0000	0.0022	0.0005	0.0017	0.0032	0.0009	0.0470	0.0006	0.0006	0.0000	0.0051	0.0000	0.0553	0.3725	0.6832	0.2561	2.4665	2.5477	0.0000	0.2015	0.0000	0.2569		
39	69	0.0131	2	1	0	1	0	0	0	0	0	N	N	N	N	N	N	N	N	N	N	N	N	0.0000	0.0000	0.0000	0.0000	0.0000	0.0000	0.0000	0.0000	0.0000	0.0000	0.0000	0.0000	0.0000	0.0000	0.0000	0.0000	0.0000	0.0000	0.0000	0.0000	0.0347	7.0000	0.0013	2.9994	0.0000	0.0000	0.0000	0.0000	0.0000	0.0000	0.0000	0.0000	0.0000	0.0000	0.0000	0.0000	0.0000	0.0000	0.0000	0.0000	0.0000	0.0000	0.0221	0.0210	0.0011	0.0090	0.0089	0.0002	0.0131	0.0122	0.0009	0.0026	0.0007	0.0019	0.0002	0.0002	0.0000	0.0024	0.0005	0.0018	0.0000	0.0000	0.0000	0.0000	0.0000	0.0000	0.0000	0.0000	0.0000	0.0000	0.0000	0.0000	0.0000	0.0000	0.0000	0.0000	0.0000	0.0000											
39	70	0.0131	2	0	1	0	1	0	0	0	0	N	N	N	N	N	N	N	N	N	N	N	N	inf	inf	inf	inf	inf	inf	inf	0.0015	0.0008	0.0145	0.0018	0.0018	0.0000	0.0012	0.0000	0.0171	0.0000	0.0000	0.0000	0.0000	0.0000	0.0000	0.0000	0.0000	0.0000	1.0000	0.0000	0.0000	0.0347	4.0000	0.0013	5.0006	0.0000	0.0000	0.0000	0.0000	0.0000	0.0000	0.0000	0.0000	0.0000	0.0000	0.0000	0.0000	0.0000	0.0000	0.0000	0.0000	0.0000	0.0000	0.0136	0.0129	0.0007	0.0055	0.0054	0.0001	0.0080	0.0074	0.0006	0.0024	0.0006	0.0017	0.0002	0.0002	0.0000	0.0022	0.0005	0.0017	inf	inf	inf	inf	inf	0.0000	inf	0.0000	inf	0.0000	0.0000	0.0000	0.0000	0.0000	0.0000	0.0000	0.0000	0.0000			
39	71	0.0131	2	0	1	0	0	0	0	0	0	N	N	N	N	N	N	N	N	N	N	N	N	1.9059	0.0597	141.8681	0.1020	0.0883	15.0444	166.6729	1.5592	0.1022	29.7973	0.2381	0.2425	0.0000	2.4707	0.0000	35.1312	0.8181	1.7123	0.2100	2.3348	2.7451	0.0000	0.1642	0.0000	0.2108	15.0431	1.0000	0.0190	-0.0002	0.0347	7.0000	0.0013	4.9994	0.0345	0.0021	0.0323	0.0021	0.0021	0.0000	0.0323	0.0000	0.0323	0.0009	0.0004	0.0004	0.0004	0.0004	0.0000	0.0004	0.0000	0.0004	0.0221	0.0210	0.0011	0.0090	0.0089	0.0002	0.0131	0.0122	0.0009	0.0029	0.0008	0.0021	0.0002	0.0002	0.0000	0.0027	0.0006	0.0021	5.1472	0.1882	141.8681	0.1221	0.1203	0.0000	15.0444	0.0000	166.6729	0.3029	0.5432	0.2100	1.9495	2.0155	0.0000	0.1642	0.0000	0.2108		
39	72	0.0697	3	0	1	0	0	0	0	0	0	N	N	N	N	N	N	N	N	N	N	N	N	inf	inf	inf	inf	inf	inf	inf	inf	1.9294	2.0735	0.0000	0.2533	0.2731	0.0000	3.4549	3.7010	0.0000	0.0000	0.0000	0.0000	0.0000	0.0000	0.0000	0.0000	0.0000	0.0000	0.0000	-0.0130	0.0000	0.0347	4.7764	0.0013	1.3205	0.0338	0.0338	0.0000	0.0021	0.0021	0.0000	0.0317	0.0317	0.0000	0.0000	0.0000	0.0000	0.0000	0.0000	0.0000	0.0000	0.0000	0.0000	0.0175	0.0163	0.0012	0.0084	0.0077	0.0006	0.0092	0.0086	0.0006	0.0015	0.0006	0.0009	0.0005	0.0005	0.0000	0.0010	0.0002	0.0009	inf	inf	inf	inf	inf	inf	inf	inf	0.0000	0.0000	0.0000	0.0000	0.0000	0.0000	0.0000	0.0000	0.0000	0.0000		
39	73	0.0131	2	0	1	0	0	0	0	0	0	N	N	N	N	N	N	N	N	N	N	N	N	22.1448	9.0371	0.0000	0.4939	0.4881	33.9825	0.8261	0.0000	0.0550	0.0579	0.0000	0.0084	0.0085	0.0000	0.0871	0.0940	0.0000	0.0025	0.0064	0.0011	0.0169	0.0175	0.0000	0.0026	0.1138	0.0011	0.0000	0.4534	-0.0002	-0.0000	0.0347	3.3049	0.0013	2.7470	0.0006	0.0006	0.0000	0.0000	0.0000	0.0000	0.0006	0.0006	0.0000	0.0000	0.0000	0.0000	0.0000	0.0000	0.0000	0.0000	0.0000	0.0000	0.0114	0.0108	0.0006	0.0047	0.0046	0.0001	0.0067	0.0062	0.0005	0.0017	0.0005	0.0013	0.0001	0.0001	0.0000	0.0016	0.0003	0.0013	22.1448	9.0371	0.0000	0.4939	0.4881	0.0000	65.0514	39.3395	0.0000	0.0025	0.0064	0.0011	0.0169	0.0175	0.0000	0.0013	0.0024	0.0011	
39	74	0.0719	3	0	1	0	0	0	0	0	0	N	N	N	N	N	N	N	N	N	N	N	N	0.0000	0.0000	0.0000	0.0000	0.0000	0.0000	0.0000	0.0000	0.0000	0.0000	0.0000	0.0000	0.0000	0.0000	0.0000	0.0000	0.0000	0.0000	0.0000	0.0000	0.0347	0.0000	0.0013	0.0000	0.0000	0.0000	0.0000	0.0000	0.0000	0.0000	0.0000	0.0000	0.0000	0.0000	0.0000	0.0000	0.0000	0.0000	0.0000	0.0000	0.0000	0.0000	0.0000	0.0000	0.0000	0.0000	0.0000	0.0000	0.0000	0.0000	0.0000	0.0000	0.0000	0.0000	0.0000	0.0000	0.0000	0.0000	0.0000	0.0000	0.0000	0.0000	0.0000	0.0000	0.0000	0.0000	0.0000	0.0000	0.0000	0.0000	0.0000	0.0000	0.0000	0.0000	0.0000	0.0000	0.0000	0.0000											
39	75	0.0131	2	0	1	0	0	0	0	0	0	N	N	N	N	N	N	N	N	N	N	N	N	0.0010	0.0003	0.0421	0.0003	0.0003	0.0026	0.0000	0.0496	0.0014	0.0007	0.0135	0.0017	0.0017	0.0000	0.0012	0.0000	0.0159	1.3616	2.3067	0.3201	5.1898	5.7369	0.0000	0.4405	0.2401	0.3212	1.0000	0.9917	0.0000	-0.0002	0.0347	4.3567	0.0013	2.3689	0.0000	0.0000	0.0000	0.0000	0.0000	0.0000	0.0000	0.0000	0.0000	0.0009	0.0004	0.0004	0.0004	0.0004	0.0000	0.0004	0.0000	0.0004	0.0146	0.0139	0.0007	0.0060	0.0059	0.0001	0.0087	0.0080	0.0006	0.0019	0.0005	0.0014	0.0001	0.0001	0.0000	0.0017	0.0004	0.0014	0.0029	0.0008	0.0421	0.0005	0.0005	0.0000	0.0045	0.0000	0.0496	0.4708	0.8826	0.3201	3.1880	3.2905	0.0000	0.2541	0.0050	0.3212	
39	76	0.0805	5	1	1	0	1	0	0	0	0	N	N	N	N	N	N	N	N	N	N	N	N	0.0000	0.0000	0.0000	0.0000	0.0000	0.0000	0.0000	0.0000	0.0000	0.0000	0.0000	0.0000	0.0000	0.0000	0.0000	0.0000	0.0000	0.0000	0.0000	0.0000	0.0347	0.0000	0.0013	0.0000	0.0000	0.0000	0.0000	0.0000	0.0000	0.0000	0.0000	0.0000	0.0000	0.0000	0.0000	0.0000	0.0000	0.0000	0.0000	0.0000	0.0000	0.0000	0.0000	0.0000	0.0000	0.0000	0.0000	0.0000	0.0000	0.0000	0.0000	0.0000	0.0000	0.0000	0.0000	0.0000	0.0000	0.0000	0.0000	0.0000	0.0000	0.0000	0.0000	0.0000	0.0000	0.0000	0.0000	0.0000	0.0000	0.0000	0.0000	0.0000	0.0000	0.0000	0.0000	0.0000	0.0000	0.0000											
39	77	0.0722	4	1	1	0	1	0	0	0	0	N	N	N	N	N	N	N	N	N	N	N	N	0.0000	0.0000	0.0000	0.0000	0.0000	0.0000	0.0000	0.0000	0.0000	0.0000	0.0000	0.0000	0.0000	0.0000	0.0000	0.0000	0.0000	0.0000	0.0001	0.0000	0.0008	0.0000	0.0000	0.0000	0.9999	0.0000	-0.0000	0.0347	1.0073	0.0013	0.3366	0.0000	0.0000	0.0000	0.0000	0.0000	0.0000	0.0000	0.0000	0.0000	0.0000	0.0000	0.0000	0.0000	0.0000	0.0000	0.0000	0.0000	0.0000	0.0036	0.0034	0.0002	0.0015	0.0014	0.0000	0.0021	0.0020	0.0002	0.0003	0.0001	0.0002	0.0001	0.0001	0.0000	0.0003	0.0001	0.0002	0.0000	0.0000	0.0000	0.0000	0.0000	0.0000	0.0000	0.0000	0.0000	0.0000	0.0000	0.0000	0.0001	0.0000	0.0008	0.0000	0.0000	0.0000				
39	78	0.0980	4	0	1	0	1	0	0	0	0	N	N	N	N	N	N	N	N	N	N	N	N	0.0000	0.0000	0.0000	0.0000	0.0000	0.0000	0.0000	0.0000	0.0000	0.0000	0.0000	0.0000	0.0000	0.0000	0.0000	0.0000	0.0000	0.0000	0.0000	0.0000	0.0347	0.0000	0.0013	0.0000	0.0000	0.0000	0.0000	0.0000	0.0000	0.0000	0.0000	0.0000	0.0000	0.0000	0.0000	0.0000	0.0000	0.0000	0.0000	0.0000	0.0000	0.0000	0.0000	0.0000	0.0000	0.0000	0.0000	0.0000	0.0000	0.0000	0.0000	0.0000	0.0000	0.0000	0.0000	0.0000	0.0000	0.0000	0.0000	0.0000	0.0000	0.0000	0.0000	0.0000	0.0000	0.0000	0.0000	0.0000	0.0000	0.0000	0.0000	0.0000	0.0000	0.0000	0.0000	0.0000	0.0000	0.0000											
39	79	0.0897	3	0	1	0	1	0	0	0	0	N	N	N	N	N	N	N	N	N	N	N	N	0.0000	0.0000	0.0000	0.0000	0.0000	0.0000	0.0000	0.0000	0.0000	0.0000	0.0000	0.0000	0.0000	0.0000	0.0000	0.0000	0.0000	0.0000	0.0000	0.0000	0.0347	0.0000	0.0013	1.0000	0.0000	0.0000	0.0000	0.0000	0.0000	0.0000	0.0000	0.0000	0.0000	0.0000	0.0000	0.0000	0.0000	0.0000	0.0000	0.0000	0.0000	0.0000	0.0000	0.0000	0.0000	0.0000	0.0000	0.0000	0.0000	0.0000	0.0000	0.0003	0.0001	0.0002	0.0001	0.0001	0.0001	0.0002	0.0001	0.0001	0.0000	0.0000	0.0000	0.0000	0.0000	0.0000	0.0000	0.0000	0.0000	0.0000	0.0000	0.0000	0.0000	0.0000	0.0000	0.0000	0.0000	0.0000											
39	80	0.0722	4	0	1	0	0	0	0	0	0	N	N	N	N	N	N	N	N	N	N	N	N	0.0000	0.0000	0.0000	0.0000	0.0000	0.0000	0.0000	0.0000	0.0000	0.0000	0.0000	0.0000	0.0000	0.0000	0.0000	0.0000	0.0000	0.0000	0.0000	0.0000	0.0002	0.0000	0.0000	0.0000	0.9999	0.0000	-0.0000	0.0347	3.9927	0.0013	1.0002	0.0000	0.0000	0.0000	0.0000	0.0000	0.0000	0.0000	0.0000	0.0000	0.0000	0.0000	0.0000	0.0000	0.0000	0.0000	0.0000	0.0000	0.0000	0.0132	0.0126	0.0006	0.0054	0.0053	0.0001	0.0078	0.0073	0.0006	0.0010	0.0004	0.0006	0.0002	0.0002	0.0000	0.0009	0.0003	0.0006	0.0000	0.0000	0.0000	0.0000	0.0000	0.0000	0.0000	0.0000	0.0000	0.0000	0.0000	0.0000	0.0000	0.0000	0.0002	0.0000	0.0000	0.0000				
39	81	0.0675	3	0	1	0	0	0	0	0	0	N	N	N	N	N	N	N	N	N	N	N	N	0.0000	0.0000	0.0000	0.0000	0.0000	0.0000	0.0000	0.0000	0.0000	0.0000	0.0000	0.0000	0.0000	0.0000	0.0000	0.0000	0.0001	0.0000	0.0001	0.0001	0.0000	0.0000	0.0095	0.0000	0.1892	0.0000	-0.0000	0.0347	0.0110	0.0013	0.6549	0.0000	0.0000	0.0000	0.0000	0.0000	0.0000	0.0000	0.0000	0.0000	0.0000	0.0000	0.0000	0.0000	0.0000	0.0000	0.0000	0.0000	0.0000	0.0000	0.0000	0.0000	0.0000	0.0000	0.0000	0.0000	0.0000	0.0000	0.0002	0.0001	0.0001	0.0000	0.0000	0.0000	0.0001	0.0000	0.0001	0.0000	0.0000	0.0000	0.0000	0.0000	0.0000	0.0000	0.0000	0.0000	0.0000	0.0001	0.0000	0.0001	0.0001	0.0000	0.0000	0.0000	0.0000				
39	82	0.0897	3	0	0	1	1	0	0	0	0	N	N	N	N	N	N	N	N	N	N	N	N	0.0000	0.0000	0.0000	0.0000	0.0000	0.0000	0.0000	0.0000	0.0000	0.0000	0.0000	0.0000	0.0000	0.0000	0.0000	0.0000	0.0000	0.0000	0.0000	0.0000	0.0347	1.0000	0.0013	0.0000	0.0000	0.0000	0.0000	0.0000	0.0000	0.0000	0.0000	0.0000	0.0000	0.0000	0.0000	0.0000	0.0000	0.0000	0.0000	0.0000	0.0000	0.0000	0.0035	0.0034	0.0002	0.0014	0.0014	0.0000	0.0022	0.0020	0.0002	0.0003	0.0001	0.0002	0.0001	0.0001	0.0001	0.0002	0.0001	0.0001	0.0000	0.0000	0.0000	0.0000	0.0000	0.0000	0.0000	0.0000	0.0000	0.0000	0.0000	0.0000	0.0000	0.0000	0.0000	0.0000	0.0000	0.0000											
39	83	0.0897	3	0	0	1	1	0	0	0	0	N	N	N	N	N	N	N	N	N	N	N	N	0.0000	0.0000	0.0000	0.0000	0.0000	0.0000	0.0000	0.0000	0.0000	0.0000	0.0000	0.0000	0.0000	0.0000	0.0000	0.0000	0.0000	0.0000	0.0000	0.0000	0.0347	0.0000	0.0013	0.0000	0.0000	0.0000	0.0000	0.0000	0.0000	0.0000	0.0000	0.0000	0.0000	0.0000	0.0000	0.0000	0.0000	0.0000	0.0000	0.0000	0.0000	0.0000	0.0000	0.0000	0.0000	0.0000	0.0000	0.0000	0.0000	0.0000	0.0000	0.0000	0.0000	0.0000	0.0000	0.0000	0.0000	0.0000	0.0000	0.0000	0.0000	0.0000	0.0000	0.0000	0.0000	0.0000	0.0000	0.0000	0.0000	0.0000	0.0000	0.0000	0.0000	0.0000	0.0000	0.0000	0.0000	0.0000											
39	84	0.0131	2	0	0	0	1	0	0	0	0	N	N	N	N	N	N	N	N	N	N	N	N	inf	inf	inf	inf	inf	inf	0.0019	0.0020	0.0000	0.0024	0.0024	0.0000	0.0016	0.0018	0.0000	0.0000	0.0000	0.0000	0.0000	0.0000	0.0000	0.0000	0.0000	0.0000	0.0000	-0.0000	0.0000	0.0347	3.0000	0.0013	5.9994	0.0000	0.0000	0.0000	0.0000	0.0000	0.0000	0.0000	0.0000	0.0000	0.0000	0.0000	0.0000	0.0000	0.0000	0.0000	0.0000	0.0000	0.0000	0.0104	0.0099	0.0005	0.0043	0.0042	0.0001	0.0062	0.0057	0.0005	0.0024	0.0006	0.0017	0.0002	0.0002	0.0000	0.0022	0.0005	0.0017	inf	inf	0.0000	inf	inf	0.0000	inf	inf	0.0000	0.0000	0.0000	0.0000	0.0000	0.0000	0.0000	0.0000	0.0000	0.0000				
39	85	0.1507	3	1	1	0	0	0	0	0	0	N	N	N	N	N	N	N	N	N	N	N	N	0.0000	0.0000	0.0000	0.0000	0.0000	0.0000	0.0000	0.0000	0.0000	0.0000	0.0000	0.0000	0.0000	0.0000	0.0000	0.0000	0.0000	0.0000	0.0000	0.0000	0.0347	0.0000	0.0013	0.0000	0.0000	0.0000	0.0000	0.0000	0.0000	0.0000	0.0000	0.0000	0.0000	0.0000	0.0000	0.0000	0.0000	0.0000	0.0000	0.0000	0.0000	0.0000	0.0000	0.0000	0.0000	0.0000	0.0000	0.0000	0.0000	0.0000	0.0000	0.0000	0.0000	0.0000	0.0000	0.0000	0.0000	0.0000	0.0000	0.0000	0.0000	0.0000	0.0000	0.0000	0.0000	0.0000	0.0000	0.0000	0.0000	0.0000	0.0000	0.0000	0.0000	0.0000	0.0000	0.0000	0.0000	0.0000											
39	86	0.0131	2	1	1	0	0	0	0	0	0	N	N	N	N	N	N	N	N	N	N	N	N	0.0080	0.0008	0.0000	0.0015	0.0015	0.0000	0.0124	0.0004	0.0000	0.0012	0.0013	0.0000	0.0015	0.0015	0.0000	0.0010	0.0011	0.0000	0.1515	1.5017	0.0716	0.9750	1.0079	0.0014	0.0821	3.0969	0.0719	0.0000	0.5173	-0.0000	-0.0001	0.0347	5.0000	0.0013	7.0006	0.0000	0.0000	0.0000	0.0000	0.0000	0.0000	0.0000	0.0000	0.0000	0.0004	0.0003	0.0001	0.0002	0.0002	0.0000	0.0002	0.0001	0.0001	0.0165	0.0157	0.0008	0.0068	0.0066	0.0001	0.0098	0.0091	0.0007	0.0029	0.0008	0.0021	0.0002	0.0002	0.0000	0.0027	0.0006	0.0021	0.0080	0.0036	0.0000	0.0015	0.0015	0.0000	0.0124	0.0093	0.0000	0.1515	0.3581	0.0716	0.9750	1.0079	0.0014	0.0821	0.1183	0.0719
39	87	0.0131	2	0	1	0	0	0	0	0	0	N	N	N	N	N	N	N	N	N	N	N	N	inf	inf	inf	inf	inf	inf	0.0055	0.0058	0.0000	0.0067	0.0069	0.0000	0.0046	0.0050	0.0000	0.0000	0.0000	0.0000	0.0000	0.0000	0.0000	0.0000	0.0000	0.0000	0.0000	-0.0000	0.0000	0.0347	1.0000	0.0013	3.0006	0.0000	0.0000	0.0000	0.0000	0.0000	0.0000	0.0000	0.0000	0.0000	0.0000	0.0000	0.0000	0.0000	0.0000	0.0000	0.0000	0.0000	0.0000	0.0036	0.0035	0.0002	0.0015	0.0015	0.0000	0.0022	0.0020	0.0002	0.0012	0.0003	0.0009	0.0001	0.0001	0.0000	0.0011	0.0002	0.0009	inf	inf	0.0000	inf	inf	0.0000	inf	inf	0.0000	0.0000	0.0000	0.0000	0.0000	0.0000	0.0000	0.0000	0.0000	0.0000				
39	88	0.0675	3	1	1	0	0	0	0	0	0	N	N	N	N	N	N	N	N	N	N	N	N	0.0000	0.0000	0.0000	0.0000	0.0000	0.0000	0.0000	0.0000	0.0000	0.0000	0.0000	0.0000	0.0000	0.0000	0.0000	0.0000	0.0000	0.0000	0.0000	0.0000	0.0347	0.0000	0.0013	0.0000	0.0000	0.0000	0.0000	0.0000	0.0000	0.0000	0.0000	0.0000	0.0000	0.0000	0.0000	0.0000	0.0000	0.0000	0.0000	0.0000	0.0000	0.0000	0.0000	0.0000	0.0000	0.0000	0.0000	0.0000	0.0000	0.0000	0.0000	0.0000	0.0000	0.0000	0.0000	0.0000	0.0000	0.0000	0.0000	0.0000	0.0000	0.0000	0.0000	0.0000	0.0000	0.0000	0.0000	0.0000	0.0000	0.0000	0.0000	0.0000	0.0000	0.0000	0.0000	0.0000	0.0000	0.0000											
39	89	0.0131	2	0	1	0	0	0	0	0	0	N	N	N	N	N	N	N	N	N	N	N	N	inf	inf	inf	inf	inf	inf	0.0015	0.0016	0.0000	0.0018	0.0018	0.0000	0.0012	0.0013	0.0000	0.0000	0.0000	0.0000	0.0000	0.0000	0.0000	0.0000	0.0000	0.0000	0.0000	-0.0000	0.0000	0.0347	4.0000	0.0013	4.0001	0.0000	0.0000	0.0000	0.0000	0.0000	0.0000	0.0000	0.0000	0.0000	0.0000	0.0000	0.0000	0.0000	0.0000	0.0000	0.0000	0.0000	0.0000	0.0136	0.0129	0.0007	0.0055	0.0054	0.0001	0.0080	0.0074	0.0006	0.0022	0.0006	0.0016	0.0002	0.0002	0.0000	0.0020	0.0004	0.0016	inf	inf	0.0000	inf	inf	0.0000	inf	inf	0.0000	0.0000	0.0000	0.0000	0.0000	0.0000	0.0000	0.0000	0.0000	0.0000				
39	91	0.1587	4	0	0	0	0	0	0	0	0	N	N	N	N	N	N	N	N	N	N	N	N	102.0159	86.9098	0.0005	11.4906	18.2451	0.0000	299.9704	inf	0.0006	0.4530	0.5170	0.0000	0.1818	0.2148	0.0000	0.9768	1.0460	0.0000	0.0044	0.0059	0.0035	0.0158	0.0118	0.1038	0.0033	0.0000	0.0021	0.0000	0.9999	-0.0098	-0.0000	0.0347	11.5137	0.0013	4.9035	0.0255	0.0255	0.0000	0.0067	0.0067	0.0000	0.0187	0.0187	0.0000	0.0000	0.0000	0.0000	0.0000	0.0000	0.0000	0.0000	0.0000	0.0000	0.0562	0.0493	0.0070	0.0370	0.0314	0.0057	0.0192	0.0179	0.0013	0.0040	0.0015	0.0025	0.0008	0.0008	0.0000	0.0032	0.0007	0.0025	102.0159	86.9098	0.0005	11.4906	18.2451	0.0000	594.2460	inf	0.0006	0.0044	0.0059	0.0035	0.0158	0.0118	0.1038	0.0016	0.0000	0.0021
40	41	0.0662	3	0	1	0	0	0	0	0	0	N	N	N	N	N	N	N	N	N	N	N	N	0.0000	0.0000	0.0000	0.0000	0.0000	0.0000	0.0000	0.0000	0.0000	0.0000	0.0000	0.0000	0.0000	0.0000	0.0000	0.0000	0.0000	0.0008	0.0000	0.0010	0.0000	0.0000	0.0001	0.0012	0.0000	0.0010	31816.9091	0.0000	0.0000	3.9674	1.0144	1.0003	1.0128	0.0000	0.0000	0.0000	0.0000	0.0000	0.0000	0.0000	0.0000	0.0000	0.0001	0.0000	0.0001	0.0000	0.0000	0.0000	0.0001	0.0000	0.0001	0.1364	0.1198	0.0167	0.0367	0.0336	0.0030	0.0998	0.0861	0.0136	0.0845	0.0172	0.0673	0.0035	0.0033	0.0002	0.0810	0.0139	0.0671	0.0000	0.0000	0.0000	0.0000	0.0000	0.0000	0.0000	0.0000	0.0000	0.0008	0.0000	0.0010	0.0000	0.0000	0.0001	0.0009	0.0000	0.0010		
40	44	0.1507	2	1	1	0	0	0	0	0	0	N	N	N	N	N	N	N	N	N	N	N	N	0.0000	0.0000	0.0000	0.0000	0.0000	0.0000	0.0000	0.0000	0.0000	0.0000	0.0000	0.0000	0.0000	0.0000	0.0000	0.0000	0.0000	0.0000	0.0000	0.0000	3.9674	2.0000	1.0003	1.0000	0.0000	0.0000	0.0000	0.0000	0.0000	0.0000	0.0000	0.0000	0.0000	0.0000	0.0000	0.0000	0.0000	0.0000	0.0000	0.0000	0.0000	0.0000	0.2179	0.1857	0.0322	0.0098	0.0086	0.0013	0.2080	0.1771	0.0309	0.0927	0.0281	0.0646	0.0129	0.0074	0.0055	0.0797	0.0206	0.0591	0.0000	0.0000	0.0000	0.0000	0.0000	0.0000	0.0000	0.0000	0.0000	0.0000	0.0000	0.0000	0.0000	0.0000	0.0000	0.0000	0.0000	0.0000											
40	45	0.0783	3	0	1	0	1	0	0	0	0	N	N	N	N	N	N	N	N	N	N	N	N	0.0000	0.0000	0.0000	0.0000	0.0000	0.0000	0.0000	0.0000	0.0000	0.0000	0.0000	0.0000	0.0000	0.0000	0.0000	0.0000	0.0000	0.0000	0.0000	0.0000	3.9674	1.0000	1.0003	0.0000	0.0000	0.0000	0.0000	0.0000	0.0000	0.0000	0.0000	0.0000	0.0000	0.0000	0.0000	0.0000	0.0000	0.0000	0.0000	0.0000	0.0000	0.0000	0.1230	0.1046	0.0184	0.0171	0.0146	0.0025	0.1059	0.0900	0.0159	0.0432	0.0084	0.0349	0.0020	0.0014	0.0006	0.0413	0.0070	0.0343	0.0000	0.0000	0.0000	0.0000	0.0000	0.0000	0.0000	0.0000	0.0000	0.0000	0.0000	0.0000	0.0000	0.0000	0.0000	0.0000	0.0000	0.0000											
40	46	0.0783	3	0	0	0	1	0	0	0	0	N	N	N	N	N	N	N	N	N	N	N	N	0.0000	0.0000	0.0000	0.0000	0.0000	0.0000	0.0000	0.0000	0.0000	0.0000	0.0000	0.0000	0.0000	0.0000	0.0000	0.0000	0.0000	0.0000	0.0000	0.0000	3.9674	0.0000	1.0003	0.0000	0.0000	0.0000	0.0000	0.0000	0.0000	0.0000	0.0000	0.0000	0.0000	0.0000	0.0000	0.0000	0.0000	0.0000	0.0000	0.0000	0.0000	0.0000	0.0000	0.0000	0.0000	0.0000	0.0000	0.0000	0.0000	0.0000	0.0000	0.0000	0.0000	0.0000	0.0000	0.0000	0.0000	0.0000	0.0000	0.0000	0.0000	0.0000	0.0000	0.0000	0.0000	0.0000	0.0000	0.0000	0.0000	0.0000	0.0000	0.0000	0.0000	0.0000	0.0000	0.0000	0.0000	0.0000											
40	47	0.0453	2	0	0	0	1	0	0	0	0	N	N	N	N	N	N	N	N	N	N	N	N	0.0004	0.0000	33.2286	0.0000	0.0000	0.6174	0.0007	0.0000	66.6422	0.0018	0.0001	0.0118	0.0009	0.0007	0.0021	0.0020	0.0000	0.0132	4.8931	9.9561	0.0004	118.2443	191.2206	0.0034	2.9996	9.4552	0.0002	22.7364	0.0001	0.0003	-0.5507	3.9674	2.0873	1.0003	1.9360	0.0005	0.0000	0.0004	0.0000	0.0000	0.0000	0.0004	0.0000	0.0004	0.8195	0.8194	0.0001	0.4250	0.4250	0.0000	0.3944	0.3944	0.0000	0.2513	0.2140	0.0373	0.0310	0.0263	0.0047	0.2203	0.1877	0.0326	0.2291	0.0823	0.1468	0.0477	0.0406	0.0071	0.1814	0.0417	0.1397	0.0005	0.0000	33.2286	0.0001	0.0001	0.6174	0.0009	0.0000	66.6422	3.5773	9.9561	0.0004	8.9128	10.4708	0.0034	2.1746	9.4552	0.0002
40	51	0.0509	2	1	1	0	0	0	0	0	0	N	N	N	N	N	N	N	N	N	N	N	N	226.1873	63.8824	0.0000	0.2227	0.2336	0.0000	1217875.5703	inf	0.0000	0.1321	0.1575	0.0000	0.0089	0.0094	0.0000	0.1496	0.1816	0.0000	0.0006	0.0025	0.0000	0.0401	0.0404	0.0246	0.0000	0.0000	0.0000	0.0000	0.0134	-0.0067	-0.0001	3.9674	1.0314	1.0003	3.0033	0.0173	0.0173	0.0000	0.0001	0.0001	0.0000	0.0172	0.0172	0.0000	0.0001	0.0001	0.0000	0.0001	0.0001	0.0000	0.0000	0.0000	0.0000	0.1312	0.1101	0.0211	0.0163	0.0154	0.0009	0.1149	0.0946	0.0202	0.1388	0.0325	0.1063	0.0020	0.0020	0.0000	0.1368	0.0305	0.1063	226.1873	63.8824	0.0000	0.2227	0.2336	0.0000	1217875.5703	inf	0.0000	0.0006	0.0025	0.0000	0.0401	0.0404	0.0246	0.0000	0.0000	0.0000
40	54	0.0662	3	0	0	1	0	0	0	0	0	N	N	N	N	N	N	N	N	N	N	N	N	0.0000	0.0000	0.0000	0.0000	0.0000	0.0000	0.0000	0.0000	0.0000	0.0000	0.0000	0.0000	0.0000	0.0000	0.0000	0.0000	0.0000	0.0016	0.0000	0.0020	0.0000	0.0000	0.0002	0.0033	0.0000	0.0020	31816.9091	0.0000	0.0000	3.9674	0.0147	1.0003	0.9910	0.0000	0.0000	0.0000	0.0000	0.0000	0.0000	0.0000	0.0000	0.0000	0.0001	0.0000	0.0001	0.0000	0.0000	0.0000	0.0001	0.0000	0.0001	0.0077	0.0058	0.0019	0.0034	0.0033	0.0000	0.0043	0.0025	0.0018	0.0436	0.0089	0.0347	0.0019	0.0018	0.0001	0.0417	0.0071	0.0346	0.0000	0.0000	0.0000	0.0000	0.0000	0.0000	0.0000	0.0000	0.0000	0.0016	0.0000	0.0020	0.0000	0.0000	0.0002	0.0017	0.0000	0.0020		
40	55	0.0552	2	0	0	0	0	0	0	0	0	N	N	N	N	N	N	N	N	N	N	N	N	0.0655	0.0000	0.3399	0.0118	0.0000	0.0216	0.0792	0.0000	0.3810	0.0030	0.0000	0.0189	0.0004	0.0000	0.0038	0.0036	0.0000	0.0211	0.0451	0.0041	0.0557	0.0305	0.0207	0.1776	0.0457	0.0004	0.0553	inf	52.5916	0.0002	0.0012	3.9674	0.9556	1.0003	1.0192	0.0004	0.0000	0.0004	0.0000	0.0000	0.0000	0.0004	0.0000	0.0004	0.0037	0.0001	0.0037	0.0001	0.0001	0.0000	0.0036	0.0000	0.0036	0.1355	0.1144	0.0211	0.0279	0.0253	0.0026	0.1076	0.0891	0.0185	0.0829	0.0171	0.0658	0.0036	0.0034	0.0002	0.0793	0.0137	0.0656	0.0655	0.0000	0.3399	0.0118	0.0000	0.0216	0.0792	0.0000	0.3810	0.0451	0.0041	0.0557	0.0305	0.0207	0.1776	0.0457	0.0000	0.0553
40	58	0.1587	3	0	0	0	0	0	0	0	0	N	N	N	N	N	N	N	N	N	N	N	N	40.0267	9.7188	0.0000	14.6421	14.8926	0.0000	163815.6464	inf	0.0000	0.7963	0.9238	0.0000	2.2215	2.3374	0.0000	0.5726	0.6751	0.0000	0.0199	0.0951	0.0002	0.1517	0.1569	0.0292	0.0000	0.0000	0.0000	0.0000	0.0081	-0.3480	-0.0063	3.9674	10.2575	1.0003	3.8960	0.9029	0.9029	0.0000	0.3417	0.3417	0.0000	0.5611	0.5611	0.0000	0.0095	0.0095	0.0001	0.0095	0.0095	0.0001	0.0000	0.0000	0.0000	1.1339	0.9774	0.1565	0.1538	0.1462	0.0076	0.9801	0.8312	0.1489	0.4794	0.1455	0.3339	0.0629	0.0603	0.0026	0.4166	0.0852	0.3314	40.0267	14.2050	0.0000	14.6421	14.8926	0.0000	163815.6464	inf	0.0000	0.0199	0.0650	0.0002	0.1517	0.1569	0.0292	0.0000	0.0000	0.0000
40	59	0.1327	2	1	1	1	0	0	0	0	0	N	N	N	N	N	N	N	N	N	N	N	N	0.0000	0.0000	0.0000	0.0000	0.0000	0.0000	0.0000	0.0000	0.0000	0.0000	0.0000	0.0000	0.0000	0.0000	0.0000	0.0000	0.0000	0.0000	0.0000	0.0000	3.9674	0.0000	1.0003	0.0000	0.0000	0.0000	0.0000	0.0000	0.0000	0.0000	0.0000	0.0000	0.0000	0.0000	0.0000	0.0000	0.0000	0.0000	0.0000	0.0000	0.0000	0.0000	0.0000	0.0000	0.0000	0.0000	0.0000	0.0000	0.0000	0.0000	0.0000	0.0000	0.0000	0.0000	0.0000	0.0000	0.0000	0.0000	0.0000	0.0000	0.0000	0.0000	0.0000	0.0000	0.0000	0.0000	0.0000	0.0000	0.0000	0.0000	0.0000	0.0000	0.0000	0.0000	0.0000	0.0000	0.0000	0.0000											
40	61	0.0956	2	1	0	1	0	0	0	0	0	N	N	N	N	N	N	N	N	N	N	N	N	0.0000	0.0000	0.0000	0.0000	0.0000	0.0000	0.0000	0.0000	0.0000	0.0000	0.0000	0.0000	0.0000	0.0000	0.0000	0.0000	0.0000	0.0000	0.0000	0.0000	3.9674	2.0000	1.0003	0.0000	0.0000	0.0000	0.0000	0.0000	0.0000	0.0000	0.0000	0.0000	0.0000	0.0000	0.0000	0.0000	0.0000	0.0000	0.0000	0.0000	0.0000	0.0000	0.2048	0.1696	0.0351	0.0163	0.0152	0.0011	0.1885	0.1544	0.0340	0.0561	0.0214	0.0347	0.0298	0.0143	0.0155	0.0263	0.0071	0.0192	0.0000	0.0000	0.0000	0.0000	0.0000	0.0000	0.0000	0.0000	0.0000	0.0000	0.0000	0.0000	0.0000	0.0000	0.0000	0.0000	0.0000	0.0000											
40	64	0.1198	4	0	0	1	0	0	0	0	0	N	N	N	N	N	N	N	N	N	N	N	N	0.0000	0.0000	0.0000	0.0000	0.0000	0.0000	0.0000	0.0000	0.0000	0.0000	0.0000	0.0000	0.0000	0.0000	0.0000	0.0000	0.0000	0.0000	0.0000	0.0000	3.9674	0.0000	1.0003	0.0000	0.0000	0.0000	0.0000	0.0000	0.0000	0.0000	0.0000	0.0000	0.0000	0.0000	0.0000	0.0000	0.0000	0.0000	0.0000	0.0000	0.0000	0.0000	0.0000	0.0000	0.0000	0.0000	0.0000	0.0000	0.0000	0.0000	0.0000	0.0000	0.0000	0.0000	0.0000	0.0000	0.0000	0.0000	0.0000	0.0000	0.0000	0.0000	0.0000	0.0000	0.0000	0.0000	0.0000	0.0000	0.0000	0.0000	0.0000	0.0000	0.0000	0.0000	0.0000	0.0000	0.0000	0.0000											
40	65	0.0955	3	0	0	1	0	0	0	0	0	N	N	N	N	N	N	N	N	N	N	N	N	0.0000	0.0000	0.0000	0.0000	0.0000	0.0000	0.0000	0.0000	0.0000	0.0000	0.0000	0.0000	0.0000	0.0000	0.0000	0.0028	0.0114	0.0011	0.0000	0.0000	0.0000	0.0090	0.9490	0.0014	0.4667	0.0000	-0.0001	3.9674	0.8734	1.0003	1.0002	0.0000	0.0000	0.0000	0.0000	0.0000	0.0000	0.0000	0.0000	0.0000	0.0002	0.0001	0.0001	0.0000	0.0000	0.0000	0.0002	0.0001	0.0001	0.0978	0.0808	0.0170	0.0039	0.0037	0.0002	0.0939	0.0771	0.0168	0.0783	0.0132	0.0651	0.0184	0.0038	0.0146	0.0599	0.0094	0.0505	0.0000	0.0000	0.0000	0.0000	0.0000	0.0000	0.0000	0.0000	0.0000	0.0028	0.0114	0.0011	0.0000	0.0000	0.0000	0.0037	0.0160	0.0014				
40	66	0.0809	2	0	0	0	0	0	0	0	0	N	N	N	N	N	N	N	N	N	N	N	N	0.2205	0.0666	1.4888	0.7169	0.0005	0.0006	0.0000	0.0113	0.0119	0.0000	0.0000	0.0000	0.0000	0.0023	0.0093	0.0000	0.0076	0.0165	0.0000	0.0000	0.0000	0.0000	0.0000	0.0000	-0.0000	-0.0001	3.9674	1.0063	1.0003	0.0727	0.0001	0.0001	0.0000	0.0001	0.0001	0.0000	0.0000	0.0000	0.0000	0.0001	0.0001	0.0000	0.0001	0.0001	0.0000	0.0000	0.0000	0.0000	0.1139	0.0942	0.0197	0.0052	0.0049	0.0002	0.1088	0.0893	0.0195	0.0579	0.0145	0.0435	0.0177	0.0081	0.0096	0.0402	0.0063	0.0339	0.2205	0.0666	0.0000	1.4888	0.7169	0.0000	0.0000	0.0000	0.0000	0.0023	0.0093	0.0000	0.0076	0.0165	0.0000	0.0000	0.0000	0.0000					
40	72	0.0697	2	0	1	0	0	0	0	0	0	N	N	N	N	N	N	N	N	N	N	N	N	154814.4361	inf	0.0000	320.9386	inf	0.0000	10267072.0291	inf	0.0000	1.8731	2.2205	0.0000	0.0137	0.0144	0.0000	2.0502	2.4609	0.0000	0.0000	0.0000	0.0000	0.0000	0.0000	0.0852	0.0000	0.0000	0.0000	0.0000	inf	-0.3664	0.0000	3.9674	4.7764	1.0003	1.3205	0.9506	0.9506	0.0000	0.0006	0.0006	0.0000	0.9500	0.9500	0.0000	0.0000	0.0000	0.0000	0.0000	0.0000	0.0000	0.0000	0.0000	0.0000	0.5075	0.4281	0.0794	0.0442	0.0421	0.0021	0.4634	0.3860	0.0773	0.1949	0.0777	0.1172	0.0546	0.0546	0.0000	0.1402	0.0230	0.1172	154814.4361	inf	0.0000	320.9386	inf	0.0000	10267072.0291	inf	0.0000	0.0000	0.0000	0.0000	0.0000	0.0000	0.0852	0.0000	0.0000	0.0000
40	74	0.0719	2	0	1	0	0	0	0	0	0	N	N	N	N	N	N	N	N	N	N	N	N	0.0000	0.0000	0.0000	0.0000	0.0000	0.0000	0.0000	0.0000	0.0000	0.0000	0.0000	0.0000	0.0000	0.0000	0.0000	0.0000	0.0000	0.0000	0.0000	0.0000	3.9674	0.0000	1.0003	0.0000	0.0000	0.0000	0.0000	0.0000	0.0000	0.0000	0.0000	0.0000	0.0000	0.0000	0.0000	0.0000	0.0000	0.0000	0.0000	0.0000	0.0000	0.0000	0.0000	0.0000	0.0000	0.0000	0.0000	0.0000	0.0000	0.0000	0.0000	0.0000	0.0000	0.0000	0.0000	0.0000	0.0000	0.0000	0.0000	0.0000	0.0000	0.0000	0.0000	0.0000	0.0000	0.0000	0.0000	0.0000	0.0000	0.0000	0.0000	0.0000	0.0000	0.0000	0.0000	0.0000	0.0000	0.0000											
40	76	0.0805	4	1	1	0	1	0	0	0	0	N	N	N	N	N	N	N	N	N	N	N	N	0.0000	0.0000	0.0000	0.0000	0.0000	0.0000	0.0000	0.0000	0.0000	0.0000	0.0000	0.0000	0.0000	0.0000	0.0000	0.0000	0.0000	0.0000	0.0000	0.0000	3.9674	0.0000	1.0003	0.0000	0.0000	0.0000	0.0000	0.0000	0.0000	0.0000	0.0000	0.0000	0.0000	0.0000	0.0000	0.0000	0.0000	0.0000	0.0000	0.0000	0.0000	0.0000	0.0000	0.0000	0.0000	0.0000	0.0000	0.0000	0.0000	0.0000	0.0000	0.0000	0.0000	0.0000	0.0000	0.0000	0.0000	0.0000	0.0000	0.0000	0.0000	0.0000	0.0000	0.0000	0.0000	0.0000	0.0000	0.0000	0.0000	0.0000	0.0000	0.0000	0.0000	0.0000	0.0000	0.0000	0.0000	0.0000											
40	77	0.0722	3	1	1	0	1	0	0	0	0	N	N	N	N	N	N	N	N	N	N	N	N	0.0000	0.0000	0.0000	0.0000	0.0000	0.0000	0.0000	0.0000	0.0000	0.0000	0.0000	0.0000	0.0000	0.0000	0.0000	0.0000	0.0000	0.0000	0.0000	0.0000	0.0000	0.0000	0.0000	0.0000	-0.0000	3.9674	1.0073	1.0003	0.3366	0.0000	0.0000	0.0000	0.0000	0.0000	0.0000	0.0000	0.0000	0.0000	0.0000	0.0000	0.0000	0.0000	0.0000	0.0000	0.0000	0.0000	0.0000	0.1132	0.0964	0.0168	0.0094	0.0084	0.0010	0.1038	0.0880	0.0158	0.0373	0.0136	0.0237	0.0046	0.0045	0.0001	0.0327	0.0091	0.0236	0.0000	0.0000	0.0000	0.0000	0.0000	0.0000	0.0000	0.0000	0.0000	0.0000	0.0000	0.0000	0.0000	0.0000	0.0000	0.0000	0.0000	0.0000						
40	78	0.0980	3	0	1	0	1	0	0	0	0	N	N	N	N	N	N	N	N	N	N	N	N	0.0000	0.0000	0.0000	0.0000	0.0000	0.0000	0.0000	0.0000	0.0000	0.0000	0.0000	0.0000	0.0000	0.0000	0.0000	0.0000	0.0000	0.0000	0.0000	0.0000	3.9674	0.0000	1.0003	0.0000	0.0000	0.0000	0.0000	0.0000	0.0000	0.0000	0.0000	0.0000	0.0000	0.0000	0.0000	0.0000	0.0000	0.0000	0.0000	0.0000	0.0000	0.0000	0.0000	0.0000	0.0000	0.0000	0.0000	0.0000	0.0000	0.0000	0.0000	0.0000	0.0000	0.0000	0.0000	0.0000	0.0000	0.0000	0.0000	0.0000	0.0000	0.0000	0.0000	0.0000	0.0000	0.0000	0.0000	0.0000	0.0000	0.0000	0.0000	0.0000	0.0000	0.0000	0.0000	0.0000	0.0000	0.0000											
40	79	0.0897	2	0	1	0	1	0	0	0	0	N	N	N	N	N	N	N	N	N	N	N	N	0.0000	0.0000	0.0000	0.0000	0.0000	0.0000	0.0000	0.0000	0.0000	0.0000	0.0000	0.0000	0.0000	0.0000	0.0000	0.0000	0.0000	0.0000	0.0000	0.0000	3.9674	0.0000	1.0003	1.0000	0.0000	0.0000	0.0000	0.0000	0.0000	0.0000	0.0000	0.0000	0.0000	0.0000	0.0000	0.0000	0.0000	0.0000	0.0000	0.0000	0.0000	0.0000	0.0000	0.0000	0.0000	0.0000	0.0000	0.0000	0.0000	0.0000	0.0000	0.0361	0.0111	0.0250	0.0126	0.0043	0.0083	0.0235	0.0068	0.0167	0.0000	0.0000	0.0000	0.0000	0.0000	0.0000	0.0000	0.0000	0.0000	0.0000	0.0000	0.0000	0.0000	0.0000	0.0000	0.0000	0.0000	0.0000											
40	80	0.0722	3	0	1	0	0	0	0	0	0	N	N	N	N	N	N	N	N	N	N	N	N	0.0000	0.0000	0.0000	0.0000	0.0000	0.0000	0.0000	0.0000	0.0000	0.0000	0.0000	0.0000	0.0000	0.0000	0.0000	0.0000	0.0000	0.0000	0.0000	0.0000	0.0000	0.0000	0.0000	0.0000	-0.0000	3.9674	3.9927	1.0003	1.0002	0.0000	0.0000	0.0000	0.0000	0.0000	0.0000	0.0000	0.0000	0.0000	0.0000	0.0000	0.0000	0.0000	0.0000	0.0000	0.0000	0.0000	0.0000	0.4150	0.3555	0.0595	0.0347	0.0310	0.0037	0.3803	0.3245	0.0558	0.1186	0.0423	0.0764	0.0114	0.0109	0.0005	0.1072	0.0313	0.0759	0.0000	0.0000	0.0000	0.0000	0.0000	0.0000	0.0000	0.0000	0.0000	0.0000	0.0000	0.0000	0.0000	0.0000	0.0000	0.0000	0.0000	0.0000						
40	81	0.0675	2	0	1	0	0	0	0	0	0	N	N	N	N	N	N	N	N	N	N	N	N	0.0000	0.0000	0.0000	0.0000	0.0000	0.0000	0.0000	0.0000	0.0000	0.0000	0.0000	0.0000	0.0000	0.0000	0.0000	0.0000	0.0000	0.0000	0.0000	0.0000	0.0005	0.0000	0.4667	0.0000	-0.0000	3.9674	0.0110	1.0003	0.6549	0.0000	0.0000	0.0000	0.0000	0.0000	0.0000	0.0000	0.0000	0.0000	0.0000	0.0000	0.0000	0.0000	0.0000	0.0000	0.0000	0.0000	0.0000	0.0013	0.0011	0.0002	0.0001	0.0001	0.0000	0.0012	0.0010	0.0002	0.0172	0.0060	0.0112	0.0015	0.0015	0.0001	0.0157	0.0046	0.0111	0.0000	0.0000	0.0000	0.0000	0.0000	0.0000	0.0000	0.0000	0.0000	0.0000	0.0000	0.0000	0.0000	0.0000	0.0000	0.0000	0.0000	0.0000						
40	82	0.0897	2	0	0	1	1	0	0	0	0	N	N	N	N	N	N	N	N	N	N	N	N	0.0000	0.0000	0.0000	0.0000	0.0000	0.0000	0.0000	0.0000	0.0000	0.0000	0.0000	0.0000	0.0000	0.0000	0.0000	0.0000	0.0000	0.0000	0.0000	0.0000	3.9674	1.0000	1.0003	0.0000	0.0000	0.0000	0.0000	0.0000	0.0000	0.0000	0.0000	0.0000	0.0000	0.0000	0.0000	0.0000	0.0000	0.0000	0.0000	0.0000	0.0000	0.0000	0.1119	0.0952	0.0168	0.0037	0.0031	0.0005	0.1083	0.0920	0.0162	0.0361	0.0111	0.0250	0.0126	0.0043	0.0083	0.0235	0.0068	0.0167	0.0000	0.0000	0.0000	0.0000	0.0000	0.0000	0.0000	0.0000	0.0000	0.0000	0.0000	0.0000	0.0000	0.0000	0.0000	0.0000	0.0000	0.0000											
40	83	0.0897	2	0	0	1	1	0	0	0	0	N	N	N	N	N	N	N	N	N	N	N	N	0.0000	0.0000	0.0000	0.0000	0.0000	0.0000	0.0000	0.0000	0.0000	0.0000	0.0000	0.0000	0.0000	0.0000	0.0000	0.0000	0.0000	0.0000	0.0000	0.0000	3.9674	0.0000	1.0003	0.0000	0.0000	0.0000	0.0000	0.0000	0.0000	0.0000	0.0000	0.0000	0.0000	0.0000	0.0000	0.0000	0.0000	0.0000	0.0000	0.0000	0.0000	0.0000	0.0000	0.0000	0.0000	0.0000	0.0000	0.0000	0.0000	0.0000	0.0000	0.0000	0.0000	0.0000	0.0000	0.0000	0.0000	0.0000	0.0000	0.0000	0.0000	0.0000	0.0000	0.0000	0.0000	0.0000	0.0000	0.0000	0.0000	0.0000	0.0000	0.0000	0.0000	0.0000	0.0000	0.0000	0.0000	0.0000											
40	85	0.1507	2	1	1	0	0	0	0	0	0	N	N	N	N	N	N	N	N	N	N	N	N	0.0000	0.0000	0.0000	0.0000	0.0000	0.0000	0.0000	0.0000	0.0000	0.0000	0.0000	0.0000	0.0000	0.0000	0.0000	0.0000	0.0000	0.0000	0.0000	0.0000	3.9674	0.0000	1.0003	0.0000	0.0000	0.0000	0.0000	0.0000	0.0000	0.0000	0.0000	0.0000	0.0000	0.0000	0.0000	0.0000	0.0000	0.0000	0.0000	0.0000	0.0000	0.0000	0.0000	0.0000	0.0000	0.0000	0.0000	0.0000	0.0000	0.0000	0.0000	0.0000	0.0000	0.0000	0.0000	0.0000	0.0000	0.0000	0.0000	0.0000	0.0000	0.0000	0.0000	0.0000	0.0000	0.0000	0.0000	0.0000	0.0000	0.0000	0.0000	0.0000	0.0000	0.0000	0.0000	0.0000	0.0000	0.0000											
40	88	0.0675	2	1	1	0	0	0	0	0	0	N	N	N	N	N	N	N	N	N	N	N	N	0.0000	0.0000	0.0000	0.0000	0.0000	0.0000	0.0000	0.0000	0.0000	0.0000	0.0000	0.0000	0.0000	0.0000	0.0000	0.0000	0.0000	0.0000	0.0000	0.0000	3.9674	0.0000	1.0003	0.0000	0.0000	0.0000	0.0000	0.0000	0.0000	0.0000	0.0000	0.0000	0.0000	0.0000	0.0000	0.0000	0.0000	0.0000	0.0000	0.0000	0.0000	0.0000	0.0000	0.0000	0.0000	0.0000	0.0000	0.0000	0.0000	0.0000	0.0000	0.0000	0.0000	0.0000	0.0000	0.0000	0.0000	0.0000	0.0000	0.0000	0.0000	0.0000	0.0000	0.0000	0.0000	0.0000	0.0000	0.0000	0.0000	0.0000	0.0000	0.0000	0.0000	0.0000	0.0000	0.0000	0.0000	0.0000											
40	91	0.1587	3	0	0	0	0	0	0	0	0	N	N	N	N	N	N	N	N	N	N	N	N	31.2774	7.7038	0.0000	6.3081	6.3991	0.0000	162098.7359	inf	0.0000	0.5886	0.6821	0.0000	0.9978	1.0511	0.0000	0.5286	0.6217	0.0000	0.0188	0.0885	0.0002	0.1582	0.1643	0.0279	0.0000	0.0000	0.0000	0.0000	0.0081	-0.2762	-0.0063	3.9674	11.5137	1.0003	4.9035	0.7165	0.7165	0.0000	0.1554	0.1554	0.0000	0.5611	0.5611	0.0000	0.0095	0.0095	0.0001	0.0095	0.0095	0.0001	0.0000	0.0000	0.0000	1.2173	1.0505	0.1668	0.1557	0.1478	0.0079	1.0615	0.9026	0.1589	0.5068	0.1506	0.3561	0.0603	0.0576	0.0027	0.4465	0.0930	0.3534	31.2774	10.8597	0.0000	6.3081	6.3991	0.0000	162098.7359	inf	0.0000	0.0188	0.0628	0.0002	0.1582	0.1643	0.0279	0.0000	0.0000	0.0000
41	42	0.0687	3	1	2	1	0	0	0	0	0	N	Y	N	N	N	N	N	N	N	N	N	N	0.0000	0.0000	0.0000	0.0000	0.0000	0.0000	0.0000	0.0000	0.0000	0.0000	0.0000	0.0000	0.0000	0.0005	0.0025	0.0000	0.0121	0.0129	0.0000	0.0000	0.0000	0.0000	0.0000	0.0000	-0.0000	1.0144	3.0000	1.0128	2.9994	0.0000	0.0000	0.0000	0.0000	0.0000	0.0000	0.0000	0.0000	0.0000	0.0000	0.0000	0.0000	0.0000	0.0000	0.0000	0.0000	0.0000	0.0000	0.1058	0.0927	0.0130	0.0285	0.0261	0.0024	0.0773	0.0666	0.0107	0.0988	0.0203	0.0785	0.0041	0.0039	0.0003	0.0946	0.0164	0.0782	0.0000	0.0000	0.0000	0.0000	0.0000	0.0000	0.0000	0.0000	0.0000	0.0005	0.0025	0.0000	0.0121	0.0129	0.0000	0.0000	0.0000	0.0000						
41	43	0.0687	3	1	2	1	0	0	0	0	0	N	Y	N	N	N	N	N	N	N	N	N	N	0.0000	0.0000	0.0000	0.0000	0.0000	0.0000	0.0000	0.0000	0.0000	0.0000	0.0000	0.0000	0.0000	0.0005	0.0024	0.0000	0.0118	0.0127	0.0000	0.0000	0.0000	0.0000	0.0000	0.0000	-0.0000	1.0144	4.0000	1.0128	4.9994	0.0000	0.0000	0.0000	0.0000	0.0000	0.0000	0.0000	0.0000	0.0000	0.0001	0.0001	0.0000	0.0001	0.0001	0.0000	0.0000	0.0000	0.0000	0.1374	0.1207	0.0168	0.0369	0.0339	0.0030	0.1005	0.0868	0.0137	0.1353	0.0286	0.1067	0.0059	0.0055	0.0004	0.1294	0.0231	0.1063	0.0000	0.0000	0.0000	0.0000	0.0000	0.0000	0.0000	0.0000	0.0000	0.0005	0.0024	0.0000	0.0118	0.0127	0.0000	0.0000	0.0000	0.0000						
41	44	0.2063	4	1	2	0	0	0	0	0	0	N	Y	N	N	N	N	N	N	N	N	N	N	0.0000	0.0000	0.0000	0.0000	0.0000	0.0000	0.0000	0.0000	0.0000	0.0000	0.0000	0.0000	0.0000	0.0007	0.0022	0.0000	0.0038	0.0056	0.0000	0.0000	0.0000	0.0000	0.0000	0.0000	-0.0000	1.0144	2.0000	1.0128	1.0000	0.0000	0.0000	0.0000	0.0000	0.0000	0.0000	0.0000	0.0000	0.0000	0.0000	0.0000	0.0000	0.0000	0.0000	0.0000	0.0000	0.0000	0.0000	0.0669	0.0590	0.0079	0.0149	0.0142	0.0006	0.0520	0.0447	0.0073	0.0407	0.0134	0.0274	0.0078	0.0053	0.0025	0.0329	0.0081	0.0249	0.0000	0.0000	0.0000	0.0000	0.0000	0.0000	0.0000	0.0000	0.0000	0.0007	0.0022	0.0000	0.0038	0.0056	0.0000	0.0000	0.0000	0.0000						
41	45	0.1339	5	0	2	0	1	0	0	0	0	N	Y	N	N	N	N	N	N	N	N	N	N	0.0000	0.0000	0.0000	0.0000	0.0000	0.0000	0.0000	0.0000	0.0000	0.0000	0.0000	0.0000	0.0000	0.0000	0.0000	0.0000	0.0000	0.0000	0.0000	0.0000	1.0144	1.0000	1.0128	0.0000	0.0000	0.0000	0.0000	0.0000	0.0000	0.0000	0.0000	0.0000	0.0000	0.0000	0.0000	0.0000	0.0000	0.0000	0.0000	0.0000	0.0000	0.0000	0.0384	0.0338	0.0046	0.0066	0.0064	0.0002	0.0319	0.0274	0.0045	0.0196	0.0039	0.0157	0.0012	0.0009	0.0003	0.0184	0.0030	0.0154	0.0000	0.0000	0.0000	0.0000	0.0000	0.0000	0.0000	0.0000	0.0000	0.0000	0.0000	0.0000	0.0000	0.0000	0.0000	0.0000	0.0000	0.0000											
41	46	0.1339	5	0	1	0	1	0	0	0	0	N	N	N	N	N	N	N	N	N	N	N	N	0.0000	0.0000	0.0000	0.0000	0.0000	0.0000	0.0000	0.0000	0.0000	0.0000	0.0000	0.0000	0.0000	0.0000	0.0000	0.0000	0.0000	0.0000	0.0000	0.0000	1.0144	0.0000	1.0128	0.0000	0.0000	0.0000	0.0000	0.0000	0.0000	0.0000	0.0000	0.0000	0.0000	0.0000	0.0000	0.0000	0.0000	0.0000	0.0000	0.0000	0.0000	0.0000	0.0000	0.0000	0.0000	0.0000	0.0000	0.0000	0.0000	0.0000	0.0000	0.0000	0.0000	0.0000	0.0000	0.0000	0.0000	0.0000	0.0000	0.0000	0.0000	0.0000	0.0000	0.0000	0.0000	0.0000	0.0000	0.0000	0.0000	0.0000	0.0000	0.0000	0.0000	0.0000	0.0000	0.0000	0.0000	0.0000											
41	47	0.1010	4	0	1	0	1	0	0	0	0	N	N	N	N	N	N	N	N	N	N	N	N	0.0149	0.0068	0.0000	0.0376	0.0369	0.0000	0.0000	0.0000	0.0000	0.0000	0.0000	0.0000	0.0001	0.0001	0.0000	0.0000	0.0000	0.0000	0.0006	0.0016	0.0001	0.0015	0.0016	0.0010	0.0004	0.0584	0.0000	0.0000	0.0826	-0.0000	-0.0000	1.0144	2.0873	1.0128	1.9360	0.0000	0.0000	0.0000	0.0000	0.0000	0.0000	0.0000	0.0000	0.0000	0.0001	0.0001	0.0000	0.0000	0.0000	0.0000	0.0000	0.0000	0.0000	0.0784	0.0690	0.0094	0.0125	0.0121	0.0003	0.0660	0.0569	0.0091	0.1001	0.0369	0.0631	0.0208	0.0183	0.0025	0.0792	0.0186	0.0606	0.0149	0.0068	0.0000	0.0376	0.0369	0.0000	0.0000	0.0000	0.0000	0.0006	0.0016	0.0001	0.0015	0.0016	0.0010	0.0004	0.0015	0.0000
41	48	0.0687	3	0	1	0	1	0	0	0	0	N	N	N	N	N	N	N	N	N	N	N	N	0.0091	0.0000	0.0957	0.0000	0.0000	0.0000	0.0133	0.0000	0.1166	0.0000	0.0000	0.0000	0.0000	0.0000	0.0000	0.0000	0.0000	0.0001	0.0006	0.0011	0.0005	0.0015	0.0015	0.0001	0.0006	0.0462	0.0005	inf	1.6500	0.0000	-0.0000	1.0144	3.9129	1.0128	0.7267	0.0000	0.0000	0.0000	0.0000	0.0000	0.0000	0.0000	0.0000	0.0000	0.0000	0.0000	0.0000	0.0000	0.0000	0.0000	0.0000	0.0000	0.0000	0.1348	0.1183	0.0165	0.0362	0.0332	0.0030	0.0985	0.0851	0.0135	0.0797	0.0161	0.0636	0.0033	0.0031	0.0002	0.0764	0.0131	0.0633	0.0091	0.0000	0.0957	0.0000	0.0000	0.0000	0.0133	0.0000	0.1166	0.0006	0.0011	0.0005	0.0015	0.0015	0.0001	0.0006	0.0010	0.0005
41	49	0.0687	3	0	2	1	0	0	0	0	0	N	Y	N	N	N	N	N	N	N	N	N	N	216.4291	52.5130	0.0000	0.0000	0.0000	0.0000	inf	inf	0.0742	0.0843	0.0000	0.0000	0.0000	0.0000	0.1013	0.1169	0.0000	0.0003	0.0016	0.0000	0.0077	0.0083	0.0001	0.0000	0.0000	0.0000	0.0000	0.0006	-0.0056	-0.0000	1.0144	6.0000	1.0128	4.0006	0.0146	0.0146	0.0000	0.0000	0.0000	0.0000	0.0146	0.0146	0.0000	0.0001	0.0001	0.0000	0.0001	0.0001	0.0000	0.0000	0.0000	0.0000	0.1961	0.1726	0.0235	0.0524	0.0482	0.0042	0.1436	0.1244	0.0192	0.1459	0.0311	0.1148	0.0065	0.0060	0.0004	0.1394	0.0251	0.1143	216.4291	52.5130	0.0000	0.0000	0.0000	0.0000	inf	inf	0.0000	0.0003	0.0016	0.0000	0.0077	0.0083	0.0001	0.0000	0.0000	0.0000	
41	50	0.0687	3	1	1	1	0	0	0	0	0	N	N	N	N	N	N	N	N	N	N	N	N	200.6522	48.2133	0.0000	0.0000	0.0000	0.0000	inf	inf	0.0742	0.0843	0.0000	0.0000	0.0000	0.0000	0.1013	0.1169	0.0000	0.0004	0.0017	0.0000	0.0085	0.0091	0.0001	0.0000	0.0000	0.0000	0.0000	0.0006	-0.0056	-0.0000	1.0144	6.0000	1.0128	3.0006	0.0146	0.0146	0.0000	0.0000	0.0000	0.0000	0.0146	0.0146	0.0000	0.0001	0.0001	0.0000	0.0001	0.0001	0.0000	0.0000	0.0000	0.0000	0.1961	0.1726	0.0235	0.0524	0.0482	0.0042	0.1436	0.1244	0.0192	0.1353	0.0286	0.1067	0.0059	0.0055	0.0004	0.1294	0.0231	0.1063	200.6522	48.2133	0.0000	0.0000	0.0000	0.0000	inf	inf	0.0000	0.0004	0.0017	0.0000	0.0085	0.0091	0.0001	0.0000	0.0000	0.0000	
41	51	0.1065	4	1	2	0	0	0	0	0	0	N	Y	N	N	N	N	N	N	N	N	N	N	3.9258	67.2141	0.0000	19.5800	39.8138	0.0000	0.0000	0.0000	0.0000	0.0000	0.0000	0.0001	0.0001	0.0000	0.0000	0.0000	0.0000	0.0000	0.0000	0.0000	0.0000	0.0000	0.0000	0.0000	0.0000	0.0000	0.0000	58.9643	-0.0000	0.0000	1.0144	1.0314	1.0128	3.0033	0.0000	0.0000	0.0000	0.0000	0.0000	0.0000	0.0000	0.0000	0.0000	0.0000	0.0000	0.0000	0.0000	0.0000	0.0000	0.0000	0.0000	0.0000	0.0405	0.0357	0.0048	0.0148	0.0137	0.0011	0.0257	0.0219	0.0037	0.0612	0.0154	0.0458	0.0038	0.0035	0.0003	0.0574	0.0119	0.0455	3.9258	67.2141	0.0000	19.5800	39.8138	0.0000	0.0000	0.0000	0.0000	0.0000	0.0000	0.0000	0.0000	0.0000	0.0000	0.0000	0.0000	0.0000	
41	52	0.0687	3	1	2	0	0	0	0	0	0	N	Y	N	N	N	N	N	N	N	N	N	N	1.2301	0.0000	88.0243	0.0000	0.0000	0.0000	104.7735	641.8334	0.0000	0.0000	0.0000	0.0000	0.0000	0.0000	0.0000	0.0000	0.0001	0.0000	0.0000	0.0000	0.0001	0.0001	0.0001	0.0000	0.0000	0.0000	inf	0.1015	0.0000	-0.0000	1.0144	4.9791	1.0128	0.0710	0.0000	0.0000	0.0000	0.0000	0.0000	0.0000	0.0000	0.0000	0.0000	0.0000	0.0000	0.0000	0.0000	0.0000	0.0000	0.0000	0.0000	0.0000	0.1669	0.1467	0.0202	0.0447	0.0411	0.0037	0.1221	0.1056	0.0165	0.0856	0.0174	0.0682	0.0035	0.0033	0.0002	0.0821	0.0141	0.0680	1.2301	0.0000	88.0243	0.0000	0.0000	0.0000	104.7735	0.0000	641.8334	0.0000	0.0000	0.0000	0.0001	0.0001	0.0001	0.0000	0.0000	0.0000	
41	53	0.0687	3	0	2	0	0	0	0	0	0	N	Y	N	N	N	N	N	N	N	N	N	N	216.4291	52.5130	0.0000	0.0000	0.0000	0.0000	inf	inf	0.0742	0.0843	0.0000	0.0000	0.0000	0.0000	0.1013	0.1169	0.0000	0.0003	0.0016	0.0000	0.0077	0.0083	0.0001	0.0000	0.0000	0.0000	0.0000	0.0006	-0.0056	-0.0000	1.0144	6.0000	1.0128	4.0006	0.0146	0.0146	0.0000	0.0000	0.0000	0.0000	0.0146	0.0146	0.0000	0.0001	0.0001	0.0000	0.0001	0.0001	0.0000	0.0000	0.0000	0.0000	0.1961	0.1726	0.0235	0.0524	0.0482	0.0042	0.1436	0.1244	0.0192	0.1459	0.0311	0.1148	0.0065	0.0060	0.0004	0.1394	0.0251	0.1143	216.4291	52.5130	0.0000	0.0000	0.0000	0.0000	inf	inf	0.0000	0.0003	0.0016	0.0000	0.0077	0.0083	0.0001	0.0000	0.0000	0.0000	
41	57	0.0687	3	0	1	0	0	0	0	0	0	N	N	N	N	N	N	N	N	N	N	N	N	0.0000	0.0000	0.0000	0.0000	0.0000	0.0000	0.0000	0.0000	0.0000	0.0000	0.0000	0.0000	0.0000	0.0000	0.0000	0.1212	1.7377	0.0000	4.3253	5.5946	0.0001	0.0000	0.0000	0.0000	0.0000	0.0000	-0.0080	1.0144	3.0000	1.0128	3.0006	0.0000	0.0000	0.0000	0.0000	0.0000	0.0000	0.0000	0.0000	0.0000	0.0120	0.0120	0.0000	0.0120	0.0120	0.0000	0.0000	0.0000	0.0000	0.1058	0.0927	0.0130	0.0285	0.0261	0.0024	0.0773	0.0666	0.0107	0.0988	0.0203	0.0785	0.0041	0.0039	0.0003	0.0947	0.0164	0.0782	0.0000	0.0000	0.0000	0.0000	0.0000	0.0000	0.0000	0.0000	0.0000	0.1212	0.5904	0.0000	2.8939	3.0998	0.0001	0.0000	0.0000	0.0000				
41	58	0.2143	5	0	1	0	0	0	0	0	0	N	N	N	N	N	N	N	N	N	N	N	N	0.9775	0.3883	0.0000	0.5135	0.5267	0.0000	0.0000	0.0000	0.0000	0.0012	0.0013	0.0000	0.0033	0.0036	0.0000	0.0000	0.0000	0.0000	0.0012	0.0034	0.0002	0.0065	0.0068	0.0011	0.0001	0.0003	0.0002	0.0000	0.1275	-0.0002	-0.0001	1.0144	10.2575	1.0128	3.8960	0.0004	0.0004	0.0000	0.0004	0.0004	0.0000	0.0000	0.0000	0.0000	0.0002	0.0002	0.0000	0.0002	0.0002	0.0000	0.0000	0.0000	0.0000	0.3475	0.3096	0.0379	0.1213	0.1128	0.0085	0.2262	0.1968	0.0294	0.2093	0.0657	0.1436	0.0344	0.0325	0.0019	0.1749	0.0332	0.1417	0.9775	0.3883	0.0000	0.5135	0.5267	0.0000	0.0000	0.0000	0.0000	0.0012	0.0034	0.0002	0.0065	0.0068	0.0011	0.0001	0.0000	0.0002
41	59	0.1883	4	1	2	1	0	0	0	0	0	N	Y	N	N	N	N	N	N	N	N	N	N	0.0000	0.0000	0.0000	0.0000	0.0000	0.0000	0.0000	0.0000	0.0000	0.0000	0.0000	0.0000	0.0000	0.0000	0.0000	0.0000	0.0000	0.0000	0.0000	0.0000	1.0144	0.0000	1.0128	0.0000	0.0000	0.0000	0.0000	0.0000	0.0000	0.0000	0.0000	0.0000	0.0000	0.0000	0.0000	0.0000	0.0000	0.0000	0.0000	0.0000	0.0000	0.0000	0.0000	0.0000	0.0000	0.0000	0.0000	0.0000	0.0000	0.0000	0.0000	0.0000	0.0000	0.0000	0.0000	0.0000	0.0000	0.0000	0.0000	0.0000	0.0000	0.0000	0.0000	0.0000	0.0000	0.0000	0.0000	0.0000	0.0000	0.0000	0.0000	0.0000	0.0000	0.0000	0.0000	0.0000	0.0000	0.0000											
41	60	0.0687	3	1	1	1	0	0	0	0	0	N	N	N	N	N	N	N	N	N	N	N	N	101.6029	24.8445	0.0000	0.0000	inf	inf	0.0652	0.0739	0.0000	0.0000	0.0000	0.0000	0.0889	0.1025	0.0000	0.0006	0.0030	0.0000	0.0143	0.0153	0.0000	0.0000	0.0000	0.0000	0.0000	0.0000	-0.0056	-0.0001	1.0144	7.0000	1.0128	3.9994	0.0146	0.0146	0.0000	0.0000	0.0000	0.0000	0.0146	0.0146	0.0000	0.0001	0.0001	0.0000	0.0001	0.0001	0.0000	0.0000	0.0000	0.0000	0.2233	0.1968	0.0265	0.0596	0.0548	0.0048	0.1637	0.1420	0.0217	0.1559	0.0336	0.1223	0.0070	0.0065	0.0005	0.1489	0.0271	0.1218	101.6029	24.8445	0.0000	0.0000	0.0000	0.0000	inf	inf	0.0000	0.0006	0.0030	0.0000	0.0143	0.0153	0.0000	0.0000	0.0000	0.0000			
41	61	0.1512	4	1	1	1	0	0	0	0	0	N	N	N	N	N	N	N	N	N	N	N	N	0.0000	0.0000	0.0000	0.0000	0.0000	0.0000	0.0000	0.0000	0.0000	0.0000	0.0000	0.0000	0.0000	0.0000	0.0000	0.0000	0.0000	0.0000	0.0000	0.0000	1.0144	2.0000	1.0128	0.0000	0.0000	0.0000	0.0000	0.0000	0.0000	0.0000	0.0000	0.0000	0.0000	0.0000	0.0000	0.0000	0.0000	0.0000	0.0000	0.0000	0.0000	0.0000	0.0647	0.0568	0.0079	0.0240	0.0221	0.0019	0.0406	0.0347	0.0059	0.0247	0.0102	0.0144	0.0151	0.0078	0.0072	0.0096	0.0024	0.0072	0.0000	0.0000	0.0000	0.0000	0.0000	0.0000	0.0000	0.0000	0.0000	0.0000	0.0000	0.0000	0.0000	0.0000	0.0000	0.0000	0.0000	0.0000											
41	62	0.0687	3	1	1	1	0	0	0	0	0	N	N	N	N	N	N	N	N	N	N	N	N	0.0000	0.0000	0.0000	0.0000	0.0000	0.0000	0.0000	0.0000	0.0000	0.0000	0.0000	0.0000	0.0000	0.0008	0.0039	0.0000	0.0187	0.0201	0.0000	0.0000	0.0000	0.0000	0.0000	0.0000	-0.0001	1.0144	4.0000	1.0128	3.9994	0.0000	0.0000	0.0000	0.0000	0.0000	0.0000	0.0000	0.0000	0.0000	0.0001	0.0001	0.0000	0.0001	0.0001	0.0000	0.0000	0.0000	0.0000	0.1374	0.1207	0.0168	0.0369	0.0339	0.0030	0.1005	0.0868	0.0137	0.1239	0.0259	0.0980	0.0053	0.0050	0.0004	0.1186	0.0210	0.0976	0.0000	0.0000	0.0000	0.0000	0.0000	0.0000	0.0000	0.0000	0.0000	0.0008	0.0039	0.0000	0.0187	0.0201	0.0000	0.0000	0.0000	0.0000						
41	63	0.0687	3	0	2	0	0	0	0	0	0	N	Y	N	N	N	N	N	N	N	N	N	N	0.0000	0.0000	0.0000	0.0000	0.0000	0.0000	0.0000	0.0000	0.0000	0.0000	0.0000	0.0000	0.0000	0.0000	0.0000	0.0000	0.0000	0.0000	0.0000	0.0000	1.0144	7.0000	1.0128	4.0000	0.0000	0.0000	0.0000	0.0000	0.0000	0.0000	0.0000	0.0000	0.0000	0.0000	0.0000	0.0000	0.0000	0.0000	0.0000	0.0000	0.0000	0.0000	0.2233	0.1968	0.0265	0.0596	0.0548	0.0048	0.1637	0.1420	0.0217	0.1559	0.0336	0.1223	0.0070	0.0065	0.0005	0.1489	0.0271	0.1218	0.0000	0.0000	0.0000	0.0000	0.0000	0.0000	0.0000	0.0000	0.0000	0.0000	0.0000	0.0000	0.0000	0.0000	0.0000	0.0000	0.0000	0.0000											
41	64	0.1754	6	0	1	1	0	0	0	0	0	N	N	N	N	N	N	N	N	N	N	N	N	0.0000	0.0000	0.0000	0.0000	0.0000	0.0000	0.0000	0.0000	0.0000	0.0000	0.0000	0.0000	0.0000	0.0000	0.0000	0.0000	0.0000	0.0000	0.0000	0.0000	1.0144	0.0000	1.0128	0.0000	0.0000	0.0000	0.0000	0.0000	0.0000	0.0000	0.0000	0.0000	0.0000	0.0000	0.0000	0.0000	0.0000	0.0000	0.0000	0.0000	0.0000	0.0000	0.0000	0.0000	0.0000	0.0000	0.0000	0.0000	0.0000	0.0000	0.0000	0.0000	0.0000	0.0000	0.0000	0.0000	0.0000	0.0000	0.0000	0.0000	0.0000	0.0000	0.0000	0.0000	0.0000	0.0000	0.0000	0.0000	0.0000	0.0000	0.0000	0.0000	0.0000	0.0000	0.0000	0.0000	0.0000	0.0000											
41	65	0.1511	5	0	1	1	0	0	0	0	0	N	N	N	N	N	N	N	N	N	N	N	N	0.0000	0.0000	0.0000	0.0000	0.0000	0.0000	0.0000	0.0000	0.0000	0.0000	0.0000	0.0000	0.0000	0.0003	0.0016	0.0000	0.0010	0.0033	0.0000	0.0000	0.0000	0.0000	0.0000	0.0000	-0.0000	1.0144	0.8734	1.0128	1.0002	0.0000	0.0000	0.0000	0.0000	0.0000	0.0000	0.0000	0.0000	0.0000	0.0000	0.0000	0.0000	0.0000	0.0000	0.0000	0.0000	0.0000	0.0000	0.0306	0.0268	0.0038	0.0099	0.0091	0.0008	0.0207	0.0177	0.0030	0.0349	0.0064	0.0285	0.0098	0.0030	0.0068	0.0251	0.0034	0.0217	0.0000	0.0000	0.0000	0.0000	0.0000	0.0000	0.0000	0.0000	0.0000	0.0003	0.0016	0.0000	0.0010	0.0033	0.0000	0.0000	0.0000	0.0000						
41	66	0.1366	4	0	1	0	0	0	0	0	0	N	N	N	N	N	N	N	N	N	N	N	N	13.2242	10.8351	0.0000	117.0637	71.7553	0.0000	0.0000	0.0000	0.0000	0.0006	0.0007	0.0000	0.0018	0.0020	0.0000	0.0000	0.0000	0.0000	0.0000	0.0001	0.0000	0.0000	0.0000	0.0000	0.0001	0.0169	0.0000	0.0000	1.7425	-0.0000	-0.0000	1.0144	1.0063	1.0128	0.0727	0.0000	0.0000	0.0000	0.0000	0.0000	0.0000	0.0000	0.0000	0.0000	0.0000	0.0000	0.0000	0.0000	0.0000	0.0000	0.0000	0.0000	0.0000	0.0357	0.0312	0.0045	0.0116	0.0106	0.0009	0.0241	0.0205	0.0036	0.0257	0.0067	0.0190	0.0088	0.0044	0.0044	0.0170	0.0024	0.0146	13.2242	10.8351	0.0000	117.0637	71.7553	0.0000	0.0000	0.0000	0.0000	0.0000	0.0001	0.0000	0.0000	0.0000	0.0000	0.0001	0.0001	0.0000
41	67	0.0687	3	0	1	0	0	0	0	0	0	N	N	N	N	N	N	N	N	N	N	N	N	0.2627	0.0054	9347.7501	0.0000	0.0000	1915.7998	inf	11461.0606	0.0002	0.0000	0.0012	0.0000	0.0000	0.0000	0.0002	0.0000	0.0014	0.0006	0.0029	0.0000	0.0142	0.0152	0.0000	0.0000	0.0000	0.0000	10.2308	0.0002	0.0000	-0.0000	1.0144	4.0009	1.0128	1.0789	0.0000	0.0000	0.0000	0.0000	0.0000	0.0000	0.0000	0.0000	0.0000	0.0001	0.0001	0.0000	0.0001	0.0001	0.0000	0.0000	0.0000	0.0000	0.1375	0.1207	0.0168	0.0369	0.0339	0.0030	0.1005	0.0868	0.0137	0.0861	0.0175	0.0686	0.0036	0.0033	0.0002	0.0825	0.0142	0.0683	0.2627	0.0054	9347.7501	0.0000	0.0000	0.0000	1915.7998	inf	11461.0606	0.0006	0.0029	0.0000	0.0142	0.0152	0.0000	0.0000	0.0000	0.0000	
41	68	0.0687	3	0	2	0	0	0	0	0	0	N	Y	N	N	N	N	N	N	N	N	N	N	0.0000	0.0000	0.0000	0.0000	0.0000	0.0000	0.0000	0.0000	0.0000	0.0000	0.0000	0.0000	0.0000	0.0000	0.0000	0.0000	0.0013	0.0035	0.0007	0.0169	0.0182	0.0000	0.0005	0.0000	0.0007	0.7002	0.0000	-0.0000	1.0144	5.0000	1.0128	3.9994	0.0000	0.0000	0.0000	0.0000	0.0000	0.0000	0.0000	0.0000	0.0000	0.0002	0.0001	0.0001	0.0001	0.0001	0.0000	0.0001	0.0000	0.0001	0.1675	0.1473	0.0202	0.0449	0.0412	0.0037	0.1226	0.1060	0.0166	0.1353	0.0286	0.1067	0.0059	0.0055	0.0004	0.1294	0.0231	0.1063	0.0000	0.0000	0.0000	0.0000	0.0000	0.0000	0.0000	0.0000	0.0000	0.0013	0.0035	0.0007	0.0169	0.0182	0.0000	0.0005	0.0000	0.0007			
41	69	0.0687	3	1	1	1	0	0	0	0	0	N	N	N	N	N	N	N	N	N	N	N	N	190.2825	46.0835	0.0000	0.0000	inf	inf	0.0652	0.0739	0.0000	0.0000	0.0000	0.0000	0.0889	0.1025	0.0000	0.0003	0.0016	0.0000	0.0077	0.0083	0.0000	0.0000	0.0000	0.0000	0.0000	0.0000	-0.0056	-0.0000	1.0144	7.0000	1.0128	2.9994	0.0146	0.0146	0.0000	0.0000	0.0000	0.0000	0.0146	0.0146	0.0000	0.0000	0.0000	0.0000	0.0000	0.0000	0.0000	0.0000	0.0000	0.0000	0.2233	0.1968	0.0265	0.0596	0.0548	0.0048	0.1637	0.1420	0.0217	0.1459	0.0311	0.1148	0.0065	0.0060	0.0004	0.1394	0.0251	0.1143	190.2825	46.0835	0.0000	0.0000	0.0000	0.0000	inf	inf	0.0000	0.0003	0.0016	0.0000	0.0077	0.0083	0.0000	0.0000	0.0000	0.0000			
41	70	0.0687	3	0	2	0	1	0	0	0	0	N	Y	N	N	N	N	N	N	N	N	N	N	0.0000	0.0000	0.0000	0.0000	0.0000	0.0000	0.0000	0.0000	0.0000	0.0000	0.0000	0.0000	0.0000	0.0000	0.0000	0.0000	0.0000	0.0000	0.0001	0.0000	0.0000	0.0000	inf	0.0000	0.0000	1.0144	4.0000	1.0128	5.0006	0.0000	0.0000	0.0000	0.0000	0.0000	0.0000	0.0000	0.0000	0.0000	0.0000	0.0000	0.0000	0.0000	0.0000	0.0000	0.0000	0.0000	0.0000	0.1374	0.1207	0.0168	0.0369	0.0339	0.0030	0.1005	0.0868	0.0137	0.1353	0.0286	0.1067	0.0059	0.0055	0.0004	0.1294	0.0231	0.1063	0.0000	0.0000	0.0000	0.0000	0.0000	0.0000	0.0000	0.0000	0.0000	0.0000	0.0000	0.0000	0.0000	0.0000	0.0001	0.0000	0.0000	0.0000						
41	71	0.0687	3	0	2	0	0	0	0	0	0	N	Y	N	N	N	N	N	N	N	N	N	N	0.0000	0.0000	0.0000	0.0000	0.0000	0.0000	0.0000	0.0000	0.0000	0.0000	0.0000	0.0000	0.0000	0.0000	0.0000	0.0000	0.0007	0.0014	0.0005	0.0066	0.0071	0.0000	0.0004	0.0000	0.0005	1.4008	0.0000	-0.0000	1.0144	7.0000	1.0128	4.9994	0.0000	0.0000	0.0000	0.0000	0.0000	0.0000	0.0000	0.0000	0.0000	0.0001	0.0000	0.0001	0.0000	0.0000	0.0000	0.0001	0.0000	0.0001	0.2233	0.1968	0.0265	0.0596	0.0548	0.0048	0.1637	0.1420	0.0217	0.1652	0.0359	0.1292	0.0075	0.0070	0.0005	0.1576	0.0289	0.1287	0.0000	0.0000	0.0000	0.0000	0.0000	0.0000	0.0000	0.0000	0.0000	0.0007	0.0014	0.0005	0.0066	0.0071	0.0000	0.0004	0.0000	0.0005			
41	72	0.1253	4	0	2	0	0	0	0	0	0	N	Y	N	N	N	N	N	N	N	N	N	N	1740.5233	948.3631	0.0000	1.3432	1.4431	0.0000	15707.8018	inf	0.0000	0.0918	0.1039	0.0000	0.0002	0.0002	0.0000	0.1412	0.1637	0.0000	0.0001	0.0001	0.0000	0.0001	0.0001	0.0000	0.0000	0.0000	0.0000	0.0000	0.1303	-0.0056	-0.0000	1.0144	4.7764	1.0128	1.3205	0.0145	0.0145	0.0000	0.0000	0.0000	0.0000	0.0145	0.0145	0.0000	0.0000	0.0000	0.0000	0.0000	0.0000	0.0000	0.0000	0.0000	0.0000	0.1577	0.1394	0.0183	0.0552	0.0510	0.0042	0.1025	0.0884	0.0141	0.0864	0.0368	0.0496	0.0290	0.0288	0.0003	0.0574	0.0081	0.0493	1740.5233	948.3631	0.0000	1.3432	1.4431	0.0000	15707.8018	inf	0.0000	0.0001	0.0001	0.0000	0.0001	0.0001	0.0000	0.0000	0.0000	0.0000
41	73	0.0687	3	0	2	0	0	0	0	0	0	N	Y	N	N	N	N	N	N	N	N	N	N	1.4027	0.2895	269.2271	0.0000	0.0000	0.0000	456.7524	0.7095	383.3935	0.0007	0.0007	0.0007	0.0000	0.0000	0.0000	0.0009	0.0009	0.0008	0.0005	0.0023	0.0000	0.0112	0.0120	0.0001	0.0000	0.0013	0.0000	0.1391	0.0041	-0.0000	-0.0000	1.0144	3.3049	1.0128	2.7470	0.0001	0.0001	0.0000	0.0000	0.0000	0.0000	0.0001	0.0001	0.0000	0.0000	0.0000	0.0000	0.0000	0.0000	0.0000	0.0000	0.0000	0.0000	0.1156	0.1014	0.0142	0.0311	0.0285	0.0026	0.0845	0.0729	0.0116	0.0995	0.0204	0.0790	0.0042	0.0039	0.0003	0.0953	0.0165	0.0788	1.4027	0.2895	269.2271	0.0000	0.0000	0.0000	456.7524	638.1770	383.3935	0.0005	0.0023	0.0000	0.0112	0.0120	0.0001	0.0000	0.0000	0.0000
41	74	0.1275	4	0	2	0	0	0	0	0	0	N	Y	N	N	N	N	N	N	N	N	N	N	0.0000	0.0000	0.0000	0.0000	0.0000	0.0000	0.0000	0.0000	0.0000	0.0000	0.0000	0.0000	0.0000	0.0000	0.0000	0.0000	0.0000	0.0000	0.0000	0.0000	1.0144	0.0000	1.0128	0.0000	0.0000	0.0000	0.0000	0.0000	0.0000	0.0000	0.0000	0.0000	0.0000	0.0000	0.0000	0.0000	0.0000	0.0000	0.0000	0.0000	0.0000	0.0000	0.0000	0.0000	0.0000	0.0000	0.0000	0.0000	0.0000	0.0000	0.0000	0.0000	0.0000	0.0000	0.0000	0.0000	0.0000	0.0000	0.0000	0.0000	0.0000	0.0000	0.0000	0.0000	0.0000	0.0000	0.0000	0.0000	0.0000	0.0000	0.0000	0.0000	0.0000	0.0000	0.0000	0.0000	0.0000	0.0000											
41	75	0.0687	3	0	2	0	0	0	0	0	0	N	Y	N	N	N	N	N	N	N	N	N	N	0.0000	0.0000	0.0000	0.0000	0.0000	0.0000	0.0000	0.0000	0.0000	0.0000	0.0000	0.0000	0.0000	0.0000	0.0000	0.0000	0.0000	0.0006	0.0000	0.0008	0.0000	0.0000	0.0001	0.0007	0.0000	0.0008	575.8882	0.0000	0.0000	1.0144	4.3567	1.0128	2.3689	0.0000	0.0000	0.0000	0.0000	0.0000	0.0000	0.0000	0.0000	0.0000	0.0001	0.0000	0.0001	0.0000	0.0000	0.0000	0.0001	0.0000	0.0001	0.1483	0.1303	0.0180	0.0398	0.0366	0.0033	0.1085	0.0937	0.0148	0.1083	0.0224	0.0859	0.0046	0.0043	0.0003	0.1037	0.0181	0.0856	0.0000	0.0000	0.0000	0.0000	0.0000	0.0000	0.0000	0.0000	0.0000	0.0006	0.0000	0.0008	0.0000	0.0000	0.0001	0.0007	0.0000	0.0008		
41	76	0.1361	6	1	2	0	1	0	0	0	0	N	Y	N	N	N	N	N	N	N	N	N	N	0.0000	0.0000	0.0000	0.0000	0.0000	0.0000	0.0000	0.0000	0.0000	0.0000	0.0000	0.0000	0.0000	0.0000	0.0000	0.0000	0.0000	0.0000	0.0000	0.0000	1.0144	0.0000	1.0128	0.0000	0.0000	0.0000	0.0000	0.0000	0.0000	0.0000	0.0000	0.0000	0.0000	0.0000	0.0000	0.0000	0.0000	0.0000	0.0000	0.0000	0.0000	0.0000	0.0000	0.0000	0.0000	0.0000	0.0000	0.0000	0.0000	0.0000	0.0000	0.0000	0.0000	0.0000	0.0000	0.0000	0.0000	0.0000	0.0000	0.0000	0.0000	0.0000	0.0000	0.0000	0.0000	0.0000	0.0000	0.0000	0.0000	0.0000	0.0000	0.0000	0.0000	0.0000	0.0000	0.0000	0.0000	0.0000											
41	77	0.1278	5	1	2	0	1	0	0	0	0	N	Y	N	N	N	N	N	N	N	N	N	N	0.0000	0.0000	0.0000	0.0000	0.0000	0.0000	0.0000	0.0000	0.0000	0.0000	0.0000	0.0000	0.0000	0.0000	0.0000	0.0000	0.0000	0.0000	0.0000	0.0000	0.0000	0.0000	inf	0.0000	0.0000	1.0144	1.0073	1.0128	0.3366	0.0000	0.0000	0.0000	0.0000	0.0000	0.0000	0.0000	0.0000	0.0000	0.0000	0.0000	0.0000	0.0000	0.0000	0.0000	0.0000	0.0000	0.0000	0.0347	0.0306	0.0041	0.0089	0.0084	0.0004	0.0259	0.0222	0.0037	0.0162	0.0064	0.0098	0.0030	0.0029	0.0001	0.0132	0.0035	0.0097	0.0000	0.0000	0.0000	0.0000	0.0000	0.0000	0.0000	0.0000	0.0000	0.0000	0.0000	0.0000	0.0000	0.0000	0.0000	0.0000	0.0000	0.0000						
41	78	0.1536	5	0	2	0	1	0	0	0	0	N	Y	N	N	N	N	N	N	N	N	N	N	0.0000	0.0000	0.0000	0.0000	0.0000	0.0000	0.0000	0.0000	0.0000	0.0000	0.0000	0.0000	0.0000	0.0000	0.0000	0.0000	0.0000	0.0000	0.0000	0.0000	1.0144	0.0000	1.0128	0.0000	0.0000	0.0000	0.0000	0.0000	0.0000	0.0000	0.0000	0.0000	0.0000	0.0000	0.0000	0.0000	0.0000	0.0000	0.0000	0.0000	0.0000	0.0000	0.0000	0.0000	0.0000	0.0000	0.0000	0.0000	0.0000	0.0000	0.0000	0.0000	0.0000	0.0000	0.0000	0.0000	0.0000	0.0000	0.0000	0.0000	0.0000	0.0000	0.0000	0.0000	0.0000	0.0000	0.0000	0.0000	0.0000	0.0000	0.0000	0.0000	0.0000	0.0000	0.0000	0.0000	0.0000	0.0000											
41	79	0.1453	4	0	2	0	1	0	0	0	0	N	Y	N	N	N	N	N	N	N	N	N	N	0.0000	0.0000	0.0000	0.0000	0.0000	0.0000	0.0000	0.0000	0.0000	0.0000	0.0000	0.0000	0.0000	0.0000	0.0000	0.0000	0.0000	0.0000	0.0000	0.0000	1.0144	0.0000	1.0128	1.0000	0.0000	0.0000	0.0000	0.0000	0.0000	0.0000	0.0000	0.0000	0.0000	0.0000	0.0000	0.0000	0.0000	0.0000	0.0000	0.0000	0.0000	0.0000	0.0000	0.0000	0.0000	0.0000	0.0000	0.0000	0.0000	0.0000	0.0000	0.0160	0.0053	0.0107	0.0065	0.0026	0.0039	0.0095	0.0026	0.0068	0.0000	0.0000	0.0000	0.0000	0.0000	0.0000	0.0000	0.0000	0.0000	0.0000	0.0000	0.0000	0.0000	0.0000	0.0000	0.0000	0.0000	0.0000											
41	80	0.1278	5	0	2	0	0	0	0	0	0	N	Y	N	N	N	N	N	N	N	N	N	N	0.0000	0.0000	0.0000	0.0000	0.0000	0.0000	0.0000	0.0000	0.0000	0.0000	0.0000	0.0000	0.0000	0.0000	0.0000	0.0000	0.0000	0.0000	0.0000	0.0000	0.0000	0.0000	inf	0.0000	0.0000	1.0144	3.9927	1.0128	1.0002	0.0000	0.0000	0.0000	0.0000	0.0000	0.0000	0.0000	0.0000	0.0000	0.0000	0.0000	0.0000	0.0000	0.0000	0.0000	0.0000	0.0000	0.0000	0.1275	0.1128	0.0147	0.0327	0.0311	0.0016	0.0948	0.0817	0.0131	0.0516	0.0202	0.0314	0.0085	0.0081	0.0004	0.0431	0.0121	0.0310	0.0000	0.0000	0.0000	0.0000	0.0000	0.0000	0.0000	0.0000	0.0000	0.0000	0.0000	0.0000	0.0000	0.0000	0.0000	0.0000	0.0000	0.0000						
41	81	0.1231	4	0	2	0	0	0	0	0	0	N	Y	N	N	N	N	N	N	N	N	N	N	0.0000	0.0000	0.0000	0.0000	0.0000	0.0000	0.0000	0.0000	0.0000	0.0000	0.0000	0.0000	0.0000	0.0000	0.0000	0.0000	0.0000	0.0000	0.0000	0.0000	0.0000	0.0000	0.0000	0.0000	-0.0000	1.0144	0.0110	1.0128	0.6549	0.0000	0.0000	0.0000	0.0000	0.0000	0.0000	0.0000	0.0000	0.0000	0.0000	0.0000	0.0000	0.0000	0.0000	0.0000	0.0000	0.0000	0.0000	0.0004	0.0003	0.0000	0.0001	0.0001	0.0000	0.0003	0.0002	0.0000	0.0075	0.0029	0.0046	0.0012	0.0011	0.0001	0.0063	0.0018	0.0045	0.0000	0.0000	0.0000	0.0000	0.0000	0.0000	0.0000	0.0000	0.0000	0.0000	0.0000	0.0000	0.0000	0.0000	0.0000	0.0000	0.0000	0.0000						
41	82	0.1453	4	0	1	1	1	0	0	0	0	N	N	N	N	N	N	N	N	N	N	N	N	0.0000	0.0000	0.0000	0.0000	0.0000	0.0000	0.0000	0.0000	0.0000	0.0000	0.0000	0.0000	0.0000	0.0000	0.0000	0.0000	0.0000	0.0000	0.0000	0.0000	1.0144	1.0000	1.0128	0.0000	0.0000	0.0000	0.0000	0.0000	0.0000	0.0000	0.0000	0.0000	0.0000	0.0000	0.0000	0.0000	0.0000	0.0000	0.0000	0.0000	0.0000	0.0000	0.0344	0.0302	0.0041	0.0073	0.0070	0.0003	0.0271	0.0233	0.0038	0.0160	0.0053	0.0107	0.0065	0.0026	0.0039	0.0095	0.0026	0.0068	0.0000	0.0000	0.0000	0.0000	0.0000	0.0000	0.0000	0.0000	0.0000	0.0000	0.0000	0.0000	0.0000	0.0000	0.0000	0.0000	0.0000	0.0000											
41	83	0.1453	4	0	1	1	1	0	0	0	0	N	N	N	N	N	N	N	N	N	N	N	N	0.0000	0.0000	0.0000	0.0000	0.0000	0.0000	0.0000	0.0000	0.0000	0.0000	0.0000	0.0000	0.0000	0.0000	0.0000	0.0000	0.0000	0.0000	0.0000	0.0000	1.0144	0.0000	1.0128	0.0000	0.0000	0.0000	0.0000	0.0000	0.0000	0.0000	0.0000	0.0000	0.0000	0.0000	0.0000	0.0000	0.0000	0.0000	0.0000	0.0000	0.0000	0.0000	0.0000	0.0000	0.0000	0.0000	0.0000	0.0000	0.0000	0.0000	0.0000	0.0000	0.0000	0.0000	0.0000	0.0000	0.0000	0.0000	0.0000	0.0000	0.0000	0.0000	0.0000	0.0000	0.0000	0.0000	0.0000	0.0000	0.0000	0.0000	0.0000	0.0000	0.0000	0.0000	0.0000	0.0000	0.0000	0.0000											
41	84	0.0687	3	0	1	0	1	0	0	0	0	N	N	N	N	N	N	N	N	N	N	N	N	0.0000	0.0000	0.0000	0.0000	0.0000	0.0000	0.0000	0.0000	0.0000	0.0000	0.0000	0.0000	0.0000	0.0004	0.0017	0.0000	0.0085	0.0091	0.0000	0.0000	0.0000	0.0000	0.0000	0.0000	-0.0000	1.0144	3.0000	1.0128	5.9994	0.0000	0.0000	0.0000	0.0000	0.0000	0.0000	0.0000	0.0000	0.0000	0.0000	0.0000	0.0000	0.0000	0.0000	0.0000	0.0000	0.0000	0.0000	0.1058	0.0927	0.0130	0.0285	0.0261	0.0024	0.0773	0.0666	0.0107	0.1353	0.0286	0.1067	0.0059	0.0055	0.0004	0.1294	0.0231	0.1063	0.0000	0.0000	0.0000	0.0000	0.0000	0.0000	0.0000	0.0000	0.0000	0.0004	0.0017	0.0000	0.0085	0.0091	0.0000	0.0000	0.0000	0.0000						
41	85	0.2063	4	1	2	0	0	0	0	0	0	N	Y	N	N	N	N	N	N	N	N	N	N	0.0000	0.0000	0.0000	0.0000	0.0000	0.0000	0.0000	0.0000	0.0000	0.0000	0.0000	0.0000	0.0000	0.0000	0.0000	0.0000	0.0000	0.0000	0.0000	0.0000	1.0144	0.0000	1.0128	0.0000	0.0000	0.0000	0.0000	0.0000	0.0000	0.0000	0.0000	0.0000	0.0000	0.0000	0.0000	0.0000	0.0000	0.0000	0.0000	0.0000	0.0000	0.0000	0.0000	0.0000	0.0000	0.0000	0.0000	0.0000	0.0000	0.0000	0.0000	0.0000	0.0000	0.0000	0.0000	0.0000	0.0000	0.0000	0.0000	0.0000	0.0000	0.0000	0.0000	0.0000	0.0000	0.0000	0.0000	0.0000	0.0000	0.0000	0.0000	0.0000	0.0000	0.0000	0.0000	0.0000	0.0000	0.0000											
41	86	0.0687	3	1	2	0	0	0	0	0	0	N	Y	N	N	N	N	N	N	N	N	N	N	0.0000	0.0000	0.0000	0.0000	0.0000	0.0000	0.0000	0.0000	0.0000	0.0000	0.0000	0.0000	0.0000	0.0000	0.0000	0.0001	0.0003	0.0000	0.0013	0.0014	0.0001	0.0000	0.0000	0.0000	0.0028	0.0000	-0.0000	1.0144	5.0000	1.0128	7.0006	0.0000	0.0000	0.0000	0.0000	0.0000	0.0000	0.0000	0.0000	0.0000	0.0000	0.0000	0.0000	0.0000	0.0000	0.0000	0.0000	0.0000	0.0000	0.1675	0.1473	0.0202	0.0449	0.0412	0.0037	0.1226	0.1060	0.0166	0.1652	0.0359	0.1292	0.0075	0.0070	0.0005	0.1577	0.0289	0.1287	0.0000	0.0000	0.0000	0.0000	0.0000	0.0000	0.0000	0.0000	0.0000	0.0001	0.0003	0.0000	0.0013	0.0014	0.0001	0.0000	0.0000	0.0000				
41	87	0.0687	3	0	2	0	0	0	0	0	0	N	Y	N	N	N	N	N	N	N	N	N	N	0.0000	0.0000	0.0000	0.0000	0.0000	0.0000	0.0000	0.0000	0.0000	0.0000	0.0000	0.0000	0.0000	0.0000	0.0000	0.0000	0.0000	0.0000	0.0002	0.0000	0.0000	0.0000	inf	0.0000	0.0000	1.0144	1.0000	1.0128	3.0006	0.0000	0.0000	0.0000	0.0000	0.0000	0.0000	0.0000	0.0000	0.0000	0.0000	0.0000	0.0000	0.0000	0.0000	0.0000	0.0000	0.0000	0.0000	0.0372	0.0325	0.0047	0.0101	0.0092	0.0009	0.0271	0.0233	0.0038	0.0701	0.0141	0.0560	0.0029	0.0027	0.0002	0.0673	0.0114	0.0558	0.0000	0.0000	0.0000	0.0000	0.0000	0.0000	0.0000	0.0000	0.0000	0.0000	0.0000	0.0000	0.0000	0.0000	0.0002	0.0000	0.0000	0.0000						
41	88	0.1231	4	1	2	0	0	0	0	0	0	N	Y	N	N	N	N	N	N	N	N	N	N	0.0000	0.0000	0.0000	0.0000	0.0000	0.0000	0.0000	0.0000	0.0000	0.0000	0.0000	0.0000	0.0000	0.0000	0.0000	0.0000	0.0000	0.0000	0.0000	0.0000	1.0144	0.0000	1.0128	0.0000	0.0000	0.0000	0.0000	0.0000	0.0000	0.0000	0.0000	0.0000	0.0000	0.0000	0.0000	0.0000	0.0000	0.0000	0.0000	0.0000	0.0000	0.0000	0.0000	0.0000	0.0000	0.0000	0.0000	0.0000	0.0000	0.0000	0.0000	0.0000	0.0000	0.0000	0.0000	0.0000	0.0000	0.0000	0.0000	0.0000	0.0000	0.0000	0.0000	0.0000	0.0000	0.0000	0.0000	0.0000	0.0000	0.0000	0.0000	0.0000	0.0000	0.0000	0.0000	0.0000	0.0000	0.0000											
41	89	0.0687	3	0	2	0	0	0	0	0	0	N	Y	N	N	N	N	N	N	N	N	N	N	0.0000	0.0000	0.0000	0.0000	0.0000	0.0000	0.0000	0.0000	0.0000	0.0000	0.0000	0.0000	0.0000	0.0000	0.0000	0.0000	0.0000	0.0000	0.0000	0.0000	1.0144	4.0000	1.0128	4.0001	0.0000	0.0000	0.0000	0.0000	0.0000	0.0000	0.0000	0.0000	0.0000	0.0000	0.0000	0.0000	0.0000	0.0000	0.0000	0.0000	0.0000	0.0000	0.1374	0.1207	0.0168	0.0369	0.0339	0.0030	0.1005	0.0868	0.0137	0.1239	0.0259	0.0980	0.0053	0.0050	0.0004	0.1186	0.0210	0.0976	0.0000	0.0000	0.0000	0.0000	0.0000	0.0000	0.0000	0.0000	0.0000	0.0000	0.0000	0.0000	0.0000	0.0000	0.0000	0.0000	0.0000	0.0000											
41	91	0.2143	5	0	1	0	0	0	0	0	0	N	N	N	N	N	N	N	N	N	N	N	N	35.4992	13.4955	0.0000	0.4306	0.4363	0.0000	509.6578	303.0606	0.0000	0.0388	0.0435	0.0000	0.0028	0.0030	0.0000	0.0578	0.0663	0.0000	0.0011	0.0032	0.0001	0.0065	0.0068	0.0002	0.0001	0.0002	0.0001	0.0000	0.0979	-0.0056	-0.0001	1.0144	11.5137	1.0128	4.9035	0.0145	0.0145	0.0000	0.0004	0.0004	0.0000	0.0141	0.0141	0.0000	0.0002	0.0002	0.0000	0.0002	0.0002	0.0000	0.0000	0.0000	0.0000	0.3736	0.3331	0.0405	0.1287	0.1197	0.0090	0.2449	0.2134	0.0315	0.2214	0.0683	0.1530	0.0342	0.0322	0.0020	0.1871	0.0361	0.1510	35.4992	13.4955	0.0000	0.4306	0.4363	0.0000	509.6578	1261072.9837	0.0000	0.0011	0.0032	0.0001	0.0065	0.0068	0.0002	0.0001	0.0000	0.0001
42	44	0.2136	2	2	2	1	0	0	0	0	0	Y	Y	N	N	N	N	N	N	N	N	N	N	0.0000	0.0000	0.0000	0.0000	0.0000	0.0000	0.0000	0.0000	0.0000	0.0000	0.0000	0.0000	0.0000	0.0000	0.0000	0.0000	0.0000	0.0000	0.0000	0.0000	3.0000	2.0000	2.9994	1.0000	0.0000	0.0000	0.0000	0.0000	0.0000	0.0000	0.0000	0.0000	0.0000	0.0000	0.0000	0.0000	0.0000	0.0000	0.0000	0.0000	0.0000	0.0000	0.1689	0.1436	0.0252	0.0076	0.0066	0.0010	0.1612	0.1370	0.0242	0.1088	0.0330	0.0758	0.0152	0.0087	0.0065	0.0936	0.0244	0.0693	0.0000	0.0000	0.0000	0.0000	0.0000	0.0000	0.0000	0.0000	0.0000	0.0000	0.0000	0.0000	0.0000	0.0000	0.0000	0.0000	0.0000	0.0000											
42	45	0.1412	3	1	2	1	1	0	0	0	0	N	Y	N	N	N	N	N	N	N	N	N	N	0.0000	0.0000	0.0000	0.0000	0.0000	0.0000	0.0000	0.0000	0.0000	0.0000	0.0000	0.0000	0.0000	0.0000	0.0000	0.0000	0.0000	0.0000	0.0000	0.0000	3.0000	1.0000	2.9994	0.0000	0.0000	0.0000	0.0000	0.0000	0.0000	0.0000	0.0000	0.0000	0.0000	0.0000	0.0000	0.0000	0.0000	0.0000	0.0000	0.0000	0.0000	0.0000	0.0954	0.0809	0.0144	0.0133	0.0113	0.0020	0.0821	0.0696	0.0125	0.0506	0.0099	0.0407	0.0023	0.0016	0.0007	0.0483	0.0082	0.0400	0.0000	0.0000	0.0000	0.0000	0.0000	0.0000	0.0000	0.0000	0.0000	0.0000	0.0000	0.0000	0.0000	0.0000	0.0000	0.0000	0.0000	0.0000											
42	46	0.1412	3	1	1	1	1	0	0	0	0	N	N	N	N	N	N	N	N	N	N	N	N	0.0000	0.0000	0.0000	0.0000	0.0000	0.0000	0.0000	0.0000	0.0000	0.0000	0.0000	0.0000	0.0000	0.0000	0.0000	0.0000	0.0000	0.0000	0.0000	0.0000	3.0000	0.0000	2.9994	0.0000	0.0000	0.0000	0.0000	0.0000	0.0000	0.0000	0.0000	0.0000	0.0000	0.0000	0.0000	0.0000	0.0000	0.0000	0.0000	0.0000	0.0000	0.0000	0.0000	0.0000	0.0000	0.0000	0.0000	0.0000	0.0000	0.0000	0.0000	0.0000	0.0000	0.0000	0.0000	0.0000	0.0000	0.0000	0.0000	0.0000	0.0000	0.0000	0.0000	0.0000	0.0000	0.0000	0.0000	0.0000	0.0000	0.0000	0.0000	0.0000	0.0000	0.0000	0.0000	0.0000	0.0000	0.0000											
42	47	0.1082	2	1	1	1	1	0	0	0	0	N	N	N	N	N	N	N	N	N	N	N	N	0.0000	0.0000	0.0000	0.0000	0.0000	0.0000	0.0000	0.0000	0.0000	0.0000	0.0000	0.0000	0.0000	1.1188	2.5325	0.0000	1.8444	2.5802	0.0000	0.0000	0.0000	0.0000	0.0000	0.0000	-0.0626	3.0000	2.0873	2.9994	1.9360	0.0000	0.0000	0.0000	0.0000	0.0000	0.0000	0.0000	0.0000	0.0000	0.0931	0.0931	0.0000	0.0931	0.0931	0.0000	0.0000	0.0000	0.0000	0.1949	0.1656	0.0293	0.0242	0.0205	0.0037	0.1707	0.1451	0.0256	0.2686	0.0971	0.1715	0.0562	0.0478	0.0084	0.2124	0.0492	0.1631	0.0000	0.0000	0.0000	0.0000	0.0000	0.0000	0.0000	0.0000	0.0000	0.3466	0.9590	0.0000	1.6564	1.9462	0.0000	0.0000	0.0000	0.0000						
42	51	0.1138	2	2	2	1	0	0	0	0	0	Y	Y	N	N	N	N	N	N	N	N	N	N	0.0000	0.0000	0.0000	0.0000	0.0000	0.0000	0.0000	0.0000	0.0000	0.0000	0.0000	0.0000	0.0000	0.0123	0.0601	0.0000	0.8415	0.8597	0.0000	0.0000	0.0000	0.0000	0.0000	0.0000	-0.0014	3.0000	1.0314	2.9994	3.0033	0.0000	0.0000	0.0000	0.0000	0.0000	0.0000	0.0000	0.0000	0.0000	0.0020	0.0020	0.0000	0.0020	0.0020	0.0000	0.0000	0.0000	0.0000	0.1017	0.0851	0.0166	0.0126	0.0119	0.0007	0.0891	0.0732	0.0159	0.1627	0.0384	0.1244	0.0024	0.0023	0.0001	0.1604	0.0360	0.1243	0.0000	0.0000	0.0000	0.0000	0.0000	0.0000	0.0000	0.0000	0.0000	0.0123	0.0524	0.0000	0.8415	0.8597	0.0000	0.0000	0.0000	0.0000						
42	54	0.1291	3	1	1	2	0	0	0	0	0	N	N	Y	N	N	N	N	N	N	N	N	N	0.0000	0.0000	0.0000	0.0000	0.0000	0.0000	0.0000	0.0000	0.0000	0.0000	0.0000	0.0000	0.0000	0.0010	0.0048	0.0000	0.0218	0.0232	0.0000	0.0000	0.0000	0.0000	0.0000	0.0000	-0.0000	3.0000	0.0147	2.9994	0.9910	0.0000	0.0000	0.0000	0.0000	0.0000	0.0000	0.0000	0.0000	0.0000	0.0000	0.0000	0.0000	0.0000	0.0000	0.0000	0.0000	0.0000	0.0000	0.0060	0.0045	0.0015	0.0026	0.0026	0.0000	0.0034	0.0019	0.0015	0.0510	0.0105	0.0405	0.0023	0.0022	0.0001	0.0487	0.0083	0.0404	0.0000	0.0000	0.0000	0.0000	0.0000	0.0000	0.0000	0.0000	0.0000	0.0010	0.0048	0.0000	0.0218	0.0232	0.0000	0.0000	0.0000	0.0000						
42	55	0.1181	2	1	1	1	0	0	0	0	0	N	N	N	N	N	N	N	N	N	N	N	N	0.0000	0.0000	0.0000	0.0000	0.0000	0.0000	0.0000	0.0000	0.0000	0.0000	0.0000	0.0000	0.0000	0.0000	0.0000	0.0024	0.0114	0.0000	0.0422	0.0450	0.0000	0.0005	0.1387	0.0000	0.0000	0.0000	-0.0002	3.0000	0.9556	2.9994	1.0192	0.0000	0.0000	0.0000	0.0000	0.0000	0.0000	0.0000	0.0000	0.0000	0.0002	0.0002	0.0000	0.0002	0.0002	0.0000	0.0000	0.0000	0.0000	0.1051	0.0885	0.0166	0.0216	0.0196	0.0021	0.0835	0.0689	0.0146	0.0970	0.0202	0.0768	0.0043	0.0040	0.0003	0.0927	0.0162	0.0765	0.0000	0.0000	0.0000	0.0000	0.0000	0.0000	0.0000	0.0000	0.0000	0.0024	0.0114	0.0000	0.0422	0.0450	0.0000	0.0005	0.0031	0.0000				
42	58	0.2216	3	1	1	1	0	0	0	0	0	N	N	N	N	N	N	N	N	N	N	N	N	0.0215	0.0063	0.0336	0.0319	0.0126	0.0147	0.0000	0.0938	0.0987	0.0000	0.0000	0.0000	0.0000	0.5862	2.3430	0.0000	2.7958	3.0945	0.0000	0.0000	0.0000	0.0000	0.0000	0.0000	-0.0043	-0.1030	3.0000	10.2575	2.9994	3.8960	0.0111	0.0111	0.0000	0.0111	0.0111	0.0000	0.0000	0.0000	0.0000	0.1532	0.1532	0.0000	0.1532	0.1532	0.0000	0.0000	0.0000	0.0000	0.8772	0.7547	0.1225	0.1181	0.1122	0.0059	0.7591	0.6425	0.1166	0.5618	0.1712	0.3905	0.0735	0.0705	0.0030	0.4883	0.1007	0.3875	0.0463	0.0164	0.0000	0.0450	0.0454	0.0000	0.0000	0.0000	0.0000	0.2727	0.8947	0.0000	2.0839	2.1724	0.0000	0.0000	0.0000	0.0000					
42	59	0.1956	2	2	2	2	0	0	0	0	0	Y	Y	Y	N	N	N	N	N	N	N	N	N	0.0000	0.0000	0.0000	0.0000	0.0000	0.0000	0.0000	0.0000	0.0000	0.0000	0.0000	0.0000	0.0000	0.0000	0.0000	0.0000	0.0000	0.0000	0.0000	0.0000	3.0000	0.0000	2.9994	0.0000	0.0000	0.0000	0.0000	0.0000	0.0000	0.0000	0.0000	0.0000	0.0000	0.0000	0.0000	0.0000	0.0000	0.0000	0.0000	0.0000	0.0000	0.0000	0.0000	0.0000	0.0000	0.0000	0.0000	0.0000	0.0000	0.0000	0.0000	0.0000	0.0000	0.0000	0.0000	0.0000	0.0000	0.0000	0.0000	0.0000	0.0000	0.0000	0.0000	0.0000	0.0000	0.0000	0.0000	0.0000	0.0000	0.0000	0.0000	0.0000	0.0000	0.0000	0.0000	0.0000	0.0000	0.0000											
42	61	0.1585	2	2	1	2	0	0	0	0	0	Y	N	Y	N	N	N	N	N	N	N	N	N	0.0000	0.0000	0.0000	0.0000	0.0000	0.0000	0.0000	0.0000	0.0000	0.0000	0.0000	0.0000	0.0000	0.0000	0.0000	0.0000	0.0000	0.0000	0.0000	0.0000	3.0000	2.0000	2.9994	0.0000	0.0000	0.0000	0.0000	0.0000	0.0000	0.0000	0.0000	0.0000	0.0000	0.0000	0.0000	0.0000	0.0000	0.0000	0.0000	0.0000	0.0000	0.0000	0.1588	0.1311	0.0277	0.0126	0.0118	0.0009	0.1462	0.1194	0.0268	0.0657	0.0251	0.0406	0.0347	0.0167	0.0180	0.0311	0.0084	0.0227	0.0000	0.0000	0.0000	0.0000	0.0000	0.0000	0.0000	0.0000	0.0000	0.0000	0.0000	0.0000	0.0000	0.0000	0.0000	0.0000	0.0000	0.0000											
42	64	0.1827	4	1	1	2	0	0	0	0	0	N	N	Y	N	N	N	N	N	N	N	N	N	0.0000	0.0000	0.0000	0.0000	0.0000	0.0000	0.0000	0.0000	0.0000	0.0000	0.0000	0.0000	0.0000	0.0000	0.0000	0.0000	0.0000	0.0000	0.0000	0.0000	3.0000	0.0000	2.9994	0.0000	0.0000	0.0000	0.0000	0.0000	0.0000	0.0000	0.0000	0.0000	0.0000	0.0000	0.0000	0.0000	0.0000	0.0000	0.0000	0.0000	0.0000	0.0000	0.0000	0.0000	0.0000	0.0000	0.0000	0.0000	0.0000	0.0000	0.0000	0.0000	0.0000	0.0000	0.0000	0.0000	0.0000	0.0000	0.0000	0.0000	0.0000	0.0000	0.0000	0.0000	0.0000	0.0000	0.0000	0.0000	0.0000	0.0000	0.0000	0.0000	0.0000	0.0000	0.0000	0.0000	0.0000	0.0000											
42	65	0.1584	3	1	1	2	0	0	0	0	0	N	N	Y	N	N	N	N	N	N	N	N	N	0.0000	0.0000	0.0000	0.0000	0.0000	0.0000	0.0000	0.0000	0.0000	0.0000	0.0000	0.0000	0.0000	0.0000	0.0000	0.0000	0.0000	0.0000	0.0000	0.0000	3.0000	0.8734	2.9994	1.0002	0.0000	0.0000	0.0000	0.0000	0.0000	0.0000	0.0000	0.0000	0.0000	0.0000	0.0000	0.0000	0.0000	0.0000	0.0000	0.0000	0.0000	0.0000	0.0758	0.0624	0.0134	0.0030	0.0028	0.0002	0.0728	0.0596	0.0132	0.0915	0.0155	0.0760	0.0214	0.0044	0.0170	0.0701	0.0111	0.0590	0.0000	0.0000	0.0000	0.0000	0.0000	0.0000	0.0000	0.0000	0.0000	0.0000	0.0000	0.0000	0.0000	0.0000	0.0000	0.0000	0.0000	0.0000											
42	66	0.1438	2	1	1	1	0	0	0	0	0	N	N	N	N	N	N	N	N	N	N	N	N	0.0009	0.0078	0.0000	0.0000	0.0000	0.0000	0.0027	inf	0.0000	0.0001	0.0001	0.0000	0.0000	0.0000	0.0000	0.0001	0.0001	0.0000	0.1264	0.0176	0.1630	0.3133	0.0314	0.5555	0.0445	0.0000	0.0530	0.0000	27.5512	-0.0000	0.0025	3.0000	1.0063	2.9994	0.0727	0.0000	0.0000	0.0000	0.0000	0.0000	0.0000	0.0000	0.0000	0.0000	0.0086	0.0003	0.0083	0.0065	0.0003	0.0062	0.0021	0.0000	0.0021	0.0883	0.0728	0.0155	0.0040	0.0038	0.0002	0.0844	0.0690	0.0154	0.0678	0.0170	0.0507	0.0206	0.0095	0.0111	0.0471	0.0075	0.0396	0.0009	0.0078	0.0000	0.0000	0.0000	0.0000	0.0027	inf	0.0000	0.1264	0.0176	0.1630	0.3133	0.0314	0.5555	0.0445	0.0000	0.0530
42	72	0.1326	2	1	2	1	0	0	0	0	0	N	Y	N	N	N	N	N	N	N	N	N	N	0.0023	0.0000	0.0156	0.0178	0.0000	inf	0.0019	0.0156	0.0040	0.0000	0.0250	0.0012	0.0000	0.0248	0.0042	0.0000	0.0250	1.7462	0.0476	1.6047	0.0663	0.0663	0.0000	2.2491	0.0000	1.6051	inf	52.3143	0.0010	0.0693	3.0000	4.7764	2.9994	1.3205	0.0016	0.0000	0.0016	0.0000	0.0000	0.0000	0.0015	0.0000	0.0015	0.2243	0.0042	0.2201	0.0042	0.0042	0.0000	0.2201	0.0000	0.2201	0.3928	0.3305	0.0624	0.0339	0.0323	0.0016	0.3590	0.2982	0.0607	0.2279	0.0907	0.1372	0.0635	0.0634	0.0000	0.1644	0.0273	0.1371	0.0040	0.0000	0.0156	0.0178	0.0000	inf	0.0032	0.0000	0.0156	0.9842	0.0464	1.6047	0.0663	0.0663	0.0000	1.3386	0.0000	1.6051	
42	74	0.1348	2	1	2	1	0	0	0	0	0	N	Y	N	N	N	N	N	N	N	N	N	N	0.0000	0.0000	0.0000	0.0000	0.0000	0.0000	0.0000	0.0000	0.0000	0.0000	0.0000	0.0000	0.0000	0.0000	0.0000	0.0000	0.0000	0.0000	0.0000	0.0000	3.0000	0.0000	2.9994	0.0000	0.0000	0.0000	0.0000	0.0000	0.0000	0.0000	0.0000	0.0000	0.0000	0.0000	0.0000	0.0000	0.0000	0.0000	0.0000	0.0000	0.0000	0.0000	0.0000	0.0000	0.0000	0.0000	0.0000	0.0000	0.0000	0.0000	0.0000	0.0000	0.0000	0.0000	0.0000	0.0000	0.0000	0.0000	0.0000	0.0000	0.0000	0.0000	0.0000	0.0000	0.0000	0.0000	0.0000	0.0000	0.0000	0.0000	0.0000	0.0000	0.0000	0.0000	0.0000	0.0000	0.0000	0.0000											
42	76	0.1434	4	2	2	1	1	0	0	0	0	Y	Y	N	N	N	N	N	N	N	N	N	N	0.0000	0.0000	0.0000	0.0000	0.0000	0.0000	0.0000	0.0000	0.0000	0.0000	0.0000	0.0000	0.0000	0.0000	0.0000	0.0000	0.0000	0.0000	0.0000	0.0000	3.0000	0.0000	2.9994	0.0000	0.0000	0.0000	0.0000	0.0000	0.0000	0.0000	0.0000	0.0000	0.0000	0.0000	0.0000	0.0000	0.0000	0.0000	0.0000	0.0000	0.0000	0.0000	0.0000	0.0000	0.0000	0.0000	0.0000	0.0000	0.0000	0.0000	0.0000	0.0000	0.0000	0.0000	0.0000	0.0000	0.0000	0.0000	0.0000	0.0000	0.0000	0.0000	0.0000	0.0000	0.0000	0.0000	0.0000	0.0000	0.0000	0.0000	0.0000	0.0000	0.0000	0.0000	0.0000	0.0000	0.0000	0.0000											
42	77	0.1351	3	2	2	1	1	0	0	0	0	Y	Y	N	N	N	N	N	N	N	N	N	N	0.0000	0.0000	0.0000	0.0000	0.0000	0.0000	0.0000	0.0000	0.0000	0.0000	0.0000	0.0000	0.0000	0.0009	0.0000	0.0014	0.0000	0.0000	0.0000	0.0016	0.0000	0.0014	inf	0.0000	0.0000	3.0000	1.0073	2.9994	0.3366	0.0000	0.0000	0.0000	0.0000	0.0000	0.0000	0.0000	0.0000	0.0000	0.0000	0.0000	0.0000	0.0000	0.0000	0.0000	0.0000	0.0000	0.0000	0.0877	0.0745	0.0132	0.0073	0.0065	0.0008	0.0804	0.0680	0.0124	0.0440	0.0160	0.0279	0.0054	0.0053	0.0002	0.0385	0.0108	0.0278	0.0000	0.0000	0.0000	0.0000	0.0000	0.0000	0.0000	0.0000	0.0000	0.0009	0.0000	0.0014	0.0000	0.0000	0.0000	0.0010	0.0000	0.0014						
42	78	0.1609	3	1	2	1	1	0	0	0	0	N	Y	N	N	N	N	N	N	N	N	N	N	0.0000	0.0000	0.0000	0.0000	0.0000	0.0000	0.0000	0.0000	0.0000	0.0000	0.0000	0.0000	0.0000	0.0000	0.0000	0.0000	0.0000	0.0000	0.0000	0.0000	3.0000	0.0000	2.9994	0.0000	0.0000	0.0000	0.0000	0.0000	0.0000	0.0000	0.0000	0.0000	0.0000	0.0000	0.0000	0.0000	0.0000	0.0000	0.0000	0.0000	0.0000	0.0000	0.0000	0.0000	0.0000	0.0000	0.0000	0.0000	0.0000	0.0000	0.0000	0.0000	0.0000	0.0000	0.0000	0.0000	0.0000	0.0000	0.0000	0.0000	0.0000	0.0000	0.0000	0.0000	0.0000	0.0000	0.0000	0.0000	0.0000	0.0000	0.0000	0.0000	0.0000	0.0000	0.0000	0.0000	0.0000	0.0000											
42	79	0.1526	2	1	2	1	1	0	0	0	0	N	Y	N	N	N	N	N	N	N	N	N	N	0.0000	0.0000	0.0000	0.0000	0.0000	0.0000	0.0000	0.0000	0.0000	0.0000	0.0000	0.0000	0.0000	0.0000	0.0000	0.0000	0.0000	0.0000	0.0000	0.0000	3.0000	0.0000	2.9994	1.0000	0.0000	0.0000	0.0000	0.0000	0.0000	0.0000	0.0000	0.0000	0.0000	0.0000	0.0000	0.0000	0.0000	0.0000	0.0000	0.0000	0.0000	0.0000	0.0000	0.0000	0.0000	0.0000	0.0000	0.0000	0.0000	0.0000	0.0000	0.0424	0.0130	0.0293	0.0147	0.0050	0.0097	0.0277	0.0081	0.0197	0.0000	0.0000	0.0000	0.0000	0.0000	0.0000	0.0000	0.0000	0.0000	0.0000	0.0000	0.0000	0.0000	0.0000	0.0000	0.0000	0.0000	0.0000											
42	80	0.1351	3	1	2	1	0	0	0	0	0	N	Y	N	N	N	N	N	N	N	N	N	N	0.0000	0.0000	0.0000	0.0000	0.0000	0.0000	0.0000	0.0000	0.0000	0.0000	0.0000	0.0000	0.0000	0.0003	0.0000	0.0004	0.0000	0.0000	0.0000	0.0003	0.0000	0.0004	inf	0.0000	0.0000	3.0000	3.9927	2.9994	1.0002	0.0000	0.0000	0.0000	0.0000	0.0000	0.0000	0.0000	0.0000	0.0000	0.0000	0.0000	0.0000	0.0000	0.0000	0.0000	0.0000	0.0000	0.0000	0.3216	0.2750	0.0466	0.0269	0.0240	0.0029	0.2947	0.2509	0.0437	0.1398	0.0498	0.0900	0.0134	0.0128	0.0006	0.1264	0.0370	0.0893	0.0000	0.0000	0.0000	0.0000	0.0000	0.0000	0.0000	0.0000	0.0000	0.0003	0.0000	0.0004	0.0000	0.0000	0.0000	0.0003	0.0000	0.0004						
42	81	0.1304	2	1	2	1	0	0	0	0	0	N	Y	N	N	N	N	N	N	N	N	N	N	0.0000	0.0000	0.0000	0.0000	0.0000	0.0000	0.0000	0.0000	0.0000	0.0000	0.0000	0.0000	0.0000	0.0020	0.0056	0.0000	0.0225	0.0237	0.0000	0.0000	0.0000	0.0000	0.0000	0.0000	-0.0000	3.0000	0.0110	2.9994	0.6549	0.0000	0.0000	0.0000	0.0000	0.0000	0.0000	0.0000	0.0000	0.0000	0.0000	0.0000	0.0000	0.0000	0.0000	0.0000	0.0000	0.0000	0.0000	0.0010	0.0008	0.0001	0.0001	0.0001	0.0000	0.0009	0.0008	0.0001	0.0202	0.0071	0.0131	0.0018	0.0017	0.0001	0.0185	0.0054	0.0130	0.0000	0.0000	0.0000	0.0000	0.0000	0.0000	0.0000	0.0000	0.0000	0.0020	0.0056	0.0000	0.0225	0.0237	0.0000	0.0000	0.0000	0.0000						
42	82	0.1526	2	1	1	2	1	0	0	0	0	N	N	Y	N	N	N	N	N	N	N	N	N	0.0000	0.0000	0.0000	0.0000	0.0000	0.0000	0.0000	0.0000	0.0000	0.0000	0.0000	0.0000	0.0000	0.0000	0.0000	0.0000	0.0000	0.0000	0.0000	0.0000	3.0000	1.0000	2.9994	0.0000	0.0000	0.0000	0.0000	0.0000	0.0000	0.0000	0.0000	0.0000	0.0000	0.0000	0.0000	0.0000	0.0000	0.0000	0.0000	0.0000	0.0000	0.0000	0.0868	0.0736	0.0132	0.0028	0.0024	0.0004	0.0839	0.0712	0.0127	0.0424	0.0130	0.0293	0.0147	0.0050	0.0097	0.0277	0.0081	0.0197	0.0000	0.0000	0.0000	0.0000	0.0000	0.0000	0.0000	0.0000	0.0000	0.0000	0.0000	0.0000	0.0000	0.0000	0.0000	0.0000	0.0000	0.0000											
42	83	0.1526	2	1	1	2	1	0	0	0	0	N	N	Y	N	N	N	N	N	N	N	N	N	0.0000	0.0000	0.0000	0.0000	0.0000	0.0000	0.0000	0.0000	0.0000	0.0000	0.0000	0.0000	0.0000	0.0000	0.0000	0.0000	0.0000	0.0000	0.0000	0.0000	3.0000	0.0000	2.9994	0.0000	0.0000	0.0000	0.0000	0.0000	0.0000	0.0000	0.0000	0.0000	0.0000	0.0000	0.0000	0.0000	0.0000	0.0000	0.0000	0.0000	0.0000	0.0000	0.0000	0.0000	0.0000	0.0000	0.0000	0.0000	0.0000	0.0000	0.0000	0.0000	0.0000	0.0000	0.0000	0.0000	0.0000	0.0000	0.0000	0.0000	0.0000	0.0000	0.0000	0.0000	0.0000	0.0000	0.0000	0.0000	0.0000	0.0000	0.0000	0.0000	0.0000	0.0000	0.0000	0.0000	0.0000	0.0000											
42	85	0.2136	2	2	2	1	0	0	0	0	0	Y	Y	N	N	N	N	N	N	N	N	N	N	0.0000	0.0000	0.0000	0.0000	0.0000	0.0000	0.0000	0.0000	0.0000	0.0000	0.0000	0.0000	0.0000	0.0000	0.0000	0.0000	0.0000	0.0000	0.0000	0.0000	3.0000	0.0000	2.9994	0.0000	0.0000	0.0000	0.0000	0.0000	0.0000	0.0000	0.0000	0.0000	0.0000	0.0000	0.0000	0.0000	0.0000	0.0000	0.0000	0.0000	0.0000	0.0000	0.0000	0.0000	0.0000	0.0000	0.0000	0.0000	0.0000	0.0000	0.0000	0.0000	0.0000	0.0000	0.0000	0.0000	0.0000	0.0000	0.0000	0.0000	0.0000	0.0000	0.0000	0.0000	0.0000	0.0000	0.0000	0.0000	0.0000	0.0000	0.0000	0.0000	0.0000	0.0000	0.0000	0.0000	0.0000	0.0000											
42	88	0.1304	2	2	2	1	0	0	0	0	0	Y	Y	N	N	N	N	N	N	N	N	N	N	0.0000	0.0000	0.0000	0.0000	0.0000	0.0000	0.0000	0.0000	0.0000	0.0000	0.0000	0.0000	0.0000	0.0000	0.0000	0.0000	0.0000	0.0000	0.0000	0.0000	3.0000	0.0000	2.9994	0.0000	0.0000	0.0000	0.0000	0.0000	0.0000	0.0000	0.0000	0.0000	0.0000	0.0000	0.0000	0.0000	0.0000	0.0000	0.0000	0.0000	0.0000	0.0000	0.0000	0.0000	0.0000	0.0000	0.0000	0.0000	0.0000	0.0000	0.0000	0.0000	0.0000	0.0000	0.0000	0.0000	0.0000	0.0000	0.0000	0.0000	0.0000	0.0000	0.0000	0.0000	0.0000	0.0000	0.0000	0.0000	0.0000	0.0000	0.0000	0.0000	0.0000	0.0000	0.0000	0.0000	0.0000	0.0000											
42	91	0.2216	3	1	1	1	0	0	0	0	0	N	N	N	N	N	N	N	N	N	N	N	N	0.8895	0.3797	0.0057	0.0053	inf	inf	1.0541	1.2236	0.0000	0.0284	0.0300	0.0000	1.2033	1.4177	0.0000	1.1851	3.2223	0.0000	4.9467	5.6915	0.0000	0.0000	0.0000	0.0000	0.0000	0.0000	-0.3826	-0.1465	3.0000	11.5137	2.9994	4.9035	0.9926	0.9926	0.0000	0.0034	0.0034	0.0000	0.9892	0.9892	0.0000	0.2180	0.2180	0.0000	0.2180	0.2180	0.0000	0.0000	0.0000	0.0000	0.9416	0.8112	0.1304	0.1196	0.1135	0.0061	0.8221	0.6977	0.1244	0.5941	0.1774	0.4167	0.0706	0.0674	0.0031	0.5235	0.1100	0.4135	2.8724	0.9957	0.0000	0.0092	0.0093	0.0000	inf	inf	0.0000	0.3670	1.2289	0.0000	3.0900	3.2338	0.0000	0.0000	0.0000	0.0000			
43	44	0.2825	2	2	2	1	0	0	0	0	0	Y	Y	N	N	N	N	N	N	N	N	N	N	0.0000	0.0000	0.0000	0.0000	0.0000	0.0000	0.0000	0.0000	0.0000	0.0000	0.0000	0.0000	0.0000	0.0000	0.0000	0.0000	0.0000	0.0000	0.0000	0.0000	4.0000	2.0000	4.9994	1.0000	0.0000	0.0000	0.0000	0.0000	0.0000	0.0000	0.0000	0.0000	0.0000	0.0000	0.0000	0.0000	0.0000	0.0000	0.0000	0.0000	0.0000	0.0000	0.2195	0.1871	0.0324	0.0099	0.0086	0.0013	0.2095	0.1784	0.0311	0.1509	0.0461	0.1048	0.0212	0.0118	0.0093	0.1297	0.0343	0.0954	0.0000	0.0000	0.0000	0.0000	0.0000	0.0000	0.0000	0.0000	0.0000	0.0000	0.0000	0.0000	0.0000	0.0000	0.0000	0.0000	0.0000	0.0000											
43	45	0.2101	3	1	2	1	1	0	0	0	0	N	Y	N	N	N	N	N	N	N	N	N	N	0.0000	0.0000	0.0000	0.0000	0.0000	0.0000	0.0000	0.0000	0.0000	0.0000	0.0000	0.0000	0.0000	0.0000	0.0000	0.0000	0.0000	0.0000	0.0000	0.0000	4.0000	1.0000	4.9994	0.0000	0.0000	0.0000	0.0000	0.0000	0.0000	0.0000	0.0000	0.0000	0.0000	0.0000	0.0000	0.0000	0.0000	0.0000	0.0000	0.0000	0.0000	0.0000	0.1239	0.1054	0.0185	0.0172	0.0147	0.0025	0.1067	0.0907	0.0160	0.0692	0.0139	0.0553	0.0033	0.0023	0.0010	0.0659	0.0116	0.0543	0.0000	0.0000	0.0000	0.0000	0.0000	0.0000	0.0000	0.0000	0.0000	0.0000	0.0000	0.0000	0.0000	0.0000	0.0000	0.0000	0.0000	0.0000											
43	46	0.2101	3	1	1	1	1	0	0	0	0	N	N	N	N	N	N	N	N	N	N	N	N	0.0000	0.0000	0.0000	0.0000	0.0000	0.0000	0.0000	0.0000	0.0000	0.0000	0.0000	0.0000	0.0000	0.0000	0.0000	0.0000	0.0000	0.0000	0.0000	0.0000	4.0000	0.0000	4.9994	0.0000	0.0000	0.0000	0.0000	0.0000	0.0000	0.0000	0.0000	0.0000	0.0000	0.0000	0.0000	0.0000	0.0000	0.0000	0.0000	0.0000	0.0000	0.0000	0.0000	0.0000	0.0000	0.0000	0.0000	0.0000	0.0000	0.0000	0.0000	0.0000	0.0000	0.0000	0.0000	0.0000	0.0000	0.0000	0.0000	0.0000	0.0000	0.0000	0.0000	0.0000	0.0000	0.0000	0.0000	0.0000	0.0000	0.0000	0.0000	0.0000	0.0000	0.0000	0.0000	0.0000	0.0000	0.0000											
43	47	0.1772	2	1	1	1	1	0	0	0	0	N	N	N	N	N	N	N	N	N	N	N	N	0.0000	0.0000	0.0000	0.0000	0.0000	0.0000	0.0000	0.0000	0.0000	0.0000	0.0000	0.0000	0.0000	0.4152	2.0290	0.0000	1.1909	1.3996	0.0000	0.0000	0.0000	0.0000	0.0000	0.0000	-0.0630	4.0000	2.0873	4.9994	1.9360	0.0000	0.0000	0.0000	0.0000	0.0000	0.0000	0.0000	0.0000	0.0000	0.0937	0.0937	0.0000	0.0937	0.0937	0.0000	0.0000	0.0000	0.0000	0.2531	0.2156	0.0376	0.0312	0.0265	0.0047	0.2219	0.1891	0.0328	0.3705	0.1362	0.2342	0.0787	0.0670	0.0117	0.2918	0.0692	0.2225	0.0000	0.0000	0.0000	0.0000	0.0000	0.0000	0.0000	0.0000	0.0000	0.2530	0.6881	0.0000	1.1909	1.3996	0.0000	0.0000	0.0000	0.0000						
43	51	0.1828	2	2	2	1	0	0	0	0	0	Y	Y	N	N	N	N	N	N	N	N	N	N	0.0000	0.0000	0.0000	0.0000	0.0000	0.0000	0.0000	0.0000	0.0000	0.0000	0.0000	0.0000	0.0000	0.0101	0.0417	0.0000	0.6666	0.6811	0.0000	0.0000	0.0000	0.0000	0.0000	0.0000	-0.0015	4.0000	1.0314	4.9994	3.0033	0.0000	0.0000	0.0000	0.0000	0.0000	0.0000	0.0000	0.0000	0.0000	0.0023	0.0023	0.0000	0.0023	0.0023	0.0000	0.0000	0.0000	0.0000	0.1321	0.1109	0.0213	0.0164	0.0155	0.0009	0.1157	0.0954	0.0204	0.2246	0.0542	0.1704	0.0034	0.0033	0.0001	0.2212	0.0509	0.1703	0.0000	0.0000	0.0000	0.0000	0.0000	0.0000	0.0000	0.0000	0.0000	0.0101	0.0417	0.0000	0.6666	0.6811	0.0000	0.0000	0.0000	0.0000						
43	54	0.1980	3	1	1	2	0	0	0	0	0	N	N	Y	N	N	N	N	N	N	N	N	N	0.0000	0.0000	0.0000	0.0000	0.0000	0.0000	0.0000	0.0000	0.0000	0.0000	0.0000	0.0000	0.0000	0.0010	0.0047	0.0000	0.0213	0.0228	0.0000	0.0000	0.0000	0.0000	0.0000	0.0000	-0.0000	4.0000	0.0147	4.9994	0.9910	0.0000	0.0000	0.0000	0.0000	0.0000	0.0000	0.0000	0.0000	0.0000	0.0001	0.0001	0.0000	0.0001	0.0001	0.0000	0.0000	0.0000	0.0000	0.0078	0.0059	0.0019	0.0034	0.0034	0.0000	0.0043	0.0025	0.0019	0.0699	0.0148	0.0551	0.0033	0.0031	0.0002	0.0666	0.0117	0.0549	0.0000	0.0000	0.0000	0.0000	0.0000	0.0000	0.0000	0.0000	0.0000	0.0010	0.0047	0.0000	0.0213	0.0228	0.0000	0.0000	0.0000	0.0000						
43	55	0.1870	2	1	1	1	0	0	0	0	0	N	N	N	N	N	N	N	N	N	N	N	N	0.0000	0.0000	0.0000	0.0000	0.0000	0.0000	0.0000	0.0000	0.0000	0.0000	0.0000	0.0000	0.0000	0.0000	0.0000	0.0000	0.0000	0.0574	1.3225	0.0001	1.2410	1.3275	0.0000	0.0006	0.1169	0.0001	0.0013	0.0000	-0.0051	4.0000	0.9556	4.9994	1.0192	0.0000	0.0000	0.0000	0.0000	0.0000	0.0000	0.0000	0.0000	0.0000	0.0076	0.0076	0.0000	0.0075	0.0075	0.0000	0.0001	0.0001	0.0000	0.1365	0.1152	0.0213	0.0281	0.0255	0.0026	0.1084	0.0898	0.0186	0.1328	0.0285	0.1043	0.0061	0.0057	0.0004	0.1268	0.0228	0.1039	0.0000	0.0000	0.0000	0.0000	0.0000	0.0000	0.0000	0.0000	0.0000	0.0574	0.2669	0.0001	1.2410	1.3275	0.0000	0.0006	0.0026	0.0001		
43	58	0.2905	3	1	1	1	0	0	0	0	0	N	N	N	N	N	N	N	N	N	N	N	N	0.0447	0.0056	0.0383	0.0377	0.0100	0.0116	0.0000	0.0736	0.0775	0.0000	0.0000	0.0000	0.0000	0.2232	2.0736	0.0000	1.9236	2.0538	0.0000	0.0000	0.0000	0.0000	0.0000	0.0000	-0.0044	-0.1161	4.0000	10.2575	4.9994	3.8960	0.0114	0.0114	0.0000	0.0114	0.0114	0.0000	0.0000	0.0000	0.0000	0.1727	0.1727	0.0000	0.1727	0.1727	0.0000	0.0000	0.0000	0.0000	1.1423	0.9847	0.1576	0.1550	0.1473	0.0077	0.9873	0.8374	0.1499	0.7736	0.2389	0.5347	0.1008	0.0968	0.0041	0.6728	0.1421	0.5306	0.0447	0.0160	0.0000	0.0430	0.0434	0.0000	0.0000	0.0000	0.0000	0.2232	0.7228	0.0000	1.7127	1.7846	0.0000	0.0000	0.0000	0.0000					
43	59	0.2646	2	2	2	2	0	0	0	0	0	Y	Y	Y	N	N	N	N	N	N	N	N	N	0.0000	0.0000	0.0000	0.0000	0.0000	0.0000	0.0000	0.0000	0.0000	0.0000	0.0000	0.0000	0.0000	0.0000	0.0000	0.0000	0.0000	0.0000	0.0000	0.0000	4.0000	0.0000	4.9994	0.0000	0.0000	0.0000	0.0000	0.0000	0.0000	0.0000	0.0000	0.0000	0.0000	0.0000	0.0000	0.0000	0.0000	0.0000	0.0000	0.0000	0.0000	0.0000	0.0000	0.0000	0.0000	0.0000	0.0000	0.0000	0.0000	0.0000	0.0000	0.0000	0.0000	0.0000	0.0000	0.0000	0.0000	0.0000	0.0000	0.0000	0.0000	0.0000	0.0000	0.0000	0.0000	0.0000	0.0000	0.0000	0.0000	0.0000	0.0000	0.0000	0.0000	0.0000	0.0000	0.0000	0.0000	0.0000											
43	61	0.2274	2	2	1	2	0	0	0	0	0	Y	N	Y	N	N	N	N	N	N	N	N	N	0.0000	0.0000	0.0000	0.0000	0.0000	0.0000	0.0000	0.0000	0.0000	0.0000	0.0000	0.0000	0.0000	0.0000	0.0000	0.0000	0.0000	0.0000	0.0000	0.0000	4.0000	2.0000	4.9994	0.0000	0.0000	0.0000	0.0000	0.0000	0.0000	0.0000	0.0000	0.0000	0.0000	0.0000	0.0000	0.0000	0.0000	0.0000	0.0000	0.0000	0.0000	0.0000	0.2063	0.1709	0.0354	0.0164	0.0153	0.0011	0.1899	0.1556	0.0343	0.0905	0.0345	0.0560	0.0466	0.0225	0.0240	0.0440	0.0120	0.0320	0.0000	0.0000	0.0000	0.0000	0.0000	0.0000	0.0000	0.0000	0.0000	0.0000	0.0000	0.0000	0.0000	0.0000	0.0000	0.0000	0.0000	0.0000											
43	64	0.2516	4	1	1	2	0	0	0	0	0	N	N	Y	N	N	N	N	N	N	N	N	N	0.0000	0.0000	0.0000	0.0000	0.0000	0.0000	0.0000	0.0000	0.0000	0.0000	0.0000	0.0000	0.0000	0.0000	0.0000	0.0000	0.0000	0.0000	0.0000	0.0000	4.0000	0.0000	4.9994	0.0000	0.0000	0.0000	0.0000	0.0000	0.0000	0.0000	0.0000	0.0000	0.0000	0.0000	0.0000	0.0000	0.0000	0.0000	0.0000	0.0000	0.0000	0.0000	0.0000	0.0000	0.0000	0.0000	0.0000	0.0000	0.0000	0.0000	0.0000	0.0000	0.0000	0.0000	0.0000	0.0000	0.0000	0.0000	0.0000	0.0000	0.0000	0.0000	0.0000	0.0000	0.0000	0.0000	0.0000	0.0000	0.0000	0.0000	0.0000	0.0000	0.0000	0.0000	0.0000	0.0000	0.0000	0.0000											
43	65	0.2273	3	1	1	2	0	0	0	0	0	N	N	Y	N	N	N	N	N	N	N	N	N	0.0000	0.0000	0.0000	0.0000	0.0000	0.0000	0.0000	0.0000	0.0000	0.0000	0.0000	0.0000	0.0000	0.0000	0.0000	0.0000	0.0000	0.0000	0.0000	0.0000	4.0000	0.8734	4.9994	1.0002	0.0000	0.0000	0.0000	0.0000	0.0000	0.0000	0.0000	0.0000	0.0000	0.0000	0.0000	0.0000	0.0000	0.0000	0.0000	0.0000	0.0000	0.0000	0.0985	0.0814	0.0171	0.0039	0.0037	0.0002	0.0945	0.0777	0.0169	0.1250	0.0218	0.1032	0.0287	0.0060	0.0227	0.0963	0.0158	0.0805	0.0000	0.0000	0.0000	0.0000	0.0000	0.0000	0.0000	0.0000	0.0000	0.0000	0.0000	0.0000	0.0000	0.0000	0.0000	0.0000	0.0000	0.0000											
43	66	0.2128	2	1	1	1	0	0	0	0	0	N	N	N	N	N	N	N	N	N	N	N	N	0.0073	0.0033	0.0000	0.1582	0.0862	0.0000	0.0028	inf	0.0000	0.0078	0.0094	0.0000	0.1693	0.1773	0.0000	0.0001	0.0001	0.0000	1.0605	2.8443	0.1197	1.0703	2.0562	0.4152	0.0324	0.0000	0.0387	0.0000	0.3473	-0.0003	-0.0133	4.0000	1.0063	4.9994	0.0727	0.0009	0.0009	0.0000	0.0009	0.0009	0.0000	0.0000	0.0000	0.0000	0.0321	0.0238	0.0083	0.0300	0.0238	0.0062	0.0021	0.0000	0.0021	0.1148	0.0949	0.0199	0.0052	0.0050	0.0002	0.1096	0.0899	0.0196	0.0928	0.0238	0.0690	0.0280	0.0131	0.0149	0.0648	0.0106	0.0542	0.0224	0.0094	0.0000	0.1582	0.0980	0.0000	0.0028	inf	0.0000	0.3455	1.0006	0.1197	1.0703	1.8103	0.4152	0.0324	0.0000	0.0387
43	72	0.2015	2	1	2	1	0	0	0	0	0	N	Y	N	N	N	N	N	N	N	N	N	N	0.0020	0.0000	0.0167	0.0161	0.0000	inf	0.0017	0.0167	0.0031	0.0000	0.0195	0.0009	0.0000	0.0189	0.0033	0.0000	0.0195	1.5430	0.0384	1.1694	0.0559	0.0559	0.0000	1.8842	0.0000	1.1697	inf	46.2666	0.0010	0.0690	4.0000	4.7764	4.9994	1.3205	0.0016	0.0000	0.0016	0.0000	0.0000	0.0000	0.0015	0.0000	0.0015	0.2249	0.0048	0.2201	0.0048	0.0048	0.0000	0.2201	0.0000	0.2201	0.5113	0.4313	0.0800	0.0445	0.0424	0.0021	0.4668	0.3889	0.0779	0.3123	0.1240	0.1882	0.0852	0.0851	0.0000	0.2271	0.0389	0.1882	0.0042	0.0000	0.0167	0.0161	0.0000	inf	0.0034	0.0000	0.0167	0.7202	0.0384	1.1694	0.0559	0.0559	0.0000	0.9694	0.0000	1.1697	
43	74	0.2037	2	1	2	1	0	0	0	0	0	N	Y	N	N	N	N	N	N	N	N	N	N	0.0000	0.0000	0.0000	0.0000	0.0000	0.0000	0.0000	0.0000	0.0000	0.0000	0.0000	0.0000	0.0000	0.0000	0.0000	0.0000	0.0000	0.0000	0.0000	0.0000	4.0000	0.0000	4.9994	0.0000	0.0000	0.0000	0.0000	0.0000	0.0000	0.0000	0.0000	0.0000	0.0000	0.0000	0.0000	0.0000	0.0000	0.0000	0.0000	0.0000	0.0000	0.0000	0.0000	0.0000	0.0000	0.0000	0.0000	0.0000	0.0000	0.0000	0.0000	0.0000	0.0000	0.0000	0.0000	0.0000	0.0000	0.0000	0.0000	0.0000	0.0000	0.0000	0.0000	0.0000	0.0000	0.0000	0.0000	0.0000	0.0000	0.0000	0.0000	0.0000	0.0000	0.0000	0.0000	0.0000	0.0000	0.0000											
43	76	0.2124	4	2	2	1	1	0	0	0	0	Y	Y	N	N	N	N	N	N	N	N	N	N	0.0000	0.0000	0.0000	0.0000	0.0000	0.0000	0.0000	0.0000	0.0000	0.0000	0.0000	0.0000	0.0000	0.0000	0.0000	0.0000	0.0000	0.0000	0.0000	0.0000	4.0000	0.0000	4.9994	0.0000	0.0000	0.0000	0.0000	0.0000	0.0000	0.0000	0.0000	0.0000	0.0000	0.0000	0.0000	0.0000	0.0000	0.0000	0.0000	0.0000	0.0000	0.0000	0.0000	0.0000	0.0000	0.0000	0.0000	0.0000	0.0000	0.0000	0.0000	0.0000	0.0000	0.0000	0.0000	0.0000	0.0000	0.0000	0.0000	0.0000	0.0000	0.0000	0.0000	0.0000	0.0000	0.0000	0.0000	0.0000	0.0000	0.0000	0.0000	0.0000	0.0000	0.0000	0.0000	0.0000	0.0000	0.0000											
43	77	0.2040	3	2	2	1	1	0	0	0	0	Y	Y	N	N	N	N	N	N	N	N	N	N	0.0000	0.0000	0.0000	0.0000	0.0000	0.0000	0.0000	0.0000	0.0000	0.0000	0.0000	0.0000	0.0000	0.0000	0.0000	0.0000	0.0008	0.0004	0.0010	0.0013	0.0014	0.0000	0.0007	0.0000	0.0010	4.0000	0.0000	0.0000	4.0000	1.0073	4.9994	0.3366	0.0000	0.0000	0.0000	0.0000	0.0000	0.0000	0.0000	0.0000	0.0000	0.0001	0.0000	0.0000	0.0000	0.0000	0.0000	0.0000	0.0000	0.0000	0.1140	0.0971	0.0169	0.0095	0.0085	0.0010	0.1045	0.0886	0.0159	0.0616	0.0226	0.0391	0.0076	0.0074	0.0003	0.0540	0.0152	0.0388	0.0000	0.0000	0.0000	0.0000	0.0000	0.0000	0.0000	0.0000	0.0000	0.0008	0.0004	0.0010	0.0013	0.0014	0.0000	0.0007	0.0000	0.0010			
43	78	0.2298	3	1	2	1	1	0	0	0	0	N	Y	N	N	N	N	N	N	N	N	N	N	0.0000	0.0000	0.0000	0.0000	0.0000	0.0000	0.0000	0.0000	0.0000	0.0000	0.0000	0.0000	0.0000	0.0000	0.0000	0.0000	0.0000	0.0000	0.0000	0.0000	4.0000	0.0000	4.9994	0.0000	0.0000	0.0000	0.0000	0.0000	0.0000	0.0000	0.0000	0.0000	0.0000	0.0000	0.0000	0.0000	0.0000	0.0000	0.0000	0.0000	0.0000	0.0000	0.0000	0.0000	0.0000	0.0000	0.0000	0.0000	0.0000	0.0000	0.0000	0.0000	0.0000	0.0000	0.0000	0.0000	0.0000	0.0000	0.0000	0.0000	0.0000	0.0000	0.0000	0.0000	0.0000	0.0000	0.0000	0.0000	0.0000	0.0000	0.0000	0.0000	0.0000	0.0000	0.0000	0.0000	0.0000	0.0000											
43	79	0.2216	2	1	2	1	1	0	0	0	0	N	Y	N	N	N	N	N	N	N	N	N	N	0.0000	0.0000	0.0000	0.0000	0.0000	0.0000	0.0000	0.0000	0.0000	0.0000	0.0000	0.0000	0.0000	0.0000	0.0000	0.0000	0.0000	0.0000	0.0000	0.0000	4.0000	0.0000	4.9994	1.0000	0.0000	0.0000	0.0000	0.0000	0.0000	0.0000	0.0000	0.0000	0.0000	0.0000	0.0000	0.0000	0.0000	0.0000	0.0000	0.0000	0.0000	0.0000	0.0000	0.0000	0.0000	0.0000	0.0000	0.0000	0.0000	0.0000	0.0000	0.0584	0.0181	0.0403	0.0197	0.0067	0.0129	0.0387	0.0113	0.0274	0.0000	0.0000	0.0000	0.0000	0.0000	0.0000	0.0000	0.0000	0.0000	0.0000	0.0000	0.0000	0.0000	0.0000	0.0000	0.0000	0.0000	0.0000											
43	80	0.2040	3	1	2	1	0	0	0	0	0	N	Y	N	N	N	N	N	N	N	N	N	N	0.0000	0.0000	0.0000	0.0000	0.0000	0.0000	0.0000	0.0000	0.0000	0.0000	0.0000	0.0000	0.0000	0.0000	0.0000	0.0000	0.0003	0.0001	0.0003	0.0005	0.0006	0.0000	0.0002	0.0000	0.0003	4.0000	0.0000	0.0000	4.0000	3.9927	4.9994	1.0002	0.0000	0.0000	0.0000	0.0000	0.0000	0.0000	0.0000	0.0000	0.0000	0.0001	0.0000	0.0000	0.0000	0.0000	0.0000	0.0000	0.0000	0.0000	0.4181	0.3582	0.0599	0.0350	0.0313	0.0037	0.3831	0.3269	0.0562	0.1955	0.0698	0.1256	0.0185	0.0176	0.0009	0.1770	0.0523	0.1247	0.0000	0.0000	0.0000	0.0000	0.0000	0.0000	0.0000	0.0000	0.0000	0.0003	0.0001	0.0003	0.0005	0.0006	0.0000	0.0002	0.0000	0.0003			
43	81	0.1994	2	1	2	1	0	0	0	0	0	N	Y	N	N	N	N	N	N	N	N	N	N	0.0000	0.0000	0.0000	0.0000	0.0000	0.0000	0.0000	0.0000	0.0000	0.0000	0.0000	0.0000	0.0000	0.0000	0.0000	0.0000	0.0018	0.0040	0.0005	0.0166	0.0175	0.0000	0.0004	0.0000	0.0006	0.2500	0.0000	-0.0000	4.0000	0.0110	4.9994	0.6549	0.0000	0.0000	0.0000	0.0000	0.0000	0.0000	0.0000	0.0000	0.0000	0.0001	0.0000	0.0000	0.0000	0.0000	0.0000	0.0000	0.0000	0.0000	0.0013	0.0011	0.0002	0.0001	0.0001	0.0000	0.0012	0.0010	0.0002	0.0282	0.0099	0.0183	0.0024	0.0023	0.0001	0.0258	0.0076	0.0181	0.0000	0.0000	0.0000	0.0000	0.0000	0.0000	0.0000	0.0000	0.0000	0.0018	0.0040	0.0005	0.0166	0.0175	0.0000	0.0004	0.0000	0.0006			
43	82	0.2216	2	1	1	2	1	0	0	0	0	N	N	Y	N	N	N	N	N	N	N	N	N	0.0000	0.0000	0.0000	0.0000	0.0000	0.0000	0.0000	0.0000	0.0000	0.0000	0.0000	0.0000	0.0000	0.0000	0.0000	0.0000	0.0000	0.0000	0.0000	0.0000	4.0000	1.0000	4.9994	0.0000	0.0000	0.0000	0.0000	0.0000	0.0000	0.0000	0.0000	0.0000	0.0000	0.0000	0.0000	0.0000	0.0000	0.0000	0.0000	0.0000	0.0000	0.0000	0.1127	0.0959	0.0169	0.0037	0.0032	0.0005	0.1091	0.0927	0.0163	0.0584	0.0181	0.0403	0.0197	0.0067	0.0129	0.0387	0.0113	0.0274	0.0000	0.0000	0.0000	0.0000	0.0000	0.0000	0.0000	0.0000	0.0000	0.0000	0.0000	0.0000	0.0000	0.0000	0.0000	0.0000	0.0000	0.0000											
43	83	0.2216	2	1	1	2	1	0	0	0	0	N	N	Y	N	N	N	N	N	N	N	N	N	0.0000	0.0000	0.0000	0.0000	0.0000	0.0000	0.0000	0.0000	0.0000	0.0000	0.0000	0.0000	0.0000	0.0000	0.0000	0.0000	0.0000	0.0000	0.0000	0.0000	4.0000	0.0000	4.9994	0.0000	0.0000	0.0000	0.0000	0.0000	0.0000	0.0000	0.0000	0.0000	0.0000	0.0000	0.0000	0.0000	0.0000	0.0000	0.0000	0.0000	0.0000	0.0000	0.0000	0.0000	0.0000	0.0000	0.0000	0.0000	0.0000	0.0000	0.0000	0.0000	0.0000	0.0000	0.0000	0.0000	0.0000	0.0000	0.0000	0.0000	0.0000	0.0000	0.0000	0.0000	0.0000	0.0000	0.0000	0.0000	0.0000	0.0000	0.0000	0.0000	0.0000	0.0000	0.0000	0.0000	0.0000	0.0000											
43	85	0.2825	2	2	2	1	0	0	0	0	0	Y	Y	N	N	N	N	N	N	N	N	N	N	0.0000	0.0000	0.0000	0.0000	0.0000	0.0000	0.0000	0.0000	0.0000	0.0000	0.0000	0.0000	0.0000	0.0000	0.0000	0.0000	0.0000	0.0000	0.0000	0.0000	4.0000	0.0000	4.9994	0.0000	0.0000	0.0000	0.0000	0.0000	0.0000	0.0000	0.0000	0.0000	0.0000	0.0000	0.0000	0.0000	0.0000	0.0000	0.0000	0.0000	0.0000	0.0000	0.0000	0.0000	0.0000	0.0000	0.0000	0.0000	0.0000	0.0000	0.0000	0.0000	0.0000	0.0000	0.0000	0.0000	0.0000	0.0000	0.0000	0.0000	0.0000	0.0000	0.0000	0.0000	0.0000	0.0000	0.0000	0.0000	0.0000	0.0000	0.0000	0.0000	0.0000	0.0000	0.0000	0.0000	0.0000	0.0000											
43	88	0.1994	2	2	2	1	0	0	0	0	0	Y	Y	N	N	N	N	N	N	N	N	N	N	0.0000	0.0000	0.0000	0.0000	0.0000	0.0000	0.0000	0.0000	0.0000	0.0000	0.0000	0.0000	0.0000	0.0000	0.0000	0.0000	0.0000	0.0000	0.0000	0.0000	4.0000	0.0000	4.9994	0.0000	0.0000	0.0000	0.0000	0.0000	0.0000	0.0000	0.0000	0.0000	0.0000	0.0000	0.0000	0.0000	0.0000	0.0000	0.0000	0.0000	0.0000	0.0000	0.0000	0.0000	0.0000	0.0000	0.0000	0.0000	0.0000	0.0000	0.0000	0.0000	0.0000	0.0000	0.0000	0.0000	0.0000	0.0000	0.0000	0.0000	0.0000	0.0000	0.0000	0.0000	0.0000	0.0000	0.0000	0.0000	0.0000	0.0000	0.0000	0.0000	0.0000	0.0000	0.0000	0.0000	0.0000	0.0000											
43	91	0.2905	3	1	1	1	0	0	0	0	0	N	N	N	N	N	N	N	N	N	N	N	N	1.1123	0.3769	0.0065	0.0066	inf	inf	0.8097	0.9382	0.0000	0.0238	0.0250	0.0000	0.9250	1.0878	0.0000	0.7279	2.4889	0.0000	3.6576	3.8160	0.0000	0.0000	0.0000	0.0000	0.0000	0.0000	-0.3827	-0.1596	4.0000	11.5137	4.9994	4.9035	0.9929	0.9929	0.0000	0.0037	0.0037	0.0000	0.9892	0.9892	0.0000	0.2375	0.2375	0.0000	0.2375	0.2375	0.0000	0.0000	0.0000	0.0000	1.2263	1.0583	0.1680	0.1569	0.1490	0.0080	1.0694	0.9094	0.1600	0.8191	0.2480	0.5711	0.0969	0.0926	0.0043	0.7222	0.1554	0.5668	2.7926	0.9797	0.0000	0.0097	0.0098	0.0000	inf	inf	0.0000	0.2899	0.9577	0.0000	2.4514	2.5643	0.0000	0.0000	0.0000	0.0000			
44	45	0.2356	4	1	2	0	1	0	0	0	0	N	Y	N	N	N	N	N	N	N	N	N	N	0.0000	0.0000	0.0000	0.0000	0.0000	0.0000	0.0000	0.0000	0.0000	0.0000	0.0000	0.0000	0.0000	0.0000	0.0000	0.0000	0.0000	0.0000	0.0000	0.0000	2.0000	1.0000	1.0000	0.0000	0.0000	0.0000	0.0000	0.0000	0.0000	0.0000	0.0000	0.0000	0.0000	0.0000	0.0000	0.0000	0.0000	0.0000	0.0000	0.0000	0.0000	0.0000	0.0599	0.0510	0.0089	0.0045	0.0041	0.0004	0.0554	0.0468	0.0086	0.0208	0.0066	0.0142	0.0041	0.0025	0.0015	0.0167	0.0040	0.0127	0.0000	0.0000	0.0000	0.0000	0.0000	0.0000	0.0000	0.0000	0.0000	0.0000	0.0000	0.0000	0.0000	0.0000	0.0000	0.0000	0.0000	0.0000											
44	46	0.2356	4	1	1	0	1	0	0	0	0	N	N	N	N	N	N	N	N	N	N	N	N	0.0000	0.0000	0.0000	0.0000	0.0000	0.0000	0.0000	0.0000	0.0000	0.0000	0.0000	0.0000	0.0000	0.0000	0.0000	0.0000	0.0000	0.0000	0.0000	0.0000	2.0000	0.0000	1.0000	0.0000	0.0000	0.0000	0.0000	0.0000	0.0000	0.0000	0.0000	0.0000	0.0000	0.0000	0.0000	0.0000	0.0000	0.0000	0.0000	0.0000	0.0000	0.0000	0.0000	0.0000	0.0000	0.0000	0.0000	0.0000	0.0000	0.0000	0.0000	0.0000	0.0000	0.0000	0.0000	0.0000	0.0000	0.0000	0.0000	0.0000	0.0000	0.0000	0.0000	0.0000	0.0000	0.0000	0.0000	0.0000	0.0000	0.0000	0.0000	0.0000	0.0000	0.0000	0.0000	0.0000	0.0000	0.0000											
44	47	0.2027	3	1	1	0	1	0	0	0	0	N	N	N	N	N	N	N	N	N	N	N	N	0.0000	0.0000	0.0000	0.0000	0.0000	0.0000	0.0000	0.0000	0.0000	0.0000	0.0000	0.0000	0.0000	0.0059	0.0127	0.0000	0.0176	0.0226	0.0000	0.0000	0.0000	0.0000	0.0000	0.0000	-0.0005	2.0000	2.0873	1.0000	1.9360	0.0000	0.0000	0.0000	0.0000	0.0000	0.0000	0.0000	0.0000	0.0000	0.0007	0.0007	0.0000	0.0007	0.0007	0.0000	0.0000	0.0000	0.0000	0.1225	0.1044	0.0182	0.0075	0.0068	0.0006	0.1150	0.0975	0.0175	0.1218	0.0567	0.0651	0.0408	0.0318	0.0090	0.0810	0.0249	0.0561	0.0000	0.0000	0.0000	0.0000	0.0000	0.0000	0.0000	0.0000	0.0000	0.0059	0.0127	0.0000	0.0176	0.0226	0.0000	0.0000	0.0000	0.0000						
44	48	0.1705	2	1	1	0	1	0	0	0	0	N	N	N	N	N	N	N	N	N	N	N	N	0.0000	0.0000	0.0000	0.0000	0.0000	0.0000	0.0000	0.0000	0.0000	0.0000	0.0000	0.0000	0.0000	0.0000	0.0000	0.0082	0.0008	0.0115	0.0000	0.0000	0.0000	0.0157	0.0474	0.0126	35.0000	0.0000	0.0002	2.0000	3.9129	1.0000	0.7267	0.0000	0.0000	0.0000	0.0000	0.0000	0.0000	0.0000	0.0000	0.0000	0.0007	0.0000	0.0007	0.0000	0.0000	0.0000	0.0007	0.0000	0.0007	0.2152	0.1834	0.0318	0.0097	0.0085	0.0013	0.2054	0.1749	0.0305	0.0873	0.0264	0.0609	0.0122	0.0070	0.0052	0.0752	0.0194	0.0557	0.0000	0.0000	0.0000	0.0000	0.0000	0.0000	0.0000	0.0000	0.0000	0.0082	0.0008	0.0115	0.0000	0.0000	0.0000	0.0096	0.0010	0.0126				
44	49	0.1705	2	1	2	1	0	0	0	0	0	N	Y	N	N	N	N	N	N	N	N	N	N	0.0000	0.0000	0.0000	0.0000	0.0000	0.0000	0.0000	0.0000	0.0000	0.0000	0.0000	0.0000	0.0000	0.0000	0.0000	0.0000	0.0000	0.0000	0.0000	0.0000	2.0000	6.0000	1.0000	4.0006	0.0000	0.0000	0.0000	0.0000	0.0000	0.0000	0.0000	0.0000	0.0000	0.0000	0.0000	0.0000	0.0000	0.0000	0.0000	0.0000	0.0000	0.0000	0.3133	0.2681	0.0451	0.0141	0.0124	0.0018	0.2992	0.2558	0.0434	0.1634	0.0501	0.1133	0.0230	0.0128	0.0102	0.1404	0.0373	0.1031	0.0000	0.0000	0.0000	0.0000	0.0000	0.0000	0.0000	0.0000	0.0000	0.0000	0.0000	0.0000	0.0000	0.0000	0.0000	0.0000	0.0000	0.0000											
44	50	0.1705	2	2	1	1	0	0	0	0	0	Y	N	N	N	N	N	N	N	N	N	N	N	0.0000	0.0000	0.0000	0.0000	0.0000	0.0000	0.0000	0.0000	0.0000	0.0000	0.0000	0.0000	0.0000	0.0000	0.0000	0.0000	0.0000	0.0000	0.0000	0.0000	2.0000	6.0000	1.0000	3.0006	0.0000	0.0000	0.0000	0.0000	0.0000	0.0000	0.0000	0.0000	0.0000	0.0000	0.0000	0.0000	0.0000	0.0000	0.0000	0.0000	0.0000	0.0000	0.3133	0.2681	0.0451	0.0141	0.0124	0.0018	0.2992	0.2558	0.0434	0.1509	0.0461	0.1048	0.0212	0.0118	0.0093	0.1297	0.0343	0.0954	0.0000	0.0000	0.0000	0.0000	0.0000	0.0000	0.0000	0.0000	0.0000	0.0000	0.0000	0.0000	0.0000	0.0000	0.0000	0.0000	0.0000	0.0000											
44	51	0.2082	3	2	2	0	0	0	0	0	0	Y	Y	N	N	N	N	N	N	N	N	N	N	0.0000	0.0000	0.0000	0.0000	0.0000	0.0000	0.0000	0.0000	0.0000	0.0000	0.0000	0.0000	0.0000	0.0122	0.0406	0.0000	0.0949	0.1755	0.0000	0.0000	0.0000	0.0000	0.0000	0.0000	-0.0006	2.0000	1.0314	1.0000	3.0033	0.0000	0.0000	0.0000	0.0000	0.0000	0.0000	0.0000	0.0000	0.0000	0.0009	0.0009	0.0000	0.0009	0.0009	0.0000	0.0000	0.0000	0.0000	0.0653	0.0559	0.0094	0.0113	0.0105	0.0008	0.0540	0.0454	0.0086	0.0770	0.0231	0.0538	0.0099	0.0054	0.0046	0.0671	0.0178	0.0493	0.0000	0.0000	0.0000	0.0000	0.0000	0.0000	0.0000	0.0000	0.0000	0.0122	0.0406	0.0000	0.0949	0.1755	0.0000	0.0000	0.0000	0.0000						
44	52	0.1705	2	2	2	0	0	0	0	0	0	Y	Y	N	N	N	N	N	N	N	N	N	N	0.0000	0.0000	0.0000	0.0000	0.0000	0.0000	0.0000	0.0000	0.0000	0.0000	0.0000	0.0000	0.0000	0.0000	0.0000	0.0100	0.0011	0.0139	0.0000	0.0000	0.0000	0.0192	0.0559	0.0152	30.3333	0.0000	0.0003	2.0000	4.9791	1.0000	0.0710	0.0000	0.0000	0.0000	0.0000	0.0000	0.0000	0.0000	0.0000	0.0000	0.0009	0.0000	0.0009	0.0000	0.0000	0.0000	0.0009	0.0000	0.0009	0.2666	0.2277	0.0389	0.0120	0.0105	0.0015	0.2545	0.2172	0.0374	0.0940	0.0285	0.0655	0.0131	0.0075	0.0056	0.0809	0.0209	0.0599	0.0000	0.0000	0.0000	0.0000	0.0000	0.0000	0.0000	0.0000	0.0000	0.0100	0.0011	0.0139	0.0000	0.0000	0.0000	0.0116	0.0014	0.0152				
44	53	0.1705	2	1	2	0	0	0	0	0	0	N	Y	N	N	N	N	N	N	N	N	N	N	0.0000	0.0000	0.0000	0.0000	0.0000	0.0000	0.0000	0.0000	0.0000	0.0000	0.0000	0.0000	0.0000	0.0000	0.0000	0.0000	0.0000	0.0000	0.0000	0.0000	2.0000	6.0000	1.0000	4.0006	0.0000	0.0000	0.0000	0.0000	0.0000	0.0000	0.0000	0.0000	0.0000	0.0000	0.0000	0.0000	0.0000	0.0000	0.0000	0.0000	0.0000	0.0000	0.3133	0.2681	0.0451	0.0141	0.0124	0.0018	0.2992	0.2558	0.0434	0.1634	0.0501	0.1133	0.0230	0.0128	0.0102	0.1404	0.0373	0.1031	0.0000	0.0000	0.0000	0.0000	0.0000	0.0000	0.0000	0.0000	0.0000	0.0000	0.0000	0.0000	0.0000	0.0000	0.0000	0.0000	0.0000	0.0000											
44	54	0.2235	4	1	1	1	0	0	0	0	0	N	N	N	N	N	N	N	N	N	N	N	N	0.0000	0.0000	0.0000	0.0000	0.0000	0.0000	0.0000	0.0000	0.0000	0.0000	0.0000	0.0000	0.0000	0.0014	0.0043	0.0000	0.0074	0.0107	0.0000	0.0000	0.0000	0.0000	0.0000	0.0000	-0.0000	2.0000	0.0147	1.0000	0.9910	0.0000	0.0000	0.0000	0.0000	0.0000	0.0000	0.0000	0.0000	0.0000	0.0000	0.0000	0.0000	0.0000	0.0000	0.0000	0.0000	0.0000	0.0000	0.0041	0.0030	0.0010	0.0018	0.0017	0.0000	0.0023	0.0013	0.0010	0.0210	0.0069	0.0141	0.0041	0.0028	0.0013	0.0169	0.0041	0.0128	0.0000	0.0000	0.0000	0.0000	0.0000	0.0000	0.0000	0.0000	0.0000	0.0014	0.0043	0.0000	0.0074	0.0107	0.0000	0.0000	0.0000	0.0000						
44	55	0.2125	3	1	1	0	0	0	0	0	0	N	N	N	N	N	N	N	N	N	N	N	N	0.0000	0.0000	0.0000	0.0000	0.0000	0.0000	0.0000	0.0000	0.0000	0.0000	0.0000	0.0000	0.0000	0.0000	0.0000	0.0000	0.0027	0.0060	0.0011	0.0103	0.0151	0.0000	0.0016	0.0000	0.0012	0.3750	0.0000	-0.0000	2.0000	0.9556	1.0000	1.0192	0.0000	0.0000	0.0000	0.0000	0.0000	0.0000	0.0000	0.0000	0.0000	0.0001	0.0001	0.0000	0.0001	0.0001	0.0000	0.0000	0.0000	0.0000	0.0667	0.0562	0.0105	0.0104	0.0099	0.0005	0.0563	0.0463	0.0100	0.0401	0.0133	0.0268	0.0077	0.0053	0.0024	0.0323	0.0080	0.0244	0.0000	0.0000	0.0000	0.0000	0.0000	0.0000	0.0000	0.0000	0.0000	0.0027	0.0060	0.0011	0.0103	0.0151	0.0000	0.0009	0.0000	0.0012			
44	56	0.1705	2	1	1	0	0	0	0	0	0	N	N	N	N	N	N	N	N	N	N	N	N	8028.1213	inf	0.0000	6016.3221	inf	0.0000	5.8666	6.8971	0.0000	0.0000	0.0000	0.0000	6.1446	7.2316	0.0000	0.0007	0.0000	0.0010	0.0000	0.0000	0.0000	0.0010	0.0000	0.0011	0.0000	inf	-0.3855	0.0000	2.0000	3.0309	1.0000	3.0097	1.0000	1.0000	0.0000	0.0000	0.0000	0.0000	1.0000	1.0000	0.0000	0.0001	0.0000	0.0001	0.0000	0.0000	0.0000	0.0001	0.0000	0.0001	0.1705	0.1450	0.0255	0.0077	0.0067	0.0010	0.1627	0.1383	0.0245	0.1095	0.0332	0.0762	0.0153	0.0087	0.0066	0.0942	0.0245	0.0697	8028.1213	inf	0.0000	0.0000	0.0000	0.0000	7233.1460	inf	0.0000	0.0007	0.0000	0.0010	0.0000	0.0000	0.0000	0.0008	0.0000	0.0011			
44	57	0.1705	2	1	1	0	0	0	0	0	0	N	N	N	N	N	N	N	N	N	N	N	N	0.0000	0.0000	0.0000	0.0000	0.0000	0.0000	0.0000	0.0000	0.0000	0.0000	0.0000	0.0000	0.0000	0.0000	0.0000	0.0000	0.0000	0.0000	0.0000	0.0000	2.0000	3.0000	1.0000	3.0006	0.0000	0.0000	0.0000	0.0000	0.0000	0.0000	0.0000	0.0000	0.0000	0.0000	0.0000	0.0000	0.0000	0.0000	0.0000	0.0000	0.0000	0.0000	0.1689	0.1436	0.0252	0.0076	0.0066	0.0010	0.1612	0.1370	0.0242	0.1089	0.0330	0.0758	0.0152	0.0087	0.0066	0.0936	0.0244	0.0693	0.0000	0.0000	0.0000	0.0000	0.0000	0.0000	0.0000	0.0000	0.0000	0.0000	0.0000	0.0000	0.0000	0.0000	0.0000	0.0000	0.0000	0.0000											
44	58	0.3160	4	1	1	0	0	0	0	0	0	N	N	N	N	N	N	N	N	N	N	N	N	0.0092	0.0041	0.0018	0.0016	inf	inf	0.0146	0.0167	0.0000	0.0093	0.0100	0.0000	0.0157	0.0183	0.0000	1.5919	4.0882	0.0000	5.1022	6.4281	0.0000	0.0000	0.0000	0.0000	0.0000	0.0000	-0.0032	-0.1404	2.0000	10.2575	1.0000	3.8960	0.0083	0.0083	0.0000	0.0009	0.0009	0.0000	0.0073	0.0073	0.0000	0.2089	0.2089	0.0000	0.2089	0.2089	0.0000	0.0000	0.0000	0.0000	0.5672	0.4959	0.0713	0.1017	0.0952	0.0065	0.4655	0.4007	0.0648	0.2488	0.1000	0.1487	0.0669	0.0510	0.0159	0.1819	0.0491	0.1328	0.0174	0.0080	0.0000	0.0030	0.0024	0.0000	inf	inf	0.0000	0.8398	2.0882	0.0000	3.1221	4.0970	0.0000	0.0000	0.0000	0.0000			
44	59	0.2900	3	2	2	1	0	0	0	0	0	Y	Y	N	N	N	N	N	N	N	N	N	N	0.0000	0.0000	0.0000	0.0000	0.0000	0.0000	0.0000	0.0000	0.0000	0.0000	0.0000	0.0000	0.0000	0.0000	0.0000	0.0000	0.0000	0.0000	0.0000	0.0000	2.0000	0.0000	1.0000	0.0000	0.0000	0.0000	0.0000	0.0000	0.0000	0.0000	0.0000	0.0000	0.0000	0.0000	0.0000	0.0000	0.0000	0.0000	0.0000	0.0000	0.0000	0.0000	0.0000	0.0000	0.0000	0.0000	0.0000	0.0000	0.0000	0.0000	0.0000	0.0000	0.0000	0.0000	0.0000	0.0000	0.0000	0.0000	0.0000	0.0000	0.0000	0.0000	0.0000	0.0000	0.0000	0.0000	0.0000	0.0000	0.0000	0.0000	0.0000	0.0000	0.0000	0.0000	0.0000	0.0000	0.0000	0.0000											
44	60	0.1705	2	2	1	1	0	0	0	0	0	Y	N	N	N	N	N	N	N	N	N	N	N	0.0000	0.0000	0.0000	0.0000	0.0000	0.0000	0.0000	0.0000	0.0000	0.0000	0.0000	0.0000	0.0000	0.0000	0.0000	0.0000	0.0000	0.0000	0.0000	0.0000	2.0000	7.0000	1.0000	3.9994	0.0000	0.0000	0.0000	0.0000	0.0000	0.0000	0.0000	0.0000	0.0000	0.0000	0.0000	0.0000	0.0000	0.0000	0.0000	0.0000	0.0000	0.0000	0.3568	0.3060	0.0508	0.0161	0.0141	0.0020	0.3407	0.2919	0.0488	0.1752	0.0538	0.1214	0.0247	0.0136	0.0110	0.1506	0.0402	0.1104	0.0000	0.0000	0.0000	0.0000	0.0000	0.0000	0.0000	0.0000	0.0000	0.0000	0.0000	0.0000	0.0000	0.0000	0.0000	0.0000	0.0000	0.0000											
44	61	0.2529	3	2	1	1	0	0	0	0	0	Y	N	N	N	N	N	N	N	N	N	N	N	0.0000	0.0000	0.0000	0.0000	0.0000	0.0000	0.0000	0.0000	0.0000	0.0000	0.0000	0.0000	0.0000	0.0000	0.0000	0.0000	0.0000	0.0000	0.0000	0.0000	2.0000	2.0000	1.0000	0.0000	0.0000	0.0000	0.0000	0.0000	0.0000	0.0000	0.0000	0.0000	0.0000	0.0000	0.0000	0.0000	0.0000	0.0000	0.0000	0.0000	0.0000	0.0000	0.1007	0.0854	0.0153	0.0138	0.0126	0.0013	0.0868	0.0728	0.0140	0.0347	0.0119	0.0228	0.0207	0.0082	0.0125	0.0140	0.0037	0.0103	0.0000	0.0000	0.0000	0.0000	0.0000	0.0000	0.0000	0.0000	0.0000	0.0000	0.0000	0.0000	0.0000	0.0000	0.0000	0.0000	0.0000	0.0000											
44	62	0.1705	2	2	1	1	0	0	0	0	0	Y	N	N	N	N	N	N	N	N	N	N	N	0.0000	0.0000	0.0000	0.0000	0.0000	0.0000	0.0000	0.0000	0.0000	0.0000	0.0000	0.0000	0.0000	0.0000	0.0000	0.0000	0.0000	0.0000	0.0000	0.0000	2.0000	4.0000	1.0000	3.9994	0.0000	0.0000	0.0000	0.0000	0.0000	0.0000	0.0000	0.0000	0.0000	0.0000	0.0000	0.0000	0.0000	0.0000	0.0000	0.0000	0.0000	0.0000	0.2195	0.1871	0.0324	0.0099	0.0086	0.0013	0.2095	0.1784	0.0311	0.1376	0.0420	0.0957	0.0193	0.0109	0.0084	0.1183	0.0311	0.0872	0.0000	0.0000	0.0000	0.0000	0.0000	0.0000	0.0000	0.0000	0.0000	0.0000	0.0000	0.0000	0.0000	0.0000	0.0000	0.0000	0.0000	0.0000											
44	63	0.1705	2	1	2	0	0	0	0	0	0	N	Y	N	N	N	N	N	N	N	N	N	N	0.0000	0.0000	0.0000	0.0000	0.0000	0.0000	0.0000	0.0000	0.0000	0.0000	0.0000	0.0000	0.0000	0.0000	0.0000	0.0000	0.0000	0.0000	0.0000	0.0000	2.0000	7.0000	1.0000	4.0000	0.0000	0.0000	0.0000	0.0000	0.0000	0.0000	0.0000	0.0000	0.0000	0.0000	0.0000	0.0000	0.0000	0.0000	0.0000	0.0000	0.0000	0.0000	0.3568	0.3060	0.0508	0.0161	0.0141	0.0020	0.3407	0.2919	0.0488	0.1753	0.0538	0.1214	0.0247	0.0136	0.0110	0.1506	0.0402	0.1104	0.0000	0.0000	0.0000	0.0000	0.0000	0.0000	0.0000	0.0000	0.0000	0.0000	0.0000	0.0000	0.0000	0.0000	0.0000	0.0000	0.0000	0.0000											
44	64	0.2771	5	1	1	1	0	0	0	0	0	N	N	N	N	N	N	N	N	N	N	N	N	0.0000	0.0000	0.0000	0.0000	0.0000	0.0000	0.0000	0.0000	0.0000	0.0000	0.0000	0.0000	0.0000	0.0000	0.0000	0.0000	0.0000	0.0000	0.0000	0.0000	2.0000	0.0000	1.0000	0.0000	0.0000	0.0000	0.0000	0.0000	0.0000	0.0000	0.0000	0.0000	0.0000	0.0000	0.0000	0.0000	0.0000	0.0000	0.0000	0.0000	0.0000	0.0000	0.0000	0.0000	0.0000	0.0000	0.0000	0.0000	0.0000	0.0000	0.0000	0.0000	0.0000	0.0000	0.0000	0.0000	0.0000	0.0000	0.0000	0.0000	0.0000	0.0000	0.0000	0.0000	0.0000	0.0000	0.0000	0.0000	0.0000	0.0000	0.0000	0.0000	0.0000	0.0000	0.0000	0.0000	0.0000	0.0000											
44	65	0.2528	4	1	1	1	0	0	0	0	0	N	N	N	N	N	N	N	N	N	N	N	N	0.0000	0.0000	0.0000	0.0000	0.0000	0.0000	0.0000	0.0000	0.0000	0.0000	0.0000	0.0000	0.0000	0.0000	0.0000	0.0000	0.0000	0.0000	0.0000	0.0000	2.0000	0.8734	1.0000	1.0002	0.0000	0.0000	0.0000	0.0000	0.0000	0.0000	0.0000	0.0000	0.0000	0.0000	0.0000	0.0000	0.0000	0.0000	0.0000	0.0000	0.0000	0.0000	0.0482	0.0407	0.0075	0.0044	0.0040	0.0004	0.0438	0.0368	0.0070	0.0376	0.0107	0.0270	0.0172	0.0055	0.0117	0.0204	0.0052	0.0152	0.0000	0.0000	0.0000	0.0000	0.0000	0.0000	0.0000	0.0000	0.0000	0.0000	0.0000	0.0000	0.0000	0.0000	0.0000	0.0000	0.0000	0.0000											
44	66	0.2383	3	1	1	0	0	0	0	0	0	N	N	N	N	N	N	N	N	N	N	N	N	0.0004	0.0001	0.0035	0.0019	0.0002	0.0002	0.0000	0.0019	0.0020	0.0000	0.0000	0.0000	0.0000	0.5043	2.0798	0.0000	0.5277	1.0983	0.0000	0.0000	0.0000	0.0000	0.0000	0.0000	-0.0000	-0.0052	2.0000	1.0063	1.0000	0.0727	0.0000	0.0000	0.0000	0.0000	0.0000	0.0000	0.0000	0.0000	0.0000	0.0077	0.0077	0.0000	0.0077	0.0077	0.0000	0.0000	0.0000	0.0000	0.0563	0.0475	0.0087	0.0054	0.0049	0.0005	0.0509	0.0426	0.0082	0.0296	0.0105	0.0190	0.0145	0.0070	0.0076	0.0150	0.0036	0.0115	0.0007	0.0003	0.0000	0.0035	0.0019	0.0000	0.0000	0.0000	0.0000	0.2595	0.7272	0.0000	0.5277	1.0983	0.0000	0.0000	0.0000	0.0000					
44	67	0.1705	2	1	1	0	0	0	0	0	0	N	N	N	N	N	N	N	N	N	N	N	N	0.0006	0.0027	0.0000	0.0005	0.0000	0.0000	0.0000	0.0001	0.0000	0.0000	0.0000	0.0000	0.0000	0.0001	0.0000	0.0812	0.0196	0.1079	0.0000	0.0000	0.0000	0.0943	1.1897	0.1180	0.0000	12.6964	-0.0000	0.0020	2.0000	4.0009	1.0000	1.0789	0.0000	0.0000	0.0000	0.0000	0.0000	0.0000	0.0000	0.0000	0.0000	0.0077	0.0006	0.0071	0.0000	0.0000	0.0000	0.0077	0.0006	0.0071	0.2195	0.1871	0.0324	0.0099	0.0086	0.0013	0.2096	0.1785	0.0311	0.0945	0.0286	0.0659	0.0132	0.0076	0.0056	0.0813	0.0211	0.0602	0.0006	0.0027	0.0000	0.0000	0.0000	0.0000	0.0005	0.0021	0.0000	0.0812	0.0196	0.1079	0.0000	0.0000	0.0000	0.0943	0.0266	0.1180			
44	68	0.1705	2	1	2	0	0	0	0	0	0	N	Y	N	N	N	N	N	N	N	N	N	N	0.0000	0.0000	0.0000	0.0000	0.0000	0.0000	0.0000	0.0000	0.0000	0.0000	0.0000	0.0000	0.0000	0.0000	0.0000	0.0000	0.0000	0.0000	0.0000	0.0000	2.0000	5.0000	1.0000	3.9994	0.0000	0.0000	0.0000	0.0000	0.0000	0.0000	0.0000	0.0000	0.0000	0.0000	0.0000	0.0000	0.0000	0.0000	0.0000	0.0000	0.0000	0.0000	0.2675	0.2285	0.0390	0.0121	0.0105	0.0015	0.2555	0.2180	0.0375	0.1509	0.0461	0.1048	0.0212	0.0118	0.0093	0.1297	0.0343	0.0954	0.0000	0.0000	0.0000	0.0000	0.0000	0.0000	0.0000	0.0000	0.0000	0.0000	0.0000	0.0000	0.0000	0.0000	0.0000	0.0000	0.0000	0.0000											
44	69	0.1705	2	2	1	1	0	0	0	0	0	Y	N	N	N	N	N	N	N	N	N	N	N	0.0000	0.0000	0.0000	0.0000	0.0000	0.0000	0.0000	0.0000	0.0000	0.0000	0.0000	0.0000	0.0000	0.0000	0.0000	0.0000	0.0000	0.0000	0.0000	0.0000	2.0000	7.0000	1.0000	2.9994	0.0000	0.0000	0.0000	0.0000	0.0000	0.0000	0.0000	0.0000	0.0000	0.0000	0.0000	0.0000	0.0000	0.0000	0.0000	0.0000	0.0000	0.0000	0.3568	0.3060	0.0508	0.0161	0.0141	0.0020	0.3407	0.2919	0.0488	0.1634	0.0501	0.1133	0.0230	0.0128	0.0102	0.1404	0.0373	0.1031	0.0000	0.0000	0.0000	0.0000	0.0000	0.0000	0.0000	0.0000	0.0000	0.0000	0.0000	0.0000	0.0000	0.0000	0.0000	0.0000	0.0000	0.0000											
44	70	0.1705	2	1	2	0	1	0	0	0	0	N	Y	N	N	N	N	N	N	N	N	N	N	0.0000	0.0000	0.0000	0.0000	0.0000	0.0000	0.0000	0.0000	0.0000	0.0000	0.0000	0.0000	0.0000	0.0000	0.0000	0.0000	0.0000	0.0000	0.0000	0.0000	2.0000	4.0000	1.0000	5.0006	0.0000	0.0000	0.0000	0.0000	0.0000	0.0000	0.0000	0.0000	0.0000	0.0000	0.0000	0.0000	0.0000	0.0000	0.0000	0.0000	0.0000	0.0000	0.2195	0.1871	0.0324	0.0099	0.0086	0.0013	0.2095	0.1784	0.0311	0.1509	0.0461	0.1048	0.0212	0.0118	0.0093	0.1297	0.0343	0.0954	0.0000	0.0000	0.0000	0.0000	0.0000	0.0000	0.0000	0.0000	0.0000	0.0000	0.0000	0.0000	0.0000	0.0000	0.0000	0.0000	0.0000	0.0000											
44	71	0.1705	2	1	2	0	0	0	0	0	0	N	Y	N	N	N	N	N	N	N	N	N	N	0.0000	0.0000	0.0000	0.0000	0.0000	0.0000	0.0000	0.0000	0.0000	0.0000	0.0000	0.0000	0.0000	0.0000	0.0000	0.0000	0.0000	0.0000	0.0000	0.0000	2.0000	7.0000	1.0000	4.9994	0.0000	0.0000	0.0000	0.0000	0.0000	0.0000	0.0000	0.0000	0.0000	0.0000	0.0000	0.0000	0.0000	0.0000	0.0000	0.0000	0.0000	0.0000	0.3568	0.3060	0.0508	0.0161	0.0141	0.0020	0.3407	0.2919	0.0488	0.1865	0.0574	0.1291	0.0263	0.0144	0.0119	0.1602	0.0430	0.1172	0.0000	0.0000	0.0000	0.0000	0.0000	0.0000	0.0000	0.0000	0.0000	0.0000	0.0000	0.0000	0.0000	0.0000	0.0000	0.0000	0.0000	0.0000											
44	72	0.2270	3	1	2	0	0	0	0	0	0	N	Y	N	N	N	N	N	N	N	N	N	N	0.0000	0.0000	0.0000	0.0000	0.0000	0.0000	0.0000	0.0000	0.0000	0.0000	0.0000	0.0000	0.0000	0.0218	0.0843	0.0000	0.0723	0.0954	0.0000	0.0000	0.0000	0.0000	0.0000	0.0000	-0.0014	2.0000	4.7764	1.0000	1.3205	0.0000	0.0000	0.0000	0.0000	0.0000	0.0000	0.0000	0.0000	0.0000	0.0021	0.0021	0.0000	0.0021	0.0021	0.0000	0.0000	0.0000	0.0000	0.2509	0.2158	0.0351	0.0345	0.0319	0.0026	0.2164	0.1839	0.0325	0.0945	0.0339	0.0606	0.0285	0.0216	0.0069	0.0660	0.0123	0.0537	0.0000	0.0000	0.0000	0.0000	0.0000	0.0000	0.0000	0.0000	0.0000	0.0218	0.0608	0.0000	0.0723	0.0954	0.0000	0.0000	0.0000	0.0000						
44	73	0.1705	2	1	2	0	0	0	0	0	0	N	Y	N	N	N	N	N	N	N	N	N	N	0.0000	0.0000	0.0000	0.0000	0.0000	0.0000	0.0000	0.0000	0.0000	0.0000	0.0000	0.0000	0.0000	0.0000	0.0000	0.0188	0.0018	0.0262	0.0000	0.0000	0.0000	0.0231	0.1169	0.0287	33.3333	0.0000	0.0006	2.0000	3.3049	1.0000	2.7470	0.0000	0.0000	0.0000	0.0000	0.0000	0.0000	0.0000	0.0000	0.0000	0.0021	0.0001	0.0020	0.0000	0.0000	0.0000	0.0021	0.0001	0.0020	0.1846	0.1571	0.0275	0.0083	0.0073	0.0011	0.1762	0.1498	0.0264	0.1096	0.0333	0.0764	0.0153	0.0087	0.0066	0.0943	0.0246	0.0698	0.0000	0.0000	0.0000	0.0000	0.0000	0.0000	0.0000	0.0000	0.0000	0.0188	0.0018	0.0262	0.0000	0.0000	0.0000	0.0218	0.0024	0.0287				
44	74	0.2292	3	1	2	0	0	0	0	0	0	N	Y	N	N	N	N	N	N	N	N	N	N	0.0000	0.0000	0.0000	0.0000	0.0000	0.0000	0.0000	0.0000	0.0000	0.0000	0.0000	0.0000	0.0000	0.0000	0.0000	0.0000	0.0000	0.0000	0.0000	0.0000	2.0000	0.0000	1.0000	0.0000	0.0000	0.0000	0.0000	0.0000	0.0000	0.0000	0.0000	0.0000	0.0000	0.0000	0.0000	0.0000	0.0000	0.0000	0.0000	0.0000	0.0000	0.0000	0.0000	0.0000	0.0000	0.0000	0.0000	0.0000	0.0000	0.0000	0.0000	0.0000	0.0000	0.0000	0.0000	0.0000	0.0000	0.0000	0.0000	0.0000	0.0000	0.0000	0.0000	0.0000	0.0000	0.0000	0.0000	0.0000	0.0000	0.0000	0.0000	0.0000	0.0000	0.0000	0.0000	0.0000	0.0000	0.0000											
44	75	0.1705	2	1	2	0	0	0	0	0	0	N	Y	N	N	N	N	N	N	N	N	N	N	0.0000	0.0000	0.0000	0.0000	0.0000	0.0000	0.0000	0.0000	0.0000	0.0000	0.0000	0.0000	0.0000	0.0000	0.0000	0.0000	0.0000	0.0000	0.0000	0.0000	2.0000	4.3567	1.0000	2.3689	0.0000	0.0000	0.0000	0.0000	0.0000	0.0000	0.0000	0.0000	0.0000	0.0000	0.0000	0.0000	0.0000	0.0000	0.0000	0.0000	0.0000	0.0000	0.2369	0.2021	0.0348	0.0107	0.0093	0.0014	0.2262	0.1927	0.0334	0.1197	0.0364	0.0833	0.0167	0.0095	0.0073	0.1029	0.0269	0.0760	0.0000	0.0000	0.0000	0.0000	0.0000	0.0000	0.0000	0.0000	0.0000	0.0000	0.0000	0.0000	0.0000	0.0000	0.0000	0.0000	0.0000	0.0000											
44	76	0.2378	5	2	2	0	1	0	0	0	0	Y	Y	N	N	N	N	N	N	N	N	N	N	0.0000	0.0000	0.0000	0.0000	0.0000	0.0000	0.0000	0.0000	0.0000	0.0000	0.0000	0.0000	0.0000	0.0000	0.0000	0.0000	0.0000	0.0000	0.0000	0.0000	2.0000	0.0000	1.0000	0.0000	0.0000	0.0000	0.0000	0.0000	0.0000	0.0000	0.0000	0.0000	0.0000	0.0000	0.0000	0.0000	0.0000	0.0000	0.0000	0.0000	0.0000	0.0000	0.0000	0.0000	0.0000	0.0000	0.0000	0.0000	0.0000	0.0000	0.0000	0.0000	0.0000	0.0000	0.0000	0.0000	0.0000	0.0000	0.0000	0.0000	0.0000	0.0000	0.0000	0.0000	0.0000	0.0000	0.0000	0.0000	0.0000	0.0000	0.0000	0.0000	0.0000	0.0000	0.0000	0.0000	0.0000	0.0000											
44	77	0.2295	4	2	2	0	1	0	0	0	0	Y	Y	N	N	N	N	N	N	N	N	N	N	0.0000	0.0000	0.0000	0.0000	0.0000	0.0000	0.0000	0.0000	0.0000	0.0000	0.0000	0.0000	0.0000	0.0013	0.0042	0.0000	0.0103	0.0213	0.0000	0.0000	0.0000	0.0000	0.0000	0.0000	-0.0000	2.0000	1.0073	1.0000	0.3366	0.0000	0.0000	0.0000	0.0000	0.0000	0.0000	0.0000	0.0000	0.0000	0.0000	0.0000	0.0000	0.0000	0.0000	0.0000	0.0000	0.0000	0.0000	0.0586	0.0498	0.0089	0.0038	0.0034	0.0003	0.0549	0.0463	0.0086	0.0229	0.0072	0.0157	0.0029	0.0014	0.0015	0.0200	0.0058	0.0142	0.0000	0.0000	0.0000	0.0000	0.0000	0.0000	0.0000	0.0000	0.0000	0.0013	0.0042	0.0000	0.0103	0.0213	0.0000	0.0000	0.0000	0.0000						
44	78	0.2553	4	1	2	0	1	0	0	0	0	N	Y	N	N	N	N	N	N	N	N	N	N	0.0000	0.0000	0.0000	0.0000	0.0000	0.0000	0.0000	0.0000	0.0000	0.0000	0.0000	0.0000	0.0000	0.0000	0.0000	0.0000	0.0000	0.0000	0.0000	0.0000	2.0000	0.0000	1.0000	0.0000	0.0000	0.0000	0.0000	0.0000	0.0000	0.0000	0.0000	0.0000	0.0000	0.0000	0.0000	0.0000	0.0000	0.0000	0.0000	0.0000	0.0000	0.0000	0.0000	0.0000	0.0000	0.0000	0.0000	0.0000	0.0000	0.0000	0.0000	0.0000	0.0000	0.0000	0.0000	0.0000	0.0000	0.0000	0.0000	0.0000	0.0000	0.0000	0.0000	0.0000	0.0000	0.0000	0.0000	0.0000	0.0000	0.0000	0.0000	0.0000	0.0000	0.0000	0.0000	0.0000	0.0000	0.0000											
44	79	0.2470	3	1	2	0	1	0	0	0	0	N	Y	N	N	N	N	N	N	N	N	N	N	0.0000	0.0000	0.0000	0.0000	0.0000	0.0000	0.0000	0.0000	0.0000	0.0000	0.0000	0.0000	0.0000	0.0000	0.0000	0.0000	0.0000	0.0000	0.0000	0.0000	2.0000	0.0000	1.0000	1.0000	0.0000	0.0000	0.0000	0.0000	0.0000	0.0000	0.0000	0.0000	0.0000	0.0000	0.0000	0.0000	0.0000	0.0000	0.0000	0.0000	0.0000	0.0000	0.0000	0.0000	0.0000	0.0000	0.0000	0.0000	0.0000	0.0000	0.0000	0.0226	0.0060	0.0166	0.0082	0.0017	0.0065	0.0144	0.0043	0.0101	0.0000	0.0000	0.0000	0.0000	0.0000	0.0000	0.0000	0.0000	0.0000	0.0000	0.0000	0.0000	0.0000	0.0000	0.0000	0.0000	0.0000	0.0000											
44	80	0.2295	4	1	2	0	0	0	0	0	0	N	Y	N	N	N	N	N	N	N	N	N	N	0.0000	0.0000	0.0000	0.0000	0.0000	0.0000	0.0000	0.0000	0.0000	0.0000	0.0000	0.0000	0.0000	0.0004	0.0013	0.0000	0.0039	0.0120	0.0000	0.0000	0.0000	0.0000	0.0000	0.0000	-0.0000	2.0000	3.9927	1.0000	1.0002	0.0000	0.0000	0.0000	0.0000	0.0000	0.0000	0.0000	0.0000	0.0000	0.0000	0.0000	0.0000	0.0000	0.0000	0.0000	0.0000	0.0000	0.0000	0.2147	0.1834	0.0314	0.0136	0.0125	0.0011	0.2011	0.1709	0.0302	0.0733	0.0225	0.0508	0.0078	0.0025	0.0053	0.0655	0.0200	0.0456	0.0000	0.0000	0.0000	0.0000	0.0000	0.0000	0.0000	0.0000	0.0000	0.0004	0.0013	0.0000	0.0039	0.0120	0.0000	0.0000	0.0000	0.0000						
44	81	0.2248	3	1	2	0	0	0	0	0	0	N	Y	N	N	N	N	N	N	N	N	N	N	0.0000	0.0000	0.0000	0.0000	0.0000	0.0000	0.0000	0.0000	0.0000	0.0000	0.0000	0.0000	0.0000	0.0028	0.0000	0.0040	0.0000	0.0000	0.0000	0.0087	0.0000	0.0045	inf	0.0000	0.0000	2.0000	0.0110	1.0000	0.6549	0.0000	0.0000	0.0000	0.0000	0.0000	0.0000	0.0000	0.0000	0.0000	0.0000	0.0000	0.0000	0.0000	0.0000	0.0000	0.0000	0.0000	0.0000	0.0007	0.0006	0.0001	0.0000	0.0000	0.0000	0.0006	0.0005	0.0001	0.0106	0.0031	0.0074	0.0010	0.0002	0.0008	0.0096	0.0029	0.0067	0.0000	0.0000	0.0000	0.0000	0.0000	0.0000	0.0000	0.0000	0.0000	0.0028	0.0000	0.0040	0.0000	0.0000	0.0000	0.0031	0.0000	0.0045						
44	82	0.2470	3	1	1	1	1	0	0	0	0	N	N	N	N	N	N	N	N	N	N	N	N	0.0000	0.0000	0.0000	0.0000	0.0000	0.0000	0.0000	0.0000	0.0000	0.0000	0.0000	0.0000	0.0000	0.0000	0.0000	0.0000	0.0000	0.0000	0.0000	0.0000	2.0000	1.0000	1.0000	0.0000	0.0000	0.0000	0.0000	0.0000	0.0000	0.0000	0.0000	0.0000	0.0000	0.0000	0.0000	0.0000	0.0000	0.0000	0.0000	0.0000	0.0000	0.0000	0.0580	0.0491	0.0089	0.0007	0.0006	0.0001	0.0573	0.0485	0.0088	0.0226	0.0060	0.0166	0.0082	0.0017	0.0065	0.0144	0.0043	0.0101	0.0000	0.0000	0.0000	0.0000	0.0000	0.0000	0.0000	0.0000	0.0000	0.0000	0.0000	0.0000	0.0000	0.0000	0.0000	0.0000	0.0000	0.0000											
44	83	0.2470	3	1	1	1	1	0	0	0	0	N	N	N	N	N	N	N	N	N	N	N	N	0.0000	0.0000	0.0000	0.0000	0.0000	0.0000	0.0000	0.0000	0.0000	0.0000	0.0000	0.0000	0.0000	0.0000	0.0000	0.0000	0.0000	0.0000	0.0000	0.0000	2.0000	0.0000	1.0000	0.0000	0.0000	0.0000	0.0000	0.0000	0.0000	0.0000	0.0000	0.0000	0.0000	0.0000	0.0000	0.0000	0.0000	0.0000	0.0000	0.0000	0.0000	0.0000	0.0000	0.0000	0.0000	0.0000	0.0000	0.0000	0.0000	0.0000	0.0000	0.0000	0.0000	0.0000	0.0000	0.0000	0.0000	0.0000	0.0000	0.0000	0.0000	0.0000	0.0000	0.0000	0.0000	0.0000	0.0000	0.0000	0.0000	0.0000	0.0000	0.0000	0.0000	0.0000	0.0000	0.0000	0.0000	0.0000											
44	84	0.1705	2	1	1	0	1	0	0	0	0	N	N	N	N	N	N	N	N	N	N	N	N	0.0000	0.0000	0.0000	0.0000	0.0000	0.0000	0.0000	0.0000	0.0000	0.0000	0.0000	0.0000	0.0000	0.0000	0.0000	0.0000	0.0000	0.0000	0.0000	0.0000	2.0000	3.0000	1.0000	5.9994	0.0000	0.0000	0.0000	0.0000	0.0000	0.0000	0.0000	0.0000	0.0000	0.0000	0.0000	0.0000	0.0000	0.0000	0.0000	0.0000	0.0000	0.0000	0.1689	0.1436	0.0252	0.0076	0.0066	0.0010	0.1612	0.1370	0.0242	0.1509	0.0461	0.1048	0.0212	0.0118	0.0093	0.1297	0.0343	0.0954	0.0000	0.0000	0.0000	0.0000	0.0000	0.0000	0.0000	0.0000	0.0000	0.0000	0.0000	0.0000	0.0000	0.0000	0.0000	0.0000	0.0000	0.0000											
44	87	0.1705	2	1	2	0	0	0	0	0	0	N	Y	N	N	N	N	N	N	N	N	N	N	0.0000	0.0000	0.0000	0.0000	0.0000	0.0000	0.0000	0.0000	0.0000	0.0000	0.0000	0.0000	0.0000	0.0000	0.0000	0.0000	0.0000	0.0000	0.0000	0.0000	2.0000	1.0000	1.0000	3.0006	0.0000	0.0000	0.0000	0.0000	0.0000	0.0000	0.0000	0.0000	0.0000	0.0000	0.0000	0.0000	0.0000	0.0000	0.0000	0.0000	0.0000	0.0000	0.0593	0.0502	0.0091	0.0027	0.0023	0.0004	0.0566	0.0479	0.0087	0.0766	0.0232	0.0535	0.0107	0.0062	0.0045	0.0660	0.0170	0.0490	0.0000	0.0000	0.0000	0.0000	0.0000	0.0000	0.0000	0.0000	0.0000	0.0000	0.0000	0.0000	0.0000	0.0000	0.0000	0.0000	0.0000	0.0000											
44	88	0.2248	3	2	2	0	0	0	0	0	0	Y	Y	N	N	N	N	N	N	N	N	N	N	0.0000	0.0000	0.0000	0.0000	0.0000	0.0000	0.0000	0.0000	0.0000	0.0000	0.0000	0.0000	0.0000	0.0000	0.0000	0.0000	0.0000	0.0000	0.0000	0.0000	2.0000	0.0000	1.0000	0.0000	0.0000	0.0000	0.0000	0.0000	0.0000	0.0000	0.0000	0.0000	0.0000	0.0000	0.0000	0.0000	0.0000	0.0000	0.0000	0.0000	0.0000	0.0000	0.0000	0.0000	0.0000	0.0000	0.0000	0.0000	0.0000	0.0000	0.0000	0.0000	0.0000	0.0000	0.0000	0.0000	0.0000	0.0000	0.0000	0.0000	0.0000	0.0000	0.0000	0.0000	0.0000	0.0000	0.0000	0.0000	0.0000	0.0000	0.0000	0.0000	0.0000	0.0000	0.0000	0.0000	0.0000	0.0000											
44	89	0.1705	2	1	2	0	0	0	0	0	0	N	Y	N	N	N	N	N	N	N	N	N	N	0.0000	0.0000	0.0000	0.0000	0.0000	0.0000	0.0000	0.0000	0.0000	0.0000	0.0000	0.0000	0.0000	0.0000	0.0000	0.0000	0.0000	0.0000	0.0000	0.0000	2.0000	4.0000	1.0000	4.0001	0.0000	0.0000	0.0000	0.0000	0.0000	0.0000	0.0000	0.0000	0.0000	0.0000	0.0000	0.0000	0.0000	0.0000	0.0000	0.0000	0.0000	0.0000	0.2195	0.1871	0.0324	0.0099	0.0086	0.0013	0.2095	0.1784	0.0311	0.1377	0.0420	0.0957	0.0193	0.0109	0.0084	0.1184	0.0311	0.0872	0.0000	0.0000	0.0000	0.0000	0.0000	0.0000	0.0000	0.0000	0.0000	0.0000	0.0000	0.0000	0.0000	0.0000	0.0000	0.0000	0.0000	0.0000											
44	91	0.3160	4	1	1	0	0	0	0	0	0	N	N	N	N	N	N	N	N	N	N	N	N	inf	inf	inf	inf	0.0120	0.0137	0.0000	0.0000	0.0000	0.0000	0.0145	0.0168	0.0000	0.0000	0.0000	0.0000	0.0000	0.0000	0.0000	0.0000	0.0000	0.0000	0.0000	-0.0028	0.0000	2.0000	11.5137	1.0000	4.9035	0.0073	0.0073	0.0000	0.0000	0.0000	0.0000	0.0073	0.0073	0.0000	0.0000	0.0000	0.0000	0.0000	0.0000	0.0000	0.0000	0.0000	0.0000	0.6086	0.5326	0.0761	0.1047	0.0978	0.0069	0.5040	0.4348	0.0692	0.2638	0.1043	0.1595	0.0684	0.0509	0.0175	0.1953	0.0533	0.1420	inf	inf	0.0000	0.0000	0.0000	0.0000	inf	inf	0.0000	0.0000	0.0000	0.0000	0.0000	0.0000	0.0000	0.0000	0.0000	0.0000						
45	49	0.0730	3	0	2	1	1	0	0	0	0	N	Y	N	N	N	N	N	N	N	N	N	N	0.0000	0.0000	0.0000	0.0000	0.0000	0.0000	0.0000	0.0000	0.0000	0.0000	0.0000	0.0000	0.0000	0.0000	0.0000	0.0000	0.0000	0.0000	0.0000	0.0000	1.0000	6.0000	0.0000	4.0006	0.0000	0.0000	0.0000	0.0000	0.0000	0.0000	0.0000	0.0000	0.0000	0.0000	0.0000	0.0000	0.0000	0.0000	0.0000	0.0000	0.0000	0.0000	0.1765	0.1508	0.0257	0.0243	0.0209	0.0034	0.1522	0.1299	0.0223	0.0746	0.0151	0.0595	0.0036	0.0025	0.0011	0.0710	0.0126	0.0584	0.0000	0.0000	0.0000	0.0000	0.0000	0.0000	0.0000	0.0000	0.0000	0.0000	0.0000	0.0000	0.0000	0.0000	0.0000	0.0000	0.0000	0.0000											
45	50	0.0730	3	1	1	1	1	0	0	0	0	N	N	N	N	N	N	N	N	N	N	N	N	0.0000	0.0000	0.0000	0.0000	0.0000	0.0000	0.0000	0.0000	0.0000	0.0000	0.0000	0.0000	0.0000	0.0000	0.0000	0.0000	0.0000	0.0000	0.0000	0.0000	1.0000	6.0000	0.0000	3.0006	0.0000	0.0000	0.0000	0.0000	0.0000	0.0000	0.0000	0.0000	0.0000	0.0000	0.0000	0.0000	0.0000	0.0000	0.0000	0.0000	0.0000	0.0000	0.1765	0.1508	0.0257	0.0243	0.0209	0.0034	0.1522	0.1299	0.0223	0.0692	0.0139	0.0553	0.0033	0.0023	0.0010	0.0659	0.0116	0.0543	0.0000	0.0000	0.0000	0.0000	0.0000	0.0000	0.0000	0.0000	0.0000	0.0000	0.0000	0.0000	0.0000	0.0000	0.0000	0.0000	0.0000	0.0000											
45	51	0.1107	4	1	2	0	1	0	0	0	0	N	Y	N	N	N	N	N	N	N	N	N	N	inf	inf	inf	inf	0.0038	0.0045	0.0000	0.0000	0.0000	0.0000	0.0051	0.0061	0.0000	0.0000	0.0000	0.0000	0.0000	0.0000	0.0000	0.0000	0.0000	0.0000	0.0000	-0.0001	0.0000	1.0000	1.0314	0.0000	3.0033	0.0001	0.0001	0.0000	0.0000	0.0000	0.0000	0.0001	0.0001	0.0000	0.0000	0.0000	0.0000	0.0000	0.0000	0.0000	0.0000	0.0000	0.0000	0.0367	0.0314	0.0054	0.0093	0.0083	0.0010	0.0275	0.0231	0.0044	0.0313	0.0075	0.0237	0.0020	0.0015	0.0005	0.0292	0.0060	0.0232	inf	inf	0.0000	0.0000	0.0000	0.0000	inf	inf	0.0000	0.0000	0.0000	0.0000	0.0000	0.0000	0.0000	0.0000	0.0000	0.0000						
45	52	0.0730	3	1	2	0	1	0	0	0	0	N	Y	N	N	N	N	N	N	N	N	N	N	inf	inf	inf	inf	6.6513	7.8028	0.0000	0.0000	0.0000	0.0000	7.7186	9.0634	0.0000	0.0000	0.0000	0.0000	0.0000	0.0000	0.0000	0.0000	0.0000	0.0000	0.0000	-0.3854	0.0000	1.0000	4.9791	0.0000	0.0710	0.9999	0.9999	0.0000	0.0000	0.0000	0.0000	0.9999	0.9999	0.0000	0.0000	0.0000	0.0000	0.0000	0.0000	0.0000	0.0000	0.0000	0.0000	0.1503	0.1281	0.0222	0.0208	0.0178	0.0030	0.1295	0.1103	0.0192	0.0439	0.0085	0.0354	0.0020	0.0014	0.0006	0.0419	0.0071	0.0348	inf	inf	0.0000	0.0000	0.0000	0.0000	inf	inf	0.0000	0.0000	0.0000	0.0000	0.0000	0.0000	0.0000	0.0000	0.0000	0.0000						
45	53	0.0730	3	0	2	0	1	0	0	0	0	N	Y	N	N	N	N	N	N	N	N	N	N	0.0000	0.0000	0.0000	0.0000	0.0000	0.0000	0.0000	0.0000	0.0000	0.0000	0.0000	0.0000	0.0000	0.0000	0.0000	0.0000	0.0000	0.0000	0.0000	0.0000	1.0000	6.0000	0.0000	4.0006	0.0000	0.0000	0.0000	0.0000	0.0000	0.0000	0.0000	0.0000	0.0000	0.0000	0.0000	0.0000	0.0000	0.0000	0.0000	0.0000	0.0000	0.0000	0.1765	0.1508	0.0257	0.0243	0.0209	0.0034	0.1522	0.1299	0.0223	0.0746	0.0151	0.0595	0.0036	0.0025	0.0011	0.0710	0.0126	0.0584	0.0000	0.0000	0.0000	0.0000	0.0000	0.0000	0.0000	0.0000	0.0000	0.0000	0.0000	0.0000	0.0000	0.0000	0.0000	0.0000	0.0000	0.0000											
45	54	0.1260	5	0	1	1	1	0	0	0	0	N	N	N	N	N	N	N	N	N	N	N	N	0.0000	0.0000	0.0000	0.0000	0.0000	0.0000	0.0000	0.0000	0.0000	0.0000	0.0000	0.0000	0.0000	0.0000	0.0000	0.0000	0.0000	0.0000	0.0000	0.0000	1.0000	0.0147	0.0000	0.9910	0.0000	0.0000	0.0000	0.0000	0.0000	0.0000	0.0000	0.0000	0.0000	0.0000	0.0000	0.0000	0.0000	0.0000	0.0000	0.0000	0.0000	0.0000	0.0022	0.0016	0.0006	0.0009	0.0009	0.0000	0.0013	0.0007	0.0006	0.0101	0.0020	0.0081	0.0007	0.0005	0.0002	0.0095	0.0015	0.0080	0.0000	0.0000	0.0000	0.0000	0.0000	0.0000	0.0000	0.0000	0.0000	0.0000	0.0000	0.0000	0.0000	0.0000	0.0000	0.0000	0.0000	0.0000											
45	55	0.1150	4	0	1	0	1	0	0	0	0	N	N	N	N	N	N	N	N	N	N	N	N	0.0000	0.0000	0.0000	0.0000	0.0000	0.0000	0.0000	0.0000	0.0000	0.0000	0.0000	0.0000	0.0000	0.0000	0.0000	0.0000	0.0000	0.0000	0.0000	0.0000	1.0000	0.9556	0.0000	1.0192	0.0000	0.0000	0.0000	0.0000	0.0000	0.0000	0.0000	0.0000	0.0000	0.0000	0.0000	0.0000	0.0000	0.0000	0.0000	0.0000	0.0000	0.0000	0.0382	0.0322	0.0060	0.0043	0.0042	0.0001	0.0339	0.0280	0.0059	0.0193	0.0039	0.0154	0.0013	0.0010	0.0003	0.0180	0.0029	0.0150	0.0000	0.0000	0.0000	0.0000	0.0000	0.0000	0.0000	0.0000	0.0000	0.0000	0.0000	0.0000	0.0000	0.0000	0.0000	0.0000	0.0000	0.0000											
45	56	0.0730	3	0	1	0	1	0	0	0	0	N	N	N	N	N	N	N	N	N	N	N	N	0.0000	0.0000	0.0000	0.0000	0.0000	0.0000	0.0000	0.0000	0.0000	0.0000	0.0000	0.0000	0.0000	0.0000	0.0000	0.0000	0.0000	0.0000	0.0000	0.0000	1.0000	3.0309	0.0000	3.0097	0.0000	0.0000	0.0000	0.0000	0.0000	0.0000	0.0000	0.0000	0.0000	0.0000	0.0000	0.0000	0.0000	0.0000	0.0000	0.0000	0.0000	0.0000	0.0963	0.0817	0.0146	0.0134	0.0114	0.0020	0.0829	0.0703	0.0126	0.0509	0.0099	0.0409	0.0023	0.0016	0.0007	0.0485	0.0083	0.0402	0.0000	0.0000	0.0000	0.0000	0.0000	0.0000	0.0000	0.0000	0.0000	0.0000	0.0000	0.0000	0.0000	0.0000	0.0000	0.0000	0.0000	0.0000											
45	57	0.0730	3	0	1	0	1	0	0	0	0	N	N	N	N	N	N	N	N	N	N	N	N	0.0000	0.0000	0.0000	0.0000	0.0000	0.0000	0.0000	0.0000	0.0000	0.0000	0.0000	0.0000	0.0000	0.0000	0.0000	0.0000	0.0000	0.0000	0.0000	0.0000	1.0000	3.0000	0.0000	3.0006	0.0000	0.0000	0.0000	0.0000	0.0000	0.0000	0.0000	0.0000	0.0000	0.0000	0.0000	0.0000	0.0000	0.0000	0.0000	0.0000	0.0000	0.0000	0.0954	0.0809	0.0144	0.0133	0.0113	0.0020	0.0821	0.0696	0.0125	0.0506	0.0099	0.0407	0.0023	0.0016	0.0007	0.0483	0.0082	0.0400	0.0000	0.0000	0.0000	0.0000	0.0000	0.0000	0.0000	0.0000	0.0000	0.0000	0.0000	0.0000	0.0000	0.0000	0.0000	0.0000	0.0000	0.0000											
45	58	0.2185	5	0	1	0	1	0	0	0	0	N	N	N	N	N	N	N	N	N	N	N	N	0.0000	0.0000	0.0000	0.0000	0.0000	0.0000	0.0000	0.0000	0.0000	0.0000	0.0000	0.0000	0.0000	0.0000	0.0000	0.0000	0.0000	0.0000	0.0000	0.0000	1.0000	10.2575	0.0000	3.8960	0.0000	0.0000	0.0000	0.0000	0.0000	0.0000	0.0000	0.0000	0.0000	0.0000	0.0000	0.0000	0.0000	0.0000	0.0000	0.0000	0.0000	0.0000	0.3153	0.2747	0.0405	0.0710	0.0645	0.0065	0.2442	0.2103	0.0340	0.1102	0.0347	0.0755	0.0194	0.0173	0.0020	0.0908	0.0174	0.0735	0.0000	0.0000	0.0000	0.0000	0.0000	0.0000	0.0000	0.0000	0.0000	0.0000	0.0000	0.0000	0.0000	0.0000	0.0000	0.0000	0.0000	0.0000											
45	59	0.1925	4	1	2	1	1	0	0	0	0	N	Y	N	N	N	N	N	N	N	N	N	N	0.0000	0.0000	0.0000	0.0000	0.0000	0.0000	0.0000	0.0000	0.0000	0.0000	0.0000	0.0000	0.0000	0.0000	0.0000	0.0000	0.0000	0.0000	0.0000	0.0000	1.0000	0.0000	0.0000	0.0000	0.0000	0.0000	0.0000	0.0000	0.0000	0.0000	0.0000	0.0000	0.0000	0.0000	0.0000	0.0000	0.0000	0.0000	0.0000	0.0000	0.0000	0.0000	0.0000	0.0000	0.0000	0.0000	0.0000	0.0000	0.0000	0.0000	0.0000	0.0000	0.0000	0.0000	0.0000	0.0000	0.0000	0.0000	0.0000	0.0000	0.0000	0.0000	0.0000	0.0000	0.0000	0.0000	0.0000	0.0000	0.0000	0.0000	0.0000	0.0000	0.0000	0.0000	0.0000	0.0000	0.0000	0.0000											
45	60	0.0730	3	1	1	1	1	0	0	0	0	N	N	N	N	N	N	N	N	N	N	N	N	0.0000	0.0000	0.0000	0.0000	0.0000	0.0000	0.0000	0.0000	0.0000	0.0000	0.0000	0.0000	0.0000	0.0000	0.0000	0.0000	0.0000	0.0000	0.0000	0.0000	1.0000	7.0000	0.0000	3.9994	0.0000	0.0000	0.0000	0.0000	0.0000	0.0000	0.0000	0.0000	0.0000	0.0000	0.0000	0.0000	0.0000	0.0000	0.0000	0.0000	0.0000	0.0000	0.2009	0.1720	0.0289	0.0276	0.0237	0.0038	0.1733	0.1482	0.0251	0.0797	0.0163	0.0634	0.0039	0.0027	0.0011	0.0758	0.0136	0.0622	0.0000	0.0000	0.0000	0.0000	0.0000	0.0000	0.0000	0.0000	0.0000	0.0000	0.0000	0.0000	0.0000	0.0000	0.0000	0.0000	0.0000	0.0000											
45	61	0.1554	4	1	1	1	1	0	0	0	0	N	N	N	N	N	N	N	N	N	N	N	N	0.0000	0.0000	0.0000	0.0000	0.0000	0.0000	0.0000	0.0000	0.0000	0.0000	0.0000	0.0000	0.0000	0.0000	0.0000	0.0000	0.0000	0.0000	0.0000	0.0000	1.0000	2.0000	0.0000	0.0000	0.0000	0.0000	0.0000	0.0000	0.0000	0.0000	0.0000	0.0000	0.0000	0.0000	0.0000	0.0000	0.0000	0.0000	0.0000	0.0000	0.0000	0.0000	0.0577	0.0488	0.0089	0.0135	0.0119	0.0017	0.0442	0.0369	0.0072	0.0126	0.0051	0.0076	0.0078	0.0039	0.0039	0.0048	0.0012	0.0037	0.0000	0.0000	0.0000	0.0000	0.0000	0.0000	0.0000	0.0000	0.0000	0.0000	0.0000	0.0000	0.0000	0.0000	0.0000	0.0000	0.0000	0.0000											
45	62	0.0730	3	1	1	1	1	0	0	0	0	N	N	N	N	N	N	N	N	N	N	N	N	0.0000	0.0000	0.0000	0.0000	0.0000	0.0000	0.0000	0.0000	0.0000	0.0000	0.0000	0.0000	0.0000	0.0000	0.0000	0.0000	0.0000	0.0000	0.0000	0.0000	1.0000	4.0000	0.0000	3.9994	0.0000	0.0000	0.0000	0.0000	0.0000	0.0000	0.0000	0.0000	0.0000	0.0000	0.0000	0.0000	0.0000	0.0000	0.0000	0.0000	0.0000	0.0000	0.1239	0.1054	0.0185	0.0172	0.0147	0.0025	0.1067	0.0907	0.0160	0.0634	0.0126	0.0508	0.0030	0.0021	0.0009	0.0604	0.0105	0.0499	0.0000	0.0000	0.0000	0.0000	0.0000	0.0000	0.0000	0.0000	0.0000	0.0000	0.0000	0.0000	0.0000	0.0000	0.0000	0.0000	0.0000	0.0000											
45	63	0.0730	3	0	2	0	1	0	0	0	0	N	Y	N	N	N	N	N	N	N	N	N	N	0.0000	0.0000	0.0000	0.0000	0.0000	0.0000	0.0000	0.0000	0.0000	0.0000	0.0000	0.0000	0.0000	0.0000	0.0000	0.0000	0.0000	0.0000	0.0000	0.0000	1.0000	7.0000	0.0000	4.0000	0.0000	0.0000	0.0000	0.0000	0.0000	0.0000	0.0000	0.0000	0.0000	0.0000	0.0000	0.0000	0.0000	0.0000	0.0000	0.0000	0.0000	0.0000	0.2009	0.1720	0.0289	0.0276	0.0237	0.0038	0.1733	0.1482	0.0251	0.0797	0.0163	0.0634	0.0039	0.0027	0.0011	0.0758	0.0136	0.0622	0.0000	0.0000	0.0000	0.0000	0.0000	0.0000	0.0000	0.0000	0.0000	0.0000	0.0000	0.0000	0.0000	0.0000	0.0000	0.0000	0.0000	0.0000											
45	64	0.1796	6	0	1	1	1	0	0	0	0	N	N	N	N	N	N	N	N	N	N	N	N	0.0000	0.0000	0.0000	0.0000	0.0000	0.0000	0.0000	0.0000	0.0000	0.0000	0.0000	0.0000	0.0000	0.0000	0.0000	0.0000	0.0000	0.0000	0.0000	0.0000	1.0000	0.0000	0.0000	0.0000	0.0000	0.0000	0.0000	0.0000	0.0000	0.0000	0.0000	0.0000	0.0000	0.0000	0.0000	0.0000	0.0000	0.0000	0.0000	0.0000	0.0000	0.0000	0.0000	0.0000	0.0000	0.0000	0.0000	0.0000	0.0000	0.0000	0.0000	0.0000	0.0000	0.0000	0.0000	0.0000	0.0000	0.0000	0.0000	0.0000	0.0000	0.0000	0.0000	0.0000	0.0000	0.0000	0.0000	0.0000	0.0000	0.0000	0.0000	0.0000	0.0000	0.0000	0.0000	0.0000	0.0000	0.0000											
45	65	0.1553	5	0	1	1	1	0	0	0	0	N	N	N	N	N	N	N	N	N	N	N	N	0.0000	0.0000	0.0000	0.0000	0.0000	0.0000	0.0000	0.0000	0.0000	0.0000	0.0000	0.0000	0.0000	0.0000	0.0000	0.0000	0.0000	0.0000	0.0000	0.0000	1.0000	0.8734	0.0000	1.0002	0.0000	0.0000	0.0000	0.0000	0.0000	0.0000	0.0000	0.0000	0.0000	0.0000	0.0000	0.0000	0.0000	0.0000	0.0000	0.0000	0.0000	0.0000	0.0275	0.0232	0.0044	0.0045	0.0038	0.0006	0.0231	0.0193	0.0037	0.0181	0.0032	0.0149	0.0051	0.0014	0.0037	0.0130	0.0018	0.0112	0.0000	0.0000	0.0000	0.0000	0.0000	0.0000	0.0000	0.0000	0.0000	0.0000	0.0000	0.0000	0.0000	0.0000	0.0000	0.0000	0.0000	0.0000											
45	66	0.1408	4	0	1	0	1	0	0	0	0	N	N	N	N	N	N	N	N	N	N	N	N	0.0000	0.0000	0.0000	0.0000	0.0000	0.0000	0.0000	0.0000	0.0000	0.0000	0.0000	0.0000	0.0000	0.0000	0.0000	0.0000	0.0000	0.0000	0.0000	0.0000	1.0000	1.0063	0.0000	0.0727	0.0000	0.0000	0.0000	0.0000	0.0000	0.0000	0.0000	0.0000	0.0000	0.0000	0.0000	0.0000	0.0000	0.0000	0.0000	0.0000	0.0000	0.0000	0.0321	0.0270	0.0051	0.0054	0.0046	0.0007	0.0268	0.0224	0.0043	0.0133	0.0034	0.0099	0.0046	0.0022	0.0024	0.0088	0.0013	0.0075	0.0000	0.0000	0.0000	0.0000	0.0000	0.0000	0.0000	0.0000	0.0000	0.0000	0.0000	0.0000	0.0000	0.0000	0.0000	0.0000	0.0000	0.0000											
45	67	0.0730	3	0	1	0	1	0	0	0	0	N	N	N	N	N	N	N	N	N	N	N	N	0.0000	0.0000	0.0000	0.0000	0.0000	0.0000	0.0000	0.0000	0.0000	0.0000	0.0000	0.0000	0.0000	0.0000	0.0000	0.0000	0.0000	0.0000	0.0000	0.0000	1.0000	4.0009	0.0000	1.0789	0.0000	0.0000	0.0000	0.0000	0.0000	0.0000	0.0000	0.0000	0.0000	0.0000	0.0000	0.0000	0.0000	0.0000	0.0000	0.0000	0.0000	0.0000	0.1239	0.1054	0.0185	0.0172	0.0147	0.0025	0.1067	0.0907	0.0160	0.0441	0.0085	0.0355	0.0020	0.0014	0.0006	0.0421	0.0071	0.0350	0.0000	0.0000	0.0000	0.0000	0.0000	0.0000	0.0000	0.0000	0.0000	0.0000	0.0000	0.0000	0.0000	0.0000	0.0000	0.0000	0.0000	0.0000											
45	68	0.0730	3	0	2	0	1	0	0	0	0	N	Y	N	N	N	N	N	N	N	N	N	N	0.0000	0.0000	0.0000	0.0000	0.0000	0.0000	0.0000	0.0000	0.0000	0.0000	0.0000	0.0000	0.0000	0.0000	0.0000	0.0000	0.0000	0.0000	0.0000	0.0000	1.0000	5.0000	0.0000	3.9994	0.0000	0.0000	0.0000	0.0000	0.0000	0.0000	0.0000	0.0000	0.0000	0.0000	0.0000	0.0000	0.0000	0.0000	0.0000	0.0000	0.0000	0.0000	0.1509	0.1286	0.0223	0.0209	0.0179	0.0030	0.1300	0.1107	0.0193	0.0692	0.0139	0.0553	0.0033	0.0023	0.0010	0.0659	0.0116	0.0543	0.0000	0.0000	0.0000	0.0000	0.0000	0.0000	0.0000	0.0000	0.0000	0.0000	0.0000	0.0000	0.0000	0.0000	0.0000	0.0000	0.0000	0.0000											
45	69	0.0730	3	1	1	1	1	0	0	0	0	N	N	N	N	N	N	N	N	N	N	N	N	0.0000	0.0000	0.0000	0.0000	0.0000	0.0000	0.0000	0.0000	0.0000	0.0000	0.0000	0.0000	0.0000	0.0000	0.0000	0.0000	0.0000	0.0000	0.0000	0.0000	1.0000	7.0000	0.0000	2.9994	0.0000	0.0000	0.0000	0.0000	0.0000	0.0000	0.0000	0.0000	0.0000	0.0000	0.0000	0.0000	0.0000	0.0000	0.0000	0.0000	0.0000	0.0000	0.2009	0.1720	0.0289	0.0276	0.0237	0.0038	0.1733	0.1482	0.0251	0.0746	0.0151	0.0595	0.0036	0.0025	0.0010	0.0710	0.0126	0.0584	0.0000	0.0000	0.0000	0.0000	0.0000	0.0000	0.0000	0.0000	0.0000	0.0000	0.0000	0.0000	0.0000	0.0000	0.0000	0.0000	0.0000	0.0000											
45	70	0.0730	3	0	2	0	2	0	0	0	0	N	Y	N	Y	N	N	N	N	N	N	N	N	0.0000	0.0000	0.0000	0.0000	0.0000	0.0000	0.0000	0.0000	0.0000	0.0000	0.0000	0.0000	0.0000	0.0000	0.0000	0.0000	0.0000	0.0000	0.0000	0.0000	1.0000	4.0000	0.0000	5.0006	0.0000	0.0000	0.0000	0.0000	0.0000	0.0000	0.0000	0.0000	0.0000	0.0000	0.0000	0.0000	0.0000	0.0000	0.0000	0.0000	0.0000	0.0000	0.1239	0.1054	0.0185	0.0172	0.0147	0.0025	0.1067	0.0907	0.0160	0.0692	0.0139	0.0553	0.0033	0.0023	0.0010	0.0659	0.0116	0.0543	0.0000	0.0000	0.0000	0.0000	0.0000	0.0000	0.0000	0.0000	0.0000	0.0000	0.0000	0.0000	0.0000	0.0000	0.0000	0.0000	0.0000	0.0000											
45	71	0.0730	3	0	2	0	1	0	0	0	0	N	Y	N	N	N	N	N	N	N	N	N	N	0.0000	0.0000	0.0000	0.0000	0.0000	0.0000	0.0000	0.0000	0.0000	0.0000	0.0000	0.0000	0.0000	0.0000	0.0000	0.0000	0.0000	0.0000	0.0000	0.0000	1.0000	7.0000	0.0000	4.9994	0.0000	0.0000	0.0000	0.0000	0.0000	0.0000	0.0000	0.0000	0.0000	0.0000	0.0000	0.0000	0.0000	0.0000	0.0000	0.0000	0.0000	0.0000	0.2009	0.1720	0.0289	0.0276	0.0237	0.0038	0.1733	0.1482	0.0251	0.0844	0.0174	0.0670	0.0042	0.0029	0.0012	0.0803	0.0145	0.0658	0.0000	0.0000	0.0000	0.0000	0.0000	0.0000	0.0000	0.0000	0.0000	0.0000	0.0000	0.0000	0.0000	0.0000	0.0000	0.0000	0.0000	0.0000											
45	72	0.1295	4	0	2	0	1	0	0	0	0	N	Y	N	N	N	N	N	N	N	N	N	N	0.0000	0.0000	0.0000	0.0000	0.0000	0.0000	0.0000	0.0000	0.0000	0.0000	0.0000	0.0000	0.0000	0.0000	0.0000	0.0000	0.0000	0.0000	0.0000	0.0000	1.0000	4.7764	0.0000	1.3205	0.0000	0.0000	0.0000	0.0000	0.0000	0.0000	0.0000	0.0000	0.0000	0.0000	0.0000	0.0000	0.0000	0.0000	0.0000	0.0000	0.0000	0.0000	0.1464	0.1251	0.0213	0.0392	0.0344	0.0048	0.1072	0.0907	0.0165	0.0445	0.0185	0.0260	0.0151	0.0144	0.0007	0.0293	0.0040	0.0253	0.0000	0.0000	0.0000	0.0000	0.0000	0.0000	0.0000	0.0000	0.0000	0.0000	0.0000	0.0000	0.0000	0.0000	0.0000	0.0000	0.0000	0.0000											
45	73	0.0730	3	0	2	0	1	0	0	0	0	N	Y	N	N	N	N	N	N	N	N	N	N	0.0000	0.0000	0.0000	0.0000	0.0000	0.0000	0.0000	0.0000	0.0000	0.0000	0.0000	0.0000	0.0000	0.0000	0.0000	0.0000	0.0000	0.0000	0.0000	0.0000	1.0000	3.3049	0.0000	2.7470	0.0000	0.0000	0.0000	0.0000	0.0000	0.0000	0.0000	0.0000	0.0000	0.0000	0.0000	0.0000	0.0000	0.0000	0.0000	0.0000	0.0000	0.0000	0.1042	0.0885	0.0157	0.0145	0.0124	0.0021	0.0897	0.0761	0.0136	0.0509	0.0099	0.0410	0.0023	0.0017	0.0007	0.0486	0.0083	0.0403	0.0000	0.0000	0.0000	0.0000	0.0000	0.0000	0.0000	0.0000	0.0000	0.0000	0.0000	0.0000	0.0000	0.0000	0.0000	0.0000	0.0000	0.0000											
45	74	0.1317	4	0	2	0	1	0	0	0	0	N	Y	N	N	N	N	N	N	N	N	N	N	0.0000	0.0000	0.0000	0.0000	0.0000	0.0000	0.0000	0.0000	0.0000	0.0000	0.0000	0.0000	0.0000	0.0000	0.0000	0.0000	0.0000	0.0000	0.0000	0.0000	1.0000	0.0000	0.0000	0.0000	0.0000	0.0000	0.0000	0.0000	0.0000	0.0000	0.0000	0.0000	0.0000	0.0000	0.0000	0.0000	0.0000	0.0000	0.0000	0.0000	0.0000	0.0000	0.0000	0.0000	0.0000	0.0000	0.0000	0.0000	0.0000	0.0000	0.0000	0.0000	0.0000	0.0000	0.0000	0.0000	0.0000	0.0000	0.0000	0.0000	0.0000	0.0000	0.0000	0.0000	0.0000	0.0000	0.0000	0.0000	0.0000	0.0000	0.0000	0.0000	0.0000	0.0000	0.0000	0.0000	0.0000	0.0000											
45	75	0.0730	3	0	2	0	1	0	0	0	0	N	Y	N	N	N	N	N	N	N	N	N	N	inf	inf	inf	inf	0.0001	0.0001	0.0000	0.0000	0.0000	0.0000	0.0001	0.0001	0.0000	0.0000	0.0000	0.0000	0.0000	0.0000	0.0000	0.0000	0.0000	0.0000	0.0000	-0.0000	0.0000	1.0000	4.3567	0.0000	2.3689	0.0000	0.0000	0.0000	0.0000	0.0000	0.0000	0.0000	0.0000	0.0000	0.0000	0.0000	0.0000	0.0000	0.0000	0.0000	0.0000	0.0000	0.0000	0.1337	0.1138	0.0199	0.0185	0.0159	0.0027	0.1151	0.0979	0.0172	0.0554	0.0109	0.0445	0.0026	0.0018	0.0007	0.0529	0.0091	0.0438	inf	inf	0.0000	0.0000	0.0000	0.0000	inf	inf	0.0000	0.0000	0.0000	0.0000	0.0000	0.0000	0.0000	0.0000	0.0000	0.0000						
45	76	0.1403	6	1	2	0	2	0	0	0	0	N	Y	N	Y	N	N	N	N	N	N	N	N	0.0000	0.0000	0.0000	0.0000	0.0000	0.0000	0.0000	0.0000	0.0000	0.0000	0.0000	0.0000	0.0000	0.0000	0.0000	0.0000	0.0000	0.0000	0.0000	0.0000	1.0000	0.0000	0.0000	0.0000	0.0000	0.0000	0.0000	0.0000	0.0000	0.0000	0.0000	0.0000	0.0000	0.0000	0.0000	0.0000	0.0000	0.0000	0.0000	0.0000	0.0000	0.0000	0.0000	0.0000	0.0000	0.0000	0.0000	0.0000	0.0000	0.0000	0.0000	0.0000	0.0000	0.0000	0.0000	0.0000	0.0000	0.0000	0.0000	0.0000	0.0000	0.0000	0.0000	0.0000	0.0000	0.0000	0.0000	0.0000	0.0000	0.0000	0.0000	0.0000	0.0000	0.0000	0.0000	0.0000	0.0000	0.0000											
45	77	0.1320	5	1	2	0	2	0	0	0	0	N	Y	N	Y	N	N	N	N	N	N	N	N	0.0000	0.0000	0.0000	0.0000	0.0000	0.0000	0.0000	0.0000	0.0000	0.0000	0.0000	0.0000	0.0000	0.0000	0.0000	0.0000	0.0000	0.0000	0.0000	0.0000	1.0000	1.0073	0.0000	0.3366	0.0000	0.0000	0.0000	0.0000	0.0000	0.0000	0.0000	0.0000	0.0000	0.0000	0.0000	0.0000	0.0000	0.0000	0.0000	0.0000	0.0000	0.0000	0.0311	0.0264	0.0047	0.0035	0.0032	0.0003	0.0276	0.0232	0.0044	0.0083	0.0032	0.0051	0.0016	0.0014	0.0002	0.0067	0.0018	0.0049	0.0000	0.0000	0.0000	0.0000	0.0000	0.0000	0.0000	0.0000	0.0000	0.0000	0.0000	0.0000	0.0000	0.0000	0.0000	0.0000	0.0000	0.0000											
45	78	0.1578	5	0	2	0	2	0	0	0	0	N	Y	N	Y	N	N	N	N	N	N	N	N	0.0000	0.0000	0.0000	0.0000	0.0000	0.0000	0.0000	0.0000	0.0000	0.0000	0.0000	0.0000	0.0000	0.0000	0.0000	0.0000	0.0000	0.0000	0.0000	0.0000	1.0000	0.0000	0.0000	0.0000	0.0000	0.0000	0.0000	0.0000	0.0000	0.0000	0.0000	0.0000	0.0000	0.0000	0.0000	0.0000	0.0000	0.0000	0.0000	0.0000	0.0000	0.0000	0.0000	0.0000	0.0000	0.0000	0.0000	0.0000	0.0000	0.0000	0.0000	0.0000	0.0000	0.0000	0.0000	0.0000	0.0000	0.0000	0.0000	0.0000	0.0000	0.0000	0.0000	0.0000	0.0000	0.0000	0.0000	0.0000	0.0000	0.0000	0.0000	0.0000	0.0000	0.0000	0.0000	0.0000	0.0000	0.0000											
45	79	0.1495	4	0	2	0	2	0	0	0	0	N	Y	N	Y	N	N	N	N	N	N	N	N	0.0000	0.0000	0.0000	0.0000	0.0000	0.0000	0.0000	0.0000	0.0000	0.0000	0.0000	0.0000	0.0000	0.0000	0.0000	0.0000	0.0000	0.0000	0.0000	0.0000	1.0000	0.0000	0.0000	1.0000	0.0000	0.0000	0.0000	0.0000	0.0000	0.0000	0.0000	0.0000	0.0000	0.0000	0.0000	0.0000	0.0000	0.0000	0.0000	0.0000	0.0000	0.0000	0.0000	0.0000	0.0000	0.0000	0.0000	0.0000	0.0000	0.0000	0.0000	0.0082	0.0026	0.0056	0.0033	0.0013	0.0021	0.0048	0.0013	0.0035	0.0000	0.0000	0.0000	0.0000	0.0000	0.0000	0.0000	0.0000	0.0000	0.0000	0.0000	0.0000	0.0000	0.0000	0.0000	0.0000	0.0000	0.0000											
45	80	0.1320	5	0	2	0	1	0	0	0	0	N	Y	N	N	N	N	N	N	N	N	N	N	0.0000	0.0000	0.0000	0.0000	0.0000	0.0000	0.0000	0.0000	0.0000	0.0000	0.0000	0.0000	0.0000	0.0000	0.0000	0.0000	0.0000	0.0000	0.0000	0.0000	1.0000	3.9927	0.0000	1.0002	0.0000	0.0000	0.0000	0.0000	0.0000	0.0000	0.0000	0.0000	0.0000	0.0000	0.0000	0.0000	0.0000	0.0000	0.0000	0.0000	0.0000	0.0000	0.1140	0.0976	0.0165	0.0131	0.0120	0.0011	0.1010	0.0856	0.0154	0.0263	0.0099	0.0164	0.0045	0.0039	0.0007	0.0218	0.0061	0.0157	0.0000	0.0000	0.0000	0.0000	0.0000	0.0000	0.0000	0.0000	0.0000	0.0000	0.0000	0.0000	0.0000	0.0000	0.0000	0.0000	0.0000	0.0000											
45	81	0.1273	4	0	2	0	1	0	0	0	0	N	Y	N	N	N	N	N	N	N	N	N	N	0.0000	0.0000	0.0000	0.0000	0.0000	0.0000	0.0000	0.0000	0.0000	0.0000	0.0000	0.0000	0.0000	0.0000	0.0000	0.0000	0.0000	0.0000	0.0000	0.0000	1.0000	0.0110	0.0000	0.6549	0.0000	0.0000	0.0000	0.0000	0.0000	0.0000	0.0000	0.0000	0.0000	0.0000	0.0000	0.0000	0.0000	0.0000	0.0000	0.0000	0.0000	0.0000	0.0003	0.0003	0.0001	0.0000	0.0000	0.0000	0.0003	0.0003	0.0000	0.0038	0.0014	0.0024	0.0006	0.0005	0.0001	0.0032	0.0009	0.0023	0.0000	0.0000	0.0000	0.0000	0.0000	0.0000	0.0000	0.0000	0.0000	0.0000	0.0000	0.0000	0.0000	0.0000	0.0000	0.0000	0.0000	0.0000											
45	82	0.1495	4	0	1	1	2	0	0	0	0	N	N	N	Y	N	N	N	N	N	N	N	N	0.0000	0.0000	0.0000	0.0000	0.0000	0.0000	0.0000	0.0000	0.0000	0.0000	0.0000	0.0000	0.0000	0.0000	0.0000	0.0000	0.0000	0.0000	0.0000	0.0000	1.0000	1.0000	0.0000	0.0000	0.0000	0.0000	0.0000	0.0000	0.0000	0.0000	0.0000	0.0000	0.0000	0.0000	0.0000	0.0000	0.0000	0.0000	0.0000	0.0000	0.0000	0.0000	0.0308	0.0261	0.0047	0.0019	0.0018	0.0002	0.0288	0.0243	0.0045	0.0082	0.0026	0.0056	0.0033	0.0013	0.0021	0.0048	0.0013	0.0035	0.0000	0.0000	0.0000	0.0000	0.0000	0.0000	0.0000	0.0000	0.0000	0.0000	0.0000	0.0000	0.0000	0.0000	0.0000	0.0000	0.0000	0.0000											
45	83	0.1495	4	0	1	1	2	0	0	0	0	N	N	N	Y	N	N	N	N	N	N	N	N	0.0000	0.0000	0.0000	0.0000	0.0000	0.0000	0.0000	0.0000	0.0000	0.0000	0.0000	0.0000	0.0000	0.0000	0.0000	0.0000	0.0000	0.0000	0.0000	0.0000	1.0000	0.0000	0.0000	0.0000	0.0000	0.0000	0.0000	0.0000	0.0000	0.0000	0.0000	0.0000	0.0000	0.0000	0.0000	0.0000	0.0000	0.0000	0.0000	0.0000	0.0000	0.0000	0.0000	0.0000	0.0000	0.0000	0.0000	0.0000	0.0000	0.0000	0.0000	0.0000	0.0000	0.0000	0.0000	0.0000	0.0000	0.0000	0.0000	0.0000	0.0000	0.0000	0.0000	0.0000	0.0000	0.0000	0.0000	0.0000	0.0000	0.0000	0.0000	0.0000	0.0000	0.0000	0.0000	0.0000	0.0000	0.0000											
45	84	0.0730	3	0	1	0	2	0	0	0	0	N	N	N	Y	N	N	N	N	N	N	N	N	0.0000	0.0000	0.0000	0.0000	0.0000	0.0000	0.0000	0.0000	0.0000	0.0000	0.0000	0.0000	0.0000	0.0000	0.0000	0.0000	0.0000	0.0000	0.0000	0.0000	1.0000	3.0000	0.0000	5.9994	0.0000	0.0000	0.0000	0.0000	0.0000	0.0000	0.0000	0.0000	0.0000	0.0000	0.0000	0.0000	0.0000	0.0000	0.0000	0.0000	0.0000	0.0000	0.0954	0.0809	0.0144	0.0133	0.0113	0.0020	0.0821	0.0696	0.0125	0.0692	0.0139	0.0553	0.0033	0.0023	0.0010	0.0659	0.0116	0.0543	0.0000	0.0000	0.0000	0.0000	0.0000	0.0000	0.0000	0.0000	0.0000	0.0000	0.0000	0.0000	0.0000	0.0000	0.0000	0.0000	0.0000	0.0000											
45	85	0.2105	4	1	2	0	1	0	0	0	0	N	Y	N	N	N	N	N	N	N	N	N	N	0.0000	0.0000	0.0000	0.0000	0.0000	0.0000	0.0000	0.0000	0.0000	0.0000	0.0000	0.0000	0.0000	0.0000	0.0000	0.0000	0.0000	0.0000	0.0000	0.0000	1.0000	0.0000	0.0000	0.0000	0.0000	0.0000	0.0000	0.0000	0.0000	0.0000	0.0000	0.0000	0.0000	0.0000	0.0000	0.0000	0.0000	0.0000	0.0000	0.0000	0.0000	0.0000	0.0000	0.0000	0.0000	0.0000	0.0000	0.0000	0.0000	0.0000	0.0000	0.0000	0.0000	0.0000	0.0000	0.0000	0.0000	0.0000	0.0000	0.0000	0.0000	0.0000	0.0000	0.0000	0.0000	0.0000	0.0000	0.0000	0.0000	0.0000	0.0000	0.0000	0.0000	0.0000	0.0000	0.0000	0.0000	0.0000											
45	86	0.0730	3	1	2	0	1	0	0	0	0	N	Y	N	N	N	N	N	N	N	N	N	N	0.0000	0.0000	0.0000	0.0000	0.0000	0.0000	0.0000	0.0000	0.0000	0.0000	0.0000	0.0000	0.0000	0.0000	0.0000	0.0000	0.0000	0.0000	0.0000	0.0000	1.0000	5.0000	0.0000	7.0006	0.0000	0.0000	0.0000	0.0000	0.0000	0.0000	0.0000	0.0000	0.0000	0.0000	0.0000	0.0000	0.0000	0.0000	0.0000	0.0000	0.0000	0.0000	0.1509	0.1286	0.0223	0.0209	0.0179	0.0030	0.1300	0.1107	0.0193	0.0844	0.0174	0.0670	0.0042	0.0029	0.0012	0.0803	0.0145	0.0658	0.0000	0.0000	0.0000	0.0000	0.0000	0.0000	0.0000	0.0000	0.0000	0.0000	0.0000	0.0000	0.0000	0.0000	0.0000	0.0000	0.0000	0.0000											
45	87	0.0730	3	0	2	0	1	0	0	0	0	N	Y	N	N	N	N	N	N	N	N	N	N	0.0000	0.0000	0.0000	0.0000	0.0000	0.0000	0.0000	0.0000	0.0000	0.0000	0.0000	0.0000	0.0000	0.0000	0.0000	0.0000	0.0000	0.0000	0.0000	0.0000	1.0000	1.0000	0.0000	3.0006	0.0000	0.0000	0.0000	0.0000	0.0000	0.0000	0.0000	0.0000	0.0000	0.0000	0.0000	0.0000	0.0000	0.0000	0.0000	0.0000	0.0000	0.0000	0.0336	0.0284	0.0052	0.0047	0.0040	0.0007	0.0289	0.0243	0.0045	0.0359	0.0069	0.0290	0.0016	0.0011	0.0005	0.0343	0.0057	0.0286	0.0000	0.0000	0.0000	0.0000	0.0000	0.0000	0.0000	0.0000	0.0000	0.0000	0.0000	0.0000	0.0000	0.0000	0.0000	0.0000	0.0000	0.0000											
45	88	0.1273	4	1	2	0	1	0	0	0	0	N	Y	N	N	N	N	N	N	N	N	N	N	0.0000	0.0000	0.0000	0.0000	0.0000	0.0000	0.0000	0.0000	0.0000	0.0000	0.0000	0.0000	0.0000	0.0000	0.0000	0.0000	0.0000	0.0000	0.0000	0.0000	1.0000	0.0000	0.0000	0.0000	0.0000	0.0000	0.0000	0.0000	0.0000	0.0000	0.0000	0.0000	0.0000	0.0000	0.0000	0.0000	0.0000	0.0000	0.0000	0.0000	0.0000	0.0000	0.0000	0.0000	0.0000	0.0000	0.0000	0.0000	0.0000	0.0000	0.0000	0.0000	0.0000	0.0000	0.0000	0.0000	0.0000	0.0000	0.0000	0.0000	0.0000	0.0000	0.0000	0.0000	0.0000	0.0000	0.0000	0.0000	0.0000	0.0000	0.0000	0.0000	0.0000	0.0000	0.0000	0.0000	0.0000	0.0000											
45	89	0.0730	3	0	2	0	1	0	0	0	0	N	Y	N	N	N	N	N	N	N	N	N	N	0.0000	0.0000	0.0000	0.0000	0.0000	0.0000	0.0000	0.0000	0.0000	0.0000	0.0000	0.0000	0.0000	0.0000	0.0000	0.0000	0.0000	0.0000	0.0000	0.0000	1.0000	4.0000	0.0000	4.0001	0.0000	0.0000	0.0000	0.0000	0.0000	0.0000	0.0000	0.0000	0.0000	0.0000	0.0000	0.0000	0.0000	0.0000	0.0000	0.0000	0.0000	0.0000	0.1239	0.1054	0.0185	0.0172	0.0147	0.0025	0.1067	0.0907	0.0160	0.0634	0.0126	0.0508	0.0030	0.0021	0.0009	0.0604	0.0105	0.0499	0.0000	0.0000	0.0000	0.0000	0.0000	0.0000	0.0000	0.0000	0.0000	0.0000	0.0000	0.0000	0.0000	0.0000	0.0000	0.0000	0.0000	0.0000											
45	91	0.2185	5	0	1	0	1	0	0	0	0	N	N	N	N	N	N	N	N	N	N	N	N	0.0000	0.0000	0.0000	0.0000	0.0000	0.0000	0.0000	0.0000	0.0000	0.0000	0.0000	0.0000	0.0000	0.0000	0.0000	0.0000	0.0000	0.0000	0.0000	0.0000	1.0000	11.5137	0.0000	4.9035	0.0000	0.0000	0.0000	0.0000	0.0000	0.0000	0.0000	0.0000	0.0000	0.0000	0.0000	0.0000	0.0000	0.0000	0.0000	0.0000	0.0000	0.0000	0.3384	0.2952	0.0432	0.0739	0.0670	0.0069	0.2645	0.2282	0.0363	0.1163	0.0360	0.0803	0.0193	0.0171	0.0022	0.0970	0.0189	0.0781	0.0000	0.0000	0.0000	0.0000	0.0000	0.0000	0.0000	0.0000	0.0000	0.0000	0.0000	0.0000	0.0000	0.0000	0.0000	0.0000	0.0000	0.0000											
46	49	0.0652	3	0	1	1	1	0	0	0	0	N	N	N	N	N	N	N	N	N	N	N	N	0.0000	0.0000	0.0000	0.0000	0.0000	0.0000	0.0000	0.0000	0.0000	0.0000	0.0000	0.0000	0.0000	0.0000	0.0000	0.0000	0.0000	0.0000	0.0000	0.0000	0.0000	6.0000	0.0000	4.0006	0.0000	0.0000	0.0000	0.0000	0.0000	0.0000	0.0000	0.0000	0.0000	0.0000	0.0000	0.0000	0.0000	0.0000	0.0000	0.0000	0.0000	0.0000	0.0000	0.0000	0.0000	0.0000	0.0000	0.0000	0.0000	0.0000	0.0000	0.0000	0.0000	0.0000	0.0000	0.0000	0.0000	0.0000	0.0000	0.0000	0.0000	0.0000	0.0000	0.0000	0.0000	0.0000	0.0000	0.0000	0.0000	0.0000	0.0000	0.0000	0.0000	0.0000	0.0000	0.0000	0.0000	0.0000											
46	50	0.0652	3	1	0	1	1	0	0	0	0	N	N	N	N	N	N	N	N	N	N	N	N	0.0000	0.0000	0.0000	0.0000	0.0000	0.0000	0.0000	0.0000	0.0000	0.0000	0.0000	0.0000	0.0000	0.0000	0.0000	0.0000	0.0000	0.0000	0.0000	0.0000	0.0000	6.0000	0.0000	3.0006	0.0000	0.0000	0.0000	0.0000	0.0000	0.0000	0.0000	0.0000	0.0000	0.0000	0.0000	0.0000	0.0000	0.0000	0.0000	0.0000	0.0000	0.0000	0.0000	0.0000	0.0000	0.0000	0.0000	0.0000	0.0000	0.0000	0.0000	0.0000	0.0000	0.0000	0.0000	0.0000	0.0000	0.0000	0.0000	0.0000	0.0000	0.0000	0.0000	0.0000	0.0000	0.0000	0.0000	0.0000	0.0000	0.0000	0.0000	0.0000	0.0000	0.0000	0.0000	0.0000	0.0000	0.0000											
46	51	0.1029	4	1	1	0	1	0	0	0	0	N	N	N	N	N	N	N	N	N	N	N	N	0.0000	0.0000	0.0000	0.0000	0.0000	0.0000	0.0000	0.0000	0.0000	0.0000	0.0000	0.0000	0.0000	0.0000	0.0000	0.0000	0.0000	0.0000	0.0000	0.0000	0.0000	1.0314	0.0000	3.0033	0.0000	0.0000	0.0000	0.0000	0.0000	0.0000	0.0000	0.0000	0.0000	0.0000	0.0000	0.0000	0.0000	0.0000	0.0000	0.0000	0.0000	0.0000	0.0000	0.0000	0.0000	0.0000	0.0000	0.0000	0.0000	0.0000	0.0000	0.0000	0.0000	0.0000	0.0000	0.0000	0.0000	0.0000	0.0000	0.0000	0.0000	0.0000	0.0000	0.0000	0.0000	0.0000	0.0000	0.0000	0.0000	0.0000	0.0000	0.0000	0.0000	0.0000	0.0000	0.0000	0.0000	0.0000											
46	52	0.0652	3	1	1	0	1	0	0	0	0	N	N	N	N	N	N	N	N	N	N	N	N	0.0000	0.0000	0.0000	0.0000	0.0000	0.0000	0.0000	0.0000	0.0000	0.0000	0.0000	0.0000	0.0000	0.0000	0.0000	0.0000	0.0000	0.0000	0.0000	0.0000	0.0000	4.9791	0.0000	0.0710	0.0000	0.0000	0.0000	0.0000	0.0000	0.0000	0.0000	0.0000	0.0000	0.0000	0.0000	0.0000	0.0000	0.0000	0.0000	0.0000	0.0000	0.0000	0.0000	0.0000	0.0000	0.0000	0.0000	0.0000	0.0000	0.0000	0.0000	0.0000	0.0000	0.0000	0.0000	0.0000	0.0000	0.0000	0.0000	0.0000	0.0000	0.0000	0.0000	0.0000	0.0000	0.0000	0.0000	0.0000	0.0000	0.0000	0.0000	0.0000	0.0000	0.0000	0.0000	0.0000	0.0000	0.0000											
46	53	0.0652	3	0	1	0	1	0	0	0	0	N	N	N	N	N	N	N	N	N	N	N	N	0.0000	0.0000	0.0000	0.0000	0.0000	0.0000	0.0000	0.0000	0.0000	0.0000	0.0000	0.0000	0.0000	0.0000	0.0000	0.0000	0.0000	0.0000	0.0000	0.0000	0.0000	6.0000	0.0000	4.0006	0.0000	0.0000	0.0000	0.0000	0.0000	0.0000	0.0000	0.0000	0.0000	0.0000	0.0000	0.0000	0.0000	0.0000	0.0000	0.0000	0.0000	0.0000	0.0000	0.0000	0.0000	0.0000	0.0000	0.0000	0.0000	0.0000	0.0000	0.0000	0.0000	0.0000	0.0000	0.0000	0.0000	0.0000	0.0000	0.0000	0.0000	0.0000	0.0000	0.0000	0.0000	0.0000	0.0000	0.0000	0.0000	0.0000	0.0000	0.0000	0.0000	0.0000	0.0000	0.0000	0.0000	0.0000											
46	54	0.1182	5	0	0	1	1	0	0	0	0	N	N	N	N	N	N	N	N	N	N	N	N	0.0000	0.0000	0.0000	0.0000	0.0000	0.0000	0.0000	0.0000	0.0000	0.0000	0.0000	0.0000	0.0000	0.0000	0.0000	0.0000	0.0000	0.0000	0.0000	0.0000	0.0000	0.0147	0.0000	0.9910	0.0000	0.0000	0.0000	0.0000	0.0000	0.0000	0.0000	0.0000	0.0000	0.0000	0.0000	0.0000	0.0000	0.0000	0.0000	0.0000	0.0000	0.0000	0.0000	0.0000	0.0000	0.0000	0.0000	0.0000	0.0000	0.0000	0.0000	0.0000	0.0000	0.0000	0.0000	0.0000	0.0000	0.0000	0.0000	0.0000	0.0000	0.0000	0.0000	0.0000	0.0000	0.0000	0.0000	0.0000	0.0000	0.0000	0.0000	0.0000	0.0000	0.0000	0.0000	0.0000	0.0000	0.0000											
46	55	0.1072	4	0	0	0	1	0	0	0	0	N	N	N	N	N	N	N	N	N	N	N	N	0.0000	0.0000	0.0000	0.0000	0.0000	0.0000	0.0000	0.0000	0.0000	0.0000	0.0000	0.0000	0.0000	0.0000	0.0000	0.0000	0.0000	0.0000	0.0000	0.0000	0.0000	0.9556	0.0000	1.0192	0.0000	0.0000	0.0000	0.0000	0.0000	0.0000	0.0000	0.0000	0.0000	0.0000	0.0000	0.0000	0.0000	0.0000	0.0000	0.0000	0.0000	0.0000	0.0000	0.0000	0.0000	0.0000	0.0000	0.0000	0.0000	0.0000	0.0000	0.0000	0.0000	0.0000	0.0000	0.0000	0.0000	0.0000	0.0000	0.0000	0.0000	0.0000	0.0000	0.0000	0.0000	0.0000	0.0000	0.0000	0.0000	0.0000	0.0000	0.0000	0.0000	0.0000	0.0000	0.0000	0.0000	0.0000											
46	56	0.0652	3	0	0	0	1	0	0	0	0	N	N	N	N	N	N	N	N	N	N	N	N	0.0000	0.0000	0.0000	0.0000	0.0000	0.0000	0.0000	0.0000	0.0000	0.0000	0.0000	0.0000	0.0000	0.0000	0.0000	0.0000	0.0000	0.0000	0.0000	0.0000	0.0000	3.0309	0.0000	3.0097	0.0000	0.0000	0.0000	0.0000	0.0000	0.0000	0.0000	0.0000	0.0000	0.0000	0.0000	0.0000	0.0000	0.0000	0.0000	0.0000	0.0000	0.0000	0.0000	0.0000	0.0000	0.0000	0.0000	0.0000	0.0000	0.0000	0.0000	0.0000	0.0000	0.0000	0.0000	0.0000	0.0000	0.0000	0.0000	0.0000	0.0000	0.0000	0.0000	0.0000	0.0000	0.0000	0.0000	0.0000	0.0000	0.0000	0.0000	0.0000	0.0000	0.0000	0.0000	0.0000	0.0000	0.0000											
46	57	0.0652	3	0	0	0	1	0	0	0	0	N	N	N	N	N	N	N	N	N	N	N	N	0.0000	0.0000	0.0000	0.0000	0.0000	0.0000	0.0000	0.0000	0.0000	0.0000	0.0000	0.0000	0.0000	0.0000	0.0000	0.0000	0.0000	0.0000	0.0000	0.0000	0.0000	3.0000	0.0000	3.0006	0.0000	0.0000	0.0000	0.0000	0.0000	0.0000	0.0000	0.0000	0.0000	0.0000	0.0000	0.0000	0.0000	0.0000	0.0000	0.0000	0.0000	0.0000	0.0000	0.0000	0.0000	0.0000	0.0000	0.0000	0.0000	0.0000	0.0000	0.0000	0.0000	0.0000	0.0000	0.0000	0.0000	0.0000	0.0000	0.0000	0.0000	0.0000	0.0000	0.0000	0.0000	0.0000	0.0000	0.0000	0.0000	0.0000	0.0000	0.0000	0.0000	0.0000	0.0000	0.0000	0.0000	0.0000											
46	58	0.2107	5	0	0	0	1	0	0	0	0	N	N	N	N	N	N	N	N	N	N	N	N	0.0000	0.0000	0.0000	0.0000	0.0000	0.0000	0.0000	0.0000	0.0000	0.0000	0.0000	0.0000	0.0000	0.0000	0.0000	0.0000	0.0000	0.0000	0.0000	0.0000	0.0000	10.2575	0.0000	3.8960	0.0000	0.0000	0.0000	0.0000	0.0000	0.0000	0.0000	0.0000	0.0000	0.0000	0.0000	0.0000	0.0000	0.0000	0.0000	0.0000	0.0000	0.0000	0.0000	0.0000	0.0000	0.0000	0.0000	0.0000	0.0000	0.0000	0.0000	0.0000	0.0000	0.0000	0.0000	0.0000	0.0000	0.0000	0.0000	0.0000	0.0000	0.0000	0.0000	0.0000	0.0000	0.0000	0.0000	0.0000	0.0000	0.0000	0.0000	0.0000	0.0000	0.0000	0.0000	0.0000	0.0000	0.0000											
46	59	0.1847	4	1	1	1	1	0	0	0	0	N	N	N	N	N	N	N	N	N	N	N	N	0.0000	0.0000	0.0000	0.0000	0.0000	0.0000	0.0000	0.0000	0.0000	0.0000	0.0000	0.0000	0.0000	0.0000	0.0000	0.0000	0.0000	0.0000	0.0000	0.0000	0.0000	0.0000	0.0000	0.0000	0.0000	0.0000	0.0000	0.0000	0.0000	0.0000	0.0000	0.0000	0.0000	0.0000	0.0000	0.0000	0.0000	0.0000	0.0000	0.0000	0.0000	0.0000	0.0000	0.0000	0.0000	0.0000	0.0000	0.0000	0.0000	0.0000	0.0000	0.0000	0.0000	0.0000	0.0000	0.0000	0.0000	0.0000	0.0000	0.0000	0.0000	0.0000	0.0000	0.0000	0.0000	0.0000	0.0000	0.0000	0.0000	0.0000	0.0000	0.0000	0.0000	0.0000	0.0000	0.0000	0.0000	0.0000											
46	60	0.0652	3	1	0	1	1	0	0	0	0	N	N	N	N	N	N	N	N	N	N	N	N	0.0000	0.0000	0.0000	0.0000	0.0000	0.0000	0.0000	0.0000	0.0000	0.0000	0.0000	0.0000	0.0000	0.0000	0.0000	0.0000	0.0000	0.0000	0.0000	0.0000	0.0000	7.0000	0.0000	3.9994	0.0000	0.0000	0.0000	0.0000	0.0000	0.0000	0.0000	0.0000	0.0000	0.0000	0.0000	0.0000	0.0000	0.0000	0.0000	0.0000	0.0000	0.0000	0.0000	0.0000	0.0000	0.0000	0.0000	0.0000	0.0000	0.0000	0.0000	0.0000	0.0000	0.0000	0.0000	0.0000	0.0000	0.0000	0.0000	0.0000	0.0000	0.0000	0.0000	0.0000	0.0000	0.0000	0.0000	0.0000	0.0000	0.0000	0.0000	0.0000	0.0000	0.0000	0.0000	0.0000	0.0000	0.0000											
46	61	0.1476	4	1	0	1	1	0	0	0	0	N	N	N	N	N	N	N	N	N	N	N	N	0.0000	0.0000	0.0000	0.0000	0.0000	0.0000	0.0000	0.0000	0.0000	0.0000	0.0000	0.0000	0.0000	0.0000	0.0000	0.0000	0.0000	0.0000	0.0000	0.0000	0.0000	2.0000	0.0000	0.0000	0.0000	0.0000	0.0000	0.0000	0.0000	0.0000	0.0000	0.0000	0.0000	0.0000	0.0000	0.0000	0.0000	0.0000	0.0000	0.0000	0.0000	0.0000	0.0000	0.0000	0.0000	0.0000	0.0000	0.0000	0.0000	0.0000	0.0000	0.0000	0.0000	0.0000	0.0000	0.0000	0.0000	0.0000	0.0000	0.0000	0.0000	0.0000	0.0000	0.0000	0.0000	0.0000	0.0000	0.0000	0.0000	0.0000	0.0000	0.0000	0.0000	0.0000	0.0000	0.0000	0.0000	0.0000											
46	62	0.0652	3	1	0	1	1	0	0	0	0	N	N	N	N	N	N	N	N	N	N	N	N	0.0000	0.0000	0.0000	0.0000	0.0000	0.0000	0.0000	0.0000	0.0000	0.0000	0.0000	0.0000	0.0000	0.0000	0.0000	0.0000	0.0000	0.0000	0.0000	0.0000	0.0000	4.0000	0.0000	3.9994	0.0000	0.0000	0.0000	0.0000	0.0000	0.0000	0.0000	0.0000	0.0000	0.0000	0.0000	0.0000	0.0000	0.0000	0.0000	0.0000	0.0000	0.0000	0.0000	0.0000	0.0000	0.0000	0.0000	0.0000	0.0000	0.0000	0.0000	0.0000	0.0000	0.0000	0.0000	0.0000	0.0000	0.0000	0.0000	0.0000	0.0000	0.0000	0.0000	0.0000	0.0000	0.0000	0.0000	0.0000	0.0000	0.0000	0.0000	0.0000	0.0000	0.0000	0.0000	0.0000	0.0000	0.0000											
46	63	0.0652	3	0	1	0	1	0	0	0	0	N	N	N	N	N	N	N	N	N	N	N	N	0.0000	0.0000	0.0000	0.0000	0.0000	0.0000	0.0000	0.0000	0.0000	0.0000	0.0000	0.0000	0.0000	0.0000	0.0000	0.0000	0.0000	0.0000	0.0000	0.0000	0.0000	7.0000	0.0000	4.0000	0.0000	0.0000	0.0000	0.0000	0.0000	0.0000	0.0000	0.0000	0.0000	0.0000	0.0000	0.0000	0.0000	0.0000	0.0000	0.0000	0.0000	0.0000	0.0000	0.0000	0.0000	0.0000	0.0000	0.0000	0.0000	0.0000	0.0000	0.0000	0.0000	0.0000	0.0000	0.0000	0.0000	0.0000	0.0000	0.0000	0.0000	0.0000	0.0000	0.0000	0.0000	0.0000	0.0000	0.0000	0.0000	0.0000	0.0000	0.0000	0.0000	0.0000	0.0000	0.0000	0.0000	0.0000											
46	64	0.1718	6	0	0	1	1	0	0	0	0	N	N	N	N	N	N	N	N	N	N	N	N	0.0000	0.0000	0.0000	0.0000	0.0000	0.0000	0.0000	0.0000	0.0000	0.0000	0.0000	0.0000	0.0000	0.0000	0.0000	0.0000	0.0000	0.0000	0.0000	0.0000	0.0000	0.0000	0.0000	0.0000	0.0000	0.0000	0.0000	0.0000	0.0000	0.0000	0.0000	0.0000	0.0000	0.0000	0.0000	0.0000	0.0000	0.0000	0.0000	0.0000	0.0000	0.0000	0.0000	0.0000	0.0000	0.0000	0.0000	0.0000	0.0000	0.0000	0.0000	0.0000	0.0000	0.0000	0.0000	0.0000	0.0000	0.0000	0.0000	0.0000	0.0000	0.0000	0.0000	0.0000	0.0000	0.0000	0.0000	0.0000	0.0000	0.0000	0.0000	0.0000	0.0000	0.0000	0.0000	0.0000	0.0000	0.0000											
46	65	0.1475	5	0	0	1	1	0	0	0	0	N	N	N	N	N	N	N	N	N	N	N	N	0.0000	0.0000	0.0000	0.0000	0.0000	0.0000	0.0000	0.0000	0.0000	0.0000	0.0000	0.0000	0.0000	0.0000	0.0000	0.0000	0.0000	0.0000	0.0000	0.0000	0.0000	0.8734	0.0000	1.0002	0.0000	0.0000	0.0000	0.0000	0.0000	0.0000	0.0000	0.0000	0.0000	0.0000	0.0000	0.0000	0.0000	0.0000	0.0000	0.0000	0.0000	0.0000	0.0000	0.0000	0.0000	0.0000	0.0000	0.0000	0.0000	0.0000	0.0000	0.0000	0.0000	0.0000	0.0000	0.0000	0.0000	0.0000	0.0000	0.0000	0.0000	0.0000	0.0000	0.0000	0.0000	0.0000	0.0000	0.0000	0.0000	0.0000	0.0000	0.0000	0.0000	0.0000	0.0000	0.0000	0.0000	0.0000											
46	66	0.1330	4	0	0	0	1	0	0	0	0	N	N	N	N	N	N	N	N	N	N	N	N	0.0000	0.0000	0.0000	0.0000	0.0000	0.0000	0.0000	0.0000	0.0000	0.0000	0.0000	0.0000	0.0000	0.0000	0.0000	0.0000	0.0000	0.0000	0.0000	0.0000	0.0000	1.0063	0.0000	0.0727	0.0000	0.0000	0.0000	0.0000	0.0000	0.0000	0.0000	0.0000	0.0000	0.0000	0.0000	0.0000	0.0000	0.0000	0.0000	0.0000	0.0000	0.0000	0.0000	0.0000	0.0000	0.0000	0.0000	0.0000	0.0000	0.0000	0.0000	0.0000	0.0000	0.0000	0.0000	0.0000	0.0000	0.0000	0.0000	0.0000	0.0000	0.0000	0.0000	0.0000	0.0000	0.0000	0.0000	0.0000	0.0000	0.0000	0.0000	0.0000	0.0000	0.0000	0.0000	0.0000	0.0000	0.0000											
46	67	0.0652	3	0	0	0	1	0	0	0	0	N	N	N	N	N	N	N	N	N	N	N	N	0.0000	0.0000	0.0000	0.0000	0.0000	0.0000	0.0000	0.0000	0.0000	0.0000	0.0000	0.0000	0.0000	0.0000	0.0000	0.0000	0.0000	0.0000	0.0000	0.0000	0.0000	4.0009	0.0000	1.0789	0.0000	0.0000	0.0000	0.0000	0.0000	0.0000	0.0000	0.0000	0.0000	0.0000	0.0000	0.0000	0.0000	0.0000	0.0000	0.0000	0.0000	0.0000	0.0000	0.0000	0.0000	0.0000	0.0000	0.0000	0.0000	0.0000	0.0000	0.0000	0.0000	0.0000	0.0000	0.0000	0.0000	0.0000	0.0000	0.0000	0.0000	0.0000	0.0000	0.0000	0.0000	0.0000	0.0000	0.0000	0.0000	0.0000	0.0000	0.0000	0.0000	0.0000	0.0000	0.0000	0.0000	0.0000											
46	68	0.0652	3	0	1	0	1	0	0	0	0	N	N	N	N	N	N	N	N	N	N	N	N	0.0000	0.0000	0.0000	0.0000	0.0000	0.0000	0.0000	0.0000	0.0000	0.0000	0.0000	0.0000	0.0000	0.0000	0.0000	0.0000	0.0000	0.0000	0.0000	0.0000	0.0000	5.0000	0.0000	3.9994	0.0000	0.0000	0.0000	0.0000	0.0000	0.0000	0.0000	0.0000	0.0000	0.0000	0.0000	0.0000	0.0000	0.0000	0.0000	0.0000	0.0000	0.0000	0.0000	0.0000	0.0000	0.0000	0.0000	0.0000	0.0000	0.0000	0.0000	0.0000	0.0000	0.0000	0.0000	0.0000	0.0000	0.0000	0.0000	0.0000	0.0000	0.0000	0.0000	0.0000	0.0000	0.0000	0.0000	0.0000	0.0000	0.0000	0.0000	0.0000	0.0000	0.0000	0.0000	0.0000	0.0000	0.0000											
46	69	0.0652	3	1	0	1	1	0	0	0	0	N	N	N	N	N	N	N	N	N	N	N	N	0.0000	0.0000	0.0000	0.0000	0.0000	0.0000	0.0000	0.0000	0.0000	0.0000	0.0000	0.0000	0.0000	0.0000	0.0000	0.0000	0.0000	0.0000	0.0000	0.0000	0.0000	7.0000	0.0000	2.9994	0.0000	0.0000	0.0000	0.0000	0.0000	0.0000	0.0000	0.0000	0.0000	0.0000	0.0000	0.0000	0.0000	0.0000	0.0000	0.0000	0.0000	0.0000	0.0000	0.0000	0.0000	0.0000	0.0000	0.0000	0.0000	0.0000	0.0000	0.0000	0.0000	0.0000	0.0000	0.0000	0.0000	0.0000	0.0000	0.0000	0.0000	0.0000	0.0000	0.0000	0.0000	0.0000	0.0000	0.0000	0.0000	0.0000	0.0000	0.0000	0.0000	0.0000	0.0000	0.0000	0.0000	0.0000											
46	70	0.0652	3	0	1	0	2	0	0	0	0	N	N	N	Y	N	N	N	N	N	N	N	N	0.0000	0.0000	0.0000	0.0000	0.0000	0.0000	0.0000	0.0000	0.0000	0.0000	0.0000	0.0000	0.0000	0.0000	0.0000	0.0000	0.0000	0.0000	0.0000	0.0000	0.0000	4.0000	0.0000	5.0006	0.0000	0.0000	0.0000	0.0000	0.0000	0.0000	0.0000	0.0000	0.0000	0.0000	0.0000	0.0000	0.0000	0.0000	0.0000	0.0000	0.0000	0.0000	0.0000	0.0000	0.0000	0.0000	0.0000	0.0000	0.0000	0.0000	0.0000	0.0000	0.0000	0.0000	0.0000	0.0000	0.0000	0.0000	0.0000	0.0000	0.0000	0.0000	0.0000	0.0000	0.0000	0.0000	0.0000	0.0000	0.0000	0.0000	0.0000	0.0000	0.0000	0.0000	0.0000	0.0000	0.0000	0.0000											
46	71	0.0652	3	0	1	0	1	0	0	0	0	N	N	N	N	N	N	N	N	N	N	N	N	0.0000	0.0000	0.0000	0.0000	0.0000	0.0000	0.0000	0.0000	0.0000	0.0000	0.0000	0.0000	0.0000	0.0000	0.0000	0.0000	0.0000	0.0000	0.0000	0.0000	0.0000	7.0000	0.0000	4.9994	0.0000	0.0000	0.0000	0.0000	0.0000	0.0000	0.0000	0.0000	0.0000	0.0000	0.0000	0.0000	0.0000	0.0000	0.0000	0.0000	0.0000	0.0000	0.0000	0.0000	0.0000	0.0000	0.0000	0.0000	0.0000	0.0000	0.0000	0.0000	0.0000	0.0000	0.0000	0.0000	0.0000	0.0000	0.0000	0.0000	0.0000	0.0000	0.0000	0.0000	0.0000	0.0000	0.0000	0.0000	0.0000	0.0000	0.0000	0.0000	0.0000	0.0000	0.0000	0.0000	0.0000	0.0000											
46	72	0.1217	4	0	1	0	1	0	0	0	0	N	N	N	N	N	N	N	N	N	N	N	N	0.0000	0.0000	0.0000	0.0000	0.0000	0.0000	0.0000	0.0000	0.0000	0.0000	0.0000	0.0000	0.0000	0.0000	0.0000	0.0000	0.0000	0.0000	0.0000	0.0000	0.0000	4.7764	0.0000	1.3205	0.0000	0.0000	0.0000	0.0000	0.0000	0.0000	0.0000	0.0000	0.0000	0.0000	0.0000	0.0000	0.0000	0.0000	0.0000	0.0000	0.0000	0.0000	0.0000	0.0000	0.0000	0.0000	0.0000	0.0000	0.0000	0.0000	0.0000	0.0000	0.0000	0.0000	0.0000	0.0000	0.0000	0.0000	0.0000	0.0000	0.0000	0.0000	0.0000	0.0000	0.0000	0.0000	0.0000	0.0000	0.0000	0.0000	0.0000	0.0000	0.0000	0.0000	0.0000	0.0000	0.0000	0.0000											
46	73	0.0652	3	0	1	0	1	0	0	0	0	N	N	N	N	N	N	N	N	N	N	N	N	0.0000	0.0000	0.0000	0.0000	0.0000	0.0000	0.0000	0.0000	0.0000	0.0000	0.0000	0.0000	0.0000	0.0000	0.0000	0.0000	0.0000	0.0000	0.0000	0.0000	0.0000	3.3049	0.0000	2.7470	0.0000	0.0000	0.0000	0.0000	0.0000	0.0000	0.0000	0.0000	0.0000	0.0000	0.0000	0.0000	0.0000	0.0000	0.0000	0.0000	0.0000	0.0000	0.0000	0.0000	0.0000	0.0000	0.0000	0.0000	0.0000	0.0000	0.0000	0.0000	0.0000	0.0000	0.0000	0.0000	0.0000	0.0000	0.0000	0.0000	0.0000	0.0000	0.0000	0.0000	0.0000	0.0000	0.0000	0.0000	0.0000	0.0000	0.0000	0.0000	0.0000	0.0000	0.0000	0.0000	0.0000	0.0000											
46	74	0.1239	4	0	1	0	1	0	0	0	0	N	N	N	N	N	N	N	N	N	N	N	N	0.0000	0.0000	0.0000	0.0000	0.0000	0.0000	0.0000	0.0000	0.0000	0.0000	0.0000	0.0000	0.0000	0.0000	0.0000	0.0000	0.0000	0.0000	0.0000	0.0000	0.0000	0.0000	0.0000	0.0000	0.0000	0.0000	0.0000	0.0000	0.0000	0.0000	0.0000	0.0000	0.0000	0.0000	0.0000	0.0000	0.0000	0.0000	0.0000	0.0000	0.0000	0.0000	0.0000	0.0000	0.0000	0.0000	0.0000	0.0000	0.0000	0.0000	0.0000	0.0000	0.0000	0.0000	0.0000	0.0000	0.0000	0.0000	0.0000	0.0000	0.0000	0.0000	0.0000	0.0000	0.0000	0.0000	0.0000	0.0000	0.0000	0.0000	0.0000	0.0000	0.0000	0.0000	0.0000	0.0000	0.0000	0.0000											
46	75	0.0652	3	0	1	0	1	0	0	0	0	N	N	N	N	N	N	N	N	N	N	N	N	0.0000	0.0000	0.0000	0.0000	0.0000	0.0000	0.0000	0.0000	0.0000	0.0000	0.0000	0.0000	0.0000	0.0000	0.0000	0.0000	0.0000	0.0000	0.0000	0.0000	0.0000	4.3567	0.0000	2.3689	0.0000	0.0000	0.0000	0.0000	0.0000	0.0000	0.0000	0.0000	0.0000	0.0000	0.0000	0.0000	0.0000	0.0000	0.0000	0.0000	0.0000	0.0000	0.0000	0.0000	0.0000	0.0000	0.0000	0.0000	0.0000	0.0000	0.0000	0.0000	0.0000	0.0000	0.0000	0.0000	0.0000	0.0000	0.0000	0.0000	0.0000	0.0000	0.0000	0.0000	0.0000	0.0000	0.0000	0.0000	0.0000	0.0000	0.0000	0.0000	0.0000	0.0000	0.0000	0.0000	0.0000	0.0000											
46	76	0.1326	6	1	1	0	2	0	0	0	0	N	N	N	Y	N	N	N	N	N	N	N	N	0.0000	0.0000	0.0000	0.0000	0.0000	0.0000	0.0000	0.0000	0.0000	0.0000	0.0000	0.0000	0.0000	0.0000	0.0000	0.0000	0.0000	0.0000	0.0000	0.0000	0.0000	0.0000	0.0000	0.0000	0.0000	0.0000	0.0000	0.0000	0.0000	0.0000	0.0000	0.0000	0.0000	0.0000	0.0000	0.0000	0.0000	0.0000	0.0000	0.0000	0.0000	0.0000	0.0000	0.0000	0.0000	0.0000	0.0000	0.0000	0.0000	0.0000	0.0000	0.0000	0.0000	0.0000	0.0000	0.0000	0.0000	0.0000	0.0000	0.0000	0.0000	0.0000	0.0000	0.0000	0.0000	0.0000	0.0000	0.0000	0.0000	0.0000	0.0000	0.0000	0.0000	0.0000	0.0000	0.0000	0.0000	0.0000											
46	77	0.1242	5	1	1	0	2	0	0	0	0	N	N	N	Y	N	N	N	N	N	N	N	N	0.0000	0.0000	0.0000	0.0000	0.0000	0.0000	0.0000	0.0000	0.0000	0.0000	0.0000	0.0000	0.0000	0.0000	0.0000	0.0000	0.0000	0.0000	0.0000	0.0000	0.0000	1.0073	0.0000	0.3366	0.0000	0.0000	0.0000	0.0000	0.0000	0.0000	0.0000	0.0000	0.0000	0.0000	0.0000	0.0000	0.0000	0.0000	0.0000	0.0000	0.0000	0.0000	0.0000	0.0000	0.0000	0.0000	0.0000	0.0000	0.0000	0.0000	0.0000	0.0000	0.0000	0.0000	0.0000	0.0000	0.0000	0.0000	0.0000	0.0000	0.0000	0.0000	0.0000	0.0000	0.0000	0.0000	0.0000	0.0000	0.0000	0.0000	0.0000	0.0000	0.0000	0.0000	0.0000	0.0000	0.0000	0.0000											
46	78	0.1500	5	0	1	0	2	0	0	0	0	N	N	N	Y	N	N	N	N	N	N	N	N	0.0000	0.0000	0.0000	0.0000	0.0000	0.0000	0.0000	0.0000	0.0000	0.0000	0.0000	0.0000	0.0000	0.0000	0.0000	0.0000	0.0000	0.0000	0.0000	0.0000	0.0000	0.0000	0.0000	0.0000	0.0000	0.0000	0.0000	0.0000	0.0000	0.0000	0.0000	0.0000	0.0000	0.0000	0.0000	0.0000	0.0000	0.0000	0.0000	0.0000	0.0000	0.0000	0.0000	0.0000	0.0000	0.0000	0.0000	0.0000	0.0000	0.0000	0.0000	0.0000	0.0000	0.0000	0.0000	0.0000	0.0000	0.0000	0.0000	0.0000	0.0000	0.0000	0.0000	0.0000	0.0000	0.0000	0.0000	0.0000	0.0000	0.0000	0.0000	0.0000	0.0000	0.0000	0.0000	0.0000	0.0000	0.0000											
46	79	0.1418	4	0	1	0	2	0	0	0	0	N	N	N	Y	N	N	N	N	N	N	N	N	0.0000	0.0000	0.0000	0.0000	0.0000	0.0000	0.0000	0.0000	0.0000	0.0000	0.0000	0.0000	0.0000	0.0000	0.0000	0.0000	0.0000	0.0000	0.0000	0.0000	0.0000	0.0000	0.0000	1.0000	0.0000	0.0000	0.0000	0.0000	0.0000	0.0000	0.0000	0.0000	0.0000	0.0000	0.0000	0.0000	0.0000	0.0000	0.0000	0.0000	0.0000	0.0000	0.0000	0.0000	0.0000	0.0000	0.0000	0.0000	0.0000	0.0000	0.0000	0.0000	0.0000	0.0000	0.0000	0.0000	0.0000	0.0000	0.0000	0.0000	0.0000	0.0000	0.0000	0.0000	0.0000	0.0000	0.0000	0.0000	0.0000	0.0000	0.0000	0.0000	0.0000	0.0000	0.0000	0.0000	0.0000	0.0000											
46	80	0.1242	5	0	1	0	1	0	0	0	0	N	N	N	N	N	N	N	N	N	N	N	N	0.0000	0.0000	0.0000	0.0000	0.0000	0.0000	0.0000	0.0000	0.0000	0.0000	0.0000	0.0000	0.0000	0.0000	0.0000	0.0000	0.0000	0.0000	0.0000	0.0000	0.0000	3.9927	0.0000	1.0002	0.0000	0.0000	0.0000	0.0000	0.0000	0.0000	0.0000	0.0000	0.0000	0.0000	0.0000	0.0000	0.0000	0.0000	0.0000	0.0000	0.0000	0.0000	0.0000	0.0000	0.0000	0.0000	0.0000	0.0000	0.0000	0.0000	0.0000	0.0000	0.0000	0.0000	0.0000	0.0000	0.0000	0.0000	0.0000	0.0000	0.0000	0.0000	0.0000	0.0000	0.0000	0.0000	0.0000	0.0000	0.0000	0.0000	0.0000	0.0000	0.0000	0.0000	0.0000	0.0000	0.0000	0.0000											
46	81	0.1196	4	0	1	0	1	0	0	0	0	N	N	N	N	N	N	N	N	N	N	N	N	0.0000	0.0000	0.0000	0.0000	0.0000	0.0000	0.0000	0.0000	0.0000	0.0000	0.0000	0.0000	0.0000	0.0000	0.0000	0.0000	0.0000	0.0000	0.0000	0.0000	0.0000	0.0110	0.0000	0.6549	0.0000	0.0000	0.0000	0.0000	0.0000	0.0000	0.0000	0.0000	0.0000	0.0000	0.0000	0.0000	0.0000	0.0000	0.0000	0.0000	0.0000	0.0000	0.0000	0.0000	0.0000	0.0000	0.0000	0.0000	0.0000	0.0000	0.0000	0.0000	0.0000	0.0000	0.0000	0.0000	0.0000	0.0000	0.0000	0.0000	0.0000	0.0000	0.0000	0.0000	0.0000	0.0000	0.0000	0.0000	0.0000	0.0000	0.0000	0.0000	0.0000	0.0000	0.0000	0.0000	0.0000	0.0000											
46	82	0.1418	4	0	0	1	2	0	0	0	0	N	N	N	Y	N	N	N	N	N	N	N	N	0.0000	0.0000	0.0000	0.0000	0.0000	0.0000	0.0000	0.0000	0.0000	0.0000	0.0000	0.0000	0.0000	0.0000	0.0000	0.0000	0.0000	0.0000	0.0000	0.0000	0.0000	1.0000	0.0000	0.0000	0.0000	0.0000	0.0000	0.0000	0.0000	0.0000	0.0000	0.0000	0.0000	0.0000	0.0000	0.0000	0.0000	0.0000	0.0000	0.0000	0.0000	0.0000	0.0000	0.0000	0.0000	0.0000	0.0000	0.0000	0.0000	0.0000	0.0000	0.0000	0.0000	0.0000	0.0000	0.0000	0.0000	0.0000	0.0000	0.0000	0.0000	0.0000	0.0000	0.0000	0.0000	0.0000	0.0000	0.0000	0.0000	0.0000	0.0000	0.0000	0.0000	0.0000	0.0000	0.0000	0.0000	0.0000											
46	83	0.1418	4	0	0	1	2	0	0	0	0	N	N	N	Y	N	N	N	N	N	N	N	N	0.0000	0.0000	0.0000	0.0000	0.0000	0.0000	0.0000	0.0000	0.0000	0.0000	0.0000	0.0000	0.0000	0.0000	0.0000	0.0000	0.0000	0.0000	0.0000	0.0000	0.0000	0.0000	0.0000	0.0000	0.0000	0.0000	0.0000	0.0000	0.0000	0.0000	0.0000	0.0000	0.0000	0.0000	0.0000	0.0000	0.0000	0.0000	0.0000	0.0000	0.0000	0.0000	0.0000	0.0000	0.0000	0.0000	0.0000	0.0000	0.0000	0.0000	0.0000	0.0000	0.0000	0.0000	0.0000	0.0000	0.0000	0.0000	0.0000	0.0000	0.0000	0.0000	0.0000	0.0000	0.0000	0.0000	0.0000	0.0000	0.0000	0.0000	0.0000	0.0000	0.0000	0.0000	0.0000	0.0000	0.0000	0.0000											
46	84	0.0652	3	0	0	0	2	0	0	0	0	N	N	N	Y	N	N	N	N	N	N	N	N	0.0000	0.0000	0.0000	0.0000	0.0000	0.0000	0.0000	0.0000	0.0000	0.0000	0.0000	0.0000	0.0000	0.0000	0.0000	0.0000	0.0000	0.0000	0.0000	0.0000	0.0000	3.0000	0.0000	5.9994	0.0000	0.0000	0.0000	0.0000	0.0000	0.0000	0.0000	0.0000	0.0000	0.0000	0.0000	0.0000	0.0000	0.0000	0.0000	0.0000	0.0000	0.0000	0.0000	0.0000	0.0000	0.0000	0.0000	0.0000	0.0000	0.0000	0.0000	0.0000	0.0000	0.0000	0.0000	0.0000	0.0000	0.0000	0.0000	0.0000	0.0000	0.0000	0.0000	0.0000	0.0000	0.0000	0.0000	0.0000	0.0000	0.0000	0.0000	0.0000	0.0000	0.0000	0.0000	0.0000	0.0000	0.0000											
46	85	0.2027	4	1	1	0	1	0	0	0	0	N	N	N	N	N	N	N	N	N	N	N	N	0.0000	0.0000	0.0000	0.0000	0.0000	0.0000	0.0000	0.0000	0.0000	0.0000	0.0000	0.0000	0.0000	0.0000	0.0000	0.0000	0.0000	0.0000	0.0000	0.0000	0.0000	0.0000	0.0000	0.0000	0.0000	0.0000	0.0000	0.0000	0.0000	0.0000	0.0000	0.0000	0.0000	0.0000	0.0000	0.0000	0.0000	0.0000	0.0000	0.0000	0.0000	0.0000	0.0000	0.0000	0.0000	0.0000	0.0000	0.0000	0.0000	0.0000	0.0000	0.0000	0.0000	0.0000	0.0000	0.0000	0.0000	0.0000	0.0000	0.0000	0.0000	0.0000	0.0000	0.0000	0.0000	0.0000	0.0000	0.0000	0.0000	0.0000	0.0000	0.0000	0.0000	0.0000	0.0000	0.0000	0.0000	0.0000											
46	86	0.0652	3	1	1	0	1	0	0	0	0	N	N	N	N	N	N	N	N	N	N	N	N	0.0000	0.0000	0.0000	0.0000	0.0000	0.0000	0.0000	0.0000	0.0000	0.0000	0.0000	0.0000	0.0000	0.0000	0.0000	0.0000	0.0000	0.0000	0.0000	0.0000	0.0000	5.0000	0.0000	7.0006	0.0000	0.0000	0.0000	0.0000	0.0000	0.0000	0.0000	0.0000	0.0000	0.0000	0.0000	0.0000	0.0000	0.0000	0.0000	0.0000	0.0000	0.0000	0.0000	0.0000	0.0000	0.0000	0.0000	0.0000	0.0000	0.0000	0.0000	0.0000	0.0000	0.0000	0.0000	0.0000	0.0000	0.0000	0.0000	0.0000	0.0000	0.0000	0.0000	0.0000	0.0000	0.0000	0.0000	0.0000	0.0000	0.0000	0.0000	0.0000	0.0000	0.0000	0.0000	0.0000	0.0000	0.0000											
46	87	0.0652	3	0	1	0	1	0	0	0	0	N	N	N	N	N	N	N	N	N	N	N	N	0.0000	0.0000	0.0000	0.0000	0.0000	0.0000	0.0000	0.0000	0.0000	0.0000	0.0000	0.0000	0.0000	0.0000	0.0000	0.0000	0.0000	0.0000	0.0000	0.0000	0.0000	1.0000	0.0000	3.0006	0.0000	0.0000	0.0000	0.0000	0.0000	0.0000	0.0000	0.0000	0.0000	0.0000	0.0000	0.0000	0.0000	0.0000	0.0000	0.0000	0.0000	0.0000	0.0000	0.0000	0.0000	0.0000	0.0000	0.0000	0.0000	0.0000	0.0000	0.0000	0.0000	0.0000	0.0000	0.0000	0.0000	0.0000	0.0000	0.0000	0.0000	0.0000	0.0000	0.0000	0.0000	0.0000	0.0000	0.0000	0.0000	0.0000	0.0000	0.0000	0.0000	0.0000	0.0000	0.0000	0.0000	0.0000											
46	88	0.1196	4	1	1	0	1	0	0	0	0	N	N	N	N	N	N	N	N	N	N	N	N	0.0000	0.0000	0.0000	0.0000	0.0000	0.0000	0.0000	0.0000	0.0000	0.0000	0.0000	0.0000	0.0000	0.0000	0.0000	0.0000	0.0000	0.0000	0.0000	0.0000	0.0000	0.0000	0.0000	0.0000	0.0000	0.0000	0.0000	0.0000	0.0000	0.0000	0.0000	0.0000	0.0000	0.0000	0.0000	0.0000	0.0000	0.0000	0.0000	0.0000	0.0000	0.0000	0.0000	0.0000	0.0000	0.0000	0.0000	0.0000	0.0000	0.0000	0.0000	0.0000	0.0000	0.0000	0.0000	0.0000	0.0000	0.0000	0.0000	0.0000	0.0000	0.0000	0.0000	0.0000	0.0000	0.0000	0.0000	0.0000	0.0000	0.0000	0.0000	0.0000	0.0000	0.0000	0.0000	0.0000	0.0000	0.0000											
46	89	0.0652	3	0	1	0	1	0	0	0	0	N	N	N	N	N	N	N	N	N	N	N	N	0.0000	0.0000	0.0000	0.0000	0.0000	0.0000	0.0000	0.0000	0.0000	0.0000	0.0000	0.0000	0.0000	0.0000	0.0000	0.0000	0.0000	0.0000	0.0000	0.0000	0.0000	4.0000	0.0000	4.0001	0.0000	0.0000	0.0000	0.0000	0.0000	0.0000	0.0000	0.0000	0.0000	0.0000	0.0000	0.0000	0.0000	0.0000	0.0000	0.0000	0.0000	0.0000	0.0000	0.0000	0.0000	0.0000	0.0000	0.0000	0.0000	0.0000	0.0000	0.0000	0.0000	0.0000	0.0000	0.0000	0.0000	0.0000	0.0000	0.0000	0.0000	0.0000	0.0000	0.0000	0.0000	0.0000	0.0000	0.0000	0.0000	0.0000	0.0000	0.0000	0.0000	0.0000	0.0000	0.0000	0.0000	0.0000											
46	91	0.2107	5	0	0	0	1	0	0	0	0	N	N	N	N	N	N	N	N	N	N	N	N	0.0000	0.0000	0.0000	0.0000	0.0000	0.0000	0.0000	0.0000	0.0000	0.0000	0.0000	0.0000	0.0000	0.0000	0.0000	0.0000	0.0000	0.0000	0.0000	0.0000	0.0000	11.5137	0.0000	4.9035	0.0000	0.0000	0.0000	0.0000	0.0000	0.0000	0.0000	0.0000	0.0000	0.0000	0.0000	0.0000	0.0000	0.0000	0.0000	0.0000	0.0000	0.0000	0.0000	0.0000	0.0000	0.0000	0.0000	0.0000	0.0000	0.0000	0.0000	0.0000	0.0000	0.0000	0.0000	0.0000	0.0000	0.0000	0.0000	0.0000	0.0000	0.0000	0.0000	0.0000	0.0000	0.0000	0.0000	0.0000	0.0000	0.0000	0.0000	0.0000	0.0000	0.0000	0.0000	0.0000	0.0000	0.0000											
47	49	0.0652	2	0	1	1	1	0	0	0	0	N	N	N	N	N	N	N	N	N	N	N	N	0.0725	0.0329	0.0000	0.1303	0.1331	0.0000	0.0000	0.0000	0.0002	0.0002	0.0000	0.0016	0.0019	0.0000	0.0000	0.0000	0.0000	0.0027	0.0069	0.0002	0.0122	0.0140	0.0019	0.0001	0.0000	0.0001	0.0000	0.0511	-0.0000	-0.0007	2.0873	6.0000	1.9360	4.0006	0.0001	0.0001	0.0000	0.0001	0.0001	0.0000	0.0000	0.0000	0.0000	0.0011	0.0010	0.0001	0.0010	0.0010	0.0000	0.0000	0.0000	0.0000	0.3610	0.3087	0.0523	0.0440	0.0375	0.0065	0.3170	0.2712	0.0458	0.4006	0.1481	0.2525	0.0855	0.0728	0.0128	0.3151	0.0753	0.2397	0.0725	0.0329	0.0000	0.1303	0.1331	0.0000	0.0000	0.0000	0.0000	0.0027	0.0069	0.0002	0.0122	0.0140	0.0019	0.0001	0.0000	0.0001	
47	50	0.0652	2	1	0	1	1	0	0	0	0	N	N	N	N	N	N	N	N	N	N	N	N	0.0479	0.0216	0.0000	0.0857	0.0875	0.0000	0.0000	0.0000	0.0001	0.0002	0.0000	0.0011	0.0013	0.0000	0.0000	0.0000	0.0000	0.0029	0.0075	0.0002	0.0133	0.0152	0.0021	0.0001	0.0000	0.0001	0.0000	0.0511	-0.0000	-0.0007	2.0873	6.0000	1.9360	3.0006	0.0001	0.0001	0.0000	0.0001	0.0001	0.0000	0.0000	0.0000	0.0000	0.0011	0.0010	0.0001	0.0010	0.0010	0.0000	0.0000	0.0000	0.0000	0.3610	0.3087	0.0523	0.0440	0.0375	0.0065	0.3170	0.2712	0.0458	0.3705	0.1362	0.2343	0.0787	0.0670	0.0117	0.2918	0.0693	0.2225	0.0479	0.0216	0.0000	0.0857	0.0875	0.0000	0.0000	0.0000	0.0000	0.0029	0.0075	0.0002	0.0133	0.0152	0.0021	0.0001	0.0000	0.0001	
47	51	0.1029	3	1	1	0	1	0	0	0	0	N	N	N	N	N	N	N	N	N	N	N	N	0.0054	0.0087	0.0002	0.0097	0.0313	0.0000	0.0000	0.0000	0.0004	0.0000	0.0000	0.0000	0.0000	0.0000	0.0000	0.0000	0.0000	0.0000	0.0015	0.0011	0.0017	0.0034	0.0012	0.0165	0.0013	0.0433	0.0008	0.0051	2.3945	-0.0000	0.0000	2.0873	1.0314	1.9360	3.0033	0.0000	0.0000	0.0000	0.0000	0.0000	0.0000	0.0000	0.0000	0.0000	0.0003	0.0001	0.0002	0.0001	0.0000	0.0001	0.0001	0.0000	0.0001	0.0750	0.0641	0.0109	0.0178	0.0159	0.0019	0.0572	0.0481	0.0090	0.1742	0.0708	0.1034	0.0414	0.0354	0.0060	0.1329	0.0355	0.0974	0.0054	0.0087	0.0002	0.0097	0.0313	0.0000	0.0001	0.0000	0.0004	0.0015	0.0011	0.0017	0.0034	0.0012	0.0165	0.0009	0.0009	0.0008
47	52	0.0652	2	1	1	0	1	0	0	0	0	N	N	N	N	N	N	N	N	N	N	N	N	0.0503	0.0254	0.0145	0.1054	0.1174	0.0000	0.0027	0.0000	0.0298	0.0001	0.0001	0.0000	0.0005	0.0006	0.0000	0.0000	0.0000	0.0000	0.0013	0.0030	0.0003	0.0049	0.0052	0.0034	0.0003	0.0352	0.0002	0.0116	0.2109	-0.0000	-0.0001	2.0873	4.9791	1.9360	0.0710	0.0000	0.0000	0.0000	0.0000	0.0000	0.0000	0.0000	0.0000	0.0000	0.0003	0.0002	0.0001	0.0002	0.0002	0.0000	0.0001	0.0000	0.0000	0.3073	0.2623	0.0451	0.0377	0.0321	0.0056	0.2696	0.2302	0.0394	0.2323	0.0835	0.1488	0.0484	0.0412	0.0072	0.1839	0.0423	0.1416	0.0503	0.0254	0.0145	0.1054	0.1174	0.0000	0.0027	0.0000	0.0298	0.0013	0.0030	0.0003	0.0049	0.0052	0.0034	0.0003	0.0007	0.0002
47	53	0.0652	2	0	1	0	1	0	0	0	0	N	N	N	N	N	N	N	N	N	N	N	N	0.0725	0.0329	0.0000	0.1303	0.1331	0.0000	0.0000	0.0000	0.0002	0.0002	0.0000	0.0016	0.0019	0.0000	0.0000	0.0000	0.0000	0.0027	0.0069	0.0002	0.0122	0.0140	0.0019	0.0001	0.0000	0.0001	0.0000	0.0511	-0.0000	-0.0007	2.0873	6.0000	1.9360	4.0006	0.0001	0.0001	0.0000	0.0001	0.0001	0.0000	0.0000	0.0000	0.0000	0.0011	0.0010	0.0001	0.0010	0.0010	0.0000	0.0000	0.0000	0.0000	0.3610	0.3087	0.0523	0.0440	0.0375	0.0065	0.3170	0.2712	0.0458	0.4006	0.1481	0.2525	0.0855	0.0728	0.0128	0.3151	0.0753	0.2397	0.0725	0.0329	0.0000	0.1303	0.1331	0.0000	0.0000	0.0000	0.0000	0.0027	0.0069	0.0002	0.0122	0.0140	0.0019	0.0001	0.0000	0.0001	
47	54	0.1182	4	0	0	1	1	0	0	0	0	N	N	N	N	N	N	N	N	N	N	N	N	0.1385	0.0737	0.0000	0.1362	0.1304	0.0000	0.0000	0.0000	0.0000	0.0002	0.0002	0.0000	0.0004	0.0004	0.0000	0.0000	0.0000	0.0000	0.0012	0.0030	0.0001	0.0030	0.0031	0.0020	0.0007	0.1369	0.0001	0.0000	0.0826	-0.0000	-0.0000	2.0873	0.0147	1.9360	0.9910	0.0000	0.0000	0.0000	0.0000	0.0000	0.0000	0.0000	0.0000	0.0000	0.0001	0.0001	0.0000	0.0000	0.0000	0.0000	0.0000	0.0000	0.0000	0.0044	0.0033	0.0011	0.0018	0.0018	0.0000	0.0026	0.0015	0.0011	0.0515	0.0190	0.0326	0.0108	0.0095	0.0013	0.0407	0.0095	0.0313	0.1385	0.0737	0.0000	0.1362	0.1304	0.0000	0.0000	0.0000	0.0000	0.0012	0.0030	0.0001	0.0030	0.0031	0.0020	0.0007	0.0029	0.0001
47	55	0.1072	3	0	0	0	1	0	0	0	0	N	N	N	N	N	N	N	N	N	N	N	N	0.0203	0.0060	0.0688	0.0844	0.0756	0.0159	0.0001	0.0000	0.1374	0.0006	0.0007	0.0000	0.0060	0.0061	0.0000	0.0000	0.0000	0.0000	0.0303	0.1215	0.0002	0.0705	0.0807	0.0027	0.0230	2.7007	0.0001	0.0042	0.0049	-0.0000	-0.0021	2.0873	0.9556	1.9360	1.0192	0.0000	0.0000	0.0000	0.0000	0.0000	0.0000	0.0000	0.0000	0.0000	0.0031	0.0031	0.0000	0.0016	0.0016	0.0000	0.0015	0.0015	0.0000	0.0778	0.0658	0.0121	0.0080	0.0078	0.0002	0.0698	0.0579	0.0119	0.1019	0.0387	0.0631	0.0229	0.0199	0.0030	0.0789	0.0188	0.0602	0.0203	0.0092	0.0688	0.0844	0.0756	0.0159	0.0001	0.0000	0.1374	0.0303	0.0793	0.0002	0.0705	0.0807	0.0027	0.0186	0.0778	0.0001
47	56	0.0652	2	0	0	0	1	0	0	0	0	N	N	N	N	N	N	N	N	N	N	N	N	0.0006	0.0000	42.5753	0.0001	0.0000	0.7813	0.0009	0.0000	86.5341	0.0022	0.0000	0.0149	0.0005	0.0001	0.0027	0.0025	0.0000	0.0167	4.0563	8.3647	0.0003	7.8958	8.9519	0.0034	2.7519	7.9370	0.0002	279.3598	0.0001	0.0003	-0.5490	2.0873	3.0309	1.9360	3.0097	0.0004	0.0000	0.0004	0.0000	0.0000	0.0000	0.0004	0.0000	0.0004	0.8169	0.8168	0.0001	0.4237	0.4237	0.0000	0.3932	0.3931	0.0000	0.1967	0.1672	0.0296	0.0244	0.0207	0.0038	0.1723	0.1465	0.0258	0.2701	0.0977	0.1725	0.0565	0.0481	0.0084	0.2136	0.0495	0.1640	0.0007	0.0000	42.5753	0.0001	0.0000	0.7813	0.0014	0.0000	86.5341	3.0243	8.3647	0.0003	7.4942	8.8049	0.0034	1.8410	7.9370	0.0002
47	57	0.0652	2	0	0	0	1	0	0	0	0	N	N	N	N	N	N	N	N	N	N	N	N	0.3689	0.2932	0.0000	0.8254	1.1684	0.0000	0.0000	0.0000	0.0002	0.0002	0.0000	0.0012	0.0015	0.0000	0.0000	0.0000	0.0000	0.0004	0.0006	0.0003	0.0015	0.0013	0.0029	0.0001	0.0000	0.0002	0.0000	0.8683	-0.0000	-0.0000	2.0873	3.0000	1.9360	3.0006	0.0000	0.0000	0.0000	0.0000	0.0000	0.0000	0.0000	0.0000	0.0000	0.0001	0.0001	0.0001	0.0001	0.0001	0.0000	0.0000	0.0000	0.0000	0.1949	0.1656	0.0293	0.0242	0.0205	0.0037	0.1707	0.1451	0.0256	0.2686	0.0971	0.1715	0.0562	0.0478	0.0084	0.2124	0.0492	0.1632	0.3689	0.2932	0.0000	0.8254	1.1684	0.0000	0.0000	0.0000	0.0000	0.0004	0.0006	0.0003	0.0015	0.0013	0.0029	0.0001	0.0000	0.0002	
47	58	0.2107	4	0	0	0	1	0	0	0	0	N	N	N	N	N	N	N	N	N	N	N	N	25.7254	0.0002	321.5812	0.0217	0.0009	0.1191	89.4612	0.0000	779.9730	1.6316	0.0000	12.8135	0.0034	0.0001	0.0367	2.1262	0.0000	15.2898	0.0634	0.1643	0.0398	0.1546	0.1315	0.3082	0.0238	1.6669	0.0196	55162.4036	0.5482	0.6462	-0.0117	2.0873	10.2575	1.9360	3.8960	1.0516	0.0000	1.0515	0.0005	0.0000	0.0005	1.0511	0.0000	1.0511	0.0368	0.0238	0.0130	0.0272	0.0201	0.0071	0.0096	0.0036	0.0060	0.6445	0.5624	0.0821	0.1502	0.1368	0.0133	0.4943	0.4256	0.0687	0.5800	0.2531	0.3269	0.1758	0.1529	0.0229	0.4042	0.1002	0.3040	25.7254	0.0004	321.5812	0.0217	0.0009	0.1191	89.4612	0.0002	779.9730	0.0634	0.0939	0.0398	0.1546	0.1315	0.3082	0.0238	0.0364	0.0196
47	59	0.1847	3	1	1	1	1	0	0	0	0	N	N	N	N	N	N	N	N	N	N	N	N	0.0000	0.0000	0.0000	0.0000	0.0000	0.0000	0.0000	0.0000	0.0000	0.0000	0.0000	0.0000	0.0000	0.0000	0.0000	0.0000	0.0000	0.0000	0.0000	0.0000	2.0873	0.0000	1.9360	0.0000	0.0000	0.0000	0.0000	0.0000	0.0000	0.0000	0.0000	0.0000	0.0000	0.0000	0.0000	0.0000	0.0000	0.0000	0.0000	0.0000	0.0000	0.0000	0.0000	0.0000	0.0000	0.0000	0.0000	0.0000	0.0000	0.0000	0.0000	0.0000	0.0000	0.0000	0.0000	0.0000	0.0000	0.0000	0.0000	0.0000	0.0000	0.0000	0.0000	0.0000	0.0000	0.0000	0.0000	0.0000	0.0000	0.0000	0.0000	0.0000	0.0000	0.0000	0.0000	0.0000	0.0000	0.0000											
47	60	0.0652	2	1	0	1	1	0	0	0	0	N	N	N	N	N	N	N	N	N	N	N	N	0.0008	0.0001	0.0014	0.0014	0.0002	0.0002	0.0000	0.0014	0.0016	0.0000	0.0000	0.0000	0.0000	0.2192	1.7377	0.0000	1.0215	1.2006	0.0000	0.0000	0.0000	0.0000	0.0000	0.0000	-0.0000	-0.0632	2.0873	7.0000	1.9360	3.9994	0.0001	0.0001	0.0000	0.0001	0.0001	0.0000	0.0000	0.0000	0.0000	0.0940	0.0940	0.0000	0.0940	0.0940	0.0000	0.0000	0.0000	0.0000	0.4109	0.3521	0.0588	0.0498	0.0426	0.0072	0.3611	0.3096	0.0516	0.4289	0.1595	0.2694	0.0920	0.0783	0.0137	0.3369	0.0812	0.2557	0.0008	0.0003	0.0000	0.0014	0.0014	0.0000	0.0000	0.0000	0.0000	0.2192	0.5894	0.0000	1.0215	1.2006	0.0000	0.0000	0.0000	0.0000					
47	61	0.1476	3	1	0	1	1	0	0	0	0	N	N	N	N	N	N	N	N	N	N	N	N	0.0000	0.0000	0.0000	0.0000	0.0000	0.0000	0.0000	0.0000	0.0000	0.0000	0.0000	0.0000	0.0000	0.0000	0.0000	0.0000	0.0000	0.0000	0.0000	0.0000	2.0873	2.0000	1.9360	0.0000	0.0000	0.0000	0.0000	0.0000	0.0000	0.0000	0.0000	0.0000	0.0000	0.0000	0.0000	0.0000	0.0000	0.0000	0.0000	0.0000	0.0000	0.0000	0.1179	0.0999	0.0180	0.0256	0.0224	0.0032	0.0923	0.0775	0.0148	0.0838	0.0451	0.0386	0.0503	0.0322	0.0181	0.0334	0.0129	0.0205	0.0000	0.0000	0.0000	0.0000	0.0000	0.0000	0.0000	0.0000	0.0000	0.0000	0.0000	0.0000	0.0000	0.0000	0.0000	0.0000	0.0000	0.0000											
47	62	0.0652	2	1	0	1	1	0	0	0	0	N	N	N	N	N	N	N	N	N	N	N	N	0.0001	0.0000	0.0005	0.0004	0.0001	0.0001	0.0000	0.0006	0.0008	0.0000	0.0000	0.0000	0.0000	0.6154	2.1622	0.0000	1.3134	1.7613	0.0000	0.0000	0.0000	0.0000	0.0000	0.0000	-0.0000	-0.0632	2.0873	4.0000	1.9360	3.9994	0.0000	0.0000	0.0000	0.0000	0.0000	0.0000	0.0000	0.0000	0.0000	0.0940	0.0940	0.0000	0.0940	0.0940	0.0000	0.0000	0.0000	0.0000	0.2531	0.2156	0.0376	0.0312	0.0265	0.0047	0.2219	0.1891	0.0328	0.3385	0.1238	0.2148	0.0716	0.0609	0.0107	0.2670	0.0629	0.2041	0.0003	0.0001	0.0000	0.0005	0.0005	0.0000	0.0000	0.0000	0.0000	0.2777	0.7594	0.0000	1.3134	1.5435	0.0000	0.0000	0.0000	0.0000					
47	63	0.0652	2	0	1	0	1	0	0	0	0	N	N	N	N	N	N	N	N	N	N	N	N	62.4619	0.0000	inf	0.0000	0.0000	inf	inf	2.4248	0.0000	16.9467	0.0000	0.0000	0.0000	2.7590	0.0000	19.3173	0.0388	0.4869	0.0000	0.1809	0.2127	0.0000	0.0000	0.0000	0.0000	inf	0.0000	0.6123	-0.0112	2.0873	7.0000	1.9360	4.0000	0.9964	0.0000	0.9964	0.0000	0.0000	0.0000	0.9964	0.0000	0.9964	0.0167	0.0167	0.0000	0.0167	0.0167	0.0000	0.0000	0.0000	0.0000	0.4109	0.3521	0.0588	0.0498	0.0426	0.0072	0.3611	0.3096	0.0516	0.4289	0.1595	0.2694	0.0920	0.0783	0.0137	0.3369	0.0812	0.2557	62.4619	0.0000	inf	0.0000	0.0000	0.0000	inf	0.0000	inf	0.0388	0.1044	0.0000	0.1809	0.2127	0.0000	0.0000	0.0000	0.0000		
47	64	0.1718	5	0	0	1	1	0	0	0	0	N	N	N	N	N	N	N	N	N	N	N	N	0.0000	0.0000	0.0000	0.0000	0.0000	0.0000	0.0000	0.0000	0.0000	0.0000	0.0000	0.0000	0.0000	0.0000	0.0000	0.0000	0.0000	0.0000	0.0000	0.0000	2.0873	0.0000	1.9360	0.0000	0.0000	0.0000	0.0000	0.0000	0.0000	0.0000	0.0000	0.0000	0.0000	0.0000	0.0000	0.0000	0.0000	0.0000	0.0000	0.0000	0.0000	0.0000	0.0000	0.0000	0.0000	0.0000	0.0000	0.0000	0.0000	0.0000	0.0000	0.0000	0.0000	0.0000	0.0000	0.0000	0.0000	0.0000	0.0000	0.0000	0.0000	0.0000	0.0000	0.0000	0.0000	0.0000	0.0000	0.0000	0.0000	0.0000	0.0000	0.0000	0.0000	0.0000	0.0000	0.0000	0.0000	0.0000											
47	65	0.1475	4	0	0	1	1	0	0	0	0	N	N	N	N	N	N	N	N	N	N	N	N	0.0000	0.0000	0.0000	0.0000	0.0000	0.0000	0.0000	0.0000	0.0000	0.0000	0.0000	0.0000	0.0000	0.0069	0.0189	0.0000	0.0176	0.0310	0.0000	0.0000	0.0000	0.0000	0.0000	0.0000	-0.0005	2.0873	0.8734	1.9360	1.0002	0.0000	0.0000	0.0000	0.0000	0.0000	0.0000	0.0000	0.0000	0.0000	0.0007	0.0007	0.0000	0.0007	0.0007	0.0000	0.0000	0.0000	0.0000	0.0562	0.0475	0.0088	0.0097	0.0084	0.0013	0.0465	0.0391	0.0074	0.1002	0.0366	0.0637	0.0393	0.0222	0.0171	0.0610	0.0144	0.0466	0.0000	0.0000	0.0000	0.0000	0.0000	0.0000	0.0000	0.0000	0.0000	0.0069	0.0189	0.0000	0.0176	0.0310	0.0000	0.0000	0.0000	0.0000						
47	66	0.1330	3	0	0	0	1	0	0	0	0	N	N	N	N	N	N	N	N	N	N	N	N	3.8907	0.0000	499.3227	0.0001	0.0000	0.0715	4.0434	0.0000	442.1895	0.0494	0.0000	0.3175	0.0000	0.0000	0.0000	0.0600	0.0000	0.3722	0.0127	0.0305	0.0006	0.0188	0.0298	0.0001	0.0148	1.5378	0.0008	735971.9318	0.0307	0.0020	-0.0006	2.0873	1.0063	1.9360	0.0727	0.0032	0.0000	0.0032	0.0000	0.0000	0.0000	0.0032	0.0000	0.0032	0.0009	0.0009	0.0000	0.0006	0.0006	0.0000	0.0003	0.0003	0.0000	0.0655	0.0553	0.0102	0.0115	0.0100	0.0015	0.0540	0.0453	0.0087	0.0710	0.0287	0.0423	0.0303	0.0191	0.0112	0.0407	0.0096	0.0311	3.8907	0.0000	499.3227	0.0001	0.0000	0.0715	7.3329	0.0000	442.1895	0.0127	0.0305	0.0006	0.0188	0.0298	0.0001	0.0082	0.0320	0.0008
47	67	0.0652	2	0	0	0	1	0	0	0	0	N	N	N	N	N	N	N	N	N	N	N	N	3.0834	0.0000	475831.1604	0.0000	0.0000	0.0000	16052.8552	0.0000	1074889.2246	3.9224	0.0000	26.4328	0.0000	0.0000	0.0000	4.4745	0.0000	30.2432	1.2721	3.1484	0.0001	2.2439	3.1651	0.0006	0.0003	0.0498	0.0000	12667243.2334	0.0001	0.6103	-0.0624	2.0873	4.0009	1.9360	1.0789	0.9931	0.0000	0.9931	0.0000	0.0000	0.0000	0.9931	0.0000	0.9931	0.0929	0.0929	0.0000	0.0929	0.0929	0.0000	0.0001	0.0000	0.0000	0.2532	0.2156	0.0376	0.0312	0.0265	0.0047	0.2220	0.1891	0.0328	0.2335	0.0839	0.1495	0.0486	0.0414	0.0072	0.1849	0.0425	0.1423	9.8564	0.0000	475831.1604	0.0000	0.0000	0.0000	16052.8552	0.0000	1074889.2246	0.3980	1.1068	0.0001	1.9095	2.2433	0.0006	0.0003	0.0011	0.0000
47	68	0.0652	2	0	1	0	1	0	0	0	0	N	N	N	N	N	N	N	N	N	N	N	N	0.0005	0.0000	inf	0.0000	0.0000	inf	0.0007	0.0000	inf	0.0014	0.0000	0.0097	0.0003	0.0000	0.0018	0.0016	0.0000	0.0109	2.9117	6.7071	0.0000	7.0102	8.2895	0.0000	2.2839	5.7716	0.0000	inf	0.0000	0.0003	-0.6141	2.0873	5.0000	1.9360	3.9994	0.0004	0.0000	0.0004	0.0000	0.0000	0.0000	0.0004	0.0000	0.0004	0.9137	0.9137	0.0000	0.5191	0.5191	0.0000	0.3946	0.3946	0.0000	0.3084	0.2632	0.0452	0.0378	0.0322	0.0056	0.2706	0.2311	0.0396	0.3705	0.1362	0.2342	0.0787	0.0670	0.0117	0.2918	0.0692	0.2225	0.0006	0.0000	inf	0.0000	0.0000	inf	0.0012	0.0000	inf	2.4662	6.7071	0.0000	6.5947	7.7501	0.0000	1.3524	5.6982	0.0000
47	69	0.0652	2	1	0	1	1	0	0	0	0	N	N	N	N	N	N	N	N	N	N	N	N	0.0005	0.0001	0.0009	0.0009	0.0001	0.0001	0.0000	0.0010	0.0012	0.0000	0.0000	0.0000	0.0000	0.2324	1.8690	0.0000	1.0886	1.2793	0.0000	0.0000	0.0000	0.0000	0.0000	0.0000	-0.0000	-0.0626	2.0873	7.0000	1.9360	2.9994	0.0001	0.0001	0.0000	0.0001	0.0001	0.0000	0.0000	0.0000	0.0000	0.0931	0.0931	0.0000	0.0931	0.0931	0.0000	0.0000	0.0000	0.0000	0.4109	0.3521	0.0588	0.0498	0.0426	0.0072	0.3611	0.3096	0.0516	0.4006	0.1481	0.2524	0.0855	0.0728	0.0128	0.3150	0.0753	0.2397	0.0005	0.0002	0.0000	0.0009	0.0009	0.0000	0.0000	0.0000	0.0000	0.2324	0.6286	0.0000	1.0886	1.2793	0.0000	0.0000	0.0000	0.0000					
47	70	0.0652	2	0	1	0	2	0	0	0	0	N	N	N	Y	N	N	N	N	N	N	N	N	5.7451	0.0000	52.6728	0.2984	0.0000	1.0140	20.4552	105.4423	0.0017	0.0000	0.0117	0.0003	0.0000	0.0021	0.0019	0.0000	0.0131	0.0003	0.0004	0.0002	0.0011	0.0009	0.0021	0.0001	0.0000	0.0001	inf	0.8683	0.0003	-0.0000	2.0873	4.0000	1.9360	5.0006	0.0004	0.0000	0.0004	0.0000	0.0000	0.0000	0.0004	0.0000	0.0004	0.0001	0.0001	0.0001	0.0001	0.0001	0.0000	0.0000	0.0000	0.0000	0.2531	0.2156	0.0376	0.0312	0.0265	0.0047	0.2219	0.1891	0.0328	0.3705	0.1362	0.2343	0.0787	0.0670	0.0117	0.2918	0.0693	0.2225	5.7451	0.0000	52.6728	0.2984	0.0000	1.0140	20.4552	0.0000	105.4423	0.0003	0.0004	0.0002	0.0011	0.0009	0.0021	0.0001	0.0000	0.0001	
47	71	0.0652	2	0	1	0	1	0	0	0	0	N	N	N	N	N	N	N	N	N	N	N	N	0.9575	0.0000	inf	0.0001	0.0001	inf	1.4298	0.0000	inf	2.4335	0.0001	17.0071	0.0006	0.0005	0.0014	2.7688	0.0000	19.3859	2.5414	5.3597	0.0000	6.9427	7.2911	0.0000	1.9365	4.9765	0.0000	49996.0000	0.0000	0.6145	-0.6136	2.0873	7.0000	1.9360	4.9994	0.9999	0.0000	0.9999	0.0000	0.0000	0.0000	0.9999	0.0000	0.9999	0.9129	0.9129	0.0000	0.5183	0.5183	0.0000	0.3946	0.3946	0.0000	0.4109	0.3521	0.0588	0.0498	0.0426	0.0072	0.3611	0.3096	0.0516	0.4556	0.1703	0.2852	0.0982	0.0836	0.0147	0.3573	0.0868	0.2706	1.2144	0.0000	inf	0.0001	0.0001	inf	2.5075	0.0000	inf	2.0038	5.3597	0.0000	5.2772	6.2025	0.0000	1.1042	4.5481	0.0000
47	72	0.1217	3	0	1	0	1	0	0	0	0	N	N	N	N	N	N	N	N	N	N	N	N	1405.6023	4760.0540	0.0000	2059.1630	7512.7557	0.0000	720.8933	inf	0.0000	2.7011	3.1481	0.0000	5.9534	6.7360	0.0000	1.8015	2.1173	0.0000	0.0019	0.0007	0.0033	0.0029	0.0009	0.0242	0.0025	0.0000	0.0016	0.0000	4.5883	-0.3062	0.0001	2.0873	4.7764	1.9360	1.3205	0.7943	0.7943	0.0000	0.3793	0.3793	0.0000	0.4150	0.4150	0.0000	0.0005	0.0001	0.0004	0.0003	0.0001	0.0002	0.0002	0.0000	0.0002	0.2941	0.2523	0.0418	0.0637	0.0563	0.0074	0.2304	0.1960	0.0344	0.2496	0.1298	0.1198	0.1047	0.0957	0.0090	0.1449	0.0341	0.1109	1405.6023	4760.0540	0.0000	2059.1630	7512.7557	0.0000	1475.0695	inf	0.0000	0.0019	0.0007	0.0033	0.0029	0.0009	0.0242	0.0012	0.0000	0.0016
47	73	0.0652	2	0	1	0	1	0	0	0	0	N	N	N	N	N	N	N	N	N	N	N	N	205.8070	92.0134	171.8170	0.0005	0.0006	0.0000	275.9550	3.4563	379.4727	2.7299	3.1727	0.2147	0.0000	0.0000	0.0000	3.1160	3.6194	0.2459	0.0133	0.0345	0.0012	0.0441	0.0496	0.0130	0.0113	1.0472	0.0006	0.0119	0.0640	-0.2172	-0.0022	2.0873	3.3049	1.9360	2.7470	0.5814	0.5745	0.0068	0.0000	0.0000	0.0000	0.5814	0.5745	0.0068	0.0036	0.0034	0.0002	0.0025	0.0024	0.0001	0.0011	0.0010	0.0001	0.2130	0.1811	0.0319	0.0264	0.0223	0.0040	0.1866	0.1587	0.0278	0.2705	0.0978	0.1727	0.0566	0.0482	0.0084	0.2139	0.0496	0.1643	205.8070	92.0134	171.8170	0.0005	0.0006	0.0000	612.0009	182.7459	379.4727	0.0133	0.0345	0.0012	0.0441	0.0496	0.0130	0.0051	0.0198	0.0006
47	74	0.1239	3	0	1	0	1	0	0	0	0	N	N	N	N	N	N	N	N	N	N	N	N	0.0000	0.0000	0.0000	0.0000	0.0000	0.0000	0.0000	0.0000	0.0000	0.0000	0.0000	0.0000	0.0000	0.0000	0.0000	0.0000	0.0000	0.0000	0.0000	0.0000	2.0873	0.0000	1.9360	0.0000	0.0000	0.0000	0.0000	0.0000	0.0000	0.0000	0.0000	0.0000	0.0000	0.0000	0.0000	0.0000	0.0000	0.0000	0.0000	0.0000	0.0000	0.0000	0.0000	0.0000	0.0000	0.0000	0.0000	0.0000	0.0000	0.0000	0.0000	0.0000	0.0000	0.0000	0.0000	0.0000	0.0000	0.0000	0.0000	0.0000	0.0000	0.0000	0.0000	0.0000	0.0000	0.0000	0.0000	0.0000	0.0000	0.0000	0.0000	0.0000	0.0000	0.0000	0.0000	0.0000	0.0000	0.0000											
47	75	0.0652	2	0	1	0	1	0	0	0	0	N	N	N	N	N	N	N	N	N	N	N	N	0.9811	0.5477	263.6253	0.0000	0.0000	0.7444	1.7595	0.6716	538.4970	3.6580	4.2795	0.0731	0.0003	0.0000	0.0020	4.1715	4.8778	0.0833	3.7285	7.8130	0.0003	7.5426	8.8119	0.0026	2.3709	7.2625	0.0002	0.0030	0.0001	-0.3823	-0.5622	2.0873	4.3567	1.9360	2.3689	0.9993	0.9964	0.0029	0.0000	0.0000	0.0000	0.9993	0.9964	0.0029	0.8365	0.8364	0.0001	0.4419	0.4418	0.0000	0.3946	0.3946	0.0000	0.2732	0.2328	0.0404	0.0336	0.0286	0.0051	0.2396	0.2043	0.0353	0.2950	0.1071	0.1879	0.0620	0.0527	0.0092	0.2330	0.0543	0.1787	1.2899	0.5477	263.6253	0.0000	0.0000	0.7444	2.4631	0.6716	538.4970	2.8359	7.8130	0.0003	7.1323	8.3802	0.0026	1.6936	7.2625	0.0002
47	76	0.1326	5	1	1	0	2	0	0	0	0	N	N	N	Y	N	N	N	N	N	N	N	N	0.0000	0.0000	0.0000	0.0000	0.0000	0.0000	0.0000	0.0000	0.0000	0.0000	0.0000	0.0000	0.0000	0.0000	0.0000	0.0000	0.0000	0.0000	0.0000	0.0000	2.0873	0.0000	1.9360	0.0000	0.0000	0.0000	0.0000	0.0000	0.0000	0.0000	0.0000	0.0000	0.0000	0.0000	0.0000	0.0000	0.0000	0.0000	0.0000	0.0000	0.0000	0.0000	0.0000	0.0000	0.0000	0.0000	0.0000	0.0000	0.0000	0.0000	0.0000	0.0000	0.0000	0.0000	0.0000	0.0000	0.0000	0.0000	0.0000	0.0000	0.0000	0.0000	0.0000	0.0000	0.0000	0.0000	0.0000	0.0000	0.0000	0.0000	0.0000	0.0000	0.0000	0.0000	0.0000	0.0000	0.0000	0.0000											
47	77	0.1242	4	1	1	0	2	0	0	0	0	N	N	N	Y	N	N	N	N	N	N	N	N	0.0000	0.0000	0.0000	0.0000	0.0000	0.0000	0.0000	0.0000	0.0000	0.0000	0.0000	0.0000	0.0000	0.0000	0.0000	0.0000	0.0000	0.0000	0.0000	0.0000	0.0000	0.0000	0.0000	0.0000	0.0000	0.0000	38.0417	0.0000	0.0000	2.0873	1.0073	1.9360	0.3366	0.0000	0.0000	0.0000	0.0000	0.0000	0.0000	0.0000	0.0000	0.0000	0.0000	0.0000	0.0000	0.0000	0.0000	0.0000	0.0000	0.0000	0.0000	0.0636	0.0541	0.0095	0.0062	0.0057	0.0005	0.0574	0.0484	0.0090	0.0452	0.0216	0.0236	0.0138	0.0120	0.0018	0.0314	0.0096	0.0218	0.0000	0.0000	0.0000	0.0000	0.0000	0.0000	0.0000	0.0000	0.0000	0.0000	0.0000	0.0000	0.0000	0.0000	0.0000	0.0000	0.0000	0.0000		
47	78	0.1500	4	0	1	0	2	0	0	0	0	N	N	N	Y	N	N	N	N	N	N	N	N	0.0000	0.0000	0.0000	0.0000	0.0000	0.0000	0.0000	0.0000	0.0000	0.0000	0.0000	0.0000	0.0000	0.0000	0.0000	0.0000	0.0000	0.0000	0.0000	0.0000	2.0873	0.0000	1.9360	0.0000	0.0000	0.0000	0.0000	0.0000	0.0000	0.0000	0.0000	0.0000	0.0000	0.0000	0.0000	0.0000	0.0000	0.0000	0.0000	0.0000	0.0000	0.0000	0.0000	0.0000	0.0000	0.0000	0.0000	0.0000	0.0000	0.0000	0.0000	0.0000	0.0000	0.0000	0.0000	0.0000	0.0000	0.0000	0.0000	0.0000	0.0000	0.0000	0.0000	0.0000	0.0000	0.0000	0.0000	0.0000	0.0000	0.0000	0.0000	0.0000	0.0000	0.0000	0.0000	0.0000	0.0000	0.0000											
47	79	0.1418	3	0	1	0	2	0	0	0	0	N	N	N	Y	N	N	N	N	N	N	N	N	0.0000	0.0000	0.0000	0.0000	0.0000	0.0000	0.0000	0.0000	0.0000	0.0000	0.0000	0.0000	0.0000	0.0000	0.0000	0.0000	0.0000	0.0000	0.0000	0.0000	2.0873	0.0000	1.9360	1.0000	0.0000	0.0000	0.0000	0.0000	0.0000	0.0000	0.0000	0.0000	0.0000	0.0000	0.0000	0.0000	0.0000	0.0000	0.0000	0.0000	0.0000	0.0000	0.0000	0.0000	0.0000	0.0000	0.0000	0.0000	0.0000	0.0000	0.0000	0.0493	0.0233	0.0260	0.0236	0.0140	0.0096	0.0257	0.0093	0.0163	0.0000	0.0000	0.0000	0.0000	0.0000	0.0000	0.0000	0.0000	0.0000	0.0000	0.0000	0.0000	0.0000	0.0000	0.0000	0.0000	0.0000	0.0000											
47	80	0.1242	4	0	1	0	1	0	0	0	0	N	N	N	N	N	N	N	N	N	N	N	N	0.0000	0.0000	0.0000	0.0000	0.0000	0.0000	0.0000	0.0000	0.0000	0.0000	0.0000	0.0000	0.0000	0.0000	0.0000	0.0000	0.0000	0.0000	0.0000	0.0000	0.0000	0.0000	0.0000	0.0000	0.0000	0.0000	38.0833	0.0000	0.0000	2.0873	3.9927	1.9360	1.0002	0.0000	0.0000	0.0000	0.0000	0.0000	0.0000	0.0000	0.0000	0.0000	0.0000	0.0000	0.0000	0.0000	0.0000	0.0000	0.0000	0.0000	0.0000	0.2334	0.1999	0.0335	0.0232	0.0212	0.0019	0.2102	0.1787	0.0315	0.1481	0.0711	0.0770	0.0442	0.0380	0.0063	0.1038	0.0332	0.0707	0.0000	0.0000	0.0000	0.0000	0.0000	0.0000	0.0000	0.0000	0.0000	0.0000	0.0000	0.0000	0.0000	0.0000	0.0000	0.0000	0.0000	0.0000		
47	81	0.1196	3	0	1	0	1	0	0	0	0	N	N	N	N	N	N	N	N	N	N	N	N	0.0000	0.0000	0.0000	0.0000	0.0000	0.0000	0.0000	0.0000	0.0000	0.0000	0.0000	0.0000	0.0000	0.0000	0.0000	0.0000	0.0000	0.0000	0.0000	0.0000	0.0000	0.0000	0.0000	0.0000	0.0000	0.0339	0.0000	-0.0000	2.0873	0.0110	1.9360	0.6549	0.0000	0.0000	0.0000	0.0000	0.0000	0.0000	0.0000	0.0000	0.0000	0.0000	0.0000	0.0000	0.0000	0.0000	0.0000	0.0000	0.0000	0.0000	0.0007	0.0006	0.0001	0.0001	0.0001	0.0000	0.0006	0.0005	0.0001	0.0214	0.0102	0.0112	0.0063	0.0054	0.0009	0.0152	0.0048	0.0103	0.0000	0.0000	0.0000	0.0000	0.0000	0.0000	0.0000	0.0000	0.0000	0.0000	0.0000	0.0000	0.0000	0.0000	0.0000	0.0000	0.0000	0.0000			
47	82	0.1418	3	0	0	1	2	0	0	0	0	N	N	N	Y	N	N	N	N	N	N	N	N	0.0000	0.0000	0.0000	0.0000	0.0000	0.0000	0.0000	0.0000	0.0000	0.0000	0.0000	0.0000	0.0000	0.0000	0.0000	0.0000	0.0000	0.0000	0.0000	0.0000	2.0873	1.0000	1.9360	0.0000	0.0000	0.0000	0.0000	0.0000	0.0000	0.0000	0.0000	0.0000	0.0000	0.0000	0.0000	0.0000	0.0000	0.0000	0.0000	0.0000	0.0000	0.0000	0.0629	0.0535	0.0095	0.0031	0.0028	0.0003	0.0599	0.0507	0.0092	0.0493	0.0233	0.0260	0.0236	0.0140	0.0096	0.0257	0.0093	0.0163	0.0000	0.0000	0.0000	0.0000	0.0000	0.0000	0.0000	0.0000	0.0000	0.0000	0.0000	0.0000	0.0000	0.0000	0.0000	0.0000	0.0000	0.0000											
47	83	0.1418	3	0	0	1	2	0	0	0	0	N	N	N	Y	N	N	N	N	N	N	N	N	0.0000	0.0000	0.0000	0.0000	0.0000	0.0000	0.0000	0.0000	0.0000	0.0000	0.0000	0.0000	0.0000	0.0000	0.0000	0.0000	0.0000	0.0000	0.0000	0.0000	2.0873	0.0000	1.9360	0.0000	0.0000	0.0000	0.0000	0.0000	0.0000	0.0000	0.0000	0.0000	0.0000	0.0000	0.0000	0.0000	0.0000	0.0000	0.0000	0.0000	0.0000	0.0000	0.0000	0.0000	0.0000	0.0000	0.0000	0.0000	0.0000	0.0000	0.0000	0.0000	0.0000	0.0000	0.0000	0.0000	0.0000	0.0000	0.0000	0.0000	0.0000	0.0000	0.0000	0.0000	0.0000	0.0000	0.0000	0.0000	0.0000	0.0000	0.0000	0.0000	0.0000	0.0000	0.0000	0.0000	0.0000	0.0000											
47	84	0.0652	2	0	0	0	2	0	0	0	0	N	N	N	Y	N	N	N	N	N	N	N	N	0.0060	0.0013	0.0003	0.0004	inf	inf	0.0023	0.0027	0.0000	0.0004	0.0005	0.0000	0.0025	0.0030	0.0000	0.3749	1.9888	0.0000	1.1828	1.3900	0.0000	0.0000	0.0000	0.0000	0.0000	0.0000	-0.0002	-0.0626	2.0873	3.0000	1.9360	5.9994	0.0004	0.0004	0.0000	0.0000	0.0000	0.0000	0.0004	0.0004	0.0000	0.0931	0.0931	0.0000	0.0931	0.0931	0.0000	0.0000	0.0000	0.0000	0.1949	0.1656	0.0293	0.0242	0.0205	0.0037	0.1707	0.1451	0.0256	0.3705	0.1362	0.2342	0.0787	0.0670	0.0117	0.2918	0.0692	0.2225	0.0090	0.0039	0.0000	0.0003	0.0004	0.0000	inf	inf	0.0000	0.2513	0.6834	0.0000	1.1828	1.3900	0.0000	0.0000	0.0000	0.0000			
47	85	0.2027	3	1	1	0	1	0	0	0	0	N	N	N	N	N	N	N	N	N	N	N	N	0.0000	0.0000	0.0000	0.0000	0.0000	0.0000	0.0000	0.0000	0.0000	0.0000	0.0000	0.0000	0.0000	0.0031	0.0000	0.0071	0.0000	0.0000	0.0000	0.0126	0.0000	0.0071	inf	0.0000	0.0000	2.0873	0.0000	1.9360	0.0000	0.0000	0.0000	0.0000	0.0000	0.0000	0.0000	0.0000	0.0000	0.0000	0.0000	0.0000	0.0000	0.0000	0.0000	0.0000	0.0000	0.0000	0.0000	0.0000	0.0000	0.0000	0.0000	0.0000	0.0000	0.0000	0.0000	0.0000	0.0000	0.0000	0.0000	0.0000	0.0000	0.0000	0.0000	0.0000	0.0000	0.0000	0.0000	0.0000	0.0000	0.0000	0.0000	0.0000	0.0000	0.0000	0.0031	0.0000	0.0071	0.0000	0.0000	0.0000	0.0056	0.0000	0.0071						
47	86	0.0652	2	1	1	0	1	0	0	0	0	N	N	N	N	N	N	N	N	N	N	N	N	0.7539	0.3515	0.0000	0.0311	0.0321	0.0000	20.5430	inf	0.0000	0.0014	0.0017	0.0000	0.0003	0.0003	0.0000	0.0016	0.0019	0.0000	0.0019	0.0048	0.0002	0.0085	0.0097	0.0017	0.0001	0.0000	0.0001	0.0000	0.0643	-0.0002	-0.0005	2.0873	5.0000	1.9360	7.0006	0.0004	0.0004	0.0000	0.0000	0.0000	0.0000	0.0004	0.0004	0.0000	0.0009	0.0008	0.0001	0.0008	0.0008	0.0000	0.0000	0.0000	0.0000	0.3084	0.2632	0.0452	0.0378	0.0322	0.0056	0.2706	0.2311	0.0396	0.4556	0.1703	0.2853	0.0982	0.0836	0.0147	0.3574	0.0868	0.2706	0.7539	0.3515	0.0000	0.0311	0.0321	0.0000	20.5430	inf	0.0000	0.0019	0.0048	0.0002	0.0085	0.0097	0.0017	0.0001	0.0000	0.0001
47	87	0.0652	2	0	1	0	1	0	0	0	0	N	N	N	N	N	N	N	N	N	N	N	N	7.0771	4.2879	0.0000	0.3157	0.3844	0.0000	39.0496	inf	0.0000	0.0064	0.0076	0.0000	0.0012	0.0014	0.0000	0.0072	0.0085	0.0000	0.0009	0.0018	0.0004	0.0037	0.0036	0.0042	0.0002	0.0000	0.0002	0.0000	0.4341	-0.0002	-0.0001	2.0873	1.0000	1.9360	3.0006	0.0004	0.0004	0.0000	0.0000	0.0000	0.0000	0.0004	0.0004	0.0000	0.0002	0.0001	0.0001	0.0001	0.0001	0.0000	0.0000	0.0000	0.0000	0.0685	0.0580	0.0106	0.0086	0.0073	0.0014	0.0599	0.0507	0.0092	0.1897	0.0678	0.1219	0.0393	0.0335	0.0058	0.1504	0.0343	0.1161	7.0771	4.2879	0.0000	0.3157	0.3844	0.0000	39.0496	inf	0.0000	0.0009	0.0018	0.0004	0.0037	0.0036	0.0042	0.0002	0.0000	0.0002
47	88	0.1196	3	1	1	0	1	0	0	0	0	N	N	N	N	N	N	N	N	N	N	N	N	0.0000	0.0000	0.0000	0.0000	0.0000	0.0000	0.0000	0.0000	0.0000	0.0000	0.0000	0.0000	0.0000	0.0000	0.0000	0.0000	0.0000	0.0000	0.0000	0.0000	2.0873	0.0000	1.9360	0.0000	0.0000	0.0000	0.0000	0.0000	0.0000	0.0000	0.0000	0.0000	0.0000	0.0000	0.0000	0.0000	0.0000	0.0000	0.0000	0.0000	0.0000	0.0000	0.0000	0.0000	0.0000	0.0000	0.0000	0.0000	0.0000	0.0000	0.0000	0.0000	0.0000	0.0000	0.0000	0.0000	0.0000	0.0000	0.0000	0.0000	0.0000	0.0000	0.0000	0.0000	0.0000	0.0000	0.0000	0.0000	0.0000	0.0000	0.0000	0.0000	0.0000	0.0000	0.0000	0.0000	0.0000	0.0000											
47	89	0.0652	2	0	1	0	1	0	0	0	0	N	N	N	N	N	N	N	N	N	N	N	N	4.9038	2.1054	0.1910	0.1915	inf	inf	0.0017	0.0020	0.0000	0.0003	0.0004	0.0000	0.0019	0.0023	0.0000	0.0004	0.0010	0.0000	0.0017	0.0020	0.0000	0.0000	0.0000	0.0000	0.0000	0.0000	-0.0002	-0.0001	2.0873	4.0000	1.9360	4.0001	0.0004	0.0004	0.0000	0.0000	0.0000	0.0000	0.0004	0.0004	0.0000	0.0001	0.0001	0.0000	0.0001	0.0001	0.0000	0.0000	0.0000	0.0000	0.2531	0.2156	0.0376	0.0312	0.0265	0.0047	0.2219	0.1891	0.0328	0.3385	0.1238	0.2148	0.0716	0.0609	0.0107	0.2670	0.0629	0.2041	4.9038	2.1054	0.0000	0.1910	0.1915	0.0000	inf	inf	0.0000	0.0004	0.0010	0.0000	0.0017	0.0020	0.0000	0.0000	0.0000	0.0000			
47	91	0.2107	4	0	0	0	1	0	0	0	0	N	N	N	N	N	N	N	N	N	N	N	N	2.4922	0.2215	16.4001	0.4284	1.0393	0.1014	4.4598	0.0000	41.6398	0.0863	0.0064	0.6385	0.0277	0.0273	0.0319	0.1035	0.0000	0.7546	0.0346	0.0291	0.0389	0.0647	0.0263	0.3149	0.0232	1.5428	0.0181	14.3477	1.7395	0.0328	-0.0008	2.0873	11.5137	1.9360	4.9035	0.0597	0.0039	0.0559	0.0043	0.0039	0.0004	0.0554	0.0000	0.0554	0.0214	0.0078	0.0136	0.0119	0.0042	0.0077	0.0095	0.0036	0.0059	0.6921	0.6046	0.0875	0.1567	0.1427	0.0140	0.5354	0.4620	0.0734	0.6172	0.2685	0.3487	0.1838	0.1593	0.0245	0.4334	0.1092	0.3242	2.4922	0.2215	16.4001	0.4284	1.0393	0.1014	4.7229	0.0001	41.6398	0.0346	0.0291	0.0389	0.0647	0.0263	0.3149	0.0219	0.0332	0.0181
48	51	0.0700	2	1	1	0	1	0	0	0	0	N	N	N	N	N	N	N	N	N	N	N	N	5.3944	1.5057	0.8871	0.6584	0.6845	0.0001	0.0411	0.0001	58.4736	0.0099	0.0118	0.0000	0.0796	0.0841	0.0000	0.0000	0.0000	0.0000	0.0018	0.0078	0.0000	0.1208	0.1229	0.0237	0.0001	0.0252	0.0000	0.0001	0.0041	-0.0005	-0.0002	3.9129	1.0314	0.7267	3.0033	0.0013	0.0013	0.0000	0.0013	0.0013	0.0000	0.0000	0.0000	0.0000	0.0002	0.0002	0.0000	0.0002	0.0002	0.0000	0.0000	0.0000	0.0000	0.1295	0.1087	0.0209	0.0161	0.0152	0.0009	0.1135	0.0935	0.0200	0.1309	0.0305	0.1003	0.0019	0.0019	0.0000	0.1290	0.0287	0.1003	5.3944	1.5057	0.8871	0.6584	0.6845	0.0001	0.0411	0.0056	58.4736	0.0018	0.0078	0.0000	0.1208	0.1229	0.0237	0.0001	0.0003	0.0000
48	54	0.0853	3	0	0	1	1	0	0	0	0	N	N	N	N	N	N	N	N	N	N	N	N	0.0834	0.0000	0.4362	0.0000	0.0000	0.0000	0.0873	0.0000	0.4460	0.0001	0.0000	0.0004	0.0000	0.0000	0.0000	0.0002	0.0000	0.0004	0.0011	0.0021	0.0009	0.0026	0.0028	0.0002	0.0020	0.0690	0.0009	inf	1.6500	0.0000	-0.0000	3.9129	0.0147	0.7267	0.9910	0.0000	0.0000	0.0000	0.0000	0.0000	0.0000	0.0000	0.0000	0.0000	0.0000	0.0000	0.0000	0.0000	0.0000	0.0000	0.0000	0.0000	0.0000	0.0076	0.0058	0.0019	0.0034	0.0033	0.0000	0.0043	0.0024	0.0018	0.0412	0.0083	0.0328	0.0018	0.0017	0.0001	0.0393	0.0066	0.0327	0.0834	0.0000	0.4362	0.0000	0.0000	0.0000	0.1584	0.0000	0.4460	0.0011	0.0021	0.0009	0.0026	0.0028	0.0002	0.0011	0.0020	0.0009
48	55	0.0743	2	0	0	0	1	0	0	0	0	N	N	N	N	N	N	N	N	N	N	N	N	0.1146	0.0000	0.8657	0.0151	0.0000	0.0486	0.1400	0.0000	0.9729	0.0033	0.0000	0.0214	0.0004	0.0000	0.0039	0.0041	0.0000	0.0239	0.0292	0.0469	0.0248	0.0242	0.0205	0.0797	0.0294	2.1917	0.0246	16672.3552	2.0697	0.0003	0.0000	3.9129	0.9556	0.7267	1.0192	0.0004	0.0000	0.0004	0.0000	0.0000	0.0000	0.0004	0.0000	0.0004	0.0023	0.0007	0.0015	0.0001	0.0001	0.0000	0.0022	0.0007	0.0015	0.1338	0.1130	0.0209	0.0275	0.0250	0.0026	0.1063	0.0880	0.0183	0.0783	0.0161	0.0622	0.0034	0.0032	0.0002	0.0749	0.0129	0.0620	0.1146	0.0000	0.8657	0.0151	0.0000	0.0486	0.1400	0.0000	0.9729	0.0292	0.0463	0.0248	0.0242	0.0205	0.0797	0.0294	0.0526	0.0246
48	58	0.1778	3	0	0	0	1	0	0	0	0	N	N	N	N	N	N	N	N	N	N	N	N	0.0196	0.0008	13.4243	0.0201	0.0203	0.0078	0.0184	0.0000	38.0515	0.0015	0.0010	0.0046	0.0064	0.0067	0.0002	0.0007	0.0000	0.0048	0.0769	1.2528	0.0003	0.3178	0.3302	0.0281	0.0406	3.5370	0.0001	0.7258	0.0031	0.0001	-0.0233	3.9129	10.2575	0.7267	3.8960	0.0017	0.0010	0.0007	0.0010	0.0010	0.0000	0.0007	0.0000	0.0007	0.0348	0.0347	0.0001	0.0189	0.0188	0.0001	0.0159	0.0159	0.0000	1.1197	0.9651	0.1547	0.1518	0.1443	0.0075	0.9679	0.8208	0.1471	0.4521	0.1370	0.3151	0.0593	0.0569	0.0024	0.3928	0.0801	0.3127	0.0196	0.0040	13.4243	0.0201	0.0203	0.0078	0.0184	0.0001	38.0515	0.0769	0.2531	0.0003	0.3178	0.3302	0.0281	0.0406	0.1984	0.0001
48	59	0.1518	2	1	1	1	1	0	0	0	0	N	N	N	N	N	N	N	N	N	N	N	N	0.0000	0.0000	0.0000	0.0000	0.0000	0.0000	0.0000	0.0000	0.0000	0.0000	0.0000	0.0000	0.0000	0.0000	0.0000	0.0000	0.0000	0.0000	0.0000	0.0000	3.9129	0.0000	0.7267	0.0000	0.0000	0.0000	0.0000	0.0000	0.0000	0.0000	0.0000	0.0000	0.0000	0.0000	0.0000	0.0000	0.0000	0.0000	0.0000	0.0000	0.0000	0.0000	0.0000	0.0000	0.0000	0.0000	0.0000	0.0000	0.0000	0.0000	0.0000	0.0000	0.0000	0.0000	0.0000	0.0000	0.0000	0.0000	0.0000	0.0000	0.0000	0.0000	0.0000	0.0000	0.0000	0.0000	0.0000	0.0000	0.0000	0.0000	0.0000	0.0000	0.0000	0.0000	0.0000	0.0000	0.0000	0.0000											
48	61	0.1147	2	1	0	1	1	0	0	0	0	N	N	N	N	N	N	N	N	N	N	N	N	0.0000	0.0000	0.0000	0.0000	0.0000	0.0000	0.0000	0.0000	0.0000	0.0000	0.0000	0.0000	0.0000	0.0000	0.0000	0.0000	0.0000	0.0000	0.0000	0.0000	3.9129	2.0000	0.7267	0.0000	0.0000	0.0000	0.0000	0.0000	0.0000	0.0000	0.0000	0.0000	0.0000	0.0000	0.0000	0.0000	0.0000	0.0000	0.0000	0.0000	0.0000	0.0000	0.2022	0.1675	0.0347	0.0161	0.0150	0.0011	0.1861	0.1525	0.0337	0.0529	0.0202	0.0327	0.0282	0.0135	0.0147	0.0247	0.0067	0.0180	0.0000	0.0000	0.0000	0.0000	0.0000	0.0000	0.0000	0.0000	0.0000	0.0000	0.0000	0.0000	0.0000	0.0000	0.0000	0.0000	0.0000	0.0000											
48	64	0.1389	4	0	0	1	1	0	0	0	0	N	N	N	N	N	N	N	N	N	N	N	N	0.0000	0.0000	0.0000	0.0000	0.0000	0.0000	0.0000	0.0000	0.0000	0.0000	0.0000	0.0000	0.0000	0.0000	0.0000	0.0000	0.0000	0.0000	0.0000	0.0000	3.9129	0.0000	0.7267	0.0000	0.0000	0.0000	0.0000	0.0000	0.0000	0.0000	0.0000	0.0000	0.0000	0.0000	0.0000	0.0000	0.0000	0.0000	0.0000	0.0000	0.0000	0.0000	0.0000	0.0000	0.0000	0.0000	0.0000	0.0000	0.0000	0.0000	0.0000	0.0000	0.0000	0.0000	0.0000	0.0000	0.0000	0.0000	0.0000	0.0000	0.0000	0.0000	0.0000	0.0000	0.0000	0.0000	0.0000	0.0000	0.0000	0.0000	0.0000	0.0000	0.0000	0.0000	0.0000	0.0000	0.0000	0.0000											
48	65	0.1146	3	0	0	1	1	0	0	0	0	N	N	N	N	N	N	N	N	N	N	N	N	0.0000	0.0000	0.0000	0.0000	0.0000	0.0000	0.0000	0.0000	0.0000	0.0000	0.0000	0.0000	0.0000	0.0000	0.0000	0.0093	0.0403	0.0031	0.0000	0.0000	0.0000	0.0193	2.5164	0.0040	0.3800	0.0000	-0.0003	3.9129	0.8734	0.7267	1.0002	0.0000	0.0000	0.0000	0.0000	0.0000	0.0000	0.0000	0.0000	0.0000	0.0007	0.0005	0.0002	0.0000	0.0000	0.0000	0.0007	0.0005	0.0002	0.0966	0.0798	0.0168	0.0039	0.0036	0.0002	0.0927	0.0761	0.0166	0.0739	0.0124	0.0615	0.0174	0.0036	0.0138	0.0565	0.0088	0.0477	0.0000	0.0000	0.0000	0.0000	0.0000	0.0000	0.0000	0.0000	0.0000	0.0093	0.0403	0.0031	0.0000	0.0000	0.0000	0.0122	0.0567	0.0040				
48	66	0.1000	2	0	0	0	1	0	0	0	0	N	N	N	N	N	N	N	N	N	N	N	N	0.0121	0.0031	0.0607	0.0484	0.0419	0.0000	0.0093	0.0000	0.1884	0.0002	0.0001	0.0006	0.0020	0.0021	0.0000	0.0001	0.0000	0.0006	0.0161	0.0345	0.0099	0.0409	0.0494	0.0336	0.0117	0.9270	0.0032	1.1684	0.8663	0.0000	-0.0002	3.9129	1.0063	0.7267	0.0727	0.0000	0.0000	0.0000	0.0000	0.0000	0.0000	0.0000	0.0000	0.0000	0.0009	0.0005	0.0004	0.0007	0.0004	0.0003	0.0002	0.0001	0.0001	0.1125	0.0930	0.0195	0.0051	0.0049	0.0002	0.1074	0.0882	0.0193	0.0547	0.0136	0.0410	0.0167	0.0077	0.0091	0.0379	0.0060	0.0320	0.0121	0.0031	0.0607	0.0484	0.0419	0.0000	0.0213	0.0000	0.1884	0.0161	0.0345	0.0099	0.0409	0.0494	0.0336	0.0051	0.0154	0.0032
48	72	0.0888	2	0	1	0	1	0	0	0	0	N	N	N	N	N	N	N	N	N	N	N	N	2.2658	1.3059	0.1573	4.1873	4.4181	0.0000	5.3063	17.2364	0.1654	0.0059	0.0070	0.0001	0.0321	0.0337	0.0000	0.0034	0.0041	0.0001	0.0026	0.0054	0.0008	0.0077	0.0076	0.0815	0.0006	0.0002	0.0008	0.0033	0.2234	-0.0011	-0.0002	3.9129	4.7764	0.7267	1.3205	0.0030	0.0030	0.0000	0.0014	0.0014	0.0000	0.0016	0.0016	0.0000	0.0005	0.0004	0.0001	0.0004	0.0004	0.0000	0.0001	0.0000	0.0001	0.5012	0.4227	0.0785	0.0436	0.0415	0.0021	0.4576	0.3812	0.0764	0.1839	0.0733	0.1106	0.0517	0.0517	0.0000	0.1322	0.0216	0.1106	2.2658	1.3059	0.1573	4.1873	4.4181	0.0000	5.3063	72772.9280	0.1654	0.0026	0.0054	0.0008	0.0077	0.0076	0.0815	0.0006	0.0000	0.0008
48	74	0.0910	2	0	1	0	1	0	0	0	0	N	N	N	N	N	N	N	N	N	N	N	N	0.0000	0.0000	0.0000	0.0000	0.0000	0.0000	0.0000	0.0000	0.0000	0.0000	0.0000	0.0000	0.0000	0.0000	0.0000	0.0000	0.0000	0.0000	0.0000	0.0000	3.9129	0.0000	0.7267	0.0000	0.0000	0.0000	0.0000	0.0000	0.0000	0.0000	0.0000	0.0000	0.0000	0.0000	0.0000	0.0000	0.0000	0.0000	0.0000	0.0000	0.0000	0.0000	0.0000	0.0000	0.0000	0.0000	0.0000	0.0000	0.0000	0.0000	0.0000	0.0000	0.0000	0.0000	0.0000	0.0000	0.0000	0.0000	0.0000	0.0000	0.0000	0.0000	0.0000	0.0000	0.0000	0.0000	0.0000	0.0000	0.0000	0.0000	0.0000	0.0000	0.0000	0.0000	0.0000	0.0000	0.0000	0.0000											
48	76	0.0996	4	1	1	0	2	0	0	0	0	N	N	N	Y	N	N	N	N	N	N	N	N	0.0000	0.0000	0.0000	0.0000	0.0000	0.0000	0.0000	0.0000	0.0000	0.0000	0.0000	0.0000	0.0000	0.0000	0.0000	0.0000	0.0000	0.0000	0.0000	0.0000	3.9129	0.0000	0.7267	0.0000	0.0000	0.0000	0.0000	0.0000	0.0000	0.0000	0.0000	0.0000	0.0000	0.0000	0.0000	0.0000	0.0000	0.0000	0.0000	0.0000	0.0000	0.0000	0.0000	0.0000	0.0000	0.0000	0.0000	0.0000	0.0000	0.0000	0.0000	0.0000	0.0000	0.0000	0.0000	0.0000	0.0000	0.0000	0.0000	0.0000	0.0000	0.0000	0.0000	0.0000	0.0000	0.0000	0.0000	0.0000	0.0000	0.0000	0.0000	0.0000	0.0000	0.0000	0.0000	0.0000	0.0000	0.0000											
48	77	0.0913	3	1	1	0	2	0	0	0	0	N	N	N	Y	N	N	N	N	N	N	N	N	0.0000	0.0000	0.0000	0.0000	0.0000	0.0000	0.0000	0.0000	0.0000	0.0000	0.0000	0.0000	0.0000	0.0000	0.0000	0.0000	0.0000	0.0000	0.0000	0.0000	0.0000	0.0000	0.0000	0.0000	0.0000	0.0263	0.0000	-0.0000	3.9129	1.0073	0.7267	0.3366	0.0000	0.0000	0.0000	0.0000	0.0000	0.0000	0.0000	0.0000	0.0000	0.0000	0.0000	0.0000	0.0000	0.0000	0.0000	0.0000	0.0000	0.0000	0.1118	0.0952	0.0166	0.0093	0.0083	0.0010	0.1025	0.0869	0.0156	0.0351	0.0128	0.0223	0.0043	0.0042	0.0001	0.0308	0.0086	0.0222	0.0000	0.0000	0.0000	0.0000	0.0000	0.0000	0.0000	0.0000	0.0000	0.0000	0.0000	0.0000	0.0000	0.0000	0.0000	0.0000	0.0000	0.0000			
48	78	0.1171	3	0	1	0	2	0	0	0	0	N	N	N	Y	N	N	N	N	N	N	N	N	0.0000	0.0000	0.0000	0.0000	0.0000	0.0000	0.0000	0.0000	0.0000	0.0000	0.0000	0.0000	0.0000	0.0000	0.0000	0.0000	0.0000	0.0000	0.0000	0.0000	3.9129	0.0000	0.7267	0.0000	0.0000	0.0000	0.0000	0.0000	0.0000	0.0000	0.0000	0.0000	0.0000	0.0000	0.0000	0.0000	0.0000	0.0000	0.0000	0.0000	0.0000	0.0000	0.0000	0.0000	0.0000	0.0000	0.0000	0.0000	0.0000	0.0000	0.0000	0.0000	0.0000	0.0000	0.0000	0.0000	0.0000	0.0000	0.0000	0.0000	0.0000	0.0000	0.0000	0.0000	0.0000	0.0000	0.0000	0.0000	0.0000	0.0000	0.0000	0.0000	0.0000	0.0000	0.0000	0.0000	0.0000	0.0000											
48	79	0.1088	2	0	1	0	2	0	0	0	0	N	N	N	Y	N	N	N	N	N	N	N	N	0.0000	0.0000	0.0000	0.0000	0.0000	0.0000	0.0000	0.0000	0.0000	0.0000	0.0000	0.0000	0.0000	0.0000	0.0000	0.0000	0.0000	0.0000	0.0000	0.0000	3.9129	0.0000	0.7267	1.0000	0.0000	0.0000	0.0000	0.0000	0.0000	0.0000	0.0000	0.0000	0.0000	0.0000	0.0000	0.0000	0.0000	0.0000	0.0000	0.0000	0.0000	0.0000	0.0000	0.0000	0.0000	0.0000	0.0000	0.0000	0.0000	0.0000	0.0000	0.0341	0.0105	0.0236	0.0119	0.0040	0.0079	0.0222	0.0064	0.0157	0.0000	0.0000	0.0000	0.0000	0.0000	0.0000	0.0000	0.0000	0.0000	0.0000	0.0000	0.0000	0.0000	0.0000	0.0000	0.0000	0.0000	0.0000											
48	80	0.0913	3	0	1	0	1	0	0	0	0	N	N	N	N	N	N	N	N	N	N	N	N	0.0000	0.0000	0.0000	0.0000	0.0000	0.0000	0.0000	0.0000	0.0000	0.0000	0.0000	0.0000	0.0000	0.0000	0.0000	0.0000	0.0000	0.0000	0.0000	0.0000	0.0000	0.0000	0.0000	0.0000	0.0000	0.0263	0.0000	-0.0000	3.9129	3.9927	0.7267	1.0002	0.0000	0.0000	0.0000	0.0000	0.0000	0.0000	0.0000	0.0000	0.0000	0.0000	0.0000	0.0000	0.0000	0.0000	0.0000	0.0000	0.0000	0.0000	0.4099	0.3511	0.0588	0.0343	0.0306	0.0037	0.3756	0.3204	0.0552	0.1117	0.0398	0.0719	0.0108	0.0103	0.0005	0.1009	0.0295	0.0714	0.0000	0.0000	0.0000	0.0000	0.0000	0.0000	0.0000	0.0000	0.0000	0.0000	0.0000	0.0000	0.0000	0.0000	0.0000	0.0000	0.0000	0.0000			
48	81	0.0866	2	0	1	0	1	0	0	0	0	N	N	N	N	N	N	N	N	N	N	N	N	0.0000	0.0000	0.0000	0.0000	0.0000	0.0000	0.0000	0.0000	0.0000	0.0000	0.0000	0.0000	0.0000	0.0000	0.0000	0.0000	0.0000	0.0000	0.0000	0.0000	0.0000	0.0000	0.0000	0.0000	0.0013	0.0000	9.3846	0.0000	0.0000	3.9129	0.0110	0.7267	0.6549	0.0000	0.0000	0.0000	0.0000	0.0000	0.0000	0.0000	0.0000	0.0000	0.0000	0.0000	0.0000	0.0000	0.0000	0.0000	0.0000	0.0000	0.0000	0.0012	0.0011	0.0002	0.0001	0.0001	0.0000	0.0011	0.0010	0.0002	0.0162	0.0057	0.0105	0.0014	0.0014	0.0001	0.0148	0.0043	0.0104	0.0000	0.0000	0.0000	0.0000	0.0000	0.0000	0.0000	0.0000	0.0000	0.0000	0.0000	0.0000	0.0000	0.0000	0.0000	0.0000	0.0000	0.0000		
48	82	0.1088	2	0	0	1	2	0	0	0	0	N	N	N	Y	N	N	N	N	N	N	N	N	0.0000	0.0000	0.0000	0.0000	0.0000	0.0000	0.0000	0.0000	0.0000	0.0000	0.0000	0.0000	0.0000	0.0000	0.0000	0.0000	0.0000	0.0000	0.0000	0.0000	3.9129	1.0000	0.7267	0.0000	0.0000	0.0000	0.0000	0.0000	0.0000	0.0000	0.0000	0.0000	0.0000	0.0000	0.0000	0.0000	0.0000	0.0000	0.0000	0.0000	0.0000	0.0000	0.1105	0.0940	0.0166	0.0036	0.0031	0.0005	0.1069	0.0909	0.0160	0.0341	0.0105	0.0236	0.0119	0.0040	0.0079	0.0222	0.0064	0.0157	0.0000	0.0000	0.0000	0.0000	0.0000	0.0000	0.0000	0.0000	0.0000	0.0000	0.0000	0.0000	0.0000	0.0000	0.0000	0.0000	0.0000	0.0000											
48	83	0.1088	2	0	0	1	2	0	0	0	0	N	N	N	Y	N	N	N	N	N	N	N	N	0.0000	0.0000	0.0000	0.0000	0.0000	0.0000	0.0000	0.0000	0.0000	0.0000	0.0000	0.0000	0.0000	0.0000	0.0000	0.0000	0.0000	0.0000	0.0000	0.0000	3.9129	0.0000	0.7267	0.0000	0.0000	0.0000	0.0000	0.0000	0.0000	0.0000	0.0000	0.0000	0.0000	0.0000	0.0000	0.0000	0.0000	0.0000	0.0000	0.0000	0.0000	0.0000	0.0000	0.0000	0.0000	0.0000	0.0000	0.0000	0.0000	0.0000	0.0000	0.0000	0.0000	0.0000	0.0000	0.0000	0.0000	0.0000	0.0000	0.0000	0.0000	0.0000	0.0000	0.0000	0.0000	0.0000	0.0000	0.0000	0.0000	0.0000	0.0000	0.0000	0.0000	0.0000	0.0000	0.0000	0.0000	0.0000											
48	85	0.1698	2	1	1	0	1	0	0	0	0	N	N	N	N	N	N	N	N	N	N	N	N	0.0000	0.0000	0.0000	0.0000	0.0000	0.0000	0.0000	0.0000	0.0000	0.0000	0.0000	0.0000	0.0000	0.0030	0.0054	0.0000	0.0066	0.0067	0.0000	0.0000	0.0000	0.0000	0.0000	0.0000	-0.0000	3.9129	0.0000	0.7267	0.0000	0.0000	0.0000	0.0000	0.0000	0.0000	0.0000	0.0000	0.0000	0.0000	0.0000	0.0000	0.0000	0.0000	0.0000	0.0000	0.0000	0.0000	0.0000	0.0000	0.0000	0.0000	0.0000	0.0000	0.0000	0.0000	0.0000	0.0000	0.0000	0.0000	0.0000	0.0000	0.0000	0.0000	0.0000	0.0000	0.0000	0.0000	0.0000	0.0000	0.0000	0.0000	0.0000	0.0000	0.0000	0.0000	0.0030	0.0054	0.0000	0.0066	0.0067	0.0000	0.0000	0.0000	0.0000						
48	88	0.0866	2	1	1	0	1	0	0	0	0	N	N	N	N	N	N	N	N	N	N	N	N	0.0000	0.0000	0.0000	0.0000	0.0000	0.0000	0.0000	0.0000	0.0000	0.0000	0.0000	0.0000	0.0000	0.0000	0.0000	0.0000	0.0000	0.0000	0.0000	0.0000	3.9129	0.0000	0.7267	0.0000	0.0000	0.0000	0.0000	0.0000	0.0000	0.0000	0.0000	0.0000	0.0000	0.0000	0.0000	0.0000	0.0000	0.0000	0.0000	0.0000	0.0000	0.0000	0.0000	0.0000	0.0000	0.0000	0.0000	0.0000	0.0000	0.0000	0.0000	0.0000	0.0000	0.0000	0.0000	0.0000	0.0000	0.0000	0.0000	0.0000	0.0000	0.0000	0.0000	0.0000	0.0000	0.0000	0.0000	0.0000	0.0000	0.0000	0.0000	0.0000	0.0000	0.0000	0.0000	0.0000	0.0000	0.0000											
48	91	0.1778	3	0	0	0	1	0	0	0	0	N	N	N	N	N	N	N	N	N	N	N	N	0.0252	0.0014	6.1675	0.0185	0.0186	0.0154	9.7368	0.0038	333.1081	0.0010	0.0010	0.0013	0.0063	0.0066	0.0004	0.0002	0.0001	0.0013	0.0406	0.7204	0.0002	0.3405	0.3551	0.0268	0.0000	0.0162	0.0000	0.2065	0.0036	-0.0003	-0.0130	3.9129	11.5137	0.7267	4.9035	0.0012	0.0010	0.0002	0.0010	0.0010	0.0000	0.0003	0.0001	0.0002	0.0194	0.0193	0.0001	0.0194	0.0193	0.0001	0.0000	0.0000	0.0000	1.2021	1.0373	0.1648	0.1537	0.1459	0.0078	1.0483	0.8913	0.1570	0.4778	0.1418	0.3360	0.0569	0.0543	0.0025	0.4209	0.0875	0.3335	0.0252	0.0072	6.1675	0.0185	0.0186	0.0154	9.7368	0.5642	333.1081	0.0406	0.1361	0.0002	0.3405	0.3551	0.0268	0.0000	0.0001	0.0000
49	51	0.1662	2	1	2	1	0	0	0	0	0	N	Y	N	N	N	N	N	N	N	N	N	N	14.6410	4.2263	0.0000	0.0199	0.0206	0.0000	1533410.5172	inf	0.0000	0.0953	0.1130	0.0000	0.0085	0.0090	0.0000	0.1077	0.1299	0.0000	0.0065	0.0267	0.0000	0.4269	0.4359	0.0134	0.0000	0.0000	0.0000	0.0000	0.0007	-0.0069	-0.0011	6.0000	1.0314	4.0006	3.0033	0.0180	0.0180	0.0000	0.0002	0.0002	0.0000	0.0178	0.0178	0.0000	0.0016	0.0016	0.0000	0.0016	0.0016	0.0000	0.0000	0.0000	0.0000	0.1884	0.1590	0.0295	0.0236	0.0223	0.0013	0.1649	0.1367	0.0282	0.2429	0.0591	0.1838	0.0037	0.0036	0.0001	0.2392	0.0555	0.1837	14.6410	4.2263	0.0000	0.0199	0.0206	0.0000	1533410.5172	inf	0.0000	0.0065	0.0267	0.0000	0.4269	0.4359	0.0134	0.0000	0.0000	0.0000
49	54	0.1815	3	0	1	2	0	0	0	0	0	N	N	Y	N	N	N	N	N	N	N	N	N	2002.5927	560.6027	0.0000	0.0000	0.0000	0.0000	inf	inf	1.3292	1.7377	0.0000	0.0000	0.0000	0.0000	2.3690	4.0052	0.0000	0.0007	0.0031	0.0000	0.0139	0.0149	0.0001	0.0000	0.0000	0.0000	0.0000	0.0006	-0.0056	-0.0000	6.0000	0.0147	4.0006	0.9910	0.0146	0.0146	0.0000	0.0000	0.0000	0.0000	0.0146	0.0146	0.0000	0.0001	0.0001	0.0000	0.0001	0.0001	0.0000	0.0000	0.0000	0.0000	0.0109	0.0084	0.0026	0.0048	0.0047	0.0001	0.0061	0.0036	0.0025	0.0754	0.0161	0.0592	0.0036	0.0034	0.0002	0.0718	0.0128	0.0590	2002.5927	560.6027	0.0000	0.0000	0.0000	0.0000	inf	inf	0.0000	0.0007	0.0031	0.0000	0.0139	0.0149	0.0001	0.0000	0.0000	0.0000	
49	55	0.1705	2	0	1	1	0	0	0	0	0	N	N	N	N	N	N	N	N	N	N	N	N	3514.9315	1197.3973	0.0000	0.5065	0.5209	0.0000	16875.8199	inf	0.0000	4.9079	5.7835	0.0000	0.0114	0.0126	0.0000	6.1735	7.4111	0.0000	0.0014	0.0048	0.0004	0.0226	0.0241	0.0002	0.0004	0.0000	0.0004	0.0000	0.3338	-0.3681	-0.0001	6.0000	0.9556	4.0006	1.0192	0.9549	0.9549	0.0000	0.0005	0.0005	0.0000	0.9545	0.9545	0.0000	0.0002	0.0002	0.0001	0.0002	0.0002	0.0000	0.0000	0.0000	0.0000	0.1946	0.1651	0.0295	0.0400	0.0363	0.0036	0.1546	0.1288	0.0258	0.1433	0.0311	0.1123	0.0067	0.0062	0.0004	0.1367	0.0248	0.1118	3514.9315	1197.3973	0.0000	0.5065	0.5209	0.0000	16875.8199	inf	0.0000	0.0014	0.0048	0.0004	0.0226	0.0241	0.0002	0.0004	0.0000	0.0004
49	58	0.2740	3	0	1	1	0	0	0	0	0	N	N	N	N	N	N	N	N	N	N	N	N	4.8155	0.4673	0.0000	1.9636	1.9840	0.0000	205237.1789	inf	0.0000	0.6232	0.7204	0.0000	1.9524	2.0538	0.0000	0.4109	0.4826	0.0000	0.1294	1.5418	0.0001	0.9943	1.0352	0.0172	0.0000	0.0000	0.0000	0.0000	0.0007	-0.3932	-0.0727	6.0000	10.2575	4.0006	3.8960	1.0201	1.0201	0.0000	0.4402	0.4402	0.0000	0.5799	0.5799	0.0000	0.1082	0.1081	0.0001	0.1082	0.1081	0.0001	0.0000	0.0000	0.0000	1.6368	1.4160	0.2208	0.2255	0.2143	0.0111	1.4113	1.2017	0.2096	0.8360	0.2593	0.5767	0.1088	0.1045	0.0044	0.7272	0.1549	0.5724	4.8155	1.7276	0.0000	1.9636	1.9840	0.0000	205237.1789	inf	0.0000	0.1294	0.4170	0.0001	0.9943	1.0352	0.0172	0.0000	0.0000	0.0000
49	59	0.2480	2	1	2	2	0	0	0	0	0	N	Y	Y	N	N	N	N	N	N	N	N	N	0.0000	0.0000	0.0000	0.0000	0.0000	0.0000	0.0000	0.0000	0.0000	0.0000	0.0000	0.0000	0.0000	0.0000	0.0000	0.0000	0.0000	0.0000	0.0000	0.0000	6.0000	0.0000	4.0006	0.0000	0.0000	0.0000	0.0000	0.0000	0.0000	0.0000	0.0000	0.0000	0.0000	0.0000	0.0000	0.0000	0.0000	0.0000	0.0000	0.0000	0.0000	0.0000	0.0000	0.0000	0.0000	0.0000	0.0000	0.0000	0.0000	0.0000	0.0000	0.0000	0.0000	0.0000	0.0000	0.0000	0.0000	0.0000	0.0000	0.0000	0.0000	0.0000	0.0000	0.0000	0.0000	0.0000	0.0000	0.0000	0.0000	0.0000	0.0000	0.0000	0.0000	0.0000	0.0000	0.0000	0.0000	0.0000											
49	61	0.2109	2	1	1	2	0	0	0	0	0	N	N	Y	N	N	N	N	N	N	N	N	N	0.0000	0.0000	0.0000	0.0000	0.0000	0.0000	0.0000	0.0000	0.0000	0.0000	0.0000	0.0000	0.0000	0.0000	0.0000	0.0000	0.0000	0.0000	0.0000	0.0000	6.0000	2.0000	4.0006	0.0000	0.0000	0.0000	0.0000	0.0000	0.0000	0.0000	0.0000	0.0000	0.0000	0.0000	0.0000	0.0000	0.0000	0.0000	0.0000	0.0000	0.0000	0.0000	0.2941	0.2452	0.0489	0.0235	0.0220	0.0016	0.2706	0.2232	0.0473	0.0979	0.0373	0.0606	0.0499	0.0242	0.0257	0.0480	0.0131	0.0349	0.0000	0.0000	0.0000	0.0000	0.0000	0.0000	0.0000	0.0000	0.0000	0.0000	0.0000	0.0000	0.0000	0.0000	0.0000	0.0000	0.0000	0.0000											
49	64	0.2351	4	0	1	2	0	0	0	0	0	N	N	Y	N	N	N	N	N	N	N	N	N	0.0000	0.0000	0.0000	0.0000	0.0000	0.0000	0.0000	0.0000	0.0000	0.0000	0.0000	0.0000	0.0000	0.0000	0.0000	0.0000	0.0000	0.0000	0.0000	0.0000	6.0000	0.0000	4.0006	0.0000	0.0000	0.0000	0.0000	0.0000	0.0000	0.0000	0.0000	0.0000	0.0000	0.0000	0.0000	0.0000	0.0000	0.0000	0.0000	0.0000	0.0000	0.0000	0.0000	0.0000	0.0000	0.0000	0.0000	0.0000	0.0000	0.0000	0.0000	0.0000	0.0000	0.0000	0.0000	0.0000	0.0000	0.0000	0.0000	0.0000	0.0000	0.0000	0.0000	0.0000	0.0000	0.0000	0.0000	0.0000	0.0000	0.0000	0.0000	0.0000	0.0000	0.0000	0.0000	0.0000	0.0000	0.0000											
49	65	0.2108	3	0	1	2	0	0	0	0	0	N	N	Y	N	N	N	N	N	N	N	N	N	0.0000	0.0000	0.0000	0.0000	0.0000	0.0000	0.0000	0.0000	0.0000	0.0000	0.0000	0.0000	0.0000	0.0000	0.0000	0.0000	0.0000	0.0000	0.0000	0.0000	6.0000	0.8734	4.0006	1.0002	0.0000	0.0000	0.0000	0.0000	0.0000	0.0000	0.0000	0.0000	0.0000	0.0000	0.0000	0.0000	0.0000	0.0000	0.0000	0.0000	0.0000	0.0000	0.1405	0.1168	0.0237	0.0057	0.0054	0.0003	0.1348	0.1114	0.0233	0.1347	0.0237	0.1110	0.0307	0.0064	0.0243	0.1040	0.0173	0.0867	0.0000	0.0000	0.0000	0.0000	0.0000	0.0000	0.0000	0.0000	0.0000	0.0000	0.0000	0.0000	0.0000	0.0000	0.0000	0.0000	0.0000	0.0000											
49	66	0.1962	2	0	1	1	0	0	0	0	0	N	N	N	N	N	N	N	N	N	N	N	N	0.6820	0.1378	4.4451	2.1983	inf	inf	0.0157	0.0189	0.0000	0.3403	0.3565	0.0000	0.0001	0.0001	0.0000	0.0230	0.1369	0.0000	0.0765	0.1622	0.0000	0.0000	0.0000	0.0000	0.0000	0.0000	-0.0010	-0.0015	6.0000	1.0063	4.0006	0.0727	0.0026	0.0026	0.0000	0.0026	0.0026	0.0000	0.0000	0.0000	0.0000	0.0023	0.0023	0.0000	0.0023	0.0023	0.0000	0.0000	0.0000	0.0000	0.1638	0.1363	0.0275	0.0075	0.0072	0.0003	0.1562	0.1291	0.0271	0.1001	0.0258	0.0743	0.0301	0.0142	0.0159	0.0700	0.0116	0.0584	0.6820	0.2113	0.0000	4.4451	2.1983	0.0000	inf	inf	0.0000	0.0230	0.0892	0.0000	0.0765	0.1622	0.0000	0.0000	0.0000	0.0000			
49	72	0.1850	2	0	2	1	0	0	0	0	0	N	Y	N	N	N	N	N	N	N	N	N	N	1.6596	inf	0.0095	767.0470	inf	0.2515	1.4076	inf	0.0095	2.7048	3.1869	0.0140	0.0196	0.0199	0.0130	2.9659	3.5370	0.0141	1.6298	0.0000	1.4804	0.0000	0.0000	0.0515	2.1070	0.0000	1.4807	0.0008	inf	-0.7614	0.0986	6.0000	4.7764	4.0006	1.3205	1.9794	1.9778	0.0016	0.0013	0.0012	0.0000	1.9781	1.9766	0.0015	0.3008	0.0000	0.3008	0.0000	0.0000	0.0000	0.3008	0.0000	0.3008	0.7318	0.6206	0.1112	0.0649	0.0618	0.0031	0.6669	0.5588	0.1081	0.3369	0.1337	0.2032	0.0913	0.0912	0.0000	0.2457	0.0425	0.2032	3.0292	inf	0.0095	767.0470	inf	0.2515	2.4220	inf	0.0095	0.8929	0.0000	1.4804	0.0000	0.0000	0.0515	1.2246	0.0000	1.4807
49	74	0.1872	2	0	2	1	0	0	0	0	0	N	Y	N	N	N	N	N	N	N	N	N	N	0.0000	0.0000	0.0000	0.0000	0.0000	0.0000	0.0000	0.0000	0.0000	0.0000	0.0000	0.0000	0.0000	0.0000	0.0000	0.0000	0.0000	0.0000	0.0000	0.0000	6.0000	0.0000	4.0006	0.0000	0.0000	0.0000	0.0000	0.0000	0.0000	0.0000	0.0000	0.0000	0.0000	0.0000	0.0000	0.0000	0.0000	0.0000	0.0000	0.0000	0.0000	0.0000	0.0000	0.0000	0.0000	0.0000	0.0000	0.0000	0.0000	0.0000	0.0000	0.0000	0.0000	0.0000	0.0000	0.0000	0.0000	0.0000	0.0000	0.0000	0.0000	0.0000	0.0000	0.0000	0.0000	0.0000	0.0000	0.0000	0.0000	0.0000	0.0000	0.0000	0.0000	0.0000	0.0000	0.0000	0.0000	0.0000											
49	76	0.1958	4	1	2	1	1	0	0	0	0	N	Y	N	N	N	N	N	N	N	N	N	N	0.0000	0.0000	0.0000	0.0000	0.0000	0.0000	0.0000	0.0000	0.0000	0.0000	0.0000	0.0000	0.0000	0.0000	0.0000	0.0000	0.0000	0.0000	0.0000	0.0000	6.0000	0.0000	4.0006	0.0000	0.0000	0.0000	0.0000	0.0000	0.0000	0.0000	0.0000	0.0000	0.0000	0.0000	0.0000	0.0000	0.0000	0.0000	0.0000	0.0000	0.0000	0.0000	0.0000	0.0000	0.0000	0.0000	0.0000	0.0000	0.0000	0.0000	0.0000	0.0000	0.0000	0.0000	0.0000	0.0000	0.0000	0.0000	0.0000	0.0000	0.0000	0.0000	0.0000	0.0000	0.0000	0.0000	0.0000	0.0000	0.0000	0.0000	0.0000	0.0000	0.0000	0.0000	0.0000	0.0000	0.0000	0.0000											
49	77	0.1875	3	1	2	1	1	0	0	0	0	N	Y	N	N	N	N	N	N	N	N	N	N	0.0000	0.0000	0.0000	0.0000	0.0000	0.0000	0.0000	0.0000	0.0000	0.0000	0.0000	0.0000	0.0000	0.0000	0.0000	0.0000	0.0013	0.0020	0.0009	0.0060	0.0062	0.0000	0.0007	0.0000	0.0009	0.8000	0.0000	-0.0000	6.0000	1.0073	4.0006	0.3366	0.0000	0.0000	0.0000	0.0000	0.0000	0.0000	0.0000	0.0000	0.0000	0.0001	0.0001	0.0000	0.0001	0.0001	0.0000	0.0000	0.0000	0.0000	0.1627	0.1392	0.0235	0.0135	0.0121	0.0014	0.1492	0.1271	0.0221	0.0670	0.0246	0.0424	0.0083	0.0080	0.0003	0.0587	0.0165	0.0422	0.0000	0.0000	0.0000	0.0000	0.0000	0.0000	0.0000	0.0000	0.0000	0.0013	0.0020	0.0009	0.0060	0.0062	0.0000	0.0007	0.0000	0.0009			
49	78	0.2133	3	0	2	1	1	0	0	0	0	N	Y	N	N	N	N	N	N	N	N	N	N	0.0000	0.0000	0.0000	0.0000	0.0000	0.0000	0.0000	0.0000	0.0000	0.0000	0.0000	0.0000	0.0000	0.0000	0.0000	0.0000	0.0000	0.0000	0.0000	0.0000	6.0000	0.0000	4.0006	0.0000	0.0000	0.0000	0.0000	0.0000	0.0000	0.0000	0.0000	0.0000	0.0000	0.0000	0.0000	0.0000	0.0000	0.0000	0.0000	0.0000	0.0000	0.0000	0.0000	0.0000	0.0000	0.0000	0.0000	0.0000	0.0000	0.0000	0.0000	0.0000	0.0000	0.0000	0.0000	0.0000	0.0000	0.0000	0.0000	0.0000	0.0000	0.0000	0.0000	0.0000	0.0000	0.0000	0.0000	0.0000	0.0000	0.0000	0.0000	0.0000	0.0000	0.0000	0.0000	0.0000	0.0000	0.0000											
49	79	0.2050	2	0	2	1	1	0	0	0	0	N	Y	N	N	N	N	N	N	N	N	N	N	0.0000	0.0000	0.0000	0.0000	0.0000	0.0000	0.0000	0.0000	0.0000	0.0000	0.0000	0.0000	0.0000	0.0000	0.0000	0.0000	0.0000	0.0000	0.0000	0.0000	6.0000	0.0000	4.0006	1.0000	0.0000	0.0000	0.0000	0.0000	0.0000	0.0000	0.0000	0.0000	0.0000	0.0000	0.0000	0.0000	0.0000	0.0000	0.0000	0.0000	0.0000	0.0000	0.0000	0.0000	0.0000	0.0000	0.0000	0.0000	0.0000	0.0000	0.0000	0.0631	0.0196	0.0435	0.0211	0.0072	0.0139	0.0420	0.0123	0.0297	0.0000	0.0000	0.0000	0.0000	0.0000	0.0000	0.0000	0.0000	0.0000	0.0000	0.0000	0.0000	0.0000	0.0000	0.0000	0.0000	0.0000	0.0000											
49	80	0.1875	3	0	2	1	0	0	0	0	0	N	Y	N	N	N	N	N	N	N	N	N	N	0.0000	0.0000	0.0000	0.0000	0.0000	0.0000	0.0000	0.0000	0.0000	0.0000	0.0000	0.0000	0.0000	0.0000	0.0000	0.0000	0.0004	0.0007	0.0003	0.0025	0.0026	0.0000	0.0002	0.0000	0.0003	0.8000	0.0000	-0.0000	6.0000	3.9927	4.0006	1.0002	0.0000	0.0000	0.0000	0.0000	0.0000	0.0000	0.0000	0.0000	0.0000	0.0001	0.0001	0.0000	0.0001	0.0001	0.0000	0.0000	0.0000	0.0000	0.5972	0.5135	0.0837	0.0499	0.0447	0.0052	0.5473	0.4688	0.0785	0.2123	0.0759	0.1364	0.0200	0.0190	0.0010	0.1923	0.0569	0.1354	0.0000	0.0000	0.0000	0.0000	0.0000	0.0000	0.0000	0.0000	0.0000	0.0004	0.0007	0.0003	0.0025	0.0026	0.0000	0.0002	0.0000	0.0003			
49	81	0.1828	2	0	2	1	0	0	0	0	0	N	Y	N	N	N	N	N	N	N	N	N	N	0.0000	0.0000	0.0000	0.0000	0.0000	0.0000	0.0000	0.0000	0.0000	0.0000	0.0000	0.0000	0.0000	0.0000	0.0000	0.0000	0.0029	0.0037	0.0025	0.0154	0.0163	0.0000	0.0036	0.0000	0.0025	1.2500	0.0000	-0.0000	6.0000	0.0110	4.0006	0.6549	0.0000	0.0000	0.0000	0.0000	0.0000	0.0000	0.0000	0.0000	0.0000	0.0001	0.0000	0.0001	0.0000	0.0000	0.0000	0.0001	0.0000	0.0001	0.0018	0.0015	0.0003	0.0001	0.0001	0.0000	0.0017	0.0014	0.0002	0.0306	0.0108	0.0198	0.0026	0.0025	0.0001	0.0280	0.0083	0.0197	0.0000	0.0000	0.0000	0.0000	0.0000	0.0000	0.0000	0.0000	0.0000	0.0029	0.0037	0.0025	0.0154	0.0163	0.0000	0.0018	0.0000	0.0025			
49	82	0.2050	2	0	1	2	1	0	0	0	0	N	N	Y	N	N	N	N	N	N	N	N	N	0.0000	0.0000	0.0000	0.0000	0.0000	0.0000	0.0000	0.0000	0.0000	0.0000	0.0000	0.0000	0.0000	0.0000	0.0000	0.0000	0.0000	0.0000	0.0000	0.0000	6.0000	1.0000	4.0006	0.0000	0.0000	0.0000	0.0000	0.0000	0.0000	0.0000	0.0000	0.0000	0.0000	0.0000	0.0000	0.0000	0.0000	0.0000	0.0000	0.0000	0.0000	0.0000	0.1609	0.1374	0.0235	0.0052	0.0045	0.0007	0.1557	0.1330	0.0228	0.0631	0.0196	0.0435	0.0211	0.0072	0.0139	0.0420	0.0123	0.0297	0.0000	0.0000	0.0000	0.0000	0.0000	0.0000	0.0000	0.0000	0.0000	0.0000	0.0000	0.0000	0.0000	0.0000	0.0000	0.0000	0.0000	0.0000											
49	83	0.2050	2	0	1	2	1	0	0	0	0	N	N	Y	N	N	N	N	N	N	N	N	N	0.0000	0.0000	0.0000	0.0000	0.0000	0.0000	0.0000	0.0000	0.0000	0.0000	0.0000	0.0000	0.0000	0.0000	0.0000	0.0000	0.0000	0.0000	0.0000	0.0000	6.0000	0.0000	4.0006	0.0000	0.0000	0.0000	0.0000	0.0000	0.0000	0.0000	0.0000	0.0000	0.0000	0.0000	0.0000	0.0000	0.0000	0.0000	0.0000	0.0000	0.0000	0.0000	0.0000	0.0000	0.0000	0.0000	0.0000	0.0000	0.0000	0.0000	0.0000	0.0000	0.0000	0.0000	0.0000	0.0000	0.0000	0.0000	0.0000	0.0000	0.0000	0.0000	0.0000	0.0000	0.0000	0.0000	0.0000	0.0000	0.0000	0.0000	0.0000	0.0000	0.0000	0.0000	0.0000	0.0000	0.0000	0.0000											
49	85	0.2660	2	1	2	1	0	0	0	0	0	N	Y	N	N	N	N	N	N	N	N	N	N	0.0000	0.0000	0.0000	0.0000	0.0000	0.0000	0.0000	0.0000	0.0000	0.0000	0.0000	0.0000	0.0000	0.0000	0.0000	0.0000	0.0000	0.0000	0.0000	0.0000	6.0000	0.0000	4.0006	0.0000	0.0000	0.0000	0.0000	0.0000	0.0000	0.0000	0.0000	0.0000	0.0000	0.0000	0.0000	0.0000	0.0000	0.0000	0.0000	0.0000	0.0000	0.0000	0.0000	0.0000	0.0000	0.0000	0.0000	0.0000	0.0000	0.0000	0.0000	0.0000	0.0000	0.0000	0.0000	0.0000	0.0000	0.0000	0.0000	0.0000	0.0000	0.0000	0.0000	0.0000	0.0000	0.0000	0.0000	0.0000	0.0000	0.0000	0.0000	0.0000	0.0000	0.0000	0.0000	0.0000	0.0000	0.0000											
49	88	0.1828	2	1	2	1	0	0	0	0	0	N	Y	N	N	N	N	N	N	N	N	N	N	0.0000	0.0000	0.0000	0.0000	0.0000	0.0000	0.0000	0.0000	0.0000	0.0000	0.0000	0.0000	0.0000	0.0000	0.0000	0.0000	0.0000	0.0000	0.0000	0.0000	6.0000	0.0000	4.0006	0.0000	0.0000	0.0000	0.0000	0.0000	0.0000	0.0000	0.0000	0.0000	0.0000	0.0000	0.0000	0.0000	0.0000	0.0000	0.0000	0.0000	0.0000	0.0000	0.0000	0.0000	0.0000	0.0000	0.0000	0.0000	0.0000	0.0000	0.0000	0.0000	0.0000	0.0000	0.0000	0.0000	0.0000	0.0000	0.0000	0.0000	0.0000	0.0000	0.0000	0.0000	0.0000	0.0000	0.0000	0.0000	0.0000	0.0000	0.0000	0.0000	0.0000	0.0000	0.0000	0.0000	0.0000	0.0000											
49	91	0.2740	3	0	1	1	0	0	0	0	0	N	N	N	N	N	N	N	N	N	N	N	N	10.4509	0.2510	100912.7546	0.4652	0.3589	234.7921	1224934.4351	inf	5462282.5392	2.1033	0.4861	12.5549	0.8939	0.7371	3.8429	2.2839	0.4444	13.0036	0.2013	1.9364	0.0001	1.9216	2.0538	0.0164	0.0000	0.0000	0.0000	3.9967	0.0004	1.5317	-0.1197	6.0000	11.5137	4.0006	4.9035	3.6961	0.7397	2.9564	0.2041	0.1598	0.0443	3.4920	0.5799	2.9121	0.1782	0.1781	0.0001	0.1782	0.1781	0.0001	0.0000	0.0000	0.0000	1.7573	1.5218	0.2355	0.2283	0.2168	0.0115	1.5290	1.3051	0.2239	0.8855	0.2693	0.6162	0.1046	0.1000	0.0046	0.7809	0.1693	0.6116	10.4509	0.7349	100912.7546	0.5247	0.4138	234.7921	1224934.4351	inf	5462282.5392	0.2013	0.6614	0.0001	1.7036	1.7811	0.0164	0.0000	0.0000	0.0000
50	51	0.1599	2	2	1	1	0	0	0	0	0	Y	N	N	N	N	N	N	N	N	N	N	N	2.0580	0.5895	0.0000	0.2484	0.2575	0.0000	0.0000	0.0000	0.0145	0.0172	0.0000	0.1159	0.1226	0.0000	0.0000	0.0000	0.0000	0.0070	0.0291	0.0000	0.4665	0.4763	0.0147	0.0000	0.0000	0.0000	0.0000	0.0007	-0.0011	-0.0011	6.0000	1.0314	3.0006	3.0033	0.0027	0.0027	0.0000	0.0027	0.0027	0.0000	0.0000	0.0000	0.0000	0.0016	0.0016	0.0000	0.0016	0.0016	0.0000	0.0000	0.0000	0.0000	0.1884	0.1590	0.0295	0.0236	0.0223	0.0013	0.1649	0.1367	0.0282	0.2246	0.0542	0.1704	0.0034	0.0033	0.0001	0.2212	0.0509	0.1703	2.0580	0.5895	0.0000	0.2484	0.2575	0.0000	0.0000	0.0000	0.0000	0.0070	0.0291	0.0000	0.4665	0.4763	0.0147	0.0000	0.0000	0.0000	
50	54	0.1752	3	1	0	2	0	0	0	0	0	N	N	Y	N	N	N	N	N	N	N	N	N	1856.5546	514.5967	0.0000	0.0000	0.0000	0.0000	inf	inf	1.3292	1.7377	0.0000	0.0000	0.0000	0.0000	2.3690	4.0052	0.0000	0.0007	0.0034	0.0000	0.0153	0.0163	0.0001	0.0000	0.0000	0.0000	0.0000	0.0006	-0.0056	-0.0000	6.0000	0.0147	3.0006	0.9910	0.0146	0.0146	0.0000	0.0000	0.0000	0.0000	0.0146	0.0146	0.0000	0.0001	0.0001	0.0000	0.0001	0.0001	0.0000	0.0000	0.0000	0.0000	0.0109	0.0084	0.0026	0.0048	0.0047	0.0001	0.0061	0.0036	0.0025	0.0699	0.0148	0.0551	0.0033	0.0031	0.0002	0.0666	0.0117	0.0549	1856.5546	514.5967	0.0000	0.0000	0.0000	0.0000	inf	inf	0.0000	0.0007	0.0034	0.0000	0.0153	0.0163	0.0001	0.0000	0.0000	0.0000	
50	55	0.1642	2	1	0	1	0	0	0	0	0	N	N	N	N	N	N	N	N	N	N	N	N	3258.6344	1099.3361	0.0000	0.4633	0.4768	0.0000	15655.3481	inf	0.0000	4.9079	5.7835	0.0000	0.0114	0.0126	0.0000	6.1735	7.4111	0.0000	0.0015	0.0053	0.0005	0.0247	0.0264	0.0002	0.0004	0.0000	0.0005	0.0000	0.3338	-0.3681	-0.0001	6.0000	0.9556	3.0006	1.0192	0.9549	0.9549	0.0000	0.0005	0.0005	0.0000	0.9545	0.9545	0.0000	0.0002	0.0002	0.0001	0.0002	0.0002	0.0000	0.0000	0.0000	0.0000	0.1946	0.1651	0.0295	0.0400	0.0363	0.0036	0.1546	0.1288	0.0258	0.1329	0.0285	0.1043	0.0061	0.0057	0.0004	0.1268	0.0228	0.1039	3258.6344	1099.3361	0.0000	0.4633	0.4768	0.0000	15655.3481	inf	0.0000	0.0015	0.0053	0.0005	0.0247	0.0264	0.0002	0.0004	0.0000	0.0005
50	58	0.2677	3	1	0	1	0	0	0	0	0	N	N	N	N	N	N	N	N	N	N	N	N	0.3850	0.0388	0.0000	0.3642	0.3680	0.0000	0.0000	0.0000	0.0538	0.0622	0.0000	0.3909	0.4112	0.0000	0.0000	0.0000	0.0000	0.1399	1.6045	0.0001	1.0732	1.1174	0.0185	0.0000	0.0000	0.0000	0.0000	0.0007	-0.0340	-0.0727	6.0000	10.2575	3.0006	3.8960	0.0881	0.0881	0.0000	0.0881	0.0881	0.0000	0.0000	0.0000	0.0000	0.1082	0.1081	0.0001	0.1082	0.1081	0.0001	0.0000	0.0000	0.0000	1.6368	1.4160	0.2208	0.2255	0.2143	0.0111	1.4113	1.2017	0.2096	0.7737	0.2389	0.5348	0.1008	0.0968	0.0041	0.6728	0.1422	0.5307	0.3850	0.1375	0.0000	0.3642	0.3680	0.0000	0.0000	0.0000	0.0000	0.1399	0.4526	0.0001	1.0732	1.1174	0.0185	0.0000	0.0000	0.0000	
50	59	0.2417	2	2	1	2	0	0	0	0	0	Y	N	Y	N	N	N	N	N	N	N	N	N	0.0000	0.0000	0.0000	0.0000	0.0000	0.0000	0.0000	0.0000	0.0000	0.0000	0.0000	0.0000	0.0000	0.0000	0.0000	0.0000	0.0000	0.0000	0.0000	0.0000	6.0000	0.0000	3.0006	0.0000	0.0000	0.0000	0.0000	0.0000	0.0000	0.0000	0.0000	0.0000	0.0000	0.0000	0.0000	0.0000	0.0000	0.0000	0.0000	0.0000	0.0000	0.0000	0.0000	0.0000	0.0000	0.0000	0.0000	0.0000	0.0000	0.0000	0.0000	0.0000	0.0000	0.0000	0.0000	0.0000	0.0000	0.0000	0.0000	0.0000	0.0000	0.0000	0.0000	0.0000	0.0000	0.0000	0.0000	0.0000	0.0000	0.0000	0.0000	0.0000	0.0000	0.0000	0.0000	0.0000	0.0000	0.0000											
50	61	0.2046	2	2	0	2	0	0	0	0	0	Y	N	Y	N	N	N	N	N	N	N	N	N	0.0000	0.0000	0.0000	0.0000	0.0000	0.0000	0.0000	0.0000	0.0000	0.0000	0.0000	0.0000	0.0000	0.0000	0.0000	0.0000	0.0000	0.0000	0.0000	0.0000	6.0000	2.0000	3.0006	0.0000	0.0000	0.0000	0.0000	0.0000	0.0000	0.0000	0.0000	0.0000	0.0000	0.0000	0.0000	0.0000	0.0000	0.0000	0.0000	0.0000	0.0000	0.0000	0.2941	0.2452	0.0489	0.0235	0.0220	0.0016	0.2706	0.2232	0.0473	0.0906	0.0345	0.0560	0.0466	0.0225	0.0240	0.0440	0.0120	0.0320	0.0000	0.0000	0.0000	0.0000	0.0000	0.0000	0.0000	0.0000	0.0000	0.0000	0.0000	0.0000	0.0000	0.0000	0.0000	0.0000	0.0000	0.0000											
50	64	0.2288	4	1	0	2	0	0	0	0	0	N	N	Y	N	N	N	N	N	N	N	N	N	0.0000	0.0000	0.0000	0.0000	0.0000	0.0000	0.0000	0.0000	0.0000	0.0000	0.0000	0.0000	0.0000	0.0000	0.0000	0.0000	0.0000	0.0000	0.0000	0.0000	6.0000	0.0000	3.0006	0.0000	0.0000	0.0000	0.0000	0.0000	0.0000	0.0000	0.0000	0.0000	0.0000	0.0000	0.0000	0.0000	0.0000	0.0000	0.0000	0.0000	0.0000	0.0000	0.0000	0.0000	0.0000	0.0000	0.0000	0.0000	0.0000	0.0000	0.0000	0.0000	0.0000	0.0000	0.0000	0.0000	0.0000	0.0000	0.0000	0.0000	0.0000	0.0000	0.0000	0.0000	0.0000	0.0000	0.0000	0.0000	0.0000	0.0000	0.0000	0.0000	0.0000	0.0000	0.0000	0.0000	0.0000	0.0000											
50	65	0.2045	3	1	0	2	0	0	0	0	0	N	N	Y	N	N	N	N	N	N	N	N	N	0.0000	0.0000	0.0000	0.0000	0.0000	0.0000	0.0000	0.0000	0.0000	0.0000	0.0000	0.0000	0.0000	0.0000	0.0000	0.0000	0.0000	0.0000	0.0000	0.0000	6.0000	0.8734	3.0006	1.0002	0.0000	0.0000	0.0000	0.0000	0.0000	0.0000	0.0000	0.0000	0.0000	0.0000	0.0000	0.0000	0.0000	0.0000	0.0000	0.0000	0.0000	0.0000	0.1405	0.1168	0.0237	0.0057	0.0054	0.0003	0.1348	0.1114	0.0233	0.1250	0.0218	0.1032	0.0287	0.0060	0.0227	0.0963	0.0158	0.0805	0.0000	0.0000	0.0000	0.0000	0.0000	0.0000	0.0000	0.0000	0.0000	0.0000	0.0000	0.0000	0.0000	0.0000	0.0000	0.0000	0.0000	0.0000											
50	66	0.1900	2	1	0	1	0	0	0	0	0	N	N	N	N	N	N	N	N	N	N	N	N	0.6199	0.0470	4.0532	1.9941	inf	inf	0.0154	0.0185	0.0000	0.3336	0.3495	0.0000	0.0001	0.0001	0.0000	0.0248	0.3935	0.0000	0.0823	0.1753	0.0000	0.0000	0.0000	0.0000	0.0000	0.0000	-0.0010	-0.0015	6.0000	1.0063	3.0006	0.0727	0.0025	0.0025	0.0000	0.0025	0.0025	0.0000	0.0000	0.0000	0.0000	0.0023	0.0023	0.0000	0.0023	0.0023	0.0000	0.0000	0.0000	0.0000	0.1638	0.1363	0.0275	0.0075	0.0072	0.0003	0.1562	0.1291	0.0271	0.0928	0.0238	0.0690	0.0280	0.0131	0.0149	0.0648	0.0106	0.0542	0.6199	0.1909	0.0000	4.0532	1.9941	0.0000	inf	inf	0.0000	0.0248	0.0969	0.0000	0.0823	0.1753	0.0000	0.0000	0.0000	0.0000			
50	72	0.1787	2	1	1	1	0	0	0	0	0	N	N	N	N	N	N	N	N	N	N	N	N	0.8151	inf	0.0088	439.7662	inf	0.2346	0.6740	inf	0.0088	1.3625	1.6041	0.0140	0.0120	0.0120	0.0130	1.4938	1.7801	0.0141	1.6715	0.0000	1.5980	0.0000	0.0000	0.0552	2.2162	0.0000	1.5983	0.0016	inf	-0.3828	0.0986	6.0000	4.7764	3.0006	1.3205	0.9971	0.9955	0.0016	0.0008	0.0007	0.0000	0.9963	0.9948	0.0015	0.3008	0.0000	0.3008	0.0000	0.0000	0.0000	0.3008	0.0000	0.3008	0.7318	0.6206	0.1112	0.0649	0.0618	0.0031	0.6669	0.5588	0.1081	0.3123	0.1240	0.1882	0.0852	0.0851	0.0000	0.2271	0.0389	0.1882	1.4144	inf	0.0088	439.7662	inf	0.2346	1.1277	inf	0.0088	0.9633	0.0000	1.5980	0.0000	0.0000	0.0552	1.3246	0.0000	1.5983
50	74	0.1809	2	1	1	1	0	0	0	0	0	N	N	N	N	N	N	N	N	N	N	N	N	0.0000	0.0000	0.0000	0.0000	0.0000	0.0000	0.0000	0.0000	0.0000	0.0000	0.0000	0.0000	0.0000	0.0000	0.0000	0.0000	0.0000	0.0000	0.0000	0.0000	6.0000	0.0000	3.0006	0.0000	0.0000	0.0000	0.0000	0.0000	0.0000	0.0000	0.0000	0.0000	0.0000	0.0000	0.0000	0.0000	0.0000	0.0000	0.0000	0.0000	0.0000	0.0000	0.0000	0.0000	0.0000	0.0000	0.0000	0.0000	0.0000	0.0000	0.0000	0.0000	0.0000	0.0000	0.0000	0.0000	0.0000	0.0000	0.0000	0.0000	0.0000	0.0000	0.0000	0.0000	0.0000	0.0000	0.0000	0.0000	0.0000	0.0000	0.0000	0.0000	0.0000	0.0000	0.0000	0.0000	0.0000	0.0000											
50	76	0.1896	4	2	1	1	1	0	0	0	0	Y	N	N	N	N	N	N	N	N	N	N	N	0.0000	0.0000	0.0000	0.0000	0.0000	0.0000	0.0000	0.0000	0.0000	0.0000	0.0000	0.0000	0.0000	0.0000	0.0000	0.0000	0.0000	0.0000	0.0000	0.0000	6.0000	0.0000	3.0006	0.0000	0.0000	0.0000	0.0000	0.0000	0.0000	0.0000	0.0000	0.0000	0.0000	0.0000	0.0000	0.0000	0.0000	0.0000	0.0000	0.0000	0.0000	0.0000	0.0000	0.0000	0.0000	0.0000	0.0000	0.0000	0.0000	0.0000	0.0000	0.0000	0.0000	0.0000	0.0000	0.0000	0.0000	0.0000	0.0000	0.0000	0.0000	0.0000	0.0000	0.0000	0.0000	0.0000	0.0000	0.0000	0.0000	0.0000	0.0000	0.0000	0.0000	0.0000	0.0000	0.0000	0.0000	0.0000											
50	77	0.1812	3	2	1	1	1	0	0	0	0	Y	N	N	N	N	N	N	N	N	N	N	N	0.0000	0.0000	0.0000	0.0000	0.0000	0.0000	0.0000	0.0000	0.0000	0.0000	0.0000	0.0000	0.0000	0.0000	0.0000	0.0000	0.0015	0.0022	0.0010	0.0065	0.0068	0.0000	0.0007	0.0000	0.0010	0.8000	0.0000	-0.0000	6.0000	1.0073	3.0006	0.3366	0.0000	0.0000	0.0000	0.0000	0.0000	0.0000	0.0000	0.0000	0.0000	0.0001	0.0001	0.0000	0.0001	0.0001	0.0000	0.0000	0.0000	0.0000	0.1627	0.1392	0.0235	0.0135	0.0121	0.0014	0.1492	0.1271	0.0221	0.0617	0.0226	0.0391	0.0076	0.0074	0.0003	0.0540	0.0152	0.0388	0.0000	0.0000	0.0000	0.0000	0.0000	0.0000	0.0000	0.0000	0.0000	0.0015	0.0022	0.0010	0.0065	0.0068	0.0000	0.0007	0.0000	0.0010			
50	78	0.2070	3	1	1	1	1	0	0	0	0	N	N	N	N	N	N	N	N	N	N	N	N	0.0000	0.0000	0.0000	0.0000	0.0000	0.0000	0.0000	0.0000	0.0000	0.0000	0.0000	0.0000	0.0000	0.0000	0.0000	0.0000	0.0000	0.0000	0.0000	0.0000	6.0000	0.0000	3.0006	0.0000	0.0000	0.0000	0.0000	0.0000	0.0000	0.0000	0.0000	0.0000	0.0000	0.0000	0.0000	0.0000	0.0000	0.0000	0.0000	0.0000	0.0000	0.0000	0.0000	0.0000	0.0000	0.0000	0.0000	0.0000	0.0000	0.0000	0.0000	0.0000	0.0000	0.0000	0.0000	0.0000	0.0000	0.0000	0.0000	0.0000	0.0000	0.0000	0.0000	0.0000	0.0000	0.0000	0.0000	0.0000	0.0000	0.0000	0.0000	0.0000	0.0000	0.0000	0.0000	0.0000	0.0000	0.0000											
50	79	0.1987	2	1	1	1	1	0	0	0	0	N	N	N	N	N	N	N	N	N	N	N	N	0.0000	0.0000	0.0000	0.0000	0.0000	0.0000	0.0000	0.0000	0.0000	0.0000	0.0000	0.0000	0.0000	0.0000	0.0000	0.0000	0.0000	0.0000	0.0000	0.0000	6.0000	0.0000	3.0006	1.0000	0.0000	0.0000	0.0000	0.0000	0.0000	0.0000	0.0000	0.0000	0.0000	0.0000	0.0000	0.0000	0.0000	0.0000	0.0000	0.0000	0.0000	0.0000	0.0000	0.0000	0.0000	0.0000	0.0000	0.0000	0.0000	0.0000	0.0000	0.0584	0.0181	0.0403	0.0197	0.0067	0.0129	0.0387	0.0113	0.0274	0.0000	0.0000	0.0000	0.0000	0.0000	0.0000	0.0000	0.0000	0.0000	0.0000	0.0000	0.0000	0.0000	0.0000	0.0000	0.0000	0.0000	0.0000											
50	80	0.1812	3	1	1	1	0	0	0	0	0	N	N	N	N	N	N	N	N	N	N	N	N	0.0000	0.0000	0.0000	0.0000	0.0000	0.0000	0.0000	0.0000	0.0000	0.0000	0.0000	0.0000	0.0000	0.0000	0.0000	0.0000	0.0005	0.0007	0.0003	0.0027	0.0028	0.0000	0.0002	0.0000	0.0003	0.8000	0.0000	-0.0000	6.0000	3.9927	3.0006	1.0002	0.0000	0.0000	0.0000	0.0000	0.0000	0.0000	0.0000	0.0000	0.0000	0.0001	0.0001	0.0000	0.0001	0.0001	0.0000	0.0000	0.0000	0.0000	0.5972	0.5135	0.0837	0.0499	0.0447	0.0052	0.5473	0.4688	0.0785	0.1955	0.0699	0.1256	0.0185	0.0176	0.0009	0.1770	0.0523	0.1247	0.0000	0.0000	0.0000	0.0000	0.0000	0.0000	0.0000	0.0000	0.0000	0.0005	0.0007	0.0003	0.0027	0.0028	0.0000	0.0002	0.0000	0.0003			
50	81	0.1766	2	1	1	1	0	0	0	0	0	N	N	N	N	N	N	N	N	N	N	N	N	0.0000	0.0000	0.0000	0.0000	0.0000	0.0000	0.0000	0.0000	0.0000	0.0000	0.0000	0.0000	0.0000	0.0000	0.0000	0.0000	0.0032	0.0040	0.0027	0.0166	0.0175	0.0000	0.0047	0.0000	0.0028	1.2500	0.0000	-0.0000	6.0000	0.0110	3.0006	0.6549	0.0000	0.0000	0.0000	0.0000	0.0000	0.0000	0.0000	0.0000	0.0000	0.0001	0.0000	0.0001	0.0000	0.0000	0.0000	0.0001	0.0000	0.0001	0.0018	0.0015	0.0003	0.0001	0.0001	0.0000	0.0017	0.0014	0.0002	0.0282	0.0099	0.0183	0.0024	0.0023	0.0001	0.0258	0.0076	0.0181	0.0000	0.0000	0.0000	0.0000	0.0000	0.0000	0.0000	0.0000	0.0000	0.0032	0.0040	0.0027	0.0166	0.0175	0.0000	0.0019	0.0000	0.0028			
50	82	0.1987	2	1	0	2	1	0	0	0	0	N	N	Y	N	N	N	N	N	N	N	N	N	0.0000	0.0000	0.0000	0.0000	0.0000	0.0000	0.0000	0.0000	0.0000	0.0000	0.0000	0.0000	0.0000	0.0000	0.0000	0.0000	0.0000	0.0000	0.0000	0.0000	6.0000	1.0000	3.0006	0.0000	0.0000	0.0000	0.0000	0.0000	0.0000	0.0000	0.0000	0.0000	0.0000	0.0000	0.0000	0.0000	0.0000	0.0000	0.0000	0.0000	0.0000	0.0000	0.1609	0.1374	0.0235	0.0052	0.0045	0.0007	0.1557	0.1330	0.0228	0.0584	0.0181	0.0403	0.0197	0.0067	0.0129	0.0387	0.0113	0.0274	0.0000	0.0000	0.0000	0.0000	0.0000	0.0000	0.0000	0.0000	0.0000	0.0000	0.0000	0.0000	0.0000	0.0000	0.0000	0.0000	0.0000	0.0000											
50	83	0.1987	2	1	0	2	1	0	0	0	0	N	N	Y	N	N	N	N	N	N	N	N	N	0.0000	0.0000	0.0000	0.0000	0.0000	0.0000	0.0000	0.0000	0.0000	0.0000	0.0000	0.0000	0.0000	0.0000	0.0000	0.0000	0.0000	0.0000	0.0000	0.0000	6.0000	0.0000	3.0006	0.0000	0.0000	0.0000	0.0000	0.0000	0.0000	0.0000	0.0000	0.0000	0.0000	0.0000	0.0000	0.0000	0.0000	0.0000	0.0000	0.0000	0.0000	0.0000	0.0000	0.0000	0.0000	0.0000	0.0000	0.0000	0.0000	0.0000	0.0000	0.0000	0.0000	0.0000	0.0000	0.0000	0.0000	0.0000	0.0000	0.0000	0.0000	0.0000	0.0000	0.0000	0.0000	0.0000	0.0000	0.0000	0.0000	0.0000	0.0000	0.0000	0.0000	0.0000	0.0000	0.0000	0.0000	0.0000											
50	85	0.2597	2	2	1	1	0	0	0	0	0	Y	N	N	N	N	N	N	N	N	N	N	N	0.0000	0.0000	0.0000	0.0000	0.0000	0.0000	0.0000	0.0000	0.0000	0.0000	0.0000	0.0000	0.0000	0.0000	0.0000	0.0000	0.0000	0.0000	0.0000	0.0000	6.0000	0.0000	3.0006	0.0000	0.0000	0.0000	0.0000	0.0000	0.0000	0.0000	0.0000	0.0000	0.0000	0.0000	0.0000	0.0000	0.0000	0.0000	0.0000	0.0000	0.0000	0.0000	0.0000	0.0000	0.0000	0.0000	0.0000	0.0000	0.0000	0.0000	0.0000	0.0000	0.0000	0.0000	0.0000	0.0000	0.0000	0.0000	0.0000	0.0000	0.0000	0.0000	0.0000	0.0000	0.0000	0.0000	0.0000	0.0000	0.0000	0.0000	0.0000	0.0000	0.0000	0.0000	0.0000	0.0000	0.0000	0.0000											
50	88	0.1766	2	2	1	1	0	0	0	0	0	Y	N	N	N	N	N	N	N	N	N	N	N	0.0000	0.0000	0.0000	0.0000	0.0000	0.0000	0.0000	0.0000	0.0000	0.0000	0.0000	0.0000	0.0000	0.0000	0.0000	0.0000	0.0000	0.0000	0.0000	0.0000	6.0000	0.0000	3.0006	0.0000	0.0000	0.0000	0.0000	0.0000	0.0000	0.0000	0.0000	0.0000	0.0000	0.0000	0.0000	0.0000	0.0000	0.0000	0.0000	0.0000	0.0000	0.0000	0.0000	0.0000	0.0000	0.0000	0.0000	0.0000	0.0000	0.0000	0.0000	0.0000	0.0000	0.0000	0.0000	0.0000	0.0000	0.0000	0.0000	0.0000	0.0000	0.0000	0.0000	0.0000	0.0000	0.0000	0.0000	0.0000	0.0000	0.0000	0.0000	0.0000	0.0000	0.0000	0.0000	0.0000	0.0000	0.0000											
50	91	0.2677	3	1	0	1	0	0	0	0	0	N	N	N	N	N	N	N	N	N	N	N	N	7.9662	0.0001	93531.3613	0.0945	0.0005	218.0135	944762.9183	5062667.7182	1.6825	0.0002	12.5549	0.1954	0.0013	3.8429	1.9046	0.0000	13.0036	0.2112	2.0687	0.0001	2.0680	2.3630	0.0176	0.0000	0.0000	0.0000	10558.6786	0.0004	1.8167	-0.1162	6.0000	11.5137	3.0006	4.9035	2.9567	0.0003	2.9564	0.0446	0.0003	0.0443	2.9121	0.0000	2.9121	0.1730	0.1729	0.0001	0.1730	0.1729	0.0001	0.0000	0.0000	0.0000	1.7573	1.5218	0.2355	0.2283	0.2168	0.0115	1.5290	1.3051	0.2239	0.8191	0.2480	0.5711	0.0969	0.0926	0.0043	0.7222	0.1554	0.5669	7.9662	0.0003	93531.3613	0.1094	0.0007	218.0135	944762.9183	0.0000	5062667.7182	0.2112	0.6973	0.0001	1.7857	1.8672	0.0176	0.0000	0.0000	0.0000	
51	53	0.0728	2	1	2	0	0	0	0	0	0	N	Y	N	N	N	N	N	N	N	N	N	N	14.6410	4.2263	0.0000	0.0199	0.0206	0.0000	1533410.5172	inf	0.0000	0.0953	0.1130	0.0000	0.0085	0.0090	0.0000	0.1077	0.1299	0.0000	0.0065	0.0267	0.0000	0.4269	0.4359	0.0134	0.0000	0.0000	0.0000	0.0000	0.0007	-0.0069	-0.0011	1.0314	6.0000	3.0033	4.0006	0.0180	0.0180	0.0000	0.0002	0.0002	0.0000	0.0178	0.0178	0.0000	0.0016	0.0016	0.0000	0.0016	0.0016	0.0000	0.0000	0.0000	0.0000	0.1884	0.1590	0.0295	0.0236	0.0223	0.0013	0.1649	0.1367	0.0282	0.2429	0.0591	0.1838	0.0037	0.0036	0.0001	0.2392	0.0555	0.1837	14.6410	4.2263	0.0000	0.0199	0.0206	0.0000	1533410.5172	inf	0.0000	0.0065	0.0267	0.0000	0.4269	0.4359	0.0134	0.0000	0.0000	0.0000
51	54	0.1259	4	1	1	1	0	0	0	0	0	N	N	N	N	N	N	N	N	N	N	N	N	1.2185	0.4203	0.0000	0.1741	0.1645	0.0000	0.0000	0.0000	0.0004	0.0005	0.0000	0.0008	0.0009	0.0000	0.0000	0.0000	0.0000	0.0003	0.0012	0.0000	0.0048	0.0052	0.0000	0.0000	0.0000	0.0000	0.0000	0.0213	-0.0000	-0.0000	1.0314	0.0147	3.0033	0.9910	0.0000	0.0000	0.0000	0.0000	0.0000	0.0000	0.0000	0.0000	0.0000	0.0000	0.0000	0.0000	0.0000	0.0000	0.0000	0.0000	0.0000	0.0000	0.0022	0.0017	0.0006	0.0010	0.0010	0.0000	0.0012	0.0006	0.0006	0.0316	0.0079	0.0236	0.0021	0.0019	0.0001	0.0295	0.0060	0.0235	1.2185	0.4203	0.0000	0.1741	0.1645	0.0000	0.0000	0.0000	0.0000	0.0003	0.0012	0.0000	0.0048	0.0052	0.0000	0.0000	0.0000	0.0000	
51	55	0.1149	3	1	1	0	0	0	0	0	0	N	N	N	N	N	N	N	N	N	N	N	N	0.1119	0.0312	0.3167	17.3760	17.8583	0.0000	0.0000	0.0000	0.3881	0.0014	0.0017	0.0000	0.0047	0.0052	0.0000	0.0000	0.0000	0.0000	0.0127	0.0541	0.0000	0.0003	0.0003	0.0001	0.0211	2.5601	0.0000	0.0005	0.0008	-0.0000	-0.0005	1.0314	0.9556	3.0033	1.0192	0.0001	0.0001	0.0000	0.0001	0.0001	0.0000	0.0000	0.0000	0.0000	0.0008	0.0008	0.0000	0.0000	0.0000	0.0000	0.0008	0.0008	0.0000	0.0402	0.0339	0.0062	0.0121	0.0111	0.0010	0.0281	0.0229	0.0052	0.0602	0.0153	0.0448	0.0039	0.0036	0.0003	0.0563	0.0117	0.0445	0.1119	0.0338	0.3167	17.3760	17.8583	0.0000	0.0001	0.0000	0.3881	0.0127	0.0499	0.0000	0.0003	0.0003	0.0001	0.0136	0.0652	0.0000
51	56	0.0728	2	1	1	0	0	0	0	0	0	N	N	N	N	N	N	N	N	N	N	N	N	0.0000	0.0000	0.0000	0.0036	0.0037	0.0000	0.0000	0.0000	0.0000	0.0001	0.0001	0.0000	0.0009	0.0010	0.0000	0.0000	0.0000	0.0000	6.4938	25.4102	0.0000	0.2585	0.2637	0.0207	6.8870	27.0408	0.0000	0.0000	0.0000	-0.0000	-0.6593	1.0314	3.0309	3.0033	3.0097	0.0000	0.0000	0.0000	0.0000	0.0000	0.0000	0.0000	0.0000	0.0000	0.9809	0.9809	0.0000	0.0006	0.0006	0.0000	0.9803	0.9803	0.0000	0.1027	0.0859	0.0168	0.0127	0.0120	0.0007	0.0900	0.0739	0.0161	0.1637	0.0386	0.1251	0.0024	0.0024	0.0001	0.1613	0.0363	0.1250	0.0000	0.0000	0.0000	0.0036	0.0037	0.0000	0.0000	0.0000	0.0000	5.9931	25.4102	0.0000	0.2585	0.2637	0.0207	6.0785	27.0408	0.0000
51	57	0.0728	2	1	1	0	0	0	0	0	0	N	N	N	N	N	N	N	N	N	N	N	N	0.0000	0.0000	0.0000	0.0000	0.0000	0.0000	0.0000	0.0000	0.0000	0.0000	0.0000	0.0000	0.0000	0.0000	0.0000	0.0000	0.0000	0.0007	0.0029	0.0000	0.0465	0.0471	0.0208	0.0000	0.0000	0.0000	0.0097	0.0000	-0.0001	1.0314	3.0000	3.0033	3.0006	0.0000	0.0000	0.0000	0.0000	0.0000	0.0000	0.0000	0.0000	0.0000	0.0001	0.0001	0.0000	0.0001	0.0001	0.0000	0.0000	0.0000	0.0000	0.1017	0.0851	0.0166	0.0126	0.0119	0.0007	0.0891	0.0732	0.0159	0.1628	0.0384	0.1244	0.0024	0.0023	0.0001	0.1604	0.0360	0.1243	0.0000	0.0000	0.0000	0.0000	0.0000	0.0000	0.0000	0.0000	0.0000	0.0007	0.0029	0.0000	0.0465	0.0471	0.0208	0.0000	0.0000	0.0000		
51	58	0.2184	4	1	1	0	0	0	0	0	0	N	N	N	N	N	N	N	N	N	N	N	N	11.0787	6.8311	0.0110	2.9794	3.4490	0.0016	15.7361	17.5760	0.0095	0.0648	0.0761	0.0000	0.0866	0.0936	0.0001	0.0582	0.0702	0.0000	0.0059	0.0111	0.0031	0.0291	0.0271	0.0715	0.0037	0.0040	0.0024	0.0001	0.5250	-0.0087	-0.0007	1.0314	10.2575	3.0033	3.8960	0.0225	0.0225	0.0000	0.0070	0.0070	0.0000	0.0155	0.0155	0.0000	0.0021	0.0014	0.0007	0.0016	0.0014	0.0002	0.0006	0.0000	0.0006	0.3465	0.2953	0.0512	0.0804	0.0744	0.0060	0.2661	0.2208	0.0452	0.3611	0.1244	0.2367	0.0534	0.0511	0.0023	0.3078	0.0734	0.2344	11.0787	6.8311	0.0110	2.9794	3.4490	0.0016	31.9034	11401.4210	0.0095	0.0059	0.0111	0.0031	0.0291	0.0271	0.0715	0.0018	0.0000	0.0024
51	59	0.1924	3	2	2	1	0	0	0	0	0	Y	Y	N	N	N	N	N	N	N	N	N	N	0.0000	0.0000	0.0000	0.0000	0.0000	0.0000	0.0000	0.0000	0.0000	0.0000	0.0000	0.0000	0.0000	0.0000	0.0000	0.0000	0.0000	0.0000	0.0000	0.0000	1.0314	0.0000	3.0033	0.0000	0.0000	0.0000	0.0000	0.0000	0.0000	0.0000	0.0000	0.0000	0.0000	0.0000	0.0000	0.0000	0.0000	0.0000	0.0000	0.0000	0.0000	0.0000	0.0000	0.0000	0.0000	0.0000	0.0000	0.0000	0.0000	0.0000	0.0000	0.0000	0.0000	0.0000	0.0000	0.0000	0.0000	0.0000	0.0000	0.0000	0.0000	0.0000	0.0000	0.0000	0.0000	0.0000	0.0000	0.0000	0.0000	0.0000	0.0000	0.0000	0.0000	0.0000	0.0000	0.0000	0.0000	0.0000											
51	60	0.0728	2	2	1	1	0	0	0	0	0	Y	N	N	N	N	N	N	N	N	N	N	N	6.2409	1.3693	0.0085	0.0089	inf	inf	0.0837	0.0990	0.0000	0.0074	0.0079	0.0000	0.0946	0.1138	0.0000	0.0134	0.0723	0.0000	0.8703	0.8891	0.0000	0.0000	0.0000	0.0000	0.0000	0.0000	-0.0069	-0.0023	1.0314	7.0000	3.0033	3.9994	0.0180	0.0180	0.0000	0.0002	0.0002	0.0000	0.0178	0.0178	0.0000	0.0035	0.0035	0.0000	0.0035	0.0035	0.0000	0.0000	0.0000	0.0000	0.2145	0.1814	0.0331	0.0269	0.0254	0.0015	0.1876	0.1560	0.0316	0.2601	0.0638	0.1963	0.0040	0.0039	0.0001	0.2561	0.0599	0.1962	6.2409	1.8096	0.0000	0.0085	0.0089	0.0000	inf	inf	0.0000	0.0134	0.0547	0.0000	0.8703	0.8891	0.0000	0.0000	0.0000	0.0000			
51	61	0.1553	3	2	1	1	0	0	0	0	0	Y	N	N	N	N	N	N	N	N	N	N	N	0.0000	0.0000	0.0000	0.0000	0.0000	0.0000	0.0000	0.0000	0.0000	0.0000	0.0000	0.0000	0.0000	0.0000	0.0000	0.0000	0.0000	0.0000	0.0000	0.0000	1.0314	2.0000	3.0033	0.0000	0.0000	0.0000	0.0000	0.0000	0.0000	0.0000	0.0000	0.0000	0.0000	0.0000	0.0000	0.0000	0.0000	0.0000	0.0000	0.0000	0.0000	0.0000	0.0616	0.0509	0.0107	0.0112	0.0103	0.0010	0.0504	0.0407	0.0097	0.0468	0.0177	0.0291	0.0247	0.0115	0.0132	0.0221	0.0062	0.0159	0.0000	0.0000	0.0000	0.0000	0.0000	0.0000	0.0000	0.0000	0.0000	0.0000	0.0000	0.0000	0.0000	0.0000	0.0000	0.0000	0.0000	0.0000											
51	62	0.0728	2	2	1	1	0	0	0	0	0	Y	N	N	N	N	N	N	N	N	N	N	N	7.9674	1.4453	0.0075	0.0078	inf	inf	0.1355	0.1614	0.0000	0.0085	0.0090	0.0000	0.1535	0.1863	0.0000	0.0170	0.1117	0.0000	1.1384	1.1631	0.0000	0.0000	0.0000	0.0000	0.0000	0.0000	-0.0069	-0.0023	1.0314	4.0000	3.0033	3.9994	0.0179	0.0179	0.0000	0.0001	0.0001	0.0000	0.0178	0.0178	0.0000	0.0035	0.0035	0.0000	0.0035	0.0035	0.0000	0.0000	0.0000	0.0000	0.1321	0.1109	0.0213	0.0164	0.0155	0.0009	0.1157	0.0954	0.0204	0.2052	0.0492	0.1560	0.0031	0.0030	0.0001	0.2021	0.0462	0.1560	7.9674	2.2747	0.0000	0.0075	0.0078	0.0000	inf	inf	0.0000	0.0170	0.0710	0.0000	1.1384	1.1631	0.0000	0.0000	0.0000	0.0000			
51	63	0.0728	2	1	2	0	0	0	0	0	0	N	Y	N	N	N	N	N	N	N	N	N	N	0.0000	0.0000	0.0000	0.0000	0.0000	0.0000	0.0000	0.0000	0.0000	0.0000	0.0000	0.0000	0.0000	0.0000	0.0002	0.0000	0.0025	0.0025	0.0000	0.0000	0.0000	0.0000	0.0000	0.0000	-0.0000	1.0314	7.0000	3.0033	4.0000	0.0000	0.0000	0.0000	0.0000	0.0000	0.0000	0.0000	0.0000	0.0000	0.0000	0.0000	0.0000	0.0000	0.0000	0.0000	0.0000	0.0000	0.0000	0.2145	0.1814	0.0331	0.0269	0.0254	0.0015	0.1876	0.1560	0.0316	0.2601	0.0638	0.1963	0.0040	0.0039	0.0001	0.2561	0.0599	0.1962	0.0000	0.0000	0.0000	0.0000	0.0000	0.0000	0.0000	0.0000	0.0000	0.0000	0.0002	0.0000	0.0025	0.0025	0.0000	0.0000	0.0000	0.0000						
51	64	0.1795	5	1	1	1	0	0	0	0	0	N	N	N	N	N	N	N	N	N	N	N	N	0.0000	0.0000	0.0000	0.0000	0.0000	0.0000	0.0000	0.0000	0.0000	0.0000	0.0000	0.0000	0.0000	0.0000	0.0000	0.0000	0.0000	0.0000	0.0000	0.0000	1.0314	0.0000	3.0033	0.0000	0.0000	0.0000	0.0000	0.0000	0.0000	0.0000	0.0000	0.0000	0.0000	0.0000	0.0000	0.0000	0.0000	0.0000	0.0000	0.0000	0.0000	0.0000	0.0000	0.0000	0.0000	0.0000	0.0000	0.0000	0.0000	0.0000	0.0000	0.0000	0.0000	0.0000	0.0000	0.0000	0.0000	0.0000	0.0000	0.0000	0.0000	0.0000	0.0000	0.0000	0.0000	0.0000	0.0000	0.0000	0.0000	0.0000	0.0000	0.0000	0.0000	0.0000	0.0000	0.0000	0.0000	0.0000											
51	65	0.1552	4	1	1	1	0	0	0	0	0	N	N	N	N	N	N	N	N	N	N	N	N	31.5708	8.0947	inf	54.8144	14.0146	inf	inf	inf	0.1000	0.1206	0.0000	0.6001	0.6348	0.0004	0.0000	0.0000	0.0000	0.0032	0.0149	0.0000	0.0109	0.0453	0.0000	0.0000	0.0000	0.0000	0.0000	0.0000	-0.0011	-0.0001	1.0314	0.8734	3.0033	1.0002	0.0029	0.0029	0.0000	0.0029	0.0029	0.0000	0.0000	0.0000	0.0000	0.0002	0.0002	0.0000	0.0002	0.0002	0.0000	0.0000	0.0000	0.0000	0.0293	0.0243	0.0050	0.0049	0.0046	0.0003	0.0245	0.0197	0.0047	0.0568	0.0121	0.0447	0.0164	0.0040	0.0125	0.0404	0.0081	0.0323	31.5708	8.0947	inf	54.8144	14.0146	inf	inf	inf	0.0000	0.0032	0.0149	0.0000	0.0109	0.0453	0.0000	0.0000	0.0000	0.0000	
51	66	0.1406	3	1	1	0	0	0	0	0	0	N	N	N	N	N	N	N	N	N	N	N	N	75.3975	41.7250	0.0225	0.1301	0.0674	0.1286	61.0111	2.0326	0.0172	0.0981	0.1182	0.0000	0.0002	0.0002	0.0000	0.1184	0.1470	0.0000	0.0013	0.0028	0.0007	0.0017	0.0035	0.0002	0.0019	0.0723	0.0008	0.0000	0.5708	-0.0013	-0.0000	1.0314	1.0063	3.0033	0.0727	0.0034	0.0034	0.0000	0.0000	0.0000	0.0000	0.0034	0.0034	0.0000	0.0001	0.0000	0.0000	0.0000	0.0000	0.0000	0.0000	0.0000	0.0000	0.0342	0.0284	0.0058	0.0059	0.0056	0.0003	0.0283	0.0228	0.0055	0.0428	0.0125	0.0303	0.0152	0.0071	0.0082	0.0276	0.0055	0.0221	75.3975	41.7250	0.0225	0.1301	0.0674	0.1286	109.9214	72.5648	0.0172	0.0013	0.0028	0.0007	0.0017	0.0035	0.0002	0.0011	0.0020	0.0008
51	67	0.0728	2	1	1	0	0	0	0	0	0	N	N	N	N	N	N	N	N	N	N	N	N	0.0052	0.0010	1751.9264	0.0000	0.0000	0.0928	0.5722	0.0027	inf	0.0001	0.0001	0.0000	0.0000	0.0000	0.0000	0.0001	0.0001	0.0000	0.0137	0.0798	0.0000	0.9338	0.9540	0.0001	0.0001	0.0332	0.0000	0.0893	0.0000	-0.0000	-0.0013	1.0314	4.0009	3.0033	1.0789	0.0000	0.0000	0.0000	0.0000	0.0000	0.0000	0.0000	0.0000	0.0000	0.0019	0.0019	0.0000	0.0019	0.0019	0.0000	0.0000	0.0000	0.0000	0.1322	0.1109	0.0213	0.0164	0.0155	0.0009	0.1157	0.0954	0.0204	0.1415	0.0331	0.1084	0.0021	0.0020	0.0000	0.1394	0.0311	0.1083	0.0052	0.0013	1751.9264	0.0000	0.0000	0.0928	0.5722	0.1421	inf	0.0137	0.0587	0.0000	0.9338	0.9540	0.0001	0.0001	0.0006	0.0000
51	68	0.0728	2	1	2	0	0	0	0	0	0	N	Y	N	N	N	N	N	N	N	N	N	N	0.0040	0.0008	0.0005	0.0005	0.0001	0.0001	0.0000	0.0005	0.0005	0.0000	0.0000	0.0000	0.0000	0.0154	0.0913	0.0000	1.0237	1.0459	0.0000	0.0000	0.0000	0.0000	0.0000	0.0000	-0.0000	-0.0023	1.0314	5.0000	3.0033	3.9994	0.0000	0.0000	0.0000	0.0000	0.0000	0.0000	0.0000	0.0000	0.0000	0.0035	0.0035	0.0000	0.0035	0.0035	0.0000	0.0000	0.0000	0.0000	0.1610	0.1355	0.0255	0.0201	0.0190	0.0011	0.1409	0.1165	0.0244	0.2246	0.0542	0.1704	0.0034	0.0033	0.0001	0.2212	0.0509	0.1703	0.0040	0.0012	0.0000	0.0005	0.0005	0.0000	0.0000	0.0000	0.0000	0.0154	0.0640	0.0000	1.0237	1.0459	0.0000	0.0000	0.0000	0.0000					
51	69	0.0728	2	2	1	1	0	0	0	0	0	Y	N	N	N	N	N	N	N	N	N	N	N	0.0338	0.0097	0.0041	0.0043	0.0003	0.0003	0.0000	0.0022	0.0024	0.0000	0.0000	0.0000	0.0000	0.0083	0.0340	0.0000	0.5425	0.5542	0.0000	0.0000	0.0000	0.0000	0.0000	0.0000	-0.0000	-0.0014	1.0314	7.0000	3.0033	2.9994	0.0001	0.0001	0.0000	0.0001	0.0001	0.0000	0.0000	0.0000	0.0000	0.0020	0.0020	0.0000	0.0020	0.0020	0.0000	0.0000	0.0000	0.0000	0.2145	0.1814	0.0331	0.0269	0.0254	0.0015	0.1876	0.1560	0.0316	0.2429	0.0591	0.1838	0.0037	0.0036	0.0001	0.2392	0.0555	0.1837	0.0338	0.0097	0.0000	0.0041	0.0043	0.0000	0.0000	0.0000	0.0000	0.0083	0.0340	0.0000	0.5425	0.5542	0.0000	0.0000	0.0000	0.0000					
51	70	0.0728	2	1	2	0	1	0	0	0	0	N	Y	N	N	N	N	N	N	N	N	N	N	41.0171	11.9181	0.0000	4.9830	5.2080	0.0000	0.0000	0.0000	0.0203	0.0242	0.0000	0.1633	0.1727	0.0000	0.0000	0.0000	0.0000	0.0005	0.0020	0.0000	0.0328	0.0332	0.0147	0.0000	0.0000	0.0000	0.0000	0.0097	-0.0010	-0.0001	1.0314	4.0000	3.0033	5.0006	0.0027	0.0027	0.0000	0.0027	0.0027	0.0000	0.0000	0.0000	0.0000	0.0001	0.0001	0.0000	0.0001	0.0001	0.0000	0.0000	0.0000	0.0000	0.1321	0.1109	0.0213	0.0164	0.0155	0.0009	0.1157	0.0954	0.0204	0.2246	0.0542	0.1704	0.0034	0.0033	0.0001	0.2212	0.0509	0.1703	41.0171	11.9181	0.0000	4.9830	5.2080	0.0000	0.0000	0.0000	0.0000	0.0005	0.0020	0.0000	0.0328	0.0332	0.0147	0.0000	0.0000	0.0000	
51	71	0.0728	2	1	2	0	0	0	0	0	0	N	Y	N	N	N	N	N	N	N	N	N	N	10.6854	3.1219	0.0111	0.0115	inf	inf	0.0835	0.0987	0.0000	0.0056	0.0059	0.0000	0.0946	0.1138	0.0000	0.0078	0.0316	0.0000	0.5013	0.5121	0.0000	0.0000	0.0000	0.0000	0.0000	0.0000	-0.0069	-0.0015	1.0314	7.0000	3.0033	4.9994	0.0179	0.0179	0.0000	0.0001	0.0001	0.0000	0.0178	0.0178	0.0000	0.0022	0.0022	0.0000	0.0022	0.0022	0.0000	0.0000	0.0000	0.0000	0.2145	0.1814	0.0331	0.0269	0.0254	0.0015	0.1876	0.1560	0.0316	0.2763	0.0683	0.2081	0.0043	0.0042	0.0001	0.2720	0.0641	0.2080	10.6854	3.1219	0.0000	0.0111	0.0115	0.0000	inf	inf	0.0000	0.0078	0.0316	0.0000	0.5013	0.5121	0.0000	0.0000	0.0000	0.0000			
51	72	0.1294	3	1	2	0	0	0	0	0	0	N	Y	N	N	N	N	N	N	N	N	N	N	96.6688	47.9710	0.0000	1.4169	1.5168	0.0000	1581.5648	239.2267	0.0000	0.1160	0.1373	0.0000	0.0064	0.0068	0.0000	0.1456	0.1776	0.0000	0.0012	0.0029	0.0001	0.0045	0.0045	0.0115	0.0001	0.0007	0.0001	0.0000	0.0660	-0.0068	-0.0001	1.0314	4.7764	3.0033	1.3205	0.0176	0.0176	0.0000	0.0002	0.0002	0.0000	0.0174	0.0174	0.0000	0.0002	0.0002	0.0000	0.0002	0.0002	0.0000	0.0000	0.0000	0.0000	0.1522	0.1285	0.0236	0.0324	0.0303	0.0020	0.1198	0.0982	0.0216	0.1421	0.0559	0.0862	0.0357	0.0356	0.0001	0.1064	0.0203	0.0861	96.6688	47.9710	0.0000	1.4169	1.5168	0.0000	1581.5648	374737.9921	0.0000	0.0012	0.0029	0.0001	0.0045	0.0045	0.0115	0.0001	0.0000	0.0001
51	73	0.0728	2	1	2	0	0	0	0	0	0	N	Y	N	N	N	N	N	N	N	N	N	N	0.3039	0.0884	0.4275	0.0004	0.0004	0.0026	5.4188	0.1037	0.4485	0.0029	0.0035	0.0002	0.0002	0.0002	0.0001	0.0033	0.0040	0.0002	0.0097	0.0391	0.0006	0.6175	0.6304	0.0205	0.0006	0.0385	0.0006	0.0135	0.0467	-0.0001	-0.0010	1.0314	3.3049	3.0033	2.7470	0.0003	0.0003	0.0000	0.0000	0.0000	0.0000	0.0003	0.0003	0.0000	0.0016	0.0015	0.0001	0.0015	0.0015	0.0000	0.0001	0.0000	0.0001	0.1112	0.0931	0.0181	0.0138	0.0130	0.0007	0.0974	0.0801	0.0173	0.1639	0.0387	0.1253	0.0024	0.0024	0.0001	0.1615	0.0363	0.1252	0.3039	0.0884	0.4275	0.0004	0.0004	0.0026	5.4188	4.9181	0.4485	0.0097	0.0391	0.0006	0.6175	0.6304	0.0205	0.0006	0.0008	0.0006
51	74	0.1316	3	1	2	0	0	0	0	0	0	N	Y	N	N	N	N	N	N	N	N	N	N	0.0000	0.0000	0.0000	0.0000	0.0000	0.0000	0.0000	0.0000	0.0000	0.0000	0.0000	0.0000	0.0000	0.0000	0.0000	0.0000	0.0000	0.0000	0.0000	0.0000	1.0314	0.0000	3.0033	0.0000	0.0000	0.0000	0.0000	0.0000	0.0000	0.0000	0.0000	0.0000	0.0000	0.0000	0.0000	0.0000	0.0000	0.0000	0.0000	0.0000	0.0000	0.0000	0.0000	0.0000	0.0000	0.0000	0.0000	0.0000	0.0000	0.0000	0.0000	0.0000	0.0000	0.0000	0.0000	0.0000	0.0000	0.0000	0.0000	0.0000	0.0000	0.0000	0.0000	0.0000	0.0000	0.0000	0.0000	0.0000	0.0000	0.0000	0.0000	0.0000	0.0000	0.0000	0.0000	0.0000	0.0000	0.0000											
51	75	0.0728	2	1	2	0	0	0	0	0	0	N	Y	N	N	N	N	N	N	N	N	N	N	2.2798	1.7698	0.0000	0.7322	0.7622	0.0000	0.0188	inf	0.0000	0.0068	0.0081	0.0000	0.0541	0.0572	0.0000	0.0001	0.0001	0.0000	0.0030	0.0046	0.0025	0.0738	0.0750	0.0188	0.0043	0.0000	0.0025	0.0000	1.7494	-0.0004	-0.0000	1.0314	4.3567	3.0033	2.3689	0.0010	0.0010	0.0000	0.0010	0.0010	0.0000	0.0000	0.0000	0.0000	0.0005	0.0002	0.0003	0.0002	0.0002	0.0000	0.0003	0.0000	0.0003	0.1426	0.1198	0.0228	0.0177	0.0168	0.0010	0.1249	0.1030	0.0219	0.1787	0.0424	0.1364	0.0026	0.0026	0.0001	0.1761	0.0398	0.1363	2.2798	1.7698	0.0000	0.7322	0.7622	0.0000	0.0417	inf	0.0000	0.0030	0.0046	0.0025	0.0738	0.0750	0.0188	0.0019	0.0000	0.0025
51	76	0.1402	5	2	2	0	1	0	0	0	0	Y	Y	N	N	N	N	N	N	N	N	N	N	0.0000	0.0000	0.0000	0.0000	0.0000	0.0000	0.0000	0.0000	0.0000	0.0000	0.0000	0.0000	0.0000	0.0000	0.0000	0.0000	0.0000	0.0000	0.0000	0.0000	1.0314	0.0000	3.0033	0.0000	0.0000	0.0000	0.0000	0.0000	0.0000	0.0000	0.0000	0.0000	0.0000	0.0000	0.0000	0.0000	0.0000	0.0000	0.0000	0.0000	0.0000	0.0000	0.0000	0.0000	0.0000	0.0000	0.0000	0.0000	0.0000	0.0000	0.0000	0.0000	0.0000	0.0000	0.0000	0.0000	0.0000	0.0000	0.0000	0.0000	0.0000	0.0000	0.0000	0.0000	0.0000	0.0000	0.0000	0.0000	0.0000	0.0000	0.0000	0.0000	0.0000	0.0000	0.0000	0.0000	0.0000	0.0000											
51	77	0.1319	4	2	2	0	1	0	0	0	0	Y	Y	N	N	N	N	N	N	N	N	N	N	0.0000	0.0000	0.0000	0.0000	0.0000	0.0000	0.0000	0.0000	0.0000	0.0000	0.0000	0.0000	0.0000	0.0000	0.0000	0.0000	0.0000	0.0000	0.0000	0.0000	0.0000	0.0000	0.0000	0.0000	0.0000	0.0000	57.5000	0.0000	0.0000	1.0314	1.0073	3.0033	0.3366	0.0000	0.0000	0.0000	0.0000	0.0000	0.0000	0.0000	0.0000	0.0000	0.0000	0.0000	0.0000	0.0000	0.0000	0.0000	0.0000	0.0000	0.0000	0.0339	0.0290	0.0049	0.0071	0.0065	0.0005	0.0269	0.0225	0.0044	0.0302	0.0106	0.0196	0.0031	0.0030	0.0001	0.0271	0.0076	0.0195	0.0000	0.0000	0.0000	0.0000	0.0000	0.0000	0.0000	0.0000	0.0000	0.0000	0.0000	0.0000	0.0000	0.0000	0.0000	0.0000	0.0000	0.0000		
51	78	0.1577	4	1	2	0	1	0	0	0	0	N	Y	N	N	N	N	N	N	N	N	N	N	0.0000	0.0000	0.0000	0.0000	0.0000	0.0000	0.0000	0.0000	0.0000	0.0000	0.0000	0.0000	0.0000	0.0000	0.0000	0.0000	0.0000	0.0000	0.0000	0.0000	1.0314	0.0000	3.0033	0.0000	0.0000	0.0000	0.0000	0.0000	0.0000	0.0000	0.0000	0.0000	0.0000	0.0000	0.0000	0.0000	0.0000	0.0000	0.0000	0.0000	0.0000	0.0000	0.0000	0.0000	0.0000	0.0000	0.0000	0.0000	0.0000	0.0000	0.0000	0.0000	0.0000	0.0000	0.0000	0.0000	0.0000	0.0000	0.0000	0.0000	0.0000	0.0000	0.0000	0.0000	0.0000	0.0000	0.0000	0.0000	0.0000	0.0000	0.0000	0.0000	0.0000	0.0000	0.0000	0.0000	0.0000	0.0000											
51	79	0.1494	3	1	2	0	1	0	0	0	0	N	Y	N	N	N	N	N	N	N	N	N	N	0.0000	0.0000	0.0000	0.0000	0.0000	0.0000	0.0000	0.0000	0.0000	0.0000	0.0000	0.0000	0.0000	0.0000	0.0000	0.0000	0.0000	0.0000	0.0000	0.0000	1.0314	0.0000	3.0033	1.0000	0.0000	0.0000	0.0000	0.0000	0.0000	0.0000	0.0000	0.0000	0.0000	0.0000	0.0000	0.0000	0.0000	0.0000	0.0000	0.0000	0.0000	0.0000	0.0000	0.0000	0.0000	0.0000	0.0000	0.0000	0.0000	0.0000	0.0000	0.0301	0.0091	0.0209	0.0104	0.0033	0.0071	0.0197	0.0058	0.0138	0.0000	0.0000	0.0000	0.0000	0.0000	0.0000	0.0000	0.0000	0.0000	0.0000	0.0000	0.0000	0.0000	0.0000	0.0000	0.0000	0.0000	0.0000											
51	80	0.1319	4	1	2	0	0	0	0	0	0	N	Y	N	N	N	N	N	N	N	N	N	N	0.0000	0.0000	0.0000	0.0000	0.0000	0.0000	0.0000	0.0000	0.0000	0.0000	0.0000	0.0000	0.0000	0.0000	0.0000	0.0000	0.0000	0.0000	0.0000	0.0000	0.0000	0.0000	0.0000	0.0000	0.0000	0.0000	57.6000	0.0000	0.0000	1.0314	3.9927	3.0033	1.0002	0.0000	0.0000	0.0000	0.0000	0.0000	0.0000	0.0000	0.0000	0.0000	0.0000	0.0000	0.0000	0.0000	0.0000	0.0000	0.0000	0.0000	0.0000	0.1243	0.1070	0.0173	0.0261	0.0242	0.0020	0.0982	0.0828	0.0154	0.0961	0.0330	0.0631	0.0072	0.0068	0.0004	0.0888	0.0262	0.0627	0.0000	0.0000	0.0000	0.0000	0.0000	0.0000	0.0000	0.0000	0.0000	0.0000	0.0000	0.0000	0.0000	0.0000	0.0000	0.0000	0.0000	0.0000		
51	81	0.1272	3	1	2	0	0	0	0	0	0	N	Y	N	N	N	N	N	N	N	N	N	N	0.0000	0.0000	0.0000	0.0000	0.0000	0.0000	0.0000	0.0000	0.0000	0.0000	0.0000	0.0000	0.0000	0.0000	0.0000	0.0000	0.0000	0.0000	0.0000	0.0001	0.0001	0.0000	0.0000	0.0000	0.0000	0.0234	0.0000	-0.0000	1.0314	0.0110	3.0033	0.6549	0.0000	0.0000	0.0000	0.0000	0.0000	0.0000	0.0000	0.0000	0.0000	0.0000	0.0000	0.0000	0.0000	0.0000	0.0000	0.0000	0.0000	0.0000	0.0004	0.0003	0.0001	0.0001	0.0001	0.0000	0.0003	0.0003	0.0000	0.0139	0.0047	0.0092	0.0009	0.0008	0.0001	0.0130	0.0038	0.0092	0.0000	0.0000	0.0000	0.0000	0.0000	0.0000	0.0000	0.0000	0.0000	0.0000	0.0000	0.0000	0.0001	0.0001	0.0000	0.0000	0.0000	0.0000			
51	82	0.1494	3	1	1	1	1	0	0	0	0	N	N	N	N	N	N	N	N	N	N	N	N	0.0000	0.0000	0.0000	0.0000	0.0000	0.0000	0.0000	0.0000	0.0000	0.0000	0.0000	0.0000	0.0000	0.0000	0.0000	0.0000	0.0000	0.0000	0.0000	0.0000	1.0314	1.0000	3.0033	0.0000	0.0000	0.0000	0.0000	0.0000	0.0000	0.0000	0.0000	0.0000	0.0000	0.0000	0.0000	0.0000	0.0000	0.0000	0.0000	0.0000	0.0000	0.0000	0.0336	0.0287	0.0049	0.0054	0.0050	0.0004	0.0281	0.0236	0.0045	0.0301	0.0091	0.0209	0.0104	0.0033	0.0071	0.0197	0.0058	0.0138	0.0000	0.0000	0.0000	0.0000	0.0000	0.0000	0.0000	0.0000	0.0000	0.0000	0.0000	0.0000	0.0000	0.0000	0.0000	0.0000	0.0000	0.0000											
51	83	0.1494	3	1	1	1	1	0	0	0	0	N	N	N	N	N	N	N	N	N	N	N	N	0.0000	0.0000	0.0000	0.0000	0.0000	0.0000	0.0000	0.0000	0.0000	0.0000	0.0000	0.0000	0.0000	0.0000	0.0000	0.0000	0.0000	0.0000	0.0000	0.0000	1.0314	0.0000	3.0033	0.0000	0.0000	0.0000	0.0000	0.0000	0.0000	0.0000	0.0000	0.0000	0.0000	0.0000	0.0000	0.0000	0.0000	0.0000	0.0000	0.0000	0.0000	0.0000	0.0000	0.0000	0.0000	0.0000	0.0000	0.0000	0.0000	0.0000	0.0000	0.0000	0.0000	0.0000	0.0000	0.0000	0.0000	0.0000	0.0000	0.0000	0.0000	0.0000	0.0000	0.0000	0.0000	0.0000	0.0000	0.0000	0.0000	0.0000	0.0000	0.0000	0.0000	0.0000	0.0000	0.0000	0.0000	0.0000											
51	84	0.0728	2	1	1	0	1	0	0	0	0	N	N	N	N	N	N	N	N	N	N	N	N	0.0110	0.0032	0.0013	0.0014	0.0001	0.0001	0.0000	0.0008	0.0008	0.0000	0.0000	0.0000	0.0000	0.0089	0.0370	0.0000	0.5929	0.6057	0.0000	0.0000	0.0000	0.0000	0.0000	0.0000	-0.0000	-0.0014	1.0314	3.0000	3.0033	5.9994	0.0000	0.0000	0.0000	0.0000	0.0000	0.0000	0.0000	0.0000	0.0000	0.0020	0.0020	0.0000	0.0020	0.0020	0.0000	0.0000	0.0000	0.0000	0.1017	0.0851	0.0166	0.0126	0.0119	0.0007	0.0891	0.0732	0.0159	0.2246	0.0542	0.1704	0.0034	0.0033	0.0001	0.2212	0.0509	0.1703	0.0110	0.0032	0.0000	0.0013	0.0014	0.0000	0.0000	0.0000	0.0000	0.0089	0.0370	0.0000	0.5929	0.6057	0.0000	0.0000	0.0000	0.0000					
51	85	0.2104	3	2	2	0	0	0	0	0	0	Y	Y	N	N	N	N	N	N	N	N	N	N	0.0000	0.0000	0.0000	0.0000	0.0000	0.0000	0.0000	0.0000	0.0000	0.0000	0.0000	0.0000	0.0000	0.0043	0.0000	0.0096	0.0000	0.0000	0.0000	0.0148	0.0000	0.0094	inf	0.0000	0.0000	1.0314	0.0000	3.0033	0.0000	0.0000	0.0000	0.0000	0.0000	0.0000	0.0000	0.0000	0.0000	0.0000	0.0000	0.0000	0.0000	0.0000	0.0000	0.0000	0.0000	0.0000	0.0000	0.0000	0.0000	0.0000	0.0000	0.0000	0.0000	0.0000	0.0000	0.0000	0.0000	0.0000	0.0000	0.0000	0.0000	0.0000	0.0000	0.0000	0.0000	0.0000	0.0000	0.0000	0.0000	0.0000	0.0000	0.0000	0.0000	0.0000	0.0043	0.0000	0.0096	0.0000	0.0000	0.0000	0.0076	0.0000	0.0094						
51	86	0.0728	2	2	2	0	0	0	0	0	0	Y	Y	N	N	N	N	N	N	N	N	N	N	0.1221	0.0360	0.0000	0.0076	0.0079	0.0000	1148.8871	inf	0.0000	0.0001	0.0001	0.0000	0.0005	0.0005	0.0000	0.0001	0.0001	0.0000	0.0010	0.0041	0.0000	0.0653	0.0664	0.0116	0.0000	0.0000	0.0000	0.0000	0.0038	-0.0000	-0.0002	1.0314	5.0000	3.0033	7.0006	0.0000	0.0000	0.0000	0.0000	0.0000	0.0000	0.0000	0.0000	0.0000	0.0003	0.0003	0.0000	0.0003	0.0003	0.0000	0.0000	0.0000	0.0000	0.1610	0.1355	0.0255	0.0201	0.0190	0.0011	0.1409	0.1165	0.0244	0.2764	0.0683	0.2081	0.0043	0.0042	0.0001	0.2720	0.0641	0.2080	0.1221	0.0360	0.0000	0.0076	0.0079	0.0000	1148.8871	inf	0.0000	0.0010	0.0041	0.0000	0.0653	0.0664	0.0116	0.0000	0.0000	0.0000
51	87	0.0728	2	1	2	0	0	0	0	0	0	N	Y	N	N	N	N	N	N	N	N	N	N	0.3180	0.0897	0.0000	0.0376	0.0393	0.0000	0.0000	0.0000	0.0003	0.0003	0.0000	0.0023	0.0024	0.0000	0.0000	0.0000	0.0000	0.0009	0.0037	0.0000	0.0606	0.0613	0.0299	0.0000	0.0000	0.0000	0.0000	0.0107	-0.0000	-0.0001	1.0314	1.0000	3.0033	3.0006	0.0000	0.0000	0.0000	0.0000	0.0000	0.0000	0.0000	0.0000	0.0000	0.0001	0.0001	0.0000	0.0001	0.0001	0.0000	0.0000	0.0000	0.0000	0.0358	0.0297	0.0060	0.0044	0.0042	0.0002	0.0314	0.0256	0.0058	0.1149	0.0267	0.0883	0.0017	0.0016	0.0000	0.1133	0.0250	0.0882	0.3180	0.0897	0.0000	0.0376	0.0393	0.0000	0.0000	0.0000	0.0000	0.0009	0.0037	0.0000	0.0606	0.0613	0.0299	0.0000	0.0000	0.0000	
51	88	0.1272	3	2	2	0	0	0	0	0	0	Y	Y	N	N	N	N	N	N	N	N	N	N	0.0000	0.0000	0.0000	0.0000	0.0000	0.0000	0.0000	0.0000	0.0000	0.0000	0.0000	0.0000	0.0000	0.0000	0.0000	0.0000	0.0000	0.0000	0.0000	0.0000	1.0314	0.0000	3.0033	0.0000	0.0000	0.0000	0.0000	0.0000	0.0000	0.0000	0.0000	0.0000	0.0000	0.0000	0.0000	0.0000	0.0000	0.0000	0.0000	0.0000	0.0000	0.0000	0.0000	0.0000	0.0000	0.0000	0.0000	0.0000	0.0000	0.0000	0.0000	0.0000	0.0000	0.0000	0.0000	0.0000	0.0000	0.0000	0.0000	0.0000	0.0000	0.0000	0.0000	0.0000	0.0000	0.0000	0.0000	0.0000	0.0000	0.0000	0.0000	0.0000	0.0000	0.0000	0.0000	0.0000	0.0000	0.0000											
51	89	0.0728	2	1	2	0	0	0	0	0	0	N	Y	N	N	N	N	N	N	N	N	N	N	0.1553	0.0443	0.0187	0.0193	0.0001	0.0001	0.0000	0.0006	0.0006	0.0000	0.0000	0.0000	0.0000	0.0005	0.0020	0.0000	0.0326	0.0333	0.0000	0.0000	0.0000	0.0000	0.0000	0.0000	-0.0000	-0.0001	1.0314	4.0000	3.0033	4.0001	0.0000	0.0000	0.0000	0.0000	0.0000	0.0000	0.0000	0.0000	0.0000	0.0001	0.0001	0.0000	0.0001	0.0001	0.0000	0.0000	0.0000	0.0000	0.1321	0.1109	0.0213	0.0164	0.0155	0.0009	0.1157	0.0954	0.0204	0.2052	0.0492	0.1560	0.0031	0.0030	0.0001	0.2021	0.0462	0.1560	0.1553	0.0443	0.0000	0.0187	0.0193	0.0000	0.0000	0.0000	0.0000	0.0005	0.0020	0.0000	0.0326	0.0333	0.0000	0.0000	0.0000	0.0000					
51	91	0.2184	4	1	1	0	0	0	0	0	0	N	N	N	N	N	N	N	N	N	N	N	N	7.5627	0.0555	141.8997	1.3746	0.0869	40.0698	14.2195	0.0012	132.1904	0.0362	0.0006	0.2452	0.0375	0.0024	0.4765	0.0358	0.0000	0.2155	0.0048	0.0107	0.0017	0.0273	0.0281	0.0119	0.0025	0.0040	0.0016	70.0602	0.3132	0.0081	-0.0008	1.0314	11.5137	3.0033	4.9035	0.0134	0.0002	0.0132	0.0031	0.0002	0.0029	0.0103	0.0000	0.0103	0.0018	0.0014	0.0004	0.0014	0.0014	0.0000	0.0004	0.0000	0.0004	0.3707	0.3168	0.0540	0.0831	0.0770	0.0062	0.2876	0.2398	0.0478	0.3832	0.1300	0.2533	0.0522	0.0498	0.0024	0.3311	0.0802	0.2508	7.5627	0.0555	141.8997	1.3746	0.0869	40.0698	28.9720	0.7104	132.1904	0.0048	0.0107	0.0017	0.0273	0.0281	0.0119	0.0012	0.0000	0.0016
52	54	0.0908	3	1	1	1	0	0	0	0	0	N	N	N	N	N	N	N	N	N	N	N	N	0.4069	0.0000	1.3800	0.0000	0.0000	0.0000	0.7105	1.4141	0.0001	0.0000	0.0004	0.0000	0.0000	0.0000	0.0002	0.0000	0.0004	0.0002	0.0000	0.0003	0.0001	0.0001	0.0002	0.0002	0.0000	0.0003	inf	47.0075	0.0000	0.0000	4.9791	0.0147	0.0710	0.9910	0.0000	0.0000	0.0000	0.0000	0.0000	0.0000	0.0000	0.0000	0.0000	0.0000	0.0000	0.0000	0.0000	0.0000	0.0000	0.0000	0.0000	0.0000	0.0094	0.0071	0.0022	0.0041	0.0041	0.0001	0.0053	0.0031	0.0022	0.0442	0.0090	0.0352	0.0020	0.0018	0.0001	0.0423	0.0072	0.0351	0.4069	0.0000	1.3800	0.0000	0.0000	0.0000	0.7105	0.0000	1.4141	0.0002	0.0000	0.0003	0.0001	0.0001	0.0002	0.0002	0.0000	0.0003	
52	55	0.0798	2	1	1	0	0	0	0	0	0	N	N	N	N	N	N	N	N	N	N	N	N	1.7978	0.0003	145.0601	0.0038	0.0044	0.0000	2.2738	0.0000	181.1510	0.0003	0.0000	0.0023	0.0000	0.0000	0.0000	0.0004	0.0000	0.0026	0.0002	0.0009	0.0000	0.0002	0.0002	0.0004	0.0002	0.0474	0.0000	1823.1528	0.0684	0.0000	-0.0000	4.9791	0.9556	0.0710	1.0192	0.0001	0.0000	0.0001	0.0000	0.0000	0.0000	0.0001	0.0000	0.0001	0.0000	0.0000	0.0000	0.0000	0.0000	0.0000	0.0000	0.0000	0.0000	0.1657	0.1402	0.0254	0.0341	0.0309	0.0031	0.1316	0.1093	0.0223	0.0841	0.0174	0.0667	0.0037	0.0034	0.0002	0.0804	0.0139	0.0665	1.7978	0.0003	145.0601	0.0038	0.0044	0.0000	2.2738	0.0000	181.1510	0.0002	0.0009	0.0000	0.0002	0.0002	0.0004	0.0002	0.0010	0.0000
52	58	0.1833	3	1	1	0	0	0	0	0	0	N	N	N	N	N	N	N	N	N	N	N	N	797.9624	308.9919	0.0000	141.8023	157.3381	0.0000	372955.1289	8079.2646	0.0000	1.3615	1.5767	0.0000	1.8426	1.9385	0.0000	1.2854	1.5126	0.0000	0.0017	0.0051	0.0002	0.0130	0.0123	0.0288	0.0000	0.0002	0.0000	0.0000	0.1016	-0.7295	-0.0005	4.9791	10.2575	0.0710	3.8960	1.8926	1.8926	0.0000	0.3501	0.3501	0.0000	1.5425	1.5425	0.0000	0.0008	0.0008	0.0001	0.0008	0.0008	0.0001	0.0000	0.0000	0.0000	1.3901	1.2004	0.1897	0.1900	0.1806	0.0094	1.2001	1.0198	0.1803	0.4862	0.1476	0.3386	0.0637	0.0611	0.0026	0.4225	0.0865	0.3360	797.9624	308.9919	0.0000	141.8023	157.3381	0.0000	372955.1289	47776118.1414	0.0000	0.0017	0.0051	0.0002	0.0130	0.0123	0.0288	0.0000	0.0000	0.0000
52	59	0.1574	2	2	2	1	0	0	0	0	0	Y	Y	N	N	N	N	N	N	N	N	N	N	0.0000	0.0000	0.0000	0.0000	0.0000	0.0000	0.0000	0.0000	0.0000	0.0000	0.0000	0.0000	0.0000	0.0000	0.0000	0.0000	0.0000	0.0000	0.0000	-0.0000	4.9791	0.0000	0.0710	0.0000	0.0000	0.0000	0.0000	0.0000	0.0000	0.0000	0.0000	0.0000	0.0000	0.0000	0.0000	0.0000	0.0000	0.0000	0.0000	0.0000	0.0000	0.0000	0.0000	0.0000	0.0000	0.0000	0.0000	0.0000	0.0000	0.0000	0.0000	0.0000	0.0000	0.0000	0.0000	0.0000	0.0000	0.0000	0.0000	0.0000	0.0000	0.0000	0.0000	0.0000	0.0000	0.0000	0.0000	0.0000	0.0000	0.0000	0.0000	0.0000	0.0000	0.0000	0.0000	0.0000	0.0000	0.0000											
52	61	0.1202	2	2	1	1	0	0	0	0	0	Y	N	N	N	N	N	N	N	N	N	N	N	0.0000	0.0000	0.0000	0.0000	0.0000	0.0000	0.0000	0.0000	0.0000	0.0000	0.0000	0.0000	0.0000	0.0000	0.0000	0.0000	0.0000	0.0000	0.0000	0.0000	4.9791	2.0000	0.0710	0.0000	0.0000	0.0000	0.0000	0.0000	0.0000	0.0000	0.0000	0.0000	0.0000	0.0000	0.0000	0.0000	0.0000	0.0000	0.0000	0.0000	0.0000	0.0000	0.2504	0.2081	0.0423	0.0200	0.0186	0.0014	0.2304	0.1895	0.0410	0.0569	0.0217	0.0352	0.0302	0.0145	0.0157	0.0267	0.0072	0.0195	0.0000	0.0000	0.0000	0.0000	0.0000	0.0000	0.0000	0.0000	0.0000	0.0000	0.0000	0.0000	0.0000	0.0000	0.0000	0.0000	0.0000	0.0000											
52	64	0.1444	4	1	1	1	0	0	0	0	0	N	N	N	N	N	N	N	N	N	N	N	N	0.0000	0.0000	0.0000	0.0000	0.0000	0.0000	0.0000	0.0000	0.0000	0.0000	0.0000	0.0000	0.0000	0.0000	0.0000	0.0000	0.0000	0.0000	0.0000	0.0000	4.9791	0.0000	0.0710	0.0000	0.0000	0.0000	0.0000	0.0000	0.0000	0.0000	0.0000	0.0000	0.0000	0.0000	0.0000	0.0000	0.0000	0.0000	0.0000	0.0000	0.0000	0.0000	0.0000	0.0000	0.0000	0.0000	0.0000	0.0000	0.0000	0.0000	0.0000	0.0000	0.0000	0.0000	0.0000	0.0000	0.0000	0.0000	0.0000	0.0000	0.0000	0.0000	0.0000	0.0000	0.0000	0.0000	0.0000	0.0000	0.0000	0.0000	0.0000	0.0000	0.0000	0.0000	0.0000	0.0000	0.0000	0.0000											
52	65	0.1201	3	1	1	1	0	0	0	0	0	N	N	N	N	N	N	N	N	N	N	N	N	3211.7256	5876.1436	0.6031	inf	inf	inf	0.0106	0.0012	0.0000	7.2793	8.7816	0.0015	180.4688	191.2206	0.1102	0.0001	0.0001	0.0000	0.0023	0.0015	0.0024	0.0000	0.0000	0.0000	0.0082	0.0898	0.0031	0.0000	8.0000	-0.3355	0.0000	4.9791	0.8734	0.0710	1.0002	0.8705	0.8705	0.0000	0.8705	0.8704	0.0000	0.0000	0.0000	0.0000	0.0002	0.0000	0.0002	0.0000	0.0000	0.0000	0.0002	0.0000	0.0002	0.1196	0.0991	0.0205	0.0048	0.0046	0.0003	0.1148	0.0946	0.0202	0.0794	0.0134	0.0660	0.0187	0.0039	0.0148	0.0607	0.0095	0.0512	3211.7256	5876.1436	0.6031	inf	inf	inf	0.0293	0.0502	0.0000	0.0023	0.0015	0.0024	0.0000	0.0000	0.0000	0.0030	0.0021	0.0031
52	66	0.1056	2	1	1	0	0	0	0	0	0	N	N	N	N	N	N	N	N	N	N	N	N	10074.4879	3054.5640	0.0000	12.6875	6.1429	0.0000	76036.8352	274.8504	0.0000	7.1340	8.6004	0.0000	0.0266	0.0278	0.0000	7.4737	9.0753	0.0000	0.0007	0.0028	0.0000	0.0021	0.0045	0.0000	0.0001	0.0330	0.0000	0.0000	0.0060	-0.3833	-0.0000	4.9791	1.0063	0.0710	0.0727	0.9943	0.9943	0.0000	0.0002	0.0002	0.0000	0.9941	0.9941	0.0000	0.0000	0.0000	0.0000	0.0000	0.0000	0.0000	0.0000	0.0000	0.0000	0.1394	0.1156	0.0238	0.0064	0.0061	0.0003	0.1330	0.1095	0.0235	0.0587	0.0147	0.0441	0.0180	0.0083	0.0097	0.0408	0.0064	0.0344	10074.4879	3054.5640	0.0000	12.6875	6.1429	0.0000	76036.8352	14782.8968	0.0000	0.0007	0.0028	0.0000	0.0021	0.0045	0.0000	0.0001	0.0006	0.0000
52	72	0.0943	2	1	2	0	0	0	0	0	0	N	Y	N	N	N	N	N	N	N	N	N	N	547.8515	12993.9392	0.0888	44.5672	56.5526	0.0001	180.2987	inf	0.0916	1.5519	1.8347	0.0004	0.0108	0.0114	0.0000	1.7002	2.0348	0.0004	0.0028	0.0001	0.0046	0.0002	0.0002	0.0840	0.0094	0.0000	0.0046	0.0000	49.3464	-0.3719	0.0002	4.9791	4.7764	0.0710	1.3205	0.9650	0.9650	0.0000	0.0006	0.0006	0.0000	0.9644	0.9644	0.0000	0.0006	0.0000	0.0005	0.0000	0.0000	0.0000	0.0005	0.0000	0.0005	0.6218	0.5259	0.0959	0.0546	0.0520	0.0026	0.5672	0.4739	0.0933	0.1976	0.0787	0.1189	0.0554	0.0554	0.0000	0.1422	0.0234	0.1188	547.8515	12993.9392	0.0888	44.5672	56.5526	0.0001	442.6255	inf	0.0916	0.0028	0.0001	0.0046	0.0002	0.0002	0.0840	0.0038	0.0000	0.0046
52	74	0.0965	2	1	2	0	0	0	0	0	0	N	Y	N	N	N	N	N	N	N	N	N	N	0.0000	0.0000	0.0000	0.0000	0.0000	0.0000	0.0000	0.0000	0.0000	0.0000	0.0000	0.0000	0.0000	0.0000	0.0000	0.0000	0.0000	0.0000	0.0000	0.0000	4.9791	0.0000	0.0710	0.0000	0.0000	0.0000	0.0000	0.0000	0.0000	0.0000	0.0000	0.0000	0.0000	0.0000	0.0000	0.0000	0.0000	0.0000	0.0000	0.0000	0.0000	0.0000	0.0000	0.0000	0.0000	0.0000	0.0000	0.0000	0.0000	0.0000	0.0000	0.0000	0.0000	0.0000	0.0000	0.0000	0.0000	0.0000	0.0000	0.0000	0.0000	0.0000	0.0000	0.0000	0.0000	0.0000	0.0000	0.0000	0.0000	0.0000	0.0000	0.0000	0.0000	0.0000	0.0000	0.0000	0.0000	0.0000											
52	76	0.1052	4	2	2	0	1	0	0	0	0	Y	Y	N	N	N	N	N	N	N	N	N	N	0.0000	0.0000	0.0000	0.0000	0.0000	0.0000	0.0000	0.0000	0.0000	0.0000	0.0000	0.0000	0.0000	0.0000	0.0000	0.0000	0.0000	0.0000	0.0000	0.0000	4.9791	0.0000	0.0710	0.0000	0.0000	0.0000	0.0000	0.0000	0.0000	0.0000	0.0000	0.0000	0.0000	0.0000	0.0000	0.0000	0.0000	0.0000	0.0000	0.0000	0.0000	0.0000	0.0000	0.0000	0.0000	0.0000	0.0000	0.0000	0.0000	0.0000	0.0000	0.0000	0.0000	0.0000	0.0000	0.0000	0.0000	0.0000	0.0000	0.0000	0.0000	0.0000	0.0000	0.0000	0.0000	0.0000	0.0000	0.0000	0.0000	0.0000	0.0000	0.0000	0.0000	0.0000	0.0000	0.0000	0.0000	0.0000											
52	77	0.0968	3	2	2	0	1	0	0	0	0	Y	Y	N	N	N	N	N	N	N	N	N	N	0.0000	0.0000	0.0000	0.0000	0.0000	0.0000	0.0000	0.0000	0.0000	0.0000	0.0000	0.0000	0.0000	0.0000	0.0000	0.0000	0.0000	0.0000	0.0000	0.0000	0.0000	0.0000	0.0000	0.0000	0.0000	0.6707	0.0000	-0.0000	4.9791	1.0073	0.0710	0.3366	0.0000	0.0000	0.0000	0.0000	0.0000	0.0000	0.0000	0.0000	0.0000	0.0000	0.0000	0.0000	0.0000	0.0000	0.0000	0.0000	0.0000	0.0000	0.1384	0.1182	0.0203	0.0115	0.0103	0.0012	0.1270	0.1079	0.0191	0.0378	0.0138	0.0241	0.0047	0.0045	0.0001	0.0332	0.0093	0.0239	0.0000	0.0000	0.0000	0.0000	0.0000	0.0000	0.0000	0.0000	0.0000	0.0000	0.0000	0.0000	0.0000	0.0000	0.0000	0.0000	0.0000	0.0000			
52	78	0.1226	3	1	2	0	1	0	0	0	0	N	Y	N	N	N	N	N	N	N	N	N	N	0.0000	0.0000	0.0000	0.0000	0.0000	0.0000	0.0000	0.0000	0.0000	0.0000	0.0000	0.0000	0.0000	0.0000	0.0000	0.0000	0.0000	0.0000	0.0000	0.0000	4.9791	0.0000	0.0710	0.0000	0.0000	0.0000	0.0000	0.0000	0.0000	0.0000	0.0000	0.0000	0.0000	0.0000	0.0000	0.0000	0.0000	0.0000	0.0000	0.0000	0.0000	0.0000	0.0000	0.0000	0.0000	0.0000	0.0000	0.0000	0.0000	0.0000	0.0000	0.0000	0.0000	0.0000	0.0000	0.0000	0.0000	0.0000	0.0000	0.0000	0.0000	0.0000	0.0000	0.0000	0.0000	0.0000	0.0000	0.0000	0.0000	0.0000	0.0000	0.0000	0.0000	0.0000	0.0000	0.0000	0.0000	0.0000											
52	79	0.1144	2	1	2	0	1	0	0	0	0	N	Y	N	N	N	N	N	N	N	N	N	N	0.0000	0.0000	0.0000	0.0000	0.0000	0.0000	0.0000	0.0000	0.0000	0.0000	0.0000	0.0000	0.0000	0.0000	0.0000	0.0000	0.0000	0.0000	0.0000	0.0000	4.9791	0.0000	0.0710	1.0000	0.0000	0.0000	0.0000	0.0000	0.0000	0.0000	0.0000	0.0000	0.0000	0.0000	0.0000	0.0000	0.0000	0.0000	0.0000	0.0000	0.0000	0.0000	0.0000	0.0000	0.0000	0.0000	0.0000	0.0000	0.0000	0.0000	0.0000	0.0366	0.0113	0.0254	0.0128	0.0043	0.0084	0.0239	0.0069	0.0170	0.0000	0.0000	0.0000	0.0000	0.0000	0.0000	0.0000	0.0000	0.0000	0.0000	0.0000	0.0000	0.0000	0.0000	0.0000	0.0000	0.0000	0.0000											
52	80	0.0968	3	1	2	0	0	0	0	0	0	N	Y	N	N	N	N	N	N	N	N	N	N	0.0000	0.0000	0.0000	0.0000	0.0000	0.0000	0.0000	0.0000	0.0000	0.0000	0.0000	0.0000	0.0000	0.0000	0.0000	0.0000	0.0000	0.0000	0.0000	0.0000	0.0000	0.0000	0.0000	0.0000	0.0000	0.6696	0.0000	-0.0000	4.9791	3.9927	0.0710	1.0002	0.0000	0.0000	0.0000	0.0000	0.0000	0.0000	0.0000	0.0000	0.0000	0.0000	0.0000	0.0000	0.0000	0.0000	0.0000	0.0000	0.0000	0.0000	0.5080	0.4360	0.0720	0.0425	0.0380	0.0045	0.4655	0.3980	0.0675	0.1204	0.0429	0.0775	0.0116	0.0111	0.0005	0.1088	0.0318	0.0770	0.0000	0.0000	0.0000	0.0000	0.0000	0.0000	0.0000	0.0000	0.0000	0.0000	0.0000	0.0000	0.0000	0.0000	0.0000	0.0000	0.0000	0.0000			
52	81	0.0922	2	1	2	0	0	0	0	0	0	N	Y	N	N	N	N	N	N	N	N	N	N	0.0000	0.0000	0.0000	0.0000	0.0000	0.0000	0.0000	0.0000	0.0000	0.0000	0.0000	0.0000	0.0000	0.0000	0.0000	0.0000	0.0000	0.0000	0.0000	0.0000	0.0001	0.0001	0.0000	0.0000	0.0006	0.0000	1.4243	0.0000	-0.0000	4.9791	0.0110	0.0710	0.6549	0.0000	0.0000	0.0000	0.0000	0.0000	0.0000	0.0000	0.0000	0.0000	0.0000	0.0000	0.0000	0.0000	0.0000	0.0000	0.0000	0.0000	0.0000	0.0015	0.0013	0.0002	0.0001	0.0001	0.0000	0.0014	0.0012	0.0002	0.0174	0.0061	0.0113	0.0015	0.0015	0.0001	0.0159	0.0047	0.0112	0.0000	0.0000	0.0000	0.0000	0.0000	0.0000	0.0000	0.0000	0.0000	0.0000	0.0000	0.0000	0.0001	0.0001	0.0000	0.0000	0.0000	0.0000		
52	82	0.1144	2	1	1	1	1	0	0	0	0	N	N	N	N	N	N	N	N	N	N	N	N	0.0000	0.0000	0.0000	0.0000	0.0000	0.0000	0.0000	0.0000	0.0000	0.0000	0.0000	0.0000	0.0000	0.0000	0.0000	0.0000	0.0000	0.0000	0.0000	0.0000	4.9791	1.0000	0.0710	0.0000	0.0000	0.0000	0.0000	0.0000	0.0000	0.0000	0.0000	0.0000	0.0000	0.0000	0.0000	0.0000	0.0000	0.0000	0.0000	0.0000	0.0000	0.0000	0.1369	0.1167	0.0202	0.0044	0.0038	0.0006	0.1325	0.1129	0.0196	0.0366	0.0113	0.0254	0.0128	0.0043	0.0084	0.0239	0.0069	0.0170	0.0000	0.0000	0.0000	0.0000	0.0000	0.0000	0.0000	0.0000	0.0000	0.0000	0.0000	0.0000	0.0000	0.0000	0.0000	0.0000	0.0000	0.0000											
52	83	0.1144	2	1	1	1	1	0	0	0	0	N	N	N	N	N	N	N	N	N	N	N	N	0.0000	0.0000	0.0000	0.0000	0.0000	0.0000	0.0000	0.0000	0.0000	0.0000	0.0000	0.0000	0.0000	0.0000	0.0000	0.0000	0.0000	0.0000	0.0000	0.0000	4.9791	0.0000	0.0710	0.0000	0.0000	0.0000	0.0000	0.0000	0.0000	0.0000	0.0000	0.0000	0.0000	0.0000	0.0000	0.0000	0.0000	0.0000	0.0000	0.0000	0.0000	0.0000	0.0000	0.0000	0.0000	0.0000	0.0000	0.0000	0.0000	0.0000	0.0000	0.0000	0.0000	0.0000	0.0000	0.0000	0.0000	0.0000	0.0000	0.0000	0.0000	0.0000	0.0000	0.0000	0.0000	0.0000	0.0000	0.0000	0.0000	0.0000	0.0000	0.0000	0.0000	0.0000	0.0000	0.0000	0.0000	0.0000											
52	85	0.1753	2	2	2	0	0	0	0	0	0	Y	Y	N	N	N	N	N	N	N	N	N	N	0.0000	0.0000	0.0000	0.0000	0.0000	0.0000	0.0000	0.0000	0.0000	0.0000	0.0000	0.0000	0.0000	0.0036	0.0065	0.0000	0.0080	0.0082	0.0000	0.0000	0.0000	0.0000	0.0000	0.0000	-0.0000	4.9791	0.0000	0.0710	0.0000	0.0000	0.0000	0.0000	0.0000	0.0000	0.0000	0.0000	0.0000	0.0000	0.0000	0.0000	0.0000	0.0000	0.0000	0.0000	0.0000	0.0000	0.0000	0.0000	0.0000	0.0000	0.0000	0.0000	0.0000	0.0000	0.0000	0.0000	0.0000	0.0000	0.0000	0.0000	0.0000	0.0000	0.0000	0.0000	0.0000	0.0000	0.0000	0.0000	0.0000	0.0000	0.0000	0.0000	0.0000	0.0000	0.0036	0.0065	0.0000	0.0080	0.0082	0.0000	0.0000	0.0000	0.0000						
52	88	0.0922	2	2	2	0	0	0	0	0	0	Y	Y	N	N	N	N	N	N	N	N	N	N	0.0000	0.0000	0.0000	0.0000	0.0000	0.0000	0.0000	0.0000	0.0000	0.0000	0.0000	0.0000	0.0000	0.0000	0.0000	0.0000	0.0000	0.0000	0.0000	0.0000	4.9791	0.0000	0.0710	0.0000	0.0000	0.0000	0.0000	0.0000	0.0000	0.0000	0.0000	0.0000	0.0000	0.0000	0.0000	0.0000	0.0000	0.0000	0.0000	0.0000	0.0000	0.0000	0.0000	0.0000	0.0000	0.0000	0.0000	0.0000	0.0000	0.0000	0.0000	0.0000	0.0000	0.0000	0.0000	0.0000	0.0000	0.0000	0.0000	0.0000	0.0000	0.0000	0.0000	0.0000	0.0000	0.0000	0.0000	0.0000	0.0000	0.0000	0.0000	0.0000	0.0000	0.0000	0.0000	0.0000	0.0000	0.0000											
52	91	0.1833	3	1	1	0	0	0	0	0	0	N	N	N	N	N	N	N	N	N	N	N	N	321.1953	3.6558	14692.3651	72.7645	9.9371	584.4501	8776.5296	0.0079	80309.0414	0.5014	0.0171	3.5913	0.9280	0.1199	16.0831	0.4382	0.0001	2.9592	0.0016	0.0047	0.0002	0.0128	0.0121	0.0275	0.0000	0.0160	0.0000	32.9536	0.1236	0.4378	-0.0005	4.9791	11.5137	0.0710	4.9035	0.7482	0.0220	0.7262	0.1785	0.0219	0.1567	0.5697	0.0001	0.5695	0.0008	0.0007	0.0001	0.0008	0.0007	0.0001	0.0000	0.0000	0.0000	1.4924	1.2902	0.2022	0.1924	0.1827	0.0097	1.3000	1.1075	0.1925	0.5139	0.1528	0.3611	0.0611	0.0584	0.0027	0.4528	0.0944	0.3584	321.1953	3.6558	14692.3651	72.7645	9.9371	584.4501	8776.5296	1.2648	80309.0414	0.0016	0.0047	0.0002	0.0128	0.0121	0.0275	0.0000	0.0001	0.0000
53	54	0.1800	3	0	1	1	0	0	0	0	0	N	N	N	N	N	N	N	N	N	N	N	N	2002.5927	560.6027	0.0000	0.0000	0.0000	0.0000	inf	inf	1.3292	1.7377	0.0000	0.0000	0.0000	0.0000	2.3690	4.0052	0.0000	0.0007	0.0031	0.0000	0.0139	0.0149	0.0001	0.0000	0.0000	0.0000	0.0000	0.0006	-0.0056	-0.0000	6.0000	0.0147	4.0006	0.9910	0.0146	0.0146	0.0000	0.0000	0.0000	0.0000	0.0146	0.0146	0.0000	0.0001	0.0001	0.0000	0.0001	0.0001	0.0000	0.0000	0.0000	0.0000	0.0109	0.0084	0.0026	0.0048	0.0047	0.0001	0.0061	0.0036	0.0025	0.0754	0.0161	0.0592	0.0036	0.0034	0.0002	0.0718	0.0128	0.0590	2002.5927	560.6027	0.0000	0.0000	0.0000	0.0000	inf	inf	0.0000	0.0007	0.0031	0.0000	0.0139	0.0149	0.0001	0.0000	0.0000	0.0000	
53	55	0.1690	2	0	1	0	0	0	0	0	0	N	N	N	N	N	N	N	N	N	N	N	N	732.5805	1197.3973	0.0000	0.5065	0.5209	0.0000	489.1670	inf	0.0000	4.9079	5.7835	0.0000	0.0114	0.0126	0.0000	6.1735	7.4111	0.0000	0.0067	0.0048	0.0072	0.0226	0.0241	0.0002	0.0126	0.0000	0.0072	0.0000	5.3998	-0.3681	0.0002	6.0000	0.9556	4.0006	1.0192	0.9549	0.9549	0.0000	0.0005	0.0005	0.0000	0.9545	0.9545	0.0000	0.0010	0.0002	0.0008	0.0002	0.0002	0.0000	0.0008	0.0000	0.0008	0.1946	0.1651	0.0295	0.0400	0.0363	0.0036	0.1546	0.1288	0.0258	0.1433	0.0311	0.1123	0.0067	0.0062	0.0004	0.1367	0.0248	0.1118	732.5805	1197.3973	0.0000	0.5065	0.5209	0.0000	1041.5902	inf	0.0000	0.0067	0.0048	0.0072	0.0226	0.0241	0.0002	0.0059	0.0000	0.0072
53	58	0.2725	3	0	1	0	0	0	0	0	0	N	N	N	N	N	N	N	N	N	N	N	N	0.3262	0.1588	0.0000	1.7946	1.8131	0.0000	0.1861	0.0777	0.0000	0.6232	0.7204	0.0000	1.9524	2.0538	0.0000	0.4109	0.4826	0.0000	1.9106	4.5354	0.0001	1.0879	1.1327	0.0172	2.2077	6.2080	0.0000	0.0000	0.0001	-0.3932	-0.7256	6.0000	10.2575	4.0006	3.8960	1.0201	1.0201	0.0000	0.4402	0.4402	0.0000	0.5799	0.5799	0.0000	1.0797	1.0796	0.0001	0.1184	0.1183	0.0001	0.9613	0.9613	0.0000	1.6368	1.4160	0.2208	0.2255	0.2143	0.0111	1.4113	1.2017	0.2096	0.8360	0.2593	0.5767	0.1088	0.1045	0.0044	0.7272	0.1549	0.5724	0.4826	0.1730	0.0000	1.7946	1.8131	0.0000	0.3108	0.0777	0.0000	1.2915	4.1636	0.0001	1.0879	1.1327	0.0172	1.3219	6.2080	0.0000
53	59	0.2465	2	1	2	1	0	0	0	0	0	N	Y	N	N	N	N	N	N	N	N	N	N	0.0000	0.0000	0.0000	0.0000	0.0000	0.0000	0.0000	0.0000	0.0000	0.0000	0.0000	0.0000	0.0000	0.0000	0.0000	0.0000	0.0000	0.0000	0.0000	0.0000	6.0000	0.0000	4.0006	0.0000	0.0000	0.0000	0.0000	0.0000	0.0000	0.0000	0.0000	0.0000	0.0000	0.0000	0.0000	0.0000	0.0000	0.0000	0.0000	0.0000	0.0000	0.0000	0.0000	0.0000	0.0000	0.0000	0.0000	0.0000	0.0000	0.0000	0.0000	0.0000	0.0000	0.0000	0.0000	0.0000	0.0000	0.0000	0.0000	0.0000	0.0000	0.0000	0.0000	0.0000	0.0000	0.0000	0.0000	0.0000	0.0000	0.0000	0.0000	0.0000	0.0000	0.0000	0.0000	0.0000	0.0000	0.0000											
53	61	0.2094	2	1	1	1	0	0	0	0	0	N	N	N	N	N	N	N	N	N	N	N	N	0.0000	0.0000	0.0000	0.0000	0.0000	0.0000	0.0000	0.0000	0.0000	0.0000	0.0000	0.0000	0.0000	0.0000	0.0000	0.0000	0.0000	0.0000	0.0000	0.0000	6.0000	2.0000	4.0006	0.0000	0.0000	0.0000	0.0000	0.0000	0.0000	0.0000	0.0000	0.0000	0.0000	0.0000	0.0000	0.0000	0.0000	0.0000	0.0000	0.0000	0.0000	0.0000	0.2941	0.2452	0.0489	0.0235	0.0220	0.0016	0.2706	0.2232	0.0473	0.0979	0.0373	0.0606	0.0499	0.0242	0.0257	0.0480	0.0131	0.0349	0.0000	0.0000	0.0000	0.0000	0.0000	0.0000	0.0000	0.0000	0.0000	0.0000	0.0000	0.0000	0.0000	0.0000	0.0000	0.0000	0.0000	0.0000											
53	64	0.2336	4	0	1	1	0	0	0	0	0	N	N	N	N	N	N	N	N	N	N	N	N	0.0000	0.0000	0.0000	0.0000	0.0000	0.0000	0.0000	0.0000	0.0000	0.0000	0.0000	0.0000	0.0000	0.0000	0.0000	0.0000	0.0000	0.0000	0.0000	0.0000	6.0000	0.0000	4.0006	0.0000	0.0000	0.0000	0.0000	0.0000	0.0000	0.0000	0.0000	0.0000	0.0000	0.0000	0.0000	0.0000	0.0000	0.0000	0.0000	0.0000	0.0000	0.0000	0.0000	0.0000	0.0000	0.0000	0.0000	0.0000	0.0000	0.0000	0.0000	0.0000	0.0000	0.0000	0.0000	0.0000	0.0000	0.0000	0.0000	0.0000	0.0000	0.0000	0.0000	0.0000	0.0000	0.0000	0.0000	0.0000	0.0000	0.0000	0.0000	0.0000	0.0000	0.0000	0.0000	0.0000	0.0000	0.0000											
53	65	0.2093	3	0	1	1	0	0	0	0	0	N	N	N	N	N	N	N	N	N	N	N	N	0.0000	0.0000	0.0000	0.0000	0.0000	0.0000	0.0000	0.0000	0.0000	0.0000	0.0000	0.0000	0.0000	0.0000	0.0000	0.0000	0.0000	0.0000	0.0000	0.0000	6.0000	0.8734	4.0006	1.0002	0.0000	0.0000	0.0000	0.0000	0.0000	0.0000	0.0000	0.0000	0.0000	0.0000	0.0000	0.0000	0.0000	0.0000	0.0000	0.0000	0.0000	0.0000	0.1405	0.1168	0.0237	0.0057	0.0054	0.0003	0.1348	0.1114	0.0233	0.1347	0.0237	0.1110	0.0307	0.0064	0.0243	0.1040	0.0173	0.0867	0.0000	0.0000	0.0000	0.0000	0.0000	0.0000	0.0000	0.0000	0.0000	0.0000	0.0000	0.0000	0.0000	0.0000	0.0000	0.0000	0.0000	0.0000											
53	66	0.1948	2	0	1	0	0	0	0	0	0	N	N	N	N	N	N	N	N	N	N	N	N	0.6820	0.1378	4.4451	2.1983	inf	inf	0.0157	0.0189	0.0000	0.3403	0.3565	0.0000	0.0001	0.0001	0.0000	0.0230	0.1369	0.0000	0.0765	0.1622	0.0000	0.0000	0.0000	0.0000	0.0000	0.0000	-0.0010	-0.0015	6.0000	1.0063	4.0006	0.0727	0.0026	0.0026	0.0000	0.0026	0.0026	0.0000	0.0000	0.0000	0.0000	0.0023	0.0023	0.0000	0.0023	0.0023	0.0000	0.0000	0.0000	0.0000	0.1638	0.1363	0.0275	0.0075	0.0072	0.0003	0.1562	0.1291	0.0271	0.1001	0.0258	0.0743	0.0301	0.0142	0.0159	0.0700	0.0116	0.0584	0.6820	0.2113	0.0000	4.4451	2.1983	0.0000	inf	inf	0.0000	0.0230	0.0892	0.0000	0.0765	0.1622	0.0000	0.0000	0.0000	0.0000			
53	72	0.1835	2	0	2	0	0	0	0	0	0	N	Y	N	N	N	N	N	N	N	N	N	N	0.5511	inf	0.0005	42.2143	inf	0.0138	0.4804	inf	0.0005	2.7048	3.1869	0.0140	0.0196	0.0199	0.0130	2.9659	3.5370	0.0141	4.9079	0.0000	27.1621	0.0005	0.0000	0.9364	6.1735	0.0000	30.2518	0.0008	inf	-0.7614	0.4244	6.0000	4.7764	4.0006	1.3205	1.9794	1.9778	0.0016	0.0013	0.0012	0.0000	1.9781	1.9766	0.0015	1.2945	0.0000	1.2945	0.0000	0.0000	0.0000	1.2944	0.0000	1.2944	0.7318	0.6206	0.1112	0.0649	0.0618	0.0031	0.6669	0.5588	0.1081	0.3369	0.1337	0.2032	0.0913	0.0912	0.0000	0.2457	0.0425	0.2032	0.7040	inf	0.0022	42.2143	inf	0.0138	0.5629	inf	0.0022	3.8422	0.0000	6.3704	0.0005	0.0000	0.9364	5.2694	0.0000	6.3717
53	74	0.1857	2	0	2	0	0	0	0	0	0	N	Y	N	N	N	N	N	N	N	N	N	N	0.0000	0.0000	0.0000	0.0000	0.0000	0.0000	0.0000	0.0000	0.0000	0.0000	0.0000	0.0000	0.0000	0.0000	0.0000	0.0000	0.0000	0.0000	0.0000	0.0000	6.0000	0.0000	4.0006	0.0000	0.0000	0.0000	0.0000	0.0000	0.0000	0.0000	0.0000	0.0000	0.0000	0.0000	0.0000	0.0000	0.0000	0.0000	0.0000	0.0000	0.0000	0.0000	0.0000	0.0000	0.0000	0.0000	0.0000	0.0000	0.0000	0.0000	0.0000	0.0000	0.0000	0.0000	0.0000	0.0000	0.0000	0.0000	0.0000	0.0000	0.0000	0.0000	0.0000	0.0000	0.0000	0.0000	0.0000	0.0000	0.0000	0.0000	0.0000	0.0000	0.0000	0.0000	0.0000	0.0000	0.0000	0.0000											
53	76	0.1943	4	1	2	0	1	0	0	0	0	N	Y	N	N	N	N	N	N	N	N	N	N	0.0000	0.0000	0.0000	0.0000	0.0000	0.0000	0.0000	0.0000	0.0000	0.0000	0.0000	0.0000	0.0000	0.0000	0.0000	0.0000	0.0000	0.0000	0.0000	0.0000	6.0000	0.0000	4.0006	0.0000	0.0000	0.0000	0.0000	0.0000	0.0000	0.0000	0.0000	0.0000	0.0000	0.0000	0.0000	0.0000	0.0000	0.0000	0.0000	0.0000	0.0000	0.0000	0.0000	0.0000	0.0000	0.0000	0.0000	0.0000	0.0000	0.0000	0.0000	0.0000	0.0000	0.0000	0.0000	0.0000	0.0000	0.0000	0.0000	0.0000	0.0000	0.0000	0.0000	0.0000	0.0000	0.0000	0.0000	0.0000	0.0000	0.0000	0.0000	0.0000	0.0000	0.0000	0.0000	0.0000	0.0000	0.0000											
53	77	0.1860	3	1	2	0	1	0	0	0	0	N	Y	N	N	N	N	N	N	N	N	N	N	0.0000	0.0000	0.0000	0.0000	0.0000	0.0000	0.0000	0.0000	0.0000	0.0000	0.0000	0.0000	0.0000	0.0000	0.0000	0.0000	0.0013	0.0020	0.0009	0.0060	0.0062	0.0000	0.0007	0.0000	0.0009	0.8000	0.0000	-0.0000	6.0000	1.0073	4.0006	0.3366	0.0000	0.0000	0.0000	0.0000	0.0000	0.0000	0.0000	0.0000	0.0000	0.0001	0.0001	0.0000	0.0001	0.0001	0.0000	0.0000	0.0000	0.0000	0.1627	0.1392	0.0235	0.0135	0.0121	0.0014	0.1492	0.1271	0.0221	0.0670	0.0246	0.0424	0.0083	0.0080	0.0003	0.0587	0.0165	0.0422	0.0000	0.0000	0.0000	0.0000	0.0000	0.0000	0.0000	0.0000	0.0000	0.0013	0.0020	0.0009	0.0060	0.0062	0.0000	0.0007	0.0000	0.0009			
53	78	0.2118	3	0	2	0	1	0	0	0	0	N	Y	N	N	N	N	N	N	N	N	N	N	0.0000	0.0000	0.0000	0.0000	0.0000	0.0000	0.0000	0.0000	0.0000	0.0000	0.0000	0.0000	0.0000	0.0000	0.0000	0.0000	0.0000	0.0000	0.0000	0.0000	6.0000	0.0000	4.0006	0.0000	0.0000	0.0000	0.0000	0.0000	0.0000	0.0000	0.0000	0.0000	0.0000	0.0000	0.0000	0.0000	0.0000	0.0000	0.0000	0.0000	0.0000	0.0000	0.0000	0.0000	0.0000	0.0000	0.0000	0.0000	0.0000	0.0000	0.0000	0.0000	0.0000	0.0000	0.0000	0.0000	0.0000	0.0000	0.0000	0.0000	0.0000	0.0000	0.0000	0.0000	0.0000	0.0000	0.0000	0.0000	0.0000	0.0000	0.0000	0.0000	0.0000	0.0000	0.0000	0.0000	0.0000	0.0000											
53	79	0.2035	2	0	2	0	1	0	0	0	0	N	Y	N	N	N	N	N	N	N	N	N	N	0.0000	0.0000	0.0000	0.0000	0.0000	0.0000	0.0000	0.0000	0.0000	0.0000	0.0000	0.0000	0.0000	0.0000	0.0000	0.0000	0.0000	0.0000	0.0000	0.0000	6.0000	0.0000	4.0006	1.0000	0.0000	0.0000	0.0000	0.0000	0.0000	0.0000	0.0000	0.0000	0.0000	0.0000	0.0000	0.0000	0.0000	0.0000	0.0000	0.0000	0.0000	0.0000	0.0000	0.0000	0.0000	0.0000	0.0000	0.0000	0.0000	0.0000	0.0000	0.0631	0.0196	0.0435	0.0211	0.0072	0.0139	0.0420	0.0123	0.0297	0.0000	0.0000	0.0000	0.0000	0.0000	0.0000	0.0000	0.0000	0.0000	0.0000	0.0000	0.0000	0.0000	0.0000	0.0000	0.0000	0.0000	0.0000											
53	80	0.1860	3	0	2	0	0	0	0	0	0	N	Y	N	N	N	N	N	N	N	N	N	N	0.0000	0.0000	0.0000	0.0000	0.0000	0.0000	0.0000	0.0000	0.0000	0.0000	0.0000	0.0000	0.0000	0.0000	0.0000	0.0000	0.0004	0.0007	0.0003	0.0025	0.0026	0.0000	0.0002	0.0000	0.0003	0.8000	0.0000	-0.0000	6.0000	3.9927	4.0006	1.0002	0.0000	0.0000	0.0000	0.0000	0.0000	0.0000	0.0000	0.0000	0.0000	0.0001	0.0001	0.0000	0.0001	0.0001	0.0000	0.0000	0.0000	0.0000	0.5972	0.5135	0.0837	0.0499	0.0447	0.0052	0.5473	0.4688	0.0785	0.2123	0.0759	0.1364	0.0200	0.0190	0.0010	0.1923	0.0569	0.1354	0.0000	0.0000	0.0000	0.0000	0.0000	0.0000	0.0000	0.0000	0.0000	0.0004	0.0007	0.0003	0.0025	0.0026	0.0000	0.0002	0.0000	0.0003			
53	81	0.1813	2	0	2	0	0	0	0	0	0	N	Y	N	N	N	N	N	N	N	N	N	N	0.0000	0.0000	0.0000	0.0000	0.0000	0.0000	0.0000	0.0000	0.0000	0.0000	0.0000	0.0000	0.0000	0.0000	0.0000	0.0000	0.0029	0.0037	0.0025	0.0154	0.0163	0.0000	0.0036	0.0000	0.0025	1.2500	0.0000	-0.0000	6.0000	0.0110	4.0006	0.6549	0.0000	0.0000	0.0000	0.0000	0.0000	0.0000	0.0000	0.0000	0.0000	0.0001	0.0000	0.0001	0.0000	0.0000	0.0000	0.0001	0.0000	0.0001	0.0018	0.0015	0.0003	0.0001	0.0001	0.0000	0.0017	0.0014	0.0002	0.0306	0.0108	0.0198	0.0026	0.0025	0.0001	0.0280	0.0083	0.0197	0.0000	0.0000	0.0000	0.0000	0.0000	0.0000	0.0000	0.0000	0.0000	0.0029	0.0037	0.0025	0.0154	0.0163	0.0000	0.0018	0.0000	0.0025			
53	82	0.2035	2	0	1	1	1	0	0	0	0	N	N	N	N	N	N	N	N	N	N	N	N	0.0000	0.0000	0.0000	0.0000	0.0000	0.0000	0.0000	0.0000	0.0000	0.0000	0.0000	0.0000	0.0000	0.0000	0.0000	0.0000	0.0000	0.0000	0.0000	0.0000	6.0000	1.0000	4.0006	0.0000	0.0000	0.0000	0.0000	0.0000	0.0000	0.0000	0.0000	0.0000	0.0000	0.0000	0.0000	0.0000	0.0000	0.0000	0.0000	0.0000	0.0000	0.0000	0.1609	0.1374	0.0235	0.0052	0.0045	0.0007	0.1557	0.1330	0.0228	0.0631	0.0196	0.0435	0.0211	0.0072	0.0139	0.0420	0.0123	0.0297	0.0000	0.0000	0.0000	0.0000	0.0000	0.0000	0.0000	0.0000	0.0000	0.0000	0.0000	0.0000	0.0000	0.0000	0.0000	0.0000	0.0000	0.0000											
53	83	0.2035	2	0	1	1	1	0	0	0	0	N	N	N	N	N	N	N	N	N	N	N	N	0.0000	0.0000	0.0000	0.0000	0.0000	0.0000	0.0000	0.0000	0.0000	0.0000	0.0000	0.0000	0.0000	0.0000	0.0000	0.0000	0.0000	0.0000	0.0000	0.0000	6.0000	0.0000	4.0006	0.0000	0.0000	0.0000	0.0000	0.0000	0.0000	0.0000	0.0000	0.0000	0.0000	0.0000	0.0000	0.0000	0.0000	0.0000	0.0000	0.0000	0.0000	0.0000	0.0000	0.0000	0.0000	0.0000	0.0000	0.0000	0.0000	0.0000	0.0000	0.0000	0.0000	0.0000	0.0000	0.0000	0.0000	0.0000	0.0000	0.0000	0.0000	0.0000	0.0000	0.0000	0.0000	0.0000	0.0000	0.0000	0.0000	0.0000	0.0000	0.0000	0.0000	0.0000	0.0000	0.0000	0.0000	0.0000											
53	85	0.2645	2	1	2	0	0	0	0	0	0	N	Y	N	N	N	N	N	N	N	N	N	N	0.0000	0.0000	0.0000	0.0000	0.0000	0.0000	0.0000	0.0000	0.0000	0.0000	0.0000	0.0000	0.0000	0.0000	0.0000	0.0000	0.0000	0.0000	0.0000	0.0000	6.0000	0.0000	4.0006	0.0000	0.0000	0.0000	0.0000	0.0000	0.0000	0.0000	0.0000	0.0000	0.0000	0.0000	0.0000	0.0000	0.0000	0.0000	0.0000	0.0000	0.0000	0.0000	0.0000	0.0000	0.0000	0.0000	0.0000	0.0000	0.0000	0.0000	0.0000	0.0000	0.0000	0.0000	0.0000	0.0000	0.0000	0.0000	0.0000	0.0000	0.0000	0.0000	0.0000	0.0000	0.0000	0.0000	0.0000	0.0000	0.0000	0.0000	0.0000	0.0000	0.0000	0.0000	0.0000	0.0000	0.0000	0.0000											
53	88	0.1813	2	1	2	0	0	0	0	0	0	N	Y	N	N	N	N	N	N	N	N	N	N	0.0000	0.0000	0.0000	0.0000	0.0000	0.0000	0.0000	0.0000	0.0000	0.0000	0.0000	0.0000	0.0000	0.0000	0.0000	0.0000	0.0000	0.0000	0.0000	0.0000	6.0000	0.0000	4.0006	0.0000	0.0000	0.0000	0.0000	0.0000	0.0000	0.0000	0.0000	0.0000	0.0000	0.0000	0.0000	0.0000	0.0000	0.0000	0.0000	0.0000	0.0000	0.0000	0.0000	0.0000	0.0000	0.0000	0.0000	0.0000	0.0000	0.0000	0.0000	0.0000	0.0000	0.0000	0.0000	0.0000	0.0000	0.0000	0.0000	0.0000	0.0000	0.0000	0.0000	0.0000	0.0000	0.0000	0.0000	0.0000	0.0000	0.0000	0.0000	0.0000	0.0000	0.0000	0.0000	0.0000	0.0000	0.0000											
53	91	0.2725	3	0	1	0	0	0	0	0	0	N	N	N	N	N	N	N	N	N	N	N	N	8.5664	0.2200	100912.7546	0.3427	0.2502	234.7921	1224934.4351	inf	5462282.5392	2.1033	0.4861	12.5549	0.8939	0.7371	3.8429	2.2839	0.4444	13.0036	0.2455	2.2098	0.0001	2.6088	2.9454	0.0164	0.0000	0.0000	0.0000	3.9967	0.0004	1.5317	-0.1422	6.0000	11.5137	4.0006	4.9035	3.6961	0.7397	2.9564	0.2041	0.1598	0.0443	3.4920	0.5799	2.9121	0.2116	0.2116	0.0001	0.2116	0.2116	0.0001	0.0000	0.0000	0.0000	1.7573	1.5218	0.2355	0.2283	0.2168	0.0115	1.5290	1.3051	0.2239	0.8855	0.2693	0.6162	0.1046	0.1000	0.0046	0.7809	0.1693	0.6116	8.8006	0.6188	100912.7546	0.4419	0.3484	234.7921	1224934.4351	inf	5462282.5392	0.2390	0.7855	0.0001	2.0231	2.1153	0.0164	0.0000	0.0000	0.0000
54	57	0.0607	3	0	0	1	0	0	0	0	0	N	N	N	N	N	N	N	N	N	N	N	N	0.0000	0.0000	0.0000	0.0000	0.0000	0.0000	0.0000	0.0000	0.0000	0.0000	0.0000	0.0000	0.0000	0.0000	0.0000	19.3643	0.0000	63.1914	0.0000	0.0000	0.0002	20.2743	0.0000	69.0064	inf	0.0000	0.3239	0.0147	3.0000	0.9910	3.0006	0.0000	0.0000	0.0000	0.0000	0.0000	0.0000	0.0000	0.0000	0.0000	0.9880	0.0000	0.9880	0.0000	0.0000	0.0000	0.9880	0.0000	0.9880	0.0060	0.0045	0.0015	0.0026	0.0026	0.0000	0.0034	0.0019	0.0015	0.0510	0.0105	0.0405	0.0023	0.0022	0.0001	0.0487	0.0083	0.0404	0.0000	0.0000	0.0000	0.0000	0.0000	0.0000	0.0000	0.0000	0.0000	19.3643	0.0000	24.3755	0.0000	0.0000	0.0002	20.2743	0.0000	24.4591				
54	58	0.2062	5	0	0	1	0	0	0	0	0	N	N	N	N	N	N	N	N	N	N	N	N	3.1224	1.2810	0.0000	1.1440	1.1190	0.0000	0.0000	0.0000	0.0000	0.0226	0.0287	0.0000	0.0485	0.0499	0.0000	0.0000	0.0000	0.0000	0.0072	0.0224	0.0003	0.0424	0.0446	0.0025	0.0002	0.0003	0.0002	0.0000	0.0251	-0.0002	-0.0005	0.0147	10.2575	0.9910	3.8960	0.0004	0.0004	0.0000	0.0004	0.0004	0.0000	0.0000	0.0000	0.0000	0.0008	0.0008	0.0000	0.0008	0.0008	0.0000	0.0000	0.0000	0.0000	0.0179	0.0140	0.0038	0.0083	0.0081	0.0002	0.0096	0.0060	0.0036	0.1081	0.0339	0.0741	0.0180	0.0171	0.0010	0.0900	0.0169	0.0731	3.1224	1.2810	0.0000	1.1440	1.1190	0.0000	0.0000	0.0000	0.0000	0.0072	0.0224	0.0003	0.0424	0.0446	0.0025	0.0002	0.0000	0.0002
54	59	0.1803	4	1	1	2	0	0	0	0	0	N	N	Y	N	N	N	N	N	N	N	N	N	0.0000	0.0000	0.0000	0.0000	0.0000	0.0000	0.0000	0.0000	0.0000	0.0000	0.0000	0.0000	0.0000	0.0000	0.0000	0.0000	0.0000	0.0000	0.0000	0.0000	0.0147	0.0000	0.9910	0.0000	0.0000	0.0000	0.0000	0.0000	0.0000	0.0000	0.0000	0.0000	0.0000	0.0000	0.0000	0.0000	0.0000	0.0000	0.0000	0.0000	0.0000	0.0000	0.0000	0.0000	0.0000	0.0000	0.0000	0.0000	0.0000	0.0000	0.0000	0.0000	0.0000	0.0000	0.0000	0.0000	0.0000	0.0000	0.0000	0.0000	0.0000	0.0000	0.0000	0.0000	0.0000	0.0000	0.0000	0.0000	0.0000	0.0000	0.0000	0.0000	0.0000	0.0000	0.0000	0.0000	0.0000	0.0000											
54	60	0.0607	3	1	0	2	0	0	0	0	0	N	N	Y	N	N	N	N	N	N	N	N	N	945.6055	265.5859	0.0000	0.0000	inf	inf	1.1742	1.5260	0.0000	0.0000	0.0000	0.0000	2.0908	3.4854	0.0000	0.0012	0.0057	0.0000	0.0257	0.0274	0.0000	0.0000	0.0000	0.0000	0.0000	0.0000	-0.0056	-0.0001	0.0147	7.0000	0.9910	3.9994	0.0146	0.0146	0.0000	0.0000	0.0000	0.0000	0.0146	0.0146	0.0000	0.0001	0.0001	0.0000	0.0001	0.0001	0.0000	0.0000	0.0000	0.0000	0.0124	0.0095	0.0029	0.0054	0.0054	0.0001	0.0070	0.0042	0.0028	0.0805	0.0174	0.0631	0.0039	0.0036	0.0002	0.0766	0.0138	0.0629	945.6055	265.5859	0.0000	0.0000	0.0000	0.0000	inf	inf	0.0000	0.0012	0.0057	0.0000	0.0257	0.0274	0.0000	0.0000	0.0000	0.0000			
54	61	0.1431	4	1	0	2	0	0	0	0	0	N	N	Y	N	N	N	N	N	N	N	N	N	0.0000	0.0000	0.0000	0.0000	0.0000	0.0000	0.0000	0.0000	0.0000	0.0000	0.0000	0.0000	0.0000	0.0000	0.0000	0.0000	0.0000	0.0000	0.0000	0.0000	0.0147	2.0000	0.9910	0.0000	0.0000	0.0000	0.0000	0.0000	0.0000	0.0000	0.0000	0.0000	0.0000	0.0000	0.0000	0.0000	0.0000	0.0000	0.0000	0.0000	0.0000	0.0000	0.0040	0.0030	0.0010	0.0019	0.0019	0.0000	0.0021	0.0011	0.0010	0.0128	0.0053	0.0075	0.0078	0.0041	0.0037	0.0049	0.0012	0.0037	0.0000	0.0000	0.0000	0.0000	0.0000	0.0000	0.0000	0.0000	0.0000	0.0000	0.0000	0.0000	0.0000	0.0000	0.0000	0.0000	0.0000	0.0000											
54	62	0.0607	3	1	0	2	0	0	0	0	0	N	N	Y	N	N	N	N	N	N	N	N	N	0.0000	0.0000	0.0000	0.0000	0.0000	0.0000	0.0000	0.0000	0.0000	0.0000	0.0000	0.0000	0.0000	0.0016	0.0074	0.0000	0.0338	0.0360	0.0000	0.0000	0.0000	0.0000	0.0000	0.0000	-0.0001	0.0147	4.0000	0.9910	3.9994	0.0000	0.0000	0.0000	0.0000	0.0000	0.0000	0.0000	0.0000	0.0000	0.0001	0.0001	0.0000	0.0001	0.0001	0.0000	0.0000	0.0000	0.0000	0.0078	0.0059	0.0019	0.0034	0.0034	0.0000	0.0043	0.0025	0.0019	0.0640	0.0134	0.0506	0.0030	0.0028	0.0002	0.0610	0.0106	0.0504	0.0000	0.0000	0.0000	0.0000	0.0000	0.0000	0.0000	0.0000	0.0000	0.0016	0.0074	0.0000	0.0338	0.0360	0.0000	0.0000	0.0000	0.0000						
54	63	0.0607	3	0	1	1	0	0	0	0	0	N	N	N	N	N	N	N	N	N	N	N	N	0.0000	0.0000	0.0000	0.0000	0.0000	0.0000	0.0000	0.0000	0.0000	0.0000	0.0000	0.0000	0.0000	0.0000	0.0000	0.0000	0.0000	0.0000	0.0000	0.0000	0.0147	7.0000	0.9910	4.0000	0.0000	0.0000	0.0000	0.0000	0.0000	0.0000	0.0000	0.0000	0.0000	0.0000	0.0000	0.0000	0.0000	0.0000	0.0000	0.0000	0.0000	0.0000	0.0124	0.0095	0.0029	0.0054	0.0054	0.0001	0.0070	0.0042	0.0028	0.0805	0.0174	0.0631	0.0039	0.0036	0.0002	0.0766	0.0138	0.0629	0.0000	0.0000	0.0000	0.0000	0.0000	0.0000	0.0000	0.0000	0.0000	0.0000	0.0000	0.0000	0.0000	0.0000	0.0000	0.0000	0.0000	0.0000											
54	64	0.1673	6	0	0	2	0	0	0	0	0	N	N	Y	N	N	N	N	N	N	N	N	N	0.0000	0.0000	0.0000	0.0000	0.0000	0.0000	0.0000	0.0000	0.0000	0.0000	0.0000	0.0000	0.0000	0.0000	0.0000	0.0000	0.0000	0.0000	0.0000	0.0000	0.0147	0.0000	0.9910	0.0000	0.0000	0.0000	0.0000	0.0000	0.0000	0.0000	0.0000	0.0000	0.0000	0.0000	0.0000	0.0000	0.0000	0.0000	0.0000	0.0000	0.0000	0.0000	0.0000	0.0000	0.0000	0.0000	0.0000	0.0000	0.0000	0.0000	0.0000	0.0000	0.0000	0.0000	0.0000	0.0000	0.0000	0.0000	0.0000	0.0000	0.0000	0.0000	0.0000	0.0000	0.0000	0.0000	0.0000	0.0000	0.0000	0.0000	0.0000	0.0000	0.0000	0.0000	0.0000	0.0000	0.0000	0.0000											
54	65	0.1430	5	0	0	2	0	0	0	0	0	N	N	Y	N	N	N	N	N	N	N	N	N	0.0000	0.0000	0.0000	0.0000	0.0000	0.0000	0.0000	0.0000	0.0000	0.0000	0.0000	0.0000	0.0000	0.0006	0.0030	0.0000	0.0020	0.0063	0.0000	0.0000	0.0000	0.0000	0.0000	0.0000	-0.0000	0.0147	0.8734	0.9910	1.0002	0.0000	0.0000	0.0000	0.0000	0.0000	0.0000	0.0000	0.0000	0.0000	0.0000	0.0000	0.0000	0.0000	0.0000	0.0000	0.0000	0.0000	0.0000	0.0018	0.0014	0.0005	0.0008	0.0008	0.0000	0.0010	0.0005	0.0005	0.0180	0.0033	0.0147	0.0051	0.0016	0.0035	0.0129	0.0017	0.0112	0.0000	0.0000	0.0000	0.0000	0.0000	0.0000	0.0000	0.0000	0.0000	0.0006	0.0030	0.0000	0.0020	0.0063	0.0000	0.0000	0.0000	0.0000						
54	66	0.1285	4	0	0	1	0	0	0	0	0	N	N	N	N	N	N	N	N	N	N	N	N	11.7342	4.4278	0.0000	9.5598	4.8235	0.0000	0.0000	0.0000	0.0000	0.0096	0.0132	0.0000	0.0210	0.0214	0.0000	0.0000	0.0000	0.0000	0.0008	0.0030	0.0001	0.0022	0.0044	0.0000	0.0001	0.0224	0.0001	0.0000	0.0599	-0.0000	-0.0000	0.0147	1.0063	0.9910	0.0727	0.0000	0.0000	0.0000	0.0000	0.0000	0.0000	0.0000	0.0000	0.0000	0.0000	0.0000	0.0000	0.0000	0.0000	0.0000	0.0000	0.0000	0.0000	0.0022	0.0016	0.0006	0.0010	0.0010	0.0000	0.0012	0.0006	0.0006	0.0133	0.0035	0.0098	0.0046	0.0023	0.0023	0.0087	0.0012	0.0075	11.7342	4.4278	0.0000	9.5598	4.8235	0.0000	0.0000	0.0000	0.0000	0.0008	0.0030	0.0001	0.0022	0.0044	0.0000	0.0001	0.0003	0.0001
54	67	0.0607	3	0	0	1	0	0	0	0	0	N	N	N	N	N	N	N	N	N	N	N	N	2.0140	0.0578	36.4991	0.0000	0.0000	20.9813	inf	37.2839	0.0027	0.0003	0.0102	0.0000	0.0000	0.0000	0.0049	0.0008	0.0105	0.0014	0.0056	0.0003	0.0256	0.0273	0.0000	0.0002	0.0000	0.0003	10.2308	0.1959	0.0000	-0.0000	0.0147	4.0009	0.9910	1.0789	0.0000	0.0000	0.0000	0.0000	0.0000	0.0000	0.0000	0.0000	0.0000	0.0001	0.0001	0.0000	0.0001	0.0001	0.0000	0.0000	0.0000	0.0000	0.0078	0.0059	0.0019	0.0034	0.0034	0.0000	0.0043	0.0025	0.0019	0.0444	0.0091	0.0354	0.0020	0.0019	0.0001	0.0425	0.0072	0.0353	2.0140	0.0578	36.4991	0.0000	0.0000	0.0000	20.9813	inf	37.2839	0.0014	0.0056	0.0003	0.0256	0.0273	0.0000	0.0002	0.0000	0.0003	
54	68	0.0607	3	0	1	1	0	0	0	0	0	N	N	N	N	N	N	N	N	N	N	N	N	0.0000	0.0000	0.0000	0.0000	0.0000	0.0000	0.0000	0.0000	0.0000	0.0000	0.0000	0.0000	0.0000	0.0000	0.0000	0.0000	0.0024	0.0068	0.0013	0.0305	0.0325	0.0000	0.0019	0.0000	0.0013	0.7002	0.0000	-0.0000	0.0147	5.0000	0.9910	3.9994	0.0000	0.0000	0.0000	0.0000	0.0000	0.0000	0.0000	0.0000	0.0000	0.0002	0.0001	0.0001	0.0001	0.0001	0.0000	0.0001	0.0000	0.0001	0.0094	0.0072	0.0023	0.0041	0.0041	0.0001	0.0053	0.0031	0.0022	0.0699	0.0148	0.0551	0.0033	0.0031	0.0002	0.0666	0.0117	0.0549	0.0000	0.0000	0.0000	0.0000	0.0000	0.0000	0.0000	0.0000	0.0000	0.0024	0.0068	0.0013	0.0305	0.0325	0.0000	0.0011	0.0000	0.0013			
54	69	0.0607	3	1	0	2	0	0	0	0	0	N	N	Y	N	N	N	N	N	N	N	N	N	1770.8773	492.5285	0.0000	0.0000	inf	inf	1.1742	1.5260	0.0000	0.0000	0.0000	0.0000	2.0908	3.4854	0.0000	0.0007	0.0031	0.0000	0.0139	0.0149	0.0000	0.0000	0.0000	0.0000	0.0000	0.0000	-0.0056	-0.0000	0.0147	7.0000	0.9910	2.9994	0.0146	0.0146	0.0000	0.0000	0.0000	0.0000	0.0146	0.0146	0.0000	0.0000	0.0000	0.0000	0.0000	0.0000	0.0000	0.0000	0.0000	0.0000	0.0124	0.0095	0.0029	0.0054	0.0054	0.0001	0.0070	0.0042	0.0028	0.0754	0.0161	0.0592	0.0036	0.0034	0.0002	0.0718	0.0128	0.0590	1770.8773	492.5285	0.0000	0.0000	0.0000	0.0000	inf	inf	0.0000	0.0007	0.0031	0.0000	0.0139	0.0149	0.0000	0.0000	0.0000	0.0000			
54	70	0.0607	3	0	1	1	1	0	0	0	0	N	N	N	N	N	N	N	N	N	N	N	N	0.0000	0.0000	0.0000	0.0000	0.0000	0.0000	0.0000	0.0000	0.0000	0.0000	0.0000	0.0000	0.0000	0.0000	0.0000	0.0000	0.0000	0.0000	0.0001	0.0000	0.0000	0.0000	inf	0.0000	0.0000	0.0147	4.0000	0.9910	5.0006	0.0000	0.0000	0.0000	0.0000	0.0000	0.0000	0.0000	0.0000	0.0000	0.0000	0.0000	0.0000	0.0000	0.0000	0.0000	0.0000	0.0000	0.0000	0.0078	0.0059	0.0019	0.0034	0.0034	0.0000	0.0043	0.0025	0.0019	0.0699	0.0148	0.0551	0.0033	0.0031	0.0002	0.0666	0.0117	0.0549	0.0000	0.0000	0.0000	0.0000	0.0000	0.0000	0.0000	0.0000	0.0000	0.0000	0.0000	0.0000	0.0000	0.0000	0.0001	0.0000	0.0000	0.0000						
54	71	0.0607	3	0	1	1	0	0	0	0	0	N	N	N	N	N	N	N	N	N	N	N	N	0.0000	0.0000	0.0000	0.0000	0.0000	0.0000	0.0000	0.0000	0.0000	0.0000	0.0000	0.0000	0.0000	0.0000	0.0000	0.0000	0.0014	0.0027	0.0010	0.0119	0.0128	0.0000	0.0012	0.0000	0.0011	1.4008	0.0000	-0.0000	0.0147	7.0000	0.9910	4.9994	0.0000	0.0000	0.0000	0.0000	0.0000	0.0000	0.0000	0.0000	0.0000	0.0001	0.0000	0.0001	0.0000	0.0000	0.0000	0.0001	0.0000	0.0001	0.0124	0.0095	0.0029	0.0054	0.0054	0.0001	0.0070	0.0042	0.0028	0.0853	0.0186	0.0667	0.0042	0.0039	0.0003	0.0811	0.0147	0.0664	0.0000	0.0000	0.0000	0.0000	0.0000	0.0000	0.0000	0.0000	0.0000	0.0014	0.0027	0.0010	0.0119	0.0128	0.0000	0.0009	0.0000	0.0011			
54	72	0.1172	4	0	1	1	0	0	0	0	0	N	N	N	N	N	N	N	N	N	N	N	N	2920.1304	1660.5069	0.0000	1.5193	1.5491	0.0000	316758.4880	inf	0.0000	1.5717	2.0686	0.0000	0.0024	0.0025	0.0000	2.9604	5.1753	0.0000	0.0005	0.0012	0.0000	0.0016	0.0016	0.0001	0.0000	0.0000	0.0000	0.0000	0.0120	-0.0056	-0.0000	0.0147	4.7764	0.9910	1.3205	0.0145	0.0145	0.0000	0.0000	0.0000	0.0000	0.0145	0.0145	0.0000	0.0000	0.0000	0.0000	0.0000	0.0000	0.0000	0.0000	0.0000	0.0000	0.0092	0.0070	0.0022	0.0043	0.0042	0.0001	0.0049	0.0028	0.0021	0.0447	0.0191	0.0256	0.0151	0.0150	0.0001	0.0296	0.0041	0.0255	2920.1304	1660.5069	0.0000	1.5193	1.5491	0.0000	316758.4880	inf	0.0000	0.0005	0.0012	0.0000	0.0016	0.0016	0.0001	0.0000	0.0000	0.0000
54	73	0.0607	3	0	1	1	0	0	0	0	0	N	N	N	N	N	N	N	N	N	N	N	N	9.0114	3.0943	11.7262	0.0000	0.0000	0.0000	51.0974	13.7070	11.9912	0.0116	0.0136	0.0057	0.0000	0.0000	0.0000	0.0208	0.0321	0.0059	0.0013	0.0044	0.0005	0.0201	0.0214	0.0002	0.0004	0.0023	0.0005	0.1391	0.4306	-0.0000	-0.0000	0.0147	3.3049	0.9910	2.7470	0.0001	0.0001	0.0000	0.0000	0.0000	0.0000	0.0001	0.0001	0.0000	0.0001	0.0000	0.0000	0.0000	0.0000	0.0000	0.0000	0.0000	0.0000	0.0066	0.0049	0.0016	0.0029	0.0028	0.0000	0.0037	0.0021	0.0016	0.0514	0.0106	0.0408	0.0023	0.0022	0.0001	0.0491	0.0084	0.0407	9.0114	3.0943	11.7262	0.0000	0.0000	0.0000	51.0974	11328.7752	11.9912	0.0013	0.0044	0.0005	0.0201	0.0214	0.0002	0.0004	0.0000	0.0005
54	74	0.1194	4	0	1	1	0	0	0	0	0	N	N	N	N	N	N	N	N	N	N	N	N	0.0000	0.0000	0.0000	0.0000	0.0000	0.0000	0.0000	0.0000	0.0000	0.0000	0.0000	0.0000	0.0000	0.0000	0.0000	0.0000	0.0000	0.0000	0.0000	0.0000	0.0147	0.0000	0.9910	0.0000	0.0000	0.0000	0.0000	0.0000	0.0000	0.0000	0.0000	0.0000	0.0000	0.0000	0.0000	0.0000	0.0000	0.0000	0.0000	0.0000	0.0000	0.0000	0.0000	0.0000	0.0000	0.0000	0.0000	0.0000	0.0000	0.0000	0.0000	0.0000	0.0000	0.0000	0.0000	0.0000	0.0000	0.0000	0.0000	0.0000	0.0000	0.0000	0.0000	0.0000	0.0000	0.0000	0.0000	0.0000	0.0000	0.0000	0.0000	0.0000	0.0000	0.0000	0.0000	0.0000	0.0000	0.0000											
54	75	0.0607	3	0	1	1	0	0	0	0	0	N	N	N	N	N	N	N	N	N	N	N	N	0.0000	0.0000	0.0000	0.0000	0.0000	0.0000	0.0000	0.0000	0.0000	0.0000	0.0000	0.0000	0.0000	0.0000	0.0000	0.0000	0.0000	0.0013	0.0000	0.0016	0.0001	0.0001	0.0002	0.0025	0.0000	0.0016	575.8882	0.0000	0.0000	0.0147	4.3567	0.9910	2.3689	0.0000	0.0000	0.0000	0.0000	0.0000	0.0000	0.0000	0.0000	0.0000	0.0001	0.0000	0.0001	0.0000	0.0000	0.0000	0.0001	0.0000	0.0001	0.0084	0.0063	0.0020	0.0037	0.0036	0.0000	0.0047	0.0027	0.0020	0.0559	0.0116	0.0443	0.0025	0.0024	0.0002	0.0534	0.0092	0.0442	0.0000	0.0000	0.0000	0.0000	0.0000	0.0000	0.0000	0.0000	0.0000	0.0013	0.0000	0.0016	0.0001	0.0001	0.0002	0.0013	0.0000	0.0016		
54	76	0.1281	6	1	1	1	1	0	0	0	0	N	N	N	N	N	N	N	N	N	N	N	N	0.0000	0.0000	0.0000	0.0000	0.0000	0.0000	0.0000	0.0000	0.0000	0.0000	0.0000	0.0000	0.0000	0.0000	0.0000	0.0000	0.0000	0.0000	0.0000	0.0000	0.0147	0.0000	0.9910	0.0000	0.0000	0.0000	0.0000	0.0000	0.0000	0.0000	0.0000	0.0000	0.0000	0.0000	0.0000	0.0000	0.0000	0.0000	0.0000	0.0000	0.0000	0.0000	0.0000	0.0000	0.0000	0.0000	0.0000	0.0000	0.0000	0.0000	0.0000	0.0000	0.0000	0.0000	0.0000	0.0000	0.0000	0.0000	0.0000	0.0000	0.0000	0.0000	0.0000	0.0000	0.0000	0.0000	0.0000	0.0000	0.0000	0.0000	0.0000	0.0000	0.0000	0.0000	0.0000	0.0000	0.0000	0.0000											
54	77	0.1197	5	1	1	1	1	0	0	0	0	N	N	N	N	N	N	N	N	N	N	N	N	0.0000	0.0000	0.0000	0.0000	0.0000	0.0000	0.0000	0.0000	0.0000	0.0000	0.0000	0.0000	0.0000	0.0000	0.0000	0.0000	0.0000	0.0000	0.0000	0.0000	0.0000	0.0000	inf	0.0000	0.0000	0.0147	1.0073	0.9910	0.3366	0.0000	0.0000	0.0000	0.0000	0.0000	0.0000	0.0000	0.0000	0.0000	0.0000	0.0000	0.0000	0.0000	0.0000	0.0000	0.0000	0.0000	0.0000	0.0021	0.0016	0.0005	0.0009	0.0009	0.0000	0.0012	0.0006	0.0005	0.0083	0.0033	0.0050	0.0016	0.0015	0.0001	0.0068	0.0018	0.0050	0.0000	0.0000	0.0000	0.0000	0.0000	0.0000	0.0000	0.0000	0.0000	0.0000	0.0000	0.0000	0.0000	0.0000	0.0000	0.0000	0.0000	0.0000						
54	78	0.1455	5	0	1	1	1	0	0	0	0	N	N	N	N	N	N	N	N	N	N	N	N	0.0000	0.0000	0.0000	0.0000	0.0000	0.0000	0.0000	0.0000	0.0000	0.0000	0.0000	0.0000	0.0000	0.0000	0.0000	0.0000	0.0000	0.0000	0.0000	0.0000	0.0147	0.0000	0.9910	0.0000	0.0000	0.0000	0.0000	0.0000	0.0000	0.0000	0.0000	0.0000	0.0000	0.0000	0.0000	0.0000	0.0000	0.0000	0.0000	0.0000	0.0000	0.0000	0.0000	0.0000	0.0000	0.0000	0.0000	0.0000	0.0000	0.0000	0.0000	0.0000	0.0000	0.0000	0.0000	0.0000	0.0000	0.0000	0.0000	0.0000	0.0000	0.0000	0.0000	0.0000	0.0000	0.0000	0.0000	0.0000	0.0000	0.0000	0.0000	0.0000	0.0000	0.0000	0.0000	0.0000	0.0000	0.0000											
54	79	0.1373	4	0	1	1	1	0	0	0	0	N	N	N	N	N	N	N	N	N	N	N	N	0.0000	0.0000	0.0000	0.0000	0.0000	0.0000	0.0000	0.0000	0.0000	0.0000	0.0000	0.0000	0.0000	0.0000	0.0000	0.0000	0.0000	0.0000	0.0000	0.0000	0.0147	0.0000	0.9910	1.0000	0.0000	0.0000	0.0000	0.0000	0.0000	0.0000	0.0000	0.0000	0.0000	0.0000	0.0000	0.0000	0.0000	0.0000	0.0000	0.0000	0.0000	0.0000	0.0000	0.0000	0.0000	0.0000	0.0000	0.0000	0.0000	0.0000	0.0000	0.0082	0.0027	0.0055	0.0034	0.0014	0.0020	0.0049	0.0013	0.0035	0.0000	0.0000	0.0000	0.0000	0.0000	0.0000	0.0000	0.0000	0.0000	0.0000	0.0000	0.0000	0.0000	0.0000	0.0000	0.0000	0.0000	0.0000											
54	80	0.1197	5	0	1	1	0	0	0	0	0	N	N	N	N	N	N	N	N	N	N	N	N	0.0000	0.0000	0.0000	0.0000	0.0000	0.0000	0.0000	0.0000	0.0000	0.0000	0.0000	0.0000	0.0000	0.0000	0.0000	0.0000	0.0000	0.0000	0.0000	0.0000	0.0000	0.0000	inf	0.0000	0.0000	0.0147	3.9927	0.9910	1.0002	0.0000	0.0000	0.0000	0.0000	0.0000	0.0000	0.0000	0.0000	0.0000	0.0000	0.0000	0.0000	0.0000	0.0000	0.0000	0.0000	0.0000	0.0000	0.0076	0.0057	0.0019	0.0033	0.0033	0.0000	0.0043	0.0024	0.0018	0.0266	0.0105	0.0162	0.0045	0.0043	0.0002	0.0221	0.0062	0.0159	0.0000	0.0000	0.0000	0.0000	0.0000	0.0000	0.0000	0.0000	0.0000	0.0000	0.0000	0.0000	0.0000	0.0000	0.0000	0.0000	0.0000	0.0000						
54	81	0.1151	4	0	1	1	0	0	0	0	0	N	N	N	N	N	N	N	N	N	N	N	N	0.0000	0.0000	0.0000	0.0000	0.0000	0.0000	0.0000	0.0000	0.0000	0.0000	0.0000	0.0000	0.0000	0.0000	0.0000	0.0000	0.0000	0.0000	0.0000	0.0000	0.0000	0.0000	0.0000	0.0000	-0.0000	0.0147	0.0110	0.9910	0.6549	0.0000	0.0000	0.0000	0.0000	0.0000	0.0000	0.0000	0.0000	0.0000	0.0000	0.0000	0.0000	0.0000	0.0000	0.0000	0.0000	0.0000	0.0000	0.0000	0.0000	0.0000	0.0000	0.0000	0.0000	0.0000	0.0000	0.0000	0.0039	0.0015	0.0024	0.0006	0.0006	0.0000	0.0032	0.0009	0.0023	0.0000	0.0000	0.0000	0.0000	0.0000	0.0000	0.0000	0.0000	0.0000	0.0000	0.0000	0.0000	0.0000	0.0000	0.0000	0.0000	0.0000	0.0000						
54	82	0.1373	4	0	0	2	1	0	0	0	0	N	N	Y	N	N	N	N	N	N	N	N	N	0.0000	0.0000	0.0000	0.0000	0.0000	0.0000	0.0000	0.0000	0.0000	0.0000	0.0000	0.0000	0.0000	0.0000	0.0000	0.0000	0.0000	0.0000	0.0000	0.0000	0.0147	1.0000	0.9910	0.0000	0.0000	0.0000	0.0000	0.0000	0.0000	0.0000	0.0000	0.0000	0.0000	0.0000	0.0000	0.0000	0.0000	0.0000	0.0000	0.0000	0.0000	0.0000	0.0021	0.0016	0.0005	0.0009	0.0009	0.0000	0.0012	0.0007	0.0005	0.0082	0.0027	0.0055	0.0034	0.0014	0.0020	0.0049	0.0013	0.0035	0.0000	0.0000	0.0000	0.0000	0.0000	0.0000	0.0000	0.0000	0.0000	0.0000	0.0000	0.0000	0.0000	0.0000	0.0000	0.0000	0.0000	0.0000											
54	83	0.1373	4	0	0	2	1	0	0	0	0	N	N	Y	N	N	N	N	N	N	N	N	N	0.0000	0.0000	0.0000	0.0000	0.0000	0.0000	0.0000	0.0000	0.0000	0.0000	0.0000	0.0000	0.0000	0.0000	0.0000	0.0000	0.0000	0.0000	0.0000	0.0000	0.0147	0.0000	0.9910	0.0000	0.0000	0.0000	0.0000	0.0000	0.0000	0.0000	0.0000	0.0000	0.0000	0.0000	0.0000	0.0000	0.0000	0.0000	0.0000	0.0000	0.0000	0.0000	0.0000	0.0000	0.0000	0.0000	0.0000	0.0000	0.0000	0.0000	0.0000	0.0000	0.0000	0.0000	0.0000	0.0000	0.0000	0.0000	0.0000	0.0000	0.0000	0.0000	0.0000	0.0000	0.0000	0.0000	0.0000	0.0000	0.0000	0.0000	0.0000	0.0000	0.0000	0.0000	0.0000	0.0000	0.0000	0.0000											
54	84	0.0607	3	0	0	1	1	0	0	0	0	N	N	N	N	N	N	N	N	N	N	N	N	0.0000	0.0000	0.0000	0.0000	0.0000	0.0000	0.0000	0.0000	0.0000	0.0000	0.0000	0.0000	0.0000	0.0007	0.0034	0.0000	0.0152	0.0162	0.0000	0.0000	0.0000	0.0000	0.0000	0.0000	-0.0000	0.0147	3.0000	0.9910	5.9994	0.0000	0.0000	0.0000	0.0000	0.0000	0.0000	0.0000	0.0000	0.0000	0.0000	0.0000	0.0000	0.0000	0.0000	0.0000	0.0000	0.0000	0.0000	0.0060	0.0045	0.0015	0.0026	0.0026	0.0000	0.0034	0.0019	0.0015	0.0699	0.0148	0.0551	0.0033	0.0031	0.0002	0.0666	0.0117	0.0549	0.0000	0.0000	0.0000	0.0000	0.0000	0.0000	0.0000	0.0000	0.0000	0.0007	0.0034	0.0000	0.0152	0.0162	0.0000	0.0000	0.0000	0.0000						
54	85	0.1982	4	1	1	1	0	0	0	0	0	N	N	N	N	N	N	N	N	N	N	N	N	0.0000	0.0000	0.0000	0.0000	0.0000	0.0000	0.0000	0.0000	0.0000	0.0000	0.0000	0.0000	0.0000	0.0000	0.0000	0.0000	0.0000	0.0000	0.0000	0.0000	0.0147	0.0000	0.9910	0.0000	0.0000	0.0000	0.0000	0.0000	0.0000	0.0000	0.0000	0.0000	0.0000	0.0000	0.0000	0.0000	0.0000	0.0000	0.0000	0.0000	0.0000	0.0000	0.0000	0.0000	0.0000	0.0000	0.0000	0.0000	0.0000	0.0000	0.0000	0.0000	0.0000	0.0000	0.0000	0.0000	0.0000	0.0000	0.0000	0.0000	0.0000	0.0000	0.0000	0.0000	0.0000	0.0000	0.0000	0.0000	0.0000	0.0000	0.0000	0.0000	0.0000	0.0000	0.0000	0.0000	0.0000	0.0000											
54	86	0.0607	3	1	1	1	0	0	0	0	0	N	N	N	N	N	N	N	N	N	N	N	N	0.0000	0.0000	0.0000	0.0000	0.0000	0.0000	0.0000	0.0000	0.0000	0.0000	0.0000	0.0000	0.0000	0.0000	0.0000	0.0001	0.0005	0.0000	0.0024	0.0026	0.0001	0.0000	0.0000	0.0000	0.0028	0.0000	-0.0000	0.0147	5.0000	0.9910	7.0006	0.0000	0.0000	0.0000	0.0000	0.0000	0.0000	0.0000	0.0000	0.0000	0.0000	0.0000	0.0000	0.0000	0.0000	0.0000	0.0000	0.0000	0.0000	0.0094	0.0072	0.0023	0.0041	0.0041	0.0001	0.0053	0.0031	0.0022	0.0853	0.0186	0.0667	0.0042	0.0039	0.0003	0.0811	0.0147	0.0664	0.0000	0.0000	0.0000	0.0000	0.0000	0.0000	0.0000	0.0000	0.0000	0.0001	0.0005	0.0000	0.0024	0.0026	0.0001	0.0000	0.0000	0.0000				
54	87	0.0607	3	0	1	1	0	0	0	0	0	N	N	N	N	N	N	N	N	N	N	N	N	0.0000	0.0000	0.0000	0.0000	0.0000	0.0000	0.0000	0.0000	0.0000	0.0000	0.0000	0.0000	0.0000	0.0000	0.0000	0.0000	0.0000	0.0000	0.0003	0.0000	0.0000	0.0000	inf	0.0000	0.0000	0.0147	1.0000	0.9910	3.0006	0.0000	0.0000	0.0000	0.0000	0.0000	0.0000	0.0000	0.0000	0.0000	0.0000	0.0000	0.0000	0.0000	0.0000	0.0000	0.0000	0.0000	0.0000	0.0021	0.0016	0.0006	0.0009	0.0009	0.0000	0.0012	0.0007	0.0005	0.0362	0.0073	0.0289	0.0016	0.0015	0.0001	0.0346	0.0058	0.0288	0.0000	0.0000	0.0000	0.0000	0.0000	0.0000	0.0000	0.0000	0.0000	0.0000	0.0000	0.0000	0.0000	0.0000	0.0003	0.0000	0.0000	0.0000						
54	88	0.1151	4	1	1	1	0	0	0	0	0	N	N	N	N	N	N	N	N	N	N	N	N	0.0000	0.0000	0.0000	0.0000	0.0000	0.0000	0.0000	0.0000	0.0000	0.0000	0.0000	0.0000	0.0000	0.0000	0.0000	0.0000	0.0000	0.0000	0.0000	0.0000	0.0147	0.0000	0.9910	0.0000	0.0000	0.0000	0.0000	0.0000	0.0000	0.0000	0.0000	0.0000	0.0000	0.0000	0.0000	0.0000	0.0000	0.0000	0.0000	0.0000	0.0000	0.0000	0.0000	0.0000	0.0000	0.0000	0.0000	0.0000	0.0000	0.0000	0.0000	0.0000	0.0000	0.0000	0.0000	0.0000	0.0000	0.0000	0.0000	0.0000	0.0000	0.0000	0.0000	0.0000	0.0000	0.0000	0.0000	0.0000	0.0000	0.0000	0.0000	0.0000	0.0000	0.0000	0.0000	0.0000	0.0000	0.0000											
54	89	0.0607	3	0	1	1	0	0	0	0	0	N	N	N	N	N	N	N	N	N	N	N	N	0.0000	0.0000	0.0000	0.0000	0.0000	0.0000	0.0000	0.0000	0.0000	0.0000	0.0000	0.0000	0.0000	0.0000	0.0000	0.0000	0.0000	0.0000	0.0000	0.0000	0.0147	4.0000	0.9910	4.0001	0.0000	0.0000	0.0000	0.0000	0.0000	0.0000	0.0000	0.0000	0.0000	0.0000	0.0000	0.0000	0.0000	0.0000	0.0000	0.0000	0.0000	0.0000	0.0078	0.0059	0.0019	0.0034	0.0034	0.0000	0.0043	0.0025	0.0019	0.0640	0.0134	0.0506	0.0030	0.0028	0.0002	0.0610	0.0106	0.0504	0.0000	0.0000	0.0000	0.0000	0.0000	0.0000	0.0000	0.0000	0.0000	0.0000	0.0000	0.0000	0.0000	0.0000	0.0000	0.0000	0.0000	0.0000											
54	91	0.2062	5	0	0	1	0	0	0	0	0	N	N	N	N	N	N	N	N	N	N	N	N	111.5957	44.3660	0.0000	0.9497	0.9218	0.0000	11023.4188	inf	0.0000	0.7557	0.9561	0.0000	0.0402	0.0414	0.0000	1.3741	2.1680	0.0000	0.0068	0.0216	0.0002	0.0423	0.0449	0.0006	0.0001	0.0000	0.0002	0.0000	0.0166	-0.0056	-0.0005	0.0147	11.5137	0.9910	4.9035	0.0145	0.0145	0.0000	0.0004	0.0004	0.0000	0.0141	0.0141	0.0000	0.0008	0.0008	0.0000	0.0008	0.0008	0.0000	0.0000	0.0000	0.0000	0.0192	0.0152	0.0040	0.0089	0.0086	0.0003	0.0103	0.0065	0.0038	0.1143	0.0353	0.0790	0.0180	0.0170	0.0010	0.0963	0.0184	0.0779	111.5957	44.3660	0.0000	0.9497	0.9218	0.0000	11023.4188	inf	0.0000	0.0068	0.0216	0.0002	0.0423	0.0449	0.0006	0.0001	0.0000	0.0002
55	57	0.0531	2	0	0	0	0	0	0	0	0	N	N	N	N	N	N	N	N	N	N	N	N	0.0000	0.0000	0.0000	0.0000	0.0000	0.0000	0.0000	0.0000	0.0000	0.0000	0.0000	0.0000	0.0000	0.0000	0.0000	0.0000	0.0000	0.1256	0.0108	0.1558	0.0510	0.0544	0.0003	0.1290	0.0000	0.1564	55.0197	0.0000	0.0038	0.9556	3.0000	1.0192	3.0006	0.0000	0.0000	0.0000	0.0000	0.0000	0.0000	0.0000	0.0000	0.0000	0.0122	0.0002	0.0120	0.0002	0.0002	0.0000	0.0120	0.0000	0.0120	0.1051	0.0885	0.0166	0.0216	0.0196	0.0021	0.0835	0.0689	0.0146	0.0970	0.0202	0.0768	0.0043	0.0040	0.0003	0.0928	0.0162	0.0765	0.0000	0.0000	0.0000	0.0000	0.0000	0.0000	0.0000	0.0000	0.0000	0.1256	0.0108	0.1558	0.0510	0.0544	0.0003	0.1290	0.0000	0.1564		
55	58	0.1986	4	0	0	0	0	0	0	0	0	N	N	N	N	N	N	N	N	N	N	N	N	17.7294	6.8778	6.1319	75.0867	81.2570	0.1881	0.0411	0.0000	7.8608	0.0775	0.0891	0.0024	0.2611	0.2820	0.0007	0.0004	0.0000	0.0028	0.0044	0.0130	0.0004	0.0035	0.0035	0.0036	0.0108	1.0955	0.0004	0.0042	0.0666	-0.0101	-0.0005	0.9556	10.2575	1.0192	3.8960	0.0266	0.0265	0.0001	0.0265	0.0265	0.0000	0.0001	0.0000	0.0001	0.0009	0.0008	0.0001	0.0001	0.0001	0.0000	0.0008	0.0007	0.0000	0.3430	0.2973	0.0458	0.1014	0.0939	0.0075	0.2416	0.2034	0.0383	0.2055	0.0650	0.1405	0.0341	0.0322	0.0019	0.1714	0.0328	0.1386	17.7294	6.8778	6.1319	75.0867	81.2570	0.1881	0.0973	0.0000	7.8608	0.0044	0.0130	0.0004	0.0035	0.0035	0.0036	0.0045	0.0222	0.0004
55	59	0.1726	3	1	1	1	0	0	0	0	0	N	N	N	N	N	N	N	N	N	N	N	N	0.0000	0.0000	0.0000	0.0000	0.0000	0.0000	0.0000	0.0000	0.0000	0.0000	0.0000	0.0000	0.0000	0.0000	0.0000	0.0000	0.0000	0.0000	0.0000	0.0000	0.9556	0.0000	1.0192	0.0000	0.0000	0.0000	0.0000	0.0000	0.0000	0.0000	0.0000	0.0000	0.0000	0.0000	0.0000	0.0000	0.0000	0.0000	0.0000	0.0000	0.0000	0.0000	0.0000	0.0000	0.0000	0.0000	0.0000	0.0000	0.0000	0.0000	0.0000	0.0000	0.0000	0.0000	0.0000	0.0000	0.0000	0.0000	0.0000	0.0000	0.0000	0.0000	0.0000	0.0000	0.0000	0.0000	0.0000	0.0000	0.0000	0.0000	0.0000	0.0000	0.0000	0.0000	0.0000	0.0000	0.0000	0.0000											
55	60	0.0531	2	1	0	1	0	0	0	0	0	N	N	N	N	N	N	N	N	N	N	N	N	1610.5762	471.8419	0.0000	0.2335	0.2395	7914.7310	97.7675	0.0000	4.3121	5.0690	0.0000	0.0101	0.0110	0.0000	5.4232	6.4921	0.0000	0.0027	0.0107	0.0004	0.0431	0.0461	0.0000	0.0007	0.0664	0.0004	0.0000	0.1389	-0.3681	-0.0002	0.9556	7.0000	1.0192	3.9994	0.9549	0.9549	0.0000	0.0005	0.0005	0.0000	0.9545	0.9545	0.0000	0.0004	0.0004	0.0000	0.0003	0.0003	0.0000	0.0001	0.0000	0.0000	0.2215	0.1884	0.0331	0.0455	0.0414	0.0041	0.1760	0.1470	0.0290	0.1531	0.0335	0.1196	0.0072	0.0067	0.0005	0.1459	0.0268	0.1191	1610.5762	471.8419	0.0000	0.2335	0.2395	0.0000	7914.7310	3479.2094	0.0000	0.0027	0.0107	0.0004	0.0431	0.0461	0.0000	0.0007	0.0019	0.0004	
55	61	0.1355	3	1	0	1	0	0	0	0	0	N	N	N	N	N	N	N	N	N	N	N	N	0.0000	0.0000	0.0000	0.0000	0.0000	0.0000	0.0000	0.0000	0.0000	0.0000	0.0000	0.0000	0.0000	0.0000	0.0000	0.0000	0.0000	0.0000	0.0000	0.0000	0.9556	2.0000	1.0192	0.0000	0.0000	0.0000	0.0000	0.0000	0.0000	0.0000	0.0000	0.0000	0.0000	0.0000	0.0000	0.0000	0.0000	0.0000	0.0000	0.0000	0.0000	0.0000	0.0647	0.0542	0.0105	0.0190	0.0173	0.0017	0.0456	0.0369	0.0088	0.0243	0.0101	0.0142	0.0148	0.0077	0.0070	0.0095	0.0024	0.0071	0.0000	0.0000	0.0000	0.0000	0.0000	0.0000	0.0000	0.0000	0.0000	0.0000	0.0000	0.0000	0.0000	0.0000	0.0000	0.0000	0.0000	0.0000											
55	62	0.0531	2	1	0	1	0	0	0	0	0	N	N	N	N	N	N	N	N	N	N	N	N	0.0000	0.0000	0.0000	0.0000	0.0000	0.0000	0.0000	0.0000	0.0000	0.0000	0.0000	0.0000	0.0000	0.0000	0.0000	0.0000	0.0000	0.0034	0.0139	0.0005	0.0564	0.0603	0.0000	0.0012	0.1141	0.0005	0.1389	0.0000	-0.0002	0.9556	4.0000	1.0192	3.9994	0.0000	0.0000	0.0000	0.0000	0.0000	0.0000	0.0000	0.0000	0.0000	0.0004	0.0004	0.0000	0.0003	0.0003	0.0000	0.0001	0.0000	0.0000	0.1365	0.1152	0.0213	0.0281	0.0255	0.0026	0.1084	0.0898	0.0186	0.1217	0.0259	0.0958	0.0055	0.0051	0.0004	0.1162	0.0207	0.0955	0.0000	0.0000	0.0000	0.0000	0.0000	0.0000	0.0000	0.0000	0.0000	0.0034	0.0139	0.0005	0.0564	0.0603	0.0000	0.0009	0.0024	0.0005		
55	63	0.0531	2	0	1	0	0	0	0	0	0	N	N	N	N	N	N	N	N	N	N	N	N	0.0000	0.0000	0.0000	0.0000	0.0000	0.0000	0.0000	0.0000	0.0000	0.0000	0.0000	0.0000	0.0000	0.0000	0.0000	0.0000	0.0000	0.0000	0.0000	0.0000	0.9556	7.0000	1.0192	4.0000	0.0000	0.0000	0.0000	0.0000	0.0000	0.0000	0.0000	0.0000	0.0000	0.0000	0.0000	0.0000	0.0000	0.0000	0.0000	0.0000	0.0000	0.0000	0.2215	0.1884	0.0331	0.0455	0.0414	0.0041	0.1760	0.1470	0.0290	0.1531	0.0335	0.1196	0.0072	0.0067	0.0005	0.1459	0.0268	0.1191	0.0000	0.0000	0.0000	0.0000	0.0000	0.0000	0.0000	0.0000	0.0000	0.0000	0.0000	0.0000	0.0000	0.0000	0.0000	0.0000	0.0000	0.0000											
55	64	0.1597	5	0	0	1	0	0	0	0	0	N	N	N	N	N	N	N	N	N	N	N	N	0.0000	0.0000	0.0000	0.0000	0.0000	0.0000	0.0000	0.0000	0.0000	0.0000	0.0000	0.0000	0.0000	0.0000	0.0000	0.0000	0.0000	0.0000	0.0000	0.0000	0.9556	0.0000	1.0192	0.0000	0.0000	0.0000	0.0000	0.0000	0.0000	0.0000	0.0000	0.0000	0.0000	0.0000	0.0000	0.0000	0.0000	0.0000	0.0000	0.0000	0.0000	0.0000	0.0000	0.0000	0.0000	0.0000	0.0000	0.0000	0.0000	0.0000	0.0000	0.0000	0.0000	0.0000	0.0000	0.0000	0.0000	0.0000	0.0000	0.0000	0.0000	0.0000	0.0000	0.0000	0.0000	0.0000	0.0000	0.0000	0.0000	0.0000	0.0000	0.0000	0.0000	0.0000	0.0000	0.0000	0.0000	0.0000											
55	65	0.1354	4	0	0	1	0	0	0	0	0	N	N	N	N	N	N	N	N	N	N	N	N	0.0000	0.0000	0.0000	0.0000	0.0000	0.0000	0.0000	0.0000	0.0000	0.0000	0.0000	0.0000	0.0000	0.0000	0.0000	0.0000	0.0009	0.0031	0.0004	0.0021	0.0067	0.0000	0.0004	0.0000	0.0005	0.5000	0.0000	-0.0000	0.9556	0.8734	1.0192	1.0002	0.0000	0.0000	0.0000	0.0000	0.0000	0.0000	0.0000	0.0000	0.0000	0.0000	0.0000	0.0000	0.0000	0.0000	0.0000	0.0000	0.0000	0.0000	0.0306	0.0255	0.0050	0.0077	0.0070	0.0007	0.0229	0.0185	0.0043	0.0343	0.0064	0.0279	0.0096	0.0030	0.0066	0.0246	0.0034	0.0212	0.0000	0.0000	0.0000	0.0000	0.0000	0.0000	0.0000	0.0000	0.0000	0.0009	0.0031	0.0004	0.0021	0.0067	0.0000	0.0004	0.0000	0.0005			
55	66	0.1209	3	0	0	0	0	0	0	0	0	N	N	N	N	N	N	N	N	N	N	N	N	215.1876	105.0855	1.2919	683.4157	382.8787	6.5804	0.1435	0.0000	1.0775	0.0391	0.0468	0.0001	0.1537	0.1688	0.0001	0.0000	0.0000	0.0001	0.0002	0.0004	0.0001	0.0002	0.0004	0.0000	0.0002	0.0270	0.0001	0.0005	0.5479	-0.0005	-0.0000	0.9556	1.0063	1.0192	0.0727	0.0014	0.0014	0.0000	0.0014	0.0014	0.0000	0.0000	0.0000	0.0000	0.0000	0.0000	0.0000	0.0000	0.0000	0.0000	0.0000	0.0000	0.0000	0.0357	0.0297	0.0059	0.0091	0.0083	0.0008	0.0266	0.0215	0.0051	0.0253	0.0067	0.0186	0.0086	0.0043	0.0043	0.0166	0.0024	0.0143	215.1876	105.0855	1.2919	683.4157	382.8787	6.5804	0.1435	0.0000	1.0775	0.0002	0.0004	0.0001	0.0002	0.0004	0.0000	0.0002	0.0005	0.0001
55	67	0.0531	2	0	0	0	0	0	0	0	0	N	N	N	N	N	N	N	N	N	N	N	N	4.0656	0.0896	2710.0929	0.0005	0.0006	0.0000	20.3364	0.0092	3092.0441	0.0102	0.0011	0.0597	0.0000	0.0000	0.0000	0.0129	0.0014	0.0681	0.0025	0.0121	0.0000	0.0439	0.0468	0.0000	0.0006	0.1507	0.0000	10.1757	0.0070	0.0007	-0.0001	0.9556	4.0009	1.0192	1.0789	0.0014	0.0001	0.0013	0.0000	0.0000	0.0000	0.0014	0.0001	0.0013	0.0002	0.0002	0.0000	0.0002	0.0002	0.0000	0.0001	0.0000	0.0000	0.1365	0.1153	0.0213	0.0281	0.0255	0.0026	0.1084	0.0898	0.0186	0.0845	0.0174	0.0671	0.0037	0.0034	0.0002	0.0808	0.0140	0.0668	4.0656	0.0896	2710.0929	0.0005	0.0006	0.0000	20.3364	0.3901	3092.0441	0.0025	0.0121	0.0000	0.0439	0.0468	0.0000	0.0006	0.0035	0.0000
55	68	0.0531	2	0	1	0	0	0	0	0	0	N	N	N	N	N	N	N	N	N	N	N	N	0.0774	0.0000	0.4394	0.0045	0.0000	0.0314	0.1003	0.0000	0.4922	0.0024	0.0000	0.0157	0.0003	0.0000	0.0032	0.0030	0.0000	0.0174	0.0311	0.0144	0.0357	0.0657	0.0632	0.1009	0.0294	0.0928	0.0354	inf	9.0813	0.0002	0.0009	0.9556	5.0000	1.0192	3.9994	0.0004	0.0000	0.0004	0.0000	0.0000	0.0000	0.0004	0.0000	0.0004	0.0041	0.0004	0.0037	0.0004	0.0004	0.0000	0.0037	0.0000	0.0037	0.1663	0.1408	0.0255	0.0342	0.0310	0.0032	0.1321	0.1097	0.0224	0.1328	0.0285	0.1043	0.0061	0.0057	0.0004	0.1268	0.0228	0.1039	0.0774	0.0000	0.4394	0.0045	0.0000	0.0314	0.1003	0.0000	0.4922	0.0311	0.0144	0.0357	0.0657	0.0632	0.1009	0.0294	0.0022	0.0354
55	69	0.0531	2	1	0	1	0	0	0	0	0	N	N	N	N	N	N	N	N	N	N	N	N	2688.2376	684.8757	0.3715	0.3814	14832.2175	94.0216	4.3121	5.0690	0.0000	0.0101	0.0110	0.0000	5.4232	6.4921	0.0000	0.0016	0.0074	0.0000	0.0271	0.0290	0.0000	0.0004	0.0690	0.0000	0.0000	0.0000	-0.3681	-0.0002	0.9556	7.0000	1.0192	2.9994	0.9549	0.9549	0.0000	0.0005	0.0005	0.0000	0.9545	0.9545	0.0000	0.0002	0.0002	0.0000	0.0002	0.0002	0.0000	0.0000	0.0000	0.0000	0.2215	0.1884	0.0331	0.0455	0.0414	0.0041	0.1760	0.1470	0.0290	0.1433	0.0311	0.1122	0.0066	0.0062	0.0004	0.1367	0.0248	0.1118	2688.2376	684.8757	0.0000	0.3715	0.3814	0.0000	14832.2175	3228.1721	0.0000	0.0016	0.0074	0.0000	0.0271	0.0290	0.0000	0.0004	0.0020	0.0000			
55	70	0.0531	2	0	1	0	1	0	0	0	0	N	N	N	N	N	N	N	N	N	N	N	N	38.4810	0.0000	21907.2591	0.2142	0.0000	16.8534	inf	inf	0.0029	0.0000	0.0188	0.0004	0.0000	0.0038	0.0036	0.0000	0.0209	0.0001	0.0004	0.0000	0.0017	0.0018	0.0002	0.0000	0.0000	0.0000	inf	0.0089	0.0002	-0.0000	0.9556	4.0000	1.0192	5.0006	0.0004	0.0000	0.0004	0.0000	0.0000	0.0000	0.0004	0.0000	0.0004	0.0000	0.0000	0.0000	0.0000	0.0000	0.0000	0.0000	0.0000	0.0000	0.1365	0.1152	0.0213	0.0281	0.0255	0.0026	0.1084	0.0898	0.0186	0.1329	0.0285	0.1043	0.0061	0.0057	0.0004	0.1268	0.0228	0.1039	38.4810	0.0000	21907.2591	0.2142	0.0000	16.8534	inf	0.0000	inf	0.0001	0.0004	0.0000	0.0017	0.0018	0.0002	0.0000	0.0000	0.0000	
55	71	0.0531	2	0	1	0	0	0	0	0	0	N	N	N	N	N	N	N	N	N	N	N	N	0.0740	0.0000	0.4166	0.0061	0.0000	0.0316	0.0930	0.0000	0.4667	0.0018	0.0000	0.0121	0.0002	0.0000	0.0024	0.0022	0.0000	0.0135	0.0244	0.0081	0.0290	0.0362	0.0332	0.0775	0.0238	0.0626	0.0288	inf	12.6713	0.0002	0.0010	0.9556	7.0000	1.0192	4.9994	0.0004	0.0000	0.0004	0.0000	0.0000	0.0000	0.0004	0.0000	0.0004	0.0040	0.0003	0.0037	0.0003	0.0002	0.0000	0.0037	0.0000	0.0036	0.2215	0.1884	0.0331	0.0455	0.0414	0.0041	0.1760	0.1470	0.0290	0.1622	0.0358	0.1264	0.0077	0.0072	0.0005	0.1545	0.0286	0.1259	0.0740	0.0000	0.4166	0.0061	0.0000	0.0316	0.0930	0.0000	0.4667	0.0244	0.0081	0.0290	0.0362	0.0332	0.0775	0.0238	0.0017	0.0288
55	72	0.1096	3	0	1	0	0	0	0	0	0	N	N	N	N	N	N	N	N	N	N	N	N	665.8469	19583.2172	0.0000	54.9513	59.6331	0.0000	405.3825	inf	0.0000	6.0548	7.1199	0.0000	0.0255	0.0279	0.0000	8.4256	10.2215	0.0000	0.0091	0.0004	0.0156	0.0005	0.0005	0.0002	0.0208	0.0000	0.0157	0.0000	57.4062	-0.3664	0.0002	0.9556	4.7764	1.0192	1.3205	0.9506	0.9506	0.0000	0.0011	0.0011	0.0000	0.9495	0.9495	0.0000	0.0008	0.0000	0.0008	0.0000	0.0000	0.0000	0.0008	0.0000	0.0008	0.1570	0.1335	0.0235	0.0443	0.0406	0.0037	0.1127	0.0929	0.0198	0.0850	0.0364	0.0486	0.0286	0.0283	0.0003	0.0564	0.0081	0.0483	665.8469	19583.2172	0.0000	54.9513	59.6331	0.0000	625.6184	inf	0.0000	0.0091	0.0004	0.0156	0.0005	0.0005	0.0002	0.0135	0.0000	0.0157
55	73	0.0531	2	0	1	0	0	0	0	0	0	N	N	N	N	N	N	N	N	N	N	N	N	21.2928	6.6113	43.5042	0.0031	0.0033	0.0000	83.7131	4.5256	49.6067	0.0436	0.0454	0.0338	0.0001	0.0001	0.0000	0.0548	0.0583	0.0386	0.0020	0.0069	0.0008	0.0323	0.0344	0.0007	0.0007	0.0129	0.0008	0.1391	0.4296	-0.0013	-0.0001	0.9556	3.3049	1.0192	2.7470	0.0050	0.0044	0.0006	0.0000	0.0000	0.0000	0.0050	0.0044	0.0006	0.0002	0.0001	0.0001	0.0001	0.0001	0.0000	0.0001	0.0000	0.0001	0.1149	0.0968	0.0181	0.0236	0.0214	0.0022	0.0912	0.0754	0.0158	0.0977	0.0204	0.0773	0.0043	0.0040	0.0003	0.0934	0.0163	0.0771	21.2928	6.6113	43.5042	0.0031	0.0033	0.0000	83.7131	741.4322	49.6067	0.0020	0.0069	0.0008	0.0323	0.0344	0.0007	0.0007	0.0001	0.0008
55	74	0.1118	3	0	1	0	0	0	0	0	0	N	N	N	N	N	N	N	N	N	N	N	N	0.0000	0.0000	0.0000	0.0000	0.0000	0.0000	0.0000	0.0000	0.0000	0.0000	0.0000	0.0000	0.0000	0.0000	0.0000	0.0000	0.0000	0.0000	0.0000	0.0000	0.9556	0.0000	1.0192	0.0000	0.0000	0.0000	0.0000	0.0000	0.0000	0.0000	0.0000	0.0000	0.0000	0.0000	0.0000	0.0000	0.0000	0.0000	0.0000	0.0000	0.0000	0.0000	0.0000	0.0000	0.0000	0.0000	0.0000	0.0000	0.0000	0.0000	0.0000	0.0000	0.0000	0.0000	0.0000	0.0000	0.0000	0.0000	0.0000	0.0000	0.0000	0.0000	0.0000	0.0000	0.0000	0.0000	0.0000	0.0000	0.0000	0.0000	0.0000	0.0000	0.0000	0.0000	0.0000	0.0000	0.0000	0.0000											
55	75	0.0531	2	0	1	0	0	0	0	0	0	N	N	N	N	N	N	N	N	N	N	N	N	0.0772	0.0001	0.4012	0.0142	0.0000	0.0267	0.0933	0.0009	0.4495	0.0027	0.0000	0.0175	0.0003	0.0000	0.0035	0.0033	0.0000	0.0195	0.0352	0.0031	0.0437	0.0233	0.0158	0.1330	0.0357	0.0007	0.0434	7142.9107	52.4090	0.0002	0.0012	0.9556	4.3567	1.0192	2.3689	0.0004	0.0000	0.0004	0.0000	0.0000	0.0000	0.0004	0.0000	0.0004	0.0037	0.0001	0.0037	0.0001	0.0001	0.0000	0.0036	0.0000	0.0036	0.1473	0.1245	0.0228	0.0303	0.0275	0.0028	0.1170	0.0970	0.0200	0.1063	0.0223	0.0840	0.0047	0.0044	0.0003	0.1016	0.0179	0.0837	0.0772	0.0001	0.4012	0.0142	0.0000	0.0267	0.0933	1.2914	0.4495	0.0352	0.0031	0.0437	0.0233	0.0158	0.1330	0.0357	0.0000	0.0434
55	76	0.1204	5	1	1	0	1	0	0	0	0	N	N	N	N	N	N	N	N	N	N	N	N	0.0000	0.0000	0.0000	0.0000	0.0000	0.0000	0.0000	0.0000	0.0000	0.0000	0.0000	0.0000	0.0000	0.0000	0.0000	0.0000	0.0000	0.0000	0.0000	0.0000	0.9556	0.0000	1.0192	0.0000	0.0000	0.0000	0.0000	0.0000	0.0000	0.0000	0.0000	0.0000	0.0000	0.0000	0.0000	0.0000	0.0000	0.0000	0.0000	0.0000	0.0000	0.0000	0.0000	0.0000	0.0000	0.0000	0.0000	0.0000	0.0000	0.0000	0.0000	0.0000	0.0000	0.0000	0.0000	0.0000	0.0000	0.0000	0.0000	0.0000	0.0000	0.0000	0.0000	0.0000	0.0000	0.0000	0.0000	0.0000	0.0000	0.0000	0.0000	0.0000	0.0000	0.0000	0.0000	0.0000	0.0000	0.0000											
55	77	0.1121	4	1	1	0	1	0	0	0	0	N	N	N	N	N	N	N	N	N	N	N	N	0.0000	0.0000	0.0000	0.0000	0.0000	0.0000	0.0000	0.0000	0.0000	0.0000	0.0000	0.0000	0.0000	0.0000	0.0000	0.0000	0.0000	0.0000	0.0000	0.0000	0.0000	0.0000	0.0000	0.0000	0.0000	2.3480	0.0000	0.0000	0.9556	1.0073	1.0192	0.3366	0.0000	0.0000	0.0000	0.0000	0.0000	0.0000	0.0000	0.0000	0.0000	0.0000	0.0000	0.0000	0.0000	0.0000	0.0000	0.0000	0.0000	0.0000	0.0346	0.0291	0.0055	0.0065	0.0061	0.0003	0.0282	0.0230	0.0052	0.0160	0.0064	0.0096	0.0030	0.0029	0.0001	0.0130	0.0035	0.0095	0.0000	0.0000	0.0000	0.0000	0.0000	0.0000	0.0000	0.0000	0.0000	0.0000	0.0000	0.0000	0.0000	0.0000	0.0000	0.0000	0.0000	0.0000			
55	78	0.1379	4	0	1	0	1	0	0	0	0	N	N	N	N	N	N	N	N	N	N	N	N	0.0000	0.0000	0.0000	0.0000	0.0000	0.0000	0.0000	0.0000	0.0000	0.0000	0.0000	0.0000	0.0000	0.0000	0.0000	0.0000	0.0000	0.0000	0.0000	0.0000	0.9556	0.0000	1.0192	0.0000	0.0000	0.0000	0.0000	0.0000	0.0000	0.0000	0.0000	0.0000	0.0000	0.0000	0.0000	0.0000	0.0000	0.0000	0.0000	0.0000	0.0000	0.0000	0.0000	0.0000	0.0000	0.0000	0.0000	0.0000	0.0000	0.0000	0.0000	0.0000	0.0000	0.0000	0.0000	0.0000	0.0000	0.0000	0.0000	0.0000	0.0000	0.0000	0.0000	0.0000	0.0000	0.0000	0.0000	0.0000	0.0000	0.0000	0.0000	0.0000	0.0000	0.0000	0.0000	0.0000	0.0000	0.0000											
55	79	0.1296	3	0	1	0	1	0	0	0	0	N	N	N	N	N	N	N	N	N	N	N	N	0.0000	0.0000	0.0000	0.0000	0.0000	0.0000	0.0000	0.0000	0.0000	0.0000	0.0000	0.0000	0.0000	0.0000	0.0000	0.0000	0.0000	0.0000	0.0000	0.0000	0.9556	0.0000	1.0192	1.0000	0.0000	0.0000	0.0000	0.0000	0.0000	0.0000	0.0000	0.0000	0.0000	0.0000	0.0000	0.0000	0.0000	0.0000	0.0000	0.0000	0.0000	0.0000	0.0000	0.0000	0.0000	0.0000	0.0000	0.0000	0.0000	0.0000	0.0000	0.0157	0.0052	0.0105	0.0064	0.0026	0.0038	0.0093	0.0026	0.0067	0.0000	0.0000	0.0000	0.0000	0.0000	0.0000	0.0000	0.0000	0.0000	0.0000	0.0000	0.0000	0.0000	0.0000	0.0000	0.0000	0.0000	0.0000											
55	80	0.1121	4	0	1	0	0	0	0	0	0	N	N	N	N	N	N	N	N	N	N	N	N	0.0000	0.0000	0.0000	0.0000	0.0000	0.0000	0.0000	0.0000	0.0000	0.0000	0.0000	0.0000	0.0000	0.0000	0.0000	0.0000	0.0000	0.0000	0.0000	0.0000	0.0000	0.0000	0.0000	0.0000	0.0000	2.3480	0.0000	0.0000	0.9556	3.9927	1.0192	1.0002	0.0000	0.0000	0.0000	0.0000	0.0000	0.0000	0.0000	0.0000	0.0000	0.0000	0.0000	0.0000	0.0000	0.0000	0.0000	0.0000	0.0000	0.0000	0.1270	0.1077	0.0193	0.0241	0.0228	0.0013	0.1029	0.0849	0.0180	0.0509	0.0201	0.0308	0.0085	0.0081	0.0004	0.0423	0.0120	0.0303	0.0000	0.0000	0.0000	0.0000	0.0000	0.0000	0.0000	0.0000	0.0000	0.0000	0.0000	0.0000	0.0000	0.0000	0.0000	0.0000	0.0000	0.0000			
55	81	0.1074	3	0	1	0	0	0	0	0	0	N	N	N	N	N	N	N	N	N	N	N	N	0.0000	0.0000	0.0000	0.0000	0.0000	0.0000	0.0000	0.0000	0.0000	0.0000	0.0000	0.0000	0.0000	0.0000	0.0000	0.0000	0.0000	0.0000	0.0000	0.0000	0.0000	0.0000	0.0000	0.0000	0.0000	0.4259	0.0000	-0.0000	0.9556	0.0110	1.0192	0.6549	0.0000	0.0000	0.0000	0.0000	0.0000	0.0000	0.0000	0.0000	0.0000	0.0000	0.0000	0.0000	0.0000	0.0000	0.0000	0.0000	0.0000	0.0000	0.0004	0.0003	0.0001	0.0001	0.0001	0.0000	0.0003	0.0003	0.0001	0.0074	0.0029	0.0045	0.0012	0.0011	0.0001	0.0062	0.0018	0.0045	0.0000	0.0000	0.0000	0.0000	0.0000	0.0000	0.0000	0.0000	0.0000	0.0000	0.0000	0.0000	0.0000	0.0000	0.0000	0.0000	0.0000	0.0000			
55	82	0.1296	3	0	0	1	1	0	0	0	0	N	N	N	N	N	N	N	N	N	N	N	N	0.0000	0.0000	0.0000	0.0000	0.0000	0.0000	0.0000	0.0000	0.0000	0.0000	0.0000	0.0000	0.0000	0.0000	0.0000	0.0000	0.0000	0.0000	0.0000	0.0000	0.9556	1.0000	1.0192	0.0000	0.0000	0.0000	0.0000	0.0000	0.0000	0.0000	0.0000	0.0000	0.0000	0.0000	0.0000	0.0000	0.0000	0.0000	0.0000	0.0000	0.0000	0.0000	0.0343	0.0288	0.0055	0.0050	0.0048	0.0002	0.0293	0.0240	0.0053	0.0157	0.0052	0.0105	0.0064	0.0026	0.0038	0.0093	0.0026	0.0067	0.0000	0.0000	0.0000	0.0000	0.0000	0.0000	0.0000	0.0000	0.0000	0.0000	0.0000	0.0000	0.0000	0.0000	0.0000	0.0000	0.0000	0.0000											
55	83	0.1296	3	0	0	1	1	0	0	0	0	N	N	N	N	N	N	N	N	N	N	N	N	0.0000	0.0000	0.0000	0.0000	0.0000	0.0000	0.0000	0.0000	0.0000	0.0000	0.0000	0.0000	0.0000	0.0000	0.0000	0.0000	0.0000	0.0000	0.0000	0.0000	0.9556	0.0000	1.0192	0.0000	0.0000	0.0000	0.0000	0.0000	0.0000	0.0000	0.0000	0.0000	0.0000	0.0000	0.0000	0.0000	0.0000	0.0000	0.0000	0.0000	0.0000	0.0000	0.0000	0.0000	0.0000	0.0000	0.0000	0.0000	0.0000	0.0000	0.0000	0.0000	0.0000	0.0000	0.0000	0.0000	0.0000	0.0000	0.0000	0.0000	0.0000	0.0000	0.0000	0.0000	0.0000	0.0000	0.0000	0.0000	0.0000	0.0000	0.0000	0.0000	0.0000	0.0000	0.0000	0.0000	0.0000	0.0000											
55	84	0.0531	2	0	0	0	1	0	0	0	0	N	N	N	N	N	N	N	N	N	N	N	N	2.1996	0.5607	0.0156	0.0161	11.8553	0.0602	0.0038	0.0045	0.0000	0.0005	0.0005	0.0000	0.0047	0.0057	0.0000	0.0017	0.0081	0.0000	0.0296	0.0316	0.0000	0.0004	0.0940	0.0000	0.0000	0.0000	-0.0002	-0.0002	0.9556	3.0000	1.0192	5.9994	0.0004	0.0004	0.0000	0.0000	0.0000	0.0000	0.0004	0.0004	0.0000	0.0002	0.0002	0.0000	0.0002	0.0002	0.0000	0.0000	0.0000	0.0000	0.1051	0.0885	0.0166	0.0216	0.0196	0.0021	0.0835	0.0689	0.0146	0.1328	0.0285	0.1043	0.0061	0.0057	0.0004	0.1268	0.0228	0.1039	2.1996	0.5607	0.0000	0.0156	0.0161	0.0000	11.8553	2.5860	0.0000	0.0017	0.0081	0.0000	0.0296	0.0316	0.0000	0.0004	0.0022	0.0000			
55	85	0.1906	3	1	1	0	0	0	0	0	0	N	N	N	N	N	N	N	N	N	N	N	N	0.0000	0.0000	0.0000	0.0000	0.0000	0.0000	0.0000	0.0000	0.0000	0.0000	0.0009	0.0000	0.0000	0.0000	0.0000	0.0000	0.0000	0.0000	0.0000	0.0000	0.0000	0.9556	0.0000	1.0192	0.0000	0.0000	0.0000	0.0000	0.0000	0.0000	0.0000	0.0000	0.0000	0.0000	0.0000	0.0000	0.0000	0.0000	0.0000	0.0000	0.0000	0.0000	0.0000	0.0000	0.0000	0.0000	0.0000	0.0000	0.0000	0.0000	0.0000	0.0000	0.0000	0.0000	0.0000	0.0000	0.0000	0.0000	0.0000	0.0000	0.0000	0.0000	0.0000	0.0000	0.0000	0.0000	0.0000	0.0000	0.0000	0.0000	0.0009	0.0000	0.0000	0.0000	0.0000	0.0000	0.0000	0.0000	0.0000										
55	86	0.0531	2	1	1	0	0	0	0	0	0	N	N	N	N	N	N	N	N	N	N	N	N	7.7866	2.0359	0.0000	0.0564	0.0581	0.0000	45.6122	0.1390	0.0024	0.0028	0.0000	0.0003	0.0003	0.0000	0.0030	0.0036	0.0000	0.0003	0.0014	0.0000	0.0052	0.0056	0.0002	0.0001	0.0256	0.0000	0.0000	0.0018	-0.0002	-0.0000	0.9556	5.0000	1.0192	7.0006	0.0004	0.0004	0.0000	0.0000	0.0000	0.0000	0.0004	0.0004	0.0000	0.0001	0.0001	0.0000	0.0000	0.0000	0.0000	0.0000	0.0000	0.0000	0.1663	0.1408	0.0255	0.0342	0.0310	0.0032	0.1321	0.1097	0.0224	0.1622	0.0358	0.1264	0.0077	0.0072	0.0005	0.1545	0.0286	0.1259	7.7866	2.0359	0.0000	0.0564	0.0581	0.0000	45.6122	10.1754	0.0000	0.0003	0.0014	0.0000	0.0052	0.0056	0.0002	0.0001	0.0003	0.0000	
55	87	0.0531	2	0	1	0	0	0	0	0	0	N	N	N	N	N	N	N	N	N	N	N	N	37.0184	9.0731	0.0000	0.1923	0.2008	0.0000	inf	inf	0.0108	0.0129	0.0000	0.0013	0.0015	0.0000	0.0133	0.0162	0.0000	0.0003	0.0014	0.0000	0.0068	0.0072	0.0005	0.0000	0.0000	0.0000	0.0000	0.0045	-0.0002	-0.0000	0.9556	1.0000	1.0192	3.0006	0.0004	0.0004	0.0000	0.0000	0.0000	0.0000	0.0004	0.0004	0.0000	0.0000	0.0000	0.0000	0.0000	0.0000	0.0000	0.0000	0.0000	0.0000	0.0370	0.0310	0.0060	0.0076	0.0069	0.0007	0.0294	0.0241	0.0053	0.0689	0.0141	0.0548	0.0030	0.0028	0.0002	0.0659	0.0113	0.0546	37.0184	9.0731	0.0000	0.1923	0.2008	0.0000	inf	inf	0.0000	0.0003	0.0014	0.0000	0.0068	0.0072	0.0005	0.0000	0.0000	0.0000	
55	88	0.1074	3	1	1	0	0	0	0	0	0	N	N	N	N	N	N	N	N	N	N	N	N	0.0000	0.0000	0.0000	0.0000	0.0000	0.0000	0.0000	0.0000	0.0000	0.0000	0.0000	0.0000	0.0000	0.0000	0.0000	0.0000	0.0000	0.0000	0.0000	0.0000	0.9556	0.0000	1.0192	0.0000	0.0000	0.0000	0.0000	0.0000	0.0000	0.0000	0.0000	0.0000	0.0000	0.0000	0.0000	0.0000	0.0000	0.0000	0.0000	0.0000	0.0000	0.0000	0.0000	0.0000	0.0000	0.0000	0.0000	0.0000	0.0000	0.0000	0.0000	0.0000	0.0000	0.0000	0.0000	0.0000	0.0000	0.0000	0.0000	0.0000	0.0000	0.0000	0.0000	0.0000	0.0000	0.0000	0.0000	0.0000	0.0000	0.0000	0.0000	0.0000	0.0000	0.0000	0.0000	0.0000	0.0000	0.0000											
55	89	0.0531	2	0	1	0	0	0	0	0	0	N	N	N	N	N	N	N	N	N	N	N	N	17.8298	4.4886	0.0979	0.1010	inf	inf	0.0029	0.0035	0.0000	0.0004	0.0004	0.0000	0.0036	0.0043	0.0000	0.0002	0.0008	0.0000	0.0036	0.0039	0.0000	0.0000	0.0000	0.0000	0.0000	0.0000	-0.0002	-0.0000	0.9556	4.0000	1.0192	4.0001	0.0004	0.0004	0.0000	0.0000	0.0000	0.0000	0.0004	0.0004	0.0000	0.0000	0.0000	0.0000	0.0000	0.0000	0.0000	0.0000	0.0000	0.0000	0.1365	0.1152	0.0213	0.0281	0.0255	0.0026	0.1084	0.0898	0.0186	0.1217	0.0259	0.0958	0.0055	0.0051	0.0004	0.1162	0.0207	0.0955	17.8298	4.4886	0.0000	0.0979	0.1010	0.0000	inf	inf	0.0000	0.0002	0.0008	0.0000	0.0036	0.0039	0.0000	0.0000	0.0000	0.0000			
55	91	0.1986	4	0	0	0	0	0	0	0	0	N	N	N	N	N	N	N	N	N	N	N	N	3391.6467	1591.1028	0.0000	58.9151	60.7877	0.0000	17607.3613	6496.8437	0.0000	2.5819	2.9745	0.0000	0.2229	0.2408	0.0000	3.5498	4.2044	0.0000	0.0008	0.0019	0.0003	0.0038	0.0040	0.0010	0.0002	0.0006	0.0003	0.0000	0.3072	-0.3669	-0.0001	0.9556	11.5137	1.0192	4.9035	0.9519	0.9519	0.0000	0.0239	0.0239	0.0000	0.9280	0.9280	0.0000	0.0002	0.0001	0.0000	0.0001	0.0001	0.0000	0.0000	0.0000	0.0000	0.3687	0.3200	0.0487	0.1073	0.0993	0.0080	0.2614	0.2207	0.0407	0.2174	0.0677	0.1497	0.0340	0.0320	0.0020	0.1834	0.0358	0.1477	3391.6467	1591.1028	0.0000	58.9151	60.7877	0.0000	17607.3613	10297326.6117	0.0000	0.0008	0.0019	0.0003	0.0038	0.0040	0.0010	0.0002	0.0000	0.0003
56	58	0.1876	3	0	0	0	0	0	0	0	0	N	N	N	N	N	N	N	N	N	N	N	N	0.4857	0.0021	41215.6705	0.0986	0.0547	10.2040	0.4696	0.0012	2258563.6633	1.1330	0.0120	8.0444	0.0280	0.0162	0.2547	1.3049	0.0113	8.4368	2.3325	5.6990	0.0002	0.2842	0.2952	0.0250	2.7791	9.4819	0.0000	108.6447	0.0001	0.6074	-0.6597	3.0309	10.2575	3.0097	3.8960	1.0033	0.0092	0.9942	0.0033	0.0018	0.0015	1.0000	0.0073	0.9927	0.9816	0.9815	0.0001	0.0210	0.0209	0.0001	0.9606	0.9606	0.0000	0.8856	0.7620	0.1236	0.1193	0.1133	0.0059	0.7663	0.6486	0.1177	0.5650	0.1722	0.3927	0.0739	0.0709	0.0030	0.4910	0.1013	0.3897	0.6521	0.0021	41215.6705	0.0986	0.0547	10.2040	0.6670	0.0012	2258563.6633	1.7375	5.6990	0.0002	0.2842	0.2952	0.0250	1.9563	9.4819	0.0000
56	59	0.1616	2	1	1	1	0	0	0	0	0	N	N	N	N	N	N	N	N	N	N	N	N	0.0000	0.0000	0.0000	0.0000	0.0000	0.0000	0.0000	0.0000	0.0000	0.0000	0.0000	0.0000	0.0000	0.0000	0.0000	0.0000	0.0000	0.0000	0.0000	0.0000	3.0309	0.0000	3.0097	0.0000	0.0000	0.0000	0.0000	0.0000	0.0000	0.0000	0.0000	0.0000	0.0000	0.0000	0.0000	0.0000	0.0000	0.0000	0.0000	0.0000	0.0000	0.0000	0.0000	0.0000	0.0000	0.0000	0.0000	0.0000	0.0000	0.0000	0.0000	0.0000	0.0000	0.0000	0.0000	0.0000	0.0000	0.0000	0.0000	0.0000	0.0000	0.0000	0.0000	0.0000	0.0000	0.0000	0.0000	0.0000	0.0000	0.0000	0.0000	0.0000	0.0000	0.0000	0.0000	0.0000	0.0000	0.0000											
56	61	0.1245	2	1	0	1	0	0	0	0	0	N	N	N	N	N	N	N	N	N	N	N	N	0.0000	0.0000	0.0000	0.0000	0.0000	0.0000	0.0000	0.0000	0.0000	0.0000	0.0000	0.0000	0.0000	0.0000	0.0000	0.0000	0.0000	0.0000	0.0000	0.0000	3.0309	2.0000	3.0097	0.0000	0.0000	0.0000	0.0000	0.0000	0.0000	0.0000	0.0000	0.0000	0.0000	0.0000	0.0000	0.0000	0.0000	0.0000	0.0000	0.0000	0.0000	0.0000	0.1603	0.1324	0.0279	0.0127	0.0119	0.0009	0.1476	0.1205	0.0271	0.0661	0.0252	0.0409	0.0348	0.0168	0.0181	0.0313	0.0085	0.0228	0.0000	0.0000	0.0000	0.0000	0.0000	0.0000	0.0000	0.0000	0.0000	0.0000	0.0000	0.0000	0.0000	0.0000	0.0000	0.0000	0.0000	0.0000											
56	64	0.1487	4	0	0	1	0	0	0	0	0	N	N	N	N	N	N	N	N	N	N	N	N	0.0000	0.0000	0.0000	0.0000	0.0000	0.0000	0.0000	0.0000	0.0000	0.0000	0.0000	0.0000	0.0000	0.0000	0.0000	0.0000	0.0000	0.0000	0.0000	0.0000	3.0309	0.0000	3.0097	0.0000	0.0000	0.0000	0.0000	0.0000	0.0000	0.0000	0.0000	0.0000	0.0000	0.0000	0.0000	0.0000	0.0000	0.0000	0.0000	0.0000	0.0000	0.0000	0.0000	0.0000	0.0000	0.0000	0.0000	0.0000	0.0000	0.0000	0.0000	0.0000	0.0000	0.0000	0.0000	0.0000	0.0000	0.0000	0.0000	0.0000	0.0000	0.0000	0.0000	0.0000	0.0000	0.0000	0.0000	0.0000	0.0000	0.0000	0.0000	0.0000	0.0000	0.0000	0.0000	0.0000	0.0000	0.0000											
56	65	0.1244	3	0	0	1	0	0	0	0	0	N	N	N	N	N	N	N	N	N	N	N	N	0.0000	0.0000	0.0000	0.0000	0.0000	0.0000	0.0000	0.0000	0.0000	0.0000	0.0000	0.0000	0.0000	0.0002	0.0000	0.0003	0.0000	0.0000	0.0000	0.0003	0.0000	0.0003	inf	0.0000	0.0000	3.0309	0.8734	3.0097	1.0002	0.0000	0.0000	0.0000	0.0000	0.0000	0.0000	0.0000	0.0000	0.0000	0.0000	0.0000	0.0000	0.0000	0.0000	0.0000	0.0000	0.0000	0.0000	0.0765	0.0630	0.0135	0.0030	0.0029	0.0002	0.0735	0.0602	0.0133	0.0920	0.0156	0.0764	0.0215	0.0045	0.0170	0.0705	0.0112	0.0593	0.0000	0.0000	0.0000	0.0000	0.0000	0.0000	0.0000	0.0000	0.0000	0.0002	0.0000	0.0003	0.0000	0.0000	0.0000	0.0003	0.0000	0.0003						
56	66	0.1099	2	0	0	0	0	0	0	0	0	N	N	N	N	N	N	N	N	N	N	N	N	0.2716	0.0829	1.8445	0.8930	0.0000	0.0000	0.0006	0.0008	0.0000	0.0139	0.0146	0.0000	0.0000	0.0000	0.0000	0.0023	0.0092	0.0000	0.0076	0.0163	0.0000	0.0000	0.0098	0.0000	0.0000	0.0000	-0.0000	-0.0001	3.0309	1.0063	3.0097	0.0727	0.0001	0.0001	0.0000	0.0001	0.0001	0.0000	0.0000	0.0000	0.0000	0.0002	0.0002	0.0000	0.0002	0.0002	0.0000	0.0000	0.0000	0.0000	0.0892	0.0735	0.0157	0.0040	0.0038	0.0002	0.0852	0.0697	0.0155	0.0681	0.0171	0.0510	0.0208	0.0096	0.0112	0.0474	0.0075	0.0398	0.2716	0.0829	0.0000	1.8445	0.8930	0.0000	0.0000	0.0000	0.0000	0.0023	0.0092	0.0000	0.0076	0.0163	0.0000	0.0000	0.0000	0.0000			
56	72	0.0986	2	0	1	0	0	0	0	0	0	N	N	N	N	N	N	N	N	N	N	N	N	0.0134	277.1483	0.0000	1.0784	2.6830	0.0000	0.0126	inf	0.0000	0.0789	0.0937	0.0000	0.0012	0.0013	0.0000	0.0862	0.1037	0.0000	5.8666	0.0003	32.6587	0.0011	0.0005	1.3334	6.8448	0.0000	34.2626	0.0000	32170.9138	-0.0121	0.3255	3.0309	4.7764	3.0097	1.3205	0.0313	0.0313	0.0000	0.0000	0.0000	0.0000	0.0312	0.0312	0.0000	0.9930	0.0000	0.9929	0.0001	0.0000	0.0000	0.9929	0.0000	0.9929	0.3966	0.3337	0.0629	0.0342	0.0326	0.0016	0.3624	0.3011	0.0613	0.2292	0.0913	0.1379	0.0638	0.0638	0.0000	0.1654	0.0275	0.1379	0.0182	277.1483	0.0000	1.0784	2.6830	0.0000	0.0144	inf	0.0000	4.3324	0.0003	7.1981	0.0011	0.0005	1.3334	6.0036	0.0000	7.1994
56	74	0.1008	2	0	1	0	0	0	0	0	0	N	N	N	N	N	N	N	N	N	N	N	N	0.0000	0.0000	0.0000	0.0000	0.0000	0.0000	0.0000	0.0000	0.0000	0.0000	0.0000	0.0000	0.0000	0.0000	0.0000	0.0000	0.0000	0.0000	0.0000	0.0000	3.0309	0.0000	3.0097	0.0000	0.0000	0.0000	0.0000	0.0000	0.0000	0.0000	0.0000	0.0000	0.0000	0.0000	0.0000	0.0000	0.0000	0.0000	0.0000	0.0000	0.0000	0.0000	0.0000	0.0000	0.0000	0.0000	0.0000	0.0000	0.0000	0.0000	0.0000	0.0000	0.0000	0.0000	0.0000	0.0000	0.0000	0.0000	0.0000	0.0000	0.0000	0.0000	0.0000	0.0000	0.0000	0.0000	0.0000	0.0000	0.0000	0.0000	0.0000	0.0000	0.0000	0.0000	0.0000	0.0000	0.0000	0.0000											
56	76	0.1094	4	1	1	0	1	0	0	0	0	N	N	N	N	N	N	N	N	N	N	N	N	0.0000	0.0000	0.0000	0.0000	0.0000	0.0000	0.0000	0.0000	0.0000	0.0000	0.0000	0.0000	0.0000	0.0000	0.0000	0.0000	0.0000	0.0000	0.0000	0.0000	3.0309	0.0000	3.0097	0.0000	0.0000	0.0000	0.0000	0.0000	0.0000	0.0000	0.0000	0.0000	0.0000	0.0000	0.0000	0.0000	0.0000	0.0000	0.0000	0.0000	0.0000	0.0000	0.0000	0.0000	0.0000	0.0000	0.0000	0.0000	0.0000	0.0000	0.0000	0.0000	0.0000	0.0000	0.0000	0.0000	0.0000	0.0000	0.0000	0.0000	0.0000	0.0000	0.0000	0.0000	0.0000	0.0000	0.0000	0.0000	0.0000	0.0000	0.0000	0.0000	0.0000	0.0000	0.0000	0.0000	0.0000	0.0000											
56	77	0.1011	3	1	1	0	1	0	0	0	0	N	N	N	N	N	N	N	N	N	N	N	N	0.0000	0.0000	0.0000	0.0000	0.0000	0.0000	0.0000	0.0000	0.0000	0.0000	0.0000	0.0000	0.0000	0.0000	0.0000	0.0000	0.0000	0.0000	0.0000	0.0000	0.0000	0.0000	0.0370	0.0000	-0.0000	3.0309	1.0073	3.0097	0.3366	0.0000	0.0000	0.0000	0.0000	0.0000	0.0000	0.0000	0.0000	0.0000	0.0000	0.0000	0.0000	0.0000	0.0000	0.0000	0.0000	0.0000	0.0000	0.0885	0.0753	0.0133	0.0073	0.0066	0.0008	0.0812	0.0687	0.0125	0.0442	0.0161	0.0281	0.0055	0.0053	0.0002	0.0388	0.0108	0.0279	0.0000	0.0000	0.0000	0.0000	0.0000	0.0000	0.0000	0.0000	0.0000	0.0000	0.0000	0.0000	0.0000	0.0000	0.0000	0.0000	0.0000	0.0000						
56	78	0.1269	3	0	1	0	1	0	0	0	0	N	N	N	N	N	N	N	N	N	N	N	N	0.0000	0.0000	0.0000	0.0000	0.0000	0.0000	0.0000	0.0000	0.0000	0.0000	0.0000	0.0000	0.0000	0.0000	0.0000	0.0000	0.0000	0.0000	0.0000	0.0000	3.0309	0.0000	3.0097	0.0000	0.0000	0.0000	0.0000	0.0000	0.0000	0.0000	0.0000	0.0000	0.0000	0.0000	0.0000	0.0000	0.0000	0.0000	0.0000	0.0000	0.0000	0.0000	0.0000	0.0000	0.0000	0.0000	0.0000	0.0000	0.0000	0.0000	0.0000	0.0000	0.0000	0.0000	0.0000	0.0000	0.0000	0.0000	0.0000	0.0000	0.0000	0.0000	0.0000	0.0000	0.0000	0.0000	0.0000	0.0000	0.0000	0.0000	0.0000	0.0000	0.0000	0.0000	0.0000	0.0000	0.0000	0.0000											
56	79	0.1186	2	0	1	0	1	0	0	0	0	N	N	N	N	N	N	N	N	N	N	N	N	0.0000	0.0000	0.0000	0.0000	0.0000	0.0000	0.0000	0.0000	0.0000	0.0000	0.0000	0.0000	0.0000	0.0000	0.0000	0.0000	0.0000	0.0000	0.0000	0.0000	3.0309	0.0000	3.0097	1.0000	0.0000	0.0000	0.0000	0.0000	0.0000	0.0000	0.0000	0.0000	0.0000	0.0000	0.0000	0.0000	0.0000	0.0000	0.0000	0.0000	0.0000	0.0000	0.0000	0.0000	0.0000	0.0000	0.0000	0.0000	0.0000	0.0000	0.0000	0.0426	0.0131	0.0295	0.0147	0.0050	0.0097	0.0279	0.0081	0.0198	0.0000	0.0000	0.0000	0.0000	0.0000	0.0000	0.0000	0.0000	0.0000	0.0000	0.0000	0.0000	0.0000	0.0000	0.0000	0.0000	0.0000	0.0000											
56	80	0.1011	3	0	1	0	0	0	0	0	0	N	N	N	N	N	N	N	N	N	N	N	N	0.0000	0.0000	0.0000	0.0000	0.0000	0.0000	0.0000	0.0000	0.0000	0.0000	0.0000	0.0000	0.0000	0.0000	0.0000	0.0000	0.0000	0.0000	0.0000	0.0000	0.0000	0.0000	0.0370	0.0000	-0.0000	3.0309	3.9927	3.0097	1.0002	0.0000	0.0000	0.0000	0.0000	0.0000	0.0000	0.0000	0.0000	0.0000	0.0000	0.0000	0.0000	0.0000	0.0000	0.0000	0.0000	0.0000	0.0000	0.3246	0.2776	0.0470	0.0272	0.0243	0.0029	0.2975	0.2533	0.0441	0.1406	0.0501	0.0905	0.0135	0.0129	0.0006	0.1271	0.0373	0.0899	0.0000	0.0000	0.0000	0.0000	0.0000	0.0000	0.0000	0.0000	0.0000	0.0000	0.0000	0.0000	0.0000	0.0000	0.0000	0.0000	0.0000	0.0000						
56	81	0.0964	2	0	1	0	0	0	0	0	0	N	N	N	N	N	N	N	N	N	N	N	N	0.0000	0.0000	0.0000	0.0000	0.0000	0.0000	0.0000	0.0000	0.0000	0.0000	0.0000	0.0000	0.0000	0.0000	0.0000	0.0000	0.0000	0.0000	0.0000	0.0000	0.0000	0.0000	inf	0.0000	0.0000	3.0309	0.0110	3.0097	0.6549	0.0000	0.0000	0.0000	0.0000	0.0000	0.0000	0.0000	0.0000	0.0000	0.0000	0.0000	0.0000	0.0000	0.0000	0.0000	0.0000	0.0000	0.0000	0.0010	0.0008	0.0001	0.0001	0.0001	0.0000	0.0009	0.0008	0.0001	0.0203	0.0071	0.0132	0.0018	0.0017	0.0001	0.0186	0.0054	0.0131	0.0000	0.0000	0.0000	0.0000	0.0000	0.0000	0.0000	0.0000	0.0000	0.0000	0.0000	0.0000	0.0000	0.0000	0.0000	0.0000	0.0000	0.0000						
56	82	0.1186	2	0	0	1	1	0	0	0	0	N	N	N	N	N	N	N	N	N	N	N	N	0.0000	0.0000	0.0000	0.0000	0.0000	0.0000	0.0000	0.0000	0.0000	0.0000	0.0000	0.0000	0.0000	0.0000	0.0000	0.0000	0.0000	0.0000	0.0000	0.0000	3.0309	1.0000	3.0097	0.0000	0.0000	0.0000	0.0000	0.0000	0.0000	0.0000	0.0000	0.0000	0.0000	0.0000	0.0000	0.0000	0.0000	0.0000	0.0000	0.0000	0.0000	0.0000	0.0876	0.0743	0.0133	0.0029	0.0025	0.0004	0.0847	0.0718	0.0129	0.0426	0.0131	0.0295	0.0147	0.0050	0.0097	0.0279	0.0081	0.0198	0.0000	0.0000	0.0000	0.0000	0.0000	0.0000	0.0000	0.0000	0.0000	0.0000	0.0000	0.0000	0.0000	0.0000	0.0000	0.0000	0.0000	0.0000											
56	83	0.1186	2	0	0	1	1	0	0	0	0	N	N	N	N	N	N	N	N	N	N	N	N	0.0000	0.0000	0.0000	0.0000	0.0000	0.0000	0.0000	0.0000	0.0000	0.0000	0.0000	0.0000	0.0000	0.0000	0.0000	0.0000	0.0000	0.0000	0.0000	0.0000	3.0309	0.0000	3.0097	0.0000	0.0000	0.0000	0.0000	0.0000	0.0000	0.0000	0.0000	0.0000	0.0000	0.0000	0.0000	0.0000	0.0000	0.0000	0.0000	0.0000	0.0000	0.0000	0.0000	0.0000	0.0000	0.0000	0.0000	0.0000	0.0000	0.0000	0.0000	0.0000	0.0000	0.0000	0.0000	0.0000	0.0000	0.0000	0.0000	0.0000	0.0000	0.0000	0.0000	0.0000	0.0000	0.0000	0.0000	0.0000	0.0000	0.0000	0.0000	0.0000	0.0000	0.0000	0.0000	0.0000	0.0000	0.0000											
56	85	0.1796	2	1	1	0	0	0	0	0	0	N	N	N	N	N	N	N	N	N	N	N	N	0.0000	0.0000	0.0000	0.0000	0.0000	0.0000	0.0000	0.0000	0.0000	0.0000	0.0000	0.0000	0.0000	0.0000	0.0000	0.0000	0.0000	0.0000	0.0000	-0.0000	3.0309	0.0000	3.0097	0.0000	0.0000	0.0000	0.0000	0.0000	0.0000	0.0000	0.0000	0.0000	0.0000	0.0000	0.0000	0.0000	0.0000	0.0000	0.0000	0.0000	0.0000	0.0000	0.0000	0.0000	0.0000	0.0000	0.0000	0.0000	0.0000	0.0000	0.0000	0.0000	0.0000	0.0000	0.0000	0.0000	0.0000	0.0000	0.0000	0.0000	0.0000	0.0000	0.0000	0.0000	0.0000	0.0000	0.0000	0.0000	0.0000	0.0000	0.0000	0.0000	0.0000	0.0000	0.0000	0.0000	0.0000	0.0000											
56	88	0.0964	2	1	1	0	0	0	0	0	0	N	N	N	N	N	N	N	N	N	N	N	N	0.0000	0.0000	0.0000	0.0000	0.0000	0.0000	0.0000	0.0000	0.0000	0.0000	0.0000	0.0000	0.0000	0.0000	0.0000	0.0000	0.0000	0.0000	0.0000	0.0000	3.0309	0.0000	3.0097	0.0000	0.0000	0.0000	0.0000	0.0000	0.0000	0.0000	0.0000	0.0000	0.0000	0.0000	0.0000	0.0000	0.0000	0.0000	0.0000	0.0000	0.0000	0.0000	0.0000	0.0000	0.0000	0.0000	0.0000	0.0000	0.0000	0.0000	0.0000	0.0000	0.0000	0.0000	0.0000	0.0000	0.0000	0.0000	0.0000	0.0000	0.0000	0.0000	0.0000	0.0000	0.0000	0.0000	0.0000	0.0000	0.0000	0.0000	0.0000	0.0000	0.0000	0.0000	0.0000	0.0000	0.0000	0.0000											
56	91	0.1876	3	0	0	0	0	0	0	0	0	N	N	N	N	N	N	N	N	N	N	N	N	0.5950	0.0418	0.0000	0.1062	0.1071	0.0000	16490.7030	inf	0.0000	0.0492	0.0571	0.0000	0.0740	0.0779	0.0000	0.0456	0.0537	0.0000	0.0827	1.3679	0.0002	0.6964	0.7277	0.0238	0.0000	0.0000	0.0000	0.0000	0.0016	-0.0180	-0.0331	3.0309	11.5137	3.0097	4.9035	0.0468	0.0468	0.0000	0.0089	0.0089	0.0000	0.0378	0.0378	0.0000	0.0494	0.0493	0.0001	0.0494	0.0493	0.0001	0.0000	0.0000	0.0000	0.9507	0.8190	0.1316	0.1207	0.1146	0.0061	0.8299	0.7044	0.1255	0.5974	0.1784	0.4190	0.0709	0.0678	0.0032	0.5265	0.1106	0.4158	0.5950	0.2066	0.0000	0.1062	0.1071	0.0000	16490.7030	inf	0.0000	0.0827	0.2765	0.0002	0.6964	0.7277	0.0238	0.0000	0.0000	0.0000
57	58	0.2278	3	0	0	0	0	0	0	0	0	N	N	N	N	N	N	N	N	N	N	N	N	51.5055	4.1302	0.0000	28.5632	28.9587	0.0000	262860.2481	inf	0.0000	1.5792	1.8354	0.0000	6.6912	7.0411	0.0000	0.7837	0.9260	0.0000	0.0307	0.4444	0.0002	0.2343	0.2431	0.0251	0.0000	0.0000	0.0000	0.0000	0.0045	-0.5339	-0.0115	3.0000	10.2575	3.0006	3.8960	1.3852	1.3852	0.0000	0.7903	0.7903	0.0000	0.5949	0.5949	0.0000	0.0172	0.0171	0.0001	0.0172	0.0171	0.0001	0.0000	0.0000	0.0000	0.8772	0.7547	0.1225	0.1181	0.1122	0.0059	0.7591	0.6425	0.1166	0.5619	0.1713	0.3906	0.0735	0.0705	0.0030	0.4883	0.1007	0.3876	51.5055	18.3276	0.0000	28.5632	28.9587	0.0000	262860.2481	inf	0.0000	0.0307	0.1001	0.0002	0.2343	0.2431	0.0251	0.0000	0.0000	0.0000
57	59	0.2018	2	1	1	1	0	0	0	0	0	N	N	N	N	N	N	N	N	N	N	N	N	0.0000	0.0000	0.0000	0.0000	0.0000	0.0000	0.0000	0.0000	0.0000	0.0000	0.0000	0.0000	0.0000	0.0000	0.0000	0.0000	0.0000	0.0000	0.0000	0.0000	3.0000	0.0000	3.0006	0.0000	0.0000	0.0000	0.0000	0.0000	0.0000	0.0000	0.0000	0.0000	0.0000	0.0000	0.0000	0.0000	0.0000	0.0000	0.0000	0.0000	0.0000	0.0000	0.0000	0.0000	0.0000	0.0000	0.0000	0.0000	0.0000	0.0000	0.0000	0.0000	0.0000	0.0000	0.0000	0.0000	0.0000	0.0000	0.0000	0.0000	0.0000	0.0000	0.0000	0.0000	0.0000	0.0000	0.0000	0.0000	0.0000	0.0000	0.0000	0.0000	0.0000	0.0000	0.0000	0.0000	0.0000	0.0000											
57	61	0.1647	2	1	0	1	0	0	0	0	0	N	N	N	N	N	N	N	N	N	N	N	N	0.0000	0.0000	0.0000	0.0000	0.0000	0.0000	0.0000	0.0000	0.0000	0.0000	0.0000	0.0000	0.0000	0.0000	0.0000	0.0000	0.0000	0.0000	0.0000	0.0000	3.0000	2.0000	3.0006	0.0000	0.0000	0.0000	0.0000	0.0000	0.0000	0.0000	0.0000	0.0000	0.0000	0.0000	0.0000	0.0000	0.0000	0.0000	0.0000	0.0000	0.0000	0.0000	0.1588	0.1311	0.0277	0.0126	0.0118	0.0009	0.1462	0.1194	0.0268	0.0657	0.0251	0.0406	0.0347	0.0167	0.0180	0.0311	0.0084	0.0227	0.0000	0.0000	0.0000	0.0000	0.0000	0.0000	0.0000	0.0000	0.0000	0.0000	0.0000	0.0000	0.0000	0.0000	0.0000	0.0000	0.0000	0.0000											
57	64	0.1889	4	0	0	1	0	0	0	0	0	N	N	N	N	N	N	N	N	N	N	N	N	0.0000	0.0000	0.0000	0.0000	0.0000	0.0000	0.0000	0.0000	0.0000	0.0000	0.0000	0.0000	0.0000	0.0000	0.0000	0.0000	0.0000	0.0000	0.0000	0.0000	3.0000	0.0000	3.0006	0.0000	0.0000	0.0000	0.0000	0.0000	0.0000	0.0000	0.0000	0.0000	0.0000	0.0000	0.0000	0.0000	0.0000	0.0000	0.0000	0.0000	0.0000	0.0000	0.0000	0.0000	0.0000	0.0000	0.0000	0.0000	0.0000	0.0000	0.0000	0.0000	0.0000	0.0000	0.0000	0.0000	0.0000	0.0000	0.0000	0.0000	0.0000	0.0000	0.0000	0.0000	0.0000	0.0000	0.0000	0.0000	0.0000	0.0000	0.0000	0.0000	0.0000	0.0000	0.0000	0.0000	0.0000	0.0000											
57	65	0.1646	3	0	0	1	0	0	0	0	0	N	N	N	N	N	N	N	N	N	N	N	N	0.0000	0.0000	0.0000	0.0000	0.0000	0.0000	0.0000	0.0000	0.0000	0.0000	0.0000	0.0000	0.0000	0.0000	0.0000	0.0000	0.0000	0.0000	0.0000	0.0000	3.0000	0.8734	3.0006	1.0002	0.0000	0.0000	0.0000	0.0000	0.0000	0.0000	0.0000	0.0000	0.0000	0.0000	0.0000	0.0000	0.0000	0.0000	0.0000	0.0000	0.0000	0.0000	0.0758	0.0624	0.0134	0.0030	0.0028	0.0002	0.0728	0.0596	0.0132	0.0915	0.0156	0.0760	0.0214	0.0044	0.0170	0.0701	0.0111	0.0590	0.0000	0.0000	0.0000	0.0000	0.0000	0.0000	0.0000	0.0000	0.0000	0.0000	0.0000	0.0000	0.0000	0.0000	0.0000	0.0000	0.0000	0.0000											
57	66	0.1500	2	0	0	0	0	0	0	0	0	N	N	N	N	N	N	N	N	N	N	N	N	0.4194	0.1280	2.8430	1.3761	0.0010	0.0012	0.0000	0.0227	0.0237	0.0000	0.0000	0.0000	0.0000	0.0024	0.0097	0.0000	0.0080	0.0173	0.0000	0.0000	0.0000	0.0000	0.0000	0.0000	-0.0000	-0.0001	3.0000	1.0063	3.0006	0.0727	0.0001	0.0001	0.0000	0.0001	0.0001	0.0000	0.0000	0.0000	0.0000	0.0002	0.0002	0.0000	0.0002	0.0002	0.0000	0.0000	0.0000	0.0000	0.0883	0.0728	0.0155	0.0040	0.0038	0.0002	0.0844	0.0690	0.0154	0.0678	0.0170	0.0507	0.0206	0.0095	0.0111	0.0471	0.0075	0.0396	0.4194	0.1280	0.0000	2.8430	1.3761	0.0000	0.0000	0.0000	0.0000	0.0024	0.0097	0.0000	0.0080	0.0173	0.0000	0.0000	0.0000	0.0000					
57	72	0.1388	2	0	1	0	0	0	0	0	0	N	N	N	N	N	N	N	N	N	N	N	N	0.0000	0.0000	0.0000	0.0000	0.0000	0.0000	0.0000	0.0000	0.0000	0.0000	0.0000	0.0000	0.0000	0.0000	0.0000	0.0000	0.0000	1.3774	0.0002	0.8006	0.0004	0.0003	0.0738	1.3603	0.0000	0.8007	5491.6179	0.0000	0.0360	3.0000	4.7764	3.0006	1.3205	0.0000	0.0000	0.0000	0.0000	0.0000	0.0000	0.0000	0.0000	0.0000	0.1099	0.0000	0.1098	0.0000	0.0000	0.0000	0.1098	0.0000	0.1098	0.3928	0.3305	0.0624	0.0339	0.0323	0.0016	0.3590	0.2982	0.0607	0.2280	0.0908	0.1372	0.0635	0.0635	0.0000	0.1645	0.0273	0.1372	0.0000	0.0000	0.0000	0.0000	0.0000	0.0000	0.0000	0.0000	0.0000	0.4819	0.0002	0.8006	0.0004	0.0003	0.0738	0.6678	0.0000	0.8007		
57	74	0.1410	2	0	1	0	0	0	0	0	0	N	N	N	N	N	N	N	N	N	N	N	N	0.0000	0.0000	0.0000	0.0000	0.0000	0.0000	0.0000	0.0000	0.0000	0.0000	0.0000	0.0000	0.0000	0.0000	0.0000	0.0000	0.0000	0.0000	0.0000	0.0000	3.0000	0.0000	3.0006	0.0000	0.0000	0.0000	0.0000	0.0000	0.0000	0.0000	0.0000	0.0000	0.0000	0.0000	0.0000	0.0000	0.0000	0.0000	0.0000	0.0000	0.0000	0.0000	0.0000	0.0000	0.0000	0.0000	0.0000	0.0000	0.0000	0.0000	0.0000	0.0000	0.0000	0.0000	0.0000	0.0000	0.0000	0.0000	0.0000	0.0000	0.0000	0.0000	0.0000	0.0000	0.0000	0.0000	0.0000	0.0000	0.0000	0.0000	0.0000	0.0000	0.0000	0.0000	0.0000	0.0000	0.0000	0.0000											
57	76	0.1496	4	1	1	0	1	0	0	0	0	N	N	N	N	N	N	N	N	N	N	N	N	0.0000	0.0000	0.0000	0.0000	0.0000	0.0000	0.0000	0.0000	0.0000	0.0000	0.0000	0.0000	0.0000	0.0000	0.0000	0.0000	0.0000	0.0000	0.0000	0.0000	3.0000	0.0000	3.0006	0.0000	0.0000	0.0000	0.0000	0.0000	0.0000	0.0000	0.0000	0.0000	0.0000	0.0000	0.0000	0.0000	0.0000	0.0000	0.0000	0.0000	0.0000	0.0000	0.0000	0.0000	0.0000	0.0000	0.0000	0.0000	0.0000	0.0000	0.0000	0.0000	0.0000	0.0000	0.0000	0.0000	0.0000	0.0000	0.0000	0.0000	0.0000	0.0000	0.0000	0.0000	0.0000	0.0000	0.0000	0.0000	0.0000	0.0000	0.0000	0.0000	0.0000	0.0000	0.0000	0.0000	0.0000	0.0000											
57	77	0.1413	3	1	1	0	1	0	0	0	0	N	N	N	N	N	N	N	N	N	N	N	N	0.0000	0.0000	0.0000	0.0000	0.0000	0.0000	0.0000	0.0000	0.0000	0.0000	0.0000	0.0000	0.0000	0.0005	0.0000	0.0007	0.0000	0.0000	0.0000	0.0005	0.0000	0.0007	inf	0.0000	0.0000	3.0000	1.0073	3.0006	0.3366	0.0000	0.0000	0.0000	0.0000	0.0000	0.0000	0.0000	0.0000	0.0000	0.0000	0.0000	0.0000	0.0000	0.0000	0.0000	0.0000	0.0000	0.0000	0.0877	0.0745	0.0132	0.0073	0.0065	0.0008	0.0804	0.0680	0.0124	0.0440	0.0160	0.0279	0.0054	0.0053	0.0002	0.0385	0.0108	0.0278	0.0000	0.0000	0.0000	0.0000	0.0000	0.0000	0.0000	0.0000	0.0000	0.0005	0.0000	0.0007	0.0000	0.0000	0.0000	0.0005	0.0000	0.0007						
57	78	0.1671	3	0	1	0	1	0	0	0	0	N	N	N	N	N	N	N	N	N	N	N	N	0.0000	0.0000	0.0000	0.0000	0.0000	0.0000	0.0000	0.0000	0.0000	0.0000	0.0000	0.0000	0.0000	0.0000	0.0000	0.0000	0.0000	0.0000	0.0000	0.0000	3.0000	0.0000	3.0006	0.0000	0.0000	0.0000	0.0000	0.0000	0.0000	0.0000	0.0000	0.0000	0.0000	0.0000	0.0000	0.0000	0.0000	0.0000	0.0000	0.0000	0.0000	0.0000	0.0000	0.0000	0.0000	0.0000	0.0000	0.0000	0.0000	0.0000	0.0000	0.0000	0.0000	0.0000	0.0000	0.0000	0.0000	0.0000	0.0000	0.0000	0.0000	0.0000	0.0000	0.0000	0.0000	0.0000	0.0000	0.0000	0.0000	0.0000	0.0000	0.0000	0.0000	0.0000	0.0000	0.0000	0.0000	0.0000											
57	79	0.1588	2	0	1	0	1	0	0	0	0	N	N	N	N	N	N	N	N	N	N	N	N	0.0000	0.0000	0.0000	0.0000	0.0000	0.0000	0.0000	0.0000	0.0000	0.0000	0.0000	0.0000	0.0000	0.0000	0.0000	0.0000	0.0000	0.0000	0.0000	0.0000	3.0000	0.0000	3.0006	1.0000	0.0000	0.0000	0.0000	0.0000	0.0000	0.0000	0.0000	0.0000	0.0000	0.0000	0.0000	0.0000	0.0000	0.0000	0.0000	0.0000	0.0000	0.0000	0.0000	0.0000	0.0000	0.0000	0.0000	0.0000	0.0000	0.0000	0.0000	0.0424	0.0130	0.0293	0.0147	0.0050	0.0097	0.0277	0.0081	0.0197	0.0000	0.0000	0.0000	0.0000	0.0000	0.0000	0.0000	0.0000	0.0000	0.0000	0.0000	0.0000	0.0000	0.0000	0.0000	0.0000	0.0000	0.0000											
57	80	0.1413	3	0	1	0	0	0	0	0	0	N	N	N	N	N	N	N	N	N	N	N	N	0.0000	0.0000	0.0000	0.0000	0.0000	0.0000	0.0000	0.0000	0.0000	0.0000	0.0000	0.0000	0.0000	0.0001	0.0000	0.0002	0.0000	0.0000	0.0000	0.0002	0.0000	0.0002	inf	0.0000	0.0000	3.0000	3.9927	3.0006	1.0002	0.0000	0.0000	0.0000	0.0000	0.0000	0.0000	0.0000	0.0000	0.0000	0.0000	0.0000	0.0000	0.0000	0.0000	0.0000	0.0000	0.0000	0.0000	0.3216	0.2750	0.0466	0.0269	0.0240	0.0029	0.2947	0.2509	0.0437	0.1398	0.0498	0.0900	0.0134	0.0128	0.0006	0.1264	0.0370	0.0893	0.0000	0.0000	0.0000	0.0000	0.0000	0.0000	0.0000	0.0000	0.0000	0.0001	0.0000	0.0002	0.0000	0.0000	0.0000	0.0002	0.0000	0.0002						
57	81	0.1366	2	0	1	0	0	0	0	0	0	N	N	N	N	N	N	N	N	N	N	N	N	0.0000	0.0000	0.0000	0.0000	0.0000	0.0000	0.0000	0.0000	0.0000	0.0000	0.0000	0.0000	0.0000	0.0010	0.0028	0.0000	0.0112	0.0118	0.0000	0.0000	0.0000	0.0000	0.0000	0.0000	-0.0000	3.0000	0.0110	3.0006	0.6549	0.0000	0.0000	0.0000	0.0000	0.0000	0.0000	0.0000	0.0000	0.0000	0.0000	0.0000	0.0000	0.0000	0.0000	0.0000	0.0000	0.0000	0.0000	0.0010	0.0008	0.0001	0.0001	0.0001	0.0000	0.0009	0.0008	0.0001	0.0202	0.0071	0.0131	0.0018	0.0017	0.0001	0.0185	0.0054	0.0130	0.0000	0.0000	0.0000	0.0000	0.0000	0.0000	0.0000	0.0000	0.0000	0.0010	0.0028	0.0000	0.0112	0.0118	0.0000	0.0000	0.0000	0.0000						
57	82	0.1588	2	0	0	1	1	0	0	0	0	N	N	N	N	N	N	N	N	N	N	N	N	0.0000	0.0000	0.0000	0.0000	0.0000	0.0000	0.0000	0.0000	0.0000	0.0000	0.0000	0.0000	0.0000	0.0000	0.0000	0.0000	0.0000	0.0000	0.0000	0.0000	3.0000	1.0000	3.0006	0.0000	0.0000	0.0000	0.0000	0.0000	0.0000	0.0000	0.0000	0.0000	0.0000	0.0000	0.0000	0.0000	0.0000	0.0000	0.0000	0.0000	0.0000	0.0000	0.0868	0.0736	0.0132	0.0028	0.0024	0.0004	0.0839	0.0712	0.0127	0.0424	0.0130	0.0293	0.0147	0.0050	0.0097	0.0277	0.0081	0.0197	0.0000	0.0000	0.0000	0.0000	0.0000	0.0000	0.0000	0.0000	0.0000	0.0000	0.0000	0.0000	0.0000	0.0000	0.0000	0.0000	0.0000	0.0000											
57	83	0.1588	2	0	0	1	1	0	0	0	0	N	N	N	N	N	N	N	N	N	N	N	N	0.0000	0.0000	0.0000	0.0000	0.0000	0.0000	0.0000	0.0000	0.0000	0.0000	0.0000	0.0000	0.0000	0.0000	0.0000	0.0000	0.0000	0.0000	0.0000	0.0000	3.0000	0.0000	3.0006	0.0000	0.0000	0.0000	0.0000	0.0000	0.0000	0.0000	0.0000	0.0000	0.0000	0.0000	0.0000	0.0000	0.0000	0.0000	0.0000	0.0000	0.0000	0.0000	0.0000	0.0000	0.0000	0.0000	0.0000	0.0000	0.0000	0.0000	0.0000	0.0000	0.0000	0.0000	0.0000	0.0000	0.0000	0.0000	0.0000	0.0000	0.0000	0.0000	0.0000	0.0000	0.0000	0.0000	0.0000	0.0000	0.0000	0.0000	0.0000	0.0000	0.0000	0.0000	0.0000	0.0000	0.0000	0.0000											
57	85	0.2198	2	1	1	0	0	0	0	0	0	N	N	N	N	N	N	N	N	N	N	N	N	0.0000	0.0000	0.0000	0.0000	0.0000	0.0000	0.0000	0.0000	0.0000	0.0000	0.0000	0.0000	0.0000	0.0000	0.0000	0.0000	0.0000	0.0000	0.0000	0.0000	3.0000	0.0000	3.0006	0.0000	0.0000	0.0000	0.0000	0.0000	0.0000	0.0000	0.0000	0.0000	0.0000	0.0000	0.0000	0.0000	0.0000	0.0000	0.0000	0.0000	0.0000	0.0000	0.0000	0.0000	0.0000	0.0000	0.0000	0.0000	0.0000	0.0000	0.0000	0.0000	0.0000	0.0000	0.0000	0.0000	0.0000	0.0000	0.0000	0.0000	0.0000	0.0000	0.0000	0.0000	0.0000	0.0000	0.0000	0.0000	0.0000	0.0000	0.0000	0.0000	0.0000	0.0000	0.0000	0.0000	0.0000	0.0000											
57	88	0.1366	2	1	1	0	0	0	0	0	0	N	N	N	N	N	N	N	N	N	N	N	N	0.0000	0.0000	0.0000	0.0000	0.0000	0.0000	0.0000	0.0000	0.0000	0.0000	0.0000	0.0000	0.0000	0.0000	0.0000	0.0000	0.0000	0.0000	0.0000	0.0000	3.0000	0.0000	3.0006	0.0000	0.0000	0.0000	0.0000	0.0000	0.0000	0.0000	0.0000	0.0000	0.0000	0.0000	0.0000	0.0000	0.0000	0.0000	0.0000	0.0000	0.0000	0.0000	0.0000	0.0000	0.0000	0.0000	0.0000	0.0000	0.0000	0.0000	0.0000	0.0000	0.0000	0.0000	0.0000	0.0000	0.0000	0.0000	0.0000	0.0000	0.0000	0.0000	0.0000	0.0000	0.0000	0.0000	0.0000	0.0000	0.0000	0.0000	0.0000	0.0000	0.0000	0.0000	0.0000	0.0000	0.0000	0.0000											
57	91	0.2278	3	0	0	0	0	0	0	0	0	N	N	N	N	N	N	N	N	N	N	N	N	43.2610	1.2383	32382.0177	20.8137	11.7278	1913.4530	260236.4698	inf	1137855.5297	1.3009	0.5522	5.9573	5.2698	3.0944	45.8764	0.7237	0.1387	4.0058	0.0301	0.4459	0.0002	0.2532	0.2639	0.0240	0.0000	0.0000	0.0000	1.7347	0.0043	0.3049	-0.0119	3.0000	11.5137	3.0006	4.9035	1.2250	0.4479	0.7771	0.6301	0.3512	0.2789	0.5949	0.0968	0.4981	0.0179	0.0178	0.0001	0.0179	0.0178	0.0001	0.0000	0.0000	0.0000	0.9416	0.8112	0.1304	0.1196	0.1135	0.0061	0.8221	0.6977	0.1244	0.5941	0.1774	0.4167	0.0706	0.0674	0.0031	0.5236	0.1100	0.4136	43.2610	5.5072	32382.0177	20.8137	11.7278	1913.4530	260236.4698	inf	1137855.5297	0.0301	0.1003	0.0002	0.2532	0.2639	0.0240	0.0000	0.0000	0.0000
58	59	0.4239	4	1	1	1	0	0	0	0	0	N	N	N	N	N	N	N	N	N	N	N	N	0.0000	0.0000	0.0000	0.0000	0.0000	0.0000	0.0000	0.0000	0.0000	0.0000	0.0000	0.0000	0.0000	0.0000	0.0000	0.0000	0.0000	0.0000	0.0000	0.0000	10.2575	0.0000	3.8960	0.0000	0.0000	0.0000	0.0000	0.0000	0.0000	0.0000	0.0000	0.0000	0.0000	0.0000	0.0000	0.0000	0.0000	0.0000	0.0000	0.0000	0.0000	0.0000	0.0000	0.0000	0.0000	0.0000	0.0000	0.0000	0.0000	0.0000	0.0000	0.0000	0.0000	0.0000	0.0000	0.0000	0.0000	0.0000	0.0000	0.0000	0.0000	0.0000	0.0000	0.0000	0.0000	0.0000	0.0000	0.0000	0.0000	0.0000	0.0000	0.0000	0.0000	0.0000	0.0000	0.0000	0.0000	0.0000											
58	60	0.3043	3	1	0	1	0	0	0	0	0	N	N	N	N	N	N	N	N	N	N	N	N	1.5893	0.4757	0.9236	0.8818	inf	inf	0.9389	1.0834	0.0000	2.6067	2.7417	0.0000	0.6702	0.7857	0.0000	0.5908	2.2777	0.0000	2.8223	3.1091	0.0000	0.0000	0.0000	0.0000	0.0000	0.0000	-0.6759	-0.1646	10.2575	7.0000	3.8960	3.9994	1.7535	1.7535	0.0000	0.6754	0.6754	0.0000	1.0781	1.0781	0.0000	0.2450	0.2450	0.0000	0.2450	0.2450	0.0000	0.0000	0.0000	0.0000	1.8676	1.6185	0.2491	0.2591	0.2464	0.0128	1.6085	1.3721	0.2364	0.8947	0.2787	0.6160	0.1163	0.1117	0.0047	0.7783	0.1670	0.6113	3.4292	1.2326	0.0000	1.2378	1.2498	0.0000	inf	inf	0.0000	0.2738	0.8790	0.0000	2.1058	2.1937	0.0000	0.0000	0.0000	0.0000			
58	61	0.3868	4	1	0	1	0	0	0	0	0	N	N	N	N	N	N	N	N	N	N	N	N	0.0000	0.0000	0.0000	0.0000	0.0000	0.0000	0.0000	0.0000	0.0000	0.0000	0.0000	0.0000	0.0000	0.0000	0.0000	0.0000	0.0000	0.0000	0.0000	0.0000	10.2575	2.0000	3.8960	0.0000	0.0000	0.0000	0.0000	0.0000	0.0000	0.0000	0.0000	0.0000	0.0000	0.0000	0.0000	0.0000	0.0000	0.0000	0.0000	0.0000	0.0000	0.0000	0.5258	0.4487	0.0771	0.1108	0.1020	0.0088	0.4150	0.3467	0.0683	0.1526	0.0688	0.0838	0.0840	0.0508	0.0332	0.0685	0.0180	0.0506	0.0000	0.0000	0.0000	0.0000	0.0000	0.0000	0.0000	0.0000	0.0000	0.0000	0.0000	0.0000	0.0000	0.0000	0.0000	0.0000	0.0000	0.0000											
58	62	0.3043	3	1	0	1	0	0	0	0	0	N	N	N	N	N	N	N	N	N	N	N	N	1.3575	0.5340	1.0000	0.8764	inf	inf	1.4582	1.6916	0.0000	3.7909	3.9886	0.0000	1.0919	1.2875	0.0000	1.0742	3.1678	0.0000	3.7910	4.5509	0.0000	0.0000	0.0000	0.0000	0.0000	0.0000	-0.6421	-0.1646	10.2575	4.0000	3.8960	3.9994	1.6657	1.6657	0.0000	0.5876	0.5876	0.0000	1.0781	1.0781	0.0000	0.2450	0.2450	0.0000	0.2450	0.2450	0.0000	0.0000	0.0000	0.0000	1.1423	0.9847	0.1576	0.1550	0.1473	0.0077	0.9873	0.8374	0.1499	0.7073	0.2175	0.4898	0.0923	0.0886	0.0037	0.6150	0.1289	0.4861	4.2103	1.5018	0.0000	1.4283	1.4421	0.0000	inf	inf	0.0000	0.3463	1.1264	0.0000	2.6541	2.7659	0.0000	0.0000	0.0000	0.0000			
58	63	0.3043	3	0	1	0	0	0	0	0	0	N	N	N	N	N	N	N	N	N	N	N	N	0.4704	0.9098	0.1442	3.8701	4.0409	0.0782	0.3085	inf	0.1499	0.8489	0.9450	0.2250	2.0664	2.1716	0.0353	0.6528	0.7247	0.2353	1.8046	1.0386	1.5607	0.5339	0.5374	0.4508	2.1158	0.0000	1.5692	0.0367	16.0208	-0.5551	0.2749	10.2575	7.0000	3.8960	4.0000	1.5855	1.5294	0.0561	0.5354	0.5350	0.0005	1.0500	0.9944	0.0556	1.0214	0.0600	0.9614	0.0621	0.0600	0.0021	0.9593	0.0000	0.9593	1.8676	1.6185	0.2491	0.2591	0.2464	0.0128	1.6085	1.3721	0.2364	0.8947	0.2787	0.6160	0.1163	0.1117	0.0047	0.7784	0.1670	0.6113	0.7436	4.3885	0.1442	3.8701	4.0409	0.0782	0.5297	inf	0.1499	1.1416	0.2153	1.5607	0.5339	0.5374	0.4508	1.2325	0.0000	1.5692
58	64	0.4110	6	0	0	1	0	0	0	0	0	N	N	N	N	N	N	N	N	N	N	N	N	0.0000	0.0000	0.0000	0.0000	0.0000	0.0000	0.0000	0.0000	0.0000	0.0000	0.0000	0.0000	0.0000	0.0000	0.0000	0.0000	0.0000	0.0000	0.0000	0.0000	10.2575	0.0000	3.8960	0.0000	0.0000	0.0000	0.0000	0.0000	0.0000	0.0000	0.0000	0.0000	0.0000	0.0000	0.0000	0.0000	0.0000	0.0000	0.0000	0.0000	0.0000	0.0000	0.0000	0.0000	0.0000	0.0000	0.0000	0.0000	0.0000	0.0000	0.0000	0.0000	0.0000	0.0000	0.0000	0.0000	0.0000	0.0000	0.0000	0.0000	0.0000	0.0000	0.0000	0.0000	0.0000	0.0000	0.0000	0.0000	0.0000	0.0000	0.0000	0.0000	0.0000	0.0000	0.0000	0.0000	0.0000	0.0000											
58	65	0.3867	5	0	0	1	0	0	0	0	0	N	N	N	N	N	N	N	N	N	N	N	N	0.0016	0.0001	inf	0.0033	0.0018	inf	0.0002	0.0002	0.0000	0.0011	0.0012	0.0000	0.0000	0.0000	0.0000	0.1086	1.5265	0.0000	0.3348	0.6499	0.0000	0.0000	0.0000	0.0000	0.0001	0.0000	-0.0000	-0.0145	10.2575	0.8734	3.8960	1.0002	0.0000	0.0000	0.0000	0.0000	0.0000	0.0000	0.0000	0.0000	0.0000	0.0216	0.0216	0.0000	0.0216	0.0216	0.0000	0.0000	0.0000	0.0000	0.2554	0.2180	0.0375	0.0396	0.0370	0.0026	0.2158	0.1810	0.0349	0.1993	0.0580	0.1413	0.0646	0.0333	0.0313	0.1347	0.0247	0.1100	0.0016	0.0005	inf	0.0033	0.0018	inf	0.0000	0.0000	0.0000	0.1086	0.3732	0.0000	0.3348	0.6499	0.0000	0.0000	0.0000	0.0000			
58	66	0.3721	4	0	0	0	0	0	0	0	0	N	N	N	N	N	N	N	N	N	N	N	N	0.2233	0.2594	0.2195	1.1889	2.0250	0.5907	0.0985	0.0013	0.1913	0.0055	0.0054	0.0058	0.0182	0.0184	0.0157	0.0030	0.0026	0.0051	0.0245	0.0209	0.0265	0.0153	0.0091	0.0265	0.0302	2.0039	0.0265	0.1846	2.2996	-0.0004	0.0001	10.2575	1.0063	3.8960	0.0727	0.0016	0.0014	0.0003	0.0009	0.0008	0.0000	0.0007	0.0005	0.0002	0.0037	0.0011	0.0026	0.0009	0.0003	0.0006	0.0028	0.0008	0.0021	0.2999	0.2560	0.0439	0.0492	0.0461	0.0031	0.2507	0.2099	0.0408	0.1525	0.0543	0.0982	0.0581	0.0373	0.0208	0.0944	0.0170	0.0774	0.2233	0.2594	0.2195	1.1889	2.0250	0.5907	0.0985	0.0548	0.1913	0.0245	0.0209	0.0265	0.0153	0.0091	0.0265	0.0302	0.0467	0.0265
58	67	0.3043	3	0	0	0	0	0	0	0	0	N	N	N	N	N	N	N	N	N	N	N	N	1.9005	0.6443	749129.0528	1.1341	1.0999	968.3527	37470641.0163	3307.7617	40816507.1928	1.3771	1.5408	0.3544	3.3800	3.5533	0.0584	1.0627	1.1868	0.3696	0.7246	2.3916	0.0000	2.9804	3.2306	0.0001	0.0000	0.0004	0.0000	0.0368	0.0000	-0.5506	-0.0941	10.2575	4.0009	3.8960	1.0789	1.5734	1.5176	0.0559	0.5240	0.5236	0.0004	1.0494	0.9940	0.0554	0.1401	0.1401	0.0000	0.1401	0.1401	0.0000	0.0000	0.0000	0.0000	1.1425	0.9849	0.1577	0.1550	0.1474	0.0077	0.9875	0.8375	0.1500	0.4886	0.1483	0.3403	0.0640	0.0614	0.0026	0.4246	0.0869	0.3377	4.8043	1.6319	749129.0528	1.5456	1.5583	968.3527	37470641.0163	11481999.0270	40816507.1928	0.2866	0.9442	0.0000	2.1869	2.2802	0.0001	0.0000	0.0000	0.0000
58	68	0.3043	3	0	1	0	0	0	0	0	0	N	N	N	N	N	N	N	N	N	N	N	N	0.0108	0.0040	0.0217	0.0205	0.0096	0.0111	0.0000	0.0699	0.0735	0.0000	0.0000	0.0000	0.0000	0.8869	2.7885	0.0000	3.2266	3.5874	0.0000	0.0000	0.0000	0.0000	0.0000	0.0000	-0.0051	-0.1601	10.2575	5.0000	3.8960	3.9994	0.0133	0.0133	0.0000	0.0133	0.0133	0.0000	0.0000	0.0000	0.0000	0.2383	0.2383	0.0000	0.2383	0.2383	0.0000	0.0000	0.0000	0.0000	1.3953	1.2049	0.1903	0.1908	0.1813	0.0094	1.2045	1.0236	0.1809	0.7736	0.2389	0.5347	0.1008	0.0968	0.0041	0.6728	0.1421	0.5306	0.0310	0.0111	0.0000	0.0296	0.0299	0.0000	0.0000	0.0000	0.0000	0.3080	0.9973	0.0000	2.3632	2.4624	0.0000	0.0000	0.0000	0.0000					
58	69	0.3043	3	1	0	1	0	0	0	0	0	N	N	N	N	N	N	N	N	N	N	N	N	0.3363	0.0409	0.2714	0.2505	inf	inf	0.0616	0.0711	0.0000	0.3821	0.4019	0.0000	0.0100	0.0117	0.0000	0.1833	1.7382	0.0000	1.4079	1.6044	0.0000	0.0000	0.0000	0.0000	0.0000	0.0000	-0.0444	-0.1030	10.2575	7.0000	3.8960	2.9994	0.1151	0.1151	0.0000	0.0990	0.0990	0.0000	0.0161	0.0161	0.0000	0.1532	0.1532	0.0000	0.1532	0.1532	0.0000	0.0000	0.0000	0.0000	1.8676	1.6185	0.2491	0.2591	0.2464	0.0128	1.6085	1.3721	0.2364	0.8360	0.2593	0.5767	0.1088	0.1044	0.0044	0.7272	0.1548	0.5723	0.3363	0.1204	0.0000	0.2714	0.2740	0.0000	inf	inf	0.0000	0.1833	0.5909	0.0000	1.4079	1.4668	0.0000	0.0000	0.0000	0.0000			
58	70	0.3043	3	0	1	0	1	0	0	0	0	N	N	N	N	N	N	N	N	N	N	N	N	0.1016	0.0236	0.0000	0.0976	0.0989	0.0000	0.0000	0.0000	0.0023	0.0027	0.0000	0.0170	0.0179	0.0000	0.0000	0.0000	0.0000	0.0227	0.1133	0.0001	0.1739	0.1804	0.0185	0.0000	0.0000	0.0000	0.0000	0.0044	-0.0010	-0.0117	10.2575	4.0000	3.8960	5.0006	0.0026	0.0026	0.0000	0.0026	0.0026	0.0000	0.0000	0.0000	0.0000	0.0175	0.0175	0.0001	0.0175	0.0175	0.0001	0.0000	0.0000	0.0000	1.1423	0.9847	0.1576	0.1550	0.1473	0.0077	0.9873	0.8374	0.1499	0.7737	0.2389	0.5348	0.1008	0.0968	0.0041	0.6728	0.1422	0.5307	0.1016	0.0365	0.0000	0.0976	0.0989	0.0000	0.0000	0.0000	0.0000	0.0227	0.0731	0.0001	0.1739	0.1804	0.0185	0.0000	0.0000	0.0000	
58	71	0.3043	3	0	1	0	0	0	0	0	0	N	N	N	N	N	N	N	N	N	N	N	N	6.0745	0.3365	inf	1.0407	1.0508	inf	inf	inf	inf	1.0330	0.5765	3.9985	1.3627	1.4331	0.0031	0.9798	0.4227	4.2143	0.1701	1.7130	0.0000	1.3093	1.3638	0.0000	0.0000	0.0000	0.0000	1.0677	0.0000	0.2526	-0.1086	10.2575	7.0000	3.8960	4.9994	1.9292	0.9330	0.9962	0.3531	0.3531	0.0000	1.5761	0.5799	0.9962	0.1615	0.1615	0.0000	0.1615	0.1615	0.0000	0.0000	0.0000	0.0000	1.8676	1.6185	0.2491	0.2591	0.2464	0.0128	1.6085	1.3721	0.2364	0.9499	0.2971	0.6527	0.1234	0.1184	0.0049	0.8265	0.1787	0.6478	6.0745	1.0605	inf	1.0407	1.0508	inf	inf	inf	inf	0.1701	0.5436	0.0000	1.3093	1.3638	0.0000	0.0000	0.0000	0.0000
58	72	0.3609	4	0	1	0	0	0	0	0	0	N	N	N	N	N	N	N	N	N	N	N	N	0.3618	0.2065	0.0011	9.3744	10.2797	0.0003	0.2302	0.0582	0.0002	0.8872	1.0283	0.0000	1.0650	1.1765	0.0000	0.8178	0.9664	0.0000	2.4522	4.9804	0.0038	0.1136	0.1145	0.0629	3.5522	16.6166	0.0032	0.0000	0.0011	-0.4873	-0.6547	10.2575	4.7764	3.8960	1.3205	1.2642	1.2642	0.0000	0.4262	0.4262	0.0000	0.8379	0.8379	0.0000	0.9756	0.9746	0.0011	0.0195	0.0194	0.0002	0.9561	0.9552	0.0009	1.4248	1.2293	0.1955	0.4002	0.3623	0.0379	1.0246	0.8671	0.1576	0.5028	0.2267	0.2761	0.1720	0.1692	0.0028	0.3307	0.0575	0.2732	0.4572	0.2392	0.0011	9.3744	10.2797	0.0003	0.2829	0.0582	0.0002	1.9405	4.2989	0.0038	0.1136	0.1145	0.0629	2.8908	16.6166	0.0032
58	73	0.3043	3	0	1	0	0	0	0	0	0	N	N	N	N	N	N	N	N	N	N	N	N	0.2786	0.0329	15.0634	0.0404	0.0407	0.0414	2.6387	0.0238	528.2508	0.0524	0.0604	0.0030	0.0547	0.0575	0.0010	0.0520	0.0609	0.0031	0.1880	1.8347	0.0002	1.3539	1.4103	0.0248	0.0197	2.5578	0.0000	0.0079	0.0007	-0.0190	-0.0714	10.2575	3.3049	3.8960	2.7470	0.0502	0.0499	0.0004	0.0071	0.0071	0.0000	0.0432	0.0428	0.0004	0.1064	0.1063	0.0001	0.1002	0.1002	0.0001	0.0061	0.0061	0.0000	0.9594	0.8259	0.1335	0.1295	0.1231	0.0064	0.8299	0.7029	0.1270	0.5658	0.1725	0.3933	0.0740	0.0710	0.0030	0.4918	0.1015	0.3903	0.2786	0.0980	15.0634	0.0404	0.0407	0.0414	4.1731	1.0079	528.2508	0.1880	0.6162	0.0002	1.3539	1.4103	0.0248	0.0125	0.0604	0.0000
58	74	0.3631	4	0	1	0	0	0	0	0	0	N	N	N	N	N	N	N	N	N	N	N	N	0.0000	0.0000	0.0000	0.0000	0.0000	0.0000	0.0000	0.0000	0.0000	0.0000	0.0000	0.0000	0.0000	0.0000	0.0000	0.0000	0.0000	0.0000	0.0000	0.0000	10.2575	0.0000	3.8960	0.0000	0.0000	0.0000	0.0000	0.0000	0.0000	0.0000	0.0000	0.0000	0.0000	0.0000	0.0000	0.0000	0.0000	0.0000	0.0000	0.0000	0.0000	0.0000	0.0000	0.0000	0.0000	0.0000	0.0000	0.0000	0.0000	0.0000	0.0000	0.0000	0.0000	0.0000	0.0000	0.0000	0.0000	0.0000	0.0000	0.0000	0.0000	0.0000	0.0000	0.0000	0.0000	0.0000	0.0000	0.0000	0.0000	0.0000	0.0000	0.0000	0.0000	0.0000	0.0000	0.0000	0.0000	0.0000											
58	75	0.3043	3	0	1	0	0	0	0	0	0	N	N	N	N	N	N	N	N	N	N	N	N	0.0222	0.9222	0.0001	0.0572	0.0705	0.0000	0.0215	3.2058	0.0001	0.0467	0.0541	0.0002	0.0084	0.0089	0.0000	0.0528	0.0621	0.0002	2.1033	0.0587	2.2414	0.1476	0.1260	0.6581	2.4497	0.0194	2.2536	0.0007	98.3046	-0.0222	0.3080	10.2575	4.3567	3.8960	2.3689	0.0577	0.0576	0.0000	0.0014	0.0014	0.0000	0.0562	0.0562	0.0000	0.9694	0.0098	0.9596	0.0119	0.0097	0.0022	0.9575	0.0000	0.9574	1.2339	1.0643	0.1696	0.1679	0.1596	0.0083	1.0660	0.9048	0.1612	0.6167	0.1886	0.4281	0.0806	0.0773	0.0033	0.5361	0.1112	0.4248	0.0297	1.0456	0.0001	0.0572	0.0705	0.0000	0.0295	352.1689	0.0001	1.5719	0.0518	2.2414	0.1476	0.1260	0.6581	1.7861	0.0002	2.2536
58	76	0.3717	6	1	1	0	1	0	0	0	0	N	N	N	N	N	N	N	N	N	N	N	N	0.0000	0.0000	0.0000	0.0000	0.0000	0.0000	0.0000	0.0000	0.0000	0.0000	0.0000	0.0000	0.0000	0.0000	0.0000	0.0000	0.0000	0.0000	0.0000	0.0000	10.2575	0.0000	3.8960	0.0000	0.0000	0.0000	0.0000	0.0000	0.0000	0.0000	0.0000	0.0000	0.0000	0.0000	0.0000	0.0000	0.0000	0.0000	0.0000	0.0000	0.0000	0.0000	0.0000	0.0000	0.0000	0.0000	0.0000	0.0000	0.0000	0.0000	0.0000	0.0000	0.0000	0.0000	0.0000	0.0000	0.0000	0.0000	0.0000	0.0000	0.0000	0.0000	0.0000	0.0000	0.0000	0.0000	0.0000	0.0000	0.0000	0.0000	0.0000	0.0000	0.0000	0.0000	0.0000	0.0000	0.0000	0.0000											
58	77	0.3634	5	1	1	0	1	0	0	0	0	N	N	N	N	N	N	N	N	N	N	N	N	0.0000	0.0000	0.0000	0.0000	0.0000	0.0000	0.0000	0.0000	0.0000	0.0000	0.0000	0.0000	0.0000	0.0000	0.0000	0.0000	0.0000	0.0005	0.0009	0.0002	0.0018	0.0018	0.0018	0.0001	0.0000	0.0002	0.2961	0.0000	-0.0000	10.2575	1.0073	3.8960	0.3366	0.0000	0.0000	0.0000	0.0000	0.0000	0.0000	0.0000	0.0000	0.0000	0.0001	0.0000	0.0000	0.0000	0.0000	0.0000	0.0000	0.0000	0.0000	0.2940	0.2568	0.0371	0.0618	0.0577	0.0041	0.2321	0.1991	0.0330	0.1018	0.0448	0.0569	0.0240	0.0230	0.0011	0.0777	0.0219	0.0559	0.0000	0.0000	0.0000	0.0000	0.0000	0.0000	0.0000	0.0000	0.0000	0.0005	0.0009	0.0002	0.0018	0.0018	0.0018	0.0001	0.0000	0.0002		
58	78	0.3892	5	0	1	0	1	0	0	0	0	N	N	N	N	N	N	N	N	N	N	N	N	0.0000	0.0000	0.0000	0.0000	0.0000	0.0000	0.0000	0.0000	0.0000	0.0000	0.0000	0.0000	0.0000	0.0000	0.0000	0.0000	0.0000	0.0000	0.0000	0.0000	10.2575	0.0000	3.8960	0.0000	0.0000	0.0000	0.0000	0.0000	0.0000	0.0000	0.0000	0.0000	0.0000	0.0000	0.0000	0.0000	0.0000	0.0000	0.0000	0.0000	0.0000	0.0000	0.0000	0.0000	0.0000	0.0000	0.0000	0.0000	0.0000	0.0000	0.0000	0.0000	0.0000	0.0000	0.0000	0.0000	0.0000	0.0000	0.0000	0.0000	0.0000	0.0000	0.0000	0.0000	0.0000	0.0000	0.0000	0.0000	0.0000	0.0000	0.0000	0.0000	0.0000	0.0000	0.0000	0.0000	0.0000	0.0000											
58	79	0.3809	4	0	1	0	1	0	0	0	0	N	N	N	N	N	N	N	N	N	N	N	N	0.0000	0.0000	0.0000	0.0000	0.0000	0.0000	0.0000	0.0000	0.0000	0.0000	0.0000	0.0000	0.0000	0.0026	0.0064	0.0000	0.0062	0.0112	0.0000	0.0000	0.0000	0.0000	0.0000	0.0000	-0.0002	10.2575	0.0000	3.8960	1.0000	0.0000	0.0000	0.0000	0.0000	0.0000	0.0000	0.0000	0.0000	0.0000	0.0003	0.0003	0.0000	0.0003	0.0003	0.0000	0.0000	0.0000	0.0000	0.0000	0.0000	0.0000	0.0000	0.0000	0.0000	0.0000	0.0000	0.0000	0.0959	0.0388	0.0571	0.0404	0.0224	0.0179	0.0556	0.0164	0.0392	0.0000	0.0000	0.0000	0.0000	0.0000	0.0000	0.0000	0.0000	0.0000	0.0026	0.0064	0.0000	0.0062	0.0112	0.0000	0.0000	0.0000	0.0000						
58	80	0.3634	5	0	1	0	0	0	0	0	0	N	N	N	N	N	N	N	N	N	N	N	N	0.0000	0.0000	0.0000	0.0000	0.0000	0.0000	0.0000	0.0000	0.0000	0.0000	0.0000	0.0000	0.0000	0.0000	0.0000	0.0000	0.0000	0.0000	0.0000	0.0001	0.0000	0.0000	0.0005	0.0000	0.0000	0.0001	36.8291	0.0000	0.0000	10.2575	3.9927	3.8960	1.0002	0.0000	0.0000	0.0000	0.0000	0.0000	0.0000	0.0000	0.0000	0.0000	0.0000	0.0000	0.0000	0.0000	0.0000	0.0000	0.0000	0.0000	0.0000	1.0851	0.9518	0.1333	0.2317	0.2162	0.0155	0.8534	0.7355	0.1179	0.3240	0.1412	0.1828	0.0697	0.0661	0.0036	0.2543	0.0751	0.1792	0.0000	0.0000	0.0000	0.0000	0.0000	0.0000	0.0000	0.0000	0.0000	0.0000	0.0000	0.0001	0.0000	0.0000	0.0005	0.0000	0.0000	0.0001		
58	81	0.3587	4	0	1	0	0	0	0	0	0	N	N	N	N	N	N	N	N	N	N	N	N	0.0000	0.0000	0.0000	0.0000	0.0000	0.0000	0.0000	0.0000	0.0000	0.0000	0.0000	0.0000	0.0000	0.0000	0.0000	0.0000	0.0019	0.0045	0.0000	0.0092	0.0097	0.0000	0.0000	0.0000	0.0000	0.0036	0.0000	-0.0001	10.2575	0.0110	3.8960	0.6549	0.0000	0.0000	0.0000	0.0000	0.0000	0.0000	0.0000	0.0000	0.0000	0.0001	0.0001	0.0000	0.0001	0.0001	0.0000	0.0000	0.0000	0.0000	0.0033	0.0028	0.0004	0.0007	0.0006	0.0000	0.0026	0.0022	0.0004	0.0468	0.0203	0.0264	0.0099	0.0093	0.0005	0.0369	0.0110	0.0259	0.0000	0.0000	0.0000	0.0000	0.0000	0.0000	0.0000	0.0000	0.0000	0.0019	0.0045	0.0000	0.0092	0.0097	0.0000	0.0000	0.0000	0.0000			
58	82	0.3809	4	0	0	1	1	0	0	0	0	N	N	N	N	N	N	N	N	N	N	N	N	inf	inf	inf	inf	0.0022	0.0025	0.0000	0.0130	0.0139	0.0000	0.0000	0.0000	0.0000	0.0000	0.0000	0.0000	0.0000	0.0000	0.0000	0.0000	0.0000	0.0000	0.0000	-0.0002	0.0000	10.2575	1.0000	3.8960	0.0000	0.0006	0.0006	0.0000	0.0006	0.0006	0.0000	0.0000	0.0000	0.0000	0.0000	0.0000	0.0000	0.0000	0.0000	0.0000	0.0000	0.0000	0.0000	0.2907	0.2538	0.0370	0.0484	0.0454	0.0030	0.2423	0.2084	0.0339	0.0959	0.0388	0.0571	0.0404	0.0224	0.0179	0.0556	0.0164	0.0392	inf	inf	0.0000	inf	inf	0.0000	0.0000	0.0000	0.0000	0.0000	0.0000	0.0000	0.0000	0.0000	0.0000	0.0000	0.0000	0.0000						
58	83	0.3809	4	0	0	1	1	0	0	0	0	N	N	N	N	N	N	N	N	N	N	N	N	0.0000	0.0000	0.0000	0.0000	0.0000	0.0000	0.0000	0.0000	0.0000	0.0000	0.0000	0.0000	0.0000	0.0000	0.0000	0.0000	0.0000	0.0000	0.0000	0.0000	10.2575	0.0000	3.8960	0.0000	0.0000	0.0000	0.0000	0.0000	0.0000	0.0000	0.0000	0.0000	0.0000	0.0000	0.0000	0.0000	0.0000	0.0000	0.0000	0.0000	0.0000	0.0000	0.0000	0.0000	0.0000	0.0000	0.0000	0.0000	0.0000	0.0000	0.0000	0.0000	0.0000	0.0000	0.0000	0.0000	0.0000	0.0000	0.0000	0.0000	0.0000	0.0000	0.0000	0.0000	0.0000	0.0000	0.0000	0.0000	0.0000	0.0000	0.0000	0.0000	0.0000	0.0000	0.0000	0.0000	0.0000	0.0000											
58	84	0.3043	3	0	0	0	1	0	0	0	0	N	N	N	N	N	N	N	N	N	N	N	N	0.0056	0.0007	0.0050	0.0048	0.0011	0.0013	0.0000	0.0082	0.0086	0.0000	0.0000	0.0000	0.0000	0.1983	1.8694	0.0000	1.6568	1.8009	0.0000	0.0000	0.0000	0.0000	0.0000	0.0000	-0.0004	-0.1031	10.2575	3.0000	3.8960	5.9994	0.0010	0.0010	0.0000	0.0010	0.0010	0.0000	0.0000	0.0000	0.0000	0.1534	0.1534	0.0000	0.1534	0.1534	0.0000	0.0000	0.0000	0.0000	0.8772	0.7547	0.1225	0.1181	0.1122	0.0059	0.7591	0.6425	0.1166	0.7736	0.2389	0.5347	0.1008	0.0968	0.0041	0.6728	0.1421	0.5306	0.0056	0.0020	0.0000	0.0054	0.0055	0.0000	0.0000	0.0000	0.0000	0.1983	0.6422	0.0000	1.5218	1.5857	0.0000	0.0000	0.0000	0.0000					
58	85	0.4419	4	1	1	0	0	0	0	0	0	N	N	N	N	N	N	N	N	N	N	N	N	0.0000	0.0000	0.0000	0.0000	0.0000	0.0000	0.0000	0.0000	0.0000	0.0000	0.0000	0.0000	0.0000	0.0000	0.0000	0.6232	0.0000	0.6771	0.1515	0.0000	1.3889	0.9650	0.0000	0.5627	inf	0.0000	0.0000	10.2575	0.0000	3.8960	0.0000	0.0000	0.0000	0.0000	0.0000	0.0000	0.0000	0.0000	0.0000	0.0000	0.0000	0.0000	0.0000	0.0000	0.0000	0.0000	0.0000	0.0000	0.0000	0.0000	0.0000	0.0000	0.0000	0.0000	0.0000	0.0000	0.0000	0.0000	0.0000	0.0000	0.0000	0.0000	0.0000	0.0000	0.0000	0.0000	0.0000	0.0000	0.0000	0.0000	0.0000	0.0000	0.0000	0.0000	0.0000	0.0000	0.2799	0.0000	0.6771	0.1515	0.0000	1.3889	0.4216	0.0000	0.5627				
58	86	0.3043	3	1	1	0	0	0	0	0	0	N	N	N	N	N	N	N	N	N	N	N	N	0.0130	0.0009	0.0000	0.0124	0.0125	0.0000	0.0000	0.0000	0.0007	0.0008	0.0000	0.0051	0.0054	0.0000	0.0000	0.0000	0.0000	0.0540	0.8650	0.0001	0.4155	0.4321	0.0153	0.0000	0.0000	0.0000	0.0000	0.0015	-0.0004	-0.0344	10.2575	5.0000	3.8960	7.0006	0.0010	0.0010	0.0000	0.0010	0.0010	0.0000	0.0000	0.0000	0.0000	0.0513	0.0512	0.0001	0.0513	0.0512	0.0001	0.0000	0.0000	0.0000	1.3953	1.2049	0.1903	0.1908	0.1813	0.0094	1.2045	1.0236	0.1809	0.9499	0.2972	0.6528	0.1234	0.1184	0.0049	0.8265	0.1787	0.6478	0.0130	0.0047	0.0000	0.0124	0.0125	0.0000	0.0000	0.0000	0.0000	0.0540	0.1722	0.0001	0.4155	0.4321	0.0153	0.0000	0.0000	0.0000	
58	87	0.3043	3	0	1	0	0	0	0	0	0	N	N	N	N	N	N	N	N	N	N	N	N	0.0747	0.0051	0.0000	0.0741	0.0751	0.0000	0.0000	0.0000	0.0031	0.0036	0.0000	0.0236	0.0248	0.0000	0.0000	0.0000	0.0000	0.0418	0.7225	0.0003	0.3186	0.3307	0.0350	0.0000	0.0000	0.0000	0.0000	0.0046	-0.0004	-0.0111	10.2575	1.0000	3.8960	3.0006	0.0010	0.0010	0.0000	0.0010	0.0010	0.0000	0.0000	0.0000	0.0000	0.0166	0.0165	0.0001	0.0166	0.0165	0.0001	0.0000	0.0000	0.0000	0.3070	0.2631	0.0439	0.0407	0.0386	0.0020	0.2663	0.2244	0.0419	0.3973	0.1201	0.2772	0.0522	0.0500	0.0021	0.3451	0.0700	0.2751	0.0747	0.0265	0.0000	0.0741	0.0751	0.0000	0.0000	0.0000	0.0000	0.0418	0.1378	0.0003	0.3186	0.3307	0.0350	0.0000	0.0000	0.0000	
58	88	0.3587	4	1	1	0	0	0	0	0	0	N	N	N	N	N	N	N	N	N	N	N	N	0.0000	0.0000	0.0000	0.0000	0.0000	0.0000	0.0000	0.0000	0.0000	0.0000	0.0000	0.0000	0.0000	0.0000	0.0000	0.0000	0.0000	0.0000	0.0000	0.0000	10.2575	0.0000	3.8960	0.0000	0.0000	0.0000	0.0000	0.0000	0.0000	0.0000	0.0000	0.0000	0.0000	0.0000	0.0000	0.0000	0.0000	0.0000	0.0000	0.0000	0.0000	0.0000	0.0000	0.0000	0.0000	0.0000	0.0000	0.0000	0.0000	0.0000	0.0000	0.0000	0.0000	0.0000	0.0000	0.0000	0.0000	0.0000	0.0000	0.0000	0.0000	0.0000	0.0000	0.0000	0.0000	0.0000	0.0000	0.0000	0.0000	0.0000	0.0000	0.0000	0.0000	0.0000	0.0000	0.0000	0.0000	0.0000											
58	89	0.3043	3	0	1	0	0	0	0	0	0	N	N	N	N	N	N	N	N	N	N	N	N	0.1011	0.0232	0.0972	0.0981	0.0024	0.0028	0.0000	0.0175	0.0184	0.0000	0.0000	0.0000	0.0000	0.0235	0.1184	0.0000	0.1798	0.1874	0.0000	0.0000	0.0000	0.0000	0.0000	0.0000	-0.0010	-0.0112	10.2575	4.0000	3.8960	4.0001	0.0027	0.0027	0.0000	0.0027	0.0027	0.0000	0.0000	0.0000	0.0000	0.0166	0.0166	0.0000	0.0166	0.0166	0.0000	0.0000	0.0000	0.0000	1.1423	0.9847	0.1576	0.1550	0.1473	0.0077	0.9873	0.8374	0.1499	0.7073	0.2175	0.4898	0.0923	0.0886	0.0037	0.6150	0.1289	0.4861	0.1011	0.0361	0.0000	0.0972	0.0981	0.0000	0.0000	0.0000	0.0000	0.0235	0.0763	0.0000	0.1798	0.1874	0.0000	0.0000	0.0000	0.0000					
59	61	0.2020	3	2	1	2	0	0	0	0	0	Y	N	Y	N	N	N	N	N	N	N	N	N	0.0000	0.0000	0.0000	0.0000	0.0000	0.0000	0.0000	0.0000	0.0000	0.0000	0.0000	0.0000	0.0000	0.0000	0.0000	0.0000	0.0000	0.0000	0.0000	0.0000	0.0000	2.0000	0.0000	0.0000	0.0000	0.0000	0.0000	0.0000	0.0000	0.0000	0.0000	0.0000	0.0000	0.0000	0.0000	0.0000	0.0000	0.0000	0.0000	0.0000	0.0000	0.0000	0.0000	0.0000	0.0000	0.0000	0.0000	0.0000	0.0000	0.0000	0.0000	0.0000	0.0000	0.0000	0.0000	0.0000	0.0000	0.0000	0.0000	0.0000	0.0000	0.0000	0.0000	0.0000	0.0000	0.0000	0.0000	0.0000	0.0000	0.0000	0.0000	0.0000	0.0000	0.0000	0.0000	0.0000	0.0000	0.0000											
59	62	0.1196	2	2	1	2	0	0	0	0	0	Y	N	Y	N	N	N	N	N	N	N	N	N	0.0000	0.0000	0.0000	0.0000	0.0000	0.0000	0.0000	0.0000	0.0000	0.0000	0.0000	0.0000	0.0000	0.0000	0.0000	0.0000	0.0000	0.0000	0.0000	0.0000	0.0000	4.0000	0.0000	3.9994	0.0000	0.0000	0.0000	0.0000	0.0000	0.0000	0.0000	0.0000	0.0000	0.0000	0.0000	0.0000	0.0000	0.0000	0.0000	0.0000	0.0000	0.0000	0.0000	0.0000	0.0000	0.0000	0.0000	0.0000	0.0000	0.0000	0.0000	0.0000	0.0000	0.0000	0.0000	0.0000	0.0000	0.0000	0.0000	0.0000	0.0000	0.0000	0.0000	0.0000	0.0000	0.0000	0.0000	0.0000	0.0000	0.0000	0.0000	0.0000	0.0000	0.0000	0.0000	0.0000	0.0000	0.0000											
59	63	0.1196	2	1	2	1	0	0	0	0	0	N	Y	N	N	N	N	N	N	N	N	N	N	0.0000	0.0000	0.0000	0.0000	0.0000	0.0000	0.0000	0.0000	0.0000	0.0000	0.0000	0.0000	0.0000	0.0000	0.0000	0.0000	0.0000	0.0000	0.0000	0.0000	0.0000	7.0000	0.0000	4.0000	0.0000	0.0000	0.0000	0.0000	0.0000	0.0000	0.0000	0.0000	0.0000	0.0000	0.0000	0.0000	0.0000	0.0000	0.0000	0.0000	0.0000	0.0000	0.0000	0.0000	0.0000	0.0000	0.0000	0.0000	0.0000	0.0000	0.0000	0.0000	0.0000	0.0000	0.0000	0.0000	0.0000	0.0000	0.0000	0.0000	0.0000	0.0000	0.0000	0.0000	0.0000	0.0000	0.0000	0.0000	0.0000	0.0000	0.0000	0.0000	0.0000	0.0000	0.0000	0.0000	0.0000	0.0000											
59	64	0.2262	5	1	1	2	0	0	0	0	0	N	N	Y	N	N	N	N	N	N	N	N	N	0.0000	0.0000	0.0000	0.0000	0.0000	0.0000	0.0000	0.0000	0.0000	0.0000	0.0000	0.0000	0.0000	0.0000	0.0000	0.0000	0.0000	0.0000	0.0000	0.0000	0.0000	0.0000	0.0000	0.0000	0.0000	0.0000	0.0000	0.0000	0.0000	0.0000	0.0000	0.0000	0.0000	0.0000	0.0000	0.0000	0.0000	0.0000	0.0000	0.0000	0.0000	0.0000	0.0000	0.0000	0.0000	0.0000	0.0000	0.0000	0.0000	0.0000	0.0000	0.0000	0.0000	0.0000	0.0000	0.0000	0.0000	0.0000	0.0000	0.0000	0.0000	0.0000	0.0000	0.0000	0.0000	0.0000	0.0000	0.0000	0.0000	0.0000	0.0000	0.0000	0.0000	0.0000	0.0000	0.0000	0.0000	0.0000											
59	65	0.2019	4	1	1	2	0	0	0	0	0	N	N	Y	N	N	N	N	N	N	N	N	N	0.0000	0.0000	0.0000	0.0000	0.0000	0.0000	0.0000	0.0000	0.0000	0.0000	0.0000	0.0000	0.0000	0.0000	0.0000	0.0000	0.0000	0.0000	0.0000	0.0000	0.0000	0.8734	0.0000	1.0002	0.0000	0.0000	0.0000	0.0000	0.0000	0.0000	0.0000	0.0000	0.0000	0.0000	0.0000	0.0000	0.0000	0.0000	0.0000	0.0000	0.0000	0.0000	0.0000	0.0000	0.0000	0.0000	0.0000	0.0000	0.0000	0.0000	0.0000	0.0000	0.0000	0.0000	0.0000	0.0000	0.0000	0.0000	0.0000	0.0000	0.0000	0.0000	0.0000	0.0000	0.0000	0.0000	0.0000	0.0000	0.0000	0.0000	0.0000	0.0000	0.0000	0.0000	0.0000	0.0000	0.0000	0.0000											
59	66	0.1874	3	1	1	1	0	0	0	0	0	N	N	N	N	N	N	N	N	N	N	N	N	0.0000	0.0000	0.0000	0.0000	0.0000	0.0000	0.0000	0.0000	0.0000	0.0000	0.0000	0.0000	0.0000	0.0000	0.0000	0.0000	0.0000	0.0000	0.0000	0.0000	0.0000	1.0063	0.0000	0.0727	0.0000	0.0000	0.0000	0.0000	0.0000	0.0000	0.0000	0.0000	0.0000	0.0000	0.0000	0.0000	0.0000	0.0000	0.0000	0.0000	0.0000	0.0000	0.0000	0.0000	0.0000	0.0000	0.0000	0.0000	0.0000	0.0000	0.0000	0.0000	0.0000	0.0000	0.0000	0.0000	0.0000	0.0000	0.0000	0.0000	0.0000	0.0000	0.0000	0.0000	0.0000	0.0000	0.0000	0.0000	0.0000	0.0000	0.0000	0.0000	0.0000	0.0000	0.0000	0.0000	0.0000	0.0000											
59	67	0.1196	2	1	1	1	0	0	0	0	0	N	N	N	N	N	N	N	N	N	N	N	N	0.0000	0.0000	0.0000	0.0000	0.0000	0.0000	0.0000	0.0000	0.0000	0.0000	0.0000	0.0000	0.0000	0.0000	0.0000	0.0000	0.0000	0.0000	0.0000	-0.0000	0.0000	4.0009	0.0000	1.0789	0.0000	0.0000	0.0000	0.0000	0.0000	0.0000	0.0000	0.0000	0.0000	0.0000	0.0000	0.0000	0.0000	0.0000	0.0000	0.0000	0.0000	0.0000	0.0000	0.0000	0.0000	0.0000	0.0000	0.0000	0.0000	0.0000	0.0000	0.0000	0.0000	0.0000	0.0000	0.0000	0.0000	0.0000	0.0000	0.0000	0.0000	0.0000	0.0000	0.0000	0.0000	0.0000	0.0000	0.0000	0.0000	0.0000	0.0000	0.0000	0.0000	0.0000	0.0000	0.0000	0.0000	0.0000											
59	68	0.1196	2	1	2	1	0	0	0	0	0	N	Y	N	N	N	N	N	N	N	N	N	N	0.0000	0.0000	0.0000	0.0000	0.0000	0.0000	0.0000	0.0000	0.0000	0.0000	0.0000	0.0000	0.0000	0.0000	0.0000	0.0000	0.0000	0.0000	0.0000	0.0000	0.0000	5.0000	0.0000	3.9994	0.0000	0.0000	0.0000	0.0000	0.0000	0.0000	0.0000	0.0000	0.0000	0.0000	0.0000	0.0000	0.0000	0.0000	0.0000	0.0000	0.0000	0.0000	0.0000	0.0000	0.0000	0.0000	0.0000	0.0000	0.0000	0.0000	0.0000	0.0000	0.0000	0.0000	0.0000	0.0000	0.0000	0.0000	0.0000	0.0000	0.0000	0.0000	0.0000	0.0000	0.0000	0.0000	0.0000	0.0000	0.0000	0.0000	0.0000	0.0000	0.0000	0.0000	0.0000	0.0000	0.0000	0.0000											
59	69	0.1196	2	2	1	2	0	0	0	0	0	Y	N	Y	N	N	N	N	N	N	N	N	N	0.0000	0.0000	0.0000	0.0000	0.0000	0.0000	0.0000	0.0000	0.0000	0.0000	0.0000	0.0000	0.0000	0.0000	0.0000	0.0000	0.0000	0.0000	0.0000	0.0000	0.0000	7.0000	0.0000	2.9994	0.0000	0.0000	0.0000	0.0000	0.0000	0.0000	0.0000	0.0000	0.0000	0.0000	0.0000	0.0000	0.0000	0.0000	0.0000	0.0000	0.0000	0.0000	0.0000	0.0000	0.0000	0.0000	0.0000	0.0000	0.0000	0.0000	0.0000	0.0000	0.0000	0.0000	0.0000	0.0000	0.0000	0.0000	0.0000	0.0000	0.0000	0.0000	0.0000	0.0000	0.0000	0.0000	0.0000	0.0000	0.0000	0.0000	0.0000	0.0000	0.0000	0.0000	0.0000	0.0000	0.0000	0.0000											
59	70	0.1196	2	1	2	1	1	0	0	0	0	N	Y	N	N	N	N	N	N	N	N	N	N	0.0000	0.0000	0.0000	0.0000	0.0000	0.0000	0.0000	0.0000	0.0000	0.0000	0.0000	0.0000	0.0000	0.0000	0.0000	0.0000	0.0000	0.0000	0.0000	0.0000	0.0000	4.0000	0.0000	5.0006	0.0000	0.0000	0.0000	0.0000	0.0000	0.0000	0.0000	0.0000	0.0000	0.0000	0.0000	0.0000	0.0000	0.0000	0.0000	0.0000	0.0000	0.0000	0.0000	0.0000	0.0000	0.0000	0.0000	0.0000	0.0000	0.0000	0.0000	0.0000	0.0000	0.0000	0.0000	0.0000	0.0000	0.0000	0.0000	0.0000	0.0000	0.0000	0.0000	0.0000	0.0000	0.0000	0.0000	0.0000	0.0000	0.0000	0.0000	0.0000	0.0000	0.0000	0.0000	0.0000	0.0000	0.0000											
59	71	0.1196	2	1	2	1	0	0	0	0	0	N	Y	N	N	N	N	N	N	N	N	N	N	0.0000	0.0000	0.0000	0.0000	0.0000	0.0000	0.0000	0.0000	0.0000	0.0000	0.0000	0.0000	0.0000	0.0000	0.0000	0.0000	0.0000	0.0000	0.0000	0.0000	0.0000	7.0000	0.0000	4.9994	0.0000	0.0000	0.0000	0.0000	0.0000	0.0000	0.0000	0.0000	0.0000	0.0000	0.0000	0.0000	0.0000	0.0000	0.0000	0.0000	0.0000	0.0000	0.0000	0.0000	0.0000	0.0000	0.0000	0.0000	0.0000	0.0000	0.0000	0.0000	0.0000	0.0000	0.0000	0.0000	0.0000	0.0000	0.0000	0.0000	0.0000	0.0000	0.0000	0.0000	0.0000	0.0000	0.0000	0.0000	0.0000	0.0000	0.0000	0.0000	0.0000	0.0000	0.0000	0.0000	0.0000	0.0000											
59	72	0.1761	3	1	2	1	0	0	0	0	0	N	Y	N	N	N	N	N	N	N	N	N	N	0.0000	0.0000	0.0000	0.0000	0.0000	0.0000	0.0000	0.0000	0.0000	0.0000	0.0000	0.0000	0.0000	0.0000	0.0000	0.0000	0.0000	0.0000	0.0000	0.0000	0.0000	4.7764	0.0000	1.3205	0.0000	0.0000	0.0000	0.0000	0.0000	0.0000	0.0000	0.0000	0.0000	0.0000	0.0000	0.0000	0.0000	0.0000	0.0000	0.0000	0.0000	0.0000	0.0000	0.0000	0.0000	0.0000	0.0000	0.0000	0.0000	0.0000	0.0000	0.0000	0.0000	0.0000	0.0000	0.0000	0.0000	0.0000	0.0000	0.0000	0.0000	0.0000	0.0000	0.0000	0.0000	0.0000	0.0000	0.0000	0.0000	0.0000	0.0000	0.0000	0.0000	0.0000	0.0000	0.0000	0.0000	0.0000											
59	73	0.1196	2	1	2	1	0	0	0	0	0	N	Y	N	N	N	N	N	N	N	N	N	N	0.0000	0.0000	0.0000	0.0000	0.0000	0.0000	0.0000	0.0000	0.0000	0.0000	0.0000	0.0000	0.0000	0.0037	0.0078	0.0000	0.0069	0.0083	0.0000	0.0000	0.0000	0.0000	0.0000	0.0000	-0.0000	0.0000	3.3049	0.0000	2.7470	0.0000	0.0000	0.0000	0.0000	0.0000	0.0000	0.0000	0.0000	0.0000	0.0000	0.0000	0.0000	0.0000	0.0000	0.0000	0.0000	0.0000	0.0000	0.0000	0.0000	0.0000	0.0000	0.0000	0.0000	0.0000	0.0000	0.0000	0.0000	0.0000	0.0000	0.0000	0.0000	0.0000	0.0000	0.0000	0.0000	0.0000	0.0000	0.0000	0.0000	0.0000	0.0000	0.0000	0.0000	0.0000	0.0037	0.0078	0.0000	0.0069	0.0083	0.0000	0.0000	0.0000	0.0000						
59	74	0.1783	3	1	2	1	0	0	0	0	0	N	Y	N	N	N	N	N	N	N	N	N	N	0.0000	0.0000	0.0000	0.0000	0.0000	0.0000	0.0000	0.0000	0.0000	0.0000	0.0000	0.0000	0.0000	0.0000	0.0000	0.0000	0.0000	0.0000	0.0000	0.0000	0.0000	0.0000	0.0000	0.0000	0.0000	0.0000	0.0000	0.0000	0.0000	0.0000	0.0000	0.0000	0.0000	0.0000	0.0000	0.0000	0.0000	0.0000	0.0000	0.0000	0.0000	0.0000	0.0000	0.0000	0.0000	0.0000	0.0000	0.0000	0.0000	0.0000	0.0000	0.0000	0.0000	0.0000	0.0000	0.0000	0.0000	0.0000	0.0000	0.0000	0.0000	0.0000	0.0000	0.0000	0.0000	0.0000	0.0000	0.0000	0.0000	0.0000	0.0000	0.0000	0.0000	0.0000	0.0000	0.0000	0.0000	0.0000											
59	75	0.1196	2	1	2	1	0	0	0	0	0	N	Y	N	N	N	N	N	N	N	N	N	N	0.0000	0.0000	0.0000	0.0000	0.0000	0.0000	0.0000	0.0000	0.0000	0.0000	0.0000	0.0000	0.0000	3.7058	5.9846	0.0000	6.6921	7.7562	0.0000	0.0000	0.0000	0.0000	0.0000	0.0000	-0.0000	0.0000	4.3567	0.0000	2.3689	0.0000	0.0000	0.0000	0.0000	0.0000	0.0000	0.0000	0.0000	0.0000	0.0000	0.0000	0.0000	0.0000	0.0000	0.0000	0.0000	0.0000	0.0000	0.0000	0.0000	0.0000	0.0000	0.0000	0.0000	0.0000	0.0000	0.0000	0.0000	0.0000	0.0000	0.0000	0.0000	0.0000	0.0000	0.0000	0.0000	0.0000	0.0000	0.0000	0.0000	0.0000	0.0000	0.0000	0.0000	0.0000	2.8155	5.9846	0.0000	5.2771	6.3474	0.0000	0.0000	0.0000	0.0000						
59	76	0.1870	5	2	2	1	1	0	0	0	0	Y	Y	N	N	N	N	N	N	N	N	N	N	0.0000	0.0000	0.0000	0.0000	0.0000	0.0000	0.0000	0.0000	0.0000	0.0000	0.0000	0.0000	0.0000	0.0000	0.0000	0.0000	0.0000	0.0000	0.0000	0.0000	0.0000	0.0000	0.0000	0.0000	0.0000	0.0000	0.0000	0.0000	0.0000	0.0000	0.0000	0.0000	0.0000	0.0000	0.0000	0.0000	0.0000	0.0000	0.0000	0.0000	0.0000	0.0000	0.0000	0.0000	0.0000	0.0000	0.0000	0.0000	0.0000	0.0000	0.0000	0.0000	0.0000	0.0000	0.0000	0.0000	0.0000	0.0000	0.0000	0.0000	0.0000	0.0000	0.0000	0.0000	0.0000	0.0000	0.0000	0.0000	0.0000	0.0000	0.0000	0.0000	0.0000	0.0000	0.0000	0.0000	0.0000	0.0000											
59	77	0.1786	4	2	2	1	1	0	0	0	0	Y	Y	N	N	N	N	N	N	N	N	N	N	0.0000	0.0000	0.0000	0.0000	0.0000	0.0000	0.0000	0.0000	0.0000	0.0000	0.0000	0.0000	0.0000	0.0000	0.0000	0.0000	0.0000	0.0000	0.0000	0.0000	0.0000	1.0073	0.0000	0.3366	0.0000	0.0000	0.0000	0.0000	0.0000	0.0000	0.0000	0.0000	0.0000	0.0000	0.0000	0.0000	0.0000	0.0000	0.0000	0.0000	0.0000	0.0000	0.0000	0.0000	0.0000	0.0000	0.0000	0.0000	0.0000	0.0000	0.0000	0.0000	0.0000	0.0000	0.0000	0.0000	0.0000	0.0000	0.0000	0.0000	0.0000	0.0000	0.0000	0.0000	0.0000	0.0000	0.0000	0.0000	0.0000	0.0000	0.0000	0.0000	0.0000	0.0000	0.0000	0.0000	0.0000	0.0000											
59	78	0.2044	4	1	2	1	1	0	0	0	0	N	Y	N	N	N	N	N	N	N	N	N	N	0.0000	0.0000	0.0000	0.0000	0.0000	0.0000	0.0000	0.0000	0.0000	0.0000	0.0000	0.0000	0.0000	0.0000	0.0000	0.0000	0.0000	0.0000	0.0000	0.0000	0.0000	0.0000	0.0000	0.0000	0.0000	0.0000	0.0000	0.0000	0.0000	0.0000	0.0000	0.0000	0.0000	0.0000	0.0000	0.0000	0.0000	0.0000	0.0000	0.0000	0.0000	0.0000	0.0000	0.0000	0.0000	0.0000	0.0000	0.0000	0.0000	0.0000	0.0000	0.0000	0.0000	0.0000	0.0000	0.0000	0.0000	0.0000	0.0000	0.0000	0.0000	0.0000	0.0000	0.0000	0.0000	0.0000	0.0000	0.0000	0.0000	0.0000	0.0000	0.0000	0.0000	0.0000	0.0000	0.0000	0.0000	0.0000											
59	79	0.1962	3	1	2	1	1	0	0	0	0	N	Y	N	N	N	N	N	N	N	N	N	N	0.0000	0.0000	0.0000	0.0000	0.0000	0.0000	0.0000	0.0000	0.0000	0.0000	0.0000	0.0000	0.0000	0.0000	0.0000	0.0000	0.0000	0.0000	0.0000	0.0000	0.0000	0.0000	0.0000	1.0000	0.0000	0.0000	0.0000	0.0000	0.0000	0.0000	0.0000	0.0000	0.0000	0.0000	0.0000	0.0000	0.0000	0.0000	0.0000	0.0000	0.0000	0.0000	0.0000	0.0000	0.0000	0.0000	0.0000	0.0000	0.0000	0.0000	0.0000	0.0000	0.0000	0.0000	0.0000	0.0000	0.0000	0.0000	0.0000	0.0000	0.0000	0.0000	0.0000	0.0000	0.0000	0.0000	0.0000	0.0000	0.0000	0.0000	0.0000	0.0000	0.0000	0.0000	0.0000	0.0000	0.0000	0.0000											
59	80	0.1786	4	1	2	1	0	0	0	0	0	N	Y	N	N	N	N	N	N	N	N	N	N	0.0000	0.0000	0.0000	0.0000	0.0000	0.0000	0.0000	0.0000	0.0000	0.0000	0.0000	0.0000	0.0000	0.0000	0.0000	0.0000	0.0000	0.0000	0.0000	0.0000	0.0000	3.9927	0.0000	1.0002	0.0000	0.0000	0.0000	0.0000	0.0000	0.0000	0.0000	0.0000	0.0000	0.0000	0.0000	0.0000	0.0000	0.0000	0.0000	0.0000	0.0000	0.0000	0.0000	0.0000	0.0000	0.0000	0.0000	0.0000	0.0000	0.0000	0.0000	0.0000	0.0000	0.0000	0.0000	0.0000	0.0000	0.0000	0.0000	0.0000	0.0000	0.0000	0.0000	0.0000	0.0000	0.0000	0.0000	0.0000	0.0000	0.0000	0.0000	0.0000	0.0000	0.0000	0.0000	0.0000	0.0000	0.0000											
59	81	0.1740	3	1	2	1	0	0	0	0	0	N	Y	N	N	N	N	N	N	N	N	N	N	0.0000	0.0000	0.0000	0.0000	0.0000	0.0000	0.0000	0.0000	0.0000	0.0000	0.0000	0.0000	0.0000	0.0000	0.0000	0.0000	0.0000	0.0000	0.0000	0.0000	0.0000	0.0110	0.0000	0.6549	0.0000	0.0000	0.0000	0.0000	0.0000	0.0000	0.0000	0.0000	0.0000	0.0000	0.0000	0.0000	0.0000	0.0000	0.0000	0.0000	0.0000	0.0000	0.0000	0.0000	0.0000	0.0000	0.0000	0.0000	0.0000	0.0000	0.0000	0.0000	0.0000	0.0000	0.0000	0.0000	0.0000	0.0000	0.0000	0.0000	0.0000	0.0000	0.0000	0.0000	0.0000	0.0000	0.0000	0.0000	0.0000	0.0000	0.0000	0.0000	0.0000	0.0000	0.0000	0.0000	0.0000	0.0000											
59	82	0.1962	3	1	1	2	1	0	0	0	0	N	N	Y	N	N	N	N	N	N	N	N	N	0.0000	0.0000	0.0000	0.0000	0.0000	0.0000	0.0000	0.0000	0.0000	0.0000	0.0000	0.0000	0.0000	0.0000	0.0000	0.0000	0.0000	0.0000	0.0000	0.0000	0.0000	1.0000	0.0000	0.0000	0.0000	0.0000	0.0000	0.0000	0.0000	0.0000	0.0000	0.0000	0.0000	0.0000	0.0000	0.0000	0.0000	0.0000	0.0000	0.0000	0.0000	0.0000	0.0000	0.0000	0.0000	0.0000	0.0000	0.0000	0.0000	0.0000	0.0000	0.0000	0.0000	0.0000	0.0000	0.0000	0.0000	0.0000	0.0000	0.0000	0.0000	0.0000	0.0000	0.0000	0.0000	0.0000	0.0000	0.0000	0.0000	0.0000	0.0000	0.0000	0.0000	0.0000	0.0000	0.0000	0.0000	0.0000											
59	83	0.1962	3	1	1	2	1	0	0	0	0	N	N	Y	N	N	N	N	N	N	N	N	N	0.0000	0.0000	0.0000	0.0000	0.0000	0.0000	0.0000	0.0000	0.0000	0.0000	0.0000	0.0000	0.0000	0.0000	0.0000	0.0000	0.0000	0.0000	0.0000	0.0000	0.0000	0.0000	0.0000	0.0000	0.0000	0.0000	0.0000	0.0000	0.0000	0.0000	0.0000	0.0000	0.0000	0.0000	0.0000	0.0000	0.0000	0.0000	0.0000	0.0000	0.0000	0.0000	0.0000	0.0000	0.0000	0.0000	0.0000	0.0000	0.0000	0.0000	0.0000	0.0000	0.0000	0.0000	0.0000	0.0000	0.0000	0.0000	0.0000	0.0000	0.0000	0.0000	0.0000	0.0000	0.0000	0.0000	0.0000	0.0000	0.0000	0.0000	0.0000	0.0000	0.0000	0.0000	0.0000	0.0000	0.0000	0.0000											
59	84	0.1196	2	1	1	1	1	0	0	0	0	N	N	N	N	N	N	N	N	N	N	N	N	0.0000	0.0000	0.0000	0.0000	0.0000	0.0000	0.0000	0.0000	0.0000	0.0000	0.0000	0.0000	0.0000	0.0000	0.0000	0.0000	0.0000	0.0000	0.0000	0.0000	0.0000	3.0000	0.0000	5.9994	0.0000	0.0000	0.0000	0.0000	0.0000	0.0000	0.0000	0.0000	0.0000	0.0000	0.0000	0.0000	0.0000	0.0000	0.0000	0.0000	0.0000	0.0000	0.0000	0.0000	0.0000	0.0000	0.0000	0.0000	0.0000	0.0000	0.0000	0.0000	0.0000	0.0000	0.0000	0.0000	0.0000	0.0000	0.0000	0.0000	0.0000	0.0000	0.0000	0.0000	0.0000	0.0000	0.0000	0.0000	0.0000	0.0000	0.0000	0.0000	0.0000	0.0000	0.0000	0.0000	0.0000	0.0000											
59	85	0.2571	3	2	2	1	0	0	0	0	0	Y	Y	N	N	N	N	N	N	N	N	N	N	0.0000	0.0000	0.0000	0.0000	0.0000	0.0000	0.0000	0.0000	0.0000	0.0000	0.0000	0.0000	0.0000	0.0000	0.0000	0.0000	0.0000	0.0000	0.0000	0.0000	0.0000	0.0000	0.0000	0.0000	0.0000	0.0000	0.0000	0.0000	0.0000	0.0000	0.0000	0.0000	0.0000	0.0000	0.0000	0.0000	0.0000	0.0000	0.0000	0.0000	0.0000	0.0000	0.0000	0.0000	0.0000	0.0000	0.0000	0.0000	0.0000	0.0000	0.0000	0.0000	0.0000	0.0000	0.0000	0.0000	0.0000	0.0000	0.0000	0.0000	0.0000	0.0000	0.0000	0.0000	0.0000	0.0000	0.0000	0.0000	0.0000	0.0000	0.0000	0.0000	0.0000	0.0000	0.0000	0.0000	0.0000	0.0000											
59	86	0.1196	2	2	2	1	0	0	0	0	0	Y	Y	N	N	N	N	N	N	N	N	N	N	0.0000	0.0000	0.0000	0.0000	0.0000	0.0000	0.0000	0.0000	0.0000	0.0000	0.0000	0.0000	0.0000	0.0000	0.0000	0.0000	0.0000	0.0000	0.0000	0.0000	0.0000	5.0000	0.0000	7.0006	0.0000	0.0000	0.0000	0.0000	0.0000	0.0000	0.0000	0.0000	0.0000	0.0000	0.0000	0.0000	0.0000	0.0000	0.0000	0.0000	0.0000	0.0000	0.0000	0.0000	0.0000	0.0000	0.0000	0.0000	0.0000	0.0000	0.0000	0.0000	0.0000	0.0000	0.0000	0.0000	0.0000	0.0000	0.0000	0.0000	0.0000	0.0000	0.0000	0.0000	0.0000	0.0000	0.0000	0.0000	0.0000	0.0000	0.0000	0.0000	0.0000	0.0000	0.0000	0.0000	0.0000	0.0000											
59	87	0.1196	2	1	2	1	0	0	0	0	0	N	Y	N	N	N	N	N	N	N	N	N	N	0.0000	0.0000	0.0000	0.0000	0.0000	0.0000	0.0000	0.0000	0.0000	0.0000	0.0000	0.0000	0.0000	0.0000	0.0000	0.0000	0.0000	0.0000	0.0000	0.0000	0.0000	1.0000	0.0000	3.0006	0.0000	0.0000	0.0000	0.0000	0.0000	0.0000	0.0000	0.0000	0.0000	0.0000	0.0000	0.0000	0.0000	0.0000	0.0000	0.0000	0.0000	0.0000	0.0000	0.0000	0.0000	0.0000	0.0000	0.0000	0.0000	0.0000	0.0000	0.0000	0.0000	0.0000	0.0000	0.0000	0.0000	0.0000	0.0000	0.0000	0.0000	0.0000	0.0000	0.0000	0.0000	0.0000	0.0000	0.0000	0.0000	0.0000	0.0000	0.0000	0.0000	0.0000	0.0000	0.0000	0.0000	0.0000											
59	88	0.1740	3	2	2	1	0	0	0	0	0	Y	Y	N	N	N	N	N	N	N	N	N	N	0.0000	0.0000	0.0000	0.0000	0.0000	0.0000	0.0000	0.0000	0.0000	0.0000	0.0000	0.0000	0.0000	0.0000	0.0000	0.0000	0.0000	0.0000	0.0000	0.0000	0.0000	0.0000	0.0000	0.0000	0.0000	0.0000	0.0000	0.0000	0.0000	0.0000	0.0000	0.0000	0.0000	0.0000	0.0000	0.0000	0.0000	0.0000	0.0000	0.0000	0.0000	0.0000	0.0000	0.0000	0.0000	0.0000	0.0000	0.0000	0.0000	0.0000	0.0000	0.0000	0.0000	0.0000	0.0000	0.0000	0.0000	0.0000	0.0000	0.0000	0.0000	0.0000	0.0000	0.0000	0.0000	0.0000	0.0000	0.0000	0.0000	0.0000	0.0000	0.0000	0.0000	0.0000	0.0000	0.0000	0.0000	0.0000											
59	89	0.1196	2	1	2	1	0	0	0	0	0	N	Y	N	N	N	N	N	N	N	N	N	N	0.0000	0.0000	0.0000	0.0000	0.0000	0.0000	0.0000	0.0000	0.0000	0.0000	0.0000	0.0000	0.0000	0.0000	0.0000	0.0000	0.0000	0.0000	0.0000	0.0000	0.0000	4.0000	0.0000	4.0001	0.0000	0.0000	0.0000	0.0000	0.0000	0.0000	0.0000	0.0000	0.0000	0.0000	0.0000	0.0000	0.0000	0.0000	0.0000	0.0000	0.0000	0.0000	0.0000	0.0000	0.0000	0.0000	0.0000	0.0000	0.0000	0.0000	0.0000	0.0000	0.0000	0.0000	0.0000	0.0000	0.0000	0.0000	0.0000	0.0000	0.0000	0.0000	0.0000	0.0000	0.0000	0.0000	0.0000	0.0000	0.0000	0.0000	0.0000	0.0000	0.0000	0.0000	0.0000	0.0000	0.0000	0.0000											
59	91	0.2651	4	1	1	1	0	0	0	0	0	N	N	N	N	N	N	N	N	N	N	N	N	0.0000	0.0000	0.0000	0.0000	0.0000	0.0000	0.0000	0.0000	0.0000	0.0000	0.0000	0.0000	0.0000	0.9614	1.8808	0.0000	0.6284	0.6637	0.0000	0.0000	0.0000	0.0000	0.0000	0.0000	-0.0000	0.0000	11.5137	0.0000	4.9035	0.0000	0.0000	0.0000	0.0000	0.0000	0.0000	0.0000	0.0000	0.0000	0.0000	0.0000	0.0000	0.0000	0.0000	0.0000	0.0000	0.0000	0.0000	0.0000	0.0000	0.0000	0.0000	0.0000	0.0000	0.0000	0.0000	0.0000	0.0000	0.0000	0.0000	0.0000	0.0000	0.0000	0.0000	0.0000	0.0000	0.0000	0.0000	0.0000	0.0000	0.0000	0.0000	0.0000	0.0000	0.0000	0.3206	0.6500	0.0000	0.6284	0.6637	0.0000	0.0000	0.0000	0.0000						
60	61	0.2020	2	2	0	2	0	0	0	0	0	Y	N	Y	N	N	N	N	N	N	N	N	N	0.0000	0.0000	0.0000	0.0000	0.0000	0.0000	0.0000	0.0000	0.0000	0.0000	0.0000	0.0000	0.0000	0.0000	0.0000	0.0000	0.0000	0.0000	0.0000	0.0000	7.0000	2.0000	3.9994	0.0000	0.0000	0.0000	0.0000	0.0000	0.0000	0.0000	0.0000	0.0000	0.0000	0.0000	0.0000	0.0000	0.0000	0.0000	0.0000	0.0000	0.0000	0.0000	0.3348	0.2799	0.0549	0.0269	0.0250	0.0018	0.3080	0.2549	0.0531	0.1048	0.0399	0.0649	0.0530	0.0257	0.0273	0.0518	0.0142	0.0376	0.0000	0.0000	0.0000	0.0000	0.0000	0.0000	0.0000	0.0000	0.0000	0.0000	0.0000	0.0000	0.0000	0.0000	0.0000	0.0000	0.0000	0.0000											
60	64	0.2262	4	1	0	2	0	0	0	0	0	N	N	Y	N	N	N	N	N	N	N	N	N	0.0000	0.0000	0.0000	0.0000	0.0000	0.0000	0.0000	0.0000	0.0000	0.0000	0.0000	0.0000	0.0000	0.0000	0.0000	0.0000	0.0000	0.0000	0.0000	0.0000	7.0000	0.0000	3.9994	0.0000	0.0000	0.0000	0.0000	0.0000	0.0000	0.0000	0.0000	0.0000	0.0000	0.0000	0.0000	0.0000	0.0000	0.0000	0.0000	0.0000	0.0000	0.0000	0.0000	0.0000	0.0000	0.0000	0.0000	0.0000	0.0000	0.0000	0.0000	0.0000	0.0000	0.0000	0.0000	0.0000	0.0000	0.0000	0.0000	0.0000	0.0000	0.0000	0.0000	0.0000	0.0000	0.0000	0.0000	0.0000	0.0000	0.0000	0.0000	0.0000	0.0000	0.0000	0.0000	0.0000	0.0000	0.0000											
60	65	0.2019	3	1	0	2	0	0	0	0	0	N	N	Y	N	N	N	N	N	N	N	N	N	0.0000	0.0000	0.0000	0.0000	0.0000	0.0000	0.0000	0.0000	0.0000	0.0000	0.0000	0.0000	0.0000	0.0000	0.0000	0.0000	0.0000	0.0000	0.0000	0.0000	7.0000	0.8734	3.9994	1.0002	0.0000	0.0000	0.0000	0.0000	0.0000	0.0000	0.0000	0.0000	0.0000	0.0000	0.0000	0.0000	0.0000	0.0000	0.0000	0.0000	0.0000	0.0000	0.1600	0.1334	0.0265	0.0066	0.0062	0.0004	0.1534	0.1272	0.0262	0.1437	0.0255	0.1182	0.0326	0.0068	0.0257	0.1112	0.0187	0.0925	0.0000	0.0000	0.0000	0.0000	0.0000	0.0000	0.0000	0.0000	0.0000	0.0000	0.0000	0.0000	0.0000	0.0000	0.0000	0.0000	0.0000	0.0000											
60	66	0.1874	2	1	0	1	0	0	0	0	0	N	N	N	N	N	N	N	N	N	N	N	N	0.1396	0.1356	0.0000	1.1237	2.0566	0.0000	0.0020	inf	0.0000	0.0138	0.0165	0.0000	0.2967	0.3110	0.0000	0.0001	0.0001	0.0000	0.0988	0.1218	0.1043	0.2641	0.1512	0.3660	0.0280	0.0000	0.0336	0.0000	3.5936	-0.0010	0.0012	7.0000	1.0063	3.9994	0.0727	0.0026	0.0026	0.0000	0.0026	0.0026	0.0000	0.0000	0.0000	0.0000	0.0106	0.0023	0.0083	0.0085	0.0023	0.0062	0.0021	0.0000	0.0021	0.1865	0.1556	0.0308	0.0086	0.0082	0.0004	0.1778	0.1474	0.0304	0.1070	0.0278	0.0792	0.0321	0.0152	0.0168	0.0749	0.0125	0.0624	0.1396	0.1993	0.0000	1.1237	2.0566	0.0000	0.0020	inf	0.0000	0.0988	0.0829	0.1043	0.2641	0.1512	0.3660	0.0280	0.0000	0.0336
60	72	0.1761	2	1	1	1	0	0	0	0	0	N	N	N	N	N	N	N	N	N	N	N	N	1.4612	94.5561	0.0090	0.3916	0.3980	inf	1.2660	inf	0.0090	2.3716	2.7874	0.0125	0.0170	0.0173	0.0113	2.6028	3.0957	0.0125	1.6230	0.0295	1.3849	0.0435	0.0435	0.0000	2.0558	0.0000	1.3852	0.0008	71.4937	-0.7614	0.0958	7.0000	4.7764	3.9994	1.3205	1.9794	1.9778	0.0016	0.0013	0.0012	0.0000	1.9781	1.9766	0.0015	0.3050	0.0042	0.3008	0.0042	0.0042	0.0000	0.3008	0.0000	0.3008	0.8346	0.7095	0.1251	0.0746	0.0711	0.0035	0.7600	0.6385	0.1215	0.3599	0.1427	0.2172	0.0968	0.0968	0.0000	0.2631	0.0460	0.2172	2.7986	94.5561	0.0090	0.3916	0.3980	inf	2.2768	inf	0.0090	0.8474	0.0295	1.3849	0.0435	0.0435	0.0000	1.1432	0.0000	1.3852
60	74	0.1783	2	1	1	1	0	0	0	0	0	N	N	N	N	N	N	N	N	N	N	N	N	0.0000	0.0000	0.0000	0.0000	0.0000	0.0000	0.0000	0.0000	0.0000	0.0000	0.0000	0.0000	0.0000	0.0000	0.0000	0.0000	0.0000	0.0000	0.0000	0.0000	7.0000	0.0000	3.9994	0.0000	0.0000	0.0000	0.0000	0.0000	0.0000	0.0000	0.0000	0.0000	0.0000	0.0000	0.0000	0.0000	0.0000	0.0000	0.0000	0.0000	0.0000	0.0000	0.0000	0.0000	0.0000	0.0000	0.0000	0.0000	0.0000	0.0000	0.0000	0.0000	0.0000	0.0000	0.0000	0.0000	0.0000	0.0000	0.0000	0.0000	0.0000	0.0000	0.0000	0.0000	0.0000	0.0000	0.0000	0.0000	0.0000	0.0000	0.0000	0.0000	0.0000	0.0000	0.0000	0.0000	0.0000	0.0000											
60	76	0.1870	4	2	1	1	1	0	0	0	0	Y	N	N	N	N	N	N	N	N	N	N	N	0.0000	0.0000	0.0000	0.0000	0.0000	0.0000	0.0000	0.0000	0.0000	0.0000	0.0000	0.0000	0.0000	0.0000	0.0000	0.0000	0.0000	0.0000	0.0000	0.0000	7.0000	0.0000	3.9994	0.0000	0.0000	0.0000	0.0000	0.0000	0.0000	0.0000	0.0000	0.0000	0.0000	0.0000	0.0000	0.0000	0.0000	0.0000	0.0000	0.0000	0.0000	0.0000	0.0000	0.0000	0.0000	0.0000	0.0000	0.0000	0.0000	0.0000	0.0000	0.0000	0.0000	0.0000	0.0000	0.0000	0.0000	0.0000	0.0000	0.0000	0.0000	0.0000	0.0000	0.0000	0.0000	0.0000	0.0000	0.0000	0.0000	0.0000	0.0000	0.0000	0.0000	0.0000	0.0000	0.0000	0.0000	0.0000											
60	77	0.1786	3	2	1	1	1	0	0	0	0	Y	N	N	N	N	N	N	N	N	N	N	N	0.0000	0.0000	0.0000	0.0000	0.0000	0.0000	0.0000	0.0000	0.0000	0.0000	0.0000	0.0000	0.0000	0.0000	0.0000	0.0000	0.0012	0.0019	0.0009	0.0056	0.0058	0.0000	0.0006	0.0000	0.0009	0.8000	0.0000	-0.0000	7.0000	1.0073	3.9994	0.3366	0.0000	0.0000	0.0000	0.0000	0.0000	0.0000	0.0000	0.0000	0.0000	0.0001	0.0001	0.0000	0.0001	0.0001	0.0000	0.0000	0.0000	0.0000	0.1853	0.1588	0.0265	0.0154	0.0138	0.0016	0.1699	0.1450	0.0249	0.0721	0.0265	0.0457	0.0090	0.0086	0.0003	0.0632	0.0178	0.0453	0.0000	0.0000	0.0000	0.0000	0.0000	0.0000	0.0000	0.0000	0.0000	0.0012	0.0019	0.0009	0.0056	0.0058	0.0000	0.0006	0.0000	0.0009			
60	78	0.2044	3	1	1	1	1	0	0	0	0	N	N	N	N	N	N	N	N	N	N	N	N	0.0000	0.0000	0.0000	0.0000	0.0000	0.0000	0.0000	0.0000	0.0000	0.0000	0.0000	0.0000	0.0000	0.0000	0.0000	0.0000	0.0000	0.0000	0.0000	0.0000	7.0000	0.0000	3.9994	0.0000	0.0000	0.0000	0.0000	0.0000	0.0000	0.0000	0.0000	0.0000	0.0000	0.0000	0.0000	0.0000	0.0000	0.0000	0.0000	0.0000	0.0000	0.0000	0.0000	0.0000	0.0000	0.0000	0.0000	0.0000	0.0000	0.0000	0.0000	0.0000	0.0000	0.0000	0.0000	0.0000	0.0000	0.0000	0.0000	0.0000	0.0000	0.0000	0.0000	0.0000	0.0000	0.0000	0.0000	0.0000	0.0000	0.0000	0.0000	0.0000	0.0000	0.0000	0.0000	0.0000	0.0000	0.0000											
60	79	0.1962	2	1	1	1	1	0	0	0	0	N	N	N	N	N	N	N	N	N	N	N	N	0.0000	0.0000	0.0000	0.0000	0.0000	0.0000	0.0000	0.0000	0.0000	0.0000	0.0000	0.0000	0.0000	0.0000	0.0000	0.0000	0.0000	0.0000	0.0000	0.0000	7.0000	0.0000	3.9994	1.0000	0.0000	0.0000	0.0000	0.0000	0.0000	0.0000	0.0000	0.0000	0.0000	0.0000	0.0000	0.0000	0.0000	0.0000	0.0000	0.0000	0.0000	0.0000	0.0000	0.0000	0.0000	0.0000	0.0000	0.0000	0.0000	0.0000	0.0000	0.0676	0.0210	0.0466	0.0224	0.0077	0.0147	0.0452	0.0133	0.0319	0.0000	0.0000	0.0000	0.0000	0.0000	0.0000	0.0000	0.0000	0.0000	0.0000	0.0000	0.0000	0.0000	0.0000	0.0000	0.0000	0.0000	0.0000											
60	80	0.1786	3	1	1	1	0	0	0	0	0	N	N	N	N	N	N	N	N	N	N	N	N	0.0000	0.0000	0.0000	0.0000	0.0000	0.0000	0.0000	0.0000	0.0000	0.0000	0.0000	0.0000	0.0000	0.0000	0.0000	0.0000	0.0004	0.0006	0.0003	0.0023	0.0025	0.0000	0.0002	0.0000	0.0003	0.8000	0.0000	-0.0000	7.0000	3.9927	3.9994	1.0002	0.0000	0.0000	0.0000	0.0000	0.0000	0.0000	0.0000	0.0000	0.0000	0.0001	0.0001	0.0000	0.0001	0.0001	0.0000	0.0000	0.0000	0.0000	0.6804	0.5860	0.0944	0.0568	0.0509	0.0059	0.6236	0.5351	0.0885	0.2283	0.0817	0.1466	0.0214	0.0203	0.0011	0.2069	0.0614	0.1455	0.0000	0.0000	0.0000	0.0000	0.0000	0.0000	0.0000	0.0000	0.0000	0.0004	0.0006	0.0003	0.0023	0.0025	0.0000	0.0002	0.0000	0.0003			
60	81	0.1740	2	1	1	1	0	0	0	0	0	N	N	N	N	N	N	N	N	N	N	N	N	0.0000	0.0000	0.0000	0.0000	0.0000	0.0000	0.0000	0.0000	0.0000	0.0000	0.0000	0.0000	0.0000	0.0000	0.0000	0.0000	0.0027	0.0035	0.0024	0.0145	0.0153	0.0000	0.0033	0.0000	0.0024	1.2500	0.0000	-0.0000	7.0000	0.0110	3.9994	0.6549	0.0000	0.0000	0.0000	0.0000	0.0000	0.0000	0.0000	0.0000	0.0000	0.0001	0.0000	0.0001	0.0000	0.0000	0.0000	0.0001	0.0000	0.0001	0.0021	0.0018	0.0003	0.0002	0.0001	0.0000	0.0019	0.0016	0.0003	0.0328	0.0116	0.0213	0.0028	0.0026	0.0002	0.0301	0.0090	0.0211	0.0000	0.0000	0.0000	0.0000	0.0000	0.0000	0.0000	0.0000	0.0000	0.0027	0.0035	0.0024	0.0145	0.0153	0.0000	0.0017	0.0000	0.0024			
60	82	0.1962	2	1	0	2	1	0	0	0	0	N	N	Y	N	N	N	N	N	N	N	N	N	0.0000	0.0000	0.0000	0.0000	0.0000	0.0000	0.0000	0.0000	0.0000	0.0000	0.0000	0.0000	0.0000	0.0000	0.0000	0.0000	0.0000	0.0000	0.0000	0.0000	7.0000	1.0000	3.9994	0.0000	0.0000	0.0000	0.0000	0.0000	0.0000	0.0000	0.0000	0.0000	0.0000	0.0000	0.0000	0.0000	0.0000	0.0000	0.0000	0.0000	0.0000	0.0000	0.1832	0.1568	0.0264	0.0058	0.0050	0.0008	0.1774	0.1517	0.0256	0.0676	0.0210	0.0466	0.0224	0.0077	0.0147	0.0452	0.0133	0.0319	0.0000	0.0000	0.0000	0.0000	0.0000	0.0000	0.0000	0.0000	0.0000	0.0000	0.0000	0.0000	0.0000	0.0000	0.0000	0.0000	0.0000	0.0000											
60	83	0.1962	2	1	0	2	1	0	0	0	0	N	N	Y	N	N	N	N	N	N	N	N	N	0.0000	0.0000	0.0000	0.0000	0.0000	0.0000	0.0000	0.0000	0.0000	0.0000	0.0000	0.0000	0.0000	0.0000	0.0000	0.0000	0.0000	0.0000	0.0000	0.0000	7.0000	0.0000	3.9994	0.0000	0.0000	0.0000	0.0000	0.0000	0.0000	0.0000	0.0000	0.0000	0.0000	0.0000	0.0000	0.0000	0.0000	0.0000	0.0000	0.0000	0.0000	0.0000	0.0000	0.0000	0.0000	0.0000	0.0000	0.0000	0.0000	0.0000	0.0000	0.0000	0.0000	0.0000	0.0000	0.0000	0.0000	0.0000	0.0000	0.0000	0.0000	0.0000	0.0000	0.0000	0.0000	0.0000	0.0000	0.0000	0.0000	0.0000	0.0000	0.0000	0.0000	0.0000	0.0000	0.0000	0.0000	0.0000											
60	85	0.2571	2	2	1	1	0	0	0	0	0	Y	N	N	N	N	N	N	N	N	N	N	N	0.0000	0.0000	0.0000	0.0000	0.0000	0.0000	0.0000	0.0000	0.0000	0.0000	0.0000	0.0000	0.0000	0.0000	0.0000	0.0000	0.0000	0.0000	0.0000	0.0000	7.0000	0.0000	3.9994	0.0000	0.0000	0.0000	0.0000	0.0000	0.0000	0.0000	0.0000	0.0000	0.0000	0.0000	0.0000	0.0000	0.0000	0.0000	0.0000	0.0000	0.0000	0.0000	0.0000	0.0000	0.0000	0.0000	0.0000	0.0000	0.0000	0.0000	0.0000	0.0000	0.0000	0.0000	0.0000	0.0000	0.0000	0.0000	0.0000	0.0000	0.0000	0.0000	0.0000	0.0000	0.0000	0.0000	0.0000	0.0000	0.0000	0.0000	0.0000	0.0000	0.0000	0.0000	0.0000	0.0000	0.0000	0.0000											
60	88	0.1740	2	2	1	1	0	0	0	0	0	Y	N	N	N	N	N	N	N	N	N	N	N	0.0000	0.0000	0.0000	0.0000	0.0000	0.0000	0.0000	0.0000	0.0000	0.0000	0.0000	0.0000	0.0000	0.0000	0.0000	0.0000	0.0000	0.0000	0.0000	0.0000	7.0000	0.0000	3.9994	0.0000	0.0000	0.0000	0.0000	0.0000	0.0000	0.0000	0.0000	0.0000	0.0000	0.0000	0.0000	0.0000	0.0000	0.0000	0.0000	0.0000	0.0000	0.0000	0.0000	0.0000	0.0000	0.0000	0.0000	0.0000	0.0000	0.0000	0.0000	0.0000	0.0000	0.0000	0.0000	0.0000	0.0000	0.0000	0.0000	0.0000	0.0000	0.0000	0.0000	0.0000	0.0000	0.0000	0.0000	0.0000	0.0000	0.0000	0.0000	0.0000	0.0000	0.0000	0.0000	0.0000	0.0000	0.0000											
60	91	0.2651	3	1	0	1	0	0	0	0	0	N	N	N	N	N	N	N	N	N	N	N	N	2.2522	0.2973	3260351.3940	0.4501	0.3372	inf	852471.8981	inf	3354509.6121	2.2308	0.8720	11.1207	1.8406	1.7604	3.3498	2.2895	0.7235	11.5277	0.9905	2.9332	0.0000	4.0892	5.2202	0.0000	0.0000	0.0000	0.0000	1.9492	0.0000	1.2322	-0.2082	7.0000	11.5137	3.9994	4.9035	4.4732	1.5168	2.9564	0.4830	0.4387	0.0443	3.9902	1.0781	2.9121	0.3098	0.3098	0.0000	0.3098	0.3098	0.0000	0.0000	0.0000	0.0000	2.0052	1.7394	0.2658	0.2624	0.2492	0.0132	1.7428	1.4902	0.2526	0.9480	0.2896	0.6584	0.1119	0.1070	0.0049	0.8361	0.1827	0.6535	6.8271	0.8153	3260351.3940	0.6647	0.6079	inf	852471.8981	inf	3354509.6121	0.3268	1.0695	0.0000	2.7690	2.8959	0.0000	0.0000	0.0000	0.0000
61	63	0.1015	2	1	1	1	0	0	0	0	0	N	N	N	N	N	N	N	N	N	N	N	N	0.0000	0.0000	0.0000	0.0000	0.0000	0.0000	0.0000	0.0000	0.0000	0.0000	0.0000	0.0000	0.0000	0.0000	0.0000	0.0000	0.0000	0.0000	0.0000	0.0000	2.0000	7.0000	0.0000	4.0000	0.0000	0.0000	0.0000	0.0000	0.0000	0.0000	0.0000	0.0000	0.0000	0.0000	0.0000	0.0000	0.0000	0.0000	0.0000	0.0000	0.0000	0.0000	0.3348	0.2799	0.0549	0.0269	0.0250	0.0018	0.3080	0.2549	0.0531	0.1048	0.0399	0.0649	0.0530	0.0257	0.0273	0.0518	0.0142	0.0376	0.0000	0.0000	0.0000	0.0000	0.0000	0.0000	0.0000	0.0000	0.0000	0.0000	0.0000	0.0000	0.0000	0.0000	0.0000	0.0000	0.0000	0.0000											
61	64	0.2081	5	1	0	2	0	0	0	0	0	N	N	Y	N	N	N	N	N	N	N	N	N	0.0000	0.0000	0.0000	0.0000	0.0000	0.0000	0.0000	0.0000	0.0000	0.0000	0.0000	0.0000	0.0000	0.0000	0.0000	0.0000	0.0000	0.0000	0.0000	0.0000	2.0000	0.0000	0.0000	0.0000	0.0000	0.0000	0.0000	0.0000	0.0000	0.0000	0.0000	0.0000	0.0000	0.0000	0.0000	0.0000	0.0000	0.0000	0.0000	0.0000	0.0000	0.0000	0.0000	0.0000	0.0000	0.0000	0.0000	0.0000	0.0000	0.0000	0.0000	0.0000	0.0000	0.0000	0.0000	0.0000	0.0000	0.0000	0.0000	0.0000	0.0000	0.0000	0.0000	0.0000	0.0000	0.0000	0.0000	0.0000	0.0000	0.0000	0.0000	0.0000	0.0000	0.0000	0.0000	0.0000	0.0000	0.0000											
61	65	0.1838	4	1	0	2	0	0	0	0	0	N	N	Y	N	N	N	N	N	N	N	N	N	0.0000	0.0000	0.0000	0.0000	0.0000	0.0000	0.0000	0.0000	0.0000	0.0000	0.0000	0.0000	0.0000	0.0000	0.0000	0.0000	0.0000	0.0000	0.0000	0.0000	2.0000	0.8734	0.0000	1.0002	0.0000	0.0000	0.0000	0.0000	0.0000	0.0000	0.0000	0.0000	0.0000	0.0000	0.0000	0.0000	0.0000	0.0000	0.0000	0.0000	0.0000	0.0000	0.0487	0.0400	0.0088	0.0044	0.0041	0.0003	0.0443	0.0359	0.0085	0.0288	0.0111	0.0177	0.0043	0.0043	0.0000	0.0245	0.0068	0.0177	0.0000	0.0000	0.0000	0.0000	0.0000	0.0000	0.0000	0.0000	0.0000	0.0000	0.0000	0.0000	0.0000	0.0000	0.0000	0.0000	0.0000	0.0000											
61	66	0.1693	3	1	0	1	0	0	0	0	0	N	N	N	N	N	N	N	N	N	N	N	N	0.0000	0.0000	0.0000	0.0000	0.0000	0.0000	0.0000	0.0000	0.0000	0.0000	0.0000	0.0000	0.0000	0.0000	0.0000	0.0000	0.0000	0.0000	0.0000	0.0000	2.0000	1.0063	0.0000	0.0727	0.0000	0.0000	0.0000	0.0000	0.0000	0.0000	0.0000	0.0000	0.0000	0.0000	0.0000	0.0000	0.0000	0.0000	0.0000	0.0000	0.0000	0.0000	0.0568	0.0466	0.0102	0.0054	0.0051	0.0003	0.0514	0.0416	0.0098	0.0218	0.0094	0.0124	0.0050	0.0050	0.0000	0.0168	0.0044	0.0124	0.0000	0.0000	0.0000	0.0000	0.0000	0.0000	0.0000	0.0000	0.0000	0.0000	0.0000	0.0000	0.0000	0.0000	0.0000	0.0000	0.0000	0.0000											
61	67	0.1015	2	1	0	1	0	0	0	0	0	N	N	N	N	N	N	N	N	N	N	N	N	0.0000	0.0000	0.0000	0.0000	0.0000	0.0000	0.0000	0.0000	0.0000	0.0000	0.0000	0.0000	0.0000	0.0000	0.0000	0.0000	0.0000	0.0000	0.0000	0.0000	2.0000	4.0009	0.0000	1.0789	0.0000	0.0000	0.0000	0.0000	0.0000	0.0000	0.0000	0.0000	0.0000	0.0000	0.0000	0.0000	0.0000	0.0000	0.0000	0.0000	0.0000	0.0000	0.2063	0.1709	0.0354	0.0164	0.0153	0.0011	0.1899	0.1556	0.0343	0.0572	0.0218	0.0353	0.0304	0.0146	0.0158	0.0268	0.0072	0.0196	0.0000	0.0000	0.0000	0.0000	0.0000	0.0000	0.0000	0.0000	0.0000	0.0000	0.0000	0.0000	0.0000	0.0000	0.0000	0.0000	0.0000	0.0000											
61	68	0.1015	2	1	1	1	0	0	0	0	0	N	N	N	N	N	N	N	N	N	N	N	N	0.0000	0.0000	0.0000	0.0000	0.0000	0.0000	0.0000	0.0000	0.0000	0.0000	0.0000	0.0000	0.0000	0.0000	0.0000	0.0000	0.0000	0.0000	0.0000	0.0000	2.0000	5.0000	0.0000	3.9994	0.0000	0.0000	0.0000	0.0000	0.0000	0.0000	0.0000	0.0000	0.0000	0.0000	0.0000	0.0000	0.0000	0.0000	0.0000	0.0000	0.0000	0.0000	0.2513	0.2089	0.0425	0.0201	0.0187	0.0014	0.2313	0.1902	0.0411	0.0905	0.0345	0.0560	0.0466	0.0225	0.0240	0.0440	0.0120	0.0320	0.0000	0.0000	0.0000	0.0000	0.0000	0.0000	0.0000	0.0000	0.0000	0.0000	0.0000	0.0000	0.0000	0.0000	0.0000	0.0000	0.0000	0.0000											
61	69	0.1015	2	2	0	2	0	0	0	0	0	Y	N	Y	N	N	N	N	N	N	N	N	N	0.0000	0.0000	0.0000	0.0000	0.0000	0.0000	0.0000	0.0000	0.0000	0.0000	0.0000	0.0000	0.0000	0.0000	0.0000	0.0000	0.0000	0.0000	0.0000	0.0000	2.0000	7.0000	0.0000	2.9994	0.0000	0.0000	0.0000	0.0000	0.0000	0.0000	0.0000	0.0000	0.0000	0.0000	0.0000	0.0000	0.0000	0.0000	0.0000	0.0000	0.0000	0.0000	0.3348	0.2799	0.0549	0.0269	0.0250	0.0018	0.3080	0.2549	0.0531	0.0979	0.0373	0.0606	0.0499	0.0242	0.0257	0.0480	0.0131	0.0349	0.0000	0.0000	0.0000	0.0000	0.0000	0.0000	0.0000	0.0000	0.0000	0.0000	0.0000	0.0000	0.0000	0.0000	0.0000	0.0000	0.0000	0.0000											
61	70	0.1015	2	1	1	1	1	0	0	0	0	N	N	N	N	N	N	N	N	N	N	N	N	0.0000	0.0000	0.0000	0.0000	0.0000	0.0000	0.0000	0.0000	0.0000	0.0000	0.0000	0.0000	0.0000	0.0000	0.0000	0.0000	0.0000	0.0000	0.0000	0.0000	2.0000	4.0000	0.0000	5.0006	0.0000	0.0000	0.0000	0.0000	0.0000	0.0000	0.0000	0.0000	0.0000	0.0000	0.0000	0.0000	0.0000	0.0000	0.0000	0.0000	0.0000	0.0000	0.2063	0.1709	0.0354	0.0164	0.0153	0.0011	0.1899	0.1556	0.0343	0.0906	0.0345	0.0560	0.0466	0.0225	0.0240	0.0440	0.0120	0.0320	0.0000	0.0000	0.0000	0.0000	0.0000	0.0000	0.0000	0.0000	0.0000	0.0000	0.0000	0.0000	0.0000	0.0000	0.0000	0.0000	0.0000	0.0000											
61	71	0.1015	2	1	1	1	0	0	0	0	0	N	N	N	N	N	N	N	N	N	N	N	N	0.0000	0.0000	0.0000	0.0000	0.0000	0.0000	0.0000	0.0000	0.0000	0.0000	0.0000	0.0000	0.0000	0.0000	0.0000	0.0000	0.0000	0.0000	0.0000	0.0000	2.0000	7.0000	0.0000	4.9994	0.0000	0.0000	0.0000	0.0000	0.0000	0.0000	0.0000	0.0000	0.0000	0.0000	0.0000	0.0000	0.0000	0.0000	0.0000	0.0000	0.0000	0.0000	0.3348	0.2799	0.0549	0.0269	0.0250	0.0018	0.3080	0.2549	0.0531	0.1113	0.0423	0.0689	0.0558	0.0271	0.0287	0.0555	0.0153	0.0402	0.0000	0.0000	0.0000	0.0000	0.0000	0.0000	0.0000	0.0000	0.0000	0.0000	0.0000	0.0000	0.0000	0.0000	0.0000	0.0000	0.0000	0.0000											
61	72	0.1580	3	1	1	1	0	0	0	0	0	N	N	N	N	N	N	N	N	N	N	N	N	0.0000	0.0000	0.0000	0.0000	0.0000	0.0000	0.0000	0.0000	0.0000	0.0000	0.0000	0.0000	0.0000	0.0000	0.0000	0.0000	0.0000	0.0000	0.0000	0.0000	2.0000	4.7764	0.0000	1.3205	0.0000	0.0000	0.0000	0.0000	0.0000	0.0000	0.0000	0.0000	0.0000	0.0000	0.0000	0.0000	0.0000	0.0000	0.0000	0.0000	0.0000	0.0000	0.2605	0.2182	0.0424	0.0300	0.0280	0.0020	0.2305	0.1901	0.0403	0.0742	0.0194	0.0547	0.0294	0.0109	0.0185	0.0448	0.0085	0.0363	0.0000	0.0000	0.0000	0.0000	0.0000	0.0000	0.0000	0.0000	0.0000	0.0000	0.0000	0.0000	0.0000	0.0000	0.0000	0.0000	0.0000	0.0000											
61	73	0.1015	2	1	1	1	0	0	0	0	0	N	N	N	N	N	N	N	N	N	N	N	N	0.0000	0.0000	0.0000	0.0000	0.0000	0.0000	0.0000	0.0000	0.0000	0.0000	0.0000	0.0000	0.0000	0.0000	0.0000	0.0000	0.0000	0.0000	0.0000	0.0000	2.0000	3.3049	0.0000	2.7470	0.0000	0.0000	0.0000	0.0000	0.0000	0.0000	0.0000	0.0000	0.0000	0.0000	0.0000	0.0000	0.0000	0.0000	0.0000	0.0000	0.0000	0.0000	0.1736	0.1435	0.0301	0.0138	0.0129	0.0009	0.1598	0.1306	0.0292	0.0662	0.0253	0.0409	0.0349	0.0168	0.0181	0.0313	0.0085	0.0228	0.0000	0.0000	0.0000	0.0000	0.0000	0.0000	0.0000	0.0000	0.0000	0.0000	0.0000	0.0000	0.0000	0.0000	0.0000	0.0000	0.0000	0.0000											
61	74	0.1602	3	1	1	1	0	0	0	0	0	N	N	N	N	N	N	N	N	N	N	N	N	0.0000	0.0000	0.0000	0.0000	0.0000	0.0000	0.0000	0.0000	0.0000	0.0000	0.0000	0.0000	0.0000	0.0000	0.0000	0.0000	0.0000	0.0000	0.0000	0.0000	2.0000	0.0000	0.0000	0.0000	0.0000	0.0000	0.0000	0.0000	0.0000	0.0000	0.0000	0.0000	0.0000	0.0000	0.0000	0.0000	0.0000	0.0000	0.0000	0.0000	0.0000	0.0000	0.0000	0.0000	0.0000	0.0000	0.0000	0.0000	0.0000	0.0000	0.0000	0.0000	0.0000	0.0000	0.0000	0.0000	0.0000	0.0000	0.0000	0.0000	0.0000	0.0000	0.0000	0.0000	0.0000	0.0000	0.0000	0.0000	0.0000	0.0000	0.0000	0.0000	0.0000	0.0000	0.0000	0.0000	0.0000	0.0000											
61	75	0.1015	2	1	1	1	0	0	0	0	0	N	N	N	N	N	N	N	N	N	N	N	N	0.0000	0.0000	0.0000	0.0000	0.0000	0.0000	0.0000	0.0000	0.0000	0.0000	0.0000	0.0000	0.0000	0.0000	0.0000	0.0000	0.0000	0.0000	0.0000	0.0000	2.0000	4.3567	0.0000	2.3689	0.0000	0.0000	0.0000	0.0000	0.0000	0.0000	0.0000	0.0000	0.0000	0.0000	0.0000	0.0000	0.0000	0.0000	0.0000	0.0000	0.0000	0.0000	0.2226	0.1846	0.0380	0.0177	0.0165	0.0012	0.2049	0.1681	0.0368	0.0722	0.0275	0.0446	0.0378	0.0182	0.0196	0.0343	0.0093	0.0250	0.0000	0.0000	0.0000	0.0000	0.0000	0.0000	0.0000	0.0000	0.0000	0.0000	0.0000	0.0000	0.0000	0.0000	0.0000	0.0000	0.0000	0.0000											
61	76	0.1688	5	2	1	1	1	0	0	0	0	Y	N	N	N	N	N	N	N	N	N	N	N	0.0000	0.0000	0.0000	0.0000	0.0000	0.0000	0.0000	0.0000	0.0000	0.0000	0.0000	0.0000	0.0000	0.0000	0.0000	0.0000	0.0000	0.0000	0.0000	0.0000	2.0000	0.0000	0.0000	0.0000	0.0000	0.0000	0.0000	0.0000	0.0000	0.0000	0.0000	0.0000	0.0000	0.0000	0.0000	0.0000	0.0000	0.0000	0.0000	0.0000	0.0000	0.0000	0.0000	0.0000	0.0000	0.0000	0.0000	0.0000	0.0000	0.0000	0.0000	0.0000	0.0000	0.0000	0.0000	0.0000	0.0000	0.0000	0.0000	0.0000	0.0000	0.0000	0.0000	0.0000	0.0000	0.0000	0.0000	0.0000	0.0000	0.0000	0.0000	0.0000	0.0000	0.0000	0.0000	0.0000	0.0000	0.0000											
61	77	0.1605	4	2	1	1	1	0	0	0	0	Y	N	N	N	N	N	N	N	N	N	N	N	0.0000	0.0000	0.0000	0.0000	0.0000	0.0000	0.0000	0.0000	0.0000	0.0000	0.0000	0.0000	0.0000	0.0000	0.0000	0.0000	0.0000	0.0000	0.0000	0.0000	2.0000	1.0073	0.0000	0.3366	0.0000	0.0000	0.0000	0.0000	0.0000	0.0000	0.0000	0.0000	0.0000	0.0000	0.0000	0.0000	0.0000	0.0000	0.0000	0.0000	0.0000	0.0000	0.0523	0.0443	0.0080	0.0094	0.0086	0.0008	0.0429	0.0358	0.0072	0.0109	0.0048	0.0061	0.0031	0.0030	0.0001	0.0078	0.0018	0.0061	0.0000	0.0000	0.0000	0.0000	0.0000	0.0000	0.0000	0.0000	0.0000	0.0000	0.0000	0.0000	0.0000	0.0000	0.0000	0.0000	0.0000	0.0000											
61	78	0.1863	4	1	1	1	1	0	0	0	0	N	N	N	N	N	N	N	N	N	N	N	N	0.0000	0.0000	0.0000	0.0000	0.0000	0.0000	0.0000	0.0000	0.0000	0.0000	0.0000	0.0000	0.0000	0.0000	0.0000	0.0000	0.0000	0.0000	0.0000	0.0000	2.0000	0.0000	0.0000	0.0000	0.0000	0.0000	0.0000	0.0000	0.0000	0.0000	0.0000	0.0000	0.0000	0.0000	0.0000	0.0000	0.0000	0.0000	0.0000	0.0000	0.0000	0.0000	0.0000	0.0000	0.0000	0.0000	0.0000	0.0000	0.0000	0.0000	0.0000	0.0000	0.0000	0.0000	0.0000	0.0000	0.0000	0.0000	0.0000	0.0000	0.0000	0.0000	0.0000	0.0000	0.0000	0.0000	0.0000	0.0000	0.0000	0.0000	0.0000	0.0000	0.0000	0.0000	0.0000	0.0000	0.0000	0.0000											
61	79	0.1780	3	1	1	1	1	0	0	0	0	N	N	N	N	N	N	N	N	N	N	N	N	0.0000	0.0000	0.0000	0.0000	0.0000	0.0000	0.0000	0.0000	0.0000	0.0000	0.0000	0.0000	0.0000	0.0000	0.0000	0.0000	0.0000	0.0000	0.0000	0.0000	2.0000	0.0000	0.0000	1.0000	0.0000	0.0000	0.0000	0.0000	0.0000	0.0000	0.0000	0.0000	0.0000	0.0000	0.0000	0.0000	0.0000	0.0000	0.0000	0.0000	0.0000	0.0000	0.0000	0.0000	0.0000	0.0000	0.0000	0.0000	0.0000	0.0000	0.0000	0.0152	0.0053	0.0099	0.0019	0.0018	0.0001	0.0133	0.0035	0.0098	0.0000	0.0000	0.0000	0.0000	0.0000	0.0000	0.0000	0.0000	0.0000	0.0000	0.0000	0.0000	0.0000	0.0000	0.0000	0.0000	0.0000	0.0000											
61	80	0.1605	4	1	1	1	0	0	0	0	0	N	N	N	N	N	N	N	N	N	N	N	N	0.0000	0.0000	0.0000	0.0000	0.0000	0.0000	0.0000	0.0000	0.0000	0.0000	0.0000	0.0000	0.0000	0.0000	0.0000	0.0000	0.0000	0.0000	0.0000	0.0000	2.0000	3.9927	0.0000	1.0002	0.0000	0.0000	0.0000	0.0000	0.0000	0.0000	0.0000	0.0000	0.0000	0.0000	0.0000	0.0000	0.0000	0.0000	0.0000	0.0000	0.0000	0.0000	0.1917	0.1636	0.0281	0.0348	0.0317	0.0031	0.1569	0.1319	0.0250	0.0340	0.0147	0.0193	0.0087	0.0085	0.0002	0.0253	0.0062	0.0191	0.0000	0.0000	0.0000	0.0000	0.0000	0.0000	0.0000	0.0000	0.0000	0.0000	0.0000	0.0000	0.0000	0.0000	0.0000	0.0000	0.0000	0.0000											
61	81	0.1558	3	1	1	1	0	0	0	0	0	N	N	N	N	N	N	N	N	N	N	N	N	0.0000	0.0000	0.0000	0.0000	0.0000	0.0000	0.0000	0.0000	0.0000	0.0000	0.0000	0.0000	0.0000	0.0000	0.0000	0.0000	0.0000	0.0000	0.0000	0.0000	2.0000	0.0110	0.0000	0.6549	0.0000	0.0000	0.0000	0.0000	0.0000	0.0000	0.0000	0.0000	0.0000	0.0000	0.0000	0.0000	0.0000	0.0000	0.0000	0.0000	0.0000	0.0000	0.0006	0.0005	0.0001	0.0001	0.0001	0.0000	0.0005	0.0004	0.0001	0.0048	0.0021	0.0028	0.0012	0.0012	0.0000	0.0036	0.0009	0.0027	0.0000	0.0000	0.0000	0.0000	0.0000	0.0000	0.0000	0.0000	0.0000	0.0000	0.0000	0.0000	0.0000	0.0000	0.0000	0.0000	0.0000	0.0000											
61	82	0.1780	3	1	0	2	1	0	0	0	0	N	N	Y	N	N	N	N	N	N	N	N	N	0.0000	0.0000	0.0000	0.0000	0.0000	0.0000	0.0000	0.0000	0.0000	0.0000	0.0000	0.0000	0.0000	0.0000	0.0000	0.0000	0.0000	0.0000	0.0000	0.0000	2.0000	1.0000	0.0000	0.0000	0.0000	0.0000	0.0000	0.0000	0.0000	0.0000	0.0000	0.0000	0.0000	0.0000	0.0000	0.0000	0.0000	0.0000	0.0000	0.0000	0.0000	0.0000	0.0517	0.0437	0.0080	0.0064	0.0058	0.0006	0.0454	0.0380	0.0074	0.0152	0.0053	0.0099	0.0019	0.0018	0.0001	0.0133	0.0035	0.0098	0.0000	0.0000	0.0000	0.0000	0.0000	0.0000	0.0000	0.0000	0.0000	0.0000	0.0000	0.0000	0.0000	0.0000	0.0000	0.0000	0.0000	0.0000											
61	83	0.1780	3	1	0	2	1	0	0	0	0	N	N	Y	N	N	N	N	N	N	N	N	N	0.0000	0.0000	0.0000	0.0000	0.0000	0.0000	0.0000	0.0000	0.0000	0.0000	0.0000	0.0000	0.0000	0.0000	0.0000	0.0000	0.0000	0.0000	0.0000	0.0000	2.0000	0.0000	0.0000	0.0000	0.0000	0.0000	0.0000	0.0000	0.0000	0.0000	0.0000	0.0000	0.0000	0.0000	0.0000	0.0000	0.0000	0.0000	0.0000	0.0000	0.0000	0.0000	0.0000	0.0000	0.0000	0.0000	0.0000	0.0000	0.0000	0.0000	0.0000	0.0000	0.0000	0.0000	0.0000	0.0000	0.0000	0.0000	0.0000	0.0000	0.0000	0.0000	0.0000	0.0000	0.0000	0.0000	0.0000	0.0000	0.0000	0.0000	0.0000	0.0000	0.0000	0.0000	0.0000	0.0000	0.0000	0.0000											
61	84	0.1015	2	1	0	1	1	0	0	0	0	N	N	N	N	N	N	N	N	N	N	N	N	0.0000	0.0000	0.0000	0.0000	0.0000	0.0000	0.0000	0.0000	0.0000	0.0000	0.0000	0.0000	0.0000	0.0000	0.0000	0.0000	0.0000	0.0000	0.0000	0.0000	2.0000	3.0000	0.0000	5.9994	0.0000	0.0000	0.0000	0.0000	0.0000	0.0000	0.0000	0.0000	0.0000	0.0000	0.0000	0.0000	0.0000	0.0000	0.0000	0.0000	0.0000	0.0000	0.1588	0.1311	0.0277	0.0126	0.0118	0.0009	0.1462	0.1194	0.0268	0.0905	0.0345	0.0560	0.0466	0.0225	0.0240	0.0440	0.0120	0.0320	0.0000	0.0000	0.0000	0.0000	0.0000	0.0000	0.0000	0.0000	0.0000	0.0000	0.0000	0.0000	0.0000	0.0000	0.0000	0.0000	0.0000	0.0000											
61	85	0.2390	3	2	1	1	0	0	0	0	0	Y	N	N	N	N	N	N	N	N	N	N	N	0.0000	0.0000	0.0000	0.0000	0.0000	0.0000	0.0000	0.0000	0.0000	0.0000	0.0000	0.0000	0.0000	0.0000	0.0000	0.0000	0.0000	0.0000	0.0000	0.0000	2.0000	0.0000	0.0000	0.0000	0.0000	0.0000	0.0000	0.0000	0.0000	0.0000	0.0000	0.0000	0.0000	0.0000	0.0000	0.0000	0.0000	0.0000	0.0000	0.0000	0.0000	0.0000	0.0000	0.0000	0.0000	0.0000	0.0000	0.0000	0.0000	0.0000	0.0000	0.0000	0.0000	0.0000	0.0000	0.0000	0.0000	0.0000	0.0000	0.0000	0.0000	0.0000	0.0000	0.0000	0.0000	0.0000	0.0000	0.0000	0.0000	0.0000	0.0000	0.0000	0.0000	0.0000	0.0000	0.0000	0.0000	0.0000											
61	86	0.1015	2	2	1	1	0	0	0	0	0	Y	N	N	N	N	N	N	N	N	N	N	N	0.0000	0.0000	0.0000	0.0000	0.0000	0.0000	0.0000	0.0000	0.0000	0.0000	0.0000	0.0000	0.0000	0.0000	0.0000	0.0000	0.0000	0.0000	0.0000	0.0000	2.0000	5.0000	0.0000	7.0006	0.0000	0.0000	0.0000	0.0000	0.0000	0.0000	0.0000	0.0000	0.0000	0.0000	0.0000	0.0000	0.0000	0.0000	0.0000	0.0000	0.0000	0.0000	0.2513	0.2089	0.0425	0.0201	0.0187	0.0014	0.2313	0.1902	0.0411	0.1113	0.0424	0.0689	0.0558	0.0271	0.0287	0.0555	0.0153	0.0403	0.0000	0.0000	0.0000	0.0000	0.0000	0.0000	0.0000	0.0000	0.0000	0.0000	0.0000	0.0000	0.0000	0.0000	0.0000	0.0000	0.0000	0.0000											
61	87	0.1015	2	1	1	1	0	0	0	0	0	N	N	N	N	N	N	N	N	N	N	N	N	0.0000	0.0000	0.0000	0.0000	0.0000	0.0000	0.0000	0.0000	0.0000	0.0000	0.0000	0.0000	0.0000	0.0000	0.0000	0.0000	0.0000	0.0000	0.0000	0.0000	2.0000	1.0000	0.0000	3.0006	0.0000	0.0000	0.0000	0.0000	0.0000	0.0000	0.0000	0.0000	0.0000	0.0000	0.0000	0.0000	0.0000	0.0000	0.0000	0.0000	0.0000	0.0000	0.0559	0.0458	0.0101	0.0044	0.0041	0.0003	0.0515	0.0417	0.0098	0.0465	0.0178	0.0287	0.0249	0.0120	0.0130	0.0216	0.0058	0.0158	0.0000	0.0000	0.0000	0.0000	0.0000	0.0000	0.0000	0.0000	0.0000	0.0000	0.0000	0.0000	0.0000	0.0000	0.0000	0.0000	0.0000	0.0000											
61	88	0.1558	3	2	1	1	0	0	0	0	0	Y	N	N	N	N	N	N	N	N	N	N	N	0.0000	0.0000	0.0000	0.0000	0.0000	0.0000	0.0000	0.0000	0.0000	0.0000	0.0000	0.0000	0.0000	0.0000	0.0000	0.0000	0.0000	0.0000	0.0000	0.0000	2.0000	0.0000	0.0000	0.0000	0.0000	0.0000	0.0000	0.0000	0.0000	0.0000	0.0000	0.0000	0.0000	0.0000	0.0000	0.0000	0.0000	0.0000	0.0000	0.0000	0.0000	0.0000	0.0000	0.0000	0.0000	0.0000	0.0000	0.0000	0.0000	0.0000	0.0000	0.0000	0.0000	0.0000	0.0000	0.0000	0.0000	0.0000	0.0000	0.0000	0.0000	0.0000	0.0000	0.0000	0.0000	0.0000	0.0000	0.0000	0.0000	0.0000	0.0000	0.0000	0.0000	0.0000	0.0000	0.0000	0.0000	0.0000											
61	89	0.1015	2	1	1	1	0	0	0	0	0	N	N	N	N	N	N	N	N	N	N	N	N	0.0000	0.0000	0.0000	0.0000	0.0000	0.0000	0.0000	0.0000	0.0000	0.0000	0.0000	0.0000	0.0000	0.0000	0.0000	0.0000	0.0000	0.0000	0.0000	0.0000	2.0000	4.0000	0.0000	4.0001	0.0000	0.0000	0.0000	0.0000	0.0000	0.0000	0.0000	0.0000	0.0000	0.0000	0.0000	0.0000	0.0000	0.0000	0.0000	0.0000	0.0000	0.0000	0.2063	0.1709	0.0354	0.0164	0.0153	0.0011	0.1899	0.1556	0.0343	0.0828	0.0316	0.0512	0.0429	0.0207	0.0222	0.0398	0.0108	0.0290	0.0000	0.0000	0.0000	0.0000	0.0000	0.0000	0.0000	0.0000	0.0000	0.0000	0.0000	0.0000	0.0000	0.0000	0.0000	0.0000	0.0000	0.0000											
61	91	0.2470	4	1	0	1	0	0	0	0	0	N	N	N	N	N	N	N	N	N	N	N	N	0.0000	0.0000	0.0000	0.0000	0.0000	0.0000	0.0000	0.0000	0.0000	0.0000	0.0000	0.0000	0.0000	0.0000	0.0000	0.0000	0.0000	0.0000	0.0000	0.0000	2.0000	11.5137	0.0000	4.9035	0.0000	0.0000	0.0000	0.0000	0.0000	0.0000	0.0000	0.0000	0.0000	0.0000	0.0000	0.0000	0.0000	0.0000	0.0000	0.0000	0.0000	0.0000	0.5645	0.4826	0.0818	0.1135	0.1045	0.0089	0.4510	0.3781	0.0729	0.1602	0.0712	0.0890	0.0861	0.0516	0.0344	0.0742	0.0196	0.0546	0.0000	0.0000	0.0000	0.0000	0.0000	0.0000	0.0000	0.0000	0.0000	0.0000	0.0000	0.0000	0.0000	0.0000	0.0000	0.0000	0.0000	0.0000											
62	64	0.1891	4	1	0	2	0	0	0	0	0	N	N	Y	N	N	N	N	N	N	N	N	N	0.0000	0.0000	0.0000	0.0000	0.0000	0.0000	0.0000	0.0000	0.0000	0.0000	0.0000	0.0000	0.0000	0.0000	0.0000	0.0000	0.0000	0.0000	0.0000	0.0000	4.0000	0.0000	3.9994	0.0000	0.0000	0.0000	0.0000	0.0000	0.0000	0.0000	0.0000	0.0000	0.0000	0.0000	0.0000	0.0000	0.0000	0.0000	0.0000	0.0000	0.0000	0.0000	0.0000	0.0000	0.0000	0.0000	0.0000	0.0000	0.0000	0.0000	0.0000	0.0000	0.0000	0.0000	0.0000	0.0000	0.0000	0.0000	0.0000	0.0000	0.0000	0.0000	0.0000	0.0000	0.0000	0.0000	0.0000	0.0000	0.0000	0.0000	0.0000	0.0000	0.0000	0.0000	0.0000	0.0000	0.0000	0.0000											
62	65	0.1648	3	1	0	2	0	0	0	0	0	N	N	Y	N	N	N	N	N	N	N	N	N	0.0000	0.0000	0.0000	0.0000	0.0000	0.0000	0.0000	0.0000	0.0000	0.0000	0.0000	0.0000	0.0000	0.0000	0.0000	0.0000	0.0000	0.0000	0.0000	0.0000	4.0000	0.8734	3.9994	1.0002	0.0000	0.0000	0.0000	0.0000	0.0000	0.0000	0.0000	0.0000	0.0000	0.0000	0.0000	0.0000	0.0000	0.0000	0.0000	0.0000	0.0000	0.0000	0.0985	0.0814	0.0171	0.0039	0.0037	0.0002	0.0945	0.0777	0.0169	0.1146	0.0198	0.0948	0.0264	0.0055	0.0209	0.0881	0.0143	0.0738	0.0000	0.0000	0.0000	0.0000	0.0000	0.0000	0.0000	0.0000	0.0000	0.0000	0.0000	0.0000	0.0000	0.0000	0.0000	0.0000	0.0000	0.0000											
62	66	0.1502	2	1	0	1	0	0	0	0	0	N	N	N	N	N	N	N	N	N	N	N	N	0.0042	0.0012	0.0000	0.0292	0.0526	0.0000	0.0026	inf	0.0000	0.0005	0.0006	0.0000	0.0096	0.0101	0.0000	0.0001	0.0001	0.0000	0.1243	0.5174	0.1304	0.3291	0.1914	0.4498	0.0354	0.0000	0.0423	0.0000	3.5936	-0.0000	0.0012	4.0000	1.0063	3.9994	0.0727	0.0001	0.0001	0.0000	0.0001	0.0001	0.0000	0.0000	0.0000	0.0000	0.0106	0.0023	0.0083	0.0085	0.0023	0.0062	0.0021	0.0000	0.0021	0.1148	0.0949	0.0199	0.0052	0.0050	0.0002	0.1096	0.0899	0.0196	0.0850	0.0216	0.0634	0.0257	0.0120	0.0137	0.0593	0.0096	0.0497	0.0042	0.0060	0.0000	0.0292	0.0526	0.0000	0.0026	inf	0.0000	0.1243	0.1062	0.1304	0.3291	0.1914	0.4498	0.0354	0.0000	0.0423
62	72	0.1390	2	1	1	1	0	0	0	0	0	N	N	N	N	N	N	N	N	N	N	N	N	1.0834	61.5288	0.0112	0.2224	0.2158	inf	0.9223	inf	0.0112	1.9243	2.2775	0.0195	0.0119	0.0116	0.0189	2.1066	2.5244	0.0195	1.7762	0.0370	1.7460	0.0536	0.0536	0.0000	2.2841	0.0000	1.7464	0.0016	71.4937	-0.3777	0.0958	4.0000	4.7764	3.9994	1.3205	0.9838	0.9823	0.0016	0.0005	0.0005	0.0000	0.9833	0.9818	0.0015	0.3050	0.0042	0.3008	0.0042	0.0042	0.0000	0.3008	0.0000	0.3008	0.5113	0.4313	0.0800	0.0445	0.0424	0.0021	0.4668	0.3889	0.0779	0.2860	0.1137	0.1723	0.0786	0.0785	0.0000	0.2074	0.0352	0.1723	1.8040	61.5288	0.0112	0.2224	0.2158	inf	1.4525	inf	0.0112	1.0667	0.0370	1.7460	0.0536	0.0536	0.0000	1.4504	0.0000	1.7464
62	74	0.1412	2	1	1	1	0	0	0	0	0	N	N	N	N	N	N	N	N	N	N	N	N	0.0000	0.0000	0.0000	0.0000	0.0000	0.0000	0.0000	0.0000	0.0000	0.0000	0.0000	0.0000	0.0000	0.0000	0.0000	0.0000	0.0000	0.0000	0.0000	0.0000	4.0000	0.0000	3.9994	0.0000	0.0000	0.0000	0.0000	0.0000	0.0000	0.0000	0.0000	0.0000	0.0000	0.0000	0.0000	0.0000	0.0000	0.0000	0.0000	0.0000	0.0000	0.0000	0.0000	0.0000	0.0000	0.0000	0.0000	0.0000	0.0000	0.0000	0.0000	0.0000	0.0000	0.0000	0.0000	0.0000	0.0000	0.0000	0.0000	0.0000	0.0000	0.0000	0.0000	0.0000	0.0000	0.0000	0.0000	0.0000	0.0000	0.0000	0.0000	0.0000	0.0000	0.0000	0.0000	0.0000	0.0000	0.0000											
62	76	0.1498	4	2	1	1	1	0	0	0	0	Y	N	N	N	N	N	N	N	N	N	N	N	0.0000	0.0000	0.0000	0.0000	0.0000	0.0000	0.0000	0.0000	0.0000	0.0000	0.0000	0.0000	0.0000	0.0000	0.0000	0.0000	0.0000	0.0000	0.0000	0.0000	4.0000	0.0000	3.9994	0.0000	0.0000	0.0000	0.0000	0.0000	0.0000	0.0000	0.0000	0.0000	0.0000	0.0000	0.0000	0.0000	0.0000	0.0000	0.0000	0.0000	0.0000	0.0000	0.0000	0.0000	0.0000	0.0000	0.0000	0.0000	0.0000	0.0000	0.0000	0.0000	0.0000	0.0000	0.0000	0.0000	0.0000	0.0000	0.0000	0.0000	0.0000	0.0000	0.0000	0.0000	0.0000	0.0000	0.0000	0.0000	0.0000	0.0000	0.0000	0.0000	0.0000	0.0000	0.0000	0.0000	0.0000	0.0000											
62	77	0.1415	3	2	1	1	1	0	0	0	0	Y	N	N	N	N	N	N	N	N	N	N	N	0.0000	0.0000	0.0000	0.0000	0.0000	0.0000	0.0000	0.0000	0.0000	0.0000	0.0000	0.0000	0.0000	0.0000	0.0000	0.0000	0.0016	0.0024	0.0011	0.0072	0.0075	0.0000	0.0009	0.0000	0.0011	0.8000	0.0000	-0.0000	4.0000	1.0073	3.9994	0.3366	0.0000	0.0000	0.0000	0.0000	0.0000	0.0000	0.0000	0.0000	0.0000	0.0001	0.0001	0.0000	0.0001	0.0001	0.0000	0.0000	0.0000	0.0000	0.1140	0.0971	0.0169	0.0095	0.0085	0.0010	0.1045	0.0886	0.0159	0.0560	0.0205	0.0355	0.0069	0.0067	0.0002	0.0491	0.0138	0.0353	0.0000	0.0000	0.0000	0.0000	0.0000	0.0000	0.0000	0.0000	0.0000	0.0016	0.0024	0.0011	0.0072	0.0075	0.0000	0.0008	0.0000	0.0011			
62	78	0.1673	3	1	1	1	1	0	0	0	0	N	N	N	N	N	N	N	N	N	N	N	N	0.0000	0.0000	0.0000	0.0000	0.0000	0.0000	0.0000	0.0000	0.0000	0.0000	0.0000	0.0000	0.0000	0.0000	0.0000	0.0000	0.0000	0.0000	0.0000	0.0000	4.0000	0.0000	3.9994	0.0000	0.0000	0.0000	0.0000	0.0000	0.0000	0.0000	0.0000	0.0000	0.0000	0.0000	0.0000	0.0000	0.0000	0.0000	0.0000	0.0000	0.0000	0.0000	0.0000	0.0000	0.0000	0.0000	0.0000	0.0000	0.0000	0.0000	0.0000	0.0000	0.0000	0.0000	0.0000	0.0000	0.0000	0.0000	0.0000	0.0000	0.0000	0.0000	0.0000	0.0000	0.0000	0.0000	0.0000	0.0000	0.0000	0.0000	0.0000	0.0000	0.0000	0.0000	0.0000	0.0000	0.0000	0.0000											
62	79	0.1590	2	1	1	1	1	0	0	0	0	N	N	N	N	N	N	N	N	N	N	N	N	0.0000	0.0000	0.0000	0.0000	0.0000	0.0000	0.0000	0.0000	0.0000	0.0000	0.0000	0.0000	0.0000	0.0000	0.0000	0.0000	0.0000	0.0000	0.0000	0.0000	4.0000	0.0000	3.9994	1.0000	0.0000	0.0000	0.0000	0.0000	0.0000	0.0000	0.0000	0.0000	0.0000	0.0000	0.0000	0.0000	0.0000	0.0000	0.0000	0.0000	0.0000	0.0000	0.0000	0.0000	0.0000	0.0000	0.0000	0.0000	0.0000	0.0000	0.0000	0.0534	0.0165	0.0369	0.0181	0.0062	0.0119	0.0352	0.0103	0.0249	0.0000	0.0000	0.0000	0.0000	0.0000	0.0000	0.0000	0.0000	0.0000	0.0000	0.0000	0.0000	0.0000	0.0000	0.0000	0.0000	0.0000	0.0000											
62	80	0.1415	3	1	1	1	0	0	0	0	0	N	N	N	N	N	N	N	N	N	N	N	N	0.0000	0.0000	0.0000	0.0000	0.0000	0.0000	0.0000	0.0000	0.0000	0.0000	0.0000	0.0000	0.0000	0.0000	0.0000	0.0000	0.0005	0.0008	0.0003	0.0030	0.0031	0.0000	0.0002	0.0000	0.0004	0.8000	0.0000	-0.0000	4.0000	3.9927	3.9994	1.0002	0.0000	0.0000	0.0000	0.0000	0.0000	0.0000	0.0000	0.0000	0.0000	0.0001	0.0001	0.0000	0.0001	0.0001	0.0000	0.0000	0.0000	0.0000	0.4181	0.3582	0.0599	0.0350	0.0313	0.0037	0.3831	0.3269	0.0562	0.1778	0.0635	0.1143	0.0169	0.0161	0.0008	0.1609	0.0474	0.1135	0.0000	0.0000	0.0000	0.0000	0.0000	0.0000	0.0000	0.0000	0.0000	0.0005	0.0008	0.0003	0.0030	0.0031	0.0000	0.0002	0.0000	0.0004			
62	81	0.1368	2	1	1	1	0	0	0	0	0	N	N	N	N	N	N	N	N	N	N	N	N	0.0000	0.0000	0.0000	0.0000	0.0000	0.0000	0.0000	0.0000	0.0000	0.0000	0.0000	0.0000	0.0000	0.0000	0.0000	0.0000	0.0035	0.0044	0.0030	0.0180	0.0190	0.0000	0.0053	0.0000	0.0030	1.2500	0.0000	-0.0000	4.0000	0.0110	3.9994	0.6549	0.0000	0.0000	0.0000	0.0000	0.0000	0.0000	0.0000	0.0000	0.0000	0.0001	0.0000	0.0001	0.0000	0.0000	0.0000	0.0001	0.0000	0.0001	0.0013	0.0011	0.0002	0.0001	0.0001	0.0000	0.0012	0.0010	0.0002	0.0257	0.0090	0.0166	0.0022	0.0021	0.0001	0.0235	0.0069	0.0165	0.0000	0.0000	0.0000	0.0000	0.0000	0.0000	0.0000	0.0000	0.0000	0.0035	0.0044	0.0030	0.0180	0.0190	0.0000	0.0021	0.0000	0.0030			
62	82	0.1590	2	1	0	2	1	0	0	0	0	N	N	Y	N	N	N	N	N	N	N	N	N	0.0000	0.0000	0.0000	0.0000	0.0000	0.0000	0.0000	0.0000	0.0000	0.0000	0.0000	0.0000	0.0000	0.0000	0.0000	0.0000	0.0000	0.0000	0.0000	0.0000	4.0000	1.0000	3.9994	0.0000	0.0000	0.0000	0.0000	0.0000	0.0000	0.0000	0.0000	0.0000	0.0000	0.0000	0.0000	0.0000	0.0000	0.0000	0.0000	0.0000	0.0000	0.0000	0.1127	0.0959	0.0169	0.0037	0.0032	0.0005	0.1091	0.0927	0.0163	0.0534	0.0165	0.0369	0.0181	0.0062	0.0119	0.0352	0.0103	0.0249	0.0000	0.0000	0.0000	0.0000	0.0000	0.0000	0.0000	0.0000	0.0000	0.0000	0.0000	0.0000	0.0000	0.0000	0.0000	0.0000	0.0000	0.0000											
62	83	0.1590	2	1	0	2	1	0	0	0	0	N	N	Y	N	N	N	N	N	N	N	N	N	0.0000	0.0000	0.0000	0.0000	0.0000	0.0000	0.0000	0.0000	0.0000	0.0000	0.0000	0.0000	0.0000	0.0000	0.0000	0.0000	0.0000	0.0000	0.0000	0.0000	4.0000	0.0000	3.9994	0.0000	0.0000	0.0000	0.0000	0.0000	0.0000	0.0000	0.0000	0.0000	0.0000	0.0000	0.0000	0.0000	0.0000	0.0000	0.0000	0.0000	0.0000	0.0000	0.0000	0.0000	0.0000	0.0000	0.0000	0.0000	0.0000	0.0000	0.0000	0.0000	0.0000	0.0000	0.0000	0.0000	0.0000	0.0000	0.0000	0.0000	0.0000	0.0000	0.0000	0.0000	0.0000	0.0000	0.0000	0.0000	0.0000	0.0000	0.0000	0.0000	0.0000	0.0000	0.0000	0.0000	0.0000	0.0000											
62	85	0.2200	2	2	1	1	0	0	0	0	0	Y	N	N	N	N	N	N	N	N	N	N	N	0.0000	0.0000	0.0000	0.0000	0.0000	0.0000	0.0000	0.0000	0.0000	0.0000	0.0000	0.0000	0.0000	0.0000	0.0000	0.0000	0.0000	0.0000	0.0000	0.0000	4.0000	0.0000	3.9994	0.0000	0.0000	0.0000	0.0000	0.0000	0.0000	0.0000	0.0000	0.0000	0.0000	0.0000	0.0000	0.0000	0.0000	0.0000	0.0000	0.0000	0.0000	0.0000	0.0000	0.0000	0.0000	0.0000	0.0000	0.0000	0.0000	0.0000	0.0000	0.0000	0.0000	0.0000	0.0000	0.0000	0.0000	0.0000	0.0000	0.0000	0.0000	0.0000	0.0000	0.0000	0.0000	0.0000	0.0000	0.0000	0.0000	0.0000	0.0000	0.0000	0.0000	0.0000	0.0000	0.0000	0.0000	0.0000											
62	88	0.1368	2	2	1	1	0	0	0	0	0	Y	N	N	N	N	N	N	N	N	N	N	N	0.0000	0.0000	0.0000	0.0000	0.0000	0.0000	0.0000	0.0000	0.0000	0.0000	0.0000	0.0000	0.0000	0.0000	0.0000	0.0000	0.0000	0.0000	0.0000	0.0000	4.0000	0.0000	3.9994	0.0000	0.0000	0.0000	0.0000	0.0000	0.0000	0.0000	0.0000	0.0000	0.0000	0.0000	0.0000	0.0000	0.0000	0.0000	0.0000	0.0000	0.0000	0.0000	0.0000	0.0000	0.0000	0.0000	0.0000	0.0000	0.0000	0.0000	0.0000	0.0000	0.0000	0.0000	0.0000	0.0000	0.0000	0.0000	0.0000	0.0000	0.0000	0.0000	0.0000	0.0000	0.0000	0.0000	0.0000	0.0000	0.0000	0.0000	0.0000	0.0000	0.0000	0.0000	0.0000	0.0000	0.0000	0.0000											
62	91	0.2280	3	1	0	1	0	0	0	0	0	N	N	N	N	N	N	N	N	N	N	N	N	0.9305	0.3907	0.4913	0.4611	inf	inf	1.2369	1.4332	0.0000	2.7954	2.9448	0.0000	1.0081	1.1855	0.0000	1.3292	3.6680	0.0000	5.6898	6.3866	0.0000	0.0000	0.0000	0.0000	0.0000	0.0000	-0.5847	-0.2082	4.0000	11.5137	3.9994	4.9035	1.5168	1.5168	0.0000	0.4387	0.4387	0.0000	1.0781	1.0781	0.0000	0.3098	0.3098	0.0000	0.3098	0.3098	0.0000	0.0000	0.0000	0.0000	1.2263	1.0583	0.1680	0.1569	0.1490	0.0080	1.0694	0.9094	0.1600	0.7485	0.2256	0.5229	0.0886	0.0847	0.0039	0.6599	0.1409	0.5190	2.9889	1.0437	0.0000	0.8000	0.8055	0.0000	inf	inf	0.0000	0.4138	1.3731	0.0000	3.4944	3.6559	0.0000	0.0000	0.0000	0.0000			
63	64	0.2320	4	0	1	1	0	0	0	0	0	N	N	N	N	N	N	N	N	N	N	N	N	0.0000	0.0000	0.0000	0.0000	0.0000	0.0000	0.0000	0.0000	0.0000	0.0000	0.0000	0.0000	0.0000	0.0000	0.0000	0.0000	0.0000	0.0000	0.0000	0.0000	7.0000	0.0000	4.0000	0.0000	0.0000	0.0000	0.0000	0.0000	0.0000	0.0000	0.0000	0.0000	0.0000	0.0000	0.0000	0.0000	0.0000	0.0000	0.0000	0.0000	0.0000	0.0000	0.0000	0.0000	0.0000	0.0000	0.0000	0.0000	0.0000	0.0000	0.0000	0.0000	0.0000	0.0000	0.0000	0.0000	0.0000	0.0000	0.0000	0.0000	0.0000	0.0000	0.0000	0.0000	0.0000	0.0000	0.0000	0.0000	0.0000	0.0000	0.0000	0.0000	0.0000	0.0000	0.0000	0.0000	0.0000	0.0000											
63	65	0.2078	3	0	1	1	0	0	0	0	0	N	N	N	N	N	N	N	N	N	N	N	N	0.0000	0.0000	0.0000	0.0000	0.0000	0.0000	0.0000	0.0000	0.0000	0.0000	0.0000	0.0000	0.0000	0.0000	0.0000	0.0000	0.0000	0.0000	0.0000	0.0000	7.0000	0.8734	4.0000	1.0002	0.0000	0.0000	0.0000	0.0000	0.0000	0.0000	0.0000	0.0000	0.0000	0.0000	0.0000	0.0000	0.0000	0.0000	0.0000	0.0000	0.0000	0.0000	0.1600	0.1334	0.0265	0.0066	0.0062	0.0004	0.1534	0.1272	0.0262	0.1437	0.0255	0.1182	0.0326	0.0068	0.0257	0.1112	0.0187	0.0925	0.0000	0.0000	0.0000	0.0000	0.0000	0.0000	0.0000	0.0000	0.0000	0.0000	0.0000	0.0000	0.0000	0.0000	0.0000	0.0000	0.0000	0.0000											
63	66	0.1932	2	0	1	0	0	0	0	0	0	N	N	N	N	N	N	N	N	N	N	N	N	98.3059	0.0000	inf	0.0000	0.0000	inf	inf	0.0276	0.0000	0.1667	0.0000	0.0000	0.0000	0.0289	0.0000	0.1689	0.0003	0.0011	0.0000	0.0009	0.0020	0.0000	0.0000	0.0000	0.0000	inf	0.0000	0.0032	-0.0000	7.0000	1.0063	4.0000	0.0727	0.0051	0.0000	0.0051	0.0000	0.0000	0.0000	0.0051	0.0000	0.0051	0.0000	0.0000	0.0000	0.0000	0.0000	0.0000	0.0000	0.0000	0.0000	0.1865	0.1556	0.0308	0.0086	0.0082	0.0004	0.1778	0.1474	0.0304	0.1070	0.0278	0.0792	0.0321	0.0152	0.0168	0.0749	0.0125	0.0624	98.3059	0.0000	inf	0.0000	0.0000	0.0000	inf	0.0000	inf	0.0003	0.0011	0.0000	0.0009	0.0020	0.0000	0.0000	0.0000	0.0000		
63	72	0.1820	2	0	2	0	0	0	0	0	0	N	Y	N	N	N	N	N	N	N	N	N	N	8594.9769	4008.9924	12346.1045	12956.3059	inf	inf	0.9551	1.1235	0.0000	5.1014	5.3562	0.0000	0.5481	0.6524	0.0000	0.0001	0.0003	0.0000	0.0004	0.0004	0.0000	0.0000	0.0000	0.0000	0.0000	0.0000	-0.3073	-0.0000	7.0000	4.7764	4.0000	1.3205	0.7971	0.7971	0.0000	0.3806	0.3806	0.0000	0.4165	0.4165	0.0000	0.0000	0.0000	0.0000	0.0000	0.0000	0.0000	0.0000	0.0000	0.0000	0.8346	0.7095	0.1251	0.0746	0.0711	0.0035	0.7600	0.6385	0.1215	0.3600	0.1427	0.2172	0.0968	0.0968	0.0000	0.2632	0.0460	0.2172	8594.9769	4008.9924	0.0000	12346.1045	12956.3059	0.0000	inf	inf	0.0000	0.0001	0.0003	0.0000	0.0004	0.0004	0.0000	0.0000	0.0000	0.0000			
63	74	0.1841	2	0	2	0	0	0	0	0	0	N	Y	N	N	N	N	N	N	N	N	N	N	0.0000	0.0000	0.0000	0.0000	0.0000	0.0000	0.0000	0.0000	0.0000	0.0000	0.0000	0.0000	0.0000	0.0000	0.0000	0.0000	0.0000	0.0000	0.0000	0.0000	7.0000	0.0000	4.0000	0.0000	0.0000	0.0000	0.0000	0.0000	0.0000	0.0000	0.0000	0.0000	0.0000	0.0000	0.0000	0.0000	0.0000	0.0000	0.0000	0.0000	0.0000	0.0000	0.0000	0.0000	0.0000	0.0000	0.0000	0.0000	0.0000	0.0000	0.0000	0.0000	0.0000	0.0000	0.0000	0.0000	0.0000	0.0000	0.0000	0.0000	0.0000	0.0000	0.0000	0.0000	0.0000	0.0000	0.0000	0.0000	0.0000	0.0000	0.0000	0.0000	0.0000	0.0000	0.0000	0.0000	0.0000	0.0000											
63	76	0.1928	4	1	2	0	1	0	0	0	0	N	Y	N	N	N	N	N	N	N	N	N	N	0.0000	0.0000	0.0000	0.0000	0.0000	0.0000	0.0000	0.0000	0.0000	0.0000	0.0000	0.0000	0.0000	0.0000	0.0000	0.0000	0.0000	0.0000	0.0000	0.0000	7.0000	0.0000	4.0000	0.0000	0.0000	0.0000	0.0000	0.0000	0.0000	0.0000	0.0000	0.0000	0.0000	0.0000	0.0000	0.0000	0.0000	0.0000	0.0000	0.0000	0.0000	0.0000	0.0000	0.0000	0.0000	0.0000	0.0000	0.0000	0.0000	0.0000	0.0000	0.0000	0.0000	0.0000	0.0000	0.0000	0.0000	0.0000	0.0000	0.0000	0.0000	0.0000	0.0000	0.0000	0.0000	0.0000	0.0000	0.0000	0.0000	0.0000	0.0000	0.0000	0.0000	0.0000	0.0000	0.0000	0.0000	0.0000											
63	77	0.1845	3	1	2	0	1	0	0	0	0	N	Y	N	N	N	N	N	N	N	N	N	N	0.0000	0.0000	0.0000	0.0000	0.0000	0.0000	0.0000	0.0000	0.0000	0.0000	0.0000	0.0000	0.0000	0.0000	0.0000	0.0000	0.0000	0.0000	0.0000	0.0000	7.0000	1.0073	4.0000	0.3366	0.0000	0.0000	0.0000	0.0000	0.0000	0.0000	0.0000	0.0000	0.0000	0.0000	0.0000	0.0000	0.0000	0.0000	0.0000	0.0000	0.0000	0.0000	0.1853	0.1588	0.0265	0.0154	0.0138	0.0016	0.1699	0.1450	0.0249	0.0721	0.0265	0.0457	0.0090	0.0086	0.0003	0.0632	0.0178	0.0453	0.0000	0.0000	0.0000	0.0000	0.0000	0.0000	0.0000	0.0000	0.0000	0.0000	0.0000	0.0000	0.0000	0.0000	0.0000	0.0000	0.0000	0.0000											
63	78	0.2102	3	0	2	0	1	0	0	0	0	N	Y	N	N	N	N	N	N	N	N	N	N	0.0000	0.0000	0.0000	0.0000	0.0000	0.0000	0.0000	0.0000	0.0000	0.0000	0.0000	0.0000	0.0000	0.0000	0.0000	0.0000	0.0000	0.0000	0.0000	0.0000	7.0000	0.0000	4.0000	0.0000	0.0000	0.0000	0.0000	0.0000	0.0000	0.0000	0.0000	0.0000	0.0000	0.0000	0.0000	0.0000	0.0000	0.0000	0.0000	0.0000	0.0000	0.0000	0.0000	0.0000	0.0000	0.0000	0.0000	0.0000	0.0000	0.0000	0.0000	0.0000	0.0000	0.0000	0.0000	0.0000	0.0000	0.0000	0.0000	0.0000	0.0000	0.0000	0.0000	0.0000	0.0000	0.0000	0.0000	0.0000	0.0000	0.0000	0.0000	0.0000	0.0000	0.0000	0.0000	0.0000	0.0000	0.0000											
63	79	0.2020	2	0	2	0	1	0	0	0	0	N	Y	N	N	N	N	N	N	N	N	N	N	0.0000	0.0000	0.0000	0.0000	0.0000	0.0000	0.0000	0.0000	0.0000	0.0000	0.0000	0.0000	0.0000	0.0000	0.0000	0.0000	0.0000	0.0000	0.0000	0.0000	7.0000	0.0000	4.0000	1.0000	0.0000	0.0000	0.0000	0.0000	0.0000	0.0000	0.0000	0.0000	0.0000	0.0000	0.0000	0.0000	0.0000	0.0000	0.0000	0.0000	0.0000	0.0000	0.0000	0.0000	0.0000	0.0000	0.0000	0.0000	0.0000	0.0000	0.0000	0.0676	0.0210	0.0466	0.0224	0.0077	0.0147	0.0452	0.0133	0.0319	0.0000	0.0000	0.0000	0.0000	0.0000	0.0000	0.0000	0.0000	0.0000	0.0000	0.0000	0.0000	0.0000	0.0000	0.0000	0.0000	0.0000	0.0000											
63	80	0.1845	3	0	2	0	0	0	0	0	0	N	Y	N	N	N	N	N	N	N	N	N	N	0.0000	0.0000	0.0000	0.0000	0.0000	0.0000	0.0000	0.0000	0.0000	0.0000	0.0000	0.0000	0.0000	0.0000	0.0000	0.0000	0.0000	0.0000	0.0000	0.0000	7.0000	3.9927	4.0000	1.0002	0.0000	0.0000	0.0000	0.0000	0.0000	0.0000	0.0000	0.0000	0.0000	0.0000	0.0000	0.0000	0.0000	0.0000	0.0000	0.0000	0.0000	0.0000	0.6804	0.5860	0.0944	0.0568	0.0509	0.0059	0.6236	0.5351	0.0885	0.2283	0.0817	0.1466	0.0214	0.0203	0.0011	0.2069	0.0614	0.1455	0.0000	0.0000	0.0000	0.0000	0.0000	0.0000	0.0000	0.0000	0.0000	0.0000	0.0000	0.0000	0.0000	0.0000	0.0000	0.0000	0.0000	0.0000											
63	81	0.1798	2	0	2	0	0	0	0	0	0	N	Y	N	N	N	N	N	N	N	N	N	N	0.0000	0.0000	0.0000	0.0000	0.0000	0.0000	0.0000	0.0000	0.0000	0.0000	0.0000	0.0000	0.0000	0.0000	0.0000	0.0000	0.0000	0.0000	0.0000	0.0000	7.0000	0.0110	4.0000	0.6549	0.0000	0.0000	0.0000	0.0000	0.0000	0.0000	0.0000	0.0000	0.0000	0.0000	0.0000	0.0000	0.0000	0.0000	0.0000	0.0000	0.0000	0.0000	0.0021	0.0018	0.0003	0.0002	0.0001	0.0000	0.0019	0.0016	0.0003	0.0328	0.0116	0.0213	0.0028	0.0026	0.0002	0.0301	0.0090	0.0211	0.0000	0.0000	0.0000	0.0000	0.0000	0.0000	0.0000	0.0000	0.0000	0.0000	0.0000	0.0000	0.0000	0.0000	0.0000	0.0000	0.0000	0.0000											
63	82	0.2020	2	0	1	1	1	0	0	0	0	N	N	N	N	N	N	N	N	N	N	N	N	0.0000	0.0000	0.0000	0.0000	0.0000	0.0000	0.0000	0.0000	0.0000	0.0000	0.0000	0.0000	0.0000	0.0000	0.0000	0.0000	0.0000	0.0000	0.0000	0.0000	7.0000	1.0000	4.0000	0.0000	0.0000	0.0000	0.0000	0.0000	0.0000	0.0000	0.0000	0.0000	0.0000	0.0000	0.0000	0.0000	0.0000	0.0000	0.0000	0.0000	0.0000	0.0000	0.1832	0.1568	0.0264	0.0058	0.0050	0.0008	0.1774	0.1517	0.0256	0.0676	0.0210	0.0466	0.0224	0.0077	0.0147	0.0452	0.0133	0.0319	0.0000	0.0000	0.0000	0.0000	0.0000	0.0000	0.0000	0.0000	0.0000	0.0000	0.0000	0.0000	0.0000	0.0000	0.0000	0.0000	0.0000	0.0000											
63	83	0.2020	2	0	1	1	1	0	0	0	0	N	N	N	N	N	N	N	N	N	N	N	N	0.0000	0.0000	0.0000	0.0000	0.0000	0.0000	0.0000	0.0000	0.0000	0.0000	0.0000	0.0000	0.0000	0.0000	0.0000	0.0000	0.0000	0.0000	0.0000	0.0000	7.0000	0.0000	4.0000	0.0000	0.0000	0.0000	0.0000	0.0000	0.0000	0.0000	0.0000	0.0000	0.0000	0.0000	0.0000	0.0000	0.0000	0.0000	0.0000	0.0000	0.0000	0.0000	0.0000	0.0000	0.0000	0.0000	0.0000	0.0000	0.0000	0.0000	0.0000	0.0000	0.0000	0.0000	0.0000	0.0000	0.0000	0.0000	0.0000	0.0000	0.0000	0.0000	0.0000	0.0000	0.0000	0.0000	0.0000	0.0000	0.0000	0.0000	0.0000	0.0000	0.0000	0.0000	0.0000	0.0000	0.0000	0.0000											
63	85	0.2630	2	1	2	0	0	0	0	0	0	N	Y	N	N	N	N	N	N	N	N	N	N	0.0000	0.0000	0.0000	0.0000	0.0000	0.0000	0.0000	0.0000	0.0000	0.0000	0.0000	0.0000	0.0000	0.0000	0.0000	0.0000	0.0000	0.0000	0.0000	0.0000	7.0000	0.0000	4.0000	0.0000	0.0000	0.0000	0.0000	0.0000	0.0000	0.0000	0.0000	0.0000	0.0000	0.0000	0.0000	0.0000	0.0000	0.0000	0.0000	0.0000	0.0000	0.0000	0.0000	0.0000	0.0000	0.0000	0.0000	0.0000	0.0000	0.0000	0.0000	0.0000	0.0000	0.0000	0.0000	0.0000	0.0000	0.0000	0.0000	0.0000	0.0000	0.0000	0.0000	0.0000	0.0000	0.0000	0.0000	0.0000	0.0000	0.0000	0.0000	0.0000	0.0000	0.0000	0.0000	0.0000	0.0000	0.0000											
63	88	0.1798	2	1	2	0	0	0	0	0	0	N	Y	N	N	N	N	N	N	N	N	N	N	0.0000	0.0000	0.0000	0.0000	0.0000	0.0000	0.0000	0.0000	0.0000	0.0000	0.0000	0.0000	0.0000	0.0000	0.0000	0.0000	0.0000	0.0000	0.0000	0.0000	7.0000	0.0000	4.0000	0.0000	0.0000	0.0000	0.0000	0.0000	0.0000	0.0000	0.0000	0.0000	0.0000	0.0000	0.0000	0.0000	0.0000	0.0000	0.0000	0.0000	0.0000	0.0000	0.0000	0.0000	0.0000	0.0000	0.0000	0.0000	0.0000	0.0000	0.0000	0.0000	0.0000	0.0000	0.0000	0.0000	0.0000	0.0000	0.0000	0.0000	0.0000	0.0000	0.0000	0.0000	0.0000	0.0000	0.0000	0.0000	0.0000	0.0000	0.0000	0.0000	0.0000	0.0000	0.0000	0.0000	0.0000	0.0000											
63	91	0.2709	3	0	1	0	0	0	0	0	0	N	N	N	N	N	N	N	N	N	N	N	N	0.7148	0.2015	1366.4985	4.1372	4.1379	66.5040	0.5731	0.1289	1437.6052	1.2684	0.8596	3.9435	1.9216	2.0092	0.2713	1.1701	0.6673	4.1358	1.7746	4.2652	0.0029	0.4645	0.4856	0.0041	2.0417	5.1763	0.0029	0.7012	0.0019	0.0680	-0.6661	7.0000	11.5137	4.0000	4.9035	2.5435	1.4951	1.0484	0.5043	0.5007	0.0036	2.0392	0.9944	1.0448	0.9939	0.9920	0.0019	0.0520	0.0519	0.0000	0.9419	0.9401	0.0019	2.0052	1.7394	0.2658	0.2624	0.2492	0.0132	1.7428	1.4902	0.2526	0.9480	0.2896	0.6584	0.1119	0.1070	0.0049	0.8361	0.1827	0.6535	1.2099	0.2510	1366.4985	4.1372	4.1379	66.5040	1.0386	0.1297	1437.6052	1.0484	3.4251	0.0029	0.4645	0.4856	0.0041	1.1265	5.1465	0.0029
64	68	0.1066	4	0	1	1	0	0	0	0	0	N	N	N	N	N	N	N	N	N	N	N	N	0.0000	0.0000	0.0000	0.0000	0.0000	0.0000	0.0000	0.0000	0.0000	0.0000	0.0000	0.0000	0.0000	0.0000	0.0000	0.0000	0.0000	0.0000	0.0000	0.0000	0.0000	5.0000	0.0000	3.9994	0.0000	0.0000	0.0000	0.0000	0.0000	0.0000	0.0000	0.0000	0.0000	0.0000	0.0000	0.0000	0.0000	0.0000	0.0000	0.0000	0.0000	0.0000	0.0000	0.0000	0.0000	0.0000	0.0000	0.0000	0.0000	0.0000	0.0000	0.0000	0.0000	0.0000	0.0000	0.0000	0.0000	0.0000	0.0000	0.0000	0.0000	0.0000	0.0000	0.0000	0.0000	0.0000	0.0000	0.0000	0.0000	0.0000	0.0000	0.0000	0.0000	0.0000	0.0000	0.0000	0.0000	0.0000											
64	69	0.1066	4	1	0	2	0	0	0	0	0	N	N	Y	N	N	N	N	N	N	N	N	N	0.0000	0.0000	0.0000	0.0000	0.0000	0.0000	0.0000	0.0000	0.0000	0.0000	0.0000	0.0000	0.0000	0.0000	0.0000	0.0000	0.0000	0.0000	0.0000	0.0000	0.0000	7.0000	0.0000	2.9994	0.0000	0.0000	0.0000	0.0000	0.0000	0.0000	0.0000	0.0000	0.0000	0.0000	0.0000	0.0000	0.0000	0.0000	0.0000	0.0000	0.0000	0.0000	0.0000	0.0000	0.0000	0.0000	0.0000	0.0000	0.0000	0.0000	0.0000	0.0000	0.0000	0.0000	0.0000	0.0000	0.0000	0.0000	0.0000	0.0000	0.0000	0.0000	0.0000	0.0000	0.0000	0.0000	0.0000	0.0000	0.0000	0.0000	0.0000	0.0000	0.0000	0.0000	0.0000	0.0000	0.0000	0.0000											
64	70	0.1066	4	0	1	1	1	0	0	0	0	N	N	N	N	N	N	N	N	N	N	N	N	0.0000	0.0000	0.0000	0.0000	0.0000	0.0000	0.0000	0.0000	0.0000	0.0000	0.0000	0.0000	0.0000	0.0000	0.0000	0.0000	0.0000	0.0000	0.0000	0.0000	0.0000	4.0000	0.0000	5.0006	0.0000	0.0000	0.0000	0.0000	0.0000	0.0000	0.0000	0.0000	0.0000	0.0000	0.0000	0.0000	0.0000	0.0000	0.0000	0.0000	0.0000	0.0000	0.0000	0.0000	0.0000	0.0000	0.0000	0.0000	0.0000	0.0000	0.0000	0.0000	0.0000	0.0000	0.0000	0.0000	0.0000	0.0000	0.0000	0.0000	0.0000	0.0000	0.0000	0.0000	0.0000	0.0000	0.0000	0.0000	0.0000	0.0000	0.0000	0.0000	0.0000	0.0000	0.0000	0.0000	0.0000	0.0000											
64	71	0.1066	4	0	1	1	0	0	0	0	0	N	N	N	N	N	N	N	N	N	N	N	N	0.0000	0.0000	0.0000	0.0000	0.0000	0.0000	0.0000	0.0000	0.0000	0.0000	0.0000	0.0000	0.0000	0.0000	0.0000	0.0000	0.0000	0.0000	0.0000	0.0000	0.0000	7.0000	0.0000	4.9994	0.0000	0.0000	0.0000	0.0000	0.0000	0.0000	0.0000	0.0000	0.0000	0.0000	0.0000	0.0000	0.0000	0.0000	0.0000	0.0000	0.0000	0.0000	0.0000	0.0000	0.0000	0.0000	0.0000	0.0000	0.0000	0.0000	0.0000	0.0000	0.0000	0.0000	0.0000	0.0000	0.0000	0.0000	0.0000	0.0000	0.0000	0.0000	0.0000	0.0000	0.0000	0.0000	0.0000	0.0000	0.0000	0.0000	0.0000	0.0000	0.0000	0.0000	0.0000	0.0000	0.0000	0.0000											
64	72	0.1632	5	0	1	1	0	0	0	0	0	N	N	N	N	N	N	N	N	N	N	N	N	0.0000	0.0000	0.0000	0.0000	0.0000	0.0000	0.0000	0.0000	0.0000	0.0000	0.0000	0.0000	0.0000	0.0000	0.0000	0.0000	0.0000	0.0000	0.0000	0.0000	0.0000	4.7764	0.0000	1.3205	0.0000	0.0000	0.0000	0.0000	0.0000	0.0000	0.0000	0.0000	0.0000	0.0000	0.0000	0.0000	0.0000	0.0000	0.0000	0.0000	0.0000	0.0000	0.0000	0.0000	0.0000	0.0000	0.0000	0.0000	0.0000	0.0000	0.0000	0.0000	0.0000	0.0000	0.0000	0.0000	0.0000	0.0000	0.0000	0.0000	0.0000	0.0000	0.0000	0.0000	0.0000	0.0000	0.0000	0.0000	0.0000	0.0000	0.0000	0.0000	0.0000	0.0000	0.0000	0.0000	0.0000	0.0000											
64	73	0.1066	4	0	1	1	0	0	0	0	0	N	N	N	N	N	N	N	N	N	N	N	N	0.0000	0.0000	0.0000	0.0000	0.0000	0.0000	0.0000	0.0000	0.0000	0.0000	0.0000	0.0000	0.0000	0.0000	0.0000	0.0000	0.0000	0.0000	0.0000	0.0000	0.0000	3.3049	0.0000	2.7470	0.0000	0.0000	0.0000	0.0000	0.0000	0.0000	0.0000	0.0000	0.0000	0.0000	0.0000	0.0000	0.0000	0.0000	0.0000	0.0000	0.0000	0.0000	0.0000	0.0000	0.0000	0.0000	0.0000	0.0000	0.0000	0.0000	0.0000	0.0000	0.0000	0.0000	0.0000	0.0000	0.0000	0.0000	0.0000	0.0000	0.0000	0.0000	0.0000	0.0000	0.0000	0.0000	0.0000	0.0000	0.0000	0.0000	0.0000	0.0000	0.0000	0.0000	0.0000	0.0000	0.0000	0.0000											
64	74	0.1654	5	0	1	1	0	0	0	0	0	N	N	N	N	N	N	N	N	N	N	N	N	0.0000	0.0000	0.0000	0.0000	0.0000	0.0000	0.0000	0.0000	0.0000	0.0000	0.0000	0.0000	0.0000	0.0000	0.0000	0.0000	0.0000	0.0000	0.0000	0.0000	0.0000	0.0000	0.0000	0.0000	0.0000	0.0000	0.0000	0.0000	0.0000	0.0000	0.0000	0.0000	0.0000	0.0000	0.0000	0.0000	0.0000	0.0000	0.0000	0.0000	0.0000	0.0000	0.0000	0.0000	0.0000	0.0000	0.0000	0.0000	0.0000	0.0000	0.0000	0.0000	0.0000	0.0000	0.0000	0.0000	0.0000	0.0000	0.0000	0.0000	0.0000	0.0000	0.0000	0.0000	0.0000	0.0000	0.0000	0.0000	0.0000	0.0000	0.0000	0.0000	0.0000	0.0000	0.0000	0.0000	0.0000	0.0000											
64	75	0.1066	4	0	1	1	0	0	0	0	0	N	N	N	N	N	N	N	N	N	N	N	N	0.0000	0.0000	0.0000	0.0000	0.0000	0.0000	0.0000	0.0000	0.0000	0.0000	0.0000	0.0000	0.0000	0.0000	0.0000	0.0000	0.0000	0.0000	0.0000	0.0000	0.0000	4.3567	0.0000	2.3689	0.0000	0.0000	0.0000	0.0000	0.0000	0.0000	0.0000	0.0000	0.0000	0.0000	0.0000	0.0000	0.0000	0.0000	0.0000	0.0000	0.0000	0.0000	0.0000	0.0000	0.0000	0.0000	0.0000	0.0000	0.0000	0.0000	0.0000	0.0000	0.0000	0.0000	0.0000	0.0000	0.0000	0.0000	0.0000	0.0000	0.0000	0.0000	0.0000	0.0000	0.0000	0.0000	0.0000	0.0000	0.0000	0.0000	0.0000	0.0000	0.0000	0.0000	0.0000	0.0000	0.0000	0.0000											
64	76	0.1740	7	1	1	1	1	0	0	0	0	N	N	N	N	N	N	N	N	N	N	N	N	0.0000	0.0000	0.0000	0.0000	0.0000	0.0000	0.0000	0.0000	0.0000	0.0000	0.0000	0.0000	0.0000	0.0000	0.0000	0.0000	0.0000	0.0000	0.0000	0.0000	0.0000	0.0000	0.0000	0.0000	0.0000	0.0000	0.0000	0.0000	0.0000	0.0000	0.0000	0.0000	0.0000	0.0000	0.0000	0.0000	0.0000	0.0000	0.0000	0.0000	0.0000	0.0000	0.0000	0.0000	0.0000	0.0000	0.0000	0.0000	0.0000	0.0000	0.0000	0.0000	0.0000	0.0000	0.0000	0.0000	0.0000	0.0000	0.0000	0.0000	0.0000	0.0000	0.0000	0.0000	0.0000	0.0000	0.0000	0.0000	0.0000	0.0000	0.0000	0.0000	0.0000	0.0000	0.0000	0.0000	0.0000	0.0000											
64	77	0.1657	6	1	1	1	1	0	0	0	0	N	N	N	N	N	N	N	N	N	N	N	N	0.0000	0.0000	0.0000	0.0000	0.0000	0.0000	0.0000	0.0000	0.0000	0.0000	0.0000	0.0000	0.0000	0.0000	0.0000	0.0000	0.0000	0.0000	0.0000	0.0000	0.0000	1.0073	0.0000	0.3366	0.0000	0.0000	0.0000	0.0000	0.0000	0.0000	0.0000	0.0000	0.0000	0.0000	0.0000	0.0000	0.0000	0.0000	0.0000	0.0000	0.0000	0.0000	0.0000	0.0000	0.0000	0.0000	0.0000	0.0000	0.0000	0.0000	0.0000	0.0000	0.0000	0.0000	0.0000	0.0000	0.0000	0.0000	0.0000	0.0000	0.0000	0.0000	0.0000	0.0000	0.0000	0.0000	0.0000	0.0000	0.0000	0.0000	0.0000	0.0000	0.0000	0.0000	0.0000	0.0000	0.0000	0.0000											
64	78	0.1915	6	0	1	1	1	0	0	0	0	N	N	N	N	N	N	N	N	N	N	N	N	0.0000	0.0000	0.0000	0.0000	0.0000	0.0000	0.0000	0.0000	0.0000	0.0000	0.0000	0.0000	0.0000	0.0000	0.0000	0.0000	0.0000	0.0000	0.0000	0.0000	0.0000	0.0000	0.0000	0.0000	0.0000	0.0000	0.0000	0.0000	0.0000	0.0000	0.0000	0.0000	0.0000	0.0000	0.0000	0.0000	0.0000	0.0000	0.0000	0.0000	0.0000	0.0000	0.0000	0.0000	0.0000	0.0000	0.0000	0.0000	0.0000	0.0000	0.0000	0.0000	0.0000	0.0000	0.0000	0.0000	0.0000	0.0000	0.0000	0.0000	0.0000	0.0000	0.0000	0.0000	0.0000	0.0000	0.0000	0.0000	0.0000	0.0000	0.0000	0.0000	0.0000	0.0000	0.0000	0.0000	0.0000	0.0000											
64	79	0.1832	5	0	1	1	1	0	0	0	0	N	N	N	N	N	N	N	N	N	N	N	N	0.0000	0.0000	0.0000	0.0000	0.0000	0.0000	0.0000	0.0000	0.0000	0.0000	0.0000	0.0000	0.0000	0.0000	0.0000	0.0000	0.0000	0.0000	0.0000	0.0000	0.0000	0.0000	0.0000	1.0000	0.0000	0.0000	0.0000	0.0000	0.0000	0.0000	0.0000	0.0000	0.0000	0.0000	0.0000	0.0000	0.0000	0.0000	0.0000	0.0000	0.0000	0.0000	0.0000	0.0000	0.0000	0.0000	0.0000	0.0000	0.0000	0.0000	0.0000	0.0000	0.0000	0.0000	0.0000	0.0000	0.0000	0.0000	0.0000	0.0000	0.0000	0.0000	0.0000	0.0000	0.0000	0.0000	0.0000	0.0000	0.0000	0.0000	0.0000	0.0000	0.0000	0.0000	0.0000	0.0000	0.0000	0.0000											
64	80	0.1657	6	0	1	1	0	0	0	0	0	N	N	N	N	N	N	N	N	N	N	N	N	0.0000	0.0000	0.0000	0.0000	0.0000	0.0000	0.0000	0.0000	0.0000	0.0000	0.0000	0.0000	0.0000	0.0000	0.0000	0.0000	0.0000	0.0000	0.0000	0.0000	0.0000	3.9927	0.0000	1.0002	0.0000	0.0000	0.0000	0.0000	0.0000	0.0000	0.0000	0.0000	0.0000	0.0000	0.0000	0.0000	0.0000	0.0000	0.0000	0.0000	0.0000	0.0000	0.0000	0.0000	0.0000	0.0000	0.0000	0.0000	0.0000	0.0000	0.0000	0.0000	0.0000	0.0000	0.0000	0.0000	0.0000	0.0000	0.0000	0.0000	0.0000	0.0000	0.0000	0.0000	0.0000	0.0000	0.0000	0.0000	0.0000	0.0000	0.0000	0.0000	0.0000	0.0000	0.0000	0.0000	0.0000	0.0000											
64	81	0.1610	5	0	1	1	0	0	0	0	0	N	N	N	N	N	N	N	N	N	N	N	N	0.0000	0.0000	0.0000	0.0000	0.0000	0.0000	0.0000	0.0000	0.0000	0.0000	0.0000	0.0000	0.0000	0.0000	0.0000	0.0000	0.0000	0.0000	0.0000	0.0000	0.0000	0.0110	0.0000	0.6549	0.0000	0.0000	0.0000	0.0000	0.0000	0.0000	0.0000	0.0000	0.0000	0.0000	0.0000	0.0000	0.0000	0.0000	0.0000	0.0000	0.0000	0.0000	0.0000	0.0000	0.0000	0.0000	0.0000	0.0000	0.0000	0.0000	0.0000	0.0000	0.0000	0.0000	0.0000	0.0000	0.0000	0.0000	0.0000	0.0000	0.0000	0.0000	0.0000	0.0000	0.0000	0.0000	0.0000	0.0000	0.0000	0.0000	0.0000	0.0000	0.0000	0.0000	0.0000	0.0000	0.0000	0.0000											
64	82	0.1832	5	0	0	2	1	0	0	0	0	N	N	Y	N	N	N	N	N	N	N	N	N	0.0000	0.0000	0.0000	0.0000	0.0000	0.0000	0.0000	0.0000	0.0000	0.0000	0.0000	0.0000	0.0000	0.0000	0.0000	0.0000	0.0000	0.0000	0.0000	0.0000	0.0000	1.0000	0.0000	0.0000	0.0000	0.0000	0.0000	0.0000	0.0000	0.0000	0.0000	0.0000	0.0000	0.0000	0.0000	0.0000	0.0000	0.0000	0.0000	0.0000	0.0000	0.0000	0.0000	0.0000	0.0000	0.0000	0.0000	0.0000	0.0000	0.0000	0.0000	0.0000	0.0000	0.0000	0.0000	0.0000	0.0000	0.0000	0.0000	0.0000	0.0000	0.0000	0.0000	0.0000	0.0000	0.0000	0.0000	0.0000	0.0000	0.0000	0.0000	0.0000	0.0000	0.0000	0.0000	0.0000	0.0000	0.0000											
64	83	0.1832	5	0	0	2	1	0	0	0	0	N	N	Y	N	N	N	N	N	N	N	N	N	0.0000	0.0000	0.0000	0.0000	0.0000	0.0000	0.0000	0.0000	0.0000	0.0000	0.0000	0.0000	0.0000	0.0000	0.0000	0.0000	0.0000	0.0000	0.0000	0.0000	0.0000	0.0000	0.0000	0.0000	0.0000	0.0000	0.0000	0.0000	0.0000	0.0000	0.0000	0.0000	0.0000	0.0000	0.0000	0.0000	0.0000	0.0000	0.0000	0.0000	0.0000	0.0000	0.0000	0.0000	0.0000	0.0000	0.0000	0.0000	0.0000	0.0000	0.0000	0.0000	0.0000	0.0000	0.0000	0.0000	0.0000	0.0000	0.0000	0.0000	0.0000	0.0000	0.0000	0.0000	0.0000	0.0000	0.0000	0.0000	0.0000	0.0000	0.0000	0.0000	0.0000	0.0000	0.0000	0.0000	0.0000	0.0000											
64	84	0.1066	4	0	0	1	1	0	0	0	0	N	N	N	N	N	N	N	N	N	N	N	N	0.0000	0.0000	0.0000	0.0000	0.0000	0.0000	0.0000	0.0000	0.0000	0.0000	0.0000	0.0000	0.0000	0.0000	0.0000	0.0000	0.0000	0.0000	0.0000	0.0000	0.0000	3.0000	0.0000	5.9994	0.0000	0.0000	0.0000	0.0000	0.0000	0.0000	0.0000	0.0000	0.0000	0.0000	0.0000	0.0000	0.0000	0.0000	0.0000	0.0000	0.0000	0.0000	0.0000	0.0000	0.0000	0.0000	0.0000	0.0000	0.0000	0.0000	0.0000	0.0000	0.0000	0.0000	0.0000	0.0000	0.0000	0.0000	0.0000	0.0000	0.0000	0.0000	0.0000	0.0000	0.0000	0.0000	0.0000	0.0000	0.0000	0.0000	0.0000	0.0000	0.0000	0.0000	0.0000	0.0000	0.0000	0.0000											
64	85	0.2442	5	1	1	1	0	0	0	0	0	N	N	N	N	N	N	N	N	N	N	N	N	0.0000	0.0000	0.0000	0.0000	0.0000	0.0000	0.0000	0.0000	0.0000	0.0000	0.0000	0.0000	0.0000	0.0000	0.0000	0.0000	0.0000	0.0000	0.0000	0.0000	0.0000	0.0000	0.0000	0.0000	0.0000	0.0000	0.0000	0.0000	0.0000	0.0000	0.0000	0.0000	0.0000	0.0000	0.0000	0.0000	0.0000	0.0000	0.0000	0.0000	0.0000	0.0000	0.0000	0.0000	0.0000	0.0000	0.0000	0.0000	0.0000	0.0000	0.0000	0.0000	0.0000	0.0000	0.0000	0.0000	0.0000	0.0000	0.0000	0.0000	0.0000	0.0000	0.0000	0.0000	0.0000	0.0000	0.0000	0.0000	0.0000	0.0000	0.0000	0.0000	0.0000	0.0000	0.0000	0.0000	0.0000	0.0000											
64	86	0.1066	4	1	1	1	0	0	0	0	0	N	N	N	N	N	N	N	N	N	N	N	N	0.0000	0.0000	0.0000	0.0000	0.0000	0.0000	0.0000	0.0000	0.0000	0.0000	0.0000	0.0000	0.0000	0.0000	0.0000	0.0000	0.0000	0.0000	0.0000	0.0000	0.0000	5.0000	0.0000	7.0006	0.0000	0.0000	0.0000	0.0000	0.0000	0.0000	0.0000	0.0000	0.0000	0.0000	0.0000	0.0000	0.0000	0.0000	0.0000	0.0000	0.0000	0.0000	0.0000	0.0000	0.0000	0.0000	0.0000	0.0000	0.0000	0.0000	0.0000	0.0000	0.0000	0.0000	0.0000	0.0000	0.0000	0.0000	0.0000	0.0000	0.0000	0.0000	0.0000	0.0000	0.0000	0.0000	0.0000	0.0000	0.0000	0.0000	0.0000	0.0000	0.0000	0.0000	0.0000	0.0000	0.0000	0.0000											
64	87	0.1066	4	0	1	1	0	0	0	0	0	N	N	N	N	N	N	N	N	N	N	N	N	0.0000	0.0000	0.0000	0.0000	0.0000	0.0000	0.0000	0.0000	0.0000	0.0000	0.0000	0.0000	0.0000	0.0000	0.0000	0.0000	0.0000	0.0000	0.0000	0.0000	0.0000	1.0000	0.0000	3.0006	0.0000	0.0000	0.0000	0.0000	0.0000	0.0000	0.0000	0.0000	0.0000	0.0000	0.0000	0.0000	0.0000	0.0000	0.0000	0.0000	0.0000	0.0000	0.0000	0.0000	0.0000	0.0000	0.0000	0.0000	0.0000	0.0000	0.0000	0.0000	0.0000	0.0000	0.0000	0.0000	0.0000	0.0000	0.0000	0.0000	0.0000	0.0000	0.0000	0.0000	0.0000	0.0000	0.0000	0.0000	0.0000	0.0000	0.0000	0.0000	0.0000	0.0000	0.0000	0.0000	0.0000	0.0000											
64	88	0.1610	5	1	1	1	0	0	0	0	0	N	N	N	N	N	N	N	N	N	N	N	N	0.0000	0.0000	0.0000	0.0000	0.0000	0.0000	0.0000	0.0000	0.0000	0.0000	0.0000	0.0000	0.0000	0.0000	0.0000	0.0000	0.0000	0.0000	0.0000	0.0000	0.0000	0.0000	0.0000	0.0000	0.0000	0.0000	0.0000	0.0000	0.0000	0.0000	0.0000	0.0000	0.0000	0.0000	0.0000	0.0000	0.0000	0.0000	0.0000	0.0000	0.0000	0.0000	0.0000	0.0000	0.0000	0.0000	0.0000	0.0000	0.0000	0.0000	0.0000	0.0000	0.0000	0.0000	0.0000	0.0000	0.0000	0.0000	0.0000	0.0000	0.0000	0.0000	0.0000	0.0000	0.0000	0.0000	0.0000	0.0000	0.0000	0.0000	0.0000	0.0000	0.0000	0.0000	0.0000	0.0000	0.0000	0.0000											
64	89	0.1066	4	0	1	1	0	0	0	0	0	N	N	N	N	N	N	N	N	N	N	N	N	0.0000	0.0000	0.0000	0.0000	0.0000	0.0000	0.0000	0.0000	0.0000	0.0000	0.0000	0.0000	0.0000	0.0000	0.0000	0.0000	0.0000	0.0000	0.0000	0.0000	0.0000	4.0000	0.0000	4.0001	0.0000	0.0000	0.0000	0.0000	0.0000	0.0000	0.0000	0.0000	0.0000	0.0000	0.0000	0.0000	0.0000	0.0000	0.0000	0.0000	0.0000	0.0000	0.0000	0.0000	0.0000	0.0000	0.0000	0.0000	0.0000	0.0000	0.0000	0.0000	0.0000	0.0000	0.0000	0.0000	0.0000	0.0000	0.0000	0.0000	0.0000	0.0000	0.0000	0.0000	0.0000	0.0000	0.0000	0.0000	0.0000	0.0000	0.0000	0.0000	0.0000	0.0000	0.0000	0.0000	0.0000	0.0000											
64	91	0.2522	6	0	0	1	0	0	0	0	0	N	N	N	N	N	N	N	N	N	N	N	N	0.0000	0.0000	0.0000	0.0000	0.0000	0.0000	0.0000	0.0000	0.0000	0.0000	0.0000	0.0000	0.0000	0.0000	0.0000	0.0000	0.0000	0.0000	0.0000	0.0000	0.0000	11.5137	0.0000	4.9035	0.0000	0.0000	0.0000	0.0000	0.0000	0.0000	0.0000	0.0000	0.0000	0.0000	0.0000	0.0000	0.0000	0.0000	0.0000	0.0000	0.0000	0.0000	0.0000	0.0000	0.0000	0.0000	0.0000	0.0000	0.0000	0.0000	0.0000	0.0000	0.0000	0.0000	0.0000	0.0000	0.0000	0.0000	0.0000	0.0000	0.0000	0.0000	0.0000	0.0000	0.0000	0.0000	0.0000	0.0000	0.0000	0.0000	0.0000	0.0000	0.0000	0.0000	0.0000	0.0000	0.0000	0.0000											
65	68	0.1066	3	0	1	1	0	0	0	0	0	N	N	N	N	N	N	N	N	N	N	N	N	0.0000	0.0000	0.0000	0.0000	0.0000	0.0000	0.0000	0.0000	0.0000	0.0000	0.0000	0.0000	0.0000	0.0000	0.0000	0.0000	0.0000	0.0000	0.0000	0.0000	0.8734	5.0000	1.0002	3.9994	0.0000	0.0000	0.0000	0.0000	0.0000	0.0000	0.0000	0.0000	0.0000	0.0000	0.0000	0.0000	0.0000	0.0000	0.0000	0.0000	0.0000	0.0000	0.1200	0.0995	0.0205	0.0048	0.0046	0.0003	0.1152	0.0949	0.0203	0.1250	0.0218	0.1032	0.0287	0.0060	0.0227	0.0963	0.0158	0.0805	0.0000	0.0000	0.0000	0.0000	0.0000	0.0000	0.0000	0.0000	0.0000	0.0000	0.0000	0.0000	0.0000	0.0000	0.0000	0.0000	0.0000	0.0000											
65	69	0.1066	3	1	0	2	0	0	0	0	0	N	N	Y	N	N	N	N	N	N	N	N	N	0.0000	0.0000	0.0000	0.0000	0.0000	0.0000	0.0000	0.0000	0.0000	0.0000	0.0000	0.0000	0.0000	0.0000	0.0000	0.0000	0.0000	0.0000	0.0000	0.0000	0.8734	7.0000	1.0002	2.9994	0.0000	0.0000	0.0000	0.0000	0.0000	0.0000	0.0000	0.0000	0.0000	0.0000	0.0000	0.0000	0.0000	0.0000	0.0000	0.0000	0.0000	0.0000	0.1600	0.1334	0.0265	0.0066	0.0062	0.0004	0.1534	0.1272	0.0262	0.1347	0.0237	0.1110	0.0307	0.0064	0.0243	0.1040	0.0173	0.0867	0.0000	0.0000	0.0000	0.0000	0.0000	0.0000	0.0000	0.0000	0.0000	0.0000	0.0000	0.0000	0.0000	0.0000	0.0000	0.0000	0.0000	0.0000											
65	70	0.1066	3	0	1	1	1	0	0	0	0	N	N	N	N	N	N	N	N	N	N	N	N	0.0000	0.0000	0.0000	0.0000	0.0000	0.0000	0.0000	0.0000	0.0000	0.0000	0.0000	0.0000	0.0000	0.0000	0.0000	0.0000	0.0000	0.0000	0.0000	0.0000	0.8734	4.0000	1.0002	5.0006	0.0000	0.0000	0.0000	0.0000	0.0000	0.0000	0.0000	0.0000	0.0000	0.0000	0.0000	0.0000	0.0000	0.0000	0.0000	0.0000	0.0000	0.0000	0.0985	0.0814	0.0171	0.0039	0.0037	0.0002	0.0945	0.0777	0.0169	0.1250	0.0218	0.1032	0.0287	0.0060	0.0227	0.0963	0.0158	0.0805	0.0000	0.0000	0.0000	0.0000	0.0000	0.0000	0.0000	0.0000	0.0000	0.0000	0.0000	0.0000	0.0000	0.0000	0.0000	0.0000	0.0000	0.0000											
65	71	0.1066	3	0	1	1	0	0	0	0	0	N	N	N	N	N	N	N	N	N	N	N	N	0.0000	0.0000	0.0000	0.0000	0.0000	0.0000	0.0000	0.0000	0.0000	0.0000	0.0000	0.0000	0.0000	0.0000	0.0000	0.0000	0.0000	0.0000	0.0000	0.0000	0.8734	7.0000	1.0002	4.9994	0.0000	0.0000	0.0000	0.0000	0.0000	0.0000	0.0000	0.0000	0.0000	0.0000	0.0000	0.0000	0.0000	0.0000	0.0000	0.0000	0.0000	0.0000	0.1600	0.1334	0.0265	0.0066	0.0062	0.0004	0.1534	0.1272	0.0262	0.1522	0.0273	0.1249	0.0343	0.0072	0.0271	0.1179	0.0201	0.0978	0.0000	0.0000	0.0000	0.0000	0.0000	0.0000	0.0000	0.0000	0.0000	0.0000	0.0000	0.0000	0.0000	0.0000	0.0000	0.0000	0.0000	0.0000											
65	72	0.1632	4	0	1	1	0	0	0	0	0	N	N	N	N	N	N	N	N	N	N	N	N	0.0000	0.0000	0.0000	0.0000	0.0000	0.0000	0.0000	0.0000	0.0000	0.0000	0.0000	0.0000	0.0000	0.0000	0.0000	0.0000	0.0000	0.0000	0.0000	0.0000	0.8734	4.7764	1.0002	1.3205	0.0000	0.0000	0.0000	0.0000	0.0000	0.0000	0.0000	0.0000	0.0000	0.0000	0.0000	0.0000	0.0000	0.0000	0.0000	0.0000	0.0000	0.0000	0.1242	0.1036	0.0206	0.0180	0.0162	0.0018	0.1062	0.0874	0.0188	0.0898	0.0358	0.0540	0.0451	0.0277	0.0174	0.0447	0.0081	0.0366	0.0000	0.0000	0.0000	0.0000	0.0000	0.0000	0.0000	0.0000	0.0000	0.0000	0.0000	0.0000	0.0000	0.0000	0.0000	0.0000	0.0000	0.0000											
65	73	0.1066	3	0	1	1	0	0	0	0	0	N	N	N	N	N	N	N	N	N	N	N	N	0.0000	0.0000	0.0000	0.0000	0.0000	0.0000	0.0000	0.0000	0.0000	0.0000	0.0000	0.0000	0.0000	0.0000	0.0000	0.0472	0.0096	0.0549	0.0000	0.0000	0.0000	0.0616	0.8285	0.0707	28.0000	0.0000	0.0013	0.8734	3.3049	1.0002	2.7470	0.0000	0.0000	0.0000	0.0000	0.0000	0.0000	0.0000	0.0000	0.0000	0.0043	0.0001	0.0042	0.0000	0.0000	0.0000	0.0043	0.0001	0.0042	0.0828	0.0683	0.0146	0.0033	0.0031	0.0002	0.0796	0.0652	0.0144	0.0922	0.0157	0.0765	0.0215	0.0045	0.0171	0.0706	0.0112	0.0594	0.0000	0.0000	0.0000	0.0000	0.0000	0.0000	0.0000	0.0000	0.0000	0.0472	0.0096	0.0549	0.0000	0.0000	0.0000	0.0616	0.0134	0.0707				
65	74	0.1654	4	0	1	1	0	0	0	0	0	N	N	N	N	N	N	N	N	N	N	N	N	0.0000	0.0000	0.0000	0.0000	0.0000	0.0000	0.0000	0.0000	0.0000	0.0000	0.0000	0.0000	0.0000	0.0000	0.0000	0.0000	0.0000	0.0000	0.0000	0.0000	0.8734	0.0000	1.0002	0.0000	0.0000	0.0000	0.0000	0.0000	0.0000	0.0000	0.0000	0.0000	0.0000	0.0000	0.0000	0.0000	0.0000	0.0000	0.0000	0.0000	0.0000	0.0000	0.0000	0.0000	0.0000	0.0000	0.0000	0.0000	0.0000	0.0000	0.0000	0.0000	0.0000	0.0000	0.0000	0.0000	0.0000	0.0000	0.0000	0.0000	0.0000	0.0000	0.0000	0.0000	0.0000	0.0000	0.0000	0.0000	0.0000	0.0000	0.0000	0.0000	0.0000	0.0000	0.0000	0.0000	0.0000	0.0000											
65	75	0.1066	3	0	1	1	0	0	0	0	0	N	N	N	N	N	N	N	N	N	N	N	N	0.0000	0.0000	0.0000	0.0000	0.0000	0.0000	0.0000	0.0000	0.0000	0.0000	0.0000	0.0000	0.0000	0.0000	0.0000	0.1213	0.0512	0.1367	0.0000	0.0000	0.0000	0.1581	2.5586	0.1758	14.2000	0.0000	0.0032	0.8734	4.3567	1.0002	2.3689	0.0000	0.0000	0.0000	0.0000	0.0000	0.0000	0.0000	0.0000	0.0000	0.0122	0.0008	0.0114	0.0000	0.0000	0.0000	0.0122	0.0008	0.0114	0.1063	0.0879	0.0184	0.0043	0.0040	0.0002	0.1020	0.0839	0.0181	0.1003	0.0171	0.0831	0.0233	0.0048	0.0185	0.0769	0.0123	0.0646	0.0000	0.0000	0.0000	0.0000	0.0000	0.0000	0.0000	0.0000	0.0000	0.1213	0.0467	0.1367	0.0000	0.0000	0.0000	0.1581	0.0650	0.1758				
65	76	0.1740	6	1	1	1	1	0	0	0	0	N	N	N	N	N	N	N	N	N	N	N	N	0.0000	0.0000	0.0000	0.0000	0.0000	0.0000	0.0000	0.0000	0.0000	0.0000	0.0000	0.0000	0.0000	0.0000	0.0000	0.0000	0.0000	0.0000	0.0000	0.0000	0.8734	0.0000	1.0002	0.0000	0.0000	0.0000	0.0000	0.0000	0.0000	0.0000	0.0000	0.0000	0.0000	0.0000	0.0000	0.0000	0.0000	0.0000	0.0000	0.0000	0.0000	0.0000	0.0000	0.0000	0.0000	0.0000	0.0000	0.0000	0.0000	0.0000	0.0000	0.0000	0.0000	0.0000	0.0000	0.0000	0.0000	0.0000	0.0000	0.0000	0.0000	0.0000	0.0000	0.0000	0.0000	0.0000	0.0000	0.0000	0.0000	0.0000	0.0000	0.0000	0.0000	0.0000	0.0000	0.0000	0.0000	0.0000											
65	77	0.1657	5	1	1	1	1	0	0	0	0	N	N	N	N	N	N	N	N	N	N	N	N	0.0000	0.0000	0.0000	0.0000	0.0000	0.0000	0.0000	0.0000	0.0000	0.0000	0.0000	0.0000	0.0000	0.0008	0.0023	0.0000	0.0053	0.0055	0.0000	0.0000	0.0000	0.0000	0.0000	0.0000	-0.0000	0.8734	1.0073	1.0002	0.3366	0.0000	0.0000	0.0000	0.0000	0.0000	0.0000	0.0000	0.0000	0.0000	0.0000	0.0000	0.0000	0.0000	0.0000	0.0000	0.0000	0.0000	0.0000	0.0251	0.0211	0.0039	0.0033	0.0030	0.0003	0.0218	0.0182	0.0036	0.0126	0.0043	0.0084	0.0019	0.0018	0.0001	0.0108	0.0025	0.0083	0.0000	0.0000	0.0000	0.0000	0.0000	0.0000	0.0000	0.0000	0.0000	0.0008	0.0023	0.0000	0.0053	0.0055	0.0000	0.0000	0.0000	0.0000						
65	78	0.1915	5	0	1	1	1	0	0	0	0	N	N	N	N	N	N	N	N	N	N	N	N	0.0000	0.0000	0.0000	0.0000	0.0000	0.0000	0.0000	0.0000	0.0000	0.0000	0.0000	0.0000	0.0000	0.0000	0.0000	0.0000	0.0000	0.0000	0.0000	0.0000	0.8734	0.0000	1.0002	0.0000	0.0000	0.0000	0.0000	0.0000	0.0000	0.0000	0.0000	0.0000	0.0000	0.0000	0.0000	0.0000	0.0000	0.0000	0.0000	0.0000	0.0000	0.0000	0.0000	0.0000	0.0000	0.0000	0.0000	0.0000	0.0000	0.0000	0.0000	0.0000	0.0000	0.0000	0.0000	0.0000	0.0000	0.0000	0.0000	0.0000	0.0000	0.0000	0.0000	0.0000	0.0000	0.0000	0.0000	0.0000	0.0000	0.0000	0.0000	0.0000	0.0000	0.0000	0.0000	0.0000	0.0000	0.0000											
65	79	0.1832	4	0	1	1	1	0	0	0	0	N	N	N	N	N	N	N	N	N	N	N	N	0.0000	0.0000	0.0000	0.0000	0.0000	0.0000	0.0000	0.0000	0.0000	0.0000	0.0000	0.0000	0.0000	0.0000	0.0000	0.0000	0.0000	0.0000	0.0000	0.0000	0.8734	0.0000	1.0002	1.0000	0.0000	0.0000	0.0000	0.0000	0.0000	0.0000	0.0000	0.0000	0.0000	0.0000	0.0000	0.0000	0.0000	0.0000	0.0000	0.0000	0.0000	0.0000	0.0000	0.0000	0.0000	0.0000	0.0000	0.0000	0.0000	0.0000	0.0000	0.0161	0.0048	0.0112	0.0010	0.0009	0.0001	0.0151	0.0039	0.0112	0.0000	0.0000	0.0000	0.0000	0.0000	0.0000	0.0000	0.0000	0.0000	0.0000	0.0000	0.0000	0.0000	0.0000	0.0000	0.0000	0.0000	0.0000											
65	80	0.1657	5	0	1	1	0	0	0	0	0	N	N	N	N	N	N	N	N	N	N	N	N	0.0000	0.0000	0.0000	0.0000	0.0000	0.0000	0.0000	0.0000	0.0000	0.0000	0.0000	0.0000	0.0000	0.0003	0.0008	0.0000	0.0021	0.0022	0.0000	0.0000	0.0000	0.0000	0.0000	0.0000	-0.0000	0.8734	3.9927	1.0002	1.0002	0.0000	0.0000	0.0000	0.0000	0.0000	0.0000	0.0000	0.0000	0.0000	0.0000	0.0000	0.0000	0.0000	0.0000	0.0000	0.0000	0.0000	0.0000	0.0919	0.0781	0.0137	0.0122	0.0111	0.0011	0.0796	0.0670	0.0126	0.0399	0.0131	0.0268	0.0047	0.0045	0.0002	0.0352	0.0086	0.0266	0.0000	0.0000	0.0000	0.0000	0.0000	0.0000	0.0000	0.0000	0.0000	0.0003	0.0008	0.0000	0.0021	0.0022	0.0000	0.0000	0.0000	0.0000						
65	81	0.1610	4	0	1	1	0	0	0	0	0	N	N	N	N	N	N	N	N	N	N	N	N	0.0000	0.0000	0.0000	0.0000	0.0000	0.0000	0.0000	0.0000	0.0000	0.0000	0.0000	0.0000	0.0000	0.0017	0.0000	0.0026	0.0000	0.0000	0.0000	0.0047	0.0000	0.0026	inf	0.0000	0.0000	0.8734	0.0110	1.0002	0.6549	0.0000	0.0000	0.0000	0.0000	0.0000	0.0000	0.0000	0.0000	0.0000	0.0000	0.0000	0.0000	0.0000	0.0000	0.0000	0.0000	0.0000	0.0000	0.0003	0.0002	0.0000	0.0000	0.0000	0.0000	0.0002	0.0002	0.0000	0.0058	0.0018	0.0039	0.0006	0.0006	0.0000	0.0051	0.0012	0.0039	0.0000	0.0000	0.0000	0.0000	0.0000	0.0000	0.0000	0.0000	0.0000	0.0017	0.0000	0.0026	0.0000	0.0000	0.0000	0.0020	0.0000	0.0026						
65	82	0.1832	4	0	0	2	1	0	0	0	0	N	N	Y	N	N	N	N	N	N	N	N	N	0.0000	0.0000	0.0000	0.0000	0.0000	0.0000	0.0000	0.0000	0.0000	0.0000	0.0000	0.0000	0.0000	0.0000	0.0000	0.0000	0.0000	0.0000	0.0000	0.0000	0.8734	1.0000	1.0002	0.0000	0.0000	0.0000	0.0000	0.0000	0.0000	0.0000	0.0000	0.0000	0.0000	0.0000	0.0000	0.0000	0.0000	0.0000	0.0000	0.0000	0.0000	0.0000	0.0248	0.0209	0.0039	0.0019	0.0017	0.0002	0.0228	0.0191	0.0037	0.0161	0.0048	0.0112	0.0010	0.0009	0.0001	0.0151	0.0039	0.0112	0.0000	0.0000	0.0000	0.0000	0.0000	0.0000	0.0000	0.0000	0.0000	0.0000	0.0000	0.0000	0.0000	0.0000	0.0000	0.0000	0.0000	0.0000											
65	83	0.1832	4	0	0	2	1	0	0	0	0	N	N	Y	N	N	N	N	N	N	N	N	N	0.0000	0.0000	0.0000	0.0000	0.0000	0.0000	0.0000	0.0000	0.0000	0.0000	0.0000	0.0000	0.0000	0.0000	0.0000	0.0000	0.0000	0.0000	0.0000	0.0000	0.8734	0.0000	1.0002	0.0000	0.0000	0.0000	0.0000	0.0000	0.0000	0.0000	0.0000	0.0000	0.0000	0.0000	0.0000	0.0000	0.0000	0.0000	0.0000	0.0000	0.0000	0.0000	0.0000	0.0000	0.0000	0.0000	0.0000	0.0000	0.0000	0.0000	0.0000	0.0000	0.0000	0.0000	0.0000	0.0000	0.0000	0.0000	0.0000	0.0000	0.0000	0.0000	0.0000	0.0000	0.0000	0.0000	0.0000	0.0000	0.0000	0.0000	0.0000	0.0000	0.0000	0.0000	0.0000	0.0000	0.0000	0.0000											
65	84	0.1066	3	0	0	1	1	0	0	0	0	N	N	N	N	N	N	N	N	N	N	N	N	0.0000	0.0000	0.0000	0.0000	0.0000	0.0000	0.0000	0.0000	0.0000	0.0000	0.0000	0.0000	0.0000	0.0000	0.0000	0.0000	0.0000	0.0000	0.0000	0.0000	0.8734	3.0000	1.0002	5.9994	0.0000	0.0000	0.0000	0.0000	0.0000	0.0000	0.0000	0.0000	0.0000	0.0000	0.0000	0.0000	0.0000	0.0000	0.0000	0.0000	0.0000	0.0000	0.0758	0.0624	0.0134	0.0030	0.0028	0.0002	0.0728	0.0596	0.0132	0.1250	0.0218	0.1032	0.0287	0.0060	0.0227	0.0963	0.0158	0.0805	0.0000	0.0000	0.0000	0.0000	0.0000	0.0000	0.0000	0.0000	0.0000	0.0000	0.0000	0.0000	0.0000	0.0000	0.0000	0.0000	0.0000	0.0000											
65	85	0.2442	4	1	1	1	0	0	0	0	0	N	N	N	N	N	N	N	N	N	N	N	N	0.0000	0.0000	0.0000	0.0000	0.0000	0.0000	0.0000	0.0000	0.0000	0.0000	0.0000	0.0000	0.0000	0.0000	0.0000	0.0000	0.0000	0.0000	0.0000	0.0000	0.8734	0.0000	1.0002	0.0000	0.0000	0.0000	0.0000	0.0000	0.0000	0.0000	0.0000	0.0000	0.0000	0.0000	0.0000	0.0000	0.0000	0.0000	0.0000	0.0000	0.0000	0.0000	0.0000	0.0000	0.0000	0.0000	0.0000	0.0000	0.0000	0.0000	0.0000	0.0000	0.0000	0.0000	0.0000	0.0000	0.0000	0.0000	0.0000	0.0000	0.0000	0.0000	0.0000	0.0000	0.0000	0.0000	0.0000	0.0000	0.0000	0.0000	0.0000	0.0000	0.0000	0.0000	0.0000	0.0000	0.0000	0.0000											
65	86	0.1066	3	1	1	1	0	0	0	0	0	N	N	N	N	N	N	N	N	N	N	N	N	0.0000	0.0000	0.0000	0.0000	0.0000	0.0000	0.0000	0.0000	0.0000	0.0000	0.0000	0.0000	0.0000	6.6516	36.6422	0.0000	0.0000	0.0000	0.0000	8.4791	49.7771	0.0000	0.0000	0.0000	-0.6721	0.8734	5.0000	1.0002	7.0006	0.0000	0.0000	0.0000	0.0000	0.0000	0.0000	0.0000	0.0000	0.0000	1.0000	1.0000	0.0000	0.0000	0.0000	0.0000	1.0000	1.0000	0.0000	0.1200	0.0995	0.0205	0.0048	0.0046	0.0003	0.1152	0.0949	0.0203	0.1522	0.0273	0.1249	0.0343	0.0072	0.0271	0.1179	0.0201	0.0978	0.0000	0.0000	0.0000	0.0000	0.0000	0.0000	0.0000	0.0000	0.0000	6.5704	36.6422	0.0000	0.0000	0.0000	0.0000	8.4791	49.7771	0.0000						
65	87	0.1066	3	0	1	1	0	0	0	0	0	N	N	N	N	N	N	N	N	N	N	N	N	0.0000	0.0000	0.0000	0.0000	0.0000	0.0000	0.0000	0.0000	0.0000	0.0000	0.0000	0.0000	0.0000	0.0000	0.0000	0.0000	0.0000	0.0000	0.0000	0.0000	0.8734	1.0000	1.0002	3.0006	0.0000	0.0000	0.0000	0.0000	0.0000	0.0000	0.0000	0.0000	0.0000	0.0000	0.0000	0.0000	0.0000	0.0000	0.0000	0.0000	0.0000	0.0000	0.0267	0.0218	0.0049	0.0010	0.0010	0.0001	0.0256	0.0208	0.0048	0.0651	0.0109	0.0542	0.0154	0.0032	0.0122	0.0497	0.0077	0.0420	0.0000	0.0000	0.0000	0.0000	0.0000	0.0000	0.0000	0.0000	0.0000	0.0000	0.0000	0.0000	0.0000	0.0000	0.0000	0.0000	0.0000	0.0000											
65	88	0.1610	4	1	1	1	0	0	0	0	0	N	N	N	N	N	N	N	N	N	N	N	N	0.0000	0.0000	0.0000	0.0000	0.0000	0.0000	0.0000	0.0000	0.0000	0.0000	0.0000	0.0000	0.0000	0.0000	0.0000	0.0000	0.0000	0.0000	0.0000	0.0000	0.8734	0.0000	1.0002	0.0000	0.0000	0.0000	0.0000	0.0000	0.0000	0.0000	0.0000	0.0000	0.0000	0.0000	0.0000	0.0000	0.0000	0.0000	0.0000	0.0000	0.0000	0.0000	0.0000	0.0000	0.0000	0.0000	0.0000	0.0000	0.0000	0.0000	0.0000	0.0000	0.0000	0.0000	0.0000	0.0000	0.0000	0.0000	0.0000	0.0000	0.0000	0.0000	0.0000	0.0000	0.0000	0.0000	0.0000	0.0000	0.0000	0.0000	0.0000	0.0000	0.0000	0.0000	0.0000	0.0000	0.0000	0.0000											
65	89	0.1066	3	0	1	1	0	0	0	0	0	N	N	N	N	N	N	N	N	N	N	N	N	0.0000	0.0000	0.0000	0.0000	0.0000	0.0000	0.0000	0.0000	0.0000	0.0000	0.0000	0.0000	0.0000	0.0000	0.0000	0.0000	0.0000	0.0000	0.0000	0.0000	0.8734	4.0000	1.0002	4.0001	0.0000	0.0000	0.0000	0.0000	0.0000	0.0000	0.0000	0.0000	0.0000	0.0000	0.0000	0.0000	0.0000	0.0000	0.0000	0.0000	0.0000	0.0000	0.0985	0.0814	0.0171	0.0039	0.0037	0.0002	0.0945	0.0777	0.0169	0.1146	0.0198	0.0948	0.0264	0.0055	0.0209	0.0881	0.0143	0.0738	0.0000	0.0000	0.0000	0.0000	0.0000	0.0000	0.0000	0.0000	0.0000	0.0000	0.0000	0.0000	0.0000	0.0000	0.0000	0.0000	0.0000	0.0000											
65	91	0.2522	5	0	0	1	0	0	0	0	0	N	N	N	N	N	N	N	N	N	N	N	N	0.0015	0.0001	inf	0.0033	0.0017	inf	0.0002	0.0002	0.0000	0.0011	0.0012	0.0000	0.0000	0.0000	0.0000	0.1032	1.5260	0.0000	0.3329	0.6656	0.0000	0.0000	0.0000	0.0000	0.0001	0.0000	-0.0000	-0.0145	0.8734	11.5137	1.0002	4.9035	0.0000	0.0000	0.0000	0.0000	0.0000	0.0000	0.0000	0.0000	0.0000	0.0216	0.0216	0.0000	0.0216	0.0216	0.0000	0.0000	0.0000	0.0000	0.2739	0.2341	0.0398	0.0402	0.0376	0.0027	0.2337	0.1966	0.0371	0.2098	0.0596	0.1502	0.0650	0.0325	0.0325	0.1448	0.0271	0.1177	0.0015	0.0005	inf	0.0033	0.0017	inf	0.0000	0.0000	0.0000	0.1032	0.3630	0.0000	0.3329	0.6656	0.0000	0.0000	0.0000	0.0000			
66	68	0.0823	2	0	1	0	0	0	0	0	0	N	N	N	N	N	N	N	N	N	N	N	N	0.0006	0.0006	0.0000	0.0053	0.0101	0.0000	0.0000	0.0000	0.0001	0.0001	0.0000	0.0016	0.0016	0.0000	0.0000	0.0000	0.0000	0.1120	0.1410	0.1197	0.2963	0.1620	0.4152	0.0324	0.0000	0.0387	0.0000	3.8805	-0.0000	0.0013	1.0063	5.0000	0.0727	3.9994	0.0000	0.0000	0.0000	0.0000	0.0000	0.0000	0.0000	0.0000	0.0000	0.0104	0.0021	0.0083	0.0083	0.0021	0.0062	0.0021	0.0000	0.0021	0.1399	0.1160	0.0238	0.0064	0.0061	0.0003	0.1335	0.1099	0.0236	0.0928	0.0238	0.0690	0.0280	0.0131	0.0149	0.0648	0.0106	0.0542	0.0006	0.0010	0.0000	0.0053	0.0101	0.0000	0.0000	0.0000	0.0000	0.1120	0.0895	0.1197	0.2963	0.1620	0.4152	0.0324	0.0000	0.0387	
66	69	0.0823	2	1	0	1	0	0	0	0	0	N	N	N	N	N	N	N	N	N	N	N	N	0.1580	1.3937	0.0000	1.3545	14.4419	0.0000	0.0019	inf	0.0000	0.0135	0.0162	0.0000	0.2909	0.3049	0.0000	0.0001	0.0001	0.0000	0.0855	0.0116	0.1112	0.2148	0.0211	0.3880	0.0300	0.0000	0.0359	0.0000	27.5512	-0.0010	0.0025	1.0063	7.0000	0.0727	2.9994	0.0025	0.0025	0.0000	0.0025	0.0025	0.0000	0.0000	0.0000	0.0000	0.0086	0.0003	0.0083	0.0065	0.0003	0.0062	0.0021	0.0000	0.0021	0.1865	0.1556	0.0308	0.0086	0.0082	0.0004	0.1778	0.1474	0.0304	0.1001	0.0258	0.0743	0.0301	0.0142	0.0159	0.0700	0.0116	0.0584	0.1580	1.3937	0.0000	1.3545	14.4419	0.0000	0.0019	inf	0.0000	0.0855	0.0116	0.1112	0.2148	0.0211	0.3880	0.0300	0.0000	0.0359
66	70	0.0823	2	0	1	0	1	0	0	0	0	N	N	N	N	N	N	N	N	N	N	N	N	0.0491	0.0152	0.3272	0.1609	0.0001	0.0001	0.0000	0.0019	0.0020	0.0000	0.0000	0.0000	0.0000	0.0018	0.0069	0.0000	0.0059	0.0125	0.0000	0.0000	0.0000	0.0000	0.0000	0.0000	-0.0000	-0.0001	1.0063	4.0000	0.0727	5.0006	0.0000	0.0000	0.0000	0.0000	0.0000	0.0000	0.0000	0.0000	0.0000	0.0002	0.0002	0.0000	0.0002	0.0002	0.0000	0.0000	0.0000	0.0000	0.1148	0.0949	0.0199	0.0052	0.0050	0.0002	0.1096	0.0899	0.0196	0.0928	0.0238	0.0690	0.0280	0.0131	0.0149	0.0648	0.0106	0.0542	0.0491	0.0152	0.0000	0.3272	0.1609	0.0000	0.0000	0.0000	0.0000	0.0018	0.0069	0.0000	0.0059	0.0125	0.0000	0.0000	0.0000	0.0000					
66	71	0.0823	2	0	1	0	0	0	0	0	0	N	N	N	N	N	N	N	N	N	N	N	N	0.0042	0.0317	0.0000	0.0361	0.3270	0.0000	0.0000	0.0000	0.0003	0.0004	0.0000	0.0070	0.0073	0.0000	0.0000	0.0000	0.0000	0.0761	0.0122	0.0986	0.1927	0.0223	0.3480	0.0269	0.0000	0.0318	0.0000	22.9594	-0.0000	0.0025	1.0063	7.0000	0.0727	4.9994	0.0001	0.0001	0.0000	0.0001	0.0001	0.0000	0.0000	0.0000	0.0000	0.0086	0.0004	0.0083	0.0065	0.0004	0.0062	0.0021	0.0000	0.0021	0.1865	0.1556	0.0308	0.0086	0.0082	0.0004	0.1778	0.1474	0.0304	0.1134	0.0296	0.0838	0.0339	0.0162	0.0177	0.0795	0.0135	0.0661	0.0042	0.0317	0.0000	0.0361	0.3270	0.0000	0.0000	0.0000	0.0000	0.0761	0.0122	0.0986	0.1927	0.0223	0.3480	0.0264	0.0000	0.0318	
66	72	0.1389	3	0	1	0	0	0	0	0	0	N	N	N	N	N	N	N	N	N	N	N	N	6.7583	3.9853	0.0007	18.1509	13.6461	0.0232	2.5862	0.0702	0.0002	0.0276	0.0331	0.0000	0.1113	0.1255	0.0000	0.0110	0.0133	0.0000	0.0041	0.0083	0.0009	0.0061	0.0092	0.0001	0.0042	0.1895	0.0013	0.0000	0.1521	-0.0016	-0.0001	1.0063	4.7764	0.0727	1.3205	0.0041	0.0041	0.0000	0.0027	0.0027	0.0000	0.0014	0.0014	0.0000	0.0003	0.0002	0.0000	0.0002	0.0002	0.0000	0.0001	0.0000	0.0000	0.1483	0.1237	0.0246	0.0246	0.0218	0.0028	0.1237	0.1019	0.0218	0.0647	0.0276	0.0371	0.0337	0.0223	0.0114	0.0310	0.0053	0.0257	6.7583	3.9853	0.0007	18.1509	13.6461	0.0232	5.8874	2.9006	0.0002	0.0041	0.0083	0.0009	0.0061	0.0092	0.0001	0.0019	0.0046	0.0013
66	73	0.0823	2	0	1	0	0	0	0	0	0	N	N	N	N	N	N	N	N	N	N	N	N	0.6202	0.0382	163.2538	0.0189	0.0091	0.0000	111.0428	0.4644	507.7707	0.0198	0.0238	0.0013	0.0020	0.0021	0.0000	0.0207	0.0250	0.0013	0.0320	0.6221	0.0000	0.1046	0.2261	0.0000	0.0002	0.0537	0.0000	0.0118	0.0002	-0.0007	-0.0015	1.0063	3.3049	0.0727	2.7470	0.0019	0.0019	0.0000	0.0000	0.0000	0.0000	0.0019	0.0019	0.0000	0.0022	0.0022	0.0000	0.0022	0.0022	0.0000	0.0000	0.0000	0.0000	0.0965	0.0796	0.0169	0.0043	0.0042	0.0002	0.0922	0.0755	0.0167	0.0682	0.0172	0.0511	0.0208	0.0096	0.0112	0.0475	0.0076	0.0399	0.6202	0.1869	163.2538	0.0189	0.0091	0.0000	111.0428	21.5951	507.7707	0.0320	0.1271	0.0000	0.1046	0.2261	0.0000	0.0002	0.0012	0.0000
66	74	0.1411	3	0	1	0	0	0	0	0	0	N	N	N	N	N	N	N	N	N	N	N	N	0.0000	0.0000	0.0000	0.0000	0.0000	0.0000	0.0000	0.0000	0.0000	0.0000	0.0000	0.0000	0.0000	0.0000	0.0000	0.0000	0.0000	0.0000	0.0000	0.0000	1.0063	0.0000	0.0727	0.0000	0.0000	0.0000	0.0000	0.0000	0.0000	0.0000	0.0000	0.0000	0.0000	0.0000	0.0000	0.0000	0.0000	0.0000	0.0000	0.0000	0.0000	0.0000	0.0000	0.0000	0.0000	0.0000	0.0000	0.0000	0.0000	0.0000	0.0000	0.0000	0.0000	0.0000	0.0000	0.0000	0.0000	0.0000	0.0000	0.0000	0.0000	0.0000	0.0000	0.0000	0.0000	0.0000	0.0000	0.0000	0.0000	0.0000	0.0000	0.0000	0.0000	0.0000	0.0000	0.0000	0.0000	0.0000											
66	75	0.0823	2	0	1	0	0	0	0	0	0	N	N	N	N	N	N	N	N	N	N	N	N	13.7256	4.1883	0.2818	0.1370	inf	inf	0.0263	0.0318	0.0000	0.0018	0.0019	0.0000	0.0275	0.0334	0.0000	0.0019	0.0076	0.0000	0.0063	0.0136	0.0000	0.0000	0.0000	0.0000	0.0000	0.0000	-0.0013	-0.0001	1.0063	4.3567	0.0727	2.3689	0.0033	0.0033	0.0000	0.0000	0.0000	0.0000	0.0033	0.0033	0.0000	0.0001	0.0001	0.0000	0.0001	0.0001	0.0000	0.0000	0.0000	0.0000	0.1239	0.1026	0.0213	0.0056	0.0054	0.0003	0.1183	0.0972	0.0211	0.0743	0.0188	0.0555	0.0226	0.0105	0.0121	0.0517	0.0083	0.0434	13.7256	4.1883	0.0000	0.2818	0.1370	0.0000	inf	inf	0.0000	0.0019	0.0076	0.0000	0.0063	0.0136	0.0000	0.0000	0.0000	0.0000			
66	76	0.1497	5	1	1	0	1	0	0	0	0	N	N	N	N	N	N	N	N	N	N	N	N	0.0000	0.0000	0.0000	0.0000	0.0000	0.0000	0.0000	0.0000	0.0000	0.0000	0.0000	0.0000	0.0000	0.0000	0.0000	0.0000	0.0000	0.0000	0.0000	0.0000	1.0063	0.0000	0.0727	0.0000	0.0000	0.0000	0.0000	0.0000	0.0000	0.0000	0.0000	0.0000	0.0000	0.0000	0.0000	0.0000	0.0000	0.0000	0.0000	0.0000	0.0000	0.0000	0.0000	0.0000	0.0000	0.0000	0.0000	0.0000	0.0000	0.0000	0.0000	0.0000	0.0000	0.0000	0.0000	0.0000	0.0000	0.0000	0.0000	0.0000	0.0000	0.0000	0.0000	0.0000	0.0000	0.0000	0.0000	0.0000	0.0000	0.0000	0.0000	0.0000	0.0000	0.0000	0.0000	0.0000	0.0000	0.0000											
66	77	0.1414	4	1	1	0	1	0	0	0	0	N	N	N	N	N	N	N	N	N	N	N	N	0.0000	0.0000	0.0000	0.0000	0.0000	0.0000	0.0000	0.0000	0.0000	0.0000	0.0000	0.0000	0.0000	0.0000	0.0000	0.0000	0.0000	0.0001	0.0000	0.0001	0.0000	0.0000	0.0005	0.0001	0.0000	0.0001	102.7833	0.0000	0.0000	1.0063	1.0073	0.0727	0.3366	0.0000	0.0000	0.0000	0.0000	0.0000	0.0000	0.0000	0.0000	0.0000	0.0000	0.0000	0.0000	0.0000	0.0000	0.0000	0.0000	0.0000	0.0000	0.0292	0.0247	0.0046	0.0040	0.0036	0.0003	0.0253	0.0211	0.0042	0.0101	0.0040	0.0061	0.0025	0.0024	0.0000	0.0076	0.0016	0.0060	0.0000	0.0000	0.0000	0.0000	0.0000	0.0000	0.0000	0.0000	0.0000	0.0001	0.0000	0.0001	0.0000	0.0000	0.0005	0.0001	0.0000	0.0001		
66	78	0.1672	4	0	1	0	1	0	0	0	0	N	N	N	N	N	N	N	N	N	N	N	N	0.0000	0.0000	0.0000	0.0000	0.0000	0.0000	0.0000	0.0000	0.0000	0.0000	0.0000	0.0000	0.0000	0.0000	0.0000	0.0000	0.0000	0.0000	0.0000	0.0000	1.0063	0.0000	0.0727	0.0000	0.0000	0.0000	0.0000	0.0000	0.0000	0.0000	0.0000	0.0000	0.0000	0.0000	0.0000	0.0000	0.0000	0.0000	0.0000	0.0000	0.0000	0.0000	0.0000	0.0000	0.0000	0.0000	0.0000	0.0000	0.0000	0.0000	0.0000	0.0000	0.0000	0.0000	0.0000	0.0000	0.0000	0.0000	0.0000	0.0000	0.0000	0.0000	0.0000	0.0000	0.0000	0.0000	0.0000	0.0000	0.0000	0.0000	0.0000	0.0000	0.0000	0.0000	0.0000	0.0000	0.0000	0.0000											
66	79	0.1589	3	0	1	0	1	0	0	0	0	N	N	N	N	N	N	N	N	N	N	N	N	0.0000	0.0000	0.0000	0.0000	0.0000	0.0000	0.0000	0.0000	0.0000	0.0000	0.0000	0.0000	0.0000	0.0000	0.0000	0.0000	0.0000	0.0000	0.0000	0.0000	1.0063	0.0000	0.0727	1.0000	0.0000	0.0000	0.0000	0.0000	0.0000	0.0000	0.0000	0.0000	0.0000	0.0000	0.0000	0.0000	0.0000	0.0000	0.0000	0.0000	0.0000	0.0000	0.0000	0.0000	0.0000	0.0000	0.0000	0.0000	0.0000	0.0000	0.0000	0.0125	0.0046	0.0078	0.0021	0.0021	0.0000	0.0104	0.0026	0.0078	0.0000	0.0000	0.0000	0.0000	0.0000	0.0000	0.0000	0.0000	0.0000	0.0000	0.0000	0.0000	0.0000	0.0000	0.0000	0.0000	0.0000	0.0000											
66	80	0.1414	4	0	1	0	0	0	0	0	0	N	N	N	N	N	N	N	N	N	N	N	N	0.0000	0.0000	0.0000	0.0000	0.0000	0.0000	0.0000	0.0000	0.0000	0.0000	0.0000	0.0000	0.0000	0.0000	0.0000	0.0000	0.0000	0.0000	0.0000	0.0000	0.0000	0.0000	0.0001	0.0000	0.0000	0.0000	102.8333	0.0000	0.0000	1.0063	3.9927	0.0727	1.0002	0.0000	0.0000	0.0000	0.0000	0.0000	0.0000	0.0000	0.0000	0.0000	0.0000	0.0000	0.0000	0.0000	0.0000	0.0000	0.0000	0.0000	0.0000	0.1072	0.0912	0.0160	0.0147	0.0134	0.0013	0.0925	0.0777	0.0147	0.0326	0.0129	0.0197	0.0075	0.0073	0.0001	0.0252	0.0056	0.0196	0.0000	0.0000	0.0000	0.0000	0.0000	0.0000	0.0000	0.0000	0.0000	0.0000	0.0000	0.0000	0.0000	0.0000	0.0001	0.0000	0.0000	0.0000		
66	81	0.1367	3	0	1	0	0	0	0	0	0	N	N	N	N	N	N	N	N	N	N	N	N	0.0000	0.0000	0.0000	0.0000	0.0000	0.0000	0.0000	0.0000	0.0000	0.0000	0.0000	0.0000	0.0000	0.0000	0.0000	0.0000	0.0001	0.0003	0.0000	0.0006	0.0006	0.0000	0.0000	0.0000	0.0000	0.0097	0.0000	-0.0000	1.0063	0.0110	0.0727	0.6549	0.0000	0.0000	0.0000	0.0000	0.0000	0.0000	0.0000	0.0000	0.0000	0.0000	0.0000	0.0000	0.0000	0.0000	0.0000	0.0000	0.0000	0.0000	0.0003	0.0003	0.0001	0.0000	0.0000	0.0000	0.0003	0.0002	0.0000	0.0047	0.0019	0.0029	0.0011	0.0011	0.0000	0.0037	0.0008	0.0029	0.0000	0.0000	0.0000	0.0000	0.0000	0.0000	0.0000	0.0000	0.0000	0.0001	0.0003	0.0000	0.0006	0.0006	0.0000	0.0000	0.0000	0.0000			
66	82	0.1589	3	0	0	1	1	0	0	0	0	N	N	N	N	N	N	N	N	N	N	N	N	0.0000	0.0000	0.0000	0.0000	0.0000	0.0000	0.0000	0.0000	0.0000	0.0000	0.0000	0.0000	0.0000	0.0000	0.0000	0.0000	0.0000	0.0000	0.0000	0.0000	1.0063	1.0000	0.0727	0.0000	0.0000	0.0000	0.0000	0.0000	0.0000	0.0000	0.0000	0.0000	0.0000	0.0000	0.0000	0.0000	0.0000	0.0000	0.0000	0.0000	0.0000	0.0000	0.0289	0.0244	0.0045	0.0024	0.0022	0.0002	0.0265	0.0222	0.0043	0.0125	0.0046	0.0078	0.0021	0.0021	0.0000	0.0104	0.0026	0.0078	0.0000	0.0000	0.0000	0.0000	0.0000	0.0000	0.0000	0.0000	0.0000	0.0000	0.0000	0.0000	0.0000	0.0000	0.0000	0.0000	0.0000	0.0000											
66	83	0.1589	3	0	0	1	1	0	0	0	0	N	N	N	N	N	N	N	N	N	N	N	N	0.0000	0.0000	0.0000	0.0000	0.0000	0.0000	0.0000	0.0000	0.0000	0.0000	0.0000	0.0000	0.0000	0.0000	0.0000	0.0000	0.0000	0.0000	0.0000	0.0000	1.0063	0.0000	0.0727	0.0000	0.0000	0.0000	0.0000	0.0000	0.0000	0.0000	0.0000	0.0000	0.0000	0.0000	0.0000	0.0000	0.0000	0.0000	0.0000	0.0000	0.0000	0.0000	0.0000	0.0000	0.0000	0.0000	0.0000	0.0000	0.0000	0.0000	0.0000	0.0000	0.0000	0.0000	0.0000	0.0000	0.0000	0.0000	0.0000	0.0000	0.0000	0.0000	0.0000	0.0000	0.0000	0.0000	0.0000	0.0000	0.0000	0.0000	0.0000	0.0000	0.0000	0.0000	0.0000	0.0000	0.0000	0.0000											
66	84	0.0823	2	0	0	0	1	0	0	0	0	N	N	N	N	N	N	N	N	N	N	N	N	0.0012	0.0109	0.0000	0.0109	0.1156	0.0000	0.0000	0.0000	0.0001	0.0001	0.0000	0.0025	0.0026	0.0000	0.0000	0.0000	0.0000	0.0923	0.0126	0.1197	0.2310	0.0228	0.4152	0.0324	0.0000	0.0387	0.0000	27.5512	-0.0000	0.0025	1.0063	3.0000	0.0727	5.9994	0.0000	0.0000	0.0000	0.0000	0.0000	0.0000	0.0000	0.0000	0.0000	0.0086	0.0003	0.0083	0.0065	0.0003	0.0062	0.0021	0.0000	0.0021	0.0883	0.0728	0.0155	0.0040	0.0038	0.0002	0.0844	0.0690	0.0154	0.0928	0.0238	0.0690	0.0280	0.0131	0.0149	0.0648	0.0106	0.0542	0.0012	0.0109	0.0000	0.0109	0.1156	0.0000	0.0000	0.0000	0.0000	0.0923	0.0126	0.1197	0.2310	0.0228	0.4152	0.0324	0.0000	0.0387	
66	85	0.2199	3	1	1	0	0	0	0	0	0	N	N	N	N	N	N	N	N	N	N	N	N	0.0000	0.0000	0.0000	0.0000	0.0000	0.0000	0.0000	0.0000	0.0000	0.0000	0.0000	0.0000	0.0000	0.0000	0.0000	0.0795	0.0000	0.1730	0.0115	0.0000	0.1667	0.1490	0.0000	0.1736	inf	0.0000	0.0000	1.0063	0.0000	0.0727	0.0000	0.0000	0.0000	0.0000	0.0000	0.0000	0.0000	0.0000	0.0000	0.0000	0.0000	0.0000	0.0000	0.0000	0.0000	0.0000	0.0000	0.0000	0.0000	0.0000	0.0000	0.0000	0.0000	0.0000	0.0000	0.0000	0.0000	0.0000	0.0000	0.0000	0.0000	0.0000	0.0000	0.0000	0.0000	0.0000	0.0000	0.0000	0.0000	0.0000	0.0000	0.0000	0.0000	0.0000	0.0000	0.0000	0.0795	0.0000	0.1730	0.0115	0.0000	0.1667	0.1490	0.0000	0.1736				
66	86	0.0823	2	1	1	0	0	0	0	0	0	N	N	N	N	N	N	N	N	N	N	N	N	0.0126	0.0040	0.0823	0.0411	0.0001	0.0001	0.0000	0.0016	0.0016	0.0000	0.0000	0.0000	0.0000	0.0057	0.0218	0.0000	0.0190	0.0399	0.0000	0.0000	0.0000	0.0000	0.0000	0.0000	-0.0000	-0.0004	1.0063	5.0000	0.0727	7.0006	0.0000	0.0000	0.0000	0.0000	0.0000	0.0000	0.0000	0.0000	0.0000	0.0006	0.0006	0.0000	0.0006	0.0006	0.0000	0.0000	0.0000	0.0000	0.1399	0.1160	0.0238	0.0064	0.0061	0.0003	0.1335	0.1099	0.0236	0.1134	0.0296	0.0838	0.0339	0.0162	0.0177	0.0795	0.0135	0.0661	0.0126	0.0040	0.0000	0.0823	0.0411	0.0000	0.0000	0.0000	0.0000	0.0057	0.0218	0.0000	0.0190	0.0399	0.0000	0.0000	0.0000	0.0000					
66	87	0.0823	2	0	1	0	0	0	0	0	0	N	N	N	N	N	N	N	N	N	N	N	N	0.0508	0.0154	0.3525	0.1688	0.0003	0.0004	0.0000	0.0073	0.0076	0.0000	0.0000	0.0000	0.0000	0.0063	0.0255	0.0000	0.0206	0.0451	0.0000	0.0000	0.0000	0.0000	0.0000	0.0000	-0.0000	-0.0002	1.0063	1.0000	0.0727	3.0006	0.0000	0.0000	0.0000	0.0000	0.0000	0.0000	0.0000	0.0000	0.0000	0.0003	0.0003	0.0000	0.0003	0.0003	0.0000	0.0000	0.0000	0.0000	0.0311	0.0254	0.0056	0.0014	0.0013	0.0001	0.0297	0.0241	0.0056	0.0481	0.0119	0.0361	0.0148	0.0068	0.0080	0.0333	0.0052	0.0281	0.0508	0.0154	0.0000	0.3525	0.1688	0.0000	0.0000	0.0000	0.0000	0.0063	0.0255	0.0000	0.0206	0.0451	0.0000	0.0000	0.0000	0.0000					
66	88	0.1367	3	1	1	0	0	0	0	0	0	N	N	N	N	N	N	N	N	N	N	N	N	0.0000	0.0000	0.0000	0.0000	0.0000	0.0000	0.0000	0.0000	0.0000	0.0000	0.0000	0.0000	0.0000	0.0000	0.0000	0.0000	0.0000	0.0000	0.0000	0.0000	1.0063	0.0000	0.0727	0.0000	0.0000	0.0000	0.0000	0.0000	0.0000	0.0000	0.0000	0.0000	0.0000	0.0000	0.0000	0.0000	0.0000	0.0000	0.0000	0.0000	0.0000	0.0000	0.0000	0.0000	0.0000	0.0000	0.0000	0.0000	0.0000	0.0000	0.0000	0.0000	0.0000	0.0000	0.0000	0.0000	0.0000	0.0000	0.0000	0.0000	0.0000	0.0000	0.0000	0.0000	0.0000	0.0000	0.0000	0.0000	0.0000	0.0000	0.0000	0.0000	0.0000	0.0000	0.0000	0.0000	0.0000	0.0000											
66	89	0.0823	2	0	1	0	0	0	0	0	0	N	N	N	N	N	N	N	N	N	N	N	N	0.0247	0.0076	0.1650	0.0807	0.0001	0.0001	0.0000	0.0019	0.0020	0.0000	0.0000	0.0000	0.0000	0.0035	0.0139	0.0000	0.0117	0.0250	0.0000	0.0000	0.0000	0.0000	0.0000	0.0000	-0.0000	-0.0002	1.0063	4.0000	0.0727	4.0001	0.0000	0.0000	0.0000	0.0000	0.0000	0.0000	0.0000	0.0000	0.0000	0.0003	0.0003	0.0000	0.0003	0.0003	0.0000	0.0000	0.0000	0.0000	0.1148	0.0949	0.0199	0.0052	0.0050	0.0002	0.1096	0.0899	0.0196	0.0850	0.0216	0.0634	0.0257	0.0120	0.0137	0.0593	0.0096	0.0497	0.0247	0.0076	0.0000	0.1650	0.0807	0.0000	0.0000	0.0000	0.0000	0.0035	0.0139	0.0000	0.0117	0.0250	0.0000	0.0000	0.0000	0.0000					
66	91	0.2279	4	0	0	0	0	0	0	0	0	N	N	N	N	N	N	N	N	N	N	N	N	0.9563	0.6642	0.4529	9.9819	7.1397	0.6033	0.1145	0.0012	0.3902	0.0123	0.0137	0.0039	0.0652	0.0696	0.0005	0.0025	0.0022	0.0042	0.0128	0.0206	0.0086	0.0065	0.0098	0.0009	0.0221	1.7805	0.0107	0.0484	0.7748	-0.0013	-0.0005	1.0063	11.5137	0.0727	4.9035	0.0040	0.0038	0.0002	0.0033	0.0033	0.0000	0.0007	0.0005	0.0002	0.0021	0.0012	0.0009	0.0004	0.0004	0.0000	0.0017	0.0008	0.0009	0.3215	0.2749	0.0466	0.0501	0.0469	0.0032	0.2714	0.2280	0.0435	0.1606	0.0563	0.1043	0.0594	0.0378	0.0216	0.1012	0.0185	0.0827	0.9563	0.6642	0.4529	9.9819	7.1397	0.6033	0.1525	0.0516	0.3902	0.0128	0.0206	0.0086	0.0065	0.0098	0.0009	0.0166	0.0429	0.0107
67	72	0.1244	2	0	1	0	0	0	0	0	0	N	N	N	N	N	N	N	N	N	N	N	N	69.8393	28.2084	0.5332	112.0247	117.5691	0.1215	339.3258	inf	0.5472	1.5575	1.8462	0.0009	8.5240	8.9503	0.0000	0.8934	1.0721	0.0009	0.0223	0.0654	0.0016	0.0761	0.0761	0.0002	0.0026	0.0000	0.0016	0.0001	0.0459	-0.3069	-0.0028	4.0009	4.7764	1.0789	1.3205	0.7965	0.7964	0.0001	0.3794	0.3794	0.0000	0.4171	0.4171	0.0001	0.0044	0.0042	0.0002	0.0042	0.0042	0.0000	0.0002	0.0000	0.0002	0.5114	0.4314	0.0800	0.0445	0.0424	0.0021	0.4669	0.3890	0.0779	0.1986	0.0791	0.1194	0.0556	0.0556	0.0000	0.1429	0.0235	0.1194	69.8393	34.4996	0.5332	112.0247	117.5691	0.1215	656.7755	inf	0.5472	0.0223	0.0535	0.0016	0.0761	0.0761	0.0002	0.0014	0.0000	0.0016
67	74	0.1265	2	0	1	0	0	0	0	0	0	N	N	N	N	N	N	N	N	N	N	N	N	0.0000	0.0000	0.0000	0.0000	0.0000	0.0000	0.0000	0.0000	0.0000	0.0000	0.0000	0.0000	0.0000	0.0000	0.0000	0.0000	0.0000	0.0000	0.0000	0.0000	4.0009	0.0000	1.0789	0.0000	0.0000	0.0000	0.0000	0.0000	0.0000	0.0000	0.0000	0.0000	0.0000	0.0000	0.0000	0.0000	0.0000	0.0000	0.0000	0.0000	0.0000	0.0000	0.0000	0.0000	0.0000	0.0000	0.0000	0.0000	0.0000	0.0000	0.0000	0.0000	0.0000	0.0000	0.0000	0.0000	0.0000	0.0000	0.0000	0.0000	0.0000	0.0000	0.0000	0.0000	0.0000	0.0000	0.0000	0.0000	0.0000	0.0000	0.0000	0.0000	0.0000	0.0000	0.0000	0.0000	0.0000	0.0000											
67	76	0.1352	4	1	1	0	1	0	0	0	0	N	N	N	N	N	N	N	N	N	N	N	N	0.0000	0.0000	0.0000	0.0000	0.0000	0.0000	0.0000	0.0000	0.0000	0.0000	0.0000	0.0000	0.0000	0.0000	0.0000	0.0000	0.0000	0.0000	0.0000	0.0000	4.0009	0.0000	1.0789	0.0000	0.0000	0.0000	0.0000	0.0000	0.0000	0.0000	0.0000	0.0000	0.0000	0.0000	0.0000	0.0000	0.0000	0.0000	0.0000	0.0000	0.0000	0.0000	0.0000	0.0000	0.0000	0.0000	0.0000	0.0000	0.0000	0.0000	0.0000	0.0000	0.0000	0.0000	0.0000	0.0000	0.0000	0.0000	0.0000	0.0000	0.0000	0.0000	0.0000	0.0000	0.0000	0.0000	0.0000	0.0000	0.0000	0.0000	0.0000	0.0000	0.0000	0.0000	0.0000	0.0000	0.0000	0.0000											
67	77	0.1269	3	1	1	0	1	0	0	0	0	N	N	N	N	N	N	N	N	N	N	N	N	0.0000	0.0000	0.0000	0.0000	0.0000	0.0000	0.0000	0.0000	0.0000	0.0000	0.0000	0.0000	0.0000	0.0000	0.0000	0.0000	0.0000	0.0000	0.0000	0.0001	0.0001	0.0000	0.0000	0.0000	0.0000	0.0097	0.0000	-0.0000	4.0009	1.0073	1.0789	0.3366	0.0000	0.0000	0.0000	0.0000	0.0000	0.0000	0.0000	0.0000	0.0000	0.0000	0.0000	0.0000	0.0000	0.0000	0.0000	0.0000	0.0000	0.0000	0.1140	0.0971	0.0169	0.0095	0.0085	0.0010	0.1045	0.0886	0.0159	0.0380	0.0139	0.0242	0.0047	0.0046	0.0002	0.0333	0.0093	0.0240	0.0000	0.0000	0.0000	0.0000	0.0000	0.0000	0.0000	0.0000	0.0000	0.0000	0.0000	0.0000	0.0001	0.0001	0.0000	0.0000	0.0000	0.0000			
67	78	0.1526	3	0	1	0	1	0	0	0	0	N	N	N	N	N	N	N	N	N	N	N	N	0.0000	0.0000	0.0000	0.0000	0.0000	0.0000	0.0000	0.0000	0.0000	0.0000	0.0000	0.0000	0.0000	0.0000	0.0000	0.0000	0.0000	0.0000	0.0000	0.0000	4.0009	0.0000	1.0789	0.0000	0.0000	0.0000	0.0000	0.0000	0.0000	0.0000	0.0000	0.0000	0.0000	0.0000	0.0000	0.0000	0.0000	0.0000	0.0000	0.0000	0.0000	0.0000	0.0000	0.0000	0.0000	0.0000	0.0000	0.0000	0.0000	0.0000	0.0000	0.0000	0.0000	0.0000	0.0000	0.0000	0.0000	0.0000	0.0000	0.0000	0.0000	0.0000	0.0000	0.0000	0.0000	0.0000	0.0000	0.0000	0.0000	0.0000	0.0000	0.0000	0.0000	0.0000	0.0000	0.0000	0.0000	0.0000											
67	79	0.1444	2	0	1	0	1	0	0	0	0	N	N	N	N	N	N	N	N	N	N	N	N	0.0000	0.0000	0.0000	0.0000	0.0000	0.0000	0.0000	0.0000	0.0000	0.0000	0.0000	0.0000	0.0000	0.0000	0.0000	0.0000	0.0000	0.0000	0.0000	0.0000	4.0009	0.0000	1.0789	1.0000	0.0000	0.0000	0.0000	0.0000	0.0000	0.0000	0.0000	0.0000	0.0000	0.0000	0.0000	0.0000	0.0000	0.0000	0.0000	0.0000	0.0000	0.0000	0.0000	0.0000	0.0000	0.0000	0.0000	0.0000	0.0000	0.0000	0.0000	0.0368	0.0113	0.0255	0.0128	0.0044	0.0085	0.0240	0.0070	0.0170	0.0000	0.0000	0.0000	0.0000	0.0000	0.0000	0.0000	0.0000	0.0000	0.0000	0.0000	0.0000	0.0000	0.0000	0.0000	0.0000	0.0000	0.0000											
67	80	0.1269	3	0	1	0	0	0	0	0	0	N	N	N	N	N	N	N	N	N	N	N	N	0.0000	0.0000	0.0000	0.0000	0.0000	0.0000	0.0000	0.0000	0.0000	0.0000	0.0000	0.0000	0.0000	0.0000	0.0000	0.0000	0.0000	0.0000	0.0000	0.0001	0.0001	0.0000	0.0000	0.0000	0.0000	0.0097	0.0000	-0.0000	4.0009	3.9927	1.0789	1.0002	0.0000	0.0000	0.0000	0.0000	0.0000	0.0000	0.0000	0.0000	0.0000	0.0000	0.0000	0.0000	0.0000	0.0000	0.0000	0.0000	0.0000	0.0000	0.4182	0.3582	0.0599	0.0350	0.0313	0.0037	0.3832	0.3270	0.0562	0.1210	0.0431	0.0779	0.0117	0.0111	0.0005	0.1093	0.0320	0.0774	0.0000	0.0000	0.0000	0.0000	0.0000	0.0000	0.0000	0.0000	0.0000	0.0000	0.0000	0.0000	0.0001	0.0001	0.0000	0.0000	0.0000	0.0000			
67	81	0.1222	2	0	1	0	0	0	0	0	0	N	N	N	N	N	N	N	N	N	N	N	N	0.0000	0.0000	0.0000	0.0000	0.0000	0.0000	0.0000	0.0000	0.0000	0.0000	0.0000	0.0000	0.0000	0.0000	0.0000	0.0000	0.0000	0.0000	0.0000	0.0001	0.0000	0.0000	0.0000	0.0000	0.0028	0.0001	26.2052	0.0000	0.0000	4.0009	0.0110	1.0789	0.6549	0.0000	0.0000	0.0000	0.0000	0.0000	0.0000	0.0000	0.0000	0.0000	0.0000	0.0000	0.0000	0.0000	0.0000	0.0000	0.0000	0.0000	0.0000	0.0013	0.0011	0.0002	0.0001	0.0001	0.0000	0.0012	0.0010	0.0002	0.0175	0.0062	0.0114	0.0016	0.0015	0.0001	0.0160	0.0047	0.0113	0.0000	0.0000	0.0000	0.0000	0.0000	0.0000	0.0000	0.0000	0.0000	0.0000	0.0000	0.0001	0.0000	0.0000	0.0000	0.0000	0.0000	0.0001		
67	82	0.1444	2	0	0	1	1	0	0	0	0	N	N	N	N	N	N	N	N	N	N	N	N	0.0000	0.0000	0.0000	0.0000	0.0000	0.0000	0.0000	0.0000	0.0000	0.0000	0.0000	0.0000	0.0000	0.0000	0.0000	0.0000	0.0000	0.0000	0.0000	0.0000	4.0009	1.0000	1.0789	0.0000	0.0000	0.0000	0.0000	0.0000	0.0000	0.0000	0.0000	0.0000	0.0000	0.0000	0.0000	0.0000	0.0000	0.0000	0.0000	0.0000	0.0000	0.0000	0.1128	0.0959	0.0169	0.0037	0.0032	0.0005	0.1091	0.0927	0.0163	0.0368	0.0113	0.0255	0.0128	0.0044	0.0085	0.0240	0.0070	0.0170	0.0000	0.0000	0.0000	0.0000	0.0000	0.0000	0.0000	0.0000	0.0000	0.0000	0.0000	0.0000	0.0000	0.0000	0.0000	0.0000	0.0000	0.0000											
67	83	0.1444	2	0	0	1	1	0	0	0	0	N	N	N	N	N	N	N	N	N	N	N	N	0.0000	0.0000	0.0000	0.0000	0.0000	0.0000	0.0000	0.0000	0.0000	0.0000	0.0000	0.0000	0.0000	0.0000	0.0000	0.0000	0.0000	0.0000	0.0000	0.0000	4.0009	0.0000	1.0789	0.0000	0.0000	0.0000	0.0000	0.0000	0.0000	0.0000	0.0000	0.0000	0.0000	0.0000	0.0000	0.0000	0.0000	0.0000	0.0000	0.0000	0.0000	0.0000	0.0000	0.0000	0.0000	0.0000	0.0000	0.0000	0.0000	0.0000	0.0000	0.0000	0.0000	0.0000	0.0000	0.0000	0.0000	0.0000	0.0000	0.0000	0.0000	0.0000	0.0000	0.0000	0.0000	0.0000	0.0000	0.0000	0.0000	0.0000	0.0000	0.0000	0.0000	0.0000	0.0000	0.0000	0.0000	0.0000											
67	85	0.2054	2	1	1	0	0	0	0	0	0	N	N	N	N	N	N	N	N	N	N	N	N	0.0000	0.0000	0.0000	0.0000	0.0000	0.0000	0.0000	0.0000	0.0000	0.0000	0.0000	0.0000	0.0000	0.0295	0.0628	0.0000	0.0651	0.0662	0.0000	0.0000	0.0000	0.0000	0.0000	0.0000	-0.0000	4.0009	0.0000	1.0789	0.0000	0.0000	0.0000	0.0000	0.0000	0.0000	0.0000	0.0000	0.0000	0.0000	0.0000	0.0000	0.0000	0.0000	0.0000	0.0000	0.0000	0.0000	0.0000	0.0000	0.0000	0.0000	0.0000	0.0000	0.0000	0.0000	0.0000	0.0000	0.0000	0.0000	0.0000	0.0000	0.0000	0.0000	0.0000	0.0000	0.0000	0.0000	0.0000	0.0000	0.0000	0.0000	0.0000	0.0000	0.0000	0.0000	0.0295	0.0532	0.0000	0.0651	0.0662	0.0000	0.0000	0.0000	0.0000						
67	88	0.1222	2	1	1	0	0	0	0	0	0	N	N	N	N	N	N	N	N	N	N	N	N	0.0000	0.0000	0.0000	0.0000	0.0000	0.0000	0.0000	0.0000	0.0000	0.0000	0.0000	0.0000	0.0000	0.0000	0.0000	0.0000	0.0000	0.0000	0.0000	0.0000	4.0009	0.0000	1.0789	0.0000	0.0000	0.0000	0.0000	0.0000	0.0000	0.0000	0.0000	0.0000	0.0000	0.0000	0.0000	0.0000	0.0000	0.0000	0.0000	0.0000	0.0000	0.0000	0.0000	0.0000	0.0000	0.0000	0.0000	0.0000	0.0000	0.0000	0.0000	0.0000	0.0000	0.0000	0.0000	0.0000	0.0000	0.0000	0.0000	0.0000	0.0000	0.0000	0.0000	0.0000	0.0000	0.0000	0.0000	0.0000	0.0000	0.0000	0.0000	0.0000	0.0000	0.0000	0.0000	0.0000	0.0000	0.0000											
67	91	0.2133	3	0	0	0	0	0	0	0	0	N	N	N	N	N	N	N	N	N	N	N	N	1.5530	0.6049	6.4864	1.0310	1.0383	1057.6916	23.9652	47.5166	6.6992	1.2656	1.4136	0.3333	3.1889	3.3561	0.0609	0.9834	1.0954	0.3468	0.8150	2.3369	0.0514	3.0930	3.2322	0.0001	0.0410	0.0231	0.0518	0.0374	0.1357	-0.5424	-0.0862	4.0009	11.5137	1.0789	4.9035	1.5524	1.4964	0.0560	0.5005	0.5001	0.0005	1.0518	0.9963	0.0555	0.1561	0.1374	0.0186	0.1374	0.1374	0.0000	0.0187	0.0000	0.0186	1.2266	1.0586	0.1680	0.1570	0.1490	0.0080	1.0696	0.9096	0.1600	0.5165	0.1536	0.3629	0.0614	0.0587	0.0027	0.4551	0.0949	0.3602	4.1890	1.5801	6.4864	1.4260	1.4338	1057.6916	23.9652	3684.9015	6.6992	0.3021	0.8946	0.0514	2.2362	2.3406	0.0001	0.0410	0.0003	0.0518
68	72	0.1755	2	0	2	0	0	0	0	0	0	N	Y	N	N	N	N	N	N	N	N	N	N	0.0001	0.0011	0.0000	0.0074	0.0078	0.0000	0.0000	0.0000	0.0000	0.0000	0.0004	0.0004	0.0000	0.0000	0.0000	0.0000	0.5676	0.0339	0.4287	0.0494	0.0494	0.0000	0.9336	0.0000	0.4288	0.0000	19.1794	-0.0000	0.0236	5.0000	4.7764	3.9994	1.3205	0.0000	0.0000	0.0000	0.0000	0.0000	0.0000	0.0000	0.0000	0.0000	0.0849	0.0042	0.0807	0.0042	0.0042	0.0000	0.0807	0.0000	0.0807	0.6241	0.5279	0.0962	0.0548	0.0522	0.0026	0.5693	0.4757	0.0936	0.3123	0.1240	0.1882	0.0852	0.0851	0.0000	0.2271	0.0389	0.1882	0.0001	0.0011	0.0000	0.0074	0.0078	0.0000	0.0000	0.0000	0.0000	0.2719	0.0339	0.4287	0.0494	0.0494	0.0000	0.3554	0.0000	0.4288		
68	74	0.1777	2	0	2	0	0	0	0	0	0	N	Y	N	N	N	N	N	N	N	N	N	N	0.0000	0.0000	0.0000	0.0000	0.0000	0.0000	0.0000	0.0000	0.0000	0.0000	0.0000	0.0000	0.0000	0.0000	0.0000	0.0000	0.0000	0.0000	0.0000	0.0000	5.0000	0.0000	3.9994	0.0000	0.0000	0.0000	0.0000	0.0000	0.0000	0.0000	0.0000	0.0000	0.0000	0.0000	0.0000	0.0000	0.0000	0.0000	0.0000	0.0000	0.0000	0.0000	0.0000	0.0000	0.0000	0.0000	0.0000	0.0000	0.0000	0.0000	0.0000	0.0000	0.0000	0.0000	0.0000	0.0000	0.0000	0.0000	0.0000	0.0000	0.0000	0.0000	0.0000	0.0000	0.0000	0.0000	0.0000	0.0000	0.0000	0.0000	0.0000	0.0000	0.0000	0.0000	0.0000	0.0000	0.0000	0.0000											
68	76	0.1863	4	1	2	0	1	0	0	0	0	N	Y	N	N	N	N	N	N	N	N	N	N	0.0000	0.0000	0.0000	0.0000	0.0000	0.0000	0.0000	0.0000	0.0000	0.0000	0.0000	0.0000	0.0000	0.0000	0.0000	0.0000	0.0000	0.0000	0.0000	0.0000	5.0000	0.0000	3.9994	0.0000	0.0000	0.0000	0.0000	0.0000	0.0000	0.0000	0.0000	0.0000	0.0000	0.0000	0.0000	0.0000	0.0000	0.0000	0.0000	0.0000	0.0000	0.0000	0.0000	0.0000	0.0000	0.0000	0.0000	0.0000	0.0000	0.0000	0.0000	0.0000	0.0000	0.0000	0.0000	0.0000	0.0000	0.0000	0.0000	0.0000	0.0000	0.0000	0.0000	0.0000	0.0000	0.0000	0.0000	0.0000	0.0000	0.0000	0.0000	0.0000	0.0000	0.0000	0.0000	0.0000	0.0000	0.0000											
68	77	0.1780	3	1	2	0	1	0	0	0	0	N	Y	N	N	N	N	N	N	N	N	N	N	0.0887	0.0381	0.1325	0.1429	0.0001	0.0001	0.0000	0.0009	0.0010	0.0000	0.0000	0.0000	0.0000	0.0008	0.0022	0.0000	0.0065	0.0068	0.0000	0.0000	0.0000	0.0000	0.0000	0.0000	-0.0000	-0.0000	5.0000	1.0073	3.9994	0.3366	0.0000	0.0000	0.0000	0.0000	0.0000	0.0000	0.0000	0.0000	0.0000	0.0001	0.0001	0.0000	0.0001	0.0001	0.0000	0.0000	0.0000	0.0000	0.1390	0.1186	0.0203	0.0115	0.0103	0.0012	0.1274	0.1083	0.0191	0.0616	0.0226	0.0391	0.0076	0.0074	0.0003	0.0540	0.0152	0.0388	0.0887	0.0381	0.0000	0.1325	0.1429	0.0000	0.0000	0.0000	0.0000	0.0008	0.0022	0.0000	0.0065	0.0068	0.0000	0.0000	0.0000	0.0000					
68	78	0.2038	3	0	2	0	1	0	0	0	0	N	Y	N	N	N	N	N	N	N	N	N	N	0.0000	0.0000	0.0000	0.0000	0.0000	0.0000	0.0000	0.0000	0.0000	0.0000	0.0000	0.0000	0.0000	0.0000	0.0000	0.0000	0.0000	0.0000	0.0000	0.0000	5.0000	0.0000	3.9994	0.0000	0.0000	0.0000	0.0000	0.0000	0.0000	0.0000	0.0000	0.0000	0.0000	0.0000	0.0000	0.0000	0.0000	0.0000	0.0000	0.0000	0.0000	0.0000	0.0000	0.0000	0.0000	0.0000	0.0000	0.0000	0.0000	0.0000	0.0000	0.0000	0.0000	0.0000	0.0000	0.0000	0.0000	0.0000	0.0000	0.0000	0.0000	0.0000	0.0000	0.0000	0.0000	0.0000	0.0000	0.0000	0.0000	0.0000	0.0000	0.0000	0.0000	0.0000	0.0000	0.0000	0.0000	0.0000											
68	79	0.1955	2	0	2	0	1	0	0	0	0	N	Y	N	N	N	N	N	N	N	N	N	N	0.0000	0.0000	0.0000	0.0000	0.0000	0.0000	0.0000	0.0000	0.0000	0.0000	0.0000	0.0000	0.0000	0.0000	0.0000	0.0000	0.0000	0.0000	0.0000	0.0000	5.0000	0.0000	3.9994	1.0000	0.0000	0.0000	0.0000	0.0000	0.0000	0.0000	0.0000	0.0000	0.0000	0.0000	0.0000	0.0000	0.0000	0.0000	0.0000	0.0000	0.0000	0.0000	0.0000	0.0000	0.0000	0.0000	0.0000	0.0000	0.0000	0.0000	0.0000	0.0584	0.0181	0.0403	0.0197	0.0067	0.0129	0.0387	0.0113	0.0274	0.0000	0.0000	0.0000	0.0000	0.0000	0.0000	0.0000	0.0000	0.0000	0.0000	0.0000	0.0000	0.0000	0.0000	0.0000	0.0000	0.0000	0.0000											
68	80	0.1780	3	0	2	0	0	0	0	0	0	N	Y	N	N	N	N	N	N	N	N	N	N	7667.5203	3192.0582	0.0000	0.0000	inf	inf	1.9612	2.2851	0.0000	0.0000	0.0000	0.0000	2.1401	2.5032	0.0000	0.0003	0.0007	0.0000	0.0027	0.0028	0.0000	0.0000	0.0000	0.0000	0.0000	0.0000	-0.3855	-0.0000	5.0000	3.9927	3.9994	1.0002	1.0000	1.0000	0.0000	0.0000	0.0000	0.0000	1.0000	1.0000	0.0000	0.0001	0.0001	0.0000	0.0001	0.0001	0.0000	0.0000	0.0000	0.0000	0.5099	0.4376	0.0723	0.0426	0.0381	0.0045	0.4673	0.3995	0.0678	0.1955	0.0698	0.1256	0.0185	0.0176	0.0009	0.1770	0.0523	0.1247	7667.5203	3192.0582	0.0000	0.0000	0.0000	0.0000	inf	inf	0.0000	0.0003	0.0007	0.0000	0.0027	0.0028	0.0000	0.0000	0.0000	0.0000			
68	81	0.1733	2	0	2	0	0	0	0	0	0	N	Y	N	N	N	N	N	N	N	N	N	N	3.6487	inf	0.0000	1.5000	inf	0.0000	0.0065	0.0076	0.0000	0.0000	0.0000	0.0000	0.0070	0.0083	0.0000	0.0018	0.0000	0.0027	0.0000	0.0000	0.0000	0.0047	0.0000	0.0028	0.0000	inf	-0.0000	0.0000	5.0000	0.0110	3.9994	0.6549	0.0000	0.0000	0.0000	0.0000	0.0000	0.0000	0.0000	0.0000	0.0000	0.0001	0.0000	0.0001	0.0000	0.0000	0.0000	0.0001	0.0000	0.0001	0.0015	0.0013	0.0002	0.0001	0.0001	0.0000	0.0014	0.0012	0.0002	0.0282	0.0099	0.0183	0.0024	0.0023	0.0001	0.0258	0.0076	0.0181	3.6487	inf	0.0000	0.0000	0.0000	0.0000	3.6289	inf	0.0000	0.0018	0.0000	0.0027	0.0000	0.0000	0.0000	0.0019	0.0000	0.0028			
68	82	0.1955	2	0	1	1	1	0	0	0	0	N	N	N	N	N	N	N	N	N	N	N	N	0.0000	0.0000	0.0000	0.0000	0.0000	0.0000	0.0000	0.0000	0.0000	0.0000	0.0000	0.0000	0.0000	0.0000	0.0000	0.0000	0.0000	0.0000	0.0000	0.0000	5.0000	1.0000	3.9994	0.0000	0.0000	0.0000	0.0000	0.0000	0.0000	0.0000	0.0000	0.0000	0.0000	0.0000	0.0000	0.0000	0.0000	0.0000	0.0000	0.0000	0.0000	0.0000	0.1374	0.1171	0.0203	0.0044	0.0038	0.0006	0.1330	0.1133	0.0197	0.0584	0.0181	0.0403	0.0197	0.0067	0.0129	0.0387	0.0113	0.0274	0.0000	0.0000	0.0000	0.0000	0.0000	0.0000	0.0000	0.0000	0.0000	0.0000	0.0000	0.0000	0.0000	0.0000	0.0000	0.0000	0.0000	0.0000											
68	83	0.1955	2	0	1	1	1	0	0	0	0	N	N	N	N	N	N	N	N	N	N	N	N	0.0000	0.0000	0.0000	0.0000	0.0000	0.0000	0.0000	0.0000	0.0000	0.0000	0.0000	0.0000	0.0000	0.0000	0.0000	0.0000	0.0000	0.0000	0.0000	0.0000	5.0000	0.0000	3.9994	0.0000	0.0000	0.0000	0.0000	0.0000	0.0000	0.0000	0.0000	0.0000	0.0000	0.0000	0.0000	0.0000	0.0000	0.0000	0.0000	0.0000	0.0000	0.0000	0.0000	0.0000	0.0000	0.0000	0.0000	0.0000	0.0000	0.0000	0.0000	0.0000	0.0000	0.0000	0.0000	0.0000	0.0000	0.0000	0.0000	0.0000	0.0000	0.0000	0.0000	0.0000	0.0000	0.0000	0.0000	0.0000	0.0000	0.0000	0.0000	0.0000	0.0000	0.0000	0.0000	0.0000	0.0000	0.0000											
68	85	0.2565	2	1	2	0	0	0	0	0	0	N	Y	N	N	N	N	N	N	N	N	N	N	0.0000	0.0000	0.0000	0.0000	0.0000	0.0000	0.0000	0.0000	0.0000	0.0000	0.0000	0.0000	0.0000	0.0000	0.0000	0.0000	0.0000	0.0000	0.0000	0.0000	5.0000	0.0000	3.9994	0.0000	0.0000	0.0000	0.0000	0.0000	0.0000	0.0000	0.0000	0.0000	0.0000	0.0000	0.0000	0.0000	0.0000	0.0000	0.0000	0.0000	0.0000	0.0000	0.0000	0.0000	0.0000	0.0000	0.0000	0.0000	0.0000	0.0000	0.0000	0.0000	0.0000	0.0000	0.0000	0.0000	0.0000	0.0000	0.0000	0.0000	0.0000	0.0000	0.0000	0.0000	0.0000	0.0000	0.0000	0.0000	0.0000	0.0000	0.0000	0.0000	0.0000	0.0000	0.0000	0.0000	0.0000	0.0000											
68	88	0.1733	2	1	2	0	0	0	0	0	0	N	Y	N	N	N	N	N	N	N	N	N	N	0.0000	0.0000	0.0000	0.0000	0.0000	0.0000	0.0000	0.0000	0.0000	0.0000	0.0000	0.0000	0.0000	0.0000	0.0000	0.0000	0.0000	0.0000	0.0000	0.0000	5.0000	0.0000	3.9994	0.0000	0.0000	0.0000	0.0000	0.0000	0.0000	0.0000	0.0000	0.0000	0.0000	0.0000	0.0000	0.0000	0.0000	0.0000	0.0000	0.0000	0.0000	0.0000	0.0000	0.0000	0.0000	0.0000	0.0000	0.0000	0.0000	0.0000	0.0000	0.0000	0.0000	0.0000	0.0000	0.0000	0.0000	0.0000	0.0000	0.0000	0.0000	0.0000	0.0000	0.0000	0.0000	0.0000	0.0000	0.0000	0.0000	0.0000	0.0000	0.0000	0.0000	0.0000	0.0000	0.0000	0.0000	0.0000											
68	91	0.2645	3	0	1	0	0	0	0	0	0	N	N	N	N	N	N	N	N	N	N	N	N	1.7597	0.0003	inf	0.0066	0.0013	inf	inf	inf	1.3300	0.0007	9.8137	0.0243	0.0052	0.3815	1.5233	0.0000	10.2912	0.7558	2.5895	0.0000	3.6976	3.9916	0.0000	0.0000	0.0000	0.0000	2074.3229	0.0000	1.2234	-0.1601	5.0000	11.5137	3.9994	4.9035	1.9923	0.0010	1.9913	0.0047	0.0010	0.0037	1.9876	0.0000	1.9876	0.2383	0.2383	0.0000	0.2383	0.2383	0.0000	0.0000	0.0000	0.0000	1.4979	1.2950	0.2029	0.1932	0.1834	0.0098	1.3048	1.1116	0.1931	0.8191	0.2480	0.5711	0.0969	0.0926	0.0043	0.7222	0.1554	0.5668	4.5723	0.0008	inf	0.0099	0.0020	inf	inf	0.0000	inf	0.2909	0.9608	0.0000	2.4595	2.5728	0.0000	0.0000	0.0000	0.0000	
69	72	0.1849	2	1	1	1	0	0	0	0	0	N	N	N	N	N	N	N	N	N	N	N	N	0.8189	44.5812	0.0115	0.2267	0.2257	inf	0.7307	inf	0.0115	1.1947	1.4030	0.0125	0.0105	0.0104	0.0113	1.3109	1.5580	0.0125	1.4588	0.0315	1.0833	0.0461	0.0461	0.0000	1.7941	0.0000	1.0836	0.0016	52.3143	-0.3828	0.0693	7.0000	4.7764	2.9994	1.3205	0.9971	0.9955	0.0016	0.0008	0.0007	0.0000	0.9963	0.9948	0.0015	0.2243	0.0042	0.2201	0.0042	0.0042	0.0000	0.2201	0.0000	0.2201	0.8346	0.7095	0.1251	0.0746	0.0711	0.0035	0.7600	0.6385	0.1215	0.3369	0.1337	0.2032	0.0913	0.0912	0.0000	0.2456	0.0425	0.2031	1.7941	44.5812	0.0115	0.2267	0.2257	inf	1.4628	inf	0.0115	0.6659	0.0315	1.0833	0.0461	0.0461	0.0000	0.8961	0.0000	1.0836
69	74	0.1871	2	1	1	1	0	0	0	0	0	N	N	N	N	N	N	N	N	N	N	N	N	0.0000	0.0000	0.0000	0.0000	0.0000	0.0000	0.0000	0.0000	0.0000	0.0000	0.0000	0.0000	0.0000	0.0000	0.0000	0.0000	0.0000	0.0000	0.0000	0.0000	7.0000	0.0000	2.9994	0.0000	0.0000	0.0000	0.0000	0.0000	0.0000	0.0000	0.0000	0.0000	0.0000	0.0000	0.0000	0.0000	0.0000	0.0000	0.0000	0.0000	0.0000	0.0000	0.0000	0.0000	0.0000	0.0000	0.0000	0.0000	0.0000	0.0000	0.0000	0.0000	0.0000	0.0000	0.0000	0.0000	0.0000	0.0000	0.0000	0.0000	0.0000	0.0000	0.0000	0.0000	0.0000	0.0000	0.0000	0.0000	0.0000	0.0000	0.0000	0.0000	0.0000	0.0000	0.0000	0.0000	0.0000	0.0000											
69	76	0.1958	4	2	1	1	1	0	0	0	0	Y	N	N	N	N	N	N	N	N	N	N	N	0.0000	0.0000	0.0000	0.0000	0.0000	0.0000	0.0000	0.0000	0.0000	0.0000	0.0000	0.0000	0.0000	0.0000	0.0000	0.0000	0.0000	0.0000	0.0000	0.0000	7.0000	0.0000	2.9994	0.0000	0.0000	0.0000	0.0000	0.0000	0.0000	0.0000	0.0000	0.0000	0.0000	0.0000	0.0000	0.0000	0.0000	0.0000	0.0000	0.0000	0.0000	0.0000	0.0000	0.0000	0.0000	0.0000	0.0000	0.0000	0.0000	0.0000	0.0000	0.0000	0.0000	0.0000	0.0000	0.0000	0.0000	0.0000	0.0000	0.0000	0.0000	0.0000	0.0000	0.0000	0.0000	0.0000	0.0000	0.0000	0.0000	0.0000	0.0000	0.0000	0.0000	0.0000	0.0000	0.0000	0.0000	0.0000											
69	77	0.1874	3	2	1	1	1	0	0	0	0	Y	N	N	N	N	N	N	N	N	N	N	N	0.0000	0.0000	0.0000	0.0000	0.0000	0.0000	0.0000	0.0000	0.0000	0.0000	0.0000	0.0000	0.0000	0.0006	0.0000	0.0009	0.0000	0.0000	0.0000	0.0007	0.0000	0.0009	inf	0.0000	0.0000	7.0000	1.0073	2.9994	0.3366	0.0000	0.0000	0.0000	0.0000	0.0000	0.0000	0.0000	0.0000	0.0000	0.0000	0.0000	0.0000	0.0000	0.0000	0.0000	0.0000	0.0000	0.0000	0.1853	0.1588	0.0265	0.0154	0.0138	0.0016	0.1699	0.1450	0.0249	0.0670	0.0246	0.0424	0.0083	0.0080	0.0003	0.0587	0.0165	0.0422	0.0000	0.0000	0.0000	0.0000	0.0000	0.0000	0.0000	0.0000	0.0000	0.0006	0.0000	0.0009	0.0000	0.0000	0.0000	0.0007	0.0000	0.0009						
69	78	0.2132	3	1	1	1	1	0	0	0	0	N	N	N	N	N	N	N	N	N	N	N	N	0.0000	0.0000	0.0000	0.0000	0.0000	0.0000	0.0000	0.0000	0.0000	0.0000	0.0000	0.0000	0.0000	0.0000	0.0000	0.0000	0.0000	0.0000	0.0000	0.0000	7.0000	0.0000	2.9994	0.0000	0.0000	0.0000	0.0000	0.0000	0.0000	0.0000	0.0000	0.0000	0.0000	0.0000	0.0000	0.0000	0.0000	0.0000	0.0000	0.0000	0.0000	0.0000	0.0000	0.0000	0.0000	0.0000	0.0000	0.0000	0.0000	0.0000	0.0000	0.0000	0.0000	0.0000	0.0000	0.0000	0.0000	0.0000	0.0000	0.0000	0.0000	0.0000	0.0000	0.0000	0.0000	0.0000	0.0000	0.0000	0.0000	0.0000	0.0000	0.0000	0.0000	0.0000	0.0000	0.0000	0.0000	0.0000											
69	79	0.2049	2	1	1	1	1	0	0	0	0	N	N	N	N	N	N	N	N	N	N	N	N	0.0000	0.0000	0.0000	0.0000	0.0000	0.0000	0.0000	0.0000	0.0000	0.0000	0.0000	0.0000	0.0000	0.0000	0.0000	0.0000	0.0000	0.0000	0.0000	0.0000	7.0000	0.0000	2.9994	1.0000	0.0000	0.0000	0.0000	0.0000	0.0000	0.0000	0.0000	0.0000	0.0000	0.0000	0.0000	0.0000	0.0000	0.0000	0.0000	0.0000	0.0000	0.0000	0.0000	0.0000	0.0000	0.0000	0.0000	0.0000	0.0000	0.0000	0.0000	0.0631	0.0196	0.0435	0.0211	0.0072	0.0139	0.0420	0.0123	0.0297	0.0000	0.0000	0.0000	0.0000	0.0000	0.0000	0.0000	0.0000	0.0000	0.0000	0.0000	0.0000	0.0000	0.0000	0.0000	0.0000	0.0000	0.0000											
69	80	0.1874	3	1	1	1	0	0	0	0	0	N	N	N	N	N	N	N	N	N	N	N	N	0.0000	0.0000	0.0000	0.0000	0.0000	0.0000	0.0000	0.0000	0.0000	0.0000	0.0000	0.0000	0.0000	0.0002	0.0000	0.0003	0.0000	0.0000	0.0000	0.0002	0.0000	0.0003	inf	0.0000	0.0000	7.0000	3.9927	2.9994	1.0002	0.0000	0.0000	0.0000	0.0000	0.0000	0.0000	0.0000	0.0000	0.0000	0.0000	0.0000	0.0000	0.0000	0.0000	0.0000	0.0000	0.0000	0.0000	0.6804	0.5860	0.0944	0.0568	0.0509	0.0059	0.6236	0.5351	0.0885	0.2123	0.0759	0.1364	0.0200	0.0190	0.0010	0.1923	0.0569	0.1354	0.0000	0.0000	0.0000	0.0000	0.0000	0.0000	0.0000	0.0000	0.0000	0.0002	0.0000	0.0003	0.0000	0.0000	0.0000	0.0002	0.0000	0.0003						
69	81	0.1828	2	1	1	1	0	0	0	0	0	N	N	N	N	N	N	N	N	N	N	N	N	0.0000	0.0000	0.0000	0.0000	0.0000	0.0000	0.0000	0.0000	0.0000	0.0000	0.0000	0.0000	0.0000	0.0013	0.0037	0.0000	0.0154	0.0163	0.0000	0.0000	0.0000	0.0000	0.0000	0.0000	-0.0000	7.0000	0.0110	2.9994	0.6549	0.0000	0.0000	0.0000	0.0000	0.0000	0.0000	0.0000	0.0000	0.0000	0.0000	0.0000	0.0000	0.0000	0.0000	0.0000	0.0000	0.0000	0.0000	0.0021	0.0018	0.0003	0.0002	0.0001	0.0000	0.0019	0.0016	0.0003	0.0306	0.0108	0.0198	0.0026	0.0025	0.0001	0.0280	0.0083	0.0197	0.0000	0.0000	0.0000	0.0000	0.0000	0.0000	0.0000	0.0000	0.0000	0.0013	0.0037	0.0000	0.0154	0.0163	0.0000	0.0000	0.0000	0.0000						
69	82	0.2049	2	1	0	2	1	0	0	0	0	N	N	Y	N	N	N	N	N	N	N	N	N	0.0000	0.0000	0.0000	0.0000	0.0000	0.0000	0.0000	0.0000	0.0000	0.0000	0.0000	0.0000	0.0000	0.0000	0.0000	0.0000	0.0000	0.0000	0.0000	0.0000	7.0000	1.0000	2.9994	0.0000	0.0000	0.0000	0.0000	0.0000	0.0000	0.0000	0.0000	0.0000	0.0000	0.0000	0.0000	0.0000	0.0000	0.0000	0.0000	0.0000	0.0000	0.0000	0.1832	0.1568	0.0264	0.0058	0.0050	0.0008	0.1774	0.1517	0.0256	0.0631	0.0196	0.0435	0.0211	0.0072	0.0139	0.0420	0.0123	0.0297	0.0000	0.0000	0.0000	0.0000	0.0000	0.0000	0.0000	0.0000	0.0000	0.0000	0.0000	0.0000	0.0000	0.0000	0.0000	0.0000	0.0000	0.0000											
69	83	0.2049	2	1	0	2	1	0	0	0	0	N	N	Y	N	N	N	N	N	N	N	N	N	0.0000	0.0000	0.0000	0.0000	0.0000	0.0000	0.0000	0.0000	0.0000	0.0000	0.0000	0.0000	0.0000	0.0000	0.0000	0.0000	0.0000	0.0000	0.0000	0.0000	7.0000	0.0000	2.9994	0.0000	0.0000	0.0000	0.0000	0.0000	0.0000	0.0000	0.0000	0.0000	0.0000	0.0000	0.0000	0.0000	0.0000	0.0000	0.0000	0.0000	0.0000	0.0000	0.0000	0.0000	0.0000	0.0000	0.0000	0.0000	0.0000	0.0000	0.0000	0.0000	0.0000	0.0000	0.0000	0.0000	0.0000	0.0000	0.0000	0.0000	0.0000	0.0000	0.0000	0.0000	0.0000	0.0000	0.0000	0.0000	0.0000	0.0000	0.0000	0.0000	0.0000	0.0000	0.0000	0.0000	0.0000	0.0000											
69	85	0.2659	2	2	1	1	0	0	0	0	0	Y	N	N	N	N	N	N	N	N	N	N	N	0.0000	0.0000	0.0000	0.0000	0.0000	0.0000	0.0000	0.0000	0.0000	0.0000	0.0000	0.0000	0.0000	0.0000	0.0000	0.0000	0.0000	0.0000	0.0000	0.0000	7.0000	0.0000	2.9994	0.0000	0.0000	0.0000	0.0000	0.0000	0.0000	0.0000	0.0000	0.0000	0.0000	0.0000	0.0000	0.0000	0.0000	0.0000	0.0000	0.0000	0.0000	0.0000	0.0000	0.0000	0.0000	0.0000	0.0000	0.0000	0.0000	0.0000	0.0000	0.0000	0.0000	0.0000	0.0000	0.0000	0.0000	0.0000	0.0000	0.0000	0.0000	0.0000	0.0000	0.0000	0.0000	0.0000	0.0000	0.0000	0.0000	0.0000	0.0000	0.0000	0.0000	0.0000	0.0000	0.0000	0.0000	0.0000											
69	88	0.1828	2	2	1	1	0	0	0	0	0	Y	N	N	N	N	N	N	N	N	N	N	N	0.0000	0.0000	0.0000	0.0000	0.0000	0.0000	0.0000	0.0000	0.0000	0.0000	0.0000	0.0000	0.0000	0.0000	0.0000	0.0000	0.0000	0.0000	0.0000	0.0000	7.0000	0.0000	2.9994	0.0000	0.0000	0.0000	0.0000	0.0000	0.0000	0.0000	0.0000	0.0000	0.0000	0.0000	0.0000	0.0000	0.0000	0.0000	0.0000	0.0000	0.0000	0.0000	0.0000	0.0000	0.0000	0.0000	0.0000	0.0000	0.0000	0.0000	0.0000	0.0000	0.0000	0.0000	0.0000	0.0000	0.0000	0.0000	0.0000	0.0000	0.0000	0.0000	0.0000	0.0000	0.0000	0.0000	0.0000	0.0000	0.0000	0.0000	0.0000	0.0000	0.0000	0.0000	0.0000	0.0000	0.0000	0.0000											
69	91	0.2739	3	1	0	1	0	0	0	0	0	N	N	N	N	N	N	N	N	N	N	N	N	6.8633	0.2624	inf	0.0646	0.0045	inf	inf	inf	inf	1.9774	0.5800	11.1207	0.1822	0.0140	3.3498	2.2477	0.6746	11.5277	0.2881	2.2101	0.0000	2.8196	3.0994	0.0000	0.0000	0.0000	0.0000	2.9308	0.0000	1.4280	-0.1465	7.0000	11.5137	2.9994	4.9035	3.9652	1.0088	2.9564	0.0478	0.0035	0.0443	3.9174	1.0053	2.9121	0.2180	0.2180	0.0000	0.2180	0.2180	0.0000	0.0000	0.0000	0.0000	2.0052	1.7394	0.2658	0.2624	0.2492	0.0132	1.7428	1.4902	0.2526	0.8855	0.2693	0.6162	0.1046	0.1000	0.0046	0.7809	0.1693	0.6116	8.0316	0.7164	inf	0.0874	0.0064	inf	inf	inf	inf	0.2462	0.8095	0.0000	2.0841	2.1799	0.0000	0.0000	0.0000	0.0000
70	72	0.1791	2	0	2	0	1	0	0	0	0	N	Y	N	N	N	N	N	N	N	N	N	N	0.0000	0.2876	0.0000	1.7147	2.0092	0.0000	0.0000	0.0000	0.0000	0.0000	0.0000	0.0004	0.0005	0.0000	0.0000	0.0000	0.0000	1.1402	0.0002	0.5834	0.0003	0.0002	0.0552	0.9770	0.0000	0.5836	0.0000	5491.6179	-0.0000	0.0360	4.0000	4.7764	5.0006	1.3205	0.0000	0.0000	0.0000	0.0000	0.0000	0.0000	0.0000	0.0000	0.0000	0.1099	0.0000	0.1098	0.0000	0.0000	0.0000	0.1098	0.0000	0.1098	0.5113	0.4313	0.0800	0.0445	0.0424	0.0021	0.4668	0.3889	0.0779	0.3123	0.1240	0.1882	0.0852	0.0851	0.0000	0.2271	0.0389	0.1882	0.0001	0.2876	0.0000	1.7147	2.0092	0.0000	0.0000	0.0000	0.0000	0.3518	0.0002	0.5834	0.0003	0.0002	0.0552	0.4836	0.0000	0.5836	
70	74	0.1812	2	0	2	0	1	0	0	0	0	N	Y	N	N	N	N	N	N	N	N	N	N	0.0000	0.0000	0.0000	0.0000	0.0000	0.0000	0.0000	0.0000	0.0000	0.0000	0.0000	0.0000	0.0000	0.0000	0.0000	0.0000	0.0000	0.0000	0.0000	0.0000	4.0000	0.0000	5.0006	0.0000	0.0000	0.0000	0.0000	0.0000	0.0000	0.0000	0.0000	0.0000	0.0000	0.0000	0.0000	0.0000	0.0000	0.0000	0.0000	0.0000	0.0000	0.0000	0.0000	0.0000	0.0000	0.0000	0.0000	0.0000	0.0000	0.0000	0.0000	0.0000	0.0000	0.0000	0.0000	0.0000	0.0000	0.0000	0.0000	0.0000	0.0000	0.0000	0.0000	0.0000	0.0000	0.0000	0.0000	0.0000	0.0000	0.0000	0.0000	0.0000	0.0000	0.0000	0.0000	0.0000	0.0000	0.0000											
70	76	0.1899	4	1	2	0	2	0	0	0	0	N	Y	N	Y	N	N	N	N	N	N	N	N	0.0000	0.0000	0.0000	0.0000	0.0000	0.0000	0.0000	0.0000	0.0000	0.0000	0.0000	0.0000	0.0000	0.0000	0.0000	0.0000	0.0000	0.0000	0.0000	0.0000	4.0000	0.0000	5.0006	0.0000	0.0000	0.0000	0.0000	0.0000	0.0000	0.0000	0.0000	0.0000	0.0000	0.0000	0.0000	0.0000	0.0000	0.0000	0.0000	0.0000	0.0000	0.0000	0.0000	0.0000	0.0000	0.0000	0.0000	0.0000	0.0000	0.0000	0.0000	0.0000	0.0000	0.0000	0.0000	0.0000	0.0000	0.0000	0.0000	0.0000	0.0000	0.0000	0.0000	0.0000	0.0000	0.0000	0.0000	0.0000	0.0000	0.0000	0.0000	0.0000	0.0000	0.0000	0.0000	0.0000	0.0000	0.0000											
70	77	0.1816	3	1	2	0	2	0	0	0	0	N	Y	N	Y	N	N	N	N	N	N	N	N	0.0000	0.0000	0.0000	0.0000	0.0000	0.0000	0.0000	0.0000	0.0000	0.0000	0.0000	0.0000	0.0000	0.0003	0.0000	0.0005	0.0000	0.0000	0.0000	0.0004	0.0000	0.0005	inf	0.0000	0.0000	4.0000	1.0073	5.0006	0.3366	0.0000	0.0000	0.0000	0.0000	0.0000	0.0000	0.0000	0.0000	0.0000	0.0000	0.0000	0.0000	0.0000	0.0000	0.0000	0.0000	0.0000	0.0000	0.1140	0.0971	0.0169	0.0095	0.0085	0.0010	0.1045	0.0886	0.0159	0.0617	0.0226	0.0391	0.0076	0.0074	0.0003	0.0540	0.0152	0.0388	0.0000	0.0000	0.0000	0.0000	0.0000	0.0000	0.0000	0.0000	0.0000	0.0003	0.0000	0.0005	0.0000	0.0000	0.0000	0.0004	0.0000	0.0005						
70	78	0.2073	3	0	2	0	2	0	0	0	0	N	Y	N	Y	N	N	N	N	N	N	N	N	0.0000	0.0000	0.0000	0.0000	0.0000	0.0000	0.0000	0.0000	0.0000	0.0000	0.0000	0.0000	0.0000	0.0000	0.0000	0.0000	0.0000	0.0000	0.0000	0.0000	4.0000	0.0000	5.0006	0.0000	0.0000	0.0000	0.0000	0.0000	0.0000	0.0000	0.0000	0.0000	0.0000	0.0000	0.0000	0.0000	0.0000	0.0000	0.0000	0.0000	0.0000	0.0000	0.0000	0.0000	0.0000	0.0000	0.0000	0.0000	0.0000	0.0000	0.0000	0.0000	0.0000	0.0000	0.0000	0.0000	0.0000	0.0000	0.0000	0.0000	0.0000	0.0000	0.0000	0.0000	0.0000	0.0000	0.0000	0.0000	0.0000	0.0000	0.0000	0.0000	0.0000	0.0000	0.0000	0.0000	0.0000	0.0000											
70	79	0.1991	2	0	2	0	2	0	0	0	0	N	Y	N	Y	N	N	N	N	N	N	N	N	0.0000	0.0000	0.0000	0.0000	0.0000	0.0000	0.0000	0.0000	0.0000	0.0000	0.0000	0.0000	0.0000	0.0000	0.0000	0.0000	0.0000	0.0000	0.0000	0.0000	4.0000	0.0000	5.0006	1.0000	0.0000	0.0000	0.0000	0.0000	0.0000	0.0000	0.0000	0.0000	0.0000	0.0000	0.0000	0.0000	0.0000	0.0000	0.0000	0.0000	0.0000	0.0000	0.0000	0.0000	0.0000	0.0000	0.0000	0.0000	0.0000	0.0000	0.0000	0.0584	0.0181	0.0403	0.0197	0.0067	0.0129	0.0387	0.0113	0.0274	0.0000	0.0000	0.0000	0.0000	0.0000	0.0000	0.0000	0.0000	0.0000	0.0000	0.0000	0.0000	0.0000	0.0000	0.0000	0.0000	0.0000	0.0000											
70	80	0.1816	3	0	2	0	1	0	0	0	0	N	Y	N	N	N	N	N	N	N	N	N	N	0.0000	0.0000	0.0000	0.0000	0.0000	0.0000	0.0000	0.0000	0.0000	0.0000	0.0000	0.0000	0.0000	0.0001	0.0000	0.0002	0.0000	0.0000	0.0000	0.0001	0.0000	0.0002	inf	0.0000	0.0000	4.0000	3.9927	5.0006	1.0002	0.0000	0.0000	0.0000	0.0000	0.0000	0.0000	0.0000	0.0000	0.0000	0.0000	0.0000	0.0000	0.0000	0.0000	0.0000	0.0000	0.0000	0.0000	0.4181	0.3582	0.0599	0.0350	0.0313	0.0037	0.3831	0.3269	0.0562	0.1955	0.0699	0.1256	0.0185	0.0176	0.0009	0.1770	0.0523	0.1247	0.0000	0.0000	0.0000	0.0000	0.0000	0.0000	0.0000	0.0000	0.0000	0.0001	0.0000	0.0002	0.0000	0.0000	0.0000	0.0001	0.0000	0.0002						
70	81	0.1769	2	0	2	0	1	0	0	0	0	N	Y	N	N	N	N	N	N	N	N	N	N	0.0000	0.0000	0.0000	0.0000	0.0000	0.0000	0.0000	0.0000	0.0000	0.0000	0.0000	0.0000	0.0000	0.0007	0.0020	0.0000	0.0083	0.0088	0.0000	0.0000	0.0000	0.0000	0.0000	0.0000	-0.0000	4.0000	0.0110	5.0006	0.6549	0.0000	0.0000	0.0000	0.0000	0.0000	0.0000	0.0000	0.0000	0.0000	0.0000	0.0000	0.0000	0.0000	0.0000	0.0000	0.0000	0.0000	0.0000	0.0013	0.0011	0.0002	0.0001	0.0001	0.0000	0.0012	0.0010	0.0002	0.0282	0.0099	0.0183	0.0024	0.0023	0.0001	0.0258	0.0076	0.0181	0.0000	0.0000	0.0000	0.0000	0.0000	0.0000	0.0000	0.0000	0.0000	0.0007	0.0020	0.0000	0.0083	0.0088	0.0000	0.0000	0.0000	0.0000						
70	82	0.1991	2	0	1	1	2	0	0	0	0	N	N	N	Y	N	N	N	N	N	N	N	N	0.0000	0.0000	0.0000	0.0000	0.0000	0.0000	0.0000	0.0000	0.0000	0.0000	0.0000	0.0000	0.0000	0.0000	0.0000	0.0000	0.0000	0.0000	0.0000	0.0000	4.0000	1.0000	5.0006	0.0000	0.0000	0.0000	0.0000	0.0000	0.0000	0.0000	0.0000	0.0000	0.0000	0.0000	0.0000	0.0000	0.0000	0.0000	0.0000	0.0000	0.0000	0.0000	0.1127	0.0959	0.0169	0.0037	0.0032	0.0005	0.1091	0.0927	0.0163	0.0584	0.0181	0.0403	0.0197	0.0067	0.0129	0.0387	0.0113	0.0274	0.0000	0.0000	0.0000	0.0000	0.0000	0.0000	0.0000	0.0000	0.0000	0.0000	0.0000	0.0000	0.0000	0.0000	0.0000	0.0000	0.0000	0.0000											
70	83	0.1991	2	0	1	1	2	0	0	0	0	N	N	N	Y	N	N	N	N	N	N	N	N	0.0000	0.0000	0.0000	0.0000	0.0000	0.0000	0.0000	0.0000	0.0000	0.0000	0.0000	0.0000	0.0000	0.0000	0.0000	0.0000	0.0000	0.0000	0.0000	0.0000	4.0000	0.0000	5.0006	0.0000	0.0000	0.0000	0.0000	0.0000	0.0000	0.0000	0.0000	0.0000	0.0000	0.0000	0.0000	0.0000	0.0000	0.0000	0.0000	0.0000	0.0000	0.0000	0.0000	0.0000	0.0000	0.0000	0.0000	0.0000	0.0000	0.0000	0.0000	0.0000	0.0000	0.0000	0.0000	0.0000	0.0000	0.0000	0.0000	0.0000	0.0000	0.0000	0.0000	0.0000	0.0000	0.0000	0.0000	0.0000	0.0000	0.0000	0.0000	0.0000	0.0000	0.0000	0.0000	0.0000	0.0000	0.0000											
70	85	0.2601	2	1	2	0	1	0	0	0	0	N	Y	N	N	N	N	N	N	N	N	N	N	0.0000	0.0000	0.0000	0.0000	0.0000	0.0000	0.0000	0.0000	0.0000	0.0000	0.0000	0.0000	0.0000	0.0000	0.0000	0.0000	0.0000	0.0000	0.0000	0.0000	4.0000	0.0000	5.0006	0.0000	0.0000	0.0000	0.0000	0.0000	0.0000	0.0000	0.0000	0.0000	0.0000	0.0000	0.0000	0.0000	0.0000	0.0000	0.0000	0.0000	0.0000	0.0000	0.0000	0.0000	0.0000	0.0000	0.0000	0.0000	0.0000	0.0000	0.0000	0.0000	0.0000	0.0000	0.0000	0.0000	0.0000	0.0000	0.0000	0.0000	0.0000	0.0000	0.0000	0.0000	0.0000	0.0000	0.0000	0.0000	0.0000	0.0000	0.0000	0.0000	0.0000	0.0000	0.0000	0.0000	0.0000	0.0000											
70	88	0.1769	2	1	2	0	1	0	0	0	0	N	Y	N	N	N	N	N	N	N	N	N	N	0.0000	0.0000	0.0000	0.0000	0.0000	0.0000	0.0000	0.0000	0.0000	0.0000	0.0000	0.0000	0.0000	0.0000	0.0000	0.0000	0.0000	0.0000	0.0000	0.0000	4.0000	0.0000	5.0006	0.0000	0.0000	0.0000	0.0000	0.0000	0.0000	0.0000	0.0000	0.0000	0.0000	0.0000	0.0000	0.0000	0.0000	0.0000	0.0000	0.0000	0.0000	0.0000	0.0000	0.0000	0.0000	0.0000	0.0000	0.0000	0.0000	0.0000	0.0000	0.0000	0.0000	0.0000	0.0000	0.0000	0.0000	0.0000	0.0000	0.0000	0.0000	0.0000	0.0000	0.0000	0.0000	0.0000	0.0000	0.0000	0.0000	0.0000	0.0000	0.0000	0.0000	0.0000	0.0000	0.0000	0.0000	0.0000											
70	91	0.2680	3	0	1	0	1	0	0	0	0	N	N	N	N	N	N	N	N	N	N	N	N	38.0642	0.0087	44279.3892	0.0352	0.0349	0.1425	463093.7089	2429148.9881	0.8149	0.0009	5.9437	0.0064	0.0066	0.0025	0.9336	0.0000	6.2393	0.0214	0.1064	0.0001	0.1810	0.1885	0.0176	0.0000	0.0000	0.0000	1018.7347	0.0044	0.6132	-0.0117	4.0000	11.5137	5.0006	4.9035	0.9993	0.0010	0.9984	0.0010	0.0010	0.0000	0.9983	0.0000	0.9983	0.0175	0.0175	0.0001	0.0175	0.0175	0.0001	0.0000	0.0000	0.0000	1.2263	1.0583	0.1680	0.1569	0.1490	0.0080	1.0694	0.9094	0.1600	0.8191	0.2480	0.5711	0.0969	0.0926	0.0043	0.7222	0.1554	0.5669	38.0642	0.0132	44279.3892	0.0352	0.0349	0.1425	463093.7089	0.0000	2429148.9881	0.0214	0.0704	0.0001	0.1810	0.1885	0.0176	0.0000	0.0000	0.0000	
71	72	0.2026	2	0	2	0	0	0	0	0	0	N	Y	N	N	N	N	N	N	N	N	N	N	97.8874	45.6197	0.1518	0.1593	inf	inf	1.1770	1.3844	0.0000	0.0068	0.0072	0.0000	1.2918	1.5377	0.0000	0.0120	0.0303	0.0000	0.0450	0.0451	0.0000	0.0000	0.0000	0.0000	0.0000	0.0000	-0.3786	-0.0031	7.0000	4.7764	4.9994	1.3205	0.9823	0.9823	0.0000	0.0005	0.0005	0.0000	0.9818	0.9818	0.0000	0.0046	0.0046	0.0000	0.0046	0.0046	0.0000	0.0000	0.0000	0.0000	0.8346	0.7095	0.1251	0.0746	0.0711	0.0035	0.7600	0.6385	0.1215	0.3816	0.1512	0.2304	0.1019	0.1018	0.0001	0.2797	0.0494	0.2303	97.8874	45.6197	0.0000	0.1518	0.1593	0.0000	inf	inf	0.0000	0.0120	0.0303	0.0000	0.0450	0.0451	0.0000	0.0000	0.0000	0.0000			
71	74	0.2048	2	0	2	0	0	0	0	0	0	N	Y	N	N	N	N	N	N	N	N	N	N	0.0000	0.0000	0.0000	0.0000	0.0000	0.0000	0.0000	0.0000	0.0000	0.0000	0.0000	0.0000	0.0000	0.0000	0.0000	0.0000	0.0000	0.0000	0.0000	0.0000	7.0000	0.0000	4.9994	0.0000	0.0000	0.0000	0.0000	0.0000	0.0000	0.0000	0.0000	0.0000	0.0000	0.0000	0.0000	0.0000	0.0000	0.0000	0.0000	0.0000	0.0000	0.0000	0.0000	0.0000	0.0000	0.0000	0.0000	0.0000	0.0000	0.0000	0.0000	0.0000	0.0000	0.0000	0.0000	0.0000	0.0000	0.0000	0.0000	0.0000	0.0000	0.0000	0.0000	0.0000	0.0000	0.0000	0.0000	0.0000	0.0000	0.0000	0.0000	0.0000	0.0000	0.0000	0.0000	0.0000	0.0000	0.0000											
71	76	0.2134	4	1	2	0	1	0	0	0	0	N	Y	N	N	N	N	N	N	N	N	N	N	0.0000	0.0000	0.0000	0.0000	0.0000	0.0000	0.0000	0.0000	0.0000	0.0000	0.0000	0.0000	0.0000	0.0000	0.0000	0.0000	0.0000	0.0000	0.0000	0.0000	7.0000	0.0000	4.9994	0.0000	0.0000	0.0000	0.0000	0.0000	0.0000	0.0000	0.0000	0.0000	0.0000	0.0000	0.0000	0.0000	0.0000	0.0000	0.0000	0.0000	0.0000	0.0000	0.0000	0.0000	0.0000	0.0000	0.0000	0.0000	0.0000	0.0000	0.0000	0.0000	0.0000	0.0000	0.0000	0.0000	0.0000	0.0000	0.0000	0.0000	0.0000	0.0000	0.0000	0.0000	0.0000	0.0000	0.0000	0.0000	0.0000	0.0000	0.0000	0.0000	0.0000	0.0000	0.0000	0.0000	0.0000	0.0000											
71	77	0.2051	3	1	2	0	1	0	0	0	0	N	Y	N	N	N	N	N	N	N	N	N	N	inf	inf	inf	inf	0.0001	0.0001	0.0000	0.0007	0.0007	0.0000	0.0000	0.0000	0.0000	0.0000	0.0000	0.0000	0.0000	0.0000	0.0000	0.0000	0.0000	0.0000	0.0000	-0.0000	0.0000	7.0000	1.0073	4.9994	0.3366	0.0000	0.0000	0.0000	0.0000	0.0000	0.0000	0.0000	0.0000	0.0000	0.0000	0.0000	0.0000	0.0000	0.0000	0.0000	0.0000	0.0000	0.0000	0.1853	0.1588	0.0265	0.0154	0.0138	0.0016	0.1699	0.1450	0.0249	0.0770	0.0283	0.0487	0.0096	0.0092	0.0003	0.0675	0.0191	0.0484	inf	inf	0.0000	inf	inf	0.0000	0.0000	0.0000	0.0000	0.0000	0.0000	0.0000	0.0000	0.0000	0.0000	0.0000	0.0000	0.0000						
71	78	0.2309	3	0	2	0	1	0	0	0	0	N	Y	N	N	N	N	N	N	N	N	N	N	0.0000	0.0000	0.0000	0.0000	0.0000	0.0000	0.0000	0.0000	0.0000	0.0000	0.0000	0.0000	0.0000	0.0000	0.0000	0.0000	0.0000	0.0000	0.0000	0.0000	7.0000	0.0000	4.9994	0.0000	0.0000	0.0000	0.0000	0.0000	0.0000	0.0000	0.0000	0.0000	0.0000	0.0000	0.0000	0.0000	0.0000	0.0000	0.0000	0.0000	0.0000	0.0000	0.0000	0.0000	0.0000	0.0000	0.0000	0.0000	0.0000	0.0000	0.0000	0.0000	0.0000	0.0000	0.0000	0.0000	0.0000	0.0000	0.0000	0.0000	0.0000	0.0000	0.0000	0.0000	0.0000	0.0000	0.0000	0.0000	0.0000	0.0000	0.0000	0.0000	0.0000	0.0000	0.0000	0.0000	0.0000	0.0000											
71	79	0.2226	2	0	2	0	1	0	0	0	0	N	Y	N	N	N	N	N	N	N	N	N	N	0.0000	0.0000	0.0000	0.0000	0.0000	0.0000	0.0000	0.0000	0.0000	0.0000	0.0000	0.0000	0.0000	0.0000	0.0000	0.0000	0.0000	0.0000	0.0000	0.0000	7.0000	0.0000	4.9994	1.0000	0.0000	0.0000	0.0000	0.0000	0.0000	0.0000	0.0000	0.0000	0.0000	0.0000	0.0000	0.0000	0.0000	0.0000	0.0000	0.0000	0.0000	0.0000	0.0000	0.0000	0.0000	0.0000	0.0000	0.0000	0.0000	0.0000	0.0000	0.0718	0.0224	0.0494	0.0236	0.0081	0.0155	0.0482	0.0142	0.0340	0.0000	0.0000	0.0000	0.0000	0.0000	0.0000	0.0000	0.0000	0.0000	0.0000	0.0000	0.0000	0.0000	0.0000	0.0000	0.0000	0.0000	0.0000											
71	80	0.2051	3	0	2	0	0	0	0	0	0	N	Y	N	N	N	N	N	N	N	N	N	N	inf	inf	inf	inf	1.4696	1.7064	0.0000	0.0000	0.0000	0.0000	1.6035	1.8686	0.0000	0.0000	0.0000	0.0000	0.0000	0.0000	0.0000	0.0000	0.0000	0.0000	0.0000	-0.3855	0.0000	7.0000	3.9927	4.9994	1.0002	1.0000	1.0000	0.0000	0.0000	0.0000	0.0000	1.0000	1.0000	0.0000	0.0000	0.0000	0.0000	0.0000	0.0000	0.0000	0.0000	0.0000	0.0000	0.6804	0.5860	0.0944	0.0568	0.0509	0.0059	0.6236	0.5351	0.0885	0.2436	0.0872	0.1564	0.0227	0.0215	0.0012	0.2209	0.0657	0.1552	inf	inf	0.0000	0.0000	0.0000	0.0000	inf	inf	0.0000	0.0000	0.0000	0.0000	0.0000	0.0000	0.0000	0.0000	0.0000	0.0000						
71	81	0.2004	2	0	2	0	0	0	0	0	0	N	Y	N	N	N	N	N	N	N	N	N	N	inf	inf	inf	inf	0.0049	0.0057	0.0000	0.0000	0.0000	0.0000	0.0053	0.0062	0.0000	0.0000	0.0000	0.0000	0.0000	0.0000	0.0000	0.0000	0.0000	0.0000	0.0000	-0.0000	0.0000	7.0000	0.0110	4.9994	0.6549	0.0000	0.0000	0.0000	0.0000	0.0000	0.0000	0.0000	0.0000	0.0000	0.0000	0.0000	0.0000	0.0000	0.0000	0.0000	0.0000	0.0000	0.0000	0.0021	0.0018	0.0003	0.0002	0.0001	0.0000	0.0019	0.0016	0.0003	0.0350	0.0123	0.0227	0.0029	0.0028	0.0002	0.0321	0.0096	0.0225	inf	inf	0.0000	0.0000	0.0000	0.0000	inf	inf	0.0000	0.0000	0.0000	0.0000	0.0000	0.0000	0.0000	0.0000	0.0000	0.0000						
71	82	0.2226	2	0	1	1	1	0	0	0	0	N	N	N	N	N	N	N	N	N	N	N	N	0.0000	0.0000	0.0000	0.0000	0.0000	0.0000	0.0000	0.0000	0.0000	0.0000	0.0000	0.0000	0.0000	0.0000	0.0000	0.0000	0.0000	0.0000	0.0000	0.0000	7.0000	1.0000	4.9994	0.0000	0.0000	0.0000	0.0000	0.0000	0.0000	0.0000	0.0000	0.0000	0.0000	0.0000	0.0000	0.0000	0.0000	0.0000	0.0000	0.0000	0.0000	0.0000	0.1832	0.1568	0.0264	0.0058	0.0050	0.0008	0.1774	0.1517	0.0256	0.0718	0.0224	0.0494	0.0236	0.0081	0.0155	0.0482	0.0142	0.0340	0.0000	0.0000	0.0000	0.0000	0.0000	0.0000	0.0000	0.0000	0.0000	0.0000	0.0000	0.0000	0.0000	0.0000	0.0000	0.0000	0.0000	0.0000											
71	83	0.2226	2	0	1	1	1	0	0	0	0	N	N	N	N	N	N	N	N	N	N	N	N	0.0000	0.0000	0.0000	0.0000	0.0000	0.0000	0.0000	0.0000	0.0000	0.0000	0.0000	0.0000	0.0000	0.0000	0.0000	0.0000	0.0000	0.0000	0.0000	0.0000	7.0000	0.0000	4.9994	0.0000	0.0000	0.0000	0.0000	0.0000	0.0000	0.0000	0.0000	0.0000	0.0000	0.0000	0.0000	0.0000	0.0000	0.0000	0.0000	0.0000	0.0000	0.0000	0.0000	0.0000	0.0000	0.0000	0.0000	0.0000	0.0000	0.0000	0.0000	0.0000	0.0000	0.0000	0.0000	0.0000	0.0000	0.0000	0.0000	0.0000	0.0000	0.0000	0.0000	0.0000	0.0000	0.0000	0.0000	0.0000	0.0000	0.0000	0.0000	0.0000	0.0000	0.0000	0.0000	0.0000	0.0000	0.0000											
71	85	0.2836	2	1	2	0	0	0	0	0	0	N	Y	N	N	N	N	N	N	N	N	N	N	0.0000	0.0000	0.0000	0.0000	0.0000	0.0000	0.0000	0.0000	0.0000	0.0000	0.0000	0.0000	0.0000	0.0000	0.0000	0.0000	0.0000	0.0000	0.0000	0.0000	7.0000	0.0000	4.9994	0.0000	0.0000	0.0000	0.0000	0.0000	0.0000	0.0000	0.0000	0.0000	0.0000	0.0000	0.0000	0.0000	0.0000	0.0000	0.0000	0.0000	0.0000	0.0000	0.0000	0.0000	0.0000	0.0000	0.0000	0.0000	0.0000	0.0000	0.0000	0.0000	0.0000	0.0000	0.0000	0.0000	0.0000	0.0000	0.0000	0.0000	0.0000	0.0000	0.0000	0.0000	0.0000	0.0000	0.0000	0.0000	0.0000	0.0000	0.0000	0.0000	0.0000	0.0000	0.0000	0.0000	0.0000	0.0000											
71	88	0.2004	2	1	2	0	0	0	0	0	0	N	Y	N	N	N	N	N	N	N	N	N	N	0.0000	0.0000	0.0000	0.0000	0.0000	0.0000	0.0000	0.0000	0.0000	0.0000	0.0000	0.0000	0.0000	0.0000	0.0000	0.0000	0.0000	0.0000	0.0000	0.0000	7.0000	0.0000	4.9994	0.0000	0.0000	0.0000	0.0000	0.0000	0.0000	0.0000	0.0000	0.0000	0.0000	0.0000	0.0000	0.0000	0.0000	0.0000	0.0000	0.0000	0.0000	0.0000	0.0000	0.0000	0.0000	0.0000	0.0000	0.0000	0.0000	0.0000	0.0000	0.0000	0.0000	0.0000	0.0000	0.0000	0.0000	0.0000	0.0000	0.0000	0.0000	0.0000	0.0000	0.0000	0.0000	0.0000	0.0000	0.0000	0.0000	0.0000	0.0000	0.0000	0.0000	0.0000	0.0000	0.0000	0.0000	0.0000											
71	91	0.2916	3	0	1	0	0	0	0	0	0	N	N	N	N	N	N	N	N	N	N	N	N	2.5488	0.2563	0.5069	0.5105	inf	inf	0.3712	0.4279	0.0000	0.6262	0.6594	0.0000	0.3328	0.3892	0.0000	0.1456	1.6698	0.0000	1.2353	1.2918	0.0000	0.0000	0.0000	0.0000	0.0000	0.0000	-0.2869	-0.0986	7.0000	11.5137	4.9994	4.9035	0.7443	0.7443	0.0000	0.1643	0.1643	0.0000	0.5799	0.5799	0.0000	0.1466	0.1466	0.0000	0.1466	0.1466	0.0000	0.0000	0.0000	0.0000	2.0052	1.7394	0.2658	0.2624	0.2492	0.0132	1.7428	1.4902	0.2526	1.0069	0.3090	0.6979	0.1187	0.1135	0.0052	0.8882	0.1955	0.6927	2.5488	0.9017	0.0000	0.5069	0.5105	0.0000	inf	inf	0.0000	0.1456	0.4745	0.0000	1.2353	1.2918	0.0000	0.0000	0.0000	0.0000			
72	74	0.1896	3	0	2	0	0	0	0	0	0	N	Y	N	N	N	N	N	N	N	N	N	N	0.0000	0.0000	0.0000	0.0000	0.0000	0.0000	0.0000	0.0000	0.0000	0.0000	0.0000	0.0000	0.0000	0.0000	0.0000	0.0000	0.0000	0.0000	0.0000	0.0000	4.7764	0.0000	1.3205	0.0000	0.0000	0.0000	0.0000	0.0000	0.0000	0.0000	0.0000	0.0000	0.0000	0.0000	0.0000	0.0000	0.0000	0.0000	0.0000	0.0000	0.0000	0.0000	0.0000	0.0000	0.0000	0.0000	0.0000	0.0000	0.0000	0.0000	0.0000	0.0000	0.0000	0.0000	0.0000	0.0000	0.0000	0.0000	0.0000	0.0000	0.0000	0.0000	0.0000	0.0000	0.0000	0.0000	0.0000	0.0000	0.0000	0.0000	0.0000	0.0000	0.0000	0.0000	0.0000	0.0000	0.0000	0.0000											
72	75	0.1309	2	0	2	0	0	0	0	0	0	N	Y	N	N	N	N	N	N	N	N	N	N	153019.4877	inf	0.0000	234663.3772	inf	0.0000	5332098.7161	inf	0.0000	1.4437	1.7098	0.0000	7.8946	8.2894	0.0000	0.8265	0.9910	0.0000	0.0000	0.0000	0.0000	0.0000	0.0000	0.0678	0.0000	0.0000	0.0000	0.0000	inf	-0.3073	0.0000	4.7764	4.3567	1.3205	2.3689	0.7972	0.7972	0.0000	0.3806	0.3806	0.0000	0.4165	0.4165	0.0000	0.0000	0.0000	0.0000	0.0000	0.0000	0.0000	0.0000	0.0000	0.0000	0.5522	0.4662	0.0859	0.0482	0.0459	0.0023	0.5039	0.4203	0.0836	0.2499	0.0994	0.1504	0.0692	0.0692	0.0000	0.1806	0.0302	0.1504	153019.4877	inf	0.0000	234663.3772	inf	0.0000	5332098.7161	inf	0.0000	0.0000	0.0000	0.0000	0.0000	0.0000	0.0678	0.0000	0.0000	0.0000
72	76	0.1983	5	1	2	0	1	0	0	0	0	N	Y	N	N	N	N	N	N	N	N	N	N	0.0000	0.0000	0.0000	0.0000	0.0000	0.0000	0.0000	0.0000	0.0000	0.0000	0.0000	0.0000	0.0000	0.0000	0.0000	0.0000	0.0000	0.0000	0.0000	0.0000	4.7764	0.0000	1.3205	0.0000	0.0000	0.0000	0.0000	0.0000	0.0000	0.0000	0.0000	0.0000	0.0000	0.0000	0.0000	0.0000	0.0000	0.0000	0.0000	0.0000	0.0000	0.0000	0.0000	0.0000	0.0000	0.0000	0.0000	0.0000	0.0000	0.0000	0.0000	0.0000	0.0000	0.0000	0.0000	0.0000	0.0000	0.0000	0.0000	0.0000	0.0000	0.0000	0.0000	0.0000	0.0000	0.0000	0.0000	0.0000	0.0000	0.0000	0.0000	0.0000	0.0000	0.0000	0.0000	0.0000	0.0000	0.0000											
72	77	0.1899	4	1	2	0	1	0	0	0	0	N	Y	N	N	N	N	N	N	N	N	N	N	0.0000	0.0000	0.0000	0.0000	0.0000	0.0000	0.0000	0.0000	0.0000	0.0000	0.0000	0.0000	0.0000	0.0000	0.0000	0.0000	0.0000	0.0002	0.0002	0.0002	0.0004	0.0004	0.0000	0.0002	0.0000	0.0002	1.1099	0.0000	-0.0000	4.7764	1.0073	1.3205	0.3366	0.0000	0.0000	0.0000	0.0000	0.0000	0.0000	0.0000	0.0000	0.0000	0.0000	0.0000	0.0000	0.0000	0.0000	0.0000	0.0000	0.0000	0.0000	0.1301	0.1118	0.0183	0.0228	0.0211	0.0017	0.1073	0.0908	0.0166	0.0370	0.0164	0.0206	0.0114	0.0112	0.0002	0.0256	0.0051	0.0204	0.0000	0.0000	0.0000	0.0000	0.0000	0.0000	0.0000	0.0000	0.0000	0.0002	0.0002	0.0002	0.0004	0.0004	0.0000	0.0002	0.0000	0.0002		
72	78	0.2157	4	0	2	0	1	0	0	0	0	N	Y	N	N	N	N	N	N	N	N	N	N	0.0000	0.0000	0.0000	0.0000	0.0000	0.0000	0.0000	0.0000	0.0000	0.0000	0.0000	0.0000	0.0000	0.0000	0.0000	0.0000	0.0000	0.0000	0.0000	0.0000	4.7764	0.0000	1.3205	0.0000	0.0000	0.0000	0.0000	0.0000	0.0000	0.0000	0.0000	0.0000	0.0000	0.0000	0.0000	0.0000	0.0000	0.0000	0.0000	0.0000	0.0000	0.0000	0.0000	0.0000	0.0000	0.0000	0.0000	0.0000	0.0000	0.0000	0.0000	0.0000	0.0000	0.0000	0.0000	0.0000	0.0000	0.0000	0.0000	0.0000	0.0000	0.0000	0.0000	0.0000	0.0000	0.0000	0.0000	0.0000	0.0000	0.0000	0.0000	0.0000	0.0000	0.0000	0.0000	0.0000	0.0000	0.0000											
72	79	0.2075	3	0	2	0	1	0	0	0	0	N	Y	N	N	N	N	N	N	N	N	N	N	0.0000	0.0000	0.0000	0.0000	0.0000	0.0000	0.0000	0.0000	0.0000	0.0000	0.0000	0.0000	0.0000	0.0000	0.0000	0.0000	0.0000	0.0000	0.0000	0.0000	4.7764	0.0000	1.3205	1.0000	0.0000	0.0000	0.0000	0.0000	0.0000	0.0000	0.0000	0.0000	0.0000	0.0000	0.0000	0.0000	0.0000	0.0000	0.0000	0.0000	0.0000	0.0000	0.0000	0.0000	0.0000	0.0000	0.0000	0.0000	0.0000	0.0000	0.0000	0.0374	0.0134	0.0240	0.0195	0.0096	0.0099	0.0179	0.0038	0.0141	0.0000	0.0000	0.0000	0.0000	0.0000	0.0000	0.0000	0.0000	0.0000	0.0000	0.0000	0.0000	0.0000	0.0000	0.0000	0.0000	0.0000	0.0000											
72	80	0.1899	4	0	2	0	0	0	0	0	0	N	Y	N	N	N	N	N	N	N	N	N	N	0.0000	0.0000	0.0000	0.0000	0.0000	0.0000	0.0000	0.0000	0.0000	0.0000	0.0000	0.0000	0.0000	0.0000	0.0000	0.0000	0.0000	0.0001	0.0001	0.0001	0.0001	0.0001	0.0000	0.0001	0.0000	0.0001	1.1099	0.0000	-0.0000	4.7764	3.9927	1.3205	1.0002	0.0000	0.0000	0.0000	0.0000	0.0000	0.0000	0.0000	0.0000	0.0000	0.0000	0.0000	0.0000	0.0000	0.0000	0.0000	0.0000	0.0000	0.0000	0.4797	0.4146	0.0650	0.0854	0.0789	0.0064	0.3943	0.3357	0.0586	0.1155	0.0503	0.0652	0.0330	0.0324	0.0006	0.0825	0.0179	0.0646	0.0000	0.0000	0.0000	0.0000	0.0000	0.0000	0.0000	0.0000	0.0000	0.0001	0.0001	0.0001	0.0001	0.0001	0.0000	0.0001	0.0000	0.0001		
72	81	0.1853	3	0	2	0	0	0	0	0	0	N	Y	N	N	N	N	N	N	N	N	N	N	0.0000	0.0000	0.0000	0.0000	0.0000	0.0000	0.0000	0.0000	0.0000	0.0000	0.0000	0.0000	0.0000	0.0000	0.0000	0.0000	0.0005	0.0006	0.0004	0.0009	0.0010	0.0000	0.0003	0.0000	0.0004	0.9013	0.0000	-0.0000	4.7764	0.0110	1.3205	0.6549	0.0000	0.0000	0.0000	0.0000	0.0000	0.0000	0.0000	0.0000	0.0000	0.0000	0.0000	0.0000	0.0000	0.0000	0.0000	0.0000	0.0000	0.0000	0.0014	0.0012	0.0002	0.0002	0.0002	0.0000	0.0012	0.0010	0.0002	0.0166	0.0072	0.0094	0.0048	0.0047	0.0001	0.0119	0.0026	0.0093	0.0000	0.0000	0.0000	0.0000	0.0000	0.0000	0.0000	0.0000	0.0000	0.0005	0.0006	0.0004	0.0009	0.0010	0.0000	0.0003	0.0000	0.0004			
72	82	0.2075	3	0	1	1	1	0	0	0	0	N	N	N	N	N	N	N	N	N	N	N	N	0.0000	0.0000	0.0000	0.0000	0.0000	0.0000	0.0000	0.0000	0.0000	0.0000	0.0000	0.0000	0.0000	0.0000	0.0000	0.0000	0.0000	0.0000	0.0000	0.0000	4.7764	1.0000	1.3205	0.0000	0.0000	0.0000	0.0000	0.0000	0.0000	0.0000	0.0000	0.0000	0.0000	0.0000	0.0000	0.0000	0.0000	0.0000	0.0000	0.0000	0.0000	0.0000	0.1287	0.1102	0.0184	0.0164	0.0151	0.0014	0.1123	0.0952	0.0171	0.0374	0.0134	0.0240	0.0195	0.0096	0.0099	0.0179	0.0038	0.0141	0.0000	0.0000	0.0000	0.0000	0.0000	0.0000	0.0000	0.0000	0.0000	0.0000	0.0000	0.0000	0.0000	0.0000	0.0000	0.0000	0.0000	0.0000											
72	83	0.2075	3	0	1	1	1	0	0	0	0	N	N	N	N	N	N	N	N	N	N	N	N	0.0000	0.0000	0.0000	0.0000	0.0000	0.0000	0.0000	0.0000	0.0000	0.0000	0.0000	0.0000	0.0000	0.0000	0.0000	0.0000	0.0000	0.0000	0.0000	0.0000	4.7764	0.0000	1.3205	0.0000	0.0000	0.0000	0.0000	0.0000	0.0000	0.0000	0.0000	0.0000	0.0000	0.0000	0.0000	0.0000	0.0000	0.0000	0.0000	0.0000	0.0000	0.0000	0.0000	0.0000	0.0000	0.0000	0.0000	0.0000	0.0000	0.0000	0.0000	0.0000	0.0000	0.0000	0.0000	0.0000	0.0000	0.0000	0.0000	0.0000	0.0000	0.0000	0.0000	0.0000	0.0000	0.0000	0.0000	0.0000	0.0000	0.0000	0.0000	0.0000	0.0000	0.0000	0.0000	0.0000	0.0000	0.0000											
72	84	0.1309	2	0	1	0	1	0	0	0	0	N	N	N	N	N	N	N	N	N	N	N	N	0.0000	0.0018	0.0000	0.0120	0.0125	0.0000	0.0000	0.0001	0.0001	0.0000	0.0006	0.0006	0.0000	0.0000	0.0000	0.0000	1.5036	0.0339	1.1694	0.0494	0.0494	0.0000	1.8842	0.0000	1.1697	0.0000	52.3143	-0.0000	0.0693	4.7764	3.0000	1.3205	5.9994	0.0000	0.0000	0.0000	0.0000	0.0000	0.0000	0.0000	0.0000	0.0000	0.2243	0.0042	0.2201	0.0042	0.0042	0.0000	0.2201	0.0000	0.2201	0.3928	0.3305	0.0624	0.0339	0.0323	0.0016	0.3590	0.2982	0.0607	0.3123	0.1240	0.1882	0.0852	0.0851	0.0000	0.2271	0.0389	0.1882	0.0001	0.0018	0.0000	0.0120	0.0125	0.0000	0.0000	0.0000	0.0000	0.7184	0.0339	1.1694	0.0494	0.0494	0.0000	0.9694	0.0000	1.1697		
72	85	0.2685	3	1	2	0	0	0	0	0	0	N	Y	N	N	N	N	N	N	N	N	N	N	0.0000	0.0000	0.0000	0.0000	0.0000	0.0000	0.0000	0.0000	0.0000	0.0000	0.0000	0.0000	0.0000	0.0069	0.0000	0.0159	0.0000	0.0000	0.0000	0.0205	0.0000	0.0157	inf	0.0000	0.0000	4.7764	0.0000	1.3205	0.0000	0.0000	0.0000	0.0000	0.0000	0.0000	0.0000	0.0000	0.0000	0.0000	0.0000	0.0000	0.0000	0.0000	0.0000	0.0000	0.0000	0.0000	0.0000	0.0000	0.0000	0.0000	0.0000	0.0000	0.0000	0.0000	0.0000	0.0000	0.0000	0.0000	0.0000	0.0000	0.0000	0.0000	0.0000	0.0000	0.0000	0.0000	0.0000	0.0000	0.0000	0.0000	0.0000	0.0000	0.0000	0.0000	0.0069	0.0000	0.0159	0.0000	0.0000	0.0000	0.0128	0.0000	0.0157						
72	86	0.1309	2	1	2	0	0	0	0	0	0	N	Y	N	N	N	N	N	N	N	N	N	N	0.0000	278.0276	0.0000	15.8137	1893.3970	0.0000	0.0000	0.0000	0.0000	0.0000	0.0000	0.0004	0.0004	0.0000	0.0000	0.0000	0.0000	1.4363	0.0000	0.9554	0.0000	0.0000	0.0460	1.5236	0.0000	0.9556	0.0000	10685551.3339	-0.0000	0.0722	4.7764	5.0000	1.3205	7.0006	0.0000	0.0000	0.0000	0.0000	0.0000	0.0000	0.0000	0.0000	0.0000	0.2201	0.0000	0.2201	0.0000	0.0000	0.0000	0.2201	0.0000	0.2201	0.6241	0.5279	0.0962	0.0548	0.0522	0.0026	0.5693	0.4757	0.0936	0.3816	0.1512	0.2304	0.1019	0.1018	0.0001	0.2797	0.0494	0.2303	0.0001	278.0276	0.0000	15.8137	1893.3970	0.0000	0.0000	0.0000	0.0000	0.5769	0.0000	0.9554	0.0000	0.0000	0.0460	0.7870	0.0000	0.9556	
72	87	0.1309	2	0	2	0	0	0	0	0	0	N	Y	N	N	N	N	N	N	N	N	N	N	0.0001	inf	0.0000	33.7063	inf	0.0000	0.0000	0.0000	0.0001	0.0002	0.0000	0.0017	0.0018	0.0000	0.0000	0.0000	0.0000	1.9245	0.0000	2.2635	0.0001	0.0000	0.1010	2.7593	0.0000	2.2640	0.0000	inf	-0.0000	0.0722	4.7764	1.0000	1.3205	3.0006	0.0000	0.0000	0.0000	0.0000	0.0000	0.0000	0.0000	0.0000	0.0000	0.2201	0.0000	0.2201	0.0000	0.0000	0.0000	0.2201	0.0000	0.2201	0.1377	0.1151	0.0225	0.0116	0.0111	0.0006	0.1260	0.1041	0.0220	0.1618	0.0645	0.0972	0.0457	0.0456	0.0000	0.1161	0.0189	0.0972	0.0001	inf	0.0000	33.7063	inf	0.0000	0.0000	0.0000	0.0000	1.3607	0.0000	2.2635	0.0001	0.0000	0.1010	1.8958	0.0000	2.2640	
72	88	0.1853	3	1	2	0	0	0	0	0	0	N	Y	N	N	N	N	N	N	N	N	N	N	0.0000	0.0000	0.0000	0.0000	0.0000	0.0000	0.0000	0.0000	0.0000	0.0000	0.0000	0.0000	0.0000	0.0000	0.0000	0.0000	0.0000	0.0000	0.0000	0.0000	4.7764	0.0000	1.3205	0.0000	0.0000	0.0000	0.0000	0.0000	0.0000	0.0000	0.0000	0.0000	0.0000	0.0000	0.0000	0.0000	0.0000	0.0000	0.0000	0.0000	0.0000	0.0000	0.0000	0.0000	0.0000	0.0000	0.0000	0.0000	0.0000	0.0000	0.0000	0.0000	0.0000	0.0000	0.0000	0.0000	0.0000	0.0000	0.0000	0.0000	0.0000	0.0000	0.0000	0.0000	0.0000	0.0000	0.0000	0.0000	0.0000	0.0000	0.0000	0.0000	0.0000	0.0000	0.0000	0.0000	0.0000	0.0000											
72	89	0.1309	2	0	2	0	0	0	0	0	0	N	Y	N	N	N	N	N	N	N	N	N	N	0.0000	3765.3480	0.0000	25220.9853	26469.3535	0.0000	0.0000	0.0000	0.0000	0.0000	0.0004	0.0005	0.0000	0.0000	0.0000	0.0000	1.5647	0.0000	1.2775	0.0000	0.0000	0.0000	1.9221	0.0000	1.2778	0.0000	157228570.8879	-0.0000	0.0722	4.7764	4.0000	1.3205	4.0001	0.0000	0.0000	0.0000	0.0000	0.0000	0.0000	0.0000	0.0000	0.0000	0.2201	0.0000	0.2201	0.0000	0.0000	0.0000	0.2201	0.0000	0.2201	0.5113	0.4313	0.0800	0.0445	0.0424	0.0021	0.4668	0.3889	0.0779	0.2860	0.1137	0.1723	0.0786	0.0785	0.0000	0.2074	0.0352	0.1723	0.0001	3765.3480	0.0000	25220.9853	26469.3535	0.0000	0.0000	0.0000	0.0000	0.7697	0.0000	1.2775	0.0000	0.0000	0.0000	1.0612	0.0000	1.2778		
72	91	0.2764	4	0	1	0	0	0	0	0	0	N	N	N	N	N	N	N	N	N	N	N	N	17.1738	1.8518	0.0059	7.1960	7.8222	0.0039	546.1106	538.0511	0.0006	1.7969	2.0796	0.0000	2.2422	2.4766	0.0001	1.6289	1.9199	0.0000	0.1046	1.1231	0.0020	0.3116	0.3166	0.0147	0.0030	0.0036	0.0019	0.0000	0.0108	-1.0570	-0.0366	4.7764	11.5137	1.3205	4.9035	2.7423	2.7423	0.0000	0.9372	0.9372	0.0000	1.8050	1.8050	0.0000	0.0554	0.0548	0.0006	0.0548	0.0548	0.0000	0.0005	0.0000	0.0005	1.5261	1.3186	0.2075	0.4180	0.3784	0.0396	1.1081	0.9402	0.1679	0.5292	0.2358	0.2934	0.1760	0.1730	0.0029	0.3533	0.0628	0.2905	17.1738	8.9506	0.0059	7.1960	7.8222	0.0039	1052.5872	396698.2020	0.0006	0.1046	0.2323	0.0020	0.3116	0.3166	0.0147	0.0015	0.0000	0.0019
73	74	0.1153	2	0	2	0	0	0	0	0	0	N	Y	N	N	N	N	N	N	N	N	N	N	0.0000	0.0000	0.0000	0.0000	0.0000	0.0000	0.0000	0.0000	0.0000	0.0000	0.0000	0.0000	0.0000	0.0000	0.0000	0.0000	0.0000	0.0000	0.0000	0.0000	3.3049	0.0000	2.7470	0.0000	0.0000	0.0000	0.0000	0.0000	0.0000	0.0000	0.0000	0.0000	0.0000	0.0000	0.0000	0.0000	0.0000	0.0000	0.0000	0.0000	0.0000	0.0000	0.0000	0.0000	0.0000	0.0000	0.0000	0.0000	0.0000	0.0000	0.0000	0.0000	0.0000	0.0000	0.0000	0.0000	0.0000	0.0000	0.0000	0.0000	0.0000	0.0000	0.0000	0.0000	0.0000	0.0000	0.0000	0.0000	0.0000	0.0000	0.0000	0.0000	0.0000	0.0000	0.0000	0.0000	0.0000	0.0000											
73	76	0.1239	4	1	2	0	1	0	0	0	0	N	Y	N	N	N	N	N	N	N	N	N	N	0.0000	0.0000	0.0000	0.0000	0.0000	0.0000	0.0000	0.0000	0.0000	0.0000	0.0000	0.0000	0.0000	0.0000	0.0000	0.0000	0.0000	0.0000	0.0000	0.0000	3.3049	0.0000	2.7470	0.0000	0.0000	0.0000	0.0000	0.0000	0.0000	0.0000	0.0000	0.0000	0.0000	0.0000	0.0000	0.0000	0.0000	0.0000	0.0000	0.0000	0.0000	0.0000	0.0000	0.0000	0.0000	0.0000	0.0000	0.0000	0.0000	0.0000	0.0000	0.0000	0.0000	0.0000	0.0000	0.0000	0.0000	0.0000	0.0000	0.0000	0.0000	0.0000	0.0000	0.0000	0.0000	0.0000	0.0000	0.0000	0.0000	0.0000	0.0000	0.0000	0.0000	0.0000	0.0000	0.0000	0.0000	0.0000											
73	77	0.1156	3	1	2	0	1	0	0	0	0	N	Y	N	N	N	N	N	N	N	N	N	N	0.0412	0.0000	0.2976	0.0000	0.0000	0.0334	0.3141	0.0001	0.0000	0.0007	0.0000	0.0000	0.0000	0.0001	0.0000	0.0007	0.0025	0.0029	0.0023	0.0084	0.0087	0.0000	0.0034	0.0000	0.0024	inf	1.4287	0.0000	-0.0000	3.3049	1.0073	2.7470	0.3366	0.0000	0.0000	0.0000	0.0000	0.0000	0.0000	0.0000	0.0000	0.0000	0.0001	0.0000	0.0001	0.0000	0.0000	0.0000	0.0001	0.0000	0.0001	0.0959	0.0815	0.0143	0.0080	0.0071	0.0008	0.0879	0.0744	0.0135	0.0443	0.0162	0.0281	0.0055	0.0053	0.0002	0.0388	0.0109	0.0280	0.0412	0.0000	0.2976	0.0000	0.0000	0.0000	0.0669	0.0000	0.3141	0.0025	0.0029	0.0023	0.0084	0.0087	0.0000	0.0017	0.0000	0.0024		
73	78	0.1414	3	0	2	0	1	0	0	0	0	N	Y	N	N	N	N	N	N	N	N	N	N	0.0000	0.0000	0.0000	0.0000	0.0000	0.0000	0.0000	0.0000	0.0000	0.0000	0.0000	0.0000	0.0000	0.0000	0.0000	0.0000	0.0000	0.0000	0.0000	0.0000	3.3049	0.0000	2.7470	0.0000	0.0000	0.0000	0.0000	0.0000	0.0000	0.0000	0.0000	0.0000	0.0000	0.0000	0.0000	0.0000	0.0000	0.0000	0.0000	0.0000	0.0000	0.0000	0.0000	0.0000	0.0000	0.0000	0.0000	0.0000	0.0000	0.0000	0.0000	0.0000	0.0000	0.0000	0.0000	0.0000	0.0000	0.0000	0.0000	0.0000	0.0000	0.0000	0.0000	0.0000	0.0000	0.0000	0.0000	0.0000	0.0000	0.0000	0.0000	0.0000	0.0000	0.0000	0.0000	0.0000	0.0000	0.0000											
73	79	0.1331	2	0	2	0	1	0	0	0	0	N	Y	N	N	N	N	N	N	N	N	N	N	0.0000	0.0000	0.0000	0.0000	0.0000	0.0000	0.0000	0.0000	0.0000	0.0000	0.0000	0.0000	0.0000	0.0000	0.0000	0.0000	0.0000	0.0000	0.0000	0.0000	3.3049	0.0000	2.7470	1.0000	0.0000	0.0000	0.0000	0.0000	0.0000	0.0000	0.0000	0.0000	0.0000	0.0000	0.0000	0.0000	0.0000	0.0000	0.0000	0.0000	0.0000	0.0000	0.0000	0.0000	0.0000	0.0000	0.0000	0.0000	0.0000	0.0000	0.0000	0.0427	0.0131	0.0295	0.0148	0.0050	0.0097	0.0279	0.0081	0.0198	0.0000	0.0000	0.0000	0.0000	0.0000	0.0000	0.0000	0.0000	0.0000	0.0000	0.0000	0.0000	0.0000	0.0000	0.0000	0.0000	0.0000	0.0000											
73	80	0.1156	3	0	2	0	0	0	0	0	0	N	Y	N	N	N	N	N	N	N	N	N	N	0.0001	0.0001	0.0000	0.0002	0.0002	0.0000	0.0000	0.0000	0.0000	0.0000	0.0000	0.0000	0.0000	0.0000	0.0000	0.0000	0.0006	0.0009	0.0004	0.0034	0.0036	0.0000	0.0003	0.0000	0.0004	0.0000	0.7720	-0.0000	-0.0000	3.3049	3.9927	2.7470	1.0002	0.0000	0.0000	0.0000	0.0000	0.0000	0.0000	0.0000	0.0000	0.0000	0.0001	0.0000	0.0000	0.0000	0.0000	0.0000	0.0000	0.0000	0.0000	0.3515	0.3007	0.0508	0.0294	0.0263	0.0032	0.3221	0.2745	0.0476	0.1408	0.0502	0.0906	0.0135	0.0129	0.0006	0.1273	0.0373	0.0900	0.0001	0.0001	0.0000	0.0002	0.0002	0.0000	0.0000	0.0000	0.0000	0.0006	0.0009	0.0004	0.0034	0.0036	0.0000	0.0003	0.0000	0.0004		
73	81	0.1109	2	0	2	0	0	0	0	0	0	N	Y	N	N	N	N	N	N	N	N	N	N	0.0025	0.0000	0.0143	0.0000	0.0000	0.0015	0.0000	0.0150	0.0000	0.0000	0.0001	0.0000	0.0000	0.0000	0.0000	0.0000	0.0001	0.0069	0.0050	0.0079	0.0199	0.0209	0.0000	0.0126	0.0009	0.0080	inf	2.9500	0.0000	0.0000	3.3049	0.0110	2.7470	0.6549	0.0000	0.0000	0.0000	0.0000	0.0000	0.0000	0.0000	0.0000	0.0000	0.0001	0.0000	0.0001	0.0000	0.0000	0.0000	0.0001	0.0000	0.0001	0.0011	0.0009	0.0002	0.0001	0.0001	0.0000	0.0010	0.0008	0.0002	0.0204	0.0072	0.0132	0.0018	0.0017	0.0001	0.0186	0.0055	0.0131	0.0025	0.0000	0.0143	0.0000	0.0000	0.0000	0.0033	0.0000	0.0150	0.0069	0.0050	0.0079	0.0199	0.0209	0.0000	0.0056	0.0000	0.0080	
73	82	0.1331	2	0	1	1	1	0	0	0	0	N	N	N	N	N	N	N	N	N	N	N	N	0.0000	0.0000	0.0000	0.0000	0.0000	0.0000	0.0000	0.0000	0.0000	0.0000	0.0000	0.0000	0.0000	0.0000	0.0000	0.0000	0.0000	0.0000	0.0000	0.0000	3.3049	1.0000	2.7470	0.0000	0.0000	0.0000	0.0000	0.0000	0.0000	0.0000	0.0000	0.0000	0.0000	0.0000	0.0000	0.0000	0.0000	0.0000	0.0000	0.0000	0.0000	0.0000	0.0948	0.0805	0.0143	0.0031	0.0027	0.0004	0.0917	0.0778	0.0139	0.0427	0.0131	0.0295	0.0148	0.0050	0.0097	0.0279	0.0081	0.0198	0.0000	0.0000	0.0000	0.0000	0.0000	0.0000	0.0000	0.0000	0.0000	0.0000	0.0000	0.0000	0.0000	0.0000	0.0000	0.0000	0.0000	0.0000											
73	83	0.1331	2	0	1	1	1	0	0	0	0	N	N	N	N	N	N	N	N	N	N	N	N	0.0000	0.0000	0.0000	0.0000	0.0000	0.0000	0.0000	0.0000	0.0000	0.0000	0.0000	0.0000	0.0000	0.0000	0.0000	0.0000	0.0000	0.0000	0.0000	0.0000	3.3049	0.0000	2.7470	0.0000	0.0000	0.0000	0.0000	0.0000	0.0000	0.0000	0.0000	0.0000	0.0000	0.0000	0.0000	0.0000	0.0000	0.0000	0.0000	0.0000	0.0000	0.0000	0.0000	0.0000	0.0000	0.0000	0.0000	0.0000	0.0000	0.0000	0.0000	0.0000	0.0000	0.0000	0.0000	0.0000	0.0000	0.0000	0.0000	0.0000	0.0000	0.0000	0.0000	0.0000	0.0000	0.0000	0.0000	0.0000	0.0000	0.0000	0.0000	0.0000	0.0000	0.0000	0.0000	0.0000	0.0000	0.0000											
73	85	0.1941	2	1	2	0	0	0	0	0	0	N	Y	N	N	N	N	N	N	N	N	N	N	0.0000	0.0000	0.0000	0.0000	0.0000	0.0000	0.0000	0.0000	0.0000	0.0000	0.0000	0.0000	0.0000	0.0069	0.0125	0.0000	0.0153	0.0156	0.0000	0.0000	0.0000	0.0000	0.0000	0.0000	-0.0000	3.3049	0.0000	2.7470	0.0000	0.0000	0.0000	0.0000	0.0000	0.0000	0.0000	0.0000	0.0000	0.0000	0.0000	0.0000	0.0000	0.0000	0.0000	0.0000	0.0000	0.0000	0.0000	0.0000	0.0000	0.0000	0.0000	0.0000	0.0000	0.0000	0.0000	0.0000	0.0000	0.0000	0.0000	0.0000	0.0000	0.0000	0.0000	0.0000	0.0000	0.0000	0.0000	0.0000	0.0000	0.0000	0.0000	0.0000	0.0000	0.0000	0.0069	0.0125	0.0000	0.0153	0.0156	0.0000	0.0000	0.0000	0.0000						
73	88	0.1109	2	1	2	0	0	0	0	0	0	N	Y	N	N	N	N	N	N	N	N	N	N	0.0000	0.0000	0.0000	0.0000	0.0000	0.0000	0.0000	0.0000	0.0000	0.0000	0.0000	0.0000	0.0000	0.0000	0.0000	0.0000	0.0000	0.0000	0.0000	0.0000	3.3049	0.0000	2.7470	0.0000	0.0000	0.0000	0.0000	0.0000	0.0000	0.0000	0.0000	0.0000	0.0000	0.0000	0.0000	0.0000	0.0000	0.0000	0.0000	0.0000	0.0000	0.0000	0.0000	0.0000	0.0000	0.0000	0.0000	0.0000	0.0000	0.0000	0.0000	0.0000	0.0000	0.0000	0.0000	0.0000	0.0000	0.0000	0.0000	0.0000	0.0000	0.0000	0.0000	0.0000	0.0000	0.0000	0.0000	0.0000	0.0000	0.0000	0.0000	0.0000	0.0000	0.0000	0.0000	0.0000	0.0000	0.0000											
73	91	0.2021	3	0	1	0	0	0	0	0	0	N	N	N	N	N	N	N	N	N	N	N	N	0.0939	0.0253	9.2898	0.0095	0.0092	0.2619	193.9276	2.3995	15.4280	0.0504	0.0578	0.0040	0.0285	0.0297	0.0062	0.0536	0.0624	0.0038	0.5368	2.2856	0.0004	3.0047	3.2306	0.0237	0.0003	0.0260	0.0002	0.0110	0.0011	-0.0194	-0.1059	3.3049	11.5137	2.7470	4.9035	0.0519	0.0514	0.0006	0.0037	0.0037	0.0000	0.0482	0.0477	0.0005	0.1577	0.1576	0.0002	0.1576	0.1575	0.0001	0.0001	0.0000	0.0001	1.0299	0.8877	0.1422	0.1311	0.1244	0.0067	0.8988	0.7633	0.1355	0.5983	0.1787	0.4196	0.0711	0.0679	0.0032	0.5273	0.1108	0.4165	0.1912	0.0656	9.2898	0.0129	0.0128	0.2619	193.9276	165.1064	15.4280	0.2636	0.8816	0.0004	2.2180	2.3201	0.0237	0.0003	0.0004	0.0002
74	76	0.1261	5	1	2	0	1	0	0	0	0	N	Y	N	N	N	N	N	N	N	N	N	N	0.0000	0.0000	0.0000	0.0000	0.0000	0.0000	0.0000	0.0000	0.0000	0.0000	0.0000	0.0000	0.0000	0.0000	0.0000	0.0000	0.0000	0.0000	0.0000	0.0000	0.0000	0.0000	0.0000	0.0000	0.0000	0.0000	0.0000	0.0000	0.0000	0.0000	0.0000	0.0000	0.0000	0.0000	0.0000	0.0000	0.0000	0.0000	0.0000	0.0000	0.0000	0.0000	0.0000	0.0000	0.0000	0.0000	0.0000	0.0000	0.0000	0.0000	0.0000	0.0000	0.0000	0.0000	0.0000	0.0000	0.0000	0.0000	0.0000	0.0000	0.0000	0.0000	0.0000	0.0000	0.0000	0.0000	0.0000	0.0000	0.0000	0.0000	0.0000	0.0000	0.0000	0.0000	0.0000	0.0000	0.0000	0.0000											
74	77	0.1178	4	1	2	0	1	0	0	0	0	N	Y	N	N	N	N	N	N	N	N	N	N	0.0000	0.0000	0.0000	0.0000	0.0000	0.0000	0.0000	0.0000	0.0000	0.0000	0.0000	0.0000	0.0000	0.0000	0.0000	0.0000	0.0000	0.0000	0.0000	0.0000	0.0000	1.0073	0.0000	0.3366	0.0000	0.0000	0.0000	0.0000	0.0000	0.0000	0.0000	0.0000	0.0000	0.0000	0.0000	0.0000	0.0000	0.0000	0.0000	0.0000	0.0000	0.0000	0.0000	0.0000	0.0000	0.0000	0.0000	0.0000	0.0000	0.0000	0.0000	0.0000	0.0000	0.0000	0.0000	0.0000	0.0000	0.0000	0.0000	0.0000	0.0000	0.0000	0.0000	0.0000	0.0000	0.0000	0.0000	0.0000	0.0000	0.0000	0.0000	0.0000	0.0000	0.0000	0.0000	0.0000	0.0000	0.0000											
74	78	0.1436	4	0	2	0	1	0	0	0	0	N	Y	N	N	N	N	N	N	N	N	N	N	0.0000	0.0000	0.0000	0.0000	0.0000	0.0000	0.0000	0.0000	0.0000	0.0000	0.0000	0.0000	0.0000	0.0000	0.0000	0.0000	0.0000	0.0000	0.0000	0.0000	0.0000	0.0000	0.0000	0.0000	0.0000	0.0000	0.0000	0.0000	0.0000	0.0000	0.0000	0.0000	0.0000	0.0000	0.0000	0.0000	0.0000	0.0000	0.0000	0.0000	0.0000	0.0000	0.0000	0.0000	0.0000	0.0000	0.0000	0.0000	0.0000	0.0000	0.0000	0.0000	0.0000	0.0000	0.0000	0.0000	0.0000	0.0000	0.0000	0.0000	0.0000	0.0000	0.0000	0.0000	0.0000	0.0000	0.0000	0.0000	0.0000	0.0000	0.0000	0.0000	0.0000	0.0000	0.0000	0.0000	0.0000	0.0000											
74	79	0.1353	3	0	2	0	1	0	0	0	0	N	Y	N	N	N	N	N	N	N	N	N	N	0.0000	0.0000	0.0000	0.0000	0.0000	0.0000	0.0000	0.0000	0.0000	0.0000	0.0000	0.0000	0.0000	0.0000	0.0000	0.0000	0.0000	0.0000	0.0000	0.0000	0.0000	0.0000	0.0000	1.0000	0.0000	0.0000	0.0000	0.0000	0.0000	0.0000	0.0000	0.0000	0.0000	0.0000	0.0000	0.0000	0.0000	0.0000	0.0000	0.0000	0.0000	0.0000	0.0000	0.0000	0.0000	0.0000	0.0000	0.0000	0.0000	0.0000	0.0000	0.0000	0.0000	0.0000	0.0000	0.0000	0.0000	0.0000	0.0000	0.0000	0.0000	0.0000	0.0000	0.0000	0.0000	0.0000	0.0000	0.0000	0.0000	0.0000	0.0000	0.0000	0.0000	0.0000	0.0000	0.0000	0.0000	0.0000											
74	80	0.1178	4	0	2	0	0	0	0	0	0	N	Y	N	N	N	N	N	N	N	N	N	N	0.0000	0.0000	0.0000	0.0000	0.0000	0.0000	0.0000	0.0000	0.0000	0.0000	0.0000	0.0000	0.0000	0.0000	0.0000	0.0000	0.0000	0.0000	0.0000	0.0000	0.0000	3.9927	0.0000	1.0002	0.0000	0.0000	0.0000	0.0000	0.0000	0.0000	0.0000	0.0000	0.0000	0.0000	0.0000	0.0000	0.0000	0.0000	0.0000	0.0000	0.0000	0.0000	0.0000	0.0000	0.0000	0.0000	0.0000	0.0000	0.0000	0.0000	0.0000	0.0000	0.0000	0.0000	0.0000	0.0000	0.0000	0.0000	0.0000	0.0000	0.0000	0.0000	0.0000	0.0000	0.0000	0.0000	0.0000	0.0000	0.0000	0.0000	0.0000	0.0000	0.0000	0.0000	0.0000	0.0000	0.0000	0.0000											
74	81	0.1131	3	0	2	0	0	0	0	0	0	N	Y	N	N	N	N	N	N	N	N	N	N	0.0000	0.0000	0.0000	0.0000	0.0000	0.0000	0.0000	0.0000	0.0000	0.0000	0.0000	0.0000	0.0000	0.0000	0.0000	0.0000	0.0000	0.0000	0.0000	0.0000	0.0000	0.0110	0.0000	0.6549	0.0000	0.0000	0.0000	0.0000	0.0000	0.0000	0.0000	0.0000	0.0000	0.0000	0.0000	0.0000	0.0000	0.0000	0.0000	0.0000	0.0000	0.0000	0.0000	0.0000	0.0000	0.0000	0.0000	0.0000	0.0000	0.0000	0.0000	0.0000	0.0000	0.0000	0.0000	0.0000	0.0000	0.0000	0.0000	0.0000	0.0000	0.0000	0.0000	0.0000	0.0000	0.0000	0.0000	0.0000	0.0000	0.0000	0.0000	0.0000	0.0000	0.0000	0.0000	0.0000	0.0000	0.0000											
74	82	0.1353	3	0	1	1	1	0	0	0	0	N	N	N	N	N	N	N	N	N	N	N	N	0.0000	0.0000	0.0000	0.0000	0.0000	0.0000	0.0000	0.0000	0.0000	0.0000	0.0000	0.0000	0.0000	0.0000	0.0000	0.0000	0.0000	0.0000	0.0000	0.0000	0.0000	1.0000	0.0000	0.0000	0.0000	0.0000	0.0000	0.0000	0.0000	0.0000	0.0000	0.0000	0.0000	0.0000	0.0000	0.0000	0.0000	0.0000	0.0000	0.0000	0.0000	0.0000	0.0000	0.0000	0.0000	0.0000	0.0000	0.0000	0.0000	0.0000	0.0000	0.0000	0.0000	0.0000	0.0000	0.0000	0.0000	0.0000	0.0000	0.0000	0.0000	0.0000	0.0000	0.0000	0.0000	0.0000	0.0000	0.0000	0.0000	0.0000	0.0000	0.0000	0.0000	0.0000	0.0000	0.0000	0.0000	0.0000											
74	83	0.1353	3	0	1	1	1	0	0	0	0	N	N	N	N	N	N	N	N	N	N	N	N	0.0000	0.0000	0.0000	0.0000	0.0000	0.0000	0.0000	0.0000	0.0000	0.0000	0.0000	0.0000	0.0000	0.0000	0.0000	0.0000	0.0000	0.0000	0.0000	0.0000	0.0000	0.0000	0.0000	0.0000	0.0000	0.0000	0.0000	0.0000	0.0000	0.0000	0.0000	0.0000	0.0000	0.0000	0.0000	0.0000	0.0000	0.0000	0.0000	0.0000	0.0000	0.0000	0.0000	0.0000	0.0000	0.0000	0.0000	0.0000	0.0000	0.0000	0.0000	0.0000	0.0000	0.0000	0.0000	0.0000	0.0000	0.0000	0.0000	0.0000	0.0000	0.0000	0.0000	0.0000	0.0000	0.0000	0.0000	0.0000	0.0000	0.0000	0.0000	0.0000	0.0000	0.0000	0.0000	0.0000	0.0000	0.0000											
74	84	0.0587	2	0	1	0	1	0	0	0	0	N	N	N	N	N	N	N	N	N	N	N	N	0.0000	0.0000	0.0000	0.0000	0.0000	0.0000	0.0000	0.0000	0.0000	0.0000	0.0000	0.0000	0.0000	0.0000	0.0000	0.0000	0.0000	0.0000	0.0000	0.0000	0.0000	3.0000	0.0000	5.9994	0.0000	0.0000	0.0000	0.0000	0.0000	0.0000	0.0000	0.0000	0.0000	0.0000	0.0000	0.0000	0.0000	0.0000	0.0000	0.0000	0.0000	0.0000	0.0000	0.0000	0.0000	0.0000	0.0000	0.0000	0.0000	0.0000	0.0000	0.0000	0.0000	0.0000	0.0000	0.0000	0.0000	0.0000	0.0000	0.0000	0.0000	0.0000	0.0000	0.0000	0.0000	0.0000	0.0000	0.0000	0.0000	0.0000	0.0000	0.0000	0.0000	0.0000	0.0000	0.0000	0.0000	0.0000											
74	85	0.1963	3	1	2	0	0	0	0	0	0	N	Y	N	N	N	N	N	N	N	N	N	N	0.0000	0.0000	0.0000	0.0000	0.0000	0.0000	0.0000	0.0000	0.0000	0.0000	0.0000	0.0000	0.0000	0.0000	0.0000	0.0000	0.0000	0.0000	0.0000	0.0000	0.0000	0.0000	0.0000	0.0000	0.0000	0.0000	0.0000	0.0000	0.0000	0.0000	0.0000	0.0000	0.0000	0.0000	0.0000	0.0000	0.0000	0.0000	0.0000	0.0000	0.0000	0.0000	0.0000	0.0000	0.0000	0.0000	0.0000	0.0000	0.0000	0.0000	0.0000	0.0000	0.0000	0.0000	0.0000	0.0000	0.0000	0.0000	0.0000	0.0000	0.0000	0.0000	0.0000	0.0000	0.0000	0.0000	0.0000	0.0000	0.0000	0.0000	0.0000	0.0000	0.0000	0.0000	0.0000	0.0000	0.0000	0.0000											
74	86	0.0587	2	1	2	0	0	0	0	0	0	N	Y	N	N	N	N	N	N	N	N	N	N	0.0000	0.0000	0.0000	0.0000	0.0000	0.0000	0.0000	0.0000	0.0000	0.0000	0.0000	0.0000	0.0000	0.0000	0.0000	0.0000	0.0000	0.0000	0.0000	0.0000	0.0000	5.0000	0.0000	7.0006	0.0000	0.0000	0.0000	0.0000	0.0000	0.0000	0.0000	0.0000	0.0000	0.0000	0.0000	0.0000	0.0000	0.0000	0.0000	0.0000	0.0000	0.0000	0.0000	0.0000	0.0000	0.0000	0.0000	0.0000	0.0000	0.0000	0.0000	0.0000	0.0000	0.0000	0.0000	0.0000	0.0000	0.0000	0.0000	0.0000	0.0000	0.0000	0.0000	0.0000	0.0000	0.0000	0.0000	0.0000	0.0000	0.0000	0.0000	0.0000	0.0000	0.0000	0.0000	0.0000	0.0000	0.0000											
74	87	0.0587	2	0	2	0	0	0	0	0	0	N	Y	N	N	N	N	N	N	N	N	N	N	0.0000	0.0000	0.0000	0.0000	0.0000	0.0000	0.0000	0.0000	0.0000	0.0000	0.0000	0.0000	0.0000	0.0000	0.0000	0.0000	0.0000	0.0000	0.0000	0.0000	0.0000	1.0000	0.0000	3.0006	0.0000	0.0000	0.0000	0.0000	0.0000	0.0000	0.0000	0.0000	0.0000	0.0000	0.0000	0.0000	0.0000	0.0000	0.0000	0.0000	0.0000	0.0000	0.0000	0.0000	0.0000	0.0000	0.0000	0.0000	0.0000	0.0000	0.0000	0.0000	0.0000	0.0000	0.0000	0.0000	0.0000	0.0000	0.0000	0.0000	0.0000	0.0000	0.0000	0.0000	0.0000	0.0000	0.0000	0.0000	0.0000	0.0000	0.0000	0.0000	0.0000	0.0000	0.0000	0.0000	0.0000	0.0000											
74	88	0.1131	3	1	2	0	0	0	0	0	0	N	Y	N	N	N	N	N	N	N	N	N	N	0.0000	0.0000	0.0000	0.0000	0.0000	0.0000	0.0000	0.0000	0.0000	0.0000	0.0000	0.0000	0.0000	0.0000	0.0000	0.0000	0.0000	0.0000	0.0000	0.0000	0.0000	0.0000	0.0000	0.0000	0.0000	0.0000	0.0000	0.0000	0.0000	0.0000	0.0000	0.0000	0.0000	0.0000	0.0000	0.0000	0.0000	0.0000	0.0000	0.0000	0.0000	0.0000	0.0000	0.0000	0.0000	0.0000	0.0000	0.0000	0.0000	0.0000	0.0000	0.0000	0.0000	0.0000	0.0000	0.0000	0.0000	0.0000	0.0000	0.0000	0.0000	0.0000	0.0000	0.0000	0.0000	0.0000	0.0000	0.0000	0.0000	0.0000	0.0000	0.0000	0.0000	0.0000	0.0000	0.0000	0.0000	0.0000											
74	89	0.0587	2	0	2	0	0	0	0	0	0	N	Y	N	N	N	N	N	N	N	N	N	N	0.0000	0.0000	0.0000	0.0000	0.0000	0.0000	0.0000	0.0000	0.0000	0.0000	0.0000	0.0000	0.0000	0.0000	0.0000	0.0000	0.0000	0.0000	0.0000	0.0000	0.0000	4.0000	0.0000	4.0001	0.0000	0.0000	0.0000	0.0000	0.0000	0.0000	0.0000	0.0000	0.0000	0.0000	0.0000	0.0000	0.0000	0.0000	0.0000	0.0000	0.0000	0.0000	0.0000	0.0000	0.0000	0.0000	0.0000	0.0000	0.0000	0.0000	0.0000	0.0000	0.0000	0.0000	0.0000	0.0000	0.0000	0.0000	0.0000	0.0000	0.0000	0.0000	0.0000	0.0000	0.0000	0.0000	0.0000	0.0000	0.0000	0.0000	0.0000	0.0000	0.0000	0.0000	0.0000	0.0000	0.0000	0.0000											
74	91	0.2043	4	0	1	0	0	0	0	0	0	N	N	N	N	N	N	N	N	N	N	N	N	0.0000	0.0000	0.0000	0.0000	0.0000	0.0000	0.0000	0.0000	0.0000	0.0000	0.0000	0.0000	0.0000	0.0000	0.0000	0.0000	0.0000	0.0000	0.0000	0.0000	0.0000	11.5137	0.0000	4.9035	0.0000	0.0000	0.0000	0.0000	0.0000	0.0000	0.0000	0.0000	0.0000	0.0000	0.0000	0.0000	0.0000	0.0000	0.0000	0.0000	0.0000	0.0000	0.0000	0.0000	0.0000	0.0000	0.0000	0.0000	0.0000	0.0000	0.0000	0.0000	0.0000	0.0000	0.0000	0.0000	0.0000	0.0000	0.0000	0.0000	0.0000	0.0000	0.0000	0.0000	0.0000	0.0000	0.0000	0.0000	0.0000	0.0000	0.0000	0.0000	0.0000	0.0000	0.0000	0.0000	0.0000	0.0000											
75	76	0.1261	4	1	2	0	1	0	0	0	0	N	Y	N	N	N	N	N	N	N	N	N	N	0.0000	0.0000	0.0000	0.0000	0.0000	0.0000	0.0000	0.0000	0.0000	0.0000	0.0000	0.0000	0.0000	0.0000	0.0000	0.0000	0.0000	0.0000	0.0000	0.0000	4.3567	0.0000	2.3689	0.0000	0.0000	0.0000	0.0000	0.0000	0.0000	0.0000	0.0000	0.0000	0.0000	0.0000	0.0000	0.0000	0.0000	0.0000	0.0000	0.0000	0.0000	0.0000	0.0000	0.0000	0.0000	0.0000	0.0000	0.0000	0.0000	0.0000	0.0000	0.0000	0.0000	0.0000	0.0000	0.0000	0.0000	0.0000	0.0000	0.0000	0.0000	0.0000	0.0000	0.0000	0.0000	0.0000	0.0000	0.0000	0.0000	0.0000	0.0000	0.0000	0.0000	0.0000	0.0000	0.0000	0.0000	0.0000											
75	77	0.1178	3	1	2	0	1	0	0	0	0	N	Y	N	N	N	N	N	N	N	N	N	N	0.2795	69.9028	0.5990	2.1953	2.3723	0.1004	inf	0.6325	0.0008	0.0005	0.0027	0.0000	0.0000	0.0000	0.0009	0.0005	0.0029	0.0029	0.0000	0.0046	0.0000	0.0000	0.0000	0.0088	0.0000	0.0046	0.9910	1161.6661	0.0000	0.0000	4.3567	1.0073	2.3689	0.3366	0.0001	0.0001	0.0000	0.0000	0.0000	0.0000	0.0001	0.0000	0.0000	0.0001	0.0000	0.0001	0.0000	0.0000	0.0000	0.0001	0.0000	0.0001	0.1230	0.1049	0.0182	0.0102	0.0091	0.0011	0.1128	0.0957	0.0171	0.0485	0.0177	0.0308	0.0060	0.0058	0.0002	0.0425	0.0119	0.0306	0.2795	69.9028	0.5990	2.1953	2.3723	0.0000	0.2661	inf	0.6325	0.0029	0.0000	0.0046	0.0000	0.0000	0.0000	0.0033	0.0000	0.0046	
75	78	0.1436	3	0	2	0	1	0	0	0	0	N	Y	N	N	N	N	N	N	N	N	N	N	0.0000	0.0000	0.0000	0.0000	0.0000	0.0000	0.0000	0.0000	0.0000	0.0000	0.0000	0.0000	0.0000	0.0000	0.0000	0.0000	0.0000	0.0000	0.0000	0.0000	4.3567	0.0000	2.3689	0.0000	0.0000	0.0000	0.0000	0.0000	0.0000	0.0000	0.0000	0.0000	0.0000	0.0000	0.0000	0.0000	0.0000	0.0000	0.0000	0.0000	0.0000	0.0000	0.0000	0.0000	0.0000	0.0000	0.0000	0.0000	0.0000	0.0000	0.0000	0.0000	0.0000	0.0000	0.0000	0.0000	0.0000	0.0000	0.0000	0.0000	0.0000	0.0000	0.0000	0.0000	0.0000	0.0000	0.0000	0.0000	0.0000	0.0000	0.0000	0.0000	0.0000	0.0000	0.0000	0.0000	0.0000	0.0000											
75	79	0.1353	2	0	2	0	1	0	0	0	0	N	Y	N	N	N	N	N	N	N	N	N	N	0.0000	0.0000	0.0000	0.0000	0.0000	0.0000	0.0000	0.0000	0.0000	0.0000	0.0000	0.0000	0.0000	0.0000	0.0000	0.0000	0.0000	0.0000	0.0000	0.0000	4.3567	0.0000	2.3689	1.0000	0.0000	0.0000	0.0000	0.0000	0.0000	0.0000	0.0000	0.0000	0.0000	0.0000	0.0000	0.0000	0.0000	0.0000	0.0000	0.0000	0.0000	0.0000	0.0000	0.0000	0.0000	0.0000	0.0000	0.0000	0.0000	0.0000	0.0000	0.0465	0.0143	0.0322	0.0160	0.0055	0.0105	0.0305	0.0089	0.0216	0.0000	0.0000	0.0000	0.0000	0.0000	0.0000	0.0000	0.0000	0.0000	0.0000	0.0000	0.0000	0.0000	0.0000	0.0000	0.0000	0.0000	0.0000											
75	80	0.1178	3	0	2	0	0	0	0	0	0	N	Y	N	N	N	N	N	N	N	N	N	N	159.1572	47.3971	inf	0.4773	0.5087	inf	inf	inf	0.0002	0.0001	0.0003	0.0000	0.0000	0.0000	0.0002	0.0001	0.0003	0.0000	0.0000	0.0000	0.0000	0.0000	0.0000	0.0000	0.0000	0.0000	0.3971	0.0000	-0.0000	-0.0000	4.3567	3.9927	2.3689	1.0002	0.0001	0.0000	0.0000	0.0000	0.0000	0.0000	0.0001	0.0000	0.0000	0.0000	0.0000	0.0000	0.0000	0.0000	0.0000	0.0000	0.0000	0.0000	0.4514	0.3869	0.0644	0.0377	0.0337	0.0040	0.4136	0.3532	0.0604	0.1540	0.0549	0.0991	0.0147	0.0140	0.0007	0.1393	0.0409	0.0984	159.1572	47.3971	inf	0.4773	0.5087	0.0000	inf	inf	inf	0.0000	0.0000	0.0000	0.0000	0.0000	0.0000	0.0000	0.0000	0.0000	
75	81	0.1131	2	0	2	0	0	0	0	0	0	N	Y	N	N	N	N	N	N	N	N	N	N	0.0377	214.8128	0.0701	0.0242	0.1815	0.0740	0.0005	0.0003	0.0013	0.0000	0.0000	0.0000	0.0005	0.0003	0.0014	0.0124	0.0000	0.0190	0.0000	0.0000	0.0000	0.0209	0.0019	0.0192	0.7501	24128.2193	0.0000	0.0001	4.3567	0.0110	2.3689	0.6549	0.0000	0.0000	0.0000	0.0000	0.0000	0.0000	0.0000	0.0000	0.0000	0.0003	0.0000	0.0003	0.0000	0.0000	0.0000	0.0003	0.0000	0.0003	0.0014	0.0012	0.0002	0.0001	0.0001	0.0000	0.0013	0.0011	0.0002	0.0223	0.0078	0.0144	0.0019	0.0018	0.0001	0.0203	0.0060	0.0143	0.0377	214.8128	0.0701	0.0000	0.0000	0.0000	0.0374	179.2768	0.0740	0.0124	0.0000	0.0190	0.0000	0.0000	0.0000	0.0135	0.0000	0.0192			
75	82	0.1353	2	0	1	1	1	0	0	0	0	N	N	N	N	N	N	N	N	N	N	N	N	0.0000	0.0000	0.0000	0.0000	0.0000	0.0000	0.0000	0.0000	0.0000	0.0000	0.0000	0.0000	0.0000	0.0000	0.0000	0.0000	0.0000	0.0000	0.0000	0.0000	4.3567	1.0000	2.3689	0.0000	0.0000	0.0000	0.0000	0.0000	0.0000	0.0000	0.0000	0.0000	0.0000	0.0000	0.0000	0.0000	0.0000	0.0000	0.0000	0.0000	0.0000	0.0000	0.1217	0.1036	0.0181	0.0040	0.0034	0.0006	0.1177	0.1002	0.0176	0.0465	0.0143	0.0322	0.0160	0.0055	0.0105	0.0305	0.0089	0.0216	0.0000	0.0000	0.0000	0.0000	0.0000	0.0000	0.0000	0.0000	0.0000	0.0000	0.0000	0.0000	0.0000	0.0000	0.0000	0.0000	0.0000	0.0000											
75	83	0.1353	2	0	1	1	1	0	0	0	0	N	N	N	N	N	N	N	N	N	N	N	N	0.0000	0.0000	0.0000	0.0000	0.0000	0.0000	0.0000	0.0000	0.0000	0.0000	0.0000	0.0000	0.0000	0.0000	0.0000	0.0000	0.0000	0.0000	0.0000	0.0000	4.3567	0.0000	2.3689	0.0000	0.0000	0.0000	0.0000	0.0000	0.0000	0.0000	0.0000	0.0000	0.0000	0.0000	0.0000	0.0000	0.0000	0.0000	0.0000	0.0000	0.0000	0.0000	0.0000	0.0000	0.0000	0.0000	0.0000	0.0000	0.0000	0.0000	0.0000	0.0000	0.0000	0.0000	0.0000	0.0000	0.0000	0.0000	0.0000	0.0000	0.0000	0.0000	0.0000	0.0000	0.0000	0.0000	0.0000	0.0000	0.0000	0.0000	0.0000	0.0000	0.0000	0.0000	0.0000	0.0000	0.0000	0.0000											
75	85	0.1963	2	1	2	0	0	0	0	0	0	N	Y	N	N	N	N	N	N	N	N	N	N	0.0000	0.0000	0.0000	0.0000	0.0000	0.0000	0.0000	0.0000	0.0000	0.0000	0.0000	0.0000	0.0000	0.0000	0.0000	0.0000	0.0000	0.0000	0.0000	0.0000	4.3567	0.0000	2.3689	0.0000	0.0000	0.0000	0.0000	0.0000	0.0000	0.0000	0.0000	0.0000	0.0000	0.0000	0.0000	0.0000	0.0000	0.0000	0.0000	0.0000	0.0000	0.0000	0.0000	0.0000	0.0000	0.0000	0.0000	0.0000	0.0000	0.0000	0.0000	0.0000	0.0000	0.0000	0.0000	0.0000	0.0000	0.0000	0.0000	0.0000	0.0000	0.0000	0.0000	0.0000	0.0000	0.0000	0.0000	0.0000	0.0000	0.0000	0.0000	0.0000	0.0000	0.0000	0.0000	0.0000	0.0000	0.0000											
75	88	0.1131	2	1	2	0	0	0	0	0	0	N	Y	N	N	N	N	N	N	N	N	N	N	0.0000	0.0000	0.0000	0.0000	0.0000	0.0000	0.0000	0.0000	0.0000	0.0000	0.0000	0.0000	0.0000	0.0000	0.0000	0.0000	0.0000	0.0000	0.0000	0.0000	4.3567	0.0000	2.3689	0.0000	0.0000	0.0000	0.0000	0.0000	0.0000	0.0000	0.0000	0.0000	0.0000	0.0000	0.0000	0.0000	0.0000	0.0000	0.0000	0.0000	0.0000	0.0000	0.0000	0.0000	0.0000	0.0000	0.0000	0.0000	0.0000	0.0000	0.0000	0.0000	0.0000	0.0000	0.0000	0.0000	0.0000	0.0000	0.0000	0.0000	0.0000	0.0000	0.0000	0.0000	0.0000	0.0000	0.0000	0.0000	0.0000	0.0000	0.0000	0.0000	0.0000	0.0000	0.0000	0.0000	0.0000	0.0000											
75	91	0.2043	3	0	1	0	0	0	0	0	0	N	N	N	N	N	N	N	N	N	N	N	N	0.2164	0.0375	0.0000	0.0124	0.0125	0.0000	0.3570	3.0627	0.0000	0.0431	0.0499	0.0000	0.0084	0.0088	0.0000	0.0482	0.0566	0.0000	0.1991	1.3289	0.1700	0.6755	0.7059	0.0220	0.1350	0.0185	0.1711	0.0000	1.4871	-0.0220	-0.0096	4.3567	11.5137	2.3689	4.9035	0.0571	0.0571	0.0000	0.0014	0.0014	0.0000	0.0556	0.0556	0.0000	0.1299	0.0522	0.0777	0.0523	0.0522	0.0001	0.0776	0.0000	0.0776	1.3247	1.1439	0.1807	0.1700	0.1614	0.0086	1.1547	0.9826	0.1721	0.6523	0.1954	0.4569	0.0774	0.0740	0.0034	0.5749	0.1215	0.4534	0.2164	0.1867	0.0000	0.0124	0.0125	0.0000	0.3570	350.7383	0.0000	0.1991	0.2672	0.1700	0.6755	0.7059	0.0220	0.1350	0.0002	0.1711
76	78	0.1522	6	1	2	0	2	0	0	0	0	N	Y	N	Y	N	N	N	N	N	N	N	N	0.0000	0.0000	0.0000	0.0000	0.0000	0.0000	0.0000	0.0000	0.0000	0.0000	0.0000	0.0000	0.0000	0.0000	0.0000	0.0000	0.0000	0.0000	0.0000	0.0000	0.0000	0.0000	0.0000	0.0000	0.0000	0.0000	0.0000	0.0000	0.0000	0.0000	0.0000	0.0000	0.0000	0.0000	0.0000	0.0000	0.0000	0.0000	0.0000	0.0000	0.0000	0.0000	0.0000	0.0000	0.0000	0.0000	0.0000	0.0000	0.0000	0.0000	0.0000	0.0000	0.0000	0.0000	0.0000	0.0000	0.0000	0.0000	0.0000	0.0000	0.0000	0.0000	0.0000	0.0000	0.0000	0.0000	0.0000	0.0000	0.0000	0.0000	0.0000	0.0000	0.0000	0.0000	0.0000	0.0000	0.0000	0.0000											
76	79	0.1440	5	1	2	0	2	0	0	0	0	N	Y	N	Y	N	N	N	N	N	N	N	N	0.0000	0.0000	0.0000	0.0000	0.0000	0.0000	0.0000	0.0000	0.0000	0.0000	0.0000	0.0000	0.0000	0.0000	0.0000	0.0000	0.0000	0.0000	0.0000	0.0000	0.0000	0.0000	0.0000	1.0000	0.0000	0.0000	0.0000	0.0000	0.0000	0.0000	0.0000	0.0000	0.0000	0.0000	0.0000	0.0000	0.0000	0.0000	0.0000	0.0000	0.0000	0.0000	0.0000	0.0000	0.0000	0.0000	0.0000	0.0000	0.0000	0.0000	0.0000	0.0000	0.0000	0.0000	0.0000	0.0000	0.0000	0.0000	0.0000	0.0000	0.0000	0.0000	0.0000	0.0000	0.0000	0.0000	0.0000	0.0000	0.0000	0.0000	0.0000	0.0000	0.0000	0.0000	0.0000	0.0000	0.0000	0.0000											
76	80	0.0083	2	1	2	0	1	0	0	0	0	N	Y	N	N	N	N	N	N	N	N	N	N	0.0000	0.0000	0.0000	0.0000	0.0000	0.0000	0.0000	0.0000	0.0000	0.0000	0.0000	0.0000	0.0000	0.0000	0.0000	0.0000	0.0000	0.0000	0.0000	0.0000	0.0000	3.9927	0.0000	1.0002	0.0000	0.0000	0.0000	0.0000	0.0000	0.0000	0.0000	0.0000	0.0000	0.0000	0.0000	0.0000	0.0000	0.0000	0.0000	0.0000	0.0000	0.0000	0.0000	0.0000	0.0000	0.0000	0.0000	0.0000	0.0000	0.0000	0.0000	0.0000	0.0000	0.0000	0.0000	0.0000	0.0000	0.0000	0.0000	0.0000	0.0000	0.0000	0.0000	0.0000	0.0000	0.0000	0.0000	0.0000	0.0000	0.0000	0.0000	0.0000	0.0000	0.0000	0.0000	0.0000	0.0000	0.0000											
76	82	0.1440	5	1	1	1	2	0	0	0	0	N	N	N	Y	N	N	N	N	N	N	N	N	0.0000	0.0000	0.0000	0.0000	0.0000	0.0000	0.0000	0.0000	0.0000	0.0000	0.0000	0.0000	0.0000	0.0000	0.0000	0.0000	0.0000	0.0000	0.0000	0.0000	0.0000	1.0000	0.0000	0.0000	0.0000	0.0000	0.0000	0.0000	0.0000	0.0000	0.0000	0.0000	0.0000	0.0000	0.0000	0.0000	0.0000	0.0000	0.0000	0.0000	0.0000	0.0000	0.0000	0.0000	0.0000	0.0000	0.0000	0.0000	0.0000	0.0000	0.0000	0.0000	0.0000	0.0000	0.0000	0.0000	0.0000	0.0000	0.0000	0.0000	0.0000	0.0000	0.0000	0.0000	0.0000	0.0000	0.0000	0.0000	0.0000	0.0000	0.0000	0.0000	0.0000	0.0000	0.0000	0.0000	0.0000	0.0000											
76	83	0.1440	5	1	1	1	2	0	0	0	0	N	N	N	Y	N	N	N	N	N	N	N	N	0.0000	0.0000	0.0000	0.0000	0.0000	0.0000	0.0000	0.0000	0.0000	0.0000	0.0000	0.0000	0.0000	0.0000	0.0000	0.0000	0.0000	0.0000	0.0000	0.0000	0.0000	0.0000	0.0000	0.0000	0.0000	0.0000	0.0000	0.0000	0.0000	0.0000	0.0000	0.0000	0.0000	0.0000	0.0000	0.0000	0.0000	0.0000	0.0000	0.0000	0.0000	0.0000	0.0000	0.0000	0.0000	0.0000	0.0000	0.0000	0.0000	0.0000	0.0000	0.0000	0.0000	0.0000	0.0000	0.0000	0.0000	0.0000	0.0000	0.0000	0.0000	0.0000	0.0000	0.0000	0.0000	0.0000	0.0000	0.0000	0.0000	0.0000	0.0000	0.0000	0.0000	0.0000	0.0000	0.0000	0.0000	0.0000											
76	84	0.0674	4	1	1	0	2	0	0	0	0	N	N	N	Y	N	N	N	N	N	N	N	N	0.0000	0.0000	0.0000	0.0000	0.0000	0.0000	0.0000	0.0000	0.0000	0.0000	0.0000	0.0000	0.0000	0.0000	0.0000	0.0000	0.0000	0.0000	0.0000	0.0000	0.0000	3.0000	0.0000	5.9994	0.0000	0.0000	0.0000	0.0000	0.0000	0.0000	0.0000	0.0000	0.0000	0.0000	0.0000	0.0000	0.0000	0.0000	0.0000	0.0000	0.0000	0.0000	0.0000	0.0000	0.0000	0.0000	0.0000	0.0000	0.0000	0.0000	0.0000	0.0000	0.0000	0.0000	0.0000	0.0000	0.0000	0.0000	0.0000	0.0000	0.0000	0.0000	0.0000	0.0000	0.0000	0.0000	0.0000	0.0000	0.0000	0.0000	0.0000	0.0000	0.0000	0.0000	0.0000	0.0000	0.0000	0.0000											
76	85	0.2050	5	2	2	0	1	0	0	0	0	Y	Y	N	N	N	N	N	N	N	N	N	N	0.0000	0.0000	0.0000	0.0000	0.0000	0.0000	0.0000	0.0000	0.0000	0.0000	0.0000	0.0000	0.0000	0.0000	0.0000	0.0000	0.0000	0.0000	0.0000	0.0000	0.0000	0.0000	0.0000	0.0000	0.0000	0.0000	0.0000	0.0000	0.0000	0.0000	0.0000	0.0000	0.0000	0.0000	0.0000	0.0000	0.0000	0.0000	0.0000	0.0000	0.0000	0.0000	0.0000	0.0000	0.0000	0.0000	0.0000	0.0000	0.0000	0.0000	0.0000	0.0000	0.0000	0.0000	0.0000	0.0000	0.0000	0.0000	0.0000	0.0000	0.0000	0.0000	0.0000	0.0000	0.0000	0.0000	0.0000	0.0000	0.0000	0.0000	0.0000	0.0000	0.0000	0.0000	0.0000	0.0000	0.0000	0.0000											
76	86	0.0674	4	2	2	0	1	0	0	0	0	Y	Y	N	N	N	N	N	N	N	N	N	N	0.0000	0.0000	0.0000	0.0000	0.0000	0.0000	0.0000	0.0000	0.0000	0.0000	0.0000	0.0000	0.0000	0.0000	0.0000	0.0000	0.0000	0.0000	0.0000	0.0000	0.0000	5.0000	0.0000	7.0006	0.0000	0.0000	0.0000	0.0000	0.0000	0.0000	0.0000	0.0000	0.0000	0.0000	0.0000	0.0000	0.0000	0.0000	0.0000	0.0000	0.0000	0.0000	0.0000	0.0000	0.0000	0.0000	0.0000	0.0000	0.0000	0.0000	0.0000	0.0000	0.0000	0.0000	0.0000	0.0000	0.0000	0.0000	0.0000	0.0000	0.0000	0.0000	0.0000	0.0000	0.0000	0.0000	0.0000	0.0000	0.0000	0.0000	0.0000	0.0000	0.0000	0.0000	0.0000	0.0000	0.0000	0.0000											
76	87	0.0674	4	1	2	0	1	0	0	0	0	N	Y	N	N	N	N	N	N	N	N	N	N	0.0000	0.0000	0.0000	0.0000	0.0000	0.0000	0.0000	0.0000	0.0000	0.0000	0.0000	0.0000	0.0000	0.0000	0.0000	0.0000	0.0000	0.0000	0.0000	0.0000	0.0000	1.0000	0.0000	3.0006	0.0000	0.0000	0.0000	0.0000	0.0000	0.0000	0.0000	0.0000	0.0000	0.0000	0.0000	0.0000	0.0000	0.0000	0.0000	0.0000	0.0000	0.0000	0.0000	0.0000	0.0000	0.0000	0.0000	0.0000	0.0000	0.0000	0.0000	0.0000	0.0000	0.0000	0.0000	0.0000	0.0000	0.0000	0.0000	0.0000	0.0000	0.0000	0.0000	0.0000	0.0000	0.0000	0.0000	0.0000	0.0000	0.0000	0.0000	0.0000	0.0000	0.0000	0.0000	0.0000	0.0000	0.0000											
76	88	0.0130	3	2	2	0	1	0	0	0	0	Y	Y	N	N	N	N	N	N	N	N	N	N	0.0000	0.0000	0.0000	0.0000	0.0000	0.0000	0.0000	0.0000	0.0000	0.0000	0.0000	0.0000	0.0000	0.0000	0.0000	0.0000	0.0000	0.0000	0.0000	0.0000	0.0000	0.0000	0.0000	0.0000	0.0000	0.0000	0.0000	0.0000	0.0000	0.0000	0.0000	0.0000	0.0000	0.0000	0.0000	0.0000	0.0000	0.0000	0.0000	0.0000	0.0000	0.0000	0.0000	0.0000	0.0000	0.0000	0.0000	0.0000	0.0000	0.0000	0.0000	0.0000	0.0000	0.0000	0.0000	0.0000	0.0000	0.0000	0.0000	0.0000	0.0000	0.0000	0.0000	0.0000	0.0000	0.0000	0.0000	0.0000	0.0000	0.0000	0.0000	0.0000	0.0000	0.0000	0.0000	0.0000	0.0000	0.0000											
76	91	0.2129	6	1	1	0	1	0	0	0	0	N	N	N	N	N	N	N	N	N	N	N	N	0.0000	0.0000	0.0000	0.0000	0.0000	0.0000	0.0000	0.0000	0.0000	0.0000	0.0000	0.0000	0.0000	0.0000	0.0000	0.0000	0.0000	0.0000	0.0000	0.0000	0.0000	11.5137	0.0000	4.9035	0.0000	0.0000	0.0000	0.0000	0.0000	0.0000	0.0000	0.0000	0.0000	0.0000	0.0000	0.0000	0.0000	0.0000	0.0000	0.0000	0.0000	0.0000	0.0000	0.0000	0.0000	0.0000	0.0000	0.0000	0.0000	0.0000	0.0000	0.0000	0.0000	0.0000	0.0000	0.0000	0.0000	0.0000	0.0000	0.0000	0.0000	0.0000	0.0000	0.0000	0.0000	0.0000	0.0000	0.0000	0.0000	0.0000	0.0000	0.0000	0.0000	0.0000	0.0000	0.0000	0.0000	0.0000											
77	78	0.1522	5	1	2	0	2	0	0	0	0	N	Y	N	Y	N	N	N	N	N	N	N	N	0.0000	0.0000	0.0000	0.0000	0.0000	0.0000	0.0000	0.0000	0.0000	0.0000	0.0000	0.0000	0.0000	0.0000	0.0000	0.0000	0.0000	0.0000	0.0000	0.0000	1.0073	0.0000	0.3366	0.0000	0.0000	0.0000	0.0000	0.0000	0.0000	0.0000	0.0000	0.0000	0.0000	0.0000	0.0000	0.0000	0.0000	0.0000	0.0000	0.0000	0.0000	0.0000	0.0000	0.0000	0.0000	0.0000	0.0000	0.0000	0.0000	0.0000	0.0000	0.0000	0.0000	0.0000	0.0000	0.0000	0.0000	0.0000	0.0000	0.0000	0.0000	0.0000	0.0000	0.0000	0.0000	0.0000	0.0000	0.0000	0.0000	0.0000	0.0000	0.0000	0.0000	0.0000	0.0000	0.0000	0.0000	0.0000											
77	79	0.1440	4	1	2	0	2	0	0	0	0	N	Y	N	Y	N	N	N	N	N	N	N	N	0.0000	0.0000	0.0000	0.0000	0.0000	0.0000	0.0000	0.0000	0.0000	0.0000	0.0000	0.0000	0.0000	0.0000	0.0000	0.0000	0.0000	0.0000	0.0000	0.0000	1.0073	0.0000	0.3366	1.0000	0.0000	0.0000	0.0000	0.0000	0.0000	0.0000	0.0000	0.0000	0.0000	0.0000	0.0000	0.0000	0.0000	0.0000	0.0000	0.0000	0.0000	0.0000	0.0000	0.0000	0.0000	0.0000	0.0000	0.0000	0.0000	0.0000	0.0000	0.0078	0.0024	0.0054	0.0004	0.0004	0.0000	0.0074	0.0021	0.0054	0.0000	0.0000	0.0000	0.0000	0.0000	0.0000	0.0000	0.0000	0.0000	0.0000	0.0000	0.0000	0.0000	0.0000	0.0000	0.0000	0.0000	0.0000											
77	82	0.1440	4	1	1	1	2	0	0	0	0	N	N	N	Y	N	N	N	N	N	N	N	N	0.0000	0.0000	0.0000	0.0000	0.0000	0.0000	0.0000	0.0000	0.0000	0.0000	0.0000	0.0000	0.0000	0.0000	0.0000	0.0000	0.0000	0.0000	0.0000	0.0000	1.0073	1.0000	0.3366	0.0000	0.0000	0.0000	0.0000	0.0000	0.0000	0.0000	0.0000	0.0000	0.0000	0.0000	0.0000	0.0000	0.0000	0.0000	0.0000	0.0000	0.0000	0.0000	0.0302	0.0255	0.0046	0.0015	0.0014	0.0001	0.0286	0.0241	0.0045	0.0078	0.0024	0.0054	0.0004	0.0004	0.0000	0.0074	0.0021	0.0054	0.0000	0.0000	0.0000	0.0000	0.0000	0.0000	0.0000	0.0000	0.0000	0.0000	0.0000	0.0000	0.0000	0.0000	0.0000	0.0000	0.0000	0.0000											
77	83	0.1440	4	1	1	1	2	0	0	0	0	N	N	N	Y	N	N	N	N	N	N	N	N	0.0000	0.0000	0.0000	0.0000	0.0000	0.0000	0.0000	0.0000	0.0000	0.0000	0.0000	0.0000	0.0000	0.0000	0.0000	0.0000	0.0000	0.0000	0.0000	0.0000	1.0073	0.0000	0.3366	0.0000	0.0000	0.0000	0.0000	0.0000	0.0000	0.0000	0.0000	0.0000	0.0000	0.0000	0.0000	0.0000	0.0000	0.0000	0.0000	0.0000	0.0000	0.0000	0.0000	0.0000	0.0000	0.0000	0.0000	0.0000	0.0000	0.0000	0.0000	0.0000	0.0000	0.0000	0.0000	0.0000	0.0000	0.0000	0.0000	0.0000	0.0000	0.0000	0.0000	0.0000	0.0000	0.0000	0.0000	0.0000	0.0000	0.0000	0.0000	0.0000	0.0000	0.0000	0.0000	0.0000	0.0000	0.0000											
77	84	0.0674	3	1	1	0	2	0	0	0	0	N	N	N	Y	N	N	N	N	N	N	N	N	0.0000	0.0000	0.0000	0.0000	0.0000	0.0000	0.0000	0.0000	0.0000	0.0000	0.0000	0.0000	0.0000	0.0006	0.0000	0.0010	0.0000	0.0000	0.0000	0.0007	0.0000	0.0010	inf	0.0000	0.0000	1.0073	3.0000	0.3366	5.9994	0.0000	0.0000	0.0000	0.0000	0.0000	0.0000	0.0000	0.0000	0.0000	0.0000	0.0000	0.0000	0.0000	0.0000	0.0000	0.0000	0.0000	0.0000	0.0877	0.0745	0.0132	0.0073	0.0065	0.0008	0.0804	0.0680	0.0124	0.0616	0.0226	0.0391	0.0076	0.0074	0.0003	0.0540	0.0152	0.0388	0.0000	0.0000	0.0000	0.0000	0.0000	0.0000	0.0000	0.0000	0.0000	0.0006	0.0000	0.0010	0.0000	0.0000	0.0000	0.0007	0.0000	0.0010						
77	85	0.2050	4	2	2	0	1	0	0	0	0	Y	Y	N	N	N	N	N	N	N	N	N	N	0.0000	0.0000	0.0000	0.0000	0.0000	0.0000	0.0000	0.0000	0.0000	0.0000	0.0000	0.0000	0.0000	0.0000	0.0000	0.0000	0.0000	0.0000	0.0000	0.0000	1.0073	0.0000	0.3366	0.0000	0.0000	0.0000	0.0000	0.0000	0.0000	0.0000	0.0000	0.0000	0.0000	0.0000	0.0000	0.0000	0.0000	0.0000	0.0000	0.0000	0.0000	0.0000	0.0000	0.0000	0.0000	0.0000	0.0000	0.0000	0.0000	0.0000	0.0000	0.0000	0.0000	0.0000	0.0000	0.0000	0.0000	0.0000	0.0000	0.0000	0.0000	0.0000	0.0000	0.0000	0.0000	0.0000	0.0000	0.0000	0.0000	0.0000	0.0000	0.0000	0.0000	0.0000	0.0000	0.0000	0.0000	0.0000											
77	86	0.0674	3	2	2	0	1	0	0	0	0	Y	Y	N	N	N	N	N	N	N	N	N	N	11066.2947	23822.1585	0.0000	0.0000	0.0000	13211.4021	inf	0.0000	7.1834	8.4154	0.0000	0.0000	0.0000	0.0000	7.8337	9.2186	0.0000	0.0006	0.0004	0.0008	0.0010	0.0011	0.0000	0.0006	0.0000	0.0008	0.0000	3.9999	-0.3848	0.0000	1.0073	5.0000	0.3366	7.0006	0.9982	0.9982	0.0000	0.0000	0.0000	0.0000	0.9982	0.9982	0.0000	0.0001	0.0000	0.0000	0.0000	0.0000	0.0000	0.0000	0.0000	0.0000	0.1390	0.1186	0.0203	0.0115	0.0103	0.0012	0.1274	0.1083	0.0191	0.0770	0.0283	0.0487	0.0096	0.0092	0.0003	0.0675	0.0191	0.0484	11066.2947	23822.1585	0.0000	0.0000	0.0000	0.0000	13211.4021	inf	0.0000	0.0006	0.0004	0.0008	0.0010	0.0011	0.0000	0.0006	0.0000	0.0008	
77	87	0.0674	3	1	2	0	1	0	0	0	0	N	Y	N	N	N	N	N	N	N	N	N	N	0.0000	0.0000	0.0000	0.0000	0.0000	0.0000	0.0000	0.0000	0.0000	0.0000	0.0000	0.0000	0.0000	0.0013	0.0000	0.0020	0.0000	0.0000	0.0000	0.0029	0.0000	0.0021	inf	0.0000	0.0000	1.0073	1.0000	0.3366	3.0006	0.0000	0.0000	0.0000	0.0000	0.0000	0.0000	0.0000	0.0000	0.0000	0.0000	0.0000	0.0000	0.0000	0.0000	0.0000	0.0000	0.0000	0.0000	0.0308	0.0261	0.0048	0.0026	0.0023	0.0003	0.0283	0.0238	0.0045	0.0307	0.0112	0.0195	0.0038	0.0037	0.0001	0.0269	0.0075	0.0194	0.0000	0.0000	0.0000	0.0000	0.0000	0.0000	0.0000	0.0000	0.0000	0.0013	0.0000	0.0020	0.0000	0.0000	0.0000	0.0015	0.0000	0.0021						
77	88	0.0130	2	2	2	0	1	0	0	0	0	Y	Y	N	N	N	N	N	N	N	N	N	N	0.0000	0.0000	0.0000	0.0000	0.0000	0.0000	0.0000	0.0000	0.0000	0.0000	0.0000	0.0000	0.0000	0.0000	0.0000	0.0000	0.0000	0.0000	0.0000	0.0000	1.0073	0.0000	0.3366	0.0000	0.0000	0.0000	0.0000	0.0000	0.0000	0.0000	0.0000	0.0000	0.0000	0.0000	0.0000	0.0000	0.0000	0.0000	0.0000	0.0000	0.0000	0.0000	0.0000	0.0000	0.0000	0.0000	0.0000	0.0000	0.0000	0.0000	0.0000	0.0000	0.0000	0.0000	0.0000	0.0000	0.0000	0.0000	0.0000	0.0000	0.0000	0.0000	0.0000	0.0000	0.0000	0.0000	0.0000	0.0000	0.0000	0.0000	0.0000	0.0000	0.0000	0.0000	0.0000	0.0000	0.0000	0.0000											
77	91	0.2129	5	1	1	0	1	0	0	0	0	N	N	N	N	N	N	N	N	N	N	N	N	0.0000	0.0000	0.0000	0.0000	0.0000	0.0000	0.0000	0.0000	0.0000	0.0000	0.0000	0.0000	0.0000	0.0000	0.0000	0.0000	0.0000	0.0004	0.0009	0.0001	0.0017	0.0018	0.0001	0.0001	0.0000	0.0001	0.1318	0.0000	-0.0000	1.0073	11.5137	0.3366	4.9035	0.0000	0.0000	0.0000	0.0000	0.0000	0.0000	0.0000	0.0000	0.0000	0.0000	0.0000	0.0000	0.0000	0.0000	0.0000	0.0000	0.0000	0.0000	0.3155	0.2759	0.0396	0.0642	0.0599	0.0044	0.2512	0.2160	0.0352	0.1092	0.0475	0.0617	0.0248	0.0236	0.0012	0.0844	0.0238	0.0606	0.0000	0.0000	0.0000	0.0000	0.0000	0.0000	0.0000	0.0000	0.0000	0.0004	0.0009	0.0001	0.0017	0.0018	0.0001	0.0001	0.0000	0.0001		
78	80	0.1439	5	0	2	0	1	0	0	0	0	N	Y	N	N	N	N	N	N	N	N	N	N	0.0000	0.0000	0.0000	0.0000	0.0000	0.0000	0.0000	0.0000	0.0000	0.0000	0.0000	0.0000	0.0000	0.0000	0.0000	0.0000	0.0000	0.0000	0.0000	0.0000	0.0000	3.9927	0.0000	1.0002	0.0000	0.0000	0.0000	0.0000	0.0000	0.0000	0.0000	0.0000	0.0000	0.0000	0.0000	0.0000	0.0000	0.0000	0.0000	0.0000	0.0000	0.0000	0.0000	0.0000	0.0000	0.0000	0.0000	0.0000	0.0000	0.0000	0.0000	0.0000	0.0000	0.0000	0.0000	0.0000	0.0000	0.0000	0.0000	0.0000	0.0000	0.0000	0.0000	0.0000	0.0000	0.0000	0.0000	0.0000	0.0000	0.0000	0.0000	0.0000	0.0000	0.0000	0.0000	0.0000	0.0000	0.0000											
78	81	0.1392	4	0	2	0	1	0	0	0	0	N	Y	N	N	N	N	N	N	N	N	N	N	0.0000	0.0000	0.0000	0.0000	0.0000	0.0000	0.0000	0.0000	0.0000	0.0000	0.0000	0.0000	0.0000	0.0000	0.0000	0.0000	0.0000	0.0000	0.0000	0.0000	0.0000	0.0110	0.0000	0.6549	0.0000	0.0000	0.0000	0.0000	0.0000	0.0000	0.0000	0.0000	0.0000	0.0000	0.0000	0.0000	0.0000	0.0000	0.0000	0.0000	0.0000	0.0000	0.0000	0.0000	0.0000	0.0000	0.0000	0.0000	0.0000	0.0000	0.0000	0.0000	0.0000	0.0000	0.0000	0.0000	0.0000	0.0000	0.0000	0.0000	0.0000	0.0000	0.0000	0.0000	0.0000	0.0000	0.0000	0.0000	0.0000	0.0000	0.0000	0.0000	0.0000	0.0000	0.0000	0.0000	0.0000	0.0000											
78	82	0.0082	2	0	1	1	2	0	0	0	0	N	N	N	Y	N	N	N	N	N	N	N	N	0.0000	0.0000	0.0000	0.0000	0.0000	0.0000	0.0000	0.0000	0.0000	0.0000	0.0000	0.0000	0.0000	0.0000	0.0000	0.0000	0.0000	0.0000	0.0000	0.0000	0.0000	1.0000	0.0000	0.0000	0.0000	0.0000	0.0000	0.0000	0.0000	0.0000	0.0000	0.0000	0.0000	0.0000	0.0000	0.0000	0.0000	0.0000	0.0000	0.0000	0.0000	0.0000	0.0000	0.0000	0.0000	0.0000	0.0000	0.0000	0.0000	0.0000	0.0000	0.0000	0.0000	0.0000	0.0000	0.0000	0.0000	0.0000	0.0000	0.0000	0.0000	0.0000	0.0000	0.0000	0.0000	0.0000	0.0000	0.0000	0.0000	0.0000	0.0000	0.0000	0.0000	0.0000	0.0000	0.0000	0.0000	0.0000											
78	83	0.0082	2	0	1	1	2	0	0	0	0	N	N	N	Y	N	N	N	N	N	N	N	N	0.0000	0.0000	0.0000	0.0000	0.0000	0.0000	0.0000	0.0000	0.0000	0.0000	0.0000	0.0000	0.0000	0.0000	0.0000	0.0000	0.0000	0.0000	0.0000	0.0000	0.0000	0.0000	0.0000	0.0000	0.0000	0.0000	0.0000	0.0000	0.0000	0.0000	0.0000	0.0000	0.0000	0.0000	0.0000	0.0000	0.0000	0.0000	0.0000	0.0000	0.0000	0.0000	0.0000	0.0000	0.0000	0.0000	0.0000	0.0000	0.0000	0.0000	0.0000	0.0000	0.0000	0.0000	0.0000	0.0000	0.0000	0.0000	0.0000	0.0000	0.0000	0.0000	0.0000	0.0000	0.0000	0.0000	0.0000	0.0000	0.0000	0.0000	0.0000	0.0000	0.0000	0.0000	0.0000	0.0000	0.0000	0.0000											
78	85	0.2224	4	1	2	0	1	0	0	0	0	N	Y	N	N	N	N	N	N	N	N	N	N	0.0000	0.0000	0.0000	0.0000	0.0000	0.0000	0.0000	0.0000	0.0000	0.0000	0.0000	0.0000	0.0000	0.0000	0.0000	0.0000	0.0000	0.0000	0.0000	0.0000	0.0000	0.0000	0.0000	0.0000	0.0000	0.0000	0.0000	0.0000	0.0000	0.0000	0.0000	0.0000	0.0000	0.0000	0.0000	0.0000	0.0000	0.0000	0.0000	0.0000	0.0000	0.0000	0.0000	0.0000	0.0000	0.0000	0.0000	0.0000	0.0000	0.0000	0.0000	0.0000	0.0000	0.0000	0.0000	0.0000	0.0000	0.0000	0.0000	0.0000	0.0000	0.0000	0.0000	0.0000	0.0000	0.0000	0.0000	0.0000	0.0000	0.0000	0.0000	0.0000	0.0000	0.0000	0.0000	0.0000	0.0000	0.0000											
78	86	0.0848	3	1	2	0	1	0	0	0	0	N	Y	N	N	N	N	N	N	N	N	N	N	0.0000	0.0000	0.0000	0.0000	0.0000	0.0000	0.0000	0.0000	0.0000	0.0000	0.0000	0.0000	0.0000	0.0000	0.0000	0.0000	0.0000	0.0000	0.0000	0.0000	0.0000	5.0000	0.0000	7.0006	0.0000	0.0000	0.0000	0.0000	0.0000	0.0000	0.0000	0.0000	0.0000	0.0000	0.0000	0.0000	0.0000	0.0000	0.0000	0.0000	0.0000	0.0000	0.0000	0.0000	0.0000	0.0000	0.0000	0.0000	0.0000	0.0000	0.0000	0.0000	0.0000	0.0000	0.0000	0.0000	0.0000	0.0000	0.0000	0.0000	0.0000	0.0000	0.0000	0.0000	0.0000	0.0000	0.0000	0.0000	0.0000	0.0000	0.0000	0.0000	0.0000	0.0000	0.0000	0.0000	0.0000	0.0000											
78	87	0.0848	3	0	2	0	1	0	0	0	0	N	Y	N	N	N	N	N	N	N	N	N	N	0.0000	0.0000	0.0000	0.0000	0.0000	0.0000	0.0000	0.0000	0.0000	0.0000	0.0000	0.0000	0.0000	0.0000	0.0000	0.0000	0.0000	0.0000	0.0000	0.0000	0.0000	1.0000	0.0000	3.0006	0.0000	0.0000	0.0000	0.0000	0.0000	0.0000	0.0000	0.0000	0.0000	0.0000	0.0000	0.0000	0.0000	0.0000	0.0000	0.0000	0.0000	0.0000	0.0000	0.0000	0.0000	0.0000	0.0000	0.0000	0.0000	0.0000	0.0000	0.0000	0.0000	0.0000	0.0000	0.0000	0.0000	0.0000	0.0000	0.0000	0.0000	0.0000	0.0000	0.0000	0.0000	0.0000	0.0000	0.0000	0.0000	0.0000	0.0000	0.0000	0.0000	0.0000	0.0000	0.0000	0.0000	0.0000											
78	88	0.1392	4	1	2	0	1	0	0	0	0	N	Y	N	N	N	N	N	N	N	N	N	N	0.0000	0.0000	0.0000	0.0000	0.0000	0.0000	0.0000	0.0000	0.0000	0.0000	0.0000	0.0000	0.0000	0.0000	0.0000	0.0000	0.0000	0.0000	0.0000	0.0000	0.0000	0.0000	0.0000	0.0000	0.0000	0.0000	0.0000	0.0000	0.0000	0.0000	0.0000	0.0000	0.0000	0.0000	0.0000	0.0000	0.0000	0.0000	0.0000	0.0000	0.0000	0.0000	0.0000	0.0000	0.0000	0.0000	0.0000	0.0000	0.0000	0.0000	0.0000	0.0000	0.0000	0.0000	0.0000	0.0000	0.0000	0.0000	0.0000	0.0000	0.0000	0.0000	0.0000	0.0000	0.0000	0.0000	0.0000	0.0000	0.0000	0.0000	0.0000	0.0000	0.0000	0.0000	0.0000	0.0000	0.0000	0.0000											
78	89	0.0848	3	0	2	0	1	0	0	0	0	N	Y	N	N	N	N	N	N	N	N	N	N	0.0000	0.0000	0.0000	0.0000	0.0000	0.0000	0.0000	0.0000	0.0000	0.0000	0.0000	0.0000	0.0000	0.0000	0.0000	0.0000	0.0000	0.0000	0.0000	0.0000	0.0000	4.0000	0.0000	4.0001	0.0000	0.0000	0.0000	0.0000	0.0000	0.0000	0.0000	0.0000	0.0000	0.0000	0.0000	0.0000	0.0000	0.0000	0.0000	0.0000	0.0000	0.0000	0.0000	0.0000	0.0000	0.0000	0.0000	0.0000	0.0000	0.0000	0.0000	0.0000	0.0000	0.0000	0.0000	0.0000	0.0000	0.0000	0.0000	0.0000	0.0000	0.0000	0.0000	0.0000	0.0000	0.0000	0.0000	0.0000	0.0000	0.0000	0.0000	0.0000	0.0000	0.0000	0.0000	0.0000	0.0000	0.0000											
78	91	0.2304	5	0	1	0	1	0	0	0	0	N	N	N	N	N	N	N	N	N	N	N	N	0.0000	0.0000	0.0000	0.0000	0.0000	0.0000	0.0000	0.0000	0.0000	0.0000	0.0000	0.0000	0.0000	0.0000	0.0000	0.0000	0.0000	0.0000	0.0000	0.0000	0.0000	11.5137	0.0000	4.9035	0.0000	0.0000	0.0000	0.0000	0.0000	0.0000	0.0000	0.0000	0.0000	0.0000	0.0000	0.0000	0.0000	0.0000	0.0000	0.0000	0.0000	0.0000	0.0000	0.0000	0.0000	0.0000	0.0000	0.0000	0.0000	0.0000	0.0000	0.0000	0.0000	0.0000	0.0000	0.0000	0.0000	0.0000	0.0000	0.0000	0.0000	0.0000	0.0000	0.0000	0.0000	0.0000	0.0000	0.0000	0.0000	0.0000	0.0000	0.0000	0.0000	0.0000	0.0000	0.0000	0.0000	0.0000											
79	80	0.1439	4	0	2	0	1	0	0	0	0	N	Y	N	N	N	N	N	N	N	N	N	N	0.0000	0.0000	0.0000	0.0000	0.0000	0.0000	0.0000	0.0000	0.0000	0.0000	0.0000	0.0000	0.0000	0.0000	0.0000	0.0000	0.0000	0.0000	0.0000	0.0000	0.0000	3.9927	1.0000	1.0002	0.0000	0.0000	0.0000	0.0000	0.0000	0.0000	0.0000	0.0000	0.0000	0.0000	0.0000	0.0000	0.0000	0.0000	0.0000	0.0000	0.0000	0.0000	0.0000	0.0000	0.0000	0.0000	0.0000	0.0000	0.0000	0.0000	0.0000	0.0249	0.0075	0.0174	0.0004	0.0004	0.0000	0.0244	0.0071	0.0174	0.0000	0.0000	0.0000	0.0000	0.0000	0.0000	0.0000	0.0000	0.0000	0.0000	0.0000	0.0000	0.0000	0.0000	0.0000	0.0000	0.0000	0.0000											
79	81	0.1392	3	0	2	0	1	0	0	0	0	N	Y	N	N	N	N	N	N	N	N	N	N	0.0000	0.0000	0.0000	0.0000	0.0000	0.0000	0.0000	0.0000	0.0000	0.0000	0.0000	0.0000	0.0000	0.0000	0.0000	0.0000	0.0000	0.0000	0.0000	0.0000	0.0000	0.0110	1.0000	0.6549	0.0000	0.0000	0.0000	0.0000	0.0000	0.0000	0.0000	0.0000	0.0000	0.0000	0.0000	0.0000	0.0000	0.0000	0.0000	0.0000	0.0000	0.0000	0.0000	0.0000	0.0000	0.0000	0.0000	0.0000	0.0000	0.0000	0.0000	0.0036	0.0010	0.0026	0.0000	0.0000	0.0000	0.0036	0.0010	0.0026	0.0000	0.0000	0.0000	0.0000	0.0000	0.0000	0.0000	0.0000	0.0000	0.0000	0.0000	0.0000	0.0000	0.0000	0.0000	0.0000	0.0000	0.0000											
79	85	0.2224	3	1	2	0	1	0	0	0	0	N	Y	N	N	N	N	N	N	N	N	N	N	0.0000	0.0000	0.0000	0.0000	0.0000	0.0000	0.0000	0.0000	0.0000	0.0000	0.0000	0.0000	0.0000	0.0000	0.0000	0.0000	0.0000	0.0000	0.0000	0.0000	0.0000	0.0000	1.0000	0.0000	0.0000	0.0000	0.0000	0.0000	0.0000	0.0000	0.0000	0.0000	0.0000	0.0000	0.0000	0.0000	0.0000	0.0000	0.0000	0.0000	0.0000	0.0000	0.0000	0.0000	0.0000	0.0000	0.0000	0.0000	0.0000	0.0000	0.0000	0.0000	0.0000	0.0000	0.0000	0.0000	0.0000	0.0000	0.0000	0.0000	0.0000	0.0000	0.0000	0.0000	0.0000	0.0000	0.0000	0.0000	0.0000	0.0000	0.0000	0.0000	0.0000	0.0000	0.0000	0.0000	0.0000	0.0000											
79	86	0.0848	2	1	2	0	1	0	0	0	0	N	Y	N	N	N	N	N	N	N	N	N	N	0.0000	0.0000	0.0000	0.0000	0.0000	0.0000	0.0000	0.0000	0.0000	0.0000	0.0000	0.0000	0.0000	0.0000	0.0000	0.0000	0.0000	0.0000	0.0000	0.0000	0.0000	5.0000	1.0000	7.0006	0.0000	0.0000	0.0000	0.0000	0.0000	0.0000	0.0000	0.0000	0.0000	0.0000	0.0000	0.0000	0.0000	0.0000	0.0000	0.0000	0.0000	0.0000	0.0000	0.0000	0.0000	0.0000	0.0000	0.0000	0.0000	0.0000	0.0000	0.0718	0.0224	0.0494	0.0236	0.0081	0.0155	0.0482	0.0142	0.0340	0.0000	0.0000	0.0000	0.0000	0.0000	0.0000	0.0000	0.0000	0.0000	0.0000	0.0000	0.0000	0.0000	0.0000	0.0000	0.0000	0.0000	0.0000											
79	87	0.0848	2	0	2	0	1	0	0	0	0	N	Y	N	N	N	N	N	N	N	N	N	N	0.0000	0.0000	0.0000	0.0000	0.0000	0.0000	0.0000	0.0000	0.0000	0.0000	0.0000	0.0000	0.0000	0.0000	0.0000	0.0000	0.0000	0.0000	0.0000	0.0000	0.0000	1.0000	1.0000	3.0006	0.0000	0.0000	0.0000	0.0000	0.0000	0.0000	0.0000	0.0000	0.0000	0.0000	0.0000	0.0000	0.0000	0.0000	0.0000	0.0000	0.0000	0.0000	0.0000	0.0000	0.0000	0.0000	0.0000	0.0000	0.0000	0.0000	0.0000	0.0299	0.0092	0.0208	0.0105	0.0036	0.0070	0.0194	0.0056	0.0138	0.0000	0.0000	0.0000	0.0000	0.0000	0.0000	0.0000	0.0000	0.0000	0.0000	0.0000	0.0000	0.0000	0.0000	0.0000	0.0000	0.0000	0.0000											
79	88	0.1392	3	1	2	0	1	0	0	0	0	N	Y	N	N	N	N	N	N	N	N	N	N	0.0000	0.0000	0.0000	0.0000	0.0000	0.0000	0.0000	0.0000	0.0000	0.0000	0.0000	0.0000	0.0000	0.0000	0.0000	0.0000	0.0000	0.0000	0.0000	0.0000	0.0000	0.0000	1.0000	0.0000	0.0000	0.0000	0.0000	0.0000	0.0000	0.0000	0.0000	0.0000	0.0000	0.0000	0.0000	0.0000	0.0000	0.0000	0.0000	0.0000	0.0000	0.0000	0.0000	0.0000	0.0000	0.0000	0.0000	0.0000	0.0000	0.0000	0.0000	0.0000	0.0000	0.0000	0.0000	0.0000	0.0000	0.0000	0.0000	0.0000	0.0000	0.0000	0.0000	0.0000	0.0000	0.0000	0.0000	0.0000	0.0000	0.0000	0.0000	0.0000	0.0000	0.0000	0.0000	0.0000	0.0000	0.0000											
79	89	0.0848	2	0	2	0	1	0	0	0	0	N	Y	N	N	N	N	N	N	N	N	N	N	0.0000	0.0000	0.0000	0.0000	0.0000	0.0000	0.0000	0.0000	0.0000	0.0000	0.0000	0.0000	0.0000	0.0000	0.0000	0.0000	0.0000	0.0000	0.0000	0.0000	0.0000	4.0000	1.0000	4.0001	0.0000	0.0000	0.0000	0.0000	0.0000	0.0000	0.0000	0.0000	0.0000	0.0000	0.0000	0.0000	0.0000	0.0000	0.0000	0.0000	0.0000	0.0000	0.0000	0.0000	0.0000	0.0000	0.0000	0.0000	0.0000	0.0000	0.0000	0.0534	0.0165	0.0369	0.0182	0.0062	0.0119	0.0352	0.0103	0.0249	0.0000	0.0000	0.0000	0.0000	0.0000	0.0000	0.0000	0.0000	0.0000	0.0000	0.0000	0.0000	0.0000	0.0000	0.0000	0.0000	0.0000	0.0000											
79	91	0.2304	4	0	1	0	1	0	0	0	0	N	N	N	N	N	N	N	N	N	N	N	N	0.0000	0.0000	0.0000	0.0000	0.0000	0.0000	0.0000	0.0000	0.0000	0.0000	0.0000	0.0000	0.0000	0.0025	0.0062	0.0000	0.0061	0.0112	0.0000	0.0000	0.0000	0.0000	0.0000	0.0000	-0.0002	0.0000	11.5137	1.0000	4.9035	0.0000	0.0000	0.0000	0.0000	0.0000	0.0000	0.0000	0.0000	0.0000	0.0003	0.0003	0.0000	0.0003	0.0003	0.0000	0.0000	0.0000	0.0000	0.0000	0.0000	0.0000	0.0000	0.0000	0.0000	0.0000	0.0000	0.0000	0.1012	0.0402	0.0609	0.0411	0.0224	0.0187	0.0601	0.0178	0.0423	0.0000	0.0000	0.0000	0.0000	0.0000	0.0000	0.0000	0.0000	0.0000	0.0025	0.0062	0.0000	0.0061	0.0112	0.0000	0.0000	0.0000	0.0000						
80	82	0.1775	4	0	1	1	1	0	0	0	0	N	N	N	N	N	N	N	N	N	N	N	N	0.0000	0.0000	0.0000	0.0000	0.0000	0.0000	0.0000	0.0000	0.0000	0.0000	0.0000	0.0000	0.0000	0.0000	0.0000	0.0000	0.0000	0.0000	0.0000	0.0000	3.9927	1.0000	1.0002	0.0000	0.0000	0.0000	0.0000	0.0000	0.0000	0.0000	0.0000	0.0000	0.0000	0.0000	0.0000	0.0000	0.0000	0.0000	0.0000	0.0000	0.0000	0.0000	0.1104	0.0940	0.0163	0.0056	0.0051	0.0005	0.1048	0.0889	0.0159	0.0249	0.0075	0.0174	0.0004	0.0004	0.0000	0.0244	0.0071	0.0174	0.0000	0.0000	0.0000	0.0000	0.0000	0.0000	0.0000	0.0000	0.0000	0.0000	0.0000	0.0000	0.0000	0.0000	0.0000	0.0000	0.0000	0.0000											
80	83	0.1775	4	0	1	1	1	0	0	0	0	N	N	N	N	N	N	N	N	N	N	N	N	0.0000	0.0000	0.0000	0.0000	0.0000	0.0000	0.0000	0.0000	0.0000	0.0000	0.0000	0.0000	0.0000	0.0000	0.0000	0.0000	0.0000	0.0000	0.0000	0.0000	3.9927	0.0000	1.0002	0.0000	0.0000	0.0000	0.0000	0.0000	0.0000	0.0000	0.0000	0.0000	0.0000	0.0000	0.0000	0.0000	0.0000	0.0000	0.0000	0.0000	0.0000	0.0000	0.0000	0.0000	0.0000	0.0000	0.0000	0.0000	0.0000	0.0000	0.0000	0.0000	0.0000	0.0000	0.0000	0.0000	0.0000	0.0000	0.0000	0.0000	0.0000	0.0000	0.0000	0.0000	0.0000	0.0000	0.0000	0.0000	0.0000	0.0000	0.0000	0.0000	0.0000	0.0000	0.0000	0.0000	0.0000	0.0000											
80	84	0.1009	3	0	1	0	1	0	0	0	0	N	N	N	N	N	N	N	N	N	N	N	N	0.0000	0.0000	0.0000	0.0000	0.0000	0.0000	0.0000	0.0000	0.0000	0.0000	0.0000	0.0000	0.0000	0.0002	0.0000	0.0003	0.0000	0.0000	0.0000	0.0002	0.0000	0.0003	inf	0.0000	0.0000	3.9927	3.0000	1.0002	5.9994	0.0000	0.0000	0.0000	0.0000	0.0000	0.0000	0.0000	0.0000	0.0000	0.0000	0.0000	0.0000	0.0000	0.0000	0.0000	0.0000	0.0000	0.0000	0.3216	0.2750	0.0466	0.0269	0.0240	0.0029	0.2947	0.2509	0.0437	0.1955	0.0698	0.1256	0.0185	0.0176	0.0009	0.1770	0.0523	0.1247	0.0000	0.0000	0.0000	0.0000	0.0000	0.0000	0.0000	0.0000	0.0000	0.0002	0.0000	0.0003	0.0000	0.0000	0.0000	0.0002	0.0000	0.0003						
80	85	0.2384	4	1	2	0	0	0	0	0	0	N	Y	N	N	N	N	N	N	N	N	N	N	0.0000	0.0000	0.0000	0.0000	0.0000	0.0000	0.0000	0.0000	0.0000	0.0000	0.0000	0.0000	0.0000	0.0000	0.0000	0.0000	0.0000	0.0000	0.0000	0.0000	3.9927	0.0000	1.0002	0.0000	0.0000	0.0000	0.0000	0.0000	0.0000	0.0000	0.0000	0.0000	0.0000	0.0000	0.0000	0.0000	0.0000	0.0000	0.0000	0.0000	0.0000	0.0000	0.0000	0.0000	0.0000	0.0000	0.0000	0.0000	0.0000	0.0000	0.0000	0.0000	0.0000	0.0000	0.0000	0.0000	0.0000	0.0000	0.0000	0.0000	0.0000	0.0000	0.0000	0.0000	0.0000	0.0000	0.0000	0.0000	0.0000	0.0000	0.0000	0.0000	0.0000	0.0000	0.0000	0.0000	0.0000	0.0000											
80	86	0.1009	3	1	2	0	0	0	0	0	0	N	Y	N	N	N	N	N	N	N	N	N	N	17.4881	36.4833	0.0000	97.6123	103.3817	0.0000	0.0000	0.0036	0.0042	0.0000	0.0429	0.0480	0.0000	0.0000	0.0000	0.0000	0.0002	0.0001	0.0003	0.0004	0.0005	0.0000	0.0002	0.0000	0.0003	0.0000	3.9999	-0.0007	0.0000	3.9927	5.0000	1.0002	7.0006	0.0018	0.0018	0.0000	0.0018	0.0018	0.0000	0.0000	0.0000	0.0000	0.0001	0.0000	0.0000	0.0000	0.0000	0.0000	0.0000	0.0000	0.0000	0.5099	0.4376	0.0723	0.0426	0.0381	0.0045	0.4673	0.3995	0.0678	0.2436	0.0872	0.1564	0.0227	0.0215	0.0012	0.2209	0.0657	0.1552	17.4881	36.4833	0.0000	97.6123	103.3817	0.0000	0.0000	0.0000	0.0000	0.0002	0.0001	0.0003	0.0004	0.0005	0.0000	0.0002	0.0000	0.0003		
80	87	0.1009	3	0	2	0	0	0	0	0	0	N	Y	N	N	N	N	N	N	N	N	N	N	0.0000	0.0000	0.0000	0.0000	0.0000	0.0000	0.0000	0.0000	0.0000	0.0000	0.0000	0.0000	0.0000	0.0004	0.0000	0.0006	0.0000	0.0000	0.0000	0.0005	0.0000	0.0006	inf	0.0000	0.0000	3.9927	1.0000	1.0002	3.0006	0.0000	0.0000	0.0000	0.0000	0.0000	0.0000	0.0000	0.0000	0.0000	0.0000	0.0000	0.0000	0.0000	0.0000	0.0000	0.0000	0.0000	0.0000	0.1129	0.0961	0.0168	0.0095	0.0084	0.0010	0.1034	0.0877	0.0157	0.0978	0.0348	0.0630	0.0095	0.0091	0.0004	0.0883	0.0258	0.0626	0.0000	0.0000	0.0000	0.0000	0.0000	0.0000	0.0000	0.0000	0.0000	0.0004	0.0000	0.0006	0.0000	0.0000	0.0000	0.0005	0.0000	0.0006						
80	88	0.0465	2	1	2	0	0	0	0	0	0	N	Y	N	N	N	N	N	N	N	N	N	N	0.0000	0.0000	0.0000	0.0000	0.0000	0.0000	0.0000	0.0000	0.0000	0.0000	0.0000	0.0000	0.0000	0.0000	0.0000	0.0000	0.0000	0.0000	0.0000	0.0000	3.9927	0.0000	1.0002	0.0000	0.0000	0.0000	0.0000	0.0000	0.0000	0.0000	0.0000	0.0000	0.0000	0.0000	0.0000	0.0000	0.0000	0.0000	0.0000	0.0000	0.0000	0.0000	0.0000	0.0000	0.0000	0.0000	0.0000	0.0000	0.0000	0.0000	0.0000	0.0000	0.0000	0.0000	0.0000	0.0000	0.0000	0.0000	0.0000	0.0000	0.0000	0.0000	0.0000	0.0000	0.0000	0.0000	0.0000	0.0000	0.0000	0.0000	0.0000	0.0000	0.0000	0.0000	0.0000	0.0000	0.0000	0.0000											
80	91	0.2464	5	0	1	0	0	0	0	0	0	N	N	N	N	N	N	N	N	N	N	N	N	0.0000	0.0000	0.0000	0.0000	0.0000	0.0000	0.0000	0.0000	0.0000	0.0000	0.0000	0.0000	0.0000	0.0000	0.0000	0.0000	0.0000	0.0000	0.0000	0.0000	0.0000	0.0000	0.0000	0.0000	0.0000	0.0000	3.4202	0.0000	0.0000	3.9927	11.5137	1.0002	4.9035	0.0000	0.0000	0.0000	0.0000	0.0000	0.0000	0.0000	0.0000	0.0000	0.0000	0.0000	0.0000	0.0000	0.0000	0.0000	0.0000	0.0000	0.0000	1.1645	1.0222	0.1423	0.2406	0.2243	0.0164	0.9239	0.7979	0.1260	0.3464	0.1487	0.1977	0.0707	0.0668	0.0039	0.2758	0.0820	0.1938	0.0000	0.0000	0.0000	0.0000	0.0000	0.0000	0.0000	0.0000	0.0000	0.0000	0.0000	0.0000	0.0000	0.0000	0.0000	0.0000	0.0000	0.0000		
81	82	0.1356	3	0	1	1	1	0	0	0	0	N	N	N	N	N	N	N	N	N	N	N	N	0.0000	0.0000	0.0000	0.0000	0.0000	0.0000	0.0000	0.0000	0.0000	0.0000	0.0000	0.0000	0.0000	0.0000	0.0000	0.0000	0.0000	0.0000	0.0000	0.0000	0.0110	1.0000	0.6549	0.0000	0.0000	0.0000	0.0000	0.0000	0.0000	0.0000	0.0000	0.0000	0.0000	0.0000	0.0000	0.0000	0.0000	0.0000	0.0000	0.0000	0.0000	0.0000	0.0003	0.0003	0.0001	0.0000	0.0000	0.0000	0.0003	0.0003	0.0001	0.0036	0.0010	0.0026	0.0000	0.0000	0.0000	0.0036	0.0010	0.0026	0.0000	0.0000	0.0000	0.0000	0.0000	0.0000	0.0000	0.0000	0.0000	0.0000	0.0000	0.0000	0.0000	0.0000	0.0000	0.0000	0.0000	0.0000											
81	83	0.1356	3	0	1	1	1	0	0	0	0	N	N	N	N	N	N	N	N	N	N	N	N	0.0000	0.0000	0.0000	0.0000	0.0000	0.0000	0.0000	0.0000	0.0000	0.0000	0.0000	0.0000	0.0000	0.0000	0.0000	0.0000	0.0000	0.0000	0.0000	0.0000	0.0110	0.0000	0.6549	0.0000	0.0000	0.0000	0.0000	0.0000	0.0000	0.0000	0.0000	0.0000	0.0000	0.0000	0.0000	0.0000	0.0000	0.0000	0.0000	0.0000	0.0000	0.0000	0.0000	0.0000	0.0000	0.0000	0.0000	0.0000	0.0000	0.0000	0.0000	0.0000	0.0000	0.0000	0.0000	0.0000	0.0000	0.0000	0.0000	0.0000	0.0000	0.0000	0.0000	0.0000	0.0000	0.0000	0.0000	0.0000	0.0000	0.0000	0.0000	0.0000	0.0000	0.0000	0.0000	0.0000	0.0000	0.0000											
81	84	0.0590	2	0	1	0	1	0	0	0	0	N	N	N	N	N	N	N	N	N	N	N	N	0.0000	0.0000	0.0000	0.0000	0.0000	0.0000	0.0000	0.0000	0.0000	0.0000	0.0000	0.0000	0.0000	0.0014	0.0040	0.0000	0.0166	0.0175	0.0000	0.0000	0.0000	0.0000	0.0000	0.0000	-0.0000	0.0110	3.0000	0.6549	5.9994	0.0000	0.0000	0.0000	0.0000	0.0000	0.0000	0.0000	0.0000	0.0000	0.0000	0.0000	0.0000	0.0000	0.0000	0.0000	0.0000	0.0000	0.0000	0.0010	0.0008	0.0001	0.0001	0.0001	0.0000	0.0009	0.0008	0.0001	0.0282	0.0099	0.0183	0.0024	0.0023	0.0001	0.0258	0.0076	0.0181	0.0000	0.0000	0.0000	0.0000	0.0000	0.0000	0.0000	0.0000	0.0000	0.0014	0.0040	0.0000	0.0166	0.0175	0.0000	0.0000	0.0000	0.0000						
81	85	0.1966	3	1	2	0	0	0	0	0	0	N	Y	N	N	N	N	N	N	N	N	N	N	0.0000	0.0000	0.0000	0.0000	0.0000	0.0000	0.0000	0.0000	0.0000	0.0000	0.0000	0.0000	0.0000	0.0000	0.0000	0.0000	0.0000	0.0000	0.0000	-0.0000	0.0110	0.0000	0.6549	0.0000	0.0000	0.0000	0.0000	0.0000	0.0000	0.0000	0.0000	0.0000	0.0000	0.0000	0.0000	0.0000	0.0000	0.0000	0.0000	0.0000	0.0000	0.0000	0.0000	0.0000	0.0000	0.0000	0.0000	0.0000	0.0000	0.0000	0.0000	0.0000	0.0000	0.0000	0.0000	0.0000	0.0000	0.0000	0.0000	0.0000	0.0000	0.0000	0.0000	0.0000	0.0000	0.0000	0.0000	0.0000	0.0000	0.0000	0.0000	0.0000	0.0000	0.0000	0.0000	0.0000	0.0000	0.0000											
81	86	0.0590	2	1	2	0	0	0	0	0	0	N	Y	N	N	N	N	N	N	N	N	N	N	829.1220	343.2129	0.0000	0.0000	4132.7449	32.0292	1.1844	1.3905	0.0000	0.0000	0.0000	0.0000	1.2883	1.5189	0.0000	0.0014	0.0041	0.0000	0.0137	0.0145	0.0000	0.0003	0.0474	0.0000	0.0000	0.0000	-0.0007	-0.0000	0.0110	5.0000	0.6549	7.0006	0.0018	0.0018	0.0000	0.0000	0.0000	0.0000	0.0018	0.0018	0.0000	0.0001	0.0001	0.0000	0.0000	0.0000	0.0000	0.0000	0.0000	0.0000	0.0015	0.0013	0.0002	0.0001	0.0001	0.0000	0.0014	0.0012	0.0002	0.0350	0.0123	0.0227	0.0029	0.0028	0.0002	0.0321	0.0096	0.0225	829.1220	343.2129	0.0000	0.0000	0.0000	0.0000	4132.7449	1456.2931	0.0000	0.0014	0.0041	0.0000	0.0137	0.0145	0.0000	0.0003	0.0010	0.0000			
81	87	0.0590	2	0	2	0	0	0	0	0	0	N	Y	N	N	N	N	N	N	N	N	N	N	0.0000	0.0000	0.0000	0.0000	0.0000	0.0000	0.0000	0.0000	0.0000	0.0000	0.0000	0.0000	0.0000	0.0028	0.0080	0.0000	0.0315	0.0330	0.0000	0.0000	0.0000	0.0000	0.0000	0.0000	-0.0000	0.0110	1.0000	0.6549	3.0006	0.0000	0.0000	0.0000	0.0000	0.0000	0.0000	0.0000	0.0000	0.0000	0.0000	0.0000	0.0000	0.0000	0.0000	0.0000	0.0000	0.0000	0.0000	0.0003	0.0003	0.0001	0.0000	0.0000	0.0000	0.0003	0.0003	0.0001	0.0142	0.0050	0.0092	0.0013	0.0012	0.0001	0.0129	0.0038	0.0092	0.0000	0.0000	0.0000	0.0000	0.0000	0.0000	0.0000	0.0000	0.0000	0.0028	0.0080	0.0000	0.0315	0.0330	0.0000	0.0000	0.0000	0.0000						
81	91	0.2046	4	0	1	0	0	0	0	0	0	N	N	N	N	N	N	N	N	N	N	N	N	0.0000	0.0000	0.0000	0.0000	0.0000	0.0000	0.0000	0.0000	0.0000	0.0000	0.0000	0.0000	0.0000	0.0000	0.0000	0.0000	0.0017	0.0039	0.0001	0.0085	0.0090	0.0000	0.0000	0.0000	0.0001	0.0193	0.0000	-0.0001	0.0110	11.5137	0.6549	4.9035	0.0000	0.0000	0.0000	0.0000	0.0000	0.0000	0.0000	0.0000	0.0000	0.0001	0.0001	0.0000	0.0001	0.0001	0.0000	0.0000	0.0000	0.0000	0.0035	0.0031	0.0004	0.0007	0.0007	0.0000	0.0028	0.0024	0.0004	0.0498	0.0213	0.0285	0.0099	0.0093	0.0006	0.0399	0.0120	0.0279	0.0000	0.0000	0.0000	0.0000	0.0000	0.0000	0.0000	0.0000	0.0000	0.0017	0.0039	0.0001	0.0085	0.0090	0.0000	0.0000	0.0000	0.0001			
82	85	0.2224	3	1	1	1	1	0	0	0	0	N	N	N	N	N	N	N	N	N	N	N	N	0.0000	0.0000	0.0000	0.0000	0.0000	0.0000	0.0000	0.0000	0.0000	0.0000	0.0000	0.0000	0.0000	0.0000	0.0000	0.0000	0.0000	0.0000	0.0000	0.0000	1.0000	0.0000	0.0000	0.0000	0.0000	0.0000	0.0000	0.0000	0.0000	0.0000	0.0000	0.0000	0.0000	0.0000	0.0000	0.0000	0.0000	0.0000	0.0000	0.0000	0.0000	0.0000	0.0000	0.0000	0.0000	0.0000	0.0000	0.0000	0.0000	0.0000	0.0000	0.0000	0.0000	0.0000	0.0000	0.0000	0.0000	0.0000	0.0000	0.0000	0.0000	0.0000	0.0000	0.0000	0.0000	0.0000	0.0000	0.0000	0.0000	0.0000	0.0000	0.0000	0.0000	0.0000	0.0000	0.0000	0.0000	0.0000											
82	86	0.0848	2	1	1	1	1	0	0	0	0	N	N	N	N	N	N	N	N	N	N	N	N	0.0000	0.0000	0.0000	0.0000	0.0000	0.0000	0.0000	0.0000	0.0000	0.0000	0.0000	0.0000	0.0000	0.0000	0.0000	0.0000	0.0000	0.0000	0.0000	0.0000	1.0000	5.0000	0.0000	7.0006	0.0000	0.0000	0.0000	0.0000	0.0000	0.0000	0.0000	0.0000	0.0000	0.0000	0.0000	0.0000	0.0000	0.0000	0.0000	0.0000	0.0000	0.0000	0.1374	0.1171	0.0203	0.0044	0.0038	0.0006	0.1330	0.1133	0.0197	0.0718	0.0224	0.0494	0.0236	0.0081	0.0155	0.0482	0.0142	0.0340	0.0000	0.0000	0.0000	0.0000	0.0000	0.0000	0.0000	0.0000	0.0000	0.0000	0.0000	0.0000	0.0000	0.0000	0.0000	0.0000	0.0000	0.0000											
82	87	0.0848	2	0	1	1	1	0	0	0	0	N	N	N	N	N	N	N	N	N	N	N	N	0.0000	0.0000	0.0000	0.0000	0.0000	0.0000	0.0000	0.0000	0.0000	0.0000	0.0000	0.0000	0.0000	0.0000	0.0000	0.0000	0.0000	0.0000	0.0000	0.0000	1.0000	1.0000	0.0000	3.0006	0.0000	0.0000	0.0000	0.0000	0.0000	0.0000	0.0000	0.0000	0.0000	0.0000	0.0000	0.0000	0.0000	0.0000	0.0000	0.0000	0.0000	0.0000	0.0305	0.0257	0.0047	0.0010	0.0009	0.0002	0.0295	0.0249	0.0046	0.0299	0.0092	0.0208	0.0105	0.0036	0.0070	0.0194	0.0056	0.0138	0.0000	0.0000	0.0000	0.0000	0.0000	0.0000	0.0000	0.0000	0.0000	0.0000	0.0000	0.0000	0.0000	0.0000	0.0000	0.0000	0.0000	0.0000											
82	88	0.1392	3	1	1	1	1	0	0	0	0	N	N	N	N	N	N	N	N	N	N	N	N	0.0000	0.0000	0.0000	0.0000	0.0000	0.0000	0.0000	0.0000	0.0000	0.0000	0.0000	0.0000	0.0000	0.0000	0.0000	0.0000	0.0000	0.0000	0.0000	0.0000	1.0000	0.0000	0.0000	0.0000	0.0000	0.0000	0.0000	0.0000	0.0000	0.0000	0.0000	0.0000	0.0000	0.0000	0.0000	0.0000	0.0000	0.0000	0.0000	0.0000	0.0000	0.0000	0.0000	0.0000	0.0000	0.0000	0.0000	0.0000	0.0000	0.0000	0.0000	0.0000	0.0000	0.0000	0.0000	0.0000	0.0000	0.0000	0.0000	0.0000	0.0000	0.0000	0.0000	0.0000	0.0000	0.0000	0.0000	0.0000	0.0000	0.0000	0.0000	0.0000	0.0000	0.0000	0.0000	0.0000	0.0000	0.0000											
82	89	0.0848	2	0	1	1	1	0	0	0	0	N	N	N	N	N	N	N	N	N	N	N	N	0.0000	0.0000	0.0000	0.0000	0.0000	0.0000	0.0000	0.0000	0.0000	0.0000	0.0000	0.0000	0.0000	0.0000	0.0000	0.0000	0.0000	0.0000	0.0000	0.0000	1.0000	4.0000	0.0000	4.0001	0.0000	0.0000	0.0000	0.0000	0.0000	0.0000	0.0000	0.0000	0.0000	0.0000	0.0000	0.0000	0.0000	0.0000	0.0000	0.0000	0.0000	0.0000	0.1127	0.0959	0.0169	0.0037	0.0032	0.0005	0.1091	0.0927	0.0163	0.0534	0.0165	0.0369	0.0182	0.0062	0.0119	0.0352	0.0103	0.0249	0.0000	0.0000	0.0000	0.0000	0.0000	0.0000	0.0000	0.0000	0.0000	0.0000	0.0000	0.0000	0.0000	0.0000	0.0000	0.0000	0.0000	0.0000											
82	91	0.2304	4	0	0	1	1	0	0	0	0	N	N	N	N	N	N	N	N	N	N	N	N	inf	inf	inf	inf	inf	inf	3.2037	3.6668	0.0000	0.0014	0.0015	0.0000	3.8082	4.4182	0.0000	0.0000	0.0000	0.0000	0.0000	0.0000	0.0000	0.0000	0.0000	0.0000	0.0000	-0.3852	0.0000	1.0000	11.5137	0.0000	4.9035	0.9994	0.9994	0.0000	0.0001	0.0001	0.0000	0.9994	0.9994	0.0000	0.0000	0.0000	0.0000	0.0000	0.0000	0.0000	0.0000	0.0000	0.0000	0.3120	0.2726	0.0394	0.0495	0.0464	0.0032	0.2624	0.2262	0.0362	0.1012	0.0402	0.0609	0.0411	0.0224	0.0187	0.0601	0.0178	0.0423	inf	inf	0.0000	inf	inf	0.0000	inf	inf	0.0000	0.0000	0.0000	0.0000	0.0000	0.0000	0.0000	0.0000	0.0000	0.0000				
83	85	0.2141	3	1	1	1	1	0	0	0	0	N	N	N	N	N	N	N	N	N	N	N	N	0.0000	0.0000	0.0000	0.0000	0.0000	0.0000	0.0000	0.0000	0.0000	0.0000	0.0000	0.0000	0.0000	0.0000	0.0000	0.0000	0.0000	0.0000	0.0000	0.0000	0.0000	0.0000	0.0000	0.0000	0.0000	0.0000	0.0000	0.0000	0.0000	0.0000	0.0000	0.0000	0.0000	0.0000	0.0000	0.0000	0.0000	0.0000	0.0000	0.0000	0.0000	0.0000	0.0000	0.0000	0.0000	0.0000	0.0000	0.0000	0.0000	0.0000	0.0000	0.0000	0.0000	0.0000	0.0000	0.0000	0.0000	0.0000	0.0000	0.0000	0.0000	0.0000	0.0000	0.0000	0.0000	0.0000	0.0000	0.0000	0.0000	0.0000	0.0000	0.0000	0.0000	0.0000	0.0000	0.0000	0.0000	0.0000											
83	86	0.0766	2	1	1	1	1	0	0	0	0	N	N	N	N	N	N	N	N	N	N	N	N	0.0000	0.0000	0.0000	0.0000	0.0000	0.0000	0.0000	0.0000	0.0000	0.0000	0.0000	0.0000	0.0000	0.0000	0.0000	0.0000	0.0000	0.0000	0.0000	0.0000	0.0000	5.0000	0.0000	7.0006	0.0000	0.0000	0.0000	0.0000	0.0000	0.0000	0.0000	0.0000	0.0000	0.0000	0.0000	0.0000	0.0000	0.0000	0.0000	0.0000	0.0000	0.0000	0.0000	0.0000	0.0000	0.0000	0.0000	0.0000	0.0000	0.0000	0.0000	0.0000	0.0000	0.0000	0.0000	0.0000	0.0000	0.0000	0.0000	0.0000	0.0000	0.0000	0.0000	0.0000	0.0000	0.0000	0.0000	0.0000	0.0000	0.0000	0.0000	0.0000	0.0000	0.0000	0.0000	0.0000	0.0000	0.0000											
83	87	0.0766	2	0	1	1	1	0	0	0	0	N	N	N	N	N	N	N	N	N	N	N	N	0.0000	0.0000	0.0000	0.0000	0.0000	0.0000	0.0000	0.0000	0.0000	0.0000	0.0000	0.0000	0.0000	0.0000	0.0000	0.0000	0.0000	0.0000	0.0000	0.0000	0.0000	1.0000	0.0000	3.0006	0.0000	0.0000	0.0000	0.0000	0.0000	0.0000	0.0000	0.0000	0.0000	0.0000	0.0000	0.0000	0.0000	0.0000	0.0000	0.0000	0.0000	0.0000	0.0000	0.0000	0.0000	0.0000	0.0000	0.0000	0.0000	0.0000	0.0000	0.0000	0.0000	0.0000	0.0000	0.0000	0.0000	0.0000	0.0000	0.0000	0.0000	0.0000	0.0000	0.0000	0.0000	0.0000	0.0000	0.0000	0.0000	0.0000	0.0000	0.0000	0.0000	0.0000	0.0000	0.0000	0.0000	0.0000											
83	88	0.1310	3	1	1	1	1	0	0	0	0	N	N	N	N	N	N	N	N	N	N	N	N	0.0000	0.0000	0.0000	0.0000	0.0000	0.0000	0.0000	0.0000	0.0000	0.0000	0.0000	0.0000	0.0000	0.0000	0.0000	0.0000	0.0000	0.0000	0.0000	0.0000	0.0000	0.0000	0.0000	0.0000	0.0000	0.0000	0.0000	0.0000	0.0000	0.0000	0.0000	0.0000	0.0000	0.0000	0.0000	0.0000	0.0000	0.0000	0.0000	0.0000	0.0000	0.0000	0.0000	0.0000	0.0000	0.0000	0.0000	0.0000	0.0000	0.0000	0.0000	0.0000	0.0000	0.0000	0.0000	0.0000	0.0000	0.0000	0.0000	0.0000	0.0000	0.0000	0.0000	0.0000	0.0000	0.0000	0.0000	0.0000	0.0000	0.0000	0.0000	0.0000	0.0000	0.0000	0.0000	0.0000	0.0000	0.0000											
83	89	0.0766	2	0	1	1	1	0	0	0	0	N	N	N	N	N	N	N	N	N	N	N	N	0.0000	0.0000	0.0000	0.0000	0.0000	0.0000	0.0000	0.0000	0.0000	0.0000	0.0000	0.0000	0.0000	0.0000	0.0000	0.0000	0.0000	0.0000	0.0000	0.0000	0.0000	4.0000	0.0000	4.0001	0.0000	0.0000	0.0000	0.0000	0.0000	0.0000	0.0000	0.0000	0.0000	0.0000	0.0000	0.0000	0.0000	0.0000	0.0000	0.0000	0.0000	0.0000	0.0000	0.0000	0.0000	0.0000	0.0000	0.0000	0.0000	0.0000	0.0000	0.0000	0.0000	0.0000	0.0000	0.0000	0.0000	0.0000	0.0000	0.0000	0.0000	0.0000	0.0000	0.0000	0.0000	0.0000	0.0000	0.0000	0.0000	0.0000	0.0000	0.0000	0.0000	0.0000	0.0000	0.0000	0.0000	0.0000											
83	91	0.2221	4	0	0	1	1	0	0	0	0	N	N	N	N	N	N	N	N	N	N	N	N	0.0000	0.0000	0.0000	0.0000	0.0000	0.0000	0.0000	0.0000	0.0000	0.0000	0.0000	0.0000	0.0000	0.0000	0.0000	0.0000	0.0000	0.0000	0.0000	0.0000	0.0000	11.5137	0.0000	4.9035	0.0000	0.0000	0.0000	0.0000	0.0000	0.0000	0.0000	0.0000	0.0000	0.0000	0.0000	0.0000	0.0000	0.0000	0.0000	0.0000	0.0000	0.0000	0.0000	0.0000	0.0000	0.0000	0.0000	0.0000	0.0000	0.0000	0.0000	0.0000	0.0000	0.0000	0.0000	0.0000	0.0000	0.0000	0.0000	0.0000	0.0000	0.0000	0.0000	0.0000	0.0000	0.0000	0.0000	0.0000	0.0000	0.0000	0.0000	0.0000	0.0000	0.0000	0.0000	0.0000	0.0000	0.0000											
84	85	0.2141	2	1	1	0	1	0	0	0	0	N	N	N	N	N	N	N	N	N	N	N	N	0.0000	0.0000	0.0000	0.0000	0.0000	0.0000	0.0000	0.0000	0.0000	0.0000	0.0000	0.0000	0.0000	0.0000	0.0000	0.0000	0.0000	0.0000	0.0000	0.0000	3.0000	0.0000	5.9994	0.0000	0.0000	0.0000	0.0000	0.0000	0.0000	0.0000	0.0000	0.0000	0.0000	0.0000	0.0000	0.0000	0.0000	0.0000	0.0000	0.0000	0.0000	0.0000	0.0000	0.0000	0.0000	0.0000	0.0000	0.0000	0.0000	0.0000	0.0000	0.0000	0.0000	0.0000	0.0000	0.0000	0.0000	0.0000	0.0000	0.0000	0.0000	0.0000	0.0000	0.0000	0.0000	0.0000	0.0000	0.0000	0.0000	0.0000	0.0000	0.0000	0.0000	0.0000	0.0000	0.0000	0.0000	0.0000											
84	88	0.1310	2	1	1	0	1	0	0	0	0	N	N	N	N	N	N	N	N	N	N	N	N	0.0000	0.0000	0.0000	0.0000	0.0000	0.0000	0.0000	0.0000	0.0000	0.0000	0.0000	0.0000	0.0000	0.0000	0.0000	0.0000	0.0000	0.0000	0.0000	0.0000	3.0000	0.0000	5.9994	0.0000	0.0000	0.0000	0.0000	0.0000	0.0000	0.0000	0.0000	0.0000	0.0000	0.0000	0.0000	0.0000	0.0000	0.0000	0.0000	0.0000	0.0000	0.0000	0.0000	0.0000	0.0000	0.0000	0.0000	0.0000	0.0000	0.0000	0.0000	0.0000	0.0000	0.0000	0.0000	0.0000	0.0000	0.0000	0.0000	0.0000	0.0000	0.0000	0.0000	0.0000	0.0000	0.0000	0.0000	0.0000	0.0000	0.0000	0.0000	0.0000	0.0000	0.0000	0.0000	0.0000	0.0000	0.0000											
84	91	0.2221	3	0	0	0	1	0	0	0	0	N	N	N	N	N	N	N	N	N	N	N	N	0.0019	0.0005	0.0025	0.0025	0.0010	0.0012	0.0000	0.0081	0.0085	0.0000	0.0000	0.0000	0.0000	0.5386	2.3089	0.0000	3.1883	3.3574	0.0000	0.0000	0.0000	0.0000	0.0000	0.0000	-0.0004	-0.1471	3.0000	11.5137	5.9994	4.9035	0.0010	0.0010	0.0000	0.0010	0.0010	0.0000	0.0000	0.0000	0.0000	0.2189	0.2189	0.0000	0.2189	0.2189	0.0000	0.0000	0.0000	0.0000	0.9416	0.8112	0.1304	0.1196	0.1135	0.0061	0.8221	0.6977	0.1244	0.8191	0.2480	0.5711	0.0969	0.0926	0.0043	0.7222	0.1554	0.5668	0.0039	0.0014	0.0000	0.0036	0.0036	0.0000	0.0000	0.0000	0.0000	0.2672	0.8826	0.0000	2.2593	2.3634	0.0000	0.0000	0.0000	0.0000					
85	87	0.1376	2	1	2	0	0	0	0	0	0	N	Y	N	N	N	N	N	N	N	N	N	N	0.0000	0.0000	0.0000	0.0000	0.0000	0.0000	0.0000	0.0000	0.0000	0.0000	0.0000	0.0000	0.0000	0.0000	0.0000	0.0000	0.0000	0.0000	0.0000	0.0000	0.0000	1.0000	0.0000	3.0006	0.0000	0.0000	0.0000	0.0000	0.0000	0.0000	0.0000	0.0000	0.0000	0.0000	0.0000	0.0000	0.0000	0.0000	0.0000	0.0000	0.0000	0.0000	0.0000	0.0000	0.0000	0.0000	0.0000	0.0000	0.0000	0.0000	0.0000	0.0000	0.0000	0.0000	0.0000	0.0000	0.0000	0.0000	0.0000	0.0000	0.0000	0.0000	0.0000	0.0000	0.0000	0.0000	0.0000	0.0000	0.0000	0.0000	0.0000	0.0000	0.0000	0.0000	0.0000	0.0000	0.0000	0.0000											
85	88	0.1920	3	2	2	0	0	0	0	0	0	Y	Y	N	N	N	N	N	N	N	N	N	N	0.0000	0.0000	0.0000	0.0000	0.0000	0.0000	0.0000	0.0000	0.0000	0.0000	0.0000	0.0000	0.0000	0.0000	0.0000	0.0000	0.0000	0.0000	0.0000	0.0000	0.0000	0.0000	0.0000	0.0000	0.0000	0.0000	0.0000	0.0000	0.0000	0.0000	0.0000	0.0000	0.0000	0.0000	0.0000	0.0000	0.0000	0.0000	0.0000	0.0000	0.0000	0.0000	0.0000	0.0000	0.0000	0.0000	0.0000	0.0000	0.0000	0.0000	0.0000	0.0000	0.0000	0.0000	0.0000	0.0000	0.0000	0.0000	0.0000	0.0000	0.0000	0.0000	0.0000	0.0000	0.0000	0.0000	0.0000	0.0000	0.0000	0.0000	0.0000	0.0000	0.0000	0.0000	0.0000	0.0000	0.0000	0.0000											
85	89	0.1376	2	1	2	0	0	0	0	0	0	N	Y	N	N	N	N	N	N	N	N	N	N	0.0000	0.0000	0.0000	0.0000	0.0000	0.0000	0.0000	0.0000	0.0000	0.0000	0.0000	0.0000	0.0000	0.0000	0.0000	0.0000	0.0000	0.0000	0.0000	0.0000	0.0000	4.0000	0.0000	4.0001	0.0000	0.0000	0.0000	0.0000	0.0000	0.0000	0.0000	0.0000	0.0000	0.0000	0.0000	0.0000	0.0000	0.0000	0.0000	0.0000	0.0000	0.0000	0.0000	0.0000	0.0000	0.0000	0.0000	0.0000	0.0000	0.0000	0.0000	0.0000	0.0000	0.0000	0.0000	0.0000	0.0000	0.0000	0.0000	0.0000	0.0000	0.0000	0.0000	0.0000	0.0000	0.0000	0.0000	0.0000	0.0000	0.0000	0.0000	0.0000	0.0000	0.0000	0.0000	0.0000	0.0000	0.0000											
85	91	0.2831	4	1	1	0	0	0	0	0	0	N	N	N	N	N	N	N	N	N	N	N	N	0.0000	0.0000	0.0000	0.0000	0.0000	0.0000	0.0000	0.0000	0.0000	0.0000	0.0000	0.0000	0.0000	0.0000	0.0000	0.0000	0.0000	0.0000	0.0000	0.0000	0.0000	11.5137	0.0000	4.9035	0.0000	0.0000	0.0000	0.0000	0.0000	0.0000	0.0000	0.0000	0.0000	0.0000	0.0000	0.0000	0.0000	0.0000	0.0000	0.0000	0.0000	0.0000	0.0000	0.0000	0.0000	0.0000	0.0000	0.0000	0.0000	0.0000	0.0000	0.0000	0.0000	0.0000	0.0000	0.0000	0.0000	0.0000	0.0000	0.0000	0.0000	0.0000	0.0000	0.0000	0.0000	0.0000	0.0000	0.0000	0.0000	0.0000	0.0000	0.0000	0.0000	0.0000	0.0000	0.0000	0.0000	0.0000											
86	88	0.1920	2	2	2	0	0	0	0	0	0	Y	Y	N	N	N	N	N	N	N	N	N	N	0.0000	0.0000	0.0000	0.0000	0.0000	0.0000	0.0000	0.0000	0.0000	0.0000	0.0000	0.0000	0.0000	0.0000	0.0000	0.0000	0.0000	0.0000	0.0000	0.0000	5.0000	0.0000	7.0006	0.0000	0.0000	0.0000	0.0000	0.0000	0.0000	0.0000	0.0000	0.0000	0.0000	0.0000	0.0000	0.0000	0.0000	0.0000	0.0000	0.0000	0.0000	0.0000	0.0000	0.0000	0.0000	0.0000	0.0000	0.0000	0.0000	0.0000	0.0000	0.0000	0.0000	0.0000	0.0000	0.0000	0.0000	0.0000	0.0000	0.0000	0.0000	0.0000	0.0000	0.0000	0.0000	0.0000	0.0000	0.0000	0.0000	0.0000	0.0000	0.0000	0.0000	0.0000	0.0000	0.0000	0.0000	0.0000											
86	91	0.2831	3	1	1	0	0	0	0	0	0	N	N	N	N	N	N	N	N	N	N	N	N	0.0004	0.0005	0.0000	0.0055	0.0056	0.0000	0.0000	0.0000	0.0007	0.0008	0.0000	0.0051	0.0053	0.0000	0.0000	0.0000	0.0000	1.7771	1.4660	1.4147	0.9146	0.9541	0.0511	1.9455	0.0000	1.4249	0.0000	9.1170	-0.0004	0.2509	5.0000	11.5137	7.0006	4.9035	0.0010	0.0010	0.0000	0.0010	0.0010	0.0000	0.0000	0.0000	0.0000	1.0957	0.1083	0.9874	0.1086	0.1083	0.0003	0.9871	0.0000	0.9871	1.4979	1.2950	0.2029	0.1932	0.1834	0.0098	1.3048	1.1116	0.1931	1.0069	0.3090	0.6979	0.1187	0.1135	0.0052	0.8882	0.1955	0.6927	0.0006	0.0022	0.0000	0.0055	0.0056	0.0000	0.0000	0.0000	0.0000	1.0881	0.3505	1.4147	0.9146	0.9541	0.0511	1.1113	0.0000	1.4249	
87	88	0.1021	2	1	2	0	0	0	0	0	0	N	Y	N	N	N	N	N	N	N	N	N	N	0.0000	0.0000	0.0000	0.0000	0.0000	0.0000	0.0000	0.0000	0.0000	0.0000	0.0000	0.0000	0.0000	0.0000	0.0000	0.0000	0.0000	0.0000	0.0000	0.0000	1.0000	0.0000	3.0006	0.0000	0.0000	0.0000	0.0000	0.0000	0.0000	0.0000	0.0000	0.0000	0.0000	0.0000	0.0000	0.0000	0.0000	0.0000	0.0000	0.0000	0.0000	0.0000	0.0000	0.0000	0.0000	0.0000	0.0000	0.0000	0.0000	0.0000	0.0000	0.0000	0.0000	0.0000	0.0000	0.0000	0.0000	0.0000	0.0000	0.0000	0.0000	0.0000	0.0000	0.0000	0.0000	0.0000	0.0000	0.0000	0.0000	0.0000	0.0000	0.0000	0.0000	0.0000	0.0000	0.0000	0.0000	0.0000											
87	91	0.1932	3	0	1	0	0	0	0	0	0	N	N	N	N	N	N	N	N	N	N	N	N	0.0150	0.0018	0.0000	0.0127	0.0121	0.0000	0.0000	0.0000	0.0029	0.0034	0.0000	0.0233	0.0246	0.0000	0.0000	0.0000	0.0000	0.1940	1.9304	0.0003	1.8406	2.0258	0.0335	0.0000	0.0000	0.0000	0.0000	0.0009	-0.0004	-0.0547	1.0000	11.5137	3.0006	4.9035	0.0010	0.0010	0.0000	0.0010	0.0010	0.0000	0.0000	0.0000	0.0000	0.0814	0.0814	0.0001	0.0814	0.0814	0.0001	0.0000	0.0000	0.0000	0.3295	0.2828	0.0467	0.0412	0.0391	0.0021	0.2883	0.2437	0.0446	0.4198	0.1242	0.2956	0.0500	0.0478	0.0022	0.3698	0.0764	0.2933	0.0150	0.0052	0.0000	0.0143	0.0144	0.0000	0.0000	0.0000	0.0000	0.1940	0.6548	0.0003	1.6272	1.7021	0.0335	0.0000	0.0000	0.0000	
88	91	0.1999	4	1	1	0	0	0	0	0	0	N	N	N	N	N	N	N	N	N	N	N	N	0.0000	0.0000	0.0000	0.0000	0.0000	0.0000	0.0000	0.0000	0.0000	0.0000	0.0000	0.0000	0.0000	0.0000	0.0000	0.0000	0.0000	0.0000	0.0000	0.0000	0.0000	11.5137	0.0000	4.9035	0.0000	0.0000	0.0000	0.0000	0.0000	0.0000	0.0000	0.0000	0.0000	0.0000	0.0000	0.0000	0.0000	0.0000	0.0000	0.0000	0.0000	0.0000	0.0000	0.0000	0.0000	0.0000	0.0000	0.0000	0.0000	0.0000	0.0000	0.0000	0.0000	0.0000	0.0000	0.0000	0.0000	0.0000	0.0000	0.0000	0.0000	0.0000	0.0000	0.0000	0.0000	0.0000	0.0000	0.0000	0.0000	0.0000	0.0000	0.0000	0.0000	0.0000	0.0000	0.0000	0.0000	0.0000											
89	91	0.1999	3	0	1	0	0	0	0	0	0	N	N	N	N	N	N	N	N	N	N	N	N	7.5005	0.0007	inf	0.0121	0.0081	inf	inf	inf	0.8156	0.0011	5.9477	0.0112	0.0078	0.0741	0.9337	0.0000	6.2399	0.1087	1.5107	0.0000	0.9182	0.9607	0.0000	0.0000	0.0000	0.0000	861.2328	0.0000	0.6135	-0.0547	4.0000	11.5137	4.0001	4.9035	1.0002	0.0012	0.9990	0.0017	0.0012	0.0006	0.9984	0.0000	0.9984	0.0814	0.0814	0.0000	0.0814	0.0814	0.0000	0.0000	0.0000	0.0000	1.2263	1.0583	0.1680	0.1569	0.1490	0.0080	1.0694	0.9094	0.1600	0.7486	0.2256	0.5230	0.0886	0.0847	0.0039	0.6599	0.1409	0.5191	7.5005	0.0030	inf	0.0121	0.0081	inf	inf	0.0000	inf	0.1087	0.3608	0.0000	0.9182	0.9607	0.0000	0.0000	0.0000	0.0000	
