arity	elapsed_sec	cutoff_stat	fg_enrichment_factor	mode	dSC_calibration	num_all	num_fg_beakless	num_fg_pink	num_fg_tube	num_fg_yellow	num_mf_beakless	num_mf_pink	num_mf_tube	num_mf_yellow	num_mg_beakless	num_mg_pink	num_mg_tube	num_mg_yellow	num_qualified_all	num_qualified_fg_beakless	num_qualified_fg_pink	num_qualified_fg_tube	num_qualified_fg_yellow	num_qualified_mf_beakless	num_qualified_mf_pink	num_qualified_mf_tube	num_qualified_mf_yellow	num_qualified_mg_beakless	num_qualified_mg_pink	num_qualified_mg_tube	num_qualified_mg_yellow	fg_enrichment_factor_beakless	fg_enrichment_factor_pink	fg_enrichment_factor_tube	fg_enrichment_factor_yellow	median_dist_bl_all	median_dist_bl_fg_beakless	median_dist_bl_fg_pink	median_dist_bl_fg_tube	median_dist_bl_fg_yellow	median_dist_bl_mf_beakless	median_dist_bl_mf_pink	median_dist_bl_mf_tube	median_dist_bl_mf_yellow	median_dist_bl_mg_beakless	median_dist_bl_mg_pink	median_dist_bl_mg_tube	median_dist_bl_mg_yellow	median_dist_node_num_all	median_dist_node_num_fg_beakless	median_dist_node_num_fg_pink	median_dist_node_num_fg_tube	median_dist_node_num_fg_yellow	median_dist_node_num_mf_beakless	median_dist_node_num_mf_pink	median_dist_node_num_mf_tube	median_dist_node_num_mf_yellow	median_dist_node_num_mg_beakless	median_dist_node_num_mg_pink	median_dist_node_num_mg_tube	median_dist_node_num_mg_yellow	median_omegaCany2any_all	median_omegaCany2any_fg_beakless	median_omegaCany2any_fg_pink	median_omegaCany2any_fg_tube	median_omegaCany2any_fg_yellow	median_omegaCany2any_mf_beakless	median_omegaCany2any_mf_pink	median_omegaCany2any_mf_tube	median_omegaCany2any_mf_yellow	median_omegaCany2any_mg_beakless	median_omegaCany2any_mg_pink	median_omegaCany2any_mg_tube	median_omegaCany2any_mg_yellow	median_omegaCany2any_nocalib_all	median_omegaCany2any_nocalib_fg_beakless	median_omegaCany2any_nocalib_fg_pink	median_omegaCany2any_nocalib_fg_tube	median_omegaCany2any_nocalib_fg_yellow	median_omegaCany2any_nocalib_mf_beakless	median_omegaCany2any_nocalib_mf_pink	median_omegaCany2any_nocalib_mf_tube	median_omegaCany2any_nocalib_mf_yellow	median_omegaCany2any_nocalib_mg_beakless	median_omegaCany2any_nocalib_mg_pink	median_omegaCany2any_nocalib_mg_tube	median_omegaCany2any_nocalib_mg_yellow	median_omegaCany2dif_all	median_omegaCany2dif_fg_beakless	median_omegaCany2dif_fg_pink	median_omegaCany2dif_fg_tube	median_omegaCany2dif_fg_yellow	median_omegaCany2dif_mf_beakless	median_omegaCany2dif_mf_pink	median_omegaCany2dif_mf_tube	median_omegaCany2dif_mf_yellow	median_omegaCany2dif_mg_beakless	median_omegaCany2dif_mg_pink	median_omegaCany2dif_mg_tube	median_omegaCany2dif_mg_yellow	median_omegaCany2dif_nocalib_all	median_omegaCany2dif_nocalib_fg_beakless	median_omegaCany2dif_nocalib_fg_pink	median_omegaCany2dif_nocalib_fg_tube	median_omegaCany2dif_nocalib_fg_yellow	median_omegaCany2dif_nocalib_mf_beakless	median_omegaCany2dif_nocalib_mf_pink	median_omegaCany2dif_nocalib_mf_tube	median_omegaCany2dif_nocalib_mf_yellow	median_omegaCany2dif_nocalib_mg_beakless	median_omegaCany2dif_nocalib_mg_pink	median_omegaCany2dif_nocalib_mg_tube	median_omegaCany2dif_nocalib_mg_yellow	median_omegaCany2spe_all	median_omegaCany2spe_fg_beakless	median_omegaCany2spe_fg_pink	median_omegaCany2spe_fg_tube	median_omegaCany2spe_fg_yellow	median_omegaCany2spe_mf_beakless	median_omegaCany2spe_mf_pink	median_omegaCany2spe_mf_tube	median_omegaCany2spe_mf_yellow	median_omegaCany2spe_mg_beakless	median_omegaCany2spe_mg_pink	median_omegaCany2spe_mg_tube	median_omegaCany2spe_mg_yellow	median_omegaCany2spe_nocalib_all	median_omegaCany2spe_nocalib_fg_beakless	median_omegaCany2spe_nocalib_fg_pink	median_omegaCany2spe_nocalib_fg_tube	median_omegaCany2spe_nocalib_fg_yellow	median_omegaCany2spe_nocalib_mf_beakless	median_omegaCany2spe_nocalib_mf_pink	median_omegaCany2spe_nocalib_mf_tube	median_omegaCany2spe_nocalib_mf_yellow	median_omegaCany2spe_nocalib_mg_beakless	median_omegaCany2spe_nocalib_mg_pink	median_omegaCany2spe_nocalib_mg_tube	median_omegaCany2spe_nocalib_mg_yellow	median_omegaCdif2any_all	median_omegaCdif2any_fg_beakless	median_omegaCdif2any_fg_pink	median_omegaCdif2any_fg_tube	median_omegaCdif2any_fg_yellow	median_omegaCdif2any_mf_beakless	median_omegaCdif2any_mf_pink	median_omegaCdif2any_mf_tube	median_omegaCdif2any_mf_yellow	median_omegaCdif2any_mg_beakless	median_omegaCdif2any_mg_pink	median_omegaCdif2any_mg_tube	median_omegaCdif2any_mg_yellow	median_omegaCdif2any_nocalib_all	median_omegaCdif2any_nocalib_fg_beakless	median_omegaCdif2any_nocalib_fg_pink	median_omegaCdif2any_nocalib_fg_tube	median_omegaCdif2any_nocalib_fg_yellow	median_omegaCdif2any_nocalib_mf_beakless	median_omegaCdif2any_nocalib_mf_pink	median_omegaCdif2any_nocalib_mf_tube	median_omegaCdif2any_nocalib_mf_yellow	median_omegaCdif2any_nocalib_mg_beakless	median_omegaCdif2any_nocalib_mg_pink	median_omegaCdif2any_nocalib_mg_tube	median_omegaCdif2any_nocalib_mg_yellow	median_omegaCdif2dif_all	median_omegaCdif2dif_fg_beakless	median_omegaCdif2dif_fg_pink	median_omegaCdif2dif_fg_tube	median_omegaCdif2dif_fg_yellow	median_omegaCdif2dif_mf_beakless	median_omegaCdif2dif_mf_pink	median_omegaCdif2dif_mf_tube	median_omegaCdif2dif_mf_yellow	median_omegaCdif2dif_mg_beakless	median_omegaCdif2dif_mg_pink	median_omegaCdif2dif_mg_tube	median_omegaCdif2dif_mg_yellow	median_omegaCdif2dif_nocalib_all	median_omegaCdif2dif_nocalib_fg_beakless	median_omegaCdif2dif_nocalib_fg_pink	median_omegaCdif2dif_nocalib_fg_tube	median_omegaCdif2dif_nocalib_fg_yellow	median_omegaCdif2dif_nocalib_mf_beakless	median_omegaCdif2dif_nocalib_mf_pink	median_omegaCdif2dif_nocalib_mf_tube	median_omegaCdif2dif_nocalib_mf_yellow	median_omegaCdif2dif_nocalib_mg_beakless	median_omegaCdif2dif_nocalib_mg_pink	median_omegaCdif2dif_nocalib_mg_tube	median_omegaCdif2dif_nocalib_mg_yellow	median_omegaCdif2spe_all	median_omegaCdif2spe_fg_beakless	median_omegaCdif2spe_fg_pink	median_omegaCdif2spe_fg_tube	median_omegaCdif2spe_fg_yellow	median_omegaCdif2spe_mf_beakless	median_omegaCdif2spe_mf_pink	median_omegaCdif2spe_mf_tube	median_omegaCdif2spe_mf_yellow	median_omegaCdif2spe_mg_beakless	median_omegaCdif2spe_mg_pink	median_omegaCdif2spe_mg_tube	median_omegaCdif2spe_mg_yellow	median_omegaCdif2spe_nocalib_all	median_omegaCdif2spe_nocalib_fg_beakless	median_omegaCdif2spe_nocalib_fg_pink	median_omegaCdif2spe_nocalib_fg_tube	median_omegaCdif2spe_nocalib_fg_yellow	median_omegaCdif2spe_nocalib_mf_beakless	median_omegaCdif2spe_nocalib_mf_pink	median_omegaCdif2spe_nocalib_mf_tube	median_omegaCdif2spe_nocalib_mf_yellow	median_omegaCdif2spe_nocalib_mg_beakless	median_omegaCdif2spe_nocalib_mg_pink	median_omegaCdif2spe_nocalib_mg_tube	median_omegaCdif2spe_nocalib_mg_yellow	median_omegaCspe2any_all	median_omegaCspe2any_fg_beakless	median_omegaCspe2any_fg_pink	median_omegaCspe2any_fg_tube	median_omegaCspe2any_fg_yellow	median_omegaCspe2any_mf_beakless	median_omegaCspe2any_mf_pink	median_omegaCspe2any_mf_tube	median_omegaCspe2any_mf_yellow	median_omegaCspe2any_mg_beakless	median_omegaCspe2any_mg_pink	median_omegaCspe2any_mg_tube	median_omegaCspe2any_mg_yellow	median_omegaCspe2any_nocalib_all	median_omegaCspe2any_nocalib_fg_beakless	median_omegaCspe2any_nocalib_fg_pink	median_omegaCspe2any_nocalib_fg_tube	median_omegaCspe2any_nocalib_fg_yellow	median_omegaCspe2any_nocalib_mf_beakless	median_omegaCspe2any_nocalib_mf_pink	median_omegaCspe2any_nocalib_mf_tube	median_omegaCspe2any_nocalib_mf_yellow	median_omegaCspe2any_nocalib_mg_beakless	median_omegaCspe2any_nocalib_mg_pink	median_omegaCspe2any_nocalib_mg_tube	median_omegaCspe2any_nocalib_mg_yellow	median_omegaCspe2dif_all	median_omegaCspe2dif_fg_beakless	median_omegaCspe2dif_fg_pink	median_omegaCspe2dif_fg_tube	median_omegaCspe2dif_fg_yellow	median_omegaCspe2dif_mf_beakless	median_omegaCspe2dif_mf_pink	median_omegaCspe2dif_mf_tube	median_omegaCspe2dif_mf_yellow	median_omegaCspe2dif_mg_beakless	median_omegaCspe2dif_mg_pink	median_omegaCspe2dif_mg_tube	median_omegaCspe2dif_mg_yellow	median_omegaCspe2dif_nocalib_all	median_omegaCspe2dif_nocalib_fg_beakless	median_omegaCspe2dif_nocalib_fg_pink	median_omegaCspe2dif_nocalib_fg_tube	median_omegaCspe2dif_nocalib_fg_yellow	median_omegaCspe2dif_nocalib_mf_beakless	median_omegaCspe2dif_nocalib_mf_pink	median_omegaCspe2dif_nocalib_mf_tube	median_omegaCspe2dif_nocalib_mf_yellow	median_omegaCspe2dif_nocalib_mg_beakless	median_omegaCspe2dif_nocalib_mg_pink	median_omegaCspe2dif_nocalib_mg_tube	median_omegaCspe2dif_nocalib_mg_yellow	median_omegaCspe2spe_all	median_omegaCspe2spe_fg_beakless	median_omegaCspe2spe_fg_pink	median_omegaCspe2spe_fg_tube	median_omegaCspe2spe_fg_yellow	median_omegaCspe2spe_mf_beakless	median_omegaCspe2spe_mf_pink	median_omegaCspe2spe_mf_tube	median_omegaCspe2spe_mf_yellow	median_omegaCspe2spe_mg_beakless	median_omegaCspe2spe_mg_pink	median_omegaCspe2spe_mg_tube	median_omegaCspe2spe_mg_yellow	median_omegaCspe2spe_nocalib_all	median_omegaCspe2spe_nocalib_fg_beakless	median_omegaCspe2spe_nocalib_fg_pink	median_omegaCspe2spe_nocalib_fg_tube	median_omegaCspe2spe_nocalib_fg_yellow	median_omegaCspe2spe_nocalib_mf_beakless	median_omegaCspe2spe_nocalib_mf_pink	median_omegaCspe2spe_nocalib_mf_tube	median_omegaCspe2spe_nocalib_mf_yellow	median_omegaCspe2spe_nocalib_mg_beakless	median_omegaCspe2spe_nocalib_mg_pink	median_omegaCspe2spe_nocalib_mg_tube	median_omegaCspe2spe_nocalib_mg_yellow	total_ECNany2any_all	total_ECNany2any_fg_beakless	total_ECNany2any_fg_pink	total_ECNany2any_fg_tube	total_ECNany2any_fg_yellow	total_ECNany2any_mf_beakless	total_ECNany2any_mf_pink	total_ECNany2any_mf_tube	total_ECNany2any_mf_yellow	total_ECNany2any_mg_beakless	total_ECNany2any_mg_pink	total_ECNany2any_mg_tube	total_ECNany2any_mg_yellow	total_ECNany2dif_all	total_ECNany2dif_fg_beakless	total_ECNany2dif_fg_pink	total_ECNany2dif_fg_tube	total_ECNany2dif_fg_yellow	total_ECNany2dif_mf_beakless	total_ECNany2dif_mf_pink	total_ECNany2dif_mf_tube	total_ECNany2dif_mf_yellow	total_ECNany2dif_mg_beakless	total_ECNany2dif_mg_pink	total_ECNany2dif_mg_tube	total_ECNany2dif_mg_yellow	total_ECNany2spe_all	total_ECNany2spe_fg_beakless	total_ECNany2spe_fg_pink	total_ECNany2spe_fg_tube	total_ECNany2spe_fg_yellow	total_ECNany2spe_mf_beakless	total_ECNany2spe_mf_pink	total_ECNany2spe_mf_tube	total_ECNany2spe_mf_yellow	total_ECNany2spe_mg_beakless	total_ECNany2spe_mg_pink	total_ECNany2spe_mg_tube	total_ECNany2spe_mg_yellow	total_ECNdif2any_all	total_ECNdif2any_fg_beakless	total_ECNdif2any_fg_pink	total_ECNdif2any_fg_tube	total_ECNdif2any_fg_yellow	total_ECNdif2any_mf_beakless	total_ECNdif2any_mf_pink	total_ECNdif2any_mf_tube	total_ECNdif2any_mf_yellow	total_ECNdif2any_mg_beakless	total_ECNdif2any_mg_pink	total_ECNdif2any_mg_tube	total_ECNdif2any_mg_yellow	total_ECNdif2dif_all	total_ECNdif2dif_fg_beakless	total_ECNdif2dif_fg_pink	total_ECNdif2dif_fg_tube	total_ECNdif2dif_fg_yellow	total_ECNdif2dif_mf_beakless	total_ECNdif2dif_mf_pink	total_ECNdif2dif_mf_tube	total_ECNdif2dif_mf_yellow	total_ECNdif2dif_mg_beakless	total_ECNdif2dif_mg_pink	total_ECNdif2dif_mg_tube	total_ECNdif2dif_mg_yellow	total_ECNdif2spe_all	total_ECNdif2spe_fg_beakless	total_ECNdif2spe_fg_pink	total_ECNdif2spe_fg_tube	total_ECNdif2spe_fg_yellow	total_ECNdif2spe_mf_beakless	total_ECNdif2spe_mf_pink	total_ECNdif2spe_mf_tube	total_ECNdif2spe_mf_yellow	total_ECNdif2spe_mg_beakless	total_ECNdif2spe_mg_pink	total_ECNdif2spe_mg_tube	total_ECNdif2spe_mg_yellow	total_ECNspe2any_all	total_ECNspe2any_fg_beakless	total_ECNspe2any_fg_pink	total_ECNspe2any_fg_tube	total_ECNspe2any_fg_yellow	total_ECNspe2any_mf_beakless	total_ECNspe2any_mf_pink	total_ECNspe2any_mf_tube	total_ECNspe2any_mf_yellow	total_ECNspe2any_mg_beakless	total_ECNspe2any_mg_pink	total_ECNspe2any_mg_tube	total_ECNspe2any_mg_yellow	total_ECNspe2dif_all	total_ECNspe2dif_fg_beakless	total_ECNspe2dif_fg_pink	total_ECNspe2dif_fg_tube	total_ECNspe2dif_fg_yellow	total_ECNspe2dif_mf_beakless	total_ECNspe2dif_mf_pink	total_ECNspe2dif_mf_tube	total_ECNspe2dif_mf_yellow	total_ECNspe2dif_mg_beakless	total_ECNspe2dif_mg_pink	total_ECNspe2dif_mg_tube	total_ECNspe2dif_mg_yellow	total_ECNspe2spe_all	total_ECNspe2spe_fg_beakless	total_ECNspe2spe_fg_pink	total_ECNspe2spe_fg_tube	total_ECNspe2spe_fg_yellow	total_ECNspe2spe_mf_beakless	total_ECNspe2spe_mf_pink	total_ECNspe2spe_mf_tube	total_ECNspe2spe_mf_yellow	total_ECNspe2spe_mg_beakless	total_ECNspe2spe_mg_pink	total_ECNspe2spe_mg_tube	total_ECNspe2spe_mg_yellow	total_ECSany2any_all	total_ECSany2any_fg_beakless	total_ECSany2any_fg_pink	total_ECSany2any_fg_tube	total_ECSany2any_fg_yellow	total_ECSany2any_mf_beakless	total_ECSany2any_mf_pink	total_ECSany2any_mf_tube	total_ECSany2any_mf_yellow	total_ECSany2any_mg_beakless	total_ECSany2any_mg_pink	total_ECSany2any_mg_tube	total_ECSany2any_mg_yellow	total_ECSany2dif_all	total_ECSany2dif_fg_beakless	total_ECSany2dif_fg_pink	total_ECSany2dif_fg_tube	total_ECSany2dif_fg_yellow	total_ECSany2dif_mf_beakless	total_ECSany2dif_mf_pink	total_ECSany2dif_mf_tube	total_ECSany2dif_mf_yellow	total_ECSany2dif_mg_beakless	total_ECSany2dif_mg_pink	total_ECSany2dif_mg_tube	total_ECSany2dif_mg_yellow	total_ECSany2spe_all	total_ECSany2spe_fg_beakless	total_ECSany2spe_fg_pink	total_ECSany2spe_fg_tube	total_ECSany2spe_fg_yellow	total_ECSany2spe_mf_beakless	total_ECSany2spe_mf_pink	total_ECSany2spe_mf_tube	total_ECSany2spe_mf_yellow	total_ECSany2spe_mg_beakless	total_ECSany2spe_mg_pink	total_ECSany2spe_mg_tube	total_ECSany2spe_mg_yellow	total_ECSdif2any_all	total_ECSdif2any_fg_beakless	total_ECSdif2any_fg_pink	total_ECSdif2any_fg_tube	total_ECSdif2any_fg_yellow	total_ECSdif2any_mf_beakless	total_ECSdif2any_mf_pink	total_ECSdif2any_mf_tube	total_ECSdif2any_mf_yellow	total_ECSdif2any_mg_beakless	total_ECSdif2any_mg_pink	total_ECSdif2any_mg_tube	total_ECSdif2any_mg_yellow	total_ECSdif2dif_all	total_ECSdif2dif_fg_beakless	total_ECSdif2dif_fg_pink	total_ECSdif2dif_fg_tube	total_ECSdif2dif_fg_yellow	total_ECSdif2dif_mf_beakless	total_ECSdif2dif_mf_pink	total_ECSdif2dif_mf_tube	total_ECSdif2dif_mf_yellow	total_ECSdif2dif_mg_beakless	total_ECSdif2dif_mg_pink	total_ECSdif2dif_mg_tube	total_ECSdif2dif_mg_yellow	total_ECSdif2spe_all	total_ECSdif2spe_fg_beakless	total_ECSdif2spe_fg_pink	total_ECSdif2spe_fg_tube	total_ECSdif2spe_fg_yellow	total_ECSdif2spe_mf_beakless	total_ECSdif2spe_mf_pink	total_ECSdif2spe_mf_tube	total_ECSdif2spe_mf_yellow	total_ECSdif2spe_mg_beakless	total_ECSdif2spe_mg_pink	total_ECSdif2spe_mg_tube	total_ECSdif2spe_mg_yellow	total_ECSspe2any_all	total_ECSspe2any_fg_beakless	total_ECSspe2any_fg_pink	total_ECSspe2any_fg_tube	total_ECSspe2any_fg_yellow	total_ECSspe2any_mf_beakless	total_ECSspe2any_mf_pink	total_ECSspe2any_mf_tube	total_ECSspe2any_mf_yellow	total_ECSspe2any_mg_beakless	total_ECSspe2any_mg_pink	total_ECSspe2any_mg_tube	total_ECSspe2any_mg_yellow	total_ECSspe2dif_all	total_ECSspe2dif_fg_beakless	total_ECSspe2dif_fg_pink	total_ECSspe2dif_fg_tube	total_ECSspe2dif_fg_yellow	total_ECSspe2dif_mf_beakless	total_ECSspe2dif_mf_pink	total_ECSspe2dif_mf_tube	total_ECSspe2dif_mf_yellow	total_ECSspe2dif_mg_beakless	total_ECSspe2dif_mg_pink	total_ECSspe2dif_mg_tube	total_ECSspe2dif_mg_yellow	total_ECSspe2spe_all	total_ECSspe2spe_fg_beakless	total_ECSspe2spe_fg_pink	total_ECSspe2spe_fg_tube	total_ECSspe2spe_fg_yellow	total_ECSspe2spe_mf_beakless	total_ECSspe2spe_mf_pink	total_ECSspe2spe_mf_tube	total_ECSspe2spe_mf_yellow	total_ECSspe2spe_mg_beakless	total_ECSspe2spe_mg_pink	total_ECSspe2spe_mg_tube	total_ECSspe2spe_mg_yellow	total_OCNany2any_all	total_OCNany2any_fg_beakless	total_OCNany2any_fg_pink	total_OCNany2any_fg_tube	total_OCNany2any_fg_yellow	total_OCNany2any_mf_beakless	total_OCNany2any_mf_pink	total_OCNany2any_mf_tube	total_OCNany2any_mf_yellow	total_OCNany2any_mg_beakless	total_OCNany2any_mg_pink	total_OCNany2any_mg_tube	total_OCNany2any_mg_yellow	total_OCNany2dif_all	total_OCNany2dif_fg_beakless	total_OCNany2dif_fg_pink	total_OCNany2dif_fg_tube	total_OCNany2dif_fg_yellow	total_OCNany2dif_mf_beakless	total_OCNany2dif_mf_pink	total_OCNany2dif_mf_tube	total_OCNany2dif_mf_yellow	total_OCNany2dif_mg_beakless	total_OCNany2dif_mg_pink	total_OCNany2dif_mg_tube	total_OCNany2dif_mg_yellow	total_OCNany2spe_all	total_OCNany2spe_fg_beakless	total_OCNany2spe_fg_pink	total_OCNany2spe_fg_tube	total_OCNany2spe_fg_yellow	total_OCNany2spe_mf_beakless	total_OCNany2spe_mf_pink	total_OCNany2spe_mf_tube	total_OCNany2spe_mf_yellow	total_OCNany2spe_mg_beakless	total_OCNany2spe_mg_pink	total_OCNany2spe_mg_tube	total_OCNany2spe_mg_yellow	total_OCNdif2any_all	total_OCNdif2any_fg_beakless	total_OCNdif2any_fg_pink	total_OCNdif2any_fg_tube	total_OCNdif2any_fg_yellow	total_OCNdif2any_mf_beakless	total_OCNdif2any_mf_pink	total_OCNdif2any_mf_tube	total_OCNdif2any_mf_yellow	total_OCNdif2any_mg_beakless	total_OCNdif2any_mg_pink	total_OCNdif2any_mg_tube	total_OCNdif2any_mg_yellow	total_OCNdif2dif_all	total_OCNdif2dif_fg_beakless	total_OCNdif2dif_fg_pink	total_OCNdif2dif_fg_tube	total_OCNdif2dif_fg_yellow	total_OCNdif2dif_mf_beakless	total_OCNdif2dif_mf_pink	total_OCNdif2dif_mf_tube	total_OCNdif2dif_mf_yellow	total_OCNdif2dif_mg_beakless	total_OCNdif2dif_mg_pink	total_OCNdif2dif_mg_tube	total_OCNdif2dif_mg_yellow	total_OCNdif2spe_all	total_OCNdif2spe_fg_beakless	total_OCNdif2spe_fg_pink	total_OCNdif2spe_fg_tube	total_OCNdif2spe_fg_yellow	total_OCNdif2spe_mf_beakless	total_OCNdif2spe_mf_pink	total_OCNdif2spe_mf_tube	total_OCNdif2spe_mf_yellow	total_OCNdif2spe_mg_beakless	total_OCNdif2spe_mg_pink	total_OCNdif2spe_mg_tube	total_OCNdif2spe_mg_yellow	total_OCNspe2any_all	total_OCNspe2any_fg_beakless	total_OCNspe2any_fg_pink	total_OCNspe2any_fg_tube	total_OCNspe2any_fg_yellow	total_OCNspe2any_mf_beakless	total_OCNspe2any_mf_pink	total_OCNspe2any_mf_tube	total_OCNspe2any_mf_yellow	total_OCNspe2any_mg_beakless	total_OCNspe2any_mg_pink	total_OCNspe2any_mg_tube	total_OCNspe2any_mg_yellow	total_OCNspe2dif_all	total_OCNspe2dif_fg_beakless	total_OCNspe2dif_fg_pink	total_OCNspe2dif_fg_tube	total_OCNspe2dif_fg_yellow	total_OCNspe2dif_mf_beakless	total_OCNspe2dif_mf_pink	total_OCNspe2dif_mf_tube	total_OCNspe2dif_mf_yellow	total_OCNspe2dif_mg_beakless	total_OCNspe2dif_mg_pink	total_OCNspe2dif_mg_tube	total_OCNspe2dif_mg_yellow	total_OCNspe2spe_all	total_OCNspe2spe_fg_beakless	total_OCNspe2spe_fg_pink	total_OCNspe2spe_fg_tube	total_OCNspe2spe_fg_yellow	total_OCNspe2spe_mf_beakless	total_OCNspe2spe_mf_pink	total_OCNspe2spe_mf_tube	total_OCNspe2spe_mf_yellow	total_OCNspe2spe_mg_beakless	total_OCNspe2spe_mg_pink	total_OCNspe2spe_mg_tube	total_OCNspe2spe_mg_yellow	total_OCSany2any_all	total_OCSany2any_fg_beakless	total_OCSany2any_fg_pink	total_OCSany2any_fg_tube	total_OCSany2any_fg_yellow	total_OCSany2any_mf_beakless	total_OCSany2any_mf_pink	total_OCSany2any_mf_tube	total_OCSany2any_mf_yellow	total_OCSany2any_mg_beakless	total_OCSany2any_mg_pink	total_OCSany2any_mg_tube	total_OCSany2any_mg_yellow	total_OCSany2dif_all	total_OCSany2dif_fg_beakless	total_OCSany2dif_fg_pink	total_OCSany2dif_fg_tube	total_OCSany2dif_fg_yellow	total_OCSany2dif_mf_beakless	total_OCSany2dif_mf_pink	total_OCSany2dif_mf_tube	total_OCSany2dif_mf_yellow	total_OCSany2dif_mg_beakless	total_OCSany2dif_mg_pink	total_OCSany2dif_mg_tube	total_OCSany2dif_mg_yellow	total_OCSany2spe_all	total_OCSany2spe_fg_beakless	total_OCSany2spe_fg_pink	total_OCSany2spe_fg_tube	total_OCSany2spe_fg_yellow	total_OCSany2spe_mf_beakless	total_OCSany2spe_mf_pink	total_OCSany2spe_mf_tube	total_OCSany2spe_mf_yellow	total_OCSany2spe_mg_beakless	total_OCSany2spe_mg_pink	total_OCSany2spe_mg_tube	total_OCSany2spe_mg_yellow	total_OCSdif2any_all	total_OCSdif2any_fg_beakless	total_OCSdif2any_fg_pink	total_OCSdif2any_fg_tube	total_OCSdif2any_fg_yellow	total_OCSdif2any_mf_beakless	total_OCSdif2any_mf_pink	total_OCSdif2any_mf_tube	total_OCSdif2any_mf_yellow	total_OCSdif2any_mg_beakless	total_OCSdif2any_mg_pink	total_OCSdif2any_mg_tube	total_OCSdif2any_mg_yellow	total_OCSdif2dif_all	total_OCSdif2dif_fg_beakless	total_OCSdif2dif_fg_pink	total_OCSdif2dif_fg_tube	total_OCSdif2dif_fg_yellow	total_OCSdif2dif_mf_beakless	total_OCSdif2dif_mf_pink	total_OCSdif2dif_mf_tube	total_OCSdif2dif_mf_yellow	total_OCSdif2dif_mg_beakless	total_OCSdif2dif_mg_pink	total_OCSdif2dif_mg_tube	total_OCSdif2dif_mg_yellow	total_OCSdif2spe_all	total_OCSdif2spe_fg_beakless	total_OCSdif2spe_fg_pink	total_OCSdif2spe_fg_tube	total_OCSdif2spe_fg_yellow	total_OCSdif2spe_mf_beakless	total_OCSdif2spe_mf_pink	total_OCSdif2spe_mf_tube	total_OCSdif2spe_mf_yellow	total_OCSdif2spe_mg_beakless	total_OCSdif2spe_mg_pink	total_OCSdif2spe_mg_tube	total_OCSdif2spe_mg_yellow	total_OCSspe2any_all	total_OCSspe2any_fg_beakless	total_OCSspe2any_fg_pink	total_OCSspe2any_fg_tube	total_OCSspe2any_fg_yellow	total_OCSspe2any_mf_beakless	total_OCSspe2any_mf_pink	total_OCSspe2any_mf_tube	total_OCSspe2any_mf_yellow	total_OCSspe2any_mg_beakless	total_OCSspe2any_mg_pink	total_OCSspe2any_mg_tube	total_OCSspe2any_mg_yellow	total_OCSspe2dif_all	total_OCSspe2dif_fg_beakless	total_OCSspe2dif_fg_pink	total_OCSspe2dif_fg_tube	total_OCSspe2dif_fg_yellow	total_OCSspe2dif_mf_beakless	total_OCSspe2dif_mf_pink	total_OCSspe2dif_mf_tube	total_OCSspe2dif_mf_yellow	total_OCSspe2dif_mg_beakless	total_OCSspe2dif_mg_pink	total_OCSspe2dif_mg_tube	total_OCSspe2dif_mg_yellow	total_OCSspe2spe_all	total_OCSspe2spe_fg_beakless	total_OCSspe2spe_fg_pink	total_OCSspe2spe_fg_tube	total_OCSspe2spe_fg_yellow	total_OCSspe2spe_mf_beakless	total_OCSspe2spe_mf_pink	total_OCSspe2spe_mf_tube	total_OCSspe2spe_mf_yellow	total_OCSspe2spe_mg_beakless	total_OCSspe2spe_mg_pink	total_OCSspe2spe_mg_tube	total_OCSspe2spe_mg_yellow
2	197	OCNany2spe,2.0|omegaCany2spe,5.0	exhaustive	Y	5846.0000	2275.0000	2.0000	6.0000	423.0000	3.0000	0.0000	0.0000	0.0000	0.0000	0.0000	0.0000	0.0000	0.0000	0.0000	0.0000	0.0000	0.0000	0.0000	0.0000	0.0000	0.0000	0.0000	0.0000	0.0000	0.0000	0.0000	0.0000	0.0000	0.0000	0.0000	0.1487	0.0298	0.1401	0.1186	0.1373	10.0000	7.0000	6.0000	8.0000	0.0012	0.0053	0.0000	0.0000	0.0005	0.0000	0.0004	0.0000	0.0000	0.0001	0.0004	0.0000	0.0000	0.0000	0.0000	0.0000	0.0000	0.0453	0.0000	0.0000	0.0000	0.0000	0.0000	0.0000	0.0000	0.0000	0.0000	0.0047	0.0000	0.0000	0.0653	0.0000	0.0000	0.0000	0.0000	0.0000	0.0000	0.0000	0.0000	0.0000	0.0000	0.0000	0.0000	0.0000	0.0000	0.0000	0.0000	0.0000	0.0000	0.0000	0.0000	0.0000	0.0000	0.0000	0.0000	0.0000	0.0000	0.0000	0.0000	0.0000	0.0000	0.0000	0.0000	0.0000	0.0000	0.0000	0.0000	0.0000	0.0000	0.0000	0.0000	0.0000	0.0000	0.0000	0.0000	0.0000	0.0000	0.0000	0.2698	168.1982	0.0244	1.7239	28.8005	0.3136	0.0000	0.0000	0.0000	0.0000	0.0000	0.0000	0.0000	0.0000	144.5867	0.0210	1.3393	24.7266	0.1919	0.0000	0.0000	0.0000	0.0000	0.0000	0.0000	0.0000	0.0000	23.6115	0.0035	0.3846	4.0739	0.1217	0.0000	0.0000	0.0000	0.0000	0.0000	0.0000	0.0000	0.0000	29.8730	0.0027	0.3844	4.1845	0.1402	0.0000	0.0000	0.0000	0.0000	0.0000	0.0000	0.0000	0.0000	28.4266	0.0026	0.3798	3.9914	0.1383	0.0000	0.0000	0.0000	0.0000	0.0000	0.0000	0.0000	0.0000	1.4464	0.0001	0.0046	0.1931	0.0019	0.0000	0.0000	0.0000	0.0000	0.0000	0.0000	0.0000	0.0000	138.3252	0.0218	1.3395	24.6161	0.1733	0.0000	0.0000	0.0000	0.0000	0.0000	0.0000	0.0000	0.0000	116.1601	0.0184	0.9595	20.7352	0.0536	0.0000	0.0000	0.0000	0.0000	0.0000	0.0000	0.0000	0.0000	22.1651	0.0034	0.3800	3.8808	0.1198	0.0000	0.0000	0.0000	0.0000	0.0000	0.0000	0.0000	0.0000	403.5037	0.2380	5.9243	70.1506	0.6139	0.0000	0.0000	0.0000	0.0000	0.0000	0.0000	0.0000	0.0000	224.2724	0.1528	3.1813	38.0534	0.3631	0.0000	0.0000	0.0000	0.0000	0.0000	0.0000	0.0000	0.0000	179.2313	0.0852	2.7430	32.0972	0.2508	0.0000	0.0000	0.0000	0.0000	0.0000	0.0000	0.0000	0.0000	106.9236	0.0909	1.7321	17.4196	0.2217	0.0000	0.0000	0.0000	0.0000	0.0000	0.0000	0.0000	0.0000	96.3567	0.0828	1.6848	15.9135	0.2087	0.0000	0.0000	0.0000	0.0000	0.0000	0.0000	0.0000	0.0000	10.5669	0.0081	0.0472	1.5061	0.0130	0.0000	0.0000	0.0000	0.0000	0.0000	0.0000	0.0000	0.0000	296.5801	0.1471	4.1923	52.7311	0.3923	0.0000	0.0000	0.0000	0.0000	0.0000	0.0000	0.0000	0.0000	127.9157	0.0700	1.4965	22.1399	0.1544	0.0000	0.0000	0.0000	0.0000	0.0000	0.0000	0.0000	0.0000	168.6644	0.0771	2.6958	30.5911	0.2378	0.0000	0.0000	0.0000	0.0000	0.0000	0.0000	0.0000	0.0000	222.2006	0.0000	1.3703	35.2074	1.1371	0.0000	0.0000	0.0000	0.0000	0.0000	0.0000	0.0000	0.0000	153.5212	0.0000	1.2410	29.2851	0.0011	0.0000	0.0000	0.0000	0.0000	0.0000	0.0000	0.0000	0.0000	68.6794	0.0000	0.1293	5.9222	1.1360	0.0000	0.0000	0.0000	0.0000	0.0000	0.0000	0.0000	0.0000	68.1931	0.0000	0.2406	10.3275	0.0010	0.0000	0.0000	0.0000	0.0000	0.0000	0.0000	0.0000	0.0000	65.3444	0.0000	0.2406	9.8975	0.0010	0.0000	0.0000	0.0000	0.0000	0.0000	0.0000	0.0000	0.0000	2.8487	0.0000	0.0000	0.4300	0.0000	0.0000	0.0000	0.0000	0.0000	0.0000	0.0000	0.0000	0.0000	154.0075	0.0000	1.1297	24.8799	1.1361	0.0000	0.0000	0.0000	0.0000	0.0000	0.0000	0.0000	0.0000	88.1768	0.0000	1.0004	19.3876	0.0002	0.0000	0.0000	0.0000	0.0000	0.0000	0.0000	0.0000	0.0000	65.8307	0.0000	0.1293	5.4922	1.1359	0.0000	0.0000	0.0000	0.0000	0.0000	0.0000	0.0000	0.0000	741.6664	0.0148	8.3735	129.8352	1.5411	0.0000	0.0000	0.0000	0.0000	0.0000	0.0000	0.0000	0.0000	358.8130	0.0144	3.2155	53.0891	0.0357	0.0000	0.0000	0.0000	0.0000	0.0000	0.0000	0.0000	0.0000	382.8534	0.0004	5.1580	76.7461	1.5054	0.0000	0.0000	0.0000	0.0000	0.0000	0.0000	0.0000	0.0000	119.4143	0.0144	1.2128	21.4755	0.0430	0.0000	0.0000	0.0000	0.0000	0.0000	0.0000	0.0000	0.0000	113.7514	0.0144	1.2102	21.3554	0.0350	0.0000	0.0000	0.0000	0.0000	0.0000	0.0000	0.0000	0.0000	5.6629	0.0000	0.0026	0.1201	0.0081	0.0000	0.0000	0.0000	0.0000	0.0000	0.0000	0.0000	0.0000	622.2521	0.0003	7.1608	108.3596	1.4981	0.0000	0.0000	0.0000	0.0000	0.0000	0.0000	0.0000	0.0000	245.0616	0.0000	2.0053	31.7337	0.0008	0.0000	0.0000	0.0000	0.0000	0.0000	0.0000	0.0000	0.0000	377.1905	0.0003	5.1555	76.6260	1.4974	0.0000	0.0000	0.0000	0.0000	0.0000	0.0000	0.0000	0.0000																																																																																																																																																																												
