205
63
71
105
200
228
61
70
171
86
10
93
41
231
48
170
214
235
89
139
27
136
234
72
287
101
120
66
305
135
52
0
233
96
249
90
92
166
79
100
104
227
28
187
34
77
65
73
199
82
189
75
78
236
174
304
252
91
229
64
246
60
248
217
119
134
165
242
13
186
176
62
230
74
32
173
154
262
303
20
251
259
198
80
69
245
218
9
247
137
133
85
49
164
175
152
68
125
53
195
128
153
43
302
88
258
45
232
289
169
197
40
8
244
44
151
121
124
291
263
14
122
127
172
150
67
33
240
286
288
51
168
84
138
254
290
188
12
76
42
149
250
285
132
167
50
19
253
261
192
296
260
47
130
123
264
295
87
256
46
255
